[name]
unknown

[dist]
# distance from previous block
# <min> <max>
8	83

[block]
# block no. 0 follows, 49 sequences, length 33
# corresponding to MSA columns:
# 431-463
name=unknown_A
#
# <colnr> <probs for GDERKNQSTAVLIFYWHMCP>
#	G	D	E	R	K	N	Q	S	T	A	V	L	I	F	Y	W	H	M	C	P
0	0.01223	0.06219	0.42642	0.01213	0.01749	0.03005	0.01357	0.10425	0.03412	0.07254	0.03661	0.02810	0.00966	0.00753	0.05308	0.00193	0.02516	0.00438	0.00310	0.04547
1	0.06853	0.37997	0.06318	0.01099	0.04964	0.06330	0.03109	0.13780	0.04648	0.04814	0.00942	0.01028	0.00754	0.00487	0.00403	0.00129	0.00560	0.00351	0.00308	0.05127
2	0.01135	0.00772	0.01016	0.00991	0.07568	0.00741	0.03189	0.03378	0.07028	0.15519	0.06752	0.03030	0.22970	0.09147	0.01870	0.00207	0.02915	0.05879	0.00444	0.05449
3	0.07672	0.05576	0.01318	0.03090	0.01397	0.05258	0.07150	0.04382	0.21453	0.11143	0.01543	0.01657	0.03500	0.00590	0.00468	0.00144	0.00475	0.02941	0.03773	0.16471
4	0.01043	0.01521	0.25870	0.06031	0.10232	0.01065	0.21052	0.01485	0.05054	0.01553	0.01216	0.06773	0.01060	0.05639	0.02464	0.00199	0.00682	0.02263	0.00278	0.04520
5	0.07181	0.00898	0.07613	0.01130	0.09410	0.00841	0.00861	0.04195	0.01017	0.03921	0.05357	0.04403	0.01384	0.02105	0.36483	0.00458	0.04565	0.04510	0.00317	0.03350
6	0.01194	0.08551	0.05921	0.00835	0.01255	0.04021	0.00724	0.03787	0.03534	0.06696	0.03361	0.01313	0.03175	0.00477	0.00409	0.00103	0.00432	0.00374	0.03122	0.50715
7	0.01214	0.04913	0.05644	0.09493	0.09695	0.14829	0.03152	0.04470	0.03417	0.06499	0.06135	0.08304	0.10606	0.00808	0.00537	0.00165	0.00559	0.08587	0.00370	0.00605
8	0.01028	0.16660	0.03596	0.07139	0.01291	0.01144	0.00848	0.01198	0.00904	0.04774	0.02823	0.01643	0.01081	0.09551	0.25742	0.00399	0.18893	0.00481	0.00270	0.00535
9	0.39304	0.15345	0.21529	0.01078	0.01547	0.01310	0.10368	0.01537	0.00983	0.01834	0.00795	0.00949	0.00616	0.00461	0.00393	0.00151	0.00565	0.00338	0.00264	0.00633
10	0.00872	0.00442	0.00654	0.00654	0.00654	0.00442	0.00433	0.00662	0.00662	0.00883	0.00911	0.01618	0.00922	0.05424	0.02004	0.81424	0.00442	0.00453	0.00224	0.00224
11	0.01082	0.01066	0.01259	0.01412	0.18742	0.14308	0.05078	0.01376	0.05279	0.01726	0.32901	0.07434	0.04633	0.00804	0.00550	0.00157	0.00482	0.00711	0.00410	0.00592
12	0.01262	0.61155	0.23237	0.01019	0.01536	0.01780	0.01134	0.01538	0.01038	0.01300	0.00758	0.00880	0.00647	0.00445	0.00366	0.00122	0.00596	0.00298	0.00216	0.00675
13	0.00632	0.00514	0.00560	0.00549	0.00704	0.00442	0.00412	0.00793	0.01235	0.01561	0.26793	0.04546	0.57077	0.01208	0.00597	0.00167	0.00251	0.01022	0.00495	0.00442
14	0.01286	0.01100	0.01159	0.01035	0.01326	0.01271	0.00807	0.05891	0.74910	0.02161	0.02022	0.01858	0.01514	0.00683	0.00514	0.00171	0.00407	0.00567	0.00514	0.00803
15	0.01515	0.05755	0.02827	0.05997	0.20206	0.07585	0.09483	0.11843	0.14911	0.12806	0.01305	0.01388	0.00970	0.00543	0.00502	0.00154	0.00591	0.00476	0.00381	0.00765
16	0.01121	0.20986	0.50518	0.01340	0.01970	0.01363	0.08504	0.02982	0.01100	0.01545	0.02246	0.01085	0.00733	0.00475	0.00456	0.00147	0.00690	0.00380	0.00231	0.02127
17	0.00735	0.00490	0.00552	0.00552	0.00552	0.00490	0.00306	0.00735	0.00735	0.00980	0.01593	0.03309	0.01838	0.82229	0.02574	0.00490	0.00490	0.00735	0.00306	0.00306
18	0.00839	0.00660	0.00861	0.00890	0.05408	0.00749	0.00581	0.00899	0.00802	0.01113	0.01473	0.06218	0.01652	0.51752	0.03644	0.00397	0.16677	0.04682	0.00301	0.00401
19	0.07499	0.42070	0.11646	0.01021	0.01444	0.08261	0.00994	0.11665	0.01240	0.04944	0.00856	0.00958	0.00695	0.00501	0.00448	0.00133	0.04329	0.00331	0.00283	0.00681
20	0.01692	0.00772	0.00933	0.00759	0.01042	0.00734	0.00613	0.11092	0.01405	0.38872	0.01760	0.01725	0.01222	0.00609	0.00446	0.00140	0.00367	0.00487	0.34625	0.00704
21	0.00812	0.00496	0.00576	0.00556	0.00677	0.00472	0.00417	0.01045	0.01251	0.01933	0.40618	0.02975	0.06641	0.00845	0.00487	0.00141	0.00238	0.00722	0.38625	0.00472
22	0.01530	0.01259	0.05411	0.02250	0.45434	0.01206	0.02744	0.16878	0.02621	0.13899	0.01180	0.01319	0.00885	0.00513	0.00504	0.00153	0.00574	0.00461	0.00361	0.00817
23	0.01097	0.20368	0.59378	0.01341	0.02008	0.01363	0.04681	0.01583	0.01064	0.01510	0.00867	0.01022	0.00648	0.00468	0.00450	0.00149	0.00706	0.00360	0.00216	0.00723
24	0.00616	0.00440	0.00587	0.00704	0.00733	0.00411	0.00469	0.00704	0.00968	0.01291	0.02787	0.81899	0.03344	0.01584	0.00645	0.00205	0.00293	0.01438	0.00469	0.00411
25	0.01243	0.06355	0.09803	0.01904	0.26392	0.13894	0.14466	0.03497	0.01199	0.01533	0.01312	0.10521	0.04386	0.00629	0.00518	0.00156	0.00655	0.00576	0.00288	0.00672
26	0.00738	0.00566	0.00717	0.00725	0.00868	0.00487	0.00517	0.00868	0.00997	0.01394	0.02286	0.57558	0.02644	0.01258	0.00576	0.00172	0.00322	0.04128	0.00425	0.22753
27	0.85801	0.00978	0.00743	0.00665	0.00978	0.01134	0.00548	0.01486	0.00861	0.02269	0.00704	0.00821	0.00548	0.00469	0.00313	0.00156	0.00391	0.00274	0.00313	0.00548
28	0.01014	0.02616	0.79609	0.01441	0.02189	0.01174	0.01868	0.01601	0.01068	0.01601	0.00907	0.01068	0.00641	0.00480	0.00480	0.00160	0.00747	0.00374	0.00214	0.00747
29	0.00616	0.00440	0.00587	0.00704	0.00733	0.00411	0.00469	0.00704	0.00968	0.01291	0.02787	0.81899	0.03344	0.01584	0.00645	0.00205	0.00293	0.01438	0.00469	0.00411
30	0.01398	0.00663	0.00881	0.00755	0.00990	0.00587	0.00591	0.01595	0.01373	0.36792	0.31863	0.11239	0.07281	0.00923	0.00562	0.00163	0.00332	0.00796	0.00574	0.00640
31	0.01146	0.01222	0.02196	0.01690	0.01920	0.01427	0.35416	0.01398	0.00963	0.01398	0.00826	0.01222	0.00710	0.00678	0.01181	0.00198	0.45047	0.00512	0.00237	0.00611
32	0.01275	0.70555	0.02410	0.00878	0.01257	0.01837	0.00850	0.01437	0.00995	0.01189	0.00771	0.00948	0.00715	0.00809	0.08894	0.00188	0.03841	0.00306	0.00222	0.00624

[dist]
# distance from previous block
# <min> <max>
0	1

[block]
# block no. 1 follows, 49 sequences, length 29
# corresponding to MSA columns:
# 465-493
name=unknown_B
#
# <colnr> <probs for GDERKNQSTAVLIFYWHMCP>
#	G	D	E	R	K	N	Q	S	T	A	V	L	I	F	Y	W	H	M	C	P
0	0.01210	0.01074	0.05209	0.01217	0.04343	0.04690	0.07354	0.20900	0.01487	0.01951	0.01918	0.03554	0.01901	0.00989	0.00610	0.00195	0.00562	0.39789	0.00428	0.00618
1	0.00736	0.00547	0.00697	0.00781	0.00861	0.00545	0.00578	0.00999	0.09274	0.01422	0.02712	0.49933	0.05380	0.04479	0.00715	0.00218	0.00352	0.18842	0.00467	0.00462
2	0.00735	0.00490	0.00552	0.00552	0.00552	0.00490	0.00306	0.00735	0.00735	0.00980	0.01593	0.03309	0.01838	0.82229	0.02574	0.00490	0.00490	0.00735	0.00306	0.00306
3	0.85801	0.00978	0.00743	0.00665	0.00978	0.01134	0.00548	0.01486	0.00861	0.02269	0.00704	0.00821	0.00548	0.00469	0.00313	0.00156	0.00391	0.00274	0.00313	0.00548
4	0.00616	0.00440	0.00587	0.00704	0.00733	0.00411	0.00469	0.00704	0.00968	0.01291	0.02787	0.81899	0.03344	0.01584	0.00645	0.00205	0.00293	0.01438	0.00469	0.00411
5	0.00705	0.00477	0.00561	0.00591	0.00598	0.00470	0.00348	0.00727	0.00795	0.01061	0.01902	0.23602	0.02227	0.61406	0.02076	0.00417	0.00439	0.00917	0.00348	0.00333
6	0.01053	0.11889	0.70679	0.01374	0.02085	0.01270	0.01752	0.01591	0.01063	0.01554	0.00884	0.01038	0.00642	0.00475	0.00462	0.00154	0.00723	0.00362	0.00214	0.00736
7	0.02269	0.00861	0.01174	0.00900	0.01291	0.00743	0.00743	0.02464	0.01447	0.79425	0.01995	0.01721	0.01252	0.00626	0.00509	0.00156	0.00430	0.00509	0.00626	0.00861
8	0.00815	0.00582	0.00815	0.00931	0.01048	0.00582	0.00815	0.01048	0.01164	0.01513	0.02677	0.05704	0.02910	0.01397	0.00698	0.00233	0.00466	0.75671	0.00466	0.00466
9	0.01922	0.01416	0.01518	0.01163	0.01568	0.01568	0.00961	0.77388	0.02378	0.03187	0.01214	0.01214	0.00860	0.00607	0.00506	0.00152	0.00556	0.00455	0.00506	0.00860
10	0.02269	0.00861	0.01174	0.00900	0.01291	0.00743	0.00743	0.02464	0.01447	0.79425	0.01995	0.01721	0.01252	0.00626	0.00509	0.00156	0.00430	0.00509	0.00626	0.00861
11	0.00598	0.00512	0.00512	0.00512	0.00683	0.00427	0.00384	0.00726	0.01153	0.01366	0.05123	0.04866	0.78869	0.01281	0.00598	0.00171	0.00256	0.01067	0.00470	0.00427
12	0.01014	0.02616	0.79609	0.01441	0.02189	0.01174	0.01868	0.01601	0.01068	0.01601	0.00907	0.01068	0.00641	0.00480	0.00480	0.00160	0.00747	0.00374	0.00214	0.00747
13	0.00744	0.00559	0.00717	0.00795	0.00929	0.00532	0.00675	0.00943	0.01160	0.01465	0.03471	0.05432	0.27577	0.01359	0.00666	0.00213	0.00398	0.51445	0.00467	0.00453
14	0.00815	0.00582	0.00815	0.00931	0.01048	0.00582	0.00815	0.01048	0.01164	0.01513	0.02677	0.05704	0.02910	0.01397	0.00698	0.00233	0.00466	0.75671	0.00466	0.00466
15	0.01352	0.82533	0.02650	0.00865	0.01298	0.02001	0.00865	0.01514	0.01027	0.01190	0.00703	0.00811	0.00649	0.00433	0.00324	0.00108	0.00541	0.00270	0.00216	0.00649
16	0.01062	0.00926	0.01159	0.04557	0.08253	0.00741	0.00720	0.01299	0.01056	0.01632	0.00903	0.01080	0.00750	0.00387	0.00392	0.00086	0.00408	0.00320	0.00292	0.73975
17	0.01252	0.01201	0.02053	0.03104	0.79074	0.01201	0.01552	0.01552	0.01151	0.01652	0.00951	0.01252	0.00801	0.00451	0.00501	0.00150	0.00601	0.00451	0.00250	0.00801
18	0.00815	0.00582	0.00815	0.00931	0.01048	0.00582	0.00815	0.01048	0.01164	0.01513	0.02677	0.05704	0.02910	0.01397	0.00698	0.00233	0.00466	0.75671	0.00466	0.00466
19	0.01352	0.82533	0.02650	0.00865	0.01298	0.02001	0.00865	0.01514	0.01027	0.01190	0.00703	0.00811	0.00649	0.00433	0.00324	0.00108	0.00541	0.00270	0.00216	0.00649
20	0.01233	0.00634	0.00825	0.00710	0.00929	0.00562	0.00556	0.01442	0.01399	0.28483	0.42582	0.03218	0.13501	0.00927	0.00566	0.00160	0.00307	0.00796	0.00569	0.00602
21	0.85801	0.00978	0.00743	0.00665	0.00978	0.01134	0.00548	0.01486	0.00861	0.02269	0.00704	0.00821	0.00548	0.00469	0.00313	0.00156	0.00391	0.00274	0.00313	0.00548
22	0.00815	0.00582	0.00815	0.00931	0.01048	0.00582	0.00815	0.01048	0.01164	0.01513	0.02677	0.05704	0.02910	0.01397	0.00698	0.00233	0.00466	0.75671	0.00466	0.00466
23	0.45447	0.00944	0.00805	0.00708	0.00982	0.03496	0.00569	0.12667	0.01176	0.02190	0.01529	0.01598	0.11222	0.00620	0.00391	0.00151	0.00389	0.00441	0.14109	0.00567
24	0.00870	0.07485	0.04720	0.00647	0.00779	0.00673	0.00512	0.01029	0.00903	0.01378	0.01456	0.02237	0.01379	0.27716	0.16909	0.00378	0.00591	0.00549	0.29346	0.00443
25	0.08712	0.28319	0.05694	0.01114	0.01459	0.44205	0.00949	0.01790	0.01235	0.01327	0.00756	0.00879	0.00641	0.00486	0.00402	0.00127	0.00739	0.00306	0.00248	0.00611
26	0.01150	0.01098	0.01870	0.29701	0.53269	0.01175	0.01502	0.01463	0.01104	0.01529	0.00933	0.01285	0.00758	0.00469	0.00502	0.00156	0.00626	0.00450	0.00242	0.00719
27	0.01183	0.01965	0.35952	0.01423	0.01902	0.14464	0.14985	0.03139	0.02694	0.01508	0.01069	0.05511	0.00912	0.06115	0.00710	0.00185	0.04870	0.00495	0.00261	0.00654
28	0.01607	0.43617	0.02059	0.01172	0.11722	0.01460	0.00910	0.01800	0.01173	0.25147	0.01138	0.01157	0.00857	0.00492	0.00406	0.00127	0.00509	0.00368	0.00349	0.03931

[dist]
# distance from previous block
# <min> <max>
0	1

[block]
# block no. 2 follows, 49 sequences, length 108
# corresponding to MSA columns:
# 495-602
name=unknown_C
#
# <colnr> <probs for GDERKNQSTAVLIFYWHMCP>
#	G	D	E	R	K	N	Q	S	T	A	V	L	I	F	Y	W	H	M	C	P
0	0.06838	0.01051	0.01152	0.01059	0.07009	0.03974	0.00767	0.01955	0.33006	0.04724	0.01441	0.02920	0.01132	0.00553	0.00451	0.00133	0.00424	0.00452	0.00400	0.30559
1	0.01049	0.00899	0.01049	0.00749	0.01198	0.00674	0.00599	0.01273	0.01049	0.01648	0.00899	0.01049	0.00749	0.00374	0.00374	0.00075	0.00374	0.00300	0.00300	0.85320
2	0.00847	0.00718	0.00930	0.00854	0.00997	0.00737	0.00647	0.00979	0.00948	0.01376	0.01782	0.41087	0.02015	0.01086	0.00792	0.00172	0.18199	0.00894	0.00366	0.24573
3	0.01486	0.01263	0.01268	0.01084	0.01402	0.06269	0.00857	0.23875	0.51838	0.02365	0.01739	0.01635	0.01294	0.00653	0.00508	0.00163	0.00477	0.00523	0.00496	0.00804
4	0.00728	0.00487	0.00554	0.00560	0.00562	0.00486	0.00316	0.00734	0.00749	0.00999	0.01663	0.07880	0.01926	0.77539	0.02462	0.00474	0.00479	0.00776	0.00316	0.00312
5	0.01124	0.25842	0.52388	0.01316	0.01957	0.01422	0.06276	0.01577	0.01064	0.01482	0.00855	0.01011	0.00651	0.00463	0.00442	0.00146	0.00694	0.00357	0.00217	0.00715
6	0.01524	0.00996	0.01137	0.00960	0.01264	0.01063	0.00763	0.13336	0.37003	0.21245	0.13125	0.02023	0.01843	0.00710	0.00524	0.00163	0.00407	0.00589	0.00547	0.00777
7	0.02269	0.00861	0.01174	0.00900	0.01291	0.00743	0.00743	0.02464	0.01447	0.79425	0.01995	0.01721	0.01252	0.00626	0.00509	0.00156	0.00430	0.00509	0.00626	0.00861
8	0.00693	0.00516	0.00645	0.00612	0.00742	0.00467	0.00459	0.00910	0.01378	0.01901	0.64657	0.03986	0.19001	0.01081	0.00597	0.00161	0.00242	0.00944	0.00540	0.00467
9	0.01472	0.06070	0.41115	0.01385	0.08652	0.01123	0.01406	0.06865	0.01268	0.23956	0.01232	0.01267	0.00845	0.00525	0.00484	0.00155	0.00620	0.00419	0.00354	0.00787
10	0.01451	0.01024	0.01151	0.01010	0.01307	0.01123	0.00811	0.10890	0.47132	0.15314	0.02028	0.02249	0.01584	0.00754	0.00535	0.00174	0.00431	0.09731	0.00527	0.00776
11	0.80237	0.01073	0.00789	0.00707	0.01017	0.06377	0.00576	0.01522	0.00899	0.02200	0.00709	0.00827	0.00555	0.00473	0.00322	0.00155	0.00426	0.00277	0.00309	0.00550
12	0.01364	0.00964	0.01693	0.01536	0.14222	0.00896	0.22568	0.01654	0.01322	0.23005	0.22971	0.02116	0.02022	0.00654	0.00557	0.00160	0.00525	0.00637	0.00440	0.00693
13	0.00650	0.00501	0.00603	0.00670	0.00778	0.00454	0.00506	0.00786	0.01088	0.01370	0.03757	0.33113	0.35359	0.01416	0.00636	0.00196	0.00314	0.16906	0.00469	0.00429
14	0.01252	0.01201	0.02053	0.03104	0.79074	0.01201	0.01552	0.01552	0.01151	0.01652	0.00951	0.01252	0.00801	0.00451	0.00501	0.00150	0.00601	0.00451	0.00250	0.00801
15	0.00616	0.00440	0.00587	0.00704	0.00733	0.00411	0.00469	0.00704	0.00968	0.01291	0.02787	0.81899	0.03344	0.01584	0.00645	0.00205	0.00293	0.01438	0.00469	0.00411
16	0.01598	0.36287	0.03397	0.01013	0.01372	0.24489	0.00881	0.04201	0.04979	0.11360	0.05178	0.01186	0.00998	0.00534	0.00419	0.00129	0.00616	0.00374	0.00323	0.00664
17	0.10493	0.15750	0.03362	0.01156	0.01472	0.51743	0.00933	0.06866	0.01359	0.01474	0.00792	0.00909	0.00654	0.00506	0.00423	0.00131	0.00768	0.00321	0.00274	0.00615
18	0.00629	0.00451	0.00577	0.00672	0.00708	0.00421	0.00444	0.00709	0.00954	0.01260	0.02818	0.67069	0.08698	0.10992	0.00867	0.00236	0.00314	0.01328	0.00450	0.00400
19	0.01148	0.01596	0.29933	0.01169	0.01605	0.01140	0.02618	0.10192	0.28978	0.01917	0.01628	0.13007	0.01381	0.00726	0.00521	0.00170	0.00538	0.00611	0.00392	0.00729
20	0.01290	0.01161	0.01144	0.00919	0.01267	0.12699	0.00725	0.07810	0.10747	0.04211	0.01129	0.01250	0.00902	0.00675	0.04852	0.00151	0.03332	0.00381	0.03329	0.42025
21	0.04389	0.01556	0.18782	0.09832	0.18757	0.06953	0.01289	0.15890	0.04369	0.11630	0.01138	0.01258	0.00829	0.00529	0.00489	0.00155	0.00619	0.00431	0.00347	0.00759
22	0.01032	0.06777	0.75602	0.01411	0.02142	0.01217	0.01816	0.01597	0.01066	0.01580	0.00897	0.01054	0.00641	0.00478	0.00472	0.00157	0.00737	0.00368	0.00214	0.00742
23	0.00893	0.00584	0.00733	0.00766	0.00872	0.00571	0.00556	0.09044	0.01171	0.06697	0.02545	0.57680	0.04143	0.01350	0.00610	0.00193	0.00338	0.06140	0.04617	0.00495
24	0.00598	0.00512	0.00512	0.00512	0.00683	0.00427	0.00384	0.00726	0.01153	0.01366	0.05123	0.04866	0.78869	0.01281	0.00598	0.00171	0.00256	0.01067	0.00470	0.00427
25	0.85801	0.00978	0.00743	0.00665	0.00978	0.01134	0.00548	0.01486	0.00861	0.02269	0.00704	0.00821	0.00548	0.00469	0.00313	0.00156	0.00391	0.00274	0.00313	0.00548
26	0.00665	0.00555	0.00586	0.00588	0.00750	0.00502	0.00437	0.00911	0.08077	0.01458	0.08324	0.13796	0.59057	0.01251	0.00596	0.00174	0.00273	0.01059	0.00478	0.00461
27	0.00695	0.00509	0.00584	0.00592	0.00664	0.00491	0.00400	0.00771	0.00906	0.01160	0.02774	0.03827	0.26603	0.42478	0.10108	0.00405	0.00506	0.05790	0.00366	0.00371
28	0.01352	0.82533	0.02650	0.00865	0.01298	0.02001	0.00865	0.01514	0.01027	0.01190	0.00703	0.00811	0.00649	0.00433	0.00324	0.00108	0.00541	0.00270	0.00216	0.00649
29	0.07788	0.00900	0.01165	0.00899	0.01286	0.00817	0.00743	0.06705	0.01462	0.69928	0.01864	0.01632	0.01183	0.00614	0.00495	0.00156	0.00435	0.00490	0.00598	0.00840
30	0.00681	0.00505	0.00640	0.00694	0.00772	0.00482	0.00486	0.00894	0.05915	0.01538	0.22585	0.51568	0.08609	0.01366	0.00621	0.00189	0.00283	0.01224	0.00495	0.00453
31	0.00730	0.00512	0.00663	0.00663	0.00701	0.00551	0.00445	0.00807	0.00768	0.01063	0.01492	0.02747	0.01594	0.48872	0.35596	0.00627	0.00858	0.00653	0.00291	0.00368
32	0.02018	0.01231	0.01399	0.01076	0.01474	0.01298	0.00888	0.51740	0.03823	0.27513	0.01483	0.01391	0.01001	0.00615	0.00507	0.00154	0.00513	0.00475	0.00544	0.00859
33	0.00943	0.00471	0.00471	0.00471	0.00589	0.00471	0.00353	0.01178	0.01060	0.01885	0.01650	0.01885	0.01296	0.00589	0.00353	0.00118	0.00236	0.00471	0.85036	0.00471
34	0.00792	0.00614	0.00740	0.00787	0.00905	0.00626	0.00590	0.01196	0.17191	0.01535	0.05785	0.37497	0.11396	0.03151	0.00665	0.00204	0.00346	0.14998	0.00478	0.00504
35	0.00705	0.00516	0.00660	0.00624	0.00749	0.00472	0.00468	0.00933	0.01405	0.01965	0.71824	0.03880	0.11794	0.01057	0.00597	0.00160	0.00240	0.00929	0.00548	0.00472
36	0.01922	0.01416	0.01518	0.01163	0.01568	0.01568	0.00961	0.77388	0.02378	0.03187	0.01214	0.01214	0.00860	0.00607	0.00506	0.00152	0.00556	0.00455	0.00506	0.00860
37	0.00878	0.00439	0.00659	0.00659	0.00659	0.00439	0.00439	0.00659	0.00659	0.00878	0.00878	0.01537	0.00878	0.01757	0.01976	0.85288	0.00439	0.00439	0.00220	0.00220
38	0.00616	0.00440	0.00587	0.00704	0.00733	0.00411	0.00469	0.00704	0.00968	0.01291	0.02787	0.81899	0.03344	0.01584	0.00645	0.00205	0.00293	0.01438	0.00469	0.00411
39	0.01037	0.07915	0.74506	0.01403	0.02130	0.01229	0.01802	0.01596	0.01065	0.01574	0.00894	0.01051	0.00641	0.00477	0.00470	0.00157	0.00734	0.00367	0.00214	0.00741
40	0.85801	0.00978	0.00743	0.00665	0.00978	0.01134	0.00548	0.01486	0.00861	0.02269	0.00704	0.00821	0.00548	0.00469	0.00313	0.00156	0.00391	0.00274	0.00313	0.00548
41	0.01501	0.01765	0.01490	0.01315	0.01447	0.41263	0.01041	0.01622	0.01107	0.01227	0.00723	0.01008	0.00658	0.00701	0.01052	0.00175	0.40710	0.00384	0.00241	0.00570
42	0.01922	0.01416	0.01518	0.01163	0.01568	0.01568	0.00961	0.77388	0.02378	0.03187	0.01214	0.01214	0.00860	0.00607	0.00506	0.00152	0.00556	0.00455	0.00506	0.00860
43	0.00823	0.00605	0.00819	0.00888	0.01036	0.00578	0.00760	0.01043	0.01138	0.01510	0.02541	0.10240	0.04192	0.01297	0.00658	0.00213	0.00440	0.61195	0.00448	0.09574
44	0.01651	0.42079	0.01877	0.00864	0.01251	0.01371	0.00785	0.01867	0.03345	0.31461	0.07629	0.01434	0.01243	0.00563	0.00423	0.00133	0.00470	0.00423	0.00410	0.00721
45	0.01194	0.01364	0.02984	0.02131	0.02643	0.01279	0.77238	0.01620	0.01194	0.01620	0.01023	0.01364	0.00767	0.00426	0.00597	0.00171	0.00853	0.00597	0.00256	0.00682
46	0.00984	0.00799	0.00907	0.00831	0.01032	0.00864	0.00637	0.01812	0.39417	0.02071	0.40812	0.02841	0.03173	0.00862	0.00556	0.00165	0.00319	0.00745	0.00536	0.00637
47	0.00646	0.00473	0.00606	0.00659	0.00734	0.00434	0.00462	0.00787	0.01139	0.01537	0.27500	0.47460	0.12954	0.01371	0.00624	0.00186	0.00271	0.01225	0.00497	0.00434
48	0.00711	0.00492	0.00589	0.00618	0.00626	0.00496	0.00376	0.00739	0.00805	0.01078	0.01918	0.26342	0.02249	0.56294	0.01982	0.00399	0.02656	0.00934	0.00352	0.00344
49	0.01272	0.01117	0.01150	0.01035	0.01321	0.03067	0.00804	0.02672	0.76402	0.02095	0.02029	0.01864	0.01523	0.00682	0.00513	0.00171	0.00412	0.00566	0.00509	0.00795
50	0.00943	0.00471	0.00471	0.00471	0.00589	0.00471	0.00353	0.01178	0.01060	0.01885	0.01650	0.01885	0.01296	0.00589	0.00353	0.00118	0.00236	0.00471	0.85036	0.00471
51	0.00619	0.00441	0.00586	0.00701	0.00729	0.00413	0.00466	0.00705	0.00963	0.01284	0.02760	0.80092	0.03310	0.03438	0.00690	0.00212	0.00298	0.01421	0.00466	0.00408
52	0.00722	0.00542	0.00813	0.00813	0.00903	0.00632	0.00632	0.00903	0.00813	0.01174	0.01354	0.01987	0.01264	0.03792	0.80225	0.00813	0.01354	0.00542	0.00271	0.00451
53	0.00616	0.00440	0.00587	0.00704	0.00733	0.00411	0.00469	0.00704	0.00968	0.01291	0.02787	0.81899	0.03344	0.01584	0.00645	0.00205	0.00293	0.01438	0.00469	0.00411
54	0.01106	0.01106	0.01549	0.01328	0.01328	0.01549	0.01106	0.01217	0.00774	0.01217	0.00664	0.01106	0.00664	0.00885	0.01659	0.00221	0.81303	0.00443	0.00221	0.00553
55	0.01687	0.07071	0.01915	0.01753	0.21743	0.03830	0.17461	0.03429	0.01303	0.32619	0.01364	0.01418	0.00958	0.00519	0.00510	0.00153	0.00593	0.00488	0.00404	0.00782
56	0.01071	0.00919	0.01059	0.00779	0.01211	0.00737	0.00621	0.01425	0.09330	0.01698	0.01023	0.01139	0.00834	0.00408	0.00390	0.00085	0.00377	0.00329	0.00323	0.76243
57	0.01835	0.06465	0.01473	0.01120	0.01436	0.16289	0.00915	0.25727	0.04505	0.22221	0.01260	0.01274	0.00908	0.00625	0.00642	0.00156	0.11526	0.00436	0.00434	0.00751
58	0.04086	0.01099	0.01926	0.11181	0.30732	0.01108	0.20447	0.05460	0.01219	0.04395	0.06798	0.06822	0.01246	0.00583	0.00536	0.00162	0.00611	0.00583	0.00314	0.00690
59	0.00603	0.00512	0.00520	0.00518	0.00687	0.00429	0.00389	0.00737	0.01166	0.01398	0.08724	0.04813	0.75247	0.01269	0.00598	0.00170	0.00255	0.01060	0.00474	0.00429
60	0.01121	0.01955	0.42585	0.02035	0.26366	0.01199	0.11279	0.01629	0.04009	0.01639	0.00979	0.01194	0.00741	0.00472	0.00503	0.00159	0.00702	0.00434	0.00242	0.00758
61	0.01246	0.61280	0.02086	0.00763	0.01114	0.01605	0.00733	0.01427	0.01036	0.01370	0.00948	0.01089	0.00817	0.00473	0.00332	0.00111	0.00462	0.00322	0.22184	0.00603
62	0.01249	0.01208	0.02020	0.06382	0.74638	0.02450	0.01537	0.01548	0.01150	0.01630	0.00946	0.01250	0.00793	0.00454	0.00500	0.00151	0.00609	0.00449	0.00249	0.00787
63	0.01816	0.00934	0.01155	0.00939	0.01283	0.00922	0.00758	0.06951	0.22151	0.45233	0.01876	0.01729	0.01288	0.00862	0.06312	0.00205	0.00495	0.00517	0.00550	0.04025
64	0.00656	0.00478	0.00626	0.00730	0.00793	0.00448	0.00532	0.00778	0.01030	0.01346	0.03027	0.57319	0.11743	0.01511	0.00651	0.00207	0.00325	0.16907	0.00469	0.00424
65	0.01011	0.00937	0.01570	0.53695	0.21383	0.01084	0.01376	0.01328	0.01061	0.01402	0.01102	0.01793	0.00945	0.00588	0.00525	0.00171	0.00634	0.08528	0.00257	0.00609
66	0.01568	0.00940	0.01105	0.00896	0.01188	0.00966	0.00723	0.29633	0.03073	0.21130	0.19465	0.02041	0.01933	0.00872	0.04550	0.00185	0.00462	0.00583	0.07971	0.00715
67	0.00735	0.00490	0.00552	0.00552	0.00552	0.00490	0.00306	0.00735	0.00735	0.00980	0.01593	0.03309	0.01838	0.82229	0.02574	0.00490	0.00490	0.00735	0.00306	0.00306
68	0.01337	0.00739	0.00802	0.00686	0.00905	0.00760	0.00543	0.18969	0.01414	0.12023	0.01593	0.01709	0.01190	0.00598	0.00408	0.00131	0.00335	0.00472	0.54775	0.00611
69	0.01056	0.00999	0.01017	0.00921	0.01088	0.09471	0.00723	0.01545	0.21831	0.01597	0.07213	0.02544	0.22635	0.00891	0.00778	0.00174	0.18254	0.00667	0.06017	0.00578
70	0.11217	0.00878	0.01127	0.00877	0.01258	0.00797	0.00723	0.02364	0.03089	0.69421	0.01858	0.01628	0.01183	0.00610	0.00488	0.00157	0.00425	0.00485	0.00590	0.00826
71	0.00649	0.00514	0.00584	0.00566	0.00715	0.00449	0.00425	0.00825	0.01274	0.01654	0.37227	0.04392	0.46584	0.01173	0.00597	0.00166	0.00248	0.01001	0.00508	0.00449
72	0.00952	0.00995	0.05311	0.41602	0.02592	0.01056	0.15201	0.01258	0.01014	0.01355	0.01190	0.12228	0.01086	0.00865	0.05589	0.00217	0.06048	0.00612	0.00266	0.00565
73	0.01417	0.01564	0.01707	0.02157	0.39864	0.27877	0.01247	0.01629	0.01203	0.01447	0.01072	0.01303	0.04687	0.00567	0.00626	0.00153	0.10103	0.00439	0.00261	0.00681
74	0.00610	0.00463	0.00563	0.00642	0.00717	0.00416	0.00442	0.00711	0.01027	0.01315	0.03538	0.57144	0.27615	0.01487	0.00630	0.00194	0.00281	0.01319	0.00469	0.00416
75	0.00712	0.00612	0.00622	0.00602	0.00793	0.00571	0.00456	0.01066	0.14529	0.01496	0.04590	0.04349	0.65438	0.01177	0.00583	0.00171	0.00281	0.00981	0.00477	0.00492
76	0.10249	0.01186	0.01048	0.00924	0.01144	0.24026	0.05715	0.01372	0.01318	0.03477	0.30712	0.02557	0.12681	0.00806	0.00523	0.00153	0.00500	0.00663	0.00413	0.00532
77	0.00689	0.00548	0.00687	0.00691	0.00784	0.00546	0.00510	0.00836	0.01142	0.01530	0.26474	0.28923	0.24347	0.01264	0.00716	0.00183	0.08129	0.01079	0.00472	0.00449
78	0.00607	0.00513	0.00526	0.00522	0.00689	0.00431	0.00392	0.00744	0.01175	0.01420	0.11143	0.04777	0.72815	0.01260	0.00598	0.00170	0.00255	0.01055	0.00477	0.00431
79	0.01125	0.01073	0.01825	0.36236	0.46928	0.01168	0.01489	0.01441	0.01092	0.01499	0.00929	0.01293	0.00747	0.00474	0.00503	0.00158	0.00632	0.00450	0.00239	0.00699
80	0.01757	0.02019	0.01563	0.01621	0.16050	0.52866	0.01085	0.12297	0.01496	0.01583	0.00870	0.01021	0.00708	0.00528	0.00498	0.00139	0.02574	0.00369	0.00292	0.00663
81	0.00656	0.00506	0.00541	0.00541	0.00649	0.00455	0.00372	0.00747	0.01023	0.01270	0.07519	0.04295	0.47012	0.29119	0.01280	0.00281	0.00340	0.02587	0.00418	0.00389
82	0.00776	0.00635	0.00667	0.00635	0.00829	0.00604	0.00483	0.01175	0.16578	0.03284	0.10709	0.04109	0.55406	0.01126	0.00579	0.00170	0.00287	0.00943	0.00489	0.00515
83	0.00956	0.00658	0.00724	0.00696	0.00866	0.03530	0.00518	0.05216	0.01231	0.11929	0.08292	0.27716	0.33328	0.01205	0.00590	0.00176	0.00331	0.01035	0.00490	0.00513
84	0.02294	0.00897	0.01154	0.23747	0.04603	0.03736	0.00910	0.12548	0.01295	0.03246	0.11021	0.09496	0.11333	0.00828	0.00612	0.00169	0.05840	0.02389	0.03306	0.00575
85	0.02192	0.00983	0.01249	0.00958	0.01352	0.00925	0.00791	0.19003	0.01653	0.62596	0.01823	0.01609	0.01165	0.00622	0.00508	0.00155	0.00458	0.00497	0.00599	0.00860
86	0.06865	0.01318	0.01416	0.14800	0.06910	0.15868	0.01018	0.16758	0.01434	0.19133	0.01152	0.01262	0.00835	0.00586	0.00596	0.00159	0.08371	0.00429	0.00383	0.00706
87	0.00716	0.00517	0.00676	0.00636	0.00755	0.00477	0.00477	0.00954	0.01431	0.02028	0.78808	0.03777	0.04771	0.01034	0.00596	0.00159	0.00239	0.00914	0.00557	0.00477
88	0.01314	0.01477	0.01083	0.01018	0.01179	0.40786	0.00753	0.01439	0.01113	0.01175	0.01104	0.01659	0.01048	0.14883	0.27331	0.00416	0.00991	0.00464	0.00271	0.00496
89	0.01014	0.02616	0.79609	0.01441	0.02189	0.01174	0.01868	0.01601	0.01068	0.01601	0.00907	0.01068	0.00641	0.00480	0.00480	0.00160	0.00747	0.00374	0.00214	0.00747
90	0.01014	0.02616	0.79609	0.01441	0.02189	0.01174	0.01868	0.01601	0.01068	0.01601	0.00907	0.01068	0.00641	0.00480	0.00480	0.00160	0.00747	0.00374	0.00214	0.00747
91	0.01014	0.02616	0.79609	0.01441	0.02189	0.01174	0.01868	0.01601	0.01068	0.01601	0.00907	0.01068	0.00641	0.00480	0.00480	0.00160	0.00747	0.00374	0.00214	0.00747
92	0.01352	0.82533	0.02650	0.00865	0.01298	0.02001	0.00865	0.01514	0.01027	0.01190	0.00703	0.00811	0.00649	0.00433	0.00324	0.00108	0.00541	0.00270	0.00216	0.00649
93	0.00735	0.00490	0.00552	0.00552	0.00552	0.00490	0.00306	0.00735	0.00735	0.00980	0.01593	0.03309	0.01838	0.82229	0.02574	0.00490	0.00490	0.00735	0.00306	0.00306
94	0.01204	0.06746	0.02962	0.02047	0.02554	0.01327	0.72174	0.01613	0.01183	0.01591	0.01002	0.01327	0.00759	0.00427	0.00579	0.00166	0.00832	0.00575	0.00253	0.00680
95	0.00822	0.00689	0.00899	0.00847	0.00969	0.00714	0.00635	0.00947	0.00946	0.01359	0.01892	0.45708	0.02164	0.01151	0.00796	0.00178	0.17464	0.00958	0.00377	0.20485
96	0.08274	0.00891	0.01070	0.06224	0.01290	0.03133	0.00774	0.19858	0.01276	0.07468	0.01266	0.01609	0.01048	0.02196	0.40742	0.00487	0.00954	0.00484	0.00354	0.00600
97	0.44038	0.06508	0.01059	0.00826	0.01137	0.06132	0.00674	0.14699	0.07816	0.02179	0.01307	0.04081	0.06502	0.00610	0.00406	0.00155	0.00450	0.00432	0.00371	0.00619
98	0.01315	0.01472	0.01058	0.00992	0.01145	0.40772	0.00722	0.01423	0.01106	0.01156	0.01127	0.01786	0.01103	0.22455	0.19835	0.00385	0.00907	0.00483	0.00275	0.00482
99	0.12521	0.18480	0.05508	0.01052	0.01444	0.10004	0.00920	0.38194	0.01697	0.02314	0.00988	0.01086	0.00764	0.02334	0.00482	0.00149	0.00578	0.00381	0.00375	0.00728
100	0.01485	0.03136	0.01136	0.00926	0.01176	0.02744	0.00746	0.18274	0.01364	0.23858	0.01520	0.01886	0.01224	0.07577	0.25502	0.00386	0.02864	0.03108	0.00430	0.00659
101	0.01137	0.06288	0.01031	0.00926	0.01071	0.29749	0.00678	0.01254	0.01169	0.01308	0.06941	0.40527	0.02256	0.02587	0.00589	0.00174	0.00535	0.00910	0.00380	0.00492
102	0.00638	0.00456	0.00612	0.00729	0.00768	0.00430	0.00507	0.00742	0.00990	0.01315	0.02775	0.73545	0.03297	0.01564	0.00651	0.00208	0.00312	0.09577	0.00469	0.00417
103	0.04233	0.00887	0.01058	0.00859	0.01168	0.00886	0.00696	0.16601	0.06578	0.36397	0.01699	0.01658	0.01184	0.00812	0.05442	0.00190	0.00469	0.00490	0.17952	0.00742
104	0.01814	0.01163	0.02604	0.00954	0.01302	0.15170	0.00776	0.04000	0.03512	0.41130	0.07928	0.01761	0.01406	0.00631	0.00495	0.00144	0.00504	0.02800	0.00494	0.11415
105	0.01082	0.18750	0.64071	0.01325	0.02009	0.01341	0.01666	0.01584	0.01060	0.01518	0.00866	0.01016	0.00642	0.00471	0.00449	0.00150	0.00706	0.00353	0.00214	0.00727
106	0.00973	0.12919	0.07251	0.01478	0.23259	0.00974	0.03589	0.01215	0.01154	0.01548	0.14016	0.10687	0.14926	0.00828	0.00529	0.00159	0.00461	0.03073	0.00357	0.00606
107	0.01674	0.01026	0.01171	0.00957	0.01281	0.01081	0.00770	0.23933	0.22707	0.24370	0.06850	0.01771	0.01456	0.00661	0.00502	0.00156	0.00429	0.00534	0.07888	0.00785

[dist]
# distance from previous block
# <min> <max>
0	2

[block]
# block no. 3 follows, 49 sequences, length 23
# corresponding to MSA columns:
# 605-627
name=unknown_D
#
# <colnr> <probs for GDERKNQSTAVLIFYWHMCP>
#	G	D	E	R	K	N	Q	S	T	A	V	L	I	F	Y	W	H	M	C	P
0	0.01240	0.14286	0.20815	0.00971	0.01463	0.04280	0.00980	0.01536	0.01122	0.10228	0.02945	0.01239	0.02663	0.00481	0.00422	0.00117	0.00516	0.00370	0.00310	0.34017
1	0.07612	0.01103	0.01472	0.01158	0.01532	0.01141	0.12888	0.13526	0.25747	0.25853	0.01653	0.01578	0.01159	0.00599	0.00510	0.00163	0.00504	0.00518	0.00492	0.00791
2	0.03978	0.01311	0.07166	0.01835	0.30633	0.05767	0.01168	0.14260	0.10757	0.12903	0.01326	0.04411	0.01034	0.00580	0.00500	0.00156	0.00556	0.00494	0.00385	0.00780
3	0.01132	0.00615	0.00774	0.00677	0.00890	0.00540	0.00528	0.01327	0.01357	0.24244	0.35792	0.03489	0.24651	0.00985	0.00571	0.00162	0.00299	0.00840	0.00552	0.00574
4	0.07324	0.00717	0.00985	0.00861	0.01068	0.00709	0.06100	0.01306	0.01088	0.14175	0.08380	0.08139	0.03074	0.06801	0.11602	0.00275	0.03617	0.08734	0.08270	0.06777
5	0.16751	0.01363	0.01196	0.01003	0.01326	0.18403	0.00793	0.18969	0.12203	0.14446	0.01274	0.01333	0.00953	0.03930	0.00542	0.00162	0.00553	0.00425	0.00422	0.03953
6	0.01021	0.00758	0.01109	0.01030	0.01224	0.00763	0.09546	0.10866	0.01284	0.04006	0.02175	0.14522	0.02239	0.01213	0.03411	0.00221	0.00512	0.37040	0.06514	0.00545
7	0.00616	0.00440	0.00587	0.00704	0.00733	0.00411	0.00469	0.00704	0.00968	0.01291	0.02787	0.81899	0.03344	0.01584	0.00645	0.00205	0.00293	0.01438	0.00469	0.00411
8	0.01252	0.01201	0.02053	0.03104	0.79074	0.01201	0.01552	0.01552	0.01151	0.01652	0.00951	0.01252	0.00801	0.00451	0.00501	0.00150	0.00601	0.00451	0.00250	0.00801
9	0.01310	0.17601	0.39528	0.01175	0.01721	0.01236	0.01332	0.05611	0.02863	0.13762	0.01238	0.01565	0.00974	0.00588	0.00476	0.00156	0.00615	0.07198	0.00323	0.00727
10	0.01660	0.00823	0.01047	0.00854	0.01145	0.00777	0.00684	0.13908	0.01557	0.39954	0.23423	0.07969	0.02324	0.00806	0.00543	0.00160	0.00387	0.00680	0.00576	0.00721
11	0.01014	0.02616	0.79609	0.01441	0.02189	0.01174	0.01868	0.01601	0.01068	0.01601	0.00907	0.01068	0.00641	0.00480	0.00480	0.00160	0.00747	0.00374	0.00214	0.00747
12	0.01371	0.53627	0.18017	0.01041	0.01520	0.08568	0.01085	0.07021	0.01168	0.01420	0.00788	0.00901	0.00663	0.00462	0.00380	0.00124	0.00616	0.00309	0.00240	0.00679
13	0.04409	0.36300	0.39664	0.01185	0.01766	0.01535	0.03891	0.03327	0.01077	0.01490	0.00824	0.00963	0.00650	0.00461	0.00413	0.00138	0.00645	0.00336	0.00227	0.00699
14	0.00628	0.00446	0.00584	0.00685	0.00725	0.00414	0.00460	0.00704	0.00968	0.01276	0.02890	0.71079	0.09751	0.01567	0.00710	0.04602	0.00298	0.01354	0.00456	0.00402
15	0.00770	0.00654	0.01012	0.00862	0.01056	0.00599	0.12627	0.01012	0.01311	0.01775	0.44329	0.03774	0.21447	0.01019	0.00603	0.00168	0.00354	0.05649	0.00483	0.00497
16	0.01088	0.01034	0.01757	0.46131	0.37328	0.01158	0.01470	0.01408	0.01074	0.01453	0.00922	0.01305	0.00731	0.00481	0.00503	0.00160	0.00641	0.00450	0.00236	0.00669
17	0.01165	0.01130	0.01956	0.04941	0.56820	0.01148	0.09207	0.01448	0.01117	0.01580	0.01187	0.07290	0.03043	0.00579	0.00588	0.00161	0.05085	0.00554	0.00270	0.00729
18	0.01359	0.00832	0.00940	0.00814	0.01052	0.00863	0.00638	0.21137	0.08741	0.14028	0.01946	0.14476	0.04718	0.00858	0.02060	0.00167	0.00396	0.00661	0.23663	0.00651
19	0.01205	0.01154	0.01968	0.15436	0.67109	0.01189	0.01529	0.01511	0.01129	0.01595	0.00943	0.01267	0.00781	0.00459	0.00501	0.00153	0.00612	0.00450	0.00246	0.00763
20	0.01330	0.23842	0.06523	0.01444	0.11917	0.04679	0.11931	0.10375	0.10756	0.01727	0.01112	0.01350	0.00913	0.00524	0.00463	0.00142	0.00590	0.03278	0.00314	0.06789
21	0.01142	0.00983	0.07169	0.00963	0.02783	0.04091	0.00765	0.17089	0.05907	0.07176	0.05601	0.39799	0.02264	0.01081	0.00573	0.00179	0.00429	0.00943	0.00461	0.00604
22	0.01322	0.14723	0.20801	0.01219	0.03683	0.08285	0.05274	0.06426	0.15341	0.05027	0.01142	0.01219	0.00872	0.00519	0.00479	0.00142	0.02127	0.00407	0.00322	0.10670

[dist]
# distance from previous block
# <min> <max>
3	7

[block]
# block no. 4 follows, 49 sequences, length 7
# corresponding to MSA columns:
# 635-641
name=unknown_E
#
# <colnr> <probs for GDERKNQSTAVLIFYWHMCP>
#	G	D	E	R	K	N	Q	S	T	A	V	L	I	F	Y	W	H	M	C	P
0	0.11325	0.24305	0.27119	0.01075	0.01552	0.07308	0.01140	0.10022	0.01198	0.01700	0.00993	0.01124	0.02645	0.00639	0.03634	0.00168	0.00638	0.00365	0.02382	0.00670
1	0.00770	0.00579	0.00676	0.00696	0.00813	0.00566	0.00499	0.04731	0.09206	0.01453	0.03166	0.36799	0.26517	0.01364	0.00749	0.09110	0.00321	0.01076	0.00450	0.00459
2	0.01077	0.01042	0.01589	0.01352	0.01611	0.06895	0.23711	0.01496	0.10341	0.01580	0.01857	0.03340	0.01814	0.00928	0.00680	0.00199	0.05016	0.34506	0.00380	0.00584
3	0.12160	0.00927	0.01155	0.00897	0.01280	0.00868	0.00741	0.09476	0.01466	0.63005	0.01767	0.01566	0.01131	0.00605	0.00485	0.00156	0.00438	0.00476	0.00577	0.00823
4	0.00659	0.00492	0.00613	0.00630	0.00733	0.00446	0.00454	0.00827	0.01227	0.01655	0.39167	0.28232	0.20494	0.01258	0.00612	0.00176	0.00259	0.01110	0.00511	0.00446
5	0.00681	0.00495	0.00621	0.00627	0.00717	0.00457	0.00444	0.00842	0.01207	0.01651	0.42993	0.22209	0.12890	0.10862	0.00844	0.00211	0.00284	0.01034	0.00496	0.00435
6	0.01491	0.01259	0.01441	0.01218	0.01370	0.11950	0.00996	0.07343	0.05313	0.15541	0.01037	0.01242	0.00831	0.00758	0.01141	0.00189	0.45446	0.00447	0.00337	0.00650

[dist]
# distance from previous block
# <min> <max>
0	9

[block]
# block no. 5 follows, 49 sequences, length 11
# corresponding to MSA columns:
# 651-661
name=unknown_F
#
# <colnr> <probs for GDERKNQSTAVLIFYWHMCP>
#	G	D	E	R	K	N	Q	S	T	A	V	L	I	F	Y	W	H	M	C	P
0	0.01148	0.01275	0.02682	0.04396	0.02446	0.01243	0.64447	0.01524	0.01135	0.01549	0.01064	0.03873	0.00869	0.03042	0.00737	0.00185	0.06865	0.00611	0.00260	0.00649
1	0.01723	0.01057	0.01209	0.00956	0.01286	0.01101	0.00778	0.40626	0.01890	0.20944	0.14178	0.01812	0.01632	0.00680	0.00508	0.00151	0.00447	0.00545	0.07712	0.00764
2	0.00620	0.00480	0.00568	0.00634	0.00730	0.00428	0.00453	0.00734	0.01060	0.01337	0.03794	0.43951	0.36092	0.01441	0.00628	0.00192	0.00287	0.05681	0.00469	0.00421
3	0.05547	0.00542	0.00716	0.00713	0.00809	0.00573	0.00530	0.00913	0.01020	0.01500	0.25713	0.12108	0.02618	0.09517	0.34360	0.00470	0.00747	0.00767	0.00389	0.00447
4	0.20863	0.01018	0.01421	0.01143	0.01430	0.01089	0.16121	0.12282	0.01227	0.11514	0.01386	0.16296	0.01260	0.00756	0.00638	0.00175	0.09732	0.00631	0.00386	0.00633
5	0.00685	0.00486	0.00618	0.00654	0.00716	0.00459	0.00452	0.00813	0.01089	0.01485	0.28073	0.32714	0.05760	0.18620	0.01042	0.00251	0.00325	0.04879	0.00464	0.00414
6	0.00981	0.20238	0.23232	0.01013	0.01377	0.01138	0.01041	0.01341	0.05332	0.01350	0.01118	0.01451	0.00963	0.01910	0.34855	0.00430	0.00941	0.00433	0.00256	0.00600
7	0.00971	0.00827	0.01197	0.00924	0.01246	0.00703	0.13116	0.01190	0.01026	0.01545	0.01296	0.10711	0.01231	0.08962	0.02990	0.00174	0.00470	0.00548	0.08957	0.41918
8	0.01094	0.00722	0.00975	0.00905	0.01096	0.00712	0.04151	0.09224	0.04704	0.11725	0.18640	0.18139	0.02806	0.01098	0.00610	0.00188	0.00405	0.21729	0.00503	0.00574
9	0.03265	0.00962	0.01489	0.01967	0.39190	0.00944	0.01138	0.03417	0.01235	0.13696	0.05474	0.02473	0.01558	0.00730	0.00545	0.00169	0.00513	0.17986	0.00383	0.02864
10	0.11992	0.01213	0.01625	0.01308	0.03703	0.06371	0.20119	0.19045	0.08386	0.08253	0.07957	0.05166	0.01324	0.00624	0.00516	0.00161	0.00572	0.00559	0.00408	0.00698

[dist]
# distance from previous block
# <min> <max>
3	22

[block]
# block no. 6 follows, 49 sequences, length 120
# corresponding to MSA columns:
# 684-722,726-735,743-752,763-780,796-838
name=unknown_G
#
# <colnr> <probs for GDERKNQSTAVLIFYWHMCP>
#	G	D	E	R	K	N	Q	S	T	A	V	L	I	F	Y	W	H	M	C	P
0	0.01045	0.03783	0.42388	0.01791	0.24632	0.01092	0.01531	0.01482	0.01149	0.01674	0.13237	0.01544	0.01341	0.00558	0.00501	0.00156	0.00619	0.00479	0.00279	0.00718
1	0.05505	0.17292	0.10453	0.01078	0.01454	0.09508	0.04511	0.09046	0.16334	0.04673	0.01352	0.05742	0.01151	0.00639	0.00472	0.00151	0.00555	0.05046	0.00361	0.04677
2	0.05833	0.13654	0.32607	0.01178	0.01678	0.13045	0.01244	0.05217	0.09168	0.08649	0.02470	0.01193	0.00870	0.00529	0.00455	0.00148	0.00641	0.00392	0.00314	0.00714
3	0.00825	0.00650	0.00916	0.01128	0.11839	0.00629	0.00806	0.01046	0.01180	0.01542	0.08629	0.04770	0.18056	0.01214	0.00643	0.00203	0.00425	0.44551	0.00443	0.00505
4	0.01372	0.01402	0.01057	0.00946	0.01180	0.33238	0.00722	0.09295	0.01459	0.05732	0.15929	0.02510	0.21477	0.00822	0.00525	0.00149	0.00562	0.00644	0.00411	0.00569
5	0.01168	0.38959	0.44611	0.01179	0.01784	0.01550	0.01412	0.01562	0.01049	0.01414	0.00814	0.00951	0.00644	0.00459	0.00409	0.00136	0.00653	0.00327	0.00215	0.00703
6	0.00598	0.00512	0.00512	0.00512	0.00683	0.00427	0.00384	0.00726	0.01153	0.01366	0.05123	0.04866	0.78869	0.01281	0.00598	0.00171	0.00256	0.01067	0.00470	0.00427
7	0.00957	0.00633	0.00869	0.00803	0.00949	0.00676	0.00629	0.05741	0.01153	0.09340	0.24252	0.02420	0.02259	0.02399	0.42046	0.00500	0.02802	0.00641	0.00404	0.00527
8	0.01238	0.01187	0.02027	0.06756	0.75531	0.01198	0.01545	0.01540	0.01145	0.01635	0.00949	0.01256	0.00795	0.00453	0.00501	0.00151	0.00604	0.00450	0.00249	0.00790
9	0.01328	0.01287	0.01156	0.01034	0.01238	0.20924	0.00801	0.13789	0.11175	0.03299	0.01951	0.14677	0.12159	0.00885	0.00690	0.00170	0.11752	0.00680	0.00397	0.00608
10	0.00619	0.00443	0.00590	0.00702	0.00734	0.00413	0.00470	0.00712	0.00983	0.01315	0.05230	0.79388	0.03390	0.01567	0.00644	0.00204	0.00292	0.01421	0.00472	0.00413
11	0.01659	0.01973	0.01317	0.01238	0.03292	0.58219	0.00908	0.05836	0.06086	0.01411	0.01166	0.12295	0.01096	0.00682	0.00490	0.00145	0.00768	0.00506	0.00318	0.00594
12	0.26392	0.00934	0.00952	0.00804	0.01086	0.04608	0.00644	0.10228	0.02744	0.20282	0.23962	0.01965	0.02007	0.00693	0.00474	0.00156	0.00399	0.00545	0.00480	0.00642
13	0.02187	0.00991	0.01254	0.00962	0.01356	0.00937	0.00794	0.20060	0.01666	0.61521	0.01812	0.01602	0.01160	0.00621	0.00508	0.00155	0.00460	0.00496	0.00598	0.00860
14	0.01090	0.00744	0.00883	0.00832	0.01002	0.00754	0.00624	0.21535	0.01419	0.07194	0.06012	0.44461	0.07189	0.01206	0.00594	0.00184	0.00373	0.02843	0.00494	0.00568
15	0.01030	0.06362	0.76001	0.01414	0.02147	0.01213	0.01821	0.01597	0.01066	0.01582	0.00898	0.01056	0.00641	0.00478	0.00473	0.00158	0.00738	0.00369	0.00214	0.00743
16	0.00644	0.00460	0.00619	0.00736	0.00777	0.00435	0.00518	0.00752	0.00995	0.01322	0.02772	0.71268	0.03284	0.01558	0.00653	0.00209	0.00317	0.11795	0.00469	0.00418
17	0.01125	0.00650	0.00817	0.00781	0.00967	0.00616	0.00602	0.01426	0.09905	0.20783	0.09055	0.26448	0.13949	0.01134	0.00592	0.00184	0.00349	0.09516	0.00520	0.00580
18	0.01091	0.01036	0.01620	0.01157	0.01625	0.00853	0.23218	0.01376	0.01091	0.01639	0.00935	0.01142	0.00754	0.00390	0.00440	0.00103	0.00516	0.00387	0.00287	0.60340
19	0.12943	0.00906	0.01349	0.01104	0.01381	0.00913	0.18599	0.05062	0.10628	0.09028	0.11941	0.20297	0.02008	0.00839	0.00546	0.00173	0.00469	0.00770	0.00431	0.00613
20	0.00617	0.00517	0.00540	0.00553	0.00716	0.00440	0.00424	0.00753	0.01149	0.01377	0.04855	0.06755	0.70476	0.01298	0.00608	0.00177	0.00275	0.07571	0.00469	0.00430
21	0.01101	0.01537	0.24797	0.23800	0.35826	0.01172	0.01605	0.01496	0.01089	0.01539	0.00924	0.01224	0.00719	0.00474	0.00496	0.00158	0.00664	0.00428	0.00232	0.00720
22	0.01252	0.01279	0.01806	0.26174	0.45632	0.12200	0.01428	0.01539	0.01149	0.01486	0.00912	0.01233	0.00742	0.00477	0.00496	0.00153	0.00666	0.00433	0.00244	0.00699
