[name]
unknown

[dist]
# distance from previous block
# <min> <max>
0	84

[block]
# block no. 0 follows, 48 sequences, length 20
# corresponding to MSA columns:
# 110-129
name=unknown_A
#
# <colnr> <probs for GDERKNQSTAVLIFYWHMCP>
#	G	D	E	R	K	N	Q	S	T	A	V	L	I	F	Y	W	H	M	C	P
0	0.01114	0.03161	0.02852	0.00979	0.02639	0.09561	0.04371	0.06074	0.01147	0.03969	0.01515	0.11942	0.02819	0.07956	0.13880	0.00286	0.00662	0.04902	0.00346	0.19825
1	0.10937	0.05466	0.19941	0.08581	0.01936	0.01343	0.09499	0.26335	0.03196	0.06342	0.01086	0.01204	0.00783	0.00535	0.00487	0.00159	0.00624	0.00433	0.00360	0.00751
2	0.01021	0.00887	0.04685	0.02414	0.01127	0.03838	0.00697	0.10364	0.01179	0.03557	0.01837	0.18852	0.06058	0.08704	0.14178	0.00300	0.00608	0.03646	0.00379	0.15670
3	0.06277	0.16118	0.04474	0.00918	0.01312	0.01081	0.00809	0.08630	0.01424	0.44868	0.07650	0.01621	0.01343	0.00616	0.00477	0.00150	0.00464	0.00481	0.00509	0.00781
4	0.01600	0.04044	0.07765	0.09249	0.01961	0.48979	0.11752	0.01831	0.01304	0.01342	0.00841	0.01053	0.00679	0.00528	0.00551	0.00148	0.05110	0.00390	0.00253	0.00619
5	0.01006	0.10558	0.19497	0.00927	0.01210	0.01003	0.00884	0.07985	0.01068	0.01455	0.03906	0.04581	0.05843	0.29576	0.02897	0.00294	0.05854	0.00603	0.00313	0.00542
6	0.06302	0.01030	0.03680	0.25116	0.01999	0.01101	0.01012	0.04983	0.26020	0.17091	0.01600	0.01786	0.01193	0.00641	0.00514	0.00171	0.00516	0.04093	0.00431	0.00720
7	0.03979	0.16590	0.45905	0.01446	0.05794	0.01340	0.08268	0.01639	0.01096	0.05622	0.00940	0.01100	0.00701	0.00492	0.00502	0.00155	0.03063	0.00390	0.00248	0.00731
8	0.00768	0.00685	0.01168	0.01033	0.01205	0.00637	0.18458	0.00951	0.01066	0.01403	0.02737	0.46706	0.14480	0.01337	0.02740	0.00212	0.00458	0.03050	0.00420	0.00487
9	0.01207	0.00887	0.01016	0.00862	0.01095	0.00924	0.00678	0.31672	0.01789	0.02442	0.37837	0.09231	0.06361	0.00931	0.00572	0.00163	0.00378	0.00790	0.00533	0.00633
10	0.01102	0.01276	0.07634	0.17963	0.06119	0.11833	0.19417	0.01428	0.03665	0.01454	0.01449	0.21441	0.01417	0.00771	0.00562	0.00174	0.00657	0.00725	0.00313	0.00600
11	0.02302	0.00873	0.01191	0.00913	0.01310	0.00754	0.00754	0.02501	0.01469	0.79122	0.02024	0.01746	0.01270	0.00635	0.00516	0.00159	0.00437	0.00516	0.00635	0.00873
12	0.01097	0.00607	0.00805	0.00708	0.00894	0.00548	0.00548	0.01329	0.01456	0.20190	0.60503	0.03342	0.04001	0.00952	0.00584	0.00161	0.00288	0.00831	0.00581	0.00576
13	0.01108	0.01303	0.08968	0.27990	0.06126	0.01262	0.34028	0.01485	0.01091	0.01490	0.00944	0.01320	0.00726	0.00515	0.00676	0.00176	0.09387	0.00513	0.00241	0.00649
14	0.01373	0.25605	0.23706	0.04421	0.01907	0.01393	0.15226	0.01776	0.04529	0.13709	0.01106	0.01214	0.00816	0.00496	0.00469	0.00149	0.00647	0.00423	0.00305	0.00730
15	0.01896	0.01433	0.01650	0.01254	0.01672	0.01569	0.06617	0.71452	0.02323	0.03116	0.01218	0.01243	0.00866	0.00602	0.00520	0.00155	0.00587	0.00473	0.00494	0.00859
16	0.00659	0.00504	0.00614	0.00687	0.00790	0.00459	0.00515	0.00794	0.01095	0.01385	0.03719	0.36553	0.32274	0.01450	0.00647	0.00201	0.00319	0.16426	0.00476	0.00434
17	0.01303	0.00844	0.01353	0.15464	0.11445	0.00834	0.07702	0.01552	0.01241	0.22959	0.12602	0.14610	0.01957	0.00809	0.00563	0.00172	0.00492	0.03001	0.00441	0.00656
18	0.01387	0.16093	0.38830	0.01318	0.01907	0.01349	0.08234	0.12049	0.01317	0.11217	0.01072	0.01166	0.00769	0.00510	0.00477	0.00153	0.00666	0.00409	0.00313	0.00765
19	0.00918	0.00725	0.01033	0.00952	0.00978	0.00915	0.00738	0.00952	0.00762	0.01111	0.01009	0.01672	0.01001	0.08211	0.24633	0.23286	0.29937	0.00500	0.00245	0.00421

[dist]
# distance from previous block
# <min> <max>
3	79

[block]
# block no. 1 follows, 48 sequences, length 8
# corresponding to MSA columns:
# 212-219
name=unknown_B
#
# <colnr> <probs for GDERKNQSTAVLIFYWHMCP>
#	G	D	E	R	K	N	Q	S	T	A	V	L	I	F	Y	W	H	M	C	P
0	0.01437	0.00909	0.07340	0.00860	0.01168	0.00746	0.00742	0.01837	0.11144	0.32521	0.27172	0.02613	0.07666	0.00811	0.00550	0.00163	0.00383	0.00686	0.00553	0.00699
1	0.01529	0.01296	0.01866	0.02463	0.52415	0.04963	0.01353	0.17865	0.01473	0.08153	0.01099	0.01283	0.00855	0.00509	0.00508	0.00152	0.00601	0.00457	0.00340	0.00820
2	0.05502	0.00920	0.01249	0.33020	0.02105	0.01031	0.00989	0.16898	0.01450	0.08143	0.21351	0.01988	0.01850	0.00682	0.00528	0.00163	0.00510	0.00576	0.00412	0.00633
3	0.00705	0.00524	0.00657	0.00624	0.00754	0.00475	0.00468	0.00928	0.01403	0.01940	0.65683	0.04026	0.17728	0.01093	0.00605	0.00163	0.00245	0.00955	0.00549	0.00475
4	0.00956	0.00478	0.00478	0.00478	0.00598	0.00478	0.00359	0.01196	0.01076	0.01913	0.01674	0.01913	0.01315	0.00598	0.00359	0.00120	0.00239	0.00478	0.84816	0.00478
5	0.00733	0.00550	0.00825	0.00825	0.00916	0.00641	0.00641	0.00916	0.00825	0.01191	0.01374	0.02016	0.01283	0.03848	0.79934	0.00825	0.01374	0.00550	0.00275	0.00458
6	0.68781	0.05548	0.12321	0.00801	0.01189	0.01204	0.00768	0.01527	0.00913	0.02145	0.00745	0.00869	0.00575	0.00476	0.00343	0.00157	0.00458	0.00292	0.00298	0.00591
7	0.01067	0.08628	0.50054	0.01208	0.01852	0.01111	0.01434	0.01520	0.01074	0.01605	0.00901	0.01056	0.00683	0.00452	0.00443	0.00133	0.00630	0.00349	0.00243	0.25558

[dist]
# distance from previous block
# <min> <max>
0	1

[block]
# block no. 2 follows, 48 sequences, length 9
# corresponding to MSA columns:
# 221-229
name=unknown_C
#
# <colnr> <probs for GDERKNQSTAVLIFYWHMCP>
#	G	D	E	R	K	N	Q	S	T	A	V	L	I	F	Y	W	H	M	C	P
0	0.00625	0.00447	0.00595	0.00714	0.00744	0.00417	0.00476	0.00714	0.00982	0.01310	0.02828	0.81633	0.03394	0.01608	0.00655	0.00208	0.00298	0.01459	0.00476	0.00417
1	0.85592	0.00992	0.00754	0.00675	0.00992	0.01151	0.00556	0.01508	0.00873	0.02302	0.00714	0.00834	0.00556	0.00476	0.00318	0.00159	0.00397	0.00278	0.00318	0.00556
2	0.00956	0.00478	0.00478	0.00478	0.00598	0.00478	0.00359	0.01196	0.01076	0.01913	0.01674	0.01913	0.01315	0.00598	0.00359	0.00120	0.00239	0.00478	0.84816	0.00478
3	0.00746	0.00497	0.00560	0.00560	0.00560	0.00497	0.00311	0.00746	0.00746	0.00995	0.01617	0.03358	0.01865	0.81967	0.02612	0.00497	0.00497	0.00746	0.00311	0.00311
4	0.01063	0.02106	0.51477	0.01421	0.01908	0.01328	0.01619	0.01485	0.00977	0.01485	0.00832	0.01097	0.00658	0.00634	0.00916	0.00185	0.29497	0.00404	0.00219	0.00688
5	0.01234	0.40963	0.29879	0.01113	0.01643	0.01611	0.01232	0.01756	0.13173	0.01505	0.01005	0.01088	0.00799	0.00497	0.00416	0.00139	0.00601	0.00360	0.00266	0.00718
6	0.01603	0.01264	0.01344	0.01110	0.01459	0.01429	0.00891	0.38717	0.41317	0.02673	0.01674	0.01584	0.01230	0.00657	0.00518	0.00164	0.00483	0.00523	0.00518	0.00841
7	0.42119	0.26198	0.05440	0.01167	0.13424	0.01435	0.00882	0.01533	0.00982	0.01832	0.00764	0.00911	0.00633	0.00462	0.00360	0.00143	0.00495	0.00310	0.00272	0.00638
8	0.01079	0.01262	0.13590	0.01081	0.01421	0.01082	0.00995	0.01324	0.00967	0.01508	0.00828	0.01088	0.00712	0.00582	0.00864	0.00143	0.29314	0.00368	0.00262	0.41528

[dist]
# distance from previous block
# <min> <max>
0	2

[block]
# block no. 3 follows, 48 sequences, length 40
# corresponding to MSA columns:
# 232-271
name=unknown_D
#
# <colnr> <probs for GDERKNQSTAVLIFYWHMCP>
#	G	D	E	R	K	N	Q	S	T	A	V	L	I	F	Y	W	H	M	C	P
0	0.00699	0.00517	0.00753	0.00790	0.00862	0.00571	0.00590	0.00853	0.00874	0.01228	0.01831	0.27023	0.01946	0.03144	0.55033	0.00631	0.01036	0.00835	0.00338	0.00445
1	0.00761	0.00599	0.00736	0.00712	0.00888	0.00502	0.00510	0.00898	0.01024	0.01430	0.02424	0.49917	0.08849	0.01196	0.00565	0.00164	0.00320	0.01065	0.00422	0.27018
2	0.01110	0.21407	0.61263	0.01325	0.02008	0.01389	0.01656	0.01604	0.01074	0.01527	0.00872	0.01022	0.00652	0.00476	0.00450	0.00150	0.00709	0.00354	0.00217	0.00735
3	0.00827	0.00591	0.00827	0.00945	0.01063	0.00591	0.00827	0.01063	0.01181	0.01536	0.02717	0.05788	0.02953	0.01417	0.00709	0.00236	0.00472	0.75313	0.00472	0.00472
4	0.00625	0.00447	0.00595	0.00714	0.00744	0.00417	0.00476	0.00714	0.00982	0.01310	0.02828	0.81633	0.03394	0.01608	0.00655	0.00208	0.00298	0.01459	0.00476	0.00417
5	0.01064	0.00912	0.01064	0.00760	0.01216	0.00684	0.00608	0.01292	0.01064	0.01672	0.00912	0.01064	0.00760	0.00380	0.00380	0.00076	0.00380	0.00304	0.00304	0.85104
6	0.01891	0.01433	0.01659	0.01259	0.01678	0.01568	0.07051	0.71021	0.02316	0.03107	0.01216	0.01244	0.00865	0.00601	0.00521	0.00156	0.00589	0.00473	0.00493	0.00858
7	0.01641	0.01215	0.01347	0.01012	0.01439	0.01215	0.00829	0.45365	0.01868	0.06433	0.01153	0.01195	0.00851	0.00530	0.00464	0.00125	0.00490	0.00406	0.00442	0.31980
8	0.01064	0.00912	0.01064	0.00760	0.01216	0.00684	0.00608	0.01292	0.01064	0.01672	0.00912	0.01064	0.00760	0.00380	0.00380	0.00076	0.00380	0.00304	0.00304	0.85104
9	0.01471	0.03819	0.47169	0.01307	0.01924	0.01072	0.05818	0.01915	0.01218	0.27390	0.01290	0.01315	0.00864	0.00532	0.00500	0.00161	0.00653	0.00435	0.00358	0.00790
10	0.01060	0.09829	0.72405	0.01410	0.02139	0.01267	0.01804	0.01617	0.01080	0.01587	0.00902	0.01060	0.00651	0.00483	0.00473	0.00158	0.00739	0.00370	0.00217	0.00749
11	0.00654	0.00522	0.00586	0.00570	0.00722	0.00453	0.00427	0.00829	0.01282	0.01653	0.34346	0.04499	0.49243	0.01200	0.00606	0.00169	0.00253	0.01021	0.00512	0.00453
12	0.08529	0.14708	0.01593	0.01196	0.01497	0.58811	0.00938	0.04497	0.01376	0.01400	0.00789	0.00913	0.00659	0.00514	0.00432	0.00132	0.00812	0.00322	0.00270	0.00611
13	0.01276	0.01102	0.01160	0.01044	0.01334	0.01276	0.00812	0.02727	0.77840	0.02146	0.02088	0.01914	0.01566	0.00696	0.00522	0.00174	0.00406	0.00580	0.00522	0.00812
14	0.01175	0.01123	0.01912	0.27518	0.55137	0.01194	0.01528	0.01492	0.01124	0.01562	0.00948	0.01301	0.00772	0.00475	0.00510	0.00158	0.00633	0.00457	0.00246	0.00737
15	0.00746	0.00497	0.00560	0.00560	0.00560	0.00497	0.00311	0.00746	0.00746	0.00995	0.01617	0.03358	0.01865	0.81967	0.02612	0.00497	0.00497	0.00746	0.00311	0.00311
16	0.00731	0.00560	0.00796	0.00816	0.00875	0.00636	0.00608	0.00868	0.00866	0.01220	0.01790	0.27034	0.01933	0.07722	0.44007	0.00563	0.07356	0.00839	0.00336	0.00444
17	0.00738	0.00508	0.00610	0.00594	0.00642	0.00492	0.00380	0.00835	0.01027	0.01418	0.32189	0.03547	0.03049	0.49789	0.01814	0.00364	0.00396	0.00818	0.00412	0.00380
18	0.00733	0.00550	0.00825	0.00825	0.00916	0.00641	0.00641	0.00916	0.00825	0.01191	0.01374	0.02016	0.01283	0.03848	0.79934	0.00825	0.01374	0.00550	0.00275	0.00458
19	0.01739	0.01332	0.01421	0.01138	0.01511	0.01492	0.00924	0.53710	0.26104	0.02892	0.01501	0.01446	0.01090	0.00641	0.00516	0.00160	0.00515	0.00499	0.00516	0.00854
20	0.01276	0.01102	0.01160	0.01044	0.01334	0.01276	0.00812	0.02727	0.77840	0.02146	0.02088	0.01914	0.01566	0.00696	0.00522	0.00174	0.00406	0.00580	0.00522	0.00812
21	0.01163	0.01206	0.07810	0.25525	0.25852	0.01211	0.01316	0.01862	0.25201	0.01711	0.01299	0.01487	0.00998	0.00551	0.00512	0.00166	0.00580	0.00489	0.00327	0.00736
22	0.01457	0.01713	0.01961	0.01581	0.01838	0.31825	0.23704	0.01672	0.01172	0.01365	0.00829	0.01124	0.00700	0.00616	0.00889	0.00173	0.26067	0.00450	0.00250	0.00613
23	0.00969	0.00912	0.01539	0.80734	0.03534	0.01140	0.01425	0.01311	0.01026	0.01311	0.00912	0.01368	0.00684	0.00513	0.00513	0.00171	0.00684	0.00456	0.00228	0.00570
24	0.01951	0.01437	0.01540	0.01181	0.01591	0.01591	0.00975	0.77056	0.02412	0.03234	0.01232	0.01232	0.00873	0.00616	0.00513	0.00154	0.00565	0.00462	0.00513	0.00873
25	0.01198	0.41950	0.41494	0.01174	0.01775	0.01606	0.01393	0.01581	0.01063	0.01419	0.00818	0.00955	0.00654	0.00464	0.00409	0.00136	0.00655	0.00327	0.00218	0.00709
26	0.01126	0.01110	0.01635	0.41832	0.26739	0.07704	0.01355	0.01427	0.01136	0.01479	0.07123	0.01493	0.01055	0.00547	0.00537	0.00162	0.02151	0.00484	0.00266	0.00641
27	0.01064	0.00912	0.01064	0.00760	0.01216	0.00684	0.00608	0.01292	0.01064	0.01672	0.00912	0.01064	0.00760	0.00380	0.00380	0.00076	0.00380	0.00304	0.00304	0.85104
28	0.00635	0.00451	0.00592	0.00702	0.00729	0.00424	0.00462	0.00717	0.00963	0.01284	0.02727	0.75091	0.03266	0.08324	0.00818	0.00233	0.00314	0.01399	0.00462	0.00408
29	0.00729	0.00541	0.00701	0.00787	0.00899	0.00513	0.00639	0.00908	0.01142	0.01465	0.05277	0.21978	0.20876	0.01421	0.00670	0.00213	0.00379	0.39931	0.00477	0.00451
30	0.01072	0.08919	0.66802	0.01474	0.02187	0.01268	0.08083	0.01619	0.01091	0.01593	0.00914	0.01088	0.00661	0.00479	0.00485	0.00159	0.00750	0.00390	0.00220	0.00745
31	0.00672	0.00473	0.00575	0.00637	0.00667	0.00450	0.00404	0.00729	0.00903	0.01191	0.02536	0.44368	0.08801	0.33540	0.01429	0.00321	0.00374	0.01145	0.00411	0.00376
32	0.01658	0.01266	0.01382	0.01048	0.01468	0.01305	0.00858	0.51501	0.04588	0.02722	0.01164	0.01204	0.00862	0.00547	0.00473	0.00131	0.00503	0.00418	0.00450	0.26449
33	0.00741	0.00518	0.00664	0.00664	0.00700	0.00554	0.00441	0.00813	0.00777	0.01072	0.01521	0.02829	0.01636	0.51180	0.33085	0.00626	0.00843	0.00669	0.00297	0.00369
34	0.00800	0.01206	0.25419	0.02598	0.01314	0.00771	0.00995	0.01056	0.00999	0.01403	0.02011	0.48004	0.02251	0.01175	0.00685	0.00195	0.07197	0.01015	0.00369	0.00539
35	0.01592	0.09183	0.26011	0.01329	0.01763	0.48675	0.01266	0.01873	0.01303	0.01368	0.00827	0.00966	0.00657	0.00508	0.00459	0.00140	0.00841	0.00341	0.00246	0.00652
36	0.00745	0.00539	0.00728	0.00837	0.00932	0.00523	0.00680	0.00926	0.01118	0.01452	0.02959	0.29539	0.09410	0.01467	0.00683	0.00222	0.00400	0.45912	0.00474	0.00452
37	0.01207	0.00975	0.01065	0.00935	0.01194	0.01076	0.00731	0.14322	0.41492	0.02261	0.22050	0.02464	0.06401	0.00807	0.00547	0.00167	0.00381	0.00678	0.00529	0.00716
38	0.01418	0.10094	0.08834	0.07372	0.01507	0.10928	0.00922	0.11566	0.05088	0.13507	0.21385	0.01934	0.01915	0.00685	0.00509	0.00152	0.00525	0.00552	0.00431	0.00675
39	0.01957	0.00871	0.01147	0.00932	0.01274	0.00815	0.00767	0.06234	0.07197	0.56565	0.01988	0.02078	0.01407	0.00970	0.07169	0.00222	0.00522	0.06506	0.00577	0.00802

[dist]
# distance from previous block
# <min> <max>
0	1

[block]
# block no. 4 follows, 48 sequences, length 11
# corresponding to MSA columns:
# 273-283
name=unknown_E
#
# <colnr> <probs for GDERKNQSTAVLIFYWHMCP>
#	G	D	E	R	K	N	Q	S	T	A	V	L	I	F	Y	W	H	M	C	P
0	0.16068	0.00868	0.01212	0.27733	0.09505	0.00948	0.00975	0.01502	0.01092	0.16793	0.01516	0.07773	0.05362	0.00862	0.05472	0.00209	0.00568	0.00555	0.00362	0.00624
1	0.25373	0.01169	0.07725	0.03511	0.16964	0.05608	0.00927	0.05218	0.05732	0.01808	0.01270	0.12019	0.01207	0.08574	0.00674	0.00197	0.00515	0.00561	0.00333	0.00617
2	0.14221	0.01037	0.01259	0.01499	0.23370	0.07023	0.00912	0.04598	0.03483	0.13190	0.07572	0.13852	0.04356	0.00757	0.00511	0.00163	0.00479	0.00644	0.00405	0.00668
3	0.01513	0.01254	0.07615	0.17470	0.23379	0.06001	0.03446	0.04987	0.01277	0.21548	0.01223	0.01366	0.00881	0.00523	0.00503	0.00154	0.00604	0.00454	0.00359	0.05444
4	0.01465	0.04557	0.13794	0.10819	0.08622	0.01213	0.01133	0.14141	0.19688	0.14852	0.01542	0.01559	0.03107	0.00603	0.00506	0.00162	0.00546	0.00494	0.00419	0.00778
5	0.01282	0.06033	0.01340	0.08279	0.10606	0.01084	0.00915	0.14710	0.11465	0.09145	0.01487	0.07765	0.01263	0.01477	0.20454	0.00328	0.00729	0.00569	0.00389	0.00678
6	0.01289	0.07762	0.22667	0.07760	0.01690	0.10536	0.01138	0.10138	0.07140	0.04349	0.01214	0.01402	0.03943	0.00769	0.00752	0.13134	0.02932	0.00442	0.00307	0.00636
7	0.01286	0.01179	0.06121	0.10692	0.07457	0.06589	0.02697	0.11068	0.07225	0.07964	0.09745	0.08641	0.01554	0.00764	0.00701	0.00173	0.12046	0.01749	0.00386	0.01962
8	0.04278	0.01561	0.05131	0.04355	0.16144	0.16702	0.01105	0.28699	0.10321	0.02207	0.01140	0.01236	0.00868	0.00556	0.00492	0.00150	0.00627	0.00434	0.00380	0.03613
9	0.12031	0.09836	0.10351	0.15932	0.01698	0.01141	0.00957	0.03446	0.17143	0.06004	0.01708	0.04655	0.08905	0.03409	0.00552	0.00174	0.00503	0.00543	0.00365	0.00646
10	0.06845	0.01274	0.01533	0.10264	0.01813	0.06238	0.10310	0.26463	0.19652	0.02258	0.01366	0.01571	0.01055	0.00613	0.00515	0.00163	0.00580	0.03662	0.00415	0.03411

[dist]
# distance from previous block
# <min> <max>
9	47

[block]
# block no. 5 follows, 48 sequences, length 45
# corresponding to MSA columns:
# 333-377
name=unknown_F
#
# <colnr> <probs for GDERKNQSTAVLIFYWHMCP>
#	G	D	E	R	K	N	Q	S	T	A	V	L	I	F	Y	W	H	M	C	P
0	0.03076	0.03126	0.03480	0.01405	0.12129	0.01088	0.13158	0.10719	0.17785	0.01814	0.01720	0.09693	0.05161	0.12345	0.00838	0.00216	0.00536	0.00667	0.00384	0.00660
1	0.23304	0.03179	0.03585	0.04711	0.36290	0.01152	0.06271	0.01482	0.01041	0.03101	0.00972	0.01360	0.00839	0.08417	0.00686	0.00190	0.02026	0.00443	0.00280	0.00671
2	0.01185	0.08902	0.01572	0.04581	0.29628	0.01078	0.01092	0.05247	0.05763	0.03733	0.01559	0.03668	0.03189	0.00727	0.00528	0.00162	0.00520	0.17005	0.00351	0.09510
3	0.01518	0.01147	0.01260	0.00994	0.01357	0.04932	0.02082	0.28634	0.09764	0.09550	0.10220	0.01615	0.01410	0.00674	0.02016	0.00151	0.00492	0.00493	0.00460	0.21232
4	0.01465	0.01132	0.01353	0.01078	0.01443	0.01163	0.05653	0.33668	0.11490	0.04710	0.01659	0.02024	0.04981	0.00697	0.00523	0.00154	0.00499	0.09199	0.00456	0.16653
5	0.01233	0.00940	0.01156	0.01095	0.08752	0.00887	0.00784	0.17451	0.03077	0.05875	0.01747	0.12693	0.05870	0.00777	0.00513	0.00145	0.00436	0.07867	0.00415	0.28288
6	0.01270	0.00971	0.01124	0.01056	0.04971	0.01045	0.00773	0.29582	0.14490	0.02259	0.09391	0.26751	0.02162	0.00974	0.00568	0.00175	0.00425	0.00839	0.00496	0.00679
7	0.00635	0.00482	0.00601	0.00672	0.00753	0.00448	0.00475	0.00749	0.01028	0.01327	0.03396	0.48999	0.25766	0.01729	0.08367	0.00259	0.00395	0.03036	0.00457	0.00427
8	0.01297	0.40758	0.05039	0.09435	0.24373	0.01602	0.06362	0.01554	0.01099	0.02874	0.00861	0.01072	0.00726	0.00456	0.00427	0.00135	0.00606	0.00376	0.00241	0.00705
9	0.01287	0.34841	0.11828	0.08801	0.01667	0.01579	0.01045	0.05585	0.25134	0.01663	0.01215	0.01271	0.00954	0.00541	0.00437	0.00145	0.00545	0.00410	0.00329	0.00721
10	0.00683	0.00473	0.00576	0.00634	0.00653	0.00456	0.00394	0.00730	0.00873	0.01160	0.02310	0.41530	0.04825	0.40495	0.01601	0.00347	0.00393	0.01103	0.00396	0.00366
11	0.35693	0.01591	0.31197	0.01034	0.01471	0.01125	0.01114	0.01467	0.01015	0.01920	0.09917	0.01307	0.01105	0.00584	0.00534	0.00166	0.07428	0.00408	0.00300	0.00626
12	0.51084	0.24081	0.03812	0.00820	0.01180	0.09075	0.00731	0.01573	0.00984	0.01871	0.00728	0.00847	0.00598	0.00471	0.00340	0.00142	0.00502	0.00285	0.00282	0.00595
13	0.00697	0.00477	0.00574	0.00623	0.00635	0.00464	0.00379	0.00733	0.00843	0.01124	0.02114	0.35469	0.02492	0.49001	0.01809	0.00379	0.00416	0.01038	0.00379	0.00354
14	0.03717	0.50652	0.02163	0.00962	0.01370	0.01800	0.00881	0.17995	0.12722	0.01812	0.01029	0.01073	0.00837	0.00516	0.00397	0.00130	0.00527	0.00360	0.00330	0.00725
15	0.01403	0.06010	0.43604	0.05215	0.01985	0.22179	0.01473	0.01804	0.01215	0.09044	0.00984	0.01108	0.00715	0.00512	0.00478	0.00152	0.00758	0.00378	0.00271	0.00712
16	0.00927	0.00656	0.00984	0.25799	0.01721	0.00703	0.00854	0.01129	0.01074	0.08928	0.02133	0.37006	0.02271	0.01141	0.00605	0.00196	0.00459	0.12481	0.00414	0.00518
17	0.01740	0.01332	0.01421	0.01138	0.01511	0.01493	0.00924	0.53806	0.26005	0.02894	0.01500	0.01445	0.01090	0.00641	0.00516	0.00160	0.00515	0.00499	0.00516	0.00854
18	0.00730	0.00531	0.00691	0.00669	0.00792	0.00492	0.00513	0.00966	0.01412	0.01974	0.67533	0.04077	0.08257	0.01097	0.00615	0.00169	0.00265	0.08184	0.00552	0.00481
19	0.00969	0.00912	0.01539	0.80734	0.03534	0.01140	0.01425	0.01311	0.01026	0.01311	0.00912	0.01368	0.00684	0.00513	0.00513	0.00171	0.00684	0.00456	0.00228	0.00570
20	0.00710	0.00523	0.00658	0.00625	0.00750	0.00477	0.00465	0.00928	0.01390	0.01929	0.65661	0.03975	0.15251	0.03603	0.00668	0.00174	0.00253	0.00944	0.00544	0.00471
21	0.00606	0.00520	0.00520	0.00520	0.00693	0.00433	0.00390	0.00736	0.01170	0.01386	0.05198	0.04938	0.78558	0.01299	0.00606	0.00173	0.00260	0.01083	0.00476	0.00433
22	0.00726	0.00524	0.00686	0.00646	0.00767	0.00484	0.00484	0.00968	0.01452	0.02058	0.78496	0.03833	0.04841	0.01049	0.00605	0.00161	0.00242	0.00928	0.00565	0.00484
23	0.01123	0.01123	0.01572	0.01347	0.01347	0.01572	0.01123	0.01235	0.00786	0.01235	0.00674	0.01123	0.00674	0.00898	0.01684	0.00225	0.81028	0.00449	0.00225	0.00561
24	0.85592	0.00992	0.00754	0.00675	0.00992	0.01151	0.00556	0.01508	0.00873	0.02302	0.00714	0.00834	0.00556	0.00476	0.00318	0.00159	0.00397	0.00278	0.00318	0.00556
25	0.00746	0.00497	0.00560	0.00560	0.00560	0.00497	0.00311	0.00746	0.00746	0.00995	0.01617	0.03358	0.01865	0.81967	0.02612	0.00497	0.00497	0.00746	0.00311	0.00311
26	0.85592	0.00992	0.00754	0.00675	0.00992	0.01151	0.00556	0.01508	0.00873	0.02302	0.00714	0.00834	0.00556	0.00476	0.00318	0.00159	0.00397	0.00278	0.00318	0.00556
27	0.02040	0.01294	0.01451	0.01112	0.01520	0.01378	0.00919	0.58065	0.02172	0.22564	0.01434	0.01363	0.00974	0.00621	0.00514	0.00155	0.00532	0.00476	0.00544	0.00873
28	0.02144	0.01518	0.01299	0.01081	0.01423	0.33226	0.00851	0.02315	0.01463	0.47178	0.01519	0.01410	0.01020	0.00591	0.00494	0.00148	0.00637	0.00440	0.00483	0.00759
29	0.00956	0.00478	0.00478	0.00478	0.00598	0.00478	0.00359	0.01196	0.01076	0.01913	0.01674	0.01913	0.01315	0.00598	0.00359	0.00120	0.00239	0.00478	0.84816	0.00478
30	0.35830	0.01006	0.01008	0.00795	0.01167	0.01007	0.00647	0.08748	0.01103	0.02061	0.00850	0.00989	0.00683	0.00468	0.00431	0.00125	0.04343	0.00316	0.00326	0.38097
31	0.00967	0.00911	0.01266	0.01149	0.01159	0.01210	0.00920	0.01072	0.00847	0.01258	0.01347	0.26305	0.01524	0.01120	0.01362	0.00219	0.55776	0.00765	0.00303	0.00516
32	0.00819	0.08698	0.08530	0.00748	0.00962	0.00704	0.00660	0.01088	0.01377	0.01933	0.63370	0.03272	0.04026	0.00935	0.00567	0.00156	0.00322	0.00811	0.00497	0.00528
33	0.00891	0.00446	0.00668	0.00668	0.00668	0.00446	0.00446	0.00668	0.00668	0.00891	0.00891	0.01560	0.00891	0.01783	0.02005	0.85071	0.00446	0.00446	0.00223	0.00223
34	0.00618	0.00520	0.00536	0.00532	0.00700	0.00438	0.00399	0.00759	0.01197	0.01451	0.12328	0.04831	0.71387	0.01275	0.00606	0.00172	0.00258	0.01068	0.00485	0.00438
35	0.00795	0.08514	0.01006	0.00830	0.00955	0.00777	0.00664	0.00977	0.00846	0.01193	0.01310	0.01900	0.01222	0.03516	0.72177	0.00755	0.01294	0.00523	0.00269	0.00478
36	0.01029	0.02654	0.79309	0.01462	0.02221	0.01192	0.01896	0.01625	0.01083	0.01625	0.00921	0.01083	0.00650	0.00487	0.00487	0.00162	0.00758	0.00379	0.00217	0.00758
37	0.00827	0.00591	0.00827	0.00945	0.01063	0.00591	0.00827	0.01063	0.01181	0.01536	0.02717	0.05788	0.02953	0.01417	0.00709	0.00236	0.00472	0.75313	0.00472	0.00472
38	0.01132	0.01078	0.01833	0.38766	0.44230	0.01183	0.01506	0.01454	0.01103	0.01509	0.00941	0.01315	0.00754	0.00483	0.00510	0.00161	0.00644	0.00457	0.00242	0.00701
39	0.01376	0.01080	0.01163	0.01031	0.01332	0.01225	0.00807	0.02705	0.70397	0.09648	0.02082	0.01898	0.01537	0.00690	0.00522	0.00173	0.00409	0.00574	0.00533	0.00818
40	0.02302	0.00873	0.01191	0.00913	0.01310	0.00754	0.00754	0.02501	0.01469	0.79122	0.02024	0.01746	0.01270	0.00635	0.00516	0.00159	0.00437	0.00516	0.00635	0.00873
41	0.00625	0.00447	0.00595	0.00714	0.00744	0.00417	0.00476	0.00714	0.00982	0.01310	0.02828	0.81633	0.03394	0.01608	0.00655	0.00208	0.00298	0.01459	0.00476	0.00417
42	0.00827	0.00591	0.00827	0.00945	0.01063	0.00591	0.00827	0.01063	0.01181	0.01536	0.02717	0.05788	0.02953	0.01417	0.00709	0.00236	0.00472	0.75313	0.00472	0.00472
43	0.02302	0.00873	0.01191	0.00913	0.01310	0.00754	0.00754	0.02501	0.01469	0.79122	0.02024	0.01746	0.01270	0.00635	0.00516	0.00159	0.00437	0.00516	0.00635	0.00873
44	0.00726	0.00524	0.00686	0.00646	0.00767	0.00484	0.00484	0.00968	0.01452	0.02058	0.78496	0.03833	0.04841	0.01049	0.00605	0.00161	0.00242	0.00928	0.00565	0.00484

[dist]
# distance from previous block
# <min> <max>
0	22

[block]
# block no. 6 follows, 48 sequences, length 71
# corresponding to MSA columns:
# 400-470
name=unknown_G
#
# <colnr> <probs for GDERKNQSTAVLIFYWHMCP>
#	G	D	E	R	K	N	Q	S	T	A	V	L	I	F	Y	W	H	M	C	P
0	0.01021	0.02600	0.77307	0.01442	0.02184	0.01174	0.01860	0.01608	0.01093	0.01636	0.02896	0.01153	0.00757	0.00502	0.00490	0.00162	0.00745	0.00393	0.00226	0.00751
1	0.01509	0.49580	0.07623	0.03092	0.01521	0.26400	0.00999	0.01698	0.01174	0.01254	0.00758	0.00887	0.00659	0.00472	0.00387	0.00122	0.00685	0.00304	0.00234	0.00643
2	0.00956	0.00478	0.00478	0.00478	0.00598	0.00478	0.00359	0.01196	0.01076	0.01913	0.01674	0.01913	0.01315	0.00598	0.00359	0.00120	0.00239	0.00478	0.84816	0.00478
3	0.00826	0.00701	0.00724	0.00687	0.00885	0.00702	0.00517	0.01362	0.25211	0.01598	0.03972	0.03878	0.49030	0.06744	0.00720	0.00196	0.00322	0.00902	0.00479	0.00544
4	0.00726	0.00524	0.00686	0.00646	0.00767	0.00484	0.00484	0.00968	0.01452	0.02058	0.78496	0.03833	0.04841	0.01049	0.00605	0.00161	0.00242	0.00928	0.00565	0.00484
5	0.00628	0.00523	0.00551	0.00560	0.00724	0.00446	0.00427	0.00770	0.01180	0.01427	0.08502	0.06755	0.67950	0.01303	0.00615	0.00178	0.00275	0.06268	0.00480	0.00438
6	0.00956	0.00478	0.00478	0.00478	0.00598	0.00478	0.00359	0.01196	0.01076	0.01913	0.01674	0.01913	0.01315	0.00598	0.00359	0.00120	0.00239	0.00478	0.84816	0.00478
7	0.00720	0.00524	0.00678	0.00639	0.00763	0.00482	0.00480	0.00957	0.01439	0.02025	0.74963	0.03886	0.08395	0.01061	0.00605	0.00162	0.00243	0.00935	0.00561	0.00482
8	0.01348	0.76716	0.08040	0.00919	0.01380	0.01972	0.00949	0.01543	0.01045	0.01236	0.00728	0.00841	0.00658	0.00442	0.00340	0.00113	0.00563	0.00282	0.00219	0.00665
9	0.00891	0.00446	0.00668	0.00668	0.00668	0.00446	0.00446	0.00668	0.00668	0.00891	0.00891	0.01560	0.00891	0.01783	0.02005	0.85071	0.00446	0.00446	0.00223	0.00223
10	0.01034	0.02622	0.77399	0.01480	0.02232	0.01194	0.03773	0.01625	0.01087	0.01625	0.00924	0.01091	0.00653	0.00486	0.00490	0.00163	0.00761	0.00385	0.00218	0.00757
11	0.01876	0.02237	0.01501	0.01468	0.08687	0.67282	0.01033	0.03518	0.01447	0.05087	0.00877	0.01003	0.00709	0.00529	0.00470	0.00136	0.00865	0.00354	0.00286	0.00634
12	0.85592	0.00992	0.00754	0.00675	0.00992	0.01151	0.00556	0.01508	0.00873	0.02302	0.00714	0.00834	0.00556	0.00476	0.00318	0.00159	0.00397	0.00278	0.00318	0.00556
13	0.02302	0.00873	0.01191	0.00913	0.01310	0.00754	0.00754	0.02501	0.01469	0.79122	0.02024	0.01746	0.01270	0.00635	0.00516	0.00159	0.00437	0.00516	0.00635	0.00873
14	0.01327	0.01234	0.01455	0.01701	0.25639	0.07859	0.01048	0.07156	0.36903	0.01943	0.01786	0.01794	0.06584	0.00644	0.00518	0.00162	0.00514	0.00548	0.00412	0.00772
15	0.00684	0.00471	0.00578	0.00640	0.00655	0.00456	0.00396	0.00730	0.00868	0.01158	0.02242	0.43781	0.02655	0.40467	0.01601	0.00348	0.00394	0.01114	0.00396	0.00366
16	0.01064	0.00912	0.01064	0.00760	0.01216	0.00684	0.00608	0.01292	0.01064	0.01672	0.00912	0.01064	0.00760	0.00380	0.00380	0.00076	0.00380	0.00304	0.00304	0.85104
17	0.01917	0.02445	0.01454	0.01322	0.01586	0.79907	0.00991	0.02049	0.01454	0.01256	0.00793	0.00925	0.00661	0.00529	0.00463	0.00132	0.00925	0.00330	0.00264	0.00595
18	0.00733	0.00550	0.00825	0.00825	0.00916	0.00641	0.00641	0.00916	0.00825	0.01191	0.01374	0.02016	0.01283	0.03848	0.79934	0.00825	0.01374	0.00550	0.00275	0.00458
19	0.00726	0.00524	0.00686	0.00646	0.00767	0.00484	0.00484	0.00968	0.01452	0.02058	0.78496	0.03833	0.04841	0.01049	0.00605	0.00161	0.00242	0.00928	0.00565	0.00484
20	0.00990	0.00933	0.01577	0.75316	0.08788	0.01146	0.01435	0.01329	0.01036	0.01337	0.00916	0.01361	0.00693	0.00509	0.00513	0.00170	0.00679	0.00456	0.00230	0.00587
21	0.02302	0.00873	0.01191	0.00913	0.01310	0.00754	0.00754	0.02501	0.01469	0.79122	0.02024	0.01746	0.01270	0.00635	0.00516	0.00159	0.00437	0.00516	0.00635	0.00873
22	0.02285	0.00900	0.01208	0.00926	0.01323	0.00794	0.00765	0.06094	0.01514	0.75464	0.01986	0.01722	0.01251	0.00634	0.00516	0.00159	0.00443	0.00513	0.00629	0.00873
23	0.02152	0.00907	0.01186	0.00932	0.01313	0.00831	0.00763	0.02534	0.12668	0.67833	0.02034	0.01771	0.01314	0.00644	0.00517	0.00161	0.00432	0.00525	0.00619	0.00864
24	0.01917	0.02445	0.01454	0.01322	0.01586	0.79907	0.00991	0.02049	0.01454	0.01256	0.00793	0.00925	0.00661	0.00529	0.00463	0.00132	0.00925	0.00330	0.00264	0.00595
25	0.01276	0.01102	0.01160	0.01044	0.01334	0.01276	0.00812	0.02727	0.77840	0.02146	0.02088	0.01914	0.01566	0.00696	0.00522	0.00174	0.00406	0.00580	0.00522	0.00812
26	0.00969	0.00912	0.01539	0.80734	0.03534	0.01140	0.01425	0.01311	0.01026	0.01311	0.00912	0.01368	0.00684	0.00513	0.00513	0.00171	0.00684	0.00456	0.00228	0.00570
27	0.00625	0.00447	0.00595	0.00714	0.00744	0.00417	0.00476	0.00714	0.00982	0.01310	0.02828	0.81633	0.03394	0.01608	0.00655	0.00208	0.00298	0.01459	0.00476	0.00417
28	0.00726	0.00524	0.00686	0.00646	0.00767	0.00484	0.00484	0.00968	0.01452	0.02058	0.78496	0.03833	0.04841	0.01049	0.00605	0.00161	0.00242	0.00928	0.00565	0.00484
29	0.85592	0.00992	0.00754	0.00675	0.00992	0.01151	0.00556	0.01508	0.00873	0.02302	0.00714	0.00834	0.00556	0.00476	0.00318	0.00159	0.00397	0.00278	0.00318	0.00556
30	0.01175	0.01123	0.01912	0.27508	0.55146	0.01194	0.01528	0.01492	0.01124	0.01562	0.00948	0.01301	0.00772	0.00475	0.00510	0.00158	0.00633	0.00457	0.00246	0.00737
31	0.01214	0.01376	0.02982	0.02210	0.06349	0.01294	0.73272	0.01640	0.01209	0.01645	0.01035	0.01379	0.00780	0.00434	0.00601	0.00172	0.00853	0.00598	0.00259	0.00698
32	0.00625	0.00447	0.00595	0.00714	0.00744	0.00417	0.00476	0.00714	0.00982	0.01310	0.02828	0.81633	0.03394	0.01608	0.00655	0.00208	0.00298	0.01459	0.00476	0.00417
33	0.02302	0.00873	0.01191	0.00913	0.01310	0.00754	0.00754	0.02501	0.01469	0.79122	0.02024	0.01746	0.01270	0.00635	0.00516	0.00159	0.00437	0.00516	0.00635	0.00873
34	0.00748	0.00532	0.00724	0.00835	0.00912	0.00521	0.00664	0.00915	0.01079	0.01416	0.02680	0.33087	0.03037	0.07112	0.00822	0.00244	0.00411	0.43358	0.00463	0.00441
35	0.00625	0.00447	0.00595	0.00714	0.00744	0.00417	0.00476	0.00714	0.00982	0.01310	0.02828	0.81633	0.03394	0.01608	0.00655	0.00208	0.00298	0.01459	0.00476	0.00417
36	0.00623	0.00454	0.00588	0.00694	0.00739	0.00418	0.00467	0.00717	0.01002	0.01318	0.03072	0.73753	0.11116	0.01576	0.00650	0.00205	0.00294	0.01420	0.00476	0.00418
37	0.01124	0.01137	0.01858	0.48769	0.18533	0.06069	0.12298	0.01458	0.01108	0.01429	0.00934	0.01323	0.00722	0.00491	0.00522	0.00165	0.00710	0.00470	0.00240	0.00638
38	0.07298	0.01625	0.01181	0.01108	0.01296	0.43668	0.02706	0.01542	0.01227	0.01355	0.01427	0.26279	0.01515	0.00879	0.00576	0.00163	0.04590	0.00694	0.00333	0.00537
39	0.00625	0.00447	0.00595	0.00714	0.00744	0.00417	0.00476	0.00714	0.00982	0.01310	0.02828	0.81633	0.03394	0.01608	0.00655	0.00208	0.00298	0.01459	0.00476	0.00417
40	0.01144	0.01210	0.02413	0.26985	0.14788	0.01236	0.41485	0.01528	0.01146	0.01544	0.00987	0.01361	0.00754	0.00462	0.00561	0.00169	0.00768	0.00536	0.00249	0.00673
41	0.01181	0.05340	0.15208	0.04305	0.12354	0.01256	0.23985	0.01871	0.22006	0.01736	0.01349	0.04798	0.01076	0.00569	0.00535	0.00167	0.00643	0.00555	0.00329	0.00735
42	0.01127	0.01140	0.01465	0.01277	0.01307	0.06920	0.01050	0.01250	0.00838	0.01231	0.00774	0.01226	0.00753	0.01259	0.11867	0.00297	0.64982	0.00454	0.00234	0.00550
43	0.01518	0.01690	0.01841	0.02448	0.49145	0.31420	0.01351	0.01757	0.01278	0.01515	0.00899	0.01138	0.00754	0.00485	0.00491	0.00145	0.00731	0.00409	0.00258	0.00729
44	0.80102	0.02772	0.02500	0.00707	0.01039	0.01181	0.00601	0.03207	0.00916	0.02285	0.00730	0.00848	0.00567	0.00479	0.00326	0.00158	0.00412	0.00284	0.00318	0.00569
45	0.00625	0.00447	0.00595	0.00714	0.00744	0.00417	0.00476	0.00714	0.00982	0.01310	0.02828	0.81633	0.03394	0.01608	0.00655	0.00208	0.00298	0.01459	0.00476	0.00417
46	0.01462	0.17242	0.01771	0.21150	0.08523	0.33496	0.02897	0.01660	0.01206	0.01290	0.00832	0.01082	0.00691	0.00551	0.00521	0.03660	0.00745	0.00373	0.00244	0.00606
47	0.00655	0.00475	0.00630	0.00719	0.00770	0.00446	0.00488	0.00754	0.00967	0.01306	0.02604	0.69953	0.03082	0.04528	0.06249	0.00256	0.00383	0.01322	0.00449	0.03966
48	0.01466	0.04986	0.01306	0.01096	0.02817	0.01204	0.00900	0.33088	0.13824	0.05733	0.01839	0.02775	0.01642	0.00870	0.00567	0.00181	0.00505	0.23987	0.00488	0.00726
49	0.00977	0.00920	0.01553	0.78733	0.05474	0.01142	0.01429	0.01318	0.01030	0.01320	0.00913	0.01365	0.00687	0.00512	0.00513	0.00171	0.00682	0.00456	0.00229	0.00576
50	0.01039	0.00853	0.00955	0.00872	0.01089	0.00934	0.00670	0.01967	0.44840	0.02108	0.35097	0.02743	0.02981	0.00849	0.00558	0.00169	0.00335	0.00730	0.00541	0.00670
51	0.01123	0.01123	0.01572	0.01347	0.01347	0.01572	0.01123	0.01235	0.00786	0.01235	0.00674	0.01123	0.00674	0.00898	0.01684	0.00225	0.81028	0.00449	0.00225	0.00561
52	0.00644	0.00491	0.00593	0.00632	0.00733	0.00439	0.00449	0.00786	0.01163	0.01523	0.22636	0.36380	0.28947	0.01364	0.00626	0.00185	0.00271	0.01199	0.00499	0.00439
53	0.00606	0.00520	0.00520	0.00520	0.00693	0.00433	0.00390	0.00736	0.01170	0.01386	0.05198	0.04938	0.78558	0.01299	0.00606	0.00173	0.00260	0.01083	0.00476	0.00433
54	0.85592	0.00992	0.00754	0.00675	0.00992	0.01151	0.00556	0.01508	0.00873	0.02302	0.00714	0.00834	0.00556	0.00476	0.00318	0.00159	0.00397	0.00278	0.00318	0.00556
55	0.00746	0.00497	0.00560	0.00560	0.00560	0.00497	0.00311	0.00746	0.00746	0.00995	0.01617	0.03358	0.01865	0.81967	0.02612	0.00497	0.00497	0.00746	0.00311	0.00311
56	0.01951	0.01437	0.01540	0.01181	0.01591	0.01591	0.00975	0.77056	0.02412	0.03234	0.01232	0.01232	0.00873	0.00616	0.00513	0.00154	0.00565	0.00462	0.00513	0.00873
57	0.00625	0.00447	0.00595	0.00714	0.00744	0.00417	0.00476	0.00714	0.00982	0.01310	0.02828	0.81633	0.03394	0.01608	0.00655	0.00208	0.00298	0.01459	0.00476	0.00417
58	0.85592	0.00992	0.00754	0.00675	0.00992	0.01151	0.00556	0.01508	0.00873	0.02302	0.00714	0.00834	0.00556	0.00476	0.00318	0.00159	0.00397	0.00278	0.00318	0.00556
59	0.02192	0.01050	0.01300	0.00997	0.01398	0.01017	0.00824	0.25908	0.01765	0.55296	0.01776	0.01585	0.01145	0.00629	0.00515	0.00157	0.00477	0.00499	0.00597	0.00873
60	0.01123	0.01123	0.01572	0.01347	0.01347	0.01572	0.01123	0.01235	0.00786	0.01235	0.00674	0.01123	0.00674	0.00898	0.01684	0.00225	0.81028	0.00449	0.00225	0.00561
61	0.00850	0.00571	0.00769	0.05193	0.00961	0.00540	0.00556	0.01095	0.01429	0.07397	0.68768	0.03548	0.04357	0.00990	0.00594	0.00162	0.00281	0.00872	0.00551	0.00516
62	0.02003	0.01273	0.01429	0.01104	0.01504	0.01358	0.00909	0.53661	0.06435	0.22707	0.01484	0.01403	0.01014	0.00625	0.00514	0.00156	0.00523	0.00483	0.00545	0.00869
63	0.80882	0.00986	0.00779	0.00688	0.01010	0.01129	0.00567	0.01564	0.00907	0.06647	0.00789	0.00885	0.00596	0.00485	0.00329	0.00159	0.00399	0.00291	0.00335	0.00574
64	0.00759	0.00521	0.00615	0.05094	0.00728	0.00534	0.00374	0.00778	0.00762	0.01013	0.01577	0.03245	0.01799	0.77361	0.02493	0.00479	0.00508	0.00730	0.00306	0.00326
65	0.02302	0.00873	0.01191	0.00913	0.01310	0.00754	0.00754	0.02501	0.01469	0.79122	0.02024	0.01746	0.01270	0.00635	0.00516	0.00159	0.00437	0.00516	0.00635	0.00873
66	0.85592	0.00992	0.00754	0.00675	0.00992	0.01151	0.00556	0.01508	0.00873	0.02302	0.00714	0.00834	0.00556	0.00476	0.00318	0.00159	0.00397	0.00278	0.00318	0.00556
67	0.02219	0.01061	0.01267	0.00983	0.01375	0.05377	0.00806	0.15489	0.01633	0.61472	0.01816	0.01610	0.01166	0.00626	0.00513	0.00156	0.00487	0.00496	0.00593	0.00857
68	0.01031	0.02556	0.74884	0.01423	0.02164	0.01163	0.01823	0.01606	0.01082	0.01628	0.00920	0.01082	0.00656	0.00481	0.00481	0.00158	0.00737	0.00375	0.00222	0.05528
69	0.00731	0.00516	0.00640	0.00701	0.00745	0.00504	0.00462	0.05040	0.01002	0.01338	0.02426	0.56937	0.02858	0.22237	0.01151	0.00280	0.00364	0.01219	0.00436	0.00415
70	0.01454	0.01008	0.01214	0.06455	0.01469	0.00907	0.00764	0.16427	0.01399	0.15831	0.01174	0.01241	0.00868	0.00481	0.00440	0.00113	0.00448	0.00384	0.00399	0.47525

[dist]
# distance from previous block
# <min> <max>
0	54

[block]
# block no. 7 follows, 48 sequences, length 85
# corresponding to MSA columns:
# 525-609
name=unknown_H
#
# <colnr> <probs for GDERKNQSTAVLIFYWHMCP>
#	G	D	E	R	K	N	Q	S	T	A	V	L	I	F	Y	W	H	M	C	P
0	0.72965	0.01139	0.02544	0.00761	0.01090	0.06279	0.00635	0.04772	0.00994	0.03929	0.00774	0.00882	0.00594	0.00489	0.00343	0.00157	0.00447	0.00296	0.00327	0.00583
1	0.00625	0.00447	0.00595	0.00714	0.00744	0.00417	0.00476	0.00714	0.00982	0.01310	0.02828	0.81633	0.03394	0.01608	0.00655	0.00208	0.00298	0.01459	0.00476	0.00417
2	0.01702	0.01019	0.01241	0.01071	0.05006	0.01059	0.00805	0.34788	0.01646	0.20027	0.01307	0.01444	0.00967	0.00939	0.00932	0.23939	0.00504	0.00470	0.00448	0.00688
3	0.00969	0.00912	0.01539	0.80734	0.03534	0.01140	0.01425	0.01311	0.01026	0.01311	0.00912	0.01368	0.00684	0.00513	0.00513	0.00171	0.00684	0.00456	0.00228	0.00570
4	0.00606	0.00520	0.00520	0.00520	0.00693	0.00433	0.00390	0.00736	0.01170	0.01386	0.05198	0.04938	0.78558	0.01299	0.00606	0.00173	0.00260	0.01083	0.00476	0.00433
5	0.01276	0.01102	0.01160	0.01044	0.01334	0.01276	0.00812	0.02727	0.77840	0.02146	0.02088	0.01914	0.01566	0.00696	0.00522	0.00174	0.00406	0.00580	0.00522	0.00812
6	0.85592	0.00992	0.00754	0.00675	0.00992	0.01151	0.00556	0.01508	0.00873	0.02302	0.00714	0.00834	0.00556	0.00476	0.00318	0.00159	0.00397	0.00278	0.00318	0.00556
7	0.00625	0.00447	0.00595	0.00714	0.00744	0.00417	0.00476	0.00714	0.00982	0.01310	0.02828	0.81633	0.03394	0.01608	0.00655	0.00208	0.00298	0.01459	0.00476	0.00417
8	0.01372	0.82276	0.02689	0.00878	0.01317	0.02030	0.00878	0.01536	0.01043	0.01207	0.00713	0.00823	0.00658	0.00439	0.00329	0.00110	0.00549	0.00274	0.00219	0.00658
9	0.01064	0.00912	0.01064	0.00760	0.01216	0.00684	0.00608	0.01292	0.01064	0.01672	0.00912	0.01064	0.00760	0.00380	0.00380	0.00076	0.00380	0.00304	0.00304	0.85104
10	0.02302	0.00873	0.01191	0.00913	0.01310	0.00754	0.00754	0.02501	0.01469	0.79122	0.02024	0.01746	0.01270	0.00635	0.00516	0.00159	0.00437	0.00516	0.00635	0.00873
11	0.85592	0.00992	0.00754	0.00675	0.00992	0.01151	0.00556	0.01508	0.00873	0.02302	0.00714	0.00834	0.00556	0.00476	0.00318	0.00159	0.00397	0.00278	0.00318	0.00556
12	0.01064	0.00912	0.01064	0.00760	0.01216	0.00684	0.00608	0.01292	0.01064	0.01672	0.00912	0.01064	0.00760	0.00380	0.00380	0.00076	0.00380	0.00304	0.00304	0.85104
13	0.00625	0.00447	0.00595	0.00714	0.00744	0.00417	0.00476	0.00714	0.00982	0.01310	0.02828	0.81633	0.03394	0.01608	0.00655	0.00208	0.00298	0.01459	0.00476	0.00417
14	0.00746	0.00497	0.00560	0.00560	0.00560	0.00497	0.00311	0.00746	0.00746	0.00995	0.01617	0.03358	0.01865	0.81967	0.02612	0.00497	0.00497	0.00746	0.00311	0.00311
15	0.01029	0.02654	0.79309	0.01462	0.02221	0.01192	0.01896	0.01625	0.01083	0.01625	0.00921	0.01083	0.00650	0.00487	0.00487	0.00162	0.00758	0.00379	0.00217	0.00758
16	0.07697	0.00908	0.01179	0.00910	0.01303	0.00820	0.00752	0.06047	0.01476	0.70455	0.01901	0.01662	0.01204	0.00624	0.00503	0.00159	0.00440	0.00498	0.00609	0.00853
17	0.01282	0.01351	0.02908	0.02081	0.02593	0.01262	0.71955	0.01699	0.01228	0.06678	0.01102	0.01408	0.00810	0.00446	0.00600	0.00172	0.00837	0.00600	0.00284	0.00704
18	0.01106	0.01064	0.01429	0.01183	0.01310	0.01323	0.00978	0.01251	0.00864	0.01357	0.00740	0.01106	0.00698	0.00753	0.01319	0.00183	0.58440	0.00408	0.00247	0.24240
19	0.01012	0.00868	0.01002	0.00733	0.01157	0.00656	0.00583	0.01229	0.01076	0.01640	0.01398	0.01503	0.09583	0.00484	0.00406	0.00087	0.00366	0.00392	0.00324	0.75501
20	0.01319	0.01611	0.23591	0.02335	0.44704	0.01210	0.01548	0.07153	0.03228	0.06819	0.01070	0.01262	0.00821	0.00495	0.00504	0.00156	0.00631	0.00443	0.00294	0.00806
21	0.00905	0.00564	0.00743	0.00676	0.00828	0.00515	0.00515	0.01142	0.01454	0.10798	0.69823	0.03596	0.04436	0.01002	0.00595	0.00161	0.00264	0.00881	0.00573	0.00528
22	0.00969	0.00912	0.01539	0.80734	0.03534	0.01140	0.01425	0.01311	0.01026	0.01311	0.00912	0.01368	0.00684	0.00513	0.00513	0.00171	0.00684	0.00456	0.00228	0.00570
23	0.00625	0.00447	0.00595	0.00714	0.00744	0.00417	0.00476	0.00714	0.00982	0.01310	0.02828	0.81633	0.03394	0.01608	0.00655	0.00208	0.00298	0.01459	0.00476	0.00417
24	0.01372	0.82276	0.02689	0.00878	0.01317	0.02030	0.00878	0.01536	0.01043	0.01207	0.00713	0.00823	0.00658	0.00439	0.00329	0.00110	0.00549	0.00274	0.00219	0.00658
25	0.10227	0.06603	0.01430	0.01052	0.01435	0.10275	0.00868	0.35288	0.01799	0.24040	0.01319	0.01275	0.00915	0.00586	0.00477	0.00150	0.00552	0.00432	0.00481	0.00796
26	0.21881	0.01287	0.01294	0.01043	0.01409	0.05574	0.02295	0.36892	0.11301	0.10196	0.01266	0.01259	0.00909	0.00586	0.00467	0.00157	0.00517	0.00434	0.00461	0.00771
27	0.01372	0.82276	0.02689	0.00878	0.01317	0.02030	0.00878	0.01536	0.01043	0.01207	0.00713	0.00823	0.00658	0.00439	0.00329	0.00110	0.00549	0.00274	0.00219	0.00658
28	0.02302	0.00873	0.01191	0.00913	0.01310	0.00754	0.00754	0.02501	0.01469	0.79122	0.02024	0.01746	0.01270	0.00635	0.00516	0.00159	0.00437	0.00516	0.00635	0.00873
