[name]
unknown

[dist]
# distance from previous block
# <min> <max>
0	136

[block]
# block no. 0 follows, 46 sequences, length 30
# corresponding to MSA columns:
# 244-273
name=unknown_A
#
# <colnr> <probs for GDERKNQSTAVLIFYWHMCP>
#	G	D	E	R	K	N	Q	S	T	A	V	L	I	F	Y	W	H	M	C	P
0	0.01475	0.01111	0.01151	0.00993	0.01267	0.09565	0.00791	0.24704	0.01693	0.10786	0.14586	0.10948	0.03496	0.00910	0.00574	0.00170	0.00495	0.09576	0.00502	0.05206
1	0.01265	0.01037	0.01337	0.19442	0.01888	0.02447	0.04978	0.18987	0.13766	0.03816	0.06454	0.07347	0.08678	0.00822	0.00571	0.00178	0.00531	0.05336	0.00441	0.00680
2	0.07858	0.01624	0.01338	0.01127	0.01455	0.27685	0.00888	0.26902	0.05683	0.09281	0.05293	0.01580	0.05662	0.00664	0.00508	0.00154	0.00639	0.00490	0.00440	0.00728
3	0.06522	0.01497	0.01677	0.01947	0.30419	0.17783	0.01186	0.14976	0.03068	0.12282	0.01154	0.01277	0.00876	0.00557	0.00533	0.00156	0.02486	0.00444	0.00372	0.00788
4	0.03952	0.05853	0.01688	0.01242	0.01642	0.01279	0.14362	0.17135	0.22858	0.15751	0.03314	0.01605	0.01220	0.00610	0.00527	0.00162	0.00545	0.00532	0.00473	0.05247
5	0.00720	0.00539	0.00667	0.00635	0.00772	0.00487	0.00476	0.00942	0.01429	0.01959	0.61002	0.04214	0.21931	0.01141	0.00624	0.00169	0.00254	0.00993	0.00561	0.00487
6	0.25561	0.01270	0.01178	0.00989	0.01323	0.07937	0.00794	0.26365	0.14635	0.05002	0.05997	0.01560	0.03922	0.00653	0.00477	0.00163	0.00500	0.00485	0.00457	0.00730
7	0.00631	0.00512	0.00560	0.00598	0.00730	0.00441	0.00429	0.00752	0.01145	0.01404	0.04601	0.28565	0.54918	0.01437	0.00640	0.00190	0.00280	0.01235	0.00491	0.00441
8	0.01007	0.00920	0.01525	0.50326	0.02796	0.01053	0.08559	0.04806	0.01233	0.01629	0.15997	0.02039	0.04574	0.00664	0.00560	0.00174	0.00612	0.00604	0.00329	0.00592
9	0.01096	0.00940	0.01096	0.00783	0.01253	0.00705	0.00626	0.01331	0.01096	0.01723	0.00940	0.01096	0.00783	0.00392	0.00392	0.00078	0.00392	0.00313	0.00313	0.84653
10	0.01228	0.01174	0.02000	0.23232	0.58766	0.01235	0.01582	0.01552	0.01166	0.01629	0.00980	0.01335	0.00803	0.00486	0.00525	0.00162	0.00648	0.00471	0.00255	0.00772
11	0.01266	0.01352	0.01292	0.12609	0.01660	0.25809	0.04378	0.03881	0.05311	0.01452	0.01609	0.27348	0.01670	0.00944	0.00659	0.00180	0.06870	0.00780	0.00357	0.00572
12	0.00952	0.00594	0.00684	0.00641	0.00841	0.00509	0.00487	0.01106	0.01269	0.15317	0.11598	0.12014	0.49577	0.01223	0.00613	0.00178	0.00303	0.01034	0.00529	0.00531
13	0.00758	0.00556	0.00796	0.00796	0.00871	0.00631	0.00593	0.00909	0.00834	0.01187	0.01465	0.02351	0.01440	0.19298	0.64155	0.00783	0.01237	0.00606	0.00291	0.00442
14	0.85155	0.01022	0.00777	0.00695	0.01022	0.01186	0.00573	0.01554	0.00900	0.02372	0.00736	0.00859	0.00573	0.00491	0.00327	0.00164	0.00409	0.00286	0.00327	0.00573
15	0.00643	0.00463	0.00611	0.00729	0.00765	0.00430	0.00488	0.00737	0.01019	0.01352	0.03001	0.78359	0.06157	0.01645	0.00673	0.00213	0.00305	0.01489	0.00491	0.00430
16	0.00998	0.00940	0.01586	0.80150	0.03641	0.01175	0.01468	0.01351	0.01057	0.01351	0.00940	0.01409	0.00705	0.00529	0.00529	0.00176	0.00705	0.00470	0.00235	0.00587
17	0.01443	0.01228	0.01248	0.01083	0.01392	0.05486	0.00853	0.19060	0.48718	0.02325	0.02020	0.01933	0.05493	0.00875	0.04227	0.00204	0.00522	0.00583	0.00507	0.00801
18	0.01434	0.78840	0.02724	0.00921	0.01367	0.04917	0.00909	0.01602	0.01090	0.01246	0.00738	0.00852	0.00679	0.00456	0.00344	0.00114	0.00580	0.00285	0.00228	0.00676
19	0.00714	0.00539	0.00660	0.00630	0.00769	0.00484	0.00472	0.00932	0.01417	0.01931	0.57995	0.04261	0.24956	0.01151	0.00624	0.00170	0.00254	0.01000	0.00557	0.00484
20	0.00819	0.00648	0.00951	0.00847	0.01034	0.00583	0.09834	0.01015	0.01252	0.05057	0.21425	0.20902	0.29561	0.01208	0.00633	0.00184	0.00362	0.02683	0.00492	0.00509
21	0.85155	0.01022	0.00777	0.00695	0.01022	0.01186	0.00573	0.01554	0.00900	0.02372	0.00736	0.00859	0.00573	0.00491	0.00327	0.00164	0.00409	0.00286	0.00327	0.00573
22	0.01975	0.02520	0.01498	0.01362	0.01634	0.79299	0.01021	0.02111	0.01498	0.01294	0.00817	0.00953	0.00681	0.00545	0.00477	0.00136	0.00953	0.00340	0.00272	0.00613
23	0.00666	0.00537	0.00593	0.00579	0.00739	0.00464	0.00434	0.00839	0.01302	0.01659	0.29593	0.04707	0.53527	0.01253	0.00624	0.00174	0.00262	0.01062	0.00521	0.00464
24	0.01188	0.01221	0.01766	0.01471	0.01532	0.03706	0.08649	0.01337	0.00872	0.01315	0.00735	0.01178	0.00704	0.00867	0.01590	0.00223	0.70343	0.00475	0.00236	0.00593
25	0.00769	0.00513	0.00577	0.00577	0.00577	0.00513	0.00320	0.00769	0.00769	0.01025	0.01666	0.03460	0.01922	0.81421	0.02691	0.00513	0.00513	0.00769	0.00320	0.00320
26	0.01815	0.02006	0.01446	0.01350	0.04978	0.49850	0.00992	0.05754	0.19113	0.05755	0.01224	0.01266	0.00949	0.00592	0.00498	0.00150	0.00770	0.00423	0.00366	0.00704
27	0.00721	0.00534	0.00683	0.00782	0.00844	0.00525	0.00544	0.00958	0.08455	0.01446	0.02833	0.69335	0.03288	0.01554	0.00664	0.00213	0.00327	0.05326	0.00495	0.00472
28	0.09028	0.01238	0.01717	0.01740	0.19403	0.03976	0.13356	0.10094	0.22799	0.02035	0.01370	0.01523	0.01070	0.00857	0.07245	0.00226	0.00665	0.00519	0.00378	0.00760
29	0.01263	0.01337	0.02642	0.04581	0.33010	0.01309	0.41954	0.01643	0.01211	0.01685	0.01024	0.01370	0.00810	0.00473	0.00617	0.00171	0.03328	0.00553	0.00263	0.00755

[dist]
# distance from previous block
# <min> <max>
0	1

[block]
# block no. 1 follows, 46 sequences, length 32
# corresponding to MSA columns:
# 275-306
name=unknown_B
#
# <colnr> <probs for GDERKNQSTAVLIFYWHMCP>
#	G	D	E	R	K	N	Q	S	T	A	V	L	I	F	Y	W	H	M	C	P
0	0.01060	0.02735	0.78682	0.01507	0.02288	0.01228	0.01953	0.01674	0.01116	0.01674	0.00949	0.01116	0.00670	0.00502	0.00502	0.00167	0.00781	0.00391	0.00223	0.00781
1	0.00703	0.00539	0.00644	0.00618	0.00762	0.00480	0.00463	0.00910	0.01389	0.01866	0.51235	0.04367	0.31756	0.01176	0.00624	0.00171	0.00256	0.01015	0.00549	0.00480
2	0.00658	0.00541	0.00582	0.00583	0.00750	0.00465	0.00445	0.00817	0.01252	0.01548	0.16768	0.04960	0.61672	0.01305	0.00631	0.00181	0.00278	0.05601	0.00505	0.00457
3	0.00755	0.00566	0.00850	0.00850	0.00944	0.00661	0.00661	0.00944	0.00850	0.01227	0.01416	0.02077	0.01322	0.03965	0.79326	0.00850	0.01416	0.00566	0.00283	0.00472
4	0.01096	0.00940	0.01096	0.00783	0.01253	0.00705	0.00626	0.01331	0.01096	0.01723	0.00940	0.01096	0.00783	0.00392	0.00392	0.00078	0.00392	0.00313	0.00313	0.84653
5	0.01133	0.00626	0.00830	0.00730	0.00922	0.00565	0.00565	0.01372	0.01500	0.20220	0.59889	0.03439	0.04116	0.00980	0.00602	0.00166	0.00297	0.00855	0.00599	0.00594
6	0.01700	0.01839	0.40892	0.01231	0.01830	0.01008	0.01379	0.02114	0.01310	0.39151	0.01503	0.01449	0.00981	0.00576	0.00517	0.00166	0.00620	0.00459	0.00434	0.00839
7	0.75490	0.01196	0.00861	0.00773	0.01093	0.10262	0.00625	0.01619	0.00969	0.02247	0.00746	0.00870	0.00585	0.00497	0.00345	0.00160	0.00472	0.00293	0.00321	0.00577
8	0.00748	0.00540	0.00707	0.00665	0.00790	0.00499	0.00499	0.00998	0.01496	0.02120	0.77844	0.03949	0.04988	0.01081	0.00624	0.00166	0.00249	0.00956	0.00582	0.00499
9	0.00641	0.00471	0.00602	0.00707	0.00759	0.00432	0.00478	0.00739	0.01040	0.01361	0.03267	0.70083	0.14262	0.01610	0.00668	0.00209	0.00301	0.01447	0.00491	0.00432
10	0.01957	0.00821	0.01103	0.00879	0.01218	0.00727	0.00713	0.02209	0.03688	0.58193	0.20043	0.02314	0.02189	0.00757	0.00554	0.00165	0.00401	0.00634	0.00634	0.00803
11	0.00702	0.00520	0.00561	0.00566	0.00644	0.00481	0.00363	0.00763	0.00965	0.01211	0.03292	0.07616	0.34335	0.43776	0.01721	0.00357	0.00399	0.00949	0.00401	0.00379
12	0.01178	0.01220	0.01975	0.01587	0.01714	0.01552	0.18943	0.01372	0.00913	0.01372	0.00783	0.01220	0.00720	0.00812	0.01472	0.00219	0.61597	0.00501	0.00240	0.00610
13	0.01479	0.72534	0.02622	0.00958	0.01389	0.11063	0.00918	0.01644	0.01123	0.01250	0.00745	0.00860	0.00679	0.00463	0.00355	0.00116	0.00610	0.00289	0.00232	0.00671
14	0.00789	0.00534	0.00687	0.00687	0.00744	0.00576	0.00477	0.00902	0.00846	0.01229	0.01563	0.02669	0.01588	0.37453	0.36254	0.00614	0.00879	0.00646	0.10456	0.00408
15	0.00925	0.00682	0.00831	0.00761	0.00932	0.00684	0.00580	0.03295	0.15287	0.04135	0.60165	0.03465	0.04175	0.00992	0.00603	0.00168	0.00294	0.00868	0.00574	0.00581
16	0.01411	0.01350	0.04717	0.01332	0.01702	0.05755	0.15165	0.11258	0.42832	0.03485	0.01739	0.04111	0.01336	0.00665	0.00552	0.00175	0.00570	0.00592	0.00458	0.00794
17	0.01975	0.02520	0.01498	0.01362	0.01634	0.79299	0.01021	0.02111	0.01498	0.01294	0.00817	0.00953	0.00681	0.00545	0.00477	0.00136	0.00953	0.00340	0.00272	0.00613
18	0.01280	0.01428	0.11039	0.03043	0.69311	0.01253	0.01661	0.01628	0.01194	0.01721	0.00989	0.01286	0.00818	0.00475	0.00521	0.00158	0.00646	0.00462	0.00257	0.00831
19	0.01248	0.01426	0.03119	0.02228	0.02763	0.01337	0.76203	0.01693	0.01248	0.01693	0.01070	0.01426	0.00802	0.00446	0.00624	0.00178	0.00891	0.00624	0.00267	0.00713
20	0.01132	0.01076	0.01827	0.47073	0.35676	0.01210	0.01535	0.01468	0.01120	0.01513	0.00963	0.01366	0.00762	0.00504	0.00526	0.00168	0.00672	0.00470	0.00246	0.00695
21	0.00767	0.00519	0.00610	0.00610	0.00621	0.00530	0.00361	0.00790	0.00779	0.01049	0.01636	0.03292	0.01849	0.72063	0.11949	0.00553	0.00622	0.00744	0.00316	0.00339
22	0.00644	0.00460	0.00613	0.00736	0.00767	0.00429	0.00491	0.00736	0.01012	0.01350	0.02914	0.81076	0.03497	0.01656	0.00675	0.00215	0.00307	0.01503	0.00491	0.00429
23	0.00998	0.00940	0.01586	0.80150	0.03641	0.01175	0.01468	0.01351	0.01057	0.01351	0.00940	0.01409	0.00705	0.00529	0.00529	0.00176	0.00705	0.00470	0.00235	0.00587
24	0.00777	0.00578	0.00783	0.00972	0.10032	0.00564	0.00556	0.00857	0.00933	0.01258	0.02155	0.38668	0.02510	0.35191	0.01508	0.00333	0.00432	0.01068	0.00391	0.00433
25	0.01104	0.00966	0.01159	0.00856	0.01269	0.00815	0.00690	0.01324	0.01062	0.01668	0.00910	0.01104	0.00772	0.00456	0.00554	0.00097	0.10064	0.00331	0.00303	0.74496
26	0.01128	0.02295	0.54358	0.01861	0.11545	0.01253	0.16729	0.01672	0.01153	0.01684	0.00978	0.01201	0.00716	0.00487	0.00529	0.00168	0.00785	0.00447	0.00237	0.00774
27	0.07399	0.32919	0.06301	0.01097	0.01488	0.30163	0.00969	0.01900	0.01273	0.10695	0.00941	0.01018	0.00748	0.00516	0.00421	0.00134	0.00695	0.00340	0.00302	0.00680
28	0.01128	0.00909	0.01043	0.10455	0.01424	0.01018	0.00777	0.06760	0.35000	0.01989	0.06132	0.02379	0.11739	0.00943	0.04574	0.00204	0.00463	0.00646	0.11739	0.00677
29	0.01253	0.01323	0.01415	0.19124	0.05192	0.19700	0.01080	0.01530	0.05730	0.01419	0.05523	0.01640	0.04163	0.02311	0.06213	0.00231	0.20752	0.00510	0.00297	0.00594
30	0.01185	0.00980	0.01179	0.00875	0.01284	0.00845	0.00708	0.03514	0.01119	0.05057	0.00969	0.01139	0.00798	0.00474	0.00564	0.00103	0.10072	0.00345	0.00324	0.68464
31	0.01001	0.02232	0.59568	0.10911	0.02261	0.01121	0.01711	0.01517	0.01096	0.01594	0.01194	0.11188	0.01029	0.00650	0.00527	0.00174	0.00712	0.00540	0.00258	0.00714

[dist]
# distance from previous block
# <min> <max>
0	13

[block]
# block no. 2 follows, 46 sequences, length 17
# corresponding to MSA columns:
# 320-336
name=unknown_C
#
# <colnr> <probs for GDERKNQSTAVLIFYWHMCP>
#	G	D	E	R	K	N	Q	S	T	A	V	L	I	F	Y	W	H	M	C	P
0	0.00854	0.00740	0.01098	0.19500	0.13386	0.00773	0.00890	0.01089	0.01165	0.01542	0.15015	0.07768	0.22490	0.01302	0.09838	0.00254	0.00559	0.00799	0.00387	0.00550
1	0.00662	0.00535	0.00563	0.00565	0.00711	0.00465	0.00411	0.00785	0.01153	0.01407	0.08365	0.04812	0.59627	0.13693	0.00948	0.00232	0.00313	0.03853	0.00469	0.00431
2	0.01571	0.00983	0.01440	0.01118	0.01456	0.00948	0.13313	0.16500	0.01656	0.25310	0.27047	0.02350	0.02372	0.00758	0.00577	0.00166	0.00483	0.00678	0.00541	0.00735
3	0.00877	0.00678	0.00762	0.00747	0.00926	0.00652	0.00582	0.12477	0.01367	0.01731	0.03858	0.19277	0.40083	0.01310	0.00636	0.00192	0.00358	0.12470	0.00496	0.00519
4	0.02010	0.01481	0.01587	0.01216	0.01639	0.01639	0.01005	0.76360	0.02486	0.03332	0.01269	0.01269	0.00899	0.00635	0.00529	0.00159	0.00582	0.00476	0.00529	0.00899
5	0.01327	0.01115	0.01496	0.01110	0.01537	0.01032	0.12382	0.21764	0.01545	0.02203	0.10087	0.01529	0.01312	0.00547	0.00492	0.00126	0.00504	0.00481	0.00396	0.39015
6	0.01298	0.07477	0.01716	0.01333	0.01507	0.18037	0.09826	0.01482	0.01134	0.01455	0.12678	0.01553	0.01366	0.00776	0.01059	0.00186	0.35705	0.00518	0.00298	0.00597
7	0.00998	0.00940	0.01586	0.80150	0.03641	0.01175	0.01468	0.01351	0.01057	0.01351	0.00940	0.01409	0.00705	0.00529	0.00529	0.00176	0.00705	0.00470	0.00235	0.00587
8	0.01260	0.01206	0.02058	0.15334	0.66415	0.01243	0.01598	0.01580	0.01181	0.01668	0.00986	0.01324	0.00817	0.00480	0.00524	0.00160	0.00640	0.00471	0.00257	0.00798
9	0.00681	0.00488	0.00633	0.00719	0.00764	0.00470	0.00490	0.00777	0.00984	0.01306	0.02749	0.54490	0.07626	0.14281	0.06937	0.00309	0.00430	0.04999	0.00448	0.00420
10	0.00645	0.00500	0.00590	0.00658	0.00758	0.00445	0.00467	0.00762	0.01107	0.01395	0.03992	0.44015	0.36481	0.01507	0.00655	0.00200	0.00297	0.04597	0.00491	0.00439
11	0.02105	0.00832	0.01132	0.00909	0.01260	0.00723	0.00733	0.02292	0.01436	0.66581	0.02213	0.14038	0.01646	0.00809	0.00554	0.00171	0.00428	0.00682	0.00629	0.00827
12	0.00693	0.00538	0.00630	0.00607	0.00756	0.00475	0.00455	0.00890	0.01365	0.01809	0.45216	0.04462	0.37811	0.01197	0.00624	0.00172	0.00258	0.01028	0.00541	0.00475
13	0.00993	0.00979	0.12824	0.00894	0.01142	0.00728	0.00791	0.09647	0.01323	0.06785	0.13106	0.33347	0.11566	0.01175	0.00610	0.00187	0.00411	0.02433	0.00477	0.00581
14	0.01100	0.02488	0.66720	0.01440	0.02147	0.01241	0.01781	0.01849	0.12857	0.01757	0.01134	0.01248	0.00815	0.00535	0.00508	0.00169	0.00725	0.00423	0.00272	0.00790
15	0.01028	0.00994	0.03912	0.27050	0.10455	0.01029	0.11286	0.01450	0.10013	0.01528	0.04326	0.09022	0.01440	0.13142	0.00892	0.00229	0.00608	0.00661	0.00327	0.00608
16	0.01273	0.01102	0.01201	0.01075	0.01236	0.08151	0.00844	0.11033	0.15317	0.03638	0.01642	0.18152	0.01553	0.00934	0.00870	0.00189	0.22227	0.00701	0.08225	0.00638

[dist]
# distance from previous block
# <min> <max>
1	11

[block]
# block no. 3 follows, 46 sequences, length 24
# corresponding to MSA columns:
# 348-371
name=unknown_D
#
# <colnr> <probs for GDERKNQSTAVLIFYWHMCP>
#	G	D	E	R	K	N	Q	S	T	A	V	L	I	F	Y	W	H	M	C	P
0	0.43004	0.01082	0.01318	0.05701	0.28633	0.01176	0.00998	0.03793	0.01078	0.02056	0.01074	0.03732	0.03286	0.00554	0.00434	0.00164	0.00500	0.00433	0.00316	0.00669
1	0.01410	0.01192	0.01562	0.23403	0.14564	0.01352	0.01184	0.21681	0.23921	0.02190	0.01394	0.01522	0.01046	0.00603	0.00531	0.00169	0.00575	0.00509	0.00407	0.00784
2	0.01139	0.00867	0.01030	0.00965	0.01164	0.00956	0.00766	0.16204	0.18081	0.01941	0.01968	0.09630	0.01860	0.05933	0.18811	0.00361	0.00685	0.15030	0.01979	0.00628
3	0.00652	0.00537	0.00574	0.00564	0.00731	0.00458	0.00423	0.00812	0.01270	0.01582	0.21529	0.04834	0.61639	0.01281	0.00625	0.00176	0.00264	0.01080	0.00511	0.00458
4	0.02023	0.01736	0.01538	0.01240	0.01619	0.23470	0.00995	0.50662	0.02144	0.07619	0.01195	0.01215	0.00864	0.00611	0.00514	0.00153	0.00678	0.00441	0.00465	0.00818
5	0.00661	0.00537	0.00586	0.00573	0.00736	0.00462	0.00430	0.00829	0.01290	0.01630	0.26537	0.04755	0.56601	0.01263	0.00624	0.00175	0.00262	0.01069	0.00518	0.00462
6	0.00755	0.00566	0.00850	0.00850	0.00944	0.00661	0.00661	0.00944	0.00850	0.01227	0.01416	0.02077	0.01322	0.03965	0.79326	0.00850	0.01416	0.00566	0.00283	0.00472
7	0.01225	0.39626	0.43235	0.01226	0.01853	0.01631	0.01464	0.01632	0.01097	0.01473	0.00849	0.00991	0.00674	0.00479	0.00426	0.00142	0.00680	0.00340	0.00225	0.00733
8	0.00638	0.00482	0.00590	0.00677	0.00751	0.00434	0.00464	0.00743	0.01069	0.01373	0.03634	0.58651	0.25456	0.01563	0.00660	0.00204	0.00295	0.01389	0.00491	0.00434
9	0.01733	0.08296	0.23884	0.01220	0.01726	0.03709	0.03485	0.15042	0.03754	0.27219	0.01389	0.01377	0.00954	0.00591	0.00547	0.00162	0.03203	0.00457	0.00431	0.00820
10	0.01364	0.01432	0.10996	0.01154	0.01521	0.05335	0.00998	0.07649	0.58604	0.02173	0.01871	0.01764	0.01398	0.00676	0.00530	0.00174	0.00503	0.00550	0.00484	0.00823
11	0.00644	0.00460	0.00613	0.00736	0.00767	0.00429	0.00491	0.00736	0.01012	0.01350	0.02914	0.81076	0.03497	0.01656	0.00675	0.00215	0.00307	0.01503	0.00491	0.00429
12	0.01213	0.01159	0.01974	0.26858	0.55255	0.01231	0.01575	0.01539	0.01159	0.01612	0.00978	0.01339	0.00797	0.00489	0.00525	0.00163	0.00652	0.00471	0.00253	0.00761
13	0.01269	0.01216	0.02075	0.12930	0.68743	0.01246	0.01603	0.01588	0.01185	0.01680	0.00988	0.01321	0.00821	0.00478	0.00524	0.00159	0.00638	0.00471	0.00258	0.00806
14	0.00942	0.00859	0.01419	0.66062	0.03133	0.01047	0.01295	0.01258	0.01079	0.01398	0.05879	0.10814	0.01291	0.00693	0.00551	0.00180	0.00631	0.00620	0.00286	0.00564
15	0.01125	0.01069	0.01814	0.48791	0.34012	0.01208	0.01531	0.01462	0.01117	0.01504	0.00962	0.01368	0.00759	0.00505	0.00526	0.00168	0.00673	0.00470	0.00246	0.00689
16	0.01396	0.01218	0.01369	0.01173	0.01401	0.04083	0.00943	0.17152	0.33079	0.02140	0.06688	0.01703	0.01412	0.00777	0.00872	0.00187	0.22662	0.00551	0.00445	0.00747
17	0.00644	0.00460	0.00613	0.00736	0.00767	0.00429	0.00491	0.00736	0.01012	0.01350	0.02914	0.81076	0.03497	0.01656	0.00675	0.00215	0.00307	0.01503	0.00491	0.00429
18	0.01238	0.07746	0.30454	0.01606	0.02201	0.05266	0.28090	0.01677	0.01187	0.03607	0.00997	0.01214	0.00749	0.00471	0.00519	0.00154	0.00756	0.00457	0.00264	0.11346
19	0.00660	0.00467	0.00609	0.00716	0.00743	0.00440	0.00469	0.00740	0.00981	0.01309	0.02756	0.71264	0.03297	0.11740	0.00930	0.00252	0.00333	0.01410	0.00469	0.00416
20	0.01257	0.00935	0.01113	0.00803	0.01265	0.00714	0.00645	0.01488	0.01149	0.11390	0.01084	0.01185	0.00849	0.00425	0.00409	0.00089	0.00399	0.00341	0.00356	0.74105
21	0.12118	0.03851	0.03171	0.00984	0.01338	0.15148	0.00807	0.09176	0.02595	0.15935	0.08831	0.01480	0.01270	0.00601	0.00511	0.00142	0.03271	0.00446	0.00414	0.17910
22	0.06853	0.20320	0.15345	0.01138	0.01559	0.23014	0.01066	0.01963	0.08852	0.10597	0.03772	0.01257	0.00988	0.00561	0.00458	0.00147	0.00662	0.00402	0.00339	0.00707
23	0.01225	0.00932	0.01078	0.00994	0.03740	0.03209	0.00762	0.11266	0.08046	0.01949	0.01385	0.01625	0.01114	0.00782	0.02729	0.00180	0.20617	0.00489	0.37263	0.00613

[dist]
# distance from previous block
# <min> <max>
0	2

[block]
# block no. 4 follows, 46 sequences, length 43
# corresponding to MSA columns:
# 374-416
name=unknown_E
#
# <colnr> <probs for GDERKNQSTAVLIFYWHMCP>
#	G	D	E	R	K	N	Q	S	T	A	V	L	I	F	Y	W	H	M	C	P
0	0.01963	0.02439	0.01456	0.01118	0.01514	0.01045	0.08199	0.07620	0.19996	0.45850	0.01923	0.01752	0.01294	0.00644	0.00539	0.00168	0.00497	0.00549	0.00572	0.00862
1	0.01296	0.07046	0.22569	0.01871	0.13118	0.03525	0.26838	0.01753	0.04273	0.06963	0.01195	0.03208	0.00944	0.00545	0.00548	0.00168	0.00732	0.02358	0.00300	0.00750
2	0.00858	0.00578	0.00665	0.00620	0.00808	0.00499	0.00473	0.01034	0.01328	0.10247	0.27057	0.04374	0.47153	0.01184	0.00614	0.00173	0.00283	0.01002	0.00537	0.00513
3	0.35441	0.01197	0.01760	0.01465	0.07549	0.01241	0.25678	0.06378	0.04542	0.08392	0.01072	0.01232	0.00795	0.00507	0.00479	0.00168	0.00599	0.00457	0.00351	0.00698
4	0.01400	0.01632	0.02275	0.01742	0.02125	0.25024	0.42353	0.01698	0.01260	0.01487	0.01064	0.01493	0.00891	0.07557	0.05401	0.00233	0.00909	0.00546	0.00274	0.00635
5	0.00749	0.00570	0.00712	0.00786	0.00924	0.00533	0.00652	0.00940	0.01199	0.01507	0.03810	0.10511	0.32458	0.01425	0.00685	0.00216	0.00389	0.40977	0.00489	0.00467
6	0.00975	0.00589	0.00641	0.00607	0.00790	0.00537	0.00461	0.03754	0.01238	0.10039	0.03542	0.10049	0.37231	0.01046	0.00538	0.00162	0.00295	0.00872	0.26109	0.00524
7	0.00769	0.00513	0.00577	0.00577	0.00577	0.00513	0.00320	0.00769	0.00769	0.01025	0.01666	0.03460	0.01922	0.81421	0.02691	0.00513	0.00513	0.00769	0.00320	0.00320
8	0.01315	0.01136	0.01195	0.01076	0.01375	0.01315	0.00837	0.02809	0.77168	0.02211	0.02152	0.01972	0.01614	0.00717	0.00538	0.00179	0.00418	0.00598	0.00538	0.00837
9	0.08496	0.01298	0.01222	0.01062	0.01275	0.20365	0.03607	0.06761	0.03448	0.07500	0.03885	0.01669	0.02872	0.06311	0.06975	0.00240	0.12417	0.00497	0.09494	0.00605
10	0.01413	0.81739	0.02770	0.00905	0.01357	0.02092	0.00905	0.01583	0.01074	0.01244	0.00735	0.00848	0.00678	0.00452	0.00339	0.00113	0.00565	0.00283	0.00226	0.00678
11	0.04969	0.01401	0.01519	0.01168	0.01586	0.01530	0.00965	0.65705	0.02324	0.11476	0.01339	0.01313	0.00932	0.00632	0.00522	0.00159	0.00561	0.00475	0.00535	0.00888
12	0.01102	0.01045	0.01772	0.54528	0.28456	0.01202	0.01520	0.01441	0.01106	0.01476	0.00958	0.01376	0.00749	0.00509	0.00527	0.00170	0.00679	0.00470	0.00244	0.00671
13	0.34404	0.01080	0.01108	0.00911	0.01275	0.01160	0.00745	0.14707	0.12328	0.25134	0.01431	0.01368	0.00996	0.00596	0.00452	0.00165	0.00452	0.00436	0.00489	0.00763
14	0.00687	0.00524	0.00634	0.00658	0.00779	0.00471	0.00487	0.00857	0.01258	0.01654	0.29163	0.23206	0.29956	0.01337	0.00644	0.00188	0.00286	0.06226	0.00521	0.00463
15	0.01754	0.00822	0.01062	0.00881	0.01188	0.00762	0.00702	0.02129	0.11478	0.46324	0.17134	0.07604	0.04121	0.00830	0.00562	0.00170	0.00392	0.00703	0.00610	0.00770
16	0.00697	0.00512	0.00654	0.00681	0.00778	0.00469	0.00491	0.00873	0.01276	0.01737	0.39426	0.32272	0.13875	0.01333	0.00645	0.00187	0.00278	0.02815	0.00535	0.00466
17	0.00652	0.00482	0.00610	0.00692	0.00760	0.00440	0.00476	0.00769	0.01100	0.01448	0.11577	0.58957	0.17030	0.01536	0.00660	0.00203	0.00293	0.01373	0.00501	0.00440
18	0.01527	0.01241	0.01315	0.01119	0.01456	0.01414	0.00888	0.25260	0.54372	0.02553	0.01882	0.01758	0.01396	0.00692	0.00535	0.00173	0.00468	0.00561	0.00535	0.00856
19	0.01100	0.01040	0.01804	0.23675	0.33146	0.01086	0.09792	0.01426	0.01229	0.01702	0.16916	0.01897	0.01657	0.00610	0.00557	0.00167	0.00600	0.00589	0.00321	0.00685
20	0.04823	0.01522	0.24806	0.01042	0.01580	0.00960	0.01066	0.04466	0.01138	0.01783	0.00937	0.01101	0.00740	0.00461	0.00483	0.00119	0.03780	0.00348	0.00292	0.48554
21	0.01096	0.00940	0.01096	0.00783	0.01253	0.00705	0.00626	0.01331	0.01096	0.01723	0.00940	0.01096	0.00783	0.00392	0.00392	0.00078	0.00392	0.00313	0.00313	0.84653
22	0.01279	0.39553	0.32456	0.01164	0.01712	0.07750	0.01303	0.01626	0.01149	0.01469	0.05390	0.01146	0.00930	0.00516	0.00431	0.00139	0.00662	0.00370	0.00250	0.00703
23	0.09928	0.05220	0.44117	0.01228	0.01836	0.01121	0.01413	0.01934	0.01214	0.25174	0.01266	0.01288	0.00855	0.00545	0.00487	0.00164	0.00634	0.00419	0.00365	0.00792
24	0.01081	0.00793	0.00995	0.08857	0.01296	0.00877	0.00759	0.01558	0.19688	0.07056	0.01941	0.03200	0.01862	0.25504	0.01302	0.00297	0.04873	0.17075	0.00421	0.00567
25	0.00661	0.00494	0.00616	0.00689	0.00769	0.00449	0.00484	0.00789	0.01128	0.01478	0.13433	0.50560	0.20885	0.01499	0.00658	0.00201	0.00297	0.03962	0.00503	0.00445
26	0.01042	0.00799	0.00938	0.00850	0.01042	0.00864	0.00657	0.16699	0.08739	0.01786	0.02380	0.02720	0.18776	0.09902	0.29874	0.00455	0.00796	0.00696	0.00410	0.00576
27	0.00762	0.00571	0.00731	0.00816	0.00946	0.00541	0.00678	0.00956	0.01193	0.01512	0.03591	0.13246	0.25940	0.01443	0.00692	0.00221	0.00402	0.44801	0.00488	0.00469
28	0.00683	0.00491	0.00627	0.00702	0.00747	0.00474	0.00472	0.00773	0.00966	0.01282	0.02712	0.49294	0.09219	0.18384	0.08795	0.00336	0.00458	0.02734	0.00435	0.00414
29	0.01057	0.00782	0.00942	0.00891	0.01076	0.00808	0.00710	0.16725	0.06783	0.02124	0.26434	0.14684	0.04596	0.01142	0.00631	0.00192	0.00396	0.18906	0.00530	0.00591
30	0.00691	0.00483	0.00613	0.00698	0.00723	0.00463	0.00455	0.00762	0.00947	0.01261	0.02528	0.54079	0.02996	0.25995	0.01293	0.00307	0.00377	0.04494	0.00439	0.00399
31	0.07194	0.76167	0.02633	0.00890	0.01334	0.02029	0.00882	0.01581	0.01062	0.01322	0.00735	0.00849	0.00671	0.00455	0.00338	0.00117	0.00555	0.00283	0.00233	0.00671
32	0.01277	0.01224	0.02090	0.10975	0.70636	0.01248	0.01607	0.01595	0.01189	0.01689	0.00989	0.01319	0.00824	0.00477	0.00524	0.00159	0.00636	0.00471	0.00259	0.00812
33	0.01518	0.01493	0.01274	0.01141	0.01425	0.22330	0.00877	0.11075	0.41561	0.02023	0.01752	0.08282	0.01437	0.00740	0.00532	0.00168	0.00573	0.00590	0.00461	0.00749
34	0.20066	0.21160	0.06280	0.01023	0.01431	0.06749	0.00917	0.29070	0.01586	0.02318	0.00990	0.01074	0.00763	0.00544	0.00426	0.00146	0.00563	0.00373	0.03789	0.00730
35	0.01483	0.01209	0.01284	0.01100	0.01426	0.01375	0.00871	0.22615	0.54426	0.02511	0.04483	0.01850	0.01535	0.00707	0.00538	0.00173	0.00457	0.00577	0.00537	0.00842
36	0.00715	0.00530	0.00672	0.00687	0.00802	0.00486	0.00515	0.00911	0.01318	0.01787	0.42303	0.20331	0.17222	0.01282	0.00645	0.00186	0.00288	0.08309	0.00538	0.00474
37	0.00666	0.00539	0.00611	0.00605	0.00759	0.00483	0.00455	0.00829	0.01214	0.01539	0.19196	0.06209	0.52172	0.01623	0.10464	0.00261	0.00409	0.01024	0.00483	0.00460
38	0.01028	0.07385	0.49853	0.01242	0.01827	0.01139	0.01472	0.01604	0.08583	0.01654	0.01855	0.02043	0.13538	0.00699	0.00525	0.00170	0.00634	0.03726	0.00310	0.00712
39	0.59366	0.04569	0.01041	0.00814	0.01171	0.01254	0.00678	0.13648	0.01227	0.10618	0.00966	0.01025	0.00708	0.00530	0.00382	0.00161	0.00448	0.00343	0.00390	0.00664
40	0.00998	0.00934	0.01572	0.74248	0.05924	0.01155	0.01438	0.01342	0.01053	0.01358	0.00962	0.01435	0.00736	0.00675	0.03932	0.00205	0.00733	0.00474	0.00238	0.00590
41	0.04318	0.00915	0.01179	0.00907	0.01309	0.00795	0.00741	0.05244	0.01437	0.55868	0.01840	0.05047	0.01269	0.00644	0.00506	0.00150	0.00437	0.00524	0.00570	0.16298
42	0.01555	0.01123	0.01232	0.01040	0.01347	0.01256	0.00830	0.21796	0.37187	0.10102	0.01797	0.01735	0.01324	0.00686	0.00566	0.00168	0.03900	0.00540	0.11012	0.00805

[dist]
# distance from previous block
# <min> <max>
0	2

[block]
# block no. 5 follows, 46 sequences, length 45
# corresponding to MSA columns:
# 419,421-464
name=unknown_F
#
# <colnr> <probs for GDERKNQSTAVLIFYWHMCP>
#	G	D	E	R	K	N	Q	S	T	A	V	L	I	F	Y	W	H	M	C	P
0	0.26073	0.01357	0.01174	0.02687	0.01377	0.17068	0.00827	0.16973	0.06093	0.09516	0.01340	0.04668	0.01120	0.00689	0.00483	0.00167	0.00568	0.06719	0.00419	0.00682
1	0.04439	0.01217	0.01733	0.01323	0.01723	0.01255	0.17772	0.30769	0.04264	0.18340	0.01424	0.01517	0.01024	0.00973	0.09490	0.00243	0.00707	0.00529	0.00462	0.00796
2	0.01127	0.01126	0.01916	0.27744	0.06907	0.01283	0.18067	0.01420	0.01046	0.01470	0.00905	0.01303	0.00740	0.00599	0.00862	0.00179	0.22398	0.00485	0.00252	0.10171
3	0.69263	0.01045	0.00862	0.00749	0.01071	0.01197	0.00611	0.10828	0.01100	0.02434	0.00866	0.01031	0.00683	0.03132	0.00430	0.00173	0.00428	0.00332	0.03160	0.00602
4	0.24337	0.01165	0.01548	0.10182	0.01820	0.03481	0.17731	0.09348	0.13429	0.02078	0.04088	0.01638	0.05723	0.00610	0.00504	0.00171	0.00571	0.00528	0.00375	0.00672
5	0.02069	0.00833	0.01126	0.00886	0.01244	0.00724	0.00723	0.02278	0.01501	0.64385	0.13891	0.02230	0.04166	0.00741	0.00549	0.00164	0.00413	0.00615	0.00638	0.00824
6	0.01119	0.09037	0.44635	0.01258	0.01813	0.07520	0.02601	0.01640	0.06664	0.01674	0.09638	0.01757	0.07142	0.00643	0.00513	0.00162	0.00655	0.00512	0.00310	0.00705
7	0.00894	0.00508	0.00584	0.00593	0.00705	0.00524	0.00446	0.01112	0.01046	0.01736	0.01877	0.08276	0.04234	0.01474	0.18119	0.00295	0.00514	0.00610	0.55970	0.00481
8	0.00667	0.00504	0.00606	0.00648	0.00743	0.00454	0.00454	0.00799	0.01158	0.01514	0.19083	0.36405	0.27216	0.06307	0.00771	0.00211	0.00295	0.01223	0.00499	0.00442
9	0.02168	0.01077	0.01447	0.01227	0.07386	0.01028	0.03640	0.19027	0.01698	0.52909	0.01781	0.01629	0.01162	0.00628	0.00534	0.00163	0.00509	0.00518	0.00582	0.00888
10	0.33613	0.00698	0.00603	0.00571	0.00773	0.00761	0.00448	0.01357	0.01028	0.02126	0.01341	0.01540	0.01052	0.00567	0.00353	0.00139	0.00309	0.00413	0.51783	0.00524
11	0.01978	0.02420	0.01507	0.01348	0.01635	0.71845	0.01020	0.09238	0.01593	0.01489	0.00861	0.00984	0.00702	0.00553	0.00482	0.00138	0.00918	0.00353	0.00297	0.00640
12	0.01096	0.00940	0.01096	0.00783	0.01253	0.00705	0.00626	0.01331	0.01096	0.01723	0.00940	0.01096	0.00783	0.00392	0.00392	0.00078	0.00392	0.00313	0.00313	0.84653
13	0.11005	0.01747	0.02028	0.01577	0.01980	0.27444	0.28814	0.14282	0.01503	0.03185	0.00998	0.01185	0.00761	0.00519	0.00524	0.00159	0.00799	0.00465	0.00326	0.00698
14	0.01413	0.81739	0.02770	0.00905	0.01357	0.02092	0.00905	0.01583	0.01074	0.01244	0.00735	0.00848	0.00678	0.00452	0.00339	0.00113	0.00565	0.00283	0.00226	0.00678
15	0.01377	0.00882	0.00980	0.00858	0.01064	0.05614	0.00678	0.01752	0.11252	0.19045	0.11821	0.02144	0.04522	0.00759	0.00646	0.00161	0.10254	0.00586	0.24960	0.00646
16	0.06194	0.01378	0.01331	0.01096	0.01442	0.10193	0.00878	0.36610	0.18872	0.07272	0.01476	0.01461	0.01081	0.00635	0.00501	0.00158	0.00542	0.00483	0.07596	0.00801
17	0.00681	0.00506	0.00584	0.00630	0.00704	0.00465	0.00423	0.00765	0.01013	0.01289	0.03371	0.30277	0.28167	0.24806	0.01248	0.00290	0.00360	0.03574	0.00441	0.00405
18	0.00699	0.00507	0.00642	0.00675	0.00758	0.00470	0.00474	0.00851	0.01204	0.01634	0.32558	0.33822	0.11888	0.09048	0.00844	0.00221	0.00303	0.02443	0.00510	0.00449
19	0.02108	0.00976	0.01236	0.00973	0.01354	0.00927	0.00795	0.11609	0.10221	0.55895	0.06617	0.01885	0.01517	0.00685	0.00538	0.00165	0.00450	0.00558	0.00621	0.00868
20	0.00748	0.00540	0.00707	0.00665	0.00790	0.00499	0.00499	0.00998	0.01496	0.02120	0.77844	0.03949	0.04988	0.01081	0.00624	0.00166	0.00249	0.00956	0.00582	0.00499
21	0.66857	0.00995	0.00876	0.00749	0.01095	0.01096	0.00618	0.01780	0.01035	0.19197	0.01034	0.01067	0.00735	0.00527	0.00372	0.00164	0.00418	0.00340	0.00399	0.00645
22	0.85155	0.01022	0.00777	0.00695	0.01022	0.01186	0.00573	0.01554	0.00900	0.02372	0.00736	0.00859	0.00573	0.00491	0.00327	0.00164	0.00409	0.00286	0.00327	0.00573
23	0.01158	0.27139	0.22644	0.01076	0.01481	0.08340	0.01102	0.01440	0.01047	0.01348	0.01033	0.01405	0.00918	0.06139	0.21210	0.00346	0.00879	0.00420	0.00250	0.00625
24	0.16678	0.01214	0.01257	0.24106	0.01928	0.17006	0.01001	0.01444	0.01048	0.01492	0.00960	0.01341	0.00813	0.01334	0.18278	0.00322	0.08515	0.00431	0.00270	0.00563
25	0.00998	0.00764	0.00897	0.00911	0.01082	0.02346	0.00724	0.01543	0.21834	0.04716	0.09087	0.18365	0.07360	0.01206	0.00639	0.00205	0.00409	0.25815	0.00512	0.00588
26	0.00653	0.00466	0.00623	0.00746	0.00780	0.00437	0.00506	0.00751	0.01021	0.01359	0.02909	0.77952	0.03478	0.01648	0.00677	0.00216	0.00314	0.04542	0.00491	0.00432
27	0.00955	0.00816	0.01206	0.01627	0.26985	0.00822	0.00918	0.01302	0.10851	0.01588	0.02167	0.43969	0.02356	0.01135	0.00606	0.00191	0.00430	0.01038	0.00419	0.00620
28	0.00645	0.00489	0.00585	0.00659	0.00737	0.00440	0.00450	0.00746	0.01062	0.01356	0.03663	0.50660	0.28546	0.06419	0.00781	0.00221	0.00306	0.01327	0.00480	0.00428
29	0.00861	0.00666	0.01024	0.01050	0.01203	0.00652	0.07588	0.01105	0.01201	0.01566	0.02743	0.12215	0.05491	0.01382	0.00712	0.00233	0.00500	0.58840	0.00468	0.00501
30	0.01828	0.01701	0.01427	0.01210	0.01547	0.27740	0.00950	0.26469	0.22702	0.06922	0.01410	0.01389	0.01048	0.00628	0.00514	0.00157	0.00654	0.00467	0.00452	0.00785
31	0.01251	0.01198	0.02042	0.17447	0.64369	0.01241	0.01594	0.01572	0.01177	0.01658	0.00984	0.01327	0.00813	0.00482	0.00524	0.00161	0.00642	0.00471	0.00257	0.00791
32	0.01775	0.01364	0.01454	0.01169	0.01550	0.01530	0.00948	0.51506	0.27722	0.02953	0.01567	0.01507	0.01141	0.00663	0.00532	0.00166	0.00527	0.00517	0.00532	0.00878
33	0.01163	0.25659	0.56655	0.01332	0.02018	0.01478	0.01649	0.01648	0.01104	0.01549	0.00887	0.01038	0.00672	0.00488	0.00455	0.00152	0.00719	0.00359	0.00224	0.00751
34	0.01188	0.01133	0.01929	0.33056	0.49251	0.01224	0.01563	0.01517	0.01147	0.01581	0.00973	0.01348	0.00786	0.00493	0.00525	0.00164	0.00658	0.00471	0.00251	0.00740
35	0.85155	0.01022	0.00777	0.00695	0.01022	0.01186	0.00573	0.01554	0.00900	0.02372	0.00736	0.00859	0.00573	0.00491	0.00327	0.00164	0.00409	0.00286	0.00327	0.00573
36	0.00747	0.00517	0.00576	0.00574	0.00605	0.00502	0.00339	0.00776	0.00861	0.01126	0.05151	0.03716	0.13113	0.66642	0.02310	0.00450	0.00467	0.00827	0.00355	0.00346
37	0.30029	0.01562	0.01252	0.01064	0.01404	0.21628	0.00847	0.24594	0.09004	0.02368	0.01058	0.01117	0.00802	0.00571	0.00448	0.00157	0.00604	0.00389	0.00395	0.00708
38	0.00888	0.00870	0.01465	0.01156	0.01453	0.00802	0.26053	0.01216	0.05625	0.01630	0.10905	0.05051	0.38717	0.00982	0.00620	0.00178	0.00486	0.00911	0.00427	0.00564
39	0.01461	0.01112	0.01194	0.00992	0.01301	0.01196	0.00791	0.42057	0.10920	0.02546	0.02478	0.11270	0.18559	0.00918	0.00568	0.00172	0.00461	0.00751	0.00517	0.00737
40	0.30083	0.02014	0.01254	0.01137	0.01428	0.52903	0.00870	0.01923	0.01296	0.01658	0.00790	0.00921	0.00644	0.00527	0.00426	0.00145	0.00769	0.00322	0.00291	0.00599
41	0.01730	0.02006	0.01386	0.01256	0.01538	0.50340	0.00953	0.02370	0.29597	0.01635	0.01313	0.01332	0.01027	0.00609	0.00499	0.00152	0.00755	0.00436	0.00371	0.00696
42	0.00650	0.00504	0.00592	0.00638	0.00747	0.00446	0.00453	0.00781	0.01162	0.01488	0.14123	0.37245	0.36404	0.01439	0.00646	0.00192	0.00282	0.01259	0.00503	0.00446
43	0.01308	0.01256	0.02146	0.03245	0.78123	0.01256	0.01622	0.01622	0.01204	0.01727	0.00994	0.01308	0.00837	0.00471	0.00523	0.00157	0.00628	0.00471	0.00262	0.00837
44	0.29399	0.00783	0.00777	0.00699	0.00923	0.00829	0.00550	0.07976	0.01326	0.02252	0.32557	0.02553	0.07841	0.00815	0.00491	0.00161	0.00334	0.00653	0.08526	0.00556

[dist]
# distance from previous block
# <min> <max>
0	1

[block]
# block no. 6 follows, 46 sequences, length 51
# corresponding to MSA columns:
# 466-516
name=unknown_G
#
# <colnr> <probs for GDERKNQSTAVLIFYWHMCP>
#	G	D	E	R	K	N	Q	S	T	A	V	L	I	F	Y	W	H	M	C	P
0	0.01588	0.28361	0.01983	0.01446	0.12978	0.30473	0.01045	0.02993	0.06100	0.01451	0.00911	0.01052	0.00771	0.00517	0.00467	0.00134	0.02466	0.00361	0.00277	0.04625
1	0.00709	0.00522	0.00664	0.00692	0.00762	0.00528	0.00482	0.00815	0.00931	0.01239	0.02557	0.21429	0.16083	0.23661	0.25998	0.00488	0.00704	0.00940	0.00380	0.00417
2	0.00907	0.05748	0.01205	0.25056	0.01787	0.02683	0.00915	0.01103	0.01050	0.01369	0.05265	0.23230	0.11130	0.01139	0.03841	0.00216	0.11646	0.00835	0.00351	0.00524
3	0.00853	0.00672	0.00772	0.00718	0.00897	0.00661	0.00546	0.03819	0.14201	0.01987	0.42575	0.03837	0.24289	0.01075	0.00606	0.00172	0.00294	0.00923	0.00548	0.00555
4	0.01327	0.01124	0.01183	0.01060	0.01356	0.01296	0.00826	0.05272	0.71864	0.02241	0.02106	0.01948	0.01580	0.00711	0.00532	0.00177	0.00418	0.00590	0.03563	0.00826
5	0.02053	0.01412	0.01544	0.01184	0.01605	0.01537	0.00978	0.67591	0.02370	0.12264	0.01366	0.01332	0.00948	0.00637	0.00529	0.00159	0.00566	0.00483	0.00544	0.00899
6	0.00776	0.00565	0.00758	0.00865	0.00972	0.00547	0.00713	0.00970	0.01167	0.01509	0.03133	0.23524	0.12144	0.01492	0.00704	0.00229	0.00418	0.48557	0.00488	0.00468
7	0.01870	0.04170	0.01264	0.00988	0.01348	0.01041	0.00800	0.02598	0.32233	0.42812	0.03692	0.01879	0.01487	0.00681	0.00529	0.00168	0.00437	0.00558	0.00589	0.00857
8	0.00830	0.00497	0.00655	0.00655	0.00666	0.00508	0.00418	0.00756	0.00745	0.01004	0.01325	0.02526	0.01433	0.39193	0.11352	0.35649	0.00595	0.00616	0.00278	0.00300
9	0.00669	0.00492	0.00633	0.00737	0.00803	0.00456	0.00525	0.00788	0.01070	0.01393	0.03279	0.59163	0.15028	0.01581	0.00674	0.00213	0.00325	0.11242	0.00490	0.00440
10	0.01988	0.01281	0.01435	0.01125	0.01525	0.01373	0.00921	0.46251	0.14227	0.21801	0.01613	0.01514	0.01115	0.00653	0.00531	0.00163	0.00523	0.00509	0.00561	0.00889
11	0.08909	0.00961	0.01047	0.00927	0.01188	0.03992	0.00738	0.19138	0.01445	0.08368	0.01825	0.15880	0.01796	0.06490	0.00704	0.00199	0.00477	0.14522	0.00456	0.10940
12	0.01297	0.55659	0.27829	0.01103	0.01664	0.01807	0.01251	0.01613	0.01088	0.01386	0.00806	0.00937	0.00676	0.00469	0.00393	0.00131	0.00637	0.00318	0.00225	0.00712
13	0.00759	0.00513	0.00651	0.00699	0.00795	0.00465	0.00492	0.00893	0.01162	0.05961	0.16461	0.48976	0.17325	0.01439	0.00648	0.00197	0.00298	0.01280	0.00516	0.00472
14	0.00638	0.00483	0.00590	0.00676	0.00751	0.00434	0.00464	0.00743	0.01070	0.01373	0.03647	0.58246	0.25853	0.01561	0.00660	0.00204	0.00295	0.01387	0.00491	0.00434
15	0.01135	0.00643	0.00845	0.00838	0.01029	0.00592	0.00689	0.01333	0.01279	0.19500	0.07463	0.12342	0.17427	0.01247	0.00652	0.00205	0.00403	0.31276	0.00533	0.00570
16	0.01409	0.00693	0.00901	0.00779	0.01030	0.00612	0.00621	0.01616	0.01424	0.33814	0.26813	0.04664	0.16480	0.00985	0.00593	0.00173	0.00353	0.05797	0.00588	0.00655
17	0.85155	0.01022	0.00777	0.00695	0.01022	0.01186	0.00573	0.01554	0.00900	0.02372	0.00736	0.00859	0.00573	0.00491	0.00327	0.00164	0.00409	0.00286	0.00327	0.00573
18	0.01468	0.01212	0.01281	0.01107	0.01433	0.01386	0.00874	0.18999	0.60729	0.02458	0.01957	0.01818	0.01456	0.00699	0.00536	0.00175	0.00454	0.00571	0.00536	0.00850
19	0.02077	0.09433	0.02909	0.01048	0.01467	0.01240	0.00892	0.27675	0.05336	0.39929	0.01651	0.01516	0.01107	0.00627	0.00511	0.00158	0.00511	0.00488	0.00554	0.00872
20	0.01309	0.19066	0.21660	0.05510	0.09301	0.09863	0.08396	0.04170	0.01172	0.01531	0.00924	0.02807	0.00774	0.00571	0.00639	0.00162	0.10757	0.00431	0.00255	0.00701
21	0.01451	0.26825	0.01718	0.01082	0.01392	0.22295	0.00914	0.03411	0.17451	0.01568	0.01449	0.02066	0.01318	0.00723	0.00494	0.00158	0.00624	0.14038	0.00359	0.00664
22	0.01101	0.04310	0.56661	0.01633	0.02324	0.01248	0.18857	0.01649	0.01145	0.01661	0.01041	0.02664	0.00795	0.00527	0.00533	0.00171	0.00787	0.01899	0.00243	0.00751
23	0.00641	0.00473	0.00600	0.00701	0.00758	0.00432	0.00475	0.00740	0.01046	0.01363	0.03342	0.67745	0.16551	0.01601	0.00666	0.00208	0.00300	0.01435	0.00491	0.00432
24	0.00651	0.00533	0.00581	0.00589	0.00737	0.00476	0.00434	0.00781	0.01123	0.01374	0.04494	0.09353	0.59216	0.06589	0.10413	0.00284	0.00426	0.01051	0.00455	0.00441
25	0.00704	0.00488	0.00607	0.00679	0.00700	0.00471	0.00434	0.00764	0.00919	0.01223	0.02388	0.45730	0.02822	0.34934	0.01518	0.00340	0.00400	0.04073	0.00419	0.00386
26	0.00703	0.00539	0.00643	0.00617	0.00762	0.00479	0.00463	0.00909	0.01389	0.01864	0.51067	0.04370	0.31925	0.01176	0.00624	0.00171	0.00256	0.01015	0.00548	0.00479
27	0.01060	0.02735	0.78682	0.01507	0.02288	0.01228	0.01953	0.01674	0.01116	0.01674	0.00949	0.01116	0.00670	0.00502	0.00502	0.00167	0.00781	0.00391	0.00223	0.00781
28	0.17290	0.02002	0.01386	0.01205	0.01523	0.46808	0.00935	0.19329	0.01618	0.01968	0.00908	0.01010	0.00712	0.00556	0.00461	0.00146	0.00766	0.00362	0.00342	0.00672
29	0.85155	0.01022	0.00777	0.00695	0.01022	0.01186	0.00573	0.01554	0.00900	0.02372	0.00736	0.00859	0.00573	0.00491	0.00327	0.00164	0.00409	0.00286	0.00327	0.00573
30	0.01083	0.07751	0.73862	0.01469	0.02229	0.01283	0.01887	0.01668	0.01113	0.01647	0.00935	0.01099	0.00670	0.00499	0.00492	0.00164	0.00768	0.00384	0.00223	0.00775
31	0.00798	0.00691	0.01106	0.00988	0.01130	0.00675	0.13863	0.00962	0.01065	0.01421	0.06921	0.36761	0.12817	0.10316	0.03630	0.00256	0.04604	0.01096	0.00417	0.00483
32	0.01308	0.01256	0.02146	0.03245	0.78123	0.01256	0.01622	0.01622	0.01204	0.01727	0.00994	0.01308	0.00837	0.00471	0.00523	0.00157	0.00628	0.00471	0.00262	0.00837
33	0.01029	0.00667	0.01004	0.00912	0.01097	0.00602	0.09342	0.01190	0.01166	0.15598	0.02975	0.43884	0.15835	0.01275	0.00634	0.00195	0.00394	0.01154	0.00495	0.00552
34	0.01363	0.01057	0.01721	0.28235	0.17153	0.01113	0.10125	0.08027	0.01339	0.13964	0.06639	0.01750	0.03937	0.00604	0.00549	0.00169	0.00614	0.00556	0.00369	0.00716
35	0.01119	0.01235	0.04098	0.01856	0.02279	0.01148	0.56369	0.01488	0.01153	0.01574	0.01254	0.06237	0.01090	0.06212	0.10113	0.00282	0.00893	0.00673	0.00285	0.00644
36	0.01349	0.01335	0.01880	0.23857	0.43741	0.10534	0.01469	0.06477	0.01282	0.01678	0.00976	0.01291	0.00787	0.00506	0.00520	0.00160	0.00685	0.00456	0.00273	0.00747
37	0.02092	0.00846	0.01158	0.00947	0.01303	0.00746	0.00791	0.02304	0.01459	0.64337	0.02217	0.02566	0.01628	0.00803	0.00568	0.00178	0.00457	0.14155	0.00623	0.00824
38	0.01533	0.19986	0.01684	0.01075	0.01416	0.01524	0.00917	0.33534	0.10693	0.02271	0.01344	0.01650	0.01113	0.01055	0.09720	0.00239	0.03794	0.05284	0.00416	0.00751
39	0.01175	0.42679	0.23682	0.01046	0.01516	0.01520	0.01134	0.01475	0.01126	0.01465	0.07668	0.06884	0.01364	0.00656	0.00453	0.00147	0.00577	0.04482	0.00288	0.00665
40	0.01710	0.00788	0.01012	0.00830	0.01141	0.00705	0.00666	0.01994	0.06386	0.46505	0.16049	0.02767	0.15417	0.00854	0.00565	0.00168	0.00380	0.00713	0.00605	0.00745
41	0.01220	0.38468	0.44348	0.01234	0.01867	0.01619	0.01479	0.01633	0.01097	0.01480	0.00852	0.00995	0.00674	0.00480	0.00429	0.00143	0.00684	0.00342	0.00225	0.00735
42	0.01013	0.00835	0.00971	0.05466	0.01228	0.00915	0.00712	0.01835	0.37554	0.01975	0.23061	0.14912	0.05393	0.00974	0.00585	0.00181	0.00366	0.00847	0.00524	0.00653
