[name]
unknown

[dist]
# distance from previous block
# <min> <max>
8	479

[block]
# block no. 0 follows, 40 sequences, length 11
# corresponding to MSA columns:
# 598-608
name=unknown_A
#
# <colnr> <probs for GDERKNQSTAVLIFYWHMCP>
#	G	D	E	R	K	N	Q	S	T	A	V	L	I	F	Y	W	H	M	C	P
0	0.01068	0.01389	0.25258	0.01075	0.01450	0.00818	0.01090	0.01429	0.01392	0.08635	0.28557	0.20082	0.03218	0.01085	0.00647	0.00195	0.00497	0.00945	0.00497	0.00671
1	0.00709	0.00506	0.00675	0.00810	0.00843	0.00472	0.00540	0.00810	0.01113	0.01484	0.03205	0.79184	0.03846	0.01822	0.00742	0.00236	0.00337	0.01653	0.00540	0.00472
2	0.01287	0.14244	0.48650	0.01991	0.18997	0.01501	0.01892	0.01814	0.01243	0.01783	0.01019	0.01231	0.00780	0.00536	0.00531	0.00173	0.00785	0.00432	0.00256	0.00856
3	0.01497	0.02325	0.30325	0.02296	0.26085	0.18561	0.07006	0.01934	0.01365	0.01767	0.01037	0.01280	0.00810	0.00547	0.00563	0.00174	0.00857	0.00464	0.00275	0.00832
4	0.01427	0.01632	0.08124	0.02916	0.39745	0.04786	0.29017	0.01842	0.01350	0.01860	0.01113	0.01455	0.00885	0.00514	0.00614	0.00181	0.00828	0.00569	0.00288	0.00854
5	0.01794	0.62031	0.02663	0.01004	0.01491	0.01973	0.00963	0.01989	0.01291	0.18354	0.01145	0.01170	0.00903	0.00548	0.00421	0.00137	0.00593	0.00373	0.00355	0.00801
6	0.01717	0.01156	0.01603	0.01856	0.24777	0.01171	0.01147	0.07005	0.17766	0.22066	0.02054	0.07667	0.03328	0.00799	0.00605	0.00189	0.00543	0.03138	0.00523	0.00888
7	0.01115	0.05943	0.53129	0.01448	0.02117	0.01217	0.04548	0.01669	0.01326	0.01932	0.17937	0.01934	0.01819	0.00692	0.00580	0.00182	0.00721	0.00575	0.00337	0.00781
8	0.00858	0.00769	0.00990	0.01264	0.17812	0.00693	0.00746	0.01050	0.01325	0.01645	0.04804	0.04655	0.58757	0.01256	0.00662	0.00191	0.00384	0.01067	0.00483	0.00588
9	0.00995	0.00900	0.01412	0.53187	0.03015	0.01054	0.01295	0.01319	0.01217	0.01533	0.02271	0.02969	0.16452	0.00885	0.00629	0.00203	0.00648	0.09066	0.00349	0.00601
10	0.01593	0.01416	0.02182	0.07762	0.54609	0.01472	0.01620	0.18127	0.01633	0.02274	0.01159	0.01436	0.00927	0.00563	0.00577	0.00174	0.00685	0.00519	0.00353	0.00919

[dist]
# distance from previous block
# <min> <max>
5	22

[block]
# block no. 1 follows, 40 sequences, length 11
# corresponding to MSA columns:
# 631-641
name=unknown_B
#
# <colnr> <probs for GDERKNQSTAVLIFYWHMCP>
#	G	D	E	R	K	N	Q	S	T	A	V	L	I	F	Y	W	H	M	C	P
0	0.00956	0.00816	0.01169	0.01492	0.22112	0.00767	0.00866	0.01212	0.01458	0.01979	0.33369	0.03901	0.25479	0.01085	0.00655	0.00184	0.00398	0.00954	0.00510	0.00637
1	0.01059	0.00908	0.01031	0.00784	0.01210	0.00695	0.00619	0.01286	0.01240	0.01803	0.02410	0.02450	0.22065	0.00726	0.00503	0.00117	0.00392	0.00595	0.00400	0.59707
2	0.01402	0.02240	0.32363	0.01337	0.01798	0.22660	0.01353	0.04255	0.01300	0.01604	0.01217	0.01820	0.01095	0.19101	0.03803	0.00289	0.00861	0.00521	0.00300	0.00681
3	0.24746	0.20225	0.06855	0.02002	0.30001	0.01581	0.03501	0.01759	0.01191	0.01969	0.00944	0.01168	0.00784	0.00521	0.00468	0.00165	0.00626	0.00410	0.00296	0.00789
4	0.01505	0.00904	0.01053	0.00931	0.01237	0.00886	0.00742	0.02109	0.22271	0.24495	0.03579	0.03605	0.26493	0.01061	0.00638	0.00197	0.00421	0.06496	0.00609	0.00767
5	0.01232	0.00703	0.00805	0.00715	0.00984	0.00594	0.00559	0.01401	0.01422	0.22755	0.04872	0.04572	0.54659	0.01259	0.00658	0.00192	0.00351	0.01045	0.00591	0.00632
6	0.01283	0.06064	0.01232	0.01016	0.01262	0.01251	0.00764	0.02368	0.49214	0.01995	0.02116	0.02554	0.01806	0.23090	0.01249	0.00296	0.00500	0.00689	0.00502	0.00748
7	0.83671	0.01125	0.00855	0.00765	0.01125	0.01305	0.00630	0.01709	0.00990	0.02609	0.00810	0.00945	0.00630	0.00540	0.00360	0.00180	0.00450	0.00315	0.00360	0.00630
8	0.00801	0.00571	0.00621	0.00621	0.00677	0.00543	0.00378	0.00843	0.00982	0.01253	0.02982	0.04313	0.22963	0.57437	0.02316	0.00460	0.00487	0.00954	0.00406	0.00392
9	0.01084	0.00542	0.00542	0.00542	0.00678	0.00542	0.00407	0.01355	0.01220	0.02168	0.01897	0.02168	0.01491	0.00678	0.00407	0.00136	0.00271	0.00542	0.82791	0.00542
10	0.01275	0.01774	0.23318	0.20803	0.32115	0.01358	0.07571	0.01735	0.01262	0.01781	0.01072	0.01416	0.00831	0.00541	0.00579	0.00183	0.00782	0.00506	0.00269	0.00827

[dist]
# distance from previous block
# <min> <max>
0	2

[block]
# block no. 2 follows, 40 sequences, length 8
# corresponding to MSA columns:
# 644-651
name=unknown_C
#
# <colnr> <probs for GDERKNQSTAVLIFYWHMCP>
#	G	D	E	R	K	N	Q	S	T	A	V	L	I	F	Y	W	H	M	C	P
0	0.31687	0.00996	0.01036	0.00951	0.04158	0.01057	0.00686	0.09556	0.01273	0.15634	0.01464	0.02066	0.01276	0.24461	0.01219	0.00295	0.00523	0.00555	0.00444	0.00662
1	0.01446	0.01249	0.01315	0.01183	0.01512	0.01446	0.00920	0.03090	0.74885	0.02433	0.02367	0.02170	0.01775	0.00789	0.00592	0.00197	0.00460	0.00657	0.00592	0.00920
2	0.01230	0.01220	0.02327	0.02173	0.19956	0.01175	0.34193	0.01537	0.01202	0.01650	0.01355	0.02213	0.01264	0.24384	0.01346	0.00301	0.00784	0.00694	0.00310	0.00687
3	0.01402	0.49727	0.31898	0.01255	0.01895	0.01928	0.01448	0.01781	0.01200	0.01554	0.00901	0.01049	0.00742	0.00519	0.00444	0.00148	0.00715	0.00358	0.00247	0.00791
4	0.00835	0.00605	0.00844	0.00844	0.00916	0.00678	0.00614	0.00980	0.00908	0.01283	0.01641	0.02744	0.01653	0.27079	0.54814	0.00823	0.01257	0.00690	0.00324	0.00469
5	0.01005	0.00558	0.00613	0.00599	0.00735	0.00544	0.00449	0.01277	0.01348	0.02218	0.24170	0.02825	0.02698	0.00832	0.00491	0.00150	0.00272	0.00696	0.57975	0.00544
6	0.01049	0.00899	0.01020	0.00779	0.01199	0.00689	0.00614	0.01274	0.01242	0.01797	0.02501	0.02532	0.23469	0.00745	0.00508	0.00119	0.00390	0.00611	0.00404	0.58158
7	0.01408	0.24859	0.01772	0.00914	0.01420	0.01242	0.00793	0.01643	0.01230	0.06883	0.01053	0.01177	0.00867	0.00471	0.00424	0.00104	0.00493	0.00351	0.00342	0.52556

[dist]
# distance from previous block
# <min> <max>
8	23

[block]
# block no. 3 follows, 40 sequences, length 20
# corresponding to MSA columns:
# 675-694
name=unknown_D
#
# <colnr> <probs for GDERKNQSTAVLIFYWHMCP>
#	G	D	E	R	K	N	Q	S	T	A	V	L	I	F	Y	W	H	M	C	P
0	0.01206	0.01034	0.01206	0.00861	0.01378	0.00775	0.00689	0.01464	0.01206	0.01895	0.01034	0.01206	0.00861	0.00431	0.00431	0.00086	0.00431	0.00345	0.00345	0.83118
1	0.83671	0.01125	0.00855	0.00765	0.01125	0.01305	0.00630	0.01709	0.00990	0.02609	0.00810	0.00945	0.00630	0.00540	0.00360	0.00180	0.00450	0.00315	0.00360	0.00630
2	0.01214	0.01120	0.01428	0.01074	0.01532	0.04563	0.09336	0.01476	0.01236	0.01820	0.01301	0.10457	0.01211	0.00610	0.00502	0.00120	0.00515	0.00541	0.00359	0.59585
3	0.01439	0.01382	0.02360	0.03569	0.75936	0.01382	0.01785	0.01785	0.01324	0.01900	0.01094	0.01439	0.00921	0.00518	0.00576	0.00173	0.00691	0.00518	0.00288	0.00921
4	0.83671	0.01125	0.00855	0.00765	0.01125	0.01305	0.00630	0.01709	0.00990	0.02609	0.00810	0.00945	0.00630	0.00540	0.00360	0.00180	0.00450	0.00315	0.00360	0.00630
5	0.01824	0.02246	0.01408	0.01309	0.01565	0.59088	0.00974	0.01968	0.01547	0.01448	0.01761	0.10821	0.09973	0.00847	0.00569	0.00166	0.00875	0.00626	0.00356	0.00629
6	0.01179	0.01116	0.01890	0.60533	0.21007	0.01313	0.01655	0.01556	0.01201	0.01584	0.01048	0.01524	0.00810	0.00566	0.00580	0.00189	0.00755	0.00517	0.00265	0.00711
7	0.83671	0.01125	0.00855	0.00765	0.01125	0.01305	0.00630	0.01709	0.00990	0.02609	0.00810	0.00945	0.00630	0.00540	0.00360	0.00180	0.00450	0.00315	0.00360	0.00630
8	0.01555	0.79913	0.03047	0.00995	0.01493	0.02301	0.00995	0.01741	0.01182	0.01368	0.00808	0.00933	0.00746	0.00498	0.00373	0.00124	0.00622	0.00311	0.00249	0.00746
9	0.00859	0.00646	0.00824	0.00771	0.00947	0.00568	0.00570	0.01090	0.01448	0.02060	0.46210	0.21516	0.04336	0.01213	0.00657	0.00180	0.00315	0.01077	0.00568	0.14145
10	0.83671	0.01125	0.00855	0.00765	0.01125	0.01305	0.00630	0.01709	0.00990	0.02609	0.00810	0.00945	0.00630	0.00540	0.00360	0.00180	0.00450	0.00315	0.00360	0.00630
11	0.00825	0.00634	0.00797	0.00814	0.00968	0.00545	0.00572	0.00965	0.01143	0.01585	0.02789	0.58090	0.05739	0.01480	0.00667	0.00199	0.00358	0.01328	0.00494	0.20008
12	0.01156	0.01215	0.10060	0.00940	0.01453	0.00816	0.00845	0.01465	0.01260	0.01940	0.09851	0.01579	0.01393	0.00535	0.00475	0.00109	0.00463	0.00438	0.00368	0.63638
13	0.83671	0.01125	0.00855	0.00765	0.01125	0.01305	0.00630	0.01709	0.00990	0.02609	0.00810	0.00945	0.00630	0.00540	0.00360	0.00180	0.00450	0.00315	0.00360	0.00630
14	0.01627	0.01067	0.01438	0.01048	0.01551	0.00858	0.07007	0.01896	0.01353	0.23486	0.01411	0.01461	0.01031	0.00520	0.00497	0.00123	0.00496	0.00444	0.00449	0.52237
15	0.01380	0.01030	0.01274	0.06622	0.01588	0.00864	0.00806	0.01678	0.03239	0.11466	0.01280	0.01503	0.01019	0.00535	0.00513	0.00118	0.02397	0.02329	0.00396	0.59964
16	0.83671	0.01125	0.00855	0.00765	0.01125	0.01305	0.00630	0.01709	0.00990	0.02609	0.00810	0.00945	0.00630	0.00540	0.00360	0.00180	0.00450	0.00315	0.00360	0.00630
17	0.01048	0.00730	0.01012	0.01118	0.09824	0.00681	0.00755	0.01312	0.01538	0.08472	0.44356	0.04196	0.12002	0.01150	0.00678	0.00193	0.00376	0.09355	0.00582	0.00623
18	0.01800	0.54643	0.02594	0.01079	0.01565	0.02059	0.01009	0.18914	0.01590	0.08338	0.01075	0.01132	0.00863	0.00564	0.00441	0.00141	0.00615	0.00385	0.00368	0.00824
19	0.64056	0.00998	0.00792	0.00723	0.01044	0.01112	0.00585	0.01503	0.01069	0.02364	0.02011	0.02044	0.18374	0.00760	0.00437	0.00184	0.00413	0.00531	0.00402	0.00597

[dist]
# distance from previous block
# <min> <max>
0	5

[block]
# block no. 4 follows, 40 sequences, length 14
# corresponding to MSA columns:
# 700-713
name=unknown_E
#
# <colnr> <probs for GDERKNQSTAVLIFYWHMCP>
#	G	D	E	R	K	N	Q	S	T	A	V	L	I	F	Y	W	H	M	C	P
0	0.01348	0.01096	0.01602	0.16435	0.15233	0.01009	0.04041	0.01648	0.01265	0.08731	0.01239	0.03960	0.01008	0.00551	0.00521	0.00141	0.00569	0.00488	0.00357	0.38760
1	0.01452	0.00927	0.01123	0.00907	0.01298	0.00788	0.00733	0.01795	0.07002	0.19881	0.05173	0.02708	0.11562	0.00814	0.00561	0.00154	0.00434	0.07666	0.00511	0.34512
2	0.78679	0.01239	0.05434	0.00819	0.01209	0.01307	0.00722	0.01717	0.01004	0.02563	0.00824	0.00962	0.00636	0.00541	0.00372	0.00180	0.00475	0.00322	0.00353	0.00644
3	0.01205	0.01007	0.01175	0.00882	0.01341	0.00798	0.00695	0.05387	0.01280	0.01946	0.01299	0.10039	0.01206	0.00603	0.00474	0.00108	0.00432	0.00502	0.00380	0.69242
4	0.01164	0.01101	0.01864	0.63679	0.17974	0.01309	0.01648	0.01544	0.01194	0.01566	0.01045	0.01529	0.00804	0.00569	0.00580	0.00190	0.00759	0.00517	0.00264	0.00699
5	0.83671	0.01125	0.00855	0.00765	0.01125	0.01305	0.00630	0.01709	0.00990	0.02609	0.00810	0.00945	0.00630	0.00540	0.00360	0.00180	0.00450	0.00315	0.00360	0.00630
6	0.01261	0.01033	0.01252	0.00939	0.01402	0.00852	0.02846	0.01677	0.09270	0.05009	0.07618	0.01621	0.01381	0.00548	0.00484	0.00113	0.00439	0.00459	0.00410	0.61387
7	0.01402	0.01344	0.02293	0.11672	0.68123	0.01372	0.01766	0.01752	0.01307	0.01855	0.01087	0.01451	0.00905	0.00525	0.00576	0.00175	0.00700	0.00518	0.00285	0.00891
8	0.83671	0.01125	0.00855	0.00765	0.01125	0.01305	0.00630	0.01709	0.00990	0.02609	0.00810	0.00945	0.00630	0.00540	0.00360	0.00180	0.00450	0.00315	0.00360	0.00630
9	0.01443	0.57857	0.24127	0.01185	0.01786	0.02028	0.01326	0.01770	0.01195	0.01504	0.00876	0.01017	0.00744	0.00513	0.00425	0.00142	0.00690	0.00345	0.00248	0.00779
10	0.01452	0.00892	0.01125	0.00941	0.01210	0.00885	0.00759	0.01634	0.01342	0.24640	0.05203	0.03145	0.28436	0.01035	0.00866	0.00191	0.15558	0.00792	0.00522	0.09373
11	0.83671	0.01125	0.00855	0.00765	0.01125	0.01305	0.00630	0.01709	0.00990	0.02609	0.00810	0.00945	0.00630	0.00540	0.00360	0.00180	0.00450	0.00315	0.00360	0.00630
12	0.05886	0.00961	0.01479	0.01179	0.01522	0.00913	0.14897	0.03865	0.01400	0.23422	0.05587	0.02752	0.17340	0.01494	0.14280	0.00321	0.00729	0.00752	0.00499	0.00722
13	0.01191	0.00977	0.01193	0.09305	0.01566	0.00930	0.00812	0.07748	0.10401	0.02144	0.18608	0.06820	0.02224	0.00773	0.00557	0.00150	0.00448	0.00659	0.00466	0.33027

[dist]
# distance from previous block
# <min> <max>
0	3

[block]
# block no. 5 follows, 40 sequences, length 25
# corresponding to MSA columns:
# 717-741
name=unknown_F
#
# <colnr> <probs for GDERKNQSTAVLIFYWHMCP>
#	G	D	E	R	K	N	Q	S	T	A	V	L	I	F	Y	W	H	M	C	P
0	0.83671	0.01125	0.00855	0.00765	0.01125	0.01305	0.00630	0.01709	0.00990	0.02609	0.00810	0.00945	0.00630	0.00540	0.00360	0.00180	0.00450	0.00315	0.00360	0.00630
1	0.00709	0.00506	0.00675	0.00810	0.00843	0.00472	0.00540	0.00810	0.01113	0.01484	0.03205	0.79184	0.03846	0.01822	0.00742	0.00236	0.00337	0.01653	0.00540	0.00472
2	0.01555	0.79913	0.03047	0.00995	0.01493	0.02301	0.00995	0.01741	0.01182	0.01368	0.00808	0.00933	0.00746	0.00498	0.00373	0.00124	0.00622	0.00311	0.00249	0.00746
3	0.83671	0.01125	0.00855	0.00765	0.01125	0.01305	0.00630	0.01709	0.00990	0.02609	0.00810	0.00945	0.00630	0.00540	0.00360	0.00180	0.00450	0.00315	0.00360	0.00630
4	0.01054	0.00974	0.01624	0.69436	0.03648	0.01199	0.01494	0.01409	0.01157	0.01486	0.01279	0.10311	0.01122	0.00721	0.00600	0.00199	0.00726	0.00645	0.00290	0.00626
5	0.01629	0.71079	0.02900	0.01034	0.01528	0.02245	0.01007	0.09895	0.01357	0.01627	0.00875	0.00985	0.00774	0.00520	0.00397	0.00130	0.00624	0.00335	0.00286	0.00774
6	0.83671	0.01125	0.00855	0.00765	0.01125	0.01305	0.00630	0.01709	0.00990	0.02609	0.00810	0.00945	0.00630	0.00540	0.00360	0.00180	0.00450	0.00315	0.00360	0.00630
7	0.00808	0.00594	0.00756	0.00716	0.00859	0.00542	0.00537	0.01068	0.01610	0.02246	0.67759	0.04485	0.13410	0.01221	0.00686	0.00184	0.00277	0.01071	0.00629	0.00542
8	0.01206	0.01034	0.01206	0.00861	0.01378	0.00775	0.00689	0.01464	0.01206	0.01895	0.01034	0.01206	0.00861	0.00431	0.00431	0.00086	0.00431	0.00345	0.00345	0.83118
9	0.83671	0.01125	0.00855	0.00765	0.01125	0.01305	0.00630	0.01709	0.00990	0.02609	0.00810	0.00945	0.00630	0.00540	0.00360	0.00180	0.00450	0.00315	0.00360	0.00630
10	0.01166	0.03008	0.76550	0.01657	0.02517	0.01351	0.02149	0.01842	0.01228	0.01842	0.01044	0.01228	0.00737	0.00552	0.00552	0.00184	0.00859	0.00430	0.00246	0.00859
11	0.01206	0.01034	0.01206	0.00861	0.01378	0.00775	0.00689	0.01464	0.01206	0.01895	0.01034	0.01206	0.00861	0.00431	0.00431	0.00086	0.00431	0.00345	0.00345	0.83118
12	0.83671	0.01125	0.00855	0.00765	0.01125	0.01305	0.00630	0.01709	0.00990	0.02609	0.00810	0.00945	0.00630	0.00540	0.00360	0.00180	0.00450	0.00315	0.00360	0.00630
13	0.00709	0.00506	0.00675	0.00810	0.00843	0.00472	0.00540	0.00810	0.01113	0.01484	0.03205	0.79184	0.03846	0.01822	0.00742	0.00236	0.00337	0.01653	0.00540	0.00472
14	0.01555	0.79913	0.03047	0.00995	0.01493	0.02301	0.00995	0.01741	0.01182	0.01368	0.00808	0.00933	0.00746	0.00498	0.00373	0.00124	0.00622	0.00311	0.00249	0.00746
15	0.83671	0.01125	0.00855	0.00765	0.01125	0.01305	0.00630	0.01709	0.00990	0.02609	0.00810	0.00945	0.00630	0.00540	0.00360	0.00180	0.00450	0.00315	0.00360	0.00630
16	0.00817	0.00594	0.00770	0.00726	0.00865	0.00546	0.00544	0.01087	0.01633	0.02300	0.72741	0.04396	0.08394	0.01201	0.00686	0.00183	0.00275	0.01059	0.00636	0.00546
17	0.01319	0.01101	0.01267	0.00915	0.01426	0.00891	0.00736	0.09649	0.01378	0.02095	0.01075	0.01227	0.00876	0.00461	0.00448	0.00096	0.00454	0.00365	0.00371	0.73850
18	0.83671	0.01125	0.00855	0.00765	0.01125	0.01305	0.00630	0.01709	0.00990	0.02609	0.00810	0.00945	0.00630	0.00540	0.00360	0.00180	0.00450	0.00315	0.00360	0.00630
19	0.01098	0.01034	0.01744	0.78165	0.04005	0.01292	0.01615	0.01486	0.01163	0.01486	0.01034	0.01550	0.00775	0.00581	0.00581	0.00194	0.00775	0.00517	0.00258	0.00646
20	0.02609	0.00990	0.01350	0.01035	0.01484	0.00855	0.00855	0.02834	0.01664	0.76338	0.02294	0.01979	0.01439	0.00720	0.00585	0.00180	0.00495	0.00585	0.00720	0.00990
21	0.83671	0.01125	0.00855	0.00765	0.01125	0.01305	0.00630	0.01709	0.00990	0.02609	0.00810	0.00945	0.00630	0.00540	0.00360	0.00180	0.00450	0.00315	0.00360	0.00630
22	0.02519	0.01200	0.01382	0.01092	0.01521	0.09494	0.00887	0.02785	0.04218	0.65305	0.02139	0.01881	0.01373	0.00709	0.00578	0.00177	0.00556	0.00564	0.00668	0.00952
23	0.01555	0.79913	0.03047	0.00995	0.01493	0.02301	0.00995	0.01741	0.01182	0.01368	0.00808	0.00933	0.00746	0.00498	0.00373	0.00124	0.00622	0.00311	0.00249	0.00746
24	0.83671	0.01125	0.00855	0.00765	0.01125	0.01305	0.00630	0.01709	0.00990	0.02609	0.00810	0.00945	0.00630	0.00540	0.00360	0.00180	0.00450	0.00315	0.00360	0.00630

[dist]
# distance from previous block
# <min> <max>
0	3

[block]
# block no. 6 follows, 40 sequences, length 6
# corresponding to MSA columns:
# 745-750
name=unknown_G
#
# <colnr> <probs for GDERKNQSTAVLIFYWHMCP>
#	G	D	E	R	K	N	Q	S	T	A	V	L	I	F	Y	W	H	M	C	P
0	0.01399	0.01328	0.02194	0.12309	0.60703	0.01377	0.01688	0.01865	0.07830	0.01897	0.01200	0.01517	0.00979	0.00550	0.00578	0.00177	0.00681	0.00530	0.00311	0.00888
1	0.01806	0.38001	0.02302	0.01270	0.01633	0.35914	0.01078	0.01971	0.01364	0.01396	0.00845	0.01016	0.00749	0.00591	0.00583	0.00148	0.08000	0.00358	0.00272	0.00704
2	0.83671	0.01125	0.00855	0.00765	0.01125	0.01305	0.00630	0.01709	0.00990	0.02609	0.00810	0.00945	0.00630	0.00540	0.00360	0.00180	0.00450	0.00315	0.00360	0.00630
3	0.01167	0.03582	0.01433	0.01580	0.18051	0.00949	0.05341	0.07988	0.01404	0.04805	0.06266	0.31330	0.08985	0.01185	0.00662	0.00203	0.00499	0.03417	0.00474	0.00677
4	0.01703	0.29901	0.01957	0.00988	0.01480	0.01443	0.00872	0.08479	0.01428	0.16619	0.01234	0.01277	0.00946	0.00537	0.00454	0.00127	0.00532	0.00396	0.00406	0.29222
5	0.83671	0.01125	0.00855	0.00765	0.01125	0.01305	0.00630	0.01709	0.00990	0.02609	0.00810	0.00945	0.00630	0.00540	0.00360	0.00180	0.00450	0.00315	0.00360	0.00630

[dist]
# distance from previous block
# <min> <max>
0	6

[block]
# block no. 7 follows, 40 sequences, length 9
# corresponding to MSA columns:
# 757-765
name=unknown_H
#
# <colnr> <probs for GDERKNQSTAVLIFYWHMCP>
#	G	D	E	R	K	N	Q	S	T	A	V	L	I	F	Y	W	H	M	C	P
0	0.01046	0.01001	0.01808	0.21120	0.02350	0.01031	0.22818	0.01412	0.04437	0.01652	0.02117	0.27093	0.05197	0.01038	0.00677	0.00211	0.00652	0.03311	0.00396	0.00633
1	0.01751	0.02035	0.01837	0.01941	0.17269	0.38923	0.01306	0.01936	0.01355	0.01516	0.00900	0.01197	0.00789	0.00706	0.00946	0.00186	0.23963	0.00445	0.00284	0.00715
2	0.83671	0.01125	0.00855	0.00765	0.01125	0.01305	0.00630	0.01709	0.00990	0.02609	0.00810	0.00945	0.00630	0.00540	0.00360	0.00180	0.00450	0.00315	0.00360	0.00630
3	0.01244	0.11010	0.08361	0.02238	0.38287	0.01266	0.01346	0.01599	0.03812	0.01815	0.07282	0.02379	0.15455	0.00757	0.00578	0.00174	0.00584	0.00662	0.00363	0.00786
4	0.01596	0.63440	0.02774	0.07694	0.01748	0.02152	0.01062	0.10643	0.01372	0.01662	0.00900	0.01043	0.00779	0.00530	0.00417	0.00137	0.00637	0.00355	0.00291	0.00768
5	0.83671	0.01125	0.00855	0.00765	0.01125	0.01305	0.00630	0.01709	0.00990	0.02609	0.00810	0.00945	0.00630	0.00540	0.00360	0.00180	0.00450	0.00315	0.00360	0.00630
6	0.01372	0.01299	0.02148	0.11676	0.58588	0.01297	0.01630	0.01711	0.01291	0.01852	0.01080	0.01423	0.00897	0.00514	0.00558	0.00164	0.00668	0.00497	0.00292	0.11042
7	0.01568	0.70162	0.02882	0.01060	0.01512	0.06331	0.01022	0.01749	0.01186	0.01373	0.00810	0.00963	0.00748	0.00540	0.00490	0.00135	0.06154	0.00328	0.00252	0.00735
8	0.83671	0.01125	0.00855	0.00765	0.01125	0.01305	0.00630	0.01709	0.00990	0.02609	0.00810	0.00945	0.00630	0.00540	0.00360	0.00180	0.00450	0.00315	0.00360	0.00630

[dist]
# distance from previous block
# <min> <max>
1	22

[block]
# block no. 8 follows, 40 sequences, length 11
# corresponding to MSA columns:
# 788-798
name=unknown_I
#
# <colnr> <probs for GDERKNQSTAVLIFYWHMCP>
#	G	D	E	R	K	N	Q	S	T	A	V	L	I	F	Y	W	H	M	C	P
0	0.01588	0.01115	0.01291	0.01004	0.01457	0.01023	0.00804	0.06214	0.20564	0.16106	0.01638	0.01613	0.01215	0.00593	0.00510	0.00138	0.00462	0.00481	0.00493	0.41691
1	0.83671	0.01125	0.00855	0.00765	0.01125	0.01305	0.00630	0.01709	0.00990	0.02609	0.00810	0.00945	0.00630	0.00540	0.00360	0.00180	0.00450	0.00315	0.00360	0.00630
2	0.01259	0.01159	0.01321	0.12814	0.01813	0.06377	0.00863	0.01530	0.01231	0.01798	0.01024	0.01248	0.00840	0.00466	0.00461	0.00107	0.00528	0.00373	0.00328	0.64461
3	0.01213	0.13185	0.01852	0.02107	0.35972	0.01210	0.01216	0.01487	0.01345	0.01806	0.11402	0.02878	0.13231	0.00855	0.00598	0.00180	0.00551	0.07781	0.00390	0.00742
4	0.83671	0.01125	0.00855	0.00765	0.01125	0.01305	0.00630	0.01709	0.00990	0.02609	0.00810	0.00945	0.00630	0.00540	0.00360	0.00180	0.00450	0.00315	0.00360	0.00630
5	0.01732	0.01015	0.01242	0.00974	0.01387	0.00889	0.00776	0.11242	0.01544	0.27091	0.01839	0.13501	0.01532	0.00777	0.00550	0.00152	0.00465	0.00650	0.00532	0.32111
6	0.01430	0.01280	0.02316	0.01728	0.02181	0.01209	0.37798	0.10816	0.01518	0.07530	0.04193	0.13591	0.01552	0.00757	0.00648	0.00186	0.00721	0.00784	0.00417	0.09345
7	0.83671	0.01125	0.00855	0.00765	0.01125	0.01305	0.00630	0.01709	0.00990	0.02609	0.00810	0.00945	0.00630	0.00540	0.00360	0.00180	0.00450	0.00315	0.00360	0.00630
8	0.01129	0.00952	0.01124	0.00853	0.01296	0.00729	0.00666	0.01363	0.01192	0.01832	0.01368	0.13216	0.01321	0.00645	0.00479	0.00109	0.00416	0.00546	0.00375	0.70389
9	0.01205	0.01078	0.01468	0.18465	0.02080	0.00970	0.05329	0.01581	0.05191	0.01829	0.01114	0.01358	0.00893	0.00488	0.00489	0.00123	0.00543	0.00421	0.00335	0.55038
10	0.83671	0.01125	0.00855	0.00765	0.01125	0.01305	0.00630	0.01709	0.00990	0.02609	0.00810	0.00945	0.00630	0.00540	0.00360	0.00180	0.00450	0.00315	0.00360	0.00630

[dist]
# distance from previous block
# <min> <max>
0	20

[block]
# block no. 9 follows, 40 sequences, length 29
# corresponding to MSA columns:
# 819-847
name=unknown_J
#
# <colnr> <probs for GDERKNQSTAVLIFYWHMCP>
#	G	D	E	R	K	N	Q	S	T	A	V	L	I	F	Y	W	H	M	C	P
0	0.00694	0.00564	0.00615	0.00655	0.00803	0.00485	0.00471	0.00827	0.01262	0.01545	0.05092	0.27485	0.54327	0.01577	0.00704	0.00208	0.00307	0.01354	0.00540	0.00485
1	0.02303	0.01054	0.01448	0.01147	0.01494	0.01067	0.00950	0.02505	0.01487	0.59162	0.01943	0.01817	0.01285	0.00788	0.00888	0.00197	0.18373	0.00567	0.00613	0.00909
2	0.83671	0.01125	0.00855	0.00765	0.01125	0.01305	0.00630	0.01709	0.00990	0.02609	0.00810	0.00945	0.00630	0.00540	0.00360	0.00180	0.00450	0.00315	0.00360	0.00630
3	0.01219	0.01076	0.01383	0.00988	0.01510	0.00830	0.06500	0.01496	0.01219	0.01892	0.01045	0.01235	0.00863	0.00435	0.00451	0.00095	0.00474	0.00372	0.00341	0.76576
4	0.01224	0.01224	0.02260	0.46857	0.16281	0.01351	0.19131	0.01629	0.01242	0.01649	0.01079	0.01535	0.00827	0.00548	0.00606	0.00191	0.00810	0.00558	0.00272	0.00727
5	0.83671	0.01125	0.00855	0.00765	0.01125	0.01305	0.00630	0.01709	0.00990	0.02609	0.00810	0.00945	0.00630	0.00540	0.00360	0.00180	0.00450	0.00315	0.00360	0.00630
6	0.01154	0.01062	0.01771	0.50149	0.20095	0.01224	0.01558	0.01515	0.01225	0.01617	0.01337	0.02234	0.01173	0.00712	0.00612	0.00199	0.00722	0.10644	0.00304	0.00693
7	0.01291	0.01211	0.01872	0.01794	0.19722	0.01043	0.13673	0.01611	0.01263	0.01891	0.01073	0.01325	0.00879	0.00462	0.00510	0.00126	0.00589	0.00446	0.00322	0.48894
8	0.83671	0.01125	0.00855	0.00765	0.01125	0.01305	0.00630	0.01709	0.00990	0.02609	0.00810	0.00945	0.00630	0.00540	0.00360	0.00180	0.00450	0.00315	0.00360	0.00630
9	0.01339	0.01248	0.01955	0.20056	0.41413	0.01309	0.01513	0.01869	0.11694	0.01880	0.01254	0.01545	0.01003	0.00562	0.00565	0.00172	0.00651	0.00520	0.00330	0.09121
10	0.01519	0.01188	0.01352	0.00992	0.01493	0.01047	0.00804	0.20517	0.01622	0.04990	0.01173	0.01283	0.00915	0.00511	0.00476	0.00113	0.00488	0.00400	0.00420	0.58696
11	0.83671	0.01125	0.00855	0.00765	0.01125	0.01305	0.00630	0.01709	0.00990	0.02609	0.00810	0.00945	0.00630	0.00540	0.00360	0.00180	0.00450	0.00315	0.00360	0.00630
12	0.01495	0.01235	0.01615	0.01910	0.25513	0.01326	0.01168	0.02523	0.41236	0.08085	0.02145	0.02108	0.05560	0.00734	0.00591	0.00188	0.00528	0.00638	0.00501	0.00902
13	0.01924	0.33822	0.02211	0.01296	0.01675	0.47069	0.01072	0.02088	0.01460	0.01401	0.00862	0.01002	0.00748	0.00558	0.00463	0.00140	0.00877	0.00349	0.00279	0.00703
14	0.83671	0.01125	0.00855	0.00765	0.01125	0.01305	0.00630	0.01709	0.00990	0.02609	0.00810	0.00945	0.00630	0.00540	0.00360	0.00180	0.00450	0.00315	0.00360	0.00630
15	0.01234	0.01076	0.01209	0.01106	0.01337	0.01250	0.00861	0.02280	0.45649	0.02077	0.04527	0.10282	0.11473	0.01024	0.00808	0.00209	0.11474	0.00820	0.00533	0.00770
16	0.01312	0.01242	0.01332	0.01020	0.01441	0.08604	0.00815	0.01541	0.01206	0.01777	0.00982	0.01199	0.00836	0.00531	0.00649	0.00116	0.11549	0.00371	0.00327	0.63148
17	0.83671	0.01125	0.00855	0.00765	0.01125	0.01305	0.00630	0.01709	0.00990	0.02609	0.00810	0.00945	0.00630	0.00540	0.00360	0.00180	0.00450	0.00315	0.00360	0.00630
18	0.01209	0.00976	0.01059	0.00943	0.01211	0.01035	0.00734	0.12072	0.28134	0.02358	0.20452	0.03470	0.21873	0.01049	0.00638	0.00190	0.00398	0.00881	0.00588	0.00730
19	0.01206	0.01034	0.01206	0.00861	0.01378	0.00775	0.00689	0.01464	0.01206	0.01895	0.01034	0.01206	0.00861	0.00431	0.00431	0.00086	0.00431	0.00345	0.00345	0.83118
20	0.72190	0.01105	0.00925	0.00803	0.01176	0.01241	0.00662	0.01869	0.01085	0.13051	0.01020	0.01091	0.00744	0.00565	0.00392	0.00180	0.00456	0.00353	0.00411	0.00681
21	0.01050	0.00713	0.00790	0.00727	0.00966	0.00645	0.00560	0.01373	0.08803	0.12328	0.12503	0.04605	0.50224	0.01267	0.00663	0.00193	0.00337	0.01060	0.00581	0.00611
22	0.01910	0.02196	0.01383	0.01262	0.01527	0.56322	0.00949	0.04308	0.01578	0.01673	0.01156	0.01331	0.00936	0.00621	0.00498	0.00147	0.00848	0.00420	0.20285	0.00652
23	0.02054	0.00905	0.01171	0.00961	0.01323	0.00811	0.00770	0.02368	0.07343	0.52387	0.02901	0.10268	0.12225	0.00943	0.00616	0.00189	0.00448	0.00789	0.00666	0.00862
24	0.00951	0.00544	0.00816	0.00816	0.00850	0.00578	0.00578	0.00850	0.00816	0.01122	0.01190	0.01937	0.01156	0.02789	0.26893	0.56109	0.00851	0.00544	0.00272	0.00340
25	0.01380	0.01282	0.02096	0.02976	0.57831	0.01354	0.01574	0.01687	0.01252	0.01856	0.01128	0.01489	0.00956	0.00605	0.00747	0.00181	0.11668	0.00519	0.08577	0.00843
26	0.00837	0.00603	0.00777	0.00811	0.00922	0.00573	0.00622	0.01043	0.01367	0.01848	0.31687	0.12241	0.10020	0.12493	0.01047	0.00267	0.00398	0.21389	0.00552	0.00505
27	0.01385	0.01451	0.02849	0.02932	0.37338	0.01401	0.37817	0.01796	0.01342	0.01870	0.01194	0.03679	0.00984	0.00541	0.00636	0.00186	0.00826	0.00634	0.00298	0.00840
28	0.00981	0.00747	0.01109	0.08970	0.11836	0.00769	0.00849	0.01197	0.01230	0.04322	0.18820	0.18958	0.02811	0.10252	0.14162	0.00365	0.00658	0.00936	0.00445	0.00584

[dist]
# distance from previous block
# <min> <max>
0	1

[block]
# block no. 10 follows, 40 sequences, length 18
# corresponding to MSA columns:
# 849-854,857-868
name=unknown_K
#
# <colnr> <probs for GDERKNQSTAVLIFYWHMCP>
#	G	D	E	R	K	N	Q	S	T	A	V	L	I	F	Y	W	H	M	C	P
0	0.02172	0.02772	0.01648	0.01498	0.01798	0.77228	0.01124	0.02322	0.01648	0.01423	0.00899	0.01049	0.00749	0.00599	0.00524	0.00150	0.01049	0.00375	0.00300	0.00674
1	0.44621	0.27115	0.12812	0.00972	0.01451	0.01637	0.00975	0.01739	0.01088	0.02090	0.00844	0.00983	0.00684	0.00528	0.00393	0.00162	0.00567	0.00331	0.00307	0.00702
2	0.01951	0.01500	0.01599	0.01285	0.01704	0.01682	0.01042	0.49907	0.27246	0.03246	0.01726	0.01659	0.01256	0.00729	0.00585	0.00182	0.00579	0.00569	0.00585	0.00966
3	0.09748	0.01008	0.01114	0.00943	0.01184	0.01080	0.00710	0.24490	0.01554	0.09611	0.01608	0.02408	0.01470	0.30718	0.09516	0.00402	0.00674	0.00640	0.00459	0.00664
4	0.01862	0.01402	0.01535	0.01188	0.01628	0.01464	0.00966	0.51807	0.02260	0.03090	0.01470	0.07968	0.01204	0.00735	0.00562	0.00160	0.00568	0.00580	0.00526	0.19024
5	0.01826	0.02142	0.01505	0.01366	0.01615	0.51438	0.01044	0.06271	0.01511	0.01540	0.01066	0.01355	0.00919	0.01458	0.17501	0.00330	0.05695	0.00446	0.00316	0.00657
6	0.01456	0.60324	0.21769	0.01164	0.01753	0.02059	0.01289	0.01767	0.01193	0.01489	0.00868	0.01008	0.00744	0.00512	0.00419	0.00140	0.00682	0.00341	0.00248	0.00775
7	0.00735	0.00532	0.00732	0.00837	0.00886	0.00528	0.00581	0.00860	0.01074	0.01455	0.02842	0.62256	0.03320	0.02381	0.17586	0.00390	0.00606	0.01426	0.00490	0.00483
8	0.00775	0.00506	0.00693	0.00798	0.00825	0.00480	0.00532	0.00798	0.01035	0.01380	0.02722	0.62142	0.03222	0.01866	0.01079	0.18473	0.00374	0.01400	0.00477	0.00424
9	0.00724	0.00580	0.00647	0.00652	0.00814	0.00503	0.00481	0.00899	0.01382	0.01754	0.23332	0.14109	0.49192	0.01442	0.00694	0.00198	0.00295	0.01234	0.00565	0.00503
10	0.01206	0.01034	0.01206	0.00861	0.01378	0.00775	0.00689	0.01464	0.01206	0.01895	0.01034	0.01206	0.00861	0.00431	0.00431	0.00086	0.00431	0.00345	0.00345	0.83118
11	0.01206	0.01034	0.01206	0.00861	0.01378	0.00775	0.00689	0.01464	0.01206	0.01895	0.01034	0.01206	0.00861	0.00431	0.00431	0.00086	0.00431	0.00345	0.00345	0.83118
12	0.01961	0.01737	0.09412	0.01494	0.02006	0.01697	0.09926	0.53949	0.06660	0.03194	0.01392	0.01445	0.00997	0.00664	0.00592	0.00179	0.00692	0.00542	0.00514	0.00947
13	0.00687	0.00589	0.00589	0.00589	0.00785	0.00491	0.00442	0.00835	0.01325	0.01571	0.05891	0.05596	0.75700	0.01473	0.00687	0.00196	0.00295	0.01227	0.00540	0.00491
14	0.01860	0.01098	0.01305	0.01053	0.01472	0.01061	0.00843	0.02629	0.29291	0.31964	0.02044	0.01881	0.01439	0.00682	0.00553	0.00166	0.00468	0.00559	0.00589	0.19042
15	0.22280	0.42383	0.01948	0.00847	0.01243	0.01649	0.00780	0.01534	0.01164	0.01729	0.01928	0.01962	0.17216	0.00723	0.00439	0.00154	0.00506	0.00514	0.00341	0.00660
16	0.01678	0.01032	0.01135	0.00986	0.01269	0.06941	0.00764	0.12691	0.01660	0.26129	0.10554	0.20331	0.10164	0.01092	0.00638	0.00192	0.00480	0.00924	0.00596	0.00744
17	0.22548	0.01521	0.01561	0.03009	0.03290	0.14156	0.08108	0.12087	0.12388	0.02248	0.01392	0.03158	0.03335	0.00706	0.00659	0.00187	0.07969	0.00526	0.00405	0.00746

[dist]
# distance from previous block
# <min> <max>
1	5

[block]
# block no. 11 follows, 40 sequences, length 93
# corresponding to MSA columns:
# 874-966
name=unknown_L
#
# <colnr> <probs for GDERKNQSTAVLIFYWHMCP>
#	G	D	E	R	K	N	Q	S	T	A	V	L	I	F	Y	W	H	M	C	P
0	0.01077	0.01194	0.08050	0.09182	0.01906	0.02627	0.15431	0.01364	0.01202	0.01649	0.02036	0.21643	0.08494	0.00981	0.00758	0.00194	0.08287	0.00870	0.00375	0.12679
1	0.01098	0.01034	0.01744	0.78165	0.04005	0.01292	0.01615	0.01486	0.01163	0.01486	0.01034	0.01550	0.00775	0.00581	0.00581	0.00194	0.00775	0.00517	0.00258	0.00646
2	0.01470	0.01254	0.01298	0.01051	0.01441	0.05594	0.00822	0.14910	0.22711	0.02267	0.01646	0.01825	0.02830	0.07413	0.00732	0.00181	0.00521	0.00530	0.00460	0.31043
3	0.00736	0.00581	0.00664	0.00665	0.00821	0.00508	0.00491	0.00921	0.01409	0.01821	0.29415	0.14327	0.42735	0.01419	0.00694	0.00197	0.00293	0.01220	0.00574	0.00508
4	0.00812	0.00611	0.00663	0.00638	0.00837	0.00520	0.00483	0.00986	0.01402	0.05574	0.18556	0.05179	0.58925	0.01382	0.00682	0.00193	0.00301	0.01162	0.00568	0.00527
5	0.00811	0.00594	0.00760	0.00718	0.00861	0.00543	0.00539	0.01073	0.01617	0.02262	0.69201	0.04459	0.11958	0.01215	0.00686	0.00184	0.00276	0.01068	0.00631	0.00543
6	0.01212	0.02232	0.43602	0.10771	0.09440	0.01436	0.04108	0.01707	0.01166	0.01718	0.00995	0.01305	0.00768	0.00644	0.00833	0.00199	0.16344	0.00472	0.00254	0.00793
7	0.01166	0.03008	0.76550	0.01657	0.02517	0.01351	0.02149	0.01842	0.01228	0.01842	0.01044	0.01228	0.00737	0.00552	0.00552	0.00184	0.00859	0.00430	0.00246	0.00859
8	0.68278	0.01476	0.14977	0.00931	0.01384	0.01313	0.00913	0.01734	0.01034	0.02466	0.00853	0.00997	0.00650	0.00542	0.00396	0.00181	0.00526	0.00336	0.00339	0.00673
9	0.01389	0.15924	0.02088	0.18623	0.27468	0.01550	0.01380	0.02045	0.20054	0.01847	0.01353	0.01555	0.01075	0.00597	0.00543	0.00175	0.00637	0.00515	0.00352	0.00829
10	0.01655	0.01574	0.01549	0.01340	0.01590	0.15687	0.01064	0.17548	0.22309	0.02185	0.01528	0.06335	0.01285	0.00857	0.00923	0.00201	0.20537	0.00600	0.00446	0.00789
11	0.00709	0.00506	0.00675	0.00810	0.00843	0.00472	0.00540	0.00810	0.01113	0.01484	0.03205	0.79184	0.03846	0.01822	0.00742	0.00236	0.00337	0.01653	0.00540	0.00472
12	0.01698	0.02003	0.01690	0.35387	0.02774	0.43662	0.01341	0.01952	0.01433	0.01451	0.00958	0.01270	0.00761	0.00591	0.00550	0.00169	0.00928	0.00437	0.00281	0.00662
13	0.00736	0.00535	0.00699	0.00812	0.00876	0.00498	0.00572	0.00867	0.01183	0.01562	0.07182	0.61117	0.10503	0.01735	0.00740	0.00233	0.00350	0.08770	0.00545	0.00484
14	0.01770	0.01466	0.02060	0.21172	0.02596	0.01611	0.14803	0.42015	0.02079	0.02772	0.01263	0.01468	0.00914	0.00629	0.00601	0.00183	0.00738	0.00552	0.00445	0.00863
15	0.01084	0.00542	0.00542	0.00542	0.00678	0.00542	0.00407	0.01355	0.01220	0.02168	0.01897	0.02168	0.01491	0.00678	0.00407	0.00136	0.00271	0.00542	0.82791	0.00542
16	0.02388	0.01162	0.01434	0.01119	0.01559	0.01134	0.00918	0.18763	0.10204	0.51722	0.02102	0.01871	0.01377	0.00723	0.00585	0.00181	0.00523	0.00579	0.00674	0.00982
17	0.02609	0.00990	0.01350	0.01035	0.01484	0.00855	0.00855	0.02834	0.01664	0.76338	0.02294	0.01979	0.01439	0.00720	0.00585	0.00180	0.00495	0.00585	0.00720	0.00990
18	0.01503	0.01247	0.01338	0.01194	0.01523	0.01422	0.00947	0.12668	0.58015	0.02537	0.02301	0.02478	0.01815	0.00854	0.00610	0.00201	0.00492	0.07376	0.00585	0.00894
19	0.83671	0.01125	0.00855	0.00765	0.01125	0.01305	0.00630	0.01709	0.00990	0.02609	0.00810	0.00945	0.00630	0.00540	0.00360	0.00180	0.00450	0.00315	0.00360	0.00630
20	0.01625	0.01728	0.01355	0.01231	0.01520	0.30398	0.00942	0.05015	0.30339	0.01910	0.02025	0.02045	0.08301	0.01107	0.07641	0.00246	0.00778	0.00595	0.00449	0.00751
21	0.01206	0.01034	0.01206	0.00861	0.01378	0.00775	0.00689	0.01464	0.01206	0.01895	0.01034	0.01206	0.00861	0.00431	0.00431	0.00086	0.00431	0.00345	0.00345	0.83118
22	0.01323	0.01124	0.01737	0.15626	0.14435	0.01155	0.09844	0.01893	0.14361	0.06486	0.03241	0.02486	0.01547	0.00764	0.00615	0.00190	0.00625	0.11944	0.00417	0.10188
23	0.01206	0.01034	0.01206	0.00861	0.01378	0.00775	0.00689	0.01464	0.01206	0.01895	0.01034	0.01206	0.00861	0.00431	0.00431	0.00086	0.00431	0.00345	0.00345	0.83118
24	0.01322	0.01379	0.02425	0.06663	0.03836	0.01584	0.31058	0.01759	0.07934	0.01701	0.01104	0.01497	0.00909	0.00743	0.01176	0.00220	0.33061	0.00596	0.00303	0.00730
25	0.00788	0.00593	0.00729	0.00695	0.00848	0.00534	0.00521	0.01030	0.01564	0.02138	0.57835	0.04663	0.23401	0.01261	0.00686	0.00186	0.00280	0.01096	0.00615	0.00534
26	0.01233	0.02655	0.62504	0.01542	0.02298	0.01319	0.01903	0.08585	0.01409	0.02059	0.07951	0.01531	0.01198	0.00625	0.00568	0.00183	0.00785	0.00496	0.00314	0.00843
27	0.01010	0.00505	0.00758	0.00758	0.00758	0.00505	0.00505	0.00758	0.00758	0.01010	0.01010	0.01768	0.01010	0.02020	0.02273	0.83081	0.00505	0.00505	0.00253	0.00253
28	0.01111	0.01402	0.15701	0.63891	0.03727	0.01303	0.01715	0.01552	0.01175	0.01552	0.01035	0.01490	0.00768	0.00576	0.00576	0.00192	0.00791	0.00501	0.00256	0.00686
29	0.01098	0.01034	0.01744	0.78165	0.04005	0.01292	0.01615	0.01486	0.01163	0.01486	0.01034	0.01550	0.00775	0.00581	0.00581	0.00194	0.00775	0.00517	0.00258	0.00646
30	0.01585	0.29065	0.30642	0.01497	0.08909	0.01593	0.01483	0.01980	0.01299	0.15064	0.01192	0.01281	0.00884	0.00560	0.00499	0.00162	0.00696	0.00425	0.00336	0.00850
31	0.01555	0.79913	0.03047	0.00995	0.01493	0.02301	0.00995	0.01741	0.01182	0.01368	0.00808	0.00933	0.00746	0.00498	0.00373	0.00124	0.00622	0.00311	0.00249	0.00746
32	0.83671	0.01125	0.00855	0.00765	0.01125	0.01305	0.00630	0.01709	0.00990	0.02609	0.00810	0.00945	0.00630	0.00540	0.00360	0.00180	0.00450	0.00315	0.00360	0.00630
33	0.01185	0.01123	0.01902	0.59109	0.22380	0.01315	0.01658	0.01562	0.01204	0.01592	0.01049	0.01522	0.00812	0.00565	0.00580	0.00188	0.00754	0.00517	0.00266	0.00716
34	0.01365	0.01167	0.01254	0.01111	0.01439	0.01300	0.00864	0.02752	0.61180	0.02374	0.09160	0.02286	0.02041	0.00794	0.00586	0.00186	0.00440	0.00666	0.00574	0.08461
35	0.00687	0.00589	0.00589	0.00589	0.00785	0.00491	0.00442	0.00835	0.01325	0.01571	0.05891	0.05596	0.75700	0.01473	0.00687	0.00196	0.00295	0.01227	0.00540	0.00491
36	0.02076	0.16857	0.01925	0.01356	0.01735	0.43959	0.01089	0.18846	0.01813	0.03699	0.01030	0.01130	0.00820	0.00606	0.00511	0.00152	0.00861	0.00402	0.00365	0.00768
37	0.01192	0.01107	0.00982	0.00916	0.01078	0.18399	0.00678	0.02964	0.01478	0.01839	0.36636	0.03137	0.09480	0.01220	0.00942	0.15643	0.00508	0.00795	0.00479	0.00528
38	0.38131	0.01934	0.01307	0.01176	0.01480	0.38136	0.00916	0.01984	0.01301	0.01946	0.00850	0.01019	0.00697	0.00604	0.00553	0.00171	0.06463	0.00358	0.00323	0.00652
39	0.47621	0.01138	0.01262	0.01357	0.15174	0.01204	0.00903	0.02011	0.01224	0.21312	0.01242	0.01301	0.00891	0.00582	0.00458	0.00179	0.00506	0.00422	0.00438	0.00776
40	0.00890	0.00560	0.00746	0.00743	0.00830	0.00528	0.00539	0.00907	0.01171	0.01563	0.24300	0.03604	0.16230	0.01640	0.01397	0.36835	0.00400	0.06269	0.00442	0.00406
41	0.01229	0.02626	0.58697	0.02058	0.16243	0.01363	0.06013	0.01832	0.01254	0.01854	0.01060	0.01286	0.00779	0.00543	0.00564	0.00183	0.00835	0.00460	0.00256	0.00867
42	0.01424	0.08262	0.08353	0.01088	0.01397	0.00915	0.01003	0.01698	0.01378	0.20751	0.02487	0.10364	0.02415	0.01196	0.00679	0.00222	0.00547	0.34594	0.00529	0.00696
43	0.03903	0.01619	0.01537	0.01260	0.01661	0.15591	0.01008	0.29677	0.16739	0.18453	0.01677	0.01601	0.01190	0.00699	0.00569	0.00176	0.00645	0.00531	0.00556	0.00909
44	0.02211	0.01629	0.01745	0.01338	0.01803	0.01803	0.01105	0.73997	0.02734	0.03665	0.01396	0.01396	0.00989	0.00698	0.00582	0.00175	0.00640	0.00524	0.00582	0.00989
45	0.00906	0.00758	0.01029	0.01283	0.14922	0.00709	0.00830	0.01135	0.01363	0.01757	0.11739	0.04933	0.35753	0.01298	0.00696	0.00209	0.00428	0.19161	0.00503	0.00589
46	0.02023	0.01288	0.01434	0.01134	0.01533	0.02908	0.00924	0.39138	0.03770	0.21835	0.08902	0.02223	0.08584	0.00822	0.00601	0.00179	0.00541	0.00654	0.00613	0.00893
47	0.83671	0.01125	0.00855	0.00765	0.01125	0.01305	0.00630	0.01709	0.00990	0.02609	0.00810	0.00945	0.00630	0.00540	0.00360	0.00180	0.00450	0.00315	0.00360	0.00630
48	0.01249	0.01408	0.06971	0.01792	0.02185	0.01353	0.33870	0.01589	0.01193	0.01712	0.01235	0.08749	0.01120	0.00746	0.00960	0.00199	0.20639	0.00669	0.00311	0.12050
49	0.01250	0.00952	0.01087	0.00978	0.01174	0.01060	0.00728	0.15113	0.20133	0.01988	0.01822	0.02573	0.01659	0.26677	0.19743	0.00487	0.00790	0.00684	0.00447	0.00656
50	0.00704	0.00525	0.00655	0.00759	0.00830	0.00477	0.00517	0.00815	0.01162	0.01504	0.03823	0.62247	0.20384	0.01742	0.00730	0.00227	0.00328	0.01555	0.00540	0.00477
51	0.01737	0.01969	0.01998	0.08385	0.37638	0.34901	0.01479	0.01999	0.01455	0.01657	0.01003	0.01275	0.00834	0.00559	0.00553	0.00164	0.00856	0.00455	0.00291	0.00791
52	0.00776	0.00575	0.00614	0.00614	0.00701	0.00532	0.00392	0.00841	0.01058	0.01324	0.03626	0.04597	0.34641	0.45045	0.01955	0.00401	0.00445	0.01014	0.00435	0.00414
53	0.04650	0.01211	0.01268	0.01139	0.01467	0.01387	0.00888	0.02939	0.67197	0.04251	0.02447	0.02256	0.04715	0.00805	0.00586	0.00196	0.00454	0.00665	0.00584	0.00893
54	0.01848	0.02157	0.01963	0.02414	0.34569	0.43702	0.01416	0.02085	0.01505	0.01634	0.00985	0.01221	0.00825	0.00563	0.00547	0.00160	0.00891	0.00438	0.00294	0.00783
55	0.00687	0.00589	0.00589	0.00589	0.00785	0.00491	0.00442	0.00835	0.01325	0.01571	0.05891	0.05596	0.75700	0.01473	0.00687	0.00196	0.00295	0.01227	0.00540	0.00491
56	0.01767	0.01922	0.01462	0.01323	0.01638	0.34944	0.01010	0.02751	0.42512	0.01986	0.01718	0.01674	0.01322	0.00705	0.00562	0.00176	0.00720	0.00532	0.00463	0.00812
57	0.01098	0.01034	0.01744	0.78165	0.04005	0.01292	0.01615	0.01486	0.01163	0.01486	0.01034	0.01550	0.00775	0.00581	0.00581	0.00194	0.00775	0.00517	0.00258	0.00646
58	0.01110	0.01032	0.01332	0.01174	0.01247	0.04247	0.00946	0.01303	0.01255	0.01813	0.33862	0.02621	0.02851	0.01077	0.01313	0.00219	0.40830	0.00743	0.00427	0.00599
59	0.01328	0.01438	0.02702	0.02042	0.02371	0.01608	0.41754	0.01658	0.01160	0.01658	0.00994	0.01438	0.00830	0.00723	0.01226	0.00222	0.35246	0.00608	0.00277	0.00719
60	0.00937	0.00669	0.00937	0.01071	0.01205	0.00669	0.00937	0.01205	0.01339	0.01740	0.03079	0.06560	0.03347	0.01606	0.00803	0.00268	0.00535	0.72021	0.00535	0.00535
61	0.38441	0.01049	0.01131	0.00915	0.01325	0.01054	0.00755	0.02337	0.01366	0.43748	0.01638	0.01522	0.01082	0.00640	0.00485	0.00180	0.00475	0.00465	0.00561	0.00831
62	0.02382	0.01055	0.01354	0.01070	0.01498	0.00990	0.00874	0.04780	0.15354	0.60611	0.02284	0.01999	0.01490	0.00732	0.00586	0.00183	0.00492	0.00597	0.00692	0.00977
63	0.00831	0.00623	0.00935	0.00935	0.01038	0.00727	0.00727	0.01038	0.00935	0.01350	0.01558	0.02285	0.01454	0.04361	0.77259	0.00935	0.01558	0.00623	0.00312	0.00519
64	0.01284	0.01201	0.01681	0.01375	0.01731	0.01282	0.17744	0.02345	0.42370	0.02115	0.02711	0.02648	0.15337	0.00853	0.00663	0.00198	0.02390	0.00767	0.00505	0.00802
