[name]
unknown

[dist]
# distance from previous block
# <min> <max>
0	83

[block]
# block no. 0 follows, 50 sequences, length 100
# corresponding to MSA columns:
# 100-199
name=unknown_A
#
# <colnr> <probs for GDERKNQSTAVLIFYWHMCP>
#	G	D	E	R	K	N	Q	S	T	A	V	L	I	F	Y	W	H	M	C	P
0	0.00636	0.00502	0.00576	0.00586	0.00721	0.00442	0.00440	0.00794	0.01191	0.01526	0.24939	0.13496	0.45226	0.01237	0.00600	0.00173	0.00265	0.05727	0.00486	0.00435
1	0.05924	0.05376	0.28601	0.16006	0.05401	0.04127	0.06329	0.03047	0.02239	0.03521	0.02917	0.04579	0.06678	0.00590	0.00485	0.00156	0.00612	0.00496	0.00282	0.02634
2	0.01419	0.18728	0.28838	0.01219	0.01733	0.05084	0.07254	0.11381	0.05726	0.12341	0.01105	0.01168	0.00804	0.00508	0.00458	0.00146	0.00624	0.00402	0.00325	0.00736
3	0.00705	0.00480	0.00571	0.00593	0.00606	0.00480	0.00360	0.00736	0.00778	0.01042	0.01782	0.16977	0.02056	0.61857	0.07039	0.00449	0.00502	0.02323	0.00331	0.00332
4	0.01322	0.00931	0.01002	0.00880	0.01142	0.01029	0.00690	0.09262	0.44912	0.09676	0.01846	0.01782	0.01371	0.00640	0.00467	0.00153	0.00372	0.00523	0.21280	0.00721
5	0.01282	0.04697	0.20864	0.01919	0.30846	0.14009	0.01355	0.01818	0.15203	0.01617	0.01089	0.01233	0.00854	0.00504	0.00478	0.00150	0.00639	0.00421	0.00286	0.00737
6	0.04520	0.03504	0.08330	0.01854	0.15766	0.18926	0.29614	0.01716	0.01207	0.06986	0.00976	0.01190	0.00748	0.00473	0.00526	0.00153	0.02099	0.00457	0.00275	0.00682
7	0.58118	0.00925	0.00874	0.00732	0.01067	0.00990	0.00604	0.01786	0.01041	0.28029	0.01118	0.01105	0.00771	0.00514	0.00373	0.00154	0.00398	0.00347	0.00411	0.00642
8	0.00849	0.00735	0.01272	0.01066	0.01232	0.00712	0.22178	0.01018	0.00944	0.01265	0.01699	0.12578	0.01822	0.34369	0.04928	0.00338	0.00594	0.11624	0.00329	0.00448
9	0.01374	0.01244	0.01696	0.14847	0.40343	0.09083	0.01277	0.12063	0.03576	0.05594	0.03392	0.01327	0.00924	0.00513	0.00494	0.00150	0.00603	0.00452	0.00313	0.00732
10	0.01467	0.01724	0.17499	0.01134	0.01464	0.30073	0.01022	0.03243	0.02848	0.13443	0.05257	0.11796	0.01306	0.00707	0.00556	0.00155	0.04778	0.00544	0.00352	0.00632
11	0.00667	0.00506	0.00583	0.00578	0.00717	0.00443	0.00428	0.00828	0.01216	0.03270	0.30251	0.13532	0.42795	0.01200	0.00592	0.00168	0.00255	0.01031	0.00496	0.00445
12	0.00695	0.00513	0.00656	0.00664	0.00780	0.00474	0.00512	0.00898	0.01281	0.01745	0.47620	0.11483	0.15790	0.01168	0.00610	0.00175	0.00281	0.13689	0.00512	0.00455
13	0.05980	0.04637	0.32797	0.02224	0.01630	0.05060	0.01183	0.03465	0.03646	0.27560	0.05955	0.01428	0.01104	0.00563	0.00476	0.00153	0.00570	0.00442	0.00389	0.00737
14	0.22620	0.00876	0.01054	0.00831	0.01197	0.00826	0.00686	0.02195	0.01286	0.60865	0.01657	0.01481	0.01065	0.00579	0.00454	0.00154	0.00415	0.00445	0.00542	0.00773
15	0.01117	0.00931	0.01036	0.00987	0.01222	0.01052	0.00793	0.02193	0.56685	0.01918	0.02201	0.02920	0.01901	0.00874	0.00558	0.00186	0.00413	0.21824	0.00494	0.00696
16	0.01148	0.01108	0.01920	0.25265	0.53857	0.01166	0.05363	0.01460	0.01098	0.01526	0.00926	0.01266	0.00752	0.00458	0.00500	0.00154	0.00625	0.00451	0.00240	0.00716
17	0.01826	0.00812	0.01004	0.00804	0.01115	0.02187	0.00652	0.07297	0.01404	0.51425	0.05479	0.01847	0.03196	0.00640	0.00475	0.00146	0.00389	0.00518	0.18046	0.00737
18	0.01278	0.00662	0.00817	0.00704	0.00924	0.00623	0.00553	0.03473	0.06256	0.25823	0.28488	0.02603	0.06993	0.00788	0.00505	0.00149	0.00312	0.00666	0.17770	0.00612
19	0.01782	0.02197	0.01389	0.04330	0.01584	0.70460	0.00960	0.05778	0.01427	0.01322	0.00869	0.03917	0.00751	0.00556	0.00461	0.00134	0.00850	0.00373	0.00275	0.00584
20	0.02026	0.01018	0.01242	0.00965	0.01336	0.01002	0.00790	0.27465	0.03515	0.48750	0.01725	0.03778	0.01179	0.02140	0.00542	0.00160	0.00462	0.00515	0.00565	0.00824
21	0.00720	0.00497	0.00624	0.00676	0.00714	0.00495	0.00470	0.00800	0.00878	0.01165	0.02064	0.19923	0.02352	0.42963	0.04765	0.00376	0.00471	0.19307	0.00372	0.00367
22	0.01034	0.00886	0.01034	0.00738	0.01181	0.00664	0.00591	0.01255	0.01034	0.01624	0.00886	0.01034	0.00738	0.00369	0.00369	0.00074	0.00369	0.00295	0.00295	0.85530
23	0.01423	0.01320	0.02277	0.01664	0.02103	0.01328	0.44889	0.30096	0.01591	0.02144	0.01108	0.01387	0.00844	0.04674	0.00654	0.00177	0.00713	0.00543	0.00347	0.00719
24	0.86003	0.00964	0.00733	0.00655	0.00964	0.01118	0.00540	0.01465	0.00848	0.02236	0.00694	0.00810	0.00540	0.00463	0.00308	0.00154	0.00386	0.00270	0.00308	0.00540
25	0.01605	0.01097	0.01323	0.13496	0.08794	0.06534	0.00947	0.11976	0.16476	0.25788	0.01593	0.01578	0.03204	0.00596	0.00496	0.00154	0.00514	0.00490	0.00448	0.02890
26	0.01984	0.01148	0.01330	0.01031	0.01415	0.01191	0.00848	0.41347	0.07773	0.34230	0.01573	0.01451	0.01056	0.00612	0.00500	0.00153	0.00486	0.00479	0.00547	0.00843
27	0.00941	0.00886	0.01495	0.81285	0.03433	0.01107	0.01384	0.01274	0.00997	0.01274	0.00886	0.01329	0.00664	0.00498	0.00498	0.00166	0.00664	0.00443	0.00221	0.00554
28	0.01544	0.54409	0.02171	0.00920	0.01331	0.01718	0.00855	0.16442	0.04149	0.10780	0.00989	0.01020	0.00782	0.00491	0.00383	0.00123	0.00518	0.00340	0.00327	0.00710
29	0.00615	0.00441	0.00584	0.00685	0.00724	0.00410	0.00462	0.00714	0.00994	0.01331	0.08825	0.74369	0.04971	0.01513	0.00631	0.00198	0.00284	0.01369	0.00469	0.00410
30	0.00726	0.00554	0.00828	0.00820	0.00905	0.00656	0.00640	0.00901	0.00800	0.01159	0.01310	0.01926	0.01224	0.03634	0.77627	0.00780	0.04265	0.00530	0.00265	0.00449
31	0.01255	0.03729	0.00915	0.00775	0.00978	0.00752	0.00604	0.14884	0.01322	0.16943	0.02057	0.24910	0.04249	0.03381	0.00576	0.00172	0.00373	0.04639	0.16896	0.00590
32	0.03964	0.01084	0.01269	0.00995	0.01370	0.01111	0.00815	0.30466	0.11803	0.39244	0.01658	0.01511	0.01111	0.00614	0.00496	0.00154	0.00466	0.00484	0.00551	0.00833
33	0.00904	0.00821	0.01110	0.01019	0.01079	0.03897	0.00820	0.01053	0.00808	0.01176	0.01045	0.01577	0.00990	0.02488	0.46416	0.00546	0.33026	0.00488	0.00247	0.00489
34	0.01077	0.00912	0.01057	0.00759	0.01200	0.00709	0.00609	0.05151	0.01100	0.01702	0.00902	0.01042	0.00744	0.00381	0.00376	0.00078	0.00378	0.00303	0.00306	0.81215
35	0.29291	0.01274	0.13149	0.01047	0.05296	0.01155	0.00903	0.11685	0.19098	0.06248	0.01401	0.01412	0.04882	0.00579	0.00438	0.00158	0.00468	0.00437	0.00385	0.00691
36	0.00720	0.00504	0.00647	0.00647	0.00683	0.00539	0.00431	0.00791	0.00755	0.01043	0.01476	0.02739	0.01585	0.50876	0.33833	0.00611	0.00825	0.00648	0.00288	0.00359
37	0.24737	0.00867	0.00914	0.00760	0.01063	0.00876	0.00616	0.13116	0.01335	0.24751	0.05091	0.02211	0.20208	0.00745	0.00473	0.00157	0.00383	0.00579	0.00474	0.00645
38	0.01070	0.01082	0.05654	0.43268	0.31172	0.01127	0.01416	0.03476	0.01103	0.01498	0.03771	0.01364	0.00861	0.00499	0.00499	0.00158	0.00623	0.00456	0.00250	0.00655
39	0.00728	0.00529	0.00630	0.00617	0.00768	0.00471	0.00479	0.00912	0.01257	0.04848	0.33601	0.04347	0.37830	0.01154	0.00597	0.00170	0.00277	0.09819	0.00502	0.00462
40	0.00765	0.00553	0.00719	0.00786	0.00910	0.00530	0.00649	0.00979	0.02615	0.03012	0.09175	0.14192	0.18395	0.01319	0.00647	0.00206	0.00378	0.43238	0.00471	0.00460
41	0.10805	0.58227	0.14608	0.00916	0.01366	0.01697	0.00962	0.01478	0.00999	0.01360	0.00790	0.03403	0.00711	0.00474	0.00353	0.00123	0.00541	0.00319	0.00231	0.00636
42	0.01322	0.19826	0.22008	0.01328	0.04159	0.03404	0.12627	0.11657	0.13005	0.04300	0.01111	0.01204	0.00840	0.00507	0.00466	0.00147	0.00620	0.00424	0.00315	0.00729
43	0.00998	0.01029	0.01976	0.10743	0.02041	0.01073	0.38033	0.01280	0.01041	0.01422	0.01371	0.20171	0.01355	0.00779	0.00750	0.00184	0.12936	0.01948	0.00296	0.00574
44	0.01936	0.01221	0.01425	0.01190	0.06316	0.01287	0.00920	0.50114	0.03668	0.24601	0.01416	0.01354	0.00968	0.00596	0.00499	0.00151	0.00513	0.00466	0.00516	0.00843
45	0.01350	0.22258	0.04665	0.01452	0.01807	0.19216	0.26272	0.01594	0.01117	0.01340	0.00814	0.01056	0.00681	0.00517	0.00654	0.00151	0.13777	0.00415	0.00237	0.00624
46	0.01126	0.01283	0.06636	0.47473	0.08849	0.11686	0.13059	0.01457	0.01094	0.01362	0.00894	0.01250	0.00683	0.00483	0.00504	0.00159	0.00721	0.00444	0.00232	0.00605
47	0.00664	0.00505	0.00611	0.00590	0.00721	0.00452	0.00441	0.00859	0.01305	0.01762	0.52428	0.07080	0.28529	0.01118	0.00590	0.00162	0.00243	0.00970	0.00518	0.00452
48	0.00642	0.00457	0.00601	0.00674	0.00723	0.00429	0.00462	0.00760	0.01047	0.01421	0.19844	0.57532	0.03506	0.06738	0.00751	0.00211	0.00294	0.03024	0.00471	0.00414
49	0.49254	0.01171	0.03434	0.00891	0.01140	0.09704	0.00746	0.01512	0.00935	0.06084	0.00798	0.00967	0.00638	0.00567	0.00620	0.00164	0.17559	0.00332	0.02919	0.00566
50	0.00720	0.00488	0.00612	0.00662	0.00758	0.00441	0.00472	0.00840	0.01073	0.06250	0.09514	0.48948	0.21858	0.01378	0.00614	0.00188	0.00290	0.03970	0.00479	0.00444
51	0.00613	0.00511	0.00539	0.00546	0.00707	0.00436	0.00419	0.00754	0.01152	0.01394	0.08854	0.04808	0.68773	0.01259	0.00597	0.00173	0.00269	0.07303	0.00467	0.00427
52	0.24280	0.01345	0.02871	0.01161	0.01548	0.06345	0.11904	0.38727	0.01676	0.04043	0.01018	0.01103	0.00743	0.00529	0.00457	0.00152	0.00570	0.00413	0.00394	0.00721
53	0.05879	0.11066	0.01657	0.01508	0.15740	0.29424	0.01046	0.14438	0.01360	0.01661	0.00845	0.01019	0.00700	0.00548	0.00595	0.00146	0.11044	0.00371	0.00288	0.00663
54	0.00687	0.00512	0.00640	0.00617	0.00745	0.00465	0.00469	0.00899	0.01341	0.01840	0.60070	0.04040	0.19832	0.01087	0.00593	0.00163	0.00250	0.04765	0.00527	0.00460
55	0.00618	0.00442	0.00580	0.00685	0.00718	0.00414	0.00459	0.00704	0.00950	0.01262	0.02739	0.73604	0.05289	0.06277	0.00747	0.00219	0.00304	0.03134	0.00453	0.00401
56	0.01234	0.01266	0.02407	0.02426	0.35436	0.01255	0.37430	0.05432	0.01199	0.01670	0.00971	0.01277	0.00770	0.00461	0.00592	0.00161	0.04512	0.00512	0.00261	0.00726
57	0.01180	0.00707	0.00916	0.05370	0.01126	0.00722	0.00674	0.08445	0.07037	0.15862	0.04915	0.11257	0.03319	0.07884	0.03406	0.13083	0.00461	0.12664	0.00430	0.00541
58	0.01159	0.01584	0.19093	0.02110	0.18260	0.02630	0.41580	0.01571	0.01130	0.01578	0.00952	0.01242	0.00731	0.00455	0.00580	0.00163	0.03735	0.00501	0.00241	0.00704
59	0.27101	0.04851	0.23483	0.01242	0.05886	0.23985	0.03745	0.01657	0.01101	0.01664	0.00797	0.00945	0.00620	0.00477	0.00416	0.00146	0.00665	0.00333	0.00257	0.00628
60	0.00656	0.00522	0.00591	0.00576	0.00723	0.00465	0.00431	0.00864	0.03628	0.01627	0.34424	0.07103	0.44287	0.01158	0.00588	0.00165	0.00251	0.00990	0.00498	0.00451
61	0.01239	0.01148	0.01912	0.13466	0.50251	0.01181	0.07711	0.06288	0.02778	0.03155	0.00988	0.01265	0.00792	0.00472	0.00517	0.00151	0.01954	0.00454	0.00273	0.04005
62	0.76430	0.03014	0.00811	0.00687	0.00975	0.01137	0.00569	0.01441	0.00855	0.02143	0.00726	0.00862	0.00575	0.00487	0.00378	0.00155	0.04526	0.00285	0.03404	0.00540
63	0.01629	0.31792	0.01858	0.01127	0.01433	0.47672	0.00929	0.01768	0.01233	0.01202	0.00736	0.00872	0.00642	0.00500	0.00462	0.00125	0.04875	0.00307	0.00239	0.00599
64	0.00598	0.00501	0.00520	0.00525	0.00681	0.00423	0.00390	0.00729	0.01143	0.01385	0.09787	0.09550	0.69532	0.01265	0.00592	0.00170	0.00254	0.01065	0.00469	0.00423
65	0.00983	0.01082	0.08505	0.11955	0.21595	0.02605	0.14090	0.01283	0.02130	0.01504	0.06702	0.22168	0.01668	0.00780	0.00551	0.00169	0.00558	0.00741	0.00321	0.00610
66	0.01088	0.01084	0.01706	0.34256	0.25712	0.06456	0.09170	0.01380	0.01093	0.01435	0.03901	0.06755	0.01034	0.00573	0.00538	0.00161	0.02237	0.00532	0.00263	0.00625
67	0.00940	0.00845	0.01395	0.73444	0.03156	0.01045	0.01284	0.01263	0.01001	0.01330	0.00958	0.01380	0.00724	0.00506	0.00484	0.00161	0.00623	0.00445	0.08470	0.00545
68	0.01264	0.35999	0.02615	0.01447	0.01896	0.01535	0.36708	0.01574	0.02724	0.03387	0.00907	0.01115	0.00732	0.00442	0.00487	0.00139	0.02585	0.00434	0.00251	0.03761
69	0.08087	0.03552	0.03722	0.03964	0.03778	0.04950	0.06835	0.07409	0.03021	0.06083	0.04964	0.12279	0.01343	0.00652	0.00470	0.00137	0.00472	0.02132	0.00359	0.25791
70	0.01195	0.49672	0.34518	0.01087	0.01642	0.01636	0.01261	0.01528	0.01029	0.01340	0.00776	0.00904	0.00636	0.00446	0.00383	0.00128	0.00617	0.00309	0.00212	0.00680
71	0.01013	0.05714	0.76879	0.01398	0.02123	0.01189	0.01803	0.01575	0.01051	0.01563	0.00887	0.01042	0.00632	0.00472	0.00468	0.00156	0.00729	0.00364	0.00211	0.00733
72	0.01148	0.01223	0.02459	0.16664	0.21225	0.01214	0.45482	0.01522	0.01134	0.01546	0.00969	0.01315	0.00748	0.00440	0.00549	0.00163	0.00749	0.00527	0.00245	0.00679
73	0.00686	0.00470	0.00559	0.00599	0.00614	0.00458	0.00365	0.00721	0.00816	0.01083	0.02043	0.28781	0.03900	0.53094	0.01847	0.00381	0.00415	0.02466	0.00360	0.00341
74	0.01028	0.09473	0.73256	0.01372	0.02082	0.01228	0.01757	0.01571	0.01049	0.01544	0.00877	0.01031	0.00632	0.00470	0.00460	0.00153	0.00719	0.00360	0.00211	0.00728
75	0.00750	0.00545	0.00736	0.00838	0.00946	0.00532	0.00705	0.00947	0.01118	0.01443	0.02928	0.16779	0.11585	0.01391	0.00670	0.00219	0.00411	0.56551	0.00460	0.00447
76	0.00641	0.00480	0.00595	0.00623	0.00720	0.00434	0.00446	0.00794	0.01174	0.01571	0.32823	0.33541	0.21773	0.01281	0.00606	0.00177	0.00260	0.01131	0.00496	0.00434
77	0.01045	0.01117	0.02234	0.01688	0.02016	0.01124	0.49844	0.01349	0.01067	0.01468	0.01315	0.18058	0.01267	0.00726	0.00759	0.00183	0.13115	0.00737	0.00291	0.00597
78	0.01077	0.21187	0.61968	0.01289	0.01954	0.01347	0.01612	0.01559	0.01043	0.01484	0.00848	0.00994	0.00633	0.00463	0.00438	0.00146	0.00689	0.00345	0.00211	0.00714
79	0.00904	0.00502	0.00551	0.00537	0.00629	0.00508	0.00376	0.02394	0.00964	0.03703	0.01589	0.02274	0.01428	0.25582	0.06989	0.00280	0.00401	0.00549	0.49408	0.00431
80	0.01862	0.02376	0.01413	0.01284	0.01541	0.80482	0.00963	0.01990	0.01413	0.01220	0.00770	0.00899	0.00642	0.00514	0.00449	0.00128	0.00899	0.00321	0.00257	0.00578
81	0.01333	0.82783	0.02612	0.00853	0.01279	0.01972	0.00853	0.01493	0.01013	0.01173	0.00693	0.00800	0.00640	0.00426	0.00320	0.00107	0.00533	0.00267	0.00213	0.00640
82	0.01367	0.01173	0.01016	0.00901	0.01155	0.20302	0.00702	0.08329	0.11843	0.13516	0.05264	0.02653	0.24949	0.00839	0.00527	0.00157	0.00490	0.03754	0.00448	0.00615
83	0.00730	0.00516	0.00632	0.00680	0.00803	0.00468	0.00522	0.00873	0.01103	0.05369	0.05186	0.28794	0.32702	0.01343	0.00622	0.00192	0.00319	0.18227	0.00472	0.00447
84	0.00681	0.00469	0.00579	0.00637	0.00659	0.00457	0.00410	0.00736	0.00856	0.01138	0.02157	0.37061	0.02528	0.41578	0.01581	0.00343	0.00399	0.06988	0.00383	0.00358
85	0.01019	0.07264	0.75385	0.01388	0.02106	0.01205	0.01784	0.01574	0.01050	0.01555	0.00883	0.01038	0.00632	0.00471	0.00465	0.00155	0.00725	0.00362	0.00211	0.00731
86	0.01013	0.00920	0.01545	0.69838	0.07148	0.01108	0.03706	0.01375	0.03414	0.03797	0.00962	0.01352	0.00718	0.00502	0.00501	0.00165	0.00650	0.00453	0.00245	0.00586
87	0.00602	0.00491	0.00533	0.00554	0.00689	0.00421	0.00403	0.00729	0.01120	0.01383	0.10415	0.20749	0.57567	0.01305	0.00599	0.00174	0.00259	0.01116	0.00470	0.00421
88	0.01346	0.01432	0.01533	0.01296	0.01527	0.20815	0.10740	0.01976	0.29469	0.01580	0.01232	0.01358	0.00982	0.00654	0.00796	0.00172	0.21620	0.00474	0.00338	0.00659
89	0.01532	0.01188	0.01273	0.01047	0.01369	0.01332	0.00837	0.41895	0.31131	0.02546	0.01595	0.01627	0.02390	0.04634	0.03120	0.00194	0.00507	0.00518	0.00485	0.00780
90	0.01862	0.02376	0.01413	0.01284	0.01541	0.80482	0.00963	0.01990	0.01413	0.01220	0.00770	0.00899	0.00642	0.00514	0.00449	0.00128	0.00899	0.00321	0.00257	0.00578
91	0.00607	0.00434	0.00578	0.00694	0.00723	0.00405	0.00463	0.00694	0.00954	0.01272	0.02747	0.82157	0.03297	0.01562	0.00636	0.00202	0.00289	0.01417	0.00463	0.00405
92	0.01333	0.82783	0.02612	0.00853	0.01279	0.01972	0.00853	0.01493	0.01013	0.01173	0.00693	0.00800	0.00640	0.00426	0.00320	0.00107	0.00533	0.00267	0.00213	0.00640
93	0.00890	0.03259	0.47864	0.01085	0.01592	0.00905	0.01278	0.01304	0.02101	0.03010	0.03234	0.07361	0.22539	0.00773	0.00516	0.00163	0.00553	0.00635	0.00313	0.00626
94	0.00875	0.00731	0.01127	0.05023	0.24855	0.00728	0.00929	0.01088	0.01096	0.01478	0.05002	0.23759	0.06083	0.01083	0.00599	0.00189	0.00446	0.23971	0.00388	0.00548
95	0.03872	0.01023	0.01291	0.00995	0.01375	0.00999	0.03206	0.25628	0.01675	0.49449	0.01694	0.03994	0.01148	0.00631	0.00503	0.00155	0.00471	0.00511	0.00557	0.00822
96	0.86003	0.00964	0.00733	0.00655	0.00964	0.01118	0.00540	0.01465	0.00848	0.02236	0.00694	0.00810	0.00540	0.00463	0.00308	0.00154	0.00386	0.00270	0.00308	0.00540
97	0.00706	0.00593	0.00809	0.00755	0.00916	0.00538	0.07694	0.02947	0.01147	0.01460	0.09875	0.25429	0.38968	0.01233	0.00604	0.00179	0.00335	0.04904	0.00451	0.00458
98	0.01039	0.00986	0.01672	0.55031	0.28919	0.01133	0.01433	0.01360	0.01043	0.01393	0.00903	0.01297	0.00706	0.00480	0.00497	0.00160	0.00640	0.00443	0.00230	0.00633
99	0.01126	0.01075	0.01830	0.31742	0.51529	0.01156	0.01476	0.01436	0.01084	0.01498	0.00919	0.01269	0.00744	0.00464	0.00495	0.00155	0.00619	0.00444	0.00237	0.00703

[dist]
# distance from previous block
# <min> <max>
0	1

[block]
# block no. 1 follows, 50 sequences, length 6
# corresponding to MSA columns:
# 201-206
name=unknown_B
#
# <colnr> <probs for GDERKNQSTAVLIFYWHMCP>
#	G	D	E	R	K	N	Q	S	T	A	V	L	I	F	Y	W	H	M	C	P
0	0.01627	0.01439	0.01260	0.01131	0.04433	0.29580	0.00851	0.01954	0.10948	0.19451	0.04065	0.01478	0.01114	0.00602	0.00544	0.00143	0.05497	0.02562	0.00389	0.10932
1	0.01070	0.01094	0.06202	0.01081	0.01527	0.00872	0.15619	0.01397	0.04297	0.01617	0.00948	0.01132	0.00764	0.00420	0.00480	0.00108	0.04076	0.00374	0.00287	0.56634
2	0.01253	0.01033	0.01498	0.01201	0.01497	0.01106	0.16890	0.01917	0.29231	0.11705	0.01883	0.01900	0.09576	0.00693	0.00689	0.00170	0.12222	0.00583	0.00411	0.04542
3	0.00790	0.00692	0.01140	0.00977	0.01178	0.00641	0.17195	0.01027	0.01214	0.01623	0.27018	0.12225	0.17970	0.01054	0.00610	0.00178	0.00412	0.13118	0.00444	0.00495
4	0.00728	0.00578	0.00895	0.00834	0.00962	0.00540	0.09021	0.00928	0.01199	0.01653	0.37272	0.32486	0.03627	0.01176	0.00612	0.00180	0.00337	0.06025	0.00478	0.00468
5	0.00735	0.00557	0.00686	0.00670	0.00794	0.00538	0.00495	0.01062	0.09655	0.01821	0.50537	0.17435	0.10919	0.01100	0.00588	0.00167	0.00264	0.00969	0.00521	0.00489

[dist]
# distance from previous block
# <min> <max>
0	1

[block]
# block no. 2 follows, 50 sequences, length 7
# corresponding to MSA columns:
# 208-214
name=unknown_C
#
# <colnr> <probs for GDERKNQSTAVLIFYWHMCP>
#	G	D	E	R	K	N	Q	S	T	A	V	L	I	F	Y	W	H	M	C	P
0	0.01033	0.02348	0.65507	0.01548	0.02241	0.01177	0.16003	0.01582	0.01076	0.01582	0.00916	0.01107	0.00655	0.00464	0.00495	0.00160	0.00756	0.00409	0.00218	0.00725
1	0.01508	0.01047	0.01185	0.00962	0.01259	0.01126	0.00778	0.36639	0.10149	0.12060	0.15444	0.02075	0.08241	0.00752	0.00576	0.00158	0.04209	0.00598	0.00507	0.00725
2	0.01076	0.01456	0.20255	0.18181	0.12700	0.01192	0.23117	0.01459	0.01057	0.01499	0.00934	0.01252	0.00722	0.00505	0.00630	0.00166	0.09127	0.00467	0.03548	0.00657
3	0.00852	0.00580	0.00707	0.00676	0.00833	0.00544	0.00515	0.01139	0.07774	0.08626	0.35079	0.12790	0.21842	0.01095	0.00585	0.00169	0.00288	0.04880	0.00516	0.00511
4	0.01529	0.17624	0.01986	0.01334	0.01710	0.23222	0.18811	0.15138	0.10670	0.01739	0.01036	0.01151	0.00810	0.00509	0.00472	0.00142	0.00691	0.00424	0.00319	0.00685
5	0.01085	0.00876	0.00901	0.00777	0.01006	0.08405	0.00601	0.11934	0.01443	0.05902	0.34218	0.05592	0.13052	0.00862	0.00532	0.00146	0.00374	0.00724	0.00471	0.11100
6	0.01086	0.00792	0.03380	0.00826	0.01101	0.00678	0.04387	0.05206	0.03979	0.13935	0.12313	0.08943	0.19180	0.00898	0.00541	0.00156	0.00381	0.07416	0.00456	0.14346

[dist]
# distance from previous block
# <min> <max>
16	39

[block]
# block no. 3 follows, 50 sequences, length 25
# corresponding to MSA columns:
# 259-283
name=unknown_D
#
# <colnr> <probs for GDERKNQSTAVLIFYWHMCP>
#	G	D	E	R	K	N	Q	S	T	A	V	L	I	F	Y	W	H	M	C	P
0	0.00737	0.00605	0.00883	0.00781	0.00946	0.00549	0.08859	0.00939	0.01216	0.01653	0.37012	0.14442	0.18241	0.04783	0.00678	0.00180	0.00334	0.02780	0.00464	0.03918
1	0.01721	0.01221	0.01584	0.01689	0.25632	0.01279	0.01084	0.37690	0.05111	0.15984	0.01287	0.01324	0.00926	0.00557	0.00498	0.00151	0.00534	0.00461	0.00441	0.00827
2	0.02236	0.00848	0.01157	0.00887	0.01272	0.00733	0.00733	0.02429	0.01427	0.79719	0.01966	0.01697	0.01234	0.00617	0.00501	0.00154	0.00424	0.00501	0.00617	0.00848
3	0.01045	0.00960	0.01443	0.53299	0.09357	0.01149	0.01239	0.01660	0.21566	0.01519	0.01194	0.01462	0.00903	0.00541	0.00500	0.00165	0.00587	0.00475	0.00299	0.00636
4	0.00607	0.00434	0.00578	0.00694	0.00723	0.00405	0.00463	0.00694	0.00954	0.01272	0.02747	0.82157	0.03297	0.01562	0.00636	0.00202	0.00289	0.01417	0.00463	0.00405
5	0.00677	0.00523	0.00561	0.00555	0.00660	0.00489	0.00378	0.00817	0.04449	0.01248	0.05584	0.03968	0.41898	0.32141	0.03686	0.00306	0.00378	0.00886	0.00400	0.00394
6	0.01332	0.01071	0.01145	0.01012	0.01305	0.01221	0.00792	0.05891	0.70269	0.07070	0.01989	0.01821	0.01474	0.00669	0.00506	0.00167	0.00403	0.00555	0.00514	0.00795
7	0.21300	0.00865	0.01046	0.00827	0.01187	0.00813	0.00681	0.02167	0.01294	0.59826	0.03879	0.01552	0.01175	0.00593	0.00460	0.00154	0.00410	0.00460	0.00545	0.00767
8	0.01223	0.01150	0.01789	0.02397	0.52633	0.01197	0.03980	0.01795	0.20521	0.01729	0.01204	0.01385	0.00967	0.00512	0.00531	0.00154	0.02938	0.00475	0.00313	0.03107
9	0.01862	0.02376	0.01413	0.01284	0.01541	0.80482	0.00963	0.01990	0.01413	0.01220	0.00770	0.00899	0.00642	0.00514	0.00449	0.00128	0.00899	0.00321	0.00257	0.00578
10	0.00593	0.00505	0.00511	0.00509	0.00676	0.00423	0.00382	0.00724	0.01146	0.01371	0.07808	0.04757	0.76398	0.01253	0.00589	0.00168	0.00252	0.01046	0.00466	0.00423
11	0.01337	0.00711	0.00975	0.00832	0.01094	0.00627	0.02824	0.01550	0.01290	0.30630	0.20984	0.07914	0.02418	0.00866	0.00548	0.00161	0.00380	0.13176	0.00514	0.11168
12	0.00941	0.00886	0.01495	0.81285	0.03433	0.01107	0.01384	0.01274	0.00997	0.01274	0.00886	0.01329	0.00664	0.00498	0.00498	0.00166	0.00664	0.00443	0.00221	0.00554
13	0.01034	0.00886	0.01034	0.00738	0.01181	0.00664	0.00591	0.01255	0.01034	0.01624	0.00886	0.01034	0.00738	0.00369	0.00369	0.00074	0.00369	0.00295	0.00295	0.85530
14	0.01176	0.01345	0.02941	0.02101	0.02605	0.01261	0.77563	0.01597	0.01176	0.01597	0.01008	0.01345	0.00756	0.00420	0.00588	0.00168	0.00840	0.00588	0.00252	0.00672
15	0.00958	0.00645	0.00793	0.00754	0.00926	0.00635	0.00587	0.01366	0.14676	0.10363	0.32595	0.10792	0.11223	0.01037	0.00582	0.00173	0.00319	0.10502	0.00521	0.00554
16	0.06777	0.01477	0.01996	0.04263	0.28216	0.20668	0.23433	0.01624	0.01187	0.01536	0.00959	0.03785	0.00806	0.00493	0.00503	0.00152	0.00719	0.00476	0.00261	0.00668
17	0.00725	0.00483	0.00544	0.00544	0.00544	0.00483	0.00302	0.00725	0.00725	0.00966	0.01571	0.03262	0.01812	0.82483	0.02537	0.00483	0.00483	0.00725	0.00302	0.00302
18	0.01247	0.01202	0.02067	0.04393	0.61436	0.01209	0.11074	0.04675	0.04658	0.01699	0.01005	0.01276	0.00818	0.00459	0.00506	0.00152	0.00614	0.00468	0.00269	0.00772
19	0.00811	0.01045	0.18928	0.04445	0.01224	0.00711	0.00840	0.01208	0.07333	0.01794	0.42209	0.02991	0.12743	0.00874	0.00551	0.00160	0.00384	0.00751	0.00442	0.00554
20	0.01089	0.00870	0.01025	0.00750	0.01167	0.00672	0.00598	0.02876	0.01086	0.05597	0.02766	0.04095	0.00948	0.00445	0.00393	0.00086	0.00370	0.00363	0.00328	0.74477
21	0.00686	0.00509	0.00641	0.00616	0.00739	0.00463	0.00463	0.00900	0.01349	0.01862	0.63312	0.05802	0.16816	0.01080	0.00592	0.00162	0.00245	0.02772	0.00530	0.00460
22	0.01333	0.82783	0.02612	0.00853	0.01279	0.01972	0.00853	0.01493	0.01013	0.01173	0.00693	0.00800	0.00640	0.00426	0.00320	0.00107	0.00533	0.00267	0.00213	0.00640
23	0.01862	0.02376	0.01413	0.01284	0.01541	0.80482	0.00963	0.01990	0.01413	0.01220	0.00770	0.00899	0.00642	0.00514	0.00449	0.00128	0.00899	0.00321	0.00257	0.00578
24	0.01841	0.01415	0.01535	0.01303	0.07712	0.04401	0.00994	0.68908	0.02214	0.02951	0.01161	0.01189	0.00836	0.00583	0.00496	0.00149	0.00565	0.00444	0.00470	0.00833

[dist]
# distance from previous block
# <min> <max>
0	1

[block]
# block no. 4 follows, 50 sequences, length 53
# corresponding to MSA columns:
# 285-337
name=unknown_E
#
# <colnr> <probs for GDERKNQSTAVLIFYWHMCP>
#	G	D	E	R	K	N	Q	S	T	A	V	L	I	F	Y	W	H	M	C	P
0	0.01057	0.08407	0.04420	0.01221	0.01496	0.12190	0.22188	0.01325	0.04059	0.01413	0.04018	0.26237	0.06597	0.00873	0.00571	0.00168	0.02058	0.00802	0.00343	0.00557
1	0.01729	0.02094	0.01451	0.01388	0.06945	0.62213	0.02466	0.03422	0.10904	0.01398	0.00950	0.01055	0.00767	0.00529	0.00463	0.00136	0.00808	0.00367	0.00291	0.00625
2	0.01028	0.00864	0.01004	0.00724	0.01150	0.00654	0.00578	0.01250	0.01034	0.01637	0.00925	0.01077	0.00767	0.00380	0.00368	0.00076	0.00362	0.00304	0.04754	0.81065
3	0.00725	0.00483	0.00544	0.00544	0.00544	0.00483	0.00302	0.00725	0.00725	0.00966	0.01571	0.03262	0.01812	0.82483	0.02537	0.00483	0.00483	0.00725	0.00302	0.00302
4	0.00792	0.00593	0.00793	0.03375	0.02171	0.00573	0.02368	0.01084	0.05644	0.03246	0.48011	0.06090	0.11341	0.01020	0.00583	0.00167	0.00308	0.08696	0.02648	0.00499
5	0.01034	0.00886	0.01034	0.00738	0.01181	0.00664	0.00591	0.01255	0.01034	0.01624	0.00886	0.01034	0.00738	0.00369	0.00369	0.00074	0.00369	0.00295	0.00295	0.85530
6	0.01007	0.00946	0.01557	0.55740	0.20954	0.01100	0.01346	0.01369	0.04488	0.01396	0.01139	0.01489	0.04319	0.00529	0.00502	0.00162	0.00617	0.00476	0.00251	0.00613
7	0.00599	0.00468	0.00543	0.00604	0.00699	0.00412	0.00423	0.00704	0.01041	0.01308	0.03843	0.45348	0.39399	0.01419	0.00614	0.00186	0.00272	0.01243	0.00463	0.00412
8	0.01165	0.01096	0.01801	0.24915	0.50940	0.01174	0.01425	0.03010	0.06602	0.01590	0.01005	0.01304	0.00807	0.00479	0.00496	0.00155	0.00598	0.00452	0.00263	0.00724
9	0.01152	0.41649	0.39249	0.01121	0.01682	0.01535	0.01314	0.01511	0.01024	0.01365	0.00812	0.00963	0.00658	0.00571	0.03362	0.00157	0.00659	0.00325	0.00214	0.00679
10	0.01234	0.01184	0.02023	0.03059	0.79373	0.01184	0.01530	0.01530	0.01135	0.01628	0.00938	0.01234	0.00790	0.00444	0.00493	0.00148	0.00592	0.00444	0.00247	0.00790
11	0.01034	0.00886	0.01034	0.00738	0.01181	0.00664	0.00591	0.01255	0.01034	0.01624	0.00886	0.01034	0.00738	0.00369	0.00369	0.00074	0.00369	0.00295	0.00295	0.85530
12	0.01844	0.02346	0.01415	0.01285	0.01536	0.78674	0.00966	0.01972	0.01398	0.01219	0.00768	0.00903	0.00642	0.00522	0.00477	0.00130	0.02746	0.00324	0.00256	0.00577
13	0.01913	0.01367	0.01478	0.01133	0.01531	0.01502	0.00936	0.73667	0.02294	0.07255	0.01238	0.01224	0.00868	0.00599	0.00499	0.00150	0.00542	0.00452	0.00505	0.00848
14	0.00619	0.00447	0.00603	0.02474	0.00789	0.00424	0.00490	0.00714	0.00959	0.01277	0.02704	0.78845	0.03230	0.01534	0.00634	0.00202	0.00301	0.02889	0.00457	0.00409
15	0.01216	0.01167	0.01992	0.07652	0.74915	0.01180	0.01521	0.01515	0.01127	0.01608	0.00935	0.01239	0.00782	0.00447	0.00494	0.00149	0.00596	0.00444	0.00245	0.00776
16	0.01034	0.00886	0.01034	0.00738	0.01181	0.00664	0.00591	0.01255	0.01034	0.01624	0.00886	0.01034	0.00738	0.00369	0.00369	0.00074	0.00369	0.00295	0.00295	0.85530
17	0.00614	0.00436	0.00577	0.00686	0.00713	0.00409	0.00454	0.00696	0.00942	0.01256	0.02684	0.77919	0.03217	0.05908	0.00738	0.00218	0.00300	0.01380	0.00454	0.00399
18	0.02140	0.00854	0.01139	0.00880	0.01246	0.00756	0.00719	0.05777	0.01431	0.71989	0.01910	0.01758	0.01247	0.05014	0.00610	0.00172	0.00433	0.00511	0.00595	0.00819
19	0.00639	0.00480	0.00592	0.00621	0.00718	0.00433	0.00444	0.00792	0.01171	0.01563	0.31850	0.33098	0.23214	0.01283	0.00606	0.00177	0.00260	0.01131	0.00495	0.00433
20	0.00607	0.00434	0.00578	0.00694	0.00723	0.00405	0.00463	0.00694	0.00954	0.01272	0.02747	0.82157	0.03297	0.01562	0.00636	0.00202	0.00289	0.01417	0.00463	0.00405
21	0.01064	0.00885	0.01037	0.00742	0.01184	0.00666	0.00594	0.01285	0.01044	0.03600	0.00913	0.01050	0.00751	0.00375	0.00372	0.00076	0.00371	0.00301	0.00303	0.83387
22	0.01000	0.02578	0.79900	0.01421	0.02157	0.01158	0.01842	0.01579	0.01052	0.01579	0.00895	0.01052	0.00631	0.00474	0.00474	0.00158	0.00737	0.00368	0.00210	0.00737
23	0.00713	0.00531	0.00787	0.00787	0.00871	0.00616	0.00606	0.00881	0.00797	0.01147	0.01348	0.02028	0.01277	0.07968	0.76319	0.00784	0.01289	0.00544	0.00269	0.00437
24	0.01349	0.80299	0.02575	0.00866	0.01287	0.04397	0.00856	0.01508	0.01025	0.01174	0.00695	0.00803	0.00640	0.00429	0.00324	0.00107	0.00544	0.00268	0.00215	0.00638
25	0.01133	0.28616	0.52478	0.01232	0.01854	0.03771	0.01495	0.01563	0.01050	0.01436	0.00825	0.00966	0.00634	0.00459	0.00423	0.00140	0.00675	0.00334	0.00213	0.00700
26	0.01765	0.16163	0.03239	0.00974	0.01334	0.01230	0.00841	0.21358	0.04057	0.32104	0.03370	0.01441	0.01085	0.02070	0.01868	0.00165	0.05255	0.00454	0.00463	0.00762
27	0.80870	0.02878	0.00805	0.03645	0.01063	0.01138	0.00578	0.01459	0.00858	0.02176	0.00701	0.00829	0.00547	0.00463	0.00316	0.00154	0.00399	0.00276	0.00303	0.00543
28	0.01787	0.08183	0.01510	0.01297	0.03793	0.70086	0.00966	0.01960	0.03643	0.01254	0.00807	0.00930	0.00672	0.00510	0.00443	0.00129	0.00848	0.00328	0.00261	0.00595
29	0.00617	0.00506	0.00543	0.00534	0.00690	0.00433	0.00400	0.00769	0.01201	0.01501	0.22615	0.04542	0.61509	0.01205	0.00589	0.00166	0.00248	0.01016	0.00483	0.00433
30	0.00942	0.00791	0.01275	0.01029	0.01253	0.00779	0.17559	0.03893	0.04873	0.04409	0.47333	0.02849	0.05002	0.00842	0.00632	0.00163	0.04589	0.00768	0.00463	0.00557
31	0.01909	0.01319	0.01438	0.01105	0.01496	0.01438	0.00912	0.68234	0.02220	0.11038	0.01286	0.01263	0.00897	0.00600	0.00496	0.00149	0.00529	0.00455	0.02378	0.00839
32	0.00713	0.00530	0.00779	0.00779	0.00860	0.00611	0.00596	0.00876	0.00795	0.01141	0.01355	0.02070	0.01295	0.10473	0.73839	0.00774	0.01262	0.00550	0.00270	0.00433
33	0.00607	0.00434	0.00578	0.00694	0.00723	0.00405	0.00463	0.00694	0.00954	0.01272	0.02747	0.82157	0.03297	0.01562	0.00636	0.00202	0.00289	0.01417	0.00463	0.00405
34	0.01091	0.01091	0.01527	0.01309	0.01309	0.01527	0.01091	0.01200	0.00763	0.01200	0.00654	0.01091	0.00654	0.00872	0.01636	0.00218	0.81570	0.00436	0.00218	0.00545
35	0.01034	0.00886	0.01034	0.00738	0.01181	0.00664	0.00591	0.01255	0.01034	0.01624	0.00886	0.01034	0.00738	0.00369	0.00369	0.00074	0.00369	0.00295	0.00295	0.85530
36	0.00712	0.00534	0.00801	0.00801	0.00890	0.00623	0.00623	0.00890	0.00801	0.01157	0.01335	0.01958	0.01246	0.03738	0.80507	0.00801	0.01335	0.00534	0.00267	0.00445
37	0.01008	0.02522	0.76384	0.01452	0.02178	0.01162	0.05301	0.01579	0.01058	0.01579	0.00900	0.01066	0.00637	0.00471	0.00479	0.00158	0.00741	0.00378	0.00212	0.00734
38	0.00710	0.00483	0.00574	0.00584	0.00601	0.00484	0.00353	0.00747	0.00796	0.01075	0.06296	0.11715	0.02103	0.63063	0.07987	0.00457	0.00511	0.00796	0.00331	0.00334
39	0.01000	0.02578	0.79900	0.01421	0.02157	0.01158	0.01842	0.01579	0.01052	0.01579	0.00895	0.01052	0.00631	0.00474	0.00474	0.00158	0.00737	0.00368	0.00210	0.00737
40	0.00605	0.00444	0.00568	0.00667	0.00716	0.00407	0.00451	0.00697	0.00980	0.01283	0.03073	0.71217	0.14027	0.01519	0.00630	0.00198	0.00284	0.01365	0.00463	0.00407
41	0.00912	0.23160	0.12408	0.00899	0.01159	0.00982	0.00854	0.01126	0.01035	0.01347	0.01898	0.28272	0.02084	0.01050	0.00541	0.00177	0.00464	0.20743	0.00358	0.00530
42	0.01159	0.01109	0.01881	0.21955	0.58667	0.01176	0.01481	0.01458	0.01090	0.01530	0.00917	0.01252	0.00755	0.00470	0.00528	0.00154	0.03008	0.00444	0.00240	0.00725
43	0.00729	0.00478	0.00552	0.00557	0.00558	0.00477	0.00317	0.00719	0.00729	0.00972	0.01572	0.06390	0.01810	0.73732	0.02419	0.06179	0.00472	0.00734	0.00303	0.00301
44	0.01069	0.06342	0.44791	0.05741	0.02272	0.01211	0.25815	0.01551	0.01087	0.01555	0.00941	0.01170	0.00693	0.00459	0.00499	0.00158	0.00740	0.00440	0.02774	0.00693
45	0.01013	0.00811	0.00963	0.00719	0.01098	0.00628	0.00570	0.01234	0.01116	0.04701	0.14454	0.01610	0.03303	0.00512	0.00417	0.00093	0.00345	0.00425	0.00355	0.65632
46	0.01557	0.01026	0.01272	0.00978	0.01384	0.00899	0.04247	0.11563	0.04245	0.21994	0.01437	0.02839	0.01112	0.00596	0.00495	0.00139	0.00467	0.02715	0.00453	0.40585
47	0.01506	0.11037	0.02761	0.01637	0.25619	0.07851	0.03397	0.07436	0.04561	0.17902	0.06471	0.01433	0.01146	0.00540	0.00475	0.00142	0.00540	0.00457	0.00373	0.04716
48	0.10296	0.14570	0.25266	0.01315	0.04047	0.03893	0.12226	0.07407	0.01164	0.06544	0.02341	0.01131	0.00775	0.00515	0.00537	0.00153	0.06447	0.00403	0.00284	0.00684
49	0.01108	0.00998	0.01948	0.07980	0.01981	0.00953	0.40153	0.01430	0.01208	0.08995	0.15163	0.08525	0.01811	0.00694	0.00582	0.00171	0.00615	0.04711	0.00365	0.00611
50	0.00644	0.00453	0.00584	0.00669	0.00695	0.00435	0.00440	0.00718	0.00902	0.01204	0.02424	0.58787	0.02872	0.20701	0.03481	0.00287	0.00372	0.03531	0.00419	0.00383
51	0.01161	0.04349	0.09667	0.01964	0.19160	0.01189	0.36731	0.05263	0.03494	0.01688	0.05737	0.01576	0.04587	0.00520	0.00540	0.00159	0.00675	0.00555	0.00292	0.00692
52	0.01167	0.01099	0.06084	0.21990	0.27940	0.01049	0.05486	0.02602	0.03508	0.07259	0.01243	0.01514	0.04409	0.00532	0.00514	0.00151	0.01976	0.01641	0.00295	0.09542

[dist]
# distance from previous block
# <min> <max>
0	1

[block]
# block no. 5 follows, 50 sequences, length 184
# corresponding to MSA columns:
# 339-522
name=unknown_F
#
# <colnr> <probs for GDERKNQSTAVLIFYWHMCP>
#	G	D	E	R	K	N	Q	S	T	A	V	L	I	F	Y	W	H	M	C	P
0	0.01075	0.01136	0.08009	0.12029	0.08233	0.01037	0.25297	0.03456	0.09916	0.03432	0.19199	0.01923	0.01749	0.00613	0.00546	0.00162	0.00582	0.00604	0.00356	0.00646
1	0.01312	0.01414	0.12349	0.01582	0.19753	0.08749	0.04351	0.12933	0.16073	0.03904	0.05824	0.01662	0.04982	0.02238	0.00545	0.00161	0.00565	0.00514	0.00368	0.00721
2	0.01042	0.00852	0.01002	0.00729	0.01143	0.00650	0.00582	0.01264	0.01068	0.03673	0.05891	0.01238	0.01014	0.00421	0.00386	0.00082	0.00359	0.00343	0.02084	0.76178
3	0.00972	0.01222	0.14420	0.03149	0.08957	0.00961	0.28802	0.01317	0.01169	0.01628	0.17813	0.08770	0.05427	0.00704	0.00585	0.00166	0.02301	0.00691	0.00334	0.00611
4	0.00859	0.01358	0.31072	0.01113	0.05139	0.00811	0.01091	0.01268	0.06465	0.01576	0.11747	0.23208	0.04360	0.00937	0.00555	0.00176	0.00488	0.06818	0.00370	0.00590
5	0.01088	0.00892	0.01042	0.00756	0.01190	0.00691	0.00604	0.01359	0.04325	0.04635	0.00976	0.01094	0.00790	0.00392	0.00380	0.00081	0.00372	0.00315	0.00317	0.78701
6	0.01428	0.02289	0.06821	0.02928	0.16082	0.03214	0.00941	0.06252	0.06048	0.22999	0.02971	0.11603	0.01322	0.00661	0.00494	0.00148	0.00476	0.00567	0.00415	0.12339
7	0.01058	0.18486	0.03052	0.01114	0.11408	0.04815	0.00788	0.04933	0.01098	0.01460	0.01505	0.29058	0.01607	0.00824	0.00480	0.00143	0.00448	0.00707	0.00335	0.16679
8	0.00734	0.00553	0.00710	0.00762	0.00887	0.00514	0.00596	0.00924	0.02806	0.01432	0.04761	0.33445	0.11967	0.01308	0.00619	0.00194	0.00355	0.28219	0.00448	0.08764
9	0.05036	0.20296	0.22940	0.01210	0.07748	0.04264	0.01132	0.04041	0.01209	0.25766	0.01180	0.01197	0.00836	0.00510	0.00441	0.00143	0.00568	0.00389	0.00354	0.00742
10	0.01356	0.21397	0.22714	0.02809	0.03279	0.13580	0.11321	0.05498	0.07120	0.04939	0.00991	0.01112	0.00760	0.00489	0.00454	0.00143	0.00673	0.00393	0.00279	0.00692
11	0.01291	0.01020	0.01097	0.00978	0.01252	0.01156	0.00757	0.02523	0.67901	0.08281	0.01998	0.01925	0.01515	0.05260	0.00621	0.00185	0.00402	0.00568	0.00505	0.00766
12	0.04280	0.04160	0.54104	0.01271	0.03417	0.01070	0.03079	0.01499	0.01044	0.01605	0.00883	0.01042	0.00658	0.00447	0.00443	0.00138	0.00635	0.00352	0.00235	0.19638
13	0.00626	0.00444	0.00583	0.00679	0.00707	0.00423	0.00449	0.00705	0.00920	0.01230	0.02545	0.69179	0.03032	0.11805	0.03934	0.00261	0.00354	0.01296	0.00435	0.00393
14	0.00869	0.02632	0.00850	0.00867	0.00998	0.05856	0.00710	0.01150	0.06659	0.01534	0.12014	0.16729	0.04481	0.01230	0.00628	0.00201	0.00426	0.41224	0.00455	0.00487
15	0.00690	0.00497	0.00659	0.00676	0.00735	0.00517	0.00475	0.00806	0.00892	0.01229	0.10733	0.17312	0.05563	0.25236	0.31185	0.00500	0.00729	0.00814	0.00353	0.00399
16	0.00680	0.00509	0.00631	0.00601	0.00729	0.00460	0.00451	0.00892	0.01352	0.01858	0.63094	0.03955	0.20807	0.01072	0.00588	0.00159	0.00239	0.00934	0.00530	0.00460
17	0.01360	0.75293	0.04474	0.00897	0.01319	0.07295	0.00885	0.01529	0.01041	0.01186	0.00703	0.00813	0.00640	0.00434	0.00333	0.00109	0.00563	0.00273	0.00216	0.00638
18	0.01384	0.01262	0.01627	0.01503	0.11891	0.05614	0.13111	0.16508	0.35819	0.02083	0.01469	0.01502	0.01111	0.00585	0.00536	0.00161	0.02143	0.00514	0.00411	0.00765
19	0.00936	0.01205	0.23448	0.01119	0.08405	0.00764	0.02638	0.01265	0.01241	0.06410	0.34792	0.04447	0.07803	0.00789	0.00538	0.00156	0.00441	0.00686	0.00409	0.02508
20	0.01399	0.06522	0.35748	0.01170	0.01722	0.01202	0.01265	0.22196	0.01437	0.10442	0.01079	0.01144	0.00769	0.00507	0.00461	0.00142	0.00594	0.00389	0.00343	0.11469
21	0.01231	0.01190	0.02166	0.02518	0.47328	0.01171	0.23527	0.01617	0.05310	0.04060	0.01117	0.01489	0.00916	0.00492	0.00530	0.00158	0.00643	0.03509	0.00282	0.00744
22	0.00611	0.00437	0.00582	0.00691	0.00724	0.00407	0.00463	0.00704	0.00973	0.01301	0.05798	0.79023	0.03353	0.01540	0.00634	0.00201	0.00287	0.01396	0.00466	0.00407
23	0.04739	0.01321	0.02690	0.06506	0.18384	0.17203	0.12102	0.03121	0.04796	0.06680	0.03233	0.03624	0.04016	0.00586	0.00517	0.00151	0.01824	0.02545	0.00321	0.05642
24	0.04844	0.16216	0.20485	0.01423	0.01919	0.04337	0.27610	0.01659	0.03095	0.08936	0.02465	0.01299	0.02482	0.00493	0.00486	0.00151	0.00670	0.00461	0.00288	0.00683
25	0.01606	0.00698	0.00950	0.00834	0.01087	0.00620	0.00662	0.01772	0.01259	0.48371	0.02267	0.25503	0.02012	0.00975	0.00561	0.00176	0.00389	0.09027	0.00555	0.00677
26	0.00658	0.00487	0.00645	0.00716	0.00774	0.00474	0.00513	0.00784	0.01047	0.01409	0.14989	0.55390	0.07638	0.01415	0.00669	0.00196	0.03407	0.07895	0.00467	0.00426
27	0.01233	0.01773	0.32795	0.17742	0.07071	0.08052	0.05985	0.08496	0.02442	0.05929	0.01008	0.01210	0.00740	0.00588	0.02662	0.00174	0.00710	0.00420	0.00276	0.00694
28	0.01070	0.16100	0.60461	0.01389	0.05242	0.01311	0.01632	0.01547	0.01038	0.01497	0.00853	0.01019	0.00640	0.00480	0.00493	0.00151	0.03792	0.00357	0.00213	0.00715
29	0.00607	0.00434	0.00578	0.00694	0.00723	0.00405	0.00463	0.00694	0.00954	0.01272	0.02747	0.82157	0.03297	0.01562	0.00636	0.00202	0.00289	0.01417	0.00463	0.00405
30	0.01152	0.01033	0.01635	0.43155	0.21691	0.01168	0.04246	0.11836	0.02779	0.01657	0.01021	0.02917	0.00806	0.00522	0.00501	0.00159	0.00616	0.00472	0.01978	0.00657
31	0.01431	0.01249	0.06874	0.02993	0.13047	0.03272	0.26502	0.08914	0.03044	0.17314	0.01340	0.04497	0.01050	0.00584	0.00563	0.00164	0.02345	0.03731	0.00366	0.00722
32	0.01967	0.00873	0.01212	0.00943	0.01280	0.00812	0.03682	0.05358	0.01387	0.61258	0.06114	0.01798	0.01379	0.03783	0.00658	0.00171	0.05459	0.00529	0.00557	0.00781
33	0.01386	0.03024	0.01479	0.08129	0.18861	0.14134	0.01015	0.13747	0.06788	0.03147	0.01019	0.01172	0.00805	0.00494	0.00477	0.00131	0.02120	0.00394	0.00322	0.21357
34	0.01077	0.02129	0.53164	0.01591	0.02219	0.01197	0.22569	0.01580	0.01079	0.03073	0.00934	0.01147	0.00679	0.00482	0.00566	0.00164	0.04974	0.00435	0.00230	0.00711
35	0.00598	0.00495	0.00525	0.00547	0.00691	0.00422	0.00404	0.00720	0.01107	0.01338	0.04606	0.17511	0.64651	0.01315	0.00600	0.00176	0.00264	0.03148	0.00463	0.00419
36	0.05780	0.00853	0.01139	0.00877	0.01259	0.00749	0.00724	0.02388	0.01402	0.76440	0.01913	0.01659	0.01204	0.00610	0.00493	0.00154	0.00423	0.00491	0.00604	0.00835
37	0.00617	0.00506	0.00544	0.00535	0.00691	0.00433	0.00401	0.00770	0.01203	0.01505	0.22996	0.04537	0.61126	0.01203	0.00589	0.00166	0.00248	0.01015	0.00484	0.00433
38	0.01333	0.82783	0.02612	0.00853	0.01279	0.01972	0.00853	0.01493	0.01013	0.01173	0.00693	0.00800	0.00640	0.00426	0.00320	0.00107	0.00533	0.00267	0.00213	0.00640
39	0.00664	0.00477	0.00629	0.00656	0.00735	0.00442	0.00467	0.00835	0.01216	0.01688	0.46485	0.37233	0.04102	0.01251	0.00609	0.00176	0.00258	0.01122	0.00512	0.00442
40	0.01000	0.02578	0.79900	0.01421	0.02157	0.01158	0.01842	0.01579	0.01052	0.01579	0.00895	0.01052	0.00631	0.00474	0.00474	0.00158	0.00737	0.00368	0.00210	0.00737
41	0.01091	0.01091	0.01527	0.01309	0.01309	0.01527	0.01091	0.01200	0.00763	0.01200	0.00654	0.01091	0.00654	0.00872	0.01636	0.00218	0.81570	0.00436	0.00218	0.00545
42	0.01091	0.01091	0.01527	0.01309	0.01309	0.01527	0.01091	0.01200	0.00763	0.01200	0.00654	0.01091	0.00654	0.00872	0.01636	0.00218	0.81570	0.00436	0.00218	0.00545
43	0.01892	0.01474	0.01489	0.01158	0.01545	0.07841	0.00949	0.71673	0.02269	0.02988	0.01163	0.01173	0.00831	0.00592	0.00495	0.00148	0.00576	0.00439	0.00479	0.00826
44	0.00712	0.00534	0.00801	0.00801	0.00890	0.00623	0.00623	0.00890	0.00801	0.01157	0.01335	0.01958	0.01246	0.03738	0.80507	0.00801	0.01335	0.00534	0.00267	0.00445
