[name]
unknown

[dist]
# distance from previous block
# <min> <max>
0	26

[block]
# block no. 0 follows, 48 sequences, length 32
# corresponding to MSA columns:
# 27-58
name=unknown_A
#
# <colnr> <probs for GDERKNQSTAVLIFYWHMCP>
#	G	D	E	R	K	N	Q	S	T	A	V	L	I	F	Y	W	H	M	C	P
0	0.00991	0.00934	0.01579	0.75069	0.09027	0.01146	0.01436	0.01330	0.01036	0.01338	0.00916	0.01361	0.00693	0.00509	0.00513	0.00170	0.00679	0.00456	0.00230	0.00588
1	0.01251	0.39452	0.01929	0.00987	0.01289	0.11464	0.06274	0.01427	0.01047	0.01280	0.00975	0.01312	0.00889	0.06082	0.13270	0.00260	0.03569	0.00399	0.06260	0.00583
2	0.00742	0.00621	0.00722	0.00760	0.00858	0.05039	0.02535	0.00874	0.01102	0.01406	0.09758	0.44263	0.17461	0.04023	0.00698	0.00204	0.00358	0.07671	0.00460	0.00445
3	0.01106	0.01052	0.01786	0.45458	0.37741	0.01176	0.01493	0.01431	0.01091	0.01477	0.00936	0.01323	0.00743	0.00488	0.00511	0.00163	0.00650	0.00457	0.00240	0.00680
4	0.73628	0.01022	0.00829	0.00722	0.01043	0.01175	0.00594	0.09615	0.01046	0.02389	0.00804	0.00914	0.00616	0.00496	0.00340	0.00157	0.00409	0.00305	0.03311	0.00587
5	0.00696	0.00472	0.00626	0.00700	0.00730	0.00462	0.00471	0.00750	0.00901	0.01206	0.02266	0.47451	0.02641	0.17783	0.07187	0.09313	0.00444	0.05118	0.00401	0.00381
6	0.01852	0.00954	0.01223	0.03202	0.01398	0.00940	0.02904	0.04098	0.24082	0.47068	0.02099	0.01897	0.04529	0.00671	0.00524	0.00165	0.00442	0.00558	0.00570	0.00823
7	0.00654	0.00520	0.00578	0.00564	0.00711	0.00454	0.00418	0.00815	0.01243	0.01593	0.29823	0.04480	0.49509	0.05519	0.00713	0.00187	0.00267	0.01012	0.00498	0.00444
8	0.11123	0.00904	0.01156	0.00896	0.01285	0.00823	0.00740	0.04808	0.01436	0.68520	0.01860	0.01633	0.01182	0.00618	0.00495	0.00159	0.00437	0.00489	0.00597	0.00840
9	0.01060	0.01005	0.01703	0.57332	0.26227	0.01164	0.01470	0.01391	0.01069	0.01421	0.00928	0.01338	0.00723	0.00496	0.00511	0.00165	0.00662	0.00456	0.00236	0.00643
10	0.00826	0.00740	0.01332	0.01157	0.01338	0.00699	0.22891	0.01028	0.01060	0.01417	0.02226	0.45239	0.02496	0.05530	0.00751	0.00217	0.00495	0.09656	0.00404	0.00498
11	0.00733	0.00550	0.00825	0.00825	0.00916	0.00641	0.00641	0.00916	0.00825	0.01191	0.01374	0.02016	0.01283	0.03848	0.79934	0.00825	0.01374	0.00550	0.00275	0.00458
12	0.00971	0.00796	0.00867	0.00812	0.00923	0.07065	0.00595	0.09104	0.01091	0.01439	0.07601	0.04668	0.04440	0.27693	0.24745	0.00468	0.03712	0.02191	0.00348	0.00470
13	0.01252	0.01233	0.01951	0.16855	0.61073	0.05594	0.01516	0.01554	0.01159	0.01588	0.00946	0.01268	0.00781	0.00471	0.00506	0.00155	0.00640	0.00450	0.00250	0.00757
14	0.00639	0.00507	0.00577	0.00607	0.00736	0.00445	0.00448	0.00780	0.01163	0.01465	0.14080	0.22893	0.46881	0.01346	0.00624	0.00184	0.00279	0.05421	0.00488	0.00438
15	0.07314	0.01861	0.02056	0.01670	0.04321	0.39334	0.31319	0.01821	0.01297	0.01495	0.00889	0.01116	0.00706	0.00491	0.00533	0.00153	0.02281	0.00443	0.00265	0.00637
16	0.01029	0.02654	0.79309	0.01462	0.02221	0.01192	0.01896	0.01625	0.01083	0.01625	0.00921	0.01083	0.00650	0.00487	0.00487	0.00162	0.00758	0.00379	0.00217	0.00758
17	0.00729	0.00535	0.00765	0.00771	0.00843	0.00603	0.00573	0.00875	0.00819	0.01163	0.01499	0.06696	0.01504	0.17627	0.61750	0.00732	0.01158	0.00635	0.00293	0.00430
18	0.07782	0.01001	0.01175	0.00909	0.01301	0.00949	0.00741	0.15797	0.06981	0.32860	0.03801	0.01494	0.01149	0.00574	0.00471	0.00139	0.00435	0.00454	0.00499	0.21489
19	0.01438	0.01230	0.01645	0.04512	0.32870	0.01330	0.01183	0.21418	0.24777	0.02210	0.01374	0.01459	0.01053	0.00573	0.00514	0.00160	0.00539	0.00496	0.00402	0.00820
20	0.02244	0.00860	0.01172	0.00903	0.01290	0.00744	0.00744	0.02445	0.01468	0.76302	0.04823	0.01823	0.01401	0.00650	0.00519	0.00159	0.00429	0.00531	0.00633	0.00859
21	0.00887	0.01640	0.40736	0.01107	0.04286	0.00857	0.01211	0.01266	0.01142	0.03227	0.05377	0.02735	0.31812	0.00832	0.00540	0.00166	0.00530	0.00684	0.00343	0.00624
22	0.01102	0.01885	0.37285	0.01605	0.02081	0.01330	0.20604	0.01515	0.01028	0.01515	0.00878	0.01171	0.00689	0.00594	0.00868	0.00183	0.24295	0.00457	0.00230	0.00684
23	0.00821	0.00580	0.00858	0.00834	0.00889	0.00683	0.00635	0.00877	0.00775	0.01108	0.01159	0.01787	0.01103	0.02930	0.48812	0.25435	0.09549	0.00509	0.00254	0.00400
24	0.00631	0.00451	0.00601	0.00710	0.00746	0.00421	0.00477	0.00729	0.01009	0.01353	0.07180	0.77157	0.03477	0.01575	0.00652	0.00206	0.00294	0.01428	0.00481	0.00421
25	0.01628	0.01539	0.01258	0.01131	0.03995	0.28680	0.00851	0.23888	0.09790	0.02087	0.01256	0.01346	0.00966	0.00585	0.00463	0.00141	0.00605	0.00432	0.18677	0.00682
26	0.08083	0.01003	0.01072	0.00867	0.01170	0.01070	0.00704	0.35754	0.01716	0.12449	0.01445	0.01500	0.01051	0.00601	0.00446	0.00143	0.00424	0.00460	0.29329	0.00714
27	0.00736	0.00537	0.00758	0.00758	0.00827	0.00605	0.00558	0.00874	0.00805	0.01142	0.01435	0.02352	0.01429	0.23449	0.60533	0.00743	0.01154	0.00599	0.00284	0.00421
28	0.00624	0.00449	0.00593	0.00708	0.00742	0.00417	0.00473	0.00715	0.00989	0.01313	0.02912	0.78930	0.06042	0.01597	0.00653	0.00207	0.00296	0.01445	0.00476	0.00417
29	0.01559	0.01266	0.01582	0.23821	0.12850	0.04622	0.01171	0.36115	0.05291	0.04948	0.01154	0.01312	0.00848	0.00566	0.00511	0.00159	0.00608	0.00462	0.00391	0.00765
30	0.00793	0.00564	0.00708	0.00669	0.00808	0.00529	0.00502	0.01082	0.05698	0.04532	0.60258	0.08236	0.11522	0.01071	0.00601	0.00166	0.00263	0.00940	0.00551	0.00507
31	0.01307	0.06027	0.02232	0.08554	0.42439	0.09623	0.19190	0.01619	0.01191	0.01569	0.00946	0.01242	0.00770	0.00462	0.00516	0.00154	0.00705	0.00468	0.00252	0.00734

[dist]
# distance from previous block
# <min> <max>
0	1

[block]
# block no. 1 follows, 48 sequences, length 20
# corresponding to MSA columns:
# 60-79
name=unknown_B
#
# <colnr> <probs for GDERKNQSTAVLIFYWHMCP>
#	G	D	E	R	K	N	Q	S	T	A	V	L	I	F	Y	W	H	M	C	P
0	0.01349	0.74332	0.06781	0.01012	0.04865	0.01949	0.00964	0.01543	0.01050	0.01251	0.00736	0.00857	0.00665	0.00442	0.00346	0.00115	0.00563	0.00288	0.00221	0.00671
1	0.01485	0.23138	0.27802	0.01226	0.01729	0.18091	0.01261	0.16341	0.01409	0.01751	0.00900	0.01011	0.00698	0.00508	0.00446	0.00141	0.00701	0.00358	0.00285	0.00720
2	0.01946	0.10103	0.01306	0.00887	0.01255	0.00893	0.00743	0.02190	0.04165	0.56476	0.06972	0.01778	0.01437	0.00772	0.03890	0.00180	0.00473	0.00513	0.00553	0.03467
3	0.05944	0.08508	0.05529	0.01062	0.01414	0.05384	0.13914	0.04613	0.01293	0.03910	0.25829	0.01991	0.02059	0.00645	0.00503	0.00141	0.00496	0.00570	0.00384	0.15811
4	0.16425	0.00893	0.01117	0.00873	0.01256	0.00821	0.00720	0.02332	0.01368	0.66096	0.01802	0.01592	0.01149	0.00608	0.00482	0.00159	0.00430	0.00476	0.00581	0.00819
5	0.01097	0.01089	0.01561	0.01334	0.01356	0.01495	0.03398	0.01224	0.00802	0.01244	0.00736	0.01196	0.00721	0.01099	0.07366	0.00267	0.72766	0.00461	0.00229	0.00558
6	0.01345	0.01392	0.01914	0.11691	0.57095	0.14554	0.01459	0.01625	0.01201	0.01563	0.00930	0.01223	0.00772	0.00476	0.00501	0.00151	0.00672	0.00436	0.00253	0.00748
7	0.00643	0.00459	0.00615	0.00734	0.00772	0.00432	0.00507	0.00745	0.01000	0.01329	0.02818	0.75047	0.03355	0.01591	0.00660	0.00211	0.00313	0.07871	0.00476	0.00422
8	0.00625	0.00492	0.00566	0.00623	0.00732	0.00433	0.00447	0.00742	0.01090	0.01360	0.04068	0.37790	0.42874	0.01437	0.00632	0.00191	0.00286	0.04706	0.00476	0.00428
9	0.42683	0.00931	0.00979	0.00797	0.01156	0.00947	0.00658	0.02020	0.01180	0.41878	0.01389	0.01304	0.00924	0.00558	0.00420	0.00159	0.00417	0.00401	0.00481	0.00719
10	0.01253	0.01251	0.02229	0.06236	0.03316	0.04915	0.43133	0.01749	0.11754	0.05969	0.01315	0.06385	0.01068	0.00646	0.02029	0.00186	0.04940	0.00617	0.00327	0.00681
11	0.00973	0.00536	0.00547	0.00526	0.00666	0.00536	0.00399	0.05322	0.01170	0.01943	0.04424	0.02207	0.08304	0.00676	0.00397	0.00128	0.00259	0.00546	0.69945	0.00496
12	0.00726	0.00543	0.00809	0.00817	0.00905	0.00626	0.00630	0.00903	0.00835	0.01199	0.01472	0.07385	0.01425	0.03697	0.74588	0.00783	0.01302	0.00611	0.00288	0.00455
13	0.01263	0.01542	0.20357	0.03973	0.23035	0.01221	0.09943	0.15342	0.07021	0.01943	0.01471	0.01609	0.07777	0.00585	0.00525	0.00161	0.00622	0.00521	0.00332	0.00756
14	0.02903	0.01142	0.05059	0.26809	0.24368	0.03521	0.09343	0.01417	0.01093	0.01496	0.01129	0.01812	0.00998	0.02517	0.00664	0.00182	0.06077	0.08557	0.00269	0.00644
15	0.00871	0.00822	0.01539	0.05724	0.01603	0.00788	0.28409	0.01098	0.01057	0.01416	0.01983	0.40670	0.02174	0.06532	0.00762	0.00214	0.00544	0.02901	0.00372	0.00520
16	0.06320	0.01307	0.01881	0.05991	0.60196	0.08855	0.01419	0.01655	0.04449	0.01677	0.00979	0.01242	0.00810	0.00478	0.00493	0.00153	0.00622	0.00439	0.00269	0.00766
17	0.01255	0.01243	0.01727	0.07740	0.30393	0.08415	0.09336	0.01768	0.16108	0.01689	0.01301	0.01474	0.03415	0.00529	0.00504	0.00149	0.00592	0.00486	0.00319	0.11558
18	0.01017	0.04626	0.01037	0.00743	0.01095	0.00741	0.00584	0.03842	0.02534	0.01602	0.03162	0.01765	0.07704	0.09671	0.04052	0.00171	0.00437	0.00454	0.00332	0.54431
19	0.01304	0.66610	0.17764	0.00993	0.01495	0.01865	0.01078	0.01554	0.01051	0.01289	0.00754	0.00874	0.00657	0.00449	0.00360	0.00120	0.00590	0.00295	0.00219	0.00678

[dist]
# distance from previous block
# <min> <max>
0	2

[block]
# block no. 2 follows, 48 sequences, length 31
# corresponding to MSA columns:
# 82-112
name=unknown_C
#
# <colnr> <probs for GDERKNQSTAVLIFYWHMCP>
#	G	D	E	R	K	N	Q	S	T	A	V	L	I	F	Y	W	H	M	C	P
0	0.01126	0.01119	0.04235	0.30464	0.46084	0.01153	0.01480	0.01443	0.01107	0.01528	0.01032	0.05050	0.00883	0.00532	0.00516	0.00162	0.00626	0.00501	0.00254	0.00707
1	0.02166	0.00843	0.01147	0.00890	0.01263	0.00731	0.00731	0.02368	0.01467	0.72447	0.08648	0.01927	0.01579	0.00671	0.00524	0.00159	0.00420	0.00552	0.00629	0.00840
2	0.00631	0.00464	0.00582	0.00670	0.00725	0.00426	0.00452	0.00725	0.01011	0.01320	0.04662	0.62042	0.16630	0.06160	0.00758	0.00218	0.00301	0.01341	0.00469	0.00415
3	0.01199	0.09766	0.15517	0.01546	0.02001	0.01345	0.30509	0.01878	0.21243	0.01704	0.01284	0.01511	0.01000	0.00560	0.00592	0.00169	0.04745	0.02390	0.00320	0.00719
4	0.01456	0.01238	0.01664	0.01340	0.01536	0.01520	0.07271	0.26551	0.01391	0.05298	0.00948	0.01207	0.00774	0.00755	0.01156	0.00194	0.44202	0.00469	0.00341	0.00689
5	0.00728	0.00524	0.00737	0.00750	0.00812	0.00579	0.00545	0.00849	0.00821	0.01153	0.01576	0.11221	0.01635	0.20578	0.51880	0.03168	0.01035	0.00691	0.00304	0.00414
6	0.01201	0.01457	0.07412	0.02122	0.02655	0.01291	0.72592	0.01643	0.01204	0.01643	0.01031	0.01367	0.00771	0.00436	0.00599	0.00172	0.00859	0.00593	0.00257	0.00696
7	0.00979	0.00910	0.01549	0.73130	0.03344	0.01113	0.04670	0.01320	0.01037	0.01357	0.00957	0.01397	0.00721	0.00514	0.00509	0.00168	0.00669	0.00464	0.04623	0.00571
8	0.01730	0.01224	0.01304	0.01025	0.01371	0.01344	0.00838	0.60224	0.02116	0.02941	0.01330	0.01383	0.00971	0.00612	0.00479	0.00146	0.00492	0.00466	0.19218	0.00785
9	0.00636	0.00493	0.00584	0.00650	0.00752	0.00441	0.00471	0.00758	0.01085	0.01365	0.03876	0.40139	0.36913	0.01452	0.00638	0.00195	0.00298	0.08350	0.00476	0.00429
10	0.01199	0.01468	0.08040	0.02117	0.02651	0.01291	0.71974	0.01642	0.01203	0.01642	0.01030	0.01364	0.00770	0.00436	0.00598	0.00172	0.00858	0.00591	0.00257	0.00696
11	0.00623	0.00455	0.00586	0.00691	0.00738	0.00419	0.00466	0.00717	0.01005	0.01319	0.03114	0.72389	0.12453	0.01570	0.00649	0.00204	0.00293	0.01413	0.00476	0.00419
12	0.01737	0.20568	0.06857	0.01220	0.01567	0.51259	0.01024	0.07401	0.01406	0.01414	0.00815	0.00935	0.00675	0.00512	0.00438	0.00131	0.00802	0.00331	0.00269	0.00640
13	0.01303	0.01052	0.01186	0.00884	0.01311	0.00951	0.00713	0.21525	0.05420	0.02122	0.02986	0.01222	0.00933	0.00476	0.00428	0.00104	0.00427	0.00376	0.00378	0.56203
14	0.01201	0.01186	0.01839	0.31864	0.45735	0.06360	0.01481	0.01508	0.01134	0.01513	0.00934	0.01284	0.00755	0.00483	0.00507	0.00158	0.00658	0.00448	0.00245	0.00708
15	0.01211	0.01384	0.03028	0.02163	0.02682	0.01298	0.76903	0.01644	0.01211	0.01644	0.01038	0.01384	0.00779	0.00433	0.00606	0.00173	0.00865	0.00606	0.00260	0.00692
16	0.01370	0.01116	0.01270	0.05076	0.03755	0.03278	0.00836	0.18378	0.16467	0.05338	0.01359	0.01419	0.02986	0.00568	0.00527	0.00135	0.04465	0.00443	0.00401	0.30813
17	0.21593	0.40690	0.18206	0.00954	0.01428	0.01559	0.01006	0.01612	0.01038	0.06678	0.00843	0.00941	0.00672	0.00471	0.00372	0.00136	0.00549	0.00313	0.00270	0.00669
18	0.00683	0.00502	0.00640	0.00650	0.00751	0.00459	0.00470	0.00867	0.01284	0.01762	0.47898	0.26117	0.13538	0.01239	0.00619	0.00176	0.00260	0.01098	0.00529	0.00459
19	0.00627	0.00506	0.00558	0.00576	0.00714	0.00437	0.00420	0.00765	0.01173	0.01466	0.15136	0.19790	0.53388	0.01324	0.00616	0.00178	0.00265	0.01134	0.00489	0.00437
20	0.01255	0.02768	0.01328	0.05466	0.18064	0.07650	0.00950	0.01937	0.29798	0.06395	0.08046	0.06683	0.05991	0.00729	0.00529	0.00164	0.00484	0.00625	0.00426	0.00711
21	0.04338	0.43662	0.33176	0.01106	0.01666	0.01603	0.01267	0.01616	0.01073	0.05083	0.00858	0.00971	0.00680	0.00469	0.00401	0.00135	0.00622	0.00328	0.00241	0.00705
22	0.03820	0.00749	0.00936	0.00778	0.01041	0.00701	0.00620	0.08061	0.01481	0.32626	0.29796	0.02613	0.06530	0.00811	0.00535	0.00157	0.00351	0.00681	0.07042	0.00670
23	0.00956	0.00478	0.00478	0.00478	0.00598	0.00478	0.00359	0.01196	0.01076	0.01913	0.01674	0.01913	0.01315	0.00598	0.00359	0.00120	0.00239	0.00478	0.84816	0.00478
24	0.01144	0.01500	0.17480	0.17323	0.22726	0.01226	0.27948	0.01558	0.01139	0.01585	0.00972	0.01292	0.00744	0.00465	0.00539	0.00165	0.00742	0.00493	0.00244	0.00713
25	0.00641	0.00458	0.00614	0.00733	0.00770	0.00431	0.00504	0.00742	0.00998	0.01328	0.02819	0.75571	0.03358	0.01592	0.00659	0.00211	0.00312	0.07361	0.00476	0.00421
26	0.00624	0.00450	0.00592	0.00705	0.00742	0.00418	0.00472	0.00716	0.00992	0.01314	0.02948	0.77747	0.07202	0.01592	0.00652	0.00207	0.00296	0.01440	0.00476	0.00418
27	0.00719	0.00565	0.00676	0.00750	0.00820	0.03334	0.00529	0.00888	0.03845	0.01419	0.10293	0.57268	0.06131	0.01589	0.05195	0.00235	0.00387	0.04440	0.00467	0.00450
28	0.01175	0.21810	0.24331	0.01275	0.07406	0.06098	0.01213	0.04526	0.03438	0.01552	0.01367	0.04496	0.01294	0.00727	0.00504	0.00164	0.00610	0.17046	0.00309	0.00660
29	0.01265	0.46682	0.24486	0.01197	0.01714	0.03865	0.08480	0.01575	0.01073	0.01371	0.00804	0.00965	0.00668	0.00471	0.00453	0.00136	0.03543	0.00344	0.00224	0.00685
30	0.01492	0.15769	0.10582	0.01811	0.26870	0.16913	0.01241	0.10010	0.03455	0.04480	0.02141	0.01172	0.00842	0.00511	0.00468	0.00143	0.00656	0.00405	0.00300	0.00740

[dist]
# distance from previous block
# <min> <max>
3	7

[block]
# block no. 3 follows, 48 sequences, length 13
# corresponding to MSA columns:
# 120-132
name=unknown_D
#
# <colnr> <probs for GDERKNQSTAVLIFYWHMCP>
#	G	D	E	R	K	N	Q	S	T	A	V	L	I	F	Y	W	H	M	C	P
0	0.01115	0.00859	0.01112	0.01046	0.06933	0.00826	0.04237	0.08184	0.11625	0.05786	0.09741	0.16248	0.04928	0.00823	0.00525	0.00153	0.00403	0.02244	0.05043	0.18169
1	0.01384	0.13561	0.41226	0.01349	0.04274	0.08460	0.01445	0.17326	0.01398	0.03548	0.00970	0.01083	0.00717	0.00513	0.00469	0.00150	0.00692	0.00383	0.00293	0.00757
2	0.01137	0.01007	0.01633	0.35682	0.27594	0.01111	0.04231	0.06406	0.01181	0.01647	0.01087	0.01494	0.00869	0.00529	0.00501	0.00159	0.00601	0.02188	0.10281	0.00661
3	0.02206	0.00852	0.01160	0.00897	0.01277	0.00738	0.00738	0.02407	0.01468	0.74425	0.06685	0.01874	0.01488	0.00660	0.00521	0.00159	0.00425	0.00541	0.00631	0.00850
4	0.04544	0.01141	0.01768	0.06613	0.51511	0.01168	0.01317	0.10678	0.01341	0.06105	0.07768	0.01502	0.01178	0.00541	0.00511	0.00155	0.00559	0.00495	0.00334	0.00772
5	0.00799	0.00637	0.00911	0.00874	0.00938	0.00775	0.00675	0.00945	0.00807	0.01171	0.01292	0.02056	0.01264	0.14322	0.56117	0.00679	0.14451	0.00561	0.00272	0.00455
6	0.00891	0.00446	0.00668	0.00668	0.00668	0.00446	0.00446	0.00668	0.00668	0.00891	0.00891	0.01560	0.00891	0.01783	0.02005	0.85071	0.00446	0.00446	0.00223	0.00223
7	0.00796	0.00529	0.00679	0.00832	0.07458	0.00509	0.00526	0.00959	0.01041	0.01557	0.02391	0.42569	0.06521	0.01137	0.00536	0.00171	0.00302	0.01008	0.30006	0.00474
8	0.05179	0.46316	0.30509	0.01099	0.01642	0.04738	0.01239	0.01588	0.01066	0.01412	0.00792	0.00923	0.00651	0.00462	0.00392	0.00132	0.00633	0.00315	0.00225	0.00688
9	0.00694	0.00549	0.00841	0.00862	0.00950	0.00514	0.07823	0.00828	0.01025	0.01360	0.02736	0.65998	0.05867	0.01471	0.00652	0.00206	0.00363	0.06361	0.00455	0.00448
10	0.09527	0.00884	0.01153	0.00892	0.01282	0.00789	0.00737	0.02415	0.01417	0.72459	0.01911	0.01667	0.01208	0.00621	0.00499	0.00159	0.00433	0.00495	0.00608	0.00846
11	0.16444	0.01718	0.28583	0.01255	0.05828	0.05388	0.01210	0.10982	0.10957	0.11055	0.01194	0.01241	0.00858	0.00545	0.00468	0.00160	0.00589	0.00414	0.00363	0.00751
12	0.12660	0.12077	0.05211	0.01304	0.10478	0.05434	0.00999	0.31667	0.09769	0.03918	0.01135	0.01191	0.00857	0.00554	0.00460	0.00150	0.00554	0.00416	0.00396	0.00770

[dist]
# distance from previous block
# <min> <max>
1	4

[block]
# block no. 4 follows, 48 sequences, length 17
# corresponding to MSA columns:
# 137-153
name=unknown_E
#
# <colnr> <probs for GDERKNQSTAVLIFYWHMCP>
#	G	D	E	R	K	N	Q	S	T	A	V	L	I	F	Y	W	H	M	C	P
0	0.00810	0.00681	0.01039	0.14448	0.13700	0.00723	0.00842	0.00977	0.01009	0.01365	0.02103	0.51390	0.02394	0.01206	0.00660	0.00194	0.04477	0.01081	0.00387	0.00513
1	0.12183	0.01087	0.01277	0.06145	0.01456	0.08954	0.11463	0.13422	0.01383	0.01905	0.12253	0.02425	0.20265	0.00788	0.00561	0.00164	0.02620	0.00657	0.00399	0.00591
2	0.04663	0.19597	0.25247	0.01416	0.01924	0.18511	0.17165	0.03008	0.01197	0.01512	0.00870	0.01048	0.00681	0.00476	0.00466	0.00146	0.00754	0.00391	0.00246	0.00681
3	0.01617	0.07292	0.01575	0.01238	0.01483	0.24867	0.01002	0.22642	0.07232	0.01862	0.00973	0.01133	0.00791	0.00663	0.00814	0.00166	0.23214	0.00415	0.00338	0.00683
4	0.01166	0.28912	0.42268	0.01348	0.04902	0.01455	0.06363	0.01580	0.01081	0.01491	0.00861	0.01023	0.00673	0.00462	0.00438	0.00141	0.00672	0.00359	0.00226	0.04581
5	0.01392	0.00828	0.01182	0.01071	0.03902	0.00789	0.07173	0.03199	0.05107	0.26808	0.02354	0.29500	0.06943	0.01128	0.02754	0.00210	0.03572	0.00903	0.00510	0.00674
6	0.00707	0.00519	0.00666	0.00670	0.00784	0.00479	0.00506	0.00912	0.01320	0.01811	0.50555	0.15649	0.13599	0.01200	0.00623	0.00177	0.00276	0.08548	0.00531	0.00467
7	0.00708	0.00489	0.00603	0.00637	0.00660	0.00489	0.00401	0.00762	0.00846	0.01142	0.04284	0.26388	0.02344	0.47143	0.10470	0.00438	0.00527	0.00941	0.00364	0.00364
8	0.03940	0.03449	0.04059	0.01178	0.01572	0.15298	0.08576	0.15674	0.05065	0.33749	0.01463	0.01410	0.01000	0.00581	0.00505	0.00154	0.00602	0.00469	0.00471	0.00785
9	0.00643	0.00460	0.00614	0.00722	0.00763	0.00431	0.00496	0.00751	0.01025	0.01373	0.07995	0.72123	0.03468	0.01559	0.00654	0.00207	0.00304	0.05503	0.00482	0.00424
10	0.01107	0.01044	0.01774	0.54689	0.16490	0.01198	0.08500	0.06249	0.01157	0.01529	0.00954	0.01344	0.00727	0.00502	0.00521	0.00167	0.00680	0.00471	0.00254	0.00643
11	0.00708	0.00509	0.00687	0.00787	0.00862	0.00488	0.00603	0.00867	0.01105	0.01464	0.09801	0.43867	0.05952	0.01476	0.00669	0.00213	0.00356	0.28659	0.00483	0.00444
12	0.01124	0.01068	0.01793	0.29015	0.48173	0.01139	0.01443	0.01429	0.01121	0.01534	0.01237	0.01554	0.06085	0.00534	0.00516	0.00160	0.00611	0.00500	0.00260	0.00705
13	0.01000	0.00639	0.00909	0.00831	0.01001	0.00593	0.05453	0.03580	0.01293	0.13343	0.28501	0.28591	0.06499	0.01142	0.00610	0.00181	0.00351	0.04422	0.00517	0.00544
14	0.01516	0.01368	0.03958	0.06403	0.09343	0.20118	0.00989	0.04376	0.16696	0.14570	0.04116	0.02038	0.02555	0.00701	0.00528	0.00164	0.00592	0.08850	0.00417	0.00700
15	0.07057	0.01304	0.05551	0.01134	0.05155	0.20802	0.02345	0.02840	0.06124	0.07694	0.05859	0.24097	0.01778	0.00892	0.00596	0.00171	0.04883	0.00733	0.00389	0.00597
16	0.09663	0.01216	0.01847	0.04361	0.27835	0.02907	0.15066	0.13204	0.03673	0.04987	0.03625	0.01473	0.01006	0.00561	0.00570	0.00164	0.04299	0.02470	0.00338	0.00734

[dist]
# distance from previous block
# <min> <max>
0	24

[block]
# block no. 5 follows, 48 sequences, length 47
# corresponding to MSA columns:
# 178-224
name=unknown_F
#
# <colnr> <probs for GDERKNQSTAVLIFYWHMCP>
#	G	D	E	R	K	N	Q	S	T	A	V	L	I	F	Y	W	H	M	C	P
0	0.01579	0.11026	0.03957	0.01677	0.18170	0.43110	0.05466	0.01781	0.01302	0.01379	0.01034	0.02762	0.03491	0.00545	0.00475	0.00140	0.00771	0.00417	0.00267	0.00650
1	0.01289	0.01221	0.07551	0.01262	0.01605	0.03959	0.17085	0.13993	0.17752	0.06704	0.01795	0.17868	0.02839	0.00807	0.00564	0.00175	0.00554	0.01850	0.00428	0.00696
2	0.00802	0.00602	0.00759	0.00775	0.00897	0.00603	0.00593	0.01177	0.12176	0.01783	0.34612	0.21233	0.03631	0.02650	0.00661	0.00194	0.00327	0.15498	0.00516	0.00511
3	0.01090	0.02291	0.59766	0.01889	0.21592	0.01199	0.01815	0.01612	0.01105	0.01638	0.00932	0.01131	0.00691	0.00480	0.00493	0.00160	0.00721	0.00399	0.00226	0.00772
4	0.01147	0.25341	0.08112	0.00899	0.01196	0.01128	0.00818	0.06668	0.04240	0.07219	0.03257	0.22785	0.05949	0.00938	0.00519	0.00166	0.00460	0.08156	0.00394	0.00607
5	0.00635	0.00480	0.00588	0.00657	0.00741	0.00433	0.00462	0.00755	0.01088	0.01409	0.10629	0.49321	0.25826	0.01458	0.00637	0.00194	0.00286	0.03485	0.00485	0.00430
6	0.00673	0.00525	0.00622	0.00680	0.00808	0.00475	0.00531	0.00825	0.01135	0.01413	0.04013	0.20738	0.41853	0.01395	0.00645	0.00198	0.00328	0.22226	0.00475	0.00441
7	0.01019	0.00990	0.01686	0.01634	0.14718	0.01090	0.18057	0.01243	0.01043	0.01482	0.07382	0.18927	0.01654	0.00959	0.02933	0.00207	0.23317	0.00745	0.00320	0.00594
8	0.01258	0.01228	0.01993	0.12479	0.66748	0.04171	0.01535	0.01561	0.01162	0.01616	0.00952	0.01269	0.00791	0.00467	0.00507	0.00154	0.00630	0.00452	0.00251	0.00775
9	0.01048	0.02543	0.73332	0.01593	0.08145	0.01194	0.01871	0.01621	0.01090	0.01629	0.00924	0.01098	0.00663	0.00485	0.00489	0.00162	0.00747	0.00385	0.00220	0.00763
10	0.00622	0.00485	0.00565	0.00619	0.00722	0.00428	0.00436	0.00739	0.01097	0.01388	0.08269	0.41270	0.38670	0.01431	0.00629	0.00189	0.00277	0.01252	0.00481	0.00428
11	0.01024	0.00945	0.03949	0.01193	0.01452	0.02179	0.20772	0.08234	0.01251	0.04190	0.04888	0.27093	0.10234	0.01033	0.00639	0.00187	0.02575	0.07176	0.00412	0.00573
12	0.02091	0.07272	0.01333	0.00946	0.01334	0.02633	0.00788	0.10191	0.05941	0.57452	0.01884	0.01680	0.02789	0.00633	0.00502	0.00155	0.00464	0.00503	0.00573	0.00838
13	0.00997	0.00946	0.01565	0.69558	0.06391	0.01187	0.01401	0.01314	0.01008	0.01318	0.00890	0.01339	0.00688	0.00550	0.00631	0.00176	0.08780	0.00455	0.00229	0.00579
14	0.01064	0.00912	0.01064	0.00760	0.01216	0.00684	0.00608	0.01292	0.01064	0.01672	0.00912	0.01064	0.00760	0.00380	0.00380	0.00076	0.00380	0.00304	0.00304	0.85104
15	0.01293	0.01520	0.04386	0.01394	0.01623	0.26200	0.17339	0.01493	0.01140	0.01358	0.01226	0.17069	0.01230	0.00806	0.00817	0.00179	0.19413	0.00643	0.00294	0.00578
16	0.01389	0.63161	0.02322	0.00913	0.01300	0.09172	0.00858	0.04534	0.01123	0.01318	0.00821	0.00968	0.00733	0.00683	0.05542	0.00161	0.00627	0.00313	0.03423	0.00641
17	0.00953	0.00713	0.00866	0.00730	0.00973	0.00639	0.00563	0.03493	0.06751	0.04746	0.45030	0.02763	0.03171	0.02227	0.00566	0.00144	0.00313	0.00697	0.00485	0.24178
18	0.05892	0.01349	0.01656	0.01349	0.01627	0.19444	0.22019	0.05917	0.02535	0.04567	0.04386	0.17150	0.01442	0.00775	0.00647	0.00172	0.07437	0.00679	0.00349	0.00608
19	0.00680	0.00479	0.00620	0.00684	0.00756	0.00440	0.00475	0.00808	0.01112	0.03092	0.19301	0.55604	0.11168	0.01437	0.00637	0.00194	0.00285	0.01288	0.00499	0.00442
20	0.00999	0.00964	0.01693	0.71377	0.05377	0.01157	0.08512	0.01349	0.01047	0.01352	0.00925	0.01367	0.00696	0.00504	0.00522	0.00171	0.00699	0.00470	0.00232	0.00588
21	0.00686	0.00516	0.00635	0.00620	0.00746	0.00465	0.00459	0.00886	0.01336	0.01817	0.52763	0.11415	0.23444	0.01165	0.00610	0.00169	0.00252	0.01017	0.00534	0.00465
22	0.00991	0.00948	0.01623	0.61528	0.04837	0.01155	0.07202	0.01311	0.01012	0.01331	0.00935	0.01390	0.00732	0.00753	0.05790	0.00218	0.06960	0.00473	0.00234	0.00577
23	0.00625	0.00447	0.00595	0.00714	0.00744	0.00417	0.00476	0.00714	0.00982	0.01310	0.02828	0.81633	0.03394	0.01608	0.00655	0.00208	0.00298	0.01459	0.00476	0.00417
24	0.00703	0.00512	0.00668	0.00702	0.00801	0.00477	0.00528	0.00890	0.01249	0.01701	0.38354	0.26846	0.10303	0.01291	0.00636	0.00188	0.00296	0.12878	0.00517	0.00458
25	0.01075	0.14115	0.04860	0.45568	0.05401	0.01315	0.09879	0.01384	0.01039	0.01351	0.00934	0.03507	0.00769	0.00546	0.00577	0.00165	0.06199	0.00469	0.00237	0.00609
26	0.02823	0.01220	0.01231	0.01072	0.01281	0.13693	0.00854	0.20393	0.08560	0.01874	0.01209	0.01467	0.01000	0.01483	0.21117	0.00334	0.13621	0.00470	0.05661	0.00636
27	0.00735	0.00532	0.00741	0.00743	0.00806	0.00594	0.00539	0.00861	0.00804	0.01135	0.01475	0.03949	0.01498	0.27203	0.55251	0.00715	0.01091	0.00626	0.00290	0.00413
28	0.00684	0.00509	0.00641	0.00679	0.00776	0.00472	0.00494	0.00870	0.02703	0.01619	0.30020	0.34654	0.16481	0.01327	0.00630	0.00187	0.00285	0.06007	0.00508	0.00455
29	0.01095	0.18050	0.64493	0.01349	0.02046	0.01354	0.01699	0.01608	0.01075	0.01544	0.00881	0.01033	0.00652	0.00478	0.00457	0.00152	0.00718	0.00359	0.00217	0.00739
30	0.01261	0.01679	0.22768	0.02347	0.38074	0.03467	0.14285	0.06805	0.01247	0.01752	0.00979	0.01227	0.00763	0.00474	0.00518	0.00158	0.00698	0.00458	0.00263	0.00776
31	0.01425	0.04733	0.01917	0.02545	0.54357	0.20956	0.01382	0.01679	0.01235	0.01549	0.00957	0.01281	0.00823	0.00499	0.00495	0.00148	0.00683	0.02333	0.00261	0.00743
32	0.01218	0.02783	0.02256	0.15420	0.42693	0.02608	0.22339	0.01558	0.01160	0.01592	0.00969	0.01303	0.00777	0.00460	0.00532	0.00160	0.00697	0.00492	0.00251	0.00733
33	0.00652	0.00509	0.00614	0.00656	0.00745	0.00477	0.00465	0.00769	0.01083	0.01400	0.11097	0.40011	0.31136	0.03898	0.00733	0.00200	0.03447	0.01206	0.00470	0.00432
34	0.01072	0.38416	0.19974	0.00944	0.01339	0.01345	0.00978	0.01316	0.01043	0.01346	0.04152	0.14850	0.04441	0.06019	0.00591	0.00168	0.00530	0.00584	0.00290	0.00603
35	0.01243	0.26792	0.30176	0.01489	0.04163	0.06609	0.19521	0.01628	0.01128	0.01478	0.00878	0.01070	0.00689	0.00461	0.00466	0.00147	0.00726	0.00400	0.00232	0.00703
36	0.05228	0.00877	0.01175	0.00905	0.01299	0.00768	0.00747	0.02466	0.01448	0.76423	0.01978	0.01714	0.01245	0.00629	0.00509	0.00159	0.00435	0.00508	0.00624	0.00862
37	0.00743	0.00496	0.00560	0.00563	0.00564	0.00496	0.00315	0.00745	0.00752	0.01002	0.01645	0.05187	0.01901	0.80090	0.02566	0.00491	0.00493	0.00763	0.00315	0.00313
38	0.01544	0.01753	0.01805	0.05121	0.31997	0.35687	0.06187	0.02975	0.03041	0.01499	0.00914	0.01140	0.00753	0.00509	0.00528	0.00148	0.03022	0.00414	0.00267	0.00694
39	0.00734	0.00548	0.00814	0.00814	0.00902	0.00636	0.00628	0.00910	0.00822	0.01183	0.01384	0.02068	0.01306	0.06908	0.76905	0.00812	0.01340	0.00557	0.00276	0.00452
40	0.01532	0.00678	0.00873	0.00730	0.00982	0.00611	0.00581	0.01753	0.01365	0.38591	0.22766	0.02357	0.02254	0.00738	0.00500	0.00150	0.00334	0.00619	0.21919	0.00667
41	0.00782	0.00602	0.00809	0.00786	0.00830	0.00698	0.00571	0.00882	0.00808	0.01137	0.01539	0.07069	0.03290	0.31755	0.34676	0.00573	0.11809	0.00673	0.00297	0.00416
42	0.01252	0.06019	0.17504	0.05644	0.32370	0.09412	0.14729	0.01608	0.01176	0.01567	0.01061	0.01306	0.03047	0.00493	0.00510	0.00155	0.00706	0.00463	0.00252	0.00728
43	0.00949	0.00681	0.00805	0.00787	0.00938	0.00698	0.00576	0.01451	0.22505	0.07100	0.17109	0.29932	0.06992	0.06163	0.00718	0.00202	0.00337	0.00982	0.00507	0.00566
44	0.01029	0.02654	0.79309	0.01462	0.02221	0.01192	0.01896	0.01625	0.01083	0.01625	0.00921	0.01083	0.00650	0.00487	0.00487	0.00162	0.00758	0.00379	0.00217	0.00758
45	0.00778	0.00578	0.00808	0.00967	0.05980	0.00563	0.00710	0.00961	0.01120	0.01484	0.07887	0.27550	0.05744	0.05057	0.00756	0.00227	0.00408	0.37494	0.00458	0.00470
46	0.02592	0.07632	0.32989	0.01766	0.22897	0.04865	0.01453	0.09402	0.01249	0.01755	0.01081	0.06390	0.00909	0.00566	0.00489	0.00156	0.00644	0.00470	0.01956	0.00739

[dist]
# distance from previous block
# <min> <max>
4	21

[block]
# block no. 6 follows, 48 sequences, length 19
# corresponding to MSA columns:
# 246-264
name=unknown_G
#
# <colnr> <probs for GDERKNQSTAVLIFYWHMCP>
#	G	D	E	R	K	N	Q	S	T	A	V	L	I	F	Y	W	H	M	C	P
0	0.01445	0.01079	0.01358	0.01111	0.01415	0.01139	0.08241	0.38922	0.03059	0.04538	0.04790	0.09983	0.04522	0.00872	0.00598	0.02095	0.00513	0.10561	0.03061	0.00698
1	0.01316	0.01455	0.02569	0.01898	0.02349	0.10494	0.56842	0.06671	0.02700	0.01701	0.01148	0.03106	0.00929	0.00526	0.00586	0.00170	0.00816	0.03747	0.00295	0.00680
2	0.01819	0.01348	0.01413	0.01107	0.01475	0.03623	0.00905	0.65795	0.02222	0.03001	0.01309	0.03749	0.00984	0.00642	0.00502	0.00152	0.00537	0.00490	0.08112	0.00815
3	0.01417	0.01108	0.01108	0.00931	0.01220	0.07451	0.00738	0.31705	0.07702	0.07077	0.06174	0.06440	0.22997	0.00877	0.00547	0.00163	0.00460	0.00709	0.00492	0.00681
4	0.01100	0.17147	0.62053	0.01386	0.02075	0.01349	0.04913	0.01610	0.01081	0.01549	0.00888	0.01049	0.00657	0.00476	0.00464	0.00153	0.00725	0.00370	0.00219	0.00737
5	0.00891	0.00446	0.00668	0.00668	0.00668	0.00446	0.00446	0.00668	0.00668	0.00891	0.00891	0.01560	0.00891	0.01783	0.02005	0.85071	0.00446	0.00446	0.00223	0.00223
6	0.01011	0.00709	0.00938	0.00884	0.01051	0.00799	0.00692	0.01488	0.18622	0.09022	0.01602	0.01966	0.01347	0.02809	0.53892	0.00610	0.01060	0.00553	0.00367	0.00580
7	0.03873	0.11556	0.22821	0.03285	0.01761	0.45394	0.01224	0.01841	0.01279	0.01381	0.00820	0.00965	0.00655	0.00505	0.00451	0.00140	0.00816	0.00339	0.00247	0.00645
8	0.13452	0.00761	0.00852	0.00767	0.00992	0.02691	0.02383	0.02850	0.05466	0.12412	0.22626	0.05149	0.20183	0.00952	0.00550	0.00170	0.00361	0.06325	0.00490	0.00567
9	0.00695	0.00526	0.00645	0.00637	0.00770	0.00476	0.00486	0.00896	0.01323	0.01777	0.46397	0.07506	0.26898	0.01181	0.00617	0.00174	0.00271	0.07734	0.00526	0.00465
10	0.01306	0.04103	0.00945	0.00775	0.00917	0.00691	0.00575	0.08553	0.01026	0.17561	0.01182	0.01604	0.00996	0.04410	0.01499	0.52145	0.00462	0.00466	0.00341	0.00445
11	0.01142	0.01048	0.01028	0.06053	0.01289	0.13983	0.00771	0.08858	0.15127	0.01744	0.10126	0.24259	0.02296	0.01017	0.00577	0.00180	0.00486	0.08988	0.00446	0.00585
12	0.00849	0.00603	0.00785	0.00806	0.00940	0.00595	0.00646	0.01180	0.08194	0.04113	0.33318	0.12873	0.03590	0.01201	0.00638	0.00195	0.00353	0.28087	0.00520	0.00514
13	0.00629	0.00455	0.00595	0.00698	0.00742	0.00421	0.00471	0.00729	0.01018	0.01352	0.06738	0.72657	0.08482	0.01559	0.00649	0.00204	0.00292	0.01407	0.00481	0.00421
14	0.03432	0.01217	0.01331	0.02897	0.01468	0.08034	0.04841	0.22035	0.24150	0.13897	0.03630	0.04801	0.02595	0.02605	0.00571	0.00171	0.00520	0.00565	0.00483	0.00759
15	0.01253	0.01213	0.02103	0.06788	0.71450	0.01219	0.05271	0.01566	0.01164	0.01657	0.00966	0.01280	0.00805	0.00459	0.00513	0.00154	0.00626	0.00464	0.00253	0.00795
16	0.00780	0.00565	0.00786	0.00838	0.02996	0.00609	0.00621	0.02556	0.00965	0.01373	0.01935	0.15340	0.05436	0.04058	0.43235	0.00534	0.00903	0.07794	0.08204	0.00469
17	0.01182	0.02062	0.53638	0.01262	0.01862	0.01077	0.01497	0.06323	0.03412	0.09486	0.10343	0.01526	0.01264	0.00585	0.00504	0.00161	0.00633	0.00471	0.01974	0.00740
18	0.06512	0.05277	0.20771	0.01483	0.05612	0.01155	0.20991	0.06123	0.02852	0.01716	0.02604	0.08212	0.01243	0.00758	0.02336	0.00189	0.03637	0.07553	0.00314	0.00661

[dist]
# distance from previous block
# <min> <max>
7	14

[block]
# block no. 7 follows, 48 sequences, length 19
# corresponding to MSA columns:
# 281-299
name=unknown_H
#
# <colnr> <probs for GDERKNQSTAVLIFYWHMCP>
#	G	D	E	R	K	N	Q	S	T	A	V	L	I	F	Y	W	H	M	C	P
0	0.01346	0.13902	0.11730	0.22643	0.02094	0.15651	0.01160	0.07623	0.01234	0.03774	0.00910	0.01122	0.00712	0.00512	0.00501	0.00143	0.03694	0.00379	0.00275	0.10595
1	0.00741	0.00520	0.00673	0.00673	0.00712	0.00559	0.00452	0.00819	0.00780	0.01079	0.01513	0.02784	0.01616	0.48579	0.35660	0.00637	0.00872	0.00662	0.00296	0.00374
2	0.00860	0.00466	0.00700	0.00700	0.00718	0.00485	0.00485	0.00718	0.00700	0.00951	0.00988	0.01651	0.00970	0.02196	0.17613	0.68199	0.00632	0.00466	0.00233	0.00270
3	0.00854	0.00869	0.05064	0.01184	0.01363	0.00825	0.18888	0.01056	0.01010	0.01390	0.01973	0.45144	0.02203	0.01258	0.03563	0.00222	0.11204	0.01038	0.00372	0.00519
4	0.00630	0.00452	0.00591	0.00700	0.00734	0.00421	0.00466	0.00717	0.00979	0.01299	0.02864	0.75242	0.06170	0.05177	0.00740	0.00220	0.00305	0.01413	0.00469	0.00413
5	0.01343	0.00832	0.01260	0.01067	0.01327	0.00794	0.12492	0.06129	0.06369	0.24136	0.02162	0.29180	0.02060	0.01006	0.00594	0.00185	0.00465	0.07455	0.00494	0.00651
6	0.01124	0.00611	0.00777	0.00746	0.00920	0.00554	0.00553	0.01316	0.04456	0.23199	0.06320	0.38713	0.16218	0.01216	0.00599	0.00185	0.00332	0.01066	0.00527	0.00567
7	0.00834	0.00713	0.00884	0.00842	0.00952	0.00794	0.00664	0.05022	0.01105	0.01447	0.03144	0.18900	0.32811	0.01233	0.00892	0.00198	0.20621	0.08039	0.00415	0.00490
8	0.01166	0.00752	0.00837	0.00758	0.00971	0.00790	0.00587	0.01823	0.28240	0.10667	0.15763	0.02355	0.04990	0.00744	0.00488	0.00153	0.00321	0.00622	0.27334	0.00640
9	0.00638	0.00452	0.00587	0.00693	0.00732	0.00422	0.00464	0.00731	0.00987	0.01322	0.02865	0.73241	0.06759	0.04061	0.00705	0.00213	0.00300	0.01389	0.03023	0.00416
10	0.01254	0.54990	0.28947	0.01078	0.01627	0.01743	0.01227	0.01567	0.01057	0.01350	0.00784	0.00912	0.00656	0.00456	0.00383	0.00128	0.00621	0.00310	0.00219	0.00693
11	0.00969	0.00912	0.01539	0.80734	0.03534	0.01140	0.01425	0.01311	0.01026	0.01311	0.00912	0.01368	0.00684	0.00513	0.00513	0.00171	0.00684	0.00456	0.00228	0.00570
12	0.00945	0.00958	0.01923	0.01505	0.01801	0.00897	0.42178	0.01221	0.01107	0.01492	0.01851	0.37846	0.01967	0.00966	0.00628	0.00189	0.00607	0.00993	0.00358	0.00567
13	0.00726	0.00555	0.00677	0.00687	0.00822	0.00519	0.00531	0.00978	0.04920	0.01709	0.33606	0.11692	0.25374	0.01220	0.00624	0.00183	0.00300	0.13887	0.00513	0.00477
14	0.01200	0.01358	0.05275	0.01642	0.02017	0.10991	0.40813	0.04330	0.01175	0.01532	0.01083	0.01457	0.00883	0.01305	0.20092	0.00328	0.03080	0.00539	0.00271	0.00628
15	0.00625	0.00468	0.00574	0.00658	0.00724	0.00424	0.00447	0.00721	0.01021	0.01317	0.03391	0.58664	0.22745	0.04772	0.00721	0.00211	0.00296	0.01333	0.00470	0.00417
16	0.01904	0.01693	0.01472	0.01198	0.01553	0.25228	0.00957	0.48151	0.03999	0.05018	0.03082	0.01238	0.00939	0.00603	0.00501	0.00148	0.00658	0.00439	0.00443	0.00777
17	0.00659	0.00461	0.00585	0.00671	0.00692	0.00440	0.00430	0.00723	0.00916	0.01221	0.02486	0.59509	0.02962	0.24321	0.01208	0.00290	0.00354	0.01257	0.00430	0.00387
18	0.03156	0.04441	0.22474	0.01222	0.01619	0.01056	0.12180	0.07839	0.11602	0.03535	0.01667	0.23722	0.01589	0.00832	0.00549	0.00176	0.00557	0.00744	0.00374	0.00664

[dist]
# distance from previous block
# <min> <max>
0	9

[block]
# block no. 8 follows, 48 sequences, length 27
# corresponding to MSA columns:
# 309-335
name=unknown_I
#
# <colnr> <probs for GDERKNQSTAVLIFYWHMCP>
#	G	D	E	R	K	N	Q	S	T	A	V	L	I	F	Y	W	H	M	C	P
0	0.23955	0.01210	0.03731	0.21580	0.04242	0.06513	0.06198	0.11576	0.05990	0.06661	0.01044	0.01216	0.00774	0.00525	0.00460	0.00159	0.00580	0.00416	0.00339	0.02831
1	0.16147	0.01425	0.01371	0.01224	0.06962	0.13881	0.00918	0.34476	0.04696	0.04773	0.02990	0.01215	0.00907	0.00585	0.00515	0.00153	0.03644	0.00422	0.00409	0.03287
2	0.27979	0.06003	0.01236	0.00992	0.01305	0.26843	0.00791	0.14719	0.03907	0.04964	0.00985	0.01071	0.00759	0.00536	0.00416	0.00145	0.00598	0.00358	0.05750	0.00644
3	0.00803	0.00571	0.00721	0.00794	0.00881	0.00533	0.00573	0.00953	0.03481	0.03240	0.09567	0.51795	0.10162	0.01493	0.00679	0.00217	0.00350	0.12178	0.00513	0.00497
4	0.12643	0.01110	0.01370	0.02957	0.25143	0.05998	0.00984	0.04122	0.11854	0.14884	0.01567	0.04756	0.05325	0.00622	0.00489	0.00156	0.00501	0.00520	0.00395	0.04602
5	0.01103	0.19874	0.62738	0.01336	0.02025	0.01373	0.01676	0.01606	0.01074	0.01535	0.00876	0.01027	0.00652	0.00477	0.00453	0.00151	0.00713	0.00356	0.00217	0.00737
6	0.04448	0.00940	0.00983	0.00843	0.01111	0.01003	0.00668	0.24677	0.17939	0.02238	0.06424	0.02634	0.23741	0.00845	0.00523	0.00161	0.00387	0.00685	0.09089	0.00661
7	0.03109	0.01035	0.02581	0.00960	0.01310	0.01020	0.00789	0.21435	0.13779	0.33331	0.04186	0.04309	0.08346	0.00735	0.00527	0.00163	0.00444	0.00596	0.00552	0.00792
8	0.01719	0.01611	0.01635	0.01358	0.03216	0.25340	0.10739	0.20366	0.11455	0.09700	0.01217	0.01290	0.00909	0.00595	0.00596	0.00158	0.06510	0.00460	0.00392	0.00733
9	0.01025	0.00975	0.01756	0.01796	0.21386	0.00969	0.22938	0.02621	0.01095	0.01511	0.01547	0.20651	0.01580	0.06641	0.05264	0.00239	0.03845	0.03228	0.00324	0.00609
10	0.00624	0.00450	0.00591	0.00704	0.00742	0.00418	0.00472	0.00716	0.00992	0.01314	0.02950	0.77692	0.07256	0.01592	0.00652	0.00207	0.00296	0.01439	0.00476	0.00418
11	0.00742	0.00501	0.00585	0.00588	0.00597	0.00509	0.00345	0.00761	0.00759	0.01021	0.01624	0.05153	0.01850	0.72861	0.09628	0.00520	0.00573	0.00746	0.00312	0.00327
12	0.01217	0.01517	0.14193	0.26712	0.28078	0.12013	0.04506	0.01560	0.01152	0.01493	0.00951	0.01306	0.00761	0.00505	0.00507	0.00159	0.00708	0.01728	0.00245	0.00688
13	0.00646	0.00455	0.00589	0.00688	0.00713	0.00431	0.00448	0.00720	0.00942	0.01256	0.02621	0.68272	0.03133	0.15324	0.00989	0.00258	0.00332	0.01337	0.00448	0.00399
14	0.01388	0.79908	0.02652	0.00891	0.01325	0.04341	0.00881	0.01552	0.01055	0.01209	0.00716	0.00826	0.00659	0.00442	0.00333	0.00110	0.00560	0.00276	0.00221	0.00657
15	0.01211	0.01384	0.03028	0.02163	0.02682	0.01298	0.76903	0.01644	0.01211	0.01644	0.01038	0.01384	0.00779	0.00433	0.00606	0.00173	0.00865	0.00606	0.00260	0.00692
16	0.00911	0.00773	0.00941	0.00912	0.01044	0.04862	0.00709	0.01327	0.15596	0.01395	0.01568	0.06426	0.01442	0.02757	0.50738	0.00589	0.04513	0.02629	0.00336	0.00535
17	0.00631	0.00451	0.00601	0.00710	0.00746	0.00421	0.00477	0.00729	0.01010	0.01354	0.07270	0.77065	0.03479	0.01575	0.00652	0.00206	0.00294	0.01428	0.00482	0.00421
18	0.00975	0.00919	0.01417	0.13893	0.01651	0.03403	0.12585	0.01161	0.00914	0.01254	0.01152	0.04005	0.01124	0.18567	0.14954	0.00366	0.20306	0.00579	0.00266	0.00509
19	0.01222	0.01209	0.02190	0.02816	0.59123	0.01190	0.16673	0.01541	0.01167	0.01649	0.01083	0.05756	0.00949	0.00516	0.00536	0.00160	0.00644	0.00543	0.00267	0.00766
20	0.00795	0.00522	0.00621	0.00597	0.00659	0.00500	0.00385	0.00883	0.01011	0.04468	0.24942	0.03522	0.06933	0.49965	0.01815	0.00365	0.00405	0.00810	0.00409	0.00392
21	0.04699	0.01319	0.01365	0.01084	0.01458	0.08210	0.00881	0.41256	0.08351	0.21626	0.03550	0.01447	0.01108	0.00627	0.00506	0.00155	0.00537	0.00480	0.00517	0.00822
22	0.01206	0.05861	0.23131	0.01458	0.01908	0.11580	0.22005	0.04484	0.05298	0.01610	0.01328	0.09941	0.01196	0.00675	0.00545	0.00169	0.00704	0.05930	0.00308	0.00664
23	0.03589	0.01026	0.09769	0.01520	0.24010	0.00853	0.00991	0.04033	0.03329	0.05662	0.09596	0.20365	0.11337	0.00907	0.00556	0.00171	0.00453	0.00802	0.00397	0.00635
24	0.31259	0.00957	0.01029	0.00981	0.06662	0.01030	0.00720	0.14573	0.01298	0.11489	0.05276	0.08727	0.09365	0.00748	0.00516	0.00166	0.03564	0.00577	0.00424	0.00639
25	0.01226	0.34219	0.15439	0.22670	0.06387	0.03538	0.01238	0.04508	0.01118	0.01430	0.00846	0.01066	0.00684	0.00476	0.00428	0.00139	0.00630	0.00361	0.00239	0.03358
26	0.01472	0.01546	0.01652	0.14264	0.20013	0.28766	0.06789	0.05283	0.01298	0.04586	0.01061	0.01482	0.00899	0.05049	0.00625	0.00172	0.00731	0.03365	0.00293	0.00653

[dist]
# distance from previous block
# <min> <max>
4	10

[block]
# block no. 9 follows, 48 sequences, length 30
# corresponding to MSA columns:
# 347-376
name=unknown_J
#
# <colnr> <probs for GDERKNQSTAVLIFYWHMCP>
#	G	D	E	R	K	N	Q	S	T	A	V	L	I	F	Y	W	H	M	C	P
0	0.01121	0.01052	0.01708	0.31237	0.37528	0.01145	0.01371	0.03229	0.01123	0.01542	0.01182	0.01502	0.05284	0.00548	0.00565	0.00160	0.04396	0.00486	0.00265	0.04555
1	0.04190	0.12081	0.40130	0.01585	0.05623	0.01310	0.20388	0.01583	0.01111	0.01609	0.03291	0.01211	0.00816	0.00492	0.00522	0.00159	0.02502	0.00441	0.00244	0.00712
2	0.00699	0.00496	0.00664	0.00772	0.00826	0.00479	0.00570	0.00826	0.01022	0.01351	0.02680	0.50648	0.03113	0.09097	0.00855	0.00244	0.00371	0.24403	0.00460	0.00424
3	0.01357	0.00883	0.01302	0.01073	0.01271	0.00964	0.07347	0.01551	0.01197	0.25034	0.18305	0.06721	0.04178	0.00864	0.00912	0.00184	0.25110	0.00664	0.00448	0.00638
4	0.01239	0.14095	0.23736	0.01701	0.06597	0.08576	0.29521	0.01625	0.01153	0.01520	0.00955	0.02780	0.00766	0.00496	0.00545	0.00158	0.03127	0.00471	0.00245	0.00694
