[name]
unknown

[dist]
# distance from previous block
# <min> <max>
0	605

[block]
# block no. 0 follows, 44 sequences, length 26
# corresponding to MSA columns:
# 663-688
name=unknown_A
#
# <colnr> <probs for GDERKNQSTAVLIFYWHMCP>
#	G	D	E	R	K	N	Q	S	T	A	V	L	I	F	Y	W	H	M	C	P
0	0.00879	0.00628	0.00879	0.01004	0.01130	0.00628	0.00879	0.01130	0.01255	0.01632	0.02887	0.06150	0.03138	0.01506	0.00753	0.00251	0.00502	0.73770	0.00502	0.00502
1	0.01130	0.00969	0.01130	0.00807	0.01292	0.00727	0.00646	0.01373	0.01130	0.01776	0.00969	0.01130	0.00807	0.00404	0.00404	0.00081	0.00404	0.00323	0.00323	0.84173
2	0.02072	0.01527	0.01636	0.01254	0.01691	0.01691	0.01036	0.75622	0.02563	0.03436	0.01309	0.01309	0.00927	0.00654	0.00545	0.00164	0.00600	0.00491	0.00545	0.00927
3	0.00692	0.00486	0.00624	0.00723	0.00748	0.00461	0.00468	0.00766	0.00989	0.01319	0.02726	0.63829	0.03254	0.18844	0.01146	0.00288	0.00362	0.01386	0.00468	0.00418
4	0.10411	0.00979	0.01542	0.70692	0.03452	0.01213	0.01410	0.01416	0.01072	0.01511	0.00945	0.01390	0.00711	0.00541	0.00522	0.00180	0.00693	0.00463	0.00253	0.00604
5	0.01287	0.01471	0.03217	0.02298	0.02849	0.01379	0.75460	0.01746	0.01287	0.01746	0.01103	0.01471	0.00827	0.00460	0.00643	0.00184	0.00919	0.00643	0.00276	0.00735
6	0.01325	0.01271	0.02169	0.09075	0.71898	0.01289	0.01661	0.01652	0.01230	0.01752	0.01021	0.01357	0.00853	0.00490	0.00540	0.00163	0.00654	0.00486	0.00268	0.00844
7	0.00772	0.00557	0.00729	0.00686	0.00814	0.00514	0.00514	0.01029	0.01543	0.02186	0.77152	0.04072	0.05144	0.01115	0.00643	0.00171	0.00257	0.00986	0.00600	0.00514
8	0.01347	0.01126	0.01192	0.01063	0.01346	0.01288	0.00816	0.08130	0.62414	0.02230	0.02094	0.02151	0.01644	0.09715	0.00803	0.00222	0.00455	0.00627	0.00529	0.00808
9	0.10701	0.01158	0.01184	0.01065	0.01377	0.01341	0.00832	0.02752	0.67985	0.02299	0.02055	0.01905	0.01544	0.00713	0.00530	0.00183	0.00430	0.00580	0.00530	0.00832
10	0.00779	0.00584	0.00876	0.00876	0.00974	0.00681	0.00681	0.00974	0.00876	0.01266	0.01460	0.02142	0.01363	0.04089	0.78680	0.00876	0.01460	0.00584	0.00292	0.00487
11	0.00793	0.00529	0.00595	0.00595	0.00595	0.00529	0.00330	0.00793	0.00793	0.01057	0.01718	0.03568	0.01982	0.80840	0.02775	0.00529	0.00529	0.00793	0.00330	0.00330
12	0.01030	0.00969	0.01635	0.79530	0.03755	0.01211	0.01514	0.01393	0.01090	0.01393	0.00969	0.01453	0.00727	0.00545	0.00545	0.00182	0.00727	0.00484	0.00242	0.00606
13	0.01287	0.01471	0.03217	0.02298	0.02849	0.01379	0.75460	0.01746	0.01287	0.01746	0.01103	0.01471	0.00827	0.00460	0.00643	0.00184	0.00919	0.00643	0.00276	0.00735
14	0.00674	0.00478	0.00630	0.00747	0.00776	0.00449	0.00493	0.00762	0.01025	0.01367	0.02911	0.74879	0.03487	0.07475	0.00847	0.00244	0.00332	0.01495	0.00493	0.00435
15	0.02072	0.01527	0.01636	0.01254	0.01691	0.01691	0.01036	0.75622	0.02563	0.03436	0.01309	0.01309	0.00927	0.00654	0.00545	0.00164	0.00600	0.00491	0.00545	0.00927
16	0.00793	0.00529	0.00595	0.00595	0.00595	0.00529	0.00330	0.00793	0.00793	0.01057	0.01718	0.03568	0.01982	0.80840	0.02775	0.00529	0.00529	0.00793	0.00330	0.00330
17	0.00674	0.00553	0.00594	0.00584	0.00755	0.00473	0.00438	0.00840	0.01313	0.01640	0.22345	0.04971	0.60291	0.01318	0.00644	0.00181	0.00272	0.01112	0.00528	0.00473
18	0.02365	0.01058	0.01346	0.01032	0.01456	0.00994	0.00852	0.18457	0.01778	0.61710	0.01968	0.01737	0.01258	0.00670	0.00548	0.00168	0.00493	0.00536	0.00647	0.00928
19	0.01120	0.08530	0.72538	0.01509	0.02290	0.01331	0.01935	0.01720	0.01148	0.01694	0.00962	0.01131	0.00691	0.00514	0.00506	0.00169	0.00789	0.00395	0.00230	0.00798
20	0.01101	0.00969	0.01277	0.23592	0.02005	0.00867	0.00897	0.01379	0.01119	0.01665	0.00969	0.01224	0.00784	0.00445	0.00445	0.00110	0.00497	0.00370	0.00300	0.59986
21	0.01203	0.18593	0.07460	0.50952	0.02987	0.07244	0.01390	0.01528	0.01133	0.01389	0.00914	0.01271	0.00716	0.00527	0.00497	0.00164	0.00721	0.00427	0.00242	0.00643
22	0.01312	0.25974	0.33387	0.01446	0.02064	0.01564	0.14537	0.07245	0.01267	0.01727	0.00959	0.01135	0.00740	0.00498	0.00487	0.00153	0.00727	0.00415	0.00267	0.04094
23	0.37539	0.01263	0.09837	0.29596	0.02241	0.01265	0.01126	0.08056	0.01156	0.02068	0.00909	0.01160	0.00681	0.00535	0.00452	0.00173	0.00592	0.00394	0.00309	0.00650
24	0.15329	0.01116	0.06938	0.24609	0.02001	0.03485	0.00988	0.03756	0.01177	0.01782	0.04614	0.01904	0.12027	0.00656	0.00496	0.00156	0.00535	0.00526	0.00337	0.17568
25	0.01186	0.07109	0.01803	0.33615	0.19670	0.01233	0.04253	0.01595	0.06634	0.01619	0.01062	0.01372	0.00842	0.00511	0.00509	0.00155	0.00627	0.00458	0.00286	0.15460

[dist]
# distance from previous block
# <min> <max>
0	12

[block]
# block no. 1 follows, 44 sequences, length 19
# corresponding to MSA columns:
# 701-719
name=unknown_B
#
# <colnr> <probs for GDERKNQSTAVLIFYWHMCP>
#	G	D	E	R	K	N	Q	S	T	A	V	L	I	F	Y	W	H	M	C	P
0	0.01173	0.18739	0.09130	0.00933	0.01360	0.01113	0.00871	0.06090	0.01265	0.01753	0.05879	0.02125	0.07129	0.00682	0.00483	0.00135	0.00488	0.08544	0.00358	0.31752
1	0.09891	0.28720	0.05619	0.00964	0.01383	0.01420	0.00880	0.05385	0.10550	0.22395	0.01668	0.01608	0.06080	0.00632	0.00465	0.00154	0.00508	0.00473	0.00435	0.00771
2	0.04494	0.37013	0.09635	0.01154	0.01584	0.22864	0.01063	0.07498	0.07097	0.01620	0.00956	0.01054	0.00787	0.00534	0.00435	0.00139	0.00699	0.00359	0.00298	0.00718
3	0.55060	0.02990	0.10722	0.01078	0.01508	0.01262	0.12062	0.03460	0.01070	0.03842	0.00897	0.01055	0.00678	0.00509	0.00416	0.00170	0.00550	0.00374	0.01644	0.00655
4	0.01671	0.01399	0.01195	0.01012	0.01296	0.19285	0.00796	0.30729	0.01796	0.02421	0.01374	0.01502	0.01050	0.00626	0.00472	0.00145	0.00561	0.00465	0.31505	0.00702
5	0.00793	0.00529	0.00595	0.00595	0.00595	0.00529	0.00330	0.00793	0.00793	0.01057	0.01718	0.03568	0.01982	0.80840	0.02775	0.00529	0.00529	0.00793	0.00330	0.00330
6	0.00697	0.00565	0.00626	0.00640	0.00808	0.00493	0.00500	0.00868	0.01282	0.01586	0.13907	0.05246	0.56604	0.01368	0.00661	0.00193	0.00310	0.12656	0.00517	0.00474
7	0.01256	0.01078	0.01140	0.01033	0.01319	0.01224	0.00801	0.02591	0.65104	0.02198	0.06702	0.02454	0.09074	0.00822	0.00568	0.00184	0.00407	0.00688	0.00553	0.00805
8	0.01275	0.01219	0.02079	0.21055	0.60312	0.01276	0.01636	0.01608	0.01206	0.01691	0.01012	0.01374	0.00832	0.00500	0.00541	0.00167	0.00666	0.00485	0.00263	0.00804
9	0.00781	0.00577	0.00842	0.00842	0.00927	0.00663	0.00638	0.00951	0.00866	0.01240	0.01492	0.02317	0.01439	0.13521	0.69352	0.00833	0.01346	0.00610	0.00297	0.00468
10	0.00685	0.00490	0.00657	0.00783	0.00824	0.00461	0.00543	0.00796	0.01065	0.01415	0.02993	0.73141	0.03560	0.01688	0.00701	0.00224	0.00335	0.08684	0.00506	0.00449
11	0.01227	0.08383	0.56796	0.01574	0.02292	0.01382	0.10877	0.07941	0.01283	0.01840	0.01005	0.01183	0.00728	0.00518	0.00523	0.00169	0.00786	0.00432	0.00263	0.00799
12	0.53801	0.01315	0.07513	0.00933	0.01329	0.01339	0.00827	0.18107	0.06330	0.02594	0.00996	0.01078	0.00745	0.00555	0.00413	0.00169	0.00494	0.00369	0.00389	0.00701
13	0.01405	0.01473	0.13885	0.32328	0.02706	0.01363	0.08718	0.21889	0.04972	0.04231	0.01167	0.01405	0.00846	0.00575	0.00551	0.00175	0.00703	0.00497	0.00353	0.00759
14	0.06806	0.00786	0.00981	0.00944	0.01135	0.00814	0.00767	0.07695	0.08683	0.11105	0.02005	0.03414	0.01908	0.01280	0.00983	0.19721	0.00487	0.29456	0.00459	0.00570
15	0.08580	0.13915	0.18802	0.03470	0.05402	0.08976	0.14851	0.01915	0.01270	0.16087	0.01160	0.01279	0.00843	0.00532	0.00505	0.00162	0.00704	0.00449	0.00339	0.00762
16	0.09378	0.01097	0.06402	0.31985	0.02288	0.01058	0.01091	0.07633	0.01267	0.01878	0.10340	0.01612	0.01289	0.00586	0.00502	0.00154	0.00558	0.00485	0.00339	0.20058
17	0.01266	0.01509	0.15958	0.01379	0.01860	0.03039	0.18069	0.10754	0.07700	0.01962	0.03081	0.04592	0.05302	0.00633	0.00575	0.00159	0.02555	0.00567	0.00362	0.18679
18	0.01163	0.16761	0.01545	0.00994	0.01262	0.01122	0.09822	0.01541	0.13477	0.04106	0.01481	0.02225	0.01398	0.30414	0.03235	0.00306	0.00581	0.00593	0.00352	0.07622

[dist]
# distance from previous block
# <min> <max>
1	14

[block]
# block no. 2 follows, 44 sequences, length 51
# corresponding to MSA columns:
# 734-784
name=unknown_C
#
# <colnr> <probs for GDERKNQSTAVLIFYWHMCP>
#	G	D	E	R	K	N	Q	S	T	A	V	L	I	F	Y	W	H	M	C	P
0	0.36692	0.01011	0.01081	0.01044	0.05879	0.01098	0.02906	0.09584	0.07737	0.06247	0.01705	0.11499	0.05380	0.00805	0.00497	0.00182	0.00457	0.05107	0.00430	0.00659
1	0.01353	0.00978	0.01138	0.00876	0.01300	0.00844	0.00699	0.01834	0.15695	0.13797	0.01656	0.01654	0.05435	0.00567	0.00469	0.00121	0.00411	0.00462	0.00433	0.50277
2	0.01233	0.04565	0.30326	0.01843	0.18800	0.01220	0.09922	0.05211	0.01257	0.01826	0.02435	0.01280	0.00862	0.00498	0.00513	0.00152	0.00679	0.00445	0.00284	0.16647
3	0.00648	0.00552	0.00557	0.00556	0.00739	0.00462	0.00417	0.00789	0.01251	0.01493	0.07573	0.05213	0.75156	0.01373	0.00644	0.00184	0.00276	0.01146	0.00509	0.00462
4	0.01001	0.00770	0.01050	0.01055	0.05119	0.00884	0.00776	0.08324	0.05507	0.01601	0.01457	0.02002	0.01301	0.05244	0.52030	0.00645	0.04973	0.00568	0.05118	0.00573
5	0.01950	0.02126	0.01586	0.01364	0.01658	0.47492	0.01064	0.23379	0.01759	0.01941	0.00963	0.01102	0.00769	0.00634	0.00656	0.00158	0.09926	0.00406	0.00353	0.00714
6	0.84691	0.01054	0.00801	0.00717	0.01054	0.01223	0.00590	0.01603	0.00928	0.02446	0.00759	0.00886	0.00590	0.00506	0.00337	0.00169	0.00422	0.00295	0.00337	0.00590
7	0.01311	0.01366	0.02658	0.05225	0.40784	0.01331	0.35668	0.01698	0.01258	0.01753	0.01059	0.01408	0.00843	0.00476	0.00588	0.00173	0.00775	0.00558	0.00272	0.00796
8	0.01529	0.01927	0.10188	0.01426	0.01766	0.35524	0.12810	0.06422	0.02594	0.01601	0.01359	0.16225	0.01302	0.00774	0.00584	0.00170	0.02162	0.00646	0.00337	0.00653
9	0.01130	0.00969	0.01130	0.00807	0.01292	0.00727	0.00646	0.01373	0.01130	0.01776	0.00969	0.01130	0.00807	0.00404	0.00404	0.00081	0.00404	0.00323	0.00323	0.84173
10	0.01459	0.01790	0.19623	0.01270	0.01706	0.11567	0.01181	0.10204	0.40815	0.02146	0.01645	0.01608	0.01227	0.00654	0.00537	0.00174	0.00611	0.00517	0.00440	0.00826
11	0.01422	0.73574	0.10142	0.00993	0.01492	0.02071	0.01038	0.01642	0.01112	0.01326	0.00779	0.00901	0.00699	0.00471	0.00366	0.00122	0.00605	0.00302	0.00233	0.00710
12	0.00733	0.00524	0.00712	0.00838	0.00900	0.00502	0.00626	0.00878	0.01112	0.01469	0.02967	0.56605	0.03455	0.01643	0.00714	0.00231	0.00376	0.24750	0.00505	0.00462
13	0.01194	0.00967	0.01137	0.00815	0.01297	0.00730	0.00654	0.01435	0.01151	0.05458	0.01026	0.01166	0.00834	0.00417	0.00411	0.00085	0.00407	0.00334	0.00340	0.80143
14	0.01155	0.33974	0.22969	0.01081	0.01550	0.01419	0.03794	0.01488	0.01244	0.01664	0.21168	0.01894	0.03180	0.00668	0.00489	0.00150	0.00565	0.00534	0.00336	0.00677
15	0.00715	0.00535	0.00709	0.00774	0.00832	0.00529	0.00545	0.00847	0.01132	0.01539	0.17049	0.55873	0.07245	0.01608	0.02973	0.00230	0.04557	0.01339	0.00504	0.00467
16	0.01295	0.01207	0.01926	0.20909	0.37286	0.01276	0.06218	0.05668	0.10439	0.01835	0.01174	0.01450	0.00926	0.00533	0.00542	0.00166	0.00641	0.00502	0.00316	0.05689
17	0.00654	0.00513	0.00592	0.00655	0.00763	0.00452	0.00460	0.00771	0.01143	0.01432	0.04267	0.42779	0.40497	0.01544	0.00670	0.00203	0.00296	0.01350	0.00506	0.00452
18	0.36324	0.15395	0.01501	0.05700	0.06364	0.10125	0.00885	0.08654	0.01260	0.07949	0.00957	0.01073	0.00738	0.00533	0.00418	0.00156	0.00566	0.00362	0.00348	0.00690
19	0.05148	0.01234	0.04226	0.15100	0.05918	0.06152	0.04376	0.13649	0.05559	0.14652	0.06205	0.01681	0.02334	0.00646	0.00574	0.00167	0.03288	0.00526	0.04063	0.04504
20	0.00779	0.00584	0.00876	0.00876	0.00974	0.00681	0.00681	0.00974	0.00876	0.01266	0.01460	0.02142	0.01363	0.04089	0.78680	0.00876	0.01460	0.00584	0.00292	0.00487
21	0.01294	0.12932	0.25530	0.01194	0.05613	0.01114	0.01169	0.02784	0.01279	0.11805	0.11502	0.01803	0.05111	0.00635	0.00504	0.00149	0.00554	0.00513	0.00374	0.14141
22	0.01353	0.00883	0.01038	0.00914	0.01173	0.00919	0.00711	0.03186	0.30079	0.17725	0.20208	0.02741	0.07292	0.03940	0.05136	0.00230	0.00452	0.00728	0.00564	0.00727
23	0.59510	0.06374	0.01098	0.03444	0.01261	0.07985	0.00726	0.05790	0.01090	0.02227	0.00867	0.03220	0.00721	0.00568	0.00430	0.00167	0.03210	0.00359	0.00336	0.00617
24	0.08819	0.01158	0.01532	0.01184	0.01586	0.04214	0.16049	0.05478	0.14345	0.03347	0.06415	0.01783	0.05719	0.00610	0.00516	0.00148	0.00534	0.00542	0.00399	0.25622
25	0.06801	0.10349	0.05298	0.01016	0.01307	0.13076	0.00859	0.05995	0.16443	0.04097	0.05053	0.01610	0.01279	0.00661	0.00569	0.00159	0.06625	0.00483	0.17637	0.00683
26	0.01595	0.01703	0.19740	0.01405	0.06644	0.02975	0.01246	0.25895	0.24390	0.06479	0.01522	0.01515	0.01107	0.00636	0.00540	0.00172	0.00602	0.00508	0.00457	0.00869
27	0.01045	0.03825	0.00906	0.00796	0.03062	0.03378	0.00598	0.06907	0.03890	0.08312	0.12343	0.03996	0.46643	0.01126	0.00606	0.00175	0.00366	0.00934	0.00511	0.00582
28	0.01297	0.20182	0.01684	0.04105	0.10247	0.01439	0.00954	0.02180	0.38717	0.01909	0.06680	0.01938	0.05037	0.00692	0.00514	0.00165	0.00485	0.00568	0.00434	0.00774
29	0.02262	0.00923	0.01250	0.00976	0.01357	0.00838	0.00804	0.02463	0.01495	0.68502	0.02251	0.02007	0.05656	0.00733	0.00634	0.00174	0.05580	0.00578	0.00637	0.00880
30	0.02420	0.00970	0.01291	0.00990	0.01413	0.00864	0.00818	0.07826	0.01631	0.72547	0.02091	0.01817	0.01320	0.00673	0.00548	0.00168	0.00474	0.00544	0.00666	0.00928
31	0.00996	0.00575	0.00697	0.00684	0.00821	0.00591	0.00520	0.02693	0.01116	0.06192	0.02054	0.09574	0.06478	0.01793	0.23264	0.00361	0.00632	0.00671	0.39762	0.00526
32	0.01356	0.01171	0.01233	0.01109	0.01418	0.01356	0.00863	0.02897	0.76455	0.02281	0.02219	0.02034	0.01664	0.00740	0.00555	0.00185	0.00431	0.00616	0.00555	0.00863
33	0.84691	0.01054	0.00801	0.00717	0.01054	0.01223	0.00590	0.01603	0.00928	0.02446	0.00759	0.00886	0.00590	0.00506	0.00337	0.00169	0.00422	0.00295	0.00337	0.00590
34	0.01130	0.00969	0.01130	0.00807	0.01292	0.00727	0.00646	0.01373	0.01130	0.01776	0.00969	0.01130	0.00807	0.00404	0.00404	0.00081	0.00404	0.00323	0.00323	0.84173
35	0.06247	0.47657	0.02040	0.00911	0.01238	0.11030	0.00798	0.01494	0.01096	0.01331	0.01103	0.07882	0.01133	0.13109	0.00773	0.00195	0.00592	0.00481	0.00283	0.00606
36	0.01130	0.12926	0.59544	0.01521	0.06126	0.01337	0.01765	0.01654	0.01144	0.01651	0.01071	0.05784	0.00872	0.00579	0.00507	0.00168	0.00739	0.00460	0.00249	0.00773
37	0.84691	0.01054	0.00801	0.00717	0.01054	0.01223	0.00590	0.01603	0.00928	0.02446	0.00759	0.00886	0.00590	0.00506	0.00337	0.00169	0.00422	0.00295	0.00337	0.00590
38	0.00695	0.00516	0.00692	0.00798	0.00827	0.00513	0.00545	0.00791	0.01032	0.01387	0.02874	0.75942	0.03440	0.01665	0.00758	0.00222	0.04873	0.01488	0.00491	0.00452
39	0.01356	0.01171	0.01233	0.01109	0.01418	0.01356	0.00863	0.02897	0.76455	0.02281	0.02219	0.02034	0.01664	0.00740	0.00555	0.00185	0.00431	0.00616	0.00555	0.00863
40	0.66605	0.00973	0.00840	0.00757	0.01061	0.01113	0.00617	0.01565	0.00957	0.06685	0.00952	0.01141	0.00757	0.01082	0.12727	0.00280	0.00588	0.00356	0.00350	0.00594
41	0.00718	0.00551	0.00618	0.00602	0.00760	0.00484	0.00451	0.00910	0.01354	0.01788	0.33255	0.04580	0.44174	0.01229	0.00627	0.00175	0.00267	0.01045	0.05927	0.00484
42	0.01221	0.01170	0.01956	0.30295	0.44103	0.01300	0.01572	0.01540	0.01150	0.01599	0.00976	0.01372	0.00801	0.00551	0.00658	0.00176	0.08073	0.00484	0.00257	0.00747
43	0.01030	0.00969	0.01635	0.79530	0.03755	0.01211	0.01514	0.01393	0.01090	0.01393	0.00969	0.01453	0.00727	0.00545	0.00545	0.00182	0.00727	0.00484	0.00242	0.00606
44	0.02123	0.01365	0.01526	0.01179	0.01605	0.01461	0.00971	0.54366	0.06246	0.21108	0.01558	0.01478	0.01067	0.00664	0.00547	0.00166	0.00559	0.00511	0.00577	0.00924
45	0.01263	0.01207	0.02057	0.23900	0.57560	0.01273	0.01630	0.01598	0.01201	0.01676	0.01010	0.01377	0.00827	0.00502	0.00541	0.00167	0.00669	0.00485	0.00262	0.00794
46	0.01111	0.00692	0.00859	0.00849	0.01003	0.00674	0.00619	0.09939	0.03884	0.12751	0.02788	0.53069	0.06804	0.01383	0.00649	0.00204	0.00373	0.01227	0.00537	0.00586
47	0.01193	0.01193	0.01670	0.01431	0.01431	0.01670	0.01193	0.01312	0.00835	0.01312	0.00716	0.01193	0.00716	0.00954	0.01789	0.00239	0.79843	0.00477	0.00239	0.00596
48	0.00664	0.00474	0.00633	0.00759	0.00791	0.00443	0.00506	0.00759	0.01044	0.01392	0.03005	0.80485	0.03606	0.01708	0.00696	0.00221	0.00316	0.01550	0.00506	0.00443
49	0.01860	0.01421	0.01516	0.01211	0.01610	0.01591	0.00985	0.54013	0.24519	0.03093	0.01579	0.01524	0.01146	0.00680	0.00548	0.00170	0.00550	0.00528	0.00548	0.00908
50	0.01984	0.00903	0.01156	0.00943	0.01296	0.00838	0.00758	0.02402	0.13745	0.53192	0.05271	0.06805	0.06577	0.00808	0.00568	0.00176	0.00430	0.00674	0.00632	0.00843

[dist]
# distance from previous block
# <min> <max>
1	3

[block]
# block no. 3 follows, 44 sequences, length 12
# corresponding to MSA columns:
# 788-799
name=unknown_D
#
# <colnr> <probs for GDERKNQSTAVLIFYWHMCP>
#	G	D	E	R	K	N	Q	S	T	A	V	L	I	F	Y	W	H	M	C	P
0	0.14652	0.59761	0.02343	0.00885	0.01333	0.01854	0.00847	0.01600	0.01082	0.01521	0.00781	0.00904	0.00694	0.00466	0.00354	0.00121	0.00538	0.00296	0.00259	0.09710
1	0.01418	0.72695	0.10985	0.01000	0.01503	0.02061	0.01050	0.01643	0.01112	0.01331	0.00782	0.00904	0.00699	0.00472	0.00368	0.00123	0.00607	0.00304	0.00233	0.00711
2	0.00644	0.00552	0.00552	0.00552	0.00736	0.00460	0.00414	0.00782	0.01243	0.01473	0.05523	0.05247	0.77218	0.01381	0.00644	0.00184	0.00276	0.01151	0.00506	0.00460
3	0.01428	0.74892	0.08878	0.00983	0.01476	0.02086	0.01019	0.01640	0.01111	0.01318	0.00776	0.00897	0.00699	0.00471	0.00363	0.00121	0.00601	0.00300	0.00233	0.00708
4	0.00789	0.00542	0.00664	0.00664	0.00688	0.00566	0.00417	0.00837	0.00813	0.01108	0.01655	0.03218	0.01830	0.61995	0.21412	0.00614	0.00757	0.00742	0.00321	0.00369
5	0.00644	0.00552	0.00552	0.00552	0.00736	0.00460	0.00414	0.00782	0.01243	0.01473	0.05523	0.05247	0.77218	0.01381	0.00644	0.00184	0.00276	0.01151	0.00506	0.00460
6	0.01458	0.81168	0.02857	0.00933	0.01399	0.02157	0.00933	0.01632	0.01108	0.01283	0.00758	0.00875	0.00700	0.00466	0.00350	0.00117	0.00583	0.00292	0.00233	0.00700
7	0.01229	0.13736	0.01367	0.00977	0.01267	0.01277	0.00788	0.02237	0.46085	0.02099	0.20385	0.02350	0.02365	0.00788	0.00544	0.00171	0.00413	0.00655	0.00515	0.00751
8	0.01123	0.01076	0.01728	0.01652	0.13644	0.03887	0.20058	0.01431	0.04755	0.03833	0.02218	0.17951	0.13738	0.00940	0.00749	0.00192	0.09152	0.00850	0.00379	0.00645
9	0.01278	0.16404	0.02742	0.01805	0.02251	0.04501	0.47423	0.01618	0.01219	0.01587	0.01218	0.09873	0.01094	0.00620	0.00633	0.00176	0.03924	0.00657	0.00291	0.00687
10	0.01145	0.14005	0.67286	0.01465	0.02222	0.01393	0.01860	0.01713	0.01145	0.01663	0.00947	0.01112	0.00692	0.00511	0.00494	0.00165	0.00774	0.00387	0.00231	0.00791
11	0.01563	0.02059	0.16440	0.01656	0.02145	0.26233	0.24227	0.09010	0.04466	0.01795	0.01054	0.01245	0.00803	0.00531	0.00547	0.00161	0.00845	0.00474	0.00308	0.04435

[dist]
# distance from previous block
# <min> <max>
42	204

[block]
# block no. 4 follows, 44 sequences, length 13
# corresponding to MSA columns:
# 1044-1056
name=unknown_E
#
# <colnr> <probs for GDERKNQSTAVLIFYWHMCP>
#	G	D	E	R	K	N	Q	S	T	A	V	L	I	F	Y	W	H	M	C	P
0	0.06742	0.21419	0.03423	0.01056	0.01477	0.10087	0.00910	0.16655	0.08124	0.13189	0.01241	0.01257	0.00932	0.00565	0.00461	0.00142	0.00574	0.00411	0.00411	0.10926
1	0.01541	0.44721	0.02145	0.00996	0.01397	0.01696	0.00901	0.01974	0.15133	0.12316	0.01236	0.01265	0.00978	0.00575	0.00515	0.00143	0.05785	0.00402	0.00361	0.05919
2	0.01171	0.00951	0.06120	0.00883	0.01206	0.00763	0.00733	0.06756	0.04494	0.09905	0.14006	0.19422	0.04064	0.00899	0.00552	0.00155	0.00406	0.00775	0.00469	0.26268
3	0.00698	0.00556	0.00636	0.00621	0.00780	0.00494	0.00467	0.00882	0.01325	0.01711	0.30583	0.04624	0.46675	0.01467	0.05844	0.00226	0.00348	0.01055	0.00525	0.00481
4	0.02446	0.00928	0.01265	0.00970	0.01392	0.00801	0.00801	0.02657	0.01560	0.77817	0.02151	0.01856	0.01350	0.00675	0.00548	0.00169	0.00464	0.00548	0.00675	0.00928
5	0.55859	0.10365	0.01207	0.00904	0.01242	0.19630	0.00738	0.01742	0.01094	0.02053	0.00779	0.00907	0.00629	0.00515	0.00375	0.00156	0.00572	0.00308	0.00312	0.00612
6	0.00741	0.00556	0.00687	0.00654	0.00796	0.00501	0.00490	0.00970	0.01471	0.02016	0.60058	0.04353	0.22344	0.01178	0.00643	0.00174	0.00262	0.01025	0.00578	0.00501
7	0.01520	0.05840	0.17461	0.03453	0.01851	0.01499	0.05705	0.26057	0.23151	0.02392	0.01426	0.01470	0.01057	0.00639	0.00590	0.00174	0.03944	0.00507	0.00429	0.00838
8	0.01754	0.23988	0.01924	0.01279	0.01570	0.46396	0.01041	0.01901	0.01321	0.01317	0.00801	0.00984	0.00703	0.00593	0.00642	0.00148	0.12379	0.00353	0.00262	0.00645
9	0.00947	0.00473	0.00710	0.00710	0.00710	0.00473	0.00473	0.00710	0.00710	0.00947	0.00947	0.01657	0.00947	0.01894	0.02131	0.84138	0.00473	0.00473	0.00237	0.00237
10	0.01466	0.04048	0.01978	0.23019	0.15600	0.25925	0.12200	0.01745	0.01275	0.01486	0.00937	0.01255	0.00756	0.00550	0.00611	0.00167	0.05579	0.00459	0.00264	0.00680
11	0.01045	0.00737	0.01095	0.14077	0.05576	0.00766	0.01005	0.01309	0.01244	0.07652	0.02418	0.07538	0.02495	0.01235	0.00689	0.00227	0.00537	0.49324	0.00461	0.00570
12	0.01276	0.16296	0.35188	0.01188	0.01795	0.01269	0.01323	0.01762	0.06161	0.06766	0.01097	0.01201	0.00830	0.00506	0.00464	0.00140	0.00618	0.00387	0.00305	0.21429

[dist]
# distance from previous block
# <min> <max>
0	2

[block]
# block no. 5 follows, 44 sequences, length 76
# corresponding to MSA columns:
# 1059-1134
name=unknown_F
#
# <colnr> <probs for GDERKNQSTAVLIFYWHMCP>
#	G	D	E	R	K	N	Q	S	T	A	V	L	I	F	Y	W	H	M	C	P
0	0.01546	0.05388	0.01181	0.00978	0.01234	0.25127	0.00761	0.09127	0.11961	0.04052	0.01463	0.01573	0.01136	0.00622	0.00459	0.00144	0.00562	0.00463	0.31565	0.00659
1	0.01330	0.53748	0.29161	0.01150	0.01735	0.01845	0.01311	0.01665	0.01123	0.01438	0.00835	0.00971	0.00696	0.00484	0.00409	0.00136	0.00661	0.00330	0.00232	0.00737
2	0.01297	0.19137	0.01664	0.01073	0.01336	0.11731	0.09262	0.07287	0.01208	0.02968	0.02769	0.03583	0.01316	0.22661	0.10146	0.00335	0.00750	0.00569	0.00324	0.00584
3	0.16242	0.00949	0.01187	0.00928	0.01335	0.00872	0.00766	0.02480	0.01454	0.65175	0.01917	0.01693	0.01222	0.00646	0.00513	0.00169	0.00457	0.00506	0.00618	0.00871
4	0.00827	0.00652	0.00959	0.00932	0.01015	0.00790	0.00730	0.01007	0.00869	0.01265	0.01382	0.02073	0.01306	0.05859	0.67789	0.00794	0.10391	0.00578	0.00287	0.00495
5	0.84691	0.01054	0.00801	0.00717	0.01054	0.01223	0.00590	0.01603	0.00928	0.02446	0.00759	0.00886	0.00590	0.00506	0.00337	0.00169	0.00422	0.00295	0.00337	0.00590
6	0.00645	0.00548	0.00556	0.00563	0.00739	0.00459	0.00419	0.00781	0.01232	0.01469	0.05391	0.09184	0.73366	0.01398	0.00647	0.00186	0.00278	0.01171	0.00506	0.00459
7	0.02135	0.01427	0.01574	0.01207	0.01641	0.01541	0.00997	0.63383	0.02395	0.15912	0.01450	0.01401	0.00998	0.00658	0.00546	0.00164	0.00577	0.00500	0.00567	0.00927
8	0.00750	0.00556	0.00699	0.00663	0.00801	0.00505	0.00498	0.00987	0.01493	0.02067	0.65137	0.04269	0.17233	0.01159	0.00643	0.00174	0.00260	0.01014	0.00584	0.00505
9	0.02072	0.01527	0.01636	0.01254	0.01691	0.01691	0.01036	0.75622	0.02563	0.03436	0.01309	0.01309	0.00927	0.00654	0.00545	0.00164	0.00600	0.00491	0.00545	0.00927
10	0.00664	0.00474	0.00633	0.00759	0.00791	0.00443	0.00506	0.00759	0.01044	0.01392	0.03005	0.80485	0.03606	0.01708	0.00696	0.00221	0.00316	0.01550	0.00506	0.00443
11	0.00779	0.00584	0.00876	0.00876	0.00974	0.00681	0.00681	0.00974	0.00876	0.01266	0.01460	0.02142	0.01363	0.04089	0.78680	0.00876	0.01460	0.00584	0.00292	0.00487
12	0.01093	0.02820	0.78016	0.01554	0.02360	0.01266	0.02014	0.01727	0.01151	0.01727	0.00978	0.01151	0.00691	0.00518	0.00518	0.00173	0.00806	0.00403	0.00230	0.00806
13	0.01580	0.01702	0.01777	0.02213	0.35667	0.27067	0.01290	0.02107	0.17714	0.01741	0.01224	0.01376	0.00984	0.00566	0.00527	0.00160	0.00712	0.00469	0.00336	0.00786
14	0.01863	0.02310	0.01571	0.01410	0.01633	0.62864	0.01082	0.02000	0.01399	0.01330	0.00817	0.01026	0.00705	0.00642	0.00758	0.00161	0.17156	0.00377	0.00272	0.00625
15	0.00867	0.00646	0.00856	0.00894	0.01052	0.00604	0.00725	0.01069	0.01148	0.01559	0.02456	0.20214	0.02692	0.05457	0.04862	0.00263	0.00499	0.39166	0.00453	0.14515
16	0.00770	0.00651	0.00870	0.00867	0.00950	0.00690	0.02866	0.00892	0.01068	0.01410	0.03227	0.43918	0.22890	0.01450	0.00872	0.00213	0.14231	0.01227	0.00452	0.00483
17	0.01431	0.01279	0.01264	0.01127	0.01439	0.06722	0.00877	0.07020	0.65494	0.02266	0.02136	0.01982	0.03041	0.00735	0.00552	0.00181	0.00476	0.00601	0.00534	0.00843
18	0.05745	0.01493	0.01837	0.02328	0.41365	0.14302	0.01332	0.12172	0.01449	0.04543	0.01066	0.01289	0.00857	0.00559	0.00583	0.00162	0.04812	0.00457	0.02852	0.00798
19	0.18238	0.02458	0.62180	0.01382	0.02092	0.01257	0.01722	0.01701	0.01105	0.01874	0.00933	0.01097	0.00670	0.00516	0.00481	0.00172	0.00727	0.00381	0.00252	0.00762
20	0.01420	0.01511	0.01357	0.01106	0.01439	0.24850	0.00872	0.01609	0.01203	0.01555	0.00883	0.01097	0.00758	0.00554	0.00686	0.00128	0.15240	0.00360	0.00294	0.43076
21	0.01106	0.00718	0.00926	0.00919	0.01109	0.00706	0.00767	0.05332	0.05354	0.10569	0.18119	0.04689	0.08902	0.01235	0.00677	0.00212	0.00431	0.37091	0.00547	0.00592
22	0.84691	0.01054	0.00801	0.00717	0.01054	0.01223	0.00590	0.01603	0.00928	0.02446	0.00759	0.00886	0.00590	0.00506	0.00337	0.00169	0.00422	0.00295	0.00337	0.00590
23	0.01926	0.18453	0.01836	0.01271	0.01628	0.44351	0.01025	0.19827	0.01702	0.01832	0.00938	0.01040	0.00756	0.00565	0.00476	0.00141	0.00808	0.00373	0.00335	0.00717
24	0.01130	0.00969	0.01130	0.00807	0.01292	0.00727	0.00646	0.01373	0.01130	0.01776	0.00969	0.01130	0.00807	0.00404	0.00404	0.00081	0.00404	0.00323	0.00323	0.84173
25	0.00651	0.00553	0.00561	0.00559	0.00740	0.00463	0.00419	0.00795	0.01258	0.01508	0.09098	0.05188	0.73621	0.01367	0.00644	0.00183	0.00275	0.01142	0.00511	0.00463
26	0.02446	0.00928	0.01265	0.00970	0.01392	0.00801	0.00801	0.02657	0.01560	0.77817	0.02151	0.01856	0.01350	0.00675	0.00548	0.00169	0.00464	0.00548	0.00675	0.00928
27	0.01458	0.81168	0.02857	0.00933	0.01399	0.02157	0.00933	0.01632	0.01108	0.01283	0.00758	0.00875	0.00700	0.00466	0.00350	0.00117	0.00583	0.00292	0.00233	0.00700
28	0.01016	0.00508	0.00508	0.00508	0.00635	0.00508	0.00381	0.01270	0.01143	0.02033	0.01778	0.02033	0.01397	0.00635	0.00381	0.00127	0.00254	0.00508	0.83867	0.00508
29	0.00784	0.00564	0.00775	0.00775	0.00837	0.00626	0.00555	0.00909	0.00846	0.01191	0.01553	0.02655	0.01586	0.31695	0.51378	0.00751	0.01125	0.00659	0.00306	0.00430
30	0.84691	0.01054	0.00801	0.00717	0.01054	0.01223	0.00590	0.01603	0.00928	0.02446	0.00759	0.00886	0.00590	0.00506	0.00337	0.00169	0.00422	0.00295	0.00337	0.00590
31	0.00768	0.00566	0.00685	0.00751	0.00886	0.00526	0.00602	0.00953	0.01211	0.01569	0.03841	0.16006	0.32025	0.01413	0.00671	0.00210	0.00366	0.28965	0.07507	0.00478
32	0.00741	0.00554	0.00688	0.00660	0.00797	0.00501	0.00493	0.00969	0.01465	0.02012	0.59811	0.06503	0.20419	0.01188	0.00645	0.00176	0.00263	0.01037	0.00577	0.00501
33	0.01388	0.00873	0.01059	0.00896	0.01152	0.00872	0.00715	0.20588	0.01795	0.14897	0.41342	0.03103	0.03326	0.00944	0.00608	0.00173	0.00393	0.04595	0.00593	0.00688
34	0.01030	0.00969	0.01635	0.79530	0.03755	0.01211	0.01514	0.01393	0.01090	0.01393	0.00969	0.01453	0.00727	0.00545	0.00545	0.00182	0.00727	0.00484	0.00242	0.00606
35	0.44365	0.01163	0.04978	0.05599	0.05707	0.01196	0.00880	0.06531	0.01195	0.17772	0.01115	0.01200	0.00803	0.00576	0.00504	0.00173	0.04738	0.00396	0.00400	0.00708
36	0.01663	0.53245	0.02391	0.01100	0.01501	0.29343	0.00976	0.01826	0.01263	0.01301	0.00788	0.00913	0.00701	0.00500	0.00400	0.00125	0.00725	0.00313	0.00250	0.00676
37	0.02144	0.01337	0.01509	0.01165	0.01591	0.01418	0.00960	0.51031	0.05963	0.24746	0.01596	0.01502	0.01085	0.00665	0.00547	0.00166	0.00552	0.00514	0.00583	0.00924
38	0.01747	0.00742	0.00924	0.00765	0.01047	0.00679	0.00613	0.03372	0.01402	0.40409	0.05903	0.02036	0.01560	0.00681	0.00482	0.00151	0.00367	0.00553	0.35837	0.00729
39	0.01598	0.00750	0.00956	0.00807	0.01104	0.00651	0.00650	0.01792	0.01439	0.40820	0.11249	0.03429	0.26372	0.00996	0.00601	0.00179	0.00383	0.04913	0.00603	0.00709
40	0.00867	0.00619	0.00865	0.00991	0.01111	0.00618	0.00859	0.01110	0.01244	0.01619	0.02893	0.10114	0.03163	0.01517	0.00750	0.00249	0.00492	0.69918	0.00502	0.00499
41	0.02446	0.00928	0.01265	0.00970	0.01392	0.00801	0.00801	0.02657	0.01560	0.77817	0.02151	0.01856	0.01350	0.00675	0.00548	0.00169	0.00464	0.00548	0.00675	0.00928
42	0.00813	0.00581	0.00803	0.00929	0.01026	0.00571	0.00765	0.01016	0.01190	0.01558	0.02923	0.28860	0.03281	0.01568	0.00736	0.00242	0.00445	0.51706	0.00503	0.00484
43	0.02446	0.00928	0.01265	0.00970	0.01392	0.00801	0.00801	0.02657	0.01560	0.77817	0.02151	0.01856	0.01350	0.00675	0.00548	0.00169	0.00464	0.00548	0.00675	0.00928
44	0.01458	0.81168	0.02857	0.00933	0.01399	0.02157	0.00933	0.01632	0.01108	0.01283	0.00758	0.00875	0.00700	0.00466	0.00350	0.00117	0.00583	0.00292	0.00233	0.00700
45	0.84691	0.01054	0.00801	0.00717	0.01054	0.01223	0.00590	0.01603	0.00928	0.02446	0.00759	0.00886	0.00590	0.00506	0.00337	0.00169	0.00422	0.00295	0.00337	0.00590
46	0.00772	0.00557	0.00729	0.00686	0.00814	0.00514	0.00514	0.01029	0.01543	0.02186	0.77152	0.04072	0.05144	0.01115	0.00643	0.00171	0.00257	0.00986	0.00600	0.00514
47	0.02037	0.02598	0.01545	0.01404	0.01685	0.78652	0.01053	0.02177	0.01545	0.01334	0.00843	0.00983	0.00702	0.00562	0.00492	0.00140	0.00983	0.00351	0.00281	0.00632
48	0.00947	0.00473	0.00710	0.00710	0.00710	0.00473	0.00473	0.00710	0.00710	0.00947	0.00947	0.01657	0.00947	0.01894	0.02131	0.84138	0.00473	0.00473	0.00237	0.00237
49	0.84691	0.01054	0.00801	0.00717	0.01054	0.01223	0.00590	0.01603	0.00928	0.02446	0.00759	0.00886	0.00590	0.00506	0.00337	0.00169	0.00422	0.00295	0.00337	0.00590
50	0.01303	0.47858	0.34811	0.01197	0.01808	0.01778	0.01393	0.01672	0.01126	0.01471	0.00852	0.00992	0.00696	0.00488	0.00421	0.00140	0.00678	0.00339	0.00232	0.00745
51	0.70712	0.01095	0.01038	0.01158	0.13867	0.01235	0.00772	0.01614	0.00980	0.02334	0.00804	0.00963	0.00636	0.00503	0.00371	0.00168	0.00460	0.00327	0.00326	0.00636
52	0.02446	0.00928	0.01265	0.00970	0.01392	0.00801	0.00801	0.02657	0.01560	0.77817	0.02151	0.01856	0.01350	0.00675	0.00548	0.00169	0.00464	0.00548	0.00675	0.00928
53	0.01042	0.00970	0.01655	0.71540	0.03546	0.01183	0.05146	0.01404	0.01103	0.01444	0.01018	0.01485	0.00767	0.00546	0.00541	0.00179	0.00712	0.00494	0.04620	0.00607
54	0.00664	0.00491	0.00622	0.00721	0.00782	0.00448	0.00491	0.00772	0.01095	0.01433	0.05959	0.65014	0.16250	0.01632	0.00685	0.00213	0.00307	0.01462	0.00509	0.00448
55	0.02446	0.00928	0.01265	0.00970	0.01392	0.00801	0.00801	0.02657	0.01560	0.77817	0.02151	0.01856	0.01350	0.00675	0.00548	0.00169	0.00464	0.00548	0.00675	0.00928
56	0.02383	0.01028	0.01327	0.01018	0.01442	0.00950	0.00841	0.14896	0.01729	0.65341	0.02010	0.01764	0.01279	0.00671	0.00548	0.00168	0.00487	0.00539	0.00653	0.00928
57	0.01041	0.00918	0.01529	0.62233	0.03184	0.01102	0.05194	0.01391	0.01109	0.01519	0.01112	0.01552	0.00844	0.00556	0.00523	0.00173	0.00658	0.00497	0.14271	0.00596
58	0.02041	0.01442	0.01559	0.01201	0.01621	0.01582	0.00990	0.67802	0.02436	0.07554	0.01380	0.01376	0.00974	0.00655	0.00537	0.00162	0.00575	0.00495	0.04711	0.00906
59	0.02446	0.00928	0.01265	0.00970	0.01392	0.00801	0.00801	0.02657	0.01560	0.77817	0.02151	0.01856	0.01350	0.00675	0.00548	0.00169	0.00464	0.00548	0.00675	0.00928
60	0.00749	0.00556	0.00698	0.00663	0.00801	0.00505	0.00497	0.00986	0.01491	0.02062	0.64703	0.04276	0.17671	0.01161	0.00643	0.00174	0.00260	0.01015	0.00584	0.00505
61	0.01237	0.01325	0.02405	0.01843	0.02105	0.01532	0.36475	0.01518	0.01050	0.01518	0.00900	0.01325	0.00769	0.00719	0.01245	0.00213	0.42349	0.00556	0.00256	0.00662
62	0.70896	0.01033	0.00879	0.00759	0.01111	0.01152	0.00626	0.01779	0.01034	0.15088	0.00993	0.01048	0.00718	0.00534	0.00373	0.00169	0.00429	0.00338	0.00394	0.00647
63	0.01601	0.00860	0.00962	0.00800	0.01071	0.00873	0.00640	0.20469	0.01596	0.19135	0.01741	0.01810	0.01267	0.00649	0.00460	0.00146	0.00388	0.00513	0.44312	0.00707
64	0.00663	0.00499	0.00614	0.00700	0.00777	0.00450	0.00481	0.00775	0.01116	0.01442	0.06315	0.57234	0.23764	0.01598	0.00680	0.00209	0.00303	0.01421	0.00509	0.00450
65	0.01322	0.51958	0.30878	0.01164	0.01757	0.01825	0.01336	0.01668	0.01124	0.01448	0.00840	0.00978	0.00696	0.00486	0.00413	0.00138	0.00666	0.00333	0.00232	0.00739
66	0.00779	0.00584	0.00876	0.00876	0.00974	0.00681	0.00681	0.00974	0.00876	0.01266	0.01460	0.02142	0.01363	0.04089	0.78680	0.00876	0.01460	0.00584	0.00292	0.00487
67	0.00664	0.00474	0.00633	0.00759	0.00791	0.00443	0.00506	0.00759	0.01044	0.01392	0.03005	0.80485	0.03606	0.01708	0.00696	0.00221	0.00316	0.01550	0.00506	0.00443
68	0.01660	0.43524	0.02211	0.01101	0.01505	0.18523	0.00966	0.12607	0.10022	0.01720	0.01023	0.01093	0.00843	0.00545	0.00432	0.00136	0.00655	0.00370	0.00325	0.00737
69	0.01365	0.01214	0.01662	0.51408	0.07060	0.05391	0.01377	0.20377	0.01498	0.01932	0.01052	0.01386	0.00784	0.00571	0.00542	0.00174	0.00704	0.00479	0.00323	0.00703
70	0.02319	0.00916	0.01235	0.00960	0.01362	0.00805	0.00788	0.02578	0.04133	0.71177	0.06164	0.01980	0.01563	0.00701	0.00554	0.00169	0.00452	0.00574	0.00667	0.00903
71	0.00711	0.00540	0.00655	0.00658	0.00785	0.00483	0.00481	0.00899	0.01352	0.01808	0.40244	0.19376	0.27397	0.01314	0.00654	0.00185	0.00275	0.01148	0.00552	0.00483
72	0.00785	0.00527	0.00607	0.00614	0.00619	0.00529	0.00353	0.00797	0.00810	0.01084	0.01783	0.07975	0.02054	0.73540	0.05339	0.00523	0.00549	0.00829	0.00339	0.00342
73	0.70833	0.01134	0.00941	0.00807	0.01161	0.01301	0.00665	0.14018	0.01202	0.02612	0.00851	0.00957	0.00647	0.00531	0.00372	0.00168	0.00452	0.00328	0.00372	0.00647
74	0.00968	0.01001	0.03809	0.01322	0.01666	0.00867	0.29245	0.01245	0.01192	0.01592	0.02573	0.16659	0.20835	0.02637	0.02192	0.00199	0.00587	0.00894	0.00382	0.10135
75	0.08048	0.01150	0.01368	0.01113	0.01400	0.05314	0.00914	0.11303	0.01453	0.35334	0.05431	0.01615	0.01243	0.00748	0.00851	0.00185	0.20736	0.00517	0.00497	0.00781

[dist]
# distance from previous block
# <min> <max>
1	4

[block]
# block no. 6 follows, 44 sequences, length 41
# corresponding to MSA columns:
# 1139-1179
name=unknown_G
#
# <colnr> <probs for GDERKNQSTAVLIFYWHMCP>
#	G	D	E	R	K	N	Q	S	T	A	V	L	I	F	Y	W	H	M	C	P
0	0.02005	0.00864	0.01146	0.00918	0.01268	0.00777	0.00743	0.02318	0.06732	0.56100	0.18515	0.02351	0.02199	0.00775	0.00569	0.00170	0.00417	0.00648	0.00650	0.00833
1	0.01509	0.01255	0.01509	0.01597	0.17246	0.01390	0.01061	0.15690	0.45822	0.04158	0.01806	0.01758	0.01358	0.00670	0.00550	0.00176	0.00507	0.00565	0.00497	0.00876
2	0.01853	0.01573	0.01488	0.01227	0.01598	0.13794	0.00980	0.39684	0.25306	0.04479	0.01537	0.01495	0.01130	0.00667	0.00540	0.00167	0.00605	0.00509	0.00509	0.00860
3	0.01356	0.01171	0.01233	0.01109	0.01418	0.01356	0.00863	0.02897	0.76455	0.02281	0.02219	0.02034	0.01664	0.00740	0.00555	0.00185	0.00431	0.00616	0.00555	0.00863
4	0.01268	0.01276	0.02307	0.20959	0.12871	0.01359	0.31027	0.05042	0.09139	0.01766	0.01158	0.01482	0.00892	0.00557	0.00674	0.00183	0.06438	0.00562	0.00305	0.00733
5	0.01222	0.02640	0.70735	0.01498	0.02268	0.01222	0.01899	0.01815	0.01190	0.08945	0.01090	0.01218	0.00753	0.00533	0.00521	0.00172	0.00773	0.00417	0.00272	0.00817
6	0.00726	0.00551	0.00669	0.00650	0.00789	0.00493	0.00483	0.00937	0.01421	0.01920	0.50791	0.09197	0.26917	0.01232	0.00647	0.00178	0.00267	0.01071	0.00566	0.00493
7	0.00793	0.00529	0.00595	0.00595	0.00595	0.00529	0.00330	0.00793	0.00793	0.01057	0.01718	0.03568	0.01982	0.80840	0.02775	0.00529	0.00529	0.00793	0.00330	0.00330
8	0.00756	0.00552	0.00710	0.00681	0.00807	0.00506	0.00507	0.00994	0.01489	0.02083	0.67204	0.09147	0.10180	0.01172	0.00647	0.00176	0.00262	0.01035	0.00587	0.00506
9	0.02071	0.01570	0.01632	0.01260	0.01690	0.04792	0.01037	0.72662	0.02522	0.03351	0.01290	0.01296	0.00918	0.00651	0.00543	0.00163	0.00615	0.00485	0.00535	0.00915
10	0.00664	0.00474	0.00633	0.00759	0.00791	0.00443	0.00506	0.00759	0.01044	0.01392	0.03005	0.80485	0.03606	0.01708	0.00696	0.00221	0.00316	0.01550	0.00506	0.00443
11	0.00667	0.00497	0.00622	0.00709	0.00781	0.00452	0.00487	0.00783	0.01122	0.01464	0.08678	0.58793	0.19769	0.01596	0.00681	0.00210	0.00303	0.01424	0.00513	0.00452
12	0.01030	0.00969	0.01635	0.79530	0.03755	0.01211	0.01514	0.01393	0.01090	0.01393	0.00969	0.01453	0.00727	0.00545	0.00545	0.00182	0.00727	0.00484	0.00242	0.00606
13	0.02072	0.01527	0.01636	0.01254	0.01691	0.01691	0.01036	0.75622	0.02563	0.03436	0.01309	0.01309	0.00927	0.00654	0.00545	0.00164	0.00600	0.00491	0.00545	0.00927
14	0.00728	0.00501	0.00614	0.00678	0.00694	0.00485	0.00419	0.00776	0.00920	0.01226	0.02368	0.42426	0.02802	0.40863	0.01725	0.00373	0.00421	0.01175	0.00419	0.00387
15	0.01002	0.00525	0.00755	0.00737	0.00758	0.00533	0.00501	0.04358	0.00800	0.01068	0.00965	0.01640	0.00946	0.01834	0.02053	0.80049	0.00480	0.00474	0.00252	0.00270
16	0.01238	0.02621	0.68784	0.01497	0.02257	0.01253	0.01880	0.05392	0.01249	0.07274	0.01079	0.01209	0.00749	0.00536	0.00521	0.00172	0.00771	0.00418	0.00277	0.00820
17	0.43996	0.00992	0.01031	0.00842	0.01221	0.01014	0.00695	0.02124	0.01241	0.39740	0.01448	0.01366	0.00966	0.00590	0.00442	0.00169	0.00443	0.00420	0.00504	0.00757
18	0.01208	0.01237	0.01916	0.01569	0.01657	0.01624	0.12992	0.01381	0.00907	0.01381	0.00777	0.01237	0.00733	0.00876	0.01607	0.00230	0.67303	0.00504	0.00244	0.00618
19	0.43710	0.14055	0.01388	0.01005	0.03844	0.13157	0.00802	0.07780	0.01237	0.07358	0.00921	0.01016	0.00714	0.00531	0.00401	0.00155	0.00558	0.00343	0.00350	0.00674
20	0.00913	0.00533	0.00628	0.00628	0.00726	0.00561	0.00459	0.01109	0.01011	0.01657	0.01677	0.02308	0.01480	0.14370	0.23251	0.00406	0.00644	0.00575	0.46590	0.00474
21	0.00644	0.00552	0.00552	0.00552	0.00736	0.00460	0.00414	0.00782	0.01243	0.01473	0.05523	0.05247	0.77218	0.01381	0.00644	0.00184	0.00276	0.01151	0.00506	0.00460
22	0.00679	0.00485	0.00650	0.00776	0.00814	0.00456	0.00532	0.00785	0.01058	0.01408	0.02997	0.75348	0.03573	0.01694	0.00700	0.00223	0.00329	0.06540	0.00506	0.00447
23	0.01136	0.02526	0.61700	0.01716	0.02466	0.01291	0.18035	0.01731	0.01181	0.01731	0.01006	0.01221	0.00720	0.00505	0.00545	0.00175	0.00830	0.00455	0.00240	0.00790
24	0.00953	0.00678	0.00969	0.00842	0.01030	0.00637	0.05934	0.01284	0.05174	0.07385	0.62859	0.03633	0.04402	0.01019	0.00632	0.00173	0.00328	0.00913	0.00580	0.00576
25	0.71505	0.01219	0.01040	0.00890	0.01238	0.07975	0.06008	0.01663	0.01007	0.02299	0.00791	0.00936	0.00617	0.00508	0.00373	0.00167	0.00506	0.00325	0.00328	0.00604
26	0.78785	0.01045	0.00835	0.00735	0.01079	0.01193	0.00606	0.01678	0.00973	0.07859	0.00859	0.00955	0.00645	0.00518	0.00353	0.00169	0.00425	0.00313	0.00362	0.00615
27	0.02208	0.01033	0.01368	0.01073	0.01429	0.01033	0.00888	0.10094	0.01550	0.57863	0.01835	0.01693	0.01205	0.00717	0.00745	0.00179	0.13090	0.00531	0.00592	0.00875
28	0.00664	0.00474	0.00633	0.00759	0.00791	0.00443	0.00506	0.00759	0.01044	0.01392	0.03005	0.80485	0.03606	0.01708	0.00696	0.00221	0.00316	0.01550	0.00506	0.00443
29	0.01909	0.01446	0.01544	0.01221	0.01628	0.01614	0.00997	0.59042	0.19409	0.03172	0.01516	0.01474	0.01095	0.00674	0.00548	0.00168	0.00562	0.00519	0.00548	0.00912
30	0.01356	0.01171	0.01233	0.01109	0.01418	0.01356	0.00863	0.02897	0.76455	0.02281	0.02219	0.02034	0.01664	0.00740	0.00555	0.00185	0.00431	0.00616	0.00555	0.00863
31	0.00664	0.00474	0.00633	0.00759	0.00791	0.00443	0.00506	0.00759	0.01044	0.01392	0.03005	0.80485	0.03606	0.01708	0.00696	0.00221	0.00316	0.01550	0.00506	0.00443
32	0.01356	0.01171	0.01233	0.01109	0.01418	0.01356	0.00863	0.02897	0.76455	0.02281	0.02219	0.02034	0.01664	0.00740	0.00555	0.00185	0.00431	0.00616	0.00555	0.00863
33	0.00710	0.00555	0.00643	0.00621	0.00777	0.00488	0.00466	0.00909	0.01397	0.01840	0.42352	0.04643	0.40161	0.01244	0.00644	0.00178	0.00266	0.01066	0.00555	0.00488
34	0.02198	0.00860	0.01156	0.00915	0.01284	0.00751	0.00744	0.02405	0.01488	0.65938	0.02177	0.07304	0.01510	0.00743	0.00544	0.00169	0.00435	0.00614	0.07906	0.00858
35	0.00744	0.00556	0.00690	0.00657	0.00797	0.00503	0.00493	0.00975	0.01478	0.02031	0.61528	0.04329	0.20865	0.01173	0.00643	0.00174	0.00261	0.01022	0.00580	0.00503
36	0.00743	0.00556	0.00689	0.00656	0.00797	0.00502	0.00492	0.00973	0.01475	0.02024	0.60892	0.04339	0.21505	0.01175	0.00643	0.00174	0.00262	0.01023	0.00579	0.00502
