[name]
unknown

[dist]
# distance from previous block
# <min> <max>
0	39

[block]
# block no. 0 follows, 35 sequences, length 125
# corresponding to MSA columns:
# 39-163
name=unknown_A
#
# <colnr> <probs for GDERKNQSTAVLIFYWHMCP>
#	G	D	E	R	K	N	Q	S	T	A	V	L	I	F	Y	W	H	M	C	P
0	0.04526	0.23730	0.17768	0.01349	0.01881	0.06417	0.05563	0.08397	0.01589	0.05711	0.09831	0.01934	0.01616	0.00732	0.00570	0.00180	0.00712	0.02710	0.03957	0.00829
1	0.14904	0.18848	0.03924	0.01237	0.01691	0.16057	0.03043	0.09074	0.04204	0.08230	0.01421	0.03741	0.02843	0.00691	0.00529	0.00171	0.00705	0.00504	0.00423	0.07760
2	0.03958	0.05476	0.16180	0.01548	0.07228	0.04010	0.01333	0.22403	0.13778	0.02698	0.05342	0.07122	0.01619	0.00826	0.00621	0.00197	0.00667	0.00669	0.03413	0.00916
3	0.09403	0.15341	0.01759	0.01160	0.01578	0.11109	0.00962	0.19244	0.07953	0.05194	0.01453	0.01540	0.01122	0.00675	0.00523	0.00166	0.00633	0.00489	0.12297	0.07400
4	0.01351	0.01055	0.01148	0.01055	0.01323	0.01129	0.00799	0.10199	0.29686	0.04506	0.03391	0.16494	0.17374	0.06467	0.00872	0.00246	0.00472	0.01036	0.00609	0.00787
5	0.01461	0.19660	0.10608	0.01637	0.14525	0.07346	0.01248	0.01773	0.01370	0.01825	0.01551	0.01747	0.07118	0.00844	0.04244	0.00195	0.00727	0.00512	0.00340	0.21267
6	0.00962	0.00677	0.00787	0.00789	0.00959	0.00624	0.00581	0.01234	0.04998	0.05133	0.18623	0.20185	0.29333	0.03634	0.00802	0.00228	0.00358	0.02858	0.06645	0.00592
7	0.00798	0.00566	0.00725	0.00841	0.00878	0.00533	0.00549	0.00891	0.01172	0.01555	0.03340	0.61920	0.06365	0.15228	0.01231	0.00319	0.00410	0.01632	0.00553	0.00493
8	0.00773	0.00552	0.00736	0.00883	0.00920	0.00515	0.00589	0.00883	0.01215	0.01619	0.03497	0.77291	0.04196	0.01987	0.00810	0.00258	0.00368	0.01803	0.00589	0.00515
9	0.00861	0.00647	0.00797	0.00760	0.00925	0.00583	0.00570	0.01126	0.01709	0.02338	0.56827	0.05077	0.22700	0.01374	0.00749	0.00203	0.00305	0.01195	0.00671	0.00583
10	0.01578	0.01363	0.01434	0.01291	0.01650	0.01578	0.01004	0.03371	0.72602	0.02654	0.02582	0.02367	0.01937	0.00861	0.00646	0.00215	0.00502	0.00717	0.00646	0.01004
11	0.02846	0.01080	0.01472	0.01129	0.01619	0.00932	0.00932	0.03092	0.01816	0.74187	0.02503	0.02159	0.01570	0.00785	0.00638	0.00196	0.00540	0.00638	0.00785	0.01080
12	0.02370	0.03023	0.01798	0.01634	0.01961	0.75158	0.01226	0.02533	0.01798	0.01553	0.00981	0.01144	0.00817	0.00654	0.00572	0.00163	0.01144	0.00409	0.00327	0.00735
13	0.00919	0.00644	0.00829	0.00783	0.00932	0.00598	0.00587	0.01218	0.01761	0.02531	0.68080	0.04561	0.05660	0.01255	0.00725	0.00196	0.00299	0.01106	0.06718	0.00598
14	0.82186	0.01227	0.00932	0.00834	0.01227	0.01423	0.00687	0.01865	0.01080	0.02846	0.00883	0.01031	0.00687	0.00589	0.00393	0.00196	0.00491	0.00344	0.00393	0.00687
15	0.02412	0.01777	0.01904	0.01460	0.01967	0.01967	0.01206	0.71633	0.02983	0.03998	0.01523	0.01523	0.01079	0.00762	0.00635	0.00190	0.00698	0.00571	0.00635	0.01079
16	0.00814	0.00584	0.00773	0.00855	0.00929	0.00543	0.00592	0.00986	0.01405	0.01923	0.26422	0.53501	0.04783	0.01761	0.00790	0.00239	0.00346	0.01588	0.00625	0.00543
17	0.00923	0.00615	0.00692	0.00692	0.00692	0.00615	0.00384	0.00923	0.00923	0.01230	0.01999	0.04151	0.02306	0.77705	0.03229	0.00615	0.00615	0.00923	0.00384	0.00384
18	0.01272	0.03281	0.74418	0.01808	0.02746	0.01473	0.02344	0.02009	0.01339	0.02009	0.01138	0.01339	0.00804	0.00603	0.00603	0.00201	0.00938	0.00469	0.00268	0.00938
19	0.01696	0.78087	0.03324	0.01085	0.01628	0.02510	0.01085	0.01900	0.01289	0.01493	0.00882	0.01018	0.00814	0.00543	0.00407	0.00136	0.00678	0.00339	0.00271	0.00814
20	0.01315	0.01128	0.01315	0.00940	0.01503	0.00846	0.00752	0.01597	0.01315	0.02067	0.01128	0.01315	0.00940	0.00470	0.00470	0.00094	0.00470	0.00376	0.00376	0.81583
21	0.01642	0.03774	0.27354	0.01548	0.02142	0.01477	0.07309	0.24495	0.01892	0.05377	0.01873	0.11918	0.04587	0.00886	0.00657	0.00205	0.00745	0.00747	0.00469	0.00905
22	0.03980	0.01472	0.01957	0.47623	0.09664	0.11649	0.04666	0.01950	0.07447	0.01795	0.01236	0.01643	0.00949	0.00644	0.00623	0.00203	0.00848	0.00557	0.00327	0.00767
23	0.00773	0.00552	0.00736	0.00883	0.00920	0.00515	0.00589	0.00883	0.01215	0.01619	0.03497	0.77291	0.04196	0.01987	0.00810	0.00258	0.00368	0.01803	0.00589	0.00515
24	0.00794	0.00567	0.00761	0.00908	0.00954	0.00534	0.00626	0.00920	0.01236	0.01643	0.03485	0.71307	0.04149	0.01967	0.00815	0.00261	0.00386	0.07577	0.00588	0.00521
25	0.04573	0.01530	0.02520	0.11769	0.08058	0.03709	0.26768	0.04413	0.11831	0.02062	0.01347	0.01686	0.01059	0.00718	0.00936	0.00221	0.14957	0.00639	0.00368	0.00837
26	0.01012	0.00855	0.00910	0.00883	0.01102	0.03527	0.00648	0.03826	0.06404	0.01869	0.04008	0.30982	0.28217	0.01479	0.00717	0.00212	0.00415	0.01277	0.00557	0.11100
27	0.01102	0.00551	0.00826	0.00826	0.00826	0.00551	0.00551	0.00826	0.00826	0.01102	0.01102	0.01928	0.01102	0.02204	0.02479	0.81543	0.00551	0.00551	0.00275	0.00275
28	0.00793	0.00586	0.00741	0.00825	0.00914	0.00535	0.00572	0.00948	0.01365	0.01811	0.17266	0.51020	0.16719	0.01790	0.00788	0.00239	0.00347	0.01597	0.00610	0.00535
29	0.04458	0.08327	0.16354	0.07522	0.12551	0.03035	0.06232	0.08685	0.01466	0.02077	0.03939	0.01741	0.04256	0.00775	0.00900	0.00209	0.15702	0.00582	0.00353	0.00837
30	0.01477	0.02996	0.64958	0.01720	0.02600	0.01403	0.02161	0.02149	0.01401	0.11370	0.01315	0.01446	0.00903	0.00626	0.00607	0.00200	0.00886	0.00491	0.00335	0.00956
31	0.00923	0.00615	0.00692	0.00692	0.00692	0.00615	0.00384	0.00923	0.00923	0.01230	0.01999	0.04151	0.02306	0.77705	0.03229	0.00615	0.00615	0.00923	0.00384	0.00384
32	0.00792	0.00578	0.00730	0.00843	0.00907	0.00535	0.00573	0.00907	0.01234	0.01612	0.03798	0.58056	0.14200	0.08195	0.01004	0.00282	0.00390	0.04284	0.00572	0.00510
33	0.06390	0.15761	0.11511	0.01361	0.04387	0.01581	0.01213	0.16007	0.07841	0.21233	0.01751	0.05384	0.01326	0.00759	0.00585	0.00189	0.00642	0.00593	0.00532	0.00953
34	0.01564	0.01571	0.02107	0.02623	0.35549	0.09758	0.01550	0.01968	0.07431	0.01920	0.04009	0.01697	0.01231	0.00911	0.03505	0.00239	0.20569	0.00585	0.00350	0.00863
35	0.01067	0.00696	0.00846	0.00780	0.00992	0.00614	0.00595	0.01311	0.01673	0.10418	0.41359	0.04933	0.29634	0.01349	0.00736	0.00204	0.00335	0.01158	0.00669	0.00631
36	0.06161	0.01413	0.01743	0.07965	0.10139	0.01503	0.01207	0.25283	0.13212	0.22007	0.01848	0.01821	0.01297	0.00742	0.00624	0.00198	0.00634	0.00599	0.00598	0.01008
37	0.01523	0.04391	0.13650	0.08214	0.09033	0.01450	0.16392	0.03853	0.01417	0.09921	0.02990	0.04729	0.04001	0.00921	0.03215	0.00240	0.12154	0.00679	0.00389	0.00836
38	0.01069	0.00779	0.01026	0.13151	0.01553	0.00793	0.00804	0.01379	0.04185	0.06407	0.22686	0.14329	0.19925	0.01271	0.00739	0.00212	0.02199	0.01093	0.05765	0.00636
39	0.04305	0.01685	0.05379	0.09928	0.11577	0.08733	0.29737	0.06081	0.01539	0.03498	0.01297	0.01641	0.00997	0.00620	0.00696	0.00199	0.03393	0.00616	0.07246	0.00834
40	0.01379	0.01111	0.01312	0.00957	0.01502	0.00846	0.00770	0.01659	0.01345	0.05529	0.01274	0.01567	0.01068	0.00531	0.00493	0.00106	0.00477	0.02882	0.00403	0.74789
41	0.01641	0.01447	0.07974	0.21442	0.21630	0.01382	0.07603	0.02024	0.01438	0.15394	0.04191	0.01812	0.01228	0.00699	0.00768	0.00207	0.07228	0.00608	0.00402	0.00881
42	0.00923	0.00615	0.00692	0.00692	0.00692	0.00615	0.00384	0.00923	0.00923	0.01230	0.01999	0.04151	0.02306	0.77705	0.03229	0.00615	0.00615	0.00923	0.00384	0.00384
43	0.00772	0.00593	0.00708	0.00785	0.00898	0.00529	0.00548	0.00915	0.01343	0.01718	0.09322	0.45056	0.30949	0.01795	0.00783	0.00237	0.00345	0.01581	0.00596	0.00529
44	0.04646	0.01083	0.01460	0.01122	0.01611	0.00944	0.00927	0.03064	0.01799	0.72569	0.02466	0.02134	0.01550	0.00781	0.00632	0.00196	0.00539	0.00631	0.00776	0.01071
45	0.00782	0.00559	0.00745	0.00877	0.00922	0.00522	0.00590	0.00907	0.01259	0.01690	0.08859	0.71727	0.04333	0.01935	0.00805	0.00253	0.00363	0.01753	0.00597	0.00522
46	0.01388	0.01388	0.01943	0.01666	0.01666	0.01943	0.01388	0.01527	0.00972	0.01527	0.00833	0.01388	0.00833	0.01110	0.02082	0.00278	0.76544	0.00555	0.00278	0.00694
47	0.00783	0.00559	0.00747	0.00894	0.00935	0.00524	0.00606	0.00900	0.01224	0.01630	0.03491	0.74574	0.04175	0.01978	0.00812	0.00259	0.00376	0.04425	0.00589	0.00518
48	0.01497	0.01711	0.03743	0.02674	0.03316	0.01604	0.71444	0.02032	0.01497	0.02032	0.01283	0.01711	0.00963	0.00535	0.00749	0.00214	0.01070	0.00749	0.00321	0.00856
49	0.01272	0.03281	0.74418	0.01808	0.02746	0.01473	0.02344	0.02009	0.01339	0.02009	0.01138	0.01339	0.00804	0.00603	0.00603	0.00201	0.00938	0.00469	0.00268	0.00938
50	0.00892	0.00644	0.00842	0.00802	0.00946	0.00594	0.00598	0.01182	0.01767	0.02498	0.69939	0.08344	0.05897	0.01331	0.00751	0.00202	0.00303	0.01180	0.00693	0.00594
51	0.82186	0.01227	0.00932	0.00834	0.01227	0.01423	0.00687	0.01865	0.01080	0.02846	0.00883	0.01031	0.00687	0.00589	0.00393	0.00196	0.00491	0.00344	0.00393	0.00687
52	0.82186	0.01227	0.00932	0.00834	0.01227	0.01423	0.00687	0.01865	0.01080	0.02846	0.00883	0.01031	0.00687	0.00589	0.00393	0.00196	0.00491	0.00344	0.00393	0.00687
53	0.01570	0.01507	0.02575	0.03894	0.73748	0.01507	0.01947	0.01947	0.01444	0.02073	0.01193	0.01570	0.01005	0.00565	0.00628	0.00188	0.00754	0.00565	0.00314	0.01005
54	0.01507	0.01301	0.01367	0.01236	0.01582	0.01489	0.00960	0.03161	0.66531	0.02574	0.02910	0.02686	0.08041	0.00924	0.00654	0.00215	0.00487	0.00770	0.00641	0.00964
55	0.00906	0.00680	0.01020	0.01020	0.01133	0.00793	0.00793	0.01133	0.01020	0.01473	0.01699	0.02492	0.01586	0.04758	0.75191	0.01020	0.01699	0.00680	0.00340	0.00566
56	0.01324	0.12416	0.65737	0.01720	0.02609	0.01600	0.02190	0.01996	0.01333	0.01946	0.01107	0.01300	0.00805	0.00595	0.00579	0.00193	0.00906	0.00453	0.00268	0.00922
57	0.01688	0.01730	0.02461	0.03562	0.63200	0.12329	0.01841	0.02033	0.01496	0.01996	0.01162	0.01508	0.00977	0.00578	0.00620	0.00185	0.00811	0.00542	0.00316	0.00965
58	0.02412	0.01777	0.01904	0.01460	0.01967	0.01967	0.01206	0.71633	0.02983	0.03998	0.01523	0.01523	0.01079	0.00762	0.00635	0.00190	0.00698	0.00571	0.00635	0.01079
59	0.01157	0.00843	0.01105	0.01187	0.01369	0.00868	0.01018	0.07397	0.05115	0.02103	0.03170	0.09518	0.03370	0.01634	0.00841	0.00278	0.00580	0.57210	0.00592	0.00644
60	0.08133	0.09853	0.52106	0.01689	0.02479	0.07857	0.05430	0.02033	0.01360	0.01994	0.01088	0.01286	0.00804	0.00597	0.00572	0.00192	0.00901	0.00455	0.00286	0.00884
61	0.01187	0.01112	0.01432	0.01290	0.01461	0.09423	0.06926	0.01425	0.01153	0.01565	0.01495	0.02142	0.01361	0.03381	0.49521	0.00740	0.10111	0.00638	0.03011	0.00626
62	0.00898	0.00648	0.00848	0.00798	0.00948	0.00599	0.00599	0.01197	0.01796	0.02544	0.73413	0.04739	0.05986	0.01297	0.00748	0.00200	0.00299	0.01147	0.00698	0.00599
63	0.01499	0.01746	0.06654	0.02838	0.14942	0.01582	0.56912	0.02017	0.01482	0.02038	0.01262	0.01672	0.00963	0.00543	0.00722	0.00209	0.01011	0.00706	0.00317	0.00884
64	0.01349	0.05507	0.62646	0.08099	0.02797	0.01479	0.02190	0.02020	0.01353	0.05129	0.01189	0.01395	0.00841	0.00611	0.00600	0.00199	0.00904	0.00480	0.00292	0.00920
65	0.00923	0.00615	0.00692	0.00692	0.00692	0.00615	0.00384	0.00923	0.00923	0.01230	0.01999	0.04151	0.02306	0.77705	0.03229	0.00615	0.00615	0.00923	0.00384	0.00384
66	0.00770	0.00643	0.00670	0.00664	0.00869	0.00544	0.00498	0.00949	0.01493	0.01826	0.15471	0.05921	0.64377	0.01565	0.00750	0.00212	0.00318	0.01313	0.00604	0.00544
67	0.01450	0.01515	0.08440	0.28805	0.41550	0.01454	0.01888	0.01870	0.01384	0.03897	0.01202	0.01609	0.00948	0.00599	0.00628	0.00198	0.00795	0.00559	0.00312	0.00897
68	0.01302	0.01065	0.01657	0.10508	0.07370	0.03054	0.15307	0.03344	0.01447	0.03772	0.04854	0.08795	0.07125	0.00864	0.00622	0.00191	0.00602	0.00795	0.26618	0.00707
69	0.00773	0.00552	0.00736	0.00883	0.00920	0.00515	0.00589	0.00883	0.01215	0.01619	0.03497	0.77291	0.04196	0.01987	0.00810	0.00258	0.00368	0.01803	0.00589	0.00515
70	0.01183	0.00591	0.00591	0.00591	0.00739	0.00591	0.00443	0.01478	0.01330	0.02365	0.02069	0.02365	0.01626	0.00739	0.00443	0.00148	0.00296	0.00591	0.81227	0.00591
71	0.01425	0.30200	0.48835	0.01548	0.02344	0.01846	0.01891	0.01970	0.01321	0.01823	0.01046	0.01224	0.00807	0.00581	0.00532	0.00177	0.00844	0.00422	0.00269	0.00893
72	0.09340	0.03205	0.05803	0.01263	0.01778	0.01420	0.01096	0.28012	0.02141	0.36615	0.01891	0.01757	0.01254	0.00744	0.00609	0.00193	0.00620	0.00572	0.00655	0.01032
73	0.01598	0.10115	0.09663	0.01172	0.01661	0.03652	0.01066	0.09044	0.01569	0.10391	0.01750	0.08542	0.01578	0.00840	0.00592	0.00171	0.00604	0.08394	0.00466	0.27132
74	0.01448	0.05322	0.45959	0.01557	0.02277	0.01325	0.04843	0.04104	0.01507	0.10506	0.09709	0.02064	0.05104	0.00752	0.00630	0.00199	0.00777	0.00619	0.00406	0.00892
75	0.01027	0.00809	0.01205	0.01579	0.15531	0.00794	0.01010	0.01254	0.01340	0.01798	0.02938	0.34163	0.03299	0.04155	0.00879	0.00268	0.00532	0.26257	0.00526	0.00633
76	0.09772	0.01339	0.01919	0.11730	0.04848	0.01424	0.12222	0.10769	0.12085	0.18437	0.04428	0.01910	0.01398	0.00740	0.00699	0.00207	0.04010	0.00633	0.00524	0.00906
77	0.03507	0.40584	0.17503	0.01458	0.02061	0.08527	0.08709	0.03688	0.03651	0.03419	0.01090	0.01247	0.00883	0.00585	0.00515	0.00166	0.00801	0.00439	0.00315	0.00852
78	0.00914	0.00650	0.00869	0.00869	0.00930	0.00711	0.00605	0.01036	0.00975	0.01361	0.01837	0.03255	0.01917	0.38282	0.42119	0.00834	0.01201	0.00791	0.00360	0.00483
79	0.01618	0.08606	0.07360	0.01256	0.01614	0.22953	0.01045	0.04124	0.19012	0.01947	0.04385	0.02570	0.12372	0.07430	0.00838	0.00225	0.00722	0.00693	0.00459	0.00770
80	0.01191	0.00933	0.01299	0.20161	0.07309	0.01054	0.01039	0.03710	0.04463	0.01969	0.05571	0.02595	0.07710	0.05410	0.08288	0.00300	0.05370	0.00703	0.20251	0.00673
81	0.00841	0.00643	0.00753	0.00728	0.00890	0.00575	0.00534	0.01060	0.01583	0.02104	0.40836	0.05229	0.32361	0.07938	0.00960	0.00241	0.00335	0.01204	0.00628	0.00555
82	0.01268	0.01236	0.02042	0.51819	0.03599	0.01561	0.06559	0.01625	0.01208	0.01625	0.01063	0.01615	0.00851	0.00750	0.01015	0.00229	0.20365	0.00575	0.00284	0.00713
83	0.00858	0.00658	0.00728	0.00703	0.00907	0.00566	0.00530	0.01062	0.01559	0.04229	0.25673	0.05586	0.51713	0.01491	0.00746	0.00209	0.00322	0.01261	0.00627	0.00571
84	0.00913	0.00653	0.00884	0.00884	0.00950	0.00719	0.00624	0.01046	0.00979	0.01372	0.01823	0.03179	0.01884	0.34957	0.45400	0.00852	0.01250	0.00780	0.00358	0.00491
85	0.00928	0.00663	0.00914	0.01061	0.01165	0.00649	0.00859	0.01152	0.01368	0.01793	0.03411	0.33639	0.03857	0.01841	0.00851	0.00279	0.00503	0.43924	0.00586	0.00558
86	0.01696	0.78087	0.03324	0.01085	0.01628	0.02510	0.01085	0.01900	0.01289	0.01493	0.00882	0.01018	0.00814	0.00543	0.00407	0.00136	0.00678	0.00339	0.00271	0.00814
87	0.01272	0.03281	0.74418	0.01808	0.02746	0.01473	0.02344	0.02009	0.01339	0.02009	0.01138	0.01339	0.00804	0.00603	0.00603	0.00201	0.00938	0.00469	0.00268	0.00938
88	0.01754	0.71683	0.03194	0.01132	0.01657	0.08708	0.01097	0.01954	0.01332	0.01498	0.00890	0.01028	0.00814	0.00552	0.00421	0.00138	0.00718	0.00345	0.00276	0.00807
89	0.00902	0.00639	0.00795	0.00795	0.00851	0.00667	0.00527	0.00990	0.00999	0.01351	0.02278	0.03774	0.08143	0.47293	0.26614	0.00713	0.00945	0.00878	0.00387	0.00457
90	0.01928	0.02163	0.02276	0.05349	0.32579	0.32772	0.06598	0.05251	0.01659	0.01917	0.01122	0.01402	0.00920	0.00612	0.00613	0.00181	0.00943	0.00512	0.00333	0.00872
91	0.02407	0.01697	0.01844	0.01423	0.01922	0.01860	0.01172	0.62393	0.06343	0.09920	0.01659	0.01619	0.01163	0.00768	0.00635	0.00192	0.00675	0.00584	0.00648	0.01075
92	0.02758	0.01141	0.01504	0.01151	0.01645	0.01018	0.00950	0.08890	0.01899	0.65808	0.02374	0.02077	0.01508	0.00773	0.00632	0.00192	0.00551	0.00624	0.00759	0.03748
93	0.01272	0.03281	0.74418	0.01808	0.02746	0.01473	0.02344	0.02009	0.01339	0.02009	0.01138	0.01339	0.00804	0.00603	0.00603	0.00201	0.00938	0.00469	0.00268	0.00938
94	0.01418	0.01453	0.02069	0.01734	0.01803	0.04338	0.07345	0.01594	0.01045	0.01569	0.00898	0.01435	0.00862	0.01136	0.03728	0.00287	0.65726	0.00570	0.00284	0.00706
95	0.00923	0.00615	0.00692	0.00692	0.00692	0.00615	0.00384	0.00923	0.00923	0.01230	0.01999	0.04151	0.02306	0.77705	0.03229	0.00615	0.00615	0.00923	0.00384	0.00384
96	0.01578	0.01363	0.01434	0.01291	0.01650	0.01578	0.01004	0.03371	0.72602	0.02654	0.02582	0.02367	0.01937	0.00861	0.00646	0.00215	0.00502	0.00717	0.00646	0.01004
97	0.02846	0.01080	0.01472	0.01129	0.01619	0.00932	0.00932	0.03092	0.01816	0.74187	0.02503	0.02159	0.01570	0.00785	0.00638	0.00196	0.00540	0.00638	0.00785	0.01080
98	0.00773	0.00552	0.00736	0.00883	0.00920	0.00515	0.00589	0.00883	0.01215	0.01619	0.03497	0.77291	0.04196	0.01987	0.00810	0.00258	0.00368	0.01803	0.00589	0.00515
99	0.82186	0.01227	0.00932	0.00834	0.01227	0.01423	0.00687	0.01865	0.01080	0.02846	0.00883	0.01031	0.00687	0.00589	0.00393	0.00196	0.00491	0.00344	0.00393	0.00687
100	0.02379	0.02738	0.01822	0.01594	0.01963	0.58404	0.01221	0.18351	0.02069	0.02112	0.01105	0.01231	0.00877	0.00678	0.00586	0.00170	0.01042	0.00446	0.00397	0.00814
101	0.00773	0.00573	0.00721	0.00833	0.00909	0.00522	0.00568	0.00899	0.01279	0.01669	0.06390	0.60889	0.17880	0.01890	0.00796	0.00247	0.00357	0.01690	0.00593	0.00522
102	0.00906	0.00680	0.01020	0.01020	0.01133	0.00793	0.00793	0.01133	0.01020	0.01473	0.01699	0.02492	0.01586	0.04758	0.75191	0.01020	0.01699	0.00680	0.00340	0.00566
103	0.00923	0.00615	0.00692	0.00692	0.00692	0.00615	0.00384	0.00923	0.00923	0.01230	0.01999	0.04151	0.02306	0.77705	0.03229	0.00615	0.00615	0.00923	0.00384	0.00384
104	0.10462	0.00782	0.00924	0.00827	0.01068	0.00743	0.00642	0.01594	0.01648	0.14695	0.41147	0.03796	0.10177	0.01109	0.00663	0.00195	0.00364	0.00939	0.07539	0.00684
105	0.01370	0.01391	0.02159	0.07961	0.02101	0.01811	0.11343	0.01589	0.01084	0.01612	0.01079	0.01592	0.02900	0.01003	0.01735	0.00261	0.57398	0.00605	0.00293	0.00713
106	0.01665	0.07412	0.04777	0.15184	0.30820	0.08005	0.10633	0.10055	0.01616	0.02125	0.01189	0.01518	0.00944	0.00603	0.00623	0.00190	0.00837	0.00556	0.00343	0.00904
107	0.01729	0.36534	0.02439	0.04600	0.03578	0.04712	0.01148	0.10212	0.21110	0.02120	0.01442	0.01512	0.01160	0.00692	0.00603	0.00176	0.04428	0.00498	0.00419	0.00888
108	0.00819	0.00624	0.00753	0.00765	0.00911	0.00558	0.00557	0.01028	0.01544	0.02051	0.34683	0.21833	0.28454	0.01560	0.00763	0.00218	0.00323	0.01363	0.00636	0.00558
109	0.01867	0.12116	0.07891	0.01626	0.12271	0.11483	0.01223	0.09159	0.05616	0.14202	0.09924	0.01971	0.01707	0.00745	0.00594	0.00181	0.00677	0.00595	0.05266	0.00884
110	0.02025	0.03716	0.01865	0.07867	0.02067	0.16041	0.01255	0.33492	0.05968	0.02719	0.01371	0.03653	0.01098	0.00821	0.00856	0.00203	0.13038	0.00574	0.00478	0.00891
111	0.00955	0.00697	0.00869	0.00886	0.01015	0.00670	0.00637	0.07032	0.01587	0.02156	0.28275	0.40173	0.09410	0.01612	0.00769	0.00228	0.00369	0.01434	0.00632	0.00594
112	0.01257	0.01125	0.01862	0.28153	0.27847	0.01213	0.03460	0.01598	0.01332	0.01855	0.01677	0.15785	0.01596	0.00868	0.00652	0.00207	0.00684	0.00803	0.07258	0.00770
113	0.00812	0.00647	0.00738	0.00792	0.00965	0.00574	0.00614	0.00993	0.01413	0.01739	0.05318	0.17276	0.47861	0.01696	0.00786	0.00238	0.00385	0.16020	0.00588	0.00543
114	0.01102	0.00551	0.00826	0.00826	0.00826	0.00551	0.00551	0.00826	0.00826	0.01102	0.01102	0.01928	0.01102	0.02204	0.02479	0.81543	0.00551	0.00551	0.00275	0.00275
115	0.02370	0.03023	0.01798	0.01634	0.01961	0.75158	0.01226	0.02533	0.01798	0.01553	0.00981	0.01144	0.00817	0.00654	0.00572	0.00163	0.01144	0.00409	0.00327	0.00735
116	0.00923	0.00615	0.00692	0.00692	0.00692	0.00615	0.00384	0.00923	0.00923	0.01230	0.01999	0.04151	0.02306	0.77705	0.03229	0.00615	0.00615	0.00923	0.00384	0.00384
117	0.00849	0.00830	0.07113	0.00996	0.01136	0.00639	0.02881	0.01029	0.01248	0.01683	0.05818	0.59974	0.05955	0.05551	0.00906	0.00266	0.00446	0.01575	0.00547	0.00559
118	0.01481	0.01267	0.01339	0.01208	0.01546	0.01438	0.00939	0.05078	0.59615	0.02544	0.03002	0.02809	0.10777	0.01061	0.02785	0.00237	0.00520	0.00789	0.00629	0.00936
119	0.01436	0.01476	0.01892	0.08614	0.01924	0.08096	0.01387	0.01606	0.01072	0.01536	0.00906	0.01437	0.00861	0.01165	0.04593	0.00290	0.60184	0.00548	0.00285	0.00694
120	0.04513	0.07002	0.27830	0.01483	0.02107	0.05364	0.01530	0.27273	0.05092	0.05353	0.01408	0.01496	0.01023	0.00684	0.00588	0.00189	0.00762	0.00514	0.04838	0.00952
121	0.01089	0.00556	0.00816	0.00816	0.00816	0.00556	0.00539	0.00834	0.00834	0.01112	0.01169	0.02095	0.01192	0.07848	0.02535	0.75493	0.00556	0.00579	0.00284	0.00284
122	0.01386	0.23423	0.55276	0.01614	0.02445	0.01752	0.02005	0.01980	0.01326	0.01870	0.01069	0.01253	0.00806	0.00587	0.00550	0.00183	0.00868	0.00434	0.00269	0.00904
123	0.01619	0.14091	0.24152	0.01521	0.05175	0.06789	0.01467	0.11933	0.10260	0.02255	0.01383	0.03526	0.01103	0.00670	0.00569	0.00175	0.00739	0.00518	0.00396	0.11660
124	0.01732	0.04976	0.01630	0.01560	0.12827	0.05278	0.01066	0.15766	0.07994	0.11954	0.25201	0.02695	0.02786	0.00901	0.00658	0.00192	0.00562	0.00760	0.00591	0.00872

[dist]
# distance from previous block
# <min> <max>
0	4

[block]
# block no. 1 follows, 35 sequences, length 63
# corresponding to MSA columns:
# 168-230
name=unknown_B
#
# <colnr> <probs for GDERKNQSTAVLIFYWHMCP>
#	G	D	E	R	K	N	Q	S	T	A	V	L	I	F	Y	W	H	M	C	P
0	0.01477	0.05068	0.33786	0.02448	0.24186	0.07683	0.09029	0.01999	0.01443	0.01996	0.04150	0.01561	0.01098	0.00615	0.00622	0.00193	0.00877	0.00545	0.00310	0.00914
1	0.46687	0.24436	0.04026	0.09082	0.01734	0.01751	0.00974	0.01853	0.01171	0.02280	0.00917	0.01108	0.00746	0.00580	0.00430	0.00180	0.00599	0.00370	0.00340	0.00735
2	0.01700	0.01523	0.02426	0.03518	0.63354	0.04096	0.01813	0.02100	0.03563	0.07793	0.01330	0.01625	0.01070	0.00594	0.00627	0.00189	0.00743	0.00570	0.00362	0.01001
3	0.01700	0.01578	0.01926	0.07054	0.07694	0.07715	0.03496	0.17038	0.10753	0.02276	0.01359	0.03748	0.01142	0.00896	0.01166	0.00227	0.28355	0.00611	0.00419	0.00846
4	0.00815	0.00711	0.00796	0.00901	0.06641	0.00613	0.00598	0.00993	0.01446	0.01742	0.06011	0.05745	0.67739	0.01524	0.00740	0.00212	0.00356	0.01277	0.00567	0.00573
5	0.01069	0.00908	0.01290	0.01197	0.01260	0.01156	0.00944	0.01240	0.00992	0.01463	0.01445	0.02314	0.01417	0.11879	0.42622	0.00726	0.26499	0.00666	0.00324	0.00588
6	0.01855	0.01412	0.01502	0.01251	0.01627	0.01579	0.00990	0.33027	0.29486	0.03105	0.02021	0.02137	0.01559	0.06903	0.00826	0.00230	0.00578	0.00657	0.08308	0.00948
7	0.82186	0.01227	0.00932	0.00834	0.01227	0.01423	0.00687	0.01865	0.01080	0.02846	0.00883	0.01031	0.00687	0.00589	0.00393	0.00196	0.00491	0.00344	0.00393	0.00687
8	0.02381	0.02681	0.01827	0.01586	0.01963	0.55027	0.01220	0.21540	0.02124	0.02225	0.01130	0.01248	0.00889	0.00683	0.00589	0.00171	0.01021	0.00453	0.00412	0.00830
9	0.00750	0.00643	0.00643	0.00643	0.00857	0.00536	0.00482	0.00910	0.01446	0.01714	0.06427	0.06105	0.73490	0.01607	0.00750	0.00214	0.00321	0.01339	0.00589	0.00536
10	0.01272	0.03281	0.74418	0.01808	0.02746	0.01473	0.02344	0.02009	0.01339	0.02009	0.01138	0.01339	0.00804	0.00603	0.00603	0.00201	0.00938	0.00469	0.00268	0.00938
11	0.01779	0.01476	0.01521	0.01324	0.01709	0.04245	0.01041	0.13842	0.56848	0.05351	0.02359	0.02186	0.01752	0.00835	0.00641	0.00209	0.00557	0.00681	0.00637	0.01009
12	0.00818	0.00645	0.00737	0.00714	0.00899	0.00565	0.00536	0.01043	0.01607	0.02096	0.37298	0.05475	0.42380	0.01464	0.00749	0.00207	0.00311	0.01251	0.00639	0.00565
13	0.02324	0.01180	0.01477	0.01112	0.01627	0.01033	0.00911	0.11087	0.01806	0.43428	0.01960	0.01822	0.01316	0.00686	0.00586	0.00164	0.00538	0.00549	0.00641	0.25751
14	0.01743	0.01499	0.01524	0.01332	0.01713	0.04804	0.01045	0.14102	0.58576	0.02818	0.02346	0.02181	0.01753	0.00836	0.00641	0.00209	0.00561	0.00681	0.00630	0.01004
15	0.01570	0.01507	0.02575	0.03894	0.73748	0.01507	0.01947	0.01947	0.01444	0.02073	0.01193	0.01570	0.01005	0.00565	0.00628	0.00188	0.00754	0.00565	0.00314	0.01005
16	0.01272	0.03281	0.74418	0.01808	0.02746	0.01473	0.02344	0.02009	0.01339	0.02009	0.01138	0.01339	0.00804	0.00603	0.00603	0.00201	0.00938	0.00469	0.00268	0.00938
17	0.01570	0.01507	0.02575	0.03894	0.73748	0.01507	0.01947	0.01947	0.01444	0.02073	0.01193	0.01570	0.01005	0.00565	0.00628	0.00188	0.00754	0.00565	0.00314	0.01005
18	0.02632	0.01423	0.01685	0.01292	0.01791	0.01442	0.01067	0.36869	0.02391	0.39597	0.02020	0.01846	0.01328	0.00774	0.00636	0.00193	0.00618	0.00605	0.00711	0.01079
19	0.01570	0.01507	0.02575	0.03894	0.73748	0.01507	0.01947	0.01947	0.01444	0.02073	0.01193	0.01570	0.01005	0.00565	0.00628	0.00188	0.00754	0.00565	0.00314	0.01005
20	0.00923	0.00615	0.00692	0.00692	0.00692	0.00615	0.00384	0.00923	0.00923	0.01230	0.01999	0.04151	0.02306	0.77705	0.03229	0.00615	0.00615	0.00923	0.00384	0.00384
21	0.01315	0.01128	0.01315	0.00940	0.01503	0.00846	0.00752	0.01597	0.01315	0.02067	0.01128	0.01315	0.00940	0.00470	0.00470	0.00094	0.00470	0.00376	0.00376	0.81583
22	0.01443	0.01610	0.03454	0.02584	0.06155	0.01514	0.62833	0.01937	0.01473	0.02001	0.01455	0.07702	0.01221	0.00651	0.00748	0.00216	0.01000	0.00824	0.00342	0.00835
23	0.01561	0.01879	0.08148	0.01939	0.02234	0.13241	0.19977	0.01856	0.01269	0.01703	0.00999	0.01432	0.00862	0.00847	0.01376	0.00237	0.38807	0.00577	0.00296	0.00763
24	0.00922	0.00617	0.00703	0.00703	0.00707	0.00621	0.00399	0.00930	0.00926	0.01239	0.01988	0.04093	0.02281	0.75126	0.05774	0.00629	0.00653	0.00914	0.00383	0.00391
25	0.00923	0.00615	0.00692	0.00692	0.00692	0.00615	0.00384	0.00923	0.00923	0.01230	0.01999	0.04151	0.02306	0.77705	0.03229	0.00615	0.00615	0.00923	0.00384	0.00384
26	0.01315	0.01128	0.01315	0.00940	0.01503	0.00846	0.00752	0.01597	0.01315	0.02067	0.01128	0.01315	0.00940	0.00470	0.00470	0.00094	0.00470	0.00376	0.00376	0.81583
27	0.01306	0.09217	0.68777	0.01751	0.02657	0.01556	0.02244	0.02000	0.01335	0.01968	0.01118	0.01314	0.00804	0.00598	0.00587	0.00196	0.00917	0.00458	0.00268	0.00928
28	0.01280	0.00685	0.00695	0.00660	0.00837	0.00700	0.00504	0.07045	0.01461	0.02495	0.02026	0.02298	0.01583	0.00741	0.00459	0.00151	0.00328	0.00590	0.74832	0.00630
29	0.01570	0.01507	0.02575	0.03894	0.73748	0.01507	0.01947	0.01947	0.01444	0.02073	0.01193	0.01570	0.01005	0.00565	0.00628	0.00188	0.00754	0.00565	0.00314	0.01005
30	0.01102	0.00551	0.00826	0.00826	0.00826	0.00551	0.00551	0.00826	0.00826	0.01102	0.01102	0.01928	0.01102	0.02204	0.02479	0.81543	0.00551	0.00551	0.00275	0.00275
31	0.02412	0.01777	0.01904	0.01460	0.01967	0.01967	0.01206	0.71633	0.02983	0.03998	0.01523	0.01523	0.01079	0.00762	0.00635	0.00190	0.00698	0.00571	0.00635	0.01079
32	0.01198	0.01128	0.01903	0.76180	0.04369	0.01409	0.01762	0.01621	0.01268	0.01621	0.01128	0.01691	0.00846	0.00634	0.00634	0.00211	0.00846	0.00564	0.00282	0.00705
33	0.01570	0.01507	0.02575	0.03894	0.73748	0.01507	0.01947	0.01947	0.01444	0.02073	0.01193	0.01570	0.01005	0.00565	0.00628	0.00188	0.00754	0.00565	0.00314	0.01005
34	0.82186	0.01227	0.00932	0.00834	0.01227	0.01423	0.00687	0.01865	0.01080	0.02846	0.00883	0.01031	0.00687	0.00589	0.00393	0.00196	0.00491	0.00344	0.00393	0.00687
35	0.00922	0.00618	0.00706	0.00706	0.00711	0.00623	0.00402	0.00932	0.00927	0.01240	0.01986	0.04080	0.02275	0.74568	0.06324	0.00632	0.00662	0.00912	0.00382	0.00392
36	0.00933	0.00667	0.00920	0.01067	0.01174	0.00654	0.00868	0.01161	0.01373	0.01799	0.03408	0.32165	0.03845	0.01836	0.00853	0.00280	0.00507	0.45346	0.00586	0.00560
37	0.01198	0.01128	0.01903	0.76180	0.04369	0.01409	0.01762	0.01621	0.01268	0.01621	0.01128	0.01691	0.00846	0.00634	0.00634	0.00211	0.00846	0.00564	0.00282	0.00705
38	0.01604	0.01376	0.01449	0.01296	0.01659	0.01590	0.01010	0.05481	0.70450	0.02695	0.02549	0.02341	0.01910	0.00858	0.00645	0.00214	0.00508	0.00713	0.00645	0.01006
39	0.01198	0.01128	0.01903	0.76180	0.04369	0.01409	0.01762	0.01621	0.01268	0.01621	0.01128	0.01691	0.00846	0.00634	0.00634	0.00211	0.00846	0.00564	0.00282	0.00705
40	0.01093	0.00554	0.00820	0.00820	0.00820	0.00554	0.00543	0.00831	0.00831	0.01108	0.01147	0.02040	0.01163	0.06011	0.02517	0.77462	0.00554	0.00570	0.00281	0.00281
41	0.01484	0.05759	0.39484	0.01510	0.02104	0.16670	0.01635	0.04063	0.01401	0.01800	0.01278	0.01849	0.01114	0.15924	0.01111	0.00272	0.00898	0.00544	0.00315	0.00785
42	0.00772	0.00623	0.00687	0.00715	0.00882	0.00538	0.00520	0.00936	0.01432	0.01785	0.13252	0.22300	0.50021	0.01659	0.00763	0.00223	0.00330	0.01424	0.00601	0.00538
43	0.02193	0.11594	0.08654	0.01583	0.01995	0.58054	0.01312	0.04322	0.01730	0.01655	0.00999	0.01158	0.00823	0.00639	0.00558	0.00164	0.01059	0.00411	0.00324	0.00773
44	0.72726	0.01440	0.01035	0.00929	0.01314	0.10162	0.00751	0.01944	0.01165	0.02693	0.00895	0.01044	0.00702	0.00597	0.00414	0.00192	0.00568	0.00351	0.00385	0.00693
45	0.01638	0.01393	0.01469	0.01303	0.01673	0.01606	0.01019	0.08329	0.67545	0.02751	0.02505	0.02306	0.01874	0.00853	0.00645	0.00213	0.00516	0.00707	0.00645	0.01010
46	0.01191	0.00764	0.00961	0.00870	0.01086	0.00720	0.00666	0.01600	0.07818	0.11565	0.53064	0.04318	0.10437	0.01219	0.00726	0.00202	0.00349	0.01061	0.00696	0.00689
47	0.00857	0.00634	0.00704	0.00705	0.00811	0.00587	0.00473	0.00966	0.01249	0.01597	0.11996	0.05104	0.30465	0.36167	0.01882	0.00398	0.00463	0.03958	0.00508	0.00476
48	0.01696	0.78087	0.03324	0.01085	0.01628	0.02510	0.01085	0.01900	0.01289	0.01493	0.00882	0.01018	0.00814	0.00543	0.00407	0.00136	0.00678	0.00339	0.00271	0.00814
49	0.00798	0.00565	0.00739	0.00868	0.00904	0.00534	0.00577	0.00900	0.01186	0.01580	0.03312	0.66433	0.03952	0.11134	0.01104	0.00302	0.00404	0.03643	0.00564	0.00501
50	0.00885	0.00648	0.00830	0.00785	0.00940	0.00593	0.00589	0.01173	0.01766	0.02473	0.67692	0.04855	0.11751	0.01323	0.00748	0.00201	0.00301	0.01164	0.00689	0.00593
51	0.02370	0.03023	0.01798	0.01634	0.01961	0.75158	0.01226	0.02533	0.01798	0.01553	0.00981	0.01144	0.00817	0.00654	0.00572	0.00163	0.01144	0.00409	0.00327	0.00735
52	0.00750	0.00643	0.00643	0.00643	0.00857	0.00536	0.00482	0.00910	0.01446	0.01714	0.06427	0.06105	0.73490	0.01607	0.00750	0.00214	0.00321	0.01339	0.00589	0.00536
53	0.01388	0.01388	0.01943	0.01666	0.01666	0.01943	0.01388	0.01527	0.00972	0.01527	0.00833	0.01388	0.00833	0.01110	0.02082	0.00278	0.76544	0.00555	0.00278	0.00694
54	0.00773	0.00552	0.00736	0.00883	0.00920	0.00515	0.00589	0.00883	0.01215	0.01619	0.03497	0.77291	0.04196	0.01987	0.00810	0.00258	0.00368	0.01803	0.00589	0.00515
55	0.00923	0.00615	0.00692	0.00692	0.00692	0.00615	0.00384	0.00923	0.00923	0.01230	0.01999	0.04151	0.02306	0.77705	0.03229	0.00615	0.00615	0.00923	0.00384	0.00384
56	0.01388	0.01388	0.01943	0.01666	0.01666	0.01943	0.01388	0.01527	0.00972	0.01527	0.00833	0.01388	0.00833	0.01110	0.02082	0.00278	0.76544	0.00555	0.00278	0.00694
57	0.01696	0.78087	0.03324	0.01085	0.01628	0.02510	0.01085	0.01900	0.01289	0.01493	0.00882	0.01018	0.00814	0.00543	0.00407	0.00136	0.00678	0.00339	0.00271	0.00814
58	0.02846	0.01080	0.01472	0.01129	0.01619	0.00932	0.00932	0.03092	0.01816	0.74187	0.02503	0.02159	0.01570	0.00785	0.00638	0.00196	0.00540	0.00638	0.00785	0.01080
59	0.02412	0.01777	0.01904	0.01460	0.01967	0.01967	0.01206	0.71633	0.02983	0.03998	0.01523	0.01523	0.01079	0.00762	0.00635	0.00190	0.00698	0.00571	0.00635	0.01079
60	0.02370	0.03023	0.01798	0.01634	0.01961	0.75158	0.01226	0.02533	0.01798	0.01553	0.00981	0.01144	0.00817	0.00654	0.00572	0.00163	0.01144	0.00409	0.00327	0.00735
61	0.00780	0.00555	0.00734	0.00874	0.00909	0.00520	0.00579	0.00885	0.01200	0.01600	0.03421	0.73603	0.04101	0.05806	0.00932	0.00276	0.00381	0.01759	0.00579	0.00509
62	0.02404	0.04105	0.10504	0.01199	0.01723	0.01087	0.01095	0.02827	0.07336	0.53342	0.02480	0.02233	0.05105	0.00801	0.00632	0.00197	0.00580	0.00648	0.00682	0.01019

[dist]
# distance from previous block
# <min> <max>
0	1

[block]
# block no. 2 follows, 35 sequences, length 66
# corresponding to MSA columns:
# 232-297
name=unknown_C
#
# <colnr> <probs for GDERKNQSTAVLIFYWHMCP>
#	G	D	E	R	K	N	Q	S	T	A	V	L	I	F	Y	W	H	M	C	P
0	0.02691	0.01042	0.01409	0.01093	0.01545	0.00907	0.00888	0.02917	0.01744	0.68305	0.02462	0.02320	0.01630	0.06986	0.00847	0.00230	0.00546	0.00661	0.00753	0.01024
1	0.01254	0.00692	0.00722	0.00681	0.00858	0.00703	0.00520	0.07107	0.01508	0.02514	0.08871	0.02525	0.02000	0.00794	0.00488	0.00156	0.00328	0.00643	0.67002	0.00631
2	0.01281	0.03229	0.72285	0.01870	0.04854	0.01474	0.02332	0.02007	0.01342	0.02011	0.01140	0.01346	0.00810	0.00602	0.00603	0.00201	0.00932	0.00472	0.00269	0.00940
3	0.01772	0.14514	0.28168	0.01734	0.02349	0.29036	0.09865	0.02190	0.01521	0.01763	0.01057	0.01261	0.00829	0.00604	0.00578	0.00178	0.00990	0.00459	0.00297	0.00834
4	0.01061	0.00743	0.00894	0.00852	0.00930	0.00791	0.00570	0.07763	0.01146	0.01559	0.01875	0.03464	0.02000	0.51183	0.21860	0.00680	0.00907	0.00825	0.00397	0.00499
5	0.01315	0.01128	0.01315	0.00940	0.01503	0.00846	0.00752	0.01597	0.01315	0.02067	0.01128	0.01315	0.00940	0.00470	0.00470	0.00094	0.00470	0.00376	0.00376	0.81583
6	0.02412	0.01777	0.01904	0.01460	0.01967	0.01967	0.01206	0.71633	0.02983	0.03998	0.01523	0.01523	0.01079	0.00762	0.00635	0.00190	0.00698	0.00571	0.00635	0.01079
7	0.00898	0.00648	0.00848	0.00798	0.00948	0.00599	0.00599	0.01197	0.01796	0.02544	0.73413	0.04739	0.05986	0.01297	0.00748	0.00200	0.00299	0.01147	0.00698	0.00599
8	0.00906	0.00680	0.01020	0.01020	0.01133	0.00793	0.00793	0.01133	0.01020	0.01473	0.01699	0.02492	0.01586	0.04758	0.75191	0.01020	0.01699	0.00680	0.00340	0.00566
9	0.01300	0.00705	0.00717	0.00675	0.00857	0.00723	0.00517	0.08210	0.01489	0.02522	0.02017	0.02284	0.01574	0.00741	0.00462	0.00152	0.00334	0.00589	0.73493	0.00638
10	0.01548	0.01512	0.02661	0.06632	0.64249	0.01513	0.08608	0.01942	0.01443	0.02051	0.01199	0.01588	0.00995	0.00565	0.00640	0.00192	0.00788	0.00583	0.00313	0.00979
11	0.01830	0.01454	0.01567	0.01341	0.01734	0.01639	0.01080	0.28156	0.40296	0.03073	0.02269	0.02518	0.01787	0.00910	0.00664	0.00213	0.00582	0.07262	0.00636	0.00991
12	0.01198	0.01128	0.01903	0.76180	0.04369	0.01409	0.01762	0.01621	0.01268	0.01621	0.01128	0.01691	0.00846	0.00634	0.00634	0.00211	0.00846	0.00564	0.00282	0.00705
13	0.01198	0.01128	0.01903	0.76180	0.04369	0.01409	0.01762	0.01621	0.01268	0.01621	0.01128	0.01691	0.00846	0.00634	0.00634	0.00211	0.00846	0.00564	0.00282	0.00705
14	0.01234	0.01164	0.01967	0.69244	0.11027	0.01419	0.01780	0.01652	0.01285	0.01664	0.01134	0.01680	0.00861	0.00628	0.00634	0.00209	0.00837	0.00564	0.00285	0.00734
15	0.02846	0.01080	0.01472	0.01129	0.01619	0.00932	0.00932	0.03092	0.01816	0.74187	0.02503	0.02159	0.01570	0.00785	0.00638	0.00196	0.00540	0.00638	0.00785	0.01080
16	0.00773	0.00552	0.00736	0.00883	0.00920	0.00515	0.00589	0.00883	0.01215	0.01619	0.03497	0.77291	0.04196	0.01987	0.00810	0.00258	0.00368	0.01803	0.00589	0.00515
17	0.01031	0.00670	0.00873	0.00828	0.00994	0.00611	0.00618	0.01294	0.01702	0.08155	0.55017	0.14250	0.08798	0.01363	0.00748	0.00208	0.00329	0.01203	0.00685	0.00623
18	0.01336	0.01312	0.01844	0.01596	0.01608	0.01819	0.01324	0.01484	0.00977	0.01521	0.00926	0.01507	0.00914	0.01503	0.09944	0.00357	0.68496	0.00569	0.00284	0.00680
19	0.01523	0.01305	0.01387	0.01251	0.01593	0.01499	0.00971	0.03196	0.66893	0.02645	0.08292	0.02558	0.02263	0.00896	0.00654	0.00214	0.00486	0.00752	0.00650	0.00971
20	0.00766	0.00595	0.00698	0.00775	0.00893	0.00527	0.00542	0.00904	0.01333	0.01687	0.06775	0.43857	0.34785	0.01800	0.00782	0.00237	0.00346	0.01580	0.00592	0.00527
21	0.01294	0.03131	0.67636	0.01891	0.02800	0.01486	0.08975	0.02011	0.01355	0.02011	0.01152	0.01375	0.00819	0.00596	0.00617	0.00202	0.00950	0.00496	0.00273	0.00930
22	0.01198	0.01128	0.01903	0.76180	0.04369	0.01409	0.01762	0.01621	0.01268	0.01621	0.01128	0.01691	0.00846	0.00634	0.00634	0.00211	0.00846	0.00564	0.00282	0.00705
23	0.00909	0.00617	0.00688	0.00688	0.00705	0.00609	0.00392	0.00922	0.00965	0.01269	0.02356	0.04309	0.08045	0.71570	0.03029	0.00583	0.00591	0.00956	0.00401	0.00397
24	0.01383	0.01477	0.04794	0.01648	0.01735	0.04886	0.04129	0.01570	0.01046	0.01562	0.00952	0.01494	0.00908	0.01398	0.08922	0.00338	0.60205	0.00565	0.00287	0.00700
25	0.01313	0.01243	0.01716	0.02114	0.25608	0.08148	0.06146	0.04460	0.01442	0.01894	0.02244	0.36098	0.02443	0.01229	0.00714	0.00219	0.00635	0.01129	0.00455	0.00748
26	0.01696	0.78087	0.03324	0.01085	0.01628	0.02510	0.01085	0.01900	0.01289	0.01493	0.00882	0.01018	0.00814	0.00543	0.00407	0.00136	0.00678	0.00339	0.00271	0.00814
27	0.01502	0.09947	0.28483	0.01859	0.12164	0.03670	0.04234	0.04446	0.16883	0.02160	0.01445	0.01574	0.01104	0.00641	0.00590	0.00186	0.00757	0.00527	0.00380	0.07446
28	0.01698	0.01519	0.03947	0.02187	0.19039	0.08348	0.19214	0.04788	0.01676	0.12477	0.16280	0.02295	0.02082	0.00757	0.00679	0.00196	0.00750	0.00725	0.00475	0.00869
29	0.02370	0.03023	0.01798	0.01634	0.01961	0.75158	0.01226	0.02533	0.01798	0.01553	0.00981	0.01144	0.00817	0.00654	0.00572	0.00163	0.01144	0.00409	0.00327	0.00735
30	0.42907	0.01380	0.08297	0.14133	0.01993	0.01370	0.03276	0.04521	0.01307	0.02502	0.09521	0.01662	0.01377	0.00701	0.00563	0.00202	0.02646	0.00516	0.00402	0.00725
31	0.01500	0.01172	0.01344	0.04090	0.01598	0.01182	0.00896	0.14139	0.19794	0.04676	0.02088	0.15955	0.01896	0.03966	0.00727	0.00201	0.00522	0.00801	0.00539	0.22916
32	0.01033	0.00678	0.00891	0.00821	0.00994	0.00622	0.00622	0.01328	0.01797	0.07499	0.68509	0.04560	0.05680	0.01262	0.00741	0.00199	0.00316	0.01112	0.00704	0.00632
33	0.01315	0.01128	0.01315	0.00940	0.01503	0.00846	0.00752	0.01597	0.01315	0.02067	0.01128	0.01315	0.00940	0.00470	0.00470	0.00094	0.00470	0.00376	0.00376	0.81583
34	0.00910	0.00638	0.00820	0.00826	0.00871	0.00680	0.00550	0.01002	0.00972	0.01339	0.01942	0.06394	0.02102	0.46532	0.30941	0.00757	0.01024	0.00863	0.00375	0.00460
35	0.00923	0.00615	0.00692	0.00692	0.00692	0.00615	0.00384	0.00923	0.00923	0.01230	0.01999	0.04151	0.02306	0.77705	0.03229	0.00615	0.00615	0.00923	0.00384	0.00384
36	0.00824	0.00607	0.00773	0.00829	0.00936	0.00556	0.00594	0.01016	0.01465	0.01973	0.28769	0.38253	0.15022	0.01677	0.00782	0.00232	0.00345	0.04170	0.00628	0.00551
37	0.00923	0.00615	0.00692	0.00692	0.00692	0.00615	0.00384	0.00923	0.00923	0.01230	0.01999	0.04151	0.02306	0.77705	0.03229	0.00615	0.00615	0.00923	0.00384	0.00384
38	0.82186	0.01227	0.00932	0.00834	0.01227	0.01423	0.00687	0.01865	0.01080	0.02846	0.00883	0.01031	0.00687	0.00589	0.00393	0.00196	0.00491	0.00344	0.00393	0.00687
39	0.01696	0.78087	0.03324	0.01085	0.01628	0.02510	0.01085	0.01900	0.01289	0.01493	0.00882	0.01018	0.00814	0.00543	0.00407	0.00136	0.00678	0.00339	0.00271	0.00814
40	0.00923	0.00615	0.00692	0.00692	0.00692	0.00615	0.00384	0.00923	0.00923	0.01230	0.01999	0.04151	0.02306	0.77705	0.03229	0.00615	0.00615	0.00923	0.00384	0.00384
41	0.02370	0.03023	0.01798	0.01634	0.01961	0.75158	0.01226	0.02533	0.01798	0.01553	0.00981	0.01144	0.00817	0.00654	0.00572	0.00163	0.01144	0.00409	0.00327	0.00735
42	0.00923	0.00615	0.00692	0.00692	0.00692	0.00615	0.00384	0.00923	0.00923	0.01230	0.01999	0.04151	0.02306	0.77705	0.03229	0.00615	0.00615	0.00923	0.00384	0.00384
43	0.01198	0.01128	0.01903	0.76180	0.04369	0.01409	0.01762	0.01621	0.01268	0.01621	0.01128	0.01691	0.00846	0.00634	0.00634	0.00211	0.00846	0.00564	0.00282	0.00705
44	0.01183	0.00591	0.00591	0.00591	0.00739	0.00591	0.00443	0.01478	0.01330	0.02365	0.02069	0.02365	0.01626	0.00739	0.00443	0.00148	0.00296	0.00591	0.81227	0.00591
45	0.01696	0.78087	0.03324	0.01085	0.01628	0.02510	0.01085	0.01900	0.01289	0.01493	0.00882	0.01018	0.00814	0.00543	0.00407	0.00136	0.00678	0.00339	0.00271	0.00814
46	0.01666	0.01379	0.01463	0.01276	0.01647	0.01567	0.01003	0.15242	0.54706	0.02850	0.05340	0.02459	0.04771	0.00890	0.00652	0.00210	0.00522	0.00733	0.00643	0.00983
47	0.01648	0.02505	0.48977	0.01549	0.02293	0.01300	0.01819	0.04918	0.01479	0.18483	0.01534	0.01760	0.01110	0.06867	0.00824	0.00233	0.00811	0.00548	0.00410	0.00931
48	0.74531	0.01280	0.01026	0.00894	0.01298	0.01475	0.00737	0.08560	0.01262	0.02957	0.00945	0.01078	0.00725	0.00605	0.00416	0.00196	0.00511	0.00365	0.00416	0.00725
49	0.00898	0.00648	0.00848	0.00798	0.00948	0.00599	0.00599	0.01197	0.01796	0.02544	0.73413	0.04739	0.05986	0.01297	0.00748	0.00200	0.00299	0.01147	0.00698	0.00599
50	0.00847	0.00646	0.00778	0.00745	0.00917	0.00577	0.00559	0.01099	0.01676	0.02260	0.50483	0.05207	0.29094	0.01403	0.00749	0.00205	0.00307	0.01213	0.00661	0.00577
51	0.01524	0.01461	0.02492	0.12768	0.65231	0.01495	0.01924	0.01907	0.01423	0.02017	0.01185	0.01585	0.00985	0.00574	0.00629	0.00191	0.00765	0.00565	0.00310	0.00968
