[name]
unknown

[dist]
# distance from previous block
# <min> <max>
0	1158

[block]
# block no. 0 follows, 50 sequences, length 201
# corresponding to MSA columns:
# 1340-1540
name=unknown_A
#
# <colnr> <probs for GDERKNQSTAVLIFYWHMCP>
#	G	D	E	R	K	N	Q	S	T	A	V	L	I	F	Y	W	H	M	C	P
0	0.00803	0.00574	0.00803	0.00918	0.01033	0.00574	0.00803	0.01033	0.01147	0.01492	0.02639	0.05622	0.02869	0.01377	0.00688	0.00229	0.00459	0.76018	0.00459	0.00459
1	0.01234	0.01184	0.02023	0.03059	0.79373	0.01184	0.01530	0.01530	0.01135	0.01628	0.00938	0.01234	0.00790	0.00444	0.00493	0.00148	0.00592	0.00444	0.00247	0.00790
2	0.00716	0.00519	0.00726	0.00726	0.00789	0.00582	0.00529	0.00842	0.00779	0.01101	0.01404	0.02340	0.01412	0.26823	0.57649	0.00708	0.01085	0.00590	0.00277	0.00403
3	0.00607	0.00434	0.00578	0.00694	0.00723	0.00405	0.00463	0.00694	0.00954	0.01272	0.02747	0.82157	0.03297	0.01562	0.00636	0.00202	0.00289	0.01417	0.00463	0.00405
4	0.01748	0.02143	0.01297	0.01184	0.01424	0.70731	0.00888	0.01889	0.01368	0.01298	0.00875	0.01016	0.00720	0.00522	0.00437	0.00127	0.00818	0.00339	0.10614	0.00564
5	0.00705	0.00510	0.00666	0.00627	0.00745	0.00470	0.00470	0.00941	0.01411	0.01999	0.79110	0.03723	0.04703	0.01019	0.00588	0.00157	0.00235	0.00901	0.00549	0.00470
6	0.02236	0.00848	0.01157	0.00887	0.01272	0.00733	0.00733	0.02429	0.01427	0.79719	0.01966	0.01697	0.01234	0.00617	0.00501	0.00154	0.00424	0.00501	0.00617	0.00848
7	0.01000	0.02578	0.79900	0.01421	0.02157	0.01158	0.01842	0.01579	0.01052	0.01579	0.00895	0.01052	0.00631	0.00474	0.00474	0.00158	0.00737	0.00368	0.00210	0.00737
8	0.01234	0.01184	0.02023	0.03059	0.79373	0.01184	0.01530	0.01530	0.01135	0.01628	0.00938	0.01234	0.00790	0.00444	0.00493	0.00148	0.00592	0.00444	0.00247	0.00790
9	0.01862	0.02376	0.01413	0.01284	0.01541	0.80482	0.00963	0.01990	0.01413	0.01220	0.00770	0.00899	0.00642	0.00514	0.00449	0.00128	0.00899	0.00321	0.00257	0.00578
10	0.01333	0.82783	0.02612	0.00853	0.01279	0.01972	0.00853	0.01493	0.01013	0.01173	0.00693	0.00800	0.00640	0.00426	0.00320	0.00107	0.00533	0.00267	0.00213	0.00640
11	0.02236	0.00848	0.01157	0.00887	0.01272	0.00733	0.00733	0.02429	0.01427	0.79719	0.01966	0.01697	0.01234	0.00617	0.00501	0.00154	0.00424	0.00501	0.00617	0.00848
12	0.02236	0.00848	0.01157	0.00887	0.01272	0.00733	0.00733	0.02429	0.01427	0.79719	0.01966	0.01697	0.01234	0.00617	0.00501	0.00154	0.00424	0.00501	0.00617	0.00848
13	0.01234	0.01184	0.02023	0.03059	0.79373	0.01184	0.01530	0.01530	0.01135	0.01628	0.00938	0.01234	0.00790	0.00444	0.00493	0.00148	0.00592	0.00444	0.00247	0.00790
14	0.01305	0.01166	0.01159	0.01037	0.01321	0.06257	0.00806	0.05527	0.70644	0.02072	0.01917	0.01773	0.01440	0.00663	0.00503	0.00166	0.00432	0.00544	0.00491	0.00778
15	0.00589	0.00505	0.00505	0.00505	0.00673	0.00421	0.00379	0.00715	0.01136	0.01347	0.05049	0.04797	0.79171	0.01262	0.00589	0.00168	0.00252	0.01052	0.00463	0.00421
16	0.02164	0.00965	0.01229	0.00942	0.01331	0.00906	0.00778	0.18476	0.01622	0.63395	0.01802	0.01590	0.01152	0.00613	0.00501	0.00153	0.00451	0.00490	0.00592	0.00848
17	0.68829	0.00973	0.00888	0.02486	0.01121	0.01088	0.02810	0.03968	0.00979	0.11718	0.00879	0.00957	0.00643	0.00485	0.00350	0.00155	0.00415	0.00317	0.00349	0.00591
18	0.00686	0.00552	0.00809	0.00811	0.00889	0.00543	0.06493	0.00800	0.00961	0.01279	0.02619	0.56962	0.10321	0.06464	0.02828	0.00230	0.04705	0.01199	0.00418	0.00429
19	0.00607	0.00434	0.00578	0.00694	0.00723	0.00405	0.00463	0.00694	0.00954	0.01272	0.02747	0.82157	0.03297	0.01562	0.00636	0.00202	0.00289	0.01417	0.00463	0.00405
20	0.01902	0.01384	0.01489	0.01141	0.01540	0.01528	0.00943	0.76082	0.02324	0.04799	0.01213	0.01208	0.00856	0.00599	0.00499	0.00150	0.00546	0.00450	0.00501	0.00848
21	0.02836	0.01634	0.01491	0.29995	0.09901	0.39480	0.02394	0.01639	0.01216	0.01306	0.00949	0.01199	0.02827	0.00520	0.00475	0.00146	0.00757	0.00400	0.00250	0.00587
22	0.86003	0.00964	0.00733	0.00655	0.00964	0.01118	0.00540	0.01465	0.00848	0.02236	0.00694	0.00810	0.00540	0.00463	0.00308	0.00154	0.00386	0.00270	0.00308	0.00540
23	0.01686	0.01255	0.01269	0.03936	0.01457	0.11240	0.00857	0.19977	0.30714	0.19769	0.01620	0.01527	0.01157	0.00618	0.00496	0.00156	0.00511	0.00488	0.00488	0.00781
24	0.02034	0.01131	0.03009	0.01015	0.01412	0.01111	0.00852	0.35337	0.03822	0.42522	0.01608	0.01468	0.01059	0.00607	0.00500	0.00153	0.00485	0.00477	0.00554	0.00844
25	0.01136	0.01204	0.01887	0.30603	0.04251	0.09498	0.25300	0.01524	0.06473	0.01447	0.02877	0.01451	0.02886	0.00546	0.00612	0.00166	0.06751	0.00510	0.00269	0.00609
26	0.00941	0.00886	0.01495	0.81285	0.03433	0.01107	0.01384	0.01274	0.00997	0.01274	0.00886	0.01329	0.00664	0.00498	0.00498	0.00166	0.00664	0.00443	0.00221	0.00554
27	0.00978	0.00906	0.01495	0.78168	0.03360	0.01124	0.01367	0.04247	0.01049	0.01346	0.00898	0.01324	0.00672	0.00502	0.00498	0.00165	0.00660	0.00443	0.00232	0.00565
28	0.01005	0.03965	0.78563	0.01411	0.02142	0.01172	0.01825	0.01577	0.01052	0.01572	0.00891	0.01048	0.00632	0.00473	0.00471	0.00157	0.00733	0.00367	0.00211	0.00735
29	0.86003	0.00964	0.00733	0.00655	0.00964	0.01118	0.00540	0.01465	0.00848	0.02236	0.00694	0.00810	0.00540	0.00463	0.00308	0.00154	0.00386	0.00270	0.00308	0.00540
30	0.00693	0.00509	0.00713	0.00731	0.00798	0.00558	0.00535	0.00826	0.00824	0.01150	0.01728	0.14765	0.04461	0.16510	0.52130	0.00632	0.00991	0.00722	0.00310	0.00414
31	0.01895	0.01396	0.01496	0.01147	0.01546	0.01546	0.00947	0.77711	0.02344	0.03141	0.01197	0.01197	0.00848	0.00598	0.00499	0.00150	0.00548	0.00449	0.00499	0.00848
32	0.00885	0.00742	0.01065	0.01041	0.10553	0.00656	0.05260	0.01135	0.01263	0.01830	0.44179	0.02565	0.02939	0.00741	0.00518	0.00134	0.00350	0.00666	0.00427	0.23048
33	0.00713	0.00529	0.00776	0.00776	0.00856	0.00609	0.00592	0.00874	0.00794	0.01139	0.01358	0.02085	0.01301	0.11413	0.72908	0.00770	0.01252	0.00553	0.00270	0.00431
34	0.01862	0.02376	0.01413	0.01284	0.01541	0.80482	0.00963	0.01990	0.01413	0.01220	0.00770	0.00899	0.00642	0.00514	0.00449	0.00128	0.00899	0.00321	0.00257	0.00578
35	0.01234	0.01184	0.02023	0.03059	0.79373	0.01184	0.01530	0.01530	0.01135	0.01628	0.00938	0.01234	0.00790	0.00444	0.00493	0.00148	0.00592	0.00444	0.00247	0.00790
36	0.00618	0.00503	0.00547	0.00542	0.00693	0.00432	0.00404	0.00770	0.01196	0.01503	0.23052	0.07544	0.58028	0.01215	0.00591	0.00167	0.00250	0.01029	0.00484	0.00432
37	0.00714	0.00526	0.00759	0.00759	0.00834	0.00600	0.00571	0.00863	0.00789	0.01126	0.01373	0.02171	0.01338	0.16564	0.67808	0.00749	0.01196	0.00565	0.00273	0.00422
38	0.01155	0.31542	0.48895	0.01205	0.01816	0.01467	0.01449	0.04509	0.01088	0.01493	0.00833	0.00967	0.00643	0.00461	0.00419	0.00139	0.00656	0.00335	0.00223	0.00706
39	0.00725	0.00483	0.00544	0.00544	0.00544	0.00483	0.00302	0.00725	0.00725	0.00966	0.01571	0.03262	0.01812	0.82483	0.02537	0.00483	0.00483	0.00725	0.00302	0.00302
40	0.01273	0.17002	0.45288	0.01281	0.01866	0.06874	0.03538	0.14135	0.01286	0.01737	0.00902	0.01027	0.00673	0.00487	0.00451	0.00145	0.00683	0.00366	0.00263	0.00724
41	0.01487	0.00769	0.01007	0.00879	0.01138	0.00763	0.00714	0.03507	0.11988	0.35866	0.02009	0.02370	0.04499	0.01488	0.19646	0.00320	0.00638	0.09741	0.00490	0.00680
42	0.01317	0.09230	0.13044	0.01146	0.01542	0.24573	0.07665	0.03367	0.05846	0.01548	0.07818	0.01292	0.01085	0.00518	0.00453	0.00128	0.00630	0.00410	0.00300	0.18088
43	0.00673	0.00491	0.00616	0.00616	0.00711	0.00452	0.00440	0.00842	0.01217	0.01670	0.46915	0.19178	0.13615	0.09361	0.00794	0.00200	0.00273	0.01004	0.00496	0.00434
44	0.02792	0.01114	0.01591	0.44273	0.05374	0.09246	0.08685	0.03031	0.01047	0.01353	0.00913	0.02717	0.00758	0.03126	0.00721	0.00179	0.11801	0.00466	0.00243	0.00571
45	0.83794	0.01006	0.02791	0.00675	0.00995	0.01119	0.00574	0.01468	0.00854	0.02219	0.00699	0.00816	0.00542	0.00463	0.00313	0.00154	0.00395	0.00272	0.00306	0.00545
46	0.01185	0.01247	0.02294	0.19798	0.02553	0.05553	0.46539	0.04720	0.02716	0.02870	0.03007	0.01462	0.02627	0.00492	0.00554	0.00164	0.00748	0.00551	0.00279	0.00642
47	0.01602	0.01825	0.01611	0.01646	0.16710	0.44788	0.07089	0.08613	0.01399	0.01528	0.00987	0.01342	0.00848	0.00555	0.00488	0.00143	0.00763	0.05406	0.00290	0.02369
48	0.01594	0.00947	0.01096	0.00883	0.01196	0.00955	0.00714	0.27786	0.06124	0.25876	0.10828	0.02275	0.14337	0.00764	0.00522	0.00155	0.00412	0.00622	0.02189	0.00725
49	0.01221	0.01214	0.02178	0.02690	0.55774	0.01206	0.19466	0.01623	0.06531	0.01653	0.01030	0.01303	0.00833	0.00455	0.00517	0.00154	0.00637	0.00487	0.00266	0.00762
50	0.00777	0.00565	0.00767	0.00868	0.00989	0.00555	0.00751	0.00994	0.01146	0.01474	0.02933	0.05522	0.12167	0.01363	0.00676	0.00222	0.00434	0.66883	0.00459	0.00454
51	0.00684	0.00509	0.00636	0.00604	0.00731	0.00461	0.00453	0.00899	0.01360	0.01877	0.65307	0.03923	0.18582	0.01064	0.00588	0.00159	0.00238	0.00929	0.00533	0.00461
52	0.00794	0.00563	0.00772	0.00872	0.00973	0.00563	0.00742	0.00995	0.01096	0.01428	0.02509	0.05335	0.02740	0.11261	0.00914	0.00260	0.00462	0.66843	0.00440	0.00440
53	0.01240	0.01071	0.01127	0.01014	0.01296	0.01240	0.00789	0.02649	0.78473	0.02085	0.02029	0.01860	0.01522	0.00676	0.00507	0.00169	0.00394	0.00564	0.00507	0.00789
54	0.01895	0.01396	0.01496	0.01147	0.01546	0.01546	0.00947	0.77711	0.02344	0.03141	0.01197	0.01197	0.00848	0.00598	0.00499	0.00150	0.00548	0.00449	0.00499	0.00848
55	0.00705	0.00510	0.00666	0.00627	0.00745	0.00470	0.00470	0.00941	0.01411	0.01999	0.79110	0.03723	0.04703	0.01019	0.00588	0.00157	0.00235	0.00901	0.00549	0.00470
56	0.01895	0.01396	0.01496	0.01147	0.01546	0.01546	0.00947	0.77711	0.02344	0.03141	0.01197	0.01197	0.00848	0.00598	0.00499	0.00150	0.00548	0.00449	0.00499	0.00848
57	0.86003	0.00964	0.00733	0.00655	0.00964	0.01118	0.00540	0.01465	0.00848	0.02236	0.00694	0.00810	0.00540	0.00463	0.00308	0.00154	0.00386	0.00270	0.00308	0.00540
58	0.01091	0.01091	0.01527	0.01309	0.01309	0.01527	0.01091	0.01200	0.00763	0.01200	0.00654	0.01091	0.00654	0.00872	0.01636	0.00218	0.81570	0.00436	0.00218	0.00545
59	0.00614	0.00438	0.00586	0.00702	0.00733	0.00410	0.00474	0.00705	0.00961	0.01280	0.02744	0.79605	0.03282	0.01555	0.00638	0.00203	0.00295	0.03905	0.00463	0.00407
60	0.00704	0.00511	0.00717	0.00817	0.00892	0.00494	0.01841	0.00861	0.01045	0.01376	0.02671	0.46477	0.03064	0.01460	0.00659	0.00214	0.00374	0.34931	0.00458	0.00433
61	0.01353	0.01508	0.04754	0.01633	0.04005	0.15876	0.35462	0.06290	0.19164	0.01723	0.01200	0.01356	0.00913	0.00517	0.00549	0.00160	0.02006	0.00511	0.00324	0.00695
62	0.00732	0.00585	0.00810	0.03331	0.00937	0.00664	0.00622	0.00874	0.02376	0.01253	0.03289	0.44202	0.02305	0.04915	0.18068	0.00342	0.12885	0.00996	0.00372	0.00444
63	0.03992	0.13080	0.61503	0.01288	0.01945	0.01254	0.01594	0.03348	0.01087	0.05205	0.00918	0.01044	0.00662	0.00476	0.00449	0.00151	0.00679	0.00359	0.00240	0.00725
64	0.00725	0.00483	0.00544	0.00544	0.00544	0.00483	0.00302	0.00725	0.00725	0.00966	0.01571	0.03262	0.01812	0.82483	0.02537	0.00483	0.00483	0.00725	0.00302	0.00302
65	0.04016	0.00709	0.01017	0.00919	0.01103	0.00691	0.09494	0.05538	0.05508	0.08161	0.09236	0.38545	0.04639	0.01117	0.00586	0.00182	0.00395	0.05769	0.00455	0.01921
66	0.17364	0.04119	0.01099	0.00879	0.03038	0.04248	0.03290	0.06897	0.03652	0.06036	0.21180	0.01761	0.01777	0.00614	0.00466	0.00134	0.01667	0.00493	0.00393	0.20893
67	0.01814	0.01186	0.01322	0.01033	0.01401	0.01263	0.00847	0.50668	0.07091	0.18761	0.03663	0.01621	0.05679	0.00657	0.00507	0.00153	0.00487	0.00514	0.00523	0.00809
68	0.00716	0.00517	0.00716	0.00716	0.00776	0.00577	0.00517	0.00836	0.00776	0.01094	0.01413	0.02389	0.01433	0.29732	0.54769	0.00696	0.01054	0.00597	0.00279	0.00398
69	0.01003	0.00949	0.01607	0.64717	0.19517	0.01124	0.01415	0.01328	0.01026	0.01349	0.00897	0.01309	0.00691	0.00487	0.00497	0.00162	0.00649	0.00443	0.00227	0.00604
70	0.21860	0.01832	0.01262	0.10596	0.01627	0.49699	0.00911	0.04108	0.01257	0.01528	0.00779	0.00938	0.00627	0.00502	0.00423	0.00140	0.00738	0.00327	0.00272	0.00574
71	0.00866	0.00433	0.00649	0.00649	0.00649	0.00433	0.00433	0.00649	0.00649	0.00866	0.00866	0.01515	0.00866	0.01732	0.01948	0.85498	0.00433	0.00433	0.00216	0.00216
72	0.01217	0.03197	0.01937	0.27160	0.09948	0.15529	0.21958	0.01504	0.01112	0.01377	0.00909	0.02567	0.00740	0.00525	0.00617	0.00162	0.08215	0.00472	0.00242	0.00612
73	0.01510	0.01548	0.10566	0.01112	0.01459	0.18171	0.00964	0.26265	0.14998	0.04384	0.10123	0.01668	0.01406	0.00651	0.00503	0.00153	0.00577	0.02808	0.00422	0.00712
74	0.00797	0.00491	0.00578	0.00556	0.00674	0.00467	0.00417	0.01028	0.01251	0.01924	0.44767	0.02966	0.05081	0.00841	0.00487	0.00140	0.00234	0.00722	0.36114	0.00467
75	0.01579	0.45995	0.02080	0.01026	0.01399	0.24061	0.00900	0.14827	0.01356	0.01527	0.00802	0.00896	0.00676	0.00481	0.00387	0.00120	0.00639	0.00313	0.00275	0.00658
76	0.01034	0.00886	0.01034	0.00738	0.01181	0.00664	0.00591	0.01255	0.01034	0.01624	0.00886	0.01034	0.00738	0.00369	0.00369	0.00074	0.00369	0.00295	0.00295	0.85530
77	0.08130	0.01635	0.31355	0.19746	0.02287	0.01154	0.13229	0.08228	0.01169	0.03680	0.01109	0.01316	0.03740	0.00515	0.00491	0.00161	0.00664	0.00449	0.00273	0.00669
78	0.01580	0.15636	0.01964	0.01283	0.01690	0.04501	0.19367	0.31764	0.03346	0.08451	0.04704	0.01322	0.01004	0.00544	0.00491	0.00147	0.00602	0.00473	0.00392	0.00740
79	0.00607	0.00434	0.00578	0.00694	0.00723	0.00405	0.00463	0.00694	0.00954	0.01272	0.02747	0.82157	0.03297	0.01562	0.00636	0.00202	0.00289	0.01417	0.00463	0.00405
80	0.00725	0.00483	0.00544	0.00544	0.00544	0.00483	0.00302	0.00725	0.00725	0.00966	0.01571	0.03262	0.01812	0.82483	0.02537	0.00483	0.00483	0.00725	0.00302	0.00302
81	0.01330	0.58525	0.11649	0.00972	0.01410	0.03586	0.00981	0.06650	0.06366	0.01416	0.00842	0.00937	0.00713	0.00473	0.00396	0.00123	0.02391	0.00316	0.00253	0.00672
82	0.02236	0.00848	0.01157	0.00887	0.01272	0.00733	0.00733	0.02429	0.01427	0.79719	0.01966	0.01697	0.01234	0.00617	0.00501	0.00154	0.00424	0.00501	0.00617	0.00848
83	0.01034	0.00886	0.01034	0.00738	0.01181	0.00664	0.00591	0.01255	0.01034	0.01624	0.00886	0.01034	0.00738	0.00369	0.00369	0.00074	0.00369	0.00295	0.00295	0.85530
84	0.00792	0.00588	0.00712	0.00677	0.00813	0.00525	0.00500	0.00974	0.01416	0.01957	0.63167	0.04038	0.19592	0.01128	0.00631	0.00178	0.00278	0.00957	0.00563	0.00516
85	0.01002	0.00960	0.01524	0.40936	0.15688	0.02787	0.06809	0.01359	0.05418	0.01435	0.03684	0.01881	0.08832	0.00622	0.00549	0.00166	0.02568	0.02896	0.00286	0.00597
86	0.01234	0.01184	0.02023	0.03059	0.79373	0.01184	0.01530	0.01530	0.01135	0.01628	0.00938	0.01234	0.00790	0.00444	0.00493	0.00148	0.00592	0.00444	0.00247	0.00790
87	0.11385	0.01122	0.01291	0.07356	0.01519	0.03894	0.06009	0.24723	0.18620	0.06071	0.03167	0.01681	0.01175	0.06714	0.00642	0.00184	0.00515	0.02815	0.00423	0.00693
88	0.00856	0.00479	0.00530	0.00517	0.00634	0.00466	0.00388	0.01090	0.01164	0.01904	0.26826	0.02465	0.02392	0.00723	0.00426	0.00129	0.00233	0.00607	0.57702	0.00466
89	0.22389	0.01069	0.01102	0.00906	0.02771	0.06099	0.02161	0.07784	0.06025	0.04453	0.02864	0.01135	0.00851	0.00491	0.00456	0.00125	0.04329	0.00357	0.00337	0.34296
90	0.02391	0.04146	0.63312	0.01399	0.04407	0.01172	0.02880	0.06311	0.01138	0.02953	0.00926	0.01072	0.00666	0.00476	0.00467	0.00152	0.00689	0.00374	0.00242	0.04826
91	0.01558	0.25339	0.01966	0.01272	0.03270	0.34829	0.11524	0.08172	0.01330	0.01458	0.02813	0.01039	0.00783	0.00491	0.00438	0.00130	0.00722	0.00370	0.00272	0.02224
92	0.02454	0.00600	0.00817	0.00792	0.00894	0.00678	0.00606	0.05230	0.00903	0.02853	0.01410	0.02241	0.01361	0.15953	0.55513	0.00653	0.02482	0.03803	0.00301	0.00457
93	0.02729	0.04949	0.37736	0.03040	0.03328	0.01004	0.11769	0.01407	0.01114	0.04635	0.08645	0.07227	0.06614	0.00675	0.00518	0.00163	0.00601	0.02893	0.00308	0.00644
94	0.01260	0.01181	0.01408	0.01563	0.26332	0.11600	0.00948	0.01492	0.01134	0.04847	0.00932	0.01107	0.00763	0.00423	0.00425	0.00108	0.00514	0.00355	0.00288	0.43320
95	0.00589	0.00505	0.00505	0.00505	0.00673	0.00421	0.00379	0.00715	0.01136	0.01347	0.05049	0.04797	0.79171	0.01262	0.00589	0.00168	0.00252	0.01052	0.00463	0.00421
96	0.01170	0.01116	0.01908	0.07257	0.67647	0.01124	0.03112	0.01455	0.01115	0.01582	0.01069	0.07186	0.00966	0.00529	0.00506	0.00153	0.00579	0.00519	0.00261	0.00745
97	0.01031	0.01005	0.01785	0.55214	0.19023	0.01142	0.10943	0.01367	0.01048	0.01387	0.00912	0.01311	0.00702	0.00477	0.00509	0.00163	0.00672	0.00461	0.00231	0.00617
98	0.01240	0.01071	0.01127	0.01014	0.01296	0.01240	0.00789	0.02649	0.78473	0.02085	0.02029	0.01860	0.01522	0.00676	0.00507	0.00169	0.00394	0.00564	0.00507	0.00789
99	0.00607	0.00435	0.00577	0.00690	0.00722	0.00405	0.00461	0.00694	0.00958	0.01274	0.02792	0.80647	0.04778	0.01556	0.00635	0.00202	0.00288	0.01410	0.00463	0.00405
100	0.01000	0.02578	0.79900	0.01421	0.02157	0.01158	0.01842	0.01579	0.01052	0.01579	0.00895	0.01052	0.00631	0.00474	0.00474	0.00158	0.00737	0.00368	0.00210	0.00737
101	0.00949	0.00894	0.01510	0.79130	0.05524	0.01110	0.01388	0.01281	0.01000	0.01283	0.00887	0.01326	0.00668	0.00497	0.00498	0.00166	0.00662	0.00443	0.00222	0.00560
102	0.01000	0.02578	0.79900	0.01421	0.02157	0.01158	0.01842	0.01579	0.01052	0.01579	0.00895	0.01052	0.00631	0.00474	0.00474	0.00158	0.00737	0.00368	0.00210	0.00737
103	0.00701	0.00529	0.00649	0.00616	0.00750	0.00488	0.00463	0.00957	0.04203	0.01865	0.60730	0.03880	0.20201	0.01057	0.00585	0.00160	0.00245	0.00921	0.00529	0.00472
104	0.00957	0.00902	0.01524	0.77059	0.07536	0.01112	0.01392	0.01287	0.01004	0.01293	0.00889	0.01324	0.00671	0.00495	0.00498	0.00165	0.00661	0.00443	0.00223	0.00566
105	0.50016	0.01084	0.01001	0.00839	0.01163	0.01235	0.00688	0.25788	0.05564	0.02459	0.00961	0.01052	0.00729	0.00693	0.04669	0.00188	0.00489	0.00357	0.00378	0.00646
106	0.00929	0.00465	0.00465	0.00465	0.00581	0.00465	0.00348	0.01161	0.01045	0.01858	0.01626	0.01858	0.01278	0.00581	0.00348	0.00116	0.00232	0.00465	0.85250	0.00465
107	0.05140	0.01492	0.02038	0.01556	0.01939	0.17699	0.34278	0.13098	0.05123	0.06620	0.01063	0.01240	0.00798	0.00517	0.00582	0.00158	0.05167	0.00483	0.00325	0.00683
108	0.58806	0.00955	0.00878	0.00745	0.01073	0.01047	0.00612	0.03956	0.05645	0.20510	0.01088	0.01092	0.00771	0.00516	0.00371	0.00155	0.00400	0.00347	0.00398	0.00636
109	0.00607	0.00434	0.00578	0.00694	0.00723	0.00405	0.00463	0.00694	0.00954	0.01272	0.02747	0.82157	0.03297	0.01562	0.00636	0.00202	0.00289	0.01417	0.00463	0.00405
110	0.00599	0.00505	0.00519	0.00516	0.00680	0.00425	0.00387	0.00735	0.01160	0.01404	0.11609	0.04702	0.72575	0.01241	0.00589	0.00167	0.00251	0.01039	0.00470	0.00425
111	0.00608	0.00506	0.00532	0.00525	0.00685	0.00429	0.00394	0.00753	0.01182	0.01454	0.17290	0.04620	0.66864	0.01222	0.00589	0.00166	0.00250	0.01027	0.00477	0.00429
112	0.00866	0.00433	0.00649	0.00649	0.00649	0.00433	0.00433	0.00649	0.00649	0.00866	0.00866	0.01515	0.00866	0.01732	0.01948	0.85498	0.00433	0.00433	0.00216	0.00216
113	0.01240	0.01071	0.01127	0.01014	0.01296	0.01240	0.00789	0.02649	0.78473	0.02085	0.02029	0.01860	0.01522	0.00676	0.00507	0.00169	0.00394	0.00564	0.00507	0.00789
114	0.01333	0.82783	0.02612	0.00853	0.01279	0.01972	0.00853	0.01493	0.01013	0.01173	0.00693	0.00800	0.00640	0.00426	0.00320	0.00107	0.00533	0.00267	0.00213	0.00640
115	0.00929	0.00465	0.00465	0.00465	0.00581	0.00465	0.00348	0.01161	0.01045	0.01858	0.01626	0.01858	0.01278	0.00581	0.00348	0.00116	0.00232	0.00465	0.85250	0.00465
116	0.01333	0.82783	0.02612	0.00853	0.01279	0.01972	0.00853	0.01493	0.01013	0.01173	0.00693	0.00800	0.00640	0.00426	0.00320	0.00107	0.00533	0.00267	0.00213	0.00640
117	0.00941	0.00886	0.01495	0.81285	0.03433	0.01107	0.01384	0.01274	0.00997	0.01274	0.00886	0.01329	0.00664	0.00498	0.00498	0.00166	0.00664	0.00443	0.00221	0.00554
118	0.01000	0.02578	0.79900	0.01421	0.02157	0.01158	0.01842	0.01579	0.01052	0.01579	0.00895	0.01052	0.00631	0.00474	0.00474	0.00158	0.00737	0.00368	0.00210	0.00737
119	0.86003	0.00964	0.00733	0.00655	0.00964	0.01118	0.00540	0.01465	0.00848	0.02236	0.00694	0.00810	0.00540	0.00463	0.00308	0.00154	0.00386	0.00270	0.00308	0.00540
120	0.01000	0.02578	0.79900	0.01421	0.02157	0.01158	0.01842	0.01579	0.01052	0.01579	0.00895	0.01052	0.00631	0.00474	0.00474	0.00158	0.00737	0.00368	0.00210	0.00737
121	0.01862	0.02376	0.01413	0.01284	0.01541	0.80482	0.00963	0.01990	0.01413	0.01220	0.00770	0.00899	0.00642	0.00514	0.00449	0.00128	0.00899	0.00321	0.00257	0.00578
122	0.00589	0.00505	0.00505	0.00505	0.00673	0.00421	0.00379	0.00715	0.01136	0.01347	0.05049	0.04797	0.79171	0.01262	0.00589	0.00168	0.00252	0.01052	0.00463	0.00421
123	0.86003	0.00964	0.00733	0.00655	0.00964	0.01118	0.00540	0.01465	0.00848	0.02236	0.00694	0.00810	0.00540	0.00463	0.00308	0.00154	0.00386	0.00270	0.00308	0.00540
124	0.00719	0.00505	0.00656	0.00656	0.00695	0.00544	0.00443	0.00797	0.00758	0.01050	0.01467	0.02691	0.01564	0.48014	0.36667	0.00622	0.00856	0.00641	0.00287	0.00365
125	0.01000	0.02578	0.79900	0.01421	0.02157	0.01158	0.01842	0.01579	0.01052	0.01579	0.00895	0.01052	0.00631	0.00474	0.00474	0.00158	0.00737	0.00368	0.00210	0.00737
126	0.00589	0.00505	0.00505	0.00505	0.00673	0.00421	0.00379	0.00715	0.01136	0.01347	0.05049	0.04797	0.79171	0.01262	0.00589	0.00168	0.00252	0.01052	0.00463	0.00421
127	0.00598	0.00505	0.00518	0.00515	0.00679	0.00425	0.00386	0.00733	0.01158	0.01398	0.10884	0.04712	0.73305	0.01243	0.00589	0.00167	0.00251	0.01040	0.00470	0.00425
128	0.01301	0.42415	0.29139	0.01115	0.01624	0.12772	0.01212	0.02800	0.01104	0.01351	0.00782	0.00907	0.00640	0.00458	0.00394	0.00128	0.00655	0.00312	0.00223	0.00668
129	0.00705	0.00510	0.00666	0.00627	0.00745	0.00470	0.00470	0.00941	0.01411	0.01999	0.79110	0.03723	0.04703	0.01019	0.00588	0.00157	0.00235	0.00901	0.00549	0.00470
130	0.00929	0.00465	0.00465	0.00465	0.00581	0.00465	0.00348	0.01161	0.01045	0.01858	0.01626	0.01858	0.01278	0.00581	0.00348	0.00116	0.00232	0.00465	0.85250	0.00465
131	0.00978	0.00922	0.01548	0.66765	0.13869	0.01111	0.01377	0.01294	0.01010	0.01321	0.00931	0.03163	0.00742	0.00524	0.00527	0.00166	0.02477	0.00465	0.00230	0.00583
132	0.03871	0.00942	0.01251	0.01149	0.10503	0.03260	0.00824	0.04157	0.01384	0.62405	0.01751	0.01626	0.01153	0.02708	0.00547	0.00161	0.00462	0.00488	0.00544	0.00812
133	0.00647	0.00507	0.00585	0.00566	0.00709	0.00445	0.00424	0.00827	0.01272	0.01670	0.41800	0.04264	0.42218	0.01142	0.00589	0.00163	0.00244	0.00977	0.00505	0.00445
134	0.01228	0.01179	0.02013	0.04536	0.77940	0.01183	0.01527	0.01525	0.01132	0.01622	0.00937	0.01235	0.00787	0.00445	0.00494	0.00148	0.00594	0.00444	0.00246	0.00785
135	0.01099	0.00955	0.01067	0.00774	0.01209	0.03159	0.00619	0.04805	0.01106	0.01682	0.00897	0.01037	0.00740	0.00384	0.00378	0.00079	0.00394	0.00303	0.00304	0.79011
136	0.05355	0.01971	0.01695	0.01397	0.01725	0.50135	0.15948	0.12836	0.01477	0.01615	0.00875	0.01025	0.00690	0.00505	0.00478	0.00140	0.00815	0.00390	0.00293	0.00634
137	0.00598	0.00470	0.00541	0.00597	0.00697	0.00413	0.00419	0.00705	0.01048	0.01311	0.03932	0.42361	0.42329	0.01408	0.00612	0.00185	0.00270	0.01229	0.00463	0.00413
138	0.01290	0.01126	0.01447	0.16728	0.17089	0.04903	0.02801	0.09388	0.28702	0.04902	0.04189	0.01562	0.01181	0.00581	0.00502	0.00158	0.00529	0.00501	0.00386	0.02036
139	0.00694	0.00509	0.00650	0.00615	0.00738	0.00465	0.00461	0.00918	0.01383	0.01934	0.71701	0.03831	0.12153	0.01043	0.00588	0.00158	0.00237	0.00916	0.00540	0.00465
140	0.00748	0.03508	0.00887	0.00811	0.00901	0.00670	0.02581	0.00891	0.00830	0.01164	0.01501	0.13941	0.01539	0.10134	0.52132	0.02563	0.03797	0.00669	0.00294	0.00437
141	0.00941	0.00886	0.01495	0.81285	0.03433	0.01107	0.01384	0.01274	0.00997	0.01274	0.00886	0.01329	0.00664	0.00498	0.00498	0.00166	0.00664	0.00443	0.00221	0.00554
142	0.02227	0.00863	0.01166	0.00894	0.01280	0.00754	0.00738	0.04386	0.01450	0.77728	0.01946	0.01684	0.01224	0.00616	0.00501	0.00154	0.00427	0.00500	0.00614	0.00848
143	0.01206	0.01081	0.01456	0.04320	0.34428	0.03623	0.01068	0.11694	0.14661	0.01857	0.05518	0.02015	0.13580	0.00666	0.00515	0.00155	0.00493	0.00580	0.00373	0.00709
144	0.00725	0.00483	0.00544	0.00544	0.00544	0.00483	0.00302	0.00725	0.00725	0.00966	0.01571	0.03262	0.01812	0.82483	0.02537	0.00483	0.00483	0.00725	0.00302	0.00302
145	0.01895	0.01396	0.01496	0.01147	0.01546	0.01546	0.00947	0.77711	0.02344	0.03141	0.01197	0.01197	0.00848	0.00598	0.00499	0.00150	0.00548	0.00449	0.00499	0.00848
146	0.01040	0.12352	0.70482	0.01351	0.02050	0.01257	0.01721	0.01568	0.01048	0.01529	0.00870	0.01022	0.00632	0.00468	0.00455	0.00152	0.00712	0.00356	0.00211	0.00725
147	0.00615	0.00513	0.00541	0.00555	0.00717	0.00439	0.00430	0.00754	0.01138	0.01364	0.04756	0.04898	0.69873	0.01276	0.00601	0.00176	0.00278	0.10188	0.00462	0.00425
148	0.01240	0.01071	0.01127	0.01014	0.01296	0.01240	0.00789	0.02649	0.78473	0.02085	0.02029	0.01860	0.01522	0.00676	0.00507	0.00169	0.00394	0.00564	0.00507	0.00789
149	0.06464	0.01080	0.01318	0.02973	0.10273	0.01120	0.00889	0.21764	0.16323	0.27659	0.01534	0.01467	0.01072	0.00585	0.00486	0.00153	0.00471	0.00473	0.00487	0.03410
150	0.01423	0.00839	0.01079	0.03163	0.01243	0.00772	0.03032	0.03535	0.11867	0.29060	0.14110	0.02073	0.06778	0.00670	0.00497	0.00142	0.00390	0.00566	0.00489	0.18273
151	0.02009	0.01179	0.01358	0.01044	0.01435	0.01228	0.00862	0.47171	0.03851	0.32319	0.01511	0.01403	0.01011	0.00607	0.00500	0.00152	0.00497	0.00472	0.00544	0.00846
152	0.00656	0.00505	0.00600	0.00581	0.00716	0.00449	0.00434	0.00844	0.01288	0.01718	0.47458	0.06601	0.34084	0.01132	0.00590	0.00163	0.00244	0.00977	0.00512	0.00449
153	0.01036	0.00990	0.01589	0.47069	0.22663	0.02534	0.01335	0.01320	0.01003	0.01345	0.00904	0.01340	0.00742	0.02738	0.02967	0.00193	0.08947	0.00450	0.00232	0.00605
154	0.00941	0.00886	0.01495	0.81285	0.03433	0.01107	0.01384	0.01274	0.00997	0.01274	0.00886	0.01329	0.00664	0.00498	0.00498	0.00166	0.00664	0.00443	0.00221	0.00554
155	0.02236	0.00848	0.01157	0.00887	0.01272	0.00733	0.00733	0.02429	0.01427	0.79719	0.01966	0.01697	0.01234	0.00617	0.00501	0.00154	0.00424	0.00501	0.00617	0.00848
156	0.00628	0.00466	0.00588	0.00661	0.00735	0.00427	0.00468	0.00750	0.01060	0.01392	0.12760	0.52031	0.18727	0.01422	0.00624	0.00192	0.00286	0.05891	0.00473	0.00420
157	0.01282	0.05938	0.21272	0.05291	0.02193	0.15332	0.32856	0.05674	0.01230	0.01566	0.00952	0.02354	0.00738	0.00480	0.00514	0.00155	0.00778	0.00469	0.00256	0.00669
158	0.01502	0.01910	0.07293	0.01581	0.01965	0.39775	0.29788	0.01861	0.06707	0.01446	0.00957	0.01144	0.00746	0.00487	0.00507	0.00148	0.00830	0.00442	0.00269	0.00639
159	0.00611	0.00437	0.00582	0.00691	0.00724	0.00407	0.00463	0.00704	0.00972	0.01301	0.05718	0.79106	0.03351	0.01540	0.00634	0.00201	0.00287	0.01397	0.00466	0.00407
160	0.33837	0.00940	0.00927	0.00943	0.08103	0.05320	0.00665	0.03209	0.08016	0.06875	0.14734	0.02001	0.11212	0.00689	0.00449	0.00156	0.00398	0.00538	0.00401	0.00587
161	0.01165	0.01364	0.14358	0.01635	0.02108	0.01076	0.45310	0.01575	0.03059	0.08062	0.05041	0.04883	0.04154	0.00558	0.00556	0.00163	0.00690	0.00604	0.00314	0.03324
162	0.01034	0.00886	0.01034	0.00738	0.01181	0.00664	0.00591	0.01255	0.01034	0.01624	0.00886	0.01034	0.00738	0.00369	0.00369	0.00074	0.00369	0.00295	0.00295	0.85530
163	0.01396	0.73151	0.02468	0.00905	0.01311	0.11377	0.00866	0.01552	0.01061	0.01178	0.00702	0.00811	0.00640	0.00437	0.00335	0.00109	0.00577	0.00273	0.00218	0.00632
164	0.01316	0.01400	0.17879	0.02220	0.42675	0.01083	0.06831	0.01654	0.01160	0.13936	0.01167	0.04425	0.00922	0.00519	0.00503	0.00155	0.00601	0.00486	0.00307	0.00765
165	0.00947	0.00886	0.01481	0.67926	0.09344	0.01079	0.01331	0.01256	0.00999	0.01300	0.01002	0.06421	0.00841	0.00570	0.00534	0.00168	0.02608	0.00504	0.00239	0.00563
166	0.01035	0.01115	0.02322	0.01723	0.02115	0.01043	0.57171	0.01378	0.01150	0.01548	0.04335	0.13285	0.05611	0.00681	0.00598	0.00174	0.00696	0.03103	0.00311	0.00606
167	0.01889	0.01582	0.01480	0.01173	0.01545	0.16494	0.00950	0.63372	0.02167	0.02777	0.01116	0.01140	0.00809	0.00582	0.00489	0.00146	0.00615	0.00425	0.00453	0.00797
168	0.01315	0.52861	0.11503	0.01141	0.01597	0.04532	0.12870	0.01563	0.01066	0.04149	0.00813	0.00957	0.00679	0.00453	0.00425	0.00127	0.02711	0.00343	0.00235	0.00659
169	0.02236	0.00848	0.01157	0.00887	0.01272	0.00733	0.00733	0.02429	0.01427	0.79719	0.01966	0.01697	0.01234	0.00617	0.00501	0.00154	0.00424	0.00501	0.00617	0.00848
170	0.00705	0.00510	0.00666	0.00627	0.00745	0.00470	0.00470	0.00941	0.01411	0.01999	0.79110	0.03723	0.04703	0.01019	0.00588	0.00157	0.00235	0.00901	0.00549	0.00470
171	0.01473	0.61488	0.02294	0.00967	0.01349	0.22764	0.00882	0.01624	0.01119	0.01185	0.00713	0.00826	0.00640	0.00450	0.00354	0.00112	0.00630	0.00281	0.00225	0.00623
172	0.00705	0.00510	0.00666	0.00627	0.00745	0.00470	0.00470	0.00941	0.01411	0.01999	0.79110	0.03723	0.04703	0.01019	0.00588	0.00157	0.00235	0.00901	0.00549	0.00470
173	0.00941	0.00886	0.01495	0.81285	0.03433	0.01107	0.01384	0.01274	0.00997	0.01274	0.00886	0.01329	0.00664	0.00498	0.00498	0.00166	0.00664	0.00443	0.00221	0.00554
174	0.01634	0.01260	0.01342	0.01084	0.01436	0.01410	0.00877	0.49852	0.28415	0.02730	0.01588	0.01523	0.03236	0.00643	0.00504	0.00157	0.00488	0.00505	0.00501	0.00816
175	0.01000	0.02578	0.79900	0.01421	0.02157	0.01158	0.01842	0.01579	0.01052	0.01579	0.00895	0.01052	0.00631	0.00474	0.00474	0.00158	0.00737	0.00368	0.00210	0.00737
176	0.00607	0.00436	0.00576	0.00689	0.00722	0.00405	0.00460	0.00695	0.00959	0.01274	0.02811	0.80027	0.05386	0.01553	0.00635	0.00201	0.00288	0.01407	0.00463	0.00405
177	0.01333	0.82783	0.02612	0.00853	0.01279	0.01972	0.00853	0.01493	0.01013	0.01173	0.00693	0.00800	0.00640	0.00426	0.00320	0.00107	0.00533	0.00267	0.00213	0.00640
178	0.00607	0.00434	0.00578	0.00694	0.00723	0.00405	0.00463	0.00694	0.00954	0.01272	0.02747	0.82157	0.03297	0.01562	0.00636	0.00202	0.00289	0.01417	0.00463	0.00405
179	0.00941	0.00886	0.01495	0.81285	0.03433	0.01107	0.01384	0.01274	0.00997	0.01274	0.00886	0.01329	0.00664	0.00498	0.00498	0.00166	0.00664	0.00443	0.00221	0.00554
180	0.00944	0.00810	0.00846	0.00789	0.01014	0.00866	0.00605	0.01767	0.43212	0.01746	0.03323	0.05979	0.34192	0.00954	0.00546	0.00170	0.00331	0.00799	0.00487	0.00621
181	0.86003	0.00964	0.00733	0.00655	0.00964	0.01118	0.00540	0.01465	0.00848	0.02236	0.00694	0.00810	0.00540	0.00463	0.00308	0.00154	0.00386	0.00270	0.00308	0.00540
182	0.02236	0.00848	0.01157	0.00887	0.01272	0.00733	0.00733	0.02429	0.01427	0.79719	0.01966	0.01697	0.01234	0.00617	0.00501	0.00154	0.00424	0.00501	0.00617	0.00848
183	0.02208	0.00894	0.01185	0.00909	0.01295	0.00801	0.00751	0.08768	0.01504	0.73270	0.01902	0.01654	0.01201	0.00615	0.00501	0.00154	0.00435	0.00497	0.00607	0.00848
184	0.00651	0.00495	0.00523	0.00523	0.00614	0.00449	0.00344	0.00720	0.00949	0.01173	0.03464	0.04097	0.43906	0.38287	0.01477	0.00312	0.00358	0.00903	0.00390	0.00367
185	0.01240	0.01071	0.01127	0.01014	0.01296	0.01240	0.00789	0.02649	0.78473	0.02085	0.02029	0.01860	0.01522	0.00676	0.00507	0.00169	0.00394	0.00564	0.00507	0.00789
186	0.00941	0.00886	0.01495	0.81285	0.03433	0.01107	0.01384	0.01274	0.00997	0.01274	0.00886	0.01329	0.00664	0.00498	0.00498	0.00166	0.00664	0.00443	0.00221	0.00554
187	0.00723	0.00490	0.00576	0.00576	0.00587	0.00501	0.00342	0.00745	0.00734	0.00990	0.01541	0.03099	0.01741	0.72654	0.12269	0.00523	0.00590	0.00701	0.00298	0.00320
188	0.01176	0.01345	0.02941	0.02101	0.02605	0.01261	0.77563	0.01597	0.01176	0.01597	0.01008	0.01345	0.00756	0.00420	0.00588	0.00168	0.00840	0.00588	0.00252	0.00672
189	0.01240	0.01071	0.01127	0.01014	0.01296	0.01240	0.00789	0.02649	0.78473	0.02085	0.02029	0.01860	0.01522	0.00676	0.00507	0.00169	0.00394	0.00564	0.00507	0.00789
190	0.00731	0.00522	0.00721	0.00836	0.00919	0.00512	0.00678	0.00908	0.01077	0.01411	0.02679	0.33731	0.03026	0.01445	0.00669	0.00220	0.00397	0.48620	0.00460	0.00439
191	0.00941	0.00886	0.01495	0.81285	0.03433	0.01107	0.01384	0.01274	0.00997	0.01274	0.00886	0.01329	0.00664	0.00498	0.00498	0.00166	0.00664	0.00443	0.00221	0.00554
192	0.00615	0.00439	0.00586	0.00693	0.00724	0.00416	0.00464	0.00703	0.00941	0.01258	0.02655	0.76511	0.03169	0.04238	0.03804	0.00235	0.00336	0.01360	0.00450	0.00403
193	0.01179	0.01339	0.02908	0.02135	0.05364	0.01258	0.74830	0.01594	0.01175	0.01598	0.01006	0.01341	0.00757	0.00421	0.00585	0.00167	0.00831	0.00583	0.00252	0.00676
194	0.01185	0.01119	0.01578	0.46957	0.19573	0.08422	0.01305	0.06165	0.01161	0.03467	0.00933	0.01259	0.00718	0.00492	0.00488	0.00154	0.00646	0.00429	0.00260	0.03687
195	0.00800	0.00532	0.00676	0.00708	0.00810	0.00500	0.00510	0.03535	0.02516	0.07120	0.14779	0.49490	0.10770	0.01324	0.00609	0.00187	0.00304	0.03867	0.00489	0.00472
196	0.00724	0.00485	0.00553	0.00553	0.00556	0.00488	0.00314	0.00731	0.00728	0.00973	0.01562	0.03215	0.01792	0.79653	0.05339	0.00495	0.00514	0.00718	0.00301	0.00307
197	0.01038	0.00900	0.01092	0.00780	0.01225	0.00683	0.02957	0.01266	0.01038	0.01623	0.00890	0.01043	0.00739	0.00371	0.00376	0.00077	0.00384	0.00304	0.00294	0.82921
198	0.05482	0.09035	0.42686	0.01364	0.01954	0.01175	0.14818	0.01709	0.01122	0.14454	0.01064	0.01176	0.00749	0.00483	0.00477	0.00154	0.00668	0.00415	0.00290	0.00725
199	0.01300	0.15661	0.01973	0.02177	0.44387	0.12552	0.03984	0.01539	0.01148	0.01477	0.03370	0.01275	0.02847	0.00505	0.00510	0.00142	0.03764	0.00430	0.00256	0.00700
200	0.00594	0.00505	0.00512	0.00510	0.00676	0.00423	0.00383	0.00725	0.01148	0.01375	0.08254	0.04751	0.75949	0.01252	0.00589	0.00168	0.00252	0.01045	0.00467	0.00423

[dist]
# distance from previous block
# <min> <max>
0	1

[block]
# block no. 1 follows, 50 sequences, length 29
# corresponding to MSA columns:
# 1542-1570
name=unknown_B
#
# <colnr> <probs for GDERKNQSTAVLIFYWHMCP>
#	G	D	E	R	K	N	Q	S	T	A	V	L	I	F	Y	W	H	M	C	P
0	0.01453	0.51539	0.07992	0.02882	0.01471	0.24717	0.00971	0.01639	0.01132	0.01219	0.00735	0.00860	0.00640	0.00457	0.00373	0.00118	0.00658	0.00294	0.00226	0.00627
1	0.07867	0.07601	0.01766	0.02086	0.40665	0.21673	0.01207	0.08406	0.01283	0.01670	0.00881	0.01080	0.00727	0.00476	0.00456	0.00140	0.00647	0.00386	0.00274	0.00710
2	0.00607	0.00434	0.00578	0.00694	0.00723	0.00405	0.00463	0.00694	0.00954	0.01272	0.02747	0.82157	0.03297	0.01562	0.00636	0.00202	0.00289	0.01417	0.00463	0.00405
3	0.00647	0.00507	0.00586	0.00566	0.00709	0.00446	0.00425	0.00828	0.01274	0.01673	0.42089	0.04260	0.41928	0.01141	0.00588	0.00163	0.00244	0.00977	0.00506	0.00446
4	0.01895	0.01396	0.01496	0.01147	0.01546	0.01546	0.00947	0.77711	0.02344	0.03141	0.01197	0.01197	0.00848	0.00598	0.00499	0.00150	0.00548	0.00449	0.00499	0.00848
5	0.00713	0.00532	0.00789	0.00789	0.00873	0.00616	0.00608	0.00882	0.00797	0.01148	0.01346	0.02021	0.01273	0.07542	0.76741	0.00786	0.01294	0.00543	0.00269	0.00438
6	0.86003	0.00964	0.00733	0.00655	0.00964	0.01118	0.00540	0.01465	0.00848	0.02236	0.00694	0.00810	0.00540	0.00463	0.00308	0.00154	0.00386	0.00270	0.00308	0.00540
7	0.01863	0.01380	0.01478	0.01140	0.01534	0.01531	0.00940	0.74085	0.06021	0.03090	0.01237	0.01229	0.00880	0.00602	0.00499	0.00151	0.00541	0.00454	0.00499	0.00845
8	0.00929	0.00465	0.00465	0.00465	0.00581	0.00465	0.00348	0.01161	0.01045	0.01858	0.01626	0.01858	0.01278	0.00581	0.00348	0.00116	0.00232	0.00465	0.85250	0.00465
9	0.01176	0.01345	0.02941	0.02101	0.02605	0.01261	0.77563	0.01597	0.01176	0.01597	0.01008	0.01345	0.00756	0.00420	0.00588	0.00168	0.00840	0.00588	0.00252	0.00672
10	0.00599	0.00503	0.00508	0.00508	0.00664	0.00425	0.00373	0.00716	0.01105	0.01318	0.04789	0.04682	0.73381	0.07342	0.00735	0.00192	0.00270	0.01027	0.00451	0.00412
11	0.01034	0.00886	0.01034	0.00738	0.01181	0.00664	0.00591	0.01255	0.01034	0.01624	0.00886	0.01034	0.00738	0.00369	0.00369	0.00074	0.00369	0.00295	0.00295	0.85530
12	0.01240	0.01071	0.01127	0.01014	0.01296	0.01240	0.00789	0.02649	0.78473	0.02085	0.02029	0.01860	0.01522	0.00676	0.00507	0.00169	0.00394	0.00564	0.00507	0.00789
13	0.00607	0.00434	0.00578	0.00694	0.00723	0.00405	0.00463	0.00694	0.00954	0.01272	0.02747	0.82157	0.03297	0.01562	0.00636	0.00202	0.00289	0.01417	0.00463	0.00405
14	0.86003	0.00964	0.00733	0.00655	0.00964	0.01118	0.00540	0.01465	0.00848	0.02236	0.00694	0.00810	0.00540	0.00463	0.00308	0.00154	0.00386	0.00270	0.00308	0.00540
15	0.00725	0.00483	0.00544	0.00544	0.00544	0.00483	0.00302	0.00725	0.00725	0.00966	0.01571	0.03262	0.01812	0.82483	0.02537	0.00483	0.00483	0.00725	0.00302	0.00302
16	0.00705	0.00510	0.00666	0.00627	0.00745	0.00470	0.00470	0.00941	0.01411	0.01999	0.79110	0.03723	0.04703	0.01019	0.00588	0.00157	0.00235	0.00901	0.00549	0.00470
17	0.02056	0.00808	0.01099	0.00856	0.01210	0.00702	0.00702	0.02253	0.01425	0.70538	0.11079	0.01936	0.01644	0.00664	0.00511	0.00155	0.00402	0.00549	0.00609	0.00804
18	0.01099	0.08045	0.41201	0.07609	0.02284	0.03489	0.24251	0.01557	0.01086	0.01511	0.00904	0.01138	0.00673	0.00467	0.00525	0.00158	0.02657	0.00432	0.00225	0.00687
19	0.00941	0.00886	0.01495	0.81285	0.03433	0.01107	0.01384	0.01274	0.00997	0.01274	0.00886	0.01329	0.00664	0.00498	0.00498	0.00166	0.00664	0.00443	0.00221	0.00554
20	0.00713	0.00530	0.00782	0.00782	0.00864	0.00612	0.00599	0.00878	0.00795	0.01143	0.01353	0.02057	0.01289	0.09689	0.74615	0.00777	0.01271	0.00548	0.00270	0.00434
21	0.01179	0.01116	0.01891	0.08753	0.67769	0.01132	0.01464	0.01473	0.01126	0.01592	0.01062	0.01572	0.00937	0.00519	0.00509	0.00156	0.00588	0.06155	0.00261	0.00747
22	0.01032	0.10467	0.72298	0.01365	0.02071	0.01238	0.01744	0.01570	0.01048	0.01539	0.00875	0.01027	0.00632	0.00469	0.00458	0.00153	0.00717	0.00358	0.00211	0.00727
23	0.00723	0.00553	0.00640	0.06649	0.00925	0.00497	0.00488	0.00885	0.01184	0.05671	0.16168	0.04199	0.57371	0.01132	0.00577	0.00166	0.00290	0.00953	0.00466	0.00462
24	0.01000	0.02578	0.79900	0.01421	0.02157	0.01158	0.01842	0.01579	0.01052	0.01579	0.00895	0.01052	0.00631	0.00474	0.00474	0.00158	0.00737	0.00368	0.00210	0.00737
25	0.01958	0.01389	0.01360	0.03509	0.09126	0.24625	0.00918	0.09249	0.01468	0.39240	0.01406	0.01356	0.00961	0.00564	0.00485	0.00146	0.00601	0.00435	0.00451	0.00754
26	0.00725	0.00483	0.00544	0.00544	0.00544	0.00483	0.00302	0.00725	0.00725	0.00966	0.01571	0.03262	0.01812	0.82483	0.02537	0.00483	0.00483	0.00725	0.00302	0.00302
27	0.00654	0.00504	0.00598	0.00581	0.00715	0.00447	0.00433	0.00839	0.01280	0.01704	0.45962	0.07719	0.34479	0.01141	0.00591	0.00163	0.00245	0.00985	0.00510	0.00447
28	0.01478	0.04864	0.01336	0.00948	0.01368	0.01164	0.00781	0.39485	0.01687	0.02362	0.01033	0.01104	0.00788	0.00486	0.00432	0.00113	0.00466	0.00371	0.00393	0.39340

[dist]
# distance from previous block
# <min> <max>
0	13

[block]
# block no. 2 follows, 50 sequences, length 29
# corresponding to MSA columns:
# 1584-1612
name=unknown_C
#
# <colnr> <probs for GDERKNQSTAVLIFYWHMCP>
#	G	D	E	R	K	N	Q	S	T	A	V	L	I	F	Y	W	H	M	C	P
0	0.08279	0.47461	0.16390	0.01139	0.05531	0.08012	0.04159	0.01552	0.01052	0.01379	0.00761	0.00899	0.00643	0.00446	0.00377	0.00126	0.00603	0.00312	0.00227	0.00653
1	0.00663	0.00497	0.00696	0.00883	0.07196	0.00472	0.00545	0.00764	0.00961	0.01290	0.02554	0.72504	0.03034	0.04533	0.00696	0.00209	0.00321	0.01311	0.00439	0.00433
2	0.01265	0.01124	0.01139	0.01025	0.01306	0.04450	0.00796	0.02622	0.75351	0.02050	0.01978	0.01821	0.01486	0.00670	0.00505	0.00167	0.00415	0.00554	0.00497	0.00780
3	0.00705	0.00510	0.00666	0.00627	0.00745	0.00470	0.00470	0.00941	0.01411	0.01999	0.79110	0.03723	0.04703	0.01019	0.00588	0.00157	0.00235	0.00901	0.00549	0.00470
4	0.01023	0.08286	0.74400	0.01380	0.02095	0.01216	0.01771	0.01572	0.01050	0.01550	0.00880	0.01034	0.00632	0.00470	0.00463	0.00154	0.00722	0.00361	0.00211	0.00730
5	0.00723	0.00490	0.00579	0.00579	0.00591	0.00502	0.00346	0.00747	0.00735	0.00992	0.01538	0.03084	0.01735	0.71748	0.13166	0.00527	0.00599	0.00699	0.00297	0.00322
6	0.01566	0.01875	0.01300	0.01184	0.01387	0.54546	0.00900	0.03395	0.04340	0.01304	0.01190	0.08670	0.04451	0.00698	0.00628	0.00151	0.11074	0.00482	0.00295	0.00565
7	0.00866	0.00433	0.00649	0.00649	0.00649	0.00433	0.00433	0.00649	0.00649	0.00866	0.00866	0.01515	0.00866	0.01732	0.01948	0.85498	0.00433	0.00433	0.00216	0.00216
8	0.06554	0.07756	0.01365	0.00957	0.01346	0.01122	0.00803	0.27032	0.01663	0.43953	0.01541	0.01411	0.01021	0.00587	0.00475	0.00149	0.00472	0.00452	0.00528	0.00814
9	0.00949	0.00897	0.01497	0.77144	0.03323	0.01129	0.01369	0.01270	0.00985	0.01270	0.00874	0.01317	0.00664	0.00518	0.00557	0.00169	0.04853	0.00443	0.00221	0.00553
