[name]
unknown

[dist]
# distance from previous block
# <min> <max>
0	0

[block]
# block no. 0 follows, 46 sequences, length 60
# corresponding to MSA columns:
# 0-7,9-60
name=unknown_A
#
# <colnr> <probs for GDERKNQSTAVLIFYWHMCP>
#	G	D	E	R	K	N	Q	S	T	A	V	L	I	F	Y	W	H	M	C	P
0	0.00852	0.00608	0.00852	0.00974	0.01095	0.00608	0.00852	0.01095	0.01217	0.01582	0.02799	0.05963	0.03042	0.01460	0.00730	0.00243	0.00487	0.74565	0.00487	0.00487
1	0.01060	0.02735	0.78682	0.01507	0.02288	0.01228	0.01953	0.01674	0.01116	0.01674	0.00949	0.01116	0.00670	0.00502	0.00502	0.00167	0.00781	0.00391	0.00223	0.00781
2	0.02372	0.00900	0.01227	0.00941	0.01350	0.00777	0.00777	0.02576	0.01513	0.78489	0.02086	0.01799	0.01309	0.00654	0.00532	0.00164	0.00450	0.00532	0.00654	0.00900
3	0.00748	0.00540	0.00707	0.00665	0.00790	0.00499	0.00499	0.00998	0.01496	0.02120	0.77844	0.03949	0.04988	0.01081	0.00624	0.00166	0.00249	0.00956	0.00582	0.00499
4	0.01096	0.00940	0.01096	0.00783	0.01253	0.00705	0.00626	0.01331	0.01096	0.01723	0.00940	0.01096	0.00783	0.00392	0.00392	0.00078	0.00392	0.00313	0.00313	0.84653
5	0.01027	0.00969	0.01638	0.72942	0.10622	0.01182	0.01483	0.01376	0.01071	0.01386	0.00945	0.01400	0.00717	0.00523	0.00528	0.00174	0.00698	0.00470	0.00237	0.00611
6	0.00741	0.00530	0.00722	0.00829	0.00906	0.00511	0.00643	0.00911	0.01143	0.01519	0.09889	0.42409	0.03446	0.01520	0.00693	0.00222	0.00377	0.32031	0.00498	0.00460
7	0.01126	0.01045	0.01351	0.01078	0.01319	0.01151	0.00885	0.01302	0.00956	0.01503	0.00820	0.01126	0.00740	0.00652	0.01047	0.00153	0.39440	0.00386	0.00273	0.43647
8	0.00852	0.00608	0.00852	0.00974	0.01095	0.00608	0.00852	0.01095	0.01217	0.01582	0.02799	0.05963	0.03042	0.01460	0.00730	0.00243	0.00487	0.74565	0.00487	0.00487
9	0.00684	0.00495	0.00646	0.00698	0.00773	0.00457	0.00489	0.00840	0.01212	0.01655	0.32356	0.46986	0.07913	0.01415	0.00652	0.00194	0.00282	0.01269	0.00526	0.00457
10	0.08204	0.00970	0.01135	0.00961	0.01154	0.01089	0.00747	0.30459	0.01421	0.02015	0.01020	0.01372	0.00862	0.01171	0.01292	0.36767	0.08001	0.00452	0.00355	0.00552
11	0.00769	0.00513	0.00577	0.00577	0.00577	0.00513	0.00320	0.00769	0.00769	0.01025	0.01666	0.03460	0.01922	0.81421	0.02691	0.00513	0.00513	0.00769	0.00320	0.00320
12	0.01504	0.04838	0.29280	0.01136	0.01646	0.08313	0.01184	0.01857	0.01301	0.23505	0.09339	0.01580	0.01320	0.00596	0.00502	0.00151	0.00594	0.00472	0.00399	0.10484
13	0.00801	0.00604	0.00724	0.00795	0.00868	0.02490	0.00551	0.07663	0.01158	0.01529	0.02712	0.71821	0.03190	0.01536	0.00657	0.00208	0.00348	0.01381	0.00489	0.00477
14	0.01308	0.01256	0.02146	0.03245	0.78123	0.01256	0.01622	0.01622	0.01204	0.01727	0.00994	0.01308	0.00837	0.00471	0.00523	0.00157	0.00628	0.00471	0.00262	0.00837
15	0.01554	0.01263	0.01495	0.01205	0.01568	0.01389	0.07941	0.33925	0.32228	0.02598	0.03893	0.01835	0.05254	0.00698	0.00549	0.00170	0.00520	0.00585	0.00507	0.00822
16	0.01945	0.01448	0.01550	0.01203	0.01615	0.01609	0.00989	0.69467	0.09485	0.03227	0.01352	0.01335	0.00966	0.00642	0.00530	0.00161	0.00566	0.00487	0.00530	0.00893
17	0.01054	0.00895	0.01051	0.00779	0.01207	0.00679	0.00614	0.01275	0.01088	0.01688	0.01125	0.08592	0.01037	0.00510	0.00418	0.00091	0.00384	0.00425	0.00330	0.76759
18	0.01113	0.02478	0.64814	0.01539	0.02257	0.01252	0.08818	0.03156	0.06394	0.01744	0.01049	0.01207	0.00751	0.00514	0.00517	0.00169	0.00763	0.00428	0.00255	0.00781
19	0.42184	0.01110	0.01366	0.01209	0.08590	0.01134	0.11984	0.05386	0.01105	0.02118	0.00882	0.01058	0.00694	0.00468	0.00414	0.00146	0.00507	0.00370	0.00319	0.18957
20	0.01414	0.01114	0.01198	0.01063	0.01372	0.01265	0.00831	0.02787	0.70077	0.09361	0.02146	0.01956	0.01585	0.00711	0.00537	0.00178	0.00421	0.00592	0.00549	0.00843
21	0.02002	0.01695	0.01568	0.01246	0.01638	0.17679	0.01008	0.61025	0.02282	0.02911	0.01176	0.01204	0.00854	0.00616	0.00518	0.00154	0.00658	0.00448	0.00476	0.00840
22	0.00769	0.00513	0.00577	0.00577	0.00577	0.00513	0.00320	0.00769	0.00769	0.01025	0.01666	0.03460	0.01922	0.81421	0.02691	0.00513	0.00513	0.00769	0.00320	0.00320
23	0.10603	0.01227	0.04355	0.01053	0.01474	0.01197	0.00897	0.33338	0.01842	0.36261	0.01562	0.01455	0.01037	0.00623	0.00508	0.00162	0.00514	0.00478	0.00552	0.00861
24	0.07567	0.01137	0.01231	0.08377	0.01545	0.11456	0.00832	0.04776	0.01402	0.37588	0.05872	0.01588	0.01239	0.00603	0.00495	0.00149	0.00524	0.00475	0.00484	0.12660
25	0.00644	0.00460	0.00613	0.00736	0.00767	0.00429	0.00491	0.00736	0.01012	0.01350	0.02914	0.81076	0.03497	0.01656	0.00675	0.00215	0.00307	0.01503	0.00491	0.00429
26	0.01256	0.01201	0.02008	0.02926	0.66444	0.01243	0.01514	0.01539	0.01156	0.01663	0.01076	0.05874	0.00977	0.00582	0.00646	0.00167	0.08139	0.00529	0.00272	0.00790
27	0.01273	0.01304	0.02472	0.06240	0.47698	0.01282	0.28504	0.01636	0.01213	0.01699	0.01019	0.01355	0.00819	0.00464	0.00560	0.00166	0.00726	0.00526	0.00263	0.00782
28	0.00755	0.00566	0.00850	0.00850	0.00944	0.00661	0.00661	0.00944	0.00850	0.01227	0.01416	0.02077	0.01322	0.03965	0.79326	0.00850	0.01416	0.00566	0.00283	0.00472
29	0.00627	0.00528	0.00543	0.00554	0.00719	0.00445	0.00410	0.00757	0.01187	0.01421	0.05125	0.12255	0.70890	0.01369	0.00630	0.00182	0.00271	0.01152	0.00491	0.00445
30	0.02191	0.01055	0.05852	0.01095	0.01537	0.00856	0.07959	0.02441	0.01465	0.66836	0.01925	0.01725	0.01224	0.00626	0.00539	0.00165	0.00511	0.00532	0.00593	0.00875
31	0.01060	0.02735	0.78682	0.01507	0.02288	0.01228	0.01953	0.01674	0.01116	0.01674	0.00949	0.01116	0.00670	0.00502	0.00502	0.00167	0.00781	0.00391	0.00223	0.00781
32	0.00762	0.00540	0.00716	0.00716	0.00765	0.00588	0.00495	0.00859	0.00810	0.01129	0.01538	0.02751	0.01614	0.41743	0.41948	0.00685	0.00975	0.00665	0.00301	0.00398
33	0.00755	0.00566	0.00850	0.00850	0.00944	0.00661	0.00661	0.00944	0.00850	0.01227	0.01416	0.02077	0.01322	0.03965	0.79326	0.00850	0.01416	0.00566	0.00283	0.00472
34	0.01226	0.04477	0.02639	0.01915	0.02280	0.01454	0.49900	0.01558	0.01105	0.01545	0.00940	0.01320	0.00764	0.00595	0.00959	0.00192	0.25648	0.00560	0.00255	0.00670
35	0.08992	0.02573	0.71334	0.01430	0.02169	0.01224	0.01823	0.01663	0.01096	0.01740	0.00929	0.01092	0.00661	0.00501	0.00486	0.00167	0.00746	0.00381	0.00233	0.00762
36	0.01475	0.56688	0.02310	0.01000	0.01379	0.18910	0.00907	0.01639	0.01146	0.01253	0.00817	0.00987	0.00740	0.00804	0.07820	0.00188	0.00731	0.00322	0.00242	0.00645
37	0.01123	0.00939	0.01099	0.00786	0.01255	0.00706	0.00630	0.01357	0.01105	0.03347	0.00964	0.01111	0.00794	0.00397	0.00394	0.00080	0.00393	0.00318	0.00320	0.82880
38	0.06128	0.22288	0.35962	0.01155	0.01700	0.01320	0.01298	0.03142	0.01162	0.11550	0.01221	0.08666	0.01020	0.00620	0.00471	0.00157	0.00613	0.00482	0.00317	0.00728
39	0.02062	0.01250	0.01383	0.01080	0.01465	0.04929	0.00878	0.39536	0.03167	0.31389	0.01592	0.01591	0.01113	0.05277	0.00652	0.00180	0.00543	0.00509	0.00552	0.00851
40	0.00746	0.00551	0.00757	0.00757	0.00837	0.00606	0.00557	0.00886	0.00864	0.01199	0.01846	0.02682	0.08685	0.21695	0.54115	0.00708	0.01098	0.00665	0.00311	0.00434
41	0.01841	0.08970	0.01619	0.01140	0.01537	0.01587	0.00949	0.61809	0.03997	0.02995	0.05644	0.01442	0.01149	0.02208	0.00558	0.00162	0.00556	0.00494	0.00500	0.00843
42	0.01285	0.01389	0.09310	0.02956	0.66564	0.01257	0.01609	0.01695	0.05557	0.01750	0.01057	0.01328	0.00866	0.00488	0.00522	0.00159	0.00630	0.00471	0.00274	0.00832
43	0.08992	0.02573	0.71334	0.01430	0.02169	0.01224	0.01823	0.01663	0.01096	0.01740	0.00929	0.01092	0.00661	0.00501	0.00486	0.00167	0.00746	0.00381	0.00233	0.00762
44	0.00829	0.00514	0.00595	0.00586	0.00708	0.00487	0.00435	0.01055	0.01274	0.01940	0.34063	0.08506	0.10200	0.00950	0.00521	0.00153	0.00254	0.00815	0.35630	0.00487
45	0.00976	0.00822	0.01145	0.08470	0.01321	0.01021	0.00853	0.06387	0.00974	0.01384	0.01270	0.06391	0.01249	0.11374	0.30873	0.00486	0.23583	0.00599	0.00298	0.00523
46	0.01737	0.01221	0.09001	0.01612	0.13362	0.01004	0.17241	0.02066	0.02733	0.37737	0.01639	0.05667	0.01186	0.00620	0.00555	0.00169	0.00595	0.00580	0.00460	0.00814
47	0.00644	0.00460	0.00613	0.00736	0.00767	0.00429	0.00491	0.00736	0.01012	0.01350	0.02914	0.81076	0.03497	0.01656	0.00675	0.00215	0.00307	0.01503	0.00491	0.00429
48	0.01160	0.05798	0.68439	0.01470	0.02190	0.08625	0.01824	0.01712	0.01151	0.01622	0.00928	0.01090	0.00671	0.00504	0.00493	0.00162	0.00789	0.00382	0.00228	0.00761
49	0.01257	0.01370	0.09116	0.01480	0.01899	0.01298	0.25370	0.02303	0.44005	0.01979	0.01745	0.01771	0.02643	0.00620	0.00564	0.00178	0.00603	0.00596	0.00420	0.00784
50	0.00676	0.00483	0.00650	0.00772	0.00817	0.00457	0.00546	0.00791	0.01043	0.01385	0.02896	0.69679	0.03428	0.01627	0.00683	0.00219	0.00334	0.12589	0.00490	0.00438
51	0.00998	0.00940	0.01586	0.80150	0.03641	0.01175	0.01468	0.01351	0.01057	0.01351	0.00940	0.01409	0.00705	0.00529	0.00529	0.00176	0.00705	0.00470	0.00235	0.00587
52	0.33580	0.01800	0.01199	0.01069	0.01375	0.42295	0.00828	0.01943	0.01272	0.08938	0.00905	0.00997	0.00699	0.00535	0.00425	0.00149	0.00700	0.00338	0.00329	0.00624
53	0.01655	0.01734	0.02245	0.01721	0.02140	0.28734	0.37653	0.01988	0.03431	0.11762	0.01145	0.01324	0.00849	0.00516	0.00557	0.00162	0.00842	0.00511	0.00328	0.00706
54	0.02372	0.00900	0.01227	0.00941	0.01350	0.00777	0.00777	0.02576	0.01513	0.78489	0.02086	0.01799	0.01309	0.00654	0.00532	0.00164	0.00450	0.00532	0.00654	0.00900
55	0.00847	0.00592	0.00787	0.00810	0.00933	0.00582	0.00638	0.03945	0.01290	0.03807	0.27397	0.19909	0.05223	0.01553	0.08034	0.00262	0.00457	0.21923	0.00506	0.00504
56	0.01236	0.01320	0.01570	0.52498	0.02905	0.18644	0.01329	0.01510	0.01124	0.01328	0.00881	0.01275	0.00698	0.00583	0.00672	0.00174	0.10978	0.00440	0.00243	0.00592
57	0.01184	0.01018	0.01136	0.00900	0.01302	0.00949	0.00711	0.01922	0.31530	0.01918	0.01425	0.01447	0.01115	0.00522	0.00450	0.00119	0.00402	0.00427	0.00403	0.51121
58	0.08668	0.01096	0.01208	0.08485	0.01556	0.01234	0.00875	0.11223	0.43501	0.02209	0.02970	0.01937	0.01429	0.00696	0.00520	0.00172	0.00464	0.04777	0.00472	0.06508
59	0.01177	0.01162	0.01846	0.18011	0.36815	0.03754	0.06322	0.01454	0.01127	0.01538	0.01346	0.01656	0.08005	0.00634	0.00723	0.00175	0.12750	0.00536	0.00274	0.00696

[dist]
# distance from previous block
# <min> <max>
0	2

[block]
# block no. 1 follows, 46 sequences, length 24
# corresponding to MSA columns:
# 63-86
name=unknown_B
#
# <colnr> <probs for GDERKNQSTAVLIFYWHMCP>
#	G	D	E	R	K	N	Q	S	T	A	V	L	I	F	Y	W	H	M	C	P
0	0.01322	0.55254	0.13472	0.00983	0.01417	0.06888	0.00995	0.01534	0.01072	0.01284	0.00883	0.01207	0.00826	0.10176	0.00654	0.00170	0.00616	0.00361	0.00240	0.00646
1	0.63003	0.01296	0.01032	0.01057	0.08700	0.14260	0.00751	0.01654	0.01030	0.02128	0.00775	0.00919	0.00617	0.00498	0.00371	0.00158	0.00522	0.00313	0.00312	0.00605
2	0.01409	0.00790	0.00933	0.00832	0.01070	0.00809	0.00647	0.03452	0.20856	0.22581	0.02045	0.11404	0.01655	0.00999	0.05724	0.00208	0.00437	0.00656	0.22803	0.00691
3	0.01888	0.01059	0.01217	0.00950	0.01354	0.06040	0.00767	0.04192	0.09960	0.42993	0.01692	0.01567	0.01155	0.00586	0.00492	0.00141	0.00468	0.00469	0.00525	0.22483
4	0.00837	0.00702	0.00864	0.00792	0.00986	0.00687	0.04542	0.01299	0.17072	0.01789	0.24242	0.11014	0.30890	0.01121	0.00611	0.00179	0.00331	0.00974	0.00514	0.00555
5	0.00711	0.00540	0.00669	0.00741	0.00860	0.00498	0.00581	0.00874	0.01166	0.01479	0.05817	0.25532	0.30681	0.01457	0.00674	0.00210	0.00352	0.26210	0.00492	0.00457
6	0.01207	0.01152	0.01962	0.28467	0.53696	0.01229	0.01572	0.01533	0.01156	0.01604	0.00976	0.01342	0.00794	0.00490	0.00525	0.00163	0.00653	0.00471	0.00253	0.00755
7	0.11091	0.00950	0.01489	0.70622	0.03327	0.01176	0.01361	0.01375	0.01038	0.01473	0.00915	0.01343	0.00689	0.00524	0.00504	0.00175	0.00669	0.00448	0.00246	0.00586
8	0.00755	0.00566	0.00850	0.00850	0.00944	0.00661	0.00661	0.00944	0.00850	0.01227	0.01416	0.02077	0.01322	0.03965	0.79326	0.00850	0.01416	0.00566	0.00283	0.00472
9	0.00757	0.00560	0.00819	0.00819	0.00903	0.00644	0.00622	0.00924	0.00841	0.01204	0.01444	0.02233	0.01389	0.12690	0.70693	0.00812	0.01314	0.00589	0.00287	0.00455
10	0.00985	0.00493	0.00493	0.00493	0.00616	0.00493	0.00370	0.01232	0.01109	0.01971	0.01725	0.01971	0.01355	0.00616	0.00370	0.00123	0.00246	0.00493	0.84356	0.00493
11	0.01248	0.01426	0.03119	0.02228	0.02763	0.01337	0.76203	0.01693	0.01248	0.01693	0.01070	0.01426	0.00802	0.00446	0.00624	0.00178	0.00891	0.00624	0.00267	0.00713
12	0.00644	0.00460	0.00613	0.00736	0.00767	0.00429	0.00491	0.00736	0.01012	0.01350	0.02914	0.81076	0.03497	0.01656	0.00675	0.00215	0.00307	0.01503	0.00491	0.00429
13	0.01221	0.01459	0.10289	0.01399	0.01512	0.08700	0.01234	0.01394	0.00907	0.01320	0.00734	0.01133	0.00690	0.00843	0.01481	0.00215	0.64186	0.00443	0.00234	0.00604
14	0.02115	0.01312	0.01482	0.01136	0.01555	0.01389	0.00939	0.54953	0.02203	0.25138	0.01506	0.01423	0.01018	0.00640	0.00530	0.00160	0.00543	0.00492	0.00565	0.00899
15	0.00662	0.00496	0.00619	0.00701	0.00782	0.00453	0.00499	0.00786	0.01105	0.01431	0.07503	0.50952	0.22750	0.01527	0.00664	0.00205	0.00309	0.07617	0.00495	0.00442
16	0.01180	0.01317	0.02837	0.02060	0.02538	0.01235	0.67674	0.01586	0.01221	0.01655	0.01277	0.10399	0.01106	0.00582	0.00630	0.00182	0.00825	0.00723	0.00293	0.00681
17	0.01975	0.02520	0.01498	0.01362	0.01634	0.79299	0.01021	0.02111	0.01498	0.01294	0.00817	0.00953	0.00681	0.00545	0.00477	0.00136	0.00953	0.00340	0.00272	0.00613
18	0.00998	0.00940	0.01586	0.80150	0.03641	0.01175	0.01468	0.01351	0.01057	0.01351	0.00940	0.01409	0.00705	0.00529	0.00529	0.00176	0.00705	0.00470	0.00235	0.00587
19	0.00760	0.00509	0.00579	0.00587	0.00589	0.00507	0.00332	0.00767	0.00785	0.01047	0.01749	0.08657	0.02027	0.76080	0.02556	0.00493	0.00499	0.00818	0.00332	0.00328
20	0.00925	0.00758	0.00914	0.00765	0.01069	0.00601	0.00575	0.01106	0.01064	0.01582	0.01686	0.31339	0.01809	0.00870	0.00499	0.00130	0.00359	0.00763	0.00380	0.52805
21	0.00985	0.00983	0.01891	0.01666	0.10362	0.00926	0.34154	0.01262	0.01151	0.01550	0.02042	0.31773	0.06930	0.00965	0.00632	0.00190	0.00599	0.00972	0.00366	0.00602
22	0.28454	0.00898	0.05880	0.00805	0.00995	0.04687	0.00641	0.01135	0.01007	0.01704	0.01964	0.45454	0.02209	0.01142	0.00539	0.00191	0.00404	0.00972	0.00408	0.00509
23	0.06704	0.01072	0.01296	0.09958	0.01633	0.06186	0.04638	0.04753	0.17823	0.28051	0.04958	0.06149	0.01490	0.00715	0.00537	0.00172	0.00514	0.02101	0.00498	0.00752

[dist]
# distance from previous block
# <min> <max>
1	4

[block]
# block no. 2 follows, 46 sequences, length 16
# corresponding to MSA columns:
# 91-106
name=unknown_C
#
# <colnr> <probs for GDERKNQSTAVLIFYWHMCP>
#	G	D	E	R	K	N	Q	S	T	A	V	L	I	F	Y	W	H	M	C	P
0	0.01146	0.01157	0.02139	0.37284	0.20718	0.01258	0.21976	0.01505	0.01133	0.01529	0.00977	0.01379	0.00762	0.00510	0.00607	0.00175	0.04303	0.00512	0.00250	0.00680
1	0.16759	0.01357	0.01734	0.01339	0.01728	0.09581	0.21790	0.21188	0.01551	0.04419	0.07194	0.03258	0.01181	0.00596	0.00518	0.00161	0.00632	0.00525	0.00390	0.04100
2	0.00737	0.00568	0.00691	0.00751	0.00882	0.00534	0.00592	0.00958	0.04248	0.01519	0.06441	0.21471	0.31270	0.01413	0.00667	0.00208	0.00355	0.25726	0.00495	0.00474
3	0.00724	0.00498	0.00603	0.00641	0.00664	0.00483	0.00398	0.00782	0.00930	0.01253	0.10223	0.30040	0.02787	0.45584	0.01781	0.00374	0.00414	0.01040	0.00406	0.00377
4	0.01486	0.01373	0.01523	0.01269	0.01613	0.09692	0.10046	0.14162	0.48121	0.02227	0.01739	0.01687	0.01303	0.00653	0.00540	0.00171	0.00559	0.00554	0.00475	0.00808
5	0.00769	0.00513	0.00577	0.00577	0.00577	0.00513	0.00320	0.00769	0.00769	0.01025	0.01666	0.03460	0.01922	0.81421	0.02691	0.00513	0.00513	0.00769	0.00320	0.00320
6	0.01320	0.01170	0.01240	0.01125	0.02804	0.08618	0.00872	0.02084	0.35864	0.06444	0.02001	0.02004	0.09421	0.00801	0.00799	0.00183	0.18177	0.00588	0.03781	0.00707
7	0.00918	0.00459	0.00689	0.00689	0.00689	0.00459	0.00459	0.00689	0.00689	0.00918	0.00918	0.01607	0.00918	0.01837	0.02066	0.84619	0.00459	0.00459	0.00230	0.00230
8	0.01248	0.01195	0.02037	0.18137	0.63700	0.01240	0.01593	0.01570	0.01175	0.01654	0.00984	0.01328	0.00812	0.00482	0.00524	0.00161	0.00643	0.00471	0.00256	0.00789
9	0.07679	0.72539	0.05645	0.00913	0.01369	0.01989	0.00921	0.01584	0.01063	0.01346	0.00744	0.00860	0.00670	0.00457	0.00345	0.00119	0.00562	0.00287	0.00234	0.00675
10	0.00642	0.00468	0.00605	0.00715	0.00761	0.00431	0.00481	0.00739	0.01033	0.01358	0.03174	0.72966	0.11439	0.01622	0.00669	0.00211	0.00303	0.01462	0.00491	0.00431
11	0.00773	0.00593	0.00884	0.00874	0.00964	0.00703	0.00683	0.00959	0.00848	0.01229	0.01384	0.02036	0.01294	0.03830	0.75876	0.00822	0.04930	0.00562	0.00281	0.00477
12	0.01634	0.07431	0.01743	0.01302	0.01582	0.07750	0.05925	0.31943	0.01628	0.05397	0.01070	0.02867	0.00866	0.00714	0.00895	0.00179	0.25475	0.00480	0.00381	0.00738
13	0.30421	0.01520	0.01293	0.01066	0.01428	0.16123	0.00860	0.36797	0.01757	0.02620	0.01002	0.01069	0.00746	0.00569	0.00450	0.00156	0.00593	0.00386	0.00412	0.00734
14	0.01829	0.01288	0.01386	0.01375	0.13214	0.14787	0.00945	0.11179	0.08194	0.28498	0.06114	0.01663	0.01325	0.00633	0.00518	0.00156	0.00556	0.00511	0.05041	0.00788
15	0.00966	0.00767	0.00896	0.00831	0.01021	0.00811	0.00639	0.01685	0.30061	0.02136	0.46688	0.03272	0.03647	0.00957	0.00595	0.00174	0.00321	0.03346	0.00562	0.00626

[dist]
# distance from previous block
# <min> <max>
0	1

[block]
# block no. 3 follows, 46 sequences, length 57
# corresponding to MSA columns:
# 108-164
name=unknown_D
#
# <colnr> <probs for GDERKNQSTAVLIFYWHMCP>
#	G	D	E	R	K	N	Q	S	T	A	V	L	I	F	Y	W	H	M	C	P
0	0.01161	0.01986	0.41923	0.01478	0.02062	0.01217	0.14322	0.06789	0.11794	0.01848	0.01455	0.01750	0.04320	0.00623	0.00548	0.00175	0.00697	0.04776	0.00322	0.00754
1	0.01093	0.00915	0.01300	0.06097	0.23489	0.02439	0.00960	0.09586	0.01332	0.01843	0.21977	0.02331	0.03295	0.06029	0.13322	0.01693	0.00642	0.00643	0.00387	0.00629
2	0.01626	0.01321	0.01324	0.01110	0.01419	0.08597	0.00875	0.34842	0.26447	0.02437	0.01465	0.01516	0.01114	0.00823	0.00744	0.12071	0.00546	0.00501	0.00466	0.00758
3	0.01587	0.48407	0.04762	0.01100	0.01509	0.22817	0.02471	0.06800	0.03567	0.01450	0.00849	0.00959	0.00724	0.00499	0.00406	0.00127	0.00680	0.00331	0.00269	0.00684
4	0.00650	0.00501	0.00589	0.00653	0.00750	0.00448	0.00461	0.00763	0.01094	0.01379	0.03908	0.41673	0.35521	0.04964	0.00743	0.00213	0.00307	0.04465	0.00483	0.00434
5	0.07568	0.01086	0.01733	0.37077	0.30521	0.01255	0.01422	0.01457	0.01071	0.01558	0.00917	0.01302	0.00742	0.00549	0.00646	0.00174	0.09539	0.00455	0.00251	0.00677
6	0.00805	0.00613	0.00837	0.00811	0.00861	0.00714	0.00593	0.00917	0.00816	0.01159	0.01426	0.02474	0.01469	0.31645	0.42960	0.00659	0.09895	0.00628	0.00291	0.00429
7	0.01100	0.11536	0.70225	0.01440	0.02184	0.01324	0.01836	0.01664	0.01111	0.01626	0.00925	0.01086	0.00671	0.00497	0.00484	0.00161	0.00757	0.00379	0.00224	0.00770
8	0.00933	0.00807	0.01346	0.25067	0.02056	0.00862	0.10684	0.01227	0.01168	0.01515	0.02128	0.05611	0.05299	0.01047	0.00650	0.00211	0.00591	0.37874	0.00383	0.00543
9	0.02372	0.00900	0.01227	0.00941	0.01350	0.00777	0.00777	0.02576	0.01513	0.78489	0.02086	0.01799	0.01309	0.00654	0.00532	0.00164	0.00450	0.00532	0.00654	0.00900
10	0.01809	0.00768	0.01027	0.00831	0.01138	0.00677	0.00669	0.02030	0.01481	0.51264	0.23960	0.02432	0.02375	0.00775	0.00547	0.00162	0.00378	0.00652	0.06267	0.00756
11	0.00731	0.00540	0.00682	0.00647	0.00779	0.00491	0.00485	0.00964	0.01455	0.02022	0.67599	0.04110	0.15295	0.01117	0.00624	0.00168	0.00252	0.00979	0.00569	0.00491
12	0.00644	0.00460	0.00613	0.00736	0.00767	0.00429	0.00491	0.00736	0.01012	0.01350	0.02914	0.81076	0.03497	0.01656	0.00675	0.00215	0.00307	0.01503	0.00491	0.00429
13	0.00909	0.00756	0.00998	0.00913	0.00926	0.00940	0.00675	0.00978	0.00795	0.01144	0.01274	0.02420	0.01387	0.40971	0.13137	0.00457	0.29974	0.00628	0.00282	0.00436
14	0.01975	0.02520	0.01498	0.01362	0.01634	0.79299	0.01021	0.02111	0.01498	0.01294	0.00817	0.00953	0.00681	0.00545	0.00477	0.00136	0.00953	0.00340	0.00272	0.00613
15	0.00695	0.00532	0.00599	0.00598	0.00702	0.00500	0.00414	0.00795	0.01016	0.01284	0.05692	0.04080	0.39326	0.28691	0.12444	0.00386	0.00512	0.00916	0.00407	0.00409
16	0.16552	0.00921	0.01150	0.00899	0.01293	0.00847	0.00742	0.02401	0.01408	0.65451	0.01854	0.01638	0.01183	0.00626	0.00497	0.00164	0.00443	0.00490	0.00598	0.00844
17	0.02267	0.00923	0.01224	0.00954	0.01352	0.00830	0.00783	0.02599	0.08995	0.70946	0.02092	0.01816	0.01339	0.00661	0.00532	0.00165	0.00447	0.00538	0.00643	0.00893
18	0.01398	0.00913	0.01071	0.00949	0.01180	0.00945	0.00732	0.29723	0.01636	0.12003	0.02131	0.34411	0.02150	0.04125	0.00679	0.00199	0.00445	0.04124	0.00520	0.00667
19	0.01157	0.01157	0.01619	0.01388	0.01388	0.01619	0.01157	0.01272	0.00810	0.01272	0.00694	0.01157	0.00694	0.00925	0.01735	0.00231	0.80453	0.00463	0.00231	0.00578
20	0.01315	0.01136	0.01195	0.01076	0.01375	0.01315	0.00837	0.02809	0.77168	0.02211	0.02152	0.01972	0.01614	0.00717	0.00538	0.00179	0.00418	0.00598	0.00538	0.00837
21	0.01207	0.01361	0.02951	0.02128	0.02629	0.01276	0.71107	0.01629	0.01232	0.01670	0.01194	0.06787	0.00983	0.00527	0.00627	0.00181	0.00852	0.00683	0.00282	0.00694
22	0.01218	0.00884	0.03030	0.00944	0.01154	0.00873	0.00744	0.21938	0.05429	0.07873	0.02294	0.39944	0.02398	0.01201	0.00617	0.00195	0.00428	0.07696	0.00509	0.00631
23	0.75932	0.01009	0.00827	0.00723	0.01059	0.01140	0.00595	0.01668	0.00968	0.10852	0.00886	0.00964	0.00655	0.00509	0.00350	0.00164	0.00414	0.00314	0.00364	0.00609
24	0.02271	0.00916	0.01260	0.06278	0.01511	0.00824	0.00829	0.04253	0.01506	0.71505	0.01989	0.01760	0.01258	0.00645	0.00531	0.00164	0.00470	0.00526	0.00623	0.00879
25	0.02057	0.01343	0.04832	0.01218	0.04447	0.01335	0.00997	0.47036	0.02071	0.26919	0.01503	0.01431	0.01016	0.00629	0.00528	0.00161	0.00550	0.00490	0.00545	0.00892
26	0.00968	0.01421	0.29387	0.01027	0.01419	0.00864	0.01077	0.01489	0.09788	0.03947	0.39231	0.02634	0.02932	0.00817	0.00567	0.00168	0.00469	0.00698	0.00447	0.00651
27	0.05939	0.03503	0.04253	0.01152	0.01490	0.18885	0.00938	0.16183	0.33342	0.04447	0.01549	0.01593	0.01187	0.00654	0.00510	0.00164	0.00589	0.02401	0.00448	0.00771
28	0.00998	0.00940	0.01586	0.80150	0.03641	0.01175	0.01468	0.01351	0.01057	0.01351	0.00940	0.01409	0.00705	0.00529	0.00529	0.00176	0.00705	0.00470	0.00235	0.00587
29	0.38983	0.01123	0.01110	0.00920	0.01277	0.01233	0.00757	0.22575	0.07287	0.15011	0.01290	0.01403	0.00956	0.00611	0.00448	0.00166	0.00467	0.03191	0.00459	0.00734
30	0.01402	0.72759	0.02595	0.00924	0.01359	0.02005	0.00897	0.01720	0.09552	0.01352	0.00893	0.00973	0.00783	0.00482	0.00361	0.00120	0.00549	0.00318	0.00261	0.00696
31	0.00903	0.00931	0.09526	0.00794	0.01122	0.00652	0.00702	0.01181	0.01289	0.01882	0.36600	0.02657	0.07448	0.00779	0.00525	0.00135	0.00362	0.00667	0.00438	0.31407
32	0.01280	0.48394	0.28600	0.01216	0.01787	0.01737	0.07347	0.01623	0.01102	0.01426	0.00835	0.00986	0.00685	0.00469	0.00418	0.00137	0.00665	0.00347	0.00228	0.00716
33	0.50912	0.10152	0.01242	0.00875	0.01245	0.01423	0.00739	0.23972	0.01394	0.02534	0.00896	0.00981	0.00682	0.00530	0.00389	0.00156	0.00478	0.00343	0.00376	0.00682
34	0.00852	0.00608	0.00852	0.00974	0.01095	0.00608	0.00852	0.01095	0.01217	0.01582	0.02799	0.05963	0.03042	0.01460	0.00730	0.00243	0.00487	0.74565	0.00487	0.00487
35	0.01308	0.01256	0.02146	0.03245	0.78123	0.01256	0.01622	0.01622	0.01204	0.01727	0.00994	0.01308	0.00837	0.00471	0.00523	0.00157	0.00628	0.00471	0.00262	0.00837
36	0.00964	0.00792	0.01203	0.04982	0.23156	0.00798	0.00985	0.03963	0.01186	0.01602	0.02183	0.29082	0.02380	0.01171	0.00636	0.00203	0.00481	0.23230	0.00414	0.00588
37	0.02254	0.00926	0.01223	0.00956	0.01352	0.00837	0.00784	0.02602	0.09942	0.69991	0.02093	0.01819	0.01343	0.00661	0.00532	0.00165	0.00446	0.00539	0.00641	0.00893
38	0.00985	0.00493	0.00493	0.00493	0.00616	0.00493	0.00370	0.01232	0.01109	0.01971	0.01725	0.01971	0.01355	0.00616	0.00370	0.00123	0.00246	0.00493	0.84356	0.00493
39	0.01315	0.01136	0.01195	0.01076	0.01375	0.01315	0.00837	0.02809	0.77168	0.02211	0.02152	0.01972	0.01614	0.00717	0.00538	0.00179	0.00418	0.00598	0.00538	0.00837
40	0.01106	0.03168	0.01537	0.01303	0.01318	0.01499	0.01076	0.01221	0.00839	0.01280	0.00942	0.10052	0.01006	0.00994	0.01581	0.00226	0.69453	0.00574	0.00260	0.00564
41	0.00769	0.00513	0.00577	0.00577	0.00577	0.00513	0.00320	0.00769	0.00769	0.01025	0.01666	0.03460	0.01922	0.81421	0.02691	0.00513	0.00513	0.00769	0.00320	0.00320
42	0.01248	0.01426	0.03119	0.02228	0.02763	0.01337	0.76203	0.01693	0.01248	0.01693	0.01070	0.01426	0.00802	0.00446	0.00624	0.00178	0.00891	0.00624	0.00267	0.00713
43	0.01388	0.00672	0.00865	0.09532	0.01201	0.00668	0.00639	0.01629	0.01204	0.24993	0.01721	0.01865	0.01266	0.00888	0.06818	0.00200	0.00454	0.00508	0.42863	0.00625
44	0.02372	0.00900	0.01227	0.00941	0.01350	0.00777	0.00777	0.02576	0.01513	0.78489	0.02086	0.01799	0.01309	0.00654	0.00532	0.00164	0.00450	0.00532	0.00654	0.00900
45	0.02372	0.00900	0.01227	0.00941	0.01350	0.00777	0.00777	0.02576	0.01513	0.78489	0.02086	0.01799	0.01309	0.00654	0.00532	0.00164	0.00450	0.00532	0.00654	0.00900
46	0.00918	0.00459	0.00689	0.00689	0.00689	0.00459	0.00459	0.00689	0.00689	0.00918	0.00918	0.01607	0.00918	0.01837	0.02066	0.84619	0.00459	0.00459	0.00230	0.00230
47	0.02372	0.00900	0.01227	0.00941	0.01350	0.00777	0.00777	0.02576	0.01513	0.78489	0.02086	0.01799	0.01309	0.00654	0.00532	0.00164	0.00450	0.00532	0.00654	0.00900
48	0.00761	0.00545	0.00743	0.00743	0.00801	0.00603	0.00528	0.00876	0.00818	0.01148	0.01513	0.02617	0.01556	0.34201	0.49410	0.00718	0.01063	0.00645	0.00298	0.00413
49	0.63806	0.01429	0.09560	0.00882	0.01252	0.12441	0.00791	0.01648	0.01010	0.02139	0.00771	0.00901	0.00599	0.00500	0.00368	0.00160	0.00529	0.00306	0.00308	0.00602
50	0.01022	0.01824	0.41566	0.01269	0.01731	0.01131	0.01399	0.01564	0.09484	0.01569	0.01182	0.01504	0.00963	0.03780	0.18554	0.00341	0.09688	0.00473	0.00276	0.00681
51	0.00685	0.00504	0.00642	0.00679	0.00769	0.00461	0.00482	0.00849	0.01241	0.01683	0.34603	0.38436	0.14269	0.01372	0.00647	0.00189	0.00277	0.01221	0.00529	0.00461
52	0.01142	0.01101	0.01796	0.48832	0.31918	0.03256	0.01515	0.01474	0.01124	0.01492	0.00957	0.01359	0.00755	0.00507	0.00525	0.00168	0.00682	0.00467	0.00246	0.00683
53	0.01190	0.31725	0.50826	0.01286	0.01946	0.01545	0.01568	0.01641	0.01101	0.01516	0.00870	0.01018	0.00673	0.00484	0.00442	0.00147	0.00702	0.00351	0.00224	0.00744
54	0.01479	0.01520	0.01561	0.38803	0.02578	0.24687	0.01237	0.14980	0.01433	0.01684	0.00951	0.01236	0.00732	0.00571	0.00569	0.00164	0.04435	0.00432	0.00299	0.00650
55	0.00757	0.00561	0.00821	0.00821	0.00905	0.00645	0.00625	0.00925	0.00841	0.01206	0.01442	0.02223	0.01385	0.12160	0.71218	0.00814	0.01320	0.00588	0.00287	0.00456
56	0.06338	0.01002	0.01395	0.01068	0.01469	0.00934	0.09162	0.09796	0.03176	0.49059	0.02045	0.01895	0.07028	0.00669	0.00535	0.00164	0.00494	0.00565	0.00559	0.02648

[dist]
# distance from previous block
# <min> <max>
7	9

[block]
# block no. 4 follows, 46 sequences, length 54
# corresponding to MSA columns:
# 174-227
name=unknown_E
#
# <colnr> <probs for GDERKNQSTAVLIFYWHMCP>
#	G	D	E	R	K	N	Q	S	T	A	V	L	I	F	Y	W	H	M	C	P
0	0.01523	0.01145	0.01248	0.01065	0.01385	0.01284	0.00846	0.20751	0.45522	0.08353	0.01869	0.01792	0.01387	0.00884	0.05272	0.00211	0.00515	0.00557	0.03570	0.00823
1	0.01445	0.01343	0.01500	0.01299	0.05369	0.13073	0.09055	0.04244	0.31132	0.06405	0.01486	0.01513	0.01131	0.00585	0.00532	0.00152	0.02101	0.00491	0.00412	0.16731
2	0.01060	0.02735	0.78682	0.01507	0.02288	0.01228	0.01953	0.01674	0.01116	0.01674	0.00949	0.01116	0.00670	0.00502	0.00502	0.00167	0.00781	0.00391	0.00223	0.00781
3	0.00648	0.00463	0.00617	0.00734	0.00768	0.00432	0.00491	0.00746	0.01030	0.01377	0.05632	0.78278	0.03551	0.01635	0.00673	0.00213	0.00305	0.01483	0.00494	0.00432
4	0.00644	0.00460	0.00613	0.00736	0.00767	0.00429	0.00491	0.00736	0.01012	0.01350	0.02914	0.81076	0.03497	0.01656	0.00675	0.00215	0.00307	0.01503	0.00491	0.00429
5	0.00722	0.00538	0.00640	0.00621	0.00764	0.00484	0.00469	0.00931	0.01365	0.01855	0.46075	0.04296	0.29906	0.01156	0.00613	0.00171	0.00263	0.03371	0.05280	0.00480
6	0.00768	0.00516	0.00594	0.00594	0.00600	0.00522	0.00342	0.00780	0.00774	0.01038	0.01649	0.03370	0.01883	0.76385	0.07673	0.00534	0.00571	0.00756	0.00318	0.00330
7	0.01030	0.00956	0.01784	0.01590	0.06721	0.00923	0.29090	0.01353	0.01228	0.01633	0.02035	0.03964	0.02061	0.01017	0.00677	0.00213	0.00647	0.42093	0.00390	0.00594
8	0.01242	0.01410	0.03031	0.02179	0.02682	0.01354	0.71782	0.01669	0.01222	0.01669	0.01047	0.01410	0.00796	0.00474	0.00689	0.00181	0.05579	0.00614	0.00265	0.00705
9	0.01613	0.01326	0.02373	0.01744	0.02214	0.05870	0.45910	0.02034	0.05811	0.23415	0.01405	0.01535	0.00986	0.00527	0.00584	0.00172	0.00742	0.00579	0.00393	0.00767
10	0.00713	0.00513	0.00675	0.00689	0.00782	0.00475	0.00496	0.00908	0.01331	0.01857	0.52242	0.30302	0.04478	0.01277	0.00641	0.00183	0.00269	0.01143	0.00551	0.00475
11	0.01233	0.00732	0.00757	0.00668	0.00863	0.00770	0.00523	0.19395	0.01442	0.02300	0.01614	0.01801	0.01245	0.00620	0.00408	0.00132	0.00327	0.00489	0.64090	0.00591
12	0.00709	0.00487	0.00594	0.00653	0.00667	0.00473	0.00402	0.00753	0.00885	0.01180	0.02262	0.40533	0.02674	0.43321	0.01728	0.00370	0.00414	0.01119	0.00402	0.00372
13	0.02372	0.00900	0.01227	0.00941	0.01350	0.00777	0.00777	0.02576	0.01513	0.78489	0.02086	0.01799	0.01309	0.00654	0.00532	0.00164	0.00450	0.00532	0.00654	0.00900
14	0.01248	0.01426	0.03119	0.02228	0.02763	0.01337	0.76203	0.01693	0.01248	0.01693	0.01070	0.01426	0.00802	0.00446	0.00624	0.00178	0.00891	0.00624	0.00267	0.00713
15	0.02372	0.00900	0.01227	0.00941	0.01350	0.00777	0.00777	0.02576	0.01513	0.78489	0.02086	0.01799	0.01309	0.00654	0.00532	0.00164	0.00450	0.00532	0.00654	0.00900
16	0.01248	0.01426	0.03119	0.02228	0.02763	0.01337	0.76203	0.01693	0.01248	0.01693	0.01070	0.01426	0.00802	0.00446	0.00624	0.00178	0.00891	0.00624	0.00267	0.00713
17	0.01060	0.02735	0.78682	0.01507	0.02288	0.01228	0.01953	0.01674	0.01116	0.01674	0.00949	0.01116	0.00670	0.00502	0.00502	0.00167	0.00781	0.00391	0.00223	0.00781
18	0.00985	0.00493	0.00493	0.00493	0.00616	0.00493	0.00370	0.01232	0.01109	0.01971	0.01725	0.01971	0.01355	0.00616	0.00370	0.00123	0.00246	0.00493	0.84356	0.00493
19	0.00625	0.00536	0.00536	0.00536	0.00714	0.00446	0.00402	0.00759	0.01205	0.01428	0.05355	0.05088	0.77909	0.01339	0.00625	0.00179	0.00268	0.01116	0.00491	0.00446
20	0.00715	0.00511	0.00695	0.00817	0.00879	0.00491	0.00614	0.00859	0.01082	0.01429	0.02875	0.55411	0.03341	0.01589	0.00694	0.00225	0.00368	0.26467	0.00489	0.00449
21	0.01060	0.02735	0.78682	0.01507	0.02288	0.01228	0.01953	0.01674	0.01116	0.01674	0.00949	0.01116	0.00670	0.00502	0.00502	0.00167	0.00781	0.00391	0.00223	0.00781
22	0.01308	0.01256	0.02146	0.03245	0.78123	0.01256	0.01622	0.01622	0.01204	0.01727	0.00994	0.01308	0.00837	0.00471	0.00523	0.00157	0.00628	0.00471	0.00262	0.00837
23	0.02010	0.01481	0.01587	0.01216	0.01639	0.01639	0.01005	0.76360	0.02486	0.03332	0.01269	0.01269	0.00899	0.00635	0.00529	0.00159	0.00582	0.00476	0.00529	0.00899
24	0.00644	0.00460	0.00613	0.00736	0.00767	0.00429	0.00491	0.00736	0.01012	0.01350	0.02914	0.81076	0.03497	0.01656	0.00675	0.00215	0.00307	0.01503	0.00491	0.00429
25	0.00749	0.00517	0.00525	0.00531	0.00683	0.00461	0.00395	0.00919	0.01162	0.01610	0.03993	0.07806	0.48047	0.01108	0.00540	0.00161	0.00262	0.00922	0.29146	0.00461
26	0.01413	0.81739	0.02770	0.00905	0.01357	0.02092	0.00905	0.01583	0.01074	0.01244	0.00735	0.00848	0.00678	0.00452	0.00339	0.00113	0.00565	0.00283	0.00226	0.00678
27	0.01975	0.02520	0.01498	0.01362	0.01634	0.79299	0.01021	0.02111	0.01498	0.01294	0.00817	0.00953	0.00681	0.00545	0.00477	0.00136	0.00953	0.00340	0.00272	0.00613
28	0.00998	0.00940	0.01586	0.80150	0.03641	0.01175	0.01468	0.01351	0.01057	0.01351	0.00940	0.01409	0.00705	0.00529	0.00529	0.00176	0.00705	0.00470	0.00235	0.00587
29	0.01308	0.01256	0.02146	0.03245	0.78123	0.01256	0.01622	0.01622	0.01204	0.01727	0.00994	0.01308	0.00837	0.00471	0.00523	0.00157	0.00628	0.00471	0.00262	0.00837
30	0.01485	0.01122	0.01272	0.00941	0.01391	0.01028	0.00765	0.27042	0.01596	0.06893	0.01121	0.01198	0.00854	0.00490	0.00447	0.00111	0.00460	0.00382	0.00407	0.50994
31	0.30009	0.01379	0.01239	0.01094	0.01278	0.18804	0.00881	0.01526	0.01018	0.01662	0.01017	0.01246	0.05297	0.00716	0.00905	0.00184	0.30466	0.00414	0.00289	0.00576
32	0.00638	0.00536	0.00554	0.00550	0.00722	0.00452	0.00412	0.00784	0.01236	0.01503	0.13184	0.04965	0.70033	0.01311	0.00625	0.00177	0.00266	0.01098	0.00501	0.00452
33	0.00706	0.00539	0.00648	0.00621	0.00764	0.00481	0.00466	0.00916	0.01397	0.01884	0.53076	0.04338	0.29904	0.01169	0.00624	0.00170	0.00256	0.01011	0.00551	0.00481
34	0.02372	0.00900	0.01227	0.00941	0.01350	0.00777	0.00777	0.02576	0.01513	0.78489	0.02086	0.01799	0.01309	0.00654	0.00532	0.00164	0.00450	0.00532	0.00654	0.00900
35	0.01308	0.01256	0.02146	0.03245	0.78123	0.01256	0.01622	0.01622	0.01204	0.01727	0.00994	0.01308	0.00837	0.00471	0.00523	0.00157	0.00628	0.00471	0.00262	0.00837
36	0.00748	0.00540	0.00707	0.00665	0.00790	0.00499	0.00499	0.00998	0.01496	0.02120	0.77844	0.03949	0.04988	0.01081	0.00624	0.00166	0.00249	0.00956	0.00582	0.00499
37	0.01315	0.01136	0.01195	0.01076	0.01375	0.01315	0.00837	0.02809	0.77168	0.02211	0.02152	0.01972	0.01614	0.00717	0.00538	0.00179	0.00418	0.00598	0.00538	0.00837
38	0.06443	0.00906	0.01205	0.00929	0.01333	0.00797	0.00767	0.02526	0.01483	0.74746	0.02019	0.01753	0.01272	0.00646	0.00522	0.00164	0.00448	0.00520	0.00638	0.00884
39	0.01248	0.01426	0.03119	0.02228	0.02763	0.01337	0.76203	0.01693	0.01248	0.01693	0.01070	0.01426	0.00802	0.00446	0.00624	0.00178	0.00891	0.00624	0.00267	0.00713
40	0.00625	0.00536	0.00536	0.00536	0.00714	0.00446	0.00402	0.00759	0.01205	0.01428	0.05355	0.05088	0.77909	0.01339	0.00625	0.00179	0.00268	0.01116	0.00491	0.00446
41	0.00730	0.00540	0.00682	0.00646	0.00779	0.00491	0.00485	0.00963	0.01454	0.02020	0.67386	0.04113	0.15508	0.01118	0.00624	0.00168	0.00252	0.00979	0.00569	0.00491
42	0.01101	0.00940	0.05640	0.00875	0.01124	0.00874	0.00729	0.18190	0.08709	0.02359	0.47229	0.03018	0.05206	0.00918	0.00587	0.00166	0.00372	0.00784	0.00542	0.00636
43	0.00755	0.00566	0.00850	0.00850	0.00944	0.00661	0.00661	0.00944	0.00850	0.01227	0.01416	0.02077	0.01322	0.03965	0.79326	0.00850	0.01416	0.00566	0.00283	0.00472
44	0.00755	0.00566	0.00850	0.00850	0.00944	0.00661	0.00661	0.00944	0.00850	0.01227	0.01416	0.02077	0.01322	0.03965	0.79326	0.00850	0.01416	0.00566	0.00283	0.00472
45	0.51727	0.01624	0.01067	0.00963	0.01268	0.32577	0.00753	0.01778	0.01140	0.01939	0.00769	0.00897	0.00616	0.00512	0.00387	0.00153	0.00628	0.00308	0.00305	0.00589
46	0.02187	0.01114	0.01349	0.01043	0.01451	0.01105	0.00859	0.28074	0.06123	0.48222	0.01807	0.01626	0.01184	0.00651	0.00531	0.00163	0.00494	0.00516	0.00604	0.00896
47	0.02372	0.00900	0.01227	0.00941	0.01350	0.00777	0.00777	0.02576	0.01513	0.78489	0.02086	0.01799	0.01309	0.00654	0.00532	0.00164	0.00450	0.00532	0.00654	0.00900
48	0.00652	0.00463	0.00611	0.00727	0.00755	0.00434	0.00480	0.00738	0.00997	0.01330	0.02839	0.76404	0.03402	0.06457	0.00796	0.00233	0.00319	0.01459	0.00480	0.00423
49	0.02342	0.00906	0.01226	0.00944	0.01350	0.00792	0.00779	0.02583	0.03631	0.76354	0.02087	0.01804	0.01317	0.00656	0.00532	0.00164	0.00449	0.00533	0.00651	0.00898
50	0.02360	0.00919	0.01239	0.00950	0.01359	0.00805	0.00784	0.04968	0.01545	0.76053	0.02059	0.01782	0.01295	0.00654	0.00532	0.00163	0.00454	0.00530	0.00650	0.00900
51	0.00644	0.00460	0.00613	0.00736	0.00767	0.00429	0.00491	0.00736	0.01012	0.01350	0.02914	0.81076	0.03497	0.01656	0.00675	0.00215	0.00307	0.01503	0.00491	0.00429
52	0.00644	0.00460	0.00613	0.00736	0.00767	0.00429	0.00491	0.00736	0.01012	0.01350	0.02914	0.81076	0.03497	0.01656	0.00675	0.00215	0.00307	0.01503	0.00491	0.00429
53	0.01357	0.01156	0.01219	0.01084	0.01391	0.01334	0.00847	0.07236	0.72673	0.02279	0.02099	0.01930	0.01571	0.00712	0.00537	0.00178	0.00428	0.00590	0.00537	0.00841

[dist]
# distance from previous block
# <min> <max>
0	1

[block]
# block no. 5 follows, 46 sequences, length 194
# corresponding to MSA columns:
# 229-340,369-450
name=unknown_F
#
# <colnr> <probs for GDERKNQSTAVLIFYWHMCP>
#	G	D	E	R	K	N	Q	S	T	A	V	L	I	F	Y	W	H	M	C	P
0	0.56320	0.01379	0.00978	0.00878	0.01182	0.20547	0.00694	0.03235	0.02733	0.02107	0.05084	0.01086	0.00874	0.00545	0.00389	0.00157	0.00539	0.00347	0.00336	0.00591
1	0.85155	0.01022	0.00777	0.00695	0.01022	0.01186	0.00573	0.01554	0.00900	0.02372	0.00736	0.00859	0.00573	0.00491	0.00327	0.00164	0.00409	0.00286	0.00327	0.00573
2	0.01366	0.71027	0.13063	0.00986	0.01483	0.01975	0.01047	0.01595	0.01080	0.01302	0.00764	0.00884	0.00677	0.00459	0.00361	0.00120	0.00595	0.00297	0.00226	0.00692
3	0.05974	0.56037	0.23044	0.01055	0.01588	0.01809	0.01168	0.01606	0.01076	0.01422	0.00792	0.00921	0.00670	0.00468	0.00382	0.00130	0.00615	0.00312	0.00231	0.00700
4	0.85155	0.01022	0.00777	0.00695	0.01022	0.01186	0.00573	0.01554	0.00900	0.02372	0.00736	0.00859	0.00573	0.00491	0.00327	0.00164	0.00409	0.00286	0.00327	0.00573
5	0.01053	0.00917	0.01267	0.28233	0.02070	0.00862	0.02553	0.01325	0.01103	0.03117	0.01322	0.01548	0.06997	0.00522	0.00466	0.00124	0.00502	0.00443	0.00306	0.45269
6	0.00696	0.00538	0.00634	0.00610	0.00758	0.00476	0.00457	0.00896	0.01372	0.01826	0.47012	0.04433	0.36004	0.01191	0.00624	0.00171	0.00257	0.01024	0.00543	0.00476
7	0.04699	0.01107	0.01920	0.01514	0.06365	0.01013	0.26893	0.02180	0.01383	0.44850	0.01625	0.01610	0.01081	0.00566	0.00556	0.00168	0.00612	0.00552	0.00486	0.00820
8	0.01321	0.29291	0.09004	0.01651	0.02161	0.01608	0.39329	0.04902	0.01222	0.01599	0.00945	0.01189	0.00751	0.00471	0.00535	0.00155	0.02418	0.00477	0.00260	0.00712
9	0.00695	0.00530	0.00639	0.00630	0.00762	0.00473	0.00465	0.00888	0.01343	0.01800	0.44979	0.13124	0.29287	0.01233	0.00630	0.00176	0.00262	0.01072	0.00541	0.00473
10	0.00705	0.00539	0.00647	0.00620	0.00763	0.00480	0.00465	0.00914	0.01394	0.01877	0.52418	0.04348	0.30566	0.01171	0.00624	0.00171	0.00256	0.01012	0.00550	0.00480
11	0.37102	0.38376	0.09125	0.00881	0.01308	0.03006	0.00865	0.01589	0.01011	0.01767	0.00757	0.00880	0.00632	0.00475	0.00352	0.00140	0.00526	0.00296	0.00270	0.00642
12	0.01973	0.01518	0.01560	0.03865	0.01691	0.07744	0.01011	0.64038	0.03706	0.05690	0.01267	0.01280	0.00903	0.00626	0.00525	0.00158	0.00608	0.00469	0.00503	0.00865
13	0.01700	0.01337	0.01789	0.02056	0.34228	0.01406	0.01246	0.37617	0.03441	0.06688	0.01209	0.01327	0.00908	0.00563	0.00524	0.00157	0.00588	0.00477	0.00418	0.02320
14	0.00962	0.00899	0.01626	0.01270	0.01553	0.00853	0.28594	0.01348	0.05595	0.01941	0.42661	0.05479	0.03198	0.00844	0.00621	0.00173	0.00499	0.00831	0.00460	0.00595
15	0.00761	0.00543	0.00729	0.00729	0.00782	0.00596	0.00511	0.00867	0.00814	0.01138	0.01526	0.02686	0.01586	0.38077	0.45575	0.00701	0.01018	0.00656	0.00300	0.00405
16	0.01331	0.01298	0.02124	0.03182	0.75556	0.03875	0.01602	0.01639	0.01214	0.01713	0.00988	0.01297	0.00832	0.00474	0.00522	0.00156	0.00639	0.00467	0.00262	0.00830
17	0.00861	0.01492	0.34068	0.01161	0.01544	0.00828	0.05998	0.01198	0.01072	0.01510	0.01957	0.41839	0.02117	0.01086	0.00598	0.00192	0.00547	0.00972	0.00362	0.00598
18	0.00918	0.00459	0.00689	0.00689	0.00689	0.00459	0.00459	0.00689	0.00689	0.00918	0.00918	0.01607	0.00918	0.01837	0.02066	0.84619	0.00459	0.00459	0.00230	0.00230
19	0.01238	0.01151	0.01896	0.32226	0.44820	0.01251	0.01523	0.06507	0.01234	0.01692	0.00992	0.01344	0.00791	0.00504	0.00526	0.00164	0.00654	0.00471	0.00269	0.00747
20	0.05891	0.01182	0.02017	0.21115	0.50226	0.01240	0.07552	0.01560	0.01156	0.01672	0.00973	0.01317	0.00789	0.00484	0.00522	0.00164	0.00655	0.00473	0.00259	0.00754
21	0.00755	0.00566	0.00850	0.00850	0.00944	0.00661	0.00661	0.00944	0.00850	0.01227	0.01416	0.02077	0.01322	0.03965	0.79326	0.00850	0.01416	0.00566	0.00283	0.00472
22	0.00738	0.00540	0.00693	0.00655	0.00784	0.00495	0.00491	0.00978	0.01473	0.02064	0.71989	0.04041	0.10879	0.01102	0.00624	0.00167	0.00251	0.00969	0.00575	0.00495
23	0.01067	0.01028	0.01796	0.61940	0.15110	0.01200	0.07529	0.01420	0.01095	0.01437	0.00959	0.01395	0.00733	0.00513	0.00535	0.00173	0.00708	0.00482	0.00242	0.00636
24	0.00769	0.00513	0.00577	0.00577	0.00577	0.00513	0.00320	0.00769	0.00769	0.01025	0.01666	0.03460	0.01922	0.81421	0.02691	0.00513	0.00513	0.00769	0.00320	0.00320
