[name]
unknown

[dist]
# distance from previous block
# <min> <max>
9	350

[block]
# block no. 0 follows, 44 sequences, length 6
# corresponding to MSA columns:
# 412-417
name=unknown_A
#
# <colnr> <probs for GDERKNQSTAVLIFYWHMCP>
#	G	D	E	R	K	N	Q	S	T	A	V	L	I	F	Y	W	H	M	C	P
0	0.01144	0.00797	0.00936	0.00829	0.01010	0.00815	0.00604	0.12160	0.07489	0.06291	0.06748	0.07694	0.01897	0.29967	0.11633	0.00388	0.00607	0.00713	0.00425	0.07853
1	0.01477	0.00980	0.01107	0.00939	0.01178	0.01043	0.00707	0.23861	0.12934	0.12149	0.01765	0.05192	0.01567	0.27848	0.04554	0.00322	0.00558	0.00662	0.00480	0.00680
2	0.01785	0.00968	0.01185	0.00964	0.01308	0.00937	0.00782	0.14972	0.08875	0.34397	0.14776	0.02444	0.04649	0.00803	0.00570	0.00170	0.00442	0.04239	0.00595	0.05138
3	0.01784	0.01706	0.01368	0.01191	0.01478	0.34233	0.00924	0.10002	0.13002	0.12076	0.11381	0.01714	0.01548	0.00706	0.00596	0.00162	0.04440	0.00523	0.00444	0.00721
4	0.26333	0.01121	0.01131	0.01010	0.01236	0.07043	0.00809	0.08914	0.09415	0.01959	0.01166	0.01449	0.00980	0.01595	0.22062	0.00372	0.11966	0.00459	0.00351	0.00629
5	0.01854	0.01724	0.01443	0.01213	0.01545	0.29442	0.00953	0.26222	0.05407	0.08393	0.01417	0.05276	0.03281	0.00696	0.00576	0.00158	0.03705	0.00512	0.00432	0.05750

[dist]
# distance from previous block
# <min> <max>
0	1

[block]
# block no. 1 follows, 44 sequences, length 42
# corresponding to MSA columns:
# 419-460
name=unknown_B
#
# <colnr> <probs for GDERKNQSTAVLIFYWHMCP>
#	G	D	E	R	K	N	Q	S	T	A	V	L	I	F	Y	W	H	M	C	P
0	0.04100	0.09007	0.20803	0.01913	0.02491	0.01428	0.46112	0.01711	0.01210	0.01708	0.01017	0.01311	0.00771	0.00493	0.00616	0.00176	0.03595	0.00537	0.00262	0.00739
1	0.01161	0.01243	0.02400	0.01807	0.02203	0.04769	0.48381	0.01523	0.01169	0.01575	0.01204	0.01660	0.00990	0.01610	0.25267	0.00400	0.01093	0.00611	0.00281	0.00652
2	0.17459	0.02056	0.01360	0.01211	0.01509	0.50597	0.00928	0.09855	0.01538	0.01825	0.06044	0.01209	0.01006	0.00599	0.00479	0.00150	0.00788	0.00399	0.00341	0.00648
3	0.01132	0.00641	0.00815	0.00723	0.00927	0.00570	0.00557	0.01350	0.01472	0.19408	0.44320	0.03780	0.18213	0.02826	0.00669	0.00181	0.00314	0.00913	0.00593	0.00595
4	0.00965	0.00902	0.01588	0.06503	0.01711	0.00904	0.22823	0.01245	0.01229	0.01639	0.10317	0.12843	0.11072	0.01065	0.00745	0.00206	0.05889	0.17369	0.00412	0.00573
5	0.01223	0.10485	0.31225	0.01787	0.02371	0.01448	0.32550	0.01684	0.01172	0.01647	0.00981	0.01259	0.00751	0.00531	0.00676	0.00178	0.08537	0.00499	0.00250	0.00744
6	0.00668	0.00478	0.00636	0.00756	0.00792	0.00445	0.00506	0.00769	0.01062	0.01421	0.05779	0.77625	0.03663	0.01686	0.00694	0.00220	0.00314	0.01529	0.00510	0.00445
7	0.01175	0.00892	0.01211	0.28580	0.02056	0.00993	0.00976	0.01766	0.20185	0.10170	0.11264	0.07571	0.09220	0.00836	0.00579	0.00183	0.00495	0.00721	0.00456	0.00670
8	0.01216	0.01186	0.01929	0.22136	0.31928	0.01396	0.04082	0.01490	0.01076	0.01532	0.00916	0.01331	0.00781	0.00648	0.00941	0.00192	0.25774	0.00488	0.00253	0.00709
9	0.01803	0.01813	0.01493	0.04929	0.01686	0.34209	0.02445	0.29402	0.01832	0.02139	0.01319	0.11854	0.01181	0.00748	0.00545	0.00163	0.00737	0.00577	0.00408	0.00718
10	0.00734	0.00540	0.00699	0.00776	0.00873	0.00505	0.00588	0.00903	0.01214	0.01600	0.15890	0.36508	0.15561	0.01504	0.00693	0.00215	0.00347	0.19857	0.00521	0.00473
11	0.01242	0.25126	0.54013	0.01357	0.02053	0.01505	0.01665	0.01731	0.01152	0.04122	0.00954	0.01095	0.00715	0.00508	0.00471	0.00157	0.00731	0.00376	0.00246	0.00779
12	0.17794	0.01763	0.13874	0.01182	0.01608	0.17612	0.01066	0.16267	0.11996	0.09853	0.01262	0.01289	0.00921	0.00598	0.00491	0.00165	0.00643	0.00432	0.00412	0.00771
13	0.01318	0.01202	0.01764	0.16862	0.36052	0.01314	0.01356	0.04740	0.25747	0.01932	0.01414	0.01590	0.01101	0.00586	0.00546	0.00173	0.00590	0.00528	0.00368	0.00817
14	0.00717	0.00496	0.00617	0.00692	0.00711	0.00478	0.00435	0.00773	0.00942	0.01255	0.02481	0.49162	0.02945	0.33932	0.01542	0.00346	0.00403	0.01242	0.00435	0.00397
15	0.01120	0.12714	0.14640	0.39408	0.06091	0.01372	0.01437	0.01468	0.01106	0.01483	0.04861	0.01423	0.00951	0.00600	0.00650	0.00176	0.09115	0.00469	0.00258	0.00659
16	0.01432	0.01469	0.01580	0.01329	0.01548	0.18706	0.08237	0.11917	0.05448	0.01732	0.01638	0.05432	0.10249	0.00851	0.00955	0.00190	0.25667	0.00607	0.00357	0.00655
17	0.00660	0.00557	0.00574	0.00582	0.00762	0.00471	0.00445	0.00805	0.01243	0.01483	0.05348	0.05307	0.72308	0.01389	0.00652	0.00189	0.00291	0.05964	0.00506	0.00463
18	0.01030	0.00969	0.01635	0.79530	0.03755	0.01211	0.01514	0.01393	0.01090	0.01393	0.00969	0.01453	0.00727	0.00545	0.00545	0.00182	0.00727	0.00484	0.00242	0.00606
19	0.02043	0.02418	0.01560	0.01379	0.01686	0.65709	0.01050	0.14529	0.01716	0.01688	0.00921	0.01038	0.00740	0.00577	0.00501	0.00144	0.00919	0.00375	0.00325	0.00682
20	0.16065	0.10005	0.06233	0.00817	0.01077	0.00919	0.00718	0.01304	0.04441	0.01951	0.29349	0.05863	0.10142	0.00960	0.00555	0.00176	0.00397	0.07991	0.00462	0.00575
21	0.01093	0.02820	0.78016	0.01554	0.02360	0.01266	0.02014	0.01727	0.01151	0.01727	0.00978	0.01151	0.00691	0.00518	0.00518	0.00173	0.00806	0.00403	0.00230	0.00806
22	0.00784	0.00563	0.00768	0.00889	0.00979	0.00547	0.00711	0.00967	0.01169	0.01529	0.03027	0.36190	0.05939	0.01583	0.00726	0.00237	0.00419	0.41993	0.00504	0.00477
23	0.01293	0.10305	0.01750	0.44650	0.02779	0.08548	0.03877	0.11250	0.01332	0.01657	0.01128	0.06953	0.00956	0.00632	0.00532	0.00171	0.00695	0.00532	0.00305	0.00654
24	0.00764	0.00557	0.00718	0.00677	0.00810	0.00511	0.00508	0.01013	0.01524	0.02141	0.72617	0.04147	0.09707	0.01131	0.00643	0.00172	0.00258	0.00996	0.00594	0.00511
25	0.01980	0.01064	0.01293	0.01003	0.01413	0.01013	0.00818	0.17507	0.08826	0.39769	0.05301	0.01749	0.01384	0.00655	0.00530	0.00156	0.00470	0.00528	0.00578	0.13962
26	0.11048	0.01542	0.01622	0.01940	0.28826	0.19524	0.01171	0.04048	0.19147	0.03972	0.01273	0.01385	0.00999	0.00576	0.00509	0.00163	0.00644	0.00465	0.00366	0.00781
27	0.00692	0.00546	0.00624	0.00621	0.00770	0.00478	0.00459	0.00869	0.01332	0.01723	0.31232	0.12158	0.43923	0.01316	0.00649	0.00183	0.00273	0.01130	0.00540	0.00478
28	0.01287	0.01471	0.03217	0.02298	0.02849	0.01379	0.75460	0.01746	0.01287	0.01746	0.01103	0.01471	0.00827	0.00460	0.00643	0.00184	0.00919	0.00643	0.00276	0.00735
29	0.01139	0.02214	0.50439	0.02022	0.24373	0.01220	0.01809	0.01646	0.01177	0.01722	0.01207	0.04255	0.03214	0.00579	0.00535	0.00172	0.00725	0.00493	0.00261	0.00799
30	0.00654	0.00515	0.00591	0.00652	0.00763	0.00452	0.00459	0.00771	0.01146	0.01434	0.04304	0.41665	0.41587	0.01539	0.00669	0.00202	0.00296	0.01344	0.00506	0.00452
31	0.00788	0.00549	0.00697	0.00697	0.00732	0.00584	0.00458	0.00858	0.00823	0.01133	0.01624	0.03051	0.01758	0.53029	0.30279	0.00655	0.00866	0.00717	0.00316	0.00387
32	0.01458	0.81168	0.02857	0.00933	0.01399	0.02157	0.00933	0.01632	0.01108	0.01283	0.00758	0.00875	0.00700	0.00466	0.00350	0.00117	0.00583	0.00292	0.00233	0.00700
33	0.02076	0.01638	0.01618	0.01266	0.01684	0.10487	0.01033	0.65720	0.02426	0.04714	0.01273	0.01283	0.00910	0.00644	0.00539	0.00161	0.00641	0.00476	0.00518	0.00893
34	0.00809	0.00593	0.00773	0.00859	0.00980	0.00572	0.00711	0.01010	0.01216	0.01564	0.06098	0.10449	0.17522	0.07354	0.00874	0.00254	0.00439	0.46953	0.00494	0.00478
35	0.01159	0.01789	0.29371	0.01496	0.01802	0.01517	0.03268	0.01473	0.00960	0.01473	0.00820	0.01184	0.00709	0.00784	0.01301	0.00213	0.49314	0.00454	0.00236	0.00676
36	0.00736	0.00540	0.00602	0.00608	0.00683	0.00512	0.00396	0.00804	0.00976	0.01239	0.03139	0.06404	0.29275	0.43875	0.06370	0.00410	0.00485	0.02153	0.00400	0.00393
37	0.01700	0.01190	0.01305	0.01078	0.01436	0.01290	0.00865	0.27914	0.30986	0.14426	0.02246	0.02098	0.09448	0.00769	0.00560	0.00175	0.00478	0.00619	0.00565	0.00852
38	0.16832	0.01285	0.01330	0.02612	0.01509	0.01449	0.00896	0.32682	0.28256	0.05261	0.01551	0.01508	0.01136	0.00656	0.00511	0.00173	0.00506	0.00501	0.00509	0.00837
39	0.03428	0.01284	0.01297	0.01080	0.01436	0.09000	0.00857	0.16566	0.28835	0.14604	0.06445	0.01775	0.01486	0.00681	0.00532	0.00162	0.00511	0.00542	0.00520	0.08960
40	0.04616	0.01322	0.01172	0.01039	0.02464	0.18842	0.00790	0.16707	0.07026	0.07275	0.17581	0.02479	0.11951	0.03561	0.00635	0.00177	0.00545	0.00664	0.00481	0.00673
41	0.18061	0.01120	0.01335	0.11662	0.01658	0.05581	0.04393	0.05404	0.06541	0.11352	0.04092	0.03694	0.01186	0.06353	0.00896	0.00210	0.14892	0.00532	0.00383	0.00656

[dist]
# distance from previous block
# <min> <max>
0	21

[block]
# block no. 2 follows, 44 sequences, length 42
# corresponding to MSA columns:
# 482-523
name=unknown_C
#
# <colnr> <probs for GDERKNQSTAVLIFYWHMCP>
#	G	D	E	R	K	N	Q	S	T	A	V	L	I	F	Y	W	H	M	C	P
0	0.01485	0.12570	0.02151	0.01822	0.16464	0.13010	0.18164	0.08373	0.12442	0.01823	0.01240	0.02891	0.01022	0.03428	0.00615	0.00175	0.00705	0.00525	0.00340	0.00755
1	0.03962	0.28879	0.01441	0.00810	0.01027	0.01091	0.00670	0.01151	0.01152	0.01526	0.13893	0.33446	0.04468	0.01121	0.00554	0.00175	0.00409	0.03253	0.00419	0.00552
2	0.01244	0.01273	0.07400	0.01680	0.02116	0.01104	0.41525	0.04247	0.01400	0.07265	0.18718	0.02308	0.01968	0.00690	0.00630	0.00182	0.00695	0.04461	0.00397	0.00698
3	0.01167	0.04778	0.26199	0.19723	0.02757	0.01353	0.27771	0.01626	0.01163	0.01613	0.00995	0.01326	0.00749	0.00530	0.00645	0.00181	0.05949	0.00507	0.00250	0.00717
4	0.01187	0.52810	0.02084	0.00881	0.01198	0.01562	0.00797	0.01339	0.01093	0.01330	0.01543	0.26043	0.01703	0.00895	0.00474	0.00155	0.00496	0.03468	0.00329	0.00612
5	0.00674	0.00482	0.00641	0.00753	0.00793	0.00449	0.00507	0.00783	0.01087	0.01461	0.09470	0.73822	0.03740	0.01656	0.00691	0.00217	0.00311	0.01501	0.00514	0.00449
6	0.01202	0.06385	0.26895	0.01909	0.04971	0.01348	0.38759	0.01666	0.01203	0.01681	0.01122	0.05279	0.00913	0.00560	0.00628	0.00180	0.03711	0.00580	0.00269	0.00740
7	0.01071	0.00843	0.01267	0.10174	0.19674	0.00880	0.00985	0.01301	0.02224	0.07386	0.05294	0.22424	0.09166	0.02608	0.03209	0.00221	0.05982	0.04257	0.00409	0.00622
8	0.00761	0.00543	0.00608	0.00619	0.00679	0.00519	0.00400	0.00819	0.00952	0.01217	0.02825	0.04237	0.21969	0.52921	0.02035	0.00413	0.00460	0.07251	0.00392	0.00380
9	0.06339	0.01251	0.01421	0.01110	0.01524	0.01311	0.00912	0.38430	0.08961	0.30489	0.01673	0.01555	0.01133	0.00662	0.00537	0.00168	0.00525	0.00514	0.00583	0.00904
10	0.02831	0.01204	0.03479	0.02024	0.28014	0.01187	0.12708	0.12079	0.07962	0.05315	0.01593	0.16139	0.01459	0.00764	0.00583	0.00179	0.00594	0.00718	0.00396	0.00771
11	0.01142	0.01084	0.01838	0.52751	0.29655	0.01241	0.01570	0.01491	0.01143	0.01529	0.00989	0.01417	0.00775	0.00524	0.00543	0.00175	0.00699	0.00485	0.00252	0.00696
12	0.00664	0.00474	0.00633	0.00759	0.00791	0.00443	0.00506	0.00759	0.01044	0.01392	0.03005	0.80485	0.03606	0.01708	0.00696	0.00221	0.00316	0.01550	0.00506	0.00443
13	0.16565	0.01251	0.01330	0.01073	0.01462	0.01363	0.00875	0.32810	0.17802	0.17574	0.01570	0.01496	0.01107	0.00650	0.00511	0.00170	0.00506	0.00494	0.00536	0.00854
14	0.01168	0.04103	0.07299	0.32894	0.25512	0.01260	0.12191	0.01534	0.01171	0.01586	0.01108	0.03998	0.00927	0.00570	0.00558	0.00176	0.00713	0.02251	0.00269	0.00712
15	0.01349	0.01295	0.02213	0.03346	0.77440	0.01295	0.01673	0.01673	0.01241	0.01781	0.01025	0.01349	0.00864	0.00486	0.00540	0.00162	0.00648	0.00486	0.00270	0.00864
16	0.00663	0.00479	0.00628	0.00748	0.00788	0.00444	0.00501	0.00760	0.01055	0.01396	0.03141	0.76423	0.07580	0.01690	0.00693	0.00219	0.00314	0.01528	0.00506	0.00444
17	0.01453	0.08128	0.16685	0.01751	0.02250	0.23036	0.32563	0.01821	0.01312	0.01580	0.01044	0.03894	0.00850	0.00542	0.00557	0.00166	0.00870	0.00520	0.00273	0.00707
18	0.01297	0.01323	0.02486	0.10112	0.42339	0.01318	0.27574	0.01703	0.03149	0.01745	0.01078	0.01419	0.00858	0.00489	0.00577	0.00172	0.00745	0.00544	0.00277	0.00794
19	0.02054	0.01027	0.01262	0.01025	0.01408	0.01016	0.00828	0.04379	0.27909	0.49596	0.02156	0.01906	0.01451	0.00697	0.00550	0.00174	0.00456	0.00571	0.00630	0.00905
20	0.01015	0.00832	0.00916	0.00870	0.01078	0.00884	0.00656	0.04368	0.32845	0.01965	0.13436	0.18141	0.18573	0.01112	0.00613	0.00189	0.00358	0.00957	0.00541	0.00650
21	0.01468	0.01278	0.01584	0.01326	0.01483	0.03398	0.01094	0.21349	0.05865	0.03751	0.01038	0.01331	0.00875	0.00996	0.05026	0.00242	0.46346	0.00493	0.00354	0.00704
22	0.00935	0.00590	0.00766	0.00714	0.00870	0.00535	0.00538	0.01165	0.01479	0.10298	0.57384	0.10779	0.09564	0.01138	0.00638	0.00177	0.00286	0.01000	0.00593	0.00549
23	0.00723	0.00550	0.00665	0.00647	0.00787	0.00492	0.00481	0.00930	0.01411	0.01899	0.48690	0.09706	0.28550	0.01242	0.00647	0.00179	0.00267	0.01078	0.00563	0.00492
24	0.00989	0.01497	0.28099	0.08571	0.01776	0.02792	0.03565	0.04590	0.03038	0.01640	0.01890	0.32663	0.01969	0.01035	0.00604	0.00195	0.00584	0.03494	0.00374	0.00633
25	0.01156	0.15312	0.64168	0.01473	0.02218	0.01411	0.03640	0.01712	0.01147	0.01656	0.00946	0.01115	0.00695	0.00508	0.00494	0.00164	0.00773	0.00391	0.00232	0.00787
26	0.00664	0.00474	0.00633	0.00759	0.00791	0.00443	0.00506	0.00759	0.01044	0.01392	0.03005	0.80485	0.03606	0.01708	0.00696	0.00221	0.00316	0.01550	0.00506	0.00443
27	0.01050	0.00992	0.01658	0.72789	0.06333	0.01238	0.01504	0.01399	0.01083	0.01403	0.00958	0.01436	0.00731	0.00564	0.00608	0.00184	0.04729	0.00484	0.00243	0.00615
28	0.01194	0.28575	0.25837	0.28754	0.02526	0.01547	0.01474	0.01578	0.01115	0.01460	0.00901	0.01164	0.00706	0.00510	0.00471	0.00157	0.00703	0.00394	0.00235	0.00700
29	0.00807	0.00630	0.00731	0.00769	0.00820	0.04562	0.00523	0.00899	0.00944	0.01246	0.02069	0.30759	0.02339	0.28165	0.21732	0.00489	0.00719	0.00988	0.00381	0.00427
30	0.00719	0.00528	0.00586	0.00608	0.00678	0.00490	0.00390	0.00783	0.00993	0.01260	0.03273	0.17166	0.28703	0.39527	0.01674	0.00356	0.00404	0.01047	0.00422	0.00395
31	0.01154	0.01221	0.02453	0.33986	0.03131	0.01269	0.41758	0.01558	0.01195	0.01585	0.01132	0.04939	0.00908	0.00550	0.00605	0.00185	0.00814	0.00618	0.00272	0.00669
32	0.01116	0.01016	0.01419	0.01204	0.01420	0.03374	0.13004	0.01721	0.23784	0.01624	0.01582	0.02102	0.01383	0.14356	0.20407	0.00415	0.08453	0.00620	0.00369	0.00631
33	0.01860	0.02128	0.01470	0.01313	0.01615	0.51511	0.01002	0.08771	0.21433	0.01768	0.01247	0.01289	0.00976	0.00617	0.00513	0.00154	0.00804	0.00433	0.00376	0.00719
34	0.23035	0.00692	0.00724	0.00714	0.00903	0.00691	0.00535	0.01178	0.01148	0.08426	0.09801	0.28939	0.18927	0.01173	0.00572	0.00190	0.00343	0.00991	0.00485	0.00535
35	0.01608	0.01209	0.01311	0.01113	0.01456	0.01345	0.00889	0.22803	0.44474	0.09136	0.02107	0.02062	0.04338	0.00757	0.00561	0.00180	0.00477	0.02757	0.00559	0.00860
36	0.01366	0.01336	0.02265	0.05724	0.63804	0.02987	0.09065	0.03625	0.01282	0.01798	0.01035	0.01356	0.00853	0.00491	0.00549	0.00164	0.00684	0.00499	0.00277	0.00839
37	0.00786	0.00619	0.00816	0.00775	0.00895	0.00649	0.00598	0.00991	0.01247	0.01729	0.36633	0.03538	0.17693	0.01938	0.21369	0.00366	0.07518	0.00867	0.00469	0.00504
38	0.30264	0.00709	0.00736	0.02346	0.00952	0.00754	0.00569	0.01098	0.01006	0.01749	0.04509	0.25174	0.08949	0.01225	0.00768	0.12112	0.00391	0.05809	0.00406	0.00477
39	0.01582	0.01075	0.01948	0.01637	0.08860	0.00991	0.28178	0.01873	0.01333	0.28422	0.01824	0.16565	0.01541	0.00774	0.00610	0.00184	0.00620	0.00767	0.00459	0.00759
40	0.01070	0.00981	0.01713	0.04050	0.26096	0.00994	0.15117	0.01319	0.01060	0.01482	0.01294	0.02048	0.01216	0.18779	0.19969	0.00419	0.00872	0.00606	0.00289	0.00625
41	0.01306	0.01104	0.01577	0.01286	0.01596	0.01201	0.14973	0.18862	0.18517	0.02090	0.01530	0.01797	0.01229	0.01844	0.28031	0.00423	0.00925	0.00581	0.00407	0.00721

[dist]
# distance from previous block
# <min> <max>
7	37

[block]
# block no. 3 follows, 44 sequences, length 7
# corresponding to MSA columns:
# 563-569
name=unknown_D
#
# <colnr> <probs for GDERKNQSTAVLIFYWHMCP>
#	G	D	E	R	K	N	Q	S	T	A	V	L	I	F	Y	W	H	M	C	P
0	0.01312	0.18889	0.51180	0.01388	0.02062	0.05219	0.01647	0.09086	0.01302	0.01786	0.00959	0.01101	0.00717	0.00523	0.00485	0.00159	0.00748	0.00386	0.00265	0.00787
1	0.01427	0.17726	0.09371	0.01155	0.01541	0.01400	0.07711	0.26452	0.01615	0.02152	0.07672	0.06634	0.01495	0.10340	0.00797	0.00205	0.00591	0.00599	0.00402	0.00714
2	0.01138	0.02544	0.63759	0.01821	0.11430	0.01277	0.07013	0.01721	0.01171	0.01734	0.00993	0.01197	0.00721	0.00510	0.00529	0.00172	0.00794	0.00429	0.00238	0.00808
3	0.01428	0.12800	0.01344	0.00928	0.01236	0.03863	0.00751	0.12495	0.01388	0.13735	0.01739	0.15943	0.01663	0.07672	0.00723	0.00190	0.00492	0.06116	0.00443	0.15050
4	0.01212	0.26773	0.42684	0.01244	0.01895	0.01457	0.01465	0.01642	0.01134	0.01597	0.00909	0.01062	0.00712	0.00484	0.00448	0.00141	0.00674	0.00356	0.00246	0.13866
5	0.00768	0.00523	0.00628	0.00671	0.00690	0.00515	0.00421	0.00813	0.00896	0.01191	0.02143	0.23224	0.02491	0.54079	0.02077	0.00427	0.00473	0.07207	0.00389	0.00373
6	0.01376	0.63606	0.19704	0.01072	0.01615	0.01957	0.01175	0.01654	0.01117	0.01382	0.00807	0.00937	0.00698	0.00478	0.00388	0.00129	0.00633	0.00316	0.00233	0.00723

[dist]
# distance from previous block
# <min> <max>
0	22

[block]
# block no. 4 follows, 44 sequences, length 11
# corresponding to MSA columns:
# 592-602
name=unknown_E
#
# <colnr> <probs for GDERKNQSTAVLIFYWHMCP>
#	G	D	E	R	K	N	Q	S	T	A	V	L	I	F	Y	W	H	M	C	P
0	0.00664	0.00474	0.00633	0.00759	0.00791	0.00443	0.00506	0.00759	0.01044	0.01392	0.03005	0.80485	0.03606	0.01708	0.00696	0.00221	0.00316	0.01550	0.00506	0.00443
1	0.01694	0.02059	0.01990	0.01635	0.01934	0.45176	0.19894	0.01911	0.01351	0.01434	0.00886	0.01144	0.00736	0.00607	0.00765	0.00169	0.15242	0.00448	0.00272	0.00652
2	0.01652	0.01318	0.01400	0.01169	0.01531	0.01494	0.00935	0.32980	0.45889	0.02758	0.01842	0.01734	0.01359	0.00704	0.00551	0.00176	0.00501	0.00564	0.00551	0.00889
3	0.01057	0.00939	0.01635	0.01282	0.01499	0.00967	0.26855	0.01279	0.01035	0.01508	0.01387	0.02255	0.01312	0.28056	0.01469	0.00298	0.10557	0.00649	0.15421	0.00538
4	0.00644	0.00552	0.00552	0.00552	0.00736	0.00460	0.00414	0.00782	0.01243	0.01473	0.05523	0.05247	0.77218	0.01381	0.00644	0.00184	0.00276	0.01151	0.00506	0.00460
5	0.01195	0.02114	0.38883	0.01943	0.02616	0.01325	0.40439	0.01737	0.01222	0.01737	0.01044	0.01318	0.00762	0.00487	0.00584	0.00178	0.00865	0.00529	0.00254	0.00769
6	0.01965	0.01623	0.01491	0.01301	0.05087	0.21923	0.00988	0.29182	0.10141	0.15652	0.01569	0.01539	0.03724	0.00661	0.00536	0.00161	0.00650	0.00501	0.00485	0.00822
7	0.01059	0.00678	0.00716	0.00685	0.00829	0.00725	0.00498	0.01570	0.20104	0.01870	0.01842	0.02294	0.01551	0.15237	0.00936	0.03963	0.00358	0.00585	0.43947	0.00554
8	0.01180	0.01216	0.02409	0.02227	0.21267	0.01187	0.39368	0.01540	0.01186	0.01648	0.01222	0.04421	0.01042	0.01226	0.15991	0.00316	0.00935	0.00625	0.00286	0.00708
9	0.01225	0.06253	0.11787	0.01116	0.01569	0.01045	0.08338	0.06768	0.08246	0.04024	0.06170	0.07805	0.01391	0.00635	0.00506	0.00141	0.00522	0.00549	0.00379	0.31531
10	0.01611	0.20672	0.05182	0.01181	0.03556	0.11003	0.00998	0.28319	0.04549	0.02182	0.03801	0.01632	0.04134	0.00883	0.05590	0.00201	0.00676	0.02676	0.00399	0.00753

[dist]
# distance from previous block
# <min> <max>
3	17

[block]
# block no. 5 follows, 44 sequences, length 12
# corresponding to MSA columns:
# 620-631
name=unknown_F
#
# <colnr> <probs for GDERKNQSTAVLIFYWHMCP>
#	G	D	E	R	K	N	Q	S	T	A	V	L	I	F	Y	W	H	M	C	P
0	0.19342	0.01441	0.05754	0.01445	0.13464	0.05753	0.01051	0.27635	0.06213	0.05427	0.01167	0.01251	0.00872	0.00572	0.00487	0.00159	0.00574	0.00434	0.00415	0.06544
1	0.01141	0.01164	0.08159	0.32721	0.10870	0.01087	0.07088	0.04619	0.01231	0.04198	0.02662	0.04273	0.08390	0.00650	0.00551	0.00168	0.00628	0.00581	0.00322	0.09499
2	0.01368	0.01279	0.01364	0.01113	0.01400	0.10832	0.00891	0.12841	0.01317	0.01823	0.01099	0.07423	0.01009	0.00711	0.00828	0.00154	0.21598	0.00490	0.00344	0.32115
3	0.00792	0.00616	0.00872	0.00863	0.00947	0.00710	0.00660	0.00954	0.00909	0.01280	0.01863	0.08606	0.07490	0.09222	0.54739	0.00695	0.07269	0.00712	0.00325	0.00478
4	0.14913	0.01640	0.01328	0.01125	0.01451	0.26968	0.00886	0.25000	0.01768	0.06848	0.11507	0.01545	0.01402	0.00665	0.00508	0.00158	0.00644	0.00485	0.00440	0.00720
5	0.01307	0.01119	0.01612	0.06111	0.22504	0.01009	0.05255	0.05962	0.01272	0.05170	0.01064	0.01271	0.00850	0.00464	0.00478	0.00123	0.00533	0.00415	0.00330	0.43151
6	0.14680	0.01346	0.01879	0.01427	0.01850	0.01426	0.21943	0.27335	0.08338	0.02469	0.01190	0.01333	0.00892	0.00580	0.00592	0.00170	0.04580	0.00501	0.00405	0.07062
7	0.45577	0.01153	0.01635	0.01260	0.01662	0.01199	0.25473	0.01697	0.01133	0.08027	0.05576	0.01347	0.01002	0.00540	0.00474	0.00174	0.00580	0.00472	0.00359	0.00660
8	0.01187	0.54389	0.02091	0.00806	0.01179	0.01593	0.00761	0.01350	0.01153	0.01346	0.02341	0.02327	0.26118	0.00770	0.00448	0.00139	0.00481	0.00577	0.00324	0.00620
9	0.01313	0.01154	0.03786	0.01356	0.01726	0.01111	0.23587	0.13345	0.11702	0.06750	0.20487	0.02435	0.07212	0.00767	0.00607	0.00177	0.00565	0.00723	0.00475	0.00723
10	0.00856	0.00656	0.00744	0.00743	0.00884	0.00642	0.00542	0.06845	0.06911	0.01661	0.07889	0.24060	0.27545	0.12236	0.00941	0.00243	0.00370	0.05226	0.00494	0.00510
11	0.01024	0.00807	0.01116	0.00991	0.01170	0.00832	0.05151	0.01306	0.06820	0.06240	0.13591	0.29984	0.02557	0.01110	0.00797	0.00189	0.12894	0.00941	0.00453	0.12026

[dist]
# distance from previous block
# <min> <max>
15	34

[block]
# block no. 6 follows, 44 sequences, length 11
# corresponding to MSA columns:
# 666-676
name=unknown_G
#
# <colnr> <probs for GDERKNQSTAVLIFYWHMCP>
#	G	D	E	R	K	N	Q	S	T	A	V	L	I	F	Y	W	H	M	C	P
0	0.23916	0.01907	0.01320	0.01158	0.01482	0.43128	0.00898	0.07181	0.01455	0.11341	0.01017	0.01089	0.00769	0.00568	0.00462	0.00153	0.00743	0.00371	0.00363	0.00679
1	0.09226	0.08063	0.10105	0.01069	0.01520	0.01202	0.00974	0.13332	0.10126	0.36351	0.01660	0.01546	0.01126	0.00629	0.00510	0.00166	0.00526	0.00487	0.00524	0.00858
2	0.08287	0.18030	0.01556	0.23254	0.01896	0.01299	0.00947	0.12781	0.01258	0.01724	0.01302	0.10528	0.01255	0.12704	0.00837	0.00220	0.00574	0.00595	0.00338	0.00614
3	0.01662	0.01567	0.12935	0.01203	0.01678	0.01411	0.01093	0.42702	0.10452	0.02730	0.01314	0.01364	0.00969	0.00703	0.02746	0.00175	0.00606	0.00469	0.00458	0.13765
4	0.04985	0.18995	0.06686	0.00898	0.01143	0.03098	0.00773	0.01283	0.01147	0.07400	0.05064	0.37398	0.02382	0.01141	0.00573	0.00185	0.00454	0.05383	0.00428	0.00582
5	0.01430	0.01481	0.23117	0.36295	0.02723	0.01116	0.01463	0.01828	0.01234	0.22112	0.01291	0.01477	0.00885	0.00572	0.00538	0.00176	0.00678	0.00479	0.00356	0.00749
6	0.01380	0.00784	0.01002	0.00818	0.01131	0.00657	0.00641	0.01599	0.01365	0.25221	0.22453	0.11746	0.02500	0.00839	0.00549	0.00150	0.00372	0.00722	0.00529	0.25541
7	0.01737	0.02113	0.01572	0.24665	0.02302	0.55595	0.01191	0.01944	0.01410	0.01352	0.00880	0.01123	0.00710	0.00557	0.00507	0.00153	0.00907	0.00391	0.00269	0.00624
8	0.15436	0.03915	0.01086	0.00847	0.01175	0.00990	0.00691	0.16805	0.01549	0.20866	0.06196	0.02658	0.23877	0.00865	0.00538	0.00170	0.00424	0.00684	0.00522	0.00704
9	0.00856	0.00690	0.01059	0.24250	0.01743	0.00816	0.00875	0.01070	0.00927	0.01271	0.01354	0.02157	0.01269	0.14905	0.43676	0.00616	0.01098	0.00587	0.00283	0.00498
10	0.00670	0.00553	0.00587	0.00579	0.00752	0.00471	0.00434	0.00832	0.01303	0.01615	0.19798	0.05013	0.62854	0.01328	0.00644	0.00182	0.00272	0.01118	0.00525	0.00471

[dist]
# distance from previous block
# <min> <max>
0	5

[block]
# block no. 7 follows, 44 sequences, length 13
# corresponding to MSA columns:
# 682-694
name=unknown_H
#
# <colnr> <probs for GDERKNQSTAVLIFYWHMCP>
#	G	D	E	R	K	N	Q	S	T	A	V	L	I	F	Y	W	H	M	C	P
0	0.01513	0.20585	0.01789	0.12943	0.08452	0.01422	0.01034	0.18261	0.06008	0.09753	0.01464	0.11781	0.01278	0.00724	0.00518	0.00164	0.00557	0.00594	0.00408	0.00750
1	0.01367	0.40443	0.24738	0.01539	0.14195	0.06230	0.01379	0.01699	0.01168	0.01498	0.00872	0.01040	0.00724	0.00490	0.00439	0.00142	0.00682	0.00360	0.00241	0.00754
2	0.01479	0.01660	0.02469	0.02484	0.30158	0.18770	0.31409	0.01816	0.01328	0.01666	0.01016	0.01316	0.00812	0.00492	0.00571	0.00166	0.00833	0.00519	0.00275	0.00759
3	0.00982	0.00967	0.00843	0.00898	0.01004	0.18086	0.00639	0.01098	0.01184	0.01397	0.02734	0.52411	0.09431	0.01411	0.00648	0.00201	0.00472	0.04648	0.00455	0.00490
4	0.01413	0.01017	0.01550	0.04340	0.10277	0.01056	0.10761	0.03976	0.09421	0.17991	0.12939	0.06462	0.03126	0.03393	0.00796	0.00195	0.09416	0.00688	0.00459	0.00723
5	0.09966	0.05162	0.01641	0.01285	0.01612	0.18204	0.16163	0.08199	0.03497	0.05803	0.01678	0.09379	0.06768	0.00946	0.04934	0.00211	0.00713	0.02798	0.00381	0.00658
6	0.00670	0.00484	0.00634	0.00744	0.00789	0.00448	0.00502	0.00777	0.01085	0.01444	0.07595	0.71837	0.07667	0.01655	0.00690	0.00216	0.00311	0.01494	0.00512	0.00448
7	0.01273	0.01272	0.02327	0.17881	0.46335	0.01298	0.18279	0.01635	0.01222	0.01698	0.01032	0.01397	0.00829	0.00491	0.00564	0.00171	0.00724	0.00521	0.00266	0.00785
8	0.01224	0.01228	0.01976	0.23816	0.02514	0.07327	0.24849	0.05429	0.01287	0.01654	0.01406	0.02381	0.01271	0.00749	0.00685	0.00196	0.05192	0.15846	0.00326	0.00644
9	0.01141	0.00834	0.01201	0.29350	0.02060	0.00922	0.01008	0.09751	0.01307	0.07546	0.04069	0.20292	0.01952	0.01048	0.00678	0.03597	0.00541	0.11688	0.00419	0.00597
10	0.00691	0.00495	0.00616	0.00701	0.00741	0.00464	0.00457	0.00769	0.01008	0.01325	0.02972	0.55456	0.10760	0.19516	0.01159	0.00287	0.00360	0.01338	0.00466	0.00419
11	0.01512	0.01090	0.01194	0.01043	0.01319	0.05402	0.00842	0.27100	0.06770	0.10200	0.14167	0.09704	0.02324	0.00977	0.00610	0.00186	0.00498	0.13799	0.00542	0.00720
12	0.01266	0.06382	0.18000	0.12944	0.31292	0.03154	0.05541	0.03858	0.04055	0.01715	0.01100	0.03879	0.00909	0.00568	0.00572	0.00170	0.03039	0.00501	0.00282	0.00774

[dist]
# distance from previous block
# <min> <max>
5	29

[block]
# block no. 8 follows, 44 sequences, length 21
# corresponding to MSA columns:
# 724-744
name=unknown_I
#
# <colnr> <probs for GDERKNQSTAVLIFYWHMCP>
#	G	D	E	R	K	N	Q	S	T	A	V	L	I	F	Y	W	H	M	C	P
0	0.01340	0.22533	0.07401	0.01326	0.12200	0.03999	0.01015	0.10818	0.02635	0.01798	0.01302	0.09226	0.03016	0.00639	0.00476	0.00140	0.00548	0.00515	0.00338	0.18736
1	0.01326	0.07514	0.21712	0.01165	0.01561	0.09310	0.01132	0.16070	0.04012	0.01891	0.03133	0.04586	0.04367	0.10264	0.02709	0.00231	0.02367	0.05594	0.00369	0.00685
2	0.01563	0.01290	0.01319	0.01119	0.01368	0.11977	0.00889	0.26902	0.01711	0.07784	0.10892	0.11145	0.05483	0.00906	0.00765	0.00181	0.12839	0.00691	0.00471	0.00704
3	0.45789	0.00975	0.00839	0.00780	0.01024	0.06663	0.00616	0.01408	0.01023	0.02008	0.06528	0.01644	0.03450	0.03377	0.17181	0.00325	0.00663	0.00459	0.04698	0.00551
4	0.01573	0.01719	0.01264	0.01151	0.01373	0.40342	0.00865	0.10943	0.01550	0.01726	0.12730	0.14003	0.01894	0.03464	0.00663	0.00176	0.02888	0.00669	0.00398	0.00611
5	0.01427	0.01282	0.01661	0.01384	0.01500	0.01675	0.01151	0.21059	0.01294	0.01876	0.00873	0.01224	0.00772	0.00875	0.01459	0.00219	0.58785	0.00481	0.00320	0.00684
6	0.00771	0.00549	0.00699	0.00711	0.00764	0.00573	0.00485	0.00862	0.00885	0.01199	0.02026	0.08579	0.07244	0.41210	0.28159	0.00592	0.00811	0.03129	0.00347	0.00406
7	0.01236	0.01180	0.02008	0.30311	0.51360	0.01266	0.01617	0.01574	0.01188	0.01644	0.01005	0.01386	0.00815	0.00507	0.00542	0.00169	0.00676	0.00485	0.00260	0.00772
8	0.01225	0.01287	0.02195	0.01725	0.01912	0.01571	0.26380	0.01459	0.00988	0.01459	0.00847	0.01287	0.00753	0.00786	0.01401	0.00220	0.53076	0.00533	0.00251	0.00643
9	0.00862	0.00864	0.01456	0.01144	0.01453	0.00772	0.25865	0.01109	0.01258	0.01566	0.04024	0.03966	0.51311	0.01068	0.00644	0.00184	0.00494	0.00979	0.00428	0.00554
10	0.00784	0.00564	0.00772	0.00772	0.00833	0.00625	0.00552	0.00907	0.00845	0.01188	0.01556	0.02669	0.01592	0.32473	0.50609	0.00748	0.01116	0.00661	0.00306	0.00429
11	0.00790	0.00539	0.00648	0.00648	0.00666	0.00557	0.00397	0.00827	0.00809	0.01096	0.01669	0.03298	0.01865	0.66343	0.17113	0.00594	0.00705	0.00753	0.00323	0.00360
12	0.00664	0.00474	0.00633	0.00759	0.00791	0.00443	0.00506	0.00759	0.01044	0.01392	0.03005	0.80485	0.03606	0.01708	0.00696	0.00221	0.00316	0.01550	0.00506	0.00443
13	0.02072	0.01527	0.01636	0.01254	0.01691	0.01691	0.01036	0.75622	0.02563	0.03436	0.01309	0.01309	0.00927	0.00654	0.00545	0.00164	0.00600	0.00491	0.00545	0.00927
14	0.01708	0.01635	0.01581	0.23931	0.02266	0.22748	0.01166	0.28557	0.07280	0.02181	0.01149	0.01314	0.00861	0.00604	0.00531	0.00164	0.00730	0.00460	0.00385	0.00748
15	0.01579	0.01146	0.01257	0.01043	0.01329	0.01243	0.00815	0.48010	0.01974	0.02659	0.01737	0.18536	0.01646	0.10935	0.00852	0.00221	0.00520	0.00756	0.03006	0.00736
16	0.01458	0.81168	0.02857	0.00933	0.01399	0.02157	0.00933	0.01632	0.01108	0.01283	0.00758	0.00875	0.00700	0.00466	0.00350	0.00117	0.00583	0.00292	0.00233	0.00700
17	0.29968	0.14929	0.01557	0.01086	0.01309	0.05674	0.00923	0.01551	0.00972	0.03873	0.00785	0.01040	0.00687	0.00688	0.00940	0.00186	0.32543	0.00378	0.00286	0.00623
18	0.02433	0.00949	0.01278	0.00980	0.01402	0.00833	0.00810	0.05262	0.01596	0.75162	0.02121	0.01836	0.01334	0.00674	0.00548	0.00169	0.00469	0.00546	0.00670	0.00928
19	0.01811	0.06583	0.05601	0.01174	0.01609	0.06317	0.01004	0.47971	0.02061	0.04839	0.01288	0.04911	0.01007	0.00649	0.00518	0.00152	0.00593	0.00495	0.00467	0.10950
20	0.13952	0.17858	0.03879	0.00948	0.01366	0.03397	0.00834	0.02200	0.01361	0.44150	0.03824	0.01530	0.01179	0.00612	0.00477	0.00157	0.00502	0.00461	0.00507	0.00807

[dist]
# distance from previous block
# <min> <max>
0	10

[block]
# block no. 9 follows, 44 sequences, length 14
# corresponding to MSA columns:
# 756-769
name=unknown_J
#
# <colnr> <probs for GDERKNQSTAVLIFYWHMCP>
#	G	D	E	R	K	N	Q	S	T	A	V	L	I	F	Y	W	H	M	C	P
0	0.06132	0.49893	0.07192	0.01044	0.01505	0.03862	0.01002	0.15657	0.05967	0.01842	0.00967	0.01048	0.00795	0.00526	0.00413	0.00137	0.00593	0.00358	0.00318	0.00751
1	0.29471	0.01050	0.00940	0.00881	0.01121	0.10313	0.00671	0.04219	0.04091	0.11556	0.01786	0.28156	0.01780	0.00957	0.00521	0.00184	0.00466	0.00780	0.00447	0.00611
2	0.01055	0.00996	0.01500	0.27658	0.02124	0.01318	0.01199	0.01272	0.00929	0.01330	0.00950	0.01470	0.00848	0.01441	0.16698	0.00346	0.37536	0.00501	0.00250	0.00578
3	0.00749	0.00510	0.00607	0.00650	0.00661	0.00500	0.00390	0.00781	0.00877	0.01170	0.02152	0.29507	0.02530	0.54154	0.02074	0.00425	0.00457	0.01048	0.00390	0.00368
4	0.01178	0.01159	0.02083	0.41499	0.28459	0.01266	0.13382	0.01544	0.01173	0.01580	0.01009	0.01421	0.00789	0.00511	0.00559	0.00175	0.00731	0.00510	0.00257	0.00713
5	0.01543	0.01127	0.01999	0.07468	0.03706	0.01118	0.28289	0.07001	0.01351	0.22060	0.01438	0.01668	0.01057	0.01180	0.14169	0.00299	0.02803	0.00577	0.00400	0.00747
6	0.00664	0.00474	0.00633	0.00759	0.00791	0.00443	0.00506	0.00759	0.01044	0.01392	0.03005	0.80485	0.03606	0.01708	0.00696	0.00221	0.00316	0.01550	0.00506	0.00443
7	0.00774	0.00563	0.00790	0.00799	0.00867	0.00627	0.00583	0.00914	0.00867	0.01223	0.01632	0.07991	0.01673	0.22809	0.54528	0.00745	0.01151	0.00703	0.00316	0.00445
8	0.00837	0.00636	0.00784	0.00784	0.00911	0.00636	0.00572	0.01262	0.14372	0.01935	0.39146	0.29488	0.04022	0.01250	0.00646	0.00191	0.00307	0.01112	0.00561	0.00551
9	0.02074	0.01453	0.01582	0.01221	0.01649	0.01591	0.01006	0.65273	0.05970	0.10417	0.01432	0.01395	0.01002	0.00660	0.00546	0.00165	0.00579	0.00502	0.00558	0.00924
10	0.02342	0.01030	0.01321	0.01020	0.01439	0.00962	0.00840	0.13870	0.04935	0.63149	0.02024	0.01779	0.01298	0.00674	0.00548	0.00169	0.00483	0.00542	0.00650	0.00925
11	0.00687	0.00554	0.00612	0.00597	0.00763	0.00479	0.00448	0.00865	0.01344	0.01713	0.29679	0.04851	0.52912	0.01291	0.00644	0.00180	0.00270	0.01095	0.00538	0.00479
12	0.01263	0.01341	0.07478	0.22889	0.39448	0.01309	0.09202	0.04394	0.01235	0.01717	0.01014	0.01368	0.00809	0.00525	0.00598	0.00173	0.03701	0.00496	0.00270	0.00771
13	0.01658	0.01964	0.01898	0.11099	0.06806	0.42065	0.15437	0.02003	0.07072	0.01519	0.01020	0.01240	0.00812	0.00558	0.00565	0.00161	0.02694	0.00455	0.00294	0.00680

[dist]
# distance from previous block
# <min> <max>
0	10

[block]
# block no. 10 follows, 44 sequences, length 40
# corresponding to MSA columns:
# 780-819
name=unknown_K
#
# <colnr> <probs for GDERKNQSTAVLIFYWHMCP>
#	G	D	E	R	K	N	Q	S	T	A	V	L	I	F	Y	W	H	M	C	P
0	0.02065	0.01748	0.01617	0.01285	0.01690	0.17547	0.01040	0.60490	0.02353	0.03003	0.01213	0.01242	0.00881	0.00635	0.00534	0.00159	0.00679	0.00462	0.00491	0.00866
1	0.08486	0.01017	0.01282	0.01133	0.06193	0.00993	0.00854	0.02568	0.18795	0.49714	0.01988	0.01790	0.01333	0.00665	0.00533	0.00172	0.00465	0.00540	0.00595	0.00883
2	0.00731	0.00549	0.00692	0.00781	0.00889	0.00510	0.00605	0.00891	0.01174	0.01497	0.03706	0.33191	0.25122	0.01543	0.00700	0.00220	0.00367	0.25857	0.00505	0.00468
3	0.01819	0.01895	0.01461	0.01274	0.01598	0.36493	0.00987	0.18189	0.26603	0.02099	0.01399	0.01402	0.01070	0.00641	0.00524	0.00160	0.00718	0.00469	0.00429	0.00772
4	0.08513	0.00839	0.01056	0.03992	0.01275	0.00868	0.00766	0.03168	0.10638	0.25792	0.01890	0.02506	0.01570	0.08556	0.16850	0.00359	0.00685	0.09512	0.00482	0.00683
5	0.01214	0.28671	0.53217	0.01349	0.02043	0.01560	0.01657	0.01695	0.01137	0.01580	0.00906	0.01060	0.00694	0.00501	0.00462	0.00154	0.00732	0.00366	0.00231	0.00771
6	0.00848	0.00768	0.01394	0.01212	0.01397	0.00718	0.22576	0.01050	0.01115	0.01496	0.02445	0.57219	0.02788	0.01340	0.00680	0.00210	0.00494	0.01283	0.00438	0.00529
7	0.00739	0.00492	0.00628	0.00699	0.00716	0.00475	0.00444	0.00765	0.00923	0.01230	0.02345	0.45966	0.02767	0.28256	0.01552	0.09622	0.00405	0.01177	0.00417	0.00382
8	0.01240	0.21040	0.56979	0.01382	0.02091	0.01453	0.01707	0.01747	0.01159	0.05069	0.00980	0.01118	0.00723	0.00513	0.00480	0.00159	0.00738	0.00383	0.00251	0.00786
9	0.00694	0.00507	0.00653	0.00716	0.00792	0.00466	0.00499	0.00841	0.01211	0.01634	0.25099	0.50170	0.11705	0.01499	0.00675	0.00203	0.00295	0.01342	0.00534	0.00466
10	0.01930	0.01072	0.01271	0.01049	0.01420	0.01103	0.00843	0.06899	0.35592	0.39337	0.02134	0.01906	0.01468	0.00703	0.00551	0.00176	0.00457	0.00576	0.00613	0.00898
11	0.01349	0.01295	0.02213	0.03346	0.77440	0.01295	0.01673	0.01673	0.01241	0.01781	0.01025	0.01349	0.00864	0.00486	0.00540	0.00162	0.00648	0.00486	0.00270	0.00864
12	0.05299	0.01265	0.01542	0.03340	0.01671	0.05257	0.07129	0.24150	0.08123	0.33987	0.01664	0.01582	0.01127	0.00640	0.00545	0.00169	0.00572	0.00523	0.00547	0.00869
13	0.00726	0.00538	0.00643	0.00664	0.00742	0.00524	0.00452	0.00820	0.00982	0.01274	0.02995	0.16192	0.24276	0.29692	0.16633	0.00445	0.00602	0.00980	0.00403	0.00417
14	0.01308	0.00877	0.01026	0.00869	0.01122	0.00881	0.00685	0.23120	0.01789	0.10277	0.35285	0.06159	0.12365	0.00990	0.00607	0.00172	0.00384	0.00837	0.00576	0.00669
15	0.01484	0.01276	0.01963	0.02022	0.24040	0.01409	0.11860	0.10537	0.09735	0.08594	0.01226	0.01444	0.00962	0.00662	0.00864	0.00187	0.20052	0.00527	0.00363	0.00793
16	0.01277	0.01991	0.30947	0.01220	0.01618	0.20400	0.01217	0.04090	0.01182	0.01476	0.01165	0.01827	0.01083	0.24199	0.01219	0.00271	0.03405	0.00510	0.00283	0.00620
17	0.00753	0.00568	0.00706	0.00728	0.00867	0.00521	0.00573	0.00963	0.01351	0.01787	0.32826	0.09619	0.26270	0.01327	0.00674	0.00198	0.00327	0.18910	0.00542	0.00491
18	0.00664	0.00474	0.00633	0.00759	0.00791	0.00443	0.00506	0.00759	0.01044	0.01392	0.03005	0.80485	0.03606	0.01708	0.00696	0.00221	0.00316	0.01550	0.00506	0.00443
19	0.01103	0.01127	0.02144	0.01659	0.01959	0.01186	0.37468	0.01429	0.02637	0.01536	0.01306	0.08197	0.01195	0.03414	0.16976	0.00348	0.14709	0.00681	0.00299	0.00628
20	0.00664	0.00474	0.00633	0.00759	0.00791	0.00443	0.00506	0.00759	0.01044	0.01392	0.03005	0.80485	0.03606	0.01708	0.00696	0.00221	0.00316	0.01550	0.00506	0.00443
21	0.00664	0.00474	0.00633	0.00759	0.00791	0.00443	0.00506	0.00759	0.01044	0.01392	0.03005	0.80485	0.03606	0.01708	0.00696	0.00221	0.00316	0.01550	0.00506	0.00443
22	0.01670	0.05392	0.28297	0.01385	0.01901	0.24209	0.01372	0.22683	0.04391	0.02095	0.01068	0.01167	0.00796	0.00575	0.00513	0.00159	0.00778	0.00416	0.00346	0.00787
23	0.01380	0.31599	0.25550	0.01138	0.01708	0.01537	0.01223	0.09839	0.01298	0.03764	0.00962	0.01080	0.00759	0.00497	0.00438	0.00134	0.00618	0.00360	0.00295	0.15819
24	0.01727	0.01813	0.01446	0.01272	0.01567	0.33397	0.00987	0.12668	0.30340	0.01989	0.01427	0.01445	0.01103	0.00668	0.00606	0.00167	0.05718	0.00480	0.00420	0.00759
25	0.01458	0.81168	0.02857	0.00933	0.01399	0.02157	0.00933	0.01632	0.01108	0.01283	0.00758	0.00875	0.00700	0.00466	0.00350	0.00117	0.00583	0.00292	0.00233	0.00700
26	0.00985	0.00874	0.01421	0.26162	0.23519	0.00950	0.01171	0.01240	0.01097	0.01490	0.01645	0.25122	0.01692	0.01244	0.08705	0.00260	0.00658	0.00814	0.00334	0.00618
27	0.00699	0.00552	0.00630	0.00616	0.00771	0.00483	0.00460	0.00886	0.01363	0.01772	0.35751	0.07475	0.44043	0.01280	0.00646	0.00180	0.00270	0.01095	0.00546	0.00483
28	0.02122	0.01447	0.01587	0.01216	0.01651	0.01572	0.01005	0.65893	0.02430	0.13353	0.01421	0.01382	0.00983	0.00657	0.00546	0.00164	0.00582	0.00498	0.00563	0.00927
29	0.00697	0.00515	0.00647	0.00696	0.00784	0.00470	0.00488	0.00847	0.01227	0.01644	0.26323	0.41770	0.17054	0.03332	0.00719	0.00207	0.00296	0.01287	0.00531	0.00465
30	0.00899	0.00601	0.00773	0.00717	0.00871	0.00559	0.00542	0.01187	0.04091	0.07378	0.64099	0.06450	0.07526	0.01101	0.00635	0.00174	0.00280	0.00968	0.00597	0.00551
31	0.01572	0.00966	0.01115	0.00979	0.01274	0.01020	0.00765	0.02452	0.39686	0.24402	0.02249	0.10673	0.01764	0.00819	0.00554	0.00179	0.00413	0.00691	0.07621	0.00806
32	0.00740	0.00556	0.00685	0.00653	0.00795	0.00501	0.00490	0.00968	0.01469	0.02010	0.59481	0.04362	0.22925	0.01180	0.00643	0.00175	0.00262	0.01027	0.00577	0.00501
33	0.27686	0.01341	0.01353	0.01069	0.01474	0.01488	0.00883	0.47919	0.01991	0.07999	0.01194	0.01214	0.00851	0.00610	0.00481	0.00166	0.00536	0.00434	0.00489	0.00823
34	0.01642	0.26899	0.02480	0.01474	0.01939	0.09079	0.22919	0.23380	0.01628	0.02055	0.01029	0.01188	0.00804	0.00529	0.00507	0.00152	0.00725	0.00459	0.00342	0.00770
35	0.01085	0.04467	0.53423	0.24496	0.02744	0.01275	0.01837	0.01626	0.01132	0.01616	0.00969	0.01232	0.00702	0.00524	0.00521	0.00174	0.00776	0.00424	0.00234	0.00744
36	0.01592	0.00783	0.01008	0.00844	0.01129	0.00717	0.00670	0.01929	0.08036	0.37386	0.29618	0.02961	0.09175	0.00900	0.00591	0.00172	0.00370	0.00764	0.00623	0.00733
37	0.01296	0.13082	0.16439	0.01156	0.01504	0.17726	0.01086	0.04285	0.03010	0.01577	0.07165	0.01935	0.11387	0.00968	0.05621	0.00212	0.10027	0.00548	0.00330	0.00647
38	0.01180	0.01126	0.00980	0.00919	0.01093	0.16025	0.00662	0.01691	0.23281	0.01539	0.02151	0.04649	0.10313	0.26119	0.05656	0.00324	0.00607	0.00703	0.00409	0.00573
39	0.01097	0.00814	0.01027	0.01006	0.01229	0.00805	0.00859	0.12899	0.01454	0.01955	0.04928	0.04628	0.02539	0.01208	0.00669	0.00211	0.00496	0.49669	0.00488	0.12020

[dist]
# distance from previous block
# <min> <max>
8	20

[block]
# block no. 11 follows, 44 sequences, length 22
# corresponding to MSA columns:
# 840-861
name=unknown_L
#
# <colnr> <probs for GDERKNQSTAVLIFYWHMCP>
#	G	D	E	R	K	N	Q	S	T	A	V	L	I	F	Y	W	H	M	C	P
0	0.03670	0.01634	0.01576	0.04323	0.06352	0.26210	0.01126	0.01853	0.12110	0.01522	0.01005	0.01259	0.00856	0.00741	0.01033	0.00191	0.33119	0.00453	0.00303	0.00664
1	0.55817	0.01061	0.01147	0.22569	0.01887	0.01241	0.03588	0.03985	0.01040	0.02162	0.00848	0.01078	0.00648	0.00520	0.00413	0.00173	0.00530	0.00367	0.00316	0.00611
2	0.00724	0.00533	0.00621	0.00639	0.00726	0.00493	0.00434	0.00836	0.01123	0.01467	0.17443	0.18211	0.24868	0.26243	0.01322	0.00298	0.00364	0.02756	0.00469	0.00428
3	0.00925	0.00599	0.00833	0.00797	0.00915	0.00630	0.00599	0.01105	0.01073	0.08115	0.18633	0.02775	0.02311	0.15122	0.42397	0.00601	0.00956	0.00704	0.00401	0.00507
4	0.02958	0.01043	0.01425	0.28262	0.06742	0.01187	0.01116	0.21929	0.02979	0.04355	0.01386	0.08718	0.01187	0.01239	0.12773	0.00287	0.00744	0.00600	0.00381	0.00692
5	0.02343	0.00998	0.01297	0.01005	0.01421	0.00917	0.00827	0.09311	0.06376	0.66284	0.02079	0.01817	0.01331	0.00677	0.00548	0.00169	0.00474	0.00547	0.00655	0.00924
6	0.01400	0.01193	0.01258	0.01118	0.01435	0.01377	0.00874	0.07389	0.71891	0.02352	0.02163	0.01989	0.01619	0.00734	0.00554	0.00184	0.00442	0.00609	0.00554	0.00867
