[name]
unknown

[dist]
# distance from previous block
# <min> <max>
0	73

[block]
# block no. 0 follows, 48 sequences, length 10
# corresponding to MSA columns:
# 77-86
name=unknown_A
#
# <colnr> <probs for GDERKNQSTAVLIFYWHMCP>
#	G	D	E	R	K	N	Q	S	T	A	V	L	I	F	Y	W	H	M	C	P
0	0.01064	0.10778	0.71491	0.01403	0.02129	0.01277	0.01792	0.01616	0.01079	0.01582	0.00900	0.01057	0.00651	0.00483	0.00471	0.00157	0.00737	0.00368	0.00217	0.00748
1	0.02302	0.00873	0.01191	0.00913	0.01310	0.00754	0.00754	0.02501	0.01469	0.79122	0.02024	0.01746	0.01270	0.00635	0.00516	0.00159	0.00437	0.00516	0.00635	0.00873
2	0.01270	0.01219	0.02083	0.03149	0.78767	0.01219	0.01575	0.01575	0.01168	0.01676	0.00965	0.01270	0.00813	0.00457	0.00508	0.00152	0.00610	0.00457	0.00254	0.00813
3	0.01868	0.10384	0.01598	0.01248	0.01560	0.55862	0.00977	0.17416	0.01609	0.01657	0.00875	0.00978	0.00704	0.00538	0.00459	0.00134	0.00813	0.00352	0.00311	0.00658
4	0.00625	0.00447	0.00595	0.00714	0.00744	0.00417	0.00476	0.00714	0.00982	0.01310	0.02828	0.81633	0.03394	0.01608	0.00655	0.00208	0.00298	0.01459	0.00476	0.00417
5	0.01440	0.01010	0.01216	0.00986	0.01282	0.01053	0.04153	0.32523	0.07085	0.10217	0.25316	0.04968	0.04876	0.00805	0.00554	0.00161	0.00436	0.00680	0.00528	0.00711
6	0.51223	0.01175	0.01077	0.00883	0.01238	0.01332	0.00728	0.32552	0.01506	0.02685	0.00927	0.00997	0.00686	0.00534	0.00398	0.00157	0.00466	0.00354	0.00398	0.00686
7	0.00969	0.00912	0.01539	0.80734	0.03534	0.01140	0.01425	0.01311	0.01026	0.01311	0.00912	0.01368	0.00684	0.00513	0.00513	0.00171	0.00684	0.00456	0.00228	0.00570
8	0.01898	0.02020	0.01445	0.01248	0.01558	0.50482	0.00965	0.21812	0.06979	0.05213	0.01051	0.01110	0.00805	0.00568	0.00482	0.00142	0.00774	0.00390	0.00364	0.00695
9	0.16170	0.01064	0.01164	0.00932	0.01290	0.04537	0.00760	0.17541	0.04354	0.38892	0.06866	0.01599	0.01298	0.00630	0.00486	0.00157	0.00464	0.00487	0.00531	0.00778

[dist]
# distance from previous block
# <min> <max>
0	10

[block]
# block no. 1 follows, 48 sequences, length 23
# corresponding to MSA columns:
# 97-119
name=unknown_B
#
# <colnr> <probs for GDERKNQSTAVLIFYWHMCP>
#	G	D	E	R	K	N	Q	S	T	A	V	L	I	F	Y	W	H	M	C	P
0	0.01605	0.01334	0.01341	0.01120	0.01460	0.06645	0.00893	0.34169	0.40801	0.02548	0.01639	0.01559	0.01212	0.00651	0.00514	0.00163	0.00508	0.00513	0.00501	0.00823
1	0.01418	0.01277	0.02341	0.02046	0.17942	0.01249	0.39769	0.09060	0.07504	0.10240	0.01233	0.01428	0.00911	0.00498	0.00560	0.00165	0.00700	0.00550	0.00345	0.00763
2	0.47017	0.01475	0.17016	0.00948	0.01354	0.08717	0.00909	0.01760	0.07969	0.07163	0.00976	0.01052	0.00724	0.00514	0.00398	0.00158	0.00525	0.00347	0.00331	0.00645
3	0.01375	0.01405	0.01178	0.01072	0.01324	0.24407	0.00821	0.02231	0.42522	0.01811	0.09262	0.01820	0.01606	0.00892	0.05800	0.00204	0.00608	0.00539	0.00434	0.00692
4	0.00969	0.00912	0.01539	0.80734	0.03534	0.01140	0.01425	0.01311	0.01026	0.01311	0.00912	0.01368	0.00684	0.00513	0.00513	0.00171	0.00684	0.00456	0.00228	0.00570
5	0.01372	0.82276	0.02689	0.00878	0.01317	0.02030	0.00878	0.01536	0.01043	0.01207	0.00713	0.00823	0.00658	0.00439	0.00329	0.00110	0.00549	0.00274	0.00219	0.00658
6	0.00715	0.00524	0.00670	0.00633	0.00759	0.00479	0.00475	0.00946	0.01425	0.01993	0.71448	0.03939	0.11929	0.01073	0.00605	0.00163	0.00244	0.00943	0.00556	0.00479
7	0.00734	0.00546	0.00808	0.00808	0.00894	0.00632	0.00621	0.00906	0.00820	0.01179	0.01390	0.02100	0.01319	0.08731	0.75101	0.00804	0.01320	0.00562	0.00277	0.00449
8	0.01005	0.00525	0.00530	0.00512	0.00646	0.00532	0.00389	0.04882	0.01141	0.01977	0.01652	0.01880	0.01294	0.00599	0.00366	0.00121	0.00255	0.00477	0.80719	0.00497
9	0.01276	0.01102	0.01160	0.01044	0.01334	0.01276	0.00812	0.02727	0.77840	0.02146	0.02088	0.01914	0.01566	0.00696	0.00522	0.00174	0.00406	0.00580	0.00522	0.00812
10	0.00633	0.00521	0.00557	0.00548	0.00710	0.00445	0.00411	0.00789	0.01233	0.01537	0.21701	0.04689	0.61961	0.01243	0.00606	0.00171	0.00256	0.01048	0.00496	0.00445
11	0.02302	0.00873	0.01191	0.00913	0.01310	0.00754	0.00754	0.02501	0.01469	0.79122	0.02024	0.01746	0.01270	0.00635	0.00516	0.00159	0.00437	0.00516	0.00635	0.00873
12	0.00625	0.00447	0.00595	0.00714	0.00744	0.00417	0.00476	0.00714	0.00982	0.01310	0.02828	0.81633	0.03394	0.01608	0.00655	0.00208	0.00298	0.01459	0.00476	0.00417
13	0.01372	0.82276	0.02689	0.00878	0.01317	0.02030	0.00878	0.01536	0.01043	0.01207	0.00713	0.00823	0.00658	0.00439	0.00329	0.00110	0.00549	0.00274	0.00219	0.00658
14	0.01211	0.01384	0.03028	0.02163	0.02682	0.01298	0.76903	0.01644	0.01211	0.01644	0.01038	0.01384	0.00779	0.00433	0.00606	0.00173	0.00865	0.00606	0.00260	0.00692
15	0.01029	0.02654	0.79309	0.01462	0.02221	0.01192	0.01896	0.01625	0.01083	0.01625	0.00921	0.01083	0.00650	0.00487	0.00487	0.00162	0.00758	0.00379	0.00217	0.00758
16	0.01029	0.02654	0.79309	0.01462	0.02221	0.01192	0.01896	0.01625	0.01083	0.01625	0.00921	0.01083	0.00650	0.00487	0.00487	0.00162	0.00758	0.00379	0.00217	0.00758
17	0.00606	0.00520	0.00520	0.00520	0.00693	0.00433	0.00390	0.00736	0.01170	0.01386	0.05198	0.04938	0.78558	0.01299	0.00606	0.00173	0.00260	0.01083	0.00476	0.00433
18	0.01009	0.00561	0.00572	0.00549	0.00686	0.00579	0.00412	0.04445	0.06226	0.01937	0.01680	0.01958	0.01341	0.04761	0.00491	0.00144	0.00277	0.00498	0.71364	0.00508
19	0.00969	0.00912	0.01539	0.80734	0.03534	0.01140	0.01425	0.01311	0.01026	0.01311	0.00912	0.01368	0.00684	0.00513	0.00513	0.00171	0.00684	0.00456	0.00228	0.00570
20	0.01276	0.01102	0.01160	0.01044	0.01334	0.01276	0.00812	0.02727	0.77840	0.02146	0.02088	0.01914	0.01566	0.00696	0.00522	0.00174	0.00406	0.00580	0.00522	0.00812
21	0.01117	0.01015	0.01444	0.01034	0.01500	0.00825	0.14851	0.03578	0.01131	0.01712	0.00945	0.01129	0.00767	0.00397	0.00426	0.00096	0.00476	0.00365	0.00302	0.66889
22	0.01292	0.01091	0.01150	0.01019	0.01312	0.01244	0.00797	0.09727	0.64935	0.02195	0.02235	0.02072	0.07176	0.00733	0.00527	0.00172	0.00411	0.00606	0.00518	0.00790

[dist]
# distance from previous block
# <min> <max>
0	1

[block]
# block no. 2 follows, 48 sequences, length 31
# corresponding to MSA columns:
# 121-151
name=unknown_C
#
# <colnr> <probs for GDERKNQSTAVLIFYWHMCP>
#	G	D	E	R	K	N	Q	S	T	A	V	L	I	F	Y	W	H	M	C	P
0	0.01060	0.02440	0.66477	0.01580	0.02298	0.01209	0.14513	0.01628	0.01105	0.01628	0.00941	0.01134	0.00672	0.00478	0.00507	0.00164	0.00776	0.00417	0.00224	0.00747
1	0.00969	0.00912	0.01539	0.80734	0.03534	0.01140	0.01425	0.01311	0.01026	0.01311	0.00912	0.01368	0.00684	0.00513	0.00513	0.00171	0.00684	0.00456	0.00228	0.00570
2	0.01381	0.01200	0.01186	0.01060	0.01354	0.07652	0.00824	0.02660	0.67699	0.06026	0.01980	0.01825	0.01477	0.00679	0.00517	0.00170	0.00450	0.00556	0.00507	0.00798
3	0.00738	0.00569	0.00829	0.00849	0.00935	0.00544	0.06314	0.04705	0.01073	0.01434	0.02610	0.71402	0.03065	0.01467	0.00644	0.00203	0.00355	0.01343	0.00462	0.00461
4	0.01799	0.01283	0.01356	0.01094	0.01451	0.05299	0.00891	0.45065	0.13904	0.13081	0.01541	0.01647	0.01145	0.00667	0.00517	0.00160	0.00525	0.04268	0.03493	0.00815
5	0.01064	0.00912	0.01064	0.00760	0.01216	0.00684	0.00608	0.01292	0.01064	0.01672	0.00912	0.01064	0.00760	0.00380	0.00380	0.00076	0.00380	0.00304	0.00304	0.85104
6	0.00746	0.00497	0.00560	0.00560	0.00560	0.00497	0.00311	0.00746	0.00746	0.00995	0.01617	0.03358	0.01865	0.81967	0.02612	0.00497	0.00497	0.00746	0.00311	0.00311
7	0.00745	0.00500	0.00574	0.00574	0.00579	0.00505	0.00329	0.00755	0.00750	0.01006	0.01604	0.03285	0.01834	0.77713	0.06823	0.00515	0.00545	0.00735	0.00309	0.00319
8	0.85592	0.00992	0.00754	0.00675	0.00992	0.01151	0.00556	0.01508	0.00873	0.02302	0.00714	0.00834	0.00556	0.00476	0.00318	0.00159	0.00397	0.00278	0.00318	0.00556
9	0.01029	0.02654	0.79309	0.01462	0.02221	0.01192	0.01896	0.01625	0.01083	0.01625	0.00921	0.01083	0.00650	0.00487	0.00487	0.00162	0.00758	0.00379	0.00217	0.00758
10	0.01029	0.02654	0.79309	0.01462	0.02221	0.01192	0.01896	0.01625	0.01083	0.01625	0.00921	0.01083	0.00650	0.00487	0.00487	0.00162	0.00758	0.00379	0.00217	0.00758
11	0.00861	0.00724	0.01015	0.00943	0.00988	0.00914	0.00735	0.00987	0.00798	0.01169	0.01194	0.01978	0.01195	0.17439	0.40386	0.00571	0.26819	0.00554	0.00265	0.00464
12	0.01389	0.01381	0.02644	0.01918	0.02392	0.04381	0.58868	0.08263	0.01333	0.08063	0.01115	0.01375	0.00819	0.00483	0.00617	0.00170	0.03194	0.00570	0.00311	0.00715
13	0.00746	0.00497	0.00560	0.00560	0.00560	0.00497	0.00311	0.00746	0.00746	0.00995	0.01617	0.03358	0.01865	0.81967	0.02612	0.00497	0.00497	0.00746	0.00311	0.00311
14	0.01171	0.01810	0.33857	0.02455	0.47272	0.01208	0.01707	0.01595	0.01133	0.01655	0.00947	0.01193	0.00746	0.00470	0.00500	0.00157	0.00671	0.00425	0.00239	0.00790
15	0.00606	0.00520	0.00520	0.00520	0.00693	0.00433	0.00390	0.00736	0.01170	0.01386	0.05198	0.04938	0.78558	0.01299	0.00606	0.00173	0.00260	0.01083	0.00476	0.00433
16	0.01064	0.00912	0.01064	0.00760	0.01216	0.00684	0.00608	0.01292	0.01064	0.01672	0.00912	0.01064	0.00760	0.00380	0.00380	0.00076	0.00380	0.00304	0.00304	0.85104
17	0.00969	0.00912	0.01539	0.80734	0.03534	0.01140	0.01425	0.01311	0.01026	0.01311	0.00912	0.01368	0.00684	0.00513	0.00513	0.00171	0.00684	0.00456	0.00228	0.00570
18	0.01072	0.01000	0.01626	0.46241	0.19854	0.01110	0.03380	0.02850	0.01086	0.01482	0.00938	0.01313	0.00741	0.00558	0.02113	0.00168	0.02218	0.00443	0.00251	0.11556
19	0.00746	0.00497	0.00560	0.00560	0.00560	0.00497	0.00311	0.00746	0.00746	0.00995	0.01617	0.03358	0.01865	0.81967	0.02612	0.00497	0.00497	0.00746	0.00311	0.00311
20	0.00969	0.00912	0.01539	0.80734	0.03534	0.01140	0.01425	0.01311	0.01026	0.01311	0.00912	0.01368	0.00684	0.00513	0.00513	0.00171	0.00684	0.00456	0.00228	0.00570
21	0.00766	0.00594	0.00872	0.00854	0.00933	0.00710	0.00664	0.00934	0.00817	0.01185	0.01329	0.02011	0.01262	0.07557	0.69629	0.00759	0.07840	0.00551	0.00273	0.00459
22	0.00625	0.00447	0.00595	0.00714	0.00744	0.00417	0.00476	0.00714	0.00982	0.01310	0.02828	0.81633	0.03394	0.01608	0.00655	0.00208	0.00298	0.01459	0.00476	0.00417
23	0.01839	0.01323	0.01419	0.01105	0.01484	0.01457	0.00907	0.65165	0.05636	0.04850	0.01328	0.01336	0.00953	0.00618	0.00500	0.00152	0.00525	0.00470	0.08097	0.00834
24	0.00692	0.00522	0.00634	0.00607	0.00740	0.00470	0.00452	0.00895	0.01351	0.01833	0.55068	0.04141	0.26199	0.03343	0.00661	0.00174	0.00254	0.00968	0.00532	0.00465
25	0.00733	0.00550	0.00825	0.00825	0.00916	0.00641	0.00641	0.00916	0.00825	0.01191	0.01374	0.02016	0.01283	0.03848	0.79934	0.00825	0.01374	0.00550	0.00275	0.00458
26	0.00707	0.00510	0.00669	0.00658	0.00762	0.00472	0.00483	0.00921	0.01365	0.01918	0.64371	0.18356	0.04571	0.01153	0.00614	0.00170	0.00252	0.01027	0.00548	0.00472
27	0.00847	0.00451	0.00659	0.00675	0.00681	0.00450	0.00450	0.00685	0.00716	0.00958	0.01182	0.11847	0.01261	0.05096	0.04179	0.68298	0.00457	0.00590	0.00260	0.00258
28	0.01314	0.68882	0.15578	0.00976	0.01469	0.01889	0.01049	0.01551	0.01049	0.01277	0.00748	0.00867	0.00657	0.00447	0.00356	0.00119	0.00584	0.00292	0.00219	0.00675
29	0.00981	0.00924	0.01560	0.77681	0.06495	0.01143	0.01431	0.01321	0.01032	0.01325	0.00914	0.01364	0.00689	0.00511	0.00513	0.00170	0.00681	0.00456	0.00229	0.00580
30	0.01372	0.82276	0.02689	0.00878	0.01317	0.02030	0.00878	0.01536	0.01043	0.01207	0.00713	0.00823	0.00658	0.00439	0.00329	0.00110	0.00549	0.00274	0.00219	0.00658

[dist]
# distance from previous block
# <min> <max>
0	2

[block]
# block no. 3 follows, 48 sequences, length 52
# corresponding to MSA columns:
# 154-205
name=unknown_D
#
# <colnr> <probs for GDERKNQSTAVLIFYWHMCP>
#	G	D	E	R	K	N	Q	S	T	A	V	L	I	F	Y	W	H	M	C	P
0	0.00753	0.00552	0.00730	0.00831	0.00924	0.00543	0.00657	0.00981	0.04752	0.01464	0.02876	0.36611	0.07445	0.01454	0.00672	0.00218	0.00385	0.37212	0.00477	0.00464
1	0.01270	0.01219	0.02083	0.03149	0.78767	0.01219	0.01575	0.01575	0.01168	0.01676	0.00965	0.01270	0.00813	0.00457	0.00508	0.00152	0.00610	0.00457	0.00254	0.00813
2	0.01211	0.01384	0.03028	0.02163	0.02682	0.01298	0.76903	0.01644	0.01211	0.01644	0.01038	0.01384	0.00779	0.00433	0.00606	0.00173	0.00865	0.00606	0.00260	0.00692
3	0.01331	0.77108	0.02562	0.00863	0.01282	0.01933	0.00853	0.01501	0.01068	0.01261	0.05631	0.01013	0.00923	0.00478	0.00347	0.00113	0.00529	0.00316	0.00241	0.00647
4	0.01255	0.01204	0.02056	0.06917	0.75114	0.01215	0.01567	0.01562	0.01161	0.01659	0.00963	0.01275	0.00807	0.00460	0.00508	0.00153	0.00613	0.00457	0.00253	0.00801
5	0.01387	0.00906	0.01099	0.00806	0.01243	0.00715	0.00650	0.01635	0.02902	0.21565	0.01224	0.01258	0.00909	0.00453	0.00418	0.00099	0.00395	0.00365	0.00394	0.61577
6	0.00651	0.00527	0.00610	0.00604	0.00752	0.00486	0.00458	0.00808	0.01133	0.01436	0.14472	0.04142	0.51374	0.01826	0.18069	0.00315	0.00503	0.00944	0.00444	0.00446
7	0.85592	0.00992	0.00754	0.00675	0.00992	0.01151	0.00556	0.01508	0.00873	0.02302	0.00714	0.00834	0.00556	0.00476	0.00318	0.00159	0.00397	0.00278	0.00318	0.00556
8	0.01270	0.01219	0.02083	0.03149	0.78767	0.01219	0.01575	0.01575	0.01168	0.01676	0.00965	0.01270	0.00813	0.00457	0.00508	0.00152	0.00610	0.00457	0.00254	0.00813
9	0.00614	0.00520	0.00530	0.00528	0.00698	0.00436	0.00396	0.00751	0.01187	0.01429	0.09832	0.04868	0.73898	0.01284	0.00606	0.00173	0.00259	0.01073	0.00482	0.00436
10	0.02302	0.00873	0.01191	0.00913	0.01310	0.00754	0.00754	0.02501	0.01469	0.79122	0.02024	0.01746	0.01270	0.00635	0.00516	0.00159	0.00437	0.00516	0.00635	0.00873
11	0.00606	0.00520	0.00520	0.00520	0.00693	0.00433	0.00390	0.00736	0.01170	0.01386	0.05198	0.04938	0.78558	0.01299	0.00606	0.00173	0.00260	0.01083	0.00476	0.00433
12	0.01157	0.01103	0.01878	0.32372	0.50430	0.01189	0.01518	0.01475	0.01115	0.01539	0.00945	0.01307	0.00764	0.00478	0.00510	0.00159	0.00638	0.00457	0.00244	0.00721
13	0.00984	0.00927	0.01565	0.76967	0.07187	0.01144	0.01432	0.01324	0.01033	0.01329	0.00915	0.01363	0.00690	0.00510	0.00513	0.00170	0.00680	0.00456	0.00229	0.00582
14	0.05440	0.02478	0.69460	0.01401	0.02111	0.01219	0.01758	0.07260	0.01172	0.01780	0.00933	0.01082	0.00662	0.00497	0.00481	0.00162	0.00725	0.00380	0.00244	0.00756
15	0.01210	0.39046	0.42172	0.01191	0.01790	0.03710	0.01406	0.01596	0.01075	0.01424	0.00823	0.00960	0.00654	0.00466	0.00414	0.00138	0.00667	0.00330	0.00219	0.00708
16	0.00625	0.00447	0.00595	0.00714	0.00744	0.00417	0.00476	0.00714	0.00982	0.01310	0.02828	0.81633	0.03394	0.01608	0.00655	0.00208	0.00298	0.01459	0.00476	0.00417
17	0.01136	0.01147	0.01551	0.01334	0.01344	0.03747	0.01108	0.01250	0.00805	0.01234	0.00693	0.01137	0.00687	0.00955	0.03439	0.00236	0.76961	0.00448	0.00227	0.00560
18	0.01004	0.01032	0.06408	0.01456	0.09259	0.03744	0.17677	0.01349	0.04818	0.01570	0.01973	0.13274	0.02021	0.01003	0.00627	0.00199	0.00582	0.31036	0.00383	0.00587
19	0.00733	0.00550	0.00825	0.00825	0.00916	0.00641	0.00641	0.00916	0.00825	0.01191	0.01374	0.02016	0.01283	0.03848	0.79934	0.00825	0.01374	0.00550	0.00275	0.00458
20	0.01917	0.02445	0.01454	0.01322	0.01586	0.79907	0.00991	0.02049	0.01454	0.01256	0.00793	0.00925	0.00661	0.00529	0.00463	0.00132	0.00925	0.00330	0.00264	0.00595
21	0.01210	0.06362	0.01618	0.01304	0.01365	0.08084	0.01085	0.01376	0.03661	0.01268	0.00737	0.01116	0.00704	0.00831	0.01455	0.00208	0.66367	0.00433	0.00238	0.00579
22	0.01259	0.01208	0.02063	0.05972	0.76029	0.01216	0.01569	0.01565	0.01163	0.01663	0.00963	0.01274	0.00808	0.00459	0.00508	0.00153	0.00612	0.00457	0.00253	0.00804
23	0.01372	0.82276	0.02689	0.00878	0.01317	0.02030	0.00878	0.01536	0.01043	0.01207	0.00713	0.00823	0.00658	0.00439	0.00329	0.00110	0.00549	0.00274	0.00219	0.00658
24	0.01144	0.01163	0.01518	0.01313	0.01334	0.06028	0.01085	0.01262	0.00827	0.01233	0.00725	0.01168	0.00711	0.01063	0.06561	0.00257	0.71376	0.00449	0.00230	0.00557
25	0.00891	0.00446	0.00668	0.00668	0.00668	0.00446	0.00446	0.00668	0.00668	0.00891	0.00891	0.01560	0.00891	0.01783	0.02005	0.85071	0.00446	0.00446	0.00223	0.00223
26	0.00746	0.00497	0.00560	0.00560	0.00560	0.00497	0.00311	0.00746	0.00746	0.00995	0.01617	0.03358	0.01865	0.81967	0.02612	0.00497	0.00497	0.00746	0.00311	0.00311
27	0.01561	0.01167	0.01299	0.00984	0.01404	0.01150	0.00801	0.36567	0.07130	0.06893	0.01207	0.01241	0.00898	0.00526	0.00460	0.00124	0.00471	0.00409	0.00435	0.35273
28	0.00625	0.00447	0.00595	0.00714	0.00744	0.00417	0.00476	0.00714	0.00982	0.01310	0.02828	0.81633	0.03394	0.01608	0.00655	0.00208	0.00298	0.01459	0.00476	0.00417
29	0.00981	0.00934	0.01610	0.76990	0.03493	0.01147	0.05021	0.01327	0.01035	0.01327	0.00918	0.01369	0.00688	0.00509	0.00517	0.00171	0.00693	0.00463	0.00229	0.00576
30	0.01127	0.00924	0.01127	0.00808	0.01263	0.00705	0.02813	0.01360	0.01088	0.05361	0.00969	0.01106	0.00785	0.00394	0.00393	0.00083	0.00397	0.00323	0.00318	0.78659
31	0.00726	0.00524	0.00686	0.00646	0.00767	0.00484	0.00484	0.00968	0.01452	0.02058	0.78496	0.03833	0.04841	0.01049	0.00605	0.00161	0.00242	0.00928	0.00565	0.00484
32	0.01372	0.82276	0.02689	0.00878	0.01317	0.02030	0.00878	0.01536	0.01043	0.01207	0.00713	0.00823	0.00658	0.00439	0.00329	0.00110	0.00549	0.00274	0.00219	0.00658
33	0.01634	0.11781	0.18959	0.01299	0.01803	0.01348	0.12532	0.24763	0.01579	0.17480	0.01227	0.01273	0.00862	0.00542	0.00499	0.00154	0.00625	0.00452	0.00397	0.00793
34	0.01403	0.77654	0.02617	0.00904	0.01333	0.06540	0.00885	0.01566	0.01066	0.01210	0.00718	0.00829	0.00659	0.00444	0.00337	0.00111	0.00571	0.00278	0.00222	0.00655
35	0.01951	0.01437	0.01540	0.01181	0.01591	0.01591	0.00975	0.77056	0.02412	0.03234	0.01232	0.01232	0.00873	0.00616	0.00513	0.00154	0.00565	0.00462	0.00513	0.00873
36	0.01029	0.02654	0.79309	0.01462	0.02221	0.01192	0.01896	0.01625	0.01083	0.01625	0.00921	0.01083	0.00650	0.00487	0.00487	0.00162	0.00758	0.00379	0.00217	0.00758
37	0.00726	0.00524	0.00686	0.00646	0.00767	0.00484	0.00484	0.00968	0.01452	0.02058	0.78496	0.03833	0.04841	0.01049	0.00605	0.00161	0.00242	0.00928	0.00565	0.00484
38	0.01211	0.01384	0.03028	0.02163	0.02682	0.01298	0.76903	0.01644	0.01211	0.01644	0.01038	0.01384	0.00779	0.00433	0.00606	0.00173	0.00865	0.00606	0.00260	0.00692
39	0.85592	0.00992	0.00754	0.00675	0.00992	0.01151	0.00556	0.01508	0.00873	0.02302	0.00714	0.00834	0.00556	0.00476	0.00318	0.00159	0.00397	0.00278	0.00318	0.00556
40	0.00814	0.00581	0.00812	0.00930	0.01043	0.00580	0.00805	0.01041	0.01169	0.01521	0.02724	0.10583	0.02981	0.01429	0.00705	0.00234	0.00461	0.70644	0.00473	0.00469
41	0.01866	0.00777	0.01048	0.00836	0.01159	0.00679	0.00677	0.02074	0.01456	0.57947	0.21031	0.02349	0.04250	0.00755	0.00541	0.00160	0.00384	0.00633	0.00613	0.00765
42	0.01318	0.01448	0.01543	0.01341	0.01406	0.20836	0.01090	0.01435	0.00950	0.01240	0.00703	0.01074	0.00670	0.00807	0.01384	0.00202	0.61329	0.00420	0.00234	0.00570
43	0.00636	0.00505	0.00572	0.00589	0.00720	0.00440	0.00429	0.00781	0.01188	0.01512	0.20196	0.21587	0.46403	0.01314	0.00617	0.00178	0.00264	0.01133	0.00495	0.00440
44	0.01018	0.02023	0.49592	0.01549	0.04875	0.01102	0.16684	0.01493	0.01090	0.01575	0.01194	0.10864	0.01044	0.02894	0.00591	0.00179	0.00712	0.00567	0.00260	0.00694
45	0.00695	0.00520	0.00645	0.00621	0.00749	0.00470	0.00463	0.00905	0.01368	0.01874	0.58755	0.07783	0.21000	0.01131	0.00608	0.00166	0.00249	0.00987	0.00541	0.00470
46	0.01570	0.02891	0.01687	0.01514	0.12671	0.05197	0.14238	0.13179	0.15892	0.17185	0.01469	0.01524	0.01074	0.00662	0.02744	0.00177	0.00594	0.00512	0.04449	0.00772
47	0.00705	0.00512	0.00589	0.00581	0.00655	0.00486	0.00384	0.00796	0.00999	0.01314	0.17331	0.03790	0.22718	0.40541	0.06151	0.00366	0.00436	0.00859	0.00402	0.00385
48	0.01181	0.33090	0.27828	0.01053	0.01533	0.01394	0.01144	0.02855	0.05922	0.04490	0.03797	0.07372	0.05077	0.00633	0.00452	0.00146	0.00563	0.00492	0.00302	0.00678
49	0.01235	0.30544	0.44985	0.01241	0.01843	0.07381	0.01452	0.03201	0.01124	0.01484	0.00845	0.00983	0.00658	0.00476	0.00431	0.00142	0.00693	0.00340	0.00227	0.00713
50	0.30965	0.12694	0.01206	0.02205	0.01165	0.01107	0.00694	0.04328	0.02419	0.21012	0.11896	0.02908	0.01423	0.00632	0.00474	0.00155	0.03173	0.00467	0.00424	0.00652
51	0.02733	0.05138	0.01511	0.01101	0.01440	0.00973	0.16408	0.06019	0.06131	0.04921	0.21790	0.01947	0.01920	0.00644	0.00569	0.00144	0.04383	0.00573	0.00396	0.21259

[dist]
# distance from previous block
# <min> <max>
58	260

[block]
# block no. 4 follows, 48 sequences, length 68
# corresponding to MSA columns:
# 508-575
name=unknown_E
#
# <colnr> <probs for GDERKNQSTAVLIFYWHMCP>
#	G	D	E	R	K	N	Q	S	T	A	V	L	I	F	Y	W	H	M	C	P
0	0.23695	0.01057	0.05523	0.00954	0.01270	0.01041	0.02852	0.07765	0.02453	0.21966	0.04852	0.01714	0.05922	0.00684	0.00625	0.00168	0.10870	0.02507	0.00424	0.03658
1	0.02727	0.00956	0.01581	0.35875	0.11644	0.01055	0.10959	0.03734	0.04918	0.01589	0.07351	0.03439	0.04253	0.00739	0.02661	0.00190	0.00624	0.04775	0.00316	0.00613
2	0.01433	0.01402	0.01434	0.01361	0.08681	0.18208	0.00992	0.16539	0.07643	0.01740	0.01191	0.01487	0.03643	0.06458	0.02262	0.00207	0.23853	0.00483	0.00333	0.00651
3	0.06208	0.01085	0.01400	0.01096	0.01424	0.01130	0.10606	0.34578	0.01811	0.07549	0.25212	0.02070	0.02100	0.00720	0.00543	0.00159	0.00486	0.00618	0.00493	0.00711
4	0.16113	0.00976	0.01495	0.54024	0.02820	0.01193	0.05953	0.01360	0.00988	0.01502	0.00862	0.01250	0.00666	0.00538	0.00595	0.00174	0.08241	0.00433	0.00246	0.00574
5	0.00680	0.00523	0.00621	0.00596	0.00738	0.00464	0.00447	0.00878	0.01342	0.01796	0.49913	0.04264	0.33588	0.01147	0.00606	0.00166	0.00249	0.00988	0.00530	0.00464
6	0.01519	0.01055	0.01496	0.01280	0.06336	0.01065	0.13562	0.07404	0.25874	0.22947	0.02101	0.02019	0.09589	0.00680	0.00542	0.00167	0.00499	0.00605	0.00487	0.00772
7	0.00645	0.00521	0.00573	0.00560	0.00717	0.00450	0.00420	0.00811	0.01260	0.01602	0.28740	0.04583	0.54882	0.01219	0.00606	0.00169	0.00254	0.01033	0.00505	0.00450
8	0.01113	0.01060	0.01796	0.42809	0.38915	0.01185	0.01490	0.01434	0.01089	0.01482	0.00933	0.01318	0.00744	0.00494	0.00531	0.00163	0.02065	0.00456	0.00240	0.00684
9	0.00694	0.00490	0.00617	0.00646	0.00736	0.00452	0.00461	0.00865	0.01209	0.01686	0.35180	0.34234	0.11291	0.01255	0.00604	0.00177	0.00265	0.01113	0.07572	0.00452
10	0.01104	0.00925	0.01140	0.01126	0.11194	0.00866	0.00762	0.01645	0.21223	0.03857	0.04626	0.08398	0.05750	0.00660	0.00482	0.00134	0.00399	0.00566	0.00398	0.34745
11	0.09690	0.01887	0.44914	0.01200	0.01790	0.01048	0.01375	0.01917	0.02608	0.26790	0.01280	0.01289	0.00859	0.00538	0.00481	0.00161	0.00612	0.00417	0.00368	0.00777
12	0.00956	0.00478	0.00478	0.00478	0.00598	0.00478	0.00359	0.01196	0.01076	0.01913	0.01674	0.01913	0.01315	0.00598	0.00359	0.00120	0.00239	0.00478	0.84816	0.00478
13	0.05656	0.00718	0.00930	0.00826	0.01020	0.00716	0.05565	0.06035	0.08113	0.02002	0.42575	0.05822	0.10829	0.00985	0.00585	0.00170	0.00346	0.06053	0.00506	0.00548
14	0.01420	0.71815	0.04601	0.00940	0.01369	0.10144	0.00917	0.01592	0.01087	0.01223	0.00727	0.00841	0.00659	0.00450	0.00347	0.00113	0.00594	0.00283	0.00224	0.00654
15	0.00625	0.00447	0.00595	0.00714	0.00744	0.00417	0.00476	0.00714	0.00982	0.01310	0.02828	0.81633	0.03394	0.01608	0.00655	0.00208	0.00298	0.01459	0.00476	0.00417
16	0.02089	0.00948	0.01208	0.00944	0.01331	0.00884	0.00773	0.08266	0.11403	0.59954	0.01923	0.01699	0.01256	0.00631	0.00511	0.00157	0.00440	0.00511	0.00597	0.04476
17	0.01152	0.01099	0.01870	0.33517	0.49320	0.01188	0.01516	0.01471	0.01113	0.01533	0.00944	0.01308	0.00762	0.00479	0.00510	0.00160	0.00639	0.00457	0.00244	0.00718
18	0.01270	0.01219	0.02083	0.03149	0.78767	0.01219	0.01575	0.01575	0.01168	0.01676	0.00965	0.01270	0.00813	0.00457	0.00508	0.00152	0.00610	0.00457	0.00254	0.00813
19	0.01698	0.02116	0.01943	0.01583	0.01926	0.55507	0.24554	0.01923	0.01379	0.01376	0.00869	0.01068	0.00697	0.00499	0.00507	0.00145	0.00907	0.00416	0.00263	0.00625
20	0.74769	0.01180	0.00845	0.00758	0.01069	0.11338	0.00612	0.01578	0.00948	0.02167	0.00725	0.00845	0.00569	0.00483	0.00336	0.00155	0.00465	0.00285	0.00311	0.00561
21	0.01158	0.01094	0.01282	0.01129	0.01378	0.08489	0.10583	0.01995	0.40564	0.01778	0.02024	0.22644	0.01858	0.00885	0.00562	0.00179	0.00486	0.00790	0.00452	0.00672
22	0.00956	0.00478	0.00478	0.00478	0.00598	0.00478	0.00359	0.01196	0.01076	0.01913	0.01674	0.01913	0.01315	0.00598	0.00359	0.00120	0.00239	0.00478	0.84816	0.00478
23	0.01372	0.82276	0.02689	0.00878	0.01317	0.02030	0.00878	0.01536	0.01043	0.01207	0.00713	0.00823	0.00658	0.00439	0.00329	0.00110	0.00549	0.00274	0.00219	0.00658
24	0.01107	0.00937	0.01087	0.00780	0.01234	0.00728	0.00626	0.04940	0.01129	0.01747	0.00927	0.01072	0.00765	0.00391	0.00386	0.00080	0.00389	0.00312	0.00314	0.81048
25	0.00737	0.00532	0.00736	0.00736	0.00797	0.00593	0.00531	0.00859	0.00798	0.01126	0.01455	0.02464	0.01477	0.29956	0.54092	0.00715	0.01081	0.00615	0.00287	0.00409
26	0.01333	0.00661	0.00870	0.00740	0.00973	0.00586	0.00582	0.01549	0.01436	0.32168	0.42691	0.03105	0.09350	0.00907	0.00570	0.00161	0.00320	0.00779	0.00585	0.00632
27	0.00658	0.00525	0.00592	0.00594	0.00744	0.00459	0.00453	0.00826	0.01245	0.01584	0.25520	0.06766	0.49919	0.01247	0.00615	0.00176	0.00273	0.06853	0.00501	0.00450
28	0.00812	0.00497	0.00569	0.00563	0.00670	0.00475	0.00409	0.01015	0.01180	0.01810	0.28903	0.08490	0.07799	0.07682	0.00671	0.00176	0.00267	0.00767	0.36789	0.00459
29	0.01322	0.01070	0.01152	0.01011	0.01299	0.01209	0.00792	0.11567	0.57737	0.04319	0.10868	0.02050	0.01855	0.00726	0.00531	0.00170	0.00407	0.00604	0.00529	0.00783
30	0.02302	0.00873	0.01191	0.00913	0.01310	0.00754	0.00754	0.02501	0.01469	0.79122	0.02024	0.01746	0.01270	0.00635	0.00516	0.00159	0.00437	0.00516	0.00635	0.00873
31	0.01024	0.00963	0.01316	0.01160	0.01258	0.02435	0.05163	0.01354	0.11758	0.01433	0.04063	0.12990	0.03912	0.01201	0.07376	0.00255	0.38994	0.02443	0.00334	0.00567
32	0.00733	0.00550	0.00825	0.00825	0.00916	0.00641	0.00641	0.00916	0.00825	0.01191	0.01374	0.02016	0.01283	0.03848	0.79934	0.00825	0.01374	0.00550	0.00275	0.00458
33	0.01798	0.01325	0.01427	0.01133	0.01513	0.01471	0.00923	0.54720	0.21319	0.06685	0.01486	0.01429	0.01066	0.00637	0.00516	0.00159	0.00519	0.00494	0.00521	0.00857
34	0.01917	0.02445	0.01454	0.01322	0.01586	0.79907	0.00991	0.02049	0.01454	0.01256	0.00793	0.00925	0.00661	0.00529	0.00463	0.00132	0.00925	0.00330	0.00264	0.00595
35	0.01295	0.01276	0.02027	0.06013	0.71543	0.05647	0.01536	0.01591	0.01179	0.01639	0.00953	0.01254	0.00799	0.00463	0.00506	0.00152	0.00630	0.00450	0.00254	0.00791
36	0.01122	0.01123	0.02050	0.32981	0.25762	0.01217	0.19576	0.01460	0.01097	0.01495	0.00953	0.01339	0.00754	0.00551	0.01861	0.00179	0.05072	0.00493	0.00244	0.00670
37	0.01180	0.01182	0.02116	0.01972	0.20241	0.01178	0.33348	0.01781	0.18008	0.01799	0.09167	0.01779	0.02637	0.00573	0.00564	0.00167	0.00631	0.00605	0.00350	0.00722
38	0.00646	0.00521	0.00575	0.00562	0.00717	0.00450	0.00421	0.00813	0.01263	0.01609	0.29543	0.04571	0.54074	0.01216	0.00606	0.00169	0.00254	0.01031	0.00506	0.00450
39	0.01390	0.01131	0.01254	0.01163	0.05710	0.01273	0.00865	0.15065	0.55030	0.04378	0.05629	0.01853	0.01560	0.00685	0.00524	0.00168	0.00437	0.00569	0.00511	0.00808
40	0.01137	0.01086	0.01831	0.35455	0.43628	0.01203	0.01490	0.01448	0.01090	0.01503	0.00929	0.01304	0.00752	0.00502	0.00567	0.00164	0.04513	0.00456	0.00242	0.00699
41	0.01004	0.00931	0.01539	0.77923	0.03465	0.01156	0.01409	0.03988	0.01075	0.01379	0.00923	0.01363	0.00691	0.00517	0.00513	0.00170	0.00680	0.00456	0.00238	0.00581
42	0.01276	0.01102	0.01160	0.01044	0.01334	0.01276	0.00812	0.02727	0.77840	0.02146	0.02088	0.01914	0.01566	0.00696	0.00522	0.00174	0.00406	0.00580	0.00522	0.00812
43	0.01270	0.01219	0.02083	0.03149	0.78767	0.01219	0.01575	0.01575	0.01168	0.01676	0.00965	0.01270	0.00813	0.00457	0.00508	0.00152	0.00610	0.00457	0.00254	0.00813
44	0.00923	0.00878	0.03512	0.01127	0.01404	0.00779	0.22199	0.04066	0.01312	0.01819	0.32926	0.12168	0.07121	0.00877	0.00589	0.00165	0.00462	0.00833	0.00433	0.06406
45	0.00983	0.00927	0.01565	0.76998	0.07157	0.01144	0.01432	0.01324	0.01033	0.01329	0.00915	0.01363	0.00690	0.00510	0.00513	0.00170	0.00680	0.00456	0.00229	0.00582
46	0.01250	0.01339	0.08545	0.03008	0.72361	0.01217	0.01602	0.01579	0.01161	0.01672	0.00961	0.01254	0.00799	0.00460	0.00506	0.00153	0.00622	0.00451	0.00251	0.00808
47	0.01270	0.01219	0.02083	0.03149	0.78767	0.01219	0.01575	0.01575	0.01168	0.01676	0.00965	0.01270	0.00813	0.00457	0.00508	0.00152	0.00610	0.00457	0.00254	0.00813
48	0.01276	0.01102	0.01160	0.01044	0.01334	0.01276	0.00812	0.02727	0.77840	0.02146	0.02088	0.01914	0.01566	0.00696	0.00522	0.00174	0.00406	0.00580	0.00522	0.00812
49	0.00675	0.00522	0.00615	0.00592	0.00735	0.00462	0.00444	0.00869	0.01331	0.01769	0.47038	0.04307	0.36479	0.01156	0.00606	0.00166	0.00250	0.00994	0.00527	0.00462
50	0.01611	0.25442	0.01841	0.01189	0.01463	0.38065	0.00982	0.05971	0.01263	0.01349	0.00772	0.00950	0.00675	0.00577	0.00656	0.00144	0.15827	0.00344	0.00258	0.00623
51	0.01064	0.00912	0.01064	0.00760	0.01216	0.00684	0.00608	0.01292	0.01064	0.01672	0.00912	0.01064	0.00760	0.00380	0.00380	0.00076	0.00380	0.00304	0.00304	0.85104
52	0.01252	0.02056	0.46900	0.01377	0.04839	0.01251	0.01492	0.18579	0.08888	0.02062	0.05475	0.01360	0.01031	0.00567	0.00504	0.00161	0.00646	0.00451	0.00334	0.00776
53	0.00746	0.00499	0.00567	0.00567	0.00569	0.00501	0.00320	0.00751	0.00748	0.01000	0.01610	0.03321	0.01850	0.79852	0.04706	0.00506	0.00521	0.00741	0.00310	0.00315
54	0.07255	0.72674	0.06314	0.00892	0.01339	0.01928	0.00905	0.01539	0.01033	0.01304	0.00724	0.00837	0.00651	0.00444	0.00336	0.00116	0.00548	0.00280	0.00226	0.00656
55	0.01073	0.12953	0.69398	0.01387	0.02104	0.01300	0.01764	0.01614	0.01078	0.01571	0.00894	0.01050	0.00651	0.00481	0.00467	0.00156	0.00731	0.00366	0.00217	0.00745
56	0.01328	0.00871	0.01020	0.00887	0.01144	0.00909	0.00694	0.06318	0.31236	0.17744	0.27491	0.03912	0.02590	0.00813	0.00550	0.00166	0.00365	0.00692	0.00558	0.00712
57	0.00830	0.00550	0.00703	0.00732	0.00824	0.00531	0.00554	0.00974	0.01086	0.05160	0.14752	0.09152	0.07326	0.27210	0.01285	0.00299	0.00418	0.26734	0.00444	0.00436
58	0.06166	0.01107	0.11156	0.00973	0.01263	0.01007	0.00872	0.23806	0.01386	0.02017	0.05596	0.01687	0.01238	0.01888	0.31792	0.00418	0.00860	0.00502	0.05635	0.00629
59	0.00746	0.00497	0.00560	0.00560	0.00560	0.00497	0.00311	0.00746	0.00746	0.00995	0.01617	0.03358	0.01865	0.81967	0.02612	0.00497	0.00497	0.00746	0.00311	0.00311
60	0.01437	0.70320	0.04070	0.00943	0.01370	0.09558	0.00913	0.04026	0.01128	0.01286	0.00742	0.00851	0.00665	0.00454	0.00351	0.00114	0.00590	0.00288	0.00233	0.00661
61	0.00648	0.00463	0.00622	0.00741	0.00781	0.00437	0.00517	0.00755	0.01005	0.01336	0.02815	0.72876	0.03343	0.01586	0.00661	0.00212	0.00318	0.09985	0.00476	0.00423
62	0.01168	0.00836	0.00945	0.00841	0.00991	0.03915	0.00669	0.11630	0.03021	0.03926	0.01374	0.01652	0.01115	0.01159	0.12980	0.00255	0.14925	0.00480	0.37550	0.00567
63	0.00714	0.11095	0.00812	0.00575	0.00779	0.00643	0.00460	0.00856	0.01173	0.01410	0.09753	0.04328	0.63318	0.01171	0.00570	0.00164	0.00296	0.00967	0.00449	0.00466
64	0.01271	0.66990	0.06944	0.00871	0.01272	0.01782	0.00865	0.01439	0.01007	0.01204	0.00842	0.01166	0.00814	0.10987	0.00634	0.00163	0.00554	0.00342	0.00231	0.00619
65	0.14321	0.00923	0.01087	0.00887	0.01227	0.00916	0.00724	0.08121	0.10930	0.43029	0.05466	0.01826	0.01396	0.00661	0.00491	0.00161	0.00421	0.02867	0.03775	0.00772
66	0.05270	0.23776	0.27568	0.01039	0.01454	0.01317	0.01123	0.01453	0.01022	0.01554	0.00982	0.01181	0.00792	0.00550	0.00563	0.00147	0.10955	0.00376	0.18242	0.00636
67	0.31701	0.01196	0.01145	0.00927	0.01291	0.07735	0.00756	0.21593	0.01488	0.22634	0.01208	0.01194	0.00843	0.00556	0.00435	0.00152	0.00495	0.00394	0.00447	0.03808

[dist]
# distance from previous block
# <min> <max>
1	20

[block]
# block no. 5 follows, 48 sequences, length 27
# corresponding to MSA columns:
# 596-622
name=unknown_F
#
# <colnr> <probs for GDERKNQSTAVLIFYWHMCP>
#	G	D	E	R	K	N	Q	S	T	A	V	L	I	F	Y	W	H	M	C	P
0	0.01566	0.01151	0.01249	0.01016	0.01357	0.01239	0.00824	0.40714	0.17673	0.07276	0.02087	0.02101	0.12687	0.00754	0.00531	0.00161	0.00469	0.03032	0.00509	0.03606
1	0.04266	0.19539	0.06414	0.01081	0.01464	0.16145	0.00942	0.26250	0.08726	0.02044	0.01303	0.01338	0.05348	0.00590	0.00459	0.00142	0.00598	0.00429	0.00371	0.02549
2	0.24308	0.12202	0.01407	0.00943	0.01330	0.01343	0.00799	0.29580	0.01599	0.20008	0.01204	0.01187	0.00849	0.00559	0.00437	0.00150	0.00488	0.00400	0.00449	0.00759
3	0.01923	0.02267	0.01469	0.01297	0.01587	0.66023	0.00989	0.15347	0.01624	0.01606	0.00871	0.00980	0.00698	0.00544	0.00472	0.00136	0.00861	0.00354	0.00309	0.00644
4	0.01469	0.01607	0.01849	0.02452	0.49222	0.26526	0.01360	0.01706	0.01237	0.01514	0.00892	0.01150	0.00755	0.00507	0.00565	0.00150	0.05639	0.00416	0.00256	0.00727
5	0.23788	0.00810	0.00920	0.00885	0.04245	0.00818	0.00686	0.01611	0.05438	0.21566	0.06651	0.02808	0.12130	0.00850	0.00517	0.00176	0.00403	0.14599	0.00472	0.00625
6	0.00783	0.00586	0.00854	0.00839	0.00944	0.00680	0.00655	0.04043	0.00890	0.01275	0.01369	0.01984	0.01266	0.03716	0.76673	0.00797	0.01341	0.00546	0.00285	0.00475
7	0.01594	0.01067	0.01196	0.01020	0.01347	0.01163	0.00809	0.08200	0.52276	0.22335	0.02008	0.01820	0.01437	0.00674	0.00520	0.00169	0.00426	0.00555	0.00551	0.00833
8	0.00659	0.00522	0.00592	0.00575	0.00725	0.00455	0.00431	0.00838	0.01293	0.01680	0.37280	0.04454	0.46293	0.01190	0.00606	0.00168	0.00252	0.01015	0.00515	0.00455
9	0.00968	0.00658	0.00889	0.00857	0.01011	0.00713	0.00680	0.01339	0.11498	0.08906	0.10929	0.02671	0.01957	0.02470	0.42026	0.00519	0.00903	0.10053	0.00403	0.00551
10	0.01064	0.00912	0.01064	0.00760	0.01216	0.00684	0.00608	0.01292	0.01064	0.01672	0.00912	0.01064	0.00760	0.00380	0.00380	0.00076	0.00380	0.00304	0.00304	0.85104
11	0.00691	0.00518	0.00740	0.00764	0.00827	0.00489	0.04878	0.00801	0.01005	0.01354	0.10543	0.55254	0.03133	0.15313	0.00984	0.00251	0.00359	0.01230	0.00445	0.00422
12	0.76683	0.05726	0.00885	0.00698	0.01021	0.01198	0.00583	0.03355	0.00934	0.02256	0.02513	0.00912	0.00668	0.00491	0.00330	0.00156	0.00406	0.00297	0.00322	0.00568
13	0.82511	0.00975	0.00752	0.00674	0.00984	0.01127	0.00553	0.01489	0.00894	0.02293	0.03538	0.00942	0.00711	0.00497	0.00328	0.00159	0.00391	0.00301	0.00327	0.00553
14	0.02250	0.01087	0.01227	0.00969	0.01347	0.11537	0.00786	0.02439	0.01467	0.68514	0.01857	0.01635	0.01187	0.00621	0.00509	0.00155	0.00503	0.00491	0.00585	0.00835
15	0.01391	0.79410	0.02644	0.00894	0.01327	0.04827	0.00882	0.01555	0.01057	0.01209	0.00716	0.00827	0.00659	0.00442	0.00334	0.00111	0.00562	0.00276	0.00221	0.00656
16	0.00625	0.00447	0.00595	0.00714	0.00744	0.00417	0.00476	0.00714	0.00982	0.01310	0.02828	0.81633	0.03394	0.01608	0.00655	0.00208	0.00298	0.01459	0.00476	0.00417
17	0.00922	0.00566	0.00573	0.00558	0.00676	0.03500	0.00412	0.01144	0.01167	0.01871	0.21217	0.02449	0.02221	0.05448	0.00557	0.00153	0.00281	0.00603	0.55207	0.00474
18	0.01043	0.05846	0.76237	0.01439	0.02185	0.01225	0.01855	0.01621	0.01082	0.01608	0.00912	0.01073	0.00650	0.00486	0.00481	0.00160	0.00750	0.00375	0.00217	0.00754
19	0.00639	0.00517	0.00568	0.00565	0.00716	0.00446	0.00420	0.00797	0.01234	0.01560	0.24571	0.09110	0.54558	0.01251	0.00609	0.00172	0.00257	0.01064	0.00500	0.00446
20	0.01141	0.00781	0.00933	0.00811	0.01026	0.00794	0.00632	0.13078	0.12664	0.09427	0.48417	0.02960	0.03424	0.00893	0.00571	0.00162	0.00334	0.00767	0.00557	0.00628
21	0.00689	0.00523	0.00634	0.00606	0.00743	0.00468	0.00455	0.00895	0.01364	0.01847	0.55482	0.04180	0.27987	0.01128	0.00606	0.00165	0.00248	0.00977	0.00537	0.00468
22	0.05141	0.01239	0.01573	0.01211	0.01606	0.01308	0.11226	0.38651	0.11335	0.16402	0.04005	0.01500	0.01136	0.00613	0.00523	0.00160	0.00546	0.00514	0.00496	0.00815
23	0.00676	0.00484	0.00600	0.00642	0.00700	0.00454	0.00430	0.00783	0.01052	0.01414	0.20319	0.37129	0.10624	0.20994	0.01115	0.00264	0.00330	0.01126	0.00457	0.00408
24	0.00960	0.00596	0.00940	0.01145	0.15347	0.00596	0.00672	0.00853	0.00781	0.01063	0.00973	0.01663	0.00953	0.01520	0.01676	0.65970	0.00477	0.03234	0.00238	0.00343
25	0.01123	0.01123	0.01572	0.01347	0.01347	0.01572	0.01123	0.01235	0.00786	0.01235	0.00674	0.01123	0.00674	0.00898	0.01684	0.00225	0.81028	0.00449	0.00225	0.00561
26	0.01669	0.40515	0.03563	0.01081	0.04289	0.07592	0.00935	0.16273	0.01411	0.14998	0.01057	0.01096	0.00811	0.00524	0.00443	0.00133	0.02152	0.00368	0.00352	0.00737

[dist]
# distance from previous block
# <min> <max>
3	7

[block]
# block no. 6 follows, 48 sequences, length 17
# corresponding to MSA columns:
# 630-646
name=unknown_G
#
# <colnr> <probs for GDERKNQSTAVLIFYWHMCP>
#	G	D	E	R	K	N	Q	S	T	A	V	L	I	F	Y	W	H	M	C	P
0	0.01308	0.36389	0.02314	0.02089	0.42720	0.01554	0.01242	0.01549	0.01110	0.01473	0.00854	0.01070	0.00744	0.00447	0.00426	0.00131	0.00576	0.00373	0.00241	0.03390
1	0.00774	0.00617	0.00711	0.00680	0.00804	0.04552	0.00505	0.00993	0.01402	0.01927	0.65185	0.09997	0.07759	0.01078	0.00602	0.00164	0.00282	0.00947	0.00538	0.00482
2	0.00746	0.00497	0.00560	0.00560	0.00560	0.00497	0.00311	0.00746	0.00746	0.00995	0.01617	0.03358	0.01865	0.81967	0.02612	0.00497	0.00497	0.00746	0.00311	0.00311
3	0.00625	0.00447	0.00595	0.00714	0.00744	0.00417	0.00476	0.00714	0.00982	0.01310	0.02828	0.81633	0.03394	0.01608	0.00655	0.00208	0.00298	0.01459	0.00476	0.00417
4	0.85592	0.00992	0.00754	0.00675	0.00992	0.01151	0.00556	0.01508	0.00873	0.02302	0.00714	0.00834	0.00556	0.00476	0.00318	0.00159	0.00397	0.00278	0.00318	0.00556
5	0.01039	0.02585	0.75176	0.01500	0.02246	0.01197	0.05960	0.01626	0.01090	0.01626	0.00927	0.01100	0.00657	0.00485	0.00494	0.00163	0.00764	0.00391	0.00219	0.00755
6	0.00697	0.00523	0.00645	0.00614	0.00748	0.00472	0.00461	0.00911	0.01382	0.01891	0.60319	0.04107	0.23123	0.01111	0.00605	0.00164	0.00246	0.00966	0.00543	0.00472
7	0.01083	0.01029	0.01745	0.51288	0.32088	0.01170	0.01482	0.01411	0.01080	0.01450	0.00932	0.01331	0.00733	0.00492	0.00511	0.00164	0.00656	0.00456	0.00238	0.00662
8	0.00623	0.00471	0.00576	0.00655	0.00730	0.00424	0.00451	0.00730	0.01054	0.01358	0.06130	0.56298	0.25651	0.01497	0.00639	0.00196	0.00285	0.01329	0.00479	0.00424
9	0.01135	0.00954	0.01102	0.00794	0.01246	0.00757	0.00638	0.07393	0.01173	0.01798	0.00938	0.01078	0.00769	0.00399	0.00391	0.00082	0.00395	0.00317	0.00321	0.78322
10	0.00959	0.00594	0.00792	0.00815	0.00969	0.00559	0.00672	0.01166	0.01250	0.11823	0.16864	0.11651	0.11934	0.01250	0.00647	0.00202	0.00385	0.36440	0.00512	0.00518
11	0.00900	0.00766	0.01161	0.41470	0.02229	0.00892	0.01004	0.05822	0.01083	0.01422	0.01664	0.31658	0.01745	0.02868	0.00649	0.00193	0.02765	0.00841	0.00341	0.00525
12	0.38235	0.01752	0.01156	0.01032	0.01329	0.40814	0.00801	0.06519	0.01262	0.01834	0.00787	0.00905	0.00629	0.00511	0.00403	0.00145	0.00673	0.00316	0.00303	0.00595
13	0.01342	0.01278	0.01955	0.08673	0.63807	0.07397	0.01483	0.01632	0.01193	0.04903	0.00993	0.01270	0.00811	0.00475	0.00505	0.00152	0.00633	0.00450	0.00269	0.00780
14	0.01216	0.01371	0.02952	0.02242	0.08792	0.01291	0.70854	0.01638	0.01208	0.01646	0.01032	0.01375	0.00781	0.00435	0.00598	0.00171	0.00845	0.00594	0.00259	0.00702
15	0.01138	0.01891	0.33502	0.01883	0.02498	0.01255	0.46938	0.01636	0.01160	0.01636	0.00991	0.01264	0.00727	0.00454	0.00558	0.00169	0.00822	0.00515	0.00242	0.00719
16	0.01087	0.01181	0.02476	0.01836	0.02237	0.01124	0.58602	0.01438	0.01150	0.01561	0.01397	0.18000	0.01317	0.00691	0.00651	0.00182	0.03359	0.00777	0.00303	0.00631

[dist]
# distance from previous block
# <min> <max>
2	6

[block]
# block no. 7 follows, 48 sequences, length 13
# corresponding to MSA columns:
# 653-665
name=unknown_H
#
# <colnr> <probs for GDERKNQSTAVLIFYWHMCP>
#	G	D	E	R	K	N	Q	S	T	A	V	L	I	F	Y	W	H	M	C	P
0	0.01935	0.10025	0.01616	0.01112	0.01524	0.01527	0.00935	0.59017	0.02140	0.13141	0.01282	0.01257	0.00903	0.00600	0.00494	0.00150	0.00546	0.00449	0.00498	0.00850
1	0.02302	0.00873	0.01191	0.00913	0.01310	0.00754	0.00754	0.02501	0.01469	0.79122	0.02024	0.01746	0.01270	0.00635	0.00516	0.00159	0.00437	0.00516	0.00635	0.00873
2	0.00891	0.00446	0.00668	0.00668	0.00668	0.00446	0.00446	0.00668	0.00668	0.00891	0.00891	0.01560	0.00891	0.01783	0.02005	0.85071	0.00446	0.00446	0.00223	0.00223
3	0.00733	0.00550	0.00825	0.00825	0.00916	0.00641	0.00641	0.00916	0.00825	0.01191	0.01374	0.02016	0.01283	0.03848	0.79934	0.00825	0.01374	0.00550	0.00275	0.00458
4	0.00797	0.00594	0.00778	0.00765	0.00850	0.00666	0.00556	0.01062	0.09263	0.01234	0.01529	0.02428	0.01498	0.28123	0.46838	0.00650	0.00992	0.00615	0.00313	0.00451
