[name]
unknown

[dist]
# distance from previous block
# <min> <max>
0	10

[block]
# block no. 0 follows, 52 sequences, length 40
# corresponding to MSA columns:
# 10-49
name=unknown_A
#
# <colnr> <probs for GDERKNQSTAVLIFYWHMCP>
#	G	D	E	R	K	N	Q	S	T	A	V	L	I	F	Y	W	H	M	C	P
0	0.00967	0.01079	0.17509	0.00904	0.01214	0.00778	0.03309	0.07712	0.06622	0.05490	0.34068	0.02666	0.08162	0.00801	0.00530	0.00155	0.00409	0.04104	0.00435	0.03088
1	0.01058	0.04057	0.40195	0.01359	0.10479	0.00991	0.04803	0.01458	0.01073	0.05225	0.06292	0.01251	0.00956	0.00475	0.00451	0.00134	0.00577	0.00400	0.00268	0.18498
2	0.01033	0.00846	0.03921	0.00975	0.08084	0.05576	0.03041	0.01306	0.04042	0.11146	0.40177	0.02682	0.08388	0.00793	0.00525	0.00146	0.00372	0.00690	0.00454	0.05802
3	0.01109	0.01100	0.09482	0.01767	0.34727	0.00914	0.02356	0.01438	0.04645	0.06460	0.10795	0.02983	0.02489	0.02169	0.00513	0.00143	0.00483	0.00495	0.00322	0.15609
4	0.06631	0.22028	0.13748	0.01197	0.06204	0.32060	0.01026	0.03498	0.01155	0.01355	0.00802	0.00965	0.00670	0.00681	0.05898	0.00172	0.00734	0.00327	0.00241	0.00608
5	0.00601	0.00491	0.00530	0.00540	0.00679	0.00419	0.00391	0.00717	0.01053	0.01301	0.05627	0.19981	0.56404	0.04945	0.00659	0.00180	0.00267	0.01048	0.00438	0.03730
6	0.02881	0.19290	0.53649	0.01258	0.01861	0.05768	0.04358	0.01554	0.01042	0.02942	0.00842	0.00981	0.00630	0.00453	0.00429	0.00142	0.00675	0.00343	0.00219	0.00684
7	0.01206	0.01424	0.12325	0.05948	0.46237	0.08288	0.09067	0.02964	0.03406	0.01556	0.00964	0.02669	0.00792	0.00471	0.00486	0.00148	0.00636	0.00446	0.00251	0.00715
8	0.00598	0.00430	0.00567	0.00664	0.00703	0.00399	0.00448	0.00695	0.00970	0.01298	0.09172	0.73811	0.05514	0.01466	0.00613	0.00192	0.00276	0.01326	0.00457	0.00399
9	0.00671	0.00459	0.00541	0.00573	0.00588	0.00449	0.00347	0.00702	0.00785	0.01041	0.01960	0.24819	0.04592	0.56915	0.01875	0.00382	0.00411	0.02220	0.00344	0.00327
10	0.01169	0.05722	0.44001	0.02689	0.12318	0.08321	0.01417	0.03738	0.01151	0.06519	0.07517	0.01287	0.01010	0.00515	0.00466	0.00147	0.00636	0.00414	0.00274	0.00690
11	0.00838	0.07585	0.01130	0.12213	0.01364	0.00814	0.07326	0.01185	0.12313	0.01386	0.02203	0.35337	0.09097	0.01027	0.00550	0.00175	0.00417	0.04143	0.00385	0.00513
12	0.01296	0.83261	0.02539	0.00829	0.01244	0.01917	0.00829	0.01451	0.00985	0.01140	0.00674	0.00777	0.00622	0.00415	0.00311	0.00104	0.00518	0.00259	0.00207	0.00622
13	0.47351	0.00910	0.00880	0.03494	0.01114	0.00932	0.00592	0.01330	0.00896	0.01875	0.00752	0.00899	0.00608	0.00431	0.00377	0.00123	0.03440	0.00284	0.00289	0.33425
14	0.00705	0.00511	0.00766	0.00766	0.00846	0.00590	0.00590	0.00846	0.00766	0.01101	0.01260	0.01868	0.01181	0.03471	0.74433	0.07893	0.01225	0.00511	0.00255	0.00414
15	0.00590	0.00422	0.00562	0.00675	0.00703	0.00394	0.00450	0.00675	0.00928	0.01237	0.02671	0.82653	0.03205	0.01518	0.00619	0.00197	0.00281	0.01378	0.00450	0.00394
16	0.01160	0.01147	0.01719	0.31570	0.43801	0.07807	0.01378	0.03022	0.01101	0.01454	0.00885	0.01205	0.00712	0.00460	0.00478	0.00149	0.00625	0.00421	0.00237	0.00668
17	0.01092	0.00907	0.01143	0.00877	0.01243	0.00792	0.05917	0.13680	0.01218	0.01772	0.01212	0.10371	0.01125	0.00580	0.00440	0.00112	0.00414	0.04595	0.00343	0.52166
18	0.00858	0.00741	0.01040	0.00922	0.00959	0.00913	0.04182	0.00946	0.00751	0.01085	0.01125	0.02072	0.01195	0.34748	0.15128	0.00409	0.31687	0.00561	0.00255	0.00423
19	0.00991	0.02393	0.73898	0.01514	0.08604	0.01128	0.01765	0.01531	0.01030	0.01539	0.00873	0.01038	0.00627	0.00458	0.00462	0.00153	0.00704	0.00364	0.00208	0.00720
20	0.12003	0.00963	0.01475	0.32370	0.06060	0.01140	0.10331	0.01412	0.08845	0.01475	0.00964	0.01284	0.00769	0.00754	0.06124	0.00209	0.12542	0.00443	0.00262	0.00577
21	0.00972	0.02507	0.80458	0.01381	0.02097	0.01125	0.01790	0.01535	0.01023	0.01535	0.00870	0.01023	0.00614	0.00460	0.00460	0.00153	0.00716	0.00358	0.00205	0.00716
22	0.00574	0.00488	0.00494	0.00499	0.00657	0.00408	0.00372	0.00695	0.01097	0.01306	0.04807	0.08213	0.76266	0.01241	0.00575	0.00165	0.00247	0.01039	0.00450	0.00408
23	0.00927	0.00878	0.01456	0.75074	0.03165	0.01111	0.01322	0.01232	0.00950	0.01232	0.00843	0.01273	0.00645	0.00515	0.00577	0.00166	0.07452	0.00430	0.00215	0.00538
24	0.00915	0.00861	0.01453	0.81804	0.03338	0.01077	0.01346	0.01238	0.00969	0.01238	0.00861	0.01292	0.00646	0.00484	0.00484	0.00161	0.00646	0.00431	0.00215	0.00538
25	0.00915	0.00861	0.01453	0.81804	0.03338	0.01077	0.01346	0.01238	0.00969	0.01238	0.00861	0.01292	0.00646	0.00484	0.00484	0.00161	0.00646	0.00431	0.00215	0.00538
26	0.01294	0.01426	0.01400	0.01227	0.01322	0.26512	0.00986	0.03601	0.00988	0.01224	0.00732	0.01062	0.00677	0.00920	0.06610	0.00221	0.48626	0.00396	0.00235	0.00542
27	0.53716	0.01088	0.04487	0.06308	0.01251	0.04692	0.00711	0.01699	0.18505	0.02004	0.00992	0.01066	0.00757	0.00502	0.00369	0.00153	0.00433	0.00345	0.00331	0.00591
28	0.00885	0.01221	0.27670	0.00878	0.01221	0.00733	0.00920	0.04664	0.01243	0.04161	0.34111	0.02543	0.10136	0.00774	0.00511	0.00151	0.00414	0.00653	0.06543	0.00567
29	0.00636	0.00449	0.00560	0.00615	0.00652	0.00425	0.00401	0.00715	0.00927	0.01243	0.12356	0.45443	0.06438	0.25499	0.01156	0.00270	0.00328	0.01098	0.00414	0.00373
30	0.01132	0.01167	0.04095	0.26246	0.22588	0.01178	0.28094	0.06673	0.01155	0.01567	0.00936	0.01258	0.00720	0.00451	0.00513	0.00156	0.00682	0.00479	0.00250	0.00661
31	0.19090	0.32701	0.14833	0.01041	0.01458	0.15387	0.06513	0.01551	0.01037	0.01459	0.00742	0.00875	0.00609	0.00444	0.00374	0.00130	0.00605	0.00308	0.00236	0.00609
32	0.00825	0.00421	0.00627	0.00634	0.00636	0.00419	0.00423	0.00634	0.00652	0.00869	0.00966	0.07005	0.01003	0.01672	0.01807	0.80060	0.00411	0.00486	0.00227	0.00223
33	0.00585	0.00459	0.00530	0.00581	0.00680	0.00403	0.00410	0.00693	0.01031	0.01297	0.06385	0.41246	0.41269	0.01356	0.00594	0.00179	0.00262	0.01184	0.00453	0.00403
34	0.14641	0.03585	0.01474	0.11134	0.26118	0.14148	0.01060	0.08831	0.02173	0.10925	0.00989	0.01138	0.00753	0.00488	0.00442	0.00144	0.00574	0.00389	0.00315	0.00677
35	0.06892	0.01013	0.01614	0.34102	0.38352	0.01121	0.01313	0.01462	0.06645	0.01518	0.00952	0.01252	0.00754	0.00470	0.00470	0.00153	0.00576	0.00428	0.00252	0.00660
36	0.00590	0.00472	0.00512	0.00539	0.00653	0.00412	0.00380	0.00691	0.01021	0.01254	0.04027	0.23296	0.53413	0.09579	0.00776	0.00203	0.00277	0.01076	0.00434	0.00394
37	0.01442	0.31640	0.17884	0.01153	0.03018	0.32871	0.01081	0.03333	0.01176	0.01288	0.00758	0.00882	0.00628	0.00461	0.00398	0.00124	0.00700	0.00307	0.00230	0.00625
38	0.05013	0.12572	0.21839	0.01857	0.19307	0.01271	0.28263	0.01514	0.01069	0.01528	0.00882	0.01118	0.00687	0.00429	0.00476	0.00148	0.00678	0.00432	0.00231	0.00684
39	0.07997	0.00847	0.00914	0.00839	0.01020	0.04477	0.00644	0.20505	0.01314	0.07197	0.01820	0.34673	0.01870	0.00985	0.00568	0.00169	0.04090	0.03041	0.06468	0.00561

[dist]
# distance from previous block
# <min> <max>
0	2

[block]
# block no. 1 follows, 52 sequences, length 105
# corresponding to MSA columns:
# 52-156
name=unknown_B
#
# <colnr> <probs for GDERKNQSTAVLIFYWHMCP>
#	G	D	E	R	K	N	Q	S	T	A	V	L	I	F	Y	W	H	M	C	P
0	0.78468	0.01083	0.08110	0.00706	0.01045	0.01091	0.00642	0.01435	0.00843	0.02115	0.00693	0.00809	0.00533	0.00451	0.00315	0.00150	0.00407	0.00271	0.00291	0.00543
1	0.86392	0.00937	0.00712	0.00637	0.00937	0.01087	0.00525	0.01425	0.00825	0.02174	0.00675	0.00787	0.00525	0.00450	0.00300	0.00150	0.00375	0.00262	0.00300	0.00525
2	0.00638	0.00462	0.00613	0.00713	0.00774	0.00437	0.00525	0.00764	0.01000	0.01315	0.05105	0.55762	0.08725	0.01437	0.00626	0.00199	0.00317	0.19727	0.00451	0.00409
3	0.01239	0.38691	0.34059	0.01114	0.01628	0.13056	0.01236	0.01555	0.01057	0.01307	0.00764	0.00891	0.00619	0.00446	0.00390	0.00127	0.00650	0.00307	0.00212	0.00652
4	0.08755	0.09472	0.39587	0.01246	0.01770	0.06686	0.08630	0.01721	0.12682	0.03478	0.01026	0.01128	0.00762	0.00486	0.00447	0.00149	0.00631	0.00389	0.00273	0.00684
5	0.00705	0.00470	0.00529	0.00529	0.00529	0.00470	0.00294	0.00705	0.00705	0.00940	0.01527	0.03171	0.01762	0.82969	0.02467	0.00470	0.00470	0.00705	0.00294	0.00294
6	0.01493	0.01157	0.01243	0.01019	0.01338	0.01293	0.00819	0.42348	0.31390	0.02561	0.08756	0.01636	0.01421	0.00648	0.00496	0.00153	0.00448	0.00520	0.00492	0.00768
7	0.01143	0.01261	0.02587	0.01991	0.08002	0.01243	0.61913	0.01558	0.04653	0.01540	0.00989	0.01299	0.00762	0.00462	0.00656	0.00167	0.08318	0.00547	0.00253	0.00656
8	0.64510	0.00957	0.00850	0.00719	0.01040	0.01063	0.00593	0.08715	0.01053	0.15276	0.00926	0.00966	0.00665	0.00487	0.00348	0.00150	0.00396	0.00316	0.00367	0.00603
9	0.00693	0.00515	0.00756	0.00756	0.00834	0.00593	0.00577	0.00850	0.00772	0.01108	0.01319	0.02021	0.01263	0.10994	0.73759	0.00750	0.01221	0.00536	0.00263	0.00420
10	0.01156	0.01223	0.07642	0.10171	0.67164	0.01143	0.01496	0.01468	0.01085	0.01548	0.00904	0.01195	0.00745	0.00439	0.00479	0.00146	0.00592	0.00426	0.00235	0.00743
11	0.00766	0.00626	0.00931	0.08355	0.01139	0.00768	0.00727	0.00936	0.00788	0.01134	0.01173	0.01777	0.01099	0.06039	0.59271	0.00629	0.12636	0.00505	0.00250	0.00451
12	0.00694	0.00510	0.00735	0.00735	0.00806	0.00582	0.00551	0.00837	0.00766	0.01092	0.01338	0.02128	0.01309	0.17661	0.67155	0.00724	0.01152	0.00552	0.00266	0.00408
13	0.86392	0.00937	0.00712	0.00637	0.00937	0.01087	0.00525	0.01425	0.00825	0.02174	0.00675	0.00787	0.00525	0.00450	0.00300	0.00150	0.00375	0.00262	0.00300	0.00525
14	0.00594	0.00442	0.00553	0.00631	0.00694	0.00402	0.00433	0.00697	0.00998	0.01304	0.08794	0.60344	0.19512	0.01418	0.00605	0.00187	0.00270	0.01266	0.00456	0.00402
15	0.01062	0.01066	0.01517	0.01291	0.01302	0.01478	0.02893	0.01175	0.00752	0.01175	0.00644	0.01066	0.00638	0.00838	0.01566	0.00211	0.80151	0.00428	0.00213	0.00533
16	0.00657	0.00482	0.00538	0.00531	0.00606	0.00447	0.00348	0.00740	0.00960	0.01246	0.16890	0.03754	0.28476	0.40584	0.01485	0.00309	0.00351	0.00843	0.00390	0.00362
17	0.05709	0.01082	0.01925	0.04667	0.05806	0.04071	0.38048	0.01586	0.01146	0.17296	0.01368	0.12597	0.01153	0.00610	0.00534	0.00162	0.00622	0.00628	0.00346	0.00643
18	0.01181	0.07732	0.01613	0.01097	0.01513	0.03128	0.18772	0.03999	0.02955	0.05859	0.00957	0.01115	0.00757	0.00423	0.00464	0.00111	0.03332	0.00379	0.00296	0.44318
19	0.01296	0.83261	0.02539	0.00829	0.01244	0.01917	0.00829	0.01451	0.00985	0.01140	0.00674	0.00777	0.00622	0.00415	0.00311	0.00104	0.00518	0.00259	0.00207	0.00622
20	0.01810	0.02310	0.01373	0.01248	0.01498	0.81024	0.00936	0.01935	0.01373	0.01186	0.00749	0.00874	0.00624	0.00499	0.00437	0.00125	0.00874	0.00312	0.00250	0.00562
21	0.01833	0.01332	0.01434	0.01104	0.01488	0.01470	0.00910	0.73787	0.04562	0.05326	0.01210	0.01197	0.00855	0.00585	0.00485	0.00146	0.00525	0.00441	0.00488	0.00822
22	0.00663	0.00489	0.00619	0.00597	0.00713	0.00446	0.00444	0.00866	0.01301	0.01802	0.63436	0.09483	0.15217	0.01063	0.00575	0.00157	0.00235	0.00934	0.00515	0.00446
23	0.00752	0.00583	0.00654	0.00606	0.00767	0.00548	0.00459	0.08020	0.02900	0.01714	0.32958	0.03823	0.39044	0.04250	0.00636	0.00170	0.00277	0.00890	0.00480	0.00469
24	0.02005	0.00779	0.01046	0.00815	0.01157	0.00679	0.00669	0.02197	0.01352	0.70290	0.04574	0.01732	0.01320	0.00610	0.00476	0.00147	0.00389	0.00497	0.08488	0.00777
25	0.00883	0.00827	0.01364	0.74261	0.03089	0.01015	0.01255	0.01188	0.00982	0.01245	0.01237	0.01605	0.07984	0.00553	0.00493	0.00162	0.00609	0.00486	0.00237	0.00526
26	0.00972	0.02507	0.80458	0.01381	0.02097	0.01125	0.01790	0.01535	0.01023	0.01535	0.00870	0.01023	0.00614	0.00460	0.00460	0.00153	0.00716	0.00358	0.00205	0.00716
27	0.00842	0.00421	0.00631	0.00631	0.00631	0.00421	0.00421	0.00631	0.00631	0.00842	0.00842	0.01473	0.00842	0.01684	0.01894	0.85901	0.00421	0.00421	0.00210	0.00210
28	0.02174	0.00825	0.01125	0.00862	0.01237	0.00712	0.00712	0.02362	0.01387	0.80282	0.01912	0.01649	0.01200	0.00600	0.00487	0.00150	0.00412	0.00487	0.00600	0.00825
29	0.01005	0.00861	0.01005	0.00718	0.01148	0.00646	0.00574	0.01220	0.01005	0.01579	0.00861	0.01005	0.00718	0.00359	0.00359	0.00072	0.00359	0.00287	0.00287	0.85932
30	0.83476	0.00933	0.00727	0.00645	0.00948	0.01074	0.00531	0.01457	0.00844	0.04879	0.00718	0.00817	0.00548	0.00455	0.00306	0.00150	0.00376	0.00270	0.00310	0.00535
31	0.02174	0.00825	0.01125	0.00862	0.01237	0.00712	0.00712	0.02362	0.01387	0.80282	0.01912	0.01649	0.01200	0.00600	0.00487	0.00150	0.00412	0.00487	0.00600	0.00825
32	0.01054	0.01172	0.09142	0.17674	0.36373	0.01067	0.13805	0.01386	0.01102	0.01537	0.08590	0.01509	0.02393	0.00508	0.00504	0.00153	0.00602	0.00500	0.00265	0.00664
33	0.09138	0.25409	0.28504	0.01223	0.01733	0.04193	0.14408	0.01578	0.01054	0.07265	0.00886	0.01020	0.00672	0.00449	0.00423	0.00139	0.00628	0.00365	0.00252	0.00663
34	0.00652	0.00469	0.00618	0.00633	0.00717	0.00435	0.00455	0.00830	0.01215	0.01694	0.52477	0.31545	0.04089	0.01177	0.00588	0.00168	0.00247	0.01054	0.00504	0.00435
35	0.00693	0.00516	0.00761	0.00761	0.00842	0.00596	0.00584	0.00854	0.00774	0.01112	0.01314	0.01992	0.01250	0.09134	0.75601	0.00757	0.01241	0.00532	0.00262	0.00423
36	0.00600	0.00429	0.00573	0.00686	0.00718	0.00402	0.00466	0.00691	0.00937	0.01248	0.02666	0.78787	0.03184	0.01509	0.00621	0.00198	0.00289	0.05150	0.00450	0.00396
37	0.01213	0.01017	0.01130	0.08479	0.01452	0.01176	0.00819	0.02443	0.69050	0.04750	0.01867	0.01754	0.01392	0.00639	0.00492	0.00164	0.00409	0.00535	0.00471	0.00748
38	0.86392	0.00937	0.00712	0.00637	0.00937	0.01087	0.00525	0.01425	0.00825	0.02174	0.00675	0.00787	0.00525	0.00450	0.00300	0.00150	0.00375	0.00262	0.00300	0.00525
39	0.01283	0.80115	0.05575	0.00851	0.01277	0.01887	0.00867	0.01454	0.00986	0.01156	0.00681	0.00787	0.00622	0.00416	0.00317	0.00106	0.00526	0.00263	0.00207	0.00626
40	0.00705	0.00470	0.00529	0.00529	0.00529	0.00470	0.00294	0.00705	0.00705	0.00940	0.01527	0.03171	0.01762	0.82969	0.02467	0.00470	0.00470	0.00705	0.00294	0.00294
41	0.01810	0.02310	0.01373	0.01248	0.01498	0.81024	0.00936	0.01935	0.01373	0.01186	0.00749	0.00874	0.00624	0.00499	0.00437	0.00125	0.00874	0.00312	0.00250	0.00562
42	0.04676	0.12185	0.01493	0.01176	0.01448	0.68559	0.00909	0.01858	0.01307	0.01215	0.00737	0.00859	0.00620	0.00487	0.00417	0.00123	0.00813	0.00304	0.00246	0.00568
43	0.00842	0.00421	0.00631	0.00631	0.00631	0.00421	0.00421	0.00631	0.00631	0.00842	0.00842	0.01473	0.00842	0.01684	0.01894	0.85901	0.00421	0.00421	0.00210	0.00210
44	0.01214	0.01187	0.02280	0.01699	0.02029	0.01257	0.47535	0.01510	0.01044	0.08738	0.00962	0.01264	0.00748	0.00560	0.00874	0.00177	0.25503	0.00519	0.00268	0.00632
45	0.00875	0.00489	0.00755	0.00849	0.07989	0.00489	0.00520	0.00711	0.00675	0.00911	0.00848	0.01448	0.00835	0.01567	0.01763	0.77945	0.00435	0.00422	0.00213	0.00262
46	0.00876	0.01981	0.60299	0.01203	0.01746	0.00941	0.01452	0.01318	0.00999	0.01460	0.01324	0.21620	0.01268	0.00727	0.00500	0.00164	0.00606	0.00615	0.00266	0.00635
47	0.02038	0.01043	0.01259	0.00966	0.01346	0.01036	0.00798	0.33427	0.01752	0.48702	0.01606	0.01451	0.01046	0.00592	0.00486	0.00148	0.00462	0.00466	0.00553	0.00824
48	0.01172	0.01138	0.01237	0.01099	0.01254	0.09988	0.00876	0.01838	0.35059	0.01541	0.01294	0.01445	0.01057	0.00985	0.08355	0.00234	0.29981	0.00475	0.00343	0.00628
49	0.01022	0.00918	0.03758	0.00743	0.01183	0.00664	0.00619	0.01249	0.01012	0.02829	0.00878	0.01016	0.00722	0.00366	0.00364	0.00076	0.00372	0.00293	0.00289	0.81628
50	0.00699	0.00493	0.00644	0.00644	0.00684	0.00533	0.00438	0.00779	0.00739	0.01025	0.01421	0.02586	0.01508	0.46331	0.38757	0.00613	0.00852	0.00619	0.00278	0.00358
51	0.01178	0.01381	0.15913	0.05405	0.52013	0.01147	0.05313	0.02937	0.05290	0.03307	0.00989	0.01218	0.00782	0.00456	0.00482	0.00149	0.00601	0.00433	0.00259	0.00746
52	0.01161	0.01116	0.01918	0.13339	0.68267	0.01143	0.03042	0.01456	0.01087	0.01537	0.00906	0.01214	0.00751	0.00438	0.00482	0.00147	0.00590	0.00435	0.00237	0.00735
53	0.00620	0.00470	0.00687	0.00749	0.00802	0.00439	0.04663	0.00722	0.00940	0.01254	0.02579	0.78244	0.03071	0.01458	0.00616	0.00195	0.00310	0.01334	0.00439	0.00408
54	0.01109	0.28242	0.25151	0.00954	0.01463	0.01205	0.01022	0.01408	0.01010	0.02736	0.00820	0.00947	0.00664	0.00411	0.00376	0.00108	0.00518	0.00302	0.00242	0.31312
55	0.00703	0.00476	0.00561	0.00561	0.00572	0.00487	0.00334	0.00726	0.00714	0.00964	0.01497	0.03007	0.01690	0.72685	0.12653	0.00510	0.00577	0.00681	0.00289	0.00312
56	0.86392	0.00937	0.00712	0.00637	0.00937	0.01087	0.00525	0.01425	0.00825	0.02174	0.00675	0.00787	0.00525	0.00450	0.00300	0.00150	0.00375	0.00262	0.00300	0.00525
57	0.01199	0.01151	0.01967	0.02974	0.79946	0.01151	0.01487	0.01487	0.01103	0.01583	0.00912	0.01199	0.00768	0.00432	0.00480	0.00144	0.00576	0.00432	0.00240	0.00768
58	0.00842	0.00421	0.00631	0.00631	0.00631	0.00421	0.00421	0.00631	0.00631	0.00842	0.00842	0.01473	0.00842	0.01684	0.01894	0.85901	0.00421	0.00421	0.00210	0.00210
59	0.00972	0.02507	0.80458	0.01381	0.02097	0.01125	0.01790	0.01535	0.01023	0.01535	0.00870	0.01023	0.00614	0.00460	0.00460	0.00153	0.00716	0.00358	0.00205	0.00716
60	0.00590	0.00423	0.00561	0.00671	0.00702	0.00394	0.00448	0.00675	0.00931	0.01238	0.02715	0.81113	0.04717	0.01512	0.00618	0.00196	0.00280	0.01371	0.00450	0.00394
61	0.01040	0.00993	0.01469	0.01606	0.22317	0.01160	0.04887	0.01376	0.10806	0.01456	0.04847	0.04490	0.08692	0.00757	0.00927	0.00178	0.31529	0.00560	0.00302	0.00610
62	0.00583	0.00449	0.00534	0.00601	0.00684	0.00400	0.00417	0.00683	0.00998	0.01266	0.03564	0.51524	0.33757	0.01402	0.00600	0.00184	0.00267	0.01236	0.00450	0.00400
63	0.01008	0.00870	0.01041	0.00743	0.01175	0.00657	0.02074	0.01227	0.01008	0.01579	0.00864	0.01011	0.00718	0.00360	0.00363	0.00074	0.00368	0.00293	0.00286	0.84284
64	0.01298	0.00852	0.01035	0.00754	0.01171	0.00663	0.00609	0.01506	0.01101	0.21308	0.01125	0.01166	0.00839	0.00419	0.00391	0.00091	0.00372	0.00337	0.00365	0.64597
65	0.01598	0.01947	0.01320	0.09152	0.03155	0.62263	0.00942	0.03506	0.01308	0.01247	0.00951	0.08514	0.00873	0.00593	0.00460	0.00136	0.00783	0.00428	0.00270	0.00554
66	0.01486	0.01211	0.16851	0.00982	0.01449	0.00825	0.04602	0.04485	0.01208	0.32005	0.01285	0.01277	0.00888	0.00482	0.00443	0.00125	0.00478	0.00397	0.00397	0.29123
67	0.01296	0.83261	0.02539	0.00829	0.01244	0.01917	0.00829	0.01451	0.00985	0.01140	0.00674	0.00777	0.00622	0.00415	0.00311	0.00104	0.00518	0.00259	0.00207	0.00622
68	0.86392	0.00937	0.00712	0.00637	0.00937	0.01087	0.00525	0.01425	0.00825	0.02174	0.00675	0.00787	0.00525	0.00450	0.00300	0.00150	0.00375	0.00262	0.00300	0.00525
69	0.01780	0.01326	0.01419	0.01102	0.01479	0.01474	0.00906	0.70900	0.09810	0.02953	0.01243	0.01227	0.00888	0.00589	0.00486	0.00147	0.00519	0.00447	0.00486	0.00819
70	0.01128	0.00672	0.00777	0.00622	0.00902	0.00568	0.00491	0.01344	0.01072	0.13279	0.02678	0.01492	0.01082	0.00494	0.00373	0.00102	0.00307	0.00398	0.37275	0.34945
71	0.01657	0.00885	0.01318	0.00982	0.01373	0.00756	0.11763	0.01886	0.01257	0.45327	0.05691	0.01547	0.01195	0.00534	0.00472	0.00133	0.00447	0.00471	0.00468	0.21839
72	0.00576	0.00491	0.00495	0.00494	0.00656	0.00410	0.00371	0.00701	0.01112	0.01326	0.06927	0.04636	0.77721	0.01221	0.00573	0.00163	0.00245	0.01019	0.00452	0.00410
73	0.01256	0.01120	0.01913	0.06389	0.67990	0.01119	0.04118	0.01542	0.01119	0.07304	0.00985	0.01240	0.00792	0.00446	0.00484	0.00146	0.00575	0.00441	0.00265	0.00757
74	0.01060	0.01060	0.01484	0.01272	0.01272	0.01484	0.01060	0.01166	0.00742	0.01166	0.00636	0.01060	0.00636	0.00848	0.01590	0.00212	0.82082	0.00424	0.00212	0.00530
75	0.00613	0.00438	0.00588	0.00701	0.00739	0.00413	0.00489	0.00714	0.00950	0.01262	0.02658	0.73480	0.03156	0.01497	0.00625	0.00200	0.00301	0.10327	0.00449	0.00400
76	0.01842	0.01357	0.01454	0.01115	0.01503	0.01503	0.00921	0.78330	0.02278	0.03054	0.01163	0.01163	0.00824	0.00582	0.00485	0.00145	0.00533	0.00436	0.00485	0.00824
77	0.00993	0.02381	0.73177	0.01529	0.09319	0.01128	0.01762	0.01530	0.01031	0.01539	0.00874	0.01039	0.00628	0.00458	0.00462	0.00153	0.00703	0.00365	0.00208	0.00721
78	0.00602	0.00490	0.00533	0.00527	0.00674	0.00421	0.00393	0.00750	0.01165	0.01465	0.23535	0.07050	0.58350	0.01178	0.00574	0.00162	0.00242	0.00998	0.00471	0.00421
79	0.01199	0.01151	0.01967	0.02974	0.79946	0.01151	0.01487	0.01487	0.01103	0.01583	0.00912	0.01199	0.00768	0.00432	0.00480	0.00144	0.00576	0.00432	0.00240	0.00768
80	0.00655	0.00488	0.00609	0.00592	0.00708	0.00442	0.00439	0.00849	0.01278	0.01752	0.57710	0.11159	0.19360	0.01087	0.00576	0.00159	0.00237	0.00952	0.00509	0.00442
81	0.00583	0.00491	0.00505	0.00502	0.00661	0.00414	0.00376	0.00716	0.01129	0.01368	0.11846	0.04567	0.72776	0.01205	0.00573	0.00163	0.00244	0.01009	0.00458	0.00414
82	0.00614	0.00493	0.00548	0.00534	0.00680	0.00427	0.00400	0.00775	0.01201	0.01539	0.32024	0.04285	0.52491	0.01142	0.00572	0.00160	0.00239	0.00970	0.00480	0.00427
83	0.00915	0.00861	0.01453	0.81804	0.03338	0.01077	0.01346	0.01238	0.00969	0.01238	0.00861	0.01292	0.00646	0.00484	0.00484	0.00161	0.00646	0.00431	0.00215	0.00538
84	0.01490	0.01679	0.01514	0.01765	0.27282	0.39067	0.01085	0.01913	0.16526	0.01482	0.01043	0.01164	0.00839	0.00508	0.00462	0.00139	0.00680	0.00398	0.00294	0.00670
85	0.01185	0.01361	0.06238	0.01855	0.09330	0.05924	0.43800	0.04093	0.01101	0.01502	0.00888	0.01201	0.00708	0.00517	0.00762	0.00169	0.17982	0.00497	0.00244	0.00642
86	0.01615	0.29538	0.04168	0.01093	0.05321	0.03051	0.00922	0.32734	0.01567	0.11738	0.01044	0.01080	0.00783	0.00521	0.00454	0.00133	0.02757	0.00376	0.00371	0.00735
87	0.80481	0.03893	0.00803	0.00660	0.00967	0.01131	0.00549	0.04036	0.00880	0.02167	0.00691	0.00800	0.00538	0.00453	0.00307	0.00148	0.00385	0.00268	0.00303	0.00538
88	0.01325	0.01385	0.14905	0.01590	0.02044	0.01144	0.40127	0.04100	0.03494	0.16254	0.01142	0.01315	0.00819	0.00503	0.00619	0.00163	0.07559	0.00504	0.00317	0.00694
89	0.00590	0.00422	0.00562	0.00675	0.00703	0.00394	0.00450	0.00675	0.00928	0.01237	0.02671	0.82653	0.03205	0.01518	0.00619	0.00197	0.00281	0.01378	0.00450	0.00394
90	0.00633	0.00461	0.00596	0.00630	0.00709	0.00424	0.00446	0.00786	0.01146	0.01566	0.38105	0.40027	0.10168	0.01253	0.00593	0.00174	0.00254	0.01119	0.00488	0.00424
91	0.01268	0.75295	0.02391	0.00818	0.01235	0.01795	0.00805	0.01429	0.00987	0.01183	0.00692	0.00799	0.00631	0.00409	0.00316	0.00101	0.00503	0.00262	0.00215	0.08869
92	0.00915	0.00861	0.01453	0.81804	0.03338	0.01077	0.01346	0.01238	0.00969	0.01238	0.00861	0.01292	0.00646	0.00484	0.00484	0.00161	0.00646	0.00431	0.00215	0.00538
93	0.00590	0.00422	0.00562	0.00675	0.00703	0.00394	0.00450	0.00675	0.00928	0.01237	0.02671	0.82653	0.03205	0.01518	0.00619	0.00197	0.00281	0.01378	0.00450	0.00394
94	0.01842	0.01357	0.01454	0.01115	0.01503	0.01503	0.00921	0.78330	0.02278	0.03054	0.01163	0.01163	0.00824	0.00582	0.00485	0.00145	0.00533	0.00436	0.00485	0.00824
95	0.01005	0.00861	0.01005	0.00718	0.01148	0.00646	0.00574	0.01220	0.01005	0.01579	0.00861	0.01005	0.00718	0.00359	0.00359	0.00072	0.00359	0.00287	0.00287	0.85932
96	0.00842	0.00421	0.00631	0.00631	0.00631	0.00421	0.00421	0.00631	0.00631	0.00842	0.00842	0.01473	0.00842	0.01684	0.01894	0.85901	0.00421	0.00421	0.00210	0.00210
97	0.02174	0.00825	0.01125	0.00862	0.01237	0.00712	0.00712	0.02362	0.01387	0.80282	0.01912	0.01649	0.01200	0.00600	0.00487	0.00150	0.00412	0.00487	0.00600	0.00825
98	0.01131	0.01043	0.01625	0.02254	0.53836	0.01042	0.01200	0.01555	0.11857	0.01680	0.08975	0.01509	0.01244	0.00512	0.00480	0.00141	0.00494	0.00479	0.00309	0.08637
99	0.00692	0.00519	0.00779	0.00779	0.00865	0.00606	0.00606	0.00865	0.00779	0.01125	0.01298	0.01904	0.01211	0.03634	0.81049	0.00779	0.01298	0.00519	0.00260	0.00433
100	0.00747	0.00509	0.00667	0.00620	0.00745	0.00468	0.00468	0.00974	0.01372	0.05168	0.76489	0.03539	0.04434	0.00975	0.00568	0.00152	0.00236	0.00860	0.00536	0.00472
101	0.00757	0.00592	0.00849	0.06108	0.10014	0.00575	0.00633	0.00994	0.01302	0.01835	0.63251	0.05548	0.03841	0.00909	0.00557	0.00153	0.00297	0.00811	0.00477	0.00496
102	0.01131	0.01185	0.02358	0.01686	0.02159	0.01070	0.57114	0.01487	0.01114	0.03257	0.00971	0.01239	0.00741	0.00400	0.00517	0.00140	0.00694	0.00499	0.00263	0.21976
103	0.01005	0.00861	0.01005	0.00718	0.01148	0.00646	0.00574	0.01220	0.01005	0.01579	0.00861	0.01005	0.00718	0.00359	0.00359	0.00072	0.00359	0.00287	0.00287	0.85932
104	0.01046	0.08518	0.01154	0.00748	0.01165	0.00805	0.00612	0.01340	0.06695	0.01571	0.00925	0.01042	0.00764	0.00386	0.00364	0.00081	0.00375	0.00304	0.00295	0.71809

[dist]
# distance from previous block
# <min> <max>
4	6

[block]
# block no. 2 follows, 52 sequences, length 12
# corresponding to MSA columns:
# 163-174
name=unknown_C
#
# <colnr> <probs for GDERKNQSTAVLIFYWHMCP>
#	G	D	E	R	K	N	Q	S	T	A	V	L	I	F	Y	W	H	M	C	P
0	0.00892	0.00658	0.00783	0.00702	0.00854	0.00668	0.00528	0.11501	0.08457	0.01978	0.52456	0.03069	0.03441	0.10949	0.00785	0.00191	0.00313	0.00766	0.00494	0.00515
1	0.01659	0.02087	0.01265	0.01156	0.01395	0.71147	0.00867	0.01783	0.01340	0.01201	0.01259	0.01338	0.10319	0.00589	0.00454	0.00130	0.00797	0.00399	0.00274	0.00543
2	0.00696	0.00505	0.00707	0.00707	0.00769	0.00567	0.00516	0.00819	0.00758	0.01072	0.01364	0.02267	0.01369	0.26341	0.58557	0.00690	0.01061	0.00572	0.00269	0.00393
3	0.01199	0.11246	0.02235	0.02505	0.53160	0.01262	0.18392	0.01497	0.01098	0.01522	0.00898	0.01172	0.00743	0.00425	0.00479	0.00143	0.00622	0.00442	0.00237	0.00725
4	0.01144	0.01307	0.02859	0.02042	0.02533	0.01225	0.78186	0.01552	0.01144	0.01552	0.00980	0.01307	0.00735	0.00408	0.00572	0.00163	0.00817	0.00572	0.00245	0.00654
5	0.00718	0.00568	0.00854	0.18669	0.01346	0.00639	0.00705	0.00905	0.00925	0.01269	0.11128	0.20468	0.01973	0.04937	0.32195	0.00421	0.00761	0.00746	0.00328	0.00445
6	0.00666	0.00492	0.00624	0.00617	0.00731	0.00451	0.00466	0.00864	0.01269	0.01740	0.54937	0.11196	0.16455	0.01103	0.00583	0.00163	0.00252	0.06442	0.00506	0.00443
7	0.00822	0.00434	0.00651	0.00651	0.00663	0.00446	0.00446	0.00663	0.00651	0.00880	0.00903	0.01531	0.00892	0.01947	0.12590	0.74398	0.00539	0.00434	0.00217	0.00240
8	0.01319	0.01725	0.12647	0.01357	0.01593	0.29247	0.08863	0.01526	0.01043	0.01264	0.00743	0.01015	0.00639	0.00628	0.00926	0.00168	0.34101	0.00390	0.00227	0.00580
9	0.01005	0.00861	0.01005	0.00718	0.01148	0.00646	0.00574	0.01220	0.01005	0.01579	0.00861	0.01005	0.00718	0.00359	0.00359	0.00072	0.00359	0.00287	0.00287	0.85932
10	0.01064	0.00897	0.01037	0.00746	0.01174	0.00707	0.00599	0.06706	0.01095	0.01684	0.00883	0.01016	0.00725	0.00375	0.00368	0.00077	0.00371	0.00298	0.00301	0.79877
11	0.03650	0.03224	0.22837	0.01229	0.07258	0.01003	0.05912	0.10726	0.01284	0.23493	0.02872	0.01285	0.00915	0.00505	0.00461	0.00140	0.00537	0.00419	0.00372	0.11879

[dist]
# distance from previous block
# <min> <max>
0	2

[block]
# block no. 3 follows, 52 sequences, length 10
# corresponding to MSA columns:
# 177-186
name=unknown_D
#
# <colnr> <probs for GDERKNQSTAVLIFYWHMCP>
#	G	D	E	R	K	N	Q	S	T	A	V	L	I	F	Y	W	H	M	C	P
0	0.01000	0.00925	0.01535	0.40914	0.32636	0.01024	0.01279	0.01293	0.01047	0.01430	0.04784	0.01524	0.04140	0.00522	0.00485	0.00152	0.00566	0.00477	0.03652	0.00614
1	0.00719	0.00558	0.00830	0.00814	0.00895	0.00669	0.00638	0.00887	0.00776	0.01128	0.01250	0.01843	0.01170	0.03434	0.75332	0.00738	0.07111	0.00512	0.00256	0.00440
2	0.01005	0.01016	0.04945	0.04688	0.05615	0.01009	0.22618	0.01489	0.15293	0.01543	0.01621	0.08952	0.01531	0.00805	0.00663	0.00183	0.07908	0.18171	0.00347	0.00598
3	0.00799	0.00601	0.00804	0.22454	0.01332	0.00644	0.00600	0.00921	0.00824	0.01139	0.01307	0.02398	0.01344	0.47911	0.01603	0.00328	0.00489	0.00580	0.07709	0.06213
4	0.01094	0.01128	0.02170	0.25618	0.26991	0.01159	0.31756	0.01440	0.01080	0.01470	0.00924	0.01269	0.00719	0.00438	0.00518	0.00157	0.00692	0.00487	0.00235	0.00656
5	0.01011	0.00974	0.01310	0.01140	0.01201	0.04687	0.03056	0.03212	0.00858	0.01252	0.04189	0.01376	0.00951	0.01497	0.20757	0.00340	0.50959	0.00466	0.00247	0.00516
6	0.03621	0.00972	0.01391	0.17677	0.16808	0.00939	0.03957	0.07496	0.01155	0.09301	0.00996	0.01181	0.00763	0.00444	0.00437	0.00123	0.00496	0.00386	0.00308	0.31549
7	0.09288	0.01044	0.01591	0.32672	0.33930	0.01158	0.01275	0.10394	0.01163	0.01680	0.00899	0.01191	0.00705	0.00471	0.00465	0.00151	0.00578	0.00416	0.00265	0.00663
8	0.01154	0.00836	0.01002	0.00732	0.01138	0.00645	0.00587	0.01366	0.01079	0.12803	0.05317	0.01239	0.00997	0.00428	0.00389	0.00087	0.00359	0.00348	0.00345	0.69147
9	0.01582	0.01224	0.03194	0.01587	0.21277	0.11788	0.09158	0.03548	0.07006	0.26625	0.01294	0.01336	0.00929	0.00507	0.00478	0.00142	0.00562	0.00445	0.00383	0.06936

[dist]
# distance from previous block
# <min> <max>
0	1

[block]
# block no. 4 follows, 52 sequences, length 163
# corresponding to MSA columns:
# 188-350
name=unknown_E
#
# <colnr> <probs for GDERKNQSTAVLIFYWHMCP>
#	G	D	E	R	K	N	Q	S	T	A	V	L	I	F	Y	W	H	M	C	P
0	0.00940	0.00889	0.01515	0.60572	0.13089	0.01039	0.05037	0.01252	0.01022	0.01341	0.05456	0.01513	0.03256	0.00525	0.00496	0.00159	0.00610	0.00481	0.00245	0.00565
1	0.01005	0.00861	0.01005	0.00718	0.01148	0.00646	0.00574	0.01220	0.01005	0.01579	0.00861	0.01005	0.00718	0.00359	0.00359	0.00072	0.00359	0.00287	0.00287	0.85932
2	0.01083	0.01040	0.01789	0.34705	0.46551	0.01124	0.03936	0.01389	0.01051	0.01443	0.00894	0.01240	0.00718	0.00452	0.00485	0.00152	0.00612	0.00436	0.00230	0.00672
3	0.01950	0.01184	0.01347	0.01033	0.01416	0.01246	0.00853	0.53655	0.01989	0.28139	0.01407	0.01321	0.00946	0.00588	0.00486	0.00147	0.00494	0.00453	0.00522	0.00824
4	0.00599	0.00428	0.00572	0.00684	0.00716	0.00401	0.00464	0.00689	0.00936	0.01246	0.02666	0.79267	0.03187	0.01510	0.00621	0.00198	0.00288	0.04681	0.00450	0.00396
5	0.00925	0.00871	0.01470	0.79213	0.05856	0.01079	0.01350	0.01246	0.00973	0.01250	0.00863	0.01289	0.00650	0.00483	0.00484	0.00161	0.00644	0.00431	0.00216	0.00546
6	0.00573	0.00491	0.00491	0.00491	0.00655	0.00409	0.00368	0.00695	0.01105	0.01309	0.04909	0.04664	0.79750	0.01227	0.00573	0.00164	0.00245	0.01023	0.00450	0.00409
7	0.00692	0.00519	0.00779	0.00779	0.00865	0.00606	0.00606	0.00865	0.00779	0.01125	0.01298	0.01904	0.01211	0.03634	0.81049	0.00779	0.01298	0.00519	0.00260	0.00433
8	0.00972	0.02507	0.80458	0.01381	0.02097	0.01125	0.01790	0.01535	0.01023	0.01535	0.00870	0.01023	0.00614	0.00460	0.00460	0.00153	0.00716	0.00358	0.00205	0.00716
9	0.00987	0.00533	0.00541	0.00511	0.00648	0.00546	0.00391	0.08029	0.01129	0.01918	0.01544	0.01749	0.01205	0.00566	0.00352	0.00116	0.00253	0.00450	0.78047	0.00485
10	0.01060	0.01060	0.01484	0.01272	0.01272	0.01484	0.01060	0.01166	0.00742	0.01166	0.00636	0.01060	0.00636	0.00848	0.01590	0.00212	0.82082	0.00424	0.00212	0.00530
11	0.00686	0.00495	0.00648	0.00610	0.00724	0.00457	0.00457	0.00914	0.01372	0.01943	0.79691	0.03620	0.04572	0.00991	0.00572	0.00152	0.00229	0.00876	0.00533	0.00457
12	0.86392	0.00937	0.00712	0.00637	0.00937	0.01087	0.00525	0.01425	0.00825	0.02174	0.00675	0.00787	0.00525	0.00450	0.00300	0.00150	0.00375	0.00262	0.00300	0.00525
13	0.00573	0.00491	0.00491	0.00491	0.00655	0.00409	0.00368	0.00695	0.01105	0.01309	0.04909	0.04664	0.79750	0.01227	0.00573	0.00164	0.00245	0.01023	0.00450	0.00409
14	0.02174	0.00825	0.01125	0.00862	0.01237	0.00712	0.00712	0.02362	0.01387	0.80282	0.01912	0.01649	0.01200	0.00600	0.00487	0.00150	0.00412	0.00487	0.00600	0.00825
15	0.01538	0.01206	0.01283	0.01054	0.01387	0.01361	0.00848	0.42204	0.38899	0.02564	0.01549	0.01471	0.01137	0.00618	0.00489	0.00154	0.00462	0.00490	0.00489	0.00797
16	0.01055	0.01857	0.39774	0.01662	0.02258	0.01149	0.37965	0.01528	0.01079	0.01545	0.00922	0.01157	0.00677	0.00431	0.00508	0.00154	0.00747	0.00456	0.00228	0.04847
17	0.01000	0.04893	0.68601	0.04146	0.08847	0.01151	0.01719	0.01518	0.01027	0.01517	0.00867	0.01039	0.00628	0.00457	0.00458	0.00151	0.00695	0.00364	0.00208	0.00712
18	0.00822	0.00664	0.00846	0.00731	0.00970	0.00586	0.00562	0.00999	0.00913	0.01361	0.01342	0.16251	0.01342	0.01694	0.28063	0.00337	0.00667	0.00566	0.00307	0.40977
19	0.29881	0.01061	0.10547	0.30142	0.05769	0.01027	0.01006	0.02804	0.00963	0.01706	0.00889	0.01140	0.00678	0.00478	0.00402	0.00150	0.00510	0.00368	0.09916	0.00562
20	0.00675	0.00493	0.00617	0.00586	0.00708	0.00450	0.00439	0.00887	0.01318	0.01840	0.65425	0.03724	0.16223	0.01014	0.00564	0.00153	0.00231	0.00885	0.03319	0.00450
21	0.78703	0.00927	0.00750	0.00658	0.00965	0.01053	0.00542	0.01510	0.00876	0.09305	0.00788	0.00866	0.00586	0.00464	0.00317	0.00150	0.00378	0.00283	0.00327	0.00552
22	0.01573	0.01227	0.01331	0.01125	0.03971	0.01375	0.00879	0.46270	0.32195	0.02605	0.01471	0.01416	0.01078	0.00606	0.00488	0.00153	0.00476	0.00480	0.00480	0.00800
23	0.00692	0.00519	0.00779	0.00779	0.00865	0.00606	0.00606	0.00865	0.00779	0.01125	0.01298	0.01904	0.01211	0.03634	0.81049	0.00779	0.01298	0.00519	0.00260	0.00433
24	0.01126	0.35078	0.01990	0.33509	0.06887	0.04047	0.05710	0.01373	0.01020	0.01258	0.03287	0.01134	0.00772	0.00464	0.00419	0.00135	0.00593	0.00378	0.00226	0.00592
25	0.01454	0.04946	0.29096	0.01283	0.01686	0.45554	0.01239	0.01732	0.01199	0.01305	0.00782	0.00935	0.00621	0.00505	0.00512	0.00140	0.05834	0.00333	0.00230	0.00616
26	0.00705	0.00470	0.00529	0.00529	0.00529	0.00470	0.00294	0.00705	0.00705	0.00940	0.01527	0.03171	0.01762	0.82969	0.02467	0.00470	0.00470	0.00705	0.00294	0.00294
27	0.06381	0.00851	0.01101	0.00862	0.01224	0.00778	0.00708	0.02334	0.08721	0.68878	0.01854	0.01620	0.01192	0.00598	0.00478	0.00151	0.00408	0.00482	0.00574	0.00804
28	0.01289	0.74036	0.04990	0.00865	0.01278	0.03294	0.00859	0.01532	0.05826	0.01209	0.00762	0.00851	0.00675	0.00433	0.00329	0.00109	0.00523	0.00281	0.00226	0.00633
29	0.01454	0.04217	0.06346	0.25560	0.04644	0.47079	0.01127	0.01672	0.01210	0.01235	0.00793	0.01017	0.00635	0.00488	0.00450	0.00138	0.00775	0.00353	0.00235	0.00573
30	0.00599	0.00492	0.00528	0.00519	0.00671	0.00420	0.00389	0.00747	0.01167	0.01458	0.22488	0.04418	0.62078	0.01172	0.00572	0.00161	0.00242	0.00988	0.00470	0.00420
31	0.00624	0.00488	0.00566	0.00557	0.00689	0.00429	0.00414	0.00791	0.01210	0.01585	0.37959	0.10040	0.40624	0.01144	0.00576	0.00161	0.00241	0.00984	0.00487	0.00429
32	0.01005	0.00861	0.01005	0.00718	0.01148	0.00646	0.00574	0.01220	0.01005	0.01579	0.00861	0.01005	0.00718	0.00359	0.00359	0.00072	0.00359	0.00287	0.00287	0.85932
33	0.00915	0.00861	0.01453	0.81804	0.03338	0.01077	0.01346	0.01238	0.00969	0.01238	0.00861	0.01292	0.00646	0.00484	0.00484	0.00161	0.00646	0.00431	0.00215	0.00538
34	0.00573	0.00491	0.00491	0.00491	0.00655	0.00409	0.00368	0.00695	0.01105	0.01309	0.04909	0.04664	0.79750	0.01227	0.00573	0.00164	0.00245	0.01023	0.00450	0.00409
35	0.01332	0.00955	0.01528	0.02048	0.47052	0.00922	0.01117	0.01586	0.01219	0.19985	0.15620	0.01749	0.01567	0.00574	0.00498	0.00147	0.00474	0.00526	0.00378	0.00724
36	0.01054	0.01006	0.01640	0.48209	0.31160	0.02514	0.01376	0.02662	0.01042	0.01392	0.00877	0.01243	0.00693	0.00476	0.00510	0.00155	0.02705	0.00429	0.00229	0.00627
37	0.00966	0.01021	0.02116	0.01597	0.01939	0.00957	0.52937	0.01273	0.01085	0.01468	0.03499	0.25709	0.01572	0.00755	0.00586	0.00173	0.00642	0.00821	0.00314	0.00571
38	0.86392	0.00937	0.00712	0.00637	0.00937	0.01087	0.00525	0.01425	0.00825	0.02174	0.00675	0.00787	0.00525	0.00450	0.00300	0.00150	0.00375	0.00262	0.00300	0.00525
39	0.00692	0.00519	0.00779	0.00779	0.00865	0.00606	0.00606	0.00865	0.00779	0.01125	0.01298	0.01904	0.01211	0.03634	0.81049	0.00779	0.01298	0.00519	0.00260	0.00433
40	0.01810	0.02310	0.01373	0.01248	0.01498	0.81024	0.00936	0.01935	0.01373	0.01186	0.00749	0.00874	0.00624	0.00499	0.00437	0.00125	0.00874	0.00312	0.00250	0.00562
41	0.01421	0.00795	0.00911	0.00786	0.01043	0.00822	0.00621	0.02072	0.30956	0.26751	0.01835	0.01757	0.01319	0.00611	0.00445	0.00144	0.00345	0.00500	0.26174	0.00690
42	0.00573	0.00491	0.00491	0.00491	0.00655	0.00409	0.00368	0.00695	0.01105	0.01309	0.04909	0.04664	0.79750	0.01227	0.00573	0.00164	0.00245	0.01023	0.00450	0.00409
43	0.01144	0.01307	0.02859	0.02042	0.02533	0.01225	0.78186	0.01552	0.01144	0.01552	0.00980	0.01307	0.00735	0.00408	0.00572	0.00163	0.00817	0.00572	0.00245	0.00654
44	0.00669	0.00484	0.00632	0.00627	0.00728	0.00448	0.00464	0.00868	0.01276	0.01781	0.61040	0.17597	0.06742	0.01103	0.00583	0.00163	0.00246	0.03590	0.00513	0.00444
45	0.00773	0.00552	0.00772	0.00884	0.00992	0.00551	0.00767	0.00991	0.01108	0.01442	0.02570	0.08596	0.02806	0.01346	0.00667	0.00222	0.00440	0.73631	0.00446	0.00444
46	0.05589	0.00829	0.01108	0.00853	0.01225	0.00727	0.00705	0.02324	0.01364	0.77115	0.01862	0.01614	0.01172	0.00594	0.00480	0.00150	0.00411	0.00478	0.00588	0.00813
47	0.00586	0.00491	0.00510	0.00505	0.00663	0.00415	0.00379	0.00722	0.01137	0.01386	0.13987	0.04537	0.70624	0.01199	0.00573	0.00162	0.00243	0.01005	0.00460	0.00415
48	0.00773	0.00552	0.00772	0.00884	0.00992	0.00551	0.00767	0.00991	0.01108	0.01442	0.02570	0.08596	0.02806	0.01346	0.00667	0.00222	0.00440	0.73631	0.00446	0.00444
49	0.00972	0.02507	0.80458	0.01381	0.02097	0.01125	0.01790	0.01535	0.01023	0.01535	0.00870	0.01023	0.00614	0.00460	0.00460	0.00153	0.00716	0.00358	0.00205	0.00716
50	0.01091	0.01111	0.01480	0.01271	0.01281	0.04709	0.01055	0.01197	0.00768	0.01167	0.00641	0.01053	0.00636	0.00834	0.01544	0.00209	0.78790	0.00420	0.00214	0.00531
51	0.02135	0.00833	0.01123	0.00867	0.01238	0.00732	0.00714	0.02370	0.04537	0.77109	0.01914	0.01656	0.01211	0.00602	0.00488	0.00151	0.00411	0.00490	0.00595	0.00822
52	0.00693	0.00518	0.00771	0.00771	0.00855	0.00601	0.00596	0.00860	0.00776	0.01119	0.01305	0.01944	0.01229	0.06148	0.78559	0.00769	0.01272	0.00525	0.00261	0.00428
53	0.00692	0.00519	0.00779	0.00779	0.00865	0.00606	0.00606	0.00865	0.00779	0.01125	0.01298	0.01904	0.01211	0.03634	0.81049	0.00779	0.01298	0.00519	0.00260	0.00433
54	0.10501	0.00836	0.01084	0.00840	0.01207	0.00749	0.00694	0.02269	0.01331	0.72559	0.01790	0.01564	0.01133	0.00585	0.00469	0.00150	0.00409	0.00465	0.00570	0.00795
55	0.01812	0.01329	0.01423	0.01094	0.01473	0.01470	0.00903	0.75885	0.02238	0.03015	0.01177	0.01184	0.00837	0.00581	0.00480	0.00144	0.00524	0.00437	0.03183	0.00812
56	0.00705	0.00470	0.00529	0.00529	0.00529	0.00470	0.00294	0.00705	0.00705	0.00940	0.01527	0.03171	0.01762	0.82969	0.02467	0.00470	0.00470	0.00705	0.00294	0.00294
57	0.86392	0.00937	0.00712	0.00637	0.00937	0.01087	0.00525	0.01425	0.00825	0.02174	0.00675	0.00787	0.00525	0.00450	0.00300	0.00150	0.00375	0.00262	0.00300	0.00525
58	0.00692	0.00519	0.00779	0.00779	0.00865	0.00606	0.00606	0.00865	0.00779	0.01125	0.01298	0.01904	0.01211	0.03634	0.81049	0.00779	0.01298	0.00519	0.00260	0.00433
59	0.01121	0.01271	0.02766	0.01987	0.02458	0.01192	0.75035	0.01517	0.01135	0.01540	0.01049	0.04605	0.00835	0.00453	0.00574	0.00165	0.00795	0.00605	0.00253	0.00643
60	0.00666	0.00495	0.00620	0.00588	0.00711	0.00449	0.00441	0.00875	0.01324	0.01829	0.66245	0.03808	0.18089	0.01033	0.00572	0.00154	0.00232	0.00903	0.00518	0.00449
61	0.01205	0.01041	0.01096	0.00986	0.01260	0.01205	0.00767	0.02575	0.79071	0.02027	0.01972	0.01808	0.01479	0.00657	0.00493	0.00164	0.00384	0.00548	0.00493	0.00767
62	0.01842	0.01357	0.01454	0.01115	0.01503	0.01503	0.00921	0.78330	0.02278	0.03054	0.01163	0.01163	0.00824	0.00582	0.00485	0.00145	0.00533	0.00436	0.00485	0.00824
63	0.00705	0.00470	0.00529	0.00529	0.00529	0.00470	0.00294	0.00705	0.00705	0.00940	0.01527	0.03171	0.01762	0.82969	0.02467	0.00470	0.00470	0.00705	0.00294	0.00294
64	0.00700	0.00488	0.00619	0.00619	0.00650	0.00519	0.00406	0.00763	0.00731	0.01006	0.01444	0.02715	0.01564	0.54400	0.30764	0.00581	0.00768	0.00638	0.00281	0.00344
65	0.02174	0.00825	0.01125	0.00862	0.01237	0.00712	0.00712	0.02362	0.01387	0.80282	0.01912	0.01649	0.01200	0.00600	0.00487	0.00150	0.00412	0.00487	0.00600	0.00825
66	0.02174	0.00825	0.01125	0.00862	0.01237	0.00712	0.00712	0.02362	0.01387	0.80282	0.01912	0.01649	0.01200	0.00600	0.00487	0.00150	0.00412	0.00487	0.00600	0.00825
67	0.01822	0.01347	0.01443	0.01111	0.01495	0.01493	0.00916	0.75931	0.04711	0.03022	0.01189	0.01184	0.00845	0.00584	0.00485	0.00146	0.00529	0.00440	0.00485	0.00822
68	0.01842	0.01357	0.01454	0.01115	0.01503	0.01503	0.00921	0.78330	0.02278	0.03054	0.01163	0.01163	0.00824	0.00582	0.00485	0.00145	0.00533	0.00436	0.00485	0.00824
69	0.00915	0.00861	0.01453	0.81804	0.03338	0.01077	0.01346	0.01238	0.00969	0.01238	0.00861	0.01292	0.00646	0.00484	0.00484	0.00161	0.00646	0.00431	0.00215	0.00538
