[name]
unknown

[dist]
# distance from previous block
# <min> <max>
0	1022

[block]
# block no. 0 follows, 47 sequences, length 12
# corresponding to MSA columns:
# 1025-1036
name=unknown_A
#
# <colnr> <probs for GDERKNQSTAVLIFYWHMCP>
#	G	D	E	R	K	N	Q	S	T	A	V	L	I	F	Y	W	H	M	C	P
0	0.00839	0.00599	0.00839	0.00959	0.01079	0.00599	0.00839	0.01079	0.01199	0.01558	0.02757	0.05874	0.02997	0.01439	0.00719	0.00240	0.00480	0.74945	0.00480	0.00480
1	0.00654	0.00473	0.00624	0.00737	0.00786	0.00442	0.00515	0.00763	0.01030	0.01358	0.03008	0.68838	0.08030	0.01592	0.00667	0.00212	0.00318	0.09040	0.00483	0.00430
2	0.01654	0.01496	0.01366	0.01161	0.01492	0.16390	0.00916	0.27909	0.37305	0.02383	0.01571	0.01514	0.01173	0.00646	0.00515	0.00162	0.00568	0.00499	0.00477	0.00803
3	0.00757	0.00505	0.00568	0.00568	0.00568	0.00505	0.00316	0.00757	0.00757	0.01010	0.01641	0.03408	0.01893	0.81698	0.02651	0.00505	0.00505	0.00757	0.00316	0.00316
4	0.01285	0.44987	0.15732	0.06049	0.19452	0.01671	0.01265	0.01571	0.01094	0.01415	0.00831	0.01017	0.00704	0.00463	0.00415	0.00134	0.00616	0.00350	0.00231	0.00717
5	0.00872	0.00642	0.00857	0.00938	0.01074	0.00654	0.00803	0.01228	0.08416	0.01670	0.10309	0.05304	0.03058	0.01332	0.00691	0.00226	0.00450	0.60470	0.00494	0.00513
6	0.01599	0.01930	0.21051	0.01297	0.01743	0.21911	0.03862	0.15592	0.16458	0.07515	0.01275	0.01309	0.00936	0.00580	0.00506	0.00158	0.00689	0.00445	0.00380	0.00764
7	0.00822	0.00534	0.00711	0.00766	0.04681	0.00511	0.00515	0.00969	0.01182	0.01729	0.35192	0.14842	0.03127	0.01154	0.00802	0.14099	0.00307	0.00831	0.16772	0.00453
8	0.01800	0.00783	0.01076	0.00938	0.01240	0.00706	0.00792	0.02015	0.01386	0.51123	0.02306	0.03243	0.01901	0.00929	0.00594	0.00189	0.00456	0.27196	0.00585	0.00740
9	0.00678	0.00475	0.00587	0.00659	0.00685	0.00453	0.00419	0.00738	0.00920	0.01218	0.02544	0.49529	0.06537	0.30481	0.01378	0.00316	0.00373	0.01201	0.00423	0.00385
10	0.01365	0.14502	0.33475	0.01486	0.04099	0.01460	0.13899	0.20019	0.01447	0.01988	0.01000	0.01151	0.00742	0.00509	0.00497	0.00156	0.00702	0.00429	0.00302	0.00773
11	0.01650	0.27464	0.04669	0.01084	0.01506	0.05643	0.00960	0.35661	0.08662	0.02282	0.01110	0.01150	0.00855	0.00554	0.00452	0.00139	0.00570	0.00401	0.00392	0.04796

[dist]
# distance from previous block
# <min> <max>
0	2

[block]
# block no. 1 follows, 47 sequences, length 52
# corresponding to MSA columns:
# 1039-1090
name=unknown_B
#
# <colnr> <probs for GDERKNQSTAVLIFYWHMCP>
#	G	D	E	R	K	N	Q	S	T	A	V	L	I	F	Y	W	H	M	C	P
0	0.01648	0.01693	0.01648	0.07178	0.17325	0.28821	0.01170	0.20177	0.01537	0.01856	0.00942	0.01144	0.00758	0.00592	0.00658	0.00159	0.11242	0.00419	0.00320	0.00712
1	0.00634	0.00453	0.00604	0.00725	0.00755	0.00423	0.00483	0.00725	0.00997	0.01329	0.02870	0.81358	0.03444	0.01632	0.00665	0.00211	0.00302	0.01480	0.00483	0.00423
2	0.01262	0.01200	0.02038	0.03064	0.73878	0.01200	0.01553	0.01568	0.01187	0.01693	0.01085	0.01560	0.00953	0.00522	0.00528	0.00160	0.00610	0.04865	0.00271	0.00804
3	0.01081	0.16386	0.53374	0.01360	0.01989	0.01296	0.06662	0.01552	0.01092	0.01547	0.01079	0.08285	0.00920	0.00584	0.00490	0.00160	0.00697	0.00480	0.00247	0.00716
4	0.01263	0.00951	0.01069	0.00973	0.01229	0.01045	0.00763	0.04981	0.47129	0.08981	0.11151	0.08000	0.02177	0.00867	0.00564	0.00181	0.00399	0.07004	0.00537	0.00736
5	0.00623	0.00528	0.00538	0.00535	0.00708	0.00443	0.00401	0.00761	0.01204	0.01447	0.09583	0.04945	0.73905	0.01304	0.00615	0.00175	0.00263	0.01090	0.00489	0.00443
6	0.01107	0.02234	0.52217	0.01716	0.02388	0.01254	0.26483	0.01646	0.01135	0.01646	0.00968	0.01201	0.00703	0.00486	0.00562	0.00170	0.02644	0.00462	0.00234	0.00743
7	0.01045	0.00988	0.01672	0.65004	0.18552	0.01173	0.01477	0.01384	0.01070	0.01405	0.00936	0.01369	0.00720	0.00509	0.00520	0.00170	0.00679	0.00463	0.00237	0.00628
8	0.01099	0.01153	0.01321	0.01181	0.01348	0.18681	0.12681	0.01270	0.01146	0.01400	0.04402	0.34505	0.02103	0.01082	0.00734	0.00190	0.09841	0.04958	0.00373	0.00530
9	0.01083	0.01056	0.01487	0.01292	0.01305	0.01460	0.01070	0.01207	0.00803	0.01247	0.00785	0.01269	0.00772	0.01339	0.12824	0.00315	0.69427	0.00470	0.00235	0.00555
10	0.32294	0.01240	0.01136	0.00943	0.01294	0.15712	0.02286	0.02070	0.01264	0.35013	0.01319	0.01273	0.00900	0.00562	0.00443	0.00156	0.00530	0.00403	0.00450	0.00713
11	0.00617	0.00520	0.00535	0.00548	0.00709	0.00438	0.00405	0.00745	0.01168	0.01399	0.05030	0.12792	0.70616	0.01351	0.00620	0.00179	0.00268	0.01138	0.00484	0.00438
12	0.01101	0.00938	0.01091	0.00781	0.01243	0.00716	0.00626	0.03070	0.01112	0.01734	0.00933	0.01084	0.00774	0.00391	0.00389	0.00079	0.00390	0.00312	0.00313	0.82922
13	0.02302	0.00942	0.01243	0.00953	0.01357	0.00849	0.00787	0.09812	0.01584	0.71404	0.01976	0.01721	0.01250	0.00643	0.00523	0.00161	0.00456	0.00518	0.00632	0.00886
14	0.01644	0.01082	0.01355	0.18589	0.06137	0.04732	0.00986	0.19135	0.04194	0.23907	0.07680	0.01738	0.02624	0.00644	0.00524	0.00161	0.00535	0.00530	0.03056	0.00748
15	0.01961	0.02026	0.01515	0.01278	0.01612	0.44829	0.00999	0.35360	0.01910	0.02170	0.01004	0.01078	0.00767	0.00576	0.00492	0.00144	0.00776	0.00395	0.00381	0.00729
16	0.00712	0.00666	0.00928	0.00790	0.01021	0.00578	0.12393	0.00892	0.01194	0.01448	0.04610	0.04444	0.66039	0.01180	0.00615	0.00176	0.00361	0.01023	0.00449	0.00481
17	0.00737	0.00532	0.00696	0.00655	0.00778	0.00491	0.00491	0.00983	0.01474	0.02088	0.78175	0.03890	0.04914	0.01065	0.00614	0.00164	0.00246	0.00942	0.00573	0.00491
18	0.00634	0.00453	0.00604	0.00725	0.00755	0.00423	0.00483	0.00725	0.00997	0.01329	0.02870	0.81358	0.03444	0.01632	0.00665	0.00211	0.00302	0.01480	0.00483	0.00423
19	0.00634	0.00453	0.00604	0.00725	0.00755	0.00423	0.00483	0.00725	0.00997	0.01329	0.02870	0.81358	0.03444	0.01632	0.00665	0.00211	0.00302	0.01480	0.00483	0.00423
20	0.04680	0.00554	0.00696	0.00654	0.00787	0.00522	0.00493	0.01003	0.01440	0.02085	0.72942	0.03773	0.06343	0.01043	0.00601	0.00164	0.00253	0.00915	0.00560	0.00494
21	0.01980	0.01459	0.01563	0.01198	0.01615	0.01615	0.00990	0.76713	0.02448	0.03282	0.01250	0.01250	0.00886	0.00625	0.00521	0.00156	0.00573	0.00469	0.00521	0.00886
22	0.85377	0.01007	0.00765	0.00685	0.01007	0.01168	0.00564	0.01531	0.00886	0.02336	0.00725	0.00846	0.00564	0.00483	0.00322	0.00161	0.00403	0.00282	0.00322	0.00564
23	0.85377	0.01007	0.00765	0.00685	0.01007	0.01168	0.00564	0.01531	0.00886	0.02336	0.00725	0.00846	0.00564	0.00483	0.00322	0.00161	0.00403	0.00282	0.00322	0.00564
24	0.01085	0.04930	0.68176	0.01492	0.04073	0.01207	0.04153	0.01644	0.01125	0.03342	0.03419	0.01209	0.00818	0.00512	0.00499	0.00163	0.00739	0.00412	0.00243	0.00759
25	0.00881	0.00684	0.00941	0.00974	0.01120	0.00701	0.04280	0.01290	0.13180	0.01619	0.03942	0.22142	0.02808	0.01314	0.00670	0.00219	0.00443	0.41781	0.00480	0.00532
26	0.00634	0.00453	0.00604	0.00725	0.00755	0.00423	0.00483	0.00725	0.00997	0.01329	0.02870	0.81358	0.03444	0.01632	0.00665	0.00211	0.00302	0.01480	0.00483	0.00423
27	0.01278	0.06424	0.15437	0.01381	0.08560	0.03921	0.06225	0.04529	0.36032	0.03329	0.05090	0.01705	0.02516	0.00629	0.00519	0.00165	0.00549	0.00534	0.00407	0.00771
28	0.01336	0.23286	0.01840	0.01150	0.01397	0.05085	0.03518	0.04276	0.01064	0.06166	0.00921	0.01267	0.00822	0.00686	0.00941	0.00167	0.32775	0.03146	0.00284	0.09871
29	0.01714	0.17180	0.05287	0.01137	0.01533	0.05521	0.00992	0.42180	0.08345	0.04149	0.01184	0.01224	0.00889	0.00600	0.00534	0.00151	0.04313	0.00432	0.01839	0.00797
30	0.01617	0.01429	0.01349	0.01147	0.01478	0.12760	0.00906	0.27191	0.41587	0.02413	0.01641	0.01568	0.01223	0.00655	0.00518	0.00164	0.00542	0.00512	0.00489	0.00813
31	0.01112	0.01176	0.02353	0.39497	0.03134	0.01241	0.40753	0.01507	0.01140	0.01507	0.00993	0.01397	0.00744	0.00478	0.00570	0.00175	0.00790	0.00542	0.00248	0.00643
32	0.01051	0.00602	0.00797	0.00708	0.00886	0.00545	0.00545	0.01288	0.01477	0.17157	0.63224	0.03474	0.04202	0.00982	0.00596	0.00163	0.00284	0.00860	0.00587	0.00569
33	0.01499	0.00995	0.01049	0.00858	0.01134	0.01077	0.00692	0.40723	0.01802	0.02643	0.01464	0.01580	0.01100	0.00616	0.00446	0.00140	0.00416	0.00477	0.40595	0.00695
34	0.01206	0.01124	0.05948	0.00999	0.03498	0.11507	0.00801	0.08841	0.05720	0.01768	0.01338	0.01613	0.01093	0.01259	0.15859	0.00282	0.07946	0.00474	0.28133	0.00593
35	0.00744	0.00558	0.00837	0.00837	0.00930	0.00651	0.00651	0.00930	0.00837	0.01209	0.01395	0.02046	0.01302	0.03906	0.79635	0.00837	0.01395	0.00558	0.00279	0.00465
36	0.02007	0.01288	0.01444	0.01113	0.01522	0.01366	0.00916	0.53012	0.05674	0.21461	0.01476	0.01404	0.01013	0.00626	0.00518	0.00156	0.00528	0.00483	0.00545	0.03447
37	0.02053	0.00950	0.01200	0.00963	0.01336	0.00910	0.00781	0.02600	0.22209	0.57924	0.02072	0.01819	0.01371	0.00661	0.00525	0.00165	0.00435	0.00541	0.00613	0.00869
38	0.85377	0.01007	0.00765	0.00685	0.01007	0.01168	0.00564	0.01531	0.00886	0.02336	0.00725	0.00846	0.00564	0.00483	0.00322	0.00161	0.00403	0.00282	0.00322	0.00564
39	0.01295	0.01119	0.01178	0.01060	0.01354	0.01295	0.00824	0.02767	0.77509	0.02178	0.02120	0.01943	0.01590	0.00707	0.00530	0.00177	0.00412	0.00589	0.00530	0.00824
40	0.01392	0.82012	0.02729	0.00891	0.01337	0.02061	0.00891	0.01559	0.01058	0.01225	0.00724	0.00835	0.00668	0.00446	0.00334	0.00111	0.00557	0.00278	0.00223	0.00668
41	0.01365	0.01200	0.01214	0.01081	0.01381	0.04830	0.00842	0.07106	0.69660	0.02203	0.02009	0.01857	0.01507	0.00694	0.00527	0.00174	0.00445	0.00570	0.00518	0.00818
42	0.01945	0.02482	0.01476	0.01342	0.01610	0.79608	0.01006	0.02079	0.01476	0.01275	0.00805	0.00939	0.00671	0.00537	0.00470	0.00134	0.00939	0.00335	0.00268	0.00604
43	0.01080	0.00926	0.01080	0.00771	0.01234	0.00694	0.00617	0.01311	0.01080	0.01697	0.00926	0.01080	0.00771	0.00386	0.00386	0.00077	0.00386	0.00309	0.00309	0.84882
44	0.00623	0.00528	0.00538	0.00536	0.00708	0.00443	0.00402	0.00762	0.01205	0.01450	0.09884	0.04941	0.73603	0.01303	0.00615	0.00175	0.00263	0.01089	0.00489	0.00443
45	0.00747	0.00546	0.00776	0.00776	0.00848	0.00618	0.00575	0.00891	0.00819	0.01164	0.01450	0.02353	0.01435	0.21458	0.62265	0.00762	0.01194	0.00603	0.00287	0.00431
46	0.00839	0.00599	0.00839	0.00959	0.01079	0.00599	0.00839	0.01079	0.01199	0.01558	0.02757	0.05874	0.02997	0.01439	0.00719	0.00240	0.00480	0.74945	0.00480	0.00480
47	0.00757	0.00505	0.00568	0.00568	0.00568	0.00505	0.00316	0.00757	0.00757	0.01010	0.01641	0.03408	0.01893	0.81698	0.02651	0.00505	0.00505	0.00757	0.00316	0.00316
48	0.01078	0.00741	0.00850	0.00811	0.00967	0.00769	0.00602	0.22119	0.01423	0.01997	0.02186	0.43308	0.02313	0.01148	0.00565	0.00178	0.00366	0.01001	0.17013	0.00565
49	0.01377	0.01235	0.01365	0.01425	0.14098	0.06104	0.00965	0.09563	0.50448	0.02124	0.01874	0.01810	0.03931	0.00669	0.00526	0.00168	0.00489	0.00558	0.00466	0.00804
50	0.42512	0.08933	0.03787	0.00934	0.03557	0.04841	0.00765	0.07995	0.12053	0.02152	0.01096	0.01271	0.00876	0.00561	0.00403	0.00157	0.00472	0.02703	0.04285	0.00649
51	0.01089	0.37884	0.06909	0.00869	0.01181	0.01317	0.00799	0.01407	0.08182	0.01531	0.16482	0.16698	0.02109	0.00818	0.00480	0.00150	0.00449	0.00671	0.00369	0.00609

[dist]
# distance from previous block
# <min> <max>
10	27

[block]
# block no. 2 follows, 47 sequences, length 12
# corresponding to MSA columns:
# 1118-1129
name=unknown_C
#
# <colnr> <probs for GDERKNQSTAVLIFYWHMCP>
#	G	D	E	R	K	N	Q	S	T	A	V	L	I	F	Y	W	H	M	C	P
0	0.01411	0.21345	0.35286	0.01240	0.01773	0.18365	0.01340	0.01766	0.01214	0.07401	0.03644	0.01151	0.00861	0.00524	0.00457	0.00145	0.00712	0.00379	0.00276	0.00709
1	0.01522	0.01284	0.08790	0.07739	0.01587	0.09676	0.00936	0.02129	0.23511	0.21663	0.01736	0.01759	0.03873	0.04066	0.00599	0.00172	0.00534	0.00516	0.00447	0.07462
2	0.01294	0.53953	0.22069	0.01267	0.09096	0.01764	0.01223	0.01586	0.01081	0.01380	0.00802	0.00947	0.00681	0.00460	0.00393	0.00129	0.00617	0.00324	0.00225	0.00709
3	0.01423	0.02332	0.01063	0.06354	0.01279	0.06287	0.00724	0.05145	0.07190	0.25122	0.21988	0.11709	0.02431	0.03794	0.00634	0.00179	0.00434	0.00736	0.00518	0.00657
4	0.01251	0.49729	0.33772	0.01133	0.01710	0.01714	0.01312	0.01596	0.01075	0.01398	0.00810	0.00943	0.00665	0.00466	0.00400	0.00133	0.00643	0.00322	0.00222	0.00710
5	0.00665	0.00469	0.00605	0.00691	0.00723	0.00444	0.00454	0.00752	0.00993	0.01333	0.08826	0.60812	0.03283	0.16160	0.01022	0.00261	0.00334	0.01305	0.00460	0.00409
6	0.05102	0.08071	0.18608	0.25665	0.14730	0.04143	0.04567	0.03134	0.01163	0.01618	0.07441	0.01430	0.01063	0.00543	0.00500	0.00160	0.00650	0.00465	0.00275	0.00672
7	0.15683	0.01390	0.18715	0.23250	0.09633	0.01170	0.01278	0.04467	0.09466	0.04678	0.01167	0.01497	0.00910	0.00574	0.00490	0.00170	0.00599	0.03857	0.00317	0.00688
8	0.01026	0.01403	0.18164	0.01631	0.02068	0.01043	0.39084	0.01404	0.01142	0.01574	0.01549	0.21776	0.01513	0.00788	0.00606	0.00185	0.00695	0.03390	0.00318	0.00638
9	0.00727	0.00532	0.00682	0.00644	0.00772	0.00487	0.00483	0.00963	0.01450	0.02031	0.72019	0.03985	0.11105	0.01086	0.00614	0.00165	0.00247	0.00955	0.00566	0.00487
10	0.01143	0.21138	0.37571	0.13304	0.07358	0.01438	0.01519	0.01544	0.01062	0.01471	0.00865	0.01096	0.00680	0.00519	0.00561	0.00158	0.07260	0.00382	0.00226	0.00704
11	0.01171	0.01585	0.19966	0.29553	0.20924	0.07458	0.08890	0.01562	0.01142	0.01522	0.00943	0.01263	0.00725	0.00494	0.00518	0.00164	0.00731	0.00449	0.00241	0.00696

[dist]
# distance from previous block
# <min> <max>
4	9

[block]
# block no. 3 follows, 47 sequences, length 103
# corresponding to MSA columns:
# 1139-1241
name=unknown_D
#
# <colnr> <probs for GDERKNQSTAVLIFYWHMCP>
#	G	D	E	R	K	N	Q	S	T	A	V	L	I	F	Y	W	H	M	C	P
0	0.01434	0.01056	0.06643	0.00933	0.01257	0.00964	0.00798	0.21487	0.09103	0.17048	0.20676	0.02543	0.12154	0.00825	0.00556	0.00164	0.00426	0.00683	0.00532	0.00717
1	0.00706	0.00515	0.00724	0.00765	0.00829	0.00550	0.00555	0.00844	0.00915	0.01273	0.05294	0.30582	0.02277	0.09793	0.41220	0.00555	0.00876	0.00922	0.00368	0.00438
2	0.04883	0.06444	0.30511	0.01380	0.07261	0.07137	0.03202	0.11665	0.04608	0.11338	0.01139	0.01220	0.00825	0.00529	0.00483	0.00153	0.00643	0.00414	0.00342	0.05823
3	0.03532	0.01122	0.01194	0.01048	0.01352	0.01274	0.00822	0.12350	0.59174	0.05510	0.02000	0.05282	0.01540	0.00728	0.00529	0.00174	0.00430	0.00601	0.00526	0.00811
4	0.00728	0.00529	0.00687	0.00662	0.00781	0.00488	0.00496	0.00960	0.01426	0.02000	0.68601	0.08817	0.07757	0.01120	0.00620	0.00169	0.00256	0.02858	0.00562	0.00485
5	0.01144	0.01004	0.11347	0.25938	0.01956	0.00845	0.01030	0.01461	0.01292	0.15668	0.29938	0.02353	0.02371	0.00743	0.00553	0.00167	0.00491	0.00642	0.00432	0.00627
6	0.01416	0.01113	0.01945	0.13685	0.15299	0.01106	0.24009	0.05238	0.04398	0.17430	0.01526	0.04978	0.04183	0.00603	0.00559	0.00169	0.00635	0.00596	0.00376	0.00733
7	0.00983	0.00926	0.01562	0.80447	0.03587	0.01157	0.01446	0.01331	0.01041	0.01331	0.00926	0.01388	0.00694	0.00521	0.00521	0.00174	0.00694	0.00463	0.00231	0.00579
8	0.02210	0.00900	0.01197	0.00930	0.01316	0.00805	0.00764	0.04988	0.04745	0.69660	0.05352	0.01854	0.01446	0.00665	0.00528	0.00162	0.00438	0.00543	0.00632	0.00866
9	0.01321	0.01325	0.02779	0.02006	0.02494	0.01253	0.64732	0.01741	0.02562	0.08973	0.01194	0.03032	0.00902	0.00498	0.00632	0.00176	0.02740	0.00619	0.00308	0.00713
10	0.00633	0.00461	0.00597	0.00705	0.00750	0.00425	0.00475	0.00727	0.01016	0.01337	0.03113	0.73668	0.10978	0.01600	0.00660	0.00208	0.00298	0.01442	0.00483	0.00425
11	0.02336	0.00886	0.01209	0.00927	0.01329	0.00765	0.00765	0.02538	0.01491	0.78810	0.02055	0.01773	0.01289	0.00645	0.00524	0.00161	0.00443	0.00524	0.00645	0.00886
12	0.06089	0.01214	0.02456	0.01819	0.02245	0.01158	0.56273	0.03198	0.01211	0.01706	0.02869	0.11480	0.01282	0.00648	0.00606	0.00181	0.00743	0.03857	0.00315	0.00650
13	0.01175	0.01150	0.01901	0.18009	0.29272	0.01308	0.10180	0.01540	0.06519	0.01544	0.01017	0.02555	0.00855	0.00615	0.00818	0.00181	0.19896	0.00504	0.00269	0.00693
14	0.00734	0.00562	0.00694	0.00754	0.00891	0.00527	0.00620	0.00915	0.01162	0.01459	0.03745	0.06583	0.35024	0.03960	0.03944	0.00244	0.00422	0.36836	0.00468	0.00456
15	0.02302	0.00767	0.01093	0.19730	0.01599	0.00926	0.00866	0.05769	0.00993	0.01426	0.01224	0.01828	0.01102	0.09261	0.32547	0.00471	0.10481	0.00526	0.06569	0.00520
16	0.01112	0.18053	0.64231	0.01369	0.02076	0.01374	0.01724	0.01632	0.01091	0.01567	0.00894	0.01048	0.00661	0.00485	0.00464	0.00155	0.00728	0.00364	0.00220	0.00750
17	0.00781	0.00530	0.00721	0.00808	0.00894	0.00513	0.00617	0.00933	0.01075	0.04774	0.02771	0.44292	0.06193	0.01718	0.07698	0.00272	0.00459	0.24018	0.00471	0.00465
18	0.34527	0.00932	0.01015	0.00821	0.01181	0.00934	0.00676	0.04174	0.01265	0.43624	0.01500	0.01405	0.00998	0.00580	0.00438	0.00159	0.00422	0.00427	0.04179	0.00744
19	0.01048	0.00992	0.01679	0.64023	0.19503	0.01174	0.01479	0.01387	0.01072	0.01409	0.00937	0.01367	0.00722	0.00509	0.00520	0.00170	0.00678	0.00463	0.00237	0.00631
20	0.01202	0.18224	0.36231	0.01973	0.29161	0.01392	0.01599	0.01613	0.01122	0.01582	0.00908	0.01113	0.00720	0.00474	0.00470	0.00150	0.00673	0.00391	0.00234	0.00769
21	0.01059	0.06057	0.75766	0.01459	0.02215	0.01246	0.01880	0.01645	0.01098	0.01631	0.00926	0.01088	0.00660	0.00493	0.00488	0.00163	0.00761	0.00380	0.00220	0.00765
22	0.00944	0.03017	0.38003	0.01122	0.01537	0.00872	0.03212	0.01280	0.01046	0.04608	0.01687	0.28138	0.01731	0.07980	0.00769	0.01750	0.00571	0.00794	0.00335	0.00606
23	0.01228	0.10449	0.01783	0.32008	0.23615	0.05097	0.02602	0.02893	0.02994	0.04732	0.01136	0.05700	0.00971	0.00585	0.00509	0.00162	0.00628	0.01945	0.00288	0.00675
24	0.00900	0.00822	0.01096	0.20836	0.01677	0.06674	0.05563	0.01145	0.04199	0.01417	0.06280	0.36422	0.03530	0.04512	0.00687	0.00202	0.00498	0.02639	0.00390	0.00510
25	0.01034	0.00546	0.00553	0.00530	0.00670	0.00556	0.00403	0.05944	0.01177	0.02026	0.01671	0.01898	0.01307	0.00608	0.00374	0.00124	0.00263	0.00484	0.79322	0.00510
26	0.01088	0.14283	0.65941	0.01377	0.02084	0.01317	0.01738	0.01620	0.01102	0.01597	0.02744	0.01127	0.00762	0.00501	0.00474	0.00157	0.00726	0.00382	0.00229	0.00748
27	0.01305	0.01067	0.01566	0.44103	0.13892	0.02846	0.01283	0.10354	0.06142	0.08881	0.02770	0.01472	0.00936	0.00560	0.00522	0.00167	0.00624	0.00485	0.00334	0.00693
28	0.00634	0.00453	0.00604	0.00725	0.00755	0.00423	0.00483	0.00725	0.00997	0.01329	0.02870	0.81358	0.03444	0.01632	0.00665	0.00211	0.00302	0.01480	0.00483	0.00423
29	0.00723	0.00532	0.00677	0.00641	0.00770	0.00485	0.00481	0.00956	0.01442	0.02011	0.69900	0.04017	0.13237	0.01093	0.00614	0.00165	0.00248	0.00960	0.00563	0.00485
30	0.01101	0.01080	0.01515	0.03429	0.01372	0.01494	0.01089	0.01219	0.00804	0.01242	0.00764	0.01288	0.00765	0.04706	0.05024	0.00265	0.71581	0.00474	0.00234	0.00554
31	0.01118	0.19546	0.62795	0.01358	0.02059	0.01390	0.01705	0.01630	0.01091	0.01559	0.00890	0.01043	0.00662	0.00484	0.00461	0.00154	0.00724	0.00362	0.00221	0.00748
32	0.01229	0.01405	0.03073	0.02195	0.02722	0.01317	0.76558	0.01668	0.01229	0.01668	0.01054	0.01405	0.00790	0.00439	0.00615	0.00176	0.00878	0.00615	0.00263	0.00702
33	0.01139	0.01139	0.01595	0.01367	0.01367	0.01595	0.01139	0.01253	0.00798	0.01253	0.00684	0.01139	0.00684	0.00911	0.01709	0.00228	0.80745	0.00456	0.00228	0.00570
34	0.00638	0.00455	0.00603	0.00721	0.00750	0.00425	0.00479	0.00726	0.00991	0.01321	0.02837	0.79268	0.03403	0.03778	0.00718	0.00219	0.00308	0.01461	0.00479	0.00420
35	0.01229	0.01405	0.03073	0.02195	0.02722	0.01317	0.76558	0.01668	0.01229	0.01668	0.01054	0.01405	0.00790	0.00439	0.00615	0.00176	0.00878	0.00615	0.00263	0.00702
36	0.01216	0.01366	0.02856	0.02073	0.02523	0.01358	0.65490	0.01607	0.01166	0.01607	0.00999	0.01366	0.00775	0.00508	0.00775	0.00183	0.12599	0.00591	0.00258	0.00683
37	0.01229	0.01405	0.03073	0.02195	0.02722	0.01317	0.76558	0.01668	0.01229	0.01668	0.01054	0.01405	0.00790	0.00439	0.00615	0.00176	0.00878	0.00615	0.00263	0.00702
38	0.85377	0.01007	0.00765	0.00685	0.01007	0.01168	0.00564	0.01531	0.00886	0.02336	0.00725	0.00846	0.00564	0.00483	0.00322	0.00161	0.00403	0.00282	0.00322	0.00564
39	0.00905	0.00452	0.00678	0.00678	0.00678	0.00452	0.00452	0.00678	0.00678	0.00905	0.00905	0.01583	0.00905	0.01809	0.02035	0.84848	0.00452	0.00452	0.00226	0.00226
40	0.01780	0.01089	0.01272	0.01038	0.01368	0.01139	0.00855	0.39285	0.01855	0.21362	0.01675	0.02145	0.01334	0.02347	0.02427	0.03781	0.00532	0.11419	0.02527	0.00769
41	0.02336	0.00886	0.01209	0.00927	0.01329	0.00765	0.00765	0.02538	0.01491	0.78810	0.02055	0.01773	0.01289	0.00645	0.00524	0.00161	0.00443	0.00524	0.00645	0.00886
42	0.00743	0.00536	0.00705	0.00673	0.00796	0.00498	0.00512	0.00988	0.01458	0.02057	0.73745	0.04007	0.04801	0.01087	0.00620	0.00168	0.00259	0.05289	0.00568	0.00491
43	0.00729	0.00535	0.00685	0.00655	0.00783	0.00491	0.00497	0.00963	0.01432	0.01995	0.67366	0.04092	0.12392	0.01107	0.00619	0.00168	0.00258	0.04187	0.00560	0.00486
44	0.02336	0.00886	0.01209	0.00927	0.01329	0.00765	0.00765	0.02538	0.01491	0.78810	0.02055	0.01773	0.01289	0.00645	0.00524	0.00161	0.00443	0.00524	0.00645	0.00886
45	0.01945	0.02482	0.01476	0.01342	0.01610	0.79608	0.01006	0.02079	0.01476	0.01275	0.00805	0.00939	0.00671	0.00537	0.00470	0.00134	0.00939	0.00335	0.00268	0.00604
46	0.00793	0.00567	0.00784	0.00895	0.00997	0.00558	0.00748	0.01003	0.01175	0.01544	0.07210	0.20714	0.03198	0.01455	0.00702	0.00230	0.00431	0.56041	0.00486	0.00469
47	0.01045	0.02694	0.79000	0.01484	0.02254	0.01209	0.01924	0.01649	0.01099	0.01649	0.00935	0.01099	0.00660	0.00495	0.00495	0.00165	0.00770	0.00385	0.00220	0.00770
48	0.01392	0.82012	0.02729	0.00891	0.01337	0.02061	0.00891	0.01559	0.01058	0.01225	0.00724	0.00835	0.00668	0.00446	0.00334	0.00111	0.00557	0.00278	0.00223	0.00668
49	0.00826	0.00635	0.00799	0.00813	0.00939	0.00636	0.02688	0.01218	0.16333	0.03325	0.07291	0.48839	0.10970	0.01325	0.00625	0.00196	0.00336	0.01185	0.00495	0.00527
50	0.01022	0.00869	0.00922	0.00850	0.01088	0.00940	0.00654	0.01941	0.45293	0.01931	0.11859	0.03110	0.25521	0.00936	0.00566	0.00175	0.00347	0.00786	0.00521	0.00668
51	0.01436	0.12858	0.14115	0.01802	0.22981	0.20245	0.04346	0.05592	0.05966	0.01637	0.02573	0.01256	0.01891	0.00529	0.00485	0.00148	0.00695	0.00427	0.00289	0.00728
52	0.01107	0.02316	0.64389	0.01350	0.02019	0.01096	0.01677	0.01642	0.01171	0.07510	0.09652	0.01462	0.01183	0.00570	0.00510	0.00165	0.00686	0.00458	0.00291	0.00747
53	0.00757	0.00505	0.00568	0.00568	0.00568	0.00505	0.00316	0.00757	0.00757	0.01010	0.01641	0.03408	0.01893	0.81698	0.02651	0.00505	0.00505	0.00757	0.00316	0.00316
54	0.02877	0.01247	0.08509	0.29408	0.08168	0.01199	0.22339	0.05986	0.05972	0.01693	0.01142	0.03648	0.00896	0.00543	0.00538	0.00170	0.00686	0.00533	0.03773	0.00672
55	0.01155	0.12354	0.45240	0.01421	0.02021	0.01297	0.12075	0.07474	0.01214	0.01702	0.01126	0.06747	0.00944	0.00591	0.00510	0.00164	0.00703	0.02262	0.00274	0.00726
56	0.00983	0.00926	0.01562	0.80447	0.03587	0.01157	0.01446	0.01331	0.01041	0.01331	0.00926	0.01388	0.00694	0.00521	0.00521	0.00174	0.00694	0.00463	0.00231	0.00579
57	0.00853	0.00522	0.00597	0.00588	0.00646	0.00531	0.00386	0.02508	0.00926	0.01394	0.04710	0.02735	0.01728	0.41777	0.08259	0.04594	0.00489	0.00645	0.25719	0.00394
58	0.01221	0.03529	0.16955	0.13497	0.04965	0.12770	0.05917	0.01658	0.09483	0.01549	0.06445	0.01437	0.01088	0.00645	0.00751	0.00174	0.16483	0.00480	0.00293	0.00659
59	0.01528	0.13200	0.07409	0.01314	0.06580	0.41976	0.01028	0.01751	0.02976	0.01336	0.00980	0.02895	0.00858	0.01063	0.12670	0.00246	0.00896	0.00404	0.00270	0.00620
60	0.00757	0.00505	0.00568	0.00568	0.00568	0.00505	0.00316	0.00757	0.00757	0.01010	0.01641	0.03408	0.01893	0.81698	0.02651	0.00505	0.00505	0.00757	0.00316	0.00316
61	0.01306	0.12960	0.01149	0.02718	0.01080	0.16979	0.00652	0.08389	0.01260	0.01728	0.01308	0.01625	0.01093	0.07639	0.00599	0.00160	0.00495	0.00446	0.37850	0.00561
62	0.01249	0.04448	0.10872	0.21714	0.10986	0.02688	0.04509	0.13339	0.05081	0.05050	0.01368	0.12486	0.01209	0.02014	0.00568	0.00175	0.00601	0.00607	0.00349	0.00687
63	0.01552	0.00949	0.01094	0.04147	0.01268	0.07624	0.00746	0.10294	0.01440	0.28585	0.17326	0.02172	0.01937	0.04599	0.13585	0.00284	0.00629	0.00600	0.00493	0.00675
64	0.00753	0.00520	0.00646	0.00646	0.00673	0.00547	0.00413	0.00808	0.00780	0.01068	0.01569	0.03011	0.01721	0.59046	0.25067	0.00602	0.00764	0.00699	0.00305	0.00359
65	0.01234	0.38700	0.32832	0.07921	0.04342	0.04006	0.01374	0.01593	0.01090	0.01419	0.00835	0.01004	0.00672	0.00475	0.00424	0.00140	0.00667	0.00344	0.00225	0.00704
66	0.01102	0.09831	0.22416	0.34958	0.11836	0.01288	0.06592	0.01526	0.02814	0.01491	0.00949	0.01256	0.00725	0.00498	0.00500	0.00163	0.00697	0.00436	0.00240	0.00682
67	0.01158	0.01193	0.01897	0.01536	0.01644	0.01538	0.16524	0.01338	0.00886	0.01338	0.00759	0.01193	0.00705	0.00815	0.01486	0.00217	0.64453	0.00488	0.00235	0.00597
68	0.00655	0.00505	0.00691	0.00750	0.00826	0.00462	0.03566	0.00767	0.01040	0.01357	0.03217	0.64751	0.16416	0.01528	0.00654	0.00204	0.00319	0.01378	0.00474	0.00437
69	0.01121	0.07499	0.31824	0.18008	0.04332	0.01294	0.25393	0.01582	0.01128	0.01561	0.00957	0.01241	0.00712	0.00478	0.00527	0.00166	0.00770	0.00468	0.00237	0.00703
70	0.01114	0.01084	0.01860	0.19606	0.34260	0.02678	0.13067	0.01415	0.01145	0.01549	0.01368	0.11197	0.02776	0.00674	0.00560	0.00173	0.00631	0.03875	0.00294	0.00676
71	0.01046	0.00976	0.01550	0.61075	0.03043	0.01241	0.01353	0.04376	0.01050	0.01393	0.00907	0.01355	0.00716	0.00681	0.02739	0.00199	0.15007	0.00464	0.00244	0.00587
72	0.01262	0.12572	0.38549	0.01415	0.08282	0.01259	0.03022	0.07363	0.03660	0.06867	0.01210	0.01545	0.00960	0.00583	0.00494	0.00160	0.00641	0.05735	0.03677	0.00746
73	0.07190	0.05170	0.32299	0.01331	0.05038	0.04121	0.02551	0.27150	0.01567	0.02210	0.01273	0.01360	0.05297	0.00584	0.00494	0.00159	0.00641	0.00449	0.00349	0.00767
74	0.00899	0.00805	0.01347	0.01152	0.01300	0.00924	0.14097	0.01106	0.00895	0.01286	0.01226	0.01856	0.01139	0.07374	0.47625	0.00595	0.15027	0.00562	0.00270	0.00516
75	0.00817	0.00653	0.00974	0.01209	0.14037	0.00631	0.02571	0.00997	0.01118	0.01507	0.09101	0.36487	0.06077	0.04502	0.00723	0.00213	0.00409	0.17023	0.00440	0.00512
76	0.05148	0.28255	0.43871	0.01277	0.03667	0.04664	0.01454	0.01651	0.01102	0.03287	0.00878	0.01015	0.00677	0.00483	0.00435	0.00146	0.00679	0.00349	0.00238	0.00724
77	0.00653	0.00496	0.00626	0.00693	0.00779	0.00469	0.00497	0.00776	0.01037	0.01344	0.03354	0.44286	0.25016	0.01866	0.12242	0.00294	0.00458	0.04225	0.00453	0.00436
78	0.00634	0.00453	0.00604	0.00725	0.00755	0.00423	0.00483	0.00725	0.00997	0.01329	0.02870	0.81358	0.03444	0.01632	0.00665	0.00211	0.00302	0.01480	0.00483	0.00423
79	0.01114	0.01432	0.16183	0.32006	0.04666	0.06254	0.08186	0.01473	0.02491	0.01442	0.00969	0.03012	0.00786	0.00609	0.00739	0.00179	0.15375	0.00477	0.01975	0.00632
80	0.01809	0.05784	0.01513	0.01294	0.03276	0.51153	0.00982	0.14901	0.07912	0.01700	0.01015	0.01123	0.00813	0.00695	0.03643	0.00169	0.00826	0.00389	0.00332	0.00673
81	0.00757	0.00505	0.00568	0.00568	0.00568	0.00505	0.00316	0.00757	0.00757	0.01010	0.01641	0.03408	0.01893	0.81698	0.02651	0.00505	0.00505	0.00757	0.00316	0.00316
82	0.05621	0.36656	0.01918	0.02546	0.01417	0.09584	0.00866	0.10047	0.03048	0.16655	0.01097	0.01126	0.00836	0.00519	0.00416	0.00131	0.00557	0.00366	0.00360	0.06233
83	0.01362	0.46604	0.13156	0.01527	0.18646	0.03884	0.02743	0.01627	0.01121	0.03787	0.00860	0.01016	0.00724	0.00465	0.00412	0.00132	0.00614	0.00351	0.00245	0.00723
84	0.05072	0.58454	0.02320	0.00952	0.01367	0.07700	0.00887	0.12918	0.01292	0.01604	0.00834	0.00934	0.00714	0.00485	0.00373	0.00122	0.00573	0.00317	0.02395	0.00687
85	0.00634	0.00456	0.00601	0.00717	0.00753	0.00424	0.00480	0.00726	0.01005	0.01333	0.02968	0.78252	0.06487	0.01619	0.00663	0.00210	0.00301	0.01465	0.00483	0.00424
86	0.06461	0.01318	0.08463	0.14798	0.23636	0.02413	0.18631	0.04465	0.07459	0.01747	0.01268	0.01507	0.04407	0.00538	0.00531	0.00166	0.00660	0.00518	0.00298	0.00717
87	0.01190	0.01254	0.02500	0.08118	0.16765	0.01225	0.46917	0.01624	0.04438	0.01661	0.01227	0.01802	0.01020	0.00550	0.00595	0.00177	0.00760	0.07186	0.00290	0.00701
88	0.00634	0.00453	0.00604	0.00725	0.00755	0.00423	0.00483	0.00725	0.00997	0.01329	0.02870	0.81358	0.03444	0.01632	0.00665	0.00211	0.00302	0.01480	0.00483	0.00423
89	0.18869	0.01102	0.02810	0.00963	0.01361	0.01085	0.00809	0.22374	0.01620	0.41468	0.01547	0.01432	0.01022	0.00604	0.00482	0.00160	0.00477	0.00458	0.00538	0.00819
90	0.03537	0.13484	0.03864	0.41678	0.09962	0.01325	0.09289	0.01486	0.01082	0.04574	0.00943	0.01278	0.00732	0.00516	0.00548	0.00164	0.04192	0.00446	0.00255	0.00645
91	0.00615	0.00528	0.00528	0.00528	0.00703	0.00440	0.00396	0.00747	0.01187	0.01407	0.05276	0.05012	0.78238	0.01319	0.00615	0.00176	0.00264	0.01099	0.00484	0.00440
92	0.01085	0.00930	0.01082	0.00778	0.01237	0.00709	0.00622	0.01346	0.02920	0.01709	0.00954	0.01101	0.00791	0.00393	0.00389	0.00080	0.00386	0.00315	0.00314	0.82858
93	0.00615	0.00528	0.00528	0.00528	0.00703	0.00440	0.00396	0.00747	0.01187	0.01407	0.05276	0.05012	0.78238	0.01319	0.00615	0.00176	0.00264	0.01099	0.00484	0.00440
94	0.00634	0.00453	0.00604	0.00725	0.00755	0.00423	0.00483	0.00725	0.00997	0.01329	0.02870	0.81358	0.03444	0.01632	0.00665	0.00211	0.00302	0.01480	0.00483	0.00423
95	0.01266	0.01036	0.01180	0.00859	0.01313	0.00884	0.00694	0.16878	0.01362	0.02024	0.00993	0.01115	0.00795	0.00435	0.00414	0.00093	0.00424	0.00342	0.00352	0.67540
96	0.24340	0.04485	0.01219	0.00923	0.01304	0.04353	0.00758	0.18235	0.07128	0.18300	0.01254	0.01247	0.00901	0.00551	0.00439	0.00146	0.00475	0.00402	0.00440	0.13101
97	0.00634	0.00453	0.00604	0.00725	0.00755	0.00423	0.00483	0.00725	0.00997	0.01329	0.02870	0.81358	0.03444	0.01632	0.00665	0.00211	0.00302	0.01480	0.00483	0.00423
98	0.00813	0.00591	0.00803	0.00909	0.01035	0.00581	0.00788	0.01040	0.01197	0.01541	0.03049	0.05774	0.11725	0.01425	0.00707	0.00232	0.00455	0.66378	0.00480	0.00475
99	0.01515	0.04960	0.21139	0.01337	0.01858	0.03198	0.12250	0.27166	0.02944	0.07043	0.01138	0.01236	0.00825	0.00530	0.00504	0.00150	0.00642	0.00445	0.00372	0.10749
100	0.13451	0.01108	0.00994	0.00970	0.01124	0.20009	0.03460	0.01258	0.01111	0.01488	0.01874	0.38026	0.02087	0.01105	0.00617	0.00187	0.04245	0.05991	0.00387	0.00509
101	0.02336	0.00886	0.01209	0.00927	0.01329	0.00765	0.00765	0.02538	0.01491	0.78810	0.02055	0.01773	0.01289	0.00645	0.00524	0.00161	0.00443	0.00524	0.00645	0.00886
102	0.01082	0.06233	0.66818	0.01538	0.02265	0.01261	0.10366	0.01647	0.01112	0.01632	0.00938	0.01122	0.00675	0.00486	0.00501	0.00164	0.00772	0.00406	0.00225	0.00757

[dist]
# distance from previous block
# <min> <max>
0	1

[block]
# block no. 4 follows, 47 sequences, length 20
# corresponding to MSA columns:
# 1243-1262
name=unknown_E
#
# <colnr> <probs for GDERKNQSTAVLIFYWHMCP>
#	G	D	E	R	K	N	Q	S	T	A	V	L	I	F	Y	W	H	M	C	P
0	0.01540	0.01142	0.08988	0.32134	0.02481	0.01033	0.11177	0.01868	0.01244	0.31068	0.01376	0.01510	0.00931	0.00555	0.00532	0.00168	0.00630	0.00499	0.00393	0.00731
1	0.01220	0.37674	0.03794	0.00844	0.01306	0.01326	0.00774	0.01432	0.01071	0.01482	0.00835	0.00970	0.00722	0.00416	0.00365	0.00095	0.00473	0.00297	0.00267	0.44638
2	0.00753	0.00522	0.00654	0.00654	0.00684	0.00552	0.00423	0.00813	0.00783	0.01074	0.01562	0.02972	0.01704	0.56794	0.27296	0.00611	0.00790	0.00693	0.00304	0.00363
3	0.33964	0.01088	0.01272	0.01101	0.01227	0.01429	0.00915	0.01361	0.00832	0.01675	0.00700	0.01025	0.00637	0.00745	0.01169	0.00202	0.49438	0.00388	0.00265	0.00567
4	0.41526	0.00841	0.00856	0.00773	0.01047	0.00888	0.00637	0.01574	0.01152	0.17616	0.13669	0.02326	0.01795	0.00762	0.00473	0.00174	0.00398	0.12434	0.00453	0.00604
5	0.00757	0.00505	0.00568	0.00568	0.00568	0.00505	0.00316	0.00757	0.00757	0.01010	0.01641	0.03408	0.01893	0.81698	0.02651	0.00505	0.00505	0.00757	0.00316	0.00316
6	0.01431	0.76482	0.02642	0.00922	0.01356	0.07452	0.00899	0.01596	0.01087	0.01229	0.00730	0.00843	0.00668	0.00452	0.00344	0.00113	0.00583	0.00282	0.00226	0.00664
7	0.01098	0.15440	0.64036	0.01355	0.02050	0.01323	0.01705	0.01620	0.01093	0.01590	0.00926	0.01085	0.00684	0.00491	0.00464	0.00155	0.00718	0.00371	0.03053	0.00744
8	0.00742	0.00593	0.02976	0.00724	0.00837	0.00516	0.00544	0.00914	0.01159	0.01610	0.30446	0.27933	0.03462	0.11774	0.03655	0.00247	0.00376	0.06169	0.00471	0.04852
9	0.00690	0.00488	0.00642	0.00706	0.00740	0.00491	0.00472	0.00775	0.00900	0.01219	0.02243	0.44449	0.02596	0.23550	0.17145	0.00416	0.00577	0.01100	0.00397	0.00403
10	0.04697	0.21750	0.13996	0.01179	0.01569	0.31491	0.01083	0.01848	0.01246	0.09472	0.00937	0.01052	0.00741	0.00594	0.01850	0.00154	0.05026	0.00357	0.00289	0.00670
11	0.01510	0.17878	0.01787	0.09529	0.01772	0.28264	0.07773	0.01724	0.01243	0.05444	0.00914	0.01080	0.00737	0.00482	0.00446	0.00127	0.00691	0.00367	0.00283	0.17950
12	0.01481	0.36860	0.07728	0.01042	0.01451	0.08098	0.00963	0.17911	0.10551	0.01878	0.06411	0.01298	0.01120	0.00570	0.00440	0.00138	0.00569	0.00415	0.00352	0.00724
13	0.10837	0.29923	0.08003	0.04194	0.01342	0.04205	0.00853	0.05505	0.03890	0.01754	0.14293	0.01561	0.01485	0.00595	0.00428	0.00138	0.00490	0.00449	0.06192	0.03862
14	0.01114	0.04220	0.08593	0.00916	0.01171	0.10391	0.00785	0.04133	0.10268	0.05124	0.39299	0.05141	0.03047	0.00874	0.00562	0.00163	0.00440	0.02676	0.00479	0.00605
15	0.04761	0.07892	0.03182	0.00889	0.01121	0.05166	0.00691	0.10945	0.21764	0.04694	0.01560	0.02169	0.01408	0.30101	0.01270	0.00284	0.00516	0.00575	0.00399	0.00612
16	0.01668	0.01349	0.04162	0.01103	0.01426	0.14653	0.04364	0.21253	0.09028	0.17182	0.05794	0.04798	0.01405	0.08556	0.00735	0.00193	0.00581	0.00565	0.00461	0.00723
17	0.01621	0.06976	0.03647	0.14162	0.01804	0.06797	0.03801	0.12630	0.10913	0.22992	0.01574	0.06259	0.01217	0.00674	0.00522	0.00165	0.00561	0.02497	0.00447	0.00744
18	0.16503	0.01312	0.01711	0.01371	0.03844	0.04126	0.18166	0.27568	0.08972	0.02374	0.03958	0.01362	0.01002	0.00589	0.00571	0.00167	0.04778	0.00492	0.00398	0.00738
19	0.09013	0.04575	0.01802	0.06501	0.02917	0.06079	0.22146	0.05765	0.11992	0.12769	0.01385	0.06459	0.01103	0.00630	0.00586	0.00170	0.04455	0.00564	0.00383	0.00705

[dist]
# distance from previous block
# <min> <max>
19	87

[block]
# block no. 5 follows, 47 sequences, length 156
# corresponding to MSA columns:
# 1369-1421,1443-1545
name=unknown_F
#
# <colnr> <probs for GDERKNQSTAVLIFYWHMCP>
#	G	D	E	R	K	N	Q	S	T	A	V	L	I	F	Y	W	H	M	C	P
0	0.05379	0.08705	0.18042	0.01322	0.04299	0.08179	0.06096	0.29523	0.05652	0.02259	0.02973	0.01245	0.00910	0.00560	0.00491	0.00153	0.00638	0.00438	0.00372	0.02764
1	0.03865	0.03878	0.05539	0.01098	0.01395	0.05826	0.08102	0.24439	0.03693	0.02124	0.10766	0.20058	0.03285	0.00902	0.00564	0.00172	0.00517	0.02677	0.00445	0.00655
2	0.01674	0.01888	0.24166	0.03260	0.04230	0.16657	0.06197	0.17015	0.01529	0.16577	0.01195	0.01259	0.00842	0.00554	0.00510	0.00157	0.00702	0.00438	0.00375	0.00775
3	0.01267	0.05458	0.01783	0.40366	0.02683	0.01259	0.12970	0.11775	0.07007	0.06006	0.01191	0.03867	0.00918	0.00573	0.00531	0.00169	0.00652	0.00521	0.00328	0.00675
4	0.01431	0.00993	0.01516	0.31399	0.07432	0.03619	0.07809	0.01754	0.03603	0.24069	0.06959	0.01808	0.04052	0.00620	0.00538	0.00167	0.00584	0.00551	0.00401	0.00693
5	0.01199	0.01085	0.01618	0.10293	0.24068	0.01181	0.03674	0.03776	0.03870	0.03981	0.01210	0.01470	0.04999	0.00631	0.00794	0.00164	0.20093	0.00481	0.00299	0.15114
6	0.26046	0.01313	0.01346	0.09757	0.05919	0.15624	0.07610	0.07964	0.06108	0.01927	0.01077	0.04243	0.00882	0.00566	0.00455	0.00156	0.00590	0.00444	0.04736	0.03237
7	0.00634	0.00483	0.00585	0.00664	0.00747	0.00434	0.00464	0.00744	0.01069	0.01363	0.03698	0.52642	0.29280	0.01518	0.00649	0.00200	0.00294	0.03617	0.00483	0.00430
8	0.01872	0.01949	0.01467	0.01255	0.01578	0.42368	0.00977	0.27964	0.11797	0.02087	0.01132	0.01178	0.00866	0.00590	0.00495	0.00147	0.00743	0.00415	0.00390	0.00730
9	0.00634	0.00453	0.00604	0.00725	0.00755	0.00423	0.00483	0.00725	0.00997	0.01329	0.02870	0.81358	0.03444	0.01632	0.00665	0.00211	0.00302	0.01480	0.00483	0.00423
10	0.00641	0.00461	0.00621	0.02113	0.00805	0.00436	0.00500	0.00736	0.00998	0.01329	0.02836	0.79966	0.03396	0.01612	0.00662	0.00211	0.00309	0.01463	0.00479	0.00426
11	0.01286	0.29263	0.02954	0.01744	0.02243	0.01574	0.50407	0.01631	0.01170	0.01515	0.00940	0.01208	0.00748	0.00441	0.00518	0.00153	0.00767	0.00498	0.00249	0.00691
12	0.00905	0.00452	0.00678	0.00678	0.00678	0.00452	0.00452	0.00678	0.00678	0.00905	0.00905	0.01583	0.00905	0.01809	0.02035	0.84848	0.00452	0.00452	0.00226	0.00226
13	0.00615	0.00528	0.00528	0.00528	0.00703	0.00440	0.00396	0.00747	0.01187	0.01407	0.05276	0.05012	0.78238	0.01319	0.00615	0.00176	0.00264	0.01099	0.00484	0.00440
14	0.01800	0.01380	0.01453	0.01153	0.01536	0.02841	0.00939	0.58197	0.17689	0.02969	0.01535	0.01494	0.03247	0.00660	0.00525	0.00161	0.00538	0.00509	0.00517	0.00856
15	0.02103	0.01261	0.01440	0.01104	0.01516	0.01321	0.00912	0.51078	0.02117	0.29385	0.01528	0.01431	0.01025	0.00632	0.00522	0.00158	0.00528	0.00488	0.00564	0.00886
16	0.01359	0.05603	0.01765	0.02190	0.41684	0.06675	0.01274	0.13218	0.01398	0.01864	0.01347	0.02140	0.01244	0.00686	0.00544	0.00168	0.00603	0.15156	0.00341	0.00742
17	0.25572	0.03905	0.50393	0.01331	0.05994	0.01218	0.01488	0.01610	0.01041	0.01842	0.00871	0.01030	0.00641	0.00489	0.00442	0.00162	0.00650	0.00357	0.00252	0.00711
18	0.30780	0.01972	0.01230	0.01115	0.01402	0.52499	0.00853	0.01890	0.01272	0.01642	0.00777	0.00907	0.00634	0.00518	0.00419	0.00143	0.00754	0.00317	0.00287	0.00590
19	0.01183	0.01285	0.02482	0.07194	0.02331	0.01398	0.46516	0.01508	0.01074	0.01508	0.00922	0.01316	0.00748	0.00601	0.00971	0.00193	0.27319	0.00552	0.00249	0.00650
20	0.04410	0.02779	0.03112	0.07030	0.11540	0.17451	0.00937	0.10011	0.02611	0.05392	0.01592	0.24591	0.01590	0.00982	0.03438	0.00194	0.00605	0.00730	0.00379	0.00626
21	0.01709	0.01010	0.01252	0.10886	0.01626	0.01067	0.00881	0.07019	0.31064	0.33144	0.03436	0.01802	0.01381	0.00661	0.00527	0.00168	0.00466	0.00547	0.00539	0.00816
22	0.00634	0.00453	0.00604	0.00725	0.00755	0.00423	0.00483	0.00725	0.00997	0.01329	0.02870	0.81358	0.03444	0.01632	0.00665	0.00211	0.00302	0.01480	0.00483	0.00423
23	0.01223	0.01333	0.05384	0.05551	0.36961	0.01259	0.33009	0.01590	0.01184	0.01652	0.01094	0.01413	0.02521	0.00489	0.00593	0.00167	0.03030	0.00538	0.00262	0.00746
24	0.00914	0.00833	0.01326	0.38886	0.02330	0.00935	0.07742	0.01290	0.08011	0.01458	0.03245	0.19548	0.09613	0.00869	0.00573	0.00182	0.00545	0.00788	0.00349	0.00561
25	0.00822	0.00587	0.00820	0.00940	0.01052	0.00585	0.00810	0.01050	0.01182	0.01540	0.02767	0.12060	0.03034	0.01454	0.00715	0.00237	0.00465	0.68924	0.00480	0.00475
26	0.01941	0.00968	0.01157	0.00912	0.01258	0.00953	0.00745	0.23886	0.01685	0.40371	0.01744	0.01656	0.01181	0.00631	0.00489	0.00151	0.00438	0.00500	0.18534	0.00800
27	0.01274	0.39039	0.39747	0.01182	0.01782	0.01576	0.01387	0.01656	0.01102	0.05630	0.00898	0.01015	0.00698	0.00480	0.00423	0.00140	0.00654	0.00343	0.00244	0.00729
28	0.01163	0.02666	0.68819	0.01466	0.02169	0.11505	0.01804	0.01706	0.01149	0.01600	0.00918	0.01078	0.00661	0.00500	0.00491	0.00161	0.00792	0.00378	0.00226	0.00748
29	0.00971	0.00485	0.00485	0.00485	0.00607	0.00485	0.00364	0.01213	0.01092	0.01942	0.01699	0.01942	0.01335	0.00607	0.00364	0.00121	0.00243	0.00485	0.84589	0.00485
30	0.00967	0.00908	0.02883	0.24007	0.01764	0.05109	0.00867	0.01415	0.14017	0.02984	0.11857	0.02945	0.25517	0.00880	0.00562	0.00172	0.00466	0.01690	0.00414	0.00576
31	0.01009	0.01057	0.02059	0.16232	0.02298	0.01032	0.40435	0.01343	0.01182	0.01545	0.04214	0.05795	0.17971	0.00717	0.00600	0.00177	0.00666	0.00740	0.00324	0.00604
32	0.53118	0.01614	0.15546	0.00964	0.01359	0.16668	0.00906	0.01661	0.01043	0.01998	0.00780	0.00912	0.00603	0.00496	0.00384	0.00157	0.00577	0.00312	0.00292	0.00610
33	0.00639	0.00473	0.00598	0.00695	0.00757	0.00433	0.00480	0.00743	0.01042	0.01353	0.03341	0.63397	0.18199	0.01562	0.00657	0.00206	0.00301	0.04211	0.00483	0.00428
34	0.12080	0.35587	0.23630	0.01097	0.01590	0.10290	0.01155	0.03813	0.01140	0.03126	0.00834	0.00957	0.00672	0.00490	0.00420	0.00139	0.01710	0.00328	0.00257	0.00686
35	0.01159	0.01008	0.01408	0.01619	0.23741	0.01048	0.05048	0.01865	0.29019	0.04108	0.12963	0.02361	0.10903	0.00744	0.00552	0.00168	0.00457	0.00663	0.00440	0.00726
36	0.00751	0.00502	0.00570	0.00576	0.00578	0.00500	0.00325	0.00756	0.00770	0.01027	0.01707	0.07626	0.01977	0.77366	0.02543	0.00489	0.00494	0.00796	0.00325	0.00321
