[name]
unknown

[dist]
# distance from previous block
# <min> <max>
11	834

[block]
# block no. 0 follows, 51 sequences, length 9
# corresponding to MSA columns:
# 951-959
name=unknown_A
#
# <colnr> <probs for GDERKNQSTAVLIFYWHMCP>
#	G	D	E	R	K	N	Q	S	T	A	V	L	I	F	Y	W	H	M	C	P
0	0.01224	0.21824	0.18701	0.01099	0.01529	0.01307	0.07478	0.09805	0.15569	0.04678	0.01535	0.01659	0.07795	0.00604	0.00465	0.00148	0.00540	0.03012	0.00341	0.00686
1	0.01081	0.01322	0.12836	0.01152	0.01463	0.11097	0.12084	0.05705	0.04688	0.01503	0.01935	0.02119	0.19149	0.00874	0.04247	0.00190	0.11302	0.02441	0.00320	0.04491
2	0.01117	0.32067	0.37377	0.01124	0.01626	0.04009	0.01276	0.01454	0.01016	0.01351	0.01037	0.01171	0.05494	0.00532	0.00513	0.00142	0.07445	0.00372	0.00226	0.00651
3	0.08021	0.14038	0.28443	0.01171	0.01585	0.11948	0.03608	0.03271	0.01089	0.04040	0.05758	0.01164	0.00901	0.00561	0.00605	0.00152	0.12354	0.00390	0.00265	0.00636
4	0.01022	0.15185	0.61158	0.01270	0.01896	0.01221	0.01574	0.01498	0.01039	0.01485	0.00995	0.01377	0.00809	0.00534	0.00461	0.00154	0.00671	0.06734	0.00229	0.00688
5	0.01337	0.62394	0.15430	0.00937	0.01405	0.01704	0.00994	0.01566	0.01041	0.08102	0.00826	0.00907	0.00680	0.00445	0.00356	0.00118	0.00550	0.00300	0.00244	0.00665
6	0.01406	0.01061	0.03441	0.00997	0.01304	0.01123	0.00814	0.09025	0.52284	0.14895	0.01923	0.01958	0.01453	0.00688	0.00509	0.00166	0.00421	0.05257	0.00506	0.00771
7	0.01153	0.00975	0.01151	0.00862	0.01235	0.00897	0.00700	0.12653	0.01176	0.01768	0.00889	0.01050	0.00733	0.00463	0.00549	0.00103	0.11210	0.00332	0.00311	0.61789
8	0.09801	0.01036	0.01626	0.24172	0.02062	0.01253	0.14154	0.01300	0.00911	0.01399	0.00787	0.01153	0.00658	0.00609	0.00912	0.00177	0.31912	0.00433	0.00235	0.05409

[dist]
# distance from previous block
# <min> <max>
0	4

[block]
# block no. 1 follows, 51 sequences, length 10
# corresponding to MSA columns:
# 964-973
name=unknown_B
#
# <colnr> <probs for GDERKNQSTAVLIFYWHMCP>
#	G	D	E	R	K	N	Q	S	T	A	V	L	I	F	Y	W	H	M	C	P
0	0.00876	0.00724	0.01116	0.01491	0.26495	0.00711	0.00895	0.01102	0.01154	0.01591	0.19416	0.16508	0.02640	0.01009	0.00585	0.00179	0.00418	0.22133	0.00405	0.00552
1	0.00635	0.00485	0.00529	0.00536	0.00632	0.00438	0.00363	0.00725	0.00995	0.01252	0.09787	0.10697	0.41614	0.27765	0.01210	0.00269	0.00325	0.00950	0.00412	0.00379
2	0.01123	0.01069	0.01377	0.01196	0.01286	0.01413	0.00978	0.01648	0.26142	0.01467	0.01086	0.01322	0.00923	0.00797	0.01251	0.00199	0.55329	0.00471	0.00308	0.00616
3	0.00752	0.00602	0.00689	0.00676	0.00839	0.00586	0.00529	0.01132	0.14126	0.01652	0.25151	0.04070	0.33885	0.01098	0.00582	0.00172	0.00298	0.12181	0.00487	0.00495
4	0.00885	0.00642	0.00802	0.00668	0.00903	0.00540	0.00517	0.01110	0.01271	0.06218	0.49515	0.02696	0.03173	0.00774	0.00505	0.00128	0.00285	0.00672	0.00463	0.28232
5	0.01177	0.01157	0.01091	0.00832	0.01233	0.16103	0.00653	0.01377	0.01091	0.01524	0.00852	0.00993	0.00710	0.00391	0.00379	0.00083	0.00465	0.00296	0.00284	0.69309
6	0.01158	0.04557	0.50109	0.01698	0.16988	0.11725	0.03870	0.01599	0.01103	0.01508	0.00871	0.01053	0.00658	0.00464	0.00466	0.00149	0.00717	0.00375	0.00222	0.00711
7	0.01414	0.01344	0.01223	0.01191	0.07739	0.21358	0.00856	0.07502	0.34535	0.06163	0.01800	0.01820	0.07761	0.00664	0.00495	0.00154	0.00534	0.02337	0.00417	0.00694
8	0.23777	0.17374	0.01460	0.00999	0.01322	0.31224	0.00817	0.14718	0.01328	0.01779	0.00797	0.00895	0.00641	0.00491	0.00390	0.00133	0.00625	0.00314	0.00299	0.00617
9	0.01073	0.01546	0.27315	0.20953	0.36501	0.01141	0.01575	0.01464	0.01060	0.01507	0.00899	0.01180	0.00699	0.00460	0.00481	0.00153	0.00647	0.00413	0.00226	0.00707

[dist]
# distance from previous block
# <min> <max>
0	29

[block]
# block no. 2 follows, 51 sequences, length 61
# corresponding to MSA columns:
# 1003-1063
name=unknown_C
#
# <colnr> <probs for GDERKNQSTAVLIFYWHMCP>
#	G	D	E	R	K	N	Q	S	T	A	V	L	I	F	Y	W	H	M	C	P
0	0.02025	0.00896	0.01232	0.00957	0.01313	0.00840	0.03600	0.04049	0.06706	0.65398	0.01816	0.01625	0.01177	0.00619	0.00563	0.00157	0.05160	0.00497	0.00562	0.00809
1	0.00968	0.00948	0.01690	0.67063	0.03196	0.01127	0.12900	0.01301	0.01002	0.01301	0.00885	0.01305	0.00668	0.00491	0.00540	0.00166	0.03203	0.00458	0.00223	0.00563
2	0.00854	0.00427	0.00640	0.00640	0.00640	0.00427	0.00427	0.00640	0.00640	0.00854	0.00854	0.01494	0.00854	0.01707	0.01921	0.85702	0.00427	0.00427	0.00213	0.00213
3	0.01836	0.02342	0.01393	0.01266	0.01519	0.80756	0.00950	0.01962	0.01393	0.01203	0.00760	0.00886	0.00633	0.00506	0.00443	0.00127	0.00886	0.00317	0.00253	0.00570
4	0.01075	0.01075	0.01505	0.01290	0.01290	0.01505	0.01075	0.01183	0.00753	0.01183	0.00645	0.01075	0.00645	0.00860	0.01613	0.00215	0.81830	0.00430	0.00215	0.00538
5	0.00581	0.00498	0.00498	0.00498	0.00664	0.00415	0.00373	0.00705	0.01120	0.01328	0.04978	0.04729	0.79464	0.01245	0.00581	0.00166	0.00249	0.01037	0.00456	0.00415
6	0.01019	0.02128	0.59274	0.01369	0.01988	0.01100	0.09167	0.01604	0.06946	0.02891	0.06919	0.01335	0.01013	0.00520	0.00490	0.00157	0.00669	0.00441	0.00265	0.00706
7	0.01332	0.80264	0.02535	0.00855	0.01270	0.04642	0.00845	0.01488	0.01012	0.01158	0.00686	0.00792	0.00631	0.00423	0.00320	0.00106	0.00538	0.00265	0.00212	0.00629
8	0.00599	0.00428	0.00570	0.00684	0.00713	0.00399	0.00456	0.00684	0.00941	0.01254	0.02709	0.82409	0.03250	0.01540	0.00627	0.00200	0.00285	0.01397	0.00456	0.00399
9	0.01314	0.83025	0.02575	0.00841	0.01261	0.01945	0.00841	0.01472	0.00999	0.01156	0.00683	0.00788	0.00631	0.00420	0.00315	0.00105	0.00526	0.00263	0.00210	0.00631
10	0.01839	0.01348	0.01443	0.01110	0.01494	0.01491	0.00916	0.75637	0.02271	0.03058	0.01193	0.01200	0.00849	0.00589	0.00487	0.00146	0.00531	0.00443	0.03131	0.00824
11	0.00715	0.00476	0.00536	0.00536	0.00536	0.00476	0.00298	0.00715	0.00715	0.00953	0.01548	0.03216	0.01787	0.82729	0.02501	0.00476	0.00476	0.00715	0.00298	0.00298
12	0.00715	0.00476	0.00536	0.00536	0.00536	0.00476	0.00298	0.00715	0.00715	0.00953	0.01548	0.03216	0.01787	0.82729	0.02501	0.00476	0.00476	0.00715	0.00298	0.00298
13	0.01455	0.01191	0.01310	0.13209	0.01694	0.04417	0.00929	0.29808	0.34754	0.03732	0.01482	0.01477	0.01092	0.00605	0.00493	0.00157	0.00504	0.00486	0.00447	0.00757
14	0.00948	0.00894	0.01510	0.76142	0.08636	0.01097	0.01375	0.01273	0.00992	0.01280	0.00877	0.01304	0.00664	0.00488	0.00491	0.00163	0.00650	0.00437	0.00220	0.00562
15	0.00734	0.00538	0.00712	0.00778	0.00897	0.00516	0.00651	0.00940	0.01173	0.01539	0.18089	0.08062	0.14764	0.01278	0.00642	0.00202	0.00372	0.47196	0.00471	0.00447
16	0.00702	0.00527	0.00790	0.00790	0.00878	0.00614	0.00614	0.00878	0.00790	0.01141	0.01316	0.01931	0.01229	0.03686	0.80782	0.00790	0.01316	0.00527	0.00263	0.00439
17	0.01208	0.01307	0.01637	0.04718	0.10266	0.20609	0.21429	0.01493	0.03888	0.01472	0.03911	0.01779	0.11392	0.00616	0.00560	0.00152	0.04682	0.00545	0.07746	0.00589
18	0.00702	0.00527	0.00790	0.00790	0.00878	0.00614	0.00614	0.00878	0.00790	0.01141	0.01316	0.01931	0.01229	0.03686	0.80782	0.00790	0.01316	0.00527	0.00263	0.00439
19	0.01102	0.01154	0.01944	0.01536	0.01692	0.01423	0.25229	0.01306	0.00881	0.01306	0.00755	0.01154	0.00677	0.00720	0.01288	0.00200	0.56356	0.00477	0.00226	0.00577
20	0.01160	0.01326	0.02900	0.02071	0.02568	0.01243	0.77879	0.01574	0.01160	0.01574	0.00994	0.01326	0.00746	0.00414	0.00580	0.00166	0.00829	0.00580	0.00249	0.00663
21	0.01231	0.01195	0.01981	0.02976	0.77858	0.03007	0.01495	0.01519	0.01125	0.01596	0.00921	0.01209	0.00775	0.00439	0.00486	0.00146	0.00591	0.00435	0.00243	0.00774
22	0.10966	0.01071	0.01413	0.01210	0.01259	0.01459	0.01007	0.03904	0.00817	0.01368	0.00668	0.01047	0.00639	0.00804	0.01422	0.00205	0.69546	0.00411	0.00235	0.00547
23	0.86201	0.00950	0.00722	0.00646	0.00950	0.01102	0.00532	0.01445	0.00836	0.02205	0.00684	0.00798	0.00532	0.00456	0.00304	0.00152	0.00380	0.00266	0.00304	0.00532
24	0.00729	0.00501	0.00575	0.00566	0.00566	0.00518	0.00329	0.00734	0.00716	0.00962	0.01512	0.03129	0.01740	0.79421	0.02465	0.00466	0.03764	0.00703	0.00294	0.00307
25	0.01099	0.00960	0.01296	0.14216	0.10218	0.05339	0.05884	0.12010	0.08031	0.01615	0.04634	0.03834	0.01213	0.05924	0.18355	0.03201	0.00731	0.00531	0.00323	0.00585
26	0.00687	0.00502	0.00646	0.00610	0.00729	0.00460	0.00457	0.00912	0.01372	0.01925	0.74160	0.03745	0.09910	0.01022	0.00580	0.00155	0.00233	0.00899	0.00535	0.00460
27	0.00649	0.00520	0.00593	0.00630	0.00779	0.00464	0.00509	0.00807	0.01124	0.01374	0.04207	0.04994	0.54586	0.01281	0.00613	0.00186	0.00315	0.25488	0.00455	0.00427
28	0.00885	0.00586	0.00764	0.00763	0.00901	0.00571	0.00608	0.01180	0.07088	0.08170	0.33807	0.09377	0.03320	0.04401	0.00680	0.00195	0.00344	0.25358	0.00499	0.00503
29	0.00623	0.00448	0.00593	0.00675	0.00726	0.00417	0.00467	0.00742	0.01038	0.01402	0.17703	0.63353	0.04793	0.01425	0.00619	0.00191	0.00279	0.03621	0.00473	0.00414
30	0.01258	0.39137	0.12140	0.01365	0.01837	0.07257	0.27568	0.01553	0.01087	0.01353	0.00820	0.01011	0.00670	0.00430	0.00434	0.00134	0.00681	0.00388	0.00226	0.00649
31	0.01025	0.02107	0.57374	0.01749	0.20363	0.01119	0.01677	0.01508	0.01043	0.01545	0.00916	0.01129	0.00693	0.00636	0.04873	0.00188	0.00725	0.00390	0.00219	0.00723
32	0.00719	0.00536	0.00660	0.00675	0.00788	0.00509	0.00509	0.03504	0.02988	0.01605	0.28395	0.21614	0.18073	0.05079	0.00692	0.00193	0.00306	0.12228	0.00478	0.00450
33	0.00672	0.00462	0.00564	0.00616	0.00633	0.00450	0.00388	0.00719	0.00828	0.01102	0.02072	0.35147	0.02432	0.45664	0.01649	0.00352	0.00398	0.05134	0.00370	0.00347
34	0.07530	0.06147	0.26396	0.01691	0.02239	0.01240	0.44518	0.01553	0.01089	0.01593	0.00919	0.01168	0.00686	0.00434	0.00510	0.00158	0.00747	0.00472	0.00238	0.00671
35	0.00629	0.00451	0.00597	0.00664	0.00720	0.00419	0.00459	0.00761	0.01082	0.01480	0.26828	0.57647	0.03686	0.01371	0.00612	0.00185	0.00268	0.01237	0.00483	0.00419
36	0.00652	0.00456	0.00546	0.00598	0.00642	0.00431	0.00388	0.00725	0.00907	0.01212	0.04636	0.40118	0.12884	0.28073	0.01221	0.00281	0.00339	0.01067	0.04451	0.00373
37	0.01036	0.01656	0.30543	0.01687	0.05846	0.01103	0.37138	0.01472	0.01127	0.01583	0.06566	0.01564	0.05284	0.00521	0.00535	0.00160	0.00707	0.00541	0.00265	0.00664
38	0.00702	0.00477	0.00534	0.00536	0.00550	0.00470	0.00307	0.00713	0.00750	0.00988	0.01833	0.05091	0.07680	0.74776	0.02315	0.00447	0.00455	0.00754	0.00313	0.00309
39	0.28463	0.00744	0.00786	0.00700	0.00937	0.00766	0.00558	0.01450	0.06513	0.15422	0.27028	0.02427	0.07878	0.00768	0.00475	0.00158	0.00332	0.03564	0.00464	0.00568
40	0.00697	0.00469	0.00541	0.00558	0.00563	0.00465	0.00322	0.00710	0.00749	0.00998	0.01723	0.15165	0.02007	0.70479	0.02219	0.00435	0.00448	0.00818	0.00322	0.00313
41	0.00691	0.00499	0.00655	0.00633	0.00742	0.00462	0.00474	0.00912	0.01348	0.01900	0.71026	0.09675	0.04471	0.01057	0.00587	0.00160	0.00243	0.03474	0.00532	0.00458
42	0.00674	0.00499	0.00630	0.00603	0.00723	0.00454	0.00450	0.00884	0.01333	0.01846	0.65184	0.06893	0.15881	0.01062	0.00582	0.00158	0.00236	0.00931	0.00525	0.00454
43	0.03718	0.00490	0.00654	0.00644	0.00699	0.00488	0.00451	0.00813	0.03496	0.01243	0.19320	0.04698	0.04935	0.04400	0.01418	0.49726	0.00370	0.01791	0.00326	0.00322
44	0.00626	0.00439	0.00562	0.00649	0.00670	0.00418	0.00418	0.00692	0.00887	0.01182	0.02431	0.63447	0.02900	0.20979	0.01076	0.00266	0.00331	0.01234	0.00418	0.00375
45	0.00628	0.00488	0.00566	0.00604	0.00705	0.00444	0.00426	0.00784	0.03676	0.01369	0.11399	0.35759	0.34504	0.05468	0.00694	0.00194	0.00278	0.01134	0.00458	0.00420
46	0.01158	0.00916	0.00996	0.00895	0.01145	0.01012	0.00694	0.04704	0.52909	0.06482	0.10443	0.05114	0.09834	0.00786	0.00521	0.00165	0.00361	0.00662	0.00504	0.00700
47	0.00721	0.00515	0.00636	0.00629	0.00682	0.00539	0.00422	0.00846	0.03662	0.01143	0.07524	0.02917	0.06088	0.46648	0.24450	0.00513	0.00681	0.00686	0.00322	0.00374
48	0.01156	0.00742	0.00912	0.00844	0.01052	0.00756	0.00677	0.04904	0.19814	0.15761	0.23101	0.06953	0.02650	0.00940	0.00566	0.00175	0.00367	0.17497	0.00517	0.00615
49	0.00990	0.00650	0.00782	0.00742	0.00889	0.00655	0.00558	0.03516	0.14201	0.09790	0.13044	0.07493	0.09420	0.17140	0.01050	0.06686	0.00384	0.11060	0.00443	0.00506
50	0.01309	0.01471	0.01340	0.01191	0.01296	0.31506	0.00940	0.01424	0.00998	0.01174	0.00803	0.01203	0.00759	0.05484	0.08845	0.00251	0.38826	0.00412	0.00239	0.00527
51	0.00911	0.00458	0.00460	0.00460	0.00572	0.00458	0.00342	0.01135	0.01023	0.01812	0.01602	0.01864	0.01272	0.02452	0.00393	0.00123	0.00235	0.00464	0.83509	0.00454
52	0.00623	0.00495	0.00560	0.00554	0.00693	0.00431	0.00412	0.00784	0.01206	0.01555	0.31713	0.09694	0.47182	0.01178	0.00584	0.00164	0.00245	0.01008	0.00487	0.00431
53	0.01427	0.24442	0.01785	0.19864	0.07073	0.32201	0.01054	0.03039	0.01176	0.01264	0.00782	0.00988	0.00651	0.00482	0.00441	0.00132	0.02022	0.00342	0.00236	0.00600
54	0.00801	0.00661	0.00935	0.00879	0.00931	0.00823	0.00684	0.00931	0.00768	0.01122	0.01179	0.01911	0.01165	0.15348	0.48025	0.00592	0.22016	0.00531	0.00256	0.00442
55	0.08399	0.37288	0.05829	0.05373	0.01497	0.01415	0.07110	0.05588	0.02210	0.04195	0.00853	0.00983	0.00694	0.00438	0.00380	0.00118	0.00520	0.00330	0.00270	0.16509
56	0.00750	0.00589	0.02498	0.00694	0.02610	0.00512	0.00531	0.00982	0.02730	0.04378	0.46081	0.03871	0.24642	0.01050	0.00578	0.00163	0.00280	0.06083	0.00499	0.00481
57	0.00599	0.00428	0.00570	0.00684	0.00713	0.00399	0.00456	0.00684	0.00941	0.01254	0.02709	0.82409	0.03250	0.01540	0.00627	0.00200	0.00285	0.01397	0.00456	0.00399
58	0.00747	0.05000	0.00648	0.00553	0.00576	0.00557	0.00328	0.00756	0.00730	0.00964	0.01501	0.03083	0.01723	0.78219	0.02381	0.00456	0.00479	0.00690	0.00293	0.00316
59	0.50406	0.01030	0.01092	0.21574	0.10417	0.05387	0.00876	0.01431	0.00935	0.01842	0.00763	0.00980	0.00597	0.00466	0.00380	0.00153	0.00500	0.00332	0.00273	0.00565
60	0.01367	0.42298	0.19614	0.01086	0.01521	0.21795	0.01093	0.01608	0.01101	0.01258	0.00746	0.00877	0.00630	0.00464	0.00417	0.00125	0.02843	0.00303	0.00221	0.00634

[dist]
# distance from previous block
# <min> <max>
0	12

[block]
# block no. 3 follows, 51 sequences, length 156
# corresponding to MSA columns:
# 1076-1231
name=unknown_D
#
# <colnr> <probs for GDERKNQSTAVLIFYWHMCP>
#	G	D	E	R	K	N	Q	S	T	A	V	L	I	F	Y	W	H	M	C	P
0	0.02670	0.06942	0.09959	0.11185	0.04199	0.01178	0.01034	0.02907	0.03293	0.04642	0.03619	0.06122	0.01000	0.00680	0.00841	0.00165	0.27543	0.00472	0.00282	0.11267
1	0.01426	0.03464	0.01260	0.01047	0.01343	0.06685	0.00832	0.17750	0.50282	0.04839	0.01660	0.01574	0.01241	0.00639	0.00531	0.00160	0.03535	0.00502	0.00467	0.00764
2	0.01183	0.01134	0.01935	0.11996	0.70942	0.01159	0.01492	0.01479	0.01103	0.01565	0.00919	0.01227	0.00764	0.00444	0.00487	0.00148	0.00592	0.00438	0.00240	0.00752
3	0.00848	0.00684	0.00788	0.00735	0.00911	0.00715	0.00562	0.01434	0.26550	0.01819	0.34773	0.03120	0.16574	0.01150	0.06932	0.00211	0.00372	0.00777	0.00491	0.00556
4	0.01351	0.01078	0.01206	0.01094	0.04261	0.01222	0.00836	0.17676	0.48982	0.05309	0.01759	0.03050	0.01361	0.00757	0.02512	0.00181	0.03191	0.02938	0.00475	0.00759
5	0.00591	0.00456	0.00541	0.00608	0.00693	0.00406	0.00422	0.00693	0.01014	0.01284	0.03633	0.50781	0.34282	0.01419	0.00608	0.00186	0.00270	0.01251	0.00456	0.00406
6	0.12860	0.06800	0.05685	0.06623	0.03885	0.12048	0.00948	0.35496	0.01623	0.03263	0.00972	0.01063	0.00728	0.00519	0.00440	0.00140	0.00572	0.00377	0.00365	0.05592
7	0.01299	0.80748	0.02526	0.00843	0.01255	0.01906	0.00840	0.01459	0.01002	0.01165	0.00736	0.00920	0.00691	0.00446	0.00325	0.00108	0.00524	0.02364	0.00217	0.00626
8	0.01063	0.00584	0.00772	0.00678	0.00860	0.00526	0.00525	0.01282	0.01388	0.21081	0.58592	0.03207	0.05634	0.00913	0.00559	0.00154	0.00278	0.00796	0.00555	0.00554
9	0.01937	0.00512	0.00623	0.00666	0.00786	0.00474	0.00521	0.00837	0.01126	0.01467	0.15815	0.17605	0.30592	0.02617	0.00644	0.00192	0.00315	0.22376	0.00464	0.00431
10	0.00656	0.00520	0.00638	0.00678	0.02369	0.00498	0.00494	0.00814	0.02199	0.01311	0.06305	0.14465	0.38218	0.05137	0.18445	0.00324	0.00521	0.05570	0.00406	0.00430
11	0.13600	0.02749	0.01132	0.00851	0.01239	0.05302	0.00688	0.17749	0.05448	0.03571	0.00983	0.01066	0.00766	0.00455	0.00396	0.00110	0.00438	0.00339	0.00349	0.42767
12	0.01122	0.00900	0.01040	0.02225	0.01187	0.00975	0.00733	0.09542	0.32202	0.03572	0.16891	0.03537	0.02046	0.00776	0.00579	0.00161	0.04792	0.07554	0.00462	0.09707
13	0.33682	0.11232	0.06986	0.08815	0.01485	0.01302	0.00863	0.22474	0.01314	0.05111	0.00903	0.01006	0.00675	0.00497	0.00395	0.00145	0.00495	0.00347	0.00340	0.01934
14	0.01079	0.02003	0.48721	0.01721	0.11050	0.01145	0.20359	0.01563	0.01093	0.03500	0.02570	0.01199	0.00768	0.00465	0.00500	0.00157	0.00717	0.00439	0.00238	0.00714
15	0.00915	0.00457	0.00461	0.00461	0.00574	0.00457	0.00345	0.01136	0.01023	0.01814	0.01589	0.01826	0.01252	0.00594	0.00373	0.01706	0.00233	0.00457	0.83872	0.00453
16	0.02605	0.00643	0.00879	0.00831	0.04146	0.00607	0.03166	0.01213	0.01219	0.17274	0.28332	0.11795	0.17389	0.01075	0.03685	0.00188	0.03102	0.00825	0.00481	0.00544
17	0.01826	0.10754	0.14066	0.01008	0.02689	0.02479	0.00937	0.07439	0.01353	0.48481	0.01589	0.01470	0.02523	0.00570	0.00469	0.00147	0.00497	0.00449	0.00474	0.00781
18	0.01537	0.03163	0.01507	0.13113	0.15436	0.24613	0.01069	0.19944	0.06257	0.04782	0.03196	0.01238	0.00896	0.00538	0.00476	0.00144	0.00644	0.00421	0.00339	0.00688
19	0.00674	0.00471	0.00548	0.00576	0.00608	0.00453	0.00359	0.00719	0.00839	0.01100	0.03706	0.21501	0.11670	0.50653	0.01757	0.00363	0.00400	0.02898	0.00362	0.00342
20	0.42614	0.01336	0.01060	0.02481	0.01246	0.19369	0.00745	0.11159	0.08110	0.02000	0.00882	0.00983	0.00688	0.00526	0.00451	0.00151	0.04934	0.00338	0.00327	0.00601
21	0.23543	0.00712	0.00760	0.00684	0.00874	0.00736	0.00515	0.05832	0.02926	0.12581	0.04223	0.06367	0.11003	0.11213	0.00967	0.15229	0.00389	0.00577	0.00381	0.00490
22	0.00771	0.00482	0.00602	0.00610	0.00644	0.00473	0.00396	0.00782	0.00820	0.03413	0.05986	0.10588	0.04412	0.44573	0.03596	0.15449	0.00444	0.05290	0.00334	0.00334
23	0.01216	0.06426	0.01503	0.01160	0.01474	0.01220	0.14618	0.02239	0.54011	0.03355	0.01670	0.01652	0.01267	0.00660	0.00579	0.04796	0.00479	0.00533	0.00422	0.00718
24	0.00752	0.00491	0.00726	0.00725	0.00780	0.00543	0.00534	0.00793	0.00751	0.01057	0.02971	0.01887	0.01210	0.06671	0.49325	0.28702	0.00959	0.00511	0.00255	0.00359
25	0.00741	0.00515	0.00651	0.00709	0.00782	0.00501	0.00490	0.02507	0.06512	0.04409	0.06601	0.62371	0.04565	0.05307	0.00697	0.00205	0.00309	0.01216	0.00463	0.00451
26	0.00964	0.00562	0.00692	0.00652	0.00818	0.00501	0.00487	0.01131	0.02458	0.17923	0.18697	0.21102	0.26781	0.04143	0.00643	0.00180	0.00300	0.00954	0.00500	0.00511
27	0.00613	0.00465	0.00555	0.00601	0.00687	0.00418	0.00418	0.00726	0.01047	0.01355	0.13674	0.39706	0.29567	0.06933	0.00733	0.00201	0.00279	0.01158	0.00457	0.00406
28	0.07507	0.00553	0.00609	0.00603	0.00695	0.00552	0.00410	0.00928	0.05893	0.01409	0.16973	0.13361	0.13705	0.33193	0.01315	0.00289	0.00359	0.00836	0.00401	0.00408
29	0.00671	0.00480	0.00591	0.00636	0.00734	0.00432	0.00457	0.00800	0.01086	0.04038	0.15048	0.41427	0.25736	0.01332	0.00604	0.00182	0.00278	0.04562	0.00474	0.00431
30	0.02096	0.00965	0.01214	0.00936	0.01316	0.00918	0.00772	0.19317	0.04211	0.60181	0.01771	0.01568	0.01141	0.00606	0.00494	0.00152	0.00445	0.00485	0.00579	0.00834
31	0.20657	0.00814	0.00925	0.00767	0.01066	0.00800	0.00618	0.03581	0.06892	0.37481	0.10127	0.02019	0.09135	0.02351	0.00510	0.00161	0.00375	0.00546	0.00501	0.00672
32	0.00598	0.00469	0.00543	0.00595	0.00698	0.00414	0.00424	0.00712	0.01050	0.01318	0.05973	0.38585	0.41901	0.01370	0.00604	0.00182	0.00270	0.03425	0.00458	0.00410
33	0.00714	0.00501	0.00659	0.00659	0.00706	0.00544	0.00456	0.00808	0.00761	0.01072	0.01435	0.02539	0.01495	0.41193	0.41149	0.00621	0.00884	0.00614	0.02818	0.00372
34	0.00743	0.00438	0.00604	0.00645	0.00658	0.00429	0.00426	0.00677	0.00767	0.01021	0.01639	0.29407	0.01867	0.14477	0.01541	0.40926	0.00387	0.02736	0.00315	0.00296
35	0.26706	0.00712	0.00704	0.00666	0.00858	0.00755	0.00509	0.01262	0.11523	0.02973	0.16400	0.07642	0.16029	0.08226	0.00663	0.00191	0.00336	0.02920	0.00420	0.00504
36	0.00658	0.00492	0.00548	0.00543	0.00638	0.00455	0.00371	0.00757	0.00993	0.01282	0.13671	0.03835	0.35747	0.30340	0.05604	0.00308	0.00385	0.00863	0.02128	0.00382
37	0.00932	0.00879	0.01475	0.79362	0.03328	0.01103	0.01357	0.01254	0.00976	0.01254	0.00867	0.01304	0.00655	0.00501	0.00522	0.00165	0.02867	0.00437	0.00218	0.00546
38	0.00956	0.00589	0.00735	0.00730	0.00848	0.00575	0.00522	0.02938	0.08802	0.12952	0.08937	0.40234	0.02610	0.13619	0.00874	0.00227	0.00349	0.02534	0.00467	0.00502
39	0.00630	0.00466	0.00557	0.00605	0.00675	0.00429	0.00412	0.00725	0.00987	0.01280	0.09469	0.37139	0.23653	0.17419	0.00982	0.00242	0.00313	0.03193	0.00432	0.00390
40	0.01159	0.01092	0.01761	0.18471	0.52864	0.01160	0.01372	0.01619	0.12486	0.01601	0.01072	0.01326	0.00860	0.00482	0.00489	0.00153	0.00570	0.00455	0.00276	0.00732
41	0.00750	0.00538	0.00666	0.00677	0.00760	0.00532	0.00500	0.00954	0.05117	0.01462	0.25591	0.03917	0.05506	0.30459	0.01291	0.00289	0.00384	0.19764	0.00426	0.00416
42	0.00725	0.00510	0.00597	0.00596	0.00673	0.00490	0.00403	0.03759	0.01048	0.01426	0.20047	0.18216	0.13777	0.29546	0.01241	0.00274	0.00341	0.00904	0.05026	0.00401
43	0.00741	0.00536	0.00747	0.00741	0.00822	0.00604	0.00556	0.02957	0.00832	0.01192	0.01401	0.04343	0.01368	0.16624	0.60270	0.00678	0.01085	0.00577	0.03499	0.00426
44	0.01089	0.01132	0.01651	0.01366	0.01471	0.06119	0.14474	0.01249	0.00881	0.01260	0.00916	0.09098	0.00918	0.00827	0.01264	0.00200	0.54745	0.00545	0.00247	0.00548
45	0.00702	0.00507	0.00546	0.00539	0.00668	0.00445	0.00379	0.00798	0.01029	0.05496	0.03862	0.08925	0.52175	0.20550	0.01034	0.00241	0.00314	0.00953	0.00427	0.00409
46	0.00975	0.00787	0.00858	0.00790	0.00974	0.00853	0.00588	0.05001	0.36851	0.01773	0.14686	0.05794	0.11257	0.15567	0.00886	0.00221	0.00366	0.00722	0.00463	0.00586
47	0.01146	0.01284	0.02666	0.01941	0.02355	0.01287	0.65033	0.01509	0.01092	0.01509	0.00936	0.01284	0.00729	0.00489	0.00753	0.00174	0.14377	0.00555	0.00243	0.00642
48	0.00873	0.00774	0.00781	0.00763	0.00841	0.12321	0.00542	0.00974	0.00849	0.01078	0.01323	0.02269	0.01355	0.33470	0.39035	0.00573	0.00932	0.00568	0.00275	0.00404
49	0.01225	0.00566	0.00805	0.00735	0.00866	0.00536	0.00547	0.01214	0.00939	0.24963	0.03133	0.07957	0.01319	0.01520	0.08637	0.41116	0.00492	0.02610	0.00370	0.00450
50	0.01314	0.83025	0.02575	0.00841	0.01261	0.01945	0.00841	0.01472	0.00999	0.01156	0.00683	0.00788	0.00631	0.00420	0.00315	0.00105	0.00526	0.00263	0.00210	0.00631
51	0.00602	0.00504	0.00527	0.00538	0.00699	0.00430	0.00414	0.00736	0.01121	0.01342	0.04745	0.04809	0.71935	0.01256	0.00590	0.00172	0.00269	0.08437	0.00456	0.00419
52	0.01150	0.01100	0.01875	0.21137	0.62063	0.01150	0.01475	0.01450	0.01088	0.01525	0.00913	0.01238	0.00750	0.00450	0.00488	0.00150	0.00600	0.00438	0.00238	0.00725
53	0.01094	0.00957	0.01448	0.21670	0.27594	0.04222	0.03268	0.03906	0.01134	0.04149	0.01398	0.07531	0.01312	0.00709	0.00527	0.00167	0.00556	0.14148	0.03595	0.00616
54	0.00715	0.00476	0.00536	0.00536	0.00536	0.00476	0.00298	0.00715	0.00715	0.00953	0.01548	0.03216	0.01787	0.82729	0.02501	0.00476	0.00476	0.00715	0.00298	0.00298
55	0.00712	0.00517	0.00727	0.00736	0.00804	0.00576	0.00550	0.00848	0.00798	0.01120	0.01476	0.02537	0.01494	0.23146	0.54956	0.00667	0.01039	0.06603	0.00287	0.00405
56	0.01735	0.02181	0.01585	0.01427	0.04838	0.68650	0.09530	0.01901	0.01356	0.01261	0.00792	0.00949	0.00652	0.00493	0.00460	0.00132	0.00867	0.00351	0.00252	0.00589
57	0.01245	0.01082	0.01139	0.01031	0.03177	0.05438	0.02033	0.12621	0.47349	0.02054	0.07233	0.02125	0.07779	0.00725	0.00513	0.00162	0.00429	0.02678	0.00473	0.00714
58	0.02205	0.00836	0.01140	0.00874	0.01254	0.00722	0.00722	0.02395	0.01407	0.80004	0.01939	0.01673	0.01216	0.00608	0.00494	0.00152	0.00418	0.00494	0.00608	0.00836
59	0.00599	0.00428	0.00570	0.00684	0.00713	0.00399	0.00456	0.00684	0.00941	0.01254	0.02709	0.82409	0.03250	0.01540	0.00627	0.00200	0.00285	0.01397	0.00456	0.00399
60	0.10692	0.01175	0.01643	0.04573	0.38622	0.06055	0.01222	0.01416	0.00982	0.01502	0.00796	0.01107	0.00696	0.00581	0.00825	0.00168	0.26641	0.00409	0.00241	0.00654
61	0.00583	0.00498	0.00501	0.00500	0.00665	0.00416	0.00375	0.00710	0.01125	0.01340	0.06420	0.04709	0.78015	0.01240	0.00581	0.00166	0.00249	0.01034	0.00458	0.00416
62	0.06216	0.27533	0.51211	0.01181	0.01786	0.01389	0.01435	0.01523	0.01013	0.01471	0.00808	0.00945	0.00620	0.00452	0.00410	0.00140	0.00643	0.00326	0.00214	0.00685
63	0.01291	0.77507	0.07896	0.00879	0.01321	0.01889	0.00908	0.01477	0.01001	0.01184	0.00697	0.00805	0.00630	0.00424	0.00326	0.00109	0.00539	0.00270	0.00210	0.00637
64	0.08073	0.01224	0.01312	0.01191	0.09038	0.10632	0.00873	0.24847	0.05254	0.29168	0.01376	0.01332	0.00953	0.00565	0.00470	0.00147	0.00520	0.00437	0.01820	0.00767
65	0.01222	0.47375	0.32021	0.01080	0.01607	0.06560	0.01218	0.01534	0.01038	0.01311	0.00764	0.00889	0.00628	0.00443	0.00381	0.00126	0.00624	0.00304	0.00212	0.00663
66	0.00597	0.00435	0.00563	0.00666	0.00708	0.00401	0.00448	0.00686	0.00958	0.01262	0.02932	0.74777	0.10738	0.01511	0.00623	0.00196	0.00282	0.01362	0.00456	0.00401
67	0.01258	0.69241	0.15866	0.00937	0.01410	0.01807	0.01008	0.01486	0.01005	0.01225	0.00717	0.00831	0.00629	0.00428	0.00341	0.00114	0.00560	0.00280	0.00210	0.00647
68	0.01823	0.04308	0.01423	0.01254	0.01513	0.77712	0.00947	0.03017	0.01396	0.01228	0.00764	0.00888	0.00636	0.00505	0.00441	0.00126	0.00873	0.00317	0.00255	0.00575
69	0.00748	0.00604	0.00658	0.00671	0.00768	0.03236	0.00468	0.00988	0.10092	0.01296	0.04264	0.24983	0.19664	0.20965	0.08082	0.00303	0.00445	0.00930	0.00401	0.00433
70	0.01222	0.01056	0.01111	0.01000	0.01278	0.01222	0.00778	0.02611	0.78776	0.02056	0.02000	0.01833	0.01500	0.00667	0.00500	0.00167	0.00389	0.00556	0.00500	0.00778
71	0.00854	0.00427	0.00640	0.00640	0.00640	0.00427	0.00427	0.00640	0.00640	0.00854	0.00854	0.01494	0.00854	0.01707	0.01921	0.85702	0.00427	0.00427	0.00213	0.00213
72	0.01053	0.01042	0.01462	0.01260	0.01265	0.01452	0.01047	0.01164	0.00755	0.01180	0.00685	0.01127	0.00680	0.01030	0.06377	0.00250	0.76985	0.00436	0.00218	0.00532
73	0.01007	0.07691	0.75218	0.01365	0.02072	0.01193	0.01753	0.01551	0.01035	0.01531	0.00869	0.01022	0.00623	0.00464	0.00457	0.00152	0.00713	0.00357	0.00208	0.00720
74	0.00681	0.00502	0.00637	0.00603	0.00725	0.00457	0.00452	0.00899	0.01356	0.01888	0.69882	0.03806	0.14211	0.01035	0.00580	0.00156	0.00234	0.00908	0.00530	0.00457
75	0.01172	0.01291	0.02700	0.02280	0.19595	0.01226	0.61012	0.01560	0.01151	0.01581	0.00979	0.01301	0.00753	0.00419	0.00559	0.00161	0.00774	0.00549	0.00247	0.00688
76	0.01101	0.01098	0.02048	0.17997	0.33519	0.01116	0.24577	0.01430	0.01106	0.01514	0.01100	0.01693	0.00946	0.00532	0.00535	0.00163	0.00659	0.07939	0.00261	0.00666
77	0.01006	0.00881	0.01437	0.45052	0.24174	0.00999	0.01221	0.01306	0.01029	0.01457	0.01019	0.01378	0.00798	0.00491	0.00463	0.00150	0.00559	0.00441	0.15544	0.00595
78	0.00665	0.00559	0.00584	0.00567	0.00739	0.00509	0.00429	0.00940	0.09622	0.01486	0.13779	0.04284	0.61788	0.01152	0.00572	0.00165	0.00262	0.00966	0.00471	0.00460
79	0.00928	0.00873	0.01474	0.81548	0.03385	0.01092	0.01365	0.01256	0.00983	0.01256	0.00873	0.01310	0.00655	0.00491	0.00491	0.00164	0.00655	0.00437	0.00218	0.00546
80	0.01043	0.10437	0.45688	0.15931	0.10657	0.01224	0.05365	0.01489	0.01038	0.01467	0.00870	0.01094	0.00652	0.00461	0.00463	0.00151	0.00682	0.00385	0.00216	0.00686
81	0.00917	0.00551	0.00728	0.00656	0.00811	0.00502	0.00502	0.01143	0.01393	0.13420	0.68038	0.03378	0.04135	0.00946	0.00567	0.00154	0.00259	0.00831	0.00551	0.00518
82	0.01160	0.01326	0.02900	0.02071	0.02568	0.01243	0.77879	0.01574	0.01160	0.01574	0.00994	0.01326	0.00746	0.00414	0.00580	0.00166	0.00829	0.00580	0.00249	0.00663
83	0.01940	0.01112	0.01296	0.01000	0.01373	0.01145	0.00824	0.43489	0.01898	0.33909	0.05722	0.01513	0.01194	0.00620	0.00497	0.00150	0.00475	0.00487	0.00541	0.00816
84	0.00986	0.02542	0.80183	0.01401	0.02127	0.01141	0.01816	0.01556	0.01038	0.01556	0.00882	0.01038	0.00623	0.00467	0.00467	0.00156	0.00726	0.00363	0.00208	0.00726
85	0.00947	0.01006	0.01978	0.01482	0.01846	0.00928	0.47538	0.01255	0.01145	0.01487	0.02396	0.02714	0.26439	0.00747	0.00587	0.00170	0.00615	0.05821	0.00330	0.00568
86	0.01161	0.01271	0.02162	0.01660	0.01912	0.06149	0.37610	0.01416	0.00985	0.01370	0.00818	0.01183	0.00692	0.00627	0.01051	0.00186	0.38419	0.00495	0.00233	0.00599
87	0.00764	0.00545	0.00759	0.00873	0.00973	0.00541	0.00743	0.00969	0.01103	0.01439	0.02618	0.16821	0.02890	0.01384	0.00671	0.00222	0.00428	0.65358	0.00453	0.00445
88	0.01149	0.00683	0.00707	0.00623	0.00806	0.00719	0.00488	0.19989	0.01344	0.02142	0.01499	0.01672	0.01156	0.00577	0.00380	0.00123	0.00305	0.00454	0.64632	0.00551
89	0.00590	0.00498	0.00510	0.00507	0.00669	0.00419	0.00381	0.00723	0.01142	0.01379	0.10897	0.04645	0.73514	0.01226	0.00581	0.00165	0.00248	0.01025	0.00463	0.00419
90	0.01387	0.44344	0.02038	0.01049	0.01331	0.21160	0.00922	0.01525	0.01038	0.01174	0.00693	0.00878	0.00635	0.00543	0.00646	0.00136	0.19370	0.00315	0.00222	0.00594
91	0.01216	0.01168	0.01995	0.03016	0.79664	0.01168	0.01508	0.01508	0.01119	0.01605	0.00924	0.01216	0.00778	0.00438	0.00487	0.00146	0.00584	0.00438	0.00243	0.00778
92	0.01126	0.20378	0.56704	0.01266	0.01887	0.07650	0.01531	0.01570	0.01057	0.01439	0.00828	0.00970	0.00625	0.00460	0.00431	0.00142	0.00694	0.00337	0.00212	0.00693
93	0.01356	0.01379	0.02001	0.01538	0.01877	0.12932	0.33799	0.17937	0.01377	0.01776	0.01106	0.06490	0.00947	0.00615	0.00673	0.00166	0.10663	0.02405	0.00316	0.00649
94	0.00598	0.00430	0.00568	0.00679	0.00711	0.00400	0.00454	0.00685	0.00946	0.01257	0.02776	0.80103	0.05512	0.01531	0.00626	0.00199	0.00284	0.01386	0.00456	0.00400
95	0.01222	0.01056	0.01111	0.01000	0.01278	0.01222	0.00778	0.02611	0.78776	0.02056	0.02000	0.01833	0.01500	0.00667	0.00500	0.00167	0.00389	0.00556	0.00500	0.00778
96	0.01026	0.12410	0.70668	0.01332	0.02021	0.01240	0.01696	0.01546	0.01033	0.01507	0.00858	0.01007	0.00624	0.00461	0.00448	0.00149	0.00702	0.00351	0.00208	0.00715
97	0.00599	0.00428	0.00570	0.00684	0.00713	0.00399	0.00456	0.00684	0.00941	0.01254	0.02709	0.82409	0.03250	0.01540	0.00627	0.00200	0.00285	0.01397	0.00456	0.00399
98	0.01314	0.83025	0.02575	0.00841	0.01261	0.01945	0.00841	0.01472	0.00999	0.01156	0.00683	0.00788	0.00631	0.00420	0.00315	0.00105	0.00526	0.00263	0.00210	0.00631
99	0.00581	0.00498	0.00498	0.00498	0.00664	0.00415	0.00373	0.00705	0.01120	0.01328	0.04978	0.04729	0.79464	0.01245	0.00581	0.00166	0.00249	0.01037	0.00456	0.00415
100	0.00702	0.00527	0.00790	0.00790	0.00878	0.00614	0.00614	0.00878	0.00790	0.01141	0.01316	0.01931	0.01229	0.03686	0.80782	0.00790	0.01316	0.00527	0.00263	0.00439
101	0.01075	0.01075	0.01505	0.01290	0.01290	0.01505	0.01075	0.01183	0.00753	0.01183	0.00645	0.01075	0.00645	0.00860	0.01613	0.00215	0.81830	0.00430	0.00215	0.00538
102	0.00928	0.00873	0.01474	0.81548	0.03385	0.01092	0.01365	0.01256	0.00983	0.01256	0.00873	0.01310	0.00655	0.00491	0.00491	0.00164	0.00655	0.00437	0.00218	0.00546
103	0.00611	0.00499	0.00540	0.00529	0.00682	0.00428	0.00397	0.00764	0.01191	0.01496	0.24504	0.04452	0.59833	0.01182	0.00580	0.00163	0.00244	0.00998	0.00479	0.00428
104	0.00599	0.00428	0.00570	0.00684	0.00713	0.00399	0.00456	0.00684	0.00941	0.01254	0.02709	0.82409	0.03250	0.01540	0.00627	0.00200	0.00285	0.01397	0.00456	0.00399
105	0.00928	0.00873	0.01474	0.81548	0.03385	0.01092	0.01365	0.01256	0.00983	0.01256	0.00873	0.01310	0.00655	0.00491	0.00491	0.00164	0.00655	0.00437	0.00218	0.00546
106	0.00738	0.00495	0.00555	0.00548	0.00556	0.00498	0.00311	0.02285	0.00747	0.00996	0.01541	0.03175	0.01767	0.81061	0.02460	0.00470	0.00478	0.00709	0.00302	0.00309
107	0.01208	0.01191	0.02127	0.02878	0.68352	0.01179	0.12714	0.01518	0.01125	0.01601	0.00935	0.01232	0.00774	0.00434	0.00500	0.00149	0.00620	0.00459	0.00244	0.00761
108	0.01836	0.02342	0.01393	0.01266	0.01519	0.80756	0.00950	0.01962	0.01393	0.01203	0.00760	0.00886	0.00633	0.00506	0.00443	0.00127	0.00886	0.00317	0.00253	0.00570
109	0.00702	0.00525	0.00782	0.00782	0.00867	0.00610	0.00605	0.00873	0.00788	0.01135	0.01323	0.01969	0.01245	0.06032	0.78458	0.00780	0.01291	0.00532	0.00264	0.00435
110	0.00716	0.00517	0.00700	0.00807	0.00886	0.00509	0.00638	0.00913	0.03358	0.01389	0.02633	0.40542	0.02981	0.01420	0.00650	0.00212	0.00374	0.39859	0.00456	0.00438
111	0.00691	0.00502	0.00650	0.00613	0.00731	0.00462	0.00460	0.00918	0.01380	0.01944	0.76355	0.03714	0.07703	0.01014	0.00580	0.00155	0.00233	0.00895	0.00538	0.00462
112	0.02205	0.00836	0.01140	0.00874	0.01254	0.00722	0.00722	0.02395	0.01407	0.80004	0.01939	0.01673	0.01216	0.00608	0.00494	0.00152	0.00418	0.00494	0.00608	0.00836
113	0.00691	0.00493	0.00676	0.00789	0.00858	0.00478	0.00616	0.00843	0.01031	0.01357	0.02658	0.45837	0.03049	0.01453	0.00652	0.00212	0.00365	0.37062	0.00454	0.00425
114	0.00775	0.00560	0.00769	0.00873	0.00990	0.00554	0.00759	0.00993	0.01130	0.01459	0.02791	0.05479	0.08922	0.01349	0.00671	0.00221	0.00436	0.70367	0.00453	0.00450
115	0.01836	0.02342	0.01393	0.01266	0.01519	0.80756	0.00950	0.01962	0.01393	0.01203	0.00760	0.00886	0.00633	0.00506	0.00443	0.00127	0.00886	0.00317	0.00253	0.00570
116	0.01216	0.01168	0.01995	0.03016	0.79664	0.01168	0.01508	0.01508	0.01119	0.01605	0.00924	0.01216	0.00778	0.00438	0.00487	0.00146	0.00584	0.00438	0.00243	0.00778
117	0.01660	0.01680	0.01845	0.01438	0.01814	0.27541	0.22393	0.31658	0.01687	0.02049	0.00990	0.01124	0.00744	0.00513	0.00500	0.00146	0.00735	0.00439	0.00345	0.00700
118	0.00612	0.00441	0.00581	0.00669	0.00714	0.00409	0.00455	0.00721	0.01012	0.01362	0.14030	0.68541	0.05724	0.01452	0.00619	0.00192	0.00276	0.01312	0.00469	0.00409
119	0.00598	0.00431	0.00566	0.00674	0.00710	0.00400	0.00452	0.00685	0.00951	0.01258	0.02832	0.78201	0.07379	0.01524	0.00625	0.00198	0.00283	0.01378	0.00456	0.00400
120	0.01027	0.00898	0.01121	0.00801	0.01241	0.00687	0.04770	0.01256	0.01027	0.01600	0.00880	0.01036	0.00729	0.00367	0.00376	0.00078	0.00389	0.00307	0.00289	0.81125
121	0.01415	0.00825	0.01005	0.00824	0.01085	0.00816	0.00659	0.21853	0.01640	0.23315	0.37683	0.02469	0.02702	0.00787	0.00533	0.00152	0.00364	0.00663	0.00546	0.00663
122	0.01095	0.01009	0.01508	0.35865	0.23713	0.01152	0.01229	0.01731	0.24302	0.01591	0.01225	0.01441	0.00942	0.00529	0.00493	0.00160	0.00556	0.00473	0.00310	0.00679
123	0.00774	0.00587	0.00741	0.00831	0.07711	0.00596	0.00504	0.00954	0.06772	0.01229	0.06139	0.09266	0.09281	0.42343	0.09850	0.00387	0.00516	0.00753	0.00346	0.00420
124	0.01311	0.01450	0.01649	0.04025	0.15620	0.24872	0.09761	0.01554	0.04141	0.01342	0.00877	0.01171	0.00753	0.00814	0.06578	0.00209	0.22588	0.00427	0.00250	0.00607
125	0.00603	0.00461	0.00553	0.00610	0.00697	0.00412	0.00427	0.00718	0.01054	0.01358	0.11826	0.45815	0.30947	0.01375	0.00605	0.00183	0.00266	0.01212	0.00465	0.00412
126	0.01019	0.00873	0.01019	0.00728	0.01165	0.00655	0.00582	0.01237	0.01019	0.01601	0.00873	0.01019	0.00728	0.00364	0.00364	0.00073	0.00364	0.00291	0.00291	0.85734
127	0.00618	0.00449	0.00563	0.00636	0.00687	0.00416	0.00427	0.00710	0.00974	0.01286	0.09044	0.56033	0.13516	0.11212	0.00842	0.00225	0.00299	0.01225	0.00444	0.00394
128	0.00647	0.00467	0.00592	0.00635	0.00699	0.00448	0.00439	0.00761	0.00984	0.01329	0.14292	0.37499	0.12984	0.13561	0.10118	0.00295	0.00418	0.01051	0.02378	0.00402
129	0.86201	0.00950	0.00722	0.00646	0.00950	0.01102	0.00532	0.01445	0.00836	0.02205	0.00684	0.00798	0.00532	0.00456	0.00304	0.00152	0.00380	0.00266	0.00304	0.00532
130	0.01204	0.07967	0.55562	0.01324	0.01914	0.19117	0.01533	0.01663	0.02672	0.01459	0.00863	0.01002	0.00643	0.00477	0.00452	0.00146	0.00742	0.00350	0.00224	0.00686
131	0.00723	0.00529	0.00649	0.00622	0.00752	0.00503	0.00470	0.00998	0.05488	0.01824	0.53477	0.04763	0.15313	0.01081	0.02747	0.00174	0.00278	0.02595	0.06544	0.00471
132	0.00972	0.00896	0.00818	0.00755	0.00907	0.16626	0.00569	0.03444	0.01399	0.01842	0.57014	0.02937	0.03534	0.00869	0.00537	0.00147	0.00372	0.00737	0.05132	0.00496
133	0.06281	0.00862	0.00942	0.00822	0.01040	0.00924	0.00637	0.26187	0.10485	0.02172	0.17410	0.13994	0.04440	0.05283	0.00621	0.00175	0.00381	0.00709	0.06030	0.00605
134	0.00640	0.00455	0.00608	0.00716	0.00758	0.00433	0.00508	0.00746	0.00963	0.01277	0.02627	0.64305	0.03095	0.05905	0.00738	0.00219	0.00326	0.14831	0.00447	0.00403
135	0.01868	0.01376	0.01475	0.01131	0.01524	0.01524	0.00934	0.78025	0.02311	0.03097	0.01180	0.01180	0.00836	0.00590	0.00492	0.00147	0.00541	0.00442	0.00492	0.00836
136	0.01058	0.01059	0.01955	0.42155	0.22527	0.01148	0.20155	0.01398	0.01061	0.01422	0.00916	0.01290	0.00709	0.00459	0.00512	0.00160	0.00680	0.00472	0.00232	0.00634
137	0.48485	0.00869	0.00843	0.00734	0.01021	0.00929	0.00589	0.05714	0.01071	0.21183	0.01316	0.13008	0.01115	0.00660	0.00408	0.00159	0.00384	0.00498	0.00411	0.00604
138	0.00657	0.00470	0.00637	0.00751	0.00805	0.00450	0.00558	0.00786	0.00999	0.01320	0.02676	0.59091	0.03122	0.01484	0.00643	0.00208	0.00336	0.24136	0.00455	0.00415
139	0.00704	0.00585	0.00857	0.27266	0.01585	0.00629	0.00743	0.00875	0.00981	0.01266	0.02438	0.44324	0.13579	0.01151	0.00576	0.00183	0.00402	0.01028	0.00378	0.00450
140	0.00705	0.00493	0.00633	0.00637	0.00676	0.00522	0.00427	0.00772	0.00762	0.01043	0.01599	0.05402	0.04217	0.45723	0.31626	0.02665	0.00775	0.00671	0.00293	0.00356
141	0.01836	0.02342	0.01393	0.01266	0.01519	0.80756	0.00950	0.01962	0.01393	0.01203	0.00760	0.00886	0.00633	0.00506	0.00443	0.00127	0.00886	0.00317	0.00253	0.00570
142	0.00591	0.00496	0.00515	0.00523	0.00679	0.00420	0.00393	0.00720	0.01118	0.01346	0.06840	0.08932	0.70987	0.01257	0.00586	0.00169	0.00256	0.03296	0.00459	0.00416
143	0.22021	0.37079	0.21536	0.00965	0.01404	0.01506	0.01026	0.01466	0.00952	0.01516	0.00731	0.00873	0.00605	0.00471	0.00440	0.00137	0.06115	0.00300	0.00233	0.00624
144	0.00650	0.00450	0.00559	0.00621	0.00640	0.00433	0.00391	0.00704	0.00860	0.01150	0.04503	0.47144	0.02683	0.35282	0.01405	0.00313	0.00363	0.01098	0.00393	0.00359
145	0.00581	0.00497	0.00499	0.00501	0.00665	0.00415	0.00375	0.00705	0.01117	0.01326	0.04938	0.06094	0.78126	0.01250	0.00582	0.00167	0.00250	0.01043	0.00456	0.00415
146	0.00605	0.00430	0.00568	0.00676	0.00703	0.00403	0.00448	0.00686	0.00929	0.01238	0.02646	0.78119	0.03171	0.05938	0.00729	0.00215	0.00295	0.01360	0.00448	0.00394
147	0.00715	0.00476	0.00536	0.00536	0.00536	0.00476	0.00298	0.00715	0.00715	0.00953	0.01548	0.03216	0.01787	0.82729	0.02501	0.00476	0.00476	0.00715	0.00298	0.00298
148	0.00915	0.00759	0.01259	0.57168	0.04708	0.00911	0.01111	0.01093	0.00892	0.01155	0.00869	0.01358	0.00713	0.00824	0.00884	0.23677	0.00590	0.00434	0.00218	0.00461
149	0.71292	0.01026	0.00855	0.00732	0.01052	0.01177	0.00603	0.14982	0.01097	0.02363	0.00772	0.00866	0.00586	0.00480	0.00337	0.00151	0.00409	0.00297	0.00337	0.00586
150	0.01019	0.00873	0.01019	0.00728	0.01165	0.00655	0.00582	0.01237	0.01019	0.01601	0.00873	0.01019	0.00728	0.00364	0.00364	0.00073	0.00364	0.00291	0.00291	0.85734
151	0.45573	0.00709	0.00668	0.00628	0.00788	0.00788	0.00463	0.01073	0.00754	0.01577	0.00867	0.01382	0.00822	0.12940	0.01158	0.28351	0.00410	0.00385	0.00273	0.00393
152	0.01918	0.01297	0.01426	0.01093	0.01484	0.01406	0.00903	0.66928	0.02178	0.14381	0.01291	0.01252	0.00892	0.00593	0.00492	0.00148	0.00523	0.00450	0.00509	0.00836
153	0.00986	0.00792	0.00917	0.00682	0.01054	0.00616	0.00541	0.01207	0.01041	0.01655	0.05235	0.01282	0.01018	0.00429	0.00373	0.00083	0.00337	0.00348	0.12801	0.68602
154	0.00714	0.00479	0.00550	0.00550	0.00554	0.00484	0.00315	0.00723	0.00719	0.00963	0.01536	0.03146	0.01756	0.78447	0.06742	0.00493	0.00522	0.00704	0.00296	0.00305
155	0.01095	0.06264	0.35467	0.01722	0.02311	0.01238	0.41636	0.01561	0.01100	0.01544	0.00930	0.01175	0.00688	0.00437	0.00518	0.00158	0.00769	0.00471	0.00229	0.00688

[dist]
# distance from previous block
# <min> <max>
0	1

[block]
# block no. 4 follows, 51 sequences, length 129
# corresponding to MSA columns:
# 1233-1361
name=unknown_E
#
# <colnr> <probs for GDERKNQSTAVLIFYWHMCP>
#	G	D	E	R	K	N	Q	S	T	A	V	L	I	F	Y	W	H	M	C	P
0	0.01839	0.02246	0.01401	0.01253	0.01520	0.72881	0.00948	0.09522	0.01484	0.01391	0.00801	0.00915	0.00653	0.00515	0.00448	0.00129	0.00852	0.00329	0.00277	0.00596
