[name]
unknown

[dist]
# distance from previous block
# <min> <max>
0	3

[block]
# block no. 0 follows, 47 sequences, length 7
# corresponding to MSA columns:
# 42-48
name=unknown_A
#
# <colnr> <probs for GDERKNQSTAVLIFYWHMCP>
#	G	D	E	R	K	N	Q	S	T	A	V	L	I	F	Y	W	H	M	C	P
0	0.01728	0.01337	0.01399	0.01155	0.01497	0.06473	0.00958	0.55300	0.02112	0.02774	0.01551	0.02242	0.01334	0.00797	0.00561	0.00173	0.00576	0.16759	0.00495	0.00778
1	0.00905	0.00452	0.00678	0.00678	0.00678	0.00452	0.00452	0.00678	0.00678	0.00905	0.00905	0.01583	0.00905	0.01809	0.02035	0.84848	0.00452	0.00452	0.00226	0.00226
2	0.00757	0.00505	0.00568	0.00568	0.00568	0.00505	0.00316	0.00757	0.00757	0.01010	0.01641	0.03408	0.01893	0.81698	0.02651	0.00505	0.00505	0.00757	0.00316	0.00316
3	0.01251	0.49691	0.33808	0.01133	0.01710	0.01714	0.01312	0.01596	0.01075	0.01398	0.00810	0.00943	0.00665	0.00466	0.00400	0.00133	0.00644	0.00322	0.00222	0.00710
4	0.01577	0.01199	0.01548	0.01717	0.24645	0.01280	0.01086	0.18569	0.28303	0.12130	0.01577	0.01572	0.01166	0.00608	0.00523	0.00164	0.00514	0.00517	0.00461	0.00846
5	0.01839	0.01129	0.01463	0.01471	0.16988	0.01152	0.00995	0.18627	0.16806	0.31402	0.01674	0.01594	0.01167	0.00616	0.00523	0.00162	0.00501	0.00513	0.00516	0.00861
6	0.39635	0.01183	0.01479	0.01642	0.24579	0.01276	0.06632	0.14275	0.01266	0.02255	0.00915	0.01090	0.00714	0.00498	0.00436	0.00159	0.00532	0.00393	0.00332	0.00707

[dist]
# distance from previous block
# <min> <max>
0	13

[block]
# block no. 1 follows, 47 sequences, length 16
# corresponding to MSA columns:
# 62-77
name=unknown_B
#
# <colnr> <probs for GDERKNQSTAVLIFYWHMCP>
#	G	D	E	R	K	N	Q	S	T	A	V	L	I	F	Y	W	H	M	C	P
0	0.01400	0.01141	0.01666	0.05877	0.39859	0.01197	0.01232	0.02090	0.26882	0.10953	0.01487	0.01571	0.01131	0.00570	0.00522	0.00164	0.00532	0.00513	0.00394	0.00820
1	0.01183	0.01052	0.01680	0.01483	0.09484	0.01122	0.18255	0.10296	0.04000	0.03774	0.25164	0.02131	0.02114	0.00757	0.00783	0.00176	0.14837	0.00653	0.00402	0.00656
2	0.00621	0.00504	0.00552	0.00590	0.00720	0.00434	0.00423	0.00740	0.01127	0.01382	0.04520	0.29005	0.54733	0.01417	0.00631	0.00187	0.00276	0.01219	0.00484	0.00434
3	0.01131	0.54608	0.01989	0.00769	0.01124	0.01515	0.00724	0.01286	0.01101	0.01286	0.02255	0.02240	0.26755	0.00739	0.00429	0.00133	0.00458	0.00554	0.00310	0.00591
4	0.01306	0.01916	0.27874	0.02340	0.41192	0.13093	0.01618	0.01688	0.01201	0.01619	0.00938	0.01172	0.00746	0.00485	0.00502	0.00155	0.00718	0.00418	0.00247	0.00773
5	0.01929	0.00796	0.01078	0.00857	0.01189	0.00696	0.00696	0.02142	0.01486	0.59270	0.21442	0.02312	0.02212	0.00752	0.00547	0.00162	0.00393	0.00630	0.00626	0.00786
6	0.00634	0.00453	0.00604	0.00725	0.00755	0.00423	0.00483	0.00725	0.00997	0.01329	0.02870	0.81358	0.03444	0.01632	0.00665	0.00211	0.00302	0.01480	0.00483	0.00423
7	0.01392	0.82012	0.02729	0.00891	0.01337	0.02061	0.00891	0.01559	0.01058	0.01225	0.00724	0.00835	0.00668	0.00446	0.00334	0.00111	0.00557	0.00278	0.00223	0.00668
8	0.00615	0.00528	0.00528	0.00528	0.00703	0.00440	0.00396	0.00747	0.01187	0.01407	0.05276	0.05012	0.78238	0.01319	0.00615	0.00176	0.00264	0.01099	0.00484	0.00440
9	0.01256	0.01331	0.02649	0.02638	0.36214	0.01282	0.43405	0.01637	0.01210	0.01683	0.01021	0.01354	0.00806	0.00450	0.00571	0.00166	0.00763	0.00548	0.00261	0.00757
10	0.01251	0.52537	0.27722	0.01084	0.01621	0.01722	0.01221	0.01563	0.01062	0.01364	0.00821	0.00973	0.00692	0.00606	0.03698	0.00159	0.00662	0.00325	0.00224	0.00693
11	0.01263	0.52622	0.30989	0.01111	0.01676	0.01745	0.01274	0.01593	0.01073	0.01382	0.00802	0.00933	0.00665	0.00464	0.00394	0.00131	0.00636	0.00318	0.00222	0.00706
12	0.01319	0.39287	0.31423	0.01223	0.01773	0.10869	0.04441	0.01659	0.01130	0.01410	0.00827	0.00971	0.00670	0.00475	0.00423	0.00137	0.00696	0.00339	0.00229	0.00700
13	0.05589	0.06335	0.23212	0.04531	0.01604	0.09535	0.01112	0.12907	0.05491	0.01853	0.06546	0.16037	0.01539	0.00775	0.00520	0.00166	0.00583	0.00633	0.00366	0.00665
14	0.13246	0.07857	0.07904	0.01600	0.23586	0.03893	0.01070	0.03403	0.14869	0.03915	0.03046	0.05260	0.03640	0.00615	0.00480	0.00157	0.00520	0.00509	0.00353	0.04075
15	0.19405	0.07655	0.06805	0.01036	0.04626	0.05523	0.00862	0.08431	0.04511	0.23040	0.05756	0.01662	0.03081	0.00718	0.02563	0.00176	0.00523	0.02473	0.00437	0.00716

[dist]
# distance from previous block
# <min> <max>
0	79

[block]
# block no. 2 follows, 47 sequences, length 9
# corresponding to MSA columns:
# 169-177
name=unknown_C
#
# <colnr> <probs for GDERKNQSTAVLIFYWHMCP>
#	G	D	E	R	K	N	Q	S	T	A	V	L	I	F	Y	W	H	M	C	P
0	0.09433	0.06679	0.01439	0.01338	0.13155	0.12629	0.00926	0.05338	0.20807	0.11950	0.01352	0.01372	0.01021	0.00559	0.00469	0.00147	0.00538	0.00439	0.00400	0.10008
1	0.31011	0.03761	0.22682	0.01102	0.05002	0.01150	0.01057	0.07890	0.01174	0.09269	0.00987	0.01085	0.00725	0.00500	0.00422	0.00150	0.00534	0.00360	0.00333	0.10805
2	0.01396	0.01145	0.01183	0.01035	0.01313	0.04888	0.00806	0.26070	0.32504	0.02302	0.02033	0.16877	0.04412	0.00870	0.00553	0.00175	0.00463	0.00726	0.00504	0.00744
3	0.00747	0.00501	0.00571	0.00581	0.00584	0.00498	0.00330	0.00755	0.00777	0.01036	0.01743	0.09892	0.02022	0.75038	0.02485	0.00480	0.00488	0.00817	0.00330	0.00324
4	0.00759	0.00537	0.00655	0.00675	0.00714	0.00556	0.00437	0.00895	0.05336	0.01183	0.01913	0.21014	0.02139	0.46288	0.14199	0.00471	0.00593	0.00882	0.00361	0.00394
5	0.01212	0.45848	0.19216	0.01184	0.08033	0.01576	0.01122	0.01499	0.01138	0.01484	0.11981	0.01374	0.01293	0.00547	0.00426	0.00134	0.00564	0.00414	0.00276	0.00678
6	0.01484	0.17168	0.08726	0.03765	0.01930	0.21872	0.21651	0.06559	0.01329	0.03682	0.02869	0.01195	0.00843	0.00504	0.00492	0.00145	0.00749	0.00436	0.00289	0.04311
7	0.01272	0.01171	0.01267	0.01187	0.11165	0.09527	0.00819	0.09646	0.05787	0.01827	0.01396	0.01496	0.07433	0.00537	0.00454	0.00116	0.00488	0.00433	0.00349	0.43632
8	0.01357	0.04927	0.08017	0.11690	0.03478	0.06457	0.01044	0.08014	0.03488	0.12529	0.03009	0.01752	0.09622	0.00724	0.00768	0.00171	0.17702	0.00524	0.00363	0.04365

[dist]
# distance from previous block
# <min> <max>
2	14

[block]
# block no. 3 follows, 47 sequences, length 9
# corresponding to MSA columns:
# 192-200
name=unknown_D
#
# <colnr> <probs for GDERKNQSTAVLIFYWHMCP>
#	G	D	E	R	K	N	Q	S	T	A	V	L	I	F	Y	W	H	M	C	P
0	0.03444	0.11617	0.32657	0.06425	0.01858	0.01257	0.03525	0.07676	0.03973	0.07464	0.07617	0.01419	0.01129	0.00583	0.00547	0.00159	0.04491	0.00454	0.00325	0.03381
1	0.01209	0.01108	0.10609	0.01039	0.01365	0.00956	0.00938	0.01941	0.29226	0.09730	0.02051	0.02962	0.01804	0.00871	0.00570	0.00184	0.00478	0.23668	0.00467	0.08828
2	0.00698	0.00531	0.00642	0.00614	0.00754	0.00475	0.00461	0.00908	0.01382	0.01871	0.54903	0.04248	0.28322	0.01146	0.00615	0.00168	0.00251	0.00992	0.00545	0.00475
3	0.01175	0.01008	0.01066	0.00968	0.01236	0.01138	0.00750	0.02402	0.63151	0.02078	0.07507	0.02447	0.11207	0.00805	0.00546	0.00176	0.00383	0.00675	0.00527	0.00755
4	0.01343	0.01222	0.01413	0.01746	0.29572	0.14344	0.01026	0.01689	0.09339	0.09731	0.02262	0.02284	0.20352	0.00736	0.00535	0.00159	0.00544	0.00621	0.00386	0.00697
5	0.01307	0.00943	0.01112	0.00832	0.01264	0.00779	0.00666	0.01686	0.10517	0.14091	0.01253	0.01296	0.00955	0.00466	0.00425	0.00103	0.00398	0.00377	0.00389	0.61139
6	0.01080	0.00926	0.01080	0.00771	0.01234	0.00694	0.00617	0.01311	0.01080	0.01697	0.00926	0.01080	0.00771	0.00386	0.00386	0.00077	0.00386	0.00309	0.00309	0.84882
7	0.01410	0.01097	0.01410	0.17676	0.10310	0.01189	0.01033	0.22607	0.14581	0.06990	0.01470	0.08514	0.01203	0.00671	0.00524	0.00162	0.00528	0.00568	0.00421	0.07636
8	0.01678	0.01329	0.01335	0.10748	0.01679	0.15890	0.00919	0.20020	0.08341	0.16482	0.06879	0.01541	0.01239	0.00614	0.00506	0.00150	0.00576	0.00482	0.00445	0.09148

[dist]
# distance from previous block
# <min> <max>
2	48

[block]
# block no. 4 follows, 47 sequences, length 13
# corresponding to MSA columns:
# 250-262
name=unknown_E
#
# <colnr> <probs for GDERKNQSTAVLIFYWHMCP>
#	G	D	E	R	K	N	Q	S	T	A	V	L	I	F	Y	W	H	M	C	P
0	0.04343	0.08805	0.04870	0.01154	0.05497	0.13550	0.00903	0.24122	0.04727	0.04824	0.05829	0.12940	0.04694	0.00777	0.00518	0.00159	0.00553	0.00624	0.00420	0.00693
1	0.01540	0.18708	0.01757	0.04926	0.18842	0.01342	0.01027	0.08034	0.17484	0.16209	0.01410	0.01442	0.01056	0.00565	0.00476	0.00151	0.00516	0.00462	0.03267	0.00785
2	0.16722	0.01237	0.01227	0.01022	0.01363	0.04275	0.00822	0.29906	0.26085	0.05993	0.01474	0.01443	0.01084	0.00622	0.00479	0.00161	0.00484	0.00472	0.04348	0.00779
3	0.01592	0.01223	0.01444	0.19023	0.01947	0.01380	0.01022	0.48341	0.05620	0.02567	0.01303	0.04329	0.01035	0.06013	0.00668	0.00186	0.00578	0.00529	0.00441	0.00759
4	0.01057	0.20334	0.43901	0.01179	0.01714	0.01265	0.01372	0.01451	0.01024	0.01436	0.01011	0.01370	0.00857	0.07930	0.11716	0.00276	0.00786	0.00417	0.00237	0.00665
5	0.01989	0.01332	0.01476	0.01128	0.01545	0.01419	0.00931	0.59899	0.02209	0.15972	0.01368	0.01329	0.00947	0.00615	0.00514	0.00153	0.00540	0.00469	0.00530	0.05635
6	0.12595	0.00809	0.07400	0.00736	0.00952	0.00677	0.00621	0.01133	0.06246	0.01794	0.24797	0.15910	0.22288	0.01068	0.00566	0.00175	0.00337	0.00906	0.00467	0.00523
7	0.01144	0.25357	0.57208	0.01315	0.01992	0.01453	0.01629	0.01624	0.01088	0.01528	0.00874	0.01024	0.00662	0.00481	0.00449	0.00150	0.00709	0.00354	0.00221	0.00741
8	0.00689	0.00512	0.00643	0.00663	0.00770	0.00467	0.00486	0.00869	0.01273	0.01719	0.39435	0.25645	0.19035	0.01289	0.00633	0.00183	0.00275	0.04426	0.00526	0.00462
9	0.00666	0.00508	0.00660	0.00743	0.00789	0.00503	0.00516	0.00763	0.01008	0.01334	0.03029	0.66410	0.12699	0.01544	0.00728	0.00208	0.05627	0.01364	0.00467	0.00435
10	0.01836	0.01380	0.01484	0.01148	0.01557	0.01505	0.00942	0.63019	0.09663	0.03038	0.01307	0.01303	0.00945	0.00613	0.00510	0.00151	0.00541	0.00467	0.00504	0.08089
11	0.01255	0.01024	0.01163	0.08282	0.03755	0.04029	0.00766	0.20183	0.04033	0.01893	0.01280	0.04727	0.01173	0.18881	0.00966	0.00216	0.00515	0.00524	0.00368	0.24970
12	0.01142	0.00898	0.01077	0.00902	0.04186	0.00785	0.00677	0.03072	0.12115	0.06220	0.16095	0.01797	0.01722	0.00585	0.00466	0.00117	0.00379	0.00492	0.00413	0.46861

[dist]
# distance from previous block
# <min> <max>
9	24

[block]
# block no. 5 follows, 47 sequences, length 11
# corresponding to MSA columns:
# 289-299
name=unknown_F
#
# <colnr> <probs for GDERKNQSTAVLIFYWHMCP>
#	G	D	E	R	K	N	Q	S	T	A	V	L	I	F	Y	W	H	M	C	P
0	0.07914	0.14289	0.03619	0.13105	0.01727	0.11636	0.07511	0.01614	0.03221	0.10340	0.07267	0.07231	0.01398	0.00683	0.00519	0.00160	0.01920	0.03457	0.01760	0.00629
1	0.09093	0.11543	0.16673	0.01272	0.08407	0.06212	0.01096	0.11637	0.06330	0.05556	0.01314	0.07851	0.01150	0.00674	0.00509	0.00161	0.01873	0.04762	0.00356	0.03532
2	0.12186	0.03040	0.15314	0.01102	0.01509	0.01193	0.03953	0.18976	0.15092	0.10077	0.01606	0.09043	0.03257	0.00703	0.00509	0.00168	0.00522	0.00571	0.00435	0.00745
3	0.01583	0.07659	0.24285	0.01222	0.01748	0.01447	0.01223	0.42519	0.01830	0.02512	0.01090	0.01161	0.00793	0.00553	0.00488	0.00148	0.00613	0.00416	0.00392	0.08319
4	0.01475	0.13653	0.34305	0.01255	0.01820	0.04736	0.01348	0.25794	0.01554	0.04512	0.01035	0.01123	0.00758	0.00532	0.00475	0.00150	0.00658	0.00396	0.00336	0.04086
5	0.01980	0.01459	0.01563	0.01198	0.01615	0.01615	0.00990	0.76713	0.02448	0.03282	0.01250	0.01250	0.00886	0.00625	0.00521	0.00156	0.00573	0.00469	0.00521	0.00886
6	0.00698	0.00512	0.00656	0.00660	0.00765	0.00469	0.00480	0.00893	0.01323	0.01825	0.51489	0.23878	0.11946	0.01236	0.00627	0.00177	0.00262	0.01096	0.00541	0.00469
7	0.06981	0.05841	0.67348	0.01470	0.05074	0.01243	0.01773	0.01635	0.01086	0.01682	0.00913	0.01078	0.00660	0.00491	0.00477	0.00162	0.00729	0.00376	0.00229	0.00753
8	0.00760	0.00585	0.00715	0.00724	0.00862	0.00547	0.00539	0.01030	0.07202	0.01656	0.22938	0.29528	0.15983	0.01252	0.00618	0.00183	0.00311	0.07667	0.00498	0.06402
9	0.00625	0.00516	0.00541	0.00558	0.00704	0.00440	0.00405	0.00745	0.01139	0.01377	0.04753	0.16011	0.63748	0.05197	0.00720	0.00197	0.00281	0.01138	0.00476	0.00431
10	0.24039	0.01204	0.01195	0.01100	0.05892	0.05792	0.00824	0.17558	0.24225	0.07732	0.01401	0.01397	0.01040	0.00597	0.00461	0.00161	0.00481	0.00451	0.03702	0.00746

[dist]
# distance from previous block
# <min> <max>
16	58

[block]
# block no. 6 follows, 47 sequences, length 6
# corresponding to MSA columns:
# 370-375
name=unknown_G
#
# <colnr> <probs for GDERKNQSTAVLIFYWHMCP>
#	G	D	E	R	K	N	Q	S	T	A	V	L	I	F	Y	W	H	M	C	P
0	0.07616	0.16098	0.10859	0.01034	0.01375	0.17015	0.02869	0.05416	0.04350	0.03582	0.01820	0.09061	0.13446	0.00758	0.00518	0.00156	0.02471	0.00587	0.00345	0.00622
1	0.01397	0.11369	0.27961	0.01101	0.01579	0.06557	0.01152	0.08993	0.01360	0.15506	0.07440	0.01858	0.10184	0.00670	0.00504	0.00156	0.00580	0.00527	0.00386	0.00719
2	0.01335	0.33127	0.32346	0.01181	0.01739	0.01605	0.01306	0.12743	0.06886	0.01764	0.00986	0.01081	0.00764	0.00510	0.00439	0.00144	0.00632	0.00371	0.00288	0.00751
3	0.13870	0.21875	0.13069	0.08785	0.01666	0.16422	0.01035	0.06382	0.01216	0.01631	0.01145	0.01273	0.06043	0.00553	0.00433	0.00143	0.00628	0.00393	0.00286	0.03150
4	0.01132	0.18074	0.09178	0.00916	0.01211	0.12397	0.00808	0.04453	0.06806	0.01500	0.04776	0.12578	0.18309	0.04889	0.00621	0.00175	0.00513	0.00710	0.00371	0.00584
5	0.16155	0.07069	0.01265	0.00949	0.01251	0.01233	0.00778	0.30724	0.01571	0.02334	0.07794	0.07454	0.01375	0.01017	0.08247	0.00223	0.03826	0.00537	0.00417	0.05778

[dist]
# distance from previous block
# <min> <max>
32	126

[block]
# block no. 7 follows, 47 sequences, length 20
# corresponding to MSA columns:
# 510-529
name=unknown_H
#
# <colnr> <probs for GDERKNQSTAVLIFYWHMCP>
#	G	D	E	R	K	N	Q	S	T	A	V	L	I	F	Y	W	H	M	C	P
0	0.12723	0.01240	0.01191	0.01047	0.01330	0.08753	0.00825	0.10675	0.42734	0.02179	0.05886	0.01684	0.01418	0.00683	0.00569	0.00170	0.05170	0.00522	0.00461	0.00742
1	0.01506	0.01438	0.16632	0.01427	0.01889	0.03776	0.23730	0.01892	0.04184	0.25101	0.01670	0.01724	0.06852	0.00619	0.00616	0.00171	0.05071	0.00561	0.00396	0.00745
2	0.01126	0.31806	0.01544	0.00818	0.01102	0.10046	0.00698	0.01372	0.06414	0.01414	0.08542	0.02505	0.23766	0.03040	0.03563	0.00180	0.00510	0.00623	0.00358	0.00574
3	0.01722	0.01273	0.01378	0.01102	0.01445	0.01401	0.00886	0.59817	0.06334	0.02874	0.01503	0.10432	0.01269	0.05285	0.00657	0.00183	0.00530	0.00606	0.00506	0.00798
4	0.01392	0.82012	0.02729	0.00891	0.01337	0.02061	0.00891	0.01559	0.01058	0.01225	0.00724	0.00835	0.00668	0.00446	0.00334	0.00111	0.00557	0.00278	0.00223	0.00668
5	0.01569	0.01145	0.01260	0.01039	0.01330	0.01246	0.00831	0.51108	0.01941	0.02595	0.01578	0.06627	0.01438	0.14380	0.00909	0.00227	0.00536	0.09042	0.00480	0.00718
6	0.01607	0.01105	0.01228	0.01045	0.01378	0.01212	0.00830	0.11044	0.51956	0.19540	0.02007	0.01827	0.01443	0.00683	0.00527	0.00171	0.00437	0.00561	0.00555	0.00845
7	0.01193	0.01297	0.02475	0.01860	0.02174	0.01429	0.46061	0.01500	0.01055	0.01500	0.00904	0.01297	0.00747	0.00630	0.01057	0.00197	0.33174	0.00550	0.00249	0.00649
8	0.01980	0.01459	0.01563	0.01198	0.01615	0.01615	0.00990	0.76713	0.02448	0.03282	0.01250	0.01250	0.00886	0.00625	0.00521	0.00156	0.00573	0.00469	0.00521	0.00886
9	0.00755	0.00508	0.00582	0.00578	0.00592	0.00503	0.00335	0.00783	0.00838	0.01131	0.10261	0.03462	0.02233	0.72617	0.02421	0.00466	0.00476	0.00778	0.00345	0.00335
10	0.01030	0.02589	0.75190	0.01444	0.02182	0.01174	0.01854	0.01617	0.01118	0.01671	0.04693	0.01235	0.00867	0.00522	0.00501	0.00165	0.00744	0.00412	0.00237	0.00756
11	0.01201	0.35746	0.38331	0.01223	0.01770	0.01609	0.01403	0.01567	0.01048	0.01427	0.00818	0.00993	0.00666	0.00521	0.00564	0.00150	0.09688	0.00348	0.00222	0.00705
12	0.00657	0.00525	0.00587	0.00580	0.00731	0.00456	0.00432	0.00824	0.01272	0.01627	0.29148	0.08654	0.50169	0.01252	0.00618	0.00174	0.00260	0.01067	0.00513	0.00456
13	0.01253	0.01316	0.02360	0.07258	0.18931	0.04048	0.38270	0.01762	0.10947	0.01691	0.01140	0.01412	0.00885	0.00502	0.00602	0.00169	0.03493	0.00545	0.00294	0.03121
14	0.01192	0.00931	0.01153	0.00983	0.01248	0.00940	0.03651	0.22925	0.01506	0.02071	0.08001	0.16643	0.03692	0.00946	0.00621	0.00170	0.04175	0.12318	0.00448	0.16387
15	0.24747	0.05674	0.01796	0.01359	0.04333	0.01214	0.25420	0.07197	0.01194	0.04654	0.01208	0.01524	0.03806	0.00566	0.00530	0.00163	0.03429	0.03891	0.00331	0.06962
16	0.14733	0.01077	0.01149	0.01057	0.03974	0.05407	0.02289	0.23146	0.06969	0.04665	0.02687	0.11261	0.02597	0.05441	0.00657	0.00196	0.00502	0.11094	0.00444	0.00655
17	0.01671	0.01577	0.01472	0.03307	0.05842	0.26341	0.04776	0.25555	0.03008	0.06174	0.03693	0.05905	0.05365	0.00680	0.00522	0.00154	0.00656	0.00539	0.00405	0.02359
18	0.05668	0.17902	0.01467	0.02272	0.03951	0.04932	0.00830	0.05014	0.09795	0.04873	0.13513	0.03590	0.01660	0.00736	0.00669	0.00162	0.13165	0.02411	0.06758	0.00632
19	0.05666	0.04198	0.01327	0.01361	0.15645	0.08822	0.02080	0.08011	0.07694	0.04038	0.09275	0.02350	0.10180	0.05232	0.00705	0.00183	0.04501	0.05304	0.00391	0.03039

[dist]
# distance from previous block
# <min> <max>
1	50

[block]
# block no. 8 follows, 47 sequences, length 20
# corresponding to MSA columns:
# 583-602
name=unknown_I
#
# <colnr> <probs for GDERKNQSTAVLIFYWHMCP>
#	G	D	E	R	K	N	Q	S	T	A	V	L	I	F	Y	W	H	M	C	P
0	0.07019	0.01077	0.01254	0.03235	0.08695	0.02920	0.00832	0.24360	0.04658	0.14640	0.01432	0.04731	0.01188	0.13231	0.00832	0.00207	0.00513	0.00536	0.00437	0.08204
1	0.10722	0.01185	0.01733	0.01768	0.23608	0.03482	0.13397	0.04709	0.03441	0.05827	0.01032	0.01234	0.00815	0.00490	0.00534	0.00144	0.04302	0.00434	0.00316	0.20826
2	0.05024	0.01274	0.05338	0.01157	0.01476	0.05156	0.04026	0.15633	0.18975	0.13769	0.01440	0.03787	0.01105	0.00686	0.00710	0.00171	0.13904	0.00511	0.00433	0.05425
3	0.03249	0.11680	0.17168	0.01086	0.01473	0.16599	0.01018	0.08549	0.04981	0.03990	0.01522	0.11825	0.05266	0.00729	0.00497	0.00154	0.00600	0.02396	0.00349	0.06868
4	0.16735	0.01079	0.01123	0.01004	0.03547	0.04521	0.00776	0.26876	0.05616	0.04724	0.16637	0.06936	0.01955	0.00796	0.00523	0.00168	0.00460	0.05371	0.00475	0.00677
5	0.13096	0.17670	0.05445	0.00894	0.01213	0.14894	0.00772	0.01502	0.01252	0.05049	0.23524	0.01827	0.01934	0.00654	0.00460	0.00140	0.00502	0.00502	0.00373	0.08297
6	0.01392	0.82012	0.02729	0.00891	0.01337	0.02061	0.00891	0.01559	0.01058	0.01225	0.00724	0.00835	0.00668	0.00446	0.00334	0.00111	0.00557	0.00278	0.00223	0.00668
7	0.01119	0.02170	0.48177	0.01773	0.02444	0.01253	0.32222	0.01657	0.01152	0.01657	0.00983	0.01223	0.00713	0.00472	0.00543	0.00169	0.00814	0.00478	0.00238	0.00742
8	0.07555	0.00945	0.01013	0.00882	0.01147	0.00991	0.00712	0.31690	0.01672	0.02269	0.04772	0.08802	0.24516	0.01005	0.00571	0.00177	0.00428	0.09730	0.00489	0.00635
9	0.00936	0.04870	0.44343	0.01199	0.01681	0.01015	0.01368	0.01354	0.00991	0.01454	0.01113	0.01474	0.00921	0.01878	0.32616	0.00436	0.01015	0.00451	0.00244	0.00642
10	0.01573	0.01257	0.01334	0.01116	0.01460	0.01425	0.00891	0.32786	0.47038	0.02626	0.01767	0.01662	0.01304	0.00673	0.00526	0.00168	0.00477	0.00540	0.00526	0.00849
11	0.01834	0.01199	0.01342	0.01083	0.01454	0.01292	0.00877	0.32729	0.28005	0.21812	0.01750	0.01619	0.01229	0.00658	0.00525	0.00164	0.00485	0.00524	0.00555	0.00865
12	0.01350	0.01106	0.01179	0.01053	0.01353	0.01267	0.00821	0.02755	0.73498	0.06222	0.02116	0.01934	0.01574	0.00703	0.00530	0.00176	0.00414	0.00585	0.00536	0.00828
13	0.01980	0.01459	0.01563	0.01198	0.01615	0.01615	0.00990	0.76713	0.02448	0.03282	0.01250	0.01250	0.00886	0.00625	0.00521	0.00156	0.00573	0.00469	0.00521	0.00886
14	0.01980	0.01459	0.01563	0.01198	0.01615	0.01615	0.00990	0.76713	0.02448	0.03282	0.01250	0.01250	0.00886	0.00625	0.00521	0.00156	0.00573	0.00469	0.00521	0.00886
15	0.01392	0.82012	0.02729	0.00891	0.01337	0.02061	0.00891	0.01559	0.01058	0.01225	0.00724	0.00835	0.00668	0.00446	0.00334	0.00111	0.00557	0.00278	0.00223	0.00668
16	0.00615	0.00528	0.00528	0.00528	0.00703	0.00440	0.00396	0.00747	0.01187	0.01407	0.05276	0.05012	0.78238	0.01319	0.00615	0.00176	0.00264	0.01099	0.00484	0.00440
17	0.01045	0.02694	0.79000	0.01484	0.02254	0.01209	0.01924	0.01649	0.01099	0.01649	0.00935	0.01099	0.00660	0.00495	0.00495	0.00165	0.00770	0.00385	0.00220	0.00770
18	0.00615	0.00528	0.00528	0.00528	0.00703	0.00440	0.00396	0.00747	0.01187	0.01407	0.05276	0.05012	0.78238	0.01319	0.00615	0.00176	0.00264	0.01099	0.00484	0.00440
19	0.00615	0.00528	0.00528	0.00528	0.00703	0.00440	0.00396	0.00747	0.01187	0.01407	0.05276	0.05012	0.78238	0.01319	0.00615	0.00176	0.00264	0.01099	0.00484	0.00440

[dist]
# distance from previous block
# <min> <max>
32	49

[block]
# block no. 9 follows, 47 sequences, length 19
# corresponding to MSA columns:
# 664-682
name=unknown_J
#
# <colnr> <probs for GDERKNQSTAVLIFYWHMCP>
#	G	D	E	R	K	N	Q	S	T	A	V	L	I	F	Y	W	H	M	C	P
0	0.03524	0.02410	0.01493	0.24711	0.14877	0.03565	0.03977	0.04608	0.02578	0.06511	0.01357	0.01691	0.06012	0.06029	0.00718	0.00182	0.05310	0.00508	0.00315	0.09623
1	0.01184	0.01125	0.01925	0.21206	0.53235	0.01177	0.03758	0.01502	0.01154	0.01603	0.01091	0.01631	0.00942	0.00544	0.00534	0.00166	0.00635	0.05582	0.00267	0.00739
2	0.85377	0.01007	0.00765	0.00685	0.01007	0.01168	0.00564	0.01531	0.00886	0.02336	0.00725	0.00846	0.00564	0.00483	0.00322	0.00161	0.00403	0.00282	0.00322	0.00564
3	0.01139	0.01139	0.01595	0.01367	0.01367	0.01595	0.01139	0.01253	0.00798	0.01253	0.00684	0.01139	0.00684	0.00911	0.01709	0.00228	0.80745	0.00456	0.00228	0.00570
4	0.01240	0.01038	0.01127	0.00992	0.01171	0.05830	0.00779	0.12800	0.19279	0.01857	0.01550	0.01852	0.03441	0.08365	0.07836	0.00260	0.16377	0.00541	0.13034	0.00630
5	0.00983	0.00926	0.01562	0.80447	0.03587	0.01157	0.01446	0.01331	0.01041	0.01331	0.00926	0.01388	0.00694	0.00521	0.00521	0.00174	0.00694	0.00463	0.00231	0.00579
6	0.08706	0.02540	0.71892	0.01412	0.02141	0.01206	0.01801	0.01638	0.01080	0.01712	0.00916	0.01076	0.00651	0.00494	0.00479	0.00165	0.00736	0.00375	0.00229	0.00751
7	0.01126	0.00849	0.01005	0.00802	0.01148	0.00710	0.00623	0.07857	0.01211	0.06860	0.01599	0.19974	0.03513	0.00739	0.00478	0.00124	0.00383	0.00631	0.00395	0.49973
8	0.01980	0.01459	0.01563	0.01198	0.01615	0.01615	0.00990	0.76713	0.02448	0.03282	0.01250	0.01250	0.00886	0.00625	0.00521	0.00156	0.00573	0.00469	0.00521	0.00886
9	0.01143	0.05410	0.71110	0.01426	0.02160	0.01210	0.01810	0.01705	0.01124	0.06755	0.01001	0.01135	0.00702	0.00503	0.00491	0.00163	0.00740	0.00390	0.00248	0.00774
10	0.00967	0.00598	0.00682	0.00621	0.00835	0.00510	0.00480	0.01127	0.01282	0.16647	0.13578	0.04240	0.54186	0.01156	0.00597	0.00171	0.00297	0.00967	0.00526	0.00533
11	0.01980	0.01459	0.01563	0.01198	0.01615	0.01615	0.00990	0.76713	0.02448	0.03282	0.01250	0.01250	0.00886	0.00625	0.00521	0.00156	0.00573	0.00469	0.00521	0.00886
12	0.00808	0.00616	0.00732	0.00731	0.00872	0.00598	0.00548	0.06011	0.06539	0.01764	0.24196	0.25373	0.21203	0.01255	0.00624	0.00186	0.00316	0.06604	0.00514	0.00508
13	0.00937	0.00911	0.01068	0.01018	0.01131	0.12353	0.07648	0.01075	0.01060	0.01337	0.02095	0.49286	0.02389	0.01450	0.06149	0.00241	0.07891	0.01074	0.00394	0.00492
14	0.01980	0.01459	0.01563	0.01198	0.01615	0.01615	0.00990	0.76713	0.02448	0.03282	0.01250	0.01250	0.00886	0.00625	0.00521	0.00156	0.00573	0.00469	0.00521	0.00886
15	0.21283	0.01408	0.27935	0.00998	0.01394	0.00910	0.02494	0.01318	0.01051	0.03582	0.01901	0.19081	0.10353	0.00870	0.00515	0.00178	0.00505	0.03276	0.00353	0.00598
16	0.08864	0.37940	0.02058	0.01093	0.01475	0.22402	0.06077	0.06751	0.01277	0.03972	0.00980	0.01084	0.02999	0.00517	0.00415	0.00133	0.00656	0.00362	0.00287	0.00659
17	0.01940	0.06862	0.01641	0.01178	0.01596	0.01645	0.00983	0.71672	0.02355	0.03144	0.01215	0.01222	0.00871	0.00613	0.00508	0.00153	0.00572	0.00456	0.00501	0.00871
18	0.01272	0.34922	0.13237	0.01559	0.02085	0.01610	0.35128	0.01621	0.01141	0.01482	0.00901	0.01128	0.00722	0.00449	0.00482	0.00148	0.00730	0.00444	0.00241	0.00697

[dist]
# distance from previous block
# <min> <max>
0	6

[block]
# block no. 10 follows, 47 sequences, length 36
# corresponding to MSA columns:
# 689-724
name=unknown_K
#
# <colnr> <probs for GDERKNQSTAVLIFYWHMCP>
#	G	D	E	R	K	N	Q	S	T	A	V	L	I	F	Y	W	H	M	C	P
0	0.01548	0.09294	0.03094	0.00999	0.01378	0.01295	0.00843	0.40070	0.03658	0.03708	0.11075	0.01576	0.01403	0.00626	0.00486	0.00140	0.00484	0.00489	0.04400	0.13436
1	0.01056	0.05231	0.76560	0.01465	0.02225	0.01237	0.01891	0.01646	0.01098	0.01636	0.00928	0.01091	0.00660	0.00493	0.00490	0.00163	0.00763	0.00381	0.00220	0.00766
2	0.00967	0.00731	0.00888	0.00906	0.02953	0.00771	0.00654	0.03198	0.19820	0.05752	0.05173	0.37756	0.10315	0.01208	0.00664	0.00194	0.04427	0.02556	0.00488	0.00580
3	0.01177	0.32924	0.49931	0.01258	0.01904	0.01534	0.01530	0.01615	0.01084	0.01488	0.00854	0.00999	0.00663	0.00476	0.00434	0.00145	0.00689	0.00344	0.00221	0.00731
4	0.01159	0.01102	0.01871	0.31139	0.49088	0.01185	0.01511	0.01476	0.01128	0.01556	0.01014	0.03607	0.00852	0.00518	0.00522	0.00163	0.00637	0.00493	0.00255	0.00724
5	0.00706	0.00507	0.00655	0.00750	0.00801	0.00486	0.00510	0.04771	0.01074	0.01433	0.02784	0.77094	0.03308	0.01578	0.00657	0.00209	0.00317	0.01427	0.00485	0.00448
6	0.00742	0.00559	0.00772	0.00797	0.00914	0.00526	0.03086	0.00938	0.01228	0.01642	0.25479	0.24787	0.12529	0.01331	0.00658	0.00200	0.00351	0.22489	0.00502	0.00471
7	0.01242	0.01306	0.01954	0.26456	0.21690	0.10756	0.14249	0.01535	0.01127	0.01463	0.00911	0.01275	0.00739	0.00552	0.00704	0.00172	0.12487	0.00473	0.00247	0.00663
8	0.00983	0.00926	0.01562	0.80447	0.03587	0.01157	0.01446	0.01331	0.01041	0.01331	0.00926	0.01388	0.00694	0.00521	0.00521	0.00174	0.00694	0.00463	0.00231	0.00579
9	0.00634	0.00513	0.00563	0.00583	0.00723	0.00442	0.00425	0.00771	0.01183	0.01473	0.13543	0.20413	0.54210	0.01352	0.00625	0.00182	0.00269	0.01158	0.00494	0.00442
10	0.01789	0.01289	0.01368	0.01082	0.01437	0.05285	0.00879	0.52124	0.02131	0.10295	0.15128	0.01760	0.01638	0.00702	0.00535	0.00157	0.00520	0.00552	0.00530	0.00801
11	0.01045	0.02694	0.79000	0.01484	0.02254	0.01209	0.01924	0.01649	0.01099	0.01649	0.00935	0.01099	0.00660	0.00495	0.00495	0.00165	0.00770	0.00385	0.00220	0.00770
12	0.00648	0.00471	0.00612	0.00700	0.00755	0.00434	0.00478	0.00765	0.01082	0.01449	0.14320	0.64129	0.09184	0.01524	0.00654	0.00202	0.00291	0.01372	0.00497	0.00434
13	0.01918	0.01776	0.01501	0.01237	0.01590	0.28646	0.00989	0.47473	0.02056	0.02509	0.01162	0.01346	0.00904	0.00630	0.00512	0.00152	0.00696	0.03702	0.00431	0.00770
14	0.01223	0.11177	0.43908	0.01564	0.02202	0.01372	0.20147	0.09164	0.01262	0.01770	0.00972	0.01160	0.00716	0.00489	0.00509	0.00161	0.00753	0.00438	0.00261	0.00753
15	0.01078	0.00999	0.00983	0.00964	0.03910	0.11154	0.00698	0.01689	0.26341	0.01863	0.26445	0.09559	0.10337	0.00930	0.00568	0.00169	0.00412	0.00791	0.00491	0.00616
16	0.00639	0.00483	0.00591	0.00659	0.00742	0.00435	0.00458	0.00758	0.01101	0.01428	0.11131	0.50871	0.25856	0.01482	0.00645	0.00196	0.00285	0.01313	0.00492	0.00435
17	0.01045	0.02694	0.79000	0.01484	0.02254	0.01209	0.01924	0.01649	0.01099	0.01649	0.00935	0.01099	0.00660	0.00495	0.00495	0.00165	0.00770	0.00385	0.00220	0.00770
18	0.01651	0.01129	0.02119	0.01617	0.04527	0.01036	0.37812	0.01975	0.01338	0.33023	0.03201	0.01830	0.01195	0.00587	0.00580	0.00172	0.00659	0.04348	0.00436	0.00765
19	0.00983	0.00926	0.01562	0.80447	0.03587	0.01157	0.01446	0.01331	0.01041	0.01331	0.00926	0.01388	0.00694	0.00521	0.00521	0.00174	0.00694	0.00463	0.00231	0.00579
20	0.01057	0.05597	0.76208	0.01463	0.02220	0.01241	0.01886	0.01646	0.01098	0.01634	0.00927	0.01090	0.00660	0.00493	0.00489	0.00163	0.00762	0.00381	0.00220	0.00766
21	0.00895	0.00792	0.01319	0.01129	0.01321	0.02742	0.19346	0.01121	0.01046	0.01439	0.05308	0.16712	0.01904	0.07741	0.23811	0.00400	0.00803	0.07040	0.04620	0.00512
22	0.01066	0.01040	0.01851	0.57496	0.15763	0.01191	0.11329	0.01419	0.01090	0.01436	0.00951	0.01374	0.00728	0.00501	0.00532	0.00171	0.00706	0.00483	0.00240	0.00635
23	0.00651	0.00465	0.00623	0.00744	0.00781	0.00437	0.00512	0.00754	0.01013	0.01348	0.02861	0.75283	0.03408	0.01616	0.00669	0.00214	0.00316	0.07394	0.00483	0.00428
24	0.00681	0.00496	0.00641	0.00676	0.00762	0.00456	0.00480	0.00847	0.01236	0.01691	0.38296	0.38680	0.10443	0.01340	0.00637	0.00186	0.00272	0.01196	0.00525	0.00456
25	0.01152	0.01944	0.34859	0.01897	0.02526	0.01272	0.45314	0.01660	0.01175	0.01660	0.01004	0.01277	0.00736	0.00462	0.00564	0.00171	0.00833	0.00518	0.00245	0.00731
26	0.01116	0.00820	0.00949	0.00892	0.01075	0.00852	0.00680	0.27136	0.01533	0.02032	0.02502	0.41029	0.08832	0.01240	0.00615	0.00192	0.00407	0.07010	0.00496	0.00590
27	0.49292	0.01729	0.34241	0.01027	0.01541	0.01186	0.01146	0.01581	0.00977	0.02042	0.00815	0.00954	0.00605	0.00488	0.00396	0.00163	0.00560	0.00326	0.00278	0.00652
28	0.01009	0.00952	0.01609	0.73927	0.09904	0.01164	0.01459	0.01353	0.01053	0.01362	0.00930	0.01380	0.00705	0.00516	0.00520	0.00172	0.00688	0.00463	0.00234	0.00599
29	0.01176	0.01343	0.06456	0.01864	0.02337	0.01208	0.56694	0.04890	0.04043	0.01719	0.01536	0.05452	0.07477	0.00590	0.00604	0.00176	0.00763	0.00677	0.00311	0.00683
30	0.01945	0.02482	0.01476	0.01342	0.01610	0.79608	0.01006	0.02079	0.01476	0.01275	0.00805	0.00939	0.00671	0.00537	0.00470	0.00134	0.00939	0.00335	0.00268	0.00604
31	0.07190	0.00924	0.01175	0.00927	0.01302	0.00856	0.00763	0.10022	0.01523	0.60119	0.01998	0.04363	0.02741	0.00701	0.00523	0.00165	0.00448	0.02830	0.00599	0.00831
32	0.01032	0.02443	0.68662	0.01435	0.02113	0.01179	0.01795	0.01582	0.01092	0.01622	0.01071	0.01493	0.00853	0.00593	0.00575	0.00174	0.04801	0.06507	0.00242	0.00736
33	0.00652	0.00466	0.00624	0.00745	0.00783	0.00438	0.00513	0.00755	0.01014	0.01349	0.02861	0.74988	0.03407	0.01615	0.00669	0.00214	0.00317	0.07680	0.00483	0.00428
34	0.01211	0.01169	0.01606	0.07819	0.01739	0.10566	0.18416	0.05043	0.08025	0.04417	0.04910	0.19381	0.01625	0.00851	0.00722	0.00183	0.10585	0.00744	0.00370	0.00618
35	0.01076	0.06301	0.69019	0.01516	0.02250	0.01258	0.08174	0.01647	0.01108	0.01631	0.00935	0.01113	0.00671	0.00488	0.00497	0.00163	0.00769	0.00399	0.00224	0.00759

[dist]
# distance from previous block
# <min> <max>
21	29

[block]
# block no. 11 follows, 47 sequences, length 27
# corresponding to MSA columns:
# 758-784
name=unknown_L
#
# <colnr> <probs for GDERKNQSTAVLIFYWHMCP>
#	G	D	E	R	K	N	Q	S	T	A	V	L	I	F	Y	W	H	M	C	P
0	0.01235	0.01371	0.02880	0.02319	0.14087	0.01314	0.62813	0.01644	0.01209	0.01660	0.01030	0.01379	0.00792	0.00458	0.00635	0.00174	0.03435	0.00587	0.00261	0.00717
1	0.00983	0.00926	0.01562	0.80447	0.03587	0.01157	0.01446	0.01331	0.01041	0.01331	0.00926	0.01388	0.00694	0.00521	0.00521	0.00174	0.00694	0.00463	0.00231	0.00579
2	0.00673	0.00481	0.00647	0.00760	0.00809	0.00455	0.00542	0.00795	0.01053	0.01404	0.06570	0.65250	0.03444	0.01572	0.00671	0.00214	0.00328	0.13408	0.00487	0.00436
3	0.01980	0.01459	0.01563	0.01198	0.01615	0.01615	0.00990	0.76713	0.02448	0.03282	0.01250	0.01250	0.00886	0.00625	0.00521	0.00156	0.00573	0.00469	0.00521	0.00886
4	0.02255	0.01017	0.01290	0.00989	0.01395	0.00960	0.00817	0.19489	0.01709	0.61550	0.01871	0.01653	0.01197	0.00640	0.00523	0.00160	0.00473	0.00511	0.00616	0.00886
5	0.00634	0.00453	0.00604	0.00725	0.00755	0.00423	0.00483	0.00725	0.00997	0.01329	0.02870	0.81358	0.03444	0.01632	0.00665	0.00211	0.00302	0.01480	0.00483	0.00423
6	0.01045	0.02694	0.79000	0.01484	0.02254	0.01209	0.01924	0.01649	0.01099	0.01649	0.00935	0.01099	0.00660	0.00495	0.00495	0.00165	0.00770	0.00385	0.00220	0.00770
7	0.01196	0.01143	0.01946	0.26623	0.55747	0.01213	0.01552	0.01517	0.01142	0.01589	0.00963	0.01319	0.00785	0.00481	0.00517	0.00160	0.00642	0.00464	0.00250	0.00750
8	0.01289	0.01237	0.02114	0.03196	0.78450	0.01237	0.01598	0.01598	0.01186	0.01701	0.00980	0.01289	0.00825	0.00464	0.00516	0.00155	0.00619	0.00464	0.00258	0.00825
9	0.00757	0.00505	0.00568	0.00568	0.00568	0.00505	0.00316	0.00757	0.00757	0.01010	0.01641	0.03408	0.01893	0.81698	0.02651	0.00505	0.00505	0.00757	0.00316	0.00316
10	0.01229	0.01405	0.03073	0.02195	0.02722	0.01317	0.76558	0.01668	0.01229	0.01668	0.01054	0.01405	0.00790	0.00439	0.00615	0.00176	0.00878	0.00615	0.00263	0.00702
11	0.03661	0.01221	0.02032	0.01513	0.01948	0.04969	0.34583	0.03890	0.07297	0.29092	0.01492	0.01550	0.01034	0.00547	0.00553	0.00166	0.00657	0.00552	0.02474	0.00768
12	0.10346	0.01326	0.01394	0.01094	0.01479	0.01467	0.00898	0.58469	0.06804	0.05454	0.01298	0.01303	0.00931	0.00615	0.00494	0.00156	0.00525	0.00460	0.04656	0.00830
13	0.00617	0.00523	0.00532	0.00540	0.00707	0.00439	0.00401	0.00746	0.01175	0.01402	0.05128	0.09702	0.73644	0.01338	0.00619	0.00178	0.00266	0.01122	0.00484	0.00439
14	0.00991	0.00941	0.01610	0.77977	0.03559	0.01162	0.03817	0.01341	0.01047	0.01341	0.00930	0.01389	0.00697	0.00518	0.00524	0.00174	0.00700	0.00468	0.00232	0.00582
15	0.01073	0.09252	0.72694	0.01435	0.02178	0.01280	0.01839	0.01642	0.01096	0.01614	0.00917	0.01078	0.00660	0.00491	0.00481	0.00160	0.00752	0.00376	0.00220	0.00761
16	0.01195	0.01223	0.01683	0.50457	0.21408	0.12392	0.01420	0.01502	0.01138	0.01412	0.00921	0.01300	0.00722	0.00509	0.00512	0.00163	0.00711	0.00445	0.00243	0.00642
17	0.04451	0.39079	0.32726	0.01151	0.01717	0.01643	0.01298	0.09533	0.01215	0.01652	0.00863	0.00984	0.00684	0.00485	0.00417	0.00139	0.00637	0.00341	0.00257	0.00727
18	0.01847	0.03246	0.01265	0.01012	0.01350	0.09930	0.00811	0.11338	0.18189	0.35047	0.06829	0.03855	0.01515	0.00692	0.00523	0.00161	0.00495	0.00556	0.00542	0.00797
19	0.00634	0.00453	0.00604	0.00725	0.00755	0.00423	0.00483	0.00725	0.00997	0.01329	0.02870	0.81358	0.03444	0.01632	0.00665	0.00211	0.00302	0.01480	0.00483	0.00423
20	0.01111	0.01061	0.01767	0.44211	0.30716	0.01231	0.01471	0.01421	0.01069	0.01458	0.00921	0.01327	0.00741	0.00540	0.00639	0.00172	0.08775	0.00463	0.00241	0.00668
21	0.03357	0.02557	0.01182	0.13324	0.06414	0.03709	0.00854	0.20031	0.05236	0.01946	0.02614	0.02630	0.28311	0.00845	0.00566	0.00166	0.02262	0.00684	0.02679	0.00633
22	0.01222	0.01432	0.07484	0.05026	0.18690	0.01288	0.53611	0.01641	0.01206	0.01662	0.01026	0.01361	0.00786	0.00450	0.00583	0.00170	0.00810	0.00564	0.00258	0.00728
23	0.00706	0.00545	0.00663	0.00714	0.00832	0.00515	0.00540	0.00915	0.04593	0.01481	0.08737	0.29236	0.28856	0.01520	0.04482	0.00230	0.00374	0.14117	0.00481	0.00464
24	0.01213	0.03953	0.29451	0.03950	0.43632	0.03101	0.04062	0.01624	0.01157	0.01652	0.00954	0.01207	0.00755	0.00476	0.00505	0.00158	0.00688	0.00433	0.00243	0.00787
25	0.01613	0.10549	0.09323	0.01083	0.01486	0.01337	0.00964	0.20555	0.27211	0.15591	0.03833	0.01588	0.01262	0.00635	0.00503	0.00160	0.00505	0.00502	0.00482	0.00817
26	0.00646	0.00467	0.00613	0.00722	0.00767	0.00434	0.00494	0.00750	0.01032	0.01367	0.05208	0.70986	0.08062	0.01587	0.00663	0.00209	0.00306	0.04774	0.00486	0.00429

[dist]
# distance from previous block
# <min> <max>
0	4

[block]
# block no. 12 follows, 47 sequences, length 7
# corresponding to MSA columns:
# 789-795
name=unknown_M
#
# <colnr> <probs for GDERKNQSTAVLIFYWHMCP>
#	G	D	E	R	K	N	Q	S	T	A	V	L	I	F	Y	W	H	M	C	P
0	0.01278	0.10098	0.19146	0.04414	0.07313	0.01262	0.25634	0.07647	0.01284	0.06752	0.04359	0.06132	0.01116	0.00582	0.00538	0.00164	0.00683	0.00560	0.00319	0.00719
1	0.07518	0.05973	0.14948	0.01437	0.09808	0.11519	0.05766	0.17542	0.10209	0.03824	0.01240	0.05713	0.01005	0.00609	0.00500	0.00159	0.00628	0.00493	0.00364	0.00743
2	0.01174	0.01093	0.01870	0.16429	0.49042	0.01128	0.06267	0.01489	0.01158	0.01638	0.01165	0.01725	0.01008	0.00560	0.00529	0.00164	0.00613	0.06469	0.05757	0.00724
3	0.00697	0.00535	0.00641	0.00626	0.00770	0.00479	0.00478	0.00898	0.01344	0.01789	0.44834	0.04459	0.33150	0.01188	0.00622	0.00174	0.00269	0.06044	0.00532	0.00471
4	0.01656	0.01289	0.01401	0.01084	0.01492	0.12681	0.06249	0.15125	0.06168	0.18167	0.01285	0.01311	0.00937	0.00528	0.00476	0.00130	0.00550	0.00425	0.00421	0.28624
5	0.01157	0.01068	0.01753	0.37175	0.36485	0.01178	0.01433	0.05776	0.01184	0.01608	0.01077	0.05810	0.00917	0.00564	0.00526	0.00166	0.00632	0.00521	0.00274	0.00697
6	0.07565	0.14554	0.09016	0.05894	0.01494	0.04740	0.00962	0.16080	0.01339	0.06866	0.01402	0.01534	0.07058	0.00787	0.03900	0.00186	0.09703	0.00467	0.05785	0.00669

[dist]
# distance from previous block
# <min> <max>
0	4

[block]
# block no. 13 follows, 47 sequences, length 128
# corresponding to MSA columns:
# 800-927
name=unknown_N
#
# <colnr> <probs for GDERKNQSTAVLIFYWHMCP>
#	G	D	E	R	K	N	Q	S	T	A	V	L	I	F	Y	W	H	M	C	P
0	0.01341	0.01297	0.22488	0.03388	0.01565	0.00853	0.05250	0.01663	0.01241	0.24084	0.08845	0.02595	0.01753	0.07779	0.00747	0.00207	0.00557	0.13235	0.00432	0.00680
1	0.00760	0.00579	0.00741	0.00853	0.04424	0.00563	0.00566	0.04288	0.04982	0.01513	0.05646	0.58775	0.11467	0.01430	0.00637	0.00199	0.00328	0.01281	0.00480	0.00487
2	0.01622	0.01103	0.01220	0.01063	0.04079	0.04722	0.00815	0.20899	0.19763	0.20249	0.09729	0.02141	0.08765	0.00748	0.00539	0.00164	0.00461	0.00610	0.00533	0.00775
3	0.01045	0.02694	0.79000	0.01484	0.02254	0.01209	0.01924	0.01649	0.01099	0.01649	0.00935	0.01099	0.00660	0.00495	0.00495	0.00165	0.00770	0.00385	0.00220	0.00770
4	0.01344	0.01103	0.01444	0.20139	0.20468	0.04774	0.01101	0.19954	0.01454	0.02039	0.01191	0.01437	0.00919	0.00553	0.00481	0.00151	0.00553	0.00464	0.19735	0.00694
5	0.01512	0.33555	0.12330	0.01278	0.01713	0.27987	0.09988	0.01785	0.02853	0.01370	0.00848	0.00996	0.00702	0.00487	0.00438	0.00135	0.00748	0.00358	0.00249	0.00667
6	0.00967	0.02586	0.23762	0.00920	0.01224	0.03422	0.00894	0.01284	0.06145	0.04494	0.03470	0.06271	0.11239	0.29623	0.01289	0.00288	0.00544	0.00686	0.00346	0.00546
7	0.00804	0.00582	0.00791	0.00873	0.00997	0.00568	0.00744	0.01037	0.01248	0.01643	0.16591	0.05452	0.08821	0.01362	0.00693	0.00221	0.00422	0.56175	0.00497	0.00479
8	0.00731	0.00579	0.00601	0.00581	0.00772	0.00508	0.00440	0.00953	0.05971	0.04581	0.07376	0.04653	0.67930	0.01245	0.00606	0.00175	0.00280	0.01039	0.00496	0.00483
9	0.04930	0.10090	0.21289	0.01199	0.01652	0.14852	0.04881	0.03501	0.09534	0.17262	0.01369	0.04001	0.01980	0.00598	0.00490	0.00156	0.00637	0.00470	0.00373	0.00735
10	0.13351	0.01909	0.43521	0.01208	0.01789	0.01113	0.01373	0.01931	0.08127	0.18905	0.01261	0.01290	0.00870	0.00546	0.00480	0.00165	0.00612	0.00420	0.00357	0.00771
11	0.00634	0.00453	0.00604	0.00725	0.00755	0.00423	0.00483	0.00725	0.00997	0.01329	0.02870	0.81358	0.03444	0.01632	0.00665	0.00211	0.00302	0.01480	0.00483	0.00423
12	0.01204	0.01249	0.02418	0.17712	0.31544	0.01256	0.33663	0.01576	0.01176	0.01615	0.01001	0.01358	0.00785	0.00464	0.00559	0.00167	0.00744	0.00528	0.00255	0.00725
13	0.01570	0.01354	0.01926	0.01831	0.19116	0.04869	0.16608	0.29309	0.04651	0.05336	0.01241	0.04611	0.00984	0.00602	0.00586	0.00165	0.03522	0.00540	0.00391	0.00789
14	0.01045	0.02694	0.79000	0.01484	0.02254	0.01209	0.01924	0.01649	0.01099	0.01649	0.00935	0.01099	0.00660	0.00495	0.00495	0.00165	0.00770	0.00385	0.00220	0.00770
15	0.85377	0.01007	0.00765	0.00685	0.01007	0.01168	0.00564	0.01531	0.00886	0.02336	0.00725	0.00846	0.00564	0.00483	0.00322	0.00161	0.00403	0.00282	0.00322	0.00564
16	0.01045	0.02694	0.79000	0.01484	0.02254	0.01209	0.01924	0.01649	0.01099	0.01649	0.00935	0.01099	0.00660	0.00495	0.00495	0.00165	0.00770	0.00385	0.00220	0.00770
17	0.08202	0.01281	0.01887	0.02622	0.57907	0.03766	0.01397	0.10752	0.03819	0.01946	0.01024	0.01259	0.00831	0.00495	0.00500	0.00155	0.00599	0.00450	0.00304	0.00804
18	0.00634	0.00453	0.00604	0.00725	0.00755	0.00423	0.00483	0.00725	0.00997	0.01329	0.02870	0.81358	0.03444	0.01632	0.00665	0.00211	0.00302	0.01480	0.00483	0.00423
19	0.01992	0.01440	0.01551	0.01189	0.01605	0.01587	0.00982	0.74244	0.02417	0.05796	0.01277	0.01268	0.00899	0.00626	0.00521	0.00156	0.00569	0.00471	0.00525	0.00886
20	0.01277	0.01225	0.02092	0.06294	0.75448	0.01234	0.01592	0.01587	0.01180	0.01686	0.00977	0.01293	0.00820	0.00466	0.00516	0.00155	0.00622	0.00464	0.00257	0.00815
21	0.01149	0.03708	0.37616	0.01844	0.02479	0.01284	0.40985	0.01657	0.01166	0.01650	0.00992	0.01254	0.00728	0.00465	0.00554	0.00169	0.00822	0.00503	0.00243	0.00732
22	0.00649	0.00529	0.00574	0.00563	0.00724	0.00454	0.00422	0.00813	0.01267	0.01596	0.25484	0.04701	0.57912	0.01248	0.00615	0.00173	0.00259	0.01055	0.00508	0.00454
