[name]
unknown

[dist]
# distance from previous block
# <min> <max>
0	47

[block]
# block no. 0 follows, 49 sequences, length 6
# corresponding to MSA columns:
# 57-62
name=unknown_A
#
# <colnr> <probs for GDERKNQSTAVLIFYWHMCP>
#	G	D	E	R	K	N	Q	S	T	A	V	L	I	F	Y	W	H	M	C	P
0	0.01402	0.04646	0.01556	0.01674	0.26310	0.01227	0.01053	0.19931	0.17261	0.04741	0.03959	0.01585	0.01176	0.00586	0.00496	0.00150	0.00504	0.02964	0.00399	0.08382
1	0.01526	0.01187	0.07704	0.01168	0.08407	0.01035	0.00918	0.20046	0.07929	0.17633	0.03827	0.01402	0.01069	0.00544	0.00472	0.00134	0.00478	0.00441	0.00430	0.23650
2	0.10083	0.01154	0.01347	0.08656	0.13839	0.08575	0.03239	0.06599	0.10117	0.04753	0.01134	0.03679	0.00918	0.00522	0.00453	0.00135	0.00520	0.00431	0.00337	0.23509
3	0.01413	0.01180	0.01800	0.05934	0.38269	0.01205	0.07401	0.17085	0.05500	0.07285	0.03591	0.01394	0.00997	0.00523	0.00509	0.00152	0.00572	0.00482	0.00353	0.04356
4	0.01251	0.01152	0.01869	0.21456	0.53015	0.01221	0.01455	0.09375	0.01245	0.01726	0.00966	0.01271	0.00777	0.00480	0.00502	0.00155	0.00614	0.00451	0.00271	0.00750
5	0.01020	0.00965	0.01634	0.63913	0.20074	0.01141	0.01437	0.01349	0.01042	0.01371	0.00910	0.01327	0.00702	0.00493	0.00504	0.00164	0.00658	0.00450	0.00230	0.00614

[dist]
# distance from previous block
# <min> <max>
0	1

[block]
# block no. 1 follows, 49 sequences, length 12
# corresponding to MSA columns:
# 64-75
name=unknown_B
#
# <colnr> <probs for GDERKNQSTAVLIFYWHMCP>
#	G	D	E	R	K	N	Q	S	T	A	V	L	I	F	Y	W	H	M	C	P
0	0.01272	0.01043	0.01676	0.07922	0.49791	0.01051	0.01261	0.01624	0.05932	0.10350	0.11583	0.01689	0.01421	0.00567	0.00516	0.00155	0.00526	0.00527	0.00348	0.00747
1	0.01700	0.01117	0.07431	0.01086	0.06831	0.07031	0.00858	0.01925	0.01280	0.40552	0.01607	0.08418	0.01214	0.00631	0.00489	0.00144	0.00483	0.00522	0.00464	0.16214
2	0.00872	0.00695	0.00939	0.07810	0.07324	0.00722	0.00718	0.07003	0.01268	0.01731	0.26669	0.18235	0.11864	0.01046	0.00643	0.00175	0.04848	0.04875	0.02034	0.00525
3	0.00698	0.00520	0.00598	0.00584	0.00733	0.00454	0.00435	0.00864	0.01244	0.04319	0.30211	0.10452	0.44678	0.01197	0.00598	0.00169	0.00259	0.01024	0.00505	0.00458
4	0.00790	0.07189	0.00804	0.00655	0.00825	0.06850	0.00502	0.00944	0.01211	0.01494	0.22077	0.13047	0.39546	0.01129	0.00570	0.00164	0.00331	0.00952	0.00454	0.00467
5	0.01792	0.19977	0.01777	0.01095	0.01506	0.01667	0.00939	0.60027	0.02069	0.02730	0.01097	0.01122	0.00812	0.00567	0.00464	0.00142	0.00553	0.00413	0.00440	0.00812
6	0.01750	0.25903	0.01859	0.01073	0.01487	0.01699	0.00932	0.54484	0.01970	0.02584	0.01060	0.01092	0.00796	0.00554	0.00451	0.00139	0.00552	0.00399	0.00418	0.00796
7	0.01424	0.66389	0.05965	0.00943	0.01380	0.04796	0.00926	0.10481	0.01203	0.01446	0.00775	0.00874	0.00674	0.00459	0.00358	0.00116	0.00566	0.00299	0.00252	0.00676
8	0.01089	0.20381	0.62501	0.01313	0.01991	0.01358	0.01645	0.01582	0.01059	0.01510	0.00862	0.01011	0.00642	0.00470	0.00446	0.00149	0.00701	0.00351	0.00214	0.00725
9	0.01247	0.33202	0.40916	0.01204	0.01774	0.10806	0.01379	0.01617	0.01095	0.01401	0.00814	0.00951	0.00645	0.00467	0.00418	0.00137	0.00688	0.00328	0.00220	0.00691
10	0.01149	0.14228	0.44574	0.01610	0.16565	0.01284	0.01531	0.04592	0.01129	0.01616	0.00897	0.01068	0.00689	0.00465	0.00454	0.00144	0.00654	0.00371	0.00239	0.06741
11	0.02358	0.04927	0.15448	0.07508	0.02841	0.05400	0.09967	0.02833	0.12733	0.01697	0.13265	0.02048	0.09911	0.00672	0.00514	0.00155	0.00536	0.00581	0.00359	0.06247

[dist]
# distance from previous block
# <min> <max>
35	61

[block]
# block no. 2 follows, 49 sequences, length 12
# corresponding to MSA columns:
# 156-167
name=unknown_C
#
# <colnr> <probs for GDERKNQSTAVLIFYWHMCP>
#	G	D	E	R	K	N	Q	S	T	A	V	L	I	F	Y	W	H	M	C	P
0	0.01233	0.01202	0.01840	0.09472	0.47331	0.06001	0.06383	0.05008	0.01212	0.01656	0.04864	0.01469	0.03406	0.00534	0.00553	0.00154	0.03659	0.00490	0.00283	0.03251
1	0.01145	0.01192	0.12925	0.01232	0.11672	0.00918	0.00973	0.02870	0.01109	0.07073	0.04287	0.01422	0.04557	0.00547	0.00580	0.00129	0.09363	0.00424	0.00317	0.37267
2	0.00732	0.00513	0.00651	0.00616	0.00737	0.00475	0.00462	0.00965	0.01386	0.01988	0.68736	0.03649	0.07504	0.01003	0.00574	0.00156	0.00239	0.00880	0.08260	0.00475
3	0.01498	0.52004	0.02244	0.01196	0.08470	0.24482	0.00960	0.01663	0.01156	0.01246	0.00748	0.00880	0.00664	0.00460	0.00378	0.00118	0.00653	0.00303	0.00232	0.00645
4	0.01114	0.00768	0.00944	0.00734	0.01066	0.00619	0.00580	0.01339	0.01231	0.12904	0.26602	0.02040	0.02140	0.00627	0.00466	0.00114	0.00338	0.00531	0.00431	0.45412
5	0.01400	0.01235	0.08302	0.01047	0.01359	0.06779	0.00903	0.17630	0.23135	0.09612	0.04047	0.02341	0.01560	0.05474	0.00656	0.00190	0.00515	0.12652	0.00459	0.00706
6	0.01329	0.30203	0.18840	0.01067	0.01509	0.06173	0.03528	0.12825	0.01321	0.04933	0.07231	0.03106	0.04718	0.00593	0.00451	0.00140	0.00574	0.00456	0.00324	0.00679
7	0.00777	0.00512	0.00660	0.00698	0.00786	0.00479	0.00506	0.00912	0.01098	0.06144	0.17688	0.34812	0.09181	0.12132	0.00888	0.00232	0.00338	0.11237	0.00474	0.00446
8	0.00735	0.00490	0.00552	0.00552	0.00552	0.00490	0.00306	0.00735	0.00735	0.00980	0.01593	0.03309	0.01838	0.82229	0.02574	0.00490	0.00490	0.00735	0.00306	0.00306
9	0.63856	0.01093	0.00946	0.00795	0.01132	0.01248	0.00656	0.21344	0.01257	0.02509	0.00838	0.00924	0.00629	0.00505	0.00363	0.00155	0.00434	0.00321	0.00363	0.00629
10	0.35900	0.01170	0.01161	0.00929	0.01295	0.01290	0.00767	0.37359	0.01648	0.12300	0.01105	0.01118	0.00782	0.00554	0.00428	0.00154	0.00474	0.00388	0.00443	0.00734
11	0.06474	0.02036	0.53346	0.01246	0.01869	0.01054	0.01480	0.01831	0.01159	0.22979	0.01193	0.01232	0.00803	0.00520	0.00478	0.00159	0.00639	0.00405	0.00333	0.00766

[dist]
# distance from previous block
# <min> <max>
0	1

[block]
# block no. 3 follows, 49 sequences, length 6
# corresponding to MSA columns:
# 169-174
name=unknown_D
#
# <colnr> <probs for GDERKNQSTAVLIFYWHMCP>
#	G	D	E	R	K	N	Q	S	T	A	V	L	I	F	Y	W	H	M	C	P
0	0.01179	0.00882	0.00996	0.00891	0.01133	0.00958	0.00691	0.02109	0.46255	0.09372	0.26735	0.02479	0.02554	0.00792	0.00540	0.00166	0.00351	0.00676	0.00539	0.00702
1	0.01193	0.01139	0.01786	0.05526	0.59415	0.04041	0.01363	0.01528	0.05253	0.01612	0.01228	0.08302	0.01132	0.00603	0.00520	0.00159	0.00573	0.03599	0.00291	0.00737
2	0.00955	0.00899	0.01517	0.81013	0.03483	0.01123	0.01404	0.01292	0.01011	0.01292	0.00899	0.01348	0.00674	0.00506	0.00506	0.00169	0.00674	0.00449	0.00225	0.00562
3	0.00731	0.00585	0.00762	0.00847	0.08752	0.00535	0.00556	0.00939	0.01309	0.01768	0.46198	0.03883	0.29139	0.01057	0.00587	0.00162	0.00282	0.00918	0.00496	0.00493
4	0.01057	0.06768	0.47502	0.01189	0.01737	0.08502	0.01372	0.01480	0.01151	0.01589	0.11281	0.01601	0.05522	0.00590	0.00483	0.00149	0.00631	0.00467	0.00283	0.06648
5	0.01184	0.00700	0.00985	0.06905	0.07625	0.00674	0.00734	0.01432	0.03873	0.21842	0.21996	0.17695	0.05047	0.00966	0.00573	0.00173	0.00383	0.06109	0.00498	0.00606

[dist]
# distance from previous block
# <min> <max>
0	3

[block]
# block no. 4 follows, 49 sequences, length 6
# corresponding to MSA columns:
# 178-183
name=unknown_E
#
# <colnr> <probs for GDERKNQSTAVLIFYWHMCP>
#	G	D	E	R	K	N	Q	S	T	A	V	L	I	F	Y	W	H	M	C	P
0	0.07340	0.07522	0.15245	0.00917	0.01380	0.00966	0.00875	0.05553	0.04307	0.06423	0.01074	0.04185	0.00875	0.00491	0.00416	0.00117	0.00466	0.00384	0.00325	0.41138
1	0.01225	0.01170	0.01722	0.11001	0.47343	0.04528	0.01295	0.01681	0.12563	0.01663	0.01097	0.01319	0.00885	0.00486	0.00487	0.00146	0.00567	0.00446	0.00293	0.10082
2	0.01100	0.00942	0.01398	0.10179	0.23164	0.00865	0.03675	0.01366	0.01151	0.04791	0.12522	0.01581	0.01373	0.00520	0.00470	0.00125	0.00469	0.00468	0.00327	0.33513
3	0.01443	0.01174	0.01803	0.02401	0.53333	0.01167	0.01305	0.12880	0.01357	0.10115	0.01097	0.01280	0.00853	0.00486	0.00493	0.00145	0.00559	0.00446	0.00332	0.07333
4	0.01327	0.06530	0.05879	0.01058	0.01414	0.00993	0.12103	0.06560	0.14262	0.17730	0.10085	0.02227	0.13137	0.00716	0.00526	0.00157	0.00473	0.00624	0.00451	0.03748
5	0.01376	0.10658	0.04145	0.07567	0.25626	0.12895	0.01114	0.07073	0.01260	0.08288	0.03450	0.10179	0.01183	0.00642	0.00518	0.00153	0.02325	0.00536	0.00328	0.00684

[dist]
# distance from previous block
# <min> <max>
47	121

[block]
# block no. 5 follows, 49 sequences, length 11
# corresponding to MSA columns:
# 345-355
name=unknown_F
#
# <colnr> <probs for GDERKNQSTAVLIFYWHMCP>
#	G	D	E	R	K	N	Q	S	T	A	V	L	I	F	Y	W	H	M	C	P
0	0.03509	0.07483	0.03787	0.01740	0.29824	0.01214	0.01078	0.11333	0.17044	0.06009	0.03852	0.01588	0.02832	0.03828	0.00570	0.00165	0.00510	0.00494	0.00372	0.02766
1	0.04639	0.01247	0.05572	0.01585	0.22406	0.04275	0.01055	0.13999	0.18697	0.06288	0.01331	0.01492	0.01040	0.00564	0.00485	0.00149	0.00518	0.02865	0.00386	0.11407
2	0.04542	0.01167	0.01646	0.10837	0.22787	0.05652	0.08831	0.07669	0.01217	0.05271	0.00978	0.01200	0.00772	0.00479	0.00518	0.00138	0.03872	0.00417	0.00300	0.21708
3	0.05671	0.17516	0.05216	0.04870	0.24504	0.01206	0.01031	0.01597	0.10564	0.05530	0.07291	0.01708	0.07354	0.00597	0.00467	0.00146	0.00492	0.00498	0.00337	0.03404
4	0.01352	0.01148	0.01375	0.04670	0.19866	0.07641	0.00972	0.13580	0.15725	0.06366	0.10868	0.04325	0.01524	0.00640	0.00507	0.00150	0.00502	0.00544	0.00410	0.07835
5	0.10475	0.08728	0.01650	0.01667	0.25528	0.08026	0.04754	0.09945	0.05580	0.06523	0.01108	0.04190	0.00911	0.00532	0.00461	0.00143	0.00553	0.00445	0.00333	0.08447
6	0.08672	0.01319	0.12010	0.03918	0.23390	0.04039	0.05599	0.06668	0.06902	0.12806	0.06846	0.01477	0.01157	0.00552	0.00492	0.00155	0.00558	0.00477	0.00363	0.02602
7	0.05265	0.05448	0.12782	0.01891	0.28301	0.03843	0.07684	0.17939	0.03266	0.03647	0.01026	0.01192	0.00790	0.00495	0.00483	0.00149	0.00612	0.00430	0.00319	0.04440
8	0.07950	0.17061	0.01668	0.03194	0.14473	0.01334	0.02561	0.18333	0.05406	0.01932	0.01063	0.04708	0.00900	0.00552	0.00488	0.00138	0.03696	0.00432	0.00335	0.13777
9	0.01283	0.05097	0.05674	0.06586	0.11654	0.01180	0.02621	0.14056	0.07909	0.07408	0.04072	0.01486	0.01078	0.01078	0.12349	0.00256	0.11084	0.00479	0.00350	0.04300
10	0.01379	0.01240	0.09975	0.04028	0.33017	0.01078	0.08529	0.05428	0.04652	0.15479	0.04094	0.01726	0.01168	0.00582	0.00526	0.00161	0.00580	0.05236	0.00361	0.00758

[dist]
# distance from previous block
# <min> <max>
3	6

[block]
# block no. 6 follows, 49 sequences, length 123
# corresponding to MSA columns:
# 362-484
name=unknown_G
#
# <colnr> <probs for GDERKNQSTAVLIFYWHMCP>
#	G	D	E	R	K	N	Q	S	T	A	V	L	I	F	Y	W	H	M	C	P
0	0.00804	0.00542	0.00690	0.00653	0.00790	0.00502	0.00495	0.01004	0.01295	0.06849	0.48887	0.03758	0.16208	0.05672	0.06137	0.00227	0.00354	0.04141	0.00510	0.00482
1	0.00716	0.06306	0.10201	0.00795	0.00942	0.00613	0.00659	0.00868	0.00985	0.01318	0.02468	0.62939	0.05072	0.02827	0.00637	0.00197	0.00367	0.01206	0.00418	0.00466
2	0.01423	0.05702	0.06463	0.01066	0.01436	0.01342	0.00906	0.23810	0.41988	0.02306	0.01589	0.01525	0.01186	0.00615	0.00490	0.00155	0.00473	0.00490	0.00461	0.06573
3	0.01352	0.82533	0.02650	0.00865	0.01298	0.02001	0.00865	0.01514	0.01027	0.01190	0.00703	0.00811	0.00649	0.00433	0.00324	0.00108	0.00541	0.00270	0.00216	0.00649
4	0.01026	0.02530	0.74380	0.01488	0.02220	0.01181	0.07012	0.01603	0.01076	0.01603	0.00915	0.01088	0.00649	0.00477	0.00488	0.00161	0.00755	0.00389	0.00216	0.00743
5	0.01178	0.05641	0.67087	0.01353	0.02045	0.01156	0.01693	0.01701	0.01112	0.10917	0.01030	0.01136	0.00714	0.00496	0.00477	0.00158	0.00701	0.00386	0.00263	0.00757
6	0.00975	0.00919	0.01553	0.75697	0.08641	0.01129	0.01414	0.01310	0.01021	0.01317	0.00902	0.01342	0.00683	0.00502	0.00505	0.00167	0.00669	0.00449	0.00226	0.00578
7	0.01041	0.01008	0.01417	0.01233	0.01247	0.01389	0.01018	0.01159	0.00779	0.01205	0.00788	0.01287	0.00780	0.03157	0.13370	0.00315	0.67581	0.00464	0.00231	0.00532
8	0.01014	0.02616	0.79609	0.01441	0.02189	0.01174	0.01868	0.01601	0.01068	0.01601	0.00907	0.01068	0.00641	0.00480	0.00480	0.00160	0.00747	0.00374	0.00214	0.00747
9	0.00955	0.00899	0.01517	0.81013	0.03483	0.01123	0.01404	0.01292	0.01011	0.01292	0.00899	0.01348	0.00674	0.00506	0.00506	0.00169	0.00674	0.00449	0.00225	0.00562
10	0.01231	0.01181	0.02016	0.08420	0.73916	0.01196	0.01542	0.01534	0.01142	0.01627	0.00948	0.01258	0.00792	0.00454	0.00501	0.00151	0.00606	0.00450	0.00249	0.00785
11	0.00984	0.00955	0.01693	0.71554	0.03382	0.01142	0.10498	0.01331	0.01033	0.01331	0.00914	0.01350	0.00685	0.00496	0.00516	0.00169	0.00695	0.00467	0.00228	0.00576
12	0.01144	0.00650	0.00923	0.00925	0.01106	0.00618	0.02417	0.01359	0.01217	0.19767	0.03591	0.11611	0.02542	0.01207	0.00645	0.00210	0.00447	0.48562	0.00500	0.00558
13	0.01802	0.01242	0.01473	0.01150	0.01535	0.01332	0.05881	0.43187	0.17701	0.16998	0.01520	0.01456	0.01067	0.00615	0.00514	0.00158	0.00520	0.00498	0.00514	0.00836
14	0.02203	0.00875	0.01172	0.00908	0.01292	0.00777	0.00747	0.02479	0.06470	0.74363	0.01999	0.01732	0.01271	0.00630	0.00509	0.00157	0.00428	0.00513	0.00619	0.00857
15	0.00897	0.00571	0.00692	0.00652	0.00831	0.00505	0.00511	0.01082	0.01288	0.12690	0.28787	0.04147	0.35393	0.01118	0.00595	0.00171	0.00297	0.08743	0.00520	0.00509
16	0.00616	0.00440	0.00587	0.00704	0.00733	0.00411	0.00469	0.00704	0.00968	0.01291	0.02787	0.81899	0.03344	0.01584	0.00645	0.00205	0.00293	0.01438	0.00469	0.00411
17	0.00723	0.00538	0.00796	0.00796	0.00880	0.00623	0.00611	0.00892	0.00808	0.01161	0.01370	0.02073	0.01302	0.08928	0.75141	0.00792	0.01298	0.00554	0.00273	0.00442
18	0.01193	0.01331	0.02799	0.02173	0.09999	0.01289	0.64884	0.01587	0.01162	0.01597	0.00993	0.01336	0.00764	0.00459	0.00657	0.00172	0.06095	0.00572	0.00253	0.00685
19	0.01244	0.01211	0.02105	0.02999	0.72175	0.01214	0.06707	0.01549	0.01146	0.01640	0.00950	0.01256	0.00796	0.00458	0.00532	0.00153	0.02366	0.00460	0.00250	0.00787
20	0.00734	0.00523	0.00703	0.00711	0.00766	0.00569	0.00508	0.00843	0.00804	0.01116	0.01545	0.02794	0.01617	0.36487	0.42269	0.00638	0.00932	0.05750	0.00299	0.00392
21	0.01264	0.01263	0.02035	0.02773	0.62309	0.06347	0.08844	0.01562	0.01175	0.01614	0.01041	0.01483	0.00903	0.00504	0.00518	0.00155	0.00638	0.04552	0.00263	0.00757
22	0.01890	0.02381	0.01435	0.01299	0.01563	0.77908	0.00977	0.04215	0.01461	0.01294	0.00794	0.00921	0.00657	0.00524	0.00457	0.00131	0.00902	0.00329	0.00268	0.00594
23	0.00955	0.00899	0.01517	0.81013	0.03483	0.01123	0.01404	0.01292	0.01011	0.01292	0.00899	0.01348	0.00674	0.00506	0.00506	0.00169	0.00674	0.00449	0.00225	0.00562
24	0.07365	0.01247	0.01753	0.01325	0.01725	0.01300	0.21383	0.36184	0.05938	0.09265	0.06322	0.01477	0.01141	0.00583	0.00524	0.00159	0.00584	0.00522	0.00440	0.00763
25	0.30229	0.01192	0.01206	0.00960	0.01329	0.01312	0.00791	0.40857	0.03338	0.12396	0.01158	0.01159	0.00818	0.00565	0.00441	0.00154	0.00482	0.00403	0.00456	0.00753
26	0.00897	0.00632	0.00739	0.00624	0.00854	0.00542	0.00481	0.01130	0.01189	0.01856	0.29051	0.02281	0.02357	0.00676	0.00448	0.00118	0.00284	0.00572	0.26190	0.29078
27	0.01132	0.00609	0.00774	0.00739	0.00913	0.00550	0.00549	0.03848	0.01196	0.23753	0.04200	0.40389	0.16897	0.01210	0.00592	0.00182	0.00334	0.01060	0.00517	0.00559
28	0.01889	0.02410	0.01433	0.01303	0.01563	0.80199	0.00977	0.02019	0.01433	0.01238	0.00782	0.00912	0.00651	0.00521	0.00456	0.00130	0.00912	0.00326	0.00261	0.00586
29	0.01064	0.00955	0.01184	0.00906	0.01233	0.00911	0.00737	0.01258	0.00974	0.01531	0.00835	0.01064	0.00726	0.00513	0.00723	0.00115	0.22329	0.00338	0.00278	0.62324
30	0.85801	0.00978	0.00743	0.00665	0.00978	0.01134	0.00548	0.01486	0.00861	0.02269	0.00704	0.00821	0.00548	0.00469	0.00313	0.00156	0.00391	0.00274	0.00313	0.00548
31	0.01639	0.01143	0.01215	0.00963	0.01285	0.01251	0.00785	0.55332	0.01996	0.02810	0.01340	0.01408	0.00986	0.00602	0.00462	0.00142	0.00464	0.00460	0.24970	0.00747
32	0.01252	0.01201	0.02053	0.03104	0.79074	0.01201	0.01552	0.01552	0.01151	0.01652	0.00951	0.01252	0.00801	0.00451	0.00501	0.00150	0.00601	0.00451	0.00250	0.00801
33	0.01020	0.02522	0.74896	0.01431	0.02161	0.01158	0.03521	0.01589	0.01070	0.01604	0.00910	0.01074	0.00648	0.00475	0.00479	0.00157	0.00736	0.00376	0.00218	0.03958
34	0.00625	0.00513	0.00551	0.00541	0.00700	0.00439	0.00406	0.00779	0.01218	0.01521	0.22395	0.04611	0.61500	0.01223	0.00597	0.00168	0.00252	0.01031	0.00490	0.00439
35	0.01049	0.00899	0.01049	0.00749	0.01198	0.00674	0.00599	0.01273	0.01049	0.01648	0.00899	0.01049	0.00749	0.00374	0.00374	0.00075	0.00374	0.00300	0.00300	0.85320
36	0.01192	0.05944	0.20001	0.02551	0.55581	0.01225	0.01568	0.01550	0.01131	0.01622	0.02391	0.01232	0.00830	0.00467	0.00488	0.00150	0.00625	0.00432	0.00246	0.00774
37	0.85801	0.00978	0.00743	0.00665	0.00978	0.01134	0.00548	0.01486	0.00861	0.02269	0.00704	0.00821	0.00548	0.00469	0.00313	0.00156	0.00391	0.00274	0.00313	0.00548
38	0.01447	0.01192	0.01793	0.02382	0.51708	0.01224	0.01307	0.13595	0.09650	0.08846	0.01204	0.01356	0.00930	0.00516	0.00504	0.00153	0.00557	0.00469	0.00352	0.00815
39	0.01084	0.00916	0.01073	0.00809	0.02471	0.00724	0.00631	0.01394	0.06425	0.02824	0.00996	0.01120	0.00813	0.00401	0.00388	0.00084	0.00381	0.00324	0.00319	0.76822
40	0.03546	0.34919	0.01904	0.01102	0.01435	0.44318	0.00917	0.01821	0.03490	0.01267	0.00785	0.00897	0.00674	0.00489	0.00401	0.00123	0.00734	0.00309	0.00251	0.00617
41	0.00943	0.00471	0.00471	0.00471	0.00589	0.00471	0.00353	0.01178	0.01060	0.01885	0.01650	0.01885	0.01296	0.00589	0.00353	0.00118	0.00236	0.00471	0.85036	0.00471
42	0.00616	0.00440	0.00587	0.00704	0.00733	0.00411	0.00469	0.00704	0.00968	0.01291	0.02787	0.81899	0.03344	0.01584	0.00645	0.00205	0.00293	0.01438	0.00469	0.00411
43	0.01696	0.01264	0.08565	0.01718	0.21317	0.01111	0.11445	0.14847	0.01464	0.29332	0.01370	0.01410	0.00951	0.00538	0.00516	0.00156	0.00580	0.00485	0.00424	0.00811
44	0.85801	0.00978	0.00743	0.00665	0.00978	0.01134	0.00548	0.01486	0.00861	0.02269	0.00704	0.00821	0.00548	0.00469	0.00313	0.00156	0.00391	0.00274	0.00313	0.00548
45	0.00748	0.00556	0.00722	0.00788	0.00852	0.00566	0.00570	0.05788	0.01073	0.01435	0.02595	0.63157	0.04206	0.01458	0.00696	0.00205	0.04738	0.08934	0.00458	0.00454
46	0.01258	0.01202	0.01872	0.01667	0.12150	0.01267	0.25621	0.04612	0.40521	0.01928	0.01548	0.01611	0.01171	0.00568	0.00539	0.00168	0.00578	0.00560	0.00395	0.00764
47	0.00735	0.00490	0.00552	0.00552	0.00552	0.00490	0.00306	0.00735	0.00735	0.00980	0.01593	0.03309	0.01838	0.82229	0.02574	0.00490	0.00490	0.00735	0.00306	0.00306
48	0.00682	0.00491	0.00646	0.00659	0.00748	0.00455	0.00475	0.00870	0.01276	0.01780	0.53236	0.30055	0.04291	0.01219	0.00613	0.00175	0.00257	0.01090	0.00527	0.00455
49	0.00666	0.00510	0.00610	0.00595	0.00727	0.00454	0.00443	0.00853	0.01298	0.01735	0.46637	0.09507	0.31808	0.01162	0.00600	0.00166	0.00249	0.01006	0.00519	0.00454
50	0.01301	0.01108	0.01168	0.01038	0.01332	0.01278	0.00811	0.07578	0.73199	0.02185	0.02003	0.01843	0.01499	0.00681	0.00514	0.00170	0.00410	0.00564	0.00514	0.00804
51	0.85801	0.00978	0.00743	0.00665	0.00978	0.01134	0.00548	0.01486	0.00861	0.02269	0.00704	0.00821	0.00548	0.00469	0.00313	0.00156	0.00391	0.00274	0.00313	0.00548
52	0.00690	0.00516	0.00640	0.00609	0.00740	0.00466	0.00457	0.00905	0.01371	0.01884	0.62795	0.04014	0.20874	0.01087	0.00597	0.00162	0.00242	0.00948	0.00538	0.00466
53	0.00630	0.00448	0.00591	0.00700	0.00730	0.00421	0.00468	0.00716	0.00958	0.01276	0.02702	0.74316	0.03229	0.07082	0.00779	0.00226	0.00312	0.03552	0.00458	0.00405
54	0.01044	0.09675	0.72810	0.01390	0.02110	0.01247	0.01780	0.01594	0.01064	0.01565	0.00889	0.01045	0.00641	0.00476	0.00467	0.00156	0.00729	0.00365	0.00214	0.00739
55	0.01945	0.01380	0.01495	0.01146	0.01550	0.01514	0.00947	0.72483	0.02317	0.08178	0.01265	0.01247	0.00886	0.00608	0.00506	0.00152	0.00548	0.00459	0.00514	0.00860
56	0.00754	0.00538	0.00745	0.00862	0.00951	0.00529	0.00709	0.00942	0.01104	0.01445	0.02711	0.29076	0.03043	0.01454	0.00682	0.00224	0.00413	0.52900	0.00467	0.00449
57	0.01014	0.02616	0.79609	0.01441	0.02189	0.01174	0.01868	0.01601	0.01068	0.01601	0.00907	0.01068	0.00641	0.00480	0.00480	0.00160	0.00747	0.00374	0.00214	0.00747
58	0.00955	0.00899	0.01517	0.81013	0.03483	0.01123	0.01404	0.01292	0.01011	0.01292	0.00899	0.01348	0.00674	0.00506	0.00506	0.00169	0.00674	0.00449	0.00225	0.00562
59	0.01266	0.53623	0.24726	0.01047	0.01563	0.01717	0.01154	0.03653	0.04560	0.01404	0.00837	0.00945	0.00693	0.00463	0.00383	0.00127	0.00594	0.00319	0.00237	0.00690
60	0.01014	0.02616	0.79609	0.01441	0.02189	0.01174	0.01868	0.01601	0.01068	0.01601	0.00907	0.01068	0.00641	0.00480	0.00480	0.00160	0.00747	0.00374	0.00214	0.00747
61	0.01912	0.00756	0.00985	0.00785	0.01102	0.00670	0.00638	0.02119	0.01343	0.58576	0.01902	0.01765	0.01264	0.00616	0.00467	0.00146	0.00378	0.00499	0.23322	0.00756
62	0.01750	0.01404	0.24275	0.01050	0.01518	0.03435	0.01060	0.02085	0.02766	0.46330	0.05810	0.01621	0.01250	0.00602	0.00500	0.00156	0.00524	0.00485	0.02593	0.00787
63	0.01651	0.16942	0.02096	0.01340	0.01778	0.01492	0.21431	0.35040	0.01708	0.09900	0.01141	0.01227	0.00833	0.00527	0.00496	0.00149	0.00621	0.00463	0.00395	0.00772
64	0.00668	0.00504	0.00617	0.00612	0.00732	0.00453	0.00450	0.00854	0.01285	0.01734	0.47026	0.15571	0.25278	0.01184	0.00604	0.00169	0.00252	0.01034	0.00519	0.00453
65	0.00601	0.00512	0.00518	0.00516	0.00685	0.00429	0.00387	0.00733	0.01162	0.01387	0.07512	0.04831	0.76467	0.01273	0.00598	0.00170	0.00256	0.01062	0.00472	0.00429
66	0.01252	0.01201	0.02053	0.03104	0.79074	0.01201	0.01552	0.01552	0.01151	0.01652	0.00951	0.01252	0.00801	0.00451	0.00501	0.00150	0.00601	0.00451	0.00250	0.00801
67	0.06480	0.29237	0.36247	0.01279	0.05951	0.01471	0.03399	0.06515	0.01140	0.01617	0.01928	0.01031	0.00721	0.00476	0.00425	0.00142	0.00631	0.00356	0.00248	0.00707
68	0.00709	0.00487	0.00650	0.00696	0.00754	0.00508	0.00493	0.00837	0.00894	0.01280	0.01983	0.33502	0.02158	0.12558	0.29503	0.00450	0.00694	0.00910	0.10518	0.00419
69	0.83708	0.00989	0.00763	0.00677	0.00993	0.01145	0.00558	0.03380	0.00898	0.02292	0.00717	0.00831	0.00555	0.00473	0.00318	0.00156	0.00395	0.00278	0.00318	0.00555
70	0.85801	0.00978	0.00743	0.00665	0.00978	0.01134	0.00548	0.01486	0.00861	0.02269	0.00704	0.00821	0.00548	0.00469	0.00313	0.00156	0.00391	0.00274	0.00313	0.00548
71	0.01190	0.06424	0.01830	0.23153	0.44565	0.01216	0.01364	0.06611	0.01190	0.01616	0.01166	0.01442	0.05012	0.00520	0.00496	0.00153	0.00594	0.00472	0.00271	0.00712
72	0.00730	0.00532	0.00690	0.00659	0.00782	0.00498	0.00501	0.00991	0.03019	0.01988	0.71455	0.03868	0.06046	0.01052	0.00600	0.00164	0.00255	0.05137	0.00549	0.00482
73	0.00826	0.00606	0.00794	0.00822	0.00957	0.00605	0.00679	0.02616	0.06551	0.01797	0.33587	0.04572	0.03534	0.01185	0.00641	0.00197	0.00371	0.38653	0.00507	0.00501
74	0.27165	0.01104	0.01079	0.00939	0.01251	0.01268	0.00748	0.13907	0.42813	0.02328	0.01514	0.01457	0.01134	0.00608	0.00452	0.00164	0.00422	0.00463	0.00452	0.00732
75	0.06053	0.00866	0.01020	0.00859	0.01136	0.00882	0.00683	0.10313	0.18202	0.24728	0.26848	0.02321	0.02379	0.00761	0.00527	0.00160	0.00373	0.00636	0.00549	0.00706
76	0.00696	0.00507	0.00654	0.00636	0.00748	0.00466	0.00470	0.00909	0.01357	0.01894	0.64663	0.13220	0.09657	0.01117	0.00602	0.00165	0.00246	0.00988	0.00540	0.00466
77	0.47465	0.01178	0.01097	0.00893	0.01248	0.01333	0.00737	0.36176	0.01554	0.02688	0.00937	0.01001	0.00690	0.00532	0.00401	0.00154	0.00467	0.00357	0.00401	0.00690
78	0.07021	0.01186	0.01963	0.02937	0.73745	0.01197	0.01483	0.01547	0.01132	0.01694	0.00934	0.01222	0.00784	0.00452	0.00488	0.00151	0.00586	0.00438	0.00255	0.00784
79	0.01181	0.01129	0.01925	0.21685	0.61046	0.01183	0.01517	0.01490	0.01118	0.01566	0.00939	0.01275	0.00771	0.00464	0.00502	0.00155	0.00618	0.00450	0.00244	0.00744
80	0.00702	0.00509	0.00649	0.00698	0.00775	0.00491	0.00491	0.00933	0.06382	0.01595	0.26241	0.49588	0.03595	0.01319	0.00612	0.00186	0.00282	0.01184	0.03309	0.00460
81	0.01441	0.01525	0.01493	0.01634	0.19732	0.26186	0.03285	0.02128	0.31183	0.01696	0.01382	0.01528	0.01105	0.00592	0.00501	0.00155	0.00625	0.02728	0.00363	0.00719
82	0.00872	0.00761	0.01099	0.01013	0.01068	0.00989	0.00816	0.01025	0.00798	0.01191	0.01086	0.01644	0.01031	0.02662	0.49679	0.00583	0.32438	0.00503	0.00252	0.00491
83	0.00691	0.00499	0.00668	0.00768	0.00841	0.00476	0.00585	0.00842	0.01078	0.01423	0.08064	0.45872	0.07403	0.01465	0.00658	0.00210	0.00348	0.27201	0.00474	0.00435
84	0.00677	0.00511	0.00625	0.00607	0.00734	0.00459	0.00451	0.00875	0.01324	0.01798	0.53581	0.09191	0.25041	0.01138	0.00600	0.00165	0.00247	0.00991	0.00527	0.00459
85	0.00854	0.00549	0.00714	0.00655	0.00802	0.00499	0.00497	0.01084	0.01419	0.09207	0.67947	0.03640	0.08166	0.01008	0.00588	0.00159	0.00257	0.00884	0.00559	0.00510
86	0.85801	0.00978	0.00743	0.00665	0.00978	0.01134	0.00548	0.01486	0.00861	0.02269	0.00704	0.00821	0.00548	0.00469	0.00313	0.00156	0.00391	0.00274	0.00313	0.00548
87	0.01067	0.15217	0.67474	0.01350	0.02048	0.01305	0.01710	0.01588	0.01061	0.01536	0.00875	0.01027	0.00642	0.00473	0.00456	0.00152	0.00715	0.00357	0.00214	0.00732
88	0.01163	0.37876	0.45653	0.01187	0.01796	0.01539	0.01426	0.01563	0.01050	0.01420	0.00817	0.00954	0.00644	0.00459	0.00412	0.00137	0.00656	0.00328	0.00215	0.00704
89	0.02173	0.00919	0.01192	0.00918	0.01301	0.00842	0.00757	0.12327	0.01556	0.66394	0.01879	0.01660	0.01202	0.00622	0.00502	0.00154	0.00440	0.00500	0.03816	0.00846
90	0.85801	0.00978	0.00743	0.00665	0.00978	0.01134	0.00548	0.01486	0.00861	0.02269	0.00704	0.00821	0.00548	0.00469	0.00313	0.00156	0.00391	0.00274	0.00313	0.00548
91	0.01035	0.00884	0.01034	0.00748	0.01183	0.00666	0.00595	0.01255	0.01046	0.01636	0.00960	0.03670	0.00833	0.00414	0.00383	0.00079	0.00372	0.00336	0.00305	0.82567
92	0.01451	0.01184	0.01885	0.02617	0.60899	0.01186	0.01387	0.10110	0.01324	0.11365	0.01109	0.01305	0.00863	0.00489	0.00502	0.00151	0.00575	0.00458	0.00325	0.00815
93	0.01252	0.01201	0.02053	0.03104	0.79074	0.01201	0.01552	0.01552	0.01151	0.01652	0.00951	0.01252	0.00801	0.00451	0.00501	0.00150	0.00601	0.00451	0.00250	0.00801
94	0.00617	0.00458	0.00577	0.00664	0.00725	0.00417	0.00454	0.00720	0.01026	0.01341	0.06946	0.63401	0.17809	0.01499	0.00634	0.00197	0.00284	0.01341	0.00474	0.00417
95	0.02119	0.00851	0.01143	0.00886	0.01254	0.00751	0.00728	0.05177	0.01481	0.69707	0.08736	0.01883	0.01547	0.00661	0.00516	0.00157	0.00418	0.00542	0.00615	0.00827
96	0.01082	0.01093	0.02099	0.01930	0.19992	0.01048	0.36888	0.01460	0.03565	0.01750	0.21641	0.01993	0.01859	0.00601	0.00572	0.00163	0.00617	0.00646	0.00342	0.00659
97	0.02269	0.00861	0.01174	0.00900	0.01291	0.00743	0.00743	0.02464	0.01447	0.79425	0.01995	0.01721	0.01252	0.00626	0.00509	0.00156	0.00430	0.00509	0.00626	0.00861
98	0.01068	0.12179	0.66102	0.01462	0.06267	0.01276	0.01730	0.01588	0.01067	0.01554	0.00885	0.01047	0.00650	0.00473	0.00463	0.00153	0.00714	0.00365	0.00216	0.00738
99	0.01179	0.27392	0.50562	0.01244	0.01871	0.01457	0.01497	0.06536	0.01141	0.01577	0.00864	0.00997	0.00658	0.00474	0.00434	0.00143	0.00671	0.00347	0.00234	0.00724
100	0.00805	0.00667	0.00759	0.00813	0.00872	0.06312	0.00597	0.00915	0.00985	0.01272	0.02234	0.39376	0.02565	0.14981	0.03612	0.00274	0.05760	0.16369	0.00404	0.00428
101	0.48706	0.01463	0.01102	0.01090	0.07565	0.26168	0.00786	0.03717	0.01105	0.01900	0.00762	0.00900	0.00611	0.00495	0.00400	0.00149	0.01882	0.00312	0.00295	0.00589
102	0.00636	0.00514	0.00566	0.00553	0.00707	0.00443	0.00414	0.00800	0.01243	0.01581	0.29100	0.04512	0.54757	0.01200	0.00597	0.00167	0.00250	0.01018	0.00498	0.00443
103	0.01206	0.01181	0.04032	0.01347	0.12885	0.07688	0.07663	0.03124	0.13512	0.03055	0.07743	0.01478	0.01225	0.00531	0.00494	0.00130	0.02029	0.00458	0.00347	0.29872
104	0.00845	0.00857	0.05299	0.00927	0.02564	0.00752	0.10434	0.01295	0.15653	0.01624	0.11169	0.03475	0.41147	0.00976	0.00574	0.00169	0.00391	0.00849	0.00441	0.00559
105	0.00620	0.00477	0.00569	0.00640	0.00730	0.00426	0.00454	0.00731	0.01052	0.01333	0.03712	0.47031	0.33439	0.01453	0.00629	0.00193	0.00288	0.05332	0.00469	0.00420
106	0.01799	0.01375	0.01447	0.01141	0.01521	0.03091	0.00932	0.62086	0.16345	0.02950	0.01361	0.01332	0.00982	0.00620	0.00506	0.00155	0.00535	0.00474	0.00503	0.00843
107	0.01014	0.02616	0.79609	0.01441	0.02189	0.01174	0.01868	0.01601	0.01068	0.01601	0.00907	0.01068	0.00641	0.00480	0.00480	0.00160	0.00747	0.00374	0.00214	0.00747
108	0.01352	0.82533	0.02650	0.00865	0.01298	0.02001	0.00865	0.01514	0.01027	0.01190	0.00703	0.00811	0.00649	0.00433	0.00324	0.00108	0.00541	0.00270	0.00216	0.00649
109	0.40774	0.21841	0.10879	0.00916	0.01331	0.01326	0.05124	0.01616	0.01007	0.09897	0.00880	0.00972	0.00670	0.00475	0.00372	0.00145	0.00502	0.00328	0.00306	0.00637
110	0.00634	0.00448	0.00581	0.00681	0.00706	0.00423	0.00445	0.00709	0.00933	0.01244	0.02607	0.70058	0.03118	0.13735	0.00936	0.00248	0.00323	0.01332	0.00445	0.00395
111	0.00667	0.00461	0.00572	0.00639	0.00656	0.00445	0.00400	0.00717	0.00869	0.01159	0.02278	0.48403	0.02703	0.35956	0.01467	0.00327	0.00377	0.01138	0.00400	0.00366
112	0.01389	0.61888	0.03810	0.00920	0.01321	0.10933	0.00872	0.05654	0.01157	0.01324	0.01033	0.01115	0.05782	0.00509	0.00371	0.00118	0.00570	0.00341	0.00254	0.00641
113	0.00616	0.00440	0.00587	0.00704	0.00733	0.00411	0.00469	0.00704	0.00968	0.01291	0.02787	0.81899	0.03344	0.01584	0.00645	0.00205	0.00293	0.01438	0.00469	0.00411
114	0.00598	0.00512	0.00512	0.00512	0.00683	0.00427	0.00384	0.00726	0.01153	0.01366	0.05123	0.04866	0.78869	0.01281	0.00598	0.00171	0.00256	0.01067	0.00470	0.00427
115	0.00955	0.00899	0.01517	0.81013	0.03483	0.01123	0.01404	0.01292	0.01011	0.01292	0.00899	0.01348	0.00674	0.00506	0.00506	0.00169	0.00674	0.00449	0.00225	0.00562
116	0.01017	0.02187	0.59612	0.01579	0.11274	0.01108	0.04129	0.01529	0.01120	0.01652	0.09021	0.01381	0.01094	0.00533	0.00499	0.00159	0.00680	0.00446	0.00255	0.00724
117	0.01208	0.01155	0.01967	0.10798	0.69862	0.01177	0.01514	0.01508	0.01133	0.01608	0.00986	0.03008	0.00843	0.00481	0.00504	0.00153	0.00601	0.00472	0.00253	0.00769
118	0.01922	0.01416	0.01518	0.01163	0.01568	0.01568	0.00961	0.77388	0.02378	0.03187	0.01214	0.01214	0.00860	0.00607	0.00506	0.00152	0.00556	0.00455	0.00506	0.00860
119	0.81613	0.02861	0.00805	0.00687	0.01001	0.03301	0.00566	0.01502	0.00880	0.02216	0.00706	0.00824	0.00553	0.00470	0.00317	0.00155	0.00409	0.00275	0.00309	0.00551
120	0.00945	0.08195	0.09593	0.01250	0.01558	0.00938	0.24360	0.03251	0.01110	0.01482	0.01926	0.31830	0.05392	0.00963	0.00582	0.00180	0.00549	0.04975	0.00356	0.00566
121	0.05065	0.01082	0.01403	0.02997	0.24411	0.03837	0.00970	0.11006	0.04053	0.11819	0.02742	0.05342	0.01066	0.00555	0.00471	0.00136	0.00491	0.00472	0.00371	0.21710
122	0.05020	0.05640	0.08758	0.01675	0.27527	0.01128	0.01099	0.06833	0.11457	0.01842	0.07691	0.01451	0.01196	0.00539	0.00489	0.00141	0.01801	0.00456	0.00335	0.14923

[dist]
# distance from previous block
# <min> <max>
45	135

[block]
# block no. 7 follows, 49 sequences, length 35
# corresponding to MSA columns:
# 643-677
name=unknown_H
#
# <colnr> <probs for GDERKNQSTAVLIFYWHMCP>
#	G	D	E	R	K	N	Q	S	T	A	V	L	I	F	Y	W	H	M	C	P
0	0.01089	0.06485	0.18067	0.06359	0.14619	0.01133	0.20773	0.01515	0.05391	0.01621	0.08578	0.02987	0.01236	0.02633	0.00569	0.00164	0.00630	0.00529	0.00293	0.05328
1	0.01217	0.01124	0.05906	0.01793	0.31813	0.01016	0.02528	0.05660	0.04234	0.06422	0.02709	0.03802	0.05604	0.00578	0.00546	0.00142	0.04675	0.00497	0.00330	0.19404
2	0.01350	0.20486	0.12554	0.01729	0.24377	0.05846	0.07317	0.04521	0.01201	0.07403	0.03054	0.01202	0.00872	0.00483	0.00458	0.00139	0.00607	0.00411	0.00287	0.05703
3	0.01097	0.01242	0.13991	0.01171	0.10294	0.03496	0.00938	0.09232	0.10488	0.01782	0.03488	0.02133	0.19226	0.00691	0.00496	0.00143	0.00471	0.00570	0.00370	0.18682
4	0.01106	0.07926	0.04314	0.03276	0.17452	0.05169	0.15876	0.02519	0.02366	0.03657	0.10900	0.08688	0.10714	0.00736	0.00571	0.00161	0.02927	0.00669	0.00345	0.00627
5	0.01533	0.30408	0.01812	0.01088	0.03978	0.18086	0.00891	0.20666	0.06009	0.01803	0.03136	0.01353	0.06047	0.00581	0.00439	0.00134	0.00590	0.00421	0.00342	0.00684
6	0.01043	0.10621	0.17043	0.00957	0.01275	0.03551	0.00910	0.09724	0.07203	0.01746	0.13914	0.17241	0.06841	0.00900	0.00535	0.00166	0.00470	0.04849	0.00402	0.00606
7	0.04228	0.31199	0.10557	0.00929	0.01286	0.05021	0.00881	0.05922	0.06720	0.04937	0.13383	0.05508	0.02811	0.00683	0.00458	0.00145	0.00496	0.03843	0.00357	0.00636
8	0.14626	0.10936	0.01432	0.01112	0.01401	0.36812	0.03345	0.09215	0.01344	0.01639	0.01094	0.01644	0.00996	0.00639	0.00464	0.00150	0.00685	0.11546	0.00318	0.00600
9	0.00801	0.00580	0.00814	0.00875	0.00986	0.00575	0.03166	0.01028	0.02815	0.01497	0.05054	0.18324	0.02796	0.06118	0.00771	0.00231	0.00428	0.47577	0.05101	0.00462
10	0.02067	0.00946	0.01247	0.00951	0.01349	0.00858	0.02716	0.10900	0.03418	0.59799	0.01784	0.01598	0.01157	0.00597	0.00499	0.00149	0.00450	0.00487	0.00571	0.08458
11	0.00850	0.00445	0.00643	0.00649	0.00650	0.00444	0.00425	0.00670	0.00681	0.00908	0.01045	0.05308	0.01098	0.10942	0.01985	0.71823	0.00439	0.00517	0.00241	0.00238
12	0.00716	0.00517	0.00676	0.00636	0.00755	0.00477	0.00477	0.00954	0.01431	0.02028	0.78808	0.03777	0.04771	0.01034	0.00596	0.00159	0.00239	0.00914	0.00557	0.00477
13	0.01329	0.77042	0.07937	0.00905	0.01359	0.01944	0.00934	0.01520	0.01030	0.01218	0.00717	0.00829	0.00648	0.00436	0.00335	0.00112	0.00555	0.00277	0.00216	0.00656
14	0.01252	0.01201	0.02053	0.03104	0.79074	0.01201	0.01552	0.01552	0.01151	0.01652	0.00951	0.01252	0.00801	0.00451	0.00501	0.00150	0.00601	0.00451	0.00250	0.00801
15	0.00807	0.00666	0.00975	0.00926	0.00997	0.00834	0.00737	0.00972	0.00804	0.01183	0.01202	0.01792	0.01132	0.03151	0.62898	0.00682	0.18986	0.00520	0.00260	0.00474
16	0.01252	0.01201	0.02053	0.03104	0.79074	0.01201	0.01552	0.01552	0.01151	0.01652	0.00951	0.01252	0.00801	0.00451	0.00501	0.00150	0.00601	0.00451	0.00250	0.00801
17	0.01049	0.00899	0.01049	0.00749	0.01198	0.00674	0.00599	0.01273	0.01049	0.01648	0.00899	0.01049	0.00749	0.00374	0.00374	0.00075	0.00374	0.00300	0.00300	0.85320
18	0.01406	0.01109	0.01220	0.01102	0.03943	0.01246	0.00847	0.18462	0.50320	0.05241	0.01860	0.01918	0.01427	0.00694	0.00517	0.00168	0.00440	0.04522	0.02770	0.00789
19	0.01889	0.01621	0.01484	0.01189	0.01557	0.18799	0.00958	0.57913	0.05160	0.02717	0.01153	0.01174	0.00841	0.00591	0.00495	0.00148	0.00628	0.00431	0.00452	0.00798
20	0.00764	0.00627	0.00687	0.00658	0.00833	0.00608	0.00497	0.01185	0.16820	0.01696	0.24590	0.06644	0.40299	0.01103	0.00582	0.00169	0.00282	0.00938	0.00503	0.00516
21	0.01268	0.01230	0.01966	0.04592	0.70145	0.03950	0.01484	0.01630	0.05724	0.01657	0.01010	0.01279	0.00837	0.00468	0.00500	0.00151	0.00601	0.00453	0.00266	0.00788
22	0.01161	0.12570	0.42811	0.01554	0.02172	0.01334	0.23823	0.05759	0.01171	0.01640	0.00932	0.01129	0.00691	0.00465	0.00496	0.00156	0.00741	0.00430	0.00242	0.00722
23	0.00598	0.00512	0.00512	0.00512	0.00683	0.00427	0.00384	0.00726	0.01153	0.01366	0.05123	0.04866	0.78869	0.01281	0.00598	0.00171	0.00256	0.01067	0.00470	0.00427
24	0.00664	0.00515	0.00604	0.00582	0.00724	0.00455	0.00436	0.00853	0.01308	0.01736	0.46315	0.04258	0.37446	0.01143	0.00597	0.00164	0.00246	0.00982	0.00518	0.00455
25	0.85801	0.00978	0.00743	0.00665	0.00978	0.01134	0.00548	0.01486	0.00861	0.02269	0.00704	0.00821	0.00548	0.00469	0.00313	0.00156	0.00391	0.00274	0.00313	0.00548
26	0.01222	0.01366	0.02926	0.02093	0.02600	0.01290	0.74224	0.04614	0.01240	0.01682	0.01031	0.01358	0.00771	0.00433	0.00593	0.00170	0.00841	0.00591	0.00266	0.00689
27	0.01485	0.00931	0.01524	0.01191	0.01514	0.00876	0.21316	0.05688	0.03827	0.29606	0.01817	0.07980	0.02918	0.10152	0.00798	0.00209	0.00546	0.06495	0.00452	0.00675
28	0.85801	0.00978	0.00743	0.00665	0.00978	0.01134	0.00548	0.01486	0.00861	0.02269	0.00704	0.00821	0.00548	0.00469	0.00313	0.00156	0.00391	0.00274	0.00313	0.00548
29	0.01703	0.00911	0.01138	0.00848	0.01266	0.00761	0.00692	0.06375	0.01324	0.40168	0.01459	0.01391	0.01004	0.00512	0.00449	0.00120	0.00413	0.00412	0.00473	0.38581
30	0.05285	0.01296	0.01278	0.01040	0.01394	0.14930	0.00835	0.19806	0.12057	0.34455	0.01558	0.01448	0.01067	0.00605	0.00492	0.00153	0.00538	0.00463	0.00507	0.00792
31	0.11504	0.01366	0.01429	0.01107	0.01501	0.01519	0.00914	0.68718	0.02204	0.03082	0.01156	0.01169	0.00824	0.00591	0.00484	0.00152	0.00538	0.00435	0.00484	0.00824
32	0.01889	0.02410	0.01433	0.01303	0.01563	0.80199	0.00977	0.02019	0.01433	0.01238	0.00782	0.00912	0.00651	0.00521	0.00456	0.00130	0.00912	0.00326	0.00261	0.00586
33	0.00901	0.00555	0.00726	0.00661	0.00811	0.00507	0.00503	0.01134	0.01421	0.10864	0.67445	0.03479	0.04253	0.00972	0.00578	0.00157	0.00260	0.00853	0.03399	0.00521
34	0.01511	0.01347	0.01740	0.01373	0.01738	0.11465	0.21775	0.10893	0.28127	0.10765	0.01477	0.01505	0.01086	0.00582	0.00550	0.00163	0.02216	0.00524	0.00417	0.00749

[dist]
# distance from previous block
# <min> <max>
0	22

[block]
# block no. 8 follows, 49 sequences, length 93
# corresponding to MSA columns:
# 700-723,727-795
name=unknown_I
#
# <colnr> <probs for GDERKNQSTAVLIFYWHMCP>
#	G	D	E	R	K	N	Q	S	T	A	V	L	I	F	Y	W	H	M	C	P
0	0.01229	0.01179	0.02013	0.08911	0.73440	0.01196	0.01541	0.01533	0.01141	0.01625	0.00947	0.01259	0.00792	0.00455	0.00501	0.00152	0.00606	0.00450	0.00248	0.00783
1	0.00616	0.00440	0.00587	0.00704	0.00733	0.00411	0.00469	0.00704	0.00968	0.01291	0.02787	0.81899	0.03344	0.01584	0.00645	0.00205	0.00293	0.01438	0.00469	0.00411
2	0.00945	0.00758	0.00903	0.00930	0.02371	0.00812	0.00727	0.01612	0.30615	0.01741	0.07572	0.14217	0.07133	0.01103	0.00605	0.00196	0.00392	0.26291	0.00487	0.00590
3	0.01575	0.01886	0.01301	0.01268	0.06468	0.55840	0.00901	0.01766	0.02929	0.01457	0.18058	0.01587	0.01589	0.00633	0.00491	0.00139	0.00733	0.00469	0.00330	0.00580
4	0.00878	0.00439	0.00659	0.00659	0.00659	0.00439	0.00439	0.00659	0.00659	0.00878	0.00878	0.01537	0.00878	0.01757	0.01976	0.85288	0.00439	0.00439	0.00220	0.00220
5	0.00623	0.00445	0.00595	0.00712	0.00745	0.00417	0.00482	0.00717	0.00975	0.01299	0.02783	0.79134	0.03329	0.01577	0.00647	0.00206	0.00300	0.04131	0.00469	0.00413
6	0.01749	0.01312	0.01455	0.07925	0.01687	0.01467	0.00970	0.58245	0.13480	0.04492	0.01329	0.01336	0.00954	0.00611	0.00507	0.00156	0.00541	0.00473	0.00486	0.00826
7	0.01444	0.02926	0.01905	0.02513	0.55326	0.06484	0.01370	0.18346	0.01439	0.01955	0.00993	0.01212	0.00801	0.00489	0.00495	0.00148	0.00610	0.00440	0.00307	0.00797
8	0.00878	0.00439	0.00659	0.00659	0.00659	0.00439	0.00439	0.00659	0.00659	0.00878	0.00878	0.01537	0.00878	0.01757	0.01976	0.85288	0.00439	0.00439	0.00220	0.00220
9	0.00810	0.00665	0.00957	0.00907	0.00969	0.00827	0.00712	0.00960	0.00797	0.01167	0.01219	0.01900	0.01177	0.09802	0.55856	0.00652	0.19363	0.00536	0.00263	0.00462
10	0.01083	0.01055	0.07924	0.01535	0.24998	0.00938	0.00994	0.12112	0.04453	0.01957	0.24462	0.02478	0.12360	0.00766	0.00541	0.00157	0.00447	0.00668	0.00413	0.00660
11	0.01890	0.02372	0.01436	0.01297	0.01563	0.77226	0.00976	0.04869	0.01469	0.01311	0.00798	0.00923	0.00659	0.00524	0.00458	0.00131	0.00898	0.00331	0.00270	0.00597
12	0.01366	0.01543	0.01506	0.08093	0.01593	0.28921	0.01087	0.01503	0.01024	0.01231	0.00725	0.01059	0.00660	0.00726	0.01142	0.00185	0.46435	0.00402	0.00235	0.00565
13	0.01434	0.70436	0.02469	0.00927	0.01338	0.11611	0.00882	0.03670	0.01115	0.01251	0.00727	0.00835	0.00655	0.00448	0.00346	0.00112	0.00587	0.00282	0.00230	0.00647
14	0.85801	0.00978	0.00743	0.00665	0.00978	0.01134	0.00548	0.01486	0.00861	0.02269	0.00704	0.00821	0.00548	0.00469	0.00313	0.00156	0.00391	0.00274	0.00313	0.00548
15	0.01337	0.02742	0.01744	0.02287	0.47293	0.11424	0.01268	0.01910	0.21414	0.01712	0.01216	0.01367	0.00974	0.00521	0.00495	0.00152	0.00587	0.00463	0.00320	0.00770
16	0.01265	0.01211	0.01933	0.02824	0.68401	0.02732	0.01452	0.01695	0.10246	0.01699	0.01079	0.01320	0.00886	0.00480	0.00501	0.00152	0.00583	0.00462	0.00282	0.00797
17	0.01290	0.01161	0.01938	0.02852	0.70272	0.01159	0.01455	0.01620	0.03655	0.05784	0.03220	0.01367	0.00960	0.00484	0.00504	0.00151	0.00575	0.00470	0.00287	0.00795
18	0.01019	0.00853	0.01093	0.00957	0.01123	0.00944	0.00751	0.02528	0.07731	0.04413	0.01528	0.24957	0.01576	0.00934	0.00883	0.00173	0.26103	0.00714	0.00359	0.21362
19	0.01451	0.01157	0.02300	0.01674	0.02120	0.01066	0.50047	0.01796	0.01274	0.23111	0.06086	0.03058	0.01192	0.00539	0.00573	0.00167	0.00688	0.00607	0.00380	0.00714
