[name]
unknown

[dist]
# distance from previous block
# <min> <max>
6	875

[block]
# block no. 0 follows, 38 sequences, length 13
# corresponding to MSA columns:
# 1169-1181
name=unknown_A
#
# <colnr> <probs for GDERKNQSTAVLIFYWHMCP>
#	G	D	E	R	K	N	Q	S	T	A	V	L	I	F	Y	W	H	M	C	P
0	0.00733	0.00524	0.00698	0.00838	0.00873	0.00489	0.00558	0.00838	0.01152	0.01536	0.03316	0.78466	0.03979	0.01885	0.00768	0.00244	0.00349	0.01710	0.00558	0.00489
1	0.00724	0.00610	0.00628	0.00624	0.00821	0.00514	0.00468	0.00889	0.01403	0.01700	0.12664	0.05666	0.68244	0.01495	0.00711	0.00202	0.00303	0.01252	0.00569	0.00514
2	0.02325	0.01623	0.01767	0.01355	0.01835	0.01774	0.01119	0.66569	0.02725	0.10468	0.01531	0.01500	0.01066	0.00724	0.00602	0.00181	0.00648	0.00548	0.00615	0.01023
3	0.01045	0.00522	0.00784	0.00784	0.00784	0.00522	0.00522	0.00784	0.00784	0.01045	0.01045	0.01829	0.01045	0.02090	0.02351	0.82497	0.00522	0.00522	0.00261	0.00261
4	0.00733	0.00524	0.00698	0.00838	0.00873	0.00489	0.00558	0.00838	0.01152	0.01536	0.03316	0.78466	0.03979	0.01885	0.00768	0.00244	0.00349	0.01710	0.00558	0.00489
5	0.01237	0.01172	0.01986	0.56348	0.24420	0.01363	0.01721	0.01625	0.01251	0.01659	0.01087	0.01571	0.00845	0.00583	0.00600	0.00194	0.00777	0.00535	0.00276	0.00750
6	0.01572	0.01270	0.01419	0.01069	0.01567	0.01183	0.00862	0.22155	0.09739	0.02545	0.01329	0.01414	0.01033	0.00566	0.00509	0.00128	0.00511	0.00445	0.00455	0.50231
7	0.00767	0.00612	0.00687	0.00668	0.00847	0.00532	0.00501	0.00971	0.01503	0.01937	0.33312	0.05276	0.47449	0.01407	0.00710	0.00198	0.00296	0.01198	0.00600	0.00532
8	0.16564	0.01546	0.01614	0.01257	0.01718	0.01704	0.01038	0.55496	0.02431	0.08740	0.01404	0.01405	0.00991	0.00695	0.00562	0.00182	0.00617	0.00508	0.00572	0.00958
9	0.01665	0.02314	0.46280	0.01476	0.02184	0.01261	0.01700	0.02341	0.09437	0.23008	0.01600	0.01600	0.01088	0.00648	0.00586	0.00191	0.00736	0.00516	0.00434	0.00935
10	0.01266	0.01242	0.01746	0.01512	0.01524	0.01722	0.01254	0.01406	0.00926	0.01442	0.00880	0.01432	0.00869	0.01435	0.10205	0.00341	0.69345	0.00540	0.00270	0.00645
11	0.01449	0.49065	0.31913	0.01301	0.01964	0.01991	0.01502	0.01842	0.01241	0.01609	0.00933	0.01086	0.00768	0.00537	0.00460	0.00153	0.00741	0.00370	0.00256	0.00818
12	0.33824	0.33862	0.16017	0.01065	0.01594	0.01785	0.01106	0.01808	0.01153	0.02017	0.00883	0.01028	0.00722	0.00543	0.00416	0.00163	0.00619	0.00347	0.00302	0.00746

[dist]
# distance from previous block
# <min> <max>
0	1

[block]
# block no. 1 follows, 38 sequences, length 20
# corresponding to MSA columns:
# 1183-1202
name=unknown_B
#
# <colnr> <probs for GDERKNQSTAVLIFYWHMCP>
#	G	D	E	R	K	N	Q	S	T	A	V	L	I	F	Y	W	H	M	C	P
0	0.01470	0.50583	0.11428	0.01077	0.01642	0.01869	0.01094	0.01742	0.01234	0.01610	0.00924	0.01072	0.00800	0.00504	0.00423	0.00126	0.00624	0.00345	0.00282	0.21150
1	0.01985	0.02439	0.02138	0.01771	0.02157	0.52167	0.19018	0.02343	0.07053	0.01664	0.01115	0.01306	0.00889	0.00607	0.00589	0.00171	0.01022	0.00490	0.00331	0.00745
2	0.02389	0.01520	0.01703	0.01306	0.01783	0.01621	0.01079	0.55624	0.02553	0.21656	0.01676	0.01595	0.01139	0.00728	0.00603	0.00182	0.00625	0.00557	0.00637	0.01023
3	0.00733	0.00524	0.00698	0.00838	0.00873	0.00489	0.00558	0.00838	0.01152	0.01536	0.03316	0.78466	0.03979	0.01885	0.00768	0.00244	0.00349	0.01710	0.00558	0.00489
4	0.00733	0.00524	0.00698	0.00838	0.00873	0.00489	0.00558	0.00838	0.01152	0.01536	0.03316	0.78466	0.03979	0.01885	0.00768	0.00244	0.00349	0.01710	0.00558	0.00489
5	0.12029	0.01622	0.01694	0.01313	0.01781	0.01803	0.01084	0.64502	0.02611	0.03660	0.01371	0.01388	0.00978	0.00702	0.00574	0.00181	0.00638	0.00516	0.00574	0.00978
6	0.00856	0.00639	0.00816	0.00873	0.01021	0.00599	0.00708	0.01091	0.01443	0.01888	0.21773	0.11202	0.22355	0.01535	0.00765	0.00234	0.00408	0.30668	0.00582	0.00541
7	0.01496	0.01292	0.01360	0.01224	0.01564	0.01496	0.00952	0.03197	0.74019	0.02516	0.02448	0.02244	0.01836	0.00816	0.00612	0.00204	0.00476	0.00680	0.00612	0.00952
8	0.00851	0.00615	0.00804	0.00757	0.00899	0.00568	0.00568	0.01135	0.01703	0.02412	0.74788	0.04494	0.05676	0.01230	0.00710	0.00189	0.00284	0.01088	0.00662	0.00568
9	0.01241	0.01274	0.02449	0.49739	0.03774	0.01405	0.28004	0.01681	0.01283	0.01681	0.01124	0.01611	0.00843	0.00567	0.00642	0.00201	0.00880	0.00599	0.00281	0.00721
10	0.02287	0.01685	0.01805	0.01384	0.01866	0.01866	0.01143	0.73100	0.02828	0.03791	0.01444	0.01444	0.01023	0.00722	0.00602	0.00181	0.00662	0.00542	0.00602	0.01023
11	0.02699	0.01024	0.01396	0.01070	0.01536	0.00884	0.00884	0.02932	0.01722	0.75522	0.02373	0.02048	0.01489	0.00745	0.00605	0.00186	0.00512	0.00605	0.00745	0.01024
12	0.01402	0.01210	0.01270	0.01150	0.01474	0.01377	0.00893	0.02915	0.65262	0.02409	0.02888	0.02672	0.10639	0.00901	0.00624	0.00204	0.00455	0.00751	0.00606	0.00899
13	0.02699	0.01024	0.01396	0.01070	0.01536	0.00884	0.00884	0.02932	0.01722	0.75522	0.02373	0.02048	0.01489	0.00745	0.00605	0.00186	0.00512	0.00605	0.00745	0.01024
14	0.01045	0.00522	0.00784	0.00784	0.00784	0.00522	0.00522	0.00784	0.00784	0.01045	0.01045	0.01829	0.01045	0.02090	0.02351	0.82497	0.00522	0.00522	0.00261	0.00261
15	0.01121	0.00561	0.00561	0.00561	0.00701	0.00561	0.00421	0.01402	0.01262	0.02243	0.01962	0.02243	0.01542	0.00701	0.00421	0.00140	0.00280	0.00561	0.82198	0.00561
16	0.01608	0.79220	0.03152	0.01029	0.01544	0.02380	0.01029	0.01801	0.01222	0.01415	0.00836	0.00965	0.00772	0.00515	0.00386	0.00129	0.00643	0.00322	0.00257	0.00772
17	0.83108	0.01163	0.00884	0.00791	0.01163	0.01350	0.00651	0.01768	0.01024	0.02699	0.00838	0.00977	0.00651	0.00558	0.00372	0.00186	0.00465	0.00326	0.00372	0.00651
18	0.00837	0.00628	0.00918	0.00935	0.01038	0.00709	0.00715	0.01036	0.01008	0.01424	0.02024	0.11695	0.05199	0.04057	0.63841	0.00844	0.01399	0.00802	0.00362	0.00530
19	0.02126	0.01220	0.01430	0.01175	0.01588	0.01269	0.00945	0.11505	0.33304	0.35119	0.02294	0.02060	0.01584	0.00773	0.00608	0.00193	0.00514	0.00630	0.00670	0.00993

[dist]
# distance from previous block
# <min> <max>
0	1

[block]
# block no. 2 follows, 38 sequences, length 26
# corresponding to MSA columns:
# 1204-1229
name=unknown_C
#
# <colnr> <probs for GDERKNQSTAVLIFYWHMCP>
#	G	D	E	R	K	N	Q	S	T	A	V	L	I	F	Y	W	H	M	C	P
0	0.00851	0.00615	0.00804	0.00757	0.00899	0.00568	0.00568	0.01135	0.01703	0.02412	0.74788	0.04494	0.05676	0.01230	0.00710	0.00189	0.00284	0.01088	0.00662	0.00568
1	0.01247	0.01069	0.01247	0.00891	0.01426	0.00802	0.00713	0.01515	0.01247	0.01960	0.01069	0.01247	0.00891	0.00446	0.00446	0.00089	0.00446	0.00356	0.00356	0.82536
2	0.00733	0.00524	0.00698	0.00838	0.00873	0.00489	0.00558	0.00838	0.01152	0.01536	0.03316	0.78466	0.03979	0.01885	0.00768	0.00244	0.00349	0.01710	0.00558	0.00489
3	0.00733	0.00524	0.00698	0.00838	0.00873	0.00489	0.00558	0.00838	0.01152	0.01536	0.03316	0.78466	0.03979	0.01885	0.00768	0.00244	0.00349	0.01710	0.00558	0.00489
4	0.00851	0.00615	0.00804	0.00757	0.00899	0.00568	0.00568	0.01135	0.01703	0.02412	0.74788	0.04494	0.05676	0.01230	0.00710	0.00189	0.00284	0.01088	0.00662	0.00568
5	0.01247	0.01069	0.01247	0.00891	0.01426	0.00802	0.00713	0.01515	0.01247	0.01960	0.01069	0.01247	0.00891	0.00446	0.00446	0.00089	0.00446	0.00356	0.00356	0.82536
6	0.00733	0.00524	0.00698	0.00838	0.00873	0.00489	0.00558	0.00838	0.01152	0.01536	0.03316	0.78466	0.03979	0.01885	0.00768	0.00244	0.00349	0.01710	0.00558	0.00489
7	0.01496	0.01292	0.01360	0.01224	0.01564	0.01496	0.00952	0.03197	0.74019	0.02516	0.02448	0.02244	0.01836	0.00816	0.00612	0.00204	0.00476	0.00680	0.00612	0.00952
8	0.83108	0.01163	0.00884	0.00791	0.01163	0.01350	0.00651	0.01768	0.01024	0.02699	0.00838	0.00977	0.00651	0.00558	0.00372	0.00186	0.00465	0.00326	0.00372	0.00651
9	0.01045	0.00522	0.00784	0.00784	0.00784	0.00522	0.00522	0.00784	0.00784	0.01045	0.01045	0.01829	0.01045	0.02090	0.02351	0.82497	0.00522	0.00522	0.00261	0.00261
10	0.00733	0.00524	0.00698	0.00838	0.00873	0.00489	0.00558	0.00838	0.01152	0.01536	0.03316	0.78466	0.03979	0.01885	0.00768	0.00244	0.00349	0.01710	0.00558	0.00489
11	0.01247	0.01069	0.01247	0.00891	0.01426	0.00802	0.00713	0.01515	0.01247	0.01960	0.01069	0.01247	0.00891	0.00446	0.00446	0.00089	0.00446	0.00356	0.00356	0.82536
12	0.02035	0.00875	0.01178	0.00954	0.01297	0.00771	0.00763	0.02275	0.01684	0.49158	0.25756	0.02908	0.02868	0.03779	0.00729	0.00202	0.00441	0.00771	0.00704	0.00852
13	0.01278	0.01097	0.01261	0.00932	0.01443	0.00887	0.00742	0.01722	0.10197	0.02029	0.01239	0.01370	0.01007	0.00491	0.00466	0.00103	0.00449	0.00396	0.00388	0.72502
14	0.00733	0.00524	0.00698	0.00838	0.00873	0.00489	0.00558	0.00838	0.01152	0.01536	0.03316	0.78466	0.03979	0.01885	0.00768	0.00244	0.00349	0.01710	0.00558	0.00489
15	0.01247	0.01069	0.01247	0.00891	0.01426	0.00802	0.00713	0.01515	0.01247	0.01960	0.01069	0.01247	0.00891	0.00446	0.00446	0.00089	0.00446	0.00356	0.00356	0.82536
16	0.02287	0.01685	0.01805	0.01384	0.01866	0.01866	0.01143	0.73100	0.02828	0.03791	0.01444	0.01444	0.01023	0.00722	0.00602	0.00181	0.00662	0.00542	0.00602	0.01023
17	0.01420	0.01623	0.03550	0.02535	0.03144	0.01521	0.72921	0.01927	0.01420	0.01927	0.01217	0.01623	0.00913	0.00507	0.00710	0.00203	0.01014	0.00710	0.00304	0.00811
18	0.00711	0.00609	0.00609	0.00609	0.00813	0.00508	0.00457	0.00863	0.01371	0.01625	0.06094	0.05789	0.74862	0.01524	0.00711	0.00203	0.00305	0.01270	0.00559	0.00508
19	0.01136	0.01069	0.01804	0.77412	0.04143	0.01337	0.01671	0.01537	0.01203	0.01537	0.01069	0.01604	0.00802	0.00601	0.00601	0.00200	0.00802	0.00535	0.00267	0.00668
20	0.01357	0.01099	0.01093	0.01004	0.01264	0.05398	0.00772	0.02408	0.41144	0.02369	0.11126	0.02455	0.02168	0.00824	0.00568	0.00182	0.00434	0.00681	0.22871	0.00784
21	0.00925	0.00678	0.00908	0.01023	0.01173	0.00661	0.00882	0.01181	0.01383	0.01771	0.03680	0.06616	0.15602	0.01638	0.00811	0.00264	0.00512	0.59191	0.00555	0.00546
22	0.01496	0.01292	0.01360	0.01224	0.01564	0.01496	0.00952	0.03197	0.74019	0.02516	0.02448	0.02244	0.01836	0.00816	0.00612	0.00204	0.00476	0.00680	0.00612	0.00952
23	0.00851	0.00615	0.00804	0.00757	0.00899	0.00568	0.00568	0.01135	0.01703	0.02412	0.74788	0.04494	0.05676	0.01230	0.00710	0.00189	0.00284	0.01088	0.00662	0.00568
24	0.01759	0.01396	0.01516	0.01200	0.01653	0.01461	0.00967	0.32018	0.24335	0.02899	0.01651	0.01637	0.01238	0.00676	0.00562	0.00163	0.00546	0.00534	0.00538	0.23251
25	0.83108	0.01163	0.00884	0.00791	0.01163	0.01350	0.00651	0.01768	0.01024	0.02699	0.00838	0.00977	0.00651	0.00558	0.00372	0.00186	0.00465	0.00326	0.00372	0.00651

[dist]
# distance from previous block
# <min> <max>
0	1

[block]
# block no. 3 follows, 38 sequences, length 50
# corresponding to MSA columns:
# 1231-1280
name=unknown_D
#
# <colnr> <probs for GDERKNQSTAVLIFYWHMCP>
#	G	D	E	R	K	N	Q	S	T	A	V	L	I	F	Y	W	H	M	C	P
0	0.83108	0.01163	0.00884	0.00791	0.01163	0.01350	0.00651	0.01768	0.01024	0.02699	0.00838	0.00977	0.00651	0.00558	0.00372	0.00186	0.00465	0.00326	0.00372	0.00651
1	0.01253	0.00882	0.01207	0.00957	0.01298	0.00758	0.07198	0.01543	0.01434	0.08940	0.21842	0.04109	0.02463	0.00775	0.00560	0.00149	0.00426	0.00682	0.15831	0.27694
2	0.00761	0.00611	0.00678	0.00661	0.00843	0.00529	0.00496	0.00959	0.01488	0.01903	0.30335	0.05332	0.50448	0.01420	0.00710	0.00198	0.00297	0.01206	0.00595	0.00529
3	0.01243	0.01126	0.01804	0.70370	0.03932	0.01386	0.01622	0.08166	0.01353	0.01746	0.01104	0.01589	0.00822	0.00613	0.00601	0.00199	0.00789	0.00535	0.00298	0.00701
4	0.01938	0.14921	0.01724	0.01092	0.01496	0.01209	0.07484	0.08269	0.01580	0.30166	0.01805	0.01815	0.01282	0.00668	0.00527	0.00165	0.00534	0.00547	0.21940	0.00838
5	0.00798	0.00610	0.00713	0.00689	0.00842	0.00545	0.00505	0.01004	0.01495	0.01985	0.40850	0.04955	0.32734	0.08537	0.00928	0.00231	0.00320	0.01140	0.00594	0.00525
6	0.01176	0.01379	0.24278	0.00996	0.01358	0.00831	0.01031	0.01488	0.01223	0.04874	0.06321	0.02045	0.01497	0.02684	0.00879	0.14037	0.00529	0.00561	0.32186	0.00628
7	0.00812	0.00583	0.00773	0.00812	0.00911	0.00544	0.00590	0.01023	0.01462	0.02021	0.41498	0.34239	0.04852	0.01520	0.00741	0.00217	0.00328	0.05925	0.00614	0.00535
8	0.02515	0.01318	0.01578	0.01210	0.01683	0.01321	0.01000	0.34192	0.02215	0.43566	0.01959	0.01779	0.01281	0.00735	0.00604	0.00184	0.00579	0.00577	0.00681	0.01023
9	0.01278	0.01087	0.01264	0.00906	0.01439	0.00833	0.00725	0.03617	0.01294	0.02014	0.01080	0.01253	0.00895	0.00454	0.00450	0.00092	0.00452	0.00362	0.00364	0.80142
10	0.02080	0.01532	0.01634	0.01288	0.01720	0.01698	0.01052	0.57702	0.11601	0.03488	0.01618	0.01618	0.01173	0.00732	0.00586	0.00180	0.00603	0.00561	0.08161	0.00971
11	0.01454	0.01395	0.02371	0.09964	0.67027	0.01433	0.01817	0.01809	0.01343	0.01915	0.01117	0.01494	0.00936	0.00556	0.00633	0.00183	0.02803	0.00536	0.00294	0.00920
12	0.01420	0.01623	0.03550	0.02535	0.03144	0.01521	0.72921	0.01927	0.01420	0.01927	0.01217	0.01623	0.00913	0.00507	0.00710	0.00203	0.01014	0.00710	0.00304	0.00811
13	0.01274	0.01254	0.01761	0.01523	0.01533	0.01742	0.01264	0.01413	0.00926	0.01443	0.00866	0.01413	0.00856	0.01373	0.08875	0.00328	0.70704	0.00537	0.00269	0.00647
14	0.00733	0.00524	0.00698	0.00838	0.00873	0.00489	0.00558	0.00838	0.01152	0.01536	0.03316	0.78466	0.03979	0.01885	0.00768	0.00244	0.00349	0.01710	0.00558	0.00489
15	0.00720	0.00610	0.00622	0.00619	0.00818	0.00512	0.00464	0.00881	0.01393	0.01677	0.10598	0.05704	0.70325	0.01504	0.00711	0.00202	0.00303	0.01258	0.00565	0.00512
16	0.00731	0.00529	0.00692	0.00823	0.00869	0.00490	0.00552	0.00839	0.01166	0.01542	0.03498	0.73700	0.08627	0.01861	0.00764	0.00242	0.00346	0.01681	0.00558	0.00490
17	0.02531	0.01210	0.01501	0.01160	0.01623	0.01172	0.00955	0.21324	0.05597	0.53113	0.02134	0.01899	0.01384	0.00742	0.00604	0.00186	0.00549	0.00592	0.00701	0.01020
18	0.01414	0.01232	0.01423	0.01344	0.08331	0.01263	0.00957	0.02521	0.43457	0.02283	0.01875	0.01848	0.01445	0.00669	0.00556	0.00164	0.00488	0.00561	0.00499	0.27671
19	0.01812	0.01796	0.02226	0.02680	0.39577	0.17195	0.06215	0.17059	0.01752	0.02247	0.01161	0.01404	0.00928	0.00591	0.00593	0.00176	0.00800	0.00518	0.00365	0.00905
20	0.01744	0.01298	0.01436	0.01164	0.01521	0.01406	0.00937	0.43056	0.09054	0.03222	0.25557	0.02517	0.02622	0.00897	0.00638	0.00186	0.00521	0.00733	0.00623	0.00867
21	0.83108	0.01163	0.00884	0.00791	0.01163	0.01350	0.00651	0.01768	0.01024	0.02699	0.00838	0.00977	0.00651	0.00558	0.00372	0.00186	0.00465	0.00326	0.00372	0.00651
22	0.01574	0.72768	0.09307	0.01087	0.01634	0.02297	0.01131	0.01810	0.01226	0.01457	0.00857	0.00991	0.00771	0.00519	0.00402	0.00134	0.00664	0.00332	0.00257	0.00782
23	0.01113	0.00803	0.01000	0.00825	0.01127	0.00671	0.00640	0.01388	0.01543	0.07046	0.43902	0.03182	0.03705	0.00920	0.00609	0.00154	0.00356	0.00797	0.00559	0.29660
24	0.01420	0.01623	0.03550	0.02535	0.03144	0.01521	0.72921	0.01927	0.01420	0.01927	0.01217	0.01623	0.00913	0.00507	0.00710	0.00203	0.01014	0.00710	0.00304	0.00811
25	0.01016	0.00968	0.01846	0.01525	0.01793	0.00908	0.29421	0.01288	0.01268	0.01702	0.02474	0.44947	0.02736	0.01327	0.00747	0.00229	0.00622	0.04105	0.00457	0.00620
26	0.01045	0.00522	0.00784	0.00784	0.00784	0.00522	0.00522	0.00784	0.00784	0.01045	0.01045	0.01829	0.01045	0.02090	0.02351	0.82497	0.00522	0.00522	0.00261	0.00261
27	0.01316	0.01316	0.01843	0.01579	0.01579	0.01843	0.01316	0.01448	0.00921	0.01448	0.00790	0.01316	0.00790	0.01053	0.01974	0.00263	0.77757	0.00526	0.00263	0.00658
28	0.00711	0.00609	0.00609	0.00609	0.00813	0.00508	0.00457	0.00863	0.01371	0.01625	0.06094	0.05789	0.74862	0.01524	0.00711	0.00203	0.00305	0.01270	0.00559	0.00508
29	0.00969	0.00692	0.00969	0.01108	0.01246	0.00692	0.00969	0.01246	0.01385	0.01800	0.03185	0.06786	0.03462	0.01662	0.00831	0.00277	0.00554	0.71057	0.00554	0.00554
30	0.02287	0.01685	0.01805	0.01384	0.01866	0.01866	0.01143	0.73100	0.02828	0.03791	0.01444	0.01444	0.01023	0.00722	0.00602	0.00181	0.00662	0.00542	0.00602	0.01023
31	0.02247	0.02867	0.01705	0.01550	0.01860	0.76443	0.01162	0.02402	0.01705	0.01472	0.00930	0.01085	0.00775	0.00620	0.00542	0.00155	0.01085	0.00387	0.00310	0.00697
32	0.02188	0.01684	0.01747	0.01371	0.01828	0.04824	0.01121	0.61660	0.11533	0.03541	0.01547	0.01528	0.01113	0.00730	0.00601	0.00182	0.00656	0.00552	0.00591	0.01001
33	0.00733	0.00524	0.00698	0.00838	0.00873	0.00489	0.00558	0.00838	0.01152	0.01536	0.03316	0.78466	0.03979	0.01885	0.00768	0.00244	0.00349	0.01710	0.00558	0.00489
34	0.01082	0.06759	0.39779	0.01270	0.01822	0.01109	0.01454	0.01575	0.01449	0.02088	0.32032	0.02606	0.02827	0.00845	0.00618	0.00186	0.00620	0.00707	0.00426	0.00747
35	0.08892	0.01302	0.01754	0.01506	0.01541	0.01797	0.01255	0.01477	0.00931	0.01564	0.00794	0.01285	0.00777	0.01007	0.01826	0.00256	0.70598	0.00508	0.00273	0.00657
36	0.01201	0.01025	0.01067	0.00976	0.01265	0.01102	0.00755	0.04804	0.41412	0.02195	0.03916	0.03678	0.31951	0.01105	0.00653	0.00203	0.00412	0.00918	0.00590	0.00771
37	0.00873	0.00589	0.00685	0.00685	0.00694	0.00599	0.00400	0.00893	0.00883	0.01188	0.01869	0.03793	0.02124	0.72046	0.09789	0.00618	0.00677	0.00854	0.00361	0.00380
38	0.01489	0.01429	0.02442	0.03692	0.75106	0.01429	0.01846	0.01846	0.01370	0.01965	0.01132	0.01489	0.00953	0.00536	0.00596	0.00179	0.00715	0.00536	0.00298	0.00953
39	0.83108	0.01163	0.00884	0.00791	0.01163	0.01350	0.00651	0.01768	0.01024	0.02699	0.00838	0.00977	0.00651	0.00558	0.00372	0.00186	0.00465	0.00326	0.00372	0.00651
40	0.01316	0.01316	0.01843	0.01579	0.01579	0.01843	0.01316	0.01448	0.00921	0.01448	0.00790	0.01316	0.00790	0.01053	0.01974	0.00263	0.77757	0.00526	0.00263	0.00658
41	0.01791	0.01419	0.01514	0.01272	0.01657	0.01601	0.01013	0.32448	0.40496	0.03003	0.02070	0.05689	0.01601	0.00830	0.00616	0.00196	0.00548	0.00673	0.00605	0.00959
42	0.36481	0.01082	0.01181	0.00953	0.01379	0.01080	0.00786	0.02443	0.01429	0.44927	0.01728	0.01598	0.01137	0.00666	0.00507	0.00186	0.00492	0.00488	0.00588	0.00867
43	0.02319	0.01036	0.01357	0.01023	0.01507	0.00863	0.00839	0.02561	0.01598	0.56254	0.02032	0.01838	0.01332	0.00666	0.00563	0.00161	0.00495	0.00540	0.00643	0.22374
44	0.00834	0.00614	0.00780	0.00739	0.00888	0.00560	0.00554	0.01102	0.01662	0.02316	0.66415	0.04652	0.14110	0.01266	0.00710	0.00191	0.00286	0.01110	0.00650	0.00560
45	0.01496	0.01292	0.01360	0.01224	0.01564	0.01496	0.00952	0.03197	0.74019	0.02516	0.02448	0.02244	0.01836	0.00816	0.00612	0.00204	0.00476	0.00680	0.00612	0.00952
46	0.01036	0.00586	0.00682	0.00682	0.00808	0.00617	0.00515	0.01287	0.01162	0.01957	0.01858	0.02340	0.01555	0.04683	0.22629	0.00397	0.00678	0.00597	0.55385	0.00547
47	0.00817	0.00590	0.00791	0.00923	0.01005	0.00564	0.00702	0.00987	0.01249	0.01637	0.03428	0.48294	0.07862	0.01783	0.00787	0.00254	0.00421	0.26837	0.00557	0.00513
48	0.00971	0.00790	0.01200	0.01626	0.20376	0.00769	0.00961	0.01173	0.01259	0.01711	0.04398	0.45230	0.03144	0.01481	0.00731	0.00231	0.00476	0.12359	0.00492	0.00622
49	0.00851	0.00615	0.00804	0.00757	0.00899	0.00568	0.00568	0.01135	0.01703	0.02412	0.74788	0.04494	0.05676	0.01230	0.00710	0.00189	0.00284	0.01088	0.00662	0.00568

[dist]
# distance from previous block
# <min> <max>
1	6

[block]
# block no. 4 follows, 38 sequences, length 26
# corresponding to MSA columns:
# 1287-1312
name=unknown_E
#
# <colnr> <probs for GDERKNQSTAVLIFYWHMCP>
#	G	D	E	R	K	N	Q	S	T	A	V	L	I	F	Y	W	H	M	C	P
0	0.02088	0.01583	0.01804	0.01391	0.01854	0.01723	0.04965	0.58073	0.08113	0.03414	0.01479	0.01520	0.01075	0.00752	0.00661	0.03000	0.00652	0.00552	0.00564	0.04737
1	0.01378	0.16149	0.26404	0.01926	0.02560	0.01662	0.31765	0.01860	0.01298	0.01790	0.01071	0.01367	0.00830	0.00571	0.00705	0.00190	0.06840	0.00541	0.00277	0.00817
2	0.00838	0.06660	0.00960	0.00857	0.00980	0.00723	0.00641	0.00992	0.01133	0.01496	0.03021	0.36297	0.14319	0.02567	0.25106	0.00461	0.00771	0.01189	0.00459	0.00529
3	0.00733	0.00524	0.00698	0.00838	0.00873	0.00489	0.00558	0.00838	0.01152	0.01536	0.03316	0.78466	0.03979	0.01885	0.00768	0.00244	0.00349	0.01710	0.00558	0.00489
4	0.00763	0.00552	0.00722	0.00805	0.00877	0.00511	0.00556	0.00918	0.01309	0.01773	0.22437	0.55352	0.07806	0.01694	0.00750	0.00228	0.00330	0.01524	0.00586	0.00511
5	0.01496	0.01292	0.01360	0.01224	0.01564	0.01496	0.00952	0.03197	0.74019	0.02516	0.02448	0.02244	0.01836	0.00816	0.00612	0.00204	0.00476	0.00680	0.00612	0.00952
6	0.56712	0.01138	0.01049	0.00894	0.01287	0.01244	0.00733	0.02169	0.06786	0.20933	0.01346	0.01342	0.00952	0.00625	0.00449	0.00188	0.00478	0.00423	0.00484	0.00768
7	0.02287	0.01685	0.01805	0.01384	0.01866	0.01866	0.01143	0.73100	0.02828	0.03791	0.01444	0.01444	0.01023	0.00722	0.00602	0.00181	0.00662	0.00542	0.00602	0.01023
8	0.01207	0.03112	0.75741	0.01715	0.02604	0.01397	0.02223	0.01905	0.01270	0.01905	0.01080	0.01270	0.00762	0.00572	0.00572	0.00191	0.00889	0.00445	0.00254	0.00889
9	0.01608	0.79220	0.03152	0.01029	0.01544	0.02380	0.01029	0.01801	0.01222	0.01415	0.00836	0.00965	0.00772	0.00515	0.00386	0.00129	0.00643	0.00322	0.00257	0.00772
10	0.09884	0.01488	0.01394	0.01207	0.01578	0.13194	0.00950	0.05758	0.37331	0.17773	0.01994	0.01863	0.01446	0.00741	0.00576	0.00190	0.00586	0.00578	0.00568	0.00901
11	0.01961	0.01527	0.01641	0.01331	0.01744	0.01728	0.01078	0.44726	0.29230	0.03239	0.01796	0.01737	0.01318	0.00768	0.00651	0.00192	0.03161	0.00593	0.00594	0.00985
12	0.00924	0.00631	0.00827	0.00769	0.00924	0.00580	0.00580	0.01206	0.01704	0.05299	0.71929	0.04397	0.05511	0.01211	0.00705	0.00189	0.00293	0.01069	0.00665	0.00586
13	0.00727	0.00566	0.00655	0.00724	0.00838	0.00500	0.00505	0.00851	0.01248	0.01568	0.04600	0.41673	0.37733	0.03914	0.00806	0.00234	0.00335	0.01476	0.00553	0.00494
14	0.00828	0.00610	0.00774	0.00743	0.00887	0.00556	0.00553	0.01086	0.01633	0.02269	0.62509	0.08482	0.14232	0.01300	0.00713	0.00194	0.00290	0.01143	0.00644	0.00556
15	0.01045	0.00522	0.00784	0.00784	0.00784	0.00522	0.00522	0.00784	0.00784	0.01045	0.01045	0.01829	0.01045	0.02090	0.02351	0.82497	0.00522	0.00522	0.00261	0.00261
16	0.01619	0.30593	0.02301	0.01369	0.01625	0.17636	0.01177	0.01779	0.01197	0.01441	0.00836	0.01137	0.00780	0.00762	0.01085	0.00191	0.33071	0.00421	0.00271	0.00709
17	0.00879	0.00639	0.00842	0.00858	0.01004	0.00603	0.00688	0.01150	0.01575	0.02154	0.46422	0.05332	0.10312	0.01392	0.00749	0.00219	0.00372	0.23632	0.00619	0.00559
18	0.11280	0.01364	0.01818	0.08118	0.22719	0.01465	0.03728	0.16845	0.14829	0.09583	0.01518	0.01625	0.01130	0.00652	0.00579	0.00188	0.00629	0.00551	0.00467	0.00911
19	0.01246	0.01070	0.01310	0.01192	0.01443	0.01188	0.05739	0.02304	0.43461	0.02112	0.02512	0.22409	0.02320	0.04230	0.02484	0.00248	0.02443	0.00958	0.00552	0.00780
20	0.01028	0.00936	0.01583	0.46967	0.03013	0.01078	0.06821	0.01342	0.01203	0.01567	0.01804	0.26355	0.01833	0.01007	0.00663	0.00215	0.00672	0.00927	0.00364	0.00621
21	0.03772	0.05625	0.33440	0.01439	0.02028	0.05139	0.07116	0.02033	0.06769	0.11812	0.13089	0.01955	0.01731	0.00712	0.00596	0.00187	0.00709	0.00595	0.00421	0.00832
22	0.00981	0.00822	0.01250	0.30532	0.04685	0.00915	0.01103	0.01297	0.03406	0.01691	0.08016	0.25267	0.04604	0.01218	0.00697	0.00224	0.00565	0.11681	0.00446	0.00604
23	0.01275	0.01202	0.02011	0.30293	0.40949	0.01292	0.01634	0.01623	0.01297	0.01766	0.01509	0.05934	0.05263	0.00689	0.00614	0.00192	0.00703	0.00641	0.00316	0.00799
24	0.08184	0.00927	0.01124	0.01004	0.01298	0.00915	0.00774	0.02218	0.15828	0.31456	0.02570	0.26608	0.02293	0.01111	0.00640	0.00208	0.00449	0.00954	0.00629	0.00808
25	0.01262	0.01236	0.01860	0.28046	0.06274	0.01645	0.01467	0.01499	0.01042	0.01506	0.00905	0.01425	0.00802	0.00869	0.01426	0.00237	0.47024	0.00530	0.00266	0.00677

[dist]
# distance from previous block
# <min> <max>
2	3

[block]
# block no. 5 follows, 38 sequences, length 33
# corresponding to MSA columns:
# 1497-1529
name=unknown_F
#
# <colnr> <probs for GDERKNQSTAVLIFYWHMCP>
#	G	D	E	R	K	N	Q	S	T	A	V	L	I	F	Y	W	H	M	C	P
0	0.01897	0.01875	0.27401	0.01351	0.01931	0.01275	0.01387	0.19971	0.01801	0.25090	0.03347	0.06987	0.01383	0.00768	0.00606	0.00190	0.00665	0.00620	0.00523	0.00929
1	0.01380	0.01423	0.01833	0.01577	0.01599	0.06966	0.01306	0.01513	0.00975	0.01449	0.00799	0.01300	0.00789	0.01023	0.01876	0.00256	0.72491	0.00517	0.00266	0.00661
2	0.08213	0.00995	0.01016	0.00928	0.01221	0.01059	0.00721	0.03598	0.33558	0.04462	0.03813	0.03597	0.32282	0.01086	0.00633	0.00201	0.00409	0.00891	0.00573	0.00744
3	0.15435	0.01134	0.01369	0.01068	0.01521	0.01089	0.00882	0.12132	0.01759	0.54343	0.02005	0.01797	0.01294	0.00712	0.00568	0.00185	0.00525	0.00552	0.00666	0.00964
4	0.01423	0.01008	0.01189	0.00906	0.01355	0.00828	0.00723	0.04196	0.04281	0.13149	0.06984	0.02168	0.09993	0.00695	0.00531	0.00132	0.00437	0.00570	0.00478	0.48954
5	0.01237	0.00710	0.00871	0.00776	0.01017	0.00620	0.00601	0.01459	0.01583	0.19447	0.31824	0.04400	0.30667	0.01225	0.00685	0.00194	0.00346	0.01042	0.00643	0.00653
6	0.01311	0.01081	0.01185	0.01116	0.01371	0.01210	0.00843	0.06802	0.47276	0.02295	0.02652	0.25558	0.02443	0.01138	0.00659	0.00215	0.00449	0.00987	0.00595	0.00814
7	0.26669	0.00907	0.00845	0.00753	0.01018	0.00986	0.00599	0.11138	0.01407	0.04161	0.01554	0.01740	0.01196	0.00661	0.00434	0.00161	0.00394	0.00486	0.44231	0.00661
8	0.01303	0.00709	0.00932	0.00821	0.01040	0.00642	0.00635	0.01574	0.01685	0.19734	0.53961	0.03801	0.04476	0.01088	0.00670	0.00186	0.00338	0.00947	0.04781	0.00675
9	0.02195	0.01136	0.01381	0.01135	0.01548	0.01140	0.00913	0.03043	0.31993	0.44955	0.02405	0.02130	0.01635	0.00775	0.00608	0.00194	0.00497	0.00636	0.00689	0.00994
10	0.02067	0.00988	0.01262	0.01054	0.01399	0.00930	0.00833	0.13736	0.01738	0.42605	0.02493	0.23906	0.02129	0.01069	0.00651	0.00202	0.00489	0.00912	0.00668	0.00870
11	0.49440	0.01105	0.01099	0.00908	0.01319	0.01155	0.00749	0.02255	0.01316	0.33190	0.01481	0.01425	0.01002	0.00636	0.00470	0.00186	0.00485	0.00443	0.00528	0.00807
12	0.00973	0.00630	0.00840	0.00850	0.00985	0.00585	0.00642	0.01201	0.01504	0.07644	0.39334	0.25862	0.04579	0.01438	0.00734	0.00216	0.00355	0.10423	0.00624	0.00578
13	0.01999	0.24769	0.06753	0.01411	0.01816	0.50517	0.01191	0.02199	0.01539	0.01483	0.00912	0.01062	0.00773	0.00587	0.00499	0.00150	0.00946	0.00372	0.00291	0.00731
14	0.02249	0.02822	0.01709	0.01543	0.01860	0.73581	0.01162	0.05116	0.01748	0.01561	0.00950	0.01099	0.00784	0.00624	0.00545	0.00156	0.01069	0.00393	0.00321	0.00710
15	0.01549	0.01359	0.01702	0.01945	0.22715	0.01503	0.01222	0.07665	0.48200	0.02447	0.02000	0.01972	0.01526	0.00729	0.00607	0.00195	0.00558	0.00629	0.00521	0.00957
16	0.00768	0.00564	0.00770	0.00861	0.00927	0.00565	0.00608	0.00907	0.01112	0.01501	0.02998	0.52100	0.07656	0.02617	0.22516	0.00449	0.00709	0.01377	0.00491	0.00504
17	0.01119	0.00681	0.00815	0.00754	0.00975	0.00592	0.00574	0.01318	0.01507	0.15537	0.23626	0.10834	0.36728	0.01330	0.00696	0.00200	0.00341	0.01134	0.00621	0.00618
18	0.00721	0.00610	0.00623	0.00620	0.00819	0.00512	0.00465	0.00882	0.01394	0.01680	0.10866	0.05699	0.70055	0.01503	0.00711	0.00202	0.00303	0.01257	0.00566	0.00512
19	0.02244	0.01746	0.01776	0.01387	0.01850	0.06969	0.01135	0.64730	0.06330	0.03568	0.01459	0.01460	0.01047	0.00720	0.00598	0.00180	0.00682	0.00538	0.00582	0.00997
20	0.52316	0.01362	0.01235	0.01017	0.01431	0.01546	0.00839	0.28945	0.01711	0.03115	0.01069	0.01155	0.00793	0.00621	0.00460	0.00184	0.00540	0.00408	0.00460	0.00793
21	0.02287	0.01685	0.01805	0.01384	0.01866	0.01866	0.01143	0.73100	0.02828	0.03791	0.01444	0.01444	0.01023	0.00722	0.00602	0.00181	0.00662	0.00542	0.00602	0.01023
22	0.01352	0.30688	0.49441	0.01466	0.02220	0.01753	0.01790	0.01868	0.01253	0.01728	0.00991	0.01160	0.00766	0.00551	0.00504	0.00168	0.00800	0.00400	0.00255	0.00847
23	0.01608	0.79220	0.03152	0.01029	0.01544	0.02380	0.01029	0.01801	0.01222	0.01415	0.00836	0.00965	0.00772	0.00515	0.00386	0.00129	0.00643	0.00322	0.00257	0.00772
24	0.02392	0.01451	0.01653	0.01274	0.01745	0.01526	0.01050	0.47146	0.05261	0.27464	0.01791	0.01675	0.01209	0.00733	0.00603	0.00183	0.00605	0.00568	0.00649	0.01021
25	0.01870	0.01478	0.01571	0.01300	0.01707	0.01671	0.01043	0.36276	0.40331	0.03120	0.01973	0.01866	0.01451	0.00772	0.00607	0.00193	0.00564	0.00615	0.00607	0.00986
26	0.00711	0.00609	0.00609	0.00609	0.00813	0.00508	0.00457	0.00863	0.01371	0.01625	0.06094	0.05789	0.74862	0.01524	0.00711	0.00203	0.00305	0.01270	0.00559	0.00508
27	0.01610	0.00795	0.00975	0.00826	0.01142	0.00680	0.00656	0.01808	0.01551	0.34751	0.09147	0.04026	0.37273	0.01155	0.00663	0.00195	0.00396	0.00960	0.00649	0.00743
28	0.00728	0.00605	0.00637	0.00640	0.00826	0.00513	0.00476	0.00892	0.01395	0.01709	0.13689	0.10143	0.62650	0.01513	0.00714	0.00204	0.00305	0.01276	0.00570	0.00513
29	0.02096	0.01392	0.01552	0.01255	0.01682	0.01508	0.01015	0.31887	0.28220	0.19722	0.02018	0.01870	0.01423	0.00761	0.00606	0.00190	0.00561	0.00606	0.00638	0.00998
30	0.01436	0.44569	0.04038	0.01038	0.01419	0.01745	0.00938	0.10894	0.01414	0.01774	0.01634	0.23303	0.01726	0.00937	0.00529	0.00170	0.00567	0.00753	0.00389	0.00726
31	0.00788	0.00567	0.00715	0.00797	0.00856	0.00545	0.00544	0.00894	0.01117	0.01470	0.03189	0.42769	0.11644	0.19563	0.06548	0.00369	0.00499	0.06157	0.00498	0.00470
32	0.04261	0.04300	0.18198	0.01304	0.01765	0.08743	0.01241	0.06611	0.04365	0.26278	0.01698	0.06934	0.01304	0.00884	0.02661	0.00213	0.07299	0.00600	0.00485	0.00858

[dist]
# distance from previous block
# <min> <max>
0	32

[block]
# block no. 6 follows, 38 sequences, length 181
# corresponding to MSA columns:
# 1562-1668,1675-1685,1689-1751
name=unknown_G
#
# <colnr> <probs for GDERKNQSTAVLIFYWHMCP>
#	G	D	E	R	K	N	Q	S	T	A	V	L	I	F	Y	W	H	M	C	P
0	0.04339	0.01530	0.01598	0.01298	0.01715	0.03682	0.01047	0.44426	0.23258	0.05349	0.01794	0.04267	0.01354	0.00782	0.00602	0.00189	0.00599	0.00613	0.00593	0.00965
1	0.80350	0.01169	0.00916	0.00818	0.01177	0.01366	0.00674	0.01758	0.01020	0.02657	0.00836	0.00989	0.00656	0.00575	0.00426	0.00189	0.03071	0.00333	0.00369	0.00652
2	0.01495	0.01425	0.02419	0.07434	0.66824	0.01442	0.03891	0.04235	0.01412	0.02003	0.01141	0.01497	0.00946	0.00545	0.00599	0.00181	0.00726	0.00541	0.00307	0.00936
3	0.00863	0.00629	0.00823	0.03454	0.01059	0.00618	0.00646	0.05479	0.01317	0.01766	0.09633	0.62155	0.03824	0.01702	0.00748	0.00235	0.00384	0.03567	0.00561	0.00538
4	0.00916	0.00767	0.01138	0.18483	0.06108	0.00788	0.02573	0.01171	0.01373	0.01831	0.23142	0.22138	0.14779	0.01237	0.00693	0.00207	0.00465	0.01103	0.00500	0.00590
5	0.01352	0.01273	0.01662	0.01504	0.03598	0.01656	0.01202	0.01961	0.22504	0.01799	0.01440	0.01941	0.01272	0.01007	0.01462	0.00244	0.47949	0.05041	0.00385	0.00746
6	0.01340	0.01278	0.02173	0.34762	0.45198	0.01390	0.01772	0.01716	0.01299	0.01785	0.01105	0.01537	0.00889	0.00564	0.00598	0.00188	0.00751	0.00535	0.00285	0.00833
7	0.00735	0.00606	0.00616	0.00616	0.00790	0.00519	0.00444	0.00865	0.01299	0.01559	0.05487	0.05522	0.64354	0.12705	0.01051	0.00258	0.00345	0.01213	0.00531	0.00487
8	0.01640	0.31411	0.02108	0.01169	0.01595	0.01884	0.01006	0.11550	0.36874	0.02254	0.01699	0.01649	0.01322	0.00688	0.00524	0.00172	0.00564	0.00524	0.00474	0.00892
9	0.01247	0.01207	0.01680	0.01458	0.01465	0.01660	0.01195	0.01373	0.00920	0.01420	0.00941	0.01615	0.00960	0.08078	0.07062	0.00338	0.65915	0.00565	0.00276	0.00624
10	0.01316	0.01316	0.01843	0.01579	0.01579	0.01843	0.01316	0.01448	0.00921	0.01448	0.00790	0.01316	0.00790	0.01053	0.01974	0.00263	0.77757	0.00526	0.00263	0.00658
11	0.01136	0.01069	0.01804	0.77412	0.04143	0.01337	0.01671	0.01537	0.01203	0.01537	0.01069	0.01604	0.00802	0.00601	0.00601	0.00200	0.00802	0.00535	0.00267	0.00668
12	0.67614	0.01136	0.00983	0.00845	0.01235	0.01260	0.00696	0.01993	0.01158	0.16731	0.01134	0.01183	0.00813	0.00594	0.00417	0.00186	0.00474	0.00380	0.00444	0.00723
13	0.01590	0.01059	0.01283	0.00933	0.01452	0.00821	0.00753	0.01849	0.01359	0.19315	0.01377	0.01436	0.01032	0.00516	0.00483	0.00112	0.00461	0.00415	0.00448	0.63305
14	0.00851	0.00615	0.00804	0.00757	0.00899	0.00568	0.00568	0.01135	0.01703	0.02412	0.74788	0.04494	0.05676	0.01230	0.00710	0.00189	0.00284	0.01088	0.00662	0.00568
15	0.01686	0.01364	0.01455	0.01241	0.01610	0.01545	0.00983	0.23412	0.48716	0.02881	0.06740	0.02154	0.01843	0.00815	0.00615	0.00196	0.00518	0.00666	0.00612	0.00948
16	0.48447	0.01148	0.01119	0.00937	0.01328	0.01243	0.00770	0.09391	0.01390	0.21846	0.01352	0.01394	0.00964	0.00875	0.05279	0.00235	0.00570	0.00442	0.00491	0.00780
17	0.00753	0.00586	0.00685	0.00713	0.00852	0.00518	0.00514	0.00926	0.01393	0.01801	0.22887	0.26290	0.36829	0.01552	0.00727	0.00211	0.00312	0.01349	0.00585	0.00518
18	0.01232	0.01048	0.01525	0.01733	0.17964	0.03093	0.03445	0.01436	0.01248	0.06370	0.06711	0.27633	0.03813	0.01188	0.00983	0.00222	0.18247	0.00986	0.00435	0.00688
19	0.00862	0.00627	0.00819	0.00806	0.00951	0.00585	0.00627	0.01136	0.01629	0.02261	0.58548	0.04956	0.09692	0.01320	0.00730	0.00205	0.00330	0.12716	0.00638	0.00562
20	0.02347	0.01287	0.01529	0.01184	0.01628	0.01301	0.00973	0.34572	0.02222	0.36471	0.08433	0.01993	0.01653	0.00778	0.00613	0.00184	0.00559	0.00619	0.00672	0.00983
21	0.35891	0.01292	0.01176	0.01058	0.01349	0.09051	0.00849	0.08584	0.07794	0.02299	0.01281	0.01645	0.01081	0.01443	0.15367	0.00344	0.05411	0.02994	0.00399	0.00693
22	0.02023	0.01052	0.01316	0.01028	0.01473	0.00937	0.00831	0.02492	0.12647	0.40667	0.06386	0.02014	0.01636	0.00706	0.00570	0.00164	0.00475	0.00580	0.00617	0.22384
23	0.01571	0.00995	0.01041	0.00878	0.01150	0.01064	0.00699	0.29067	0.01866	0.02840	0.01763	0.01935	0.01342	0.00709	0.00490	0.00156	0.00428	0.00553	0.50713	0.00739
24	0.01477	0.54418	0.26808	0.01253	0.01889	0.02060	0.01418	0.01835	0.01238	0.01575	0.00916	0.01064	0.00769	0.00533	0.00446	0.00149	0.00723	0.00362	0.00256	0.00810
25	0.00851	0.00615	0.00804	0.00757	0.00899	0.00568	0.00568	0.01135	0.01703	0.02412	0.74788	0.04494	0.05676	0.01230	0.00710	0.00189	0.00284	0.01088	0.00662	0.00568
26	0.00742	0.00527	0.00695	0.00826	0.00859	0.00495	0.00546	0.00840	0.01134	0.01512	0.03226	0.73774	0.03866	0.06730	0.00912	0.00266	0.00364	0.01658	0.00546	0.00481
27	0.00769	0.00612	0.00690	0.00670	0.00848	0.00532	0.00503	0.00975	0.01508	0.01950	0.34424	0.05255	0.46330	0.01402	0.00710	0.00197	0.00296	0.01195	0.00601	0.00532
28	0.02287	0.01685	0.01805	0.01384	0.01866	0.01866	0.01143	0.73100	0.02828	0.03791	0.01444	0.01444	0.01023	0.00722	0.00602	0.00181	0.00662	0.00542	0.00602	0.01023
29	0.32698	0.01307	0.01313	0.01057	0.01474	0.01424	0.00870	0.29906	0.01865	0.15559	0.01406	0.01420	0.00994	0.00663	0.00505	0.00181	0.00539	0.00472	0.05488	0.00855
30	0.09142	0.01641	0.01727	0.01334	0.01806	0.01822	0.01102	0.67050	0.02675	0.03699	0.01393	0.01405	0.00992	0.00708	0.00582	0.00181	0.00645	0.00523	0.00582	0.00992
31	0.01259	0.01251	0.01884	0.09419	0.01913	0.01651	0.07164	0.01451	0.01023	0.01523	0.02639	0.06275	0.01108	0.01018	0.01625	0.00249	0.56965	0.00629	0.00294	0.00659
32	0.01608	0.79220	0.03152	0.01029	0.01544	0.02380	0.01029	0.01801	0.01222	0.01415	0.00836	0.00965	0.00772	0.00515	0.00386	0.00129	0.00643	0.00322	0.00257	0.00772
33	0.04737	0.01174	0.01836	0.23918	0.26252	0.01209	0.01416	0.02134	0.01432	0.27614	0.01538	0.01699	0.01086	0.00629	0.00593	0.00188	0.00660	0.00552	0.00448	0.00885
34	0.01680	0.01513	0.01455	0.01280	0.01635	0.09618	0.01000	0.12196	0.56977	0.02570	0.02154	0.02016	0.01616	0.00783	0.00603	0.00196	0.00566	0.00631	0.00578	0.00934
35	0.00756	0.00611	0.00672	0.00657	0.00840	0.00527	0.00493	0.00951	0.01478	0.01879	0.28248	0.05372	0.52550	0.01429	0.00711	0.00199	0.00298	0.01211	0.00592	0.00527
36	0.01121	0.00561	0.00561	0.00561	0.00701	0.00561	0.00421	0.01402	0.01262	0.02243	0.01962	0.02243	0.01542	0.00701	0.00421	0.00140	0.00280	0.00561	0.82198	0.00561
37	0.00783	0.00562	0.00743	0.00804	0.00884	0.00522	0.00562	0.00963	0.01384	0.01905	0.33438	0.47290	0.04694	0.01609	0.00743	0.00221	0.00322	0.01448	0.00602	0.00522
38	0.01045	0.00522	0.00784	0.00784	0.00784	0.00522	0.00522	0.00784	0.00784	0.01045	0.01045	0.01829	0.01045	0.02090	0.02351	0.82497	0.00522	0.00522	0.00261	0.00261
39	0.02094	0.23192	0.02161	0.01311	0.01776	0.12919	0.01115	0.43139	0.02222	0.02798	0.01202	0.01260	0.00918	0.00650	0.00534	0.00163	0.00719	0.00459	0.00464	0.00906
40	0.00733	0.00524	0.00698	0.00838	0.00873	0.00489	0.00558	0.00838	0.01152	0.01536	0.03316	0.78466	0.03979	0.01885	0.00768	0.00244	0.00349	0.01710	0.00558	0.00489
41	0.01331	0.26682	0.53261	0.01502	0.02276	0.01702	0.01853	0.01873	0.01255	0.01753	0.01004	0.01176	0.00765	0.00554	0.00514	0.00171	0.00813	0.00406	0.00255	0.00853
42	0.02039	0.22025	0.02052	0.01393	0.01761	0.50838	0.01115	0.04332	0.06197	0.01591	0.01017	0.01138	0.00849	0.00609	0.00509	0.00152	0.00923	0.00394	0.00324	0.00742
43	0.00869	0.00606	0.00770	0.00770	0.00809	0.00645	0.00507	0.00948	0.00909	0.01251	0.01791	0.03360	0.01936	0.51587	0.29991	0.00724	0.00960	0.00790	0.00349	0.00428
44	0.03496	0.01448	0.06132	0.01238	0.01654	0.03797	0.01038	0.13444	0.39590	0.16696	0.02106	0.01962	0.01516	0.00759	0.00596	0.00193	0.00552	0.00611	0.02221	0.00951
45	0.00733	0.00524	0.00698	0.00838	0.00873	0.00489	0.00558	0.00838	0.01152	0.01536	0.03316	0.78466	0.03979	0.01885	0.00768	0.00244	0.00349	0.01710	0.00558	0.00489
46	0.00733	0.00524	0.00698	0.00838	0.00873	0.00489	0.00558	0.00838	0.01152	0.01536	0.03316	0.78466	0.03979	0.01885	0.00768	0.00244	0.00349	0.01710	0.00558	0.00489
47	0.02247	0.02867	0.01705	0.01550	0.01860	0.76443	0.01162	0.02402	0.01705	0.01472	0.00930	0.01085	0.00775	0.00620	0.00542	0.00155	0.01085	0.00387	0.00310	0.00697
48	0.01485	0.01113	0.01178	0.01043	0.01336	0.01237	0.00814	0.15996	0.35039	0.02609	0.02260	0.06995	0.03292	0.00851	0.00572	0.00185	0.00449	0.00700	0.22023	0.00824
49	0.00896	0.00664	0.00856	0.00950	0.01097	0.00637	0.00799	0.01124	0.01351	0.01716	0.03871	0.06353	0.22129	0.06256	0.00933	0.00276	0.00490	0.48527	0.00544	0.00530
50	0.01413	0.01603	0.03439	0.02473	0.03043	0.01542	0.68277	0.01896	0.01388	0.01896	0.01189	0.01603	0.00905	0.00542	0.00792	0.00207	0.05991	0.00698	0.00302	0.00801
51	0.00941	0.00669	0.00924	0.01053	0.01173	0.00666	0.00892	0.01184	0.01330	0.01735	0.03116	0.13475	0.03431	0.06575	0.00966	0.00293	0.00536	0.59964	0.00542	0.00536
52	0.01795	0.01538	0.01411	0.01213	0.01564	0.15329	0.00952	0.17501	0.26722	0.06735	0.01853	0.03412	0.01438	0.00761	0.00575	0.00178	0.00608	0.01995	0.08964	0.05456
53	0.06901	0.01561	0.02066	0.03256	0.02083	0.01692	0.15100	0.44068	0.02210	0.07699	0.01370	0.01484	0.00988	0.00692	0.00702	0.00192	0.05936	0.00564	0.00509	0.00927
54	0.01389	0.01095	0.01283	0.00925	0.01453	0.00856	0.00744	0.04911	0.01351	0.06783	0.01171	0.01308	0.00936	0.00478	0.00463	0.00100	0.00460	0.00381	0.00393	0.73522
55	0.00813	0.00613	0.00751	0.00716	0.00875	0.00551	0.00537	0.01061	0.01612	0.02196	0.55943	0.04849	0.24656	0.01310	0.00710	0.00193	0.00290	0.01138	0.00634	0.00551
56	0.00779	0.00582	0.00811	0.08734	0.01203	0.00579	0.00667	0.00911	0.01148	0.01524	0.03037	0.68077	0.03592	0.04290	0.00826	0.00251	0.00403	0.01561	0.00522	0.00503
57	0.01573	0.01771	0.01781	0.46412	0.04926	0.30319	0.01479	0.01878	0.01400	0.01522	0.01017	0.01401	0.00795	0.00607	0.00579	0.00182	0.00909	0.00478	0.00284	0.00686
58	0.00795	0.00642	0.00698	0.00716	0.00893	0.00578	0.00549	0.01003	0.03642	0.01637	0.05078	0.05658	0.53467	0.09197	0.00961	0.00253	0.00379	0.12798	0.00540	0.00515
59	0.01518	0.49243	0.03195	0.06355	0.02225	0.02037	0.24255	0.01825	0.01285	0.01588	0.00974	0.01218	0.00819	0.00518	0.00504	0.00157	0.00773	0.00460	0.00273	0.00778
60	0.00721	0.00604	0.00627	0.00633	0.00822	0.00510	0.00470	0.00879	0.01378	0.01669	0.10242	0.10313	0.66015	0.01528	0.00714	0.00205	0.00306	0.01286	0.00565	0.00510
61	0.02287	0.01685	0.01805	0.01384	0.01866	0.01866	0.01143	0.73100	0.02828	0.03791	0.01444	0.01444	0.01023	0.00722	0.00602	0.00181	0.00662	0.00542	0.00602	0.01023
62	0.01166	0.00643	0.00777	0.00729	0.00853	0.00637	0.00527	0.05437	0.01144	0.01790	0.01470	0.01949	0.01250	0.01298	0.01284	0.36457	0.00420	0.00530	0.35985	0.05651
63	0.01878	0.47041	0.02542	0.01249	0.01677	0.33595	0.01085	0.02055	0.01426	0.01439	0.00876	0.01016	0.00773	0.00559	0.00452	0.00140	0.00829	0.00349	0.00280	0.00741
64	0.02287	0.01685	0.01805	0.01384	0.01866	0.01866	0.01143	0.73100	0.02828	0.03791	0.01444	0.01444	0.01023	0.00722	0.00602	0.00181	0.00662	0.00542	0.00602	0.01023
65	0.00993	0.00768	0.00923	0.00857	0.01046	0.00776	0.00651	0.01593	0.18082	0.02408	0.55929	0.04030	0.07286	0.01147	0.00687	0.00193	0.00328	0.01002	0.00647	0.00653
