[name]
unknown

[dist]
# distance from previous block
# <min> <max>
2	212

[block]
# block no. 0 follows, 44 sequences, length 31
# corresponding to MSA columns:
# 234-264
name=unknown_A
#
# <colnr> <probs for GDERKNQSTAVLIFYWHMCP>
#	G	D	E	R	K	N	Q	S	T	A	V	L	I	F	Y	W	H	M	C	P
0	0.03641	0.04257	0.06252	0.00892	0.01131	0.00835	0.02741	0.06447	0.08302	0.01731	0.05937	0.24192	0.13131	0.08771	0.00804	0.00217	0.00436	0.03530	0.00446	0.06307
1	0.01529	0.30991	0.05005	0.01270	0.07875	0.19796	0.01003	0.09881	0.01375	0.01618	0.04202	0.03062	0.01095	0.06309	0.02667	0.00187	0.00693	0.00448	0.00312	0.00682
2	0.01150	0.00800	0.00925	0.00870	0.01095	0.00812	0.00678	0.03428	0.23195	0.11474	0.08914	0.14002	0.20377	0.01125	0.00622	0.00193	0.00381	0.08753	0.00549	0.00654
3	0.01216	0.08521	0.40233	0.01837	0.14241	0.03177	0.12586	0.01725	0.03138	0.01719	0.02702	0.01290	0.00868	0.00515	0.00525	0.00164	0.00746	0.00457	0.00265	0.04077
4	0.01405	0.05204	0.16636	0.05388	0.14806	0.01355	0.07927	0.20938	0.08273	0.02189	0.03985	0.06872	0.01238	0.00664	0.00553	0.00172	0.00635	0.00578	0.00385	0.00797
5	0.00759	0.02762	0.00683	0.00638	0.00754	0.00570	0.00447	0.00890	0.03529	0.01335	0.03531	0.09525	0.36508	0.26299	0.04622	0.03257	0.00433	0.02599	0.00427	0.00432
6	0.01018	0.00533	0.00543	0.00537	0.00670	0.00538	0.00404	0.01317	0.03792	0.02048	0.04948	0.02118	0.01563	0.00659	0.00398	0.00131	0.00260	0.00532	0.77470	0.00521
7	0.01420	0.04334	0.19928	0.01411	0.09932	0.02674	0.02519	0.11735	0.12683	0.11028	0.08778	0.06094	0.03608	0.00726	0.00554	0.00172	0.00570	0.00610	0.00437	0.00786
8	0.01619	0.13766	0.12187	0.01894	0.21314	0.18162	0.09499	0.01922	0.01322	0.11662	0.01097	0.01253	0.00841	0.00526	0.00510	0.00155	0.00737	0.00442	0.00316	0.00775
9	0.00720	0.00535	0.00675	0.00745	0.00824	0.00507	0.00518	0.00928	0.05248	0.01595	0.16995	0.54889	0.10754	0.01514	0.00673	0.00207	0.00308	0.01356	0.00526	0.00481
10	0.01246	0.01872	0.27773	0.06201	0.02690	0.01314	0.44808	0.01750	0.01240	0.04146	0.01088	0.01376	0.00793	0.00490	0.00594	0.00180	0.00857	0.00552	0.00272	0.00758
11	0.10867	0.01777	0.01469	0.01231	0.01575	0.27266	0.00975	0.35060	0.05966	0.02450	0.01170	0.03229	0.00918	0.00648	0.00546	0.00161	0.03042	0.00457	0.00425	0.00767
12	0.01463	0.06893	0.05412	0.01221	0.01665	0.03381	0.10153	0.15534	0.21776	0.04167	0.01399	0.01448	0.01061	0.00569	0.00508	0.00148	0.00560	0.00481	0.00418	0.21741
13	0.01360	0.53750	0.26747	0.01145	0.01714	0.04280	0.01281	0.01680	0.01135	0.01426	0.00831	0.00966	0.00697	0.00486	0.00408	0.00135	0.00667	0.00329	0.00234	0.00731
14	0.01040	0.00986	0.01662	0.69830	0.03495	0.01229	0.03744	0.01386	0.01074	0.01395	0.00973	0.01459	0.00749	0.00678	0.03056	0.00207	0.05695	0.00492	0.00245	0.00605
15	0.01067	0.00859	0.01360	0.41222	0.02519	0.00976	0.03771	0.03145	0.01209	0.05018	0.04151	0.03012	0.01672	0.03379	0.00679	0.00210	0.00619	0.21980	0.02564	0.00588
16	0.01095	0.00967	0.05315	0.03696	0.08551	0.00879	0.10449	0.01481	0.07520	0.07953	0.27676	0.10389	0.07236	0.00926	0.00652	0.00181	0.03082	0.00832	0.00473	0.00648
17	0.01192	0.01135	0.01929	0.40767	0.41247	0.01254	0.01595	0.01536	0.01167	0.01590	0.00998	0.01400	0.00796	0.00515	0.00542	0.00172	0.00687	0.00485	0.00256	0.00737
18	0.04840	0.01109	0.01792	0.01423	0.01763	0.01130	0.28121	0.05448	0.21490	0.01932	0.01989	0.17176	0.05047	0.00837	0.00603	0.00188	0.00583	0.00809	0.03022	0.00696
19	0.03745	0.01133	0.01580	0.35231	0.08592	0.03683	0.02974	0.11932	0.06402	0.14676	0.01359	0.01656	0.01010	0.00619	0.00548	0.00176	0.00636	0.02914	0.00393	0.00742
20	0.04638	0.00942	0.01177	0.00956	0.01318	0.00901	0.00772	0.02482	0.17772	0.50398	0.08468	0.02152	0.04032	0.00742	0.00554	0.00173	0.00433	0.00610	0.00627	0.00854
21	0.00663	0.00478	0.00629	0.00751	0.00789	0.00444	0.00502	0.00760	0.01052	0.01395	0.03105	0.77486	0.06540	0.01695	0.00694	0.00220	0.00315	0.01534	0.00506	0.00444
22	0.03997	0.03452	0.18034	0.02206	0.33423	0.05524	0.08432	0.01702	0.01235	0.07249	0.01265	0.08712	0.01094	0.00623	0.00547	0.00170	0.00672	0.00569	0.00316	0.00779
23	0.07241	0.16640	0.13087	0.03755	0.13782	0.04142	0.11245	0.04740	0.05270	0.01725	0.01198	0.07799	0.01069	0.02695	0.00611	0.00176	0.03258	0.00542	0.00309	0.00717
24	0.00715	0.00508	0.00652	0.00748	0.00791	0.00483	0.00513	0.00813	0.01030	0.01359	0.02852	0.52712	0.06600	0.17248	0.01110	0.00284	0.00379	0.10304	0.00471	0.00429
25	0.01083	0.01190	0.11203	0.19059	0.04180	0.01031	0.16999	0.04390	0.03547	0.03497	0.01683	0.23832	0.01635	0.00867	0.00601	0.00189	0.00624	0.00817	0.02930	0.00645
26	0.03362	0.19681	0.27877	0.04913	0.01986	0.01410	0.10839	0.07228	0.01314	0.07283	0.06006	0.01523	0.01127	0.00586	0.00512	0.00163	0.00674	0.02441	0.00327	0.00749
27	0.01141	0.06883	0.05746	0.03932	0.11990	0.05293	0.10314	0.02677	0.03796	0.01511	0.01545	0.13161	0.03259	0.10222	0.01028	0.05282	0.07498	0.02311	0.01805	0.00605
28	0.00911	0.00543	0.00599	0.00594	0.00703	0.00541	0.00435	0.01110	0.01144	0.01811	0.11321	0.05383	0.09094	0.11990	0.00831	0.00203	0.02541	0.02870	0.46896	0.00480
29	0.01160	0.01414	0.20425	0.03670	0.11253	0.01019	0.12815	0.01550	0.03446	0.08371	0.05899	0.13033	0.06923	0.00939	0.03728	0.00210	0.02344	0.00728	0.00373	0.00700
30	0.01656	0.08869	0.03534	0.04653	0.12769	0.20372	0.03960	0.13345	0.01511	0.07808	0.03753	0.01320	0.00985	0.00579	0.00557	0.00150	0.03966	0.00445	0.00358	0.09409

[dist]
# distance from previous block
# <min> <max>
1	8

[block]
# block no. 1 follows, 44 sequences, length 93
# corresponding to MSA columns:
# 273-365
name=unknown_B
#
# <colnr> <probs for GDERKNQSTAVLIFYWHMCP>
#	G	D	E	R	K	N	Q	S	T	A	V	L	I	F	Y	W	H	M	C	P
0	0.03301	0.01452	0.04113	0.01192	0.01613	0.02939	0.01002	0.50490	0.06705	0.06723	0.01312	0.01337	0.00952	0.00637	0.00581	0.00159	0.04194	0.00473	0.00494	0.10331
1	0.05847	0.14772	0.01524	0.03070	0.01449	0.01409	0.00871	0.14949	0.30393	0.07956	0.03126	0.04303	0.01367	0.00805	0.03270	0.00190	0.00524	0.00543	0.00471	0.03160
2	0.01459	0.14973	0.36603	0.01432	0.03975	0.02705	0.06598	0.11068	0.04788	0.09622	0.01167	0.01262	0.00847	0.00548	0.00508	0.00163	0.00699	0.00438	0.00335	0.00812
3	0.01477	0.13493	0.18887	0.02738	0.08255	0.10420	0.13085	0.01896	0.05796	0.11598	0.03067	0.04580	0.01098	0.00600	0.00529	0.00164	0.00697	0.00519	0.00345	0.00758
4	0.01037	0.00607	0.00726	0.00696	0.00875	0.00554	0.00531	0.01233	0.02500	0.13627	0.11136	0.13838	0.27259	0.01246	0.02728	0.02186	0.00355	0.04465	0.13853	0.00549
5	0.01757	0.01063	0.01488	0.01167	0.01524	0.01056	0.09635	0.13839	0.04994	0.31132	0.06406	0.04152	0.04746	0.00765	0.00670	0.00176	0.06829	0.02749	0.00526	0.05326
6	0.06176	0.12035	0.17378	0.14139	0.03711	0.02597	0.09991	0.05707	0.02683	0.10358	0.02934	0.03533	0.01032	0.00589	0.00511	0.00165	0.00644	0.00499	0.04590	0.00726
7	0.00843	0.03334	0.03274	0.00752	0.00928	0.00637	0.00597	0.03186	0.02783	0.03616	0.25817	0.18095	0.23803	0.01456	0.06435	0.00237	0.00415	0.02755	0.00507	0.00528
8	0.00792	0.00532	0.00610	0.00610	0.00616	0.00537	0.00350	0.00803	0.00797	0.01069	0.01703	0.03489	0.01948	0.76587	0.06981	0.00548	0.00580	0.00781	0.00328	0.00339
9	0.01458	0.81168	0.02857	0.00933	0.01399	0.02157	0.00933	0.01632	0.01108	0.01283	0.00758	0.00875	0.00700	0.00466	0.00350	0.00117	0.00583	0.00292	0.00233	0.00700
10	0.07119	0.04048	0.38113	0.04649	0.03587	0.03026	0.10857	0.09347	0.01322	0.07411	0.01112	0.01291	0.00809	0.00699	0.04096	0.00203	0.00770	0.00454	0.00313	0.00775
11	0.00986	0.00766	0.00858	0.00847	0.01018	0.00813	0.00626	0.03519	0.28038	0.01880	0.07261	0.30660	0.10063	0.01162	0.00602	0.00191	0.00351	0.01014	0.08727	0.00618
12	0.00779	0.00584	0.00876	0.00876	0.00974	0.00681	0.00681	0.00974	0.00876	0.01266	0.01460	0.02142	0.01363	0.04089	0.78680	0.00876	0.01460	0.00584	0.00292	0.00487
13	0.00664	0.00474	0.00633	0.00759	0.00791	0.00443	0.00506	0.00759	0.01044	0.01392	0.03005	0.80485	0.03606	0.01708	0.00696	0.00221	0.00316	0.01550	0.00506	0.00443
14	0.01293	0.05146	0.01652	0.01339	0.01399	0.03403	0.01118	0.01427	0.00922	0.05933	0.00852	0.01248	0.00782	0.00890	0.01552	0.00221	0.65884	0.00471	0.03849	0.00618
15	0.00663	0.00493	0.00618	0.00713	0.00780	0.00448	0.00486	0.00771	0.01099	0.01429	0.05373	0.62385	0.19512	0.01623	0.00683	0.00212	0.00306	0.01450	0.00508	0.00448
16	0.00662	0.00482	0.00624	0.00738	0.00785	0.00445	0.00497	0.00762	0.01064	0.01400	0.03264	0.72746	0.11177	0.01674	0.00691	0.00218	0.00312	0.01509	0.00506	0.00445
17	0.01265	0.01209	0.02060	0.23507	0.57940	0.01273	0.01631	0.01599	0.01201	0.01678	0.01011	0.01377	0.00827	0.00501	0.00541	0.00167	0.00669	0.00485	0.00263	0.00795
18	0.01168	0.00607	0.00632	0.00588	0.00753	0.00613	0.00452	0.07021	0.01272	0.05882	0.01761	0.01968	0.01359	0.00639	0.00402	0.00132	0.00291	0.00509	0.73391	0.00561
19	0.00779	0.00584	0.00876	0.00876	0.00974	0.00681	0.00681	0.00974	0.00876	0.01266	0.01460	0.02142	0.01363	0.04089	0.78680	0.00876	0.01460	0.00584	0.00292	0.00487
20	0.11622	0.11398	0.05363	0.01122	0.01525	0.01538	0.00979	0.38342	0.04407	0.08467	0.04688	0.01383	0.01086	0.00649	0.00569	0.00164	0.04953	0.00469	0.00462	0.00813
21	0.01458	0.81168	0.02857	0.00933	0.01399	0.02157	0.00933	0.01632	0.01108	0.01283	0.00758	0.00875	0.00700	0.00466	0.00350	0.00117	0.00583	0.00292	0.00233	0.00700
22	0.01083	0.01025	0.01723	0.65464	0.14716	0.01239	0.01527	0.01432	0.01104	0.01448	0.00969	0.01429	0.00747	0.00550	0.00586	0.00181	0.03401	0.00484	0.00246	0.00644
23	0.00791	0.00536	0.00630	0.00630	0.00642	0.00548	0.00374	0.00816	0.00803	0.01083	0.01685	0.03388	0.01904	0.71193	0.12316	0.00572	0.00646	0.00767	0.00326	0.00350
24	0.01093	0.02820	0.78016	0.01554	0.02360	0.01266	0.02014	0.01727	0.01151	0.01727	0.00978	0.01151	0.00691	0.00518	0.00518	0.00173	0.00806	0.00403	0.00230	0.00806
25	0.01877	0.01377	0.01506	0.01237	0.03061	0.02817	0.01004	0.58710	0.02280	0.05604	0.01640	0.02060	0.03205	0.00781	0.00574	0.00175	0.00582	0.10124	0.00533	0.00853
26	0.00799	0.00550	0.00683	0.00650	0.00782	0.00510	0.00487	0.01047	0.01462	0.02112	0.60767	0.03854	0.09807	0.01063	0.00604	0.00166	0.00258	0.00927	0.12964	0.00510
27	0.01030	0.00969	0.01635	0.79530	0.03755	0.01211	0.01514	0.01393	0.01090	0.01393	0.00969	0.01453	0.00727	0.00545	0.00545	0.00182	0.00727	0.00484	0.00242	0.00606
28	0.01519	0.26991	0.16253	0.01138	0.01601	0.07817	0.01112	0.12326	0.10244	0.07117	0.01482	0.01509	0.06184	0.00628	0.00501	0.00154	0.01829	0.00464	0.00368	0.00763
29	0.04457	0.00968	0.01611	0.10652	0.09822	0.01045	0.15134	0.01327	0.01102	0.05024	0.01699	0.28321	0.01762	0.00988	0.00805	0.00201	0.13229	0.00872	0.00364	0.00615
30	0.02377	0.01038	0.01334	0.01022	0.01447	0.00965	0.00845	0.16127	0.01746	0.64086	0.01995	0.01755	0.01272	0.00671	0.00548	0.00168	0.00489	0.00538	0.00651	0.00928
31	0.00911	0.00586	0.00730	0.00676	0.00840	0.00529	0.00513	0.01142	0.01465	0.08743	0.52702	0.03971	0.17951	0.01096	0.00619	0.00171	0.00279	0.00949	0.05586	0.00541
32	0.01284	0.01450	0.13561	0.08151	0.02051	0.02702	0.18365	0.12995	0.14319	0.01994	0.01588	0.11859	0.01390	0.00764	0.00619	0.00187	0.02441	0.03155	0.00392	0.00735
33	0.01588	0.00893	0.01075	0.00924	0.01224	0.00887	0.00727	0.02220	0.25747	0.31352	0.11398	0.07929	0.09856	0.00891	0.00582	0.00179	0.00400	0.00753	0.00598	0.00777
34	0.00766	0.00565	0.00721	0.00704	0.00840	0.00520	0.00542	0.01006	0.01468	0.02023	0.58638	0.04474	0.15005	0.01197	0.00656	0.00182	0.00288	0.09325	0.00576	0.00505
35	0.03958	0.22871	0.01862	0.01186	0.01564	0.25808	0.00983	0.22774	0.10367	0.02050	0.01109	0.01165	0.00873	0.00582	0.00473	0.00147	0.00691	0.00404	0.00376	0.00759
36	0.01573	0.01496	0.26285	0.01131	0.01606	0.00949	0.01158	0.02048	0.08418	0.31034	0.10944	0.05681	0.01777	0.00753	0.00563	0.00177	0.00542	0.02572	0.00496	0.00798
37	0.00762	0.00531	0.00643	0.00680	0.00719	0.00520	0.00445	0.00833	0.00954	0.01266	0.05769	0.20644	0.07073	0.44979	0.04980	0.00414	0.00490	0.07499	0.00405	0.00393
38	0.00717	0.00518	0.00680	0.00780	0.00840	0.00494	0.00552	0.00874	0.02807	0.01497	0.08958	0.59832	0.05467	0.03730	0.00750	0.00227	0.00341	0.09964	0.00510	0.00462
39	0.04375	0.07042	0.30902	0.01749	0.13894	0.11070	0.08555	0.05253	0.01322	0.09209	0.01089	0.01241	0.00805	0.00531	0.00517	0.00164	0.00744	0.00440	0.00309	0.00790
40	0.02387	0.01049	0.01695	0.33287	0.23115	0.01184	0.04395	0.04278	0.01171	0.01611	0.01318	0.04231	0.04673	0.00851	0.05325	0.00221	0.06114	0.00562	0.01860	0.00672
41	0.00678	0.00490	0.00645	0.00764	0.00811	0.00457	0.00526	0.00786	0.01070	0.01413	0.03148	0.70827	0.07990	0.01674	0.00697	0.00221	0.00327	0.06522	0.00506	0.00448
42	0.01130	0.01212	0.10756	0.00936	0.01462	0.00810	0.02610	0.01426	0.01137	0.01770	0.00973	0.01141	0.00793	0.00419	0.00424	0.00095	0.00466	0.00341	0.00310	0.71790
43	0.01376	0.01266	0.12606	0.00985	0.01486	0.00895	0.00908	0.03617	0.04726	0.14219	0.01224	0.01300	0.00919	0.00500	0.00488	0.00119	0.02361	0.00393	0.00381	0.50232
44	0.01653	0.01953	0.01316	0.01252	0.01481	0.52670	0.00957	0.01878	0.05124	0.01441	0.01503	0.09868	0.01488	0.00859	0.00563	0.00171	0.00801	0.14063	0.00358	0.00601
45	0.01413	0.71670	0.11968	0.01008	0.01516	0.02049	0.01064	0.01644	0.01113	0.01336	0.00785	0.00908	0.00699	0.00473	0.00370	0.00123	0.00610	0.00305	0.00233	0.00712
46	0.00789	0.00543	0.00670	0.00670	0.00696	0.00569	0.00424	0.00841	0.00815	0.01113	0.01649	0.03187	0.01817	0.60370	0.23019	0.00621	0.00777	0.00737	0.00320	0.00372
47	0.01056	0.00995	0.01324	0.01188	0.01235	0.04363	0.00960	0.01199	0.00877	0.01284	0.01040	0.01642	0.01011	0.05742	0.30039	0.00482	0.44228	0.00526	0.00264	0.00545
48	0.00666	0.00476	0.00634	0.00758	0.00791	0.00444	0.00506	0.00764	0.01053	0.01407	0.04423	0.79023	0.03635	0.01697	0.00695	0.00220	0.00315	0.01539	0.00508	0.00444
49	0.17000	0.04551	0.01004	0.00889	0.01103	0.00935	0.00702	0.11061	0.05779	0.05459	0.04138	0.29812	0.02299	0.01133	0.00584	0.00197	0.00426	0.11843	0.00479	0.00604
50	0.01532	0.01746	0.01201	0.01132	0.01334	0.46390	0.00847	0.01692	0.01316	0.01406	0.01293	0.09507	0.01210	0.01380	0.15832	0.00292	0.00925	0.00538	0.09857	0.00570
51	0.00707	0.00548	0.00645	0.00643	0.00786	0.00486	0.00479	0.00895	0.01351	0.01773	0.35780	0.12508	0.36888	0.01304	0.00652	0.00184	0.00278	0.03064	0.00546	0.00483
52	0.00757	0.00556	0.00711	0.00685	0.00816	0.00510	0.00515	0.00995	0.01481	0.02059	0.63945	0.07206	0.12904	0.01180	0.00649	0.00177	0.00270	0.03496	0.00583	0.00505
53	0.01722	0.01235	0.01389	0.01040	0.01495	0.01201	0.00851	0.37417	0.01868	0.10421	0.01255	0.01292	0.00921	0.00553	0.00487	0.00130	0.00505	0.00427	0.00467	0.35325
54	0.01241	0.00938	0.01062	0.00948	0.01202	0.01017	0.00735	0.04313	0.41381	0.07717	0.29725	0.02749	0.02899	0.00870	0.00586	0.00178	0.00375	0.00744	0.00580	0.00741
55	0.00664	0.00490	0.00621	0.00721	0.00782	0.00448	0.00490	0.00771	0.01093	0.01428	0.05548	0.65188	0.16495	0.01634	0.00685	0.00213	0.00308	0.01464	0.00509	0.00448
56	0.04874	0.00925	0.01199	0.03020	0.01387	0.00867	0.00798	0.04507	0.08443	0.54339	0.07840	0.04106	0.01720	0.00753	0.00558	0.00174	0.00452	0.02567	0.00622	0.00846
57	0.03320	0.07525	0.39450	0.11725	0.24099	0.01328	0.01742	0.01660	0.01161	0.01688	0.00970	0.01220	0.00743	0.00508	0.00511	0.00167	0.00725	0.00426	0.00246	0.00785
58	0.01030	0.00969	0.01635	0.79530	0.03755	0.01211	0.01514	0.01393	0.01090	0.01393	0.00969	0.01453	0.00727	0.00545	0.00545	0.00182	0.00727	0.00484	0.00242	0.00606
59	0.00752	0.00570	0.00713	0.00795	0.00922	0.00531	0.00639	0.00932	0.01207	0.01527	0.03837	0.21097	0.29248	0.01503	0.00703	0.00221	0.00385	0.33439	0.00504	0.00475
60	0.74694	0.01039	0.00858	0.00748	0.01095	0.01172	0.00616	0.01731	0.01005	0.11608	0.00928	0.01004	0.00683	0.00527	0.00363	0.00169	0.00427	0.00326	0.00378	0.00631
61	0.01328	0.01415	0.02832	0.04189	0.14657	0.01373	0.54239	0.04961	0.05840	0.01848	0.01163	0.01478	0.00885	0.00491	0.00615	0.00179	0.00828	0.00606	0.00302	0.00769
62	0.01808	0.01261	0.06459	0.01505	0.05332	0.01119	0.21063	0.05193	0.08877	0.34583	0.01647	0.01644	0.01129	0.00604	0.00601	0.00173	0.02747	0.00558	0.00483	0.03212
63	0.01115	0.07521	0.73506	0.01517	0.02302	0.01320	0.01949	0.01721	0.01148	0.01700	0.00965	0.01134	0.00691	0.00515	0.00508	0.00169	0.00792	0.00396	0.00230	0.00799
64	0.01163	0.01014	0.01145	0.01026	0.01303	0.01115	0.04158	0.02274	0.52769	0.02034	0.02906	0.07387	0.17539	0.00919	0.00586	0.00187	0.00414	0.00785	0.00529	0.00748
65	0.00724	0.00536	0.00676	0.00681	0.00796	0.00488	0.00496	0.00922	0.01372	0.01874	0.47185	0.22853	0.16777	0.01303	0.00656	0.00186	0.00275	0.01151	0.00562	0.00488
66	0.01093	0.02820	0.78016	0.01554	0.02360	0.01266	0.02014	0.01727	0.01151	0.01727	0.00978	0.01151	0.00691	0.00518	0.00518	0.00173	0.00806	0.00403	0.00230	0.00806
67	0.01246	0.13358	0.30530	0.01234	0.01838	0.01252	0.05900	0.07254	0.01254	0.01811	0.00976	0.01136	0.00758	0.00479	0.00465	0.00133	0.00628	0.00381	0.00289	0.29077
68	0.02072	0.01527	0.01636	0.01254	0.01691	0.01691	0.01036	0.75622	0.02563	0.03436	0.01309	0.01309	0.00927	0.00654	0.00545	0.00164	0.00600	0.00491	0.00545	0.00927
69	0.01093	0.02820	0.78016	0.01554	0.02360	0.01266	0.02014	0.01727	0.01151	0.01727	0.00978	0.01151	0.00691	0.00518	0.00518	0.00173	0.00806	0.00403	0.00230	0.00806
70	0.01093	0.02820	0.78016	0.01554	0.02360	0.01266	0.02014	0.01727	0.01151	0.01727	0.00978	0.01151	0.00691	0.00518	0.00518	0.00173	0.00806	0.00403	0.00230	0.00806
71	0.00679	0.00542	0.00614	0.00662	0.00800	0.00477	0.00496	0.00821	0.01194	0.01473	0.04557	0.24187	0.49356	0.01479	0.00671	0.00202	0.00315	0.10508	0.00506	0.00461
72	0.01030	0.00969	0.01635	0.79530	0.03755	0.01211	0.01514	0.01393	0.01090	0.01393	0.00969	0.01453	0.00727	0.00545	0.00545	0.00182	0.00727	0.00484	0.00242	0.00606
73	0.00683	0.00498	0.00670	0.00782	0.00815	0.00485	0.00532	0.00783	0.01031	0.01384	0.02881	0.75193	0.03438	0.01784	0.03874	0.00248	0.02497	0.01482	0.00490	0.00449
74	0.00951	0.00891	0.01653	0.01353	0.01602	0.00841	0.29053	0.03338	0.01220	0.01650	0.08153	0.41998	0.02593	0.01155	0.00667	0.00201	0.00549	0.01129	0.00427	0.00574
75	0.00730	0.00529	0.00734	0.00789	0.00846	0.00557	0.00560	0.00857	0.00939	0.01295	0.02171	0.36750	0.02426	0.12650	0.34907	0.00545	0.00841	0.01035	0.00391	0.00448
76	0.00676	0.00521	0.00618	0.00662	0.00773	0.00463	0.00470	0.00818	0.01215	0.01569	0.17508	0.36122	0.33695	0.01468	0.00665	0.00197	0.00289	0.01286	0.00523	0.00463
77	0.07299	0.01867	0.30474	0.03346	0.14432	0.01289	0.17940	0.06491	0.02994	0.07038	0.01126	0.01318	0.00824	0.00524	0.00541	0.00173	0.00732	0.00484	0.00312	0.00798
78	0.01287	0.01471	0.03217	0.02298	0.02849	0.01379	0.75460	0.01746	0.01287	0.01746	0.01103	0.01471	0.00827	0.00460	0.00643	0.00184	0.00919	0.00643	0.00276	0.00735
79	0.00680	0.00486	0.00650	0.00772	0.00812	0.00456	0.00529	0.00789	0.01070	0.01427	0.04981	0.73964	0.03619	0.01680	0.00698	0.00222	0.00326	0.05884	0.00508	0.00448
80	0.05525	0.01740	0.16006	0.02794	0.01608	0.21303	0.01149	0.03058	0.04643	0.05380	0.01278	0.11658	0.01177	0.00889	0.02792	0.00203	0.17235	0.00575	0.00331	0.00657
81	0.04925	0.00878	0.03310	0.08794	0.12864	0.00865	0.00894	0.03172	0.08059	0.08022	0.02028	0.28241	0.02075	0.09253	0.00824	0.00229	0.00484	0.04032	0.00431	0.00621
82	0.00750	0.00570	0.00774	0.00844	0.00953	0.00535	0.02796	0.00916	0.01162	0.01498	0.03421	0.38148	0.18303	0.01538	0.00703	0.00223	0.00388	0.25508	0.00498	0.00475
83	0.00761	0.00766	0.08097	0.00741	0.00941	0.00567	0.00632	0.01010	0.01387	0.01893	0.45301	0.10506	0.23014	0.01175	0.00636	0.00179	0.00320	0.01019	0.00533	0.00523
84	0.02674	0.03438	0.07480	0.18960	0.02132	0.13209	0.11685	0.07841	0.01395	0.06672	0.08639	0.01672	0.01297	0.00614	0.00532	0.00164	0.00665	0.00529	0.09729	0.00673
85	0.01207	0.01153	0.02022	0.09043	0.49058	0.01167	0.09992	0.01520	0.01193	0.01673	0.01274	0.08132	0.01172	0.00866	0.05977	0.00223	0.00710	0.02567	0.00296	0.00757
86	0.00782	0.00573	0.00822	0.00822	0.00901	0.00652	0.00614	0.00939	0.00860	0.01225	0.01510	0.02416	0.01482	0.18847	0.64084	0.00809	0.01281	0.00624	0.00299	0.00457
87	0.03043	0.01022	0.02738	0.06367	0.09267	0.00989	0.00905	0.14056	0.05679	0.26120	0.06815	0.02393	0.14607	0.00789	0.00561	0.00171	0.00477	0.00655	0.02577	0.00772
88	0.04900	0.27177	0.04026	0.01518	0.16768	0.03282	0.05680	0.04864	0.08119	0.03760	0.02791	0.06544	0.04280	0.00641	0.00488	0.00153	0.00567	0.00533	0.00342	0.03566
89	0.01085	0.00835	0.01002	0.00940	0.01190	0.00821	0.00760	0.03505	0.18631	0.03587	0.05643	0.11351	0.02297	0.01033	0.00602	0.00185	0.00430	0.25035	0.02471	0.18594
90	0.48769	0.20296	0.05071	0.00910	0.01292	0.12949	0.00808	0.01701	0.01073	0.01972	0.00782	0.00910	0.00638	0.00506	0.00372	0.00152	0.00562	0.00308	0.00299	0.00633
91	0.23831	0.01924	0.04583	0.01158	0.01503	0.40258	0.00931	0.05582	0.03939	0.06389	0.00980	0.01075	0.00759	0.00555	0.00456	0.00151	0.00732	0.00365	0.00341	0.04487
92	0.01393	0.01069	0.01455	0.01548	0.18663	0.03021	0.04652	0.13216	0.08429	0.10190	0.27564	0.02395	0.02468	0.00773	0.00582	0.00169	0.00489	0.00682	0.00496	0.00747

[dist]
# distance from previous block
# <min> <max>
1	11

[block]
# block no. 2 follows, 44 sequences, length 45
# corresponding to MSA columns:
# 377-421
name=unknown_C
#
# <colnr> <probs for GDERKNQSTAVLIFYWHMCP>
#	G	D	E	R	K	N	Q	S	T	A	V	L	I	F	Y	W	H	M	C	P
0	0.03009	0.00997	0.01162	0.04874	0.01371	0.00984	0.00766	0.24351	0.01688	0.04689	0.20940	0.06491	0.04480	0.00784	0.00543	0.00150	0.00437	0.00653	0.00486	0.21143
1	0.00701	0.00495	0.00617	0.00698	0.00730	0.00469	0.00449	0.00770	0.00982	0.01298	0.02776	0.53390	0.07507	0.24959	0.01304	0.00310	0.00376	0.01303	0.00454	0.00411
2	0.00999	0.01135	0.08802	0.23041	0.02253	0.03369	0.17215	0.01300	0.01128	0.01496	0.01701	0.29113	0.01753	0.00945	0.00653	0.00196	0.03082	0.00880	0.00342	0.00596
3	0.07871	0.07565	0.40088	0.02073	0.28511	0.01335	0.01706	0.01691	0.01162	0.01772	0.00962	0.01180	0.00744	0.00502	0.00500	0.00165	0.00704	0.00416	0.00253	0.00801
4	0.01100	0.00669	0.00717	0.00652	0.00836	0.00675	0.00502	0.08147	0.05499	0.02186	0.13265	0.02233	0.01913	0.00704	0.00447	0.00138	0.00304	0.00576	0.54654	0.04783
5	0.00804	0.00598	0.00842	0.00835	0.00927	0.00679	0.00628	0.01026	0.03940	0.01311	0.04508	0.02432	0.01619	0.15594	0.60830	0.00767	0.01229	0.00633	0.00321	0.00479
6	0.01480	0.20773	0.06514	0.01068	0.01495	0.14118	0.00936	0.05641	0.12691	0.04044	0.01136	0.01215	0.00907	0.00534	0.00472	0.00131	0.02029	0.00388	0.00344	0.24083
7	0.01316	0.34519	0.11037	0.01238	0.01662	0.06535	0.12583	0.05990	0.01248	0.01564	0.01300	0.14929	0.01276	0.00721	0.00502	0.00158	0.00640	0.01788	0.00313	0.00679
8	0.00754	0.00562	0.00651	0.00631	0.00792	0.00492	0.00472	0.00941	0.01367	0.04121	0.34969	0.08331	0.41423	0.01265	0.00643	0.00180	0.00276	0.01083	0.00550	0.00496
9	0.00825	0.00607	0.00750	0.00711	0.00866	0.00571	0.00542	0.01146	0.06400	0.03450	0.56206	0.04175	0.16291	0.01141	0.00640	0.00178	0.00286	0.04100	0.00579	0.00536
10	0.03084	0.29199	0.02178	0.15919	0.23393	0.01554	0.03036	0.06610	0.01261	0.01686	0.04033	0.01323	0.00968	0.00531	0.00472	0.00150	0.00610	0.00439	0.02826	0.00730
11	0.00680	0.00554	0.00602	0.00590	0.00758	0.00476	0.00443	0.00852	0.01328	0.01675	0.25781	0.04915	0.56834	0.01305	0.00644	0.00181	0.00271	0.01104	0.00533	0.00476
12	0.00663	0.00477	0.00629	0.00751	0.00789	0.00443	0.00503	0.00760	0.01051	0.01395	0.03102	0.77583	0.06444	0.01695	0.00694	0.00220	0.00315	0.01534	0.00506	0.00443
13	0.01185	0.00907	0.00988	0.01035	0.09071	0.08261	0.00701	0.01410	0.03171	0.13955	0.16881	0.03584	0.34653	0.01029	0.00601	0.00173	0.00415	0.00863	0.00505	0.00614
14	0.01281	0.01217	0.02046	0.03058	0.69337	0.01210	0.01545	0.01591	0.01257	0.01784	0.05110	0.01702	0.05302	0.00567	0.00551	0.00164	0.00607	0.00548	0.00300	0.00824
15	0.01798	0.01068	0.01230	0.01006	0.01349	0.01113	0.00810	0.21285	0.20115	0.26070	0.07888	0.01953	0.01625	0.00716	0.00539	0.00167	0.00452	0.00581	0.09398	0.00834
16	0.00658	0.00499	0.00607	0.00693	0.00773	0.00448	0.00477	0.00767	0.01108	0.01418	0.03812	0.56374	0.27195	0.01603	0.00679	0.00209	0.00303	0.01422	0.00506	0.00448
17	0.01214	0.01144	0.01753	0.31912	0.32767	0.04180	0.01430	0.03807	0.04449	0.01658	0.01260	0.06021	0.01108	0.00646	0.00560	0.00177	0.00654	0.04237	0.00305	0.00717
18	0.01458	0.81168	0.02857	0.00933	0.01399	0.02157	0.00933	0.01632	0.01108	0.01283	0.00758	0.00875	0.00700	0.00466	0.00350	0.00117	0.00583	0.00292	0.00233	0.00700
19	0.01547	0.17804	0.03865	0.00941	0.01397	0.01165	0.00820	0.09555	0.03155	0.16718	0.01279	0.03469	0.00998	0.00544	0.00451	0.00123	0.00484	0.00422	0.00404	0.34859
20	0.00781	0.00577	0.00842	0.00842	0.00927	0.00663	0.00638	0.00951	0.00866	0.01240	0.01492	0.02317	0.01439	0.13532	0.69341	0.00833	0.01346	0.00610	0.00297	0.00468
21	0.01242	0.00965	0.01142	0.00821	0.01300	0.00733	0.00659	0.01482	0.01167	0.08236	0.01069	0.01192	0.00854	0.00427	0.00416	0.00088	0.00409	0.00342	0.00353	0.77102
22	0.01964	0.00940	0.01157	0.00946	0.01277	0.04122	0.00756	0.07526	0.01572	0.49824	0.12681	0.10977	0.02080	0.00847	0.00576	0.00173	0.00450	0.00710	0.00619	0.00802
23	0.01097	0.00632	0.00820	0.00730	0.00923	0.00567	0.00563	0.01334	0.01517	0.17396	0.54968	0.03740	0.11453	0.01052	0.00624	0.00172	0.00301	0.00914	0.00606	0.00593
24	0.01186	0.01384	0.06218	0.02036	0.02521	0.01235	0.61002	0.01599	0.01245	0.01693	0.01380	0.13194	0.01234	0.00648	0.00646	0.00189	0.00824	0.00767	0.00308	0.00695
25	0.01140	0.01082	0.01835	0.53149	0.29270	0.01240	0.01569	0.01490	0.01142	0.01527	0.00989	0.01417	0.00774	0.00525	0.00543	0.00175	0.00699	0.00485	0.00252	0.00695
26	0.01187	0.02279	0.51824	0.01885	0.13848	0.01246	0.11579	0.01720	0.01192	0.04057	0.01100	0.03656	0.00844	0.00546	0.00544	0.00174	0.00771	0.00487	0.00264	0.00798
27	0.27241	0.01178	0.01230	0.00980	0.01367	0.01261	0.00807	0.30666	0.01737	0.22125	0.01381	0.01357	0.00957	0.00614	0.00475	0.00165	0.00493	0.00447	0.04714	0.00804
28	0.01045	0.00535	0.00538	0.00528	0.00663	0.00540	0.00399	0.03263	0.01181	0.02070	0.01766	0.02013	0.01385	0.00636	0.00386	0.00128	0.00263	0.00508	0.81633	0.00519
29	0.03044	0.01625	0.24916	0.04288	0.01805	0.01174	0.01232	0.11447	0.15184	0.25689	0.01621	0.01575	0.01115	0.00627	0.00533	0.00172	0.00586	0.00501	0.02013	0.00852
30	0.01032	0.00735	0.00789	0.00756	0.00946	0.00769	0.00571	0.01656	0.25215	0.03424	0.06912	0.11695	0.15660	0.00953	0.00538	0.00170	0.00326	0.00805	0.26436	0.00614
31	0.00725	0.00536	0.00677	0.00682	0.00796	0.00488	0.00496	0.00923	0.01372	0.01876	0.47403	0.22924	0.16482	0.01303	0.00656	0.00186	0.00275	0.01150	0.00562	0.00488
32	0.04730	0.00778	0.01085	0.01149	0.10900	0.00746	0.02645	0.01459	0.04367	0.13531	0.36490	0.06634	0.06714	0.00972	0.00608	0.00178	0.00389	0.05454	0.00533	0.00638
33	0.01579	0.05292	0.08826	0.01095	0.01445	0.10125	0.05395	0.04138	0.04569	0.25254	0.08670	0.14616	0.04908	0.00859	0.00571	0.00174	0.00545	0.00729	0.00489	0.00721
34	0.00750	0.00556	0.00702	0.00793	0.00856	0.00549	0.00544	0.01000	0.09019	0.01494	0.04543	0.65593	0.03356	0.04980	0.00770	0.00230	0.00340	0.02934	0.00506	0.00485
35	0.04883	0.00974	0.01224	0.00982	0.01359	0.00928	0.00809	0.10391	0.07312	0.52513	0.02050	0.02079	0.01427	0.00727	0.00547	0.00173	0.00467	0.05527	0.04767	0.00862
36	0.06120	0.02526	0.04545	0.17483	0.11991	0.07614	0.03019	0.14234	0.05831	0.09150	0.06989	0.01778	0.05059	0.00658	0.00540	0.00169	0.00606	0.00546	0.00404	0.00739
37	0.01678	0.01019	0.01205	0.01064	0.04708	0.04453	0.00802	0.15763	0.05860	0.27121	0.25839	0.03942	0.02491	0.00821	0.00578	0.00169	0.00451	0.00689	0.00581	0.00766
38	0.02024	0.01067	0.01283	0.01033	0.01417	0.01068	0.00837	0.13305	0.22043	0.43428	0.02179	0.01958	0.04358	0.00717	0.00553	0.00173	0.00468	0.00582	0.00617	0.00892
39	0.01392	0.36337	0.07971	0.01008	0.01477	0.08432	0.00941	0.03515	0.06877	0.01596	0.00969	0.01080	0.00809	0.00486	0.00412	0.00119	0.00572	0.00344	0.00296	0.25368
40	0.04270	0.01339	0.01422	0.01167	0.01538	0.01510	0.00941	0.41184	0.33042	0.02867	0.01673	0.01619	0.01234	0.00781	0.02718	0.00192	0.00549	0.00539	0.00536	0.00878
41	0.01027	0.00805	0.02430	0.02110	0.01250	0.00793	0.11475	0.02402	0.02481	0.06275	0.03182	0.18410	0.03857	0.17516	0.04293	0.00295	0.05608	0.08743	0.06509	0.00540
42	0.01327	0.01635	0.25128	0.01519	0.07278	0.01313	0.03669	0.01703	0.04138	0.12017	0.01218	0.01447	0.02470	0.00856	0.04052	0.00223	0.28459	0.00494	0.00320	0.00734
43	0.00742	0.00540	0.00690	0.00715	0.00780	0.00553	0.00494	0.00845	0.00935	0.01252	0.02432	0.18301	0.12975	0.28222	0.27502	0.00535	0.00763	0.00922	0.00377	0.00423
44	0.01100	0.01165	0.05083	0.56690	0.06343	0.01253	0.17583	0.01494	0.01141	0.01498	0.01001	0.01441	0.00752	0.00523	0.00565	0.00181	0.00769	0.00516	0.00250	0.00652

[dist]
# distance from previous block
# <min> <max>
0	2

[block]
# block no. 3 follows, 44 sequences, length 36
# corresponding to MSA columns:
# 424-459
name=unknown_D
#
# <colnr> <probs for GDERKNQSTAVLIFYWHMCP>
#	G	D	E	R	K	N	Q	S	T	A	V	L	I	F	Y	W	H	M	C	P
0	0.01852	0.01030	0.01211	0.01000	0.01355	0.01050	0.00803	0.09761	0.27937	0.35762	0.02262	0.02064	0.05677	0.00733	0.00547	0.00173	0.00445	0.00598	0.04885	0.00857
1	0.01176	0.09055	0.61777	0.01492	0.02205	0.06019	0.04563	0.01723	0.01190	0.01683	0.03595	0.01231	0.00851	0.00535	0.00512	0.00167	0.00784	0.00420	0.00248	0.00774
2	0.01736	0.01125	0.01479	0.03024	0.07100	0.01132	0.06046	0.23090	0.07649	0.23074	0.09532	0.02047	0.06145	0.00721	0.00564	0.00168	0.00517	0.00611	0.00531	0.03710
3	0.00663	0.00477	0.00630	0.00752	0.00789	0.00443	0.00503	0.00760	0.01051	0.01395	0.03097	0.77740	0.06291	0.01696	0.00694	0.00220	0.00315	0.01535	0.00506	0.00443
4	0.01557	0.00816	0.01035	0.00888	0.01157	0.00779	0.00695	0.05521	0.10697	0.32162	0.24345	0.13280	0.02795	0.00953	0.00597	0.00178	0.00385	0.00820	0.00609	0.00731
5	0.06194	0.01134	0.06624	0.01391	0.15645	0.04752	0.00965	0.05336	0.06238	0.15589	0.22540	0.05178	0.04516	0.00796	0.00564	0.00170	0.00482	0.00679	0.00483	0.00723
6	0.01712	0.00951	0.01190	0.00879	0.01336	0.00760	0.00715	0.01940	0.01320	0.35373	0.01491	0.01451	0.01047	0.00523	0.00468	0.00120	0.00430	0.00423	0.00478	0.47394
7	0.01075	0.00620	0.00806	0.00829	0.00960	0.00586	0.00593	0.01307	0.07044	0.16780	0.02772	0.58589	0.03002	0.01425	0.00655	0.00208	0.00355	0.01276	0.00544	0.00573
8	0.00971	0.00761	0.01117	0.01295	0.14456	0.00814	0.00842	0.05222	0.01096	0.03352	0.01888	0.06119	0.09202	0.02786	0.46827	0.00590	0.01067	0.00667	0.00344	0.00583
9	0.43395	0.01209	0.01092	0.00938	0.01285	0.05070	0.00761	0.14461	0.14575	0.08209	0.01279	0.01387	0.00971	0.00616	0.00446	0.00172	0.00487	0.02491	0.00438	0.00720
10	0.00856	0.00602	0.00793	0.00860	0.00997	0.00573	0.00714	0.01074	0.01288	0.04088	0.14224	0.11510	0.16047	0.01417	0.00707	0.00223	0.00411	0.42588	0.00523	0.00505
11	0.00664	0.00474	0.00633	0.00759	0.00791	0.00443	0.00506	0.00759	0.01044	0.01392	0.03005	0.80485	0.03606	0.01708	0.00696	0.00221	0.00316	0.01550	0.00506	0.00443
12	0.08354	0.02049	0.01594	0.01673	0.15582	0.47113	0.01115	0.07358	0.05065	0.03699	0.01003	0.01139	0.00802	0.00561	0.00497	0.00151	0.00810	0.00399	0.00326	0.00711
13	0.01193	0.01193	0.01670	0.01431	0.01431	0.01670	0.01193	0.01312	0.00835	0.01312	0.00716	0.01193	0.00716	0.00954	0.01789	0.00239	0.79843	0.00477	0.00239	0.00596
14	0.01188	0.01131	0.01922	0.41767	0.40280	0.01253	0.01593	0.01532	0.01165	0.01585	0.00997	0.01402	0.00795	0.00516	0.00542	0.00172	0.00688	0.00485	0.00256	0.00733
15	0.01193	0.01193	0.01670	0.01431	0.01431	0.01670	0.01193	0.01312	0.00835	0.01312	0.00716	0.01193	0.00716	0.00954	0.01789	0.00239	0.79843	0.00477	0.00239	0.00596
16	0.02211	0.01305	0.01499	0.01149	0.01580	0.01361	0.00949	0.48563	0.02191	0.31020	0.01621	0.01512	0.01084	0.00662	0.00546	0.00165	0.00549	0.00512	0.00593	0.00927
17	0.01649	0.01140	0.01638	0.01275	0.01665	0.06062	0.18043	0.02048	0.09599	0.28015	0.01785	0.11207	0.01427	0.00716	0.00567	0.00167	0.00574	0.00658	0.00479	0.11286
18	0.02081	0.01374	0.01269	0.01051	0.01404	0.22493	0.00833	0.05890	0.01565	0.42961	0.02180	0.02024	0.10953	0.00734	0.00545	0.00163	0.00591	0.00568	0.00537	0.00785
19	0.01030	0.00969	0.01635	0.79530	0.03755	0.01211	0.01514	0.01393	0.01090	0.01393	0.00969	0.01453	0.00727	0.00545	0.00545	0.00182	0.00727	0.00484	0.00242	0.00606
20	0.00679	0.00583	0.00586	0.00580	0.00770	0.00504	0.00436	0.00886	0.04937	0.01512	0.05361	0.05089	0.73507	0.01349	0.00640	0.00184	0.00284	0.01124	0.00509	0.00480
21	0.02144	0.01112	0.01348	0.01050	0.01449	0.01103	0.00861	0.27336	0.04846	0.43614	0.07770	0.01851	0.01517	0.00705	0.00555	0.00168	0.00493	0.00566	0.00620	0.00892
22	0.02446	0.00928	0.01265	0.00970	0.01392	0.00801	0.00801	0.02657	0.01560	0.77817	0.02151	0.01856	0.01350	0.00675	0.00548	0.00169	0.00464	0.00548	0.00675	0.00928
23	0.00729	0.00556	0.00670	0.00641	0.00788	0.00496	0.00481	0.00947	0.01443	0.01949	0.53287	0.04464	0.29157	0.01203	0.00643	0.00176	0.00264	0.01041	0.00569	0.00496
24	0.01278	0.06976	0.57251	0.01538	0.02230	0.11626	0.06660	0.01801	0.01218	0.03130	0.00979	0.01148	0.00714	0.00520	0.00514	0.00166	0.00818	0.00409	0.00249	0.00774
25	0.02331	0.00953	0.01262	0.00985	0.01394	0.00860	0.00808	0.02682	0.09465	0.69844	0.02158	0.01874	0.01383	0.00682	0.00549	0.00170	0.00460	0.00555	0.00662	0.00921
26	0.00657	0.00501	0.00605	0.00688	0.00772	0.00449	0.00475	0.00767	0.01112	0.01419	0.03865	0.54796	0.28740	0.01596	0.00678	0.00209	0.00303	0.01414	0.00506	0.00449
27	0.75063	0.01060	0.00868	0.00756	0.01104	0.01205	0.00623	0.04253	0.01036	0.08682	0.00893	0.00980	0.00665	0.00525	0.00362	0.00169	0.00431	0.00323	0.00372	0.00630
28	0.00936	0.00899	0.05171	0.30832	0.02106	0.00915	0.03375	0.03200	0.01184	0.01587	0.13110	0.06646	0.11031	0.05652	0.06702	0.00255	0.02967	0.00724	0.02146	0.00562
29	0.00700	0.00507	0.00662	0.00723	0.00796	0.00468	0.00504	0.00853	0.01226	0.01669	0.28635	0.50340	0.07917	0.01487	0.00675	0.00202	0.00294	0.01335	0.00538	0.00468
30	0.02155	0.01321	0.01500	0.01158	0.01583	0.01395	0.00954	0.49132	0.05868	0.26752	0.01618	0.01516	0.01096	0.00665	0.00547	0.00166	0.00549	0.00515	0.00586	0.00924
31	0.00664	0.00474	0.00633	0.00759	0.00791	0.00443	0.00506	0.00759	0.01044	0.01392	0.03005	0.80485	0.03606	0.01708	0.00696	0.00221	0.00316	0.01550	0.00506	0.00443
32	0.01268	0.01321	0.01633	0.01413	0.01443	0.09606	0.01162	0.01389	0.00913	0.01316	0.00782	0.03017	0.00782	0.00931	0.01629	0.00228	0.69833	0.00489	0.00249	0.00596
33	0.00761	0.00575	0.00675	0.00707	0.00862	0.00517	0.00559	0.00933	0.01251	0.03212	0.09699	0.10314	0.43688	0.03330	0.00726	0.00212	0.00348	0.20639	0.00511	0.00481
34	0.01247	0.46039	0.02055	0.00963	0.01258	0.03908	0.00852	0.01463	0.04766	0.01351	0.01319	0.16813	0.01377	0.02969	0.03083	0.00188	0.08813	0.00599	0.00309	0.00628
35	0.02067	0.01128	0.01351	0.01044	0.01463	0.01104	0.00855	0.25086	0.07436	0.39069	0.03391	0.01668	0.01265	0.00653	0.00534	0.00159	0.00492	0.00520	0.00585	0.10131

[dist]
# distance from previous block
# <min> <max>
0	1

[block]
# block no. 4 follows, 44 sequences, length 40
# corresponding to MSA columns:
# 461-500
name=unknown_E
#
# <colnr> <probs for GDERKNQSTAVLIFYWHMCP>
#	G	D	E	R	K	N	Q	S	T	A	V	L	I	F	Y	W	H	M	C	P
0	0.49259	0.03265	0.01091	0.02719	0.01288	0.09238	0.00740	0.12159	0.01288	0.08132	0.01061	0.03975	0.00841	0.00592	0.00418	0.00165	0.00512	0.00403	0.02191	0.00664
1	0.01341	0.50983	0.29923	0.01168	0.01753	0.03721	0.01326	0.01680	0.01134	0.01444	0.00839	0.00977	0.00696	0.00487	0.00414	0.00137	0.00673	0.00333	0.00233	0.00736
2	0.09339	0.01184	0.01373	0.12664	0.05781	0.09245	0.04611	0.12302	0.04060	0.15653	0.03181	0.01729	0.01178	0.00642	0.00513	0.00165	0.00571	0.03169	0.11918	0.00720
3	0.00836	0.00576	0.00759	0.00812	0.00934	0.00542	0.00640	0.01034	0.01282	0.04796	0.21081	0.24037	0.12273	0.01414	0.00691	0.00213	0.00369	0.26676	0.00534	0.00503
4	0.01428	0.01154	0.01549	0.31678	0.07901	0.01309	0.01208	0.30909	0.01704	0.02267	0.03468	0.07381	0.01247	0.00724	0.00567	0.00178	0.00618	0.03570	0.00405	0.00734
5	0.01106	0.01350	0.14842	0.42625	0.11195	0.01213	0.09550	0.01509	0.01136	0.01570	0.01038	0.01424	0.00790	0.00540	0.00568	0.00176	0.02539	0.00489	0.05664	0.00675
6	0.00656	0.00505	0.00601	0.00677	0.00769	0.00450	0.00470	0.00768	0.01123	0.01424	0.04007	0.50549	0.32895	0.01578	0.00675	0.00207	0.00300	0.01391	0.00506	0.00450
7	0.00697	0.00537	0.00586	0.00598	0.00709	0.00481	0.00409	0.00800	0.01117	0.01400	0.09367	0.13582	0.42551	0.23317	0.01238	0.00283	0.00349	0.01087	0.00465	0.00426
8	0.07167	0.01200	0.01109	0.01129	0.04035	0.19810	0.00880	0.04026	0.01403	0.05559	0.12573	0.03669	0.02399	0.01042	0.00619	0.00197	0.00586	0.31556	0.00452	0.00591
9	0.01437	0.10604	0.50206	0.01390	0.02065	0.01262	0.04582	0.01922	0.01242	0.18424	0.01218	0.01290	0.00842	0.00545	0.00512	0.00166	0.00712	0.00433	0.00330	0.00819
10	0.00731	0.00549	0.00679	0.00675	0.00805	0.00497	0.00503	0.00939	0.01396	0.01890	0.47335	0.13751	0.22744	0.01269	0.00654	0.00184	0.00279	0.04066	0.00561	0.00492
11	0.02072	0.01527	0.01636	0.01254	0.01691	0.01691	0.01036	0.75622	0.02563	0.03436	0.01309	0.01309	0.00927	0.00654	0.00545	0.00164	0.00600	0.00491	0.00545	0.00927
12	0.01123	0.00969	0.01167	0.06513	0.01470	0.00762	0.00709	0.01374	0.01128	0.01749	0.00969	0.01154	0.00802	0.00414	0.00414	0.00088	0.00427	0.00335	0.00317	0.78117
13	0.00707	0.00530	0.00712	0.00805	0.00838	0.00535	0.00556	0.00811	0.01051	0.01421	0.06108	0.71369	0.03464	0.01627	0.00773	0.00220	0.06077	0.01447	0.00491	0.00457
14	0.00673	0.00482	0.00641	0.00753	0.00793	0.00449	0.00507	0.00782	0.01087	0.01460	0.09366	0.73929	0.03738	0.01657	0.00691	0.00217	0.00311	0.01501	0.00514	0.00449
15	0.00879	0.00628	0.00879	0.01004	0.01130	0.00628	0.00879	0.01130	0.01255	0.01632	0.02887	0.06150	0.03138	0.01506	0.00753	0.00251	0.00502	0.73770	0.00502	0.00502
16	0.01458	0.81168	0.02857	0.00933	0.01399	0.02157	0.00933	0.01632	0.01108	0.01283	0.00758	0.00875	0.00700	0.00466	0.00350	0.00117	0.00583	0.00292	0.00233	0.00700
17	0.06953	0.19471	0.05538	0.02998	0.01608	0.03447	0.01000	0.33054	0.10881	0.04216	0.01228	0.01264	0.00926	0.00590	0.00480	0.00152	0.00574	0.00434	0.00426	0.04758
18	0.00945	0.00699	0.00935	0.01015	0.04428	0.00695	0.00802	0.06507	0.01428	0.01914	0.23327	0.04969	0.07081	0.01285	0.00693	0.00215	0.00437	0.41552	0.00522	0.00550
19	0.01138	0.00938	0.01105	0.00803	0.01260	0.00713	0.00640	0.01380	0.01171	0.03732	0.06520	0.01362	0.01136	0.00462	0.00425	0.00090	0.00395	0.00377	0.00352	0.76002
20	0.00805	0.00650	0.00705	0.00771	0.00817	0.06149	0.00512	0.00885	0.01004	0.01293	0.02412	0.49598	0.02826	0.22239	0.06437	0.00339	0.00496	0.01203	0.00430	0.00430
21	0.00772	0.00557	0.00729	0.00686	0.00814	0.00514	0.00514	0.01029	0.01543	0.02186	0.77152	0.04072	0.05144	0.01115	0.00643	0.00171	0.00257	0.00986	0.00600	0.00514
22	0.01030	0.00969	0.01635	0.79530	0.03755	0.01211	0.01514	0.01393	0.01090	0.01393	0.00969	0.01453	0.00727	0.00545	0.00545	0.00182	0.00727	0.00484	0.00242	0.00606
23	0.01060	0.00985	0.01635	0.77219	0.03694	0.01225	0.01500	0.03585	0.01134	0.01453	0.00979	0.01449	0.00733	0.00548	0.00545	0.00181	0.00723	0.00485	0.00251	0.00615
24	0.01408	0.02270	0.56225	0.01390	0.02073	0.01127	0.01674	0.01923	0.01254	0.19954	0.01343	0.01540	0.00956	0.00599	0.00536	0.00175	0.00710	0.03672	0.00349	0.00822
25	0.00953	0.00521	0.00566	0.00554	0.00682	0.00510	0.00416	0.01207	0.01247	0.02073	0.21409	0.02564	0.02373	0.00760	0.00449	0.00139	0.00255	0.00633	0.62180	0.00510
26	0.84691	0.01054	0.00801	0.00717	0.01054	0.01223	0.00590	0.01603	0.00928	0.02446	0.00759	0.00886	0.00590	0.00506	0.00337	0.00169	0.00422	0.00295	0.00337	0.00590
27	0.01138	0.01382	0.11663	0.32892	0.06943	0.01254	0.28148	0.01584	0.02882	0.01604	0.01197	0.03012	0.02675	0.00554	0.00582	0.00181	0.00776	0.00571	0.00273	0.00690
28	0.00881	0.00585	0.00790	0.00824	0.00949	0.00554	0.00652	0.01101	0.01346	0.06159	0.32823	0.20144	0.03940	0.01342	0.00685	0.00208	0.00363	0.25581	0.00552	0.00519
29	0.84691	0.01054	0.00801	0.00717	0.01054	0.01223	0.00590	0.01603	0.00928	0.02446	0.00759	0.00886	0.00590	0.00506	0.00337	0.00169	0.00422	0.00295	0.00337	0.00590
30	0.00872	0.00544	0.00608	0.00587	0.00735	0.00504	0.00442	0.01097	0.01309	0.03508	0.27589	0.03510	0.21710	0.00982	0.00537	0.00157	0.00265	0.00828	0.33708	0.00507
31	0.00762	0.00606	0.00886	0.20129	0.01531	0.00640	0.00765	0.00931	0.01073	0.01405	0.02610	0.54701	0.06124	0.01399	0.00659	0.00211	0.00423	0.04218	0.00441	0.00486
