[name]
unknown

[dist]
# distance from previous block
# <min> <max>
0	388

[block]
# block no. 0 follows, 43 sequences, length 37
# corresponding to MSA columns:
# 388-424
name=unknown_A
#
# <colnr> <probs for GDERKNQSTAVLIFYWHMCP>
#	G	D	E	R	K	N	Q	S	T	A	V	L	I	F	Y	W	H	M	C	P
0	0.00843	0.00669	0.00915	0.00917	0.01024	0.03483	0.00717	0.01042	0.00936	0.01309	0.01540	0.02357	0.01459	0.03881	0.71286	0.00828	0.01413	0.04575	0.00308	0.00501
1	0.01292	0.01443	0.03083	0.02221	0.02735	0.01385	0.68332	0.01732	0.01277	0.01760	0.01124	0.01499	0.00855	0.00501	0.00708	0.00188	0.05219	0.00639	0.03277	0.00731
2	0.00956	0.00810	0.01168	0.09872	0.01479	0.02454	0.08594	0.05344	0.05715	0.01774	0.16378	0.37788	0.02996	0.01210	0.00652	0.00199	0.00460	0.01103	0.00477	0.00571
3	0.01339	0.05598	0.12394	0.27022	0.06887	0.07248	0.20687	0.01776	0.03966	0.06122	0.01121	0.01413	0.00837	0.00536	0.00562	0.00176	0.00782	0.00512	0.00295	0.00727
4	0.00739	0.00544	0.00707	0.00813	0.00901	0.00511	0.00616	0.00892	0.01161	0.01503	0.03447	0.44544	0.15880	0.01615	0.00716	0.00228	0.00373	0.23825	0.00513	0.00472
5	0.00957	0.00810	0.01211	0.01573	0.25990	0.00775	0.00897	0.01219	0.01409	0.01961	0.39765	0.05766	0.13514	0.00977	0.00620	0.00174	0.00397	0.00875	0.00483	0.00630
6	0.01341	0.47560	0.29485	0.01259	0.04237	0.01810	0.01361	0.01740	0.03870	0.01517	0.00913	0.01047	0.00749	0.00503	0.00430	0.00143	0.00670	0.00355	0.00249	0.00761
7	0.00815	0.00654	0.00873	0.00832	0.00947	0.00721	0.00649	0.01008	0.01139	0.01583	0.20868	0.03233	0.18860	0.02348	0.31267	0.00465	0.10459	0.00806	0.01965	0.00510
8	0.05814	0.00566	0.00593	0.00594	0.00743	0.00540	0.00442	0.01082	0.01230	0.01890	0.14482	0.10692	0.23610	0.01032	0.00532	0.00164	0.00281	0.00864	0.34345	0.00502
9	0.01072	0.00843	0.00899	0.00886	0.01059	0.04266	0.00672	0.02782	0.21878	0.03157	0.03843	0.23989	0.09242	0.01130	0.00628	0.00193	0.02241	0.07022	0.13582	0.00615
10	0.01596	0.01309	0.05983	0.08422	0.35091	0.01199	0.15106	0.01941	0.01333	0.20480	0.01332	0.01519	0.00973	0.00542	0.00569	0.00172	0.00677	0.00535	0.00373	0.00846
11	0.01241	0.01210	0.01910	0.35559	0.27496	0.03805	0.03903	0.02972	0.01168	0.01583	0.00970	0.01383	0.00789	0.00599	0.00751	0.00185	0.13010	0.00492	0.00263	0.00712
12	0.02069	0.02640	0.01569	0.01427	0.01712	0.78313	0.01070	0.02212	0.01569	0.01355	0.00856	0.00999	0.00713	0.00571	0.00499	0.00143	0.00999	0.00357	0.00285	0.00642
13	0.45831	0.01160	0.01071	0.00926	0.01277	0.01323	0.00748	0.11223	0.23533	0.05907	0.01345	0.01344	0.01001	0.00611	0.00444	0.00176	0.00456	0.00433	0.00450	0.00740
14	0.00655	0.00558	0.00564	0.00569	0.00750	0.00467	0.00424	0.00794	0.01255	0.01493	0.05514	0.08165	0.74084	0.01415	0.00657	0.00188	0.00282	0.01184	0.00514	0.00467
15	0.00701	0.00563	0.00626	0.00610	0.00777	0.00487	0.00458	0.00885	0.01373	0.01759	0.31383	0.04898	0.50921	0.01305	0.00654	0.00182	0.00274	0.01108	0.00549	0.00487
16	0.00793	0.00585	0.00849	0.00849	0.00934	0.00670	0.00641	0.00963	0.00878	0.01255	0.01521	0.02383	0.01475	0.15100	0.67518	0.00839	0.01348	0.00624	0.00302	0.00472
17	0.00675	0.00482	0.00643	0.00771	0.00803	0.00450	0.00514	0.00771	0.01060	0.01414	0.03053	0.80175	0.03663	0.01735	0.00707	0.00225	0.00321	0.01574	0.00514	0.00450
18	0.01148	0.00984	0.01148	0.00820	0.01312	0.00738	0.00656	0.01395	0.01148	0.01805	0.00984	0.01148	0.00820	0.00410	0.00410	0.00082	0.00410	0.00328	0.00328	0.83922
19	0.01378	0.01190	0.01252	0.01127	0.01440	0.01378	0.00877	0.02943	0.76081	0.02317	0.02254	0.02066	0.01691	0.00751	0.00564	0.00188	0.00438	0.00626	0.00564	0.00877
20	0.84448	0.01071	0.00814	0.00728	0.01071	0.01242	0.00600	0.01628	0.00943	0.02485	0.00771	0.00900	0.00600	0.00514	0.00343	0.00171	0.00428	0.00300	0.00343	0.00600
21	0.02270	0.01203	0.01436	0.01110	0.01538	0.01211	0.00914	0.32111	0.06083	0.43362	0.01842	0.01670	0.01215	0.00681	0.00556	0.00170	0.00525	0.00537	0.00626	0.00939
22	0.84448	0.01071	0.00814	0.00728	0.01071	0.01242	0.00600	0.01628	0.00943	0.02485	0.00771	0.00900	0.00600	0.00514	0.00343	0.00171	0.00428	0.00300	0.00343	0.00600
23	0.01371	0.01316	0.02248	0.03399	0.77081	0.01316	0.01700	0.01700	0.01261	0.01809	0.01042	0.01371	0.00877	0.00493	0.00548	0.00164	0.00658	0.00493	0.00274	0.00877
24	0.01421	0.01211	0.01277	0.01136	0.01457	0.01398	0.00887	0.07243	0.71710	0.02387	0.02199	0.02022	0.01646	0.00746	0.00563	0.00187	0.00448	0.00619	0.00563	0.00880
25	0.00864	0.00672	0.00914	0.00875	0.00921	0.00797	0.00643	0.00976	0.00852	0.01214	0.01459	0.02559	0.01512	0.32069	0.37873	0.00654	0.13735	0.00655	0.00302	0.00453
26	0.00725	0.00564	0.00659	0.00635	0.00791	0.00498	0.00476	0.00932	0.01429	0.01892	0.44487	0.04678	0.37733	0.01255	0.00654	0.00180	0.00270	0.01077	0.00566	0.00498
27	0.02485	0.00943	0.01285	0.00985	0.01414	0.00814	0.00814	0.02699	0.01585	0.77465	0.02185	0.01885	0.01371	0.00685	0.00557	0.00171	0.00471	0.00557	0.00685	0.00943
28	0.00666	0.00534	0.00595	0.00638	0.00770	0.00463	0.00456	0.00794	0.01202	0.01490	0.06949	0.31288	0.49193	0.01510	0.00673	0.00200	0.00294	0.01304	0.00517	0.00463
29	0.00833	0.00671	0.01083	0.01067	0.01202	0.00641	0.10810	0.01032	0.01165	0.01543	0.02749	0.45035	0.03121	0.01494	0.00719	0.00230	0.00467	0.25145	0.00481	0.00510
30	0.06097	0.00794	0.01000	0.00841	0.01126	0.00737	0.00668	0.01892	0.06129	0.34615	0.31672	0.02934	0.07356	0.00899	0.00589	0.00174	0.00373	0.00759	0.00619	0.00726
31	0.00727	0.00542	0.00688	0.00785	0.00880	0.00503	0.00590	0.00875	0.01165	0.01497	0.03639	0.42813	0.21229	0.01601	0.00709	0.00224	0.00361	0.20190	0.00513	0.00470
32	0.01341	0.01299	0.02257	0.09371	0.67185	0.01314	0.05710	0.01681	0.01251	0.01776	0.01042	0.01386	0.00864	0.00497	0.00554	0.00167	0.00679	0.00502	0.00272	0.00849
33	0.03207	0.01665	0.24859	0.40850	0.05031	0.04734	0.01624	0.01560	0.01123	0.01546	0.00954	0.01320	0.00725	0.00582	0.00653	0.00184	0.07996	0.00455	0.00247	0.00684
34	0.00809	0.00590	0.00748	0.04282	0.03364	0.00585	0.00548	0.00907	0.01008	0.01327	0.05277	0.16150	0.09978	0.40903	0.01749	0.00375	0.00476	0.10089	0.00408	0.00426
35	0.07841	0.01487	0.01584	0.01222	0.01657	0.01638	0.01009	0.66424	0.02437	0.07195	0.01335	0.01328	0.00940	0.00655	0.00540	0.00167	0.00590	0.00488	0.00546	0.00918
36	0.01497	0.06007	0.01982	0.04220	0.09147	0.07217	0.17847	0.04519	0.01265	0.13531	0.01262	0.03312	0.01020	0.01071	0.09919	0.00267	0.14289	0.00553	0.00351	0.00722

[dist]
# distance from previous block
# <min> <max>
0	2

[block]
# block no. 1 follows, 43 sequences, length 65
# corresponding to MSA columns:
# 427-491
name=unknown_B
#
# <colnr> <probs for GDERKNQSTAVLIFYWHMCP>
#	G	D	E	R	K	N	Q	S	T	A	V	L	I	F	Y	W	H	M	C	P
0	0.03711	0.25744	0.10590	0.01528	0.02007	0.10004	0.23207	0.05978	0.04929	0.01704	0.01009	0.01210	0.00807	0.00539	0.00574	0.00161	0.04808	0.00459	0.00292	0.00738
1	0.00755	0.00542	0.00719	0.00819	0.00893	0.00517	0.00612	0.00909	0.01162	0.01539	0.09293	0.43898	0.07172	0.06011	0.00835	0.00245	0.00382	0.22717	0.00511	0.00468
2	0.05609	0.33866	0.09453	0.17297	0.04346	0.01624	0.13265	0.01618	0.01152	0.01558	0.00951	0.01206	0.00771	0.00505	0.00467	0.00153	0.00676	0.00422	0.04364	0.00697
3	0.01503	0.03424	0.06126	0.08421	0.39568	0.18120	0.01438	0.07156	0.01407	0.01773	0.01246	0.01478	0.04764	0.00576	0.00538	0.00162	0.00723	0.00490	0.00304	0.00782
4	0.01470	0.01266	0.03190	0.04546	0.06878	0.02973	0.00966	0.15267	0.29434	0.04166	0.01552	0.01569	0.01176	0.00608	0.00517	0.00153	0.00512	0.00497	0.00455	0.22804
5	0.00688	0.00556	0.00637	0.00652	0.00799	0.00504	0.00484	0.00839	0.01196	0.01500	0.09390	0.15177	0.49853	0.01868	0.12997	0.00303	0.00476	0.01123	0.00486	0.00473
6	0.06013	0.05384	0.35221	0.02769	0.03627	0.03918	0.05220	0.12615	0.08197	0.08464	0.01234	0.01329	0.00890	0.00584	0.00550	0.00173	0.02175	0.00459	0.00360	0.00820
7	0.01422	0.12778	0.41983	0.01518	0.02140	0.17760	0.08114	0.04986	0.01322	0.01687	0.00961	0.01132	0.00728	0.00530	0.00511	0.00162	0.00829	0.00409	0.00263	0.00766
8	0.81867	0.03554	0.00879	0.00735	0.01082	0.01272	0.00611	0.01629	0.00948	0.02448	0.00771	0.00899	0.00603	0.00513	0.00343	0.00170	0.00434	0.00300	0.00339	0.00603
9	0.84448	0.01071	0.00814	0.00728	0.01071	0.01242	0.00600	0.01628	0.00943	0.02485	0.00771	0.00900	0.00600	0.00514	0.00343	0.00171	0.00428	0.00300	0.00343	0.00600
10	0.01364	0.01335	0.02359	0.03284	0.69029	0.01325	0.09664	0.01708	0.01266	0.01806	0.01050	0.01384	0.00873	0.00491	0.00560	0.00167	0.00688	0.00511	0.00275	0.00863
11	0.01046	0.00984	0.01661	0.79205	0.03814	0.01230	0.01538	0.01415	0.01107	0.01415	0.00984	0.01477	0.00738	0.00554	0.00554	0.00185	0.00738	0.00492	0.00246	0.00615
12	0.02079	0.01107	0.01333	0.01076	0.01467	0.01118	0.00876	0.15862	0.21088	0.42183	0.02071	0.01968	0.01433	0.00725	0.00565	0.00177	0.00489	0.02845	0.00625	0.00912
13	0.00725	0.00534	0.00621	0.00648	0.00729	0.00493	0.00433	0.00828	0.01110	0.01446	0.13873	0.24043	0.24220	0.26241	0.01346	0.00305	0.00369	0.01136	0.00472	0.00429
14	0.00804	0.00541	0.00623	0.00623	0.00630	0.00547	0.00359	0.00818	0.00811	0.01088	0.01728	0.03528	0.01972	0.75451	0.07847	0.00560	0.00600	0.00791	0.00333	0.00346
15	0.00752	0.00554	0.00720	0.00819	0.00916	0.00522	0.00631	0.00919	0.01192	0.01547	0.06500	0.37840	0.16424	0.01580	0.00716	0.00227	0.00378	0.26769	0.00517	0.00477
16	0.01317	0.00629	0.00751	0.00670	0.00870	0.00588	0.00520	0.01565	0.01357	0.19905	0.19587	0.02511	0.02306	0.00770	0.00490	0.00150	0.00309	0.00640	0.44447	0.00618
17	0.02069	0.02640	0.01569	0.01427	0.01712	0.78313	0.01070	0.02212	0.01569	0.01355	0.00856	0.00999	0.00713	0.00571	0.00499	0.00143	0.00999	0.00357	0.00285	0.00642
18	0.01378	0.01190	0.01252	0.01127	0.01440	0.01378	0.00877	0.02943	0.76081	0.02317	0.02254	0.02066	0.01691	0.00751	0.00564	0.00188	0.00438	0.00626	0.00564	0.00877
19	0.00854	0.00685	0.00782	0.00735	0.00876	0.05000	0.00551	0.01104	0.01558	0.02148	0.70187	0.03994	0.07210	0.01108	0.00644	0.00173	0.00304	0.00970	0.00588	0.00528
20	0.01505	0.01895	0.41512	0.01248	0.01827	0.01026	0.01410	0.01937	0.01267	0.25432	0.01476	0.01618	0.01053	0.04717	0.04679	0.00226	0.00698	0.00491	0.05184	0.00799
21	0.00675	0.00482	0.00643	0.00771	0.00803	0.00450	0.00514	0.00771	0.01060	0.01414	0.03053	0.80175	0.03663	0.01735	0.00707	0.00225	0.00321	0.01574	0.00514	0.00450
22	0.02467	0.00970	0.01302	0.00999	0.01428	0.00855	0.00825	0.06015	0.01632	0.74083	0.02146	0.01860	0.01351	0.00685	0.00557	0.00171	0.00478	0.00554	0.00679	0.00942
23	0.01199	0.01141	0.01938	0.43421	0.38401	0.01271	0.01614	0.01549	0.01180	0.01601	0.01011	0.01427	0.00804	0.00525	0.00551	0.00175	0.00700	0.00493	0.00259	0.00739
24	0.01307	0.01494	0.03268	0.02334	0.02894	0.01401	0.75070	0.01774	0.01307	0.01774	0.01120	0.01494	0.00840	0.00467	0.00654	0.00187	0.00934	0.00654	0.00280	0.00747
25	0.01307	0.01494	0.03268	0.02334	0.02894	0.01401	0.75070	0.01774	0.01307	0.01774	0.01120	0.01494	0.00840	0.00467	0.00654	0.00187	0.00934	0.00654	0.00280	0.00747
26	0.02124	0.00861	0.01133	0.00905	0.01256	0.00768	0.00732	0.03893	0.01491	0.58627	0.02124	0.03597	0.01484	0.05151	0.00667	0.00189	0.00447	0.02032	0.11687	0.00834
27	0.01032	0.05291	0.18675	0.01432	0.05903	0.01029	0.16905	0.01398	0.01297	0.01800	0.20686	0.08548	0.07411	0.00863	0.00639	0.00183	0.02357	0.03503	0.00392	0.00658
28	0.01506	0.00982	0.09070	0.01029	0.05532	0.00769	0.00806	0.01703	0.01215	0.29679	0.03970	0.02606	0.01668	0.27915	0.02870	0.00311	0.00548	0.03249	0.03907	0.00665
29	0.00774	0.00552	0.00655	0.00651	0.00757	0.00507	0.00454	0.00922	0.01240	0.02814	0.29399	0.13685	0.22095	0.20007	0.01165	0.00268	0.00342	0.01052	0.02200	0.00462
30	0.04325	0.01149	0.01748	0.23958	0.14781	0.01239	0.10599	0.15552	0.02798	0.03446	0.03087	0.01828	0.06373	0.02200	0.00604	0.00182	0.00635	0.00577	0.04195	0.00725
31	0.01299	0.01244	0.01877	0.32022	0.29140	0.05723	0.04519	0.06684	0.01275	0.01689	0.01056	0.01503	0.00870	0.04705	0.00722	0.00195	0.03962	0.00508	0.00286	0.00723
32	0.01146	0.01141	0.05607	0.01118	0.01244	0.07090	0.00922	0.03352	0.04778	0.01513	0.01328	0.06616	0.01275	0.10628	0.12076	0.00337	0.29418	0.00601	0.09232	0.00577
33	0.01117	0.00904	0.01018	0.00984	0.01196	0.00990	0.00762	0.04757	0.37909	0.01994	0.05302	0.17044	0.06300	0.04470	0.00725	0.00219	0.00425	0.12661	0.00535	0.00686
34	0.01686	0.01884	0.01390	0.01175	0.01535	0.41768	0.00902	0.06129	0.04559	0.01701	0.03712	0.01225	0.00965	0.00550	0.00481	0.00127	0.00728	0.00390	0.00338	0.28757
35	0.00771	0.00525	0.00626	0.00659	0.00671	0.00521	0.00396	0.00804	0.00875	0.01170	0.02071	0.23290	0.02413	0.57082	0.05388	0.00471	0.00520	0.00995	0.00380	0.00372
36	0.01611	0.05035	0.04178	0.02511	0.44279	0.23760	0.01444	0.05907	0.02905	0.01757	0.01015	0.01249	0.00837	0.00531	0.00526	0.00157	0.00752	0.00446	0.00296	0.00804
37	0.00868	0.00634	0.00791	0.00737	0.00894	0.00609	0.00557	0.01249	0.08826	0.03647	0.64115	0.03957	0.08784	0.01101	0.00643	0.00176	0.00284	0.00966	0.00601	0.00562
38	0.45262	0.01092	0.01229	0.22557	0.06609	0.01256	0.00974	0.07314	0.01173	0.06543	0.00971	0.01178	0.00726	0.00545	0.00442	0.00174	0.00544	0.00395	0.00348	0.00667
39	0.00796	0.00564	0.00692	0.00733	0.00792	0.00551	0.00488	0.04484	0.01109	0.01485	0.09120	0.41779	0.06137	0.25391	0.03019	0.00324	0.00419	0.01201	0.00466	0.00448
40	0.00779	0.00578	0.00845	0.00856	0.00946	0.00651	0.00650	0.00961	0.00940	0.01340	0.05569	0.10672	0.01852	0.06721	0.63062	0.00768	0.01259	0.00728	0.00338	0.00485
41	0.01044	0.00858	0.00956	0.00884	0.01105	0.00917	0.00676	0.01901	0.36689	0.02149	0.30242	0.05225	0.13093	0.01004	0.00612	0.00184	0.00349	0.00861	0.00573	0.00681
42	0.58653	0.01221	0.01080	0.00899	0.01274	0.01391	0.00742	0.24687	0.01463	0.02800	0.00946	0.01034	0.00707	0.00561	0.00409	0.00170	0.00485	0.00362	0.00409	0.00707
43	0.01170	0.14091	0.64861	0.01508	0.02270	0.01420	0.03861	0.01741	0.01167	0.01689	0.00965	0.01137	0.00707	0.00517	0.00505	0.00167	0.00789	0.00400	0.00236	0.00801
44	0.01127	0.05144	0.05999	0.20046	0.02419	0.03108	0.27171	0.01495	0.01302	0.01753	0.20142	0.02089	0.01902	0.00677	0.00641	0.00180	0.03142	0.00660	0.00350	0.00654
45	0.32183	0.12251	0.06532	0.01118	0.01485	0.34982	0.00946	0.01895	0.01255	0.01790	0.00823	0.00959	0.00671	0.00534	0.00425	0.00152	0.00724	0.00331	0.00297	0.00647
46	0.00839	0.00624	0.00788	0.00736	0.00884	0.00601	0.00555	0.01220	0.08445	0.02230	0.69910	0.03946	0.04899	0.01097	0.00645	0.00175	0.00278	0.00967	0.00605	0.00555
47	0.01481	0.80869	0.02902	0.00948	0.01421	0.02191	0.00948	0.01658	0.01125	0.01303	0.00770	0.00888	0.00711	0.00474	0.00355	0.00118	0.00592	0.00296	0.00237	0.00711
48	0.04449	0.14169	0.09336	0.01161	0.01574	0.20347	0.01028	0.06659	0.05821	0.23322	0.01380	0.01399	0.01006	0.00805	0.04980	0.00198	0.00720	0.00446	0.00422	0.00779
49	0.00946	0.00487	0.00710	0.00710	0.00710	0.00487	0.00466	0.00730	0.00730	0.00973	0.01041	0.01880	0.01068	0.09880	0.02231	0.75451	0.00487	0.00514	0.00250	0.00250
50	0.01447	0.06141	0.11592	0.02018	0.28447	0.05310	0.02930	0.10706	0.16909	0.02061	0.02525	0.01475	0.01080	0.00580	0.00533	0.00164	0.00629	0.00497	0.00369	0.04586
51	0.03931	0.01448	0.11026	0.31517	0.07174	0.03475	0.08777	0.13526	0.01365	0.01875	0.01019	0.01350	0.00779	0.00603	0.00696	0.00185	0.09741	0.00489	0.00303	0.00721
52	0.16768	0.27408	0.01838	0.05502	0.07404	0.04756	0.00950	0.15491	0.02949	0.02017	0.01294	0.05840	0.04397	0.00648	0.00461	0.00156	0.00562	0.00484	0.00357	0.00716
53	0.01298	0.05448	0.02304	0.23499	0.30492	0.05142	0.18927	0.01652	0.01239	0.01642	0.01058	0.01479	0.00859	0.00526	0.00566	0.00173	0.00756	0.01919	0.00271	0.00748
54	0.00962	0.00481	0.00722	0.00722	0.00722	0.00481	0.00481	0.00722	0.00722	0.00962	0.00962	0.01684	0.00962	0.01924	0.02165	0.83886	0.00481	0.00481	0.00241	0.00241
55	0.01364	0.06211	0.07699	0.01370	0.08202	0.03017	0.04073	0.20311	0.08170	0.02075	0.01770	0.15145	0.05193	0.04198	0.00793	0.00200	0.08344	0.00722	0.00419	0.00725
56	0.02616	0.16526	0.26015	0.01738	0.14820	0.05757	0.06835	0.03793	0.07296	0.01749	0.02597	0.01302	0.00923	0.00568	0.00583	0.00167	0.05188	0.00452	0.00293	0.00780
57	0.01080	0.02535	0.65463	0.01450	0.02175	0.01209	0.01814	0.01725	0.05492	0.01760	0.01534	0.01642	0.08466	0.00628	0.00541	0.00177	0.00742	0.00499	0.00281	0.00786
58	0.00705	0.00541	0.00587	0.00608	0.00712	0.00486	0.00409	0.00794	0.01087	0.01351	0.03993	0.16680	0.41788	0.26246	0.01341	0.00303	0.00367	0.01119	0.00458	0.00423
59	0.01541	0.13953	0.05915	0.19103	0.03658	0.02958	0.07987	0.10864	0.10142	0.12113	0.01301	0.01449	0.00965	0.00608	0.00600	0.00172	0.05021	0.00494	0.00382	0.00773
60	0.01405	0.23458	0.30538	0.01675	0.11404	0.13325	0.07448	0.01793	0.01241	0.01581	0.00929	0.01119	0.00739	0.00510	0.00489	0.00155	0.00775	0.00401	0.00251	0.00764
61	0.11503	0.01535	0.01422	0.03497	0.08554	0.25281	0.01019	0.04498	0.01275	0.01686	0.07423	0.01583	0.03544	0.00995	0.06795	0.00233	0.17696	0.00497	0.00327	0.00635
62	0.01286	0.01644	0.11412	0.02252	0.02840	0.01388	0.67076	0.01772	0.01292	0.01772	0.01107	0.01458	0.00825	0.00473	0.00640	0.00185	0.00921	0.00627	0.00275	0.00755
63	0.00749	0.00565	0.00692	0.00660	0.00806	0.00508	0.00495	0.00978	0.01485	0.02026	0.57623	0.04458	0.24514	0.01205	0.00654	0.00178	0.00266	0.01047	0.00584	0.00508
64	0.00685	0.00508	0.00633	0.00724	0.00794	0.00465	0.00498	0.00795	0.01111	0.01442	0.05104	0.56768	0.19619	0.04892	0.00783	0.00229	0.00326	0.03662	0.00509	0.00452

[dist]
# distance from previous block
# <min> <max>
0	8

[block]
# block no. 2 follows, 43 sequences, length 48
# corresponding to MSA columns:
# 500-547
name=unknown_C
#
# <colnr> <probs for GDERKNQSTAVLIFYWHMCP>
#	G	D	E	R	K	N	Q	S	T	A	V	L	I	F	Y	W	H	M	C	P
0	0.00773	0.00566	0.00725	0.00685	0.00821	0.00518	0.00514	0.01024	0.01542	0.02160	0.70831	0.04237	0.11222	0.01155	0.00653	0.00175	0.00263	0.01016	0.00602	0.00518
1	0.46486	0.00969	0.00885	0.00793	0.01088	0.01076	0.00652	0.10138	0.01241	0.05745	0.01323	0.01775	0.01101	0.00670	0.00429	0.00171	0.00427	0.07992	0.16409	0.00629
2	0.01378	0.01190	0.01252	0.01127	0.01440	0.01378	0.00877	0.02943	0.76081	0.02317	0.02254	0.02066	0.01691	0.00751	0.00564	0.00188	0.00438	0.00626	0.00564	0.00877
3	0.02342	0.00994	0.01285	0.00993	0.01404	0.00912	0.00818	0.12030	0.01690	0.63022	0.02050	0.01824	0.01318	0.00680	0.00546	0.00168	0.00476	0.00547	0.05986	0.00915
4	0.01307	0.01494	0.03268	0.02334	0.02894	0.01401	0.75070	0.01774	0.01307	0.01774	0.01120	0.01494	0.00840	0.00467	0.00654	0.00187	0.00934	0.00654	0.00280	0.00747
5	0.00749	0.00559	0.00633	0.00614	0.00771	0.00496	0.00461	0.00953	0.01382	0.01864	0.35524	0.04482	0.38490	0.01209	0.00626	0.00176	0.00270	0.01030	0.09218	0.00496
6	0.00738	0.00537	0.00637	0.00687	0.00758	0.00504	0.00470	0.00832	0.01054	0.01358	0.04569	0.27135	0.20831	0.28366	0.01416	0.00324	0.00403	0.08504	0.00455	0.00423
7	0.00747	0.00571	0.00767	0.00831	0.00875	0.00591	0.00588	0.00870	0.01113	0.01525	0.13746	0.60666	0.03589	0.01566	0.00815	0.00219	0.08569	0.01376	0.00500	0.00477
8	0.01533	0.73907	0.02784	0.00990	0.01447	0.08966	0.00959	0.01708	0.01165	0.01308	0.00778	0.00898	0.00711	0.00482	0.00368	0.00121	0.00628	0.00302	0.00241	0.00705
9	0.00973	0.00601	0.00770	0.00764	0.00919	0.00544	0.00579	0.01159	0.01343	0.12062	0.25071	0.24928	0.17889	0.01329	0.00667	0.00199	0.00336	0.08755	0.00565	0.00548
10	0.00783	0.00541	0.00675	0.00701	0.00778	0.00507	0.00480	0.00914	0.01178	0.03266	0.24472	0.28942	0.09703	0.21293	0.01215	0.00285	0.00363	0.02946	0.00501	0.00456
11	0.01440	0.01410	0.01476	0.19650	0.09286	0.17659	0.01126	0.05767	0.23235	0.03331	0.01569	0.08883	0.01321	0.00728	0.00559	0.00177	0.00648	0.00605	0.00399	0.00730
12	0.01239	0.01419	0.06365	0.10026	0.02500	0.01473	0.39843	0.01593	0.01131	0.01593	0.00973	0.01384	0.00786	0.00641	0.01013	0.00204	0.26294	0.00570	0.00262	0.00691
13	0.22859	0.01457	0.01407	0.16206	0.09850	0.18415	0.01069	0.05564	0.11043	0.03838	0.01158	0.01385	0.00910	0.00595	0.00492	0.00170	0.00652	0.01872	0.00355	0.00701
14	0.00921	0.00780	0.00992	0.00947	0.01007	0.04027	0.00714	0.01052	0.00936	0.01304	0.04643	0.09792	0.01734	0.19186	0.32885	0.00559	0.16991	0.00717	0.00327	0.00486
15	0.00748	0.00565	0.00706	0.00787	0.00907	0.00524	0.00617	0.00919	0.01216	0.01548	0.05778	0.27316	0.27786	0.01537	0.00709	0.00222	0.00373	0.26749	0.00515	0.00479
16	0.01607	0.04939	0.16975	0.01973	0.25042	0.05757	0.02987	0.17628	0.07678	0.08147	0.01263	0.01381	0.00945	0.00576	0.00539	0.00167	0.00669	0.00481	0.00381	0.00862
17	0.00895	0.00652	0.00839	0.00871	0.03398	0.00574	0.00615	0.01058	0.01166	0.04929	0.07083	0.39812	0.08926	0.03376	0.00692	0.00198	0.00372	0.07728	0.00479	0.16337
18	0.07397	0.01469	0.04044	0.01432	0.08428	0.07045	0.04480	0.30389	0.13584	0.13878	0.01485	0.01482	0.01066	0.00636	0.00541	0.00170	0.00604	0.00508	0.00493	0.00868
19	0.01804	0.15361	0.02055	0.01393	0.01789	0.17976	0.11128	0.30987	0.01814	0.02263	0.01075	0.01212	0.00835	0.00604	0.00600	0.00160	0.05787	0.00454	0.01919	0.00783
20	0.00702	0.00553	0.00634	0.00636	0.00783	0.00485	0.00468	0.00879	0.01343	0.01739	0.30205	0.14576	0.42324	0.01351	0.00661	0.00187	0.00279	0.01163	0.00548	0.00485
21	0.02030	0.01928	0.01627	0.05845	0.01837	0.30531	0.01087	0.43463	0.02128	0.02566	0.01131	0.01214	0.00844	0.00623	0.00533	0.00158	0.00763	0.00445	0.00435	0.00810
22	0.00699	0.00539	0.00638	0.00664	0.00788	0.00478	0.00479	0.00861	0.01292	0.01685	0.25761	0.27292	0.33991	0.01422	0.00670	0.00195	0.00287	0.01241	0.00542	0.00478
23	0.00821	0.00577	0.00708	0.00676	0.00831	0.00516	0.00507	0.01035	0.01448	0.05574	0.47889	0.09250	0.25660	0.01228	0.00652	0.00181	0.00281	0.01065	0.00580	0.00522
24	0.00700	0.00563	0.00623	0.00608	0.00776	0.00487	0.00456	0.00882	0.01369	0.01748	0.30392	0.04915	0.51917	0.01308	0.00654	0.00183	0.00274	0.01111	0.00547	0.00487
25	0.00734	0.00549	0.00597	0.00609	0.00699	0.00505	0.00404	0.00812	0.01042	0.01304	0.03602	0.08333	0.35966	0.37873	0.01658	0.00353	0.00409	0.03712	0.00432	0.00407
26	0.01481	0.80869	0.02902	0.00948	0.01421	0.02191	0.00948	0.01658	0.01125	0.01303	0.00770	0.00888	0.00711	0.00474	0.00355	0.00118	0.00592	0.00296	0.00237	0.00711
27	0.01111	0.02865	0.77667	0.01579	0.02397	0.01286	0.02046	0.01754	0.01169	0.01754	0.00994	0.01169	0.00702	0.00526	0.00526	0.00175	0.00818	0.00409	0.00234	0.00818
28	0.01032	0.00516	0.00516	0.00516	0.00645	0.00516	0.00387	0.01290	0.01161	0.02065	0.01807	0.02065	0.01420	0.00645	0.00387	0.00129	0.00258	0.00516	0.83611	0.00516
29	0.01212	0.01212	0.01696	0.01454	0.01454	0.01696	0.01212	0.01333	0.00848	0.01333	0.00727	0.01212	0.00727	0.00969	0.01818	0.00242	0.79523	0.00485	0.00242	0.00606
30	0.01173	0.01158	0.01688	0.19647	0.02006	0.01587	0.01288	0.01352	0.00909	0.01352	0.00787	0.01274	0.00730	0.00872	0.01522	0.00229	0.61088	0.00486	0.00243	0.00608
31	0.53056	0.01022	0.00994	0.00827	0.01202	0.01078	0.00682	0.02038	0.01189	0.31203	0.01313	0.01277	0.00895	0.00580	0.00425	0.00171	0.00445	0.00398	0.00474	0.00731
32	0.01155	0.00973	0.01142	0.11627	0.01569	0.01089	0.00850	0.04588	0.39310	0.02140	0.19850	0.02731	0.08913	0.00868	0.00591	0.00183	0.00430	0.00739	0.00526	0.00724
33	0.66023	0.01125	0.01132	0.01321	0.17929	0.01259	0.00844	0.01644	0.01013	0.02335	0.00831	0.01004	0.00661	0.00510	0.00388	0.00170	0.00479	0.00343	0.00328	0.00661
34	0.06641	0.15031	0.04569	0.05149	0.07746	0.11382	0.18467	0.03150	0.01189	0.01603	0.00902	0.01201	0.00757	0.00613	0.00817	0.00179	0.19176	0.00463	0.00271	0.00695
35	0.01212	0.01212	0.01696	0.01454	0.01454	0.01696	0.01212	0.01333	0.00848	0.01333	0.00727	0.01212	0.00727	0.00969	0.01818	0.00242	0.79523	0.00485	0.00242	0.00606
36	0.01110	0.00941	0.01106	0.00807	0.01262	0.00716	0.00642	0.01358	0.01192	0.01848	0.08887	0.01460	0.01280	0.00485	0.00435	0.00092	0.00395	0.00398	0.00357	0.75227
37	0.00841	0.00605	0.00845	0.00905	0.01001	0.00641	0.00729	0.01034	0.01057	0.01426	0.02207	0.04323	0.02333	0.15273	0.29673	0.00535	0.00873	0.34819	0.00403	0.00476
38	0.01207	0.01198	0.01728	0.08531	0.06420	0.01631	0.01272	0.01363	0.00897	0.01370	0.00770	0.01245	0.00737	0.00902	0.01625	0.00232	0.67518	0.00486	0.00245	0.00624
39	0.06827	0.01923	0.35786	0.01404	0.01999	0.01219	0.09110	0.03826	0.12400	0.17888	0.01439	0.01473	0.01003	0.00589	0.00540	0.00177	0.00671	0.00493	0.00397	0.00835
40	0.00743	0.00545	0.00598	0.00608	0.00684	0.00508	0.00393	0.00808	0.01005	0.01268	0.03307	0.08768	0.30322	0.44109	0.01828	0.00380	0.00427	0.02884	0.00418	0.00396
41	0.00855	0.00611	0.00850	0.00977	0.01088	0.00605	0.00827	0.01083	0.01238	0.01616	0.02953	0.18949	0.03269	0.01565	0.00755	0.00250	0.00478	0.61021	0.00511	0.00500
42	0.01368	0.01369	0.06890	0.25923	0.26389	0.01380	0.09192	0.14244	0.01428	0.01953	0.01067	0.01390	0.00825	0.00558	0.00608	0.00177	0.03642	0.00505	0.00311	0.00781
43	0.04873	0.01264	0.19024	0.01153	0.01480	0.00890	0.08101	0.05577	0.03801	0.03539	0.04231	0.39187	0.02322	0.01136	0.00624	0.00200	0.00524	0.01019	0.00429	0.00628
44	0.00756	0.00545	0.00613	0.00616	0.00681	0.00518	0.00392	0.00825	0.00999	0.01294	0.08282	0.07383	0.22758	0.47199	0.04504	0.00413	0.00469	0.00945	0.00411	0.00395
45	0.01065	0.03512	0.03436	0.01170	0.01444	0.00915	0.15708	0.08945	0.03319	0.01881	0.13129	0.26768	0.04138	0.02809	0.00682	0.00196	0.00508	0.04073	0.00454	0.05849
46	0.06751	0.00968	0.03542	0.05985	0.01374	0.05335	0.03356	0.03148	0.04605	0.12953	0.03027	0.09494	0.03616	0.02885	0.10415	0.00279	0.02596	0.07411	0.11632	0.00630
47	0.02929	0.03664	0.01433	0.01360	0.13340	0.00901	0.06526	0.01826	0.03155	0.26892	0.25735	0.02481	0.02470	0.02105	0.00617	0.00176	0.00468	0.00688	0.02484	0.00747

[dist]
# distance from previous block
# <min> <max>
0	5

[block]
# block no. 3 follows, 43 sequences, length 18
# corresponding to MSA columns:
# 553-570
name=unknown_D
#
# <colnr> <probs for GDERKNQSTAVLIFYWHMCP>
#	G	D	E	R	K	N	Q	S	T	A	V	L	I	F	Y	W	H	M	C	P
0	0.03838	0.01455	0.03525	0.01472	0.10334	0.15461	0.06595	0.16595	0.09717	0.03565	0.02842	0.03629	0.02697	0.10337	0.00838	0.00218	0.00658	0.05094	0.00411	0.00719
1	0.01325	0.13996	0.10533	0.03116	0.19845	0.01250	0.09405	0.03875	0.01268	0.06408	0.05187	0.01758	0.01244	0.05435	0.00659	0.00180	0.00614	0.02538	0.04927	0.06440
2	0.04087	0.01069	0.01409	0.21226	0.06716	0.10094	0.07486	0.01320	0.01156	0.01503	0.01764	0.30393	0.01873	0.01019	0.00674	0.00197	0.04685	0.02384	0.00363	0.00582
3	0.01068	0.00903	0.01058	0.00794	0.01218	0.00692	0.00625	0.01300	0.01176	0.01788	0.05998	0.06142	0.06039	0.00593	0.00457	0.00102	0.00388	0.00494	0.00368	0.68798
4	0.01046	0.00984	0.01661	0.79205	0.03814	0.01230	0.01538	0.01415	0.01107	0.01415	0.00984	0.01477	0.00738	0.00554	0.00554	0.00185	0.00738	0.00492	0.00246	0.00615
5	0.00750	0.00565	0.00693	0.00661	0.00806	0.00508	0.00496	0.00979	0.01487	0.02028	0.57891	0.04454	0.24244	0.01204	0.00654	0.00178	0.00266	0.01046	0.00584	0.00508
6	0.00704	0.00547	0.00641	0.00651	0.00787	0.00483	0.00475	0.00878	0.01329	0.01734	0.30094	0.20088	0.36854	0.01375	0.00665	0.00190	0.00282	0.01192	0.00548	0.00483
7	0.80073	0.01042	0.00798	0.00717	0.01049	0.01204	0.00589	0.01610	0.00954	0.02463	0.00825	0.00961	0.00643	0.00521	0.00345	0.00169	0.00419	0.00311	0.04710	0.00595
8	0.00675	0.00482	0.00643	0.00771	0.00803	0.00450	0.00514	0.00771	0.01060	0.01414	0.03053	0.80175	0.03663	0.01735	0.00707	0.00225	0.00321	0.01574	0.00514	0.00450
9	0.01784	0.01392	0.01481	0.01209	0.01595	0.01567	0.00975	0.43292	0.35070	0.02972	0.01738	0.01655	0.01273	0.00703	0.00558	0.00176	0.00534	0.00555	0.00558	0.00913
10	0.84448	0.01071	0.00814	0.00728	0.01071	0.01242	0.00600	0.01628	0.00943	0.02485	0.00771	0.00900	0.00600	0.00514	0.00343	0.00171	0.00428	0.00300	0.00343	0.00600
11	0.00981	0.00762	0.00925	0.00903	0.01085	0.00795	0.00719	0.01611	0.22679	0.02102	0.36450	0.04095	0.03692	0.01127	0.00657	0.00199	0.00376	0.19651	0.00571	0.00620
12	0.00674	0.00485	0.00639	0.00762	0.00801	0.00451	0.00510	0.00772	0.01069	0.01417	0.03159	0.77048	0.06721	0.01721	0.00705	0.00223	0.00320	0.01558	0.00514	0.00451
13	0.00662	0.00530	0.00593	0.00644	0.00770	0.00461	0.00457	0.00786	0.01183	0.01464	0.04606	0.34734	0.48102	0.01533	0.00675	0.00202	0.00297	0.01328	0.00514	0.00461
14	0.16222	0.00998	0.01438	0.01949	0.35657	0.01045	0.01064	0.01392	0.01052	0.01699	0.01205	0.01869	0.01137	0.17202	0.13492	0.00358	0.00725	0.00537	0.00303	0.00656
15	0.39244	0.01176	0.01338	0.05917	0.24579	0.05857	0.01009	0.01603	0.01163	0.02118	0.10034	0.01472	0.01257	0.00588	0.00464	0.00169	0.00531	0.00458	0.00345	0.00679
16	0.01661	0.12079	0.25455	0.01463	0.01951	0.41236	0.05185	0.01980	0.01378	0.01495	0.00902	0.01064	0.00716	0.00540	0.00498	0.00152	0.00890	0.00381	0.00263	0.00711
17	0.01162	0.01747	0.25360	0.01504	0.12192	0.14949	0.01261	0.01474	0.01226	0.01571	0.01854	0.25922	0.05586	0.00950	0.00587	0.00184	0.00646	0.00813	0.00350	0.00662

[dist]
# distance from previous block
# <min> <max>
0	3

[block]
# block no. 4 follows, 43 sequences, length 24
# corresponding to MSA columns:
# 574-597
name=unknown_E
#
# <colnr> <probs for GDERKNQSTAVLIFYWHMCP>
#	G	D	E	R	K	N	Q	S	T	A	V	L	I	F	Y	W	H	M	C	P
0	0.01046	0.00745	0.00909	0.00891	0.05722	0.00662	0.00606	0.02803	0.02667	0.08794	0.07422	0.11090	0.23062	0.14523	0.00962	0.00227	0.00403	0.00856	0.00458	0.16153
1	0.09871	0.01377	0.06682	0.02177	0.33715	0.04528	0.06971	0.06040	0.04301	0.05091	0.03608	0.03087	0.01094	0.00746	0.03691	0.00203	0.05172	0.00525	0.00340	0.00781
2	0.01478	0.03708	0.05197	0.01670	0.02078	0.15901	0.30822	0.11395	0.05745	0.01887	0.01391	0.09395	0.01225	0.00703	0.00628	0.00181	0.02522	0.02991	0.00360	0.00721
3	0.00764	0.00563	0.00714	0.00681	0.00816	0.00513	0.00509	0.01004	0.01513	0.02102	0.65281	0.06563	0.14546	0.01186	0.00655	0.00177	0.00266	0.01041	0.00594	0.00513
4	0.04079	0.01178	0.06666	0.01277	0.06173	0.01012	0.08527	0.07147	0.01416	0.24322	0.06108	0.01855	0.05834	0.00666	0.00613	0.00160	0.05036	0.00556	0.00459	0.16916
5	0.05554	0.10536	0.18007	0.04753	0.25944	0.07091	0.06622	0.01810	0.02818	0.06489	0.01067	0.01274	0.00832	0.00531	0.00541	0.00163	0.02430	0.00448	0.00298	0.02791
6	0.01306	0.05342	0.40911	0.06256	0.22777	0.01269	0.01738	0.01781	0.01228	0.08268	0.01156	0.01438	0.00882	0.00559	0.00536	0.00172	0.00722	0.02546	0.00293	0.00821
7	0.00696	0.00497	0.00667	0.00795	0.00837	0.00468	0.00551	0.00808	0.01081	0.01437	0.03041	0.73033	0.03617	0.01715	0.00713	0.00228	0.00340	0.08509	0.00514	0.00456
8	0.01331	0.01941	0.25619	0.10427	0.27081	0.13633	0.03934	0.01734	0.01284	0.01699	0.05314	0.01421	0.01028	0.00558	0.00543	0.00168	0.00758	0.00479	0.00280	0.00769
9	0.01221	0.11503	0.21997	0.29418	0.11011	0.06988	0.01520	0.01640	0.03155	0.01558	0.01183	0.01451	0.03921	0.00571	0.00522	0.00169	0.00725	0.00468	0.00267	0.00713
10	0.00675	0.00482	0.00643	0.00771	0.00803	0.00450	0.00514	0.00771	0.01060	0.01414	0.03053	0.80175	0.03663	0.01735	0.00707	0.00225	0.00321	0.01574	0.00514	0.00450
11	0.01111	0.02865	0.77667	0.01579	0.02397	0.01286	0.02046	0.01754	0.01169	0.01754	0.00994	0.01169	0.00702	0.00526	0.00526	0.00175	0.00818	0.00409	0.00234	0.00818
12	0.01893	0.01592	0.01398	0.01190	0.01537	0.22885	0.00934	0.16111	0.24186	0.16740	0.01805	0.01720	0.04111	0.00697	0.00546	0.00168	0.00628	0.00534	0.00505	0.00820
13	0.01378	0.01190	0.01252	0.01127	0.01440	0.01378	0.00877	0.02943	0.76081	0.02317	0.02254	0.02066	0.01691	0.00751	0.00564	0.00188	0.00438	0.00626	0.00564	0.00877
14	0.00808	0.00560	0.00706	0.00715	0.00753	0.00588	0.00477	0.00882	0.00863	0.01176	0.01756	0.03401	0.01919	0.53122	0.24157	0.00617	0.00804	0.05964	0.00337	0.00393
15	0.01294	0.03072	0.01622	0.44624	0.02809	0.10909	0.04193	0.09706	0.01343	0.01684	0.01264	0.03066	0.03352	0.00648	0.00586	0.00177	0.02982	0.02041	0.03982	0.00648
16	0.47601	0.01141	0.01104	0.00904	0.01288	0.01240	0.00746	0.17303	0.01444	0.20624	0.01226	0.01225	0.00856	0.00587	0.00438	0.00170	0.00477	0.00403	0.00469	0.00753
17	0.01611	0.01776	0.01464	0.04918	0.09379	0.35393	0.01042	0.02240	0.24830	0.01789	0.08654	0.01695	0.01473	0.00673	0.00542	0.00164	0.00706	0.00523	0.00401	0.00727
18	0.00655	0.00561	0.00561	0.00561	0.00748	0.00468	0.00421	0.00795	0.01262	0.01496	0.05610	0.05330	0.76857	0.01403	0.00655	0.00187	0.00281	0.01169	0.00514	0.00468
19	0.01220	0.00665	0.00796	0.00704	0.00937	0.00581	0.00544	0.01403	0.01382	0.22958	0.17197	0.03885	0.35031	0.04622	0.00708	0.00193	0.00341	0.00913	0.05311	0.00608
20	0.01419	0.01180	0.01254	0.01122	0.01439	0.01356	0.00874	0.02934	0.73275	0.05147	0.02252	0.02059	0.01679	0.00749	0.00563	0.00187	0.00440	0.00624	0.00568	0.00879
21	0.00761	0.00565	0.00708	0.00673	0.00813	0.00513	0.00504	0.01001	0.01513	0.02092	0.64116	0.04349	0.17980	0.01180	0.00653	0.00176	0.00265	0.01031	0.00593	0.00513
22	0.10929	0.01531	0.01532	0.06825	0.01776	0.14724	0.03217	0.33502	0.01908	0.16730	0.01317	0.01346	0.00929	0.00622	0.00525	0.00166	0.00650	0.00468	0.00479	0.00824
23	0.01814	0.37442	0.02190	0.01174	0.01583	0.25114	0.01011	0.20145	0.01628	0.01864	0.00935	0.01032	0.00769	0.00551	0.00448	0.00138	0.00720	0.00365	0.00331	0.00747

[dist]
# distance from previous block
# <min> <max>
0	4

[block]
# block no. 5 follows, 43 sequences, length 19
# corresponding to MSA columns:
# 602-620
name=unknown_F
#
# <colnr> <probs for GDERKNQSTAVLIFYWHMCP>
#	G	D	E	R	K	N	Q	S	T	A	V	L	I	F	Y	W	H	M	C	P
0	0.01425	0.01877	0.26056	0.01869	0.16417	0.06622	0.10575	0.04010	0.16516	0.07087	0.01356	0.01472	0.01006	0.00576	0.00555	0.00174	0.00708	0.00508	0.00357	0.00832
1	0.01867	0.02321	0.07456	0.01399	0.01720	0.52897	0.01136	0.08208	0.08747	0.01653	0.01031	0.01158	0.00826	0.00622	0.00610	0.00159	0.06752	0.00408	0.00327	0.00700
2	0.00789	0.00572	0.00748	0.00720	0.00852	0.00531	0.00550	0.01047	0.01535	0.02154	0.68721	0.04344	0.07042	0.01173	0.00662	0.00181	0.00282	0.06978	0.00599	0.00520
3	0.01057	0.00632	0.00824	0.02857	0.01065	0.00612	0.00709	0.01289	0.01277	0.10090	0.06906	0.11471	0.07976	0.01220	0.00640	0.00206	0.00413	0.32828	0.17374	0.00554
4	0.01183	0.00919	0.01070	0.04123	0.04095	0.03102	0.00762	0.22410	0.01591	0.02113	0.10711	0.34601	0.06487	0.03318	0.00692	0.00202	0.00450	0.01040	0.00505	0.00626
5	0.00869	0.00660	0.00882	0.00846	0.00892	0.00773	0.00616	0.00980	0.00862	0.01241	0.01487	0.02600	0.01536	0.33685	0.33946	0.00623	0.12667	0.00658	0.03728	0.00449
6	0.02123	0.01523	0.01645	0.01261	0.01703	0.01676	0.01042	0.71877	0.02557	0.06915	0.01369	0.01355	0.00962	0.00666	0.00554	0.00166	0.00603	0.00501	0.00560	0.00942
7	0.01378	0.01190	0.01252	0.01127	0.01440	0.01378	0.00877	0.02943	0.76081	0.02317	0.02254	0.02066	0.01691	0.00751	0.00564	0.00188	0.00438	0.00626	0.00564	0.00877
8	0.01601	0.07904	0.02083	0.02584	0.47309	0.25806	0.01442	0.01859	0.01348	0.01626	0.00962	0.01215	0.00812	0.00516	0.00518	0.00154	0.00761	0.00435	0.00275	0.00790
9	0.01454	0.00975	0.01180	0.00858	0.01336	0.00756	0.00692	0.01693	0.01248	0.19107	0.01259	0.01317	0.00946	0.00473	0.00444	0.00102	0.00424	0.00380	0.00410	0.64946
10	0.01440	0.01524	0.04262	0.10720	0.29301	0.15729	0.06482	0.06900	0.06647	0.01788	0.01452	0.01699	0.06303	0.02630	0.00613	0.00177	0.00707	0.00542	0.00331	0.00755
11	0.01138	0.02702	0.69744	0.01770	0.10243	0.01289	0.02010	0.01748	0.01179	0.01760	0.00999	0.01190	0.00720	0.00523	0.00529	0.00174	0.00802	0.00418	0.00238	0.00825
12	0.07821	0.00970	0.05088	0.07713	0.06660	0.00950	0.00861	0.11073	0.05346	0.01992	0.14519	0.09405	0.06278	0.06954	0.09127	0.00281	0.00586	0.00736	0.03013	0.00625
13	0.00830	0.00562	0.00737	0.00798	0.00898	0.00535	0.00593	0.00981	0.01154	0.05546	0.07642	0.38281	0.12321	0.05577	0.08004	0.00296	0.00472	0.13781	0.00500	0.00492
14	0.00799	0.00580	0.00691	0.00701	0.00831	0.00541	0.00515	0.04089	0.01348	0.01834	0.26559	0.26227	0.22124	0.01323	0.00645	0.00190	0.00304	0.02789	0.07404	0.00505
15	0.01287	0.01013	0.01277	0.03248	0.05306	0.01021	0.04317	0.12659	0.17004	0.05426	0.08133	0.11219	0.04981	0.04242	0.00669	0.00185	0.00475	0.02688	0.00477	0.14372
16	0.00795	0.00578	0.00814	0.00814	0.00887	0.00651	0.00598	0.00940	0.00868	0.01229	0.01553	0.02561	0.01552	0.24443	0.58281	0.00796	0.01232	0.00650	0.00307	0.00452
17	0.05430	0.02529	0.01466	0.03475	0.06052	0.11773	0.00964	0.18388	0.08525	0.05346	0.01200	0.01365	0.00950	0.02703	0.00684	0.00163	0.08275	0.00449	0.00396	0.19868
18	0.01590	0.04370	0.01613	0.05685	0.15408	0.15527	0.01117	0.20128	0.04463	0.04260	0.05445	0.05814	0.01401	0.00821	0.02249	0.00189	0.04318	0.04442	0.00408	0.00751

[dist]
# distance from previous block
# <min> <max>
4	6

[block]
# block no. 6 follows, 43 sequences, length 29
# corresponding to MSA columns:
# 627-655
name=unknown_G
#
# <colnr> <probs for GDERKNQSTAVLIFYWHMCP>
#	G	D	E	R	K	N	Q	S	T	A	V	L	I	F	Y	W	H	M	C	P
0	0.05649	0.05619	0.12477	0.08435	0.08292	0.01165	0.04747	0.08250	0.03109	0.03944	0.01161	0.04020	0.00960	0.00572	0.00527	0.00147	0.02461	0.01502	0.00339	0.26623
1	0.00962	0.00678	0.00904	0.00982	0.07857	0.00638	0.00655	0.01243	0.04920	0.07817	0.38393	0.17156	0.13309	0.01162	0.00642	0.00184	0.00335	0.01025	0.00554	0.00584
2	0.06247	0.01030	0.12011	0.00889	0.01161	0.02034	0.00803	0.02286	0.06565	0.04087	0.28705	0.10824	0.14916	0.01074	0.00614	0.00186	0.00411	0.05059	0.00501	0.00598
3	0.10238	0.07438	0.15122	0.05721	0.05258	0.04651	0.06701	0.06643	0.04583	0.10220	0.11294	0.01766	0.02898	0.00673	0.00592	0.00173	0.04360	0.00542	0.00394	0.00733
4	0.01492	0.10463	0.14509	0.01607	0.14993	0.11418	0.01256	0.14672	0.03350	0.03936	0.01540	0.03684	0.06364	0.00714	0.00594	0.00170	0.04021	0.04088	0.00365	0.00763
5	0.00720	0.00562	0.00634	0.00640	0.00798	0.00495	0.00487	0.00900	0.01322	0.01701	0.22405	0.09339	0.46652	0.01338	0.00656	0.00189	0.00295	0.06768	0.03614	0.00485
6	0.01154	0.03102	0.02913	0.13970	0.12544	0.03896	0.08823	0.03173	0.01227	0.04408	0.03786	0.12735	0.07200	0.00968	0.00756	0.03377	0.05837	0.09127	0.00373	0.00631
7	0.07508	0.06902	0.01794	0.08489	0.06622	0.06302	0.10087	0.22370	0.04599	0.09896	0.01261	0.01391	0.00937	0.00667	0.02452	0.00180	0.00658	0.00483	0.01770	0.05633
8	0.01122	0.04963	0.03390	0.12937	0.06621	0.04244	0.10733	0.06478	0.01297	0.01692	0.02119	0.13140	0.09637	0.01046	0.02569	0.00211	0.02288	0.12304	0.02588	0.00622
9	0.00731	0.00563	0.00625	0.00633	0.00796	0.00487	0.00471	0.00887	0.01284	0.03672	0.14523	0.15398	0.53134	0.01396	0.00662	0.00192	0.00295	0.03233	0.00531	0.00487
10	0.02703	0.09873	0.26094	0.03236	0.05637	0.06980	0.11801	0.03162	0.03911	0.07111	0.01360	0.08065	0.01176	0.04142	0.00648	0.00190	0.00706	0.02138	0.00333	0.00734
11	0.01529	0.10885	0.16840	0.04598	0.19200	0.07527	0.03183	0.04282	0.04318	0.12741	0.01247	0.01398	0.00943	0.00646	0.02195	0.00179	0.02767	0.00464	0.04265	0.00794
12	0.00881	0.00589	0.00715	0.00792	0.05720	0.00594	0.00456	0.00958	0.00901	0.01303	0.01693	0.03125	0.01800	0.57186	0.06677	0.00464	0.00553	0.00723	0.14458	0.00412
13	0.05135	0.00891	0.01241	0.01201	0.07409	0.03467	0.09423	0.04756	0.01190	0.03904	0.06708	0.15329	0.09347	0.14082	0.11164	0.00336	0.02609	0.00839	0.00400	0.00570
14	0.04721	0.01471	0.11831	0.04655	0.14039	0.08602	0.07423	0.04656	0.08930	0.13991	0.07537	0.03813	0.01455	0.00752	0.02302	0.00190	0.00652	0.01792	0.00415	0.00773
15	0.01269	0.00969	0.01468	0.03437	0.09343	0.00984	0.11880	0.06773	0.11791	0.08838	0.08362	0.09835	0.04056	0.03838	0.05970	0.06855	0.00598	0.00730	0.02329	0.00674
16	0.00686	0.00516	0.00636	0.00704	0.00792	0.00466	0.00491	0.00819	0.01191	0.01558	0.14933	0.48851	0.23234	0.01556	0.00685	0.00207	0.00301	0.01380	0.00529	0.00466
17	0.03700	0.39001	0.18952	0.01458	0.12788	0.01635	0.02794	0.01649	0.01163	0.03987	0.01096	0.07450	0.00992	0.00598	0.00462	0.00151	0.00628	0.00469	0.00282	0.00743
18	0.01305	0.10420	0.03468	0.06120	0.06519	0.13765	0.05577	0.05567	0.03025	0.04448	0.05396	0.22182	0.01908	0.00993	0.01691	0.00192	0.02187	0.04199	0.00396	0.00643
19	0.00802	0.00597	0.00816	0.00807	0.00923	0.00567	0.03702	0.00955	0.01188	0.01579	0.19112	0.14945	0.16079	0.12504	0.04927	0.05634	0.00457	0.13469	0.00471	0.00465
20	0.01358	0.30121	0.07231	0.05247	0.10193	0.05841	0.01173	0.04112	0.04064	0.01517	0.00962	0.01233	0.00839	0.00924	0.07524	0.00228	0.16035	0.00421	0.00274	0.00704
21	0.00686	0.00536	0.00612	0.00665	0.00781	0.00476	0.00475	0.00808	0.01162	0.01448	0.04298	0.31592	0.41846	0.06790	0.00823	0.00228	0.00325	0.05492	0.00502	0.00455
22	0.43439	0.08834	0.06236	0.00836	0.01273	0.01170	0.00748	0.01562	0.01043	0.02098	0.00856	0.00999	0.00690	0.00477	0.00378	0.00137	0.00464	0.00316	0.00320	0.28122
