[name]
unknown

[dist]
# distance from previous block
# <min> <max>
46	247

[block]
# block no. 0 follows, 50 sequences, length 80
# corresponding to MSA columns:
# 310-389
name=unknown_A
#
# <colnr> <probs for GDERKNQSTAVLIFYWHMCP>
#	G	D	E	R	K	N	Q	S	T	A	V	L	I	F	Y	W	H	M	C	P
0	0.03671	0.16595	0.07055	0.11938	0.02978	0.04336	0.06478	0.04122	0.10345	0.07964	0.05367	0.01702	0.08617	0.00618	0.00509	0.00149	0.03138	0.00501	0.00343	0.03572
1	0.05687	0.08044	0.13667	0.02749	0.07194	0.02219	0.00950	0.17431	0.06578	0.06743	0.04398	0.04485	0.09333	0.04751	0.00584	0.00167	0.00500	0.00541	0.00380	0.03600
2	0.02806	0.04342	0.10448	0.02596	0.09584	0.06297	0.04850	0.02921	0.12410	0.12205	0.03824	0.11625	0.03195	0.06244	0.00679	0.00183	0.02928	0.00614	0.00379	0.01873
3	0.01371	0.05269	0.19014	0.01163	0.06113	0.03873	0.01035	0.16192	0.08808	0.12640	0.04437	0.09604	0.01305	0.00666	0.00492	0.00153	0.00518	0.00547	0.03349	0.03451
4	0.01297	0.02816	0.12137	0.03579	0.01508	0.07060	0.06104	0.20340	0.09380	0.04646	0.15294	0.01853	0.04292	0.02160	0.00545	0.00156	0.00526	0.00546	0.00408	0.05353
5	0.01311	0.22832	0.06511	0.03422	0.04072	0.04052	0.04130	0.04582	0.10723	0.12245	0.07990	0.08085	0.01420	0.00639	0.00464	0.00142	0.00491	0.00526	0.00374	0.05989
6	0.03958	0.19439	0.03960	0.01176	0.04219	0.07945	0.13957	0.06230	0.02509	0.10412	0.03688	0.10527	0.03927	0.00753	0.03061	0.00169	0.00582	0.00564	0.00346	0.02579
7	0.07874	0.06481	0.10210	0.24964	0.03172	0.06406	0.02981	0.06518	0.08305	0.05174	0.01127	0.03662	0.00909	0.02106	0.00505	0.00158	0.00578	0.01725	0.00310	0.06832
8	0.02653	0.04359	0.17113	0.04377	0.03827	0.00961	0.08833	0.04948	0.02351	0.05067	0.01119	0.01627	0.00988	0.18843	0.00963	0.00215	0.03374	0.00471	0.00293	0.17617
9	0.01356	0.01221	0.01575	0.08851	0.16391	0.07873	0.07696	0.21833	0.01418	0.01912	0.01000	0.01221	0.00794	0.00702	0.05111	0.01748	0.02365	0.00425	0.00322	0.16185
10	0.00700	0.00479	0.00566	0.00583	0.00603	0.00472	0.00354	0.00740	0.00824	0.01106	0.07359	0.16904	0.03718	0.58632	0.04546	0.00416	0.00455	0.00857	0.00349	0.00339
11	0.01220	0.00967	0.01108	0.03405	0.03982	0.01068	0.00791	0.12182	0.41116	0.04732	0.14523	0.02354	0.03756	0.00767	0.00532	0.00167	0.00406	0.05716	0.00495	0.00709
12	0.00651	0.00492	0.00601	0.00606	0.00719	0.00442	0.00442	0.00823	0.01234	0.01654	0.41287	0.20817	0.26005	0.01206	0.00599	0.00170	0.00252	0.01055	0.00505	0.00442
13	0.01332	0.01307	0.01755	0.24624	0.09911	0.11747	0.13248	0.15748	0.04012	0.01722	0.00969	0.01235	0.00751	0.00545	0.00621	0.00162	0.08898	0.00455	0.00295	0.00661
14	0.00621	0.00455	0.00578	0.00654	0.00713	0.00418	0.00447	0.00729	0.01029	0.01364	0.12686	0.58891	0.13819	0.04263	0.00690	0.00202	0.00284	0.01278	0.00468	0.00412
15	0.01219	0.01553	0.18710	0.11378	0.05105	0.03800	0.26998	0.11691	0.01238	0.01699	0.00939	0.01210	0.00715	0.00526	0.00665	0.00168	0.10964	0.00472	0.00268	0.00680
16	0.00636	0.00475	0.00541	0.00578	0.00650	0.00435	0.00383	0.00711	0.00952	0.01207	0.03243	0.29378	0.31016	0.26124	0.01198	0.00275	0.00335	0.01070	0.00414	0.00379
17	0.01451	0.64773	0.02343	0.00949	0.01338	0.19557	0.00878	0.01604	0.01102	0.01183	0.00710	0.00822	0.00640	0.00446	0.00349	0.00111	0.00615	0.00279	0.00223	0.00626
18	0.07567	0.00604	0.00748	0.00730	0.00895	0.00550	0.00531	0.01123	0.01037	0.14794	0.02214	0.51633	0.02400	0.01161	0.00553	0.00174	0.00330	0.01027	0.00455	0.11474
19	0.01161	0.00593	0.00731	0.00670	0.00819	0.00551	0.00490	0.01276	0.01044	0.23299	0.02172	0.06007	0.09264	0.32428	0.01304	0.00288	0.00409	0.07943	0.09051	0.00503
20	0.01706	0.01252	0.01352	0.01085	0.01445	0.01389	0.00881	0.47972	0.27059	0.08195	0.01522	0.01448	0.01094	0.00625	0.00502	0.00156	0.00490	0.00490	0.00510	0.00829
21	0.00798	0.00474	0.00648	0.00635	0.00691	0.00457	0.00445	0.00778	0.02330	0.01268	0.24222	0.02500	0.09931	0.01456	0.01386	0.50323	0.00356	0.00635	0.00344	0.00322
22	0.22618	0.00809	0.00848	0.00770	0.01002	0.00862	0.00594	0.02825	0.19813	0.12770	0.09639	0.13171	0.06114	0.05292	0.00598	0.00184	0.00365	0.00667	0.00456	0.00603
23	0.00607	0.00434	0.00578	0.00694	0.00723	0.00405	0.00463	0.00694	0.00954	0.01272	0.02747	0.82157	0.03297	0.01562	0.00636	0.00202	0.00289	0.01417	0.00463	0.00405
24	0.00725	0.00483	0.00544	0.00544	0.00544	0.00483	0.00302	0.00725	0.00725	0.00966	0.01571	0.03262	0.01812	0.82483	0.02537	0.00483	0.00483	0.00725	0.00302	0.00302
25	0.00804	0.00533	0.00666	0.00692	0.00799	0.00501	0.00492	0.01010	0.06079	0.08190	0.14384	0.45834	0.12949	0.03811	0.00662	0.00194	0.00301	0.01137	0.00487	0.00477
26	0.00691	0.00485	0.00624	0.00695	0.00763	0.00458	0.00480	0.00856	0.04338	0.03614	0.11539	0.63173	0.07569	0.01418	0.00619	0.00193	0.00289	0.01275	0.00479	0.00442
27	0.05348	0.01001	0.01232	0.00948	0.01334	0.00967	0.00783	0.22717	0.01652	0.56081	0.01710	0.01528	0.01103	0.00606	0.00493	0.00153	0.00456	0.00478	0.00573	0.00836
28	0.00759	0.00496	0.00568	0.00566	0.00602	0.00480	0.00342	0.00790	0.00822	0.04033	0.03515	0.09590	0.09412	0.63590	0.02084	0.00412	0.00439	0.00806	0.00347	0.00346
29	0.17909	0.00581	0.00620	0.00620	0.00758	0.00588	0.00457	0.01053	0.01060	0.04427	0.17637	0.24732	0.05987	0.04058	0.00569	0.00174	0.00297	0.00819	0.17185	0.00469
30	0.01240	0.01071	0.01127	0.01014	0.01296	0.01240	0.00789	0.02649	0.78473	0.02085	0.02029	0.01860	0.01522	0.00676	0.00507	0.00169	0.00394	0.00564	0.00507	0.00789
31	0.00941	0.00886	0.01495	0.81285	0.03433	0.01107	0.01384	0.01274	0.00997	0.01274	0.00886	0.01329	0.00664	0.00498	0.00498	0.00166	0.00664	0.00443	0.00221	0.00554
32	0.00725	0.00483	0.00544	0.00544	0.00544	0.00483	0.00302	0.00725	0.00725	0.00966	0.01571	0.03262	0.01812	0.82483	0.02537	0.00483	0.00483	0.00725	0.00302	0.00302
33	0.00714	0.00528	0.00769	0.00769	0.00847	0.00606	0.00583	0.00869	0.00792	0.01133	0.01365	0.02121	0.01317	0.13595	0.70747	0.00761	0.01228	0.00558	0.00271	0.00427
34	0.01083	0.01030	0.01750	0.43485	0.40129	0.01145	0.01455	0.01397	0.01063	0.01445	0.00911	0.01283	0.00725	0.00472	0.00496	0.00157	0.00630	0.00444	0.00234	0.00668
35	0.00603	0.00450	0.00562	0.00652	0.00712	0.00408	0.00444	0.00699	0.00995	0.01289	0.03263	0.64830	0.20291	0.01495	0.00626	0.00195	0.00281	0.01335	0.00463	0.00408
36	0.05062	0.01129	0.01221	0.00990	0.01339	0.06441	0.00799	0.19753	0.19574	0.34405	0.02964	0.01566	0.01203	0.00620	0.00493	0.00155	0.00473	0.00489	0.00527	0.00798
37	0.01036	0.01140	0.11453	0.01082	0.01308	0.01135	0.00962	0.01690	0.28669	0.01589	0.01649	0.01988	0.05683	0.01166	0.10845	0.00264	0.21722	0.05631	0.00357	0.00632
38	0.01034	0.00886	0.01034	0.00738	0.01181	0.00664	0.00591	0.01255	0.01034	0.01624	0.00886	0.01034	0.00738	0.00369	0.00369	0.00074	0.00369	0.00295	0.00295	0.85530
39	0.04380	0.01052	0.01364	0.42564	0.05164	0.08320	0.01100	0.02857	0.01080	0.05314	0.00921	0.01211	0.00709	0.00491	0.00502	0.00143	0.03663	0.00397	0.00269	0.18500
40	0.25189	0.06923	0.01346	0.01088	0.01272	0.22609	0.00885	0.01506	0.00978	0.01495	0.00699	0.00941	0.00618	0.00631	0.00856	0.00169	0.31637	0.00347	0.00254	0.00559
41	0.00677	0.00508	0.00626	0.00597	0.00727	0.00458	0.00448	0.00885	0.01343	0.01837	0.60694	0.03990	0.23221	0.01080	0.00588	0.00160	0.00239	0.00939	0.00527	0.00458
42	0.00705	0.00510	0.00666	0.00627	0.00745	0.00470	0.00470	0.00941	0.01411	0.01999	0.79110	0.03723	0.04703	0.01019	0.00588	0.00157	0.00235	0.00901	0.00549	0.00470
43	0.00725	0.00483	0.00544	0.00544	0.00544	0.00483	0.00302	0.00725	0.00725	0.00966	0.01571	0.03262	0.01812	0.82483	0.02537	0.00483	0.00483	0.00725	0.00302	0.00302
44	0.01333	0.82783	0.02612	0.00853	0.01279	0.01972	0.00853	0.01493	0.01013	0.01173	0.00693	0.00800	0.00640	0.00426	0.00320	0.00107	0.00533	0.00267	0.00213	0.00640
45	0.01000	0.02578	0.79900	0.01421	0.02157	0.01158	0.01842	0.01579	0.01052	0.01579	0.00895	0.01052	0.00631	0.00474	0.00474	0.00158	0.00737	0.00368	0.00210	0.00737
46	0.00600	0.00461	0.00550	0.00622	0.00704	0.00411	0.00431	0.00702	0.01024	0.01301	0.03628	0.52552	0.32333	0.01447	0.00618	0.00189	0.00275	0.01277	0.00463	0.00411
47	0.01091	0.01091	0.01527	0.01309	0.01309	0.01527	0.01091	0.01200	0.00763	0.01200	0.00654	0.01091	0.00654	0.00872	0.01636	0.00218	0.81570	0.00436	0.00218	0.00545
48	0.00715	0.00522	0.00739	0.00739	0.00807	0.00589	0.00546	0.00850	0.00783	0.01111	0.01392	0.02271	0.01382	0.22650	0.61782	0.00725	0.01131	0.00580	0.00275	0.00411
49	0.81641	0.00958	0.00755	0.00668	0.00980	0.01098	0.00550	0.01515	0.00878	0.06272	0.00760	0.00856	0.00576	0.00471	0.00319	0.00154	0.00388	0.00282	0.00325	0.00556
50	0.01217	0.01167	0.01993	0.07533	0.75030	0.01180	0.01521	0.01515	0.01127	0.01608	0.00935	0.01239	0.00782	0.00447	0.00494	0.00149	0.00596	0.00444	0.00245	0.00776
51	0.00796	0.00570	0.00739	0.00715	0.00787	0.00626	0.00509	0.05947	0.00872	0.01209	0.01425	0.02458	0.01459	0.36802	0.42222	0.00623	0.00923	0.00609	0.00297	0.00411
52	0.00734	0.00527	0.00613	0.00580	0.00739	0.00460	0.00439	0.00912	0.01272	0.06113	0.37145	0.04152	0.42265	0.01119	0.00584	0.00162	0.00255	0.00955	0.00509	0.00467
53	0.01929	0.01342	0.01462	0.01121	0.01519	0.01465	0.00926	0.70231	0.02252	0.10751	0.01273	0.01246	0.00886	0.00600	0.00499	0.00150	0.00536	0.00454	0.00510	0.00848
54	0.00787	0.00657	0.00904	0.00912	0.00944	0.00778	0.00701	0.00900	0.00913	0.01270	0.02033	0.43486	0.02350	0.03222	0.02701	0.00230	0.25288	0.11091	0.00379	0.00454
55	0.00712	0.00534	0.00801	0.00801	0.00890	0.00623	0.00623	0.00890	0.00801	0.01157	0.01335	0.01958	0.01246	0.03738	0.80507	0.00801	0.01335	0.00534	0.00267	0.00445
56	0.00712	0.00512	0.00695	0.00795	0.00879	0.00495	0.00632	0.00882	0.01089	0.01435	0.07944	0.35348	0.06079	0.01420	0.00657	0.00212	0.00370	0.38941	0.00467	0.00437
57	0.01039	0.00987	0.01667	0.54296	0.28091	0.01141	0.01426	0.01355	0.01037	0.01388	0.00898	0.01293	0.00705	0.00488	0.00519	0.00161	0.02205	0.00443	0.00230	0.00630
58	0.01778	0.02237	0.01423	0.04065	0.01591	0.72386	0.00986	0.01912	0.01354	0.01220	0.00767	0.00927	0.00644	0.00537	0.00531	0.00136	0.06345	0.00333	0.00253	0.00575
59	0.00868	0.00758	0.00903	0.00803	0.01027	0.00767	0.05683	0.01473	0.28003	0.01700	0.12873	0.03415	0.37808	0.00973	0.00560	0.00167	0.00339	0.00833	0.00475	0.00571
60	0.00725	0.00483	0.00544	0.00544	0.00544	0.00483	0.00302	0.00725	0.00725	0.00966	0.01571	0.03262	0.01812	0.82483	0.02537	0.00483	0.00483	0.00725	0.00302	0.00302
61	0.00721	0.00498	0.00616	0.00616	0.00641	0.00523	0.00392	0.00771	0.00746	0.01020	0.01504	0.02895	0.01653	0.60342	0.24460	0.00573	0.00723	0.00671	0.00292	0.00342
62	0.00725	0.00483	0.00544	0.00544	0.00544	0.00483	0.00302	0.00725	0.00725	0.00966	0.01571	0.03262	0.01812	0.82483	0.02537	0.00483	0.00483	0.00725	0.00302	0.00302
63	0.01312	0.77909	0.07309	0.00887	0.01333	0.01923	0.00913	0.01498	0.01015	0.01197	0.00705	0.00815	0.00639	0.00429	0.00329	0.00110	0.00545	0.00273	0.00213	0.00646
64	0.01161	0.01273	0.02647	0.02020	0.07094	0.01215	0.63745	0.01627	0.06327	0.01622	0.01161	0.02937	0.00929	0.00493	0.00581	0.00170	0.00772	0.03271	0.00280	0.00675
65	0.01120	0.01148	0.01622	0.01363	0.01407	0.03957	0.06440	0.01252	0.00812	0.01228	0.00683	0.01102	0.00661	0.00830	0.01526	0.00212	0.73416	0.00443	0.00222	0.00555
66	0.01034	0.00886	0.01034	0.00738	0.01181	0.00664	0.00591	0.01255	0.01034	0.01624	0.00886	0.01034	0.00738	0.00369	0.00369	0.00074	0.00369	0.00295	0.00295	0.85530
67	0.01034	0.00886	0.01034	0.00738	0.01181	0.00664	0.00591	0.01255	0.01034	0.01624	0.00886	0.01034	0.00738	0.00369	0.00369	0.00074	0.00369	0.00295	0.00295	0.85530
68	0.00611	0.00436	0.00577	0.00689	0.00717	0.00408	0.00457	0.00695	0.00946	0.01262	0.02705	0.79356	0.03244	0.04435	0.00704	0.00212	0.00296	0.01392	0.00457	0.00401
69	0.86003	0.00964	0.00733	0.00655	0.00964	0.01118	0.00540	0.01465	0.00848	0.02236	0.00694	0.00810	0.00540	0.00463	0.00308	0.00154	0.00386	0.00270	0.00308	0.00540
70	0.01234	0.01184	0.02023	0.03059	0.79373	0.01184	0.01530	0.01530	0.01135	0.01628	0.00938	0.01234	0.00790	0.00444	0.00493	0.00148	0.00592	0.00444	0.00247	0.00790
71	0.01022	0.01093	0.02283	0.01712	0.02085	0.01025	0.55895	0.01353	0.01120	0.01512	0.01494	0.21855	0.01458	0.00736	0.00603	0.00179	0.00690	0.02977	0.00311	0.00599
72	0.00621	0.00447	0.00592	0.00700	0.00742	0.00418	0.00482	0.00722	0.00982	0.01302	0.04139	0.72787	0.06195	0.01529	0.00637	0.00202	0.00298	0.06330	0.00464	0.00410
73	0.00599	0.00505	0.00518	0.00515	0.00679	0.00425	0.00386	0.00734	0.01158	0.01399	0.11049	0.04710	0.73138	0.01243	0.00589	0.00167	0.00251	0.01040	0.00470	0.00425
74	0.05441	0.00853	0.01141	0.00878	0.01261	0.00747	0.00725	0.02392	0.01405	0.76755	0.01918	0.01663	0.01207	0.00611	0.00494	0.00154	0.00423	0.00492	0.00605	0.00836
75	0.57592	0.00968	0.00899	0.00755	0.01088	0.01056	0.00621	0.06916	0.03027	0.21329	0.01074	0.01080	0.00756	0.00515	0.00374	0.00154	0.00406	0.00346	0.00402	0.00643
76	0.01209	0.00603	0.00805	0.00742	0.00917	0.00545	0.00559	0.01366	0.01218	0.28548	0.20610	0.27661	0.02804	0.06571	0.00708	0.00195	0.00342	0.03504	0.00526	0.00569
77	0.01653	0.00719	0.00970	0.00788	0.01071	0.00633	0.00633	0.01862	0.01421	0.50083	0.31382	0.02469	0.02557	0.00770	0.00534	0.00155	0.00352	0.00654	0.00591	0.00704
78	0.21994	0.03978	0.03800	0.01007	0.01321	0.02785	0.03750	0.31878	0.01470	0.02247	0.01034	0.01223	0.00818	0.01150	0.15563	0.00275	0.04265	0.00415	0.00363	0.00661
79	0.06977	0.00708	0.00842	0.00762	0.00945	0.00703	0.00564	0.06513	0.07057	0.22043	0.05347	0.20979	0.01979	0.20041	0.01004	0.00245	0.00402	0.01858	0.00465	0.00569

[dist]
# distance from previous block
# <min> <max>
0	1

[block]
# block no. 1 follows, 50 sequences, length 98
# corresponding to MSA columns:
# 391,392,394-489
name=unknown_B
#
# <colnr> <probs for GDERKNQSTAVLIFYWHMCP>
#	G	D	E	R	K	N	Q	S	T	A	V	L	I	F	Y	W	H	M	C	P
0	0.06296	0.00747	0.00882	0.00752	0.00998	0.02933	0.00593	0.03541	0.03135	0.30341	0.29736	0.04506	0.11783	0.00848	0.00533	0.00157	0.00347	0.00712	0.00537	0.00625
1	0.80277	0.06497	0.00860	0.00669	0.00985	0.01176	0.00561	0.01467	0.00859	0.02164	0.00694	0.00809	0.00547	0.00460	0.00309	0.00151	0.00396	0.00270	0.00302	0.00547
2	0.00741	0.00548	0.00789	0.00781	0.00868	0.00629	0.00596	0.02637	0.00828	0.01182	0.01357	0.02082	0.01298	0.12175	0.70244	0.00752	0.01225	0.00553	0.00276	0.00439
3	0.05001	0.41392	0.03826	0.01015	0.01405	0.16264	0.00908	0.21623	0.01431	0.01752	0.00844	0.00929	0.00691	0.00490	0.00394	0.00125	0.00603	0.00327	0.00300	0.00681
4	0.86003	0.00964	0.00733	0.00655	0.00964	0.01118	0.00540	0.01465	0.00848	0.02236	0.00694	0.00810	0.00540	0.00463	0.00308	0.00154	0.00386	0.00270	0.00308	0.00540
5	0.01826	0.04016	0.01485	0.01334	0.05257	0.60424	0.00985	0.15803	0.01560	0.01590	0.00855	0.00967	0.00687	0.00524	0.00458	0.00133	0.00812	0.00349	0.00300	0.00639
6	0.00777	0.00606	0.00768	0.00749	0.00799	0.02809	0.00538	0.00875	0.00787	0.01087	0.01383	0.03661	0.01443	0.35033	0.39485	0.00599	0.07311	0.00611	0.00280	0.00398
7	0.01213	0.01487	0.20825	0.01126	0.01524	0.03078	0.01061	0.04540	0.55127	0.01969	0.01692	0.01616	0.01259	0.00620	0.00497	0.00165	0.00496	0.00506	0.00427	0.00773
8	0.00950	0.00581	0.00671	0.00620	0.00688	0.00579	0.00392	0.06103	0.00922	0.08775	0.03830	0.02984	0.01775	0.66652	0.02145	0.00419	0.00475	0.00690	0.00353	0.00397
9	0.01413	0.01164	0.01201	0.00955	0.01328	0.07058	0.00761	0.19511	0.21780	0.06088	0.01306	0.01313	0.00988	0.00527	0.00448	0.00125	0.00460	0.00414	0.00412	0.32748
10	0.01129	0.01134	0.01823	0.30239	0.28183	0.04824	0.09293	0.01413	0.01042	0.01411	0.00873	0.01240	0.00713	0.00534	0.00691	0.00167	0.13961	0.00452	0.00234	0.00644
11	0.00595	0.00505	0.00513	0.00511	0.00677	0.00423	0.00383	0.00727	0.01150	0.01380	0.08862	0.04742	0.75338	0.01250	0.00589	0.00168	0.00252	0.01044	0.00467	0.00423
12	0.86003	0.00964	0.00733	0.00655	0.00964	0.01118	0.00540	0.01465	0.00848	0.02236	0.00694	0.00810	0.00540	0.00463	0.00308	0.00154	0.00386	0.00270	0.00308	0.00540
13	0.01828	0.03938	0.13850	0.01111	0.01560	0.01277	0.01028	0.42948	0.01850	0.23551	0.01342	0.01297	0.00912	0.00578	0.00490	0.00151	0.00544	0.00445	0.00476	0.00824
14	0.01155	0.04217	0.34738	0.01180	0.01711	0.01063	0.05484	0.04652	0.03349	0.06402	0.00986	0.01126	0.00743	0.00486	0.00527	0.00136	0.06059	0.00378	0.00283	0.25323
15	0.00712	0.00534	0.00801	0.00801	0.00890	0.00623	0.00623	0.00890	0.00801	0.01157	0.01335	0.01958	0.01246	0.03738	0.80507	0.00801	0.01335	0.00534	0.00267	0.00445
16	0.08772	0.24043	0.05695	0.01012	0.02637	0.06021	0.00887	0.22486	0.03868	0.14582	0.01106	0.01123	0.00818	0.00520	0.00423	0.00135	0.00528	0.00376	0.00380	0.04587
17	0.01572	0.06008	0.09083	0.01174	0.06049	0.00932	0.10012	0.02936	0.01234	0.32982	0.01331	0.01339	0.00928	0.00496	0.00465	0.00133	0.00508	0.00429	0.00406	0.21984
18	0.01637	0.10416	0.10045	0.01202	0.01572	0.33074	0.02393	0.21176	0.10454	0.01848	0.01033	0.01099	0.00796	0.00539	0.00460	0.00140	0.00695	0.00386	0.00337	0.00696
19	0.00716	0.00519	0.00680	0.00676	0.00787	0.00492	0.00522	0.00927	0.01279	0.01771	0.52941	0.05385	0.08040	0.05421	0.04338	0.00217	0.00339	0.13994	0.00501	0.00455
20	0.01034	0.00886	0.01034	0.00738	0.01181	0.00664	0.00591	0.01255	0.01034	0.01624	0.00886	0.01034	0.00738	0.00369	0.00369	0.00074	0.00369	0.00295	0.00295	0.85530
21	0.00608	0.00499	0.00536	0.00541	0.00689	0.00427	0.00400	0.00747	0.01159	0.01437	0.15863	0.12134	0.60721	0.01255	0.00593	0.00170	0.00253	0.01065	0.00476	0.00427
22	0.00708	0.00476	0.00549	0.00565	0.00570	0.00472	0.00325	0.00720	0.00758	0.01011	0.01741	0.14699	0.02027	0.70752	0.02261	0.00443	0.00455	0.00825	0.00325	0.00317
23	0.01208	0.00537	0.00776	0.00709	0.00805	0.00508	0.00508	0.01094	0.00844	0.20566	0.01141	0.01560	0.00958	0.01453	0.01587	0.64176	0.00431	0.00450	0.00317	0.00374
24	0.00666	0.00467	0.00604	0.00691	0.00726	0.00450	0.00475	0.00753	0.00927	0.01231	0.02441	0.51044	0.02866	0.21461	0.01112	0.00276	0.00363	0.12636	0.00423	0.00388
25	0.00941	0.00886	0.01495	0.81285	0.03433	0.01107	0.01384	0.01274	0.00997	0.01274	0.00886	0.01329	0.00664	0.00498	0.00498	0.00166	0.00664	0.00443	0.00221	0.00554
26	0.00763	0.00491	0.00565	0.00566	0.00580	0.00485	0.00328	0.00776	0.00764	0.03441	0.01672	0.09214	0.01907	0.73780	0.02329	0.00452	0.00467	0.00771	0.00324	0.00327
27	0.00654	0.00490	0.00601	0.00608	0.00715	0.00443	0.00440	0.00819	0.01215	0.01633	0.40165	0.21964	0.23497	0.03668	0.00658	0.00180	0.00260	0.01053	0.00499	0.00437
28	0.01034	0.00886	0.01034	0.00738	0.01181	0.00664	0.00591	0.01255	0.01034	0.01624	0.00886	0.01034	0.00738	0.00369	0.00369	0.00074	0.00369	0.00295	0.00295	0.85530
29	0.02236	0.00848	0.01157	0.00887	0.01272	0.00733	0.00733	0.02429	0.01427	0.79719	0.01966	0.01697	0.01234	0.00617	0.00501	0.00154	0.00424	0.00501	0.00617	0.00848
30	0.00646	0.00457	0.00602	0.00702	0.00738	0.00436	0.00484	0.00740	0.00949	0.01260	0.02584	0.62668	0.03054	0.11872	0.00885	0.00242	0.00335	0.10506	0.00442	0.00398
31	0.00962	0.00529	0.00544	0.00521	0.00639	0.00538	0.00381	0.06127	0.01082	0.01808	0.01589	0.02026	0.01330	0.12917	0.00688	0.00174	0.00291	0.00503	0.66885	0.00465
32	0.86003	0.00964	0.00733	0.00655	0.00964	0.01118	0.00540	0.01465	0.00848	0.02236	0.00694	0.00810	0.00540	0.00463	0.00308	0.00154	0.00386	0.00270	0.00308	0.00540
33	0.04044	0.01356	0.01444	0.01113	0.01501	0.01501	0.00918	0.73353	0.02264	0.03078	0.01197	0.01207	0.00853	0.00594	0.00489	0.00149	0.00534	0.00445	0.03132	0.00828
34	0.00791	0.00481	0.00644	0.00716	0.00785	0.00442	0.00493	0.00890	0.01008	0.10122	0.02659	0.73080	0.03064	0.01455	0.00621	0.00197	0.00304	0.01314	0.00480	0.00455
35	0.00607	0.00434	0.00578	0.00694	0.00723	0.00405	0.00463	0.00694	0.00954	0.01272	0.02747	0.82157	0.03297	0.01562	0.00636	0.00202	0.00289	0.01417	0.00463	0.00405
36	0.01786	0.00817	0.01070	0.00826	0.01186	0.00696	0.00672	0.03158	0.01363	0.52645	0.12445	0.01842	0.01613	0.00624	0.00488	0.00139	0.00389	0.00516	0.00543	0.17182
37	0.01171	0.00970	0.01106	0.00811	0.01240	0.00821	0.00652	0.12652	0.04733	0.01870	0.00984	0.01095	0.00790	0.00417	0.00395	0.00089	0.00397	0.00330	0.00335	0.69141
38	0.03773	0.00709	0.00865	0.00745	0.00990	0.00658	0.00590	0.06293	0.03595	0.28837	0.19488	0.07394	0.20216	0.00923	0.00547	0.00163	0.00342	0.02716	0.00534	0.00621
39	0.00797	0.00573	0.00717	0.00662	0.00806	0.00546	0.00502	0.03148	0.05718	0.03812	0.66764	0.03563	0.08488	0.00993	0.00579	0.00158	0.00258	0.00869	0.00542	0.00504
40	0.00712	0.00534	0.00801	0.00801	0.00890	0.00623	0.00623	0.00890	0.00801	0.01157	0.01335	0.01958	0.01246	0.03738	0.80507	0.00801	0.01335	0.00534	0.00267	0.00445
41	0.01404	0.01300	0.01562	0.04000	0.26329	0.12256	0.01113	0.19389	0.01367	0.02932	0.01056	0.04945	0.00930	0.04839	0.00791	0.00178	0.14116	0.00486	0.00320	0.00685
42	0.00603	0.00452	0.00560	0.00647	0.00711	0.00409	0.00442	0.00699	0.01000	0.01291	0.03322	0.62830	0.22253	0.01487	0.00624	0.00194	0.00280	0.01326	0.00463	0.00409
43	0.00606	0.00437	0.00575	0.00685	0.00721	0.00406	0.00459	0.00695	0.00963	0.01276	0.02852	0.78643	0.06744	0.01548	0.00634	0.00201	0.00288	0.01400	0.00463	0.00406
44	0.00809	0.00694	0.01067	0.21124	0.09109	0.00759	0.02232	0.01001	0.01015	0.01362	0.06276	0.36137	0.05169	0.01070	0.00653	0.00186	0.05923	0.04548	0.00366	0.00500
45	0.01160	0.01895	0.40410	0.01619	0.02213	0.01166	0.30793	0.03136	0.03153	0.06446	0.01075	0.02755	0.00794	0.00490	0.00524	0.00163	0.00736	0.00487	0.00270	0.00716
46	0.01447	0.00742	0.00945	0.00819	0.01067	0.00701	0.00646	0.06831	0.07107	0.34381	0.14883	0.16477	0.06252	0.00922	0.00553	0.00168	0.00369	0.04479	0.00547	0.00663
47	0.19770	0.01098	0.01753	0.17532	0.37828	0.01165	0.10855	0.01474	0.01051	0.01689	0.00883	0.01173	0.00706	0.00456	0.00466	0.00155	0.00592	0.00424	0.00256	0.00674
48	0.00612	0.00452	0.00557	0.00641	0.00707	0.00411	0.00439	0.00713	0.01002	0.01308	0.03285	0.60713	0.22016	0.01459	0.00616	0.00192	0.00278	0.01299	0.02890	0.00411
49	0.18761	0.01339	0.01377	0.06711	0.01588	0.07956	0.03698	0.44602	0.04009	0.02553	0.01047	0.01126	0.00769	0.00557	0.00476	0.00152	0.01731	0.00410	0.00408	0.00730
50	0.03218	0.01008	0.01830	0.51966	0.09535	0.01131	0.18947	0.01365	0.01058	0.01424	0.03153	0.01380	0.00809	0.00490	0.00516	0.00164	0.00679	0.00485	0.00242	0.00598
51	0.14385	0.00613	0.00811	0.04862	0.00943	0.00648	0.02848	0.03329	0.00796	0.03583	0.00927	0.01482	0.00864	0.05861	0.01517	0.55044	0.00456	0.00431	0.00258	0.00342
52	0.01431	0.00846	0.00983	0.00814	0.01088	0.00845	0.00651	0.20043	0.06991	0.22212	0.16674	0.02433	0.13128	0.00782	0.00515	0.00153	0.00373	0.00644	0.08720	0.00674
53	0.02009	0.01139	0.01323	0.01017	0.01402	0.01173	0.00839	0.43890	0.01921	0.35152	0.01532	0.01426	0.01022	0.00606	0.00495	0.00151	0.00487	0.00471	0.03110	0.00836
54	0.01217	0.00633	0.00799	0.00725	0.00927	0.00570	0.00550	0.02493	0.03327	0.28576	0.10615	0.24363	0.18653	0.03395	0.00624	0.00180	0.00335	0.00913	0.00522	0.00582
55	0.00609	0.00448	0.00573	0.00671	0.00723	0.00411	0.00458	0.00706	0.00987	0.01289	0.03096	0.68472	0.14864	0.01511	0.00630	0.00198	0.00288	0.03195	0.00463	0.00409
56	0.86003	0.00964	0.00733	0.00655	0.00964	0.01118	0.00540	0.01465	0.00848	0.02236	0.00694	0.00810	0.00540	0.00463	0.00308	0.00154	0.00386	0.00270	0.00308	0.00540
57	0.86003	0.00964	0.00733	0.00655	0.00964	0.01118	0.00540	0.01465	0.00848	0.02236	0.00694	0.00810	0.00540	0.00463	0.00308	0.00154	0.00386	0.00270	0.00308	0.00540
58	0.00616	0.00442	0.00585	0.00684	0.00724	0.00411	0.00462	0.00718	0.01001	0.01342	0.09987	0.73235	0.04933	0.01505	0.00631	0.00197	0.00283	0.01361	0.00471	0.00411
59	0.00607	0.00434	0.00578	0.00694	0.00723	0.00405	0.00463	0.00694	0.00954	0.01272	0.02747	0.82157	0.03297	0.01562	0.00636	0.00202	0.00289	0.01417	0.00463	0.00405
60	0.00645	0.00507	0.00583	0.00564	0.00708	0.00445	0.00423	0.00824	0.01269	0.01662	0.40827	0.04278	0.43196	0.01145	0.00589	0.00163	0.00244	0.00979	0.00504	0.00445
61	0.00645	0.00504	0.00585	0.00571	0.00709	0.00444	0.00426	0.00821	0.01258	0.01652	0.40014	0.07803	0.40462	0.01161	0.00591	0.00164	0.00246	0.00997	0.00504	0.00444
62	0.00665	0.00455	0.00561	0.00626	0.00646	0.00438	0.00394	0.00721	0.00864	0.01166	0.02237	0.47808	0.02635	0.34274	0.01397	0.00313	0.00366	0.01108	0.02960	0.00365
63	0.01314	0.78311	0.06921	0.00885	0.01328	0.01927	0.00908	0.01497	0.01015	0.01195	0.00704	0.00814	0.00639	0.00429	0.00328	0.00109	0.00544	0.00272	0.00213	0.00645
64	0.01862	0.02376	0.01413	0.01284	0.01541	0.80482	0.00963	0.01990	0.01413	0.01220	0.00770	0.00899	0.00642	0.00514	0.00449	0.00128	0.00899	0.00321	0.00257	0.00578
65	0.02127	0.01024	0.01266	0.00970	0.01360	0.00994	0.00802	0.26634	0.01721	0.55097	0.01719	0.01536	0.01110	0.00611	0.00500	0.00153	0.00464	0.00484	0.00579	0.00848
66	0.00626	0.00447	0.00600	0.00716	0.00753	0.00421	0.00496	0.00727	0.00973	0.01294	0.02737	0.74740	0.03255	0.01544	0.00641	0.00205	0.00306	0.08647	0.00462	0.00410
67	0.00613	0.00438	0.00583	0.00690	0.00724	0.00409	0.00463	0.00708	0.00980	0.01313	0.07005	0.77784	0.03375	0.01531	0.00634	0.00200	0.00286	0.01388	0.00467	0.00409
68	0.01177	0.01016	0.01067	0.00965	0.01236	0.01160	0.00749	0.02461	0.70978	0.02014	0.02321	0.02144	0.09047	0.00733	0.00515	0.00169	0.00381	0.00611	0.00503	0.00753
69	0.01155	0.01281	0.02588	0.01903	0.02281	0.01327	0.58457	0.01497	0.01073	0.01497	0.00920	0.01281	0.00731	0.00533	0.00850	0.00181	0.21010	0.00550	0.00244	0.00641
70	0.01912	0.01368	0.01478	0.01133	0.01532	0.01504	0.00936	0.73836	0.02296	0.07083	0.01236	0.01222	0.00868	0.00599	0.00499	0.00150	0.00542	0.00451	0.00505	0.00848
71	0.00954	0.00912	0.01576	0.76870	0.03387	0.01116	0.05632	0.01292	0.01007	0.01292	0.00893	0.01330	0.00670	0.00494	0.00503	0.00166	0.00674	0.00451	0.00223	0.00560
72	0.00713	0.00478	0.00547	0.00558	0.00561	0.00476	0.00318	0.00722	0.00747	0.00996	0.01685	0.10908	0.01956	0.74641	0.02353	0.00456	0.00464	0.00792	0.00318	0.00312
73	0.00629	0.00507	0.00561	0.00547	0.00698	0.00438	0.00410	0.00793	0.01231	0.01573	0.30732	0.04425	0.53348	0.01178	0.00589	0.00164	0.00246	0.01000	0.00493	0.00438
74	0.00607	0.00434	0.00578	0.00694	0.00723	0.00405	0.00463	0.00694	0.00954	0.01272	0.02747	0.82157	0.03297	0.01562	0.00636	0.00202	0.00289	0.01417	0.00463	0.00405
75	0.00799	0.00571	0.00798	0.00907	0.01022	0.00570	0.00790	0.01029	0.01158	0.01511	0.05563	0.05550	0.02939	0.01363	0.00685	0.00227	0.00450	0.73146	0.00462	0.00459
76	0.01000	0.02578	0.79900	0.01421	0.02157	0.01158	0.01842	0.01579	0.01052	0.01579	0.00895	0.01052	0.00631	0.00474	0.00474	0.00158	0.00737	0.00368	0.00210	0.00737
77	0.01734	0.01301	0.01410	0.01071	0.01478	0.01381	0.00881	0.63452	0.02099	0.02858	0.01139	0.01166	0.00827	0.00556	0.00474	0.00135	0.00515	0.00420	0.00461	0.16641
78	0.00777	0.00564	0.00767	0.00864	0.00985	0.00554	0.00747	0.00995	0.01154	0.01491	0.05200	0.05476	0.11203	0.01354	0.00675	0.00221	0.00430	0.65625	0.00462	0.00455
79	0.00607	0.00434	0.00578	0.00694	0.00723	0.00405	0.00463	0.00694	0.00954	0.01272	0.02747	0.82157	0.03297	0.01562	0.00636	0.00202	0.00289	0.01417	0.00463	0.00405
80	0.00605	0.00442	0.00570	0.00673	0.00717	0.00407	0.00453	0.00696	0.00975	0.01281	0.03004	0.73526	0.11762	0.01528	0.00631	0.00199	0.00285	0.01376	0.00463	0.00407
81	0.00653	0.00455	0.00571	0.00639	0.00663	0.00435	0.00408	0.00718	0.00902	0.01209	0.06605	0.50937	0.02870	0.29068	0.01280	0.00295	0.00352	0.01153	0.00413	0.00374
82	0.03741	0.00611	0.00723	0.00648	0.00762	0.00594	0.00432	0.02566	0.02128	0.20046	0.01639	0.02750	0.01612	0.57497	0.01910	0.00383	0.00466	0.00650	0.00385	0.00458
83	0.07396	0.01138	0.05747	0.00961	0.01318	0.01116	0.00821	0.29266	0.12890	0.21252	0.01507	0.01463	0.01060	0.00596	0.00467	0.00150	0.00456	0.00463	0.11167	0.00764
84	0.04025	0.00946	0.01068	0.00917	0.01215	0.01006	0.00726	0.04503	0.42988	0.23646	0.07328	0.02053	0.05937	0.00707	0.00509	0.00163	0.00388	0.00584	0.00532	0.00758
85	0.00825	0.00561	0.00688	0.00704	0.00808	0.00549	0.00505	0.06882	0.03586	0.04000	0.17130	0.45231	0.05252	0.02756	0.00618	0.00184	0.00304	0.01083	0.07853	0.00481
86	0.79056	0.00954	0.00768	0.00675	0.00990	0.01086	0.00556	0.01545	0.00896	0.08663	0.00800	0.00883	0.00597	0.00475	0.00324	0.00154	0.00389	0.00289	0.00334	0.00565
87	0.00596	0.00478	0.00533	0.00577	0.00692	0.00415	0.00411	0.00707	0.01067	0.01318	0.04173	0.34239	0.50295	0.01376	0.00607	0.00181	0.00266	0.01191	0.00463	0.00415
88	0.01129	0.00598	0.00805	0.00769	0.00925	0.00582	0.00580	0.02397	0.02434	0.22750	0.02086	0.33027	0.02041	0.01727	0.19640	0.00325	0.00577	0.00863	0.06193	0.00553
89	0.00894	0.00601	0.00687	0.00675	0.00779	0.00637	0.00483	0.01248	0.15088	0.02956	0.01791	0.07078	0.01722	0.29074	0.08624	0.00329	0.00473	0.05742	0.20649	0.00470
90	0.00676	0.00519	0.00744	0.00771	0.00862	0.00484	0.04794	0.00825	0.01080	0.01443	0.15571	0.49511	0.09637	0.01362	0.00627	0.00193	0.00327	0.09670	0.00465	0.00438
91	0.00622	0.00444	0.00595	0.00710	0.00745	0.00417	0.00487	0.00719	0.00968	0.01288	0.02739	0.76596	0.03266	0.01548	0.00640	0.00204	0.00302	0.06838	0.00462	0.00409
92	0.01069	0.01006	0.01691	0.43845	0.35619	0.01131	0.01410	0.01378	0.01052	0.01440	0.00924	0.01298	0.00735	0.00486	0.00518	0.00158	0.02480	0.00444	0.02667	0.00651
93	0.00725	0.00483	0.00544	0.00544	0.00544	0.00483	0.00302	0.00725	0.00725	0.00966	0.01571	0.03262	0.01812	0.82483	0.02537	0.00483	0.00483	0.00725	0.00302	0.00302
94	0.00984	0.01030	0.02084	0.01591	0.01912	0.00991	0.47970	0.01280	0.01090	0.01482	0.03006	0.26748	0.01623	0.00813	0.00657	0.00181	0.04812	0.00847	0.00322	0.00578
95	0.03322	0.05190	0.13677	0.28498	0.18985	0.04995	0.15347	0.01482	0.01084	0.01472	0.00901	0.01211	0.00697	0.00465	0.00494	0.00156	0.00690	0.00440	0.00234	0.00658
96	0.01609	0.00994	0.01111	0.00907	0.01208	0.01049	0.00730	0.33164	0.10407	0.18111	0.01626	0.06030	0.01231	0.00661	0.00475	0.00148	0.00423	0.00530	0.18852	0.00734
97	0.01207	0.02536	0.13412	0.32476	0.12088	0.04814	0.07277	0.11174	0.01222	0.03122	0.00943	0.01227	0.00715	0.00517	0.00560	0.00161	0.05180	0.00437	0.00270	0.00665

[dist]
# distance from previous block
# <min> <max>
0	13

[block]
# block no. 2 follows, 50 sequences, length 185
# corresponding to MSA columns:
# 503-687
name=unknown_C
#
# <colnr> <probs for GDERKNQSTAVLIFYWHMCP>
#	G	D	E	R	K	N	Q	S	T	A	V	L	I	F	Y	W	H	M	C	P
0	0.00878	0.00678	0.00784	0.00718	0.00882	0.03230	0.00514	0.00993	0.00956	0.04546	0.01855	0.28310	0.04883	0.18942	0.03690	0.00244	0.03225	0.00809	0.00367	0.23498
1	0.38085	0.00762	0.00705	0.00649	0.00831	0.00828	0.00476	0.05747	0.00922	0.01713	0.01358	0.04508	0.04451	0.31145	0.01186	0.00279	0.00425	0.02842	0.00333	0.02754
2	0.01699	0.01310	0.01509	0.01265	0.06238	0.01453	0.03030	0.59397	0.05942	0.02762	0.01345	0.01379	0.04110	0.00632	0.00574	0.00156	0.05457	0.00482	0.00459	0.00800
3	0.00954	0.00628	0.00752	0.00692	0.00871	0.00577	0.00515	0.06024	0.02905	0.10926	0.16729	0.22267	0.19693	0.06618	0.00697	0.00186	0.00326	0.00915	0.00476	0.07247
4	0.01141	0.01185	0.06469	0.27228	0.08784	0.06246	0.13929	0.11204	0.01268	0.01660	0.05960	0.08223	0.03241	0.00633	0.00528	0.00162	0.00624	0.00580	0.00312	0.00623
5	0.00863	0.00439	0.00656	0.00660	0.00665	0.00439	0.00448	0.00665	0.00670	0.00892	0.00939	0.01685	0.00949	0.01717	0.01896	0.81965	0.00434	0.03565	0.00226	0.00226
6	0.00715	0.00448	0.00591	0.00639	0.00677	0.00425	0.00429	0.00707	0.00874	0.01167	0.04858	0.35923	0.10580	0.06775	0.01188	0.29145	0.00343	0.00949	0.03226	0.00340
7	0.00972	0.00687	0.00775	0.00729	0.00876	0.00709	0.00530	0.10602	0.12731	0.04285	0.08225	0.20747	0.09980	0.17280	0.00941	0.00231	0.00367	0.00840	0.07968	0.00523
8	0.01251	0.01165	0.01108	0.00989	0.01184	0.18709	0.03726	0.16648	0.06359	0.01641	0.01491	0.12925	0.01462	0.15157	0.11202	0.00298	0.00680	0.03082	0.00366	0.00557
9	0.86003	0.00964	0.00733	0.00655	0.00964	0.01118	0.00540	0.01465	0.00848	0.02236	0.00694	0.00810	0.00540	0.00463	0.00308	0.00154	0.00386	0.00270	0.00308	0.00540
10	0.01285	0.00802	0.00946	0.00839	0.01075	0.00814	0.00649	0.09452	0.20489	0.20056	0.11541	0.18624	0.09439	0.00931	0.00549	0.00169	0.00363	0.00798	0.00524	0.00658
11	0.03065	0.00731	0.00923	0.00803	0.01064	0.00677	0.00638	0.02984	0.07593	0.38782	0.05033	0.15155	0.13470	0.00929	0.00548	0.00170	0.00372	0.05857	0.00540	0.00665
12	0.02145	0.00960	0.01222	0.00940	0.01326	0.00903	0.00776	0.17040	0.03513	0.62939	0.01819	0.01604	0.01166	0.00615	0.00501	0.00154	0.00448	0.00493	0.00591	0.00847
13	0.11078	0.00971	0.01180	0.00914	0.01295	0.00937	0.00755	0.17448	0.01549	0.56095	0.01676	0.01502	0.01082	0.00597	0.00480	0.00153	0.00445	0.00466	0.00560	0.00815
14	0.04104	0.00755	0.00913	0.00777	0.01017	0.00734	0.00611	0.12458	0.03477	0.24505	0.25491	0.09032	0.06589	0.02185	0.00562	0.00163	0.00353	0.00716	0.04923	0.00633
15	0.01085	0.00745	0.00829	0.00752	0.00900	0.00783	0.00546	0.24193	0.01328	0.01852	0.01762	0.22252	0.01804	0.23661	0.01076	0.00250	0.00413	0.00772	0.14476	0.00521
16	0.00636	0.00451	0.00596	0.00682	0.00713	0.00439	0.00455	0.00719	0.00904	0.01215	0.02426	0.62093	0.02864	0.13999	0.09045	0.00306	0.00425	0.01223	0.00419	0.00393
17	0.13883	0.01055	0.01132	0.00954	0.01280	0.01155	0.00764	0.13796	0.38417	0.19642	0.01695	0.01570	0.01212	0.00620	0.00476	0.00161	0.00423	0.00490	0.00502	0.00775
18	0.01486	0.00650	0.00811	0.00684	0.00895	0.00595	0.00516	0.01637	0.01137	0.38113	0.01771	0.02164	0.01402	0.22867	0.01015	0.00234	0.00390	0.00553	0.22480	0.00600
19	0.06016	0.00909	0.01172	0.00903	0.01286	0.00833	0.00746	0.10040	0.01494	0.68404	0.01830	0.01605	0.01163	0.00608	0.00492	0.00154	0.00435	0.00485	0.00591	0.00834
20	0.28770	0.00715	0.00730	0.00672	0.00871	0.00749	0.00521	0.02972	0.04388	0.05439	0.30133	0.05267	0.08209	0.05786	0.00610	0.00180	0.00331	0.02699	0.00444	0.00516
21	0.01264	0.00835	0.00882	0.00760	0.00988	0.00902	0.00600	0.22698	0.14664	0.03495	0.04232	0.01736	0.01316	0.00618	0.00428	0.00136	0.00351	0.00493	0.42969	0.00633
22	0.00698	0.00523	0.00648	0.00614	0.00746	0.00481	0.00461	0.00943	0.03387	0.01878	0.63145	0.03876	0.18632	0.01056	0.00586	0.00159	0.00243	0.00921	0.00531	0.00469
23	0.01234	0.01184	0.02023	0.03059	0.79373	0.01184	0.01530	0.01530	0.01135	0.01628	0.00938	0.01234	0.00790	0.00444	0.00493	0.00148	0.00592	0.00444	0.00247	0.00790
24	0.00715	0.00523	0.00743	0.00743	0.00812	0.00592	0.00551	0.00853	0.00784	0.01114	0.01388	0.02252	0.01374	0.21507	0.62913	0.00729	0.01143	0.00577	0.00275	0.00413
25	0.00809	0.00537	0.00674	0.00623	0.00774	0.00482	0.00473	0.01018	0.01355	0.08330	0.57340	0.03777	0.19850	0.01036	0.00581	0.00159	0.00254	0.00899	0.00537	0.00491
26	0.79635	0.00955	0.00765	0.00673	0.00987	0.01089	0.00554	0.01538	0.00892	0.08127	0.00791	0.00877	0.00593	0.00474	0.00323	0.00154	0.00389	0.00287	0.00332	0.00563
27	0.00720	0.00487	0.00559	0.00556	0.00570	0.00486	0.00324	0.00742	0.00774	0.01038	0.05869	0.03275	0.03637	0.73503	0.05124	0.00470	0.00495	0.00735	0.00318	0.00319
28	0.00660	0.00478	0.00662	0.00721	0.00770	0.00498	0.00509	0.00774	0.00871	0.01196	0.02076	0.42839	0.02345	0.10611	0.32025	0.00465	0.00717	0.01002	0.00370	0.00410
29	0.03214	0.01144	0.01278	0.01029	0.01386	0.01231	0.00834	0.33056	0.26319	0.22577	0.01652	0.01530	0.01157	0.00626	0.00499	0.00157	0.00465	0.00496	0.00529	0.00824
30	0.00691	0.00498	0.00695	0.00731	0.00798	0.00537	0.00537	0.00830	0.00862	0.01213	0.01868	0.25697	0.03287	0.09363	0.44597	0.00550	0.00879	0.02090	0.03855	0.00422
31	0.22991	0.00664	0.00706	0.00673	0.00852	0.00680	0.00506	0.03239	0.01067	0.12066	0.07541	0.25933	0.03507	0.04196	0.00559	0.00177	0.00333	0.00759	0.13031	0.00520
32	0.00615	0.00439	0.00586	0.00698	0.00732	0.00411	0.00472	0.00709	0.00971	0.01296	0.04636	0.78200	0.03320	0.01543	0.00636	0.00202	0.00292	0.03368	0.00465	0.00408
33	0.15661	0.00885	0.01086	0.00860	0.01225	0.00837	0.00706	0.02292	0.07744	0.60765	0.01766	0.01567	0.01146	0.00597	0.00471	0.00155	0.00415	0.00469	0.00558	0.00794
34	0.23146	0.00664	0.00699	0.00682	0.00854	0.00683	0.00528	0.01174	0.02713	0.07717	0.07467	0.10389	0.11391	0.12879	0.00802	0.00220	0.00372	0.12857	0.04278	0.00486
35	0.00705	0.00528	0.00775	0.00779	0.00865	0.00604	0.00599	0.00872	0.00815	0.01161	0.01517	0.04871	0.03959	0.06212	0.72448	0.00748	0.01234	0.00588	0.00282	0.00438
36	0.00632	0.00475	0.00592	0.00675	0.00756	0.00435	0.00491	0.00752	0.01035	0.01327	0.03384	0.48508	0.24749	0.01448	0.00631	0.00197	0.00305	0.12728	0.00462	0.00418
37	0.00852	0.00610	0.00724	0.00716	0.00863	0.00586	0.00542	0.09304	0.02581	0.04877	0.13021	0.29513	0.24430	0.01230	0.00599	0.00181	0.00324	0.08066	0.00485	0.00496
38	0.24044	0.00643	0.00630	0.00593	0.00772	0.00673	0.00454	0.02502	0.01045	0.07204	0.06893	0.09121	0.03222	0.04080	0.00489	0.00157	0.00308	0.00555	0.36111	0.00505
39	0.00969	0.00916	0.01559	0.66362	0.12521	0.01092	0.03369	0.01289	0.01016	0.01325	0.00973	0.04667	0.00791	0.00534	0.00506	0.00165	0.00645	0.00487	0.00235	0.00579
40	0.01042	0.00987	0.01406	0.02656	0.01291	0.01309	0.04134	0.02848	0.02146	0.01271	0.00868	0.01380	0.00835	0.06663	0.10051	0.00291	0.57466	0.00476	0.02348	0.00532
41	0.00628	0.00459	0.00581	0.00648	0.00709	0.00423	0.00443	0.00740	0.01042	0.01386	0.15851	0.53625	0.13795	0.06321	0.00737	0.00207	0.00287	0.01239	0.00467	0.00412
42	0.00866	0.00433	0.00649	0.00649	0.00649	0.00433	0.00433	0.00649	0.00649	0.00866	0.00866	0.01515	0.00866	0.01732	0.01948	0.85498	0.00433	0.00433	0.00216	0.00216
43	0.01144	0.19969	0.02109	0.01575	0.11371	0.04659	0.26678	0.01420	0.01130	0.01451	0.01353	0.04898	0.01304	0.00689	0.00533	0.00165	0.00634	0.18005	0.00298	0.00617
44	0.00833	0.01144	0.21439	0.01220	0.09825	0.00761	0.04470	0.01138	0.03705	0.01445	0.02037	0.40048	0.04673	0.01057	0.00572	0.00182	0.00473	0.04050	0.00365	0.00561
45	0.00607	0.00436	0.00576	0.00689	0.00722	0.00405	0.00460	0.00695	0.00959	0.01274	0.02809	0.80067	0.05347	0.01554	0.00635	0.00202	0.00288	0.01407	0.00463	0.00405
46	0.04361	0.00681	0.00921	0.08951	0.01219	0.00699	0.00677	0.01054	0.00889	0.01349	0.01151	0.01618	0.01031	0.03774	0.44417	0.00494	0.00930	0.00451	0.01802	0.23531
47	0.01350	0.80094	0.02572	0.00867	0.01288	0.04597	0.00857	0.01509	0.01026	0.01174	0.00696	0.00803	0.00640	0.00429	0.00324	0.00107	0.00545	0.00268	0.00215	0.00638
48	0.06802	0.00896	0.01337	0.28901	0.04677	0.00919	0.03543	0.01911	0.01224	0.42538	0.01447	0.01488	0.00963	0.00554	0.00491	0.00159	0.00525	0.00468	0.00436	0.00719
49	0.04015	0.01219	0.01304	0.18526	0.03030	0.11085	0.02384	0.12777	0.32903	0.01909	0.01552	0.01599	0.04291	0.00615	0.00495	0.00160	0.00543	0.00500	0.00396	0.00695
50	0.00912	0.00813	0.01170	0.05924	0.21236	0.04045	0.04326	0.03703	0.01084	0.01435	0.02063	0.39602	0.06752	0.03791	0.00638	0.00187	0.00452	0.00950	0.00371	0.00544
51	0.01669	0.01284	0.01369	0.01101	0.01460	0.01440	0.00893	0.51860	0.28562	0.02778	0.01483	0.01425	0.01080	0.00625	0.00502	0.00156	0.00495	0.00488	0.00502	0.00827
52	0.01683	0.17707	0.01602	0.01159	0.01448	0.56251	0.00914	0.03435	0.05955	0.01328	0.03549	0.01041	0.00839	0.00526	0.00434	0.00128	0.00768	0.00348	0.00278	0.00604
53	0.02295	0.00670	0.00966	0.21882	0.04208	0.00700	0.00765	0.01191	0.01035	0.13962	0.05224	0.23650	0.03485	0.14899	0.00892	0.00229	0.00455	0.02585	0.00391	0.00518
54	0.01084	0.01105	0.05124	0.01520	0.04350	0.01124	0.30696	0.02690	0.03624	0.04151	0.01090	0.01468	0.00905	0.01394	0.21644	0.00341	0.16284	0.00525	0.00273	0.00608
55	0.00602	0.00471	0.00541	0.00596	0.00692	0.00415	0.00416	0.00706	0.01036	0.01298	0.03840	0.41334	0.40608	0.04213	0.00679	0.00195	0.00278	0.01213	0.00457	0.00409
56	0.04415	0.00563	0.00681	0.00664	0.00770	0.00561	0.00474	0.01052	0.08670	0.05685	0.07057	0.13317	0.13132	0.06648	0.01130	0.28153	0.00359	0.00720	0.05533	0.00415
57	0.02797	0.00497	0.00631	0.00709	0.00783	0.00478	0.00525	0.00832	0.01026	0.01396	0.07479	0.41226	0.08758	0.08122	0.00782	0.00223	0.00341	0.19591	0.03383	0.00420
58	0.01141	0.01284	0.07911	0.04709	0.24409	0.01321	0.19830	0.01423	0.01001	0.01451	0.00848	0.01199	0.00717	0.00596	0.00925	0.00179	0.29689	0.00470	0.00234	0.00662
59	0.03510	0.00818	0.00992	0.00835	0.01110	0.00809	0.00660	0.04034	0.20342	0.33512	0.19197	0.02323	0.04698	0.04131	0.00605	0.00172	0.00374	0.00627	0.00546	0.00705
60	0.00661	0.00492	0.00566	0.00590	0.00706	0.00434	0.00421	0.00783	0.01098	0.03498	0.12966	0.28053	0.40660	0.05881	0.00711	0.00195	0.00279	0.01112	0.00468	0.00427
61	0.11177	0.00949	0.01062	0.00872	0.01170	0.00983	0.00698	0.24295	0.07297	0.22104	0.11127	0.05068	0.06122	0.04113	0.00584	0.00171	0.00419	0.00589	0.00502	0.00698
