[name]
unknown

[dist]
# distance from previous block
# <min> <max>
3	17

[block]
# block no. 0 follows, 53 sequences, length 7
# corresponding to MSA columns:
# 20-26
name=unknown_A
#
# <colnr> <probs for GDERKNQSTAVLIFYWHMCP>
#	G	D	E	R	K	N	Q	S	T	A	V	L	I	F	Y	W	H	M	C	P
0	0.01499	0.00993	0.01087	0.00894	0.01194	0.04697	0.00714	0.20212	0.18844	0.22357	0.12108	0.01920	0.06300	0.00673	0.00490	0.00147	0.00414	0.00548	0.00494	0.04416
1	0.01018	0.00743	0.01120	0.31898	0.01880	0.00809	0.04242	0.01332	0.07134	0.12165	0.08974	0.07973	0.04988	0.08677	0.00702	0.00192	0.00484	0.04764	0.00363	0.00540
2	0.01267	0.01127	0.01616	0.09760	0.23753	0.01243	0.08159	0.17048	0.20993	0.01892	0.01192	0.01335	0.00920	0.00546	0.00571	0.00156	0.06892	0.00468	0.00343	0.00717
3	0.01492	0.01215	0.01523	0.24572	0.02075	0.15922	0.12476	0.07138	0.05677	0.21348	0.01189	0.01308	0.00842	0.00514	0.00483	0.00149	0.00624	0.00445	0.00352	0.00655
4	0.01064	0.00790	0.01021	0.05261	0.01185	0.00821	0.05038	0.21747	0.01270	0.01787	0.01478	0.19541	0.01414	0.01172	0.10485	0.04960	0.00524	0.00642	0.11589	0.08210
5	0.00680	0.00552	0.00854	0.00806	0.00902	0.00519	0.11171	0.00793	0.00912	0.01206	0.02348	0.48059	0.08949	0.18763	0.00989	0.00244	0.00387	0.01078	0.00383	0.00404
6	0.01101	0.00815	0.01133	0.07261	0.01240	0.00997	0.00827	0.01257	0.00935	0.14546	0.05100	0.01755	0.08406	0.01168	0.11875	0.00259	0.36183	0.00519	0.04082	0.00541

[dist]
# distance from previous block
# <min> <max>
0	3

[block]
# block no. 1 follows, 53 sequences, length 20
# corresponding to MSA columns:
# 30-49
name=unknown_B
#
# <colnr> <probs for GDERKNQSTAVLIFYWHMCP>
#	G	D	E	R	K	N	Q	S	T	A	V	L	I	F	Y	W	H	M	C	P
0	0.01445	0.10156	0.01341	0.00986	0.01298	0.16581	0.00797	0.24231	0.18506	0.03367	0.01481	0.01473	0.07482	0.00599	0.00470	0.00137	0.01985	0.00450	0.00386	0.06830
1	0.01166	0.03518	0.12354	0.08055	0.10714	0.11184	0.06923	0.04868	0.04890	0.03609	0.00978	0.01200	0.00784	0.00807	0.09179	0.00202	0.04057	0.00399	0.00272	0.14842
2	0.01159	0.01079	0.01290	0.29555	0.10519	0.11500	0.01007	0.06179	0.09536	0.02826	0.01084	0.01385	0.00867	0.02204	0.00493	0.00146	0.00554	0.02115	0.05073	0.11431
3	0.01196	0.01209	0.01438	0.41267	0.08449	0.17994	0.03225	0.09679	0.01178	0.01428	0.00901	0.01217	0.00710	0.00744	0.07196	0.00199	0.00725	0.00412	0.00254	0.00578
4	0.01376	0.01036	0.01167	0.00938	0.01216	0.06631	0.00760	0.11405	0.06829	0.15649	0.01137	0.01230	0.00867	0.00568	0.00660	0.00135	0.17584	0.00395	0.05423	0.24994
5	0.78074	0.01402	0.01211	0.01116	0.01448	0.01436	0.00828	0.01870	0.01271	0.02711	0.01378	0.01756	0.01192	0.00905	0.00609	0.00274	0.00612	0.00499	0.00529	0.00878
6	0.00685	0.00502	0.00717	0.00717	0.00785	0.00570	0.00534	0.00821	0.00753	0.01072	0.01327	0.02136	0.01307	0.20049	0.64997	0.00705	0.01111	0.00550	0.00263	0.00398
7	0.00576	0.00477	0.00505	0.00513	0.00656	0.00406	0.00379	0.00702	0.01093	0.01336	0.10856	0.12926	0.65485	0.01222	0.00570	0.00164	0.00244	0.01034	0.00451	0.00406
8	0.00664	0.00488	0.00622	0.00589	0.00707	0.00446	0.00442	0.00879	0.01325	0.01849	0.71897	0.03681	0.12623	0.01002	0.00564	0.00152	0.00227	0.00880	0.00517	0.00446
9	0.00617	0.00463	0.00649	0.09410	0.00972	0.00461	0.00539	0.00725	0.00919	0.01220	0.02443	0.74122	0.02890	0.01388	0.00596	0.00190	0.00316	0.01258	0.00419	0.00404
10	0.00669	0.00483	0.00632	0.00607	0.00712	0.00446	0.00450	0.00882	0.01317	0.01859	0.73534	0.10171	0.04398	0.01020	0.00568	0.00154	0.00230	0.00906	0.00519	0.00446
11	0.00991	0.00850	0.00991	0.00708	0.01133	0.00637	0.00566	0.01203	0.00991	0.01557	0.00850	0.00991	0.00708	0.00354	0.00354	0.00071	0.00354	0.00283	0.00283	0.86124
12	0.00959	0.02472	0.80726	0.01362	0.02069	0.01110	0.01766	0.01514	0.01009	0.01514	0.00858	0.01009	0.00605	0.00454	0.00454	0.00151	0.00706	0.00353	0.00202	0.00706
13	0.00565	0.00484	0.00484	0.00484	0.00646	0.00403	0.00363	0.00686	0.01089	0.01291	0.04842	0.04600	0.80027	0.01210	0.00565	0.00161	0.00242	0.01009	0.00444	0.00403
14	0.86579	0.00924	0.00702	0.00629	0.00924	0.01072	0.00518	0.01405	0.00813	0.02144	0.00666	0.00776	0.00518	0.00444	0.00296	0.00148	0.00370	0.00259	0.00296	0.00518
15	0.00959	0.02472	0.80726	0.01362	0.02069	0.01110	0.01766	0.01514	0.01009	0.01514	0.00858	0.01009	0.00605	0.00454	0.00454	0.00151	0.00706	0.00353	0.00202	0.00706
16	0.01126	0.44915	0.39748	0.01077	0.01628	0.01519	0.01269	0.01470	0.00989	0.01310	0.00757	0.00882	0.00610	0.00430	0.00377	0.00126	0.00604	0.00302	0.00203	0.00658
17	0.35736	0.10531	0.00964	0.00739	0.00973	0.04064	0.00588	0.01446	0.14775	0.01734	0.01383	0.20430	0.01343	0.00730	0.00411	0.00154	0.00381	0.00575	0.02502	0.00540
18	0.01020	0.00940	0.01283	0.01002	0.01295	0.03079	0.11140	0.03009	0.03355	0.01483	0.01039	0.07357	0.00941	0.00680	0.03706	0.00151	0.14959	0.00453	0.03186	0.39923
19	0.01151	0.01092	0.17708	0.01116	0.07832	0.00790	0.02695	0.03150	0.08126	0.18698	0.01819	0.27553	0.01722	0.00865	0.00525	0.00167	0.00452	0.03504	0.00408	0.00628

[dist]
# distance from previous block
# <min> <max>
2	6

[block]
# block no. 2 follows, 53 sequences, length 41
# corresponding to MSA columns:
# 56-96
name=unknown_C
#
# <colnr> <probs for GDERKNQSTAVLIFYWHMCP>
#	G	D	E	R	K	N	Q	S	T	A	V	L	I	F	Y	W	H	M	C	P
0	0.05633	0.01275	0.03397	0.01921	0.36906	0.08082	0.02729	0.22990	0.04005	0.01966	0.01075	0.01394	0.00886	0.00534	0.00475	0.00147	0.00566	0.04972	0.00327	0.00721
1	0.01124	0.01389	0.23954	0.00981	0.01455	0.04214	0.02946	0.04572	0.02518	0.07370	0.01032	0.04446	0.00829	0.00469	0.00419	0.00114	0.00496	0.00381	0.00298	0.40994
2	0.04971	0.31731	0.01827	0.01088	0.01384	0.32594	0.05064	0.01641	0.04584	0.01248	0.00763	0.00907	0.00655	0.00498	0.00509	0.00129	0.09259	0.00322	0.00240	0.00585
3	0.75285	0.11856	0.00941	0.00654	0.00964	0.01181	0.00557	0.01408	0.00834	0.02009	0.00665	0.00775	0.00530	0.00439	0.00297	0.00142	0.00388	0.00258	0.00284	0.00530
4	0.00582	0.00416	0.00555	0.00666	0.00693	0.00388	0.00444	0.00666	0.00915	0.01220	0.02634	0.82891	0.03161	0.01497	0.00610	0.00194	0.00277	0.01359	0.00444	0.00388
5	0.00991	0.00850	0.00991	0.00708	0.01133	0.00637	0.00566	0.01203	0.00991	0.01557	0.00850	0.00991	0.00708	0.00354	0.00354	0.00071	0.00354	0.00283	0.00283	0.86124
6	0.01489	0.17472	0.34165	0.01055	0.01571	0.01100	0.01163	0.01820	0.01144	0.32656	0.01226	0.01206	0.00835	0.00500	0.00436	0.00140	0.00550	0.00385	0.00356	0.00731
7	0.00695	0.00463	0.00521	0.00521	0.00521	0.00463	0.00290	0.00695	0.00695	0.00927	0.01506	0.03128	0.01738	0.83203	0.02433	0.00463	0.00463	0.00695	0.00290	0.00290
8	0.13338	0.01797	0.01278	0.01105	0.01396	0.46045	0.00858	0.22639	0.04138	0.01830	0.00880	0.00959	0.00684	0.00513	0.00427	0.00133	0.00688	0.00342	0.00324	0.00626
9	0.01461	0.37739	0.04040	0.01003	0.01352	0.24415	0.00876	0.10220	0.11913	0.01475	0.00919	0.00981	0.00751	0.00485	0.00390	0.00122	0.00600	0.00331	0.00285	0.00641
10	0.00690	0.00501	0.00556	0.00536	0.00683	0.00435	0.00396	0.00825	0.01124	0.05943	0.19830	0.05610	0.51986	0.07905	0.00715	0.00184	0.00267	0.00930	0.00457	0.00427
11	0.01274	0.01069	0.01129	0.00990	0.01276	0.01229	0.00777	0.12917	0.68841	0.02138	0.01837	0.01697	0.01371	0.00638	0.00485	0.00160	0.00398	0.00525	0.00485	0.00764
12	0.00580	0.00485	0.00505	0.00500	0.00655	0.00410	0.00375	0.00715	0.01125	0.01376	0.15088	0.04459	0.69728	0.01179	0.00565	0.00160	0.00240	0.00989	0.00455	0.00410
13	0.01002	0.13522	0.70058	0.01288	0.01954	0.01217	0.01637	0.01502	0.01004	0.01461	0.00831	0.00976	0.00607	0.00448	0.00434	0.00145	0.00680	0.00340	0.00202	0.00694
14	0.01206	0.01239	0.01501	0.05758	0.39667	0.19105	0.01169	0.01440	0.01145	0.01425	0.01255	0.02132	0.01201	0.00660	0.00509	0.00157	0.00607	0.18912	0.00287	0.00624
15	0.00891	0.00445	0.00445	0.00445	0.00557	0.00445	0.00334	0.01114	0.01002	0.01782	0.01559	0.01782	0.01225	0.00557	0.00334	0.00111	0.00223	0.00445	0.85856	0.00445
16	0.00608	0.00454	0.00566	0.00606	0.00689	0.00411	0.00428	0.00744	0.01090	0.01454	0.27343	0.40899	0.20416	0.01272	0.00586	0.00173	0.00253	0.01127	0.00470	0.00411
17	0.64511	0.00944	0.00879	0.11781	0.01305	0.01090	0.00668	0.07796	0.00973	0.05230	0.00779	0.00909	0.00585	0.00465	0.00343	0.00149	0.00421	0.00304	0.00311	0.00556
18	0.01874	0.00808	0.01129	0.11916	0.01478	0.00753	0.00777	0.02113	0.03605	0.63507	0.05634	0.01680	0.01282	0.00597	0.00485	0.00150	0.00428	0.00494	0.00534	0.00755
19	0.00580	0.00485	0.00505	0.00500	0.00655	0.00410	0.00375	0.00715	0.01124	0.01374	0.14788	0.04464	0.70029	0.01180	0.00565	0.00160	0.00240	0.00990	0.00455	0.00410
20	0.84266	0.00922	0.00722	0.02826	0.00988	0.01072	0.00539	0.01400	0.00817	0.02120	0.00670	0.00790	0.00521	0.00445	0.00301	0.00148	0.00377	0.00263	0.00294	0.00518
21	0.01185	0.01214	0.02091	0.07447	0.02073	0.07726	0.46504	0.06928	0.05091	0.01640	0.01082	0.01335	0.00821	0.00461	0.00506	0.00150	0.00678	0.00506	0.11945	0.00619
22	0.01128	0.01289	0.02820	0.02015	0.02498	0.01209	0.78485	0.01531	0.01128	0.01531	0.00967	0.01289	0.00725	0.00403	0.00564	0.00161	0.00806	0.00564	0.00242	0.00645
23	0.13278	0.00900	0.01100	0.00855	0.01217	0.00858	0.00706	0.12613	0.01414	0.59596	0.01623	0.01449	0.01045	0.00570	0.00456	0.00147	0.00418	0.00444	0.00537	0.00774
24	0.20410	0.00844	0.00955	0.01011	0.11757	0.00875	0.00681	0.16029	0.01240	0.05754	0.02211	0.12824	0.21937	0.00815	0.00477	0.00156	0.00383	0.00669	0.00396	0.00574
25	0.05558	0.01094	0.07607	0.00893	0.01222	0.11693	0.00765	0.01892	0.01255	0.46465	0.03580	0.09259	0.05215	0.00685	0.00482	0.00150	0.00467	0.00554	0.00476	0.00687
26	0.00958	0.00544	0.00722	0.00660	0.00813	0.00493	0.00500	0.01156	0.01296	0.17583	0.53771	0.13999	0.03659	0.00971	0.00553	0.00156	0.00269	0.00855	0.00528	0.00515
27	0.00959	0.02472	0.80726	0.01362	0.02069	0.01110	0.01766	0.01514	0.01009	0.01514	0.00858	0.01009	0.00605	0.00454	0.00454	0.00151	0.00706	0.00353	0.00202	0.00706
28	0.01254	0.12477	0.01961	0.02481	0.61860	0.08962	0.01326	0.01505	0.01098	0.01464	0.00852	0.01095	0.00724	0.00430	0.00446	0.00135	0.00588	0.00391	0.00233	0.00718
29	0.06615	0.01345	0.12101	0.01137	0.05341	0.03002	0.00964	0.41264	0.08183	0.04824	0.03755	0.06967	0.01107	0.00625	0.00475	0.00150	0.00508	0.00496	0.00416	0.00726
30	0.00646	0.00476	0.00604	0.00596	0.00701	0.00434	0.00438	0.00834	0.01246	0.01719	0.57209	0.16546	0.14591	0.01093	0.00571	0.00159	0.00236	0.00964	0.00502	0.00434
31	0.01116	0.01096	0.01952	0.19653	0.53243	0.01130	0.11941	0.01423	0.01066	0.01485	0.00898	0.01217	0.00727	0.00434	0.00487	0.00148	0.00615	0.00444	0.00232	0.00694
32	0.01623	0.01363	0.07612	0.06769	0.01584	0.20311	0.06557	0.04178	0.10314	0.29133	0.02416	0.01487	0.01041	0.00568	0.00480	0.00148	0.00584	0.02741	0.00405	0.00688
33	0.00799	0.00494	0.00613	0.00631	0.00746	0.00441	0.00451	0.00910	0.01037	0.12079	0.06501	0.43259	0.24572	0.04339	0.00646	0.00187	0.00290	0.01094	0.00462	0.00450
34	0.00959	0.02472	0.80726	0.01362	0.02069	0.01110	0.01766	0.01514	0.01009	0.01514	0.00858	0.01009	0.00605	0.00454	0.00454	0.00151	0.00706	0.00353	0.00202	0.00706
35	0.07775	0.01568	0.22632	0.01271	0.04934	0.07826	0.09277	0.16222	0.12866	0.06369	0.01180	0.03938	0.00902	0.00544	0.00469	0.00151	0.00585	0.00451	0.00343	0.00698
36	0.01102	0.26363	0.13916	0.17651	0.09915	0.04032	0.01116	0.05182	0.01031	0.01343	0.00866	0.01128	0.00721	0.00882	0.11459	0.00221	0.01862	0.00370	0.00231	0.00607
37	0.00579	0.00442	0.00533	0.00601	0.00677	0.00395	0.00416	0.00679	0.00988	0.01264	0.05552	0.53503	0.29885	0.01383	0.00593	0.00182	0.00264	0.01223	0.00446	0.00395
38	0.03653	0.01286	0.14759	0.02587	0.06934	0.01096	0.25148	0.04682	0.09436	0.06939	0.01293	0.08131	0.02623	0.00611	0.00615	0.00164	0.08525	0.00557	0.00313	0.00649
39	0.01423	0.05306	0.12947	0.01296	0.04528	0.06508	0.14455	0.17330	0.16460	0.11133	0.01250	0.01292	0.00909	0.00520	0.00477	0.00147	0.00577	0.00450	0.00371	0.02622
40	0.25507	0.06840	0.02572	0.01396	0.23354	0.05025	0.02453	0.02563	0.01052	0.08154	0.05294	0.09390	0.01196	0.00609	0.00435	0.00149	0.00465	0.02612	0.00325	0.00609

[dist]
# distance from previous block
# <min> <max>
1	8

[block]
# block no. 3 follows, 53 sequences, length 68
# corresponding to MSA columns:
# 105-172
name=unknown_D
#
# <colnr> <probs for GDERKNQSTAVLIFYWHMCP>
#	G	D	E	R	K	N	Q	S	T	A	V	L	I	F	Y	W	H	M	C	P
0	0.01313	0.04256	0.01606	0.03985	0.16068	0.13384	0.13364	0.11443	0.06141	0.05807	0.07780	0.04712	0.01206	0.00560	0.00482	0.00141	0.00571	0.00500	0.00338	0.06342
1	0.04121	0.28651	0.12589	0.02880	0.01191	0.02362	0.00809	0.04766	0.01042	0.01373	0.03501	0.23859	0.08136	0.00823	0.00459	0.00148	0.00448	0.01983	0.00319	0.00543
2	0.01016	0.26375	0.01371	0.00862	0.05004	0.08046	0.01752	0.03104	0.01122	0.01422	0.24729	0.05252	0.04823	0.12330	0.00731	0.00179	0.00439	0.00590	0.00343	0.00511
3	0.04396	0.00637	0.00733	0.00669	0.00833	0.00621	0.00492	0.06125	0.06295	0.14861	0.08403	0.11554	0.18063	0.21588	0.01005	0.00237	0.00364	0.02187	0.00436	0.00501
4	0.10805	0.00996	0.01314	0.08283	0.22295	0.01057	0.00955	0.11716	0.15178	0.14338	0.07163	0.01497	0.01201	0.00558	0.00465	0.00149	0.00462	0.00470	0.00394	0.00705
5	0.13901	0.24655	0.18265	0.04284	0.01536	0.16007	0.02588	0.08435	0.01155	0.03995	0.00813	0.00928	0.00637	0.00462	0.00391	0.00132	0.00605	0.00322	0.00262	0.00629
6	0.00605	0.00481	0.00544	0.00539	0.00673	0.00419	0.00400	0.00760	0.01169	0.01505	0.31020	0.10101	0.47791	0.01150	0.00568	0.00160	0.00239	0.00984	0.00473	0.00419
7	0.00636	0.00463	0.00534	0.00556	0.00612	0.00441	0.00361	0.00697	0.00852	0.01098	0.02635	0.19499	0.23497	0.39051	0.06692	0.00346	0.00418	0.00903	0.00361	0.00350
8	0.16829	0.04206	0.10866	0.18629	0.04791	0.03910	0.01884	0.06284	0.01056	0.03158	0.03986	0.19743	0.01345	0.00721	0.00467	0.00158	0.00491	0.00605	0.00317	0.00553
9	0.00998	0.03151	0.32384	0.01134	0.07424	0.00885	0.01110	0.01349	0.01005	0.01532	0.00853	0.01008	0.00670	0.00400	0.00401	0.00108	0.00511	0.00321	0.00246	0.44510
10	0.00582	0.00428	0.00543	0.00633	0.00682	0.00392	0.00427	0.00669	0.00938	0.01224	0.02957	0.68643	0.15283	0.03364	0.00646	0.00195	0.00276	0.01288	0.00440	0.00388
11	0.01114	0.41945	0.42616	0.01097	0.01658	0.01491	0.01304	0.01473	0.00991	0.01324	0.00764	0.00891	0.00609	0.00432	0.00382	0.00127	0.00611	0.00306	0.00203	0.00661
12	0.03235	0.01194	0.14954	0.02844	0.21071	0.00958	0.01065	0.03373	0.13371	0.22759	0.01644	0.03411	0.06791	0.00595	0.00480	0.00151	0.00485	0.00505	0.00390	0.00721
13	0.01124	0.00685	0.00865	0.00808	0.03851	0.00666	0.00597	0.01537	0.15689	0.20410	0.35899	0.05796	0.08396	0.00842	0.00528	0.00154	0.00312	0.00727	0.00515	0.00598
14	0.20549	0.12631	0.01225	0.00872	0.01185	0.01241	0.00718	0.07714	0.38111	0.08873	0.01413	0.01353	0.01056	0.00558	0.00417	0.00148	0.00408	0.00424	0.00412	0.00692
15	0.35377	0.00925	0.01008	0.00838	0.01119	0.01021	0.00689	0.04625	0.06794	0.29677	0.01202	0.01202	0.00848	0.00571	0.00561	0.00157	0.11941	0.00386	0.00409	0.00651
16	0.01003	0.01088	0.12239	0.00808	0.01272	0.00721	0.00742	0.02815	0.01019	0.01581	0.00857	0.00997	0.00696	0.00373	0.00371	0.00084	0.00407	0.00296	0.00276	0.72357
17	0.00581	0.00421	0.00549	0.00652	0.00690	0.00389	0.00438	0.00667	0.00928	0.01225	0.02796	0.77166	0.08782	0.01476	0.00607	0.00192	0.00275	0.01333	0.00444	0.00389
18	0.01002	0.23236	0.49120	0.01114	0.01659	0.01220	0.01334	0.01406	0.01048	0.01469	0.11958	0.01307	0.01158	0.00516	0.00431	0.00138	0.00588	0.00400	0.00248	0.00646
19	0.01367	0.01088	0.01105	0.00974	0.01257	0.06977	0.00761	0.02464	0.62661	0.13011	0.01849	0.01694	0.01358	0.00629	0.00481	0.00157	0.00418	0.00515	0.00484	0.00750
20	0.01189	0.01027	0.01081	0.00973	0.01243	0.01189	0.00757	0.02540	0.79357	0.01999	0.01945	0.01783	0.01459	0.00648	0.00486	0.00162	0.00378	0.00540	0.00486	0.00757
21	0.00830	0.00415	0.00623	0.00623	0.00623	0.00415	0.00415	0.00623	0.00623	0.00830	0.00830	0.01453	0.00830	0.01660	0.01868	0.86094	0.00415	0.00415	0.00208	0.00208
22	0.86579	0.00924	0.00702	0.00629	0.00924	0.01072	0.00518	0.01405	0.00813	0.02144	0.00666	0.00776	0.00518	0.00444	0.00296	0.00148	0.00370	0.00259	0.00296	0.00518
23	0.00618	0.00480	0.00565	0.00578	0.00692	0.00431	0.00420	0.00789	0.02723	0.01492	0.28807	0.23852	0.34435	0.01195	0.00574	0.00166	0.00248	0.01040	0.00472	0.00422
24	0.03223	0.00864	0.01111	0.00874	0.01229	0.00805	0.00715	0.05158	0.12385	0.65483	0.01849	0.01619	0.01199	0.00597	0.00479	0.00150	0.00407	0.00484	0.00568	0.00801
25	0.01183	0.01136	0.01940	0.02934	0.80221	0.01136	0.01467	0.01467	0.01088	0.01562	0.00899	0.01183	0.00757	0.00426	0.00473	0.00142	0.00568	0.00426	0.00237	0.00757
26	0.01654	0.00923	0.01095	0.00913	0.01232	0.00952	0.00730	0.02437	0.41360	0.40271	0.01916	0.01707	0.01325	0.00621	0.00484	0.00155	0.00392	0.00511	0.00538	0.00784
27	0.00582	0.00416	0.00555	0.00666	0.00693	0.00388	0.00444	0.00666	0.00915	0.01220	0.02634	0.82891	0.03161	0.01497	0.00610	0.00194	0.00277	0.01359	0.00444	0.00388
28	0.00685	0.00504	0.00728	0.00728	0.00799	0.00576	0.00547	0.00828	0.00756	0.01080	0.01317	0.02081	0.01283	0.16563	0.68451	0.00718	0.01147	0.00542	0.00262	0.00404
29	0.00648	0.00505	0.00683	0.00749	0.00772	0.00540	0.00529	0.00734	0.00889	0.01210	0.02351	0.71354	0.02804	0.01404	0.00745	0.00196	0.11843	0.01226	0.00411	0.00407
30	0.74677	0.00909	0.00760	0.00660	0.00966	0.01020	0.00544	0.01535	0.00892	0.13196	0.00837	0.00896	0.00611	0.00465	0.00322	0.00148	0.00375	0.00290	0.00337	0.00559
31	0.01787	0.02243	0.01357	0.01226	0.01478	0.78332	0.00923	0.04747	0.01387	0.01238	0.00754	0.00873	0.00623	0.00496	0.00433	0.00124	0.00850	0.00312	0.00255	0.00564
32	0.01812	0.01471	0.01423	0.01118	0.01482	0.12730	0.00911	0.67814	0.02121	0.02753	0.01090	0.01107	0.00785	0.00562	0.00471	0.00141	0.00573	0.00413	0.00445	0.00776
33	0.01277	0.01057	0.01095	0.00942	0.01226	0.02775	0.00744	0.22189	0.46556	0.02148	0.02120	0.01995	0.12347	0.00705	0.00494	0.00156	0.00408	0.00573	0.00473	0.00717
34	0.00904	0.00603	0.00895	0.17033	0.06281	0.00614	0.00720	0.01061	0.00998	0.12424	0.02065	0.50059	0.02229	0.01099	0.00557	0.00177	0.00385	0.00990	0.00405	0.00500
35	0.00653	0.00501	0.00588	0.00629	0.00745	0.00460	0.00492	0.00788	0.01031	0.01284	0.03516	0.07554	0.40273	0.12815	0.00862	0.00225	0.00341	0.26424	0.00421	0.00399
36	0.00991	0.00850	0.00991	0.00708	0.01133	0.00637	0.00566	0.01203	0.00991	0.01557	0.00850	0.00991	0.00708	0.00354	0.00354	0.00071	0.00354	0.00283	0.00283	0.86124
37	0.01180	0.01064	0.01326	0.01120	0.01420	0.01192	0.11713	0.02398	0.68331	0.01933	0.01807	0.01714	0.01356	0.00614	0.00497	0.00162	0.00439	0.00544	0.00452	0.00741
38	0.01183	0.01136	0.01940	0.02934	0.80221	0.01136	0.01467	0.01467	0.01088	0.01562	0.00899	0.01183	0.00757	0.00426	0.00473	0.00142	0.00568	0.00426	0.00237	0.00757
39	0.01765	0.01448	0.01397	0.01109	0.01464	0.12708	0.00899	0.62116	0.07895	0.02677	0.01150	0.01155	0.00833	0.00568	0.00472	0.00142	0.00562	0.00421	0.00446	0.00772
40	0.00685	0.00505	0.00733	0.00733	0.00807	0.00579	0.00554	0.00831	0.00758	0.01084	0.01312	0.02054	0.01271	0.14807	0.70191	0.00725	0.01165	0.00538	0.00261	0.00407
41	0.00689	0.00504	0.00670	0.00765	0.00860	0.00485	0.00623	0.00858	0.01048	0.01353	0.02885	0.26667	0.13756	0.01354	0.00633	0.00205	0.00367	0.45416	0.00442	0.00421
42	0.01480	0.01636	0.01214	0.01099	0.01357	0.40212	0.00838	0.02232	0.41354	0.01595	0.01358	0.01334	0.01048	0.00572	0.00459	0.00143	0.00614	0.00427	0.00369	0.00658
43	0.00594	0.00493	0.00525	0.00540	0.00694	0.00424	0.00421	0.00729	0.01091	0.01311	0.04516	0.04711	0.69135	0.01226	0.00578	0.00170	0.00270	0.11720	0.00443	0.00409
44	0.01046	0.01046	0.01464	0.01255	0.01255	0.01464	0.01046	0.01150	0.00732	0.01150	0.00627	0.01046	0.00627	0.00837	0.01569	0.00209	0.82328	0.00418	0.00209	0.00523
45	0.01042	0.17283	0.55284	0.01354	0.01974	0.01268	0.12404	0.01501	0.01019	0.01444	0.00837	0.01004	0.00624	0.00439	0.00442	0.00144	0.00684	0.00365	0.00208	0.00680
46	0.00903	0.00850	0.01434	0.82054	0.03292	0.01062	0.01327	0.01221	0.00956	0.01221	0.00850	0.01274	0.00637	0.00478	0.00478	0.00159	0.00637	0.00425	0.00212	0.00531
47	0.02144	0.00813	0.01109	0.00850	0.01220	0.00702	0.00702	0.02329	0.01368	0.80552	0.01886	0.01627	0.01183	0.00592	0.00481	0.00148	0.00407	0.00481	0.00592	0.00813
48	0.00902	0.00820	0.01361	0.76086	0.03092	0.01017	0.01255	0.01213	0.00959	0.01262	0.00901	0.01311	0.00680	0.00484	0.00467	0.00156	0.00607	0.00426	0.06475	0.00525
49	0.21783	0.01377	0.01136	0.10002	0.07335	0.28843	0.00839	0.01661	0.12132	0.01566	0.01275	0.01369	0.07689	0.00559	0.00426	0.00143	0.00575	0.00412	0.00305	0.00573
50	0.01983	0.00778	0.01057	0.00823	0.01164	0.00675	0.00675	0.02172	0.01366	0.71903	0.10474	0.01841	0.01549	0.00634	0.00490	0.00148	0.00387	0.00523	0.00584	0.00774
51	0.01027	0.01051	0.01422	0.70662	0.03036	0.12369	0.01270	0.01318	0.01012	0.01214	0.00834	0.01216	0.00634	0.00480	0.00471	0.00154	0.00669	0.00408	0.00217	0.00534
52	0.01545	0.00755	0.01099	0.22078	0.01670	0.00743	0.00820	0.01752	0.01196	0.45698	0.04599	0.13061	0.01442	0.00704	0.00501	0.00157	0.00442	0.00604	0.00469	0.00666
53	0.03843	0.00958	0.01167	0.00904	0.01263	0.00937	0.00745	0.24484	0.03232	0.51383	0.01632	0.01478	0.01068	0.00583	0.00470	0.00145	0.00433	0.00461	0.04023	0.00791
54	0.01166	0.01118	0.01910	0.07704	0.75583	0.01131	0.01458	0.01452	0.01080	0.01541	0.00896	0.01188	0.00750	0.00429	0.00473	0.00143	0.00572	0.00426	0.00235	0.00743
55	0.00692	0.00476	0.00585	0.00585	0.00608	0.00498	0.00369	0.00736	0.00714	0.00974	0.01447	0.02803	0.01597	0.62541	0.22902	0.00542	0.00675	0.00648	0.00281	0.00325
56	0.01368	0.01307	0.00956	0.00859	0.01058	0.32976	0.00652	0.12338	0.01315	0.01682	0.02902	0.01413	0.01014	0.03590	0.00476	0.00134	0.00530	0.00407	0.34488	0.00535
57	0.01802	0.01776	0.01397	0.01161	0.01480	0.38635	0.00915	0.42909	0.01832	0.02154	0.00957	0.01015	0.00721	0.00536	0.00456	0.00134	0.00682	0.00373	0.00370	0.00692
58	0.00915	0.00832	0.01367	0.14980	0.27173	0.00850	0.06514	0.01158	0.01076	0.01495	0.15836	0.15273	0.03568	0.00737	0.00544	0.00156	0.02511	0.00678	0.00326	0.04009
59	0.01160	0.00945	0.01056	0.00868	0.02292	0.00929	0.00677	0.17425	0.21605	0.01975	0.07040	0.03337	0.05791	0.00594	0.00448	0.00124	0.00382	0.00487	0.00405	0.32462
60	0.00597	0.00477	0.00535	0.00539	0.00670	0.00414	0.00397	0.00742	0.01139	0.01452	0.25004	0.14323	0.49655	0.01184	0.00570	0.00163	0.00242	0.01014	0.00466	0.00414
61	0.00731	0.00569	0.00760	0.00745	0.00806	0.02270	0.00553	0.00853	0.00759	0.01067	0.01286	0.02124	0.01286	0.23653	0.54591	0.00643	0.06093	0.00549	0.00261	0.00400
62	0.04585	0.19450	0.19374	0.14474	0.14508	0.04708	0.02721	0.02849	0.04115	0.01415	0.00946	0.04143	0.00807	0.03385	0.00500	0.00152	0.00584	0.00411	0.00245	0.00628
63	0.04179	0.00867	0.01118	0.00870	0.01232	0.00799	0.00715	0.07334	0.07185	0.67668	0.01811	0.01585	0.01162	0.00591	0.00476	0.00149	0.00412	0.00476	0.00569	0.00802
64	0.00594	0.00431	0.00561	0.00643	0.00693	0.00398	0.00439	0.00700	0.00990	0.01323	0.13696	0.65985	0.08972	0.01403	0.00600	0.00186	0.00267	0.01263	0.00455	0.00398
65	0.01145	0.01116	0.02980	0.02276	0.47398	0.02148	0.14702	0.06238	0.02720	0.01627	0.03122	0.08019	0.01109	0.00562	0.00507	0.00152	0.00573	0.02627	0.00287	0.00691
66	0.11728	0.08093	0.13280	0.05611	0.10424	0.05192	0.25836	0.01599	0.01087	0.11238	0.00978	0.01151	0.00723	0.00450	0.00463	0.00148	0.00633	0.00426	0.00281	0.00658
67	0.05570	0.04208	0.08411	0.03167	0.01527	0.00959	0.16205	0.08113	0.01221	0.27075	0.02597	0.12841	0.01247	0.00667	0.00543	0.00158	0.03836	0.00588	0.00403	0.00664

[dist]
# distance from previous block
# <min> <max>
2	20

[block]
# block no. 4 follows, 53 sequences, length 27
# corresponding to MSA columns:
# 193-219
name=unknown_E
#
# <colnr> <probs for GDERKNQSTAVLIFYWHMCP>
#	G	D	E	R	K	N	Q	S	T	A	V	L	I	F	Y	W	H	M	C	P
0	0.08038	0.00737	0.00930	0.00973	0.09000	0.00745	0.00656	0.11268	0.03046	0.13248	0.09842	0.27981	0.02058	0.05802	0.03283	0.00201	0.00406	0.00788	0.00431	0.00564
1	0.27321	0.17738	0.07050	0.00958	0.01335	0.03843	0.06492	0.14318	0.09663	0.01921	0.00930	0.01012	0.00721	0.00476	0.00387	0.00136	0.00495	0.00349	0.00316	0.04543
2	0.27419	0.07102	0.09799	0.02867	0.04990	0.01117	0.07705	0.03960	0.14999	0.02888	0.02367	0.01151	0.00843	0.00480	0.00403	0.00140	0.00472	0.00379	0.00316	0.10603
3	0.01160	0.17111	0.34922	0.01175	0.01668	0.01199	0.09527	0.06469	0.04699	0.07232	0.03945	0.01317	0.00933	0.05937	0.00578	0.00163	0.00598	0.00422	0.00283	0.00662
4	0.01009	0.07775	0.62118	0.01437	0.02085	0.01180	0.14793	0.01511	0.01027	0.01490	0.00863	0.01040	0.00626	0.00442	0.00463	0.00150	0.00710	0.00383	0.00209	0.00690
5	0.05130	0.01206	0.08345	0.11811	0.23573	0.01105	0.23914	0.06465	0.01158	0.07910	0.01018	0.01248	0.00765	0.00456	0.00486	0.00150	0.00620	0.00458	0.03503	0.00677
6	0.00914	0.00865	0.01436	0.75496	0.03127	0.01095	0.01305	0.01215	0.00938	0.01215	0.00832	0.01256	0.00636	0.00507	0.00566	0.00163	0.07267	0.00424	0.00212	0.00530
7	0.00599	0.00428	0.00573	0.00677	0.00714	0.00402	0.00466	0.00698	0.00947	0.01266	0.06168	0.74129	0.03196	0.01462	0.00611	0.00194	0.00286	0.06343	0.00447	0.00395
8	0.00683	0.00563	0.00811	0.22358	0.01398	0.00606	0.00688	0.00839	0.00956	0.01248	0.04636	0.45665	0.12834	0.01151	0.00598	0.00180	0.02958	0.01018	0.00377	0.00434
9	0.01171	0.01403	0.08747	0.11294	0.02382	0.07371	0.50406	0.05518	0.01160	0.01529	0.00924	0.01216	0.00698	0.00447	0.00566	0.00158	0.03632	0.00499	0.00247	0.00634
10	0.01122	0.01060	0.01795	0.10521	0.66251	0.01081	0.01397	0.01404	0.01076	0.01518	0.01027	0.01533	0.00907	0.00504	0.00489	0.00150	0.00564	0.06641	0.00251	0.00709
11	0.00687	0.00496	0.00689	0.00689	0.00747	0.00554	0.00499	0.00803	0.00745	0.01051	0.01353	0.02278	0.01369	0.29111	0.56020	0.00670	0.01018	0.00571	0.00267	0.00383
12	0.00611	0.00438	0.00580	0.00646	0.00700	0.00407	0.00446	0.00737	0.01048	0.01431	0.26043	0.58881	0.03569	0.01340	0.00596	0.00181	0.00262	0.01209	0.00469	0.00407
13	0.00586	0.00417	0.00554	0.00661	0.00688	0.00391	0.00439	0.00666	0.00908	0.01211	0.02599	0.80426	0.03117	0.04022	0.00666	0.00202	0.00283	0.01338	0.00439	0.00385
14	0.00959	0.02472	0.80726	0.01362	0.02069	0.01110	0.01766	0.01514	0.01009	0.01514	0.00858	0.01009	0.00605	0.00454	0.00454	0.00151	0.00706	0.00353	0.00202	0.00706
15	0.55496	0.00923	0.00876	0.00729	0.01053	0.00994	0.00601	0.07440	0.01083	0.25198	0.01059	0.01053	0.00735	0.00497	0.00364	0.00148	0.00392	0.00337	0.00396	0.00626
16	0.06784	0.01104	0.01765	0.18731	0.51365	0.03026	0.04852	0.03960	0.01089	0.01568	0.00881	0.01171	0.00714	0.00443	0.00466	0.00146	0.00585	0.00418	0.00244	0.00687
17	0.00598	0.00427	0.00572	0.00683	0.00717	0.00401	0.00470	0.00692	0.00930	0.01237	0.02626	0.76601	0.03128	0.01483	0.00614	0.00196	0.00291	0.07498	0.00443	0.00392
18	0.01792	0.02087	0.01371	0.01205	0.01479	0.65027	0.00920	0.17537	0.01536	0.01545	0.00822	0.00920	0.00656	0.00509	0.00441	0.00127	0.00793	0.00333	0.00294	0.00607
19	0.86579	0.00924	0.00702	0.00629	0.00924	0.01072	0.00518	0.01405	0.00813	0.02144	0.00666	0.00776	0.00518	0.00444	0.00296	0.00148	0.00370	0.00259	0.00296	0.00518
20	0.00594	0.00452	0.00550	0.00619	0.00701	0.00408	0.00442	0.00704	0.01000	0.01277	0.05054	0.47780	0.29778	0.01372	0.00597	0.00184	0.00277	0.07366	0.00445	0.00399
21	0.10697	0.01710	0.36816	0.01119	0.01588	0.05192	0.01199	0.06045	0.19674	0.04771	0.01240	0.01442	0.00956	0.00563	0.00457	0.00155	0.00562	0.04802	0.00326	0.00684
22	0.00657	0.00508	0.00700	0.00716	0.00783	0.00507	0.02409	0.00794	0.01044	0.01434	0.25713	0.48340	0.06021	0.01256	0.00664	0.00180	0.06294	0.01110	0.00446	0.00424
23	0.01288	0.28009	0.14299	0.01337	0.14211	0.02974	0.02607	0.10041	0.15201	0.04042	0.01059	0.01134	0.00828	0.00487	0.00420	0.00135	0.00538	0.00382	0.00303	0.00704
24	0.34047	0.04901	0.09798	0.01579	0.27268	0.07124	0.04374	0.01477	0.00989	0.01731	0.00785	0.00967	0.00630	0.00438	0.00394	0.00142	0.00532	0.00341	0.00256	0.02230
25	0.01395	0.36528	0.12743	0.03344	0.01475	0.06970	0.00975	0.19249	0.04063	0.04274	0.00905	0.00982	0.00711	0.00473	0.00394	0.00124	0.00554	0.00336	0.00296	0.04209
26	0.06956	0.04894	0.01445	0.03846	0.17832	0.01230	0.00957	0.29849	0.11949	0.14365	0.01254	0.01277	0.00911	0.00537	0.00459	0.00145	0.00489	0.00433	0.00414	0.00757

[dist]
# distance from previous block
# <min> <max>
0	1

[block]
# block no. 5 follows, 53 sequences, length 55
# corresponding to MSA columns:
# 221-275
name=unknown_F
#
# <colnr> <probs for GDERKNQSTAVLIFYWHMCP>
#	G	D	E	R	K	N	Q	S	T	A	V	L	I	F	Y	W	H	M	C	P
0	0.01064	0.01059	0.01932	0.32948	0.34453	0.01123	0.17661	0.01387	0.01046	0.01425	0.00894	0.01240	0.00705	0.00441	0.00494	0.00153	0.00644	0.00455	0.00228	0.00647
1	0.01113	0.22789	0.15016	0.00981	0.01313	0.05504	0.05956	0.01345	0.01006	0.09602	0.01285	0.14769	0.01204	0.01176	0.14596	0.00252	0.00668	0.00547	0.00298	0.00579
2	0.26679	0.04501	0.30979	0.01198	0.01687	0.01168	0.14670	0.05643	0.06158	0.01803	0.00899	0.01038	0.00667	0.00459	0.00424	0.00151	0.00585	0.00375	0.00270	0.00645
3	0.00582	0.00416	0.00555	0.00666	0.00693	0.00388	0.00444	0.00666	0.00915	0.01220	0.02634	0.82891	0.03161	0.01497	0.00610	0.00194	0.00277	0.01359	0.00444	0.00388
4	0.01287	0.01411	0.01504	0.09491	0.34944	0.28427	0.01135	0.01501	0.01168	0.01365	0.01269	0.01601	0.07720	0.00569	0.00477	0.00143	0.00640	0.04462	0.00266	0.00619
5	0.00963	0.08858	0.66276	0.01276	0.01901	0.01130	0.02695	0.01450	0.00987	0.01447	0.00881	0.01069	0.00659	0.00723	0.07500	0.00201	0.00742	0.00362	0.00207	0.00674
6	0.00776	0.00592	0.00813	0.00739	0.00905	0.00547	0.07264	0.01014	0.05931	0.06301	0.19493	0.22834	0.28759	0.01088	0.00566	0.00166	0.00315	0.00964	0.00455	0.00478
7	0.00585	0.00430	0.00541	0.00628	0.00676	0.00395	0.00422	0.00670	0.00932	0.01216	0.02934	0.65976	0.15575	0.05747	0.00699	0.00203	0.00281	0.01267	0.00436	0.00386
8	0.00934	0.08386	0.21001	0.00958	0.01267	0.00985	0.00941	0.01449	0.17584	0.01601	0.17549	0.06369	0.06083	0.00774	0.00593	0.00161	0.07583	0.04821	0.00367	0.00593
9	0.01074	0.01080	0.01948	0.25116	0.30930	0.01169	0.19472	0.01375	0.01019	0.01410	0.00870	0.01218	0.00700	0.00482	0.00622	0.00159	0.10031	0.00457	0.00228	0.00639
10	0.00591	0.00422	0.00562	0.00660	0.00695	0.00394	0.00444	0.00686	0.00953	0.01281	0.09383	0.75968	0.03279	0.01452	0.00606	0.00190	0.00273	0.01316	0.00451	0.00394
11	0.40232	0.01109	0.01036	0.00851	0.01181	0.05363	0.00695	0.25245	0.04235	0.14267	0.01049	0.01060	0.00749	0.00516	0.00394	0.00146	0.00449	0.00358	0.00401	0.00664
12	0.01040	0.01267	0.11771	0.28653	0.13516	0.01138	0.32755	0.01417	0.01051	0.01430	0.00905	0.01235	0.00686	0.00437	0.00509	0.00157	0.00705	0.00473	0.00226	0.00630
13	0.00912	0.02225	0.70911	0.01266	0.01897	0.01023	0.01599	0.01411	0.01008	0.01482	0.01210	0.06258	0.05603	0.00564	0.00470	0.00155	0.00652	0.00455	0.00231	0.00668
14	0.00928	0.00865	0.01403	0.74978	0.03113	0.01073	0.01278	0.01336	0.07798	0.01289	0.00945	0.01319	0.00709	0.00493	0.00479	0.00160	0.00615	0.00435	0.00236	0.00551
15	0.07397	0.00907	0.01066	0.00862	0.01191	0.00906	0.00700	0.12605	0.17177	0.41937	0.01973	0.01796	0.08024	0.00645	0.00476	0.00151	0.00400	0.00517	0.00522	0.00746
16	0.01400	0.01334	0.01566	0.13605	0.23602	0.15169	0.03797	0.20498	0.10927	0.01850	0.01054	0.01209	0.00813	0.00508	0.00472	0.00145	0.00604	0.00425	0.00324	0.00698
17	0.00693	0.00470	0.00555	0.00555	0.00567	0.00482	0.00332	0.00717	0.00705	0.00952	0.01475	0.02956	0.01663	0.72266	0.13267	0.00505	0.00576	0.00670	0.00285	0.00308
18	0.01231	0.01208	0.08724	0.04825	0.37311	0.01152	0.10894	0.01509	0.01047	0.10442	0.00963	0.01209	0.00760	0.00523	0.00690	0.00159	0.15951	0.00441	0.00269	0.00693
19	0.16562	0.01874	0.01255	0.01103	0.01382	0.53041	0.00850	0.15539	0.01420	0.01669	0.00799	0.00898	0.00634	0.00499	0.00416	0.00131	0.00716	0.00321	0.00296	0.00594
20	0.01257	0.01275	0.01868	0.02725	0.70585	0.10944	0.01400	0.01521	0.01121	0.01514	0.00879	0.01144	0.00740	0.00434	0.00468	0.00140	0.00604	0.00411	0.00238	0.00732
21	0.00736	0.00588	0.00861	0.23808	0.01447	0.00622	0.00700	0.00980	0.01217	0.01682	0.53365	0.07087	0.03336	0.00862	0.00542	0.00155	0.00345	0.00765	0.00432	0.00470
22	0.01414	0.18607	0.16529	0.01256	0.05652	0.36694	0.01095	0.01666	0.03311	0.01267	0.00778	0.00929	0.00645	0.00499	0.00513	0.00134	0.07842	0.00328	0.00232	0.00608
23	0.00977	0.00584	0.00775	0.00752	0.00916	0.00551	0.00617	0.01222	0.03605	0.15466	0.31658	0.03897	0.07118	0.01038	0.00582	0.00176	0.00341	0.28705	0.00501	0.00517
24	0.02092	0.00898	0.01161	0.00890	0.01262	0.00828	0.00736	0.14561	0.01509	0.68121	0.01767	0.01550	0.01124	0.00589	0.00480	0.00147	0.00426	0.00473	0.00573	0.00813
25	0.00718	0.00565	0.00776	0.14867	0.01187	0.00573	0.00623	0.00967	0.02828	0.01673	0.48454	0.05044	0.12568	0.00946	0.00555	0.00159	0.00319	0.06261	0.00453	0.00464
26	0.01052	0.01161	0.08511	0.15878	0.24177	0.01269	0.01278	0.01285	0.00897	0.01312	0.00764	0.01122	0.00664	0.00623	0.00968	0.00176	0.37622	0.00416	0.00217	0.00607
27	0.01539	0.01115	0.01492	0.01586	0.23811	0.01210	0.01035	0.25215	0.07796	0.16914	0.01208	0.01286	0.00893	0.00578	0.00630	0.00155	0.11943	0.00446	0.00394	0.00752
28	0.00693	0.00470	0.00553	0.00553	0.00565	0.00481	0.00330	0.00716	0.00705	0.00951	0.01477	0.02965	0.01667	0.72819	0.12719	0.00503	0.00570	0.00671	0.00285	0.00307
29	0.23489	0.01136	0.01534	0.01298	0.07108	0.08035	0.21163	0.06696	0.01182	0.17123	0.01150	0.01418	0.00883	0.00527	0.00461	0.00153	0.00563	0.05086	0.00351	0.00643
30	0.01086	0.01166	0.02134	0.01630	0.01869	0.01338	0.39295	0.01338	0.00928	0.01338	0.00795	0.01166	0.00676	0.00622	0.01072	0.00185	0.42062	0.00490	0.00225	0.00583
31	0.02592	0.00900	0.00848	0.02196	0.00993	0.14726	0.00604	0.01359	0.13145	0.05080	0.32745	0.16318	0.04782	0.00902	0.00527	0.00155	0.00387	0.00771	0.00448	0.00522
32	0.00646	0.00478	0.00511	0.00503	0.00645	0.00421	0.00377	0.00807	0.01131	0.01512	0.20418	0.03886	0.50006	0.01046	0.00524	0.00150	0.00235	0.00879	0.15404	0.00421
33	0.02551	0.07844	0.10754	0.01510	0.18730	0.14313	0.03757	0.05156	0.21983	0.02498	0.01141	0.01229	0.00890	0.00512	0.00474	0.00142	0.02277	0.00414	0.00314	0.03510
34	0.01278	0.83490	0.02505	0.00818	0.01227	0.01891	0.00818	0.01431	0.00971	0.01125	0.00664	0.00767	0.00613	0.00409	0.00307	0.00102	0.00511	0.00256	0.00204	0.00613
35	0.00836	0.00680	0.00913	0.00751	0.00973	0.00613	0.05246	0.00990	0.00859	0.01263	0.01152	0.01836	0.01123	0.24254	0.22152	0.00368	0.00655	0.00475	0.00275	0.34584
36	0.01644	0.01381	0.06553	0.01476	0.10598	0.18315	0.19318	0.01901	0.01254	0.30862	0.01245	0.01293	0.00868	0.00498	0.00487	0.00145	0.00636	0.00449	0.00370	0.00704
37	0.00595	0.00442	0.00559	0.00646	0.00709	0.00406	0.00455	0.00698	0.00968	0.01253	0.03088	0.59718	0.19236	0.01422	0.00605	0.00190	0.00284	0.07887	0.00443	0.00396
38	0.00674	0.00505	0.00636	0.00650	0.00775	0.00467	0.00519	0.00870	0.01212	0.01614	0.38210	0.04359	0.23811	0.01136	0.00592	0.00173	0.00291	0.22592	0.00480	0.00435
39	0.03519	0.01019	0.01784	0.38588	0.33463	0.01109	0.10912	0.01362	0.01025	0.01420	0.00878	0.01226	0.00692	0.00447	0.00481	0.00152	0.00623	0.00438	0.00228	0.00634
40	0.01212	0.37598	0.34869	0.01120	0.01654	0.01421	0.05973	0.01550	0.01031	0.08242	0.00870	0.00974	0.00667	0.00443	0.00399	0.00130	0.00601	0.00335	0.00239	0.00671
41	0.00681	0.00458	0.00525	0.00539	0.00542	0.00454	0.00308	0.00691	0.00722	0.00963	0.01644	0.12889	0.01912	0.73204	0.02210	0.00430	0.00441	0.00776	0.00308	0.00302
42	0.00991	0.00850	0.00991	0.00708	0.01133	0.00637	0.00566	0.01203	0.00991	0.01557	0.00850	0.00991	0.00708	0.00354	0.00354	0.00071	0.00354	0.00283	0.00283	0.86124
43	0.01042	0.03008	0.00978	0.00733	0.01064	0.00723	0.00583	0.10095	0.02500	0.04627	0.10151	0.07217	0.07800	0.00611	0.00432	0.00109	0.00352	0.00508	0.00369	0.47097
44	0.03884	0.01291	0.08124	0.01026	0.01375	0.06601	0.00875	0.21265	0.37358	0.06896	0.01478	0.01419	0.01087	0.00579	0.00466	0.00148	0.00477	0.00457	0.00435	0.04760
45	0.00592	0.00423	0.00565	0.00672	0.00705	0.00396	0.00456	0.00684	0.00935	0.01248	0.04867	0.77725	0.03185	0.01476	0.00611	0.00194	0.00282	0.04147	0.00446	0.00392
46	0.00582	0.00416	0.00555	0.00666	0.00693	0.00388	0.00444	0.00666	0.00915	0.01220	0.02634	0.82891	0.03161	0.01497	0.00610	0.00194	0.00277	0.01359	0.00444	0.00388
47	0.01082	0.01922	0.44765	0.01663	0.06979	0.01168	0.27584	0.06216	0.01130	0.01614	0.00915	0.01123	0.00668	0.00442	0.00494	0.00154	0.00720	0.00434	0.00234	0.00695
48	0.01969	0.01073	0.08129	0.00950	0.01352	0.00909	0.00840	0.18998	0.01530	0.56642	0.01634	0.01468	0.01051	0.00576	0.00478	0.00147	0.00459	0.00458	0.00533	0.00804
49	0.00839	0.00674	0.00782	0.00799	0.00950	0.00714	0.00618	0.01413	0.29135	0.01556	0.02659	0.26067	0.12737	0.01115	0.00571	0.00184	0.00345	0.17848	0.00458	0.00534
50	0.01927	0.00901	0.01128	0.00875	0.01228	0.00851	0.00719	0.19367	0.01546	0.55795	0.03465	0.01773	0.06886	0.00640	0.00488	0.00148	0.00418	0.00515	0.00554	0.00776
51	0.00984	0.00741	0.01026	0.19848	0.07890	0.00782	0.00800	0.02962	0.11334	0.09211	0.23592	0.05205	0.12120	0.00775	0.00518	0.00156	0.00397	0.00674	0.00416	0.00568
52	0.01289	0.81702	0.02479	0.00827	0.01232	0.03639	0.00820	0.01442	0.00980	0.01126	0.00666	0.00769	0.00613	0.00411	0.00309	0.00103	0.00519	0.00257	0.00205	0.00612
53	0.01244	0.01096	0.01392	0.01033	0.01436	0.05118	0.12570	0.16873	0.02894	0.03144	0.00957	0.01089	0.00749	0.00433	0.00445	0.00108	0.02195	0.00368	0.00322	0.46536
54	0.06651	0.01300	0.01497	0.01627	0.25018	0.10592	0.02020	0.30035	0.07817	0.03571	0.01094	0.02961	0.00861	0.00542	0.00488	0.00145	0.02258	0.00436	0.00361	0.00726

[dist]
# distance from previous block
# <min> <max>
2	3

[block]
# block no. 6 follows, 53 sequences, length 87
# corresponding to MSA columns:
# 279-365
name=unknown_G
#
# <colnr> <probs for GDERKNQSTAVLIFYWHMCP>
#	G	D	E	R	K	N	Q	S	T	A	V	L	I	F	Y	W	H	M	C	P
0	0.00900	0.00762	0.00845	0.00901	0.03948	0.06341	0.00656	0.04966	0.15393	0.01534	0.05995	0.34161	0.04816	0.01119	0.00569	0.00181	0.00388	0.15574	0.00435	0.00515
1	0.01197	0.01647	0.21531	0.02058	0.31643	0.11867	0.17078	0.01590	0.03988	0.01507	0.00920	0.01141	0.00720	0.00445	0.00482	0.00146	0.00683	0.00424	0.00239	0.00695
2	0.86579	0.00924	0.00702	0.00629	0.00924	0.01072	0.00518	0.01405	0.00813	0.02144	0.00666	0.00776	0.00518	0.00444	0.00296	0.00148	0.00370	0.00259	0.00296	0.00518
3	0.00991	0.00850	0.00991	0.00708	0.01133	0.00637	0.00566	0.01203	0.00991	0.01557	0.00850	0.00991	0.00708	0.00354	0.00354	0.00071	0.00354	0.00283	0.00283	0.86124
4	0.00830	0.00415	0.00623	0.00623	0.00623	0.00415	0.00415	0.00623	0.00623	0.00830	0.00830	0.01453	0.00830	0.01660	0.01868	0.86094	0.00415	0.00415	0.00208	0.00208
5	0.01226	0.01254	0.01811	0.13063	0.58212	0.11848	0.02754	0.01495	0.01107	0.01464	0.00872	0.01154	0.00722	0.00441	0.00470	0.00142	0.00621	0.00412	0.00235	0.00698
6	0.00604	0.00475	0.00529	0.00533	0.00652	0.00418	0.00383	0.00731	0.01085	0.01378	0.20203	0.12817	0.47360	0.09779	0.00765	0.00194	0.00266	0.00984	0.00445	0.00400
7	0.01219	0.01042	0.01098	0.00979	0.01254	0.01203	0.00764	0.06216	0.75632	0.02048	0.01907	0.01753	0.01428	0.00645	0.00486	0.00161	0.00385	0.00535	0.00486	0.00759
8	0.00582	0.00416	0.00555	0.00666	0.00693	0.00388	0.00444	0.00666	0.00915	0.01220	0.02634	0.82891	0.03161	0.01497	0.00610	0.00194	0.00277	0.01359	0.00444	0.00388
9	0.01125	0.01318	0.06356	0.02087	0.12841	0.01201	0.62515	0.01512	0.01107	0.01524	0.00944	0.01255	0.00721	0.00420	0.00573	0.00159	0.02912	0.00532	0.00238	0.00659
10	0.00995	0.00862	0.01045	0.00746	0.01173	0.00654	0.02858	0.01213	0.00995	0.01557	0.00853	0.01000	0.00708	0.00355	0.00360	0.00073	0.00367	0.00291	0.00282	0.83610
11	0.01195	0.00991	0.01787	0.01344	0.01652	0.00978	0.34336	0.01437	0.01026	0.14538	0.01157	0.01588	0.00956	0.13256	0.03435	0.00223	0.11568	0.00526	0.00307	0.07700
12	0.00628	0.00487	0.00572	0.00551	0.00685	0.00431	0.00413	0.00809	0.01239	0.01647	0.47612	0.04014	0.37035	0.01078	0.00564	0.00155	0.00233	0.00927	0.00491	0.00431
13	0.00922	0.00546	0.00735	0.00665	0.00817	0.00512	0.00512	0.01133	0.01277	0.14906	0.56439	0.03020	0.03512	0.01262	0.11350	0.00233	0.00397	0.00753	0.00501	0.00508
14	0.01162	0.23859	0.29745	0.01567	0.18894	0.01367	0.05213	0.06273	0.02234	0.01508	0.00846	0.01017	0.00673	0.00456	0.00463	0.00138	0.03296	0.00363	0.00234	0.00691
15	0.42841	0.01093	0.04865	0.11790	0.03917	0.02708	0.04559	0.09204	0.11524	0.01991	0.00941	0.01064	0.00712	0.00487	0.00392	0.00151	0.00475	0.00361	0.00318	0.00604
