[name]
unknown

[dist]
# distance from previous block
# <min> <max>
0	9

[block]
# block no. 0 follows, 40 sequences, length 73
# corresponding to MSA columns:
# 9-81
name=unknown_A
#
# <colnr> <probs for GDERKNQSTAVLIFYWHMCP>
#	G	D	E	R	K	N	Q	S	T	A	V	L	I	F	Y	W	H	M	C	P
0	0.03306	0.06823	0.19347	0.05571	0.04743	0.01313	0.01261	0.18061	0.01626	0.05519	0.10945	0.01925	0.01573	0.00718	0.00606	0.00173	0.03174	0.03503	0.00422	0.09390
1	0.19829	0.04495	0.11536	0.07871	0.06949	0.07295	0.10893	0.06667	0.05234	0.06355	0.01182	0.01439	0.00920	0.03870	0.00668	0.00198	0.02991	0.00490	0.00358	0.00758
2	0.06652	0.13057	0.01444	0.01125	0.06872	0.04590	0.00840	0.06477	0.09425	0.03456	0.02818	0.02790	0.26407	0.00914	0.00636	0.00175	0.04967	0.00713	0.00437	0.06205
3	0.07145	0.26135	0.22111	0.01557	0.11037	0.02983	0.03968	0.05969	0.04393	0.06240	0.01211	0.01335	0.02401	0.00576	0.00499	0.00164	0.00683	0.00444	0.00330	0.00820
4	0.44332	0.03349	0.11473	0.01120	0.01554	0.09325	0.03381	0.08826	0.01308	0.06301	0.00997	0.01124	0.00750	0.00587	0.00503	0.00179	0.03403	0.00390	0.00370	0.00727
5	0.00924	0.00785	0.01117	0.00957	0.01186	0.00746	0.09649	0.01341	0.09470	0.02090	0.40642	0.04084	0.22446	0.01131	0.00676	0.00190	0.00387	0.01008	0.00566	0.00603
6	0.01068	0.00840	0.00989	0.00933	0.01102	0.00938	0.00693	0.04174	0.24450	0.01735	0.02156	0.02798	0.06514	0.21015	0.27423	0.00537	0.00856	0.00723	0.00434	0.00621
7	0.02138	0.01543	0.01670	0.01297	0.01737	0.01695	0.01064	0.67393	0.02605	0.05989	0.01530	0.05886	0.01168	0.00763	0.00591	0.00178	0.00618	0.00591	0.00584	0.00959
8	0.00761	0.00579	0.00693	0.00697	0.00834	0.00520	0.00510	0.00953	0.01413	0.01874	0.35567	0.16553	0.29537	0.04457	0.00786	0.00213	0.00308	0.02659	0.00576	0.00509
9	0.01098	0.01034	0.01744	0.78165	0.04005	0.01292	0.01615	0.01486	0.01163	0.01486	0.01034	0.01550	0.00775	0.00581	0.00581	0.00194	0.00775	0.00517	0.00258	0.00646
10	0.00704	0.00542	0.00638	0.00713	0.00813	0.00483	0.00493	0.00821	0.01194	0.01510	0.04284	0.46288	0.33746	0.03968	0.00785	0.00229	0.00326	0.01452	0.00534	0.00477
11	0.00823	0.00594	0.00777	0.00732	0.00869	0.00549	0.00549	0.01097	0.01646	0.02332	0.75629	0.04344	0.05487	0.01189	0.00686	0.00183	0.00274	0.01052	0.00640	0.00549
12	0.01328	0.01023	0.01079	0.00907	0.01213	0.01040	0.00723	0.31342	0.01926	0.02475	0.06909	0.03794	0.41647	0.01138	0.00643	0.00187	0.00438	0.00927	0.00562	0.00701
13	0.01826	0.00816	0.01099	0.00902	0.01215	0.00721	0.00721	0.02073	0.01656	0.43910	0.34428	0.03015	0.03213	0.00925	0.00629	0.00181	0.00398	0.00789	0.00685	0.00796
14	0.01555	0.79913	0.03047	0.00995	0.01493	0.02301	0.00995	0.01741	0.01182	0.01368	0.00808	0.00933	0.00746	0.00498	0.00373	0.00124	0.00622	0.00311	0.00249	0.00746
15	0.00970	0.00775	0.00988	0.00913	0.00919	0.00930	0.00643	0.01019	0.00864	0.01220	0.01503	0.02976	0.01680	0.52265	0.06849	0.00494	0.23491	0.00734	0.00321	0.00445
16	0.00831	0.00623	0.00935	0.00935	0.01038	0.00727	0.00727	0.01038	0.00935	0.01350	0.01558	0.02285	0.01454	0.04361	0.77259	0.00935	0.01558	0.00623	0.00312	0.00519
17	0.00900	0.00643	0.00894	0.01028	0.01146	0.00637	0.00872	0.01140	0.01302	0.01699	0.03100	0.18397	0.03428	0.01642	0.00793	0.00263	0.00503	0.60552	0.00536	0.00525
18	0.01606	0.02288	0.45298	0.01482	0.02139	0.01361	0.01680	0.13251	0.01519	0.15947	0.01310	0.01397	0.00909	0.00641	0.00665	0.00187	0.06568	0.00479	0.00387	0.00887
19	0.01493	0.01341	0.02242	0.03282	0.67773	0.01320	0.01674	0.01827	0.01337	0.06105	0.01158	0.01457	0.00947	0.00525	0.00569	0.00169	0.00666	0.00513	0.00315	0.05287
20	0.01206	0.01034	0.01206	0.00861	0.01378	0.00775	0.00689	0.01464	0.01206	0.01895	0.01034	0.01206	0.00861	0.00431	0.00431	0.00086	0.00431	0.00345	0.00345	0.83118
21	0.01217	0.19577	0.07686	0.01331	0.01737	0.05317	0.19695	0.01536	0.01401	0.01818	0.21769	0.02565	0.10356	0.00800	0.00595	0.00173	0.00624	0.00722	0.00401	0.00679
22	0.01260	0.00868	0.01023	0.02831	0.01161	0.00784	0.00613	0.07087	0.01211	0.08981	0.01541	0.02460	0.01482	0.35622	0.01585	0.00317	0.00522	0.00609	0.00401	0.29640
23	0.47201	0.03274	0.01613	0.10272	0.05827	0.01373	0.14805	0.01795	0.05280	0.02256	0.01009	0.01229	0.00778	0.00547	0.00473	0.00184	0.00607	0.00439	0.00342	0.00696
24	0.00802	0.00568	0.00741	0.00786	0.00826	0.00559	0.01914	0.00882	0.01001	0.01339	0.02448	0.35596	0.02845	0.36290	0.06558	0.00426	0.00538	0.05011	0.00438	0.00432
25	0.01555	0.79913	0.03047	0.00995	0.01493	0.02301	0.00995	0.01741	0.01182	0.01368	0.00808	0.00933	0.00746	0.00498	0.00373	0.00124	0.00622	0.00311	0.00249	0.00746
26	0.01406	0.00974	0.01166	0.00909	0.01313	0.00840	0.00722	0.04582	0.08160	0.13894	0.17628	0.02108	0.02050	0.00685	0.00531	0.00136	0.00418	0.00572	0.00500	0.41408
27	0.01240	0.00593	0.00641	0.00604	0.00774	0.00577	0.00462	0.01506	0.01287	0.10301	0.05217	0.02244	0.01663	0.00705	0.00438	0.00142	0.00296	0.00569	0.70149	0.00591
28	0.00849	0.00651	0.00989	0.06100	0.01237	0.00765	0.00786	0.01068	0.00950	0.01359	0.01523	0.02235	0.01408	0.04109	0.72130	0.00885	0.01505	0.00616	0.00308	0.00528
29	0.02211	0.01629	0.01745	0.01338	0.01803	0.01803	0.01105	0.73997	0.02734	0.03665	0.01396	0.01396	0.00989	0.00698	0.00582	0.00175	0.00640	0.00524	0.00582	0.00989
30	0.01175	0.02948	0.73514	0.01690	0.02539	0.01356	0.05125	0.01842	0.01234	0.01842	0.01049	0.01242	0.00743	0.00550	0.00558	0.00185	0.00864	0.00440	0.00248	0.00856
31	0.00796	0.00543	0.00649	0.00698	0.00710	0.00531	0.00420	0.00833	0.00942	0.01256	0.02328	0.31003	0.02739	0.51513	0.02160	0.00446	0.00482	0.01137	0.00420	0.00396
32	0.01098	0.01034	0.01744	0.78165	0.04005	0.01292	0.01615	0.01486	0.01163	0.01486	0.01034	0.01550	0.00775	0.00581	0.00581	0.00194	0.00775	0.00517	0.00258	0.00646
33	0.83671	0.01125	0.00855	0.00765	0.01125	0.01305	0.00630	0.01709	0.00990	0.02609	0.00810	0.00945	0.00630	0.00540	0.00360	0.00180	0.00450	0.00315	0.00360	0.00630
34	0.03486	0.01362	0.01959	0.04729	0.41199	0.01424	0.01424	0.15928	0.12065	0.08459	0.01424	0.01572	0.01088	0.00610	0.00575	0.00178	0.00629	0.00540	0.00424	0.00925
35	0.01335	0.07854	0.55679	0.01602	0.02347	0.04117	0.06815	0.01977	0.05434	0.05783	0.01173	0.01318	0.00844	0.00568	0.00553	0.00180	0.00817	0.00458	0.00296	0.00850
36	0.00721	0.00590	0.00636	0.00624	0.00806	0.00505	0.00468	0.00899	0.01405	0.01759	0.23094	0.05287	0.58380	0.01403	0.00687	0.00193	0.00290	0.01184	0.00565	0.00505
37	0.01427	0.01382	0.02296	0.09537	0.68609	0.02941	0.01757	0.01772	0.01318	0.01857	0.01085	0.01440	0.00906	0.00525	0.00575	0.00174	0.00705	0.00515	0.00286	0.00894
38	0.01198	0.01214	0.02291	0.51515	0.06973	0.01351	0.23810	0.01615	0.01235	0.01620	0.01080	0.01551	0.00815	0.00551	0.00613	0.00194	0.00834	0.00569	0.00271	0.00701
39	0.00823	0.00594	0.00777	0.00732	0.00869	0.00549	0.00549	0.01097	0.01646	0.02332	0.75629	0.04344	0.05487	0.01189	0.00686	0.00183	0.00274	0.01052	0.00640	0.00549
40	0.01206	0.01034	0.01206	0.00861	0.01378	0.00775	0.00689	0.01464	0.01206	0.01895	0.01034	0.01206	0.00861	0.00431	0.00431	0.00086	0.00431	0.00345	0.00345	0.83118
41	0.00782	0.00593	0.00721	0.00689	0.00844	0.00531	0.00517	0.01019	0.01550	0.02105	0.54786	0.04718	0.26471	0.01274	0.00686	0.00187	0.00280	0.01104	0.00610	0.00531
42	0.00722	0.00584	0.00642	0.00641	0.00810	0.00504	0.00475	0.00897	0.01389	0.01752	0.22862	0.10810	0.53017	0.01429	0.00691	0.00196	0.00293	0.01216	0.00565	0.00504
43	0.01098	0.01034	0.01744	0.78165	0.04005	0.01292	0.01615	0.01486	0.01163	0.01486	0.01034	0.01550	0.00775	0.00581	0.00581	0.00194	0.00775	0.00517	0.00258	0.00646
44	0.00744	0.00566	0.00685	0.00709	0.00834	0.00507	0.00511	0.00924	0.01378	0.01825	0.30766	0.27746	0.27746	0.01475	0.00704	0.00204	0.00300	0.01293	0.00577	0.00507
45	0.00846	0.00564	0.00634	0.00634	0.00634	0.00564	0.00352	0.00846	0.00846	0.01128	0.01832	0.03805	0.02114	0.79563	0.02960	0.00564	0.00564	0.00846	0.00352	0.00352
46	0.83671	0.01125	0.00855	0.00765	0.01125	0.01305	0.00630	0.01709	0.00990	0.02609	0.00810	0.00945	0.00630	0.00540	0.00360	0.00180	0.00450	0.00315	0.00360	0.00630
47	0.19128	0.01398	0.01470	0.01156	0.01593	0.01518	0.00952	0.43607	0.05172	0.14493	0.01445	0.01420	0.01013	0.00667	0.00533	0.00176	0.00566	0.00491	0.00552	0.02650
48	0.01920	0.02048	0.01545	0.01361	0.01697	0.38281	0.01048	0.13949	0.27914	0.02138	0.01501	0.01503	0.01153	0.00682	0.00557	0.00171	0.00774	0.00499	0.00448	0.00812
49	0.02280	0.01339	0.05726	0.01179	0.01643	0.01249	0.01014	0.29443	0.04508	0.39927	0.04298	0.01802	0.01375	0.00720	0.00585	0.00179	0.00561	0.00571	0.00634	0.00965
50	0.01569	0.17864	0.15662	0.10356	0.03803	0.11451	0.11063	0.08322	0.03799	0.05769	0.01197	0.03084	0.00944	0.00602	0.00541	0.00170	0.00765	0.00498	0.01757	0.00785
51	0.83671	0.01125	0.00855	0.00765	0.01125	0.01305	0.00630	0.01709	0.00990	0.02609	0.00810	0.00945	0.00630	0.00540	0.00360	0.00180	0.00450	0.00315	0.00360	0.00630
52	0.01341	0.07146	0.02532	0.08577	0.02465	0.01455	0.38076	0.02054	0.19019	0.01951	0.06393	0.01844	0.01383	0.00629	0.00658	0.00191	0.02463	0.00657	0.00381	0.00783
53	0.01388	0.01348	0.02182	0.02942	0.53072	0.01504	0.01627	0.01666	0.01191	0.01746	0.00992	0.01388	0.00873	0.00672	0.00985	0.00198	0.24599	0.00515	0.00278	0.00834
54	0.01608	0.01236	0.01325	0.01120	0.01456	0.01378	0.00890	0.27551	0.33782	0.02826	0.10004	0.02136	0.01876	0.00789	0.00579	0.00181	0.00483	0.00642	0.09274	0.00864
55	0.01084	0.00542	0.00542	0.00542	0.00678	0.00542	0.00407	0.01355	0.01220	0.02168	0.01897	0.02168	0.01491	0.00678	0.00407	0.00136	0.00271	0.00542	0.82791	0.00542
56	0.01085	0.00681	0.00933	0.00963	0.01132	0.00653	0.00809	0.01350	0.01469	0.10095	0.25285	0.05377	0.03795	0.01381	0.00743	0.00232	0.00451	0.42388	0.00588	0.00589
57	0.01272	0.01272	0.01781	0.01527	0.01527	0.01781	0.01272	0.01399	0.00891	0.01399	0.00763	0.01272	0.00763	0.01018	0.01908	0.00254	0.78499	0.00509	0.00254	0.00636
58	0.00779	0.00593	0.00716	0.00685	0.00842	0.00530	0.00514	0.01012	0.01542	0.02086	0.53047	0.04749	0.28223	0.01281	0.00686	0.00187	0.00281	0.01109	0.00608	0.00530
59	0.01272	0.01272	0.01781	0.01527	0.01527	0.01781	0.01272	0.01399	0.00891	0.01399	0.00763	0.01272	0.00763	0.01018	0.01908	0.00254	0.78499	0.00509	0.00254	0.00636
60	0.83671	0.01125	0.00855	0.00765	0.01125	0.01305	0.00630	0.01709	0.00990	0.02609	0.00810	0.00945	0.00630	0.00540	0.00360	0.00180	0.00450	0.00315	0.00360	0.00630
61	0.00823	0.00594	0.00777	0.00732	0.00869	0.00549	0.00549	0.01097	0.01646	0.02332	0.75629	0.04344	0.05487	0.01189	0.00686	0.00183	0.00274	0.01052	0.00640	0.00549
62	0.00846	0.00564	0.00634	0.00634	0.00634	0.00564	0.00352	0.00846	0.00846	0.01128	0.01832	0.03805	0.02114	0.79563	0.02960	0.00564	0.00564	0.00846	0.00352	0.00352
63	0.01206	0.01034	0.01206	0.00861	0.01378	0.00775	0.00689	0.01464	0.01206	0.01895	0.01034	0.01206	0.00861	0.00431	0.00431	0.00086	0.00431	0.00345	0.00345	0.83118
64	0.00831	0.00623	0.00935	0.00935	0.01038	0.00727	0.00727	0.01038	0.00935	0.01350	0.01558	0.02285	0.01454	0.04361	0.77259	0.00935	0.01558	0.00623	0.00312	0.00519
65	0.00818	0.00552	0.00642	0.00670	0.00677	0.00545	0.00390	0.00838	0.00900	0.01200	0.02111	0.19094	0.02465	0.63796	0.02510	0.00497	0.00518	0.01009	0.00390	0.00377
66	0.00831	0.00623	0.00935	0.00935	0.01038	0.00727	0.00727	0.01038	0.00935	0.01350	0.01558	0.02285	0.01454	0.04361	0.77259	0.00935	0.01558	0.00623	0.00312	0.00519
67	0.00724	0.00591	0.00640	0.00628	0.00808	0.00506	0.00471	0.00905	0.01412	0.01776	0.24685	0.05259	0.56777	0.01396	0.00687	0.00193	0.00289	0.01180	0.00567	0.00506
68	0.01206	0.01034	0.01206	0.00861	0.01378	0.00775	0.00689	0.01464	0.01206	0.01895	0.01034	0.01206	0.00861	0.00431	0.00431	0.00086	0.00431	0.00345	0.00345	0.83118
69	0.00838	0.00619	0.00899	0.00905	0.01003	0.00700	0.00696	0.01034	0.00987	0.01404	0.05599	0.02772	0.01834	0.10776	0.62219	0.00824	0.01343	0.04699	0.00345	0.00507
70	0.01409	0.51095	0.30591	0.01243	0.01876	0.01945	0.01427	0.01779	0.01199	0.01546	0.00897	0.01043	0.00743	0.00518	0.00440	0.00147	0.00711	0.00355	0.00248	0.00789
71	0.24096	0.01440	0.08563	0.06421	0.24436	0.01340	0.11042	0.05687	0.01326	0.08715	0.01141	0.01354	0.00860	0.00554	0.00531	0.00181	0.00664	0.00483	0.00357	0.00811
72	0.05993	0.01400	0.01897	0.11341	0.35077	0.05504	0.01404	0.18561	0.01664	0.05204	0.05389	0.01580	0.01173	0.00619	0.00570	0.00176	0.00664	0.00533	0.00394	0.00857

[dist]
# distance from previous block
# <min> <max>
3	8

[block]
# block no. 1 follows, 40 sequences, length 117
# corresponding to MSA columns:
# 90-206
name=unknown_B
#
# <colnr> <probs for GDERKNQSTAVLIFYWHMCP>
#	G	D	E	R	K	N	Q	S	T	A	V	L	I	F	Y	W	H	M	C	P
0	0.02138	0.01250	0.01451	0.01143	0.01550	0.01291	0.00932	0.37138	0.04678	0.28474	0.06611	0.04811	0.01587	0.00783	0.00590	0.00179	0.00537	0.00627	0.03307	0.00924
1	0.00765	0.00556	0.00732	0.00774	0.00865	0.00523	0.00552	0.00950	0.01340	0.01844	0.34352	0.38340	0.07819	0.01704	0.05855	0.00258	0.00390	0.01305	0.00568	0.00509
2	0.11649	0.24078	0.21915	0.01332	0.01864	0.19240	0.03748	0.06756	0.01389	0.01829	0.00944	0.01092	0.00751	0.00554	0.00479	0.00159	0.00776	0.00385	0.00297	0.00763
3	0.01283	0.01297	0.02427	0.33111	0.25779	0.01372	0.22821	0.01688	0.01274	0.01723	0.01094	0.01522	0.00851	0.00535	0.00610	0.00188	0.00809	0.00567	0.00278	0.00771
4	0.27895	0.01000	0.01229	0.09338	0.11744	0.01051	0.00903	0.01777	0.01202	0.19216	0.01536	0.07927	0.01315	0.10537	0.00820	0.00233	0.00533	0.00600	0.00436	0.00708
5	0.00956	0.00646	0.00725	0.00693	0.00912	0.00555	0.00540	0.01132	0.01391	0.10959	0.10106	0.05135	0.55737	0.01370	0.00684	0.00199	0.00337	0.06794	0.00569	0.00561
6	0.00792	0.00586	0.00851	0.00895	0.00976	0.00645	0.00667	0.00965	0.00992	0.01393	0.02086	0.26929	0.02220	0.03548	0.52737	0.00711	0.01167	0.00953	0.00385	0.00504
7	0.01373	0.01569	0.03431	0.02451	0.03039	0.01471	0.73824	0.01863	0.01373	0.01863	0.01176	0.01569	0.00882	0.00490	0.00686	0.00196	0.00980	0.00686	0.00294	0.00784
8	0.00709	0.00572	0.00635	0.00679	0.00829	0.00498	0.00501	0.00852	0.01270	0.01559	0.04993	0.25167	0.51871	0.01574	0.00710	0.00212	0.00322	0.06019	0.00540	0.00489
9	0.02375	0.01057	0.01354	0.01072	0.01499	0.00995	0.00874	0.04897	0.15699	0.60146	0.02283	0.01999	0.01491	0.00732	0.00586	0.00183	0.00492	0.00597	0.00691	0.00976
10	0.07386	0.01025	0.01167	0.01113	0.01316	0.03718	0.00924	0.11298	0.09170	0.02101	0.02215	0.06430	0.03355	0.01152	0.00815	0.00224	0.10243	0.29503	0.06186	0.00659
11	0.02069	0.01491	0.01593	0.01312	0.01602	0.14945	0.01067	0.13223	0.01593	0.29306	0.01448	0.01511	0.01044	0.00784	0.00971	0.00196	0.24019	0.00515	0.00484	0.00827
12	0.00718	0.00518	0.00680	0.00792	0.00843	0.00480	0.00536	0.00838	0.01174	0.01569	0.10207	0.68547	0.07454	0.01745	0.00734	0.00229	0.00329	0.01576	0.00549	0.00480
13	0.01555	0.79913	0.03047	0.00995	0.01493	0.02301	0.00995	0.01741	0.01182	0.01368	0.00808	0.00933	0.00746	0.00498	0.00373	0.00124	0.00622	0.00311	0.00249	0.00746
14	0.01397	0.01338	0.02284	0.12869	0.66968	0.01371	0.01764	0.01747	0.01304	0.01848	0.01086	0.01453	0.00903	0.00526	0.00576	0.00175	0.00701	0.00518	0.00284	0.00887
15	0.10985	0.01004	0.01298	0.01007	0.01447	0.00901	0.00831	0.02718	0.01595	0.68720	0.02141	0.01872	0.01356	0.00701	0.00562	0.00180	0.00490	0.00557	0.00683	0.00952
16	0.00692	0.00570	0.00608	0.00639	0.00798	0.00487	0.00464	0.00829	0.01278	0.01552	0.05287	0.22133	0.59553	0.01551	0.00700	0.00205	0.00304	0.01323	0.00540	0.00487
17	0.02177	0.02629	0.01660	0.01478	0.01798	0.67825	0.01121	0.11258	0.01783	0.01703	0.00961	0.01092	0.00779	0.00612	0.00531	0.00153	0.00998	0.00393	0.00335	0.00713
18	0.00757	0.00592	0.00686	0.00663	0.00829	0.00521	0.00497	0.00970	0.01491	0.01964	0.41955	0.04949	0.39390	0.01326	0.00687	0.00189	0.00284	0.01136	0.00592	0.00521
19	0.02194	0.01553	0.01691	0.01309	0.01762	0.01701	0.01083	0.66735	0.02615	0.08480	0.01514	0.01611	0.01100	0.00731	0.00589	0.00178	0.00627	0.02966	0.00589	0.00974
20	0.00791	0.00639	0.01018	0.01014	0.01117	0.00597	0.09676	0.00941	0.01146	0.01532	0.02952	0.69507	0.03477	0.01656	0.00735	0.00231	0.00418	0.01533	0.00509	0.00511
21	0.66980	0.01139	0.00982	0.00840	0.01220	0.01275	0.00693	0.06629	0.01199	0.12979	0.01056	0.01119	0.00767	0.00575	0.00406	0.00180	0.00469	0.00366	0.00425	0.00704
22	0.01365	0.01515	0.02799	0.22754	0.05720	0.07475	0.46122	0.01795	0.01337	0.01728	0.01113	0.01518	0.00844	0.00524	0.00641	0.00191	0.00921	0.00610	0.00285	0.00743
23	0.38035	0.01108	0.01124	0.00936	0.01304	0.01178	0.00761	0.14685	0.01523	0.21723	0.06459	0.06019	0.01413	0.00732	0.00501	0.00182	0.00477	0.00548	0.00521	0.00772
24	0.03717	0.01592	0.01532	0.01255	0.01639	0.12459	0.01019	0.45018	0.06443	0.05780	0.01562	0.01843	0.01220	0.00754	0.00574	0.00177	0.00647	0.05888	0.06013	0.00868
25	0.02218	0.01616	0.01737	0.01332	0.01797	0.01785	0.01100	0.72600	0.02713	0.05092	0.01414	0.01408	0.00998	0.00699	0.00582	0.00175	0.00637	0.00525	0.00584	0.00989
26	0.05248	0.03242	0.07147	0.09565	0.02146	0.26871	0.11199	0.06877	0.10689	0.07836	0.01328	0.01529	0.01016	0.00635	0.00568	0.00176	0.00810	0.01960	0.00386	0.00772
27	0.07634	0.01071	0.01292	0.01051	0.01447	0.01062	0.00850	0.05448	0.21127	0.45022	0.06087	0.02064	0.01673	0.00750	0.00577	0.00184	0.00476	0.00609	0.00652	0.00924
28	0.01347	0.01412	0.02665	0.02225	0.12625	0.01396	0.43837	0.02000	0.14955	0.01943	0.01690	0.01923	0.06032	0.00627	0.00682	0.00194	0.02587	0.00690	0.00364	0.00805
29	0.01272	0.01272	0.01781	0.01527	0.01527	0.01781	0.01272	0.01399	0.00891	0.01399	0.00763	0.01272	0.00763	0.01018	0.01908	0.00254	0.78499	0.00509	0.00254	0.00636
30	0.00791	0.00593	0.00733	0.00698	0.00849	0.00535	0.00523	0.01035	0.01570	0.02152	0.59166	0.04640	0.22062	0.01256	0.00686	0.00186	0.00279	0.01093	0.00617	0.00535
31	0.00846	0.00564	0.00634	0.00634	0.00634	0.00564	0.00352	0.00846	0.00846	0.01128	0.01832	0.03805	0.02114	0.79563	0.02960	0.00564	0.00564	0.00846	0.00352	0.00352
32	0.01459	0.01443	0.02265	0.09399	0.65406	0.06264	0.01728	0.01795	0.01332	0.01836	0.01076	0.01423	0.00898	0.00528	0.00573	0.00173	0.00721	0.00509	0.00286	0.00883
33	0.00960	0.00640	0.00730	0.00679	0.00893	0.00550	0.00519	0.01148	0.01446	0.11077	0.22400	0.04841	0.49369	0.01310	0.00674	0.00191	0.00315	0.01104	0.00587	0.00567
34	0.01427	0.01246	0.02373	0.01756	0.02201	0.01175	0.41095	0.06425	0.01567	0.10902	0.21054	0.02342	0.02175	0.00716	0.00667	0.00189	0.00714	0.00761	0.00455	0.00759
35	0.00771	0.00572	0.00741	0.00816	0.00910	0.00510	0.00558	0.00891	0.01125	0.01536	0.02934	0.69462	0.03474	0.01648	0.00703	0.00217	0.00349	0.01490	0.00515	0.10776
36	0.00823	0.00594	0.00777	0.00732	0.00869	0.00549	0.00549	0.01097	0.01646	0.02332	0.75629	0.04344	0.05487	0.01189	0.00686	0.00183	0.00274	0.01052	0.00640	0.00549
37	0.01397	0.01338	0.02284	0.12869	0.66968	0.01371	0.01764	0.01747	0.01304	0.01848	0.01086	0.01453	0.00903	0.00526	0.00576	0.00175	0.00701	0.00518	0.00284	0.00887
38	0.83671	0.01125	0.00855	0.00765	0.01125	0.01305	0.00630	0.01709	0.00990	0.02609	0.00810	0.00945	0.00630	0.00540	0.00360	0.00180	0.00450	0.00315	0.00360	0.00630
39	0.00793	0.00691	0.00807	0.05277	0.06047	0.00632	0.00620	0.01025	0.03873	0.01649	0.08002	0.04915	0.60958	0.01322	0.00670	0.00194	0.00354	0.01112	0.00513	0.00546
40	0.01206	0.01034	0.01206	0.00861	0.01378	0.00775	0.00689	0.01464	0.01206	0.01895	0.01034	0.01206	0.00861	0.00431	0.00431	0.00086	0.00431	0.00345	0.00345	0.83118
41	0.00795	0.00572	0.00620	0.00620	0.00683	0.00540	0.00381	0.00842	0.01001	0.01271	0.03143	0.04384	0.25880	0.54343	0.02226	0.00445	0.00477	0.00969	0.00413	0.00397
42	0.00831	0.00623	0.00935	0.00935	0.01038	0.00727	0.00727	0.01038	0.00935	0.01350	0.01558	0.02285	0.01454	0.04361	0.77259	0.00935	0.01558	0.00623	0.00312	0.00519
43	0.83671	0.01125	0.00855	0.00765	0.01125	0.01305	0.00630	0.01709	0.00990	0.02609	0.00810	0.00945	0.00630	0.00540	0.00360	0.00180	0.00450	0.00315	0.00360	0.00630
44	0.00831	0.00623	0.00935	0.00935	0.01038	0.00727	0.00727	0.01038	0.00935	0.01350	0.01558	0.02285	0.01454	0.04361	0.77259	0.00935	0.01558	0.00623	0.00312	0.00519
45	0.01272	0.01272	0.01781	0.01527	0.01527	0.01781	0.01272	0.01399	0.00891	0.01399	0.00763	0.01272	0.00763	0.01018	0.01908	0.00254	0.78499	0.00509	0.00254	0.00636
46	0.01309	0.01051	0.01735	0.63740	0.08328	0.01243	0.01531	0.01673	0.01236	0.10844	0.01195	0.01597	0.00867	0.00595	0.00581	0.00191	0.00735	0.00525	0.00318	0.00707
47	0.06346	0.01320	0.01637	0.12812	0.16125	0.11630	0.05824	0.06521	0.04036	0.06664	0.17782	0.02169	0.01978	0.00739	0.00594	0.00180	0.00638	0.01838	0.00429	0.00740
48	0.01271	0.15091	0.57064	0.01488	0.02252	0.01482	0.01830	0.04558	0.01277	0.01839	0.01019	0.01186	0.00756	0.00541	0.00517	0.00168	0.00785	0.00409	0.00265	0.06203
49	0.01272	0.01272	0.01781	0.01527	0.01527	0.01781	0.01272	0.01399	0.00891	0.01399	0.00763	0.01272	0.00763	0.01018	0.01908	0.00254	0.78499	0.00509	0.00254	0.00636
50	0.01274	0.01373	0.02523	0.01926	0.02278	0.04460	0.41863	0.01606	0.01222	0.01669	0.01343	0.11191	0.01247	0.00966	0.04641	0.00248	0.18408	0.00751	0.00317	0.00695
51	0.00835	0.00578	0.00722	0.00728	0.00760	0.00606	0.00468	0.00899	0.00883	0.01208	0.01817	0.06852	0.02005	0.54446	0.24124	0.00655	0.00838	0.00819	0.00349	0.00406
52	0.00743	0.00521	0.00665	0.00766	0.00791	0.00495	0.00493	0.00819	0.01046	0.01395	0.02861	0.60285	0.03412	0.21313	0.01298	0.00318	0.00394	0.01451	0.00493	0.00442
53	0.01439	0.01382	0.02360	0.03569	0.75936	0.01382	0.01785	0.01785	0.01324	0.01900	0.01094	0.01439	0.00921	0.00518	0.00576	0.00173	0.00691	0.00518	0.00288	0.00921
54	0.00704	0.00590	0.00613	0.00607	0.00796	0.00498	0.00455	0.00867	0.01365	0.01666	0.14585	0.05440	0.66946	0.01437	0.00687	0.00195	0.00292	0.01205	0.00552	0.00498
55	0.00843	0.00634	0.00927	0.00921	0.01012	0.00738	0.00705	0.01029	0.00925	0.01330	0.01564	0.02404	0.01499	0.11412	0.68329	0.00882	0.03385	0.00641	0.00314	0.00506
56	0.00902	0.00639	0.00872	0.00989	0.01096	0.00636	0.00823	0.01119	0.01254	0.01637	0.02937	0.13813	0.03245	0.11348	0.01066	0.00301	0.00518	0.55787	0.00513	0.00506
57	0.00839	0.00591	0.00771	0.00771	0.00818	0.00638	0.00523	0.00933	0.00886	0.01229	0.01708	0.03115	0.01814	0.45401	0.36712	0.00732	0.01015	0.00745	0.00334	0.00428
58	0.02175	0.02695	0.01654	0.01487	0.01798	0.72163	0.01122	0.07136	0.01721	0.01574	0.00932	0.01072	0.00765	0.00606	0.00528	0.00151	0.01021	0.00385	0.00319	0.00695
59	0.01206	0.01034	0.01206	0.00861	0.01378	0.00775	0.00689	0.01464	0.01206	0.01895	0.01034	0.01206	0.00861	0.00431	0.00431	0.00086	0.00431	0.00345	0.00345	0.83118
60	0.01192	0.00883	0.01395	0.43587	0.02703	0.01020	0.01207	0.01484	0.01181	0.10793	0.01596	0.10130	0.01419	0.04330	0.11820	0.00321	0.00791	0.03145	0.00366	0.00637
61	0.00801	0.00555	0.00660	0.00706	0.00736	0.00539	0.00445	0.00855	0.00982	0.01294	0.02565	0.25403	0.07617	0.47848	0.02056	0.00429	0.00480	0.05193	0.00429	0.00406
62	0.00834	0.00628	0.00776	0.00739	0.00892	0.00589	0.00554	0.01161	0.05789	0.02190	0.58115	0.07267	0.15816	0.01233	0.00683	0.00188	0.00290	0.01079	0.00618	0.00558
63	0.01141	0.01077	0.01821	0.68865	0.12973	0.01303	0.01636	0.01523	0.01183	0.01537	0.01041	0.01537	0.00793	0.00574	0.00581	0.00191	0.00765	0.00517	0.00262	0.00680
64	0.01337	0.01370	0.01882	0.48765	0.21393	0.12247	0.01586	0.01680	0.01272	0.01579	0.01029	0.01451	0.00807	0.00568	0.00572	0.00182	0.00794	0.00497	0.00272	0.00718
65	0.02609	0.00990	0.01350	0.01035	0.01484	0.00855	0.00855	0.02834	0.01664	0.76338	0.02294	0.01979	0.01439	0.00720	0.00585	0.00180	0.00495	0.00585	0.00720	0.00990
66	0.02251	0.01152	0.01363	0.01104	0.01514	0.04089	0.00891	0.04900	0.22428	0.50372	0.02234	0.01980	0.01494	0.00734	0.00584	0.00183	0.00511	0.00595	0.00663	0.00957
67	0.07779	0.02272	0.01945	0.01615	0.01990	0.48351	0.15792	0.07031	0.04595	0.01788	0.01042	0.01215	0.00825	0.00587	0.00552	0.00165	0.00941	0.00455	0.00334	0.00724
68	0.00725	0.00518	0.00693	0.00828	0.00869	0.00486	0.00568	0.00838	0.01129	0.01503	0.03196	0.74019	0.03811	0.01807	0.00747	0.00238	0.00351	0.06657	0.00540	0.00477
69	0.00709	0.00506	0.00675	0.00810	0.00843	0.00472	0.00540	0.00810	0.01113	0.01484	0.03205	0.79184	0.03846	0.01822	0.00742	0.00236	0.00337	0.01653	0.00540	0.00472
70	0.01232	0.01278	0.02626	0.02005	0.02447	0.01212	0.50284	0.01650	0.01362	0.01823	0.01791	0.03181	0.01678	0.00851	0.00724	0.00219	0.00837	0.23725	0.00372	0.00704
71	0.02188	0.02297	0.01688	0.01432	0.01800	0.45899	0.01116	0.32093	0.02099	0.02354	0.01105	0.01193	0.00849	0.00640	0.00548	0.00160	0.00879	0.00436	0.00417	0.00805
72	0.81967	0.01122	0.00865	0.00770	0.01132	0.01295	0.00635	0.01733	0.01004	0.04158	0.00841	0.00966	0.00647	0.00544	0.00365	0.00180	0.00451	0.00321	0.00367	0.00637
73	0.02179	0.00966	0.01258	0.01009	0.01395	0.00890	0.00818	0.02607	0.11760	0.54967	0.13381	0.02363	0.02097	0.00800	0.00601	0.00183	0.00457	0.00665	0.00690	0.00914
74	0.00702	0.00590	0.00610	0.00605	0.00795	0.00497	0.00453	0.00863	0.01360	0.01654	0.13498	0.05460	0.68041	0.01442	0.00687	0.00195	0.00292	0.01208	0.00551	0.00497
75	0.00817	0.00562	0.00728	0.00826	0.00910	0.00529	0.00602	0.00976	0.01171	0.01633	0.02931	0.53191	0.03340	0.01583	0.00699	0.00223	0.00369	0.14272	0.10785	0.03852
76	0.14022	0.01860	0.01590	0.01297	0.01703	0.21828	0.01041	0.44408	0.02192	0.02914	0.01179	0.01238	0.00873	0.00649	0.00534	0.00169	0.00721	0.00454	0.00474	0.00853
77	0.09892	0.01233	0.01907	0.23268	0.39294	0.01333	0.01508	0.01849	0.07502	0.04931	0.01205	0.01502	0.00945	0.00569	0.00557	0.00182	0.00661	0.00511	0.00331	0.00819
78	0.01632	0.01806	0.01341	0.01223	0.01473	0.38386	0.00933	0.04463	0.11445	0.01897	0.21802	0.02349	0.02307	0.00842	0.00626	0.00174	0.02656	0.03520	0.00451	0.00677
79	0.00857	0.00595	0.00718	0.00704	0.00746	0.00605	0.00442	0.00910	0.00878	0.01204	0.01744	0.03392	0.01930	0.61127	0.17894	0.00619	0.00760	0.00780	0.00344	0.03750
80	0.01600	0.01662	0.02636	0.01975	0.02419	0.10534	0.40896	0.14936	0.01585	0.02083	0.01143	0.01449	0.00883	0.00615	0.00804	0.00193	0.11181	0.00593	0.02029	0.00784
81	0.01329	0.00938	0.01131	0.00880	0.01280	0.00785	0.00697	0.01697	0.07267	0.12480	0.19446	0.02154	0.02140	0.00684	0.00527	0.00132	0.00404	0.00575	0.00489	0.44967
82	0.01163	0.01116	0.01600	0.01390	0.01424	0.01492	0.03615	0.01302	0.00924	0.01398	0.01091	0.06578	0.01128	0.06345	0.10311	0.00347	0.57265	0.00623	0.00287	0.00600
83	0.01166	0.03008	0.76550	0.01657	0.02517	0.01351	0.02149	0.01842	0.01228	0.01842	0.01044	0.01228	0.00737	0.00552	0.00552	0.00184	0.00859	0.00430	0.00246	0.00859
84	0.01981	0.01461	0.01571	0.01257	0.01674	0.01622	0.01021	0.48516	0.23072	0.06691	0.01727	0.01664	0.01247	0.00724	0.00580	0.00180	0.00572	0.00565	0.02918	0.00957
85	0.01272	0.01272	0.01781	0.01527	0.01527	0.01781	0.01272	0.01399	0.00891	0.01399	0.00763	0.01272	0.00763	0.01018	0.01908	0.00254	0.78499	0.00509	0.00254	0.00636
86	0.00803	0.00594	0.00750	0.00711	0.00857	0.00540	0.00533	0.01060	0.01600	0.02222	0.65588	0.04524	0.15596	0.01230	0.00686	0.00185	0.00277	0.01077	0.00626	0.00540
87	0.01206	0.01034	0.01206	0.00861	0.01378	0.00775	0.00689	0.01464	0.01206	0.01895	0.01034	0.01206	0.00861	0.00431	0.00431	0.00086	0.00431	0.00345	0.00345	0.83118
88	0.00831	0.00623	0.00935	0.00935	0.01038	0.00727	0.00727	0.01038	0.00935	0.01350	0.01558	0.02285	0.01454	0.04361	0.77259	0.00935	0.01558	0.00623	0.00312	0.00519
89	0.00696	0.00589	0.00601	0.00598	0.00791	0.00495	0.00449	0.00851	0.01346	0.01619	0.10263	0.05518	0.71297	0.01455	0.00687	0.00196	0.00293	0.01216	0.00546	0.00495
90	0.00709	0.00506	0.00675	0.00810	0.00843	0.00472	0.00540	0.00810	0.01113	0.01484	0.03205	0.79184	0.03846	0.01822	0.00742	0.00236	0.00337	0.01653	0.00540	0.00472
91	0.01373	0.01569	0.03431	0.02451	0.03039	0.01471	0.73824	0.01863	0.01373	0.01863	0.01176	0.01569	0.00882	0.00490	0.00686	0.00196	0.00980	0.00686	0.00294	0.00784
92	0.00846	0.00564	0.00634	0.00634	0.00634	0.00564	0.00352	0.00846	0.00846	0.01128	0.01832	0.03805	0.02114	0.79563	0.02960	0.00564	0.00564	0.00846	0.00352	0.00352
93	0.00896	0.00622	0.00802	0.00875	0.00949	0.00622	0.00675	0.01044	0.01118	0.01466	0.02521	0.05327	0.02795	0.36503	0.01769	0.00400	0.00548	0.40161	0.00454	0.00454
94	0.00687	0.00589	0.00589	0.00589	0.00785	0.00491	0.00442	0.00835	0.01325	0.01571	0.05891	0.05596	0.75700	0.01473	0.00687	0.00196	0.00295	0.01227	0.00540	0.00491
95	0.01555	0.79913	0.03047	0.00995	0.01493	0.02301	0.00995	0.01741	0.01182	0.01368	0.00808	0.00933	0.00746	0.00498	0.00373	0.00124	0.00622	0.00311	0.00249	0.00746
96	0.00831	0.00623	0.00935	0.00935	0.01038	0.00727	0.00727	0.01038	0.00935	0.01350	0.01558	0.02285	0.01454	0.04361	0.77259	0.00935	0.01558	0.00623	0.00312	0.00519
97	0.02172	0.02772	0.01648	0.01498	0.01798	0.77228	0.01124	0.02322	0.01648	0.01423	0.00899	0.01049	0.00749	0.00599	0.00524	0.00150	0.01049	0.00375	0.00300	0.00674
98	0.00709	0.00506	0.00675	0.00810	0.00843	0.00472	0.00540	0.00810	0.01113	0.01484	0.03205	0.79184	0.03846	0.01822	0.00742	0.00236	0.00337	0.01653	0.00540	0.00472
99	0.00831	0.00623	0.00935	0.00935	0.01038	0.00727	0.00727	0.01038	0.00935	0.01350	0.01558	0.02285	0.01454	0.04361	0.77259	0.00935	0.01558	0.00623	0.00312	0.00519
100	0.83671	0.01125	0.00855	0.00765	0.01125	0.01305	0.00630	0.01709	0.00990	0.02609	0.00810	0.00945	0.00630	0.00540	0.00360	0.00180	0.00450	0.00315	0.00360	0.00630
101	0.00937	0.00669	0.00937	0.01071	0.01205	0.00669	0.00937	0.01205	0.01339	0.01740	0.03079	0.06560	0.03347	0.01606	0.00803	0.00268	0.00535	0.72021	0.00535	0.00535
102	0.02211	0.01629	0.01745	0.01338	0.01803	0.01803	0.01105	0.73997	0.02734	0.03665	0.01396	0.01396	0.00989	0.00698	0.00582	0.00175	0.00640	0.00524	0.00582	0.00989
103	0.00854	0.00619	0.00764	0.00775	0.00821	0.01898	0.00522	0.00942	0.00923	0.01252	0.01865	0.09339	0.02037	0.44638	0.27824	0.00649	0.00889	0.02604	0.00357	0.00428
104	0.00736	0.00541	0.00692	0.00774	0.00854	0.00497	0.00544	0.00883	0.01252	0.01666	0.17155	0.51828	0.14301	0.01645	0.00726	0.00222	0.00327	0.04304	0.00558	0.00492
105	0.01364	0.07439	0.09563	0.01481	0.01641	0.09638	0.01311	0.01557	0.01028	0.01444	0.00832	0.01248	0.00777	0.00982	0.03642	0.00246	0.54404	0.00475	0.00259	0.00668
106	0.01008	0.00624	0.00812	0.00800	0.00954	0.00569	0.00601	0.01216	0.01448	0.11206	0.34290	0.24646	0.11821	0.01362	0.00697	0.00204	0.00340	0.06222	0.00605	0.00576
107	0.01359	0.06753	0.06353	0.01278	0.09349	0.06507	0.00969	0.05748	0.01334	0.01907	0.01123	0.04316	0.00970	0.00535	0.00478	0.00120	0.00551	0.00431	0.00344	0.49575
108	0.01226	0.01088	0.04066	0.01047	0.01259	0.06073	0.00814	0.14073	0.13736	0.02020	0.02401	0.36614	0.02516	0.05108	0.02564	0.00244	0.00525	0.03448	0.00513	0.00663
109	0.01441	0.15199	0.35996	0.01931	0.19201	0.04416	0.01702	0.04780	0.03621	0.04841	0.01116	0.01287	0.00852	0.00557	0.00531	0.00170	0.00752	0.00445	0.00301	0.00860
110	0.21253	0.00883	0.00934	0.00818	0.01084	0.00905	0.00646	0.10433	0.01575	0.08366	0.31761	0.03151	0.14062	0.00975	0.00586	0.00183	0.00383	0.00796	0.00556	0.00650
111	0.00765	0.00554	0.00723	0.00762	0.00854	0.00511	0.00540	0.00955	0.01388	0.01912	0.39563	0.38794	0.07527	0.01491	0.00712	0.00208	0.00304	0.01335	0.00590	0.00511
112	0.01298	0.01247	0.02152	0.33922	0.43698	0.01349	0.04607	0.01666	0.01260	0.01730	0.01073	0.01490	0.00860	0.00543	0.00582	0.00182	0.00737	0.00524	0.00276	0.00804
113	0.01001	0.00925	0.04384	0.01126	0.01324	0.00824	0.18293	0.01157	0.01003	0.01365	0.01609	0.03055	0.01710	0.54025	0.02210	0.00440	0.00672	0.00770	0.00334	0.03772
114	0.01098	0.01034	0.01744	0.78165	0.04005	0.01292	0.01615	0.01486	0.01163	0.01486	0.01034	0.01550	0.00775	0.00581	0.00581	0.00194	0.00775	0.00517	0.00258	0.00646
115	0.04573	0.01166	0.01773	0.36709	0.10122	0.01322	0.08209	0.05981	0.14841	0.01913	0.01636	0.01893	0.06022	0.00670	0.00591	0.00191	0.00675	0.00599	0.00368	0.00745
116	0.04640	0.10009	0.14166	0.01409	0.03371	0.09241	0.05449	0.23594	0.05162	0.11268	0.01328	0.01396	0.00970	0.00639	0.00589	0.00173	0.03258	0.00486	0.01989	0.00862

[dist]
# distance from previous block
# <min> <max>
1	23

[block]
# block no. 2 follows, 40 sequences, length 27
# corresponding to MSA columns:
# 230-256
name=unknown_C
#
# <colnr> <probs for GDERKNQSTAVLIFYWHMCP>
#	G	D	E	R	K	N	Q	S	T	A	V	L	I	F	Y	W	H	M	C	P
0	0.08790	0.03722	0.12480	0.03645	0.01699	0.16628	0.01124	0.12800	0.09373	0.04333	0.02954	0.01965	0.08707	0.00773	0.00636	0.00182	0.05300	0.02339	0.01795	0.00753
1	0.06540	0.07762	0.06506	0.01108	0.03226	0.04638	0.03820	0.12146	0.04002	0.02127	0.15647	0.06130	0.16952	0.00956	0.00657	0.00184	0.04201	0.00777	0.01939	0.00683
2	0.01201	0.00743	0.00952	0.00826	0.01082	0.00638	0.00631	0.01433	0.01465	0.15191	0.34426	0.16059	0.03508	0.01053	0.00623	0.00171	0.00357	0.00922	0.00574	0.18146
3	0.01430	0.01236	0.01938	0.05060	0.40136	0.01146	0.04764	0.01746	0.01306	0.07121	0.01160	0.01410	0.00931	0.00504	0.00534	0.00147	0.00608	0.00473	0.00336	0.28014
4	0.01396	0.01330	0.02235	0.09610	0.65162	0.01335	0.01700	0.01739	0.01303	0.01865	0.01085	0.01434	0.00905	0.00518	0.00567	0.00169	0.00681	0.00507	0.00289	0.06170
5	0.00916	0.00716	0.01085	0.01069	0.01241	0.00688	0.07426	0.01184	0.01389	0.01847	0.18835	0.11613	0.08408	0.01423	0.00754	0.00235	0.00487	0.39593	0.00537	0.00553
6	0.02312	0.01289	0.01513	0.01179	0.01622	0.01321	0.00968	0.32933	0.10241	0.37429	0.01923	0.01754	0.01286	0.00718	0.00584	0.00180	0.00552	0.00567	0.00647	0.00982
7	0.01342	0.01085	0.01024	0.00945	0.01194	0.07385	0.00726	0.02288	0.38251	0.02217	0.02195	0.02200	0.04274	0.00756	0.00520	0.00170	0.00432	0.00611	0.31644	0.00741
8	0.01873	0.01356	0.01442	0.01156	0.01536	0.01499	0.00939	0.49046	0.13070	0.03185	0.01639	0.01664	0.01205	0.00707	0.00548	0.00170	0.00540	0.00547	0.16989	0.00890
9	0.01801	0.01822	0.28795	0.07729	0.02101	0.01227	0.01420	0.12666	0.04839	0.27165	0.03598	0.01658	0.01187	0.00660	0.00575	0.00183	0.00664	0.00530	0.00481	0.00899
10	0.00764	0.00553	0.00758	0.00828	0.00889	0.00561	0.00584	0.00905	0.01085	0.01490	0.08648	0.44589	0.03144	0.07983	0.23852	0.00464	0.00714	0.01237	0.00467	0.00484
11	0.01166	0.03008	0.76550	0.01657	0.02517	0.01351	0.02149	0.01842	0.01228	0.01842	0.01044	0.01228	0.00737	0.00552	0.00552	0.00184	0.00859	0.00430	0.00246	0.00859
12	0.00807	0.00597	0.00731	0.00737	0.00885	0.00546	0.00569	0.01035	0.01461	0.01976	0.37874	0.08998	0.24750	0.01342	0.00694	0.00200	0.00322	0.11574	0.04376	0.00526
13	0.01555	0.79913	0.03047	0.00995	0.01493	0.02301	0.00995	0.01741	0.01182	0.01368	0.00808	0.00933	0.00746	0.00498	0.00373	0.00124	0.00622	0.00311	0.00249	0.00746
14	0.01041	0.00657	0.00764	0.00700	0.00923	0.00566	0.00538	0.01234	0.01465	0.14136	0.23488	0.04671	0.45101	0.01274	0.00670	0.00190	0.00322	0.01075	0.00596	0.00588
15	0.14567	0.01074	0.01108	0.01014	0.01258	0.04031	0.00779	0.25495	0.01664	0.02400	0.02123	0.35207	0.02239	0.01186	0.00621	0.00204	0.00491	0.03343	0.00516	0.00680
16	0.02422	0.01290	0.01535	0.01177	0.01634	0.01300	0.00972	0.36222	0.02166	0.42242	0.01873	0.01706	0.01228	0.00710	0.00583	0.00177	0.00563	0.00556	0.00655	0.00989
17	0.05790	0.01904	0.01483	0.01273	0.01616	0.32392	0.00993	0.24821	0.09612	0.02342	0.04638	0.01783	0.07364	0.00744	0.00562	0.00169	0.00736	0.00547	0.00456	0.00777
18	0.06469	0.19211	0.07581	0.00839	0.01080	0.01099	0.00703	0.01328	0.01021	0.06485	0.01495	0.02617	0.01541	0.44204	0.01831	0.00379	0.00590	0.00635	0.00345	0.00547
19	0.00687	0.00589	0.00589	0.00589	0.00785	0.00491	0.00442	0.00835	0.01325	0.01571	0.05891	0.05596	0.75700	0.01473	0.00687	0.00196	0.00295	0.01227	0.00540	0.00491
20	0.00709	0.00506	0.00675	0.00810	0.00843	0.00472	0.00540	0.00810	0.01113	0.01484	0.03205	0.79184	0.03846	0.01822	0.00742	0.00236	0.00337	0.01653	0.00540	0.00472
21	0.02172	0.02772	0.01648	0.01498	0.01798	0.77228	0.01124	0.02322	0.01648	0.01423	0.00899	0.01049	0.00749	0.00599	0.00524	0.00150	0.01049	0.00375	0.00300	0.00674
22	0.01098	0.01034	0.01744	0.78165	0.04005	0.01292	0.01615	0.01486	0.01163	0.01486	0.01034	0.01550	0.00775	0.00581	0.00581	0.00194	0.00775	0.00517	0.00258	0.00646
23	0.01192	0.01096	0.11790	0.00948	0.01169	0.00896	0.00793	0.01562	0.11908	0.09619	0.01797	0.02875	0.01729	0.44281	0.01956	0.00399	0.04275	0.00714	0.00408	0.00592
24	0.01464	0.01531	0.02516	0.01851	0.02370	0.07653	0.41179	0.06550	0.07896	0.01999	0.01242	0.01490	0.00952	0.00526	0.00604	0.00168	0.00802	0.00575	0.00350	0.18282
25	0.06176	0.06133	0.06826	0.00964	0.01151	0.00809	0.03251	0.01093	0.01152	0.01610	0.02787	0.46730	0.08940	0.01437	0.00716	0.00219	0.03110	0.05875	0.00468	0.00553
26	0.03665	0.05862	0.11789	0.11195	0.01665	0.00931	0.00991	0.01473	0.01381	0.08703	0.26093	0.09069	0.04434	0.00921	0.00602	0.00179	0.00495	0.02553	0.00471	0.07531

[dist]
# distance from previous block
# <min> <max>
0	3

[block]
# block no. 3 follows, 40 sequences, length 27
# corresponding to MSA columns:
# 260-286
name=unknown_D
#
# <colnr> <probs for GDERKNQSTAVLIFYWHMCP>
#	G	D	E	R	K	N	Q	S	T	A	V	L	I	F	Y	W	H	M	C	P
0	0.08391	0.01629	0.07642	0.07312	0.36548	0.10887	0.01472	0.11564	0.01500	0.02087	0.01179	0.05018	0.01000	0.00623	0.00559	0.00176	0.00710	0.00531	0.00342	0.00831
1	0.09421	0.17444	0.04253	0.01404	0.09313	0.08182	0.01083	0.24897	0.06809	0.05369	0.01267	0.01349	0.00971	0.00617	0.00503	0.00162	0.00627	0.00457	0.05032	0.00838
2	0.07889	0.06283	0.01781	0.07764	0.22371	0.15714	0.01231	0.08983	0.13889	0.02084	0.05426	0.01587	0.01250	0.00639	0.00547	0.00173	0.00675	0.00517	0.00390	0.00806
3	0.32417	0.01356	0.01397	0.01238	0.06297	0.01502	0.00943	0.32731	0.06987	0.07925	0.01287	0.01324	0.00936	0.00635	0.00500	0.00178	0.00550	0.00459	0.00490	0.00846
4	0.01527	0.02123	0.28096	0.03369	0.08131	0.13575	0.01471	0.08863	0.15778	0.03951	0.01405	0.03559	0.01088	0.00651	0.00562	0.00177	0.00736	0.00517	0.00381	0.04042
5	0.01153	0.01087	0.01554	0.01337	0.01375	0.01426	0.04632	0.01277	0.00908	0.01361	0.01072	0.01903	0.01109	0.17934	0.07859	0.00370	0.52189	0.00598	0.00282	0.00574
6	0.01912	0.01275	0.01621	0.01299	0.01714	0.01342	0.08466	0.15587	0.33191	0.23971	0.02049	0.01914	0.01445	0.00722	0.00598	0.00188	0.00556	0.00615	0.00596	0.00939
7	0.02172	0.02772	0.01648	0.01498	0.01798	0.77228	0.01124	0.02322	0.01648	0.01423	0.00899	0.01049	0.00749	0.00599	0.00524	0.00150	0.01049	0.00375	0.00300	0.00674
8	0.01206	0.01034	0.01206	0.00861	0.01378	0.00775	0.00689	0.01464	0.01206	0.01895	0.01034	0.01206	0.00861	0.00431	0.00431	0.00086	0.00431	0.00345	0.00345	0.83118
9	0.83671	0.01125	0.00855	0.00765	0.01125	0.01305	0.00630	0.01709	0.00990	0.02609	0.00810	0.00945	0.00630	0.00540	0.00360	0.00180	0.00450	0.00315	0.00360	0.00630
10	0.00687	0.00589	0.00589	0.00589	0.00785	0.00491	0.00442	0.00835	0.01325	0.01571	0.05891	0.05596	0.75700	0.01473	0.00687	0.00196	0.00295	0.01227	0.00540	0.00491
11	0.01733	0.02216	0.47030	0.01413	0.02112	0.01156	0.01641	0.02231	0.01399	0.31085	0.01535	0.01523	0.01013	0.00618	0.00565	0.00183	0.00716	0.00491	0.00432	0.00911
12	0.02422	0.01291	0.01536	0.01177	0.01635	0.01301	0.00973	0.36330	0.02168	0.42131	0.01871	0.01705	0.01227	0.00710	0.00583	0.00177	0.00563	0.00556	0.00655	0.00989
13	0.00687	0.00589	0.00589	0.00589	0.00785	0.00491	0.00442	0.00835	0.01325	0.01571	0.05891	0.05596	0.75700	0.01473	0.00687	0.00196	0.00295	0.01227	0.00540	0.00491
14	0.01010	0.00505	0.00758	0.00758	0.00758	0.00505	0.00505	0.00758	0.00758	0.01010	0.01010	0.01768	0.01010	0.02020	0.02273	0.83081	0.00505	0.00505	0.00253	0.00253
15	0.01855	0.06520	0.05382	0.04181	0.12792	0.40750	0.01281	0.02070	0.01438	0.06345	0.01006	0.01214	0.00821	0.00643	0.00717	0.00171	0.11334	0.00431	0.00312	0.00738
16	0.01555	0.79913	0.03047	0.00995	0.01493	0.02301	0.00995	0.01741	0.01182	0.01368	0.00808	0.00933	0.00746	0.00498	0.00373	0.00124	0.00622	0.00311	0.00249	0.00746
17	0.01166	0.03008	0.76550	0.01657	0.02517	0.01351	0.02149	0.01842	0.01228	0.01842	0.01044	0.01228	0.00737	0.00552	0.00552	0.00184	0.00859	0.00430	0.00246	0.00859
18	0.01364	0.01460	0.04519	0.10657	0.20324	0.08913	0.19238	0.04640	0.01348	0.01771	0.01472	0.09611	0.04003	0.00748	0.00731	0.00193	0.07246	0.00686	0.00331	0.00746
19	0.01229	0.00753	0.01005	0.08861	0.01375	0.00745	0.00761	0.01565	0.07829	0.16846	0.17704	0.25957	0.07507	0.01221	0.00668	0.00205	0.00418	0.04126	0.00572	0.00653
20	0.01098	0.01034	0.01744	0.78165	0.04005	0.01292	0.01615	0.01486	0.01163	0.01486	0.01034	0.01550	0.00775	0.00581	0.00581	0.00194	0.00775	0.00517	0.00258	0.00646
21	0.01098	0.01034	0.01744	0.78165	0.04005	0.01292	0.01615	0.01486	0.01163	0.01486	0.01034	0.01550	0.00775	0.00581	0.00581	0.00194	0.00775	0.00517	0.00258	0.00646
