[name]
unknown

[dist]
# distance from previous block
# <min> <max>
0	124

[block]
# block no. 0 follows, 42 sequences, length 34
# corresponding to MSA columns:
# 124-157
name=unknown_A
#
# <colnr> <probs for GDERKNQSTAVLIFYWHMCP>
#	G	D	E	R	K	N	Q	S	T	A	V	L	I	F	Y	W	H	M	C	P
0	0.00907	0.00648	0.00907	0.01036	0.01166	0.00648	0.00907	0.01166	0.01296	0.01684	0.02980	0.06348	0.03239	0.01555	0.00777	0.00259	0.00518	0.72924	0.00518	0.00518
1	0.01505	0.80561	0.02949	0.00963	0.01444	0.02227	0.00963	0.01685	0.01143	0.01324	0.00782	0.00903	0.00722	0.00481	0.00361	0.00120	0.00602	0.00301	0.00241	0.00722
2	0.01829	0.01422	0.01514	0.01232	0.01627	0.01600	0.00995	0.44730	0.33256	0.03047	0.01745	0.01665	0.01276	0.00712	0.00567	0.00178	0.00546	0.00561	0.00567	0.00929
3	0.00736	0.00511	0.00638	0.00720	0.00740	0.00490	0.00454	0.00797	0.00980	0.01306	0.02601	0.51141	0.03090	0.31339	0.01527	0.00348	0.00409	0.01305	0.00454	0.00413
4	0.01873	0.00814	0.01097	0.00891	0.01212	0.00716	0.00716	0.02109	0.01604	0.48888	0.30188	0.02778	0.02870	0.00868	0.00603	0.00175	0.00398	0.00736	0.00667	0.00797
5	0.00818	0.00619	0.00782	0.00864	0.01016	0.00584	0.00730	0.01034	0.01291	0.01624	0.03985	0.06004	0.30288	0.01507	0.00736	0.00234	0.00432	0.46432	0.00520	0.00502
6	0.00763	0.00522	0.00630	0.00685	0.00699	0.00509	0.00417	0.00804	0.00927	0.01236	0.02330	0.35602	0.02748	0.47345	0.01965	0.00413	0.00454	0.01146	0.00417	0.00390
7	0.00673	0.00540	0.00601	0.00651	0.00781	0.00468	0.00463	0.00799	0.01205	0.01489	0.04721	0.33476	0.49056	0.01553	0.00685	0.00205	0.00301	0.01343	0.00523	0.00468
8	0.00818	0.00546	0.00614	0.00614	0.00614	0.00546	0.00341	0.00818	0.00818	0.01091	0.01773	0.03683	0.02046	0.80222	0.02864	0.00546	0.00546	0.00818	0.00341	0.00341
9	0.01454	0.00696	0.00916	0.00847	0.01069	0.00614	0.00638	0.01608	0.01328	0.33154	0.03070	0.37523	0.12200	0.01272	0.00648	0.00201	0.00385	0.01113	0.00595	0.00669
10	0.00867	0.00489	0.00703	0.00752	0.00764	0.00477	0.00501	0.00752	0.00863	0.01151	0.01778	0.31168	0.02012	0.01883	0.01641	0.52189	0.00428	0.00908	0.00349	0.00325
11	0.01824	0.00812	0.01029	0.00839	0.01182	0.00694	0.00677	0.02013	0.01487	0.48611	0.03532	0.03235	0.29699	0.00971	0.00603	0.00180	0.00406	0.00800	0.00631	0.00776
12	0.00796	0.00575	0.00752	0.00708	0.00841	0.00531	0.00531	0.01062	0.01593	0.02257	0.76415	0.04204	0.05310	0.01150	0.00664	0.00177	0.00265	0.01018	0.00619	0.00531
13	0.00719	0.00523	0.00678	0.00744	0.00820	0.00482	0.00518	0.00873	0.01256	0.01702	0.26505	0.50503	0.09501	0.01545	0.00697	0.00209	0.00304	0.01386	0.00553	0.00482
14	0.01873	0.00814	0.01097	0.00891	0.01212	0.00716	0.00716	0.02109	0.01604	0.48888	0.30188	0.02778	0.02870	0.00868	0.00603	0.00175	0.00398	0.00736	0.00667	0.00797
15	0.00678	0.00520	0.00622	0.00703	0.00795	0.00464	0.00487	0.00793	0.01155	0.01468	0.04082	0.51795	0.31150	0.01636	0.00698	0.00214	0.00311	0.01444	0.00522	0.00464
16	0.01344	0.00889	0.00991	0.00849	0.01018	0.00931	0.00598	0.23491	0.01432	0.07352	0.01677	0.02845	0.01667	0.50238	0.01997	0.00404	0.00563	0.00705	0.00434	0.00573
17	0.01315	0.00960	0.01103	0.01000	0.01217	0.01014	0.00758	0.32633	0.01773	0.02378	0.05434	0.42920	0.02600	0.01270	0.00649	0.00201	0.00450	0.01105	0.00544	0.00675
18	0.00784	0.00566	0.00741	0.00716	0.00838	0.00523	0.00530	0.01031	0.01535	0.02165	0.68174	0.12708	0.05131	0.01219	0.00670	0.00183	0.00272	0.01083	0.00609	0.00523
19	0.00918	0.00510	0.00688	0.00688	0.00688	0.00510	0.00433	0.00765	0.00765	0.01020	0.01277	0.02454	0.01380	0.31458	0.02450	0.52309	0.00510	0.00613	0.00281	0.00281
20	0.01182	0.00618	0.00831	0.00839	0.00983	0.00559	0.00604	0.01318	0.01239	0.21698	0.05582	0.56213	0.03158	0.01455	0.00676	0.00212	0.00365	0.01302	0.00573	0.00594
21	0.01157	0.00818	0.00846	0.00779	0.01002	0.00869	0.00601	0.07053	0.23992	0.02164	0.02721	0.02716	0.16677	0.00846	0.00515	0.00164	0.00349	0.00691	0.35382	0.00657
22	0.01393	0.01337	0.02284	0.03454	0.76712	0.01337	0.01727	0.01727	0.01281	0.01839	0.01059	0.01393	0.00891	0.00501	0.00557	0.00167	0.00669	0.00501	0.00279	0.00891
23	0.00720	0.00508	0.00663	0.00759	0.00790	0.00492	0.00500	0.00806	0.01015	0.01361	0.02733	0.59684	0.03236	0.17087	0.06568	0.00337	0.00452	0.01379	0.00472	0.00438
24	0.00679	0.00514	0.00628	0.00719	0.00799	0.00463	0.00494	0.00791	0.01140	0.01462	0.03893	0.57194	0.25873	0.01660	0.00702	0.00217	0.00314	0.01474	0.00522	0.00463
25	0.00804	0.00603	0.00904	0.00904	0.01005	0.00703	0.00703	0.01005	0.00904	0.01306	0.01507	0.02211	0.01407	0.04221	0.77992	0.00904	0.01507	0.00603	0.00301	0.00502
26	0.01516	0.28632	0.05037	0.03060	0.01775	0.16331	0.09497	0.03500	0.01211	0.01470	0.00854	0.01118	0.00748	0.00645	0.00845	0.00172	0.22211	0.00420	0.00265	0.00692
27	0.01393	0.01337	0.02284	0.03454	0.76712	0.01337	0.01727	0.01727	0.01281	0.01839	0.01059	0.01393	0.00891	0.00501	0.00557	0.00167	0.00669	0.00501	0.00279	0.00891
28	0.00804	0.00603	0.00904	0.00904	0.01005	0.00703	0.00703	0.01005	0.00904	0.01306	0.01507	0.02211	0.01407	0.04221	0.77992	0.00904	0.01507	0.00603	0.00301	0.00502
29	0.00861	0.00621	0.00792	0.00794	0.00912	0.00600	0.00586	0.06158	0.01456	0.02007	0.39905	0.29603	0.04258	0.03161	0.00733	0.00208	0.00334	0.05909	0.00570	0.00531
30	0.01312	0.01377	0.01288	0.01482	0.15167	0.25098	0.00935	0.03084	0.01397	0.01668	0.13420	0.25356	0.04069	0.01030	0.00609	0.00181	0.00603	0.00883	0.00420	0.00622
31	0.01366	0.01520	0.07290	0.26022	0.39565	0.11273	0.01619	0.01711	0.01268	0.01653	0.01013	0.01362	0.00814	0.00533	0.00551	0.00171	0.00750	0.00477	0.00268	0.00775
32	0.15275	0.12857	0.08112	0.01989	0.30422	0.11015	0.01280	0.01808	0.01271	0.06073	0.04182	0.01327	0.00999	0.00553	0.00491	0.00161	0.00650	0.00441	0.00321	0.00774
33	0.31631	0.01502	0.06826	0.01767	0.24580	0.10998	0.01151	0.04488	0.01267	0.07460	0.01023	0.01187	0.00792	0.00540	0.00471	0.00166	0.00618	0.00407	0.00344	0.02784

[dist]
# distance from previous block
# <min> <max>
17	40

[block]
# block no. 1 follows, 42 sequences, length 16
# corresponding to MSA columns:
# 198-213
name=unknown_B
#
# <colnr> <probs for GDERKNQSTAVLIFYWHMCP>
#	G	D	E	R	K	N	Q	S	T	A	V	L	I	F	Y	W	H	M	C	P
0	0.18262	0.00987	0.01093	0.01053	0.05918	0.03256	0.00763	0.07905	0.08307	0.14723	0.18912	0.10716	0.04077	0.00887	0.00561	0.00181	0.00437	0.00735	0.00524	0.00704
1	0.04760	0.01434	0.13505	0.05113	0.29939	0.01179	0.01387	0.02142	0.08223	0.24427	0.01500	0.01569	0.01074	0.00592	0.00550	0.00174	0.00611	0.00513	0.00426	0.00881
2	0.11318	0.06176	0.09083	0.01021	0.01440	0.01119	0.00911	0.04713	0.16039	0.22576	0.07973	0.03447	0.01558	0.00690	0.00521	0.00166	0.00488	0.00550	0.00502	0.09706
3	0.29805	0.01924	0.29814	0.01478	0.11141	0.06574	0.01354	0.05739	0.01232	0.02105	0.01097	0.01252	0.03139	0.00566	0.00477	0.00173	0.00659	0.00414	0.00311	0.00746
4	0.01524	0.01237	0.01810	0.02342	0.41419	0.01271	0.01318	0.05037	0.20694	0.10424	0.01576	0.03850	0.01243	0.00631	0.00563	0.00173	0.00570	0.00570	0.00421	0.03325
5	0.01063	0.01000	0.01688	0.78870	0.03876	0.01250	0.01563	0.01438	0.01125	0.01438	0.01000	0.01500	0.00750	0.00563	0.00563	0.00188	0.00750	0.00500	0.00250	0.00625
6	0.00893	0.00600	0.00808	0.05681	0.01083	0.00585	0.00627	0.03593	0.01230	0.06528	0.11286	0.58425	0.03470	0.01510	0.00687	0.00214	0.00366	0.01358	0.00529	0.00526
7	0.02139	0.01576	0.01689	0.01295	0.01745	0.01745	0.01070	0.74835	0.02646	0.03547	0.01351	0.01351	0.00957	0.00676	0.00563	0.00169	0.00619	0.00507	0.00563	0.00957
8	0.01129	0.02911	0.77306	0.01604	0.02436	0.01307	0.02079	0.01782	0.01188	0.01782	0.01010	0.01188	0.00713	0.00535	0.00535	0.00178	0.00832	0.00416	0.00238	0.00832
9	0.01167	0.01000	0.01167	0.00834	0.01334	0.00750	0.00667	0.01417	0.01167	0.01834	0.01000	0.01167	0.00834	0.00417	0.00417	0.00083	0.00417	0.00333	0.00333	0.83663
10	0.01197	0.01137	0.01930	0.48256	0.33443	0.01286	0.01630	0.01555	0.01189	0.01601	0.01024	0.01457	0.00808	0.00538	0.00560	0.00179	0.00717	0.00501	0.00262	0.00733
11	0.01247	0.27314	0.53938	0.01403	0.02124	0.01596	0.01728	0.01752	0.01174	0.01638	0.00938	0.01098	0.00716	0.00518	0.00480	0.00160	0.00759	0.00380	0.00239	0.00797
12	0.00747	0.00551	0.00696	0.00720	0.00829	0.00505	0.00523	0.00935	0.01355	0.01834	0.37619	0.27028	0.16474	0.03447	0.00742	0.00208	0.00305	0.04424	0.00563	0.00494
13	0.00760	0.00582	0.00857	0.00909	0.00998	0.00548	0.05236	0.00912	0.01149	0.01526	0.05623	0.59523	0.05989	0.01620	0.00719	0.00227	0.00389	0.11437	0.00510	0.00488
14	0.02191	0.01066	0.01321	0.01059	0.01463	0.01042	0.00860	0.07311	0.22081	0.51921	0.02185	0.01931	0.01455	0.00714	0.00568	0.00178	0.00478	0.00582	0.00654	0.00939
15	0.01687	0.01384	0.01684	0.01772	0.20085	0.01519	0.01166	0.30764	0.28833	0.02693	0.01620	0.01633	0.01217	0.00665	0.00565	0.00176	0.00568	0.00552	0.00497	0.00917

[dist]
# distance from previous block
# <min> <max>
27	43

[block]
# block no. 2 follows, 42 sequences, length 19
# corresponding to MSA columns:
# 278-296
name=unknown_C
#
# <colnr> <probs for GDERKNQSTAVLIFYWHMCP>
#	G	D	E	R	K	N	Q	S	T	A	V	L	I	F	Y	W	H	M	C	P
0	0.24491	0.01124	0.01195	0.00957	0.01359	0.01148	0.00780	0.16308	0.07807	0.22285	0.01653	0.01602	0.04430	0.00645	0.00490	0.00163	0.00474	0.00485	0.00507	0.12096
1	0.54939	0.01045	0.00986	0.00818	0.01203	0.01100	0.00673	0.01925	0.01151	0.22467	0.01188	0.01205	0.00839	0.00560	0.00413	0.00166	0.00445	0.00377	0.00440	0.08057
2	0.16274	0.01022	0.01185	0.00933	0.01355	0.00955	0.00759	0.02265	0.10575	0.36750	0.01685	0.01584	0.01162	0.00607	0.00493	0.00154	0.00452	0.00473	0.00533	0.20782
3	0.18237	0.00994	0.01120	0.00962	0.01311	0.01004	0.00788	0.03841	0.15813	0.25954	0.02029	0.02427	0.03624	0.00797	0.00545	0.00182	0.00462	0.11256	0.00536	0.08119
4	0.39494	0.00905	0.00812	0.00718	0.01021	0.00938	0.00573	0.05418	0.01211	0.02157	0.05618	0.02677	0.27523	0.00865	0.00491	0.00172	0.00384	0.00658	0.00431	0.07933
5	0.01726	0.00886	0.01138	0.00913	0.01296	0.00740	0.00740	0.01944	0.01389	0.37634	0.02180	0.08187	0.05777	0.00809	0.00557	0.00159	0.00441	0.07016	0.00548	0.25919
6	0.01063	0.01000	0.01688	0.78870	0.03876	0.01250	0.01563	0.01438	0.01125	0.01438	0.01000	0.01500	0.00750	0.00563	0.00563	0.00188	0.00750	0.00500	0.00250	0.00625
7	0.01221	0.01162	0.01975	0.42623	0.38883	0.01292	0.01642	0.01577	0.01200	0.01630	0.01028	0.01449	0.00818	0.00533	0.00560	0.00178	0.00711	0.00501	0.00264	0.00753
8	0.01063	0.01000	0.01688	0.78870	0.03876	0.01250	0.01563	0.01438	0.01125	0.01438	0.01000	0.01500	0.00750	0.00563	0.00563	0.00188	0.00750	0.00500	0.00250	0.00625
9	0.00755	0.00578	0.00699	0.00719	0.00864	0.00523	0.00556	0.00956	0.01373	0.01794	0.29255	0.11756	0.32710	0.01384	0.00689	0.00201	0.00323	0.13809	0.00555	0.00500
10	0.01442	0.01056	0.01202	0.00990	0.01275	0.01115	0.00790	0.36520	0.02099	0.02877	0.40337	0.02833	0.03218	0.00922	0.00615	0.00173	0.00436	0.00772	0.00592	0.00736
11	0.01063	0.01000	0.01688	0.78870	0.03876	0.01250	0.01563	0.01438	0.01125	0.01438	0.01000	0.01500	0.00750	0.00563	0.00563	0.00188	0.00750	0.00500	0.00250	0.00625
12	0.01242	0.01265	0.02491	0.02311	0.20227	0.01216	0.39413	0.01631	0.01309	0.01783	0.01562	0.02650	0.01437	0.00741	0.00666	0.00201	0.00778	0.18005	0.00339	0.00733
13	0.11997	0.01518	0.01585	0.01228	0.01666	0.01687	0.01014	0.66044	0.02443	0.03424	0.01283	0.01299	0.00915	0.00657	0.00537	0.00170	0.00597	0.00482	0.00537	0.00915
14	0.01672	0.01299	0.01438	0.01073	0.01547	0.01267	0.00876	0.39548	0.01935	0.02723	0.01182	0.01263	0.00898	0.00551	0.00493	0.00128	0.00522	0.00423	0.00453	0.40708
15	0.41195	0.01151	0.01058	0.00951	0.01283	0.01334	0.00756	0.02348	0.39774	0.02436	0.01566	0.01530	0.01185	0.00648	0.00465	0.00183	0.00441	0.00477	0.00465	0.00756
16	0.44291	0.01046	0.00990	0.00785	0.01206	0.01016	0.00637	0.01540	0.01058	0.02193	0.00888	0.01036	0.00717	0.00472	0.00381	0.00131	0.00426	0.00319	0.00341	0.40527
17	0.01149	0.01919	0.37762	0.01204	0.01863	0.01018	0.01346	0.01593	0.01177	0.01809	0.01005	0.01177	0.00776	0.00473	0.00473	0.00129	0.00616	0.00373	0.00287	0.43852
18	0.01014	0.01793	0.40513	0.01232	0.01706	0.00949	0.01357	0.01462	0.04039	0.04543	0.01950	0.33014	0.01993	0.01046	0.00611	0.00199	0.00599	0.00908	0.00383	0.00688

[dist]
# distance from previous block
# <min> <max>
0	1

[block]
# block no. 3 follows, 42 sequences, length 57
# corresponding to MSA columns:
# 300-323,325-357
name=unknown_D
#
# <colnr> <probs for GDERKNQSTAVLIFYWHMCP>
#	G	D	E	R	K	N	Q	S	T	A	V	L	I	F	Y	W	H	M	C	P
0	0.01140	0.01167	0.02224	0.47473	0.03389	0.01276	0.27923	0.01539	0.01206	0.01574	0.01276	0.01695	0.04421	0.00572	0.00604	0.00188	0.00800	0.00592	0.00276	0.00666
1	0.01379	0.01316	0.02214	0.03289	0.71948	0.01300	0.01660	0.01708	0.01274	0.01838	0.01055	0.01379	0.00888	0.00496	0.00548	0.00162	0.00653	0.00491	0.00282	0.06122
2	0.01424	0.01333	0.02197	0.06888	0.66913	0.01360	0.01660	0.06360	0.02909	0.01938	0.01100	0.01410	0.00906	0.00521	0.00558	0.00169	0.00665	0.00504	0.00301	0.00883
3	0.01063	0.01000	0.01688	0.78870	0.03876	0.01250	0.01563	0.01438	0.01125	0.01438	0.01000	0.01500	0.00750	0.00563	0.00563	0.00188	0.00750	0.00500	0.00250	0.00625
4	0.00954	0.00762	0.00998	0.00892	0.01124	0.00762	0.00697	0.01285	0.07088	0.01599	0.06163	0.02035	0.01518	0.02680	0.45088	0.00571	0.01037	0.00556	0.00353	0.23838
5	0.00930	0.00606	0.00785	0.00722	0.00884	0.00551	0.00548	0.01182	0.01572	0.08384	0.65196	0.04102	0.10112	0.01133	0.00656	0.00178	0.00285	0.00993	0.00619	0.00562
6	0.01028	0.00874	0.01101	0.00853	0.01236	0.00697	0.05268	0.01256	0.01234	0.03152	0.05791	0.05401	0.22348	0.00790	0.00527	0.00131	0.00405	0.00675	0.00410	0.46825
7	0.01167	0.01000	0.01167	0.00834	0.01334	0.00750	0.00667	0.01417	0.01167	0.01834	0.01000	0.01167	0.00834	0.00417	0.00417	0.00083	0.00417	0.00333	0.00333	0.83663
8	0.01167	0.01000	0.01167	0.00834	0.01334	0.00750	0.00667	0.01417	0.01167	0.01834	0.01000	0.01167	0.00834	0.00417	0.00417	0.00083	0.00417	0.00333	0.00333	0.83663
9	0.02139	0.01576	0.01689	0.01295	0.01745	0.01745	0.01070	0.74835	0.02646	0.03547	0.01351	0.01351	0.00957	0.00676	0.00563	0.00169	0.00619	0.00507	0.00563	0.00957
10	0.02102	0.02682	0.01595	0.01450	0.01740	0.77963	0.01087	0.02247	0.01595	0.01377	0.00870	0.01015	0.00725	0.00580	0.00507	0.00145	0.01015	0.00362	0.00290	0.00652
11	0.00749	0.00573	0.00686	0.00658	0.00812	0.00511	0.00494	0.00970	0.01481	0.01991	0.50864	0.04642	0.31027	0.01250	0.00664	0.00182	0.00273	0.01079	0.00584	0.00511
12	0.01268	0.01337	0.01057	0.00976	0.01166	0.28509	0.00732	0.01490	0.01594	0.01939	0.49119	0.03052	0.03653	0.00944	0.00607	0.00165	0.00536	0.00781	0.00500	0.00575
13	0.84197	0.01088	0.00827	0.00740	0.01088	0.01262	0.00609	0.01654	0.00958	0.02525	0.00784	0.00914	0.00609	0.00522	0.00348	0.00174	0.00435	0.00305	0.00348	0.00609
14	0.01311	0.01105	0.01239	0.00958	0.01403	0.01013	0.00762	0.07813	0.22171	0.02119	0.01390	0.01443	0.01091	0.00535	0.00472	0.00120	0.00441	0.00432	0.00419	0.53760
15	0.01265	0.30968	0.50439	0.01372	0.02078	0.01639	0.01676	0.01747	0.01172	0.01617	0.00928	0.01085	0.00716	0.00515	0.00472	0.00157	0.00749	0.00374	0.00239	0.00792
16	0.01321	0.01100	0.01202	0.01033	0.01388	0.01151	0.00812	0.02422	0.48788	0.04209	0.02140	0.02162	0.04877	0.00732	0.00545	0.00166	0.00435	0.03220	0.00511	0.21787
17	0.01635	0.01426	0.02138	0.01608	0.02062	0.01481	0.27589	0.33535	0.10890	0.02617	0.03241	0.01819	0.05876	0.00671	0.00609	0.00181	0.00689	0.00633	0.00462	0.00838
18	0.01726	0.01294	0.01375	0.01092	0.01469	0.01389	0.00890	0.54092	0.02264	0.02979	0.02570	0.02490	0.22120	0.00886	0.00592	0.00175	0.00526	0.00698	0.00552	0.00822
19	0.00923	0.00716	0.00858	0.00798	0.00975	0.00721	0.00605	0.01477	0.18087	0.02236	0.55840	0.03804	0.08594	0.01080	0.00644	0.00181	0.00307	0.00942	0.00603	0.00608
20	0.01374	0.01321	0.02013	0.01588	0.01997	0.01408	0.27548	0.02561	0.48824	0.02155	0.01874	0.01889	0.01406	0.00659	0.00606	0.00190	0.00627	0.00646	0.00469	0.00843
21	0.00978	0.00489	0.00733	0.00733	0.00733	0.00489	0.00489	0.00733	0.00733	0.00978	0.00978	0.01711	0.00978	0.01955	0.02199	0.83627	0.00489	0.00489	0.00244	0.00244
22	0.01806	0.01118	0.01285	0.01093	0.01454	0.01193	0.00868	0.02901	0.48927	0.29362	0.02265	0.02033	0.01601	0.00739	0.00570	0.00185	0.00457	0.00611	0.00617	0.00915
23	0.01679	0.01267	0.01358	0.01092	0.01455	0.01369	0.00885	0.48292	0.08485	0.02941	0.07998	0.02447	0.16509	0.00869	0.00592	0.00176	0.00511	0.00693	0.00560	0.00822
24	0.01289	0.01401	0.02667	0.02006	0.02342	0.01546	0.44610	0.01619	0.01137	0.01619	0.00975	0.01401	0.00807	0.00683	0.01148	0.00213	0.32974	0.00594	0.00269	0.00700
25	0.00766	0.00551	0.00728	0.00747	0.00847	0.00513	0.00545	0.00978	0.01416	0.01971	0.49920	0.28259	0.04715	0.01363	0.00686	0.00197	0.00296	0.04411	0.00584	0.00507
26	0.00818	0.00546	0.00614	0.00614	0.00614	0.00546	0.00341	0.00818	0.00818	0.01091	0.01773	0.03683	0.02046	0.80222	0.02864	0.00546	0.00546	0.00818	0.00341	0.00341
27	0.01063	0.01000	0.01688	0.78870	0.03876	0.01250	0.01563	0.01438	0.01125	0.01438	0.01000	0.01500	0.00750	0.00563	0.00563	0.00188	0.00750	0.00500	0.00250	0.00625
28	0.00978	0.00489	0.00733	0.00733	0.00733	0.00489	0.00489	0.00733	0.00733	0.00978	0.00978	0.01711	0.00978	0.01955	0.02199	0.83627	0.00489	0.00489	0.00244	0.00244
29	0.00686	0.00490	0.00653	0.00784	0.00816	0.00457	0.00522	0.00784	0.01077	0.01437	0.03102	0.79855	0.03722	0.01763	0.00718	0.00229	0.00326	0.01600	0.00522	0.00457
30	0.00804	0.00603	0.00904	0.00904	0.01005	0.00703	0.00703	0.01005	0.00904	0.01306	0.01507	0.02211	0.01407	0.04221	0.77992	0.00904	0.01507	0.00603	0.00301	0.00502
31	0.02139	0.01576	0.01689	0.01295	0.01745	0.01745	0.01070	0.74835	0.02646	0.03547	0.01351	0.01351	0.00957	0.00676	0.00563	0.00169	0.00619	0.00507	0.00563	0.00957
32	0.01505	0.80561	0.02949	0.00963	0.01444	0.02227	0.00963	0.01685	0.01143	0.01324	0.00782	0.00903	0.00722	0.00481	0.00361	0.00120	0.00602	0.00301	0.00241	0.00722
33	0.00686	0.00490	0.00653	0.00784	0.00816	0.00457	0.00522	0.00784	0.01077	0.01437	0.03102	0.79855	0.03722	0.01763	0.00718	0.00229	0.00326	0.01600	0.00522	0.00457
34	0.00796	0.00575	0.00752	0.00708	0.00841	0.00531	0.00531	0.01062	0.01593	0.02257	0.76415	0.04204	0.05310	0.01150	0.00664	0.00177	0.00265	0.01018	0.00619	0.00531
35	0.00713	0.00572	0.00636	0.00620	0.00789	0.00495	0.00465	0.00900	0.01395	0.01786	0.31252	0.04978	0.50767	0.01326	0.00665	0.00185	0.00278	0.01126	0.00558	0.00495
36	0.00796	0.00575	0.00752	0.00708	0.00841	0.00531	0.00531	0.01062	0.01593	0.02257	0.76415	0.04204	0.05310	0.01150	0.00664	0.00177	0.00265	0.01018	0.00619	0.00531
37	0.02102	0.02682	0.01595	0.01450	0.01740	0.77963	0.01087	0.02247	0.01595	0.01377	0.00870	0.01015	0.00725	0.00580	0.00507	0.00145	0.01015	0.00362	0.00290	0.00652
38	0.01224	0.02342	0.50199	0.02273	0.29274	0.01318	0.01952	0.01762	0.01222	0.01803	0.01027	0.01262	0.00777	0.00523	0.00543	0.00174	0.00773	0.00447	0.00252	0.00853
39	0.00686	0.00490	0.00653	0.00784	0.00816	0.00457	0.00522	0.00784	0.01077	0.01437	0.03102	0.79855	0.03722	0.01763	0.00718	0.00229	0.00326	0.01600	0.00522	0.00457
40	0.00686	0.00490	0.00653	0.00784	0.00816	0.00457	0.00522	0.00784	0.01077	0.01437	0.03102	0.79855	0.03722	0.01763	0.00718	0.00229	0.00326	0.01600	0.00522	0.00457
41	0.01127	0.01053	0.01866	0.01557	0.01856	0.01068	0.27578	0.01583	0.08434	0.01771	0.02107	0.03871	0.02073	0.01052	0.00784	0.00227	0.05639	0.35286	0.00422	0.00647
42	0.01762	0.29990	0.02018	0.01101	0.01516	0.01774	0.00953	0.35874	0.06541	0.04278	0.01262	0.01446	0.01022	0.07286	0.00684	0.00184	0.00592	0.00468	0.00432	0.00816
43	0.00985	0.00532	0.00813	0.07289	0.00997	0.00553	0.00579	0.00792	0.00766	0.01016	0.00979	0.01693	0.00958	0.01838	0.02062	0.76626	0.00511	0.00490	0.00245	0.00276
44	0.00798	0.00573	0.00741	0.00700	0.00822	0.00532	0.00515	0.01042	0.01528	0.02159	0.70152	0.04160	0.05036	0.07785	0.00848	0.00208	0.00289	0.01001	0.00596	0.00515
45	0.07928	0.00950	0.01074	0.00897	0.01192	0.00959	0.05311	0.21725	0.01633	0.02236	0.03471	0.03387	0.38090	0.01017	0.00588	0.00178	0.00431	0.00837	0.07454	0.00643
46	0.02021	0.01077	0.01281	0.01042	0.01420	0.01091	0.00841	0.12237	0.23357	0.39234	0.02093	0.01910	0.01434	0.00710	0.00553	0.00175	0.00469	0.00575	0.07577	0.00902
47	0.00778	0.00620	0.00797	0.00906	0.07174	0.00564	0.00594	0.00972	0.01352	0.01796	0.30327	0.19966	0.29444	0.01318	0.00667	0.00191	0.00319	0.01154	0.00537	0.00527
48	0.02015	0.02541	0.01603	0.07946	0.01919	0.71526	0.01127	0.02179	0.01555	0.01382	0.00881	0.01056	0.00727	0.00578	0.00512	0.00149	0.00993	0.00374	0.00287	0.00650
49	0.01346	0.34429	0.12437	0.01102	0.01536	0.01652	0.01054	0.02095	0.28082	0.01769	0.01553	0.07999	0.01332	0.00698	0.00492	0.00163	0.00554	0.00547	0.00384	0.00776
50	0.02422	0.01522	0.01697	0.01453	0.01860	0.01501	0.01106	0.13923	0.32029	0.29966	0.02544	0.02575	0.01913	0.01059	0.00790	0.00276	0.00666	0.00747	0.00775	0.01175
51	0.00818	0.00684	0.00748	0.00855	0.00916	0.06972	0.00594	0.00931	0.01135	0.01447	0.02907	0.68595	0.03440	0.01651	0.00704	0.00223	0.00396	0.06003	0.00503	0.00477
52	0.01046	0.00998	0.01502	0.32092	0.09561	0.05834	0.07307	0.01311	0.01170	0.01503	0.01769	0.29772	0.01845	0.00984	0.00623	0.00198	0.00623	0.00903	0.00357	0.00603
53	0.01380	0.01233	0.01778	0.02346	0.41534	0.01295	0.01310	0.07912	0.22227	0.02081	0.01699	0.08258	0.03002	0.00715	0.00578	0.00180	0.00565	0.00647	0.00410	0.00851
54	0.01603	0.01311	0.01517	0.01265	0.01513	0.03404	0.01027	0.35294	0.06888	0.02438	0.01392	0.08018	0.01211	0.01145	0.07216	0.00256	0.22682	0.00608	0.00444	0.00770
55	0.02666	0.00678	0.00847	0.00794	0.00975	0.00641	0.00612	0.01273	0.06867	0.03747	0.49811	0.08664	0.04190	0.01115	0.00642	0.00181	0.00328	0.07859	0.00572	0.07537
56	0.01127	0.09983	0.63908	0.01475	0.02207	0.01322	0.01844	0.01689	0.01175	0.01710	0.01164	0.07762	0.00966	0.00633	0.00534	0.00177	0.00768	0.00504	0.00262	0.00790

[dist]
# distance from previous block
# <min> <max>
3	8

[block]
# block no. 4 follows, 42 sequences, length 23
# corresponding to MSA columns:
# 366-388
name=unknown_E
#
# <colnr> <probs for GDERKNQSTAVLIFYWHMCP>
#	G	D	E	R	K	N	Q	S	T	A	V	L	I	F	Y	W	H	M	C	P
0	0.00777	0.00624	0.00823	0.00746	0.00923	0.00558	0.04452	0.01008	0.01465	0.01962	0.46465	0.04505	0.31170	0.01215	0.00664	0.00182	0.00309	0.01061	0.00566	0.00523
1	0.00791	0.00571	0.00747	0.00712	0.00839	0.00527	0.00531	0.01047	0.01565	0.02213	0.72500	0.08243	0.05225	0.01183	0.00667	0.00180	0.00269	0.01049	0.00614	0.00527
2	0.01063	0.01000	0.01688	0.78870	0.03876	0.01250	0.01563	0.01438	0.01125	0.01438	0.01000	0.01500	0.00750	0.00563	0.00563	0.00188	0.00750	0.00500	0.00250	0.00625
3	0.00788	0.00575	0.00741	0.00699	0.00836	0.00527	0.00524	0.01046	0.01573	0.02210	0.71942	0.04280	0.09812	0.01168	0.00664	0.00178	0.00267	0.01028	0.00613	0.00527
4	0.00686	0.00490	0.00653	0.00784	0.00816	0.00457	0.00522	0.00784	0.01077	0.01437	0.03102	0.79855	0.03722	0.01763	0.00718	0.00229	0.00326	0.01600	0.00522	0.00457
5	0.01167	0.01000	0.01167	0.00834	0.01334	0.00750	0.00667	0.01417	0.01167	0.01834	0.01000	0.01167	0.00834	0.00417	0.00417	0.00083	0.00417	0.00333	0.00333	0.83663
6	0.01345	0.47615	0.34498	0.01235	0.01865	0.01837	0.01437	0.01726	0.01162	0.01518	0.00879	0.01024	0.00718	0.00504	0.00435	0.00145	0.00699	0.00350	0.00239	0.00769
7	0.02139	0.01576	0.01689	0.01295	0.01745	0.01745	0.01070	0.74835	0.02646	0.03547	0.01351	0.01351	0.00957	0.00676	0.00563	0.00169	0.00619	0.00507	0.00563	0.00957
8	0.00987	0.00809	0.00974	0.00815	0.01140	0.00640	0.00613	0.01180	0.01133	0.01685	0.01788	0.30645	0.01916	0.00921	0.00530	0.00138	0.00383	0.00808	0.00404	0.52492
9	0.01745	0.00982	0.01226	0.00905	0.01377	0.00783	0.00735	0.01981	0.01356	0.33860	0.01519	0.01485	0.01072	0.00536	0.00480	0.00122	0.00443	0.00432	0.00488	0.48472
10	0.01167	0.01000	0.01167	0.00834	0.01334	0.00750	0.00667	0.01417	0.01167	0.01834	0.01000	0.01167	0.00834	0.00417	0.00417	0.00083	0.00417	0.00333	0.00333	0.83663
11	0.30979	0.01817	0.03827	0.01201	0.01572	0.30036	0.04586	0.11009	0.01475	0.07224	0.01008	0.01113	0.00764	0.00573	0.00471	0.00163	0.00716	0.00390	0.00370	0.00707
12	0.00714	0.00510	0.00686	0.00816	0.00861	0.00482	0.00572	0.00833	0.01105	0.01468	0.03086	0.70441	0.03660	0.01736	0.00726	0.00232	0.00351	0.10735	0.00522	0.00465
13	0.02002	0.01978	0.01615	0.01392	0.04104	0.33632	0.01064	0.33825	0.05696	0.02414	0.01164	0.01237	0.00888	0.00618	0.00531	0.00154	0.00765	0.00441	0.00425	0.06055
14	0.02116	0.02268	0.01630	0.01392	0.01742	0.49410	0.01081	0.29440	0.01989	0.02190	0.01050	0.01141	0.00812	0.00616	0.00528	0.00154	0.00867	0.00416	0.00392	0.00767
15	0.00665	0.00570	0.00570	0.00570	0.00760	0.00475	0.00428	0.00808	0.01283	0.01520	0.05701	0.05416	0.76483	0.01425	0.00665	0.00190	0.00285	0.01188	0.00523	0.00475
16	0.00769	0.00525	0.00628	0.00677	0.00690	0.00512	0.00409	0.00805	0.00915	0.01221	0.02271	0.32218	0.02674	0.50830	0.02060	0.00427	0.00464	0.01111	0.00409	0.00384
17	0.01049	0.00525	0.00525	0.00525	0.00656	0.00525	0.00393	0.01311	0.01180	0.02098	0.01836	0.02098	0.01442	0.00656	0.00393	0.00131	0.00262	0.00525	0.83346	0.00525
18	0.01759	0.02682	0.29944	0.01485	0.01985	0.45415	0.01446	0.02098	0.01443	0.05290	0.00989	0.01125	0.00754	0.00569	0.00521	0.00159	0.00920	0.00393	0.00291	0.00735
19	0.01450	0.00775	0.00911	0.00736	0.01053	0.00667	0.00583	0.01697	0.01283	0.20590	0.01680	0.01773	0.01247	0.00594	0.00443	0.00127	0.00362	0.00477	0.37912	0.25639
20	0.01536	0.42878	0.09920	0.01083	0.01550	0.01767	0.01044	0.02160	0.21880	0.09017	0.01364	0.01362	0.01063	0.00586	0.00457	0.00151	0.00570	0.00431	0.00377	0.00803
21	0.01224	0.22624	0.58429	0.01441	0.02184	0.01540	0.01796	0.01758	0.01177	0.01666	0.00952	0.01116	0.00715	0.00521	0.00491	0.00164	0.00773	0.00387	0.00238	0.00804
22	0.01627	0.01825	0.02256	0.01770	0.02162	0.27507	0.31656	0.03803	0.09323	0.03632	0.01230	0.03480	0.00987	0.00617	0.00669	0.00178	0.05643	0.00566	0.00338	0.00730

[dist]
# distance from previous block
# <min> <max>
0	1

[block]
# block no. 5 follows, 42 sequences, length 78
# corresponding to MSA columns:
# 393-470
name=unknown_F
#
# <colnr> <probs for GDERKNQSTAVLIFYWHMCP>
#	G	D	E	R	K	N	Q	S	T	A	V	L	I	F	Y	W	H	M	C	P
0	0.01276	0.01099	0.01391	0.01003	0.01503	0.00903	0.06637	0.08735	0.01327	0.02001	0.01046	0.01213	0.00847	0.00447	0.00451	0.00100	0.00480	0.00377	0.00352	0.68810
1	0.02291	0.01774	0.01483	0.01233	0.01609	0.33464	0.00972	0.12930	0.01753	0.34585	0.01526	0.01455	0.01049	0.00644	0.00541	0.00161	0.00725	0.00472	0.00506	0.00829
2	0.01392	0.37704	0.36610	0.01302	0.01924	0.09168	0.01482	0.01784	0.01208	0.01537	0.00894	0.01043	0.00718	0.00515	0.00454	0.00149	0.00746	0.00359	0.00244	0.00765
3	0.00860	0.00617	0.00842	0.00898	0.01029	0.00599	0.00748	0.01122	0.01421	0.01925	0.33925	0.05444	0.04112	0.01384	0.00729	0.00225	0.00412	0.42623	0.00561	0.00524
4	0.00894	0.01374	0.26861	0.01093	0.01421	0.00823	0.01083	0.01301	0.07095	0.01628	0.02323	0.46778	0.02535	0.01264	0.00644	0.00208	0.00508	0.01119	0.00429	0.00620
5	0.00672	0.00543	0.00598	0.00643	0.00779	0.00469	0.00460	0.00799	0.01213	0.01492	0.04814	0.30818	0.51653	0.01541	0.00683	0.00203	0.00299	0.01328	0.00523	0.00469
6	0.01165	0.00970	0.01072	0.01033	0.01257	0.01086	0.00781	0.02254	0.50241	0.02052	0.02562	0.25522	0.02381	0.01096	0.00625	0.00205	0.00413	0.03985	0.00555	0.00745
7	0.00825	0.00554	0.00637	0.00648	0.00658	0.00554	0.00386	0.00846	0.00857	0.01139	0.01870	0.03896	0.02142	0.73918	0.02697	0.00523	0.00543	0.06597	0.00355	0.00355
8	0.01505	0.80561	0.02949	0.00963	0.01444	0.02227	0.00963	0.01685	0.01143	0.01324	0.00782	0.00903	0.00722	0.00481	0.00361	0.00120	0.00602	0.00301	0.00241	0.00722
9	0.00955	0.00536	0.00595	0.00592	0.00717	0.00521	0.00440	0.01206	0.01284	0.02094	0.22081	0.08188	0.02650	0.00868	0.00490	0.00150	0.00268	0.00734	0.55109	0.00521
10	0.01431	0.65304	0.17559	0.01089	0.01639	0.02046	0.01182	0.01704	0.01152	0.01414	0.00827	0.00959	0.00720	0.00492	0.00395	0.00132	0.00647	0.00323	0.00240	0.00744
11	0.02127	0.00986	0.01235	0.00999	0.01381	0.00945	0.00808	0.02690	0.20012	0.52490	0.02207	0.01976	0.01478	0.00710	0.00554	0.00175	0.00453	0.00580	0.07289	0.00906
12	0.01167	0.00993	0.01362	0.01249	0.01512	0.01061	0.10087	0.02014	0.32651	0.01981	0.02460	0.03956	0.02301	0.01087	0.00677	0.00222	0.00541	0.33462	0.00512	0.00705
13	0.01167	0.01000	0.01167	0.00834	0.01334	0.00750	0.00667	0.01417	0.01167	0.01834	0.01000	0.01167	0.00834	0.00417	0.00417	0.00083	0.00417	0.00333	0.00333	0.83663
14	0.00796	0.00575	0.00752	0.00708	0.00841	0.00531	0.00531	0.01062	0.01593	0.02257	0.76415	0.04204	0.05310	0.01150	0.00664	0.00177	0.00265	0.01018	0.00619	0.00531
15	0.00691	0.00492	0.00651	0.00777	0.00808	0.00461	0.00515	0.00785	0.01067	0.01423	0.03050	0.76865	0.03656	0.04843	0.00803	0.00241	0.00335	0.01569	0.00515	0.00453
16	0.01328	0.01518	0.03321	0.02372	0.02941	0.01423	0.74668	0.01803	0.01328	0.01803	0.01139	0.01518	0.00854	0.00474	0.00664	0.00190	0.00949	0.00664	0.00285	0.00759
17	0.00758	0.00577	0.00699	0.00679	0.00831	0.00518	0.00516	0.00981	0.01471	0.01974	0.48282	0.04734	0.29485	0.01266	0.00670	0.00186	0.00286	0.04994	0.00581	0.00511
18	0.01393	0.01337	0.02284	0.03454	0.76712	0.01337	0.01727	0.01727	0.01281	0.01839	0.01059	0.01393	0.00891	0.00501	0.00557	0.00167	0.00669	0.00501	0.00279	0.00891
19	0.01950	0.01086	0.01289	0.01075	0.01450	0.01120	0.00860	0.02869	0.39492	0.38881	0.02256	0.02010	0.01559	0.00731	0.00569	0.00183	0.00462	0.00602	0.00633	0.00923
20	0.00819	0.00551	0.00638	0.00649	0.00659	0.00553	0.00386	0.00841	0.00853	0.01138	0.01866	0.05717	0.02137	0.71989	0.04635	0.00531	0.00563	0.04762	0.00354	0.00358
21	0.01166	0.01106	0.01874	0.55295	0.26644	0.01277	0.01614	0.01528	0.01174	0.01563	0.01018	0.01467	0.00794	0.00544	0.00561	0.00181	0.00725	0.00501	0.00259	0.00708
22	0.01605	0.01538	0.02764	0.02004	0.02533	0.01533	0.49552	0.26725	0.01778	0.02398	0.01211	0.01461	0.00889	0.00543	0.00630	0.00183	0.00836	0.00610	0.00380	0.00827
23	0.01529	0.01346	0.02000	0.02679	0.51066	0.01402	0.01463	0.16000	0.10587	0.02238	0.01285	0.01489	0.01019	0.00571	0.00556	0.00169	0.00621	0.00519	0.02565	0.00894
24	0.02196	0.01754	0.01524	0.01252	0.01632	0.27469	0.00994	0.27267	0.03390	0.23050	0.01438	0.01414	0.01014	0.00676	0.00578	0.01829	0.00709	0.00476	0.00501	0.00838
25	0.55918	0.01235	0.01678	0.01297	0.01721	0.01317	0.25882	0.01705	0.01084	0.02278	0.00905	0.01120	0.00693	0.00506	0.00456	0.00179	0.00611	0.00427	0.00327	0.00660
26	0.01393	0.01337	0.02284	0.03454	0.76712	0.01337	0.01727	0.01727	0.01281	0.01839	0.01059	0.01393	0.00891	0.00501	0.00557	0.00167	0.00669	0.00501	0.00279	0.00891
27	0.01000	0.00790	0.00917	0.00848	0.01039	0.00827	0.00641	0.01700	0.26830	0.02206	0.45116	0.03491	0.05855	0.05335	0.00753	0.00202	0.00343	0.00881	0.00586	0.00642
28	0.01191	0.15870	0.64897	0.01497	0.02270	0.01460	0.01893	0.01766	0.01181	0.01706	0.00972	0.01141	0.00714	0.00526	0.00506	0.00169	0.00793	0.00397	0.00238	0.00813
29	0.01270	0.00976	0.01097	0.00986	0.01249	0.01065	0.00764	0.02316	0.45423	0.07350	0.27581	0.02805	0.02922	0.00891	0.00603	0.00185	0.00386	0.00762	0.00597	0.00772
30	0.02139	0.01576	0.01689	0.01295	0.01745	0.01745	0.01070	0.74835	0.02646	0.03547	0.01351	0.01351	0.00957	0.00676	0.00563	0.00169	0.00619	0.00507	0.00563	0.00957
31	0.01231	0.01231	0.01724	0.01477	0.01477	0.01724	0.01231	0.01354	0.00862	0.01354	0.00739	0.01231	0.00739	0.00985	0.01847	0.00246	0.79192	0.00492	0.00246	0.00616
32	0.00804	0.00603	0.00904	0.00904	0.01005	0.00703	0.00703	0.01005	0.00904	0.01306	0.01507	0.02211	0.01407	0.04221	0.77992	0.00904	0.01507	0.00603	0.00301	0.00502
33	0.01393	0.01337	0.02284	0.03454	0.76712	0.01337	0.01727	0.01727	0.01281	0.01839	0.01059	0.01393	0.00891	0.00501	0.00557	0.00167	0.00669	0.00501	0.00279	0.00891
34	0.01517	0.00731	0.00979	0.00837	0.01090	0.00651	0.00655	0.01751	0.01566	0.33741	0.40217	0.08329	0.03553	0.01000	0.00626	0.00179	0.00360	0.00867	0.00645	0.00706
35	0.01400	0.01209	0.01273	0.01145	0.01463	0.01400	0.00891	0.02990	0.75695	0.02354	0.02291	0.02100	0.01718	0.00764	0.00573	0.00191	0.00445	0.00636	0.00573	0.00891
36	0.00760	0.00574	0.00701	0.00670	0.00818	0.00515	0.00502	0.00991	0.01507	0.02052	0.56709	0.04542	0.25144	0.01227	0.00664	0.00181	0.00271	0.01065	0.00592	0.00515
37	0.02139	0.01576	0.01689	0.01295	0.01745	0.01745	0.01070	0.74835	0.02646	0.03547	0.01351	0.01351	0.00957	0.00676	0.00563	0.00169	0.00619	0.00507	0.00563	0.00957
38	0.01063	0.01000	0.01688	0.78870	0.03876	0.01250	0.01563	0.01438	0.01125	0.01438	0.01000	0.01500	0.00750	0.00563	0.00563	0.00188	0.00750	0.00500	0.00250	0.00625
39	0.00773	0.00527	0.00627	0.00672	0.00683	0.00515	0.00403	0.00807	0.00907	0.01209	0.02227	0.29677	0.02618	0.53448	0.02132	0.00437	0.00471	0.01085	0.00403	0.00381
40	0.01175	0.01115	0.01891	0.53134	0.28731	0.01280	0.01619	0.01537	0.01179	0.01575	0.01020	0.01464	0.00798	0.00542	0.00561	0.00181	0.00722	0.00501	0.00260	0.00716
41	0.11122	0.01157	0.01356	0.01063	0.01484	0.01163	0.00874	0.22127	0.07080	0.43897	0.01836	0.01668	0.01214	0.00677	0.00542	0.00174	0.00510	0.00527	0.00614	0.00915
42	0.01063	0.01000	0.01688	0.78870	0.03876	0.01250	0.01563	0.01438	0.01125	0.01438	0.01000	0.01500	0.00750	0.00563	0.00563	0.00188	0.00750	0.00500	0.00250	0.00625
43	0.00843	0.00610	0.00822	0.00896	0.01023	0.00589	0.00742	0.01083	0.01358	0.01808	0.23019	0.11597	0.08765	0.01453	0.00734	0.00230	0.00419	0.42948	0.00546	0.00514
44	0.04477	0.01234	0.01447	0.01126	0.01555	0.01259	0.00925	0.32138	0.07953	0.39101	0.01833	0.01673	0.01220	0.00689	0.00559	0.00173	0.00532	0.00540	0.00623	0.00943
45	0.00969	0.00905	0.00836	0.00796	0.00992	0.10041	0.00598	0.01324	0.10666	0.01806	0.24068	0.07284	0.35248	0.01178	0.00636	0.00183	0.00390	0.00989	0.00527	0.00563
46	0.01348	0.00870	0.01087	0.00995	0.07204	0.00722	0.00710	0.01560	0.01325	0.20268	0.02910	0.02819	0.26792	0.00837	0.00550	0.00149	0.00407	0.00696	0.00483	0.28269
47	0.00835	0.00614	0.00806	0.00863	0.01003	0.00585	0.00717	0.01077	0.01382	0.01829	0.25368	0.05557	0.15637	0.01413	0.00725	0.00223	0.00405	0.39893	0.00549	0.00515
48	0.02056	0.08874	0.01707	0.01404	0.01716	0.68505	0.01077	0.05430	0.01605	0.01469	0.00884	0.01021	0.00735	0.00576	0.00498	0.00144	0.00964	0.00364	0.00298	0.00672
49	0.00805	0.00601	0.00892	0.00892	0.00988	0.00697	0.00688	0.00997	0.00901	0.01297	0.01519	0.02273	0.01434	0.07438	0.74811	0.00889	0.01467	0.00612	0.00303	0.00496
50	0.01560	0.01786	0.01205	0.01121	0.01297	0.45352	0.00802	0.01660	0.01275	0.01274	0.01229	0.02021	0.01230	0.28050	0.07521	0.00343	0.00894	0.00537	0.00308	0.00534
51	0.01925	0.01204	0.01445	0.01310	0.07539	0.01266	0.00970	0.16614	0.30409	0.28050	0.01987	0.01836	0.01395	0.00703	0.00567	0.00179	0.00508	0.00577	0.00589	0.00926
52	0.00686	0.00490	0.00653	0.00784	0.00816	0.00457	0.00522	0.00784	0.01077	0.01437	0.03102	0.79855	0.03722	0.01763	0.00718	0.00229	0.00326	0.01600	0.00522	0.00457
53	0.01336	0.01269	0.02154	0.03240	0.70629	0.01267	0.01631	0.01652	0.01265	0.01806	0.01222	0.07681	0.01118	0.00603	0.00570	0.00172	0.00641	0.00589	0.00298	0.00857
54	0.84197	0.01088	0.00827	0.00740	0.01088	0.01262	0.00609	0.01654	0.00958	0.02525	0.00784	0.00914	0.00609	0.00522	0.00348	0.00174	0.00435	0.00305	0.00348	0.00609
55	0.01205	0.18590	0.62292	0.01475	0.02236	0.01493	0.01854	0.01763	0.01179	0.01690	0.00964	0.01131	0.00715	0.00524	0.00500	0.00167	0.00785	0.00393	0.00238	0.00810
56	0.00898	0.00642	0.00897	0.01026	0.01152	0.00640	0.00892	0.01151	0.01287	0.01674	0.02984	0.09233	0.03258	0.01563	0.00775	0.00258	0.00511	0.70124	0.00518	0.00516
57	0.01217	0.01157	0.01966	0.43741	0.37803	0.01291	0.01639	0.01573	0.01198	0.01624	0.01027	0.01450	0.00816	0.00534	0.00560	0.00178	0.00712	0.00501	0.00263	0.00749
58	0.00787	0.00548	0.00707	0.00714	0.00819	0.00511	0.00518	0.01007	0.01421	0.02022	0.50625	0.24480	0.04571	0.01276	0.00657	0.00187	0.00282	0.01136	0.07223	0.00511
59	0.01211	0.19848	0.61088	0.01464	0.02219	0.01508	0.01836	0.01761	0.01178	0.01682	0.00960	0.01126	0.00715	0.00523	0.00497	0.00166	0.00782	0.00391	0.00238	0.00808
60	0.84197	0.01088	0.00827	0.00740	0.01088	0.01262	0.00609	0.01654	0.00958	0.02525	0.00784	0.00914	0.00609	0.00522	0.00348	0.00174	0.00435	0.00305	0.00348	0.00609
61	0.00806	0.00595	0.00864	0.00864	0.00951	0.00682	0.00653	0.00979	0.00893	0.01277	0.01544	0.02414	0.01495	0.14730	0.67604	0.00855	0.01374	0.00633	0.00307	0.00480
62	0.01167	0.01000	0.01167	0.00834	0.01334	0.00750	0.00667	0.01417	0.01167	0.01834	0.01000	0.01167	0.00834	0.00417	0.00417	0.00083	0.00417	0.00333	0.00333	0.83663
63	0.01505	0.80561	0.02949	0.00963	0.01444	0.02227	0.00963	0.01685	0.01143	0.01324	0.00782	0.00903	0.00722	0.00481	0.00361	0.00120	0.00602	0.00301	0.00241	0.00722
64	0.00709	0.00572	0.00631	0.00616	0.00787	0.00494	0.00462	0.00892	0.01386	0.01765	0.29198	0.05013	0.52834	0.01334	0.00665	0.00186	0.00279	0.01131	0.00555	0.00494
65	0.01175	0.01115	0.01891	0.53134	0.28731	0.01280	0.01619	0.01537	0.01179	0.01575	0.01020	0.01464	0.00798	0.00542	0.00561	0.00181	0.00722	0.00501	0.00260	0.00716
66	0.00679	0.00571	0.00589	0.00584	0.00768	0.00481	0.00438	0.00834	0.01315	0.01596	0.13005	0.05291	0.69131	0.01397	0.00665	0.00189	0.00283	0.01170	0.00533	0.00481
67	0.08553	0.01093	0.01419	0.01159	0.01433	0.01227	0.00958	0.04217	0.05638	0.38869	0.01579	0.01597	0.01114	0.00784	0.00986	0.00200	0.27339	0.00522	0.00504	0.00809
68	0.00808	0.00577	0.00793	0.00923	0.01009	0.00562	0.00734	0.00994	0.01198	0.01573	0.03034	0.39336	0.03456	0.01648	0.00751	0.00245	0.00432	0.40916	0.00520	0.00491
69	0.02102	0.02682	0.01595	0.01450	0.01740	0.77963	0.01087	0.02247	0.01595	0.01377	0.00870	0.01015	0.00725	0.00580	0.00507	0.00145	0.01015	0.00362	0.00290	0.00652
70	0.02139	0.01576	0.01689	0.01295	0.01745	0.01745	0.01070	0.74835	0.02646	0.03547	0.01351	0.01351	0.00957	0.00676	0.00563	0.00169	0.00619	0.00507	0.00563	0.00957
71	0.00741	0.00573	0.00675	0.00650	0.00807	0.00507	0.00487	0.00955	0.01462	0.01946	0.46616	0.04715	0.35302	0.01266	0.00664	0.00182	0.00274	0.01089	0.00579	0.00507
72	0.84197	0.01088	0.00827	0.00740	0.01088	0.01262	0.00609	0.01654	0.00958	0.02525	0.00784	0.00914	0.00609	0.00522	0.00348	0.00174	0.00435	0.00305	0.00348	0.00609
73	0.01988	0.00975	0.01251	0.00935	0.01396	0.00797	0.00764	0.02218	0.01435	0.47315	0.01737	0.01619	0.01172	0.00586	0.00507	0.00138	0.00454	0.00474	0.00553	0.33688
74	0.00679	0.00543	0.00608	0.00650	0.00784	0.00472	0.00466	0.00813	0.01230	0.01532	0.08668	0.30752	0.47775	0.01526	0.00683	0.00202	0.00298	0.01319	0.00528	0.00472
75	0.01393	0.01337	0.02284	0.03454	0.76712	0.01337	0.01727	0.01727	0.01281	0.01839	0.01059	0.01393	0.00891	0.00501	0.00557	0.00167	0.00669	0.00501	0.00279	0.00891
76	0.08332	0.01065	0.01220	0.00986	0.01391	0.01037	0.00790	0.02394	0.26724	0.25956	0.01810	0.01703	0.01295	0.00632	0.00512	0.00156	0.00448	0.00508	0.00531	0.22511
77	0.01485	0.00794	0.01054	0.01008	0.01260	0.00760	0.00852	0.01831	0.07365	0.27465	0.02814	0.04444	0.06478	0.01191	0.00683	0.00221	0.00486	0.38529	0.00584	0.00696

[dist]
# distance from previous block
# <min> <max>
0	1

[block]
# block no. 6 follows, 42 sequences, length 37
# corresponding to MSA columns:
# 472-508
name=unknown_G
#
# <colnr> <probs for GDERKNQSTAVLIFYWHMCP>
#	G	D	E	R	K	N	Q	S	T	A	V	L	I	F	Y	W	H	M	C	P
0	0.01803	0.51413	0.02345	0.00987	0.01443	0.01752	0.00917	0.02089	0.06284	0.24073	0.01314	0.01286	0.00990	0.00565	0.00437	0.00141	0.00555	0.00403	0.00399	0.00804
1	0.01321	0.06760	0.03047	0.02099	0.02655	0.01399	0.61161	0.01750	0.01297	0.01774	0.01099	0.01436	0.00843	0.00468	0.00615	0.00173	0.00864	0.00602	0.00287	0.10349
2	0.01428	0.64729	0.18109	0.01094	0.01647	0.02039	0.01191	0.01705	0.01153	0.01417	0.00829	0.00961	0.00720	0.00492	0.00396	0.00132	0.00649	0.00324	0.00240	0.00745
3	0.01180	0.13437	0.67226	0.01517	0.02301	0.01432	0.01928	0.01769	0.01182	0.01720	0.00979	0.01149	0.00714	0.00527	0.00511	0.00170	0.00801	0.00400	0.00238	0.00817
4	0.01359	0.01416	0.02692	0.02505	0.24791	0.01394	0.41383	0.01964	0.12860	0.01899	0.01293	0.01571	0.00999	0.00527	0.00618	0.00183	0.00787	0.00611	0.00328	0.00819
5	0.01341	0.01445	0.02903	0.02636	0.24922	0.01418	0.47911	0.01750	0.01283	0.01783	0.01088	0.01461	0.00857	0.00517	0.00711	0.00187	0.06113	0.00604	0.00280	0.00789
6	0.00906	0.00814	0.01458	0.01231	0.01432	0.00765	0.22694	0.01124	0.01181	0.01598	0.10605	0.39087	0.02848	0.10387	0.00944	0.00248	0.00531	0.01164	0.00441	0.00542
