[name]
unknown

[dist]
# distance from previous block
# <min> <max>
0	93

[block]
# block no. 0 follows, 42 sequences, length 36
# corresponding to MSA columns:
# 102-137
name=unknown_A
#
# <colnr> <probs for GDERKNQSTAVLIFYWHMCP>
#	G	D	E	R	K	N	Q	S	T	A	V	L	I	F	Y	W	H	M	C	P
0	0.00832	0.00615	0.00905	0.00941	0.01049	0.00688	0.00759	0.01049	0.01012	0.01410	0.01912	0.03348	0.01910	0.03488	0.56768	0.00727	0.01235	0.20482	0.00361	0.00507
1	0.00671	0.00548	0.00593	0.00629	0.00776	0.00470	0.00454	0.00801	0.01226	0.01497	0.04987	0.25877	0.56484	0.01518	0.00680	0.00201	0.00296	0.01301	0.00523	0.00470
2	0.01770	0.01301	0.01431	0.01134	0.01497	0.01411	0.00922	0.54557	0.02357	0.03192	0.21984	0.02135	0.02154	0.00806	0.00591	0.00171	0.00522	0.00647	0.00579	0.00840
3	0.01578	0.01144	0.01607	0.05323	0.01589	0.01453	0.01137	0.01740	0.01081	0.22179	0.01159	0.01433	0.00919	0.00884	0.01429	0.00223	0.53526	0.00513	0.00370	0.00710
4	0.01197	0.00904	0.01153	0.01030	0.01216	0.01041	0.00817	0.21310	0.01376	0.01914	0.01433	0.01991	0.01276	0.06858	0.48534	0.00646	0.05724	0.00581	0.00372	0.00626
5	0.23972	0.02338	0.52483	0.01406	0.02091	0.01301	0.05405	0.01748	0.01132	0.01987	0.00954	0.01130	0.00692	0.00528	0.00490	0.00178	0.00729	0.00398	0.00270	0.00767
6	0.01363	0.23039	0.04223	0.04794	0.11037	0.01534	0.01054	0.02191	0.32773	0.01916	0.05167	0.01681	0.01395	0.00638	0.00507	0.00162	0.00532	0.00517	0.00410	0.05066
7	0.01191	0.00618	0.00832	0.00843	0.00987	0.00559	0.00606	0.01322	0.01224	0.22235	0.02859	0.58432	0.03082	0.01470	0.00676	0.00214	0.00368	0.01316	0.00570	0.00595
8	0.02177	0.08675	0.01659	0.01241	0.01632	0.28974	0.01000	0.22524	0.01852	0.22790	0.01367	0.01346	0.00973	0.00630	0.00526	0.00158	0.00722	0.00453	0.00473	0.00827
9	0.00804	0.00603	0.00904	0.00904	0.01005	0.00703	0.00703	0.01005	0.00904	0.01306	0.01507	0.02211	0.01407	0.04221	0.77992	0.00904	0.01507	0.00603	0.00301	0.00502
10	0.01379	0.58561	0.02283	0.00842	0.01228	0.01759	0.00806	0.01582	0.01154	0.01537	0.01072	0.01231	0.00920	0.00529	0.00370	0.00123	0.00508	0.00362	0.23084	0.00668
11	0.01108	0.01023	0.01377	0.01196	0.01292	0.01290	0.02039	0.01435	0.09059	0.01731	0.21909	0.02306	0.05044	0.01006	0.01295	0.00215	0.43395	0.00679	0.00397	0.02206
12	0.01102	0.01824	0.34963	0.01739	0.16307	0.01126	0.04421	0.01552	0.01306	0.01902	0.21737	0.02072	0.02018	0.00718	0.00647	0.00180	0.04675	0.00612	0.00353	0.00747
13	0.01600	0.01195	0.01823	0.01467	0.01663	0.01437	0.10986	0.01796	0.01130	0.22235	0.01200	0.01458	0.00934	0.00837	0.01336	0.00219	0.47044	0.00536	0.00375	0.00729
14	0.00875	0.00756	0.01071	0.01433	0.21656	0.00708	0.00817	0.01059	0.01225	0.01598	0.05203	0.27700	0.31210	0.01271	0.00652	0.00196	0.00403	0.01125	0.00458	0.00585
15	0.03217	0.01153	0.01576	0.24859	0.03399	0.01474	0.01231	0.01843	0.21520	0.01690	0.01251	0.01547	0.01011	0.00777	0.01051	0.00210	0.30623	0.00530	0.00340	0.00698
16	0.02055	0.00991	0.01265	0.00967	0.01411	0.00855	0.00789	0.02399	0.07832	0.50013	0.01891	0.01725	0.01267	0.00625	0.00526	0.00151	0.00459	0.00508	0.00586	0.23685
17	0.01631	0.01243	0.01491	0.01468	0.12382	0.01332	0.01015	0.43859	0.02017	0.02719	0.01790	0.22936	0.01708	0.00949	0.00605	0.00185	0.00546	0.00806	0.00510	0.00810
18	0.01278	0.01225	0.01600	0.01386	0.01474	0.01635	0.01138	0.01804	0.21431	0.01629	0.01165	0.01470	0.01008	0.00924	0.01497	0.00231	0.57547	0.00532	0.00336	0.00691
19	0.01772	0.01768	0.01483	0.01218	0.01600	0.28272	0.00958	0.21187	0.07213	0.02146	0.01133	0.01233	0.00890	0.00588	0.00549	0.00141	0.03472	0.00417	0.00393	0.23566
20	0.01484	0.01027	0.01704	0.51804	0.03136	0.01147	0.06771	0.01823	0.01274	0.22263	0.01346	0.01616	0.00935	0.00593	0.00571	0.00184	0.00690	0.00530	0.00375	0.00726
21	0.02202	0.01040	0.01477	0.22472	0.02177	0.01002	0.01071	0.02432	0.01533	0.55185	0.01966	0.01929	0.01303	0.00725	0.00608	0.00196	0.00588	0.00579	0.00602	0.00913
22	0.01260	0.01202	0.02045	0.33768	0.47435	0.01302	0.01661	0.01611	0.01219	0.01677	0.01035	0.01436	0.00835	0.00526	0.00559	0.00175	0.00701	0.00501	0.00267	0.00784
23	0.01063	0.01000	0.01688	0.78870	0.03876	0.01250	0.01563	0.01438	0.01125	0.01438	0.01000	0.01500	0.00750	0.00563	0.00563	0.00188	0.00750	0.00500	0.00250	0.00625
24	0.01980	0.01406	0.01531	0.01221	0.01633	0.01547	0.00993	0.46952	0.22608	0.11519	0.01707	0.01621	0.01215	0.00702	0.00566	0.00176	0.00556	0.00549	0.00581	0.00939
25	0.00832	0.00622	0.00778	0.00731	0.00881	0.00591	0.00550	0.01187	0.07055	0.02211	0.65889	0.04134	0.10117	0.01141	0.00657	0.00179	0.00280	0.01002	0.00609	0.00554
26	0.36188	0.01158	0.01085	0.00975	0.01306	0.01342	0.00773	0.02429	0.44294	0.02426	0.01657	0.01602	0.01252	0.00662	0.00478	0.00184	0.00441	0.00497	0.00478	0.00773
27	0.01191	0.01356	0.12763	0.02431	0.45066	0.01111	0.01449	0.01552	0.01354	0.01945	0.21765	0.02136	0.02080	0.00685	0.00583	0.00171	0.00581	0.00631	0.00366	0.00784
28	0.01370	0.51079	0.08073	0.22436	0.02193	0.03705	0.01213	0.01638	0.01153	0.01391	0.00861	0.01091	0.00729	0.00510	0.00433	0.00144	0.00670	0.00366	0.00244	0.00702
29	0.01319	0.01452	0.10236	0.01452	0.01695	0.01568	0.06240	0.05658	0.21592	0.01821	0.01255	0.01491	0.01024	0.00823	0.01202	0.00216	0.39324	0.00536	0.00354	0.00743
30	0.01273	0.01333	0.01300	0.06920	0.01484	0.22183	0.00951	0.01436	0.01093	0.01326	0.01155	0.01759	0.01088	0.09403	0.27633	0.00468	0.17822	0.00526	0.00286	0.00562
31	0.00878	0.01217	0.21781	0.00944	0.01273	0.00740	0.00949	0.01241	0.01459	0.02072	0.50455	0.03465	0.09314	0.01002	0.00628	0.00178	0.00423	0.00865	0.00507	0.00610
32	0.01093	0.05995	0.02748	0.01192	0.01271	0.05203	0.00968	0.01232	0.00987	0.01378	0.01488	0.22920	0.01631	0.01500	0.09857	0.00301	0.38544	0.00789	0.00330	0.00572
33	0.00688	0.00494	0.00649	0.00772	0.00810	0.00460	0.00515	0.00785	0.01080	0.01433	0.03174	0.75390	0.06485	0.03401	0.00761	0.00234	0.00330	0.01568	0.00519	0.00455
34	0.01364	0.01226	0.01801	0.03850	0.43294	0.04572	0.01400	0.09402	0.01442	0.01951	0.01608	0.02736	0.01534	0.00814	0.00616	0.00192	0.00639	0.20403	0.00375	0.00780
35	0.00782	0.00530	0.00625	0.00660	0.00669	0.00521	0.00391	0.00809	0.00890	0.01186	0.02138	0.24620	0.02507	0.58656	0.02274	0.00458	0.00485	0.01033	0.00391	0.00373

[dist]
# distance from previous block
# <min> <max>
0	8

[block]
# block no. 1 follows, 42 sequences, length 23
# corresponding to MSA columns:
# 146-168
name=unknown_B
#
# <colnr> <probs for GDERKNQSTAVLIFYWHMCP>
#	G	D	E	R	K	N	Q	S	T	A	V	L	I	F	Y	W	H	M	C	P
0	0.00708	0.00538	0.00652	0.00695	0.00805	0.00482	0.00494	0.00863	0.01277	0.01675	0.22874	0.36390	0.27517	0.01496	0.00687	0.00203	0.00297	0.01317	0.00548	0.00482
1	0.00960	0.00889	0.01399	0.58645	0.03071	0.01050	0.01270	0.01275	0.01166	0.01459	0.02214	0.02512	0.20312	0.00785	0.00589	0.00188	0.00630	0.00678	0.00320	0.00586
2	0.00716	0.00519	0.00718	0.00815	0.00865	0.00521	0.00569	0.00841	0.01033	0.01403	0.02690	0.59799	0.03124	0.02398	0.20678	0.00403	0.00632	0.01342	0.00465	0.00469
3	0.01339	0.01297	0.02118	0.05708	0.54608	0.01434	0.01593	0.01620	0.01167	0.01699	0.00974	0.01355	0.00847	0.00629	0.00890	0.00188	0.20954	0.00499	0.00269	0.00810
4	0.01341	0.01149	0.01688	0.58832	0.03326	0.01378	0.01435	0.20397	0.01518	0.01983	0.01091	0.01462	0.00804	0.00592	0.00563	0.00183	0.00716	0.00502	0.00331	0.00711
5	0.01417	0.60010	0.02489	0.00930	0.01416	0.01845	0.00886	0.01616	0.01150	0.01456	0.00839	0.00971	0.00751	0.00465	0.00375	0.00111	0.00554	0.00309	0.00265	0.22146
6	0.00867	0.00715	0.01068	0.01456	0.20416	0.00686	0.00826	0.01029	0.01147	0.01547	0.02786	0.53517	0.08925	0.01410	0.00672	0.00210	0.00411	0.01283	0.00459	0.00571
7	0.01620	0.01522	0.01269	0.01100	0.01385	0.24823	0.02986	0.17239	0.09930	0.02153	0.01781	0.01860	0.07252	0.00706	0.00514	0.00157	0.00612	0.00541	0.21851	0.00699
8	0.01356	0.01215	0.01389	0.01231	0.01467	0.01483	0.00979	0.02568	0.56365	0.02096	0.01890	0.01875	0.01465	0.00821	0.00902	0.00205	0.20786	0.00599	0.00488	0.00820
9	0.00972	0.21218	0.01214	0.00700	0.00856	0.00969	0.00519	0.01046	0.00990	0.01243	0.03874	0.03237	0.12961	0.45919	0.01835	0.00374	0.00514	0.00745	0.00349	0.00464
10	0.01821	0.01336	0.01487	0.01228	0.01596	0.01462	0.01028	0.55806	0.02297	0.03066	0.01772	0.02642	0.01546	0.00903	0.00618	0.00192	0.00593	0.19212	0.00551	0.00844
11	0.01736	0.51305	0.02470	0.01104	0.01556	0.10713	0.01005	0.20644	0.01583	0.01904	0.00939	0.01031	0.00783	0.00543	0.00430	0.00136	0.00653	0.00361	0.00330	0.00775
12	0.01426	0.01400	0.02252	0.03361	0.73220	0.04906	0.01697	0.01751	0.01296	0.01817	0.01050	0.01375	0.00884	0.00505	0.00555	0.00166	0.00685	0.00495	0.00279	0.00880
13	0.00868	0.00709	0.01074	0.01473	0.20420	0.00684	0.00834	0.01027	0.01130	0.01540	0.02574	0.59588	0.02991	0.01437	0.00677	0.00213	0.00415	0.01316	0.00459	0.00569
14	0.01123	0.18356	0.35796	0.01250	0.01771	0.01266	0.01417	0.01544	0.01240	0.01700	0.07621	0.02707	0.01742	0.00837	0.00572	0.00187	0.00657	0.19170	0.00342	0.00703
15	0.00753	0.00585	0.00627	0.00613	0.00750	0.00528	0.00429	0.02384	0.01219	0.01529	0.12683	0.04712	0.46110	0.23170	0.01271	0.00286	0.00362	0.01052	0.00484	0.00455
16	0.01055	0.01128	0.07563	0.01259	0.01365	0.01292	0.01088	0.01245	0.00922	0.01382	0.01229	0.04478	0.03271	0.01989	0.25187	0.00442	0.43656	0.00581	0.00281	0.00588
17	0.01395	0.28067	0.02019	0.01211	0.01470	0.01809	0.01046	0.04062	0.20661	0.01671	0.01179	0.01352	0.00997	0.00747	0.00972	0.00187	0.29615	0.00466	0.00339	0.00734
18	0.01652	0.13938	0.05742	0.01179	0.01605	0.05709	0.01014	0.25053	0.27051	0.02440	0.01509	0.01494	0.01144	0.00641	0.00518	0.00161	0.00573	0.00492	0.00465	0.07620
19	0.01591	0.25918	0.07257	0.01957	0.23351	0.18834	0.07298	0.04521	0.01358	0.01634	0.00946	0.01154	0.00790	0.00519	0.00494	0.00151	0.00758	0.00417	0.00278	0.00774
20	0.49974	0.01753	0.01147	0.01036	0.01360	0.33237	0.00809	0.01901	0.01223	0.02047	0.00820	0.00956	0.00658	0.00546	0.00415	0.00162	0.00677	0.00329	0.00324	0.00627
21	0.31823	0.01150	0.07212	0.00858	0.01293	0.00963	0.00750	0.01486	0.01085	0.02055	0.01081	0.07061	0.00961	0.00568	0.00424	0.00136	0.00451	0.00426	0.00345	0.39874
22	0.00994	0.00852	0.01206	0.01523	0.23213	0.00800	0.00891	0.03319	0.01350	0.01832	0.16986	0.11841	0.22488	0.01044	0.00620	0.00178	0.00425	0.03029	0.00456	0.06949

[dist]
# distance from previous block
# <min> <max>
0	4

[block]
# block no. 2 follows, 42 sequences, length 24
# corresponding to MSA columns:
# 173-196
name=unknown_C
#
# <colnr> <probs for GDERKNQSTAVLIFYWHMCP>
#	G	D	E	R	K	N	Q	S	T	A	V	L	I	F	Y	W	H	M	C	P
0	0.01393	0.34725	0.02626	0.01461	0.01888	0.05830	0.25777	0.01659	0.01225	0.03528	0.01235	0.11050	0.01161	0.00668	0.00573	0.00164	0.03427	0.00603	0.00306	0.00700
1	0.00884	0.00589	0.00764	0.00727	0.00870	0.00537	0.00542	0.01118	0.01513	0.06815	0.58547	0.13196	0.09328	0.01213	0.00664	0.00184	0.00287	0.01070	0.00607	0.00545
2	0.01783	0.47272	0.02408	0.01095	0.01563	0.01999	0.01001	0.30514	0.01748	0.04286	0.01046	0.01107	0.00833	0.00564	0.00446	0.00141	0.00605	0.00389	0.00380	0.00821
3	0.01676	0.01296	0.01391	0.01178	0.01540	0.01460	0.00937	0.23003	0.50694	0.07365	0.02024	0.01879	0.01485	0.00735	0.00570	0.00184	0.00496	0.00596	0.00578	0.00913
4	0.01872	0.34848	0.02220	0.01155	0.01618	0.01948	0.01025	0.44021	0.02013	0.02610	0.01112	0.01162	0.00858	0.00594	0.00478	0.00148	0.00612	0.00420	0.00427	0.00858
5	0.01231	0.01231	0.01724	0.01477	0.01477	0.01724	0.01231	0.01354	0.00862	0.01354	0.00739	0.01231	0.00739	0.00985	0.01847	0.00246	0.79192	0.00492	0.00246	0.00616
6	0.00681	0.00566	0.00596	0.00599	0.00773	0.00480	0.00445	0.00835	0.01305	0.01597	0.13445	0.09957	0.63953	0.01416	0.00668	0.00191	0.00285	0.01195	0.00533	0.00480
7	0.00804	0.00603	0.00904	0.00904	0.01005	0.00703	0.00703	0.01005	0.00904	0.01306	0.01507	0.02211	0.01407	0.04221	0.77992	0.00904	0.01507	0.00603	0.00301	0.00502
8	0.01263	0.06622	0.39990	0.01596	0.02128	0.01468	0.10263	0.01702	0.01129	0.04913	0.00989	0.01254	0.00767	0.00657	0.00907	0.00195	0.22661	0.00466	0.00266	0.00762
9	0.84197	0.01088	0.00827	0.00740	0.01088	0.01262	0.00609	0.01654	0.00958	0.02525	0.00784	0.00914	0.00609	0.00522	0.00348	0.00174	0.00435	0.00305	0.00348	0.00609
10	0.01218	0.06349	0.52765	0.01509	0.02124	0.01442	0.01765	0.05843	0.01214	0.01787	0.02644	0.01259	0.00835	0.00642	0.00787	0.00188	0.16134	0.00444	0.00267	0.00784
11	0.00785	0.00566	0.00742	0.00716	0.00838	0.00523	0.00530	0.01033	0.01539	0.02171	0.68720	0.12144	0.05143	0.01215	0.00669	0.00182	0.00272	0.01079	0.00609	0.00523
12	0.00676	0.00544	0.00603	0.00645	0.00781	0.00471	0.00462	0.00808	0.01225	0.01516	0.07116	0.30085	0.50040	0.01529	0.00683	0.00202	0.00298	0.01319	0.00526	0.00471
13	0.79295	0.05800	0.00953	0.00753	0.01109	0.01320	0.00630	0.01656	0.00969	0.02454	0.00784	0.00914	0.00616	0.00520	0.00349	0.00171	0.00445	0.00305	0.00342	0.00616
14	0.01421	0.66066	0.13509	0.01044	0.01561	0.02024	0.01105	0.01673	0.01169	0.01429	0.04002	0.01083	0.00914	0.00517	0.00399	0.00131	0.00621	0.00348	0.00256	0.00730
15	0.01239	0.01059	0.01598	0.34193	0.16156	0.01072	0.01246	0.01555	0.01195	0.05793	0.01078	0.01390	0.00840	0.00509	0.00512	0.00147	0.00607	0.00447	0.00308	0.29057
16	0.01775	0.28068	0.12342	0.01312	0.01738	0.42871	0.01182	0.02001	0.01392	0.01415	0.00860	0.01002	0.00722	0.00542	0.00463	0.00141	0.00855	0.00350	0.00267	0.00700
17	0.02139	0.01576	0.01689	0.01295	0.01745	0.01745	0.01070	0.74835	0.02646	0.03547	0.01351	0.01351	0.00957	0.00676	0.00563	0.00169	0.00619	0.00507	0.00563	0.00957
18	0.00856	0.00669	0.00959	0.00930	0.01004	0.00801	0.00713	0.01019	0.00887	0.01281	0.01456	0.02309	0.01421	0.14862	0.58140	0.00775	0.10506	0.00621	0.00301	0.00492
19	0.00796	0.00575	0.00752	0.00708	0.00841	0.00531	0.00531	0.01062	0.01593	0.02257	0.76415	0.04204	0.05310	0.01150	0.00664	0.00177	0.00265	0.01018	0.00619	0.00531
20	0.00894	0.00671	0.00816	0.00771	0.00771	0.00760	0.00503	0.00916	0.00826	0.01139	0.01585	0.03236	0.01808	0.65773	0.02679	0.00491	0.14887	0.00759	0.00324	0.00391
21	0.84197	0.01088	0.00827	0.00740	0.01088	0.01262	0.00609	0.01654	0.00958	0.02525	0.00784	0.00914	0.00609	0.00522	0.00348	0.00174	0.00435	0.00305	0.00348	0.00609
22	0.02139	0.01576	0.01689	0.01295	0.01745	0.01745	0.01070	0.74835	0.02646	0.03547	0.01351	0.01351	0.00957	0.00676	0.00563	0.00169	0.00619	0.00507	0.00563	0.00957
23	0.00677	0.00565	0.00591	0.00595	0.00770	0.00479	0.00442	0.00827	0.01296	0.01576	0.11433	0.10009	0.65962	0.01424	0.00668	0.00191	0.00286	0.01200	0.00531	0.00479

[dist]
# distance from previous block
# <min> <max>
0	1

[block]
# block no. 3 follows, 42 sequences, length 11
# corresponding to MSA columns:
# 198-208
name=unknown_D
#
# <colnr> <probs for GDERKNQSTAVLIFYWHMCP>
#	G	D	E	R	K	N	Q	S	T	A	V	L	I	F	Y	W	H	M	C	P
0	0.01168	0.00973	0.01222	0.01077	0.01163	0.01184	0.00830	0.12883	0.01182	0.01649	0.01655	0.11171	0.05356	0.23533	0.01740	0.00314	0.31215	0.00750	0.00370	0.00567
1	0.01722	0.52276	0.02457	0.01140	0.01552	0.29734	0.01008	0.01889	0.01307	0.01343	0.00814	0.00943	0.00723	0.00517	0.00414	0.00129	0.00752	0.00323	0.00259	0.00697
2	0.84197	0.01088	0.00827	0.00740	0.01088	0.01262	0.00609	0.01654	0.00958	0.02525	0.00784	0.00914	0.00609	0.00522	0.00348	0.00174	0.00435	0.00305	0.00348	0.00609
3	0.00779	0.00575	0.00729	0.00690	0.00830	0.00524	0.00518	0.01029	0.01553	0.02161	0.67264	0.04361	0.14521	0.01186	0.00664	0.00179	0.00268	0.01040	0.00607	0.00524
4	0.00818	0.00546	0.00614	0.00614	0.00614	0.00546	0.00341	0.00818	0.00818	0.01091	0.01773	0.03683	0.02046	0.80222	0.02864	0.00546	0.00546	0.00818	0.00341	0.00341
5	0.01145	0.02642	0.65195	0.01584	0.02282	0.01374	0.01943	0.01714	0.01136	0.01714	0.00966	0.01195	0.00717	0.00607	0.00745	0.00189	0.13388	0.00428	0.00239	0.00797
6	0.84197	0.01088	0.00827	0.00740	0.01088	0.01262	0.00609	0.01654	0.00958	0.02525	0.00784	0.00914	0.00609	0.00522	0.00348	0.00174	0.00435	0.00305	0.00348	0.00609
7	0.01332	0.01305	0.02314	0.15408	0.56131	0.01334	0.10510	0.01690	0.01262	0.01770	0.01059	0.01425	0.00864	0.00508	0.00571	0.00173	0.00715	0.00521	0.00275	0.00833
8	0.00720	0.00580	0.00647	0.00653	0.00825	0.00507	0.00506	0.00901	0.01345	0.01685	0.19246	0.05291	0.53674	0.01387	0.00678	0.00196	0.00309	0.09819	0.00541	0.00491
9	0.00665	0.00570	0.00570	0.00570	0.00760	0.00475	0.00428	0.00808	0.01283	0.01520	0.05701	0.05416	0.76483	0.01425	0.00665	0.00190	0.00285	0.01188	0.00523	0.00475
10	0.01527	0.01272	0.01344	0.01171	0.01512	0.01459	0.00921	0.15338	0.63141	0.02559	0.02129	0.01971	0.01587	0.00748	0.00571	0.00187	0.00475	0.00614	0.00571	0.00902

[dist]
# distance from previous block
# <min> <max>
0	1

[block]
# block no. 4 follows, 42 sequences, length 16
# corresponding to MSA columns:
# 210-225
name=unknown_E
#
# <colnr> <probs for GDERKNQSTAVLIFYWHMCP>
#	G	D	E	R	K	N	Q	S	T	A	V	L	I	F	Y	W	H	M	C	P
0	0.01204	0.09337	0.19506	0.34341	0.17426	0.01384	0.01621	0.01682	0.05141	0.01634	0.01061	0.01380	0.00818	0.00547	0.00536	0.00175	0.00722	0.00468	0.00269	0.00749
1	0.01599	0.68399	0.02742	0.01032	0.01491	0.10773	0.00982	0.04854	0.01258	0.01424	0.00816	0.00934	0.00732	0.00501	0.00386	0.00125	0.00649	0.00317	0.00260	0.00724
2	0.01985	0.01604	0.19094	0.01235	0.01755	0.01243	0.01190	0.22028	0.09069	0.32350	0.01711	0.01612	0.01149	0.00660	0.00559	0.00175	0.00596	0.00522	0.00541	0.00922
3	0.00805	0.00599	0.00883	0.00883	0.00976	0.00692	0.00677	0.00991	0.00898	0.01291	0.01527	0.02318	0.01453	0.09762	0.72515	0.00878	0.01437	0.00619	0.00304	0.00491
4	0.00839	0.00634	0.00892	0.00874	0.00942	0.00739	0.00652	0.00984	0.00880	0.01256	0.01517	0.02506	0.01517	0.22902	0.53741	0.00767	0.06932	0.00649	0.00307	0.00471
5	0.00778	0.00575	0.00726	0.00688	0.00829	0.00523	0.00516	0.01026	0.01549	0.02152	0.66340	0.04376	0.15450	0.01190	0.00664	0.00179	0.00268	0.01042	0.00606	0.00523
6	0.01129	0.02911	0.77306	0.01604	0.02436	0.01307	0.02079	0.01782	0.01188	0.01782	0.01010	0.01188	0.00713	0.00535	0.00535	0.00178	0.00832	0.00416	0.00238	0.00832
7	0.01203	0.01171	0.01821	0.29132	0.17045	0.01481	0.01445	0.01457	0.01037	0.01479	0.00893	0.01358	0.00773	0.00742	0.01142	0.00210	0.36189	0.00497	0.00254	0.00673
8	0.02525	0.00958	0.01306	0.01001	0.01437	0.00827	0.00827	0.02743	0.01611	0.77102	0.02220	0.01915	0.01393	0.00697	0.00566	0.00174	0.00479	0.00566	0.00697	0.00958
9	0.01367	0.01332	0.02262	0.03116	0.62070	0.01396	0.05635	0.01679	0.01225	0.01768	0.01018	0.01377	0.00868	0.00568	0.00745	0.00180	0.11768	0.00509	0.00274	0.00845
10	0.01123	0.01074	0.01558	0.12860	0.01741	0.01454	0.01177	0.01298	0.00909	0.01357	0.00928	0.01463	0.00871	0.01555	0.16556	0.00366	0.52340	0.00515	0.00258	0.00595
11	0.00804	0.00603	0.00904	0.00904	0.01005	0.00703	0.00703	0.01005	0.00904	0.01306	0.01507	0.02211	0.01407	0.04221	0.77992	0.00904	0.01507	0.00603	0.00301	0.00502
12	0.00818	0.00546	0.00614	0.00614	0.00614	0.00546	0.00341	0.00818	0.00818	0.01091	0.01773	0.03683	0.02046	0.80222	0.02864	0.00546	0.00546	0.00818	0.00341	0.00341
13	0.01140	0.01000	0.01299	0.20664	0.01980	0.00877	0.00895	0.01422	0.01156	0.01733	0.01000	0.01252	0.00812	0.00454	0.00454	0.00110	0.00501	0.00376	0.00312	0.62562
14	0.01502	0.05390	0.21684	0.01319	0.01770	0.23755	0.01244	0.02264	0.25783	0.01838	0.03151	0.01584	0.02828	0.00651	0.00535	0.00168	0.00713	0.00496	0.00380	0.02944
15	0.06206	0.01765	0.01559	0.01326	0.01614	0.24916	0.01055	0.23644	0.12839	0.02223	0.01195	0.01314	0.00939	0.00712	0.00787	0.00180	0.16079	0.00469	0.00408	0.00769

[dist]
# distance from previous block
# <min> <max>
0	127

[block]
# block no. 5 follows, 42 sequences, length 17
# corresponding to MSA columns:
# 380-396
name=unknown_F
#
# <colnr> <probs for GDERKNQSTAVLIFYWHMCP>
#	G	D	E	R	K	N	Q	S	T	A	V	L	I	F	Y	W	H	M	C	P
0	0.17947	0.16105	0.06522	0.01058	0.01499	0.03127	0.00946	0.15069	0.08690	0.21674	0.01417	0.01383	0.01011	0.00612	0.00482	0.00164	0.00550	0.00448	0.00470	0.00825
1	0.06342	0.15415	0.23761	0.07954	0.03553	0.09770	0.04999	0.01616	0.01191	0.01624	0.03984	0.06276	0.01142	0.00931	0.06630	0.00228	0.03080	0.00519	0.00293	0.00692
2	0.05074	0.40341	0.02246	0.08131	0.01725	0.07727	0.03813	0.01702	0.01301	0.04129	0.08210	0.01761	0.05258	0.00731	0.00600	0.00176	0.05462	0.00514	0.00361	0.00738
3	0.04937	0.08540	0.45511	0.01440	0.02043	0.07943	0.01631	0.04602	0.01253	0.06381	0.01026	0.01195	0.00764	0.00601	0.00665	0.00178	0.09795	0.00419	0.00289	0.00786
4	0.01062	0.10101	0.05876	0.00935	0.01225	0.00968	0.00785	0.05263	0.05879	0.01696	0.02054	0.26377	0.06400	0.01270	0.06677	0.00227	0.03126	0.00841	0.00410	0.18827
5	0.30500	0.26224	0.01632	0.00874	0.01304	0.05439	0.00762	0.01628	0.01108	0.01892	0.00849	0.00987	0.00714	0.00483	0.00380	0.00130	0.00513	0.00315	0.00307	0.23960
6	0.00818	0.00546	0.00614	0.00614	0.00614	0.00546	0.00341	0.00818	0.00818	0.01091	0.01773	0.03683	0.02046	0.80222	0.02864	0.00546	0.00546	0.00818	0.00341	0.00341
7	0.01231	0.01231	0.01724	0.01477	0.01477	0.01724	0.01231	0.01354	0.00862	0.01354	0.00739	0.01231	0.00739	0.00985	0.01847	0.00246	0.79192	0.00492	0.00246	0.00616
8	0.02139	0.01576	0.01689	0.01295	0.01745	0.01745	0.01070	0.74835	0.02646	0.03547	0.01351	0.01351	0.00957	0.00676	0.00563	0.00169	0.00619	0.00507	0.00563	0.00957
9	0.00737	0.00573	0.00669	0.00645	0.00804	0.00506	0.00484	0.00946	0.01452	0.01922	0.44258	0.04755	0.37676	0.01275	0.00664	0.00183	0.00274	0.01095	0.00575	0.00506
10	0.00665	0.00570	0.00570	0.00570	0.00760	0.00475	0.00428	0.00808	0.01283	0.01520	0.05701	0.05416	0.76483	0.01425	0.00665	0.00190	0.00285	0.01188	0.00523	0.00475
11	0.00804	0.00603	0.00904	0.00904	0.01005	0.00703	0.00703	0.01005	0.00904	0.01306	0.01507	0.02211	0.01407	0.04221	0.77992	0.00904	0.01507	0.00603	0.00301	0.00502
12	0.01492	0.01525	0.02188	0.03174	0.66233	0.12047	0.01638	0.01800	0.01325	0.01774	0.01032	0.01340	0.00868	0.00512	0.00550	0.00164	0.00717	0.00482	0.00280	0.00858
13	0.01285	0.35180	0.46406	0.01338	0.02024	0.01689	0.01615	0.01742	0.01170	0.01592	0.00915	0.01070	0.00717	0.00513	0.00463	0.00154	0.00736	0.00368	0.00239	0.00786
14	0.01698	0.01532	0.05686	0.10750	0.10818	0.01548	0.17980	0.38015	0.01947	0.02630	0.01213	0.01403	0.00891	0.00590	0.00584	0.00176	0.00725	0.00537	0.00416	0.00860
15	0.01263	0.10384	0.01865	0.01418	0.01474	0.01782	0.01200	0.01393	0.00894	0.01351	0.00744	0.01193	0.00737	0.00927	0.01675	0.00232	0.70125	0.00470	0.00246	0.00628
16	0.00834	0.00615	0.00785	0.00735	0.00880	0.00585	0.00554	0.01183	0.06235	0.02263	0.71771	0.04072	0.05085	0.01126	0.00658	0.00178	0.00277	0.00994	0.00617	0.00554

[dist]
# distance from previous block
# <min> <max>
0	1

[block]
# block no. 6 follows, 42 sequences, length 9
# corresponding to MSA columns:
# 398-406
name=unknown_G
#
# <colnr> <probs for GDERKNQSTAVLIFYWHMCP>
#	G	D	E	R	K	N	Q	S	T	A	V	L	I	F	Y	W	H	M	C	P
0	0.01501	0.43768	0.24550	0.01239	0.01789	0.15554	0.01313	0.01815	0.01238	0.01468	0.00865	0.01007	0.00720	0.00515	0.00438	0.00142	0.00744	0.00346	0.00249	0.00742
1	0.01505	0.80561	0.02949	0.00963	0.01444	0.02227	0.00963	0.01685	0.01143	0.01324	0.00782	0.00903	0.00722	0.00481	0.00361	0.00120	0.00602	0.00301	0.00241	0.00722
2	0.01703	0.00983	0.01222	0.00900	0.01374	0.00781	0.00730	0.01940	0.01342	0.31548	0.01482	0.01462	0.01054	0.00527	0.00476	0.00119	0.00441	0.00425	0.00477	0.51013
3	0.00805	0.00597	0.00874	0.00874	0.00964	0.00687	0.00666	0.00985	0.00895	0.01284	0.01535	0.02364	0.01474	0.12154	0.70150	0.00867	0.01407	0.00625	0.00306	0.00486
4	0.01324	0.01638	0.23949	0.27573	0.17250	0.01251	0.01620	0.01846	0.06728	0.09583	0.01237	0.01475	0.00905	0.00571	0.00554	0.00180	0.00707	0.00493	0.00322	0.00792
5	0.01570	0.13857	0.04758	0.01318	0.01580	0.31966	0.03651	0.01817	0.05337	0.01441	0.01126	0.07059	0.01064	0.04155	0.00885	0.00191	0.16749	0.00518	0.00306	0.00652
6	0.01142	0.01097	0.01459	0.20004	0.13873	0.09920	0.04837	0.01441	0.01399	0.01831	0.28870	0.02745	0.02618	0.00833	0.00612	0.00180	0.00584	0.05507	0.00415	0.00636
7	0.01063	0.01000	0.01688	0.78870	0.03876	0.01250	0.01563	0.01438	0.01125	0.01438	0.01000	0.01500	0.00750	0.00563	0.00563	0.00188	0.00750	0.00500	0.00250	0.00625
8	0.01281	0.01974	0.34507	0.01814	0.17198	0.01347	0.01577	0.02209	0.28188	0.02001	0.01484	0.01560	0.01113	0.00611	0.00553	0.00181	0.00659	0.00513	0.00367	0.00865

[dist]
# distance from previous block
# <min> <max>
0	33

[block]
# block no. 7 follows, 42 sequences, length 35
# corresponding to MSA columns:
# 440-474
name=unknown_H
#
# <colnr> <probs for GDERKNQSTAVLIFYWHMCP>
#	G	D	E	R	K	N	Q	S	T	A	V	L	I	F	Y	W	H	M	C	P
0	0.64785	0.00969	0.00810	0.00733	0.01031	0.01092	0.00591	0.01516	0.01106	0.02463	0.18387	0.01680	0.01704	0.00669	0.00422	0.00175	0.00396	0.00471	0.00411	0.00591
1	0.01178	0.01163	0.01584	0.01386	0.01400	0.03095	0.01138	0.01303	0.00899	0.01361	0.01000	0.08780	0.01052	0.01189	0.04946	0.00270	0.66783	0.00600	0.00276	0.00596
2	0.01075	0.00836	0.01021	0.00820	0.01172	0.00677	0.00654	0.01330	0.01323	0.04455	0.24081	0.02607	0.02438	0.00757	0.00531	0.00132	0.00383	0.07484	0.00450	0.47774
3	0.13374	0.01643	0.01473	0.01197	0.01593	0.19236	0.00963	0.33546	0.01964	0.17631	0.01336	0.01326	0.00943	0.00637	0.00521	0.00165	0.00658	0.00457	0.00497	0.00839
4	0.84197	0.01088	0.00827	0.00740	0.01088	0.01262	0.00609	0.01654	0.00958	0.02525	0.00784	0.00914	0.00609	0.00522	0.00348	0.00174	0.00435	0.00305	0.00348	0.00609
5	0.01049	0.00525	0.00525	0.00525	0.00656	0.00525	0.00393	0.01311	0.01180	0.02098	0.01836	0.02098	0.01442	0.00656	0.00393	0.00131	0.00262	0.00525	0.83346	0.00525
6	0.84197	0.01088	0.00827	0.00740	0.01088	0.01262	0.00609	0.01654	0.00958	0.02525	0.00784	0.00914	0.00609	0.00522	0.00348	0.00174	0.00435	0.00305	0.00348	0.00609
7	0.00708	0.00553	0.00643	0.00660	0.00797	0.00487	0.00480	0.00876	0.01326	0.01716	0.25770	0.22388	0.38739	0.01424	0.00677	0.00195	0.00289	0.01234	0.00551	0.00487
8	0.01441	0.01410	0.01448	0.04572	0.01608	0.12083	0.01032	0.02413	0.43560	0.01930	0.01651	0.01707	0.01295	0.00785	0.00882	0.00198	0.20215	0.00557	0.00438	0.00778
9	0.06786	0.47567	0.22253	0.01164	0.01711	0.09159	0.01246	0.01762	0.01186	0.01527	0.00851	0.00989	0.00713	0.00508	0.00420	0.00141	0.00691	0.00337	0.00252	0.00737
10	0.01252	0.28403	0.52895	0.01394	0.02110	0.01609	0.01713	0.01750	0.01173	0.01632	0.00935	0.01094	0.00716	0.00517	0.00478	0.00159	0.00756	0.00378	0.00239	0.00796
11	0.00953	0.00611	0.00793	0.00727	0.00892	0.00556	0.00553	0.01206	0.01575	0.09360	0.64751	0.04064	0.09540	0.01125	0.00654	0.00178	0.00287	0.00986	0.00621	0.00568
12	0.02199	0.01481	0.01630	0.01249	0.01697	0.01603	0.01032	0.63683	0.02486	0.14925	0.01486	0.01438	0.01024	0.00679	0.00563	0.00170	0.00598	0.00516	0.00584	0.00957
13	0.01501	0.01476	0.11178	0.01788	0.02242	0.01299	0.35819	0.01869	0.01279	0.16814	0.01358	0.04881	0.01050	0.00667	0.00831	0.00196	0.13989	0.00627	0.00366	0.00770
14	0.00978	0.00489	0.00733	0.00733	0.00733	0.00489	0.00489	0.00733	0.00733	0.00978	0.00978	0.01711	0.00978	0.01955	0.02199	0.83627	0.00489	0.00489	0.00244	0.00244
15	0.00907	0.00648	0.00907	0.01036	0.01166	0.00648	0.00907	0.01166	0.01296	0.01684	0.02980	0.06348	0.03239	0.01555	0.00777	0.00259	0.00518	0.72924	0.00518	0.00518
16	0.01435	0.47005	0.27827	0.01225	0.01806	0.09154	0.01350	0.01771	0.01202	0.01483	0.00867	0.01009	0.00719	0.00509	0.00433	0.00142	0.00719	0.00345	0.00244	0.00752
17	0.01546	0.01655	0.01590	0.32781	0.02533	0.29111	0.01250	0.09912	0.01448	0.01648	0.01113	0.06337	0.00955	0.00682	0.00624	0.00176	0.05141	0.00521	0.00317	0.00661
18	0.00724	0.00572	0.00651	0.00632	0.00796	0.00500	0.00474	0.00921	0.01421	0.01849	0.37257	0.04875	0.44722	0.01303	0.00665	0.00184	0.00276	0.01112	0.00566	0.00500
19	0.01328	0.01518	0.03321	0.02372	0.02941	0.01423	0.74668	0.01803	0.01328	0.01803	0.01139	0.01518	0.00854	0.00474	0.00664	0.00190	0.00949	0.00664	0.00285	0.00759
20	0.02108	0.02511	0.01609	0.01426	0.01741	0.66173	0.01085	0.13476	0.01757	0.01713	0.00944	0.01067	0.00761	0.00595	0.00516	0.00149	0.00954	0.00385	0.00332	0.00700
21	0.02139	0.01576	0.01689	0.01295	0.01745	0.01745	0.01070	0.74835	0.02646	0.03547	0.01351	0.01351	0.00957	0.00676	0.00563	0.00169	0.00619	0.00507	0.00563	0.00957
22	0.06819	0.00940	0.01245	0.00968	0.01379	0.00832	0.00796	0.02576	0.01574	0.68260	0.06919	0.02009	0.01603	0.00716	0.00560	0.00174	0.00463	0.00581	0.00673	0.00911
23	0.00913	0.10008	0.10059	0.00868	0.01123	0.00821	0.00792	0.01199	0.01421	0.01953	0.43752	0.07013	0.08922	0.01085	0.00627	0.00182	0.00399	0.07772	0.00510	0.00580
24	0.01231	0.11852	0.59779	0.01442	0.02169	0.01343	0.01786	0.01781	0.01230	0.05920	0.05510	0.01373	0.01024	0.00574	0.00523	0.00171	0.00752	0.00446	0.00286	0.00808
25	0.01315	0.11127	0.47492	0.01401	0.02052	0.07042	0.01615	0.08706	0.01345	0.01852	0.01130	0.05811	0.00923	0.00612	0.00520	0.00166	0.00747	0.00473	0.00295	0.05376
26	0.08936	0.13778	0.19457	0.00998	0.01358	0.01054	0.00982	0.01340	0.03136	0.01690	0.06059	0.28033	0.06872	0.01032	0.00565	0.00184	0.00501	0.00871	0.00395	0.02759
27	0.01210	0.03922	0.28190	0.01116	0.01680	0.01001	0.01175	0.04038	0.01274	0.05118	0.08287	0.01560	0.01275	0.02610	0.00555	0.00146	0.00568	0.00455	0.00348	0.35473
28	0.01079	0.07191	0.45458	0.01259	0.01833	0.03216	0.01463	0.01584	0.04421	0.01718	0.07241	0.02202	0.12276	0.05848	0.00703	0.00199	0.00666	0.00599	0.00330	0.00717
29	0.01164	0.14764	0.12941	0.01120	0.05227	0.03678	0.02957	0.01460	0.01254	0.01738	0.10428	0.01987	0.09983	0.00659	0.00500	0.00136	0.00525	0.00537	0.00353	0.28589
30	0.04607	0.06018	0.35359	0.01251	0.01768	0.01067	0.01395	0.01521	0.01210	0.01762	0.01649	0.02894	0.01573	0.00860	0.00585	0.00191	0.00648	0.24781	0.00348	0.10511
31	0.01373	0.05259	0.11224	0.01099	0.01471	0.01154	0.02868	0.26015	0.01746	0.04645	0.08553	0.08226	0.15199	0.00976	0.00610	0.00186	0.00531	0.07649	0.00492	0.00726
32	0.01259	0.03354	0.09673	0.04083	0.30604	0.09526	0.03266	0.01573	0.01338	0.01798	0.13912	0.04247	0.05839	0.00704	0.00566	0.00165	0.00616	0.00621	0.00355	0.06502
33	0.01388	0.30251	0.20058	0.05512	0.01864	0.01484	0.07509	0.01734	0.01275	0.09748	0.10377	0.01580	0.01374	0.00602	0.00500	0.00155	0.00634	0.00488	0.00343	0.03123
34	0.01189	0.13304	0.14522	0.01355	0.08696	0.01137	0.05842	0.01488	0.01190	0.06858	0.06890	0.10697	0.02896	0.01345	0.13365	0.00291	0.02760	0.00654	0.00358	0.05162

[dist]
# distance from previous block
# <min> <max>
13	116

[block]
# block no. 8 follows, 42 sequences, length 13
# corresponding to MSA columns:
# 612-624
name=unknown_I
#
# <colnr> <probs for GDERKNQSTAVLIFYWHMCP>
#	G	D	E	R	K	N	Q	S	T	A	V	L	I	F	Y	W	H	M	C	P
0	0.01244	0.01027	0.01244	0.00923	0.01357	0.00877	0.00746	0.01476	0.01151	0.05582	0.01029	0.01213	0.00850	0.00503	0.00605	0.00109	0.10385	0.00365	0.00341	0.68972
1	0.01041	0.00946	0.01336	0.01200	0.01237	0.01256	0.00968	0.01184	0.00874	0.01317	0.01102	0.01779	0.01085	0.08083	0.30312	0.00514	0.44380	0.00558	0.00274	0.00553
2	0.01247	0.11770	0.21649	0.01824	0.02395	0.01405	0.39417	0.01692	0.01251	0.01715	0.04417	0.01603	0.01068	0.05202	0.00722	0.00198	0.00822	0.00580	0.00285	0.00738
3	0.01393	0.01337	0.02284	0.03454	0.76712	0.01337	0.01727	0.01727	0.01281	0.01839	0.01059	0.01393	0.00891	0.00501	0.00557	0.00167	0.00669	0.00501	0.00279	0.00891
4	0.00804	0.00603	0.00904	0.00904	0.01005	0.00703	0.00703	0.01005	0.00904	0.01306	0.01507	0.02211	0.01407	0.04221	0.77992	0.00904	0.01507	0.00603	0.00301	0.00502
5	0.01832	0.01424	0.01516	0.01233	0.01628	0.01602	0.00995	0.45012	0.32969	0.03052	0.01741	0.01662	0.01273	0.00712	0.00567	0.00178	0.00547	0.00560	0.00567	0.00930
6	0.01444	0.01508	0.11702	0.03038	0.61718	0.01295	0.01705	0.01810	0.01294	0.07428	0.01139	0.01406	0.00906	0.00520	0.00555	0.00169	0.00675	0.00495	0.00304	0.00889
7	0.01498	0.06636	0.54282	0.01419	0.02132	0.01237	0.01706	0.02017	0.01291	0.20577	0.01300	0.01354	0.00883	0.00572	0.00533	0.00174	0.00731	0.00447	0.00352	0.00857
8	0.02290	0.00909	0.01213	0.00947	0.01351	0.00783	0.00777	0.02498	0.01569	0.67540	0.02661	0.02358	0.10892	0.00789	0.00578	0.00176	0.00454	0.00645	0.00675	0.00897
9	0.02102	0.02682	0.01595	0.01450	0.01740	0.77963	0.01087	0.02247	0.01595	0.01377	0.00870	0.01015	0.00725	0.00580	0.00507	0.00145	0.01015	0.00362	0.00290	0.00652
10	0.01059	0.00903	0.05535	0.01196	0.10563	0.00858	0.00806	0.06565	0.01082	0.01495	0.04796	0.06203	0.03222	0.25093	0.05509	0.17140	0.06439	0.00685	0.00340	0.00511
11	0.05517	0.01094	0.05958	0.47205	0.02917	0.01122	0.01329	0.01811	0.01256	0.21842	0.01379	0.01714	0.00990	0.00626	0.00558	0.00185	0.00660	0.02733	0.00382	0.00723
12	0.03449	0.14877	0.17867	0.01184	0.01651	0.05862	0.02898	0.16423	0.01493	0.10644	0.01269	0.01549	0.01017	0.08913	0.04160	0.00229	0.00694	0.00478	0.00381	0.04962

[dist]
# distance from previous block
# <min> <max>
6	73

[block]
# block no. 9 follows, 42 sequences, length 27
# corresponding to MSA columns:
# 725-751
name=unknown_J
#
# <colnr> <probs for GDERKNQSTAVLIFYWHMCP>
#	G	D	E	R	K	N	Q	S	T	A	V	L	I	F	Y	W	H	M	C	P
0	0.01237	0.02567	0.59524	0.01492	0.02183	0.07909	0.01796	0.01780	0.01211	0.04802	0.01100	0.01311	0.00815	0.00934	0.08692	0.00252	0.00904	0.00437	0.00268	0.00787
1	0.01460	0.59460	0.12458	0.01211	0.01740	0.04781	0.08873	0.01730	0.01185	0.01435	0.00852	0.01008	0.00735	0.00491	0.00421	0.00136	0.00683	0.00356	0.00247	0.00738
2	0.01563	0.02006	0.09360	0.04117	0.01665	0.43365	0.01091	0.01787	0.01323	0.01400	0.01085	0.01418	0.00934	0.01693	0.24314	0.00383	0.01137	0.00447	0.00287	0.00624
3	0.01306	0.01274	0.02045	0.30000	0.47904	0.04465	0.01643	0.01646	0.01239	0.01678	0.01030	0.01415	0.00835	0.00526	0.00557	0.00173	0.00712	0.00495	0.00269	0.00788
4	0.02102	0.02682	0.01595	0.01450	0.01740	0.77963	0.01087	0.02247	0.01595	0.01377	0.00870	0.01015	0.00725	0.00580	0.00507	0.00145	0.01015	0.00362	0.00290	0.00652
5	0.01400	0.01209	0.01273	0.01145	0.01463	0.01400	0.00891	0.02990	0.75695	0.02354	0.02291	0.02100	0.01718	0.00764	0.00573	0.00191	0.00445	0.00636	0.00573	0.00891
6	0.01049	0.00525	0.00525	0.00525	0.00656	0.00525	0.00393	0.01311	0.01180	0.02098	0.01836	0.02098	0.01442	0.00656	0.00393	0.00131	0.00262	0.00525	0.83346	0.00525
7	0.02139	0.01576	0.01689	0.01295	0.01745	0.01745	0.01070	0.74835	0.02646	0.03547	0.01351	0.01351	0.00957	0.00676	0.00563	0.00169	0.00619	0.00507	0.00563	0.00957
8	0.00686	0.00490	0.00653	0.00784	0.00816	0.00457	0.00522	0.00784	0.01077	0.01437	0.03102	0.79855	0.03722	0.01763	0.00718	0.00229	0.00326	0.01600	0.00522	0.00457
9	0.00804	0.00603	0.00904	0.00904	0.01005	0.00703	0.00703	0.01005	0.00904	0.01306	0.01507	0.02211	0.01407	0.04221	0.77992	0.00904	0.01507	0.00603	0.00301	0.00502
10	0.00665	0.00570	0.00570	0.00570	0.00760	0.00475	0.00428	0.00808	0.01283	0.01520	0.05701	0.05416	0.76483	0.01425	0.00665	0.00190	0.00285	0.01188	0.00523	0.00475
11	0.01328	0.01518	0.03321	0.02372	0.02941	0.01423	0.74668	0.01803	0.01328	0.01803	0.01139	0.01518	0.00854	0.00474	0.00664	0.00190	0.00949	0.00664	0.00285	0.00759
12	0.01453	0.01236	0.01303	0.01156	0.01484	0.01425	0.00904	0.08205	0.70393	0.02441	0.02222	0.02045	0.01663	0.00757	0.00572	0.00189	0.00458	0.00627	0.00572	0.00896
13	0.01505	0.80561	0.02949	0.00963	0.01444	0.02227	0.00963	0.01685	0.01143	0.01324	0.00782	0.00903	0.00722	0.00481	0.00361	0.00120	0.00602	0.00301	0.00241	0.00722
14	0.01167	0.01000	0.01167	0.00834	0.01334	0.00750	0.00667	0.01417	0.01167	0.01834	0.01000	0.01167	0.00834	0.00417	0.00417	0.00083	0.00417	0.00333	0.00333	0.83663
15	0.00686	0.00490	0.00653	0.00784	0.00816	0.00457	0.00522	0.00784	0.01077	0.01437	0.03102	0.79855	0.03722	0.01763	0.00718	0.00229	0.00326	0.01600	0.00522	0.00457
16	0.00671	0.00545	0.00596	0.00636	0.00777	0.00470	0.00457	0.00800	0.01220	0.01495	0.04903	0.28282	0.54133	0.01529	0.00681	0.00202	0.00298	0.01314	0.00523	0.00470
17	0.00978	0.00489	0.00733	0.00733	0.00733	0.00489	0.00489	0.00733	0.00733	0.00978	0.00978	0.01711	0.00978	0.01955	0.02199	0.83627	0.00489	0.00489	0.00244	0.00244
18	0.01365	0.01286	0.01664	0.55053	0.03211	0.09756	0.01407	0.13616	0.03918	0.01808	0.01087	0.01443	0.00814	0.00590	0.00557	0.00180	0.00748	0.00491	0.00317	0.00691
19	0.01231	0.01231	0.01724	0.01477	0.01477	0.01724	0.01231	0.01354	0.00862	0.01354	0.00739	0.01231	0.00739	0.00985	0.01847	0.00246	0.79192	0.00492	0.00246	0.00616
20	0.00665	0.00570	0.00570	0.00570	0.00760	0.00475	0.00428	0.00808	0.01283	0.01520	0.05701	0.05416	0.76483	0.01425	0.00665	0.00190	0.00285	0.01188	0.00523	0.00475
21	0.01063	0.01000	0.01688	0.78870	0.03876	0.01250	0.01563	0.01438	0.01125	0.01438	0.01000	0.01500	0.00750	0.00563	0.00563	0.00188	0.00750	0.00500	0.00250	0.00625
22	0.01259	0.29907	0.51455	0.01381	0.02091	0.01627	0.01691	0.01748	0.01173	0.01623	0.00931	0.01089	0.00716	0.00516	0.00474	0.00158	0.00752	0.00376	0.00239	0.00794
23	0.47042	0.01294	0.01199	0.00985	0.01374	0.01466	0.00810	0.31737	0.04797	0.02937	0.01080	0.01143	0.00799	0.00595	0.00446	0.00173	0.00511	0.00402	0.00446	0.00764
24	0.00665	0.00570	0.00570	0.00570	0.00760	0.00475	0.00428	0.00808	0.01283	0.01520	0.05701	0.05416	0.76483	0.01425	0.00665	0.00190	0.00285	0.01188	0.00523	0.00475
25	0.01782	0.00901	0.01139	0.00911	0.01263	0.00813	0.00733	0.07977	0.03431	0.38282	0.19673	0.02586	0.07683	0.00826	0.00580	0.00166	0.00419	0.00689	0.00614	0.09532
26	0.13621	0.56228	0.02437	0.00984	0.01441	0.02009	0.00929	0.13523	0.01360	0.01858	0.00875	0.00977	0.00744	0.00519	0.00392	0.00136	0.00580	0.00335	0.00309	0.00744

[dist]
# distance from previous block
# <min> <max>
4	13

[block]
# block no. 10 follows, 42 sequences, length 59
# corresponding to MSA columns:
# 821-879
name=unknown_K
#
# <colnr> <probs for GDERKNQSTAVLIFYWHMCP>
#	G	D	E	R	K	N	Q	S	T	A	V	L	I	F	Y	W	H	M	C	P
0	0.01484	0.01198	0.01992	0.21307	0.47713	0.01239	0.01551	0.01811	0.01294	0.13138	0.01220	0.01498	0.00933	0.00546	0.00560	0.00173	0.00660	0.00511	0.00335	0.00837
1	0.01421	0.02909	0.01201	0.01031	0.01272	0.06820	0.00816	0.11619	0.08727	0.13192	0.01614	0.01957	0.01324	0.04615	0.38231	0.00537	0.01040	0.00568	0.00423	0.00684
2	0.01142	0.05434	0.62973	0.01448	0.02172	0.01227	0.01806	0.01701	0.01205	0.04505	0.01482	0.04613	0.06563	0.00654	0.00546	0.00179	0.00749	0.00522	0.00287	0.00791
3	0.00760	0.00568	0.00732	0.03076	0.00916	0.00528	0.00546	0.00973	0.01416	0.01938	0.47161	0.21842	0.14828	0.01313	0.00674	0.00191	0.00297	0.01161	0.00572	0.00509
4	0.01389	0.60371	0.17916	0.01079	0.01612	0.01946	0.01166	0.01670	0.01177	0.01469	0.05020	0.01144	0.00975	0.00529	0.00413	0.00135	0.00630	0.00364	0.00261	0.00734
5	0.00987	0.01944	0.45621	0.01229	0.01773	0.00984	0.01435	0.01476	0.01346	0.01956	0.30070	0.02473	0.04773	0.00798	0.00588	0.00178	0.00598	0.00670	0.00393	0.00706
6	0.01393	0.01337	0.02284	0.03454	0.76712	0.01337	0.01727	0.01727	0.01281	0.01839	0.01059	0.01393	0.00891	0.00501	0.00557	0.00167	0.00669	0.00501	0.00279	0.00891
7	0.01570	0.01171	0.01278	0.01123	0.01459	0.01313	0.00881	0.02953	0.64477	0.13672	0.02280	0.02072	0.01669	0.00753	0.00572	0.00188	0.00450	0.00626	0.00591	0.00901
8	0.01113	0.01051	0.01778	0.67451	0.14905	0.01263	0.01588	0.01482	0.01149	0.01499	0.01009	0.01484	0.00772	0.00553	0.00562	0.00184	0.00738	0.00500	0.00254	0.00665
9	0.01129	0.02911	0.77306	0.01604	0.02436	0.01307	0.02079	0.01782	0.01188	0.01782	0.01010	0.01188	0.00713	0.00535	0.00535	0.00178	0.00832	0.00416	0.00238	0.00832
10	0.01129	0.02911	0.77306	0.01604	0.02436	0.01307	0.02079	0.01782	0.01188	0.01782	0.01010	0.01188	0.00713	0.00535	0.00535	0.00178	0.00832	0.00416	0.00238	0.00832
11	0.00665	0.00570	0.00570	0.00570	0.00760	0.00475	0.00428	0.00808	0.01283	0.01520	0.05701	0.05416	0.76483	0.01425	0.00665	0.00190	0.00285	0.01188	0.00523	0.00475
12	0.01063	0.00870	0.00981	0.00975	0.01159	0.00956	0.00717	0.01951	0.40554	0.01922	0.02673	0.38719	0.02662	0.01234	0.00641	0.00209	0.00389	0.01090	0.00549	0.00687
13	0.02139	0.01576	0.01689	0.01295	0.01745	0.01745	0.01070	0.74835	0.02646	0.03547	0.01351	0.01351	0.00957	0.00676	0.00563	0.00169	0.00619	0.00507	0.00563	0.00957
14	0.00686	0.00490	0.00653	0.00784	0.00816	0.00457	0.00522	0.00784	0.01077	0.01437	0.03102	0.79855	0.03722	0.01763	0.00718	0.00229	0.00326	0.01600	0.00522	0.00457
15	0.00685	0.00571	0.00598	0.00591	0.00772	0.00484	0.00443	0.00846	0.01330	0.01632	0.16408	0.05232	0.65707	0.01384	0.00665	0.00188	0.00282	0.01162	0.00537	0.00484
16	0.02044	0.00858	0.01116	0.00890	0.01262	0.00736	0.00724	0.02243	0.01526	0.57576	0.03119	0.02820	0.20792	0.00885	0.00592	0.00178	0.00429	0.00727	0.00652	0.00833
