[name]
unknown

[dist]
# distance from previous block
# <min> <max>
0	373

[block]
# block no. 0 follows, 50 sequences, length 12
# corresponding to MSA columns:
# 404-415
name=unknown_A
#
# <colnr> <probs for GDERKNQSTAVLIFYWHMCP>
#	G	D	E	R	K	N	Q	S	T	A	V	L	I	F	Y	W	H	M	C	P
0	0.01010	0.03803	0.22667	0.00984	0.01385	0.00804	0.01008	0.01324	0.01103	0.06230	0.01716	0.02720	0.05401	0.00780	0.00517	0.00157	0.00501	0.24414	0.00349	0.23127
1	0.01555	0.36312	0.17957	0.01027	0.01487	0.10421	0.01038	0.01805	0.01172	0.21271	0.01068	0.01091	0.00790	0.00495	0.00412	0.00132	0.00589	0.00353	0.00320	0.00706
2	0.01677	0.32183	0.01901	0.01061	0.01445	0.15741	0.00915	0.35579	0.01677	0.02059	0.00931	0.00994	0.00733	0.00519	0.00423	0.00130	0.00605	0.00358	0.00348	0.00721
3	0.01102	0.00943	0.01125	0.01070	0.04422	0.03928	0.00801	0.08750	0.17816	0.03570	0.06133	0.18165	0.05282	0.01056	0.04222	0.00209	0.19680	0.00721	0.00401	0.00603
4	0.00702	0.00474	0.00550	0.00572	0.00578	0.00468	0.00333	0.00719	0.00769	0.01025	0.01794	0.18271	0.02095	0.67088	0.02175	0.00430	0.00446	0.00857	0.00333	0.00322
5	0.00885	0.00784	0.01233	0.52417	0.02512	0.00923	0.01084	0.01146	0.00983	0.01320	0.01287	0.17800	0.01232	0.00725	0.00558	0.00167	0.03899	0.00632	0.03853	0.06558
6	0.18103	0.00619	0.00772	0.00756	0.00884	0.00716	0.00587	0.00997	0.00806	0.01366	0.01219	0.01802	0.01136	0.07798	0.59474	0.00650	0.01090	0.00492	0.00278	0.00456
7	0.00748	0.00621	0.00668	0.00636	0.00816	0.00599	0.00483	0.01160	0.16965	0.01642	0.20911	0.03959	0.46771	0.01089	0.00572	0.00166	0.00278	0.00919	0.00491	0.00507
8	0.18336	0.00794	0.01001	0.00944	0.01057	0.00980	0.00780	0.01128	0.00870	0.01459	0.01270	0.02215	0.01258	0.01744	0.24626	0.00381	0.24519	0.15842	0.00300	0.00497
9	0.01964	0.01284	0.01427	0.01094	0.01490	0.01380	0.00904	0.62362	0.02157	0.18755	0.01354	0.01299	0.00926	0.00602	0.00499	0.00151	0.00523	0.00459	0.00523	0.00848
10	0.01543	0.01120	0.01188	0.00966	0.01277	0.01240	0.00780	0.45142	0.17573	0.02637	0.01463	0.01481	0.01082	0.00610	0.00466	0.00146	0.00446	0.00476	0.19615	0.00749
11	0.01730	0.10454	0.01696	0.01479	0.17358	0.01442	0.01035	0.46347	0.01859	0.09995	0.01161	0.01208	0.00850	0.00549	0.00478	0.00145	0.00544	0.00432	0.00427	0.00812

[dist]
# distance from previous block
# <min> <max>
0	5

[block]
# block no. 1 follows, 50 sequences, length 16
# corresponding to MSA columns:
# 421-436
name=unknown_B
#
# <colnr> <probs for GDERKNQSTAVLIFYWHMCP>
#	G	D	E	R	K	N	Q	S	T	A	V	L	I	F	Y	W	H	M	C	P
0	0.00629	0.00448	0.00567	0.00651	0.00684	0.00422	0.00425	0.00702	0.00921	0.01216	0.02667	0.61252	0.08089	0.17662	0.01012	0.00256	0.00325	0.01255	0.00431	0.00385
1	0.01035	0.08118	0.10216	0.01078	0.01238	0.06084	0.00955	0.01220	0.00989	0.01387	0.16437	0.03803	0.01602	0.06287	0.01145	0.00201	0.36822	0.00544	0.00297	0.00542
2	0.01061	0.01574	0.28630	0.01491	0.01964	0.01084	0.31295	0.01478	0.01081	0.01616	0.01069	0.01330	0.00811	0.00500	0.00570	0.00158	0.05997	0.00479	0.17169	0.00645
3	0.00954	0.00864	0.01431	0.35599	0.21195	0.00952	0.04844	0.01195	0.00982	0.01315	0.01193	0.08291	0.01143	0.16901	0.00919	0.00228	0.00589	0.00586	0.00265	0.00555
4	0.00650	0.00488	0.00603	0.00615	0.00721	0.00441	0.00446	0.00819	0.01221	0.01643	0.40390	0.24939	0.22751	0.01224	0.00601	0.00172	0.00254	0.01076	0.00504	0.00441
5	0.01201	0.01110	0.02134	0.01601	0.01982	0.01062	0.46870	0.06318	0.05293	0.08252	0.01501	0.17491	0.01349	0.00689	0.00581	0.00173	0.00654	0.00736	0.00354	0.00651
6	0.00697	0.00622	0.00719	0.00673	0.00805	0.00644	0.00527	0.00827	0.01080	0.01361	0.09141	0.03987	0.58535	0.01168	0.00798	0.00177	0.16451	0.00919	0.00420	0.00449
7	0.01173	0.01041	0.01713	0.02543	0.63676	0.01041	0.01294	0.01456	0.01117	0.01674	0.01075	0.01358	0.00887	0.00471	0.00465	0.00142	0.00520	0.00448	0.17181	0.00725
8	0.00883	0.00684	0.00749	0.00668	0.00868	0.00659	0.00518	0.16119	0.01456	0.01893	0.25677	0.03770	0.42055	0.01060	0.00571	0.00161	0.00306	0.00888	0.00495	0.00520
9	0.86003	0.00964	0.00733	0.00655	0.00964	0.01118	0.00540	0.01465	0.00848	0.02236	0.00694	0.00810	0.00540	0.00463	0.00308	0.00154	0.00386	0.00270	0.00308	0.00540
10	0.01310	0.01106	0.01167	0.01029	0.01323	0.01272	0.00806	0.10674	0.70334	0.02198	0.01940	0.01789	0.01450	0.00668	0.00506	0.00167	0.00411	0.00551	0.00506	0.00795
11	0.00631	0.00444	0.00571	0.00664	0.00687	0.00420	0.00431	0.00700	0.00909	0.01211	0.02513	0.66440	0.03001	0.17682	0.01015	0.00258	0.00328	0.01279	0.00431	0.00384
12	0.01055	0.15789	0.67169	0.01327	0.02013	0.01292	0.01679	0.01564	0.01046	0.01512	0.00861	0.01011	0.00633	0.00466	0.00448	0.00149	0.00703	0.00352	0.00211	0.00721
13	0.86003	0.00964	0.00733	0.00655	0.00964	0.01118	0.00540	0.01465	0.00848	0.02236	0.00694	0.00810	0.00540	0.00463	0.00308	0.00154	0.00386	0.00270	0.00308	0.00540
14	0.01019	0.01345	0.23395	0.01650	0.26413	0.00950	0.01189	0.05492	0.01097	0.01557	0.05739	0.08617	0.01392	0.16933	0.00913	0.00223	0.00562	0.00588	0.00297	0.00630
15	0.01411	0.01486	0.01986	0.05849	0.26894	0.21576	0.21531	0.01690	0.01222	0.05817	0.00965	0.01197	0.00759	0.00464	0.00502	0.00146	0.00720	0.00446	0.00273	0.05068

[dist]
# distance from previous block
# <min> <max>
0	2

[block]
# block no. 2 follows, 50 sequences, length 49
# corresponding to MSA columns:
# 439-487
name=unknown_C
#
# <colnr> <probs for GDERKNQSTAVLIFYWHMCP>
#	G	D	E	R	K	N	Q	S	T	A	V	L	I	F	Y	W	H	M	C	P
0	0.00996	0.00974	0.01536	0.32906	0.08216	0.05018	0.12277	0.01283	0.01133	0.01506	0.18826	0.01901	0.03232	0.00649	0.00625	0.00165	0.07304	0.00575	0.00309	0.00568
1	0.22359	0.01144	0.01954	0.01846	0.21425	0.01140	0.31156	0.01575	0.01110	0.06824	0.04081	0.01301	0.00899	0.00473	0.00489	0.00158	0.00613	0.00479	0.00300	0.00672
2	0.00950	0.00796	0.00996	0.00800	0.01089	0.00732	0.00638	0.01148	0.00949	0.01472	0.01037	0.02806	0.00923	0.01255	0.19555	0.00266	0.09233	0.00396	0.04227	0.50731
3	0.01482	0.41023	0.01933	0.00945	0.01333	0.10628	0.00838	0.20326	0.01391	0.01744	0.00889	0.00982	0.00731	0.00480	0.00385	0.00117	0.00547	0.00330	0.04187	0.09711
4	0.00714	0.00526	0.00762	0.00762	0.00837	0.00602	0.00574	0.00865	0.00789	0.01128	0.01371	0.02157	0.01332	0.15745	0.68619	0.00753	0.01205	0.00563	0.00272	0.00423
5	0.01000	0.02578	0.79900	0.01421	0.02157	0.01158	0.01842	0.01579	0.01052	0.01579	0.00895	0.01052	0.00631	0.00474	0.00474	0.00158	0.00737	0.00368	0.00210	0.00737
6	0.01205	0.01281	0.08000	0.05847	0.70600	0.01179	0.01548	0.01524	0.01123	0.01611	0.00932	0.01223	0.00773	0.00448	0.00492	0.00149	0.00606	0.00438	0.00243	0.00777
7	0.00607	0.00434	0.00578	0.00694	0.00723	0.00405	0.00463	0.00694	0.00954	0.01272	0.02747	0.82157	0.03297	0.01562	0.00636	0.00202	0.00289	0.01417	0.00463	0.00405
8	0.00602	0.00454	0.00557	0.00639	0.00708	0.00409	0.00438	0.00700	0.01007	0.01294	0.03417	0.59641	0.25381	0.01475	0.00622	0.00192	0.00278	0.01311	0.00463	0.00409
9	0.01173	0.10845	0.56493	0.03774	0.02022	0.01264	0.03786	0.08645	0.01185	0.04942	0.00949	0.01083	0.00682	0.00485	0.00465	0.00152	0.00685	0.00379	0.00256	0.00734
10	0.01382	0.37424	0.05665	0.01393	0.04837	0.17951	0.21785	0.01629	0.01146	0.01333	0.00813	0.00996	0.00677	0.00445	0.00433	0.00132	0.00703	0.00377	0.00234	0.00646
11	0.01034	0.00886	0.01034	0.00738	0.01181	0.00664	0.00591	0.01255	0.01034	0.01624	0.00886	0.01034	0.00738	0.00369	0.00369	0.00074	0.00369	0.00295	0.00295	0.85530
12	0.00685	0.00580	0.00612	0.00660	0.00768	0.04477	0.00475	0.00823	0.02270	0.01348	0.06289	0.38986	0.34100	0.01345	0.00606	0.00184	0.00312	0.04593	0.00456	0.00431
13	0.00607	0.00434	0.00578	0.00694	0.00723	0.00405	0.00463	0.00694	0.00954	0.01272	0.02747	0.82157	0.03297	0.01562	0.00636	0.00202	0.00289	0.01417	0.00463	0.00405
14	0.01104	0.01022	0.01713	0.40125	0.32324	0.01130	0.04905	0.04599	0.01117	0.01533	0.00962	0.01314	0.00755	0.00482	0.00493	0.00156	0.00618	0.00451	0.04537	0.00658
15	0.00759	0.00539	0.00635	0.00614	0.00614	0.00580	0.00375	0.00769	0.00728	0.00988	0.01486	0.03061	0.01705	0.74927	0.02454	0.00459	0.07991	0.00698	0.00294	0.00325
16	0.01895	0.01396	0.01496	0.01147	0.01546	0.01546	0.00947	0.77711	0.02344	0.03141	0.01197	0.01197	0.00848	0.00598	0.00499	0.00150	0.00548	0.00449	0.00499	0.00848
17	0.86003	0.00964	0.00733	0.00655	0.00964	0.01118	0.00540	0.01465	0.00848	0.02236	0.00694	0.00810	0.00540	0.00463	0.00308	0.00154	0.00386	0.00270	0.00308	0.00540
18	0.00656	0.00469	0.00634	0.00750	0.00800	0.00447	0.00547	0.00778	0.01002	0.01327	0.02720	0.63103	0.03190	0.01516	0.00649	0.00209	0.00331	0.19990	0.00462	0.00418
19	0.00848	0.00750	0.00895	0.00873	0.00976	0.08994	0.00678	0.01018	0.00863	0.01165	0.01248	0.01811	0.01158	0.03282	0.68852	0.00706	0.04648	0.00508	0.00264	0.00463
20	0.01681	0.01278	0.01368	0.01096	0.01452	0.01426	0.00889	0.55864	0.21540	0.02805	0.01465	0.04380	0.01109	0.00654	0.00506	0.00156	0.00500	0.00514	0.00499	0.00816
21	0.01031	0.10004	0.72744	0.01368	0.02076	0.01233	0.01750	0.01571	0.01049	0.01541	0.00876	0.01029	0.00632	0.00469	0.00459	0.00153	0.00718	0.00359	0.00211	0.00728
22	0.01112	0.01690	0.32545	0.01899	0.29254	0.01109	0.04298	0.01599	0.06992	0.01642	0.00999	0.01186	0.00775	0.00462	0.00473	0.00144	0.00612	0.00408	0.00259	0.12543
23	0.00978	0.00680	0.00786	0.00733	0.00866	0.00779	0.00572	0.01432	0.17031	0.01742	0.04794	0.01852	0.01389	0.01043	0.10379	0.00226	0.10696	0.00508	0.42975	0.00540
24	0.01340	0.00876	0.01065	0.00776	0.01205	0.00682	0.00627	0.01555	0.01134	0.21546	0.01162	0.01203	0.00865	0.00432	0.00403	0.00094	0.00383	0.00348	0.00377	0.63928
25	0.01486	0.01072	0.01220	0.00907	0.01327	0.01001	0.00739	0.29951	0.01566	0.10683	0.01120	0.01167	0.00833	0.00482	0.00432	0.00111	0.00442	0.00375	0.00406	0.44680
26	0.00670	0.00460	0.00560	0.00614	0.00627	0.00447	0.00377	0.00710	0.00832	0.01109	0.02120	0.40096	0.02505	0.44703	0.01650	0.00352	0.00393	0.01048	0.00377	0.00350
27	0.01075	0.01074	0.02046	0.02110	0.29288	0.01037	0.31265	0.01383	0.01128	0.01551	0.01410	0.13024	0.01361	0.00696	0.00573	0.00173	0.00633	0.09218	0.00303	0.00652
28	0.00698	0.00509	0.00655	0.00619	0.00740	0.00467	0.00464	0.00926	0.01393	0.01955	0.74157	0.03795	0.09684	0.01035	0.00588	0.00158	0.00236	0.00911	0.00543	0.00467
29	0.01177	0.01078	0.01740	0.36604	0.38493	0.01189	0.01406	0.09369	0.01201	0.01633	0.00942	0.01271	0.00742	0.00484	0.00496	0.00156	0.00619	0.00444	0.00262	0.00694
30	0.00614	0.00457	0.00572	0.00647	0.00715	0.00415	0.00446	0.00724	0.01040	0.01364	0.11203	0.57616	0.19486	0.01442	0.00621	0.00190	0.00276	0.01286	0.00472	0.00415
31	0.01173	0.01370	0.04529	0.02087	0.02596	0.01258	0.76001	0.01596	0.01174	0.01596	0.01006	0.01339	0.00754	0.00421	0.00586	0.00168	0.00838	0.00584	0.00251	0.00674
32	0.00684	0.00494	0.00554	0.00551	0.00684	0.00442	0.00409	0.00858	0.01190	0.01627	0.26915	0.10390	0.36904	0.01097	0.00552	0.00159	0.00247	0.00937	0.14867	0.00442
33	0.00720	0.00502	0.00638	0.00638	0.00671	0.00534	0.00420	0.00785	0.00753	0.01036	0.01484	0.02784	0.01605	0.53619	0.31117	0.00600	0.00795	0.00655	0.00289	0.00354
34	0.01608	0.23144	0.09135	0.01185	0.01521	0.47889	0.01023	0.02853	0.01258	0.01268	0.00763	0.00901	0.00644	0.00505	0.00474	0.00130	0.04528	0.00319	0.00243	0.00611
35	0.03217	0.10792	0.06958	0.01650	0.13781	0.39183	0.14350	0.01759	0.01250	0.01387	0.00836	0.01025	0.00682	0.00474	0.00465	0.00138	0.00780	0.00382	0.00248	0.00643
36	0.65220	0.08376	0.04159	0.00867	0.05037	0.06507	0.00698	0.01511	0.00923	0.02017	0.00719	0.00846	0.00572	0.00462	0.00335	0.00148	0.00457	0.00286	0.00290	0.00572
37	0.01052	0.04583	0.17700	0.31045	0.27185	0.01160	0.01453	0.01401	0.01052	0.01446	0.01064	0.01359	0.03982	0.00516	0.00521	0.00158	0.02975	0.00446	0.00237	0.00664
38	0.01011	0.00865	0.01029	0.03604	0.01240	0.00668	0.00613	0.01230	0.01029	0.01595	0.00972	0.04810	0.00854	0.00429	0.00386	0.00083	0.00376	0.00353	0.00300	0.78553
39	0.00712	0.00515	0.00700	0.00686	0.00767	0.00540	0.00503	0.00874	0.01001	0.01415	0.28863	0.02851	0.02585	0.19064	0.36144	0.00508	0.00770	0.00703	0.00374	0.00424
40	0.49141	0.00763	0.00644	0.00589	0.00825	0.00845	0.00472	0.01384	0.00949	0.05170	0.01112	0.01258	0.00858	0.00515	0.00332	0.00139	0.00327	0.00356	0.33798	0.00522
41	0.00612	0.00437	0.00582	0.00691	0.00724	0.00408	0.00463	0.00705	0.00975	0.01306	0.06240	0.78570	0.03361	0.01537	0.00634	0.00200	0.00287	0.01393	0.00467	0.00408
42	0.01300	0.00940	0.01104	0.00806	0.01236	0.00776	0.00652	0.10274	0.01240	0.12602	0.01071	0.01144	0.00819	0.00430	0.00402	0.00094	0.00398	0.00342	0.00363	0.64007
43	0.00700	0.00505	0.00661	0.00631	0.00743	0.00467	0.00470	0.00927	0.01385	0.01958	0.74803	0.08148	0.04624	0.01050	0.00591	0.00159	0.00238	0.00931	0.00544	0.00467
44	0.01218	0.01142	0.05510	0.00981	0.01241	0.06343	0.00807	0.04722	0.46677	0.01923	0.01681	0.01677	0.01285	0.00690	0.01632	0.00168	0.05959	0.00506	0.15142	0.00697
45	0.01453	0.01229	0.01274	0.05597	0.01505	0.05660	0.00879	0.24961	0.47140	0.02308	0.01647	0.01579	0.01224	0.00634	0.00501	0.00161	0.00483	0.00509	0.00475	0.00782
46	0.01847	0.01327	0.01443	0.01123	0.01506	0.01458	0.00931	0.70326	0.02239	0.06161	0.01309	0.01467	0.00977	0.00643	0.00509	0.00154	0.00538	0.04714	0.00501	0.00826
47	0.05597	0.00663	0.00925	0.00879	0.00959	0.00819	0.00694	0.00975	0.00793	0.01217	0.01179	0.01786	0.01118	0.06603	0.57230	0.00638	0.16692	0.00509	0.00262	0.00463
48	0.01226	0.01179	0.01995	0.02961	0.74970	0.01204	0.01505	0.01511	0.01114	0.01604	0.00922	0.01226	0.00782	0.00468	0.00558	0.00152	0.05160	0.00444	0.00245	0.00776

[dist]
# distance from previous block
# <min> <max>
0	7

[block]
# block no. 3 follows, 50 sequences, length 27
# corresponding to MSA columns:
# 515-541
name=unknown_D
#
# <colnr> <probs for GDERKNQSTAVLIFYWHMCP>
#	G	D	E	R	K	N	Q	S	T	A	V	L	I	F	Y	W	H	M	C	P
0	0.01681	0.01026	0.01358	0.01090	0.01344	0.01145	0.02355	0.12031	0.04591	0.34232	0.01349	0.01393	0.00964	0.00691	0.00890	0.00173	0.28522	0.00467	0.00438	0.04259
1	0.00725	0.00483	0.00544	0.00544	0.00544	0.00483	0.00302	0.00725	0.00725	0.00966	0.01571	0.03262	0.01812	0.82483	0.02537	0.00483	0.00483	0.00725	0.00302	0.00302
2	0.17731	0.00997	0.01066	0.00912	0.01220	0.01084	0.00726	0.10561	0.32941	0.19828	0.01711	0.06445	0.01302	0.00667	0.00475	0.00163	0.00410	0.00532	0.00490	0.00738
3	0.01138	0.01021	0.01550	0.02077	0.43448	0.01080	0.01157	0.04112	0.16477	0.01662	0.01253	0.01522	0.01041	0.01244	0.18684	0.00301	0.00720	0.00488	0.00311	0.00713
4	0.20277	0.00904	0.01322	0.62957	0.02872	0.01110	0.01192	0.01317	0.00963	0.01492	0.00842	0.01211	0.00636	0.00490	0.00455	0.00163	0.00601	0.00404	0.00241	0.00551
5	0.01136	0.00696	0.00883	0.00789	0.00900	0.00740	0.00579	0.21381	0.01111	0.01489	0.00973	0.01447	0.00876	0.01505	0.04628	0.59238	0.00499	0.00441	0.00294	0.00395
6	0.01740	0.01507	0.01396	0.01143	0.01488	0.16351	0.00914	0.46380	0.19473	0.02539	0.01306	0.01291	0.00962	0.00600	0.00491	0.00150	0.00580	0.00451	0.00455	0.00783
7	0.00866	0.00433	0.00649	0.00649	0.00649	0.00433	0.00433	0.00649	0.00649	0.00866	0.00866	0.01515	0.00866	0.01732	0.01948	0.85498	0.00433	0.00433	0.00216	0.00216
8	0.01577	0.01934	0.01223	0.01150	0.01355	0.62279	0.00849	0.01696	0.01308	0.01232	0.01220	0.19370	0.01245	0.00752	0.00492	0.00145	0.00760	0.00570	0.00304	0.00539
9	0.01206	0.02461	0.57631	0.01429	0.02043	0.19195	0.05999	0.01673	0.01141	0.01498	0.00873	0.01034	0.00641	0.00480	0.00475	0.00152	0.00779	0.00370	0.00223	0.00697
10	0.00917	0.00582	0.00849	0.00799	0.00799	0.00682	0.00582	0.00774	0.00675	0.00942	0.00818	0.01419	0.00818	0.01536	0.01877	0.66113	0.18876	0.00434	0.00217	0.00291
11	0.00662	0.00487	0.00620	0.00630	0.00729	0.00445	0.00456	0.00840	0.01243	0.01703	0.47318	0.26477	0.14129	0.01208	0.00602	0.00171	0.00253	0.01070	0.00513	0.00445
12	0.01234	0.01042	0.01236	0.19257	0.01785	0.01209	0.00928	0.12838	0.45677	0.02045	0.06087	0.01753	0.01415	0.00645	0.00509	0.00165	0.00468	0.00539	0.00443	0.00725
13	0.00607	0.00434	0.00578	0.00694	0.00723	0.00405	0.00463	0.00694	0.00954	0.01272	0.02747	0.82157	0.03297	0.01562	0.00636	0.00202	0.00289	0.01417	0.00463	0.00405
14	0.01010	0.00790	0.00904	0.00676	0.01045	0.00619	0.00536	0.01234	0.01036	0.01677	0.01054	0.01221	0.00861	0.00417	0.00364	0.00083	0.00338	0.00334	0.19606	0.66193
15	0.00706	0.00476	0.00628	0.00671	0.00704	0.00471	0.00455	0.00726	0.00892	0.01194	0.07628	0.39841	0.07558	0.11950	0.01212	0.19622	0.03517	0.01005	0.00383	0.00360
16	0.01080	0.01128	0.05064	0.29469	0.02369	0.05624	0.22059	0.07851	0.01180	0.01532	0.01291	0.16553	0.01200	0.00686	0.00545	0.00170	0.00648	0.00657	0.00301	0.00592
17	0.00843	0.00649	0.00906	0.01146	0.18503	0.00655	0.00621	0.00930	0.00841	0.01150	0.01459	0.02827	0.01592	0.55837	0.06480	0.00414	0.00556	0.03868	0.00294	0.00428
18	0.20758	0.01111	0.01139	0.04354	0.01335	0.01248	0.00774	0.36893	0.12274	0.02545	0.01239	0.01291	0.00918	0.00572	0.00437	0.00150	0.00454	0.00426	0.11374	0.00708
19	0.01294	0.59509	0.05273	0.00921	0.01318	0.01765	0.00882	0.01753	0.18617	0.01396	0.01004	0.01056	0.00840	0.00494	0.00394	0.00125	0.02063	0.00341	0.00280	0.00676
20	0.00975	0.00538	0.00700	0.00712	0.00841	0.00482	0.00512	0.01091	0.01087	0.19114	0.02887	0.53202	0.13288	0.01306	0.00599	0.00187	0.00315	0.01159	0.00498	0.00508
21	0.01421	0.01343	0.01227	0.00957	0.01347	0.19012	0.00758	0.19140	0.01423	0.01884	0.00932	0.01041	0.00742	0.00455	0.00417	0.00104	0.00531	0.00337	0.00334	0.46595
22	0.00941	0.00886	0.01495	0.81285	0.03433	0.01107	0.01384	0.01274	0.00997	0.01274	0.00886	0.01329	0.00664	0.00498	0.00498	0.00166	0.00664	0.00443	0.00221	0.00554
23	0.03763	0.01295	0.01338	0.06023	0.04123	0.07755	0.00920	0.32224	0.32727	0.02374	0.01456	0.01438	0.01081	0.00608	0.00493	0.00157	0.00519	0.00479	0.00452	0.00774
24	0.21183	0.00908	0.01059	0.00838	0.01195	0.00884	0.00690	0.09216	0.01363	0.51165	0.01589	0.01456	0.01042	0.00578	0.00450	0.00152	0.00418	0.00442	0.04615	0.00760
25	0.00809	0.00521	0.00720	0.00737	0.00833	0.00503	0.00581	0.00939	0.01149	0.03287	0.33600	0.03823	0.03130	0.01294	0.00929	0.19580	0.00360	0.26344	0.00444	0.00417
26	0.00897	0.00877	0.00767	0.00822	0.00901	0.18610	0.00570	0.00990	0.01049	0.01248	0.02249	0.60405	0.02632	0.04689	0.00673	0.00197	0.00436	0.01139	0.00409	0.00440

[dist]
# distance from previous block
# <min> <max>
0	12

[block]
# block no. 4 follows, 50 sequences, length 20
# corresponding to MSA columns:
# 554-573
name=unknown_E
#
# <colnr> <probs for GDERKNQSTAVLIFYWHMCP>
#	G	D	E	R	K	N	Q	S	T	A	V	L	I	F	Y	W	H	M	C	P
0	0.01069	0.08270	0.04595	0.08418	0.05435	0.01146	0.41602	0.01415	0.01182	0.01608	0.16998	0.01766	0.01545	0.00561	0.00569	0.00160	0.02138	0.00596	0.00305	0.00623
1	0.01229	0.17821	0.05125	0.00976	0.01284	0.01229	0.01929	0.04323	0.36651	0.06372	0.01778	0.08692	0.01533	0.00750	0.00497	0.00163	0.00450	0.08076	0.00427	0.00694
2	0.01133	0.00895	0.00962	0.00857	0.01111	0.00966	0.00668	0.08017	0.42376	0.05914	0.09267	0.02699	0.21350	0.00844	0.00534	0.00166	0.00359	0.00703	0.00504	0.00677
3	0.00792	0.00667	0.00713	0.00670	0.00805	0.07258	0.00503	0.01006	0.01383	0.01865	0.64787	0.03595	0.12073	0.01001	0.00576	0.00156	0.00293	0.00868	0.00515	0.00474
4	0.00664	0.00502	0.00578	0.00563	0.00676	0.00454	0.00400	0.00809	0.01163	0.01534	0.34436	0.04045	0.33017	0.17844	0.00989	0.00228	0.00293	0.00924	0.00465	0.00417
5	0.61470	0.01032	0.01222	0.00972	0.01327	0.01115	0.16375	0.01574	0.00965	0.08683	0.00867	0.00995	0.00643	0.00467	0.00382	0.00157	0.00482	0.00355	0.00323	0.00593
6	0.63725	0.00883	0.00791	0.00722	0.00968	0.01039	0.00588	0.01332	0.00834	0.01957	0.00823	0.01061	0.00691	0.01158	0.16854	0.00291	0.05133	0.00333	0.00295	0.00521
7	0.01275	0.01112	0.01332	0.01442	0.17345	0.01246	0.00950	0.06628	0.58321	0.02051	0.01758	0.01694	0.01333	0.00624	0.00504	0.00164	0.00444	0.00533	0.00453	0.00792
8	0.01676	0.01101	0.01353	0.17511	0.01815	0.01196	0.00954	0.36254	0.06537	0.20134	0.05313	0.01507	0.01136	0.00608	0.00504	0.00156	0.00518	0.00490	0.00472	0.00765
9	0.00927	0.00575	0.00639	0.00583	0.00796	0.00485	0.00451	0.01067	0.01196	0.17442	0.04416	0.04160	0.63165	0.01130	0.00571	0.00165	0.00288	0.00939	0.00495	0.00509
10	0.01611	0.01189	0.01296	0.01050	0.01369	0.01302	0.00843	0.59652	0.04332	0.02726	0.01540	0.17844	0.01371	0.00799	0.00527	0.00161	0.00491	0.00651	0.00492	0.00755
11	0.00927	0.00668	0.00793	0.00759	0.00887	0.00680	0.00559	0.16592	0.01305	0.01757	0.16636	0.27695	0.05056	0.16086	0.00950	0.00236	0.00381	0.07082	0.00456	0.00494
12	0.00831	0.00604	0.00663	0.00640	0.00698	0.00639	0.00402	0.01120	0.16692	0.01196	0.01665	0.02974	0.01752	0.65682	0.02120	0.00419	0.00465	0.00692	0.00344	0.00402
13	0.66558	0.04920	0.00962	0.00755	0.01086	0.01237	0.00629	0.15457	0.01130	0.02352	0.00786	0.00880	0.00601	0.00486	0.00344	0.00151	0.00422	0.00303	0.00339	0.00601
14	0.01242	0.01162	0.01777	0.02332	0.49028	0.01282	0.01312	0.05876	0.10981	0.01683	0.01033	0.01282	0.00858	0.00570	0.00730	0.00165	0.17195	0.00458	0.00288	0.00743
15	0.01373	0.20580	0.01501	0.01010	0.01230	0.30876	0.00799	0.01593	0.07841	0.01230	0.01015	0.01464	0.00960	0.17378	0.00971	0.00209	0.08721	0.00424	0.00274	0.00551
16	0.83146	0.00960	0.00747	0.00663	0.00974	0.01105	0.00546	0.01498	0.00868	0.04879	0.00737	0.00840	0.00563	0.00468	0.00315	0.00154	0.00387	0.00278	0.00319	0.00550
17	0.00732	0.00494	0.00665	0.00717	0.00794	0.00472	0.00546	0.00828	0.01050	0.01394	0.16833	0.21671	0.10499	0.01413	0.00907	0.17716	0.00353	0.22094	0.00427	0.00395
18	0.00715	0.00479	0.00547	0.00556	0.00559	0.00477	0.00316	0.00722	0.00744	0.00992	0.01670	0.09960	0.01938	0.75612	0.02376	0.00459	0.00467	0.00784	0.00316	0.00311
19	0.00941	0.00886	0.01495	0.81285	0.03433	0.01107	0.01384	0.01274	0.00997	0.01274	0.00886	0.01329	0.00664	0.00498	0.00498	0.00166	0.00664	0.00443	0.00221	0.00554

[dist]
# distance from previous block
# <min> <max>
0	20

[block]
# block no. 5 follows, 50 sequences, length 18
# corresponding to MSA columns:
# 594-611
name=unknown_F
#
# <colnr> <probs for GDERKNQSTAVLIFYWHMCP>
#	G	D	E	R	K	N	Q	S	T	A	V	L	I	F	Y	W	H	M	C	P
0	0.01147	0.01553	0.15949	0.01986	0.02529	0.01243	0.64765	0.01594	0.01155	0.01594	0.00989	0.01295	0.00735	0.00429	0.00569	0.00166	0.00823	0.00551	0.00245	0.00683
1	0.86003	0.00964	0.00733	0.00655	0.00964	0.01118	0.00540	0.01465	0.00848	0.02236	0.00694	0.00810	0.00540	0.00463	0.00308	0.00154	0.00386	0.00270	0.00308	0.00540
2	0.00729	0.00521	0.00716	0.00823	0.00908	0.00509	0.00665	0.00908	0.01093	0.01441	0.06735	0.32593	0.03117	0.01423	0.00665	0.00216	0.00387	0.45645	0.00465	0.00440
3	0.00715	0.00520	0.00732	0.00732	0.00798	0.00586	0.00537	0.00846	0.00781	0.01106	0.01398	0.02306	0.01397	0.24734	0.59718	0.00716	0.01108	0.00585	0.00276	0.00407
4	0.01333	0.82783	0.02612	0.00853	0.01279	0.01972	0.00853	0.01493	0.01013	0.01173	0.00693	0.00800	0.00640	0.00426	0.00320	0.00107	0.00533	0.00267	0.00213	0.00640
5	0.00607	0.00434	0.00578	0.00694	0.00723	0.00405	0.00463	0.00694	0.00954	0.01272	0.02747	0.82157	0.03297	0.01562	0.00636	0.00202	0.00289	0.01417	0.00463	0.00405
6	0.01084	0.01032	0.01753	0.43009	0.40591	0.01145	0.01455	0.01399	0.01064	0.01447	0.00911	0.01282	0.00726	0.00472	0.00496	0.00157	0.00629	0.00444	0.00234	0.00669
7	0.00688	0.00503	0.00646	0.00623	0.00737	0.00461	0.00462	0.00901	0.01349	0.01883	0.66534	0.10594	0.10586	0.01086	0.00592	0.00162	0.00241	0.00958	0.00534	0.00461
8	0.00866	0.00433	0.00649	0.00649	0.00649	0.00433	0.00433	0.00649	0.00649	0.00866	0.00866	0.01515	0.00866	0.01732	0.01948	0.85498	0.00433	0.00433	0.00216	0.00216
9	0.00865	0.00710	0.00842	0.00727	0.00991	0.00592	0.00544	0.01107	0.05938	0.01508	0.01873	0.31308	0.05985	0.00878	0.00489	0.00133	0.00335	0.00768	0.00380	0.44027
10	0.32799	0.08570	0.06651	0.01232	0.01617	0.18856	0.20511	0.01625	0.01085	0.01712	0.00804	0.00981	0.00633	0.00461	0.00423	0.00148	0.00651	0.00369	0.00268	0.00603
11	0.00824	0.00664	0.01000	0.00901	0.01075	0.00645	0.09557	0.01165	0.06910	0.01828	0.44793	0.03798	0.03542	0.01016	0.00608	0.00178	0.00375	0.20119	0.00488	0.00514
12	0.01073	0.04738	0.56241	0.01468	0.08321	0.01107	0.05335	0.01551	0.01100	0.05718	0.03785	0.01392	0.04908	0.00534	0.00487	0.00156	0.00665	0.00443	0.00262	0.00715
13	0.38940	0.00951	0.00976	0.00780	0.01143	0.00958	0.00640	0.07982	0.01178	0.25631	0.01154	0.01149	0.00810	0.00504	0.00393	0.00140	0.00408	0.00359	0.00415	0.15490
14	0.01325	0.76071	0.02490	0.00866	0.01281	0.01912	0.00848	0.01587	0.07375	0.01248	0.00803	0.00887	0.00712	0.00447	0.00335	0.00112	0.00522	0.00291	0.00237	0.00652
15	0.62011	0.01080	0.07299	0.00740	0.01108	0.01033	0.00661	0.01469	0.00915	0.04529	0.00783	0.00896	0.00603	0.00453	0.00338	0.00141	0.00413	0.00290	0.00308	0.14931
16	0.05263	0.01521	0.01284	0.01075	0.01390	0.26403	0.00849	0.29710	0.07356	0.09853	0.05218	0.01496	0.05125	0.00629	0.00485	0.00146	0.00599	0.00468	0.00427	0.00704
17	0.01072	0.00937	0.07286	0.00985	0.07427	0.04906	0.00727	0.08009	0.03910	0.05616	0.05508	0.02109	0.01438	0.22604	0.14312	0.00342	0.00630	0.00555	0.11089	0.00539

[dist]
# distance from previous block
# <min> <max>
0	1

[block]
# block no. 6 follows, 50 sequences, length 7
# corresponding to MSA columns:
# 613-619
name=unknown_G
#
# <colnr> <probs for GDERKNQSTAVLIFYWHMCP>
#	G	D	E	R	K	N	Q	S	T	A	V	L	I	F	Y	W	H	M	C	P
0	0.01113	0.01155	0.07284	0.03517	0.01281	0.11588	0.00738	0.01350	0.01083	0.01569	0.01100	0.01264	0.03141	0.00473	0.00430	0.00104	0.02637	0.00361	0.13022	0.46789
1	0.26201	0.01242	0.01242	0.00993	0.01355	0.01395	0.00815	0.49010	0.08620	0.02786	0.01124	0.01143	0.00818	0.00566	0.00444	0.00153	0.00488	0.00407	0.00444	0.00753
2	0.01360	0.01152	0.01688	0.09450	0.42580	0.01214	0.01250	0.16960	0.09840	0.05068	0.01277	0.01436	0.03390	0.00539	0.00500	0.00153	0.00551	0.00480	0.00345	0.00770
3	0.01094	0.00891	0.00930	0.00852	0.01091	0.00996	0.00659	0.02126	0.54779	0.01939	0.02419	0.02300	0.13126	0.00749	0.00495	0.00161	0.00348	0.00621	0.13741	0.00683
4	0.01092	0.00972	0.01320	0.01411	0.23831	0.00815	0.00863	0.01335	0.01063	0.01625	0.00901	0.01092	0.00753	0.00391	0.00405	0.00095	0.00434	0.00338	0.00281	0.60983
5	0.49024	0.01285	0.01057	0.00890	0.01219	0.11838	0.00721	0.24880	0.01381	0.02378	0.00858	0.00940	0.00648	0.00511	0.00385	0.00149	0.00504	0.00331	0.00360	0.00639
6	0.01227	0.25030	0.13870	0.02175	0.45174	0.01409	0.01380	0.01526	0.01087	0.01489	0.00860	0.01081	0.00722	0.00443	0.00440	0.00138	0.00597	0.00381	0.00232	0.00738

[dist]
# distance from previous block
# <min> <max>
0	3

[block]
# block no. 7 follows, 50 sequences, length 58
# corresponding to MSA columns:
# 623-680
name=unknown_H
#
# <colnr> <probs for GDERKNQSTAVLIFYWHMCP>
#	G	D	E	R	K	N	Q	S	T	A	V	L	I	F	Y	W	H	M	C	P
0	0.01764	0.01173	0.01312	0.01041	0.01388	0.01264	0.00848	0.49405	0.08579	0.16015	0.01465	0.01596	0.01092	0.04939	0.03514	0.00195	0.00537	0.02583	0.00500	0.00789
1	0.19436	0.03327	0.01275	0.00999	0.01341	0.06629	0.00818	0.45937	0.03921	0.02596	0.01096	0.01167	0.00819	0.00722	0.04544	0.00181	0.00562	0.00406	0.03501	0.00724
2	0.01163	0.04832	0.01724	0.02185	0.46766	0.07998	0.05220	0.01426	0.01208	0.01628	0.15793	0.01813	0.04909	0.00592	0.00509	0.00148	0.00548	0.00545	0.00313	0.00682
3	0.01789	0.01653	0.01475	0.01207	0.01516	0.25222	0.00969	0.45850	0.01875	0.02333	0.01004	0.01095	0.00763	0.00606	0.00620	0.00151	0.10340	0.00409	0.00393	0.00731
4	0.01176	0.01345	0.02941	0.02101	0.02605	0.01261	0.77563	0.01597	0.01176	0.01597	0.01008	0.01345	0.00756	0.00420	0.00588	0.00168	0.00840	0.00588	0.00252	0.00672
5	0.00803	0.00574	0.00803	0.00918	0.01033	0.00574	0.00803	0.01033	0.01147	0.01492	0.02639	0.05622	0.02869	0.01377	0.00688	0.00229	0.00459	0.76018	0.00459	0.00459
6	0.01176	0.01345	0.02941	0.02101	0.02605	0.01261	0.77563	0.01597	0.01176	0.01597	0.01008	0.01345	0.00756	0.00420	0.00588	0.00168	0.00840	0.00588	0.00252	0.00672
7	0.00941	0.00886	0.01495	0.81285	0.03433	0.01107	0.01384	0.01274	0.00997	0.01274	0.00886	0.01329	0.00664	0.00498	0.00498	0.00166	0.00664	0.00443	0.00221	0.00554
8	0.00607	0.00434	0.00578	0.00694	0.00723	0.00405	0.00463	0.00694	0.00954	0.01272	0.02747	0.82157	0.03297	0.01562	0.00636	0.00202	0.00289	0.01417	0.00463	0.00405
9	0.39760	0.01091	0.01084	0.00873	0.01229	0.01189	0.00721	0.28233	0.01486	0.18212	0.01126	0.01124	0.00787	0.00541	0.00414	0.00153	0.00450	0.00379	0.00437	0.00709
10	0.01234	0.01184	0.02023	0.03059	0.79373	0.01184	0.01530	0.01530	0.01135	0.01628	0.00938	0.01234	0.00790	0.00444	0.00493	0.00148	0.00592	0.00444	0.00247	0.00790
11	0.00607	0.00434	0.00578	0.00694	0.00723	0.00405	0.00463	0.00694	0.00954	0.01272	0.02747	0.82157	0.03297	0.01562	0.00636	0.00202	0.00289	0.01417	0.00463	0.00405
12	0.02236	0.00848	0.01157	0.00887	0.01272	0.00733	0.00733	0.02429	0.01427	0.79719	0.01966	0.01697	0.01234	0.00617	0.00501	0.00154	0.00424	0.00501	0.00617	0.00848
13	0.01234	0.01184	0.02023	0.03059	0.79373	0.01184	0.01530	0.01530	0.01135	0.01628	0.00938	0.01234	0.00790	0.00444	0.00493	0.00148	0.00592	0.00444	0.00247	0.00790
14	0.01216	0.01232	0.05120	0.05113	0.74232	0.01181	0.01538	0.01525	0.01128	0.01617	0.00934	0.01229	0.00780	0.00447	0.00493	0.00149	0.00600	0.00441	0.00245	0.00781
15	0.01091	0.01091	0.01527	0.01309	0.01309	0.01527	0.01091	0.01200	0.00763	0.01200	0.00654	0.01091	0.00654	0.00872	0.01636	0.00218	0.81570	0.00436	0.00218	0.00545
16	0.00941	0.00886	0.01495	0.81285	0.03433	0.01107	0.01384	0.01274	0.00997	0.01274	0.00886	0.01329	0.00664	0.00498	0.00498	0.00166	0.00664	0.00443	0.00221	0.00554
17	0.01862	0.02376	0.01413	0.01284	0.01541	0.80482	0.00963	0.01990	0.01413	0.01220	0.00770	0.00899	0.00642	0.00514	0.00449	0.00128	0.00899	0.00321	0.00257	0.00578
18	0.86003	0.00964	0.00733	0.00655	0.00964	0.01118	0.00540	0.01465	0.00848	0.02236	0.00694	0.00810	0.00540	0.00463	0.00308	0.00154	0.00386	0.00270	0.00308	0.00540
19	0.01169	0.01394	0.06015	0.02074	0.02587	0.01256	0.74538	0.01596	0.01172	0.01596	0.01004	0.01333	0.00751	0.00422	0.00584	0.00168	0.00836	0.00579	0.00250	0.00675
20	0.00698	0.00529	0.00657	0.00682	0.00816	0.00488	0.00549	0.00894	0.01230	0.01609	0.28574	0.04718	0.29448	0.01220	0.00622	0.00185	0.00315	0.25827	0.00490	0.00450
21	0.01127	0.01746	0.28139	0.03719	0.02283	0.04382	0.38846	0.01556	0.01105	0.01540	0.00927	0.01199	0.00700	0.00474	0.00610	0.00163	0.06645	0.00478	0.00237	0.04124
22	0.01234	0.01184	0.02023	0.03059	0.79373	0.01184	0.01530	0.01530	0.01135	0.01628	0.00938	0.01234	0.00790	0.00444	0.00493	0.00148	0.00592	0.00444	0.00247	0.00790
23	0.00683	0.00509	0.00635	0.00604	0.00731	0.00461	0.00453	0.00897	0.01358	0.01874	0.64926	0.03929	0.18965	0.01066	0.00588	0.00159	0.00238	0.00930	0.00532	0.00461
24	0.01333	0.82783	0.02612	0.00853	0.01279	0.01972	0.00853	0.01493	0.01013	0.01173	0.00693	0.00800	0.00640	0.00426	0.00320	0.00107	0.00533	0.00267	0.00213	0.00640
25	0.00866	0.00433	0.00649	0.00649	0.00649	0.00433	0.00433	0.00649	0.00649	0.00866	0.00866	0.01515	0.00866	0.01732	0.01948	0.85498	0.00433	0.00433	0.00216	0.00216
26	0.00607	0.00434	0.00578	0.00694	0.00723	0.00405	0.00463	0.00694	0.00954	0.01272	0.02747	0.82157	0.03297	0.01562	0.00636	0.00202	0.00289	0.01417	0.00463	0.00405
27	0.01333	0.82783	0.02612	0.00853	0.01279	0.01972	0.00853	0.01493	0.01013	0.01173	0.00693	0.00800	0.00640	0.00426	0.00320	0.00107	0.00533	0.00267	0.00213	0.00640
28	0.00941	0.00886	0.01495	0.81285	0.03433	0.01107	0.01384	0.01274	0.00997	0.01274	0.00886	0.01329	0.00664	0.00498	0.00498	0.00166	0.00664	0.00443	0.00221	0.00554
29	0.00607	0.00434	0.00578	0.00694	0.00723	0.00405	0.00463	0.00694	0.00954	0.01272	0.02747	0.82157	0.03297	0.01562	0.00636	0.00202	0.00289	0.01417	0.00463	0.00405
30	0.01240	0.01071	0.01127	0.01014	0.01296	0.01240	0.00789	0.02649	0.78473	0.02085	0.02029	0.01860	0.01522	0.00676	0.00507	0.00169	0.00394	0.00564	0.00507	0.00789
31	0.00725	0.00483	0.00544	0.00544	0.00544	0.00483	0.00302	0.00725	0.00725	0.00966	0.01571	0.03262	0.01812	0.82483	0.02537	0.00483	0.00483	0.00725	0.00302	0.00302
32	0.00941	0.00886	0.01495	0.81285	0.03433	0.01107	0.01384	0.01274	0.00997	0.01274	0.00886	0.01329	0.00664	0.00498	0.00498	0.00166	0.00664	0.00443	0.00221	0.00554
33	0.01000	0.02578	0.79900	0.01421	0.02157	0.01158	0.01842	0.01579	0.01052	0.01579	0.00895	0.01052	0.00631	0.00474	0.00474	0.00158	0.00737	0.00368	0.00210	0.00737
34	0.00603	0.00489	0.00536	0.00559	0.00691	0.00421	0.00406	0.00730	0.01118	0.01386	0.10999	0.22609	0.55090	0.01310	0.00600	0.00175	0.00259	0.01123	0.00470	0.00421
35	0.01000	0.02578	0.79900	0.01421	0.02157	0.01158	0.01842	0.01579	0.01052	0.01579	0.00895	0.01052	0.00631	0.00474	0.00474	0.00158	0.00737	0.00368	0.00210	0.00737
36	0.00686	0.00494	0.00652	0.00663	0.00758	0.00460	0.00490	0.00883	0.01277	0.01779	0.54565	0.24013	0.04224	0.01182	0.00607	0.00173	0.00263	0.05857	0.00521	0.00453
37	0.00589	0.00505	0.00505	0.00505	0.00673	0.00421	0.00379	0.00715	0.01136	0.01347	0.05049	0.04797	0.79171	0.01262	0.00589	0.00168	0.00252	0.01052	0.00463	0.00421
38	0.01862	0.02376	0.01413	0.01284	0.01541	0.80482	0.00963	0.01990	0.01413	0.01220	0.00770	0.00899	0.00642	0.00514	0.00449	0.00128	0.00899	0.00321	0.00257	0.00578
39	0.01000	0.02578	0.79900	0.01421	0.02157	0.01158	0.01842	0.01579	0.01052	0.01579	0.00895	0.01052	0.00631	0.00474	0.00474	0.00158	0.00737	0.00368	0.00210	0.00737
40	0.00976	0.00885	0.01465	0.47732	0.19288	0.01013	0.01295	0.01279	0.01058	0.01395	0.01262	0.02201	0.01150	0.00669	0.00537	0.00175	0.00606	0.16153	0.00276	0.00585
41	0.01000	0.02578	0.79900	0.01421	0.02157	0.01158	0.01842	0.01579	0.01052	0.01579	0.00895	0.01052	0.00631	0.00474	0.00474	0.00158	0.00737	0.00368	0.00210	0.00737
42	0.01234	0.01184	0.02023	0.03059	0.79373	0.01184	0.01530	0.01530	0.01135	0.01628	0.00938	0.01234	0.00790	0.00444	0.00493	0.00148	0.00592	0.00444	0.00247	0.00790
43	0.00953	0.00893	0.01480	0.78024	0.03346	0.01113	0.01360	0.01329	0.04144	0.01306	0.00932	0.01350	0.00699	0.00506	0.00499	0.00166	0.00653	0.00448	0.00233	0.00563
44	0.01108	0.07412	0.12123	0.01105	0.01365	0.17136	0.03074	0.01360	0.01164	0.01416	0.01746	0.03366	0.01791	0.00958	0.00617	0.00188	0.03843	0.39334	0.00350	0.00545
45	0.01895	0.01396	0.01496	0.01147	0.01546	0.01546	0.00947	0.77711	0.02344	0.03141	0.01197	0.01197	0.00848	0.00598	0.00499	0.00150	0.00548	0.00449	0.00499	0.00848
46	0.01335	0.52662	0.02599	0.01244	0.01677	0.08702	0.22548	0.01566	0.01094	0.01297	0.00789	0.00962	0.00673	0.00432	0.00407	0.00126	0.00652	0.00362	0.00228	0.00643
47	0.00724	0.00517	0.00716	0.00716	0.00781	0.00578	0.00522	0.00853	0.00788	0.01129	0.01412	0.02323	0.01407	0.25884	0.55556	0.00686	0.01054	0.00585	0.03362	0.00405
48	0.00721	0.00515	0.00708	0.00824	0.00902	0.00503	0.00660	0.00890	0.01066	0.01399	0.02685	0.37876	0.03049	0.01455	0.00666	0.00218	0.00387	0.44580	0.00461	0.00436
49	0.00717	0.00514	0.00702	0.00702	0.00757	0.00569	0.00499	0.00826	0.00772	0.01084	0.01426	0.02460	0.01464	0.34051	0.50492	0.00679	0.01007	0.00607	0.00280	0.00390
50	0.00610	0.00436	0.00581	0.00692	0.00724	0.00407	0.00463	0.00700	0.00966	0.01291	0.04670	0.80183	0.03332	0.01548	0.00635	0.00201	0.00288	0.01404	0.00465	0.00407
51	0.00795	0.00568	0.00794	0.00909	0.01020	0.00567	0.00789	0.01019	0.01140	0.01483	0.02644	0.08731	0.02886	0.01384	0.00686	0.00228	0.00452	0.72988	0.00459	0.00457
52	0.00632	0.00507	0.00564	0.00550	0.00699	0.00439	0.00412	0.00798	0.01237	0.01586	0.32237	0.04403	0.51834	0.01173	0.00589	0.00164	0.00246	0.00997	0.00494	0.00439
53	0.01000	0.02578	0.79900	0.01421	0.02157	0.01158	0.01842	0.01579	0.01052	0.01579	0.00895	0.01052	0.00631	0.00474	0.00474	0.00158	0.00737	0.00368	0.00210	0.00737
54	0.00725	0.00483	0.00544	0.00544	0.00544	0.00483	0.00302	0.00725	0.00725	0.00966	0.01571	0.03262	0.01812	0.82483	0.02537	0.00483	0.00483	0.00725	0.00302	0.00302
55	0.01034	0.00886	0.01034	0.00738	0.01181	0.00664	0.00591	0.01255	0.01034	0.01624	0.00886	0.01034	0.00738	0.00369	0.00369	0.00074	0.00369	0.00295	0.00295	0.85530
56	0.01524	0.01176	0.04538	0.01310	0.01707	0.01142	0.22527	0.11213	0.24696	0.20633	0.01577	0.01566	0.01118	0.00571	0.00523	0.00161	0.00555	0.00533	0.02159	0.00769
57	0.00767	0.00524	0.00639	0.00614	0.00757	0.00466	0.00458	0.00946	0.01269	0.07343	0.40413	0.12979	0.28708	0.01132	0.00588	0.00166	0.00261	0.00981	0.00516	0.00474

[dist]
# distance from previous block
# <min> <max>
3	6

[block]
# block no. 8 follows, 50 sequences, length 19
# corresponding to MSA columns:
# 687-705
name=unknown_I
#
# <colnr> <probs for GDERKNQSTAVLIFYWHMCP>
#	G	D	E	R	K	N	Q	S	T	A	V	L	I	F	Y	W	H	M	C	P
0	0.01067	0.01003	0.01632	0.02137	0.43976	0.03188	0.06054	0.01318	0.01022	0.01441	0.01073	0.01511	0.00951	0.03769	0.25515	0.00363	0.02589	0.00486	0.00255	0.00650
1	0.01290	0.01434	0.01170	0.01083	0.01287	0.35374	0.05132	0.01604	0.11897	0.01397	0.01635	0.26674	0.01670	0.00880	0.00529	0.00161	0.00607	0.02909	0.00363	0.02906
2	0.00734	0.00522	0.00740	0.00735	0.00827	0.00582	0.00563	0.00919	0.00902	0.01331	0.11363	0.02221	0.01714	0.05881	0.59114	0.00636	0.01049	0.00581	0.09143	0.00445
3	0.01925	0.01297	0.01429	0.01101	0.01493	0.01406	0.00908	0.63015	0.04998	0.15243	0.01349	0.01300	0.00934	0.00604	0.00499	0.00151	0.00523	0.00461	0.00518	0.00846
4	0.00653	0.00507	0.00594	0.00572	0.00713	0.00448	0.00429	0.00840	0.01288	0.01706	0.45908	0.04205	0.38088	0.01128	0.00588	0.00162	0.00243	0.00969	0.00510	0.00448
5	0.00660	0.00508	0.00603	0.00579	0.00717	0.00451	0.00434	0.00852	0.01303	0.01742	0.49918	0.04147	0.34056	0.01115	0.00588	0.00161	0.00242	0.00961	0.00515	0.00451
6	0.00967	0.00796	0.01087	0.00983	0.01088	0.00987	0.00791	0.10841	0.00989	0.01423	0.01133	0.01625	0.01035	0.02558	0.48852	0.00559	0.22983	0.00497	0.00284	0.00524
7	0.00719	0.00529	0.00713	0.10993	0.01015	0.00563	0.00532	0.00811	0.00833	0.01117	0.01767	0.24206	0.01983	0.38335	0.13328	0.00414	0.00580	0.00848	0.00330	0.00383
8	0.00962	0.02313	0.69724	0.01319	0.01976	0.01069	0.01665	0.01497	0.01098	0.01633	0.10940	0.01395	0.01154	0.00544	0.00488	0.00158	0.00672	0.00437	0.00254	0.00702
9	0.11994	0.00955	0.01272	0.03475	0.15845	0.00856	0.04466	0.01356	0.01047	0.02918	0.00994	0.01337	0.00850	0.00462	0.00419	0.00115	0.00449	0.04656	0.00298	0.46235
10	0.01340	0.14601	0.28692	0.01203	0.01658	0.22805	0.01210	0.01921	0.18799	0.01534	0.01088	0.01156	0.00839	0.00523	0.00451	0.00144	0.00671	0.00384	0.00291	0.00691
11	0.47824	0.00971	0.00930	0.00777	0.01093	0.01058	0.00636	0.14986	0.01270	0.15273	0.09661	0.01348	0.01170	0.00574	0.00405	0.00154	0.00404	0.00410	0.00420	0.00638
12	0.01371	0.50319	0.02146	0.01018	0.01379	0.14465	0.05240	0.05475	0.01173	0.01348	0.01000	0.01487	0.00944	0.00571	0.00413	0.00132	0.00601	0.10032	0.00269	0.00619
13	0.01336	0.01429	0.16123	0.05932	0.14909	0.04550	0.03273	0.26588	0.01551	0.03278	0.09995	0.05224	0.02320	0.00635	0.00511	0.00155	0.00568	0.00535	0.00375	0.00716
14	0.01225	0.01102	0.01509	0.14344	0.34055	0.08474	0.01162	0.06227	0.01256	0.05689	0.08416	0.01982	0.05752	0.00643	0.00519	0.00157	0.00560	0.05929	0.00334	0.00666
15	0.00783	0.00608	0.00798	0.00791	0.00877	0.00683	0.00587	0.01077	0.10846	0.01347	0.08053	0.18943	0.02027	0.12606	0.32070	0.00465	0.05833	0.00770	0.00363	0.00471
16	0.01261	0.01127	0.01602	0.02084	0.42306	0.01196	0.01176	0.08289	0.27701	0.01895	0.01420	0.05341	0.01166	0.00590	0.00505	0.00158	0.00506	0.00532	0.00367	0.00776
17	0.00836	0.00598	0.00696	0.00674	0.00759	0.00611	0.00460	0.10626	0.01043	0.01387	0.03815	0.19153	0.09655	0.38094	0.09064	0.00375	0.00505	0.00849	0.00378	0.00422
18	0.00919	0.00886	0.00808	0.00736	0.00950	0.13634	0.00558	0.01084	0.01191	0.01493	0.15951	0.10839	0.27039	0.00949	0.00529	0.00146	0.00391	0.03644	0.00409	0.17842

[dist]
# distance from previous block
# <min> <max>
0	5

[block]
# block no. 9 follows, 50 sequences, length 10
# corresponding to MSA columns:
# 711-720
name=unknown_J
#
# <colnr> <probs for GDERKNQSTAVLIFYWHMCP>
#	G	D	E	R	K	N	Q	S	T	A	V	L	I	F	Y	W	H	M	C	P
0	0.01119	0.00601	0.00799	0.00697	0.00887	0.00541	0.00541	0.01342	0.01415	0.22978	0.58287	0.03176	0.03767	0.00910	0.00565	0.00156	0.00286	0.00793	0.00567	0.00572
1	0.01145	0.00968	0.01163	0.01026	0.01199	0.01153	0.00823	0.12117	0.26153	0.01900	0.14027	0.06633	0.01879	0.00861	0.00840	0.00183	0.22299	0.04559	0.00430	0.00641
2	0.00730	0.00551	0.00767	0.00796	0.04890	0.00547	0.00563	0.00949	0.01221	0.01727	0.51146	0.03159	0.06467	0.01732	0.22156	0.00331	0.00551	0.00784	0.00454	0.00478
3	0.00950	0.00777	0.00901	0.00686	0.01009	0.00616	0.00513	0.01112	0.00950	0.01447	0.01071	0.01635	0.01028	0.22534	0.00954	0.00184	0.00400	0.00411	0.00297	0.62524
