[name]
unknown

[dist]
# distance from previous block
# <min> <max>
41	202

[block]
# block no. 0 follows, 45 sequences, length 10
# corresponding to MSA columns:
# 283-292
name=unknown_A
#
# <colnr> <probs for GDERKNQSTAVLIFYWHMCP>
#	G	D	E	R	K	N	Q	S	T	A	V	L	I	F	Y	W	H	M	C	P
0	0.01919	0.00795	0.01047	0.00844	0.01135	0.00708	0.00650	0.02065	0.01309	0.54992	0.01990	0.02333	0.01516	0.24838	0.01198	0.00273	0.00476	0.00612	0.00563	0.00737
1	0.01900	0.22444	0.05197	0.01184	0.01558	0.39965	0.00998	0.02083	0.01397	0.16932	0.01076	0.01122	0.00820	0.00550	0.00461	0.00139	0.00755	0.00372	0.00341	0.00706
2	0.01023	0.00962	0.00913	0.00885	0.00989	0.16537	0.00642	0.01146	0.00972	0.01198	0.01390	0.02299	0.01393	0.26484	0.40139	0.00613	0.01067	0.00590	0.00297	0.00462
3	0.01435	0.81458	0.02813	0.00918	0.01378	0.02124	0.00918	0.01607	0.01091	0.01263	0.00746	0.00861	0.00689	0.00459	0.00344	0.00115	0.00574	0.00287	0.00230	0.00689
4	0.01740	0.41193	0.02208	0.01078	0.01522	0.01893	0.00970	0.39070	0.01812	0.02331	0.01019	0.01076	0.00802	0.00552	0.00441	0.00138	0.00582	0.00386	0.00384	0.00802
5	0.02138	0.01292	0.16913	0.01072	0.01564	0.00882	0.01032	0.02430	0.01454	0.62623	0.01883	0.01686	0.01197	0.00633	0.00534	0.00167	0.00525	0.00511	0.00575	0.00889
6	0.01352	0.01257	0.01073	0.00966	0.01156	0.20967	0.00719	0.16470	0.01469	0.01784	0.10937	0.02731	0.04400	0.24950	0.01215	0.00272	0.00607	0.06705	0.00408	0.00562
7	0.01874	0.17728	0.01830	0.01162	0.01590	0.01737	0.00989	0.56333	0.06853	0.02881	0.01234	0.01246	0.00912	0.00612	0.00498	0.00153	0.00577	0.00451	0.00475	0.00863
8	0.01615	0.01018	0.01204	0.00938	0.01306	0.00970	0.00758	0.23995	0.01728	0.20217	0.18680	0.01990	0.01923	0.00693	0.00526	0.00145	0.00437	0.00568	0.00527	0.20763
9	0.01461	0.01734	0.24619	0.17280	0.02244	0.01405	0.01385	0.30048	0.10410	0.02337	0.01227	0.01354	0.00887	0.00592	0.00530	0.00170	0.00658	0.00470	0.00384	0.00805

[dist]
# distance from previous block
# <min> <max>
13	42

[block]
# block no. 1 follows, 45 sequences, length 74
# corresponding to MSA columns:
# 357-369,374-413,418-438
name=unknown_B
#
# <colnr> <probs for GDERKNQSTAVLIFYWHMCP>
#	G	D	E	R	K	N	Q	S	T	A	V	L	I	F	Y	W	H	M	C	P
0	0.17846	0.10480	0.08570	0.01047	0.01383	0.08257	0.00922	0.09728	0.11907	0.06415	0.01348	0.08765	0.01152	0.00708	0.00576	0.00169	0.06854	0.00521	0.02656	0.00694
1	0.18183	0.04646	0.01082	0.00854	0.01155	0.02710	0.00681	0.05669	0.07577	0.25186	0.08999	0.07611	0.05249	0.05348	0.00634	0.00187	0.00434	0.00624	0.00499	0.02674
2	0.01569	0.01371	0.05355	0.01098	0.01429	0.10020	0.00913	0.33714	0.08999	0.04906	0.14075	0.06927	0.03952	0.00813	0.00563	0.00168	0.00541	0.02336	0.00500	0.00749
3	0.01155	0.19896	0.61918	0.01397	0.02118	0.01438	0.01752	0.01680	0.01124	0.01605	0.00916	0.01074	0.00682	0.00499	0.00474	0.00158	0.00746	0.00373	0.00227	0.00771
4	0.00824	0.00703	0.00961	0.15878	0.01468	0.02788	0.03878	0.02900	0.01139	0.01457	0.02828	0.42496	0.15710	0.01292	0.00638	0.00200	0.00437	0.03468	0.00434	0.00501
5	0.13062	0.01587	0.23195	0.01127	0.01608	0.05505	0.01121	0.04979	0.08468	0.29163	0.01530	0.03953	0.01089	0.00629	0.00505	0.00169	0.00574	0.00489	0.00451	0.00796
6	0.01014	0.00954	0.01610	0.79845	0.03697	0.01193	0.01491	0.01371	0.01073	0.01371	0.00954	0.01431	0.00716	0.00537	0.00537	0.00179	0.00716	0.00477	0.00239	0.00596
7	0.00653	0.00472	0.00618	0.00736	0.00776	0.00437	0.00493	0.00749	0.01039	0.01375	0.03100	0.76476	0.07768	0.01663	0.00682	0.00216	0.00309	0.01504	0.00498	0.00437
8	0.01102	0.01044	0.01769	0.58452	0.24402	0.01216	0.01535	0.01449	0.01115	0.01478	0.00970	0.01402	0.00753	0.00520	0.00535	0.00173	0.00694	0.00477	0.00246	0.00667
9	0.04602	0.01538	0.01539	0.01216	0.01618	0.07734	0.00991	0.60737	0.09559	0.03079	0.01322	0.01319	0.00955	0.00641	0.00527	0.00161	0.00599	0.00478	0.00511	0.00873
10	0.00670	0.00514	0.00619	0.00694	0.00795	0.00463	0.00504	0.00797	0.01128	0.01428	0.03926	0.42502	0.32764	0.01532	0.00671	0.00207	0.00316	0.09521	0.00498	0.00449
11	0.01077	0.02777	0.78354	0.01530	0.02323	0.01247	0.01983	0.01700	0.01133	0.01700	0.00963	0.01133	0.00680	0.00510	0.00510	0.00170	0.00793	0.00397	0.00227	0.00793
12	0.01213	0.32813	0.49516	0.01297	0.01962	0.01582	0.01577	0.01665	0.01117	0.01533	0.00880	0.01029	0.00683	0.00491	0.00447	0.00149	0.00710	0.00355	0.00228	0.00753
13	0.01077	0.02777	0.78354	0.01530	0.02323	0.01247	0.01983	0.01700	0.01133	0.01700	0.00963	0.01133	0.00680	0.00510	0.00510	0.00170	0.00793	0.00397	0.00227	0.00793
14	0.01241	0.01370	0.02733	0.02019	0.02407	0.01439	0.54531	0.01597	0.01140	0.01597	0.00977	0.01370	0.00783	0.00591	0.00955	0.00196	0.23520	0.00587	0.00261	0.00685
15	0.01077	0.02777	0.78354	0.01530	0.02323	0.01247	0.01983	0.01700	0.01133	0.01700	0.00963	0.01133	0.00680	0.00510	0.00510	0.00170	0.00793	0.00397	0.00227	0.00793
16	0.00798	0.00535	0.00687	0.00737	0.00827	0.00497	0.00530	0.00937	0.01158	0.05566	0.15525	0.40000	0.11357	0.08978	0.00863	0.00235	0.00345	0.09449	0.00506	0.00471
17	0.00654	0.00467	0.00623	0.00747	0.00779	0.00436	0.00498	0.00747	0.01028	0.01370	0.02959	0.80785	0.03550	0.01682	0.00685	0.00218	0.00311	0.01526	0.00498	0.00436
18	0.01536	0.01253	0.01327	0.01133	0.01473	0.01429	0.00898	0.23726	0.55616	0.02570	0.01929	0.01799	0.01431	0.00704	0.00544	0.00176	0.00472	0.00572	0.00544	0.00868
19	0.01911	0.01439	0.01538	0.01209	0.01615	0.01604	0.00989	0.62519	0.16214	0.03173	0.01454	0.01420	0.01047	0.00660	0.00539	0.00165	0.00560	0.00506	0.00539	0.00901
20	0.02030	0.01805	0.01585	0.01277	0.01663	0.23728	0.01025	0.54921	0.02238	0.02792	0.01158	0.01197	0.00850	0.00618	0.00522	0.00155	0.00698	0.00444	0.00463	0.00830
21	0.00654	0.00467	0.00623	0.00747	0.00779	0.00436	0.00498	0.00747	0.01028	0.01370	0.02959	0.80785	0.03550	0.01682	0.00685	0.00218	0.00311	0.01526	0.00498	0.00436
22	0.00704	0.00529	0.00664	0.00753	0.00851	0.00489	0.00569	0.00850	0.01138	0.01455	0.03636	0.39606	0.24552	0.01538	0.00685	0.00215	0.00348	0.20467	0.00497	0.00456
23	0.02408	0.00914	0.01246	0.00955	0.01370	0.00789	0.00789	0.02616	0.01536	0.78158	0.02118	0.01827	0.01329	0.00664	0.00540	0.00166	0.00457	0.00540	0.00664	0.00914
24	0.00654	0.00467	0.00623	0.00747	0.00779	0.00436	0.00498	0.00747	0.01028	0.01370	0.02959	0.80785	0.03550	0.01682	0.00685	0.00218	0.00311	0.01526	0.00498	0.00436
25	0.01335	0.01153	0.01214	0.01092	0.01396	0.01335	0.00850	0.02852	0.76817	0.02245	0.02185	0.02003	0.01639	0.00728	0.00546	0.00182	0.00425	0.00607	0.00546	0.00850
26	0.02041	0.01504	0.01611	0.01235	0.01665	0.01665	0.01020	0.75997	0.02524	0.03383	0.01289	0.01289	0.00913	0.00644	0.00537	0.00161	0.00591	0.00483	0.00537	0.00913
27	0.01184	0.01204	0.01810	0.01502	0.01561	0.01613	0.09282	0.01338	0.00870	0.01338	0.00746	0.01204	0.00717	0.00887	0.01639	0.00229	0.71547	0.00488	0.00239	0.00602
28	0.00781	0.00520	0.00585	0.00585	0.00585	0.00520	0.00325	0.00781	0.00781	0.01041	0.01691	0.03513	0.01952	0.81135	0.02732	0.00520	0.00520	0.00781	0.00325	0.00325
29	0.02408	0.00914	0.01246	0.00955	0.01370	0.00789	0.00789	0.02616	0.01536	0.78158	0.02118	0.01827	0.01329	0.00664	0.00540	0.00166	0.00457	0.00540	0.00664	0.00914
30	0.01206	0.01268	0.02166	0.01701	0.01887	0.01546	0.26735	0.01438	0.00974	0.01438	0.00835	0.01268	0.00742	0.00773	0.01375	0.00216	0.53022	0.00526	0.00247	0.00634
31	0.00760	0.00549	0.00718	0.00675	0.00802	0.00506	0.00506	0.01013	0.01519	0.02153	0.77503	0.04010	0.05065	0.01097	0.00633	0.00169	0.00253	0.00971	0.00591	0.00506
32	0.01267	0.01448	0.03167	0.02262	0.02805	0.01357	0.75837	0.01719	0.01267	0.01719	0.01086	0.01448	0.00814	0.00452	0.00633	0.00181	0.00905	0.00633	0.00271	0.00724
33	0.00661	0.00470	0.00621	0.00738	0.00768	0.00441	0.00488	0.00749	0.01014	0.01352	0.02886	0.76382	0.03459	0.06209	0.00802	0.00235	0.00323	0.01484	0.00488	0.00430
34	0.01014	0.00954	0.01610	0.79845	0.03697	0.01193	0.01491	0.01371	0.01073	0.01371	0.00954	0.01431	0.00716	0.00537	0.00537	0.00179	0.00716	0.00477	0.00239	0.00596
35	0.00724	0.00521	0.00685	0.00700	0.00794	0.00482	0.00504	0.00922	0.01351	0.01885	0.51983	0.30294	0.04546	0.01297	0.00651	0.00186	0.00273	0.01161	0.00559	0.00482
36	0.01032	0.00990	0.01724	0.74184	0.03632	0.01205	0.06916	0.01397	0.01087	0.01397	0.00964	0.01432	0.00723	0.00531	0.00544	0.00179	0.00729	0.00488	0.00241	0.00606
37	0.01267	0.01448	0.03167	0.02262	0.02805	0.01357	0.75837	0.01719	0.01267	0.01719	0.01086	0.01448	0.00814	0.00452	0.00633	0.00181	0.00905	0.00633	0.00271	0.00724
38	0.00634	0.00544	0.00544	0.00544	0.00725	0.00453	0.00408	0.00770	0.01224	0.01450	0.05438	0.05166	0.77569	0.01359	0.00634	0.00181	0.00272	0.01133	0.00498	0.00453
39	0.00760	0.00549	0.00718	0.00675	0.00802	0.00506	0.00506	0.01013	0.01519	0.02153	0.77503	0.04010	0.05065	0.01097	0.00633	0.00169	0.00253	0.00971	0.00591	0.00506
40	0.01091	0.02691	0.74014	0.01631	0.06623	0.01248	0.01964	0.01697	0.01138	0.01703	0.00966	0.01144	0.00690	0.00508	0.00511	0.00169	0.00784	0.00401	0.00229	0.00797
41	0.02398	0.00930	0.01256	0.00963	0.01378	0.00813	0.00795	0.04627	0.01563	0.76109	0.02095	0.01812	0.01317	0.00664	0.00540	0.00166	0.00460	0.00538	0.00661	0.00914
42	0.01187	0.00952	0.01121	0.00804	0.01278	0.00720	0.00645	0.01424	0.01137	0.06103	0.01020	0.01154	0.00825	0.00413	0.00406	0.00084	0.00401	0.00331	0.00338	0.79659
43	0.01699	0.01086	0.01268	0.00975	0.01399	0.01024	0.00790	0.17352	0.12767	0.23449	0.01530	0.01480	0.01093	0.00572	0.00488	0.00136	0.00458	0.00457	0.00494	0.31484
44	0.02747	0.15659	0.29592	0.01561	0.02083	0.03931	0.20942	0.01630	0.01136	0.01585	0.02677	0.01231	0.00820	0.00559	0.00683	0.00171	0.11569	0.00459	0.00252	0.00713
45	0.01077	0.02777	0.78354	0.01530	0.02323	0.01247	0.01983	0.01700	0.01133	0.01700	0.00963	0.01133	0.00680	0.00510	0.00510	0.00170	0.00793	0.00397	0.00227	0.00793
46	0.01014	0.00954	0.01610	0.79845	0.03697	0.01193	0.01491	0.01371	0.01073	0.01371	0.00954	0.01431	0.00716	0.00537	0.00537	0.00179	0.00716	0.00477	0.00239	0.00596
47	0.01435	0.81458	0.02813	0.00918	0.01378	0.02124	0.00918	0.01607	0.01091	0.01263	0.00746	0.00861	0.00689	0.00459	0.00344	0.00115	0.00574	0.00287	0.00230	0.00689
48	0.06795	0.01422	0.02503	0.01858	0.02323	0.05450	0.50168	0.06267	0.12114	0.01914	0.01259	0.01559	0.00968	0.00535	0.00590	0.00178	0.00780	0.02247	0.00336	0.00733
49	0.00654	0.00467	0.00623	0.00747	0.00779	0.00436	0.00498	0.00747	0.01028	0.01370	0.02959	0.80785	0.03550	0.01682	0.00685	0.00218	0.00311	0.01526	0.00498	0.00436
50	0.00654	0.00467	0.00623	0.00747	0.00779	0.00436	0.00498	0.00747	0.01028	0.01370	0.02959	0.80785	0.03550	0.01682	0.00685	0.00218	0.00311	0.01526	0.00498	0.00436
51	0.01204	0.01148	0.01954	0.33562	0.48493	0.01243	0.01585	0.01538	0.01163	0.01603	0.00988	0.01369	0.00797	0.00501	0.00533	0.00167	0.00668	0.00478	0.00255	0.00750
52	0.01630	0.54447	0.02371	0.01077	0.01474	0.28436	0.00959	0.01791	0.01238	0.01280	0.00775	0.00898	0.00690	0.00491	0.00392	0.00123	0.00709	0.00307	0.00246	0.00666
53	0.00654	0.00467	0.00623	0.00747	0.00779	0.00436	0.00498	0.00747	0.01028	0.01370	0.02959	0.80785	0.03550	0.01682	0.00685	0.00218	0.00311	0.01526	0.00498	0.00436
54	0.01107	0.09453	0.71944	0.01478	0.02243	0.01321	0.01893	0.01692	0.01130	0.01663	0.00945	0.01110	0.00681	0.00506	0.00496	0.00165	0.00775	0.00387	0.00227	0.00784
55	0.01218	0.33886	0.48486	0.01288	0.01949	0.01594	0.01562	0.01663	0.01116	0.01527	0.00877	0.01026	0.00683	0.00490	0.00445	0.00148	0.00707	0.00353	0.00228	0.00752
56	0.00781	0.00520	0.00585	0.00585	0.00585	0.00520	0.00325	0.00781	0.00781	0.01041	0.01691	0.03513	0.01952	0.81135	0.02732	0.00520	0.00520	0.00781	0.00325	0.00325
57	0.02408	0.00914	0.01246	0.00955	0.01370	0.00789	0.00789	0.02616	0.01536	0.78158	0.02118	0.01827	0.01329	0.00664	0.00540	0.00166	0.00457	0.00540	0.00664	0.00914
58	0.00781	0.00520	0.00585	0.00585	0.00585	0.00520	0.00325	0.00781	0.00781	0.01041	0.01691	0.03513	0.01952	0.81135	0.02732	0.00520	0.00520	0.00781	0.00325	0.00325
59	0.01025	0.01038	0.02031	0.22283	0.02462	0.01051	0.34738	0.01350	0.01148	0.01528	0.01586	0.24084	0.01569	0.00825	0.00623	0.00191	0.00686	0.00847	0.00328	0.00608
60	0.84927	0.01038	0.00789	0.00706	0.01038	0.01204	0.00581	0.01578	0.00914	0.02408	0.00747	0.00872	0.00581	0.00498	0.00332	0.00166	0.00415	0.00291	0.00332	0.00581
61	0.00634	0.00544	0.00544	0.00544	0.00725	0.00453	0.00408	0.00770	0.01224	0.01450	0.05438	0.05166	0.77569	0.01359	0.00634	0.00181	0.00272	0.01133	0.00498	0.00453
62	0.01113	0.00954	0.01113	0.00795	0.01272	0.00716	0.00636	0.01352	0.01113	0.01749	0.00954	0.01113	0.00795	0.00398	0.00398	0.00080	0.00398	0.00318	0.00318	0.84417
63	0.01107	0.09396	0.71999	0.01479	0.02244	0.01320	0.01894	0.01692	0.01130	0.01663	0.00945	0.01110	0.00681	0.00506	0.00496	0.00165	0.00775	0.00387	0.00227	0.00785
64	0.01449	0.00758	0.00952	0.00781	0.01091	0.00639	0.00619	0.01646	0.01363	0.32539	0.13552	0.06972	0.19618	0.00897	0.00559	0.00158	0.00367	0.00754	0.00548	0.14736
65	0.05232	0.01105	0.01752	0.01331	0.01713	0.02877	0.26405	0.08654	0.03215	0.12925	0.14024	0.02274	0.10197	0.00715	0.00579	0.00168	0.00576	0.00676	0.00442	0.05140
66	0.01327	0.01286	0.06660	0.03487	0.02207	0.01141	0.43545	0.05801	0.01368	0.10687	0.09907	0.07114	0.01531	0.00648	0.00611	0.00179	0.00712	0.00695	0.00380	0.00714
67	0.05487	0.05629	0.01366	0.01037	0.01413	0.19146	0.02465	0.10316	0.04488	0.13115	0.01468	0.03238	0.05318	0.00607	0.00480	0.00136	0.00574	0.00465	0.00403	0.22847
68	0.04997	0.04735	0.05957	0.01566	0.19335	0.04624	0.05734	0.05564	0.04740	0.06805	0.01526	0.01637	0.08115	0.00577	0.00495	0.00142	0.00546	0.00492	0.00354	0.22058
69	0.07970	0.01425	0.18076	0.01154	0.03225	0.06368	0.04371	0.05151	0.12502	0.07050	0.21074	0.05707	0.02142	0.00763	0.00548	0.00171	0.00529	0.00642	0.00438	0.00694
70	0.08187	0.03047	0.04717	0.03747	0.28459	0.04475	0.02931	0.12474	0.10958	0.05488	0.06270	0.01535	0.01214	0.00586	0.00516	0.00161	0.00571	0.00500	0.00384	0.03779
71	0.12840	0.08567	0.03555	0.01546	0.07241	0.03016	0.22257	0.07459	0.04427	0.14721	0.01195	0.01341	0.00887	0.00571	0.00631	0.00171	0.07965	0.00491	0.00369	0.00748
72	0.03477	0.05075	0.02907	0.02944	0.04772	0.31978	0.00974	0.15047	0.08712	0.01892	0.01177	0.01268	0.02662	0.00570	0.00483	0.00140	0.00689	0.00415	0.00357	0.14463
73	0.01219	0.12239	0.08686	0.01155	0.08496	0.09014	0.00906	0.04426	0.09691	0.04678	0.02465	0.04319	0.22894	0.03366	0.00599	0.00171	0.00519	0.00662	0.00392	0.04103

[dist]
# distance from previous block
# <min> <max>
0	29

[block]
# block no. 2 follows, 45 sequences, length 28
# corresponding to MSA columns:
# 468-495
name=unknown_C
#
# <colnr> <probs for GDERKNQSTAVLIFYWHMCP>
#	G	D	E	R	K	N	Q	S	T	A	V	L	I	F	Y	W	H	M	C	P
0	0.01475	0.01371	0.07810	0.04434	0.14659	0.12860	0.04389	0.03109	0.03261	0.14748	0.06180	0.04134	0.03593	0.00760	0.00744	0.05103	0.07838	0.00551	0.00376	0.02606
1	0.01071	0.08442	0.14328	0.03470	0.01452	0.00905	0.07624	0.01371	0.03169	0.08891	0.10541	0.30296	0.02319	0.01009	0.00585	0.00181	0.00495	0.00901	0.00423	0.02529
2	0.03820	0.01115	0.03766	0.31655	0.02296	0.03179	0.01144	0.03527	0.14328	0.09405	0.01294	0.03072	0.01000	0.00647	0.00676	0.00176	0.10604	0.00502	0.00357	0.07438
3	0.12012	0.01713	0.22597	0.01406	0.03824	0.08036	0.15944	0.03438	0.01224	0.05370	0.02560	0.01243	0.00847	0.00500	0.00492	0.00150	0.00669	0.00432	0.00307	0.17236
4	0.01379	0.05351	0.01743	0.19403	0.19990	0.05093	0.05363	0.05834	0.04684	0.07959	0.01127	0.01342	0.00869	0.00513	0.00501	0.00147	0.00609	0.00449	0.00329	0.17314
5	0.01403	0.32484	0.02872	0.01658	0.02144	0.09105	0.39696	0.01717	0.01223	0.01504	0.00930	0.01175	0.00754	0.00465	0.00507	0.00151	0.00783	0.00472	0.00256	0.00701
6	0.18768	0.01131	0.01547	0.01222	0.01502	0.01245	0.16750	0.17921	0.01305	0.02024	0.01145	0.01717	0.01027	0.18586	0.01168	0.00256	0.11168	0.00540	0.00350	0.00629
7	0.01202	0.01991	0.38219	0.01804	0.04377	0.01228	0.31706	0.01701	0.01204	0.05355	0.01173	0.05431	0.00919	0.00554	0.00571	0.00176	0.00793	0.00560	0.00281	0.00754
8	0.00653	0.00471	0.00619	0.00737	0.00776	0.00437	0.00494	0.00749	0.01038	0.01374	0.03087	0.76862	0.07390	0.01665	0.00683	0.00216	0.00309	0.01506	0.00498	0.00437
9	0.00634	0.00544	0.00544	0.00544	0.00725	0.00453	0.00408	0.00770	0.01224	0.01450	0.05438	0.05166	0.77569	0.01359	0.00634	0.00181	0.00272	0.01133	0.00498	0.00453
10	0.02987	0.10627	0.53493	0.01565	0.04458	0.01378	0.09015	0.01658	0.01117	0.01644	0.00930	0.01139	0.00699	0.00529	0.00593	0.00170	0.06591	0.00414	0.00235	0.00758
11	0.01250	0.01381	0.02796	0.02124	0.05813	0.01416	0.56501	0.01624	0.01169	0.01629	0.01001	0.01384	0.00792	0.00558	0.00872	0.00192	0.17943	0.00591	0.00263	0.00700
12	0.00654	0.00467	0.00623	0.00747	0.00779	0.00436	0.00498	0.00747	0.01028	0.01370	0.02959	0.80785	0.03550	0.01682	0.00685	0.00218	0.00311	0.01526	0.00498	0.00436
13	0.01329	0.01275	0.02179	0.03295	0.77787	0.01275	0.01647	0.01647	0.01222	0.01754	0.01010	0.01329	0.00850	0.00478	0.00531	0.00159	0.00638	0.00478	0.00266	0.00850
14	0.01936	0.01532	0.01597	0.01349	0.06090	0.07662	0.01038	0.61726	0.04122	0.03035	0.01310	0.03764	0.00992	0.00662	0.00537	0.00161	0.00610	0.00508	0.00500	0.00870
15	0.01267	0.01448	0.03167	0.02262	0.02805	0.01357	0.75837	0.01719	0.01267	0.01719	0.01086	0.01448	0.00814	0.00452	0.00633	0.00181	0.00905	0.00633	0.00271	0.00724
16	0.00654	0.00467	0.00623	0.00747	0.00779	0.00436	0.00498	0.00747	0.01028	0.01370	0.02959	0.80785	0.03550	0.01682	0.00685	0.00218	0.00311	0.01526	0.00498	0.00436
17	0.01213	0.01107	0.05623	0.01045	0.01341	0.01119	0.00881	0.09071	0.42060	0.02104	0.02547	0.03029	0.10995	0.00926	0.00591	0.00192	0.00456	0.14451	0.00511	0.00738
18	0.01182	0.25920	0.56134	0.01350	0.02045	0.01505	0.01670	0.01673	0.01121	0.01571	0.00899	0.01053	0.00683	0.00495	0.00461	0.00154	0.00729	0.00364	0.00228	0.00763
19	0.00654	0.00467	0.00623	0.00747	0.00779	0.00436	0.00498	0.00747	0.01028	0.01370	0.02959	0.80785	0.03550	0.01682	0.00685	0.00218	0.00311	0.01526	0.00498	0.00436
20	0.01077	0.02777	0.78354	0.01530	0.02323	0.01247	0.01983	0.01700	0.01133	0.01700	0.00963	0.01133	0.00680	0.00510	0.00510	0.00170	0.00793	0.00397	0.00227	0.00793
21	0.01225	0.01283	0.02522	0.20828	0.24151	0.01296	0.37412	0.01617	0.01209	0.01647	0.01033	0.01410	0.00801	0.00480	0.00582	0.00174	0.00785	0.00553	0.00262	0.00730
22	0.00688	0.00519	0.00654	0.00703	0.00787	0.00505	0.00497	0.00807	0.01017	0.01329	0.03145	0.33738	0.23009	0.10306	0.19331	0.00391	0.00587	0.01118	0.00431	0.00439
23	0.02408	0.00914	0.01246	0.00955	0.01370	0.00789	0.00789	0.02616	0.01536	0.78158	0.02118	0.01827	0.01329	0.00664	0.00540	0.00166	0.00457	0.00540	0.00664	0.00914
24	0.00768	0.00572	0.00846	0.00846	0.00937	0.00662	0.00651	0.00948	0.00858	0.01234	0.01453	0.02191	0.01378	0.08543	0.74539	0.00843	0.01384	0.00587	0.00290	0.00470
25	0.01121	0.12421	0.69095	0.01455	0.02207	0.01354	0.01853	0.01689	0.01128	0.01646	0.00937	0.01100	0.00681	0.00504	0.00490	0.00163	0.00766	0.00383	0.00227	0.00781
26	0.02163	0.01307	0.01489	0.01142	0.01566	0.01372	0.00943	0.51510	0.02194	0.28335	0.01565	0.01468	0.01052	0.00651	0.00538	0.00163	0.00546	0.00502	0.00579	0.00913
27	0.84927	0.01038	0.00789	0.00706	0.01038	0.01204	0.00581	0.01578	0.00914	0.02408	0.00747	0.00872	0.00581	0.00498	0.00332	0.00166	0.00415	0.00291	0.00332	0.00581

[dist]
# distance from previous block
# <min> <max>
2	3

[block]
# block no. 3 follows, 45 sequences, length 49
# corresponding to MSA columns:
# 499-547
name=unknown_D
#
# <colnr> <probs for GDERKNQSTAVLIFYWHMCP>
#	G	D	E	R	K	N	Q	S	T	A	V	L	I	F	Y	W	H	M	C	P
0	0.00704	0.00563	0.00631	0.00611	0.00774	0.00499	0.00459	0.00924	0.03444	0.01751	0.33915	0.04620	0.46715	0.01238	0.00631	0.00176	0.00269	0.01054	0.00536	0.00485
1	0.00654	0.00467	0.00623	0.00747	0.00779	0.00436	0.00498	0.00747	0.01028	0.01370	0.02959	0.80785	0.03550	0.01682	0.00685	0.00218	0.00311	0.01526	0.00498	0.00436
2	0.01113	0.00954	0.01113	0.00795	0.01272	0.00716	0.00636	0.01352	0.01113	0.01749	0.00954	0.01113	0.00795	0.00398	0.00398	0.00080	0.00398	0.00318	0.00318	0.84417
3	0.01262	0.01433	0.03087	0.02217	0.02731	0.01373	0.71882	0.01697	0.01243	0.01697	0.01066	0.01433	0.00809	0.00478	0.00693	0.00184	0.05103	0.00625	0.00270	0.00717
4	0.01405	0.01248	0.01663	0.01374	0.01538	0.01574	0.05334	0.16697	0.10153	0.03762	0.01054	0.01327	0.00879	0.00820	0.01276	0.00209	0.48143	0.00500	0.00346	0.00700
5	0.00717	0.00557	0.00659	0.00663	0.00815	0.00499	0.00517	0.00914	0.01334	0.01733	0.31451	0.04884	0.39037	0.01283	0.00651	0.00187	0.00301	0.12784	0.00532	0.00479
6	0.00671	0.00490	0.00636	0.00747	0.00804	0.00455	0.00522	0.00784	0.01069	0.01401	0.03227	0.65316	0.11845	0.01627	0.00685	0.00217	0.00324	0.08238	0.00498	0.00443
7	0.00659	0.00471	0.00627	0.00744	0.00780	0.00439	0.00499	0.00760	0.01051	0.01408	0.06513	0.77124	0.03623	0.01654	0.00683	0.00216	0.00309	0.01500	0.00503	0.00439
8	0.01077	0.02777	0.78354	0.01530	0.02323	0.01247	0.01983	0.01700	0.01133	0.01700	0.00963	0.01133	0.00680	0.00510	0.00510	0.00170	0.00793	0.00397	0.00227	0.00793
9	0.01329	0.01275	0.02179	0.03295	0.77787	0.01275	0.01647	0.01647	0.01222	0.01754	0.01010	0.01329	0.00850	0.00478	0.00531	0.00159	0.00638	0.00478	0.00266	0.00850
10	0.01267	0.01448	0.03167	0.02262	0.02805	0.01357	0.75837	0.01719	0.01267	0.01719	0.01086	0.01448	0.00814	0.00452	0.00633	0.00181	0.00905	0.00633	0.00271	0.00724
11	0.01329	0.01275	0.02179	0.03295	0.77787	0.01275	0.01647	0.01647	0.01222	0.01754	0.01010	0.01329	0.00850	0.00478	0.00531	0.00159	0.00638	0.00478	0.00266	0.00850
12	0.00737	0.00537	0.00623	0.00608	0.00699	0.00499	0.00412	0.00863	0.01161	0.01549	0.30371	0.04104	0.21807	0.32091	0.01445	0.00308	0.00361	0.00937	0.00465	0.00423
13	0.00634	0.00544	0.00544	0.00544	0.00725	0.00453	0.00408	0.00770	0.01224	0.01450	0.05438	0.05166	0.77569	0.01359	0.00634	0.00181	0.00272	0.01133	0.00498	0.00453
14	0.00642	0.00514	0.00574	0.00622	0.00746	0.00447	0.00443	0.00762	0.01148	0.01419	0.04480	0.34387	0.48966	0.01484	0.00654	0.00195	0.00287	0.01285	0.00498	0.00447
15	0.01347	0.62194	0.21308	0.01068	0.01609	0.01909	0.01179	0.01630	0.01101	0.01370	0.00799	0.00928	0.00687	0.00472	0.00385	0.00128	0.00628	0.00314	0.00229	0.00714
16	0.01077	0.02777	0.78354	0.01530	0.02323	0.01247	0.01983	0.01700	0.01133	0.01700	0.00963	0.01133	0.00680	0.00510	0.00510	0.00170	0.00793	0.00397	0.00227	0.00793
17	0.00654	0.00493	0.00598	0.00679	0.00753	0.00445	0.00463	0.00756	0.01074	0.01378	0.03636	0.54580	0.25517	0.05374	0.00768	0.00221	0.00310	0.01373	0.00490	0.00436
18	0.01192	0.01136	0.01932	0.36526	0.45623	0.01239	0.01579	0.01528	0.01158	0.01588	0.00986	0.01373	0.00792	0.00504	0.00534	0.00168	0.00672	0.00478	0.00254	0.00740
19	0.01726	0.01523	0.01851	0.01849	0.20378	0.13544	0.09576	0.24274	0.07612	0.08410	0.01249	0.01363	0.00937	0.00583	0.00570	0.00163	0.02680	0.00491	0.00403	0.00818
20	0.01329	0.01275	0.02179	0.03295	0.77787	0.01275	0.01647	0.01647	0.01222	0.01754	0.01010	0.01329	0.00850	0.00478	0.00531	0.00159	0.00638	0.00478	0.00266	0.00850
21	0.00647	0.00494	0.00596	0.00677	0.00760	0.00442	0.00467	0.00755	0.01095	0.01398	0.03815	0.54659	0.29123	0.01570	0.00668	0.00205	0.00298	0.01390	0.00498	0.00442
22	0.02005	0.02558	0.01521	0.01383	0.01659	0.78980	0.01037	0.02143	0.01521	0.01314	0.00830	0.00968	0.00691	0.00553	0.00484	0.00138	0.00968	0.00346	0.00277	0.00622
23	0.00675	0.00476	0.00617	0.00721	0.00747	0.00450	0.00470	0.00753	0.00987	0.01316	0.02750	0.68076	0.03287	0.14749	0.01022	0.00268	0.00346	0.01403	0.00470	0.00418
24	0.01532	0.01803	0.02436	0.02128	0.14742	0.28162	0.37793	0.01854	0.01347	0.01585	0.00985	0.01263	0.00778	0.00492	0.00565	0.00163	0.00883	0.00509	0.00272	0.00710
25	0.00721	0.00518	0.00682	0.00702	0.00793	0.00480	0.00503	0.00915	0.01337	0.01863	0.49892	0.32448	0.04504	0.01314	0.00652	0.00187	0.00275	0.01176	0.00557	0.00480
26	0.01466	0.27557	0.31619	0.01293	0.01827	0.24673	0.01365	0.01803	0.01235	0.01447	0.00855	0.00998	0.00686	0.00507	0.00450	0.00143	0.00776	0.00347	0.00242	0.00709
27	0.01150	0.02263	0.49300	0.01813	0.02510	0.01289	0.30522	0.01707	0.01185	0.01707	0.01011	0.01255	0.00732	0.00488	0.00558	0.00174	0.00836	0.00488	0.00244	0.00767
28	0.00976	0.00915	0.01408	0.09370	0.01547	0.01129	0.07731	0.01148	0.00953	0.01358	0.01499	0.25014	0.01618	0.01338	0.07805	0.00273	0.34242	0.00809	0.00322	0.00546
29	0.01349	0.39006	0.19228	0.01604	0.14313	0.05378	0.09021	0.01671	0.01160	0.01489	0.00876	0.01063	0.00727	0.00477	0.00448	0.00142	0.00686	0.00381	0.00241	0.00739
30	0.00654	0.00467	0.00623	0.00747	0.00779	0.00436	0.00498	0.00747	0.01028	0.01370	0.02959	0.80785	0.03550	0.01682	0.00685	0.00218	0.00311	0.01526	0.00498	0.00436
31	0.01113	0.00954	0.01113	0.00795	0.01272	0.00716	0.00636	0.01352	0.01113	0.01749	0.00954	0.01113	0.00795	0.00398	0.00398	0.00080	0.00398	0.00318	0.00318	0.84417
32	0.03633	0.01647	0.22526	0.01543	0.02072	0.01228	0.23494	0.08119	0.04527	0.19961	0.01333	0.01436	0.00932	0.00570	0.00613	0.00175	0.04489	0.00518	0.00386	0.00798
33	0.00654	0.00467	0.00623	0.00747	0.00779	0.00436	0.00498	0.00747	0.01028	0.01370	0.02959	0.80785	0.03550	0.01682	0.00685	0.00218	0.00311	0.01526	0.00498	0.00436
34	0.01700	0.01335	0.01419	0.01166	0.01535	0.01506	0.00938	0.40728	0.38347	0.02835	0.01721	0.01633	0.01263	0.00685	0.00541	0.00171	0.00511	0.00543	0.00541	0.00882
35	0.01714	0.01204	0.01328	0.01089	0.01457	0.01302	0.00874	0.26628	0.34628	0.15060	0.01903	0.01777	0.03202	0.00690	0.00537	0.00168	0.00479	0.00555	0.00551	0.04856
36	0.01101	0.08055	0.73286	0.01489	0.02260	0.01305	0.01912	0.01694	0.01130	0.01671	0.00949	0.01115	0.00681	0.00507	0.00499	0.00166	0.00779	0.00389	0.00227	0.00786
37	0.01270	0.29472	0.24608	0.01588	0.02174	0.01591	0.28772	0.01675	0.01168	0.01556	0.00933	0.01155	0.00733	0.00471	0.00498	0.00155	0.00759	0.00446	0.00244	0.00732
38	0.00654	0.00467	0.00623	0.00747	0.00779	0.00436	0.00498	0.00747	0.01028	0.01370	0.02959	0.80785	0.03550	0.01682	0.00685	0.00218	0.00311	0.01526	0.00498	0.00436
39	0.01098	0.01040	0.01763	0.59323	0.23559	0.01215	0.01533	0.01445	0.01113	0.01474	0.00969	0.01404	0.00752	0.00521	0.00535	0.00174	0.00695	0.00477	0.00246	0.00664
40	0.01442	0.01486	0.01963	0.01566	0.01805	0.13656	0.19390	0.11828	0.01283	0.01707	0.00926	0.01247	0.00776	0.00711	0.01080	0.00193	0.35256	0.00493	0.02523	0.00669
41	0.01249	0.01394	0.02868	0.02095	0.02531	0.01414	0.61177	0.01635	0.01180	0.01635	0.01011	0.01394	0.00793	0.00548	0.00855	0.00192	0.16466	0.00601	0.00264	0.00697
42	0.00760	0.00549	0.00718	0.00675	0.00802	0.00506	0.00506	0.01013	0.01519	0.02153	0.77503	0.04010	0.05065	0.01097	0.00633	0.00169	0.00253	0.00971	0.00591	0.00506
43	0.01435	0.81458	0.02813	0.00918	0.01378	0.02124	0.00918	0.01607	0.01091	0.01263	0.00746	0.00861	0.00689	0.00459	0.00344	0.00115	0.00574	0.00287	0.00230	0.00689
44	0.01890	0.01987	0.01490	0.01285	0.01612	0.41834	0.00997	0.23880	0.15905	0.02093	0.01218	0.01255	0.00933	0.00613	0.00511	0.00153	0.00756	0.00435	0.00403	0.00750
45	0.02408	0.00914	0.01246	0.00955	0.01370	0.00789	0.00789	0.02616	0.01536	0.78158	0.02118	0.01827	0.01329	0.00664	0.00540	0.00166	0.00457	0.00540	0.00664	0.00914
46	0.00641	0.00517	0.00571	0.00614	0.00744	0.00447	0.00439	0.00762	0.01156	0.01423	0.04581	0.31292	0.51996	0.01471	0.00652	0.00194	0.00286	0.01269	0.00498	0.00447
47	0.60063	0.24988	0.01392	0.00769	0.01139	0.01478	0.00682	0.01587	0.00966	0.02067	0.00747	0.00869	0.00613	0.00487	0.00336	0.00151	0.00463	0.00290	0.00302	0.00613
48	0.01077	0.02777	0.78354	0.01530	0.02323	0.01247	0.01983	0.01700	0.01133	0.01700	0.00963	0.01133	0.00680	0.00510	0.00510	0.00170	0.00793	0.00397	0.00227	0.00793

[dist]
# distance from previous block
# <min> <max>
0	1

[block]
# block no. 4 follows, 45 sequences, length 35
# corresponding to MSA columns:
# 549-583
name=unknown_E
#
# <colnr> <probs for GDERKNQSTAVLIFYWHMCP>
#	G	D	E	R	K	N	Q	S	T	A	V	L	I	F	Y	W	H	M	C	P
0	0.00741	0.00504	0.00597	0.00636	0.00645	0.00494	0.00379	0.00770	0.00857	0.01143	0.02085	0.27507	0.02448	0.56464	0.02097	0.00427	0.00456	0.01012	0.00379	0.00360
1	0.00760	0.00549	0.00718	0.00675	0.00802	0.00506	0.00506	0.01013	0.01519	0.02153	0.77503	0.04010	0.05065	0.01097	0.00633	0.00169	0.00253	0.00971	0.00591	0.00506
2	0.51643	0.01552	0.01091	0.00964	0.01288	0.25396	0.00763	0.08520	0.01249	0.02157	0.00822	0.00940	0.00646	0.00529	0.00398	0.00157	0.00603	0.00325	0.00334	0.00624
3	0.01113	0.00954	0.01113	0.00795	0.01272	0.00716	0.00636	0.01352	0.01113	0.01749	0.00954	0.01113	0.00795	0.00398	0.00398	0.00080	0.00398	0.00318	0.00318	0.84417
4	0.00654	0.00467	0.00623	0.00747	0.00779	0.00436	0.00498	0.00747	0.01028	0.01370	0.02959	0.80785	0.03550	0.01682	0.00685	0.00218	0.00311	0.01526	0.00498	0.00436
5	0.01295	0.01241	0.02118	0.11539	0.69808	0.01266	0.01631	0.01618	0.01206	0.01713	0.01004	0.01340	0.00836	0.00485	0.00532	0.00162	0.00646	0.00478	0.00263	0.00823
6	0.00883	0.00644	0.00917	0.01081	0.04172	0.00644	0.00896	0.01134	0.01235	0.01612	0.02769	0.05866	0.03000	0.01443	0.00733	0.00244	0.00500	0.71233	0.00485	0.00508
7	0.01329	0.01275	0.02179	0.03295	0.77787	0.01275	0.01647	0.01647	0.01222	0.01754	0.01010	0.01329	0.00850	0.00478	0.00531	0.00159	0.00638	0.00478	0.00266	0.00850
8	0.01109	0.09930	0.71486	0.01474	0.02237	0.01326	0.01886	0.01692	0.01129	0.01660	0.00944	0.01109	0.00681	0.00505	0.00495	0.00165	0.00773	0.00387	0.00227	0.00784
9	0.01267	0.01448	0.03167	0.02262	0.02805	0.01357	0.75837	0.01719	0.01267	0.01719	0.01086	0.01448	0.00814	0.00452	0.00633	0.00181	0.00905	0.00633	0.00271	0.00724
10	0.00654	0.00467	0.00623	0.00747	0.00779	0.00436	0.00498	0.00747	0.01028	0.01370	0.02959	0.80785	0.03550	0.01682	0.00685	0.00218	0.00311	0.01526	0.00498	0.00436
11	0.00760	0.00549	0.00718	0.00675	0.00802	0.00506	0.00506	0.01013	0.01519	0.02153	0.77503	0.04010	0.05065	0.01097	0.00633	0.00169	0.00253	0.00971	0.00591	0.00506
12	0.02122	0.01011	0.01262	0.01007	0.01396	0.00980	0.00819	0.07506	0.20019	0.54661	0.02080	0.01835	0.01377	0.00679	0.00541	0.00170	0.00458	0.00552	0.00627	0.00898
13	0.01267	0.01448	0.03167	0.02262	0.02805	0.01357	0.75837	0.01719	0.01267	0.01719	0.01086	0.01448	0.00814	0.00452	0.00633	0.00181	0.00905	0.00633	0.00271	0.00724
14	0.00654	0.00467	0.00623	0.00747	0.00779	0.00436	0.00498	0.00747	0.01028	0.01370	0.02959	0.80785	0.03550	0.01682	0.00685	0.00218	0.00311	0.01526	0.00498	0.00436
15	0.01329	0.01275	0.02179	0.03295	0.77787	0.01275	0.01647	0.01647	0.01222	0.01754	0.01010	0.01329	0.00850	0.00478	0.00531	0.00159	0.00638	0.00478	0.00266	0.00850
16	0.01335	0.01153	0.01214	0.01092	0.01396	0.01335	0.00850	0.02852	0.76817	0.02245	0.02185	0.02003	0.01639	0.00728	0.00546	0.00182	0.00425	0.00607	0.00546	0.00850
17	0.01267	0.01448	0.03167	0.02262	0.02805	0.01357	0.75837	0.01719	0.01267	0.01719	0.01086	0.01448	0.00814	0.00452	0.00633	0.00181	0.00905	0.00633	0.00271	0.00724
18	0.00634	0.00544	0.00544	0.00544	0.00725	0.00453	0.00408	0.00770	0.01224	0.01450	0.05438	0.05166	0.77569	0.01359	0.00634	0.00181	0.00272	0.01133	0.00498	0.00453
19	0.01314	0.01245	0.01820	0.01456	0.01834	0.01342	0.24134	0.02501	0.53358	0.02082	0.01844	0.01830	0.01383	0.00643	0.00573	0.00182	0.00574	0.00615	0.00461	0.00811
20	0.01435	0.81458	0.02813	0.00918	0.01378	0.02124	0.00918	0.01607	0.01091	0.01263	0.00746	0.00861	0.00689	0.00459	0.00344	0.00115	0.00574	0.00287	0.00230	0.00689
21	0.00654	0.00467	0.00623	0.00747	0.00779	0.00436	0.00498	0.00747	0.01028	0.01370	0.02959	0.80785	0.03550	0.01682	0.00685	0.00218	0.00311	0.01526	0.00498	0.00436
22	0.01077	0.02777	0.78354	0.01530	0.02323	0.01247	0.01983	0.01700	0.01133	0.01700	0.00963	0.01133	0.00680	0.00510	0.00510	0.00170	0.00793	0.00397	0.00227	0.00793
23	0.01014	0.00954	0.01610	0.79845	0.03697	0.01193	0.01491	0.01371	0.01073	0.01371	0.00954	0.01431	0.00716	0.00537	0.00537	0.00179	0.00716	0.00477	0.00239	0.00596
24	0.00781	0.00520	0.00585	0.00585	0.00585	0.00520	0.00325	0.00781	0.00781	0.01041	0.01691	0.03513	0.01952	0.81135	0.02732	0.00520	0.00520	0.00781	0.00325	0.00325
25	0.00634	0.00544	0.00544	0.00544	0.00725	0.00453	0.00408	0.00770	0.01224	0.01450	0.05438	0.05166	0.77569	0.01359	0.00634	0.00181	0.00272	0.01133	0.00498	0.00453
26	0.13273	0.01204	0.08260	0.01023	0.01464	0.01041	0.00911	0.15353	0.01591	0.47858	0.01683	0.01541	0.01096	0.00625	0.00509	0.00166	0.00505	0.00483	0.00558	0.00858
27	0.00781	0.00520	0.00585	0.00585	0.00585	0.00520	0.00325	0.00781	0.00781	0.01041	0.01691	0.03513	0.01952	0.81135	0.02732	0.00520	0.00520	0.00781	0.00325	0.00325
28	0.00652	0.00474	0.00616	0.00729	0.00774	0.00438	0.00490	0.00750	0.01046	0.01378	0.03184	0.73910	0.10280	0.01652	0.00681	0.00215	0.00308	0.01490	0.00498	0.00438
29	0.01267	0.01448	0.03167	0.02262	0.02805	0.01357	0.75837	0.01719	0.01267	0.01719	0.01086	0.01448	0.00814	0.00452	0.00633	0.00181	0.00905	0.00633	0.00271	0.00724
30	0.01196	0.00890	0.00815	0.00764	0.00959	0.07895	0.00583	0.01829	0.24665	0.02015	0.01802	0.01908	0.01395	0.00651	0.00438	0.00144	0.00370	0.00519	0.50543	0.00620
31	0.01701	0.49636	0.02269	0.01066	0.01465	0.25867	0.00944	0.01866	0.01265	0.08270	0.00897	0.00982	0.00748	0.00507	0.00406	0.00127	0.00686	0.00328	0.00284	0.00689
32	0.01535	0.08881	0.25309	0.01166	0.01661	0.01215	0.01184	0.02275	0.24701	0.22104	0.03436	0.01630	0.01253	0.00628	0.00517	0.00168	0.00557	0.00503	0.00451	0.00826
33	0.01378	0.14842	0.15378	0.01725	0.25166	0.01195	0.01237	0.01694	0.01283	0.14453	0.13076	0.01799	0.03249	0.00627	0.00516	0.00157	0.00557	0.00533	0.00375	0.00761
34	0.12421	0.11779	0.27016	0.01197	0.01730	0.01246	0.05577	0.02019	0.08094	0.21892	0.01330	0.01345	0.00934	0.00559	0.00484	0.00163	0.00601	0.00440	0.00388	0.00785

[dist]
# distance from previous block
# <min> <max>
41	87

[block]
# block no. 5 follows, 45 sequences, length 35
# corresponding to MSA columns:
# 675-709
name=unknown_F
#
# <colnr> <probs for GDERKNQSTAVLIFYWHMCP>
#	G	D	E	R	K	N	Q	S	T	A	V	L	I	F	Y	W	H	M	C	P
0	0.01869	0.03305	0.04201	0.02486	0.01668	0.06477	0.07959	0.28298	0.03202	0.23651	0.03653	0.01531	0.01128	0.00740	0.03036	0.00186	0.03120	0.00512	0.00488	0.02491
1	0.03181	0.01420	0.02745	0.01213	0.01529	0.20224	0.07445	0.05769	0.03149	0.25030	0.05597	0.04919	0.02437	0.00712	0.00674	0.00168	0.09431	0.00551	0.00441	0.03367
2	0.07358	0.04307	0.02730	0.10777	0.01802	0.18426	0.03155	0.16311	0.11889	0.06334	0.01209	0.01301	0.00912	0.00570	0.00491	0.00151	0.00635	0.00435	0.00388	0.10819
3	0.02738	0.01207	0.01551	0.05359	0.19643	0.04391	0.03537	0.10269	0.22912	0.10674	0.02996	0.01755	0.01269	0.00634	0.00536	0.00165	0.00546	0.03004	0.00438	0.06374
4	0.26812	0.03267	0.18317	0.34983	0.02486	0.02690	0.01299	0.01527	0.01046	0.01759	0.00886	0.01172	0.00665	0.00518	0.00463	0.00171	0.00642	0.00395	0.00265	0.00638
5	0.19578	0.02393	0.61239	0.01348	0.02040	0.01237	0.01674	0.01673	0.01085	0.01856	0.00916	0.01076	0.00658	0.00507	0.00471	0.00169	0.00710	0.00373	0.00250	0.00747
6	0.01763	0.01393	0.01668	0.01665	0.18415	0.01522	0.01129	0.47065	0.14960	0.02829	0.01381	0.01420	0.01023	0.00622	0.00537	0.00164	0.00573	0.00503	0.00479	0.00888
7	0.00701	0.00487	0.00609	0.00687	0.00707	0.00467	0.00434	0.00760	0.00936	0.01247	0.02486	0.51954	0.02954	0.31327	0.01449	0.00331	0.00389	0.01248	0.00434	0.00395
8	0.01397	0.01541	0.01481	0.01336	0.01478	0.28225	0.03577	0.01562	0.01171	0.01383	0.01233	0.02189	0.01230	0.00909	0.01055	0.00202	0.32444	0.16695	0.00308	0.00583
9	0.01807	0.01801	0.18543	0.01308	0.01804	0.03387	0.01237	0.56114	0.02153	0.02914	0.01192	0.01244	0.00851	0.00620	0.00559	0.00164	0.02514	0.00461	0.00455	0.00872
10	0.01259	0.01205	0.02053	0.20185	0.61439	0.01257	0.01613	0.01587	0.01189	0.01669	0.00997	0.01351	0.00821	0.00491	0.00533	0.00164	0.00655	0.00478	0.00260	0.00794
11	0.02327	0.01044	0.01326	0.01017	0.01435	0.00982	0.00840	0.18807	0.01754	0.61659	0.01935	0.01708	0.01237	0.00660	0.00539	0.00165	0.00486	0.00527	0.00636	0.00913
12	0.01089	0.01067	0.01714	0.01396	0.01517	0.01293	0.17441	0.01255	0.00921	0.01337	0.01095	0.05247	0.01115	0.17625	0.01668	0.00282	0.42491	0.00618	0.00274	0.00556
13	0.58331	0.01187	0.01053	0.00876	0.01239	0.01352	0.00722	0.25457	0.01430	0.02721	0.00921	0.01006	0.00688	0.00545	0.00398	0.00164	0.00472	0.00352	0.00398	0.00688
14	0.00650	0.00484	0.00605	0.00702	0.00767	0.00440	0.00478	0.00752	0.01071	0.01388	0.03506	0.64100	0.19882	0.01611	0.00674	0.00210	0.00303	0.01439	0.00498	0.00440
15	0.00751	0.00538	0.00729	0.00816	0.00901	0.00515	0.00629	0.00934	0.01209	0.01626	0.19366	0.37652	0.03723	0.01483	0.00693	0.00217	0.00363	0.26867	0.00517	0.00472
16	0.01412	0.63766	0.02673	0.01443	0.18237	0.01937	0.01079	0.01616	0.01120	0.01371	0.00804	0.00964	0.00724	0.00463	0.00386	0.00125	0.00588	0.00329	0.00238	0.00724
17	0.01259	0.01205	0.02053	0.20185	0.61439	0.01257	0.01613	0.01587	0.01189	0.01669	0.00997	0.01351	0.00821	0.00491	0.00533	0.00164	0.00655	0.00478	0.00260	0.00794
18	0.02045	0.00833	0.01129	0.00893	0.01245	0.00727	0.00727	0.02262	0.01533	0.61388	0.18751	0.02309	0.02153	0.00760	0.00560	0.00167	0.00412	0.00635	0.00648	0.00824
19	0.18040	0.01183	0.01231	0.01023	0.01346	0.01303	0.00819	0.44753	0.01877	0.02747	0.01551	0.18747	0.01430	0.00845	0.00529	0.00175	0.00495	0.00675	0.00488	0.00742
20	0.00983	0.00810	0.00901	0.00884	0.01071	0.00871	0.00660	0.01767	0.36997	0.01836	0.06237	0.28019	0.13018	0.01155	0.00611	0.00194	0.00361	0.02461	0.00525	0.00639
21	0.00653	0.00471	0.00618	0.00736	0.00776	0.00437	0.00493	0.00749	0.01039	0.01375	0.03099	0.76510	0.07734	0.01664	0.00682	0.00216	0.00309	0.01504	0.00498	0.00437
22	0.00765	0.00546	0.00750	0.00874	0.00954	0.00532	0.00691	0.00939	0.01137	0.01495	0.02897	0.41469	0.03308	0.01577	0.00715	0.00233	0.00408	0.39746	0.00496	0.00467
23	0.01222	0.01732	0.19708	0.02073	0.02654	0.01342	0.57143	0.01701	0.01223	0.01701	0.01047	0.01370	0.00781	0.00481	0.00642	0.00180	0.03426	0.00576	0.00260	0.00735
24	0.00814	0.00602	0.00794	0.00890	0.01027	0.00582	0.00764	0.01037	0.01233	0.01572	0.03415	0.05859	0.19523	0.01456	0.00718	0.00233	0.00445	0.58057	0.00495	0.00485
25	0.00781	0.00520	0.00585	0.00585	0.00585	0.00520	0.00325	0.00781	0.00781	0.01041	0.01691	0.03513	0.01952	0.81135	0.02732	0.00520	0.00520	0.00781	0.00325	0.00325
26	0.02172	0.00966	0.01239	0.00985	0.01376	0.00909	0.00802	0.02668	0.18147	0.61408	0.02133	0.01866	0.01397	0.00678	0.00541	0.00170	0.00450	0.00555	0.00638	0.00899
27	0.01529	0.01161	0.01270	0.01079	0.01379	0.01278	0.00849	0.40261	0.19086	0.02614	0.01916	0.21584	0.01746	0.00926	0.00577	0.00180	0.00482	0.00776	0.00529	0.00778
28	0.01669	0.01319	0.01402	0.01160	0.01523	0.01491	0.00931	0.37515	0.41610	0.02785	0.01760	0.01664	0.01295	0.00689	0.00542	0.00172	0.00503	0.00548	0.00542	0.00880
29	0.01218	0.01304	0.02366	0.01814	0.02071	0.01508	0.36557	0.01494	0.01033	0.01494	0.00885	0.01304	0.00757	0.00709	0.01227	0.00209	0.42598	0.00547	0.00252	0.00652
30	0.00726	0.00518	0.00591	0.00618	0.00668	0.00492	0.00391	0.00780	0.00938	0.01210	0.02796	0.19078	0.18979	0.45929	0.01817	0.00379	0.00424	0.02885	0.00402	0.00380
31	0.36133	0.01366	0.01096	0.00948	0.01275	0.20759	0.00752	0.01982	0.03204	0.21185	0.05596	0.01348	0.01084	0.00595	0.00446	0.00160	0.00557	0.00415	0.00422	0.00678
32	0.01341	0.00872	0.01213	0.04127	0.24165	0.00877	0.00893	0.07047	0.01304	0.10919	0.01509	0.01706	0.01155	0.00584	0.00459	0.00145	0.00432	0.00496	0.40067	0.00688
33	0.18986	0.01048	0.01357	0.10307	0.16135	0.01037	0.00966	0.05040	0.01244	0.18777	0.01193	0.01305	0.00875	0.00520	0.00463	0.00147	0.00505	0.00417	0.00388	0.19292
34	0.01669	0.01267	0.01693	0.18694	0.02161	0.01373	0.08488	0.36883	0.01818	0.09567	0.01226	0.01369	0.00882	0.00594	0.00577	0.00164	0.03306	0.00489	0.00429	0.07353

[dist]
# distance from previous block
# <min> <max>
1	7

[block]
# block no. 6 follows, 45 sequences, length 8
# corresponding to MSA columns:
# 717-724
name=unknown_G
#
# <colnr> <probs for GDERKNQSTAVLIFYWHMCP>
#	G	D	E	R	K	N	Q	S	T	A	V	L	I	F	Y	W	H	M	C	P
0	0.09547	0.14277	0.10920	0.03499	0.01753	0.20159	0.07813	0.09759	0.01309	0.01715	0.00880	0.01086	0.00717	0.00592	0.00681	0.00164	0.13757	0.00402	0.00289	0.00683
1	0.00775	0.00544	0.00703	0.00703	0.00744	0.00584	0.00472	0.00856	0.00816	0.01128	0.01583	0.02915	0.01692	0.48324	0.35189	0.00666	0.00911	0.00693	0.00309	0.00391
2	0.01433	0.01433	0.06703	0.02024	0.02560	0.01264	0.60504	0.01857	0.01302	0.13502	0.01239	0.01490	0.00887	0.00488	0.00613	0.00178	0.00830	0.00607	0.00330	0.00757
