[name]
unknown

[dist]
# distance from previous block
# <min> <max>
5	996

[block]
# block no. 0 follows, 46 sequences, length 99
# corresponding to MSA columns:
# 1023-1121
name=unknown_A
#
# <colnr> <probs for GDERKNQSTAVLIFYWHMCP>
#	G	D	E	R	K	N	Q	S	T	A	V	L	I	F	Y	W	H	M	C	P
0	0.40292	0.01305	0.11325	0.00940	0.01332	0.01211	0.00864	0.20344	0.01419	0.05451	0.09715	0.01384	0.01198	0.00602	0.00443	0.00163	0.00485	0.00433	0.00406	0.00687
1	0.03759	0.10506	0.01816	0.01270	0.01681	0.01566	0.10921	0.39441	0.19024	0.02600	0.01368	0.01391	0.01015	0.00604	0.00517	0.00161	0.00580	0.00496	0.00457	0.00827
2	0.01164	0.10150	0.31835	0.01073	0.01500	0.01042	0.01143	0.03329	0.01077	0.10194	0.01287	0.01827	0.01119	0.19291	0.11442	0.00330	0.00739	0.00506	0.00310	0.00641
3	0.01278	0.51405	0.31917	0.01136	0.01714	0.01760	0.01307	0.01618	0.01090	0.01409	0.00817	0.00951	0.00675	0.00471	0.00402	0.00134	0.00648	0.00324	0.00225	0.00718
4	0.10699	0.20421	0.52646	0.01278	0.01933	0.01419	0.01559	0.01640	0.01082	0.01656	0.00876	0.01026	0.00661	0.00490	0.00445	0.00155	0.00690	0.00354	0.00236	0.00734
5	0.01267	0.19527	0.11824	0.00956	0.01458	0.01194	0.00908	0.09962	0.01252	0.01791	0.00932	0.01062	0.00758	0.00448	0.00410	0.00107	0.00504	0.00335	0.00306	0.45000
6	0.10247	0.00534	0.00622	0.00705	0.00789	0.00518	0.00488	0.00832	0.01025	0.01476	0.02990	0.61877	0.13036	0.01482	0.00629	0.00204	0.00313	0.01313	0.00472	0.00448
7	0.00729	0.00540	0.00680	0.00645	0.00778	0.00491	0.00484	0.00961	0.01452	0.02014	0.66747	0.04123	0.16152	0.01120	0.00624	0.00168	0.00252	0.00981	0.00568	0.00491
8	0.01096	0.00940	0.01096	0.00783	0.01253	0.00705	0.00626	0.01331	0.01096	0.01723	0.00940	0.01096	0.00783	0.00392	0.00392	0.00078	0.00392	0.00313	0.00313	0.84653
9	0.01441	0.33819	0.11824	0.01824	0.29031	0.01535	0.01278	0.01721	0.01176	0.10251	0.01008	0.01155	0.00806	0.00488	0.00447	0.00141	0.00602	0.00392	0.00287	0.00773
10	0.01063	0.33096	0.22807	0.00955	0.01403	0.01311	0.01031	0.01350	0.01149	0.01469	0.07170	0.02257	0.21514	0.00744	0.00479	0.00149	0.00524	0.00579	0.00320	0.00633
11	0.00685	0.00526	0.00553	0.00553	0.00657	0.00474	0.00368	0.00763	0.01022	0.01259	0.03811	0.04406	0.46107	0.34855	0.01489	0.00318	0.00370	0.00971	0.00420	0.00394
12	0.01394	0.43654	0.02041	0.00991	0.01376	0.01737	0.00879	0.05062	0.34096	0.01745	0.01370	0.01352	0.01092	0.00574	0.00433	0.00144	0.00502	0.00427	0.00373	0.00756
13	0.01400	0.78667	0.05722	0.00928	0.01393	0.02058	0.00945	0.01587	0.01076	0.01261	0.00743	0.00858	0.00678	0.00454	0.00346	0.00115	0.00574	0.00287	0.00226	0.00682
14	0.01200	0.28986	0.44542	0.01389	0.02032	0.01529	0.10221	0.01646	0.01117	0.01533	0.00891	0.01063	0.00688	0.00479	0.00462	0.00151	0.00722	0.00382	0.00229	0.00739
15	0.00758	0.00517	0.00587	0.00585	0.00607	0.00510	0.00344	0.00786	0.00847	0.01128	0.06929	0.03575	0.07185	0.69351	0.03830	0.00474	0.00496	0.00801	0.00348	0.00343
16	0.00753	0.00540	0.00706	0.00706	0.00764	0.00580	0.00490	0.00853	0.00837	0.01150	0.01791	0.02899	0.06704	0.38605	0.39626	0.00653	0.00933	0.00694	0.00314	0.00402
17	0.01183	0.01900	0.38157	0.11002	0.25538	0.01226	0.01676	0.01737	0.07377	0.03615	0.01089	0.01296	0.00818	0.00517	0.00515	0.00166	0.00688	0.00445	0.00273	0.00784
18	0.01190	0.09376	0.57369	0.01543	0.03860	0.07942	0.08200	0.01704	0.01158	0.01608	0.00931	0.01110	0.00687	0.00496	0.00497	0.00161	0.00783	0.00399	0.00232	0.00753
19	0.00664	0.00485	0.00626	0.00713	0.00777	0.00448	0.00496	0.00788	0.01106	0.01470	0.13128	0.59245	0.12134	0.01536	0.00664	0.00205	0.00302	0.04267	0.00503	0.00443
20	0.06473	0.00731	0.00787	0.00760	0.00942	0.00785	0.00592	0.04004	0.19913	0.02018	0.08554	0.09289	0.02033	0.00853	0.00500	0.00165	0.00341	0.08550	0.32121	0.00590
21	0.01563	0.18726	0.12842	0.01245	0.01689	0.11315	0.06103	0.19780	0.16387	0.03471	0.01228	0.01276	0.00933	0.00570	0.00486	0.00153	0.00640	0.00441	0.00376	0.00775
22	0.01240	0.01187	0.02023	0.20101	0.61798	0.01238	0.01589	0.01563	0.01172	0.01645	0.00982	0.01331	0.00808	0.00484	0.00525	0.00161	0.00645	0.00471	0.00256	0.00783
23	0.01135	0.00655	0.00769	0.00691	0.00912	0.00597	0.00538	0.01411	0.06328	0.19119	0.17967	0.03579	0.31418	0.01013	0.00571	0.00168	0.00317	0.02143	0.10081	0.00591
24	0.01436	0.01529	0.01252	0.01024	0.01404	0.28989	0.00792	0.01779	0.09887	0.01624	0.01033	0.01145	0.00841	0.00484	0.00439	0.00111	0.00596	0.00355	0.00324	0.44956
25	0.01110	0.03784	0.40033	0.01201	0.01694	0.01055	0.01317	0.01728	0.14783	0.06827	0.02911	0.18139	0.01546	0.00801	0.00545	0.00178	0.00580	0.00677	0.00371	0.00718
26	0.01347	0.00839	0.00964	0.00841	0.01119	0.00836	0.00661	0.01973	0.27142	0.22774	0.09830	0.03030	0.24583	0.00918	0.00570	0.00174	0.00367	0.00766	0.00560	0.00707
27	0.01039	0.00854	0.00953	0.00873	0.01093	0.00926	0.00671	0.01937	0.41382	0.02123	0.33151	0.02982	0.08015	0.00906	0.00578	0.00174	0.00340	0.00778	0.00553	0.00674
28	0.01250	0.01203	0.02012	0.13237	0.59520	0.01287	0.01549	0.01547	0.01139	0.01625	0.00953	0.01305	0.00803	0.00530	0.00662	0.00168	0.09711	0.00470	0.00255	0.00775
29	0.01784	0.24820	0.06836	0.01001	0.01407	0.10126	0.00902	0.02070	0.05628	0.32421	0.04518	0.01571	0.03463	0.00613	0.00474	0.00147	0.00548	0.00465	0.00443	0.00762
30	0.00644	0.00460	0.00613	0.00736	0.00767	0.00429	0.00491	0.00736	0.01012	0.01350	0.02914	0.81076	0.03497	0.01656	0.00675	0.00215	0.00307	0.01503	0.00491	0.00429
31	0.01056	0.01048	0.01923	0.43076	0.02887	0.01176	0.23221	0.01380	0.01064	0.01409	0.01044	0.01631	0.00871	0.09725	0.00882	0.00219	0.05994	0.00548	0.00254	0.00593
32	0.20343	0.01447	0.02155	0.01635	0.02061	0.11643	0.40545	0.01844	0.09832	0.01853	0.01084	0.01297	0.00826	0.00500	0.00527	0.00169	0.00737	0.00507	0.00312	0.00682
33	0.01537	0.01647	0.01786	0.02304	0.41912	0.27760	0.01302	0.06656	0.01376	0.01660	0.01080	0.06510	0.00966	0.00586	0.00518	0.00154	0.00714	0.00496	0.00298	0.00738
34	0.14032	0.43584	0.02165	0.01262	0.11528	0.01598	0.06496	0.01496	0.01071	0.01525	0.01042	0.10073	0.01013	0.00597	0.00421	0.00143	0.00545	0.00472	0.00279	0.00658
35	0.01413	0.01376	0.01802	0.01440	0.01803	0.10167	0.22881	0.11488	0.31931	0.02039	0.01624	0.06889	0.01307	0.00671	0.00564	0.00174	0.00630	0.00621	0.00424	0.00756
36	0.01110	0.00974	0.01469	0.01170	0.01461	0.01002	0.13787	0.09777	0.01161	0.01674	0.01144	0.01531	0.00983	0.01768	0.28928	0.00398	0.09426	0.00492	0.00310	0.21432
37	0.17440	0.10164	0.01413	0.01060	0.01390	0.27324	0.00850	0.13311	0.01463	0.13624	0.01195	0.06384	0.00976	0.00629	0.00464	0.00152	0.00633	0.00451	0.00390	0.00688
38	0.01483	0.01500	0.01145	0.01054	0.01268	0.35337	0.00790	0.08055	0.01474	0.06784	0.15248	0.19709	0.02152	0.00908	0.00556	0.00163	0.00615	0.00739	0.00425	0.00595
39	0.02348	0.00938	0.01251	0.00959	0.01369	0.00835	0.00792	0.07502	0.01578	0.73472	0.02031	0.01764	0.01281	0.00653	0.00531	0.00163	0.00459	0.00528	0.00646	0.00900
40	0.01287	0.53376	0.30022	0.01121	0.01691	0.01782	0.01281	0.01616	0.01089	0.01398	0.00812	0.00944	0.00675	0.00470	0.00398	0.00133	0.00643	0.00321	0.00225	0.00715
41	0.01709	0.39964	0.02099	0.01146	0.01503	0.42806	0.00966	0.01861	0.01298	0.01270	0.00778	0.00904	0.00680	0.00501	0.00412	0.00125	0.00770	0.00313	0.00251	0.00644
42	0.00755	0.00534	0.00685	0.00687	0.00774	0.00508	0.00498	0.00932	0.01254	0.01737	0.44906	0.11444	0.03930	0.19362	0.01108	0.00258	0.00341	0.09333	0.00503	0.00450
43	0.01248	0.01426	0.03119	0.02228	0.02763	0.01337	0.76203	0.01693	0.01248	0.01693	0.01070	0.01426	0.00802	0.00446	0.00624	0.00178	0.00891	0.00624	0.00267	0.00713
44	0.01172	0.01103	0.01791	0.36900	0.36566	0.01227	0.01465	0.01638	0.09773	0.01616	0.01102	0.01428	0.00867	0.00524	0.00527	0.00168	0.00638	0.00485	0.00281	0.00727
45	0.00666	0.00476	0.00639	0.00761	0.00802	0.00449	0.00529	0.00775	0.01034	0.01374	0.02901	0.73046	0.03448	0.01635	0.00681	0.00218	0.00326	0.09313	0.00490	0.00436
46	0.00671	0.00488	0.00645	0.00720	0.00783	0.00463	0.00501	0.00801	0.01095	0.01478	0.16006	0.55788	0.08473	0.01735	0.07467	0.00259	0.00390	0.01301	0.00489	0.00446
47	0.00707	0.00591	0.00624	0.00631	0.00798	0.00542	0.00466	0.00988	0.09806	0.01504	0.04571	0.17811	0.56431	0.01323	0.00624	0.00185	0.00292	0.01123	0.00496	0.00488
48	0.01002	0.00650	0.00704	0.00667	0.00830	0.00680	0.00507	0.01531	0.18419	0.02062	0.20572	0.02459	0.02309	0.00753	0.00470	0.00146	0.00286	0.00631	0.44749	0.00572
49	0.37949	0.01107	0.01041	0.00870	0.01197	0.01245	0.00708	0.27480	0.06508	0.02632	0.01165	0.01245	0.00874	0.00575	0.00417	0.00157	0.00444	0.00404	0.13290	0.00691
50	0.11075	0.01649	0.01962	0.01540	0.01932	0.23141	0.27932	0.09451	0.12596	0.01900	0.01141	0.01294	0.00872	0.00537	0.00527	0.00163	0.00753	0.00488	0.00342	0.00706
51	0.01431	0.01643	0.01608	0.42944	0.02737	0.35027	0.04221	0.01694	0.01256	0.01340	0.00892	0.01213	0.00698	0.00532	0.00510	0.00159	0.00820	0.00420	0.00252	0.00603
52	0.00704	0.00512	0.00719	0.00777	0.00835	0.00541	0.00557	0.00834	0.00921	0.01271	0.02141	0.39512	0.02391	0.08188	0.36892	0.00526	0.00830	0.01023	0.00384	0.00441
53	0.01170	0.01115	0.01896	0.37507	0.44940	0.01220	0.01554	0.01501	0.01138	0.01559	0.00970	0.01353	0.00778	0.00497	0.00526	0.00166	0.00662	0.00470	0.00250	0.00726
54	0.01449	0.01356	0.01904	0.01460	0.01846	0.08832	0.27880	0.20982	0.10213	0.02157	0.03816	0.01731	0.05444	0.00619	0.00553	0.00164	0.00654	0.00582	0.07631	0.00725
55	0.01518	0.30215	0.02330	0.01399	0.01763	0.25440	0.18011	0.01734	0.01213	0.01364	0.00831	0.01046	0.00709	0.00533	0.00604	0.00148	0.09838	0.00398	0.00250	0.00655
56	0.00704	0.00480	0.00656	0.00730	0.00775	0.00463	0.00502	0.00783	0.01020	0.01384	0.12462	0.53530	0.03166	0.01803	0.07656	0.11393	0.00415	0.01212	0.00450	0.00416
57	0.01002	0.00960	0.01143	0.20619	0.04679	0.07704	0.00907	0.01341	0.09750	0.01461	0.02431	0.12620	0.20718	0.02960	0.00751	0.00192	0.09049	0.00776	0.00373	0.00564
58	0.01044	0.15137	0.15720	0.01020	0.01312	0.09863	0.00962	0.01282	0.01141	0.01431	0.01968	0.27296	0.03794	0.01063	0.00572	0.00184	0.00546	0.14725	0.00370	0.00570
59	0.01060	0.02735	0.78682	0.01507	0.02288	0.01228	0.01953	0.01674	0.01116	0.01674	0.00949	0.01116	0.00670	0.00502	0.00502	0.00167	0.00781	0.00391	0.00223	0.00781
60	0.01180	0.01311	0.07391	0.11422	0.25608	0.01203	0.31291	0.01563	0.01200	0.01650	0.01220	0.01883	0.01047	0.00582	0.00586	0.00178	0.00736	0.08948	0.00284	0.00715
61	0.03896	0.33278	0.20389	0.01045	0.01497	0.01455	0.01078	0.07190	0.04819	0.05296	0.05569	0.09795	0.01310	0.00666	0.00463	0.00151	0.00556	0.00519	0.00335	0.00698
62	0.01102	0.01047	0.01750	0.49091	0.27120	0.01218	0.01480	0.01422	0.01086	0.01465	0.00973	0.02656	0.00792	0.00555	0.00611	0.00174	0.06060	0.00487	0.00247	0.00664
63	0.04635	0.00728	0.00766	0.00684	0.00898	0.00725	0.00533	0.13961	0.02759	0.04337	0.11578	0.03142	0.29143	0.00929	0.00523	0.00158	0.00328	0.00760	0.22843	0.00568
64	0.02944	0.01604	0.19970	0.01926	0.10937	0.01201	0.36584	0.01805	0.01244	0.13359	0.01192	0.01397	0.00857	0.00497	0.00561	0.00170	0.00749	0.00531	0.01708	0.00765
65	0.01231	0.17467	0.27959	0.01961	0.19387	0.01429	0.19964	0.01649	0.01160	0.01607	0.00947	0.01184	0.00742	0.00472	0.00505	0.00157	0.00732	0.00445	0.00243	0.00757
66	0.00764	0.00558	0.00731	0.00816	0.00902	0.00550	0.00617	0.01008	0.06142	0.01555	0.11319	0.43350	0.03374	0.03250	0.00721	0.00222	0.00365	0.22778	0.00499	0.00479
67	0.01180	0.03134	0.15521	0.18198	0.12681	0.01255	0.29964	0.03136	0.02628	0.01671	0.01060	0.01374	0.00805	0.00493	0.00548	0.00169	0.00747	0.00515	0.04210	0.00710
68	0.01400	0.27321	0.18691	0.01790	0.22902	0.06699	0.05643	0.01721	0.01186	0.06591	0.00966	0.01136	0.00769	0.00487	0.00463	0.00145	0.00666	0.00398	0.00269	0.00757
69	0.01123	0.02323	0.56148	0.01774	0.08907	0.01252	0.15248	0.01707	0.03424	0.01698	0.01010	0.01214	0.00736	0.00496	0.00527	0.00169	0.00777	0.00446	0.00244	0.00776
70	0.00691	0.00538	0.00644	0.00632	0.00773	0.00491	0.00474	0.00876	0.01276	0.01683	0.34262	0.07237	0.36686	0.01545	0.09572	0.00251	0.00392	0.01003	0.00504	0.00470
71	0.01586	0.18908	0.14556	0.01335	0.08689	0.04408	0.04075	0.16083	0.02812	0.15135	0.01476	0.01506	0.05955	0.00598	0.00492	0.00153	0.00596	0.00474	0.00387	0.00777
72	0.10858	0.01424	0.14137	0.09805	0.04781	0.06334	0.02652	0.09389	0.03656	0.27736	0.01364	0.01395	0.00940	0.00586	0.00532	0.00165	0.02587	0.00456	0.00427	0.00775
73	0.01240	0.00656	0.00857	0.00828	0.00995	0.00611	0.00609	0.06260	0.01256	0.24089	0.02563	0.52581	0.02684	0.01295	0.00623	0.00196	0.00367	0.01151	0.00541	0.00598
74	0.01428	0.01690	0.19382	0.04651	0.10065	0.11633	0.11213	0.13025	0.01412	0.07533	0.01304	0.10331	0.01112	0.00669	0.00567	0.00169	0.02160	0.00578	0.00349	0.00731
75	0.37563	0.04752	0.12428	0.01049	0.01476	0.01215	0.07173	0.04785	0.09788	0.13353	0.01174	0.01223	0.00849	0.00542	0.00439	0.00165	0.00523	0.00408	0.00383	0.00710
76	0.01024	0.00990	0.01745	0.72072	0.03550	0.01191	0.09216	0.01386	0.01077	0.01386	0.00953	0.01411	0.00715	0.00520	0.00538	0.00176	0.00724	0.00486	0.00238	0.00600
77	0.00740	0.00568	0.00761	0.00785	0.00846	0.00590	0.00569	0.00891	0.01163	0.01617	0.29561	0.44303	0.03713	0.01367	0.00777	0.00199	0.09396	0.01188	0.00494	0.00471
78	0.01476	0.07030	0.26310	0.01503	0.02026	0.02892	0.19792	0.07664	0.01309	0.16095	0.01177	0.01315	0.00843	0.00561	0.00635	0.00170	0.07613	0.00479	0.00341	0.00768
79	0.01422	0.08877	0.17474	0.01566	0.01976	0.24132	0.19774	0.01747	0.02146	0.01472	0.00895	0.01139	0.00722	0.00568	0.00712	0.00167	0.13842	0.00439	0.00254	0.00674
80	0.01970	0.00864	0.01133	0.00908	0.01255	0.00790	0.00735	0.02329	0.10109	0.56558	0.15249	0.02192	0.01982	0.00736	0.00548	0.00166	0.00411	0.00613	0.00629	0.00823
81	0.01500	0.01190	0.01313	0.04872	0.01498	0.18109	0.07369	0.01712	0.01328	0.20572	0.06825	0.10875	0.01873	0.00902	0.00632	0.00183	0.03700	0.14460	0.00447	0.00639
82	0.01246	0.01342	0.08770	0.22133	0.31854	0.02396	0.16808	0.01612	0.01178	0.04633	0.01027	0.01353	0.00796	0.00499	0.00564	0.00168	0.02120	0.00495	0.00268	0.00739
83	0.00807	0.00551	0.00725	0.00749	0.00869	0.00503	0.01858	0.00965	0.01196	0.06684	0.16891	0.37900	0.17956	0.01382	0.00651	0.00198	0.00327	0.08788	0.00514	0.00488
84	0.01771	0.01399	0.01414	0.01146	0.01488	0.08172	0.00917	0.49540	0.14173	0.02701	0.01332	0.01393	0.00997	0.00777	0.00701	0.09760	0.00574	0.00482	0.00474	0.00788
85	0.01287	0.01467	0.12483	0.05589	0.29084	0.01265	0.23157	0.10092	0.01364	0.01903	0.06169	0.01493	0.01083	0.00530	0.00557	0.00166	0.00698	0.00538	0.00309	0.00768
86	0.00864	0.00743	0.01243	0.15930	0.04694	0.00763	0.10846	0.01095	0.01106	0.01464	0.02198	0.35250	0.02408	0.01193	0.00647	0.00207	0.00513	0.17906	0.00403	0.00526
87	0.01462	0.74885	0.02660	0.00944	0.01381	0.08771	0.00915	0.01629	0.01111	0.01248	0.00742	0.00857	0.00679	0.00460	0.00351	0.00115	0.00599	0.00288	0.00230	0.00673
88	0.01153	0.01201	0.02443	0.02028	0.10909	0.01144	0.49049	0.01531	0.01231	0.01665	0.01492	0.03922	0.01370	0.00704	0.00638	0.00191	0.00758	0.17581	0.00321	0.00670
89	0.01738	0.30520	0.18775	0.01052	0.01558	0.01351	0.01081	0.02019	0.01267	0.33721	0.01348	0.01306	0.00941	0.00548	0.00456	0.00146	0.00564	0.00411	0.00405	0.00794
90	0.01236	0.01082	0.01314	0.01313	0.10075	0.01201	0.03853	0.02390	0.55501	0.02124	0.12020	0.02138	0.01941	0.00727	0.00551	0.00175	0.00438	0.00632	0.00502	0.00787
91	0.00632	0.00537	0.00546	0.00549	0.00725	0.00451	0.00414	0.00771	0.01210	0.01443	0.06468	0.05091	0.74856	0.01338	0.00627	0.00180	0.00273	0.02947	0.00492	0.00448
92	0.01396	0.01568	0.21136	0.10558	0.02352	0.01181	0.28230	0.01917	0.07813	0.16519	0.01315	0.01467	0.00926	0.00533	0.00558	0.00173	0.00717	0.00529	0.00351	0.00762
93	0.01239	0.01830	0.32026	0.01549	0.02104	0.01266	0.21531	0.02056	0.24026	0.04869	0.01388	0.01484	0.01014	0.00558	0.00547	0.00174	0.00689	0.00521	0.00347	0.00784
94	0.00713	0.00570	0.00898	0.00906	0.00994	0.00533	0.09097	0.00845	0.01039	0.01389	0.02704	0.72023	0.03190	0.01519	0.00669	0.00211	0.00373	0.01403	0.00465	0.00462
95	0.01124	0.01068	0.01813	0.48920	0.33887	0.01208	0.01531	0.01461	0.01117	0.01504	0.00962	0.01368	0.00759	0.00505	0.00526	0.00168	0.00674	0.00470	0.00246	0.00689
96	0.22372	0.01524	0.08021	0.05611	0.01660	0.10249	0.03240	0.28610	0.09728	0.02439	0.01128	0.01206	0.00836	0.00575	0.00474	0.00162	0.00597	0.00423	0.00400	0.00746
97	0.00896	0.01577	0.37563	0.01063	0.01498	0.00843	0.01186	0.01317	0.01317	0.01909	0.41499	0.02610	0.02947	0.00807	0.00566	0.00167	0.00501	0.00689	0.00412	0.00632
98	0.00625	0.00536	0.00536	0.00536	0.00714	0.00446	0.00402	0.00759	0.01205	0.01428	0.05355	0.05088	0.77909	0.01339	0.00625	0.00179	0.00268	0.01116	0.00491	0.00446

[dist]
# distance from previous block
# <min> <max>
0	39

[block]
# block no. 1 follows, 46 sequences, length 34
# corresponding to MSA columns:
# 1161-1194
name=unknown_B
#
# <colnr> <probs for GDERKNQSTAVLIFYWHMCP>
#	G	D	E	R	K	N	Q	S	T	A	V	L	I	F	Y	W	H	M	C	P
0	0.01177	0.19678	0.46245	0.01527	0.02185	0.01439	0.17341	0.01658	0.01135	0.01584	0.00928	0.01123	0.00699	0.00479	0.00492	0.00158	0.00757	0.00416	0.00233	0.00745
1	0.23487	0.20328	0.01951	0.01213	0.01630	0.01530	0.17240	0.15628	0.08659	0.02120	0.01044	0.01163	0.00809	0.00520	0.00453	0.00155	0.00584	0.00424	0.00348	0.00714
2	0.02204	0.00865	0.01160	0.00902	0.01288	0.00745	0.00741	0.02401	0.01483	0.71066	0.02401	0.02116	0.08687	0.00720	0.00541	0.00165	0.00432	0.00588	0.00639	0.00856
3	0.00918	0.00459	0.00689	0.00689	0.00689	0.00459	0.00459	0.00689	0.00689	0.00918	0.00918	0.01607	0.00918	0.01837	0.02066	0.84619	0.00459	0.00459	0.00230	0.00230
4	0.01134	0.01065	0.01765	0.30181	0.37501	0.01186	0.01441	0.01434	0.01116	0.01536	0.01139	0.03733	0.01017	0.00635	0.00643	0.00178	0.07123	0.06212	0.00273	0.00690
5	0.01267	0.01568	0.09154	0.20512	0.02782	0.11460	0.42195	0.01665	0.01224	0.01558	0.00995	0.01333	0.00752	0.00483	0.00571	0.00171	0.00846	0.00530	0.00256	0.00676
6	0.01672	0.01097	0.01759	0.09126	0.43404	0.01073	0.01298	0.01949	0.01305	0.29894	0.01390	0.01498	0.00999	0.00543	0.00527	0.00161	0.00569	0.00493	0.00404	0.00838
7	0.01413	0.81739	0.02770	0.00905	0.01357	0.02092	0.00905	0.01583	0.01074	0.01244	0.00735	0.00848	0.00678	0.00452	0.00339	0.00113	0.00565	0.00283	0.00226	0.00678
8	0.02292	0.00882	0.01201	0.00927	0.01322	0.00763	0.00763	0.02499	0.01512	0.74731	0.05814	0.01905	0.01490	0.00675	0.00536	0.00164	0.00440	0.00553	0.00651	0.00880
9	0.02312	0.00996	0.01286	0.00986	0.01397	0.00920	0.00815	0.14779	0.01674	0.66060	0.01951	0.01712	0.01241	0.00651	0.00531	0.00163	0.00472	0.00522	0.00634	0.00900
10	0.01177	0.01201	0.02275	0.01712	0.02072	0.01215	0.44294	0.07519	0.01272	0.01740	0.05200	0.11175	0.04305	0.00736	0.00772	0.00188	0.11429	0.00731	0.00335	0.00655
11	0.00944	0.00749	0.00833	0.00812	0.00988	0.00771	0.00603	0.09683	0.18567	0.01789	0.03228	0.33217	0.23257	0.01241	0.00614	0.00190	0.00352	0.01075	0.00506	0.00579
12	0.00998	0.00940	0.01586	0.80150	0.03641	0.01175	0.01468	0.01351	0.01057	0.01351	0.00940	0.01409	0.00705	0.00529	0.00529	0.00176	0.00705	0.00470	0.00235	0.00587
13	0.01091	0.09646	0.72041	0.01454	0.02207	0.01303	0.01862	0.01666	0.01112	0.01637	0.00930	0.01093	0.00670	0.00498	0.00488	0.00163	0.00762	0.00381	0.00223	0.00772
14	0.01248	0.01426	0.03119	0.02228	0.02763	0.01337	0.76203	0.01693	0.01248	0.01693	0.01070	0.01426	0.00802	0.00446	0.00624	0.00178	0.00891	0.00624	0.00267	0.00713
15	0.01675	0.01415	0.01445	0.01185	0.01521	0.17602	0.07448	0.18812	0.14088	0.14010	0.01948	0.01910	0.11068	0.00715	0.00572	0.00164	0.02643	0.00572	0.00461	0.00745
16	0.02049	0.01025	0.01198	0.00955	0.01309	0.07189	0.00773	0.08742	0.01594	0.53483	0.13973	0.02026	0.01808	0.00712	0.00542	0.00161	0.00470	0.00579	0.00601	0.00812
17	0.01310	0.01430	0.02995	0.02146	0.02672	0.01361	0.70093	0.07761	0.01348	0.01827	0.01086	0.01413	0.00810	0.00461	0.00616	0.00177	0.00866	0.00612	0.00289	0.00728
18	0.01272	0.36572	0.32819	0.01176	0.01729	0.01580	0.01327	0.07653	0.01218	0.01615	0.01044	0.01437	0.00900	0.00575	0.00454	0.00150	0.00646	0.06839	0.00272	0.00721
19	0.01534	0.01978	0.43562	0.01473	0.08601	0.01135	0.01511	0.07997	0.01349	0.23791	0.01304	0.01341	0.00886	0.00554	0.00515	0.00165	0.00657	0.00445	0.00375	0.00830
20	0.00766	0.00549	0.00748	0.00831	0.00927	0.00530	0.00662	0.00967	0.01223	0.01642	0.20634	0.27470	0.03637	0.01428	0.00689	0.00217	0.00378	0.35720	0.00511	0.00473
21	0.01233	0.01409	0.07362	0.01062	0.01294	0.23287	0.00850	0.01744	0.20573	0.01609	0.04809	0.28578	0.02038	0.00983	0.00567	0.00178	0.00557	0.00829	0.00422	0.00617
22	0.01306	0.01139	0.01819	0.16241	0.18241	0.01191	0.15095	0.17915	0.01501	0.03360	0.11202	0.05770	0.01506	0.00656	0.00565	0.00169	0.00612	0.00617	0.00377	0.00718
23	0.00733	0.00523	0.00715	0.00838	0.00907	0.00506	0.00645	0.00890	0.01100	0.01449	0.02865	0.48994	0.03303	0.01573	0.00698	0.00227	0.00384	0.32709	0.00489	0.00454
24	0.01062	0.01005	0.01701	0.64369	0.18925	0.01191	0.01500	0.01406	0.01087	0.01428	0.00951	0.01389	0.00732	0.00517	0.00527	0.00172	0.00689	0.00470	0.00240	0.00639
25	0.02944	0.04116	0.66547	0.01514	0.02241	0.03257	0.06794	0.03591	0.01164	0.01715	0.00953	0.01126	0.00683	0.00502	0.00503	0.00166	0.00776	0.00403	0.00238	0.00769
26	0.01261	0.01189	0.01904	0.02761	0.62327	0.01207	0.01430	0.01721	0.11409	0.01771	0.01459	0.01665	0.06403	0.00566	0.00533	0.00162	0.00574	0.00534	0.00315	0.00810
27	0.00789	0.00624	0.00724	0.00786	0.00866	0.03585	0.00552	0.01040	0.08426	0.01524	0.12434	0.53138	0.03300	0.05516	0.00753	0.00218	0.00353	0.04398	0.00490	0.00482
28	0.01238	0.36947	0.43760	0.01238	0.01867	0.01613	0.01474	0.03589	0.01134	0.01531	0.00864	0.01004	0.00679	0.00484	0.00432	0.00144	0.00682	0.00346	0.00232	0.00740
29	0.01304	0.07211	0.17996	0.02027	0.29856	0.01254	0.08601	0.06207	0.05832	0.05621	0.07836	0.01539	0.01224	0.00561	0.00526	0.00161	0.00624	0.00509	0.00332	0.00780
30	0.01070	0.00776	0.01109	0.00997	0.01184	0.00772	0.08852	0.13351	0.01306	0.07397	0.02317	0.44582	0.04404	0.01477	0.07514	0.00252	0.00522	0.01075	0.00467	0.00576
31	0.01225	0.01856	0.34831	0.01568	0.02065	0.01283	0.18461	0.03607	0.01142	0.07069	0.01086	0.04287	0.00864	0.00637	0.00798	0.00185	0.17516	0.00513	0.00284	0.00721
32	0.01497	0.01530	0.17428	0.01951	0.18685	0.01203	0.22594	0.05444	0.01312	0.18138	0.01241	0.01400	0.00892	0.00534	0.00596	0.00169	0.03727	0.00511	0.00351	0.00797
33	0.01127	0.05755	0.32480	0.01220	0.01673	0.01111	0.01312	0.08791	0.09561	0.01839	0.01729	0.02858	0.01602	0.00862	0.00578	0.00191	0.00611	0.25632	0.00377	0.00693

[dist]
# distance from previous block
# <min> <max>
16	23

[block]
# block no. 2 follows, 46 sequences, length 261
# corresponding to MSA columns:
# 1220-1480
name=unknown_C
#
# <colnr> <probs for GDERKNQSTAVLIFYWHMCP>
#	G	D	E	R	K	N	Q	S	T	A	V	L	I	F	Y	W	H	M	C	P
0	0.18704	0.00993	0.01123	0.01007	0.01246	0.07879	0.09284	0.04118	0.07001	0.01818	0.06256	0.17089	0.09262	0.00976	0.00563	0.00186	0.00489	0.11014	0.00421	0.00570
1	0.01173	0.01135	0.01848	0.41505	0.38818	0.03459	0.01528	0.01501	0.01139	0.01527	0.00962	0.01349	0.00767	0.00502	0.00525	0.00166	0.00676	0.00467	0.00249	0.00706
2	0.01061	0.10166	0.65413	0.01375	0.02078	0.01251	0.01734	0.01596	0.01119	0.01614	0.01265	0.01394	0.06568	0.00561	0.00496	0.00163	0.00721	0.00436	0.00244	0.00746
3	0.01015	0.00938	0.01566	0.70329	0.08728	0.01143	0.01417	0.01355	0.01064	0.01394	0.00986	0.01461	0.00761	0.02047	0.00563	0.00179	0.00679	0.00476	0.03302	0.00596
4	0.01259	0.47273	0.35887	0.01167	0.01763	0.01715	0.01362	0.01623	0.01092	0.01432	0.00828	0.00965	0.00675	0.00474	0.00410	0.00137	0.00660	0.00330	0.00225	0.00723
5	0.01156	0.01164	0.01844	0.50969	0.19034	0.06719	0.08658	0.01494	0.01137	0.01459	0.00955	0.01358	0.00740	0.00510	0.00533	0.00170	0.00724	0.00476	0.00246	0.00654
6	0.00644	0.00460	0.00613	0.00736	0.00767	0.00429	0.00491	0.00736	0.01012	0.01350	0.02914	0.81076	0.03497	0.01656	0.00675	0.00215	0.00307	0.01503	0.00491	0.00429
7	0.01210	0.01390	0.07147	0.08824	0.06955	0.21256	0.02450	0.01557	0.08746	0.01438	0.01656	0.02003	0.09234	0.07856	0.15669	0.00320	0.00818	0.00557	0.00320	0.00595
8	0.05204	0.04125	0.02680	0.00981	0.01278	0.19321	0.00788	0.03755	0.07256	0.24503	0.22191	0.02097	0.02106	0.00731	0.00528	0.00157	0.00524	0.00583	0.00495	0.00695
9	0.01060	0.02735	0.78682	0.01507	0.02288	0.01228	0.01953	0.01674	0.01116	0.01674	0.00949	0.01116	0.00670	0.00502	0.00502	0.00167	0.00781	0.00391	0.00223	0.00781
10	0.00686	0.00541	0.00620	0.00610	0.00765	0.00476	0.00464	0.00871	0.01320	0.01708	0.33612	0.04689	0.45251	0.01244	0.00630	0.00177	0.00273	0.05069	0.00526	0.00469
11	0.01229	0.01733	0.30663	0.18440	0.12639	0.06422	0.01491	0.01661	0.03050	0.07939	0.01114	0.01365	0.00840	0.00858	0.08095	0.00231	0.00780	0.00449	0.00284	0.00717
12	0.01220	0.38450	0.44364	0.01235	0.01867	0.01618	0.01479	0.01633	0.01097	0.01480	0.00852	0.00995	0.00674	0.00480	0.00429	0.00143	0.00684	0.00342	0.00225	0.00735
13	0.00680	0.00515	0.00753	0.00816	0.00876	0.00481	0.04630	0.00795	0.01037	0.01387	0.04636	0.74845	0.03385	0.01576	0.00671	0.00212	0.00337	0.01442	0.00481	0.00447
14	0.01831	0.02264	0.01640	0.01425	0.01728	0.63146	0.09007	0.02137	0.09090	0.01429	0.00978	0.01106	0.00788	0.00552	0.00499	0.00145	0.00893	0.00397	0.00299	0.00646
15	0.01224	0.01170	0.01994	0.24102	0.57923	0.01234	0.01581	0.01549	0.01164	0.01625	0.00980	0.01336	0.00801	0.00487	0.00525	0.00162	0.00649	0.00471	0.00254	0.00770
16	0.01013	0.00913	0.01510	0.68505	0.07208	0.01113	0.01370	0.01353	0.01070	0.01430	0.01018	0.01458	0.00774	0.00534	0.00513	0.00170	0.00657	0.00472	0.08328	0.00591
17	0.00658	0.00473	0.00627	0.00737	0.00781	0.00442	0.00505	0.00767	0.01052	0.01402	0.06860	0.71469	0.05692	0.01608	0.00673	0.00212	0.00311	0.04797	0.00495	0.00436
18	0.01306	0.01357	0.02504	0.01869	0.02239	0.04922	0.47880	0.01635	0.01164	0.05769	0.02025	0.02316	0.00882	0.00605	0.00893	0.00189	0.20902	0.00580	0.00286	0.00679
19	0.00967	0.00832	0.01080	0.00992	0.01211	0.00863	0.07929	0.01626	0.28432	0.01740	0.02959	0.18810	0.18104	0.01109	0.00618	0.00195	0.00420	0.11014	0.00486	0.00614
20	0.01248	0.01426	0.03119	0.02228	0.02763	0.01337	0.76203	0.01693	0.01248	0.01693	0.01070	0.01426	0.00802	0.00446	0.00624	0.00178	0.00891	0.00624	0.00267	0.00713
21	0.01062	0.00991	0.01598	0.64334	0.10564	0.01197	0.01416	0.01532	0.09175	0.01479	0.01074	0.01460	0.00814	0.00543	0.00529	0.00175	0.00667	0.00484	0.00270	0.00638
22	0.01169	0.01035	0.01071	0.01159	0.09293	0.12324	0.00774	0.03631	0.15119	0.05861	0.06218	0.28581	0.09498	0.01052	0.00585	0.00180	0.00465	0.00910	0.00458	0.00618
23	0.00809	0.00647	0.01058	0.00972	0.01110	0.00721	0.07919	0.01024	0.00895	0.01293	0.01391	0.02011	0.01273	0.03533	0.69559	0.00765	0.01333	0.00570	0.02620	0.00496
24	0.01398	0.01033	0.01081	0.00994	0.01251	0.08455	0.00800	0.04583	0.26034	0.15107	0.06221	0.03047	0.06128	0.00915	0.00581	0.00185	0.00476	0.18292	0.02722	0.00697
25	0.03313	0.09493	0.30660	0.01208	0.01741	0.01300	0.01271	0.11921	0.15922	0.15868	0.01402	0.01393	0.00995	0.00583	0.00498	0.00163	0.00597	0.00454	0.00404	0.00815
26	0.01097	0.10897	0.70839	0.01445	0.02192	0.01317	0.01845	0.01665	0.01112	0.01630	0.00927	0.01088	0.00671	0.00497	0.00485	0.00162	0.00759	0.00379	0.00224	0.00771
27	0.00665	0.00476	0.00632	0.00722	0.00771	0.00444	0.00492	0.00789	0.01111	0.01506	0.18151	0.65392	0.03800	0.01539	0.00664	0.00205	0.00295	0.01392	0.00509	0.00444
28	0.01134	0.19161	0.62899	0.01382	0.02094	0.01407	0.01735	0.01655	0.01107	0.01585	0.00904	0.01060	0.00671	0.00492	0.00468	0.00156	0.00736	0.00368	0.00224	0.00760
29	0.02819	0.01410	0.10014	0.01643	0.12262	0.04177	0.16039	0.10193	0.11678	0.16509	0.01483	0.01557	0.02911	0.00601	0.00597	0.00170	0.04210	0.00530	0.00406	0.00791
30	0.01315	0.01101	0.01585	0.02075	0.37687	0.02610	0.01203	0.01891	0.19909	0.07667	0.01695	0.04071	0.01479	0.00734	0.00564	0.00178	0.00539	0.12526	0.00401	0.00772
31	0.01135	0.01059	0.00951	0.08455	0.01264	0.16361	0.00710	0.01475	0.09871	0.01622	0.02424	0.02497	0.21446	0.00814	0.00568	0.00158	0.04841	0.00636	0.23159	0.00557
32	0.01369	0.01396	0.16379	0.01477	0.07577	0.03547	0.17017	0.04791	0.01272	0.16374	0.04554	0.05598	0.05235	0.06360	0.00767	0.00197	0.04389	0.00617	0.00380	0.00706
33	0.17283	0.13183	0.26972	0.01119	0.01611	0.01359	0.01166	0.03392	0.22423	0.04724	0.01262	0.01296	0.00945	0.00561	0.00457	0.00162	0.00562	0.00420	0.00353	0.00749
34	0.01259	0.05322	0.01098	0.00966	0.01152	0.04939	0.00730	0.16096	0.01440	0.07440	0.02350	0.44241	0.02532	0.01284	0.00645	0.00207	0.00464	0.06694	0.00511	0.00631
35	0.01060	0.02735	0.78682	0.01507	0.02288	0.01228	0.01953	0.01674	0.01116	0.01674	0.00949	0.01116	0.00670	0.00502	0.00502	0.00167	0.00781	0.00391	0.00223	0.00781
36	0.07321	0.01861	0.37113	0.01228	0.01776	0.03645	0.01329	0.02121	0.17408	0.18812	0.01437	0.01426	0.01006	0.00582	0.00503	0.00168	0.00610	0.00457	0.00394	0.00799
37	0.01303	0.01250	0.02135	0.04689	0.76724	0.01255	0.01620	0.01617	0.01201	0.01720	0.00993	0.01310	0.00835	0.00472	0.00523	0.00157	0.00629	0.00471	0.00261	0.00833
38	0.01400	0.01574	0.01081	0.01004	0.01209	0.41950	0.00751	0.01572	0.01413	0.01573	0.19877	0.04775	0.10088	0.00800	0.00524	0.00149	0.00623	0.00622	0.08465	0.00550
39	0.01279	0.01226	0.02092	0.10643	0.70959	0.01248	0.01608	0.01596	0.01190	0.01691	0.00989	0.01318	0.00825	0.00477	0.00524	0.00159	0.00635	0.00471	0.00259	0.00813
40	0.07754	0.15321	0.46013	0.01271	0.01886	0.06823	0.01476	0.01784	0.01165	0.10397	0.01018	0.01119	0.00737	0.00514	0.00464	0.00156	0.00692	0.00378	0.00284	0.00750
41	0.00652	0.00469	0.00621	0.00739	0.00779	0.00438	0.00503	0.00753	0.01028	0.01362	0.02996	0.75086	0.06150	0.01636	0.00675	0.00215	0.00313	0.04660	0.00491	0.00432
42	0.00713	0.00535	0.00726	0.00743	0.00840	0.00551	0.00553	0.00882	0.01049	0.01438	0.16018	0.18659	0.13677	0.04058	0.36486	0.00495	0.00799	0.00908	0.00409	0.00462
43	0.01246	0.01192	0.02032	0.18831	0.63029	0.01240	0.01591	0.01567	0.01174	0.01651	0.00983	0.01329	0.00811	0.00483	0.00524	0.00161	0.00644	0.00471	0.00256	0.00787
44	0.00852	0.00671	0.00991	0.00916	0.01063	0.00646	0.08604	0.06707	0.01312	0.01793	0.26786	0.39436	0.03480	0.01258	0.00643	0.00192	0.00377	0.03255	0.00499	0.00520
45	0.00648	0.00463	0.00617	0.00733	0.00768	0.00432	0.00491	0.00747	0.01032	0.01381	0.05958	0.77942	0.03557	0.01633	0.00673	0.00213	0.00304	0.01481	0.00494	0.00432
46	0.01364	0.70618	0.13456	0.00989	0.01488	0.01970	0.01052	0.01596	0.01080	0.01304	0.00765	0.00886	0.00677	0.00459	0.00362	0.00121	0.00596	0.00298	0.00226	0.00693
47	0.01098	0.11146	0.70600	0.01443	0.02189	0.01320	0.01842	0.01664	0.01112	0.01628	0.00926	0.01088	0.00671	0.00497	0.00485	0.00162	0.00758	0.00379	0.00224	0.00770
48	0.01290	0.01079	0.01148	0.01027	0.01317	0.01226	0.00800	0.04956	0.65279	0.03638	0.06426	0.02216	0.05721	0.00765	0.00547	0.00178	0.00407	0.00639	0.00540	0.00801
49	0.01987	0.01459	0.01562	0.01200	0.01617	0.01614	0.00991	0.74709	0.02455	0.03302	0.01279	0.01285	0.00909	0.00634	0.00525	0.00158	0.00574	0.00476	0.02372	0.00890
50	0.08285	0.01903	0.01431	0.01225	0.01554	0.39737	0.00956	0.24387	0.09192	0.04703	0.01121	0.01170	0.00851	0.00588	0.00489	0.00150	0.00731	0.00409	0.00392	0.00727
51	0.01203	0.34621	0.48044	0.01264	0.01912	0.01576	0.01530	0.01637	0.01099	0.01500	0.00862	0.01008	0.00673	0.00482	0.00436	0.00145	0.00694	0.00347	0.00224	0.00740
52	0.02268	0.00955	0.01247	0.00969	0.01370	0.00873	0.00796	0.07309	0.07352	0.67863	0.02039	0.01779	0.01306	0.00658	0.00532	0.00164	0.00456	0.00533	0.00637	0.00895
53	0.00810	0.00519	0.00608	0.00608	0.00661	0.00534	0.00399	0.00907	0.00878	0.01293	0.01773	0.02921	0.04599	0.45273	0.16683	0.00476	0.00615	0.00681	0.19368	0.00393
54	0.01519	0.01752	0.01777	0.23178	0.17766	0.36342	0.07005	0.01774	0.01300	0.01428	0.00906	0.01185	0.00728	0.00518	0.00511	0.00154	0.00815	0.00424	0.00260	0.00659
55	0.10178	0.23142	0.08972	0.01007	0.01308	0.10215	0.00900	0.06676	0.01171	0.01589	0.01377	0.22208	0.01430	0.00840	0.00578	0.00166	0.06647	0.00651	0.00334	0.00611
56	0.01273	0.01220	0.02082	0.12022	0.69623	0.01247	0.01605	0.01591	0.01187	0.01684	0.00988	0.01320	0.00822	0.00478	0.00524	0.00159	0.00637	0.00471	0.00259	0.00809
57	0.01079	0.01022	0.01732	0.60075	0.23084	0.01196	0.01508	0.01422	0.01095	0.01449	0.00954	0.01383	0.00739	0.00514	0.00527	0.00171	0.00685	0.00470	0.00242	0.00653
58	0.01268	0.01329	0.09475	0.22607	0.22736	0.01227	0.19349	0.05692	0.01254	0.05675	0.01123	0.01517	0.00877	0.00533	0.00554	0.00171	0.00709	0.02877	0.00295	0.00732
59	0.00991	0.00720	0.00819	0.00780	0.00920	0.00731	0.00560	0.18281	0.01341	0.01777	0.03641	0.33077	0.13486	0.17510	0.01035	0.00254	0.00404	0.01032	0.02119	0.00521
60	0.01280	0.51901	0.31440	0.01132	0.01709	0.01765	0.01301	0.01617	0.01090	0.01406	0.00816	0.00949	0.00675	0.00471	0.00401	0.00134	0.00647	0.00323	0.00225	0.00717
61	0.01742	0.01191	0.01645	0.01272	0.01649	0.04901	0.16105	0.18312	0.07411	0.26115	0.08391	0.04036	0.01486	0.00680	0.00588	0.00169	0.02421	0.00598	0.00500	0.00786
62	0.00651	0.00470	0.00616	0.00720	0.00766	0.00435	0.00486	0.00757	0.01058	0.01410	0.08538	0.71269	0.07674	0.01597	0.00668	0.00209	0.00300	0.01442	0.00497	0.00435
63	0.01369	0.01414	0.10674	0.01634	0.09230	0.01288	0.21473	0.12341	0.23495	0.04639	0.01458	0.01641	0.01119	0.04994	0.00672	0.00190	0.00637	0.00559	0.00393	0.00779
64	0.01299	0.01216	0.01653	0.02175	0.41700	0.05455	0.01216	0.05701	0.19464	0.01886	0.04158	0.01894	0.08564	0.00645	0.00538	0.00164	0.00546	0.00572	0.00374	0.00780
65	0.01232	0.15179	0.31451	0.09286	0.10399	0.01374	0.17281	0.01663	0.01157	0.04703	0.00989	0.01213	0.00746	0.00487	0.00507	0.00160	0.00731	0.00444	0.00256	0.00742
66	0.00787	0.00642	0.00865	0.00884	0.00906	0.00739	0.00642	0.00878	0.00944	0.01308	0.03145	0.52501	0.02656	0.09138	0.01136	0.00247	0.20553	0.01163	0.00410	0.00457
67	0.01808	0.01587	0.07466	0.01288	0.01694	0.17150	0.09004	0.17510	0.15154	0.19666	0.01476	0.01457	0.01048	0.00605	0.00529	0.00162	0.00646	0.00492	0.00456	0.00801
68	0.01206	0.09501	0.30935	0.01411	0.01935	0.01292	0.15161	0.04095	0.17564	0.03291	0.01392	0.07456	0.01134	0.00628	0.00531	0.00170	0.00654	0.00558	0.00338	0.00750
69	0.00977	0.00681	0.00857	0.00858	0.01024	0.00683	0.00688	0.01411	0.14117	0.07242	0.24082	0.11883	0.06606	0.01184	0.00643	0.00199	0.00377	0.25381	0.00535	0.00571
70	0.01160	0.01063	0.01615	0.14898	0.25088	0.01144	0.06890	0.01818	0.23713	0.01793	0.05631	0.08219	0.01530	0.00703	0.00559	0.00176	0.00549	0.02345	0.00380	0.00727
71	0.08191	0.09845	0.01414	0.01018	0.01375	0.10480	0.00835	0.20096	0.11246	0.20901	0.02985	0.01548	0.02985	0.00634	0.00486	0.00154	0.00530	0.00479	0.04025	0.00773
72	0.01158	0.19206	0.59678	0.01369	0.02062	0.03032	0.01693	0.01687	0.02626	0.01587	0.00925	0.01074	0.00690	0.00497	0.00468	0.00156	0.00733	0.00371	0.00231	0.00757
73	0.00968	0.01788	0.41945	0.09048	0.10080	0.01009	0.01475	0.01383	0.01092	0.01561	0.01486	0.22850	0.01458	0.00814	0.00554	0.00180	0.00629	0.00708	0.00301	0.00673
74	0.01632	0.04421	0.03067	0.01150	0.01490	0.08599	0.08852	0.13016	0.12750	0.21963	0.04240	0.13289	0.01581	0.00778	0.00552	0.00170	0.00544	0.00668	0.00488	0.00749
75	0.01241	0.01022	0.01549	0.14669	0.29537	0.01063	0.03550	0.01705	0.13445	0.09051	0.01892	0.02095	0.11253	0.04845	0.00656	0.00186	0.00544	0.00603	0.00373	0.00720
76	0.01238	0.00815	0.01242	0.01486	0.21931	0.00819	0.00916	0.01458	0.01119	0.17649	0.01743	0.06064	0.05488	0.01975	0.31045	0.00430	0.00850	0.00610	0.02465	0.00658
77	0.05937	0.01262	0.01680	0.05546	0.12477	0.08704	0.15324	0.02055	0.27180	0.05809	0.01570	0.07465	0.01282	0.00659	0.00544	0.00173	0.00597	0.00601	0.00398	0.00738
78	0.01159	0.24748	0.57530	0.01339	0.02029	0.01469	0.01661	0.01649	0.01104	0.01554	0.00889	0.01041	0.00672	0.00488	0.00457	0.00152	0.00721	0.00361	0.00224	0.00753
79	0.01185	0.01843	0.28602	0.03752	0.09603	0.01289	0.42527	0.01673	0.01195	0.01683	0.01019	0.01310	0.00758	0.00469	0.00571	0.00173	0.00826	0.00527	0.00251	0.00745
80	0.01103	0.00619	0.00739	0.00686	0.00897	0.00533	0.00522	0.01247	0.01249	0.22312	0.03974	0.19596	0.42054	0.01218	0.00610	0.00182	0.00325	0.01036	0.00535	0.00566
81	0.01569	0.01115	0.01662	0.07993	0.28089	0.01131	0.04717	0.16602	0.01493	0.18296	0.01506	0.10785	0.01250	0.00685	0.00549	0.00168	0.00562	0.00613	0.00424	0.00790
82	0.01176	0.01180	0.01938	0.01719	0.09863	0.01389	0.20032	0.01540	0.08666	0.01528	0.01097	0.03345	0.00974	0.00888	0.04311	0.00230	0.36946	0.02232	0.00289	0.00656
83	0.00824	0.00599	0.00723	0.00729	0.00823	0.00608	0.00532	0.04452	0.02462	0.01368	0.02491	0.05700	0.14929	0.33925	0.13118	0.00424	0.00596	0.14869	0.00393	0.00435
84	0.01284	0.01259	0.02230	0.07330	0.65188	0.01261	0.10386	0.01616	0.01201	0.01703	0.01000	0.01328	0.00826	0.00471	0.00535	0.00161	0.00663	0.00489	0.00261	0.00809
85	0.03456	0.01239	0.05369	0.01338	0.01732	0.01186	0.20118	0.23666	0.07068	0.12106	0.08053	0.09194	0.01555	0.00720	0.00570	0.00172	0.00583	0.00659	0.00461	0.00755
86	0.01311	0.01055	0.01771	0.01404	0.01696	0.03965	0.27121	0.01582	0.02471	0.16202	0.03240	0.21700	0.01700	0.00886	0.00741	0.00190	0.09714	0.02192	0.00408	0.00651
87	0.01895	0.01608	0.01283	0.01110	0.01405	0.36553	0.00858	0.06283	0.01521	0.26256	0.08772	0.05329	0.01457	0.00769	0.02372	0.00170	0.00683	0.00529	0.00450	0.00698
88	0.01137	0.10351	0.65346	0.01412	0.02127	0.01308	0.01764	0.01747	0.05278	0.03307	0.01018	0.01151	0.00736	0.00512	0.00489	0.00163	0.00733	0.00394	0.00250	0.00777
89	0.01442	0.05637	0.01785	0.01576	0.12814	0.03049	0.09639	0.20165	0.01445	0.05942	0.01479	0.01694	0.08269	0.00730	0.00843	0.00179	0.20672	0.01554	0.00365	0.00721
90	0.01051	0.01203	0.09170	0.00980	0.01164	0.17617	0.00789	0.05308	0.01210	0.01481	0.02161	0.50851	0.02444	0.01237	0.00606	0.00190	0.00512	0.01077	0.00417	0.00532
91	0.01210	0.01126	0.01485	0.01264	0.01473	0.01362	0.08171	0.02047	0.38845	0.01782	0.01623	0.01745	0.03411	0.00931	0.04675	0.00228	0.26944	0.00569	0.00397	0.00711
92	0.01378	0.01188	0.01998	0.11211	0.62808	0.01201	0.01525	0.01685	0.01218	0.09071	0.01094	0.01366	0.00869	0.00495	0.00525	0.00160	0.00619	0.00477	0.00297	0.00817
93	0.01055	0.00900	0.00933	0.00904	0.01093	0.08307	0.00713	0.01586	0.20164	0.03628	0.24395	0.05899	0.09116	0.01055	0.00612	0.00187	0.00422	0.17926	0.00511	0.00594
94	0.01302	0.01276	0.01653	0.02185	0.41696	0.10469	0.01218	0.01825	0.17003	0.01805	0.09573	0.01839	0.04577	0.00631	0.00536	0.00161	0.00568	0.00560	0.00364	0.00758
95	0.00751	0.00542	0.00711	0.00681	0.00804	0.00502	0.00515	0.00996	0.01472	0.02077	0.72555	0.05831	0.04861	0.01112	0.00630	0.00171	0.00262	0.04455	0.00575	0.00497
96	0.01119	0.01162	0.02266	0.43274	0.06794	0.01248	0.33351	0.01510	0.01145	0.01515	0.00998	0.01412	0.00753	0.00490	0.00569	0.00176	0.00781	0.00536	0.00250	0.00653
97	0.01187	0.01325	0.02835	0.02060	0.02531	0.01258	0.66763	0.01589	0.01213	0.01648	0.01236	0.09080	0.01058	0.00576	0.00661	0.00183	0.03122	0.00704	0.00288	0.00682
98	0.04587	0.02214	0.01460	0.01296	0.01593	0.59751	0.00989	0.11891	0.08267	0.01676	0.00991	0.01081	0.00788	0.00570	0.00484	0.00144	0.00840	0.00379	0.00331	0.00669
99	0.00706	0.00505	0.00685	0.00807	0.00865	0.00483	0.00599	0.00844	0.01074	0.01419	0.02879	0.58554	0.03360	0.01598	0.00691	0.00223	0.00361	0.23410	0.00490	0.00447
100	0.01254	0.01410	0.03026	0.02326	0.10012	0.01329	0.69029	0.01687	0.01244	0.01697	0.01062	0.01415	0.00806	0.00448	0.00614	0.00176	0.00866	0.00609	0.00267	0.00725
101	0.00736	0.00599	0.00672	0.00703	0.00861	0.02084	0.00566	0.00915	0.01243	0.01541	0.11427	0.05173	0.45614	0.01337	0.00655	0.00197	0.00349	0.24368	0.00494	0.00468
102	0.09242	0.00633	0.00796	0.00788	0.00949	0.00596	0.00576	0.01314	0.01137	0.22369	0.02480	0.51859	0.02622	0.01272	0.00603	0.00196	0.00355	0.01122	0.00519	0.00571
103	0.10995	0.01218	0.01368	0.01060	0.01467	0.01274	0.00875	0.41288	0.01959	0.30842	0.01512	0.01420	0.01015	0.00627	0.00508	0.00161	0.00515	0.00476	0.00553	0.00865
104	0.00643	0.00483	0.00597	0.00681	0.00754	0.00436	0.00468	0.00752	0.01080	0.01399	0.06334	0.58474	0.22877	0.01552	0.00660	0.00204	0.00294	0.01382	0.00494	0.00436
105	0.01191	0.01137	0.01934	0.32290	0.49993	0.01225	0.01564	0.01520	0.01148	0.01585	0.00974	0.01347	0.00787	0.00493	0.00525	0.00164	0.00657	0.00471	0.00252	0.00743
106	0.01574	0.01092	0.01214	0.01049	0.01377	0.01203	0.00828	0.04871	0.57937	0.19469	0.02111	0.01913	0.01524	0.00701	0.00536	0.00175	0.00430	0.00579	0.00564	0.00853
