[name]
unknown

[dist]
# distance from previous block
# <min> <max>
0	40

[block]
# block no. 0 follows, 46 sequences, length 25
# corresponding to MSA columns:
# 41-65
name=unknown_A
#
# <colnr> <probs for GDERKNQSTAVLIFYWHMCP>
#	G	D	E	R	K	N	Q	S	T	A	V	L	I	F	Y	W	H	M	C	P
0	0.05314	0.41124	0.17027	0.01007	0.01447	0.01509	0.01040	0.01590	0.03802	0.05988	0.03063	0.07333	0.01221	0.00661	0.00448	0.00149	0.00556	0.05732	0.00313	0.00676
1	0.44233	0.03208	0.01038	0.00845	0.01182	0.09541	0.00686	0.03529	0.01198	0.20684	0.06116	0.01314	0.01067	0.00574	0.00419	0.00157	0.00475	0.00400	0.00419	0.02915
2	0.00976	0.00884	0.06410	0.00841	0.01098	0.00767	0.00711	0.01521	0.19186	0.04766	0.28089	0.03335	0.15903	0.00960	0.00582	0.00171	0.00365	0.06138	0.00506	0.06790
3	0.01039	0.00868	0.01000	0.00838	0.01163	0.00788	0.00658	0.01556	0.19061	0.01819	0.08645	0.07912	0.06134	0.00754	0.00505	0.00138	0.00379	0.06028	0.00426	0.40288
4	0.01292	0.40007	0.37350	0.01212	0.01802	0.07202	0.01392	0.01662	0.01124	0.01444	0.00838	0.00978	0.00675	0.00482	0.00423	0.00140	0.00692	0.00336	0.00228	0.00721
5	0.01413	0.81739	0.02770	0.00905	0.01357	0.02092	0.00905	0.01583	0.01074	0.01244	0.00735	0.00848	0.00678	0.00452	0.00339	0.00113	0.00565	0.00283	0.00226	0.00678
6	0.00890	0.00639	0.00853	0.00940	0.01064	0.00644	0.00786	0.06385	0.01264	0.01657	0.02714	0.21672	0.02987	0.01443	0.00704	0.00231	0.00455	0.53677	0.00491	0.00504
7	0.00918	0.00459	0.00689	0.00689	0.00689	0.00459	0.00459	0.00689	0.00689	0.00918	0.00918	0.01607	0.00918	0.01837	0.02066	0.84619	0.00459	0.00459	0.00230	0.00230
8	0.01484	0.01197	0.01274	0.01100	0.01426	0.01363	0.00868	0.17395	0.60115	0.04688	0.01975	0.01828	0.01463	0.00699	0.00536	0.00175	0.00452	0.00572	0.00540	0.00851
9	0.01129	0.00959	0.01114	0.00799	0.01267	0.00738	0.00640	0.04036	0.01146	0.01781	0.00952	0.01102	0.00787	0.00400	0.00396	0.00081	0.00398	0.00319	0.00321	0.81633
10	0.00770	0.00549	0.00760	0.00760	0.00831	0.00613	0.00557	0.00912	0.00841	0.01211	0.01497	0.02436	0.01482	0.24217	0.55230	0.00725	0.01120	0.00616	0.04441	0.00433
11	0.01332	0.01301	0.02123	0.03178	0.75414	0.04020	0.01601	0.01640	0.01214	0.01712	0.00988	0.01296	0.00832	0.00474	0.00522	0.00156	0.00640	0.00466	0.00262	0.00829
12	0.01118	0.01078	0.01781	0.10356	0.01858	0.01289	0.19430	0.01414	0.03826	0.01498	0.01040	0.01442	0.00878	0.00934	0.06617	0.00241	0.33996	0.00519	0.10083	0.00604
13	0.00653	0.00471	0.00620	0.00737	0.00779	0.00438	0.00503	0.00754	0.01031	0.01364	0.03029	0.73914	0.07147	0.01632	0.00675	0.00214	0.00313	0.04803	0.00491	0.00433
14	0.00879	0.00782	0.01088	0.01004	0.01143	0.06465	0.08905	0.01064	0.00967	0.01296	0.01627	0.16812	0.01654	0.06598	0.46496	0.00588	0.01073	0.00741	0.00321	0.00493
15	0.11705	0.07379	0.01800	0.07862	0.10946	0.21432	0.10928	0.14265	0.03422	0.03946	0.01009	0.01177	0.00781	0.00531	0.00490	0.00155	0.00704	0.00427	0.00331	0.00712
16	0.01070	0.00948	0.00948	0.02671	0.01110	0.09905	0.00670	0.08566	0.11428	0.01940	0.30760	0.04668	0.15381	0.01175	0.06197	0.00216	0.00483	0.00790	0.00489	0.00585
17	0.00733	0.00527	0.00608	0.00603	0.00716	0.00484	0.00431	0.00892	0.01203	0.01636	0.28377	0.07878	0.26708	0.16109	0.00990	0.00235	0.00312	0.02665	0.08452	0.00445
18	0.01151	0.05133	0.41225	0.04426	0.02499	0.01305	0.33319	0.01668	0.01168	0.01655	0.00991	0.01247	0.00727	0.00477	0.00548	0.00170	0.00817	0.00488	0.00242	0.00742
19	0.01500	0.01333	0.01793	0.07222	0.01896	0.09340	0.17817	0.17505	0.07027	0.07883	0.01340	0.04755	0.01106	0.00708	0.00740	0.00181	0.12445	0.04310	0.00385	0.00714
20	0.01477	0.00962	0.01061	0.00930	0.01161	0.06648	0.00714	0.01974	0.20989	0.23396	0.01783	0.02085	0.01428	0.14873	0.11190	0.00315	0.03585	0.00575	0.04177	0.00678
21	0.00674	0.00504	0.00611	0.00661	0.00749	0.00459	0.00463	0.00799	0.01129	0.01473	0.15478	0.37622	0.24576	0.08810	0.00840	0.00225	0.00312	0.03689	0.00490	0.00437
22	0.01468	0.00897	0.01067	0.08403	0.01366	0.03183	0.00757	0.17479	0.01494	0.20104	0.03838	0.20102	0.03718	0.00889	0.00543	0.00169	0.00445	0.00752	0.12653	0.00672
23	0.01656	0.01819	0.01631	0.01447	0.07120	0.38416	0.09295	0.07274	0.05830	0.03455	0.01020	0.01159	0.00809	0.00519	0.00489	0.00136	0.00748	0.00405	0.00321	0.16449
24	0.01295	0.01092	0.01387	0.05734	0.01595	0.00980	0.06634	0.17231	0.01400	0.02038	0.01019	0.01177	0.00804	0.00455	0.00447	0.00109	0.00489	0.00381	0.00351	0.55382

[dist]
# distance from previous block
# <min> <max>
0	8

[block]
# block no. 1 follows, 46 sequences, length 38
# corresponding to MSA columns:
# 74-111
name=unknown_B
#
# <colnr> <probs for GDERKNQSTAVLIFYWHMCP>
#	G	D	E	R	K	N	Q	S	T	A	V	L	I	F	Y	W	H	M	C	P
0	0.01384	0.10182	0.31229	0.01372	0.05589	0.11209	0.01344	0.10645	0.16509	0.01892	0.01207	0.01285	0.00911	0.00562	0.00491	0.00158	0.00666	0.00431	0.02163	0.00771
1	0.23559	0.08176	0.08756	0.01282	0.01725	0.03749	0.17827	0.14146	0.07010	0.07280	0.01117	0.01225	0.00826	0.00532	0.00478	0.00162	0.00613	0.00444	0.00365	0.00729
2	0.01411	0.03659	0.01236	0.01036	0.01244	0.14799	0.00822	0.13145	0.01461	0.09892	0.18055	0.07747	0.03316	0.03260	0.00806	0.00185	0.12903	0.03952	0.00442	0.00630
3	0.01223	0.00847	0.00932	0.00864	0.01094	0.04272	0.00673	0.01742	0.21246	0.15985	0.08925	0.12970	0.18357	0.01043	0.00594	0.00183	0.00395	0.07479	0.00531	0.00646
4	0.06016	0.01041	0.01188	0.00947	0.01294	0.01054	0.00769	0.28977	0.04014	0.23321	0.12321	0.02156	0.09330	0.00756	0.00536	0.00160	0.00447	0.00608	0.00547	0.04519
5	0.04191	0.28632	0.13554	0.01267	0.06173	0.15309	0.01122	0.12991	0.05580	0.05064	0.01013	0.01101	0.00795	0.00529	0.00446	0.00142	0.00654	0.00377	0.00320	0.00740
6	0.00667	0.00470	0.00607	0.00706	0.00731	0.00445	0.00459	0.00742	0.00967	0.01289	0.02682	0.66654	0.03204	0.16477	0.01049	0.00270	0.00345	0.01366	0.00459	0.00409
7	0.01083	0.10831	0.67328	0.01407	0.02125	0.01285	0.01780	0.01635	0.01129	0.01649	0.04359	0.01215	0.00863	0.00523	0.00491	0.00162	0.00735	0.00405	0.00240	0.00758
8	0.03974	0.00964	0.01222	0.01040	0.01298	0.07062	0.08943	0.08463	0.01405	0.20257	0.12626	0.23637	0.02314	0.00976	0.00590	0.00180	0.00483	0.03418	0.00499	0.00648
9	0.00934	0.00618	0.00728	0.00715	0.00820	0.00661	0.00536	0.05763	0.01154	0.01768	0.05303	0.24983	0.06248	0.01072	0.02122	0.00181	0.08394	0.00836	0.36658	0.00506
10	0.00657	0.00465	0.00610	0.00720	0.00748	0.00438	0.00474	0.00739	0.00988	0.01317	0.02788	0.73251	0.03338	0.09697	0.00878	0.00245	0.00327	0.01429	0.00474	0.00418
11	0.01213	0.01181	0.02078	0.25392	0.49285	0.01240	0.08796	0.01551	0.01166	0.01615	0.00986	0.01349	0.00796	0.00485	0.00535	0.00165	0.00676	0.00485	0.00254	0.00753
12	0.01238	0.01184	0.02019	0.20676	0.61241	0.01238	0.01587	0.01561	0.01171	0.01642	0.00982	0.01331	0.00807	0.00484	0.00525	0.00161	0.00645	0.00471	0.00256	0.00781
13	0.01091	0.01076	0.01292	0.01163	0.01228	0.10030	0.00934	0.01232	0.00901	0.01250	0.01002	0.01543	0.00961	0.04654	0.29743	0.00454	0.40157	0.00497	0.00258	0.00535
14	0.01266	0.01213	0.02069	0.13734	0.67965	0.01245	0.01601	0.01585	0.01184	0.01676	0.00987	0.01322	0.00819	0.00479	0.00524	0.00160	0.00639	0.00471	0.00258	0.00803
15	0.01220	0.01340	0.02681	0.01965	0.02380	0.01364	0.55679	0.01582	0.01144	0.01603	0.00980	0.01349	0.00778	0.00547	0.00853	0.00184	0.18208	0.00572	0.00262	0.05308
16	0.01711	0.06239	0.01449	0.01183	0.01479	0.39153	0.00925	0.18996	0.07697	0.01882	0.05808	0.01475	0.03473	0.00835	0.05219	0.00189	0.00768	0.00463	0.00376	0.00680
17	0.00762	0.00510	0.00579	0.00586	0.00588	0.00508	0.00330	0.00767	0.00783	0.01044	0.01737	0.07917	0.02012	0.76840	0.02575	0.00495	0.00501	0.00811	0.00330	0.00327
18	0.01329	0.00950	0.01047	0.00913	0.01194	0.01001	0.00716	0.12901	0.30675	0.12081	0.07022	0.06351	0.19755	0.00907	0.00567	0.00175	0.00396	0.00755	0.00541	0.00724
19	0.01962	0.01973	0.01526	0.01281	0.01625	0.39552	0.01006	0.36872	0.05280	0.02287	0.01087	0.01146	0.00824	0.00594	0.00504	0.00149	0.00756	0.00415	0.00404	0.00757
20	0.00675	0.00485	0.00593	0.00665	0.00708	0.00454	0.00433	0.00748	0.00974	0.01273	0.02920	0.49612	0.13470	0.23036	0.01209	0.00290	0.00357	0.01252	0.00445	0.00402
21	0.00644	0.00460	0.00613	0.00736	0.00767	0.00429	0.00491	0.00736	0.01012	0.01350	0.02914	0.81076	0.03497	0.01656	0.00675	0.00215	0.00307	0.01503	0.00491	0.00429
22	0.01062	0.00989	0.01608	0.47250	0.22733	0.01130	0.01369	0.01448	0.05653	0.01504	0.01312	0.06747	0.03720	0.00627	0.00541	0.00174	0.00626	0.00568	0.00286	0.00652
23	0.01852	0.02323	0.01433	0.01310	0.01565	0.71371	0.00985	0.01993	0.01433	0.01287	0.00878	0.01067	0.00746	0.00890	0.08426	0.00208	0.01000	0.00363	0.00273	0.00599
24	0.01147	0.00969	0.01123	0.00807	0.01274	0.00756	0.00647	0.05465	0.01173	0.01811	0.00958	0.01106	0.00789	0.00405	0.00399	0.00083	0.00402	0.00322	0.00325	0.80038
25	0.01252	0.00984	0.01315	0.00946	0.01416	0.00776	0.08262	0.01505	0.01157	0.10173	0.01079	0.01207	0.00843	0.00426	0.00430	0.00098	0.00448	0.00369	0.00346	0.66968
26	0.01299	0.01247	0.02129	0.05514	0.75926	0.01254	0.01618	0.01614	0.01199	0.01716	0.00993	0.01311	0.00833	0.00473	0.00524	0.00158	0.00630	0.00471	0.00261	0.00830
27	0.01959	0.05582	0.01572	0.01309	0.01624	0.58164	0.01013	0.19218	0.01708	0.01762	0.00918	0.01022	0.00731	0.00562	0.00483	0.00140	0.00851	0.00369	0.00330	0.00682
28	0.08668	0.06869	0.48825	0.01260	0.01888	0.01163	0.01484	0.01847	0.01190	0.18766	0.02510	0.01279	0.00879	0.00542	0.00486	0.00163	0.00653	0.00416	0.00334	0.00778
29	0.06351	0.01186	0.01948	0.11786	0.60687	0.01216	0.01495	0.01640	0.01186	0.05999	0.01033	0.01320	0.00833	0.00489	0.00513	0.00160	0.00614	0.00463	0.00284	0.00796
30	0.01692	0.01372	0.01288	0.01071	0.01349	0.16012	0.00857	0.32239	0.01740	0.06909	0.01284	0.01399	0.00971	0.00644	0.00602	0.00153	0.08615	0.00456	0.20630	0.00715
31	0.00998	0.00940	0.01586	0.80150	0.03641	0.01175	0.01468	0.01351	0.01057	0.01351	0.00940	0.01409	0.00705	0.00529	0.00529	0.00176	0.00705	0.00470	0.00235	0.00587
32	0.07638	0.07645	0.27566	0.01543	0.09122	0.09324	0.08906	0.11615	0.04855	0.05334	0.01069	0.01201	0.00796	0.00528	0.00496	0.00159	0.00695	0.00428	0.00318	0.00763
33	0.01367	0.01371	0.16553	0.01444	0.01842	0.01097	0.21923	0.01688	0.01178	0.19189	0.01471	0.11806	0.01239	0.00811	0.02467	0.00200	0.12627	0.00647	0.00372	0.00707
34	0.00637	0.00487	0.00585	0.00663	0.00748	0.00436	0.00458	0.00744	0.01082	0.01378	0.03800	0.53501	0.30499	0.01541	0.00657	0.00202	0.00293	0.01362	0.00491	0.00436
35	0.01251	0.01192	0.02001	0.33494	0.30600	0.04467	0.12671	0.01588	0.01178	0.04980	0.01025	0.01373	0.00794	0.00501	0.00539	0.00167	0.00704	0.00491	0.00270	0.00713
36	0.01564	0.01621	0.01834	0.04894	0.08749	0.28368	0.19766	0.04228	0.04777	0.08588	0.03227	0.01654	0.07099	0.00609	0.00544	0.00159	0.00746	0.00538	0.00348	0.00686
37	0.43881	0.00949	0.00976	0.00832	0.01121	0.01051	0.00682	0.01721	0.01078	0.22260	0.02530	0.01443	0.04343	0.00741	0.02988	0.00192	0.09620	0.00432	0.02513	0.00648

[dist]
# distance from previous block
# <min> <max>
0	1

[block]
# block no. 2 follows, 46 sequences, length 12
# corresponding to MSA columns:
# 113-124
name=unknown_C
#
# <colnr> <probs for GDERKNQSTAVLIFYWHMCP>
#	G	D	E	R	K	N	Q	S	T	A	V	L	I	F	Y	W	H	M	C	P
0	0.00897	0.00653	0.00819	0.00788	0.00962	0.00616	0.03236	0.03721	0.06568	0.06839	0.09027	0.25165	0.29526	0.01272	0.00632	0.00192	0.00353	0.07695	0.00505	0.00532
1	0.01510	0.01349	0.01310	0.01129	0.01430	0.16067	0.04375	0.15914	0.26484	0.06642	0.02042	0.06861	0.08426	0.00793	0.00551	0.00171	0.00557	0.03190	0.00471	0.00731
2	0.01260	0.22700	0.37314	0.01486	0.02104	0.01503	0.17586	0.07054	0.01233	0.01687	0.00943	0.01125	0.00717	0.00487	0.00488	0.00155	0.00735	0.00419	0.00256	0.00749
3	0.85155	0.01022	0.00777	0.00695	0.01022	0.01186	0.00573	0.01554	0.00900	0.02372	0.00736	0.00859	0.00573	0.00491	0.00327	0.00164	0.00409	0.00286	0.00327	0.00573
4	0.00687	0.00538	0.00621	0.00601	0.00752	0.00473	0.00450	0.00879	0.01351	0.01775	0.41742	0.04516	0.41306	0.01209	0.00624	0.00172	0.00259	0.01036	0.00537	0.00473
5	0.01213	0.01035	0.01215	0.00992	0.01348	0.03090	0.04288	0.09078	0.18842	0.01993	0.07044	0.02135	0.01568	0.00679	0.00511	0.00143	0.00457	0.09639	0.00424	0.34308
6	0.00672	0.00500	0.00622	0.00694	0.00775	0.00458	0.00492	0.00799	0.01116	0.01457	0.11471	0.46220	0.21002	0.04509	0.00738	0.00214	0.00313	0.07013	0.00494	0.00441
7	0.04649	0.01157	0.01314	0.01003	0.01428	0.04687	0.03964	0.16685	0.08138	0.13074	0.01268	0.01307	0.00943	0.00519	0.00463	0.00126	0.00488	0.00415	0.00421	0.37949
8	0.51590	0.04939	0.13134	0.01092	0.08359	0.01195	0.00921	0.01692	0.01036	0.10450	0.00940	0.01042	0.00697	0.00507	0.00395	0.00161	0.00498	0.00346	0.00336	0.00670
9	0.01190	0.01194	0.01674	0.01340	0.01593	0.12333	0.25027	0.06597	0.01178	0.01497	0.01360	0.08363	0.01330	0.20901	0.08394	0.00320	0.04160	0.00667	0.00318	0.00564
10	0.29793	0.01187	0.01201	0.05716	0.01463	0.01346	0.00833	0.29847	0.15251	0.02631	0.04860	0.01393	0.01100	0.00616	0.00467	0.00165	0.00486	0.00456	0.00447	0.00740
11	0.01058	0.01032	0.01705	0.53660	0.02981	0.01304	0.06789	0.01355	0.01005	0.01355	0.00884	0.01344	0.00709	0.00628	0.00855	0.00191	0.21837	0.00479	0.00236	0.00594

[dist]
# distance from previous block
# <min> <max>
0	1

[block]
# block no. 3 follows, 46 sequences, length 97
# corresponding to MSA columns:
# 126-203,205-223
name=unknown_D
#
# <colnr> <probs for GDERKNQSTAVLIFYWHMCP>
#	G	D	E	R	K	N	Q	S	T	A	V	L	I	F	Y	W	H	M	C	P
0	0.00975	0.00783	0.00892	0.00852	0.01042	0.00831	0.00655	0.02823	0.30636	0.01939	0.22734	0.10279	0.11230	0.03765	0.00674	0.00196	0.00359	0.08189	0.00528	0.00617
1	0.01001	0.00946	0.06785	0.01262	0.14844	0.00806	0.02622	0.01289	0.03845	0.06139	0.16594	0.03097	0.26158	0.00915	0.00632	0.00168	0.04450	0.02106	0.00429	0.05911
2	0.00660	0.00482	0.00622	0.00712	0.00773	0.00445	0.00492	0.00779	0.01096	0.01453	0.11708	0.61272	0.12255	0.01548	0.00665	0.00206	0.00301	0.03589	0.00501	0.00441
3	0.02010	0.01481	0.01587	0.01216	0.01639	0.01639	0.01005	0.76360	0.02486	0.03332	0.01269	0.01269	0.00899	0.00635	0.00529	0.00159	0.00582	0.00476	0.00529	0.00899
4	0.01287	0.01307	0.02417	0.02719	0.45599	0.01289	0.27911	0.01739	0.07059	0.01752	0.01110	0.01401	0.00885	0.00481	0.00560	0.00166	0.00705	0.00535	0.00285	0.00793
5	0.01261	0.47693	0.35484	0.01164	0.01758	0.01719	0.01356	0.01622	0.01092	0.01429	0.00827	0.00964	0.00675	0.00474	0.00409	0.00136	0.00658	0.00329	0.00225	0.00723
6	0.00646	0.00467	0.00607	0.00717	0.00758	0.00433	0.00479	0.00739	0.01020	0.01346	0.03063	0.73218	0.09047	0.03838	0.00727	0.00220	0.00309	0.01453	0.00486	0.00428
7	0.00762	0.00548	0.00676	0.00642	0.00787	0.00492	0.00482	0.00976	0.01408	0.04213	0.54825	0.06493	0.23436	0.01151	0.00623	0.00171	0.00262	0.01000	0.00558	0.00495
8	0.01423	0.76096	0.05288	0.00942	0.01399	0.04961	0.00944	0.01606	0.01092	0.01260	0.00745	0.00861	0.00678	0.00457	0.00350	0.00116	0.00587	0.00288	0.00228	0.00679
9	0.01060	0.02735	0.78682	0.01507	0.02288	0.01228	0.01953	0.01674	0.01116	0.01674	0.00949	0.01116	0.00670	0.00502	0.00502	0.00167	0.00781	0.00391	0.00223	0.00781
10	0.02065	0.01078	0.01280	0.00995	0.01375	0.01080	0.00817	0.31265	0.01845	0.39968	0.01723	0.01613	0.01154	0.00642	0.00511	0.00157	0.00477	0.00505	0.10598	0.00851
11	0.00653	0.00518	0.00573	0.00595	0.00722	0.00453	0.00424	0.00778	0.01157	0.01447	0.11726	0.21384	0.48357	0.07824	0.00802	0.00212	0.00294	0.01156	0.00486	0.00438
12	0.00655	0.00561	0.00564	0.00559	0.00743	0.00484	0.00420	0.00847	0.04478	0.01462	0.05217	0.04953	0.74622	0.01312	0.00621	0.00179	0.00274	0.01093	0.00493	0.00463
13	0.00639	0.00500	0.00579	0.00635	0.00742	0.00440	0.00447	0.00757	0.01125	0.01417	0.06923	0.41019	0.39941	0.01479	0.00648	0.00195	0.00286	0.01293	0.00494	0.00440
14	0.02010	0.01481	0.01587	0.01216	0.01639	0.01639	0.01005	0.76360	0.02486	0.03332	0.01269	0.01269	0.00899	0.00635	0.00529	0.00159	0.00582	0.00476	0.00529	0.00899
15	0.01413	0.81739	0.02770	0.00905	0.01357	0.02092	0.00905	0.01583	0.01074	0.01244	0.00735	0.00848	0.00678	0.00452	0.00339	0.00113	0.00565	0.00283	0.00226	0.00678
16	0.00852	0.00608	0.00852	0.00974	0.01095	0.00608	0.00852	0.01095	0.01217	0.01582	0.02799	0.05963	0.03042	0.01460	0.00730	0.00243	0.00487	0.74565	0.00487	0.00487
17	0.00766	0.00523	0.00631	0.00631	0.00650	0.00542	0.00388	0.00804	0.00785	0.01065	0.01616	0.03183	0.01802	0.65952	0.17996	0.00580	0.00693	0.00728	0.00313	0.00351
18	0.01489	0.71022	0.02598	0.00966	0.01394	0.12536	0.00920	0.01654	0.01132	0.01251	0.00746	0.00862	0.00679	0.00465	0.00358	0.00116	0.00618	0.00290	0.00232	0.00670
19	0.00686	0.00490	0.00658	0.00759	0.00814	0.00463	0.00541	0.00818	0.01102	0.01479	0.12427	0.61056	0.03624	0.01556	0.00676	0.00212	0.00324	0.11366	0.00502	0.00446
20	0.01614	0.53494	0.02317	0.01068	0.01456	0.29619	0.00946	0.01771	0.01225	0.01262	0.00764	0.00886	0.00679	0.00485	0.00388	0.00121	0.00704	0.00303	0.00243	0.00655
21	0.01060	0.02735	0.78682	0.01507	0.02288	0.01228	0.01953	0.01674	0.01116	0.01674	0.00949	0.01116	0.00670	0.00502	0.00502	0.00167	0.00781	0.00391	0.00223	0.00781
22	0.03251	0.00549	0.00673	0.00673	0.00773	0.00552	0.00483	0.00870	0.01021	0.01398	0.13230	0.08883	0.20621	0.20337	0.23884	0.00449	0.00661	0.00857	0.00400	0.00435
23	0.00758	0.00540	0.00667	0.00723	0.02873	0.00513	0.00488	0.00892	0.01101	0.01500	0.18079	0.18027	0.13892	0.23893	0.01207	0.00279	0.00369	0.07768	0.05995	0.00436
24	0.02316	0.00928	0.01238	0.00952	0.01355	0.00824	0.00785	0.07045	0.01572	0.72292	0.03635	0.01812	0.01361	0.00662	0.00533	0.00163	0.00454	0.00537	0.00645	0.00891
25	0.00671	0.00481	0.00639	0.00725	0.00778	0.00448	0.00500	0.00801	0.01124	0.01526	0.19627	0.62399	0.03820	0.01524	0.00664	0.00204	0.00297	0.02812	0.00511	0.00446
26	0.01068	0.02679	0.75489	0.01537	0.02308	0.01232	0.05091	0.01675	0.01122	0.01675	0.00954	0.01129	0.00675	0.00500	0.00507	0.00168	0.00786	0.00401	0.00225	0.00778
27	0.00644	0.00460	0.00613	0.00736	0.00767	0.00429	0.00491	0.00736	0.01012	0.01350	0.02914	0.81076	0.03497	0.01656	0.00675	0.00215	0.00307	0.01503	0.00491	0.00429
28	0.00644	0.00460	0.00613	0.00736	0.00767	0.00429	0.00491	0.00736	0.01012	0.01350	0.02914	0.81076	0.03497	0.01656	0.00675	0.00215	0.00307	0.01503	0.00491	0.00429
29	0.00984	0.00525	0.00547	0.00542	0.00671	0.00540	0.00410	0.01280	0.04368	0.01930	0.01722	0.01978	0.01364	0.00850	0.05791	0.00175	0.00334	0.00502	0.74980	0.00506
30	0.01341	0.01149	0.01210	0.01081	0.01385	0.01327	0.00843	0.05570	0.74365	0.02254	0.02119	0.01946	0.01587	0.00714	0.00538	0.00179	0.00425	0.00593	0.00538	0.00839
31	0.02298	0.01018	0.01300	0.00997	0.01409	0.00953	0.00824	0.17648	0.01712	0.63138	0.01919	0.01691	0.01225	0.00650	0.00531	0.00163	0.00477	0.00520	0.00629	0.00900
32	0.01248	0.01426	0.03119	0.02228	0.02763	0.01337	0.76203	0.01693	0.01248	0.01693	0.01070	0.01426	0.00802	0.00446	0.00624	0.00178	0.00891	0.00624	0.00267	0.00713
33	0.01097	0.01127	0.02135	0.47404	0.03186	0.01260	0.28094	0.01468	0.01109	0.01468	0.00970	0.01399	0.00739	0.00524	0.00639	0.00180	0.05798	0.00524	0.00246	0.00632
34	0.01230	0.01547	0.10086	0.02162	0.02719	0.01327	0.69358	0.01692	0.01236	0.01692	0.01058	0.01397	0.00790	0.00451	0.00613	0.00177	0.00881	0.00602	0.00263	0.00719
35	0.01042	0.00981	0.01703	0.01401	0.01701	0.00970	0.28577	0.01551	0.14190	0.01698	0.02237	0.10703	0.07164	0.00969	0.00646	0.00201	0.00592	0.22637	0.00415	0.00622
36	0.00903	0.00756	0.00849	0.00819	0.03275	0.03718	0.00608	0.04285	0.01274	0.01689	0.15929	0.09343	0.24636	0.03808	0.00655	0.00176	0.00378	0.10033	0.00453	0.16412
37	0.01428	0.01615	0.01793	0.04556	0.06648	0.25910	0.10115	0.01611	0.01113	0.01361	0.00806	0.01144	0.00712	0.00705	0.01084	0.00188	0.37893	0.00444	0.00251	0.00622
38	0.01133	0.01128	0.01502	0.01308	0.01334	0.04762	0.01079	0.01260	0.00845	0.01267	0.00804	0.01282	0.00785	0.01352	0.12983	0.00317	0.65583	0.00473	0.00241	0.00564
39	0.01096	0.00940	0.01096	0.00783	0.01253	0.00705	0.00626	0.01331	0.01096	0.01723	0.00940	0.01096	0.00783	0.00392	0.00392	0.00078	0.00392	0.00313	0.00313	0.84653
40	0.81831	0.01090	0.03857	0.00727	0.01072	0.01188	0.00627	0.01559	0.00908	0.02344	0.00745	0.00869	0.00576	0.00491	0.00334	0.00164	0.00424	0.00290	0.00323	0.00581
41	0.00644	0.00460	0.00613	0.00736	0.00767	0.00429	0.00491	0.00736	0.01012	0.01350	0.02914	0.81076	0.03497	0.01656	0.00675	0.00215	0.00307	0.01503	0.00491	0.00429
42	0.01284	0.01067	0.01192	0.00918	0.01339	0.00992	0.00734	0.12651	0.20052	0.02078	0.01287	0.01337	0.01005	0.00507	0.00448	0.00115	0.00426	0.00407	0.00400	0.51761
43	0.00998	0.00940	0.01586	0.80150	0.03641	0.01175	0.01468	0.01351	0.01057	0.01351	0.00940	0.01409	0.00705	0.00529	0.00529	0.00176	0.00705	0.00470	0.00235	0.00587
44	0.85155	0.01022	0.00777	0.00695	0.01022	0.01186	0.00573	0.01554	0.00900	0.02372	0.00736	0.00859	0.00573	0.00491	0.00327	0.00164	0.00409	0.00286	0.00327	0.00573
45	0.00643	0.00466	0.00607	0.00720	0.00763	0.00431	0.00484	0.00738	0.01028	0.01356	0.03109	0.75008	0.09438	0.01631	0.00671	0.00212	0.00304	0.01472	0.00491	0.00431
46	0.00728	0.00540	0.00679	0.00644	0.00777	0.00490	0.00483	0.00959	0.01449	0.02008	0.66067	0.04134	0.16835	0.01123	0.00624	0.00168	0.00252	0.00982	0.00567	0.00490
47	0.02372	0.00900	0.01227	0.00941	0.01350	0.00777	0.00777	0.02576	0.01513	0.78489	0.02086	0.01799	0.01309	0.00654	0.00532	0.00164	0.00450	0.00532	0.00654	0.00900
48	0.00730	0.00540	0.00681	0.00646	0.00778	0.00491	0.00484	0.00962	0.01453	0.02016	0.66925	0.04120	0.15972	0.01120	0.00624	0.00168	0.00252	0.00980	0.00568	0.00491
49	0.00644	0.00460	0.00613	0.00736	0.00767	0.00429	0.00491	0.00736	0.01012	0.01350	0.02914	0.81076	0.03497	0.01656	0.00675	0.00215	0.00307	0.01503	0.00491	0.00429
50	0.00644	0.00460	0.00613	0.00736	0.00767	0.00429	0.00491	0.00736	0.01012	0.01350	0.02914	0.81076	0.03497	0.01656	0.00675	0.00215	0.00307	0.01503	0.00491	0.00429
51	0.00755	0.00566	0.00850	0.00850	0.00944	0.00661	0.00661	0.00944	0.00850	0.01227	0.01416	0.02077	0.01322	0.03965	0.79326	0.00850	0.01416	0.00566	0.00283	0.00472
52	0.00755	0.00566	0.00850	0.00850	0.00944	0.00661	0.00661	0.00944	0.00850	0.01227	0.01416	0.02077	0.01322	0.03965	0.79326	0.00850	0.01416	0.00566	0.00283	0.00472
53	0.01413	0.81739	0.02770	0.00905	0.01357	0.02092	0.00905	0.01583	0.01074	0.01244	0.00735	0.00848	0.00678	0.00452	0.00339	0.00113	0.00565	0.00283	0.00226	0.00678
54	0.85155	0.01022	0.00777	0.00695	0.01022	0.01186	0.00573	0.01554	0.00900	0.02372	0.00736	0.00859	0.00573	0.00491	0.00327	0.00164	0.00409	0.00286	0.00327	0.00573
55	0.01040	0.00982	0.01661	0.69747	0.13717	0.01186	0.01489	0.01387	0.01077	0.01402	0.00947	0.01396	0.00723	0.00521	0.00528	0.00174	0.00694	0.00470	0.00239	0.00621
56	0.01298	0.01245	0.02127	0.05878	0.75573	0.01253	0.01617	0.01613	0.01199	0.01714	0.00993	0.01312	0.00833	0.00473	0.00524	0.00158	0.00631	0.00471	0.00261	0.00829
57	0.02239	0.01073	0.01329	0.01023	0.01433	0.01039	0.00844	0.23728	0.03887	0.54838	0.01853	0.01652	0.01200	0.00650	0.00531	0.00163	0.00487	0.00518	0.00615	0.00898
58	0.00659	0.00507	0.00606	0.00667	0.00771	0.00454	0.00481	0.00790	0.01141	0.01455	0.09390	0.39166	0.33752	0.01471	0.00655	0.00199	0.00300	0.06595	0.00497	0.00445
59	0.01463	0.00892	0.01072	0.00892	0.01167	0.00898	0.00709	0.18652	0.08739	0.20075	0.35902	0.02660	0.02895	0.00847	0.00573	0.00165	0.00387	0.00716	0.00583	0.00714
60	0.01550	0.01034	0.01108	0.00934	0.01203	0.11040	0.05516	0.06864	0.07635	0.20582	0.01708	0.05122	0.01303	0.00659	0.00477	0.00149	0.00469	0.00542	0.31428	0.00675
61	0.01877	0.01252	0.01391	0.01115	0.01497	0.01357	0.00905	0.38349	0.24858	0.19060	0.01711	0.01595	0.01203	0.00664	0.00532	0.00166	0.00504	0.00525	0.00558	0.00880
62	0.00647	0.00468	0.00612	0.00721	0.00764	0.00433	0.00485	0.00748	0.01043	0.01385	0.06030	0.73237	0.08246	0.01613	0.00670	0.00211	0.00302	0.01457	0.00494	0.00433
63	0.01109	0.01052	0.01785	0.52731	0.30197	0.01204	0.01523	0.01448	0.01109	0.01485	0.00959	0.01373	0.00752	0.00508	0.00527	0.00169	0.00677	0.00470	0.00244	0.00676
64	0.01372	0.53214	0.08987	0.01274	0.01771	0.01827	0.18460	0.04838	0.01179	0.01473	0.00853	0.01022	0.00716	0.00463	0.00427	0.00135	0.00659	0.00379	0.00249	0.00704
65	0.00715	0.00513	0.00694	0.00813	0.00879	0.00492	0.00613	0.00861	0.01087	0.01432	0.02931	0.53350	0.05081	0.01581	0.00693	0.00224	0.00368	0.26733	0.00489	0.00450
66	0.00752	0.00514	0.00606	0.00637	0.00659	0.00506	0.00399	0.00793	0.00863	0.01141	0.02087	0.16036	0.04722	0.58846	0.02124	0.00430	0.00470	0.07690	0.00368	0.00357
67	0.01233	0.01342	0.02776	0.07418	0.18176	0.01293	0.54763	0.01639	0.01222	0.01672	0.01080	0.02875	0.00853	0.00479	0.00598	0.00174	0.00815	0.00599	0.00268	0.00725
68	0.01781	0.00932	0.01138	0.00924	0.01257	0.00905	0.00748	0.14870	0.09143	0.38490	0.12397	0.02426	0.09647	0.00799	0.00557	0.00168	0.00425	0.02015	0.00592	0.00786
69	0.00963	0.00826	0.01125	0.29106	0.01954	0.00932	0.00935	0.01528	0.19078	0.01755	0.19660	0.02835	0.10860	0.00852	0.00576	0.00179	0.00468	0.05332	0.00432	0.00603
70	0.01947	0.01406	0.01382	0.01119	0.01474	0.14659	0.00898	0.36699	0.01923	0.21483	0.04705	0.04921	0.01260	0.00779	0.02713	0.00178	0.00610	0.00534	0.00510	0.00801
71	0.85155	0.01022	0.00777	0.00695	0.01022	0.01186	0.00573	0.01554	0.00900	0.02372	0.00736	0.00859	0.00573	0.00491	0.00327	0.00164	0.00409	0.00286	0.00327	0.00573
72	0.00740	0.00542	0.00695	0.00662	0.00791	0.00497	0.00500	0.00978	0.01462	0.02041	0.69082	0.04110	0.11642	0.01115	0.00627	0.00170	0.00258	0.03024	0.00571	0.00494
73	0.02000	0.01442	0.01556	0.01199	0.01617	0.01589	0.00988	0.70299	0.05246	0.06651	0.01339	0.01319	0.00944	0.00639	0.00529	0.00160	0.00570	0.00483	0.00535	0.00897
74	0.00918	0.00459	0.00689	0.00689	0.00689	0.00459	0.00459	0.00689	0.00689	0.00918	0.00918	0.01607	0.00918	0.01837	0.02066	0.84619	0.00459	0.00459	0.00230	0.00230
75	0.01238	0.00871	0.00904	0.00782	0.01007	0.03210	0.00614	0.22983	0.03724	0.02320	0.16177	0.02446	0.10239	0.00788	0.00499	0.00149	0.00372	0.00641	0.30414	0.00620
76	0.01411	0.01139	0.01221	0.01055	0.01381	0.01271	0.00830	0.11435	0.58349	0.05518	0.02048	0.01904	0.03383	0.00700	0.00530	0.00170	0.00434	0.00575	0.00526	0.06120
77	0.01168	0.29798	0.49294	0.01264	0.01905	0.01494	0.01531	0.01614	0.01118	0.01545	0.04124	0.01144	0.00855	0.00510	0.00451	0.00149	0.00685	0.00377	0.00239	0.00734
78	0.01209	0.00661	0.00844	0.00793	0.00977	0.00610	0.00593	0.06035	0.01317	0.22493	0.11586	0.37918	0.10371	0.01221	0.00616	0.00188	0.00352	0.01072	0.00548	0.00596
79	0.01262	0.01038	0.01185	0.00862	0.01323	0.00874	0.00695	0.14937	0.01348	0.02014	0.00999	0.01128	0.00804	0.00436	0.00416	0.00093	0.00426	0.00343	0.00352	0.69464
80	0.01133	0.01060	0.01700	0.25623	0.28338	0.01080	0.04920	0.01437	0.01113	0.01581	0.00981	0.01323	0.00801	0.00626	0.03914	0.00176	0.02087	0.00443	0.00267	0.21397
81	0.01124	0.10925	0.61862	0.01614	0.08725	0.01325	0.03985	0.01661	0.01123	0.01634	0.00934	0.01113	0.00689	0.00493	0.00490	0.00161	0.00748	0.00393	0.00228	0.00773
82	0.00696	0.00524	0.00640	0.00667	0.00779	0.00477	0.00491	0.00860	0.01230	0.01624	0.27486	0.23415	0.25918	0.05268	0.00747	0.00206	0.00303	0.07702	0.00511	0.00456
83	0.01341	0.01146	0.01176	0.01043	0.01329	0.04525	0.00812	0.12433	0.52365	0.02245	0.06911	0.05956	0.04799	0.00792	0.00550	0.00176	0.00441	0.00658	0.00524	0.00779
84	0.04048	0.01251	0.01751	0.01354	0.01713	0.06227	0.21722	0.20575	0.04956	0.09917	0.04193	0.01572	0.01133	0.00786	0.04859	0.00202	0.04041	0.00538	0.08436	0.00726
85	0.00655	0.00494	0.00608	0.00683	0.00767	0.00447	0.00480	0.00778	0.01114	0.01443	0.09582	0.50363	0.24739	0.01512	0.00659	0.00202	0.00298	0.04237	0.00498	0.00442
86	0.00773	0.00552	0.00666	0.00630	0.00779	0.00493	0.00471	0.00973	0.01374	0.04871	0.48202	0.04219	0.28657	0.04164	0.00698	0.00183	0.00273	0.00985	0.00545	0.00491
87	0.01490	0.04375	0.01342	0.01123	0.01440	0.10906	0.00884	0.12255	0.55350	0.02209	0.01821	0.01714	0.01372	0.00675	0.00522	0.00169	0.00510	0.00539	0.00493	0.00812
88	0.05845	0.01890	0.01509	0.01273	0.01605	0.39090	0.04138	0.25716	0.04405	0.05074	0.01135	0.03846	0.00903	0.00615	0.00503	0.00152	0.00746	0.00449	0.00388	0.00719
89	0.00760	0.00549	0.00763	0.00763	0.00828	0.00614	0.00553	0.00889	0.00824	0.01163	0.01495	0.02514	0.01511	0.28455	0.55096	0.00743	0.01130	0.00630	0.00295	0.00424
90	0.01530	0.01040	0.01164	0.00996	0.01304	0.01127	0.00788	0.11763	0.41603	0.16946	0.09733	0.02052	0.01796	0.00727	0.00536	0.00169	0.00419	0.00601	0.04902	0.00804
91	0.01303	0.30092	0.05211	0.01703	0.02210	0.01602	0.45076	0.01684	0.03248	0.01547	0.00976	0.01226	0.00776	0.00457	0.00516	0.00155	0.00759	0.00495	0.00259	0.00706
92	0.23169	0.01659	0.01309	0.01114	0.01449	0.27548	0.00887	0.26992	0.01667	0.04526	0.01070	0.01272	0.00845	0.00603	0.00468	0.00156	0.00655	0.03514	0.00393	0.00702
93	0.00643	0.00466	0.00607	0.00720	0.00763	0.00431	0.00484	0.00738	0.01028	0.01356	0.03109	0.75008	0.09438	0.01631	0.00671	0.00212	0.00304	0.01472	0.00491	0.00431
94	0.00769	0.00567	0.00723	0.00684	0.00816	0.00535	0.00512	0.01071	0.05179	0.02080	0.69631	0.06455	0.06793	0.01089	0.00621	0.00169	0.00260	0.00961	0.00574	0.00512
95	0.01641	0.14339	0.30519	0.01195	0.01727	0.11700	0.01263	0.01983	0.01288	0.25693	0.01349	0.01352	0.02520	0.00566	0.00485	0.00154	0.00656	0.00427	0.00371	0.00773
96	0.03851	0.61208	0.09650	0.01073	0.01545	0.01855	0.07923	0.01574	0.01079	0.01358	0.00814	0.00978	0.00713	0.00606	0.03718	0.00157	0.00647	0.00336	0.00235	0.00679

[dist]
# distance from previous block
# <min> <max>
0	1

[block]
# block no. 4 follows, 46 sequences, length 11
# corresponding to MSA columns:
# 225-235
name=unknown_E
#
# <colnr> <probs for GDERKNQSTAVLIFYWHMCP>
#	G	D	E	R	K	N	Q	S	T	A	V	L	I	F	Y	W	H	M	C	P
0	0.34451	0.07013	0.01298	0.01072	0.01377	0.43817	0.00838	0.01859	0.01237	0.01712	0.00780	0.00910	0.00638	0.00518	0.00409	0.00145	0.00716	0.00316	0.00291	0.00601
1	0.00655	0.00509	0.00596	0.00633	0.00747	0.00450	0.00452	0.00795	0.01190	0.01529	0.18083	0.32526	0.37134	0.01406	0.00643	0.00189	0.00278	0.01227	0.00508	0.00450
2	0.00644	0.00460	0.00613	0.00736	0.00767	0.00429	0.00491	0.00736	0.01012	0.01350	0.02914	0.81076	0.03497	0.01656	0.00675	0.00215	0.00307	0.01503	0.00491	0.00429
3	0.27389	0.17896	0.23802	0.01279	0.06766	0.03552	0.05985	0.04779	0.01123	0.01869	0.00860	0.01017	0.00671	0.00490	0.00425	0.00154	0.00615	0.00359	0.00276	0.00695
4	0.01059	0.01002	0.01696	0.65005	0.18309	0.01191	0.01499	0.01404	0.01086	0.01425	0.00950	0.01390	0.00731	0.00517	0.00528	0.00172	0.00690	0.00470	0.00240	0.00637
5	0.00632	0.00509	0.00563	0.00606	0.00733	0.00440	0.00433	0.00751	0.01137	0.01400	0.04493	0.31935	0.51619	0.01451	0.00642	0.00191	0.00282	0.01253	0.00491	0.00440
6	0.00659	0.00498	0.00609	0.00663	0.00756	0.00448	0.00466	0.00794	0.01163	0.01522	0.18174	0.43731	0.25699	0.01451	0.00650	0.00195	0.00284	0.01283	0.00508	0.00448
7	0.05407	0.50793	0.23708	0.01113	0.01652	0.01770	0.03525	0.04030	0.01128	0.01500	0.00822	0.00955	0.00682	0.00474	0.00399	0.00134	0.00628	0.00330	0.00241	0.00710
8	0.00758	0.00495	0.00649	0.00735	0.00802	0.00454	0.00503	0.00861	0.01060	0.06517	0.03034	0.70292	0.08716	0.01566	0.00662	0.00209	0.00313	0.01410	0.00502	0.00462
9	0.00650	0.00465	0.00619	0.00732	0.00768	0.00434	0.00491	0.00752	0.01042	0.01397	0.07483	0.76373	0.03587	0.01621	0.00672	0.00212	0.00303	0.01470	0.00496	0.00434
10	0.06868	0.17978	0.27287	0.01320	0.01851	0.05284	0.13671	0.01742	0.02923	0.09512	0.03192	0.01392	0.03630	0.00549	0.00488	0.00157	0.00666	0.00458	0.00311	0.00721

[dist]
# distance from previous block
# <min> <max>
0	1

[block]
# block no. 5 follows, 46 sequences, length 64
# corresponding to MSA columns:
# 237-300
name=unknown_F
#
# <colnr> <probs for GDERKNQSTAVLIFYWHMCP>
#	G	D	E	R	K	N	Q	S	T	A	V	L	I	F	Y	W	H	M	C	P
0	0.01116	0.07575	0.61444	0.01475	0.02165	0.04188	0.07303	0.01653	0.01156	0.01656	0.04746	0.01256	0.00894	0.00525	0.00506	0.00164	0.00756	0.00427	0.00246	0.00749
1	0.00719	0.00513	0.00699	0.00821	0.00884	0.00494	0.00620	0.00865	0.01086	0.01433	0.02873	0.54176	0.03334	0.01586	0.00695	0.00225	0.00371	0.27669	0.00489	0.00450
2	0.01413	0.81739	0.02770	0.00905	0.01357	0.02092	0.00905	0.01583	0.01074	0.01244	0.00735	0.00848	0.00678	0.00452	0.00339	0.00113	0.00565	0.00283	0.00226	0.00678
3	0.00735	0.00549	0.00633	0.00638	0.00780	0.00491	0.00469	0.00919	0.03006	0.03895	0.20654	0.18458	0.39787	0.03915	0.00699	0.00194	0.00293	0.02901	0.00511	0.00475
4	0.01337	0.18443	0.07558	0.01042	0.01406	0.01418	0.00919	0.11636	0.36419	0.02095	0.10686	0.01812	0.01652	0.00677	0.00502	0.00160	0.00479	0.00542	0.00451	0.00766
5	0.01398	0.01398	0.02042	0.04845	0.65301	0.10110	0.01532	0.03956	0.01273	0.01718	0.00981	0.01269	0.00818	0.00486	0.00518	0.00155	0.00665	0.00456	0.00270	0.00808
6	0.01060	0.02735	0.78682	0.01507	0.02288	0.01228	0.01953	0.01674	0.01116	0.01674	0.00949	0.01116	0.00670	0.00502	0.00502	0.00167	0.00781	0.00391	0.00223	0.00781
7	0.00933	0.00737	0.00770	0.00769	0.00927	0.04155	0.00576	0.06829	0.09505	0.01708	0.03096	0.27328	0.22325	0.01195	0.00591	0.00184	0.00363	0.06076	0.11400	0.00534
8	0.01198	0.22843	0.08137	0.00886	0.01191	0.05656	0.00794	0.03205	0.01235	0.09971	0.10282	0.18824	0.11908	0.00927	0.00526	0.00162	0.00467	0.00767	0.00412	0.00611
9	0.00711	0.00550	0.00710	0.00830	0.04630	0.00507	0.00574	0.00862	0.01150	0.01494	0.10295	0.37602	0.24752	0.01426	0.00656	0.00201	0.00332	0.11761	0.00487	0.00469
10	0.00644	0.00460	0.00613	0.00736	0.00767	0.00429	0.00491	0.00736	0.01012	0.01350	0.02914	0.81076	0.03497	0.01656	0.00675	0.00215	0.00307	0.01503	0.00491	0.00429
11	0.01505	0.01137	0.01234	0.01072	0.01395	0.01278	0.00844	0.09242	0.61365	0.11628	0.02066	0.01889	0.01514	0.00702	0.00536	0.00176	0.00437	0.00579	0.00551	0.00850
12	0.01353	0.01260	0.04761	0.02438	0.49273	0.01248	0.01367	0.02014	0.23131	0.05665	0.01381	0.01517	0.01078	0.00552	0.00527	0.00164	0.00565	0.00507	0.00359	0.00838
13	0.01975	0.02520	0.01498	0.01362	0.01634	0.79299	0.01021	0.02111	0.01498	0.01294	0.00817	0.00953	0.00681	0.00545	0.00477	0.00136	0.00953	0.00340	0.00272	0.00613
14	0.00998	0.00940	0.01586	0.80150	0.03641	0.01175	0.01468	0.01351	0.01057	0.01351	0.00940	0.01409	0.00705	0.00529	0.00529	0.00176	0.00705	0.00470	0.00235	0.00587
15	0.02372	0.00900	0.01227	0.00941	0.01350	0.00777	0.00777	0.02576	0.01513	0.78489	0.02086	0.01799	0.01309	0.00654	0.00532	0.00164	0.00450	0.00532	0.00654	0.00900
16	0.00689	0.00479	0.00600	0.00679	0.00699	0.00459	0.00430	0.00748	0.00925	0.01233	0.02467	0.53279	0.02933	0.30223	0.01397	0.00321	0.00380	0.01240	0.00430	0.00390
17	0.85155	0.01022	0.00777	0.00695	0.01022	0.01186	0.00573	0.01554	0.00900	0.02372	0.00736	0.00859	0.00573	0.00491	0.00327	0.00164	0.00409	0.00286	0.00327	0.00573
18	0.01585	0.05480	0.01438	0.01013	0.01458	0.01261	0.00836	0.40091	0.01813	0.02528	0.01099	0.01172	0.00837	0.00520	0.00460	0.00122	0.00499	0.00396	0.00420	0.36972
19	0.01340	0.01250	0.01587	0.01846	0.31441	0.07575	0.01091	0.07923	0.04678	0.01847	0.01033	0.01221	0.00843	0.00471	0.00468	0.00125	0.00548	0.00404	0.00318	0.33993
20	0.01243	0.01189	0.02027	0.19535	0.62347	0.01239	0.01590	0.01565	0.01173	0.01647	0.00983	0.01330	0.00809	0.00483	0.00524	0.00161	0.00644	0.00471	0.00256	0.00784
21	0.01157	0.01157	0.01619	0.01388	0.01388	0.01619	0.01157	0.01272	0.00810	0.01272	0.00694	0.01157	0.00694	0.00925	0.01735	0.00231	0.80453	0.00463	0.00231	0.00578
22	0.01184	0.01275	0.02441	0.04251	0.02224	0.01396	0.44195	0.01500	0.01071	0.01514	0.00953	0.01364	0.00787	0.00788	0.04902	0.00230	0.28459	0.00561	0.00255	0.00651
23	0.01588	0.01894	0.01533	0.32542	0.02428	0.48381	0.01198	0.01810	0.01324	0.01316	0.00866	0.01134	0.00690	0.00538	0.00497	0.00152	0.00855	0.00392	0.00258	0.00603
24	0.01227	0.01384	0.03000	0.03941	0.02720	0.01306	0.71685	0.01663	0.01242	0.01681	0.01132	0.01596	0.00884	0.00486	0.00626	0.00181	0.00872	0.03398	0.00275	0.00702
25	0.00735	0.00537	0.00690	0.00657	0.00783	0.00492	0.00491	0.00970	0.01457	0.02039	0.69599	0.06552	0.10779	0.01120	0.00625	0.00169	0.00253	0.00987	0.00572	0.00492
26	0.00825	0.00657	0.00921	0.00912	0.01036	0.00651	0.06486	0.03390	0.09734	0.01587	0.06377	0.54281	0.04296	0.01380	0.00650	0.00205	0.00380	0.05229	0.00484	0.00519
27	0.19913	0.33268	0.14892	0.01068	0.01549	0.01507	0.06879	0.01738	0.01117	0.12254	0.00984	0.01072	0.00750	0.00496	0.00413	0.00145	0.00577	0.00363	0.00310	0.00706
28	0.00656	0.00471	0.00618	0.00730	0.00770	0.00440	0.00494	0.00753	0.01020	0.01350	0.02973	0.71662	0.06811	0.04693	0.00752	0.00226	0.00320	0.04350	0.00484	0.00428
29	0.00762	0.00538	0.00706	0.00706	0.00751	0.00583	0.00482	0.00852	0.00807	0.01121	0.01547	0.02804	0.01637	0.44714	0.39009	0.00672	0.00941	0.00673	0.00303	0.00392
30	0.01140	0.05580	0.59794	0.01476	0.02152	0.05103	0.07207	0.03794	0.01190	0.01691	0.03202	0.03345	0.00886	0.00549	0.00512	0.00166	0.00756	0.00449	0.00255	0.00750
31	0.01342	0.43391	0.31239	0.01177	0.01738	0.08287	0.01312	0.03410	0.01159	0.01459	0.00835	0.00968	0.00681	0.00483	0.00417	0.00137	0.00680	0.00333	0.00236	0.00717
32	0.00679	0.00582	0.00587	0.00578	0.00765	0.00514	0.00436	0.00918	0.07118	0.01489	0.05106	0.04845	0.71970	0.01290	0.00618	0.00179	0.00279	0.01075	0.00495	0.00477
33	0.01044	0.01029	0.01866	0.65888	0.03480	0.01204	0.15147	0.01413	0.01092	0.01413	0.00963	0.01412	0.00723	0.00513	0.00546	0.00177	0.00739	0.00498	0.00241	0.00610
34	0.00892	0.00762	0.01224	0.16603	0.11501	0.00788	0.06374	0.01117	0.01107	0.01475	0.04856	0.25707	0.04411	0.06410	0.00763	0.00219	0.00511	0.14355	0.00387	0.00540
35	0.08323	0.00970	0.01221	0.01007	0.01317	0.03822	0.06579	0.11826	0.01443	0.31816	0.02095	0.20063	0.05429	0.00884	0.00558	0.00176	0.00476	0.00758	0.00521	0.00717
36	0.00654	0.00470	0.00620	0.00723	0.00767	0.00437	0.00489	0.00762	0.01065	0.01427	0.10328	0.71234	0.05881	0.01590	0.00668	0.00209	0.00300	0.01438	0.00500	0.00437
37	0.04071	0.00872	0.01173	0.00912	0.01295	0.00763	0.00749	0.02420	0.01498	0.70340	0.08465	0.01960	0.01604	0.00687	0.00535	0.00164	0.00432	0.00562	0.00641	0.00859
38	0.01113	0.00986	0.01498	0.01289	0.01573	0.01022	0.18449	0.03918	0.24900	0.01848	0.02245	0.03493	0.04825	0.00964	0.00636	0.00203	0.00555	0.29371	0.00453	0.00659
39	0.01788	0.00866	0.01033	0.00838	0.01147	0.00846	0.00677	0.14247	0.05041	0.36345	0.01831	0.01779	0.01271	0.00641	0.00476	0.00150	0.00400	0.00512	0.29356	0.00757
40	0.00649	0.00477	0.00609	0.00703	0.00761	0.00437	0.00479	0.00759	0.01075	0.01417	0.08787	0.64676	0.14093	0.01569	0.00664	0.00206	0.00297	0.01408	0.00497	0.00437
41	0.00765	0.00527	0.00651	0.00651	0.00677	0.00553	0.00413	0.00816	0.00791	0.01080	0.01598	0.03083	0.01759	0.60345	0.23544	0.00604	0.00758	0.00714	0.00310	0.00362
42	0.01384	0.01535	0.01242	0.01133	0.01272	0.35204	0.00861	0.01508	0.01122	0.01264	0.01050	0.01594	0.01000	0.13368	0.13791	0.00328	0.17839	0.00473	0.03497	0.00534
43	0.00887	0.00489	0.00705	0.00705	0.00742	0.00511	0.00497	0.00812	0.00775	0.01112	0.01130	0.01761	0.01065	0.02209	0.20448	0.54864	0.00665	0.00489	0.09815	0.00318
44	0.02116	0.01310	0.01481	0.01135	0.01554	0.01386	0.00938	0.54674	0.02200	0.25421	0.01509	0.01425	0.01019	0.00640	0.00530	0.00160	0.00543	0.00492	0.00566	0.00899
45	0.02372	0.00900	0.01227	0.00941	0.01350	0.00777	0.00777	0.02576	0.01513	0.78489	0.02086	0.01799	0.01309	0.00654	0.00532	0.00164	0.00450	0.00532	0.00654	0.00900
46	0.01248	0.01426	0.03119	0.02228	0.02763	0.01337	0.76203	0.01693	0.01248	0.01693	0.01070	0.01426	0.00802	0.00446	0.00624	0.00178	0.00891	0.00624	0.00267	0.00713
47	0.01350	0.01005	0.01452	0.48820	0.02729	0.01164	0.01205	0.16413	0.01396	0.10325	0.01200	0.01473	0.00866	0.00571	0.00515	0.00167	0.00613	0.00480	0.07581	0.00676
48	0.75579	0.01075	0.00870	0.00755	0.01093	0.01238	0.00622	0.10169	0.01082	0.02482	0.00798	0.00906	0.00610	0.00507	0.00350	0.00163	0.00429	0.00308	0.00350	0.00610
49	0.00649	0.00464	0.00619	0.00742	0.00775	0.00434	0.00499	0.00745	0.01017	0.01355	0.02911	0.79270	0.03486	0.01652	0.00676	0.00215	0.00311	0.03259	0.00491	0.00431
50	0.01161	0.00980	0.01152	0.03859	0.01373	0.00793	0.00687	0.06946	0.01199	0.01829	0.00964	0.01121	0.00789	0.00415	0.00407	0.00088	0.00418	0.00331	0.00326	0.75162
51	0.01226	0.01135	0.05567	0.42786	0.29307	0.01172	0.01487	0.01565	0.01150	0.08024	0.01056	0.01393	0.00800	0.00518	0.00526	0.00168	0.00660	0.00472	0.00279	0.00710
52	0.07946	0.07687	0.07432	0.01070	0.01460	0.23767	0.00914	0.05165	0.01339	0.18759	0.01157	0.01242	0.00869	0.02493	0.00533	0.00147	0.02078	0.00392	0.00373	0.15176
