[name]
unknown

[dist]
# distance from previous block
# <min> <max>
0	5

[block]
# block no. 0 follows, 49 sequences, length 14
# corresponding to MSA columns:
# 5-18
name=unknown_A
#
# <colnr> <probs for GDERKNQSTAVLIFYWHMCP>
#	G	D	E	R	K	N	Q	S	T	A	V	L	I	F	Y	W	H	M	C	P
0	0.01196	0.00871	0.01077	0.06390	0.01359	0.00797	0.00759	0.09569	0.03455	0.09448	0.01603	0.02375	0.03359	0.00707	0.00497	0.00140	0.00439	0.18159	0.00399	0.37400
1	0.06355	0.04334	0.07578	0.01333	0.06903	0.03335	0.15261	0.03689	0.11024	0.15015	0.07105	0.01776	0.06368	0.00646	0.00605	0.00164	0.06877	0.00550	0.00390	0.00692
2	0.01418	0.07411	0.16190	0.01427	0.06267	0.20384	0.11563	0.12887	0.08633	0.01753	0.01203	0.05043	0.02401	0.00583	0.00498	0.00152	0.00687	0.00484	0.00321	0.00695
3	0.01045	0.11321	0.25834	0.01189	0.05204	0.01038	0.06923	0.01433	0.04172	0.03060	0.13161	0.07105	0.01550	0.00625	0.00485	0.00144	0.00534	0.00537	0.00323	0.14317
4	0.01220	0.47752	0.31313	0.01217	0.06391	0.01644	0.01281	0.01549	0.01050	0.01372	0.00794	0.00934	0.00655	0.00452	0.00393	0.00130	0.00621	0.00320	0.00217	0.00695
5	0.01073	0.00906	0.01106	0.19037	0.01675	0.01022	0.00858	0.01913	0.38902	0.01828	0.07831	0.02126	0.03784	0.00697	0.00510	0.00163	0.00436	0.04100	0.06186	0.05846
6	0.01681	0.01420	0.01474	0.06798	0.01682	0.10472	0.03450	0.44545	0.18748	0.02544	0.01321	0.01341	0.00970	0.00601	0.00505	0.00155	0.00581	0.00470	0.00452	0.00789
7	0.00792	0.00534	0.00626	0.00590	0.00664	0.00503	0.00378	0.00869	0.00945	0.03760	0.17936	0.03301	0.06453	0.53306	0.01854	0.00368	0.00416	0.00757	0.00377	0.05571
8	0.00608	0.00510	0.00528	0.00529	0.00690	0.00430	0.00395	0.00743	0.01168	0.01415	0.10817	0.07530	0.70363	0.01272	0.00599	0.00171	0.00256	0.01068	0.00476	0.00430
9	0.01049	0.00899	0.01049	0.00749	0.01198	0.00674	0.00599	0.01273	0.01049	0.01648	0.00899	0.01049	0.00749	0.00374	0.00374	0.00075	0.00374	0.00300	0.00300	0.85320
10	0.01352	0.82533	0.02650	0.00865	0.01298	0.02001	0.00865	0.01514	0.01027	0.01190	0.00703	0.00811	0.00649	0.00433	0.00324	0.00108	0.00541	0.00270	0.00216	0.00649
11	0.00674	0.00468	0.00629	0.00701	0.00755	0.00441	0.00493	0.00784	0.01066	0.01447	0.20453	0.51875	0.03455	0.01455	0.00742	0.06868	0.00304	0.06504	0.00470	0.00415
12	0.01109	0.00934	0.01081	0.00778	0.01224	0.00736	0.00624	0.06524	0.01140	0.01754	0.00921	0.01060	0.00757	0.00391	0.00384	0.00080	0.00387	0.00310	0.00314	0.79494
13	0.01216	0.01049	0.01452	0.29841	0.16690	0.03146	0.01138	0.07680	0.14640	0.05098	0.01299	0.03506	0.02259	0.00569	0.00498	0.00155	0.00555	0.00493	0.00338	0.08379

[dist]
# distance from previous block
# <min> <max>
0	2

[block]
# block no. 1 follows, 49 sequences, length 203
# corresponding to MSA columns:
# 21-223
name=unknown_B
#
# <colnr> <probs for GDERKNQSTAVLIFYWHMCP>
#	G	D	E	R	K	N	Q	S	T	A	V	L	I	F	Y	W	H	M	C	P
0	0.78421	0.08104	0.00910	0.00682	0.01006	0.01210	0.00575	0.01489	0.00875	0.02174	0.00704	0.00821	0.00556	0.00466	0.00314	0.00152	0.00404	0.00274	0.00304	0.00556
1	0.04682	0.00947	0.01079	0.00784	0.01223	0.00773	0.00631	0.07954	0.01164	0.03179	0.00938	0.01065	0.00759	0.00403	0.00386	0.00086	0.00392	0.00316	0.00324	0.72915
2	0.00616	0.00440	0.00587	0.00704	0.00733	0.00411	0.00469	0.00704	0.00968	0.01291	0.02787	0.81899	0.03344	0.01584	0.00645	0.00205	0.00293	0.01438	0.00469	0.00411
3	0.03066	0.10054	0.01022	0.00725	0.00975	0.07728	0.00590	0.03985	0.01227	0.22028	0.01525	0.01595	0.01127	0.00573	0.00404	0.00130	0.00393	0.00441	0.41795	0.00616
4	0.01445	0.04295	0.17960	0.05243	0.03697	0.00907	0.00998	0.01826	0.06715	0.30273	0.16785	0.01973	0.03044	0.00676	0.00532	0.00159	0.01735	0.00558	0.00460	0.00719
5	0.00723	0.00538	0.00796	0.00796	0.00880	0.00623	0.00611	0.00892	0.00808	0.01161	0.01370	0.02071	0.01301	0.08810	0.75257	0.00792	0.01299	0.00554	0.00273	0.00442
6	0.00955	0.00899	0.01517	0.81013	0.03483	0.01123	0.01404	0.01292	0.01011	0.01292	0.00899	0.01348	0.00674	0.00506	0.00506	0.00169	0.00674	0.00449	0.00225	0.00562
7	0.02974	0.01383	0.06836	0.03861	0.44291	0.03552	0.03666	0.23497	0.01502	0.02084	0.01016	0.01217	0.00795	0.00500	0.00499	0.00152	0.00611	0.00445	0.00323	0.00796
8	0.01052	0.01024	0.01831	0.51445	0.18990	0.01151	0.12894	0.01393	0.01069	0.01427	0.00942	0.01340	0.00726	0.00484	0.00516	0.00164	0.00678	0.00472	0.01773	0.00628
9	0.02109	0.00889	0.01168	0.00906	0.01277	0.00806	0.00744	0.09017	0.02821	0.65768	0.07464	0.01827	0.01476	0.00655	0.00515	0.00156	0.00427	0.00534	0.00608	0.00832
10	0.01560	0.01679	0.01880	0.02118	0.32978	0.32381	0.11679	0.01804	0.01287	0.06459	0.00961	0.01163	0.00766	0.00486	0.00497	0.00146	0.00747	0.00425	0.00279	0.00704
11	0.00735	0.00490	0.00552	0.00552	0.00552	0.00490	0.00306	0.00735	0.00735	0.00980	0.01593	0.03309	0.01838	0.82229	0.02574	0.00490	0.00490	0.00735	0.00306	0.00306
12	0.01533	0.55705	0.02247	0.01005	0.01387	0.24370	0.00902	0.05295	0.01208	0.01299	0.00750	0.00859	0.00660	0.00466	0.00371	0.00117	0.00648	0.00295	0.00243	0.00641
13	0.00869	0.00442	0.00652	0.00652	0.00652	0.00442	0.00431	0.00664	0.00664	0.00885	0.00924	0.01650	0.00940	0.06905	0.02015	0.79863	0.00442	0.00458	0.00225	0.00225
14	0.01233	0.01182	0.02018	0.08088	0.74238	0.01196	0.01542	0.01535	0.01142	0.01629	0.00948	0.01258	0.00793	0.00454	0.00501	0.00151	0.00605	0.00450	0.00249	0.00786
15	0.01173	0.20216	0.03382	0.30192	0.04454	0.01284	0.11485	0.01440	0.01064	0.07531	0.01111	0.08272	0.00963	0.00599	0.00546	0.00159	0.04715	0.00517	0.00281	0.00619
16	0.00646	0.00453	0.00578	0.00665	0.00687	0.00431	0.00428	0.00712	0.00909	0.01212	0.02483	0.61873	0.02961	0.22134	0.01137	0.00278	0.00344	0.01259	0.00428	0.00384
17	0.01053	0.00999	0.01693	0.55310	0.28422	0.01149	0.01453	0.01378	0.01057	0.01411	0.00916	0.01316	0.00716	0.00487	0.00504	0.00162	0.00650	0.00450	0.00233	0.00641
18	0.00691	0.00522	0.00710	0.00757	0.00832	0.00502	0.02826	0.00899	0.05987	0.01471	0.14835	0.61846	0.03379	0.01404	0.00628	0.00195	0.00308	0.01273	0.00480	0.00455
19	0.00650	0.00515	0.00597	0.00586	0.00729	0.00462	0.00440	0.00821	0.01216	0.01579	0.30472	0.05974	0.44507	0.01421	0.07556	0.00224	0.00347	0.00976	0.00483	0.00446
20	0.00692	0.00472	0.00564	0.00607	0.00618	0.00461	0.00366	0.00724	0.00821	0.01094	0.02031	0.32138	0.02391	0.52647	0.01866	0.00386	0.00418	0.00993	0.00366	0.00345
21	0.01014	0.02616	0.79609	0.01441	0.02189	0.01174	0.01868	0.01601	0.01068	0.01601	0.00907	0.01068	0.00641	0.00480	0.00480	0.00160	0.00747	0.00374	0.00214	0.00747
22	0.08718	0.24470	0.07120	0.08861	0.21996	0.10512	0.01146	0.03798	0.06092	0.01564	0.00911	0.01086	0.00746	0.00482	0.00429	0.00140	0.00604	0.00372	0.00267	0.00687
23	0.01055	0.01893	0.45458	0.01586	0.16503	0.01076	0.01491	0.05072	0.02531	0.01719	0.08027	0.01603	0.06066	0.00581	0.00500	0.00156	0.00617	0.00485	0.00289	0.03292
24	0.01271	0.08828	0.19997	0.01687	0.02205	0.08780	0.38949	0.05409	0.04871	0.01642	0.01004	0.01223	0.00759	0.00469	0.00525	0.00158	0.00771	0.00484	0.00268	0.00699
25	0.31766	0.09063	0.01001	0.00769	0.01010	0.01002	0.00613	0.11247	0.01168	0.04728	0.06592	0.25733	0.01752	0.00865	0.00466	0.00166	0.00390	0.00702	0.00403	0.00564
26	0.00735	0.00501	0.00639	0.00691	0.00776	0.00464	0.00484	0.02556	0.01108	0.05139	0.13445	0.56352	0.12397	0.01405	0.00623	0.00191	0.00294	0.01255	0.00490	0.00453
27	0.01042	0.00988	0.01675	0.58037	0.25775	0.01146	0.01448	0.01369	0.01052	0.01398	0.00914	0.01320	0.00712	0.00489	0.00504	0.00163	0.00652	0.00450	0.00232	0.00632
28	0.00750	0.00535	0.00585	0.00579	0.00750	0.00455	0.00435	0.00881	0.01155	0.08180	0.04500	0.14586	0.60855	0.01265	0.00598	0.00175	0.00280	0.02489	0.00483	0.00463
29	0.01252	0.01201	0.02053	0.03104	0.79074	0.01201	0.01552	0.01552	0.01151	0.01652	0.00951	0.01252	0.00801	0.00451	0.00501	0.00150	0.00601	0.00451	0.00250	0.00801
30	0.00722	0.00542	0.00813	0.00813	0.00903	0.00632	0.00632	0.00903	0.00813	0.01174	0.01354	0.01987	0.01264	0.03792	0.80225	0.00813	0.01354	0.00542	0.00271	0.00451
31	0.01328	0.24492	0.02141	0.02096	0.40292	0.07612	0.04955	0.01680	0.07869	0.01527	0.00967	0.01160	0.00809	0.00470	0.00453	0.00139	0.00603	0.00407	0.00265	0.00735
32	0.00711	0.00553	0.00651	0.00620	0.00768	0.00512	0.00467	0.00991	0.06437	0.01808	0.48548	0.04023	0.29856	0.01095	0.00591	0.00164	0.00255	0.00944	0.00524	0.00481
33	0.00878	0.00439	0.00659	0.00659	0.00659	0.00439	0.00439	0.00659	0.00659	0.00878	0.00878	0.01537	0.00878	0.01757	0.01976	0.85288	0.00439	0.00439	0.00220	0.00220
34	0.01178	0.05152	0.01776	0.41651	0.26683	0.08115	0.03683	0.03176	0.01129	0.01447	0.00906	0.01251	0.00717	0.00486	0.00494	0.00156	0.00668	0.00435	0.00243	0.00653
35	0.00907	0.00825	0.01305	0.46901	0.12241	0.00935	0.01145	0.01188	0.01079	0.01396	0.04066	0.02375	0.16142	0.00722	0.00535	0.00170	0.00551	0.05395	0.01564	0.00556
36	0.00615	0.00444	0.00583	0.00695	0.00731	0.00412	0.00465	0.00705	0.00977	0.01295	0.02902	0.78123	0.07047	0.01569	0.00643	0.00204	0.00292	0.01419	0.00469	0.00412
37	0.01014	0.02616	0.79609	0.01441	0.02189	0.01174	0.01868	0.01601	0.01068	0.01601	0.00907	0.01068	0.00641	0.00480	0.00480	0.00160	0.00747	0.00374	0.00214	0.00747
38	0.01772	0.01668	0.01513	0.05313	0.08399	0.29486	0.01036	0.30006	0.01696	0.07199	0.01036	0.01143	0.00784	0.00578	0.00566	0.00150	0.06152	0.00411	0.00371	0.00722
39	0.01204	0.47642	0.36249	0.01117	0.01687	0.01640	0.01303	0.01552	0.01045	0.01369	0.00792	0.00923	0.00645	0.00453	0.00393	0.00131	0.00631	0.00315	0.00215	0.00692
40	0.01049	0.00899	0.01049	0.00749	0.01198	0.00674	0.00599	0.01273	0.01049	0.01648	0.00899	0.01049	0.00749	0.00374	0.00374	0.00075	0.00374	0.00300	0.00300	0.85320
41	0.00616	0.00440	0.00587	0.00704	0.00733	0.00411	0.00469	0.00704	0.00968	0.01291	0.02787	0.81899	0.03344	0.01584	0.00645	0.00205	0.00293	0.01438	0.00469	0.00411
42	0.00735	0.00490	0.00552	0.00552	0.00552	0.00490	0.00306	0.00735	0.00735	0.00980	0.01593	0.03309	0.01838	0.82229	0.02574	0.00490	0.00490	0.00735	0.00306	0.00306
43	0.02014	0.01096	0.01442	0.01099	0.01500	0.01082	0.07501	0.26737	0.05355	0.44207	0.01659	0.01533	0.01096	0.00605	0.00516	0.00157	0.00507	0.00502	0.00549	0.00842
44	0.01118	0.01081	0.01686	0.08603	0.18266	0.01155	0.10352	0.01360	0.01005	0.01488	0.00857	0.01173	0.00731	0.00557	0.00815	0.00154	0.24122	0.00423	0.00254	0.24800
45	0.01148	0.00834	0.01025	0.00811	0.01123	0.00748	0.02146	0.10129	0.01340	0.09552	0.21219	0.04540	0.06911	0.00705	0.00523	0.00129	0.02667	0.00589	0.00434	0.33427
46	0.01406	0.01188	0.02968	0.05196	0.08713	0.01262	0.04947	0.30522	0.23575	0.02311	0.01875	0.01866	0.10528	0.00680	0.00523	0.00162	0.00505	0.00568	0.00448	0.00759
47	0.01447	0.01086	0.01353	0.24365	0.01975	0.03562	0.00999	0.25027	0.05255	0.11357	0.07976	0.01545	0.01204	0.00617	0.00561	0.00157	0.04498	0.00491	0.00408	0.06117
48	0.01258	0.01080	0.01140	0.01025	0.01309	0.01248	0.00797	0.04000	0.75355	0.02119	0.02056	0.03363	0.01565	0.00701	0.00517	0.00172	0.00401	0.00586	0.00514	0.00794
49	0.00686	0.00512	0.00661	0.00715	0.00810	0.00454	0.00496	0.00797	0.00984	0.01349	0.02499	0.68146	0.02943	0.01397	0.00605	0.00186	0.00309	0.02742	0.00444	0.13263
50	0.01333	0.01053	0.01180	0.00906	0.01295	0.00998	0.00727	0.28490	0.05163	0.02189	0.01231	0.08212	0.01053	0.00578	0.00452	0.00118	0.00434	0.00468	0.00398	0.43722
51	0.01150	0.00697	0.00887	0.00825	0.01029	0.00679	0.00671	0.04412	0.09278	0.17372	0.28291	0.03652	0.06416	0.01011	0.00595	0.00180	0.00369	0.21353	0.00535	0.00596
52	0.01352	0.82533	0.02650	0.00865	0.01298	0.02001	0.00865	0.01514	0.01027	0.01190	0.00703	0.00811	0.00649	0.00433	0.00324	0.00108	0.00541	0.00270	0.00216	0.00649
53	0.01072	0.02214	0.55039	0.01663	0.02334	0.01208	0.26035	0.01607	0.01108	0.01607	0.00945	0.01163	0.00681	0.00463	0.00518	0.00163	0.00781	0.00445	0.00227	0.00726
54	0.01194	0.01364	0.02984	0.02131	0.02643	0.01279	0.77238	0.01620	0.01194	0.01620	0.01023	0.01364	0.00767	0.00426	0.00597	0.00171	0.00853	0.00597	0.00256	0.00682
55	0.01252	0.01201	0.02053	0.03104	0.79074	0.01201	0.01552	0.01552	0.01151	0.01652	0.00951	0.01252	0.00801	0.00451	0.00501	0.00150	0.00601	0.00451	0.00250	0.00801
56	0.01006	0.01429	0.23828	0.45296	0.07732	0.01186	0.01516	0.01389	0.01012	0.01396	0.00881	0.01238	0.00672	0.00533	0.00614	0.00170	0.08823	0.00427	0.00223	0.00629
57	0.00738	0.00638	0.00951	0.23626	0.01598	0.00663	0.04476	0.00929	0.01053	0.01346	0.04667	0.32020	0.23117	0.01123	0.00589	0.00183	0.00418	0.01000	0.00391	0.00473
58	0.01657	0.00684	0.00858	0.00708	0.00974	0.00619	0.00568	0.01871	0.01280	0.43990	0.03732	0.01843	0.01357	0.00620	0.00444	0.00140	0.00341	0.00502	0.37129	0.00683
59	0.02269	0.00861	0.01174	0.00900	0.01291	0.00743	0.00743	0.02464	0.01447	0.79425	0.01995	0.01721	0.01252	0.00626	0.00509	0.00156	0.00430	0.00509	0.00626	0.00861
60	0.00896	0.00729	0.01125	0.17847	0.12592	0.00774	0.01025	0.01153	0.01121	0.01476	0.02069	0.07904	0.02169	0.01087	0.00628	0.00206	0.00520	0.45765	0.00385	0.00530
61	0.01173	0.01323	0.02856	0.09024	0.02716	0.01265	0.70611	0.01591	0.01178	0.01591	0.01012	0.01363	0.00759	0.00433	0.00589	0.00170	0.00837	0.00584	0.00253	0.00672
62	0.00770	0.00564	0.00737	0.00736	0.00863	0.00545	0.00585	0.01068	0.05262	0.01893	0.54253	0.04204	0.04102	0.01115	0.00620	0.00180	0.00308	0.21175	0.00530	0.00490
63	0.01745	0.02151	0.01466	0.01491	0.10661	0.65800	0.01034	0.01902	0.01383	0.01304	0.00923	0.01258	0.00813	0.00569	0.00477	0.00139	0.00847	0.05161	0.00272	0.00604
64	0.01043	0.00910	0.01500	0.75126	0.03328	0.01116	0.01361	0.03218	0.01066	0.05168	0.00960	0.01363	0.00707	0.00514	0.00506	0.00168	0.00659	0.00452	0.00251	0.00584
65	0.00767	0.00577	0.00734	0.00780	0.00917	0.00558	0.00646	0.01037	0.04994	0.01622	0.19638	0.04916	0.19993	0.01258	0.00645	0.00200	0.00367	0.39386	0.00489	0.00476
66	0.01738	0.00993	0.01498	0.03225	0.30574	0.00916	0.01045	0.01979	0.01288	0.40859	0.01471	0.01470	0.01021	0.00532	0.00492	0.00146	0.00493	0.00465	0.00444	0.09351
67	0.01181	0.22080	0.11284	0.01464	0.06604	0.01555	0.13236	0.01423	0.00964	0.01347	0.00778	0.01077	0.00682	0.00622	0.00938	0.00173	0.33314	0.00416	0.00226	0.00637
68	0.00619	0.00450	0.00586	0.00693	0.00737	0.00416	0.00470	0.00714	0.00989	0.01303	0.02988	0.73297	0.09933	0.01553	0.00643	0.00203	0.00294	0.03228	0.00469	0.00413
69	0.08671	0.38890	0.23276	0.01246	0.07742	0.07952	0.02899	0.01582	0.01070	0.01446	0.00792	0.00937	0.00653	0.00457	0.00397	0.00133	0.00626	0.00325	0.00231	0.00675
70	0.00635	0.00456	0.00590	0.00690	0.00730	0.00427	0.00467	0.00725	0.00969	0.01279	0.02827	0.66368	0.08023	0.08602	0.00813	0.00229	0.00317	0.04991	0.00455	0.00405
71	0.01137	0.03119	0.00861	0.00723	0.00927	0.00619	0.00563	0.01396	0.05116	0.21597	0.39022	0.10007	0.10940	0.00968	0.00566	0.00163	0.00311	0.00836	0.00545	0.00585
72	0.01108	0.00897	0.01055	0.00756	0.01203	0.00677	0.00606	0.01332	0.01068	0.05460	0.00953	0.01082	0.00774	0.00387	0.00381	0.00079	0.00377	0.00310	0.00316	0.81180
73	0.01285	0.08192	0.01743	0.04386	0.37230	0.01087	0.03435	0.02863	0.01153	0.07943	0.01004	0.01198	0.00805	0.00445	0.00452	0.00126	0.00525	0.00400	0.00296	0.25432
74	0.01031	0.06533	0.75836	0.01413	0.02145	0.01215	0.01819	0.01597	0.01066	0.01581	0.00897	0.01055	0.00641	0.00478	0.00473	0.00158	0.00737	0.00369	0.00214	0.00743
75	0.00625	0.00513	0.00550	0.00541	0.00700	0.00439	0.00406	0.00779	0.01218	0.01520	0.22284	0.04613	0.61611	0.01223	0.00597	0.00168	0.00252	0.01032	0.00490	0.00439
76	0.00941	0.03573	0.43578	0.01354	0.08438	0.01006	0.01386	0.01351	0.00985	0.01447	0.01063	0.01399	0.00873	0.01633	0.28326	0.00386	0.00942	0.00437	0.00237	0.00646
77	0.01682	0.01600	0.08497	0.04686	0.05090	0.14546	0.13489	0.33107	0.01726	0.08926	0.01128	0.01226	0.00815	0.00543	0.00510	0.00153	0.00676	0.00454	0.00387	0.00761
78	0.01025	0.00864	0.01313	0.06029	0.30479	0.00880	0.01036	0.07821	0.01200	0.01635	0.01836	0.25635	0.01944	0.00978	0.00581	0.00183	0.00485	0.15083	0.00376	0.00615
79	0.06939	0.09413	0.01420	0.00981	0.01382	0.05971	0.00811	0.34342	0.05412	0.02306	0.01053	0.01115	0.00807	0.00511	0.00434	0.00125	0.00504	0.00377	0.00390	0.25708
80	0.00748	0.00543	0.00714	0.00704	0.00743	0.00604	0.00488	0.00832	0.00771	0.01077	0.01443	0.02624	0.01530	0.43997	0.36430	0.00618	0.04829	0.00636	0.00287	0.00382
81	0.09123	0.01288	0.08283	0.05504	0.22371	0.02522	0.01111	0.28417	0.01533	0.02218	0.01178	0.06384	0.00972	0.00596	0.00482	0.00154	0.00543	0.00492	0.06098	0.00732
82	0.01269	0.01262	0.20051	0.03064	0.08309	0.00906	0.04813	0.03428	0.01124	0.19224	0.01299	0.01518	0.00991	0.01450	0.23234	0.00340	0.00811	0.00469	0.00342	0.06099
83	0.01122	0.01069	0.01819	0.37118	0.46072	0.01167	0.01487	0.01438	0.01090	0.01495	0.00928	0.01294	0.00746	0.00475	0.00503	0.00158	0.00633	0.00450	0.00239	0.00697
84	0.01013	0.00833	0.00940	0.00875	0.01078	0.00921	0.00668	0.01905	0.44582	0.01958	0.23968	0.09424	0.02604	0.01062	0.05649	0.00212	0.00406	0.00743	0.00507	0.00652
85	0.01133	0.01083	0.01854	0.34114	0.47784	0.01172	0.02670	0.01449	0.01096	0.01508	0.00931	0.01292	0.00750	0.00472	0.00504	0.00158	0.00634	0.00452	0.00240	0.00704
86	0.00723	0.00538	0.00796	0.00796	0.00880	0.00623	0.00611	0.00892	0.00808	0.01161	0.01370	0.02071	0.01301	0.08810	0.75257	0.00792	0.01299	0.00554	0.00273	0.00442
87	0.00633	0.00452	0.00607	0.00724	0.00761	0.00426	0.00500	0.00734	0.00985	0.01310	0.02777	0.75241	0.03307	0.01568	0.00650	0.00208	0.00308	0.07924	0.00469	0.00416
88	0.00815	0.00582	0.00815	0.00931	0.01048	0.00582	0.00815	0.01048	0.01164	0.01513	0.02677	0.05704	0.02910	0.01397	0.00698	0.00233	0.00466	0.75671	0.00466	0.00466
89	0.04596	0.01174	0.01308	0.01060	0.01368	0.02678	0.00865	0.48741	0.01831	0.06307	0.01238	0.01396	0.00951	0.01359	0.19232	0.00309	0.03947	0.00469	0.00434	0.00736
90	0.00657	0.00587	0.00739	0.00662	0.00859	0.00505	0.07106	0.00818	0.01174	0.01431	0.09478	0.04491	0.67304	0.01190	0.00597	0.00170	0.00307	0.01016	0.00456	0.00452
91	0.01889	0.02410	0.01433	0.01303	0.01563	0.80199	0.00977	0.02019	0.01433	0.01238	0.00782	0.00912	0.00651	0.00521	0.00456	0.00130	0.00912	0.00326	0.00261	0.00586
92	0.01014	0.02616	0.79609	0.01441	0.02189	0.01174	0.01868	0.01601	0.01068	0.01601	0.00907	0.01068	0.00641	0.00480	0.00480	0.00160	0.00747	0.00374	0.00214	0.00747
93	0.02269	0.00861	0.01174	0.00900	0.01291	0.00743	0.00743	0.02464	0.01447	0.79425	0.01995	0.01721	0.01252	0.00626	0.00509	0.00156	0.00430	0.00509	0.00626	0.00861
94	0.00626	0.00448	0.00580	0.00681	0.00715	0.00418	0.00451	0.00708	0.00957	0.01267	0.02797	0.71256	0.06915	0.08616	0.00812	0.00229	0.00309	0.01358	0.00455	0.00402
95	0.01422	0.01089	0.01449	0.05126	0.01434	0.04608	0.01025	0.01566	0.00982	0.20779	0.01013	0.01264	0.00811	0.00786	0.01265	0.00199	0.53773	0.00454	0.00324	0.00632
96	0.01713	0.00917	0.01082	0.00876	0.01191	0.00919	0.00708	0.18845	0.10744	0.33661	0.05790	0.01872	0.04158	0.00667	0.00491	0.00151	0.00407	0.00539	0.14515	0.00754
97	0.00712	0.00532	0.00748	0.00734	0.00840	0.00567	0.00564	0.00909	0.01041	0.01472	0.27484	0.02769	0.07401	0.02710	0.48515	0.00553	0.00911	0.00700	0.00379	0.00458
98	0.01246	0.00783	0.00794	0.00689	0.00893	0.02275	0.00542	0.23431	0.01452	0.02253	0.01506	0.01671	0.01157	0.00593	0.00400	0.00128	0.00342	0.00464	0.58793	0.00587
99	0.01049	0.00899	0.01049	0.00749	0.01198	0.00674	0.00599	0.01273	0.01049	0.01648	0.00899	0.01049	0.00749	0.00374	0.00374	0.00075	0.00374	0.00300	0.00300	0.85320
100	0.01922	0.01416	0.01518	0.01163	0.01568	0.01568	0.00961	0.77388	0.02378	0.03187	0.01214	0.01214	0.00860	0.00607	0.00506	0.00152	0.00556	0.00455	0.00506	0.00860
101	0.00635	0.00454	0.00609	0.00726	0.00764	0.00427	0.00502	0.00737	0.00987	0.01312	0.02777	0.74599	0.03303	0.01566	0.00651	0.00208	0.00310	0.08549	0.00469	0.00416
102	0.01922	0.01416	0.01518	0.01163	0.01568	0.01568	0.00961	0.77388	0.02378	0.03187	0.01214	0.01214	0.00860	0.00607	0.00506	0.00152	0.00556	0.00455	0.00506	0.00860
103	0.00708	0.00517	0.00665	0.00628	0.00751	0.00474	0.00471	0.00940	0.01414	0.01985	0.74094	0.03847	0.09512	0.01050	0.00596	0.00160	0.00240	0.00924	0.00551	0.00474
104	0.01252	0.01201	0.02053	0.03104	0.79074	0.01201	0.01552	0.01552	0.01151	0.01652	0.00951	0.01252	0.00801	0.00451	0.00501	0.00150	0.00601	0.00451	0.00250	0.00801
105	0.00617	0.00518	0.00539	0.00549	0.00715	0.00440	0.00422	0.00754	0.01154	0.01379	0.04909	0.04940	0.72232	0.01291	0.00606	0.00176	0.00274	0.07586	0.00469	0.00430
106	0.02269	0.00861	0.01174	0.00900	0.01291	0.00743	0.00743	0.02464	0.01447	0.79425	0.01995	0.01721	0.01252	0.00626	0.00509	0.00156	0.00430	0.00509	0.00626	0.00861
107	0.00616	0.00440	0.00587	0.00704	0.00733	0.00411	0.00469	0.00704	0.00968	0.01291	0.02787	0.81899	0.03344	0.01584	0.00645	0.00205	0.00293	0.01438	0.00469	0.00411
108	0.85801	0.00978	0.00743	0.00665	0.00978	0.01134	0.00548	0.01486	0.00861	0.02269	0.00704	0.00821	0.00548	0.00469	0.00313	0.00156	0.00391	0.00274	0.00313	0.00548
109	0.00700	0.00516	0.00654	0.00619	0.00746	0.00470	0.00464	0.00923	0.01393	0.01938	0.68757	0.03926	0.14878	0.01067	0.00597	0.00161	0.00241	0.00935	0.00545	0.00470
110	0.85801	0.00978	0.00743	0.00665	0.00978	0.01134	0.00548	0.01486	0.00861	0.02269	0.00704	0.00821	0.00548	0.00469	0.00313	0.00156	0.00391	0.00274	0.00313	0.00548
111	0.00616	0.00440	0.00587	0.00704	0.00733	0.00411	0.00469	0.00704	0.00968	0.01291	0.02787	0.81899	0.03344	0.01584	0.00645	0.00205	0.00293	0.01438	0.00469	0.00411
112	0.00735	0.00490	0.00552	0.00552	0.00552	0.00490	0.00306	0.00735	0.00735	0.00980	0.01593	0.03309	0.01838	0.82229	0.02574	0.00490	0.00490	0.00735	0.00306	0.00306
113	0.01582	0.01796	0.01366	0.01205	0.01476	0.45667	0.05751	0.02111	0.23270	0.01569	0.01237	0.01304	0.00970	0.00568	0.00473	0.00144	0.00703	0.00426	0.07740	0.00643
114	0.01889	0.02410	0.01433	0.01303	0.01563	0.80199	0.00977	0.02019	0.01433	0.01238	0.00782	0.00912	0.00651	0.00521	0.00456	0.00130	0.00912	0.00326	0.00261	0.00586
115	0.02116	0.01017	0.01259	0.00975	0.01363	0.00986	0.00802	0.21570	0.06592	0.55052	0.01800	0.01603	0.01171	0.00625	0.00508	0.00156	0.00461	0.00499	0.00588	0.00857
116	0.00607	0.00477	0.00548	0.00605	0.00708	0.00419	0.00426	0.00715	0.01063	0.01330	0.03988	0.42273	0.42194	0.01428	0.00621	0.00188	0.00274	0.01247	0.00469	0.00419
117	0.00810	0.00712	0.01118	0.47136	0.02319	0.00824	0.01003	0.01046	0.01009	0.01298	0.01899	0.28579	0.08399	0.00934	0.00560	0.00181	0.00510	0.00834	0.00328	0.00499
118	0.02269	0.00861	0.01174	0.00900	0.01291	0.00743	0.00743	0.02464	0.01447	0.79425	0.01995	0.01721	0.01252	0.00626	0.00509	0.00156	0.00430	0.00509	0.00626	0.00861
119	0.00789	0.00564	0.00785	0.00902	0.01007	0.00560	0.00770	0.01003	0.01139	0.01484	0.02692	0.15575	0.02966	0.01421	0.00692	0.00229	0.00443	0.66053	0.00466	0.00459
120	0.85801	0.00978	0.00743	0.00665	0.00978	0.01134	0.00548	0.01486	0.00861	0.02269	0.00704	0.00821	0.00548	0.00469	0.00313	0.00156	0.00391	0.00274	0.00313	0.00548
121	0.01336	0.01125	0.01187	0.01045	0.01345	0.01294	0.00819	0.11486	0.69234	0.02242	0.01959	0.01807	0.01463	0.00677	0.00514	0.00169	0.00419	0.00558	0.00514	0.00807
122	0.01027	0.05572	0.76762	0.01420	0.02156	0.01205	0.01831	0.01598	0.01066	0.01586	0.00900	0.01058	0.00641	0.00479	0.00475	0.00158	0.00740	0.00370	0.00214	0.00744
123	0.01057	0.01017	0.01767	0.53233	0.25486	0.01156	0.06299	0.01389	0.01064	0.01418	0.00922	0.01321	0.00717	0.00484	0.00510	0.00163	0.00664	0.00459	0.00234	0.00639
124	0.01106	0.01106	0.01549	0.01328	0.01328	0.01549	0.01106	0.01217	0.00774	0.01217	0.00664	0.01106	0.00664	0.00885	0.01659	0.00221	0.81303	0.00443	0.00221	0.00553
125	0.01227	0.01196	0.05583	0.08502	0.08233	0.01182	0.21110	0.12468	0.18439	0.01909	0.01514	0.02106	0.01273	0.00672	0.00560	0.00175	0.00609	0.12164	0.00376	0.00702
126	0.01379	0.15150	0.03590	0.02278	0.45270	0.01338	0.07945	0.06469	0.01227	0.07703	0.01007	0.01214	0.00805	0.00477	0.00500	0.00147	0.02008	0.00436	0.00289	0.00768
127	0.00772	0.00597	0.00782	0.00763	0.00884	0.00653	0.00581	0.01092	0.10199	0.01412	0.12330	0.02641	0.10973	0.07770	0.45577	0.00551	0.00905	0.00670	0.00364	0.00485
128	0.00686	0.00533	0.00725	0.00725	0.00839	0.00572	0.00560	0.00851	0.00912	0.01230	0.02454	0.02827	0.23909	0.03060	0.56990	0.00625	0.01034	0.00695	0.00329	0.00444
129	0.01444	0.13920	0.34506	0.01299	0.01789	0.35793	0.01336	0.01771	0.01221	0.01384	0.00823	0.00963	0.00646	0.00491	0.00448	0.00140	0.00790	0.00338	0.00234	0.00663
130	0.01920	0.00907	0.01346	0.01299	0.14608	0.00818	0.03639	0.02146	0.01386	0.56520	0.08493	0.01807	0.01465	0.00624	0.00518	0.00156	0.00458	0.00537	0.00542	0.00810
131	0.02269	0.00861	0.01174	0.00900	0.01291	0.00743	0.00743	0.02464	0.01447	0.79425	0.01995	0.01721	0.01252	0.00626	0.00509	0.00156	0.00430	0.00509	0.00626	0.00861
132	0.00873	0.00452	0.00672	0.00683	0.00693	0.00452	0.00472	0.00693	0.00703	0.00934	0.01036	0.01901	0.01056	0.01725	0.01865	0.77855	0.00441	0.07013	0.00241	0.00241
133	0.01807	0.02199	0.01477	0.01384	0.05347	0.65970	0.01013	0.06764	0.01435	0.01381	0.00810	0.00961	0.00673	0.00548	0.00543	0.00139	0.06318	0.00348	0.00273	0.00612
134	0.12528	0.00910	0.01411	0.70054	0.03141	0.01125	0.01287	0.01319	0.00991	0.01425	0.00872	0.01276	0.00657	0.00501	0.00479	0.00167	0.00635	0.00425	0.00237	0.00560
135	0.01014	0.02616	0.79609	0.01441	0.02189	0.01174	0.01868	0.01601	0.01068	0.01601	0.00907	0.01068	0.00641	0.00480	0.00480	0.00160	0.00747	0.00374	0.00214	0.00747
136	0.00626	0.00506	0.00557	0.00560	0.00705	0.00437	0.00414	0.00775	0.01197	0.01509	0.21616	0.12389	0.54429	0.01255	0.00602	0.00172	0.00256	0.01070	0.00489	0.00437
137	0.00630	0.00514	0.00557	0.00546	0.00703	0.00441	0.00410	0.00788	0.01229	0.01547	0.25246	0.04569	0.58633	0.01213	0.00597	0.00168	0.00251	0.01026	0.00493	0.00441
138	0.01258	0.01086	0.01143	0.01029	0.01315	0.01258	0.00800	0.02687	0.78161	0.02115	0.02058	0.01887	0.01544	0.00686	0.00515	0.00172	0.00400	0.00572	0.00515	0.00800
139	0.01058	0.00505	0.00533	0.00509	0.00650	0.00495	0.00388	0.01291	0.01094	0.08661	0.01680	0.01871	0.01292	0.00592	0.00367	0.00121	0.00253	0.00475	0.77660	0.00505
140	0.00614	0.00446	0.00580	0.00687	0.00729	0.00412	0.00462	0.00706	0.00984	0.01297	0.02991	0.75168	0.09944	0.01558	0.00641	0.00202	0.00290	0.01405	0.00469	0.00412
141	0.02269	0.00861	0.01174	0.00900	0.01291	0.00743	0.00743	0.02464	0.01447	0.79425	0.01995	0.01721	0.01252	0.00626	0.00509	0.00156	0.00430	0.00509	0.00626	0.00861
142	0.00611	0.00513	0.00531	0.00526	0.00691	0.00433	0.00395	0.00751	0.01184	0.01440	0.13405	0.04744	0.70541	0.01253	0.00598	0.00169	0.00254	0.01050	0.00479	0.00433
143	0.01258	0.01086	0.01143	0.01029	0.01315	0.01258	0.00800	0.02687	0.78161	0.02115	0.02058	0.01887	0.01544	0.00686	0.00515	0.00172	0.00400	0.00572	0.00515	0.00800
144	0.01014	0.02616	0.79609	0.01441	0.02189	0.01174	0.01868	0.01601	0.01068	0.01601	0.00907	0.01068	0.00641	0.00480	0.00480	0.00160	0.00747	0.00374	0.00214	0.00747
145	0.00679	0.00489	0.00643	0.00661	0.00747	0.00453	0.00474	0.00862	0.01261	0.01756	0.50815	0.32543	0.04246	0.01236	0.00614	0.00176	0.00259	0.01107	0.00525	0.00453
146	0.01979	0.01326	0.01462	0.01121	0.01523	0.01434	0.00926	0.65221	0.02226	0.15568	0.01341	0.01296	0.00924	0.00610	0.00506	0.00153	0.00536	0.00464	0.00525	0.00860
147	0.01106	0.01106	0.01549	0.01328	0.01328	0.01549	0.01106	0.01217	0.00774	0.01217	0.00664	0.01106	0.00664	0.00885	0.01659	0.00221	0.81303	0.00443	0.00221	0.00553
148	0.85801	0.00978	0.00743	0.00665	0.00978	0.01134	0.00548	0.01486	0.00861	0.02269	0.00704	0.00821	0.00548	0.00469	0.00313	0.00156	0.00391	0.00274	0.00313	0.00548
149	0.01922	0.01416	0.01518	0.01163	0.01568	0.01568	0.00961	0.77388	0.02378	0.03187	0.01214	0.01214	0.00860	0.00607	0.00506	0.00152	0.00556	0.00455	0.00506	0.00860
150	0.01889	0.02410	0.01433	0.01303	0.01563	0.80199	0.00977	0.02019	0.01433	0.01238	0.00782	0.00912	0.00651	0.00521	0.00456	0.00130	0.00912	0.00326	0.00261	0.00586
151	0.01258	0.01086	0.01143	0.01029	0.01315	0.01258	0.00800	0.02687	0.78161	0.02115	0.02058	0.01887	0.01544	0.00686	0.00515	0.00172	0.00400	0.00572	0.00515	0.00800
152	0.01252	0.01201	0.02053	0.03104	0.79074	0.01201	0.01552	0.01552	0.01151	0.01652	0.00951	0.01252	0.00801	0.00451	0.00501	0.00150	0.00601	0.00451	0.00250	0.00801
153	0.01296	0.01057	0.01456	0.48149	0.02639	0.01243	0.01187	0.28152	0.01496	0.01995	0.01054	0.01332	0.00776	0.00546	0.00497	0.00160	0.00607	0.00453	0.05244	0.00662
154	0.00710	0.00500	0.00516	0.00513	0.00659	0.00446	0.00381	0.00875	0.01139	0.01561	0.10470	0.03877	0.48078	0.03364	0.00584	0.00164	0.00255	0.00874	0.24593	0.00441
155	0.00955	0.00899	0.01517	0.81013	0.03483	0.01123	0.01404	0.01292	0.01011	0.01292	0.00899	0.01348	0.00674	0.00506	0.00506	0.00169	0.00674	0.00449	0.00225	0.00562
156	0.01258	0.01086	0.01143	0.01029	0.01315	0.01258	0.00800	0.02687	0.78161	0.02115	0.02058	0.01887	0.01544	0.00686	0.00515	0.00172	0.00400	0.00572	0.00515	0.00800
157	0.01316	0.01115	0.01176	0.01041	0.01337	0.01285	0.00814	0.09215	0.71539	0.02209	0.01984	0.01828	0.01484	0.00679	0.00514	0.00170	0.00414	0.00562	0.00514	0.00806
158	0.02133	0.00831	0.01130	0.00877	0.01244	0.00720	0.00720	0.02332	0.01446	0.72662	0.08707	0.01901	0.01559	0.00662	0.00516	0.00157	0.00414	0.00544	0.00620	0.00827
159	0.01185	0.01029	0.01122	0.04940	0.02686	0.01178	0.00806	0.02428	0.66343	0.02002	0.02250	0.02110	0.08245	0.00725	0.00521	0.00171	0.00404	0.00607	0.00492	0.00756
160	0.00722	0.00542	0.00813	0.00813	0.00903	0.00632	0.00632	0.00903	0.00813	0.01174	0.01354	0.01987	0.01264	0.03792	0.80225	0.00813	0.01354	0.00542	0.00271	0.00451
161	0.01352	0.82533	0.02650	0.00865	0.01298	0.02001	0.00865	0.01514	0.01027	0.01190	0.00703	0.00811	0.00649	0.00433	0.00324	0.00108	0.00541	0.00270	0.00216	0.00649
162	0.01144	0.00923	0.01144	0.00964	0.08009	0.00725	0.00692	0.01374	0.01083	0.06624	0.00973	0.01109	0.00786	0.00397	0.00394	0.00087	0.00398	0.00326	0.00316	0.72531
163	0.01721	0.01345	0.05888	0.02960	0.14101	0.02483	0.05984	0.24664	0.07471	0.16518	0.01411	0.01527	0.01051	0.00669	0.00656	0.00182	0.07651	0.00512	0.02367	0.00838
164	0.01419	0.01231	0.01230	0.01071	0.01377	0.06365	0.00841	0.16261	0.59439	0.02254	0.01823	0.01702	0.01362	0.00661	0.00509	0.00165	0.00461	0.00535	0.00497	0.00798
165	0.01198	0.01363	0.04135	0.02252	0.13060	0.01266	0.65657	0.01610	0.01186	0.01624	0.01011	0.01344	0.00770	0.00430	0.00582	0.00168	0.00816	0.00573	0.00254	0.00699
166	0.01014	0.02616	0.79609	0.01441	0.02189	0.01174	0.01868	0.01601	0.01068	0.01601	0.00907	0.01068	0.00641	0.00480	0.00480	0.00160	0.00747	0.00374	0.00214	0.00747
167	0.00735	0.00490	0.00552	0.00552	0.00552	0.00490	0.00306	0.00735	0.00735	0.00980	0.01593	0.03309	0.01838	0.82229	0.02574	0.00490	0.00490	0.00735	0.00306	0.00306
168	0.00667	0.00515	0.00608	0.00585	0.00725	0.00456	0.00439	0.00859	0.01316	0.01753	0.48251	0.04229	0.35499	0.01136	0.00597	0.00164	0.00246	0.00978	0.00521	0.00456
169	0.00601	0.00512	0.00517	0.00516	0.00685	0.00428	0.00387	0.00732	0.01161	0.01385	0.07218	0.04836	0.76762	0.01274	0.00598	0.00170	0.00256	0.01063	0.00472	0.00428
170	0.01688	0.02076	0.01463	0.01309	0.01503	0.60021	0.01010	0.01813	0.01264	0.01232	0.00751	0.00962	0.00655	0.00614	0.00765	0.00154	0.21536	0.00356	0.00250	0.00578
171	0.01258	0.01086	0.01143	0.01029	0.01315	0.01258	0.00800	0.02687	0.78161	0.02115	0.02058	0.01887	0.01544	0.00686	0.00515	0.00172	0.00400	0.00572	0.00515	0.00800
172	0.01049	0.00899	0.01049	0.00749	0.01198	0.00674	0.00599	0.01273	0.01049	0.01648	0.00899	0.01049	0.00749	0.00374	0.00374	0.00075	0.00374	0.00300	0.00300	0.85320
173	0.01352	0.82533	0.02650	0.00865	0.01298	0.02001	0.00865	0.01514	0.01027	0.01190	0.00703	0.00811	0.00649	0.00433	0.00324	0.00108	0.00541	0.00270	0.00216	0.00649
174	0.00735	0.00490	0.00552	0.00552	0.00552	0.00490	0.00306	0.00735	0.00735	0.00980	0.01593	0.03309	0.01838	0.82229	0.02574	0.00490	0.00490	0.00735	0.00306	0.00306
175	0.01014	0.02616	0.79609	0.01441	0.02189	0.01174	0.01868	0.01601	0.01068	0.01601	0.00907	0.01068	0.00641	0.00480	0.00480	0.00160	0.00747	0.00374	0.00214	0.00747
176	0.02259	0.00876	0.01183	0.00907	0.01299	0.00767	0.00749	0.04595	0.01474	0.77257	0.01973	0.01707	0.01241	0.00625	0.00508	0.00156	0.00434	0.00507	0.00622	0.00861
177	0.02269	0.00861	0.01174	0.00900	0.01291	0.00743	0.00743	0.02464	0.01447	0.79425	0.01995	0.01721	0.01252	0.00626	0.00509	0.00156	0.00430	0.00509	0.00626	0.00861
178	0.01252	0.01201	0.02053	0.03104	0.79074	0.01201	0.01552	0.01552	0.01151	0.01652	0.00951	0.01252	0.00801	0.00451	0.00501	0.00150	0.00601	0.00451	0.00250	0.00801
179	0.00943	0.00471	0.00471	0.00471	0.00589	0.00471	0.00353	0.01178	0.01060	0.01885	0.01650	0.01885	0.01296	0.00589	0.00353	0.00118	0.00236	0.00471	0.85036	0.00471
180	0.00878	0.00439	0.00659	0.00659	0.00659	0.00439	0.00439	0.00659	0.00659	0.00878	0.00878	0.01537	0.00878	0.01757	0.01976	0.85288	0.00439	0.00439	0.00220	0.00220
181	0.00692	0.00516	0.00643	0.00611	0.00741	0.00467	0.00458	0.00908	0.01375	0.01894	0.63960	0.03997	0.19702	0.01084	0.00597	0.00161	0.00242	0.00945	0.00539	0.00467
182	0.85801	0.00978	0.00743	0.00665	0.00978	0.01134	0.00548	0.01486	0.00861	0.02269	0.00704	0.00821	0.00548	0.00469	0.00313	0.00156	0.00391	0.00274	0.00313	0.00548
183	0.01889	0.02410	0.01433	0.01303	0.01563	0.80199	0.00977	0.02019	0.01433	0.01238	0.00782	0.00912	0.00651	0.00521	0.00456	0.00130	0.00912	0.00326	0.00261	0.00586
184	0.00616	0.00440	0.00587	0.00704	0.00733	0.00411	0.00469	0.00704	0.00968	0.01291	0.02787	0.81899	0.03344	0.01584	0.00645	0.00205	0.00293	0.01438	0.00469	0.00411
185	0.78471	0.01016	0.00811	0.00709	0.01029	0.01172	0.00584	0.08119	0.00993	0.02349	0.00749	0.00856	0.00575	0.00481	0.00330	0.00156	0.00406	0.00290	0.00330	0.00575
186	0.01252	0.01201	0.02053	0.03104	0.79074	0.01201	0.01552	0.01552	0.01151	0.01652	0.00951	0.01252	0.00801	0.00451	0.00501	0.00150	0.00601	0.00451	0.00250	0.00801
187	0.01236	0.01032	0.01119	0.01023	0.01292	0.01176	0.00813	0.07497	0.61349	0.02097	0.02095	0.02420	0.01705	0.00789	0.00542	0.00179	0.00421	0.11956	0.00507	0.00754
188	0.04809	0.00864	0.01160	0.00893	0.01281	0.00755	0.00737	0.02435	0.01429	0.77078	0.01956	0.01694	0.01230	0.00621	0.00503	0.00156	0.00429	0.00501	0.00616	0.00851
189	0.01505	0.01209	0.01283	0.01079	0.01409	0.01373	0.00860	0.30521	0.49923	0.02515	0.01744	0.01636	0.01289	0.00657	0.00511	0.00164	0.00458	0.00528	0.00511	0.00823
190	0.00734	0.00560	0.00684	0.00667	0.00809	0.00528	0.00516	0.01023	0.06244	0.01818	0.47755	0.04137	0.21667	0.01112	0.00603	0.00171	0.00280	0.09686	0.00523	0.00485
191	0.02133	0.00831	0.01130	0.00877	0.01244	0.00720	0.00720	0.02332	0.01446	0.72662	0.08707	0.01901	0.01559	0.00662	0.00516	0.00157	0.00414	0.00544	0.00620	0.00827
192	0.00709	0.00512	0.00689	0.00795	0.00876	0.00492	0.00624	0.00870	0.01082	0.01416	0.04753	0.39896	0.08011	0.01465	0.00666	0.00215	0.00369	0.35653	0.00470	0.00439
193	0.01005	0.00808	0.00911	0.00885	0.01068	0.00886	0.00661	0.01839	0.43164	0.03145	0.07237	0.30485	0.02408	0.01039	0.00569	0.00184	0.00354	0.02214	0.00502	0.00637
194	0.00735	0.00490	0.00552	0.00552	0.00552	0.00490	0.00306	0.00735	0.00735	0.00980	0.01593	0.03309	0.01838	0.82229	0.02574	0.00490	0.00490	0.00735	0.00306	0.00306
195	0.02269	0.00861	0.01174	0.00900	0.01291	0.00743	0.00743	0.02464	0.01447	0.79425	0.01995	0.01721	0.01252	0.00626	0.00509	0.00156	0.00430	0.00509	0.00626	0.00861
196	0.01474	0.01794	0.01173	0.04845	0.01401	0.53568	0.00827	0.01614	0.01333	0.01277	0.02033	0.02067	0.23098	0.00738	0.00499	0.00144	0.00712	0.00544	0.00319	0.00539
197	0.00625	0.00447	0.00598	0.00715	0.00748	0.00419	0.00486	0.00720	0.00977	0.01301	0.02782	0.78296	0.03324	0.01575	0.00648	0.00207	0.00302	0.04948	0.00469	0.00413
198	0.00757	0.00599	0.00875	0.00834	0.00928	0.00686	0.02352	0.00928	0.00887	0.01261	0.08298	0.02313	0.06152	0.08108	0.55390	0.00634	0.07623	0.00611	0.00306	0.00456
199	0.01258	0.01086	0.01143	0.01029	0.01315	0.01258	0.00800	0.02687	0.78161	0.02115	0.02058	0.01887	0.01544	0.00686	0.00515	0.00172	0.00400	0.00572	0.00515	0.00800
200	0.04030	0.01025	0.03423	0.00925	0.01335	0.02225	0.00778	0.12691	0.01478	0.48823	0.01598	0.01470	0.01058	0.00567	0.00477	0.00140	0.00454	0.00449	0.00523	0.16531
201	0.01359	0.78266	0.04530	0.00892	0.01328	0.04204	0.00893	0.01531	0.01040	0.01201	0.00710	0.00820	0.00649	0.00436	0.00332	0.00110	0.00556	0.00275	0.00217	0.00650
202	0.85801	0.00978	0.00743	0.00665	0.00978	0.01134	0.00548	0.01486	0.00861	0.02269	0.00704	0.00821	0.00548	0.00469	0.00313	0.00156	0.00391	0.00274	0.00313	0.00548

[dist]
# distance from previous block
# <min> <max>
0	1

[block]
# block no. 2 follows, 49 sequences, length 210
# corresponding to MSA columns:
# 225-434
name=unknown_C
#
# <colnr> <probs for GDERKNQSTAVLIFYWHMCP>
#	G	D	E	R	K	N	Q	S	T	A	V	L	I	F	Y	W	H	M	C	P
0	0.01885	0.05783	0.01473	0.01264	0.01538	0.72915	0.00961	0.02019	0.01416	0.05090	0.00838	0.00947	0.00681	0.00522	0.00453	0.00131	0.00872	0.00332	0.00277	0.00602
1	0.01124	0.01158	0.01839	0.01490	0.01593	0.01494	0.16498	0.01298	0.00859	0.01298	0.00736	0.01158	0.00685	0.00792	0.01445	0.00211	0.65038	0.00474	0.00228	0.00579
2	0.85801	0.00978	0.00743	0.00665	0.00978	0.01134	0.00548	0.01486	0.00861	0.02269	0.00704	0.00821	0.00548	0.00469	0.00313	0.00156	0.00391	0.00274	0.00313	0.00548
3	0.00616	0.00440	0.00587	0.00704	0.00733	0.00411	0.00469	0.00704	0.00968	0.01291	0.02787	0.81899	0.03344	0.01584	0.00645	0.00205	0.00293	0.01438	0.00469	0.00411
4	0.01130	0.01175	0.01933	0.01543	0.01679	0.01477	0.21467	0.01325	0.00887	0.01325	0.00760	0.01175	0.00691	0.00762	0.01375	0.00208	0.59787	0.00484	0.00230	0.00588
5	0.85801	0.00978	0.00743	0.00665	0.00978	0.01134	0.00548	0.01486	0.00861	0.02269	0.00704	0.00821	0.00548	0.00469	0.00313	0.00156	0.00391	0.00274	0.00313	0.00548
6	0.00735	0.00490	0.00552	0.00552	0.00552	0.00490	0.00306	0.00735	0.00735	0.00980	0.01593	0.03309	0.01838	0.82229	0.02574	0.00490	0.00490	0.00735	0.00306	0.00306
7	0.00616	0.00442	0.00585	0.00699	0.00732	0.00411	0.00467	0.00705	0.00974	0.01293	0.02855	0.79654	0.05546	0.01575	0.00644	0.00204	0.00292	0.01427	0.00469	0.00411
8	0.00645	0.00514	0.00578	0.00562	0.00712	0.00447	0.00421	0.00817	0.01264	0.01632	0.34696	0.04429	0.49130	0.01182	0.00597	0.00166	0.00249	0.01006	0.00505	0.00447
9	0.01049	0.00899	0.01049	0.00749	0.01198	0.00674	0.00599	0.01273	0.01049	0.01648	0.00899	0.01049	0.00749	0.00374	0.00374	0.00075	0.00374	0.00300	0.00300	0.85320
10	0.00609	0.00513	0.00528	0.00524	0.00690	0.00432	0.00393	0.00747	0.01179	0.01428	0.12062	0.04764	0.71891	0.01257	0.00598	0.00170	0.00254	0.01053	0.00478	0.00432
11	0.00955	0.00899	0.01517	0.81013	0.03483	0.01123	0.01404	0.01292	0.01011	0.01292	0.00899	0.01348	0.00674	0.00506	0.00506	0.00169	0.00674	0.00449	0.00225	0.00562
12	0.01394	0.76248	0.02554	0.00900	0.01319	0.08135	0.00874	0.01554	0.01059	0.01193	0.00709	0.00819	0.00649	0.00440	0.00335	0.00110	0.00570	0.00275	0.00220	0.00644
13	0.01049	0.00899	0.01049	0.00749	0.01198	0.00674	0.00599	0.01273	0.01049	0.01648	0.00899	0.01049	0.00749	0.00374	0.00374	0.00075	0.00374	0.00300	0.00300	0.85320
14	0.01306	0.01323	0.01871	0.02683	0.62543	0.11755	0.01399	0.01606	0.03436	0.01592	0.01051	0.05201	0.00928	0.00523	0.00502	0.00151	0.00621	0.00486	0.00270	0.00753
15	0.01289	0.01152	0.01158	0.01043	0.01327	0.05150	0.00809	0.02654	0.74378	0.02072	0.01995	0.01839	0.01500	0.00678	0.00512	0.00169	0.00425	0.00560	0.00502	0.00790
16	0.00616	0.00440	0.00587	0.00704	0.00733	0.00411	0.00469	0.00704	0.00968	0.01291	0.02787	0.81899	0.03344	0.01584	0.00645	0.00205	0.00293	0.01438	0.00469	0.00411
17	0.00879	0.00836	0.01568	0.01386	0.06314	0.00789	0.28666	0.01114	0.01079	0.01450	0.02072	0.40840	0.03875	0.01071	0.00621	0.00190	0.00527	0.05807	0.00377	0.00538
18	0.01459	0.01019	0.01179	0.00888	0.01295	0.00928	0.00718	0.23251	0.01485	0.13652	0.01246	0.05182	0.00984	0.00538	0.00445	0.00116	0.00431	0.00431	0.00416	0.44337
19	0.00723	0.00539	0.00796	0.00796	0.00881	0.00623	0.00612	0.00893	0.00808	0.01162	0.01369	0.02069	0.01300	0.08661	0.75405	0.00793	0.01301	0.00554	0.00273	0.00442
20	0.01067	0.05965	0.01148	0.00756	0.01205	0.00756	0.00616	0.01288	0.01047	0.01619	0.00887	0.01034	0.00743	0.00378	0.00371	0.00077	0.00385	0.00298	0.00294	0.80065
21	0.80593	0.01067	0.00786	0.00705	0.01014	0.06042	0.00574	0.01520	0.00896	0.02205	0.00709	0.00827	0.00554	0.00473	0.00322	0.00155	0.00423	0.00277	0.00310	0.00550
22	0.00702	0.00506	0.00664	0.00646	0.00752	0.00468	0.00476	0.00920	0.01367	0.01925	0.68255	0.14622	0.04573	0.01110	0.00603	0.00165	0.00246	0.00987	0.00545	0.00468
