[name]
unknown

[dist]
# distance from previous block
# <min> <max>
37	109

[block]
# block no. 0 follows, 44 sequences, length 9
# corresponding to MSA columns:
# 132-140
name=unknown_A
#
# <colnr> <probs for GDERKNQSTAVLIFYWHMCP>
#	G	D	E	R	K	N	Q	S	T	A	V	L	I	F	Y	W	H	M	C	P
0	0.04689	0.00993	0.01207	0.09443	0.01500	0.01122	0.00875	0.26804	0.01547	0.02133	0.01860	0.32763	0.01934	0.01088	0.00732	0.00197	0.09107	0.00902	0.00455	0.00650
1	0.28749	0.01516	0.01211	0.01012	0.01381	0.22773	0.00801	0.10784	0.01389	0.08164	0.01001	0.01090	0.00766	0.00533	0.00435	0.00143	0.00600	0.00360	0.00371	0.16919
2	0.08090	0.01207	0.01741	0.40021	0.02786	0.01382	0.09326	0.24966	0.01565	0.02163	0.01074	0.01364	0.00790	0.00567	0.00539	0.00175	0.00683	0.00489	0.00350	0.00720
3	0.10436	0.01112	0.01515	0.09092	0.09351	0.05718	0.13035	0.01568	0.10334	0.01727	0.05159	0.02284	0.13154	0.07084	0.00813	0.00208	0.05764	0.00648	0.00365	0.00635
4	0.35442	0.01336	0.01299	0.01037	0.01434	0.01502	0.00856	0.45726	0.01903	0.03036	0.01087	0.01138	0.00791	0.00595	0.00461	0.00166	0.00528	0.00412	0.00461	0.00791
5	0.27754	0.01299	0.01312	0.04503	0.01539	0.01471	0.00891	0.37791	0.13589	0.02855	0.01265	0.01297	0.00929	0.00617	0.00482	0.00169	0.00523	0.00449	0.00468	0.00798
6	0.12842	0.23743	0.01782	0.01063	0.01452	0.10028	0.00907	0.31008	0.01744	0.02372	0.07199	0.01320	0.01137	0.00609	0.00465	0.00149	0.00585	0.00434	0.00406	0.00753
7	0.37229	0.01326	0.01281	0.01026	0.01420	0.01492	0.00847	0.44124	0.01867	0.03015	0.01075	0.01129	0.00784	0.00591	0.00457	0.00166	0.00524	0.00408	0.00457	0.00784
8	0.02130	0.01349	0.01516	0.01171	0.01597	0.01438	0.00965	0.52322	0.06502	0.22907	0.01582	0.01494	0.01080	0.00665	0.00547	0.00166	0.00555	0.00513	0.00580	0.00924

[dist]
# distance from previous block
# <min> <max>
10	47

[block]
# block no. 1 follows, 44 sequences, length 15
# corresponding to MSA columns:
# 189-203
name=unknown_B
#
# <colnr> <probs for GDERKNQSTAVLIFYWHMCP>
#	G	D	E	R	K	N	Q	S	T	A	V	L	I	F	Y	W	H	M	C	P
0	0.01209	0.10289	0.60981	0.01458	0.02165	0.06724	0.01776	0.01817	0.05548	0.01689	0.01020	0.01164	0.00749	0.00529	0.00502	0.00166	0.00775	0.00401	0.00253	0.00787
1	0.01188	0.29903	0.07517	0.45747	0.02809	0.01555	0.01341	0.01503	0.01101	0.01377	0.00894	0.01224	0.00714	0.00515	0.00473	0.00158	0.00681	0.00409	0.00238	0.00654
2	0.01301	0.47448	0.35204	0.01200	0.01813	0.01774	0.01398	0.01673	0.01126	0.01474	0.00853	0.00994	0.00696	0.00489	0.00422	0.00141	0.00679	0.00339	0.00232	0.00745
3	0.01142	0.00931	0.01070	0.01054	0.01280	0.01035	0.00854	0.02121	0.44081	0.01991	0.02511	0.06854	0.02318	0.01078	0.00638	0.00212	0.00454	0.29139	0.00532	0.00705
4	0.00859	0.00505	0.00644	0.00644	0.00644	0.00505	0.00392	0.00757	0.00757	0.01010	0.01386	0.02745	0.01537	0.46863	0.02498	0.36513	0.00505	0.00655	0.00290	0.00290
5	0.02072	0.01527	0.01636	0.01254	0.01691	0.01691	0.01036	0.75622	0.02563	0.03436	0.01309	0.01309	0.00927	0.00654	0.00545	0.00164	0.00600	0.00491	0.00545	0.00927
6	0.01520	0.01670	0.01309	0.01064	0.01461	0.34265	0.00821	0.01719	0.01309	0.01586	0.00915	0.01067	0.00762	0.00472	0.00442	0.00106	0.00653	0.00335	0.00305	0.48218
7	0.00714	0.00555	0.00649	0.00625	0.00779	0.00490	0.00469	0.00917	0.01407	0.01863	0.44727	0.04604	0.37771	0.01235	0.00644	0.00177	0.00266	0.01060	0.00558	0.00490
8	0.01502	0.01050	0.01200	0.00983	0.01279	0.01106	0.00787	0.34802	0.05832	0.07935	0.34055	0.02573	0.02809	0.00858	0.00588	0.00168	0.00434	0.00714	0.00578	0.00746
9	0.01588	0.01290	0.01666	0.25220	0.11939	0.01459	0.01244	0.35924	0.09860	0.02482	0.01267	0.01435	0.00937	0.00609	0.00546	0.00171	0.00626	0.00502	0.00419	0.00815
10	0.04537	0.00946	0.00919	0.00773	0.01091	0.07616	0.00601	0.01361	0.05035	0.06674	0.03050	0.02972	0.33755	0.00877	0.00530	0.00145	0.00407	0.00710	0.00434	0.27568
11	0.04229	0.20893	0.08716	0.01217	0.01608	0.30851	0.01060	0.07160	0.15941	0.01719	0.01130	0.01195	0.00899	0.00574	0.00471	0.00149	0.00722	0.00401	0.00338	0.00727
12	0.07162	0.01323	0.01320	0.11300	0.11802	0.17498	0.00975	0.12607	0.01426	0.01972	0.01317	0.01530	0.03143	0.00612	0.00512	0.00154	0.02622	0.00469	0.21592	0.00663
13	0.02077	0.06165	0.01531	0.01174	0.01532	0.20954	0.00951	0.17389	0.04767	0.30276	0.01469	0.01426	0.01030	0.00652	0.00607	0.00163	0.06068	0.00469	0.00487	0.00814
14	0.19805	0.01293	0.01257	0.06423	0.01560	0.07334	0.00878	0.15856	0.29425	0.02359	0.01442	0.01457	0.01087	0.00620	0.00488	0.00166	0.00522	0.00471	0.00445	0.07113

[dist]
# distance from previous block
# <min> <max>
10	41

[block]
# block no. 2 follows, 44 sequences, length 8
# corresponding to MSA columns:
# 260-267
name=unknown_C
#
# <colnr> <probs for GDERKNQSTAVLIFYWHMCP>
#	G	D	E	R	K	N	Q	S	T	A	V	L	I	F	Y	W	H	M	C	P
0	0.23439	0.03255	0.04361	0.05247	0.01452	0.11427	0.00867	0.11829	0.03808	0.11940	0.03239	0.03538	0.01211	0.00685	0.00487	0.00168	0.00550	0.05465	0.06342	0.00689
1	0.01120	0.05302	0.04648	0.05566	0.18389	0.00934	0.06933	0.01380	0.01244	0.07917	0.14891	0.14015	0.06958	0.02929	0.05136	0.00225	0.00565	0.00790	0.00409	0.00651
2	0.01457	0.42624	0.19320	0.01149	0.01659	0.16020	0.01175	0.01734	0.01200	0.01431	0.00840	0.00977	0.00707	0.00491	0.00418	0.00131	0.00693	0.00330	0.00249	0.07396
3	0.01407	0.08568	0.27925	0.01293	0.01740	0.30378	0.01285	0.01728	0.01265	0.01465	0.01264	0.01459	0.05672	0.01062	0.10938	0.00251	0.00908	0.00446	0.00275	0.00667
4	0.01187	0.01397	0.15102	0.02223	0.40257	0.01116	0.01402	0.06254	0.01312	0.01810	0.02023	0.02329	0.16112	0.00732	0.00568	0.00173	0.00591	0.04315	0.00339	0.00759
5	0.01313	0.06070	0.30091	0.01404	0.01937	0.01194	0.14888	0.05529	0.02837	0.11285	0.04496	0.01901	0.10027	0.00677	0.00609	0.00175	0.03873	0.00580	0.00364	0.00750
6	0.00877	0.00658	0.00901	0.00860	0.00999	0.00713	0.00660	0.05654	0.01050	0.01495	0.06424	0.07627	0.01727	0.07152	0.53957	0.00667	0.01127	0.00663	0.00347	0.06441
7	0.01138	0.20665	0.50267	0.01282	0.01901	0.01374	0.01539	0.01580	0.01093	0.01534	0.01026	0.01410	0.00865	0.11230	0.00780	0.00207	0.00717	0.00429	0.00244	0.00718

[dist]
# distance from previous block
# <min> <max>
4	46

[block]
# block no. 3 follows, 44 sequences, length 21
# corresponding to MSA columns:
# 315-328,344-350
name=unknown_D
#
# <colnr> <probs for GDERKNQSTAVLIFYWHMCP>
#	G	D	E	R	K	N	Q	S	T	A	V	L	I	F	Y	W	H	M	C	P
0	0.01650	0.01220	0.01362	0.01040	0.01479	0.01204	0.00845	0.32422	0.10346	0.08503	0.01345	0.01364	0.00997	0.00567	0.00491	0.00134	0.00493	0.00444	0.00469	0.33623
1	0.01646	0.01224	0.01366	0.01037	0.01481	0.01200	0.00843	0.33618	0.08026	0.07785	0.01301	0.01332	0.00968	0.00558	0.00487	0.00131	0.00495	0.00435	0.00462	0.35604
2	0.01779	0.01381	0.01471	0.01195	0.01579	0.01553	0.00965	0.45790	0.32873	0.02962	0.01682	0.01606	0.01229	0.00689	0.00549	0.00172	0.00531	0.00542	0.00549	0.00901
3	0.01349	0.01295	0.02213	0.03346	0.77440	0.01295	0.01673	0.01673	0.01241	0.01781	0.01025	0.01349	0.00864	0.00486	0.00540	0.00162	0.00648	0.00486	0.00270	0.00864
4	0.01093	0.02820	0.78016	0.01554	0.02360	0.01266	0.02014	0.01727	0.01151	0.01727	0.00978	0.01151	0.00691	0.00518	0.00518	0.00173	0.00806	0.00403	0.00230	0.00806
5	0.01093	0.02820	0.78016	0.01554	0.02360	0.01266	0.02014	0.01727	0.01151	0.01727	0.00978	0.01151	0.00691	0.00518	0.00518	0.00173	0.00806	0.00403	0.00230	0.00806
6	0.01349	0.01295	0.02213	0.03346	0.77440	0.01295	0.01673	0.01673	0.01241	0.01781	0.01025	0.01349	0.00864	0.00486	0.00540	0.00162	0.00648	0.00486	0.00270	0.00864
7	0.01287	0.01471	0.03217	0.02298	0.02849	0.01379	0.75460	0.01746	0.01287	0.01746	0.01103	0.01471	0.00827	0.00460	0.00643	0.00184	0.00919	0.00643	0.00276	0.00735
8	0.01030	0.00969	0.01635	0.79530	0.03755	0.01211	0.01514	0.01393	0.01090	0.01393	0.00969	0.01453	0.00727	0.00545	0.00545	0.00182	0.00727	0.00484	0.00242	0.00606
9	0.01261	0.01395	0.02793	0.02061	0.02461	0.01458	0.55133	0.01627	0.01163	0.01627	0.00997	0.01395	0.00797	0.00595	0.00957	0.00199	0.22520	0.00598	0.00266	0.00697
10	0.02037	0.02598	0.01545	0.01404	0.01685	0.78652	0.01053	0.02177	0.01545	0.01334	0.00843	0.00983	0.00702	0.00562	0.00492	0.00140	0.00983	0.00351	0.00281	0.00632
11	0.01109	0.02714	0.72132	0.01612	0.02398	0.01275	0.07792	0.01728	0.01162	0.01728	0.00988	0.01176	0.00701	0.00513	0.00528	0.00174	0.00815	0.00422	0.00234	0.00800
12	0.01093	0.02820	0.78016	0.01554	0.02360	0.01266	0.02014	0.01727	0.01151	0.01727	0.00978	0.01151	0.00691	0.00518	0.00518	0.00173	0.00806	0.00403	0.00230	0.00806
13	0.00644	0.00552	0.00552	0.00552	0.00736	0.00460	0.00414	0.00782	0.01243	0.01473	0.05523	0.05247	0.77218	0.01381	0.00644	0.00184	0.00276	0.01151	0.00506	0.00460
14	0.00757	0.00546	0.00716	0.00696	0.00811	0.00505	0.00513	0.00992	0.01475	0.02078	0.67030	0.14503	0.04934	0.01196	0.00650	0.00178	0.00265	0.01063	0.00587	0.00505
15	0.00783	0.00537	0.00551	0.00547	0.00707	0.00481	0.00411	0.00971	0.01232	0.01723	0.09857	0.04038	0.45221	0.01101	0.00553	0.00163	0.00267	0.00915	0.29460	0.00481
16	0.00844	0.00603	0.00839	0.00965	0.01075	0.00598	0.00819	0.01070	0.01221	0.01593	0.02905	0.18015	0.03212	0.01538	0.00744	0.00246	0.00472	0.62242	0.00503	0.00493
17	0.01198	0.02195	0.46921	0.02289	0.33157	0.01278	0.01874	0.01705	0.01188	0.01749	0.00998	0.01232	0.00762	0.00505	0.00527	0.00168	0.00741	0.00437	0.00246	0.00829
18	0.01650	0.01317	0.01398	0.01169	0.01530	0.01493	0.00934	0.32729	0.46144	0.02754	0.01846	0.01737	0.01362	0.00705	0.00551	0.00176	0.00501	0.00565	0.00551	0.00889
19	0.02058	0.01966	0.01599	0.01316	0.01689	0.33260	0.01043	0.45495	0.02146	0.02574	0.01118	0.01175	0.00835	0.00616	0.00523	0.00154	0.00757	0.00434	0.00437	0.00806
20	0.01824	0.01403	0.01496	0.01204	0.01596	0.01574	0.00976	0.50369	0.28221	0.03035	0.01625	0.01561	0.01183	0.00684	0.00549	0.00171	0.00541	0.00534	0.00549	0.00905

[dist]
# distance from previous block
# <min> <max>
1	11

[block]
# block no. 4 follows, 44 sequences, length 15
# corresponding to MSA columns:
# 362-376
name=unknown_E
#
# <colnr> <probs for GDERKNQSTAVLIFYWHMCP>
#	G	D	E	R	K	N	Q	S	T	A	V	L	I	F	Y	W	H	M	C	P
0	0.01595	0.01422	0.01296	0.01153	0.01467	0.16187	0.00894	0.02735	0.54637	0.09554	0.01947	0.01814	0.01448	0.00699	0.00542	0.00175	0.00541	0.00559	0.00514	0.00825
1	0.40221	0.01741	0.01214	0.01067	0.01395	0.32528	0.00837	0.11797	0.01397	0.02131	0.00867	0.00982	0.00681	0.00549	0.00428	0.00157	0.00672	0.00344	0.00343	0.00653
2	0.02011	0.01433	0.01563	0.01193	0.01632	0.01538	0.00983	0.63538	0.02359	0.08513	0.01336	0.01331	0.00946	0.00632	0.00532	0.00156	0.00572	0.00479	0.00534	0.08721
3	0.00947	0.00473	0.00710	0.00710	0.00710	0.00473	0.00473	0.00710	0.00710	0.00947	0.00947	0.01657	0.00947	0.01894	0.02131	0.84138	0.00473	0.00473	0.00237	0.00237
4	0.01113	0.06954	0.74050	0.01521	0.02309	0.01313	0.01957	0.01722	0.01149	0.01703	0.00967	0.01136	0.00691	0.00515	0.00509	0.00170	0.00794	0.00397	0.00230	0.00800
5	0.01544	0.01207	0.01335	0.01034	0.01450	0.01201	0.00833	0.34651	0.09219	0.02543	0.01375	0.06370	0.01125	0.00632	0.00501	0.00137	0.00489	0.00505	0.00457	0.33392
6	0.08838	0.08961	0.01007	0.00783	0.00973	0.00792	0.00632	0.01254	0.01316	0.07226	0.35960	0.03613	0.03317	0.08920	0.00808	0.00215	0.00392	0.13945	0.00498	0.00549
7	0.07109	0.08490	0.01217	0.00915	0.01167	0.04812	0.00719	0.14453	0.05866	0.01812	0.01334	0.01896	0.01218	0.16932	0.20765	0.00402	0.00778	0.00524	0.00361	0.09231
8	0.01001	0.01016	0.08927	0.00842	0.01235	0.00708	0.00741	0.01289	0.01278	0.01915	0.27718	0.02166	0.02318	0.00665	0.00500	0.00122	0.00394	0.00564	0.00411	0.46194
9	0.03610	0.15815	0.14769	0.01159	0.01587	0.01368	0.02765	0.09113	0.04947	0.14804	0.04116	0.01396	0.01062	0.00631	0.00669	0.00162	0.11811	0.00454	0.00382	0.09381
10	0.19221	0.08486	0.01376	0.01135	0.08812	0.01062	0.00839	0.02147	0.03480	0.40466	0.06414	0.01659	0.01334	0.00631	0.00491	0.00164	0.00470	0.00495	0.00515	0.00802
11	0.13665	0.01177	0.01155	0.00957	0.01280	0.12402	0.04638	0.06230	0.06778	0.09822	0.04261	0.01550	0.01180	0.00590	0.00458	0.00143	0.00501	0.00460	0.18481	0.14271
12	0.08040	0.01063	0.03949	0.00886	0.01171	0.07156	0.00723	0.07944	0.10855	0.10350	0.19692	0.02316	0.05338	0.00767	0.00520	0.00159	0.00431	0.00622	0.12850	0.05170
13	0.09298	0.03339	0.03135	0.04173	0.01416	0.02818	0.00816	0.10462	0.16634	0.15588	0.08268	0.02001	0.07149	0.00706	0.00518	0.00159	0.00464	0.00566	0.00487	0.12003
14	0.10370	0.06468	0.01426	0.01202	0.08474	0.03305	0.03132	0.09639	0.08053	0.19279	0.10036	0.03192	0.01535	0.00655	0.00509	0.00156	0.00491	0.00536	0.00469	0.11074

[dist]
# distance from previous block
# <min> <max>
8	114

[block]
# block no. 5 follows, 44 sequences, length 26
# corresponding to MSA columns:
# 505-530
name=unknown_F
#
# <colnr> <probs for GDERKNQSTAVLIFYWHMCP>
#	G	D	E	R	K	N	Q	S	T	A	V	L	I	F	Y	W	H	M	C	P
0	0.01520	0.01402	0.01789	0.01416	0.01766	0.19779	0.24519	0.01782	0.01400	0.15159	0.08878	0.07747	0.08832	0.00763	0.00594	0.00172	0.00687	0.00702	0.00417	0.00676
1	0.01141	0.01051	0.05026	0.00940	0.01393	0.00798	0.05350	0.01473	0.04495	0.03859	0.10066	0.01559	0.01367	0.00519	0.00463	0.00109	0.00441	0.00444	0.00368	0.59137
2	0.01150	0.00828	0.01066	0.00977	0.01183	0.00827	0.03963	0.18059	0.01493	0.05325	0.07911	0.36223	0.02690	0.01233	0.00642	0.00197	0.00438	0.10540	0.00510	0.04745
3	0.01492	0.03115	0.01387	0.01267	0.09372	0.06083	0.00889	0.26548	0.11978	0.02266	0.05144	0.01873	0.01372	0.13949	0.00896	0.00215	0.00553	0.00549	0.00434	0.10617
4	0.15583	0.01343	0.01305	0.01067	0.01449	0.08542	0.00858	0.24432	0.17690	0.11483	0.01432	0.01409	0.01045	0.00615	0.00493	0.00159	0.00533	0.00461	0.00480	0.09620
5	0.24458	0.01302	0.01335	0.01045	0.01458	0.01407	0.00861	0.43149	0.01911	0.08559	0.01191	0.01218	0.00856	0.00592	0.00476	0.00158	0.00523	0.00426	0.00478	0.08596
6	0.24179	0.01140	0.01612	0.01223	0.01658	0.01108	0.20186	0.01848	0.09121	0.11110	0.01220	0.01335	0.00909	0.00514	0.00481	0.00153	0.00553	0.00457	0.00381	0.20813
7	0.01619	0.01414	0.01422	0.01180	0.01521	0.09509	0.00942	0.26085	0.29446	0.02414	0.01506	0.01512	0.01144	0.00673	0.00634	0.00166	0.07397	0.00502	0.00469	0.10443
8	0.01755	0.01425	0.01890	0.02174	0.34981	0.01517	0.01316	0.43122	0.01982	0.02709	0.01184	0.01327	0.00899	0.00580	0.00543	0.00163	0.00621	0.00489	0.00424	0.00899
9	0.02092	0.01094	0.01259	0.00972	0.01395	0.08075	0.00788	0.02304	0.01456	0.52392	0.01744	0.01600	0.01159	0.00599	0.00508	0.00145	0.00498	0.00476	0.00553	0.20893
10	0.01016	0.00508	0.00508	0.00508	0.00635	0.00508	0.00381	0.01270	0.01143	0.02033	0.01778	0.02033	0.01397	0.00635	0.00381	0.00127	0.00254	0.00508	0.83867	0.00508
11	0.00793	0.00529	0.00595	0.00595	0.00595	0.00529	0.00330	0.00793	0.00793	0.01057	0.01718	0.03568	0.01982	0.80840	0.02775	0.00529	0.00529	0.00793	0.00330	0.00330
12	0.00644	0.00552	0.00552	0.00552	0.00736	0.00460	0.00414	0.00782	0.01243	0.01473	0.05523	0.05247	0.77218	0.01381	0.00644	0.00184	0.00276	0.01151	0.00506	0.00460
13	0.01458	0.81168	0.02857	0.00933	0.01399	0.02157	0.00933	0.01632	0.01108	0.01283	0.00758	0.00875	0.00700	0.00466	0.00350	0.00117	0.00583	0.00292	0.00233	0.00700
14	0.02446	0.00928	0.01265	0.00970	0.01392	0.00801	0.00801	0.02657	0.01560	0.77817	0.02151	0.01856	0.01350	0.00675	0.00548	0.00169	0.00464	0.00548	0.00675	0.00928
15	0.02072	0.01527	0.01636	0.01254	0.01691	0.01691	0.01036	0.75622	0.02563	0.03436	0.01309	0.01309	0.00927	0.00654	0.00545	0.00164	0.00600	0.00491	0.00545	0.00927
16	0.02022	0.01502	0.01608	0.01244	0.01671	0.01667	0.01024	0.70465	0.07803	0.03354	0.01373	0.01360	0.00979	0.00660	0.00546	0.00165	0.00588	0.00500	0.00546	0.00923
17	0.00664	0.00474	0.00633	0.00759	0.00791	0.00443	0.00506	0.00759	0.01044	0.01392	0.03005	0.80485	0.03606	0.01708	0.00696	0.00221	0.00316	0.01550	0.00506	0.00443
18	0.00923	0.00706	0.01014	0.32511	0.01895	0.00808	0.00832	0.01118	0.00971	0.01354	0.01413	0.02411	0.01356	0.32502	0.04808	0.00341	0.00606	0.00615	0.13338	0.00476
19	0.01458	0.81168	0.02857	0.00933	0.01399	0.02157	0.00933	0.01632	0.01108	0.01283	0.00758	0.00875	0.00700	0.00466	0.00350	0.00117	0.00583	0.00292	0.00233	0.00700
20	0.01220	0.30157	0.51792	0.01337	0.02025	0.01577	0.01637	0.01694	0.01136	0.01572	0.00901	0.01055	0.00694	0.00500	0.00459	0.00153	0.00728	0.00364	0.00231	0.00769
21	0.01416	0.72332	0.11333	0.01003	0.01508	0.02057	0.01055	0.01643	0.01113	0.01333	0.00783	0.00906	0.00699	0.00472	0.00369	0.00123	0.00608	0.00304	0.00233	0.00712
22	0.01119	0.08376	0.72686	0.01510	0.02291	0.01329	0.01938	0.01720	0.01148	0.01695	0.00963	0.01131	0.00691	0.00514	0.00506	0.00169	0.00790	0.00395	0.00230	0.00798
23	0.00753	0.00557	0.00703	0.00666	0.00803	0.00506	0.00500	0.00993	0.01499	0.02081	0.66598	0.04245	0.15763	0.01154	0.00643	0.00173	0.00260	0.01010	0.00586	0.00506
24	0.00906	0.00666	0.02750	0.00792	0.00956	0.00570	0.00595	0.01129	0.03727	0.07199	0.22045	0.41503	0.03400	0.01273	0.00630	0.00187	0.00337	0.01135	0.00517	0.09682
25	0.01248	0.00923	0.01111	0.00943	0.01189	0.00971	0.00736	0.24133	0.01419	0.01974	0.01326	0.01834	0.01174	0.09993	0.29199	0.06400	0.00865	0.00528	0.00375	0.13658

[dist]
# distance from previous block
# <min> <max>
0	1

[block]
# block no. 6 follows, 44 sequences, length 6
# corresponding to MSA columns:
# 533-538
name=unknown_G
#
# <colnr> <probs for GDERKNQSTAVLIFYWHMCP>
#	G	D	E	R	K	N	Q	S	T	A	V	L	I	F	Y	W	H	M	C	P
0	0.01347	0.01129	0.01404	0.01307	0.13774	0.01004	0.00888	0.15660	0.01423	0.02095	0.01043	0.01200	0.00840	0.00465	0.00453	0.00110	0.00481	0.00382	0.00357	0.54637
1	0.01817	0.01501	0.01624	0.01481	0.11963	0.08430	0.01061	0.46800	0.02057	0.02750	0.01173	0.01256	0.00879	0.00582	0.00517	0.00148	0.00609	0.00450	0.00448	0.14454
2	0.01155	0.00967	0.01133	0.08220	0.09024	0.06171	0.00802	0.13253	0.01289	0.01698	0.01718	0.21283	0.01814	0.22021	0.01157	0.00268	0.00541	0.00808	0.00390	0.06287
3	0.01422	0.16790	0.02093	0.01880	0.25111	0.01368	0.11351	0.01916	0.13521	0.08988	0.06164	0.01600	0.01275	0.00575	0.00522	0.00158	0.00586	0.00523	0.00371	0.03786
4	0.21382	0.09718	0.12394	0.01391	0.01854	0.16209	0.18240	0.05645	0.01294	0.05664	0.00982	0.01145	0.00747	0.00520	0.00485	0.00162	0.00725	0.00424	0.00315	0.00707
5	0.09500	0.01189	0.05250	0.01181	0.01477	0.01236	0.04508	0.12170	0.01345	0.21310	0.01462	0.05567	0.03144	0.00779	0.00892	0.00188	0.23331	0.00551	0.00429	0.04490

[dist]
# distance from previous block
# <min> <max>
65	183

[block]
# block no. 7 follows, 44 sequences, length 13
# corresponding to MSA columns:
# 761-773
name=unknown_H
#
# <colnr> <probs for GDERKNQSTAVLIFYWHMCP>
#	G	D	E	R	K	N	Q	S	T	A	V	L	I	F	Y	W	H	M	C	P
0	0.14890	0.01619	0.01608	0.01307	0.01644	0.21057	0.08450	0.21439	0.01605	0.09672	0.01093	0.01216	0.00823	0.00627	0.00664	0.00170	0.10540	0.00444	0.00393	0.00739
1	0.01527	0.01143	0.01156	0.00963	0.01295	0.08765	0.00772	0.20541	0.04195	0.13786	0.02601	0.02727	0.21336	0.00869	0.00563	0.00164	0.00495	0.05511	0.00498	0.11093
2	0.01180	0.01204	0.02241	0.01690	0.02092	0.01167	0.39585	0.01521	0.01194	0.01680	0.01308	0.02103	0.01172	0.00674	0.00755	0.00181	0.10563	0.12046	0.00316	0.17327
3	0.01192	0.01257	0.02226	0.01710	0.01989	0.03389	0.35033	0.01489	0.01171	0.01648	0.12903	0.01767	0.01462	0.00743	0.01051	0.00200	0.29178	0.00630	0.00313	0.00648
4	0.01033	0.00954	0.00967	0.00916	0.00991	0.12991	0.00663	0.01132	0.00943	0.01199	0.01374	0.02412	0.01426	0.33834	0.26487	0.00542	0.10758	0.00618	0.00299	0.00461
5	0.01903	0.01484	0.01792	0.01370	0.01807	0.01618	0.10272	0.59124	0.09835	0.03110	0.01375	0.01402	0.00989	0.00639	0.00559	0.00168	0.00623	0.00522	0.00513	0.00897
6	0.44701	0.00932	0.00926	0.00814	0.01069	0.01052	0.00661	0.01510	0.01116	0.09771	0.15554	0.01909	0.06627	0.00751	0.00617	0.00179	0.10259	0.00530	0.00420	0.00602
7	0.01179	0.01215	0.01364	0.01242	0.01294	0.13424	0.00981	0.01295	0.01004	0.01338	0.01367	0.23047	0.01511	0.01101	0.01284	0.00218	0.45503	0.00753	0.00319	0.00560
8	0.14212	0.00910	0.01004	0.00803	0.01170	0.00798	0.00628	0.05161	0.01178	0.01924	0.04886	0.14380	0.01448	0.00682	0.00460	0.00126	0.00395	0.00562	0.00380	0.48891
9	0.00950	0.00788	0.01016	0.00978	0.01055	0.00913	0.00743	0.08324	0.01154	0.01579	0.02428	0.43320	0.09392	0.01361	0.00984	0.00217	0.22720	0.01106	0.00435	0.00536
10	0.27330	0.15290	0.08440	0.01122	0.01467	0.01372	0.08406	0.01574	0.01054	0.06831	0.01121	0.08955	0.01011	0.00696	0.00664	0.00178	0.13003	0.00509	0.00327	0.00652
11	0.17217	0.01048	0.01146	0.00969	0.01252	0.02716	0.00772	0.16925	0.03299	0.11546	0.07408	0.13931	0.01645	0.00836	0.00648	0.00174	0.08431	0.00648	0.00462	0.08927
12	0.13560	0.01393	0.01444	0.01175	0.01506	0.05546	0.00958	0.37055	0.11143	0.02630	0.01211	0.01295	0.00920	0.00674	0.00703	0.00174	0.13012	0.00461	0.00445	0.04694

[dist]
# distance from previous block
# <min> <max>
7	28

[block]
# block no. 8 follows, 44 sequences, length 14
# corresponding to MSA columns:
# 803-816
name=unknown_I
#
# <colnr> <probs for GDERKNQSTAVLIFYWHMCP>
#	G	D	E	R	K	N	Q	S	T	A	V	L	I	F	Y	W	H	M	C	P
0	0.07562	0.00935	0.01311	0.01152	0.01239	0.01193	0.04357	0.01211	0.00884	0.01413	0.01076	0.01673	0.01025	0.07451	0.25741	0.00447	0.37176	0.00527	0.03080	0.00546
1	0.01737	0.01489	0.01486	0.01164	0.01559	0.11759	0.00942	0.39277	0.01893	0.02526	0.01105	0.01206	0.00847	0.00596	0.00596	0.00143	0.06793	0.00424	0.00424	0.24034
2	0.01458	0.81168	0.02857	0.00933	0.01399	0.02157	0.00933	0.01632	0.01108	0.01283	0.00758	0.00875	0.00700	0.00466	0.00350	0.00117	0.00583	0.00292	0.00233	0.00700
3	0.00694	0.00496	0.00664	0.00778	0.00826	0.00467	0.00544	0.00816	0.01102	0.01475	0.08529	0.67355	0.03674	0.01644	0.00698	0.00221	0.00330	0.08720	0.00513	0.00454
4	0.02072	0.01527	0.01636	0.01254	0.01691	0.01691	0.01036	0.75622	0.02563	0.03436	0.01309	0.01309	0.00927	0.00654	0.00545	0.00164	0.00600	0.00491	0.00545	0.00927
5	0.00731	0.00538	0.00775	0.00827	0.00897	0.00582	0.00608	0.00884	0.00946	0.01318	0.02104	0.34801	0.02298	0.03096	0.46171	0.00603	0.00983	0.00987	0.00381	0.00468
6	0.01262	0.01087	0.01190	0.00984	0.01365	0.01094	0.00772	0.02262	0.45054	0.02070	0.01698	0.01657	0.01307	0.00600	0.00492	0.00141	0.00420	0.00494	0.00458	0.35592
7	0.01655	0.01319	0.01401	0.01170	0.01531	0.01496	0.00935	0.33214	0.45652	0.02762	0.01840	0.01732	0.01357	0.00704	0.00551	0.00176	0.00502	0.00564	0.00551	0.00890
8	0.01172	0.47564	0.01970	0.00830	0.01155	0.01472	0.00758	0.01381	0.01289	0.01659	0.32604	0.02208	0.02552	0.00737	0.00472	0.00139	0.00447	0.00581	0.00386	0.00622
9	0.00779	0.00584	0.00876	0.00876	0.00974	0.00681	0.00681	0.00974	0.00876	0.01266	0.01460	0.02142	0.01363	0.04089	0.78680	0.00876	0.01460	0.00584	0.00292	0.00487
10	0.02072	0.01527	0.01636	0.01254	0.01691	0.01691	0.01036	0.75622	0.02563	0.03436	0.01309	0.01309	0.00927	0.00654	0.00545	0.00164	0.00600	0.00491	0.00545	0.00927
11	0.02072	0.01527	0.01636	0.01254	0.01691	0.01691	0.01036	0.75622	0.02563	0.03436	0.01309	0.01309	0.00927	0.00654	0.00545	0.00164	0.00600	0.00491	0.00545	0.00927
12	0.08629	0.01490	0.01570	0.01212	0.01640	0.01654	0.01001	0.69748	0.02433	0.03357	0.01265	0.01275	0.00900	0.00643	0.00529	0.00164	0.00586	0.00475	0.00529	0.00900
13	0.02072	0.01527	0.01636	0.01254	0.01691	0.01691	0.01036	0.75622	0.02563	0.03436	0.01309	0.01309	0.00927	0.00654	0.00545	0.00164	0.00600	0.00491	0.00545	0.00927

[dist]
# distance from previous block
# <min> <max>
12	79

[block]
# block no. 9 follows, 44 sequences, length 16
# corresponding to MSA columns:
# 901-916
name=unknown_J
#
# <colnr> <probs for GDERKNQSTAVLIFYWHMCP>
#	G	D	E	R	K	N	Q	S	T	A	V	L	I	F	Y	W	H	M	C	P
0	0.01367	0.01023	0.01422	0.01168	0.01441	0.01100	0.08672	0.20657	0.01444	0.08716	0.01468	0.07815	0.01275	0.01812	0.25319	0.00397	0.07911	0.00612	0.00404	0.05977
1	0.01467	0.01040	0.01213	0.00915	0.01362	0.00910	0.00736	0.08665	0.11083	0.14739	0.01360	0.01385	0.01020	0.00516	0.00461	0.00117	0.00436	0.00414	0.00433	0.51728
2	0.01730	0.37518	0.02171	0.01149	0.01541	0.15785	0.01003	0.24057	0.01608	0.01944	0.00937	0.01047	0.00770	0.00573	0.00532	0.00143	0.06030	0.00375	0.00336	0.00749
3	0.01356	0.01171	0.01233	0.01109	0.01418	0.01356	0.00863	0.02897	0.76455	0.02281	0.02219	0.02034	0.01664	0.00740	0.00555	0.00185	0.00431	0.00616	0.00555	0.00863
4	0.01130	0.00969	0.01130	0.00807	0.01292	0.00727	0.00646	0.01373	0.01130	0.01776	0.00969	0.01130	0.00807	0.00404	0.00404	0.00081	0.00404	0.00323	0.00323	0.84173
5	0.01058	0.00968	0.01306	0.01149	0.01149	0.01284	0.00901	0.01137	0.00821	0.01226	0.01054	0.01995	0.01144	0.27952	0.02122	0.00337	0.53038	0.00584	0.00270	0.00506
6	0.02037	0.02598	0.01545	0.01404	0.01685	0.78652	0.01053	0.02177	0.01545	0.01334	0.00843	0.00983	0.00702	0.00562	0.00492	0.00140	0.00983	0.00351	0.00281	0.00632
7	0.02072	0.01527	0.01636	0.01254	0.01691	0.01691	0.01036	0.75622	0.02563	0.03436	0.01309	0.01309	0.00927	0.00654	0.00545	0.00164	0.00600	0.00491	0.00545	0.00927
8	0.00736	0.00582	0.00679	0.00728	0.00890	0.00525	0.00595	0.00918	0.01247	0.01535	0.04496	0.05599	0.48353	0.01430	0.00687	0.00210	0.00364	0.29447	0.00505	0.00477
9	0.00964	0.00600	0.00790	0.00718	0.00881	0.00547	0.00547	0.01215	0.01545	0.10855	0.68555	0.03818	0.04709	0.01064	0.00632	0.00171	0.00281	0.00936	0.00609	0.00562
10	0.01193	0.01193	0.01670	0.01431	0.01431	0.01670	0.01193	0.01312	0.00835	0.01312	0.00716	0.01193	0.00716	0.00954	0.01789	0.00239	0.79843	0.00477	0.00239	0.00596
11	0.00697	0.00554	0.00625	0.00608	0.00769	0.00483	0.00456	0.00884	0.01367	0.01768	0.35162	0.04761	0.47395	0.01271	0.00644	0.00179	0.00268	0.01082	0.00545	0.00483
12	0.06827	0.02093	0.43539	0.01309	0.01862	0.06398	0.01453	0.01879	0.16431	0.01824	0.01429	0.10035	0.01203	0.00696	0.00531	0.00178	0.00662	0.00562	0.00337	0.00751
13	0.01522	0.01524	0.09798	0.01124	0.01562	0.10053	0.00982	0.26557	0.01651	0.02244	0.01189	0.06079	0.00993	0.00615	0.00531	0.00139	0.02808	0.00472	0.00392	0.29765
14	0.02019	0.01187	0.01342	0.01080	0.01441	0.07149	0.00875	0.13388	0.11237	0.39917	0.04437	0.01731	0.01344	0.00695	0.00628	0.00169	0.06004	0.00534	0.00562	0.04263
15	0.01853	0.01166	0.01327	0.01054	0.01415	0.01225	0.00857	0.39168	0.06749	0.19789	0.13400	0.01946	0.01750	0.00735	0.00553	0.00165	0.00487	0.00590	0.04933	0.00837

[dist]
# distance from previous block
# <min> <max>
4	23

[block]
# block no. 10 follows, 44 sequences, length 6
# corresponding to MSA columns:
# 941-946
name=unknown_K
#
# <colnr> <probs for GDERKNQSTAVLIFYWHMCP>
#	G	D	E	R	K	N	Q	S	T	A	V	L	I	F	Y	W	H	M	C	P
0	0.10536	0.05413	0.01505	0.01220	0.01432	0.18351	0.06018	0.01504	0.01106	0.01527	0.01146	0.13050	0.01150	0.00820	0.00894	0.00182	0.24674	0.00578	0.00309	0.08586
1	0.09253	0.10238	0.21937	0.30395	0.02544	0.13788	0.01423	0.01653	0.01166	0.01561	0.00909	0.01182	0.00697	0.00528	0.00489	0.00165	0.00745	0.00403	0.00253	0.00671
2	0.10588	0.43138	0.09363	0.01016	0.01458	0.01752	0.00979	0.01981	0.21534	0.01724	0.01175	0.01217	0.00948	0.00550	0.00420	0.00146	0.00545	0.00391	0.00332	0.00742
3	0.02072	0.01527	0.01636	0.01254	0.01691	0.01691	0.01036	0.75622	0.02563	0.03436	0.01309	0.01309	0.00927	0.00654	0.00545	0.00164	0.00600	0.00491	0.00545	0.00927
4	0.32156	0.01001	0.01325	0.50207	0.02750	0.01216	0.01170	0.01471	0.01030	0.01785	0.00891	0.01242	0.00676	0.00531	0.00468	0.00177	0.00613	0.00414	0.00278	0.00600
5	0.02113	0.01394	0.20161	0.01114	0.01630	0.00916	0.01100	0.02428	0.01460	0.59084	0.01862	0.01682	0.01187	0.00636	0.00541	0.00170	0.00548	0.00512	0.00565	0.00898

[dist]
# distance from previous block
# <min> <max>
0	2

[block]
# block no. 11 follows, 44 sequences, length 10
# corresponding to MSA columns:
# 949-958
name=unknown_L
#
# <colnr> <probs for GDERKNQSTAVLIFYWHMCP>
#	G	D	E	R	K	N	Q	S	T	A	V	L	I	F	Y	W	H	M	C	P
0	0.00765	0.00570	0.00788	0.00770	0.00888	0.00594	0.00590	0.00981	0.01184	0.01665	0.33249	0.03201	0.09223	0.02628	0.39784	0.00526	0.00862	0.00798	0.00438	0.00496
1	0.01236	0.40711	0.01679	0.00720	0.01016	0.01330	0.00656	0.01451	0.01126	0.01659	0.01270	0.01455	0.01050	0.00551	0.00366	0.00122	0.00418	0.00400	0.42182	0.00604
2	0.01531	0.01219	0.01575	0.35501	0.02540	0.01405	0.01213	0.38586	0.01826	0.02418	0.01263	0.06165	0.01002	0.00670	0.00554	0.00175	0.00638	0.00552	0.00410	0.00757
3	0.01306	0.48613	0.34087	0.01191	0.01798	0.01787	0.01382	0.01672	0.01126	0.01467	0.00850	0.00989	0.00696	0.00488	0.00420	0.00140	0.00676	0.00338	0.00232	0.00744
4	0.02260	0.01226	0.01450	0.01112	0.01541	0.01245	0.00918	0.39025	0.02060	0.40743	0.01731	0.01583	0.01139	0.00665	0.00547	0.00166	0.00532	0.00520	0.00610	0.00927
5	0.01275	0.01182	0.01451	0.01270	0.01424	0.01512	0.01027	0.02107	0.38764	0.01798	0.01470	0.01615	0.01191	0.00847	0.01170	0.00212	0.40012	0.00547	0.00397	0.00730
6	0.01764	0.41473	0.02248	0.01093	0.01545	0.01925	0.00984	0.38511	0.01833	0.02356	0.01033	0.01091	0.00813	0.00560	0.00447	0.00140	0.00591	0.00391	0.00389	0.00813
7	0.01715	0.01350	0.01435	0.01182	0.01555	0.01524	0.00950	0.39374	0.39393	0.02860	0.01762	0.01670	0.01295	0.00697	0.00550	0.00174	0.00516	0.00553	0.00550	0.00895
8	0.01130	0.00969	0.01130	0.00807	0.01292	0.00727	0.00646	0.01373	0.01130	0.01776	0.00969	0.01130	0.00807	0.00404	0.00404	0.00081	0.00404	0.00323	0.00323	0.84173
9	0.00670	0.00530	0.00603	0.00635	0.00765	0.00463	0.00457	0.00813	0.01229	0.01557	0.15639	0.27627	0.44208	0.01438	0.00660	0.00193	0.00285	0.01245	0.00520	0.00463

[dist]
# distance from previous block
# <min> <max>
6	9

[block]
# block no. 12 follows, 44 sequences, length 29
# corresponding to MSA columns:
# 970-998
name=unknown_M
#
# <colnr> <probs for GDERKNQSTAVLIFYWHMCP>
#	G	D	E	R	K	N	Q	S	T	A	V	L	I	F	Y	W	H	M	C	P
0	0.01748	0.01471	0.02090	0.01567	0.02026	0.01557	0.24445	0.44555	0.10098	0.02780	0.01342	0.01438	0.00975	0.00602	0.00577	0.00172	0.00682	0.00552	0.00462	0.00860
1	0.01349	0.01295	0.02213	0.03346	0.77440	0.01295	0.01673	0.01673	0.01241	0.01781	0.01025	0.01349	0.00864	0.00486	0.00540	0.00162	0.00648	0.00486	0.00270	0.00864
2	0.00919	0.00738	0.00933	0.00858	0.00858	0.00888	0.00602	0.00956	0.00806	0.01137	0.01402	0.02820	0.01583	0.55694	0.02465	0.00437	0.25495	0.00693	0.00301	0.00414
3	0.01458	0.81168	0.02857	0.00933	0.01399	0.02157	0.00933	0.01632	0.01108	0.01283	0.00758	0.00875	0.00700	0.00466	0.00350	0.00117	0.00583	0.00292	0.00233	0.00700
4	0.01093	0.02820	0.78016	0.01554	0.02360	0.01266	0.02014	0.01727	0.01151	0.01727	0.00978	0.01151	0.00691	0.00518	0.00518	0.00173	0.00806	0.00403	0.00230	0.00806
5	0.02312	0.01142	0.01398	0.01072	0.01499	0.01120	0.00885	0.28784	0.01919	0.51183	0.01849	0.01660	0.01198	0.00667	0.00547	0.00167	0.00513	0.00528	0.00628	0.00928
6	0.02165	0.02072	0.01457	0.01268	0.01593	0.54146	0.00974	0.02328	0.01550	0.25410	0.01254	0.01258	0.00906	0.00597	0.00509	0.00149	0.00820	0.00413	0.00405	0.00725
7	0.01130	0.00969	0.01130	0.00807	0.01292	0.00727	0.00646	0.01373	0.01130	0.01776	0.00969	0.01130	0.00807	0.00404	0.00404	0.00081	0.00404	0.00323	0.00323	0.84173
8	0.00644	0.00552	0.00552	0.00552	0.00736	0.00460	0.00414	0.00782	0.01243	0.01473	0.05523	0.05247	0.77218	0.01381	0.00644	0.00184	0.00276	0.01151	0.00506	0.00460
9	0.00728	0.00556	0.00669	0.00640	0.00788	0.00496	0.00480	0.00945	0.01441	0.01943	0.52721	0.04473	0.29727	0.01205	0.00643	0.00176	0.00264	0.01042	0.00568	0.00496
10	0.02072	0.01527	0.01636	0.01254	0.01691	0.01691	0.01036	0.75622	0.02563	0.03436	0.01309	0.01309	0.00927	0.00654	0.00545	0.00164	0.00600	0.00491	0.00545	0.00927
11	0.84691	0.01054	0.00801	0.00717	0.01054	0.01223	0.00590	0.01603	0.00928	0.02446	0.00759	0.00886	0.00590	0.00506	0.00337	0.00169	0.00422	0.00295	0.00337	0.00590
12	0.84691	0.01054	0.00801	0.00717	0.01054	0.01223	0.00590	0.01603	0.00928	0.02446	0.00759	0.00886	0.00590	0.00506	0.00337	0.00169	0.00422	0.00295	0.00337	0.00590
13	0.02391	0.01016	0.01320	0.01012	0.01436	0.00933	0.00836	0.13444	0.01709	0.66821	0.02026	0.01775	0.01287	0.00672	0.00548	0.00168	0.00484	0.00540	0.00656	0.00928
14	0.01770	0.01264	0.01360	0.01087	0.01436	0.01383	0.00881	0.56595	0.02191	0.03017	0.01544	0.08864	0.01255	0.00750	0.00533	0.00163	0.00517	0.00593	0.13982	0.00814
15	0.00644	0.00552	0.00552	0.00552	0.00736	0.00460	0.00414	0.00782	0.01243	0.01473	0.05523	0.05247	0.77218	0.01381	0.00644	0.00184	0.00276	0.01151	0.00506	0.00460
16	0.01348	0.02308	0.51973	0.01608	0.08602	0.01311	0.01714	0.12803	0.05376	0.06115	0.01160	0.01276	0.00828	0.00556	0.00527	0.00171	0.00723	0.00442	0.00322	0.00838
17	0.01458	0.81168	0.02857	0.00933	0.01399	0.02157	0.00933	0.01632	0.01108	0.01283	0.00758	0.00875	0.00700	0.00466	0.00350	0.00117	0.00583	0.00292	0.00233	0.00700
18	0.00791	0.00534	0.00625	0.00625	0.00635	0.00545	0.00368	0.00812	0.00802	0.01079	0.01690	0.03415	0.01916	0.72642	0.10883	0.00566	0.00628	0.00771	0.00326	0.00347
19	0.01306	0.01110	0.01634	0.26724	0.02333	0.01264	0.09615	0.02005	0.24851	0.08283	0.01452	0.01628	0.01090	0.00644	0.00686	0.00183	0.09114	0.00540	0.00385	0.05151
20	0.01090	0.01453	0.21093	0.01190	0.01714	0.00925	0.11486	0.01465	0.01219	0.01820	0.12299	0.01620	0.01424	0.00546	0.00502	0.00132	0.00558	0.00487	0.00334	0.38643
21	0.01332	0.01278	0.02181	0.07494	0.73428	0.01291	0.01664	0.01658	0.01233	0.01760	0.01022	0.01355	0.00856	0.00489	0.00540	0.00163	0.00652	0.00486	0.00268	0.00850
22	0.01217	0.01326	0.02732	0.02091	0.06520	0.01271	0.56716	0.01604	0.01228	0.01689	0.01259	0.09262	0.01097	0.00611	0.00699	0.00185	0.05364	0.00702	0.00298	0.04128
23	0.01016	0.00508	0.00508	0.00508	0.00635	0.00508	0.00381	0.01270	0.01143	0.02033	0.01778	0.02033	0.01397	0.00635	0.00381	0.00127	0.00254	0.00508	0.83867	0.00508
24	0.01143	0.13379	0.67886	0.01470	0.02230	0.01386	0.01869	0.01714	0.01145	0.01667	0.00949	0.01114	0.00692	0.00511	0.00495	0.00165	0.00776	0.00388	0.00231	0.00791
25	0.02072	0.01527	0.01636	0.01254	0.01691	0.01691	0.01036	0.75622	0.02563	0.03436	0.01309	0.01309	0.00927	0.00654	0.00545	0.00164	0.00600	0.00491	0.00545	0.00927
26	0.01130	0.00969	0.01130	0.00807	0.01292	0.00727	0.00646	0.01373	0.01130	0.01776	0.00969	0.01130	0.00807	0.00404	0.00404	0.00081	0.00404	0.00323	0.00323	0.84173
27	0.03668	0.01333	0.01444	0.01135	0.01536	0.01432	0.00923	0.50987	0.10188	0.04880	0.03222	0.04749	0.01207	0.00687	0.00534	0.00159	0.00532	0.00538	0.00519	0.10326
28	0.00719	0.00565	0.00697	0.05184	0.00950	0.00522	0.00532	0.00909	0.01317	0.01732	0.32685	0.17452	0.32188	0.01285	0.00647	0.00185	0.00302	0.01117	0.00528	0.00487

[dist]
# distance from previous block
# <min> <max>
0	1

[block]
# block no. 13 follows, 44 sequences, length 23
# corresponding to MSA columns:
# 1000-1022
name=unknown_N
#
# <colnr> <probs for GDERKNQSTAVLIFYWHMCP>
#	G	D	E	R	K	N	Q	S	T	A	V	L	I	F	Y	W	H	M	C	P
0	0.01045	0.00985	0.01664	0.75739	0.07421	0.01215	0.01522	0.01407	0.01098	0.01412	0.00972	0.01448	0.00734	0.00542	0.00545	0.00181	0.00723	0.00485	0.00244	0.00618
1	0.01082	0.01034	0.01784	0.66158	0.13073	0.01230	0.05070	0.01445	0.01119	0.01459	0.00983	0.01441	0.00749	0.00533	0.00549	0.00179	0.00726	0.00492	0.00247	0.00645
2	0.01257	0.01076	0.01144	0.01050	0.01326	0.01227	0.00808	0.02594	0.65755	0.02158	0.02451	0.09577	0.05460	0.00862	0.00572	0.00188	0.00413	0.00730	0.00548	0.00804
3	0.01401	0.69001	0.14529	0.01029	0.01548	0.02019	0.01101	0.01647	0.01114	0.01352	0.00792	0.00917	0.00698	0.00474	0.00376	0.00125	0.00618	0.00309	0.00233	0.00716
4	0.01591	0.01221	0.01286	0.01115	0.01449	0.03941	0.00878	0.09691	0.57001	0.12390	0.02077	0.01906	0.01520	0.00717	0.00551	0.00179	0.00470	0.00586	0.00560	0.00870
5	0.01016	0.00508	0.00508	0.00508	0.00635	0.00508	0.00381	0.01270	0.01143	0.02033	0.01778	0.02033	0.01397	0.00635	0.00381	0.00127	0.00254	0.00508	0.83867	0.00508
6	0.01130	0.00969	0.01130	0.00807	0.01292	0.00727	0.00646	0.01373	0.01130	0.01776	0.00969	0.01130	0.00807	0.00404	0.00404	0.00081	0.00404	0.00323	0.00323	0.84173
7	0.00644	0.00552	0.00552	0.00552	0.00736	0.00460	0.00414	0.00782	0.01243	0.01473	0.05523	0.05247	0.77218	0.01381	0.00644	0.00184	0.00276	0.01151	0.00506	0.00460
8	0.00772	0.00557	0.00729	0.00686	0.00814	0.00514	0.00514	0.01029	0.01543	0.02186	0.77152	0.04072	0.05144	0.01115	0.00643	0.00171	0.00257	0.00986	0.00600	0.00514
9	0.02072	0.01527	0.01636	0.01254	0.01691	0.01691	0.01036	0.75622	0.02563	0.03436	0.01309	0.01309	0.00927	0.00654	0.00545	0.00164	0.00600	0.00491	0.00545	0.00927
10	0.84691	0.01054	0.00801	0.00717	0.01054	0.01223	0.00590	0.01603	0.00928	0.02446	0.00759	0.00886	0.00590	0.00506	0.00337	0.00169	0.00422	0.00295	0.00337	0.00590
11	0.84691	0.01054	0.00801	0.00717	0.01054	0.01223	0.00590	0.01603	0.00928	0.02446	0.00759	0.00886	0.00590	0.00506	0.00337	0.00169	0.00422	0.00295	0.00337	0.00590
12	0.01107	0.00794	0.00878	0.00792	0.00937	0.00824	0.00567	0.19863	0.01341	0.01765	0.02206	0.03430	0.11550	0.43399	0.01760	0.00367	0.00512	0.06972	0.00422	0.00514
13	0.01238	0.00864	0.00983	0.00846	0.01101	0.00870	0.00665	0.17321	0.09677	0.09407	0.27596	0.03352	0.21853	0.01002	0.00604	0.00174	0.00374	0.00841	0.00567	0.00665
14	0.06120	0.01288	0.01369	0.01085	0.01422	0.01417	0.00861	0.55697	0.02098	0.02874	0.01368	0.01771	0.01136	0.17848	0.01013	0.00242	0.00575	0.00545	0.00488	0.00781
15	0.00820	0.07760	0.10730	0.00834	0.00994	0.00718	0.00691	0.00967	0.00999	0.01340	0.02224	0.43867	0.02568	0.21587	0.01172	0.00284	0.00456	0.01102	0.00402	0.00483
16	0.01394	0.67492	0.15977	0.01041	0.01567	0.02002	0.01122	0.01649	0.01115	0.01360	0.00796	0.00923	0.00698	0.00475	0.00379	0.00126	0.00622	0.00311	0.00233	0.00718
17	0.01109	0.22434	0.10559	0.00867	0.01111	0.07535	0.00753	0.01243	0.00982	0.01220	0.01301	0.02347	0.01380	0.43158	0.01669	0.00344	0.00614	0.00576	0.00288	0.00511
18	0.01421	0.01404	0.21807	0.01047	0.01547	0.00879	0.01044	0.01745	0.01212	0.21605	0.01356	0.01520	0.01017	0.04441	0.07077	0.00215	0.00621	0.00446	0.00388	0.29208
19	0.01446	0.01235	0.07380	0.08099	0.11417	0.01068	0.01052	0.11092	0.04892	0.11619	0.01222	0.01347	0.00920	0.00531	0.00520	0.00137	0.02502	0.00431	0.00384	0.32706
20	0.01318	0.08465	0.16900	0.01161	0.01604	0.05370	0.01084	0.02318	0.41151	0.01968	0.01610	0.01585	0.01224	0.00619	0.00507	0.00161	0.00546	0.00494	0.00417	0.11500
21	0.01166	0.03430	0.19260	0.40327	0.02914	0.01304	0.07379	0.07900	0.01248	0.01692	0.03377	0.01427	0.00881	0.00579	0.00610	0.00179	0.04870	0.00490	0.00279	0.00688
22	0.01171	0.01283	0.12771	0.09038	0.01826	0.00945	0.07415	0.03820	0.03099	0.03601	0.01159	0.05393	0.00969	0.00531	0.00483	0.00128	0.00544	0.00461	0.00328	0.45036

[dist]
# distance from previous block
# <min> <max>
2	40

[block]
# block no. 14 follows, 44 sequences, length 19
# corresponding to MSA columns:
# 1063-1081
name=unknown_O
#
# <colnr> <probs for GDERKNQSTAVLIFYWHMCP>
#	G	D	E	R	K	N	Q	S	T	A	V	L	I	F	Y	W	H	M	C	P
0	0.00926	0.00829	0.01352	0.57252	0.02917	0.00994	0.01229	0.01214	0.01077	0.01393	0.01545	0.23805	0.01541	0.00874	0.00588	0.00193	0.00611	0.00786	0.00317	0.00560
1	0.01554	0.01361	0.02050	0.02755	0.56016	0.01407	0.01493	0.22587	0.01615	0.02249	0.01106	0.01338	0.00882	0.00533	0.00541	0.00162	0.00634	0.00487	0.00348	0.00882
2	0.01182	0.01075	0.01540	0.01639	0.22881	0.00980	0.04354	0.01475	0.03152	0.01736	0.01128	0.05949	0.01007	0.00552	0.00566	0.00130	0.05763	0.00474	0.00317	0.44097
3	0.01374	0.00962	0.01090	0.00929	0.01194	0.00993	0.00729	0.31526	0.01827	0.07370	0.17213	0.16375	0.14046	0.01043	0.00606	0.00179	0.00424	0.00879	0.00552	0.00689
4	0.19290	0.01169	0.01231	0.00946	0.01377	0.01161	0.00772	0.25301	0.03483	0.05919	0.01119	0.01191	0.00846	0.00527	0.00445	0.00133	0.00474	0.00389	0.00419	0.33809
5	0.50935	0.01247	0.01142	0.00937	0.01314	0.01414	0.00773	0.31845	0.01596	0.02850	0.00984	0.01059	0.00728	0.00567	0.00422	0.00167	0.00495	0.00375	0.00422	0.00728
6	0.24616	0.00781	0.00737	0.00670	0.00929	0.00778	0.00528	0.06092	0.01260	0.06412	0.03696	0.03551	0.45978	0.01043	0.00545	0.00177	0.00350	0.00829	0.00471	0.00556
7	0.01949	0.01089	0.01651	0.01947	0.32464	0.01028	0.01160	0.02266	0.04817	0.43334	0.01694	0.01657	0.01165	0.00600	0.00545	0.00167	0.00538	0.00526	0.00504	0.00899
8	0.02072	0.01527	0.01636	0.01254	0.01691	0.01691	0.01036	0.75622	0.02563	0.03436	0.01309	0.01309	0.00927	0.00654	0.00545	0.00164	0.00600	0.00491	0.00545	0.00927
9	0.00947	0.00473	0.00710	0.00710	0.00710	0.00473	0.00473	0.00710	0.00710	0.00947	0.00947	0.01657	0.00947	0.01894	0.02131	0.84138	0.00473	0.00473	0.00237	0.00237
10	0.00772	0.00557	0.00729	0.00686	0.00814	0.00514	0.00514	0.01029	0.01543	0.02186	0.77152	0.04072	0.05144	0.01115	0.00643	0.00171	0.00257	0.00986	0.00600	0.00514
