[name]
unknown

[dist]
# distance from previous block
# <min> <max>
5	48

[block]
# block no. 0 follows, 44 sequences, length 12
# corresponding to MSA columns:
# 61-72
name=unknown_A
#
# <colnr> <probs for GDERKNQSTAVLIFYWHMCP>
#	G	D	E	R	K	N	Q	S	T	A	V	L	I	F	Y	W	H	M	C	P
0	0.25070	0.30371	0.05762	0.00965	0.01392	0.01612	0.00892	0.16954	0.01403	0.06884	0.03514	0.01149	0.00904	0.00554	0.00418	0.00149	0.00534	0.00379	0.00367	0.00729
1	0.01946	0.07615	0.01646	0.01174	0.01589	0.01638	0.00979	0.64328	0.02344	0.03164	0.01301	0.01329	0.00945	0.00638	0.00518	0.00157	0.00573	0.00477	0.06760	0.00878
2	0.01261	0.31448	0.14751	0.26511	0.02310	0.01570	0.01285	0.07248	0.01218	0.01565	0.01032	0.05618	0.00888	0.00585	0.00476	0.00157	0.00653	0.00459	0.00275	0.00690
3	0.01442	0.00959	0.01115	0.00979	0.01231	0.01002	0.00759	0.25193	0.09766	0.12218	0.07956	0.25275	0.02290	0.03904	0.00685	0.00200	0.00448	0.03320	0.00547	0.00710
4	0.01819	0.01005	0.01386	0.01132	0.01364	0.01126	0.00936	0.01997	0.01270	0.41560	0.07278	0.01760	0.01385	0.00820	0.01050	0.00197	0.32104	0.00553	0.00495	0.00764
5	0.01609	0.02648	0.36345	0.01465	0.01992	0.39778	0.01490	0.05466	0.01414	0.01613	0.00927	0.01075	0.00708	0.00546	0.00506	0.00156	0.00884	0.00381	0.00270	0.00725
6	0.00947	0.00473	0.00710	0.00710	0.00710	0.00473	0.00473	0.00710	0.00710	0.00947	0.00947	0.01657	0.00947	0.01894	0.02131	0.84138	0.00473	0.00473	0.00237	0.00237
7	0.12530	0.02178	0.47390	0.01334	0.01968	0.01295	0.01537	0.11231	0.07451	0.06378	0.01158	0.01247	0.00824	0.00561	0.00502	0.00172	0.00678	0.00425	0.00336	0.00804
8	0.01218	0.01931	0.33802	0.01619	0.02256	0.01214	0.25151	0.05815	0.01270	0.01839	0.01035	0.01258	0.00772	0.00483	0.00536	0.00157	0.00747	0.00468	0.00282	0.18149
9	0.00835	0.00655	0.00935	0.00904	0.00973	0.00786	0.00692	0.00989	0.00857	0.01238	0.01404	0.02246	0.01377	0.15977	0.56453	0.00737	0.11570	0.00604	0.00291	0.00476
10	0.00721	0.00555	0.00658	0.00633	0.00783	0.00493	0.00474	0.00931	0.01423	0.01902	0.48587	0.04541	0.33887	0.01221	0.00644	0.00177	0.00265	0.01052	0.00563	0.00493
11	0.08090	0.01008	0.01098	0.00920	0.01225	0.05255	0.00733	0.10932	0.09610	0.26152	0.20202	0.02378	0.05509	0.00796	0.00550	0.00168	0.00437	0.00649	0.03543	0.00742

[dist]
# distance from previous block
# <min> <max>
0	1

[block]
# block no. 1 follows, 44 sequences, length 13
# corresponding to MSA columns:
# 78-90
name=unknown_B
#
# <colnr> <probs for GDERKNQSTAVLIFYWHMCP>
#	G	D	E	R	K	N	Q	S	T	A	V	L	I	F	Y	W	H	M	C	P
0	0.01628	0.57971	0.02469	0.01072	0.01484	0.24742	0.00968	0.01793	0.01237	0.01298	0.00783	0.00907	0.00700	0.00495	0.00392	0.00124	0.00701	0.00309	0.00247	0.00680
1	0.55353	0.01602	0.01065	0.00961	0.01278	0.28707	0.00755	0.01806	0.01147	0.02051	0.00789	0.00920	0.00630	0.00526	0.00392	0.00159	0.00621	0.00315	0.00317	0.00605
2	0.01805	0.01280	0.01394	0.01114	0.01466	0.01397	0.00894	0.52583	0.07554	0.07035	0.01581	0.06685	0.01282	0.07583	0.00741	0.00199	0.00544	0.00597	0.03441	0.00826
3	0.00664	0.00474	0.00633	0.00759	0.00791	0.00443	0.00506	0.00759	0.01044	0.01392	0.03005	0.80485	0.03606	0.01708	0.00696	0.00221	0.00316	0.01550	0.00506	0.00443
4	0.00786	0.00526	0.00597	0.00603	0.00605	0.00524	0.00340	0.00791	0.00806	0.01075	0.01786	0.07654	0.02068	0.76636	0.02664	0.00512	0.00517	0.00833	0.00340	0.00336
5	0.00783	0.00569	0.00800	0.00800	0.00871	0.00640	0.00587	0.00925	0.00854	0.01209	0.01530	0.02526	0.01530	0.24772	0.58225	0.00782	0.01209	0.00640	0.00302	0.00445
6	0.01185	0.00653	0.00863	0.00805	0.01002	0.00593	0.00637	0.01404	0.01428	0.20745	0.33270	0.11119	0.09669	0.01148	0.00643	0.00190	0.00357	0.13099	0.00586	0.00604
7	0.01184	0.02279	0.51109	0.02190	0.29009	0.01276	0.01893	0.01708	0.01183	0.01746	0.00995	0.01221	0.00752	0.00507	0.00526	0.00169	0.00750	0.00432	0.00244	0.00826
8	0.00776	0.00561	0.00778	0.00786	0.00850	0.00622	0.00567	0.00907	0.00861	0.01211	0.01626	0.07076	0.01676	0.26777	0.51618	0.00735	0.01117	0.00702	0.00316	0.00438
9	0.01069	0.29273	0.01518	0.00846	0.01094	0.05155	0.00723	0.01260	0.01269	0.01602	0.22710	0.13059	0.08288	0.00997	0.00550	0.00167	0.00447	0.08978	0.00423	0.00571
10	0.00983	0.00799	0.01078	0.09587	0.08066	0.00717	0.00774	0.01187	0.01122	0.03608	0.01965	0.29585	0.05780	0.00947	0.00551	0.00157	0.00424	0.00839	0.00393	0.31437
11	0.01298	0.01282	0.01386	0.01194	0.03288	0.19024	0.11246	0.09441	0.01545	0.01956	0.30123	0.02570	0.04523	0.05934	0.00725	0.00187	0.00584	0.00705	0.02376	0.00613
12	0.01346	0.10400	0.16318	0.00935	0.01319	0.00984	0.00917	0.05457	0.01278	0.14594	0.04283	0.01762	0.02906	0.00916	0.07150	0.00208	0.00566	0.00496	0.22889	0.05277

[dist]
# distance from previous block
# <min> <max>
3	18

[block]
# block no. 2 follows, 44 sequences, length 9
# corresponding to MSA columns:
# 109-117
name=unknown_C
#
# <colnr> <probs for GDERKNQSTAVLIFYWHMCP>
#	G	D	E	R	K	N	Q	S	T	A	V	L	I	F	Y	W	H	M	C	P
0	0.06210	0.00991	0.04943	0.01012	0.01315	0.00922	0.00853	0.04606	0.07852	0.35341	0.02084	0.15044	0.01767	0.00929	0.00677	0.00192	0.06812	0.07153	0.00541	0.00754
1	0.06497	0.23842	0.28860	0.01136	0.01604	0.01323	0.04847	0.01454	0.01063	0.01511	0.01210	0.08473	0.01163	0.13838	0.00853	0.00220	0.00636	0.00542	0.00281	0.00649
2	0.08017	0.06120	0.01560	0.24843	0.24978	0.01118	0.01164	0.01356	0.01071	0.01536	0.01258	0.08661	0.01216	0.13850	0.00894	0.00231	0.00599	0.00602	0.00296	0.00629
3	0.01012	0.00914	0.01491	0.50669	0.13914	0.01063	0.01288	0.01297	0.01068	0.01404	0.01258	0.08676	0.01171	0.11540	0.00860	0.00229	0.00652	0.00620	0.00281	0.00592
4	0.32439	0.01164	0.00956	0.00855	0.01119	0.13752	0.00670	0.07996	0.01380	0.02196	0.23611	0.02223	0.08107	0.00777	0.00495	0.00166	0.00470	0.00593	0.00437	0.00594
5	0.01214	0.28720	0.53170	0.01349	0.02042	0.01561	0.01657	0.01695	0.01137	0.01580	0.00905	0.01060	0.00694	0.00501	0.00462	0.00154	0.00732	0.00366	0.00231	0.00771
6	0.00766	0.00565	0.00667	0.00659	0.00748	0.00543	0.00442	0.00852	0.00950	0.01258	0.02596	0.10439	0.18785	0.38477	0.14474	0.00454	0.00599	0.00878	0.00379	0.05467
7	0.01264	0.00975	0.01389	0.19207	0.03687	0.01080	0.05076	0.11584	0.07975	0.07929	0.01852	0.14167	0.01747	0.00950	0.00690	0.00200	0.05662	0.13467	0.00433	0.00668
8	0.01101	0.01042	0.01764	0.62487	0.20239	0.01230	0.01550	0.01456	0.01124	0.01480	0.00982	0.01430	0.00757	0.00532	0.00544	0.00177	0.00709	0.00485	0.00248	0.00663

[dist]
# distance from previous block
# <min> <max>
5	17

[block]
# block no. 3 follows, 44 sequences, length 8
# corresponding to MSA columns:
# 137-144
name=unknown_D
#
# <colnr> <probs for GDERKNQSTAVLIFYWHMCP>
#	G	D	E	R	K	N	Q	S	T	A	V	L	I	F	Y	W	H	M	C	P
0	0.03531	0.01323	0.01720	0.07953	0.01905	0.07922	0.14946	0.19468	0.09890	0.10706	0.01473	0.01778	0.01140	0.00675	0.00622	0.00177	0.04582	0.04970	0.04455	0.00762
1	0.01085	0.01025	0.01735	0.66412	0.16443	0.01226	0.01541	0.01441	0.01116	0.01460	0.00979	0.01436	0.00750	0.00535	0.00544	0.00178	0.00713	0.00485	0.00247	0.00650
2	0.01163	0.16161	0.05760	0.47683	0.02967	0.01418	0.07603	0.01613	0.07577	0.01495	0.01048	0.01381	0.00809	0.00538	0.00516	0.00169	0.00695	0.00469	0.00270	0.00666
3	0.01307	0.01354	0.02565	0.02275	0.20215	0.01327	0.40812	0.04511	0.01270	0.01786	0.01045	0.01376	0.00828	0.00510	0.00688	0.00172	0.07557	0.00552	0.00287	0.09563
4	0.19016	0.01298	0.01701	0.01471	0.08166	0.09453	0.17866	0.03779	0.01230	0.08263	0.01169	0.06257	0.00981	0.00608	0.00584	0.00164	0.05434	0.00518	0.00349	0.11691
5	0.08490	0.01549	0.02076	0.02090	0.23017	0.15716	0.18170	0.05277	0.01274	0.01744	0.00946	0.01241	0.00780	0.00586	0.00756	0.00177	0.14619	0.00479	0.00287	0.00725
6	0.08693	0.01332	0.05005	0.01516	0.04331	0.06202	0.16692	0.07648	0.01182	0.01727	0.01183	0.11724	0.01132	0.00826	0.00992	0.00201	0.28012	0.00628	0.00320	0.00653
7	0.01548	0.07704	0.02127	0.07215	0.36406	0.15732	0.08487	0.10924	0.01446	0.01838	0.01010	0.01258	0.00817	0.00520	0.00527	0.00158	0.00730	0.00462	0.00302	0.00788

[dist]
# distance from previous block
# <min> <max>
5	46

[block]
# block no. 4 follows, 44 sequences, length 13
# corresponding to MSA columns:
# 191-203
name=unknown_E
#
# <colnr> <probs for GDERKNQSTAVLIFYWHMCP>
#	G	D	E	R	K	N	Q	S	T	A	V	L	I	F	Y	W	H	M	C	P
0	0.06654	0.01344	0.16021	0.01001	0.01395	0.05973	0.00946	0.02998	0.05923	0.17895	0.04930	0.02464	0.20440	0.00817	0.00590	0.00170	0.03456	0.00645	0.00448	0.05890
1	0.01694	0.07497	0.09592	0.01494	0.06769	0.11818	0.14518	0.09626	0.02826	0.17727	0.01270	0.01355	0.00922	0.00546	0.00523	0.00154	0.00679	0.00471	0.00390	0.10131
2	0.06169	0.04057	0.04826	0.01870	0.16704	0.24052	0.14816	0.08255	0.01393	0.01770	0.00959	0.01193	0.00775	0.00555	0.00624	0.00162	0.07222	0.00450	0.00299	0.03848
3	0.10505	0.13134	0.34720	0.01473	0.08674	0.01339	0.05507	0.01613	0.01140	0.01758	0.05130	0.01280	0.00959	0.00551	0.00546	0.00161	0.04634	0.00427	0.00276	0.06174
4	0.00784	0.00586	0.00711	0.00696	0.00757	0.00598	0.00475	0.00883	0.01063	0.01436	0.19564	0.12692	0.13904	0.35190	0.01651	0.00337	0.06862	0.00952	0.00431	0.00426
5	0.00981	0.00903	0.01466	0.31814	0.16698	0.00970	0.05268	0.01262	0.01166	0.01518	0.02220	0.10807	0.16221	0.00878	0.00598	0.00187	0.00576	0.05512	0.00346	0.00610
6	0.00764	0.00533	0.00586	0.00586	0.00622	0.00515	0.00347	0.00791	0.00881	0.01139	0.02464	0.03897	0.16738	0.65256	0.02357	0.00461	0.00479	0.00863	0.00365	0.00356
7	0.02162	0.01531	0.01529	0.01204	0.01614	0.12647	0.00979	0.46451	0.02161	0.21990	0.01455	0.01400	0.01002	0.00646	0.00538	0.00162	0.00621	0.00485	0.00540	0.00884
8	0.01300	0.18505	0.08912	0.01354	0.01730	0.14560	0.17414	0.01563	0.01230	0.01493	0.03678	0.01911	0.13845	0.00712	0.00670	0.00167	0.09425	0.00574	0.00307	0.00649
9	0.01057	0.00625	0.00742	0.00698	0.00876	0.00559	0.00523	0.01195	0.01218	0.16405	0.07318	0.07046	0.33339	0.18111	0.01089	0.00261	0.00387	0.07512	0.00506	0.00530
10	0.01467	0.09365	0.01751	0.01839	0.28833	0.10829	0.01119	0.06276	0.01374	0.06768	0.07920	0.01489	0.01238	0.00557	0.00498	0.00140	0.00585	0.00467	0.00351	0.17135
11	0.01422	0.01486	0.08600	0.02057	0.31081	0.06241	0.01316	0.07698	0.27988	0.02036	0.01445	0.01543	0.01122	0.00609	0.00576	0.00172	0.02863	0.00516	0.00388	0.00841
12	0.09200	0.01261	0.01571	0.09446	0.16618	0.01371	0.01115	0.29530	0.10787	0.09966	0.02889	0.01490	0.01079	0.00618	0.00529	0.00169	0.00565	0.00502	0.00457	0.00836

[dist]
# distance from previous block
# <min> <max>
0	9

[block]
# block no. 5 follows, 44 sequences, length 7
# corresponding to MSA columns:
# 213-219
name=unknown_F
#
# <colnr> <probs for GDERKNQSTAVLIFYWHMCP>
#	G	D	E	R	K	N	Q	S	T	A	V	L	I	F	Y	W	H	M	C	P
0	0.01390	0.01463	0.01240	0.01110	0.01347	0.29864	0.04020	0.06024	0.01337	0.01591	0.01538	0.21394	0.01553	0.01032	0.04611	0.00197	0.02767	0.00699	0.05882	0.10939
1	0.01073	0.00986	0.01583	0.20540	0.35957	0.01022	0.01257	0.01366	0.01253	0.01704	0.13630	0.02412	0.13482	0.00739	0.00574	0.00172	0.00547	0.00668	0.00352	0.00685
2	0.01121	0.01492	0.21005	0.01643	0.15482	0.01049	0.11526	0.01584	0.05983	0.01822	0.09513	0.01910	0.06719	0.00628	0.00542	0.00158	0.00594	0.00570	0.02870	0.13791
3	0.00660	0.00493	0.00614	0.00710	0.00778	0.00447	0.00484	0.00765	0.01091	0.01411	0.03601	0.62660	0.21045	0.01630	0.00684	0.00213	0.00307	0.01455	0.00506	0.00447
4	0.01272	0.07927	0.27011	0.01995	0.25614	0.01370	0.04761	0.01981	0.19022	0.01842	0.01275	0.01415	0.00982	0.00554	0.00526	0.00168	0.00655	0.00481	0.00322	0.00826
5	0.00881	0.13523	0.13113	0.00893	0.01137	0.00858	0.00811	0.01111	0.01189	0.01615	0.19901	0.37476	0.03058	0.01186	0.00601	0.00186	0.00421	0.01039	0.00442	0.00557
6	0.00765	0.00542	0.00687	0.00672	0.00760	0.00510	0.00470	0.00944	0.01312	0.01834	0.51409	0.12065	0.04232	0.20065	0.01154	0.00261	0.00328	0.01000	0.00526	0.00463

[dist]
# distance from previous block
# <min> <max>
0	12

[block]
# block no. 6 follows, 44 sequences, length 18
# corresponding to MSA columns:
# 232-249
name=unknown_G
#
# <colnr> <probs for GDERKNQSTAVLIFYWHMCP>
#	G	D	E	R	K	N	Q	S	T	A	V	L	I	F	Y	W	H	M	C	P
0	0.01513	0.01140	0.01251	0.01064	0.01359	0.01242	0.00836	0.40632	0.13361	0.02611	0.02107	0.23167	0.05343	0.00988	0.00592	0.00184	0.00482	0.00829	0.00534	0.00764
1	0.01393	0.01161	0.01262	0.01035	0.01419	0.01206	0.00820	0.13506	0.41139	0.02296	0.01681	0.01635	0.01278	0.00619	0.00505	0.00148	0.00448	0.00504	0.00479	0.27464
2	0.01622	0.00727	0.00981	0.00859	0.01112	0.00643	0.00663	0.01803	0.01393	0.41885	0.13866	0.27291	0.02649	0.01072	0.00610	0.00186	0.00385	0.00935	0.00610	0.00710
3	0.01328	0.00843	0.01015	0.00885	0.01136	0.00855	0.00691	0.04835	0.22533	0.17692	0.37896	0.02941	0.03230	0.00902	0.00595	0.00174	0.00362	0.00774	0.00600	0.00713
4	0.01093	0.02820	0.78016	0.01554	0.02360	0.01266	0.02014	0.01727	0.01151	0.01727	0.00978	0.01151	0.00691	0.00518	0.00518	0.00173	0.00806	0.00403	0.00230	0.00806
5	0.01901	0.01322	0.01451	0.01165	0.01558	0.01448	0.00945	0.41277	0.25996	0.14415	0.01728	0.01624	0.01227	0.00685	0.00549	0.00171	0.00525	0.00540	0.00568	0.00907
6	0.00647	0.00540	0.00565	0.00584	0.00745	0.00458	0.00428	0.00779	0.01212	0.01460	0.05139	0.16725	0.65988	0.01431	0.00652	0.00190	0.00282	0.01212	0.00506	0.00458
7	0.00664	0.00474	0.00633	0.00759	0.00791	0.00443	0.00506	0.00759	0.01044	0.01392	0.03005	0.80485	0.03606	0.01708	0.00696	0.00221	0.00316	0.01550	0.00506	0.00443
8	0.84691	0.01054	0.00801	0.00717	0.01054	0.01223	0.00590	0.01603	0.00928	0.02446	0.00759	0.00886	0.00590	0.00506	0.00337	0.00169	0.00422	0.00295	0.00337	0.00590
9	0.00747	0.00522	0.00620	0.00643	0.00686	0.00501	0.00407	0.00820	0.01005	0.01343	0.13855	0.21693	0.09345	0.43391	0.01782	0.00373	0.00416	0.01029	0.00428	0.00396
10	0.01399	0.01180	0.01508	0.32358	0.02416	0.01392	0.01176	0.20355	0.25504	0.02182	0.01444	0.01594	0.01075	0.00648	0.00590	0.00180	0.03284	0.00528	0.00417	0.00767
11	0.00947	0.00749	0.00877	0.00819	0.01002	0.00777	0.00621	0.01601	0.25415	0.02145	0.46326	0.07404	0.07066	0.01037	0.00618	0.00179	0.00317	0.00904	0.00577	0.00620
12	0.01240	0.00855	0.01014	0.00898	0.01113	0.00884	0.02227	0.21476	0.05132	0.05333	0.17080	0.23172	0.02607	0.01026	0.00583	0.00177	0.00396	0.00887	0.13258	0.00644
13	0.00982	0.00811	0.00972	0.00792	0.01132	0.00636	0.00601	0.01177	0.01103	0.01654	0.01619	0.26459	0.01701	0.00820	0.00497	0.00126	0.00376	0.00715	0.00381	0.57447
14	0.00793	0.00529	0.00595	0.00595	0.00595	0.00529	0.00330	0.00793	0.00793	0.01057	0.01718	0.03568	0.01982	0.80840	0.02775	0.00529	0.00529	0.00793	0.00330	0.00330
15	0.01168	0.00926	0.01092	0.00800	0.01240	0.00711	0.00632	0.01397	0.01155	0.05855	0.04500	0.01427	0.01092	0.04589	0.00544	0.00113	0.00407	0.00389	0.00355	0.71609
16	0.01458	0.81168	0.02857	0.00933	0.01399	0.02157	0.00933	0.01632	0.01108	0.01283	0.00758	0.00875	0.00700	0.00466	0.00350	0.00117	0.00583	0.00292	0.00233	0.00700
17	0.28031	0.01338	0.02160	0.01681	0.05457	0.01373	0.36887	0.12968	0.01365	0.02229	0.01021	0.01254	0.00769	0.00505	0.00526	0.00175	0.00699	0.00502	0.00336	0.00724

[dist]
# distance from previous block
# <min> <max>
0	1

[block]
# block no. 7 follows, 44 sequences, length 9
# corresponding to MSA columns:
# 251-259
name=unknown_H
#
# <colnr> <probs for GDERKNQSTAVLIFYWHMCP>
#	G	D	E	R	K	N	Q	S	T	A	V	L	I	F	Y	W	H	M	C	P
0	0.01128	0.01973	0.41286	0.23187	0.02559	0.01269	0.01643	0.01869	0.16287	0.01745	0.01225	0.01413	0.00897	0.00570	0.00533	0.00178	0.00708	0.00469	0.00299	0.00761
1	0.01112	0.00835	0.01247	0.19812	0.22762	0.00892	0.01006	0.01411	0.01158	0.01813	0.01379	0.01707	0.01092	0.00572	0.00464	0.00150	0.00474	0.00496	0.40987	0.00630
2	0.00664	0.00474	0.00633	0.00759	0.00791	0.00443	0.00506	0.00759	0.01044	0.01392	0.03005	0.80485	0.03606	0.01708	0.00696	0.00221	0.00316	0.01550	0.00506	0.00443
3	0.00879	0.00628	0.00879	0.01004	0.01130	0.00628	0.00879	0.01130	0.01255	0.01632	0.02887	0.06150	0.03138	0.01506	0.00753	0.00251	0.00502	0.73770	0.00502	0.00502
4	0.00746	0.00556	0.00693	0.00659	0.00799	0.00504	0.00494	0.00979	0.01483	0.02043	0.62738	0.04309	0.19648	0.01168	0.00643	0.00174	0.00261	0.01019	0.00581	0.00504
5	0.01588	0.49401	0.14385	0.01059	0.01551	0.01724	0.01088	0.01841	0.01195	0.16755	0.01071	0.01129	0.00830	0.00536	0.00474	0.00141	0.03785	0.00368	0.00322	0.00758
6	0.38176	0.01215	0.01406	0.01582	0.22494	0.01316	0.01002	0.17689	0.01410	0.07463	0.01044	0.01170	0.00790	0.00544	0.00453	0.00166	0.00526	0.00407	0.00386	0.00762
7	0.00757	0.00547	0.00650	0.00648	0.00715	0.00544	0.00431	0.00842	0.00954	0.01259	0.07173	0.03676	0.18342	0.43243	0.17456	0.00502	0.00645	0.00840	0.00377	0.00401
8	0.00946	0.00777	0.01161	0.01482	0.22219	0.00751	0.00904	0.01212	0.01381	0.01915	0.36260	0.03809	0.08318	0.01036	0.00636	0.00186	0.00416	0.15504	0.00482	0.00606

[dist]
# distance from previous block
# <min> <max>
0	1

[block]
# block no. 8 follows, 44 sequences, length 7
# corresponding to MSA columns:
# 261-267
name=unknown_I
#
# <colnr> <probs for GDERKNQSTAVLIFYWHMCP>
#	G	D	E	R	K	N	Q	S	T	A	V	L	I	F	Y	W	H	M	C	P
0	0.01633	0.51323	0.10083	0.01070	0.01538	0.13173	0.01043	0.01854	0.01235	0.11170	0.00972	0.01045	0.00783	0.00512	0.00413	0.00132	0.00649	0.00345	0.00297	0.00730
1	0.01036	0.00646	0.00881	0.00883	0.01027	0.00653	0.00703	0.01220	0.01156	0.12714	0.04558	0.16485	0.09363	0.04315	0.18616	0.00376	0.03636	0.20717	0.00468	0.00546
2	0.01672	0.01566	0.12762	0.01177	0.01681	0.01366	0.01074	0.44522	0.01965	0.02732	0.01168	0.01237	0.00860	0.00566	0.00503	0.00142	0.00577	0.00432	0.00438	0.23559
3	0.01442	0.00926	0.06363	0.00875	0.01191	0.00767	0.00746	0.01849	0.11085	0.29106	0.20374	0.03057	0.18068	0.00923	0.00589	0.00175	0.00396	0.00775	0.00576	0.00716
4	0.00762	0.00531	0.00675	0.00747	0.00792	0.00517	0.00521	0.00863	0.01022	0.01361	0.06328	0.32741	0.02992	0.30586	0.01466	0.00337	0.00430	0.16465	0.00446	0.00418
5	0.01432	0.01168	0.01888	0.01459	0.01814	0.07508	0.30537	0.01697	0.01272	0.17669	0.01697	0.15934	0.01533	0.08119	0.00808	0.00212	0.00667	0.00765	0.00409	0.03410
6	0.01284	0.13073	0.02391	0.06825	0.19784	0.01547	0.21494	0.01567	0.01109	0.01541	0.00915	0.01274	0.00779	0.00613	0.00896	0.00184	0.23259	0.00497	0.00255	0.00713

[dist]
# distance from previous block
# <min> <max>
0	26

[block]
# block no. 9 follows, 44 sequences, length 29
# corresponding to MSA columns:
# 294-322
name=unknown_J
#
# <colnr> <probs for GDERKNQSTAVLIFYWHMCP>
#	G	D	E	R	K	N	Q	S	T	A	V	L	I	F	Y	W	H	M	C	P
0	0.17841	0.03481	0.06833	0.00902	0.01209	0.06814	0.00753	0.01473	0.02478	0.09453	0.01714	0.26876	0.01721	0.00903	0.00516	0.00167	0.00466	0.00750	0.00412	0.15238
1	0.00690	0.00554	0.00616	0.00600	0.00765	0.00480	0.00450	0.00871	0.01351	0.01730	0.31329	0.04824	0.51252	0.01285	0.00644	0.00180	0.00269	0.01091	0.00540	0.00480
2	0.06257	0.01340	0.07732	0.02773	0.58374	0.01235	0.01519	0.04273	0.01248	0.01845	0.01174	0.07595	0.01054	0.00593	0.00539	0.00168	0.00618	0.00553	0.00300	0.00812
3	0.01345	0.01125	0.01556	0.42113	0.06684	0.01295	0.01256	0.25406	0.01591	0.02084	0.01544	0.01786	0.08556	0.00662	0.00555	0.00175	0.00636	0.00554	0.00369	0.00709
4	0.57677	0.01132	0.01259	0.01569	0.25814	0.01246	0.00941	0.01625	0.01029	0.02230	0.00845	0.01036	0.00679	0.00499	0.00403	0.00166	0.00495	0.00357	0.00315	0.00679
5	0.01458	0.81168	0.02857	0.00933	0.01399	0.02157	0.00933	0.01632	0.01108	0.01283	0.00758	0.00875	0.00700	0.00466	0.00350	0.00117	0.00583	0.00292	0.00233	0.00700
6	0.00947	0.00473	0.00710	0.00710	0.00710	0.00473	0.00473	0.00710	0.00710	0.00947	0.00947	0.01657	0.00947	0.01894	0.02131	0.84138	0.00473	0.00473	0.00237	0.00237
7	0.00732	0.00531	0.00585	0.00598	0.00660	0.00498	0.00375	0.00786	0.00964	0.01226	0.03082	0.11912	0.26534	0.47060	0.01873	0.00386	0.00425	0.00986	0.00405	0.00384
8	0.01286	0.01230	0.02098	0.18524	0.62760	0.01279	0.01641	0.01617	0.01211	0.01704	0.01014	0.01370	0.00836	0.00498	0.00541	0.00166	0.00663	0.00486	0.00264	0.00812
9	0.02043	0.01423	0.01555	0.01206	0.01624	0.01552	0.00991	0.63409	0.05088	0.10877	0.01477	0.03702	0.01075	0.00690	0.00550	0.00167	0.00572	0.00532	0.00558	0.00911
10	0.00662	0.00508	0.00607	0.00678	0.00771	0.00453	0.00472	0.00781	0.01143	0.01461	0.07608	0.48409	0.31378	0.01556	0.00674	0.00205	0.00298	0.01372	0.00511	0.00453
11	0.01734	0.43618	0.02230	0.01158	0.01536	0.38716	0.00990	0.01893	0.01317	0.01307	0.00798	0.00926	0.00701	0.00512	0.00418	0.00128	0.00774	0.00320	0.00256	0.00667
12	0.28526	0.16662	0.01457	0.00986	0.01338	0.13860	0.00814	0.02103	0.20082	0.07498	0.01241	0.01258	0.00954	0.00578	0.00435	0.00158	0.00548	0.00403	0.00388	0.00711
13	0.00855	0.01380	0.25931	0.01054	0.01477	0.00815	0.08543	0.01186	0.01217	0.01583	0.03602	0.03536	0.44666	0.01008	0.00603	0.00180	0.00513	0.00857	0.00393	0.00600
14	0.01175	0.10276	0.45964	0.01627	0.02286	0.01355	0.19426	0.01733	0.03817	0.01701	0.01123	0.01477	0.00879	0.00555	0.00544	0.00174	0.00782	0.04074	0.00266	0.00765
15	0.00704	0.00532	0.00650	0.00668	0.00785	0.00478	0.00483	0.00880	0.01313	0.01751	0.35041	0.26268	0.25740	0.01362	0.00659	0.00189	0.00280	0.01195	0.00546	0.00478
16	0.01169	0.01093	0.01253	0.14534	0.01703	0.08976	0.00961	0.01818	0.25475	0.01627	0.01500	0.01796	0.01233	0.01789	0.25921	0.00408	0.07183	0.00545	0.00363	0.00653
17	0.01642	0.00866	0.01084	0.00911	0.01211	0.00841	0.00723	0.02187	0.19517	0.35187	0.26478	0.02617	0.02655	0.00833	0.00581	0.00173	0.00389	0.00706	0.00622	0.00778
18	0.05145	0.27454	0.09743	0.01159	0.01638	0.01780	0.01084	0.41125	0.01882	0.02524	0.01074	0.01135	0.00816	0.00574	0.00471	0.00149	0.00608	0.00409	0.00404	0.00827
19	0.02037	0.02598	0.01545	0.01404	0.01685	0.78652	0.01053	0.02177	0.01545	0.01334	0.00843	0.00983	0.00702	0.00562	0.00492	0.00140	0.00983	0.00351	0.00281	0.00632
20	0.00760	0.00540	0.00655	0.00644	0.00723	0.00510	0.00435	0.00898	0.01199	0.01640	0.36963	0.09106	0.10741	0.31176	0.01449	0.00310	0.00365	0.00967	0.00483	0.00435
21	0.01321	0.51690	0.31135	0.01166	0.01761	0.01822	0.01340	0.01668	0.01124	0.01450	0.00841	0.00979	0.00696	0.00486	0.00413	0.00138	0.00667	0.00333	0.00232	0.00740
22	0.01528	0.09473	0.32108	0.01256	0.01800	0.01325	0.01333	0.22048	0.01577	0.11919	0.01405	0.09304	0.01137	0.00691	0.00531	0.00169	0.00634	0.00551	0.00402	0.00808
23	0.00661	0.00485	0.00621	0.00730	0.00783	0.00445	0.00493	0.00762	0.01072	0.01403	0.03358	0.69946	0.13917	0.01662	0.00689	0.00216	0.00311	0.01494	0.00506	0.00445
24	0.00664	0.00474	0.00633	0.00759	0.00791	0.00443	0.00506	0.00759	0.01044	0.01392	0.03005	0.80485	0.03606	0.01708	0.00696	0.00221	0.00316	0.01550	0.00506	0.00443
25	0.01006	0.01553	0.26529	0.01538	0.03619	0.01011	0.23609	0.01390	0.01156	0.01616	0.01731	0.29203	0.01763	0.00919	0.00619	0.00193	0.00664	0.00881	0.00342	0.00658
26	0.24328	0.01365	0.02315	0.01706	0.02181	0.01383	0.43666	0.12841	0.01380	0.02193	0.01039	0.01285	0.00777	0.00502	0.00545	0.00177	0.00734	0.00525	0.00333	0.00724
27	0.01170	0.00818	0.00899	0.00789	0.00921	0.00867	0.00544	0.22453	0.01319	0.01784	0.01596	0.02829	0.01643	0.53134	0.03742	0.00417	0.00560	0.00691	0.03312	0.00513
28	0.03448	0.03163	0.00921	0.00818	0.01026	0.00845	0.00632	0.01608	0.25698	0.01997	0.28003	0.08024	0.17657	0.01053	0.00603	0.00182	0.00342	0.02819	0.00540	0.00620

[dist]
# distance from previous block
# <min> <max>
0	1

[block]
# block no. 10 follows, 44 sequences, length 17
# corresponding to MSA columns:
# 324-340
name=unknown_K
#
# <colnr> <probs for GDERKNQSTAVLIFYWHMCP>
#	G	D	E	R	K	N	Q	S	T	A	V	L	I	F	Y	W	H	M	C	P
0	0.00999	0.02085	0.50383	0.01301	0.01862	0.01124	0.01535	0.01452	0.01134	0.01616	0.02025	0.02128	0.18849	0.00776	0.00702	0.00183	0.10262	0.00589	0.00297	0.00698
1	0.01130	0.00969	0.01130	0.00807	0.01292	0.00727	0.00646	0.01373	0.01130	0.01776	0.00969	0.01130	0.00807	0.00404	0.00404	0.00081	0.00404	0.00323	0.00323	0.84173
2	0.01356	0.01171	0.01233	0.01109	0.01418	0.01356	0.00863	0.02897	0.76455	0.02281	0.02219	0.02034	0.01664	0.00740	0.00555	0.00185	0.00431	0.00616	0.00555	0.00863
3	0.01090	0.01118	0.01943	0.08363	0.14105	0.03989	0.27696	0.01399	0.01212	0.01583	0.02161	0.02408	0.19007	0.01133	0.10073	0.00262	0.00775	0.00707	0.00329	0.00646
4	0.00729	0.00553	0.00671	0.00648	0.00790	0.00495	0.00483	0.00943	0.01433	0.01938	0.52482	0.07272	0.27137	0.01218	0.00645	0.00177	0.00265	0.01057	0.00568	0.00495
5	0.01188	0.00841	0.01175	0.01562	0.28219	0.00849	0.00877	0.05095	0.01249	0.02012	0.01485	0.01752	0.01183	0.00583	0.00446	0.00141	0.00412	0.00499	0.49776	0.00656
6	0.00660	0.00493	0.00614	0.00710	0.00778	0.00447	0.00484	0.00765	0.01091	0.01411	0.03602	0.62635	0.21069	0.01630	0.00684	0.00213	0.00307	0.01455	0.00506	0.00447
7	0.25493	0.01209	0.01574	0.03592	0.16616	0.01306	0.10003	0.13821	0.11949	0.02314	0.01218	0.01365	0.00933	0.00562	0.00487	0.00168	0.00555	0.00470	0.05614	0.00750
8	0.00777	0.00522	0.00599	0.00615	0.00618	0.00518	0.00352	0.00789	0.00823	0.01098	0.01874	0.12892	0.02179	0.71247	0.02523	0.00491	0.00503	0.00885	0.00352	0.00344
9	0.01174	0.01216	0.02417	0.01989	0.11305	0.01178	0.45984	0.01495	0.01148	0.01571	0.01225	0.01943	0.01102	0.19550	0.01178	0.00265	0.03671	0.00654	0.00287	0.00650
10	0.35549	0.01546	0.19398	0.10582	0.01826	0.01301	0.01133	0.15556	0.01336	0.05677	0.01002	0.01140	0.00728	0.00549	0.00454	0.00170	0.00585	0.00392	0.00354	0.00722
11	0.01188	0.00832	0.01093	0.07562	0.01386	0.02793	0.05596	0.06584	0.01366	0.09446	0.07626	0.03327	0.11093	0.00941	0.00582	0.00180	0.00469	0.17998	0.16139	0.03799
12	0.14832	0.01053	0.01172	0.01019	0.04164	0.03098	0.02688	0.18523	0.01560	0.18327	0.02425	0.05312	0.19150	0.00825	0.00538	0.00170	0.00469	0.00663	0.00497	0.03516
13	0.01378	0.08339	0.23628	0.08719	0.04772	0.01273	0.01267	0.16997	0.05679	0.07163	0.10557	0.03253	0.03266	0.00681	0.00538	0.00168	0.00599	0.00554	0.00403	0.00766
14	0.06983	0.01346	0.10667	0.05292	0.01673	0.06028	0.05415	0.07757	0.03147	0.17376	0.04617	0.05262	0.01225	0.00653	0.00587	0.00160	0.05035	0.00523	0.00414	0.15838
15	0.02963	0.24171	0.16860	0.01189	0.01667	0.04829	0.04680	0.11981	0.11462	0.05518	0.03776	0.03161	0.01113	0.00601	0.00486	0.00154	0.00610	0.00469	0.00367	0.03945
16	0.01426	0.06517	0.03903	0.01007	0.01336	0.01107	0.03665	0.16540	0.05555	0.13401	0.06123	0.02470	0.19298	0.00843	0.00657	0.00169	0.07162	0.00666	0.02626	0.05529

[dist]
# distance from previous block
# <min> <max>
1	26

[block]
# block no. 11 follows, 44 sequences, length 24
# corresponding to MSA columns:
# 367-390
name=unknown_L
#
# <colnr> <probs for GDERKNQSTAVLIFYWHMCP>
#	G	D	E	R	K	N	Q	S	T	A	V	L	I	F	Y	W	H	M	C	P
0	0.03939	0.06565	0.17980	0.01314	0.01744	0.14918	0.08227	0.06341	0.09080	0.09697	0.02946	0.03532	0.03649	0.00693	0.00586	0.00172	0.03574	0.03927	0.00381	0.00735
1	0.06045	0.06301	0.13930	0.01212	0.01709	0.04645	0.10033	0.11232	0.01416	0.14963	0.01231	0.01318	0.00897	0.00532	0.00490	0.00145	0.00599	0.00439	0.03325	0.19540
2	0.01116	0.12346	0.11174	0.01487	0.01945	0.01222	0.32347	0.01524	0.05030	0.01633	0.02299	0.02406	0.21608	0.00732	0.00584	0.00173	0.00660	0.00703	0.00341	0.00670
3	0.00892	0.01065	0.14623	0.01190	0.09025	0.00761	0.04661	0.01165	0.01226	0.01698	0.22496	0.14147	0.10238	0.10960	0.00887	0.00227	0.00480	0.03261	0.00425	0.00574
4	0.09143	0.00997	0.01400	0.09800	0.12778	0.01051	0.08957	0.11340	0.01346	0.02001	0.01974	0.02143	0.14422	0.00717	0.00561	0.00167	0.03098	0.00607	0.16846	0.00654
5	0.01289	0.01234	0.02104	0.17718	0.63539	0.01279	0.01643	0.01620	0.01213	0.01708	0.01015	0.01369	0.00838	0.00497	0.00541	0.00166	0.00663	0.00486	0.00265	0.00815
6	0.00864	0.00582	0.00692	0.00661	0.00832	0.00510	0.00497	0.01047	0.01361	0.08988	0.30768	0.12170	0.36510	0.01251	0.00640	0.00182	0.00291	0.01075	0.00556	0.00522
7	0.01110	0.01853	0.38510	0.01230	0.01750	0.01138	0.01346	0.03728	0.22277	0.01934	0.08759	0.03863	0.08670	0.00746	0.00556	0.00178	0.00585	0.00615	0.00395	0.00757
8	0.02043	0.02412	0.01561	0.01378	0.01686	0.65235	0.01050	0.14980	0.01722	0.01701	0.00924	0.01040	0.00741	0.00578	0.00501	0.00144	0.00916	0.00375	0.00327	0.00683
9	0.00837	0.00593	0.00688	0.00684	0.00726	0.00619	0.00430	0.01011	0.08018	0.01216	0.01812	0.07716	0.01978	0.60220	0.10768	0.00516	0.00609	0.00797	0.00358	0.00405
10	0.01832	0.09229	0.04108	0.01114	0.04811	0.01014	0.00917	0.05897	0.05244	0.39439	0.01987	0.03663	0.01568	0.00797	0.00561	0.00177	0.00505	0.13465	0.00540	0.03134
11	0.01130	0.15215	0.08855	0.01261	0.04898	0.01104	0.06984	0.02773	0.04705	0.03197	0.02029	0.03791	0.02044	0.01032	0.00624	0.00204	0.00583	0.38531	0.00407	0.00633
12	0.00770	0.00519	0.00601	0.00624	0.00629	0.00513	0.00361	0.00787	0.00837	0.01116	0.01945	0.17161	0.02269	0.66855	0.02407	0.00474	0.00491	0.00927	0.00361	0.00350
13	0.01707	0.00875	0.01080	0.00905	0.01225	0.00829	0.00729	0.05417	0.12906	0.38457	0.09895	0.02885	0.15238	0.00892	0.00585	0.00178	0.00414	0.04401	0.00605	0.00774
14	0.01416	0.07489	0.27169	0.01776	0.04953	0.08767	0.27395	0.09371	0.01390	0.03559	0.01056	0.01267	0.00785	0.00515	0.00552	0.00168	0.00813	0.00490	0.00295	0.00775
15	0.01321	0.01178	0.01791	0.05094	0.16644	0.01241	0.14684	0.14737	0.11319	0.02067	0.04442	0.02368	0.06940	0.00772	0.00660	0.00186	0.04606	0.08797	0.00409	0.00745
16	0.00859	0.00686	0.01064	0.00923	0.01026	0.00665	0.13637	0.00956	0.00922	0.01234	0.01823	0.15964	0.02047	0.53500	0.02053	0.00417	0.00562	0.00892	0.00350	0.00421
17	0.01241	0.15248	0.58795	0.01441	0.02143	0.08774	0.01751	0.01754	0.01182	0.01619	0.00930	0.01091	0.00693	0.00514	0.00489	0.00161	0.00787	0.00380	0.00236	0.00772
18	0.01254	0.03244	0.06515	0.05023	0.25239	0.01289	0.23899	0.01837	0.14499	0.01780	0.01290	0.01564	0.01023	0.00869	0.08006	0.00241	0.00780	0.00557	0.00320	0.00772
19	0.00723	0.00515	0.00693	0.00815	0.00869	0.00492	0.00594	0.00854	0.01088	0.01440	0.02930	0.59048	0.03431	0.04440	0.00783	0.00240	0.00371	0.19722	0.00499	0.00454
20	0.00834	0.00698	0.01158	0.01037	0.01169	0.00664	0.15743	0.00983	0.01033	0.01382	0.02263	0.40754	0.02581	0.22964	0.01253	0.00298	0.00504	0.03800	0.00411	0.00474
21	0.01173	0.11786	0.01356	0.01095	0.07259	0.09799	0.00792	0.03686	0.01223	0.01594	0.06039	0.13989	0.08170	0.04514	0.00680	0.00169	0.04074	0.02322	0.00369	0.19912
22	0.01301	0.01075	0.03113	0.09869	0.15007	0.01042	0.01000	0.12792	0.07307	0.05711	0.03885	0.10749	0.01440	0.04749	0.00647	0.00175	0.00517	0.00618	0.00403	0.18599
23	0.02933	0.05170	0.26939	0.01217	0.01732	0.04717	0.01241	0.13354	0.11403	0.18281	0.03816	0.01648	0.03820	0.00649	0.00530	0.00168	0.00610	0.00510	0.00441	0.00821

[dist]
# distance from previous block
# <min> <max>
0	24

[block]
# block no. 12 follows, 44 sequences, length 14
# corresponding to MSA columns:
# 415-428
name=unknown_M
#
# <colnr> <probs for GDERKNQSTAVLIFYWHMCP>
#	G	D	E	R	K	N	Q	S	T	A	V	L	I	F	Y	W	H	M	C	P
0	0.01612	0.23161	0.16818	0.01240	0.01680	0.26590	0.01171	0.07977	0.05015	0.03936	0.01104	0.03615	0.00929	0.00604	0.00481	0.00150	0.00737	0.02142	0.00317	0.00720
1	0.03536	0.03959	0.03589	0.01089	0.01384	0.27754	0.00873	0.11165	0.03138	0.06797	0.04311	0.05363	0.09373	0.01113	0.08685	0.00232	0.00741	0.01859	0.00397	0.04641
2	0.05537	0.25298	0.01752	0.03592	0.02899	0.01474	0.00895	0.17565	0.05741	0.08685	0.08371	0.06368	0.03348	0.00732	0.00572	0.00161	0.05302	0.00558	0.00421	0.00728
3	0.00949	0.00726	0.00959	0.00963	0.01105	0.00739	0.03953	0.08893	0.08387	0.01755	0.02645	0.45654	0.02922	0.01409	0.00677	0.00217	0.00422	0.16562	0.00504	0.00558
4	0.00943	0.00824	0.00889	0.00737	0.01062	0.03198	0.00580	0.01142	0.01211	0.01649	0.05615	0.03156	0.30763	0.00886	0.00531	0.00137	0.00375	0.05452	0.00414	0.40437
5	0.00793	0.00529	0.00595	0.00595	0.00595	0.00529	0.00330	0.00793	0.00793	0.01057	0.01718	0.03568	0.01982	0.80840	0.02775	0.00529	0.00529	0.00793	0.00330	0.00330
6	0.21193	0.01312	0.01300	0.01043	0.01435	0.09289	0.00850	0.24432	0.01717	0.30019	0.01440	0.01376	0.00980	0.00618	0.00493	0.00164	0.00550	0.00452	0.00517	0.00819
7	0.00802	0.00573	0.00790	0.00916	0.01008	0.00561	0.00745	0.00997	0.01179	0.01546	0.02929	0.32755	0.03305	0.01578	0.00733	0.00240	0.00436	0.47921	0.00503	0.00481
8	0.00658	0.00498	0.00608	0.00697	0.00774	0.00448	0.00478	0.00766	0.01104	0.01416	0.03766	0.57730	0.25869	0.01609	0.00680	0.00210	0.00304	0.01429	0.00506	0.00448
9	0.00709	0.00527	0.00672	0.00721	0.00796	0.00520	0.00505	0.00824	0.01004	0.01326	0.02936	0.33269	0.18015	0.14231	0.20913	0.00427	0.00632	0.01106	0.00425	0.00441
10	0.00656	0.00506	0.00600	0.00675	0.00769	0.00450	0.00469	0.00769	0.01125	0.01425	0.04029	0.49880	0.33549	0.01575	0.00675	0.00206	0.00300	0.01387	0.00506	0.00450
11	0.01514	0.01196	0.01336	0.00989	0.01454	0.01119	0.00805	0.31575	0.01713	0.02451	0.01107	0.01203	0.00856	0.00506	0.00461	0.00114	0.00484	0.00391	0.00413	0.50311
12	0.01148	0.01016	0.01406	0.01570	0.24270	0.00869	0.00942	0.01400	0.01155	0.01738	0.01198	0.09476	0.01116	0.00565	0.00475	0.00120	0.00468	0.00500	0.00326	0.50242
13	0.01137	0.06279	0.66636	0.01712	0.10148	0.01310	0.01929	0.01717	0.01158	0.01712	0.00973	0.01159	0.00709	0.00512	0.00512	0.00169	0.00779	0.00406	0.00234	0.00807

[dist]
# distance from previous block
# <min> <max>
2	5

[block]
# block no. 13 follows, 44 sequences, length 15
# corresponding to MSA columns:
# 434-448
name=unknown_N
#
# <colnr> <probs for GDERKNQSTAVLIFYWHMCP>
#	G	D	E	R	K	N	Q	S	T	A	V	L	I	F	Y	W	H	M	C	P
0	0.01566	0.01622	0.02131	0.01666	0.01985	0.16527	0.24755	0.16773	0.01469	0.01888	0.00984	0.01264	0.00792	0.00660	0.00919	0.00187	0.23269	0.00508	0.00321	0.00715
1	0.01441	0.29261	0.22303	0.01200	0.01667	0.22844	0.01206	0.01738	0.01290	0.01520	0.09668	0.01348	0.01212	0.00581	0.00468	0.00144	0.00715	0.00418	0.00288	0.00688
2	0.01326	0.36366	0.16550	0.01570	0.02131	0.01697	0.29811	0.01693	0.01184	0.01541	0.00930	0.01154	0.00747	0.00473	0.00493	0.00153	0.00753	0.00447	0.00249	0.00732
3	0.10816	0.01656	0.22914	0.01530	0.01903	0.01410	0.15879	0.01531	0.01023	0.01641	0.00899	0.01239	0.00742	0.00812	0.04161	0.00227	0.30211	0.00473	0.00257	0.00676
4	0.01143	0.01088	0.01857	0.02091	0.29370	0.01097	0.16731	0.01566	0.09875	0.01709	0.01716	0.23292	0.01701	0.00862	0.00647	0.00188	0.03161	0.00827	0.00368	0.00712
5	0.01543	0.66733	0.02643	0.01075	0.03910	0.10290	0.00974	0.04889	0.01222	0.01397	0.00799	0.00920	0.00715	0.00485	0.00380	0.00123	0.00629	0.00313	0.00253	0.00708
6	0.01558	0.01147	0.01273	0.01026	0.01344	0.01228	0.00828	0.46402	0.02151	0.02917	0.28011	0.02440	0.05594	0.00846	0.00584	0.00167	0.00467	0.00692	0.00563	0.00763
7	0.00851	0.00706	0.01027	0.01374	0.19393	0.00682	0.00790	0.01055	0.03642	0.01525	0.02789	0.49970	0.11382	0.01341	0.00647	0.00201	0.00396	0.01214	0.00450	0.00561
8	0.00785	0.00558	0.00746	0.00746	0.00798	0.00611	0.00519	0.00890	0.00838	0.01169	0.01579	0.02801	0.01649	0.39586	0.43575	0.00715	0.01029	0.00681	0.00310	0.00414
9	0.00994	0.00670	0.00852	0.00808	0.00949	0.00745	0.00627	0.09675	0.01142	0.01721	0.01540	0.02067	0.01344	0.05505	0.45303	0.00575	0.00994	0.00560	0.23391	0.00538
10	0.00781	0.00577	0.00840	0.00840	0.00925	0.00662	0.00637	0.00951	0.00866	0.01239	0.01493	0.02323	0.01442	0.13857	0.69020	0.00832	0.01342	0.00611	0.00297	0.00467
11	0.01130	0.00969	0.01130	0.00807	0.01292	0.00727	0.00646	0.01373	0.01130	0.01776	0.00969	0.01130	0.00807	0.00404	0.00404	0.00081	0.00404	0.00323	0.00323	0.84173
12	0.01170	0.02151	0.47937	0.01345	0.01976	0.01229	0.01538	0.02009	0.21934	0.01885	0.01320	0.01392	0.00973	0.00566	0.00515	0.00165	0.00656	0.00453	0.00331	0.10455
13	0.04038	0.22610	0.01888	0.19739	0.13886	0.03008	0.01135	0.07856	0.10698	0.01758	0.01375	0.01544	0.05248	0.00597	0.00487	0.00158	0.00587	0.00480	0.02191	0.00720
14	0.01328	0.01654	0.31215	0.01122	0.01682	0.00955	0.01200	0.01767	0.04492	0.16006	0.03590	0.01683	0.06433	0.00602	0.00505	0.00147	0.00561	0.00485	0.00383	0.24188

[dist]
# distance from previous block
# <min> <max>
0	1

[block]
# block no. 14 follows, 44 sequences, length 19
# corresponding to MSA columns:
# 450-468
name=unknown_O
#
# <colnr> <probs for GDERKNQSTAVLIFYWHMCP>
#	G	D	E	R	K	N	Q	S	T	A	V	L	I	F	Y	W	H	M	C	P
0	0.01725	0.16531	0.05436	0.01293	0.04643	0.28766	0.01041	0.12057	0.14660	0.04867	0.01311	0.01353	0.02801	0.00607	0.00493	0.00152	0.00701	0.00441	0.00374	0.00750
1	0.02037	0.02598	0.01545	0.01404	0.01685	0.78652	0.01053	0.02177	0.01545	0.01334	0.00843	0.00983	0.00702	0.00562	0.00492	0.00140	0.00983	0.00351	0.00281	0.00632
2	0.00806	0.00533	0.00651	0.00665	0.00708	0.00551	0.00436	0.00895	0.00886	0.01272	0.01806	0.11302	0.01936	0.44000	0.19546	0.00521	0.00681	0.00788	0.11614	0.00402
3	0.00663	0.00479	0.00627	0.00746	0.00787	0.00444	0.00500	0.00761	0.01056	0.01397	0.03166	0.75680	0.08307	0.01687	0.00693	0.00219	0.00314	0.01524	0.00506	0.00444
4	0.00787	0.00552	0.00711	0.00711	0.00752	0.00592	0.00476	0.00868	0.00827	0.01143	0.01611	0.02977	0.01726	0.49056	0.34209	0.00673	0.00914	0.00706	0.00314	0.00395
5	0.01679	0.01717	0.01915	0.02406	0.41792	0.23955	0.01378	0.15025	0.01566	0.01946	0.01023	0.01235	0.00828	0.00538	0.00527	0.00156	0.00737	0.00447	0.00322	0.00807
6	0.06501	0.01086	0.01292	0.01014	0.01396	0.01084	0.00830	0.26870	0.01861	0.38608	0.11915	0.01919	0.01679	0.00718	0.00549	0.00167	0.00479	0.00574	0.00603	0.00854
7	0.01064	0.01004	0.01697	0.71342	0.11674	0.01220	0.01531	0.01423	0.01106	0.01435	0.00975	0.01442	0.00741	0.00539	0.00544	0.00180	0.00718	0.00485	0.00245	0.00633
8	0.84691	0.01054	0.00801	0.00717	0.01054	0.01223	0.00590	0.01603	0.00928	0.02446	0.00759	0.00886	0.00590	0.00506	0.00337	0.00169	0.00422	0.00295	0.00337	0.00590
9	0.01976	0.01479	0.01582	0.01235	0.01654	0.01646	0.01013	0.65808	0.12535	0.03280	0.01432	0.01407	0.01027	0.00666	0.00547	0.00166	0.00577	0.00508	0.00547	0.00918
10	0.00793	0.00529	0.00595	0.00595	0.00595	0.00529	0.00330	0.00793	0.00793	0.01057	0.01718	0.03568	0.01982	0.80840	0.02775	0.00529	0.00529	0.00793	0.00330	0.00330
11	0.00696	0.00499	0.00661	0.00738	0.00798	0.00464	0.00509	0.00838	0.01190	0.01624	0.24657	0.58171	0.04055	0.01535	0.00680	0.00207	0.00299	0.01385	0.00534	0.00464
12	0.01356	0.01171	0.01233	0.01109	0.01418	0.01356	0.00863	0.02897	0.76455	0.02281	0.02219	0.02034	0.01664	0.00740	0.00555	0.00185	0.00431	0.00616	0.00555	0.00863
13	0.00693	0.00495	0.00666	0.00792	0.00836	0.00468	0.00556	0.00809	0.01072	0.01424	0.02989	0.70453	0.03543	0.01681	0.00704	0.00225	0.00341	0.11296	0.00506	0.00451
14	0.01454	0.01530	0.01570	0.01360	0.01467	0.20983	0.01101	0.06482	0.01147	0.01500	0.00848	0.01196	0.00765	0.00817	0.01299	0.00202	0.50153	0.00448	0.05056	0.00622
15	0.02106	0.01296	0.01471	0.01147	0.01564	0.01370	0.00942	0.43982	0.10994	0.26777	0.01682	0.01567	0.01148	0.00671	0.00547	0.00168	0.00537	0.00524	0.00587	0.00920
16	0.00714	0.00544	0.00657	0.00651	0.00785	0.00487	0.00480	0.00910	0.01375	0.01840	0.43105	0.14778	0.29127	0.01284	0.00651	0.00182	0.00272	0.01117	0.00556	0.00487
17	0.00725	0.00500	0.00615	0.00682	0.00698	0.00483	0.00423	0.00775	0.00926	0.01234	0.02399	0.44289	0.02842	0.38946	0.01674	0.00366	0.00416	0.01194	0.00423	0.00390
18	0.01834	0.01734	0.01529	0.11834	0.01913	0.27583	0.01070	0.26655	0.12660	0.05922	0.01278	0.01350	0.00951	0.00622	0.00529	0.00162	0.00716	0.00464	0.00423	0.00775

[dist]
# distance from previous block
# <min> <max>
0	2

[block]
# block no. 15 follows, 44 sequences, length 13
# corresponding to MSA columns:
# 471-483
name=unknown_P
#
# <colnr> <probs for GDERKNQSTAVLIFYWHMCP>
#	G	D	E	R	K	N	Q	S	T	A	V	L	I	F	Y	W	H	M	C	P
0	0.01362	0.02134	0.44042	0.01340	0.01952	0.01312	0.01509	0.25790	0.01624	0.02256	0.01614	0.01678	0.09647	0.00663	0.00542	0.00171	0.00677	0.00518	0.00365	0.00805
1	0.00733	0.00507	0.00630	0.00700	0.00723	0.00491	0.00450	0.00795	0.00945	0.01257	0.02428	0.42139	0.02859	0.36764	0.01620	0.00359	0.00421	0.05353	0.00428	0.00396
2	0.07072	0.01620	0.02055	0.01960	0.17208	0.19735	0.18702	0.05625	0.01289	0.01702	0.00934	0.01226	0.00771	0.00604	0.00796	0.00178	0.17049	0.00477	0.00286	0.00709
3	0.01439	0.01292	0.01766	0.01415	0.01800	0.01408	0.18819	0.12703	0.48141	0.02312	0.01825	0.01798	0.01361	0.00661	0.00575	0.00182	0.00572	0.00605	0.00486	0.00841
4	0.01282	0.01469	0.08437	0.06651	0.33777	0.01334	0.33469	0.01685	0.01236	0.01730	0.01044	0.01388	0.00824	0.00492	0.00615	0.00175	0.02794	0.00547	0.00267	0.00784
5	0.01356	0.01099	0.01243	0.00926	0.01378	0.00984	0.00746	0.19288	0.05388	0.02216	0.03781	0.01323	0.01032	0.00506	0.00454	0.00109	0.00447	0.00402	0.00398	0.56923
