[name]
unknown

[dist]
# distance from previous block
# <min> <max>
0	543

[block]
# block no. 0 follows, 49 sequences, length 63
# corresponding to MSA columns:
# 543-605
name=unknown_A
#
# <colnr> <probs for GDERKNQSTAVLIFYWHMCP>
#	G	D	E	R	K	N	Q	S	T	A	V	L	I	F	Y	W	H	M	C	P
0	0.01270	0.00830	0.01086	0.01111	0.06095	0.00844	0.00881	0.16813	0.01450	0.12696	0.02176	0.03956	0.02130	0.01069	0.00620	0.00201	0.00488	0.45182	0.00483	0.00622
1	0.18124	0.12322	0.01292	0.00895	0.01244	0.01174	0.00745	0.03774	0.25458	0.27542	0.01567	0.01461	0.01114	0.00587	0.00447	0.00154	0.00431	0.00448	0.00470	0.00751
2	0.06599	0.45189	0.20077	0.01263	0.09632	0.01609	0.03804	0.01570	0.01058	0.03895	0.00828	0.00965	0.00680	0.00454	0.00393	0.00131	0.00592	0.00332	0.00240	0.00689
3	0.00687	0.00516	0.00636	0.00606	0.00738	0.00465	0.00455	0.00899	0.01364	0.01868	0.61013	0.04040	0.22666	0.01093	0.00597	0.00162	0.00243	0.00951	0.00536	0.00465
4	0.01403	0.01109	0.01239	0.00917	0.01348	0.01037	0.00746	0.32134	0.01587	0.02272	0.01027	0.01116	0.00794	0.00469	0.00428	0.00106	0.00448	0.00363	0.00383	0.51076
5	0.01061	0.13588	0.69042	0.01362	0.02066	0.01288	0.01731	0.01589	0.01062	0.01545	0.00879	0.01032	0.00642	0.00474	0.00459	0.00153	0.00719	0.00359	0.00214	0.00734
6	0.01230	0.00921	0.01078	0.00808	0.01227	0.00767	0.00646	0.01624	0.12218	0.11335	0.01202	0.01253	0.00926	0.00451	0.00411	0.00099	0.00385	0.00365	0.00371	0.62686
7	0.00649	0.00514	0.00584	0.00567	0.00715	0.00449	0.00425	0.00826	0.01275	0.01656	0.37386	0.04390	0.46425	0.01173	0.00597	0.00166	0.00248	0.01000	0.00508	0.00449
8	0.01167	0.01097	0.01834	0.31927	0.48134	0.01186	0.01475	0.04298	0.01145	0.01576	0.00942	0.01286	0.00756	0.00477	0.00503	0.00157	0.00626	0.00450	0.00250	0.00714
9	0.01248	0.01212	0.02113	0.03041	0.74134	0.01206	0.06444	0.01556	0.01154	0.01650	0.00956	0.01259	0.00799	0.00449	0.00507	0.00151	0.00617	0.00460	0.00251	0.00793
10	0.00943	0.00471	0.00471	0.00471	0.00589	0.00471	0.00353	0.01178	0.01060	0.01885	0.01650	0.01885	0.01296	0.00589	0.00353	0.00118	0.00236	0.00471	0.85036	0.00471
11	0.02058	0.01009	0.01237	0.00956	0.01337	0.00976	0.00787	0.25271	0.01713	0.51197	0.01953	0.01764	0.06014	0.00661	0.00513	0.00156	0.00458	0.00527	0.00579	0.00833
12	0.01504	0.06306	0.01206	0.00972	0.01234	0.18846	0.02057	0.09268	0.06499	0.19091	0.01961	0.19902	0.07301	0.00855	0.00524	0.00160	0.00520	0.00705	0.00444	0.00643
13	0.00686	0.00506	0.00617	0.00687	0.00794	0.00468	0.00529	0.00837	0.01092	0.01416	0.03485	0.29312	0.28966	0.01366	0.00625	0.00196	0.00325	0.21872	0.05787	0.00435
14	0.00616	0.00440	0.00587	0.00704	0.00733	0.00411	0.00469	0.00704	0.00968	0.01291	0.02787	0.81899	0.03344	0.01584	0.00645	0.00205	0.00293	0.01438	0.00469	0.00411
15	0.01232	0.01182	0.02018	0.08140	0.74188	0.01196	0.01542	0.01535	0.01142	0.01629	0.00948	0.01258	0.00793	0.00454	0.00501	0.00151	0.00605	0.00450	0.00249	0.00786
16	0.38210	0.06455	0.01158	0.00907	0.01230	0.19993	0.00733	0.08147	0.01241	0.14054	0.02979	0.01092	0.00824	0.00530	0.00402	0.00147	0.00541	0.00354	0.00366	0.00636
17	0.01611	0.00982	0.01137	0.00967	0.01286	0.01039	0.00767	0.02541	0.47057	0.30620	0.04851	0.01895	0.01554	0.00677	0.00515	0.00166	0.00405	0.00561	0.00557	0.00811
18	0.01192	0.01147	0.01975	0.18162	0.62255	0.01189	0.03684	0.01504	0.01125	0.01581	0.00943	0.01273	0.00775	0.00461	0.00504	0.00154	0.00622	0.00455	0.00246	0.00751
19	0.01884	0.06576	0.01584	0.01153	0.01551	0.06136	0.00956	0.68263	0.02238	0.02949	0.01157	0.01171	0.00835	0.00591	0.00492	0.00148	0.00576	0.00436	0.00473	0.00831
20	0.01325	0.76098	0.08847	0.00912	0.01370	0.01934	0.00946	0.01521	0.01031	0.01223	0.00719	0.00832	0.00648	0.00436	0.00337	0.00112	0.00557	0.00279	0.00216	0.00657
21	0.01295	0.01105	0.01164	0.01037	0.01329	0.01275	0.00809	0.06840	0.73947	0.02175	0.02011	0.01849	0.01506	0.00682	0.00514	0.00170	0.00409	0.00565	0.00514	0.00804
22	0.01026	0.02537	0.74789	0.01485	0.02217	0.01181	0.06609	0.01603	0.01076	0.01603	0.00915	0.01086	0.00649	0.00477	0.00488	0.00161	0.00754	0.00388	0.00216	0.00743
23	0.01252	0.01201	0.02053	0.03104	0.79074	0.01201	0.01552	0.01552	0.01151	0.01652	0.00951	0.01252	0.00801	0.00451	0.00501	0.00150	0.00601	0.00451	0.00250	0.00801
24	0.00735	0.00490	0.00552	0.00552	0.00552	0.00490	0.00306	0.00735	0.00735	0.00980	0.01593	0.03309	0.01838	0.82229	0.02574	0.00490	0.00490	0.00735	0.00306	0.00306
25	0.02269	0.00861	0.01174	0.00900	0.01291	0.00743	0.00743	0.02464	0.01447	0.79425	0.01995	0.01721	0.01252	0.00626	0.00509	0.00156	0.00430	0.00509	0.00626	0.00861
26	0.02191	0.00843	0.01149	0.00887	0.01264	0.00730	0.00730	0.02389	0.01447	0.75562	0.05828	0.01824	0.01427	0.00646	0.00513	0.00157	0.00421	0.00529	0.00622	0.00841
27	0.00616	0.00440	0.00587	0.00704	0.00733	0.00411	0.00469	0.00704	0.00968	0.01291	0.02787	0.81899	0.03344	0.01584	0.00645	0.00205	0.00293	0.01438	0.00469	0.00411
28	0.00735	0.00490	0.00552	0.00552	0.00552	0.00490	0.00306	0.00735	0.00735	0.00980	0.01593	0.03309	0.01838	0.82229	0.02574	0.00490	0.00490	0.00735	0.00306	0.00306
29	0.00815	0.00582	0.00815	0.00931	0.01048	0.00582	0.00815	0.01048	0.01164	0.01513	0.02677	0.05704	0.02910	0.01397	0.00698	0.00233	0.00466	0.75671	0.00466	0.00466
30	0.00716	0.00517	0.00676	0.00636	0.00755	0.00477	0.00477	0.00954	0.01431	0.02028	0.78808	0.03777	0.04771	0.01034	0.00596	0.00159	0.00239	0.00914	0.00557	0.00477
31	0.01258	0.01086	0.01143	0.01029	0.01315	0.01258	0.00800	0.02687	0.78161	0.02115	0.02058	0.01887	0.01544	0.00686	0.00515	0.00172	0.00400	0.00572	0.00515	0.00800
32	0.01252	0.01201	0.02053	0.03104	0.79074	0.01201	0.01552	0.01552	0.01151	0.01652	0.00951	0.01252	0.00801	0.00451	0.00501	0.00150	0.00601	0.00451	0.00250	0.00801
33	0.00616	0.00440	0.00587	0.00704	0.00733	0.00411	0.00469	0.00704	0.00968	0.01291	0.02787	0.81899	0.03344	0.01584	0.00645	0.00205	0.00293	0.01438	0.00469	0.00411
34	0.00691	0.00521	0.00642	0.00625	0.00759	0.00472	0.00478	0.00898	0.01333	0.01803	0.52263	0.04234	0.25216	0.01131	0.00605	0.00168	0.00262	0.06914	0.00525	0.00462
35	0.01252	0.01201	0.02053	0.03104	0.79074	0.01201	0.01552	0.01552	0.01151	0.01652	0.00951	0.01252	0.00801	0.00451	0.00501	0.00150	0.00601	0.00451	0.00250	0.00801
36	0.73316	0.01043	0.00858	0.00739	0.01066	0.01199	0.00609	0.12784	0.01086	0.02405	0.00780	0.00880	0.00594	0.00490	0.00342	0.00156	0.00416	0.00301	0.00342	0.00594
37	0.01277	0.01173	0.01991	0.06905	0.72225	0.01179	0.01513	0.01575	0.01156	0.04711	0.00990	0.01275	0.00812	0.00460	0.00501	0.00151	0.00598	0.00453	0.00264	0.00791
38	0.01341	0.79999	0.05090	0.00884	0.01326	0.01975	0.00897	0.01517	0.01029	0.01203	0.00709	0.00819	0.00649	0.00434	0.00329	0.00110	0.00547	0.00274	0.00216	0.00652
39	0.01009	0.00491	0.00506	0.00493	0.00624	0.00485	0.00373	0.01242	0.01080	0.05755	0.01667	0.01877	0.01294	0.00591	0.00361	0.00120	0.00245	0.00473	0.80824	0.00491
40	0.01776	0.03717	0.01429	0.01297	0.03270	0.65882	0.00963	0.02093	0.12163	0.01369	0.00963	0.01054	0.00780	0.00541	0.00463	0.00136	0.00826	0.00362	0.00295	0.00622
41	0.01688	0.01242	0.08738	0.01332	0.05314	0.01086	0.15212	0.13314	0.10716	0.30643	0.01517	0.01493	0.01043	0.00562	0.00517	0.00157	0.00559	0.00502	0.00458	0.03906
42	0.02113	0.01086	0.08790	0.00979	0.01406	0.00868	0.00874	0.09941	0.01504	0.64210	0.01811	0.01607	0.01153	0.00610	0.00506	0.00156	0.00474	0.00490	0.00574	0.00850
43	0.58779	0.00940	0.00882	0.00741	0.01079	0.01008	0.00611	0.01803	0.01050	0.27228	0.01122	0.01112	0.00775	0.00520	0.00376	0.00156	0.00404	0.00350	0.00414	0.00649
44	0.01240	0.01189	0.02031	0.06186	0.76084	0.01198	0.01546	0.01542	0.01146	0.01638	0.00949	0.01255	0.00796	0.00453	0.00501	0.00151	0.00604	0.00451	0.00249	0.00792
45	0.01137	0.01083	0.01881	0.24911	0.43840	0.01131	0.08914	0.01448	0.01121	0.02822	0.01223	0.01525	0.05679	0.00519	0.00518	0.00159	0.00622	0.00504	0.00264	0.00699
46	0.00773	0.00514	0.00695	0.00773	0.00843	0.00497	0.00567	0.00900	0.01045	0.06270	0.05447	0.57995	0.03111	0.01450	0.00673	0.00206	0.02644	0.14667	0.00475	0.00455
47	0.00616	0.00440	0.00587	0.00704	0.00733	0.00411	0.00469	0.00704	0.00968	0.01291	0.02787	0.81899	0.03344	0.01584	0.00645	0.00205	0.00293	0.01438	0.00469	0.00411
48	0.00735	0.00490	0.00552	0.00552	0.00552	0.00490	0.00306	0.00735	0.00735	0.00980	0.01593	0.03309	0.01838	0.82229	0.02574	0.00490	0.00490	0.00735	0.00306	0.00306
49	0.01039	0.08472	0.73969	0.01399	0.02123	0.01235	0.01795	0.01595	0.01065	0.01571	0.00892	0.01049	0.00641	0.00477	0.00469	0.00156	0.00732	0.00366	0.00214	0.00740
50	0.02174	0.00986	0.01248	0.00960	0.01352	0.00933	0.00792	0.18790	0.03106	0.61350	0.01826	0.01614	0.01172	0.00623	0.00508	0.00156	0.00457	0.00498	0.00598	0.00859
51	0.00598	0.00512	0.00512	0.00512	0.00683	0.00427	0.00384	0.00726	0.01153	0.01366	0.05123	0.04866	0.78869	0.01281	0.00598	0.00171	0.00256	0.01067	0.00470	0.00427
52	0.85801	0.00978	0.00743	0.00665	0.00978	0.01134	0.00548	0.01486	0.00861	0.02269	0.00704	0.00821	0.00548	0.00469	0.00313	0.00156	0.00391	0.00274	0.00313	0.00548
53	0.00728	0.00487	0.00554	0.00561	0.00563	0.00485	0.00316	0.00733	0.00749	0.00999	0.01666	0.08072	0.01930	0.77341	0.02457	0.00473	0.00478	0.00778	0.00316	0.00313
54	0.06171	0.30020	0.09124	0.01042	0.06241	0.06949	0.00901	0.01503	0.01076	0.03492	0.00842	0.00974	0.00701	0.00432	0.00380	0.00110	0.00524	0.00312	0.00265	0.28939
55	0.00735	0.00490	0.00552	0.00552	0.00552	0.00490	0.00306	0.00735	0.00735	0.00980	0.01593	0.03309	0.01838	0.82229	0.02574	0.00490	0.00490	0.00735	0.00306	0.00306
56	0.00628	0.00449	0.00599	0.00704	0.00743	0.00420	0.00478	0.00731	0.01007	0.01351	0.08441	0.74265	0.03440	0.01539	0.00643	0.00203	0.00293	0.03173	0.00476	0.00417
57	0.01138	0.01086	0.01847	0.32913	0.50152	0.01172	0.01495	0.01452	0.01098	0.01514	0.00931	0.01289	0.00752	0.00472	0.00503	0.00157	0.00629	0.00450	0.00241	0.00709
58	0.01223	0.01173	0.02001	0.10525	0.71874	0.01194	0.01538	0.01527	0.01138	0.01618	0.00946	0.01261	0.00789	0.00456	0.00501	0.00152	0.00608	0.00450	0.00248	0.00778
59	0.00616	0.00440	0.00587	0.00704	0.00733	0.00411	0.00469	0.00704	0.00968	0.01291	0.02787	0.81899	0.03344	0.01584	0.00645	0.00205	0.00293	0.01438	0.00469	0.00411
60	0.00616	0.00440	0.00587	0.00704	0.00733	0.00411	0.00469	0.00704	0.00968	0.01291	0.02787	0.81899	0.03344	0.01584	0.00645	0.00205	0.00293	0.01438	0.00469	0.00411
61	0.01243	0.01194	0.01125	0.01092	0.06084	0.17295	0.00785	0.05956	0.27749	0.01934	0.27310	0.02240	0.02354	0.00749	0.00528	0.00156	0.00473	0.00621	0.00459	0.00652
62	0.23780	0.01302	0.01316	0.01034	0.01414	0.01455	0.00853	0.57609	0.01982	0.02948	0.01081	0.01112	0.00779	0.00571	0.00456	0.00153	0.00513	0.00408	0.00456	0.00779

[dist]
# distance from previous block
# <min> <max>
5	8

[block]
# block no. 1 follows, 49 sequences, length 7
# corresponding to MSA columns:
# 615-621
name=unknown_B
#
# <colnr> <probs for GDERKNQSTAVLIFYWHMCP>
#	G	D	E	R	K	N	Q	S	T	A	V	L	I	F	Y	W	H	M	C	P
0	0.01603	0.00881	0.01105	0.00817	0.01240	0.00705	0.00665	0.01814	0.01230	0.36965	0.01397	0.01354	0.00977	0.00489	0.00435	0.00112	0.00400	0.00394	0.00448	0.46968
1	0.01186	0.00840	0.00972	0.00894	0.01088	0.00884	0.00674	0.26163	0.08387	0.05914	0.02165	0.44178	0.02261	0.01134	0.00581	0.00182	0.00396	0.00990	0.00493	0.00616
2	0.00943	0.00567	0.00749	0.00675	0.00834	0.00516	0.00516	0.01176	0.01434	0.13377	0.67544	0.03476	0.04255	0.00974	0.00584	0.00159	0.00267	0.00855	0.00567	0.00533
3	0.00722	0.00542	0.00813	0.00813	0.00903	0.00632	0.00632	0.00903	0.00813	0.01174	0.01354	0.01987	0.01264	0.03792	0.80225	0.00813	0.01354	0.00542	0.00271	0.00451
4	0.01227	0.01269	0.02442	0.02697	0.47101	0.01234	0.33213	0.01580	0.01169	0.01639	0.00981	0.01299	0.00787	0.00440	0.00541	0.00159	0.00706	0.00512	0.00253	0.00751
5	0.01922	0.01416	0.01518	0.01163	0.01568	0.01568	0.00961	0.77388	0.02378	0.03187	0.01214	0.01214	0.00860	0.00607	0.00506	0.00152	0.00556	0.00455	0.00506	0.00860
6	0.00800	0.00578	0.00736	0.00693	0.00819	0.00527	0.00514	0.01015	0.01477	0.02096	0.77906	0.03854	0.04797	0.01080	0.00629	0.00174	0.00269	0.00934	0.00581	0.00520

[dist]
# distance from previous block
# <min> <max>
0	4

[block]
# block no. 2 follows, 49 sequences, length 37
# corresponding to MSA columns:
# 626-662
name=unknown_C
#
# <colnr> <probs for GDERKNQSTAVLIFYWHMCP>
#	G	D	E	R	K	N	Q	S	T	A	V	L	I	F	Y	W	H	M	C	P
0	0.02269	0.00861	0.01174	0.00900	0.01291	0.00743	0.00743	0.02464	0.01447	0.79425	0.01995	0.01721	0.01252	0.00626	0.00509	0.00156	0.00430	0.00509	0.00626	0.00861
1	0.00616	0.00440	0.00587	0.00704	0.00733	0.00411	0.00469	0.00704	0.00968	0.01291	0.02787	0.81899	0.03344	0.01584	0.00645	0.00205	0.00293	0.01438	0.00469	0.00411
2	0.01845	0.01378	0.01474	0.01148	0.01539	0.01532	0.00942	0.68655	0.11238	0.03062	0.01313	0.01293	0.00940	0.00616	0.00507	0.00154	0.00538	0.00469	0.00507	0.00853
3	0.00598	0.00512	0.00512	0.00512	0.00683	0.00427	0.00384	0.00726	0.01153	0.01366	0.05123	0.04866	0.78869	0.01281	0.00598	0.00171	0.00256	0.01067	0.00470	0.00427
4	0.00616	0.00440	0.00587	0.00704	0.00733	0.00411	0.00469	0.00704	0.00968	0.01291	0.02787	0.81899	0.03344	0.01584	0.00645	0.00205	0.00293	0.01438	0.00469	0.00411
5	0.01492	0.01202	0.01275	0.01076	0.01404	0.01367	0.00857	0.28991	0.51475	0.02493	0.01761	0.01650	0.01303	0.00658	0.00511	0.00165	0.00455	0.00531	0.00511	0.00821
6	0.08697	0.00562	0.00578	0.00539	0.00706	0.00562	0.00416	0.01356	0.01088	0.10985	0.01605	0.01771	0.01224	0.00583	0.00368	0.00126	0.00272	0.00458	0.67580	0.00524
7	0.00735	0.00490	0.00552	0.00552	0.00552	0.00490	0.00306	0.00735	0.00735	0.00980	0.01593	0.03309	0.01838	0.82229	0.02574	0.00490	0.00490	0.00735	0.00306	0.00306
8	0.00904	0.00468	0.00485	0.00499	0.00606	0.00464	0.00367	0.01123	0.01050	0.01816	0.01783	0.11240	0.01536	0.00705	0.00388	0.00128	0.00242	0.00584	0.75149	0.00464
9	0.01187	0.05836	0.20565	0.01876	0.02435	0.01279	0.54028	0.01631	0.01162	0.03533	0.01004	0.01276	0.00744	0.00444	0.00554	0.00165	0.00802	0.00526	0.00253	0.00700
10	0.01139	0.32174	0.51145	0.01228	0.01859	0.01480	0.01497	0.01569	0.01053	0.01449	0.00832	0.00973	0.00644	0.00463	0.00423	0.00141	0.00671	0.00335	0.00215	0.00711
11	0.01054	0.02535	0.75687	0.01464	0.03919	0.01163	0.01830	0.01624	0.01080	0.03737	0.00938	0.01090	0.00661	0.00484	0.00482	0.00160	0.00735	0.00379	0.00226	0.00752
12	0.01091	0.07264	0.51247	0.01617	0.02272	0.01258	0.24935	0.01602	0.01104	0.01581	0.00930	0.01142	0.00680	0.00461	0.00506	0.00160	0.00767	0.00436	0.00227	0.00721
13	0.00628	0.00449	0.00597	0.00696	0.00736	0.00418	0.00470	0.00733	0.01022	0.01377	0.11675	0.72765	0.03511	0.01520	0.00640	0.00200	0.00287	0.01376	0.00480	0.00418
14	0.02269	0.00861	0.01174	0.00900	0.01291	0.00743	0.00743	0.02464	0.01447	0.79425	0.01995	0.01721	0.01252	0.00626	0.00509	0.00156	0.00430	0.00509	0.00626	0.00861
15	0.01181	0.01019	0.01070	0.00969	0.01241	0.01161	0.00752	0.02458	0.69157	0.02028	0.02416	0.02235	0.10584	0.00756	0.00524	0.00171	0.00383	0.00630	0.00509	0.00757
16	0.01106	0.01106	0.01549	0.01328	0.01328	0.01549	0.01106	0.01217	0.00774	0.01217	0.00664	0.01106	0.00664	0.00885	0.01659	0.00221	0.81303	0.00443	0.00221	0.00553
17	0.01244	0.01218	0.02150	0.02601	0.52075	0.01184	0.18358	0.04291	0.01196	0.01700	0.00972	0.01257	0.00791	0.00444	0.00511	0.00148	0.00635	0.00470	0.00265	0.08491
18	0.01279	0.65360	0.19187	0.00989	0.01489	0.01823	0.01081	0.01533	0.01036	0.01278	0.00747	0.00866	0.00647	0.00443	0.00358	0.00119	0.00585	0.00293	0.00216	0.00670
19	0.00787	0.00612	0.00745	0.00796	0.00946	0.00603	0.00658	0.01119	0.10153	0.01526	0.03403	0.08494	0.27388	0.01285	0.00642	0.00204	0.00382	0.39295	0.00473	0.00490
20	0.00609	0.00468	0.00558	0.00631	0.00714	0.00417	0.00437	0.00712	0.01038	0.01319	0.03675	0.52610	0.32060	0.01469	0.00627	0.00192	0.00279	0.01297	0.00469	0.00417
21	0.03266	0.47772	0.22781	0.01018	0.01526	0.01581	0.01106	0.01674	0.01095	0.12610	0.00944	0.01011	0.00731	0.00474	0.00392	0.00130	0.00576	0.00332	0.00277	0.00703
22	0.01976	0.01214	0.01287	0.01023	0.01383	0.10310	0.00829	0.27322	0.04537	0.37280	0.06326	0.01590	0.01278	0.00635	0.00507	0.00153	0.00516	0.00497	0.00535	0.00802
23	0.00598	0.00512	0.00512	0.00512	0.00683	0.00427	0.00384	0.00726	0.01153	0.01366	0.05123	0.04866	0.78869	0.01281	0.00598	0.00171	0.00256	0.01067	0.00470	0.00427
24	0.01049	0.00899	0.01049	0.00749	0.01198	0.00674	0.00599	0.01273	0.01049	0.01648	0.00899	0.01049	0.00749	0.00374	0.00374	0.00075	0.00374	0.00300	0.00300	0.85320
25	0.00980	0.00809	0.00897	0.00823	0.01034	0.00872	0.00632	0.01817	0.40778	0.01995	0.30803	0.02934	0.11778	0.00884	0.00555	0.00167	0.00324	0.00756	0.00525	0.00637
26	0.00674	0.00464	0.00570	0.00630	0.00645	0.00449	0.00390	0.00719	0.00855	0.01140	0.02206	0.43643	0.02611	0.40840	0.01584	0.00344	0.00389	0.01096	0.00390	0.00360
27	0.00633	0.00453	0.00605	0.00711	0.00751	0.00424	0.00488	0.00740	0.01011	0.01355	0.08210	0.72380	0.03424	0.01535	0.00645	0.00203	0.00298	0.05238	0.00475	0.00418
28	0.27034	0.02113	0.55406	0.01203	0.01817	0.01162	0.01463	0.01566	0.01004	0.01806	0.00845	0.00992	0.00612	0.00477	0.00429	0.00159	0.00638	0.00343	0.00244	0.00686
29	0.00602	0.00512	0.00519	0.00517	0.00686	0.00429	0.00388	0.00735	0.01164	0.01393	0.08147	0.04822	0.75828	0.01271	0.00598	0.00170	0.00255	0.01061	0.00473	0.00429
30	0.00716	0.00517	0.00676	0.00636	0.00755	0.00477	0.00477	0.00954	0.01431	0.02028	0.78808	0.03777	0.04771	0.01034	0.00596	0.00159	0.00239	0.00914	0.00557	0.00477
31	0.04768	0.02004	0.41828	0.01460	0.02056	0.01296	0.15131	0.21748	0.01430	0.02054	0.01001	0.01150	0.00718	0.00504	0.00501	0.00160	0.00701	0.00431	0.00303	0.00757
32	0.01307	0.01247	0.02000	0.01531	0.01931	0.01303	0.34570	0.10949	0.35316	0.02022	0.01502	0.01577	0.01121	0.00562	0.00550	0.00169	0.00618	0.00569	0.00399	0.00755
33	0.01862	0.00741	0.00958	0.00768	0.01076	0.00660	0.00624	0.02070	0.01329	0.55628	0.01889	0.01771	0.01265	0.00615	0.00461	0.00145	0.00371	0.00497	0.26531	0.00741
34	0.01352	0.82533	0.02650	0.00865	0.01298	0.02001	0.00865	0.01514	0.01027	0.01190	0.00703	0.00811	0.00649	0.00433	0.00324	0.00108	0.00541	0.00270	0.00216	0.00649
35	0.01352	0.82533	0.02650	0.00865	0.01298	0.02001	0.00865	0.01514	0.01027	0.01190	0.00703	0.00811	0.00649	0.00433	0.00324	0.00108	0.00541	0.00270	0.00216	0.00649
36	0.01319	0.43176	0.24601	0.01054	0.01557	0.01571	0.01138	0.01755	0.10092	0.07864	0.01027	0.01086	0.00801	0.00492	0.00407	0.00135	0.00575	0.00355	0.00284	0.00713

[dist]
# distance from previous block
# <min> <max>
0	3

[block]
# block no. 3 follows, 49 sequences, length 67
# corresponding to MSA columns:
# 666-732
name=unknown_D
#
# <colnr> <probs for GDERKNQSTAVLIFYWHMCP>
#	G	D	E	R	K	N	Q	S	T	A	V	L	I	F	Y	W	H	M	C	P
0	0.01352	0.82533	0.02650	0.00865	0.01298	0.02001	0.00865	0.01514	0.01027	0.01190	0.00703	0.00811	0.00649	0.00433	0.00324	0.00108	0.00541	0.00270	0.00216	0.00649
1	0.01894	0.02248	0.01447	0.01280	0.01564	0.67340	0.00974	0.14345	0.01587	0.01556	0.00852	0.00961	0.00685	0.00535	0.00464	0.00134	0.00854	0.00347	0.00301	0.00631
2	0.00616	0.00440	0.00587	0.00704	0.00733	0.00411	0.00469	0.00704	0.00968	0.01291	0.02787	0.81899	0.03344	0.01584	0.00645	0.00205	0.00293	0.01438	0.00469	0.00411
3	0.00598	0.00512	0.00512	0.00512	0.00683	0.00427	0.00384	0.00726	0.01153	0.01366	0.05123	0.04866	0.78869	0.01281	0.00598	0.00171	0.00256	0.01067	0.00470	0.00427
4	0.00706	0.00516	0.00662	0.00625	0.00749	0.00473	0.00469	0.00935	0.01407	0.01971	0.72453	0.03871	0.11162	0.01055	0.00597	0.00160	0.00240	0.00928	0.00549	0.00473
5	0.00678	0.00515	0.00624	0.00597	0.00732	0.00461	0.00448	0.00881	0.01343	0.01817	0.55330	0.04124	0.28380	0.01112	0.00597	0.00163	0.00244	0.00963	0.00529	0.00461
6	0.01912	0.01733	0.01491	0.01208	0.01567	0.26621	0.00966	0.53374	0.02077	0.02566	0.01076	0.01118	0.00793	0.00580	0.00490	0.00145	0.00670	0.00414	0.00428	0.00773
7	0.01014	0.02616	0.79609	0.01441	0.02189	0.01174	0.01868	0.01601	0.01068	0.01601	0.00907	0.01068	0.00641	0.00480	0.00480	0.00160	0.00747	0.00374	0.00214	0.00747
8	0.02235	0.00915	0.01207	0.00925	0.01318	0.00823	0.00764	0.09739	0.01538	0.72022	0.01919	0.01672	0.01214	0.00624	0.00508	0.00156	0.00443	0.00503	0.00614	0.00861
9	0.00722	0.00542	0.00813	0.00813	0.00903	0.00632	0.00632	0.00903	0.00813	0.01174	0.01354	0.01987	0.01264	0.03792	0.80225	0.00813	0.01354	0.00542	0.00271	0.00451
10	0.01666	0.01403	0.01620	0.01280	0.01581	0.06939	0.06215	0.47974	0.01831	0.02453	0.01034	0.01177	0.00790	0.00658	0.00797	0.00169	0.20807	0.00453	0.00401	0.00752
11	0.00943	0.00471	0.00471	0.00471	0.00589	0.00471	0.00353	0.01178	0.01060	0.01885	0.01650	0.01885	0.01296	0.00589	0.00353	0.00118	0.00236	0.00471	0.85036	0.00471
12	0.00616	0.00440	0.00587	0.00704	0.00733	0.00411	0.00469	0.00704	0.00968	0.01291	0.02787	0.81899	0.03344	0.01584	0.00645	0.00205	0.00293	0.01438	0.00469	0.00411
13	0.01224	0.01280	0.02502	0.02635	0.42222	0.01239	0.38044	0.01585	0.01172	0.01636	0.00986	0.01306	0.00785	0.00439	0.00547	0.00160	0.00722	0.00521	0.00253	0.00744
14	0.01784	0.01332	0.01456	0.01138	0.01489	0.01493	0.00932	0.67071	0.02164	0.02913	0.01231	0.03307	0.00949	0.04033	0.00674	0.00172	0.06088	0.00491	0.00477	0.00805
15	0.00598	0.00512	0.00512	0.00512	0.00683	0.00427	0.00384	0.00726	0.01153	0.01366	0.05123	0.04866	0.78869	0.01281	0.00598	0.00171	0.00256	0.01067	0.00470	0.00427
16	0.02181	0.01001	0.01260	0.00966	0.01361	0.00952	0.00798	0.21393	0.01682	0.60165	0.01798	0.01593	0.01153	0.00621	0.00508	0.00155	0.00462	0.00495	0.00596	0.00860
17	0.01360	0.01070	0.04638	0.00990	0.01284	0.01066	0.02372	0.31128	0.13262	0.07340	0.02112	0.20407	0.08958	0.00901	0.00549	0.00170	0.00450	0.00762	0.00485	0.00697
18	0.00861	0.00734	0.01034	0.00955	0.01000	0.00936	0.00750	0.00989	0.00787	0.01160	0.01146	0.01877	0.01139	0.14777	0.40449	0.00553	0.29593	0.00536	0.00259	0.00465
19	0.01072	0.06709	0.73106	0.01394	0.02114	0.01203	0.01780	0.01624	0.01078	0.04067	0.00932	0.01075	0.00661	0.00483	0.00473	0.00157	0.00726	0.00373	0.00227	0.00746
20	0.05737	0.01026	0.01178	0.00936	0.03969	0.00933	0.00724	0.17230	0.04838	0.07807	0.01090	0.01166	0.00837	0.00463	0.00419	0.00108	0.00426	0.00364	0.00375	0.50372
21	0.85801	0.00978	0.00743	0.00665	0.00978	0.01134	0.00548	0.01486	0.00861	0.02269	0.00704	0.00821	0.00548	0.00469	0.00313	0.00156	0.00391	0.00274	0.00313	0.00548
22	0.01095	0.01172	0.02377	0.34752	0.02990	0.01215	0.45878	0.01484	0.01118	0.01484	0.00972	0.01357	0.00729	0.00459	0.00559	0.00170	0.00779	0.00536	0.00243	0.00632
23	0.01157	0.01199	0.01932	0.01761	0.14451	0.09612	0.31557	0.04624	0.01222	0.01589	0.03877	0.18525	0.01523	0.00752	0.00576	0.00172	0.00652	0.03864	0.00329	0.00626
24	0.02127	0.00831	0.01118	0.00867	0.01239	0.00716	0.00713	0.02317	0.01422	0.72823	0.02259	0.01987	0.07816	0.00681	0.00516	0.00158	0.00416	0.00556	0.00613	0.00824
25	0.00616	0.00440	0.00587	0.00704	0.00733	0.00411	0.00469	0.00704	0.00968	0.01291	0.02787	0.81899	0.03344	0.01584	0.00645	0.00205	0.00293	0.01438	0.00469	0.00411
26	0.00745	0.00617	0.00905	0.23583	0.04237	0.00654	0.00782	0.00927	0.01028	0.01330	0.02538	0.39371	0.14039	0.01180	0.00597	0.00190	0.00418	0.05995	0.00392	0.00473
27	0.03417	0.09033	0.07242	0.10835	0.03629	0.06641	0.09342	0.15981	0.04202	0.22779	0.01279	0.01330	0.00899	0.00545	0.00490	0.00153	0.00597	0.00452	0.00402	0.00748
28	0.01280	0.00980	0.01239	0.01061	0.01274	0.01126	0.03472	0.08178	0.23099	0.11620	0.07152	0.02223	0.07911	0.00833	0.00830	0.00184	0.20853	0.05573	0.00441	0.00671
29	0.60528	0.21597	0.01273	0.00781	0.02778	0.01366	0.00660	0.03389	0.00947	0.02006	0.00722	0.00838	0.00587	0.00463	0.00325	0.00144	0.00438	0.00281	0.00292	0.00587
30	0.09651	0.00772	0.00962	0.00791	0.01087	0.00714	0.00636	0.01884	0.04675	0.44062	0.21310	0.02372	0.07386	0.00760	0.00518	0.00159	0.00365	0.00629	0.00563	0.00703
31	0.00607	0.00506	0.00531	0.00539	0.00693	0.00429	0.00399	0.00739	0.01154	0.01404	0.09957	0.12103	0.66616	0.01293	0.00602	0.00173	0.00258	0.01092	0.00476	0.00429
32	0.01288	0.01007	0.01174	0.03489	0.04037	0.00976	0.00764	0.07099	0.27976	0.08482	0.01418	0.01424	0.01075	0.00527	0.00452	0.00126	0.00418	0.00432	0.00412	0.37422
33	0.01197	0.01145	0.01930	0.05373	0.71321	0.01146	0.01467	0.01487	0.01147	0.01621	0.01236	0.01503	0.06154	0.00509	0.00507	0.00152	0.00579	0.00493	0.00265	0.00768
34	0.00815	0.00562	0.00782	0.00879	0.00977	0.00562	0.00744	0.00989	0.01087	0.01416	0.02432	0.05144	0.02644	0.06978	0.00948	0.08324	0.00465	0.63388	0.00431	0.00431
35	0.02033	0.01239	0.01408	0.01079	0.01480	0.01305	0.00892	0.53516	0.02081	0.27478	0.01463	0.01376	0.00985	0.00613	0.00507	0.00153	0.00516	0.00472	0.00544	0.00860
36	0.01215	0.01569	0.15212	0.01954	0.02496	0.01282	0.59876	0.06816	0.01255	0.01724	0.01018	0.01306	0.00753	0.00447	0.00572	0.00168	0.00815	0.00551	0.00266	0.00705
37	0.00610	0.00513	0.00529	0.00525	0.00690	0.00432	0.00394	0.00749	0.01181	0.01433	0.12550	0.04757	0.71400	0.01256	0.00598	0.00170	0.00254	0.01052	0.00478	0.00432
38	0.00722	0.00542	0.00813	0.00813	0.00903	0.00632	0.00632	0.00903	0.00813	0.01174	0.01354	0.01987	0.01264	0.03792	0.80225	0.00813	0.01354	0.00542	0.00271	0.00451
39	0.01621	0.01163	0.01276	0.01051	0.01381	0.01277	0.00842	0.38852	0.26297	0.10253	0.01710	0.09137	0.01353	0.00727	0.00522	0.00164	0.00469	0.00591	0.00517	0.00798
40	0.01801	0.01167	0.01892	0.01487	0.05837	0.06413	0.28463	0.02081	0.01339	0.41886	0.01506	0.01512	0.01012	0.00537	0.00536	0.00159	0.00625	0.00525	0.00447	0.00774
41	0.01133	0.01246	0.02613	0.22059	0.02855	0.01240	0.58080	0.01537	0.01147	0.01537	0.00992	0.01360	0.00744	0.00446	0.00574	0.00170	0.00807	0.00560	0.00248	0.00652
42	0.01922	0.01416	0.01518	0.01163	0.01568	0.01568	0.00961	0.77388	0.02378	0.03187	0.01214	0.01214	0.00860	0.00607	0.00506	0.00152	0.00556	0.00455	0.00506	0.00860
43	0.00735	0.00490	0.00552	0.00552	0.00552	0.00490	0.00306	0.00735	0.00735	0.00980	0.01593	0.03309	0.01838	0.82229	0.02574	0.00490	0.00490	0.00735	0.00306	0.00306
44	0.01194	0.01364	0.02984	0.02131	0.02643	0.01279	0.77238	0.01620	0.01194	0.01620	0.01023	0.01364	0.00767	0.00426	0.00597	0.00171	0.00853	0.00597	0.00256	0.00682
45	0.01047	0.00903	0.00942	0.00864	0.01114	0.00993	0.00668	0.02062	0.53625	0.01877	0.03035	0.02836	0.26181	0.00875	0.00541	0.00171	0.00354	0.00730	0.00500	0.00681
46	0.01352	0.82533	0.02650	0.00865	0.01298	0.02001	0.00865	0.01514	0.01027	0.01190	0.00703	0.00811	0.00649	0.00433	0.00324	0.00108	0.00541	0.00270	0.00216	0.00649
47	0.01014	0.02616	0.79609	0.01441	0.02189	0.01174	0.01868	0.01601	0.01068	0.01601	0.00907	0.01068	0.00641	0.00480	0.00480	0.00160	0.00747	0.00374	0.00214	0.00747
48	0.02269	0.00861	0.01174	0.00900	0.01291	0.00743	0.00743	0.02464	0.01447	0.79425	0.01995	0.01721	0.01252	0.00626	0.00509	0.00156	0.00430	0.00509	0.00626	0.00861
49	0.00616	0.00440	0.00587	0.00704	0.00733	0.00411	0.00469	0.00704	0.00968	0.01291	0.02787	0.81899	0.03344	0.01584	0.00645	0.00205	0.00293	0.01438	0.00469	0.00411
50	0.01295	0.01351	0.01612	0.01347	0.01556	0.14279	0.12187	0.01876	0.25600	0.01566	0.01180	0.01361	0.00957	0.00695	0.00942	0.00183	0.30544	0.00487	0.00326	0.00656
51	0.00614	0.00447	0.00580	0.00686	0.00729	0.00412	0.00461	0.00706	0.00986	0.01298	0.03009	0.74587	0.10513	0.01555	0.00641	0.00202	0.00290	0.01402	0.00469	0.00412
52	0.00599	0.00505	0.00519	0.00530	0.00688	0.00425	0.00392	0.00724	0.01135	0.01359	0.04901	0.12178	0.71701	0.01309	0.00602	0.00174	0.00260	0.01102	0.00470	0.00425
53	0.00716	0.00517	0.00676	0.00636	0.00755	0.00477	0.00477	0.00954	0.01431	0.02028	0.78808	0.03777	0.04771	0.01034	0.00596	0.00159	0.00239	0.00914	0.00557	0.00477
54	0.00915	0.00755	0.00922	0.06374	0.01195	0.00825	0.01980	0.01580	0.32897	0.01637	0.02326	0.41910	0.02373	0.01119	0.00581	0.00188	0.00373	0.00997	0.00468	0.00587
55	0.00616	0.00440	0.00587	0.00704	0.00733	0.00411	0.00469	0.00704	0.00968	0.01291	0.02787	0.81899	0.03344	0.01584	0.00645	0.00205	0.00293	0.01438	0.00469	0.00411
56	0.00970	0.00573	0.00757	0.00679	0.00843	0.00521	0.00521	0.01201	0.01434	0.14685	0.66246	0.03441	0.04196	0.00967	0.00582	0.00159	0.00270	0.00848	0.00568	0.00540
57	0.01803	0.01698	0.01534	0.01613	0.18993	0.35619	0.01060	0.12960	0.03033	0.15178	0.01118	0.01192	0.00837	0.00539	0.00484	0.00143	0.00696	0.00409	0.00362	0.00726
58	0.01216	0.01159	0.01985	0.24828	0.35013	0.01239	0.13861	0.08676	0.01222	0.01675	0.00963	0.01289	0.00760	0.00492	0.00558	0.00161	0.03450	0.00474	0.00267	0.00711
59	0.00735	0.00490	0.00552	0.00552	0.00552	0.00490	0.00306	0.00735	0.00735	0.00980	0.01593	0.03309	0.01838	0.82229	0.02574	0.00490	0.00490	0.00735	0.00306	0.00306
60	0.85801	0.00978	0.00743	0.00665	0.00978	0.01134	0.00548	0.01486	0.00861	0.02269	0.00704	0.00821	0.00548	0.00469	0.00313	0.00156	0.00391	0.00274	0.00313	0.00548
61	0.01473	0.00904	0.01106	0.00991	0.05773	0.02413	0.00734	0.07053	0.13980	0.26599	0.20089	0.02128	0.03194	0.00699	0.00514	0.00149	0.00399	0.00589	0.00513	0.10702
62	0.01712	0.01212	0.01126	0.00958	0.01241	0.20822	0.00748	0.09651	0.01478	0.31306	0.10761	0.08850	0.06379	0.00768	0.00522	0.00155	0.00520	0.00618	0.00490	0.00681
63	0.01894	0.01255	0.01387	0.01071	0.01458	0.01342	0.00882	0.58680	0.02127	0.16746	0.01622	0.01556	0.06283	0.00657	0.00513	0.00154	0.00513	0.00507	0.00525	0.00830
64	0.00878	0.00439	0.00659	0.00659	0.00659	0.00439	0.00439	0.00659	0.00659	0.00878	0.00878	0.01537	0.00878	0.01757	0.01976	0.85288	0.00439	0.00439	0.00220	0.00220
65	0.03303	0.20600	0.13481	0.00966	0.01433	0.01259	0.00926	0.13004	0.07613	0.01818	0.00992	0.01084	0.00786	0.00468	0.00409	0.00117	0.00501	0.00349	0.00316	0.30574
66	0.01440	0.23417	0.32037	0.01184	0.01718	0.06797	0.01274	0.17926	0.01388	0.06890	0.00982	0.01063	0.00730	0.00507	0.00445	0.00142	0.00642	0.00369	0.00307	0.00742

[dist]
# distance from previous block
# <min> <max>
0	1

[block]
# block no. 4 follows, 49 sequences, length 95
# corresponding to MSA columns:
# 734-741,746-757,767-797,802-845
name=unknown_E
#
# <colnr> <probs for GDERKNQSTAVLIFYWHMCP>
#	G	D	E	R	K	N	Q	S	T	A	V	L	I	F	Y	W	H	M	C	P
0	0.01413	0.69852	0.04641	0.00938	0.01357	0.12176	0.00908	0.01582	0.01081	0.01207	0.00719	0.00831	0.00649	0.00445	0.00346	0.00112	0.00595	0.00280	0.00222	0.00643
1	0.01049	0.00899	0.01049	0.00749	0.01198	0.00674	0.00599	0.01273	0.01049	0.01648	0.00899	0.01049	0.00749	0.00374	0.00374	0.00075	0.00374	0.00300	0.00300	0.85320
2	0.01265	0.01172	0.01785	0.02480	0.55614	0.01224	0.01328	0.03173	0.23092	0.01810	0.01271	0.01432	0.01013	0.00520	0.00505	0.00156	0.00543	0.00485	0.00330	0.00802
3	0.01405	0.00780	0.00984	0.00813	0.01116	0.00673	0.00633	0.05926	0.01243	0.29279	0.01863	0.25124	0.01699	0.00834	0.00510	0.00147	0.00381	0.00718	0.00478	0.25395
4	0.00735	0.00490	0.00552	0.00552	0.00552	0.00490	0.00306	0.00735	0.00735	0.00980	0.01593	0.03309	0.01838	0.82229	0.02574	0.00490	0.00490	0.00735	0.00306	0.00306
5	0.01197	0.01257	0.01535	0.01325	0.01355	0.10663	0.01091	0.01310	0.00851	0.01219	0.00677	0.01084	0.00662	0.00843	0.01520	0.00211	0.71987	0.00429	0.00226	0.00557
6	0.03967	0.09968	0.01329	0.00891	0.01285	0.00892	0.00753	0.02337	0.01388	0.69040	0.01823	0.01600	0.01169	0.00601	0.00484	0.00151	0.00442	0.00477	0.00573	0.00830
7	0.00616	0.00440	0.00587	0.00704	0.00733	0.00411	0.00469	0.00704	0.00968	0.01291	0.02787	0.81899	0.03344	0.01584	0.00645	0.00205	0.00293	0.01438	0.00469	0.00411
8	0.00650	0.00499	0.00600	0.00639	0.00752	0.00449	0.00475	0.00799	0.01154	0.01489	0.18584	0.27595	0.33642	0.01335	0.00623	0.00186	0.00287	0.09320	0.00486	0.00436
9	0.01194	0.01364	0.02984	0.02131	0.02643	0.01279	0.77238	0.01620	0.01194	0.01620	0.01023	0.01364	0.00767	0.00426	0.00597	0.00171	0.00853	0.00597	0.00256	0.00682
10	0.00955	0.00899	0.01517	0.81013	0.03483	0.01123	0.01404	0.01292	0.01011	0.01292	0.00899	0.01348	0.00674	0.00506	0.00506	0.00169	0.00674	0.00449	0.00225	0.00562
11	0.00633	0.00509	0.00565	0.00560	0.00707	0.00441	0.00417	0.00792	0.01224	0.01557	0.26703	0.08995	0.52670	0.01225	0.00600	0.00169	0.00253	0.01044	0.00495	0.00441
12	0.06831	0.01139	0.01318	0.01016	0.01409	0.01169	0.00839	0.39102	0.01870	0.37717	0.01539	0.01422	0.01020	0.00608	0.00496	0.00154	0.00490	0.00469	0.00549	0.00843
13	0.00621	0.00444	0.00592	0.00700	0.00735	0.00414	0.00470	0.00718	0.00993	0.01330	0.06871	0.77702	0.03421	0.01555	0.00643	0.00203	0.00290	0.01409	0.00474	0.00414
14	0.01352	0.82533	0.02650	0.00865	0.01298	0.02001	0.00865	0.01514	0.01027	0.01190	0.00703	0.00811	0.00649	0.00433	0.00324	0.00108	0.00541	0.00270	0.00216	0.00649
15	0.00778	0.00540	0.00693	0.00756	0.00818	0.00540	0.00580	0.00903	0.00966	0.01267	0.02176	0.04596	0.02414	0.38808	0.01566	0.00352	0.00477	0.40989	0.00392	0.00392
16	0.01034	0.02476	0.71067	0.01518	0.02239	0.01186	0.10270	0.01603	0.01082	0.01603	0.00920	0.01101	0.00655	0.00474	0.00493	0.00161	0.00759	0.00399	0.00218	0.00740
17	0.01332	0.01123	0.01185	0.01044	0.01343	0.01292	0.00818	0.11015	0.69713	0.02235	0.01964	0.01812	0.01467	0.00677	0.00514	0.00169	0.00418	0.00559	0.00514	0.00807
18	0.01299	0.70052	0.14669	0.00955	0.01437	0.01872	0.01022	0.01528	0.01034	0.01254	0.00735	0.00851	0.00648	0.00440	0.00349	0.00116	0.00573	0.00287	0.00216	0.00664
19	0.01276	0.09465	0.01621	0.01252	0.01365	0.10882	0.01041	0.05518	0.05434	0.01374	0.00792	0.01104	0.00722	0.00770	0.01255	0.00193	0.54661	0.00420	0.00258	0.00597
20	0.01711	0.01118	0.01239	0.01025	0.01367	0.02810	0.00822	0.18644	0.37693	0.25110	0.01832	0.01673	0.01292	0.00648	0.00510	0.00162	0.00453	0.00523	0.00540	0.00826
21	0.01094	0.21418	0.61503	0.01306	0.01979	0.01369	0.01632	0.01581	0.01058	0.01505	0.00859	0.01007	0.00643	0.00469	0.00444	0.00148	0.00699	0.00349	0.00214	0.00724
22	0.00955	0.00899	0.01517	0.81013	0.03483	0.01123	0.01404	0.01292	0.01011	0.01292	0.00899	0.01348	0.00674	0.00506	0.00506	0.00169	0.00674	0.00449	0.00225	0.00562
23	0.01252	0.01201	0.02053	0.03104	0.79074	0.01201	0.01552	0.01552	0.01151	0.01652	0.00951	0.01252	0.00801	0.00451	0.00501	0.00150	0.00601	0.00451	0.00250	0.00801
24	0.00728	0.00518	0.00692	0.00692	0.00740	0.00566	0.00481	0.00825	0.00777	0.01084	0.01465	0.02599	0.01530	0.40095	0.44286	0.00663	0.00954	0.00631	0.00287	0.00384
25	0.01073	0.16497	0.66241	0.01341	0.02034	0.01318	0.01694	0.01586	0.01061	0.01530	0.00872	0.01023	0.00642	0.00472	0.00453	0.00151	0.00711	0.00356	0.00214	0.00730
26	0.00616	0.00440	0.00587	0.00704	0.00733	0.00411	0.00469	0.00704	0.00968	0.01291	0.02787	0.81899	0.03344	0.01584	0.00645	0.00205	0.00293	0.01438	0.00469	0.00411
27	0.01481	0.00629	0.00757	0.00645	0.00874	0.00582	0.00512	0.01701	0.01218	0.33380	0.01790	0.01819	0.01278	0.00604	0.00416	0.00134	0.00315	0.00486	0.50750	0.00629
28	0.03146	0.14056	0.17302	0.24393	0.14020	0.14396	0.01338	0.03057	0.01140	0.01443	0.00861	0.01108	0.00680	0.00485	0.00460	0.00148	0.00688	0.00383	0.00239	0.00658
29	0.00668	0.00533	0.00611	0.00643	0.00795	0.00475	0.00516	0.00834	0.01172	0.01447	0.08576	0.05052	0.52287	0.01301	0.00627	0.00188	0.00317	0.23044	0.00473	0.00441
30	0.00611	0.00461	0.00565	0.00648	0.00719	0.00415	0.00444	0.00710	0.01022	0.01313	0.03475	0.59197	0.25602	0.01495	0.00631	0.00195	0.00282	0.01328	0.00469	0.00415
31	0.01961	0.01199	0.01364	0.01063	0.01450	0.01265	0.00872	0.44663	0.10523	0.27893	0.01562	0.01454	0.01064	0.00622	0.00508	0.00155	0.00498	0.00486	0.00546	0.00854
32	0.01782	0.24394	0.02943	0.00974	0.01372	0.01376	0.00856	0.27621	0.01637	0.25528	0.05632	0.01393	0.01133	0.00585	0.00459	0.00141	0.00499	0.00443	0.00457	0.00777
33	0.00606	0.00479	0.00547	0.00601	0.00706	0.00419	0.00424	0.00716	0.01067	0.01331	0.04042	0.40519	0.43914	0.01421	0.00620	0.00187	0.00273	0.01239	0.00469	0.00419
34	0.00614	0.00448	0.00578	0.00683	0.00728	0.00413	0.00460	0.00707	0.00989	0.01299	0.03047	0.73311	0.11764	0.01550	0.00640	0.00202	0.00289	0.01396	0.00469	0.00413
35	0.00768	0.00610	0.00777	0.00939	0.12843	0.00579	0.00534	0.00868	0.00970	0.01258	0.05697	0.03540	0.28176	0.38607	0.01497	0.00315	0.00418	0.00812	0.00363	0.00431
36	0.01331	0.01203	0.01298	0.01131	0.01360	0.05833	0.00901	0.10626	0.46882	0.01970	0.01559	0.01570	0.01207	0.00715	0.00784	0.00179	0.19771	0.00514	0.00429	0.00736
37	0.00943	0.00471	0.00471	0.00471	0.00589	0.00471	0.00353	0.01178	0.01060	0.01885	0.01650	0.01885	0.01296	0.00589	0.00353	0.00118	0.00236	0.00471	0.85036	0.00471
38	0.01000	0.00945	0.01598	0.69118	0.15025	0.01135	0.01427	0.01332	0.01033	0.01347	0.00907	0.01333	0.00693	0.00497	0.00505	0.00166	0.00663	0.00450	0.00229	0.00598
39	0.01012	0.00963	0.01593	0.61486	0.13570	0.01182	0.01391	0.01319	0.01004	0.01333	0.00880	0.01308	0.00690	0.00540	0.00634	0.00172	0.09652	0.00449	0.00228	0.00593
40	0.01165	0.38410	0.45139	0.01183	0.01790	0.01545	0.01419	0.01562	0.01050	0.01417	0.00816	0.00953	0.00644	0.00459	0.00411	0.00137	0.00655	0.00327	0.00215	0.00703
41	0.00621	0.00482	0.00565	0.00610	0.00714	0.00426	0.00433	0.00746	0.01110	0.01419	0.13599	0.37613	0.37100	0.01379	0.00618	0.00184	0.00270	0.01206	0.00481	0.00426
42	0.00661	0.00515	0.00601	0.00579	0.00722	0.00454	0.00434	0.00849	0.01303	0.01724	0.44958	0.04278	0.38811	0.01147	0.00597	0.00164	0.00247	0.00985	0.00517	0.00454
43	0.01171	0.00825	0.00977	0.05462	0.01173	0.04566	0.00696	0.10813	0.01343	0.13505	0.19202	0.06171	0.14320	0.01300	0.11597	0.00254	0.04878	0.00712	0.00452	0.00583
44	0.01473	0.01728	0.01502	0.33782	0.06734	0.43605	0.01183	0.01697	0.01246	0.01283	0.00839	0.01108	0.00669	0.00511	0.00479	0.00147	0.00798	0.00383	0.00245	0.00588
45	0.01750	0.01388	0.01417	0.01137	0.01503	0.05942	0.00921	0.53922	0.21799	0.02801	0.01406	0.01370	0.01024	0.00622	0.00505	0.00156	0.00536	0.00478	0.00494	0.00829
46	0.00790	0.00576	0.00713	0.00724	0.00830	0.00560	0.00522	0.09328	0.01272	0.01724	0.25147	0.45518	0.07766	0.01296	0.00613	0.00184	0.00304	0.01153	0.00499	0.00481
47	0.01121	0.05950	0.53270	0.01536	0.02191	0.01248	0.18222	0.05888	0.01167	0.01677	0.00940	0.01128	0.00683	0.00471	0.00498	0.00158	0.00742	0.00421	0.00241	0.02447
48	0.76815	0.05110	0.05305	0.00719	0.01062	0.01180	0.00638	0.01494	0.00881	0.02178	0.00716	0.00835	0.00558	0.00468	0.00323	0.00154	0.00419	0.00279	0.00303	0.00564
49	0.01068	0.02238	0.56487	0.01649	0.02326	0.01206	0.24611	0.01607	0.01106	0.01607	0.00942	0.01157	0.00679	0.00464	0.00516	0.00163	0.00779	0.00441	0.00226	0.00728
50	0.00600	0.00504	0.00521	0.00534	0.00689	0.00425	0.00394	0.00723	0.01132	0.01358	0.04862	0.13454	0.70450	0.01314	0.00603	0.00175	0.00260	0.01108	0.00470	0.00425
51	0.00878	0.00439	0.00659	0.00659	0.00659	0.00439	0.00439	0.00659	0.00659	0.00878	0.00878	0.01537	0.00878	0.01757	0.01976	0.85288	0.00439	0.00439	0.00220	0.00220
52	0.01049	0.00899	0.01049	0.00749	0.01198	0.00674	0.00599	0.01273	0.01049	0.01648	0.00899	0.01049	0.00749	0.00374	0.00374	0.00075	0.00374	0.00300	0.00300	0.85320
53	0.01023	0.02554	0.75814	0.01475	0.02211	0.01180	0.05601	0.01602	0.01074	0.01602	0.00913	0.01082	0.00647	0.00478	0.00486	0.00161	0.00753	0.00385	0.00216	0.00744
54	0.01595	0.01119	0.01188	0.00952	0.01265	0.01227	0.00773	0.50614	0.06367	0.02741	0.01391	0.01451	0.01028	0.00606	0.00461	0.00143	0.00453	0.00467	0.25418	0.00742
55	0.00614	0.00447	0.00579	0.00685	0.00729	0.00412	0.00461	0.00706	0.00986	0.01298	0.03015	0.74384	0.10712	0.01555	0.00641	0.00202	0.00290	0.01401	0.00469	0.00412
56	0.00721	0.00507	0.00660	0.00670	0.00709	0.00542	0.00452	0.00801	0.00785	0.01084	0.01591	0.09000	0.01725	0.43979	0.33961	0.00599	0.00826	0.00712	0.00305	0.00374
57	0.01252	0.01201	0.02053	0.03104	0.79074	0.01201	0.01552	0.01552	0.01151	0.01652	0.00951	0.01252	0.00801	0.00451	0.00501	0.00150	0.00601	0.00451	0.00250	0.00801
58	0.77652	0.00966	0.00785	0.00688	0.01008	0.01096	0.00567	0.01582	0.00918	0.09796	0.00830	0.00909	0.00616	0.00485	0.00332	0.00156	0.00395	0.00297	0.00343	0.00578
59	0.00765	0.00491	0.00519	0.00521	0.00654	0.00452	0.00387	0.00952	0.01137	0.01673	0.12685	0.07783	0.31216	0.00963	0.00493	0.00148	0.00247	0.00807	0.37657	0.00452
60	0.42555	0.01204	0.01142	0.00922	0.01282	0.01358	0.00761	0.40620	0.01643	0.02742	0.00967	0.01024	0.00709	0.00540	0.00412	0.00154	0.00476	0.00367	0.00412	0.00709
61	0.01352	0.82533	0.02650	0.00865	0.01298	0.02001	0.00865	0.01514	0.01027	0.01190	0.00703	0.00811	0.00649	0.00433	0.00324	0.00108	0.00541	0.00270	0.00216	0.00649
62	0.00598	0.00512	0.00512	0.00512	0.00683	0.00427	0.00384	0.00726	0.01153	0.01366	0.05123	0.04866	0.78869	0.01281	0.00598	0.00171	0.00256	0.01067	0.00470	0.00427
