[name]
unknown

[dist]
# distance from previous block
# <min> <max>
25	301

[block]
# block no. 0 follows, 45 sequences, length 25
# corresponding to MSA columns:
# 329-353
name=unknown_A
#
# <colnr> <probs for GDERKNQSTAVLIFYWHMCP>
#	G	D	E	R	K	N	Q	S	T	A	V	L	I	F	Y	W	H	M	C	P
0	0.01650	0.01339	0.01362	0.01146	0.01456	0.11596	0.02989	0.38548	0.04132	0.05814	0.01779	0.16736	0.03195	0.00889	0.00575	0.00176	0.00574	0.04812	0.00490	0.00743
1	0.00887	0.03398	0.13101	0.01048	0.01258	0.00908	0.03026	0.01132	0.00923	0.01333	0.01340	0.05666	0.01270	0.06121	0.47043	0.00601	0.09534	0.00584	0.00282	0.00544
2	0.01372	0.01512	0.01712	0.01433	0.01719	0.26536	0.20250	0.03433	0.03154	0.01567	0.04218	0.04176	0.03281	0.01048	0.07037	0.00235	0.03933	0.12425	0.00344	0.00615
3	0.01103	0.02594	0.68042	0.01630	0.02389	0.01262	0.12113	0.01703	0.01152	0.01703	0.00980	0.01176	0.00698	0.00502	0.00527	0.00172	0.00809	0.00429	0.00233	0.00784
4	0.01198	0.05442	0.69358	0.01461	0.02212	0.01241	0.01848	0.01771	0.01165	0.07922	0.01050	0.01180	0.00733	0.00521	0.00506	0.00168	0.00758	0.00404	0.00262	0.00799
5	0.01065	0.01007	0.01703	0.67294	0.15845	0.01206	0.01516	0.01417	0.01098	0.01434	0.00963	0.01414	0.00738	0.00527	0.00536	0.00176	0.00703	0.00477	0.00243	0.00638
6	0.00810	0.00578	0.00802	0.00925	0.01025	0.00570	0.00769	0.01017	0.01181	0.01545	0.02873	0.25613	0.03210	0.01535	0.00727	0.00240	0.00446	0.55161	0.00495	0.00479
7	0.01014	0.00954	0.01610	0.79845	0.03697	0.01193	0.01491	0.01371	0.01073	0.01371	0.00954	0.01431	0.00716	0.00537	0.00537	0.00179	0.00716	0.00477	0.00239	0.00596
8	0.01014	0.00954	0.01610	0.79845	0.03697	0.01193	0.01491	0.01371	0.01073	0.01371	0.00954	0.01431	0.00716	0.00537	0.00537	0.00179	0.00716	0.00477	0.00239	0.00596
9	0.01285	0.01231	0.02101	0.13794	0.67625	0.01264	0.01626	0.01610	0.01202	0.01701	0.01002	0.01343	0.00832	0.00486	0.00532	0.00162	0.00648	0.00478	0.00262	0.00815
10	0.00654	0.00467	0.00623	0.00747	0.00779	0.00436	0.00498	0.00747	0.01028	0.01370	0.02959	0.80785	0.03550	0.01682	0.00685	0.00218	0.00311	0.01526	0.00498	0.00436
11	0.01267	0.01448	0.03167	0.02262	0.02805	0.01357	0.75837	0.01719	0.01267	0.01719	0.01086	0.01448	0.00814	0.00452	0.00633	0.00181	0.00905	0.00633	0.00271	0.00724
12	0.00781	0.00520	0.00585	0.00585	0.00585	0.00520	0.00325	0.00781	0.00781	0.01041	0.01691	0.03513	0.01952	0.81135	0.02732	0.00520	0.00520	0.00781	0.00325	0.00325
13	0.00800	0.00566	0.00693	0.00680	0.00696	0.00609	0.00433	0.00840	0.00797	0.01091	0.01592	0.03138	0.01776	0.63213	0.15998	0.00564	0.05106	0.00727	0.00314	0.00367
14	0.00781	0.00520	0.00585	0.00585	0.00585	0.00520	0.00325	0.00781	0.00781	0.01041	0.01691	0.03513	0.01952	0.81135	0.02732	0.00520	0.00520	0.00781	0.00325	0.00325
15	0.00865	0.00618	0.00865	0.00989	0.01112	0.00618	0.00865	0.01112	0.01236	0.01606	0.02842	0.06055	0.03089	0.01483	0.00741	0.00247	0.00494	0.74174	0.00494	0.00494
16	0.02005	0.02558	0.01521	0.01383	0.01659	0.78980	0.01037	0.02143	0.01521	0.01314	0.00830	0.00968	0.00691	0.00553	0.00484	0.00138	0.00968	0.00346	0.00277	0.00622
17	0.01113	0.00954	0.01113	0.00795	0.01272	0.00716	0.00636	0.01352	0.01113	0.01749	0.00954	0.01113	0.00795	0.00398	0.00398	0.00080	0.00398	0.00318	0.00318	0.84417
18	0.00645	0.00544	0.00558	0.00555	0.00731	0.00458	0.00416	0.00790	0.01248	0.01507	0.11317	0.05072	0.71654	0.01338	0.00634	0.00180	0.00270	0.01120	0.00506	0.00458
19	0.01077	0.02777	0.78354	0.01530	0.02323	0.01247	0.01983	0.01700	0.01133	0.01700	0.00963	0.01133	0.00680	0.00510	0.00510	0.00170	0.00793	0.00397	0.00227	0.00793
20	0.01329	0.01275	0.02179	0.03295	0.77787	0.01275	0.01647	0.01647	0.01222	0.01754	0.01010	0.01329	0.00850	0.00478	0.00531	0.00159	0.00638	0.00478	0.00266	0.00850
21	0.00932	0.00466	0.00699	0.00699	0.00699	0.00466	0.00466	0.00699	0.00699	0.00932	0.00932	0.01632	0.00932	0.01865	0.02098	0.84382	0.00466	0.00466	0.00233	0.00233
22	0.01224	0.01671	0.16969	0.02055	0.02599	0.01361	0.55908	0.01680	0.01205	0.01680	0.01031	0.01367	0.00780	0.00504	0.00705	0.00183	0.07515	0.00576	0.00260	0.00725
23	0.02408	0.00914	0.01246	0.00955	0.01370	0.00789	0.00789	0.02616	0.01536	0.78158	0.02118	0.01827	0.01329	0.00664	0.00540	0.00166	0.00457	0.00540	0.00664	0.00914
24	0.01204	0.01148	0.01954	0.33575	0.48480	0.01243	0.01585	0.01538	0.01163	0.01603	0.00988	0.01369	0.00797	0.00501	0.00533	0.00167	0.00669	0.00478	0.00255	0.00750

[dist]
# distance from previous block
# <min> <max>
0	3

[block]
# block no. 1 follows, 45 sequences, length 177
# corresponding to MSA columns:
# 357-533
name=unknown_B
#
# <colnr> <probs for GDERKNQSTAVLIFYWHMCP>
#	G	D	E	R	K	N	Q	S	T	A	V	L	I	F	Y	W	H	M	C	P
0	0.01240	0.01043	0.01200	0.00883	0.01363	0.00791	0.00692	0.01440	0.01193	0.01863	0.01082	0.01290	0.00916	0.00485	0.00454	0.00105	0.00442	0.00362	0.00361	0.82795
1	0.00767	0.00575	0.00863	0.00863	0.00959	0.00671	0.00671	0.00959	0.00863	0.01246	0.01438	0.02109	0.01342	0.04026	0.79008	0.00863	0.01438	0.00575	0.00288	0.00479
2	0.01329	0.01275	0.02179	0.03295	0.77787	0.01275	0.01647	0.01647	0.01222	0.01754	0.01010	0.01329	0.00850	0.00478	0.00531	0.00159	0.00638	0.00478	0.00266	0.00850
3	0.00781	0.00520	0.00585	0.00585	0.00585	0.00520	0.00325	0.00781	0.00781	0.01041	0.01691	0.03513	0.01952	0.81135	0.02732	0.00520	0.00520	0.00781	0.00325	0.00325
4	0.00797	0.00556	0.00724	0.00678	0.00806	0.00513	0.00506	0.01040	0.01492	0.03813	0.72921	0.03942	0.04862	0.04143	0.00711	0.00182	0.00268	0.00954	0.00582	0.00509
5	0.00760	0.00549	0.00718	0.00675	0.00802	0.00506	0.00506	0.01013	0.01519	0.02153	0.77503	0.04010	0.05065	0.01097	0.00633	0.00169	0.00253	0.00971	0.00591	0.00506
6	0.01267	0.01448	0.03167	0.02262	0.02805	0.01357	0.75837	0.01719	0.01267	0.01719	0.01086	0.01448	0.00814	0.00452	0.00633	0.00181	0.00905	0.00633	0.00271	0.00724
7	0.00699	0.00546	0.00634	0.00612	0.00765	0.00481	0.00459	0.00896	0.01376	0.01813	0.42688	0.04568	0.40092	0.01224	0.00634	0.00175	0.00262	0.01049	0.00546	0.00481
8	0.00712	0.00547	0.00651	0.00625	0.00773	0.00486	0.00469	0.00920	0.01407	0.01884	0.49995	0.04451	0.32740	0.01197	0.00634	0.00174	0.00260	0.01033	0.00556	0.00486
9	0.01329	0.01275	0.02179	0.03295	0.77787	0.01275	0.01647	0.01647	0.01222	0.01754	0.01010	0.01329	0.00850	0.00478	0.00531	0.00159	0.00638	0.00478	0.00266	0.00850
10	0.00634	0.00544	0.00544	0.00544	0.00725	0.00453	0.00408	0.00770	0.01224	0.01450	0.05438	0.05166	0.77569	0.01359	0.00634	0.00181	0.00272	0.01133	0.00498	0.00453
11	0.00717	0.00539	0.00616	0.00601	0.00715	0.00490	0.00421	0.00859	0.01211	0.01590	0.29900	0.04319	0.31900	0.22428	0.01190	0.00267	0.00331	0.00982	0.00485	0.00438
12	0.00654	0.00467	0.00623	0.00747	0.00779	0.00436	0.00498	0.00747	0.01028	0.01370	0.02959	0.80785	0.03550	0.01682	0.00685	0.00218	0.00311	0.01526	0.00498	0.00436
13	0.00760	0.00549	0.00718	0.00675	0.00802	0.00506	0.00506	0.01013	0.01519	0.02153	0.77503	0.04010	0.05065	0.01097	0.00633	0.00169	0.00253	0.00971	0.00591	0.00506
14	0.01335	0.01153	0.01214	0.01092	0.01396	0.01335	0.00850	0.02852	0.76817	0.02245	0.02185	0.02003	0.01639	0.00728	0.00546	0.00182	0.00425	0.00607	0.00546	0.00850
15	0.00775	0.00562	0.00755	0.00860	0.00960	0.00542	0.00694	0.00965	0.01185	0.01547	0.06738	0.28786	0.09963	0.01514	0.00709	0.00229	0.00407	0.41836	0.00501	0.00473
16	0.01267	0.01448	0.03167	0.02262	0.02805	0.01357	0.75837	0.01719	0.01267	0.01719	0.01086	0.01448	0.00814	0.00452	0.00633	0.00181	0.00905	0.00633	0.00271	0.00724
17	0.00654	0.00467	0.00623	0.00747	0.00779	0.00436	0.00498	0.00747	0.01028	0.01370	0.02959	0.80785	0.03550	0.01682	0.00685	0.00218	0.00311	0.01526	0.00498	0.00436
18	0.01001	0.00500	0.00500	0.00500	0.00625	0.00500	0.00375	0.01251	0.01126	0.02001	0.01751	0.02001	0.01376	0.00625	0.00375	0.00125	0.00250	0.00500	0.84115	0.00500
19	0.00654	0.00467	0.00623	0.00747	0.00779	0.00436	0.00498	0.00747	0.01028	0.01370	0.02959	0.80785	0.03550	0.01682	0.00685	0.00218	0.00311	0.01526	0.00498	0.00436
20	0.00781	0.00520	0.00585	0.00585	0.00585	0.00520	0.00325	0.00781	0.00781	0.01041	0.01691	0.03513	0.01952	0.81135	0.02732	0.00520	0.00520	0.00781	0.00325	0.00325
21	0.02408	0.00914	0.01246	0.00955	0.01370	0.00789	0.00789	0.02616	0.01536	0.78158	0.02118	0.01827	0.01329	0.00664	0.00540	0.00166	0.00457	0.00540	0.00664	0.00914
22	0.01174	0.01174	0.01644	0.01409	0.01409	0.01644	0.01174	0.01292	0.00822	0.01292	0.00705	0.01174	0.00705	0.00940	0.01762	0.00235	0.80153	0.00470	0.00235	0.00587
23	0.02029	0.01477	0.01589	0.01223	0.01648	0.01630	0.01009	0.71711	0.04819	0.05385	0.01339	0.01326	0.00947	0.00648	0.00537	0.00162	0.00582	0.00489	0.00541	0.00911
24	0.01014	0.00954	0.01610	0.79845	0.03697	0.01193	0.01491	0.01371	0.01073	0.01371	0.00954	0.01431	0.00716	0.00537	0.00537	0.00179	0.00716	0.00477	0.00239	0.00596
25	0.00767	0.00575	0.00863	0.00863	0.00959	0.00671	0.00671	0.00959	0.00863	0.01246	0.01438	0.02109	0.01342	0.04026	0.79008	0.00863	0.01438	0.00575	0.00288	0.00479
26	0.01736	0.02071	0.01370	0.01261	0.01526	0.55826	0.00960	0.02122	0.14544	0.01504	0.01446	0.01731	0.04946	0.00692	0.00521	0.00156	0.00804	0.05790	0.00350	0.00644
27	0.01174	0.01174	0.01644	0.01409	0.01409	0.01644	0.01174	0.01292	0.00822	0.01292	0.00705	0.01174	0.00705	0.00940	0.01762	0.00235	0.80153	0.00470	0.00235	0.00587
28	0.00679	0.00546	0.00606	0.00591	0.00753	0.00472	0.00443	0.00857	0.01329	0.01701	0.31201	0.04753	0.51649	0.01266	0.00634	0.00177	0.00265	0.01075	0.00532	0.00472
29	0.02005	0.02558	0.01521	0.01383	0.01659	0.78980	0.01037	0.02143	0.01521	0.01314	0.00830	0.00968	0.00691	0.00553	0.00484	0.00138	0.00968	0.00346	0.00277	0.00622
30	0.00767	0.00575	0.00863	0.00863	0.00959	0.00671	0.00671	0.00959	0.00863	0.01246	0.01438	0.02109	0.01342	0.04026	0.79008	0.00863	0.01438	0.00575	0.00288	0.00479
31	0.01378	0.01174	0.01238	0.01101	0.01412	0.01355	0.00860	0.07281	0.72319	0.02314	0.02131	0.01960	0.01595	0.00723	0.00546	0.00181	0.00435	0.00599	0.00546	0.00853
32	0.23213	0.00618	0.00723	0.00701	0.00789	0.00662	0.00497	0.00932	0.00756	0.01324	0.00883	0.01430	0.00839	0.01502	0.01630	0.62043	0.00453	0.00420	0.00259	0.00325
33	0.01435	0.81458	0.02813	0.00918	0.01378	0.02124	0.00918	0.01607	0.01091	0.01263	0.00746	0.00861	0.00689	0.00459	0.00344	0.00115	0.00574	0.00287	0.00230	0.00689
34	0.02005	0.02558	0.01521	0.01383	0.01659	0.78980	0.01037	0.02143	0.01521	0.01314	0.00830	0.00968	0.00691	0.00553	0.00484	0.00138	0.00968	0.00346	0.00277	0.00622
35	0.01093	0.01003	0.01513	0.60471	0.03131	0.01228	0.01333	0.01736	0.19708	0.01587	0.01257	0.01572	0.00943	0.00584	0.00539	0.00180	0.00644	0.00509	0.00314	0.00659
36	0.00713	0.00539	0.00610	0.00597	0.00713	0.00488	0.00418	0.00851	0.01201	0.01567	0.27529	0.04357	0.34285	0.22437	0.01190	0.00267	0.00332	0.00988	0.00482	0.00436
37	0.01984	0.01008	0.01233	0.01009	0.01380	0.01005	0.00813	0.02710	0.31322	0.48122	0.02144	0.01897	0.01451	0.00690	0.00542	0.00172	0.00444	0.00566	0.00618	0.00888
38	0.00781	0.00520	0.00585	0.00585	0.00585	0.00520	0.00325	0.00781	0.00781	0.01041	0.01691	0.03513	0.01952	0.81135	0.02732	0.00520	0.00520	0.00781	0.00325	0.00325
39	0.02041	0.01504	0.01611	0.01235	0.01665	0.01665	0.01020	0.75997	0.02524	0.03383	0.01289	0.01289	0.00913	0.00644	0.00537	0.00161	0.00591	0.00483	0.00537	0.00913
40	0.01174	0.01174	0.01644	0.01409	0.01409	0.01644	0.01174	0.01292	0.00822	0.01292	0.00705	0.01174	0.00705	0.00940	0.01762	0.00235	0.80153	0.00470	0.00235	0.00587
41	0.00665	0.00475	0.00635	0.00760	0.00795	0.00445	0.00517	0.00766	0.01038	0.01382	0.02953	0.77017	0.03527	0.01672	0.00688	0.00219	0.00321	0.05189	0.00498	0.00439
42	0.00781	0.00520	0.00585	0.00585	0.00585	0.00520	0.00325	0.00781	0.00781	0.01041	0.01691	0.03513	0.01952	0.81135	0.02732	0.00520	0.00520	0.00781	0.00325	0.00325
43	0.00654	0.00467	0.00623	0.00747	0.00779	0.00436	0.00498	0.00747	0.01028	0.01370	0.02959	0.80785	0.03550	0.01682	0.00685	0.00218	0.00311	0.01526	0.00498	0.00436
44	0.01077	0.01019	0.01741	0.59513	0.17989	0.01192	0.03821	0.01426	0.01115	0.01466	0.01041	0.01588	0.00835	0.00559	0.00546	0.00178	0.00698	0.03295	0.00255	0.00646
45	0.76612	0.01191	0.00862	0.00774	0.01100	0.09003	0.00627	0.01635	0.00974	0.02299	0.00756	0.00882	0.00592	0.00504	0.00347	0.00163	0.00471	0.00296	0.00327	0.00585
46	0.00932	0.00466	0.00699	0.00699	0.00699	0.00466	0.00466	0.00699	0.00699	0.00932	0.00932	0.01632	0.00932	0.01865	0.02098	0.84382	0.00466	0.00466	0.00233	0.00233
47	0.01489	0.72491	0.02637	0.00930	0.01378	0.02003	0.00907	0.01732	0.04975	0.05968	0.00903	0.00978	0.00776	0.00485	0.00367	0.00121	0.00559	0.00319	0.00272	0.00711
48	0.01554	0.01255	0.04222	0.01027	0.01415	0.01245	0.00864	0.46332	0.01994	0.02661	0.02260	0.02217	0.19749	0.00788	0.00544	0.00157	0.00498	0.00621	0.00491	0.10104
49	0.01760	0.01559	0.10068	0.01233	0.01672	0.01537	0.01086	0.49720	0.20646	0.02916	0.01473	0.01447	0.01065	0.00650	0.00536	0.00167	0.00572	0.00504	0.00505	0.00884
50	0.00961	0.00834	0.01344	0.51654	0.02773	0.00987	0.01267	0.01279	0.01131	0.01455	0.01629	0.03084	0.01564	0.00875	0.00610	0.00203	0.00636	0.26823	0.00330	0.00560
51	0.01077	0.02777	0.78354	0.01530	0.02323	0.01247	0.01983	0.01700	0.01133	0.01700	0.00963	0.01133	0.00680	0.00510	0.00510	0.00170	0.00793	0.00397	0.00227	0.00793
52	0.00785	0.00575	0.00739	0.00694	0.00828	0.00543	0.00522	0.01094	0.04838	0.02157	0.74184	0.03921	0.04914	0.01081	0.00629	0.00169	0.00261	0.00955	0.00589	0.00522
53	0.01415	0.02502	0.50903	0.01450	0.02087	0.14593	0.01642	0.15655	0.01459	0.01948	0.01001	0.01134	0.00725	0.00542	0.00511	0.00163	0.00785	0.00404	0.00293	0.00786
54	0.01903	0.01618	0.01521	0.01234	0.01614	0.14800	0.00991	0.49727	0.16232	0.02817	0.01378	0.01367	0.01011	0.00644	0.00530	0.00161	0.00624	0.00483	0.00494	0.00851
55	0.00767	0.00575	0.00863	0.00863	0.00959	0.00671	0.00671	0.00959	0.00863	0.01246	0.01438	0.02109	0.01342	0.04026	0.79008	0.00863	0.01438	0.00575	0.00288	0.00479
56	0.01113	0.00954	0.01113	0.00795	0.01272	0.00716	0.00636	0.01352	0.01113	0.01749	0.00954	0.01113	0.00795	0.00398	0.00398	0.00080	0.00398	0.00318	0.00318	0.84417
57	0.01113	0.00954	0.01113	0.00795	0.01272	0.00716	0.00636	0.01352	0.01113	0.01749	0.00954	0.01113	0.00795	0.00398	0.00398	0.00080	0.00398	0.00318	0.00318	0.84417
58	0.01836	0.01735	0.28907	0.01234	0.01788	0.01183	0.01277	0.21577	0.01652	0.31170	0.01487	0.01438	0.00988	0.00604	0.00528	0.00166	0.00612	0.00474	0.00474	0.00870
59	0.00936	0.00734	0.00870	0.00803	0.00984	0.00761	0.00612	0.01577	0.24603	0.02181	0.54414	0.03394	0.04015	0.00984	0.00606	0.00173	0.00306	0.00859	0.00577	0.00612
60	0.84927	0.01038	0.00789	0.00706	0.01038	0.01204	0.00581	0.01578	0.00914	0.02408	0.00747	0.00872	0.00581	0.00498	0.00332	0.00166	0.00415	0.00291	0.00332	0.00581
61	0.01113	0.00954	0.01113	0.00795	0.01272	0.00716	0.00636	0.01352	0.01113	0.01749	0.00954	0.01113	0.00795	0.00398	0.00398	0.00080	0.00398	0.00318	0.00318	0.84417
62	0.00731	0.00499	0.00600	0.00650	0.00662	0.00487	0.00394	0.00767	0.00878	0.01171	0.02193	0.34087	0.02584	0.49698	0.01922	0.00401	0.00438	0.01076	0.00394	0.00369
63	0.02277	0.01124	0.01376	0.01055	0.01476	0.01102	0.00872	0.28849	0.01889	0.51427	0.01821	0.01635	0.01180	0.00657	0.00539	0.00164	0.00505	0.00520	0.00619	0.00913
64	0.00692	0.00496	0.00657	0.00722	0.00787	0.00461	0.00501	0.00842	0.01204	0.01650	0.29608	0.53338	0.04092	0.01473	0.00667	0.00200	0.00291	0.01328	0.00531	0.00461
65	0.00767	0.00575	0.00863	0.00863	0.00959	0.00671	0.00671	0.00959	0.00863	0.01246	0.01438	0.02109	0.01342	0.04026	0.79008	0.00863	0.01438	0.00575	0.00288	0.00479
66	0.00932	0.01317	0.24720	0.01139	0.03791	0.00853	0.01096	0.01404	0.09619	0.01729	0.12327	0.21449	0.02495	0.01063	0.00614	0.00196	0.00507	0.13701	0.00425	0.00625
67	0.01097	0.01023	0.01659	0.02297	0.47393	0.00994	0.04058	0.01371	0.01258	0.01726	0.10571	0.02596	0.18505	0.00766	0.00574	0.00168	0.00520	0.02355	0.00359	0.00710
68	0.01721	0.21347	0.12527	0.01214	0.01699	0.01642	0.03963	0.37046	0.05004	0.07023	0.01190	0.01230	0.00877	0.00578	0.00490	0.00153	0.00611	0.00437	0.00416	0.00831
69	0.01167	0.22593	0.59329	0.01376	0.02085	0.01468	0.01715	0.01677	0.01123	0.01590	0.00909	0.01065	0.00682	0.00497	0.00468	0.00156	0.00738	0.00369	0.00227	0.00767
70	0.00780	0.00524	0.00602	0.00602	0.00608	0.00530	0.00346	0.00791	0.00786	0.01053	0.01676	0.03428	0.01915	0.76467	0.07350	0.00541	0.00576	0.00768	0.00323	0.00335
71	0.00786	0.00526	0.00635	0.00635	0.00650	0.00542	0.00387	0.00805	0.00790	0.01068	0.01612	0.03194	0.01803	0.64857	0.14808	0.04846	0.00663	0.00732	0.00315	0.00345
72	0.01562	0.37806	0.03974	0.05052	0.16945	0.15012	0.01138	0.07075	0.01310	0.04252	0.00915	0.01070	0.00761	0.00504	0.00439	0.00137	0.00663	0.00370	0.00283	0.00732
73	0.01335	0.01153	0.01214	0.01092	0.01396	0.01335	0.00850	0.02852	0.76817	0.02245	0.02185	0.02003	0.01639	0.00728	0.00546	0.00182	0.00425	0.00607	0.00546	0.00850
74	0.00678	0.00543	0.00606	0.00596	0.00753	0.00471	0.00445	0.00853	0.01318	0.01689	0.30162	0.07441	0.49989	0.01281	0.00636	0.00178	0.00267	0.01091	0.00530	0.00471
75	0.01371	0.51083	0.02947	0.01429	0.01920	0.01833	0.29361	0.01650	0.01158	0.01436	0.00875	0.01084	0.00737	0.00457	0.00454	0.00140	0.00700	0.00419	0.00246	0.00702
76	0.00768	0.00571	0.00840	0.00840	0.00928	0.00658	0.00642	0.00944	0.00856	0.01229	0.01459	0.02226	0.01393	0.10436	0.72667	0.00834	0.01362	0.00592	0.00291	0.00466
77	0.02408	0.00914	0.01246	0.00955	0.01370	0.00789	0.00789	0.02616	0.01536	0.78158	0.02118	0.01827	0.01329	0.00664	0.00540	0.00166	0.00457	0.00540	0.00664	0.00914
78	0.00986	0.00601	0.00736	0.00683	0.00869	0.00529	0.00519	0.01174	0.01369	0.14799	0.31656	0.11496	0.30188	0.01174	0.00623	0.00178	0.00300	0.01009	0.00561	0.00550
79	0.01511	0.30157	0.07257	0.07299	0.05195	0.11301	0.02438	0.03251	0.01226	0.12936	0.01143	0.02799	0.00929	0.00937	0.09212	0.00224	0.00733	0.00430	0.00322	0.00699
80	0.84927	0.01038	0.00789	0.00706	0.01038	0.01204	0.00581	0.01578	0.00914	0.02408	0.00747	0.00872	0.00581	0.00498	0.00332	0.00166	0.00415	0.00291	0.00332	0.00581
81	0.00768	0.00569	0.00832	0.00832	0.00917	0.00654	0.00632	0.00939	0.00854	0.01223	0.01466	0.02265	0.01410	0.12622	0.70505	0.00825	0.01336	0.00598	0.00292	0.00462
82	0.20208	0.03528	0.03001	0.01015	0.03106	0.00964	0.03659	0.02282	0.01361	0.52952	0.01687	0.01548	0.01102	0.00606	0.00491	0.00165	0.00480	0.00477	0.00545	0.00823
83	0.01975	0.02411	0.01499	0.01352	0.01637	0.70663	0.01020	0.03985	0.06084	0.03155	0.00952	0.01058	0.00768	0.00568	0.00490	0.00142	0.00915	0.00369	0.00308	0.00650
84	0.00722	0.00521	0.00688	0.00741	0.00827	0.00487	0.00544	0.00900	0.01258	0.01717	0.33015	0.37870	0.06834	0.01410	0.00669	0.00200	0.00309	0.10278	0.00535	0.00472
85	0.06057	0.01521	0.01473	0.01152	0.01565	0.11351	0.00935	0.50074	0.02074	0.02791	0.01146	0.01197	0.00848	0.00583	0.00496	0.00145	0.00597	0.00428	0.00456	0.15112
86	0.01084	0.01206	0.07761	0.51310	0.03266	0.01218	0.20808	0.01483	0.01130	0.01506	0.01014	0.01431	0.00759	0.00516	0.00555	0.00177	0.00756	0.00512	0.02868	0.00641
87	0.02186	0.01270	0.01466	0.01124	0.01548	0.01318	0.00929	0.46962	0.02133	0.32969	0.01617	0.01502	0.01077	0.00652	0.00538	0.00163	0.00538	0.00506	0.00587	0.00913
88	0.00634	0.00544	0.00544	0.00544	0.00725	0.00453	0.00408	0.00770	0.01224	0.01450	0.05438	0.05166	0.77569	0.01359	0.00634	0.00181	0.00272	0.01133	0.00498	0.00453
89	0.84927	0.01038	0.00789	0.00706	0.01038	0.01204	0.00581	0.01578	0.00914	0.02408	0.00747	0.00872	0.00581	0.00498	0.00332	0.00166	0.00415	0.00291	0.00332	0.00581
90	0.01113	0.00954	0.01113	0.00795	0.01272	0.00716	0.00636	0.01352	0.01113	0.01749	0.00954	0.01113	0.00795	0.00398	0.00398	0.00080	0.00398	0.00318	0.00318	0.84417
91	0.00767	0.00575	0.00863	0.00863	0.00959	0.00671	0.00671	0.00959	0.00863	0.01246	0.01438	0.02109	0.01342	0.04026	0.79008	0.00863	0.01438	0.00575	0.00288	0.00479
92	0.01599	0.40567	0.02094	0.01017	0.01416	0.01765	0.00905	0.30953	0.01626	0.02085	0.01059	0.01277	0.00898	0.06677	0.03744	0.00193	0.00611	0.00413	0.00361	0.00742
93	0.00767	0.00573	0.00851	0.00851	0.00942	0.00664	0.00656	0.00951	0.00859	0.01237	0.01449	0.02170	0.01368	0.07365	0.75705	0.00848	0.01398	0.00584	0.00289	0.00473
94	0.01257	0.00950	0.01128	0.00813	0.01283	0.00724	0.00653	0.01493	0.01160	0.10267	0.01084	0.01193	0.00855	0.00427	0.00413	0.00089	0.00404	0.00343	0.00357	0.75108
95	0.01411	0.01313	0.01249	0.01125	0.01426	0.10148	0.00871	0.02772	0.68270	0.02140	0.02031	0.01885	0.01531	0.00708	0.00539	0.00177	0.00486	0.00577	0.00516	0.00824
96	0.01302	0.12409	0.27834	0.02962	0.04816	0.05959	0.02982	0.03154	0.01172	0.06404	0.01030	0.03084	0.00830	0.00569	0.00605	0.00152	0.08712	0.00421	0.00290	0.15313
97	0.01707	0.43850	0.02197	0.01140	0.01512	0.38758	0.00975	0.01863	0.01296	0.01287	0.00786	0.00912	0.00690	0.00504	0.00411	0.00126	0.00762	0.00315	0.00252	0.00657
98	0.02005	0.02558	0.01521	0.01383	0.01659	0.78980	0.01037	0.02143	0.01521	0.01314	0.00830	0.00968	0.00691	0.00553	0.00484	0.00138	0.00968	0.00346	0.00277	0.00622
99	0.01428	0.01369	0.08764	0.01159	0.01531	0.01382	0.00988	0.15019	0.57003	0.02384	0.01916	0.01799	0.01424	0.00693	0.00541	0.00177	0.00488	0.00566	0.00514	0.00855
100	0.00859	0.00614	0.00856	0.00970	0.01093	0.00611	0.00843	0.01106	0.01253	0.01639	0.07362	0.05931	0.03209	0.01460	0.00735	0.00242	0.00480	0.69742	0.00500	0.00495
101	0.11116	0.00943	0.01144	0.00867	0.01296	0.00807	0.00708	0.02020	0.01306	0.40705	0.01523	0.01450	0.01043	0.00545	0.00463	0.00133	0.00430	0.00428	0.00496	0.32578
102	0.01176	0.01034	0.01124	0.00829	0.01278	0.05447	0.00658	0.01409	0.01163	0.03153	0.04146	0.01238	0.00976	0.00441	0.00415	0.00088	0.00427	0.00351	0.00333	0.74316
103	0.00735	0.00533	0.00710	0.00816	0.00898	0.00508	0.00626	0.00897	0.01145	0.01503	0.06917	0.43185	0.09560	0.01552	0.00699	0.00223	0.00372	0.28156	0.00502	0.00462
104	0.01283	0.01303	0.05825	0.12098	0.34257	0.01346	0.07027	0.05078	0.12067	0.01782	0.01146	0.01415	0.00918	0.00591	0.00707	0.00178	0.11392	0.00503	0.00309	0.00773
105	0.00668	0.00473	0.00619	0.00729	0.00757	0.00445	0.00479	0.00751	0.01000	0.01334	0.02818	0.72210	0.03373	0.10499	0.00912	0.00252	0.00335	0.01443	0.00479	0.00424
106	0.01001	0.00500	0.00500	0.00500	0.00625	0.00500	0.00375	0.01251	0.01126	0.02001	0.01751	0.02001	0.01376	0.00625	0.00375	0.00125	0.00250	0.00500	0.84115	0.00500
107	0.00690	0.00491	0.00655	0.00773	0.00816	0.00466	0.00541	0.00801	0.01045	0.01387	0.02878	0.66265	0.03404	0.05701	0.00797	0.00238	0.00348	0.11777	0.00489	0.00439
108	0.00957	0.00906	0.01738	0.01394	0.01660	0.00932	0.29208	0.01247	0.01016	0.01426	0.01304	0.01858	0.01142	0.02669	0.49253	0.00604	0.01236	0.00597	0.00281	0.00572
109	0.01617	0.02034	0.06203	0.27686	0.02383	0.48205	0.01246	0.01858	0.01348	0.01356	0.00879	0.01133	0.00699	0.00545	0.00503	0.00154	0.00873	0.00393	0.00261	0.00624
110	0.00767	0.00575	0.00863	0.00863	0.00959	0.00671	0.00671	0.00959	0.00863	0.01246	0.01438	0.02109	0.01342	0.04026	0.79008	0.00863	0.01438	0.00575	0.00288	0.00479
111	0.01158	0.01107	0.01896	0.44377	0.36277	0.01233	0.03270	0.01501	0.01143	0.01548	0.00982	0.01386	0.00777	0.00509	0.00537	0.00170	0.00686	0.00481	0.00251	0.00711
112	0.01169	0.22101	0.57949	0.01397	0.02102	0.01465	0.03510	0.01678	0.01126	0.01593	0.00913	0.01074	0.00685	0.00496	0.00472	0.00157	0.00742	0.00375	0.00228	0.00766
113	0.84927	0.01038	0.00789	0.00706	0.01038	0.01204	0.00581	0.01578	0.00914	0.02408	0.00747	0.00872	0.00581	0.00498	0.00332	0.00166	0.00415	0.00291	0.00332	0.00581
114	0.01253	0.01080	0.01137	0.01029	0.01317	0.01230	0.00798	0.02606	0.67691	0.02165	0.04192	0.02359	0.09188	0.00799	0.00557	0.00182	0.00406	0.00667	0.00543	0.00803
115	0.00648	0.00544	0.00563	0.00558	0.00734	0.00459	0.00419	0.00797	0.01257	0.01528	0.13472	0.05037	0.69486	0.01330	0.00634	0.00180	0.00270	0.01115	0.00509	0.00459
116	0.00781	0.00520	0.00585	0.00585	0.00585	0.00520	0.00325	0.00781	0.00781	0.01041	0.01691	0.03513	0.01952	0.81135	0.02732	0.00520	0.00520	0.00781	0.00325	0.00325
117	0.84927	0.01038	0.00789	0.00706	0.01038	0.01204	0.00581	0.01578	0.00914	0.02408	0.00747	0.00872	0.00581	0.00498	0.00332	0.00166	0.00415	0.00291	0.00332	0.00581
118	0.00780	0.00522	0.00593	0.00593	0.00596	0.00525	0.00335	0.00785	0.00783	0.01046	0.01684	0.03475	0.01935	0.79034	0.04811	0.00530	0.00545	0.00775	0.00324	0.00329
119	0.02005	0.02558	0.01521	0.01383	0.01659	0.78980	0.01037	0.02143	0.01521	0.01314	0.00830	0.00968	0.00691	0.00553	0.00484	0.00138	0.00968	0.00346	0.00277	0.00622
120	0.01077	0.02777	0.78354	0.01530	0.02323	0.01247	0.01983	0.01700	0.01133	0.01700	0.00963	0.01133	0.00680	0.00510	0.00510	0.00170	0.00793	0.00397	0.00227	0.00793
121	0.02041	0.01504	0.01611	0.01235	0.01665	0.01665	0.01020	0.75997	0.02524	0.03383	0.01289	0.01289	0.00913	0.00644	0.00537	0.00161	0.00591	0.00483	0.00537	0.00913
122	0.00767	0.00575	0.00863	0.00863	0.00959	0.00671	0.00671	0.00959	0.00863	0.01246	0.01438	0.02109	0.01342	0.04026	0.79008	0.00863	0.01438	0.00575	0.00288	0.00479
123	0.00673	0.00545	0.00597	0.00584	0.00749	0.00470	0.00438	0.00845	0.01314	0.01665	0.27530	0.04812	0.55342	0.01279	0.00634	0.00177	0.00266	0.01083	0.00527	0.00470
124	0.00781	0.00520	0.00585	0.00585	0.00585	0.00520	0.00325	0.00781	0.00781	0.01041	0.01691	0.03513	0.01952	0.81135	0.02732	0.00520	0.00520	0.00781	0.00325	0.00325
125	0.01789	0.32512	0.02012	0.01207	0.01553	0.49802	0.00992	0.01940	0.01358	0.01294	0.00798	0.00927	0.00690	0.00518	0.00431	0.00129	0.00818	0.00323	0.00259	0.00648
126	0.01149	0.00975	0.01132	0.00812	0.01287	0.00752	0.00651	0.04201	0.01167	0.01812	0.00967	0.01120	0.00800	0.00407	0.00403	0.00083	0.00405	0.00324	0.00326	0.81229
127	0.01140	0.08191	0.40164	0.01437	0.01884	0.01454	0.03233	0.01525	0.01022	0.01520	0.02346	0.01191	0.00779	0.00679	0.00978	0.00191	0.30897	0.00432	0.00238	0.00700
128	0.00637	0.00544	0.00547	0.00546	0.00727	0.00454	0.00410	0.00775	0.01229	0.01464	0.06878	0.05143	0.76120	0.01354	0.00634	0.00181	0.00272	0.01130	0.00500	0.00454
129	0.01310	0.55234	0.12091	0.00996	0.01447	0.01775	0.01012	0.01676	0.08459	0.01467	0.05590	0.01251	0.01073	0.00684	0.03796	0.00164	0.00605	0.00386	0.00284	0.00698
130	0.01153	0.01840	0.37954	0.05996	0.01900	0.01171	0.01386	0.08432	0.16991	0.01966	0.08936	0.06999	0.01528	0.00706	0.00545	0.00175	0.00608	0.00586	0.00376	0.00751
131	0.00745	0.00552	0.00751	0.00877	0.05448	0.00523	0.00574	0.00898	0.01173	0.01601	0.23706	0.43053	0.05190	0.07610	0.00822	0.00225	0.00340	0.04941	0.00497	0.00476
132	0.01001	0.00500	0.00500	0.00500	0.00625	0.00500	0.00375	0.01251	0.01126	0.02001	0.01751	0.02001	0.01376	0.00625	0.00375	0.00125	0.00250	0.00500	0.84115	0.00500
133	0.00890	0.01625	0.38503	0.01147	0.01576	0.00862	0.02796	0.01276	0.01168	0.01671	0.14672	0.27278	0.02355	0.00986	0.00590	0.00185	0.00548	0.00863	0.00377	0.00628
134	0.01409	0.17307	0.01657	0.09023	0.07918	0.06057	0.00978	0.18680	0.01443	0.04377	0.01434	0.03445	0.05634	0.01087	0.09907	0.01921	0.02012	0.02044	0.00360	0.03305
135	0.00672	0.00482	0.00641	0.00754	0.00799	0.00451	0.00519	0.00784	0.01069	0.01426	0.06800	0.70791	0.05125	0.01633	0.00685	0.00217	0.00319	0.05888	0.00503	0.00443
136	0.01131	0.07035	0.01248	0.00895	0.01258	0.03369	0.00724	0.01474	0.08540	0.01639	0.01126	0.01350	0.00956	0.01087	0.13898	0.00236	0.04671	0.00397	0.00323	0.48644
137	0.10855	0.01126	0.01641	0.03158	0.04085	0.01022	0.18108	0.06998	0.01257	0.06533	0.01057	0.01233	0.00816	0.00462	0.00471	0.00129	0.00550	0.00422	0.00342	0.39736
138	0.01994	0.04174	0.01551	0.01369	0.01654	0.74958	0.01034	0.04441	0.01544	0.01377	0.00842	0.00976	0.00698	0.00554	0.00483	0.00139	0.00948	0.00349	0.00284	0.00633
139	0.00835	0.09568	0.00951	0.00702	0.00866	0.00687	0.00552	0.01079	0.01472	0.02053	0.68947	0.03659	0.04577	0.01026	0.00601	0.00163	0.00289	0.00895	0.00551	0.00527
140	0.01395	0.01173	0.01242	0.01095	0.01407	0.01346	0.00858	0.10868	0.66263	0.02368	0.04440	0.01987	0.01666	0.00731	0.00548	0.00179	0.00438	0.00605	0.00547	0.00846
141	0.01394	0.04209	0.03155	0.05091	0.03092	0.03628	0.00887	0.14005	0.31996	0.06828	0.17645	0.02159	0.02070	0.00752	0.00551	0.00170	0.00468	0.00625	0.00511	0.00764
142	0.05223	0.05812	0.00880	0.00746	0.00959	0.14003	0.00579	0.01115	0.01250	0.01482	0.05414	0.06873	0.48526	0.01135	0.00582	0.00173	0.00426	0.03879	0.00438	0.00505
143	0.84927	0.01038	0.00789	0.00706	0.01038	0.01204	0.00581	0.01578	0.00914	0.02408	0.00747	0.00872	0.00581	0.00498	0.00332	0.00166	0.00415	0.00291	0.00332	0.00581
144	0.01107	0.00819	0.00948	0.00817	0.01037	0.00828	0.00639	0.22290	0.01765	0.02407	0.46065	0.03393	0.13723	0.01004	0.00606	0.00168	0.00352	0.00854	0.00563	0.00615
145	0.01164	0.01997	0.36239	0.07784	0.02660	0.01296	0.37635	0.01685	0.01193	0.01685	0.01022	0.01308	0.00748	0.00484	0.00572	0.00176	0.00841	0.00517	0.00249	0.00745
146	0.01813	0.03183	0.05658	0.03971	0.23465	0.16487	0.05057	0.06541	0.01447	0.25110	0.01325	0.01397	0.00952	0.00561	0.00525	0.00159	0.00667	0.00471	0.00403	0.00809
147	0.00767	0.00574	0.00856	0.00856	0.00949	0.00667	0.00662	0.00954	0.00861	0.01241	0.01444	0.02144	0.01357	0.05947	0.77108	0.00854	0.01415	0.00580	0.00289	0.00475
148	0.00654	0.00467	0.00623	0.00747	0.00779	0.00436	0.00498	0.00747	0.01028	0.01370	0.02959	0.80785	0.03550	0.01682	0.00685	0.00218	0.00311	0.01526	0.00498	0.00436
149	0.01298	0.01276	0.04975	0.15376	0.16936	0.03466	0.09917	0.07456	0.01204	0.04569	0.01125	0.03229	0.02588	0.00688	0.00898	0.00189	0.23285	0.00528	0.00299	0.00697
150	0.01351	0.17915	0.10943	0.01941	0.10728	0.01518	0.38243	0.07726	0.01314	0.01763	0.01011	0.01268	0.00786	0.00479	0.00542	0.00162	0.00770	0.00508	0.00279	0.00754
151	0.01235	0.01327	0.06604	0.33421	0.24290	0.05637	0.11472	0.04581	0.01233	0.01631	0.01040	0.01466	0.00829	0.00535	0.00549	0.00172	0.00727	0.02271	0.00270	0.00709
152	0.36645	0.37172	0.01790	0.00891	0.01272	0.11911	0.00792	0.01666	0.01073	0.01752	0.00758	0.00880	0.00644	0.00488	0.00358	0.00139	0.00559	0.00296	0.00279	0.00635
153	0.00717	0.00558	0.00673	0.02781	0.00850	0.00504	0.00494	0.00927	0.01390	0.01853	0.46904	0.04397	0.33634	0.01186	0.00631	0.00174	0.00273	0.01021	0.00545	0.00488
154	0.01126	0.05153	0.38969	0.01423	0.03128	0.02612	0.04763	0.01580	0.04917	0.01582	0.03923	0.01445	0.00989	0.05526	0.00958	0.00205	0.20258	0.00477	0.00268	0.00697
155	0.00711	0.00544	0.00652	0.00631	0.00774	0.00485	0.00471	0.00915	0.01394	0.01870	0.48716	0.07538	0.30923	0.01215	0.00636	0.00175	0.00262	0.01051	0.00554	0.00485
156	0.01922	0.02225	0.05558	0.01405	0.01764	0.49998	0.05610	0.21508	0.01750	0.01902	0.00973	0.01090	0.00757	0.00569	0.00508	0.00148	0.00856	0.00402	0.00342	0.00714
157	0.00781	0.00520	0.00585	0.00585	0.00585	0.00520	0.00325	0.00781	0.00781	0.01041	0.01691	0.03513	0.01952	0.81135	0.02732	0.00520	0.00520	0.00781	0.00325	0.00325
158	0.02180	0.01280	0.01472	0.01129	0.01553	0.01332	0.00932	0.48138	0.02149	0.31771	0.01603	0.01493	0.01071	0.00652	0.00538	0.00163	0.00540	0.00505	0.00585	0.00913
159	0.02186	0.01270	0.01466	0.01124	0.01548	0.01318	0.00929	0.46962	0.02133	0.32969	0.01617	0.01502	0.01077	0.00652	0.00538	0.00163	0.00538	0.00506	0.00587	0.00913
160	0.00654	0.00467	0.00623	0.00747	0.00779	0.00436	0.00498	0.00747	0.01028	0.01370	0.02959	0.80785	0.03550	0.01682	0.00685	0.00218	0.00311	0.01526	0.00498	0.00436
161	0.00760	0.00549	0.00718	0.00675	0.00802	0.00506	0.00506	0.01013	0.01519	0.02153	0.77503	0.04010	0.05065	0.01097	0.00633	0.00169	0.00253	0.00971	0.00591	0.00506
162	0.01518	0.01322	0.01918	0.02497	0.48856	0.01385	0.01390	0.21507	0.10214	0.02242	0.01218	0.01395	0.00957	0.00551	0.00535	0.00162	0.00601	0.00494	0.00370	0.00867
163	0.02343	0.00928	0.01244	0.00963	0.01372	0.00822	0.00793	0.02630	0.06094	0.73562	0.02122	0.01838	0.01348	0.00668	0.00540	0.00167	0.00455	0.00544	0.00657	0.00910
164	0.01318	0.03435	0.27971	0.01524	0.02067	0.01337	0.19096	0.07895	0.23680	0.04072	0.01407	0.01491	0.01032	0.00575	0.00550	0.00174	0.00681	0.00524	0.00368	0.00804
165	0.00652	0.00476	0.00614	0.00725	0.00773	0.00438	0.00488	0.00750	0.01050	0.01379	0.03235	0.72355	0.11802	0.01646	0.00679	0.00214	0.00307	0.01482	0.00498	0.00438
166	0.01201	0.01332	0.13580	0.10293	0.08540	0.01214	0.01150	0.05594	0.31274	0.02009	0.12310	0.01947	0.01714	0.00709	0.00612	0.00178	0.04580	0.00586	0.00425	0.00753
167	0.00784	0.00524	0.00596	0.00601	0.00606	0.00524	0.00346	0.00793	0.00798	0.01062	0.01735	0.03610	0.01995	0.78095	0.02656	0.00510	0.00519	0.03582	0.00332	0.00332
168	0.01935	0.01245	0.01666	0.01794	0.25104	0.06653	0.03158	0.12422	0.01552	0.34830	0.01508	0.01512	0.01049	0.00597	0.00564	0.00163	0.02414	0.00500	0.00475	0.00861
169	0.00639	0.00544	0.00550	0.00549	0.00728	0.00455	0.00412	0.00780	0.01235	0.01477	0.08189	0.05122	0.74801	0.01349	0.00634	0.00181	0.00271	0.01127	0.00502	0.00455
170	0.01329	0.01275	0.02179	0.03295	0.77787	0.01275	0.01647	0.01647	0.01222	0.01754	0.01010	0.01329	0.00850	0.00478	0.00531	0.00159	0.00638	0.00478	0.00266	0.00850
171	0.01335	0.01153	0.01214	0.01092	0.01396	0.01335	0.00850	0.02852	0.76817	0.02245	0.02185	0.02003	0.01639	0.00728	0.00546	0.00182	0.00425	0.00607	0.00546	0.00850
172	0.00746	0.00548	0.00699	0.00661	0.00794	0.00501	0.00496	0.00987	0.01488	0.02078	0.69856	0.04132	0.12759	0.01125	0.00633	0.00170	0.00255	0.00988	0.00581	0.00501
173	0.02005	0.02558	0.01521	0.01383	0.01659	0.78980	0.01037	0.02143	0.01521	0.01314	0.00830	0.00968	0.00691	0.00553	0.00484	0.00138	0.00968	0.00346	0.00277	0.00622
174	0.00767	0.00514	0.00590	0.00604	0.00607	0.00511	0.00345	0.00777	0.00808	0.01078	0.01833	0.12127	0.02130	0.72278	0.02504	0.00487	0.00497	0.00864	0.00345	0.00338
175	0.01329	0.01275	0.02179	0.03295	0.77787	0.01275	0.01647	0.01647	0.01222	0.01754	0.01010	0.01329	0.00850	0.00478	0.00531	0.00159	0.00638	0.00478	0.00266	0.00850
176	0.02382	0.00955	0.01272	0.00975	0.01391	0.00851	0.00805	0.07809	0.01606	0.72867	0.02059	0.01789	0.01299	0.00663	0.00540	0.00166	0.00466	0.00536	0.00655	0.00913

[dist]
# distance from previous block
# <min> <max>
0	1

[block]
# block no. 2 follows, 45 sequences, length 314
# corresponding to MSA columns:
# 535-848
name=unknown_C
#
# <colnr> <probs for GDERKNQSTAVLIFYWHMCP>
#	G	D	E	R	K	N	Q	S	T	A	V	L	I	F	Y	W	H	M	C	P
0	0.48843	0.01062	0.01037	0.00852	0.01222	0.01139	0.00703	0.11732	0.01316	0.25602	0.01236	0.01218	0.00853	0.00568	0.00422	0.00165	0.00451	0.00392	0.00460	0.00726
1	0.84927	0.01038	0.00789	0.00706	0.01038	0.01204	0.00581	0.01578	0.00914	0.02408	0.00747	0.00872	0.00581	0.00498	0.00332	0.00166	0.00415	0.00291	0.00332	0.00581
2	0.01193	0.00952	0.01121	0.00805	0.01278	0.00720	0.00645	0.01430	0.01139	0.06466	0.01026	0.01157	0.00828	0.00414	0.00406	0.00085	0.00401	0.00332	0.00339	0.79262
3	0.00646	0.00497	0.00592	0.00667	0.00757	0.00443	0.00463	0.00756	0.01105	0.01402	0.03937	0.50934	0.32770	0.01555	0.00665	0.00203	0.00296	0.01371	0.00498	0.00443
4	0.01901	0.01380	0.01492	0.01182	0.01581	0.01526	0.00964	0.53708	0.19847	0.08379	0.01557	0.01494	0.01112	0.00665	0.00539	0.00166	0.00542	0.00516	0.00548	0.00898
5	0.02335	0.00933	0.01250	0.00956	0.01374	0.00812	0.00789	0.04772	0.01546	0.72250	0.02037	0.01777	0.01291	0.00651	0.00533	0.00162	0.00458	0.00528	0.00644	0.04902
6	0.01113	0.00954	0.01113	0.00795	0.01272	0.00716	0.00636	0.01352	0.01113	0.01749	0.00954	0.01113	0.00795	0.00398	0.00398	0.00080	0.00398	0.00318	0.00318	0.84417
7	0.01435	0.81458	0.02813	0.00918	0.01378	0.02124	0.00918	0.01607	0.01091	0.01263	0.00746	0.00861	0.00689	0.00459	0.00344	0.00115	0.00574	0.00287	0.00230	0.00689
8	0.01001	0.00500	0.00500	0.00500	0.00625	0.00500	0.00375	0.01251	0.01126	0.02001	0.01751	0.02001	0.01376	0.00625	0.00375	0.00125	0.00250	0.00500	0.84115	0.00500
9	0.00775	0.00543	0.00701	0.00701	0.00741	0.00583	0.00469	0.00855	0.00815	0.01126	0.01586	0.02927	0.01697	0.48968	0.34552	0.00663	0.00903	0.00695	0.00310	0.00390
10	0.01166	0.01149	0.02071	0.40085	0.29320	0.01249	0.14127	0.01526	0.01158	0.01563	0.00996	0.01398	0.00779	0.00502	0.00551	0.00172	0.00721	0.00504	0.00254	0.00706
11	0.00781	0.00520	0.00585	0.00585	0.00585	0.00520	0.00325	0.00781	0.00781	0.01041	0.01691	0.03513	0.01952	0.81135	0.02732	0.00520	0.00520	0.00781	0.00325	0.00325
12	0.01479	0.66939	0.02590	0.01078	0.05013	0.10729	0.00957	0.01656	0.01155	0.01312	0.02488	0.00966	0.00795	0.00485	0.00376	0.00121	0.00614	0.00318	0.00245	0.00685
13	0.00657	0.00541	0.00577	0.00575	0.00741	0.00462	0.00429	0.00811	0.01266	0.01567	0.17733	0.08318	0.61809	0.01329	0.00636	0.00181	0.00270	0.01122	0.00514	0.00462
14	0.01481	0.01069	0.01318	0.06172	0.01538	0.01143	0.04940	0.23861	0.17887	0.10998	0.02023	0.12797	0.05217	0.04650	0.00678	0.00196	0.00506	0.02281	0.00502	0.00745
15	0.00644	0.00547	0.00558	0.00563	0.00742	0.00460	0.00427	0.00785	0.01224	0.01457	0.05327	0.05204	0.74378	0.01365	0.00639	0.00184	0.00281	0.04262	0.00498	0.00455
16	0.00790	0.00555	0.00680	0.00742	0.00806	0.00552	0.00520	0.00985	0.05915	0.01413	0.02500	0.34802	0.04319	0.24294	0.01251	0.00300	0.00403	0.12825	0.05902	0.00445
17	0.00781	0.00520	0.00585	0.00585	0.00585	0.00520	0.00325	0.00781	0.00781	0.01041	0.01691	0.03513	0.01952	0.81135	0.02732	0.00520	0.00520	0.00781	0.00325	0.00325
18	0.01792	0.32001	0.02003	0.01210	0.01554	0.50300	0.00993	0.01943	0.01361	0.01295	0.00799	0.00928	0.00690	0.00518	0.00432	0.00130	0.00821	0.00324	0.00259	0.00647
19	0.02005	0.02558	0.01521	0.01383	0.01659	0.78980	0.01037	0.02143	0.01521	0.01314	0.00830	0.00968	0.00691	0.00553	0.00484	0.00138	0.00968	0.00346	0.00277	0.00622
20	0.01129	0.01110	0.01974	0.51189	0.03218	0.01258	0.20510	0.03142	0.07990	0.01581	0.01106	0.01484	0.00828	0.00535	0.00562	0.00179	0.00735	0.00529	0.00281	0.00659
21	0.01435	0.81458	0.02813	0.00918	0.01378	0.02124	0.00918	0.01607	0.01091	0.01263	0.00746	0.00861	0.00689	0.00459	0.00344	0.00115	0.00574	0.00287	0.00230	0.00689
22	0.01174	0.01174	0.01644	0.01409	0.01409	0.01644	0.01174	0.01292	0.00822	0.01292	0.00705	0.01174	0.00705	0.00940	0.01762	0.00235	0.80153	0.00470	0.00235	0.00587
23	0.01435	0.81458	0.02813	0.00918	0.01378	0.02124	0.00918	0.01607	0.01091	0.01263	0.00746	0.00861	0.00689	0.00459	0.00344	0.00115	0.00574	0.00287	0.00230	0.00689
24	0.84927	0.01038	0.00789	0.00706	0.01038	0.01204	0.00581	0.01578	0.00914	0.02408	0.00747	0.00872	0.00581	0.00498	0.00332	0.00166	0.00415	0.00291	0.00332	0.00581
25	0.01267	0.01448	0.03167	0.02262	0.02805	0.01357	0.75837	0.01719	0.01267	0.01719	0.01086	0.01448	0.00814	0.00452	0.00633	0.00181	0.00905	0.00633	0.00271	0.00724
26	0.00858	0.00614	0.00856	0.00969	0.01093	0.00611	0.00843	0.01106	0.01254	0.01641	0.07526	0.05927	0.03213	0.01459	0.00735	0.00242	0.00479	0.69581	0.00500	0.00495
27	0.00753	0.00572	0.00703	0.00764	0.00855	0.00561	0.00536	0.01052	0.10768	0.01590	0.12721	0.53993	0.10184	0.01456	0.00656	0.00204	0.00315	0.01302	0.00516	0.00499
28	0.00654	0.00467	0.00623	0.00747	0.00779	0.00436	0.00498	0.00747	0.01028	0.01370	0.02959	0.80785	0.03550	0.01682	0.00685	0.00218	0.00311	0.01526	0.00498	0.00436
29	0.01740	0.01360	0.01684	0.21465	0.02240	0.01529	0.04682	0.53323	0.02092	0.02788	0.01193	0.01333	0.00858	0.00608	0.00541	0.00167	0.00638	0.00489	0.00448	0.00823
30	0.00654	0.00467	0.00623	0.00747	0.00779	0.00436	0.00498	0.00747	0.01028	0.01370	0.02959	0.80785	0.03550	0.01682	0.00685	0.00218	0.00311	0.01526	0.00498	0.00436
31	0.01328	0.57880	0.25450	0.01102	0.01661	0.01861	0.01238	0.01635	0.01103	0.01394	0.00811	0.00943	0.00686	0.00474	0.00394	0.00131	0.00640	0.00320	0.00229	0.00720
32	0.02408	0.00914	0.01246	0.00955	0.01370	0.00789	0.00789	0.02616	0.01536	0.78158	0.02118	0.01827	0.01329	0.00664	0.00540	0.00166	0.00457	0.00540	0.00664	0.00914
33	0.01140	0.21172	0.56909	0.01340	0.02025	0.01415	0.01658	0.01634	0.01128	0.01585	0.01124	0.01260	0.04321	0.00538	0.00477	0.00158	0.00717	0.00406	0.00240	0.00753
34	0.01897	0.00930	0.01193	0.00892	0.01332	0.00760	0.00729	0.02117	0.01369	0.47995	0.01658	0.01545	0.01118	0.00559	0.00484	0.00132	0.00433	0.00452	0.00528	0.33877
35	0.01236	0.01097	0.01387	0.01269	0.05157	0.01207	0.08726	0.02375	0.53129	0.02082	0.05775	0.02422	0.05397	0.00784	0.00576	0.00184	0.00475	0.05442	0.00500	0.00778
36	0.01014	0.00954	0.01610	0.79845	0.03697	0.01193	0.01491	0.01371	0.01073	0.01371	0.00954	0.01431	0.00716	0.00537	0.00537	0.00179	0.00716	0.00477	0.00239	0.00596
37	0.00654	0.00467	0.00623	0.00747	0.00779	0.00436	0.00498	0.00747	0.01028	0.01370	0.02959	0.80785	0.03550	0.01682	0.00685	0.00218	0.00311	0.01526	0.00498	0.00436
