[name]
unknown

[dist]
# distance from previous block
# <min> <max>
17	78

[block]
# block no. 0 follows, 44 sequences, length 25
# corresponding to MSA columns:
# 86-110
name=unknown_A
#
# <colnr> <probs for GDERKNQSTAVLIFYWHMCP>
#	G	D	E	R	K	N	Q	S	T	A	V	L	I	F	Y	W	H	M	C	P
0	0.13253	0.01147	0.01355	0.21316	0.01990	0.01303	0.01012	0.32670	0.03733	0.02427	0.01425	0.13293	0.01253	0.00767	0.00539	0.00178	0.00560	0.00625	0.00432	0.00721
1	0.19757	0.01222	0.01268	0.01001	0.01410	0.01280	0.00815	0.29664	0.11041	0.05743	0.01256	0.01287	0.00935	0.00574	0.00467	0.00148	0.00488	0.00426	0.00453	0.20767
2	0.00690	0.00505	0.00605	0.00672	0.00731	0.00467	0.00443	0.00773	0.01030	0.01330	0.03279	0.44680	0.20240	0.20569	0.01181	0.00286	0.00358	0.01276	0.00464	0.00420
3	0.00727	0.00501	0.00614	0.00679	0.00695	0.00485	0.00420	0.00776	0.00921	0.01228	0.02376	0.42929	0.02813	0.40345	0.01711	0.00371	0.00420	0.01180	0.00420	0.00388
4	0.79862	0.01082	0.00850	0.00748	0.01092	0.01250	0.00616	0.05929	0.01023	0.02504	0.00791	0.00910	0.00610	0.00515	0.00350	0.00168	0.00432	0.00307	0.00350	0.00610
5	0.00684	0.00483	0.00627	0.00734	0.00761	0.00456	0.00479	0.00764	0.01006	0.01341	0.02810	0.68840	0.03360	0.13688	0.01011	0.00268	0.00348	0.01435	0.00479	0.00426
6	0.00664	0.00474	0.00633	0.00759	0.00791	0.00443	0.00506	0.00759	0.01044	0.01392	0.03005	0.80485	0.03606	0.01708	0.00696	0.00221	0.00316	0.01550	0.00506	0.00443
7	0.01830	0.01407	0.01500	0.01205	0.01598	0.01577	0.00978	0.51002	0.27578	0.03045	0.01617	0.01554	0.01177	0.00683	0.00549	0.00171	0.00543	0.00533	0.00549	0.00905
8	0.01349	0.01295	0.02213	0.03346	0.77440	0.01295	0.01673	0.01673	0.01241	0.01781	0.01025	0.01349	0.00864	0.00486	0.00540	0.00162	0.00648	0.00486	0.00270	0.00864
9	0.01030	0.00969	0.01635	0.79530	0.03755	0.01211	0.01514	0.01393	0.01090	0.01393	0.00969	0.01453	0.00727	0.00545	0.00545	0.00182	0.00727	0.00484	0.00242	0.00606
10	0.01742	0.01331	0.01459	0.01098	0.01551	0.01353	0.00899	0.49602	0.02061	0.02854	0.01190	0.01246	0.00885	0.00567	0.00496	0.00135	0.00531	0.00432	0.00467	0.30100
11	0.01887	0.01435	0.01532	0.01217	0.01620	0.01604	0.00991	0.56796	0.21691	0.03137	0.01544	0.01497	0.01118	0.00677	0.00548	0.00169	0.00556	0.00523	0.00548	0.00911
12	0.01273	0.01217	0.02075	0.21577	0.59807	0.01275	0.01635	0.01606	0.01205	0.01688	0.01012	0.01374	0.00831	0.00500	0.00541	0.00167	0.00667	0.00485	0.00263	0.00802
13	0.00752	0.00557	0.00702	0.00666	0.00803	0.00506	0.00499	0.00992	0.01498	0.02078	0.66308	0.04250	0.16056	0.01155	0.00643	0.00173	0.00260	0.01011	0.00586	0.00506
14	0.01093	0.02820	0.78016	0.01554	0.02360	0.01266	0.02014	0.01727	0.01151	0.01727	0.00978	0.01151	0.00691	0.00518	0.00518	0.00173	0.00806	0.00403	0.00230	0.00806
15	0.01130	0.00969	0.01130	0.00807	0.01292	0.00727	0.00646	0.01373	0.01130	0.01776	0.00969	0.01130	0.00807	0.00404	0.00404	0.00081	0.00404	0.00323	0.00323	0.84173
16	0.01230	0.01303	0.02286	0.01776	0.01996	0.01554	0.30754	0.01485	0.01015	0.01485	0.00870	0.01303	0.00760	0.00757	0.01333	0.00217	0.48427	0.00543	0.00253	0.00652
17	0.01047	0.00906	0.01188	0.19640	0.01817	0.00806	0.00836	0.01299	0.01110	0.01636	0.01229	0.11336	0.01145	0.00604	0.00475	0.00123	0.00470	0.00518	0.00327	0.53489
18	0.01071	0.00839	0.01242	0.12863	0.01588	0.00873	0.10268	0.08020	0.04518	0.02072	0.27952	0.02525	0.02504	0.00853	0.02373	0.00181	0.00478	0.00694	0.18481	0.00606
19	0.01536	0.09726	0.05140	0.01129	0.01481	0.11270	0.00945	0.19776	0.27976	0.02294	0.11449	0.01832	0.01675	0.00707	0.00533	0.00165	0.00553	0.00557	0.00475	0.00783
20	0.09901	0.11976	0.29829	0.01124	0.01699	0.04886	0.01208	0.01639	0.01147	0.04109	0.00955	0.01096	0.00740	0.00481	0.00441	0.00134	0.00607	0.00354	0.00288	0.27387
21	0.01282	0.12999	0.29085	0.01179	0.01661	0.01290	0.01238	0.19181	0.01521	0.02090	0.11281	0.11659	0.01705	0.00774	0.00540	0.00169	0.00591	0.00631	0.00390	0.00735
22	0.01496	0.01739	0.25292	0.01260	0.01750	0.01332	0.01266	0.35206	0.05426	0.02538	0.05977	0.02042	0.04028	0.00747	0.00566	0.00177	0.00616	0.07292	0.00445	0.00806
23	0.01306	0.20463	0.06505	0.01509	0.13132	0.04529	0.10540	0.01627	0.03514	0.01635	0.00970	0.01171	0.00805	0.00479	0.00501	0.00131	0.03107	0.00401	0.00285	0.27390
24	0.01327	0.01694	0.20006	0.13817	0.24478	0.09489	0.01504	0.04388	0.01266	0.04272	0.03223	0.01478	0.03284	0.00604	0.00634	0.00172	0.06835	0.00487	0.00295	0.00748

[dist]
# distance from previous block
# <min> <max>
6	19

[block]
# block no. 1 follows, 44 sequences, length 8
# corresponding to MSA columns:
# 130-137
name=unknown_B
#
# <colnr> <probs for GDERKNQSTAVLIFYWHMCP>
#	G	D	E	R	K	N	Q	S	T	A	V	L	I	F	Y	W	H	M	C	P
0	0.05731	0.04406	0.01726	0.01363	0.01556	0.08418	0.08975	0.13827	0.01247	0.01751	0.00958	0.01401	0.00864	0.07695	0.01298	0.00228	0.37098	0.00497	0.00310	0.00650
1	0.08473	0.07535	0.01681	0.01258	0.01540	0.11107	0.06943	0.09083	0.01286	0.10552	0.02481	0.01276	0.00899	0.00682	0.00888	0.00176	0.25127	0.00451	0.00350	0.08212
2	0.08217	0.01206	0.01561	0.01257	0.01576	0.07307	0.16406	0.05014	0.17512	0.10482	0.01513	0.01622	0.01136	0.00636	0.00617	0.00171	0.06929	0.00531	0.15589	0.00720
3	0.13343	0.01255	0.01531	0.01212	0.01566	0.08185	0.13769	0.08350	0.07125	0.05639	0.01623	0.01731	0.09451	0.00668	0.00638	0.00164	0.08310	0.00534	0.00380	0.14526
4	0.10880	0.01083	0.01426	0.01124	0.01450	0.01116	0.10062	0.15280	0.01414	0.02141	0.12426	0.06357	0.01607	0.00722	0.00680	0.00161	0.10480	0.00582	0.00402	0.20609
5	0.01335	0.01091	0.01583	0.06101	0.01658	0.01226	0.08844	0.09065	0.01202	0.09091	0.01123	0.01440	0.00920	0.01174	0.12135	0.00279	0.25975	0.00493	0.00339	0.14927
6	0.01374	0.31928	0.09970	0.09673	0.06645	0.01549	0.06457	0.01718	0.04837	0.07654	0.03770	0.01319	0.00986	0.00560	0.00546	0.00152	0.05341	0.00435	0.00308	0.04778
7	0.08134	0.01132	0.01368	0.04666	0.01505	0.08984	0.08908	0.01821	0.13757	0.11155	0.22605	0.02214	0.02190	0.00781	0.00682	0.00178	0.08139	0.00642	0.00462	0.00676

[dist]
# distance from previous block
# <min> <max>
23	54

[block]
# block no. 2 follows, 44 sequences, length 15
# corresponding to MSA columns:
# 197-211
name=unknown_C
#
# <colnr> <probs for GDERKNQSTAVLIFYWHMCP>
#	G	D	E	R	K	N	Q	S	T	A	V	L	I	F	Y	W	H	M	C	P
0	0.01631	0.01214	0.01583	0.01626	0.18124	0.02966	0.04530	0.16266	0.21141	0.14940	0.08701	0.01856	0.01560	0.00675	0.00560	0.00171	0.00535	0.00582	0.00496	0.00842
1	0.01585	0.01609	0.01436	0.01237	0.01511	0.30434	0.08051	0.17827	0.01599	0.01912	0.01516	0.18075	0.01445	0.00822	0.00551	0.00166	0.00683	0.00679	0.08208	0.00655
2	0.01099	0.00974	0.01417	0.01670	0.26870	0.00873	0.02543	0.01364	0.01235	0.01782	0.10375	0.03889	0.08008	0.00695	0.00531	0.00143	0.00473	0.05210	0.00367	0.30483
3	0.01173	0.01329	0.17164	0.01073	0.01423	0.01056	0.00991	0.15764	0.17889	0.02057	0.02381	0.22637	0.10756	0.01006	0.00593	0.00188	0.00494	0.00855	0.00466	0.00706
4	0.01094	0.21366	0.17189	0.01506	0.17325	0.01218	0.01163	0.01366	0.01123	0.01514	0.01616	0.27865	0.01712	0.00899	0.00540	0.00173	0.00552	0.00779	0.00332	0.00669
5	0.01428	0.01210	0.01540	0.01624	0.21344	0.01198	0.01038	0.17304	0.15879	0.02222	0.01294	0.01398	0.01011	0.00542	0.00498	0.00139	0.00514	0.00457	0.00400	0.28959
6	0.01836	0.01451	0.01518	0.01220	0.01565	0.16050	0.04429	0.21241	0.01646	0.18698	0.01344	0.04334	0.01033	0.00680	0.00685	0.00163	0.10520	0.00502	0.00444	0.10640
7	0.13238	0.01214	0.01399	0.07243	0.01581	0.01437	0.00978	0.31095	0.01609	0.02349	0.01548	0.01695	0.09824	0.00789	0.00853	0.00188	0.21301	0.00537	0.00407	0.00713
8	0.19911	0.01243	0.01308	0.01064	0.01414	0.01395	0.00871	0.45128	0.01882	0.02804	0.01218	0.01376	0.00937	0.01279	0.15457	0.00301	0.00726	0.00466	0.00451	0.00769
9	0.38726	0.01651	0.01526	0.01258	0.01619	0.27342	0.15084	0.01851	0.01221	0.03896	0.00889	0.01056	0.00693	0.00520	0.00453	0.00162	0.00707	0.00387	0.00315	0.00641
10	0.00853	0.00632	0.00795	0.00819	0.00931	0.00645	0.00596	0.09656	0.01210	0.01615	0.02758	0.45251	0.11337	0.02067	0.17743	0.00354	0.00596	0.01167	0.00464	0.00512
11	0.00652	0.00520	0.00585	0.00637	0.00759	0.00453	0.00452	0.00773	0.01161	0.01439	0.04490	0.36120	0.47012	0.01515	0.00665	0.00199	0.00293	0.01314	0.00506	0.00453
12	0.20065	0.01621	0.01502	0.01415	0.10502	0.17671	0.01017	0.35287	0.01836	0.02583	0.01057	0.01153	0.00799	0.00583	0.00488	0.00160	0.00647	0.00418	0.00412	0.00784
13	0.01145	0.01084	0.01338	0.01254	0.06596	0.10089	0.11842	0.01559	0.15500	0.01516	0.01720	0.11423	0.01708	0.29246	0.01365	0.00304	0.00606	0.00751	0.00375	0.00579
14	0.01561	0.01215	0.01533	0.01237	0.01474	0.01432	0.01024	0.20884	0.01416	0.10977	0.01078	0.01292	0.00859	0.00761	0.01111	0.00187	0.37916	0.00466	0.00383	0.13193

[dist]
# distance from previous block
# <min> <max>
23	34

[block]
# block no. 3 follows, 44 sequences, length 9
# corresponding to MSA columns:
# 249-257
name=unknown_D
#
# <colnr> <probs for GDERKNQSTAVLIFYWHMCP>
#	G	D	E	R	K	N	Q	S	T	A	V	L	I	F	Y	W	H	M	C	P
0	0.01139	0.00752	0.00913	0.00817	0.01032	0.00747	0.00631	0.01680	0.18834	0.12963	0.45473	0.03345	0.07491	0.00979	0.00609	0.00175	0.00328	0.00847	0.00595	0.00651
1	0.01301	0.00688	0.00911	0.00857	0.01078	0.00626	0.00700	0.01515	0.01389	0.25393	0.16884	0.08962	0.13069	0.01170	0.00650	0.00200	0.00402	0.23003	0.00575	0.00627
2	0.00784	0.00638	0.00921	0.22690	0.01615	0.00673	0.00778	0.00990	0.01176	0.01554	0.16929	0.34818	0.11903	0.01231	0.00638	0.00196	0.00415	0.01097	0.00451	0.00504
3	0.01040	0.00983	0.01637	0.74521	0.03606	0.01241	0.01493	0.01388	0.01074	0.01388	0.00953	0.01437	0.00726	0.00571	0.00625	0.00185	0.05801	0.00484	0.00242	0.00605
4	0.01314	0.01260	0.02150	0.11645	0.69413	0.01286	0.01656	0.01643	0.01225	0.01739	0.01019	0.01361	0.00849	0.00492	0.00540	0.00164	0.00656	0.00486	0.00267	0.00835
5	0.01469	0.01200	0.01603	0.30692	0.10648	0.01370	0.01241	0.22477	0.17034	0.04695	0.01366	0.01534	0.01011	0.00613	0.00547	0.00175	0.00613	0.00516	0.00408	0.00787
6	0.01443	0.30980	0.01829	0.00905	0.01374	0.01347	0.00799	0.07727	0.01277	0.08223	0.01019	0.01112	0.00823	0.00471	0.00408	0.00109	0.00492	0.00344	0.00338	0.38979
7	0.01455	0.01388	0.01866	0.02524	0.49040	0.10661	0.01377	0.01959	0.14297	0.04844	0.04273	0.01551	0.01171	0.00571	0.00541	0.00164	0.00628	0.00514	0.00350	0.00824
8	0.01536	0.01270	0.01747	0.01526	0.07433	0.03337	0.09186	0.19635	0.04338	0.08980	0.01182	0.01432	0.00940	0.01016	0.07639	0.00252	0.26910	0.00517	0.00378	0.00745

[dist]
# distance from previous block
# <min> <max>
3	25

[block]
# block no. 4 follows, 44 sequences, length 21
# corresponding to MSA columns:
# 286-295,298-301,303-309
name=unknown_E
#
# <colnr> <probs for GDERKNQSTAVLIFYWHMCP>
#	G	D	E	R	K	N	Q	S	T	A	V	L	I	F	Y	W	H	M	C	P
0	0.08443	0.01851	0.01387	0.01202	0.01526	0.37932	0.00934	0.16500	0.10096	0.08091	0.01465	0.01481	0.05447	0.00653	0.00511	0.00157	0.00718	0.00467	0.00413	0.00726
1	0.22089	0.04854	0.01457	0.01174	0.01367	0.01550	0.00976	0.10779	0.09252	0.01960	0.00964	0.01207	0.00812	0.00760	0.01075	0.00201	0.38078	0.00440	0.00335	0.00669
2	0.15879	0.01942	0.01351	0.01189	0.01509	0.46665	0.00917	0.02209	0.04766	0.16928	0.01153	0.01189	0.00856	0.00583	0.00480	0.00153	0.00761	0.00393	0.00382	0.00695
3	0.34916	0.01044	0.01281	0.38107	0.02398	0.01233	0.01072	0.07162	0.01158	0.05578	0.00966	0.01232	0.00716	0.00544	0.00461	0.00174	0.00582	0.00412	0.00324	0.00639
4	0.15403	0.09975	0.01070	0.00767	0.00979	0.00982	0.00573	0.06623	0.04518	0.07559	0.01463	0.03887	0.01438	0.36982	0.01496	0.00323	0.00502	0.00596	0.00376	0.04488
5	0.45551	0.01278	0.01197	0.00972	0.01356	0.01445	0.00802	0.36669	0.01703	0.02915	0.01020	0.01086	0.00750	0.00576	0.00436	0.00166	0.00506	0.00388	0.00436	0.00750
6	0.45134	0.01120	0.01213	0.01055	0.01233	0.01435	0.00876	0.01465	0.00884	0.01909	0.00739	0.01031	0.00650	0.00718	0.01025	0.00202	0.38047	0.00381	0.00291	0.00593
7	0.01287	0.01471	0.03217	0.02298	0.02849	0.01379	0.75460	0.01746	0.01287	0.01746	0.01103	0.01471	0.00827	0.00460	0.00643	0.00184	0.00919	0.00643	0.00276	0.00735
8	0.00778	0.00522	0.00599	0.00613	0.00617	0.00519	0.00350	0.00789	0.00821	0.01095	0.01865	0.12348	0.02167	0.71807	0.02538	0.00493	0.00504	0.00879	0.00350	0.00343
9	0.02054	0.02091	0.01588	0.01333	0.01688	0.42191	0.01045	0.36971	0.02027	0.02330	0.01064	0.01137	0.00809	0.00606	0.00517	0.00151	0.00802	0.00417	0.00406	0.00772
10	0.00664	0.00474	0.00633	0.00759	0.00791	0.00443	0.00506	0.00759	0.01044	0.01392	0.03005	0.80485	0.03606	0.01708	0.00696	0.00221	0.00316	0.01550	0.00506	0.00443
11	0.01016	0.00508	0.00508	0.00508	0.00635	0.00508	0.00381	0.01270	0.01143	0.02033	0.01778	0.02033	0.01397	0.00635	0.00381	0.00127	0.00254	0.00508	0.83867	0.00508
12	0.01016	0.00508	0.00508	0.00508	0.00635	0.00508	0.00381	0.01270	0.01143	0.02033	0.01778	0.02033	0.01397	0.00635	0.00381	0.00127	0.00254	0.00508	0.83867	0.00508
13	0.01730	0.01417	0.01909	0.02245	0.37577	0.01503	0.01338	0.40589	0.01937	0.02652	0.01175	0.01328	0.00897	0.00575	0.00543	0.00163	0.00623	0.00488	0.00415	0.00897
14	0.01512	0.00731	0.00910	0.00765	0.01056	0.00628	0.00609	0.01699	0.01427	0.37722	0.12102	0.03506	0.33048	0.01016	0.00599	0.00175	0.00363	0.00846	0.00597	0.00688
15	0.01285	0.44051	0.38463	0.01227	0.01854	0.01735	0.01445	0.01677	0.01128	0.01493	0.00862	0.01006	0.00695	0.00491	0.00429	0.00143	0.00689	0.00344	0.00232	0.00750
16	0.01215	0.02098	0.42104	0.02403	0.37929	0.01280	0.01853	0.01701	0.01194	0.01752	0.01001	0.01245	0.00773	0.00503	0.00528	0.00168	0.00731	0.00442	0.00249	0.00833
17	0.01926	0.01102	0.01714	0.02096	0.37419	0.01035	0.01214	0.02191	0.01409	0.41795	0.01618	0.01616	0.01119	0.00585	0.00544	0.00165	0.00551	0.00519	0.00483	0.00897
18	0.00875	0.00750	0.00826	0.00673	0.01000	0.00586	0.00524	0.01062	0.01190	0.01617	0.03365	0.03297	0.41019	0.00918	0.00530	0.00135	0.00337	0.00759	0.00419	0.40119
19	0.00809	0.00569	0.00747	0.00760	0.00886	0.00531	0.00590	0.01033	0.01392	0.03649	0.44262	0.15000	0.09730	0.01288	0.00671	0.00196	0.00323	0.16497	0.00561	0.00508
20	0.01367	0.01134	0.01581	0.01973	0.32675	0.01194	0.01152	0.02162	0.31391	0.07628	0.10276	0.01971	0.01708	0.00673	0.00558	0.00173	0.00503	0.00600	0.00451	0.00828

[dist]
# distance from previous block
# <min> <max>
0	2

[block]
# block no. 5 follows, 44 sequences, length 13
# corresponding to MSA columns:
# 312-324
name=unknown_F
#
# <colnr> <probs for GDERKNQSTAVLIFYWHMCP>
#	G	D	E	R	K	N	Q	S	T	A	V	L	I	F	Y	W	H	M	C	P
0	0.01535	0.01208	0.01347	0.00999	0.01463	0.01140	0.00813	0.33219	0.01745	0.02488	0.01115	0.01207	0.00859	0.00511	0.00464	0.00116	0.00488	0.00395	0.00418	0.48468
1	0.01130	0.00969	0.01130	0.00807	0.01292	0.00727	0.00646	0.01373	0.01130	0.01776	0.00969	0.01130	0.00807	0.00404	0.00404	0.00081	0.00404	0.00323	0.00323	0.84173
2	0.01151	0.00726	0.00918	0.00762	0.01034	0.00617	0.00594	0.01392	0.01430	0.15291	0.42044	0.02981	0.06034	0.00867	0.00566	0.00148	0.00331	0.00747	0.00539	0.21827
3	0.01296	0.01131	0.01448	0.30823	0.02330	0.01351	0.01143	0.09551	0.36696	0.02012	0.01579	0.01699	0.01188	0.00668	0.00612	0.00184	0.04563	0.00547	0.00420	0.00759
4	0.01314	0.01433	0.01079	0.00994	0.01188	0.34029	0.00746	0.01521	0.01544	0.01821	0.44422	0.02747	0.03239	0.00877	0.00578	0.00158	0.00569	0.00714	0.00463	0.00565
5	0.01030	0.00969	0.01635	0.79530	0.03755	0.01211	0.01514	0.01393	0.01090	0.01393	0.00969	0.01453	0.00727	0.00545	0.00545	0.00182	0.00727	0.00484	0.00242	0.00606
6	0.00779	0.00584	0.00876	0.00876	0.00974	0.00681	0.00681	0.00974	0.00876	0.01266	0.01460	0.02142	0.01363	0.04089	0.78680	0.00876	0.01460	0.00584	0.00292	0.00487
7	0.02052	0.02139	0.01584	0.01340	0.01688	0.45642	0.01046	0.33679	0.01982	0.02236	0.01043	0.01123	0.00799	0.00602	0.00515	0.00150	0.00819	0.00411	0.00394	0.00759
8	0.01739	0.01313	0.01607	0.01297	0.01544	0.01576	0.01075	0.35093	0.01703	0.11349	0.01154	0.01324	0.00887	0.00785	0.01079	0.00196	0.34572	0.00492	0.00429	0.00785
9	0.01024	0.00974	0.00927	0.00770	0.01091	0.09853	0.00594	0.01213	0.01245	0.01622	0.06597	0.02917	0.31763	0.00851	0.00523	0.00134	0.00414	0.00693	0.00406	0.36389
10	0.01572	0.00999	0.01403	0.01043	0.01487	0.00841	0.09573	0.01882	0.04283	0.26980	0.05889	0.01619	0.01277	0.00555	0.00500	0.00131	0.00477	0.00486	0.00459	0.38543
11	0.01325	0.37220	0.01843	0.00909	0.01272	0.01487	0.00801	0.01849	0.20064	0.06133	0.08133	0.02017	0.10430	0.00707	0.00474	0.00148	0.00468	0.00549	0.00406	0.03765
12	0.22383	0.01219	0.01245	0.01003	0.01394	0.05224	0.00816	0.20318	0.08500	0.25043	0.01462	0.01406	0.01018	0.00611	0.00484	0.00162	0.00507	0.00453	0.00505	0.06247

[dist]
# distance from previous block
# <min> <max>
2	15

[block]
# block no. 6 follows, 44 sequences, length 17
# corresponding to MSA columns:
# 348-364
name=unknown_G
#
# <colnr> <probs for GDERKNQSTAVLIFYWHMCP>
#	G	D	E	R	K	N	Q	S	T	A	V	L	I	F	Y	W	H	M	C	P
0	0.01301	0.00956	0.01589	0.01261	0.01579	0.00914	0.21591	0.01752	0.10520	0.16226	0.24776	0.07184	0.02614	0.00857	0.00623	0.00183	0.00518	0.04359	0.00508	0.00691
1	0.01067	0.01104	0.01506	0.01273	0.01508	0.13159	0.21554	0.01290	0.01255	0.01570	0.10028	0.33406	0.06768	0.01095	0.00640	0.00191	0.00583	0.01024	0.00416	0.00563
2	0.01149	0.01072	0.01780	0.57497	0.22149	0.01250	0.01536	0.04247	0.01183	0.01567	0.00996	0.01422	0.00769	0.00534	0.00544	0.00176	0.00702	0.00485	0.00261	0.00682
3	0.01105	0.01046	0.01772	0.61471	0.21221	0.01231	0.01552	0.01459	0.01126	0.01485	0.00982	0.01429	0.00759	0.00531	0.00544	0.00177	0.00708	0.00485	0.00249	0.00667
4	0.01381	0.42490	0.14853	0.01437	0.01972	0.05612	0.21957	0.01706	0.01187	0.01486	0.00894	0.01091	0.00734	0.00477	0.00466	0.00146	0.00732	0.00411	0.00247	0.00723
5	0.01800	0.02021	0.02014	0.01613	0.01999	0.39482	0.21853	0.15233	0.05323	0.01872	0.01066	0.01229	0.00825	0.00558	0.00547	0.00159	0.00870	0.00471	0.00340	0.00725
6	0.00832	0.00693	0.01160	0.01099	0.01248	0.00659	0.14016	0.01033	0.01143	0.01518	0.02633	0.46743	0.02985	0.01431	0.00702	0.00222	0.00473	0.20434	0.00464	0.00511
7	0.01742	0.01399	0.01725	0.01814	0.22830	0.01520	0.01183	0.41925	0.15415	0.02766	0.01392	0.01450	0.01041	0.00623	0.00545	0.00167	0.00583	0.00512	0.00470	0.00898
8	0.00664	0.00474	0.00633	0.00759	0.00791	0.00443	0.00506	0.00759	0.01044	0.01392	0.03005	0.80485	0.03606	0.01708	0.00696	0.00221	0.00316	0.01550	0.00506	0.00443
9	0.01604	0.01877	0.22784	0.01229	0.01688	0.13608	0.01195	0.29961	0.01752	0.02372	0.01226	0.01342	0.00909	0.00598	0.00500	0.00156	0.00657	0.00447	0.15324	0.00771
10	0.00862	0.00479	0.00693	0.00734	0.00748	0.00470	0.00497	0.00738	0.00826	0.01100	0.01613	0.24833	0.01797	0.01827	0.01666	0.56829	0.00429	0.03231	0.00324	0.00306
11	0.01837	0.01584	0.01493	0.01232	0.01602	0.13831	0.00983	0.40656	0.26052	0.02732	0.01526	0.01489	0.01127	0.00667	0.00540	0.00167	0.00607	0.00509	0.00506	0.00860
12	0.01428	0.00837	0.01029	0.00949	0.01183	0.00851	0.00755	0.01963	0.21089	0.23010	0.02296	0.03401	0.02042	0.15267	0.01005	0.00260	0.00477	0.20939	0.00534	0.00686
13	0.01159	0.00824	0.01195	0.01469	0.22343	0.00773	0.00890	0.01400	0.01364	0.13000	0.21026	0.03452	0.20333	0.00973	0.00610	0.00179	0.00424	0.07441	0.00488	0.00659
14	0.01534	0.46405	0.14455	0.01114	0.01619	0.01867	0.01125	0.18478	0.05449	0.01894	0.00995	0.01079	0.00801	0.00532	0.00432	0.00140	0.00614	0.00372	0.00321	0.00777
15	0.01929	0.02057	0.01452	0.01259	0.01566	0.48036	0.00971	0.22726	0.01785	0.02005	0.01081	0.01195	0.00845	0.00596	0.00494	0.00145	0.00792	0.00408	0.09954	0.00701
16	0.01654	0.01439	0.01385	0.01192	0.01528	0.14037	0.02598	0.12461	0.46267	0.08635	0.01840	0.01737	0.01362	0.00687	0.00545	0.00173	0.00558	0.00551	0.00512	0.00836

[dist]
# distance from previous block
# <min> <max>
0	1

[block]
# block no. 7 follows, 44 sequences, length 9
# corresponding to MSA columns:
# 366-374
name=unknown_H
#
# <colnr> <probs for GDERKNQSTAVLIFYWHMCP>
#	G	D	E	R	K	N	Q	S	T	A	V	L	I	F	Y	W	H	M	C	P
0	0.18011	0.00646	0.00764	0.00771	0.00907	0.00693	0.00580	0.01059	0.01078	0.01744	0.18384	0.22912	0.02626	0.02071	0.24875	0.00403	0.00681	0.00867	0.00425	0.00503
1	0.01779	0.01353	0.01479	0.01115	0.01567	0.01391	0.00915	0.52519	0.02117	0.02920	0.01203	0.01253	0.00890	0.00576	0.00501	0.00138	0.00539	0.00439	0.00476	0.26829
2	0.00703	0.00536	0.00655	0.00734	0.00843	0.00489	0.00551	0.00847	0.01163	0.01473	0.03922	0.36439	0.31054	0.01542	0.00689	0.00214	0.00341	0.16837	0.00505	0.00462
3	0.06660	0.02089	0.25508	0.01513	0.01919	0.21652	0.09575	0.01734	0.01175	0.01566	0.00876	0.01136	0.00709	0.00633	0.00836	0.00182	0.20865	0.00428	0.00257	0.00686
4	0.01847	0.01455	0.01816	0.01905	0.25260	0.01568	0.01234	0.52612	0.02152	0.02921	0.01221	0.01321	0.00907	0.00602	0.00544	0.00163	0.00615	0.00489	0.00460	0.00907
5	0.07119	0.01392	0.01519	0.01208	0.01576	0.01578	0.00992	0.50978	0.11793	0.06149	0.01368	0.01387	0.00998	0.00687	0.00659	0.00174	0.08555	0.00496	0.00508	0.00864
6	0.01432	0.10411	0.20216	0.01129	0.01600	0.01352	0.01119	0.31944	0.01749	0.02323	0.02148	0.02139	0.18601	0.00769	0.00540	0.00165	0.00573	0.00601	0.00425	0.00764
7	0.21686	0.01222	0.09571	0.00966	0.01377	0.01042	0.00874	0.13588	0.01332	0.02174	0.01304	0.04590	0.01173	0.00677	0.00481	0.00154	0.00495	0.10253	0.00383	0.26659
8	0.05165	0.01739	0.09056	0.03762	0.01610	0.27718	0.01033	0.17263	0.01586	0.06702	0.01480	0.13570	0.01363	0.00808	0.00550	0.00171	0.00691	0.04636	0.00404	0.00691

[dist]
# distance from previous block
# <min> <max>
3	21

[block]
# block no. 8 follows, 44 sequences, length 15
# corresponding to MSA columns:
# 396-410
name=unknown_I
#
# <colnr> <probs for GDERKNQSTAVLIFYWHMCP>
#	G	D	E	R	K	N	Q	S	T	A	V	L	I	F	Y	W	H	M	C	P
0	0.01410	0.01175	0.01591	0.45075	0.02817	0.01385	0.01285	0.26054	0.09864	0.02165	0.01219	0.01470	0.00896	0.00603	0.00546	0.00176	0.00652	0.00501	0.00377	0.00740
1	0.01114	0.01783	0.34958	0.01136	0.01762	0.00964	0.01248	0.01528	0.01140	0.01755	0.00973	0.01140	0.00756	0.00454	0.00454	0.00121	0.00581	0.00358	0.00282	0.47494
2	0.00819	0.00489	0.00578	0.00649	0.00722	0.00472	0.00451	0.00984	0.01088	0.01674	0.02465	0.45968	0.02634	0.01236	0.00557	0.00180	0.00289	0.01092	0.37182	0.00472
3	0.01604	0.01634	0.30679	0.01166	0.01684	0.00996	0.01234	0.07470	0.01475	0.29722	0.14832	0.01934	0.01732	0.00690	0.00553	0.00170	0.00569	0.00565	0.00481	0.00808
4	0.01344	0.00984	0.01128	0.00936	0.01200	0.01032	0.00744	0.33847	0.01992	0.02736	0.43783	0.02857	0.03289	0.00912	0.00600	0.00168	0.00408	0.00768	0.00576	0.00696
5	0.46126	0.00995	0.01019	0.00836	0.01213	0.01025	0.00689	0.02097	0.01224	0.37788	0.01412	0.01340	0.00946	0.00585	0.00436	0.00169	0.00442	0.00414	0.00496	0.00749
6	0.08570	0.00973	0.01114	0.00814	0.01280	0.00777	0.00655	0.01506	0.01151	0.08548	0.01055	0.01173	0.00836	0.00437	0.00411	0.00096	0.00411	0.00340	0.00355	0.69499
7	0.01180	0.01591	0.27290	0.22197	0.02422	0.01086	0.09104	0.01608	0.01229	0.08367	0.10045	0.01668	0.01306	0.00593	0.00545	0.00168	0.00667	0.00524	0.00329	0.08081
8	0.08932	0.06237	0.01331	0.00987	0.01324	0.01232	0.00810	0.34120	0.01912	0.11252	0.23712	0.02122	0.02176	0.00768	0.00544	0.00164	0.00467	0.00614	0.00538	0.00761
9	0.11182	0.01415	0.18813	0.01052	0.01584	0.00946	0.03778	0.01721	0.01193	0.15220	0.01159	0.01247	0.00851	0.00492	0.00457	0.00131	0.00528	0.00390	0.00364	0.37478
10	0.01227	0.00872	0.01015	0.00907	0.01149	0.00921	0.00702	0.02047	0.34692	0.11118	0.35179	0.02910	0.03158	0.00897	0.00593	0.00177	0.00359	0.00771	0.00589	0.00717
11	0.10955	0.01084	0.01200	0.00968	0.01362	0.01085	0.00777	0.08714	0.25408	0.18363	0.01627	0.01562	0.01183	0.00603	0.00488	0.00150	0.00445	0.00476	0.00493	0.23059
12	0.06952	0.01625	0.05977	0.01484	0.01923	0.15929	0.20849	0.15566	0.07072	0.15216	0.01326	0.01403	0.00951	0.00578	0.00548	0.00168	0.00722	0.00507	0.00417	0.00788
13	0.01250	0.02054	0.37534	0.02406	0.36986	0.03775	0.04829	0.01717	0.01211	0.01740	0.01001	0.01250	0.00776	0.00502	0.00532	0.00167	0.00743	0.00449	0.00252	0.00824
14	0.01273	0.06262	0.17461	0.01410	0.06561	0.01297	0.07684	0.05973	0.20684	0.03223	0.07085	0.01711	0.02582	0.00664	0.00647	0.00171	0.07577	0.00542	0.00385	0.06807

[dist]
# distance from previous block
# <min> <max>
18	45

[block]
# block no. 9 follows, 44 sequences, length 35
# corresponding to MSA columns:
# 456-490
name=unknown_J
#
# <colnr> <probs for GDERKNQSTAVLIFYWHMCP>
#	G	D	E	R	K	N	Q	S	T	A	V	L	I	F	Y	W	H	M	C	P
0	0.12800	0.09003	0.06155	0.00922	0.01232	0.03049	0.00801	0.16622	0.03772	0.02280	0.27510	0.02565	0.06855	0.00838	0.00541	0.00167	0.00451	0.03306	0.00474	0.00656
1	0.01185	0.00786	0.00893	0.00840	0.00990	0.03315	0.00611	0.07506	0.07319	0.11499	0.06457	0.16770	0.02324	0.28479	0.01362	0.00309	0.00478	0.07846	0.00472	0.00557
2	0.08486	0.01050	0.01642	0.28204	0.04175	0.02841	0.14183	0.04124	0.01234	0.03643	0.10078	0.05189	0.03348	0.00732	0.00650	0.00185	0.05647	0.03610	0.00349	0.00628
3	0.03384	0.01810	0.27594	0.01233	0.01655	0.12765	0.02980	0.03252	0.01233	0.06100	0.04230	0.01770	0.07718	0.03356	0.00751	0.00182	0.10503	0.00520	0.04868	0.04094
4	0.01238	0.01058	0.01370	0.30300	0.02213	0.05654	0.01093	0.18057	0.01376	0.01807	0.01207	0.01630	0.00989	0.01787	0.27362	0.00414	0.00965	0.00512	0.00330	0.00639
5	0.18030	0.01348	0.01969	0.01476	0.01928	0.01396	0.26468	0.26818	0.03507	0.09924	0.01235	0.01353	0.00886	0.00563	0.00539	0.00173	0.00657	0.00514	0.00425	0.00794
6	0.01441	0.01528	0.01273	0.01012	0.01427	0.27475	0.00786	0.01649	0.01273	0.01625	0.00926	0.01080	0.00771	0.00458	0.00434	0.00101	0.00603	0.00333	0.00309	0.55497
7	0.00833	0.00772	0.00936	0.00854	0.00975	0.00875	0.00681	0.00964	0.01103	0.01418	0.03873	0.03855	0.50958	0.01234	0.01037	0.00203	0.27588	0.00919	0.00414	0.00507
8	0.01142	0.01038	0.01497	0.52612	0.02953	0.01261	0.01291	0.01909	0.26959	0.01698	0.01398	0.01653	0.01049	0.00612	0.00548	0.00183	0.00625	0.00530	0.00350	0.00694
9	0.01184	0.01141	0.01847	0.01319	0.01827	0.00951	0.26326	0.01501	0.01184	0.01766	0.01015	0.01247	0.00814	0.00423	0.00486	0.00116	0.00581	0.00433	0.00307	0.55533
10	0.00817	0.00696	0.00988	0.27765	0.01844	0.00742	0.00880	0.01044	0.01163	0.01459	0.03168	0.15076	0.28296	0.01162	0.00635	0.00199	0.00473	0.12663	0.00415	0.00514
11	0.02280	0.10898	0.01458	0.00960	0.01389	0.00967	0.00812	0.02487	0.01490	0.65783	0.01939	0.01710	0.01251	0.00640	0.00519	0.00159	0.00477	0.00509	0.00608	0.03664
12	0.00728	0.00556	0.00668	0.00640	0.00788	0.00496	0.00480	0.00944	0.01440	0.01941	0.52565	0.04475	0.29884	0.01206	0.00643	0.00176	0.00264	0.01042	0.00568	0.00496
13	0.01619	0.01206	0.01410	0.01194	0.01523	0.01307	0.03122	0.45778	0.04257	0.02734	0.01871	0.02997	0.01705	0.00944	0.00620	0.00195	0.00571	0.25652	0.00523	0.00774
14	0.02195	0.11102	0.01590	0.01063	0.01495	0.01275	0.00898	0.27575	0.01848	0.42777	0.01689	0.01546	0.01124	0.00642	0.00523	0.00160	0.00525	0.00497	0.00575	0.00899
15	0.01379	0.00858	0.00895	0.00764	0.00997	0.00914	0.00606	0.26792	0.01631	0.02514	0.01617	0.01784	0.01236	0.00642	0.00437	0.00140	0.00373	0.00502	0.55266	0.00652
16	0.01147	0.01089	0.01848	0.51523	0.30843	0.01242	0.01573	0.01496	0.01146	0.01536	0.00990	0.01415	0.00777	0.00523	0.00543	0.00174	0.00698	0.00485	0.00252	0.00700
17	0.02072	0.01527	0.01636	0.01254	0.01691	0.01691	0.01036	0.75622	0.02563	0.03436	0.01309	0.01309	0.00927	0.00654	0.00545	0.00164	0.00600	0.00491	0.00545	0.00927
18	0.01030	0.00969	0.01635	0.79530	0.03755	0.01211	0.01514	0.01393	0.01090	0.01393	0.00969	0.01453	0.00727	0.00545	0.00545	0.00182	0.00727	0.00484	0.00242	0.00606
19	0.00708	0.00493	0.00620	0.00703	0.00723	0.00472	0.00446	0.00771	0.00958	0.01277	0.02563	0.54082	0.03048	0.28871	0.01409	0.00327	0.00389	0.01290	0.00446	0.00404
20	0.01121	0.01063	0.01801	0.57682	0.24886	0.01235	0.01560	0.01473	0.01133	0.01504	0.00985	0.01424	0.00766	0.00528	0.00544	0.00176	0.00704	0.00485	0.00250	0.00680
21	0.00812	0.01280	0.27195	0.01032	0.01329	0.00725	0.01024	0.01091	0.01081	0.01507	0.02309	0.53253	0.02605	0.01300	0.00635	0.00205	0.00484	0.01156	0.00411	0.00567
22	0.01240	0.01183	0.02015	0.29497	0.52147	0.01266	0.01619	0.01577	0.01189	0.01648	0.01006	0.01385	0.00817	0.00506	0.00542	0.00169	0.00675	0.00485	0.00260	0.00775
23	0.00708	0.00493	0.00620	0.00703	0.00723	0.00472	0.00446	0.00771	0.00958	0.01277	0.02563	0.54082	0.03048	0.28871	0.01409	0.00327	0.00389	0.01290	0.00446	0.00404
24	0.00741	0.00541	0.00765	0.00809	0.00874	0.00585	0.00587	0.00882	0.00926	0.01289	0.02015	0.29172	0.02193	0.10713	0.44552	0.00618	0.00977	0.00936	0.00369	0.00457
25	0.01130	0.00969	0.01130	0.00807	0.01292	0.00727	0.00646	0.01373	0.01130	0.01776	0.00969	0.01130	0.00807	0.00404	0.00404	0.00081	0.00404	0.00323	0.00323	0.84173
26	0.01130	0.00969	0.01130	0.00807	0.01292	0.00727	0.00646	0.01373	0.01130	0.01776	0.00969	0.01130	0.00807	0.00404	0.00404	0.00081	0.00404	0.00323	0.00323	0.84173
27	0.53340	0.03270	0.00805	0.00738	0.00974	0.00983	0.00572	0.01314	0.00973	0.02049	0.01530	0.28208	0.01629	0.00917	0.00461	0.00185	0.00390	0.00726	0.00392	0.00543
28	0.01278	0.01309	0.02309	0.02394	0.30360	0.01447	0.22272	0.01570	0.01115	0.01610	0.00941	0.01330	0.00803	0.00639	0.00998	0.00194	0.27908	0.00527	0.00261	0.00736
29	0.01072	0.02185	0.51798	0.28320	0.02839	0.01247	0.01843	0.01612	0.01130	0.01612	0.00975	0.01255	0.00703	0.00527	0.00527	0.00176	0.00779	0.00431	0.00234	0.00737
30	0.00907	0.00679	0.00783	0.00791	0.00895	0.04961	0.03864	0.01111	0.03826	0.01591	0.02304	0.40337	0.02470	0.08204	0.00769	0.00214	0.00386	0.01042	0.24376	0.00491
31	0.01445	0.01410	0.01283	0.00996	0.01428	0.18949	0.00784	0.09785	0.01386	0.01858	0.00977	0.01116	0.00796	0.00468	0.00440	0.00104	0.00560	0.00348	0.00338	0.55530
32	0.01126	0.00898	0.01148	0.00987	0.01305	0.00814	0.03823	0.10448	0.01349	0.01897	0.01854	0.09868	0.01869	0.00930	0.00577	0.00166	0.00475	0.25676	0.00426	0.34363
33	0.01001	0.28469	0.11007	0.00904	0.01178	0.01141	0.00825	0.01182	0.01058	0.01368	0.01874	0.36889	0.02111	0.07731	0.00728	0.00205	0.00486	0.00912	0.00363	0.00567
34	0.36860	0.03810	0.07976	0.01165	0.01530	0.04828	0.11777	0.01748	0.09939	0.02035	0.02995	0.01371	0.03203	0.00612	0.00582	0.00177	0.07934	0.00455	0.00341	0.00662

[dist]
# distance from previous block
# <min> <max>
0	15

[block]
# block no. 10 follows, 44 sequences, length 18
# corresponding to MSA columns:
# 506-523
name=unknown_K
#
# <colnr> <probs for GDERKNQSTAVLIFYWHMCP>
#	G	D	E	R	K	N	Q	S	T	A	V	L	I	F	Y	W	H	M	C	P
0	0.00941	0.00833	0.01367	0.51692	0.02770	0.01024	0.01219	0.01244	0.01014	0.01348	0.01143	0.01697	0.00952	0.01799	0.28199	0.00427	0.00986	0.00520	0.00260	0.00564
1	0.01967	0.01598	0.28430	0.01177	0.01734	0.00966	0.01231	0.02328	0.01415	0.50886	0.01736	0.01606	0.01116	0.00619	0.00538	0.00170	0.00585	0.00497	0.00517	0.00885
2	0.01331	0.01191	0.01560	0.01885	0.28301	0.01302	0.01136	0.02392	0.46938	0.02100	0.04693	0.01870	0.01515	0.00664	0.00553	0.00176	0.00501	0.00584	0.00456	0.00850
3	0.01187	0.00979	0.01107	0.01072	0.01316	0.01098	0.00868	0.02271	0.49839	0.02051	0.02455	0.03491	0.02186	0.01011	0.00625	0.00208	0.00456	0.26508	0.00536	0.00735
4	0.01117	0.01624	0.28343	0.01072	0.01670	0.00918	0.01130	0.01498	0.01138	0.01759	0.00972	0.01138	0.00766	0.00444	0.00444	0.00113	0.00546	0.00351	0.00290	0.54667
5	0.01287	0.01471	0.03217	0.02298	0.02849	0.01379	0.75460	0.01746	0.01287	0.01746	0.01103	0.01471	0.00827	0.00460	0.00643	0.00184	0.00919	0.00643	0.00276	0.00735
6	0.01193	0.01193	0.01670	0.01431	0.01431	0.01670	0.01193	0.01312	0.00835	0.01312	0.00716	0.01193	0.00716	0.00954	0.01789	0.00239	0.79843	0.00477	0.00239	0.00596
7	0.00843	0.00612	0.00878	0.00959	0.01074	0.00647	0.00809	0.01074	0.01121	0.01502	0.02382	0.04731	0.02509	0.02420	0.28334	0.00472	0.00841	0.47867	0.00428	0.00497
8	0.02072	0.01527	0.01636	0.01254	0.01691	0.01691	0.01036	0.75622	0.02563	0.03436	0.01309	0.01309	0.00927	0.00654	0.00545	0.00164	0.00600	0.00491	0.00545	0.00927
9	0.02072	0.01527	0.01636	0.01254	0.01691	0.01691	0.01036	0.75622	0.02563	0.03436	0.01309	0.01309	0.00927	0.00654	0.00545	0.00164	0.00600	0.00491	0.00545	0.00927
10	0.01130	0.00969	0.01130	0.00807	0.01292	0.00727	0.00646	0.01373	0.01130	0.01776	0.00969	0.01130	0.00807	0.00404	0.00404	0.00081	0.00404	0.00323	0.00323	0.84173
11	0.02037	0.02598	0.01545	0.01404	0.01685	0.78652	0.01053	0.02177	0.01545	0.01334	0.00843	0.00983	0.00702	0.00562	0.00492	0.00140	0.00983	0.00351	0.00281	0.00632
12	0.00644	0.00552	0.00552	0.00552	0.00736	0.00460	0.00414	0.00782	0.01243	0.01473	0.05523	0.05247	0.77218	0.01381	0.00644	0.00184	0.00276	0.01151	0.00506	0.00460
13	0.02446	0.00928	0.01265	0.00970	0.01392	0.00801	0.00801	0.02657	0.01560	0.77817	0.02151	0.01856	0.01350	0.00675	0.00548	0.00169	0.00464	0.00548	0.00675	0.00928
14	0.01397	0.07257	0.23050	0.01183	0.01648	0.01263	0.01179	0.09281	0.25603	0.09821	0.01905	0.02071	0.05718	0.00730	0.00546	0.00177	0.00563	0.05359	0.00445	0.00801
15	0.01266	0.01327	0.02572	0.02502	0.29001	0.01325	0.38179	0.01625	0.01215	0.01698	0.01144	0.05778	0.00983	0.00585	0.00718	0.00183	0.08244	0.00622	0.00283	0.00751
16	0.01155	0.01688	0.30066	0.01106	0.01710	0.00969	0.01177	0.04542	0.01197	0.01826	0.00986	0.01146	0.00768	0.00457	0.00452	0.00119	0.00563	0.00360	0.00297	0.49417
17	0.01287	0.60551	0.08813	0.00934	0.01369	0.01786	0.00941	0.01491	0.01121	0.01347	0.01425	0.07001	0.08751	0.00653	0.00419	0.00136	0.00551	0.00478	0.00280	0.00666

[dist]
# distance from previous block
# <min> <max>
5	14

[block]
# block no. 11 follows, 44 sequences, length 14
# corresponding to MSA columns:
# 541-554
name=unknown_L
#
# <colnr> <probs for GDERKNQSTAVLIFYWHMCP>
#	G	D	E	R	K	N	Q	S	T	A	V	L	I	F	Y	W	H	M	C	P
0	0.01344	0.19166	0.19171	0.01553	0.04797	0.01497	0.19148	0.03856	0.04708	0.05181	0.01055	0.01256	0.00824	0.00552	0.00642	0.00165	0.08933	0.00462	0.00294	0.05397
1	0.01270	0.19512	0.32983	0.01607	0.02229	0.04490	0.23854	0.01716	0.01197	0.01622	0.00962	0.01180	0.00739	0.00486	0.00513	0.00159	0.00782	0.00446	0.00250	0.04004
2	0.01287	0.01207	0.05112	0.20819	0.02307	0.01277	0.16195	0.04103	0.10140	0.07615	0.01313	0.03492	0.01060	0.00693	0.00800	0.00190	0.15268	0.02969	0.00346	0.03808
3	0.01223	0.06840	0.22838	0.01454	0.02010	0.04033	0.21697	0.01615	0.01198	0.03450	0.01131	0.05638	0.00938	0.00539	0.00520	0.00149	0.00686	0.00506	0.00296	0.23239
4	0.29974	0.01352	0.01238	0.01007	0.01392	0.09337	0.00815	0.25352	0.05098	0.08033	0.01137	0.01184	0.00840	0.00570	0.00453	0.00154	0.00538	0.00400	0.00431	0.10695
5	0.00861	0.00693	0.01005	0.25383	0.01750	0.00747	0.00852	0.01111	0.01245	0.01664	0.27527	0.03598	0.08726	0.10513	0.00883	0.00230	0.00475	0.11789	0.00434	0.00515
6	0.01130	0.01071	0.01816	0.55692	0.26811	0.01238	0.01564	0.01481	0.01137	0.01514	0.00987	0.01421	0.00770	0.00527	0.00543	0.00176	0.00702	0.00485	0.00251	0.00686
7	0.01192	0.00844	0.00936	0.00817	0.00959	0.00901	0.00571	0.24217	0.01351	0.01813	0.01576	0.02782	0.01618	0.51482	0.06299	0.00434	0.00603	0.00687	0.00395	0.00526
8	0.00992	0.00709	0.00923	0.00981	0.01124	0.00726	0.00830	0.08833	0.01336	0.01751	0.02583	0.05339	0.02770	0.10868	0.00972	0.00275	0.00515	0.57460	0.00486	0.00526
9	0.02072	0.01527	0.01636	0.01254	0.01691	0.01691	0.01036	0.75622	0.02563	0.03436	0.01309	0.01309	0.00927	0.00654	0.00545	0.00164	0.00600	0.00491	0.00545	0.00927
10	0.01076	0.01011	0.01477	0.01250	0.01301	0.01286	0.07806	0.01190	0.00864	0.01273	0.01065	0.01962	0.01122	0.25905	0.01991	0.00324	0.47710	0.00591	0.00271	0.00526
11	0.01224	0.30951	0.51030	0.01331	0.02015	0.01586	0.01626	0.01693	0.01135	0.01567	0.00899	0.01052	0.00694	0.00499	0.00458	0.00153	0.00726	0.00363	0.00231	0.00768
12	0.01674	0.01982	0.01336	0.01279	0.01511	0.54238	0.00999	0.01849	0.01454	0.01427	0.01482	0.02600	0.01464	0.00857	0.00573	0.00175	0.00833	0.23324	0.00350	0.00591
13	0.00777	0.00584	0.00736	0.00775	0.00919	0.00544	0.00632	0.00995	0.01336	0.01746	0.25394	0.05270	0.26079	0.01354	0.00688	0.00208	0.00362	0.30578	0.00532	0.00493

[dist]
# distance from previous block
# <min> <max>
1	27

[block]
# block no. 12 follows, 44 sequences, length 211
# corresponding to MSA columns:
# 582-792
name=unknown_M
#
# <colnr> <probs for GDERKNQSTAVLIFYWHMCP>
#	G	D	E	R	K	N	Q	S	T	A	V	L	I	F	Y	W	H	M	C	P
0	0.00930	0.00797	0.01251	0.01352	0.13128	0.00765	0.09355	0.02840	0.03163	0.01642	0.08881	0.38636	0.04766	0.03263	0.02673	0.00218	0.00479	0.01069	0.00435	0.04358
1	0.15238	0.01300	0.03907	0.10144	0.04317	0.03031	0.34869	0.01721	0.01206	0.08628	0.02851	0.01420	0.00912	0.00545	0.00630	0.00179	0.05647	0.00534	0.00323	0.02599
2	0.01066	0.00940	0.01393	0.46690	0.02689	0.01025	0.01155	0.05077	0.01170	0.01593	0.01221	0.10475	0.01089	0.00649	0.00527	0.00160	0.00592	0.00567	0.00308	0.21614
3	0.01215	0.01298	0.02557	0.01835	0.02351	0.01168	0.52845	0.01604	0.01245	0.01740	0.01293	0.01576	0.04694	0.00492	0.00583	0.00158	0.00757	0.00589	0.00299	0.21700
4	0.72797	0.01122	0.00921	0.00794	0.01146	0.01290	0.00655	0.12258	0.01163	0.02589	0.00838	0.00947	0.00639	0.00527	0.00367	0.00168	0.00447	0.00323	0.00367	0.00639
5	0.02072	0.01527	0.01636	0.01254	0.01691	0.01691	0.01036	0.75622	0.02563	0.03436	0.01309	0.01309	0.00927	0.00654	0.00545	0.00164	0.00600	0.00491	0.00545	0.00927
6	0.34697	0.01153	0.01377	0.01077	0.01483	0.01201	0.09368	0.15854	0.01468	0.25322	0.01323	0.01326	0.00910	0.00580	0.00475	0.00169	0.00525	0.00449	0.00471	0.00772
7	0.01720	0.25468	0.01891	0.01088	0.01495	0.01688	0.00941	0.43013	0.03690	0.02615	0.09905	0.01513	0.01361	0.00653	0.00498	0.00151	0.00551	0.00491	0.00458	0.00809
8	0.25221	0.01842	0.01364	0.01166	0.01510	0.33692	0.00918	0.24205	0.01680	0.02281	0.00960	0.01054	0.00739	0.00574	0.00465	0.00155	0.00710	0.00378	0.00377	0.00710
9	0.00664	0.00474	0.00633	0.00759	0.00791	0.00443	0.00506	0.00759	0.01044	0.01392	0.03005	0.80485	0.03606	0.01708	0.00696	0.00221	0.00316	0.01550	0.00506	0.00443
10	0.02446	0.00928	0.01265	0.00970	0.01392	0.00801	0.00801	0.02657	0.01560	0.77817	0.02151	0.01856	0.01350	0.00675	0.00548	0.00169	0.00464	0.00548	0.00675	0.00928
11	0.01030	0.00969	0.01635	0.79530	0.03755	0.01211	0.01514	0.01393	0.01090	0.01393	0.00969	0.01453	0.00727	0.00545	0.00545	0.00182	0.00727	0.00484	0.00242	0.00606
12	0.01257	0.01413	0.03035	0.11200	0.02954	0.01359	0.66936	0.01706	0.01264	0.01706	0.01088	0.01469	0.00816	0.00469	0.00632	0.00184	0.00897	0.00625	0.00272	0.00720
13	0.02148	0.00994	0.01256	0.01008	0.01399	0.00953	0.00818	0.02722	0.22016	0.57186	0.02169	0.01904	0.01435	0.00692	0.00550	0.00173	0.00455	0.00567	0.00642	0.00910
14	0.00664	0.00474	0.00633	0.00759	0.00791	0.00443	0.00506	0.00759	0.01044	0.01392	0.03005	0.80485	0.03606	0.01708	0.00696	0.00221	0.00316	0.01550	0.00506	0.00443
15	0.00847	0.00606	0.00841	0.00957	0.01072	0.00599	0.00814	0.01081	0.01248	0.01637	0.07313	0.14595	0.03311	0.01506	0.00740	0.00243	0.00466	0.61121	0.00508	0.00496
16	0.02403	0.00997	0.01308	0.01003	0.01426	0.00904	0.00828	0.11067	0.01676	0.69243	0.02054	0.01793	0.01301	0.00672	0.00548	0.00168	0.00480	0.00542	0.00660	0.00928
17	0.02446	0.00928	0.01265	0.00970	0.01392	0.00801	0.00801	0.02657	0.01560	0.77817	0.02151	0.01856	0.01350	0.00675	0.00548	0.00169	0.00464	0.00548	0.00675	0.00928
18	0.01229	0.01300	0.02266	0.01765	0.01978	0.01558	0.29814	0.01479	0.01009	0.01479	0.00865	0.01300	0.00759	0.00764	0.01348	0.00217	0.49427	0.00541	0.00253	0.00650
19	0.01471	0.00712	0.00953	0.00804	0.01055	0.00634	0.00634	0.01709	0.01550	0.33764	0.45837	0.03147	0.03560	0.00931	0.00603	0.00170	0.00344	0.00803	0.00631	0.00687
20	0.00664	0.00474	0.00633	0.00759	0.00791	0.00443	0.00506	0.00759	0.01044	0.01392	0.03005	0.80485	0.03606	0.01708	0.00696	0.00221	0.00316	0.01550	0.00506	0.00443
21	0.02047	0.02298	0.01571	0.01362	0.01687	0.57075	0.01049	0.22768	0.01830	0.01923	0.00973	0.01074	0.00765	0.00588	0.00507	0.00147	0.00876	0.00390	0.00355	0.00715
22	0.00664	0.00474	0.00633	0.00759	0.00791	0.00443	0.00506	0.00759	0.01044	0.01392	0.03005	0.80485	0.03606	0.01708	0.00696	0.00221	0.00316	0.01550	0.00506	0.00443
23	0.00644	0.00552	0.00552	0.00552	0.00736	0.00460	0.00414	0.00782	0.01243	0.01473	0.05523	0.05247	0.77218	0.01381	0.00644	0.00184	0.00276	0.01151	0.00506	0.00460
24	0.01130	0.00969	0.01130	0.00807	0.01292	0.00727	0.00646	0.01373	0.01130	0.01776	0.00969	0.01130	0.00807	0.00404	0.00404	0.00081	0.00404	0.00323	0.00323	0.84173
25	0.02140	0.00996	0.01256	0.01009	0.01399	0.00957	0.00819	0.02724	0.22558	0.56639	0.02170	0.01906	0.01438	0.00693	0.00550	0.00173	0.00455	0.00567	0.00641	0.00910
