[name]
unknown

[dist]
# distance from previous block
# <min> <max>
0	37

[block]
# block no. 0 follows, 49 sequences, length 16
# corresponding to MSA columns:
# 45-60
name=unknown_A
#
# <colnr> <probs for GDERKNQSTAVLIFYWHMCP>
#	G	D	E	R	K	N	Q	S	T	A	V	L	I	F	Y	W	H	M	C	P
0	0.00749	0.00540	0.00759	0.00854	0.00945	0.00549	0.00697	0.00937	0.01052	0.01397	0.02463	0.23641	0.02716	0.01880	0.15196	0.00332	0.00586	0.43827	0.00431	0.00450
1	0.10611	0.02077	0.01377	0.01211	0.01503	0.57434	0.00929	0.15912	0.01548	0.01705	0.00854	0.00958	0.00679	0.00532	0.00450	0.00137	0.00792	0.00344	0.00311	0.00633
2	0.02269	0.00861	0.01174	0.00900	0.01291	0.00743	0.00743	0.02464	0.01447	0.79425	0.01995	0.01721	0.01252	0.00626	0.00509	0.00156	0.00430	0.00509	0.00626	0.00861
3	0.00723	0.00522	0.00687	0.00659	0.00778	0.00485	0.00504	0.00962	0.01410	0.01987	0.72825	0.03929	0.04625	0.01062	0.00604	0.00165	0.00256	0.06789	0.00549	0.00476
4	0.01049	0.00899	0.01049	0.00749	0.01198	0.00674	0.00599	0.01273	0.01049	0.01648	0.00899	0.01049	0.00749	0.00374	0.00374	0.00075	0.00374	0.00300	0.00300	0.85320
5	0.01049	0.00899	0.01049	0.00749	0.01198	0.00674	0.00599	0.01273	0.01049	0.01648	0.00899	0.01049	0.00749	0.00374	0.00374	0.00075	0.00374	0.00300	0.00300	0.85320
6	0.01049	0.00899	0.01049	0.00749	0.01198	0.00674	0.00599	0.01273	0.01049	0.01648	0.00899	0.01049	0.00749	0.00374	0.00374	0.00075	0.00374	0.00300	0.00300	0.85320
7	0.01574	0.07532	0.01389	0.00952	0.01375	0.01169	0.00790	0.34097	0.01659	0.10352	0.01133	0.01171	0.00841	0.00505	0.00441	0.00119	0.00471	0.00386	0.00416	0.33629
8	0.01603	0.01054	0.01217	0.01003	0.01314	0.01111	0.00827	0.40079	0.04018	0.14668	0.13130	0.02406	0.01847	0.00801	0.00551	0.00167	0.00471	0.12468	0.00526	0.00739
9	0.00616	0.00440	0.00587	0.00704	0.00733	0.00411	0.00469	0.00704	0.00968	0.01291	0.02787	0.81899	0.03344	0.01584	0.00645	0.00205	0.00293	0.01438	0.00469	0.00411
10	0.01544	0.01567	0.01359	0.01157	0.01437	0.33915	0.08739	0.08463	0.14263	0.04377	0.01266	0.01363	0.00975	0.00563	0.00467	0.00142	0.00643	0.00441	0.16675	0.00643
11	0.24487	0.01270	0.01137	0.00987	0.01259	0.15324	0.00785	0.07747	0.17930	0.10300	0.04876	0.01364	0.01093	0.00621	0.00566	0.00161	0.08595	0.00434	0.00398	0.00664
12	0.04268	0.01214	0.01458	0.44299	0.06983	0.13572	0.01198	0.07471	0.09212	0.03950	0.01055	0.01312	0.00796	0.00534	0.00492	0.00160	0.00652	0.00439	0.00299	0.00636
13	0.37110	0.01070	0.01122	0.11580	0.01517	0.01197	0.00804	0.24006	0.01378	0.07830	0.01004	0.01123	0.00741	0.00640	0.03242	0.00177	0.00514	0.00378	0.00379	0.04188
14	0.12444	0.00895	0.01181	0.16384	0.07684	0.01004	0.00898	0.11019	0.02513	0.04923	0.01123	0.01479	0.00932	0.03189	0.23850	0.00354	0.03474	0.00455	0.00316	0.05885
15	0.28823	0.01082	0.01408	0.04745	0.01535	0.04353	0.18250	0.07803	0.05154	0.01955	0.07836	0.01528	0.02689	0.03417	0.02705	0.00185	0.00559	0.00485	0.00342	0.05146

[dist]
# distance from previous block
# <min> <max>
1	33

[block]
# block no. 1 follows, 49 sequences, length 19
# corresponding to MSA columns:
# 94-112
name=unknown_B
#
# <colnr> <probs for GDERKNQSTAVLIFYWHMCP>
#	G	D	E	R	K	N	Q	S	T	A	V	L	I	F	Y	W	H	M	C	P
0	0.55450	0.01089	0.00968	0.00813	0.01151	0.02699	0.00666	0.16859	0.05218	0.07186	0.00963	0.01019	0.00713	0.00516	0.00379	0.00154	0.00437	0.00342	0.00380	0.03000
1	0.01070	0.00851	0.01078	0.08683	0.10301	0.00901	0.00802	0.01711	0.27977	0.07097	0.14405	0.04706	0.16659	0.00829	0.00544	0.00167	0.00396	0.00712	0.00461	0.00650
2	0.01923	0.01263	0.01404	0.01093	0.01482	0.01361	0.00898	0.53481	0.10419	0.19135	0.01470	0.01394	0.01017	0.00620	0.00507	0.00155	0.00513	0.00479	0.00532	0.00854
3	0.01252	0.01201	0.02053	0.03104	0.79074	0.01201	0.01552	0.01552	0.01151	0.01652	0.00951	0.01252	0.00801	0.00451	0.00501	0.00150	0.00601	0.00451	0.00250	0.00801
4	0.01219	0.01030	0.01449	0.01224	0.01338	0.01311	0.04611	0.05505	0.05742	0.08814	0.01022	0.01357	0.00876	0.01228	0.12641	0.00291	0.48954	0.00479	0.00302	0.00606
5	0.68126	0.01070	0.00906	0.00770	0.01102	0.01226	0.00635	0.17480	0.01180	0.02462	0.00812	0.00904	0.00613	0.00498	0.00354	0.00155	0.00426	0.00312	0.00354	0.00613
6	0.00722	0.00542	0.00813	0.00813	0.00903	0.00632	0.00632	0.00903	0.00813	0.01174	0.01354	0.01987	0.01264	0.03792	0.80225	0.00813	0.01354	0.00542	0.00271	0.00451
7	0.01451	0.01210	0.01393	0.01163	0.01409	0.01452	0.00945	0.28918	0.28963	0.02240	0.01358	0.01423	0.01048	0.00715	0.00839	0.00179	0.23623	0.00493	0.00427	0.00751
8	0.01387	0.01143	0.01218	0.01033	0.01361	0.01272	0.00817	0.19324	0.53828	0.02312	0.01759	0.01656	0.01315	0.00639	0.00499	0.00158	0.00433	0.00520	0.00492	0.08836
9	0.00658	0.00497	0.00618	0.00699	0.00793	0.00457	0.00525	0.00793	0.01073	0.01367	0.03489	0.39654	0.26796	0.01445	0.00643	0.00201	0.00323	0.19072	0.00469	0.00429
10	0.01186	0.43219	0.40509	0.01149	0.01736	0.01594	0.01359	0.01557	0.01047	0.01392	0.00804	0.00937	0.00645	0.00456	0.00401	0.00134	0.00642	0.00321	0.00215	0.00697
11	0.01904	0.01244	0.01385	0.01080	0.01460	0.01337	0.00883	0.52472	0.09332	0.19268	0.01470	0.01437	0.01032	0.02609	0.00558	0.00163	0.00513	0.00484	0.00527	0.00841
12	0.00642	0.00526	0.00574	0.00597	0.00757	0.00458	0.00472	0.00791	0.01155	0.01396	0.04626	0.05037	0.63441	0.01304	0.00618	0.00183	0.00299	0.16220	0.00469	0.00435
13	0.01789	0.01211	0.01417	0.01120	0.01439	0.01355	0.00924	0.46575	0.01855	0.17275	0.01282	0.01337	0.00926	0.00835	0.05203	0.00201	0.13528	0.00468	0.00470	0.00788
14	0.01268	0.01329	0.02858	0.02046	0.02549	0.01242	0.71931	0.01678	0.01211	0.07018	0.01090	0.01389	0.00801	0.00440	0.00591	0.00170	0.00823	0.00591	0.00281	0.00694
15	0.00762	0.00582	0.00817	0.00796	0.00855	0.00683	0.00595	0.00891	0.00790	0.01129	0.01349	0.02235	0.01351	0.23206	0.53275	0.00676	0.08725	0.00581	0.00275	0.00425
16	0.01514	0.01072	0.01190	0.00999	0.01312	0.01172	0.00796	0.21682	0.38529	0.13708	0.10719	0.01908	0.01699	0.00697	0.00521	0.00163	0.00426	0.00572	0.00533	0.00787
17	0.06552	0.01750	0.01179	0.01058	0.01319	0.48627	0.00806	0.04677	0.01378	0.08385	0.01817	0.01824	0.17189	0.00691	0.00484	0.00144	0.00687	0.00500	0.00350	0.00586
18	0.01520	0.01058	0.01211	0.00922	0.01326	0.01005	0.00747	0.24690	0.08512	0.14575	0.03090	0.01346	0.01029	0.00529	0.00454	0.00122	0.00438	0.00419	0.00440	0.36570

[dist]
# distance from previous block
# <min> <max>
1	5

[block]
# block no. 2 follows, 49 sequences, length 6
# corresponding to MSA columns:
# 118-123
name=unknown_C
#
# <colnr> <probs for GDERKNQSTAVLIFYWHMCP>
#	G	D	E	R	K	N	Q	S	T	A	V	L	I	F	Y	W	H	M	C	P
0	0.18825	0.00727	0.00793	0.00723	0.00921	0.00757	0.00562	0.10090	0.01288	0.04572	0.27625	0.09489	0.11450	0.01206	0.08580	0.00229	0.00434	0.00737	0.00455	0.00536
1	0.57992	0.01051	0.01174	0.01467	0.26664	0.01156	0.00878	0.01508	0.00956	0.02066	0.00785	0.00963	0.00631	0.00463	0.00375	0.00154	0.00460	0.00332	0.00292	0.00631
2	0.01159	0.01107	0.01885	0.27406	0.55495	0.01177	0.01506	0.01471	0.01108	0.01540	0.00935	0.01282	0.00761	0.00468	0.00502	0.00156	0.00624	0.00450	0.00242	0.00726
3	0.01032	0.00977	0.01656	0.60792	0.23103	0.01144	0.01443	0.01359	0.01048	0.01385	0.00912	0.01323	0.00707	0.00491	0.00504	0.00164	0.00655	0.00450	0.00231	0.00624
4	0.19091	0.01115	0.01599	0.18990	0.37324	0.01214	0.01239	0.10438	0.01205	0.01886	0.00919	0.01177	0.00727	0.00485	0.00463	0.00156	0.00567	0.00414	0.00288	0.00703
5	0.16148	0.01029	0.01165	0.00959	0.01233	0.08924	0.07948	0.05545	0.01224	0.20794	0.03379	0.03566	0.01117	0.00615	0.00534	0.00153	0.06302	0.00477	0.18252	0.00636

[dist]
# distance from previous block
# <min> <max>
3	5

[block]
# block no. 3 follows, 49 sequences, length 6
# corresponding to MSA columns:
# 129-134
name=unknown_D
#
# <colnr> <probs for GDERKNQSTAVLIFYWHMCP>
#	G	D	E	R	K	N	Q	S	T	A	V	L	I	F	Y	W	H	M	C	P
0	0.01202	0.47112	0.36759	0.01121	0.01693	0.01635	0.01310	0.01553	0.01045	0.01372	0.00794	0.00925	0.00645	0.00454	0.00394	0.00131	0.00632	0.00316	0.00215	0.00693
1	0.00839	0.11150	0.10988	0.00899	0.01115	0.00873	0.00818	0.01068	0.00872	0.01230	0.01216	0.01722	0.01108	0.02951	0.60080	0.00641	0.01175	0.00486	0.00257	0.00514
2	0.00732	0.00505	0.00627	0.00627	0.00653	0.00531	0.00400	0.00784	0.00758	0.01036	0.01524	0.02927	0.01672	0.59567	0.25009	0.00583	0.00740	0.00679	0.00296	0.00348
3	0.01142	0.51254	0.09338	0.00829	0.01167	0.01486	0.00799	0.01297	0.00947	0.01168	0.00980	0.01557	0.00992	0.24070	0.00989	0.00223	0.00546	0.00415	0.00242	0.00559
4	0.01251	0.58578	0.25718	0.01038	0.01565	0.01753	0.01166	0.01540	0.01040	0.01313	0.00764	0.00888	0.00646	0.00447	0.00371	0.00124	0.00603	0.00301	0.00215	0.00678
5	0.01258	0.60265	0.24094	0.01026	0.01546	0.01771	0.01145	0.01538	0.01039	0.01304	0.00760	0.00883	0.00647	0.00446	0.00368	0.00123	0.00598	0.00299	0.00216	0.00676

[dist]
# distance from previous block
# <min> <max>
3	15

[block]
# block no. 4 follows, 49 sequences, length 14
# corresponding to MSA columns:
# 150-163
name=unknown_E
#
# <colnr> <probs for GDERKNQSTAVLIFYWHMCP>
#	G	D	E	R	K	N	Q	S	T	A	V	L	I	F	Y	W	H	M	C	P
0	0.01275	0.01963	0.33741	0.01525	0.02051	0.10221	0.19978	0.10789	0.01276	0.01731	0.00941	0.01142	0.00705	0.00512	0.00590	0.00159	0.06592	0.00435	0.00269	0.04104
1	0.00889	0.00873	0.01697	0.05340	0.01718	0.00831	0.34576	0.01140	0.01070	0.01437	0.01910	0.42152	0.02068	0.01017	0.00617	0.00188	0.00560	0.01015	0.00362	0.00539
2	0.01774	0.07507	0.19107	0.01064	0.01549	0.00956	0.04471	0.02068	0.01288	0.46434	0.01523	0.01437	0.01007	0.00550	0.00482	0.00148	0.00525	0.00448	0.00460	0.07202
3	0.00722	0.00542	0.00813	0.00813	0.00903	0.00632	0.00632	0.00903	0.00813	0.01174	0.01354	0.01987	0.01264	0.03792	0.80225	0.00813	0.01354	0.00542	0.00271	0.00451
4	0.00628	0.00555	0.00637	0.00594	0.00782	0.00470	0.04258	0.00771	0.01155	0.01379	0.04916	0.04690	0.74932	0.01238	0.00598	0.00171	0.00286	0.01043	0.00459	0.00440
5	0.01049	0.00899	0.01049	0.00749	0.01198	0.00674	0.00599	0.01273	0.01049	0.01648	0.00899	0.01049	0.00749	0.00374	0.00374	0.00075	0.00374	0.00300	0.00300	0.85320
6	0.02269	0.00861	0.01174	0.00900	0.01291	0.00743	0.00743	0.02464	0.01447	0.79425	0.01995	0.01721	0.01252	0.00626	0.00509	0.00156	0.00430	0.00509	0.00626	0.00861
7	0.01064	0.06040	0.08841	0.00824	0.01301	0.00804	0.00740	0.01320	0.01049	0.01615	0.00888	0.01036	0.00732	0.00388	0.00382	0.00085	0.00421	0.00305	0.00286	0.71877
8	0.81043	0.01059	0.00782	0.00701	0.01011	0.05618	0.00572	0.01517	0.00893	0.02210	0.00708	0.00827	0.00554	0.00472	0.00321	0.00155	0.00421	0.00277	0.00310	0.00550
9	0.01922	0.01416	0.01518	0.01163	0.01568	0.01568	0.00961	0.77388	0.02378	0.03187	0.01214	0.01214	0.00860	0.00607	0.00506	0.00152	0.00556	0.00455	0.00506	0.00860
10	0.01049	0.00899	0.01049	0.00749	0.01198	0.00674	0.00599	0.01273	0.01049	0.01648	0.00899	0.01049	0.00749	0.00374	0.00374	0.00075	0.00374	0.00300	0.00300	0.85320
11	0.49504	0.01105	0.01040	0.00851	0.01202	0.01229	0.00702	0.25866	0.01412	0.11316	0.01014	0.01049	0.00727	0.00531	0.00397	0.00155	0.00448	0.00358	0.00410	0.00683
12	0.06580	0.00918	0.01142	0.05780	0.01377	0.02784	0.00770	0.07053	0.05383	0.45272	0.01669	0.03458	0.01172	0.00924	0.08233	0.00217	0.00545	0.00500	0.00504	0.05723
13	0.01366	0.04668	0.01787	0.05351	0.09340	0.01018	0.21976	0.04764	0.02734	0.16923	0.06322	0.01565	0.02629	0.00530	0.00506	0.00143	0.00559	0.00510	0.00372	0.16938

[dist]
# distance from previous block
# <min> <max>
2	26

[block]
# block no. 5 follows, 49 sequences, length 25
# corresponding to MSA columns:
# 190-214
name=unknown_F
#
# <colnr> <probs for GDERKNQSTAVLIFYWHMCP>
#	G	D	E	R	K	N	Q	S	T	A	V	L	I	F	Y	W	H	M	C	P
0	0.01581	0.24740	0.15673	0.01133	0.01595	0.06409	0.01092	0.36014	0.03500	0.02194	0.01008	0.01071	0.00765	0.00532	0.00447	0.00140	0.00604	0.00383	0.00357	0.00762
1	0.01422	0.52089	0.14762	0.01022	0.01500	0.01774	0.01047	0.18001	0.01327	0.01689	0.00847	0.00940	0.00693	0.00478	0.00389	0.00126	0.00577	0.00327	0.00279	0.00711
2	0.01603	0.35886	0.08652	0.01061	0.01507	0.01718	0.00998	0.38784	0.01694	0.02206	0.00971	0.01031	0.00752	0.00522	0.00427	0.00134	0.00566	0.00370	0.00358	0.00761
3	0.01161	0.37327	0.46182	0.01191	0.01802	0.01533	0.01433	0.01564	0.01050	0.01423	0.00819	0.00956	0.00644	0.00460	0.00413	0.00138	0.00658	0.00329	0.00215	0.00705
4	0.01069	0.15514	0.67188	0.01348	0.02045	0.01308	0.01706	0.01587	0.01061	0.01535	0.00874	0.01026	0.00642	0.00473	0.00455	0.00152	0.00714	0.00357	0.00214	0.00731
5	0.01352	0.82533	0.02650	0.00865	0.01298	0.02001	0.00865	0.01514	0.01027	0.01190	0.00703	0.00811	0.00649	0.00433	0.00324	0.00108	0.00541	0.00270	0.00216	0.00649
6	0.01046	0.01051	0.08007	0.00810	0.01286	0.00718	0.00712	0.01302	0.01050	0.01644	0.00900	0.01050	0.00739	0.00384	0.00384	0.00082	0.00408	0.00306	0.00292	0.77829
7	0.00616	0.00440	0.00587	0.00704	0.00733	0.00411	0.00469	0.00704	0.00968	0.01291	0.02787	0.81899	0.03344	0.01584	0.00645	0.00205	0.00293	0.01438	0.00469	0.00411
8	0.01267	0.62479	0.21962	0.01010	0.01521	0.01793	0.01117	0.01536	0.01038	0.01293	0.00754	0.00876	0.00647	0.00445	0.00364	0.00121	0.00593	0.00296	0.00216	0.00674
9	0.01818	0.01072	0.01933	0.01416	0.01858	0.00968	0.32832	0.02110	0.01341	0.46786	0.01587	0.01571	0.01049	0.00542	0.00546	0.00162	0.00607	0.00546	0.00471	0.00786
10	0.00734	0.00494	0.00572	0.00572	0.00579	0.00501	0.00332	0.00749	0.00741	0.00996	0.01575	0.03205	0.01793	0.76078	0.08663	0.00516	0.00558	0.00720	0.00304	0.00318
11	0.00815	0.00582	0.00815	0.00931	0.01048	0.00582	0.00815	0.01048	0.01164	0.01513	0.02677	0.05704	0.02910	0.01397	0.00698	0.00233	0.00466	0.75671	0.00466	0.00466
12	0.02155	0.00839	0.01145	0.00902	0.01272	0.00731	0.00749	0.02353	0.01425	0.73315	0.02048	0.02033	0.01382	0.00686	0.00523	0.00162	0.00433	0.06403	0.00613	0.00830
13	0.71258	0.01226	0.00863	0.00776	0.01079	0.14837	0.00622	0.01579	0.00960	0.02090	0.00718	0.00837	0.00566	0.00478	0.00338	0.00152	0.00481	0.00283	0.00304	0.00554
14	0.00603	0.00493	0.00533	0.00564	0.00697	0.00422	0.00407	0.00720	0.01102	0.01346	0.04487	0.25838	0.58308	0.01363	0.00611	0.00180	0.00266	0.01168	0.00470	0.00422
15	0.01250	0.02383	0.50148	0.01544	0.05138	0.19978	0.09308	0.01701	0.01171	0.01519	0.00891	0.01068	0.00662	0.00483	0.00487	0.00154	0.00791	0.00388	0.00230	0.00705
16	0.01202	0.01666	0.24963	0.02115	0.21118	0.01206	0.33505	0.01635	0.01158	0.05008	0.01014	0.01266	0.00760	0.00457	0.00536	0.00162	0.00742	0.00492	0.00258	0.00738
17	0.01296	0.01506	0.09396	0.01845	0.02332	0.07428	0.53977	0.01785	0.07736	0.05828	0.01134	0.01366	0.00839	0.00471	0.00564	0.00166	0.00787	0.00549	0.00294	0.00700
18	0.00812	0.00757	0.05249	0.01026	0.07634	0.00642	0.07442	0.01079	0.01331	0.01879	0.55156	0.09330	0.03745	0.00944	0.00586	0.00163	0.00355	0.00859	0.00479	0.00532
19	0.01098	0.01866	0.41819	0.01690	0.17828	0.01116	0.05427	0.05591	0.01138	0.01664	0.00978	0.01209	0.00756	0.00763	0.07547	0.00209	0.00734	0.00414	0.00251	0.07901
20	0.01124	0.01055	0.01768	0.09815	0.56042	0.01067	0.02930	0.01408	0.01137	0.01578	0.01431	0.03608	0.06181	0.00627	0.00532	0.00163	0.00570	0.07966	0.00288	0.00711
21	0.01039	0.02335	0.66002	0.01346	0.02027	0.01139	0.01666	0.01670	0.07895	0.01651	0.01009	0.01139	0.00730	0.00490	0.00474	0.00154	0.00685	0.00385	0.00247	0.07918
22	0.01556	0.01359	0.01778	0.02358	0.50085	0.14947	0.01296	0.03703	0.01283	0.15097	0.01109	0.01273	0.00854	0.00497	0.00494	0.00148	0.00624	0.00439	0.00324	0.00775
23	0.01219	0.01115	0.01489	0.14802	0.22390	0.09707	0.05166	0.01578	0.07260	0.06392	0.15055	0.01751	0.01556	0.00594	0.00510	0.00149	0.00550	0.00528	0.00350	0.07838
24	0.01215	0.01061	0.01859	0.17983	0.36257	0.01082	0.13243	0.01523	0.01146	0.08147	0.01235	0.01666	0.02383	0.00615	0.02258	0.00176	0.00635	0.04550	0.02266	0.00700

[dist]
# distance from previous block
# <min> <max>
4	20

[block]
# block no. 6 follows, 49 sequences, length 31
# corresponding to MSA columns:
# 235-265
name=unknown_G
#
# <colnr> <probs for GDERKNQSTAVLIFYWHMCP>
#	G	D	E	R	K	N	Q	S	T	A	V	L	I	F	Y	W	H	M	C	P
0	0.01266	0.18375	0.01609	0.01255	0.13579	0.01171	0.03480	0.08299	0.09381	0.06599	0.10115	0.05645	0.01456	0.00607	0.00466	0.00136	0.00465	0.00512	0.00372	0.15213
1	0.01260	0.02645	0.05666	0.01302	0.04385	0.09289	0.18568	0.10366	0.01286	0.01760	0.03230	0.03986	0.00953	0.00507	0.00497	0.00129	0.01983	0.00457	0.00314	0.31417
2	0.01597	0.01364	0.07127	0.01683	0.23327	0.04271	0.01142	0.27339	0.14223	0.10776	0.01326	0.01369	0.00975	0.00566	0.00502	0.00155	0.00556	0.00468	0.00419	0.00815
3	0.01242	0.01218	0.02122	0.02735	0.58482	0.01220	0.14325	0.01675	0.08705	0.01692	0.01072	0.01333	0.00868	0.00470	0.00518	0.00156	0.00624	0.00487	0.00277	0.00781
4	0.60250	0.00977	0.00879	0.00755	0.01082	0.01084	0.00618	0.03502	0.08577	0.16470	0.01086	0.01100	0.00782	0.00523	0.00373	0.00158	0.00403	0.00350	0.00395	0.00637
5	0.00881	0.00715	0.00902	0.00956	0.08551	0.00723	0.00647	0.01389	0.19095	0.01943	0.45807	0.03206	0.11326	0.00922	0.00568	0.00162	0.00313	0.00806	0.00508	0.00578
6	0.00955	0.00899	0.01517	0.81013	0.03483	0.01123	0.01404	0.01292	0.01011	0.01292	0.00899	0.01348	0.00674	0.00506	0.00506	0.00169	0.00674	0.00449	0.00225	0.00562
7	0.60272	0.00978	0.00891	0.00772	0.01077	0.01110	0.00632	0.01737	0.08519	0.13872	0.01030	0.01077	0.00758	0.00537	0.00435	0.00161	0.04797	0.00348	0.00375	0.00620
8	0.01352	0.82533	0.02650	0.00865	0.01298	0.02001	0.00865	0.01514	0.01027	0.01190	0.00703	0.00811	0.00649	0.00433	0.00324	0.00108	0.00541	0.00270	0.00216	0.00649
9	0.00598	0.00512	0.00512	0.00512	0.00683	0.00427	0.00384	0.00726	0.01153	0.01366	0.05123	0.04866	0.78869	0.01281	0.00598	0.00171	0.00256	0.01067	0.00470	0.00427
10	0.01352	0.82533	0.02650	0.00865	0.01298	0.02001	0.00865	0.01514	0.01027	0.01190	0.00703	0.00811	0.00649	0.00433	0.00324	0.00108	0.00541	0.00270	0.00216	0.00649
11	0.01289	0.67660	0.16972	0.00972	0.01464	0.01847	0.01052	0.01530	0.01035	0.01266	0.00741	0.00859	0.00647	0.00442	0.00353	0.00118	0.00579	0.00290	0.00216	0.00667
12	0.00966	0.02224	0.64704	0.01326	0.01951	0.01053	0.01645	0.01482	0.01089	0.01597	0.04113	0.04458	0.01154	0.00646	0.00516	0.00170	0.00680	0.09268	0.00265	0.00693
13	0.01352	0.82533	0.02650	0.00865	0.01298	0.02001	0.00865	0.01514	0.01027	0.01190	0.00703	0.00811	0.00649	0.00433	0.00324	0.00108	0.00541	0.00270	0.00216	0.00649
14	0.01381	0.78174	0.02584	0.00889	0.01312	0.06255	0.00871	0.01542	0.01050	0.01192	0.00707	0.00817	0.00649	0.00437	0.00332	0.00109	0.00561	0.00273	0.00219	0.00646
15	0.01014	0.02616	0.79609	0.01441	0.02189	0.01174	0.01868	0.01601	0.01068	0.01601	0.00907	0.01068	0.00641	0.00480	0.00480	0.00160	0.00747	0.00374	0.00214	0.00747
16	0.01014	0.02616	0.79609	0.01441	0.02189	0.01174	0.01868	0.01601	0.01068	0.01601	0.00907	0.01068	0.00641	0.00480	0.00480	0.00160	0.00747	0.00374	0.00214	0.00747
17	0.01922	0.01416	0.01518	0.01163	0.01568	0.01568	0.00961	0.77388	0.02378	0.03187	0.01214	0.01214	0.00860	0.00607	0.00506	0.00152	0.00556	0.00455	0.00506	0.00860
18	0.00722	0.00542	0.00813	0.00813	0.00903	0.00632	0.00632	0.00903	0.00813	0.01174	0.01354	0.01987	0.01264	0.03792	0.80225	0.00813	0.01354	0.00542	0.00271	0.00451
19	0.00722	0.00542	0.00813	0.00813	0.00903	0.00632	0.00632	0.00903	0.00813	0.01174	0.01354	0.01987	0.01264	0.03792	0.80225	0.00813	0.01354	0.00542	0.00271	0.00451
20	0.01000	0.00945	0.01598	0.69224	0.14922	0.01135	0.01427	0.01331	0.01032	0.01346	0.00907	0.01334	0.00693	0.00497	0.00505	0.00166	0.00663	0.00450	0.00229	0.00598
21	0.00723	0.00538	0.00792	0.00792	0.00875	0.00621	0.00606	0.00890	0.00807	0.01158	0.01373	0.02092	0.01310	0.10031	0.74049	0.00787	0.01286	0.00557	0.00274	0.00440
22	0.00799	0.00571	0.00797	0.00913	0.01023	0.00568	0.00787	0.01020	0.01148	0.01496	0.02686	0.11764	0.02945	0.01412	0.00694	0.00231	0.00452	0.69767	0.00466	0.00461
23	0.01088	0.02151	0.52956	0.01873	0.17559	0.01195	0.12836	0.01594	0.01103	0.01614	0.00933	0.01148	0.00691	0.00467	0.00501	0.00160	0.00734	0.00422	0.00227	0.00748
24	0.01177	0.11824	0.62890	0.01321	0.01996	0.01229	0.01640	0.01676	0.01100	0.09179	0.00990	0.01102	0.00701	0.00489	0.00465	0.00154	0.00692	0.00375	0.00254	0.00747
25	0.01889	0.02410	0.01433	0.01303	0.01563	0.80199	0.00977	0.02019	0.01433	0.01238	0.00782	0.00912	0.00651	0.00521	0.00456	0.00130	0.00912	0.00326	0.00261	0.00586
26	0.01049	0.00899	0.01049	0.00749	0.01198	0.00674	0.00599	0.01273	0.01049	0.01648	0.00899	0.01049	0.00749	0.00374	0.00374	0.00075	0.00374	0.00300	0.00300	0.85320
27	0.01400	0.01600	0.01334	0.01219	0.01423	0.40337	0.06369	0.01618	0.04302	0.01360	0.01423	0.09916	0.01422	0.00836	0.00643	0.00171	0.07858	0.15882	0.00329	0.00557
28	0.02046	0.00867	0.01220	0.01095	0.08870	0.00767	0.00801	0.02255	0.01417	0.65648	0.08002	0.01839	0.01487	0.00641	0.00515	0.00156	0.00432	0.00535	0.00584	0.00824
29	0.77582	0.01021	0.00819	0.00714	0.01036	0.01177	0.00588	0.08924	0.01009	0.02359	0.00754	0.00860	0.00578	0.00483	0.00332	0.00156	0.00407	0.00292	0.00332	0.00578
30	0.00814	0.00508	0.00681	0.00734	0.00823	0.00471	0.00531	0.00952	0.01111	0.09091	0.15320	0.53579	0.03334	0.01381	0.00629	0.00196	0.00315	0.08560	0.00499	0.00471

[dist]
# distance from previous block
# <min> <max>
1	2

[block]
# block no. 7 follows, 49 sequences, length 21
# corresponding to MSA columns:
# 278-298
name=unknown_H
#
# <colnr> <probs for GDERKNQSTAVLIFYWHMCP>
#	G	D	E	R	K	N	Q	S	T	A	V	L	I	F	Y	W	H	M	C	P
0	0.03695	0.74564	0.08069	0.00901	0.01352	0.01918	0.00928	0.01520	0.01026	0.01249	0.00718	0.00830	0.00645	0.00437	0.00335	0.00113	0.00551	0.00278	0.00219	0.00653
1	0.01255	0.32536	0.40555	0.01207	0.01773	0.11810	0.01376	0.01623	0.01100	0.01400	0.00814	0.00951	0.00645	0.00468	0.00419	0.00137	0.00691	0.00329	0.00221	0.00689
2	0.54085	0.01498	0.08780	0.00911	0.01253	0.20642	0.00793	0.01666	0.03378	0.01943	0.00785	0.00901	0.00613	0.00490	0.00371	0.00151	0.00555	0.00306	0.00296	0.00585
3	0.01804	0.01324	0.01421	0.01103	0.01467	0.01461	0.00896	0.69754	0.02214	0.02967	0.01252	0.01423	0.00957	0.08736	0.00712	0.00185	0.00550	0.00483	0.00486	0.00805
4	0.05306	0.60238	0.20279	0.00988	0.01488	0.01769	0.01081	0.01533	0.01029	0.01336	0.00750	0.00871	0.00642	0.00445	0.00360	0.00122	0.00581	0.00294	0.00220	0.00667
5	0.01401	0.23593	0.01842	0.01082	0.01452	0.01141	0.17324	0.01635	0.01241	0.22426	0.11367	0.01997	0.10046	0.00653	0.00497	0.00148	0.00509	0.00574	0.00406	0.00667
6	0.01023	0.02465	0.71835	0.01430	0.02103	0.01212	0.01792	0.01563	0.01038	0.01563	0.00883	0.01071	0.00643	0.00521	0.00598	0.00166	0.08770	0.00381	0.00214	0.00728
7	0.00646	0.00493	0.00600	0.00662	0.00763	0.00447	0.00490	0.00782	0.01099	0.01406	0.09176	0.36444	0.31209	0.01404	0.00632	0.00193	0.00301	0.12346	0.00475	0.00430
8	0.01076	0.17221	0.65544	0.01336	0.02026	0.01325	0.01685	0.01585	0.01060	0.01526	0.00870	0.01021	0.00642	0.00472	0.00452	0.00151	0.00710	0.00355	0.00214	0.00729
9	0.00722	0.00542	0.00813	0.00813	0.00903	0.00632	0.00632	0.00903	0.00813	0.01174	0.01354	0.01987	0.01264	0.03792	0.80225	0.00813	0.01354	0.00542	0.00271	0.00451
10	0.01352	0.82533	0.02650	0.00865	0.01298	0.02001	0.00865	0.01514	0.01027	0.01190	0.00703	0.00811	0.00649	0.00433	0.00324	0.00108	0.00541	0.00270	0.00216	0.00649
11	0.01021	0.02570	0.76797	0.01467	0.02205	0.01178	0.04634	0.01602	0.01072	0.01602	0.00912	0.01078	0.00645	0.00478	0.00485	0.00161	0.00751	0.00382	0.00215	0.00745
12	0.01308	0.72090	0.12706	0.00941	0.01414	0.01893	0.00996	0.01526	0.01033	0.01244	0.00730	0.00845	0.00648	0.00439	0.00345	0.00115	0.00568	0.00284	0.00216	0.00662
13	0.85801	0.00978	0.00743	0.00665	0.00978	0.01134	0.00548	0.01486	0.00861	0.02269	0.00704	0.00821	0.00548	0.00469	0.00313	0.00156	0.00391	0.00274	0.00313	0.00548
14	0.01737	0.02166	0.01352	0.01239	0.01477	0.69802	0.00932	0.01873	0.01352	0.01229	0.00856	0.01052	0.00731	0.00949	0.10879	0.00219	0.00970	0.00354	0.00262	0.00569
15	0.01060	0.00909	0.01054	0.00764	0.01204	0.00705	0.00610	0.01347	0.05090	0.01672	0.00960	0.01092	0.00791	0.00391	0.00382	0.00080	0.00376	0.00314	0.00311	0.80890
16	0.00613	0.00513	0.00534	0.00529	0.00693	0.00434	0.00397	0.00756	0.01190	0.01455	0.14983	0.04721	0.68953	0.01248	0.00597	0.00169	0.00254	0.01047	0.00481	0.00434
17	0.01759	0.00875	0.01111	0.00858	0.01240	0.00762	0.00696	0.02087	0.08979	0.46773	0.05733	0.01665	0.01330	0.00586	0.00478	0.00136	0.00402	0.00480	0.00523	0.23526
18	0.01068	0.00960	0.01301	0.00930	0.01387	0.00753	0.10613	0.01319	0.01068	0.01644	0.00915	0.01090	0.00751	0.00381	0.00404	0.00087	0.00437	0.00338	0.00294	0.74261
19	0.01165	0.00975	0.01179	0.11298	0.01551	0.00865	0.00758	0.12490	0.01239	0.01828	0.00945	0.01112	0.00756	0.00426	0.00411	0.00098	0.00440	0.00342	0.00320	0.61801
20	0.01178	0.01127	0.01920	0.22323	0.60427	0.01182	0.01515	0.01488	0.01117	0.01563	0.00938	0.01275	0.00770	0.00464	0.00502	0.00155	0.00619	0.00450	0.00244	0.00742

[dist]
# distance from previous block
# <min> <max>
0	1

[block]
# block no. 8 follows, 49 sequences, length 451
# corresponding to MSA columns:
# 300-535,553,554,558-603,607,608,610-774
name=unknown_I
#
# <colnr> <probs for GDERKNQSTAVLIFYWHMCP>
#	G	D	E	R	K	N	Q	S	T	A	V	L	I	F	Y	W	H	M	C	P
0	0.01126	0.01074	0.01827	0.35956	0.47199	0.01169	0.01490	0.01442	0.01092	0.01500	0.00929	0.01292	0.00747	0.00474	0.00503	0.00158	0.00632	0.00450	0.00240	0.00700
1	0.01203	0.50345	0.25353	0.01016	0.01511	0.03069	0.01122	0.01483	0.01043	0.01314	0.01012	0.01176	0.04486	0.03422	0.00467	0.00141	0.00593	0.00357	0.00232	0.00654
2	0.00598	0.00512	0.00512	0.00512	0.00683	0.00427	0.00384	0.00726	0.01153	0.01366	0.05123	0.04866	0.78869	0.01281	0.00598	0.00171	0.00256	0.01067	0.00470	0.00427
3	0.01352	0.82533	0.02650	0.00865	0.01298	0.02001	0.00865	0.01514	0.01027	0.01190	0.00703	0.00811	0.00649	0.00433	0.00324	0.00108	0.00541	0.00270	0.00216	0.00649
4	0.01049	0.00899	0.01049	0.00749	0.01198	0.00674	0.00599	0.01273	0.01049	0.01648	0.00899	0.01049	0.00749	0.00374	0.00374	0.00075	0.00374	0.00300	0.00300	0.85320
5	0.00616	0.00440	0.00587	0.00704	0.00733	0.00411	0.00469	0.00704	0.00968	0.01291	0.02787	0.81899	0.03344	0.01584	0.00645	0.00205	0.00293	0.01438	0.00469	0.00411
6	0.01049	0.00899	0.01049	0.00749	0.01198	0.00674	0.00599	0.01273	0.01049	0.01648	0.00899	0.01049	0.00749	0.00374	0.00374	0.00075	0.00374	0.00300	0.00300	0.85320
7	0.01400	0.00960	0.01131	0.00854	0.01266	0.00836	0.00692	0.11051	0.06625	0.16837	0.01280	0.01390	0.00977	0.00503	0.00436	0.00111	0.00412	0.02543	0.00408	0.50290
8	0.00605	0.00511	0.00524	0.00523	0.00688	0.00430	0.00391	0.00739	0.01166	0.01405	0.09593	0.06206	0.72952	0.01271	0.00598	0.00171	0.00256	0.01065	0.00475	0.00430
9	0.01036	0.36140	0.01630	0.00852	0.01097	0.03986	0.00745	0.01207	0.00927	0.01183	0.01052	0.01440	0.00976	0.02223	0.42830	0.00484	0.00986	0.00417	0.00247	0.00542
10	0.01106	0.01106	0.01549	0.01328	0.01328	0.01549	0.01106	0.01217	0.00774	0.01217	0.00664	0.01106	0.00664	0.00885	0.01659	0.00221	0.81303	0.00443	0.00221	0.00553
11	0.01875	0.04217	0.01541	0.01148	0.01548	0.01570	0.00951	0.71653	0.05479	0.03073	0.01231	0.01228	0.00881	0.00604	0.00500	0.00151	0.00549	0.00454	0.00496	0.00850
12	0.01040	0.09889	0.62719	0.01404	0.02069	0.01223	0.07467	0.01551	0.01069	0.01549	0.00988	0.04990	0.00782	0.00525	0.00483	0.00158	0.00714	0.00433	0.00229	0.00717
13	0.00665	0.00604	0.00558	0.00552	0.00721	0.04302	0.00410	0.00789	0.01152	0.01346	0.04789	0.04620	0.72400	0.04052	0.00659	0.00180	0.00296	0.01020	0.00454	0.00430
14	0.01126	0.25965	0.48784	0.01216	0.01814	0.03037	0.01450	0.01591	0.03756	0.01511	0.04666	0.01149	0.00875	0.00501	0.00441	0.00145	0.00653	0.00375	0.00242	0.00704
15	0.00722	0.00542	0.00813	0.00813	0.00903	0.00632	0.00632	0.00903	0.00813	0.01174	0.01354	0.01987	0.01264	0.03792	0.80225	0.00813	0.01354	0.00542	0.00271	0.00451
16	0.01368	0.12658	0.35062	0.01396	0.07400	0.01205	0.07755	0.03286	0.04242	0.17455	0.01202	0.02778	0.00880	0.00529	0.00481	0.00154	0.00627	0.00441	0.00327	0.00753
17	0.01199	0.01046	0.01401	0.01484	0.23448	0.00948	0.00926	0.09215	0.01205	0.01793	0.00938	0.01126	0.00772	0.00439	0.00470	0.00110	0.03359	0.00364	0.00304	0.49454
18	0.00735	0.00490	0.00552	0.00552	0.00552	0.00490	0.00306	0.00735	0.00735	0.00980	0.01593	0.03309	0.01838	0.82229	0.02574	0.00490	0.00490	0.00735	0.00306	0.00306
19	0.01014	0.02616	0.79609	0.01441	0.02189	0.01174	0.01868	0.01601	0.01068	0.01601	0.00907	0.01068	0.00641	0.00480	0.00480	0.00160	0.00747	0.00374	0.00214	0.00747
20	0.01229	0.01179	0.02013	0.08918	0.73433	0.01196	0.01541	0.01533	0.01141	0.01625	0.00947	0.01259	0.00792	0.00455	0.00501	0.00152	0.00606	0.00450	0.00248	0.00783
21	0.01889	0.02410	0.01433	0.01303	0.01563	0.80199	0.00977	0.02019	0.01433	0.01238	0.00782	0.00912	0.00651	0.00521	0.00456	0.00130	0.00912	0.00326	0.00261	0.00586
22	0.00735	0.00490	0.00552	0.00552	0.00552	0.00490	0.00306	0.00735	0.00735	0.00980	0.01593	0.03309	0.01838	0.82229	0.02574	0.00490	0.00490	0.00735	0.00306	0.00306
23	0.00722	0.00542	0.00813	0.00813	0.00903	0.00632	0.00632	0.00903	0.00813	0.01174	0.01354	0.01987	0.01264	0.03792	0.80225	0.00813	0.01354	0.00542	0.00271	0.00451
24	0.01077	0.03100	0.00997	0.00873	0.01116	0.05033	0.00677	0.01967	0.45506	0.01861	0.11355	0.02720	0.19934	0.00849	0.00535	0.00166	0.00378	0.00706	0.00488	0.00661
25	0.01140	0.01082	0.06264	0.01071	0.01538	0.00822	0.16099	0.01422	0.01109	0.06747	0.01148	0.01294	0.03579	0.00440	0.00443	0.00108	0.00493	0.00405	0.00313	0.54483
26	0.01106	0.01106	0.01549	0.01328	0.01328	0.01549	0.01106	0.01217	0.00774	0.01217	0.00664	0.01106	0.00664	0.00885	0.01659	0.00221	0.81303	0.00443	0.00221	0.00553
27	0.01048	0.10687	0.71836	0.01383	0.02099	0.01258	0.01767	0.01593	0.01064	0.01560	0.00887	0.01042	0.00641	0.00476	0.00465	0.00155	0.00726	0.00363	0.00214	0.00737
28	0.01245	0.57233	0.27013	0.01048	0.01580	0.01739	0.01183	0.01542	0.01040	0.01320	0.00768	0.00892	0.00646	0.00448	0.00374	0.00125	0.00606	0.00303	0.00215	0.00680
29	0.00598	0.00512	0.00512	0.00512	0.00683	0.00427	0.00384	0.00726	0.01153	0.01366	0.05123	0.04866	0.78869	0.01281	0.00598	0.00171	0.00256	0.01067	0.00470	0.00427
30	0.03246	0.00865	0.01049	0.00850	0.01146	0.03509	0.00679	0.09603	0.01491	0.43438	0.21827	0.02240	0.02124	0.04829	0.00630	0.00173	0.00412	0.00610	0.00561	0.00718
31	0.08279	0.01657	0.01482	0.01353	0.08065	0.35722	0.06620	0.08610	0.01429	0.18832	0.01190	0.01242	0.02180	0.00548	0.00478	0.00145	0.00692	0.00417	0.00369	0.00690
32	0.00626	0.00447	0.00598	0.00715	0.00749	0.00419	0.00486	0.00721	0.00978	0.01302	0.02782	0.78200	0.03323	0.01575	0.00648	0.00207	0.00302	0.05041	0.00469	0.00413
33	0.03505	0.24739	0.01765	0.01055	0.01441	0.12809	0.00896	0.34651	0.05830	0.02167	0.01021	0.01073	0.00793	0.00532	0.00435	0.00133	0.00580	0.00377	0.00372	0.05827
34	0.01108	0.06974	0.38146	0.07216	0.08455	0.01204	0.04603	0.01499	0.01047	0.05470	0.02448	0.03353	0.00870	0.00706	0.03774	0.00192	0.11546	0.00449	0.00257	0.00684
35	0.04703	0.12570	0.32552	0.01109	0.01615	0.03995	0.01197	0.06381	0.04747	0.17284	0.04282	0.01481	0.04768	0.00581	0.00471	0.00152	0.00578	0.00449	0.00359	0.00727
36	0.04112	0.01274	0.02486	0.03870	0.35093	0.01238	0.41113	0.01581	0.01161	0.01650	0.00979	0.01297	0.00772	0.00439	0.00545	0.00161	0.00727	0.00521	0.00255	0.00726
37	0.00785	0.00610	0.00807	0.00858	0.07393	0.00583	0.00580	0.01093	0.06166	0.01945	0.61177	0.03539	0.10548	0.00984	0.00583	0.00160	0.00281	0.00867	0.00521	0.00520
38	0.01103	0.12942	0.01983	0.43804	0.02765	0.05306	0.19011	0.01417	0.01083	0.01354	0.01052	0.01383	0.03623	0.00506	0.00501	0.00158	0.00693	0.00475	0.00242	0.00599
39	0.01100	0.17532	0.63180	0.01330	0.02006	0.03410	0.01658	0.01596	0.01070	0.01515	0.00866	0.01016	0.00642	0.00473	0.00451	0.00150	0.00713	0.00353	0.00215	0.00725
40	0.00616	0.00440	0.00587	0.00704	0.00733	0.00411	0.00469	0.00704	0.00968	0.01291	0.02787	0.81899	0.03344	0.01584	0.00645	0.00205	0.00293	0.01438	0.00469	0.00411
41	0.00955	0.00899	0.01517	0.81013	0.03483	0.01123	0.01404	0.01292	0.01011	0.01292	0.00899	0.01348	0.00674	0.00506	0.00506	0.00169	0.00674	0.00449	0.00225	0.00562
42	0.01241	0.01340	0.02045	0.19177	0.19474	0.12394	0.22870	0.01535	0.01121	0.01447	0.00897	0.01237	0.00724	0.00525	0.00681	0.00167	0.11757	0.00473	0.00244	0.00651
43	0.01278	0.01103	0.01336	0.01441	0.16475	0.01243	0.00956	0.02409	0.58442	0.04030	0.01792	0.01731	0.01361	0.00645	0.00551	0.00169	0.03247	0.00542	0.00456	0.00794
44	0.00616	0.00440	0.00587	0.00704	0.00733	0.00411	0.00469	0.00704	0.00968	0.01291	0.02787	0.81899	0.03344	0.01584	0.00645	0.00205	0.00293	0.01438	0.00469	0.00411
45	0.85801	0.00978	0.00743	0.00665	0.00978	0.01134	0.00548	0.01486	0.00861	0.02269	0.00704	0.00821	0.00548	0.00469	0.00313	0.00156	0.00391	0.00274	0.00313	0.00548
46	0.00692	0.00516	0.00642	0.00611	0.00741	0.00467	0.00458	0.00907	0.01374	0.01892	0.63714	0.04000	0.19950	0.01084	0.00597	0.00161	0.00242	0.00946	0.00539	0.00467
47	0.01227	0.01177	0.02009	0.09448	0.72918	0.01195	0.01540	0.01531	0.01140	0.01623	0.00947	0.01259	0.00791	0.00455	0.00501	0.00152	0.00607	0.00450	0.00248	0.00781
48	0.00716	0.00517	0.00676	0.00636	0.00755	0.00477	0.00477	0.00954	0.01431	0.02028	0.78808	0.03777	0.04771	0.01034	0.00596	0.00159	0.00239	0.00914	0.00557	0.00477
49	0.01480	0.01183	0.01265	0.01074	0.01395	0.01339	0.00860	0.29991	0.46643	0.02479	0.01779	0.01825	0.01359	0.00692	0.00520	0.00167	0.00461	0.04175	0.00509	0.00806
50	0.85801	0.00978	0.00743	0.00665	0.00978	0.01134	0.00548	0.01486	0.00861	0.02269	0.00704	0.00821	0.00548	0.00469	0.00313	0.00156	0.00391	0.00274	0.00313	0.00548
51	0.01277	0.00879	0.01061	0.00777	0.01204	0.00681	0.00624	0.01492	0.01125	0.16922	0.01164	0.03310	0.00916	0.00456	0.00408	0.00094	0.00383	0.00371	0.00368	0.66486
52	0.01429	0.01315	0.16551	0.01082	0.01465	0.01063	0.02335	0.28811	0.01628	0.12718	0.07939	0.07963	0.03148	0.00793	0.00545	0.00169	0.00520	0.09352	0.00457	0.00716
53	0.01197	0.00894	0.01064	0.00767	0.01210	0.00683	0.00617	0.01418	0.01097	0.11128	0.01032	0.01131	0.00810	0.00405	0.00391	0.00085	0.00381	0.00325	0.00339	0.75025
54	0.01049	0.00899	0.01049	0.00749	0.01198	0.00674	0.00599	0.01273	0.01049	0.01648	0.00899	0.01049	0.00749	0.00374	0.00374	0.00075	0.00374	0.00300	0.00300	0.85320
55	0.01447	0.01222	0.01716	0.02151	0.41199	0.08534	0.01250	0.01673	0.01146	0.14974	0.01067	0.01287	0.00847	0.00644	0.02395	0.00177	0.16775	0.00449	0.00311	0.00734
56	0.01049	0.00899	0.01049	0.00749	0.01198	0.00674	0.00599	0.01273	0.01049	0.01648	0.00899	0.01049	0.00749	0.00374	0.00374	0.00075	0.00374	0.00300	0.00300	0.85320
57	0.00716	0.00517	0.00676	0.00636	0.00755	0.00477	0.00477	0.00954	0.01431	0.02028	0.78808	0.03777	0.04771	0.01034	0.00596	0.00159	0.00239	0.00914	0.00557	0.00477
58	0.01316	0.01040	0.01102	0.00972	0.01253	0.01181	0.00761	0.10412	0.58714	0.04237	0.01917	0.01811	0.01433	0.00664	0.00494	0.00162	0.00397	0.00545	0.10819	0.00768
59	0.01922	0.01416	0.01518	0.01163	0.01568	0.01568	0.00961	0.77388	0.02378	0.03187	0.01214	0.01214	0.00860	0.00607	0.00506	0.00152	0.00556	0.00455	0.00506	0.00860
60	0.00735	0.00490	0.00552	0.00552	0.00552	0.00490	0.00306	0.00735	0.00735	0.00980	0.01593	0.03309	0.01838	0.82229	0.02574	0.00490	0.00490	0.00735	0.00306	0.00306
61	0.37546	0.00910	0.00992	0.00801	0.01159	0.00908	0.00661	0.02051	0.01200	0.46840	0.01450	0.01341	0.00954	0.00560	0.00426	0.00156	0.00414	0.00409	0.00494	0.00728
62	0.01106	0.01106	0.01549	0.01328	0.01328	0.01549	0.01106	0.01217	0.00774	0.01217	0.00664	0.01106	0.00664	0.00885	0.01659	0.00221	0.81303	0.00443	0.00221	0.00553
63	0.00735	0.00490	0.00552	0.00552	0.00552	0.00490	0.00306	0.00735	0.00735	0.00980	0.01593	0.03309	0.01838	0.82229	0.02574	0.00490	0.00490	0.00735	0.00306	0.00306
64	0.81751	0.01047	0.00777	0.00696	0.01006	0.04950	0.00568	0.01512	0.00888	0.02219	0.00708	0.00826	0.00553	0.00472	0.00320	0.00155	0.00416	0.00276	0.00310	0.00549
65	0.00735	0.00490	0.00552	0.00552	0.00552	0.00490	0.00306	0.00735	0.00735	0.00980	0.01593	0.03309	0.01838	0.82229	0.02574	0.00490	0.00490	0.00735	0.00306	0.00306
66	0.01345	0.80965	0.04159	0.00877	0.01315	0.01985	0.00885	0.01516	0.01028	0.01198	0.00707	0.00816	0.00649	0.00434	0.00328	0.00109	0.00545	0.00272	0.00216	0.00651
67	0.01088	0.20118	0.62754	0.01315	0.01994	0.01355	0.01649	0.01582	0.01059	0.01511	0.00863	0.01011	0.00642	0.00470	0.00446	0.00149	0.00702	0.00351	0.00214	0.00726
68	0.01554	0.01333	0.02014	0.03242	0.01973	0.03401	0.30253	0.32534	0.04678	0.06452	0.01176	0.01309	0.00855	0.00521	0.00531	0.00155	0.00657	0.00503	0.00390	0.06467
69	0.00616	0.00440	0.00587	0.00704	0.00733	0.00411	0.00469	0.00704	0.00968	0.01291	0.02787	0.81899	0.03344	0.01584	0.00645	0.00205	0.00293	0.01438	0.00469	0.00411
70	0.00748	0.00552	0.00726	0.00818	0.00937	0.00531	0.00687	0.00943	0.01141	0.01458	0.03207	0.13715	0.19032	0.01392	0.00671	0.00217	0.00403	0.51905	0.00467	0.00452
71	0.01252	0.01201	0.02053	0.03104	0.79074	0.01201	0.01552	0.01552	0.01151	0.01652	0.00951	0.01252	0.00801	0.00451	0.00501	0.00150	0.00601	0.00451	0.00250	0.00801
72	0.02193	0.00878	0.01169	0.00900	0.01284	0.00775	0.00742	0.06321	0.01486	0.72730	0.02063	0.01804	0.03924	0.00648	0.00511	0.00157	0.00431	0.00525	0.00614	0.00845
73	0.00639	0.00514	0.00570	0.00556	0.00709	0.00445	0.00417	0.00807	0.01251	0.01600	0.31220	0.04481	0.52626	0.01193	0.00597	0.00167	0.00250	0.01013	0.00500	0.00445
74	0.00955	0.00899	0.01517	0.81013	0.03483	0.01123	0.01404	0.01292	0.01011	0.01292	0.00899	0.01348	0.00674	0.00506	0.00506	0.00169	0.00674	0.00449	0.00225	0.00562
75	0.01231	0.01180	0.02015	0.08611	0.73731	0.01196	0.01541	0.01534	0.01141	0.01627	0.00947	0.01258	0.00792	0.00454	0.00501	0.00151	0.00606	0.00450	0.00248	0.00784
76	0.02116	0.01106	0.01325	0.01016	0.01413	0.01108	0.00839	0.35561	0.01858	0.45748	0.01650	0.01497	0.01079	0.00618	0.00507	0.00154	0.00486	0.00485	0.00573	0.00860
77	0.01023	0.04721	0.77582	0.01426	0.02165	0.01196	0.01842	0.01599	0.01067	0.01591	0.00902	0.01061	0.00641	0.00479	0.00476	0.00159	0.00742	0.00371	0.00214	0.00745
78	0.00723	0.00541	0.00807	0.00807	0.00896	0.00629	0.00625	0.00900	0.00811	0.01170	0.01359	0.02014	0.01276	0.05413	0.78621	0.00806	0.01337	0.00546	0.00272	0.00448
79	0.01337	0.01094	0.01160	0.01002	0.01300	0.01231	0.00791	0.19936	0.51051	0.02298	0.04875	0.02053	0.08153	0.00731	0.00523	0.00166	0.00419	0.00599	0.00510	0.00771
80	0.01292	0.01327	0.02516	0.01840	0.02303	0.01311	0.55947	0.11022	0.13415	0.01889	0.01209	0.01428	0.00900	0.00489	0.00573	0.00168	0.00745	0.00576	0.00327	0.00722
81	0.01049	0.00899	0.01049	0.00749	0.01198	0.00674	0.00599	0.01273	0.01049	0.01648	0.00899	0.01049	0.00749	0.00374	0.00374	0.00075	0.00374	0.00300	0.00300	0.85320
82	0.01258	0.01086	0.01143	0.01029	0.01315	0.01258	0.00800	0.02687	0.78161	0.02115	0.02058	0.01887	0.01544	0.00686	0.00515	0.00172	0.00400	0.00572	0.00515	0.00800
83	0.01090	0.00923	0.01071	0.00769	0.01216	0.00716	0.00616	0.04866	0.01111	0.01720	0.00914	0.01056	0.00754	0.00385	0.00381	0.00079	0.00383	0.00307	0.00309	0.81334
84	0.00598	0.00512	0.00512	0.00512	0.00683	0.00427	0.00384	0.00726	0.01153	0.01366	0.05123	0.04866	0.78869	0.01281	0.00598	0.00171	0.00256	0.01067	0.00470	0.00427
85	0.01194	0.01364	0.02984	0.02131	0.02643	0.01279	0.77238	0.01620	0.01194	0.01620	0.01023	0.01364	0.00767	0.00426	0.00597	0.00171	0.00853	0.00597	0.00256	0.00682
86	0.02262	0.00871	0.01180	0.00905	0.01296	0.00759	0.00747	0.03911	0.01465	0.77953	0.01980	0.01711	0.01244	0.00626	0.00508	0.00156	0.00433	0.00507	0.00624	0.00861
87	0.01194	0.01364	0.02984	0.02131	0.02643	0.01279	0.77238	0.01620	0.01194	0.01620	0.01023	0.01364	0.00767	0.00426	0.00597	0.00171	0.00853	0.00597	0.00256	0.00682
88	0.04367	0.00888	0.01163	0.00900	0.01277	0.00801	0.00741	0.07881	0.01500	0.68023	0.05632	0.01760	0.01375	0.00640	0.00507	0.00156	0.00429	0.00518	0.00605	0.00834
89	0.00657	0.00515	0.00595	0.00575	0.00720	0.00452	0.00431	0.00841	0.01294	0.01701	0.42442	0.04315	0.41341	0.01156	0.00597	0.00165	0.00247	0.00990	0.00514	0.00452
90	0.01049	0.00899	0.01049	0.00749	0.01198	0.00674	0.00599	0.01273	0.01049	0.01648	0.00899	0.01049	0.00749	0.00374	0.00374	0.00075	0.00374	0.00300	0.00300	0.85320
91	0.01720	0.00889	0.01089	0.00903	0.01221	0.00881	0.00723	0.02340	0.27461	0.42612	0.10300	0.02004	0.01732	0.00689	0.00516	0.00161	0.00394	0.00573	0.03005	0.00788
92	0.02269	0.00861	0.01174	0.00900	0.01291	0.00743	0.00743	0.02464	0.01447	0.79425	0.01995	0.01721	0.01252	0.00626	0.00509	0.00156	0.00430	0.00509	0.00626	0.00861
