[name]
unknown

[dist]
# distance from previous block
# <min> <max>
13	256

[block]
# block no. 0 follows, 51 sequences, length 63
# corresponding to MSA columns:
# 258-320
name=unknown_A
#
# <colnr> <probs for GDERKNQSTAVLIFYWHMCP>
#	G	D	E	R	K	N	Q	S	T	A	V	L	I	F	Y	W	H	M	C	P
0	0.00748	0.00485	0.00550	0.00544	0.00552	0.00482	0.00307	0.00753	0.00730	0.02738	0.01557	0.03181	0.01774	0.80875	0.02456	0.00469	0.00475	0.00710	0.00305	0.00310
1	0.01059	0.04552	0.55494	0.01798	0.20307	0.01177	0.05694	0.01543	0.01062	0.01557	0.00892	0.01087	0.00666	0.00456	0.00473	0.00152	0.00692	0.00389	0.00218	0.00732
2	0.01155	0.01306	0.04488	0.03255	0.03949	0.01247	0.61865	0.01649	0.08696	0.01596	0.01069	0.01353	0.00810	0.00464	0.00618	0.00168	0.04813	0.00560	0.00270	0.00670
3	0.01083	0.01095	0.01569	0.01315	0.01381	0.04129	0.08510	0.01228	0.00823	0.01233	0.00747	0.01164	0.00705	0.00975	0.06401	0.00241	0.64275	0.00447	0.02136	0.00543
4	0.18260	0.01546	0.01268	0.01063	0.01386	0.24701	0.00845	0.33294	0.09278	0.02264	0.01040	0.01083	0.00782	0.00547	0.00442	0.00144	0.00596	0.00382	0.00386	0.00693
5	0.00671	0.00501	0.00623	0.00592	0.00719	0.00453	0.00444	0.00879	0.01333	0.01832	0.63358	0.03899	0.20770	0.01056	0.00580	0.00157	0.00236	0.00921	0.00523	0.00453
6	0.04659	0.01093	0.01295	0.01077	0.04953	0.01132	0.00839	0.32486	0.06551	0.26897	0.02774	0.01391	0.01035	0.00589	0.00525	0.00147	0.03908	0.00455	0.00484	0.07709
7	0.01000	0.05985	0.76863	0.01377	0.02090	0.01176	0.01774	0.01553	0.01036	0.01539	0.00873	0.01027	0.00623	0.00465	0.00460	0.00153	0.00718	0.00359	0.00208	0.00722
8	0.00590	0.00498	0.00511	0.00508	0.00669	0.00419	0.00381	0.00723	0.01142	0.01380	0.11005	0.04644	0.73406	0.01225	0.00581	0.00165	0.00248	0.01025	0.00463	0.00419
9	0.01220	0.59893	0.24881	0.01002	0.01510	0.01714	0.01121	0.01496	0.01010	0.01271	0.00740	0.00860	0.00628	0.00434	0.00359	0.00120	0.00583	0.00292	0.00209	0.00658
10	0.06620	0.02137	0.09918	0.01046	0.01355	0.00825	0.13159	0.03970	0.03785	0.15496	0.07639	0.17151	0.06891	0.00856	0.00542	0.00170	0.00474	0.06946	0.00418	0.00604
11	0.00668	0.00501	0.00619	0.00589	0.00717	0.00452	0.00442	0.00874	0.01326	0.01817	0.61584	0.03924	0.22553	0.01062	0.00580	0.00157	0.00236	0.00924	0.00521	0.00452
12	0.01250	0.01322	0.01563	0.01320	0.01420	0.15511	0.06133	0.05361	0.00975	0.01312	0.00729	0.01079	0.00670	0.00805	0.02724	0.00203	0.56394	0.00422	0.00239	0.00565
13	0.01193	0.01144	0.01953	0.09275	0.73584	0.01162	0.01497	0.01488	0.01108	0.01578	0.00920	0.01224	0.00769	0.00442	0.00487	0.00147	0.00589	0.00438	0.00241	0.00760
14	0.01112	0.01061	0.01806	0.31461	0.52035	0.01140	0.01456	0.01417	0.01070	0.01479	0.00906	0.01250	0.00734	0.00457	0.00488	0.00152	0.00610	0.00437	0.00234	0.00694
15	0.00591	0.00477	0.00527	0.00559	0.00682	0.00412	0.00402	0.00709	0.01080	0.01336	0.07746	0.27662	0.53459	0.01321	0.00594	0.00175	0.00259	0.01137	0.00460	0.00412
16	0.01055	0.01281	0.08878	0.01792	0.02233	0.01098	0.59141	0.01429	0.01115	0.01521	0.01261	0.14376	0.01139	0.00600	0.00578	0.00170	0.00732	0.00694	0.00279	0.00626
17	0.04097	0.08260	0.10357	0.01137	0.03087	0.11586	0.04201	0.22602	0.11368	0.07141	0.01221	0.01399	0.00957	0.04538	0.04651	0.00195	0.00621	0.01516	0.00371	0.00696
18	0.00884	0.01591	0.40227	0.01038	0.01459	0.04194	0.01156	0.01273	0.01195	0.01699	0.33499	0.05873	0.02408	0.00741	0.00520	0.00156	0.00508	0.00627	0.00359	0.00596
19	0.00644	0.00500	0.00586	0.00564	0.00703	0.00442	0.00423	0.00828	0.01269	0.01682	0.46006	0.04146	0.38215	0.01112	0.00580	0.00160	0.00240	0.00955	0.00503	0.00442
20	0.00986	0.02542	0.80183	0.01401	0.02127	0.01141	0.01816	0.01556	0.01038	0.01556	0.00882	0.01038	0.00623	0.00467	0.00467	0.00156	0.00726	0.00363	0.00208	0.00726
21	0.01345	0.01800	0.12153	0.01101	0.01360	0.45544	0.00918	0.01524	0.01217	0.01271	0.01480	0.21281	0.05403	0.00795	0.00499	0.00151	0.00682	0.00628	0.00308	0.00541
22	0.01216	0.01168	0.01995	0.03016	0.79664	0.01168	0.01508	0.01508	0.01119	0.01605	0.00924	0.01216	0.00778	0.00438	0.00487	0.00146	0.00584	0.00438	0.00243	0.00778
23	0.01007	0.00954	0.01617	0.60009	0.24306	0.01113	0.01404	0.01325	0.01020	0.01352	0.00887	0.01284	0.00689	0.00477	0.00490	0.00159	0.00636	0.00437	0.00225	0.00610
24	0.00995	0.02394	0.72540	0.05212	0.06133	0.01140	0.01779	0.01540	0.01039	0.01545	0.00884	0.01059	0.00632	0.00467	0.00469	0.00156	0.00716	0.00370	0.00210	0.00721
25	0.01003	0.06752	0.76123	0.01371	0.02082	0.01183	0.01765	0.01552	0.01035	0.01535	0.00872	0.01024	0.00623	0.00464	0.00459	0.00153	0.00716	0.00358	0.00208	0.00721
26	0.00599	0.00428	0.00570	0.00684	0.00713	0.00399	0.00456	0.00684	0.00941	0.01254	0.02709	0.82409	0.03250	0.01540	0.00627	0.00200	0.00285	0.01397	0.00456	0.00399
27	0.00956	0.00902	0.01525	0.73896	0.10818	0.01099	0.01379	0.01280	0.00996	0.01290	0.00878	0.01301	0.00667	0.00486	0.00491	0.00162	0.00648	0.00437	0.00221	0.00569
28	0.01077	0.00930	0.00975	0.00905	0.01141	0.02260	0.00698	0.02125	0.57775	0.01856	0.02475	0.08905	0.12569	0.00839	0.00527	0.00171	0.00371	0.03235	0.00485	0.00682
29	0.00838	0.00670	0.00954	0.00983	0.01071	0.00755	0.02145	0.01029	0.01035	0.01392	0.02181	0.12040	0.02384	0.01257	0.00865	0.00220	0.17214	0.52099	0.00400	0.00468
30	0.00696	0.00502	0.00657	0.00618	0.00734	0.00464	0.00464	0.00927	0.01391	0.01971	0.79405	0.03671	0.04637	0.01005	0.00580	0.00155	0.00232	0.00889	0.00541	0.00464
31	0.86201	0.00950	0.00722	0.00646	0.00950	0.01102	0.00532	0.01445	0.00836	0.02205	0.00684	0.00798	0.00532	0.00456	0.00304	0.00152	0.00380	0.00266	0.00304	0.00532
32	0.00986	0.02542	0.80183	0.01401	0.02127	0.01141	0.01816	0.01556	0.01038	0.01556	0.00882	0.01038	0.00623	0.00467	0.00467	0.00156	0.00726	0.00363	0.00208	0.00726
33	0.00928	0.00873	0.01474	0.81548	0.03385	0.01092	0.01365	0.01256	0.00983	0.01256	0.00873	0.01310	0.00655	0.00491	0.00491	0.00164	0.00655	0.00437	0.00218	0.00546
34	0.00702	0.00527	0.00790	0.00790	0.00878	0.00614	0.00614	0.00878	0.00790	0.01141	0.01316	0.01931	0.01229	0.03686	0.80782	0.00790	0.01316	0.00527	0.00263	0.00439
35	0.00928	0.00873	0.01474	0.81548	0.03385	0.01092	0.01365	0.01256	0.00983	0.01256	0.00873	0.01310	0.00655	0.00491	0.00491	0.00164	0.00655	0.00437	0.00218	0.00546
36	0.01299	0.79315	0.06153	0.00867	0.01301	0.01907	0.00886	0.01475	0.01000	0.01175	0.00692	0.00800	0.00630	0.00423	0.00322	0.00107	0.00535	0.00267	0.00210	0.00635
37	0.00599	0.00428	0.00570	0.00684	0.00713	0.00399	0.00456	0.00684	0.00941	0.01254	0.02709	0.82409	0.03250	0.01540	0.00627	0.00200	0.00285	0.01397	0.00456	0.00399
38	0.00596	0.00437	0.00561	0.00660	0.00706	0.00401	0.00445	0.00687	0.00964	0.01264	0.03005	0.72263	0.13205	0.01501	0.00621	0.00195	0.00280	0.01350	0.00456	0.00401
39	0.01190	0.01240	0.02409	0.02583	0.44352	0.01202	0.36488	0.01538	0.01138	0.01591	0.00956	0.01266	0.00763	0.00427	0.00529	0.00155	0.00696	0.00503	0.00246	0.00725
40	0.02205	0.00836	0.01140	0.00874	0.01254	0.00722	0.00722	0.02395	0.01407	0.80004	0.01939	0.01673	0.01216	0.00608	0.00494	0.00152	0.00418	0.00494	0.00608	0.00836
41	0.02205	0.00836	0.01140	0.00874	0.01254	0.00722	0.00722	0.02395	0.01407	0.80004	0.01939	0.01673	0.01216	0.00608	0.00494	0.00152	0.00418	0.00494	0.00608	0.00836
42	0.01314	0.83025	0.02575	0.00841	0.01261	0.01945	0.00841	0.01472	0.00999	0.01156	0.00683	0.00788	0.00631	0.00420	0.00315	0.00105	0.00526	0.00263	0.00210	0.00631
43	0.01285	0.01087	0.01147	0.01013	0.01302	0.01252	0.00793	0.09960	0.71325	0.02157	0.01920	0.01770	0.01435	0.00659	0.00499	0.00165	0.00404	0.00545	0.00499	0.00783
44	0.00581	0.00498	0.00498	0.00498	0.00664	0.00415	0.00373	0.00705	0.01120	0.01328	0.04978	0.04729	0.79464	0.01245	0.00581	0.00166	0.00249	0.01037	0.00456	0.00415
45	0.26269	0.00950	0.00989	0.00825	0.01141	0.05065	0.00665	0.02007	0.11608	0.36544	0.07826	0.01562	0.01304	0.00599	0.00444	0.00153	0.00413	0.00459	0.00482	0.00696
46	0.01651	0.22072	0.19267	0.01043	0.01516	0.01175	0.04268	0.04521	0.01241	0.36547	0.01319	0.01275	0.00902	0.00520	0.00446	0.00141	0.00536	0.00408	0.00399	0.00752
47	0.00792	0.00566	0.00792	0.00905	0.01018	0.00566	0.00792	0.01018	0.01131	0.01471	0.02602	0.05543	0.02828	0.01358	0.00679	0.00226	0.00453	0.76356	0.00453	0.00453
48	0.01170	0.01189	0.02231	0.10377	0.47769	0.01184	0.25719	0.01504	0.01119	0.01561	0.00942	0.01260	0.00756	0.00436	0.00517	0.00154	0.00668	0.00483	0.00243	0.00719
49	0.01268	0.08347	0.13586	0.01260	0.05171	0.01188	0.11673	0.06262	0.28251	0.08899	0.05395	0.01568	0.01241	0.00667	0.02882	0.00174	0.00553	0.00503	0.00388	0.00724
50	0.01526	0.01207	0.01282	0.01061	0.01394	0.01364	0.00851	0.38072	0.42821	0.02545	0.01614	0.01526	0.01188	0.00631	0.00496	0.00158	0.00460	0.00502	0.00496	0.00805
51	0.01988	0.01036	0.01246	0.00971	0.01345	0.01038	0.00797	0.27005	0.10192	0.46448	0.01699	0.01530	0.01124	0.00609	0.00494	0.00152	0.00455	0.00484	0.00558	0.00830
52	0.38457	0.01202	0.07502	0.01164	0.11734	0.05267	0.02398	0.09054	0.04413	0.09076	0.01000	0.01160	0.00772	0.04285	0.00500	0.00166	0.00495	0.00377	0.00338	0.00642
53	0.01414	0.05097	0.07900	0.03696	0.10324	0.07279	0.02237	0.19969	0.24427	0.06067	0.01422	0.05607	0.01123	0.00616	0.00488	0.00154	0.00530	0.00506	0.00404	0.00739
54	0.00601	0.00461	0.00551	0.00607	0.00696	0.00411	0.00426	0.00715	0.01051	0.01350	0.10824	0.45558	0.32228	0.01377	0.00605	0.00183	0.00266	0.01213	0.00464	0.00411
55	0.00769	0.00786	0.08399	0.00701	0.00932	0.00611	0.00621	0.07042	0.02790	0.01574	0.10062	0.04032	0.49293	0.01098	0.00572	0.00169	0.00343	0.09271	0.00442	0.00494
56	0.13761	0.01890	0.39909	0.01246	0.03032	0.08870	0.05306	0.03570	0.06995	0.07954	0.02373	0.01165	0.00807	0.00505	0.00454	0.00153	0.00631	0.00393	0.00296	0.00691
57	0.01320	0.01544	0.02055	0.05791	0.02035	0.27183	0.37917	0.01605	0.01232	0.01458	0.08537	0.01399	0.01079	0.00525	0.00574	0.00154	0.04207	0.00510	0.00276	0.00602
58	0.00654	0.00502	0.00600	0.00580	0.00715	0.00448	0.00439	0.00844	0.01279	0.01708	0.48432	0.04135	0.33424	0.01108	0.00583	0.00161	0.00245	0.03193	0.00506	0.00445
59	0.01159	0.32136	0.13778	0.09310	0.09306	0.02840	0.05548	0.01472	0.04590	0.01345	0.00975	0.01168	0.03344	0.00530	0.00566	0.00145	0.10519	0.00391	0.00239	0.00640
60	0.04944	0.03164	0.01375	0.19773	0.05387	0.09299	0.00997	0.23259	0.03122	0.01898	0.01009	0.01225	0.00785	0.00580	0.00618	0.00155	0.12094	0.00419	0.09261	0.00638
61	0.00672	0.00559	0.00687	0.00787	0.08382	0.00499	0.00512	0.00835	0.01170	0.01502	0.22161	0.10326	0.47868	0.01132	0.00575	0.00164	0.00280	0.00972	0.00456	0.00461
62	0.01258	0.01324	0.09352	0.01342	0.01729	0.03967	0.23073	0.15496	0.25128	0.01952	0.01575	0.05797	0.04438	0.00625	0.00526	0.00162	0.00581	0.00580	0.00385	0.00708

[dist]
# distance from previous block
# <min> <max>
0	4

[block]
# block no. 1 follows, 51 sequences, length 11
# corresponding to MSA columns:
# 325-335
name=unknown_B
#
# <colnr> <probs for GDERKNQSTAVLIFYWHMCP>
#	G	D	E	R	K	N	Q	S	T	A	V	L	I	F	Y	W	H	M	C	P
0	0.01167	0.01107	0.02683	0.13580	0.05243	0.08245	0.08185	0.12761	0.05167	0.01549	0.01168	0.05783	0.01085	0.16265	0.01060	0.00227	0.13299	0.00547	0.00308	0.00572
1	0.00935	0.00723	0.00996	0.00884	0.01041	0.00726	0.08521	0.15540	0.01262	0.01706	0.13860	0.32432	0.02508	0.13852	0.00883	0.00223	0.00415	0.02559	0.00430	0.00505
2	0.01436	0.01643	0.01544	0.01301	0.01581	0.38936	0.15507	0.03663	0.13185	0.01441	0.01092	0.01286	0.00886	0.01013	0.13041	0.00244	0.00858	0.00439	0.00298	0.00605
3	0.01028	0.14372	0.32936	0.01371	0.01869	0.01192	0.21179	0.01419	0.01016	0.01420	0.00963	0.01243	0.00771	0.01058	0.15753	0.00271	0.00834	0.00435	0.00229	0.00640
4	0.17399	0.01458	0.09792	0.01362	0.01652	0.13524	0.19372	0.01485	0.00994	0.01512	0.00778	0.01049	0.00643	0.00582	0.00819	0.00172	0.26161	0.00410	0.00245	0.00591
5	0.01380	0.01443	0.01723	0.01383	0.01672	0.22452	0.22830	0.16046	0.01365	0.01675	0.01195	0.13632	0.01108	0.00692	0.00640	0.00162	0.09066	0.00594	0.00325	0.00617
6	0.00926	0.00917	0.00935	0.01125	0.13008	0.15809	0.00699	0.01058	0.01082	0.01310	0.02418	0.42258	0.14289	0.01127	0.00563	0.00172	0.00440	0.00988	0.00385	0.00492
7	0.01039	0.01036	0.16041	0.01200	0.13241	0.00731	0.00940	0.01292	0.01125	0.13741	0.05283	0.18594	0.14062	0.00934	0.00550	0.00171	0.00445	0.08572	0.00403	0.00599
8	0.43456	0.00788	0.00767	0.00676	0.00932	0.00836	0.00540	0.01227	0.00963	0.01902	0.15788	0.01554	0.01451	0.01043	0.12750	0.00238	0.00493	0.00429	0.00341	0.13827
9	0.30315	0.00780	0.00747	0.00667	0.00833	0.00856	0.00478	0.13054	0.01006	0.01719	0.01193	0.02066	0.01206	0.41572	0.01431	0.00313	0.00453	0.00518	0.00330	0.00463
10	0.01211	0.01100	0.01650	0.12597	0.34728	0.02734	0.07118	0.15922	0.01336	0.01789	0.01602	0.01773	0.13071	0.00600	0.00509	0.00153	0.00558	0.00541	0.00321	0.00688

[dist]
# distance from previous block
# <min> <max>
5	25

[block]
# block no. 2 follows, 51 sequences, length 52
# corresponding to MSA columns:
# 362-413
name=unknown_C
#
# <colnr> <probs for GDERKNQSTAVLIFYWHMCP>
#	G	D	E	R	K	N	Q	S	T	A	V	L	I	F	Y	W	H	M	C	P
0	0.03509	0.01213	0.01752	0.13746	0.24065	0.10715	0.15408	0.05432	0.03040	0.08134	0.01164	0.07489	0.00977	0.00562	0.00507	0.00155	0.00628	0.00526	0.00309	0.00669
1	0.01001	0.15975	0.01408	0.06429	0.01349	0.05331	0.09321	0.03250	0.07736	0.01414	0.01717	0.31730	0.03205	0.00886	0.00510	0.00158	0.00469	0.00785	0.00353	0.06972
2	0.01393	0.09653	0.01948	0.01671	0.15200	0.16207	0.17011	0.11672	0.03946	0.01621	0.00908	0.01128	0.00740	0.00542	0.00669	0.00155	0.14159	0.00430	0.00280	0.00668
3	0.01500	0.01659	0.01330	0.01319	0.09108	0.40760	0.00931	0.07559	0.14417	0.01520	0.01092	0.01249	0.00892	0.00980	0.11588	0.00230	0.02518	0.00410	0.00312	0.00627
4	0.00858	0.00702	0.00805	0.00777	0.00876	0.06674	0.00574	0.05753	0.00924	0.01231	0.01442	0.04263	0.03156	0.21999	0.47069	0.00595	0.00983	0.00585	0.00295	0.00438
5	0.00955	0.00765	0.01003	0.00904	0.00995	0.00924	0.00703	0.11579	0.00976	0.01382	0.01185	0.01887	0.01150	0.18858	0.34679	0.00499	0.20247	0.00531	0.00290	0.00488
6	0.47611	0.01133	0.01059	0.00862	0.01207	0.01276	0.00711	0.34705	0.01490	0.04433	0.00929	0.00985	0.00680	0.00518	0.00390	0.00150	0.00451	0.00348	0.00393	0.00671
7	0.01028	0.00815	0.00912	0.00822	0.01032	0.00887	0.00635	0.06570	0.37858	0.02075	0.34240	0.02559	0.02756	0.00798	0.00525	0.00158	0.00325	0.00683	0.04687	0.00635
8	0.00705	0.00527	0.00673	0.00718	0.00842	0.00494	0.00587	0.00901	0.01187	0.01553	0.22817	0.07917	0.23039	0.01246	0.00626	0.00191	0.00337	0.34720	0.00476	0.00444
9	0.00915	0.00550	0.00724	0.00660	0.00811	0.00502	0.00504	0.01130	0.01357	0.13330	0.61524	0.05144	0.05242	0.02867	0.00615	0.00165	0.00271	0.02636	0.00540	0.00512
10	0.01160	0.01326	0.02900	0.02071	0.02568	0.01243	0.77879	0.01574	0.01160	0.01574	0.00994	0.01326	0.00746	0.00414	0.00580	0.00166	0.00829	0.00580	0.00249	0.00663
11	0.00597	0.00500	0.00521	0.00534	0.00683	0.00430	0.00393	0.00742	0.02728	0.01333	0.04602	0.15404	0.67293	0.01273	0.00586	0.00171	0.00257	0.01077	0.00457	0.00420
12	0.01249	0.01248	0.01898	0.02704	0.65595	0.07317	0.01421	0.01510	0.01102	0.01531	0.00883	0.01176	0.00754	0.00487	0.00599	0.00152	0.08967	0.00428	0.00241	0.00738
13	0.00603	0.00446	0.00564	0.00646	0.00706	0.00407	0.00442	0.00706	0.01007	0.01322	0.08902	0.62506	0.17054	0.01446	0.00615	0.00190	0.00275	0.01294	0.00463	0.00407
14	0.00599	0.00428	0.00570	0.00684	0.00713	0.00399	0.00456	0.00684	0.00941	0.01254	0.02709	0.82409	0.03250	0.01540	0.00627	0.00200	0.00285	0.01397	0.00456	0.00399
15	0.01226	0.01044	0.01099	0.00979	0.01258	0.01195	0.00764	0.07311	0.69378	0.02080	0.02121	0.01960	0.05996	0.00695	0.00504	0.00165	0.00390	0.00576	0.00497	0.00760
16	0.03006	0.01209	0.01214	0.01056	0.04030	0.12094	0.00808	0.29793	0.08637	0.16699	0.01492	0.08732	0.01184	0.00666	0.00484	0.00149	0.00504	0.00530	0.06994	0.00718
17	0.00599	0.00428	0.00570	0.00684	0.00713	0.00399	0.00456	0.00684	0.00941	0.01254	0.02709	0.82409	0.03250	0.01540	0.00627	0.00200	0.00285	0.01397	0.00456	0.00399
18	0.00958	0.00822	0.00947	0.00696	0.01095	0.00622	0.00553	0.01164	0.01033	0.01564	0.01441	0.01532	0.11609	0.00486	0.00394	0.00086	0.00348	0.00394	0.00314	0.73942
19	0.00986	0.02542	0.80183	0.01401	0.02127	0.01141	0.01816	0.01556	0.01038	0.01556	0.00882	0.01038	0.00623	0.00467	0.00467	0.00156	0.00726	0.00363	0.00208	0.00726
20	0.00695	0.00503	0.00677	0.00782	0.00864	0.00485	0.00620	0.00855	0.01051	0.01370	0.02829	0.37506	0.08892	0.01425	0.00650	0.00211	0.00367	0.39338	0.00454	0.00427
21	0.00581	0.00498	0.00498	0.00498	0.00664	0.00415	0.00373	0.00705	0.01120	0.01328	0.04978	0.04729	0.79464	0.01245	0.00581	0.00166	0.00249	0.01037	0.00456	0.00415
22	0.00994	0.00558	0.00756	0.00708	0.00762	0.00578	0.00497	0.11335	0.00871	0.01164	0.00899	0.01450	0.00851	0.01553	0.01723	0.73878	0.00443	0.00429	0.00252	0.00299
23	0.01597	0.01276	0.01320	0.01081	0.01421	0.04171	0.00869	0.43778	0.34304	0.02595	0.01509	0.01443	0.01107	0.00619	0.00493	0.00155	0.00489	0.00485	0.00487	0.00802
24	0.01259	0.01055	0.01478	0.13960	0.01672	0.02979	0.04380	0.07203	0.01025	0.10628	0.00924	0.01223	0.00753	0.00715	0.01106	0.00187	0.45258	0.00445	0.03151	0.00600
25	0.00587	0.00472	0.00524	0.00566	0.00682	0.00409	0.00403	0.00698	0.01055	0.01301	0.04154	0.32944	0.51782	0.01352	0.00598	0.00178	0.00262	0.01168	0.00456	0.00409
26	0.01298	0.77460	0.02503	0.00871	0.01263	0.01915	0.00857	0.01452	0.00982	0.01158	0.00681	0.00808	0.00632	0.00450	0.00403	0.00113	0.06046	0.00274	0.00211	0.00624
27	0.03273	0.06420	0.17919	0.19648	0.03567	0.20977	0.07950	0.02713	0.01135	0.02884	0.02888	0.01156	0.00765	0.00519	0.00546	0.00152	0.06222	0.00402	0.00249	0.00616
28	0.05792	0.21353	0.44810	0.03026	0.01788	0.07357	0.01393	0.01530	0.01025	0.01440	0.00800	0.00963	0.00622	0.00484	0.00493	0.00145	0.05761	0.00336	0.00218	0.00665
29	0.01133	0.32886	0.14614	0.18731	0.02045	0.01490	0.11764	0.01423	0.00999	0.01302	0.00795	0.01044	0.00652	0.00486	0.00544	0.00145	0.08729	0.00377	0.00217	0.00623
30	0.00708	0.00501	0.00663	0.00663	0.00707	0.00545	0.00456	0.00796	0.00752	0.01047	0.01432	0.02573	0.01508	0.43212	0.41637	0.00633	0.00896	0.00621	0.00281	0.00368
31	0.00702	0.00496	0.00652	0.00659	0.00700	0.00533	0.00449	0.00786	0.00762	0.01056	0.01517	0.07612	0.01629	0.42300	0.37376	0.00599	0.00840	0.00673	0.00292	0.00367
32	0.01311	0.00666	0.00852	0.00730	0.00961	0.00607	0.00573	0.03204	0.04448	0.31971	0.29846	0.07787	0.11206	0.00879	0.00539	0.00157	0.00322	0.00752	0.02570	0.00618
33	0.02179	0.00877	0.01166	0.00894	0.01275	0.00783	0.00738	0.08100	0.01475	0.74202	0.01882	0.01635	0.01188	0.00607	0.00494	0.00152	0.00427	0.00490	0.00599	0.00836
34	0.01385	0.01050	0.01139	0.00994	0.01291	0.01182	0.00782	0.07617	0.64294	0.11576	0.01938	0.01770	0.01421	0.00655	0.00499	0.00164	0.00403	0.00541	0.00513	0.00789
35	0.01078	0.01899	0.39317	0.01755	0.02360	0.01195	0.42037	0.01566	0.01102	0.01566	0.00941	0.01190	0.00688	0.00439	0.00527	0.00161	0.00780	0.00478	0.00229	0.00693
36	0.00599	0.00428	0.00570	0.00684	0.00713	0.00399	0.00456	0.00684	0.00941	0.01254	0.02709	0.82409	0.03250	0.01540	0.00627	0.00200	0.00285	0.01397	0.00456	0.00399
37	0.00725	0.00473	0.00544	0.00544	0.00544	0.00473	0.00308	0.00709	0.00709	0.00945	0.01496	0.03086	0.01716	0.76617	0.02457	0.06906	0.00473	0.00693	0.00291	0.00291
38	0.00734	0.00541	0.00593	0.00585	0.00748	0.00480	0.00436	0.00931	0.05417	0.06724	0.07213	0.16585	0.54826	0.01206	0.00578	0.00170	0.00273	0.01025	0.00472	0.00463
39	0.00693	0.00467	0.00542	0.00563	0.00569	0.00462	0.00327	0.00709	0.00756	0.01009	0.01763	0.17839	0.02057	0.67738	0.02155	0.00425	0.00441	0.00841	0.00327	0.00316
40	0.01942	0.01258	0.01402	0.01075	0.01465	0.01348	0.00888	0.61461	0.02113	0.19941	0.01346	0.01288	0.00919	0.00594	0.00492	0.00148	0.00514	0.00454	0.00517	0.00836
41	0.00928	0.00873	0.01474	0.81548	0.03385	0.01092	0.01365	0.01256	0.00983	0.01256	0.00873	0.01310	0.00655	0.00491	0.00491	0.00164	0.00655	0.00437	0.00218	0.00546
42	0.01075	0.01075	0.01505	0.01290	0.01290	0.01505	0.01075	0.01183	0.00753	0.01183	0.00645	0.01075	0.00645	0.00860	0.01613	0.00215	0.81830	0.00430	0.00215	0.00538
43	0.00604	0.00503	0.00531	0.00535	0.00694	0.00429	0.00409	0.00744	0.01143	0.01389	0.10834	0.04699	0.68211	0.01233	0.00587	0.00169	0.00261	0.06139	0.00463	0.00421
44	0.01779	0.01332	0.01425	0.01113	0.01490	0.01482	0.00912	0.67603	0.12878	0.02953	0.01293	0.01270	0.00928	0.00601	0.00493	0.00150	0.00520	0.00458	0.00493	0.00828
45	0.01222	0.01056	0.01111	0.01000	0.01278	0.01222	0.00778	0.02611	0.78776	0.02056	0.02000	0.01833	0.01500	0.00667	0.00500	0.00167	0.00389	0.00556	0.00500	0.00778
46	0.80437	0.06523	0.00848	0.00659	0.00971	0.01160	0.00553	0.01446	0.00847	0.02134	0.00684	0.00798	0.00539	0.00454	0.00305	0.00149	0.00390	0.00266	0.00298	0.00539
47	0.00599	0.00428	0.00570	0.00684	0.00713	0.00399	0.00456	0.00684	0.00941	0.01254	0.02709	0.82409	0.03250	0.01540	0.00627	0.00200	0.00285	0.01397	0.00456	0.00399
48	0.01299	0.01355	0.02464	0.02082	0.16815	0.05312	0.49418	0.11759	0.01317	0.01764	0.00994	0.01263	0.00758	0.00447	0.00544	0.00158	0.00747	0.00522	0.00280	0.00703
49	0.00599	0.00428	0.00570	0.00684	0.00713	0.00399	0.00456	0.00684	0.00941	0.01254	0.02709	0.82409	0.03250	0.01540	0.00627	0.00200	0.00285	0.01397	0.00456	0.00399
50	0.01349	0.77546	0.02495	0.00870	0.01279	0.07296	0.00848	0.01505	0.01025	0.01159	0.00688	0.00795	0.00631	0.00426	0.00324	0.00107	0.00550	0.00266	0.00213	0.00627
51	0.17679	0.06574	0.01172	0.00888	0.01215	0.02602	0.00726	0.11261	0.21789	0.24744	0.05320	0.01513	0.01233	0.00597	0.00450	0.00152	0.00425	0.00461	0.00471	0.00726

[dist]
# distance from previous block
# <min> <max>
4	5

[block]
# block no. 3 follows, 51 sequences, length 50
# corresponding to MSA columns:
# 419-468
name=unknown_D
#
# <colnr> <probs for GDERKNQSTAVLIFYWHMCP>
#	G	D	E	R	K	N	Q	S	T	A	V	L	I	F	Y	W	H	M	C	P
0	0.01121	0.01094	0.02096	0.28174	0.13676	0.01129	0.33517	0.01491	0.02715	0.04793	0.01078	0.01521	0.00850	0.00499	0.00537	0.00164	0.00693	0.03942	0.00268	0.00641
1	0.01160	0.01113	0.01876	0.08031	0.62724	0.01169	0.02658	0.01435	0.01063	0.01523	0.00915	0.01244	0.00778	0.00626	0.04227	0.00183	0.07868	0.00443	0.00240	0.00724
2	0.00657	0.00452	0.00553	0.00610	0.00624	0.00438	0.00377	0.00699	0.00828	0.01103	0.02128	0.42759	0.02517	0.42189	0.01566	0.00338	0.00381	0.01055	0.00377	0.00348
3	0.01019	0.00873	0.01019	0.00728	0.01165	0.00655	0.00582	0.01237	0.01019	0.01601	0.00873	0.01019	0.00728	0.00364	0.00364	0.00073	0.00364	0.00291	0.00291	0.85734
4	0.00688	0.00502	0.00647	0.00611	0.00730	0.00461	0.00458	0.00914	0.01374	0.01931	0.74784	0.03737	0.09282	0.01020	0.00580	0.00155	0.00233	0.00898	0.00536	0.00461
5	0.02061	0.00806	0.01099	0.00863	0.01217	0.00702	0.00712	0.02255	0.01393	0.72296	0.05924	0.01958	0.01468	0.00664	0.00507	0.00156	0.00410	0.04113	0.00597	0.00799
6	0.05498	0.00950	0.01509	0.18050	0.33832	0.00989	0.02385	0.01498	0.01108	0.13708	0.01310	0.05765	0.01132	0.00629	0.00527	0.00163	0.01981	0.07964	0.00329	0.00671
7	0.01185	0.01135	0.01938	0.11609	0.71318	0.01159	0.01492	0.01481	0.01104	0.01567	0.00919	0.01227	0.00765	0.00444	0.00487	0.00148	0.00592	0.00438	0.00241	0.00753
8	0.01150	0.01342	0.04879	0.02003	0.02475	0.01257	0.70919	0.01549	0.01131	0.01549	0.00969	0.01302	0.00736	0.00444	0.00643	0.00169	0.06018	0.00565	0.00245	0.00656
9	0.00854	0.00427	0.00640	0.00640	0.00640	0.00427	0.00427	0.00640	0.00640	0.00854	0.00854	0.01494	0.00854	0.01707	0.01921	0.85702	0.00427	0.00427	0.00213	0.00213
10	0.01261	0.05563	0.41046	0.01414	0.01979	0.06314	0.15638	0.09213	0.04752	0.06636	0.01033	0.01160	0.00745	0.00488	0.00485	0.00153	0.00694	0.00421	0.00285	0.00720
11	0.00649	0.00526	0.00619	0.00611	0.00732	0.00497	0.00457	0.00798	0.01151	0.01497	0.26258	0.15259	0.41547	0.01191	0.00653	0.00171	0.05479	0.01006	0.00466	0.00435
12	0.00598	0.00430	0.00568	0.00678	0.00711	0.00400	0.00453	0.00685	0.00947	0.01257	0.02787	0.79732	0.05876	0.01529	0.00626	0.00198	0.00284	0.01385	0.00456	0.00400
13	0.01374	0.01179	0.01543	0.26116	0.20759	0.06321	0.01179	0.20637	0.09052	0.05345	0.01112	0.01296	0.00836	0.00526	0.00488	0.00153	0.00588	0.00445	0.00339	0.00711
14	0.01083	0.01033	0.01616	0.01175	0.01615	0.00895	0.24779	0.01478	0.08721	0.01638	0.01022	0.01195	0.00809	0.00409	0.00445	0.00111	0.00512	0.00408	0.00298	0.50758
15	0.00715	0.00476	0.00536	0.00536	0.00536	0.00476	0.00298	0.00715	0.00715	0.00953	0.01548	0.03216	0.01787	0.82729	0.02501	0.00476	0.00476	0.00715	0.00298	0.00298
16	0.00985	0.00945	0.01213	0.08957	0.01322	0.08091	0.06819	0.01100	0.00859	0.01144	0.01121	0.05550	0.01178	0.30006	0.01589	0.00291	0.27530	0.00578	0.00262	0.00459
17	0.09184	0.00698	0.04363	0.00880	0.07016	0.00650	0.00621	0.01009	0.02836	0.01462	0.14676	0.11077	0.04792	0.22172	0.09125	0.00312	0.00499	0.07800	0.00368	0.00460
18	0.01102	0.00944	0.01003	0.00922	0.01173	0.01064	0.00721	0.02235	0.62632	0.01914	0.02467	0.02488	0.12796	0.00794	0.00523	0.00170	0.00373	0.05484	0.00491	0.00705
19	0.00581	0.00498	0.00498	0.00498	0.00664	0.00415	0.00373	0.00705	0.01120	0.01328	0.04978	0.04729	0.79464	0.01245	0.00581	0.00166	0.00249	0.01037	0.00456	0.00415
20	0.01156	0.01367	0.13844	0.08355	0.56126	0.01164	0.07810	0.01503	0.01100	0.01570	0.00920	0.01205	0.00743	0.00444	0.00492	0.00150	0.00631	0.00438	0.00236	0.00744
21	0.01271	0.04974	0.02515	0.01785	0.02226	0.04110	0.58198	0.01621	0.01171	0.09187	0.01173	0.01476	0.02502	0.00490	0.00590	0.00163	0.03386	0.02212	0.00290	0.00661
22	0.01605	0.01053	0.01563	0.09139	0.01730	0.06010	0.15848	0.03059	0.01225	0.35177	0.01432	0.01680	0.01053	0.00634	0.00670	0.00167	0.11501	0.05348	0.00413	0.00692
23	0.00828	0.00487	0.00553	0.00532	0.00658	0.00462	0.00401	0.01048	0.01185	0.03558	0.31759	0.02806	0.09895	0.00802	0.00460	0.00136	0.00236	0.00678	0.43050	0.00464
24	0.00825	0.00643	0.00807	0.12958	0.01212	0.04659	0.00658	0.02637	0.01023	0.04520	0.02206	0.51611	0.02490	0.04934	0.00678	0.00202	0.00404	0.06666	0.00409	0.00457
25	0.04309	0.05591	0.18120	0.01061	0.01465	0.02492	0.04362	0.16619	0.07646	0.19977	0.02952	0.05595	0.01161	0.05708	0.00609	0.00173	0.00529	0.00510	0.00410	0.00712
26	0.01516	0.00894	0.01145	0.00922	0.01210	0.00897	0.05616	0.15978	0.11927	0.27189	0.11867	0.02005	0.01662	0.08738	0.00699	0.00184	0.00433	0.00570	0.05855	0.00691
27	0.00599	0.00428	0.00570	0.00684	0.00713	0.00399	0.00456	0.00684	0.00941	0.01254	0.02709	0.82409	0.03250	0.01540	0.00627	0.00200	0.00285	0.01397	0.00456	0.00399
28	0.17595	0.02170	0.61844	0.01235	0.01866	0.01118	0.01526	0.01565	0.01012	0.04554	0.00882	0.01014	0.00627	0.00470	0.00436	0.00155	0.00648	0.00349	0.00241	0.00693
29	0.01015	0.01074	0.05578	0.62126	0.13230	0.04886	0.02557	0.01342	0.01025	0.01319	0.00877	0.01264	0.00670	0.00483	0.00489	0.00159	0.00663	0.00430	0.00223	0.00589
30	0.01000	0.02365	0.71117	0.01440	0.06023	0.01111	0.01721	0.01533	0.01041	0.01562	0.00884	0.01045	0.00637	0.00459	0.00461	0.00150	0.00696	0.00362	0.00215	0.06178
31	0.01287	0.15886	0.31357	0.01242	0.01727	0.16750	0.07109	0.09120	0.02781	0.01567	0.01102	0.02623	0.04292	0.00533	0.00456	0.00143	0.00676	0.00414	0.00269	0.00667
32	0.00598	0.00432	0.00565	0.00672	0.00709	0.00400	0.00451	0.00686	0.00953	0.01259	0.02861	0.77181	0.08380	0.01520	0.00624	0.00197	0.00283	0.01373	0.00456	0.00400
33	0.05873	0.01205	0.01243	0.02104	0.01364	0.08123	0.02506	0.29021	0.21890	0.04907	0.02326	0.06838	0.01187	0.00653	0.00508	0.00152	0.02330	0.00518	0.01688	0.05564
34	0.03228	0.00808	0.00962	0.00787	0.01074	0.00762	0.01718	0.09304	0.10276	0.14691	0.22651	0.02350	0.10572	0.00732	0.00497	0.00139	0.00353	0.00615	0.00472	0.18008
35	0.03325	0.15911	0.41947	0.01208	0.01769	0.04701	0.03794	0.07634	0.02484	0.09943	0.00995	0.01083	0.00722	0.00485	0.00443	0.00144	0.00635	0.00371	0.00285	0.02121
36	0.00776	0.00604	0.00816	0.00916	0.08574	0.00586	0.00625	0.01065	0.06225	0.01754	0.43138	0.11413	0.09094	0.01046	0.00584	0.00170	0.00314	0.11315	0.00482	0.00503
37	0.01897	0.00845	0.01090	0.00883	0.01216	0.00789	0.00712	0.02301	0.15647	0.59436	0.02011	0.08043	0.01429	0.00692	0.00506	0.00158	0.00402	0.00576	0.00576	0.00791
38	0.01339	0.00824	0.00973	0.00807	0.01064	0.00823	0.00643	0.21432	0.04944	0.18793	0.29962	0.02576	0.10075	0.00811	0.00529	0.00153	0.00361	0.00678	0.02563	0.00649
39	0.01265	0.42041	0.02285	0.01930	0.40515	0.01556	0.01175	0.01490	0.01059	0.01381	0.00804	0.01003	0.00705	0.00429	0.00401	0.00126	0.00555	0.00350	0.00227	0.00705
40	0.01093	0.00629	0.00647	0.00583	0.00749	0.00656	0.00453	0.15420	0.01268	0.02067	0.01525	0.01711	0.01181	0.00576	0.00371	0.00121	0.00287	0.00455	0.69681	0.00528
41	0.00620	0.00446	0.00593	0.00703	0.00745	0.00418	0.00491	0.00723	0.00968	0.01281	0.02775	0.71085	0.05829	0.01509	0.00631	0.00201	0.00303	0.09817	0.00456	0.00406
42	0.01447	0.00826	0.01301	0.01042	0.01342	0.00758	0.15623	0.01729	0.06190	0.35753	0.02172	0.20149	0.07749	0.00835	0.00548	0.00168	0.00453	0.00762	0.00485	0.00667
43	0.01907	0.01314	0.01436	0.01101	0.01493	0.01431	0.00910	0.69270	0.02206	0.12000	0.01268	0.01237	0.00880	0.00592	0.00492	0.00148	0.00527	0.00448	0.00505	0.00836
44	0.00646	0.00428	0.00583	0.00676	0.00699	0.00404	0.00451	0.00676	0.00885	0.01180	0.02364	0.67384	0.02805	0.01571	0.00867	0.16076	0.00311	0.01217	0.00411	0.00365
45	0.00611	0.00437	0.00581	0.00676	0.00715	0.00407	0.00457	0.00715	0.00998	0.01346	0.12457	0.72400	0.03427	0.01472	0.00621	0.00194	0.00278	0.01332	0.00467	0.00407
46	0.00666	0.00516	0.00754	0.00785	0.00862	0.00485	0.06013	0.02451	0.00994	0.01321	0.02650	0.71451	0.06311	0.01425	0.00619	0.00195	0.00328	0.01302	0.00442	0.00428
47	0.00599	0.00428	0.00570	0.00684	0.00713	0.00399	0.00456	0.00684	0.00941	0.01254	0.02709	0.82409	0.03250	0.01540	0.00627	0.00200	0.00285	0.01397	0.00456	0.00399
48	0.01089	0.27911	0.55720	0.01224	0.01854	0.01394	0.01508	0.01530	0.01025	0.01430	0.00819	0.00959	0.00625	0.00452	0.00419	0.00140	0.00663	0.00332	0.00208	0.00696
49	0.01494	0.01455	0.01618	0.13963	0.27205	0.20948	0.01189	0.19568	0.01443	0.03213	0.00948	0.01145	0.00742	0.00511	0.00503	0.00146	0.02492	0.00410	0.00306	0.00701

[dist]
# distance from previous block
# <min> <max>
0	1

[block]
# block no. 4 follows, 51 sequences, length 25
# corresponding to MSA columns:
# 470-494
name=unknown_E
#
# <colnr> <probs for GDERKNQSTAVLIFYWHMCP>
#	G	D	E	R	K	N	Q	S	T	A	V	L	I	F	Y	W	H	M	C	P
0	0.06312	0.00843	0.00787	0.00702	0.00903	0.06354	0.00547	0.14587	0.09945	0.02053	0.01461	0.01592	0.01126	0.00574	0.00391	0.00129	0.00355	0.00445	0.50322	0.00571
1	0.01268	0.21300	0.03435	0.01192	0.01602	0.05906	0.18853	0.07157	0.15022	0.01650	0.01071	0.01184	0.00846	0.00470	0.00443	0.00129	0.00567	0.00413	0.00309	0.17184
2	0.00614	0.00445	0.00580	0.00660	0.00713	0.00411	0.00452	0.00727	0.01030	0.01381	0.15891	0.63601	0.08821	0.01428	0.00616	0.00190	0.00274	0.01286	0.00471	0.00411
3	0.08032	0.15343	0.35560	0.01158	0.01651	0.06806	0.03000	0.08581	0.01175	0.04688	0.04011	0.02810	0.00876	0.00536	0.00486	0.00147	0.03788	0.00398	0.00280	0.00672
4	0.01463	0.01268	0.05405	0.04986	0.16066	0.06932	0.14124	0.13228	0.05637	0.15009	0.02222	0.01356	0.00927	0.00635	0.02862	0.00175	0.06153	0.00474	0.00358	0.00720
5	0.00987	0.00624	0.00772	0.00721	0.00890	0.00603	0.00544	0.01348	0.13031	0.14232	0.33082	0.19726	0.09424	0.01022	0.00564	0.00166	0.00298	0.00894	0.00521	0.00553
6	0.00613	0.00437	0.00563	0.00657	0.00688	0.00410	0.00432	0.00689	0.00918	0.01218	0.02645	0.68938	0.06054	0.12207	0.00872	0.00235	0.00309	0.01293	0.00435	0.00386
7	0.01359	0.01195	0.01875	0.01964	0.30030	0.01215	0.17366	0.15973	0.13021	0.05242	0.01189	0.01335	0.00907	0.00499	0.00504	0.00150	0.00581	0.00482	0.00347	0.04765
8	0.01010	0.00796	0.00938	0.00965	0.05759	0.00859	0.00710	0.04289	0.32354	0.01845	0.10604	0.07392	0.05654	0.00878	0.00533	0.00170	0.00370	0.14299	0.09962	0.00613
9	0.00715	0.00476	0.00536	0.00536	0.00536	0.00476	0.00298	0.00715	0.00715	0.00953	0.01548	0.03216	0.01787	0.82729	0.02501	0.00476	0.00476	0.00715	0.00298	0.00298
10	0.00738	0.00574	0.00685	0.00716	0.00827	0.00575	0.00517	0.01108	0.16138	0.01540	0.15285	0.42149	0.13032	0.01241	0.00590	0.00182	0.00296	0.02843	0.00478	0.00486
11	0.07219	0.01757	0.19273	0.01640	0.07617	0.17890	0.26444	0.04908	0.01183	0.01582	0.00882	0.01105	0.00681	0.00482	0.00554	0.00155	0.05287	0.00430	0.00253	0.00657
12	0.00727	0.00580	0.00803	0.16400	0.01298	0.00614	0.00681	0.00979	0.07235	0.01341	0.02424	0.49256	0.07160	0.01233	0.00592	0.00190	0.00377	0.07233	0.00413	0.00463
13	0.00928	0.00873	0.01474	0.81548	0.03385	0.01092	0.01365	0.01256	0.00983	0.01256	0.00873	0.01310	0.00655	0.00491	0.00491	0.00164	0.00655	0.00437	0.00218	0.00546
14	0.01474	0.01006	0.01120	0.00935	0.01217	0.01081	0.00743	0.35458	0.15001	0.10884	0.05045	0.13643	0.01552	0.00763	0.00505	0.00157	0.00424	0.00631	0.07650	0.00713
15	0.01467	0.01216	0.01618	0.05392	0.35603	0.04515	0.01164	0.21275	0.13383	0.07580	0.01218	0.01325	0.00924	0.00529	0.00489	0.00150	0.00547	0.00456	0.00371	0.00778
16	0.02020	0.00896	0.01148	0.00906	0.01269	0.00841	0.00740	0.05389	0.14995	0.63344	0.01920	0.01682	0.01251	0.00618	0.00495	0.00154	0.00418	0.00503	0.00585	0.00826
17	0.00706	0.00485	0.00574	0.00572	0.00597	0.00490	0.00351	0.00750	0.00789	0.01064	0.07305	0.03151	0.04961	0.63941	0.11866	0.00479	0.00553	0.00717	0.00317	0.00332
18	0.00798	0.00555	0.00717	0.04213	0.00922	0.00554	0.00545	0.03211	0.07304	0.05583	0.10131	0.55502	0.02914	0.03799	0.00653	0.00195	0.00324	0.01141	0.00462	0.00475
19	0.08362	0.06967	0.04474	0.10310	0.07901	0.29383	0.01018	0.05241	0.02647	0.04759	0.00948	0.03113	0.00804	0.00583	0.00579	0.00151	0.09733	0.02133	0.00284	0.00608
20	0.00921	0.00551	0.00622	0.00583	0.00728	0.00541	0.00443	0.04175	0.04570	0.05112	0.26138	0.04475	0.07497	0.00781	0.00458	0.00138	0.00259	0.00658	0.40850	0.00500
21	0.00601	0.00438	0.00566	0.00663	0.00709	0.00403	0.00448	0.00696	0.00977	0.01290	0.05943	0.71444	0.11036	0.01489	0.00621	0.00194	0.00279	0.01341	0.00460	0.00403
22	0.01387	0.13759	0.19288	0.01300	0.01772	0.04712	0.17015	0.19859	0.03981	0.06931	0.01224	0.01314	0.04172	0.00529	0.00480	0.00148	0.00628	0.00454	0.00332	0.00714
23	0.01594	0.01912	0.27981	0.01226	0.01702	0.16941	0.01216	0.30512	0.01620	0.09042	0.01064	0.01118	0.00758	0.00534	0.00474	0.00147	0.00661	0.00395	0.00359	0.00746
24	0.06284	0.26354	0.07706	0.13412	0.04851	0.13681	0.05590	0.07959	0.01163	0.01486	0.00810	0.01003	0.00661	0.00487	0.00479	0.00138	0.04925	0.00355	0.00253	0.02402

[dist]
# distance from previous block
# <min> <max>
3	13

[block]
# block no. 5 follows, 51 sequences, length 26
# corresponding to MSA columns:
# 509-534
name=unknown_F
#
# <colnr> <probs for GDERKNQSTAVLIFYWHMCP>
#	G	D	E	R	K	N	Q	S	T	A	V	L	I	F	Y	W	H	M	C	P
0	0.00926	0.00556	0.00717	0.00646	0.00810	0.00500	0.00495	0.01139	0.01364	0.14455	0.58752	0.03466	0.12319	0.00967	0.00566	0.00155	0.00264	0.00842	0.00542	0.00518
1	0.01204	0.01170	0.02040	0.05254	0.72287	0.01170	0.06598	0.01505	0.01118	0.01593	0.00928	0.01226	0.00773	0.00438	0.00493	0.00148	0.00602	0.00447	0.00243	0.00764
2	0.01197	0.36867	0.36880	0.01253	0.06530	0.06796	0.01322	0.01544	0.01050	0.01365	0.00791	0.00932	0.00636	0.00448	0.00402	0.00131	0.00642	0.00322	0.00214	0.00678
3	0.01028	0.00974	0.01631	0.42606	0.35778	0.01079	0.01360	0.01327	0.01050	0.01410	0.01169	0.01498	0.05964	0.00519	0.00495	0.00156	0.00598	0.00477	0.00245	0.00636
4	0.00587	0.00475	0.00521	0.00558	0.00680	0.00410	0.00400	0.00698	0.01062	0.01304	0.04243	0.29882	0.54787	0.01340	0.00596	0.00177	0.00261	0.01154	0.00456	0.00410
5	0.00601	0.00434	0.00565	0.00668	0.00704	0.00402	0.00446	0.00686	0.00945	0.01250	0.02816	0.75150	0.07992	0.03962	0.00681	0.00206	0.00289	0.01354	0.00451	0.00397
6	0.03905	0.00959	0.01156	0.00993	0.04979	0.05770	0.00760	0.04220	0.08566	0.54787	0.05452	0.01748	0.03161	0.00629	0.00493	0.00152	0.00442	0.00511	0.00542	0.00777
7	0.07084	0.01340	0.01417	0.01097	0.01481	0.01488	0.00904	0.70905	0.04618	0.03009	0.01175	0.01177	0.00838	0.00584	0.00480	0.00148	0.00526	0.00435	0.00480	0.00815
8	0.00600	0.00438	0.00565	0.00661	0.00708	0.00403	0.00447	0.00695	0.00977	0.01288	0.05701	0.71047	0.11685	0.01488	0.00620	0.00194	0.00279	0.01339	0.00459	0.00403
9	0.08235	0.01062	0.01624	0.19909	0.27394	0.03915	0.08672	0.03094	0.02441	0.01606	0.09530	0.01470	0.01149	0.00556	0.00582	0.00159	0.07202	0.00484	0.00284	0.00634
10	0.00681	0.00711	0.09351	0.00688	0.00866	0.00514	0.00589	0.00896	0.01199	0.01630	0.37844	0.19022	0.21956	0.01108	0.00577	0.00166	0.00301	0.00966	0.00467	0.00468
11	0.00605	0.00432	0.00575	0.00680	0.00714	0.00403	0.00457	0.00699	0.00968	0.01298	0.07354	0.77640	0.03334	0.01507	0.00624	0.00197	0.00282	0.01366	0.00461	0.00403
12	0.01346	0.01539	0.01071	0.01005	0.01214	0.43653	0.00766	0.04240	0.03641	0.01372	0.03983	0.07385	0.17369	0.00831	0.00514	0.00152	0.00629	0.08410	0.00352	0.00528
13	0.25308	0.17110	0.06393	0.01076	0.06174	0.11626	0.00879	0.14110	0.09784	0.01925	0.00946	0.01025	0.00741	0.00500	0.00398	0.00140	0.00535	0.00349	0.00322	0.00660
14	0.01360	0.01124	0.01189	0.01028	0.01330	0.01287	0.00811	0.18663	0.62500	0.02277	0.01826	0.01694	0.01359	0.00650	0.00498	0.00163	0.00421	0.00532	0.00498	0.00790
15	0.00693	0.00526	0.00627	0.00611	0.00741	0.00482	0.00453	0.03980	0.01276	0.01707	0.41235	0.15723	0.27850	0.01144	0.00584	0.00165	0.00258	0.00994	0.00500	0.00454
16	0.01142	0.16343	0.28350	0.14484	0.01906	0.05572	0.01238	0.06136	0.11846	0.01557	0.01124	0.06200	0.00927	0.00566	0.00458	0.00150	0.00602	0.00450	0.00285	0.00664
17	0.00649	0.00510	0.00722	0.00750	0.00842	0.00470	0.05273	0.00779	0.01022	0.01337	0.06628	0.53975	0.16928	0.01378	0.00617	0.00191	0.00322	0.06734	0.00447	0.00425
18	0.00646	0.00482	0.00575	0.00599	0.00687	0.00444	0.00422	0.00767	0.01056	0.01381	0.19353	0.22316	0.26464	0.16365	0.02316	0.00242	0.00324	0.04716	0.00441	0.00402
19	0.01052	0.20372	0.08488	0.00973	0.01207	0.01172	0.04209	0.04764	0.00945	0.03357	0.01042	0.01559	0.00976	0.13645	0.19330	0.01512	0.14138	0.00458	0.00261	0.00541
20	0.01170	0.05534	0.25363	0.02064	0.34180	0.04166	0.09018	0.01658	0.09080	0.01598	0.01011	0.01204	0.00790	0.00469	0.00481	0.00150	0.00639	0.00429	0.00258	0.00737
21	0.00916	0.00458	0.00458	0.00458	0.00573	0.00458	0.00344	0.01145	0.01031	0.01832	0.01603	0.01832	0.01260	0.00573	0.00344	0.00115	0.00229	0.00458	0.85457	0.00458
22	0.00686	0.00464	0.00544	0.00573	0.00580	0.00457	0.00337	0.00707	0.00771	0.01028	0.01836	0.22848	0.02149	0.62603	0.02037	0.00408	0.00429	0.00884	0.00337	0.00323
23	0.06024	0.00514	0.00598	0.00635	0.00736	0.00489	0.00465	0.00819	0.01035	0.01415	0.12895	0.25464	0.22839	0.12339	0.00851	0.00223	0.00324	0.11486	0.00436	0.00414
24	0.25254	0.25407	0.19721	0.03335	0.06363	0.02447	0.01031	0.02792	0.03792	0.04609	0.00853	0.00968	0.00667	0.00464	0.00381	0.00139	0.00534	0.00326	0.00269	0.00647
25	0.03529	0.25030	0.03027	0.01196	0.08133	0.33398	0.00911	0.01592	0.01187	0.01341	0.07966	0.01192	0.01035	0.00584	0.01623	0.00139	0.04492	0.00376	0.02658	0.00591

[dist]
# distance from previous block
# <min> <max>
0	12

[block]
# block no. 6 follows, 51 sequences, length 10
# corresponding to MSA columns:
# 547-556
name=unknown_G
#
# <colnr> <probs for GDERKNQSTAVLIFYWHMCP>
#	G	D	E	R	K	N	Q	S	T	A	V	L	I	F	Y	W	H	M	C	P
0	0.68315	0.00984	0.00819	0.00707	0.01013	0.01126	0.00581	0.12928	0.01070	0.02316	0.00815	0.00919	0.00622	0.00483	0.00335	0.00149	0.00395	0.00304	0.05543	0.00573
1	0.14500	0.00608	0.00736	0.03966	0.00949	0.00617	0.00557	0.01045	0.00972	0.09829	0.02105	0.52294	0.02331	0.01166	0.00579	0.00182	0.02912	0.01015	0.00426	0.03213
2	0.00621	0.00451	0.00560	0.00628	0.00679	0.00418	0.00419	0.00709	0.00962	0.01266	0.08143	0.52790	0.14426	0.14442	0.00917	0.00236	0.00307	0.01199	0.00437	0.00390
3	0.00812	0.00678	0.01000	0.00893	0.01021	0.02690	0.12851	0.00956	0.00960	0.01259	0.05753	0.09130	0.06500	0.34434	0.04064	0.00326	0.00528	0.15377	0.00350	0.00420
4	0.01187	0.09410	0.06197	0.16834	0.13052	0.01171	0.10153	0.07679	0.12473	0.05385	0.07870	0.04016	0.01262	0.00581	0.00495	0.00154	0.00550	0.00521	0.00340	0.00671
5	0.01012	0.01742	0.39833	0.27226	0.17698	0.01131	0.01612	0.01451	0.01036	0.01470	0.00888	0.01159	0.00663	0.00469	0.00479	0.00156	0.00676	0.00401	0.00218	0.00679
6	0.00614	0.00445	0.00584	0.00689	0.00736	0.00415	0.00479	0.00715	0.00972	0.01279	0.02877	0.69531	0.09172	0.01500	0.00628	0.00199	0.00297	0.08004	0.00456	0.00405
