[name]
unknown

[dist]
# distance from previous block
# <min> <max>
6	900

[block]
# block no. 0 follows, 50 sequences, length 11
# corresponding to MSA columns:
# 1206-1216
name=unknown_A
#
# <colnr> <probs for GDERKNQSTAVLIFYWHMCP>
#	G	D	E	R	K	N	Q	S	T	A	V	L	I	F	Y	W	H	M	C	P
0	0.01351	0.12080	0.06445	0.03132	0.06846	0.05182	0.02900	0.16228	0.16462	0.04704	0.01312	0.05150	0.01063	0.00616	0.00536	0.00150	0.05515	0.00482	0.06569	0.03276
1	0.01234	0.03718	0.21819	0.03247	0.10300	0.06377	0.22613	0.12135	0.01287	0.01732	0.01188	0.01390	0.04918	0.00624	0.02909	0.00177	0.02868	0.00488	0.00285	0.00693
2	0.26754	0.11478	0.10310	0.05181	0.06135	0.02424	0.00862	0.06621	0.03897	0.05042	0.01549	0.05536	0.11071	0.00643	0.00434	0.00153	0.00471	0.00493	0.00337	0.00613
3	0.01295	0.01326	0.16245	0.01503	0.20161	0.04491	0.01110	0.13911	0.01398	0.10621	0.13815	0.05175	0.05417	0.00676	0.00515	0.00155	0.00521	0.00575	0.00391	0.00701
4	0.08487	0.03983	0.29748	0.01222	0.03506	0.01244	0.03443	0.19095	0.13745	0.06904	0.01193	0.01239	0.00863	0.00536	0.00469	0.00154	0.00575	0.00421	0.00361	0.02811
5	0.04496	0.03590	0.26355	0.10074	0.04282	0.00876	0.04319	0.01160	0.00912	0.01318	0.04685	0.01387	0.00928	0.00966	0.01025	0.31890	0.00570	0.00432	0.00238	0.00498
6	0.01169	0.01265	0.02579	0.06113	0.18601	0.01206	0.53927	0.01549	0.01152	0.01589	0.00981	0.01304	0.00758	0.00426	0.00553	0.00159	0.00755	0.00536	0.00252	0.05127
7	0.01224	0.09589	0.13889	0.01191	0.06251	0.01281	0.01018	0.06211	0.45635	0.01911	0.01631	0.01736	0.01276	0.00635	0.00491	0.00162	0.00487	0.04221	0.00411	0.00752
8	0.00714	0.00508	0.00591	0.00597	0.00735	0.00444	0.00437	0.00852	0.01152	0.06271	0.16360	0.24447	0.42565	0.01260	0.00596	0.00174	0.00270	0.01088	0.00486	0.00451
9	0.05555	0.01009	0.01452	0.01694	0.30290	0.00987	0.01023	0.06654	0.06264	0.33269	0.05591	0.01571	0.01216	0.00570	0.00494	0.00153	0.00481	0.00491	0.00447	0.00788
10	0.01139	0.01254	0.06106	0.08434	0.34507	0.13030	0.04850	0.01387	0.01128	0.01452	0.01437	0.17152	0.04562	0.00713	0.00523	0.00160	0.00591	0.00644	0.00296	0.00639

[dist]
# distance from previous block
# <min> <max>
0	1

[block]
# block no. 1 follows, 50 sequences, length 8
# corresponding to MSA columns:
# 1218-1225
name=unknown_B
#
# <colnr> <probs for GDERKNQSTAVLIFYWHMCP>
#	G	D	E	R	K	N	Q	S	T	A	V	L	I	F	Y	W	H	M	C	P
0	0.00639	0.00519	0.00603	0.00613	0.00730	0.00483	0.00451	0.00772	0.01117	0.01427	0.16294	0.23476	0.44290	0.01276	0.00655	0.00177	0.04498	0.01085	0.00464	0.00431
1	0.00985	0.01092	0.05192	0.00899	0.01038	0.22294	0.00689	0.01125	0.01122	0.01331	0.07098	0.47503	0.02502	0.01173	0.00575	0.00178	0.00483	0.03847	0.00398	0.00477
2	0.03659	0.05274	0.13615	0.07101	0.06195	0.04734	0.13349	0.17614	0.01439	0.20305	0.01210	0.01286	0.00848	0.00524	0.00494	0.00153	0.00616	0.00452	0.00380	0.00749
3	0.01322	0.01460	0.02257	0.07152	0.12986	0.16177	0.39331	0.05685	0.01245	0.01569	0.00955	0.01246	0.00749	0.00559	0.02761	0.00175	0.02948	0.00495	0.00263	0.00663
4	0.00744	0.00518	0.00633	0.00668	0.00762	0.00492	0.00485	0.00921	0.03960	0.03665	0.12643	0.29063	0.15586	0.13111	0.00884	0.00229	0.00331	0.10623	0.04244	0.00438
5	0.01207	0.23319	0.13011	0.00902	0.01372	0.04870	0.00869	0.01459	0.01068	0.05290	0.00882	0.00999	0.00716	0.00419	0.00381	0.00101	0.00495	0.00309	0.00275	0.42055
6	0.01431	0.05429	0.01529	0.01103	0.01477	0.05333	0.14503	0.03183	0.03954	0.21385	0.03479	0.03784	0.01071	0.00551	0.00540	0.00135	0.05263	0.00472	0.00382	0.24995
7	0.11872	0.15221	0.11934	0.01834	0.29876	0.05458	0.06758	0.03391	0.06173	0.01662	0.00934	0.01115	0.00752	0.00468	0.00444	0.00145	0.00595	0.00394	0.00268	0.00708

[dist]
# distance from previous block
# <min> <max>
1	3

[block]
# block no. 2 follows, 50 sequences, length 58
# corresponding to MSA columns:
# 1229-1286
name=unknown_C
#
# <colnr> <probs for GDERKNQSTAVLIFYWHMCP>
#	G	D	E	R	K	N	Q	S	T	A	V	L	I	F	Y	W	H	M	C	P
0	0.10184	0.01118	0.01928	0.08122	0.07159	0.01117	0.32795	0.09194	0.02545	0.12306	0.01264	0.07760	0.01017	0.00572	0.00527	0.00164	0.00625	0.00573	0.00350	0.00678
1	0.27376	0.04994	0.02755	0.00854	0.01231	0.07363	0.00713	0.11881	0.01243	0.13856	0.01016	0.01067	0.00753	0.00483	0.00394	0.00128	0.00464	0.00342	0.00367	0.22720
2	0.01163	0.01037	0.09573	0.01257	0.07638	0.00850	0.16046	0.01530	0.06394	0.14873	0.24473	0.02317	0.04541	0.05270	0.00658	0.00177	0.00493	0.00652	0.00423	0.00638
3	0.01139	0.00591	0.00766	0.00707	0.00889	0.00525	0.00534	0.01301	0.01235	0.25841	0.20437	0.26390	0.14045	0.01083	0.00571	0.00170	0.00312	0.00944	0.01958	0.00561
4	0.01281	0.01415	0.15935	0.03203	0.34839	0.01209	0.01319	0.12059	0.16331	0.03443	0.01243	0.03384	0.00982	0.00548	0.00497	0.00156	0.00564	0.00480	0.00337	0.00775
5	0.01091	0.00965	0.01349	0.08093	0.32749	0.06798	0.01016	0.01337	0.01236	0.05573	0.25046	0.05434	0.05785	0.00721	0.00530	0.00154	0.00475	0.00645	0.00375	0.00628
6	0.01264	0.01351	0.02309	0.01969	0.14085	0.07392	0.39876	0.06107	0.01175	0.01585	0.00919	0.01233	0.00738	0.00533	0.00769	0.00171	0.17090	0.00506	0.00260	0.00668
7	0.00625	0.00447	0.00591	0.00699	0.00736	0.00420	0.00478	0.00719	0.00962	0.01276	0.02737	0.71891	0.04773	0.04997	0.00720	0.00216	0.00308	0.06544	0.00456	0.00405
8	0.01050	0.01094	0.02066	0.25232	0.02459	0.01203	0.34574	0.01365	0.01044	0.01426	0.03736	0.04714	0.00954	0.00598	0.00763	0.00178	0.16131	0.00562	0.00256	0.00595
9	0.01224	0.23748	0.13375	0.01998	0.36029	0.01405	0.05896	0.01620	0.07254	0.01531	0.00956	0.01145	0.00782	0.00461	0.00450	0.00141	0.00596	0.00403	0.00253	0.00734
10	0.00607	0.00434	0.00578	0.00694	0.00723	0.00405	0.00463	0.00694	0.00954	0.01272	0.02747	0.82157	0.03297	0.01562	0.00636	0.00202	0.00289	0.01417	0.00463	0.00405
11	0.00906	0.00655	0.01052	0.36337	0.01902	0.00767	0.00875	0.00943	0.00807	0.01057	0.00868	0.01419	0.00770	0.01158	0.01297	0.44999	0.03157	0.00437	0.00219	0.00376
12	0.01465	0.02037	0.18660	0.01307	0.05505	0.42779	0.01117	0.03361	0.06471	0.01507	0.09984	0.01347	0.01181	0.00572	0.00478	0.00142	0.00730	0.00424	0.00302	0.00631
13	0.00779	0.00652	0.00909	0.01067	0.10482	0.00685	0.00719	0.00927	0.01015	0.01354	0.02649	0.32222	0.17347	0.01290	0.02434	0.00208	0.11207	0.13171	0.00399	0.00483
14	0.01082	0.00793	0.00894	0.00778	0.00989	0.00829	0.00608	0.19651	0.12024	0.02226	0.36078	0.02720	0.07911	0.00837	0.00528	0.00153	0.00333	0.00707	0.10258	0.00600
15	0.01103	0.01152	0.02258	0.30504	0.16917	0.01192	0.36524	0.01469	0.01105	0.01487	0.00952	0.01319	0.00730	0.00452	0.00539	0.00164	0.00732	0.00510	0.00240	0.00651
16	0.02697	0.12360	0.62697	0.01326	0.01978	0.07577	0.01626	0.01599	0.01072	0.01513	0.00856	0.01005	0.00632	0.00471	0.00450	0.00149	0.00718	0.00350	0.00216	0.00708
17	0.00892	0.00566	0.00679	0.00722	0.00848	0.00578	0.00591	0.02466	0.06263	0.01702	0.02150	0.08292	0.02094	0.00989	0.00525	0.00174	0.00350	0.33093	0.36540	0.00487
18	0.00829	0.00637	0.00788	0.00814	0.00963	0.00648	0.00664	0.01258	0.15317	0.01687	0.19701	0.06888	0.12359	0.01162	0.00619	0.00194	0.00367	0.34100	0.00488	0.00515
19	0.68709	0.02978	0.00909	0.00759	0.01077	0.06474	0.00622	0.10343	0.01063	0.02249	0.00757	0.00860	0.00585	0.00481	0.00340	0.00151	0.00442	0.00294	0.00325	0.00580
20	0.13426	0.00953	0.00979	0.00864	0.01077	0.07263	0.00678	0.19685	0.01258	0.04362	0.01221	0.01613	0.01046	0.08204	0.29665	0.00410	0.00810	0.00468	0.05446	0.00569
21	0.01042	0.12756	0.70093	0.01349	0.02046	0.01261	0.01716	0.01568	0.01047	0.01527	0.00869	0.01020	0.00632	0.00468	0.00454	0.00151	0.00711	0.00355	0.00211	0.00724
22	0.01000	0.02578	0.79900	0.01421	0.02157	0.01158	0.01842	0.01579	0.01052	0.01579	0.00895	0.01052	0.00631	0.00474	0.00474	0.00158	0.00737	0.00368	0.00210	0.00737
23	0.06227	0.08120	0.02143	0.01572	0.03074	0.24748	0.33706	0.11338	0.01362	0.01683	0.00918	0.01119	0.00713	0.00474	0.00497	0.00148	0.00767	0.00446	0.00285	0.00658
24	0.01564	0.00933	0.01123	0.00860	0.01256	0.00832	0.00696	0.06983	0.12526	0.30572	0.01471	0.01409	0.01042	0.00520	0.00447	0.00122	0.00405	0.00420	0.00458	0.36360
25	0.01181	0.11476	0.17531	0.01750	0.11016	0.01266	0.33760	0.03572	0.03675	0.03229	0.05846	0.01376	0.01003	0.00488	0.00515	0.00155	0.00686	0.00502	0.00279	0.00694
26	0.00649	0.00473	0.00611	0.00649	0.00729	0.00435	0.00459	0.00805	0.01171	0.01600	0.36707	0.41301	0.09964	0.01298	0.00611	0.00180	0.00262	0.01160	0.00501	0.00435
27	0.00660	0.00508	0.00603	0.00579	0.00717	0.00451	0.00435	0.00853	0.01304	0.01744	0.50196	0.04142	0.33776	0.01114	0.00588	0.00161	0.00242	0.00960	0.00515	0.00451
28	0.05932	0.45704	0.33829	0.01072	0.01618	0.01594	0.01236	0.01526	0.01020	0.01397	0.00775	0.00903	0.00631	0.00448	0.00381	0.00130	0.00607	0.00308	0.00217	0.00673
29	0.01127	0.22954	0.24965	0.01222	0.01552	0.01535	0.01250	0.01388	0.00914	0.01304	0.00735	0.01003	0.00644	0.00638	0.00947	0.00171	0.36437	0.00372	0.00215	0.00627
30	0.01912	0.00816	0.01078	0.00872	0.01194	0.00738	0.00700	0.08110	0.01413	0.59294	0.02048	0.16348	0.01580	0.00788	0.00526	0.00163	0.00409	0.00664	0.00579	0.00767
31	0.01949	0.00967	0.01189	0.00949	0.01310	0.00953	0.00771	0.11214	0.20654	0.51571	0.01893	0.01679	0.01260	0.00629	0.00502	0.00157	0.00431	0.00511	0.00576	0.00833
32	0.00599	0.00465	0.00546	0.00612	0.00701	0.00412	0.00426	0.00703	0.01033	0.01305	0.03749	0.48494	0.36313	0.01431	0.00616	0.00188	0.00273	0.01258	0.00463	0.00412
33	0.00728	0.00518	0.00653	0.00668	0.00713	0.00546	0.00450	0.00860	0.04304	0.01129	0.01729	0.15107	0.01891	0.42412	0.24064	0.00510	0.00688	0.02316	0.00330	0.00383
34	0.00651	0.00473	0.00602	0.00644	0.00716	0.00438	0.00450	0.00788	0.01112	0.01506	0.28891	0.40380	0.11062	0.07792	0.00767	0.00206	0.00285	0.02335	0.00479	0.00421
35	0.00667	0.00459	0.00561	0.00617	0.00632	0.00445	0.00381	0.00710	0.00838	0.01117	0.02148	0.42005	0.02541	0.42745	0.01604	0.00345	0.00388	0.01065	0.00381	0.00353
36	0.00971	0.00720	0.01121	0.40280	0.02076	0.00838	0.00934	0.06089	0.00933	0.01218	0.00898	0.01402	0.00766	0.01050	0.01140	0.37909	0.00554	0.00439	0.00238	0.00424
37	0.00681	0.00501	0.00627	0.00706	0.00766	0.00487	0.00486	0.01973	0.05633	0.01339	0.02736	0.61236	0.08070	0.07913	0.00777	0.00221	0.00320	0.04643	0.00453	0.00430
38	0.00700	0.00481	0.00590	0.00641	0.00665	0.00472	0.00420	0.00758	0.00853	0.01132	0.02076	0.27655	0.02410	0.46665	0.01703	0.00363	0.00421	0.11269	0.00373	0.00355
39	0.00647	0.00491	0.00656	0.00741	0.00771	0.00500	0.00513	0.00737	0.00943	0.01268	0.02630	0.73381	0.05002	0.01496	0.00719	0.00203	0.07117	0.01325	0.00442	0.00417
40	0.06333	0.48171	0.16864	0.01027	0.01474	0.16103	0.01041	0.01598	0.01084	0.01320	0.00745	0.00866	0.00633	0.00453	0.00372	0.00123	0.00630	0.00296	0.00226	0.00641
41	0.01133	0.01317	0.05163	0.01962	0.02443	0.01194	0.69056	0.01544	0.01191	0.01628	0.07227	0.01525	0.01067	0.00470	0.00585	0.00167	0.00789	0.00606	0.00274	0.00658
42	0.01093	0.01033	0.01714	0.40745	0.37981	0.01150	0.01415	0.01473	0.05713	0.01484	0.00978	0.01317	0.00773	0.00484	0.00497	0.00158	0.00615	0.00451	0.00250	0.00676
43	0.00869	0.00778	0.00808	0.00763	0.00894	0.10342	0.00588	0.01075	0.01331	0.01766	0.53171	0.03451	0.09382	0.00995	0.00642	0.00164	0.05220	0.06798	0.00480	0.00483
44	0.00680	0.00498	0.00639	0.00634	0.00742	0.00457	0.00470	0.00879	0.01298	0.01794	0.56342	0.16831	0.12299	0.01145	0.00599	0.00168	0.00253	0.03294	0.00523	0.00454
45	0.00745	0.00558	0.00711	0.00795	0.00881	0.00564	0.00593	0.01052	0.11836	0.01441	0.02620	0.51784	0.02942	0.01392	0.00631	0.00205	0.00346	0.19966	0.00468	0.00472
46	0.00837	0.00695	0.00766	0.00756	0.00901	0.05377	0.00586	0.01184	0.10741	0.01743	0.37188	0.09646	0.12335	0.01078	0.00591	0.00174	0.00340	0.14064	0.00494	0.00503
47	0.01654	0.01012	0.01598	0.08331	0.38778	0.00978	0.01166	0.01907	0.01253	0.36141	0.01389	0.01446	0.00976	0.00525	0.00497	0.00152	0.00524	0.00469	0.00408	0.00797
48	0.01264	0.01101	0.01385	0.01185	0.01325	0.01404	0.00969	0.08775	0.24454	0.05355	0.01182	0.01362	0.00962	0.00776	0.01136	0.00194	0.45681	0.00479	0.00350	0.00661
49	0.01257	0.01081	0.01299	0.01223	0.08550	0.02551	0.05935	0.16789	0.35933	0.02065	0.02117	0.05643	0.11864	0.00739	0.00526	0.00164	0.00458	0.00632	0.00452	0.00722
50	0.01644	0.01193	0.01313	0.01099	0.01401	0.12818	0.05430	0.20233	0.04102	0.22380	0.01694	0.02259	0.02868	0.00760	0.00578	0.00168	0.03441	0.15460	0.00461	0.00699
51	0.01059	0.01235	0.09797	0.38462	0.13329	0.01170	0.24832	0.01438	0.01076	0.01451	0.00931	0.01293	0.00706	0.00465	0.00523	0.00163	0.00716	0.00480	0.00233	0.00640
52	0.00639	0.00468	0.00606	0.00689	0.00755	0.00434	0.00493	0.00765	0.01053	0.01393	0.12078	0.54523	0.12684	0.01439	0.00631	0.00196	0.00298	0.09963	0.00472	0.00421
53	0.01139	0.01099	0.01797	0.19314	0.45296	0.01246	0.01398	0.01399	0.01020	0.01454	0.00862	0.01221	0.00732	0.00554	0.00757	0.00168	0.19183	0.00442	0.00235	0.00683
54	0.10896	0.01153	0.01475	0.01735	0.29571	0.01248	0.01057	0.15789	0.25838	0.04191	0.01331	0.01390	0.01016	0.00552	0.00478	0.00156	0.00494	0.00465	0.00392	0.00773
55	0.00748	0.00545	0.00696	0.00759	0.00862	0.00530	0.00612	0.00931	0.02095	0.01404	0.07338	0.06339	0.15904	0.16139	0.01000	0.00260	0.00411	0.42560	0.00437	0.00428
56	0.00725	0.00483	0.00544	0.00544	0.00544	0.00483	0.00302	0.00725	0.00725	0.00966	0.01571	0.03262	0.01812	0.82483	0.02537	0.00483	0.00483	0.00725	0.00302	0.00302
57	0.86003	0.00964	0.00733	0.00655	0.00964	0.01118	0.00540	0.01465	0.00848	0.02236	0.00694	0.00810	0.00540	0.00463	0.00308	0.00154	0.00386	0.00270	0.00308	0.00540

[dist]
# distance from previous block
# <min> <max>
5	6

[block]
# block no. 3 follows, 50 sequences, length 10
# corresponding to MSA columns:
# 1293-1302
name=unknown_D
#
# <colnr> <probs for GDERKNQSTAVLIFYWHMCP>
#	G	D	E	R	K	N	Q	S	T	A	V	L	I	F	Y	W	H	M	C	P
0	0.01091	0.01090	0.01842	0.09383	0.35137	0.04792	0.18024	0.01366	0.01106	0.01494	0.01325	0.18439	0.01296	0.00684	0.00543	0.00165	0.00604	0.00677	0.00292	0.00650
1	0.01045	0.00792	0.01117	0.07763	0.13461	0.00811	0.03103	0.05270	0.06766	0.08963	0.02261	0.20285	0.13975	0.06689	0.00732	0.00196	0.03102	0.02686	0.00403	0.00580
2	0.01642	0.01536	0.01318	0.01191	0.03966	0.29736	0.00901	0.07391	0.26138	0.13015	0.01374	0.01368	0.01030	0.00610	0.00567	0.00154	0.06508	0.00446	0.00403	0.00708
3	0.01222	0.09977	0.02194	0.02122	0.31947	0.08227	0.26127	0.01514	0.01160	0.01508	0.01294	0.01518	0.07885	0.00515	0.00511	0.00150	0.00663	0.00517	0.00265	0.00683
4	0.00674	0.00525	0.00612	0.00646	0.00782	0.00477	0.00513	0.00830	0.01127	0.01405	0.08589	0.04881	0.44797	0.07198	0.00762	0.00210	0.00334	0.24756	0.00455	0.00427
5	0.01027	0.00903	0.01286	0.01101	0.01170	0.01158	0.06244	0.01191	0.00880	0.01412	0.01055	0.05563	0.00971	0.00797	0.01157	0.00186	0.49346	0.00506	0.23524	0.00525
6	0.01420	0.14266	0.12957	0.01412	0.05464	0.04430	0.19025	0.15418	0.06637	0.09119	0.01189	0.02901	0.00922	0.00543	0.00493	0.00152	0.00628	0.01957	0.00344	0.00725
7	0.00895	0.00586	0.00653	0.00657	0.00782	0.00598	0.00481	0.07276	0.08171	0.01733	0.02255	0.31803	0.06806	0.00997	0.00497	0.00159	0.00295	0.00862	0.33993	0.00500
8	0.00695	0.00509	0.00652	0.00617	0.00739	0.00466	0.00462	0.00921	0.01387	0.01943	0.72746	0.03816	0.11102	0.01040	0.00588	0.00158	0.00237	0.00914	0.00541	0.00466
9	0.05104	0.00742	0.00932	0.04486	0.01095	0.02147	0.03257	0.10685	0.01143	0.09985	0.01855	0.23541	0.04383	0.13104	0.06424	0.04147	0.01933	0.02599	0.01920	0.00518

[dist]
# distance from previous block
# <min> <max>
0	1

[block]
# block no. 4 follows, 50 sequences, length 21
# corresponding to MSA columns:
# 1304-1324
name=unknown_E
#
# <colnr> <probs for GDERKNQSTAVLIFYWHMCP>
#	G	D	E	R	K	N	Q	S	T	A	V	L	I	F	Y	W	H	M	C	P
0	0.01529	0.20572	0.17970	0.01137	0.01605	0.01264	0.08617	0.05632	0.10356	0.24485	0.01320	0.01313	0.00937	0.00529	0.00462	0.00147	0.00558	0.00432	0.00383	0.00752
1	0.00637	0.00501	0.00579	0.00601	0.00731	0.00443	0.00452	0.00789	0.01164	0.01482	0.19640	0.17318	0.44078	0.01272	0.00606	0.00177	0.00275	0.08342	0.00480	0.00432
2	0.14423	0.01173	0.03858	0.22503	0.01937	0.02959	0.00998	0.28655	0.06209	0.10796	0.01153	0.01257	0.00824	0.00552	0.00469	0.00156	0.00545	0.00427	0.00394	0.00709
3	0.05436	0.18443	0.23877	0.06123	0.05907	0.07793	0.03380	0.12875	0.01265	0.04874	0.00932	0.01075	0.00713	0.00504	0.00478	0.00145	0.03251	0.00375	0.01859	0.00694
4	0.01269	0.06141	0.02810	0.00962	0.01150	0.22226	0.00745	0.06819	0.01217	0.08773	0.01753	0.35853	0.01851	0.00992	0.00595	0.00168	0.04911	0.00821	0.00391	0.00554
5	0.00620	0.00442	0.00572	0.00671	0.00701	0.00414	0.00442	0.00698	0.00933	0.01240	0.02681	0.70789	0.05401	0.10834	0.00853	0.00234	0.00310	0.01327	0.00444	0.00394
6	0.01296	0.16034	0.35287	0.01222	0.01741	0.14581	0.02709	0.07636	0.07506	0.01614	0.00957	0.01064	0.00732	0.00492	0.00444	0.00140	0.00668	0.00365	0.00271	0.05241
7	0.01345	0.29902	0.27405	0.01094	0.01595	0.04364	0.01167	0.09160	0.06134	0.07744	0.01039	0.01160	0.00805	0.00509	0.00427	0.00137	0.00591	0.01776	0.00300	0.03350
8	0.01063	0.21287	0.16443	0.01303	0.08928	0.01303	0.05245	0.01318	0.00944	0.01311	0.00922	0.01281	0.00820	0.03532	0.17259	0.00298	0.15485	0.00419	0.00233	0.00607
9	0.01073	0.01440	0.28780	0.01075	0.01487	0.03926	0.09566	0.01504	0.05802	0.05836	0.01639	0.01755	0.08469	0.00596	0.00464	0.00147	0.00525	0.00503	0.24788	0.00624
10	0.00835	0.00719	0.01096	0.42584	0.02175	0.00819	0.00976	0.02684	0.01092	0.01416	0.09796	0.14141	0.10738	0.00881	0.00556	0.00176	0.00496	0.07968	0.00347	0.00505
11	0.01113	0.04670	0.46218	0.01476	0.07345	0.01119	0.09837	0.04405	0.02799	0.05472	0.01190	0.06419	0.00985	0.00591	0.00506	0.00162	0.00660	0.04045	0.00282	0.00707
12	0.03238	0.04832	0.09548	0.01305	0.16002	0.00881	0.02062	0.01480	0.01046	0.19786	0.01338	0.01717	0.01102	0.10441	0.22631	0.00365	0.00755	0.00495	0.00342	0.00635
13	0.00606	0.00441	0.00571	0.00676	0.00718	0.00406	0.00455	0.00696	0.00972	0.01280	0.02969	0.74720	0.10591	0.01533	0.00632	0.00199	0.00286	0.01382	0.00463	0.00406
14	0.01218	0.01461	0.15815	0.09980	0.43438	0.05956	0.07151	0.01562	0.01143	0.04138	0.02811	0.01273	0.00846	0.00476	0.00497	0.00152	0.00648	0.00447	0.00258	0.00730
15	0.01080	0.03686	0.33401	0.24491	0.06630	0.05535	0.12914	0.01501	0.01070	0.01456	0.00893	0.01172	0.00669	0.00484	0.00527	0.00160	0.03022	0.00424	0.00225	0.00661
16	0.01027	0.00753	0.01121	0.01269	0.17350	0.00759	0.04244	0.08361	0.03565	0.01387	0.01472	0.06068	0.08750	0.01203	0.01190	0.39683	0.00469	0.00562	0.00299	0.00467
17	0.01270	0.01695	0.24110	0.09931	0.01922	0.17956	0.12010	0.01609	0.01217	0.09013	0.08955	0.01618	0.05318	0.00587	0.00507	0.00154	0.00673	0.00500	0.00314	0.00641
18	0.01135	0.02380	0.01585	0.11892	0.12228	0.05719	0.15964	0.05517	0.05938	0.04666	0.14427	0.02085	0.09898	0.00678	0.00577	0.00160	0.03553	0.00613	0.00360	0.00624
19	0.07149	0.09454	0.11188	0.01347	0.14258	0.08812	0.01028	0.12544	0.08742	0.10793	0.03925	0.01521	0.05941	0.00588	0.00469	0.00148	0.00542	0.00465	0.00371	0.00712
20	0.09412	0.09747	0.10902	0.01359	0.05743	0.08565	0.17761	0.06274	0.10652	0.03337	0.01275	0.06860	0.02927	0.00597	0.00512	0.00157	0.02418	0.00518	0.00322	0.00662

[dist]
# distance from previous block
# <min> <max>
3	10

[block]
# block no. 5 follows, 50 sequences, length 16
# corresponding to MSA columns:
# 1335-1350
name=unknown_F
#
# <colnr> <probs for GDERKNQSTAVLIFYWHMCP>
#	G	D	E	R	K	N	Q	S	T	A	V	L	I	F	Y	W	H	M	C	P
0	0.04453	0.14877	0.16951	0.06094	0.03770	0.04784	0.02766	0.05720	0.04471	0.10268	0.14588	0.01600	0.01464	0.00605	0.00512	0.00148	0.03514	0.00478	0.00353	0.02582
1	0.08684	0.03614	0.13588	0.11604	0.15467	0.01125	0.12518	0.01508	0.04581	0.03825	0.02754	0.01272	0.00851	0.00579	0.02486	0.00168	0.05320	0.00437	0.00276	0.09341
2	0.01223	0.01176	0.09608	0.03686	0.16426	0.00977	0.03039	0.09741	0.05285	0.06103	0.03251	0.01435	0.01003	0.00517	0.00478	0.00130	0.01627	0.03258	0.00337	0.30700
3	0.02386	0.00751	0.00836	0.02369	0.01014	0.05629	0.00638	0.10682	0.01223	0.04706	0.03636	0.40182	0.02414	0.01169	0.00578	0.00183	0.00400	0.13072	0.04780	0.03352
4	0.00818	0.00454	0.00635	0.00635	0.00642	0.00461	0.00415	0.00688	0.00681	0.00914	0.01081	0.01991	0.01135	0.22269	0.08372	0.57280	0.00518	0.00515	0.00242	0.00256
5	0.80709	0.00978	0.00813	0.00806	0.05861	0.01122	0.00602	0.01469	0.00866	0.02198	0.00709	0.00836	0.00555	0.00462	0.00320	0.00154	0.00398	0.00281	0.00305	0.00555
6	0.07260	0.20612	0.23512	0.01082	0.01560	0.04637	0.01107	0.14789	0.06952	0.12301	0.01107	0.01140	0.00810	0.00519	0.00436	0.00143	0.00573	0.00382	0.00345	0.00732
7	0.01322	0.12622	0.07589	0.03414	0.06357	0.14995	0.01103	0.07329	0.04638	0.01445	0.00826	0.01074	0.00712	0.00654	0.00926	0.00170	0.33542	0.00396	0.00260	0.00628
8	0.00595	0.00505	0.00513	0.00511	0.00677	0.00423	0.00383	0.00726	0.01149	0.01378	0.08652	0.04745	0.75549	0.01251	0.00589	0.00168	0.00252	0.01045	0.00467	0.00423
9	0.01149	0.04289	0.10966	0.10301	0.32907	0.03807	0.02375	0.01436	0.01094	0.03664	0.08326	0.01438	0.01121	0.00579	0.00657	0.00160	0.12378	0.00471	0.02209	0.00673
10	0.00773	0.00488	0.00562	0.00553	0.00663	0.00467	0.00406	0.00967	0.01138	0.01715	0.27513	0.05901	0.12892	0.07244	0.04307	0.00199	0.00308	0.00744	0.32716	0.00445
11	0.01360	0.01374	0.07389	0.07526	0.24523	0.13503	0.04019	0.11572	0.04889	0.06397	0.04471	0.02659	0.06916	0.00600	0.00504	0.00152	0.00597	0.00511	0.00342	0.00697
12	0.00853	0.00542	0.00666	0.01681	0.00806	0.00526	0.00493	0.03969	0.01044	0.05052	0.03973	0.30656	0.06808	0.09023	0.04721	0.03081	0.00382	0.04864	0.17274	0.03584
13	0.01337	0.01103	0.04196	0.05399	0.07174	0.01052	0.04585	0.16819	0.16217	0.08332	0.05881	0.01483	0.01181	0.00551	0.00475	0.00136	0.00474	0.00465	0.00405	0.22736
14	0.07250	0.11649	0.03069	0.00976	0.04040	0.03965	0.05190	0.04353	0.07460	0.01570	0.01395	0.13882	0.01370	0.06868	0.02322	0.00181	0.00486	0.04533	0.00337	0.19101
15	0.10035	0.11872	0.22608	0.02818	0.01504	0.01095	0.01030	0.07149	0.02587	0.20466	0.04068	0.04333	0.01056	0.00567	0.00449	0.00145	0.00517	0.00442	0.00373	0.06887

[dist]
# distance from previous block
# <min> <max>
2	4

[block]
# block no. 6 follows, 50 sequences, length 13
# corresponding to MSA columns:
# 1355-1367
name=unknown_G
#
# <colnr> <probs for GDERKNQSTAVLIFYWHMCP>
#	G	D	E	R	K	N	Q	S	T	A	V	L	I	F	Y	W	H	M	C	P
0	0.10239	0.00975	0.06260	0.01091	0.01338	0.00950	0.13981	0.08431	0.01146	0.01738	0.08374	0.09082	0.01580	0.01131	0.10071	0.00247	0.08846	0.06914	0.07044	0.00563
1	0.01301	0.66998	0.14772	0.00959	0.01428	0.04888	0.01013	0.01525	0.01035	0.01239	0.00728	0.00843	0.00638	0.00437	0.00349	0.00116	0.00579	0.00285	0.00214	0.00653
2	0.00877	0.00732	0.00871	0.00813	0.00942	0.00817	0.00624	0.01241	0.16061	0.03529	0.05715	0.14517	0.27404	0.06051	0.00910	0.00202	0.16907	0.00844	0.00419	0.00521
3	0.07221	0.09077	0.01591	0.01132	0.01503	0.04991	0.03786	0.53405	0.04562	0.02632	0.01095	0.01144	0.00810	0.00578	0.00522	0.00149	0.04179	0.00423	0.00427	0.00774
4	0.00988	0.04500	0.01304	0.10018	0.14833	0.08047	0.07141	0.01206	0.03599	0.01336	0.01609	0.24722	0.01709	0.13749	0.00859	0.00219	0.00532	0.02767	0.00328	0.00533
5	0.00607	0.00434	0.00578	0.00694	0.00723	0.00405	0.00463	0.00694	0.00954	0.01272	0.02747	0.82157	0.03297	0.01562	0.00636	0.00202	0.00289	0.01417	0.00463	0.00405
6	0.01283	0.01201	0.01469	0.01236	0.01530	0.09350	0.14391	0.04356	0.40342	0.03938	0.01704	0.02045	0.01386	0.00699	0.00584	0.00173	0.03985	0.09206	0.00421	0.00702
7	0.01451	0.57547	0.06852	0.00983	0.01398	0.14416	0.00937	0.08781	0.01205	0.01390	0.00765	0.00868	0.00659	0.00459	0.00366	0.00117	0.00605	0.00298	0.00247	0.00655
8	0.00646	0.00447	0.00581	0.00667	0.00699	0.00422	0.00443	0.00704	0.00914	0.01210	0.02552	0.60297	0.06285	0.12640	0.00989	0.06284	0.00329	0.03087	0.00423	0.00379
9	0.01727	0.01251	0.08666	0.01023	0.01407	0.04221	0.00895	0.28779	0.08803	0.26969	0.05164	0.01715	0.05773	0.00654	0.00505	0.00154	0.00495	0.00519	0.00500	0.00779
10	0.01028	0.00856	0.01001	0.00779	0.01152	0.00708	0.00626	0.04524	0.05654	0.01694	0.03112	0.04370	0.02994	0.00568	0.00432	0.00106	0.00378	0.07544	0.00347	0.62126
11	0.01312	0.28006	0.03229	0.01107	0.08636	0.06609	0.00859	0.03476	0.17402	0.06970	0.07447	0.01514	0.03545	0.00571	0.00437	0.00134	0.00486	0.00447	0.00356	0.07458
12	0.01735	0.01213	0.03848	0.01345	0.08974	0.09079	0.11642	0.05948	0.11204	0.34754	0.01515	0.01477	0.01048	0.00557	0.00503	0.00152	0.00557	0.00484	0.00452	0.03515

[dist]
# distance from previous block
# <min> <max>
0	2

[block]
# block no. 7 follows, 50 sequences, length 6
# corresponding to MSA columns:
# 1370-1375
name=unknown_H
#
# <colnr> <probs for GDERKNQSTAVLIFYWHMCP>
#	G	D	E	R	K	N	Q	S	T	A	V	L	I	F	Y	W	H	M	C	P
0	0.05441	0.00919	0.01122	0.00899	0.01206	0.06707	0.10005	0.01183	0.01050	0.01492	0.01715	0.11524	0.11589	0.04599	0.04006	0.00172	0.00489	0.00599	0.00330	0.34952
1	0.01098	0.00888	0.03938	0.00875	0.01087	0.04937	0.00697	0.11143	0.09416	0.08076	0.02235	0.32912	0.06265	0.01065	0.00564	0.00176	0.00413	0.08115	0.00454	0.05646
2	0.01223	0.13229	0.17908	0.07629	0.19391	0.02871	0.03637	0.03678	0.06279	0.06644	0.01131	0.06345	0.00951	0.00585	0.00558	0.00156	0.06321	0.00478	0.00293	0.00695
3	0.01673	0.01688	0.01409	0.01383	0.11002	0.36937	0.00967	0.15324	0.11975	0.06864	0.05046	0.01316	0.01058	0.00574	0.00482	0.00143	0.00667	0.00432	0.00370	0.00692
4	0.10307	0.01441	0.12759	0.14429	0.22170	0.10858	0.06209	0.04326	0.01171	0.07954	0.00973	0.01175	0.00737	0.00483	0.00470	0.00150	0.00635	0.00410	0.00286	0.03057
5	0.01451	0.00886	0.01111	0.00902	0.01210	0.00866	0.04061	0.10978	0.15829	0.26067	0.15403	0.02276	0.09788	0.00737	0.00521	0.00154	0.00398	0.00623	0.00518	0.06221

[dist]
# distance from previous block
# <min> <max>
0	1

[block]
# block no. 8 follows, 50 sequences, length 13
# corresponding to MSA columns:
# 1377-1389
name=unknown_I
#
# <colnr> <probs for GDERKNQSTAVLIFYWHMCP>
#	G	D	E	R	K	N	Q	S	T	A	V	L	I	F	Y	W	H	M	C	P
0	0.03862	0.04603	0.01566	0.01309	0.06007	0.24270	0.16233	0.03840	0.01312	0.09777	0.13613	0.05887	0.04223	0.00659	0.00514	0.00150	0.00621	0.00575	0.00364	0.00615
1	0.05801	0.01317	0.04130	0.07850	0.26214	0.08352	0.06230	0.14766	0.11949	0.05007	0.01138	0.01285	0.00872	0.00529	0.00514	0.00155	0.02362	0.00450	0.00341	0.00737
2	0.00725	0.00483	0.00544	0.00544	0.00544	0.00483	0.00302	0.00725	0.00725	0.00966	0.01571	0.03262	0.01812	0.82483	0.02537	0.00483	0.00483	0.00725	0.00302	0.00302
3	0.01753	0.01430	0.01409	0.01133	0.01492	0.09770	0.00916	0.53879	0.18352	0.02716	0.01328	0.01306	0.00969	0.00606	0.00495	0.00151	0.00553	0.00460	0.00475	0.00807
4	0.00803	0.00574	0.00803	0.00918	0.01033	0.00574	0.00803	0.01033	0.01147	0.01492	0.02639	0.05622	0.02869	0.01377	0.00688	0.00229	0.00459	0.76018	0.00459	0.00459
5	0.01284	0.01431	0.04496	0.10949	0.36908	0.14239	0.20304	0.01596	0.01173	0.01513	0.00921	0.01211	0.00739	0.00456	0.00510	0.00152	0.00717	0.00457	0.00246	0.00698
6	0.00754	0.00522	0.00762	0.00761	0.00817	0.00591	0.00565	0.00825	0.00770	0.01088	0.01313	0.06861	0.01310	0.08925	0.49870	0.19120	0.03916	0.00577	0.00269	0.00386
7	0.01282	0.23529	0.17606	0.01709	0.25259	0.12587	0.01268	0.01611	0.03925	0.01448	0.00962	0.01270	0.00824	0.00509	0.00447	0.00141	0.00635	0.04046	0.00252	0.00693
8	0.03079	0.05102	0.01725	0.01395	0.07872	0.01201	0.18096	0.11613	0.19245	0.15630	0.01402	0.01448	0.01026	0.00559	0.00546	0.00156	0.03763	0.00497	0.01793	0.03852
9	0.03071	0.06979	0.07230	0.01620	0.25282	0.07001	0.02293	0.08867	0.12174	0.03376	0.01774	0.01920	0.12805	0.00652	0.00497	0.00154	0.00530	0.02730	0.00351	0.00693
10	0.05852	0.11477	0.08540	0.02791	0.07365	0.01178	0.12548	0.10785	0.07127	0.15289	0.05023	0.01438	0.01091	0.00643	0.03010	0.00169	0.00570	0.00470	0.02476	0.02159
11	0.01436	0.06741	0.10059	0.01488	0.18553	0.04337	0.03327	0.07586	0.08328	0.17120	0.04604	0.01491	0.01114	0.00560	0.00503	0.00146	0.02144	0.01909	0.00378	0.08175
12	0.01345	0.01333	0.10848	0.06419	0.05518	0.04277	0.09963	0.15831	0.08874	0.07036	0.01130	0.01252	0.00848	0.00515	0.00523	0.00141	0.03873	0.00430	0.00348	0.19496

[dist]
# distance from previous block
# <min> <max>
5	22

[block]
# block no. 9 follows, 50 sequences, length 72
# corresponding to MSA columns:
# 1412-1483
name=unknown_J
#
# <colnr> <probs for GDERKNQSTAVLIFYWHMCP>
#	G	D	E	R	K	N	Q	S	T	A	V	L	I	F	Y	W	H	M	C	P
0	0.00849	0.01104	0.20184	0.00929	0.01197	0.00773	0.00870	0.01353	0.17129	0.01624	0.13475	0.33942	0.02483	0.01030	0.00562	0.00178	0.00413	0.00906	0.00423	0.00576
1	0.01192	0.01391	0.13420	0.07352	0.27393	0.01221	0.19602	0.07726	0.05135	0.01702	0.01135	0.01373	0.03261	0.00521	0.00584	0.00161	0.05342	0.00493	0.00280	0.00717
2	0.02322	0.00881	0.01209	0.01032	0.01266	0.00963	0.08451	0.10176	0.18285	0.08892	0.01596	0.05837	0.02520	0.01788	0.29124	0.00394	0.03666	0.00579	0.00389	0.00629
3	0.00935	0.08828	0.00980	0.00826	0.00978	0.04877	0.00614	0.01415	0.23769	0.01482	0.02170	0.42163	0.02298	0.05488	0.00660	0.00195	0.00386	0.00960	0.00432	0.00544
4	0.00808	0.03579	0.05651	0.36467	0.02028	0.00817	0.00965	0.01042	0.01003	0.01323	0.05511	0.34976	0.01954	0.00962	0.00552	0.00178	0.00487	0.00860	0.00337	0.00501
5	0.10570	0.07974	0.15305	0.01220	0.06049	0.07458	0.03662	0.19377	0.06459	0.15428	0.01182	0.01212	0.00848	0.00535	0.00460	0.00149	0.00572	0.00412	0.00384	0.00745
6	0.00787	0.00537	0.00733	0.00841	0.07938	0.00507	0.00542	0.00782	0.00913	0.01166	0.02547	0.06431	0.28590	0.01416	0.01192	0.38001	0.00380	0.05996	0.00333	0.00366
7	0.01366	0.00835	0.01005	0.00889	0.01117	0.00846	0.00693	0.25432	0.01519	0.18085	0.04701	0.32460	0.02118	0.01032	0.00567	0.00176	0.00408	0.05601	0.00509	0.00642
8	0.01387	0.01398	0.19383	0.01210	0.03241	0.05588	0.09672	0.05420	0.09115	0.20670	0.03594	0.05798	0.07127	0.00673	0.00557	0.00162	0.03328	0.00569	0.00402	0.00705
9	0.01297	0.08699	0.02169	0.04358	0.38342	0.01244	0.21159	0.01690	0.06960	0.07564	0.01093	0.01307	0.00853	0.00468	0.00504	0.00152	0.00626	0.00479	0.00292	0.00743
10	0.01072	0.01067	0.05576	0.08062	0.01567	0.05963	0.13421	0.07531	0.08276	0.03083	0.01748	0.21403	0.05188	0.04834	0.00743	0.00192	0.07140	0.02194	0.00363	0.00578
11	0.12412	0.23961	0.12389	0.00804	0.01124	0.01073	0.00780	0.01233	0.01132	0.01655	0.25594	0.04193	0.08630	0.00743	0.00462	0.00146	0.00418	0.02329	0.00363	0.00559
12	0.01348	0.34724	0.01909	0.01000	0.01377	0.06448	0.04953	0.09695	0.02977	0.03463	0.00871	0.01004	0.00727	0.00489	0.00503	0.00121	0.07995	0.00342	0.00284	0.19769
13	0.01241	0.04429	0.21459	0.01012	0.01485	0.05020	0.00995	0.12555	0.02544	0.05595	0.03523	0.03758	0.00962	0.00514	0.00441	0.00123	0.00519	0.00406	0.00331	0.33089
14	0.01216	0.31006	0.14313	0.01327	0.09315	0.04346	0.03159	0.04036	0.01037	0.01378	0.00863	0.03460	0.00784	0.00600	0.00706	0.00154	0.19717	0.01700	0.00241	0.00643
15	0.00627	0.00450	0.00596	0.00690	0.00733	0.00424	0.00471	0.00731	0.00992	0.01332	0.09308	0.67532	0.04832	0.03539	0.03028	0.00223	0.00324	0.03297	0.00460	0.00411
16	0.00644	0.00483	0.00597	0.00626	0.00726	0.00437	0.00452	0.00799	0.01175	0.01566	0.31658	0.31382	0.23284	0.01279	0.00607	0.00177	0.00264	0.02914	0.00495	0.00435
17	0.04403	0.27623	0.13361	0.01005	0.01403	0.14402	0.00954	0.09304	0.05966	0.06209	0.01421	0.01450	0.09362	0.00585	0.00433	0.00137	0.00574	0.00427	0.00321	0.00659
18	0.01437	0.01488	0.01476	0.26201	0.09924	0.27202	0.01112	0.13952	0.01370	0.01630	0.00904	0.01128	0.00707	0.00501	0.00469	0.00140	0.00686	0.00389	0.00288	0.08997
19	0.00657	0.00472	0.00623	0.00660	0.00734	0.00438	0.00467	0.00818	0.01184	0.01638	0.41150	0.42713	0.04004	0.01289	0.00612	0.00179	0.00262	0.01158	0.00506	0.00438
20	0.28827	0.00861	0.00839	0.00780	0.01017	0.02451	0.00632	0.10666	0.07963	0.01988	0.07416	0.05234	0.14517	0.00866	0.00495	0.00172	0.00394	0.13904	0.00422	0.00557
21	0.01198	0.27094	0.38158	0.01156	0.01705	0.01368	0.03750	0.05440	0.03415	0.05489	0.01200	0.01283	0.05651	0.00526	0.00441	0.00143	0.00611	0.00403	0.00273	0.00697
22	0.00702	0.00584	0.00836	0.00806	0.00944	0.00542	0.08234	0.00900	0.03818	0.01410	0.07093	0.38394	0.25275	0.01285	0.00615	0.00188	0.00348	0.07121	0.00447	0.00458
23	0.00607	0.00434	0.00578	0.00694	0.00723	0.00405	0.00463	0.00694	0.00954	0.01272	0.02747	0.82157	0.03297	0.01562	0.00636	0.00202	0.00289	0.01417	0.00463	0.00405
24	0.21083	0.01336	0.01504	0.05693	0.32221	0.14359	0.01101	0.11698	0.01276	0.03952	0.00912	0.01092	0.00721	0.00488	0.00444	0.00147	0.00588	0.00385	0.00305	0.00694
25	0.01851	0.01353	0.01449	0.01116	0.01502	0.01496	0.00920	0.74204	0.02284	0.03083	0.01216	0.01227	0.00867	0.00598	0.00492	0.00148	0.00534	0.00449	0.04382	0.00830
26	0.05377	0.01125	0.01816	0.02267	0.47132	0.01107	0.07712	0.06202	0.01262	0.19321	0.01179	0.01326	0.00879	0.00491	0.00495	0.00152	0.00563	0.00461	0.00348	0.00785
27	0.01103	0.01041	0.01762	0.36006	0.45415	0.01134	0.01440	0.01413	0.01074	0.01484	0.00932	0.01289	0.00749	0.00470	0.00492	0.00155	0.00614	0.00444	0.02300	0.00682
28	0.01673	0.01286	0.01371	0.01102	0.01461	0.01442	0.00894	0.52267	0.28149	0.02783	0.01479	0.01421	0.01076	0.00625	0.00502	0.00156	0.00496	0.00488	0.00502	0.00828
29	0.01853	0.04688	0.01472	0.01236	0.01534	0.58219	0.00956	0.20934	0.01633	0.01700	0.00875	0.00970	0.00693	0.00532	0.00458	0.00133	0.00800	0.00351	0.00316	0.00647
30	0.01262	0.36243	0.27864	0.01096	0.01577	0.14087	0.01170	0.01590	0.03127	0.01370	0.03430	0.01137	0.03099	0.00506	0.00413	0.00132	0.00637	0.00360	0.00245	0.00654
31	0.01005	0.07130	0.72188	0.01353	0.02047	0.01176	0.01727	0.01543	0.01059	0.01560	0.02664	0.01168	0.02224	0.00498	0.00469	0.00155	0.00705	0.00387	0.00223	0.00719
32	0.00607	0.00435	0.00577	0.00691	0.00722	0.00405	0.00461	0.00694	0.00957	0.01274	0.02788	0.80802	0.04626	0.01556	0.00635	0.00202	0.00289	0.01411	0.00463	0.00405
33	0.01176	0.01345	0.02941	0.02101	0.02605	0.01261	0.77563	0.01597	0.01176	0.01597	0.01008	0.01345	0.00756	0.00420	0.00588	0.00168	0.00840	0.00588	0.00252	0.00672
34	0.05483	0.01915	0.01244	0.01164	0.01397	0.58868	0.00896	0.01779	0.03092	0.01337	0.01236	0.01851	0.03070	0.00687	0.00490	0.00149	0.00770	0.13709	0.00306	0.00556
35	0.01131	0.34192	0.49436	0.01197	0.01811	0.01479	0.01452	0.01545	0.01037	0.01419	0.00815	0.00953	0.00635	0.00455	0.00413	0.00138	0.00656	0.00328	0.00212	0.00698
36	0.00607	0.00434	0.00578	0.00694	0.00723	0.00405	0.00463	0.00694	0.00954	0.01272	0.02747	0.82157	0.03297	0.01562	0.00636	0.00202	0.00289	0.01417	0.00463	0.00405
37	0.00708	0.00518	0.00615	0.00650	0.00739	0.00492	0.00484	0.00823	0.00994	0.01266	0.04733	0.04461	0.25205	0.31291	0.01339	0.00303	0.00401	0.24181	0.00404	0.00390
38	0.01108	0.28701	0.54727	0.01236	0.01871	0.01423	0.01520	0.01551	0.01039	0.01446	0.00829	0.00970	0.00634	0.00458	0.00423	0.00141	0.00670	0.00335	0.00211	0.00705
39	0.00641	0.00450	0.00567	0.00646	0.00669	0.00428	0.00414	0.00704	0.00891	0.01184	0.02451	0.57271	0.04511	0.25354	0.01194	0.00284	0.00345	0.01206	0.00415	0.00375
40	0.00614	0.00439	0.00586	0.00702	0.00734	0.00411	0.00475	0.00706	0.00961	0.01280	0.02743	0.79443	0.03282	0.01555	0.00638	0.00203	0.00295	0.04063	0.00463	0.00407
41	0.86003	0.00964	0.00733	0.00655	0.00964	0.01118	0.00540	0.01465	0.00848	0.02236	0.00694	0.00810	0.00540	0.00463	0.00308	0.00154	0.00386	0.00270	0.00308	0.00540
42	0.00727	0.00495	0.00581	0.00588	0.00615	0.00489	0.00370	0.00777	0.00846	0.01132	0.09610	0.03580	0.04197	0.64186	0.02108	0.00417	0.00450	0.08146	0.00347	0.00338
43	0.01200	0.49042	0.31963	0.01119	0.01666	0.01634	0.04333	0.01529	0.01034	0.01344	0.00782	0.00918	0.00641	0.00444	0.00389	0.00129	0.00623	0.00318	0.00214	0.00678
44	0.00997	0.00932	0.01395	0.09572	0.18426	0.02481	0.01062	0.01192	0.00891	0.01287	0.00962	0.01424	0.00877	0.01664	0.26829	0.00385	0.28346	0.00468	0.00241	0.00567
45	0.00696	0.00471	0.00552	0.00581	0.00588	0.00464	0.00342	0.00717	0.00782	0.01042	0.01863	0.22850	0.02181	0.62391	0.02065	0.00414	0.00435	0.00897	0.00342	0.00328
46	0.01168	0.43157	0.40796	0.01133	0.01713	0.01570	0.01341	0.01535	0.01032	0.01373	0.00793	0.00924	0.00636	0.00450	0.00396	0.00132	0.00634	0.00317	0.00212	0.00688
47	0.00629	0.00458	0.00595	0.00673	0.00732	0.00423	0.00467	0.00750	0.01057	0.01414	0.16426	0.59234	0.10077	0.01434	0.00625	0.00192	0.00282	0.03634	0.00478	0.00419
48	0.00655	0.00504	0.00598	0.00583	0.00716	0.00448	0.00434	0.00840	0.01280	0.01706	0.46160	0.08129	0.33862	0.01142	0.00591	0.00164	0.00245	0.00987	0.00511	0.00448
49	0.22108	0.01257	0.15341	0.01127	0.01540	0.00995	0.16363	0.02687	0.04800	0.01767	0.01280	0.08083	0.03882	0.00599	0.00465	0.00152	0.00530	0.02503	0.00313	0.14210
50	0.01140	0.09338	0.34847	0.01789	0.14675	0.02525	0.21357	0.01628	0.05033	0.01574	0.00968	0.01173	0.00736	0.00461	0.00494	0.00154	0.00707	0.00438	0.00243	0.00720
51	0.00631	0.00474	0.00590	0.00663	0.00745	0.00432	0.00478	0.00755	0.01059	0.01372	0.09225	0.47252	0.23583	0.01420	0.00626	0.00193	0.00294	0.09321	0.00469	0.00420
52	0.00607	0.00434	0.00578	0.00694	0.00723	0.00405	0.00463	0.00694	0.00954	0.01272	0.02747	0.82157	0.03297	0.01562	0.00636	0.00202	0.00289	0.01417	0.00463	0.00405
53	0.01130	0.03997	0.15072	0.01835	0.09558	0.01198	0.42542	0.01632	0.08279	0.01648	0.05412	0.01541	0.01070	0.00509	0.00547	0.00163	0.00707	0.02184	0.00288	0.00688
54	0.01419	0.14413	0.25701	0.01452	0.07290	0.32428	0.07425	0.01725	0.01204	0.01381	0.00828	0.00990	0.00658	0.00476	0.00452	0.00139	0.00768	0.00357	0.00235	0.00658
55	0.00941	0.00886	0.01495	0.81285	0.03433	0.01107	0.01384	0.01274	0.00997	0.01274	0.00886	0.01329	0.00664	0.00498	0.00498	0.00166	0.00664	0.00443	0.00221	0.00554
56	0.01385	0.09362	0.06964	0.06627	0.37487	0.05517	0.01257	0.09900	0.06166	0.07761	0.01133	0.01288	0.01938	0.00507	0.00476	0.00147	0.00582	0.00436	0.00315	0.00752
57	0.01224	0.01150	0.07334	0.01761	0.26651	0.01118	0.05914	0.02934	0.13541	0.08853	0.06242	0.05270	0.02519	0.00663	0.00682	0.00168	0.12365	0.00554	0.00353	0.00705
58	0.00616	0.00490	0.00557	0.00602	0.00723	0.00431	0.00445	0.00741	0.01085	0.01346	0.05163	0.28494	0.47917	0.01361	0.00613	0.00184	0.00282	0.08066	0.00464	0.00420
59	0.03102	0.00709	0.00880	0.00744	0.01016	0.00628	0.00589	0.04246	0.01298	0.40838	0.03020	0.11838	0.27127	0.00934	0.00542	0.00164	0.00356	0.00781	0.00539	0.00651
60	0.01316	0.01476	0.24718	0.14779	0.13705	0.01063	0.11106	0.01724	0.03428	0.18510	0.01212	0.02742	0.00880	0.00522	0.00505	0.00159	0.00631	0.00473	0.00324	0.00726
61	0.01356	0.01362	0.02118	0.07121	0.02120	0.10273	0.37793	0.18681	0.01411	0.01831	0.01039	0.01311	0.00801	0.00791	0.07927	0.00219	0.02363	0.00509	0.00307	0.00669
62	0.00710	0.00476	0.00624	0.00677	0.00752	0.00438	0.00473	0.00840	0.01099	0.05262	0.21579	0.55061	0.07397	0.01367	0.00615	0.00187	0.00281	0.01227	0.00491	0.00443
63	0.01162	0.20381	0.22466	0.03197	0.23047	0.01283	0.05391	0.01537	0.03764	0.03620	0.08530	0.01369	0.01126	0.00516	0.00463	0.00144	0.00585	0.00441	0.00277	0.00701
64	0.01510	0.01416	0.16422	0.01473	0.01953	0.03170	0.30189	0.01939	0.06418	0.27036	0.01356	0.01424	0.00935	0.00521	0.00546	0.00161	0.01898	0.00508	0.00380	0.00745
65	0.00795	0.04787	0.00820	0.00736	0.00846	0.03150	0.00554	0.03309	0.01001	0.01304	0.05089	0.18414	0.16288	0.13766	0.19027	0.00365	0.03563	0.05372	0.00371	0.00444
66	0.03355	0.09198	0.26691	0.01455	0.15974	0.01089	0.01245	0.02919	0.01214	0.30137	0.01275	0.01294	0.00883	0.00518	0.00470	0.00150	0.00566	0.00420	0.00372	0.00775
67	0.01216	0.01213	0.02017	0.04663	0.21348	0.02612	0.28424	0.01935	0.27542	0.01754	0.01331	0.01484	0.01021	0.00518	0.00531	0.00163	0.00621	0.00534	0.00337	0.00736
68	0.00910	0.00877	0.03575	0.32687	0.18719	0.00900	0.01070	0.02652	0.01082	0.01401	0.02163	0.02416	0.23841	0.04878	0.00627	0.00178	0.00518	0.00635	0.00307	0.00564
69	0.01421	0.01839	0.28598	0.01583	0.15482	0.08954	0.01349	0.25553	0.06799	0.02077	0.01062	0.01170	0.00789	0.00525	0.00485	0.00151	0.00644	0.00416	0.00332	0.00769
70	0.00988	0.00850	0.01453	0.30811	0.10258	0.00905	0.11448	0.01280	0.01151	0.05329	0.17251	0.06674	0.01873	0.00726	0.00552	0.00169	0.00543	0.06816	0.00347	0.00576
71	0.00851	0.00723	0.01133	0.45572	0.02267	0.00841	0.01018	0.01104	0.01030	0.01347	0.09070	0.06656	0.01720	0.10394	0.00787	0.00215	0.00546	0.13915	0.00317	0.00492

[dist]
# distance from previous block
# <min> <max>
10	20

[block]
# block no. 10 follows, 50 sequences, length 38
# corresponding to MSA columns:
# 1504-1541
name=unknown_K
#
# <colnr> <probs for GDERKNQSTAVLIFYWHMCP>
#	G	D	E	R	K	N	Q	S	T	A	V	L	I	F	Y	W	H	M	C	P
