[name]
unknown

[dist]
# distance from previous block
# <min> <max>
6	477

[block]
# block no. 0 follows, 46 sequences, length 13
# corresponding to MSA columns:
# 515-527
name=unknown_A
#
# <colnr> <probs for GDERKNQSTAVLIFYWHMCP>
#	G	D	E	R	K	N	Q	S	T	A	V	L	I	F	Y	W	H	M	C	P
0	0.23614	0.01216	0.01207	0.09313	0.01565	0.11253	0.02983	0.05694	0.03120	0.03565	0.00947	0.01104	0.00745	0.00481	0.00421	0.00131	0.00530	0.00356	0.00327	0.31427
1	0.01652	0.01514	0.01755	0.08269	0.23699	0.14143	0.03529	0.30704	0.01734	0.02248	0.01067	0.01237	0.00821	0.00547	0.00515	0.00153	0.00666	0.00448	0.00368	0.04932
2	0.16929	0.00985	0.05218	0.00843	0.01205	0.00863	0.00721	0.06463	0.03201	0.26093	0.08255	0.02144	0.12947	0.00722	0.00496	0.00156	0.00417	0.00572	0.00486	0.11283
3	0.02111	0.01174	0.01379	0.01073	0.01477	0.01203	0.00881	0.34528	0.09399	0.38439	0.01739	0.01587	0.01161	0.00652	0.00531	0.00163	0.00504	0.00514	0.00589	0.00893
4	0.00641	0.00474	0.00599	0.00699	0.00757	0.00433	0.00474	0.00740	0.01048	0.01364	0.03363	0.67092	0.17191	0.01598	0.00666	0.00208	0.00300	0.01432	0.00491	0.00433
5	0.01379	0.00721	0.01060	0.00928	0.01162	0.00647	0.06567	0.01558	0.01268	0.31615	0.06418	0.33396	0.06257	0.01117	0.00611	0.00188	0.00410	0.03512	0.00542	0.00642
6	0.01060	0.02735	0.78682	0.01507	0.02288	0.01228	0.01953	0.01674	0.01116	0.01674	0.00949	0.01116	0.00670	0.00502	0.00502	0.00167	0.00781	0.00391	0.00223	0.00781
7	0.02289	0.00881	0.01200	0.00926	0.01321	0.00763	0.00763	0.02496	0.01512	0.74585	0.05959	0.01909	0.01497	0.00676	0.00536	0.00164	0.00440	0.00553	0.00651	0.00879
8	0.01308	0.01256	0.02146	0.03245	0.78123	0.01256	0.01622	0.01622	0.01204	0.01727	0.00994	0.01308	0.00837	0.00471	0.00523	0.00157	0.00628	0.00471	0.00262	0.00837
9	0.01125	0.01088	0.01903	0.47334	0.29197	0.01216	0.07617	0.01472	0.01123	0.01508	0.00969	0.01376	0.00758	0.00502	0.00535	0.00170	0.00694	0.00483	0.00247	0.00684
10	0.01214	0.01295	0.02140	0.38020	0.11591	0.09210	0.25777	0.01571	0.01181	0.01499	0.00976	0.01357	0.00749	0.00497	0.00554	0.00171	0.00782	0.00507	0.00252	0.00659
11	0.34731	0.01007	0.01088	0.00873	0.01251	0.01025	0.00720	0.09706	0.01372	0.41032	0.01474	0.01377	0.00979	0.00588	0.00451	0.00163	0.00447	0.00430	0.00513	0.00772
12	0.01155	0.01099	0.01868	0.41340	0.41229	0.01216	0.01546	0.01488	0.01131	0.01541	0.00967	0.01358	0.00772	0.00500	0.00526	0.00167	0.00666	0.00470	0.00248	0.00713

[dist]
# distance from previous block
# <min> <max>
7	25

[block]
# block no. 1 follows, 46 sequences, length 177
# corresponding to MSA columns:
# 554-730
name=unknown_B
#
# <colnr> <probs for GDERKNQSTAVLIFYWHMCP>
#	G	D	E	R	K	N	Q	S	T	A	V	L	I	F	Y	W	H	M	C	P
0	0.05119	0.30209	0.10371	0.01291	0.01715	0.01482	0.19695	0.01596	0.06292	0.01590	0.06652	0.06246	0.01252	0.00613	0.00535	0.00157	0.03680	0.00531	0.00304	0.00672
1	0.04421	0.05404	0.26651	0.01333	0.01802	0.05345	0.16091	0.01625	0.06369	0.03693	0.19911	0.01915	0.01831	0.00651	0.00543	0.00166	0.00625	0.00581	0.00359	0.00683
2	0.03328	0.01100	0.01737	0.01330	0.01694	0.01099	0.25943	0.09743	0.13420	0.05168	0.10550	0.01826	0.01515	0.00619	0.00565	0.00161	0.02259	0.00588	0.09627	0.07727
3	0.00699	0.00508	0.00659	0.00686	0.00776	0.00468	0.00490	0.00878	0.01284	0.01769	0.43356	0.35104	0.08699	0.01328	0.00644	0.00187	0.00274	0.01186	0.00540	0.00468
4	0.01205	0.01113	0.01674	0.09236	0.37930	0.01175	0.03688	0.01846	0.23018	0.01810	0.03377	0.04348	0.05945	0.00651	0.00545	0.00169	0.00543	0.00596	0.00367	0.00766
5	0.01413	0.81739	0.02770	0.00905	0.01357	0.02092	0.00905	0.01583	0.01074	0.01244	0.00735	0.00848	0.00678	0.00452	0.00339	0.00113	0.00565	0.00283	0.00226	0.00678
6	0.00680	0.00603	0.00586	0.00567	0.00762	0.02381	0.00427	0.00819	0.01207	0.01439	0.05035	0.04798	0.72370	0.01275	0.00610	0.00173	0.00290	0.01059	0.00477	0.04442
7	0.00765	0.00529	0.00659	0.00659	0.00688	0.00557	0.00423	0.00822	0.00793	0.01086	0.01590	0.03041	0.01740	0.57992	0.25872	0.00614	0.00786	0.00708	0.00309	0.00366
8	0.09913	0.01334	0.02513	0.01859	0.02263	0.01391	0.50242	0.05070	0.01184	0.01757	0.00971	0.01308	0.00762	0.00553	0.00806	0.00186	0.16378	0.00551	0.00279	0.00681
9	0.01909	0.02354	0.01470	0.01330	0.01608	0.69510	0.01002	0.04037	0.09137	0.01437	0.00963	0.01064	0.00780	0.00564	0.00484	0.00141	0.00890	0.00370	0.00306	0.00643
10	0.02372	0.00900	0.01227	0.00941	0.01350	0.00777	0.00777	0.02576	0.01513	0.78489	0.02086	0.01799	0.01309	0.00654	0.00532	0.00164	0.00450	0.00532	0.00654	0.00900
11	0.00823	0.00696	0.01124	0.00980	0.01171	0.00647	0.14058	0.01071	0.01314	0.01786	0.35465	0.14694	0.12089	0.01127	0.00645	0.00187	0.00406	0.10707	0.00490	0.00520
12	0.01864	0.03121	0.05210	0.01366	0.05699	0.32916	0.01064	0.32399	0.03532	0.04120	0.01188	0.01252	0.02697	0.00600	0.00506	0.00150	0.00729	0.00434	0.00394	0.00759
13	0.03865	0.00903	0.01109	0.00886	0.01215	0.00869	0.00719	0.15940	0.01626	0.40919	0.13674	0.02035	0.01794	0.00708	0.00520	0.00158	0.00416	0.00577	0.11289	0.00777
14	0.07547	0.01097	0.01577	0.06203	0.37139	0.01136	0.01179	0.09456	0.06825	0.07157	0.01611	0.01895	0.07044	0.00642	0.00523	0.00165	0.00535	0.03969	0.03544	0.00755
15	0.27661	0.02992	0.11828	0.04509	0.01585	0.07999	0.04539	0.11446	0.07929	0.02070	0.01028	0.01180	0.00795	0.00692	0.03799	0.00190	0.03867	0.00402	0.00338	0.05151
16	0.00843	0.00623	0.00828	0.05971	0.01130	0.00634	0.00710	0.02694	0.06272	0.02758	0.08244	0.33713	0.06271	0.01362	0.00663	0.00212	0.00402	0.25674	0.00486	0.00509
17	0.00952	0.00929	0.08001	0.02960	0.02818	0.00804	0.07355	0.01250	0.02947	0.05095	0.34328	0.06530	0.09795	0.00959	0.00709	0.00178	0.07932	0.03805	0.00456	0.02197
18	0.01020	0.00985	0.01726	0.68577	0.03439	0.01184	0.09289	0.01371	0.01071	0.01385	0.00992	0.03172	0.00777	0.00553	0.00567	0.00178	0.02365	0.00509	0.00244	0.00597
19	0.54478	0.01039	0.01144	0.07002	0.18812	0.01162	0.00872	0.01510	0.00975	0.02070	0.00862	0.01125	0.00711	0.03249	0.02984	0.00196	0.00516	0.00366	0.00304	0.00623
20	0.01395	0.01286	0.14945	0.00981	0.01480	0.00893	0.00922	0.04643	0.06792	0.17088	0.01271	0.01310	0.00933	0.00497	0.00455	0.00122	0.00482	0.00397	0.00390	0.43720
21	0.01315	0.01136	0.01195	0.01076	0.01375	0.01315	0.00837	0.02809	0.77168	0.02211	0.02152	0.01972	0.01614	0.00717	0.00538	0.00179	0.00418	0.00598	0.00538	0.00837
22	0.54444	0.00977	0.00944	0.00786	0.01144	0.01034	0.00648	0.01933	0.01127	0.30610	0.01237	0.01208	0.00846	0.00551	0.00403	0.00164	0.00424	0.00377	0.00449	0.00694
23	0.00649	0.00497	0.00598	0.00665	0.00758	0.00445	0.00469	0.00771	0.01119	0.01434	0.08641	0.46475	0.30585	0.01499	0.00655	0.00199	0.00294	0.03310	0.00497	0.00442
24	0.00665	0.00520	0.00603	0.00618	0.00748	0.00458	0.00450	0.00824	0.01248	0.01614	0.26115	0.21433	0.40152	0.01333	0.00635	0.00183	0.00271	0.01154	0.00518	0.00458
25	0.00756	0.00564	0.00837	0.00837	0.00927	0.00654	0.00645	0.00936	0.00846	0.01218	0.01428	0.02141	0.01350	0.07585	0.75744	0.00834	0.01374	0.00576	0.00285	0.00465
26	0.01388	0.73791	0.02657	0.00952	0.01360	0.02045	0.00929	0.01552	0.01048	0.01247	0.00731	0.00878	0.00680	0.00499	0.00477	0.00125	0.08444	0.00300	0.00227	0.00669
27	0.01176	0.26965	0.47575	0.05087	0.02090	0.01498	0.05559	0.01632	0.01107	0.01527	0.00889	0.01064	0.00681	0.00485	0.00460	0.00152	0.00717	0.00373	0.00227	0.00737
28	0.01578	0.01276	0.01658	0.25521	0.06073	0.01440	0.04729	0.40712	0.07453	0.02485	0.01211	0.01374	0.00885	0.00591	0.00534	0.00166	0.00624	0.00490	0.00414	0.00787
29	0.00822	0.00574	0.00754	0.00832	0.00911	0.00574	0.00663	0.00979	0.01058	0.01384	0.02396	0.05073	0.02644	0.29900	0.01428	0.00339	0.00496	0.48318	0.00428	0.00428
30	0.01993	0.01227	0.05463	0.01077	0.01486	0.01168	0.00920	0.33491	0.05319	0.34336	0.04191	0.04148	0.01306	0.00687	0.00537	0.00164	0.00510	0.00549	0.00566	0.00862
31	0.01035	0.01321	0.14010	0.01692	0.05477	0.01043	0.36900	0.01387	0.01146	0.01580	0.01606	0.25767	0.01607	0.00834	0.00634	0.00188	0.01958	0.00847	0.00328	0.00640
32	0.01157	0.01157	0.01619	0.01388	0.01388	0.01619	0.01157	0.01272	0.00810	0.01272	0.00694	0.01157	0.00694	0.00925	0.01735	0.00231	0.80453	0.00463	0.00231	0.00578
33	0.01008	0.00799	0.01212	0.44499	0.05995	0.00939	0.01062	0.01354	0.03558	0.01592	0.01258	0.01635	0.00980	0.00716	0.04054	0.00189	0.00575	0.00486	0.27517	0.00571
34	0.00985	0.00493	0.00493	0.00493	0.00616	0.00493	0.00370	0.01232	0.01109	0.01971	0.01725	0.01971	0.01355	0.00616	0.00370	0.00123	0.00246	0.00493	0.84356	0.00493
35	0.00693	0.00516	0.00692	0.04979	0.00947	0.00509	0.00558	0.00863	0.04472	0.01389	0.02774	0.73244	0.03262	0.01554	0.00661	0.00211	0.00333	0.01407	0.00479	0.00456
36	0.00918	0.00459	0.00689	0.00689	0.00689	0.00459	0.00459	0.00689	0.00689	0.00918	0.00918	0.01607	0.00918	0.01837	0.02066	0.84619	0.00459	0.00459	0.00230	0.00230
37	0.01413	0.81739	0.02770	0.00905	0.01357	0.02092	0.00905	0.01583	0.01074	0.01244	0.00735	0.00848	0.00678	0.00452	0.00339	0.00113	0.00565	0.00283	0.00226	0.00678
38	0.01427	0.10365	0.13789	0.03073	0.17694	0.01335	0.01199	0.18968	0.08062	0.03808	0.01137	0.01254	0.00875	0.00525	0.00481	0.00144	0.00575	0.00425	0.00354	0.14506
39	0.07537	0.02051	0.16342	0.01517	0.10394	0.35753	0.02454	0.01992	0.11982	0.01631	0.01096	0.02961	0.00885	0.00572	0.00492	0.00155	0.00753	0.00428	0.00308	0.00697
40	0.00963	0.00873	0.01249	0.01129	0.01174	0.01158	0.00918	0.01114	0.00829	0.01251	0.01041	0.01599	0.00996	0.02388	0.39067	0.00529	0.42425	0.00513	0.00256	0.00527
41	0.01011	0.00876	0.01223	0.00946	0.01309	0.00739	0.08785	0.01239	0.01051	0.01581	0.01190	0.07315	0.01092	0.01194	0.15263	0.02134	0.00633	0.00487	0.00314	0.51619
42	0.01060	0.02735	0.78682	0.01507	0.02288	0.01228	0.01953	0.01674	0.01116	0.01674	0.00949	0.01116	0.00670	0.00502	0.00502	0.00167	0.00781	0.00391	0.00223	0.00781
43	0.01033	0.00672	0.00752	0.16124	0.01254	0.04204	0.00614	0.01295	0.01116	0.01819	0.01530	0.01815	0.01197	0.00596	0.00406	0.00134	0.00368	0.00481	0.64073	0.00517
44	0.01096	0.00940	0.01096	0.00783	0.01253	0.00705	0.00626	0.01331	0.01096	0.01723	0.00940	0.01096	0.00783	0.00392	0.00392	0.00078	0.00392	0.00313	0.00313	0.84653
45	0.01153	0.06773	0.66367	0.01492	0.02223	0.01259	0.06364	0.01713	0.01141	0.05294	0.00999	0.01153	0.00709	0.00503	0.00502	0.00165	0.00761	0.00406	0.00247	0.00777
46	0.00998	0.00940	0.01586	0.80150	0.03641	0.01175	0.01468	0.01351	0.01057	0.01351	0.00940	0.01409	0.00705	0.00529	0.00529	0.00176	0.00705	0.00470	0.00235	0.00587
47	0.00759	0.00525	0.00656	0.00662	0.00690	0.00551	0.00425	0.00817	0.00803	0.01098	0.01654	0.06746	0.01826	0.55631	0.24371	0.00594	0.00759	0.00746	0.00318	0.00369
48	0.01145	0.01102	0.04288	0.01046	0.01309	0.05214	0.04027	0.02093	0.45244	0.01881	0.02402	0.17963	0.08166	0.00927	0.00571	0.00184	0.00447	0.00801	0.00486	0.00703
49	0.01094	0.01090	0.06540	0.65145	0.03271	0.01198	0.01424	0.08311	0.01181	0.01541	0.00970	0.01384	0.00727	0.00579	0.00577	0.02933	0.00690	0.00465	0.00261	0.00617
50	0.00809	0.00605	0.00759	0.00709	0.00853	0.00587	0.00535	0.01193	0.09673	0.02130	0.69666	0.03735	0.04624	0.01041	0.00614	0.00168	0.00268	0.00917	0.00577	0.00535
51	0.00720	0.00518	0.00698	0.00814	0.00885	0.00496	0.00620	0.00869	0.01096	0.01439	0.02982	0.49958	0.06707	0.01570	0.00693	0.00224	0.00371	0.28398	0.00489	0.00451
52	0.01220	0.18702	0.52259	0.01485	0.06950	0.07500	0.01646	0.01686	0.01143	0.01560	0.00898	0.01061	0.00683	0.00493	0.00468	0.00153	0.00741	0.00370	0.00230	0.00751
53	0.00998	0.00940	0.01586	0.80150	0.03641	0.01175	0.01468	0.01351	0.01057	0.01351	0.00940	0.01409	0.00705	0.00529	0.00529	0.00176	0.00705	0.00470	0.00235	0.00587
54	0.00927	0.00500	0.00519	0.00516	0.00622	0.00495	0.00369	0.01131	0.01078	0.01811	0.05807	0.02411	0.04078	0.13524	0.00760	0.00189	0.00290	0.00581	0.63929	0.00464
55	0.01314	0.01255	0.08170	0.39642	0.14284	0.05311	0.06613	0.01685	0.03013	0.11930	0.01136	0.01413	0.00831	0.00534	0.00530	0.00169	0.00684	0.00479	0.00306	0.00700
56	0.00998	0.04670	0.52209	0.01321	0.01898	0.01068	0.03389	0.01477	0.01139	0.01618	0.01617	0.04902	0.05552	0.00771	0.00557	0.00183	0.00675	0.14967	0.00300	0.00688
57	0.07714	0.00691	0.05726	0.00797	0.00934	0.00575	0.00622	0.01008	0.01084	0.06241	0.08278	0.56139	0.03039	0.01374	0.00624	0.00202	0.00356	0.03617	0.00477	0.00500
58	0.05387	0.01657	0.02110	0.05363	0.25624	0.24608	0.21509	0.02935	0.01296	0.01620	0.00946	0.01214	0.00762	0.00501	0.00551	0.00159	0.02312	0.00465	0.00272	0.00710
59	0.00644	0.00460	0.00613	0.00736	0.00767	0.00429	0.00491	0.00736	0.01012	0.01350	0.02914	0.81076	0.03497	0.01656	0.00675	0.00215	0.00307	0.01503	0.00491	0.00429
60	0.00949	0.00607	0.00757	0.00705	0.00875	0.00556	0.00536	0.01193	0.03913	0.11193	0.40457	0.07963	0.17486	0.04749	0.00708	0.00189	0.00311	0.04421	0.00547	0.01885
61	0.01262	0.40618	0.39100	0.01219	0.01830	0.01635	0.02841	0.01650	0.01107	0.03131	0.00873	0.01008	0.00690	0.00480	0.00427	0.00141	0.00672	0.00346	0.00235	0.00733
62	0.01015	0.00971	0.01686	0.75060	0.03584	0.01185	0.06351	0.01373	0.01070	0.01373	0.00948	0.01411	0.00711	0.00523	0.00535	0.00176	0.00717	0.00480	0.00237	0.00595
63	0.00985	0.00493	0.00493	0.00493	0.00616	0.00493	0.00370	0.01232	0.01109	0.01971	0.01725	0.01971	0.01355	0.00616	0.00370	0.00123	0.00246	0.00493	0.84356	0.00493
64	0.01069	0.00981	0.01650	0.03517	0.12424	0.02179	0.20917	0.01457	0.09170	0.03530	0.01917	0.27384	0.01947	0.00967	0.00640	0.00192	0.02102	0.06930	0.00393	0.00632
65	0.00986	0.01160	0.13239	0.08144	0.05250	0.02388	0.12581	0.01302	0.04509	0.01466	0.03557	0.05668	0.06436	0.23630	0.01165	0.00267	0.00601	0.02290	0.00324	0.05039
66	0.00650	0.00503	0.00592	0.00640	0.00747	0.00446	0.00454	0.00781	0.01160	0.01487	0.14044	0.38023	0.35696	0.01442	0.00646	0.00193	0.00282	0.01263	0.00503	0.00446
67	0.01457	0.05087	0.08732	0.06495	0.10754	0.02718	0.08687	0.07183	0.01308	0.15593	0.01178	0.01301	0.00872	0.00497	0.00484	0.00136	0.00571	0.00431	0.00361	0.26155
68	0.01569	0.01203	0.01334	0.01008	0.01443	0.01181	0.00820	0.36394	0.06615	0.04506	0.01200	0.01251	0.00904	0.00532	0.00468	0.00124	0.00483	0.00413	0.00437	0.38114
69	0.01013	0.00955	0.01612	0.76505	0.07172	0.01178	0.01475	0.01364	0.01064	0.01369	0.00942	0.01405	0.00711	0.00526	0.00528	0.00175	0.00701	0.00470	0.00236	0.00599
70	0.01188	0.00893	0.02603	0.12620	0.01522	0.00882	0.00825	0.17108	0.01426	0.07437	0.07335	0.25565	0.03197	0.00975	0.00574	0.00174	0.00457	0.04291	0.00453	0.10473
71	0.05076	0.00904	0.01212	0.00933	0.01339	0.00790	0.00770	0.02543	0.01493	0.76003	0.02042	0.01769	0.01285	0.00649	0.00525	0.00164	0.00449	0.00524	0.00644	0.00889
72	0.01368	0.01162	0.01225	0.01087	0.01395	0.01340	0.00850	0.08437	0.71453	0.02297	0.02084	0.01919	0.01559	0.00711	0.00537	0.00178	0.00431	0.00588	0.00537	0.00842
73	0.01230	0.01557	0.18940	0.08855	0.55636	0.01243	0.01683	0.01613	0.01173	0.01686	0.00980	0.01274	0.00790	0.00482	0.00519	0.00161	0.00668	0.00453	0.00251	0.00806
74	0.01519	0.20321	0.34077	0.01265	0.01837	0.06363	0.05328	0.01895	0.01232	0.19611	0.01165	0.01221	0.00830	0.00526	0.00477	0.00153	0.00671	0.00408	0.00331	0.00771
75	0.01069	0.02673	0.75100	0.01541	0.02311	0.01233	0.05473	0.01675	0.01122	0.01675	0.00954	0.01131	0.00676	0.00500	0.00508	0.00168	0.00787	0.00402	0.00225	0.00778
76	0.00659	0.00535	0.00584	0.00576	0.00736	0.00460	0.00430	0.00823	0.01280	0.01615	0.25099	0.06604	0.56198	0.01276	0.00626	0.00176	0.00264	0.01081	0.00516	0.00460
77	0.00698	0.00528	0.00734	0.09294	0.01101	0.00525	0.00622	0.00833	0.01043	0.01373	0.02808	0.62699	0.06686	0.01504	0.00661	0.00211	0.00363	0.07405	0.00463	0.00452
78	0.01020	0.00880	0.01217	0.19039	0.11699	0.00976	0.00980	0.01622	0.23585	0.01666	0.01988	0.25317	0.01940	0.00960	0.00585	0.00190	0.00481	0.04796	0.00417	0.00642
79	0.00912	0.00794	0.01272	0.01692	0.28706	0.00769	0.04149	0.01106	0.01116	0.01529	0.04702	0.42959	0.05850	0.01144	0.00614	0.00189	0.00444	0.01058	0.00402	0.00592
80	0.01157	0.01157	0.01619	0.01388	0.01388	0.01619	0.01157	0.01272	0.00810	0.01272	0.00694	0.01157	0.00694	0.00925	0.01735	0.00231	0.80453	0.00463	0.00231	0.00578
81	0.01512	0.01234	0.01307	0.01116	0.01450	0.01407	0.00885	0.23713	0.55943	0.02530	0.01901	0.01773	0.01411	0.00694	0.00535	0.00173	0.00465	0.00563	0.00535	0.00854
82	0.03274	0.05292	0.37999	0.01267	0.01842	0.01070	0.06196	0.01806	0.01220	0.20193	0.01425	0.01669	0.02610	0.00603	0.00515	0.00163	0.00634	0.05091	0.00361	0.06769
83	0.01088	0.02555	0.68711	0.01648	0.05772	0.01238	0.08321	0.01674	0.01131	0.01678	0.00961	0.01152	0.00689	0.00496	0.00514	0.00168	0.00784	0.00414	0.00229	0.00778
84	0.01166	0.01212	0.02023	0.01611	0.01768	0.01498	0.22975	0.01377	0.00944	0.01397	0.00876	0.03851	0.00817	0.00810	0.01377	0.00215	0.54675	0.00544	0.00250	0.00613
85	0.00733	0.00555	0.00712	0.00714	0.00797	0.00581	0.00515	0.00856	0.00952	0.01277	0.06007	0.10209	0.18622	0.21581	0.30368	0.00512	0.03375	0.00834	0.00369	0.00431
86	0.01232	0.09606	0.51502	0.08111	0.06840	0.01264	0.03305	0.01722	0.01153	0.08941	0.01042	0.01200	0.00747	0.00511	0.00496	0.00162	0.00716	0.00411	0.00269	0.00769
87	0.00826	0.00710	0.00983	0.22698	0.01660	0.00759	0.02469	0.01166	0.09613	0.01475	0.02880	0.28565	0.21896	0.01129	0.00605	0.00190	0.00432	0.00995	0.00420	0.00529
88	0.00644	0.00460	0.00613	0.00736	0.00767	0.00429	0.00491	0.00736	0.01012	0.01350	0.02914	0.81076	0.03497	0.01656	0.00675	0.00215	0.00307	0.01503	0.00491	0.00429
89	0.01254	0.01834	0.33206	0.05885	0.32510	0.01218	0.08258	0.01696	0.01184	0.06431	0.01047	0.01276	0.00789	0.00495	0.00524	0.00164	0.00706	0.00456	0.00270	0.00796
90	0.01464	0.01395	0.09396	0.09019	0.11076	0.01242	0.31333	0.11698	0.01411	0.12910	0.01252	0.03196	0.00931	0.00544	0.00567	0.00171	0.00716	0.00557	0.00355	0.00768
91	0.01315	0.01136	0.01195	0.01076	0.01375	0.01315	0.00837	0.02809	0.77168	0.02211	0.02152	0.01972	0.01614	0.00717	0.00538	0.00179	0.00418	0.00598	0.00538	0.00837
92	0.01708	0.01337	0.01601	0.08472	0.07794	0.05010	0.01109	0.37120	0.01754	0.09353	0.01146	0.01294	0.00859	0.00674	0.00791	0.00175	0.18134	0.00471	0.00416	0.00783
93	0.70581	0.09160	0.05132	0.00764	0.01130	0.01270	0.00683	0.01585	0.00942	0.03829	0.00776	0.00891	0.00604	0.00491	0.00342	0.00159	0.00445	0.00297	0.00318	0.00601
94	0.01222	0.02640	0.01025	0.00838	0.01088	0.00944	0.00666	0.28946	0.01752	0.02379	0.25261	0.05416	0.17289	0.00934	0.00564	0.00163	0.00385	0.00776	0.07074	0.00638
95	0.01129	0.01198	0.05513	0.23033	0.06258	0.02884	0.24904	0.01585	0.08199	0.01624	0.03676	0.05665	0.01140	0.00622	0.00635	0.00177	0.05730	0.00594	0.04777	0.00656
96	0.01449	0.76783	0.02691	0.00933	0.01374	0.06922	0.00912	0.01616	0.01101	0.01247	0.00740	0.00855	0.00679	0.00458	0.00348	0.00115	0.00590	0.00286	0.00229	0.00674
97	0.01200	0.29752	0.38341	0.01324	0.06715	0.01451	0.01407	0.01589	0.01120	0.03147	0.02915	0.04840	0.00939	0.00552	0.00456	0.00148	0.00645	0.00425	0.00259	0.02773
98	0.01309	0.12310	0.30500	0.01255	0.01785	0.01216	0.08306	0.01862	0.11343	0.12041	0.07895	0.01560	0.01274	0.00584	0.00506	0.00158	0.00606	0.00490	0.00363	0.04637
99	0.05077	0.01413	0.13792	0.19979	0.08606	0.02952	0.12605	0.09265	0.01327	0.15443	0.01183	0.01371	0.00845	0.00552	0.00569	0.00170	0.03279	0.00481	0.00349	0.00744
100	0.00747	0.00534	0.00732	0.00854	0.00930	0.00518	0.00670	0.00914	0.01114	0.01465	0.02857	0.43788	0.03271	0.01559	0.00702	0.00229	0.00396	0.37773	0.00489	0.00458
101	0.01060	0.02735	0.78682	0.01507	0.02288	0.01228	0.01953	0.01674	0.01116	0.01674	0.00949	0.01116	0.00670	0.00502	0.00502	0.00167	0.00781	0.00391	0.00223	0.00781
102	0.01206	0.22943	0.40230	0.13627	0.02226	0.06488	0.03226	0.01629	0.01124	0.01488	0.00886	0.01089	0.00681	0.00495	0.00465	0.00153	0.00727	0.00377	0.00230	0.00712
103	0.00649	0.00462	0.00612	0.00729	0.00759	0.00433	0.00484	0.00737	0.01002	0.01336	0.02861	0.77802	0.03430	0.05021	0.00760	0.00227	0.00315	0.01472	0.00484	0.00425
104	0.02010	0.01481	0.01587	0.01216	0.01639	0.01639	0.01005	0.76360	0.02486	0.03332	0.01269	0.01269	0.00899	0.00635	0.00529	0.00159	0.00582	0.00476	0.00529	0.00899
105	0.02010	0.01481	0.01587	0.01216	0.01639	0.01639	0.01005	0.76360	0.02486	0.03332	0.01269	0.01269	0.00899	0.00635	0.00529	0.00159	0.00582	0.00476	0.00529	0.00899
106	0.01173	0.01185	0.01801	0.30694	0.15027	0.05409	0.07015	0.01434	0.01035	0.01409	0.00869	0.01284	0.00729	0.00648	0.00942	0.00190	0.27805	0.00473	0.00243	0.00636
107	0.00758	0.00556	0.00799	0.00799	0.00876	0.00633	0.00598	0.00912	0.00835	0.01190	0.01462	0.02332	0.01432	0.18248	0.65194	0.00787	0.01249	0.00604	0.00290	0.00444
108	0.01426	0.79959	0.02742	0.00915	0.01363	0.03827	0.00907	0.01595	0.01084	0.01245	0.00737	0.00850	0.00678	0.00454	0.00342	0.00114	0.00574	0.00284	0.00227	0.00677
109	0.02231	0.01125	0.01367	0.01048	0.01462	0.01112	0.00865	0.31229	0.01891	0.49303	0.01769	0.01594	0.01150	0.00647	0.00531	0.00162	0.00501	0.00510	0.00606	0.00899
110	0.00645	0.00536	0.00564	0.00557	0.00726	0.00455	0.00418	0.00798	0.01253	0.01541	0.17210	0.04901	0.65983	0.01297	0.00625	0.00177	0.00265	0.01090	0.00506	0.00455
111	0.00760	0.00547	0.00749	0.00749	0.00808	0.00606	0.00535	0.00879	0.00820	0.01153	0.01508	0.02587	0.01543	0.32563	0.51031	0.00725	0.01082	0.00641	0.00297	0.00416
112	0.00635	0.00533	0.00552	0.00554	0.00722	0.00450	0.00413	0.00777	0.01220	0.01480	0.10991	0.08277	0.68922	0.01332	0.00627	0.00179	0.00268	0.01120	0.00498	0.00450
113	0.01194	0.01218	0.01614	0.01387	0.01399	0.05146	0.01150	0.01310	0.00841	0.01273	0.00700	0.01147	0.00693	0.00908	0.01678	0.00227	0.76844	0.00457	0.00233	0.00580
114	0.01138	0.00964	0.01118	0.00803	0.01270	0.00747	0.00644	0.04737	0.01159	0.01796	0.00955	0.01104	0.00788	0.00403	0.00398	0.00082	0.00400	0.00321	0.00323	0.80850
115	0.07163	0.01341	0.01410	0.01138	0.01515	0.01507	0.00923	0.48077	0.26191	0.02913	0.01516	0.01467	0.01106	0.00652	0.00519	0.00166	0.00518	0.00503	0.00519	0.00858
116	0.01562	0.01258	0.01335	0.01126	0.01469	0.01430	0.00897	0.28969	0.50606	0.02610	0.01838	0.01722	0.01360	0.00688	0.00535	0.00172	0.00476	0.00554	0.00535	0.00859
117	0.00764	0.00533	0.00683	0.00683	0.00719	0.00570	0.00453	0.00837	0.00800	0.01104	0.01569	0.02923	0.01689	0.51342	0.32451	0.00643	0.00863	0.00690	0.00306	0.00379
118	0.01190	0.15532	0.50342	0.03250	0.08752	0.04922	0.05651	0.01669	0.01140	0.01585	0.00918	0.01104	0.00694	0.00491	0.00483	0.00157	0.00744	0.00392	0.00232	0.00754
119	0.00883	0.00658	0.00762	0.00795	0.00912	0.00693	0.00566	0.01388	0.22653	0.01657	0.02492	0.45207	0.02623	0.04881	0.00689	0.00207	0.00340	0.01086	0.10958	0.00548
120	0.02010	0.01481	0.01587	0.01216	0.01639	0.01639	0.01005	0.76360	0.02486	0.03332	0.01269	0.01269	0.00899	0.00635	0.00529	0.00159	0.00582	0.00476	0.00529	0.00899
121	0.00653	0.00467	0.00623	0.00742	0.00778	0.00437	0.00503	0.00754	0.01030	0.01376	0.04712	0.76767	0.03518	0.01636	0.00675	0.00214	0.00311	0.03877	0.00493	0.00433
122	0.00644	0.00460	0.00613	0.00736	0.00767	0.00429	0.00491	0.00736	0.01012	0.01350	0.02914	0.81076	0.03497	0.01656	0.00675	0.00215	0.00307	0.01503	0.00491	0.00429
123	0.02267	0.00944	0.01231	0.00949	0.01346	0.00857	0.00782	0.10532	0.01600	0.66694	0.01980	0.01750	0.01266	0.00650	0.00524	0.00161	0.00455	0.00524	0.04608	0.00880
124	0.01382	0.00931	0.01056	0.00896	0.01161	0.00982	0.00709	0.20115	0.17751	0.10594	0.25355	0.02394	0.02420	0.00790	0.00541	0.00162	0.00388	0.00659	0.11005	0.00711
125	0.85155	0.01022	0.00777	0.00695	0.01022	0.01186	0.00573	0.01554	0.00900	0.02372	0.00736	0.00859	0.00573	0.00491	0.00327	0.00164	0.00409	0.00286	0.00327	0.00573
126	0.02010	0.01481	0.01587	0.01216	0.01639	0.01639	0.01005	0.76360	0.02486	0.03332	0.01269	0.01269	0.00899	0.00635	0.00529	0.00159	0.00582	0.00476	0.00529	0.00899
127	0.01315	0.01136	0.01195	0.01076	0.01375	0.01315	0.00837	0.02809	0.77168	0.02211	0.02152	0.01972	0.01614	0.00717	0.00538	0.00179	0.00418	0.00598	0.00538	0.00837
128	0.00642	0.00535	0.00560	0.00556	0.00725	0.00453	0.00416	0.00790	0.01241	0.01520	0.15078	0.06203	0.66845	0.01309	0.00625	0.00177	0.00266	0.01101	0.00503	0.00453
129	0.01251	0.18264	0.44677	0.01500	0.03596	0.01391	0.13686	0.01716	0.01156	0.06557	0.01000	0.01160	0.00737	0.00492	0.00491	0.00158	0.00731	0.00417	0.00260	0.00758
130	0.00644	0.00460	0.00613	0.00736	0.00767	0.00429	0.00491	0.00736	0.01012	0.01350	0.02914	0.81076	0.03497	0.01656	0.00675	0.00215	0.00307	0.01503	0.00491	0.00429
131	0.00732	0.00540	0.00684	0.00648	0.00780	0.00492	0.00486	0.00967	0.01459	0.02030	0.68434	0.04097	0.14455	0.01114	0.00624	0.00168	0.00252	0.00977	0.00570	0.00492
132	0.01317	0.45525	0.32001	0.01170	0.01737	0.07311	0.01318	0.01656	0.01121	0.01414	0.00823	0.00959	0.00675	0.00478	0.00412	0.00136	0.00677	0.00329	0.00228	0.00713
133	0.01825	0.01541	0.01801	0.01413	0.01772	0.18728	0.15997	0.20466	0.01615	0.18143	0.01233	0.01328	0.00893	0.00615	0.00679	0.00167	0.10126	0.00485	0.00411	0.00760
134	0.00685	0.00514	0.00635	0.00656	0.00764	0.00464	0.00473	0.00856	0.01272	0.01707	0.36401	0.28733	0.22254	0.01326	0.00640	0.00185	0.00272	0.01169	0.00531	0.00464
135	0.00828	0.00534	0.00642	0.00647	0.00768	0.00492	0.00468	0.00975	0.02724	0.05207	0.16004	0.21532	0.24202	0.01289	0.00766	0.10021	0.00305	0.00984	0.11150	0.00462
136	0.03404	0.09449	0.07067	0.03028	0.07945	0.16663	0.01005	0.05300	0.16125	0.13762	0.01533	0.08154	0.01269	0.00693	0.00512	0.00162	0.00593	0.02194	0.00410	0.00732
137	0.85155	0.01022	0.00777	0.00695	0.01022	0.01186	0.00573	0.01554	0.00900	0.02372	0.00736	0.00859	0.00573	0.00491	0.00327	0.00164	0.00409	0.00286	0.00327	0.00573
138	0.01384	0.01392	0.06613	0.16916	0.24563	0.09546	0.01288	0.05790	0.20338	0.04907	0.01311	0.01462	0.01001	0.00569	0.00522	0.00165	0.00625	0.00486	0.00354	0.00768
139	0.01333	0.00673	0.00875	0.00749	0.00987	0.00595	0.00588	0.01549	0.01461	0.30353	0.39472	0.03313	0.13952	0.00959	0.00590	0.00167	0.00326	0.00821	0.00596	0.00640
140	0.01246	0.01421	0.03094	0.02214	0.02740	0.01342	0.74942	0.01686	0.01240	0.01686	0.01063	0.01421	0.00800	0.00454	0.00643	0.00179	0.02229	0.00621	0.00267	0.00711
141	0.01975	0.02520	0.01498	0.01362	0.01634	0.79299	0.01021	0.02111	0.01498	0.01294	0.00817	0.00953	0.00681	0.00545	0.00477	0.00136	0.00953	0.00340	0.00272	0.00613
142	0.85155	0.01022	0.00777	0.00695	0.01022	0.01186	0.00573	0.01554	0.00900	0.02372	0.00736	0.00859	0.00573	0.00491	0.00327	0.00164	0.00409	0.00286	0.00327	0.00573
143	0.00852	0.00608	0.00852	0.00974	0.01095	0.00608	0.00852	0.01095	0.01217	0.01582	0.02799	0.05963	0.03042	0.01460	0.00730	0.00243	0.00487	0.74565	0.00487	0.00487
144	0.02372	0.00900	0.01227	0.00941	0.01350	0.00777	0.00777	0.02576	0.01513	0.78489	0.02086	0.01799	0.01309	0.00654	0.00532	0.00164	0.00450	0.00532	0.00654	0.00900
145	0.00630	0.00536	0.00543	0.00541	0.00717	0.00449	0.00406	0.00769	0.01218	0.01458	0.08471	0.05039	0.74774	0.01328	0.00625	0.00178	0.00267	0.01109	0.00495	0.00449
146	0.00637	0.00519	0.00564	0.00588	0.00731	0.00446	0.00427	0.00769	0.01181	0.01456	0.09506	0.21694	0.56861	0.01392	0.00636	0.00186	0.00275	0.01190	0.00497	0.00446
147	0.00998	0.00940	0.01586	0.80150	0.03641	0.01175	0.01468	0.01351	0.01057	0.01351	0.00940	0.01409	0.00705	0.00529	0.00529	0.00176	0.00705	0.00470	0.00235	0.00587
148	0.01096	0.00940	0.01096	0.00783	0.01253	0.00705	0.00626	0.01331	0.01096	0.01723	0.00940	0.01096	0.00783	0.00392	0.00392	0.00078	0.00392	0.00313	0.00313	0.84653
149	0.01096	0.00940	0.01096	0.00783	0.01253	0.00705	0.00626	0.01331	0.01096	0.01723	0.00940	0.01096	0.00783	0.00392	0.00392	0.00078	0.00392	0.00313	0.00313	0.84653
150	0.85155	0.01022	0.00777	0.00695	0.01022	0.01186	0.00573	0.01554	0.00900	0.02372	0.00736	0.00859	0.00573	0.00491	0.00327	0.00164	0.00409	0.00286	0.00327	0.00573
151	0.01157	0.01157	0.01619	0.01388	0.01388	0.01619	0.01157	0.01272	0.00810	0.01272	0.00694	0.01157	0.00694	0.00925	0.01735	0.00231	0.80453	0.00463	0.00231	0.00578
152	0.01157	0.01157	0.01619	0.01388	0.01388	0.01619	0.01157	0.01272	0.00810	0.01272	0.00694	0.01157	0.00694	0.00925	0.01735	0.00231	0.80453	0.00463	0.00231	0.00578
153	0.02372	0.00900	0.01227	0.00941	0.01350	0.00777	0.00777	0.02576	0.01513	0.78489	0.02086	0.01799	0.01309	0.00654	0.00532	0.00164	0.00450	0.00532	0.00654	0.00900
154	0.00852	0.00608	0.00852	0.00974	0.01095	0.00608	0.00852	0.01095	0.01217	0.01582	0.02799	0.05963	0.03042	0.01460	0.00730	0.00243	0.00487	0.74565	0.00487	0.00487
155	0.01300	0.01208	0.01848	0.02579	0.54840	0.01258	0.01378	0.01948	0.22795	0.01872	0.02790	0.01547	0.01137	0.00553	0.00529	0.00164	0.00561	0.00516	0.00346	0.00831
156	0.02340	0.00951	0.01259	0.00965	0.01375	0.00854	0.00797	0.09137	0.01600	0.71806	0.02013	0.01752	0.01272	0.00653	0.00531	0.00163	0.00462	0.00527	0.00643	0.00900
157	0.01060	0.02735	0.78682	0.01507	0.02288	0.01228	0.01953	0.01674	0.01116	0.01674	0.00949	0.01116	0.00670	0.00502	0.00502	0.00167	0.00781	0.00391	0.00223	0.00781
158	0.00763	0.00534	0.00686	0.00686	0.00723	0.00572	0.00456	0.00839	0.00801	0.01106	0.01566	0.02908	0.01682	0.50522	0.33262	0.00647	0.00873	0.00688	0.00306	0.00381
159	0.01975	0.02520	0.01498	0.01362	0.01634	0.79299	0.01021	0.02111	0.01498	0.01294	0.00817	0.00953	0.00681	0.00545	0.00477	0.00136	0.00953	0.00340	0.00272	0.00613
160	0.85155	0.01022	0.00777	0.00695	0.01022	0.01186	0.00573	0.01554	0.00900	0.02372	0.00736	0.00859	0.00573	0.00491	0.00327	0.00164	0.00409	0.00286	0.00327	0.00573
161	0.00755	0.00566	0.00850	0.00850	0.00944	0.00661	0.00661	0.00944	0.00850	0.01227	0.01416	0.02077	0.01322	0.03965	0.79326	0.00850	0.01416	0.00566	0.00283	0.00472
162	0.00985	0.00493	0.00493	0.00493	0.00616	0.00493	0.00370	0.01232	0.01109	0.01971	0.01725	0.01971	0.01355	0.00616	0.00370	0.00123	0.00246	0.00493	0.84356	0.00493
163	0.00767	0.00518	0.00606	0.00606	0.00616	0.00529	0.00357	0.00788	0.00778	0.01047	0.01639	0.03310	0.01857	0.73052	0.10971	0.00549	0.00610	0.00747	0.00316	0.00337
164	0.00769	0.00513	0.00577	0.00577	0.00577	0.00513	0.00320	0.00769	0.00769	0.01025	0.01666	0.03460	0.01922	0.81421	0.02691	0.00513	0.00513	0.00769	0.00320	0.00320
165	0.01975	0.02520	0.01498	0.01362	0.01634	0.79299	0.01021	0.02111	0.01498	0.01294	0.00817	0.00953	0.00681	0.00545	0.00477	0.00136	0.00953	0.00340	0.00272	0.00613
166	0.01975	0.02520	0.01498	0.01362	0.01634	0.79299	0.01021	0.02111	0.01498	0.01294	0.00817	0.00953	0.00681	0.00545	0.00477	0.00136	0.00953	0.00340	0.00272	0.00613
167	0.00748	0.00540	0.00707	0.00665	0.00790	0.00499	0.00499	0.00998	0.01496	0.02120	0.77844	0.03949	0.04988	0.01081	0.00624	0.00166	0.00249	0.00956	0.00582	0.00499
168	0.02372	0.00900	0.01227	0.00941	0.01350	0.00777	0.00777	0.02576	0.01513	0.78489	0.02086	0.01799	0.01309	0.00654	0.00532	0.00164	0.00450	0.00532	0.00654	0.00900
169	0.00642	0.00506	0.00579	0.00624	0.00741	0.00444	0.00444	0.00768	0.01152	0.01451	0.10056	0.34834	0.43000	0.01443	0.00644	0.00192	0.00282	0.01255	0.00498	0.00444
170	0.02372	0.00900	0.01227	0.00941	0.01350	0.00777	0.00777	0.02576	0.01513	0.78489	0.02086	0.01799	0.01309	0.00654	0.00532	0.00164	0.00450	0.00532	0.00654	0.00900
171	0.02198	0.00950	0.01230	0.00968	0.01360	0.00880	0.00791	0.04225	0.13440	0.64844	0.02078	0.01815	0.01348	0.00664	0.00533	0.00166	0.00448	0.00541	0.00633	0.00890
172	0.01235	0.01530	0.09722	0.02233	0.07827	0.01322	0.64597	0.01687	0.01233	0.01694	0.01054	0.01391	0.00793	0.00452	0.00606	0.00176	0.00864	0.00593	0.00263	0.00727
173	0.01063	0.01100	0.05101	0.01274	0.01332	0.01387	0.01084	0.01218	0.00833	0.01281	0.00867	0.01360	0.00833	0.01582	0.18962	0.00366	0.59069	0.00482	0.00242	0.00564
174	0.02289	0.00882	0.01194	0.00921	0.01319	0.00761	0.00759	0.02490	0.01499	0.74836	0.02241	0.01955	0.04940	0.00687	0.00536	0.00164	0.00441	0.00559	0.00647	0.00878
175	0.00644	0.00462	0.00612	0.00732	0.00766	0.00430	0.00489	0.00737	0.01016	0.01351	0.02969	0.79371	0.05166	0.01649	0.00674	0.00214	0.00306	0.01494	0.00491	0.00430
176	0.01382	0.72962	0.04283	0.04769	0.04620	0.01996	0.00983	0.01576	0.01080	0.01278	0.00760	0.00899	0.00686	0.00458	0.00359	0.00119	0.00579	0.00302	0.00228	0.00683

[dist]
# distance from previous block
# <min> <max>
0	1

[block]
# block no. 2 follows, 46 sequences, length 91
# corresponding to MSA columns:
# 732-822
name=unknown_C
#
# <colnr> <probs for GDERKNQSTAVLIFYWHMCP>
#	G	D	E	R	K	N	Q	S	T	A	V	L	I	F	Y	W	H	M	C	P
0	0.04030	0.00835	0.01175	0.06156	0.06275	0.01023	0.00890	0.01075	0.00942	0.01380	0.01694	0.35353	0.01910	0.01229	0.02660	0.00226	0.31364	0.00904	0.00349	0.00530
1	0.29497	0.04200	0.01712	0.02039	0.36709	0.04124	0.07273	0.01631	0.01119	0.03712	0.00968	0.01263	0.00799	0.00506	0.00462	0.00161	0.00578	0.02232	0.00298	0.00717
2	0.00773	0.00548	0.00690	0.00755	0.00841	0.00528	0.00527	0.01011	0.07956	0.04236	0.09030	0.59902	0.08250	0.01469	0.00650	0.00203	0.00315	0.01317	0.00508	0.00490
3	0.01383	0.01571	0.09216	0.11700	0.15107	0.09005	0.30574	0.11546	0.01393	0.01832	0.01032	0.01309	0.00785	0.00500	0.00557	0.00167	0.00780	0.00511	0.00294	0.00739
4	0.01125	0.01068	0.01814	0.48842	0.33963	0.01208	0.01531	0.01461	0.01117	0.01504	0.00962	0.01368	0.00759	0.00505	0.00526	0.00168	0.00674	0.00470	0.00246	0.00689
5	0.00625	0.00533	0.00538	0.00541	0.00716	0.00446	0.00404	0.00758	0.01200	0.01426	0.05289	0.07168	0.75872	0.01348	0.00626	0.00180	0.00269	0.01126	0.00491	0.00446
6	0.00678	0.00484	0.00652	0.00775	0.00820	0.00459	0.00550	0.00795	0.01046	0.01387	0.02895	0.68837	0.03423	0.01624	0.00684	0.00219	0.00336	0.13408	0.00490	0.00439
7	0.00635	0.00536	0.00550	0.00547	0.00721	0.00451	0.00410	0.00779	0.01230	0.01487	0.11567	0.04990	0.71661	0.01317	0.00625	0.00177	0.00266	0.01102	0.00499	0.00451
8	0.00688	0.00534	0.00626	0.00611	0.00755	0.00472	0.00455	0.00878	0.01341	0.01772	0.41678	0.08557	0.37281	0.01226	0.00627	0.00174	0.00261	0.01056	0.00537	0.00472
9	0.01413	0.81739	0.02770	0.00905	0.01357	0.02092	0.00905	0.01583	0.01074	0.01244	0.00735	0.00848	0.00678	0.00452	0.00339	0.00113	0.00565	0.00283	0.00226	0.00678
10	0.00852	0.00503	0.00754	0.00754	0.00793	0.00541	0.00541	0.00793	0.00754	0.01044	0.01121	0.01798	0.01082	0.02703	0.33514	0.50521	0.00849	0.00503	0.00251	0.00328
11	0.01413	0.81739	0.02770	0.00905	0.01357	0.02092	0.00905	0.01583	0.01074	0.01244	0.00735	0.00848	0.00678	0.00452	0.00339	0.00113	0.00565	0.00283	0.00226	0.00678
12	0.00719	0.00539	0.00666	0.00634	0.00772	0.00486	0.00476	0.00940	0.01427	0.01954	0.60487	0.04222	0.22449	0.01143	0.00624	0.00169	0.00254	0.00994	0.00560	0.00486
13	0.01157	0.01157	0.01619	0.01388	0.01388	0.01619	0.01157	0.01272	0.00810	0.01272	0.00694	0.01157	0.00694	0.00925	0.01735	0.00231	0.80453	0.00463	0.00231	0.00578
14	0.01157	0.01157	0.01619	0.01388	0.01388	0.01619	0.01157	0.01272	0.00810	0.01272	0.00694	0.01157	0.00694	0.00925	0.01735	0.00231	0.80453	0.00463	0.00231	0.00578
15	0.85155	0.01022	0.00777	0.00695	0.01022	0.01186	0.00573	0.01554	0.00900	0.02372	0.00736	0.00859	0.00573	0.00491	0.00327	0.00164	0.00409	0.00286	0.00327	0.00573
16	0.01248	0.01426	0.03119	0.02228	0.02763	0.01337	0.76203	0.01693	0.01248	0.01693	0.01070	0.01426	0.00802	0.00446	0.00624	0.00178	0.00891	0.00624	0.00267	0.00713
17	0.85155	0.01022	0.00777	0.00695	0.01022	0.01186	0.00573	0.01554	0.00900	0.02372	0.00736	0.00859	0.00573	0.00491	0.00327	0.00164	0.00409	0.00286	0.00327	0.00573
18	0.01315	0.01136	0.01195	0.01076	0.01375	0.01315	0.00837	0.02809	0.77168	0.02211	0.02152	0.01972	0.01614	0.00717	0.00538	0.00179	0.00418	0.00598	0.00538	0.00837
19	0.01248	0.01426	0.03119	0.02228	0.02763	0.01337	0.76203	0.01693	0.01248	0.01693	0.01070	0.01426	0.00802	0.00446	0.00624	0.00178	0.00891	0.00624	0.00267	0.00713
20	0.00998	0.00940	0.01586	0.80150	0.03641	0.01175	0.01468	0.01351	0.01057	0.01351	0.00940	0.01409	0.00705	0.00529	0.00529	0.00176	0.00705	0.00470	0.00235	0.00587
21	0.00905	0.00573	0.00720	0.00746	0.00818	0.00565	0.00546	0.01007	0.00982	0.06311	0.02110	0.04271	0.02294	0.46719	0.01828	0.00391	0.00499	0.27890	0.00403	0.00420
22	0.00769	0.00513	0.00577	0.00577	0.00577	0.00513	0.00320	0.00769	0.00769	0.01025	0.01666	0.03460	0.01922	0.81421	0.02691	0.00513	0.00513	0.00769	0.00320	0.00320
23	0.00755	0.00566	0.00850	0.00850	0.00944	0.00661	0.00661	0.00944	0.00850	0.01227	0.01416	0.02077	0.01322	0.03965	0.79326	0.00850	0.01416	0.00566	0.00283	0.00472
24	0.01820	0.17226	0.01772	0.01238	0.01566	0.38768	0.01004	0.21464	0.01629	0.01818	0.00912	0.01031	0.00739	0.00577	0.00552	0.00144	0.06339	0.00374	0.00328	0.00698
25	0.01413	0.81739	0.02770	0.00905	0.01357	0.02092	0.00905	0.01583	0.01074	0.01244	0.00735	0.00848	0.00678	0.00452	0.00339	0.00113	0.00565	0.00283	0.00226	0.00678
26	0.01204	0.00985	0.01141	0.00824	0.01288	0.00786	0.00662	0.07747	0.01224	0.03648	0.00994	0.01127	0.00805	0.00418	0.00406	0.00087	0.00409	0.00332	0.00340	0.75571
27	0.00998	0.00940	0.01586	0.80150	0.03641	0.01175	0.01468	0.01351	0.01057	0.01351	0.00940	0.01409	0.00705	0.00529	0.00529	0.00176	0.00705	0.00470	0.00235	0.00587
28	0.00748	0.00540	0.00707	0.00665	0.00790	0.00499	0.00499	0.00998	0.01496	0.02120	0.77844	0.03949	0.04988	0.01081	0.00624	0.00166	0.00249	0.00956	0.00582	0.00499
29	0.00664	0.00478	0.00630	0.00717	0.00770	0.00444	0.00490	0.00789	0.01113	0.01505	0.17891	0.63854	0.05622	0.01534	0.00663	0.00204	0.00294	0.01385	0.00509	0.00444
30	0.00755	0.00566	0.00850	0.00850	0.00944	0.00661	0.00661	0.00944	0.00850	0.01227	0.01416	0.02077	0.01322	0.03965	0.79326	0.00850	0.01416	0.00566	0.00283	0.00472
31	0.00769	0.00513	0.00577	0.00577	0.00577	0.00513	0.00320	0.00769	0.00769	0.01025	0.01666	0.03460	0.01922	0.81421	0.02691	0.00513	0.00513	0.00769	0.00320	0.00320
32	0.02010	0.01481	0.01587	0.01216	0.01639	0.01639	0.01005	0.76360	0.02486	0.03332	0.01269	0.01269	0.00899	0.00635	0.00529	0.00159	0.00582	0.00476	0.00529	0.00899
33	0.00630	0.00536	0.00542	0.00541	0.00717	0.00448	0.00405	0.00768	0.01216	0.01455	0.08186	0.05043	0.75062	0.01329	0.00625	0.00178	0.00267	0.01109	0.00494	0.00448
34	0.01157	0.01157	0.01619	0.01388	0.01388	0.01619	0.01157	0.01272	0.00810	0.01272	0.00694	0.01157	0.00694	0.00925	0.01735	0.00231	0.80453	0.00463	0.00231	0.00578
35	0.00998	0.00940	0.01586	0.80150	0.03641	0.01175	0.01468	0.01351	0.01057	0.01351	0.00940	0.01409	0.00705	0.00529	0.00529	0.00176	0.00705	0.00470	0.00235	0.00587
36	0.00761	0.00542	0.00725	0.00725	0.00777	0.00593	0.00506	0.00864	0.00813	0.01135	0.01530	0.02706	0.01595	0.39224	0.44440	0.00696	0.01005	0.00659	0.00300	0.00403
37	0.01068	0.02683	0.75732	0.01535	0.02307	0.01232	0.04852	0.01675	0.01121	0.01675	0.00953	0.01128	0.00675	0.00500	0.00507	0.00168	0.00786	0.00400	0.00225	0.00779
38	0.01112	0.01063	0.01480	0.01283	0.01299	0.01464	0.01062	0.01243	0.00833	0.01316	0.00823	0.01287	0.00790	0.01153	0.08003	0.00275	0.68518	0.00473	0.05958	0.00564
39	0.81923	0.01018	0.00795	0.00705	0.01035	0.01170	0.00581	0.01594	0.00924	0.05344	0.00789	0.00896	0.00601	0.00497	0.00335	0.00164	0.00411	0.00296	0.00340	0.00585
40	0.01585	0.01305	0.04297	0.03248	0.09575	0.01382	0.01028	0.27127	0.35665	0.06552	0.01659	0.01614	0.01221	0.00648	0.00531	0.00169	0.00517	0.00530	0.00493	0.00853
41	0.00768	0.00514	0.00584	0.00584	0.00586	0.00516	0.00329	0.00773	0.00771	0.01030	0.01659	0.03424	0.01906	0.79406	0.04684	0.00521	0.00536	0.00764	0.00319	0.00324
42	0.00918	0.00459	0.00689	0.00689	0.00689	0.00459	0.00459	0.00689	0.00689	0.00918	0.00918	0.01607	0.00918	0.01837	0.02066	0.84619	0.00459	0.00459	0.00230	0.00230
43	0.01096	0.00940	0.01096	0.00783	0.01253	0.00705	0.00626	0.01331	0.01096	0.01723	0.00940	0.01096	0.00783	0.00392	0.00392	0.00078	0.00392	0.00313	0.00313	0.84653
44	0.01764	0.02168	0.01529	0.01369	0.01571	0.59277	0.01056	0.01895	0.01321	0.01288	0.00785	0.01006	0.00684	0.00643	0.00801	0.00161	0.21444	0.00372	0.00262	0.00604
45	0.00644	0.00460	0.00613	0.00736	0.00767	0.00429	0.00491	0.00736	0.01012	0.01350	0.02914	0.81076	0.03497	0.01656	0.00675	0.00215	0.00307	0.01503	0.00491	0.00429
46	0.01133	0.02862	0.02039	0.35928	0.12751	0.01281	0.19506	0.01463	0.01093	0.01487	0.00942	0.01342	0.00747	0.00544	0.00695	0.00176	0.10938	0.00496	0.00249	0.04328
47	0.01060	0.02735	0.78682	0.01507	0.02288	0.01228	0.01953	0.01674	0.01116	0.01674	0.00949	0.01116	0.00670	0.00502	0.00502	0.00167	0.00781	0.00391	0.00223	0.00781
48	0.02010	0.01481	0.01587	0.01216	0.01639	0.01639	0.01005	0.76360	0.02486	0.03332	0.01269	0.01269	0.00899	0.00635	0.00529	0.00159	0.00582	0.00476	0.00529	0.00899
49	0.01413	0.81739	0.02770	0.00905	0.01357	0.02092	0.00905	0.01583	0.01074	0.01244	0.00735	0.00848	0.00678	0.00452	0.00339	0.00113	0.00565	0.00283	0.00226	0.00678
