[name]
unknown

[dist]
# distance from previous block
# <min> <max>
0	186

[block]
# block no. 0 follows, 50 sequences, length 10
# corresponding to MSA columns:
# 199-208
name=unknown_A
#
# <colnr> <probs for GDERKNQSTAVLIFYWHMCP>
#	G	D	E	R	K	N	Q	S	T	A	V	L	I	F	Y	W	H	M	C	P
0	0.01955	0.01299	0.01436	0.01101	0.01497	0.01401	0.00909	0.64346	0.02181	0.16736	0.01333	0.01285	0.00916	0.00602	0.00499	0.00150	0.00526	0.00458	0.00520	0.00848
1	0.00752	0.00598	0.00629	0.00609	0.00739	0.00588	0.00425	0.01062	0.14724	0.01346	0.03311	0.03745	0.38656	0.29223	0.01248	0.00277	0.00357	0.00852	0.00415	0.00445
2	0.01279	0.69927	0.15000	0.00944	0.01420	0.01842	0.01011	0.01506	0.01019	0.01238	0.00725	0.00840	0.00638	0.00434	0.00344	0.00115	0.00566	0.00283	0.00213	0.00655
3	0.36739	0.07699	0.01268	0.00920	0.01283	0.01402	0.00771	0.40013	0.01617	0.02609	0.00948	0.01005	0.00703	0.00528	0.00406	0.00148	0.00480	0.00360	0.00397	0.00703
4	0.00655	0.00488	0.00580	0.00592	0.00684	0.00445	0.00413	0.00786	0.01115	0.01477	0.28239	0.20486	0.25011	0.15665	0.00944	0.00228	0.00296	0.01021	0.00462	0.00413
5	0.00679	0.00491	0.00626	0.00655	0.00721	0.00484	0.00459	0.00795	0.00971	0.01309	0.14678	0.23165	0.10903	0.22416	0.15290	0.00371	0.00520	0.04665	0.00401	0.00401
6	0.01669	0.01875	0.01662	0.01374	0.01700	0.43995	0.14538	0.14138	0.11021	0.01701	0.01036	0.01144	0.00804	0.00531	0.00489	0.00144	0.00770	0.00419	0.00326	0.00664
7	0.00871	0.00665	0.01005	0.16789	0.11677	0.00682	0.00801	0.01081	0.01140	0.05769	0.23487	0.29312	0.02732	0.01003	0.00570	0.00173	0.00395	0.00904	0.00419	0.00527
8	0.00741	0.00447	0.00596	0.00634	0.00644	0.00438	0.00406	0.00685	0.00771	0.01028	0.01683	0.28462	0.01932	0.24575	0.01685	0.33411	0.00400	0.00838	0.00321	0.00303
9	0.16018	0.01009	0.13457	0.00878	0.01124	0.00816	0.00789	0.10510	0.01134	0.01733	0.01824	0.31879	0.01954	0.05068	0.00635	0.00197	0.00439	0.09604	0.00391	0.00538

[dist]
# distance from previous block
# <min> <max>
6	9

[block]
# block no. 1 follows, 50 sequences, length 214
# corresponding to MSA columns:
# 218-431
name=unknown_B
#
# <colnr> <probs for GDERKNQSTAVLIFYWHMCP>
#	G	D	E	R	K	N	Q	S	T	A	V	L	I	F	Y	W	H	M	C	P
0	0.01149	0.01372	0.21275	0.01253	0.01545	0.01157	0.07756	0.01432	0.01048	0.10533	0.12872	0.01575	0.01342	0.00725	0.00960	0.00182	0.32369	0.00511	0.00316	0.00628
1	0.01121	0.02144	0.54764	0.01816	0.21622	0.01191	0.01701	0.06869	0.01163	0.01700	0.00926	0.01108	0.00686	0.00475	0.00480	0.00155	0.00687	0.00393	0.00240	0.00758
2	0.02818	0.01179	0.01456	0.01207	0.06903	0.01187	0.06202	0.36213	0.06007	0.08827	0.01190	0.01241	0.00875	0.00521	0.00470	0.00133	0.00505	0.00428	0.00420	0.22217
3	0.00669	0.00464	0.00568	0.00616	0.00641	0.00447	0.00388	0.00729	0.00889	0.01193	0.08579	0.37878	0.04003	0.38918	0.01510	0.00328	0.00374	0.01048	0.00396	0.00363
4	0.01049	0.01011	0.01761	0.51329	0.27102	0.01142	0.06735	0.01376	0.01052	0.01407	0.00911	0.01300	0.00710	0.00476	0.00503	0.00161	0.00654	0.00453	0.00232	0.00636
5	0.07881	0.01502	0.01273	0.01057	0.01392	0.30255	0.00837	0.13691	0.01521	0.33723	0.01320	0.01265	0.00909	0.00565	0.00468	0.00144	0.00615	0.00411	0.00445	0.00727
6	0.02236	0.00848	0.01157	0.00887	0.01272	0.00733	0.00733	0.02429	0.01427	0.79719	0.01966	0.01697	0.01234	0.00617	0.00501	0.00154	0.00424	0.00501	0.00617	0.00848
7	0.00694	0.00499	0.00663	0.00762	0.00834	0.00481	0.00585	0.00836	0.01030	0.01346	0.02781	0.39939	0.08303	0.07101	0.00787	0.00231	0.00370	0.31887	0.00450	0.00421
8	0.00703	0.00526	0.00783	0.00792	0.00876	0.00605	0.00610	0.00874	0.00814	0.01167	0.01452	0.08613	0.01416	0.03558	0.73879	0.00751	0.01248	0.00607	0.00283	0.00442
9	0.01793	0.02264	0.01368	0.01245	0.01493	0.75699	0.00934	0.01928	0.01412	0.01266	0.05453	0.01068	0.00885	0.00544	0.00458	0.00130	0.00859	0.00356	0.00274	0.00571
10	0.00700	0.00493	0.00600	0.00590	0.00657	0.00468	0.00395	0.00822	0.01082	0.01487	0.37618	0.09062	0.07873	0.34424	0.01389	0.00294	0.00342	0.00874	0.00437	0.00394
11	0.17704	0.00583	0.00670	0.00710	0.00831	0.00585	0.00520	0.01008	0.01011	0.06993	0.07597	0.49822	0.02675	0.01227	0.00562	0.00188	0.00325	0.06069	0.00449	0.00471
12	0.00655	0.00506	0.00594	0.00593	0.00724	0.00452	0.00446	0.00824	0.01221	0.01597	0.33846	0.09002	0.37627	0.03865	0.00662	0.00180	0.00269	0.06008	0.00491	0.00438
13	0.01359	0.00644	0.00855	0.00749	0.00971	0.00570	0.00579	0.01536	0.01301	0.36474	0.23229	0.19640	0.08042	0.00972	0.00560	0.00166	0.00332	0.00843	0.00555	0.00622
14	0.17315	0.00761	0.00890	0.00745	0.01040	0.00710	0.00598	0.01736	0.01223	0.41717	0.03822	0.08221	0.17572	0.00801	0.00495	0.00161	0.00368	0.00649	0.00515	0.00662
15	0.35599	0.00686	0.00659	0.00628	0.00821	0.00720	0.00484	0.01092	0.01086	0.01912	0.26869	0.11766	0.14202	0.00891	0.00479	0.00163	0.00306	0.00725	0.00427	0.00484
16	0.00667	0.00493	0.00575	0.00576	0.00693	0.00444	0.00418	0.00828	0.01182	0.01592	0.31817	0.14844	0.30901	0.06021	0.00695	0.00184	0.00264	0.00986	0.06390	0.00433
17	0.27400	0.00870	0.01006	0.00803	0.01157	0.00840	0.00662	0.02097	0.01240	0.53841	0.01572	0.01435	0.01026	0.00569	0.00438	0.00153	0.00406	0.00430	0.03309	0.00743
18	0.01826	0.00801	0.01056	0.00839	0.01158	0.00723	0.00681	0.07297	0.01487	0.54750	0.21402	0.02174	0.02083	0.00717	0.00523	0.00155	0.00385	0.00599	0.00591	0.00753
19	0.00728	0.00486	0.00571	0.00568	0.00607	0.00474	0.00357	0.00808	0.00933	0.01307	0.21230	0.07689	0.02588	0.51675	0.01786	0.00359	0.00392	0.00790	0.06290	0.00362
20	0.05976	0.00582	0.00682	0.00622	0.00806	0.00528	0.00479	0.01100	0.01284	0.12579	0.37939	0.03641	0.29886	0.01015	0.00560	0.00160	0.00276	0.00860	0.00514	0.00510
21	0.23097	0.00801	0.00942	0.00793	0.01093	0.00769	0.00634	0.01864	0.01193	0.45607	0.01790	0.16382	0.01441	0.00753	0.00478	0.00163	0.00389	0.00613	0.00510	0.00688
22	0.00812	0.00533	0.00700	0.00645	0.00781	0.00489	0.00489	0.01044	0.01412	0.07412	0.73737	0.03582	0.04461	0.00991	0.00582	0.00157	0.00248	0.00874	0.00553	0.00497
23	0.00887	0.00592	0.00607	0.00586	0.00737	0.00603	0.00436	0.01298	0.15784	0.01701	0.02546	0.02702	0.20650	0.07564	0.00620	0.00170	0.00289	0.00650	0.41077	0.00502
24	0.00658	0.00461	0.00581	0.00656	0.00685	0.00442	0.00432	0.00728	0.00899	0.01191	0.02426	0.49194	0.04959	0.27613	0.01251	0.00294	0.00362	0.06380	0.00411	0.00376
25	0.00644	0.00507	0.00582	0.00563	0.00707	0.00444	0.00422	0.00822	0.01267	0.01656	0.40223	0.04287	0.43804	0.01147	0.00589	0.00163	0.00244	0.00980	0.00504	0.00444
26	0.00607	0.00434	0.00578	0.00694	0.00723	0.00405	0.00463	0.00694	0.00954	0.01272	0.02747	0.82157	0.03297	0.01562	0.00636	0.00202	0.00289	0.01417	0.00463	0.00405
27	0.41966	0.00831	0.00872	0.05560	0.01165	0.00885	0.00651	0.01565	0.01041	0.21571	0.01446	0.11676	0.01262	0.00718	0.00441	0.00167	0.00406	0.06769	0.00413	0.00595
28	0.01034	0.00886	0.01034	0.00738	0.01181	0.00664	0.00591	0.01255	0.01034	0.01624	0.00886	0.01034	0.00738	0.00369	0.00369	0.00074	0.00369	0.00295	0.00295	0.85530
29	0.00725	0.00483	0.00544	0.00544	0.00544	0.00483	0.00302	0.00725	0.00725	0.00966	0.01571	0.03262	0.01812	0.82483	0.02537	0.00483	0.00483	0.00725	0.00302	0.00302
30	0.00675	0.00486	0.00597	0.00607	0.00681	0.00453	0.00416	0.00805	0.01104	0.01501	0.33981	0.21166	0.12273	0.21748	0.01091	0.00251	0.00312	0.00989	0.00457	0.00408
31	0.01132	0.01126	0.01695	0.43986	0.33040	0.07724	0.01406	0.01433	0.01085	0.01408	0.00897	0.01256	0.00712	0.00478	0.00492	0.00156	0.00656	0.00433	0.00234	0.00648
32	0.01034	0.00886	0.01034	0.00738	0.01181	0.00664	0.00591	0.01255	0.01034	0.01624	0.00886	0.01034	0.00738	0.00369	0.00369	0.00074	0.00369	0.00295	0.00295	0.85530
33	0.00607	0.00434	0.00578	0.00694	0.00723	0.00405	0.00463	0.00694	0.00954	0.01272	0.02747	0.82157	0.03297	0.01562	0.00636	0.00202	0.00289	0.01417	0.00463	0.00405
34	0.05388	0.00477	0.00599	0.00689	0.00748	0.00462	0.00476	0.00756	0.00955	0.01328	0.02707	0.66169	0.08298	0.01606	0.05390	0.00234	0.00357	0.02503	0.00442	0.00417
35	0.00849	0.00439	0.00637	0.00637	0.00637	0.00439	0.00418	0.00658	0.00658	0.00877	0.00947	0.01717	0.00975	0.11071	0.02016	0.75665	0.00439	0.00467	0.00226	0.00226
36	0.11925	0.00862	0.01108	0.00860	0.01237	0.00777	0.00710	0.02318	0.01360	0.70757	0.01819	0.01594	0.01154	0.00599	0.00479	0.00154	0.00420	0.00474	0.00581	0.00813
37	0.00789	0.00546	0.00617	0.00598	0.00645	0.00547	0.00372	0.06096	0.00917	0.01220	0.06167	0.08731	0.06634	0.61736	0.02037	0.00403	0.00447	0.00783	0.00350	0.00364
38	0.00607	0.00434	0.00578	0.00694	0.00723	0.00405	0.00463	0.00694	0.00954	0.01272	0.02747	0.82157	0.03297	0.01562	0.00636	0.00202	0.00289	0.01417	0.00463	0.00405
39	0.00754	0.00524	0.00667	0.00709	0.00772	0.00518	0.00531	0.00881	0.00993	0.01325	0.12810	0.04293	0.02647	0.37928	0.01509	0.00334	0.00439	0.31576	0.00401	0.00390
40	0.86003	0.00964	0.00733	0.00655	0.00964	0.01118	0.00540	0.01465	0.00848	0.02236	0.00694	0.00810	0.00540	0.00463	0.00308	0.00154	0.00386	0.00270	0.00308	0.00540
41	0.02236	0.00848	0.01157	0.00887	0.01272	0.00733	0.00733	0.02429	0.01427	0.79719	0.01966	0.01697	0.01234	0.00617	0.00501	0.00154	0.00424	0.00501	0.00617	0.00848
42	0.00812	0.00533	0.00700	0.00645	0.00781	0.00489	0.00489	0.01044	0.01412	0.07412	0.73737	0.03582	0.04461	0.00991	0.00582	0.00157	0.00248	0.00874	0.00553	0.00497
43	0.00607	0.00434	0.00578	0.00694	0.00723	0.00405	0.00463	0.00694	0.00954	0.01272	0.02747	0.82157	0.03297	0.01562	0.00636	0.00202	0.00289	0.01417	0.00463	0.00405
44	0.00725	0.00484	0.00548	0.00548	0.00549	0.00486	0.00307	0.00728	0.00726	0.00970	0.01567	0.03240	0.01803	0.81159	0.03848	0.00489	0.00498	0.00722	0.00301	0.00304
45	0.01034	0.00886	0.01034	0.00738	0.01181	0.00664	0.00591	0.01255	0.01034	0.01624	0.00886	0.01034	0.00738	0.00369	0.00369	0.00074	0.00369	0.00295	0.00295	0.85530
46	0.01415	0.00649	0.00828	0.00711	0.00890	0.00594	0.00510	0.01509	0.01062	0.37301	0.01823	0.07256	0.01634	0.39893	0.01485	0.00315	0.00444	0.00663	0.00457	0.00560
47	0.01234	0.01184	0.02023	0.03059	0.79373	0.01184	0.01530	0.01530	0.01135	0.01628	0.00938	0.01234	0.00790	0.00444	0.00493	0.00148	0.00592	0.00444	0.00247	0.00790
48	0.01035	0.00959	0.01599	0.34720	0.36274	0.01056	0.01305	0.01313	0.01021	0.01395	0.00997	0.01491	0.00855	0.07504	0.06238	0.00229	0.00664	0.00473	0.00242	0.00629
49	0.01116	0.01042	0.01670	0.38515	0.31688	0.01187	0.01364	0.04299	0.06482	0.01529	0.00983	0.01311	0.00777	0.00516	0.00565	0.00162	0.05412	0.00452	0.00261	0.00669
50	0.00605	0.00442	0.00570	0.00673	0.00718	0.00407	0.00454	0.00696	0.00974	0.01281	0.02999	0.73697	0.11594	0.01529	0.00631	0.00199	0.00285	0.01377	0.00463	0.00407
51	0.02097	0.01072	0.01295	0.00993	0.01384	0.01065	0.00820	0.33157	0.01801	0.48462	0.01652	0.01493	0.01076	0.00609	0.00500	0.00152	0.00475	0.00480	0.00569	0.00848
52	0.06511	0.01896	0.29275	0.01355	0.01848	0.17674	0.13451	0.07065	0.01271	0.12033	0.01046	0.01163	0.00753	0.00554	0.01800	0.00163	0.00721	0.00414	0.00308	0.00699
53	0.01583	0.00957	0.01119	0.00929	0.01207	0.00985	0.00731	0.34396	0.01660	0.21920	0.01810	0.22108	0.01628	0.05744	0.00656	0.00184	0.00447	0.00726	0.00508	0.00702
54	0.00618	0.00465	0.00572	0.00633	0.00713	0.00419	0.00441	0.00738	0.01074	0.01404	0.15141	0.49307	0.23870	0.01398	0.00616	0.00186	0.00271	0.01240	0.00476	0.00419
55	0.01499	0.01742	0.01534	0.01674	0.19849	0.42401	0.01096	0.01667	0.01191	0.01309	0.00829	0.01085	0.00721	0.00784	0.06243	0.00196	0.14935	0.00385	0.00248	0.00613
56	0.21218	0.01282	0.01244	0.16845	0.01721	0.14748	0.02363	0.23977	0.01438	0.02095	0.00978	0.01140	0.00739	0.00528	0.00435	0.00148	0.00572	0.00388	0.07505	0.00636
57	0.00866	0.00433	0.00649	0.00649	0.00649	0.00433	0.00433	0.00649	0.00649	0.00866	0.00866	0.01515	0.00866	0.01732	0.01948	0.85498	0.00433	0.00433	0.00216	0.00216
58	0.00655	0.00490	0.00529	0.00537	0.00615	0.00450	0.00348	0.00718	0.00926	0.01159	0.03222	0.09450	0.36826	0.40194	0.01526	0.00322	0.00366	0.00921	0.00386	0.00363
59	0.02836	0.08812	0.41807	0.01490	0.02074	0.07812	0.19536	0.06910	0.01194	0.01641	0.00912	0.01093	0.00676	0.00469	0.00485	0.00153	0.00738	0.00412	0.00246	0.00704
60	0.01096	0.01118	0.01521	0.51641	0.13833	0.12404	0.02637	0.01378	0.01076	0.01322	0.01009	0.06884	0.00864	0.00565	0.00502	0.00161	0.00665	0.00496	0.00247	0.00583
61	0.00613	0.00466	0.00566	0.00632	0.00714	0.00418	0.00442	0.00727	0.01054	0.01361	0.09824	0.49336	0.27859	0.01417	0.00618	0.00188	0.00276	0.02602	0.00470	0.00416
62	0.01102	0.02435	0.73366	0.01376	0.02084	0.01122	0.01750	0.01649	0.01083	0.08063	0.00983	0.01106	0.00681	0.00485	0.00476	0.00158	0.00711	0.00379	0.00244	0.00746
63	0.01208	0.05497	0.32727	0.03460	0.28876	0.02364	0.01471	0.01692	0.07542	0.07059	0.02725	0.01275	0.00890	0.00501	0.00481	0.00152	0.00617	0.00428	0.00284	0.00751
64	0.01202	0.31327	0.07334	0.32559	0.02214	0.09326	0.01137	0.01542	0.06444	0.01309	0.00884	0.01109	0.00710	0.00484	0.00427	0.00140	0.00626	0.00369	0.00241	0.00617
65	0.01245	0.61697	0.22931	0.01002	0.01510	0.01758	0.01113	0.01515	0.01023	0.01279	0.00746	0.00866	0.00637	0.00439	0.00360	0.00120	0.00587	0.00293	0.00212	0.00665
66	0.01410	0.01145	0.01444	0.01503	0.18967	0.01227	0.03057	0.31974	0.15949	0.02284	0.01712	0.01946	0.07602	0.00682	0.00521	0.00160	0.00503	0.05786	0.01376	0.00752
67	0.01315	0.01449	0.01201	0.01043	0.01285	0.33439	0.00810	0.01476	0.01109	0.01313	0.00901	0.01172	0.00791	0.01169	0.16725	0.00260	0.10567	0.00371	0.00265	0.23339
68	0.00665	0.00486	0.00626	0.00643	0.00736	0.00447	0.00465	0.00843	0.01236	0.01701	0.46915	0.29124	0.10627	0.01220	0.00605	0.00174	0.00258	0.02271	0.00512	0.00445
69	0.00891	0.00521	0.00687	0.00706	0.00808	0.00481	0.00505	0.01019	0.01096	0.13355	0.15724	0.45023	0.04199	0.08376	0.00775	0.00212	0.00324	0.04334	0.00487	0.00477
70	0.00668	0.00478	0.00623	0.00648	0.00722	0.00445	0.00456	0.00828	0.01183	0.01640	0.43516	0.34704	0.03946	0.06907	0.00743	0.00198	0.00274	0.01093	0.00498	0.00433
71	0.44648	0.01081	0.01049	0.00852	0.01203	0.01186	0.00703	0.25837	0.01424	0.16081	0.01076	0.01088	0.00759	0.00533	0.00403	0.00153	0.00444	0.00367	0.00423	0.00692
72	0.00636	0.00497	0.00569	0.00569	0.00697	0.00438	0.00416	0.00789	0.01190	0.01540	0.29490	0.13258	0.42094	0.04750	0.00679	0.00182	0.00261	0.01029	0.00485	0.00430
73	0.00765	0.00487	0.00552	0.00568	0.00662	0.00465	0.00401	0.02172	0.01071	0.01582	0.13196	0.21839	0.13413	0.10609	0.00745	0.00194	0.00284	0.00867	0.29696	0.00432
74	0.17472	0.00769	0.00921	0.01040	0.10004	0.00807	0.00693	0.11844	0.01164	0.01780	0.01912	0.40220	0.02095	0.01070	0.00540	0.00181	0.00391	0.06141	0.00413	0.00542
75	0.01741	0.00835	0.01052	0.00863	0.01167	0.00782	0.00689	0.14578	0.01469	0.45849	0.02238	0.16780	0.08019	0.00842	0.00533	0.00164	0.00406	0.00708	0.00556	0.00731
76	0.01034	0.00886	0.01034	0.00738	0.01181	0.00664	0.00591	0.01255	0.01034	0.01624	0.00886	0.01034	0.00738	0.00369	0.00369	0.00074	0.00369	0.00295	0.00295	0.85530
77	0.00698	0.00473	0.00612	0.00668	0.00727	0.00441	0.00456	0.00809	0.01036	0.04026	0.17122	0.51303	0.05352	0.11574	0.00861	0.00227	0.00310	0.02420	0.00464	0.00421
78	0.01176	0.01880	0.38888	0.01195	0.01672	0.13123	0.06345	0.05795	0.01186	0.01681	0.01080	0.01254	0.00812	0.00509	0.00448	0.00143	0.00634	0.00404	0.21127	0.00647
79	0.13224	0.00770	0.00952	0.00790	0.01055	0.00739	0.00618	0.01838	0.05661	0.43406	0.01559	0.01681	0.01136	0.07600	0.00913	0.16047	0.00424	0.00479	0.00468	0.00640
80	0.00916	0.00733	0.00839	0.00803	0.00971	0.00784	0.00608	0.01594	0.32832	0.01817	0.25052	0.12175	0.05866	0.06650	0.00703	0.00195	0.00340	0.06049	0.00495	0.00579
81	0.01086	0.30825	0.43747	0.01136	0.01694	0.01375	0.01344	0.01476	0.01061	0.01458	0.07325	0.01209	0.00989	0.00590	0.02593	0.00157	0.00639	0.00381	0.00241	0.00672
82	0.01452	0.08001	0.01644	0.05885	0.11617	0.02785	0.01070	0.32614	0.01504	0.02051	0.00951	0.01164	0.00767	0.00723	0.03100	0.00184	0.23012	0.00430	0.00339	0.00707
83	0.00746	0.00456	0.00523	0.00574	0.00648	0.00436	0.00398	0.00889	0.00991	0.01497	0.02397	0.37366	0.08663	0.06772	0.00647	0.00184	0.00276	0.00949	0.35165	0.00423
84	0.86003	0.00964	0.00733	0.00655	0.00964	0.01118	0.00540	0.01465	0.00848	0.02236	0.00694	0.00810	0.00540	0.00463	0.00308	0.00154	0.00386	0.00270	0.00308	0.00540
85	0.01062	0.01988	0.50276	0.22652	0.02422	0.01187	0.01624	0.07930	0.01139	0.01619	0.00911	0.01139	0.00659	0.00502	0.00514	0.00161	0.02887	0.00397	0.00238	0.00692
86	0.00712	0.00542	0.00710	0.00838	0.07226	0.00526	0.00528	0.00817	0.00940	0.01236	0.02570	0.26224	0.16731	0.24433	0.07959	0.00324	0.00464	0.06420	0.00383	0.00418
87	0.00616	0.00454	0.00568	0.00646	0.00704	0.00416	0.00438	0.00714	0.01000	0.01309	0.07377	0.58810	0.17348	0.06219	0.00736	0.00210	0.00291	0.01280	0.00458	0.00405
88	0.00960	0.00714	0.00795	0.00732	0.00934	0.00726	0.00559	0.01515	0.27122	0.07124	0.15365	0.03195	0.30328	0.01014	0.00650	0.06109	0.00322	0.00783	0.00485	0.00568
89	0.26656	0.03876	0.06336	0.02242	0.01264	0.10901	0.00792	0.17379	0.06675	0.02051	0.01141	0.05999	0.00952	0.00769	0.04898	0.00186	0.00553	0.00440	0.06267	0.00624
90	0.00921	0.00506	0.00696	0.00672	0.00700	0.00516	0.00454	0.06026	0.00776	0.01036	0.00970	0.01695	0.00974	0.10992	0.01915	0.69720	0.00447	0.00468	0.00246	0.00270
91	0.00623	0.00445	0.00571	0.00663	0.00697	0.00417	0.00437	0.00703	0.00942	0.01248	0.03905	0.66409	0.07366	0.12010	0.00879	0.00236	0.00311	0.01299	0.00443	0.00393
92	0.00912	0.00709	0.00967	0.06625	0.14980	0.00741	0.00763	0.01221	0.07616	0.01579	0.02153	0.14891	0.11466	0.00886	0.00558	0.00165	0.03665	0.07994	0.21566	0.00544
93	0.06791	0.09357	0.40243	0.01368	0.07190	0.01242	0.04993	0.01758	0.15399	0.02913	0.02124	0.01235	0.00871	0.00517	0.00482	0.00156	0.01939	0.00414	0.00288	0.00720
94	0.01091	0.01091	0.01527	0.01309	0.01309	0.01527	0.01091	0.01200	0.00763	0.01200	0.00654	0.01091	0.00654	0.00872	0.01636	0.00218	0.81570	0.00436	0.00218	0.00545
95	0.00845	0.00541	0.00706	0.00723	0.00799	0.00536	0.00528	0.07117	0.00993	0.01300	0.02099	0.22814	0.10814	0.01491	0.01164	0.35119	0.00389	0.11284	0.00364	0.00374
96	0.01186	0.01225	0.02354	0.09282	0.41521	0.01209	0.32647	0.01535	0.01140	0.01585	0.00962	0.01287	0.00765	0.00439	0.00533	0.00158	0.00700	0.00503	0.00247	0.00722
97	0.00630	0.00484	0.00575	0.00622	0.00728	0.00433	0.00455	0.00757	0.01093	0.01393	0.11737	0.32630	0.36515	0.01361	0.00634	0.01401	0.00284	0.07380	0.00468	0.00420
98	0.00599	0.00466	0.00545	0.00608	0.00700	0.00412	0.00424	0.00704	0.01037	0.01306	0.03797	0.46869	0.37907	0.01425	0.00615	0.00187	0.00272	0.01250	0.00463	0.00412
99	0.11073	0.00735	0.00784	0.00769	0.00944	0.00781	0.00573	0.05912	0.21507	0.01726	0.02605	0.33436	0.15056	0.01089	0.00547	0.00179	0.00338	0.00935	0.00458	0.00552
100	0.15922	0.00739	0.00829	0.00702	0.00963	0.00701	0.00551	0.03881	0.01192	0.31185	0.04037	0.02630	0.23384	0.10249	0.00730	0.00196	0.00376	0.00650	0.00479	0.00603
101	0.67078	0.00859	0.00709	0.00670	0.00922	0.00976	0.00529	0.01332	0.02362	0.02038	0.01136	0.17307	0.01117	0.00689	0.00379	0.00164	0.00366	0.00508	0.00344	0.00517
102	0.00986	0.00614	0.00712	0.00654	0.00809	0.00601	0.00491	0.09916	0.01305	0.07296	0.24721	0.10910	0.10005	0.06898	0.00660	0.00175	0.00309	0.00766	0.21655	0.00515
103	0.70737	0.00942	0.00777	0.00712	0.01002	0.01085	0.00586	0.01544	0.08379	0.02160	0.00985	0.01311	0.00828	0.00559	0.00359	0.00162	0.00393	0.06584	0.00340	0.00557
104	0.21882	0.00786	0.00809	0.00718	0.00928	0.00836	0.00553	0.11281	0.07686	0.03181	0.26480	0.02533	0.09176	0.10236	0.00725	0.00195	0.00360	0.00646	0.00444	0.00545
105	0.01286	0.00619	0.00825	0.00773	0.00965	0.00552	0.00590	0.01430	0.01176	0.33411	0.02611	0.37464	0.08719	0.01137	0.00581	0.00182	0.00353	0.06208	0.00526	0.00591
106	0.12660	0.00709	0.00753	0.00683	0.00900	0.00711	0.00531	0.03613	0.12702	0.08378	0.22122	0.03175	0.29324	0.00930	0.00528	0.00162	0.00311	0.00770	0.00484	0.00553
107	0.08111	0.00740	0.00785	0.00736	0.00917	0.00798	0.00569	0.11794	0.14019	0.01949	0.01778	0.11929	0.01611	0.05354	0.00579	0.00173	0.00355	0.07046	0.30196	0.00560
108	0.00619	0.00465	0.00575	0.00643	0.00721	0.00421	0.00451	0.00737	0.01060	0.01380	0.11877	0.50389	0.23777	0.01415	0.00620	0.00189	0.00278	0.03491	0.00472	0.00418
109	0.01077	0.01040	0.01812	0.43743	0.34467	0.01150	0.06750	0.01401	0.01066	0.01441	0.00916	0.01291	0.00722	0.00471	0.00503	0.00159	0.00647	0.00454	0.00234	0.00659
110	0.00642	0.00459	0.00579	0.00643	0.00689	0.00430	0.00428	0.00736	0.00989	0.01324	0.13586	0.50911	0.08506	0.16505	0.00979	0.00246	0.00315	0.01189	0.00445	0.00396
111	0.00633	0.00473	0.00579	0.00638	0.00717	0.00432	0.00449	0.00750	0.01052	0.01369	0.12330	0.42440	0.23582	0.07044	0.00753	0.00209	0.00296	0.05379	0.00462	0.00413
112	0.00659	0.00488	0.00625	0.00641	0.00737	0.00454	0.00465	0.00828	0.01189	0.01622	0.39362	0.27415	0.15405	0.01409	0.06169	0.00217	0.00331	0.01054	0.00490	0.00441
113	0.00815	0.00486	0.00681	0.00710	0.00767	0.00485	0.00498	0.00846	0.00864	0.06592	0.01853	0.34741	0.02023	0.06830	0.17726	0.21889	0.00565	0.00879	0.00361	0.00390
114	0.00692	0.00502	0.00697	0.00720	0.00780	0.00543	0.00519	0.00818	0.00843	0.01177	0.04771	0.19364	0.01932	0.18809	0.44839	0.00585	0.00900	0.00775	0.00327	0.00409
115	0.01629	0.00790	0.01009	0.00849	0.01133	0.00749	0.00672	0.02042	0.15691	0.44352	0.13843	0.11342	0.02055	0.00799	0.00531	0.00163	0.00374	0.00680	0.00568	0.00728
116	0.01034	0.00886	0.01034	0.00738	0.01181	0.00664	0.00591	0.01255	0.01034	0.01624	0.00886	0.01034	0.00738	0.00369	0.00369	0.00074	0.00369	0.00295	0.00295	0.85530
117	0.01462	0.01332	0.01765	0.02214	0.44530	0.07867	0.02127	0.22025	0.08130	0.02038	0.01088	0.01251	0.00855	0.00511	0.00493	0.00149	0.00592	0.00447	0.00337	0.00786
118	0.41705	0.01488	0.27379	0.00977	0.01384	0.01130	0.01029	0.01420	0.00927	0.01834	0.01060	0.01201	0.06060	0.00569	0.00537	0.00164	0.09884	0.00377	0.00276	0.00598
119	0.00725	0.00499	0.00606	0.00598	0.00652	0.00483	0.00399	0.00834	0.01024	0.01416	0.32026	0.03563	0.03000	0.44493	0.01630	0.00335	0.00381	0.05291	0.01665	0.00380
120	0.00663	0.00459	0.00561	0.00619	0.00637	0.00442	0.00385	0.00709	0.00849	0.01128	0.02230	0.43293	0.03960	0.39987	0.01538	0.00335	0.00381	0.01082	0.00386	0.00356
121	0.01021	0.00719	0.00904	0.00810	0.00970	0.00744	0.05145	0.16950	0.01242	0.01769	0.01803	0.18005	0.03012	0.15131	0.05926	0.00257	0.00471	0.04734	0.19872	0.00515
122	0.01872	0.00987	0.01224	0.00977	0.01309	0.01008	0.00799	0.19251	0.10029	0.43657	0.01697	0.02771	0.01175	0.00823	0.05042	0.00195	0.05348	0.00508	0.00532	0.00794
123	0.00756	0.00531	0.00627	0.00629	0.00770	0.00477	0.00466	0.00940	0.03455	0.06940	0.18530	0.23429	0.35974	0.01230	0.00595	0.00175	0.00280	0.03235	0.00491	0.00468
124	0.01011	0.00490	0.00702	0.00678	0.00731	0.00472	0.00467	0.00888	0.00783	0.11116	0.01228	0.09368	0.01199	0.06084	0.01668	0.61524	0.00421	0.00552	0.00297	0.00321
125	0.06195	0.01526	0.01420	0.20850	0.01925	0.29060	0.01058	0.13954	0.01310	0.01598	0.00851	0.01094	0.00685	0.00624	0.01687	0.00167	0.14713	0.00392	0.00284	0.00606
126	0.00806	0.00536	0.00652	0.00641	0.00705	0.00536	0.00432	0.06075	0.00914	0.01200	0.02027	0.11851	0.13662	0.29261	0.07159	0.21622	0.00476	0.00749	0.00335	0.00359
127	0.00721	0.00655	0.00621	0.00613	0.00765	0.07073	0.00454	0.00867	0.01201	0.01467	0.20146	0.11330	0.49959	0.01176	0.00582	0.00166	0.00306	0.00993	0.00464	0.00443
128	0.00863	0.00714	0.00943	0.06426	0.01167	0.00740	0.04914	0.02191	0.19676	0.01789	0.31749	0.15358	0.09521	0.00969	0.00569	0.00169	0.00350	0.00860	0.00478	0.00553
129	0.00839	0.00516	0.00720	0.00806	0.07139	0.00516	0.00470	0.00753	0.00721	0.00970	0.01160	0.02207	0.01247	0.34686	0.02068	0.43609	0.00467	0.00553	0.00254	0.00299
130	0.01394	0.01167	0.01447	0.01212	0.04546	0.05350	0.11755	0.37825	0.01707	0.02235	0.01886	0.14039	0.11604	0.00798	0.00542	0.00162	0.00532	0.00690	0.00430	0.00682
131	0.01059	0.01044	0.01467	0.01266	0.01274	0.01452	0.01052	0.01174	0.00766	0.01196	0.00711	0.01163	0.00703	0.01110	0.08181	0.00266	0.74912	0.00444	0.00222	0.00537
132	0.21384	0.06091	0.01306	0.00986	0.01341	0.01407	0.00813	0.39475	0.17997	0.02589	0.01225	0.01223	0.00906	0.00573	0.00445	0.00152	0.00477	0.00420	0.00439	0.00751
133	0.00652	0.00489	0.00597	0.00664	0.00734	0.00463	0.00455	0.00820	0.05328	0.01342	0.06371	0.54580	0.17060	0.07070	0.00751	0.00212	0.00300	0.01232	0.00458	0.00425
134	0.00729	0.00478	0.00541	0.00551	0.00561	0.00475	0.00319	0.00753	0.00767	0.01055	0.01675	0.09880	0.01901	0.69890	0.02223	0.00434	0.00449	0.00766	0.06233	0.00322
135	0.06827	0.07742	0.10235	0.21142	0.01684	0.00933	0.00917	0.01296	0.06556	0.01711	0.31818	0.02251	0.03515	0.00716	0.00505	0.00156	0.00448	0.00606	0.00378	0.00563
136	0.01404	0.01317	0.01815	0.13377	0.09819	0.11478	0.20506	0.10849	0.15528	0.06991	0.01226	0.01374	0.00915	0.00527	0.00516	0.00158	0.00653	0.00491	0.00348	0.00708
137	0.00646	0.00487	0.00599	0.00640	0.00739	0.00442	0.00468	0.00794	0.01139	0.01498	0.23341	0.31996	0.25115	0.02473	0.00642	0.00187	0.00282	0.07600	0.00483	0.00430
138	0.00605	0.00482	0.00542	0.00576	0.00695	0.00420	0.00413	0.00727	0.01100	0.01377	0.10453	0.29640	0.48538	0.01339	0.00604	0.00178	0.00263	0.01157	0.00470	0.00420
139	0.59713	0.01103	0.00939	0.00807	0.01108	0.06681	0.00659	0.09183	0.01080	0.08624	0.00853	0.00945	0.00642	0.00517	0.00433	0.00156	0.05294	0.00320	0.00344	0.00599
140	0.01375	0.00997	0.01099	0.00907	0.01139	0.01087	0.00695	0.43816	0.01644	0.02209	0.01378	0.04446	0.01272	0.27623	0.07804	0.00314	0.00584	0.00576	0.00414	0.00622
141	0.00624	0.00442	0.00578	0.00680	0.00707	0.00417	0.00449	0.00703	0.00931	0.01240	0.02609	0.71845	0.03118	0.10918	0.00857	0.00235	0.00314	0.02495	0.00444	0.00394
142	0.01795	0.07558	0.01505	0.01190	0.01508	0.43002	0.00938	0.27632	0.06844	0.01925	0.00993	0.01057	0.00770	0.00547	0.00461	0.00137	0.00721	0.00377	0.00352	0.00688
143	0.00836	0.00626	0.00769	0.00746	0.00865	0.00638	0.00555	0.09725	0.01245	0.02909	0.20629	0.35174	0.15250	0.01213	0.00669	0.00181	0.05964	0.01043	0.00472	0.00491
144	0.01005	0.00918	0.01458	0.01309	0.06844	0.00993	0.17576	0.01566	0.21741	0.01530	0.01407	0.01761	0.01180	0.04456	0.30750	0.00417	0.03604	0.00551	0.00326	0.00610
145	0.00686	0.00497	0.00659	0.00732	0.00816	0.00470	0.00559	0.00850	0.01125	0.01504	0.19818	0.36723	0.08767	0.01366	0.00638	0.00198	0.00325	0.23348	0.00481	0.00437
146	0.00640	0.00475	0.00597	0.00634	0.00722	0.00432	0.00450	0.00790	0.01158	0.01556	0.31520	0.38689	0.17897	0.01305	0.00610	0.00179	0.00262	0.01158	0.00495	0.00432
147	0.00742	0.00540	0.00639	0.00629	0.00769	0.00495	0.00465	0.00974	0.05534	0.05022	0.30599	0.18569	0.30832	0.01171	0.00589	0.00170	0.00269	0.01015	0.00502	0.00475
148	0.01559	0.00813	0.01014	0.00838	0.01115	0.00777	0.00667	0.15365	0.02692	0.34906	0.20820	0.10255	0.05314	0.00832	0.00539	0.00160	0.00380	0.00703	0.00556	0.00694
149	0.00606	0.00484	0.00543	0.00575	0.00695	0.00421	0.00413	0.00730	0.01107	0.01386	0.11434	0.28407	0.48785	0.01331	0.00603	0.00178	0.00262	0.01149	0.00471	0.00421
150	0.00652	0.00481	0.00577	0.00603	0.00706	0.00434	0.00433	0.00806	0.01158	0.01559	0.27483	0.29439	0.26326	0.01242	0.00590	0.00173	0.00258	0.01088	0.05558	0.00434
151	0.01020	0.00576	0.00724	0.00660	0.00833	0.00513	0.00497	0.01189	0.01258	0.19440	0.31526	0.11467	0.20455	0.06712	0.00709	0.00186	0.00305	0.00885	0.00519	0.00527
152	0.06934	0.00684	0.00783	0.00704	0.00895	0.00676	0.00543	0.12017	0.01387	0.08588	0.30735	0.12218	0.14106	0.00955	0.00537	0.00160	0.00315	0.00811	0.06407	0.00546
153	0.00712	0.00534	0.00801	0.00801	0.00890	0.00623	0.00623	0.00890	0.00801	0.01157	0.01335	0.01958	0.01246	0.03738	0.80507	0.00801	0.01335	0.00534	0.00267	0.00445
154	0.13766	0.00568	0.00656	0.00664	0.00795	0.00554	0.00486	0.00990	0.01116	0.06329	0.25124	0.35359	0.09460	0.01152	0.00560	0.00176	0.00293	0.01005	0.00474	0.00473
155	0.01121	0.00825	0.00917	0.00795	0.01030	0.00850	0.00623	0.20069	0.13317	0.05745	0.22382	0.05278	0.22240	0.00918	0.00549	0.00161	0.00351	0.00769	0.01447	0.00615
156	0.04176	0.01071	0.01154	0.00935	0.01241	0.01154	0.00755	0.47192	0.03114	0.06911	0.01696	0.08287	0.06591	0.00720	0.00489	0.00151	0.00447	0.00573	0.12625	0.00716
157	0.00697	0.00503	0.00659	0.00633	0.00743	0.00465	0.00470	0.00920	0.01373	0.01939	0.72773	0.10232	0.04586	0.01064	0.00592	0.00161	0.00240	0.00944	0.00542	0.00465
158	0.00852	0.00713	0.00979	0.00912	0.00990	0.00879	0.00717	0.01107	0.07444	0.01290	0.06661	0.01964	0.01410	0.09107	0.41969	0.00530	0.21136	0.00554	0.00298	0.00489
159	0.00704	0.00490	0.00576	0.00605	0.00641	0.00477	0.00393	0.00758	0.00852	0.01113	0.02243	0.13844	0.10809	0.53042	0.01848	0.00381	0.00429	0.10088	0.00360	0.00348
160	0.00660	0.00456	0.00563	0.00626	0.00642	0.00440	0.00390	0.00708	0.00851	0.01134	0.02216	0.46548	0.02627	0.38085	0.01494	0.00329	0.00377	0.01105	0.00390	0.00358
161	0.00866	0.00433	0.00649	0.00649	0.00649	0.00433	0.00433	0.00649	0.00649	0.00866	0.00866	0.01515	0.00866	0.01732	0.01948	0.85498	0.00433	0.00433	0.00216	0.00216
162	0.01448	0.01399	0.01623	0.03205	0.30983	0.15933	0.03207	0.11898	0.20370	0.03083	0.01226	0.01333	0.00954	0.00537	0.00492	0.00151	0.00600	0.00456	0.00351	0.00752
163	0.01172	0.01307	0.14235	0.01076	0.06838	0.05308	0.00913	0.06946	0.01167	0.03113	0.00927	0.01067	0.00736	0.00421	0.00411	0.00103	0.00489	0.00334	0.00296	0.53140
164	0.01428	0.11877	0.36008	0.01250	0.01798	0.03787	0.03391	0.27491	0.01516	0.05345	0.01017	0.01101	0.00735	0.00516	0.00467	0.00148	0.00642	0.00393	0.00328	0.00761
165	0.01415	0.01596	0.01371	0.06918	0.08223	0.36766	0.00991	0.01751	0.12211	0.01381	0.01106	0.06584	0.00981	0.00763	0.03361	0.00180	0.13030	0.00473	0.00297	0.00604
166	0.01887	0.01370	0.01484	0.02484	0.02795	0.02781	0.00952	0.69797	0.02236	0.07334	0.01224	0.01223	0.00862	0.00594	0.00498	0.00150	0.00550	0.00449	0.00493	0.00838
167	0.01419	0.01005	0.01216	0.01255	0.13124	0.04573	0.00857	0.12229	0.17451	0.17274	0.01767	0.04290	0.03783	0.06575	0.05132	0.00221	0.00531	0.06157	0.00443	0.00700
168	0.01046	0.00843	0.01158	0.10754	0.05757	0.00899	0.00836	0.01252	0.02191	0.07884	0.01460	0.11634	0.05812	0.00961	0.06308	0.00201	0.18075	0.00576	0.00326	0.22027
169	0.00725	0.00483	0.00544	0.00544	0.00544	0.00483	0.00302	0.00725	0.00725	0.00966	0.01571	0.03262	0.01812	0.82483	0.02537	0.00483	0.00483	0.00725	0.00302	0.00302
170	0.00803	0.00617	0.00754	0.00759	0.00890	0.00629	0.00575	0.01245	0.17622	0.01748	0.31406	0.23417	0.05895	0.01136	0.00596	0.00180	0.00311	0.10395	0.00504	0.00518
171	0.00687	0.00514	0.00616	0.00621	0.00756	0.00460	0.00475	0.00861	0.01224	0.02986	0.31235	0.11929	0.34819	0.01205	0.00603	0.00174	0.00276	0.09611	0.00496	0.00449
172	0.08636	0.00786	0.00939	0.00766	0.01075	0.00722	0.00620	0.07047	0.01356	0.42714	0.04804	0.02558	0.24254	0.00804	0.00513	0.00158	0.00374	0.00652	0.00536	0.00686
173	0.81249	0.00936	0.00718	0.00645	0.00943	0.01082	0.00529	0.01448	0.00859	0.02215	0.00746	0.00868	0.00581	0.00469	0.00311	0.00152	0.00377	0.00281	0.05055	0.00536
174	0.01176	0.01345	0.02941	0.02101	0.02605	0.01261	0.77563	0.01597	0.01176	0.01597	0.01008	0.01345	0.00756	0.00420	0.00588	0.00168	0.00840	0.00588	0.00252	0.00672
175	0.07289	0.00952	0.01049	0.00889	0.01132	0.01018	0.00688	0.33615	0.04574	0.08637	0.03104	0.14362	0.01570	0.15761	0.00887	0.00223	0.00460	0.02698	0.00454	0.00638
176	0.00666	0.00493	0.00632	0.00703	0.00793	0.00459	0.00532	0.00817	0.01102	0.01443	0.13783	0.36760	0.18490	0.01381	0.00633	0.00196	0.00317	0.19895	0.00474	0.00431
177	0.00866	0.00433	0.00649	0.00649	0.00649	0.00433	0.00433	0.00649	0.00649	0.00866	0.00866	0.01515	0.00866	0.01732	0.01948	0.85498	0.00433	0.00433	0.00216	0.00216
178	0.00700	0.00547	0.00635	0.00649	0.00785	0.00511	0.00499	0.00932	0.05773	0.01509	0.17969	0.09001	0.36508	0.06878	0.00741	0.00201	0.00314	0.14928	0.00470	0.00450
179	0.01311	0.00630	0.00843	0.00766	0.00962	0.00567	0.00588	0.01472	0.01229	0.33513	0.15383	0.24912	0.03773	0.05587	0.00682	0.00192	0.00357	0.06106	0.00531	0.00596
180	0.00619	0.00501	0.00549	0.00548	0.00694	0.00432	0.00407	0.00769	0.01190	0.01500	0.22950	0.09924	0.55726	0.01224	0.00592	0.00168	0.00251	0.01041	0.00484	0.00432
181	0.01073	0.00587	0.00763	0.00683	0.00858	0.00528	0.00519	0.01266	0.01324	0.21241	0.44548	0.08737	0.09262	0.05527	0.00679	0.00178	0.00301	0.00839	0.00539	0.00547
182	0.39386	0.01004	0.01033	0.00834	0.01188	0.01059	0.00688	0.16361	0.01345	0.30689	0.01254	0.01207	0.00852	0.00545	0.00415	0.00153	0.00431	0.00388	0.00457	0.00711
183	0.00712	0.00533	0.00797	0.00797	0.00884	0.00621	0.00618	0.00887	0.00800	0.01154	0.01339	0.01980	0.01255	0.05028	0.79230	0.00796	0.01321	0.00537	0.00268	0.00443
184	0.33294	0.00685	0.00690	0.00661	0.00849	0.00720	0.00504	0.01209	0.01054	0.07715	0.17983	0.21886	0.02223	0.00876	0.00467	0.00164	0.00320	0.00723	0.07470	0.00508
185	0.01297	0.00820	0.00858	0.00725	0.00949	0.00877	0.00577	0.30347	0.01540	0.02347	0.01462	0.01606	0.01114	0.00587	0.00406	0.00129	0.00353	0.00459	0.52938	0.00611
186	0.01840	0.01369	0.01465	0.01136	0.01525	0.01520	0.00934	0.71482	0.08661	0.03054	0.01266	0.01252	0.00904	0.00605	0.00499	0.00151	0.00536	0.00458	0.00499	0.00843
187	0.00725	0.00483	0.00544	0.00544	0.00544	0.00483	0.00302	0.00725	0.00725	0.00966	0.01571	0.03262	0.01812	0.82483	0.02537	0.00483	0.00483	0.00725	0.00302	0.00302
188	0.00621	0.00439	0.00574	0.00677	0.00702	0.00414	0.00444	0.00698	0.00928	0.01237	0.02611	0.73032	0.03125	0.10921	0.00856	0.00235	0.00312	0.01337	0.00444	0.00393
189	0.86003	0.00964	0.00733	0.00655	0.00964	0.01118	0.00540	0.01465	0.00848	0.02236	0.00694	0.00810	0.00540	0.00463	0.00308	0.00154	0.00386	0.00270	0.00308	0.00540
190	0.02069	0.00898	0.01171	0.00891	0.01285	0.00792	0.00734	0.08540	0.01457	0.64332	0.01778	0.01578	0.01144	0.00587	0.00486	0.00145	0.00428	0.00473	0.00570	0.10642
191	0.00647	0.00457	0.00586	0.00664	0.00699	0.00434	0.00442	0.00733	0.00948	0.01268	0.07845	0.55357	0.04204	0.18783	0.01040	0.00260	0.00334	0.04475	0.00434	0.00390
192	0.01181	0.01331	0.02865	0.02180	0.08976	0.01254	0.71254	0.01591	0.01173	0.01599	0.01003	0.01335	0.00759	0.00422	0.00580	0.00166	0.00820	0.00576	0.00252	0.00682
193	0.00741	0.00559	0.00692	0.00661	0.00799	0.00534	0.00505	0.01060	0.07756	0.01894	0.58846	0.03817	0.13677	0.01043	0.00587	0.00164	0.00264	0.05382	0.00529	0.00490
194	0.01034	0.00886	0.01034	0.00738	0.01181	0.00664	0.00591	0.01255	0.01034	0.01624	0.00886	0.01034	0.00738	0.00369	0.00369	0.00074	0.00369	0.00295	0.00295	0.85530
195	0.01155	0.00610	0.00803	0.00697	0.00898	0.00546	0.00543	0.01371	0.01399	0.25122	0.51693	0.03183	0.08121	0.00914	0.00562	0.00157	0.00293	0.00791	0.00564	0.00580
196	0.00721	0.00482	0.00545	0.00548	0.00549	0.00481	0.00307	0.00724	0.00732	0.00976	0.01607	0.05703	0.01858	0.79979	0.02478	0.00475	0.00477	0.00746	0.00307	0.00305
197	0.00831	0.00514	0.00656	0.00698	0.00809	0.00465	0.00508	0.00951	0.01070	0.11459	0.03123	0.49054	0.19019	0.01361	0.00613	0.00191	0.00313	0.07412	0.00482	0.00470
198	0.16425	0.00662	0.00760	0.00719	0.00912	0.00647	0.00546	0.02846	0.01103	0.21313	0.02184	0.33389	0.06298	0.01006	0.00515	0.00172	0.00342	0.02097	0.07510	0.00556
199	0.00919	0.00572	0.00710	0.00679	0.00835	0.00526	0.00507	0.01153	0.05545	0.13543	0.27829	0.23356	0.19634	0.01128	0.00583	0.00171	0.00290	0.00984	0.00517	0.00519
200	0.00706	0.00505	0.00690	0.00794	0.00870	0.00489	0.00623	0.00870	0.01077	0.01426	0.08015	0.40785	0.03194	0.01437	0.00657	0.00212	0.00365	0.36384	0.00467	0.00435
201	0.03951	0.00759	0.00895	0.00807	0.01033	0.00764	0.00628	0.05856	0.17410	0.21058	0.08664	0.17214	0.07428	0.00909	0.00532	0.00168	0.00358	0.04166	0.06764	0.00637
202	0.00712	0.00534	0.00801	0.00801	0.00890	0.00623	0.00623	0.00890	0.00801	0.01157	0.01335	0.01958	0.01246	0.03738	0.80507	0.00801	0.01335	0.00534	0.00267	0.00445
203	0.45222	0.00808	0.00759	0.00678	0.00915	0.00883	0.00540	0.06561	0.01183	0.02202	0.32834	0.02030	0.02266	0.00700	0.00436	0.00155	0.00335	0.00541	0.00420	0.00533
204	0.14702	0.00725	0.00810	0.00753	0.00964	0.00735	0.00575	0.01530	0.14317	0.17536	0.07685	0.24043	0.10325	0.00957	0.00521	0.00171	0.00341	0.00811	0.01908	0.00589
205	0.01344	0.00652	0.00822	0.00704	0.00943	0.00569	0.00548	0.01505	0.01268	0.36130	0.13445	0.07508	0.25625	0.05815	0.00669	0.00181	0.00342	0.00788	0.00533	0.00609
206	0.51568	0.01141	0.01045	0.00857	0.01202	0.01293	0.00707	0.32682	0.01460	0.02607	0.00900	0.00968	0.00666	0.00518	0.00386	0.00152	0.00452	0.00343	0.00386	0.00666
207	0.00790	0.00620	0.00707	0.00728	0.00840	0.00640	0.00512	0.01218	0.21422	0.01451	0.02712	0.37666	0.13624	0.13636	0.00885	0.00232	0.00341	0.01033	0.00450	0.00493
208	0.02362	0.00602	0.00726	0.00654	0.00863	0.00526	0.00505	0.01244	0.01242	0.23438	0.16697	0.11470	0.35616	0.01057	0.00565	0.00166	0.00303	0.00896	0.00519	0.00549
209	0.00749	0.00571	0.00824	0.00816	0.00918	0.00666	0.00635	0.01013	0.06211	0.01222	0.01383	0.01951	0.01265	0.03525	0.74935	0.00757	0.01270	0.00536	0.00284	0.00469
210	0.01376	0.13973	0.01656	0.01231	0.01379	0.27041	0.01013	0.01499	0.01011	0.01202	0.00698	0.00984	0.00648	0.00689	0.01053	0.00172	0.43202	0.00373	0.00230	0.00570
211	0.00769	0.10128	0.06367	0.00774	0.00903	0.00667	0.00628	0.00887	0.00950	0.01254	0.02139	0.45999	0.02461	0.08060	0.00843	0.06156	0.00394	0.09795	0.00385	0.00440
212	0.01201	0.01450	0.14197	0.14509	0.10419	0.01246	0.37298	0.10339	0.01260	0.01725	0.00986	0.01269	0.00737	0.00464	0.00536	0.00162	0.00737	0.00501	0.00269	0.00696
213	0.04269	0.01283	0.01389	0.01529	0.21029	0.13692	0.00980	0.12313	0.21617	0.08399	0.01418	0.01459	0.02314	0.00573	0.00478	0.00150	0.00535	0.00467	0.05370	0.00735

[dist]
# distance from previous block
# <min> <max>
0	15

[block]
# block no. 2 follows, 50 sequences, length 17
# corresponding to MSA columns:
# 447-463
name=unknown_C
#
# <colnr> <probs for GDERKNQSTAVLIFYWHMCP>
#	G	D	E	R	K	N	Q	S	T	A	V	L	I	F	Y	W	H	M	C	P
0	0.12012	0.03768	0.02461	0.01120	0.01451	0.16333	0.08796	0.23450	0.10035	0.03876	0.08850	0.01507	0.02973	0.00605	0.00481	0.00150	0.00570	0.00482	0.00399	0.00679
1	0.01422	0.01356	0.10163	0.12673	0.01917	0.01289	0.08422	0.33781	0.12003	0.02269	0.01183	0.01288	0.00869	0.00542	0.00493	0.00150	0.00576	0.00453	0.00386	0.08765
2	0.00696	0.00498	0.00640	0.00660	0.00724	0.00515	0.00464	0.00802	0.00859	0.01172	0.02120	0.14609	0.11384	0.27468	0.29575	0.00496	0.00719	0.02836	0.03370	0.00393
3	0.00703	0.00498	0.00595	0.00618	0.00726	0.00448	0.00442	0.00829	0.01095	0.04722	0.15176	0.28564	0.30626	0.08964	0.00787	0.00209	0.00298	0.03801	0.00467	0.00432
4	0.01117	0.28122	0.24992	0.01314	0.06425	0.01406	0.08551	0.01442	0.02337	0.01389	0.01010	0.08685	0.00925	0.00602	0.00580	0.00153	0.09581	0.00471	0.00247	0.00650
5	0.01233	0.01244	0.01830	0.21541	0.52683	0.09885	0.01433	0.01519	0.01132	0.01499	0.00907	0.01220	0.00743	0.00465	0.00490	0.00150	0.00643	0.00430	0.00242	0.00710
6	0.00718	0.00464	0.00568	0.00594	0.00663	0.00433	0.00408	0.00755	0.00941	0.01268	0.07469	0.21985	0.21564	0.08514	0.01090	0.21784	0.00324	0.00883	0.09210	0.00363
7	0.01287	0.01132	0.01856	0.05875	0.38768	0.02465	0.10866	0.01601	0.04385	0.09660	0.01066	0.01326	0.00850	0.00657	0.03575	0.00187	0.12960	0.00473	0.00292	0.00717
8	0.09307	0.01158	0.01658	0.02127	0.43257	0.01255	0.01218	0.12479	0.08680	0.01898	0.01070	0.01343	0.00882	0.00558	0.00602	0.00160	0.08966	0.02324	0.00316	0.00741
9	0.00678	0.00495	0.00638	0.00702	0.00757	0.00491	0.00482	0.00860	0.05734	0.01350	0.09791	0.53891	0.02975	0.10077	0.08363	0.00282	0.00409	0.01159	0.00439	0.00428
10	0.00703	0.00466	0.00578	0.00608	0.00630	0.00453	0.00382	0.00732	0.00860	0.01160	0.10371	0.26412	0.02470	0.41247	0.01701	0.09207	0.00393	0.00918	0.00368	0.00342
11	0.01308	0.51794	0.02235	0.01149	0.08706	0.03010	0.05610	0.08781	0.01213	0.01523	0.09408	0.01236	0.01128	0.00511	0.00402	0.00124	0.00533	0.00391	0.00284	0.00656
12	0.01312	0.01048	0.01634	0.08886	0.45027	0.01064	0.01218	0.09446	0.01321	0.10396	0.12253	0.01645	0.01394	0.00566	0.00509	0.00152	0.00524	0.00516	0.00355	0.00736
13	0.01370	0.01691	0.17417	0.01347	0.09050	0.18514	0.01118	0.09934	0.19986	0.01786	0.01170	0.01246	0.00899	0.00543	0.00504	0.00145	0.02985	0.00415	0.00335	0.09545
14	0.01352	0.30205	0.09202	0.01190	0.09942	0.01445	0.00980	0.17163	0.08780	0.04611	0.01470	0.01503	0.08972	0.00586	0.00443	0.00139	0.00515	0.00452	0.00344	0.00707
15	0.00849	0.00803	0.08346	0.00755	0.00940	0.00655	0.00623	0.05658	0.00984	0.01348	0.01836	0.02873	0.09586	0.33156	0.12748	0.00375	0.00595	0.07743	0.00331	0.09797
