[name]
unknown

[dist]
# distance from previous block
# <min> <max>
0	25

[block]
# block no. 0 follows, 41 sequences, length 13
# corresponding to MSA columns:
# 25-37
name=unknown_A
#
# <colnr> <probs for GDERKNQSTAVLIFYWHMCP>
#	G	D	E	R	K	N	Q	S	T	A	V	L	I	F	Y	W	H	M	C	P
0	0.00922	0.00658	0.00922	0.01053	0.01185	0.00658	0.00922	0.01185	0.01317	0.01712	0.03029	0.06452	0.03292	0.01580	0.00790	0.00263	0.00527	0.72480	0.00527	0.00527
1	0.00831	0.00559	0.00648	0.00648	0.00656	0.00568	0.00377	0.00847	0.00839	0.01127	0.01780	0.03621	0.02026	0.73726	0.09011	0.00584	0.00634	0.00814	0.00343	0.00360
2	0.01471	0.01174	0.01945	0.30623	0.38188	0.01246	0.01552	0.01808	0.01296	0.13322	0.01237	0.01538	0.00932	0.00563	0.00570	0.00179	0.00680	0.00519	0.00338	0.00817
3	0.01080	0.01017	0.01716	0.78523	0.03940	0.01271	0.01589	0.01461	0.01144	0.01461	0.01017	0.01525	0.00762	0.00572	0.00572	0.00191	0.00762	0.00508	0.00254	0.00635
4	0.01793	0.01540	0.01453	0.01242	0.01602	0.13284	0.00978	0.20951	0.41067	0.07043	0.01859	0.01760	0.01374	0.00720	0.00569	0.00180	0.00589	0.00566	0.00543	0.00889
5	0.00812	0.00554	0.00666	0.00710	0.00733	0.00546	0.00452	0.00864	0.00945	0.01255	0.02240	0.20864	0.02594	0.53755	0.02189	0.00450	0.00502	0.09069	0.00408	0.00393
6	0.01507	0.01268	0.01759	0.02210	0.35211	0.01350	0.01283	0.02442	0.36347	0.07814	0.01758	0.01796	0.01342	0.00651	0.00574	0.00182	0.00557	0.00579	0.00457	0.00911
7	0.00792	0.00579	0.00744	0.00713	0.00847	0.00531	0.00531	0.01043	0.01564	0.02186	0.66253	0.08743	0.10880	0.01228	0.00678	0.00184	0.00275	0.01082	0.00616	0.00531
8	0.01292	0.00995	0.01277	0.01322	0.12815	0.01018	0.00884	0.22084	0.01875	0.02601	0.43138	0.03004	0.03440	0.00930	0.00629	0.00176	0.00436	0.00805	0.00560	0.00720
9	0.00814	0.00588	0.00813	0.00821	0.00887	0.00650	0.00590	0.00949	0.00903	0.01268	0.01713	0.07384	0.01773	0.27466	0.49925	0.00765	0.01158	0.00742	0.00332	0.00457
10	0.01516	0.01290	0.01844	0.33687	0.20299	0.01455	0.01446	0.24537	0.04353	0.02266	0.01190	0.01473	0.00898	0.00601	0.00571	0.00180	0.00690	0.00516	0.00373	0.00815
11	0.01202	0.01031	0.01193	0.00868	0.01364	0.00806	0.00693	0.01545	0.06063	0.01899	0.01103	0.01248	0.00906	0.00447	0.00434	0.00092	0.00426	0.00359	0.00355	0.77966
12	0.00847	0.00673	0.00792	0.00866	0.05776	0.00645	0.00554	0.01096	0.07454	0.01578	0.10503	0.10373	0.31142	0.23686	0.01302	0.00297	0.00406	0.01025	0.00476	0.00512

[dist]
# distance from previous block
# <min> <max>
0	1

[block]
# block no. 1 follows, 41 sequences, length 28
# corresponding to MSA columns:
# 39-52,55,57-69
name=unknown_B
#
# <colnr> <probs for GDERKNQSTAVLIFYWHMCP>
#	G	D	E	R	K	N	Q	S	T	A	V	L	I	F	Y	W	H	M	C	P
0	0.01232	0.01172	0.01990	0.44575	0.36701	0.01311	0.01664	0.01594	0.01216	0.01646	0.01043	0.01476	0.00827	0.00544	0.00569	0.00181	0.00725	0.00509	0.00267	0.00758
1	0.02153	0.02247	0.01662	0.01406	0.01771	0.45289	0.01098	0.33025	0.02076	0.02339	0.01093	0.01177	0.00837	0.00631	0.00540	0.00158	0.00860	0.00431	0.00413	0.00795
2	0.02138	0.02686	0.01624	0.01468	0.01768	0.74864	0.01105	0.04889	0.01660	0.01480	0.00902	0.01044	0.00745	0.00593	0.00518	0.00148	0.01017	0.00374	0.00305	0.00674
3	0.00861	0.00628	0.00804	0.00784	0.00816	0.00699	0.00532	0.00933	0.00862	0.01198	0.01636	0.03086	0.01774	0.50400	0.25787	0.00642	0.07075	0.00738	0.00327	0.00419
4	0.00878	0.00589	0.00762	0.00742	0.00878	0.00537	0.00547	0.01099	0.01485	0.06395	0.50899	0.19986	0.10444	0.01295	0.00681	0.00192	0.00297	0.01145	0.00606	0.00545
5	0.00938	0.00745	0.00857	0.00866	0.01016	0.00775	0.00625	0.01523	0.23962	0.01831	0.11469	0.34266	0.11496	0.05918	0.00799	0.00229	0.00370	0.01163	0.00547	0.00604
6	0.00697	0.00498	0.00664	0.00796	0.00830	0.00465	0.00531	0.00796	0.01095	0.01460	0.03153	0.79525	0.03783	0.01792	0.00730	0.00232	0.00332	0.01626	0.00531	0.00465
7	0.01186	0.01017	0.01186	0.00847	0.01356	0.00762	0.00678	0.01440	0.01186	0.01864	0.01017	0.01186	0.00847	0.00424	0.00424	0.00085	0.00424	0.00339	0.00339	0.83395
8	0.01349	0.43763	0.37897	0.01286	0.01944	0.01822	0.01514	0.01759	0.01184	0.01566	0.00904	0.01054	0.00730	0.00515	0.00450	0.00150	0.00722	0.00361	0.00243	0.00787
9	0.06417	0.01896	0.02092	0.01631	0.02067	0.24389	0.21012	0.29025	0.01910	0.02404	0.01136	0.01293	0.00854	0.00593	0.00571	0.00170	0.00831	0.00503	0.00400	0.00806
10	0.00817	0.00613	0.00919	0.00919	0.01021	0.00715	0.00715	0.01021	0.00919	0.01328	0.01532	0.02247	0.01430	0.04290	0.77631	0.00919	0.01532	0.00613	0.00306	0.00511
11	0.00878	0.00699	0.01048	0.10788	0.01390	0.00837	0.00830	0.01084	0.00938	0.01330	0.01440	0.02213	0.01355	0.09622	0.57249	0.00757	0.06112	0.00610	0.00300	0.00521
12	0.28315	0.01169	0.01478	0.40992	0.09199	0.04792	0.01251	0.03455	0.01163	0.01911	0.00953	0.01294	0.00732	0.00557	0.00497	0.00182	0.00659	0.00437	0.00299	0.00664
13	0.00821	0.00589	0.00792	0.00838	0.00951	0.00561	0.00655	0.01053	0.01418	0.01943	0.38554	0.20478	0.04417	0.01424	0.00722	0.00216	0.00362	0.23108	0.00578	0.00520
14	0.00775	0.00558	0.00734	0.00743	0.00847	0.00517	0.00537	0.00992	0.01458	0.02038	0.53637	0.27394	0.04901	0.01361	0.00692	0.00196	0.00289	0.01216	0.00599	0.00517
15	0.02203	0.01556	0.01688	0.01294	0.01751	0.01706	0.01069	0.69189	0.02612	0.08948	0.01438	0.01415	0.01005	0.00688	0.00572	0.00172	0.00619	0.00519	0.00582	0.00973
16	0.01654	0.01343	0.01423	0.01211	0.01575	0.01531	0.00961	0.24972	0.52988	0.02765	0.02035	0.01900	0.01508	0.00749	0.00579	0.00187	0.00507	0.00606	0.00579	0.00926
17	0.00849	0.00603	0.00870	0.00870	0.00976	0.00692	0.00675	0.01061	0.00955	0.01430	0.01574	0.02233	0.01435	0.03830	0.67822	0.00819	0.01371	0.00603	0.10818	0.00514
18	0.01450	0.39847	0.08578	0.02130	0.34057	0.01796	0.01406	0.01739	0.01227	0.01610	0.00935	0.01157	0.00808	0.00502	0.00468	0.00148	0.00660	0.00404	0.00261	0.00818
19	0.01692	0.01786	0.01462	0.01308	0.01600	0.29103	0.01011	0.04917	0.40327	0.01991	0.01648	0.01640	0.01276	0.00723	0.00661	0.00181	0.06897	0.00530	0.00451	0.00797
20	0.83938	0.01106	0.00841	0.00752	0.01106	0.01283	0.00619	0.01681	0.00973	0.02566	0.00796	0.00929	0.00619	0.00531	0.00354	0.00177	0.00442	0.00310	0.00354	0.00619
21	0.01066	0.00533	0.00533	0.00533	0.00666	0.00533	0.00400	0.01333	0.01200	0.02132	0.01866	0.02132	0.01466	0.00666	0.00400	0.00133	0.00267	0.00533	0.83073	0.00533
22	0.00696	0.00503	0.00659	0.00784	0.00826	0.00466	0.00525	0.00798	0.01107	0.01465	0.03306	0.75214	0.07995	0.01772	0.00727	0.00230	0.00329	0.01602	0.00531	0.00466
23	0.01642	0.01194	0.01437	0.01154	0.01488	0.01274	0.07258	0.40751	0.02003	0.02815	0.01701	0.11501	0.01442	0.00804	0.00559	0.00172	0.00532	0.00675	0.20816	0.00783
24	0.00694	0.00509	0.00652	0.00766	0.00822	0.00467	0.00517	0.00800	0.01125	0.01472	0.03525	0.69092	0.13976	0.01744	0.00722	0.00227	0.00326	0.01567	0.00531	0.00467
25	0.01430	0.01492	0.02354	0.01811	0.02239	0.07018	0.36607	0.02307	0.29939	0.01993	0.01568	0.01718	0.01192	0.00632	0.00692	0.00193	0.04973	0.00632	0.00401	0.00807
26	0.00954	0.00796	0.01109	0.01032	0.01080	0.00998	0.00797	0.01088	0.00886	0.01294	0.01353	0.02277	0.01367	0.20262	0.37573	0.00632	0.25069	0.00628	0.00298	0.00509
27	0.06744	0.01778	0.03784	0.20305	0.02213	0.28230	0.01200	0.15181	0.01566	0.01907	0.01118	0.05465	0.00944	0.00693	0.00642	0.00177	0.06498	0.00505	0.00347	0.00703

[dist]
# distance from previous block
# <min> <max>
0	6

[block]
# block no. 2 follows, 41 sequences, length 12
# corresponding to MSA columns:
# 76-87
name=unknown_C
#
# <colnr> <probs for GDERKNQSTAVLIFYWHMCP>
#	G	D	E	R	K	N	Q	S	T	A	V	L	I	F	Y	W	H	M	C	P
0	0.45352	0.00879	0.00790	0.00732	0.01008	0.00955	0.00585	0.01376	0.01087	0.04639	0.02431	0.02500	0.23207	0.01309	0.10713	0.00280	0.00543	0.00626	0.00412	0.00577
1	0.01319	0.21539	0.06956	0.26572	0.12287	0.04835	0.01407	0.01606	0.01145	0.01490	0.00915	0.01264	0.00769	0.00620	0.00752	0.00179	0.14936	0.00444	0.00256	0.00709
2	0.01345	0.01069	0.01180	0.01067	0.01342	0.01187	0.00828	0.09782	0.44849	0.04295	0.13117	0.11052	0.02461	0.00958	0.00617	0.00195	0.00434	0.02836	0.00584	0.00801
3	0.01127	0.00981	0.01295	0.01137	0.01189	0.01243	0.00893	0.05874	0.01082	0.01571	0.11082	0.02339	0.01750	0.21295	0.05081	0.00342	0.40150	0.00662	0.00348	0.00560
4	0.00819	0.00604	0.00874	0.00874	0.00961	0.00691	0.00659	0.00993	0.00906	0.01294	0.01573	0.02475	0.01529	0.15810	0.66246	0.00864	0.01383	0.00646	0.00313	0.00486
5	0.01422	0.00731	0.00987	0.00891	0.01128	0.00666	0.00722	0.01674	0.01561	0.27098	0.35739	0.03959	0.03614	0.01102	0.00666	0.00197	0.00397	0.16131	0.00634	0.00682
6	0.02065	0.01537	0.01658	0.01264	0.01728	0.01662	0.01042	0.66345	0.02523	0.03412	0.01334	0.01353	0.00959	0.00658	0.00556	0.00162	0.00607	0.00495	0.00546	0.10095
7	0.00994	0.00497	0.00745	0.00745	0.00745	0.00497	0.00497	0.00745	0.00745	0.00994	0.00994	0.01739	0.00994	0.01987	0.02235	0.83358	0.00497	0.00497	0.00248	0.00248
8	0.02486	0.01102	0.01407	0.01079	0.01524	0.01031	0.00891	0.17409	0.01852	0.61801	0.02076	0.01830	0.01325	0.00704	0.00575	0.00176	0.00516	0.00563	0.00680	0.00973
9	0.01437	0.01108	0.01273	0.00952	0.01429	0.00964	0.00765	0.10530	0.09604	0.07838	0.01299	0.01372	0.01005	0.00516	0.00471	0.00114	0.00456	0.00412	0.00422	0.58034
10	0.01187	0.01500	0.15843	0.01389	0.01730	0.06870	0.12584	0.01676	0.10951	0.01628	0.01385	0.01889	0.01198	0.09685	0.19782	0.00408	0.08713	0.00584	0.00326	0.00673
11	0.29035	0.01085	0.01223	0.01200	0.10493	0.01102	0.00843	0.09874	0.01419	0.20036	0.01919	0.01904	0.10915	0.00703	0.00504	0.00172	0.00481	0.00541	0.00476	0.06075

[dist]
# distance from previous block
# <min> <max>
0	4

[block]
# block no. 3 follows, 41 sequences, length 42
# corresponding to MSA columns:
# 92-133
name=unknown_D
#
# <colnr> <probs for GDERKNQSTAVLIFYWHMCP>
#	G	D	E	R	K	N	Q	S	T	A	V	L	I	F	Y	W	H	M	C	P
0	0.46827	0.01326	0.01094	0.00919	0.01305	0.11773	0.00739	0.05162	0.01240	0.08996	0.01005	0.01101	0.00764	0.00543	0.00419	0.00156	0.00533	0.00356	0.00385	0.15357
1	0.00874	0.00646	0.00761	0.00766	0.00883	0.00630	0.00540	0.07890	0.01286	0.01690	0.09805	0.30989	0.19553	0.15542	0.05208	0.00307	0.00449	0.01177	0.00499	0.00506
2	0.01365	0.01621	0.15572	0.02383	0.29972	0.01324	0.17135	0.01760	0.01260	0.05017	0.01100	0.01391	0.00868	0.00553	0.00688	0.00176	0.07702	0.00514	0.00298	0.09302
3	0.01491	0.46572	0.28271	0.01206	0.01814	0.01814	0.01357	0.01843	0.01220	0.08253	0.01006	0.01109	0.00792	0.00528	0.00446	0.00147	0.00681	0.00370	0.00285	0.00794
4	0.01690	0.02199	0.14856	0.01384	0.01787	0.35177	0.01208	0.02487	0.29493	0.01849	0.01457	0.01481	0.01117	0.00652	0.00546	0.00171	0.00779	0.00484	0.00394	0.00787
5	0.01208	0.02340	0.49891	0.05692	0.02263	0.01439	0.01800	0.03618	0.04853	0.01767	0.01036	0.01285	0.00790	0.00666	0.00855	0.00198	0.18782	0.00459	0.00270	0.00790
6	0.00688	0.00580	0.00596	0.00592	0.00780	0.00488	0.00444	0.00844	0.01332	0.01612	0.12054	0.05395	0.69797	0.01424	0.00676	0.00192	0.00288	0.01192	0.00540	0.00488
7	0.76153	0.01093	0.00887	0.00778	0.01140	0.01241	0.00641	0.01787	0.01037	0.09662	0.00936	0.01027	0.00696	0.00548	0.00375	0.00177	0.00447	0.00335	0.00388	0.00653
8	0.00680	0.00565	0.00595	0.00619	0.00783	0.00480	0.00452	0.00816	0.01266	0.01530	0.05317	0.18894	0.63017	0.01511	0.00686	0.00200	0.00297	0.01283	0.00531	0.00480
9	0.02137	0.02726	0.01621	0.01474	0.01768	0.77602	0.01105	0.02284	0.01621	0.01400	0.00884	0.01031	0.00737	0.00589	0.00516	0.00147	0.01031	0.00368	0.00295	0.00663
10	0.09694	0.00989	0.01271	0.00979	0.01419	0.00873	0.00806	0.02568	0.01538	0.63416	0.02015	0.01788	0.01294	0.00667	0.00542	0.00169	0.00477	0.00530	0.00643	0.08320
11	0.01344	0.01269	0.02489	0.34551	0.03256	0.01318	0.36908	0.01760	0.01288	0.08349	0.01196	0.01571	0.00872	0.00540	0.00622	0.00190	0.00836	0.00595	0.00312	0.00732
12	0.01273	0.00727	0.00937	0.00837	0.01053	0.00684	0.00643	0.01636	0.08143	0.19967	0.45476	0.10140	0.03981	0.01079	0.00648	0.00185	0.00343	0.00942	0.00635	0.00669
13	0.02566	0.00973	0.01327	0.01018	0.01460	0.00841	0.00841	0.02788	0.01637	0.76726	0.02257	0.01947	0.01416	0.00708	0.00575	0.00177	0.00487	0.00575	0.00708	0.00973
14	0.01360	0.01627	0.15471	0.07490	0.41081	0.01374	0.08148	0.03669	0.10431	0.01936	0.01232	0.01485	0.00966	0.00554	0.00574	0.00178	0.00710	0.00526	0.00318	0.00868
15	0.08947	0.01928	0.33355	0.01303	0.01870	0.01276	0.01387	0.16968	0.05146	0.12941	0.01503	0.08250	0.01184	0.00717	0.00555	0.00183	0.00649	0.00570	0.00429	0.00839
16	0.00774	0.00585	0.00713	0.00785	0.00906	0.00542	0.00607	0.00935	0.01221	0.01542	0.03965	0.21869	0.30053	0.08460	0.00921	0.00256	0.00399	0.24471	0.00513	0.00481
17	0.74880	0.09805	0.01078	0.00777	0.01146	0.01391	0.00659	0.01685	0.00994	0.02432	0.00796	0.00928	0.00632	0.00526	0.00355	0.00171	0.00461	0.00309	0.00342	0.00632
18	0.00697	0.00498	0.00664	0.00796	0.00830	0.00465	0.00531	0.00796	0.01095	0.01460	0.03153	0.79525	0.03783	0.01792	0.00730	0.00232	0.00332	0.01626	0.00531	0.00465
19	0.01408	0.01341	0.01940	0.12712	0.34870	0.04954	0.01465	0.06608	0.04967	0.01824	0.01082	0.01423	0.00901	0.00668	0.00875	0.00191	0.19311	0.00509	0.02164	0.00788
20	0.01159	0.05285	0.74709	0.01611	0.02445	0.01357	0.02079	0.01808	0.01206	0.01797	0.01020	0.01199	0.00725	0.00542	0.00538	0.00179	0.00838	0.00419	0.00242	0.00842
21	0.49264	0.01750	0.01175	0.01052	0.01387	0.30751	0.00825	0.04681	0.01289	0.02156	0.00852	0.00986	0.00678	0.00559	0.00425	0.00165	0.00677	0.00340	0.00339	0.00650
22	0.01538	0.56170	0.02486	0.01015	0.01455	0.01974	0.00947	0.11021	0.08033	0.01810	0.07617	0.01379	0.01265	0.00600	0.00439	0.00140	0.00570	0.00427	0.00350	0.00763
23	0.01460	0.00966	0.01039	0.00949	0.01178	0.07518	0.00721	0.08142	0.05149	0.19584	0.07342	0.23394	0.09010	0.06539	0.00797	0.00221	0.00479	0.04290	0.00552	0.00671
24	0.00810	0.00585	0.00765	0.00720	0.00855	0.00540	0.00540	0.01079	0.01619	0.02294	0.76028	0.04273	0.05397	0.01169	0.00675	0.00180	0.00270	0.01034	0.00630	0.00540
25	0.01330	0.01152	0.01743	0.02347	0.39815	0.01184	0.01363	0.08079	0.08052	0.02020	0.01819	0.03035	0.01726	0.00880	0.00637	0.00201	0.00607	0.22804	0.00411	0.00794
26	0.00987	0.00549	0.00605	0.00591	0.00725	0.00535	0.00443	0.01254	0.01329	0.02182	0.24826	0.02795	0.02683	0.00822	0.00485	0.00148	0.00268	0.00688	0.57549	0.00535
27	0.02289	0.01240	0.01470	0.01147	0.01582	0.01259	0.00941	0.29849	0.10400	0.40690	0.01931	0.01752	0.01286	0.00708	0.00575	0.00177	0.00537	0.00561	0.00642	0.00965
28	0.00771	0.00552	0.00744	0.00845	0.00920	0.00525	0.00627	0.00941	0.01242	0.01669	0.16050	0.48507	0.03951	0.01630	0.00735	0.00231	0.00368	0.18654	0.00547	0.00493
29	0.00704	0.00581	0.00618	0.00608	0.00790	0.00495	0.00456	0.00874	0.01369	0.01700	0.20349	0.05249	0.61446	0.01391	0.00676	0.00190	0.00286	0.01171	0.00552	0.00495
30	0.01595	0.00982	0.01485	0.01190	0.01543	0.00915	0.13795	0.08278	0.01577	0.26549	0.09769	0.03274	0.15109	0.00957	0.00649	0.00194	0.00534	0.10296	0.00559	0.00750
31	0.01582	0.55461	0.13306	0.01159	0.01665	0.15494	0.01163	0.01828	0.01250	0.01422	0.00844	0.00979	0.00733	0.00515	0.00419	0.00135	0.00720	0.00334	0.00253	0.00737
32	0.01435	0.00723	0.00965	0.00826	0.01070	0.00647	0.00647	0.01687	0.01626	0.28787	0.49770	0.03445	0.03980	0.01005	0.00639	0.00179	0.00347	0.00871	0.00658	0.00694
33	0.01194	0.00985	0.01380	0.25202	0.08745	0.01059	0.01087	0.14220	0.01432	0.01933	0.02935	0.24701	0.01830	0.00960	0.00609	0.00189	0.00560	0.01983	0.00414	0.08584
34	0.01659	0.01541	0.01355	0.01125	0.01474	0.19401	0.00874	0.24267	0.08399	0.02242	0.01741	0.01934	0.08250	0.07757	0.00752	0.00189	0.00634	0.00555	0.00442	0.15411
35	0.00717	0.00513	0.00682	0.00783	0.00834	0.00478	0.00533	0.00847	0.01188	0.01608	0.16051	0.66206	0.04069	0.01682	0.00720	0.00223	0.00321	0.01521	0.00548	0.00478
36	0.01236	0.01175	0.01997	0.43754	0.37493	0.01312	0.01666	0.01598	0.01217	0.01650	0.01044	0.01474	0.00829	0.00543	0.00569	0.00181	0.00724	0.00509	0.00268	0.00761
37	0.01840	0.01534	0.01678	0.21084	0.02308	0.08876	0.01205	0.43990	0.07129	0.02763	0.01300	0.01431	0.00949	0.00654	0.00567	0.00176	0.00690	0.00508	0.00465	0.00852
38	0.00807	0.00591	0.00762	0.00736	0.00876	0.00545	0.00564	0.01066	0.01564	0.02176	0.63327	0.04574	0.11541	0.01230	0.00685	0.00188	0.00294	0.07328	0.00612	0.00533
39	0.01384	0.01845	0.24801	0.01343	0.01712	0.08192	0.01308	0.14420	0.01358	0.01858	0.01153	0.01702	0.01027	0.15410	0.01303	0.00262	0.19359	0.00529	0.00326	0.00707
40	0.00775	0.00575	0.00722	0.00702	0.00838	0.00522	0.00520	0.01006	0.01513	0.02081	0.56597	0.11691	0.17784	0.01278	0.00680	0.00187	0.00279	0.01122	0.00603	0.00522
41	0.01645	0.01339	0.01418	0.01209	0.01572	0.01526	0.00959	0.24116	0.53859	0.02751	0.02046	0.01909	0.01518	0.00750	0.00579	0.00187	0.00505	0.00608	0.00579	0.00925

[dist]
# distance from previous block
# <min> <max>
0	1

[block]
# block no. 4 follows, 41 sequences, length 78
# corresponding to MSA columns:
# 135-212
name=unknown_E
#
# <colnr> <probs for GDERKNQSTAVLIFYWHMCP>
#	G	D	E	R	K	N	Q	S	T	A	V	L	I	F	Y	W	H	M	C	P
0	0.02923	0.00708	0.00882	0.00812	0.00994	0.00680	0.00614	0.06447	0.03195	0.08068	0.47631	0.16395	0.04207	0.01164	0.00654	0.00186	0.00334	0.01021	0.00601	0.02485
1	0.02136	0.01583	0.01695	0.01308	0.01759	0.01756	0.01078	0.70820	0.06353	0.03544	0.01421	0.01412	0.01012	0.00691	0.00573	0.00173	0.00620	0.00522	0.00573	0.00969
2	0.01743	0.08999	0.25989	0.01451	0.04931	0.01333	0.06550	0.14181	0.01577	0.22207	0.01490	0.04551	0.01092	0.00651	0.00558	0.00175	0.00673	0.00538	0.00439	0.00873
3	0.01371	0.01620	0.14843	0.03026	0.58540	0.01358	0.01755	0.01856	0.06550	0.01896	0.01157	0.01432	0.00935	0.00534	0.00564	0.00173	0.00691	0.00505	0.00297	0.00896
4	0.01529	0.80242	0.02997	0.00979	0.01468	0.02263	0.00979	0.01713	0.01162	0.01346	0.00795	0.00918	0.00734	0.00489	0.00367	0.00122	0.00612	0.00306	0.00245	0.00734
5	0.00964	0.00516	0.00775	0.00775	0.00792	0.00534	0.00534	0.00792	0.00775	0.01050	0.01084	0.01825	0.01067	0.02376	0.14962	0.69442	0.00672	0.00516	0.00258	0.00293
6	0.01204	0.07186	0.60245	0.01724	0.02504	0.01402	0.14225	0.01809	0.01229	0.01788	0.01035	0.01247	0.00749	0.00530	0.00555	0.00180	0.00852	0.00459	0.00250	0.00826
7	0.00804	0.00617	0.00757	0.00815	0.00974	0.00571	0.00673	0.01016	0.01339	0.01692	0.10915	0.05837	0.35437	0.01485	0.00729	0.00225	0.00399	0.34670	0.00538	0.00509
8	0.01062	0.00671	0.00792	0.00773	0.00969	0.00610	0.00580	0.01315	0.06563	0.14277	0.04098	0.26184	0.34960	0.01379	0.00672	0.00204	0.00354	0.03382	0.00564	0.00592
9	0.01217	0.02475	0.51787	0.01897	0.02651	0.01369	0.26775	0.01819	0.01256	0.01819	0.01071	0.01322	0.00774	0.00522	0.00588	0.00185	0.00886	0.00509	0.00258	0.00820
10	0.00764	0.00526	0.00633	0.00704	0.00793	0.00486	0.00491	0.00914	0.01194	0.01655	0.09145	0.46325	0.17439	0.01487	0.00660	0.00204	0.00308	0.01315	0.14472	0.00486
11	0.02174	0.01602	0.01717	0.01316	0.01774	0.01774	0.01087	0.74423	0.02689	0.03605	0.01373	0.01373	0.00973	0.00687	0.00572	0.00172	0.00629	0.00515	0.00572	0.00973
12	0.06783	0.01315	0.01414	0.01168	0.01540	0.01454	0.00936	0.36936	0.23997	0.08186	0.01848	0.08757	0.01470	0.00806	0.00577	0.00185	0.00528	0.00648	0.00568	0.00885
13	0.01590	0.15491	0.34928	0.01397	0.02021	0.03681	0.01514	0.26147	0.03994	0.02340	0.01140	0.01238	0.00841	0.00591	0.00524	0.00168	0.00726	0.00439	0.00365	0.00866
14	0.01218	0.01167	0.01978	0.45426	0.28143	0.01330	0.04503	0.01607	0.02827	0.01630	0.01060	0.01491	0.00836	0.00569	0.00627	0.00186	0.03873	0.00518	0.00272	0.00738
15	0.00678	0.00572	0.00587	0.00599	0.00778	0.00481	0.00443	0.00819	0.01285	0.01537	0.05553	0.12270	0.69488	0.01480	0.00681	0.00197	0.00294	0.01245	0.00531	0.00481
16	0.01730	0.01540	0.02630	0.01917	0.02442	0.01548	0.42131	0.30440	0.01890	0.05927	0.01292	0.01494	0.00934	0.00573	0.00630	0.00184	0.00811	0.00608	0.00420	0.00860
17	0.22708	0.04548	0.01440	0.04180	0.01587	0.06255	0.00934	0.33845	0.01828	0.08021	0.01236	0.01348	0.00924	0.00959	0.07549	0.00239	0.00684	0.00458	0.00459	0.00799
18	0.01501	0.14507	0.01521	0.01006	0.01369	0.01403	0.00839	0.30595	0.10036	0.02428	0.02802	0.02708	0.25148	0.00908	0.00572	0.00173	0.00498	0.00717	0.00505	0.00768
19	0.00812	0.00591	0.00776	0.00827	0.00931	0.00568	0.00621	0.01070	0.04293	0.01876	0.32185	0.33043	0.04256	0.01464	0.00713	0.00216	0.00348	0.14315	0.00572	0.00523
20	0.00697	0.00498	0.00664	0.00796	0.00830	0.00465	0.00531	0.00796	0.01095	0.01460	0.03153	0.79525	0.03783	0.01792	0.00730	0.00232	0.00332	0.01626	0.00531	0.00465
21	0.01370	0.48026	0.33819	0.01250	0.01888	0.01874	0.01452	0.01754	0.01181	0.01540	0.00892	0.01038	0.00730	0.00512	0.00441	0.00147	0.00709	0.00355	0.00243	0.00780
22	0.01350	0.01543	0.03375	0.02411	0.02989	0.01446	0.74253	0.01832	0.01350	0.01832	0.01157	0.01543	0.00868	0.00482	0.00675	0.00193	0.00964	0.00675	0.00289	0.00771
23	0.01278	0.01093	0.01161	0.01054	0.01345	0.01231	0.00816	0.02598	0.59811	0.02283	0.09474	0.02728	0.10873	0.00892	0.00602	0.00193	0.00417	0.00748	0.00580	0.00822
24	0.01302	0.01153	0.01783	0.57175	0.11599	0.01365	0.01522	0.13810	0.01422	0.01868	0.01083	0.01487	0.00814	0.00584	0.00571	0.00185	0.00731	0.00510	0.00311	0.00722
25	0.00686	0.00580	0.00594	0.00590	0.00779	0.00487	0.00443	0.00841	0.01328	0.01603	0.11230	0.05409	0.70626	0.01427	0.00676	0.00192	0.00288	0.01194	0.00539	0.00487
26	0.00806	0.00585	0.00760	0.00716	0.00852	0.00538	0.00537	0.01073	0.01611	0.02275	0.74231	0.04304	0.07207	0.01177	0.00675	0.00180	0.00270	0.01039	0.00627	0.00538
27	0.15746	0.01847	0.01363	0.01220	0.01544	0.34791	0.00940	0.02461	0.25177	0.07274	0.01431	0.01433	0.01089	0.00648	0.00514	0.00169	0.00707	0.00463	0.00426	0.00756
28	0.01657	0.01341	0.01835	0.15005	0.26015	0.01450	0.01343	0.32149	0.01886	0.04021	0.06545	0.01630	0.01239	0.00645	0.00578	0.00175	0.00640	0.00550	0.00432	0.00864
29	0.27959	0.01252	0.01195	0.01057	0.01344	0.07411	0.00844	0.10678	0.18948	0.02263	0.01359	0.01524	0.01086	0.01281	0.13600	0.00309	0.06276	0.00484	0.00415	0.00716
30	0.01350	0.01543	0.03375	0.02411	0.02989	0.01446	0.74253	0.01832	0.01350	0.01832	0.01157	0.01543	0.00868	0.00482	0.00675	0.00193	0.00964	0.00675	0.00289	0.00771
31	0.01360	0.01444	0.01181	0.01157	0.06598	0.25441	0.00817	0.07111	0.01502	0.01710	0.03103	0.03063	0.33851	0.00953	0.00586	0.00165	0.00594	0.00755	0.00423	0.08187
32	0.00692	0.00517	0.00643	0.00744	0.00816	0.00469	0.00508	0.00802	0.01145	0.01481	0.03786	0.61765	0.21134	0.01710	0.00717	0.00223	0.00322	0.01526	0.00531	0.00469
33	0.00727	0.00576	0.00654	0.00647	0.00807	0.00503	0.00481	0.00915	0.01406	0.01818	0.31746	0.10302	0.44650	0.01369	0.00679	0.00191	0.00285	0.01173	0.00568	0.00503
34	0.00773	0.00583	0.00714	0.00681	0.00832	0.00524	0.00511	0.01008	0.01532	0.02088	0.56720	0.04611	0.24834	0.01246	0.00675	0.00184	0.00275	0.01082	0.00603	0.00524
35	0.00994	0.00497	0.00745	0.00745	0.00745	0.00497	0.00497	0.00745	0.00745	0.00994	0.00994	0.01739	0.00994	0.01987	0.02235	0.83358	0.00497	0.00497	0.00248	0.00248
36	0.00690	0.00558	0.00614	0.00646	0.00793	0.00482	0.00467	0.00832	0.01270	0.01573	0.09810	0.24935	0.52290	0.01520	0.00690	0.00203	0.00299	0.01306	0.00538	0.00482
37	0.02137	0.02726	0.01621	0.01474	0.01768	0.77602	0.01105	0.02284	0.01621	0.01400	0.00884	0.01031	0.00737	0.00589	0.00516	0.00147	0.01031	0.00368	0.00295	0.00663
38	0.01452	0.26696	0.02539	0.02698	0.52285	0.01649	0.01506	0.01742	0.01257	0.01701	0.00986	0.01256	0.00851	0.00503	0.00502	0.00155	0.00658	0.00444	0.00271	0.00851
39	0.02174	0.01602	0.01717	0.01316	0.01774	0.01774	0.01087	0.74423	0.02689	0.03605	0.01373	0.01373	0.00973	0.00687	0.00572	0.00172	0.00629	0.00515	0.00572	0.00973
40	0.00774	0.00611	0.00716	0.00768	0.00937	0.00553	0.00629	0.00966	0.01309	0.01612	0.04692	0.05882	0.47070	0.01501	0.00721	0.00221	0.00384	0.29624	0.00529	0.00500
41	0.01848	0.01543	0.02407	0.01773	0.02279	0.03215	0.33175	0.34428	0.01982	0.09462	0.01348	0.01493	0.00962	0.00597	0.00616	0.00181	0.00772	0.00587	0.00454	0.00878
42	0.00767	0.00583	0.00705	0.00675	0.00828	0.00521	0.00506	0.00996	0.01518	0.02053	0.53470	0.04668	0.28106	0.01259	0.00675	0.00184	0.00276	0.01090	0.00598	0.00521
43	0.01943	0.01260	0.01711	0.02032	0.31288	0.08042	0.01208	0.02209	0.01501	0.34709	0.06908	0.01817	0.01434	0.00651	0.00573	0.00172	0.00598	0.00563	0.00495	0.00887
44	0.01007	0.00599	0.00754	0.00777	0.00921	0.00533	0.00558	0.01139	0.01241	0.14187	0.03692	0.47081	0.22287	0.01519	0.00690	0.00213	0.00347	0.01339	0.00561	0.00555
45	0.01305	0.01161	0.01534	0.17135	0.16244	0.01312	0.01177	0.02325	0.40532	0.02098	0.07529	0.02040	0.01670	0.00714	0.00584	0.00188	0.00544	0.00623	0.00463	0.00823
46	0.00767	0.00583	0.00705	0.00675	0.00828	0.00521	0.00506	0.00996	0.01518	0.02053	0.53470	0.04668	0.28106	0.01259	0.00675	0.00184	0.00276	0.01090	0.00598	0.00521
47	0.01493	0.54905	0.02780	0.01792	0.25513	0.01973	0.01228	0.01726	0.01207	0.01514	0.00885	0.01078	0.00789	0.00496	0.00431	0.00138	0.00633	0.00371	0.00257	0.00789
48	0.01257	0.01198	0.01349	0.35005	0.02354	0.13961	0.01072	0.06588	0.01234	0.01490	0.01272	0.02143	0.01196	0.26062	0.01314	0.00299	0.00732	0.00589	0.00313	0.00571
49	0.00885	0.00696	0.00820	0.00869	0.00994	0.00715	0.00619	0.01384	0.20266	0.01727	0.04789	0.50973	0.10069	0.01484	0.00686	0.00218	0.00358	0.01321	0.00546	0.00582
50	0.01257	0.01229	0.06910	0.10010	0.26574	0.01140	0.01236	0.13702	0.01514	0.02014	0.02575	0.02738	0.23552	0.00853	0.00604	0.00182	0.00571	0.02185	0.00405	0.00749
51	0.01186	0.01017	0.01186	0.00847	0.01356	0.00762	0.00678	0.01440	0.01186	0.01864	0.01017	0.01186	0.00847	0.00424	0.00424	0.00085	0.00424	0.00339	0.00339	0.83395
52	0.01574	0.01302	0.01420	0.01201	0.01470	0.07447	0.00966	0.12808	0.20027	0.09832	0.01955	0.01992	0.09078	0.00849	0.00903	0.00193	0.20360	0.00602	0.00467	0.05555
53	0.00803	0.00585	0.00736	0.00804	0.00891	0.00564	0.00589	0.00994	0.03602	0.01584	0.10872	0.31924	0.11500	0.14793	0.01095	0.00282	0.00405	0.16985	0.00511	0.00483
54	0.01698	0.07286	0.01543	0.01156	0.01561	0.24523	0.00920	0.16374	0.06342	0.02084	0.04095	0.01340	0.01068	0.00583	0.00497	0.00135	0.00659	0.00428	0.00392	0.27313
55	0.00822	0.00593	0.00820	0.00820	0.00888	0.00661	0.00592	0.00958	0.00890	0.01255	0.01622	0.02748	0.01647	0.29583	0.52635	0.00797	0.01205	0.00686	0.00320	0.00456
56	0.83938	0.01106	0.00841	0.00752	0.01106	0.01283	0.00619	0.01681	0.00973	0.02566	0.00796	0.00929	0.00619	0.00531	0.00354	0.00177	0.00442	0.00310	0.00354	0.00619
57	0.01080	0.01017	0.01716	0.78523	0.03940	0.01271	0.01589	0.01461	0.01144	0.01461	0.01017	0.01525	0.00762	0.00572	0.00572	0.00191	0.00762	0.00508	0.00254	0.00635
58	0.00694	0.00544	0.00630	0.00697	0.00813	0.00480	0.00496	0.00821	0.01206	0.01511	0.04459	0.40417	0.39642	0.01615	0.00705	0.00214	0.00317	0.03733	0.00531	0.00476
59	0.01289	0.36542	0.31821	0.01329	0.01923	0.01669	0.07054	0.01677	0.01188	0.01577	0.01129	0.08265	0.01019	0.00629	0.00493	0.00161	0.00705	0.00501	0.00273	0.00756
60	0.01748	0.02079	0.01678	0.01486	0.01651	0.44313	0.01169	0.01886	0.01294	0.01390	0.00826	0.01128	0.00743	0.00770	0.01113	0.00193	0.35184	0.00426	0.00275	0.00647
61	0.01726	0.46078	0.02380	0.01208	0.02912	0.27876	0.01030	0.02014	0.07245	0.01457	0.00953	0.01063	0.00819	0.00547	0.00438	0.00137	0.00743	0.00358	0.00289	0.00727
62	0.01423	0.01229	0.01293	0.01164	0.01487	0.01423	0.00905	0.03039	0.75297	0.02393	0.02328	0.02134	0.01746	0.00776	0.00582	0.00194	0.00453	0.00647	0.00582	0.00905
63	0.01174	0.02770	0.67151	0.01734	0.02544	0.01344	0.11708	0.01814	0.01227	0.01814	0.01044	0.01252	0.00744	0.00535	0.00561	0.00183	0.00861	0.00456	0.00248	0.00836
64	0.00699	0.00515	0.00656	0.00766	0.00828	0.00472	0.00524	0.00810	0.01136	0.01480	0.03596	0.65324	0.15978	0.01729	0.00722	0.00226	0.00329	0.03210	0.00531	0.00469
65	0.01022	0.00756	0.00901	0.00802	0.00999	0.00740	0.00618	0.13425	0.01758	0.02415	0.54063	0.03947	0.14076	0.01125	0.00658	0.00180	0.00333	0.00970	0.00607	0.00605
66	0.00762	0.00583	0.00699	0.00670	0.00825	0.00520	0.00502	0.00988	0.01507	0.02028	0.51131	0.04709	0.30459	0.01268	0.00675	0.00185	0.00277	0.01096	0.00595	0.00520
67	0.02022	0.01932	0.25677	0.01303	0.01851	0.13992	0.01304	0.05267	0.01539	0.37012	0.01594	0.01532	0.01061	0.00634	0.00555	0.00173	0.00700	0.00489	0.00483	0.00880
68	0.01168	0.01017	0.01275	0.13959	0.01792	0.00848	0.00831	0.01444	0.01179	0.01796	0.01017	0.01243	0.00833	0.00449	0.00449	0.00103	0.00481	0.00367	0.00325	0.69425
69	0.01476	0.04768	0.01460	0.01521	0.13969	0.31509	0.00983	0.01638	0.01256	0.01405	0.01221	0.01870	0.01168	0.17228	0.15747	0.00380	0.00955	0.00530	0.00303	0.00614
70	0.01001	0.00839	0.01250	0.05337	0.21668	0.00848	0.00982	0.01331	0.06976	0.01760	0.10519	0.33397	0.02829	0.01216	0.00666	0.00207	0.00468	0.07602	0.00465	0.00641
71	0.07031	0.01016	0.01484	0.03825	0.23410	0.01093	0.03967	0.01654	0.13626	0.01779	0.01632	0.02027	0.04254	0.04696	0.25515	0.00433	0.00893	0.00598	0.00358	0.00708
72	0.01276	0.01070	0.01549	0.01815	0.25507	0.01032	0.03719	0.07373	0.06611	0.04245	0.01764	0.22014	0.01732	0.00869	0.00587	0.00173	0.00522	0.00789	0.00417	0.16937
73	0.29319	0.19245	0.01581	0.01075	0.06645	0.01379	0.00842	0.05936	0.01214	0.02078	0.01033	0.01369	0.00897	0.00564	0.00427	0.00146	0.00510	0.04513	0.00343	0.20884
74	0.22771	0.00832	0.00805	0.00794	0.00974	0.03859	0.00575	0.01241	0.04012	0.01767	0.02185	0.28052	0.06608	0.14432	0.00961	0.00255	0.00440	0.02594	0.00432	0.06413
75	0.01236	0.01028	0.01155	0.01179	0.05589	0.04074	0.00845	0.10901	0.25506	0.02094	0.04150	0.28102	0.03897	0.01164	0.00646	0.00206	0.00469	0.06516	0.00531	0.00712
76	0.01690	0.01924	0.01544	0.14480	0.06312	0.41655	0.01136	0.05259	0.05942	0.01617	0.01282	0.09925	0.01163	0.00726	0.00556	0.00168	0.00819	0.00562	0.00345	0.02894
77	0.34454	0.01478	0.08670	0.08338	0.08503	0.09529	0.01059	0.03472	0.02838	0.07419	0.01041	0.01201	0.00791	0.00563	0.00490	0.00169	0.02113	0.00400	0.00353	0.07120

[dist]
# distance from previous block
# <min> <max>
47	206

[block]
# block no. 5 follows, 41 sequences, length 17
# corresponding to MSA columns:
# 483-499
name=unknown_F
#
# <colnr> <probs for GDERKNQSTAVLIFYWHMCP>
#	G	D	E	R	K	N	Q	S	T	A	V	L	I	F	Y	W	H	M	C	P
0	0.01413	0.01311	0.01854	0.08556	0.11047	0.06782	0.16138	0.08770	0.13640	0.04918	0.01985	0.06444	0.09579	0.00783	0.00667	0.00189	0.04047	0.00700	0.00417	0.00761
1	0.01305	0.33325	0.07581	0.01333	0.01769	0.03042	0.18611	0.03491	0.01315	0.01696	0.11352	0.09692	0.01719	0.00725	0.00541	0.00164	0.00646	0.00645	0.00347	0.00701
2	0.01282	0.01037	0.01501	0.01519	0.11337	0.01258	0.01084	0.01464	0.01111	0.09930	0.07990	0.09815	0.01638	0.01312	0.08533	0.00287	0.37176	0.00685	0.00374	0.00667
3	0.00791	0.00574	0.00767	0.00887	0.00977	0.00549	0.00690	0.00965	0.01209	0.01576	0.03341	0.41434	0.10176	0.01670	0.00751	0.00242	0.00412	0.31969	0.00529	0.00493
4	0.01261	0.29592	0.35988	0.01395	0.02027	0.01592	0.09609	0.01690	0.01216	0.01627	0.01392	0.01532	0.07562	0.00600	0.00508	0.00163	0.00727	0.00481	0.00274	0.00765
5	0.22860	0.24045	0.10243	0.27330	0.02325	0.01566	0.01219	0.01630	0.01112	0.01756	0.00897	0.01159	0.00713	0.00534	0.00453	0.00166	0.00645	0.00389	0.00276	0.00683
6	0.00720	0.00514	0.00690	0.00823	0.00866	0.00485	0.00571	0.00837	0.01118	0.01486	0.03140	0.71962	0.03732	0.01770	0.00736	0.00236	0.00352	0.08959	0.00531	0.00471
7	0.01146	0.01065	0.01657	0.02265	0.41076	0.01094	0.01242	0.01400	0.01270	0.01755	0.08333	0.06653	0.18079	0.00894	0.00754	0.00188	0.09258	0.00765	0.00376	0.00728
8	0.01416	0.01701	0.21646	0.11437	0.41568	0.01292	0.01743	0.01834	0.01291	0.08924	0.01168	0.01424	0.00891	0.00545	0.00562	0.00176	0.00714	0.00493	0.00309	0.00865
9	0.01547	0.28232	0.10310	0.01138	0.01588	0.01637	0.01058	0.02426	0.34232	0.09665	0.01655	0.01598	0.01254	0.00646	0.00504	0.00166	0.00554	0.00499	0.00443	0.00848
10	0.00695	0.00505	0.00656	0.00777	0.00825	0.00466	0.00522	0.00799	0.01114	0.01468	0.03388	0.72932	0.10224	0.01761	0.00725	0.00229	0.00328	0.01589	0.00531	0.00466
11	0.22805	0.01115	0.01167	0.18228	0.01783	0.09163	0.02886	0.01618	0.08172	0.01854	0.01455	0.10347	0.01343	0.08932	0.00760	0.00221	0.00578	0.00619	0.06346	0.00607
12	0.01319	0.01121	0.01963	0.51358	0.11458	0.01256	0.11368	0.01692	0.01244	0.09949	0.01180	0.01562	0.00865	0.00568	0.00586	0.00187	0.00750	0.00539	0.00313	0.00721
13	0.01358	0.02740	0.57316	0.01721	0.07431	0.11689	0.01894	0.05995	0.01354	0.01861	0.01030	0.01208	0.00753	0.00555	0.00543	0.00175	0.00847	0.00427	0.00270	0.00832
14	0.01312	0.00963	0.01100	0.00938	0.01201	0.01000	0.00738	0.23036	0.09534	0.04596	0.38072	0.03240	0.09900	0.00998	0.00632	0.00180	0.00403	0.00844	0.00601	0.00712
15	0.01869	0.01255	0.01624	0.01275	0.01669	0.01316	0.07477	0.19121	0.16611	0.23140	0.01694	0.01671	0.01208	0.00700	0.00705	0.00179	0.08660	0.00554	0.00531	0.08742
16	0.01275	0.01189	0.01937	0.20594	0.42074	0.01294	0.01517	0.03576	0.01300	0.01824	0.09399	0.01744	0.01361	0.00647	0.00698	0.00183	0.07723	0.00567	0.00320	0.00778

[dist]
# distance from previous block
# <min> <max>
0	2

[block]
# block no. 6 follows, 41 sequences, length 8
# corresponding to MSA columns:
# 502-509
name=unknown_G
#
# <colnr> <probs for GDERKNQSTAVLIFYWHMCP>
#	G	D	E	R	K	N	Q	S	T	A	V	L	I	F	Y	W	H	M	C	P
0	0.01164	0.00836	0.00937	0.00846	0.01015	0.00877	0.00612	0.12293	0.12989	0.03735	0.13638	0.03318	0.06160	0.32972	0.01547	0.00335	0.00483	0.03200	0.02454	0.00590
1	0.00904	0.00661	0.00853	0.00886	0.00972	0.00699	0.00676	0.01138	0.05355	0.01509	0.06254	0.07208	0.02601	0.28339	0.11182	0.00434	0.03393	0.26012	0.00437	0.00487
2	0.01242	0.02396	0.50703	0.02291	0.28440	0.01339	0.01988	0.01792	0.01241	0.01832	0.01044	0.01281	0.00788	0.00532	0.00551	0.00177	0.00787	0.00453	0.00256	0.00867
3	0.00801	0.00564	0.00641	0.00633	0.00691	0.00540	0.00396	0.00874	0.01054	0.01397	0.15813	0.04141	0.15411	0.52268	0.02125	0.00425	0.00458	0.00933	0.00429	0.00405
4	0.01198	0.01137	0.01929	0.52152	0.29389	0.01302	0.01647	0.01565	0.01200	0.01605	0.01037	0.01487	0.00813	0.00550	0.00570	0.00183	0.00733	0.00509	0.00264	0.00731
5	0.01015	0.00641	0.00768	0.00703	0.00909	0.00560	0.00539	0.01222	0.01483	0.13154	0.33985	0.04466	0.35957	0.01223	0.00660	0.00185	0.00311	0.01042	0.00598	0.00580
6	0.00968	0.00764	0.00815	0.00736	0.00966	0.00724	0.00570	0.14077	0.01607	0.02044	0.17085	0.04551	0.50448	0.01264	0.00657	0.00187	0.00347	0.01053	0.00555	0.00581
7	0.17945	0.01328	0.01556	0.27313	0.02385	0.05302	0.03306	0.25304	0.01646	0.02409	0.01086	0.01313	0.00809	0.00591	0.00520	0.00174	0.00656	0.00459	0.00385	0.05512

[dist]
# distance from previous block
# <min> <max>
4	7

[block]
# block no. 7 follows, 41 sequences, length 13
# corresponding to MSA columns:
# 517-529
name=unknown_H
#
# <colnr> <probs for GDERKNQSTAVLIFYWHMCP>
#	G	D	E	R	K	N	Q	S	T	A	V	L	I	F	Y	W	H	M	C	P
0	0.01630	0.11485	0.31536	0.01514	0.05365	0.11058	0.01506	0.22678	0.04091	0.02240	0.01125	0.01239	0.00840	0.00590	0.00530	0.00167	0.00759	0.00440	0.00356	0.00851
1	0.03438	0.05186	0.01865	0.03321	0.15225	0.08410	0.13702	0.07983	0.13629	0.04786	0.01457	0.01797	0.01191	0.08924	0.00804	0.00212	0.00664	0.00571	0.06071	0.00763
2	0.01967	0.01335	0.01540	0.01252	0.01645	0.06528	0.05349	0.23322	0.17224	0.23803	0.01924	0.02132	0.01443	0.00772	0.00597	0.00186	0.00590	0.06933	0.00573	0.00886
3	0.01350	0.01543	0.03375	0.02411	0.02989	0.01446	0.74253	0.01832	0.01350	0.01832	0.01157	0.01543	0.00868	0.00482	0.00675	0.00193	0.00964	0.00675	0.00289	0.00771
4	0.00824	0.01273	0.23624	0.00958	0.01302	0.00733	0.00968	0.01113	0.01215	0.01601	0.03601	0.25395	0.32676	0.01274	0.00652	0.00201	0.00469	0.01091	0.00444	0.00587
5	0.01805	0.01448	0.01313	0.01087	0.01411	0.14540	0.00865	0.37982	0.02016	0.02740	0.01449	0.01562	0.01093	0.00663	0.00506	0.00155	0.00581	0.00495	0.27512	0.00775
6	0.01480	0.70300	0.12509	0.01063	0.01598	0.02143	0.01125	0.01725	0.01168	0.01406	0.00825	0.00955	0.00733	0.00496	0.00390	0.00130	0.00642	0.00321	0.00244	0.00748
7	0.00744	0.00577	0.00677	0.00663	0.00817	0.00510	0.00493	0.00948	0.01448	0.01914	0.40688	0.09507	0.36295	0.01331	0.00679	0.00189	0.00282	0.01147	0.00580	0.00510
8	0.00874	0.00683	0.00977	0.00929	0.00999	0.00772	0.03400	0.01005	0.00921	0.01296	0.01690	0.10506	0.01787	0.27596	0.35336	0.00637	0.09005	0.00777	0.00336	0.00475
9	0.01027	0.00840	0.00939	0.00889	0.01100	0.00887	0.00672	0.01812	0.32064	0.02101	0.24215	0.13038	0.15856	0.01132	0.00643	0.00195	0.00357	0.00978	0.00581	0.00672
10	0.01762	0.01707	0.01443	0.01260	0.01595	0.23359	0.00980	0.16686	0.37333	0.02335	0.01710	0.01669	0.01295	0.00701	0.00555	0.00174	0.00647	0.00537	0.03415	0.00836
11	0.06381	0.05133	0.02202	0.13644	0.51540	0.01372	0.05604	0.01702	0.01252	0.01826	0.01040	0.01377	0.00856	0.00515	0.00546	0.00170	0.00681	0.00491	0.00284	0.03383
12	0.01697	0.03949	0.21857	0.03688	0.13676	0.10163	0.01423	0.20774	0.01700	0.09669	0.01456	0.01547	0.04556	0.00640	0.00557	0.00172	0.00714	0.00507	0.00401	0.00854

[dist]
# distance from previous block
# <min> <max>
0	3

[block]
# block no. 8 follows, 41 sequences, length 27
# corresponding to MSA columns:
# 533-543,545-547,556-568
name=unknown_I
#
# <colnr> <probs for GDERKNQSTAVLIFYWHMCP>
#	G	D	E	R	K	N	Q	S	T	A	V	L	I	F	Y	W	H	M	C	P
0	0.01615	0.01999	0.28238	0.01386	0.01931	0.04641	0.01405	0.25232	0.08799	0.05570	0.01288	0.01375	0.00943	0.00645	0.00644	0.00176	0.06338	0.00477	0.00410	0.06887
1	0.08953	0.01060	0.00953	0.00884	0.01037	0.11812	0.00632	0.02779	0.11892	0.01722	0.09208	0.02661	0.01928	0.31502	0.01501	0.00322	0.03500	0.00671	0.06432	0.00553
2	0.00832	0.00602	0.00766	0.00847	0.00949	0.00581	0.00665	0.00998	0.01184	0.01523	0.03267	0.14809	0.15852	0.18260	0.01214	0.00309	0.00467	0.35912	0.00490	0.00473
3	0.01578	0.54204	0.13129	0.01186	0.01693	0.15316	0.02670	0.01829	0.01253	0.01431	0.00851	0.00991	0.00736	0.00514	0.00424	0.00136	0.00725	0.00341	0.00254	0.00738
4	0.00809	0.00576	0.00704	0.00730	0.00861	0.00509	0.00521	0.00945	0.01239	0.04436	0.13368	0.38170	0.25285	0.01509	0.00738	0.03079	0.00327	0.01284	0.00532	0.04378
5	0.01779	0.19150	0.08067	0.01330	0.01699	0.37318	0.01151	0.08901	0.01526	0.01659	0.01098	0.01524	0.00975	0.00678	0.00585	0.00162	0.04887	0.06478	0.00323	0.00710
6	0.01333	0.01411	0.02184	0.09334	0.12015	0.11895	0.28851	0.04363	0.01357	0.01727	0.01534	0.18279	0.01478	0.00800	0.00637	0.00191	0.00768	0.00794	0.00349	0.00702
7	0.00861	0.00686	0.00767	0.00675	0.00894	0.00579	0.00487	0.01012	0.01194	0.01606	0.11829	0.03818	0.30166	0.20631	0.01166	0.00254	0.00387	0.00872	0.00448	0.21668
8	0.00902	0.00709	0.00988	0.00944	0.01005	0.00855	0.00716	0.01046	0.00897	0.01302	0.01466	0.02421	0.01464	0.21356	0.45187	0.00700	0.14824	0.00643	0.02083	0.00493
9	0.01130	0.00771	0.00945	0.01026	0.06474	0.00787	0.00712	0.13259	0.01429	0.02077	0.02298	0.29620	0.02345	0.01148	0.00597	0.00190	0.00406	0.08276	0.25900	0.00608
10	0.00967	0.00618	0.00823	0.00886	0.01019	0.00581	0.00698	0.01156	0.01290	0.08843	0.08601	0.31621	0.10891	0.01528	0.00728	0.00231	0.00411	0.28010	0.00554	0.00544
11	0.01297	0.01201	0.01775	0.30874	0.13610	0.01437	0.03501	0.05612	0.16322	0.01818	0.01265	0.01574	0.00996	0.00688	0.00822	0.00199	0.15377	0.00540	0.00342	0.00750
12	0.01371	0.01170	0.01255	0.01153	0.01456	0.01344	0.00907	0.02850	0.67725	0.02323	0.02400	0.02576	0.01904	0.00858	0.00603	0.00201	0.00460	0.07999	0.00576	0.00867
13	0.01923	0.01528	0.01564	0.01584	0.14653	0.20635	0.01081	0.09061	0.01597	0.22541	0.01539	0.01860	0.01205	0.00683	0.00559	0.00165	0.00670	0.06559	0.00458	0.10137
14	0.14338	0.29905	0.18205	0.01138	0.01669	0.01662	0.01165	0.11430	0.03432	0.10513	0.01129	0.01192	0.00851	0.00566	0.00460	0.00158	0.00620	0.00399	0.00366	0.00804
15	0.03412	0.31353	0.19263	0.01294	0.01795	0.26791	0.01269	0.03477	0.01366	0.03872	0.00934	0.01063	0.00756	0.00546	0.00467	0.00148	0.00796	0.00366	0.00284	0.00746
16	0.01261	0.01222	0.02100	0.35845	0.26803	0.01339	0.11759	0.01769	0.08813	0.01740	0.01190	0.01555	0.00924	0.00560	0.00586	0.00185	0.00732	0.00546	0.00302	0.00769
17	0.01219	0.17498	0.63025	0.01508	0.02286	0.01504	0.01900	0.01793	0.01199	0.01724	0.00983	0.01153	0.00726	0.00533	0.00510	0.00170	0.00801	0.00401	0.00242	0.00824
18	0.00986	0.00641	0.00928	0.00898	0.01023	0.00711	0.00689	0.01171	0.00979	0.08537	0.01629	0.02371	0.01495	0.11685	0.62593	0.00811	0.01332	0.00632	0.00349	0.00538
19	0.00895	0.00716	0.01021	0.00978	0.01047	0.00873	0.00754	0.01056	0.00899	0.01304	0.01435	0.02294	0.01407	0.14894	0.53309	0.00748	0.14935	0.00626	0.00303	0.00507
