[name]
unknown

[dist]
# distance from previous block
# <min> <max>
6	712

[block]
# block no. 0 follows, 38 sequences, length 6
# corresponding to MSA columns:
# 924-929
name=unknown_A
#
# <colnr> <probs for GDERKNQSTAVLIFYWHMCP>
#	G	D	E	R	K	N	Q	S	T	A	V	L	I	F	Y	W	H	M	C	P
0	0.01608	0.79220	0.03152	0.01029	0.01544	0.02380	0.01029	0.01801	0.01222	0.01415	0.00836	0.00965	0.00772	0.00515	0.00386	0.00129	0.00643	0.00322	0.00257	0.00772
1	0.00784	0.00572	0.00668	0.00711	0.00784	0.00531	0.00466	0.00876	0.01147	0.01487	0.08123	0.29372	0.21532	0.28417	0.01544	0.00348	0.00415	0.01269	0.00498	0.00456
2	0.02699	0.01024	0.01396	0.01070	0.01536	0.00884	0.00884	0.02932	0.01722	0.75522	0.02373	0.02048	0.01489	0.00745	0.00605	0.00186	0.00512	0.00605	0.00745	0.01024
3	0.01938	0.01896	0.01584	0.01369	0.01736	0.25556	0.01068	0.20758	0.32751	0.02507	0.01707	0.01670	0.01290	0.00729	0.00587	0.00182	0.00718	0.00551	0.00513	0.00889
4	0.00808	0.00584	0.00806	0.00866	0.00926	0.00615	0.00612	0.00944	0.01032	0.01422	0.02381	0.35079	0.02661	0.14379	0.33310	0.00602	0.00921	0.01133	0.00429	0.00491
5	0.00836	0.00572	0.00692	0.00747	0.00768	0.00561	0.00471	0.00890	0.01001	0.01331	0.02444	0.27977	0.02853	0.48613	0.02166	0.00453	0.00506	0.06262	0.00440	0.00418

[dist]
# distance from previous block
# <min> <max>
16	29

[block]
# block no. 1 follows, 38 sequences, length 6
# corresponding to MSA columns:
# 961-966
name=unknown_B
#
# <colnr> <probs for GDERKNQSTAVLIFYWHMCP>
#	G	D	E	R	K	N	Q	S	T	A	V	L	I	F	Y	W	H	M	C	P
0	0.00956	0.00750	0.01036	0.00948	0.01161	0.00764	0.00742	0.01183	0.01036	0.01536	0.01477	0.02087	0.01352	0.03503	0.57617	0.00749	0.01322	0.00573	0.00331	0.20875
1	0.02206	0.01645	0.01760	0.01368	0.01835	0.01828	0.01124	0.65937	0.10123	0.03661	0.01547	0.01526	0.01106	0.00732	0.00603	0.00183	0.00643	0.00556	0.00603	0.01016
2	0.00859	0.00645	0.00967	0.00967	0.01074	0.00752	0.00752	0.01074	0.00967	0.01396	0.01611	0.02363	0.01504	0.04512	0.76474	0.00967	0.01611	0.00645	0.00322	0.00537
3	0.01420	0.01623	0.03550	0.02535	0.03144	0.01521	0.72921	0.01927	0.01420	0.01927	0.01217	0.01623	0.00913	0.00507	0.00710	0.00203	0.01014	0.00710	0.00304	0.00811
4	0.12831	0.01274	0.01428	0.01094	0.01569	0.01253	0.00897	0.25822	0.01881	0.23734	0.01537	0.01506	0.01075	0.00638	0.00534	0.00160	0.00539	0.00485	0.00551	0.21192
5	0.02217	0.01452	0.01581	0.01234	0.01695	0.05196	0.01005	0.35142	0.08906	0.23918	0.01737	0.01652	0.01205	0.00702	0.00584	0.00173	0.00599	0.00545	0.00602	0.09854

[dist]
# distance from previous block
# <min> <max>
16	49

[block]
# block no. 2 follows, 38 sequences, length 9
# corresponding to MSA columns:
# 1024-1032
name=unknown_C
#
# <colnr> <probs for GDERKNQSTAVLIFYWHMCP>
#	G	D	E	R	K	N	Q	S	T	A	V	L	I	F	Y	W	H	M	C	P
0	0.02190	0.02747	0.01678	0.01525	0.01837	0.70708	0.01146	0.02463	0.07238	0.01552	0.01046	0.01174	0.00856	0.00635	0.00548	0.00159	0.01038	0.00410	0.00333	0.00717
1	0.02553	0.01172	0.01477	0.01142	0.01604	0.01116	0.00940	0.17223	0.05701	0.57137	0.02188	0.01935	0.01412	0.00744	0.00605	0.00186	0.00541	0.00596	0.00709	0.01020
2	0.02197	0.01357	0.01551	0.01222	0.01673	0.01414	0.00996	0.32257	0.16766	0.26367	0.01922	0.01787	0.01329	0.00732	0.00596	0.00182	0.00563	0.00579	0.00635	0.05876
3	0.00733	0.00524	0.00698	0.00838	0.00873	0.00489	0.00558	0.00838	0.01152	0.01536	0.03316	0.78466	0.03979	0.01885	0.00768	0.00244	0.00349	0.01710	0.00558	0.00489
4	0.57516	0.01119	0.01047	0.00880	0.01282	0.01201	0.00726	0.02139	0.01246	0.25877	0.01326	0.01318	0.00918	0.00618	0.00446	0.00186	0.00480	0.00415	0.00491	0.00770
5	0.01555	0.69034	0.12868	0.01121	0.01686	0.02249	0.01189	0.01815	0.01229	0.01481	0.00869	0.01006	0.00771	0.00522	0.00411	0.00137	0.00676	0.00338	0.00257	0.00788
6	0.00718	0.00581	0.00639	0.00685	0.00832	0.00501	0.00491	0.00855	0.01299	0.01596	0.05177	0.29785	0.51458	0.01643	0.00730	0.00217	0.00319	0.01415	0.00559	0.00501
7	0.11770	0.00852	0.00840	0.00747	0.00982	0.00910	0.00588	0.15150	0.01531	0.02597	0.01720	0.01929	0.01330	0.00687	0.00449	0.00154	0.00377	0.00527	0.56199	0.00661
8	0.09079	0.01282	0.01395	0.01052	0.01546	0.01218	0.00853	0.24172	0.04920	0.02629	0.01227	0.01329	0.00952	0.00559	0.00495	0.00132	0.00517	0.00426	0.00446	0.45770

[dist]
# distance from previous block
# <min> <max>
5	10

[block]
# block no. 3 follows, 38 sequences, length 24
# corresponding to MSA columns:
# 1046-1060,1062-1070
name=unknown_D
#
# <colnr> <probs for GDERKNQSTAVLIFYWHMCP>
#	G	D	E	R	K	N	Q	S	T	A	V	L	I	F	Y	W	H	M	C	P
0	0.76848	0.01153	0.00924	0.00813	0.01192	0.01313	0.00670	0.01859	0.01078	0.08368	0.00957	0.01061	0.00717	0.00573	0.00390	0.00186	0.00469	0.00347	0.00401	0.00680
1	0.01628	0.01230	0.01694	0.01409	0.01557	0.01542	0.01170	0.01794	0.01130	0.18495	0.01175	0.01479	0.00958	0.00935	0.01541	0.00232	0.54003	0.00531	0.00381	0.07116
2	0.02247	0.02867	0.01705	0.01550	0.01860	0.76443	0.01162	0.02402	0.01705	0.01472	0.00930	0.01085	0.00775	0.00620	0.00542	0.00155	0.01085	0.00387	0.00310	0.00697
3	0.00733	0.00524	0.00698	0.00838	0.00873	0.00489	0.00558	0.00838	0.01152	0.01536	0.03316	0.78466	0.03979	0.01885	0.00768	0.00244	0.00349	0.01710	0.00558	0.00489
4	0.83108	0.01163	0.00884	0.00791	0.01163	0.01350	0.00651	0.01768	0.01024	0.02699	0.00838	0.00977	0.00651	0.00558	0.00372	0.00186	0.00465	0.00326	0.00372	0.00651
5	0.02287	0.01685	0.01805	0.01384	0.01866	0.01866	0.01143	0.73100	0.02828	0.03791	0.01444	0.01444	0.01023	0.00722	0.00602	0.00181	0.00662	0.00542	0.00602	0.01023
6	0.02699	0.01024	0.01396	0.01070	0.01536	0.00884	0.00884	0.02932	0.01722	0.75522	0.02373	0.02048	0.01489	0.00745	0.00605	0.00186	0.00512	0.00605	0.00745	0.01024
7	0.00851	0.00615	0.00804	0.00757	0.00899	0.00568	0.00568	0.01135	0.01703	0.02412	0.74788	0.04494	0.05676	0.01230	0.00710	0.00189	0.00284	0.01088	0.00662	0.00568
8	0.02143	0.01381	0.01552	0.01248	0.01680	0.01483	0.01012	0.31711	0.25477	0.22659	0.02018	0.01864	0.01410	0.00758	0.00606	0.00190	0.00562	0.00603	0.00643	0.01000
9	0.02105	0.01595	0.01703	0.01347	0.01796	0.01781	0.01100	0.57050	0.19174	0.03499	0.01675	0.01628	0.01210	0.00744	0.00604	0.00186	0.00619	0.00573	0.00604	0.01007
10	0.02287	0.01685	0.01805	0.01384	0.01866	0.01866	0.01143	0.73100	0.02828	0.03791	0.01444	0.01444	0.01023	0.00722	0.00602	0.00181	0.00662	0.00542	0.00602	0.01023
11	0.00969	0.00692	0.00969	0.01108	0.01246	0.00692	0.00969	0.01246	0.01385	0.01800	0.03185	0.06786	0.03462	0.01662	0.00831	0.00277	0.00554	0.71057	0.00554	0.00554
12	0.01316	0.01316	0.01843	0.01579	0.01579	0.01843	0.01316	0.01448	0.00921	0.01448	0.00790	0.01316	0.00790	0.01053	0.01974	0.00263	0.77757	0.00526	0.00263	0.00658
13	0.00733	0.00524	0.00698	0.00838	0.00873	0.00489	0.00558	0.00838	0.01152	0.01536	0.03316	0.78466	0.03979	0.01885	0.00768	0.00244	0.00349	0.01710	0.00558	0.00489
14	0.01496	0.01292	0.01360	0.01224	0.01564	0.01496	0.00952	0.03197	0.74019	0.02516	0.02448	0.02244	0.01836	0.00816	0.00612	0.00204	0.00476	0.00680	0.00612	0.00952
15	0.02247	0.02867	0.01705	0.01550	0.01860	0.76443	0.01162	0.02402	0.01705	0.01472	0.00930	0.01085	0.00775	0.00620	0.00542	0.00155	0.01085	0.00387	0.00310	0.00697
16	0.02338	0.01603	0.01755	0.01345	0.01825	0.01744	0.01111	0.64411	0.02691	0.12674	0.01559	0.01519	0.01081	0.00725	0.00602	0.00181	0.00643	0.00549	0.00619	0.01023
17	0.01943	0.01514	0.01612	0.01315	0.01735	0.01705	0.01060	0.42705	0.33783	0.03237	0.01881	0.01792	0.01377	0.00763	0.00606	0.00191	0.00581	0.00602	0.00606	0.00992
18	0.01652	0.01493	0.01826	0.01518	0.01679	0.04884	0.01257	0.23516	0.01540	0.02169	0.00997	0.01346	0.00861	0.00934	0.01494	0.00233	0.50936	0.00525	0.00369	0.00772
19	0.01307	0.22086	0.57644	0.01544	0.02339	0.01642	0.01925	0.01879	0.01258	0.01783	0.01019	0.01194	0.00765	0.00557	0.00525	0.00175	0.00828	0.00414	0.00255	0.00860
20	0.02048	0.01150	0.01370	0.01128	0.01528	0.01168	0.00904	0.07610	0.30019	0.35606	0.06578	0.02204	0.01822	0.00791	0.00609	0.00190	0.00493	0.00651	0.00666	0.03465
21	0.01582	0.74249	0.07894	0.01074	0.01613	0.02316	0.01107	0.01808	0.01225	0.01447	0.00852	0.00985	0.00771	0.00518	0.00398	0.00133	0.00659	0.00330	0.00257	0.00780
22	0.37959	0.01070	0.01117	0.00925	0.01308	0.01104	0.00755	0.06093	0.01473	0.30052	0.10867	0.01853	0.01627	0.00723	0.00515	0.00186	0.00471	0.00540	0.00562	0.00801
23	0.36475	0.01140	0.01203	0.00982	0.01401	0.01180	0.00806	0.06672	0.06362	0.35615	0.01676	0.01574	0.01132	0.00670	0.00507	0.00187	0.00499	0.00489	0.00570	0.00862

[dist]
# distance from previous block
# <min> <max>
1	14

[block]
# block no. 4 follows, 38 sequences, length 22
# corresponding to MSA columns:
# 1101-1114,1117-1124
name=unknown_E
#
# <colnr> <probs for GDERKNQSTAVLIFYWHMCP>
#	G	D	E	R	K	N	Q	S	T	A	V	L	I	F	Y	W	H	M	C	P
0	0.21107	0.01468	0.01450	0.01168	0.01598	0.07849	0.00951	0.28070	0.05688	0.22513	0.01560	0.01508	0.01083	0.00686	0.00545	0.00182	0.00603	0.00502	0.00562	0.00905
1	0.26507	0.01327	0.01288	0.01055	0.01471	0.11739	0.00855	0.02511	0.01512	0.43400	0.01713	0.01593	0.01139	0.00672	0.00527	0.00182	0.00579	0.00491	0.00572	0.00867
2	0.00859	0.00645	0.00967	0.00967	0.01074	0.00752	0.00752	0.01074	0.00967	0.01396	0.01611	0.02363	0.01504	0.04512	0.76474	0.00967	0.01611	0.00645	0.00322	0.00537
3	0.01489	0.01429	0.02442	0.03692	0.75106	0.01429	0.01846	0.01846	0.01370	0.01965	0.01132	0.01489	0.00953	0.00536	0.00596	0.00179	0.00715	0.00536	0.00298	0.00953
4	0.00938	0.00672	0.00925	0.01014	0.01153	0.00659	0.00862	0.01217	0.01470	0.01964	0.22390	0.06171	0.04056	0.01546	0.00798	0.00253	0.00481	0.52290	0.00583	0.00558
5	0.01306	0.21929	0.57794	0.01545	0.02342	0.01640	0.01928	0.01879	0.01258	0.01784	0.01019	0.01195	0.00765	0.00557	0.00526	0.00175	0.00828	0.00414	0.00255	0.00860
6	0.01301	0.01262	0.01711	0.01427	0.01545	0.01613	0.01183	0.01463	0.00993	0.01561	0.00851	0.01301	0.00812	0.00919	0.01637	0.00225	0.60692	0.00489	0.00284	0.18731
7	0.01442	0.47701	0.33214	0.01313	0.01983	0.01973	0.01524	0.01844	0.01242	0.01618	0.00937	0.01091	0.00768	0.00538	0.00463	0.00154	0.00745	0.00373	0.00256	0.00820
8	0.00890	0.00640	0.00876	0.01009	0.01120	0.00626	0.00829	0.01112	0.01316	0.01716	0.03339	0.27640	0.06450	0.01721	0.00808	0.00265	0.00484	0.48070	0.00555	0.00533
9	0.00949	0.00678	0.00946	0.01085	0.01215	0.00675	0.00935	0.01212	0.01365	0.01778	0.03196	0.12869	0.03506	0.01681	0.00826	0.00274	0.00537	0.65172	0.00554	0.00548
10	0.00859	0.00645	0.00967	0.00967	0.01074	0.00752	0.00752	0.01074	0.00967	0.01396	0.01611	0.02363	0.01504	0.04512	0.76474	0.00967	0.01611	0.00645	0.00322	0.00537
11	0.00859	0.00645	0.00967	0.00967	0.01074	0.00752	0.00752	0.01074	0.00967	0.01396	0.01611	0.02363	0.01504	0.04512	0.76474	0.00967	0.01611	0.00645	0.00322	0.00537
12	0.21746	0.01368	0.01446	0.01153	0.01591	0.01478	0.00947	0.32948	0.08955	0.20070	0.01610	0.01549	0.01120	0.00697	0.00548	0.00185	0.00562	0.00518	0.00581	0.00927
13	0.02247	0.02867	0.01705	0.01550	0.01860	0.76443	0.01162	0.02402	0.01705	0.01472	0.00930	0.01085	0.00775	0.00620	0.00542	0.00155	0.01085	0.00387	0.00310	0.00697
14	0.01800	0.01271	0.01407	0.01200	0.01584	0.01392	0.00950	0.09899	0.50812	0.16823	0.02294	0.02098	0.01661	0.00782	0.00605	0.00195	0.00500	0.00642	0.00629	0.03456
15	0.02220	0.01652	0.01768	0.01371	0.01840	0.01834	0.01127	0.67168	0.08870	0.03683	0.01530	0.01512	0.01092	0.00730	0.00603	0.00183	0.00646	0.00553	0.00603	0.01017
16	0.02287	0.01685	0.01805	0.01384	0.01866	0.01866	0.01143	0.73100	0.02828	0.03791	0.01444	0.01444	0.01023	0.00722	0.00602	0.00181	0.00662	0.00542	0.00602	0.01023
17	0.01499	0.58496	0.22918	0.01216	0.01833	0.02113	0.01354	0.01830	0.01235	0.01549	0.00903	0.01048	0.00769	0.00530	0.00437	0.00146	0.00710	0.00355	0.00256	0.00804
18	0.00900	0.00666	0.00872	0.00962	0.01115	0.00639	0.00815	0.01149	0.01412	0.01819	0.10639	0.06343	0.19832	0.01590	0.00792	0.00252	0.00472	0.48621	0.00565	0.00545
19	0.02247	0.02867	0.01705	0.01550	0.01860	0.76443	0.01162	0.02402	0.01705	0.01472	0.00930	0.01085	0.00775	0.00620	0.00542	0.00155	0.01085	0.00387	0.00310	0.00697
20	0.01353	0.01425	0.02447	0.01918	0.02133	0.01729	0.26652	0.01617	0.01098	0.01617	0.00941	0.01425	0.00833	0.00860	0.01527	0.00242	0.50603	0.00591	0.00278	0.00712
21	0.01574	0.01299	0.01380	0.01225	0.01576	0.01489	0.00958	0.06085	0.68391	0.05272	0.02404	0.02204	0.01790	0.00810	0.00611	0.00202	0.00485	0.00672	0.00617	0.00958

[dist]
# distance from previous block
# <min> <max>
0	1

[block]
# block no. 5 follows, 38 sequences, length 9
# corresponding to MSA columns:
# 1126-1129,1133-1137
name=unknown_F
#
# <colnr> <probs for GDERKNQSTAVLIFYWHMCP>
#	G	D	E	R	K	N	Q	S	T	A	V	L	I	F	Y	W	H	M	C	P
0	0.01556	0.59709	0.08826	0.01119	0.01635	0.02149	0.01115	0.02047	0.13597	0.01643	0.01130	0.01208	0.00952	0.00571	0.00440	0.00147	0.00635	0.00393	0.00317	0.00812
1	0.69373	0.01252	0.01041	0.00892	0.01283	0.01437	0.00735	0.13890	0.01330	0.02885	0.00941	0.01057	0.00715	0.00586	0.00411	0.00185	0.00499	0.00362	0.00411	0.00715
2	0.00853	0.00574	0.00663	0.00684	0.00689	0.00569	0.00394	0.00869	0.00917	0.01223	0.02114	0.15383	0.02462	0.67037	0.02710	0.00531	0.00547	0.01003	0.00394	0.00384
3	0.00779	0.00599	0.00725	0.00807	0.00936	0.00544	0.00613	0.00944	0.01297	0.01635	0.04430	0.31706	0.33059	0.01684	0.00759	0.00235	0.00379	0.17800	0.00557	0.00512
4	0.02247	0.02867	0.01705	0.01550	0.01860	0.76443	0.01162	0.02402	0.01705	0.01472	0.00930	0.01085	0.00775	0.00620	0.00542	0.00155	0.01085	0.00387	0.00310	0.00697
5	0.02152	0.01618	0.01730	0.01357	0.01814	0.01803	0.01111	0.61220	0.14927	0.03575	0.01615	0.01580	0.01161	0.00738	0.00604	0.00185	0.00630	0.00565	0.00604	0.01011
6	0.00744	0.00604	0.00619	0.00619	0.00781	0.00523	0.00439	0.00866	0.01272	0.01534	0.05259	0.05421	0.60407	0.16905	0.01179	0.00279	0.00360	0.01191	0.00520	0.00479
7	0.00802	0.00552	0.00678	0.00750	0.00768	0.00534	0.00465	0.00856	0.01018	0.01357	0.02629	0.42448	0.03113	0.39084	0.01876	0.00408	0.00462	0.01306	0.00465	0.00429
8	0.01932	0.17295	0.01887	0.01326	0.01704	0.37192	0.01061	0.04970	0.17153	0.04296	0.01311	0.01363	0.01041	0.00641	0.00527	0.00159	0.00804	0.00449	0.00392	0.04498

[dist]
# distance from previous block
# <min> <max>
0	1

[block]
# block no. 6 follows, 38 sequences, length 8
# corresponding to MSA columns:
# 1139-1146
name=unknown_G
#
# <colnr> <probs for GDERKNQSTAVLIFYWHMCP>
#	G	D	E	R	K	N	Q	S	T	A	V	L	I	F	Y	W	H	M	C	P
0	0.01298	0.20494	0.59163	0.01558	0.02362	0.01622	0.01950	0.01881	0.01259	0.01793	0.01024	0.01200	0.00764	0.00559	0.00529	0.00176	0.00833	0.00416	0.00255	0.00862
1	0.01538	0.65901	0.15856	0.01149	0.01729	0.02208	0.01238	0.01820	0.01231	0.01501	0.00879	0.01018	0.00770	0.00525	0.00418	0.00139	0.00686	0.00343	0.00257	0.00792
2	0.00733	0.00524	0.00698	0.00838	0.00873	0.00489	0.00558	0.00838	0.01152	0.01536	0.03316	0.78466	0.03979	0.01885	0.00768	0.00244	0.00349	0.01710	0.00558	0.00489
3	0.01373	0.01483	0.02773	0.02101	0.02432	0.01667	0.40345	0.01709	0.01193	0.01709	0.01023	0.01483	0.00857	0.00755	0.01285	0.00230	0.35927	0.00626	0.00286	0.00742
4	0.00752	0.00537	0.00720	0.00860	0.00903	0.00505	0.00592	0.00871	0.01171	0.01557	0.03305	0.72637	0.03937	0.01867	0.00773	0.00247	0.00366	0.07349	0.00558	0.00494
5	0.00924	0.00678	0.00906	0.01021	0.01170	0.00660	0.00880	0.01179	0.01382	0.01770	0.03694	0.06611	0.15958	0.01638	0.00810	0.00264	0.00510	0.58843	0.00555	0.00546
6	0.01608	0.79220	0.03152	0.01029	0.01544	0.02380	0.01029	0.01801	0.01222	0.01415	0.00836	0.00965	0.00772	0.00515	0.00386	0.00129	0.00643	0.00322	0.00257	0.00772
7	0.00855	0.00656	0.00810	0.00887	0.01054	0.00611	0.00742	0.01077	0.01379	0.01723	0.04475	0.06344	0.35109	0.01601	0.00778	0.00244	0.00443	0.40124	0.00556	0.00534

[dist]
# distance from previous block
# <min> <max>
7	20

[block]
# block no. 7 follows, 38 sequences, length 7
# corresponding to MSA columns:
# 1168-1174
name=unknown_H
#
# <colnr> <probs for GDERKNQSTAVLIFYWHMCP>
#	G	D	E	R	K	N	Q	S	T	A	V	L	I	F	Y	W	H	M	C	P
0	0.02256	0.02612	0.01726	0.01514	0.01861	0.60349	0.01158	0.17659	0.01947	0.01973	0.01041	0.01162	0.00828	0.00642	0.00555	0.00160	0.00994	0.00421	0.00373	0.00768
1	0.49137	0.01321	0.01233	0.01011	0.01428	0.01475	0.00834	0.25196	0.01679	0.09895	0.01180	0.01230	0.00852	0.00629	0.00469	0.00184	0.00534	0.00423	0.00482	0.00808
2	0.19108	0.01264	0.01258	0.01131	0.01478	0.01465	0.00887	0.02888	0.58267	0.02556	0.02101	0.01971	0.01581	0.00761	0.00560	0.00200	0.00474	0.00604	0.00560	0.00887
3	0.09434	0.01712	0.01590	0.01282	0.01712	0.17643	0.01033	0.32243	0.02123	0.23013	0.01537	0.01493	0.01066	0.00692	0.00570	0.00177	0.00695	0.00507	0.00558	0.00921
4	0.20934	0.02175	0.01478	0.01311	0.01658	0.44603	0.01011	0.06638	0.06392	0.06856	0.01135	0.01222	0.00879	0.00633	0.00515	0.00169	0.00838	0.00416	0.00391	0.00745
5	0.12991	0.02064	0.01522	0.01316	0.01684	0.40048	0.01023	0.08631	0.05261	0.17868	0.01348	0.01367	0.00986	0.00657	0.00542	0.00170	0.00813	0.00454	0.00452	0.00803
6	0.02272	0.02115	0.01769	0.01444	0.01863	0.28967	0.01150	0.47409	0.02420	0.02949	0.01257	0.01314	0.00933	0.00685	0.00580	0.00171	0.00816	0.00486	0.00496	0.00905

[dist]
# distance from previous block
# <min> <max>
0	2

[block]
# block no. 8 follows, 38 sequences, length 9
# corresponding to MSA columns:
# 1177-1185
name=unknown_I
#
# <colnr> <probs for GDERKNQSTAVLIFYWHMCP>
#	G	D	E	R	K	N	Q	S	T	A	V	L	I	F	Y	W	H	M	C	P
0	0.04954	0.00825	0.01002	0.00964	0.01156	0.00819	0.00712	0.13276	0.01516	0.13708	0.02744	0.50043	0.02943	0.01451	0.00697	0.00222	0.00432	0.01278	0.00587	0.00670
1	0.63886	0.01256	0.01068	0.00919	0.01306	0.01443	0.00753	0.13203	0.07028	0.02858	0.01060	0.01151	0.00803	0.00605	0.00428	0.00187	0.00497	0.00388	0.00428	0.00734
2	0.54021	0.00937	0.00818	0.00808	0.01061	0.01046	0.00619	0.01440	0.01069	0.02288	0.01713	0.28339	0.01826	0.01027	0.00512	0.00207	0.00424	0.00815	0.00438	0.00594
3	0.11897	0.01040	0.01196	0.01047	0.01403	0.01008	0.00878	0.13131	0.01550	0.05991	0.01949	0.03334	0.01863	0.00970	0.00612	0.00191	0.00527	0.26554	0.00491	0.24370
4	0.11236	0.00930	0.01047	0.00971	0.01210	0.00961	0.00736	0.14908	0.06064	0.10560	0.04476	0.35730	0.06214	0.01276	0.00656	0.00213	0.00444	0.01097	0.00571	0.00701
5	0.56552	0.01226	0.01099	0.00927	0.01314	0.01374	0.00761	0.16045	0.01472	0.08035	0.05348	0.01349	0.01076	0.00643	0.00454	0.00185	0.00497	0.00433	0.00461	0.00747
6	0.30487	0.00907	0.00961	0.00888	0.01123	0.00987	0.00703	0.01566	0.04175	0.07494	0.24941	0.10155	0.02838	0.01014	0.00670	0.00203	0.05349	0.04376	0.00521	0.00642
7	0.18784	0.01363	0.01515	0.01223	0.01577	0.01548	0.01008	0.27045	0.04869	0.10636	0.01295	0.01405	0.00972	0.00742	0.00831	0.00194	0.16771	0.00492	0.00480	0.07252
8	0.04897	0.01319	0.01400	0.01164	0.01479	0.10285	0.00933	0.12831	0.05440	0.21237	0.16954	0.02195	0.02083	0.00851	0.00777	0.00189	0.10339	0.00643	0.00554	0.04430

[dist]
# distance from previous block
# <min> <max>
42	81

[block]
# block no. 9 follows, 38 sequences, length 31
# corresponding to MSA columns:
# 1291-1321
name=unknown_J
#
# <colnr> <probs for GDERKNQSTAVLIFYWHMCP>
#	G	D	E	R	K	N	Q	S	T	A	V	L	I	F	Y	W	H	M	C	P
0	0.43486	0.01218	0.01204	0.01015	0.01410	0.03581	0.03009	0.02337	0.14171	0.20845	0.01522	0.01493	0.01083	0.00651	0.00489	0.00189	0.00515	0.00472	0.00504	0.00804
1	0.01608	0.79220	0.03152	0.01029	0.01544	0.02380	0.01029	0.01801	0.01222	0.01415	0.00836	0.00965	0.00772	0.00515	0.00386	0.00129	0.00643	0.00322	0.00257	0.00772
2	0.01136	0.01069	0.01804	0.77412	0.04143	0.01337	0.01671	0.01537	0.01203	0.01537	0.01069	0.01604	0.00802	0.00601	0.00601	0.00200	0.00802	0.00535	0.00267	0.00668
3	0.00733	0.00524	0.00698	0.00838	0.00873	0.00489	0.00558	0.00838	0.01152	0.01536	0.03316	0.78466	0.03979	0.01885	0.00768	0.00244	0.00349	0.01710	0.00558	0.00489
4	0.01608	0.79220	0.03152	0.01029	0.01544	0.02380	0.01029	0.01801	0.01222	0.01415	0.00836	0.00965	0.00772	0.00515	0.00386	0.00129	0.00643	0.00322	0.00257	0.00772
5	0.02682	0.01051	0.01413	0.01083	0.01549	0.00924	0.00895	0.05769	0.01767	0.72622	0.02336	0.02023	0.01470	0.00744	0.00605	0.00186	0.00518	0.00602	0.00739	0.01024
6	0.02287	0.01685	0.01805	0.01384	0.01866	0.01866	0.01143	0.73100	0.02828	0.03791	0.01444	0.01444	0.01023	0.00722	0.00602	0.00181	0.00662	0.00542	0.00602	0.01023
7	0.02287	0.01685	0.01805	0.01384	0.01866	0.01866	0.01143	0.73100	0.02828	0.03791	0.01444	0.01444	0.01023	0.00722	0.00602	0.00181	0.00662	0.00542	0.00602	0.01023
8	0.01608	0.79220	0.03152	0.01029	0.01544	0.02380	0.01029	0.01801	0.01222	0.01415	0.00836	0.00965	0.00772	0.00515	0.00386	0.00129	0.00643	0.00322	0.00257	0.00772
9	0.02287	0.01685	0.01805	0.01384	0.01866	0.01866	0.01143	0.73100	0.02828	0.03791	0.01444	0.01444	0.01023	0.00722	0.00602	0.00181	0.00662	0.00542	0.00602	0.01023
10	0.02699	0.01024	0.01396	0.01070	0.01536	0.00884	0.00884	0.02932	0.01722	0.75522	0.02373	0.02048	0.01489	0.00745	0.00605	0.00186	0.00512	0.00605	0.00745	0.01024
11	0.00851	0.00615	0.00804	0.00757	0.00899	0.00568	0.00568	0.01135	0.01703	0.02412	0.74788	0.04494	0.05676	0.01230	0.00710	0.00189	0.00284	0.01088	0.00662	0.00568
12	0.02287	0.01685	0.01805	0.01384	0.01866	0.01866	0.01143	0.73100	0.02828	0.03791	0.01444	0.01444	0.01023	0.00722	0.00602	0.00181	0.00662	0.00542	0.00602	0.01023
13	0.02287	0.01685	0.01805	0.01384	0.01866	0.01866	0.01143	0.73100	0.02828	0.03791	0.01444	0.01444	0.01023	0.00722	0.00602	0.00181	0.00662	0.00542	0.00602	0.01023
14	0.00969	0.00692	0.00969	0.01108	0.01246	0.00692	0.00969	0.01246	0.01385	0.01800	0.03185	0.06786	0.03462	0.01662	0.00831	0.00277	0.00554	0.71057	0.00554	0.00554
15	0.83108	0.01163	0.00884	0.00791	0.01163	0.01350	0.00651	0.01768	0.01024	0.02699	0.00838	0.00977	0.00651	0.00558	0.00372	0.00186	0.00465	0.00326	0.00372	0.00651
16	0.02287	0.01685	0.01805	0.01384	0.01866	0.01866	0.01143	0.73100	0.02828	0.03791	0.01444	0.01444	0.01023	0.00722	0.00602	0.00181	0.00662	0.00542	0.00602	0.01023
17	0.01207	0.03112	0.75741	0.01715	0.02604	0.01397	0.02223	0.01905	0.01270	0.01905	0.01080	0.01270	0.00762	0.00572	0.00572	0.00191	0.00889	0.00445	0.00254	0.00889
18	0.01136	0.01069	0.01804	0.77412	0.04143	0.01337	0.01671	0.01537	0.01203	0.01537	0.01069	0.01604	0.00802	0.00601	0.00601	0.00200	0.00802	0.00535	0.00267	0.00668
19	0.00851	0.00615	0.00804	0.00757	0.00899	0.00568	0.00568	0.01135	0.01703	0.02412	0.74788	0.04494	0.05676	0.01230	0.00710	0.00189	0.00284	0.01088	0.00662	0.00568
20	0.01315	0.01109	0.01284	0.00923	0.01454	0.00871	0.00741	0.06147	0.01350	0.02079	0.01094	0.01260	0.00900	0.00463	0.00456	0.00095	0.00460	0.00368	0.00372	0.77261
21	0.02287	0.01685	0.01805	0.01384	0.01866	0.01866	0.01143	0.73100	0.02828	0.03791	0.01444	0.01444	0.01023	0.00722	0.00602	0.00181	0.00662	0.00542	0.00602	0.01023
22	0.00733	0.00524	0.00698	0.00838	0.00873	0.00489	0.00558	0.00838	0.01152	0.01536	0.03316	0.78466	0.03979	0.01885	0.00768	0.00244	0.00349	0.01710	0.00558	0.00489
23	0.02287	0.01685	0.01805	0.01384	0.01866	0.01866	0.01143	0.73100	0.02828	0.03791	0.01444	0.01444	0.01023	0.00722	0.00602	0.00181	0.00662	0.00542	0.00602	0.01023
24	0.01608	0.79220	0.03152	0.01029	0.01544	0.02380	0.01029	0.01801	0.01222	0.01415	0.00836	0.00965	0.00772	0.00515	0.00386	0.00129	0.00643	0.00322	0.00257	0.00772
25	0.83108	0.01163	0.00884	0.00791	0.01163	0.01350	0.00651	0.01768	0.01024	0.02699	0.00838	0.00977	0.00651	0.00558	0.00372	0.00186	0.00465	0.00326	0.00372	0.00651
26	0.01207	0.03112	0.75741	0.01715	0.02604	0.01397	0.02223	0.01905	0.01270	0.01905	0.01080	0.01270	0.00762	0.00572	0.00572	0.00191	0.00889	0.00445	0.00254	0.00889
27	0.01045	0.00522	0.00784	0.00784	0.00784	0.00522	0.00522	0.00784	0.00784	0.01045	0.01045	0.01829	0.01045	0.02090	0.02351	0.82497	0.00522	0.00522	0.00261	0.00261
28	0.83108	0.01163	0.00884	0.00791	0.01163	0.01350	0.00651	0.01768	0.01024	0.02699	0.00838	0.00977	0.00651	0.00558	0.00372	0.00186	0.00465	0.00326	0.00372	0.00651
29	0.01320	0.24552	0.55292	0.01522	0.02305	0.01674	0.01886	0.01876	0.01257	0.01767	0.01011	0.01184	0.00765	0.00556	0.00519	0.00173	0.00820	0.00410	0.00255	0.00856
30	0.83108	0.01163	0.00884	0.00791	0.01163	0.01350	0.00651	0.01768	0.01024	0.02699	0.00838	0.00977	0.00651	0.00558	0.00372	0.00186	0.00465	0.00326	0.00372	0.00651

[dist]
# distance from previous block
# <min> <max>
0	1

[block]
# block no. 10 follows, 38 sequences, length 9
# corresponding to MSA columns:
# 1323-1331
name=unknown_K
#
# <colnr> <probs for GDERKNQSTAVLIFYWHMCP>
#	G	D	E	R	K	N	Q	S	T	A	V	L	I	F	Y	W	H	M	C	P
0	0.02287	0.01685	0.01805	0.01384	0.01866	0.01866	0.01143	0.73100	0.02828	0.03791	0.01444	0.01444	0.01023	0.00722	0.00602	0.00181	0.00662	0.00542	0.00602	0.01023
1	0.01608	0.79220	0.03152	0.01029	0.01544	0.02380	0.01029	0.01801	0.01222	0.01415	0.00836	0.00965	0.00772	0.00515	0.00386	0.00129	0.00643	0.00322	0.00257	0.00772
2	0.02287	0.01685	0.01805	0.01384	0.01866	0.01866	0.01143	0.73100	0.02828	0.03791	0.01444	0.01444	0.01023	0.00722	0.00602	0.00181	0.00662	0.00542	0.00602	0.01023
3	0.02699	0.01024	0.01396	0.01070	0.01536	0.00884	0.00884	0.02932	0.01722	0.75522	0.02373	0.02048	0.01489	0.00745	0.00605	0.00186	0.00512	0.00605	0.00745	0.01024
4	0.01420	0.01623	0.03550	0.02535	0.03144	0.01521	0.72921	0.01927	0.01420	0.01927	0.01217	0.01623	0.00913	0.00507	0.00710	0.00203	0.01014	0.00710	0.00304	0.00811
5	0.01484	0.55742	0.25545	0.01241	0.01871	0.02077	0.01397	0.01833	0.01237	0.01566	0.00911	0.01059	0.00769	0.00532	0.00443	0.00148	0.00719	0.00360	0.00256	0.00808
6	0.00859	0.00645	0.00967	0.00967	0.01074	0.00752	0.00752	0.01074	0.00967	0.01396	0.01611	0.02363	0.01504	0.04512	0.76474	0.00967	0.01611	0.00645	0.00322	0.00537
7	0.01316	0.01316	0.01843	0.01579	0.01579	0.01843	0.01316	0.01448	0.00921	0.01448	0.00790	0.01316	0.00790	0.01053	0.01974	0.00263	0.77757	0.00526	0.00263	0.00658
8	0.01657	0.01951	0.02727	0.02064	0.02544	0.24597	0.41924	0.02019	0.01470	0.01765	0.01096	0.01414	0.00862	0.00565	0.00703	0.00183	0.04855	0.00575	0.00308	0.06720

[dist]
# distance from previous block
# <min> <max>
0	1

[block]
# block no. 11 follows, 38 sequences, length 12
# corresponding to MSA columns:
# 1334-1345
name=unknown_L
#
# <colnr> <probs for GDERKNQSTAVLIFYWHMCP>
#	G	D	E	R	K	N	Q	S	T	A	V	L	I	F	Y	W	H	M	C	P
0	0.01489	0.01429	0.02442	0.03692	0.75106	0.01429	0.01846	0.01846	0.01370	0.01965	0.01132	0.01489	0.00953	0.00536	0.00596	0.00179	0.00715	0.00536	0.00298	0.00953
1	0.00859	0.00645	0.00967	0.00967	0.01074	0.00752	0.00752	0.01074	0.00967	0.01396	0.01611	0.02363	0.01504	0.04512	0.76474	0.00967	0.01611	0.00645	0.00322	0.00537
2	0.78069	0.01130	0.00879	0.00789	0.01147	0.01302	0.00646	0.01730	0.01065	0.02681	0.05367	0.01193	0.00959	0.00600	0.00393	0.00186	0.00454	0.00372	0.00390	0.00646
3	0.73303	0.01152	0.00994	0.09956	0.01520	0.01348	0.00773	0.01741	0.01045	0.02560	0.00865	0.01052	0.00669	0.00564	0.00400	0.00188	0.00506	0.00351	0.00360	0.00654
4	0.01247	0.01069	0.01247	0.00891	0.01426	0.00802	0.00713	0.01515	0.01247	0.01960	0.01069	0.01247	0.00891	0.00446	0.00446	0.00089	0.00446	0.00356	0.00356	0.82536
5	0.00861	0.00638	0.00933	0.00933	0.01029	0.00734	0.00710	0.01053	0.00957	0.01372	0.01642	0.02533	0.01578	0.12548	0.68539	0.00925	0.01500	0.00669	0.00327	0.00518
6	0.01608	0.79220	0.03152	0.01029	0.01544	0.02380	0.01029	0.01801	0.01222	0.01415	0.00836	0.00965	0.00772	0.00515	0.00386	0.00129	0.00643	0.00322	0.00257	0.00772
7	0.00867	0.00616	0.00821	0.00821	0.00878	0.00673	0.00570	0.00981	0.00924	0.01288	0.01745	0.03102	0.01825	0.39433	0.41992	0.00787	0.01128	0.00753	0.00342	0.00456
8	0.02287	0.01685	0.01805	0.01384	0.01866	0.01866	0.01143	0.73100	0.02828	0.03791	0.01444	0.01444	0.01023	0.00722	0.00602	0.00181	0.00662	0.00542	0.00602	0.01023
9	0.00859	0.00645	0.00967	0.00967	0.01074	0.00752	0.00752	0.01074	0.00967	0.01396	0.01611	0.02363	0.01504	0.04512	0.76474	0.00967	0.01611	0.00645	0.00322	0.00537
10	0.02252	0.02730	0.01716	0.01531	0.01860	0.67812	0.01160	0.10584	0.01835	0.01741	0.00989	0.01126	0.00804	0.00632	0.00549	0.00158	0.01036	0.00405	0.00344	0.00735
11	0.11410	0.02301	0.01984	0.01648	0.02022	0.46041	0.15231	0.06209	0.01605	0.01834	0.01000	0.01207	0.00802	0.00612	0.00612	0.00173	0.03788	0.00458	0.00331	0.00732

[dist]
# distance from previous block
# <min> <max>
0	25

[block]
# block no. 12 follows, 38 sequences, length 29
# corresponding to MSA columns:
# 1371-1399
name=unknown_M
#
# <colnr> <probs for GDERKNQSTAVLIFYWHMCP>
#	G	D	E	R	K	N	Q	S	T	A	V	L	I	F	Y	W	H	M	C	P
0	0.01517	0.01331	0.01565	0.24302	0.02394	0.04094	0.01202	0.11816	0.40170	0.02351	0.01847	0.01906	0.01380	0.00732	0.00605	0.00198	0.00620	0.00608	0.00496	0.00867
1	0.01222	0.01237	0.02332	0.54763	0.03841	0.01392	0.23223	0.01655	0.01269	0.01655	0.01114	0.01610	0.00835	0.00573	0.00634	0.00201	0.00866	0.00588	0.00278	0.00712
2	0.04611	0.01446	0.02880	0.02083	0.02645	0.01345	0.51123	0.02190	0.01487	0.21649	0.01513	0.01714	0.01058	0.00572	0.00670	0.00198	0.00861	0.00668	0.00424	0.00863
3	0.01327	0.01067	0.01256	0.00901	0.01432	0.00806	0.00722	0.01593	0.01274	0.06005	0.01141	0.01291	0.00924	0.00462	0.00454	0.00094	0.00449	0.00370	0.00378	0.78054
4	0.01308	0.01067	0.01254	0.00899	0.01430	0.00805	0.00720	0.01574	0.01267	0.05042	0.01124	0.01281	0.00916	0.00458	0.00452	0.00093	0.00448	0.00367	0.00373	0.79121
5	0.00851	0.00615	0.00804	0.00757	0.00899	0.00568	0.00568	0.01135	0.01703	0.02412	0.74788	0.04494	0.05676	0.01230	0.00710	0.00189	0.00284	0.01088	0.00662	0.00568
6	0.02699	0.01024	0.01396	0.01070	0.01536	0.00884	0.00884	0.02932	0.01722	0.75522	0.02373	0.02048	0.01489	0.00745	0.00605	0.00186	0.00512	0.00605	0.00745	0.01024
7	0.01420	0.01623	0.03550	0.02535	0.03144	0.01521	0.72921	0.01927	0.01420	0.01927	0.01217	0.01623	0.00913	0.00507	0.00710	0.00203	0.01014	0.00710	0.00304	0.00811
8	0.01489	0.01429	0.02442	0.03692	0.75106	0.01429	0.01846	0.01846	0.01370	0.01965	0.01132	0.01489	0.00953	0.00536	0.00596	0.00179	0.00715	0.00536	0.00298	0.00953
9	0.01489	0.01429	0.02442	0.03692	0.75106	0.01429	0.01846	0.01846	0.01370	0.01965	0.01132	0.01489	0.00953	0.00536	0.00596	0.00179	0.00715	0.00536	0.00298	0.00953
10	0.01316	0.01316	0.01843	0.01579	0.01579	0.01843	0.01316	0.01448	0.00921	0.01448	0.00790	0.01316	0.00790	0.01053	0.01974	0.00263	0.77757	0.00526	0.00263	0.00658
11	0.01378	0.01500	0.02868	0.02153	0.02519	0.01650	0.44309	0.01735	0.01221	0.01735	0.01046	0.01500	0.00864	0.00725	0.01215	0.00227	0.31679	0.00637	0.00288	0.00750
12	0.00881	0.00629	0.00868	0.01007	0.01107	0.00616	0.00816	0.01094	0.01298	0.01702	0.03234	0.33541	0.03655	0.01745	0.00807	0.00265	0.00477	0.45173	0.00556	0.00530
13	0.00869	0.00606	0.00772	0.00772	0.00812	0.00646	0.00509	0.00949	0.00909	0.01252	0.01789	0.03349	0.01932	0.51108	0.30464	0.00726	0.00967	0.00789	0.00349	0.00429
14	0.61989	0.01127	0.01019	0.00864	0.01261	0.01227	0.00713	0.02074	0.01207	0.21826	0.01241	0.01258	0.00871	0.00607	0.00433	0.00186	0.00478	0.00399	0.00470	0.00749
15	0.01489	0.01429	0.02442	0.03692	0.75106	0.01429	0.01846	0.01846	0.01370	0.01965	0.01132	0.01489	0.00953	0.00536	0.00596	0.00179	0.00715	0.00536	0.00298	0.00953
16	0.01136	0.01069	0.01804	0.77412	0.04143	0.01337	0.01671	0.01537	0.01203	0.01537	0.01069	0.01604	0.00802	0.00601	0.00601	0.00200	0.00802	0.00535	0.00267	0.00668
17	0.01143	0.29957	0.01701	0.00908	0.01140	0.01315	0.00754	0.01293	0.01038	0.01343	0.01397	0.02255	0.01410	0.22562	0.28777	0.00553	0.00980	0.00585	0.00309	0.00579
18	0.01045	0.00718	0.00885	0.00831	0.01017	0.00628	0.00587	0.01180	0.01152	0.06654	0.02307	0.31090	0.02538	0.21651	0.01281	0.00292	0.00455	0.04094	0.00469	0.21126
19	0.01508	0.01680	0.02131	0.01746	0.01991	0.19523	0.20015	0.01750	0.01282	0.01605	0.01241	0.06957	0.01185	0.00896	0.01152	0.00221	0.29605	0.04501	0.00322	0.00690
20	0.01327	0.02381	0.43408	0.02509	0.29703	0.01418	0.06953	0.01885	0.01318	0.01929	0.01108	0.01376	0.00844	0.00554	0.00590	0.00187	0.00833	0.00497	0.00274	0.00908
21	0.01402	0.01715	0.08464	0.02446	0.03052	0.01524	0.65565	0.01909	0.01392	0.01909	0.01193	0.01588	0.00898	0.00530	0.00744	0.00204	0.03670	0.00685	0.00299	0.00811
22	0.01815	0.01652	0.01438	0.01212	0.01606	0.22661	0.00944	0.04711	0.22766	0.11431	0.03262	0.01673	0.01322	0.00668	0.00553	0.00159	0.00649	0.00514	0.00482	0.20481
23	0.07784	0.03376	0.01351	0.01048	0.01491	0.06310	0.00835	0.02239	0.22775	0.09380	0.01571	0.01581	0.01199	0.00607	0.00510	0.00146	0.00512	0.00475	0.00465	0.36345
24	0.06745	0.01379	0.01427	0.01216	0.01579	0.03973	0.00962	0.26607	0.32268	0.06004	0.02044	0.09721	0.01658	0.00869	0.00607	0.00197	0.00547	0.00705	0.00584	0.00905
25	0.13214	0.01221	0.01309	0.01077	0.01475	0.03633	0.00868	0.13766	0.16479	0.26467	0.03855	0.02154	0.07585	0.00792	0.00578	0.00186	0.00516	0.00623	0.00599	0.03603
26	0.06646	0.01051	0.01095	0.00990	0.01230	0.08725	0.00753	0.06471	0.01517	0.12196	0.18108	0.24211	0.02891	0.01137	0.00685	0.00194	0.03044	0.00960	0.00545	0.07549
27	0.01382	0.01045	0.01202	0.00955	0.01370	0.00934	0.00754	0.06259	0.13411	0.08568	0.06565	0.05489	0.08585	0.00764	0.00552	0.00146	0.00442	0.00634	0.00495	0.40448
28	0.09285	0.01174	0.01389	0.01083	0.01528	0.01112	0.03330	0.15588	0.05947	0.16355	0.01643	0.07973	0.01324	0.00711	0.00545	0.00158	0.00515	0.00582	0.00509	0.29248

[dist]
# distance from previous block
# <min> <max>
7	58

[block]
# block no. 13 follows, 38 sequences, length 13
# corresponding to MSA columns:
# 1458-1470
name=unknown_N
#
# <colnr> <probs for GDERKNQSTAVLIFYWHMCP>
#	G	D	E	R	K	N	Q	S	T	A	V	L	I	F	Y	W	H	M	C	P
0	0.18437	0.01043	0.01151	0.01007	0.01297	0.05810	0.04609	0.01706	0.05887	0.10830	0.16084	0.17925	0.02534	0.00992	0.00598	0.00190	0.00480	0.00843	0.00517	0.08062
1	0.01369	0.01175	0.02043	0.01547	0.01992	0.01052	0.28580	0.01750	0.04292	0.09534	0.01781	0.17452	0.01637	0.00812	0.00637	0.00180	0.00653	0.00811	0.00429	0.22275
2	0.01974	0.01253	0.01610	0.01217	0.01685	0.01197	0.06639	0.24469	0.01938	0.23903	0.08226	0.01864	0.01539	0.00695	0.00586	0.00164	0.00564	0.00581	0.00570	0.19327
3	0.01323	0.01371	0.02512	0.01895	0.02334	0.01384	0.41102	0.01999	0.16374	0.02007	0.05924	0.02316	0.09044	0.00758	0.00787	0.00207	0.06702	0.00768	0.00410	0.00784
4	0.05435	0.01513	0.01576	0.01223	0.01690	0.07776	0.00997	0.36540	0.02153	0.20028	0.01534	0.01505	0.01075	0.00668	0.00564	0.00165	0.00621	0.00505	0.00562	0.13868
5	0.00711	0.00609	0.00609	0.00609	0.00813	0.00508	0.00457	0.00863	0.01371	0.01625	0.06094	0.05789	0.74862	0.01524	0.00711	0.00203	0.00305	0.01270	0.00559	0.00508
6	0.01489	0.01429	0.02442	0.03692	0.75106	0.01429	0.01846	0.01846	0.01370	0.01965	0.01132	0.01489	0.00953	0.00536	0.00596	0.00179	0.00715	0.00536	0.00298	0.00953
7	0.00859	0.00645	0.00967	0.00967	0.01074	0.00752	0.00752	0.01074	0.00967	0.01396	0.01611	0.02363	0.01504	0.04512	0.76474	0.00967	0.01611	0.00645	0.00322	0.00537
8	0.01207	0.03112	0.75741	0.01715	0.02604	0.01397	0.02223	0.01905	0.01270	0.01905	0.01080	0.01270	0.00762	0.00572	0.00572	0.00191	0.00889	0.00445	0.00254	0.00889
9	0.00861	0.00638	0.00935	0.00935	0.01032	0.00735	0.00713	0.01054	0.00958	0.01373	0.01640	0.02522	0.01573	0.12012	0.69069	0.00928	0.01508	0.00668	0.00327	0.00520
10	0.01456	0.50382	0.30657	0.01289	0.01946	0.02008	0.01481	0.01841	0.01240	0.01601	0.00929	0.01081	0.00768	0.00536	0.00456	0.00152	0.00736	0.00368	0.00256	0.00816
11	0.01999	0.00910	0.01250	0.01022	0.01383	0.00836	0.00828	0.02229	0.01445	0.45985	0.02021	0.02075	0.01441	0.01887	0.24140	0.00420	0.00847	0.00595	0.00579	0.08108
12	0.40420	0.00909	0.00928	0.00926	0.01171	0.01021	0.00771	0.01461	0.01124	0.02148	0.01728	0.03070	0.01702	0.01727	0.16422	0.00378	0.00732	0.22347	0.00418	0.00597

[dist]
# distance from previous block
# <min> <max>
6	18

[block]
# block no. 14 follows, 38 sequences, length 7
# corresponding to MSA columns:
# 1489-1495
name=unknown_O
#
# <colnr> <probs for GDERKNQSTAVLIFYWHMCP>
#	G	D	E	R	K	N	Q	S	T	A	V	L	I	F	Y	W	H	M	C	P
0	0.13714	0.01311	0.01383	0.01133	0.01495	0.08606	0.04675	0.12615	0.03348	0.06167	0.01954	0.07037	0.10439	0.00826	0.00660	0.00175	0.06103	0.00641	0.00449	0.17269
1	0.01255	0.12682	0.33708	0.01268	0.01784	0.01186	0.01379	0.01643	0.01269	0.08999	0.01905	0.26555	0.01888	0.01010	0.00613	0.00199	0.00641	0.00857	0.00403	0.00755
2	0.01708	0.10964	0.24637	0.01292	0.01879	0.06351	0.01324	0.10975	0.01589	0.14997	0.05280	0.01551	0.01209	0.00634	0.00546	0.00163	0.00679	0.00488	0.00425	0.13309
3	0.72297	0.01145	0.00953	0.00829	0.01213	0.01287	0.00683	0.01925	0.01118	0.12490	0.01044	0.01121	0.00764	0.00583	0.00404	0.00186	0.00472	0.00363	0.00422	0.00702
4	0.02444	0.00992	0.01335	0.01031	0.01474	0.00851	0.00846	0.02683	0.01689	0.64347	0.08525	0.02205	0.01810	0.00767	0.00603	0.00180	0.00488	0.00630	0.00712	0.06389
5	0.01362	0.00758	0.01010	0.00994	0.01227	0.00703	0.00838	0.01608	0.01492	0.20641	0.08575	0.05254	0.14400	0.01375	0.00746	0.00236	0.00484	0.37019	0.00611	0.00668
6	0.37104	0.01152	0.01350	0.01388	0.13661	0.01175	0.00945	0.02250	0.01363	0.31897	0.01505	0.01494	0.01039	0.00630	0.00503	0.00185	0.00526	0.00473	0.00510	0.00852

[dist]
# distance from previous block
# <min> <max>
0	30

[block]
# block no. 15 follows, 38 sequences, length 6
# corresponding to MSA columns:
# 1530-1535
name=unknown_P
#
# <colnr> <probs for GDERKNQSTAVLIFYWHMCP>
#	G	D	E	R	K	N	Q	S	T	A	V	L	I	F	Y	W	H	M	C	P
0	0.01499	0.00924	0.01128	0.00877	0.01288	0.00746	0.00699	0.01741	0.01455	0.21683	0.12011	0.02611	0.13378	0.00800	0.00565	0.00146	0.00420	0.00665	0.00533	0.36831
1	0.01609	0.00787	0.01039	0.00948	0.01192	0.00721	0.00718	0.01881	0.05709	0.32454	0.11151	0.33676	0.03015	0.01272	0.00684	0.00211	0.00417	0.01118	0.00651	0.00747
2	0.01657	0.01030	0.01226	0.01061	0.01367	0.01027	0.00821	0.19745	0.07465	0.18442	0.02391	0.30172	0.02275	0.01144	0.00652	0.00200	0.00481	0.00985	0.00598	0.07261
3	0.01830	0.01722	0.01474	0.01291	0.01606	0.23214	0.00995	0.27430	0.11555	0.02453	0.01838	0.18339	0.01707	0.00960	0.00622	0.00190	0.00692	0.00771	0.00509	0.00802
4	0.01433	0.01325	0.02056	0.02884	0.52223	0.01366	0.01534	0.02078	0.17334	0.02127	0.08123	0.01928	0.01576	0.00661	0.00610	0.00185	0.00623	0.00618	0.00400	0.00918
5	0.01457	0.50520	0.30525	0.01288	0.01944	0.02010	0.01479	0.01840	0.01240	0.01600	0.00928	0.01080	0.00768	0.00536	0.00456	0.00152	0.00736	0.00368	0.00256	0.00816

[dist]
# distance from previous block
# <min> <max>
19	29

[block]
# block no. 16 follows, 38 sequences, length 13
# corresponding to MSA columns:
# 1565-1577
name=unknown_Q
#
# <colnr> <probs for GDERKNQSTAVLIFYWHMCP>
#	G	D	E	R	K	N	Q	S	T	A	V	L	I	F	Y	W	H	M	C	P
0	0.01444	0.01324	0.01819	0.01478	0.01866	0.01430	0.16085	0.04846	0.44288	0.02299	0.02012	0.05295	0.01588	0.00776	0.00687	0.00198	0.04047	0.00695	0.00509	0.07313
1	0.01738	0.01247	0.01469	0.01108	0.01571	0.01186	0.00904	0.20574	0.01704	0.13047	0.01332	0.01421	0.01003	0.00615	0.00645	0.00143	0.07348	0.00456	0.00469	0.42020
2	0.01370	0.01674	0.09788	0.02186	0.02647	0.01602	0.45879	0.01788	0.01263	0.01788	0.01082	0.01502	0.00864	0.00669	0.01058	0.00219	0.22925	0.00633	0.00288	0.00775
3	0.14966	0.52316	0.16169	0.01116	0.01677	0.02029	0.01187	0.01815	0.01198	0.01717	0.00881	0.01023	0.00750	0.00532	0.00418	0.00150	0.00659	0.00345	0.00276	0.00774
4	0.00812	0.00593	0.00774	0.00848	0.00952	0.00555	0.00637	0.01006	0.01372	0.01836	0.22761	0.35768	0.11899	0.01623	0.00759	0.00232	0.00370	0.16090	0.00585	0.00526
5	0.00803	0.00613	0.00737	0.00706	0.00869	0.00547	0.00529	0.01041	0.01588	0.02140	0.51056	0.04941	0.29578	0.01331	0.00710	0.00194	0.00291	0.01151	0.00626	0.00547
6	0.01452	0.01622	0.02856	0.02151	0.02540	0.07522	0.44267	0.01810	0.01282	0.01737	0.01057	0.01482	0.00862	0.00691	0.01103	0.00218	0.25676	0.00626	0.00292	0.00753
7	0.01015	0.00907	0.01251	0.01196	0.01214	0.01143	0.00925	0.01133	0.01040	0.01493	0.02095	0.41176	0.02437	0.01483	0.01351	0.00253	0.37763	0.01138	0.00416	0.00571
8	0.02247	0.02867	0.01705	0.01550	0.01860	0.76443	0.01162	0.02402	0.01705	0.01472	0.00930	0.01085	0.00775	0.00620	0.00542	0.00155	0.01085	0.00387	0.00310	0.00697
9	0.01316	0.01316	0.01843	0.01579	0.01579	0.01843	0.01316	0.01448	0.00921	0.01448	0.00790	0.01316	0.00790	0.01053	0.01974	0.00263	0.77757	0.00526	0.00263	0.00658
10	0.01496	0.01292	0.01360	0.01224	0.01564	0.01496	0.00952	0.03197	0.74019	0.02516	0.02448	0.02244	0.01836	0.00816	0.00612	0.00204	0.00476	0.00680	0.00612	0.00952
