[name]
unknown

[dist]
# distance from previous block
# <min> <max>
0	92

[block]
# block no. 0 follows, 50 sequences, length 59
# corresponding to MSA columns:
# 110-158,197-206
name=unknown_A
#
# <colnr> <probs for GDERKNQSTAVLIFYWHMCP>
#	G	D	E	R	K	N	Q	S	T	A	V	L	I	F	Y	W	H	M	C	P
0	0.00803	0.00574	0.00803	0.00918	0.01033	0.00574	0.00803	0.01033	0.01147	0.01492	0.02639	0.05622	0.02869	0.01377	0.00688	0.00229	0.00459	0.76018	0.00459	0.00459
1	0.00607	0.00434	0.00578	0.00694	0.00723	0.00405	0.00463	0.00694	0.00954	0.01272	0.02747	0.82157	0.03297	0.01562	0.00636	0.00202	0.00289	0.01417	0.00463	0.00405
2	0.01234	0.01184	0.02023	0.03059	0.79373	0.01184	0.01530	0.01530	0.01135	0.01628	0.00938	0.01234	0.00790	0.00444	0.00493	0.00148	0.00592	0.00444	0.00247	0.00790
3	0.02236	0.00848	0.01157	0.00887	0.01272	0.00733	0.00733	0.02429	0.01427	0.79719	0.01966	0.01697	0.01234	0.00617	0.00501	0.00154	0.00424	0.00501	0.00617	0.00848
4	0.00607	0.00434	0.00578	0.00694	0.00723	0.00405	0.00463	0.00694	0.00954	0.01272	0.02747	0.82157	0.03297	0.01562	0.00636	0.00202	0.00289	0.01417	0.00463	0.00405
5	0.00712	0.00534	0.00801	0.00801	0.00890	0.00623	0.00623	0.00890	0.00801	0.01157	0.01335	0.01958	0.01246	0.03738	0.80507	0.00801	0.01335	0.00534	0.00267	0.00445
6	0.01305	0.76239	0.08918	0.00899	0.01351	0.01906	0.00934	0.01500	0.01016	0.01206	0.00709	0.00820	0.00639	0.00430	0.00332	0.00111	0.00550	0.00275	0.00213	0.00648
7	0.00725	0.00483	0.00544	0.00544	0.00544	0.00483	0.00302	0.00725	0.00725	0.00966	0.01571	0.03262	0.01812	0.82483	0.02537	0.00483	0.00483	0.00725	0.00302	0.00302
8	0.01200	0.01248	0.02308	0.01782	0.05240	0.01251	0.49276	0.01940	0.26598	0.01759	0.01341	0.01510	0.01009	0.00505	0.00558	0.00168	0.00684	0.00574	0.00336	0.00715
9	0.02236	0.00848	0.01157	0.00887	0.01272	0.00733	0.00733	0.02429	0.01427	0.79719	0.01966	0.01697	0.01234	0.00617	0.00501	0.00154	0.00424	0.00501	0.00617	0.00848
10	0.00737	0.00517	0.00674	0.00630	0.00755	0.00475	0.00474	0.00969	0.01405	0.03719	0.75718	0.03702	0.06305	0.01016	0.00586	0.00157	0.00240	0.00896	0.00548	0.00478
11	0.00712	0.00534	0.00801	0.00801	0.00890	0.00623	0.00623	0.00890	0.00801	0.01157	0.01335	0.01958	0.01246	0.03738	0.80507	0.00801	0.01335	0.00534	0.00267	0.00445
12	0.01171	0.00882	0.01048	0.00755	0.01192	0.00672	0.00607	0.01389	0.01079	0.10552	0.01009	0.01109	0.00795	0.00397	0.00384	0.00083	0.00375	0.00319	0.00332	0.75849
13	0.01234	0.01184	0.02023	0.03059	0.79373	0.01184	0.01530	0.01530	0.01135	0.01628	0.00938	0.01234	0.00790	0.00444	0.00493	0.00148	0.00592	0.00444	0.00247	0.00790
14	0.01240	0.01071	0.01127	0.01014	0.01296	0.01240	0.00789	0.02649	0.78473	0.02085	0.02029	0.01860	0.01522	0.00676	0.00507	0.00169	0.00394	0.00564	0.00507	0.00789
15	0.00589	0.00505	0.00505	0.00505	0.00673	0.00421	0.00379	0.00715	0.01136	0.01347	0.05049	0.04797	0.79171	0.01262	0.00589	0.00168	0.00252	0.01052	0.00463	0.00421
16	0.01895	0.01396	0.01496	0.01147	0.01546	0.01546	0.00947	0.77711	0.02344	0.03141	0.01197	0.01197	0.00848	0.00598	0.00499	0.00150	0.00548	0.00449	0.00499	0.00848
17	0.00725	0.00483	0.00544	0.00544	0.00544	0.00483	0.00302	0.00725	0.00725	0.00966	0.01571	0.03262	0.01812	0.82483	0.02537	0.00483	0.00483	0.00725	0.00302	0.00302
18	0.01281	0.70273	0.14667	0.00941	0.01416	0.01845	0.01007	0.01506	0.01019	0.01236	0.00724	0.00839	0.00638	0.00434	0.00344	0.00115	0.00565	0.00282	0.00213	0.00655
19	0.01000	0.02578	0.79900	0.01421	0.02157	0.01158	0.01842	0.01579	0.01052	0.01579	0.00895	0.01052	0.00631	0.00474	0.00474	0.00158	0.00737	0.00368	0.00210	0.00737
20	0.81128	0.01046	0.00772	0.00692	0.00997	0.05716	0.00564	0.01496	0.00881	0.02177	0.00698	0.00815	0.00546	0.00466	0.00317	0.00153	0.00415	0.00273	0.00305	0.00542
21	0.01000	0.02578	0.79900	0.01421	0.02157	0.01158	0.01842	0.01579	0.01052	0.01579	0.00895	0.01052	0.00631	0.00474	0.00474	0.00158	0.00737	0.00368	0.00210	0.00737
22	0.00708	0.00526	0.00776	0.00798	0.00883	0.00594	0.00619	0.00879	0.00847	0.01198	0.01603	0.11425	0.01613	0.03297	0.64865	0.00686	0.01144	0.06794	0.00305	0.00442
23	0.00725	0.00483	0.00544	0.00544	0.00544	0.00483	0.00302	0.00725	0.00725	0.00966	0.01571	0.03262	0.01812	0.82483	0.02537	0.00483	0.00483	0.00725	0.00302	0.00302
24	0.00592	0.00494	0.00516	0.00534	0.00681	0.00418	0.00392	0.00712	0.01108	0.01335	0.04690	0.16863	0.67336	0.01309	0.00596	0.00174	0.00258	0.01109	0.00463	0.00418
25	0.00607	0.00434	0.00578	0.00694	0.00723	0.00405	0.00463	0.00694	0.00954	0.01272	0.02747	0.82157	0.03297	0.01562	0.00636	0.00202	0.00289	0.01417	0.00463	0.00405
26	0.00903	0.00815	0.01168	0.01058	0.01102	0.01080	0.00859	0.01047	0.00782	0.01179	0.00991	0.01519	0.00947	0.02289	0.40623	0.00506	0.41909	0.00485	0.00242	0.00496
27	0.01176	0.01345	0.02941	0.02101	0.02605	0.01261	0.77563	0.01597	0.01176	0.01597	0.01008	0.01345	0.00756	0.00420	0.00588	0.00168	0.00840	0.00588	0.00252	0.00672
28	0.01240	0.01071	0.01127	0.01014	0.01296	0.01240	0.00789	0.02649	0.78473	0.02085	0.02029	0.01860	0.01522	0.00676	0.00507	0.00169	0.00394	0.00564	0.00507	0.00789
29	0.01895	0.01396	0.01496	0.01147	0.01546	0.01546	0.00947	0.77711	0.02344	0.03141	0.01197	0.01197	0.00848	0.00598	0.00499	0.00150	0.00548	0.00449	0.00499	0.00848
30	0.02236	0.00848	0.01157	0.00887	0.01272	0.00733	0.00733	0.02429	0.01427	0.79719	0.01966	0.01697	0.01234	0.00617	0.00501	0.00154	0.00424	0.00501	0.00617	0.00848
31	0.00941	0.00886	0.01495	0.81285	0.03433	0.01107	0.01384	0.01274	0.00997	0.01274	0.00886	0.01329	0.00664	0.00498	0.00498	0.00166	0.00664	0.00443	0.00221	0.00554
32	0.01176	0.01345	0.02941	0.02101	0.02605	0.01261	0.77563	0.01597	0.01176	0.01597	0.01008	0.01345	0.00756	0.00420	0.00588	0.00168	0.00840	0.00588	0.00252	0.00672
33	0.00941	0.00886	0.01495	0.81285	0.03433	0.01107	0.01384	0.01274	0.00997	0.01274	0.00886	0.01329	0.00664	0.00498	0.00498	0.00166	0.00664	0.00443	0.00221	0.00554
34	0.01862	0.02376	0.01413	0.01284	0.01541	0.80482	0.00963	0.01990	0.01413	0.01220	0.00770	0.00899	0.00642	0.00514	0.00449	0.00128	0.00899	0.00321	0.00257	0.00578
35	0.00866	0.00433	0.00649	0.00649	0.00649	0.00433	0.00433	0.00649	0.00649	0.00866	0.00866	0.01515	0.00866	0.01732	0.01948	0.85498	0.00433	0.00433	0.00216	0.00216
36	0.00866	0.00433	0.00649	0.00649	0.00649	0.00433	0.00433	0.00649	0.00649	0.00866	0.00866	0.01515	0.00866	0.01732	0.01948	0.85498	0.00433	0.00433	0.00216	0.00216
37	0.01176	0.01345	0.02941	0.02101	0.02605	0.01261	0.77563	0.01597	0.01176	0.01597	0.01008	0.01345	0.00756	0.00420	0.00588	0.00168	0.00840	0.00588	0.00252	0.00672
38	0.00705	0.00510	0.00666	0.00627	0.00745	0.00470	0.00470	0.00941	0.01411	0.01999	0.79110	0.03723	0.04703	0.01019	0.00588	0.00157	0.00235	0.00901	0.00549	0.00470
39	0.00705	0.00510	0.00666	0.00627	0.00745	0.00470	0.00470	0.00941	0.01411	0.01999	0.79110	0.03723	0.04703	0.01019	0.00588	0.00157	0.00235	0.00901	0.00549	0.00470
40	0.01888	0.01588	0.01480	0.01174	0.01545	0.17009	0.00950	0.62877	0.02161	0.02765	0.01113	0.01138	0.00807	0.00582	0.00489	0.00145	0.00617	0.00424	0.00451	0.00795
41	0.00842	0.00966	0.16298	0.01016	0.01253	0.00688	0.01007	0.01140	0.01129	0.01509	0.02297	0.04727	0.02430	0.01200	0.00646	0.00215	0.00513	0.61198	0.00410	0.00513
42	0.01186	0.01144	0.01977	0.15222	0.64463	0.01175	0.04543	0.01492	0.01115	0.01572	0.00932	0.01253	0.00769	0.00452	0.00498	0.00152	0.00613	0.00450	0.00243	0.00748
43	0.86003	0.00964	0.00733	0.00655	0.00964	0.01118	0.00540	0.01465	0.00848	0.02236	0.00694	0.00810	0.00540	0.00463	0.00308	0.00154	0.00386	0.00270	0.00308	0.00540
44	0.01757	0.02116	0.01308	0.01185	0.01431	0.68046	0.00892	0.05050	0.01409	0.01373	0.00886	0.01021	0.00723	0.00525	0.00440	0.00128	0.00808	0.00343	0.09983	0.00576
45	0.00589	0.00505	0.00505	0.00505	0.00673	0.00421	0.00379	0.00715	0.01136	0.01347	0.05049	0.04797	0.79171	0.01262	0.00589	0.00168	0.00252	0.01052	0.00463	0.00421
46	0.86003	0.00964	0.00733	0.00655	0.00964	0.01118	0.00540	0.01465	0.00848	0.02236	0.00694	0.00810	0.00540	0.00463	0.00308	0.00154	0.00386	0.00270	0.00308	0.00540
47	0.00725	0.00483	0.00544	0.00544	0.00544	0.00483	0.00302	0.00725	0.00725	0.00966	0.01571	0.03262	0.01812	0.82483	0.02537	0.00483	0.00483	0.00725	0.00302	0.00302
48	0.00705	0.00510	0.00666	0.00627	0.00745	0.00470	0.00470	0.00941	0.01411	0.01999	0.79110	0.03723	0.04703	0.01019	0.00588	0.00157	0.00235	0.00901	0.00549	0.00470
49	0.01034	0.00886	0.01034	0.00738	0.01181	0.00664	0.00591	0.01255	0.01034	0.01624	0.00886	0.01034	0.00738	0.00369	0.00369	0.00074	0.00369	0.00295	0.00295	0.85530
50	0.01895	0.01396	0.01496	0.01147	0.01546	0.01546	0.00947	0.77711	0.02344	0.03141	0.01197	0.01197	0.00848	0.00598	0.00499	0.00150	0.00548	0.00449	0.00499	0.00848
51	0.01862	0.02376	0.01413	0.01284	0.01541	0.80482	0.00963	0.01990	0.01413	0.01220	0.00770	0.00899	0.00642	0.00514	0.00449	0.00128	0.00899	0.00321	0.00257	0.00578
52	0.00712	0.00534	0.00801	0.00801	0.00890	0.00623	0.00623	0.00890	0.00801	0.01157	0.01335	0.01958	0.01246	0.03738	0.80507	0.00801	0.01335	0.00534	0.00267	0.00445
53	0.00749	0.00539	0.00682	0.00640	0.00767	0.00515	0.00482	0.01052	0.05855	0.01996	0.70276	0.03510	0.04326	0.00974	0.00570	0.00155	0.00244	0.00857	0.05321	0.00488
54	0.00828	0.00962	0.16279	0.00989	0.01230	0.00678	0.00979	0.01119	0.01128	0.01499	0.02455	0.04673	0.07422	0.01192	0.00640	0.00211	0.00500	0.56294	0.00411	0.00511
55	0.01203	0.01154	0.01969	0.11136	0.71533	0.01176	0.01515	0.01503	0.01121	0.01592	0.00932	0.01243	0.00777	0.00450	0.00494	0.00150	0.00600	0.00444	0.00244	0.00765
56	0.00612	0.00484	0.00553	0.00596	0.00711	0.00425	0.00433	0.00736	0.01090	0.01365	0.08319	0.31426	0.45258	0.01357	0.00610	0.00182	0.00274	0.04683	0.00467	0.00420
57	0.01257	0.01277	0.06505	0.02857	0.70512	0.01203	0.01515	0.05827	0.01198	0.01711	0.00950	0.01221	0.00784	0.00455	0.00493	0.00149	0.00598	0.00440	0.00259	0.00790
58	0.00705	0.00510	0.00666	0.00627	0.00745	0.00470	0.00470	0.00941	0.01411	0.01999	0.79110	0.03723	0.04703	0.01019	0.00588	0.00157	0.00235	0.00901	0.00549	0.00470

[dist]
# distance from previous block
# <min> <max>
0	48

[block]
# block no. 1 follows, 50 sequences, length 22
# corresponding to MSA columns:
# 255-276
name=unknown_B
#
# <colnr> <probs for GDERKNQSTAVLIFYWHMCP>
#	G	D	E	R	K	N	Q	S	T	A	V	L	I	F	Y	W	H	M	C	P
0	0.01183	0.07640	0.60255	0.01359	0.01986	0.16097	0.01614	0.01650	0.01117	0.01485	0.00858	0.01007	0.00634	0.00478	0.00459	0.00149	0.00754	0.00353	0.00219	0.00701
1	0.01049	0.00942	0.01168	0.00894	0.01216	0.00900	0.00727	0.01240	0.00960	0.01508	0.00823	0.01049	0.00715	0.00506	0.00714	0.00113	0.22505	0.00334	0.00274	0.62363
2	0.01237	0.33737	0.06064	0.00889	0.01236	0.10973	0.00795	0.01415	0.01079	0.05678	0.01216	0.16656	0.01204	0.00660	0.00424	0.00128	0.00508	0.00520	0.00303	0.15278
3	0.00725	0.00483	0.00544	0.00544	0.00544	0.00483	0.00302	0.00725	0.00725	0.00966	0.01571	0.03262	0.01812	0.82483	0.02537	0.00483	0.00483	0.00725	0.00302	0.00302
4	0.00617	0.00447	0.00585	0.00692	0.00736	0.00416	0.00475	0.00715	0.00980	0.01291	0.02923	0.71749	0.09259	0.01528	0.00635	0.00201	0.00296	0.05584	0.00462	0.00409
5	0.00914	0.00954	0.00755	0.00756	0.00906	0.20532	0.00550	0.01029	0.01152	0.01293	0.03298	0.26536	0.37158	0.01162	0.00568	0.00168	0.00426	0.00976	0.00411	0.00456
6	0.29323	0.01601	0.24269	0.01065	0.01534	0.01291	0.01076	0.30251	0.01472	0.02384	0.00942	0.01027	0.00683	0.00517	0.00429	0.00154	0.00550	0.00366	0.00351	0.00714
7	0.00725	0.00483	0.00544	0.00544	0.00544	0.00483	0.00302	0.00725	0.00725	0.00966	0.01571	0.03262	0.01812	0.82483	0.02537	0.00483	0.00483	0.00725	0.00302	0.00302
8	0.00605	0.00444	0.00568	0.00667	0.00716	0.00407	0.00451	0.00697	0.00980	0.01283	0.03079	0.71022	0.14218	0.01519	0.00629	0.00198	0.00284	0.01364	0.00463	0.00407
9	0.01362	0.07008	0.44250	0.01334	0.01862	0.32840	0.01436	0.01738	0.01194	0.01413	0.00834	0.00977	0.00636	0.00487	0.00455	0.00143	0.00790	0.00344	0.00229	0.00668
10	0.01702	0.01301	0.01388	0.01108	0.01472	0.01456	0.00901	0.55668	0.24700	0.02831	0.01441	0.01391	0.01046	0.00621	0.00501	0.00155	0.00503	0.00482	0.00501	0.00830
11	0.01796	0.01216	0.01349	0.01053	0.01417	0.01311	0.00863	0.55476	0.06369	0.13997	0.08675	0.01543	0.01303	0.00645	0.00508	0.00152	0.00493	0.00505	0.00521	0.00809
12	0.00589	0.00505	0.00505	0.00505	0.00673	0.00421	0.00379	0.00715	0.01136	0.01347	0.05049	0.04797	0.79171	0.01262	0.00589	0.00168	0.00252	0.01052	0.00463	0.00421
13	0.01034	0.02361	0.68562	0.01362	0.02033	0.01169	0.01690	0.01733	0.12196	0.01651	0.01058	0.01169	0.00760	0.00503	0.00478	0.00159	0.00687	0.00396	0.00253	0.00744
14	0.01885	0.01684	0.01471	0.01187	0.01544	0.24726	0.00952	0.55475	0.02070	0.02577	0.01072	0.01109	0.00787	0.00573	0.00484	0.00143	0.00651	0.00411	0.00428	0.00768
15	0.00728	0.00524	0.00665	0.00737	0.00800	0.00512	0.00508	0.07931	0.01085	0.01448	0.02602	0.74550	0.03067	0.01471	0.00623	0.00197	0.00314	0.01326	0.00466	0.00446
16	0.01067	0.01665	0.32950	0.22061	0.29496	0.01154	0.01618	0.01485	0.01067	0.01519	0.00907	0.01185	0.00695	0.00469	0.00487	0.00156	0.00668	0.00414	0.00226	0.00709
17	0.00940	0.00841	0.01326	0.09227	0.30043	0.00904	0.01040	0.01139	0.01014	0.01409	0.01646	0.30090	0.01779	0.00955	0.00695	0.00183	0.10266	0.05592	0.00331	0.00581
18	0.01649	0.01077	0.01167	0.00926	0.01243	0.01158	0.00755	0.48621	0.01884	0.09968	0.01393	0.01434	0.01008	0.00595	0.00456	0.00140	0.00446	0.00458	0.24884	0.00738
19	0.01302	0.25081	0.01670	0.01192	0.09883	0.01444	0.00891	0.03790	0.43914	0.03476	0.01497	0.01462	0.01161	0.00574	0.00450	0.00148	0.00461	0.00459	0.00394	0.00748
20	0.01120	0.31601	0.51932	0.01215	0.01840	0.01452	0.01484	0.01547	0.01038	0.01432	0.00822	0.00961	0.00634	0.00457	0.00418	0.00139	0.00663	0.00331	0.00211	0.00702
21	0.01210	0.01225	0.06072	0.01994	0.36585	0.03485	0.03424	0.02790	0.07099	0.02961	0.00988	0.01217	0.00812	0.00521	0.00642	0.00148	0.12543	0.00424	0.00280	0.15581

[dist]
# distance from previous block
# <min> <max>
0	7

[block]
# block no. 2 follows, 50 sequences, length 24
# corresponding to MSA columns:
# 284-307
name=unknown_C
#
# <colnr> <probs for GDERKNQSTAVLIFYWHMCP>
#	G	D	E	R	K	N	Q	S	T	A	V	L	I	F	Y	W	H	M	C	P
0	0.01062	0.05807	0.01737	0.50409	0.28683	0.01184	0.01402	0.01372	0.01044	0.01386	0.00892	0.01266	0.00705	0.00476	0.00486	0.00157	0.00633	0.00433	0.00229	0.00638
1	0.01116	0.26174	0.36802	0.01207	0.01720	0.05988	0.07081	0.01472	0.01059	0.01401	0.01059	0.10747	0.00965	0.00589	0.00454	0.00147	0.00639	0.00478	0.00248	0.00654
2	0.01043	0.02275	0.61009	0.01588	0.02267	0.01183	0.20428	0.01583	0.01083	0.01583	0.00922	0.01124	0.00662	0.00460	0.00502	0.00160	0.00762	0.00422	0.00221	0.00721
3	0.00607	0.00434	0.00578	0.00694	0.00723	0.00405	0.00463	0.00694	0.00954	0.01272	0.02747	0.82157	0.03297	0.01562	0.00636	0.00202	0.00289	0.01417	0.00463	0.00405
4	0.00595	0.00480	0.00530	0.00570	0.00690	0.00415	0.00408	0.00708	0.01074	0.01321	0.04257	0.31426	0.53053	0.01365	0.00605	0.00180	0.00265	0.01178	0.00463	0.00415
5	0.04885	0.26017	0.11504	0.01156	0.01589	0.01500	0.10196	0.28019	0.01490	0.02009	0.01067	0.06423	0.00897	0.00568	0.00454	0.00144	0.00578	0.00458	0.00337	0.00708
6	0.01167	0.01252	0.01475	0.61647	0.02969	0.20591	0.01281	0.01449	0.01099	0.01260	0.00858	0.01223	0.00659	0.00502	0.00486	0.00157	0.00722	0.00413	0.00230	0.00560
7	0.00607	0.00434	0.00578	0.00694	0.00723	0.00405	0.00463	0.00694	0.00954	0.01272	0.02747	0.82157	0.03297	0.01562	0.00636	0.00202	0.00289	0.01417	0.00463	0.00405
8	0.00834	0.00913	0.10488	0.28513	0.01868	0.00810	0.00963	0.01191	0.06240	0.01546	0.20659	0.14229	0.08060	0.00851	0.00545	0.00169	0.00463	0.00745	0.00373	0.00539
9	0.01033	0.08614	0.70503	0.01409	0.02111	0.01224	0.05235	0.01573	0.01055	0.01549	0.00884	0.01047	0.00638	0.00468	0.00467	0.00154	0.00726	0.00371	0.00213	0.00726
10	0.01179	0.01129	0.01925	0.17651	0.65208	0.01170	0.01503	0.01482	0.01109	0.01562	0.00928	0.01251	0.00766	0.00454	0.00494	0.00151	0.00606	0.00444	0.00242	0.00746
11	0.01231	0.01191	0.02061	0.03020	0.76188	0.01187	0.04685	0.01533	0.01137	0.01627	0.00941	0.01238	0.00788	0.00443	0.00497	0.00149	0.00602	0.00450	0.00247	0.00785
12	0.01160	0.01090	0.01500	0.21777	0.22301	0.06199	0.01177	0.09205	0.01184	0.01567	0.01358	0.01836	0.07215	0.00685	0.00699	0.00171	0.13618	0.06333	0.00296	0.00628
13	0.01442	0.01341	0.01375	0.11040	0.13758	0.20578	0.01018	0.08446	0.17410	0.08007	0.01402	0.04215	0.01159	0.00645	0.00506	0.00158	0.00599	0.05845	0.00374	0.00683
14	0.00869	0.00537	0.00719	0.00779	0.00892	0.00504	0.00606	0.01021	0.01092	0.10791	0.02800	0.39952	0.08964	0.01360	0.00634	0.00203	0.00361	0.26957	0.00480	0.00478
15	0.01011	0.02399	0.70472	0.01407	0.02055	0.01202	0.01751	0.01533	0.01018	0.01533	0.00866	0.01057	0.00634	0.00522	0.00613	0.00165	0.10461	0.00376	0.00211	0.00714
16	0.01070	0.01004	0.01690	0.26449	0.46929	0.01067	0.01357	0.01352	0.01071	0.01478	0.01140	0.10997	0.01053	0.00595	0.00512	0.00160	0.00578	0.00561	0.00265	0.00672
17	0.00845	0.00537	0.00680	0.00709	0.00842	0.00488	0.00545	0.00993	0.01125	0.10812	0.07048	0.31024	0.23969	0.01299	0.00616	0.00191	0.00329	0.16988	0.00485	0.00477
18	0.00689	0.00511	0.00701	0.00763	0.00851	0.00523	0.00591	0.00847	0.00971	0.01295	0.02512	0.26458	0.11613	0.02230	0.28137	0.00411	0.00686	0.19381	0.00394	0.00434
19	0.01397	0.00985	0.01443	0.01791	0.33257	0.00985	0.01054	0.09523	0.07172	0.18019	0.01620	0.12673	0.01422	0.00727	0.00529	0.00164	0.00488	0.05603	0.00413	0.00734
20	0.21904	0.13316	0.16776	0.01174	0.10667	0.04178	0.00985	0.01368	0.00954	0.01558	0.00937	0.01253	0.00808	0.04551	0.17313	0.00296	0.00725	0.00386	0.00257	0.00595
21	0.01353	0.01810	0.29626	0.01398	0.01902	0.06816	0.14974	0.25697	0.01490	0.02020	0.01036	0.01210	0.00771	0.00759	0.06694	0.00205	0.00753	0.00443	0.00317	0.00727
22	0.01272	0.01003	0.01222	0.00989	0.01292	0.01028	0.06543	0.31250	0.07985	0.02201	0.07732	0.11324	0.09586	0.00807	0.00548	0.01449	0.00448	0.01998	0.00447	0.10876
23	0.01327	0.05538	0.42507	0.01223	0.01796	0.01226	0.01362	0.20092	0.05093	0.07142	0.01083	0.01156	0.00775	0.00513	0.00468	0.00147	0.00617	0.00396	0.00328	0.07210

[dist]
# distance from previous block
# <min> <max>
30	64

[block]
# block no. 3 follows, 50 sequences, length 6
# corresponding to MSA columns:
# 388-393
name=unknown_D
#
# <colnr> <probs for GDERKNQSTAVLIFYWHMCP>
#	G	D	E	R	K	N	Q	S	T	A	V	L	I	F	Y	W	H	M	C	P
0	0.00900	0.00758	0.01185	0.01476	0.22264	0.00740	0.04608	0.01142	0.01167	0.01569	0.10849	0.06583	0.09692	0.01034	0.00608	0.00190	0.00463	0.33816	0.00402	0.00555
1	0.01956	0.01299	0.01436	0.01101	0.01497	0.01401	0.00909	0.64324	0.02181	0.16758	0.01334	0.01286	0.00916	0.00602	0.00499	0.00150	0.00526	0.00458	0.00520	0.00848
2	0.16734	0.01261	0.01294	0.01036	0.01397	0.01415	0.00846	0.50674	0.15748	0.02791	0.01257	0.01247	0.00914	0.00588	0.00466	0.00154	0.00492	0.00438	0.00466	0.00782
3	0.01239	0.01008	0.01144	0.00836	0.01268	0.00875	0.00676	0.19516	0.01346	0.01987	0.00960	0.01073	0.00764	0.00424	0.00400	0.00092	0.00412	0.00332	0.00344	0.65305
4	0.16810	0.00898	0.01024	0.00823	0.01146	0.00899	0.00672	0.15674	0.01440	0.37335	0.06128	0.01589	0.01252	0.00605	0.00452	0.00149	0.00404	0.00470	0.11510	0.00721
5	0.00840	0.00548	0.00731	0.00705	0.00842	0.00511	0.00557	0.01071	0.01359	0.07724	0.57924	0.03954	0.04074	0.01061	0.00602	0.00171	0.00294	0.16001	0.00536	0.00496

[dist]
# distance from previous block
# <min> <max>
0	12

[block]
# block no. 4 follows, 50 sequences, length 14
# corresponding to MSA columns:
# 406-419
name=unknown_E
#
# <colnr> <probs for GDERKNQSTAVLIFYWHMCP>
#	G	D	E	R	K	N	Q	S	T	A	V	L	I	F	Y	W	H	M	C	P
0	0.16372	0.00697	0.00740	0.00683	0.00856	0.00705	0.00507	0.07497	0.01063	0.07342	0.02102	0.08770	0.13721	0.26170	0.01131	0.00265	0.00410	0.06809	0.00393	0.03770
1	0.00692	0.00533	0.00651	0.00706	0.00841	0.00492	0.00579	0.00869	0.01146	0.01440	0.07370	0.08490	0.37851	0.01316	0.00636	0.00197	0.00347	0.34941	0.00465	0.00440
2	0.01069	0.01060	0.01920	0.01426	0.01817	0.00983	0.39296	0.05053	0.04600	0.01718	0.10695	0.02037	0.08511	0.00609	0.00547	0.00152	0.00592	0.02923	0.00343	0.14647
3	0.01000	0.02578	0.79900	0.01421	0.02157	0.01158	0.01842	0.01579	0.01052	0.01579	0.00895	0.01052	0.00631	0.00474	0.00474	0.00158	0.00737	0.00368	0.00210	0.00737
4	0.01895	0.01396	0.01496	0.01147	0.01546	0.01546	0.00947	0.77711	0.02344	0.03141	0.01197	0.01197	0.00848	0.00598	0.00499	0.00150	0.00548	0.00449	0.00499	0.00848
5	0.01096	0.00989	0.01062	0.00786	0.01210	0.05721	0.00624	0.01371	0.04924	0.01622	0.00936	0.01066	0.00771	0.00394	0.00381	0.00082	0.00404	0.00310	0.00303	0.75946
6	0.01895	0.01396	0.01496	0.01147	0.01546	0.01546	0.00947	0.77711	0.02344	0.03141	0.01197	0.01197	0.00848	0.00598	0.00499	0.00150	0.00548	0.00449	0.00499	0.00848
7	0.00892	0.00678	0.00853	0.00907	0.01049	0.00716	0.00753	0.01375	0.19124	0.01586	0.02430	0.07552	0.02501	0.06630	0.00767	0.00231	0.00439	0.50532	0.00460	0.00523
8	0.68224	0.06516	0.00965	0.00744	0.01069	0.03893	0.00620	0.09917	0.01044	0.02231	0.00752	0.00855	0.00584	0.00477	0.00335	0.00150	0.00431	0.00291	0.00321	0.00582
9	0.01306	0.01030	0.01079	0.00922	0.01173	0.06454	0.00730	0.29154	0.10416	0.03872	0.27007	0.06081	0.04013	0.00829	0.00541	0.00159	0.00428	0.03654	0.00498	0.00654
10	0.00708	0.00510	0.00691	0.00801	0.00881	0.00493	0.00635	0.00870	0.01063	0.01389	0.02802	0.38824	0.06737	0.01452	0.00661	0.00215	0.00375	0.39999	0.00461	0.00434
11	0.01418	0.01162	0.02111	0.01563	0.01974	0.01134	0.41649	0.07211	0.09209	0.17580	0.05907	0.01590	0.01167	0.00549	0.00591	0.00165	0.03346	0.00572	0.00386	0.00716
12	0.01134	0.00788	0.00986	0.00863	0.01070	0.00801	0.04847	0.09888	0.15052	0.11201	0.07637	0.09707	0.10666	0.16753	0.00943	0.00232	0.00425	0.05969	0.00456	0.00581
13	0.01185	0.01189	0.02270	0.02306	0.33879	0.01148	0.34892	0.01514	0.01137	0.03452	0.01084	0.05748	0.00918	0.00506	0.00565	0.00158	0.02587	0.00556	0.00271	0.04634

[dist]
# distance from previous block
# <min> <max>
14	78

[block]
# block no. 5 follows, 50 sequences, length 16
# corresponding to MSA columns:
# 531-546
name=unknown_F
#
# <colnr> <probs for GDERKNQSTAVLIFYWHMCP>
#	G	D	E	R	K	N	Q	S	T	A	V	L	I	F	Y	W	H	M	C	P
0	0.00968	0.00810	0.00883	0.00852	0.01045	0.00887	0.00639	0.01820	0.45522	0.01750	0.02654	0.25276	0.12813	0.01011	0.00556	0.00179	0.00345	0.00876	0.00488	0.00628
1	0.01184	0.01022	0.01074	0.00971	0.01243	0.01169	0.00754	0.02483	0.71828	0.02022	0.02288	0.02112	0.08194	0.00727	0.00514	0.00169	0.00382	0.00606	0.00503	0.00757
2	0.01387	0.01144	0.01210	0.01044	0.01352	0.01309	0.00825	0.19522	0.61360	0.02323	0.01842	0.01711	0.01370	0.00659	0.00505	0.00165	0.00429	0.00538	0.00505	0.00802
3	0.01294	0.01098	0.01158	0.01025	0.01317	0.01265	0.00802	0.08916	0.72117	0.02173	0.01959	0.01804	0.01465	0.00670	0.00506	0.00167	0.00407	0.00554	0.00506	0.00794
4	0.01701	0.08118	0.01506	0.01093	0.01467	0.01513	0.00904	0.54474	0.19346	0.02740	0.01342	0.01313	0.00982	0.00602	0.00486	0.00150	0.00513	0.00459	0.00477	0.00817
5	0.01312	0.41011	0.29389	0.01101	0.01631	0.01616	0.01214	0.14435	0.01252	0.01648	0.00849	0.00955	0.00672	0.00472	0.00404	0.00132	0.00607	0.00333	0.00261	0.00709
6	0.01219	0.55287	0.29108	0.01048	0.01580	0.01693	0.01192	0.01522	0.01026	0.01312	0.00762	0.00886	0.00637	0.00443	0.00373	0.00124	0.00603	0.00301	0.00212	0.00673
7	0.01002	0.00577	0.00714	0.00650	0.00837	0.00507	0.00498	0.01177	0.01281	0.19185	0.29990	0.10664	0.28865	0.01059	0.00573	0.00164	0.00288	0.00908	0.00527	0.00533
8	0.01050	0.00875	0.00961	0.00875	0.01101	0.00970	0.00675	0.02046	0.51577	0.02034	0.26584	0.02544	0.04982	0.00804	0.00535	0.00165	0.00339	0.00686	0.00519	0.00676
9	0.01435	0.00867	0.00997	0.00856	0.01148	0.00882	0.00677	0.02139	0.34675	0.28533	0.02686	0.02464	0.18878	0.00788	0.00524	0.00164	0.00373	0.00652	0.00535	0.00727
10	0.00816	0.00702	0.00722	0.00683	0.00891	0.00707	0.00522	0.01390	0.28119	0.01604	0.03996	0.03772	0.52079	0.01058	0.00561	0.00169	0.00302	0.00882	0.00478	0.00549
11	0.01335	0.01021	0.01163	0.00989	0.01251	0.01151	0.00789	0.34030	0.18916	0.02206	0.01439	0.01649	0.01155	0.03986	0.26163	0.00372	0.00764	0.00510	0.00421	0.00690
12	0.01104	0.01015	0.01698	0.30298	0.45637	0.01093	0.01373	0.01407	0.01078	0.01524	0.00981	0.01323	0.00789	0.00475	0.00482	0.00152	0.00585	0.00446	0.07862	0.00678
13	0.12858	0.20777	0.27779	0.00932	0.01366	0.01141	0.01018	0.01324	0.01074	0.01592	0.11577	0.01893	0.13504	0.00655	0.00447	0.00147	0.00498	0.00507	0.00308	0.00602
14	0.01124	0.21768	0.08123	0.00996	0.01329	0.01212	0.07674	0.04835	0.18709	0.01552	0.01378	0.08479	0.01258	0.11982	0.00746	0.00190	0.00506	0.00544	0.00336	0.07260
15	0.01429	0.25031	0.23316	0.01126	0.01615	0.01534	0.01152	0.28212	0.08435	0.02053	0.01044	0.01103	0.00789	0.00522	0.00441	0.00141	0.00582	0.00385	0.00338	0.00752

[dist]
# distance from previous block
# <min> <max>
34	153

[block]
# block no. 6 follows, 50 sequences, length 51
# corresponding to MSA columns:
# 736-786
name=unknown_G
#
# <colnr> <probs for GDERKNQSTAVLIFYWHMCP>
#	G	D	E	R	K	N	Q	S	T	A	V	L	I	F	Y	W	H	M	C	P
0	0.11099	0.07605	0.01264	0.08813	0.01420	0.02914	0.05956	0.06241	0.01171	0.14617	0.04367	0.15577	0.03962	0.00734	0.00510	0.00153	0.02382	0.00616	0.00387	0.10213
1	0.03928	0.01211	0.09542	0.13868	0.10575	0.08982	0.01034	0.01696	0.10934	0.13013	0.05368	0.01529	0.01142	0.00902	0.09176	0.00221	0.00643	0.00467	0.00350	0.05418
2	0.15586	0.04520	0.06691	0.01417	0.19702	0.01057	0.04462	0.07052	0.08116	0.04097	0.02407	0.06300	0.03096	0.08647	0.00667	0.00184	0.00497	0.00521	0.00337	0.04643
3	0.11500	0.01009	0.01438	0.18732	0.03039	0.01111	0.11103	0.09905	0.02759	0.01736	0.04477	0.01528	0.06222	0.00607	0.00639	0.00158	0.11827	0.00485	0.00313	0.11410
4	0.20908	0.06797	0.08887	0.03728	0.01337	0.02115	0.00786	0.03104	0.01035	0.05866	0.00883	0.01016	0.00697	0.00447	0.00421	0.00118	0.03209	0.00319	0.00300	0.38026
5	0.02360	0.07154	0.01489	0.01089	0.01406	0.08771	0.17487	0.01440	0.01194	0.11884	0.11908	0.12813	0.04488	0.00716	0.00512	0.00146	0.00512	0.00649	0.00382	0.13600
6	0.05019	0.00753	0.00890	0.03208	0.01048	0.03289	0.00642	0.04478	0.04446	0.15194	0.06325	0.29558	0.12996	0.01064	0.00665	0.00179	0.08352	0.00888	0.00453	0.00553
7	0.01083	0.01022	0.01664	0.15734	0.51002	0.01034	0.01289	0.01357	0.01106	0.01529	0.01499	0.01735	0.11690	0.00563	0.00500	0.00150	0.00544	0.00520	0.00275	0.05705
8	0.00666	0.00508	0.00612	0.00586	0.00721	0.00454	0.00439	0.00865	0.01318	0.01778	0.54087	0.04086	0.29864	0.01101	0.00588	0.00161	0.00241	0.00952	0.00520	0.00454
9	0.01040	0.06492	0.68236	0.01352	0.02028	0.01207	0.01688	0.01679	0.08667	0.01608	0.00996	0.01119	0.00719	0.00491	0.00469	0.00156	0.00693	0.00382	0.00240	0.00737
10	0.01683	0.01354	0.12268	0.01056	0.01507	0.01161	0.00962	0.37447	0.01733	0.18561	0.01258	0.01251	0.00878	0.00543	0.00472	0.00138	0.00516	0.00420	0.00446	0.16347
11	0.01715	0.09255	0.01772	0.01214	0.01635	0.01322	0.14772	0.36909	0.01738	0.17102	0.01238	0.01268	0.00877	0.00537	0.00489	0.00144	0.00564	0.00456	0.00434	0.06559
12	0.01239	0.60249	0.24326	0.01012	0.01526	0.01743	0.01131	0.01517	0.01024	0.01287	0.00750	0.00871	0.00637	0.00440	0.00363	0.00121	0.00590	0.00295	0.00212	0.00667
13	0.00705	0.00510	0.00666	0.00627	0.00745	0.00470	0.00470	0.00941	0.01411	0.01999	0.79110	0.03723	0.04703	0.01019	0.00588	0.00157	0.00235	0.00901	0.00549	0.00470
14	0.00712	0.00534	0.00801	0.00801	0.00890	0.00623	0.00623	0.00890	0.00801	0.01157	0.01335	0.01958	0.01246	0.03738	0.80507	0.00801	0.01335	0.00534	0.00267	0.00445
15	0.01120	0.01255	0.02709	0.01962	0.02420	0.01176	0.69978	0.01508	0.01155	0.01565	0.01179	0.09295	0.01006	0.00532	0.00593	0.00171	0.00786	0.00670	0.00273	0.00646
16	0.00595	0.00500	0.00517	0.00523	0.00680	0.00422	0.00388	0.00723	0.01135	0.01369	0.08006	0.10017	0.70877	0.01272	0.00592	0.00170	0.00254	0.01070	0.00466	0.00422
17	0.00705	0.00510	0.00666	0.00627	0.00745	0.00470	0.00470	0.00941	0.01411	0.01999	0.79110	0.03723	0.04703	0.01019	0.00588	0.00157	0.00235	0.00901	0.00549	0.00470
18	0.01272	0.68232	0.16633	0.00956	0.01439	0.01824	0.01032	0.01508	0.01020	0.01246	0.00730	0.00845	0.00638	0.00435	0.00348	0.00116	0.00570	0.00285	0.00213	0.00657
19	0.02014	0.00887	0.01140	0.00887	0.01248	0.00814	0.00728	0.12745	0.01534	0.60544	0.05278	0.01920	0.06561	0.00674	0.00510	0.00155	0.00422	0.00548	0.00587	0.00804
20	0.00593	0.00488	0.00522	0.00549	0.00685	0.00417	0.00398	0.00710	0.01094	0.01329	0.04514	0.22791	0.61522	0.01332	0.00600	0.00176	0.00261	0.01137	0.00463	0.00417
21	0.00941	0.00886	0.01495	0.81285	0.03433	0.01107	0.01384	0.01274	0.00997	0.01274	0.00886	0.01329	0.00664	0.00498	0.00498	0.00166	0.00664	0.00443	0.00221	0.00554
22	0.01128	0.01108	0.01524	0.31458	0.26930	0.09155	0.01232	0.01522	0.09608	0.01470	0.01200	0.09265	0.01055	0.00607	0.00506	0.00160	0.00599	0.00540	0.00288	0.00643
23	0.01791	0.01955	0.01397	0.05940	0.01613	0.52702	0.00957	0.19507	0.01591	0.03556	0.00935	0.01047	0.00728	0.00537	0.00461	0.00136	0.00768	0.00367	0.03369	0.00641
24	0.01240	0.01071	0.01127	0.01014	0.01296	0.01240	0.00789	0.02649	0.78473	0.02085	0.02029	0.01860	0.01522	0.00676	0.00507	0.00169	0.00394	0.00564	0.00507	0.00789
25	0.01682	0.02043	0.01502	0.11358	0.01818	0.60049	0.04560	0.05030	0.01360	0.01324	0.00809	0.00994	0.00659	0.00527	0.00517	0.00140	0.04420	0.00359	0.00261	0.00589
26	0.00613	0.00438	0.00585	0.00701	0.00732	0.00410	0.00473	0.00704	0.00960	0.01279	0.02744	0.79878	0.03284	0.01556	0.00638	0.00203	0.00294	0.03639	0.00463	0.00406
27	0.01895	0.01396	0.01496	0.01147	0.01546	0.01546	0.00947	0.77711	0.02344	0.03141	0.01197	0.01197	0.00848	0.00598	0.00499	0.00150	0.00548	0.00449	0.00499	0.00848
28	0.00955	0.00865	0.01162	0.01025	0.01025	0.01139	0.00798	0.01023	0.00749	0.01113	0.00994	0.01897	0.01084	0.31166	0.01970	0.00317	0.51471	0.00543	0.00249	0.00455
29	0.01211	0.32234	0.43497	0.01183	0.01771	0.01498	0.01387	0.09036	0.01165	0.01582	0.00849	0.00973	0.00656	0.00468	0.00419	0.00138	0.00643	0.00338	0.00240	0.00712
30	0.00705	0.08557	0.00807	0.00735	0.00819	0.00583	0.00546	0.00820	0.00992	0.01295	0.02599	0.61231	0.05236	0.01415	0.00611	0.00196	0.00336	0.11643	0.00438	0.00436
31	0.01921	0.01353	0.01469	0.01127	0.01524	0.01482	0.00931	0.71843	0.02272	0.09111	0.01257	0.01236	0.00878	0.00600	0.00499	0.00150	0.00539	0.00453	0.00508	0.00848
32	0.01021	0.00642	0.00871	0.00733	0.00920	0.00639	0.11146	0.05745	0.01140	0.01898	0.01515	0.01748	0.01180	0.00559	0.00391	0.00125	0.00336	0.00481	0.68396	0.00516
33	0.00790	0.01266	0.30050	0.00919	0.01259	0.00711	0.00969	0.01121	0.01187	0.01677	0.32147	0.13769	0.10322	0.00916	0.00552	0.00165	0.00431	0.00790	0.00403	0.00555
34	0.02236	0.00848	0.01157	0.00887	0.01272	0.00733	0.00733	0.02429	0.01427	0.79719	0.01966	0.01697	0.01234	0.00617	0.00501	0.00154	0.00424	0.00501	0.00617	0.00848
35	0.00610	0.00435	0.00577	0.00690	0.00718	0.00407	0.00459	0.00695	0.00948	0.01264	0.02717	0.80099	0.03258	0.03673	0.00686	0.00210	0.00294	0.01399	0.00459	0.00402
36	0.00941	0.00886	0.01495	0.81285	0.03433	0.01107	0.01384	0.01274	0.00997	0.01274	0.00886	0.01329	0.00664	0.00498	0.00498	0.00166	0.00664	0.00443	0.00221	0.00554
37	0.00758	0.00565	0.00712	0.00665	0.00799	0.00546	0.00502	0.01109	0.08992	0.02007	0.71527	0.03540	0.04390	0.00985	0.00580	0.00158	0.00251	0.00868	0.00545	0.00502
38	0.00705	0.00510	0.00666	0.00627	0.00745	0.00470	0.00470	0.00941	0.01411	0.01999	0.79110	0.03723	0.04703	0.01019	0.00588	0.00157	0.00235	0.00901	0.00549	0.00470
39	0.00605	0.00444	0.00568	0.00668	0.00716	0.00407	0.00451	0.00697	0.00980	0.01283	0.03068	0.71375	0.13872	0.01520	0.00630	0.00198	0.00284	0.01366	0.00463	0.00407
40	0.05486	0.06885	0.01381	0.01044	0.01393	0.01413	0.00853	0.36831	0.32866	0.04355	0.01492	0.01431	0.01100	0.00612	0.00481	0.00155	0.00475	0.00475	0.00476	0.00795
41	0.01332	0.02139	0.50796	0.01319	0.01930	0.01302	0.01510	0.29839	0.01532	0.02159	0.01007	0.01106	0.00712	0.00520	0.00483	0.00155	0.00667	0.00398	0.00317	0.00778
42	0.00649	0.00470	0.00620	0.00712	0.00774	0.00441	0.00515	0.00777	0.01044	0.01386	0.10398	0.56230	0.08526	0.01457	0.00637	0.00200	0.00310	0.13961	0.00471	0.00422
43	0.09362	0.02419	0.72112	0.01345	0.02040	0.01154	0.01714	0.01567	0.01032	0.01643	0.00875	0.01028	0.00622	0.00472	0.00457	0.00157	0.00702	0.00359	0.00220	0.00717
44	0.05049	0.01050	0.01756	0.01302	0.01701	0.00983	0.29215	0.09158	0.01354	0.20946	0.11620	0.01675	0.01396	0.00562	0.00522	0.00150	0.00558	0.00549	0.00412	0.10042
45	0.00607	0.00434	0.00578	0.00694	0.00723	0.00405	0.00463	0.00694	0.00954	0.01272	0.02747	0.82157	0.03297	0.01562	0.00636	0.00202	0.00289	0.01417	0.00463	0.00405
46	0.00649	0.00487	0.00654	0.00698	0.00778	0.00492	0.00509	0.00785	0.00955	0.01285	0.07121	0.34769	0.15354	0.02287	0.30274	0.00416	0.00668	0.00998	0.00395	0.00426
47	0.01341	0.01439	0.01174	0.00941	0.01315	0.30293	0.00729	0.01528	0.01174	0.01474	0.00843	0.00984	0.00703	0.00423	0.00399	0.00094	0.00566	0.00305	0.00281	0.53995
48	0.32645	0.03966	0.09640	0.01046	0.01465	0.01064	0.14305	0.01469	0.00995	0.04189	0.00856	0.01021	0.00666	0.00450	0.00439	0.00137	0.03114	0.00355	0.00288	0.21888
49	0.01782	0.00971	0.01319	0.01013	0.01384	0.00919	0.07745	0.15301	0.05694	0.41265	0.09253	0.01733	0.01441	0.00619	0.00507	0.00149	0.00459	0.00527	0.00525	0.07393
50	0.06776	0.00593	0.00649	0.00603	0.00793	0.00543	0.00463	0.01064	0.04040	0.09312	0.23202	0.03832	0.44195	0.01060	0.00558	0.00163	0.00279	0.00887	0.00491	0.00497

[dist]
# distance from previous block
# <min> <max>
0	2

[block]
# block no. 7 follows, 50 sequences, length 10
# corresponding to MSA columns:
# 789-798
name=unknown_H
#
# <colnr> <probs for GDERKNQSTAVLIFYWHMCP>
#	G	D	E	R	K	N	Q	S	T	A	V	L	I	F	Y	W	H	M	C	P
0	0.01048	0.00972	0.01498	0.26547	0.14123	0.00936	0.07703	0.01333	0.01050	0.01512	0.00905	0.01185	0.00725	0.00426	0.00448	0.00123	0.00538	0.00390	0.00261	0.38278
1	0.00884	0.00797	0.01241	0.01086	0.01182	0.00981	0.08240	0.01055	0.00822	0.01206	0.01086	0.01665	0.01025	0.05858	0.42999	0.00531	0.28083	0.00515	0.00251	0.00494
2	0.00620	0.00439	0.00575	0.00678	0.00704	0.00413	0.00445	0.00697	0.00930	0.01240	0.02621	0.73686	0.03137	0.10251	0.00840	0.00233	0.00310	0.01343	0.00445	0.00394
3	0.01034	0.14537	0.64033	0.01293	0.01950	0.01243	0.01620	0.01531	0.01066	0.01540	0.05046	0.01157	0.00850	0.00496	0.00457	0.00150	0.00679	0.00382	0.00229	0.00708
4	0.01492	0.00890	0.01088	0.00819	0.01226	0.00745	0.00662	0.01818	0.08700	0.30136	0.01391	0.01356	0.00995	0.00489	0.00431	0.00112	0.00392	0.00396	0.00433	0.46430
5	0.00657	0.00505	0.00583	0.00565	0.00692	0.00450	0.00413	0.00820	0.01219	0.01606	0.38814	0.04137	0.36539	0.09872	0.00798	0.00197	0.00269	0.00947	0.00485	0.00431
6	0.02236	0.00848	0.01157	0.00887	0.01272	0.00733	0.00733	0.02429	0.01427	0.79719	0.01966	0.01697	0.01234	0.00617	0.00501	0.00154	0.00424	0.00501	0.00617	0.00848
7	0.00881	0.00702	0.04588	0.00758	0.00954	0.00599	0.03933	0.01108	0.01299	0.09339	0.45457	0.03407	0.19515	0.00973	0.00620	0.00162	0.03856	0.00835	0.00494	0.00521
8	0.01091	0.01091	0.01527	0.01309	0.01309	0.01527	0.01091	0.01200	0.00763	0.01200	0.00654	0.01091	0.00654	0.00872	0.01636	0.00218	0.81570	0.00436	0.00218	0.00545
9	0.00641	0.00460	0.00609	0.00671	0.00730	0.00428	0.00465	0.00779	0.01112	0.01524	0.29187	0.55000	0.03784	0.01374	0.00619	0.00187	0.00270	0.01238	0.00492	0.00428

[dist]
# distance from previous block
# <min> <max>
0	1

[block]
# block no. 8 follows, 50 sequences, length 163
# corresponding to MSA columns:
# 800-962
name=unknown_I
#
# <colnr> <probs for GDERKNQSTAVLIFYWHMCP>
#	G	D	E	R	K	N	Q	S	T	A	V	L	I	F	Y	W	H	M	C	P
0	0.01549	0.01060	0.01179	0.01002	0.01322	0.01162	0.00796	0.11867	0.51450	0.19973	0.01912	0.01741	0.01373	0.00653	0.00505	0.00163	0.00420	0.00535	0.00531	0.00810
1	0.27295	0.10916	0.05814	0.00878	0.01251	0.06456	0.00772	0.01958	0.05285	0.32871	0.01289	0.01238	0.00893	0.00535	0.00416	0.00148	0.00474	0.00387	0.00421	0.00702
2	0.01155	0.01028	0.01512	0.01857	0.38747	0.00916	0.01045	0.01412	0.01091	0.03272	0.00934	0.01144	0.00773	0.00410	0.00432	0.00111	0.00477	0.00371	0.00279	0.43035
3	0.00674	0.00478	0.00615	0.00637	0.00704	0.00449	0.00440	0.00818	0.01136	0.01571	0.39239	0.31510	0.03728	0.14601	0.00925	0.00227	0.00295	0.01056	0.00478	0.00419
4	0.01508	0.30775	0.12987	0.00954	0.01380	0.01302	0.00930	0.04118	0.09117	0.23903	0.05948	0.01392	0.01150	0.00553	0.00435	0.00138	0.00497	0.00423	0.00388	0.02104
5	0.01054	0.00799	0.00917	0.00829	0.01041	0.00856	0.00639	0.01851	0.38433	0.06706	0.37449	0.02706	0.02966	0.00830	0.00544	0.00163	0.00323	0.00715	0.00533	0.00646
6	0.01151	0.00959	0.01096	0.00803	0.01232	0.00803	0.00645	0.10830	0.05033	0.01836	0.00981	0.01095	0.00791	0.00413	0.00392	0.00088	0.00393	0.00328	0.00331	0.70804
7	0.01285	0.43582	0.02329	0.01913	0.38796	0.01594	0.01178	0.01510	0.01071	0.01392	0.00810	0.01008	0.00712	0.00435	0.00403	0.00127	0.00561	0.00352	0.00229	0.00712
8	0.06635	0.01792	0.29269	0.01151	0.01624	0.16265	0.01168	0.05538	0.04066	0.24098	0.02870	0.01286	0.00929	0.00546	0.00472	0.00151	0.00625	0.00414	0.00373	0.00728
9	0.00607	0.00434	0.00578	0.00694	0.00723	0.00405	0.00463	0.00694	0.00954	0.01272	0.02747	0.82157	0.03297	0.01562	0.00636	0.00202	0.00289	0.01417	0.00463	0.00405
10	0.00607	0.00434	0.00578	0.00694	0.00723	0.00405	0.00463	0.00694	0.00954	0.01272	0.02747	0.82157	0.03297	0.01562	0.00636	0.00202	0.00289	0.01417	0.00463	0.00405
11	0.76114	0.00972	0.00796	0.00693	0.01011	0.01105	0.00571	0.04592	0.00953	0.08305	0.00813	0.00894	0.00606	0.00480	0.00331	0.00154	0.00395	0.00295	0.00340	0.00576
12	0.00929	0.08407	0.09447	0.01369	0.14176	0.00918	0.13420	0.01194	0.01124	0.01471	0.04163	0.05637	0.24870	0.00854	0.00551	0.00167	0.00505	0.09872	0.00346	0.00580
13	0.01240	0.01071	0.01127	0.01014	0.01296	0.01240	0.00789	0.02649	0.78473	0.02085	0.02029	0.01860	0.01522	0.00676	0.00507	0.00169	0.00394	0.00564	0.00507	0.00789
14	0.01091	0.01091	0.01527	0.01309	0.01309	0.01527	0.01091	0.01200	0.00763	0.01200	0.00654	0.01091	0.00654	0.00872	0.01636	0.00218	0.81570	0.00436	0.00218	0.00545
15	0.01333	0.82783	0.02612	0.00853	0.01279	0.01972	0.00853	0.01493	0.01013	0.01173	0.00693	0.00800	0.00640	0.00426	0.00320	0.00107	0.00533	0.00267	0.00213	0.00640
16	0.02124	0.01028	0.01268	0.00972	0.01362	0.01000	0.00803	0.27152	0.01728	0.54571	0.01714	0.01532	0.01107	0.00611	0.00500	0.00153	0.00465	0.00484	0.00578	0.00848
17	0.01133	0.01122	0.01944	0.10849	0.39221	0.01218	0.13709	0.01406	0.01043	0.01482	0.00976	0.05242	0.00868	0.00587	0.00745	0.00170	0.16842	0.00514	0.00250	0.00677
18	0.00954	0.00899	0.01517	0.77983	0.06638	0.01111	0.01390	0.01284	0.01003	0.01289	0.00888	0.01325	0.00670	0.00496	0.00498	0.00165	0.00661	0.00443	0.00223	0.00564
19	0.00607	0.00434	0.00578	0.00694	0.00723	0.00405	0.00463	0.00694	0.00954	0.01272	0.02747	0.82157	0.03297	0.01562	0.00636	0.00202	0.00289	0.01417	0.00463	0.00405
20	0.01054	0.01106	0.02190	0.43244	0.03035	0.01181	0.37981	0.01429	0.01083	0.01429	0.00945	0.01336	0.00709	0.00461	0.00542	0.00167	0.00749	0.00513	0.00236	0.00611
21	0.00939	0.00781	0.00844	0.00813	0.00946	0.11105	0.00619	0.01112	0.01066	0.06063	0.16607	0.09269	0.05714	0.02293	0.38963	0.00467	0.00868	0.00676	0.00367	0.00487
22	0.00597	0.00474	0.00537	0.00587	0.00695	0.00414	0.00415	0.00706	0.01057	0.01314	0.04050	0.38382	0.46231	0.01392	0.00610	0.00183	0.00268	0.01210	0.00463	0.00414
23	0.00725	0.00483	0.00544	0.00544	0.00544	0.00483	0.00302	0.00725	0.00725	0.00966	0.01571	0.03262	0.01812	0.82483	0.02537	0.00483	0.00483	0.00725	0.00302	0.00302
24	0.05992	0.01046	0.01235	0.00958	0.01339	0.03387	0.00788	0.22458	0.01644	0.53335	0.01666	0.01498	0.01081	0.00602	0.00490	0.00152	0.00470	0.00471	0.00560	0.00826
25	0.07723	0.06674	0.32125	0.01654	0.02227	0.01253	0.38058	0.01573	0.01094	0.01614	0.00922	0.01159	0.00685	0.00444	0.00507	0.00159	0.00747	0.00460	0.00238	0.00685
26	0.00607	0.00434	0.00578	0.00694	0.00723	0.00405	0.00463	0.00694	0.00954	0.01272	0.02747	0.82157	0.03297	0.01562	0.00636	0.00202	0.00289	0.01417	0.00463	0.00405
27	0.02062	0.01012	0.01246	0.00965	0.01341	0.00987	0.00793	0.27030	0.01709	0.51639	0.01744	0.04598	0.01186	0.00647	0.00506	0.00155	0.00460	0.00519	0.00572	0.00831
28	0.01323	0.80349	0.04957	0.00870	0.01306	0.01948	0.00883	0.01495	0.01014	0.01185	0.00699	0.00807	0.00639	0.00428	0.00324	0.00108	0.00539	0.00270	0.00213	0.00643
