[name]
unknown

[dist]
# distance from previous block
# <min> <max>
0	16

[block]
# block no. 0 follows, 50 sequences, length 10
# corresponding to MSA columns:
# 16-25
name=unknown_A
#
# <colnr> <probs for GDERKNQSTAVLIFYWHMCP>
#	G	D	E	R	K	N	Q	S	T	A	V	L	I	F	Y	W	H	M	C	P
0	0.01200	0.17308	0.26962	0.01149	0.01598	0.07021	0.05801	0.03461	0.01171	0.06901	0.05243	0.01948	0.01270	0.00650	0.00489	0.00154	0.00604	0.12859	0.00314	0.03896
1	0.12374	0.08628	0.03137	0.01046	0.01299	0.18899	0.00858	0.04785	0.21851	0.01686	0.03008	0.01461	0.01075	0.00755	0.03548	0.00183	0.11117	0.03312	0.00345	0.00633
2	0.00672	0.00517	0.00745	0.13975	0.01179	0.00535	0.00623	0.00812	0.00977	0.01304	0.06297	0.60901	0.02835	0.01465	0.04502	0.00223	0.00399	0.01187	0.00418	0.00435
3	0.00948	0.00738	0.00956	0.00878	0.00928	0.00927	0.00697	0.01101	0.00905	0.01469	0.01378	0.14748	0.01333	0.00872	0.00969	0.00176	0.36433	0.00609	0.33445	0.00491
4	0.01030	0.03803	0.01422	0.37556	0.21885	0.00998	0.01142	0.01321	0.01045	0.01503	0.01057	0.01392	0.00834	0.00495	0.00452	0.00145	0.00534	0.00436	0.19147	0.03802
5	0.00719	0.00505	0.00654	0.00654	0.00692	0.00543	0.00440	0.00796	0.00758	0.01048	0.01470	0.02703	0.01570	0.48742	0.35946	0.00619	0.00848	0.00643	0.00287	0.00363
6	0.71988	0.00951	0.00858	0.13941	0.01371	0.01116	0.00679	0.01434	0.00873	0.02078	0.00726	0.00895	0.00560	0.00469	0.00340	0.00156	0.00432	0.00298	0.00294	0.00542
7	0.01445	0.01054	0.01155	0.01002	0.01308	0.01175	0.00790	0.07282	0.61042	0.14943	0.01967	0.01792	0.01432	0.00662	0.00506	0.00165	0.00409	0.00546	0.00525	0.00802
8	0.01346	0.00979	0.01277	0.00945	0.01368	0.00850	0.07750	0.08023	0.07200	0.15483	0.01201	0.01256	0.00896	0.00460	0.00434	0.00110	0.00439	0.00392	0.00381	0.49208
9	0.00607	0.00434	0.00578	0.00694	0.00723	0.00405	0.00463	0.00694	0.00954	0.01272	0.02747	0.82157	0.03297	0.01562	0.00636	0.00202	0.00289	0.01417	0.00463	0.00405

[dist]
# distance from previous block
# <min> <max>
3	8

[block]
# block no. 1 follows, 50 sequences, length 59
# corresponding to MSA columns:
# 34-92
name=unknown_B
#
# <colnr> <probs for GDERKNQSTAVLIFYWHMCP>
#	G	D	E	R	K	N	Q	S	T	A	V	L	I	F	Y	W	H	M	C	P
0	0.00681	0.00509	0.00632	0.00601	0.00730	0.00460	0.00451	0.00893	0.01353	0.01861	0.63437	0.03951	0.20462	0.01071	0.00588	0.00159	0.00239	0.00933	0.00531	0.00460
1	0.01034	0.00886	0.01034	0.00738	0.01181	0.00664	0.00591	0.01255	0.01034	0.01624	0.00886	0.01034	0.00738	0.00369	0.00369	0.00074	0.00369	0.00295	0.00295	0.85530
2	0.01944	0.01183	0.01350	0.01044	0.01431	0.01240	0.00859	0.46254	0.07300	0.28186	0.01501	0.01404	0.01019	0.00605	0.00498	0.00151	0.00493	0.00471	0.00534	0.02533
3	0.01234	0.01184	0.02023	0.03059	0.79373	0.01184	0.01530	0.01530	0.01135	0.01628	0.00938	0.01234	0.00790	0.00444	0.00493	0.00148	0.00592	0.00444	0.00247	0.00790
4	0.01209	0.01160	0.01979	0.09540	0.73082	0.01178	0.01518	0.01509	0.01124	0.01599	0.00933	0.01242	0.00779	0.00449	0.00494	0.00150	0.00598	0.00444	0.00245	0.00770
5	0.01034	0.00886	0.01034	0.00738	0.01181	0.00664	0.00591	0.01255	0.01034	0.01624	0.00886	0.01034	0.00738	0.00369	0.00369	0.00074	0.00369	0.00295	0.00295	0.85530
6	0.00654	0.00519	0.00619	0.00627	0.00742	0.00485	0.00466	0.00803	0.01156	0.01507	0.24522	0.20797	0.36921	0.01245	0.00648	0.00176	0.03889	0.03308	0.00475	0.00438
7	0.04412	0.00955	0.01297	0.08129	0.01520	0.01042	0.05647	0.08054	0.14738	0.24169	0.01567	0.01860	0.01211	0.00908	0.06244	0.00217	0.10330	0.06571	0.00434	0.00694
8	0.00783	0.00584	0.00738	0.00777	0.06452	0.00521	0.00530	0.00974	0.01259	0.05455	0.36551	0.06519	0.31832	0.01044	0.00571	0.00159	0.00283	0.00901	0.00486	0.03580
9	0.01024	0.02410	0.69408	0.01513	0.02218	0.01172	0.12165	0.01581	0.01069	0.01581	0.00910	0.01092	0.00648	0.00466	0.00489	0.00159	0.00751	0.00398	0.00216	0.00728
10	0.01333	0.82783	0.02612	0.00853	0.01279	0.01972	0.00853	0.01493	0.01013	0.01173	0.00693	0.00800	0.00640	0.00426	0.00320	0.00107	0.00533	0.00267	0.00213	0.00640
11	0.01155	0.01301	0.02820	0.02034	0.02516	0.01221	0.73203	0.01565	0.01175	0.01591	0.01101	0.01588	0.00876	0.00475	0.00594	0.00172	0.00819	0.04873	0.00264	0.00660
12	0.00604	0.00505	0.00521	0.00518	0.00676	0.00427	0.00385	0.00737	0.01148	0.01395	0.11800	0.04648	0.69761	0.03874	0.00652	0.00177	0.00258	0.01027	0.00466	0.00422
13	0.00923	0.00558	0.00736	0.00664	0.00820	0.00508	0.00508	0.01152	0.01413	0.13058	0.68133	0.03435	0.04209	0.00962	0.00576	0.00156	0.00262	0.00844	0.00558	0.00524
14	0.01024	0.00903	0.01325	0.01771	0.34448	0.00930	0.00992	0.01508	0.18463	0.01659	0.07343	0.23889	0.01929	0.00846	0.00543	0.00168	0.00438	0.00773	0.00387	0.00660
15	0.01333	0.82783	0.02612	0.00853	0.01279	0.01972	0.00853	0.01493	0.01013	0.01173	0.00693	0.00800	0.00640	0.00426	0.00320	0.00107	0.00533	0.00267	0.00213	0.00640
16	0.01254	0.07702	0.47071	0.01231	0.01804	0.01224	0.01412	0.18273	0.01380	0.05641	0.07363	0.01314	0.01039	0.00549	0.00479	0.00152	0.00625	0.00429	0.00321	0.00738
17	0.01769	0.02235	0.01621	0.01395	0.01686	0.69681	0.11407	0.01937	0.01380	0.01271	0.00803	0.00960	0.00658	0.00501	0.00468	0.00134	0.00891	0.00357	0.00256	0.00591
18	0.86003	0.00964	0.00733	0.00655	0.00964	0.01118	0.00540	0.01465	0.00848	0.02236	0.00694	0.00810	0.00540	0.00463	0.00308	0.00154	0.00386	0.00270	0.00308	0.00540
19	0.01152	0.01101	0.01875	0.25020	0.58054	0.01163	0.01489	0.01458	0.01096	0.01529	0.00923	0.01260	0.00754	0.00459	0.00495	0.00153	0.00612	0.00444	0.00240	0.00723
20	0.00941	0.00886	0.01495	0.81285	0.03433	0.01107	0.01384	0.01274	0.00997	0.01274	0.00886	0.01329	0.00664	0.00498	0.00498	0.00166	0.00664	0.00443	0.00221	0.00554
21	0.00941	0.00886	0.01495	0.81285	0.03433	0.01107	0.01384	0.01274	0.00997	0.01274	0.00886	0.01329	0.00664	0.00498	0.00498	0.00166	0.00664	0.00443	0.00221	0.00554
22	0.00725	0.00483	0.00544	0.00544	0.00544	0.00483	0.00302	0.00725	0.00725	0.00966	0.01571	0.03262	0.01812	0.82483	0.02537	0.00483	0.00483	0.00725	0.00302	0.00302
23	0.01091	0.01091	0.01527	0.01309	0.01309	0.01527	0.01091	0.01200	0.00763	0.01200	0.00654	0.01091	0.00654	0.00872	0.01636	0.00218	0.81570	0.00436	0.00218	0.00545
24	0.86003	0.00964	0.00733	0.00655	0.00964	0.01118	0.00540	0.01465	0.00848	0.02236	0.00694	0.00810	0.00540	0.00463	0.00308	0.00154	0.00386	0.00270	0.00308	0.00540
25	0.02236	0.00848	0.01157	0.00887	0.01272	0.00733	0.00733	0.02429	0.01427	0.79719	0.01966	0.01697	0.01234	0.00617	0.00501	0.00154	0.00424	0.00501	0.00617	0.00848
26	0.00725	0.00483	0.00544	0.00544	0.00544	0.00483	0.00302	0.00725	0.00725	0.00966	0.01571	0.03262	0.01812	0.82483	0.02537	0.00483	0.00483	0.00725	0.00302	0.00302
27	0.01240	0.01071	0.01127	0.01014	0.01296	0.01240	0.00789	0.02649	0.78473	0.02085	0.02029	0.01860	0.01522	0.00676	0.00507	0.00169	0.00394	0.00564	0.00507	0.00789
28	0.86003	0.00964	0.00733	0.00655	0.00964	0.01118	0.00540	0.01465	0.00848	0.02236	0.00694	0.00810	0.00540	0.00463	0.00308	0.00154	0.00386	0.00270	0.00308	0.00540
29	0.86003	0.00964	0.00733	0.00655	0.00964	0.01118	0.00540	0.01465	0.00848	0.02236	0.00694	0.00810	0.00540	0.00463	0.00308	0.00154	0.00386	0.00270	0.00308	0.00540
30	0.00725	0.00483	0.00544	0.00544	0.00544	0.00483	0.00302	0.00725	0.00725	0.00966	0.01571	0.03262	0.01812	0.82483	0.02537	0.00483	0.00483	0.00725	0.00302	0.00302
31	0.01903	0.01382	0.01487	0.01140	0.01539	0.01525	0.00942	0.75821	0.02321	0.05064	0.01216	0.01209	0.00857	0.00599	0.00499	0.00150	0.00545	0.00450	0.00502	0.00848
32	0.02236	0.00848	0.01157	0.00887	0.01272	0.00733	0.00733	0.02429	0.01427	0.79719	0.01966	0.01697	0.01234	0.00617	0.00501	0.00154	0.00424	0.00501	0.00617	0.00848
33	0.86003	0.00964	0.00733	0.00655	0.00964	0.01118	0.00540	0.01465	0.00848	0.02236	0.00694	0.00810	0.00540	0.00463	0.00308	0.00154	0.00386	0.00270	0.00308	0.00540
34	0.00717	0.00515	0.00707	0.00707	0.00763	0.00572	0.00506	0.00830	0.00773	0.01087	0.01421	0.02435	0.01453	0.32560	0.51969	0.00685	0.01023	0.00604	0.00280	0.00393
35	0.00866	0.00433	0.00649	0.00649	0.00649	0.00433	0.00433	0.00649	0.00649	0.00866	0.00866	0.01515	0.00866	0.01732	0.01948	0.85498	0.00433	0.00433	0.00216	0.00216
36	0.01862	0.02376	0.01413	0.01284	0.01541	0.80482	0.00963	0.01990	0.01413	0.01220	0.00770	0.00899	0.00642	0.00514	0.00449	0.00128	0.00899	0.00321	0.00257	0.00578
37	0.01240	0.01071	0.01127	0.01014	0.01296	0.01240	0.00789	0.02649	0.78473	0.02085	0.02029	0.01860	0.01522	0.00676	0.00507	0.00169	0.00394	0.00564	0.00507	0.00789
38	0.00705	0.00510	0.00666	0.00627	0.00745	0.00470	0.00470	0.00941	0.01411	0.01999	0.79110	0.03723	0.04703	0.01019	0.00588	0.00157	0.00235	0.00901	0.00549	0.00470
39	0.86003	0.00964	0.00733	0.00655	0.00964	0.01118	0.00540	0.01465	0.00848	0.02236	0.00694	0.00810	0.00540	0.00463	0.00308	0.00154	0.00386	0.00270	0.00308	0.00540
40	0.01895	0.01396	0.01496	0.01147	0.01546	0.01546	0.00947	0.77711	0.02344	0.03141	0.01197	0.01197	0.00848	0.00598	0.00499	0.00150	0.00548	0.00449	0.00499	0.00848
41	0.00995	0.01369	0.21820	0.01831	0.24760	0.00981	0.14762	0.01329	0.01072	0.01514	0.01427	0.23009	0.01418	0.00749	0.00544	0.00169	0.00592	0.00712	0.00297	0.00652
42	0.01020	0.07374	0.75279	0.01387	0.02105	0.01206	0.01783	0.01573	0.01050	0.01554	0.00882	0.01037	0.00632	0.00471	0.00464	0.00155	0.00724	0.00362	0.00211	0.00731
43	0.86003	0.00964	0.00733	0.00655	0.00964	0.01118	0.00540	0.01465	0.00848	0.02236	0.00694	0.00810	0.00540	0.00463	0.00308	0.00154	0.00386	0.00270	0.00308	0.00540
44	0.00849	0.00439	0.00637	0.00637	0.00637	0.00439	0.00418	0.00658	0.00658	0.00878	0.00948	0.01719	0.00976	0.11146	0.02017	0.75586	0.00439	0.00467	0.00226	0.00226
45	0.01265	0.01162	0.01413	0.01649	0.25093	0.04691	0.01022	0.02279	0.51539	0.01908	0.01641	0.01627	0.01260	0.00598	0.00500	0.00161	0.00477	0.00517	0.00417	0.00780
46	0.01034	0.00886	0.01034	0.00738	0.01181	0.00664	0.00591	0.01255	0.01034	0.01624	0.00886	0.01034	0.00738	0.00369	0.00369	0.00074	0.00369	0.00295	0.00295	0.85530
47	0.01440	0.01186	0.02046	0.09975	0.02147	0.01196	0.35633	0.12907	0.11439	0.14811	0.01315	0.01447	0.00939	0.00520	0.00541	0.00163	0.00652	0.00535	0.00378	0.00730
48	0.01298	0.01838	0.32132	0.01219	0.01693	0.09231	0.01241	0.12396	0.29937	0.01943	0.01343	0.01356	0.00992	0.00570	0.00487	0.00158	0.00601	0.00447	0.00364	0.00755
49	0.00725	0.00483	0.00544	0.00544	0.00544	0.00483	0.00302	0.00725	0.00725	0.00966	0.01571	0.03262	0.01812	0.82483	0.02537	0.00483	0.00483	0.00725	0.00302	0.00302
50	0.01221	0.01171	0.02000	0.06483	0.76050	0.01181	0.01523	0.01519	0.01129	0.01613	0.00935	0.01238	0.00784	0.00446	0.00494	0.00149	0.00595	0.00444	0.00246	0.00779
51	0.01895	0.01396	0.01496	0.01147	0.01546	0.01546	0.00947	0.77711	0.02344	0.03141	0.01197	0.01197	0.00848	0.00598	0.00499	0.00150	0.00548	0.00449	0.00499	0.00848
52	0.01895	0.01396	0.01496	0.01147	0.01546	0.01546	0.00947	0.77711	0.02344	0.03141	0.01197	0.01197	0.00848	0.00598	0.00499	0.00150	0.00548	0.00449	0.00499	0.00848
53	0.00941	0.00886	0.01495	0.81285	0.03433	0.01107	0.01384	0.01274	0.00997	0.01274	0.00886	0.01329	0.00664	0.00498	0.00498	0.00166	0.00664	0.00443	0.00221	0.00554
54	0.08892	0.01208	0.01352	0.01189	0.06563	0.08542	0.04216	0.20109	0.14058	0.23300	0.01453	0.02953	0.01053	0.00603	0.00509	0.00156	0.02146	0.00479	0.00460	0.00761
55	0.01017	0.06672	0.75955	0.01392	0.02113	0.01199	0.01791	0.01574	0.01050	0.01558	0.00884	0.01039	0.00632	0.00471	0.00466	0.00155	0.00726	0.00363	0.00211	0.00732
56	0.01215	0.01166	0.01990	0.07920	0.74655	0.01180	0.01521	0.01514	0.01126	0.01606	0.00934	0.01240	0.00782	0.00447	0.00494	0.00149	0.00597	0.00444	0.00245	0.00775
57	0.04342	0.00970	0.01253	0.00974	0.01351	0.00929	0.03263	0.15908	0.05553	0.55153	0.01783	0.01685	0.01189	0.00626	0.00504	0.00157	0.00458	0.02517	0.00565	0.00821
58	0.07794	0.01200	0.02991	0.01072	0.01438	0.01270	0.03874	0.32472	0.25225	0.15088	0.01525	0.01455	0.01085	0.00606	0.00491	0.00158	0.00485	0.00483	0.00491	0.00798

[dist]
# distance from previous block
# <min> <max>
1	2

[block]
# block no. 2 follows, 50 sequences, length 33
# corresponding to MSA columns:
# 95-127
name=unknown_C
#
# <colnr> <probs for GDERKNQSTAVLIFYWHMCP>
#	G	D	E	R	K	N	Q	S	T	A	V	L	I	F	Y	W	H	M	C	P
0	0.01123	0.00786	0.01171	0.12012	0.15546	0.00797	0.02413	0.02895	0.02548	0.14449	0.16743	0.12525	0.04710	0.07255	0.00726	0.00190	0.02386	0.00716	0.00412	0.00598
1	0.01306	0.01287	0.02278	0.01743	0.04739	0.07402	0.48569	0.01761	0.08997	0.09091	0.05273	0.02883	0.01119	0.00523	0.00558	0.00163	0.00711	0.00582	0.00332	0.00682
2	0.01088	0.01138	0.02374	0.01757	0.02153	0.01071	0.58302	0.01430	0.01125	0.02980	0.01329	0.08538	0.01207	0.06971	0.00749	0.00199	0.00732	0.05953	0.00295	0.00610
3	0.01307	0.01362	0.01589	0.26694	0.22969	0.21989	0.04138	0.04532	0.01207	0.01486	0.00945	0.01227	0.00751	0.00495	0.00476	0.00147	0.00675	0.00419	0.06960	0.00632
4	0.01039	0.00857	0.01005	0.00730	0.01149	0.00650	0.00583	0.01257	0.01063	0.03829	0.04127	0.01287	0.03599	0.00432	0.00389	0.00083	0.00361	0.00351	0.00320	0.76889
5	0.01066	0.08086	0.39624	0.01178	0.01661	0.01109	0.01315	0.07366	0.09268	0.01695	0.01508	0.02268	0.02781	0.00727	0.00519	0.00171	0.00596	0.18064	0.00327	0.00672
6	0.01333	0.82783	0.02612	0.00853	0.01279	0.01972	0.00853	0.01493	0.01013	0.01173	0.00693	0.00800	0.00640	0.00426	0.00320	0.00107	0.00533	0.00267	0.00213	0.00640
7	0.00725	0.00483	0.00544	0.00544	0.00544	0.00483	0.00302	0.00725	0.00725	0.00966	0.01571	0.03262	0.01812	0.82483	0.02537	0.00483	0.00483	0.00725	0.00302	0.00302
8	0.00803	0.00574	0.00803	0.00918	0.01033	0.00574	0.00803	0.01033	0.01147	0.01492	0.02639	0.05622	0.02869	0.01377	0.00688	0.00229	0.00459	0.76018	0.00459	0.00459
9	0.01333	0.82783	0.02612	0.00853	0.01279	0.01972	0.00853	0.01493	0.01013	0.01173	0.00693	0.00800	0.00640	0.00426	0.00320	0.00107	0.00533	0.00267	0.00213	0.00640
10	0.01239	0.22615	0.36167	0.01487	0.11102	0.08921	0.05668	0.04576	0.01144	0.01510	0.00855	0.01017	0.00669	0.00464	0.00442	0.00141	0.00682	0.00363	0.00234	0.00704
11	0.01000	0.02578	0.79900	0.01421	0.02157	0.01158	0.01842	0.01579	0.01052	0.01579	0.00895	0.01052	0.00631	0.00474	0.00474	0.00158	0.00737	0.00368	0.00210	0.00737
12	0.01333	0.82783	0.02612	0.00853	0.01279	0.01972	0.00853	0.01493	0.01013	0.01173	0.00693	0.00800	0.00640	0.00426	0.00320	0.00107	0.00533	0.00267	0.00213	0.00640
13	0.00733	0.00579	0.00817	0.15814	0.01282	0.00624	0.00683	0.00923	0.03994	0.01297	0.02211	0.50018	0.02511	0.06963	0.00776	0.00217	0.03089	0.06620	0.00400	0.00449
14	0.82360	0.00983	0.00766	0.00677	0.00989	0.01137	0.00557	0.04768	0.00913	0.02276	0.00716	0.00826	0.00553	0.00469	0.00317	0.00154	0.00393	0.00278	0.00317	0.00553
15	0.01000	0.02578	0.79900	0.01421	0.02157	0.01158	0.01842	0.01579	0.01052	0.01579	0.00895	0.01052	0.00631	0.00474	0.00474	0.00158	0.00737	0.00368	0.00210	0.00737
16	0.00725	0.00483	0.00544	0.00544	0.00544	0.00483	0.00302	0.00725	0.00725	0.00966	0.01571	0.03262	0.01812	0.82483	0.02537	0.00483	0.00483	0.00725	0.00302	0.00302
17	0.86003	0.00964	0.00733	0.00655	0.00964	0.01118	0.00540	0.01465	0.00848	0.02236	0.00694	0.00810	0.00540	0.00463	0.00308	0.00154	0.00386	0.00270	0.00308	0.00540
18	0.00596	0.00504	0.00507	0.00507	0.00667	0.00424	0.00375	0.00716	0.01115	0.01327	0.04868	0.04717	0.75139	0.05496	0.00691	0.00185	0.00265	0.01035	0.00454	0.00415
19	0.02223	0.00901	0.01166	0.00901	0.01282	0.03477	0.00741	0.02414	0.01426	0.77018	0.01925	0.01669	0.01213	0.00613	0.00499	0.00153	0.00440	0.00495	0.00605	0.00839
20	0.01038	0.00902	0.01072	0.00783	0.01191	0.00732	0.00630	0.01251	0.01013	0.01591	0.00868	0.01038	0.00732	0.00408	0.00468	0.00085	0.06687	0.00306	0.00289	0.78918
21	0.01162	0.01270	0.02620	0.09046	0.14421	0.01246	0.56296	0.01543	0.01138	0.01558	0.00973	0.01316	0.00749	0.00448	0.00607	0.00167	0.03969	0.00548	0.00247	0.00675
22	0.33707	0.00975	0.01280	0.36313	0.13658	0.01136	0.01068	0.03687	0.01001	0.01752	0.00829	0.01111	0.00641	0.00480	0.00425	0.00158	0.00543	0.00377	0.00267	0.00592
23	0.00625	0.00489	0.00567	0.00585	0.00705	0.00430	0.00424	0.00771	0.01165	0.01504	0.24456	0.23660	0.40300	0.01271	0.00600	0.00174	0.00257	0.01102	0.00486	0.00430
24	0.01109	0.01186	0.02407	0.21801	0.11119	0.01188	0.47813	0.01487	0.01135	0.01533	0.03564	0.01408	0.00868	0.00462	0.00556	0.00165	0.00750	0.00547	0.00254	0.00649
25	0.01318	0.00930	0.01027	0.00899	0.01185	0.00993	0.00705	0.02254	0.49063	0.16870	0.02494	0.02298	0.14367	0.00755	0.00517	0.00164	0.00376	0.00627	0.00516	0.02640
26	0.01165	0.01118	0.01809	0.38207	0.23327	0.03578	0.11323	0.07491	0.04150	0.01588	0.00981	0.01302	0.00757	0.00489	0.00508	0.00159	0.00656	0.00464	0.00266	0.00665
27	0.01292	0.32822	0.40001	0.01134	0.01705	0.01410	0.01318	0.01660	0.01087	0.11876	0.00961	0.01042	0.00715	0.00475	0.00419	0.00138	0.00617	0.00347	0.00266	0.00715
28	0.01222	0.56191	0.28237	0.01041	0.01570	0.01702	0.01181	0.01521	0.01026	0.01307	0.00760	0.00883	0.00637	0.00442	0.00371	0.00124	0.00601	0.00300	0.00212	0.00672
29	0.00722	0.00494	0.00599	0.00599	0.00617	0.00513	0.00370	0.00760	0.00741	0.01007	0.01520	0.02984	0.01691	0.65697	0.19158	0.00551	0.00665	0.00684	0.00295	0.00333
30	0.04065	0.01047	0.04575	0.00968	0.01334	0.00999	0.00813	0.08864	0.27055	0.41947	0.01841	0.01656	0.01252	0.00625	0.00497	0.00159	0.00437	0.00506	0.00545	0.00815
31	0.06321	0.01213	0.01498	0.01557	0.19547	0.06554	0.02257	0.20298	0.04444	0.08721	0.03305	0.01406	0.03615	0.00638	0.00711	0.00164	0.16205	0.00471	0.00365	0.00710
32	0.10833	0.05834	0.19623	0.01027	0.01425	0.07773	0.02156	0.17401	0.01364	0.08093	0.07364	0.01592	0.03742	0.06982	0.00626	0.00174	0.00554	0.00470	0.00363	0.02606

[dist]
# distance from previous block
# <min> <max>
1	11

[block]
# block no. 3 follows, 50 sequences, length 6
# corresponding to MSA columns:
# 139-144
name=unknown_D
#
# <colnr> <probs for GDERKNQSTAVLIFYWHMCP>
#	G	D	E	R	K	N	Q	S	T	A	V	L	I	F	Y	W	H	M	C	P
0	0.21401	0.01235	0.01479	0.26243	0.10223	0.13494	0.08602	0.04260	0.03354	0.03915	0.00915	0.01152	0.00701	0.00491	0.00454	0.00155	0.00626	0.00403	0.00283	0.00616
1	0.16918	0.01110	0.01724	0.11452	0.56255	0.01163	0.01330	0.01489	0.01066	0.01701	0.00887	0.01166	0.00729	0.00454	0.00460	0.00151	0.00562	0.00412	0.00255	0.00717
2	0.00996	0.00941	0.01593	0.66780	0.17514	0.01122	0.01411	0.01321	0.01022	0.01339	0.00896	0.01311	0.00688	0.00488	0.00497	0.00163	0.00651	0.00443	0.00226	0.00597
3	0.01108	0.01041	0.01687	0.33095	0.38973	0.01125	0.01357	0.01497	0.06934	0.01525	0.00997	0.01305	0.00793	0.00478	0.00488	0.00152	0.00591	0.00443	0.00260	0.06151
4	0.00742	0.00601	0.00892	0.20932	0.01448	0.00681	0.00741	0.00901	0.00912	0.01227	0.01844	0.38116	0.02039	0.07468	0.14808	0.00319	0.04617	0.00919	0.00344	0.00449
5	0.01254	0.20976	0.13409	0.00960	0.01305	0.01087	0.00924	0.01625	0.09450	0.15973	0.01720	0.10627	0.01581	0.00811	0.00506	0.00165	0.00488	0.16096	0.00396	0.00647

[dist]
# distance from previous block
# <min> <max>
4	7

[block]
# block no. 4 follows, 50 sequences, length 67
# corresponding to MSA columns:
# 152-197,218-238
name=unknown_E
#
# <colnr> <probs for GDERKNQSTAVLIFYWHMCP>
#	G	D	E	R	K	N	Q	S	T	A	V	L	I	F	Y	W	H	M	C	P
0	0.01185	0.00945	0.01089	0.00803	0.01228	0.00792	0.00645	0.08552	0.06815	0.05417	0.01048	0.01140	0.00829	0.00424	0.00397	0.00092	0.00390	0.00339	0.00345	0.67525
1	0.00679	0.00583	0.00591	0.00576	0.00760	0.00534	0.00436	0.00983	0.11853	0.01449	0.04631	0.04390	0.68411	0.01181	0.00578	0.00168	0.00272	0.00984	0.00469	0.00472
2	0.01107	0.01007	0.01067	0.00796	0.01215	0.06517	0.00631	0.01400	0.06151	0.01625	0.00953	0.01078	0.00783	0.00400	0.00384	0.00084	0.00409	0.00315	0.00306	0.73771
3	0.74211	0.00932	0.00747	0.00682	0.00968	0.01074	0.00551	0.01487	0.05958	0.02156	0.00931	0.06805	0.00805	0.00557	0.00345	0.00159	0.00379	0.00373	0.00333	0.00546
4	0.00988	0.01607	0.33519	0.01567	0.11699	0.01002	0.16971	0.01404	0.01167	0.01674	0.18441	0.03825	0.01682	0.00620	0.00532	0.00161	0.00613	0.01564	0.00309	0.00659
5	0.06697	0.00999	0.01043	0.00775	0.01195	0.06510	0.00617	0.01340	0.01055	0.02812	0.00881	0.01019	0.00726	0.00390	0.00373	0.00084	0.00410	0.00299	0.00298	0.72478
6	0.00695	0.00507	0.00653	0.00621	0.00739	0.00465	0.00464	0.00918	0.01379	0.01934	0.71957	0.06142	0.09556	0.01051	0.00589	0.00159	0.00238	0.00927	0.00540	0.00465
7	0.00607	0.00434	0.00578	0.00694	0.00723	0.00405	0.00463	0.00694	0.00954	0.01272	0.02747	0.82157	0.03297	0.01562	0.00636	0.00202	0.00289	0.01417	0.00463	0.00405
8	0.01008	0.01564	0.30125	0.15105	0.11236	0.01105	0.12525	0.01407	0.01063	0.01516	0.06928	0.01427	0.01026	0.00739	0.05604	0.00204	0.06035	0.00478	0.00253	0.00651
9	0.01470	0.01354	0.02043	0.01809	0.15007	0.11643	0.28983	0.06895	0.04038	0.12754	0.01119	0.01303	0.00839	0.00526	0.00626	0.00161	0.07901	0.00493	0.00326	0.00709
10	0.00607	0.00434	0.00578	0.00694	0.00723	0.00405	0.00463	0.00694	0.00954	0.01272	0.02747	0.82157	0.03297	0.01562	0.00636	0.00202	0.00289	0.01417	0.00463	0.00405
11	0.00618	0.00457	0.00581	0.00676	0.00737	0.00420	0.00472	0.00723	0.01001	0.01302	0.03155	0.62620	0.16960	0.01494	0.00632	0.00198	0.00295	0.06786	0.00462	0.00412
12	0.01119	0.01314	0.20713	0.20906	0.21314	0.01005	0.01348	0.01472	0.01129	0.08836	0.06619	0.01879	0.01248	0.00616	0.00517	0.00164	0.00591	0.08230	0.00309	0.00669
13	0.01094	0.00922	0.01066	0.00767	0.01207	0.00726	0.00616	0.06598	0.01125	0.01730	0.00908	0.01045	0.00746	0.00385	0.00378	0.00079	0.00382	0.00306	0.00310	0.79611
14	0.01367	0.00799	0.00992	0.03044	0.01133	0.04110	0.02677	0.07083	0.01429	0.28324	0.30871	0.05042	0.09331	0.00837	0.00545	0.00157	0.00382	0.00715	0.00529	0.00632
15	0.01110	0.05507	0.01767	0.42429	0.27567	0.04614	0.03652	0.01405	0.01055	0.01386	0.00881	0.01241	0.00705	0.00492	0.00537	0.00158	0.04192	0.00433	0.00231	0.00639
16	0.03722	0.52648	0.21337	0.00962	0.01432	0.01600	0.01047	0.01454	0.01050	0.01370	0.06704	0.01170	0.02698	0.00502	0.00383	0.00126	0.00550	0.00357	0.00246	0.00643
17	0.01321	0.01349	0.01939	0.02813	0.68588	0.12173	0.01451	0.01594	0.01173	0.01572	0.00914	0.01187	0.00769	0.00454	0.00487	0.00145	0.00635	0.00427	0.00248	0.00760
18	0.01032	0.00696	0.00807	0.00726	0.00939	0.00684	0.00562	0.01518	0.20254	0.13399	0.27904	0.03266	0.24326	0.00943	0.00556	0.00163	0.00307	0.00801	0.00525	0.00591
19	0.22733	0.00934	0.01088	0.00857	0.01225	0.00912	0.00708	0.10046	0.01381	0.52738	0.01574	0.01427	0.01023	0.00577	0.00454	0.00154	0.00428	0.00439	0.00529	0.00773
20	0.00817	0.00850	0.10803	0.00787	0.01004	0.00665	0.00693	0.01256	0.12033	0.01938	0.56152	0.04434	0.03696	0.00916	0.00564	0.00160	0.00325	0.01862	0.00497	0.00547
21	0.01014	0.00931	0.01569	0.67543	0.15033	0.01111	0.01392	0.01338	0.01027	0.03030	0.00917	0.01322	0.00696	0.00493	0.00498	0.00163	0.00648	0.00444	0.00234	0.00596
22	0.00622	0.00504	0.00557	0.00588	0.00729	0.00440	0.00448	0.00758	0.01117	0.01366	0.05537	0.15611	0.57334	0.01315	0.00609	0.00181	0.00285	0.11110	0.00464	0.00424
23	0.00607	0.00434	0.00578	0.00694	0.00723	0.00405	0.00463	0.00694	0.00954	0.01272	0.02747	0.82157	0.03297	0.01562	0.00636	0.00202	0.00289	0.01417	0.00463	0.00405
24	0.01193	0.01143	0.01950	0.13899	0.68850	0.01174	0.01510	0.01494	0.01116	0.01579	0.00930	0.01247	0.00772	0.00452	0.00494	0.00151	0.00602	0.00444	0.00243	0.00757
25	0.01576	0.01262	0.01639	0.06975	0.21077	0.04118	0.05604	0.37054	0.03045	0.07188	0.01316	0.01413	0.04273	0.00571	0.00505	0.00152	0.00573	0.00483	0.00400	0.00774
26	0.00811	0.00557	0.00785	0.00885	0.00986	0.00557	0.00758	0.00986	0.01087	0.01416	0.02424	0.05124	0.02626	0.01420	0.00841	0.10571	0.00456	0.66851	0.00430	0.00430
27	0.86003	0.00964	0.00733	0.00655	0.00964	0.01118	0.00540	0.01465	0.00848	0.02236	0.00694	0.00810	0.00540	0.00463	0.00308	0.00154	0.00386	0.00270	0.00308	0.00540
28	0.00866	0.00433	0.00649	0.00649	0.00649	0.00433	0.00433	0.00649	0.00649	0.00866	0.00866	0.01515	0.00866	0.01732	0.01948	0.85498	0.00433	0.00433	0.00216	0.00216
29	0.01010	0.00956	0.01620	0.62832	0.21347	0.01126	0.01419	0.01334	0.01029	0.01357	0.00898	0.01306	0.00694	0.00486	0.00497	0.00162	0.00647	0.00443	0.00227	0.00609
30	0.01035	0.06165	0.37470	0.01068	0.01638	0.00978	0.01190	0.01416	0.01037	0.01571	0.00876	0.01030	0.00682	0.00429	0.00435	0.00117	0.01873	0.00330	0.00250	0.40409
31	0.74885	0.01079	0.00828	0.00740	0.01027	0.07230	0.00603	0.01491	0.00887	0.02101	0.00698	0.00832	0.00554	0.00489	0.00392	0.00156	0.04882	0.00283	0.00300	0.00543
32	0.01176	0.01345	0.02941	0.02101	0.02605	0.01261	0.77563	0.01597	0.01176	0.01597	0.01008	0.01345	0.00756	0.00420	0.00588	0.00168	0.00840	0.00588	0.00252	0.00672
33	0.86003	0.00964	0.00733	0.00655	0.00964	0.01118	0.00540	0.01465	0.00848	0.02236	0.00694	0.00810	0.00540	0.00463	0.00308	0.00154	0.00386	0.00270	0.00308	0.00540
34	0.00645	0.00507	0.00580	0.00562	0.00703	0.00445	0.00419	0.00819	0.01253	0.01637	0.38869	0.04273	0.43469	0.02856	0.00629	0.00170	0.00249	0.00976	0.00499	0.00441
35	0.86003	0.00964	0.00733	0.00655	0.00964	0.01118	0.00540	0.01465	0.00848	0.02236	0.00694	0.00810	0.00540	0.00463	0.00308	0.00154	0.00386	0.00270	0.00308	0.00540
36	0.01093	0.01316	0.20405	0.00944	0.01408	0.00875	0.00928	0.11355	0.01263	0.01865	0.11769	0.01432	0.01276	0.00515	0.00442	0.00116	0.00464	0.00417	0.00336	0.41779
37	0.00941	0.00886	0.01495	0.81285	0.03433	0.01107	0.01384	0.01274	0.00997	0.01274	0.00886	0.01329	0.00664	0.00498	0.00498	0.00166	0.00664	0.00443	0.00221	0.00554
38	0.01030	0.01104	0.02309	0.01716	0.02098	0.01034	0.56730	0.01372	0.01151	0.01565	0.07338	0.17162	0.01551	0.00687	0.00597	0.00174	0.00687	0.00773	0.00316	0.00605
39	0.01296	0.01098	0.01159	0.01026	0.01317	0.01266	0.00802	0.09045	0.71986	0.02175	0.01958	0.01803	0.01464	0.00670	0.00506	0.00167	0.00408	0.00554	0.00506	0.00794
40	0.00982	0.00910	0.01526	0.48194	0.23286	0.01050	0.01304	0.01280	0.01007	0.01353	0.00997	0.03036	0.00828	0.00932	0.11032	0.00246	0.00726	0.00475	0.00239	0.00599
41	0.10362	0.01028	0.01639	0.26835	0.31779	0.01104	0.06030	0.03482	0.01122	0.05971	0.04031	0.01398	0.02066	0.00510	0.00487	0.00157	0.00579	0.00464	0.00288	0.00669
42	0.01167	0.02344	0.69223	0.01348	0.02037	0.01100	0.01691	0.01694	0.01103	0.12174	0.01040	0.01140	0.00713	0.00493	0.00477	0.00157	0.00694	0.00386	0.00266	0.00752
43	0.01234	0.01184	0.02023	0.03059	0.79373	0.01184	0.01530	0.01530	0.01135	0.01628	0.00938	0.01234	0.00790	0.00444	0.00493	0.00148	0.00592	0.00444	0.00247	0.00790
44	0.01144	0.01103	0.01910	0.26281	0.53111	0.01165	0.05126	0.01457	0.01096	0.01521	0.00926	0.01267	0.00751	0.00459	0.00499	0.00154	0.00626	0.00451	0.00239	0.00714
45	0.01136	0.01234	0.07116	0.23508	0.10207	0.03394	0.27593	0.06767	0.03332	0.01602	0.01147	0.04779	0.00960	0.00564	0.00541	0.00167	0.00688	0.04333	0.00284	0.00647
46	0.01998	0.06021	0.01279	0.07069	0.01446	0.00895	0.00799	0.03913	0.07155	0.61317	0.01792	0.01614	0.01166	0.00600	0.00490	0.00153	0.00450	0.00486	0.00550	0.00808
47	0.01377	0.01525	0.07210	0.19287	0.14616	0.21840	0.01187	0.09868	0.12069	0.01654	0.01078	0.01300	0.00848	0.00548	0.00512	0.00153	0.02401	0.01545	0.00307	0.00674
48	0.03291	0.03126	0.32942	0.07007	0.01820	0.01088	0.02775	0.07186	0.10748	0.21887	0.02421	0.01381	0.00971	0.00551	0.00486	0.00157	0.00579	0.00445	0.00380	0.00755
49	0.00992	0.00985	0.01806	0.64236	0.03255	0.01140	0.17786	0.01343	0.01035	0.01343	0.00912	0.01332	0.00684	0.00482	0.00518	0.00167	0.00702	0.00474	0.00228	0.00579
50	0.01639	0.01990	0.01370	0.01238	0.01451	0.58970	0.00947	0.01858	0.06690	0.01274	0.00878	0.01059	0.00743	0.00777	0.05641	0.00186	0.12070	0.00367	0.00270	0.00580
51	0.01245	0.02704	0.03495	0.09424	0.26937	0.04950	0.12818	0.11284	0.09500	0.01775	0.01322	0.06720	0.03186	0.00592	0.00515	0.00157	0.00593	0.00550	0.01531	0.00703
52	0.01075	0.01023	0.01737	0.45448	0.38223	0.01143	0.01451	0.01391	0.01060	0.01436	0.00910	0.01285	0.00722	0.00473	0.00496	0.00158	0.00631	0.00443	0.00233	0.00662
53	0.01000	0.02578	0.79900	0.01421	0.02157	0.01158	0.01842	0.01579	0.01052	0.01579	0.00895	0.01052	0.00631	0.00474	0.00474	0.00158	0.00737	0.00368	0.00210	0.00737
54	0.01037	0.01057	0.02079	0.04988	0.03070	0.01029	0.44778	0.01429	0.05139	0.01571	0.04076	0.08497	0.01530	0.00738	0.00617	0.00183	0.01821	0.15425	0.00330	0.00604
55	0.00776	0.00646	0.01098	0.00981	0.01128	0.00711	0.11285	0.00988	0.00853	0.01218	0.01290	0.01873	0.01178	0.03279	0.69433	0.00713	0.01267	0.00542	0.00265	0.00477
56	0.00626	0.00472	0.00579	0.00625	0.00714	0.00425	0.00441	0.00760	0.01115	0.01468	0.21827	0.41652	0.24789	0.01347	0.00611	0.00182	0.00266	0.01191	0.00484	0.00425
57	0.01010	0.00658	0.00958	0.04873	0.01188	0.00645	0.04927	0.04511	0.01167	0.12325	0.02344	0.30397	0.02474	0.01204	0.00622	0.00200	0.00432	0.29076	0.00461	0.00528
58	0.01135	0.05838	0.25967	0.07893	0.28488	0.01228	0.17059	0.01567	0.03161	0.01569	0.00951	0.01202	0.00737	0.00457	0.00498	0.00155	0.00684	0.00444	0.00240	0.00725
59	0.01046	0.00993	0.01630	0.17751	0.16690	0.01137	0.10883	0.01354	0.04229	0.01443	0.01262	0.02155	0.01183	0.00753	0.00816	0.00188	0.19705	0.15889	0.00290	0.00602
60	0.00712	0.00534	0.00801	0.00801	0.00890	0.00623	0.00623	0.00890	0.00801	0.01157	0.01335	0.01958	0.01246	0.03738	0.80507	0.00801	0.01335	0.00534	0.00267	0.00445
61	0.82336	0.00959	0.00751	0.00666	0.00977	0.01101	0.00548	0.01507	0.00874	0.05629	0.00750	0.00849	0.00570	0.00469	0.00317	0.00154	0.00387	0.00280	0.00322	0.00553
62	0.01254	0.06517	0.00847	0.00652	0.00857	0.00680	0.00525	0.01498	0.03293	0.20455	0.01615	0.01756	0.01224	0.00982	0.10577	0.00213	0.00445	0.00471	0.45563	0.00576
63	0.01076	0.13551	0.50979	0.01460	0.05401	0.01268	0.11238	0.01577	0.03619	0.01536	0.01037	0.01194	0.02905	0.00488	0.00472	0.00152	0.00690	0.00411	0.00235	0.00710
64	0.20532	0.03492	0.05526	0.00729	0.00970	0.00727	0.00614	0.01074	0.00997	0.01592	0.02191	0.20698	0.15197	0.02613	0.00538	0.00170	0.00374	0.08934	0.00376	0.12656
65	0.09467	0.04544	0.03594	0.00825	0.02354	0.06579	0.00652	0.03263	0.03214	0.01593	0.01608	0.17957	0.07573	0.00727	0.00452	0.00130	0.00412	0.00601	0.00346	0.34110
66	0.27843	0.00924	0.02239	0.00801	0.01138	0.00881	0.03149	0.06068	0.04296	0.07335	0.03338	0.09226	0.01124	0.00587	0.00414	0.00134	0.00397	0.00465	0.02242	0.27398

[dist]
# distance from previous block
# <min> <max>
2	21

[block]
# block no. 5 follows, 50 sequences, length 34
# corresponding to MSA columns:
# 262-295
name=unknown_F
#
# <colnr> <probs for GDERKNQSTAVLIFYWHMCP>
#	G	D	E	R	K	N	Q	S	T	A	V	L	I	F	Y	W	H	M	C	P
0	0.03602	0.30341	0.14306	0.01054	0.01498	0.02826	0.01023	0.27401	0.07135	0.03525	0.02220	0.01115	0.00844	0.00525	0.00428	0.00137	0.00556	0.00381	0.00347	0.00734
1	0.09716	0.36733	0.10912	0.01006	0.01444	0.03298	0.00970	0.26986	0.01455	0.01982	0.00886	0.00964	0.00699	0.00495	0.00399	0.00132	0.00555	0.00341	0.00318	0.00709
2	0.04121	0.43930	0.23545	0.01065	0.01563	0.01619	0.02514	0.11636	0.01201	0.01596	0.00865	0.01041	0.00714	0.00485	0.00399	0.00132	0.00590	0.02038	0.00260	0.00687
3	0.04130	0.32092	0.33752	0.01102	0.01626	0.01460	0.01235	0.10656	0.01188	0.01624	0.01027	0.02905	0.02727	0.00531	0.00424	0.00140	0.00599	0.01829	0.00266	0.00687
4	0.01427	0.24007	0.29361	0.01163	0.01688	0.01526	0.01236	0.30163	0.01527	0.02055	0.00953	0.01038	0.00715	0.00508	0.00441	0.00141	0.00610	0.00371	0.00319	0.00752
5	0.04048	0.63819	0.05719	0.00896	0.01316	0.04864	0.00875	0.01602	0.05858	0.03220	0.00825	0.00910	0.00709	0.00451	0.00349	0.00115	0.00535	0.00298	0.00249	0.03340
6	0.01117	0.24717	0.27789	0.01064	0.01487	0.06744	0.01130	0.01423	0.01022	0.03828	0.01041	0.01399	0.00894	0.01284	0.19515	0.00297	0.00811	0.03564	0.00251	0.00620
7	0.01120	0.24646	0.49256	0.01457	0.11055	0.01387	0.01531	0.01549	0.01051	0.01472	0.00844	0.01004	0.00652	0.00457	0.00433	0.00142	0.00663	0.00349	0.00216	0.00716
8	0.00609	0.00506	0.00532	0.00525	0.00685	0.00429	0.00394	0.00753	0.01182	0.01456	0.17512	0.04616	0.66640	0.01221	0.00589	0.00166	0.00250	0.01027	0.00477	0.00429
9	0.01262	0.01082	0.01139	0.01019	0.01304	0.01250	0.00794	0.05148	0.75938	0.02120	0.02001	0.01838	0.01499	0.00674	0.00507	0.00168	0.00400	0.00560	0.00507	0.00791
10	0.00725	0.00483	0.00544	0.00544	0.00544	0.00483	0.00302	0.00725	0.00725	0.00966	0.01571	0.03262	0.01812	0.82483	0.02537	0.00483	0.00483	0.00725	0.00302	0.00302
11	0.02236	0.00848	0.01157	0.00887	0.01272	0.00733	0.00733	0.02429	0.01427	0.79719	0.01966	0.01697	0.01234	0.00617	0.00501	0.00154	0.00424	0.00501	0.00617	0.00848
12	0.01034	0.00886	0.01034	0.00738	0.01181	0.00664	0.00591	0.01255	0.01034	0.01624	0.00886	0.01034	0.00738	0.00369	0.00369	0.00074	0.00369	0.00295	0.00295	0.85530
13	0.01276	0.64640	0.18424	0.00978	0.01465	0.03473	0.01058	0.01521	0.01029	0.01257	0.00736	0.00853	0.00638	0.00438	0.00354	0.00118	0.00583	0.00289	0.00214	0.00658
14	0.01333	0.82783	0.02612	0.00853	0.01279	0.01972	0.00853	0.01493	0.01013	0.01173	0.00693	0.00800	0.00640	0.00426	0.00320	0.00107	0.00533	0.00267	0.00213	0.00640
15	0.00728	0.00509	0.00674	0.00674	0.00726	0.00555	0.00472	0.00833	0.00780	0.01110	0.01450	0.02512	0.01490	0.37363	0.43095	0.00631	0.00915	0.00612	0.04484	0.00385
16	0.01207	0.43715	0.36947	0.01124	0.01681	0.04915	0.01297	0.01552	0.01047	0.01355	0.00786	0.00916	0.00636	0.00451	0.00394	0.00130	0.00639	0.00314	0.00214	0.00680
17	0.01034	0.00843	0.00988	0.00763	0.01141	0.00681	0.00608	0.01332	0.06784	0.04024	0.01362	0.05544	0.04133	0.00553	0.00424	0.00103	0.00369	0.04868	0.00345	0.64101
18	0.00750	0.00558	0.00689	0.00677	0.00817	0.00510	0.00499	0.00883	0.00985	0.02956	0.03882	0.22055	0.18283	0.12985	0.12040	0.00300	0.00483	0.07285	0.00392	0.12970
19	0.00846	0.00608	0.00725	0.00642	0.00811	0.00542	0.00461	0.01033	0.03563	0.04827	0.26545	0.05960	0.09386	0.23366	0.01076	0.00233	0.00348	0.00734	0.00419	0.17873
20	0.01237	0.00617	0.00796	0.00708	0.00896	0.00605	0.00554	0.01421	0.01090	0.25547	0.03366	0.02148	0.07104	0.05796	0.21653	0.00334	0.02010	0.00559	0.22991	0.00567
21	0.03828	0.01055	0.02959	0.00987	0.01310	0.05873	0.04552	0.05923	0.24533	0.29186	0.06504	0.03818	0.05837	0.00693	0.00511	0.00160	0.00454	0.00577	0.00504	0.00737
22	0.01086	0.00782	0.00926	0.03224	0.01109	0.00699	0.00605	0.10473	0.01244	0.09088	0.05694	0.12725	0.14884	0.03885	0.00571	0.00148	0.00374	0.01785	0.00414	0.30285
23	0.01234	0.01184	0.02023	0.03059	0.79373	0.01184	0.01530	0.01530	0.01135	0.01628	0.00938	0.01234	0.00790	0.00444	0.00493	0.00148	0.00592	0.00444	0.00247	0.00790
24	0.01274	0.25999	0.24608	0.01459	0.09135	0.10649	0.11222	0.03430	0.03513	0.01469	0.00877	0.01044	0.00699	0.00471	0.00466	0.00141	0.02238	0.00378	0.00242	0.00687
25	0.01681	0.29915	0.01823	0.01136	0.01451	0.53592	0.00925	0.01820	0.01276	0.01204	0.00744	0.00865	0.00641	0.00484	0.00405	0.00121	0.00774	0.00302	0.00242	0.00599
26	0.01117	0.00941	0.01344	0.49081	0.02557	0.01118	0.01133	0.07388	0.18774	0.04441	0.04516	0.01564	0.01076	0.00574	0.00501	0.00164	0.00559	0.00493	0.02024	0.00635
27	0.00722	0.00494	0.00596	0.00596	0.00615	0.00512	0.00368	0.00759	0.00740	0.01006	0.01522	0.02995	0.01696	0.66347	0.18514	0.00548	0.00658	0.00686	0.00295	0.00331
28	0.86003	0.00964	0.00733	0.00655	0.00964	0.01118	0.00540	0.01465	0.00848	0.02236	0.00694	0.00810	0.00540	0.00463	0.00308	0.00154	0.00386	0.00270	0.00308	0.00540
29	0.00660	0.00476	0.00637	0.00746	0.00806	0.00452	0.00552	0.00788	0.01017	0.01337	0.02831	0.57225	0.06930	0.01496	0.00648	0.00208	0.00334	0.21973	0.00462	0.00421
30	0.54536	0.04368	0.01057	0.00836	0.01171	0.05946	0.00689	0.22525	0.01300	0.02384	0.00837	0.00921	0.00635	0.00502	0.00370	0.00150	0.00467	0.00322	0.00354	0.00631
31	0.00712	0.00534	0.00801	0.00801	0.00890	0.00623	0.00623	0.00890	0.00801	0.01157	0.01335	0.01958	0.01246	0.03738	0.80507	0.00801	0.01335	0.00534	0.00267	0.00445
32	0.01581	0.01335	0.05316	0.07077	0.03715	0.04072	0.02549	0.49382	0.05370	0.02582	0.08797	0.01468	0.01216	0.00626	0.00534	0.00154	0.02531	0.00492	0.00442	0.00759
33	0.65930	0.00962	0.00818	0.00688	0.01027	0.01039	0.00563	0.03836	0.00934	0.02140	0.00749	0.00868	0.00590	0.00448	0.00327	0.00138	0.00387	0.00281	0.00312	0.17965

[dist]
# distance from previous block
# <min> <max>
14	29

[block]
# block no. 6 follows, 50 sequences, length 6
# corresponding to MSA columns:
# 327-332
name=unknown_G
#
# <colnr> <probs for GDERKNQSTAVLIFYWHMCP>
#	G	D	E	R	K	N	Q	S	T	A	V	L	I	F	Y	W	H	M	C	P
0	0.00656	0.00462	0.00603	0.00698	0.00733	0.00442	0.00480	0.00746	0.00939	0.01247	0.02518	0.57272	0.02968	0.16252	0.00989	0.00257	0.00348	0.11563	0.00433	0.00394
1	0.01151	0.05966	0.56053	0.01511	0.05305	0.01176	0.12012	0.01645	0.01102	0.08022	0.00991	0.01141	0.00705	0.00475	0.00485	0.00156	0.00709	0.00408	0.00251	0.00735
2	0.01239	0.04316	0.05131	0.00943	0.04154	0.00823	0.02591	0.01692	0.16162	0.20662	0.17593	0.05200	0.12471	0.00831	0.00537	0.00163	0.00392	0.03958	0.00489	0.00652
3	0.01042	0.00833	0.01409	0.04591	0.07023	0.00800	0.19156	0.04504	0.01258	0.08025	0.24908	0.06346	0.07835	0.00864	0.00659	0.05551	0.00478	0.03737	0.00411	0.00569
4	0.21874	0.19339	0.01421	0.00851	0.01232	0.01206	0.00735	0.11829	0.01297	0.29706	0.01223	0.01186	0.00860	0.00523	0.00408	0.00139	0.00453	0.00376	0.00421	0.04922
5	0.01278	0.01327	0.01788	0.16829	0.46707	0.14725	0.01375	0.01538	0.01131	0.01464	0.00879	0.01184	0.00732	0.00497	0.00569	0.00153	0.06469	0.00422	0.00242	0.00693

[dist]
# distance from previous block
# <min> <max>
0	1

[block]
# block no. 7 follows, 50 sequences, length 19
# corresponding to MSA columns:
# 334-352
name=unknown_H
#
# <colnr> <probs for GDERKNQSTAVLIFYWHMCP>
#	G	D	E	R	K	N	Q	S	T	A	V	L	I	F	Y	W	H	M	C	P
0	0.04591	0.01976	0.01613	0.01509	0.09491	0.53865	0.09726	0.03428	0.01327	0.01397	0.00823	0.00997	0.00675	0.00497	0.00487	0.00136	0.02514	0.00366	0.00263	0.04319
1	0.01188	0.01146	0.01963	0.12699	0.59904	0.01169	0.06634	0.01535	0.03873	0.01598	0.00974	0.01271	0.00796	0.00456	0.00498	0.00151	0.00606	0.00454	0.00254	0.02831
2	0.01215	0.01208	0.02175	0.02719	0.57702	0.01187	0.18514	0.01567	0.03232	0.01634	0.00981	0.01269	0.00800	0.00443	0.00511	0.00151	0.00636	0.00475	0.00256	0.03324
3	0.00646	0.00478	0.00598	0.00672	0.00748	0.00443	0.00485	0.00764	0.01029	0.01333	0.06501	0.44051	0.20380	0.07043	0.00763	0.00216	0.00318	0.12666	0.00455	0.00412
4	0.01686	0.01247	0.01359	0.01091	0.01436	0.01373	0.00896	0.62696	0.05468	0.02829	0.01461	0.06963	0.01214	0.00733	0.00525	0.00161	0.00517	0.07071	0.00493	0.00782
5	0.00620	0.00500	0.00514	0.00514	0.00644	0.00435	0.00361	0.00717	0.01043	0.01260	0.04261	0.04449	0.61644	0.19664	0.01030	0.00240	0.00305	0.00978	0.00426	0.00394
6	0.01158	0.00986	0.01482	0.51049	0.10805	0.01154	0.01247	0.08177	0.12048	0.05310	0.01130	0.01400	0.00841	0.00532	0.00499	0.00163	0.00597	0.00463	0.00307	0.00651
7	0.86003	0.00964	0.00733	0.00655	0.00964	0.01118	0.00540	0.01465	0.00848	0.02236	0.00694	0.00810	0.00540	0.00463	0.00308	0.00154	0.00386	0.00270	0.00308	0.00540
8	0.01185	0.01320	0.02801	0.02247	0.14338	0.01249	0.65942	0.01586	0.01170	0.01601	0.00998	0.01328	0.00761	0.00424	0.00574	0.00165	0.00802	0.00566	0.00251	0.00690
9	0.15039	0.00866	0.01092	0.00851	0.01225	0.00792	0.00703	0.02282	0.01338	0.67876	0.01772	0.01561	0.01128	0.00593	0.00472	0.00154	0.00418	0.00466	0.00570	0.00801
10	0.00725	0.00483	0.00544	0.00544	0.00544	0.00483	0.00302	0.00725	0.00725	0.00966	0.01571	0.03262	0.01812	0.82483	0.02537	0.00483	0.00483	0.00725	0.00302	0.00302
11	0.86003	0.00964	0.00733	0.00655	0.00964	0.01118	0.00540	0.01465	0.00848	0.02236	0.00694	0.00810	0.00540	0.00463	0.00308	0.00154	0.00386	0.00270	0.00308	0.00540
12	0.00673	0.00502	0.00626	0.00608	0.00728	0.00455	0.00451	0.00873	0.01316	0.01803	0.57442	0.10743	0.19710	0.01116	0.00592	0.00163	0.00243	0.00977	0.00524	0.00455
13	0.86003	0.00964	0.00733	0.00655	0.00964	0.01118	0.00540	0.01465	0.00848	0.02236	0.00694	0.00810	0.00540	0.00463	0.00308	0.00154	0.00386	0.00270	0.00308	0.00540
14	0.02236	0.00848	0.01157	0.00887	0.01272	0.00733	0.00733	0.02429	0.01427	0.79719	0.01966	0.01697	0.01234	0.00617	0.00501	0.00154	0.00424	0.00501	0.00617	0.00848
15	0.00675	0.00468	0.00587	0.00656	0.00682	0.00454	0.00433	0.00741	0.00881	0.01171	0.02262	0.42542	0.02654	0.34189	0.01408	0.00318	0.00385	0.08728	0.00397	0.00369
16	0.01000	0.02578	0.79900	0.01421	0.02157	0.01158	0.01842	0.01579	0.01052	0.01579	0.00895	0.01052	0.00631	0.00474	0.00474	0.00158	0.00737	0.00368	0.00210	0.00737
17	0.01168	0.43125	0.40828	0.01134	0.01713	0.01569	0.01342	0.01535	0.01032	0.01373	0.00793	0.00925	0.00636	0.00450	0.00396	0.00132	0.00634	0.00317	0.00212	0.00688
