[name]
unknown

[dist]
# distance from previous block
# <min> <max>
0	503

[block]
# block no. 0 follows, 46 sequences, length 14
# corresponding to MSA columns:
# 503-516
name=unknown_A
#
# <colnr> <probs for GDERKNQSTAVLIFYWHMCP>
#	G	D	E	R	K	N	Q	S	T	A	V	L	I	F	Y	W	H	M	C	P
0	0.00852	0.00608	0.00852	0.00974	0.01095	0.00608	0.00852	0.01095	0.01217	0.01582	0.02799	0.05963	0.03042	0.01460	0.00730	0.00243	0.00487	0.74565	0.00487	0.00487
1	0.02065	0.00841	0.01151	0.00947	0.01298	0.00743	0.00792	0.02277	0.01453	0.62954	0.02230	0.02640	0.01659	0.00817	0.00572	0.00180	0.00457	0.15486	0.00620	0.00816
2	0.02305	0.00915	0.01225	0.00949	0.01351	0.00811	0.00781	0.02591	0.06267	0.73696	0.02090	0.01810	0.01328	0.00658	0.00532	0.00165	0.00448	0.00536	0.00647	0.00896
3	0.02010	0.01481	0.01587	0.01216	0.01639	0.01639	0.01005	0.76360	0.02486	0.03332	0.01269	0.01269	0.00899	0.00635	0.00529	0.00159	0.00582	0.00476	0.00529	0.00899
4	0.00671	0.00522	0.00609	0.00620	0.00750	0.00461	0.00453	0.00835	0.01265	0.01647	0.29427	0.20051	0.38167	0.01316	0.00634	0.00182	0.00269	0.01140	0.00522	0.00461
5	0.00755	0.00566	0.00850	0.00850	0.00944	0.00661	0.00661	0.00944	0.00850	0.01227	0.01416	0.02077	0.01322	0.03965	0.79326	0.00850	0.01416	0.00566	0.00283	0.00472
6	0.02372	0.00900	0.01227	0.00941	0.01350	0.00777	0.00777	0.02576	0.01513	0.78489	0.02086	0.01799	0.01309	0.00654	0.00532	0.00164	0.00450	0.00532	0.00654	0.00900
7	0.01315	0.01136	0.01195	0.01076	0.01375	0.01315	0.00837	0.02809	0.77168	0.02211	0.02152	0.01972	0.01614	0.00717	0.00538	0.00179	0.00418	0.00598	0.00538	0.00837
8	0.01174	0.00986	0.01138	0.00820	0.01286	0.00785	0.00659	0.07739	0.01215	0.01860	0.00968	0.01111	0.00793	0.00412	0.00403	0.00085	0.00408	0.00327	0.00332	0.77499
9	0.01096	0.00940	0.01096	0.00783	0.01253	0.00705	0.00626	0.01331	0.01096	0.01723	0.00940	0.01096	0.00783	0.00392	0.00392	0.00078	0.00392	0.00313	0.00313	0.84653
10	0.01096	0.00940	0.01096	0.00783	0.01253	0.00705	0.00626	0.01331	0.01096	0.01723	0.00940	0.01096	0.00783	0.00392	0.00392	0.00078	0.00392	0.00313	0.00313	0.84653
11	0.01371	0.72364	0.11779	0.00976	0.01467	0.01989	0.01029	0.01594	0.01079	0.01295	0.00760	0.00880	0.00677	0.00458	0.00359	0.00120	0.00591	0.00295	0.00226	0.00691
12	0.00812	0.00635	0.00781	0.00830	0.00912	0.00674	0.00586	0.01184	0.16373	0.01503	0.02582	0.57037	0.02892	0.05467	0.00804	0.00223	0.04482	0.01229	0.00478	0.00514
13	0.01834	0.01371	0.01478	0.01158	0.01552	0.01502	0.00945	0.62382	0.08718	0.03052	0.01413	0.05445	0.01088	0.00682	0.00530	0.00159	0.00544	0.00531	0.00517	0.05098

[dist]
# distance from previous block
# <min> <max>
1	30

[block]
# block no. 1 follows, 46 sequences, length 21
# corresponding to MSA columns:
# 547-567
name=unknown_B
#
# <colnr> <probs for GDERKNQSTAVLIFYWHMCP>
#	G	D	E	R	K	N	Q	S	T	A	V	L	I	F	Y	W	H	M	C	P
0	0.01123	0.16671	0.65291	0.01401	0.02124	0.01380	0.01768	0.01658	0.01109	0.01598	0.00911	0.01069	0.00671	0.00493	0.00473	0.00158	0.00743	0.00372	0.00224	0.00763
1	0.01341	0.48962	0.23515	0.01089	0.01615	0.01728	0.01183	0.01766	0.08664	0.04283	0.00984	0.01069	0.00792	0.00500	0.00411	0.00137	0.00606	0.00353	0.00272	0.00731
2	0.01658	0.01127	0.01256	0.01063	0.01405	0.01232	0.00846	0.12753	0.49190	0.20336	0.02016	0.01836	0.01445	0.00691	0.00535	0.00173	0.00448	0.00566	0.00564	0.00860
3	0.01933	0.00803	0.01082	0.00863	0.01197	0.00701	0.00699	0.02146	0.01500	0.58004	0.20158	0.02410	0.04536	0.00777	0.00556	0.00165	0.00397	0.00650	0.00632	0.00791
4	0.00656	0.00469	0.00627	0.00750	0.00786	0.00440	0.00512	0.00757	0.01024	0.01363	0.02907	0.76746	0.03470	0.01645	0.00678	0.00216	0.00317	0.05715	0.00491	0.00433
5	0.02010	0.01481	0.01587	0.01216	0.01639	0.01639	0.01005	0.76360	0.02486	0.03332	0.01269	0.01269	0.00899	0.00635	0.00529	0.00159	0.00582	0.00476	0.00529	0.00899
6	0.01413	0.81739	0.02770	0.00905	0.01357	0.02092	0.00905	0.01583	0.01074	0.01244	0.00735	0.00848	0.00678	0.00452	0.00339	0.00113	0.00565	0.00283	0.00226	0.00678
7	0.01172	0.00772	0.00905	0.00805	0.01013	0.03682	0.00621	0.01603	0.13262	0.15694	0.49657	0.03145	0.03644	0.00928	0.00588	0.00167	0.00338	0.00801	0.00576	0.00627
8	0.02010	0.01481	0.01587	0.01216	0.01639	0.01639	0.01005	0.76360	0.02486	0.03332	0.01269	0.01269	0.00899	0.00635	0.00529	0.00159	0.00582	0.00476	0.00529	0.00899
9	0.01820	0.02270	0.01398	0.01274	0.01528	0.69378	0.00956	0.01971	0.01498	0.01398	0.10514	0.01330	0.01223	0.00612	0.00495	0.00140	0.00865	0.00418	0.00311	0.00599
10	0.02005	0.01317	0.01465	0.01142	0.01547	0.01419	0.00937	0.52146	0.11022	0.19096	0.01545	0.01464	0.01069	0.00648	0.00530	0.00162	0.00535	0.00502	0.00556	0.00892
11	0.02010	0.01481	0.01587	0.01216	0.01639	0.01639	0.01005	0.76360	0.02486	0.03332	0.01269	0.01269	0.00899	0.00635	0.00529	0.00159	0.00582	0.00476	0.00529	0.00899
12	0.01516	0.01369	0.02117	0.01597	0.02034	0.01431	0.31945	0.26515	0.21350	0.02366	0.01416	0.01516	0.01045	0.00578	0.00570	0.00172	0.00667	0.00568	0.00423	0.00806
13	0.01144	0.00919	0.01020	0.00963	0.01174	0.01014	0.00725	0.11270	0.38409	0.02020	0.02334	0.32377	0.02250	0.01069	0.00590	0.00190	0.00396	0.00931	0.00519	0.00688
14	0.01926	0.02190	0.01457	0.01299	0.01582	0.60947	0.00989	0.05190	0.08184	0.07507	0.01049	0.01128	0.00822	0.00583	0.00524	0.00146	0.03090	0.00387	0.00335	0.00666
15	0.01799	0.01489	0.01410	0.01170	0.01525	0.14410	0.00932	0.32978	0.27468	0.08880	0.01560	0.01498	0.01138	0.00649	0.00523	0.00162	0.00578	0.00499	0.00500	0.00830
16	0.01758	0.01770	0.07536	0.07999	0.01811	0.24770	0.01085	0.29645	0.08091	0.05310	0.01174	0.01248	0.00871	0.00586	0.00506	0.00153	0.00693	0.00434	0.00400	0.04161
17	0.01243	0.01215	0.05008	0.21610	0.01942	0.08841	0.01068	0.07969	0.09934	0.04777	0.04823	0.01977	0.11513	0.00768	0.00755	0.00180	0.14794	0.00577	0.00363	0.00642
18	0.15167	0.01722	0.01344	0.01162	0.01474	0.31941	0.00910	0.17332	0.14182	0.05166	0.01166	0.01214	0.00890	0.00601	0.00521	0.00157	0.03533	0.00415	0.00392	0.00713
19	0.06992	0.01521	0.01410	0.01159	0.01514	0.14511	0.00927	0.41912	0.16694	0.02664	0.04443	0.01436	0.01147	0.00645	0.00513	0.00160	0.00588	0.00485	0.00477	0.00802
20	0.06754	0.01379	0.01423	0.01208	0.01508	0.13118	0.05521	0.15538	0.28291	0.05228	0.01539	0.01745	0.01218	0.00706	0.00640	0.00176	0.07915	0.04904	0.00440	0.00748

[dist]
# distance from previous block
# <min> <max>
20	165

[block]
# block no. 2 follows, 46 sequences, length 17
# corresponding to MSA columns:
# 784-800
name=unknown_C
#
# <colnr> <probs for GDERKNQSTAVLIFYWHMCP>
#	G	D	E	R	K	N	Q	S	T	A	V	L	I	F	Y	W	H	M	C	P
0	0.01772	0.00974	0.01157	0.00952	0.01299	0.03023	0.00757	0.04383	0.19395	0.39278	0.02002	0.10142	0.01525	0.00742	0.00531	0.00162	0.00438	0.00619	0.00557	0.10290
1	0.01165	0.00794	0.00988	0.00978	0.01172	0.00822	0.00805	0.11519	0.11028	0.08535	0.02468	0.16762	0.02496	0.01217	0.00652	0.00212	0.00458	0.36803	0.00514	0.00613
2	0.01373	0.01266	0.02152	0.01623	0.02029	0.01274	0.37590	0.23177	0.06088	0.02141	0.01494	0.14455	0.01320	0.00715	0.00600	0.00179	0.00678	0.00724	0.00396	0.00728
3	0.14649	0.00812	0.01264	0.01092	0.01322	0.00795	0.18877	0.01145	0.01098	0.01636	0.02409	0.30614	0.11817	0.01110	0.00605	0.00196	0.00480	0.09139	0.00409	0.00530
4	0.01175	0.01243	0.02056	0.01601	0.01940	0.09871	0.39662	0.05224	0.01263	0.01621	0.01641	0.26854	0.01656	0.00854	0.00619	0.00184	0.00696	0.00866	0.00353	0.00620
5	0.00983	0.00719	0.00847	0.00831	0.00968	0.00734	0.00603	0.19067	0.01368	0.01816	0.02612	0.49585	0.08778	0.05631	0.02634	0.00229	0.00408	0.01161	0.00486	0.00540
6	0.01077	0.09348	0.01072	0.00844	0.01010	0.00913	0.00631	0.19154	0.01336	0.01765	0.02080	0.40510	0.02310	0.14342	0.00934	0.00239	0.00435	0.01004	0.00444	0.00552
7	0.01304	0.34679	0.39672	0.01231	0.01841	0.01622	0.01427	0.09569	0.01245	0.01675	0.00896	0.01024	0.00698	0.00496	0.00439	0.00144	0.00672	0.00356	0.00257	0.00752
8	0.01714	0.00985	0.01180	0.00959	0.01287	0.00979	0.00768	0.22658	0.07521	0.28915	0.12506	0.10350	0.01939	0.00806	0.00552	0.00165	0.00438	0.00673	0.00566	0.05039
9	0.00919	0.00673	0.00808	0.00798	0.00956	0.00645	0.00578	0.07594	0.07036	0.04247	0.02692	0.50125	0.09383	0.01299	0.00612	0.00188	0.00350	0.01150	0.00484	0.09464
10	0.01482	0.01515	0.01253	0.01040	0.01388	0.28197	0.00802	0.11988	0.01421	0.01758	0.01153	0.09565	0.01052	0.00613	0.00470	0.00124	0.00605	0.00472	0.00348	0.34756
11	0.01607	0.65436	0.02459	0.00912	0.01355	0.01827	0.00879	0.01783	0.01163	0.16822	0.01007	0.01040	0.00806	0.00493	0.00378	0.00123	0.00542	0.00333	0.00312	0.00723
12	0.01401	0.00999	0.01388	0.01162	0.01428	0.09088	0.15898	0.01602	0.01255	0.23483	0.02082	0.33823	0.02028	0.01007	0.00603	0.00184	0.00534	0.00924	0.00469	0.00641
13	0.01972	0.01269	0.01596	0.01547	0.16981	0.01315	0.01064	0.40179	0.01949	0.24511	0.01447	0.01429	0.01004	0.00607	0.00529	0.00160	0.00553	0.00491	0.00511	0.00887
14	0.01319	0.01175	0.01893	0.02743	0.62568	0.01187	0.01417	0.07101	0.01286	0.01877	0.01108	0.01390	0.00908	0.00502	0.00504	0.00153	0.00576	0.00474	0.11021	0.00798
15	0.01330	0.17487	0.02272	0.02773	0.62642	0.01425	0.01478	0.01614	0.01178	0.01630	0.00942	0.01216	0.00805	0.00467	0.00486	0.00148	0.00615	0.00433	0.00255	0.00805
16	0.01061	0.01003	0.01699	0.64641	0.18662	0.01191	0.01499	0.01406	0.01087	0.01427	0.00951	0.01389	0.00731	0.00517	0.00527	0.00172	0.00689	0.00470	0.00240	0.00638

[dist]
# distance from previous block
# <min> <max>
0	2

[block]
# block no. 3 follows, 46 sequences, length 14
# corresponding to MSA columns:
# 803-816
name=unknown_D
#
# <colnr> <probs for GDERKNQSTAVLIFYWHMCP>
#	G	D	E	R	K	N	Q	S	T	A	V	L	I	F	Y	W	H	M	C	P
0	0.01284	0.19026	0.03043	0.01938	0.02455	0.01502	0.59702	0.01669	0.01210	0.01595	0.00996	0.01299	0.00775	0.00447	0.00562	0.00164	0.00820	0.00549	0.00258	0.00705
1	0.01514	0.19056	0.01773	0.01179	0.01458	0.12361	0.00990	0.16697	0.10861	0.01818	0.01028	0.01183	0.00849	0.00662	0.00807	0.00165	0.22575	0.00420	0.00337	0.04266
2	0.01367	0.01471	0.01172	0.01123	0.01328	0.33230	0.00878	0.01750	0.13131	0.01484	0.01576	0.02418	0.01467	0.01515	0.17819	0.00322	0.00872	0.16126	0.00362	0.00590
3	0.01376	0.00931	0.01125	0.00818	0.01274	0.00721	0.00659	0.01604	0.01188	0.18545	0.01191	0.01250	0.00898	0.00449	0.00422	0.00097	0.00404	0.00361	0.00388	0.66299
4	0.01329	0.01084	0.01322	0.01421	0.18066	0.01127	0.00923	0.27854	0.08783	0.02240	0.02655	0.02618	0.26651	0.00842	0.00561	0.00167	0.00472	0.00700	0.00458	0.00729
5	0.01231	0.01217	0.01603	0.58871	0.07077	0.11900	0.01377	0.07650	0.01243	0.01526	0.00953	0.01330	0.00724	0.00537	0.00521	0.00168	0.00725	0.00453	0.00266	0.00629
6	0.01031	0.00687	0.00820	0.00778	0.00937	0.00672	0.00587	0.11319	0.01338	0.08070	0.13136	0.17802	0.15306	0.14762	0.00975	0.00244	0.00399	0.10108	0.00493	0.00533
7	0.05859	0.30030	0.19539	0.01135	0.01645	0.01649	0.01155	0.26260	0.01556	0.05070	0.01012	0.01085	0.00768	0.00533	0.00446	0.00145	0.00608	0.00381	0.00347	0.00778
8	0.01805	0.04723	0.10033	0.18381	0.01972	0.01045	0.01080	0.05759	0.05681	0.41635	0.01612	0.01580	0.01075	0.00603	0.00519	0.00165	0.00552	0.00492	0.00483	0.00805
9	0.01092	0.01319	0.10743	0.01065	0.01329	0.17371	0.04721	0.01400	0.05711	0.01489	0.06797	0.13937	0.08280	0.01561	0.17820	0.00317	0.00778	0.00708	0.00358	0.03204
10	0.19480	0.01386	0.01300	0.01206	0.07584	0.16394	0.00890	0.20474	0.01572	0.15696	0.01456	0.01579	0.04936	0.00642	0.00488	0.00160	0.00578	0.03015	0.00433	0.00732
11	0.06756	0.00867	0.01036	0.01081	0.07982	0.03229	0.00734	0.05320	0.12509	0.16037	0.02111	0.31086	0.02070	0.05835	0.00699	0.00204	0.00431	0.00885	0.00482	0.00646
12	0.07204	0.08631	0.09369	0.04617	0.01623	0.23166	0.01010	0.13143	0.01495	0.15789	0.04103	0.01299	0.00992	0.00575	0.00479	0.00148	0.00653	0.00420	0.00387	0.04897
13	0.20423	0.01025	0.08158	0.01043	0.07842	0.00866	0.00815	0.01695	0.01201	0.27044	0.02168	0.06841	0.14146	0.03751	0.00586	0.00182	0.00450	0.00624	0.00457	0.00683

[dist]
# distance from previous block
# <min> <max>
5	75

[block]
# block no. 4 follows, 46 sequences, length 17
# corresponding to MSA columns:
# 904-920
name=unknown_E
#
# <colnr> <probs for GDERKNQSTAVLIFYWHMCP>
#	G	D	E	R	K	N	Q	S	T	A	V	L	I	F	Y	W	H	M	C	P
0	0.03208	0.13452	0.04037	0.10596	0.02925	0.12098	0.02463	0.07032	0.04571	0.26292	0.01504	0.05044	0.01150	0.00674	0.00531	0.00170	0.00618	0.00516	0.00450	0.02668
1	0.09516	0.03744	0.03044	0.02624	0.07166	0.06776	0.00923	0.13016	0.18522	0.22456	0.01572	0.01585	0.01142	0.00624	0.00502	0.00161	0.00522	0.01974	0.00478	0.03653
2	0.04914	0.10616	0.05085	0.01056	0.04893	0.01004	0.04159	0.08821	0.03766	0.11038	0.10194	0.20167	0.01964	0.00852	0.00531	0.00162	0.00456	0.00734	0.00435	0.09152
3	0.05960	0.04489	0.01155	0.12955	0.03877	0.00985	0.00807	0.05799	0.17019	0.03273	0.05208	0.15956	0.05399	0.04802	0.00636	0.00184	0.00451	0.00712	0.00415	0.09918
4	0.01034	0.01389	0.25936	0.01126	0.05120	0.00892	0.01082	0.05443	0.01297	0.05586	0.19777	0.06971	0.13234	0.00853	0.00611	0.00169	0.03970	0.00708	0.00406	0.04396
5	0.01302	0.41804	0.21052	0.01109	0.01584	0.10898	0.02950	0.01578	0.01143	0.01383	0.01189	0.05593	0.05235	0.00592	0.00437	0.00140	0.00642	0.00439	0.00262	0.00670
6	0.01165	0.01246	0.10222	0.01312	0.01643	0.04836	0.17992	0.13538	0.01265	0.01723	0.01239	0.01676	0.01048	0.04301	0.33802	0.00464	0.01042	0.00540	0.00313	0.00633
7	0.01224	0.07844	0.38294	0.01803	0.11299	0.05772	0.18553	0.01753	0.05356	0.01662	0.01025	0.01228	0.00773	0.00496	0.00521	0.00164	0.00762	0.00454	0.00258	0.00759
8	0.09208	0.24173	0.23834	0.01191	0.01689	0.15382	0.01211	0.14315	0.01383	0.01831	0.00901	0.01015	0.00704	0.00517	0.00441	0.00145	0.00684	0.00357	0.00294	0.00724
9	0.10869	0.01580	0.01636	0.05499	0.32619	0.26039	0.01188	0.01723	0.01244	0.01644	0.00900	0.01124	0.00745	0.00490	0.00471	0.00143	0.00682	0.00390	0.00277	0.10736
10	0.00678	0.00474	0.00603	0.00693	0.00715	0.00452	0.00445	0.00745	0.00946	0.01261	0.02575	0.60018	0.03069	0.23297	0.01222	0.00295	0.00363	0.01304	0.00445	0.00400
11	0.01579	0.01372	0.02140	0.01572	0.02034	0.01385	0.31359	0.33508	0.01752	0.04191	0.01153	0.01321	0.00850	0.00537	0.00583	0.00159	0.02776	0.00517	0.00393	0.10819
12	0.01271	0.01218	0.02079	0.12431	0.69227	0.01246	0.01604	0.01590	0.01186	0.01682	0.00988	0.01320	0.00822	0.00478	0.00524	0.00159	0.00637	0.00471	0.00258	0.00808
13	0.00727	0.00568	0.00678	0.00733	0.00886	0.00519	0.00604	0.00910	0.01210	0.01497	0.04205	0.05482	0.44215	0.01394	0.00672	0.00208	0.00366	0.34172	0.00489	0.00465
14	0.00757	0.00515	0.00612	0.00622	0.00635	0.00524	0.00374	0.00787	0.00797	0.01075	0.01733	0.09358	0.01973	0.65938	0.11687	0.00530	0.00604	0.00802	0.00329	0.00347
15	0.00644	0.00460	0.00613	0.00736	0.00767	0.00429	0.00491	0.00736	0.01012	0.01350	0.02914	0.81076	0.03497	0.01656	0.00675	0.00215	0.00307	0.01503	0.00491	0.00429
16	0.01456	0.01191	0.01480	0.01435	0.17056	0.01141	0.00960	0.27359	0.01599	0.02280	0.01065	0.01199	0.00834	0.00492	0.00466	0.00122	0.00506	0.00402	0.00377	0.38580

[dist]
# distance from previous block
# <min> <max>
0	1

[block]
# block no. 5 follows, 46 sequences, length 14
# corresponding to MSA columns:
# 922-935
name=unknown_F
#
# <colnr> <probs for GDERKNQSTAVLIFYWHMCP>
#	G	D	E	R	K	N	Q	S	T	A	V	L	I	F	Y	W	H	M	C	P
0	0.01991	0.02039	0.01539	0.01295	0.01637	0.43373	0.01014	0.36459	0.01955	0.02237	0.01026	0.01099	0.00782	0.00586	0.00501	0.00147	0.00781	0.00403	0.00391	0.00745
1	0.00670	0.00506	0.00626	0.00710	0.00801	0.00462	0.00519	0.00798	0.01103	0.01409	0.03651	0.46057	0.26440	0.01528	0.00668	0.00208	0.00322	0.12587	0.00490	0.00443
2	0.01570	0.02061	0.37251	0.01351	0.01939	0.01449	0.01444	0.41810	0.01852	0.02565	0.01121	0.01198	0.00793	0.00573	0.00517	0.00163	0.00674	0.00436	0.00387	0.00845
3	0.01248	0.01399	0.02967	0.02272	0.08917	0.01344	0.66454	0.01667	0.01223	0.01676	0.01045	0.01403	0.00800	0.00471	0.00669	0.00179	0.04679	0.00604	0.00265	0.00717
4	0.00650	0.00463	0.00612	0.00729	0.00758	0.00433	0.00483	0.00738	0.01001	0.01334	0.02855	0.77405	0.03422	0.05428	0.00770	0.00229	0.00316	0.01468	0.00483	0.00424
5	0.01276	0.01347	0.02669	0.02699	0.37625	0.01300	0.41702	0.01661	0.01227	0.01709	0.01035	0.01372	0.00818	0.00457	0.00577	0.00168	0.00769	0.00553	0.00265	0.00771
6	0.01438	0.04087	0.40312	0.01588	0.07402	0.01160	0.13453	0.01892	0.01239	0.20463	0.01244	0.01339	0.00859	0.00527	0.00526	0.00166	0.00701	0.00465	0.00338	0.00801
7	0.01435	0.01189	0.01574	0.01632	0.18589	0.01279	0.06275	0.12737	0.36561	0.06310	0.05476	0.01777	0.01436	0.00647	0.00543	0.00170	0.00514	0.00568	0.00465	0.00824
8	0.01094	0.00807	0.01100	0.00949	0.01056	0.00906	0.05429	0.01300	0.06730	0.09313	0.06449	0.02550	0.01682	0.38099	0.01819	0.00343	0.18831	0.00664	0.00365	0.00515
9	0.06785	0.07644	0.31804	0.01073	0.01526	0.00982	0.01149	0.01538	0.01147	0.14563	0.01841	0.19776	0.06325	0.00841	0.00531	0.00174	0.00543	0.00700	0.00381	0.00678
10	0.01142	0.00828	0.01395	0.01194	0.01414	0.00811	0.17654	0.01359	0.01168	0.14352	0.02174	0.31363	0.02237	0.01129	0.00729	0.00204	0.06573	0.13233	0.00448	0.00593
11	0.01018	0.00885	0.01030	0.06494	0.01263	0.10842	0.04483	0.01164	0.01113	0.06258	0.02213	0.49461	0.02472	0.01258	0.00697	0.00198	0.05682	0.02522	0.00427	0.00519
12	0.01321	0.01393	0.02454	0.04952	0.03748	0.07219	0.47419	0.06557	0.06100	0.01716	0.01095	0.01409	0.00850	0.00605	0.00751	0.05798	0.05070	0.00563	0.00296	0.00683
13	0.01267	0.06856	0.13395	0.01906	0.02418	0.04576	0.50322	0.03574	0.01228	0.01655	0.01012	0.01320	0.00778	0.00559	0.02210	0.00187	0.05221	0.00544	0.00264	0.00709

[dist]
# distance from previous block
# <min> <max>
81	170

[block]
# block no. 6 follows, 46 sequences, length 7
# corresponding to MSA columns:
# 1162-1168
name=unknown_G
#
# <colnr> <probs for GDERKNQSTAVLIFYWHMCP>
#	G	D	E	R	K	N	Q	S	T	A	V	L	I	F	Y	W	H	M	C	P
0	0.09073	0.01558	0.19194	0.02125	0.28158	0.01200	0.19559	0.01603	0.01172	0.01783	0.04102	0.01347	0.00932	0.00494	0.00521	0.00161	0.00676	0.00483	0.00277	0.05581
1	0.01435	0.09432	0.09358	0.01610	0.09025	0.11688	0.19667	0.01766	0.03279	0.09077	0.01063	0.01254	0.00824	0.00535	0.00624	0.00156	0.08298	0.00456	0.00306	0.10149
2	0.01279	0.25039	0.31899	0.01505	0.02091	0.07495	0.20344	0.01686	0.01167	0.01526	0.00908	0.01105	0.00707	0.00477	0.00484	0.00152	0.00760	0.00415	0.00239	0.00722
3	0.01384	0.20157	0.01701	0.01065	0.01375	0.01314	0.05496	0.11925	0.01317	0.10271	0.04792	0.06807	0.04645	0.00759	0.00696	0.00162	0.13211	0.03958	0.00384	0.08582
4	0.00918	0.00459	0.00689	0.00689	0.00689	0.00459	0.00459	0.00689	0.00689	0.00918	0.00918	0.01607	0.00918	0.01837	0.02066	0.84619	0.00459	0.00459	0.00230	0.00230
5	0.00756	0.00563	0.00688	0.00709	0.00819	0.00509	0.00500	0.00868	0.01011	0.01358	0.02618	0.34411	0.11200	0.20482	0.01119	0.00267	0.00384	0.09673	0.00426	0.11641
6	0.06747	0.01437	0.01900	0.17715	0.02287	0.11150	0.20092	0.25485	0.01622	0.04841	0.01090	0.01292	0.00801	0.00545	0.00534	0.00165	0.00717	0.00485	0.00362	0.00732

[dist]
# distance from previous block
# <min> <max>
2	22

[block]
# block no. 7 follows, 46 sequences, length 8
# corresponding to MSA columns:
# 1192-1199
name=unknown_H
#
# <colnr> <probs for GDERKNQSTAVLIFYWHMCP>
#	G	D	E	R	K	N	Q	S	T	A	V	L	I	F	Y	W	H	M	C	P
0	0.29042	0.01097	0.01130	0.00901	0.01273	0.01143	0.00734	0.16190	0.06413	0.05630	0.01054	0.01145	0.00810	0.00536	0.00492	0.00142	0.05114	0.00374	0.00385	0.26397
1	0.00829	0.00648	0.00813	0.00780	0.00978	0.00548	0.00581	0.00989	0.01066	0.01509	0.02198	0.43966	0.02478	0.01183	0.00580	0.00169	0.00358	0.09470	0.00427	0.30431
2	0.17498	0.01137	0.01242	0.00967	0.01372	0.01156	0.00793	0.27424	0.04396	0.22491	0.01358	0.01327	0.00951	0.00574	0.00468	0.00148	0.00476	0.00431	0.00487	0.15306
3	0.00769	0.00513	0.00577	0.00577	0.00577	0.00513	0.00320	0.00769	0.00769	0.01025	0.01666	0.03460	0.01922	0.81421	0.02691	0.00513	0.00513	0.00769	0.00320	0.00320
4	0.05179	0.01055	0.01196	0.00883	0.01332	0.00930	0.00716	0.17305	0.01414	0.08116	0.01090	0.01177	0.00839	0.00468	0.00429	0.00106	0.00437	0.00364	0.00386	0.56580
5	0.00758	0.00512	0.00594	0.00598	0.00615	0.00505	0.00353	0.00793	0.00871	0.01176	0.10663	0.08999	0.02392	0.66392	0.02307	0.00451	0.00467	0.00843	0.00363	0.00349
6	0.06142	0.01008	0.01127	0.00862	0.01286	0.00900	0.00688	0.05649	0.15443	0.04807	0.01215	0.01282	0.00952	0.00481	0.00428	0.00110	0.00410	0.00382	0.00380	0.56446
7	0.01096	0.00940	0.01096	0.00783	0.01253	0.00705	0.00626	0.01331	0.01096	0.01723	0.00940	0.01096	0.00783	0.00392	0.00392	0.00078	0.00392	0.00313	0.00313	0.84653

[dist]
# distance from previous block
# <min> <max>
2	13

[block]
# block no. 8 follows, 46 sequences, length 8
# corresponding to MSA columns:
# 1213-1220
name=unknown_I
#
# <colnr> <probs for GDERKNQSTAVLIFYWHMCP>
#	G	D	E	R	K	N	Q	S	T	A	V	L	I	F	Y	W	H	M	C	P
0	0.20722	0.01169	0.01276	0.01001	0.01397	0.01227	0.00826	0.33062	0.01781	0.30192	0.01444	0.01368	0.00974	0.00610	0.00485	0.00162	0.00496	0.00454	0.00529	0.00826
1	0.60761	0.00915	0.00841	0.09776	0.01277	0.01052	0.00660	0.01388	0.00937	0.02076	0.01140	0.14954	0.01099	0.00699	0.00411	0.00174	0.00425	0.00520	0.00345	0.00549
2	0.15519	0.00646	0.00837	0.00823	0.00958	0.00753	0.00645	0.01051	0.00858	0.01427	0.01297	0.01864	0.01191	0.03357	0.65507	0.00730	0.01240	0.00517	0.00291	0.00490
3	0.00718	0.00474	0.00637	0.00725	0.00752	0.00454	0.00489	0.00753	0.00942	0.01253	0.02425	0.54409	0.02850	0.10181	0.01136	0.15013	0.00366	0.05609	0.00427	0.00386
4	0.01096	0.00940	0.01096	0.00783	0.01253	0.00705	0.00626	0.01331	0.01096	0.01723	0.00940	0.01096	0.00783	0.00392	0.00392	0.00078	0.00392	0.00313	0.00313	0.84653
5	0.00872	0.00824	0.01559	0.01299	0.01520	0.00772	0.29054	0.01097	0.01101	0.01479	0.02218	0.51027	0.02480	0.01200	0.00656	0.00201	0.00527	0.01171	0.00406	0.00536
6	0.00666	0.00476	0.00639	0.00761	0.00802	0.00448	0.00529	0.00774	0.01034	0.01374	0.02902	0.73067	0.03448	0.01635	0.00681	0.00218	0.00326	0.09293	0.00490	0.00436
7	0.38902	0.01155	0.01007	0.00819	0.01199	0.09900	0.00657	0.01596	0.01080	0.06640	0.00904	0.01016	0.00709	0.00469	0.00381	0.00128	0.00467	0.00318	0.00336	0.32317

[dist]
# distance from previous block
# <min> <max>
11	24

[block]
# block no. 9 follows, 46 sequences, length 46
# corresponding to MSA columns:
# 1247-1292
name=unknown_J
#
# <colnr> <probs for GDERKNQSTAVLIFYWHMCP>
#	G	D	E	R	K	N	Q	S	T	A	V	L	I	F	Y	W	H	M	C	P
0	0.01088	0.00857	0.01328	0.49630	0.02630	0.00990	0.01141	0.03378	0.03250	0.08163	0.20076	0.02081	0.01843	0.00683	0.00553	0.00172	0.00560	0.00599	0.00372	0.00607
1	0.01257	0.00957	0.01128	0.00816	0.01278	0.00749	0.00656	0.04418	0.01192	0.09313	0.01065	0.01172	0.00839	0.00427	0.00411	0.00090	0.00405	0.00341	0.00355	0.73132
2	0.01096	0.00940	0.01096	0.00783	0.01253	0.00705	0.00626	0.01331	0.01096	0.01723	0.00940	0.01096	0.00783	0.00392	0.00392	0.00078	0.00392	0.00313	0.00313	0.84653
3	0.00675	0.00488	0.00644	0.00758	0.00813	0.00458	0.00540	0.00793	0.01058	0.01391	0.03077	0.63893	0.08936	0.01603	0.00680	0.00216	0.00332	0.12716	0.00490	0.00439
4	0.00998	0.00940	0.01586	0.80150	0.03641	0.01175	0.01468	0.01351	0.01057	0.01351	0.00940	0.01409	0.00705	0.00529	0.00529	0.00176	0.00705	0.00470	0.00235	0.00587
5	0.00638	0.00536	0.00554	0.00550	0.00722	0.00452	0.00412	0.00785	0.01237	0.01503	0.13244	0.04964	0.69973	0.01311	0.00625	0.00177	0.00266	0.01098	0.00501	0.00452
6	0.00769	0.00513	0.00577	0.00577	0.00577	0.00513	0.00320	0.00769	0.00769	0.01025	0.01666	0.03460	0.01922	0.81421	0.02691	0.00513	0.00513	0.00769	0.00320	0.00320
7	0.01975	0.02520	0.01498	0.01362	0.01634	0.79299	0.01021	0.02111	0.01498	0.01294	0.00817	0.00953	0.00681	0.00545	0.00477	0.00136	0.00953	0.00340	0.00272	0.00613
8	0.01196	0.00999	0.01150	0.00830	0.01295	0.00806	0.00668	0.09496	0.01247	0.01898	0.00975	0.01115	0.00796	0.00418	0.00406	0.00087	0.00412	0.00331	0.00337	0.75538
9	0.01060	0.02735	0.78682	0.01507	0.02288	0.01228	0.01953	0.01674	0.01116	0.01674	0.00949	0.01116	0.00670	0.00502	0.00502	0.00167	0.00781	0.00391	0.00223	0.00781
10	0.02372	0.00900	0.01227	0.00941	0.01350	0.00777	0.00777	0.02576	0.01513	0.78489	0.02086	0.01799	0.01309	0.00654	0.00532	0.00164	0.00450	0.00532	0.00654	0.00900
11	0.00758	0.00554	0.00787	0.00787	0.00860	0.00627	0.00583	0.00904	0.00831	0.01181	0.01473	0.02392	0.01458	0.21603	0.61875	0.00773	0.01210	0.00612	0.00292	0.00437
12	0.00985	0.00493	0.00493	0.00493	0.00616	0.00493	0.00370	0.01232	0.01109	0.01971	0.01725	0.01971	0.01355	0.00616	0.00370	0.00123	0.00246	0.00493	0.84356	0.00493
13	0.05708	0.34628	0.43776	0.01219	0.01843	0.01575	0.01455	0.01631	0.01088	0.01537	0.00851	0.00994	0.00668	0.00481	0.00427	0.00145	0.00674	0.00341	0.00230	0.00728
14	0.00644	0.00460	0.00613	0.00736	0.00767	0.00429	0.00491	0.00736	0.01012	0.01350	0.02914	0.81076	0.03497	0.01656	0.00675	0.00215	0.00307	0.01503	0.00491	0.00429
15	0.00985	0.00493	0.00493	0.00493	0.00616	0.00493	0.00370	0.01232	0.01109	0.01971	0.01725	0.01971	0.01355	0.00616	0.00370	0.00123	0.00246	0.00493	0.84356	0.00493
16	0.01975	0.02520	0.01498	0.01362	0.01634	0.79299	0.01021	0.02111	0.01498	0.01294	0.00817	0.00953	0.00681	0.00545	0.00477	0.00136	0.00953	0.00340	0.00272	0.00613
17	0.01308	0.01256	0.02146	0.03245	0.78123	0.01256	0.01622	0.01622	0.01204	0.01727	0.00994	0.01308	0.00837	0.00471	0.00523	0.00157	0.00628	0.00471	0.00262	0.00837
18	0.01069	0.02671	0.75037	0.01542	0.02311	0.01233	0.05535	0.01675	0.01122	0.01675	0.00955	0.01131	0.00676	0.00500	0.00508	0.00168	0.00787	0.00402	0.00225	0.00778
19	0.00769	0.00513	0.00577	0.00577	0.00577	0.00513	0.00320	0.00769	0.00769	0.01025	0.01666	0.03460	0.01922	0.81421	0.02691	0.00513	0.00513	0.00769	0.00320	0.00320
20	0.00985	0.00493	0.00493	0.00493	0.00616	0.00493	0.00370	0.01232	0.01109	0.01971	0.01725	0.01971	0.01355	0.00616	0.00370	0.00123	0.00246	0.00493	0.84356	0.00493
21	0.01975	0.02520	0.01498	0.01362	0.01634	0.79299	0.01021	0.02111	0.01498	0.01294	0.00817	0.00953	0.00681	0.00545	0.00477	0.00136	0.00953	0.00340	0.00272	0.00613
22	0.01308	0.01256	0.02146	0.03245	0.78123	0.01256	0.01622	0.01622	0.01204	0.01727	0.00994	0.01308	0.00837	0.00471	0.00523	0.00157	0.00628	0.00471	0.00262	0.00837
23	0.00755	0.00566	0.00850	0.00850	0.00944	0.00661	0.00661	0.00944	0.00850	0.01227	0.01416	0.02077	0.01322	0.03965	0.79326	0.00850	0.01416	0.00566	0.00283	0.00472
24	0.00769	0.00513	0.00577	0.00577	0.00577	0.00513	0.00320	0.00769	0.00769	0.01025	0.01666	0.03460	0.01922	0.81421	0.02691	0.00513	0.00513	0.00769	0.00320	0.00320
25	0.00644	0.00460	0.00613	0.00736	0.00767	0.00429	0.00491	0.00736	0.01012	0.01350	0.02914	0.81076	0.03497	0.01656	0.00675	0.00215	0.00307	0.01503	0.00491	0.00429
26	0.01308	0.01256	0.02146	0.03245	0.78123	0.01256	0.01622	0.01622	0.01204	0.01727	0.00994	0.01308	0.00837	0.00471	0.00523	0.00157	0.00628	0.00471	0.00262	0.00837
27	0.01315	0.01136	0.01195	0.01076	0.01375	0.01315	0.00837	0.02809	0.77168	0.02211	0.02152	0.01972	0.01614	0.00717	0.00538	0.00179	0.00418	0.00598	0.00538	0.00837
28	0.01157	0.01157	0.01619	0.01388	0.01388	0.01619	0.01157	0.01272	0.00810	0.01272	0.00694	0.01157	0.00694	0.00925	0.01735	0.00231	0.80453	0.00463	0.00231	0.00578
29	0.01285	0.01233	0.02104	0.08938	0.72609	0.01250	0.01611	0.01602	0.01193	0.01699	0.00990	0.01316	0.00828	0.00475	0.00524	0.00158	0.00634	0.00471	0.00260	0.00819
30	0.02372	0.00900	0.01227	0.00941	0.01350	0.00777	0.00777	0.02576	0.01513	0.78489	0.02086	0.01799	0.01309	0.00654	0.00532	0.00164	0.00450	0.00532	0.00654	0.00900
31	0.01975	0.02520	0.01498	0.01362	0.01634	0.79299	0.01021	0.02111	0.01498	0.01294	0.00817	0.00953	0.00681	0.00545	0.00477	0.00136	0.00953	0.00340	0.00272	0.00613
32	0.01308	0.01256	0.02146	0.03245	0.78123	0.01256	0.01622	0.01622	0.01204	0.01727	0.00994	0.01308	0.00837	0.00471	0.00523	0.00157	0.00628	0.00471	0.00262	0.00837
33	0.01157	0.01157	0.01619	0.01388	0.01388	0.01619	0.01157	0.01272	0.00810	0.01272	0.00694	0.01157	0.00694	0.00925	0.01735	0.00231	0.80453	0.00463	0.00231	0.00578
34	0.77809	0.01078	0.00844	0.04554	0.01173	0.04272	0.00633	0.01566	0.00931	0.02280	0.00749	0.00889	0.00583	0.00495	0.00343	0.00163	0.00445	0.00297	0.00321	0.00575
35	0.00625	0.00536	0.00536	0.00536	0.00714	0.00446	0.00402	0.00759	0.01205	0.01428	0.05355	0.05088	0.77909	0.01339	0.00625	0.00179	0.00268	0.01116	0.00491	0.00446
36	0.00761	0.00542	0.00727	0.00727	0.00779	0.00594	0.00508	0.00865	0.00813	0.01136	0.01528	0.02699	0.01592	0.38818	0.44843	0.00698	0.01009	0.00657	0.00300	0.00404
37	0.01278	0.51355	0.31965	0.01136	0.01715	0.01760	0.01308	0.01618	0.01090	0.01409	0.00817	0.00951	0.00675	0.00472	0.00402	0.00134	0.00648	0.00324	0.00225	0.00718
38	0.01309	0.01017	0.01177	0.00857	0.01316	0.00848	0.00692	0.12536	0.01328	0.06618	0.01058	0.01165	0.00832	0.00444	0.00420	0.00095	0.00423	0.00351	0.00366	0.67148
39	0.01435	0.00773	0.01082	0.00910	0.01175	0.00717	0.04717	0.03531	0.04476	0.30152	0.33669	0.03078	0.02988	0.00902	0.00595	0.00174	0.00396	0.07973	0.00579	0.00680
40	0.35698	0.01071	0.01184	0.00948	0.01320	0.01116	0.06680	0.10488	0.08703	0.08295	0.05055	0.01333	0.01050	0.00553	0.00437	0.00152	0.00461	0.00424	0.00403	0.14629
41	0.12298	0.11402	0.32135	0.01180	0.01737	0.03026	0.01270	0.17257	0.01386	0.04061	0.00989	0.01095	0.00734	0.00517	0.00455	0.00149	0.00622	0.00377	0.00322	0.08989
42	0.05349	0.01347	0.01235	0.01067	0.01368	0.17318	0.00838	0.20441	0.12847	0.09778	0.03309	0.11408	0.01494	0.00786	0.00533	0.00164	0.00557	0.04256	0.00463	0.05440
43	0.29951	0.01164	0.01106	0.00934	0.01258	0.06054	0.00748	0.21655	0.07750	0.09786	0.05964	0.07171	0.01307	0.00685	0.00472	0.00164	0.00476	0.00519	0.00454	0.02380
44	0.08484	0.03559	0.03494	0.01111	0.01499	0.08566	0.00921	0.36994	0.13905	0.09275	0.01445	0.01421	0.02554	0.00626	0.00501	0.00157	0.00556	0.00472	0.00476	0.03985
45	0.06782	0.03834	0.07183	0.01193	0.01590	0.21546	0.01009	0.32697	0.08811	0.03934	0.01163	0.01207	0.00869	0.00583	0.00490	0.00150	0.00653	0.00422	0.00411	0.05474

[dist]
# distance from previous block
# <min> <max>
5	45

[block]
# block no. 10 follows, 46 sequences, length 10
# corresponding to MSA columns:
# 1343-1352
name=unknown_K
#
# <colnr> <probs for GDERKNQSTAVLIFYWHMCP>
#	G	D	E	R	K	N	Q	S	T	A	V	L	I	F	Y	W	H	M	C	P
0	0.03602	0.01411	0.01480	0.01177	0.01567	0.10048	0.04959	0.33699	0.17094	0.07390	0.01386	0.01388	0.01018	0.00600	0.00509	0.00152	0.00572	0.00473	0.00465	0.11011
1	0.01303	0.01229	0.02043	0.01544	0.01933	0.01243	0.32672	0.15106	0.08149	0.01969	0.01344	0.09558	0.01157	0.00662	0.00669	0.00171	0.07337	0.00634	0.00364	0.10914
2	0.00996	0.00620	0.00807	0.00818	0.00988	0.00578	0.00677	0.01206	0.01289	0.12246	0.15492	0.04808	0.18414	0.03516	0.00719	0.00214	0.00399	0.35160	0.00522	0.00533
3	0.00757	0.00511	0.00596	0.00618	0.00629	0.00507	0.00371	0.00782	0.00824	0.01097	0.01887	0.13550	0.02184	0.66877	0.02326	0.00460	0.00485	0.04844	0.00351	0.00343
4	0.01323	0.01376	0.02699	0.01938	0.02452	0.01301	0.58326	0.10721	0.01381	0.01896	0.01079	0.01369	0.00812	0.00462	0.00585	0.00164	0.00796	0.00570	0.00304	0.10446
5	0.01060	0.00718	0.01021	0.01000	0.01179	0.00710	0.05643	0.01417	0.09987	0.10942	0.02556	0.24726	0.02642	0.01263	0.00662	0.00214	0.00453	0.32730	0.00500	0.00577
6	0.01050	0.01084	0.02155	0.01629	0.02005	0.00998	0.45570	0.01367	0.01161	0.01593	0.01613	0.25459	0.01614	0.00806	0.00615	0.00179	0.00663	0.00858	0.00340	0.09242
7	0.01210	0.01159	0.02077	0.13849	0.02310	0.01188	0.34371	0.09277	0.08096	0.01831	0.01529	0.02408	0.01339	0.00715	0.00614	0.00190	0.00704	0.16098	0.00359	0.00676
8	0.01213	0.03274	0.12343	0.09723	0.02247	0.10676	0.30243	0.01573	0.01208	0.01555	0.01295	0.02118	0.01156	0.00683	0.00652	0.00185	0.05025	0.13886	0.00296	0.00648
9	0.01400	0.01329	0.09759	0.06190	0.02008	0.03346	0.24094	0.03931	0.01265	0.14600	0.01179	0.01338	0.00861	0.00484	0.00513	0.00143	0.00636	0.00468	0.00348	0.26109

[dist]
# distance from previous block
# <min> <max>
3	181

[block]
# block no. 11 follows, 46 sequences, length 92
# corresponding to MSA columns:
# 1722-1813
name=unknown_L
#
# <colnr> <probs for GDERKNQSTAVLIFYWHMCP>
#	G	D	E	R	K	N	Q	S	T	A	V	L	I	F	Y	W	H	M	C	P
0	0.01298	0.10360	0.23634	0.01258	0.01747	0.02734	0.10660	0.09559	0.07435	0.07013	0.03937	0.05923	0.04881	0.00647	0.00518	0.00159	0.00607	0.00551	0.00362	0.06717
1	0.09361	0.01205	0.01478	0.03069	0.01573	0.09558	0.13665	0.11291	0.02559	0.10583	0.05386	0.03218	0.07795	0.00679	0.00556	0.00158	0.02707	0.02694	0.00405	0.12061
2	0.09125	0.01037	0.01651	0.10671	0.37932	0.01071	0.05031	0.01472	0.01197	0.04352	0.11789	0.05184	0.01580	0.00665	0.00562	0.00169	0.02063	0.03411	0.00340	0.00698
3	0.01236	0.01066	0.01558	0.01155	0.01588	0.00945	0.17761	0.08923	0.04908	0.05038	0.02858	0.03699	0.05755	0.00559	0.00497	0.00129	0.00515	0.00515	0.00370	0.40926
4	0.00916	0.00661	0.00809	0.00771	0.00876	0.00698	0.00549	0.11148	0.01086	0.01477	0.01844	0.14893	0.04387	0.31011	0.24414	0.00497	0.00744	0.00787	0.00370	0.02061
5	0.01424	0.01469	0.02598	0.05008	0.06100	0.10834	0.52254	0.01796	0.01298	0.08646	0.02547	0.01443	0.00909	0.00493	0.00589	0.00170	0.00827	0.00574	0.00308	0.00715
6	0.08413	0.00552	0.00686	0.00776	0.00853	0.00552	0.00570	0.00900	0.01022	0.01464	0.02539	0.48275	0.02930	0.07983	0.03463	0.00262	0.00410	0.17448	0.00454	0.00448
7	0.01173	0.00968	0.01127	0.00848	0.01281	0.00798	0.00688	0.09486	0.01259	0.01885	0.01145	0.01559	0.01002	0.00516	0.00437	0.00102	0.00421	0.07104	0.00353	0.67847
8	0.03985	0.27450	0.39081	0.01207	0.01797	0.01474	0.01384	0.01814	0.08064	0.07525	0.01071	0.01154	0.00805	0.00517	0.00450	0.00151	0.00642	0.00383	0.00289	0.00756
9	0.68380	0.09840	0.01119	0.00951	0.08092	0.01291	0.00704	0.01563	0.00946	0.02190	0.00760	0.00899	0.00608	0.00485	0.00346	0.00157	0.00446	0.00303	0.00310	0.00608
10	0.00805	0.00593	0.00811	0.00737	0.00788	0.00583	0.07253	0.00851	0.00827	0.01106	0.01688	0.08048	0.01917	0.69128	0.02378	0.00464	0.00534	0.00801	0.00326	0.00363
11	0.01007	0.00940	0.01541	0.72910	0.03423	0.01132	0.01391	0.01349	0.01061	0.01385	0.00940	0.01381	0.00712	0.00516	0.00516	0.00167	0.00676	0.00456	0.00242	0.08256
12	0.01118	0.02276	0.54818	0.01558	0.02238	0.01230	0.14673	0.01765	0.08076	0.01729	0.01079	0.01247	0.00784	0.00507	0.00521	0.00166	0.00749	0.00446	0.00264	0.04756
13	0.01382	0.70662	0.06406	0.01054	0.01529	0.01982	0.07823	0.01597	0.01092	0.01305	0.00776	0.00913	0.00689	0.00454	0.00373	0.00122	0.00605	0.00319	0.00230	0.00686
14	0.00797	0.00604	0.00879	0.00809	0.00884	0.00616	0.07342	0.00893	0.00855	0.01166	0.01669	0.10321	0.01823	0.47503	0.21051	0.00536	0.00748	0.00776	0.00323	0.00404
15	0.10571	0.01352	0.09813	0.01195	0.01585	0.01304	0.07670	0.14500	0.36706	0.03696	0.02947	0.01730	0.01298	0.00656	0.00524	0.00174	0.00526	0.02509	0.00456	0.00787
16	0.00714	0.00550	0.00661	0.00719	0.00820	0.00524	0.00511	0.00960	0.08048	0.01511	0.08988	0.47400	0.21734	0.01445	0.00648	0.00200	0.00308	0.03281	0.00502	0.00477
17	0.01084	0.02589	0.71613	0.01467	0.02205	0.01236	0.01851	0.01778	0.08054	0.01723	0.01058	0.01194	0.00756	0.00522	0.00506	0.00169	0.00748	0.00410	0.00252	0.00786
18	0.01317	0.01431	0.02980	0.02136	0.02660	0.01364	0.69343	0.08505	0.01361	0.01843	0.01088	0.01412	0.00811	0.00463	0.00615	0.00176	0.00863	0.00610	0.00291	0.00730
19	0.01180	0.02567	0.71616	0.01455	0.02202	0.01187	0.01846	0.01757	0.01152	0.08682	0.01052	0.01178	0.00728	0.00516	0.00505	0.00167	0.00751	0.00404	0.00263	0.00792
20	0.01216	0.38756	0.36880	0.08405	0.01985	0.01619	0.01429	0.01603	0.01092	0.01448	0.00850	0.01020	0.00677	0.00482	0.00430	0.00143	0.00675	0.00348	0.00226	0.00716
21	0.01251	0.00746	0.00923	0.00837	0.01048	0.00727	0.00643	0.08326	0.08819	0.19002	0.22083	0.22620	0.06496	0.01078	0.00602	0.00181	0.00363	0.03059	0.00559	0.00637
22	0.01889	0.01439	0.01453	0.01169	0.01549	0.08652	0.00945	0.45330	0.18980	0.10773	0.01510	0.01453	0.01082	0.00647	0.00526	0.00162	0.00566	0.00496	0.00520	0.00859
23	0.00812	0.00596	0.00809	0.00727	0.00776	0.00588	0.07243	0.00853	0.00812	0.01086	0.01611	0.03274	0.01820	0.74034	0.02502	0.00482	0.00547	0.00756	0.00315	0.00356
24	0.01463	0.00962	0.01112	0.00953	0.01242	0.01016	0.00752	0.09000	0.34289	0.18948	0.21607	0.02381	0.02353	0.00790	0.00558	0.00171	0.00397	0.00665	0.00574	0.00769
25	0.01096	0.00940	0.01096	0.00783	0.01253	0.00705	0.00626	0.01331	0.01096	0.01723	0.00940	0.01096	0.00783	0.00392	0.00392	0.00078	0.00392	0.00313	0.00313	0.84653
26	0.01193	0.01308	0.05915	0.01797	0.09104	0.01110	0.40291	0.01563	0.01186	0.01705	0.01013	0.01289	0.00793	0.00432	0.00530	0.00142	0.00693	0.00494	0.00280	0.29162
27	0.01096	0.00940	0.01096	0.00783	0.01253	0.00705	0.00626	0.01331	0.01096	0.01723	0.00940	0.01096	0.00783	0.00392	0.00392	0.00078	0.00392	0.00313	0.00313	0.84653
28	0.01013	0.00955	0.01612	0.76522	0.07156	0.01178	0.01475	0.01364	0.01064	0.01368	0.00942	0.01405	0.00711	0.00526	0.00528	0.00175	0.00701	0.00470	0.00236	0.00599
29	0.01308	0.01256	0.02146	0.03245	0.78123	0.01256	0.01622	0.01622	0.01204	0.01727	0.00994	0.01308	0.00837	0.00471	0.00523	0.00157	0.00628	0.00471	0.00262	0.00837
30	0.00650	0.00464	0.00620	0.00743	0.00776	0.00435	0.00501	0.00747	0.01018	0.01356	0.02910	0.78902	0.03483	0.01651	0.00676	0.00216	0.00312	0.03617	0.00491	0.00431
31	0.01700	0.01297	0.01420	0.01070	0.01508	0.01323	0.00877	0.50945	0.02015	0.02787	0.01158	0.01211	0.00860	0.00552	0.00482	0.00131	0.00517	0.00421	0.00456	0.29270
32	0.01447	0.01115	0.01262	0.00931	0.01383	0.01014	0.00756	0.25963	0.01568	0.05325	0.01094	0.01181	0.00842	0.00482	0.00442	0.00108	0.00456	0.00375	0.00398	0.53858
33	0.01187	0.01294	0.05311	0.01643	0.01876	0.01454	0.26726	0.03105	0.02942	0.01505	0.00967	0.04331	0.00865	0.00760	0.01207	0.00207	0.43155	0.00558	0.00267	0.00641
34	0.01457	0.01068	0.01193	0.01022	0.01286	0.01150	0.00797	0.45761	0.01889	0.02530	0.01935	0.33561	0.01950	0.01048	0.00588	0.00181	0.00470	0.00891	0.00513	0.00709
35	0.01036	0.01012	0.01820	0.05223	0.01841	0.01065	0.28347	0.01326	0.01147	0.01543	0.01940	0.03165	0.08472	0.00941	0.00850	0.00208	0.14769	0.24358	0.00350	0.00587
36	0.01213	0.01371	0.02976	0.02143	0.02649	0.01285	0.71885	0.01639	0.01234	0.01674	0.01175	0.05969	0.00956	0.00515	0.00627	0.00180	0.00858	0.00674	0.00280	0.00697
37	0.01547	0.01234	0.02469	0.01794	0.02272	0.01137	0.51274	0.01908	0.01314	0.23837	0.01440	0.04865	0.01061	0.00556	0.00599	0.00176	0.00739	0.00634	0.00388	0.00755
38	0.02372	0.00900	0.01227	0.00941	0.01350	0.00777	0.00777	0.02576	0.01513	0.78489	0.02086	0.01799	0.01309	0.00654	0.00532	0.00164	0.00450	0.00532	0.00654	0.00900
39	0.01136	0.01082	0.01822	0.44213	0.34718	0.01230	0.01518	0.01461	0.01107	0.01505	0.00951	0.01355	0.00760	0.00523	0.00584	0.00171	0.04458	0.00470	0.00246	0.00692
40	0.01246	0.44304	0.38740	0.01190	0.01798	0.01682	0.01401	0.01626	0.01094	0.01448	0.00836	0.00975	0.00674	0.00476	0.00416	0.00139	0.00668	0.00334	0.00225	0.00727
41	0.02256	0.01022	0.01291	0.00992	0.01398	0.00966	0.00819	0.19267	0.01724	0.59612	0.01892	0.01683	0.01217	0.00649	0.00527	0.00161	0.00475	0.00518	0.02643	0.00890
42	0.01958	0.02443	0.01505	0.01356	0.01629	0.74089	0.01024	0.05424	0.01527	0.01385	0.00835	0.00972	0.00691	0.00557	0.00507	0.00139	0.02702	0.00349	0.00283	0.00625
43	0.00772	0.00505	0.00581	0.00593	0.00600	0.00502	0.00344	0.00781	0.00802	0.01089	0.01754	0.10545	0.02005	0.67548	0.02385	0.03868	0.00481	0.00814	0.03699	0.00334
44	0.02069	0.01516	0.01511	0.01187	0.01588	0.11778	0.00967	0.53511	0.02183	0.16314	0.01353	0.01321	0.00942	0.00626	0.00522	0.00157	0.00608	0.00468	0.00517	0.00861
45	0.01524	0.00858	0.01136	0.00915	0.01218	0.00815	0.00738	0.01720	0.01192	0.31773	0.04409	0.01718	0.01263	0.03242	0.14314	0.00277	0.09557	0.00496	0.00443	0.22392
46	0.01344	0.66270	0.17633	0.01022	0.01539	0.01923	0.01110	0.01601	0.01082	0.01328	0.00777	0.00901	0.00677	0.00462	0.00371	0.00124	0.00608	0.00304	0.00226	0.00699
47	0.01281	0.01417	0.10487	0.03055	0.69859	0.01253	0.01658	0.01628	0.01194	0.01721	0.00989	0.01287	0.00819	0.00474	0.00521	0.00158	0.00645	0.00462	0.00257	0.00831
48	0.00644	0.00460	0.00613	0.00736	0.00767	0.00429	0.00491	0.00736	0.01012	0.01350	0.02914	0.81076	0.03497	0.01656	0.00675	0.00215	0.00307	0.01503	0.00491	0.00429
49	0.01107	0.01051	0.01782	0.53171	0.29770	0.01203	0.01522	0.01446	0.01109	0.01483	0.00959	0.01374	0.00751	0.00508	0.00527	0.00169	0.00678	0.00470	0.00244	0.00675
