[name]
unknown

[dist]
# distance from previous block
# <min> <max>
0	168

[block]
# block no. 0 follows, 41 sequences, length 14
# corresponding to MSA columns:
# 184-197
name=unknown_A
#
# <colnr> <probs for GDERKNQSTAVLIFYWHMCP>
#	G	D	E	R	K	N	Q	S	T	A	V	L	I	F	Y	W	H	M	C	P
0	0.02139	0.01049	0.01418	0.03285	0.05295	0.01008	0.02882	0.04544	0.14993	0.49648	0.02061	0.01906	0.01385	0.00764	0.00662	0.04347	0.00515	0.00580	0.00614	0.00907
1	0.75692	0.01102	0.00869	0.00769	0.01118	0.01270	0.00632	0.05307	0.01071	0.02597	0.00879	0.01012	0.00680	0.00546	0.00367	0.00175	0.00443	0.00331	0.04508	0.00633
2	0.01713	0.01454	0.02085	0.02651	0.47136	0.01521	0.01494	0.30210	0.01845	0.02549	0.01192	0.01399	0.00932	0.00579	0.00569	0.00171	0.00660	0.00512	0.00396	0.00932
3	0.02174	0.01602	0.01717	0.01316	0.01774	0.01774	0.01087	0.74423	0.02689	0.03605	0.01373	0.01373	0.00973	0.00687	0.00572	0.00172	0.00629	0.00515	0.00572	0.00973
4	0.00678	0.00573	0.00586	0.00597	0.00777	0.00481	0.00442	0.00819	0.01287	0.01538	0.05584	0.11393	0.70345	0.01476	0.00680	0.00196	0.00293	0.01240	0.00531	0.00481
5	0.01147	0.02959	0.76934	0.01630	0.02476	0.01328	0.02113	0.01811	0.01208	0.01811	0.01026	0.01208	0.00725	0.00543	0.00543	0.00181	0.00845	0.00423	0.00242	0.00845
6	0.01168	0.01184	0.02216	0.52750	0.03563	0.01342	0.23436	0.01570	0.01196	0.01570	0.01049	0.01520	0.00794	0.00561	0.00652	0.00194	0.03739	0.00558	0.00265	0.00676
7	0.00697	0.00498	0.00664	0.00796	0.00830	0.00465	0.00531	0.00796	0.01095	0.01460	0.03153	0.79525	0.03783	0.01792	0.00730	0.00232	0.00332	0.01626	0.00531	0.00465
8	0.01066	0.00533	0.00533	0.00533	0.00666	0.00533	0.00400	0.01333	0.01200	0.02132	0.01866	0.02132	0.01466	0.00666	0.00400	0.00133	0.00267	0.00533	0.83073	0.00533
9	0.01344	0.54665	0.13194	0.01048	0.01528	0.01823	0.01093	0.01602	0.01196	0.01466	0.01454	0.01892	0.06956	0.00685	0.00460	0.00151	0.00611	0.07826	0.00296	0.00709
10	0.01013	0.00760	0.00829	0.00753	0.00987	0.00712	0.00579	0.11210	0.03311	0.05196	0.12359	0.10066	0.45436	0.01264	0.00652	0.00188	0.00354	0.01061	0.00552	0.02718
11	0.11226	0.01198	0.01342	0.01061	0.01458	0.01239	0.00869	0.32933	0.01987	0.26055	0.07834	0.02023	0.06700	0.00768	0.00564	0.00176	0.00512	0.00601	0.00592	0.00865
12	0.01901	0.15420	0.01583	0.00952	0.01425	0.01073	0.00810	0.02126	0.01395	0.37133	0.01562	0.01497	0.01095	0.00570	0.00485	0.00135	0.00488	0.00445	0.00496	0.29412
13	0.01094	0.00936	0.00980	0.00990	0.01152	0.06934	0.00734	0.04948	0.20974	0.01848	0.04866	0.40915	0.02879	0.01339	0.00670	0.00213	0.00447	0.06922	0.00530	0.00628

[dist]
# distance from previous block
# <min> <max>
5	12

[block]
# block no. 1 follows, 41 sequences, length 42
# corresponding to MSA columns:
# 210-251
name=unknown_B
#
# <colnr> <probs for GDERKNQSTAVLIFYWHMCP>
#	G	D	E	R	K	N	Q	S	T	A	V	L	I	F	Y	W	H	M	C	P
0	0.01437	0.06591	0.25880	0.01761	0.16658	0.17075	0.01443	0.01789	0.01324	0.05865	0.01492	0.10903	0.03879	0.00736	0.00561	0.00175	0.00735	0.00605	0.00333	0.00761
1	0.01285	0.01052	0.01322	0.00958	0.01459	0.00832	0.04828	0.01605	0.04184	0.06237	0.01149	0.01288	0.00917	0.00458	0.00453	0.00101	0.00459	0.00384	0.00367	0.70664
2	0.00791	0.00558	0.00685	0.00729	0.00827	0.00517	0.00508	0.00913	0.01157	0.04182	0.08059	0.37094	0.22732	0.11555	0.06695	0.00308	0.00439	0.01265	0.00504	0.00481
3	0.01199	0.21859	0.01850	0.01694	0.25287	0.01280	0.01057	0.01448	0.01235	0.01682	0.10087	0.02130	0.07866	0.01263	0.12651	0.00276	0.00692	0.00593	0.05152	0.00699
4	0.01507	0.75748	0.07297	0.01017	0.01527	0.02209	0.01045	0.01718	0.01165	0.01373	0.00809	0.00934	0.00733	0.00493	0.00377	0.00126	0.00625	0.00313	0.00244	0.00741
5	0.01076	0.01298	0.13296	0.26142	0.02296	0.04243	0.01317	0.01395	0.01058	0.01458	0.01136	0.01644	0.00968	0.01832	0.25544	0.00431	0.13447	0.00522	0.00270	0.00628
6	0.49936	0.01371	0.01083	0.00959	0.01306	0.13277	0.00764	0.02104	0.13949	0.08643	0.01198	0.01239	0.00900	0.00597	0.00438	0.00175	0.00541	0.00400	0.00414	0.00706
7	0.02202	0.00985	0.01290	0.00973	0.01433	0.00820	0.00798	0.02432	0.01518	0.56967	0.01929	0.01746	0.01266	0.00633	0.00535	0.00153	0.00470	0.00513	0.00611	0.22728
8	0.00755	0.00605	0.00690	0.00732	0.00905	0.00539	0.00591	0.00938	0.01308	0.01599	0.04904	0.05810	0.52647	0.01491	0.00713	0.00216	0.00366	0.24164	0.00530	0.00497
9	0.00822	0.00622	0.00677	0.00645	0.00843	0.00540	0.00489	0.02649	0.01416	0.05105	0.20078	0.04996	0.56402	0.01340	0.00669	0.00189	0.00302	0.01127	0.00560	0.00528
10	0.00817	0.00678	0.00989	0.25798	0.01822	0.00727	0.00856	0.01014	0.01144	0.01474	0.02880	0.42756	0.14188	0.01345	0.00671	0.00213	0.00464	0.01200	0.00442	0.00522
11	0.02566	0.00973	0.01327	0.01018	0.01460	0.00841	0.00841	0.02788	0.01637	0.76726	0.02257	0.01947	0.01416	0.00708	0.00575	0.00177	0.00487	0.00575	0.00708	0.00973
12	0.02488	0.01099	0.01405	0.01077	0.01523	0.01026	0.00890	0.17051	0.01847	0.62166	0.02081	0.01833	0.01328	0.00704	0.00575	0.00176	0.00515	0.00563	0.00681	0.00973
13	0.01133	0.01071	0.01811	0.66721	0.15329	0.01285	0.01615	0.01508	0.01169	0.01526	0.01026	0.01508	0.00785	0.00562	0.00571	0.00187	0.00749	0.00509	0.00259	0.00678
14	0.02023	0.01376	0.01520	0.01216	0.01632	0.01499	0.00988	0.40154	0.24035	0.16612	0.01818	0.01704	0.01283	0.00717	0.00576	0.00179	0.00551	0.00565	0.00600	0.00953
15	0.00697	0.00498	0.00664	0.00796	0.00830	0.00465	0.00531	0.00796	0.01095	0.01460	0.03153	0.79525	0.03783	0.01792	0.00730	0.00232	0.00332	0.01626	0.00531	0.00465
16	0.00694	0.00511	0.00650	0.00762	0.00821	0.00467	0.00516	0.00800	0.01128	0.01474	0.03568	0.67879	0.15161	0.01738	0.00722	0.00226	0.00325	0.01560	0.00531	0.00467
17	0.06711	0.01544	0.01580	0.01251	0.01677	0.06037	0.01020	0.51908	0.10741	0.09482	0.01496	0.01464	0.01065	0.00684	0.00558	0.00174	0.00610	0.00515	0.00556	0.00927
18	0.02244	0.01491	0.01648	0.01263	0.01718	0.01609	0.01044	0.61748	0.02503	0.16542	0.01530	0.01475	0.01051	0.00690	0.00573	0.00173	0.00604	0.00526	0.00596	0.00973
19	0.00771	0.00583	0.00711	0.00679	0.00831	0.00523	0.00509	0.01004	0.01527	0.02076	0.55573	0.04631	0.25988	0.01251	0.00675	0.00184	0.00276	0.01085	0.00601	0.00523
20	0.01423	0.01229	0.01293	0.01164	0.01487	0.01423	0.00905	0.03039	0.75297	0.02393	0.02328	0.02134	0.01746	0.00776	0.00582	0.00194	0.00453	0.00647	0.00582	0.00905
21	0.01080	0.01017	0.01716	0.78523	0.03940	0.01271	0.01589	0.01461	0.01144	0.01461	0.01017	0.01525	0.00762	0.00572	0.00572	0.00191	0.00762	0.00508	0.00254	0.00635
22	0.00746	0.00582	0.00676	0.00652	0.00815	0.00512	0.00489	0.00956	0.01468	0.01935	0.42401	0.04863	0.39248	0.01303	0.00675	0.00186	0.00279	0.01117	0.00582	0.00512
23	0.00697	0.00498	0.00664	0.00796	0.00830	0.00465	0.00531	0.00796	0.01095	0.01460	0.03153	0.79525	0.03783	0.01792	0.00730	0.00232	0.00332	0.01626	0.00531	0.00465
24	0.00697	0.00498	0.00664	0.00796	0.00830	0.00465	0.00531	0.00796	0.01095	0.01460	0.03153	0.79525	0.03783	0.01792	0.00730	0.00232	0.00332	0.01626	0.00531	0.00465
25	0.00697	0.00498	0.00664	0.00796	0.00830	0.00465	0.00531	0.00796	0.01095	0.01460	0.03153	0.79525	0.03783	0.01792	0.00730	0.00232	0.00332	0.01626	0.00531	0.00465
26	0.01375	0.00710	0.00946	0.00816	0.01050	0.00637	0.00637	0.01630	0.01625	0.26268	0.52267	0.03524	0.04115	0.01021	0.00643	0.00179	0.00340	0.00887	0.00655	0.00679
27	0.01529	0.80242	0.02997	0.00979	0.01468	0.02263	0.00979	0.01713	0.01162	0.01346	0.00795	0.00918	0.00734	0.00489	0.00367	0.00122	0.00612	0.00306	0.00245	0.00734
28	0.00676	0.00579	0.00579	0.00579	0.00773	0.00483	0.00435	0.00821	0.01304	0.01545	0.05794	0.05505	0.76098	0.01449	0.00676	0.00193	0.00290	0.01207	0.00531	0.00483
29	0.00745	0.00582	0.00675	0.00652	0.00815	0.00512	0.00489	0.00954	0.01466	0.01931	0.41992	0.04870	0.39659	0.01305	0.00675	0.00186	0.00279	0.01118	0.00582	0.00512
30	0.00810	0.00585	0.00765	0.00720	0.00855	0.00540	0.00540	0.01079	0.01619	0.02294	0.76028	0.04273	0.05397	0.01169	0.00675	0.00180	0.00270	0.01034	0.00630	0.00540
31	0.00810	0.00585	0.00765	0.00720	0.00855	0.00540	0.00540	0.01079	0.01619	0.02294	0.76028	0.04273	0.05397	0.01169	0.00675	0.00180	0.00270	0.01034	0.00630	0.00540
32	0.01416	0.01359	0.02322	0.03511	0.76330	0.01359	0.01755	0.01755	0.01302	0.01869	0.01076	0.01416	0.00906	0.00510	0.00566	0.00170	0.00680	0.00510	0.00283	0.00906
33	0.01371	0.01484	0.03036	0.02764	0.26565	0.01418	0.50948	0.01808	0.01335	0.01844	0.01131	0.01502	0.00880	0.00491	0.00640	0.00185	0.00873	0.00622	0.00287	0.00815
34	0.00697	0.00498	0.00664	0.00796	0.00830	0.00465	0.00531	0.00796	0.01095	0.01460	0.03153	0.79525	0.03783	0.01792	0.00730	0.00232	0.00332	0.01626	0.00531	0.00465
35	0.00712	0.00504	0.00659	0.00777	0.00806	0.00475	0.00510	0.00800	0.01065	0.01420	0.02998	0.70863	0.03588	0.10720	0.00979	0.00269	0.00357	0.01535	0.00510	0.00451
36	0.01309	0.01053	0.01158	0.01070	0.01321	0.01170	0.00814	0.13677	0.39842	0.02285	0.02442	0.26940	0.02279	0.01089	0.00628	0.00203	0.00442	0.00941	0.00564	0.00774
37	0.02161	0.05500	0.01284	0.00937	0.01294	0.00866	0.00750	0.02336	0.01449	0.57286	0.02081	0.02245	0.01508	0.16463	0.01028	0.00249	0.00507	0.00611	0.00609	0.00835
38	0.01416	0.01359	0.02322	0.03511	0.76330	0.01359	0.01755	0.01755	0.01302	0.01869	0.01076	0.01416	0.00906	0.00510	0.00566	0.00170	0.00680	0.00510	0.00283	0.00906
39	0.01395	0.26648	0.02232	0.14015	0.25896	0.01598	0.01303	0.07775	0.01306	0.01722	0.01054	0.01364	0.00894	0.00960	0.09312	0.00244	0.00764	0.00456	0.00293	0.00769
40	0.01219	0.01159	0.01967	0.47422	0.33953	0.01307	0.01658	0.01583	0.01210	0.01630	0.01041	0.01480	0.00822	0.00546	0.00570	0.00182	0.00728	0.00509	0.00266	0.00748
41	0.01462	0.13116	0.04640	0.00860	0.01194	0.00921	0.00746	0.01682	0.01438	0.25829	0.16520	0.05007	0.22355	0.00979	0.00591	0.00175	0.00425	0.00808	0.00549	0.00706

[dist]
# distance from previous block
# <min> <max>
2	13

[block]
# block no. 2 follows, 41 sequences, length 25
# corresponding to MSA columns:
# 265-289
name=unknown_C
#
# <colnr> <probs for GDERKNQSTAVLIFYWHMCP>
#	G	D	E	R	K	N	Q	S	T	A	V	L	I	F	Y	W	H	M	C	P
0	0.01708	0.01370	0.01454	0.01222	0.01596	0.01556	0.00974	0.30127	0.47745	0.02853	0.01966	0.01845	0.01453	0.00742	0.00578	0.00186	0.00520	0.00597	0.00578	0.00931
1	0.01275	0.02173	0.41662	0.01881	0.16971	0.01360	0.01717	0.02131	0.21168	0.01979	0.01387	0.01499	0.01036	0.00599	0.00558	0.00182	0.00707	0.00500	0.00341	0.00874
2	0.00795	0.00539	0.00635	0.00670	0.00679	0.00530	0.00396	0.00822	0.00903	0.01204	0.02166	0.24140	0.02538	0.58875	0.02324	0.00468	0.00495	0.01046	0.00396	0.00378
3	0.00975	0.00758	0.00907	0.00839	0.01025	0.00777	0.00638	0.01607	0.21450	0.02320	0.56191	0.03697	0.04414	0.01063	0.00650	0.00184	0.00319	0.00930	0.00617	0.00638
4	0.01487	0.01652	0.02146	0.27250	0.17951	0.21869	0.16016	0.01817	0.01346	0.01602	0.01021	0.01373	0.00806	0.00546	0.00576	0.00175	0.00858	0.00504	0.00278	0.00725
5	0.02566	0.00973	0.01327	0.01018	0.01460	0.00841	0.00841	0.02788	0.01637	0.76726	0.02257	0.01947	0.01416	0.00708	0.00575	0.00177	0.00487	0.00575	0.00708	0.00973
6	0.00824	0.00569	0.00693	0.00681	0.00728	0.00568	0.00438	0.00919	0.01053	0.01451	0.21752	0.03726	0.02903	0.50652	0.10270	0.00493	0.00582	0.00863	0.00418	0.00416
7	0.02164	0.01905	0.01691	0.01358	0.01772	0.22183	0.01092	0.55006	0.02402	0.03011	0.01242	0.01281	0.00909	0.00660	0.00557	0.00165	0.00738	0.00476	0.00498	0.00889
8	0.01259	0.00832	0.01120	0.00989	0.01142	0.00914	0.00784	0.01454	0.01346	0.16786	0.28651	0.11093	0.07816	0.01117	0.00984	0.00205	0.21472	0.00873	0.00526	0.00638
9	0.00991	0.00736	0.00804	0.00769	0.00856	0.00788	0.00497	0.01426	0.20874	0.01455	0.01944	0.03310	0.01990	0.58602	0.02284	0.00457	0.00527	0.00782	0.00410	0.00497
10	0.61921	0.01542	0.01051	0.00946	0.01284	0.21825	0.00750	0.01844	0.01148	0.02252	0.00820	0.00957	0.00651	0.00547	0.00398	0.00169	0.00601	0.00326	0.00338	0.00631
11	0.01486	0.00887	0.01058	0.00960	0.01226	0.00893	0.00735	0.02125	0.25652	0.24041	0.02898	0.23268	0.10118	0.01101	0.00630	0.00199	0.00413	0.00949	0.00600	0.00762
12	0.01414	0.02896	0.56663	0.01588	0.02285	0.21858	0.01842	0.01939	0.01319	0.01701	0.00988	0.01160	0.00728	0.00556	0.00536	0.00172	0.00895	0.00408	0.00256	0.00796
13	0.00839	0.00608	0.00821	0.00941	0.01052	0.00590	0.00772	0.01047	0.01256	0.01629	0.03315	0.26033	0.10091	0.01625	0.00763	0.00249	0.00453	0.46883	0.00528	0.00506
14	0.00760	0.00574	0.00649	0.00635	0.00758	0.00520	0.00444	0.00905	0.01275	0.01662	0.26672	0.04645	0.34077	0.22476	0.01277	0.00286	0.00355	0.01052	0.00512	0.00464
15	0.01219	0.02528	0.56852	0.02136	0.22354	0.01337	0.02017	0.01796	0.01233	0.01827	0.01040	0.01264	0.00773	0.00534	0.00550	0.00178	0.00801	0.00446	0.00253	0.00862
16	0.00853	0.00655	0.00832	0.00838	0.01010	0.00566	0.00613	0.01012	0.01144	0.01596	0.02564	0.50525	0.02940	0.01401	0.00654	0.00196	0.00378	0.08954	0.00479	0.22792
17	0.02338	0.01024	0.01321	0.01047	0.01466	0.00957	0.00854	0.02838	0.16360	0.61869	0.02271	0.01984	0.01482	0.00722	0.00577	0.00180	0.00480	0.00589	0.00683	0.00960
18	0.01099	0.00934	0.01417	0.01686	0.21343	0.01077	0.01064	0.01332	0.01050	0.01588	0.01293	0.01805	0.01155	0.02130	0.31392	0.00479	0.16931	0.00552	0.11031	0.00644
19	0.00741	0.00537	0.00700	0.00755	0.00837	0.00496	0.00530	0.00911	0.01316	0.01799	0.32589	0.45697	0.07912	0.01525	0.00705	0.00209	0.00305	0.01368	0.00571	0.00496
20	0.01341	0.01195	0.01494	0.01733	0.21556	0.01305	0.01084	0.02457	0.47497	0.02161	0.02360	0.02300	0.09441	0.00776	0.00588	0.00187	0.00496	0.00670	0.00496	0.00861
21	0.43965	0.01103	0.01245	0.30022	0.02225	0.01307	0.01025	0.07743	0.01181	0.02211	0.00945	0.01221	0.00722	0.00646	0.02239	0.00199	0.00604	0.00409	0.00334	0.00653
22	0.01896	0.06022	0.01726	0.01446	0.01690	0.50347	0.01133	0.07093	0.01494	0.01546	0.00882	0.01103	0.00757	0.00691	0.00841	0.00173	0.19773	0.00408	0.00301	0.00679
23	0.01181	0.01192	0.01782	0.37963	0.02764	0.06644	0.09998	0.01484	0.01194	0.01558	0.07536	0.01848	0.04561	0.00742	0.00865	0.00199	0.16955	0.00593	0.00305	0.00637
24	0.01383	0.01284	0.02563	0.18894	0.02868	0.01270	0.43588	0.01795	0.01333	0.09851	0.01417	0.02032	0.01126	0.00627	0.00652	0.00197	0.00828	0.07203	0.00349	0.00741

[dist]
# distance from previous block
# <min> <max>
0	1

[block]
# block no. 3 follows, 41 sequences, length 30
# corresponding to MSA columns:
# 291-320
name=unknown_D
#
# <colnr> <probs for GDERKNQSTAVLIFYWHMCP>
#	G	D	E	R	K	N	Q	S	T	A	V	L	I	F	Y	W	H	M	C	P
0	0.11455	0.02473	0.01538	0.01382	0.01693	0.64266	0.01049	0.06633	0.01613	0.01668	0.00904	0.01041	0.00738	0.00589	0.00501	0.00152	0.00940	0.00371	0.00318	0.00677
1	0.01787	0.27241	0.01982	0.01146	0.01554	0.10804	0.00980	0.28317	0.10218	0.02354	0.01274	0.01330	0.00994	0.00619	0.00486	0.00152	0.00623	0.00446	0.06876	0.00816
2	0.00928	0.00606	0.00744	0.00748	0.00862	0.00555	0.00519	0.01041	0.01134	0.07332	0.07366	0.29159	0.11585	0.24666	0.01339	0.00308	0.00417	0.04839	0.00485	0.05366
3	0.01416	0.01359	0.02322	0.03511	0.76330	0.01359	0.01755	0.01755	0.01302	0.01869	0.01076	0.01416	0.00906	0.00510	0.00566	0.00170	0.00680	0.00510	0.00283	0.00906
4	0.01257	0.25123	0.55730	0.01443	0.02187	0.01596	0.01788	0.01783	0.01195	0.01678	0.00960	0.01124	0.00727	0.00528	0.00493	0.00164	0.00778	0.00389	0.00242	0.00813
5	0.01147	0.02959	0.76934	0.01630	0.02476	0.01328	0.02113	0.01811	0.01208	0.01811	0.01026	0.01208	0.00725	0.00543	0.00543	0.00181	0.00845	0.00423	0.00242	0.00845
6	0.01119	0.01041	0.01668	0.69713	0.03660	0.01288	0.01511	0.01641	0.09589	0.01567	0.01166	0.01594	0.00875	0.00595	0.00573	0.00191	0.00727	0.00524	0.00292	0.00666
7	0.01080	0.01017	0.01716	0.78523	0.03940	0.01271	0.01589	0.01461	0.01144	0.01461	0.01017	0.01525	0.00762	0.00572	0.00572	0.00191	0.00762	0.00508	0.00254	0.00635
8	0.01080	0.01017	0.01716	0.78523	0.03940	0.01271	0.01589	0.01461	0.01144	0.01461	0.01017	0.01525	0.00762	0.00572	0.00572	0.00191	0.00762	0.00508	0.00254	0.00635
9	0.02422	0.01107	0.01398	0.01083	0.01521	0.01051	0.00891	0.16220	0.06384	0.58439	0.02096	0.01851	0.01353	0.00708	0.00575	0.00177	0.00511	0.00568	0.00675	0.00969
10	0.01301	0.01886	0.21195	0.02222	0.02865	0.01418	0.56777	0.01827	0.01316	0.01827	0.01126	0.01462	0.00833	0.00497	0.00643	0.00190	0.00935	0.00614	0.00278	0.00789
11	0.00862	0.00639	0.00839	0.00939	0.01085	0.00616	0.00804	0.01097	0.01314	0.01671	0.03699	0.06223	0.20929	0.01548	0.00762	0.00246	0.00469	0.55214	0.00528	0.00516
12	0.01101	0.00799	0.00895	0.00833	0.00964	0.00837	0.00578	0.15206	0.06767	0.01780	0.02231	0.16914	0.06496	0.38365	0.03413	0.00383	0.00527	0.00918	0.00451	0.00542
13	0.02203	0.01556	0.01688	0.01294	0.01751	0.01705	0.01069	0.69132	0.02612	0.09005	0.01439	0.01416	0.01005	0.00688	0.00572	0.00172	0.00619	0.00519	0.00582	0.00973
14	0.02566	0.00973	0.01327	0.01018	0.01460	0.00841	0.00841	0.02788	0.01637	0.76726	0.02257	0.01947	0.01416	0.00708	0.00575	0.00177	0.00487	0.00575	0.00708	0.00973
15	0.01120	0.01057	0.01788	0.69613	0.12538	0.01281	0.01608	0.01496	0.01163	0.01510	0.01024	0.01512	0.00780	0.00564	0.00571	0.00188	0.00753	0.00508	0.00258	0.00668
16	0.01306	0.01455	0.03113	0.02356	0.07152	0.01369	0.64536	0.01751	0.01328	0.01807	0.01300	0.07295	0.01085	0.00581	0.00673	0.00194	0.00901	0.00736	0.00307	0.00757
17	0.00752	0.00582	0.00685	0.00659	0.00819	0.00515	0.00494	0.00968	0.01483	0.01971	0.45700	0.04805	0.35927	0.01290	0.00675	0.00186	0.00278	0.01109	0.00587	0.00515
18	0.00697	0.00498	0.00664	0.00796	0.00830	0.00465	0.00531	0.00796	0.01095	0.01460	0.03153	0.79525	0.03783	0.01792	0.00730	0.00232	0.00332	0.01626	0.00531	0.00465
19	0.01166	0.06844	0.73218	0.01598	0.02425	0.01375	0.02056	0.01806	0.01205	0.01788	0.01015	0.01193	0.00725	0.00541	0.00535	0.00178	0.00834	0.00417	0.00242	0.00840
20	0.01247	0.01209	0.01918	0.27235	0.25720	0.01472	0.01519	0.01523	0.01097	0.01558	0.00939	0.01392	0.00803	0.00707	0.01041	0.00206	0.28930	0.00506	0.00262	0.00717
21	0.02174	0.01602	0.01717	0.01316	0.01774	0.01774	0.01087	0.74423	0.02689	0.03605	0.01373	0.01373	0.00973	0.00687	0.00572	0.00172	0.00629	0.00515	0.00572	0.00973
22	0.00952	0.00792	0.00857	0.00804	0.01025	0.00803	0.00613	0.01607	0.25497	0.02003	0.21679	0.04108	0.34737	0.01162	0.00645	0.00190	0.00338	0.00983	0.00572	0.00634
23	0.01650	0.01096	0.01508	0.01685	0.19558	0.01105	0.01121	0.18118	0.01675	0.17667	0.02031	0.07464	0.01833	0.00952	0.00639	0.00200	0.00567	0.19807	0.00516	0.00808
24	0.00788	0.00606	0.00736	0.00768	0.00927	0.00554	0.00619	0.01002	0.01384	0.01781	0.21907	0.05515	0.35240	0.01424	0.00713	0.00213	0.00362	0.24396	0.00554	0.00511
25	0.00697	0.00498	0.00664	0.00796	0.00830	0.00465	0.00531	0.00796	0.01095	0.01460	0.03153	0.79525	0.03783	0.01792	0.00730	0.00232	0.00332	0.01626	0.00531	0.00465
26	0.00692	0.00518	0.00643	0.00744	0.00816	0.00469	0.00508	0.00802	0.01146	0.01481	0.03793	0.61593	0.21302	0.01709	0.00717	0.00223	0.00322	0.01525	0.00531	0.00469
27	0.01468	0.01235	0.01302	0.01148	0.01479	0.01409	0.00899	0.11388	0.62312	0.02487	0.02419	0.02242	0.06036	0.00805	0.00586	0.00191	0.00464	0.00664	0.00578	0.00888
28	0.02174	0.01602	0.01717	0.01316	0.01774	0.01774	0.01087	0.74423	0.02689	0.03605	0.01373	0.01373	0.00973	0.00687	0.00572	0.00172	0.00629	0.00515	0.00572	0.00973
29	0.02174	0.01602	0.01717	0.01316	0.01774	0.01774	0.01087	0.74423	0.02689	0.03605	0.01373	0.01373	0.00973	0.00687	0.00572	0.00172	0.00629	0.00515	0.00572	0.00973

[dist]
# distance from previous block
# <min> <max>
0	29

[block]
# block no. 4 follows, 41 sequences, length 44
# corresponding to MSA columns:
# 350-393
name=unknown_E
#
# <colnr> <probs for GDERKNQSTAVLIFYWHMCP>
#	G	D	E	R	K	N	Q	S	T	A	V	L	I	F	Y	W	H	M	C	P
0	0.01394	0.01344	0.02315	0.07932	0.70005	0.01356	0.03752	0.01740	0.01294	0.01844	0.01075	0.01426	0.00896	0.00513	0.00570	0.00172	0.00692	0.00514	0.00282	0.00886
1	0.01662	0.01538	0.01296	0.01156	0.01448	0.24897	0.00888	0.02391	0.29164	0.10934	0.16281	0.02187	0.02106	0.00787	0.00579	0.00175	0.00601	0.00627	0.00517	0.00767
2	0.01624	0.01105	0.01166	0.00964	0.01269	0.01205	0.00773	0.36043	0.09048	0.02853	0.01678	0.01774	0.01260	0.00687	0.00499	0.00157	0.00456	0.00535	0.36126	0.00777
3	0.00726	0.00522	0.00695	0.00823	0.00874	0.00491	0.00579	0.00848	0.01131	0.01496	0.03224	0.67487	0.06131	0.01753	0.00736	0.00235	0.00356	0.10890	0.00530	0.00473
4	0.00851	0.00734	0.01044	0.29764	0.01976	0.00784	0.00894	0.01099	0.01270	0.01624	0.14960	0.12652	0.27966	0.01117	0.00643	0.00195	0.00468	0.00968	0.00443	0.00547
5	0.01299	0.01330	0.01745	0.01500	0.01516	0.05798	0.01244	0.01425	0.00916	0.01378	0.00758	0.01240	0.00750	0.00979	0.01805	0.00245	0.74701	0.00494	0.00253	0.00628
6	0.01459	0.01181	0.01361	0.01091	0.01441	0.03050	0.00882	0.25550	0.01607	0.02265	0.01226	0.01492	0.01010	0.01445	0.18175	0.00319	0.07602	0.00474	0.00400	0.27969
7	0.01558	0.36183	0.26350	0.01311	0.01866	0.20713	0.01374	0.01887	0.01291	0.01508	0.00891	0.01039	0.00732	0.00532	0.00461	0.00147	0.00791	0.00359	0.00256	0.00752
8	0.01066	0.00533	0.00533	0.00533	0.00666	0.00533	0.00400	0.01333	0.01200	0.02132	0.01866	0.02132	0.01466	0.00666	0.00400	0.00133	0.00267	0.00533	0.83073	0.00533
9	0.01200	0.00742	0.00943	0.00850	0.01080	0.00692	0.00672	0.01568	0.07813	0.15273	0.40028	0.03821	0.07469	0.01074	0.00648	0.00186	0.00364	0.09413	0.00605	0.05560
10	0.00854	0.00776	0.00947	0.00875	0.01004	0.00869	0.00694	0.00998	0.01148	0.01478	0.03976	0.03999	0.47990	0.01561	0.07570	0.00271	0.23079	0.00953	0.00431	0.00526
11	0.01873	0.01087	0.01298	0.01036	0.01389	0.01096	0.00839	0.29034	0.02025	0.26219	0.24894	0.02457	0.02490	0.00844	0.00605	0.00176	0.00473	0.00696	0.00633	0.00838
12	0.01350	0.01292	0.02203	0.18178	0.62175	0.01342	0.01723	0.01698	0.01271	0.01789	0.01064	0.01437	0.00878	0.00522	0.00567	0.00174	0.00696	0.00509	0.00277	0.00853
13	0.01147	0.02959	0.76934	0.01630	0.02476	0.01328	0.02113	0.01811	0.01208	0.01811	0.01026	0.01208	0.00725	0.00543	0.00543	0.00181	0.00845	0.00423	0.00242	0.00845
14	0.02137	0.02726	0.01621	0.01474	0.01768	0.77602	0.01105	0.02284	0.01621	0.01400	0.00884	0.01031	0.00737	0.00589	0.00516	0.00147	0.01031	0.00368	0.00295	0.00663
15	0.01080	0.01017	0.01716	0.78523	0.03940	0.01271	0.01589	0.01461	0.01144	0.01461	0.01017	0.01525	0.00762	0.00572	0.00572	0.00191	0.00762	0.00508	0.00254	0.00635
16	0.01648	0.65085	0.02728	0.01075	0.01527	0.16995	0.01003	0.01824	0.01252	0.01356	0.00813	0.00940	0.00735	0.00509	0.00396	0.00127	0.00694	0.00318	0.00254	0.00720
17	0.01423	0.01229	0.01293	0.01164	0.01487	0.01423	0.00905	0.03039	0.75297	0.02393	0.02328	0.02134	0.01746	0.00776	0.00582	0.00194	0.00453	0.00647	0.00582	0.00905
18	0.00803	0.00584	0.00755	0.00712	0.00850	0.00537	0.00534	0.01066	0.01603	0.02256	0.72448	0.04335	0.09001	0.01184	0.00675	0.00181	0.00271	0.01043	0.00625	0.00537
19	0.00832	0.00555	0.00624	0.00624	0.00624	0.00555	0.00347	0.00832	0.00832	0.01109	0.01802	0.03743	0.02080	0.79898	0.02911	0.00555	0.00555	0.00832	0.00347	0.00347
20	0.01066	0.00533	0.00533	0.00533	0.00666	0.00533	0.00400	0.01333	0.01200	0.02132	0.01866	0.02132	0.01466	0.00666	0.00400	0.00133	0.00267	0.00533	0.83073	0.00533
21	0.01350	0.01543	0.03375	0.02411	0.02989	0.01446	0.74253	0.01832	0.01350	0.01832	0.01157	0.01543	0.00868	0.00482	0.00675	0.00193	0.00964	0.00675	0.00289	0.00771
22	0.00768	0.00609	0.00707	0.00757	0.00927	0.00548	0.00617	0.00957	0.01309	0.01607	0.04760	0.05859	0.48882	0.01498	0.00719	0.00219	0.00378	0.27850	0.00529	0.00499
23	0.01080	0.01017	0.01716	0.78523	0.03940	0.01271	0.01589	0.01461	0.01144	0.01461	0.01017	0.01525	0.00762	0.00572	0.00572	0.00191	0.00762	0.00508	0.00254	0.00635
24	0.01080	0.01017	0.01716	0.78523	0.03940	0.01271	0.01589	0.01461	0.01144	0.01461	0.01017	0.01525	0.00762	0.00572	0.00572	0.00191	0.00762	0.00508	0.00254	0.00635
25	0.18477	0.00999	0.01232	0.00966	0.01391	0.00927	0.00797	0.02571	0.01507	0.62225	0.01971	0.01748	0.01260	0.00673	0.00532	0.00177	0.00478	0.00523	0.00639	0.00904
26	0.00922	0.00658	0.00922	0.01053	0.01185	0.00658	0.00922	0.01185	0.01317	0.01712	0.03029	0.06452	0.03292	0.01580	0.00790	0.00263	0.00527	0.72480	0.00527	0.00527
27	0.01529	0.80242	0.02997	0.00979	0.01468	0.02263	0.00979	0.01713	0.01162	0.01346	0.00795	0.00918	0.00734	0.00489	0.00367	0.00122	0.00612	0.00306	0.00245	0.00734
28	0.00805	0.00645	0.00876	0.00934	0.00961	0.00716	0.00672	0.00910	0.01052	0.01444	0.02683	0.64220	0.03190	0.01637	0.00954	0.00236	0.15685	0.01406	0.00476	0.00496
29	0.00683	0.00580	0.00589	0.00587	0.00777	0.00486	0.00440	0.00834	0.01320	0.01583	0.09356	0.05442	0.72512	0.01434	0.00676	0.00192	0.00289	0.01198	0.00536	0.00486
30	0.01251	0.01251	0.01752	0.01502	0.01502	0.01752	0.01251	0.01377	0.00876	0.01377	0.00751	0.01251	0.00751	0.01001	0.01877	0.00250	0.78851	0.00501	0.00250	0.00626
31	0.00826	0.00576	0.00734	0.00734	0.00772	0.00615	0.00484	0.00903	0.00864	0.01191	0.01701	0.03184	0.01837	0.51635	0.30843	0.00691	0.00920	0.00750	0.00332	0.00408
32	0.00783	0.00584	0.00728	0.00692	0.00839	0.00529	0.00519	0.01029	0.01557	0.02147	0.62295	0.04514	0.19222	0.01224	0.00675	0.00182	0.00274	0.01068	0.00610	0.00529
33	0.00776	0.00583	0.00718	0.00685	0.00834	0.00525	0.00513	0.01015	0.01540	0.02107	0.58476	0.04581	0.23066	0.01239	0.00675	0.00183	0.00275	0.01078	0.00605	0.00525
34	0.01416	0.01359	0.02322	0.03511	0.76330	0.01359	0.01755	0.01755	0.01302	0.01869	0.01076	0.01416	0.00906	0.00510	0.00566	0.00170	0.00680	0.00510	0.00283	0.00906
35	0.01529	0.80242	0.02997	0.00979	0.01468	0.02263	0.00979	0.01713	0.01162	0.01346	0.00795	0.00918	0.00734	0.00489	0.00367	0.00122	0.00612	0.00306	0.00245	0.00734
36	0.28160	0.01200	0.01192	0.00991	0.01354	0.01330	0.00804	0.24602	0.13517	0.09369	0.01478	0.01494	0.01082	0.00651	0.00484	0.00173	0.00485	0.00478	0.10360	0.00796
37	0.00687	0.00580	0.00595	0.00591	0.00780	0.00488	0.00444	0.00843	0.01331	0.01609	0.11770	0.05400	0.70083	0.01425	0.00676	0.00192	0.00288	0.01192	0.00540	0.00488
38	0.00764	0.00541	0.00649	0.00708	0.00752	0.00515	0.00459	0.00834	0.01019	0.01332	0.02899	0.33819	0.12173	0.35374	0.01666	0.00368	0.00432	0.04825	0.00451	0.00419
39	0.01321	0.26947	0.49904	0.01411	0.02125	0.01643	0.01705	0.05654	0.01273	0.01762	0.00973	0.01126	0.00741	0.00534	0.00490	0.00162	0.00761	0.00391	0.00260	0.00817
40	0.01968	0.01456	0.01568	0.01254	0.01671	0.01618	0.01019	0.49036	0.24569	0.07139	0.01709	0.01634	0.01230	0.00715	0.00575	0.00179	0.00568	0.00558	0.00582	0.00952
41	0.02114	0.01475	0.16341	0.01300	0.01833	0.01086	0.08179	0.08605	0.03204	0.47043	0.01837	0.01719	0.01197	0.00654	0.00578	0.00179	0.00614	0.00551	0.00562	0.00927
42	0.01565	0.01247	0.01556	0.01803	0.24630	0.07651	0.01080	0.18654	0.01509	0.05968	0.01263	0.01742	0.01092	0.10330	0.01170	0.16481	0.00637	0.00538	0.00376	0.00709
43	0.01219	0.13589	0.14517	0.01438	0.01709	0.01579	0.07637	0.01471	0.01043	0.01494	0.01126	0.10558	0.01116	0.00895	0.01181	0.00212	0.37651	0.00607	0.00285	0.00673

[dist]
# distance from previous block
# <min> <max>
4	9

[block]
# block no. 5 follows, 41 sequences, length 32
# corresponding to MSA columns:
# 403-434
name=unknown_F
#
# <colnr> <probs for GDERKNQSTAVLIFYWHMCP>
#	G	D	E	R	K	N	Q	S	T	A	V	L	I	F	Y	W	H	M	C	P
0	0.01505	0.05020	0.01423	0.10015	0.01649	0.01194	0.00953	0.13674	0.06478	0.14486	0.16218	0.02128	0.01938	0.01056	0.06300	0.00235	0.10188	0.00623	0.00484	0.04433
1	0.07143	0.00960	0.01125	0.00936	0.01267	0.00942	0.00758	0.14737	0.01489	0.14647	0.01877	0.02209	0.06279	0.01360	0.13956	0.00290	0.00650	0.05032	0.07247	0.17096
2	0.01564	0.06946	0.21516	0.01334	0.01771	0.22728	0.01275	0.01992	0.07644	0.07757	0.01215	0.01388	0.00953	0.00995	0.08482	0.00244	0.06501	0.00453	0.00336	0.04906
3	0.01361	0.01182	0.01533	0.01613	0.17664	0.08783	0.06245	0.06803	0.03215	0.01673	0.01080	0.01466	0.00931	0.01004	0.01090	0.27377	0.00620	0.00476	0.00313	0.15573
4	0.01916	0.28056	0.02075	0.01312	0.01663	0.51079	0.01067	0.02075	0.01452	0.01382	0.00852	0.01000	0.00736	0.00567	0.00501	0.00142	0.02812	0.00351	0.00277	0.00685
5	0.01293	0.11835	0.04255	0.01001	0.01312	0.01223	0.00854	0.20666	0.06158	0.02065	0.02348	0.02497	0.17454	0.01838	0.22220	0.00381	0.00804	0.00669	0.00432	0.00695
6	0.15126	0.18369	0.45317	0.01334	0.02005	0.01534	0.01580	0.05423	0.01234	0.01933	0.00958	0.01110	0.00721	0.00538	0.00477	0.00168	0.00719	0.00385	0.00278	0.00791
7	0.19406	0.01516	0.01499	0.39950	0.02713	0.22723	0.01242	0.01740	0.01241	0.01685	0.00931	0.01257	0.00724	0.00568	0.00509	0.00175	0.00768	0.00426	0.00287	0.00640
8	0.21110	0.01995	0.38909	0.01260	0.01883	0.01189	0.01423	0.02039	0.01266	0.21829	0.01298	0.01338	0.00883	0.00584	0.00507	0.00179	0.00655	0.00436	0.00392	0.00826
9	0.01634	0.01334	0.01412	0.01207	0.01568	0.01521	0.00956	0.23098	0.54894	0.02733	0.02060	0.01920	0.01529	0.00751	0.00579	0.00188	0.00502	0.00610	0.00579	0.00924
10	0.01324	0.00710	0.00864	0.00753	0.01015	0.00612	0.00590	0.01521	0.01481	0.26310	0.19919	0.04072	0.36276	0.01145	0.00643	0.00185	0.00350	0.00963	0.00610	0.00656
11	0.01104	0.00994	0.01687	0.01357	0.01582	0.01056	0.22006	0.05824	0.01127	0.01563	0.01405	0.02283	0.01341	0.22649	0.23008	0.00497	0.08937	0.00671	0.00323	0.00583
12	0.01832	0.01289	0.01418	0.01181	0.01563	0.01420	0.00945	0.22983	0.42137	0.15679	0.02048	0.01888	0.01472	0.00739	0.00578	0.00185	0.00508	0.00597	0.00601	0.00936
13	0.01507	0.01023	0.01100	0.00962	0.01251	0.01119	0.00756	0.11213	0.35151	0.09512	0.02053	0.02022	0.01528	0.00723	0.00521	0.00170	0.00417	0.00587	0.27587	0.00798
14	0.00976	0.00759	0.00836	0.00804	0.00997	0.00742	0.00600	0.13704	0.04715	0.01912	0.04010	0.28861	0.36121	0.01399	0.00672	0.00202	0.00370	0.01199	0.00540	0.00581
15	0.01474	0.01599	0.02195	0.22414	0.28477	0.17941	0.14198	0.01807	0.01339	0.01654	0.01033	0.01383	0.00825	0.00538	0.00576	0.00174	0.00827	0.00507	0.00279	0.00759
16	0.01073	0.01005	0.01487	0.22961	0.02037	0.01312	0.01178	0.01288	0.00987	0.01400	0.01310	0.01810	0.05604	0.01624	0.17919	0.00376	0.35181	0.00571	0.00281	0.00594
17	0.00759	0.00549	0.00620	0.00649	0.00710	0.00515	0.00411	0.00821	0.01022	0.01308	0.03218	0.20727	0.23250	0.40858	0.01809	0.00383	0.00432	0.01110	0.00439	0.00411
18	0.01510	0.01130	0.01244	0.01059	0.01377	0.01227	0.00838	0.21356	0.30742	0.07264	0.17022	0.02623	0.08344	0.00882	0.00605	0.00184	0.00452	0.00730	0.00593	0.00820
19	0.01277	0.01326	0.01313	0.26405	0.02100	0.22467	0.01030	0.01479	0.01171	0.01344	0.01240	0.01995	0.01158	0.18485	0.14487	0.00385	0.00927	0.00558	0.00295	0.00559
20	0.00697	0.00498	0.00664	0.00796	0.00830	0.00465	0.00531	0.00796	0.01095	0.01460	0.03153	0.79525	0.03783	0.01792	0.00730	0.00232	0.00332	0.01626	0.00531	0.00465
21	0.00730	0.00575	0.00666	0.00714	0.00858	0.00512	0.00543	0.00893	0.01282	0.01604	0.09454	0.21684	0.43674	0.01526	0.00706	0.00212	0.00337	0.13003	0.00537	0.00490
22	0.01258	0.02263	0.43156	0.02295	0.23318	0.01358	0.14577	0.01799	0.01259	0.01831	0.01063	0.01324	0.00801	0.00523	0.00573	0.00180	0.00819	0.00491	0.00262	0.00850
23	0.01173	0.00966	0.01437	0.17094	0.24117	0.01015	0.01161	0.05960	0.01342	0.01879	0.02095	0.02771	0.11021	0.00827	0.00583	0.00183	0.00550	0.10361	0.14780	0.00685
24	0.01335	0.00863	0.00996	0.00871	0.01063	0.00918	0.00653	0.20254	0.01450	0.07028	0.01680	0.02438	0.01515	0.25648	0.16069	0.00426	0.00707	0.00638	0.14831	0.00616
25	0.01179	0.01113	0.01865	0.54429	0.24181	0.01276	0.01600	0.01543	0.01190	0.01591	0.01033	0.01481	0.00806	0.00549	0.00565	0.00181	0.00726	0.00502	0.00266	0.03925
26	0.01157	0.00917	0.01104	0.00939	0.01233	0.00900	0.00732	0.10990	0.07627	0.01902	0.01654	0.07602	0.03401	0.05011	0.24905	0.00401	0.00797	0.00612	0.00400	0.27717
27	0.01447	0.04735	0.04562	0.12461	0.31610	0.05706	0.21999	0.07094	0.01406	0.01884	0.01089	0.01415	0.00860	0.00528	0.00586	0.00176	0.00788	0.00538	0.00300	0.00816
28	0.01220	0.00870	0.01072	0.00957	0.01215	0.00857	0.00761	0.07899	0.07748	0.07233	0.01873	0.02973	0.01760	0.11770	0.16150	0.00372	0.00707	0.15486	0.00441	0.18636
29	0.01394	0.15324	0.06138	0.03465	0.11782	0.05186	0.01051	0.18119	0.01565	0.02035	0.03967	0.18664	0.07145	0.00921	0.00575	0.00177	0.00570	0.00771	0.00422	0.00730
30	0.01316	0.15151	0.04056	0.19667	0.04918	0.04476	0.09598	0.01606	0.01177	0.06205	0.01136	0.01490	0.00929	0.01186	0.13370	0.00292	0.05972	0.00492	0.00302	0.06660
31	0.03126	0.14946	0.05015	0.04319	0.01560	0.06846	0.01020	0.14241	0.02893	0.06838	0.01252	0.01546	0.01038	0.01681	0.22323	0.00382	0.09406	0.00492	0.00363	0.00714

[dist]
# distance from previous block
# <min> <max>
11	45

[block]
# block no. 6 follows, 41 sequences, length 8
# corresponding to MSA columns:
# 485-492
name=unknown_G
#
# <colnr> <probs for GDERKNQSTAVLIFYWHMCP>
#	G	D	E	R	K	N	Q	S	T	A	V	L	I	F	Y	W	H	M	C	P
0	0.01522	0.25375	0.20366	0.01308	0.04691	0.01612	0.01257	0.15914	0.08528	0.05316	0.01381	0.07823	0.01165	0.00687	0.00518	0.00167	0.00631	0.00537	0.00385	0.00818
1	0.01406	0.19714	0.05055	0.07312	0.37179	0.01577	0.08374	0.01866	0.08757	0.01769	0.01140	0.01385	0.00932	0.00534	0.00531	0.00165	0.00679	0.00489	0.00302	0.00834
2	0.09205	0.17749	0.08710	0.16666	0.08001	0.01377	0.01174	0.01708	0.04123	0.09273	0.01363	0.10232	0.01201	0.00722	0.00586	0.00177	0.04503	0.00575	0.00355	0.02300
3	0.01057	0.00686	0.01013	0.00903	0.01031	0.00686	0.07986	0.01183	0.08011	0.01457	0.01691	0.02140	0.07408	0.01443	0.01468	0.45475	0.00482	0.00595	0.14853	0.00433
4	0.09704	0.01180	0.01479	0.01599	0.18403	0.07241	0.06272	0.07675	0.04236	0.05161	0.17062	0.02596	0.13377	0.00827	0.00589	0.00177	0.00541	0.00712	0.00453	0.00717
5	0.03818	0.01551	0.01488	0.01285	0.04444	0.14782	0.00982	0.32775	0.09437	0.07342	0.01675	0.06160	0.04255	0.00746	0.00561	0.00168	0.00624	0.00582	0.00496	0.06828
6	0.01196	0.13028	0.21304	0.01096	0.01565	0.07482	0.01097	0.01530	0.01303	0.01791	0.15852	0.07427	0.01895	0.00724	0.00526	0.00150	0.00576	0.00588	0.00367	0.20502
7	0.01634	0.07567	0.04571	0.01611	0.13112	0.31140	0.01136	0.02138	0.16134	0.01706	0.01262	0.01417	0.01027	0.00894	0.06759	0.00218	0.00826	0.00461	0.00348	0.06039

[dist]
# distance from previous block
# <min> <max>
19	78

[block]
# block no. 7 follows, 41 sequences, length 65
# corresponding to MSA columns:
# 580-644
name=unknown_H
#
# <colnr> <probs for GDERKNQSTAVLIFYWHMCP>
#	G	D	E	R	K	N	Q	S	T	A	V	L	I	F	Y	W	H	M	C	P
0	0.00830	0.00677	0.00943	0.00920	0.01101	0.00617	0.06248	0.01034	0.01272	0.01639	0.06575	0.21402	0.27662	0.01431	0.00709	0.00216	0.00423	0.21621	0.00507	0.04170
1	0.01848	0.04953	0.01591	0.01237	0.01628	0.05439	0.01009	0.43264	0.21613	0.02954	0.04358	0.01838	0.01405	0.00749	0.00575	0.00178	0.00585	0.03333	0.00547	0.00896
2	0.01180	0.00862	0.01020	0.06662	0.01314	0.00864	0.00725	0.14205	0.01460	0.04992	0.02751	0.02863	0.23614	0.01482	0.13572	0.00291	0.00616	0.00722	0.10407	0.10397
3	0.00941	0.01487	0.30165	0.01042	0.01397	0.00845	0.01079	0.01257	0.01147	0.01633	0.16097	0.07420	0.02307	0.29122	0.01427	0.00318	0.00598	0.00761	0.00372	0.00584
4	0.04235	0.01629	0.07122	0.01217	0.01618	0.10449	0.01038	0.45275	0.02130	0.02878	0.01436	0.05941	0.01139	0.00722	0.00545	0.00169	0.00627	0.00552	0.10444	0.00834
5	0.07884	0.01037	0.03901	0.00960	0.01198	0.06607	0.00775	0.05778	0.10382	0.01913	0.06864	0.18951	0.11092	0.03245	0.00688	0.00208	0.00479	0.11967	0.00485	0.05588
6	0.01473	0.66392	0.11746	0.01142	0.01678	0.02104	0.05516	0.01732	0.01179	0.01430	0.00844	0.00989	0.00741	0.00495	0.00406	0.00134	0.00660	0.00342	0.00247	0.00749
7	0.00914	0.00717	0.00852	0.00907	0.01027	0.00752	0.00643	0.01469	0.23336	0.01740	0.02905	0.56328	0.03173	0.01487	0.00686	0.00221	0.00368	0.01333	0.00546	0.00597
8	0.01000	0.00909	0.01376	0.49403	0.04891	0.01043	0.01215	0.03718	0.01250	0.01571	0.02528	0.02765	0.24394	0.00849	0.00604	0.00190	0.00607	0.00728	0.00352	0.00606
9	0.01167	0.06969	0.73098	0.01596	0.02423	0.01377	0.02054	0.01806	0.01205	0.01787	0.01014	0.01193	0.00725	0.00541	0.00534	0.00178	0.00833	0.00417	0.00242	0.00840
10	0.01263	0.04449	0.42597	0.02231	0.21273	0.01384	0.15086	0.01798	0.01256	0.01817	0.01056	0.01313	0.00797	0.00522	0.00568	0.00179	0.00818	0.00487	0.00261	0.00844
11	0.00714	0.00514	0.00679	0.00799	0.00849	0.00480	0.00551	0.00832	0.01137	0.01510	0.06014	0.69029	0.07002	0.01741	0.00729	0.00230	0.00339	0.05843	0.00534	0.00472
12	0.01269	0.00964	0.01072	0.00973	0.01209	0.01014	0.00742	0.25717	0.09962	0.02298	0.02930	0.31653	0.15350	0.01248	0.00651	0.00201	0.00438	0.01071	0.00551	0.00687
13	0.01183	0.00686	0.00897	0.00845	0.01037	0.00651	0.00651	0.03411	0.01360	0.17581	0.15940	0.18603	0.14391	0.01802	0.14374	0.00327	0.00579	0.04522	0.00547	0.00614
14	0.02490	0.01096	0.01404	0.01076	0.01521	0.01023	0.00889	0.16794	0.01843	0.62429	0.02084	0.01835	0.01329	0.00704	0.00575	0.00176	0.00515	0.00563	0.00681	0.00973
15	0.00791	0.00538	0.00636	0.00676	0.00686	0.00528	0.00402	0.00821	0.00911	0.01214	0.02207	0.26457	0.02590	0.56487	0.02258	0.00458	0.00488	0.01070	0.00402	0.00382
16	0.01437	0.49621	0.27753	0.01227	0.01825	0.06477	0.01367	0.01780	0.01205	0.01505	0.00878	0.01022	0.00731	0.00514	0.00435	0.00144	0.00715	0.00349	0.00247	0.00767
17	0.01375	0.01318	0.02249	0.12547	0.67610	0.01348	0.01735	0.01720	0.01283	0.01820	0.01069	0.01429	0.00889	0.00517	0.00567	0.00172	0.00690	0.00509	0.00280	0.00873
18	0.00742	0.00537	0.00664	0.00720	0.00815	0.00490	0.00506	0.00901	0.01268	0.01717	0.21056	0.42368	0.18170	0.01508	0.00686	0.00206	0.00305	0.01337	0.05515	0.00490
19	0.00844	0.00533	0.00623	0.00662	0.00712	0.00520	0.00429	0.00956	0.01050	0.01536	0.06702	0.27150	0.02666	0.31691	0.01491	0.00330	0.00399	0.01021	0.20246	0.00440
20	0.01147	0.02959	0.76934	0.01630	0.02476	0.01328	0.02113	0.01811	0.01208	0.01811	0.01026	0.01208	0.00725	0.00543	0.00543	0.00181	0.00845	0.00423	0.00242	0.00845
21	0.01537	0.01606	0.02149	0.07472	0.57545	0.16261	0.01619	0.01842	0.01355	0.01753	0.01035	0.01347	0.00865	0.00529	0.00557	0.00167	0.00753	0.00482	0.00284	0.00843
22	0.01647	0.00974	0.01138	0.00975	0.01303	0.00983	0.00771	0.02407	0.30540	0.28485	0.08454	0.02830	0.15181	0.00902	0.00603	0.00187	0.00422	0.00751	0.00621	0.00827
23	0.01281	0.01339	0.02238	0.01774	0.01948	0.01660	0.23132	0.01513	0.01018	0.01513	0.00873	0.01339	0.00786	0.00846	0.01517	0.00233	0.55506	0.00553	0.00262	0.00669
24	0.01529	0.80242	0.02997	0.00979	0.01468	0.02263	0.00979	0.01713	0.01162	0.01346	0.00795	0.00918	0.00734	0.00489	0.00367	0.00122	0.00612	0.00306	0.00245	0.00734
25	0.00832	0.00555	0.00624	0.00624	0.00624	0.00555	0.00347	0.00832	0.00832	0.01109	0.01802	0.03743	0.02080	0.79898	0.02911	0.00555	0.00555	0.00832	0.00347	0.00347
26	0.01423	0.01229	0.01293	0.01164	0.01487	0.01423	0.00905	0.03039	0.75297	0.02393	0.02328	0.02134	0.01746	0.00776	0.00582	0.00194	0.00453	0.00647	0.00582	0.00905
27	0.01529	0.80242	0.02997	0.00979	0.01468	0.02263	0.00979	0.01713	0.01162	0.01346	0.00795	0.00918	0.00734	0.00489	0.00367	0.00122	0.00612	0.00306	0.00245	0.00734
28	0.02174	0.01602	0.01717	0.01316	0.01774	0.01774	0.01087	0.74423	0.02689	0.03605	0.01373	0.01373	0.00973	0.00687	0.00572	0.00172	0.00629	0.00515	0.00572	0.00973
29	0.01866	0.00995	0.01256	0.00931	0.01407	0.00801	0.00758	0.02104	0.01408	0.38757	0.01628	0.01561	0.01127	0.00564	0.00498	0.00130	0.00455	0.00455	0.00521	0.42776
30	0.00817	0.00613	0.00919	0.00919	0.01021	0.00715	0.00715	0.01021	0.00919	0.01328	0.01532	0.02247	0.01430	0.04290	0.77631	0.00919	0.01532	0.00613	0.00306	0.00511
31	0.01134	0.00978	0.01017	0.00938	0.01211	0.01059	0.00723	0.02181	0.46682	0.02065	0.03669	0.03438	0.30500	0.01036	0.00618	0.00194	0.00390	0.00863	0.00562	0.00742
32	0.02085	0.01558	0.01667	0.01298	0.01740	0.01732	0.01066	0.65985	0.11272	0.03462	0.01486	0.01463	0.01064	0.00697	0.00573	0.00174	0.00609	0.00531	0.00573	0.00965
33	0.01251	0.01251	0.01752	0.01502	0.01502	0.01752	0.01251	0.01377	0.00876	0.01377	0.00751	0.01251	0.00751	0.01001	0.01877	0.00250	0.78851	0.00501	0.00250	0.00626
34	0.01396	0.09544	0.54172	0.01540	0.02235	0.18031	0.01796	0.01906	0.01294	0.01682	0.00976	0.01144	0.00728	0.00549	0.00522	0.00169	0.00866	0.00401	0.00253	0.00796
35	0.01293	0.01306	0.01555	0.01391	0.01463	0.10477	0.01147	0.01503	0.03910	0.01469	0.01216	0.02116	0.01214	0.01168	0.04562	0.00265	0.51220	0.11788	0.00314	0.00621
36	0.01080	0.01017	0.01716	0.78523	0.03940	0.01271	0.01589	0.01461	0.01144	0.01461	0.01017	0.01525	0.00762	0.00572	0.00572	0.00191	0.00762	0.00508	0.00254	0.00635
37	0.01251	0.02340	0.48080	0.02358	0.31037	0.01340	0.01975	0.01790	0.01244	0.01834	0.01046	0.01288	0.00795	0.00530	0.00552	0.00177	0.00781	0.00456	0.00258	0.00869
