[name]
unknown

[dist]
# distance from previous block
# <min> <max>
2	94

[block]
# block no. 0 follows, 43 sequences, length 45
# corresponding to MSA columns:
# 101-145
name=unknown_A
#
# <colnr> <probs for GDERKNQSTAVLIFYWHMCP>
#	G	D	E	R	K	N	Q	S	T	A	V	L	I	F	Y	W	H	M	C	P
0	0.01460	0.06252	0.05922	0.01515	0.01963	0.01422	0.23910	0.11507	0.29190	0.04543	0.01598	0.01710	0.01208	0.00623	0.00574	0.00177	0.00643	0.01752	0.00433	0.03601
1	0.05705	0.19391	0.27397	0.01371	0.01909	0.13369	0.09165	0.03667	0.01281	0.06279	0.01106	0.04961	0.00905	0.00586	0.00500	0.00161	0.00739	0.00464	0.00302	0.00742
2	0.29190	0.21701	0.11453	0.01016	0.01438	0.01529	0.00968	0.14480	0.01315	0.02149	0.01066	0.06917	0.00933	0.00637	0.00481	0.00164	0.03062	0.00449	0.00348	0.00705
3	0.01582	0.28087	0.21448	0.01167	0.01683	0.01548	0.01200	0.16696	0.01492	0.11861	0.01302	0.07270	0.01069	0.00651	0.00493	0.00158	0.00617	0.00499	0.00381	0.00796
4	0.09406	0.01361	0.10817	0.01173	0.01542	0.01240	0.04937	0.33908	0.01757	0.02495	0.01715	0.23759	0.01650	0.00928	0.00579	0.00186	0.00553	0.00784	0.00468	0.00743
5	0.01390	0.36018	0.24847	0.01164	0.01684	0.01649	0.01242	0.12981	0.01342	0.01765	0.01073	0.05920	0.00937	0.00674	0.00555	0.04629	0.00640	0.00449	0.00302	0.00738
6	0.01123	0.05121	0.01170	0.00934	0.01200	0.00860	0.04226	0.12598	0.01377	0.03965	0.04722	0.33951	0.06800	0.01091	0.00590	0.00173	0.00428	0.00959	0.00463	0.18248
7	0.00766	0.00548	0.00727	0.00757	0.00823	0.00574	0.00534	0.00892	0.00959	0.01326	0.04131	0.21315	0.06782	0.21577	0.32609	0.00562	0.00837	0.00921	0.02915	0.00445
8	0.01730	0.46360	0.02216	0.00994	0.01423	0.01710	0.00906	0.13180	0.01445	0.17520	0.01310	0.06687	0.01090	0.00635	0.00453	0.00144	0.00551	0.00471	0.00399	0.00777
9	0.01296	0.05666	0.13614	0.01319	0.01873	0.01065	0.18715	0.01651	0.01220	0.07297	0.01095	0.01274	0.00841	0.00465	0.00494	0.00130	0.00613	0.00434	0.00323	0.40614
10	0.00722	0.00516	0.00697	0.00821	0.00876	0.00490	0.00593	0.00855	0.01116	0.01481	0.04548	0.63201	0.03596	0.01680	0.00718	0.00230	0.00359	0.16521	0.00515	0.00464
11	0.01781	0.01580	0.22788	0.01360	0.01913	0.01069	0.12656	0.02243	0.06218	0.36001	0.01633	0.01600	0.01095	0.00598	0.00556	0.00171	0.00634	0.00524	0.00471	0.05111
12	0.01055	0.10415	0.53902	0.01313	0.01956	0.01208	0.01599	0.01543	0.01173	0.01649	0.01796	0.06010	0.12659	0.00721	0.00538	0.00174	0.00685	0.00578	0.00293	0.00733
13	0.01214	0.24520	0.56911	0.01403	0.02126	0.01538	0.01741	0.01727	0.01157	0.01629	0.00932	0.01091	0.00704	0.00512	0.00479	0.00160	0.00756	0.00378	0.00235	0.00789
14	0.00675	0.00482	0.00643	0.00771	0.00803	0.00450	0.00514	0.00771	0.01060	0.01414	0.03053	0.80175	0.03663	0.01735	0.00707	0.00225	0.00321	0.01574	0.00514	0.00450
15	0.01151	0.01416	0.13592	0.27919	0.04422	0.01442	0.07292	0.01470	0.01032	0.01473	0.00894	0.01321	0.00740	0.00708	0.01066	0.00206	0.32461	0.00489	0.00246	0.00660
16	0.02069	0.02640	0.01569	0.01427	0.01712	0.78313	0.01070	0.02212	0.01569	0.01355	0.00856	0.00999	0.00713	0.00571	0.00499	0.00143	0.00999	0.00357	0.00285	0.00642
17	0.00736	0.00566	0.00675	0.00654	0.00806	0.00505	0.00494	0.00950	0.01438	0.01918	0.46423	0.04674	0.33354	0.01251	0.00657	0.00182	0.00277	0.03370	0.00569	0.00501
18	0.01286	0.01501	0.07474	0.08870	0.17384	0.01363	0.50234	0.01729	0.01273	0.01750	0.01086	0.01449	0.00831	0.00483	0.00617	0.00182	0.00857	0.00594	0.00273	0.00766
19	0.01635	0.01200	0.01327	0.01109	0.01417	0.01301	0.00876	0.50767	0.02097	0.02808	0.01896	0.27237	0.01836	0.01017	0.00604	0.00186	0.00515	0.00852	0.00541	0.00780
20	0.00764	0.00565	0.00713	0.00676	0.00815	0.00514	0.00507	0.01006	0.01520	0.02109	0.65762	0.04322	0.16323	0.01174	0.00653	0.00176	0.00264	0.01028	0.00595	0.00514
21	0.00848	0.00765	0.01017	0.01327	0.21360	0.00697	0.00766	0.01039	0.01262	0.01581	0.04377	0.04261	0.56341	0.01157	0.00626	0.00181	0.00382	0.00986	0.00449	0.00578
22	0.01271	0.01221	0.01748	0.03686	0.13227	0.01590	0.01265	0.05883	0.01032	0.01543	0.00888	0.03576	0.00850	0.00889	0.01479	0.00224	0.58171	0.00519	0.00274	0.00664
23	0.00787	0.00562	0.00719	0.00682	0.00793	0.00525	0.00494	0.01008	0.01450	0.02043	0.65164	0.04058	0.04728	0.13433	0.00989	0.00230	0.00304	0.00971	0.00567	0.00494
24	0.01378	0.01190	0.01252	0.01127	0.01440	0.01378	0.00877	0.02943	0.76081	0.02317	0.02254	0.02066	0.01691	0.00751	0.00564	0.00188	0.00438	0.00626	0.00564	0.00877
25	0.01050	0.00953	0.01491	0.62268	0.03212	0.01142	0.01335	0.05822	0.01223	0.01554	0.01722	0.02065	0.12543	0.00692	0.00569	0.00184	0.00660	0.00597	0.00306	0.00612
26	0.01271	0.02473	0.57278	0.06307	0.02405	0.01356	0.05766	0.13118	0.01395	0.02003	0.01052	0.01230	0.00748	0.00546	0.00539	0.00175	0.00787	0.00441	0.00287	0.00821
27	0.02134	0.02353	0.01527	0.01355	0.01666	0.64659	0.01030	0.03858	0.01594	0.13192	0.01072	0.01143	0.00820	0.00591	0.00509	0.00148	0.00909	0.00391	0.00353	0.00695
28	0.00655	0.00561	0.00561	0.00561	0.00748	0.00468	0.00421	0.00795	0.01262	0.01496	0.05610	0.05330	0.76857	0.01403	0.00655	0.00187	0.00281	0.01169	0.00514	0.00468
29	0.01481	0.80869	0.02902	0.00948	0.01421	0.02191	0.00948	0.01658	0.01125	0.01303	0.00770	0.00888	0.00711	0.00474	0.00355	0.00118	0.00592	0.00296	0.00237	0.00711
30	0.02485	0.00943	0.01285	0.00985	0.01414	0.00814	0.00814	0.02699	0.01585	0.77465	0.02185	0.01885	0.01371	0.00685	0.00557	0.00171	0.00471	0.00557	0.00685	0.00943
31	0.00675	0.00482	0.00643	0.00771	0.00803	0.00450	0.00514	0.00771	0.01060	0.01414	0.03053	0.80175	0.03663	0.01735	0.00707	0.00225	0.00321	0.01574	0.00514	0.00450
32	0.02069	0.02640	0.01569	0.01427	0.01712	0.78313	0.01070	0.02212	0.01569	0.01355	0.00856	0.00999	0.00713	0.00571	0.00499	0.00143	0.00999	0.00357	0.00285	0.00642
33	0.02207	0.13495	0.08307	0.01032	0.01502	0.01069	0.00944	0.02454	0.01477	0.58954	0.01860	0.01667	0.01209	0.00639	0.00523	0.00164	0.00521	0.00503	0.00576	0.00896
34	0.01305	0.01249	0.02129	0.18775	0.62221	0.01299	0.01667	0.01642	0.01230	0.01729	0.01030	0.01392	0.00849	0.00506	0.00549	0.00169	0.00674	0.00493	0.00268	0.00824
35	0.00805	0.00537	0.00604	0.00604	0.00604	0.00537	0.00336	0.00805	0.00805	0.01074	0.01745	0.03624	0.02013	0.80536	0.02819	0.00537	0.00537	0.00805	0.00336	0.00336
36	0.02426	0.01037	0.01344	0.01030	0.01461	0.00954	0.00851	0.13936	0.01743	0.66005	0.02052	0.01799	0.01304	0.00682	0.00556	0.00171	0.00493	0.00548	0.00665	0.00942
37	0.01829	0.19969	0.01973	0.01625	0.13323	0.49323	0.01140	0.02008	0.01422	0.01414	0.00866	0.01032	0.00738	0.00537	0.00475	0.00141	0.00855	0.00364	0.00273	0.00694
38	0.00724	0.00503	0.00628	0.00708	0.00728	0.00483	0.00446	0.00784	0.00964	0.01285	0.02557	0.51157	0.03038	0.31606	0.01507	0.00343	0.00403	0.01283	0.00446	0.00407
39	0.01317	0.01466	0.03110	0.02499	0.14387	0.01387	0.63704	0.01763	0.01300	0.01780	0.01108	0.01475	0.00846	0.00471	0.00637	0.00183	0.00891	0.00629	0.00279	0.00767
40	0.01161	0.02266	0.49137	0.01630	0.02341	0.01227	0.18199	0.01703	0.01197	0.01766	0.01021	0.01239	0.00751	0.00495	0.00537	0.00163	0.00781	0.00451	0.00259	0.13677
41	0.01148	0.00984	0.01148	0.00820	0.01312	0.00738	0.00656	0.01395	0.01148	0.01805	0.00984	0.01148	0.00820	0.00410	0.00410	0.00082	0.00410	0.00328	0.00328	0.83922
42	0.01148	0.00984	0.01148	0.00820	0.01312	0.00738	0.00656	0.01395	0.01148	0.01805	0.00984	0.01148	0.00820	0.00410	0.00410	0.00082	0.00410	0.00328	0.00328	0.83922
43	0.02014	0.01046	0.01429	0.01343	0.13134	0.00931	0.00933	0.06701	0.01507	0.45682	0.01709	0.01620	0.01155	0.00598	0.00525	0.00152	0.00496	0.00497	0.00540	0.17987
44	0.00807	0.00591	0.00785	0.00893	0.01008	0.00569	0.00735	0.01008	0.01225	0.01578	0.03374	0.22675	0.14707	0.01556	0.00735	0.00238	0.00432	0.46082	0.00512	0.00490

[dist]
# distance from previous block
# <min> <max>
0	41

[block]
# block no. 1 follows, 43 sequences, length 30
# corresponding to MSA columns:
# 187-192,195-218
name=unknown_B
#
# <colnr> <probs for GDERKNQSTAVLIFYWHMCP>
#	G	D	E	R	K	N	Q	S	T	A	V	L	I	F	Y	W	H	M	C	P
0	0.00791	0.00593	0.00890	0.00890	0.00989	0.00692	0.00692	0.00989	0.00890	0.01286	0.01483	0.02176	0.01385	0.04154	0.78341	0.00890	0.01483	0.00593	0.00297	0.00494
1	0.00682	0.00516	0.00630	0.00698	0.00789	0.00464	0.00487	0.00812	0.01184	0.01537	0.12767	0.48068	0.26244	0.01560	0.00684	0.00207	0.00302	0.01381	0.00526	0.00464
2	0.01300	0.01604	0.25875	0.01332	0.06611	0.02464	0.01247	0.02015	0.20824	0.10569	0.08822	0.02359	0.05956	0.00777	0.00576	0.00183	0.00569	0.05691	0.00445	0.00780
3	0.01111	0.02865	0.77667	0.01579	0.02397	0.01286	0.02046	0.01754	0.01169	0.01754	0.00994	0.01169	0.00702	0.00526	0.00526	0.00175	0.00818	0.00409	0.00234	0.00818
4	0.00791	0.00593	0.00890	0.00890	0.00989	0.00692	0.00692	0.00989	0.00890	0.01286	0.01483	0.02176	0.01385	0.04154	0.78341	0.00890	0.01483	0.00593	0.00297	0.00494
5	0.01315	0.01472	0.03144	0.02463	0.11881	0.01390	0.66182	0.01765	0.01302	0.01778	0.01111	0.01479	0.00845	0.00470	0.00641	0.00184	0.00900	0.00634	0.00279	0.00763
6	0.01156	0.12314	0.68610	0.01502	0.02279	0.01396	0.01913	0.01742	0.01164	0.01699	0.00967	0.01135	0.00703	0.00520	0.00505	0.00168	0.00791	0.00396	0.00234	0.00805
7	0.00675	0.00482	0.00643	0.00771	0.00803	0.00450	0.00514	0.00771	0.01060	0.01414	0.03053	0.80175	0.03663	0.01735	0.00707	0.00225	0.00321	0.01574	0.00514	0.00450
8	0.01450	0.01173	0.01254	0.01118	0.01438	0.01340	0.00872	0.02927	0.71180	0.07260	0.02250	0.02054	0.01670	0.00747	0.00563	0.00187	0.00440	0.00622	0.00572	0.00881
9	0.02006	0.01521	0.01782	0.01353	0.01799	0.01659	0.07838	0.66681	0.02450	0.03298	0.01322	0.01363	0.00944	0.00646	0.00559	0.00167	0.00631	0.00513	0.02555	0.00914
10	0.01341	0.01285	0.02194	0.10365	0.70349	0.01308	0.01685	0.01674	0.01247	0.01773	0.01036	0.01380	0.00864	0.00499	0.00549	0.00166	0.00665	0.00493	0.00272	0.00853
11	0.00675	0.00482	0.00643	0.00771	0.00803	0.00450	0.00514	0.00771	0.01060	0.01414	0.03053	0.80175	0.03663	0.01735	0.00707	0.00225	0.00321	0.01574	0.00514	0.00450
12	0.01212	0.01212	0.01696	0.01454	0.01454	0.01696	0.01212	0.01333	0.00848	0.01333	0.00727	0.01212	0.00727	0.00969	0.01818	0.00242	0.79523	0.00485	0.00242	0.00606
13	0.01240	0.24928	0.47349	0.01490	0.02179	0.01558	0.10579	0.01729	0.01173	0.01628	0.00945	0.01129	0.00721	0.00504	0.00493	0.00161	0.00768	0.00407	0.00240	0.00779
14	0.00691	0.00489	0.00638	0.00751	0.00779	0.00460	0.00492	0.00775	0.01029	0.01373	0.02894	0.70902	0.03463	0.11281	0.00963	0.00263	0.00347	0.01481	0.00492	0.00436
15	0.01115	0.02276	0.53583	0.06870	0.13610	0.01216	0.01798	0.01633	0.01145	0.01677	0.01069	0.01431	0.00847	0.06724	0.02523	0.00219	0.00783	0.00462	0.00250	0.00770
16	0.01600	0.06336	0.08241	0.00978	0.01352	0.00992	0.00863	0.02147	0.18022	0.29710	0.11184	0.02524	0.12017	0.00821	0.00567	0.00174	0.00453	0.00676	0.00555	0.00788
17	0.01300	0.01225	0.02065	0.03072	0.67845	0.01220	0.01557	0.01620	0.01298	0.01859	0.10217	0.01706	0.01404	0.00571	0.00561	0.00166	0.00610	0.00555	0.00315	0.00834
18	0.01135	0.02722	0.70737	0.01746	0.09260	0.01289	0.02014	0.01749	0.01178	0.01759	0.00998	0.01188	0.00718	0.00523	0.00528	0.00174	0.00804	0.00417	0.00238	0.00824
19	0.01321	0.01296	0.02342	0.01790	0.02105	0.01421	0.36373	0.04208	0.03429	0.05411	0.01206	0.06604	0.01042	0.00749	0.01045	0.00207	0.27784	0.00645	0.00321	0.00699
20	0.01323	0.13244	0.55807	0.01455	0.02150	0.10722	0.01738	0.01829	0.01226	0.04227	0.00988	0.01135	0.00727	0.00530	0.00501	0.00164	0.00798	0.00393	0.00256	0.00787
21	0.00672	0.00494	0.00630	0.00738	0.00795	0.00453	0.00499	0.00775	0.01092	0.01427	0.03456	0.68374	0.15204	0.01683	0.00699	0.00219	0.00315	0.01510	0.00514	0.00453
22	0.03585	0.00664	0.00794	0.00851	0.01013	0.00654	0.00697	0.01182	0.08115	0.01672	0.03671	0.11865	0.26704	0.01402	0.00692	0.00222	0.00410	0.34767	0.00511	0.00528
23	0.01146	0.10305	0.70535	0.01518	0.02304	0.01373	0.01941	0.01745	0.01165	0.01711	0.00973	0.01142	0.00702	0.00521	0.00510	0.00170	0.00797	0.00398	0.00234	0.00808
24	0.01269	0.01305	0.02499	0.20996	0.31320	0.01328	0.29710	0.01661	0.01242	0.01702	0.01058	0.01443	0.00830	0.00498	0.00590	0.00178	0.00782	0.00554	0.00270	0.00765
25	0.00808	0.00653	0.00945	0.03772	0.13776	0.00629	0.00748	0.00963	0.01127	0.01498	0.02952	0.53016	0.11949	0.01440	0.00671	0.00210	0.00393	0.03455	0.00465	0.00531
26	0.01666	0.01710	0.01995	0.01583	0.01966	0.23274	0.22971	0.21086	0.01708	0.02074	0.01447	0.01911	0.04157	0.00698	0.00618	0.00176	0.02418	0.07426	0.00384	0.00732
27	0.01776	0.01347	0.02104	0.01567	0.02022	0.02889	0.28862	0.24072	0.04005	0.17595	0.03718	0.01632	0.01155	0.00608	0.00588	0.00174	0.00682	0.00585	0.03787	0.00831
28	0.01121	0.01172	0.01990	0.01592	0.01905	0.08070	0.35835	0.01410	0.01242	0.01600	0.01927	0.29285	0.02017	0.01011	0.00668	0.00202	0.00689	0.07268	0.00382	0.00613
29	0.01299	0.11581	0.20527	0.05968	0.02495	0.01451	0.37299	0.06534	0.01318	0.01792	0.01120	0.04014	0.00889	0.00543	0.00577	0.00175	0.00812	0.00564	0.00288	0.00755

[dist]
# distance from previous block
# <min> <max>
0	77

[block]
# block no. 2 follows, 43 sequences, length 10
# corresponding to MSA columns:
# 303-312
name=unknown_C
#
# <colnr> <probs for GDERKNQSTAVLIFYWHMCP>
#	G	D	E	R	K	N	Q	S	T	A	V	L	I	F	Y	W	H	M	C	P
0	0.19907	0.06811	0.15232	0.08951	0.01701	0.01165	0.01051	0.06567	0.03218	0.17052	0.11626	0.01704	0.01478	0.00652	0.00503	0.00170	0.00540	0.00508	0.00430	0.00735
1	0.01758	0.01725	0.13781	0.01306	0.01737	0.07120	0.01186	0.46304	0.02023	0.02707	0.01222	0.01359	0.00919	0.01007	0.08510	0.00244	0.05336	0.00483	0.00439	0.00835
2	0.01307	0.01285	0.01676	0.05096	0.01779	0.12646	0.18146	0.11565	0.01438	0.01808	0.01959	0.14930	0.07127	0.00961	0.00711	0.00196	0.05779	0.10548	0.00400	0.00643
3	0.01230	0.01129	0.13183	0.00894	0.01200	0.00928	0.00829	0.13061	0.08968	0.02206	0.01624	0.01814	0.01255	0.00895	0.06129	0.00204	0.00510	0.00513	0.42760	0.00666
4	0.35501	0.01560	0.09021	0.01093	0.01523	0.06444	0.00970	0.33104	0.01715	0.02767	0.01038	0.01117	0.00764	0.00583	0.00462	0.00168	0.00582	0.00400	0.00418	0.00771
5	0.01529	0.01176	0.01417	0.01472	0.13580	0.01290	0.01000	0.02710	0.53839	0.12555	0.02050	0.01930	0.01516	0.00701	0.00560	0.00182	0.00478	0.00595	0.00534	0.00886
6	0.00923	0.00545	0.00731	0.00801	0.00887	0.00500	0.00555	0.01036	0.01132	0.11857	0.02933	0.69424	0.03348	0.01591	0.00686	0.00218	0.00342	0.01435	0.00538	0.00518
7	0.07486	0.01301	0.01358	0.01170	0.01415	0.09154	0.03378	0.11920	0.28220	0.02043	0.01527	0.01831	0.01272	0.11686	0.01054	0.00236	0.13244	0.00561	0.00426	0.00719
8	0.01078	0.01000	0.01607	0.62962	0.06949	0.01156	0.01404	0.01425	0.01121	0.01497	0.00987	0.01419	0.00758	0.00528	0.00530	0.00167	0.00682	0.00466	0.00261	0.14002
9	0.01340	0.01414	0.02778	0.02288	0.14565	0.01350	0.50967	0.04598	0.05517	0.01878	0.01169	0.01475	0.00896	0.00490	0.00610	0.00175	0.00812	0.00597	0.00309	0.06771

[dist]
# distance from previous block
# <min> <max>
0	1

[block]
# block no. 3 follows, 43 sequences, length 48
# corresponding to MSA columns:
# 314-361
name=unknown_D
#
# <colnr> <probs for GDERKNQSTAVLIFYWHMCP>
#	G	D	E	R	K	N	Q	S	T	A	V	L	I	F	Y	W	H	M	C	P
0	0.01373	0.01162	0.01504	0.10523	0.01841	0.01098	0.06993	0.18048	0.04505	0.02154	0.01124	0.01294	0.00874	0.00503	0.00486	0.00126	0.00539	0.00425	0.00374	0.45053
1	0.01371	0.01316	0.02248	0.03399	0.77081	0.01316	0.01700	0.01700	0.01261	0.01809	0.01042	0.01371	0.00877	0.00493	0.00548	0.00164	0.00658	0.00493	0.00274	0.00877
2	0.00748	0.00570	0.00689	0.00712	0.00850	0.00519	0.00549	0.00937	0.01316	0.01713	0.25331	0.11261	0.31838	0.04913	0.00777	0.00216	0.00336	0.15705	0.00533	0.00485
3	0.00694	0.00492	0.00643	0.00749	0.00782	0.00463	0.00494	0.00787	0.01054	0.01411	0.06199	0.68105	0.03546	0.10636	0.00944	0.00258	0.00343	0.01462	0.00498	0.00440
4	0.00684	0.00489	0.00654	0.00782	0.00818	0.00458	0.00531	0.00788	0.01070	0.01424	0.03047	0.76957	0.03642	0.01726	0.00709	0.00226	0.00330	0.04699	0.00514	0.00452
5	0.01046	0.00984	0.01661	0.79205	0.03814	0.01230	0.01538	0.01415	0.01107	0.01415	0.00984	0.01477	0.00738	0.00554	0.00554	0.00185	0.00738	0.00492	0.00246	0.00615
6	0.02416	0.00927	0.01263	0.00974	0.01390	0.00802	0.00802	0.02632	0.01584	0.74431	0.05193	0.01976	0.01526	0.00703	0.00561	0.00171	0.00463	0.00575	0.00682	0.00926
7	0.01156	0.01120	0.01548	0.01338	0.01338	0.01539	0.01092	0.01261	0.00842	0.01298	0.00866	0.01540	0.00902	0.11798	0.01954	0.00282	0.68773	0.00528	0.00255	0.00569
8	0.00675	0.00482	0.00643	0.00771	0.00803	0.00450	0.00514	0.00771	0.01060	0.01414	0.03053	0.80175	0.03663	0.01735	0.00707	0.00225	0.00321	0.01574	0.00514	0.00450
9	0.01148	0.00984	0.01148	0.00820	0.01312	0.00738	0.00656	0.01395	0.01148	0.01805	0.00984	0.01148	0.00820	0.00410	0.00410	0.00082	0.00410	0.00328	0.00328	0.83922
10	0.02069	0.02640	0.01569	0.01427	0.01712	0.78313	0.01070	0.02212	0.01569	0.01355	0.00856	0.00999	0.00713	0.00571	0.00499	0.00143	0.00999	0.00357	0.00285	0.00642
11	0.01298	0.01560	0.06832	0.02298	0.02871	0.01395	0.71572	0.01773	0.01301	0.01773	0.01114	0.01478	0.00834	0.00470	0.00647	0.00186	0.00928	0.00642	0.00278	0.00750
12	0.01307	0.01494	0.03268	0.02334	0.02894	0.01401	0.75070	0.01774	0.01307	0.01774	0.01120	0.01494	0.00840	0.00467	0.00654	0.00187	0.00934	0.00654	0.00280	0.00747
13	0.01046	0.00984	0.01661	0.79205	0.03814	0.01230	0.01538	0.01415	0.01107	0.01415	0.00984	0.01477	0.00738	0.00554	0.00554	0.00185	0.00738	0.00492	0.00246	0.00615
14	0.01378	0.01190	0.01252	0.01127	0.01440	0.01378	0.00877	0.02943	0.76081	0.02317	0.02254	0.02066	0.01691	0.00751	0.00564	0.00188	0.00438	0.00626	0.00564	0.00877
15	0.02076	0.01537	0.01646	0.01268	0.01706	0.01704	0.01046	0.72320	0.05567	0.03443	0.01367	0.01359	0.00972	0.00668	0.00554	0.00167	0.00603	0.00504	0.00554	0.00939
16	0.00784	0.00566	0.00740	0.00697	0.00827	0.00523	0.00523	0.01045	0.01568	0.02221	0.76789	0.04137	0.05226	0.01132	0.00653	0.00174	0.00261	0.01002	0.00610	0.00523
17	0.01182	0.02329	0.49168	0.01832	0.02529	0.01342	0.26994	0.01744	0.01204	0.01744	0.01026	0.01282	0.00750	0.00524	0.00622	0.00182	0.04015	0.00496	0.00250	0.00785
18	0.00769	0.00562	0.00722	0.00689	0.00820	0.00515	0.00514	0.01014	0.01522	0.02129	0.67966	0.07285	0.11066	0.01179	0.00655	0.00177	0.00265	0.01038	0.00598	0.00515
19	0.00758	0.00592	0.00691	0.00661	0.00823	0.00539	0.00497	0.01029	0.04774	0.01933	0.44772	0.04525	0.33937	0.01224	0.00650	0.00180	0.00277	0.01052	0.00569	0.00516
20	0.01681	0.01097	0.01437	0.01058	0.01531	0.00957	0.06891	0.12569	0.01498	0.23541	0.01387	0.01413	0.00996	0.00530	0.00493	0.00128	0.00500	0.00445	0.00459	0.41390
21	0.84448	0.01071	0.00814	0.00728	0.01071	0.01242	0.00600	0.01628	0.00943	0.02485	0.00771	0.00900	0.00600	0.00514	0.00343	0.00171	0.00428	0.00300	0.00343	0.00600
22	0.00921	0.00738	0.01039	0.00957	0.01146	0.00729	0.06791	0.01359	0.11290	0.02013	0.38693	0.06521	0.07092	0.01147	0.00668	0.00197	0.00399	0.17172	0.00547	0.00580
23	0.01046	0.00984	0.01661	0.79205	0.03814	0.01230	0.01538	0.01415	0.01107	0.01415	0.00984	0.01477	0.00738	0.00554	0.00554	0.00185	0.00738	0.00492	0.00246	0.00615
24	0.00675	0.00482	0.00643	0.00771	0.00803	0.00450	0.00514	0.00771	0.01060	0.01414	0.03053	0.80175	0.03663	0.01735	0.00707	0.00225	0.00321	0.01574	0.00514	0.00450
25	0.01112	0.00816	0.01198	0.21355	0.18598	0.00879	0.00977	0.01414	0.01170	0.01841	0.01424	0.01758	0.01123	0.00588	0.00466	0.00151	0.00471	0.00505	0.43532	0.00623
26	0.01470	0.78679	0.05002	0.00965	0.01449	0.02166	0.00978	0.01661	0.01127	0.01316	0.00776	0.00896	0.00710	0.00475	0.00360	0.00120	0.00599	0.00299	0.00237	0.00714
27	0.02485	0.00943	0.01285	0.00985	0.01414	0.00814	0.00814	0.02699	0.01585	0.77465	0.02185	0.01885	0.01371	0.00685	0.00557	0.00171	0.00471	0.00557	0.00685	0.00943
28	0.00681	0.00485	0.00641	0.00763	0.00794	0.00454	0.00506	0.00773	0.01048	0.01398	0.02990	0.76508	0.03584	0.05510	0.00808	0.00240	0.00332	0.01538	0.00506	0.00444
29	0.01480	0.00817	0.01108	0.04774	0.01400	0.00802	0.00911	0.07234	0.01462	0.25030	0.02489	0.04309	0.02343	0.01159	0.00675	0.00219	0.00517	0.42036	0.00554	0.00680
30	0.01371	0.01316	0.02248	0.03399	0.77081	0.01316	0.01700	0.01700	0.01261	0.01809	0.01042	0.01371	0.00877	0.00493	0.00548	0.00164	0.00658	0.00493	0.00274	0.00877
31	0.02485	0.00943	0.01285	0.00985	0.01414	0.00814	0.00814	0.02699	0.01585	0.77465	0.02185	0.01885	0.01371	0.00685	0.00557	0.00171	0.00471	0.00557	0.00685	0.00943
32	0.00675	0.00482	0.00643	0.00771	0.00803	0.00450	0.00514	0.00771	0.01060	0.01414	0.03053	0.80175	0.03663	0.01735	0.00707	0.00225	0.00321	0.01574	0.00514	0.00450
33	0.01432	0.01325	0.02116	0.03033	0.64507	0.01354	0.01577	0.07864	0.07667	0.01991	0.01167	0.01426	0.00951	0.00529	0.00550	0.00167	0.00635	0.00505	0.00322	0.00883
34	0.00817	0.00674	0.01032	0.30749	0.01954	0.00748	0.00905	0.01017	0.01078	0.01414	0.02262	0.50096	0.02545	0.01284	0.00648	0.00209	0.00481	0.01161	0.00412	0.00513
35	0.01046	0.00984	0.01661	0.79205	0.03814	0.01230	0.01538	0.01415	0.01107	0.01415	0.00984	0.01477	0.00738	0.00554	0.00554	0.00185	0.00738	0.00492	0.00246	0.00615
36	0.01598	0.01932	0.02619	0.01987	0.02443	0.30797	0.46787	0.01941	0.01407	0.01614	0.01019	0.01305	0.00792	0.00507	0.00595	0.00170	0.00959	0.00540	0.00282	0.00707
37	0.00693	0.00495	0.00663	0.00792	0.00832	0.00465	0.00545	0.00802	0.01078	0.01434	0.03043	0.74082	0.03624	0.01718	0.00712	0.00227	0.00337	0.07490	0.00514	0.00455
38	0.01399	0.01541	0.11450	0.01397	0.07773	0.07701	0.01114	0.02624	0.53932	0.02122	0.01873	0.01803	0.01413	0.00686	0.00552	0.00181	0.00553	0.00564	0.00473	0.00850
39	0.01155	0.00834	0.00950	0.00745	0.01091	0.00698	0.00577	0.01445	0.04731	0.04871	0.01370	0.01664	0.01138	0.07102	0.00616	0.00140	0.00385	0.00440	0.21982	0.48068
40	0.01302	0.44810	0.27042	0.01124	0.01659	0.01706	0.01243	0.03361	0.01141	0.01478	0.00962	0.01286	0.00854	0.09148	0.00682	0.00183	0.00661	0.00393	0.00254	0.00711
41	0.00860	0.00617	0.00824	0.00923	0.01038	0.00609	0.00775	0.01070	0.01210	0.01564	0.03007	0.05809	0.09521	0.12271	0.01035	0.00287	0.00493	0.57118	0.00487	0.00483
42	0.01032	0.00516	0.00516	0.00516	0.00645	0.00516	0.00387	0.01290	0.01161	0.02065	0.01807	0.02065	0.01420	0.00645	0.00387	0.00129	0.00258	0.00516	0.83611	0.00516
43	0.01111	0.02865	0.77667	0.01579	0.02397	0.01286	0.02046	0.01754	0.01169	0.01754	0.00994	0.01169	0.00702	0.00526	0.00526	0.00175	0.00818	0.00409	0.00234	0.00818
44	0.00780	0.00566	0.00735	0.00693	0.00825	0.00521	0.00520	0.01038	0.01559	0.02201	0.74856	0.04169	0.07171	0.01140	0.00653	0.00175	0.00262	0.01006	0.00607	0.00521
45	0.01683	0.01316	0.01422	0.01179	0.01538	0.01486	0.00947	0.37911	0.34179	0.02802	0.01741	0.01717	0.01302	0.00990	0.06969	0.00235	0.00608	0.00561	0.00537	0.00877
46	0.01696	0.01189	0.01462	0.01206	0.01578	0.01277	0.06992	0.09161	0.45956	0.20015	0.02063	0.01912	0.01480	0.00705	0.00569	0.00182	0.00502	0.00601	0.00568	0.00887
47	0.12887	0.01227	0.01354	0.01138	0.01493	0.01368	0.04176	0.18204	0.39516	0.07434	0.01823	0.04124	0.01383	0.00714	0.00539	0.00181	0.00494	0.00580	0.00525	0.00838

[dist]
# distance from previous block
# <min> <max>
1	4

[block]
# block no. 4 follows, 43 sequences, length 23
# corresponding to MSA columns:
# 367-389
name=unknown_E
#
# <colnr> <probs for GDERKNQSTAVLIFYWHMCP>
#	G	D	E	R	K	N	Q	S	T	A	V	L	I	F	Y	W	H	M	C	P
0	0.50023	0.01358	0.05020	0.06239	0.01516	0.05508	0.00873	0.19648	0.01405	0.02561	0.00938	0.01063	0.00704	0.00557	0.00426	0.00170	0.00544	0.00370	0.00379	0.00698
1	0.04466	0.27396	0.04299	0.39377	0.02677	0.03829	0.03453	0.05629	0.01211	0.01553	0.00925	0.01231	0.00736	0.00529	0.00481	0.00160	0.00687	0.00419	0.00266	0.00675
2	0.01150	0.01151	0.04328	0.01356	0.06487	0.06726	0.05093	0.06073	0.01128	0.01544	0.01482	0.04107	0.06274	0.01957	0.26824	0.00431	0.22362	0.00598	0.00314	0.00613
3	0.00873	0.00748	0.00821	0.00676	0.00998	0.00587	0.00525	0.01060	0.01212	0.01633	0.03564	0.03480	0.43222	0.00964	0.00546	0.00141	0.00338	0.00797	0.00432	0.37384
4	0.00655	0.00561	0.00561	0.00561	0.00748	0.00468	0.00421	0.00795	0.01262	0.01496	0.05610	0.05330	0.76857	0.01403	0.00655	0.00187	0.00281	0.01169	0.00514	0.00468
5	0.01157	0.01014	0.01219	0.00902	0.01331	0.00862	0.00728	0.01387	0.01110	0.01744	0.00951	0.01157	0.00808	0.00483	0.00592	0.00103	0.10654	0.00348	0.00317	0.73134
6	0.00962	0.00481	0.00722	0.00722	0.00722	0.00481	0.00481	0.00722	0.00722	0.00962	0.00962	0.01684	0.00962	0.01924	0.02165	0.83886	0.00481	0.00481	0.00241	0.00241
7	0.01450	0.30802	0.14231	0.01279	0.01639	0.13445	0.01222	0.03834	0.01162	0.01456	0.00823	0.01058	0.00721	0.00648	0.00840	0.00169	0.23887	0.00385	0.00255	0.00693
8	0.01422	0.01147	0.01251	0.03128	0.01489	0.01309	0.00890	0.02819	0.66500	0.07105	0.02243	0.02199	0.01703	0.00772	0.00571	0.00189	0.00451	0.03391	0.00561	0.00860
9	0.01481	0.80869	0.02902	0.00948	0.01421	0.02191	0.00948	0.01658	0.01125	0.01303	0.00770	0.00888	0.00711	0.00474	0.00355	0.00118	0.00592	0.00296	0.00237	0.00711
10	0.00689	0.00562	0.00609	0.00598	0.00769	0.00482	0.00448	0.00862	0.01344	0.01691	0.24743	0.05009	0.57602	0.01330	0.00654	0.00184	0.00275	0.01124	0.00540	0.00482
11	0.35727	0.01252	0.01228	0.00990	0.01376	0.01387	0.00815	0.35240	0.01767	0.09564	0.01200	0.01238	0.00863	0.00604	0.00460	0.00167	0.00507	0.00423	0.04412	0.00782
12	0.01641	0.04840	0.01293	0.01044	0.01369	0.01183	0.00841	0.12989	0.31242	0.19233	0.02105	0.07393	0.01674	0.00820	0.00563	0.00181	0.00464	0.05143	0.05160	0.00822
13	0.00672	0.00494	0.00631	0.00740	0.00795	0.00452	0.00500	0.00775	0.01090	0.01426	0.03429	0.69173	0.14422	0.01686	0.00699	0.00219	0.00315	0.01515	0.00514	0.00452
14	0.01384	0.01516	0.01925	0.09890	0.05848	0.18451	0.15274	0.01623	0.01179	0.01481	0.01055	0.01669	0.00957	0.00764	0.01019	0.00201	0.28337	0.06495	0.00283	0.00648
15	0.01089	0.00614	0.00750	0.00687	0.00859	0.00581	0.00525	0.01381	0.03587	0.11413	0.41519	0.03139	0.03434	0.00911	0.00554	0.00160	0.00291	0.00781	0.27141	0.00582
16	0.01232	0.28473	0.53122	0.01371	0.02077	0.01583	0.01686	0.01723	0.01155	0.01606	0.00920	0.01077	0.00705	0.00509	0.00470	0.00157	0.00744	0.00372	0.00235	0.00783
17	0.01111	0.02865	0.77667	0.01579	0.02397	0.01286	0.02046	0.01754	0.01169	0.01754	0.00994	0.01169	0.00702	0.00526	0.00526	0.00175	0.00818	0.00409	0.00234	0.00818
18	0.00705	0.00563	0.00631	0.00614	0.00779	0.00489	0.00461	0.00893	0.01382	0.01780	0.33484	0.04863	0.48807	0.01297	0.00654	0.00182	0.00273	0.01103	0.00552	0.00489
19	0.00858	0.00614	0.00779	0.00759	0.00833	0.00661	0.00530	0.04662	0.00955	0.01308	0.01794	0.02964	0.05231	0.39786	0.35180	0.00654	0.00937	0.00716	0.00338	0.00441
20	0.00784	0.00566	0.00740	0.00697	0.00827	0.00523	0.00523	0.01045	0.01568	0.02221	0.76789	0.04137	0.05226	0.01132	0.00653	0.00174	0.00261	0.01002	0.00610	0.00523
21	0.01109	0.01049	0.01775	0.64517	0.18011	0.01247	0.01569	0.01470	0.01137	0.01491	0.00995	0.01456	0.00765	0.00542	0.00553	0.00181	0.00723	0.00492	0.00252	0.00666
22	0.00694	0.00531	0.00642	0.00696	0.00802	0.00472	0.00489	0.00829	0.01190	0.01549	0.12870	0.44842	0.27170	0.01520	0.00676	0.00203	0.00303	0.01342	0.00521	0.02660

[dist]
# distance from previous block
# <min> <max>
2	4

[block]
# block no. 5 follows, 43 sequences, length 59
# corresponding to MSA columns:
# 394-436,457-472
name=unknown_F
#
# <colnr> <probs for GDERKNQSTAVLIFYWHMCP>
#	G	D	E	R	K	N	Q	S	T	A	V	L	I	F	Y	W	H	M	C	P
0	0.19988	0.00981	0.01049	0.00797	0.01234	0.00839	0.00637	0.01418	0.01098	0.01941	0.01032	0.04760	0.00902	0.00495	0.00409	0.00109	0.00410	0.00380	0.00340	0.61181
1	0.00698	0.00544	0.00592	0.00610	0.00728	0.00483	0.00421	0.00806	0.01143	0.01424	0.07934	0.16383	0.45050	0.19358	0.01153	0.00271	0.00344	0.01140	0.00479	0.00438
2	0.09981	0.00897	0.01201	0.25591	0.02031	0.00946	0.01010	0.01423	0.04630	0.01734	0.01614	0.02822	0.01533	0.00824	0.00563	0.00182	0.00547	0.22644	0.00370	0.19457
3	0.01379	0.01176	0.01257	0.01087	0.01435	0.01296	0.00852	0.06352	0.60860	0.02297	0.02012	0.01888	0.01519	0.00695	0.00539	0.00170	0.00443	0.00574	0.00527	0.13640
4	0.01087	0.01038	0.01526	0.01326	0.01381	0.01374	0.04777	0.01244	0.00892	0.01347	0.01043	0.05131	0.01033	0.01771	0.20738	0.00400	0.52473	0.00571	0.00270	0.00578
5	0.00709	0.00609	0.00613	0.00604	0.00800	0.00536	0.00455	0.00957	0.06917	0.01558	0.05357	0.05083	0.71176	0.01353	0.00648	0.00187	0.00292	0.01128	0.00518	0.00498
6	0.01787	0.01513	0.01984	0.02103	0.28110	0.04941	0.06873	0.40787	0.01991	0.02680	0.01192	0.01342	0.00902	0.00586	0.00557	0.00166	0.00668	0.00502	0.00424	0.00891
7	0.01212	0.01212	0.01696	0.01454	0.01454	0.01696	0.01212	0.01333	0.00848	0.01333	0.00727	0.01212	0.00727	0.00969	0.01818	0.00242	0.79523	0.00485	0.00242	0.00606
8	0.01307	0.01494	0.03268	0.02334	0.02894	0.01401	0.75070	0.01774	0.01307	0.01774	0.01120	0.01494	0.00840	0.00467	0.00654	0.00187	0.00934	0.00654	0.00280	0.00747
9	0.00768	0.00543	0.00593	0.00593	0.00640	0.00520	0.00357	0.00803	0.00919	0.01179	0.02707	0.04049	0.20646	0.60836	0.02280	0.00450	0.00473	0.00896	0.00380	0.00368
10	0.00672	0.00562	0.00587	0.00598	0.00773	0.00477	0.00452	0.00820	0.01264	0.01525	0.07717	0.08647	0.67532	0.01415	0.00662	0.00192	0.00293	0.04823	0.00517	0.00471
11	0.01046	0.00984	0.01661	0.79205	0.03814	0.01230	0.01538	0.01415	0.01107	0.01415	0.00984	0.01477	0.00738	0.00554	0.00554	0.00185	0.00738	0.00492	0.00246	0.00615
12	0.01371	0.01316	0.02248	0.03399	0.77081	0.01316	0.01700	0.01700	0.01261	0.01809	0.01042	0.01371	0.00877	0.00493	0.00548	0.00164	0.00658	0.00493	0.00274	0.00877
13	0.01378	0.01190	0.01252	0.01127	0.01440	0.01378	0.00877	0.02943	0.76081	0.02317	0.02254	0.02066	0.01691	0.00751	0.00564	0.00188	0.00438	0.00626	0.00564	0.00877
14	0.00805	0.00537	0.00604	0.00604	0.00604	0.00537	0.00336	0.00805	0.00805	0.01074	0.01745	0.03624	0.02013	0.80536	0.02819	0.00537	0.00537	0.00805	0.00336	0.00336
15	0.00805	0.00537	0.00604	0.00604	0.00604	0.00537	0.00336	0.00805	0.00805	0.01074	0.01745	0.03624	0.02013	0.80536	0.02819	0.00537	0.00537	0.00805	0.00336	0.00336
16	0.02085	0.01541	0.01651	0.01270	0.01710	0.01708	0.01048	0.73215	0.04657	0.03458	0.01356	0.01350	0.00963	0.00667	0.00554	0.00167	0.00605	0.00502	0.00554	0.00940
17	0.00674	0.00486	0.00638	0.00760	0.00800	0.00451	0.00509	0.00772	0.01071	0.01418	0.03183	0.76354	0.07399	0.01718	0.00704	0.00223	0.00319	0.01554	0.00514	0.00451
18	0.01731	0.00776	0.01044	0.00857	0.01154	0.00685	0.00685	0.01966	0.01577	0.44105	0.35262	0.02883	0.03080	0.00884	0.00600	0.00173	0.00378	0.00754	0.00652	0.00756
19	0.00805	0.00537	0.00604	0.00604	0.00604	0.00537	0.00336	0.00805	0.00805	0.01074	0.01745	0.03624	0.02013	0.80536	0.02819	0.00537	0.00537	0.00805	0.00336	0.00336
20	0.01032	0.00516	0.00516	0.00516	0.00645	0.00516	0.00387	0.01290	0.01161	0.02065	0.01807	0.02065	0.01420	0.00645	0.00387	0.00129	0.00258	0.00516	0.83611	0.00516
21	0.01111	0.02865	0.77667	0.01579	0.02397	0.01286	0.02046	0.01754	0.01169	0.01754	0.00994	0.01169	0.00702	0.00526	0.00526	0.00175	0.00818	0.00409	0.00234	0.00818
22	0.49175	0.00856	0.00724	0.00660	0.00926	0.00949	0.00530	0.01550	0.01055	0.05807	0.01227	0.01385	0.00945	0.00572	0.00369	0.00155	0.00366	0.00393	0.31771	0.00584
23	0.01032	0.00516	0.00516	0.00516	0.00645	0.00516	0.00387	0.01290	0.01161	0.02065	0.01807	0.02065	0.01420	0.00645	0.00387	0.00129	0.00258	0.00516	0.83611	0.00516
24	0.01046	0.00984	0.01661	0.79205	0.03814	0.01230	0.01538	0.01415	0.01107	0.01415	0.00984	0.01477	0.00738	0.00554	0.00554	0.00185	0.00738	0.00492	0.00246	0.00615
25	0.01052	0.00992	0.01662	0.76568	0.03734	0.01246	0.01527	0.01412	0.01099	0.01412	0.00976	0.01468	0.00738	0.00568	0.00597	0.00187	0.03411	0.00492	0.00246	0.00615
26	0.00675	0.00482	0.00643	0.00771	0.00803	0.00450	0.00514	0.00771	0.01060	0.01414	0.03053	0.80175	0.03663	0.01735	0.00707	0.00225	0.00321	0.01574	0.00514	0.00450
27	0.00675	0.00482	0.00643	0.00771	0.00803	0.00450	0.00514	0.00771	0.01060	0.01414	0.03053	0.80175	0.03663	0.01735	0.00707	0.00225	0.00321	0.01574	0.00514	0.00450
28	0.00805	0.00537	0.00604	0.00604	0.00604	0.00537	0.00336	0.00805	0.00805	0.01074	0.01745	0.03624	0.02013	0.80536	0.02819	0.00537	0.00537	0.00805	0.00336	0.00336
29	0.01497	0.01288	0.01388	0.01197	0.01536	0.03318	0.03424	0.13347	0.61081	0.02445	0.02048	0.01914	0.01529	0.00725	0.00564	0.00184	0.00494	0.00602	0.00546	0.00876
30	0.84448	0.01071	0.00814	0.00728	0.01071	0.01242	0.00600	0.01628	0.00943	0.02485	0.00771	0.00900	0.00600	0.00514	0.00343	0.00171	0.00428	0.00300	0.00343	0.00600
31	0.00805	0.00537	0.00604	0.00604	0.00604	0.00537	0.00336	0.00805	0.00805	0.01074	0.01745	0.03624	0.02013	0.80536	0.02819	0.00537	0.00537	0.00805	0.00336	0.00336
32	0.00791	0.00593	0.00890	0.00890	0.00989	0.00692	0.00692	0.00989	0.00890	0.01286	0.01483	0.02176	0.01385	0.04154	0.78341	0.00890	0.01483	0.00593	0.00297	0.00494
33	0.01032	0.00516	0.00516	0.00516	0.00645	0.00516	0.00387	0.01290	0.01161	0.02065	0.01807	0.02065	0.01420	0.00645	0.00387	0.00129	0.00258	0.00516	0.83611	0.00516
34	0.02016	0.01950	0.01556	0.01298	0.01656	0.33914	0.01023	0.38651	0.04532	0.02486	0.01183	0.01249	0.00893	0.00627	0.00524	0.00155	0.00751	0.00444	0.04297	0.00794
35	0.01307	0.01494	0.03268	0.02334	0.02894	0.01401	0.75070	0.01774	0.01307	0.01774	0.01120	0.01494	0.00840	0.00467	0.00654	0.00187	0.00934	0.00654	0.00280	0.00747
36	0.01032	0.00516	0.00516	0.00516	0.00645	0.00516	0.00387	0.01290	0.01161	0.02065	0.01807	0.02065	0.01420	0.00645	0.00387	0.00129	0.00258	0.00516	0.83611	0.00516
37	0.02069	0.02640	0.01569	0.01427	0.01712	0.78313	0.01070	0.02212	0.01569	0.01355	0.00856	0.00999	0.00713	0.00571	0.00499	0.00143	0.00999	0.00357	0.00285	0.00642
38	0.00802	0.00552	0.00678	0.00678	0.00704	0.00577	0.00428	0.00853	0.00827	0.01129	0.01677	0.03248	0.01850	0.60714	0.22418	0.00629	0.00783	0.00750	0.00325	0.00377
39	0.01046	0.00984	0.01661	0.79205	0.03814	0.01230	0.01538	0.01415	0.01107	0.01415	0.00984	0.01477	0.00738	0.00554	0.00554	0.00185	0.00738	0.00492	0.00246	0.00615
40	0.00805	0.00537	0.00604	0.00604	0.00604	0.00537	0.00336	0.00805	0.00805	0.01074	0.01745	0.03624	0.02013	0.80536	0.02819	0.00537	0.00537	0.00805	0.00336	0.00336
41	0.01212	0.01212	0.01696	0.01454	0.01454	0.01696	0.01212	0.01333	0.00848	0.01333	0.00727	0.01212	0.00727	0.00969	0.01818	0.00242	0.79523	0.00485	0.00242	0.00606
42	0.01307	0.01494	0.03268	0.02334	0.02894	0.01401	0.75070	0.01774	0.01307	0.01774	0.01120	0.01494	0.00840	0.00467	0.00654	0.00187	0.00934	0.00654	0.00280	0.00747
43	0.01046	0.00984	0.01661	0.79205	0.03814	0.01230	0.01538	0.01415	0.01107	0.01415	0.00984	0.01477	0.00738	0.00554	0.00554	0.00185	0.00738	0.00492	0.00246	0.00615
44	0.01032	0.00516	0.00516	0.00516	0.00645	0.00516	0.00387	0.01290	0.01161	0.02065	0.01807	0.02065	0.01420	0.00645	0.00387	0.00129	0.00258	0.00516	0.83611	0.00516
45	0.01858	0.00857	0.01124	0.00914	0.01228	0.00793	0.00730	0.07674	0.01567	0.45149	0.18939	0.02474	0.02249	0.05690	0.05944	0.00241	0.00506	0.00670	0.00612	0.00782
46	0.19892	0.41201	0.02072	0.01026	0.01427	0.19349	0.00905	0.05719	0.01266	0.01692	0.00820	0.00940	0.00699	0.00515	0.00396	0.00138	0.00650	0.00322	0.00288	0.00683
47	0.01199	0.01134	0.01918	0.34738	0.42570	0.01234	0.01569	0.01532	0.01187	0.01624	0.01126	0.05636	0.00969	0.00585	0.00559	0.00176	0.00673	0.00551	0.00275	0.00746
48	0.00784	0.00566	0.00740	0.00697	0.00827	0.00523	0.00523	0.01045	0.01568	0.02221	0.76789	0.04137	0.05226	0.01132	0.00653	0.00174	0.00261	0.01002	0.00610	0.00523
49	0.01148	0.00984	0.01148	0.00820	0.01312	0.00738	0.00656	0.01395	0.01148	0.01805	0.00984	0.01148	0.00820	0.00410	0.00410	0.00082	0.00410	0.00328	0.00328	0.83922
50	0.01041	0.00832	0.01042	0.04933	0.01354	0.00837	0.00850	0.01579	0.17774	0.01802	0.02323	0.09275	0.02317	0.01110	0.00638	0.00202	0.00474	0.34726	0.00474	0.16416
51	0.00680	0.00498	0.00639	0.00739	0.00798	0.00457	0.00503	0.00793	0.01122	0.01481	0.08531	0.65159	0.13267	0.01650	0.00696	0.00216	0.00312	0.01482	0.00521	0.00457
52	0.01032	0.00516	0.00516	0.00516	0.00645	0.00516	0.00387	0.01290	0.01161	0.02065	0.01807	0.02065	0.01420	0.00645	0.00387	0.00129	0.00258	0.00516	0.83611	0.00516
53	0.01523	0.01555	0.02767	0.02019	0.02521	0.05363	0.52133	0.18415	0.01599	0.02127	0.01141	0.01422	0.00853	0.00534	0.00662	0.00182	0.03464	0.00598	0.00341	0.00781
54	0.01250	0.01206	0.01992	0.01919	0.22694	0.01067	0.19867	0.01576	0.01220	0.01798	0.01035	0.01298	0.00841	0.00448	0.00510	0.00131	0.00612	0.00457	0.00301	0.39778
55	0.00837	0.00629	0.00826	0.16301	0.01280	0.00674	0.00604	0.00934	0.00915	0.01196	0.01939	0.05331	0.08027	0.52301	0.05635	0.00445	0.00594	0.00784	0.00336	0.00413
56	0.01331	0.05169	0.01500	0.01085	0.01456	0.01203	0.02863	0.12749	0.01305	0.01928	0.00970	0.01187	0.00812	0.00584	0.00763	0.00137	0.18866	0.00398	0.00337	0.45356
57	0.00857	0.00614	0.00842	0.00913	0.01042	0.00600	0.00770	0.01114	0.01372	0.01843	0.27296	0.05551	0.03860	0.01399	0.00728	0.00228	0.00428	0.49486	0.00543	0.00514
58	0.01438	0.71826	0.11570	0.01021	0.01535	0.02086	0.01075	0.01669	0.01130	0.01355	0.00796	0.00921	0.00710	0.00480	0.00375	0.00125	0.00619	0.00309	0.00237	0.00723

[dist]
# distance from previous block
# <min> <max>
0	1

[block]
# block no. 6 follows, 43 sequences, length 8
# corresponding to MSA columns:
# 474-481
name=unknown_G
#
# <colnr> <probs for GDERKNQSTAVLIFYWHMCP>
#	G	D	E	R	K	N	Q	S	T	A	V	L	I	F	Y	W	H	M	C	P
0	0.02058	0.01714	0.01623	0.01292	0.01701	0.14578	0.01046	0.58872	0.06580	0.03065	0.01302	0.01316	0.00946	0.00654	0.00545	0.00163	0.00665	0.00482	0.00509	0.00888
1	0.00977	0.00778	0.00985	0.00945	0.01105	0.00898	0.00726	0.01593	0.24596	0.01596	0.01745	0.02241	0.01524	0.08349	0.48605	0.00644	0.01089	0.00618	0.00384	0.00604
2	0.00796	0.00576	0.00800	0.00800	0.00868	0.00643	0.00580	0.00931	0.00863	0.01219	0.01566	0.02633	0.01583	0.28242	0.54525	0.00779	0.01185	0.00660	0.00309	0.00444
3	0.01119	0.01389	0.12255	0.01780	0.02228	0.01162	0.42057	0.01524	0.01158	0.01617	0.01218	0.01666	0.00994	0.01637	0.25137	0.00407	0.01092	0.00603	0.00279	0.00677
4	0.03390	0.00922	0.01395	0.19633	0.01855	0.01124	0.06105	0.01217	0.01007	0.01450	0.01505	0.21384	0.01577	0.05671	0.01118	0.00231	0.25452	0.00788	0.03617	0.00559
5	0.00776	0.00601	0.00811	0.00859	0.00911	0.00635	0.00626	0.00915	0.01138	0.01566	0.16415	0.51891	0.03546	0.01513	0.00844	0.00219	0.10612	0.05137	0.00496	0.00487
6	0.00675	0.00482	0.00643	0.00771	0.00803	0.00450	0.00514	0.00771	0.01060	0.01414	0.03053	0.80175	0.03663	0.01735	0.00707	0.00225	0.00321	0.01574	0.00514	0.00450
7	0.01762	0.01024	0.05633	0.01007	0.01336	0.00896	0.00836	0.15626	0.01586	0.35180	0.02228	0.26428	0.01974	0.01003	0.00602	0.00188	0.00470	0.00858	0.00580	0.00780

[dist]
# distance from previous block
# <min> <max>
11	70

[block]
# block no. 7 follows, 43 sequences, length 22
# corresponding to MSA columns:
# 552-573
name=unknown_H
#
# <colnr> <probs for GDERKNQSTAVLIFYWHMCP>
#	G	D	E	R	K	N	Q	S	T	A	V	L	I	F	Y	W	H	M	C	P
0	0.10455	0.01228	0.03678	0.01475	0.01791	0.04201	0.25858	0.04813	0.05439	0.03876	0.03233	0.17723	0.01540	0.00852	0.00763	0.00197	0.11077	0.00762	0.00376	0.00664
1	0.32405	0.01002	0.01309	0.46840	0.02674	0.01209	0.01148	0.01482	0.01062	0.01847	0.03656	0.01356	0.00849	0.00560	0.00478	0.00179	0.00604	0.00438	0.00296	0.00606
2	0.01149	0.01126	0.01683	0.30697	0.02342	0.01521	0.01334	0.01364	0.00946	0.01364	0.00824	0.01311	0.00731	0.00813	0.01342	0.00221	0.49891	0.00487	0.00244	0.00609
3	0.01201	0.00983	0.01154	0.00827	0.01317	0.00741	0.00663	0.01446	0.01166	0.04807	0.01032	0.01178	0.00842	0.00421	0.00416	0.00086	0.00413	0.00337	0.00342	0.80629
4	0.01116	0.01016	0.01525	0.42448	0.09906	0.01054	0.01222	0.01435	0.01138	0.01599	0.00990	0.01343	0.00782	0.00494	0.00499	0.00144	0.00607	0.00431	0.00280	0.31973
5	0.01527	0.01248	0.01560	0.30548	0.02437	0.01450	0.01192	0.29561	0.20245	0.02419	0.01429	0.01567	0.01051	0.00644	0.00556	0.00178	0.00615	0.00528	0.00441	0.00803
6	0.00662	0.00532	0.00591	0.00637	0.00768	0.00461	0.00455	0.00786	0.01189	0.01466	0.04682	0.32505	0.50281	0.01523	0.00674	0.00201	0.00295	0.01316	0.00514	0.00461
7	0.02092	0.01946	0.01628	0.01330	0.01716	0.29528	0.01059	0.48721	0.02228	0.02715	0.01158	0.01210	0.00859	0.00631	0.00534	0.00158	0.00751	0.00447	0.00456	0.00833
8	0.01253	0.01384	0.02938	0.02115	0.02620	0.01295	0.65304	0.01668	0.01253	0.01708	0.01176	0.01686	0.00952	0.08150	0.00853	0.00217	0.00877	0.00657	0.00287	0.03606
9	0.01347	0.31460	0.10162	0.01679	0.02192	0.01708	0.35030	0.01698	0.01194	0.01564	0.00949	0.01215	0.00770	0.00510	0.00610	0.00164	0.06277	0.00484	0.00257	0.00730
