[name]
unknown

[dist]
# distance from previous block
# <min> <max>
33	75

[block]
# block no. 0 follows, 48 sequences, length 16
# corresponding to MSA columns:
# 99-114
name=unknown_A
#
# <colnr> <probs for GDERKNQSTAVLIFYWHMCP>
#	G	D	E	R	K	N	Q	S	T	A	V	L	I	F	Y	W	H	M	C	P
0	0.01096	0.16226	0.60280	0.01362	0.02045	0.01321	0.04516	0.01598	0.01080	0.01556	0.00889	0.01049	0.00660	0.00473	0.00461	0.00151	0.00712	0.00367	0.00222	0.03937
1	0.01140	0.13261	0.17186	0.05451	0.05208	0.03806	0.06821	0.01755	0.19881	0.01741	0.14391	0.01757	0.01611	0.00621	0.00500	0.00155	0.00545	0.00527	0.00361	0.03281
2	0.07513	0.01683	0.30890	0.01115	0.01668	0.05149	0.04633	0.01491	0.01084	0.01678	0.00900	0.01061	0.00698	0.00438	0.00431	0.00123	0.00576	0.00346	0.00268	0.38253
3	0.00606	0.00520	0.00520	0.00520	0.00693	0.00433	0.00390	0.00736	0.01170	0.01386	0.05198	0.04938	0.78558	0.01299	0.00606	0.00173	0.00260	0.01083	0.00476	0.00433
4	0.00746	0.00497	0.00560	0.00560	0.00560	0.00497	0.00311	0.00746	0.00746	0.00995	0.01617	0.03358	0.01865	0.81967	0.02612	0.00497	0.00497	0.00746	0.00311	0.00311
5	0.01779	0.01383	0.01632	0.01258	0.01662	0.01516	0.08487	0.58783	0.13241	0.02918	0.01337	0.01346	0.00964	0.00609	0.00524	0.00159	0.00571	0.00493	0.00489	0.00846
6	0.01223	0.01171	0.01998	0.15195	0.67087	0.01207	0.01551	0.01534	0.01146	0.01620	0.00957	0.01285	0.00793	0.00466	0.00509	0.00155	0.00621	0.00457	0.00250	0.00775
7	0.01155	0.01118	0.01844	0.25317	0.02304	0.01326	0.18479	0.08851	0.01126	0.01553	0.00988	0.05143	0.00851	0.00682	0.00920	0.00189	0.26724	0.00537	0.00274	0.00618
8	0.01249	0.01266	0.04368	0.05244	0.67729	0.01223	0.08190	0.01575	0.01166	0.01661	0.00969	0.01277	0.00801	0.00457	0.00516	0.00155	0.00638	0.00468	0.00253	0.00794
9	0.00779	0.00570	0.00763	0.00858	0.00980	0.00554	0.00731	0.00992	0.01178	0.01518	0.05525	0.09245	0.14849	0.01396	0.00687	0.00223	0.00424	0.57787	0.00476	0.00464
10	0.01208	0.01241	0.01025	0.00954	0.01160	0.24510	0.00714	0.01668	0.19041	0.01680	0.19521	0.14915	0.04467	0.00876	0.00540	0.00159	0.00501	0.00728	0.00435	0.04655
11	0.00630	0.00450	0.00599	0.00711	0.00745	0.00420	0.00477	0.00726	0.01003	0.01343	0.06181	0.78185	0.03458	0.01583	0.00653	0.00206	0.00295	0.01435	0.00480	0.00420
12	0.01358	0.01466	0.01552	0.46733	0.02730	0.27028	0.03323	0.07067	0.01272	0.01442	0.00900	0.01213	0.00693	0.00523	0.00499	0.00157	0.00759	0.00419	0.00262	0.00603
13	0.00648	0.00490	0.00595	0.00643	0.00737	0.00443	0.00456	0.00780	0.01126	0.01468	0.17452	0.38143	0.27236	0.04057	0.00697	0.00199	0.00288	0.03621	0.00487	0.00433
14	0.01064	0.00912	0.01064	0.00760	0.01216	0.00684	0.00608	0.01292	0.01064	0.01672	0.00912	0.01064	0.00760	0.00380	0.00380	0.00076	0.00380	0.00304	0.00304	0.85104
15	0.03575	0.02978	0.01503	0.01262	0.07269	0.03884	0.03066	0.39413	0.10259	0.15024	0.01376	0.01361	0.00982	0.00589	0.00500	0.00152	0.00536	0.00467	0.00478	0.05328

[dist]
# distance from previous block
# <min> <max>
0	5

[block]
# block no. 1 follows, 48 sequences, length 18
# corresponding to MSA columns:
# 120-137
name=unknown_B
#
# <colnr> <probs for GDERKNQSTAVLIFYWHMCP>
#	G	D	E	R	K	N	Q	S	T	A	V	L	I	F	Y	W	H	M	C	P
0	0.22145	0.25219	0.12038	0.01034	0.01429	0.16528	0.00970	0.06507	0.03901	0.01706	0.00837	0.00957	0.00679	0.00510	0.00444	0.00143	0.03693	0.00330	0.00282	0.00650
1	0.00638	0.00486	0.00575	0.00638	0.00726	0.00438	0.00447	0.00743	0.01046	0.01326	0.03642	0.41917	0.32322	0.07894	0.00795	0.00219	0.00308	0.04960	0.00463	0.00417
2	0.00862	0.00730	0.03861	0.00912	0.01072	0.00684	0.02303	0.03332	0.10785	0.01633	0.07296	0.24305	0.06283	0.01270	0.00644	0.00207	0.00417	0.32407	0.00473	0.00526
3	0.01070	0.01039	0.01304	0.01147	0.01170	0.06304	0.00913	0.01164	0.00823	0.01183	0.00924	0.01637	0.00962	0.18099	0.06782	0.00314	0.53903	0.00510	0.00248	0.00504
4	0.00652	0.00466	0.00624	0.00727	0.00773	0.00438	0.00507	0.00769	0.01045	0.01403	0.10277	0.67585	0.03499	0.01536	0.00655	0.00206	0.00307	0.07619	0.00485	0.00428
5	0.01543	0.01168	0.01202	0.01017	0.01327	0.06514	0.00812	0.24853	0.27842	0.10741	0.05275	0.02037	0.06039	0.00730	0.00525	0.00163	0.00473	0.03462	0.03517	0.00760
6	0.00726	0.00524	0.00686	0.00646	0.00767	0.00484	0.00484	0.00968	0.01452	0.02058	0.78496	0.03833	0.04841	0.01049	0.00605	0.00161	0.00242	0.00928	0.00565	0.00484
7	0.01664	0.01375	0.01816	0.01379	0.01775	0.09041	0.22508	0.34058	0.01758	0.08904	0.01246	0.01359	0.00904	0.00555	0.00519	0.00154	0.00641	0.00496	0.09093	0.00753
8	0.01453	0.01615	0.01749	0.16906	0.36239	0.30295	0.01331	0.01701	0.01247	0.01453	0.00892	0.01161	0.00733	0.00494	0.00492	0.00148	0.00740	0.00410	0.00253	0.00687
9	0.01748	0.27150	0.01836	0.01185	0.01503	0.55808	0.00956	0.01890	0.01327	0.01241	0.00768	0.00894	0.00660	0.00501	0.00421	0.00125	0.00809	0.00313	0.00250	0.00615
10	0.00891	0.00446	0.00668	0.00668	0.00668	0.00446	0.00446	0.00668	0.00668	0.00891	0.00891	0.01560	0.00891	0.01783	0.02005	0.85071	0.00446	0.00446	0.00223	0.00223
11	0.00640	0.00460	0.00610	0.00721	0.00764	0.00430	0.00496	0.00745	0.01015	0.01349	0.05211	0.72100	0.05712	0.01569	0.00655	0.00208	0.00306	0.06106	0.00479	0.00423
12	0.00722	0.00526	0.00653	0.00666	0.00766	0.00494	0.00496	0.00887	0.01186	0.01590	0.32157	0.08652	0.16696	0.17316	0.01027	0.00247	0.00342	0.14667	0.00477	0.00435
13	0.00867	0.00508	0.00562	0.00584	0.00711	0.00498	0.00461	0.01085	0.01101	0.01730	0.02433	0.03128	0.14285	0.00987	0.03462	0.00176	0.00328	0.14382	0.52243	0.00469
14	0.00644	0.00474	0.00605	0.00684	0.00752	0.00435	0.00478	0.00766	0.01083	0.01433	0.13547	0.56275	0.15105	0.01476	0.00643	0.00198	0.00291	0.04192	0.00488	0.00431
15	0.00711	0.00511	0.00692	0.00806	0.00880	0.00492	0.00624	0.00865	0.01075	0.01410	0.02872	0.45995	0.06121	0.01514	0.00676	0.00219	0.00371	0.33248	0.00475	0.00441
16	0.18608	0.07201	0.01283	0.01007	0.03197	0.05160	0.00799	0.11265	0.23162	0.20957	0.01498	0.01427	0.01075	0.00594	0.00461	0.00157	0.00473	0.00451	0.00465	0.00760
17	0.01804	0.01594	0.01298	0.01128	0.01438	0.32501	0.00875	0.04972	0.26244	0.20518	0.01527	0.01456	0.01110	0.00612	0.00497	0.00153	0.00626	0.00461	0.00447	0.00742

[dist]
# distance from previous block
# <min> <max>
0	6

[block]
# block no. 2 follows, 48 sequences, length 12
# corresponding to MSA columns:
# 144-155
name=unknown_C
#
# <colnr> <probs for GDERKNQSTAVLIFYWHMCP>
#	G	D	E	R	K	N	Q	S	T	A	V	L	I	F	Y	W	H	M	C	P
0	0.00965	0.00794	0.01062	0.00962	0.01154	0.00821	0.08087	0.07486	0.19935	0.01810	0.12636	0.32781	0.05590	0.01099	0.00599	0.00185	0.00396	0.02569	0.00481	0.00588
1	0.01134	0.00965	0.01034	0.00961	0.01208	0.01088	0.00742	0.02283	0.60289	0.01971	0.02465	0.10151	0.08690	0.00869	0.00550	0.00180	0.00385	0.03797	0.00511	0.00726
2	0.00643	0.00474	0.00602	0.00669	0.00741	0.00433	0.00464	0.00771	0.01110	0.01477	0.18920	0.53189	0.15738	0.01442	0.00637	0.00193	0.00280	0.01288	0.00495	0.00433
3	0.00667	0.00460	0.00582	0.00668	0.00694	0.00439	0.00432	0.00740	0.00928	0.01255	0.02490	0.59585	0.02944	0.21160	0.01121	0.00276	0.00344	0.01249	0.03573	0.00393
4	0.00969	0.00912	0.01539	0.80734	0.03534	0.01140	0.01425	0.01311	0.01026	0.01311	0.00912	0.01368	0.00684	0.00513	0.00513	0.00171	0.00684	0.00456	0.00228	0.00570
5	0.00763	0.00530	0.00676	0.00731	0.00783	0.00532	0.00535	0.00869	0.00934	0.01235	0.02127	0.11843	0.02383	0.40160	0.05982	0.00391	0.00517	0.28236	0.00385	0.00389
6	0.01248	0.01332	0.00983	0.00916	0.01025	0.33172	0.00635	0.01308	0.01039	0.01115	0.01227	0.02236	0.01305	0.44054	0.01678	0.00332	0.05109	0.00559	0.00287	0.00441
7	0.00624	0.00452	0.00589	0.00699	0.00740	0.00418	0.00469	0.00716	0.00997	0.01316	0.03017	0.75520	0.09385	0.01583	0.00651	0.00206	0.00295	0.01429	0.00476	0.00418
8	0.01075	0.00953	0.01385	0.01690	0.31030	0.00853	0.00983	0.01318	0.01105	0.01622	0.01291	0.10485	0.01250	0.00630	0.00486	0.00133	0.00467	0.06531	0.00317	0.36394
9	0.01073	0.01105	0.02085	0.44053	0.03002	0.01241	0.28909	0.01425	0.01069	0.01425	0.00934	0.01349	0.00717	0.00523	0.00665	0.00177	0.08886	0.00510	0.00239	0.00614
10	0.01537	0.00885	0.01098	0.00825	0.01235	0.00725	0.00667	0.01804	0.04373	0.31788	0.05266	0.01502	0.01195	0.00525	0.00450	0.00116	0.00396	0.00429	0.00454	0.44729
11	0.01043	0.36382	0.01580	0.00804	0.01062	0.05549	0.00696	0.01185	0.01082	0.01289	0.02269	0.18137	0.19223	0.00937	0.00523	0.00155	0.02745	0.04452	0.00345	0.00543

[dist]
# distance from previous block
# <min> <max>
0	1

[block]
# block no. 3 follows, 48 sequences, length 12
# corresponding to MSA columns:
# 157-168
name=unknown_D
#
# <colnr> <probs for GDERKNQSTAVLIFYWHMCP>
#	G	D	E	R	K	N	Q	S	T	A	V	L	I	F	Y	W	H	M	C	P
0	0.01148	0.01051	0.01547	0.01719	0.29956	0.00915	0.05112	0.01416	0.01111	0.01672	0.00938	0.01158	0.00781	0.00411	0.00440	0.00110	0.00491	0.00377	0.00283	0.49365
1	0.00994	0.00849	0.01129	0.00849	0.01190	0.00697	0.08312	0.01182	0.00994	0.01488	0.01113	0.01710	0.01058	0.22214	0.01000	0.00199	0.00461	0.00453	0.00301	0.53806
2	0.45378	0.01041	0.00972	0.00845	0.01162	0.01176	0.00680	0.09594	0.21672	0.08311	0.01302	0.03737	0.01002	0.00597	0.00418	0.00164	0.00416	0.00433	0.00422	0.00677
3	0.01104	0.02411	0.65816	0.01537	0.02249	0.01189	0.12133	0.01662	0.01116	0.04639	0.00980	0.01150	0.00692	0.00486	0.00505	0.00164	0.00760	0.00416	0.00239	0.00754
4	0.00938	0.00598	0.00734	0.00678	0.00853	0.00548	0.00516	0.01202	0.05542	0.12508	0.40301	0.09167	0.22286	0.01073	0.00592	0.00168	0.00286	0.00927	0.00544	0.00539
5	0.08399	0.00899	0.01068	0.00825	0.01198	0.00800	0.00662	0.06341	0.03803	0.29104	0.05808	0.01602	0.01247	0.04799	0.00565	0.00147	0.00412	0.00454	0.00457	0.31411
6	0.00631	0.00474	0.00587	0.00674	0.00747	0.00430	0.00471	0.00738	0.01043	0.01342	0.03456	0.57185	0.23481	0.01515	0.00645	0.00200	0.00297	0.05183	0.00476	0.00424
7	0.01139	0.28293	0.54636	0.01274	0.01930	0.01462	0.01568	0.01596	0.01070	0.01490	0.00854	0.01000	0.00653	0.00472	0.00437	0.00146	0.00691	0.00345	0.00218	0.00726
8	0.01251	0.01200	0.02049	0.07905	0.74155	0.01214	0.01566	0.01559	0.01160	0.01654	0.00962	0.01276	0.00805	0.00461	0.00508	0.00154	0.00614	0.00457	0.00252	0.00798
9	0.00837	0.00646	0.00849	0.00827	0.00943	0.00740	0.00625	0.01231	0.15247	0.01342	0.01543	0.02191	0.01420	0.14579	0.53845	0.00655	0.01066	0.00584	0.00326	0.00503
10	0.00678	0.00523	0.00625	0.00675	0.00774	0.00490	0.00477	0.00893	0.06557	0.01478	0.12289	0.45201	0.24669	0.01390	0.00626	0.00191	0.00288	0.01228	0.00490	0.00457
11	0.24226	0.01106	0.01153	0.00951	0.01301	0.01207	0.00771	0.20842	0.21852	0.19222	0.01494	0.01419	0.01059	0.00604	0.00464	0.00162	0.00450	0.00456	0.00490	0.00772

[dist]
# distance from previous block
# <min> <max>
0	2

[block]
# block no. 4 follows, 48 sequences, length 24
# corresponding to MSA columns:
# 171-194
name=unknown_E
#
# <colnr> <probs for GDERKNQSTAVLIFYWHMCP>
#	G	D	E	R	K	N	Q	S	T	A	V	L	I	F	Y	W	H	M	C	P
0	0.85592	0.00992	0.00754	0.00675	0.00992	0.01151	0.00556	0.01508	0.00873	0.02302	0.00714	0.00834	0.00556	0.00476	0.00318	0.00159	0.00397	0.00278	0.00318	0.00556
1	0.00738	0.00576	0.00897	0.00869	0.00968	0.00618	0.05737	0.00902	0.00886	0.01240	0.01745	0.22702	0.01834	0.08207	0.48896	0.00599	0.01003	0.00802	0.00328	0.00453
2	0.01307	0.01088	0.01817	0.25399	0.47585	0.01140	0.01432	0.01610	0.01163	0.10914	0.01078	0.01356	0.00831	0.00495	0.00510	0.00159	0.00610	0.00464	0.00292	0.00750
3	0.00822	0.00683	0.00740	0.00634	0.00893	0.00578	0.00492	0.05948	0.01244	0.01628	0.08784	0.03614	0.48260	0.00999	0.00541	0.00146	0.00310	0.00829	0.00440	0.22416
4	0.11476	0.01189	0.01257	0.02816	0.01409	0.01343	0.00846	0.35673	0.24667	0.04194	0.01452	0.01446	0.01072	0.00628	0.00513	0.00161	0.02543	0.00477	0.06061	0.00776
5	0.01527	0.01554	0.01713	0.15444	0.30013	0.23533	0.01274	0.15502	0.01453	0.01781	0.00956	0.01182	0.00759	0.00516	0.00497	0.00150	0.00703	0.00422	0.00300	0.00721
6	0.00663	0.00511	0.00610	0.00648	0.00767	0.00459	0.00485	0.00818	0.01179	0.01518	0.18726	0.24456	0.35292	0.01344	0.00631	0.00188	0.00293	0.10476	0.00493	0.00444
7	0.00743	0.00511	0.00628	0.00628	0.00652	0.00535	0.00397	0.00790	0.00767	0.01046	0.01554	0.03010	0.01714	0.61716	0.22657	0.00582	0.00725	0.00695	0.00302	0.00349
8	0.00647	0.00461	0.00609	0.00697	0.00740	0.00431	0.00471	0.00757	0.01050	0.01420	0.15169	0.65739	0.03569	0.04755	0.00726	0.00212	0.00297	0.01343	0.00484	0.00424
9	0.01372	0.82276	0.02689	0.00878	0.01317	0.02030	0.00878	0.01536	0.01043	0.01207	0.00713	0.00823	0.00658	0.00439	0.00329	0.00110	0.00549	0.00274	0.00219	0.00658
10	0.01023	0.00863	0.01070	0.03687	0.01253	0.00784	0.00689	0.03699	0.03616	0.01593	0.01056	0.01331	0.00904	0.01228	0.18777	0.00265	0.04680	0.00388	0.00305	0.52789
11	0.01064	0.00889	0.00976	0.00937	0.01142	0.00997	0.00703	0.02072	0.52828	0.01874	0.02329	0.27857	0.02161	0.00993	0.00565	0.00185	0.00371	0.00866	0.00507	0.00683
12	0.85592	0.00992	0.00754	0.00675	0.00992	0.01151	0.00556	0.01508	0.00873	0.02302	0.00714	0.00834	0.00556	0.00476	0.00318	0.00159	0.00397	0.00278	0.00318	0.00556
13	0.01480	0.01096	0.01430	0.01198	0.01339	0.03753	0.00989	0.04806	0.03891	0.21407	0.03153	0.01382	0.00978	0.00804	0.01226	0.00198	0.49363	0.00481	0.00363	0.00663
14	0.01123	0.01123	0.01572	0.01347	0.01347	0.01572	0.01123	0.01235	0.00786	0.01235	0.00674	0.01123	0.00674	0.00898	0.01684	0.00225	0.81028	0.00449	0.00225	0.00561
15	0.00782	0.00599	0.00729	0.00779	0.00885	0.00606	0.00572	0.01150	0.15038	0.01545	0.08649	0.41876	0.09101	0.04293	0.00702	0.00210	0.00341	0.11158	0.00485	0.00499
16	0.00658	0.00487	0.00566	0.00607	0.00678	0.00448	0.00404	0.00743	0.00998	0.01283	0.07029	0.31994	0.26419	0.23940	0.01184	0.00276	0.00339	0.01116	0.00435	0.00396
17	0.00622	0.00499	0.00556	0.00587	0.00714	0.00433	0.00423	0.00750	0.01140	0.01422	0.10811	0.27104	0.50405	0.01367	0.00620	0.00182	0.00269	0.01179	0.00484	0.00433
18	0.01678	0.01178	0.01305	0.01044	0.01419	0.01250	0.00844	0.32254	0.26651	0.14370	0.01594	0.01513	0.01146	0.00617	0.00500	0.00152	0.00471	0.00490	0.00510	0.11015
19	0.00659	0.00472	0.00582	0.00647	0.00691	0.00443	0.00423	0.00738	0.00967	0.01275	0.06603	0.48178	0.12138	0.22375	0.01154	0.00277	0.00342	0.01202	0.00438	0.00395
20	0.00763	0.00562	0.00696	0.00685	0.00806	0.00532	0.00503	0.05903	0.01347	0.01838	0.42662	0.25966	0.13379	0.01211	0.00613	0.00176	0.00281	0.01068	0.00525	0.00484
21	0.01064	0.00912	0.01064	0.00760	0.01216	0.00684	0.00608	0.01292	0.01064	0.01672	0.00912	0.01064	0.00760	0.00380	0.00380	0.00076	0.00380	0.00304	0.00304	0.85104
22	0.01244	0.01219	0.02162	0.07979	0.64789	0.01224	0.10653	0.01566	0.01164	0.01649	0.00971	0.01290	0.00800	0.00458	0.00520	0.00156	0.00645	0.00475	0.00253	0.00783
23	0.01822	0.01347	0.01448	0.01142	0.01527	0.01495	0.00933	0.58836	0.18162	0.05720	0.01439	0.01393	0.01032	0.00633	0.00515	0.00158	0.00527	0.00489	0.00519	0.00860

[dist]
# distance from previous block
# <min> <max>
0	2

[block]
# block no. 5 follows, 48 sequences, length 12
# corresponding to MSA columns:
# 197-208
name=unknown_F
#
# <colnr> <probs for GDERKNQSTAVLIFYWHMCP>
#	G	D	E	R	K	N	Q	S	T	A	V	L	I	F	Y	W	H	M	C	P
0	0.01477	0.01049	0.01286	0.00969	0.01390	0.00965	0.04617	0.15715	0.10383	0.15564	0.01310	0.01330	0.00965	0.00508	0.00457	0.00121	0.00452	0.00418	0.00424	0.40599
1	0.85592	0.00992	0.00754	0.00675	0.00992	0.01151	0.00556	0.01508	0.00873	0.02302	0.00714	0.00834	0.00556	0.00476	0.00318	0.00159	0.00397	0.00278	0.00318	0.00556
2	0.00706	0.00498	0.00636	0.00656	0.00711	0.00487	0.00444	0.00823	0.01032	0.01422	0.25142	0.24515	0.03114	0.27285	0.09905	0.00353	0.00462	0.00972	0.00428	0.00408
3	0.01681	0.01280	0.01374	0.01112	0.01464	0.01425	0.00897	0.52408	0.21738	0.02815	0.01568	0.07202	0.01233	0.00708	0.00526	0.00163	0.00505	0.00564	0.00513	0.00824
4	0.01574	0.01036	0.01189	0.00907	0.01298	0.05753	0.00734	0.05594	0.01271	0.27180	0.01271	0.01292	0.00922	0.00520	0.00525	0.00121	0.05922	0.00393	0.00416	0.42083
5	0.01212	0.45169	0.38396	0.01150	0.01738	0.01639	0.01352	0.01578	0.01062	0.01402	0.00810	0.00944	0.00655	0.00462	0.00403	0.00134	0.00646	0.00323	0.00218	0.00705
6	0.00696	0.00483	0.00579	0.00617	0.00645	0.00465	0.00384	0.00750	0.00897	0.01196	0.07441	0.30740	0.06410	0.44464	0.01694	0.00358	0.00399	0.01023	0.00394	0.00366
7	0.00667	0.00477	0.00644	0.00763	0.00811	0.00453	0.00549	0.00787	0.01024	0.01357	0.02805	0.65823	0.03302	0.01568	0.00666	0.00214	0.00334	0.16854	0.00476	0.00428
8	0.00733	0.00550	0.00825	0.00825	0.00916	0.00641	0.00641	0.00916	0.00825	0.01191	0.01374	0.02016	0.01283	0.03848	0.79934	0.00825	0.01374	0.00550	0.00275	0.00458
9	0.00623	0.00486	0.00566	0.00619	0.00722	0.00429	0.00436	0.00742	0.01101	0.01396	0.09008	0.40606	0.38586	0.01426	0.00629	0.00189	0.00276	0.01248	0.00482	0.00429
10	0.01265	0.01390	0.01997	0.01576	0.01805	0.12922	0.25434	0.01488	0.01034	0.01391	0.00820	0.01175	0.00710	0.00669	0.01093	0.00187	0.39508	0.00475	0.00246	0.04816
11	0.14333	0.00921	0.01228	0.29554	0.10374	0.01039	0.00991	0.09954	0.01206	0.05500	0.01142	0.01396	0.00865	0.00537	0.00448	0.00153	0.00509	0.00437	0.18793	0.00623

[dist]
# distance from previous block
# <min> <max>
0	6

[block]
# block no. 6 follows, 48 sequences, length 51
# corresponding to MSA columns:
# 215-224,242-282
name=unknown_G
#
# <colnr> <probs for GDERKNQSTAVLIFYWHMCP>
#	G	D	E	R	K	N	Q	S	T	A	V	L	I	F	Y	W	H	M	C	P
0	0.06917	0.01894	0.01947	0.01556	0.01915	0.42424	0.27748	0.03468	0.02843	0.01534	0.02424	0.01164	0.00799	0.00507	0.00509	0.00150	0.00839	0.00444	0.00282	0.00635
1	0.18379	0.01318	0.01870	0.01405	0.01829	0.01393	0.26444	0.33917	0.04409	0.02473	0.01094	0.01228	0.00803	0.00529	0.00506	0.00162	0.00627	0.00478	0.00389	0.00746
2	0.00886	0.00768	0.00773	0.02511	0.00910	0.09267	0.00519	0.00980	0.00976	0.01266	0.03081	0.30581	0.02127	0.28501	0.01250	0.00276	0.00455	0.00882	0.00366	0.13624
3	0.01270	0.01219	0.02083	0.03149	0.78767	0.01219	0.01575	0.01575	0.01168	0.01676	0.00965	0.01270	0.00813	0.00457	0.00508	0.00152	0.00610	0.00457	0.00254	0.00813
4	0.00868	0.00688	0.00845	0.00697	0.00958	0.00568	0.00537	0.01099	0.01272	0.01871	0.43068	0.04949	0.03053	0.00779	0.00510	0.00126	0.00303	0.00677	0.00451	0.36683
5	0.01098	0.01043	0.01772	0.47543	0.35719	0.01174	0.01489	0.01424	0.01087	0.01467	0.00935	0.01326	0.00739	0.00489	0.00511	0.00163	0.00652	0.00457	0.00239	0.00674
6	0.00861	0.00737	0.01116	0.46432	0.02273	0.00859	0.00955	0.01068	0.00944	0.01211	0.01532	0.02360	0.08004	0.28191	0.01233	0.00282	0.00583	0.00610	0.00278	0.00470
7	0.00645	0.00521	0.00573	0.00560	0.00717	0.00449	0.00420	0.00810	0.01260	0.01601	0.28623	0.04585	0.54999	0.01219	0.00606	0.00169	0.00254	0.01033	0.00505	0.00449
8	0.01223	0.02075	0.45925	0.01294	0.01873	0.04781	0.01445	0.09919	0.17799	0.01895	0.01200	0.01270	0.00879	0.00542	0.00490	0.00158	0.00646	0.00425	0.00322	0.05841
9	0.01263	0.01212	0.02070	0.04935	0.77035	0.01217	0.01571	0.01569	0.01165	0.01668	0.00964	0.01272	0.00810	0.00458	0.00508	0.00153	0.00611	0.00457	0.00253	0.00807
10	0.00694	0.00475	0.00575	0.00627	0.00640	0.00462	0.00383	0.00732	0.00849	0.01132	0.02144	0.37415	0.02530	0.47002	0.01760	0.00372	0.00411	0.01056	0.00383	0.00357
11	0.01250	0.01201	0.02036	0.06455	0.71983	0.01232	0.01548	0.01548	0.01145	0.01640	0.00950	0.01268	0.00801	0.00480	0.00561	0.00156	0.04248	0.00457	0.00252	0.00791
12	0.01372	0.82276	0.02689	0.00878	0.01317	0.02030	0.00878	0.01536	0.01043	0.01207	0.00713	0.00823	0.00658	0.00439	0.00329	0.00110	0.00549	0.00274	0.00219	0.00658
13	0.01153	0.01211	0.02065	0.01624	0.01799	0.01479	0.26808	0.01373	0.00930	0.01373	0.00797	0.01211	0.00709	0.00740	0.01318	0.00207	0.53857	0.00502	0.00236	0.00606
14	0.01051	0.07683	0.74470	0.01426	0.02164	0.01245	0.01832	0.01619	0.01081	0.01599	0.00908	0.01067	0.00651	0.00484	0.00477	0.00159	0.00745	0.00373	0.00217	0.00752
15	0.00617	0.00520	0.00535	0.00531	0.00700	0.00438	0.00398	0.00757	0.01195	0.01446	0.11711	0.04840	0.72008	0.01277	0.00606	0.00172	0.00258	0.01069	0.00484	0.00438
16	0.01276	0.01102	0.01160	0.01044	0.01334	0.01276	0.00812	0.02727	0.77840	0.02146	0.02088	0.01914	0.01566	0.00696	0.00522	0.00174	0.00406	0.00580	0.00522	0.00812
17	0.02241	0.00971	0.01251	0.00959	0.01359	0.00899	0.00792	0.15401	0.01632	0.65991	0.01887	0.01657	0.01201	0.00632	0.00516	0.00158	0.00459	0.00507	0.00614	0.00873
18	0.00700	0.00523	0.00650	0.00618	0.00751	0.00473	0.00464	0.00918	0.01391	0.01913	0.62678	0.04071	0.20750	0.01103	0.00605	0.00164	0.00246	0.00961	0.00546	0.00473
19	0.32673	0.00917	0.01032	0.00826	0.01194	0.00899	0.00682	0.02139	0.01252	0.51110	0.01547	0.01414	0.01010	0.00577	0.00444	0.00159	0.00422	0.00429	0.00519	0.00757
20	0.00746	0.00497	0.00560	0.00560	0.00560	0.00497	0.00311	0.00746	0.00746	0.00995	0.01617	0.03358	0.01865	0.81967	0.02612	0.00497	0.00497	0.00746	0.00311	0.00311
21	0.01918	0.02410	0.01457	0.01317	0.01586	0.77126	0.00991	0.04713	0.01488	0.01326	0.00809	0.00936	0.00668	0.00532	0.00464	0.00133	0.00913	0.00335	0.00273	0.00605
22	0.01024	0.00915	0.01235	0.11970	0.02981	0.01054	0.00905	0.01361	0.09780	0.01449	0.01146	0.01635	0.01024	0.04816	0.12612	0.00278	0.23075	0.03113	0.00298	0.19329
23	0.00845	0.02682	0.11414	0.00921	0.01135	0.00728	0.04206	0.01112	0.02500	0.03466	0.16154	0.12032	0.02124	0.05023	0.32784	0.00448	0.00829	0.00714	0.00360	0.00525
24	0.01380	0.01570	0.01357	0.01227	0.01383	0.36280	0.03185	0.01528	0.01138	0.01274	0.01076	0.05004	0.01036	0.01226	0.12671	0.00271	0.21985	0.05578	0.00279	0.00552
25	0.49562	0.03209	0.01024	0.00858	0.01176	0.05928	0.02417	0.03919	0.20284	0.02152	0.01178	0.01219	0.02377	0.00551	0.00397	0.00159	0.00447	0.00386	0.00370	0.02387
26	0.01752	0.06943	0.01510	0.01163	0.01514	0.20045	0.00936	0.37510	0.19184	0.02386	0.01288	0.01287	0.00966	0.00602	0.00491	0.00150	0.00613	0.00445	0.00437	0.00779
27	0.01089	0.14205	0.64951	0.01447	0.05247	0.01315	0.01734	0.01610	0.01081	0.01566	0.00892	0.01053	0.00658	0.00479	0.00465	0.00154	0.00722	0.00367	0.00219	0.00746
28	0.01636	0.01261	0.01300	0.01083	0.01417	0.06316	0.00873	0.35023	0.26036	0.08494	0.01799	0.01904	0.04626	0.00715	0.00529	0.00165	0.00509	0.05018	0.00506	0.00793
29	0.01627	0.01370	0.01346	0.01131	0.01463	0.09906	0.00907	0.36573	0.30430	0.02511	0.01594	0.01727	0.01234	0.00685	0.00523	0.00164	0.00539	0.04988	0.00487	0.00796
30	0.01276	0.01102	0.01160	0.01044	0.01334	0.01276	0.00812	0.02727	0.77840	0.02146	0.02088	0.01914	0.01566	0.00696	0.00522	0.00174	0.00406	0.00580	0.00522	0.00812
31	0.82141	0.01011	0.00787	0.00696	0.01017	0.01169	0.00573	0.04625	0.00937	0.02341	0.00736	0.00850	0.00569	0.00482	0.00326	0.00159	0.00404	0.00285	0.00326	0.00569
32	0.01265	0.01043	0.01134	0.00861	0.01260	0.04433	0.00687	0.14965	0.03223	0.03280	0.01069	0.01234	0.00866	0.02318	0.03742	0.00138	0.00479	0.00369	0.02849	0.54786
33	0.00606	0.00520	0.00520	0.00520	0.00693	0.00433	0.00390	0.00736	0.01170	0.01386	0.05198	0.04938	0.78558	0.01299	0.00606	0.00173	0.00260	0.01083	0.00476	0.00433
34	0.00625	0.00447	0.00595	0.00714	0.00744	0.00417	0.00476	0.00714	0.00982	0.01310	0.02828	0.81633	0.03394	0.01608	0.00655	0.00208	0.00298	0.01459	0.00476	0.00417
35	0.00640	0.00455	0.00603	0.00716	0.00748	0.00428	0.00482	0.00730	0.00979	0.01303	0.02762	0.74544	0.03298	0.05665	0.00756	0.00224	0.00315	0.04469	0.00468	0.00414
36	0.85592	0.00992	0.00754	0.00675	0.00992	0.01151	0.00556	0.01508	0.00873	0.02302	0.00714	0.00834	0.00556	0.00476	0.00318	0.00159	0.00397	0.00278	0.00318	0.00556
37	0.01276	0.01102	0.01160	0.01044	0.01334	0.01276	0.00812	0.02727	0.77840	0.02146	0.02088	0.01914	0.01566	0.00696	0.00522	0.00174	0.00406	0.00580	0.00522	0.00812
38	0.02046	0.01349	0.01437	0.01116	0.01512	0.06738	0.00915	0.51111	0.02083	0.24261	0.01423	0.01354	0.00969	0.00615	0.00511	0.00154	0.00554	0.00468	0.00530	0.00854
39	0.01049	0.01008	0.01615	0.49076	0.12155	0.01270	0.01359	0.01322	0.00976	0.01335	0.00852	0.01288	0.00697	0.00614	0.00839	0.00184	0.23081	0.00454	0.00230	0.00597
40	0.85592	0.00992	0.00754	0.00675	0.00992	0.01151	0.00556	0.01508	0.00873	0.02302	0.00714	0.00834	0.00556	0.00476	0.00318	0.00159	0.00397	0.00278	0.00318	0.00556
41	0.00652	0.00473	0.00616	0.00684	0.00747	0.00437	0.00473	0.00787	0.01125	0.01523	0.24072	0.55329	0.08312	0.01433	0.00638	0.00193	0.00280	0.01288	0.00501	0.00437
42	0.00616	0.00519	0.00534	0.00533	0.00700	0.00437	0.00399	0.00754	0.01187	0.01436	0.10749	0.06425	0.71386	0.01287	0.00607	0.00173	0.00259	0.01079	0.00483	0.00437
43	0.00795	0.00480	0.00597	0.00597	0.00597	0.00480	0.00357	0.00720	0.00720	0.00960	0.01371	0.02748	0.01535	0.54789	0.02406	0.29163	0.00480	0.00644	0.00281	0.00281
44	0.01029	0.02654	0.79309	0.01462	0.02221	0.01192	0.01896	0.01625	0.01083	0.01625	0.00921	0.01083	0.00650	0.00487	0.00487	0.00162	0.00758	0.00379	0.00217	0.00758
45	0.01608	0.00985	0.01143	0.00978	0.01295	0.01041	0.00777	0.02534	0.45656	0.29572	0.05414	0.02020	0.01633	0.00705	0.00528	0.00169	0.00411	0.02154	0.00563	0.00812
46	0.01100	0.19022	0.63558	0.01342	0.02035	0.01364	0.01687	0.01607	0.01075	0.01539	0.00878	0.01030	0.00652	0.00478	0.00455	0.00152	0.00715	0.00358	0.00217	0.00738
47	0.00643	0.00479	0.00599	0.00658	0.00738	0.00435	0.00460	0.00774	0.01123	0.01487	0.19654	0.48584	0.19647	0.01422	0.00634	0.00191	0.00278	0.01264	0.00495	0.00435
48	0.50171	0.01183	0.00981	0.00854	0.01167	0.08507	0.00686	0.12768	0.11285	0.02297	0.03608	0.01215	0.02291	0.00564	0.00401	0.00158	0.00464	0.00385	0.00379	0.00635
49	0.00988	0.00738	0.00972	0.00824	0.01080	0.00641	0.05763	0.04551	0.01142	0.06860	0.02209	0.27818	0.11291	0.02805	0.00578	0.00158	0.00380	0.00834	0.04099	0.26266
50	0.03959	0.15846	0.36899	0.01163	0.01723	0.01236	0.01297	0.03772	0.05511	0.21944	0.01241	0.01255	0.00868	0.00532	0.00465	0.00153	0.00602	0.00407	0.00354	0.00771

[dist]
# distance from previous block
# <min> <max>
5	10

[block]
# block no. 7 follows, 48 sequences, length 7
# corresponding to MSA columns:
# 293-299
name=unknown_H
#
# <colnr> <probs for GDERKNQSTAVLIFYWHMCP>
#	G	D	E	R	K	N	Q	S	T	A	V	L	I	F	Y	W	H	M	C	P
0	0.01146	0.01092	0.01858	0.35178	0.47709	0.01186	0.01513	0.01466	0.01110	0.01526	0.00943	0.01310	0.00760	0.00480	0.00510	0.00160	0.00640	0.00457	0.00243	0.00713
1	0.01173	0.01253	0.02361	0.01831	0.05718	0.01316	0.43474	0.01485	0.01069	0.01527	0.00914	0.01270	0.00747	0.00567	0.00899	0.00178	0.24610	0.00523	0.00253	0.08833
2	0.01165	0.00605	0.00809	0.00745	0.00921	0.00545	0.00562	0.01349	0.01319	0.24722	0.33567	0.26060	0.03356	0.01090	0.00593	0.00174	0.00316	0.00961	0.00560	0.00580
3	0.00857	0.00612	0.00775	0.00740	0.00822	0.00669	0.00525	0.08213	0.00943	0.01301	0.01469	0.02542	0.01505	0.38602	0.37535	0.00613	0.00902	0.00629	0.00314	0.00432
4	0.01372	0.82276	0.02689	0.00878	0.01317	0.02030	0.00878	0.01536	0.01043	0.01207	0.00713	0.00823	0.00658	0.00439	0.00329	0.00110	0.00549	0.00274	0.00219	0.00658
5	0.00660	0.00496	0.00616	0.00673	0.00767	0.00452	0.00490	0.00805	0.01144	0.01499	0.18211	0.38505	0.23543	0.01398	0.00638	0.00193	0.00294	0.08685	0.00493	0.00440
6	0.68114	0.00986	0.00867	0.08749	0.01265	0.01144	0.00659	0.05965	0.00990	0.02239	0.00810	0.00962	0.00623	0.00494	0.00351	0.00158	0.00428	0.00316	0.04307	0.00572

[dist]
# distance from previous block
# <min> <max>
1	7

[block]
# block no. 8 follows, 48 sequences, length 12
# corresponding to MSA columns:
# 308-319
name=unknown_I
#
# <colnr> <probs for GDERKNQSTAVLIFYWHMCP>
#	G	D	E	R	K	N	Q	S	T	A	V	L	I	F	Y	W	H	M	C	P
0	0.01208	0.05548	0.01187	0.03401	0.01310	0.00798	0.00670	0.01465	0.03112	0.09404	0.01043	0.01151	0.00824	0.00422	0.00399	0.00092	0.00406	0.00336	0.00336	0.66890
1	0.00621	0.00520	0.00540	0.00535	0.00702	0.00439	0.00401	0.00764	0.01203	0.01466	0.13950	0.04806	0.69756	0.01270	0.00606	0.00172	0.00258	0.01064	0.00487	0.00439
2	0.01380	0.01320	0.01208	0.01089	0.01375	0.14038	0.00841	0.02617	0.65443	0.02002	0.01878	0.01754	0.01419	0.00669	0.00512	0.00167	0.00490	0.00540	0.00480	0.00777
3	0.85592	0.00992	0.00754	0.00675	0.00992	0.01151	0.00556	0.01508	0.00873	0.02302	0.00714	0.00834	0.00556	0.00476	0.00318	0.00159	0.00397	0.00278	0.00318	0.00556
4	0.00622	0.00459	0.00582	0.00681	0.00735	0.00420	0.00461	0.00718	0.01015	0.01323	0.03236	0.68432	0.16331	0.01555	0.00647	0.00202	0.00291	0.01394	0.00476	0.00420
5	0.11128	0.02057	0.51117	0.07810	0.11710	0.01159	0.01605	0.01555	0.01078	0.01704	0.03868	0.01205	0.00822	0.00506	0.00476	0.00161	0.00671	0.00404	0.00248	0.00716
6	0.00699	0.00492	0.00594	0.00622	0.00663	0.00478	0.00399	0.00769	0.00920	0.01229	0.09733	0.24121	0.09385	0.40777	0.06548	0.00380	0.00453	0.00970	0.00392	0.00376
7	0.00784	0.00646	0.00851	0.07439	0.01078	0.02868	0.00655	0.00905	0.00914	0.01235	0.01916	0.37317	0.02158	0.12383	0.16830	0.00366	0.09896	0.00953	0.00359	0.00445
8	0.00925	0.00799	0.01246	0.36433	0.08655	0.00930	0.01077	0.01184	0.01065	0.01455	0.07174	0.13068	0.01675	0.00840	0.00649	0.00183	0.07200	0.09261	0.05638	0.00545
9	0.01156	0.00776	0.01169	0.11693	0.16511	0.00767	0.00893	0.01408	0.01302	0.16016	0.30240	0.06702	0.02653	0.00839	0.00567	0.00168	0.00426	0.05626	0.00462	0.00627
10	0.01258	0.01007	0.01264	0.05545	0.01488	0.00925	0.05128	0.06609	0.16074	0.07592	0.01251	0.01326	0.00958	0.00486	0.00447	0.00117	0.00447	0.00410	0.00378	0.47290
11	0.11693	0.07920	0.12043	0.01132	0.01492	0.39649	0.00989	0.01855	0.01287	0.10414	0.01224	0.01284	0.05783	0.00573	0.00454	0.00144	0.00712	0.00397	0.00317	0.00639

[dist]
# distance from previous block
# <min> <max>
1	3

[block]
# block no. 9 follows, 48 sequences, length 21
# corresponding to MSA columns:
# 323-343
name=unknown_J
#
# <colnr> <probs for GDERKNQSTAVLIFYWHMCP>
#	G	D	E	R	K	N	Q	S	T	A	V	L	I	F	Y	W	H	M	C	P
0	0.04568	0.01579	0.01241	0.03125	0.01399	0.36423	0.02894	0.12928	0.03500	0.01726	0.09833	0.12996	0.04096	0.00777	0.00519	0.00155	0.00644	0.00617	0.00379	0.00600
1	0.01222	0.01317	0.01869	0.28818	0.07637	0.13632	0.16478	0.01494	0.01084	0.01376	0.00867	0.01238	0.00706	0.00585	0.00795	0.00176	0.19385	0.00465	0.00241	0.00613
2	0.00828	0.00509	0.00678	0.00678	0.00759	0.00552	0.00505	0.00956	0.00874	0.01359	0.01407	0.01989	0.01265	0.06894	0.38876	0.13526	0.00829	0.00523	0.26574	0.00420
3	0.00649	0.00526	0.00584	0.00613	0.00763	0.00460	0.00475	0.00797	0.01163	0.01424	0.06560	0.11638	0.57109	0.01339	0.00628	0.00187	0.00299	0.13867	0.00478	0.00440
4	0.00689	0.00523	0.00634	0.00606	0.00744	0.00468	0.00455	0.00896	0.01364	0.01848	0.55659	0.04177	0.27809	0.01127	0.00606	0.00165	0.00248	0.00976	0.00537	0.00468
5	0.00667	0.00493	0.00624	0.00654	0.00746	0.00449	0.00467	0.00831	0.01221	0.01655	0.36931	0.35172	0.15575	0.01311	0.00625	0.00182	0.00267	0.01164	0.00516	0.00449
6	0.01232	0.00638	0.00838	0.00723	0.00938	0.00568	0.00565	0.01451	0.01436	0.27171	0.47835	0.03237	0.09396	0.00933	0.00576	0.00161	0.00307	0.00805	0.00581	0.00607
7	0.01267	0.00969	0.01044	0.00957	0.01189	0.03941	0.00729	0.11060	0.35378	0.08593	0.02161	0.26584	0.01992	0.00959	0.00560	0.00179	0.00414	0.00824	0.00507	0.00694
8	0.01583	0.01125	0.01237	0.01047	0.01378	0.01243	0.00832	0.16598	0.50304	0.15875	0.01917	0.01757	0.01384	0.00670	0.00519	0.00168	0.00441	0.00547	0.00540	0.00834
9	0.01001	0.00779	0.00933	0.00757	0.01070	0.00652	0.00585	0.01302	0.06816	0.04994	0.17615	0.12736	0.02058	0.00722	0.00481	0.00123	0.00344	0.00622	0.00412	0.45996
10	0.01301	0.55723	0.24458	0.01066	0.01587	0.05566	0.01173	0.01586	0.01074	0.01329	0.00776	0.00902	0.00656	0.00457	0.00381	0.00126	0.00627	0.00307	0.00221	0.00684
11	0.04675	0.00747	0.01054	0.26996	0.01758	0.00859	0.03649	0.04072	0.01068	0.01670	0.01269	0.01619	0.01008	0.00903	0.08589	0.00218	0.03939	0.00472	0.34898	0.00536
12	0.00613	0.00496	0.00545	0.00584	0.00710	0.00428	0.00418	0.00729	0.01108	0.01361	0.04416	0.30236	0.53766	0.01401	0.00622	0.00185	0.00272	0.01207	0.00476	0.00428
13	0.00748	0.00565	0.00817	0.00812	0.00886	0.00656	0.00617	0.00902	0.00819	0.01174	0.01427	0.05095	0.01404	0.12905	0.64408	0.00737	0.04698	0.00602	0.00284	0.00444
14	0.01398	0.01144	0.01540	0.01858	0.31447	0.01223	0.01111	0.05861	0.37592	0.08856	0.01605	0.01616	0.01213	0.00594	0.00516	0.00163	0.00496	0.00521	0.00427	0.00821
15	0.00746	0.00497	0.00560	0.00560	0.00560	0.00497	0.00311	0.00746	0.00746	0.00995	0.01617	0.03358	0.01865	0.81967	0.02612	0.00497	0.00497	0.00746	0.00311	0.00311
16	0.01156	0.01314	0.06081	0.01833	0.05566	0.01362	0.40007	0.01467	0.01037	0.01482	0.00912	0.01295	0.00755	0.00730	0.03944	0.00214	0.29426	0.00530	0.00245	0.00645
17	0.07529	0.10567	0.46032	0.01299	0.01878	0.15856	0.01463	0.06765	0.01222	0.01672	0.00882	0.01019	0.00661	0.00498	0.00456	0.00151	0.00728	0.00358	0.00253	0.00711
18	0.01322	0.01151	0.01176	0.01035	0.01310	0.05629	0.00811	0.11932	0.51820	0.02166	0.08268	0.02018	0.04649	0.00736	0.00570	0.00170	0.03388	0.00594	0.00497	0.00757
19	0.00689	0.00551	0.00794	0.00811	0.00908	0.00515	0.06530	0.00852	0.03343	0.01372	0.03003	0.61914	0.13870	0.01443	0.00640	0.00200	0.00341	0.01311	0.00461	0.00453
20	0.01215	0.01076	0.01748	0.43546	0.25660	0.01205	0.04331	0.09444	0.01236	0.04165	0.01003	0.01337	0.00765	0.00508	0.00515	0.00163	0.00648	0.00465	0.00280	0.00689

[dist]
# distance from previous block
# <min> <max>
2	29

[block]
# block no. 10 follows, 48 sequences, length 16
# corresponding to MSA columns:
# 373-388
name=unknown_K
#
# <colnr> <probs for GDERKNQSTAVLIFYWHMCP>
#	G	D	E	R	K	N	Q	S	T	A	V	L	I	F	Y	W	H	M	C	P
0	0.14874	0.07729	0.34658	0.01139	0.01659	0.01132	0.04030	0.04267	0.01129	0.13128	0.01097	0.01269	0.00820	0.03969	0.03917	0.00196	0.00637	0.00406	0.00316	0.03630
1	0.32960	0.00985	0.01326	0.37859	0.08299	0.01137	0.04153	0.01419	0.00989	0.01743	0.00847	0.01146	0.00653	0.00486	0.00437	0.00161	0.00564	0.00388	0.00268	0.04181
2	0.01425	0.01093	0.01322	0.01074	0.01362	0.01198	0.06063	0.38054	0.10464	0.02314	0.01401	0.01745	0.01155	0.11329	0.15378	0.00323	0.00700	0.00537	0.02365	0.00698
3	0.00625	0.00447	0.00595	0.00714	0.00744	0.00417	0.00476	0.00714	0.00982	0.01310	0.02828	0.81633	0.03394	0.01608	0.00655	0.00208	0.00298	0.01459	0.00476	0.00417
4	0.01235	0.01411	0.02856	0.02068	0.02539	0.04675	0.68238	0.01632	0.01191	0.01598	0.01002	0.01346	0.00766	0.00470	0.00677	0.00175	0.06603	0.00583	0.00257	0.00679
5	0.01445	0.01170	0.01405	0.01501	0.20909	0.07589	0.00951	0.10103	0.10856	0.11314	0.01275	0.01448	0.01006	0.05317	0.00600	0.00156	0.00521	0.00449	0.00379	0.21607
6	0.00652	0.00522	0.00583	0.00567	0.00721	0.00452	0.00425	0.00824	0.01276	0.01640	0.32875	0.04521	0.50723	0.01205	0.00606	0.00169	0.00253	0.01024	0.00510	0.00452
7	0.00746	0.00497	0.00560	0.00560	0.00560	0.00497	0.00311	0.00746	0.00746	0.00995	0.01617	0.03358	0.01865	0.81967	0.02612	0.00497	0.00497	0.00746	0.00311	0.00311
8	0.05179	0.01466	0.06710	0.01096	0.01477	0.17275	0.00926	0.17307	0.11357	0.29713	0.01493	0.01415	0.01032	0.00601	0.00496	0.00155	0.00579	0.00457	0.00479	0.00788
9	0.17531	0.01116	0.01134	0.00928	0.01235	0.06832	0.00741	0.16258	0.04142	0.07000	0.01097	0.01325	0.00893	0.05819	0.05611	0.00205	0.07250	0.00411	0.00366	0.20106
10	0.00720	0.00537	0.00796	0.00811	0.00895	0.00613	0.00621	0.00891	0.00844	0.01206	0.01555	0.11923	0.01545	0.03569	0.70069	0.00748	0.01240	0.00663	0.00300	0.00453
11	0.06852	0.00692	0.01087	0.00943	0.01125	0.00659	0.14531	0.01045	0.01213	0.01746	0.32888	0.26827	0.06200	0.01074	0.00600	0.00178	0.00385	0.00989	0.00461	0.00505
12	0.04062	0.01931	0.01498	0.01470	0.11146	0.46959	0.01026	0.13989	0.04397	0.07256	0.01019	0.01110	0.00788	0.00546	0.00479	0.00142	0.00760	0.00388	0.00340	0.00693
13	0.40464	0.00827	0.00867	0.00953	0.10556	0.00884	0.00632	0.01259	0.01070	0.01987	0.20226	0.02179	0.08916	0.06521	0.00602	0.00184	0.00380	0.00567	0.00384	0.00541
14	0.01214	0.14313	0.15970	0.01023	0.01447	0.01075	0.05406	0.01662	0.10662	0.10138	0.15606	0.01742	0.01639	0.00604	0.00479	0.00140	0.00490	0.00504	0.00383	0.15503
15	0.01137	0.12273	0.23682	0.06453	0.02206	0.01261	0.30468	0.01541	0.01119	0.01557	0.00975	0.02802	0.00772	0.00471	0.00504	0.00150	0.00711	0.00470	0.00250	0.11197

[dist]
# distance from previous block
# <min> <max>
4	23

[block]
# block no. 11 follows, 48 sequences, length 9
# corresponding to MSA columns:
# 412-420
name=unknown_L
#
# <colnr> <probs for GDERKNQSTAVLIFYWHMCP>
#	G	D	E	R	K	N	Q	S	T	A	V	L	I	F	Y	W	H	M	C	P
0	0.04845	0.34936	0.08569	0.01213	0.08679	0.01504	0.03660	0.06213	0.10495	0.11236	0.03281	0.01261	0.00986	0.00529	0.00433	0.00140	0.00538	0.00408	0.00343	0.00731
1	0.15689	0.00773	0.00774	0.00798	0.00940	0.07295	0.00586	0.01193	0.03644	0.07691	0.02194	0.47620	0.02416	0.01202	0.00567	0.00190	0.00392	0.05081	0.00445	0.00509
2	0.08077	0.01406	0.01453	0.01276	0.05718	0.15519	0.07282	0.19662	0.22107	0.06827	0.01378	0.01403	0.01027	0.00587	0.00493	0.00156	0.00581	0.00471	0.03828	0.00747
3	0.00782	0.00526	0.00771	0.00774	0.00827	0.00588	0.00571	0.00830	0.00788	0.01107	0.01348	0.08614	0.01356	0.06502	0.45070	0.24928	0.03355	0.00602	0.00277	0.00384
4	0.01621	0.01242	0.01363	0.01024	0.01452	0.01254	0.00839	0.48932	0.01912	0.02654	0.01113	0.01170	0.00831	0.00528	0.00464	0.00125	0.00496	0.00403	0.00436	0.32139
5	0.01181	0.01063	0.01858	0.02066	0.32976	0.01038	0.18868	0.04208	0.03068	0.05347	0.13049	0.09857	0.01720	0.00677	0.00561	0.00165	0.00568	0.00671	0.00358	0.00699
6	0.00636	0.00459	0.00605	0.00718	0.00760	0.00428	0.00492	0.00736	0.01003	0.01327	0.02943	0.73342	0.07221	0.01581	0.00656	0.00208	0.00306	0.05684	0.00476	0.00421
7	0.01141	0.08496	0.01591	0.24939	0.06852	0.01013	0.11542	0.01424	0.01220	0.10822	0.18879	0.02133	0.06434	0.00675	0.00535	0.00161	0.00537	0.00612	0.00373	0.00619
8	0.00721	0.00487	0.00567	0.00592	0.00599	0.00480	0.00346	0.00739	0.00796	0.01061	0.01872	0.19850	0.02187	0.65036	0.02199	0.00437	0.00455	0.00896	0.00346	0.00333

[dist]
# distance from previous block
# <min> <max>
0	2

[block]
# block no. 12 follows, 48 sequences, length 27
# corresponding to MSA columns:
# 423-449
name=unknown_M
#
# <colnr> <probs for GDERKNQSTAVLIFYWHMCP>
#	G	D	E	R	K	N	Q	S	T	A	V	L	I	F	Y	W	H	M	C	P
0	0.01340	0.01599	0.07467	0.01234	0.04730	0.27758	0.08416	0.01640	0.05185	0.01520	0.01376	0.01490	0.08546	0.00556	0.00474	0.00129	0.00642	0.00447	0.00306	0.25146
1	0.00997	0.00789	0.01011	0.00833	0.01122	0.00725	0.00667	0.01202	0.00988	0.04629	0.01174	0.01615	0.01044	0.01625	0.27029	0.00345	0.05852	0.03616	0.00310	0.44426
2	0.09753	0.02211	0.31308	0.01416	0.04326	0.30875	0.05234	0.01750	0.01195	0.01533	0.00846	0.01023	0.00658	0.00522	0.00537	0.00154	0.05379	0.00369	0.00248	0.00664
3	0.02817	0.01955	0.40133	0.10160	0.09378	0.01301	0.01530	0.22946	0.01458	0.02063	0.01008	0.01170	0.00730	0.00524	0.00496	0.00160	0.00675	0.00417	0.00307	0.00772
4	0.01305	0.28789	0.02289	0.02377	0.52424	0.01495	0.01338	0.01562	0.01126	0.01517	0.00880	0.01118	0.00760	0.00451	0.00447	0.00138	0.00589	0.00395	0.00242	0.00760
5	0.00755	0.00513	0.00660	0.00667	0.00718	0.00548	0.00459	0.00859	0.00826	0.01188	0.01600	0.07498	0.01669	0.37266	0.33292	0.00572	0.00810	0.00684	0.09021	0.00394
6	0.01186	0.00908	0.01077	0.00775	0.01225	0.00691	0.00622	0.01412	0.01104	0.09335	0.01022	0.01132	0.00810	0.00405	0.00393	0.00084	0.00386	0.00325	0.00337	0.76770
7	0.01380	0.01222	0.01955	0.02776	0.64774	0.01239	0.01450	0.09128	0.04423	0.05056	0.01081	0.01312	0.00868	0.00490	0.00509	0.00154	0.00590	0.00465	0.00306	0.00821
8	0.05109	0.01307	0.02015	0.01516	0.01924	0.04471	0.32802	0.27261	0.01607	0.06597	0.01314	0.09251	0.01083	0.00629	0.00556	0.00167	0.00665	0.00611	0.00391	0.00727
9	0.00827	0.00468	0.00621	0.00621	0.00621	0.00468	0.00386	0.00703	0.00703	0.00937	0.01211	0.02351	0.01320	0.37077	0.02272	0.47845	0.00468	0.00578	0.00262	0.00262
10	0.46754	0.00995	0.00994	0.00813	0.01169	0.01052	0.00671	0.09659	0.01248	0.30264	0.01243	0.01206	0.00848	0.00548	0.00410	0.00158	0.00429	0.00383	0.00453	0.00704
11	0.00923	0.00496	0.00674	0.00663	0.00710	0.00510	0.00466	0.03318	0.00825	0.01208	0.01112	0.01668	0.01018	0.01715	0.09657	0.56250	0.00503	0.00464	0.17500	0.00321
12	0.00625	0.00447	0.00595	0.00714	0.00744	0.00417	0.00476	0.00714	0.00982	0.01310	0.02828	0.81633	0.03394	0.01608	0.00655	0.00208	0.00298	0.01459	0.00476	0.00417
13	0.01124	0.00779	0.00807	0.00746	0.00949	0.00860	0.00575	0.03931	0.34901	0.02052	0.01844	0.01895	0.01414	0.00642	0.00435	0.00144	0.00321	0.00523	0.45422	0.00636
14	0.48371	0.01724	0.35331	0.01021	0.01533	0.01169	0.01146	0.01560	0.00966	0.02004	0.00805	0.00943	0.00597	0.00481	0.00392	0.00160	0.00556	0.00322	0.00273	0.00645
