[name]
unknown

[dist]
# distance from previous block
# <min> <max>
0	4

[block]
# block no. 0 follows, 49 sequences, length 225
# corresponding to MSA columns:
# 4-228
name=unknown_A
#
# <colnr> <probs for GDERKNQSTAVLIFYWHMCP>
#	G	D	E	R	K	N	Q	S	T	A	V	L	I	F	Y	W	H	M	C	P
0	0.24036	0.01058	0.01093	0.00951	0.01250	0.01176	0.00785	0.28119	0.13036	0.03786	0.01535	0.03568	0.01335	0.00756	0.00496	0.00173	0.00464	0.15255	0.00449	0.00682
1	0.03216	0.01293	0.01361	0.01073	0.01451	0.08231	0.00874	0.40035	0.06878	0.28093	0.01481	0.01393	0.01011	0.00609	0.00500	0.00153	0.00534	0.00466	0.00521	0.00827
2	0.01346	0.81098	0.04032	0.00876	0.01314	0.01986	0.00883	0.01516	0.01028	0.01197	0.00707	0.00816	0.00649	0.00433	0.00327	0.00109	0.00544	0.00272	0.00216	0.00651
3	0.00878	0.00439	0.00659	0.00659	0.00659	0.00439	0.00439	0.00659	0.00659	0.00878	0.00878	0.01537	0.00878	0.01757	0.01976	0.85288	0.00439	0.00439	0.00220	0.00220
4	0.01352	0.82533	0.02650	0.00865	0.01298	0.02001	0.00865	0.01514	0.01027	0.01190	0.00703	0.00811	0.00649	0.00433	0.00324	0.00108	0.00541	0.00270	0.00216	0.00649
5	0.01014	0.02616	0.79609	0.01441	0.02189	0.01174	0.01868	0.01601	0.01068	0.01601	0.00907	0.01068	0.00641	0.00480	0.00480	0.00160	0.00747	0.00374	0.00214	0.00747
6	0.00611	0.00513	0.00531	0.00526	0.00691	0.00433	0.00395	0.00751	0.01184	0.01441	0.13430	0.04744	0.70515	0.01253	0.00598	0.00169	0.00254	0.01050	0.00479	0.00433
7	0.01233	0.01183	0.02019	0.07979	0.74344	0.01197	0.01543	0.01536	0.01143	0.01629	0.00948	0.01258	0.00793	0.00454	0.00501	0.00151	0.00605	0.00450	0.00249	0.00786
8	0.00955	0.00899	0.01517	0.81013	0.03483	0.01123	0.01404	0.01292	0.01011	0.01292	0.00899	0.01348	0.00674	0.00506	0.00506	0.00169	0.00674	0.00449	0.00225	0.00562
9	0.00616	0.00440	0.00587	0.00704	0.00733	0.00411	0.00469	0.00704	0.00968	0.01291	0.02787	0.81899	0.03344	0.01584	0.00645	0.00205	0.00293	0.01438	0.00469	0.00411
10	0.02269	0.00861	0.01174	0.00900	0.01291	0.00743	0.00743	0.02464	0.01447	0.79425	0.01995	0.01721	0.01252	0.00626	0.00509	0.00156	0.00430	0.00509	0.00626	0.00861
11	0.02236	0.00913	0.01206	0.00925	0.01317	0.00821	0.00764	0.09534	0.01535	0.72231	0.01921	0.01673	0.01215	0.00624	0.00508	0.00156	0.00442	0.00503	0.00615	0.00861
12	0.01352	0.82533	0.02650	0.00865	0.01298	0.02001	0.00865	0.01514	0.01027	0.01190	0.00703	0.00811	0.00649	0.00433	0.00324	0.00108	0.00541	0.00270	0.00216	0.00649
13	0.00735	0.00490	0.00552	0.00552	0.00552	0.00490	0.00306	0.00735	0.00735	0.00980	0.01593	0.03309	0.01838	0.82229	0.02574	0.00490	0.00490	0.00735	0.00306	0.00306
14	0.01194	0.01364	0.02984	0.02131	0.02643	0.01279	0.77238	0.01620	0.01194	0.01620	0.01023	0.01364	0.00767	0.00426	0.00597	0.00171	0.00853	0.00597	0.00256	0.00682
15	0.01252	0.01201	0.02053	0.03104	0.79074	0.01201	0.01552	0.01552	0.01151	0.01652	0.00951	0.01252	0.00801	0.00451	0.00501	0.00150	0.00601	0.00451	0.00250	0.00801
16	0.02101	0.00824	0.01120	0.00871	0.01233	0.00715	0.00715	0.02302	0.01446	0.71089	0.10268	0.01943	0.01631	0.00670	0.00518	0.00157	0.00410	0.00552	0.00618	0.00819
17	0.01194	0.01364	0.02984	0.02131	0.02643	0.01279	0.77238	0.01620	0.01194	0.01620	0.01023	0.01364	0.00767	0.00426	0.00597	0.00171	0.00853	0.00597	0.00256	0.00682
18	0.00616	0.00440	0.00587	0.00704	0.00733	0.00411	0.00469	0.00704	0.00968	0.01291	0.02787	0.81899	0.03344	0.01584	0.00645	0.00205	0.00293	0.01438	0.00469	0.00411
19	0.01543	0.01212	0.01292	0.01079	0.01415	0.01369	0.00863	0.32242	0.46484	0.04241	0.01723	0.01617	0.01267	0.00653	0.00511	0.00163	0.00463	0.00524	0.00514	0.00825
20	0.01679	0.01296	0.01381	0.01114	0.01475	0.01455	0.00902	0.50049	0.30113	0.02795	0.01523	0.01460	0.01110	0.00636	0.00509	0.00159	0.00499	0.00498	0.00509	0.00838
21	0.09588	0.01173	0.01215	0.01034	0.01357	0.01337	0.00823	0.24526	0.48451	0.02445	0.01680	0.01586	0.01247	0.00642	0.00493	0.00164	0.00445	0.00509	0.00493	0.00794
22	0.00616	0.00440	0.00587	0.00704	0.00733	0.00411	0.00469	0.00704	0.00968	0.01291	0.02787	0.81899	0.03344	0.01584	0.00645	0.00205	0.00293	0.01438	0.00469	0.00411
23	0.01194	0.01364	0.02984	0.02131	0.02643	0.01279	0.77238	0.01620	0.01194	0.01620	0.01023	0.01364	0.00767	0.00426	0.00597	0.00171	0.00853	0.00597	0.00256	0.00682
24	0.01082	0.01032	0.01764	0.47316	0.34894	0.01158	0.02723	0.01405	0.01072	0.01447	0.00923	0.01308	0.00728	0.00481	0.00505	0.00161	0.00647	0.00452	0.00236	0.00663
25	0.00616	0.00440	0.00587	0.00704	0.00733	0.00411	0.00469	0.00704	0.00968	0.01291	0.02787	0.81899	0.03344	0.01584	0.00645	0.00205	0.00293	0.01438	0.00469	0.00411
26	0.01922	0.01416	0.01518	0.01163	0.01568	0.01568	0.00961	0.77388	0.02378	0.03187	0.01214	0.01214	0.00860	0.00607	0.00506	0.00152	0.00556	0.00455	0.00506	0.00860
27	0.01044	0.09579	0.72903	0.01391	0.02111	0.01246	0.01781	0.01594	0.01064	0.01566	0.00890	0.01045	0.00641	0.00476	0.00467	0.00156	0.00729	0.00365	0.00214	0.00739
28	0.00976	0.00936	0.01610	0.73046	0.03348	0.01149	0.06138	0.01310	0.01014	0.01310	0.00898	0.01340	0.00680	0.00515	0.00555	0.00171	0.03752	0.00458	0.00227	0.00569
29	0.01889	0.02410	0.01433	0.01303	0.01563	0.80199	0.00977	0.02019	0.01433	0.01238	0.00782	0.00912	0.00651	0.00521	0.00456	0.00130	0.00912	0.00326	0.00261	0.00586
30	0.00943	0.00471	0.00471	0.00471	0.00589	0.00471	0.00353	0.01178	0.01060	0.01885	0.01650	0.01885	0.01296	0.00589	0.00353	0.00118	0.00236	0.00471	0.85036	0.00471
31	0.00650	0.00514	0.00584	0.00567	0.00715	0.00449	0.00425	0.00827	0.01276	0.01658	0.37638	0.04386	0.46171	0.01172	0.00597	0.00166	0.00248	0.01000	0.00508	0.00449
32	0.01014	0.02616	0.79609	0.01441	0.02189	0.01174	0.01868	0.01601	0.01068	0.01601	0.00907	0.01068	0.00641	0.00480	0.00480	0.00160	0.00747	0.00374	0.00214	0.00747
33	0.00626	0.00513	0.00552	0.00542	0.00701	0.00439	0.00407	0.00781	0.01220	0.01526	0.22973	0.04603	0.60918	0.01221	0.00597	0.00168	0.00252	0.01030	0.00491	0.00439
34	0.00716	0.00517	0.00676	0.00636	0.00755	0.00477	0.00477	0.00954	0.01431	0.02028	0.78808	0.03777	0.04771	0.01034	0.00596	0.00159	0.00239	0.00914	0.00557	0.00477
35	0.01379	0.01114	0.01402	0.19711	0.05343	0.01264	0.03138	0.18122	0.34641	0.06158	0.01529	0.01568	0.01127	0.00607	0.00512	0.00165	0.00520	0.00511	0.00432	0.00758
36	0.00616	0.00440	0.00587	0.00704	0.00733	0.00411	0.00469	0.00704	0.00968	0.01291	0.02787	0.81899	0.03344	0.01584	0.00645	0.00205	0.00293	0.01438	0.00469	0.00411
37	0.00616	0.00440	0.00587	0.00704	0.00733	0.00411	0.00469	0.00704	0.00968	0.01291	0.02787	0.81899	0.03344	0.01584	0.00645	0.00205	0.00293	0.01438	0.00469	0.00411
38	0.00612	0.00476	0.00557	0.00614	0.00712	0.00421	0.00431	0.00725	0.01073	0.01358	0.07275	0.43502	0.37598	0.01422	0.00622	0.00188	0.00274	0.01246	0.00473	0.00421
39	0.01049	0.07312	0.70148	0.01511	0.06946	0.01226	0.01788	0.01593	0.01070	0.01580	0.00898	0.01064	0.00651	0.00476	0.00472	0.00156	0.00726	0.00372	0.00216	0.00745
40	0.01282	0.01268	0.01997	0.05384	0.71902	0.06142	0.01511	0.01573	0.01165	0.01615	0.00939	0.01233	0.00788	0.00457	0.00498	0.00150	0.00622	0.00443	0.00250	0.00780
41	0.29023	0.01317	0.03320	0.06565	0.07507	0.08632	0.33379	0.01588	0.01090	0.01778	0.00881	0.01129	0.00679	0.00457	0.00476	0.00160	0.00676	0.00442	0.00272	0.00631
42	0.00649	0.00462	0.00614	0.00724	0.00763	0.00438	0.00504	0.00751	0.00979	0.01300	0.02698	0.67084	0.03194	0.06606	0.00773	0.00227	0.00328	0.11036	0.00459	0.00411
43	0.00612	0.00465	0.00565	0.00641	0.00718	0.00417	0.00442	0.00717	0.01037	0.01331	0.05206	0.55597	0.27477	0.01475	0.00629	0.00193	0.00280	0.01308	0.00471	0.00417
44	0.01206	0.31233	0.40667	0.01300	0.03259	0.06424	0.06328	0.01596	0.01086	0.01433	0.00834	0.00988	0.00655	0.00462	0.00431	0.00140	0.00687	0.00349	0.00221	0.00699
45	0.00856	0.00549	0.00715	0.00655	0.00803	0.00500	0.00498	0.01086	0.01420	0.09272	0.68263	0.03633	0.07785	0.01007	0.00588	0.00159	0.00257	0.00883	0.00559	0.00511
46	0.00655	0.00512	0.00578	0.00563	0.00698	0.00452	0.00412	0.00813	0.01219	0.01580	0.32624	0.04309	0.43640	0.08795	0.00783	0.00196	0.00271	0.00978	0.00487	0.00435
47	0.00730	0.00510	0.00651	0.00651	0.00685	0.00544	0.00430	0.00799	0.00765	0.01054	0.01502	0.02806	0.01620	0.52362	0.32141	0.00613	0.00819	0.00662	0.00293	0.00362
48	0.01258	0.01086	0.01143	0.01029	0.01315	0.01258	0.00800	0.02687	0.78161	0.02115	0.02058	0.01887	0.01544	0.00686	0.00515	0.00172	0.00400	0.00572	0.00515	0.00800
49	0.01802	0.02178	0.01391	0.01251	0.01518	0.66109	0.00946	0.06761	0.08110	0.01459	0.03229	0.01100	0.00863	0.00556	0.00468	0.00136	0.00826	0.00372	0.00307	0.00619
50	0.01361	0.81252	0.02630	0.00872	0.01302	0.03251	0.00867	0.01522	0.01034	0.01190	0.00704	0.00813	0.00649	0.00434	0.00327	0.00109	0.00547	0.00271	0.00217	0.00648
51	0.85801	0.00978	0.00743	0.00665	0.00978	0.01134	0.00548	0.01486	0.00861	0.02269	0.00704	0.00821	0.00548	0.00469	0.00313	0.00156	0.00391	0.00274	0.00313	0.00548
52	0.01252	0.01201	0.02053	0.03104	0.79074	0.01201	0.01552	0.01552	0.01151	0.01652	0.00951	0.01252	0.00801	0.00451	0.00501	0.00150	0.00601	0.00451	0.00250	0.00801
53	0.01014	0.02616	0.79609	0.01441	0.02189	0.01174	0.01868	0.01601	0.01068	0.01601	0.00907	0.01068	0.00641	0.00480	0.00480	0.00160	0.00747	0.00374	0.00214	0.00747
54	0.00722	0.00542	0.00813	0.00813	0.00903	0.00632	0.00632	0.00903	0.00813	0.01174	0.01354	0.01987	0.01264	0.03792	0.80225	0.00813	0.01354	0.00542	0.00271	0.00451
55	0.00606	0.00481	0.00545	0.00596	0.00705	0.00420	0.00421	0.00716	0.01072	0.01333	0.04106	0.38394	0.45998	0.01413	0.00618	0.00186	0.00272	0.01228	0.00469	0.00420
56	0.01258	0.01086	0.01143	0.01029	0.01315	0.01258	0.00800	0.02687	0.78161	0.02115	0.02058	0.01887	0.01544	0.00686	0.00515	0.00172	0.00400	0.00572	0.00515	0.00800
57	0.01105	0.01080	0.01804	0.01288	0.01762	0.00910	0.30497	0.01408	0.01105	0.01637	0.00947	0.01172	0.00756	0.00395	0.00461	0.00112	0.00561	0.00416	0.00282	0.52302
58	0.01310	0.60944	0.16527	0.00972	0.01450	0.01757	0.01035	0.03692	0.01097	0.03388	0.03271	0.00987	0.00800	0.00470	0.00371	0.00122	0.00566	0.00321	0.00246	0.00673
59	0.01090	0.01095	0.01638	0.01371	0.01425	0.01466	0.08232	0.01235	0.00816	0.01252	0.00741	0.01186	0.00711	0.01024	0.06476	0.00253	0.68739	0.00463	0.00228	0.00559
60	0.00616	0.00440	0.00587	0.00704	0.00733	0.00411	0.00469	0.00704	0.00968	0.01291	0.02787	0.81899	0.03344	0.01584	0.00645	0.00205	0.00293	0.01438	0.00469	0.00411
61	0.01228	0.01989	0.45606	0.01598	0.06261	0.01157	0.18075	0.05094	0.01196	0.09671	0.01098	0.02830	0.00803	0.00510	0.00514	0.00162	0.00712	0.00465	0.00285	0.00746
62	0.01074	0.01090	0.02041	0.44326	0.09216	0.01189	0.27129	0.01487	0.04566	0.01470	0.00998	0.01370	0.00755	0.00482	0.00537	0.00168	0.00716	0.00505	0.00250	0.00633
63	0.01014	0.02616	0.79609	0.01441	0.02189	0.01174	0.01868	0.01601	0.01068	0.01601	0.00907	0.01068	0.00641	0.00480	0.00480	0.00160	0.00747	0.00374	0.00214	0.00747
64	0.00664	0.00516	0.00604	0.00586	0.00729	0.00457	0.00443	0.00852	0.01297	0.01712	0.43168	0.04323	0.38719	0.01156	0.00599	0.00166	0.00252	0.02788	0.00515	0.00454
65	0.01154	0.01324	0.07314	0.11063	0.21839	0.01211	0.42931	0.01539	0.01148	0.01581	0.01034	0.03582	0.00830	0.00477	0.00557	0.00166	0.00747	0.00553	0.00254	0.00695
66	0.01352	0.82533	0.02650	0.00865	0.01298	0.02001	0.00865	0.01514	0.01027	0.01190	0.00703	0.00811	0.00649	0.00433	0.00324	0.00108	0.00541	0.00270	0.00216	0.00649
67	0.01014	0.02616	0.79609	0.01441	0.02189	0.01174	0.01868	0.01601	0.01068	0.01601	0.00907	0.01068	0.00641	0.00480	0.00480	0.00160	0.00747	0.00374	0.00214	0.00747
68	0.00631	0.00456	0.00600	0.00710	0.00755	0.00425	0.00492	0.00733	0.00995	0.01313	0.02924	0.70976	0.08036	0.01550	0.00647	0.00205	0.00305	0.07360	0.00469	0.00416
69	0.00724	0.00532	0.00761	0.00758	0.00836	0.00599	0.00569	0.00878	0.00839	0.01195	0.06240	0.02317	0.01579	0.16594	0.62398	0.00718	0.01142	0.00597	0.00295	0.00429
70	0.00903	0.00564	0.00734	0.00682	0.00833	0.00518	0.00519	0.01141	0.02654	0.11285	0.57619	0.08929	0.07487	0.01038	0.00591	0.00165	0.00275	0.02989	0.00552	0.00522
71	0.01489	0.01768	0.01566	0.21514	0.02092	0.44430	0.07363	0.01692	0.01235	0.01283	0.00883	0.03564	0.00750	0.00574	0.00590	0.00153	0.07797	0.00424	0.00254	0.00580
72	0.85801	0.00978	0.00743	0.00665	0.00978	0.01134	0.00548	0.01486	0.00861	0.02269	0.00704	0.00821	0.00548	0.00469	0.00313	0.00156	0.00391	0.00274	0.00313	0.00548
73	0.85801	0.00978	0.00743	0.00665	0.00978	0.01134	0.00548	0.01486	0.00861	0.02269	0.00704	0.00821	0.00548	0.00469	0.00313	0.00156	0.00391	0.00274	0.00313	0.00548
74	0.00955	0.00899	0.01517	0.81013	0.03483	0.01123	0.01404	0.01292	0.01011	0.01292	0.00899	0.01348	0.00674	0.00506	0.00506	0.00169	0.00674	0.00449	0.00225	0.00562
75	0.01205	0.00636	0.00827	0.00715	0.00929	0.00572	0.00559	0.01444	0.02938	0.26380	0.46126	0.03193	0.10561	0.00921	0.00567	0.00160	0.00304	0.00794	0.00569	0.00600
76	0.01889	0.02410	0.01433	0.01303	0.01563	0.80199	0.00977	0.02019	0.01433	0.01238	0.00782	0.00912	0.00651	0.00521	0.00456	0.00130	0.00912	0.00326	0.00261	0.00586
77	0.00616	0.00440	0.00587	0.00704	0.00733	0.00411	0.00469	0.00704	0.00968	0.01291	0.02787	0.81899	0.03344	0.01584	0.00645	0.00205	0.00293	0.01438	0.00469	0.00411
78	0.00717	0.00542	0.00665	0.00630	0.00766	0.00502	0.00473	0.00987	0.04839	0.01901	0.60833	0.03906	0.19218	0.01067	0.00593	0.00162	0.00249	0.00929	0.00538	0.00482
79	0.01052	0.11437	0.71114	0.01378	0.02090	0.01266	0.01758	0.01592	0.01063	0.01556	0.00885	0.01039	0.00641	0.00475	0.00463	0.00154	0.00725	0.00362	0.00214	0.00736
80	0.00671	0.00482	0.00636	0.00667	0.00745	0.00447	0.00474	0.00841	0.01222	0.01694	0.44394	0.39142	0.04125	0.01283	0.00619	0.00180	0.00263	0.01151	0.00517	0.00447
81	0.02046	0.01217	0.01394	0.01069	0.01469	0.01273	0.00883	0.50541	0.02044	0.30505	0.01494	0.01396	0.01000	0.00614	0.00507	0.00153	0.00511	0.00474	0.00549	0.00860
82	0.01233	0.01187	0.02011	0.06897	0.64249	0.01207	0.06221	0.01632	0.07232	0.01668	0.01040	0.01314	0.00851	0.00470	0.00508	0.00154	0.00604	0.00469	0.00270	0.00781
83	0.01205	0.00946	0.01008	0.00903	0.01151	0.03978	0.00700	0.02110	0.45358	0.09057	0.20277	0.02466	0.07082	0.00793	0.00536	0.00166	0.00375	0.00668	0.00522	0.00698
84	0.00621	0.00444	0.00591	0.00701	0.00734	0.00414	0.00470	0.00715	0.00989	0.01324	0.06218	0.78373	0.03409	0.01559	0.00643	0.00203	0.00291	0.01414	0.00473	0.00414
85	0.01869	0.02368	0.01424	0.01294	0.01555	0.77690	0.00971	0.02040	0.03872	0.01265	0.00822	0.00943	0.00680	0.00526	0.00458	0.00132	0.00896	0.00333	0.00269	0.00593
86	0.00716	0.00517	0.00676	0.00636	0.00755	0.00477	0.00477	0.00954	0.01431	0.02028	0.78808	0.03777	0.04771	0.01034	0.00596	0.00159	0.00239	0.00914	0.00557	0.00477
87	0.01338	0.79305	0.05759	0.00889	0.01334	0.01967	0.00906	0.01518	0.01029	0.01206	0.00711	0.00822	0.00649	0.00435	0.00331	0.00110	0.00549	0.00275	0.00216	0.00653
88	0.00663	0.00460	0.00573	0.00645	0.00662	0.00442	0.00406	0.00716	0.00877	0.01170	0.02321	0.51240	0.02757	0.33044	0.01398	0.00316	0.00370	0.01164	0.00406	0.00370
89	0.19614	0.05700	0.03822	0.01013	0.01390	0.01395	0.00859	0.41310	0.10845	0.05762	0.02756	0.01255	0.00950	0.00583	0.00457	0.00153	0.00497	0.00429	0.00447	0.00764
90	0.01081	0.01038	0.01761	0.44917	0.31156	0.01184	0.03769	0.01393	0.01054	0.01430	0.00907	0.01298	0.00723	0.00507	0.00579	0.00165	0.05698	0.00454	0.00235	0.00653
91	0.00639	0.00513	0.00571	0.00564	0.00714	0.00445	0.00423	0.00802	0.01234	0.01572	0.27871	0.06731	0.52353	0.01215	0.00600	0.00169	0.00256	0.02390	0.00497	0.00443
92	0.01043	0.02059	0.50762	0.01333	0.01899	0.06010	0.08022	0.01565	0.04644	0.01678	0.14586	0.01594	0.01415	0.00584	0.00511	0.00159	0.00662	0.00493	0.00294	0.00687
93	0.14711	0.04030	0.11557	0.05420	0.05475	0.00994	0.02253	0.02602	0.05621	0.08573	0.05878	0.02969	0.01219	0.03341	0.18809	0.00319	0.04798	0.00493	0.00333	0.00608
94	0.00809	0.00604	0.00698	0.00694	0.00844	0.00585	0.00511	0.01167	0.14183	0.05101	0.15807	0.26802	0.27870	0.01200	0.00593	0.00179	0.00296	0.01043	0.00498	0.00513
95	0.04126	0.00863	0.01164	0.00894	0.01284	0.00752	0.00739	0.02443	0.01434	0.77709	0.01966	0.01701	0.01236	0.00622	0.00504	0.00156	0.00429	0.00503	0.00619	0.00854
96	0.05599	0.03121	0.39558	0.01931	0.28317	0.06265	0.01572	0.03272	0.01136	0.01653	0.00944	0.02683	0.00749	0.00496	0.00479	0.00155	0.00673	0.00413	0.00246	0.00739
97	0.01028	0.01010	0.01820	0.59193	0.11867	0.01158	0.13954	0.01375	0.01057	0.01387	0.00925	0.01340	0.00704	0.00486	0.00520	0.00167	0.00695	0.00474	0.00233	0.00609
98	0.00608	0.00498	0.00537	0.00559	0.00697	0.00426	0.00407	0.00734	0.01130	0.01387	0.08653	0.20742	0.59210	0.01330	0.00607	0.00177	0.00263	0.01136	0.00474	0.00426
99	0.01714	0.00835	0.01061	0.00856	0.01164	0.00786	0.00691	0.10952	0.05252	0.43585	0.22955	0.02306	0.04053	0.00754	0.00535	0.00158	0.00387	0.00630	0.00584	0.00742
100	0.01564	0.12066	0.18609	0.01346	0.10728	0.04651	0.05435	0.01860	0.01241	0.29605	0.03828	0.04526	0.01125	0.00582	0.00488	0.00152	0.00568	0.00487	0.00392	0.00749
101	0.01133	0.09707	0.41505	0.14313	0.07371	0.05406	0.03658	0.03252	0.02602	0.01525	0.00904	0.01122	0.00685	0.00503	0.00527	0.00157	0.04305	0.00394	0.00234	0.00696
102	0.01546	0.39596	0.04187	0.06076	0.01573	0.30081	0.00972	0.06581	0.02675	0.01370	0.00807	0.00934	0.00681	0.00486	0.00403	0.00125	0.00687	0.00322	0.00257	0.00640
103	0.01177	0.07832	0.01306	0.05929	0.04897	0.00884	0.02044	0.03251	0.02832	0.06628	0.02542	0.01182	0.00871	0.00434	0.00407	0.00100	0.00431	0.00354	0.00321	0.56579
104	0.01454	0.18624	0.21132	0.01236	0.01706	0.06260	0.07185	0.24288	0.03002	0.04131	0.01060	0.03512	0.00835	0.00559	0.00502	0.00149	0.02866	0.00432	0.00333	0.00734
105	0.00634	0.00490	0.00578	0.00605	0.00718	0.00435	0.00435	0.00777	0.01165	0.01511	0.23165	0.29095	0.35952	0.01314	0.00613	0.00179	0.00264	0.01146	0.00492	0.00435
106	0.01119	0.01108	0.01607	0.01581	0.12897	0.01477	0.01162	0.01260	0.00831	0.01281	0.00722	0.01148	0.00698	0.00885	0.03234	0.00224	0.67506	0.00446	0.00227	0.00588
107	0.00670	0.00472	0.00593	0.00660	0.00677	0.00463	0.00421	0.00726	0.00878	0.01174	0.02301	0.51051	0.02731	0.31591	0.01383	0.00312	0.01963	0.01157	0.00404	0.00375
108	0.00690	0.00548	0.01866	0.00739	0.02536	0.00487	0.00546	0.00864	0.01179	0.01574	0.26362	0.28933	0.19200	0.01287	0.00622	0.00186	0.00306	0.11135	0.00487	0.00455
109	0.00616	0.00440	0.00587	0.00704	0.00733	0.00411	0.00469	0.00704	0.00968	0.01291	0.02787	0.81899	0.03344	0.01584	0.00645	0.00205	0.00293	0.01438	0.00469	0.00411
110	0.85801	0.00978	0.00743	0.00665	0.00978	0.01134	0.00548	0.01486	0.00861	0.02269	0.00704	0.00821	0.00548	0.00469	0.00313	0.00156	0.00391	0.00274	0.00313	0.00548
111	0.01194	0.01364	0.02984	0.02131	0.02643	0.01279	0.77238	0.01620	0.01194	0.01620	0.01023	0.01364	0.00767	0.00426	0.00597	0.00171	0.00853	0.00597	0.00256	0.00682
112	0.00616	0.00440	0.00587	0.00704	0.00733	0.00411	0.00469	0.00704	0.00968	0.01291	0.02787	0.81899	0.03344	0.01584	0.00645	0.00205	0.00293	0.01438	0.00469	0.00411
113	0.00600	0.00504	0.00521	0.00535	0.00689	0.00425	0.00394	0.00723	0.01131	0.01357	0.04849	0.13882	0.70030	0.01316	0.00603	0.00175	0.00260	0.01111	0.00470	0.00425
114	0.01414	0.63838	0.08121	0.00974	0.01406	0.12676	0.00957	0.03277	0.01116	0.01271	0.00740	0.00853	0.00653	0.00452	0.00358	0.00116	0.00607	0.00290	0.00229	0.00652
115	0.01256	0.07037	0.44335	0.01463	0.09517	0.03373	0.03881	0.05215	0.02893	0.10128	0.05300	0.01318	0.00983	0.00530	0.00487	0.00155	0.00649	0.00433	0.00304	0.00744
116	0.05577	0.33482	0.06563	0.01103	0.01525	0.03506	0.08096	0.24331	0.03604	0.03533	0.00993	0.01130	0.00793	0.03102	0.00497	0.00148	0.00581	0.00392	0.00332	0.00712
117	0.00722	0.00542	0.00813	0.00813	0.00903	0.00632	0.00632	0.00903	0.00813	0.01174	0.01354	0.01987	0.01264	0.03792	0.80225	0.00813	0.01354	0.00542	0.00271	0.00451
118	0.00665	0.00548	0.00582	0.00592	0.00742	0.00496	0.00436	0.00883	0.06975	0.01397	0.04317	0.14560	0.56583	0.05687	0.00708	0.00195	0.00291	0.03431	0.00464	0.00448
119	0.02474	0.02978	0.08579	0.01509	0.05894	0.01328	0.22094	0.14260	0.25367	0.03080	0.01344	0.01442	0.01010	0.00575	0.00597	0.00167	0.05657	0.00517	0.00376	0.00752
120	0.01003	0.00954	0.01483	0.37835	0.07131	0.01229	0.01217	0.01237	0.00911	0.01274	0.00867	0.01325	0.00745	0.01012	0.09917	0.00259	0.30353	0.00457	0.00230	0.00561
121	0.00640	0.00512	0.00573	0.00561	0.00710	0.00445	0.00419	0.00807	0.01249	0.01602	0.31492	0.06158	0.50652	0.01199	0.00598	0.00167	0.00251	0.01021	0.00501	0.00445
122	0.02269	0.00861	0.01174	0.00900	0.01291	0.00743	0.00743	0.02464	0.01447	0.79425	0.01995	0.01721	0.01252	0.00626	0.00509	0.00156	0.00430	0.00509	0.00626	0.00861
123	0.01360	0.01388	0.09341	0.01539	0.01976	0.01279	0.32138	0.24959	0.08498	0.02124	0.01334	0.05208	0.01087	0.00616	0.00558	0.00169	0.00664	0.04657	0.00373	0.00730
124	0.01014	0.02616	0.79609	0.01441	0.02189	0.01174	0.01868	0.01601	0.01068	0.01601	0.00907	0.01068	0.00641	0.00480	0.00480	0.00160	0.00747	0.00374	0.00214	0.00747
125	0.00690	0.00531	0.00554	0.00538	0.00718	0.00446	0.00407	0.00827	0.01181	0.05475	0.08317	0.04653	0.71437	0.01235	0.00593	0.00169	0.00264	0.01031	0.00482	0.00452
126	0.01850	0.02352	0.01519	0.01349	0.01623	0.75812	0.05216	0.01997	0.01420	0.01259	0.00795	0.00937	0.00658	0.00516	0.00464	0.00133	0.00909	0.00341	0.00260	0.00592
127	0.01069	0.02235	0.56326	0.01651	0.02327	0.01206	0.24770	0.01607	0.01106	0.01607	0.00943	0.01158	0.00679	0.00464	0.00516	0.00163	0.00779	0.00441	0.00226	0.00727
128	0.01222	0.01178	0.02028	0.10399	0.69837	0.01196	0.03650	0.01529	0.01139	0.01617	0.00948	0.01264	0.00788	0.00455	0.00504	0.00152	0.00615	0.00455	0.00248	0.00775
129	0.00616	0.00440	0.00587	0.00704	0.00733	0.00411	0.00469	0.00704	0.00968	0.01291	0.02787	0.81899	0.03344	0.01584	0.00645	0.00205	0.00293	0.01438	0.00469	0.00411
130	0.01622	0.00872	0.01161	0.00924	0.01234	0.00829	0.04942	0.15369	0.01574	0.35571	0.22605	0.03838	0.05643	0.00769	0.00543	0.00159	0.00414	0.00656	0.00555	0.00719
131	0.01171	0.01245	0.02565	0.01904	0.02326	0.01159	0.61726	0.01504	0.01205	0.01638	0.01443	0.16684	0.01337	0.00704	0.00642	0.00193	0.00771	0.00782	0.00327	0.00675
132	0.01110	0.01031	0.07442	0.25808	0.15232	0.01020	0.04852	0.01396	0.01047	0.09165	0.03578	0.01563	0.01013	0.02920	0.14583	0.00287	0.06544	0.00494	0.00290	0.00624
133	0.85801	0.00978	0.00743	0.00665	0.00978	0.01134	0.00548	0.01486	0.00861	0.02269	0.00704	0.00821	0.00548	0.00469	0.00313	0.00156	0.00391	0.00274	0.00313	0.00548
134	0.01014	0.02616	0.79609	0.01441	0.02189	0.01174	0.01868	0.01601	0.01068	0.01601	0.00907	0.01068	0.00641	0.00480	0.00480	0.00160	0.00747	0.00374	0.00214	0.00747
135	0.00601	0.00512	0.00517	0.00516	0.00685	0.00428	0.00387	0.00733	0.01161	0.01387	0.07420	0.04833	0.76558	0.01273	0.00598	0.00170	0.00256	0.01062	0.00472	0.00428
136	0.01751	0.05570	0.01492	0.01178	0.01506	0.25086	0.00943	0.36754	0.13297	0.02263	0.01163	0.01200	0.00881	0.00596	0.00532	0.00149	0.04061	0.00424	0.00408	0.00746
137	0.00721	0.00530	0.00609	0.00580	0.00740	0.00462	0.00438	0.00898	0.01280	0.05160	0.35157	0.04278	0.45021	0.01150	0.00593	0.00165	0.00257	0.00979	0.00512	0.00467
138	0.27451	0.01322	0.01228	0.00993	0.01352	0.10193	0.00809	0.35984	0.01688	0.12704	0.01113	0.01127	0.00793	0.00558	0.00442	0.00151	0.00530	0.00393	0.00435	0.00734
139	0.01283	0.41436	0.14870	0.01513	0.13755	0.05166	0.12459	0.01572	0.01096	0.01393	0.00825	0.01007	0.00689	0.00446	0.00423	0.00133	0.00646	0.00366	0.00229	0.00690
140	0.00630	0.00463	0.00646	0.00739	0.00780	0.00432	0.02355	0.00727	0.00974	0.01299	0.02744	0.79921	0.03281	0.01556	0.00644	0.00205	0.00307	0.01417	0.00464	0.00417
141	0.01566	0.01018	0.01153	0.00990	0.01308	0.01101	0.00783	0.02619	0.54795	0.25663	0.02039	0.01836	0.01455	0.00668	0.00513	0.00167	0.00409	0.00552	0.00548	0.00819
142	0.01331	0.01317	0.13705	0.01147	0.01530	0.01137	0.08133	0.28807	0.09149	0.04592	0.05835	0.05975	0.09494	0.00762	0.00543	0.00166	0.00530	0.04701	0.00436	0.00711
143	0.01175	0.01234	0.02355	0.01749	0.02175	0.01217	0.52499	0.01842	0.20840	0.01760	0.05109	0.03185	0.01211	0.00545	0.00577	0.00171	0.00696	0.00622	0.00341	0.00697
144	0.00723	0.00510	0.00667	0.00674	0.00715	0.00548	0.00457	0.00807	0.00782	0.01082	0.01556	0.07102	0.01672	0.43607	0.36263	0.00615	0.00855	0.00690	0.00300	0.00375
145	0.01352	0.82533	0.02650	0.00865	0.01298	0.02001	0.00865	0.01514	0.01027	0.01190	0.00703	0.00811	0.00649	0.00433	0.00324	0.00108	0.00541	0.00270	0.00216	0.00649
146	0.00616	0.00440	0.00587	0.00704	0.00733	0.00411	0.00469	0.00704	0.00968	0.01291	0.02787	0.81899	0.03344	0.01584	0.00645	0.00205	0.00293	0.01438	0.00469	0.00411
147	0.01049	0.00899	0.01049	0.00749	0.01198	0.00674	0.00599	0.01273	0.01049	0.01648	0.00899	0.01049	0.00749	0.00374	0.00374	0.00075	0.00374	0.00300	0.00300	0.85320
148	0.01923	0.01208	0.01363	0.01068	0.01451	0.01285	0.00875	0.44811	0.13345	0.24908	0.01563	0.01459	0.01074	0.00624	0.00508	0.00156	0.00497	0.00488	0.00542	0.00851
149	0.01301	0.70405	0.14329	0.00953	0.01433	0.01875	0.01017	0.01527	0.01034	0.01252	0.00734	0.00850	0.00648	0.00440	0.00348	0.00116	0.00572	0.00286	0.00216	0.00664
150	0.00735	0.00490	0.00552	0.00552	0.00552	0.00490	0.00306	0.00735	0.00735	0.00980	0.01593	0.03309	0.01838	0.82229	0.02574	0.00490	0.00490	0.00735	0.00306	0.00306
151	0.00609	0.00469	0.00557	0.00626	0.00713	0.00417	0.00435	0.00713	0.01043	0.01321	0.03732	0.50737	0.33896	0.01461	0.00626	0.00191	0.00278	0.01288	0.00469	0.00417
152	0.00895	0.00888	0.01743	0.01389	0.01655	0.00830	0.37552	0.01147	0.01081	0.01452	0.01991	0.41148	0.03910	0.01018	0.00621	0.00188	0.00563	0.01023	0.00366	0.00542
153	0.03740	0.03956	0.03551	0.02919	0.02991	0.19673	0.09877	0.07146	0.02627	0.01490	0.01098	0.01339	0.05596	0.00696	0.00930	0.00176	0.30843	0.00464	0.00280	0.00608
154	0.01428	0.32161	0.10769	0.01510	0.14874	0.18966	0.06574	0.01673	0.01163	0.03759	0.00847	0.01010	0.00702	0.00475	0.00452	0.00134	0.02219	0.00359	0.00247	0.00679
155	0.00666	0.00515	0.00607	0.00584	0.00725	0.00456	0.00438	0.00858	0.01314	0.01749	0.47709	0.04237	0.36044	0.01138	0.00597	0.00164	0.00246	0.00979	0.00520	0.00456
156	0.00707	0.00522	0.00667	0.00669	0.00791	0.00482	0.00517	0.00919	0.01316	0.01795	0.50110	0.08734	0.16306	0.01165	0.00616	0.00176	0.00282	0.13240	0.00523	0.00463
157	0.00892	0.01815	0.48903	0.01228	0.01721	0.00922	0.05039	0.01304	0.01044	0.01501	0.01553	0.26884	0.01560	0.00851	0.00544	0.00177	0.00601	0.02528	0.00303	0.00630
158	0.01306	0.04443	0.03443	0.07250	0.56866	0.01146	0.01375	0.01594	0.01154	0.08438	0.01025	0.01261	0.00819	0.00463	0.00484	0.00144	0.00573	0.00435	0.00284	0.07496
159	0.01335	0.01495	0.01422	0.01259	0.01360	0.28889	0.01006	0.01460	0.01009	0.01219	0.00786	0.01141	0.00730	0.01098	0.10435	0.00259	0.43890	0.00413	0.00241	0.00553
160	0.00618	0.00447	0.00585	0.00690	0.00731	0.00414	0.00464	0.00713	0.00994	0.01318	0.05268	0.74679	0.08114	0.01548	0.00641	0.00202	0.00289	0.01398	0.00472	0.00414
161	0.52599	0.01317	0.01035	0.00921	0.01168	0.18688	0.00739	0.01558	0.00972	0.01859	0.00714	0.00891	0.00591	0.00553	0.00577	0.00162	0.14501	0.00314	0.00285	0.00557
162	0.01249	0.01176	0.01963	0.12267	0.66318	0.01210	0.01506	0.05214	0.01194	0.01684	0.00958	0.01261	0.00789	0.00465	0.00501	0.00152	0.00607	0.00451	0.00260	0.00775
163	0.00683	0.00573	0.00601	0.00588	0.00761	0.00522	0.00442	0.00963	0.09491	0.01521	0.13204	0.06745	0.59712	0.01197	0.00590	0.00171	0.00271	0.01007	0.00484	0.00472
164	0.00598	0.00512	0.00512	0.00512	0.00683	0.00427	0.00384	0.00726	0.01153	0.01366	0.05123	0.04866	0.78869	0.01281	0.00598	0.00171	0.00256	0.01067	0.00470	0.00427
165	0.00999	0.00883	0.01394	0.14275	0.33170	0.00934	0.01093	0.01218	0.01034	0.01420	0.03322	0.04585	0.03278	0.16728	0.00993	0.00235	0.04191	0.09358	0.00300	0.00588
166	0.60419	0.00942	0.00874	0.00736	0.01073	0.01016	0.00607	0.01784	0.01039	0.25713	0.01096	0.01095	0.00762	0.00517	0.00372	0.00156	0.00403	0.00345	0.00408	0.00643
167	0.01084	0.01031	0.01750	0.47104	0.36383	0.01157	0.01469	0.01405	0.01072	0.01449	0.00922	0.01306	0.00729	0.00482	0.00503	0.00161	0.00642	0.00450	0.00236	0.00666
168	0.01177	0.01332	0.02882	0.07583	0.02701	0.01268	0.71997	0.01597	0.01181	0.01597	0.01014	0.01363	0.00761	0.00432	0.00590	0.00170	0.00840	0.00587	0.00254	0.00674
169	0.01352	0.82533	0.02650	0.00865	0.01298	0.02001	0.00865	0.01514	0.01027	0.01190	0.00703	0.00811	0.00649	0.00433	0.00324	0.00108	0.00541	0.00270	0.00216	0.00649
170	0.01654	0.01010	0.01197	0.00906	0.01313	0.00930	0.00738	0.19321	0.05357	0.27420	0.02578	0.01390	0.01040	0.00536	0.00459	0.00125	0.00434	0.00427	0.00468	0.32697
171	0.01571	0.01264	0.05872	0.01085	0.01449	0.01305	0.00911	0.27807	0.40214	0.10364	0.01699	0.01595	0.01230	0.00641	0.00509	0.00163	0.00476	0.00514	0.00505	0.00824
172	0.01831	0.11040	0.01564	0.01256	0.01535	0.71776	0.00965	0.01965	0.01389	0.01232	0.00773	0.00901	0.00651	0.00512	0.00442	0.00128	0.00872	0.00320	0.00256	0.00593
173	0.04846	0.00944	0.01138	0.05531	0.01382	0.00830	0.00717	0.08426	0.03115	0.20654	0.01213	0.01255	0.00887	0.00475	0.00427	0.00113	0.00423	0.00378	0.00398	0.46846
174	0.01184	0.01251	0.01541	0.44917	0.07544	0.16488	0.01273	0.01434	0.01055	0.01290	0.00833	0.01210	0.00676	0.00580	0.00723	0.00170	0.16594	0.00424	0.00233	0.00580
175	0.00739	0.00620	0.00659	0.00629	0.00774	0.04891	0.00472	0.00932	0.01332	0.01747	0.48071	0.04008	0.31090	0.01094	0.00589	0.00162	0.00282	0.00936	0.00509	0.00465
176	0.00735	0.00490	0.00552	0.00552	0.00552	0.00490	0.00306	0.00735	0.00735	0.00980	0.01593	0.03309	0.01838	0.82229	0.02574	0.00490	0.00490	0.00735	0.00306	0.00306
177	0.00735	0.00490	0.00552	0.00552	0.00552	0.00490	0.00306	0.00735	0.00735	0.00980	0.01593	0.03309	0.01838	0.82229	0.02574	0.00490	0.00490	0.00735	0.00306	0.00306
178	0.01258	0.01086	0.01143	0.01029	0.01315	0.01258	0.00800	0.02687	0.78161	0.02115	0.02058	0.01887	0.01544	0.00686	0.00515	0.00172	0.00400	0.00572	0.00515	0.00800
179	0.01206	0.01297	0.02736	0.05817	0.02551	0.01217	0.66430	0.01608	0.01183	0.03995	0.01039	0.01354	0.00776	0.00433	0.00576	0.00164	0.00801	0.00568	0.00268	0.05978
180	0.02051	0.01205	0.01336	0.01044	0.01428	0.06091	0.00854	0.34496	0.05306	0.38431	0.01588	0.01461	0.01060	0.00614	0.00504	0.00153	0.00513	0.00477	0.00547	0.00840
181	0.00722	0.00542	0.00813	0.00813	0.00903	0.00632	0.00632	0.00903	0.00813	0.01174	0.01354	0.01987	0.01264	0.03792	0.80225	0.00813	0.01354	0.00542	0.00271	0.00451
182	0.00613	0.00509	0.00536	0.00538	0.00695	0.00432	0.00400	0.00752	0.01176	0.01442	0.13973	0.09137	0.65518	0.01268	0.00600	0.00171	0.00256	0.01070	0.00480	0.00432
183	0.01459	0.01248	0.05878	0.01582	0.02025	0.01137	0.39244	0.09966	0.05557	0.17906	0.01429	0.01785	0.01086	0.00582	0.00567	0.00170	0.00672	0.06588	0.00388	0.00730
184	0.00955	0.00899	0.01517	0.81013	0.03483	0.01123	0.01404	0.01292	0.01011	0.01292	0.00899	0.01348	0.00674	0.00506	0.00506	0.00169	0.00674	0.00449	0.00225	0.00562
185	0.01334	0.01161	0.00875	0.00797	0.00989	0.24813	0.00607	0.09525	0.01313	0.01827	0.01340	0.01518	0.01054	0.00570	0.00401	0.00125	0.00475	0.00425	0.50302	0.00547
186	0.01252	0.01201	0.02053	0.03104	0.79074	0.01201	0.01552	0.01552	0.01151	0.01652	0.00951	0.01252	0.00801	0.00451	0.00501	0.00150	0.00601	0.00451	0.00250	0.00801
187	0.02269	0.00861	0.01174	0.00900	0.01291	0.00743	0.00743	0.02464	0.01447	0.79425	0.01995	0.01721	0.01252	0.00626	0.00509	0.00156	0.00430	0.00509	0.00626	0.00861
188	0.01252	0.01201	0.02053	0.03104	0.79074	0.01201	0.01552	0.01552	0.01151	0.01652	0.00951	0.01252	0.00801	0.00451	0.00501	0.00150	0.00601	0.00451	0.00250	0.00801
189	0.00608	0.00513	0.00527	0.00523	0.00690	0.00431	0.00393	0.00746	0.01178	0.01426	0.11784	0.04768	0.72170	0.01258	0.00598	0.00170	0.00255	0.01053	0.00477	0.00431
190	0.00955	0.00899	0.01517	0.81013	0.03483	0.01123	0.01404	0.01292	0.01011	0.01292	0.00899	0.01348	0.00674	0.00506	0.00506	0.00169	0.00674	0.00449	0.00225	0.00562
191	0.85801	0.00978	0.00743	0.00665	0.00978	0.01134	0.00548	0.01486	0.00861	0.02269	0.00704	0.00821	0.00548	0.00469	0.00313	0.00156	0.00391	0.00274	0.00313	0.00548
192	0.02269	0.00861	0.01174	0.00900	0.01291	0.00743	0.00743	0.02464	0.01447	0.79425	0.01995	0.01721	0.01252	0.00626	0.00509	0.00156	0.00430	0.00509	0.00626	0.00861
193	0.00616	0.00440	0.00587	0.00704	0.00733	0.00411	0.00469	0.00704	0.00968	0.01291	0.02787	0.81899	0.03344	0.01584	0.00645	0.00205	0.00293	0.01438	0.00469	0.00411
194	0.01967	0.00951	0.01241	0.01117	0.08589	0.02178	0.00820	0.07468	0.06883	0.55193	0.02023	0.01837	0.06050	0.00652	0.00513	0.00157	0.00450	0.00536	0.00559	0.00819
195	0.07496	0.00868	0.01147	0.00885	0.01271	0.00768	0.00731	0.02403	0.01411	0.74597	0.01914	0.01665	0.01208	0.00616	0.00496	0.00156	0.00428	0.00494	0.00606	0.00841
196	0.00605	0.00498	0.00532	0.00555	0.00695	0.00425	0.00404	0.00728	0.01123	0.01370	0.06743	0.20405	0.61500	0.01335	0.00607	0.00177	0.00263	0.01138	0.00472	0.00425
197	0.01298	0.01113	0.01223	0.01167	0.06196	0.01273	0.00857	0.07137	0.68756	0.02151	0.01938	0.01806	0.01456	0.00667	0.00513	0.00169	0.00422	0.00557	0.00497	0.00804
198	0.01088	0.01041	0.01804	0.43527	0.33589	0.01153	0.06190	0.01414	0.01079	0.01467	0.00941	0.01320	0.00742	0.00480	0.00507	0.00160	0.00648	0.00459	0.01726	0.00663
199	0.01049	0.00899	0.01049	0.00749	0.01198	0.00674	0.00599	0.01273	0.01049	0.01648	0.00899	0.01049	0.00749	0.00374	0.00374	0.00075	0.00374	0.00300	0.00300	0.85320
200	0.01228	0.01060	0.01115	0.01006	0.01286	0.01220	0.00781	0.02598	0.74650	0.02081	0.02198	0.02022	0.05069	0.00713	0.00518	0.00171	0.00394	0.00594	0.00512	0.00783
201	0.01513	0.01674	0.01259	0.01062	0.01397	0.40661	0.00823	0.06399	0.01331	0.01531	0.00952	0.01232	0.00819	0.00516	0.00440	0.00116	0.00660	0.04233	0.00302	0.33080
202	0.00775	0.00533	0.00657	0.00621	0.00768	0.00476	0.00467	0.00973	0.01332	0.06649	0.49651	0.07728	0.25276	0.01104	0.00594	0.00164	0.00258	0.00957	0.00532	0.00484
203	0.01991	0.01186	0.01464	0.01117	0.01519	0.01219	0.05644	0.41136	0.04268	0.32784	0.01533	0.01442	0.01028	0.00605	0.00513	0.00155	0.00521	0.00488	0.00537	0.00847
204	0.01215	0.00733	0.00929	0.00799	0.01007	0.00732	0.00630	0.06286	0.07184	0.20053	0.42953	0.02864	0.05647	0.00885	0.00631	0.00163	0.05389	0.00741	0.00543	0.00618
205	0.00598	0.00512	0.00512	0.00512	0.00683	0.00427	0.00384	0.00726	0.01153	0.01366	0.05123	0.04866	0.78869	0.01281	0.00598	0.00171	0.00256	0.01067	0.00470	0.00427
206	0.00618	0.00447	0.00585	0.00690	0.00731	0.00414	0.00464	0.00712	0.00993	0.01316	0.05055	0.74898	0.08110	0.01550	0.00641	0.00202	0.00290	0.01400	0.00472	0.00414
207	0.05298	0.01585	0.02225	0.01688	0.02094	0.23320	0.42637	0.01808	0.02640	0.08252	0.01035	0.01247	0.00778	0.00488	0.00561	0.00159	0.02733	0.00495	0.00295	0.00664
208	0.01019	0.01080	0.02240	0.01714	0.03368	0.01014	0.52619	0.01340	0.01124	0.01520	0.01558	0.25833	0.01551	0.00779	0.00610	0.00181	0.00678	0.00850	0.00321	0.00602
209	0.00870	0.00703	0.00725	0.00685	0.00887	0.00717	0.00524	0.01458	0.27428	0.01700	0.04746	0.03441	0.41154	0.00983	0.00537	0.00164	0.00302	0.00817	0.11597	0.00561
210	0.39785	0.15550	0.01360	0.01017	0.04750	0.26124	0.00789	0.02785	0.01105	0.01744	0.00747	0.00873	0.00614	0.00480	0.00371	0.00140	0.00592	0.00300	0.00280	0.00593
211	0.00686	0.00516	0.00635	0.00605	0.00737	0.00465	0.00454	0.00897	0.01361	0.01862	0.60304	0.04051	0.23378	0.01096	0.00597	0.00162	0.00243	0.00953	0.00535	0.00465
212	0.01140	0.01175	0.02187	0.01636	0.05529	0.01039	0.43925	0.01482	0.01135	0.01632	0.00971	0.01236	0.00762	0.00407	0.00506	0.00132	0.00655	0.00474	0.00273	0.33705
213	0.01345	0.17624	0.40568	0.01285	0.01864	0.01267	0.08434	0.01748	0.01140	0.16842	0.01088	0.01175	0.00775	0.00503	0.00490	0.00152	0.02259	0.00402	0.00299	0.00741
214	0.01111	0.01058	0.01799	0.39923	0.43350	0.01165	0.01482	0.01429	0.01085	0.01482	0.00926	0.01297	0.00741	0.00477	0.00503	0.00159	0.00635	0.00450	0.00238	0.00688
215	0.00625	0.00517	0.00550	0.00561	0.00714	0.00448	0.00418	0.00783	0.02650	0.01415	0.09065	0.13266	0.62845	0.01291	0.00604	0.00175	0.00267	0.02894	0.00475	0.00436
216	0.00702	0.00476	0.00561	0.00594	0.00602	0.00468	0.00352	0.00727	0.00800	0.01067	0.01927	0.25293	0.02260	0.59670	0.02034	0.00411	0.00435	0.00932	0.00352	0.00336
217	0.01039	0.00995	0.01224	0.01097	0.01160	0.07953	0.00879	0.02975	0.00880	0.01236	0.00982	0.01531	0.00946	0.06932	0.28461	0.00431	0.40027	0.00485	0.00254	0.00513
218	0.01383	0.01003	0.01155	0.01030	0.01298	0.01086	0.00855	0.31118	0.15142	0.05780	0.01972	0.05528	0.01811	0.00936	0.00581	0.00186	0.00482	0.27461	0.00497	0.00694
219	0.00836	0.00617	0.00752	0.00778	0.00882	0.00623	0.00555	0.10404	0.06802	0.01665	0.10667	0.57705	0.03057	0.01339	0.00613	0.00191	0.00328	0.01197	0.00487	0.00502
220	0.00656	0.00469	0.00598	0.00662	0.00713	0.00440	0.00448	0.00762	0.01029	0.01381	0.15982	0.49261	0.08111	0.14090	0.00937	0.00240	0.00317	0.03036	0.00459	0.00408
221	0.01529	0.48368	0.04567	0.01119	0.04691	0.22662	0.00963	0.08219	0.01258	0.01407	0.00785	0.00899	0.00674	0.00473	0.00387	0.00121	0.00650	0.00312	0.00254	0.00660
222	0.01014	0.02616	0.79609	0.01441	0.02189	0.01174	0.01868	0.01601	0.01068	0.01601	0.00907	0.01068	0.00641	0.00480	0.00480	0.00160	0.00747	0.00374	0.00214	0.00747
223	0.00766	0.00569	0.00660	0.00657	0.00813	0.00520	0.00508	0.04564	0.01250	0.03980	0.17256	0.13454	0.40491	0.01235	0.00610	0.00180	0.00306	0.11219	0.00491	0.00473
224	0.01941	0.01308	0.01321	0.01065	0.01419	0.13149	0.00859	0.32347	0.05257	0.29304	0.01542	0.04616	0.01123	0.00654	0.00508	0.00154	0.00548	0.01584	0.00509	0.00793

[dist]
# distance from previous block
# <min> <max>
0	4

[block]
# block no. 1 follows, 49 sequences, length 74
# corresponding to MSA columns:
# 233-278,280-285,287-308
name=unknown_B
#
# <colnr> <probs for GDERKNQSTAVLIFYWHMCP>
#	G	D	E	R	K	N	Q	S	T	A	V	L	I	F	Y	W	H	M	C	P
0	0.00697	0.00509	0.00656	0.00635	0.00748	0.00467	0.00470	0.00913	0.01364	0.01907	0.65966	0.12000	0.09561	0.01108	0.00602	0.00165	0.00245	0.00979	0.00542	0.00467
1	0.01258	0.01086	0.01143	0.01029	0.01315	0.01258	0.00800	0.02687	0.78161	0.02115	0.02058	0.01887	0.01544	0.00686	0.00515	0.00172	0.00400	0.00572	0.00515	0.00800
2	0.01530	0.01101	0.01221	0.00975	0.01288	0.01179	0.00790	0.49699	0.02021	0.05309	0.23211	0.02129	0.05778	0.00760	0.00536	0.00155	0.00448	0.00616	0.00522	0.00731
3	0.01177	0.01172	0.02121	0.18009	0.45811	0.01215	0.17037	0.01503	0.01119	0.01559	0.00945	0.01288	0.00764	0.00472	0.00564	0.00161	0.03636	0.00480	0.00245	0.00721
4	0.01324	0.01087	0.01561	0.01245	0.01559	0.01126	0.18415	0.32284	0.03881	0.02233	0.06880	0.16324	0.01745	0.00839	0.00575	0.00174	0.00544	0.07086	0.00442	0.00677
5	0.01598	0.01013	0.01184	0.00912	0.01292	0.03944	0.00739	0.08311	0.06352	0.28842	0.01364	0.01350	0.00977	0.00539	0.00523	0.00127	0.05352	0.00413	0.00439	0.34730
6	0.21353	0.01589	0.01198	0.01031	0.01346	0.36088	0.00807	0.03914	0.01329	0.25056	0.01140	0.01142	0.00813	0.00543	0.00440	0.00145	0.00638	0.00372	0.00389	0.00667
7	0.32507	0.01006	0.01081	0.00864	0.01229	0.01038	0.00713	0.16022	0.01407	0.37279	0.01382	0.01301	0.00924	0.00566	0.00437	0.00156	0.00440	0.00413	0.00490	0.00747
8	0.01177	0.01337	0.02914	0.02090	0.02587	0.01254	0.75012	0.01593	0.01187	0.01610	0.01074	0.03699	0.00842	0.00460	0.00598	0.00172	0.00836	0.00621	0.00262	0.00674
9	0.00723	0.00540	0.00805	0.00805	0.00892	0.00628	0.00622	0.00898	0.00810	0.01168	0.01362	0.02026	0.01281	0.06133	0.77907	0.00803	0.01329	0.00548	0.00272	0.00447
10	0.00642	0.00514	0.00573	0.00559	0.00710	0.00446	0.00419	0.00811	0.01257	0.01614	0.32691	0.04459	0.51146	0.01188	0.00597	0.00166	0.00250	0.01010	0.00502	0.00446
11	0.01049	0.00899	0.01049	0.00749	0.01198	0.00674	0.00599	0.01273	0.01049	0.01648	0.00899	0.01049	0.00749	0.00374	0.00374	0.00075	0.00374	0.00300	0.00300	0.85320
12	0.01194	0.01265	0.01566	0.01339	0.01400	0.11942	0.04919	0.01322	0.00891	0.01243	0.00787	0.04498	0.00780	0.00843	0.01403	0.00206	0.63128	0.00477	0.00239	0.00558
13	0.00651	0.00514	0.00586	0.00568	0.00716	0.00450	0.00426	0.00829	0.01278	0.01664	0.38311	0.04376	0.45495	0.01169	0.00597	0.00165	0.00248	0.00998	0.00509	0.00450
14	0.00722	0.00542	0.00813	0.00813	0.00903	0.00632	0.00632	0.00903	0.00813	0.01174	0.01354	0.01987	0.01264	0.03792	0.80225	0.00813	0.01354	0.00542	0.00271	0.00451
15	0.01714	0.01210	0.09363	0.04849	0.06233	0.01065	0.07849	0.11281	0.14371	0.34245	0.01603	0.01545	0.01096	0.00585	0.00514	0.00160	0.00531	0.00501	0.00477	0.00806
