[name]
unknown

[dist]
# distance from previous block
# <min> <max>
15	118

[block]
# block no. 0 follows, 39 sequences, length 18
# corresponding to MSA columns:
# 149-166
name=unknown_A
#
# <colnr> <probs for GDERKNQSTAVLIFYWHMCP>
#	G	D	E	R	K	N	Q	S	T	A	V	L	I	F	Y	W	H	M	C	P
0	0.03714	0.01280	0.13046	0.06564	0.03916	0.00953	0.01014	0.04511	0.03771	0.07894	0.11669	0.02251	0.08392	0.00736	0.00552	0.00158	0.00512	0.00609	0.05354	0.23105
1	0.07263	0.01280	0.02093	0.23070	0.48928	0.01359	0.01656	0.01762	0.01289	0.04152	0.01113	0.01475	0.00892	0.00552	0.00572	0.00182	0.00702	0.00514	0.00304	0.00843
2	0.01273	0.01018	0.01055	0.00993	0.01203	0.08832	0.00747	0.09823	0.05503	0.06512	0.14010	0.31572	0.04375	0.01259	0.00668	0.00201	0.00476	0.04365	0.00546	0.05568
3	0.01702	0.24127	0.26337	0.01435	0.01981	0.31644	0.01446	0.02039	0.01405	0.01570	0.00937	0.01093	0.00757	0.00565	0.00500	0.00157	0.00884	0.00381	0.00272	0.00767
4	0.32528	0.00984	0.00994	0.00898	0.01168	0.01063	0.00717	0.11272	0.01411	0.06871	0.11422	0.02815	0.02027	0.11779	0.00891	0.00250	0.00492	0.11289	0.00483	0.00648
5	0.01174	0.01046	0.01488	0.01599	0.13044	0.01250	0.01099	0.05607	0.01210	0.01726	0.05064	0.24381	0.02071	0.01210	0.01190	0.00233	0.31352	0.04200	0.00400	0.00657
6	0.01756	0.02045	0.02575	0.01984	0.02447	0.30207	0.37546	0.06038	0.06017	0.01859	0.01175	0.01421	0.00907	0.00571	0.00624	0.00180	0.00973	0.00566	0.00336	0.00775
7	0.01637	0.01208	0.02108	0.01580	0.02034	0.01128	0.29642	0.02138	0.09356	0.21662	0.13347	0.02192	0.01886	0.00701	0.00642	0.00185	0.00656	0.00701	0.00506	0.06692
8	0.01360	0.36693	0.44040	0.01389	0.02102	0.01798	0.01669	0.01828	0.01228	0.01661	0.00956	0.01117	0.00753	0.00537	0.00482	0.00161	0.00768	0.00384	0.00251	0.00823
9	0.01276	0.01344	0.02551	0.01960	0.02293	0.01448	0.39709	0.01612	0.01222	0.01709	0.01384	0.08025	0.01298	0.00861	0.01094	0.00227	0.24623	0.06334	0.00326	0.00706
10	0.01186	0.03059	0.76153	0.01686	0.02560	0.01373	0.02185	0.01873	0.01249	0.01873	0.01061	0.01249	0.00749	0.00562	0.00562	0.00187	0.00874	0.00437	0.00250	0.00874
11	0.00966	0.00598	0.00800	0.00849	0.00958	0.00553	0.00613	0.01133	0.01327	0.09536	0.19041	0.49175	0.03986	0.01577	0.00730	0.00224	0.00360	0.06424	0.00590	0.00557
12	0.00860	0.00573	0.00645	0.00645	0.00645	0.00573	0.00358	0.00860	0.00860	0.01147	0.01863	0.03870	0.02150	0.79217	0.03010	0.00573	0.00573	0.00860	0.00358	0.00358
13	0.00786	0.00572	0.00742	0.00853	0.00932	0.00540	0.00629	0.00933	0.01202	0.01566	0.03487	0.46503	0.12664	0.06385	0.00899	0.00263	0.00403	0.19612	0.00536	0.00492
14	0.01396	0.01595	0.03490	0.02493	0.03091	0.01496	0.73380	0.01894	0.01396	0.01894	0.01196	0.01595	0.00897	0.00499	0.00698	0.00199	0.00997	0.00698	0.00299	0.00798
15	0.02589	0.01109	0.01436	0.01101	0.01561	0.01022	0.00910	0.14082	0.01865	0.64494	0.02188	0.01919	0.01391	0.00728	0.00594	0.00182	0.00527	0.00585	0.00710	0.01006
16	0.00834	0.00577	0.00638	0.00638	0.00669	0.00562	0.00373	0.00858	0.00937	0.01218	0.02517	0.04159	0.13740	0.66900	0.02644	0.00514	0.00530	0.00922	0.00389	0.00381
17	0.01186	0.03059	0.76153	0.01686	0.02560	0.01373	0.02185	0.01873	0.01249	0.01873	0.01061	0.01249	0.00749	0.00562	0.00562	0.00187	0.00874	0.00437	0.00250	0.00874

[dist]
# distance from previous block
# <min> <max>
0	6

[block]
# block no. 1 follows, 39 sequences, length 15
# corresponding to MSA columns:
# 173-187
name=unknown_B
#
# <colnr> <probs for GDERKNQSTAVLIFYWHMCP>
#	G	D	E	R	K	N	Q	S	T	A	V	L	I	F	Y	W	H	M	C	P
0	0.01464	0.01405	0.02400	0.03630	0.75528	0.01405	0.01815	0.01815	0.01347	0.01932	0.01112	0.01464	0.00937	0.00527	0.00585	0.00176	0.00703	0.00527	0.00293	0.00937
1	0.01362	0.01132	0.01299	0.00940	0.01459	0.00928	0.00757	0.11084	0.01433	0.02167	0.01100	0.01252	0.00893	0.00474	0.00458	0.00100	0.00466	0.00375	0.00382	0.71937
2	0.01559	0.01275	0.01345	0.01179	0.01520	0.01458	0.00926	0.13466	0.58496	0.02640	0.02226	0.02090	0.01666	0.00780	0.00587	0.00193	0.00481	0.00640	0.06555	0.00918
3	0.01382	0.01555	0.03266	0.02367	0.02886	0.01538	0.63782	0.01832	0.01331	0.01832	0.01140	0.01555	0.00881	0.00570	0.00863	0.00207	0.11267	0.00674	0.00294	0.00778
4	0.00699	0.00599	0.00599	0.00599	0.00799	0.00499	0.00449	0.00849	0.01348	0.01598	0.05991	0.05691	0.75288	0.01498	0.00699	0.00200	0.00300	0.01248	0.00549	0.00499
5	0.00845	0.00634	0.00950	0.00950	0.01056	0.00739	0.00739	0.01056	0.00950	0.01373	0.01584	0.02323	0.01478	0.04435	0.76873	0.00950	0.01584	0.00634	0.00317	0.00528
6	0.01117	0.01051	0.01774	0.77795	0.04073	0.01314	0.01642	0.01511	0.01182	0.01511	0.01051	0.01577	0.00788	0.00591	0.00591	0.00197	0.00788	0.00526	0.00263	0.00657
7	0.00855	0.00595	0.00754	0.00754	0.00792	0.00633	0.00494	0.00930	0.00892	0.01227	0.01764	0.03318	0.01910	0.52508	0.29390	0.00708	0.00934	0.00779	0.00344	0.00419
8	0.00721	0.00515	0.00686	0.00823	0.00858	0.00480	0.00549	0.00823	0.01132	0.01510	0.03259	0.78831	0.03911	0.01853	0.00755	0.00240	0.00343	0.01681	0.00549	0.00480
9	0.13329	0.01065	0.01639	0.66364	0.03638	0.01316	0.01494	0.01545	0.01156	0.01681	0.01017	0.01485	0.00766	0.00585	0.00558	0.00195	0.00739	0.00495	0.00278	0.00654
10	0.01737	0.01950	0.01414	0.01311	0.01585	0.39867	0.00984	0.02399	0.26356	0.01806	0.01770	0.12997	0.01584	0.00860	0.00589	0.00182	0.00756	0.00672	0.00442	0.00740
11	0.01168	0.01104	0.01867	0.66787	0.14679	0.01327	0.01668	0.01556	0.01207	0.01573	0.01060	0.01560	0.00810	0.00582	0.00590	0.00194	0.00776	0.00526	0.00267	0.00698
12	0.01741	0.02039	0.01745	0.01538	0.01687	0.38473	0.01220	0.01882	0.01282	0.01435	0.00844	0.01183	0.00769	0.00827	0.01253	0.00207	0.40477	0.00451	0.00281	0.00666
13	0.11895	0.01593	0.25330	0.01490	0.12558	0.01050	0.01302	0.01507	0.01305	0.01971	0.09595	0.02986	0.15717	0.00913	0.00607	0.00196	0.00590	0.08283	0.00400	0.00714
14	0.01100	0.00917	0.01003	0.00977	0.01195	0.00990	0.00729	0.02014	0.38669	0.02019	0.03323	0.26261	0.15898	0.01251	0.00666	0.00213	0.00399	0.01084	0.00576	0.00717

[dist]
# distance from previous block
# <min> <max>
0	25

[block]
# block no. 2 follows, 39 sequences, length 37
# corresponding to MSA columns:
# 213-233,235-250
name=unknown_C
#
# <colnr> <probs for GDERKNQSTAVLIFYWHMCP>
#	G	D	E	R	K	N	Q	S	T	A	V	L	I	F	Y	W	H	M	C	P
0	0.01884	0.01953	0.01870	0.04656	0.12200	0.31003	0.07025	0.21087	0.01838	0.02167	0.01301	0.07799	0.01127	0.00719	0.00590	0.00175	0.00828	0.00582	0.00398	0.00797
1	0.01226	0.01051	0.01226	0.00876	0.01401	0.00788	0.00701	0.01489	0.01226	0.01927	0.01051	0.01226	0.00876	0.00438	0.00438	0.00088	0.00438	0.00350	0.00350	0.82832
2	0.00699	0.00599	0.00599	0.00599	0.00799	0.00499	0.00449	0.00849	0.01348	0.01598	0.05991	0.05691	0.75288	0.01498	0.00699	0.00200	0.00300	0.01248	0.00549	0.00499
3	0.00860	0.00573	0.00645	0.00645	0.00645	0.00573	0.00358	0.00860	0.00860	0.01147	0.01863	0.03870	0.02150	0.79217	0.03010	0.00573	0.00573	0.00860	0.00358	0.00358
4	0.00721	0.00515	0.00686	0.00823	0.00858	0.00480	0.00549	0.00823	0.01132	0.01510	0.03259	0.78831	0.03911	0.01853	0.00755	0.00240	0.00343	0.01681	0.00549	0.00480
5	0.01771	0.02122	0.02041	0.01698	0.01994	0.41407	0.16531	0.01997	0.01421	0.01533	0.00991	0.01305	0.00840	0.00916	0.05802	0.00235	0.15917	0.00491	0.00295	0.00692
6	0.01117	0.01051	0.01774	0.77795	0.04073	0.01314	0.01642	0.01511	0.01182	0.01511	0.01051	0.01577	0.00788	0.00591	0.00591	0.00197	0.00788	0.00526	0.00263	0.00657
7	0.01752	0.01859	0.01466	0.01325	0.01648	0.30134	0.01015	0.02845	0.46781	0.02083	0.01839	0.01773	0.01408	0.00729	0.00576	0.00182	0.00696	0.00559	0.00489	0.00841
8	0.00721	0.00515	0.00686	0.00823	0.00858	0.00480	0.00549	0.00823	0.01132	0.01510	0.03259	0.78831	0.03911	0.01853	0.00755	0.00240	0.00343	0.01681	0.00549	0.00480
9	0.02030	0.01521	0.01622	0.01287	0.01714	0.01694	0.01049	0.55443	0.17356	0.03392	0.01648	0.01621	0.01195	0.00728	0.00584	0.00180	0.00594	0.00561	0.04811	0.00968
10	0.00845	0.00634	0.00950	0.00950	0.01056	0.00739	0.00739	0.01056	0.00950	0.01373	0.01584	0.02323	0.01478	0.04435	0.76873	0.00950	0.01584	0.00634	0.00317	0.00528
11	0.00953	0.00681	0.00953	0.01089	0.01225	0.00681	0.00953	0.01225	0.01361	0.01770	0.03131	0.06671	0.03403	0.01634	0.00817	0.00272	0.00545	0.71547	0.00545	0.00545
12	0.01345	0.01296	0.02241	0.28371	0.48309	0.01379	0.05048	0.01717	0.01294	0.01790	0.01096	0.01507	0.00885	0.00547	0.00593	0.00184	0.00745	0.00534	0.00283	0.00837
13	0.01574	0.08920	0.42010	0.01558	0.02188	0.20937	0.01699	0.07984	0.01470	0.01863	0.01023	0.01194	0.00776	0.00600	0.00596	0.00175	0.03896	0.00424	0.00293	0.00818
14	0.01117	0.01051	0.01774	0.77795	0.04073	0.01314	0.01642	0.01511	0.01182	0.01511	0.01051	0.01577	0.00788	0.00591	0.00591	0.00197	0.00788	0.00526	0.00263	0.00657
15	0.00997	0.00717	0.00986	0.01089	0.01236	0.00733	0.00942	0.04167	0.01385	0.01816	0.02932	0.06092	0.03144	0.01831	0.07185	0.00325	0.00636	0.62699	0.00527	0.00562
16	0.02216	0.01641	0.01757	0.01354	0.01822	0.01819	0.01116	0.70678	0.05710	0.03676	0.01460	0.01452	0.01038	0.00714	0.00592	0.00178	0.00643	0.00538	0.00592	0.01003
17	0.01117	0.01051	0.01774	0.77795	0.04073	0.01314	0.01642	0.01511	0.01182	0.01511	0.01051	0.01577	0.00788	0.00591	0.00591	0.00197	0.00788	0.00526	0.00263	0.00657
18	0.02175	0.02275	0.01691	0.01441	0.01811	0.43363	0.01122	0.29487	0.06881	0.02382	0.01205	0.01276	0.00923	0.00660	0.00560	0.00165	0.00869	0.00457	0.00433	0.00824
19	0.01806	0.02147	0.01736	0.01536	0.01707	0.43781	0.01209	0.01948	0.01336	0.01437	0.00853	0.01167	0.00768	0.00797	0.01153	0.00199	0.35025	0.00441	0.00284	0.00669
20	0.01417	0.01393	0.02482	0.11403	0.57975	0.01408	0.11591	0.01793	0.01336	0.01882	0.01117	0.01494	0.00915	0.00530	0.00601	0.00181	0.00752	0.00550	0.00290	0.00888
21	0.01771	0.01485	0.02107	0.02694	0.45724	0.03294	0.01515	0.22619	0.04635	0.06382	0.01311	0.01500	0.01014	0.00603	0.00587	0.00177	0.00677	0.00534	0.00415	0.00954
22	0.01117	0.01051	0.01774	0.77795	0.04073	0.01314	0.01642	0.01511	0.01182	0.01511	0.01051	0.01577	0.00788	0.00591	0.00591	0.00197	0.00788	0.00526	0.00263	0.00657
23	0.01910	0.01362	0.01920	0.07980	0.05994	0.07059	0.15843	0.10491	0.07567	0.25995	0.04940	0.01914	0.02841	0.00691	0.00617	0.00186	0.00682	0.00622	0.00514	0.00871
24	0.03893	0.01718	0.01594	0.01307	0.01707	0.16167	0.01045	0.38338	0.14771	0.07960	0.04417	0.01634	0.01298	0.00724	0.00581	0.00177	0.00671	0.00547	0.00545	0.00906
25	0.00860	0.00573	0.00645	0.00645	0.00645	0.00573	0.00358	0.00860	0.00860	0.01147	0.01863	0.03870	0.02150	0.79217	0.03010	0.00573	0.00573	0.00860	0.00358	0.00358
26	0.01474	0.01496	0.02619	0.03304	0.56832	0.04010	0.17767	0.01851	0.01369	0.01907	0.01124	0.01479	0.00922	0.00523	0.00609	0.00180	0.00781	0.00560	0.00295	0.00897
27	0.00760	0.00601	0.00684	0.00664	0.00837	0.00525	0.00498	0.00968	0.01493	0.01942	0.36830	0.05124	0.44233	0.01369	0.00698	0.00194	0.00290	0.01169	0.00595	0.00525
28	0.01935	0.36274	0.02296	0.01301	0.01693	0.44368	0.01086	0.02104	0.01469	0.01423	0.00874	0.01015	0.00761	0.00564	0.00466	0.00141	0.00877	0.00353	0.00282	0.00718
29	0.02255	0.01583	0.01722	0.01327	0.01793	0.01733	0.01094	0.64472	0.05415	0.10218	0.01540	0.01504	0.01078	0.00715	0.00592	0.00179	0.00630	0.00543	0.00605	0.01003
30	0.00867	0.00648	0.00836	0.00933	0.01082	0.00618	0.00786	0.01095	0.01345	0.01706	0.03966	0.10212	0.24255	0.01606	0.00779	0.00250	0.00463	0.47478	0.00546	0.00528
31	0.00721	0.00515	0.00686	0.00823	0.00858	0.00480	0.00549	0.00823	0.01132	0.01510	0.03259	0.78831	0.03911	0.01853	0.00755	0.00240	0.00343	0.01681	0.00549	0.00480
32	0.04384	0.25731	0.26045	0.01376	0.01993	0.01557	0.08488	0.02084	0.01349	0.19717	0.01302	0.01367	0.00937	0.00579	0.00521	0.00169	0.00709	0.00460	0.00376	0.00856
33	0.04266	0.01539	0.08386	0.01864	0.09961	0.01438	0.21820	0.20556	0.06069	0.04073	0.04362	0.02064	0.02833	0.00724	0.00663	0.00195	0.02415	0.05493	0.00435	0.00845
34	0.00997	0.00895	0.01302	0.01785	0.29227	0.00843	0.00985	0.01222	0.01330	0.01739	0.06057	0.13487	0.35506	0.01165	0.00663	0.00195	0.00458	0.01024	0.00455	0.00665
35	0.01144	0.00930	0.01064	0.01045	0.01268	0.01010	0.00823	0.02057	0.36351	0.02118	0.09594	0.13163	0.07978	0.01214	0.00687	0.00221	0.00441	0.17588	0.00583	0.00722
36	0.01626	0.01599	0.02812	0.02225	0.08740	0.07213	0.45924	0.05908	0.07267	0.08533	0.01375	0.01619	0.01017	0.00565	0.00654	0.00191	0.00874	0.00639	0.00376	0.00841

[dist]
# distance from previous block
# <min> <max>
4	12

[block]
# block no. 3 follows, 39 sequences, length 19
# corresponding to MSA columns:
# 263-281
name=unknown_D
#
# <colnr> <probs for GDERKNQSTAVLIFYWHMCP>
#	G	D	E	R	K	N	Q	S	T	A	V	L	I	F	Y	W	H	M	C	P
0	0.01004	0.04284	0.00956	0.00860	0.01029	0.00710	0.00670	0.01312	0.05555	0.06508	0.34979	0.19179	0.07627	0.01330	0.00700	0.00208	0.00372	0.11528	0.00594	0.00595
1	0.02010	0.01409	0.01553	0.01236	0.01658	0.01526	0.01004	0.42786	0.18292	0.12168	0.06225	0.01842	0.01512	0.00755	0.00596	0.00181	0.00563	0.00597	0.00607	0.03482
2	0.10427	0.18924	0.02519	0.01638	0.02110	0.18847	0.25198	0.10046	0.01532	0.01970	0.01036	0.01246	0.00821	0.00555	0.00543	0.00168	0.00837	0.00483	0.00330	0.00770
3	0.19693	0.02340	0.17899	0.01640	0.10382	0.35012	0.01339	0.02054	0.01397	0.01861	0.00949	0.01129	0.00753	0.00576	0.00509	0.00169	0.00849	0.00397	0.00305	0.00746
4	0.00916	0.00716	0.01089	0.01228	0.09428	0.00801	0.00830	0.01126	0.00988	0.01418	0.01553	0.02352	0.01472	0.10055	0.62276	0.00832	0.01403	0.00640	0.00317	0.00560
5	0.00721	0.00515	0.00686	0.00823	0.00858	0.00480	0.00549	0.00823	0.01132	0.01510	0.03259	0.78831	0.03911	0.01853	0.00755	0.00240	0.00343	0.01681	0.00549	0.00480
6	0.01623	0.01659	0.01653	0.01528	0.05478	0.18753	0.01159	0.06259	0.25502	0.01931	0.01400	0.01559	0.01134	0.00817	0.01032	0.00206	0.26581	0.00538	0.00403	0.00786
7	0.00745	0.00573	0.00681	0.00713	0.00842	0.00510	0.00512	0.00916	0.01369	0.01786	0.24534	0.29133	0.32495	0.01532	0.00717	0.00209	0.00308	0.01339	0.00578	0.00510
8	0.00855	0.00629	0.00731	0.03123	0.00978	0.00573	0.00576	0.01040	0.01343	0.04059	0.11565	0.08829	0.42157	0.05871	0.00828	0.00228	0.00369	0.10594	0.05128	0.00526
9	0.00851	0.00607	0.00817	0.00817	0.00876	0.00667	0.00572	0.00970	0.00911	0.01274	0.01706	0.03001	0.01773	0.37209	0.44501	0.00785	0.01141	0.00733	0.00335	0.00454
10	0.01300	0.27380	0.01682	0.01015	0.01258	0.15847	0.00812	0.01438	0.01251	0.01446	0.01944	0.35205	0.02189	0.03832	0.00664	0.00197	0.00587	0.00946	0.00396	0.00609
11	0.56277	0.01315	0.01172	0.00973	0.01374	0.01496	0.00802	0.25738	0.01599	0.03012	0.01023	0.01114	0.00763	0.00603	0.00441	0.00181	0.00522	0.00391	0.00441	0.00763
12	0.00766	0.00534	0.00673	0.00765	0.00789	0.00511	0.00487	0.00835	0.01044	0.01392	0.02805	0.54439	0.03338	0.27027	0.01489	0.00349	0.00418	0.01414	0.00487	0.00441
13	0.01005	0.00846	0.01046	0.00953	0.00996	0.02909	0.02301	0.01075	0.00952	0.01292	0.01892	0.03176	0.08105	0.45355	0.05375	0.00455	0.20670	0.00780	0.00345	0.00471
14	0.01405	0.45462	0.35667	0.01312	0.01982	0.01909	0.01535	0.01816	0.01223	0.01606	0.00929	0.01082	0.00755	0.00531	0.00461	0.00154	0.00740	0.00370	0.00252	0.00810
15	0.01449	0.13706	0.15751	0.02766	0.45479	0.03612	0.05338	0.01838	0.01318	0.01824	0.01058	0.01342	0.00869	0.00531	0.00554	0.00171	0.00747	0.00483	0.00280	0.00884
16	0.01330	0.01183	0.01518	0.17032	0.15680	0.07672	0.01179	0.09808	0.01439	0.03717	0.01961	0.21621	0.05059	0.01017	0.00710	0.00203	0.04720	0.03030	0.00416	0.00705
17	0.01736	0.01713	0.02004	0.01897	0.16183	0.19872	0.12877	0.10502	0.01597	0.05772	0.01162	0.01356	0.00908	0.00555	0.00558	0.00154	0.00763	0.00483	0.00368	0.19540
18	0.01546	0.05141	0.01862	0.01387	0.01734	0.01320	0.16770	0.12937	0.05677	0.08987	0.01556	0.05966	0.01265	0.00752	0.00769	0.00185	0.11739	0.00626	0.14215	0.05565

[dist]
# distance from previous block
# <min> <max>
1	30

[block]
# block no. 4 follows, 39 sequences, length 28
# corresponding to MSA columns:
# 316-343
name=unknown_E
#
# <colnr> <probs for GDERKNQSTAVLIFYWHMCP>
#	G	D	E	R	K	N	Q	S	T	A	V	L	I	F	Y	W	H	M	C	P
0	0.04086	0.23971	0.06777	0.01511	0.02013	0.08915	0.20939	0.01857	0.01308	0.05187	0.01051	0.01266	0.00845	0.00548	0.00596	0.00158	0.04983	0.00464	0.00312	0.13213
1	0.06297	0.00975	0.01312	0.01151	0.01351	0.03325	0.07549	0.01454	0.04066	0.06358	0.14987	0.22644	0.02646	0.01146	0.00879	0.00210	0.13863	0.03510	0.00475	0.05803
2	0.01396	0.01164	0.06008	0.12840	0.05274	0.01129	0.01057	0.22572	0.01629	0.04365	0.01843	0.24045	0.01812	0.01125	0.00793	0.07896	0.00575	0.00855	0.00460	0.03164
3	0.04918	0.13327	0.06865	0.00947	0.01215	0.12500	0.00806	0.01577	0.01199	0.06254	0.01318	0.01691	0.01110	0.04623	0.00984	0.18239	0.00583	0.00480	0.20777	0.00586
4	0.01574	0.03139	0.17072	0.01533	0.03125	0.14669	0.12323	0.17128	0.01628	0.02125	0.01319	0.03638	0.01084	0.03859	0.08219	0.00268	0.00883	0.00562	0.05077	0.00774
5	0.22343	0.03698	0.06044	0.01133	0.03612	0.01202	0.00955	0.10902	0.03302	0.37203	0.01670	0.01577	0.01122	0.00657	0.00526	0.00179	0.00540	0.00497	0.00558	0.02278
6	0.46083	0.01102	0.01279	0.35703	0.02472	0.01321	0.01095	0.01635	0.01086	0.02135	0.00927	0.01240	0.00708	0.00568	0.00468	0.00189	0.00608	0.00413	0.00319	0.00648
7	0.01334	0.16321	0.24378	0.17292	0.25877	0.01551	0.01742	0.01764	0.01258	0.01731	0.01031	0.01327	0.00818	0.00546	0.00541	0.00174	0.00758	0.00461	0.00267	0.00830
8	0.01694	0.01172	0.01316	0.04468	0.03671	0.01264	0.00893	0.31859	0.09545	0.05976	0.03762	0.01851	0.01376	0.00709	0.00537	0.00166	0.00503	0.00564	0.25296	0.03377
9	0.00824	0.00598	0.00776	0.00744	0.00879	0.00551	0.00553	0.01086	0.01625	0.02285	0.67825	0.09507	0.07997	0.01263	0.00701	0.00190	0.00284	0.01117	0.00640	0.00551
10	0.01323	0.01089	0.01718	0.01374	0.01701	0.01093	0.21884	0.13424	0.05792	0.02280	0.07458	0.11197	0.01994	0.00888	0.00628	0.00191	0.00587	0.06148	0.18519	0.00712
11	0.00819	0.00591	0.00775	0.00756	0.00880	0.00546	0.00557	0.01072	0.01592	0.02241	0.64307	0.15698	0.05327	0.01307	0.00706	0.00194	0.00289	0.01162	0.00636	0.00546
12	0.01171	0.02956	0.72988	0.01646	0.02489	0.01339	0.02117	0.01841	0.01266	0.01894	0.04175	0.01382	0.00952	0.00589	0.00568	0.00187	0.00849	0.00464	0.00267	0.00861
13	0.01869	0.01236	0.01389	0.01177	0.01559	0.01342	0.00936	0.09917	0.47624	0.22653	0.02291	0.02077	0.01634	0.00774	0.00599	0.00194	0.00495	0.00635	0.00636	0.00962
14	0.01705	0.01827	0.01412	0.01288	0.01582	0.32013	0.00980	0.02593	0.36809	0.01972	0.04445	0.02021	0.01577	0.04444	0.00696	0.00200	0.00711	0.02473	0.00470	0.00783
15	0.00721	0.00515	0.00686	0.00823	0.00858	0.00480	0.00549	0.00823	0.01132	0.01510	0.03259	0.78831	0.03911	0.01853	0.00755	0.00240	0.00343	0.01681	0.00549	0.00480
16	0.00781	0.00588	0.00808	0.00854	0.00950	0.00615	0.00631	0.00946	0.01072	0.01453	0.02819	0.28715	0.13491	0.03116	0.39576	0.00596	0.00970	0.01081	0.00431	0.00508
17	0.01464	0.01405	0.02400	0.03630	0.75528	0.01405	0.01815	0.01815	0.01347	0.01932	0.01112	0.01464	0.00937	0.00527	0.00585	0.00176	0.00703	0.00527	0.00293	0.00937
18	0.00708	0.00599	0.00611	0.00608	0.00804	0.00503	0.00456	0.00865	0.01368	0.01646	0.10312	0.05612	0.70936	0.01480	0.00699	0.00199	0.00298	0.01237	0.00556	0.00503
19	0.01955	0.01294	0.01449	0.01202	0.01600	0.01403	0.00963	0.19622	0.39068	0.21494	0.02156	0.01972	0.01530	0.00763	0.00598	0.00191	0.00520	0.00618	0.00633	0.00970
20	0.01269	0.01211	0.01840	0.24127	0.18438	0.01422	0.01419	0.01544	0.01131	0.01636	0.00972	0.01403	0.00830	0.00704	0.01023	0.00197	0.26881	0.00497	0.00281	0.13172
21	0.01898	0.01708	0.01651	0.01378	0.01715	0.14982	0.01105	0.32101	0.20572	0.02656	0.01485	0.01539	0.01132	0.00765	0.00788	0.00191	0.12424	0.00538	0.00493	0.00877
22	0.01464	0.01405	0.02400	0.03630	0.75528	0.01405	0.01815	0.01815	0.01347	0.01932	0.01112	0.01464	0.00937	0.00527	0.00585	0.00176	0.00703	0.00527	0.00293	0.00937
23	0.01117	0.01051	0.01774	0.77795	0.04073	0.01314	0.01642	0.01511	0.01182	0.01511	0.01051	0.01577	0.00788	0.00591	0.00591	0.00197	0.00788	0.00526	0.00263	0.00657
24	0.01577	0.01619	0.02291	0.03311	0.64355	0.12841	0.01713	0.01898	0.01396	0.01859	0.01082	0.01403	0.00910	0.00539	0.00578	0.00172	0.00758	0.00505	0.00295	0.00899
25	0.13984	0.67683	0.02761	0.00976	0.01461	0.02186	0.00956	0.01766	0.01172	0.01583	0.00822	0.00950	0.00741	0.00512	0.00377	0.00135	0.00606	0.00317	0.00270	0.00741
26	0.01724	0.01187	0.01310	0.01086	0.01425	0.01266	0.00886	0.38272	0.04747	0.07137	0.06742	0.02664	0.07855	0.00900	0.00603	0.00184	0.00516	0.07665	0.13013	0.00819
27	0.04960	0.01364	0.01464	0.01223	0.01615	0.01523	0.00979	0.25752	0.41391	0.10126	0.02021	0.01886	0.01470	0.00756	0.00589	0.00191	0.00530	0.00604	0.00602	0.00954

[dist]
# distance from previous block
# <min> <max>
0	2

[block]
# block no. 5 follows, 39 sequences, length 10
# corresponding to MSA columns:
# 346-355
name=unknown_F
#
# <colnr> <probs for GDERKNQSTAVLIFYWHMCP>
#	G	D	E	R	K	N	Q	S	T	A	V	L	I	F	Y	W	H	M	C	P
0	0.01576	0.01272	0.01370	0.01330	0.07145	0.07057	0.00950	0.19947	0.20436	0.06538	0.02287	0.20693	0.04782	0.01022	0.00633	0.00198	0.00543	0.00867	0.00545	0.00810
1	0.01307	0.39858	0.02488	0.01257	0.01660	0.01627	0.16183	0.01564	0.01306	0.01665	0.12718	0.12497	0.01972	0.00801	0.00548	0.00167	0.00615	0.00704	0.00365	0.00697
2	0.00944	0.00689	0.00920	0.01079	0.07132	0.00685	0.00734	0.01093	0.01129	0.01491	0.02481	0.04916	0.05139	0.37191	0.01801	0.00400	0.00562	0.30685	0.00438	0.00490
3	0.01396	0.01595	0.03490	0.02493	0.03091	0.01496	0.73380	0.01894	0.01396	0.01894	0.01196	0.01595	0.00897	0.00499	0.00698	0.00199	0.00997	0.00698	0.00299	0.00798
4	0.01038	0.01855	0.38087	0.01265	0.01761	0.01021	0.01392	0.01597	0.07411	0.01951	0.17257	0.18404	0.02523	0.00991	0.00635	0.00199	0.00603	0.00853	0.00427	0.00729
5	0.01432	0.01005	0.01113	0.01014	0.01272	0.03832	0.00786	0.12838	0.14287	0.12490	0.07280	0.21579	0.11755	0.01193	0.00666	0.00206	0.00465	0.05469	0.00587	0.00733
6	0.00768	0.00562	0.00727	0.00805	0.00894	0.00521	0.00580	0.00935	0.01306	0.01745	0.20175	0.45523	0.12843	0.01639	0.00741	0.00226	0.00344	0.08586	0.00572	0.00507
7	0.43190	0.01362	0.01277	0.01052	0.01458	0.01545	0.00863	0.30875	0.08382	0.03071	0.01208	0.01259	0.00894	0.00637	0.00478	0.00182	0.00536	0.00438	0.00478	0.00815
8	0.01230	0.01100	0.01814	0.02567	0.45413	0.01127	0.01413	0.01534	0.01250	0.01767	0.01542	0.02482	0.01453	0.01677	0.19729	0.00385	0.00899	0.11509	0.00338	0.00774
9	0.02009	0.01491	0.01519	0.01211	0.01584	0.07042	0.00963	0.49927	0.02275	0.07447	0.01527	0.01839	0.01213	0.12813	0.00953	0.00235	0.00645	0.00576	0.03865	0.00864

[dist]
# distance from previous block
# <min> <max>
0	1

[block]
# block no. 6 follows, 39 sequences, length 9
# corresponding to MSA columns:
# 357-365
name=unknown_G
#
# <colnr> <probs for GDERKNQSTAVLIFYWHMCP>
#	G	D	E	R	K	N	Q	S	T	A	V	L	I	F	Y	W	H	M	C	P
0	0.03676	0.10082	0.09681	0.17475	0.05861	0.04595	0.25909	0.04322	0.03892	0.07055	0.01217	0.01488	0.00909	0.00566	0.00594	0.00185	0.00814	0.00552	0.00334	0.00796
1	0.00797	0.00603	0.00735	0.00702	0.00859	0.00541	0.00526	0.01038	0.01579	0.02145	0.54978	0.04790	0.25959	0.01293	0.00698	0.00190	0.00285	0.01122	0.00621	0.00541
2	0.01063	0.00740	0.00946	0.00956	0.04947	0.00671	0.00676	0.01340	0.04304	0.08941	0.26660	0.16228	0.17154	0.01217	0.00668	0.00192	0.00370	0.03982	0.00569	0.08376
3	0.00806	0.00620	0.00832	0.00824	0.00960	0.00646	0.00633	0.01014	0.01182	0.01610	0.16014	0.03555	0.20920	0.03108	0.43801	0.00622	0.01023	0.00868	0.00436	0.00526
4	0.02209	0.02819	0.01676	0.01524	0.01828	0.76843	0.01143	0.02361	0.01676	0.01447	0.00914	0.01066	0.00762	0.00609	0.00533	0.00152	0.01066	0.00381	0.00305	0.00686
5	0.01325	0.01241	0.01324	0.01001	0.01456	0.08063	0.00798	0.01565	0.01238	0.01834	0.01012	0.01218	0.00856	0.00511	0.00589	0.00110	0.07831	0.00369	0.00337	0.67322
6	0.01605	0.09108	0.02022	0.05276	0.29721	0.08497	0.01335	0.15294	0.01619	0.02160	0.06664	0.01569	0.01246	0.00643	0.00634	0.00169	0.04926	0.00522	0.00374	0.06617
7	0.01395	0.37146	0.22423	0.15735	0.02294	0.04624	0.01467	0.01753	0.01213	0.01547	0.00931	0.01171	0.00763	0.00569	0.00557	0.00164	0.04829	0.00401	0.00256	0.00762
8	0.09010	0.22397	0.07354	0.13867	0.10290	0.07841	0.01246	0.01988	0.01326	0.15696	0.01201	0.01350	0.00906	0.00595	0.00541	0.00169	0.02616	0.00446	0.00364	0.00798

[dist]
# distance from previous block
# <min> <max>
0	18

[block]
# block no. 7 follows, 39 sequences, length 19
# corresponding to MSA columns:
# 384-402
name=unknown_H
#
# <colnr> <probs for GDERKNQSTAVLIFYWHMCP>
#	G	D	E	R	K	N	Q	S	T	A	V	L	I	F	Y	W	H	M	C	P
0	0.01163	0.24248	0.13867	0.01000	0.01388	0.01224	0.00989	0.01439	0.01322	0.04811	0.09803	0.08306	0.18698	0.01030	0.00594	0.00185	0.00528	0.08309	0.00430	0.00668
1	0.24960	0.18196	0.26065	0.01258	0.01830	0.03000	0.04222	0.08291	0.01334	0.02172	0.03133	0.01222	0.00890	0.00577	0.00479	0.00172	0.00675	0.00415	0.00329	0.00779
2	0.01358	0.06869	0.19952	0.09587	0.34484	0.01449	0.12330	0.01802	0.01303	0.01838	0.01087	0.01403	0.00860	0.00533	0.00580	0.00179	0.00783	0.00513	0.00280	0.02809
3	0.01108	0.00964	0.01331	0.11271	0.06407	0.01048	0.00967	0.01314	0.01129	0.01631	0.06729	0.06819	0.01695	0.13167	0.02513	0.00260	0.17615	0.04000	0.00358	0.19673
4	0.01917	0.01143	0.01370	0.01040	0.01516	0.01031	0.00845	0.12704	0.08053	0.29155	0.01690	0.01627	0.01190	0.00617	0.00532	0.00145	0.00496	0.00494	0.00547	0.33889
5	0.01484	0.01001	0.01133	0.00999	0.01298	0.01048	0.00776	0.02386	0.36300	0.17028	0.12402	0.03048	0.13240	0.04258	0.00729	0.00211	0.00430	0.00801	0.00616	0.00811
6	0.00743	0.00588	0.00669	0.00676	0.00833	0.00514	0.00496	0.00924	0.01413	0.01814	0.26153	0.16241	0.43909	0.01465	0.00707	0.00202	0.00300	0.01260	0.00579	0.00514
7	0.02146	0.01606	0.01717	0.01340	0.01795	0.01786	0.01099	0.64306	0.12197	0.03562	0.01550	0.01523	0.01111	0.00722	0.00593	0.00181	0.00627	0.00550	0.00593	0.00997
8	0.00699	0.00599	0.00599	0.00599	0.00799	0.00499	0.00449	0.00849	0.01348	0.01598	0.05991	0.05691	0.75288	0.01498	0.00699	0.00200	0.00300	0.01248	0.00549	0.00499
9	0.01330	0.01048	0.01237	0.00889	0.01409	0.00794	0.00713	0.01590	0.01260	0.07285	0.01144	0.01283	0.00918	0.00459	0.00449	0.00094	0.00443	0.00368	0.00378	0.76908
10	0.05167	0.00920	0.01064	0.01013	0.01249	0.00973	0.00787	0.04778	0.25547	0.09513	0.09418	0.21079	0.04429	0.01191	0.00665	0.00214	0.00437	0.10240	0.00587	0.00728
11	0.01377	0.18980	0.23989	0.01942	0.02598	0.01645	0.37462	0.01861	0.01312	0.01779	0.01077	0.01356	0.00825	0.00518	0.00590	0.00180	0.00883	0.00541	0.00275	0.00811
12	0.01987	0.01386	0.01544	0.01262	0.01665	0.01509	0.01039	0.43571	0.15132	0.11468	0.01923	0.02316	0.01514	0.00850	0.00623	0.00195	0.00588	0.09892	0.00603	0.00933
13	0.00884	0.00620	0.00768	0.00824	0.00897	0.00611	0.00611	0.01009	0.01109	0.01443	0.02747	0.05182	0.09087	0.40484	0.01905	0.00417	0.00537	0.29967	0.00452	0.00447
14	0.03803	0.01728	0.01768	0.26412	0.02545	0.25818	0.05692	0.07125	0.06208	0.01776	0.01119	0.01414	0.00881	0.00659	0.00704	0.00186	0.08557	0.00494	0.02396	0.00714
15	0.01449	0.11475	0.01540	0.01016	0.01473	0.01271	0.00838	0.13320	0.15532	0.02228	0.01662	0.01699	0.05902	0.00629	0.00503	0.00136	0.00494	0.00494	0.00437	0.37900
16	0.01399	0.01091	0.01097	0.01069	0.01272	0.12874	0.00832	0.06263	0.03878	0.11576	0.07795	0.26375	0.02831	0.01300	0.00693	0.00217	0.00546	0.17693	0.00545	0.00652
17	0.57774	0.01159	0.00954	0.00852	0.01171	0.04212	0.00676	0.08948	0.01222	0.02523	0.01161	0.06367	0.01032	0.05826	0.00597	0.00209	0.00494	0.00478	0.03700	0.00647
18	0.01397	0.26066	0.15798	0.01159	0.01614	0.11360	0.01139	0.04552	0.01412	0.01769	0.09410	0.02259	0.06910	0.00777	0.00540	0.00165	0.00653	0.06591	0.00368	0.06063

[dist]
# distance from previous block
# <min> <max>
0	7

[block]
# block no. 8 follows, 39 sequences, length 16
# corresponding to MSA columns:
# 410-425
name=unknown_I
#
# <colnr> <probs for GDERKNQSTAVLIFYWHMCP>
#	G	D	E	R	K	N	Q	S	T	A	V	L	I	F	Y	W	H	M	C	P
0	0.05176	0.01427	0.02598	0.01884	0.02430	0.01338	0.43655	0.07007	0.04626	0.06041	0.01280	0.01530	0.00959	0.00529	0.00615	0.00174	0.00789	0.00594	0.00369	0.16980
1	0.01313	0.01386	0.02494	0.11836	0.02510	0.01617	0.30867	0.01628	0.01142	0.01628	0.00984	0.01454	0.00827	0.00758	0.01256	0.00226	0.36495	0.00592	0.00276	0.00710
2	0.01203	0.00991	0.01106	0.01021	0.01268	0.01091	0.00781	0.02291	0.44605	0.02370	0.27030	0.08491	0.03231	0.01015	0.00645	0.00199	0.00395	0.00877	0.00615	0.00776
3	0.01440	0.01095	0.01202	0.01055	0.01336	0.01167	0.00818	0.30922	0.11364	0.02558	0.02860	0.24728	0.14593	0.01188	0.00659	0.00202	0.00478	0.01005	0.00573	0.00758
4	0.00852	0.00604	0.00801	0.00801	0.00855	0.00658	0.00553	0.00960	0.00906	0.01262	0.01721	0.03080	0.01807	0.41010	0.40748	0.00766	0.01090	0.00744	0.00337	0.00445
5	0.01078	0.00961	0.01473	0.02048	0.35237	0.00924	0.01110	0.01337	0.01377	0.01875	0.15389	0.12712	0.20007	0.01045	0.00653	0.00191	0.00487	0.00939	0.00449	0.00709
6	0.00721	0.00515	0.00686	0.00823	0.00858	0.00480	0.00549	0.00823	0.01132	0.01510	0.03259	0.78831	0.03911	0.01853	0.00755	0.00240	0.00343	0.01681	0.00549	0.00480
7	0.00833	0.00667	0.00995	0.22683	0.01771	0.00717	0.00859	0.01019	0.01147	0.01510	0.02632	0.56891	0.03024	0.01494	0.00708	0.00228	0.00470	0.01353	0.00468	0.00530
8	0.00860	0.00573	0.00645	0.00645	0.00645	0.00573	0.00358	0.00860	0.00860	0.01147	0.01863	0.03870	0.02150	0.79217	0.03010	0.00573	0.00573	0.00860	0.00358	0.00358
9	0.01117	0.01051	0.01774	0.77795	0.04073	0.01314	0.01642	0.01511	0.01182	0.01511	0.01051	0.01577	0.00788	0.00591	0.00591	0.00197	0.00788	0.00526	0.00263	0.00657
10	0.00918	0.00634	0.00749	0.00702	0.00894	0.00556	0.00533	0.01133	0.01525	0.07860	0.37543	0.04813	0.37357	0.01304	0.00690	0.00192	0.00306	0.01114	0.00611	0.00567
11	0.01520	0.01464	0.02478	0.02708	0.36025	0.01552	0.18682	0.11081	0.01469	0.02069	0.01115	0.01460	0.00909	0.00631	0.00845	0.00196	0.14041	0.00567	0.00327	0.00863
12	0.00945	0.00739	0.01019	0.00980	0.01084	0.00837	0.00782	0.01176	0.01282	0.01842	0.28334	0.05426	0.03182	0.02029	0.19708	0.00399	0.14245	0.11198	0.04231	0.00562
13	0.01265	0.01060	0.01293	0.01240	0.03139	0.05206	0.04925	0.01912	0.23682	0.05835	0.02457	0.24980	0.02425	0.01206	0.00775	0.00222	0.06126	0.11024	0.00520	0.00709
14	0.05231	0.00972	0.01164	0.00928	0.01311	0.00883	0.00743	0.05485	0.07336	0.24939	0.14931	0.02187	0.02017	0.00732	0.00548	0.00156	0.00431	0.00602	0.06492	0.22912
15	0.01475	0.01203	0.01647	0.11299	0.07538	0.01148	0.06845	0.12447	0.05525	0.06420	0.01345	0.04053	0.01077	0.00594	0.00542	0.00148	0.00582	0.00518	0.00409	0.35186

[dist]
# distance from previous block
# <min> <max>
7	28

[block]
# block no. 9 follows, 39 sequences, length 9
# corresponding to MSA columns:
# 455-463
name=unknown_J
#
# <colnr> <probs for GDERKNQSTAVLIFYWHMCP>
#	G	D	E	R	K	N	Q	S	T	A	V	L	I	F	Y	W	H	M	C	P
0	0.08517	0.06173	0.46371	0.01398	0.02078	0.04520	0.01631	0.04687	0.01329	0.06595	0.01170	0.01314	0.00851	0.00577	0.00522	0.00173	0.00740	0.00434	0.05501	0.05420
1	0.01325	0.08407	0.38423	0.01408	0.02033	0.01454	0.01546	0.02313	0.28340	0.02060	0.01540	0.01578	0.01148	0.00639	0.00555	0.00182	0.00680	0.00508	0.00386	0.05474
2	0.01306	0.01122	0.01262	0.00982	0.01446	0.01010	0.00777	0.02026	0.25000	0.02105	0.01491	0.01544	0.01178	0.00556	0.00491	0.00124	0.00448	0.00454	0.00432	0.56246
3	0.01429	0.01157	0.01319	0.00983	0.01467	0.01008	0.00788	0.17901	0.01575	0.02313	0.01270	0.06002	0.01091	0.00586	0.00492	0.00117	0.00481	0.00473	0.00418	0.59130
4	0.01950	0.01547	0.01376	0.01156	0.01505	0.19197	0.00913	0.22590	0.07890	0.14880	0.02000	0.01978	0.07574	0.00762	0.00564	0.00171	0.00627	0.00582	0.11920	0.00817
5	0.01464	0.01405	0.02400	0.03630	0.75528	0.01405	0.01815	0.01815	0.01347	0.01932	0.01112	0.01464	0.00937	0.00527	0.00585	0.00176	0.00703	0.00527	0.00293	0.00937
6	0.01071	0.00989	0.01647	0.68827	0.03698	0.01217	0.01515	0.01431	0.01177	0.01511	0.01308	0.10578	0.01152	0.00738	0.00610	0.00202	0.00736	0.00660	0.00296	0.00636
7	0.15247	0.01382	0.01820	0.01365	0.01856	0.01386	0.16030	0.24790	0.04402	0.02638	0.01212	0.01357	0.00917	0.00570	0.00536	0.00160	0.00627	0.00488	0.00429	0.22789
8	0.01316	0.01254	0.02133	0.35230	0.45082	0.01366	0.01741	0.01685	0.01277	0.01753	0.01086	0.01512	0.00874	0.00554	0.00588	0.00185	0.00739	0.00526	0.00280	0.00818

[dist]
# distance from previous block
# <min> <max>
0	2

[block]
# block no. 10 follows, 39 sequences, length 16
# corresponding to MSA columns:
# 466-481
name=unknown_K
#
# <colnr> <probs for GDERKNQSTAVLIFYWHMCP>
#	G	D	E	R	K	N	Q	S	T	A	V	L	I	F	Y	W	H	M	C	P
0	0.13388	0.02627	0.01260	0.12821	0.01725	0.01180	0.00925	0.12502	0.12751	0.02255	0.06903	0.07363	0.06190	0.01101	0.05310	0.00238	0.00587	0.04700	0.00467	0.05708
1	0.01787	0.07080	0.01872	0.01460	0.01759	0.23637	0.06543	0.16223	0.05066	0.03992	0.01166	0.01400	0.00951	0.01033	0.07191	0.00251	0.16951	0.00499	0.00375	0.00762
2	0.01569	0.01904	0.23407	0.01365	0.01853	0.05039	0.01336	0.19586	0.21329	0.02465	0.01560	0.01623	0.01163	0.00705	0.00651	0.00187	0.05456	0.00535	0.07395	0.00872
3	0.01464	0.01391	0.02288	0.03372	0.67673	0.01412	0.01722	0.01956	0.09109	0.01990	0.01250	0.01543	0.01029	0.00556	0.00587	0.00178	0.00678	0.00542	0.00326	0.00937
4	0.00834	0.00618	0.00802	0.00902	0.01027	0.00586	0.00727	0.01037	0.01310	0.01684	0.05927	0.24479	0.19744	0.01646	0.00771	0.00245	0.00431	0.36161	0.00550	0.00519
5	0.00849	0.00615	0.00859	0.00859	0.00932	0.00689	0.00625	0.00997	0.00923	0.01305	0.01668	0.02788	0.01680	0.26911	0.54673	0.00837	0.01280	0.00702	0.00329	0.00477
6	0.51329	0.01302	0.01200	0.00987	0.01395	0.01462	0.00814	0.25348	0.01634	0.07976	0.01121	0.01182	0.00816	0.00614	0.00455	0.00181	0.00524	0.00408	0.00465	0.00785
7	0.08428	0.01211	0.01250	0.01067	0.01401	0.01359	0.00849	0.23320	0.30813	0.02796	0.01878	0.01871	0.01408	0.00729	0.00537	0.00178	0.00478	0.00573	0.19008	0.00845
8	0.01186	0.03059	0.76153	0.01686	0.02560	0.01373	0.02185	0.01873	0.01249	0.01873	0.01061	0.01249	0.00749	0.00562	0.00562	0.00187	0.00874	0.00437	0.00250	0.00874
9	0.00738	0.00528	0.00706	0.00835	0.00880	0.00495	0.00572	0.00858	0.01167	0.01559	0.06165	0.71713	0.03950	0.01814	0.00756	0.00240	0.00352	0.05631	0.00553	0.00487
10	0.01132	0.00868	0.00922	0.00849	0.01117	0.00871	0.00655	0.01822	0.27015	0.08086	0.04430	0.04163	0.43381	0.01190	0.00656	0.00199	0.00376	0.00991	0.00583	0.00695
11	0.00772	0.00568	0.00724	0.00757	0.00862	0.00519	0.00540	0.00963	0.01413	0.01924	0.37219	0.34540	0.14002	0.01506	0.00721	0.00210	0.00307	0.01339	0.00597	0.00519
12	0.00870	0.00600	0.00782	0.00782	0.00842	0.00650	0.00542	0.00990	0.00930	0.01330	0.01737	0.03021	0.01788	0.38334	0.37595	0.00719	0.01028	0.00731	0.06278	0.00452
13	0.01376	0.39872	0.41005	0.01361	0.02058	0.01838	0.01621	0.01824	0.01226	0.01641	0.00946	0.01104	0.00754	0.00535	0.00474	0.00158	0.00758	0.00379	0.00251	0.00819
14	0.01464	0.01405	0.02400	0.03630	0.75528	0.01405	0.01815	0.01815	0.01347	0.01932	0.01112	0.01464	0.00937	0.00527	0.00585	0.00176	0.00703	0.00527	0.00293	0.00937
15	0.01606	0.01498	0.01540	0.01306	0.01597	0.18229	0.06954	0.22704	0.01690	0.02117	0.01432	0.04691	0.01260	0.06309	0.23870	0.00433	0.01040	0.00605	0.00404	0.00715

[dist]
# distance from previous block
# <min> <max>
0	1

[block]
# block no. 11 follows, 39 sequences, length 23
# corresponding to MSA columns:
# 483-505
name=unknown_L
#
# <colnr> <probs for GDERKNQSTAVLIFYWHMCP>
#	G	D	E	R	K	N	Q	S	T	A	V	L	I	F	Y	W	H	M	C	P
0	0.01368	0.01243	0.01860	0.28768	0.02669	0.02798	0.14672	0.16702	0.04871	0.02106	0.02108	0.02310	0.14387	0.00773	0.00630	0.00193	0.00701	0.00694	0.00407	0.00741
1	0.32120	0.00776	0.00677	0.00642	0.00858	0.00845	0.00496	0.01481	0.01128	0.02308	0.01508	0.01840	0.01225	0.05560	0.00558	0.00182	0.00363	0.00483	0.46376	0.00573
2	0.00936	0.00739	0.01181	0.01047	0.01188	0.00708	0.14073	0.01100	0.01108	0.01549	0.02276	0.31683	0.02509	0.25914	0.01417	0.00326	0.00530	0.01105	0.10103	0.00509
3	0.00723	0.00557	0.00662	0.00726	0.00837	0.00496	0.00510	0.00862	0.01272	0.01630	0.11459	0.42347	0.32503	0.01648	0.00727	0.00219	0.00319	0.01448	0.00559	0.00496
4	0.01306	0.01124	0.01535	0.01841	0.25054	0.01118	0.01097	0.01954	0.21420	0.03604	0.01884	0.16080	0.01731	0.00837	0.00593	0.00177	0.00515	0.00748	0.00446	0.16935
5	0.01270	0.17277	0.59040	0.01598	0.02390	0.01560	0.05367	0.01855	0.01247	0.01784	0.01023	0.01209	0.00758	0.00548	0.00534	0.00177	0.00835	0.00427	0.00253	0.00849
6	0.43308	0.01076	0.01119	0.00914	0.01325	0.01100	0.00754	0.02306	0.01347	0.39037	0.01573	0.01483	0.01049	0.00640	0.00480	0.00183	0.00480	0.00456	0.00548	0.00822
7	0.01405	0.45450	0.35678	0.01312	0.01982	0.01909	0.01535	0.01816	0.01223	0.01606	0.00929	0.01082	0.00755	0.00531	0.00461	0.00154	0.00740	0.00370	0.00252	0.00810
8	0.00845	0.00634	0.00950	0.00950	0.01056	0.00739	0.00739	0.01056	0.00950	0.01373	0.01584	0.02323	0.01478	0.04435	0.76873	0.00950	0.01584	0.00634	0.00317	0.00528
9	0.01204	0.06517	0.72850	0.01655	0.02512	0.01417	0.02132	0.01868	0.01246	0.01851	0.01050	0.01235	0.00750	0.00559	0.00554	0.00185	0.00863	0.00432	0.00250	0.00869
10	0.01601	0.00739	0.00999	0.00928	0.01155	0.00658	0.00695	0.01761	0.01388	0.35419	0.02837	0.43832	0.02796	0.01342	0.00682	0.00214	0.00416	0.01186	0.00632	0.00720
11	0.01661	0.01045	0.01247	0.01132	0.01449	0.01101	0.00922	0.02574	0.35554	0.22439	0.02574	0.03311	0.02126	0.00999	0.00656	0.00214	0.00498	0.19022	0.00623	0.00854
12	0.00905	0.00609	0.00820	0.00879	0.00992	0.00575	0.00673	0.01113	0.01388	0.05168	0.25711	0.32970	0.04190	0.01543	0.00746	0.00229	0.00384	0.19971	0.00588	0.00545
13	0.01318	0.01434	0.02918	0.21013	0.03198	0.01478	0.49322	0.01758	0.01300	0.01758	0.01124	0.01564	0.00860	0.00569	0.00781	0.00204	0.07725	0.00639	0.00287	0.00750
14	0.01270	0.16826	0.43088	0.01350	0.02065	0.01402	0.01581	0.01754	0.01234	0.01797	0.01014	0.01187	0.00784	0.00519	0.00496	0.00150	0.00716	0.00392	0.00276	0.22098
15	0.00750	0.00567	0.00697	0.00759	0.00868	0.00513	0.00547	0.00911	0.01311	0.01713	0.17494	0.38838	0.25244	0.01614	0.00732	0.00220	0.00331	0.05820	0.00568	0.00504
16	0.01416	0.01602	0.01142	0.01113	0.01322	0.35296	0.00835	0.01570	0.01456	0.01529	0.02853	0.18200	0.20059	0.01177	0.00646	0.00193	0.00682	0.07887	0.00437	0.00585
17	0.01910	0.01461	0.01660	0.01468	0.08973	0.01564	0.01085	0.46952	0.09913	0.03131	0.01482	0.01530	0.01098	0.00670	0.00565	0.00168	0.00592	0.00527	0.05234	0.10017
18	0.01457	0.01250	0.01588	0.01320	0.01595	0.01422	0.03783	0.16659	0.09620	0.02179	0.01479	0.02151	0.01319	0.00891	0.01030	0.00203	0.25377	0.10162	0.00424	0.16092
19	0.01941	0.01441	0.02159	0.01601	0.02101	0.01441	0.23648	0.31424	0.02010	0.16461	0.01711	0.01770	0.04409	0.00671	0.00623	0.00182	0.00706	0.00620	0.00514	0.04567
20	0.01058	0.01363	0.15445	0.01789	0.21650	0.00994	0.07393	0.01392	0.01333	0.01765	0.03333	0.03361	0.34773	0.00973	0.00642	0.00191	0.00576	0.00853	0.00402	0.00714
21	0.01538	0.01738	0.16001	0.02567	0.38341	0.01460	0.05098	0.15568	0.05108	0.02302	0.03693	0.01555	0.01109	0.00603	0.00592	0.00181	0.00713	0.00544	0.00369	0.00919
22	0.01629	0.01235	0.01360	0.01138	0.01465	0.01351	0.00907	0.34564	0.18451	0.02906	0.17196	0.02629	0.02329	0.05802	0.00778	0.00214	0.00522	0.04099	0.00589	0.00834

[dist]
# distance from previous block
# <min> <max>
13	43

[block]
# block no. 12 follows, 39 sequences, length 14
# corresponding to MSA columns:
# 551-564
name=unknown_M
#
# <colnr> <probs for GDERKNQSTAVLIFYWHMCP>
#	G	D	E	R	K	N	Q	S	T	A	V	L	I	F	Y	W	H	M	C	P
0	0.01778	0.01808	0.01788	0.14893	0.02263	0.24565	0.07428	0.16132	0.19145	0.02183	0.01417	0.01542	0.01074	0.00662	0.00585	0.00181	0.00788	0.00532	0.00423	0.00812
1	0.12658	0.01372	0.14328	0.01136	0.01503	0.01177	0.01056	0.18597	0.01510	0.02286	0.07719	0.01912	0.01477	0.02049	0.28098	0.00460	0.00968	0.00569	0.00406	0.00721
2	0.01304	0.07994	0.15451	0.00944	0.01356	0.00908	0.00924	0.01577	0.01393	0.18192	0.03785	0.03611	0.38125	0.01062	0.00622	0.00187	0.00484	0.00867	0.00507	0.00706
3	0.08645	0.30870	0.01988	0.01019	0.01498	0.08580	0.00889	0.07650	0.01368	0.01892	0.00963	0.01100	0.00812	0.00512	0.00431	0.00124	0.00589	0.00353	0.00331	0.30386
4	0.01132	0.11878	0.01175	0.00907	0.01063	0.14171	0.00662	0.01236	0.01194	0.01405	0.02458	0.29007	0.09830	0.19870	0.01196	0.00284	0.00561	0.01024	0.00420	0.00528
5	0.01396	0.01127	0.01502	0.01259	0.01592	0.01155	0.10907	0.25043	0.04209	0.02412	0.02960	0.03865	0.19369	0.01114	0.00691	0.00211	0.00581	0.19345	0.00529	0.00733
