[name]
unknown

[dist]
# distance from previous block
# <min> <max>
0	152

[block]
# block no. 0 follows, 50 sequences, length 36
# corresponding to MSA columns:
# 152-187
name=unknown_A
#
# <colnr> <probs for GDERKNQSTAVLIFYWHMCP>
#	G	D	E	R	K	N	Q	S	T	A	V	L	I	F	Y	W	H	M	C	P
0	0.04507	0.00844	0.00987	0.00925	0.01123	0.00899	0.00761	0.26378	0.01468	0.01989	0.01948	0.06539	0.01984	0.11826	0.00853	0.00233	0.00483	0.35239	0.00446	0.00568
1	0.28631	0.00756	0.00747	0.00704	0.00874	0.00819	0.00520	0.10218	0.02697	0.01757	0.01645	0.17663	0.04397	0.22510	0.01015	0.00254	0.00410	0.03523	0.00375	0.00485
2	0.01423	0.01438	0.01189	0.01041	0.01253	0.31112	0.03514	0.17398	0.03395	0.01597	0.01238	0.06389	0.01180	0.20570	0.04877	0.00258	0.00695	0.00536	0.00337	0.00560
3	0.01351	0.00663	0.00880	0.00737	0.00975	0.00586	0.00580	0.01563	0.01389	0.34098	0.42607	0.02774	0.03057	0.02571	0.00586	0.00160	0.00324	0.00709	0.00562	0.03828
4	0.00606	0.00458	0.00554	0.00630	0.00701	0.00413	0.00431	0.00702	0.01002	0.01284	0.03418	0.55163	0.26801	0.04518	0.00693	0.00202	0.00285	0.01278	0.00457	0.00406
5	0.01188	0.01313	0.02759	0.02291	0.17866	0.01245	0.62448	0.01583	0.01168	0.01603	0.00994	0.01322	0.00763	0.00425	0.00569	0.00164	0.00791	0.00560	0.00251	0.00696
6	0.01124	0.01182	0.01479	0.65381	0.03057	0.16886	0.01301	0.01416	0.01079	0.01263	0.00863	0.01243	0.00660	0.00501	0.00489	0.00159	0.00711	0.00419	0.00229	0.00559
7	0.00617	0.00438	0.00575	0.00681	0.00708	0.00412	0.00449	0.00697	0.00935	0.01246	0.02647	0.75431	0.03170	0.08460	0.00798	0.00226	0.00306	0.01358	0.00449	0.00396
8	0.00607	0.00434	0.00578	0.00694	0.00723	0.00405	0.00463	0.00694	0.00954	0.01272	0.02747	0.82157	0.03297	0.01562	0.00636	0.00202	0.00289	0.01417	0.00463	0.00405
9	0.69196	0.01006	0.00835	0.00735	0.01046	0.01162	0.00600	0.06565	0.11345	0.02275	0.00905	0.00975	0.00691	0.00500	0.00347	0.00156	0.00397	0.00321	0.00347	0.00593
10	0.69162	0.00920	0.00788	0.00686	0.00994	0.01025	0.00563	0.01568	0.00963	0.13034	0.05609	0.01109	0.00888	0.00518	0.00352	0.00154	0.00382	0.00340	0.00366	0.00579
11	0.01309	0.77147	0.08043	0.00893	0.01341	0.01915	0.00922	0.01499	0.01016	0.01201	0.00707	0.00817	0.00639	0.00430	0.00331	0.00110	0.00547	0.00274	0.00213	0.00646
12	0.01065	0.00844	0.01201	0.00995	0.01246	0.02110	0.13215	0.03183	0.15357	0.09649	0.16241	0.02649	0.17303	0.01168	0.10030	0.00239	0.01760	0.00707	0.00438	0.00599
13	0.01081	0.00918	0.01100	0.07219	0.01385	0.00756	0.00677	0.06127	0.01114	0.01693	0.00906	0.01068	0.00739	0.00394	0.00388	0.00086	0.00404	0.00317	0.00302	0.73326
14	0.01275	0.00921	0.01088	0.00792	0.01223	0.00744	0.00639	0.07454	0.01194	0.13016	0.01066	0.01142	0.00818	0.00423	0.00398	0.00091	0.00391	0.00337	0.00358	0.66629
15	0.01865	0.02286	0.01420	0.01272	0.01541	0.73231	0.00962	0.08946	0.01498	0.01396	0.00810	0.00926	0.00661	0.00521	0.00454	0.00130	0.00867	0.00333	0.00279	0.00603
16	0.01234	0.01184	0.02023	0.03059	0.79373	0.01184	0.01530	0.01530	0.01135	0.01628	0.00938	0.01234	0.00790	0.00444	0.00493	0.00148	0.00592	0.00444	0.00247	0.00790
17	0.00705	0.00510	0.00666	0.00627	0.00745	0.00470	0.00470	0.00941	0.01411	0.01999	0.79110	0.03723	0.04703	0.01019	0.00588	0.00157	0.00235	0.00901	0.00549	0.00470
18	0.00758	0.00663	0.01101	0.00960	0.01136	0.00611	0.18156	0.00945	0.01065	0.01425	0.05325	0.39192	0.18874	0.01153	0.00595	0.00180	0.00402	0.01069	0.05912	0.00476
19	0.01026	0.09005	0.73707	0.01375	0.02087	0.01223	0.01762	0.01572	0.01049	0.01546	0.00878	0.01032	0.00632	0.00470	0.00461	0.00154	0.00720	0.00360	0.00211	0.00729
20	0.00747	0.00641	0.00848	0.01044	0.16336	0.00585	0.00631	0.00935	0.01206	0.01570	0.23216	0.03813	0.44501	0.01037	0.00570	0.00161	0.00316	0.00893	0.00442	0.00507
21	0.01363	0.01290	0.01913	0.02688	0.63902	0.06372	0.01415	0.11766	0.01315	0.01805	0.00961	0.01207	0.00788	0.00469	0.00491	0.00147	0.00606	0.00437	0.00281	0.00784
22	0.08503	0.01365	0.01192	0.01034	0.01307	0.19822	0.00804	0.30313	0.09820	0.02131	0.01452	0.17259	0.01332	0.00767	0.00500	0.00158	0.00550	0.00609	0.00420	0.00665
23	0.01101	0.27050	0.56318	0.01247	0.01889	0.01406	0.01540	0.01552	0.01040	0.01455	0.00833	0.00975	0.00634	0.00459	0.00427	0.00142	0.00675	0.00337	0.00211	0.00707
24	0.01828	0.01333	0.01411	0.01110	0.01486	0.03931	0.00907	0.57987	0.13270	0.09485	0.01370	0.01326	0.00972	0.00609	0.00499	0.00152	0.00527	0.00466	0.00502	0.00831
25	0.00628	0.00472	0.00616	0.00682	0.00752	0.00459	0.00484	0.00744	0.00954	0.01260	0.02873	0.47911	0.17897	0.02014	0.19418	0.00336	0.00528	0.01137	0.00417	0.00417
26	0.47067	0.00868	0.00855	0.00731	0.01030	0.00919	0.02580	0.01577	0.04385	0.17472	0.04971	0.01766	0.12697	0.00645	0.00417	0.00157	0.00379	0.00481	0.00410	0.00595
27	0.01600	0.01639	0.01292	0.01131	0.01420	0.33465	0.00878	0.18524	0.26078	0.01921	0.01469	0.01517	0.04107	0.00630	0.00489	0.00150	0.00629	0.01966	0.00401	0.00695
28	0.00652	0.00489	0.00669	0.00748	0.00783	0.00506	0.00524	0.00753	0.00921	0.01252	0.02423	0.66159	0.02851	0.01812	0.11489	0.00284	0.05609	0.01235	0.00421	0.00419
29	0.01246	0.01411	0.02180	0.01635	0.02042	0.16856	0.45374	0.01553	0.01185	0.01499	0.01088	0.07882	0.00941	0.00526	0.00534	0.00150	0.00742	0.00563	0.00276	0.12316
30	0.00692	0.00509	0.00647	0.00612	0.00736	0.00464	0.00459	0.00914	0.01378	0.01921	0.70255	0.03852	0.13607	0.01048	0.00588	0.00158	0.00237	0.00919	0.00538	0.00464
31	0.00624	0.00455	0.00591	0.00689	0.00742	0.00422	0.00480	0.00732	0.01006	0.01326	0.05991	0.65112	0.11258	0.01495	0.00633	0.00199	0.00296	0.07068	0.00466	0.00413
32	0.08506	0.01043	0.01789	0.01342	0.01714	0.01015	0.30232	0.01780	0.01199	0.29874	0.01621	0.01681	0.07186	0.00604	0.00629	0.00167	0.07969	0.00554	0.00403	0.00693
33	0.00941	0.00886	0.01495	0.81285	0.03433	0.01107	0.01384	0.01274	0.00997	0.01274	0.00886	0.01329	0.00664	0.00498	0.00498	0.00166	0.00664	0.00443	0.00221	0.00554
34	0.01414	0.59984	0.08561	0.00986	0.01403	0.17892	0.00955	0.01601	0.01097	0.01215	0.00725	0.00840	0.00639	0.00448	0.00359	0.00115	0.00624	0.00286	0.00222	0.00635
35	0.01201	0.50201	0.27559	0.01028	0.01556	0.01603	0.01153	0.01501	0.01027	0.01341	0.00774	0.00900	0.00645	0.00437	0.00374	0.00121	0.00586	0.00302	0.00219	0.07474

[dist]
# distance from previous block
# <min> <max>
0	2

[block]
# block no. 1 follows, 50 sequences, length 11
# corresponding to MSA columns:
# 190-200
name=unknown_B
#
# <colnr> <probs for GDERKNQSTAVLIFYWHMCP>
#	G	D	E	R	K	N	Q	S	T	A	V	L	I	F	Y	W	H	M	C	P
0	0.20872	0.00946	0.01050	0.00840	0.01178	0.00963	0.00689	0.18403	0.01449	0.36139	0.01471	0.01408	0.00999	0.00574	0.00439	0.00149	0.00419	0.00433	0.10848	0.00732
1	0.00778	0.00556	0.00774	0.00889	0.00993	0.00552	0.00759	0.00989	0.01122	0.01463	0.02653	0.15515	0.02924	0.01401	0.00682	0.00226	0.00437	0.66375	0.00459	0.00452
2	0.00749	0.00588	0.00850	0.19316	0.01375	0.00612	0.00694	0.00984	0.01236	0.01701	0.46399	0.15037	0.03482	0.00995	0.00579	0.00169	0.00352	0.03946	0.00456	0.00479
3	0.00618	0.00442	0.00591	0.00707	0.00740	0.00414	0.00482	0.00713	0.00965	0.01285	0.02741	0.77845	0.03273	0.01551	0.00639	0.00204	0.00299	0.05621	0.00462	0.00408
4	0.00719	0.00506	0.00661	0.00661	0.00701	0.00547	0.00448	0.00800	0.00760	0.01053	0.01463	0.02669	0.01555	0.46672	0.37996	0.00628	0.00871	0.00638	0.00286	0.00367
5	0.13016	0.00941	0.01150	0.00894	0.01271	0.00898	0.00738	0.13028	0.01482	0.58795	0.01692	0.01511	0.01089	0.00594	0.00476	0.00154	0.00437	0.00464	0.00560	0.00808
6	0.01034	0.00886	0.01034	0.00738	0.01181	0.00664	0.00591	0.01255	0.01034	0.01624	0.00886	0.01034	0.00738	0.00369	0.00369	0.00074	0.00369	0.00295	0.00295	0.85530
7	0.01384	0.01190	0.01358	0.01038	0.01432	0.13237	0.10080	0.07324	0.01257	0.11753	0.01119	0.04333	0.00898	0.00494	0.00446	0.00115	0.00527	0.00417	0.00348	0.41249
8	0.00844	0.00719	0.00749	0.00677	0.00839	0.06577	0.00487	0.00973	0.01005	0.01337	0.11953	0.02789	0.14842	0.25293	0.12032	0.00325	0.00538	0.00662	0.00351	0.17008
9	0.22392	0.01813	0.01217	0.01084	0.01369	0.47739	0.00834	0.05446	0.06020	0.06399	0.00921	0.00998	0.00716	0.00521	0.00424	0.00140	0.00698	0.00340	0.00318	0.00610
10	0.08074	0.11187	0.01747	0.01190	0.01593	0.01383	0.13776	0.34442	0.06567	0.13307	0.01227	0.01256	0.00881	0.00545	0.00478	0.00150	0.00556	0.00451	0.00425	0.00766

[dist]
# distance from previous block
# <min> <max>
3	11

[block]
# block no. 2 follows, 50 sequences, length 50
# corresponding to MSA columns:
# 212-261
name=unknown_C
#
# <colnr> <probs for GDERKNQSTAVLIFYWHMCP>
#	G	D	E	R	K	N	Q	S	T	A	V	L	I	F	Y	W	H	M	C	P
0	0.01533	0.00816	0.01157	0.01128	0.11336	0.00723	0.02527	0.01733	0.01245	0.38448	0.03557	0.12071	0.06273	0.00760	0.00518	0.00154	0.00419	0.03982	0.00484	0.11136
1	0.02658	0.00626	0.00849	0.00762	0.00915	0.00613	0.06176	0.02477	0.05636	0.01815	0.41513	0.03289	0.05836	0.09462	0.00764	0.00194	0.00342	0.06735	0.08845	0.00491
2	0.00712	0.00534	0.00801	0.00801	0.00890	0.00623	0.00623	0.00890	0.00801	0.01157	0.01335	0.01958	0.01246	0.03738	0.80507	0.00801	0.01335	0.00534	0.00267	0.00445
3	0.01017	0.06634	0.75991	0.01392	0.02113	0.01199	0.01792	0.01574	0.01050	0.01558	0.00884	0.01040	0.00632	0.00471	0.00466	0.00155	0.00726	0.00363	0.00211	0.00732
4	0.00589	0.00505	0.00505	0.00505	0.00673	0.00421	0.00379	0.00715	0.01136	0.01347	0.05049	0.04797	0.79171	0.01262	0.00589	0.00168	0.00252	0.01052	0.00463	0.00421
5	0.00659	0.00508	0.00601	0.00578	0.00716	0.00450	0.00433	0.00850	0.01300	0.01736	0.49265	0.04156	0.34712	0.01117	0.00588	0.00161	0.00242	0.00962	0.00514	0.00450
6	0.00607	0.00434	0.00578	0.00694	0.00723	0.00405	0.00463	0.00694	0.00954	0.01272	0.02747	0.82157	0.03297	0.01562	0.00636	0.00202	0.00289	0.01417	0.00463	0.00405
7	0.01142	0.01636	0.21053	0.01674	0.02152	0.09006	0.41633	0.01532	0.01117	0.01489	0.01011	0.01368	0.00804	0.04374	0.07533	0.00230	0.00848	0.00510	0.00246	0.00642
8	0.00941	0.00886	0.01495	0.81285	0.03433	0.01107	0.01384	0.01274	0.00997	0.01274	0.00886	0.01329	0.00664	0.00498	0.00498	0.00166	0.00664	0.00443	0.00221	0.00554
9	0.01019	0.00888	0.01070	0.00805	0.01173	0.00755	0.00644	0.01220	0.00997	0.01555	0.00953	0.05161	0.00858	0.00490	0.00535	0.00098	0.10132	0.00369	0.00295	0.70984
10	0.01227	0.00938	0.01176	0.01024	0.01186	0.01131	0.00825	0.01784	0.25740	0.11863	0.08812	0.01746	0.01453	0.00882	0.03950	0.00204	0.29280	0.00535	0.05596	0.00647
11	0.01754	0.01350	0.01361	0.01092	0.01444	0.08887	0.00883	0.48822	0.14239	0.08705	0.05289	0.01441	0.01160	0.00625	0.00500	0.00151	0.00532	0.00482	0.00489	0.00794
12	0.01196	0.49907	0.34293	0.01086	0.01639	0.01638	0.01258	0.01528	0.01029	0.01339	0.00776	0.00903	0.00636	0.00446	0.00383	0.00128	0.00617	0.00308	0.00212	0.00679
13	0.04837	0.01283	0.01305	0.01049	0.01406	0.06160	0.00846	0.41932	0.19951	0.04172	0.03124	0.01373	0.01068	0.00595	0.00480	0.00146	0.00501	0.00458	0.00463	0.08851
14	0.01283	0.01339	0.00992	0.00918	0.01124	0.34082	0.00689	0.02555	0.04251	0.06127	0.13061	0.09851	0.19998	0.00871	0.00525	0.00152	0.00545	0.00698	0.00400	0.00538
15	0.01593	0.01772	0.01292	0.01162	0.01435	0.43101	0.00887	0.05157	0.34879	0.01668	0.01333	0.01327	0.01031	0.00587	0.00476	0.00147	0.00667	0.00431	0.00375	0.00680
16	0.01429	0.01121	0.01201	0.01032	0.01343	0.01269	0.00816	0.17292	0.58896	0.07039	0.01862	0.01720	0.01372	0.00657	0.00505	0.00164	0.00426	0.00537	0.00512	0.00804
17	0.01824	0.01274	0.01377	0.01066	0.01437	0.01393	0.00877	0.65826	0.02164	0.07703	0.01285	0.01290	0.00912	0.00598	0.00485	0.00147	0.00511	0.00453	0.08567	0.00811
18	0.00719	0.00505	0.00655	0.00655	0.00694	0.00544	0.00441	0.00796	0.00758	0.01049	0.01469	0.02697	0.01567	0.48386	0.36299	0.00621	0.00852	0.00642	0.00287	0.00364
19	0.01895	0.01396	0.01496	0.01147	0.01546	0.01546	0.00947	0.77711	0.02344	0.03141	0.01197	0.01197	0.00848	0.00598	0.00499	0.00150	0.00548	0.00449	0.00499	0.00848
20	0.00607	0.00434	0.00578	0.00694	0.00723	0.00405	0.00463	0.00694	0.00954	0.01272	0.02747	0.82157	0.03297	0.01562	0.00636	0.00202	0.00289	0.01417	0.00463	0.00405
21	0.00716	0.00519	0.00726	0.00726	0.00789	0.00582	0.00530	0.00842	0.00779	0.01102	0.01404	0.02338	0.01411	0.26679	0.57792	0.00708	0.01087	0.00590	0.00277	0.00403
22	0.00941	0.00886	0.01495	0.81285	0.03433	0.01107	0.01384	0.01274	0.00997	0.01274	0.00886	0.01329	0.00664	0.00498	0.00498	0.00166	0.00664	0.00443	0.00221	0.00554
23	0.02044	0.01157	0.01348	0.01033	0.01427	0.01191	0.00854	0.44872	0.01944	0.36546	0.01532	0.01415	0.01016	0.00606	0.00500	0.00152	0.00494	0.00472	0.00550	0.00848
24	0.01194	0.01135	0.08040	0.00980	0.01419	0.02204	0.07102	0.05557	0.10965	0.06624	0.01200	0.01283	0.02309	0.00468	0.00434	0.00113	0.00462	0.00395	0.00344	0.47770
25	0.01192	0.00988	0.01077	0.00952	0.01195	0.05179	0.02846	0.08220	0.39459	0.05003	0.19620	0.08260	0.02253	0.00798	0.00534	0.00164	0.00403	0.00682	0.00497	0.00679
26	0.01143	0.01289	0.02781	0.02007	0.02474	0.01218	0.71737	0.01538	0.01156	0.01571	0.01098	0.05843	0.00896	0.00493	0.00612	0.00171	0.02424	0.00631	0.00263	0.00655
27	0.06629	0.01389	0.12187	0.03292	0.03418	0.04174	0.30162	0.06809	0.01246	0.18215	0.01151	0.01301	0.00821	0.00521	0.00597	0.00163	0.06389	0.00485	0.00341	0.00709
28	0.01222	0.09439	0.60771	0.01287	0.01942	0.01164	0.01581	0.01703	0.01107	0.13707	0.01043	0.01130	0.00726	0.00492	0.00464	0.00153	0.00670	0.00380	0.00274	0.00745
29	0.02141	0.00870	0.01154	0.00899	0.01275	0.00781	0.00738	0.02450	0.08810	0.72279	0.01972	0.01712	0.01261	0.00623	0.00502	0.00156	0.00421	0.00507	0.00606	0.00843
30	0.00983	0.02250	0.67339	0.01311	0.01945	0.01047	0.01630	0.01487	0.01050	0.03711	0.01167	0.11675	0.00997	0.00620	0.00496	0.00164	0.00669	0.00509	0.00255	0.00696
31	0.01175	0.17045	0.55546	0.01301	0.01940	0.01274	0.04928	0.01637	0.01083	0.08251	0.00955	0.01075	0.00690	0.00475	0.00453	0.00149	0.00677	0.00371	0.00248	0.00726
32	0.01134	0.01082	0.01842	0.29858	0.53358	0.01158	0.01480	0.01442	0.01088	0.01507	0.00920	0.01266	0.00747	0.00463	0.00495	0.00154	0.00617	0.00444	0.00238	0.00709
33	0.00725	0.00485	0.00550	0.00550	0.00553	0.00487	0.00310	0.00729	0.00727	0.00971	0.01564	0.03228	0.01797	0.80440	0.04560	0.00491	0.00505	0.00720	0.00301	0.00306
34	0.04020	0.04022	0.28359	0.01353	0.01794	0.44497	0.05934	0.01799	0.01250	0.01395	0.00824	0.00974	0.00642	0.00491	0.00459	0.00141	0.00817	0.00351	0.00241	0.00638
35	0.02003	0.00883	0.01133	0.00902	0.01260	0.00828	0.00734	0.02441	0.16942	0.62115	0.01970	0.01733	0.01293	0.00628	0.00499	0.00156	0.00413	0.00513	0.02725	0.00827
36	0.00723	0.00491	0.00585	0.00585	0.00599	0.00506	0.00354	0.00751	0.00737	0.00997	0.01533	0.03052	0.01721	0.69787	0.15108	0.00534	0.00621	0.00694	0.00296	0.00325
37	0.00939	0.00745	0.01042	0.04838	0.01197	0.00848	0.02924	0.01232	0.07745	0.04975	0.12167	0.14379	0.02304	0.01156	0.03209	0.00217	0.17585	0.21563	0.00409	0.00527
38	0.06333	0.01261	0.04024	0.01752	0.03616	0.01337	0.44085	0.01454	0.01015	0.01503	0.00867	0.01218	0.00707	0.00576	0.00917	0.00183	0.27774	0.00510	0.00243	0.00626
39	0.00941	0.00886	0.01495	0.81285	0.03433	0.01107	0.01384	0.01274	0.00997	0.01274	0.00886	0.01329	0.00664	0.00498	0.00498	0.00166	0.00664	0.00443	0.00221	0.00554
40	0.00620	0.00444	0.00590	0.00685	0.00726	0.00413	0.00464	0.00726	0.01014	0.01367	0.12732	0.71902	0.03481	0.01491	0.00630	0.00196	0.00282	0.01350	0.00474	0.00413
41	0.01034	0.00886	0.01034	0.00738	0.01181	0.00664	0.00591	0.01255	0.01034	0.01624	0.00886	0.01034	0.00738	0.00369	0.00369	0.00074	0.00369	0.00295	0.00295	0.85530
42	0.00967	0.02787	0.19927	0.00935	0.01232	0.11169	0.00892	0.01335	0.06010	0.01754	0.40509	0.05986	0.02860	0.00813	0.00535	0.00155	0.00460	0.00687	0.00417	0.00568
43	0.00697	0.00471	0.00552	0.00580	0.00587	0.00464	0.00341	0.00717	0.00780	0.01040	0.01854	0.22283	0.02170	0.62973	0.02079	0.00416	0.00436	0.00892	0.00341	0.00327
44	0.00705	0.00510	0.00666	0.00627	0.00745	0.00470	0.00470	0.00941	0.01411	0.01999	0.79110	0.03723	0.04703	0.01019	0.00588	0.00157	0.00235	0.00901	0.00549	0.00470
45	0.08844	0.01244	0.01558	0.01589	0.20252	0.01364	0.03951	0.35254	0.13173	0.02396	0.01184	0.01272	0.00896	0.00566	0.00536	0.00156	0.04132	0.00454	0.00401	0.00778
46	0.00627	0.00512	0.00561	0.00589	0.00738	0.00446	0.00457	0.00768	0.01126	0.01367	0.04482	0.10093	0.60995	0.01302	0.00609	0.00181	0.00290	0.13968	0.00462	0.00426
47	0.00788	0.00530	0.00682	0.00632	0.00770	0.00482	0.00478	0.01011	0.01387	0.06693	0.67640	0.03697	0.11281	0.01017	0.00583	0.00158	0.00248	0.00891	0.00545	0.00489
48	0.01212	0.01166	0.01835	0.23497	0.52659	0.04589	0.01442	0.04783	0.01163	0.01583	0.00928	0.01243	0.00753	0.00468	0.00493	0.00152	0.00622	0.00439	0.00251	0.00721
49	0.01015	0.02472	0.73256	0.01479	0.02196	0.01166	0.08379	0.01580	0.01063	0.01580	0.00904	0.01078	0.00642	0.00469	0.00483	0.00159	0.00746	0.00387	0.00214	0.00731

[dist]
# distance from previous block
# <min> <max>
0	22

[block]
# block no. 3 follows, 50 sequences, length 59
# corresponding to MSA columns:
# 284-342
name=unknown_D
#
# <colnr> <probs for GDERKNQSTAVLIFYWHMCP>
#	G	D	E	R	K	N	Q	S	T	A	V	L	I	F	Y	W	H	M	C	P
0	0.00756	0.00540	0.00731	0.00763	0.00822	0.00579	0.00578	0.00873	0.00880	0.01193	0.01821	0.07563	0.01965	0.26925	0.23639	0.03508	0.03505	0.22620	0.00340	0.00398
1	0.00713	0.00530	0.00780	0.00780	0.00862	0.00612	0.00597	0.00877	0.00795	0.01142	0.01354	0.02063	0.01291	0.10049	0.74259	0.00776	0.01267	0.00549	0.00270	0.00434
2	0.01862	0.02376	0.01413	0.01284	0.01541	0.80482	0.00963	0.01990	0.01413	0.01220	0.00770	0.00899	0.00642	0.00514	0.00449	0.00128	0.00899	0.00321	0.00257	0.00578
3	0.00668	0.00511	0.00615	0.00598	0.00734	0.00458	0.00455	0.00863	0.01296	0.01733	0.47854	0.04219	0.31875	0.01127	0.00594	0.00165	0.00254	0.05018	0.00512	0.00452
4	0.01786	0.02239	0.01378	0.01234	0.01508	0.73143	0.00929	0.01923	0.01378	0.01257	0.00781	0.00911	0.00651	0.00500	0.00442	0.00123	0.00850	0.00319	0.00260	0.08389
5	0.86003	0.00964	0.00733	0.00655	0.00964	0.01118	0.00540	0.01465	0.00848	0.02236	0.00694	0.00810	0.00540	0.00463	0.00308	0.00154	0.00386	0.00270	0.00308	0.00540
6	0.00606	0.00440	0.00572	0.00678	0.00719	0.00406	0.00456	0.00696	0.00969	0.01279	0.02937	0.75771	0.09560	0.01537	0.00632	0.00200	0.00286	0.01387	0.00463	0.00406
7	0.01176	0.01345	0.02941	0.02101	0.02605	0.01261	0.77563	0.01597	0.01176	0.01597	0.01008	0.01345	0.00756	0.00420	0.00588	0.00168	0.00840	0.00588	0.00252	0.00672
8	0.01216	0.01166	0.01991	0.07817	0.74755	0.01180	0.01521	0.01514	0.01127	0.01607	0.00934	0.01239	0.00782	0.00447	0.00494	0.00149	0.00597	0.00444	0.00245	0.00775
9	0.00951	0.00568	0.00723	0.00705	0.00849	0.00525	0.00519	0.01168	0.05134	0.15383	0.22985	0.34099	0.12086	0.01171	0.00588	0.00176	0.00300	0.01033	0.00515	0.00522
10	0.00966	0.00500	0.00504	0.00491	0.00618	0.00506	0.00371	0.04085	0.01095	0.01907	0.01610	0.01833	0.01261	0.00581	0.00354	0.00117	0.00244	0.00464	0.82013	0.00479
11	0.01333	0.82783	0.02612	0.00853	0.01279	0.01972	0.00853	0.01493	0.01013	0.01173	0.00693	0.00800	0.00640	0.00426	0.00320	0.00107	0.00533	0.00267	0.00213	0.00640
12	0.01272	0.00699	0.00866	0.00755	0.00987	0.00662	0.00589	0.01647	0.13011	0.27354	0.26200	0.07550	0.12782	0.00891	0.00545	0.00161	0.00327	0.00761	0.02308	0.00632
13	0.00607	0.00434	0.00578	0.00694	0.00723	0.00405	0.00463	0.00694	0.00954	0.01272	0.02747	0.82157	0.03297	0.01562	0.00636	0.00202	0.00289	0.01417	0.00463	0.00405
14	0.01355	0.00825	0.00945	0.00809	0.01084	0.00817	0.00639	0.10343	0.18328	0.24291	0.02948	0.06695	0.27033	0.00887	0.00538	0.00164	0.00368	0.00736	0.00521	0.00672
15	0.01058	0.16669	0.66321	0.01321	0.02003	0.01301	0.01668	0.01563	0.01045	0.01507	0.00859	0.01008	0.00633	0.00465	0.00447	0.00149	0.00701	0.00350	0.00211	0.00720
16	0.01747	0.02188	0.01393	0.01263	0.01492	0.70504	0.00957	0.01876	0.01333	0.01215	0.00788	0.00963	0.00671	0.00693	0.04281	0.00167	0.07305	0.00340	0.00254	0.00569
17	0.01034	0.00886	0.01034	0.00738	0.01181	0.00664	0.00591	0.01255	0.01034	0.01624	0.00886	0.01034	0.00738	0.00369	0.00369	0.00074	0.00369	0.00295	0.00295	0.85530
18	0.01873	0.01385	0.01484	0.01142	0.01537	0.01536	0.00942	0.75208	0.04882	0.03106	0.01224	0.01219	0.00870	0.00601	0.00499	0.00150	0.00543	0.00453	0.00499	0.00846
19	0.00866	0.00433	0.00649	0.00649	0.00649	0.00433	0.00433	0.00649	0.00649	0.00866	0.00866	0.01515	0.00866	0.01732	0.01948	0.85498	0.00433	0.00433	0.00216	0.00216
20	0.01687	0.01293	0.01379	0.01105	0.01467	0.01449	0.00897	0.53899	0.26495	0.02806	0.01461	0.01407	0.01061	0.00623	0.00501	0.00156	0.00500	0.00485	0.00501	0.00829
21	0.00604	0.00446	0.00566	0.00663	0.00715	0.00407	0.00449	0.00698	0.00984	0.01285	0.03129	0.69330	0.15878	0.01512	0.00628	0.00197	0.00283	0.01356	0.00463	0.00407
22	0.02071	0.00951	0.01201	0.00938	0.01313	0.00906	0.00769	0.12965	0.10682	0.59831	0.01866	0.01646	0.01214	0.00621	0.00502	0.00155	0.00438	0.00501	0.00587	0.00841
23	0.01091	0.01091	0.01527	0.01309	0.01309	0.01527	0.01091	0.01200	0.00763	0.01200	0.00654	0.01091	0.00654	0.00872	0.01636	0.00218	0.81570	0.00436	0.00218	0.00545
24	0.00622	0.00458	0.00583	0.00659	0.00724	0.00419	0.00457	0.00737	0.01049	0.01388	0.13571	0.57870	0.15374	0.01437	0.00623	0.00191	0.00279	0.02668	0.00474	0.00417
25	0.00660	0.00508	0.00604	0.00580	0.00717	0.00451	0.00435	0.00854	0.01305	0.01747	0.50483	0.04138	0.33488	0.01113	0.00588	0.00161	0.00242	0.00960	0.00516	0.00451
26	0.02236	0.00848	0.01157	0.00887	0.01272	0.00733	0.00733	0.02429	0.01427	0.79719	0.01966	0.01697	0.01234	0.00617	0.00501	0.00154	0.00424	0.00501	0.00617	0.00848
27	0.00774	0.00610	0.00861	0.00827	0.00884	0.00735	0.00630	0.00904	0.00779	0.01124	0.01277	0.02091	0.01270	0.19505	0.52155	0.00645	0.13670	0.00558	0.00267	0.00431
28	0.00719	0.00489	0.00583	0.00586	0.00601	0.00501	0.00355	0.00748	0.00744	0.01005	0.01574	0.05639	0.01777	0.68237	0.13972	0.00521	0.00603	0.00719	0.00302	0.00326
29	0.01862	0.02376	0.01413	0.01284	0.01541	0.80482	0.00963	0.01990	0.01413	0.01220	0.00770	0.00899	0.00642	0.00514	0.00449	0.00128	0.00899	0.00321	0.00257	0.00578
30	0.00607	0.00434	0.00578	0.00694	0.00723	0.00405	0.00463	0.00694	0.00954	0.01272	0.02747	0.82157	0.03297	0.01562	0.00636	0.00202	0.00289	0.01417	0.00463	0.00405
31	0.00902	0.00730	0.00829	0.00766	0.00953	0.00767	0.00585	0.01587	0.31681	0.01959	0.40436	0.03112	0.11864	0.00912	0.00556	0.00163	0.00300	0.00786	0.00523	0.00590
32	0.01223	0.56252	0.28178	0.01041	0.01570	0.01703	0.01180	0.01521	0.01026	0.01307	0.00760	0.00883	0.00637	0.00442	0.00371	0.00124	0.00600	0.00300	0.00212	0.00672
33	0.00723	0.00531	0.00784	0.00784	0.00875	0.00615	0.00609	0.00904	0.00813	0.01192	0.01350	0.01953	0.01248	0.03581	0.76524	0.00767	0.01280	0.00531	0.04490	0.00446
34	0.00613	0.00499	0.00542	0.00545	0.00691	0.00429	0.00404	0.00756	0.01171	0.01463	0.18838	0.11707	0.58117	0.01244	0.00593	0.00169	0.00253	0.01057	0.00479	0.00429
35	0.01852	0.01393	0.01434	0.01124	0.01498	0.06665	0.00917	0.64747	0.03606	0.06815	0.01279	0.04104	0.00954	0.00630	0.00501	0.00151	0.00553	0.00480	0.00488	0.00813
36	0.01832	0.02257	0.01410	0.01273	0.01520	0.73621	0.00963	0.01962	0.01378	0.03763	0.00803	0.00935	0.00662	0.00536	0.00515	0.00134	0.05253	0.00333	0.00266	0.00585
37	0.01075	0.00972	0.03871	0.00783	0.01234	0.00726	0.00653	0.05066	0.01099	0.01698	0.00902	0.01042	0.00740	0.00384	0.00379	0.00081	0.00391	0.00306	0.00302	0.78296
38	0.01451	0.01221	0.01874	0.02437	0.53432	0.01247	0.03805	0.19992	0.01446	0.06642	0.01064	0.01256	0.00829	0.00491	0.00498	0.00149	0.00580	0.00453	0.00330	0.00803
39	0.00681	0.00517	0.00632	0.00627	0.00761	0.00468	0.00487	0.00879	0.01284	0.01713	0.44035	0.04342	0.28981	0.01149	0.00602	0.00171	0.00272	0.11438	0.00508	0.00452
40	0.00711	0.00484	0.00600	0.00648	0.00738	0.00436	0.00453	0.00823	0.01055	0.05994	0.09127	0.49236	0.22133	0.04277	0.00681	0.00198	0.00291	0.01207	0.00473	0.00437
41	0.01157	0.21419	0.27725	0.01580	0.02140	0.01399	0.34566	0.01566	0.01097	0.01488	0.00895	0.01118	0.00688	0.00439	0.00486	0.00150	0.00733	0.00439	0.00229	0.00685
42	0.00850	0.00516	0.00567	0.00565	0.00636	0.00520	0.00377	0.04910	0.00969	0.01478	0.01740	0.13771	0.01760	0.34203	0.01292	0.00280	0.00359	0.00705	0.34093	0.00410
43	0.00626	0.00487	0.00569	0.00590	0.00706	0.00430	0.00427	0.00771	0.01162	0.01505	0.24733	0.25713	0.37941	0.01278	0.00602	0.00175	0.00258	0.01111	0.00486	0.00430
44	0.01315	0.78472	0.06766	0.00883	0.01327	0.01928	0.00906	0.01497	0.01015	0.01195	0.00704	0.00813	0.00639	0.00429	0.00328	0.00109	0.00544	0.00272	0.00213	0.00645
45	0.00921	0.11801	0.01366	0.00994	0.01204	0.00920	0.11491	0.02703	0.02574	0.02610	0.05805	0.01797	0.01296	0.02485	0.49108	0.00543	0.01042	0.00525	0.00290	0.00527
46	0.01891	0.03613	0.01188	0.00859	0.01261	0.00790	0.00710	0.05213	0.01352	0.54417	0.01622	0.01480	0.01074	0.00548	0.00462	0.00132	0.00419	0.00440	0.00518	0.22009
47	0.01252	0.63404	0.21285	0.00990	0.01491	0.01775	0.01092	0.01513	0.01022	0.01271	0.00742	0.00861	0.00638	0.00438	0.00357	0.00119	0.00582	0.00291	0.00213	0.00663
48	0.01061	0.00882	0.01213	0.01045	0.01151	0.01089	0.00849	0.01202	0.00855	0.07224	0.00993	0.01447	0.00909	0.05538	0.20493	0.00349	0.41897	0.00462	0.00274	0.11065
49	0.01299	0.00911	0.01053	0.00954	0.03935	0.00960	0.00720	0.11917	0.30429	0.13761	0.17585	0.02413	0.10339	0.00780	0.00530	0.00161	0.00379	0.00655	0.00517	0.00702
50	0.01342	0.09910	0.16617	0.01336	0.08681	0.17028	0.01124	0.06555	0.18836	0.01657	0.01132	0.01236	0.00888	0.00569	0.00569	0.00152	0.08194	0.00415	0.03067	0.00692
51	0.00695	0.00511	0.00722	0.04778	0.00970	0.00522	0.00628	0.00848	0.00984	0.01313	0.02391	0.43890	0.02709	0.01819	0.13867	0.00307	0.00528	0.21666	0.00417	0.00434
52	0.00789	0.00564	0.00787	0.00902	0.01010	0.00562	0.00779	0.01008	0.01134	0.01476	0.02647	0.11134	0.02899	0.01390	0.00685	0.00228	0.00447	0.70646	0.00459	0.00455
53	0.01610	0.01254	0.01335	0.01089	0.01437	0.01413	0.00878	0.45029	0.35491	0.02681	0.01559	0.01485	0.01141	0.00632	0.00502	0.00158	0.00481	0.00499	0.00502	0.00822
54	0.01034	0.00886	0.01034	0.00738	0.01181	0.00664	0.00591	0.01255	0.01034	0.01624	0.00886	0.01034	0.00738	0.00369	0.00369	0.00074	0.00369	0.00295	0.00295	0.85530
55	0.00672	0.00465	0.00555	0.00600	0.00620	0.00450	0.00368	0.00712	0.00835	0.01104	0.02201	0.34028	0.06234	0.46969	0.01701	0.00358	0.00396	0.01010	0.00373	0.00348
56	0.01172	0.01331	0.02865	0.02058	0.02535	0.01275	0.73428	0.01575	0.01154	0.01575	0.00989	0.01331	0.00751	0.00445	0.00645	0.00171	0.05206	0.00580	0.00250	0.00665
57	0.00634	0.00460	0.00598	0.00662	0.00726	0.00424	0.00459	0.00765	0.01096	0.01483	0.24470	0.54522	0.09080	0.01387	0.00619	0.00187	0.00271	0.01246	0.00487	0.00424
58	0.02179	0.00868	0.01161	0.00896	0.01274	0.00768	0.00738	0.06397	0.01464	0.73776	0.01944	0.03582	0.01262	0.00638	0.00504	0.00155	0.00428	0.00520	0.00607	0.00838

[dist]
# distance from previous block
# <min> <max>
4	16

[block]
# block no. 4 follows, 50 sequences, length 14
# corresponding to MSA columns:
# 359-372
name=unknown_E
#
# <colnr> <probs for GDERKNQSTAVLIFYWHMCP>
#	G	D	E	R	K	N	Q	S	T	A	V	L	I	F	Y	W	H	M	C	P
0	0.00841	0.00714	0.01088	0.00974	0.01107	0.00746	0.10966	0.05746	0.01114	0.01526	0.13143	0.38806	0.05444	0.01270	0.04205	0.00215	0.10186	0.01001	0.00411	0.00497
1	0.01275	0.00803	0.00858	0.00734	0.00956	0.00853	0.00581	0.24073	0.07110	0.05214	0.06394	0.01772	0.01380	0.00622	0.00425	0.00134	0.00346	0.00496	0.45355	0.00617
2	0.01442	0.01579	0.01821	0.02472	0.53597	0.27446	0.01342	0.01682	0.01227	0.01493	0.00882	0.01123	0.00741	0.00467	0.00479	0.00142	0.00694	0.00403	0.00250	0.00719
3	0.00651	0.00473	0.00601	0.00686	0.00745	0.00444	0.00488	0.00756	0.00984	0.01282	0.02911	0.49274	0.13678	0.11216	0.00867	0.00236	0.00335	0.13528	0.00443	0.00404
4	0.01118	0.23942	0.49670	0.01219	0.01818	0.01386	0.01449	0.01684	0.10348	0.01530	0.00977	0.01081	0.00741	0.00485	0.00436	0.00145	0.00641	0.00364	0.00247	0.00717
5	0.01091	0.01091	0.01527	0.01309	0.01309	0.01527	0.01091	0.01200	0.00763	0.01200	0.00654	0.01091	0.00654	0.00872	0.01636	0.00218	0.81570	0.00436	0.00218	0.00545
6	0.00607	0.00434	0.00578	0.00694	0.00723	0.00405	0.00463	0.00694	0.00954	0.01272	0.02747	0.82157	0.03297	0.01562	0.00636	0.00202	0.00289	0.01417	0.00463	0.00405
7	0.01333	0.82783	0.02612	0.00853	0.01279	0.01972	0.00853	0.01493	0.01013	0.01173	0.00693	0.00800	0.00640	0.00426	0.00320	0.00107	0.00533	0.00267	0.00213	0.00640
8	0.01248	0.01109	0.01174	0.01324	0.17593	0.17387	0.00846	0.03468	0.01209	0.10830	0.03783	0.02247	0.19643	0.01262	0.14383	0.00263	0.00675	0.00596	0.00362	0.00600
9	0.01862	0.02376	0.01413	0.01284	0.01541	0.80482	0.00963	0.01990	0.01413	0.01220	0.00770	0.00899	0.00642	0.00514	0.00449	0.00128	0.00899	0.00321	0.00257	0.00578
10	0.01827	0.11179	0.01630	0.01112	0.01514	0.01597	0.00936	0.68550	0.02184	0.02905	0.01136	0.01149	0.00823	0.00578	0.00477	0.00144	0.00547	0.00427	0.00464	0.00823
11	0.01865	0.02281	0.01421	0.01271	0.01541	0.72864	0.00962	0.09298	0.01502	0.01405	0.00812	0.00928	0.00662	0.00522	0.00454	0.00130	0.00865	0.00333	0.00280	0.00604
12	0.08023	0.01365	0.01440	0.01111	0.01503	0.01515	0.00918	0.72156	0.02235	0.03075	0.01160	0.01169	0.00825	0.00588	0.00485	0.00150	0.00537	0.00436	0.00485	0.00825
13	0.00666	0.00497	0.00618	0.00610	0.00726	0.00450	0.00449	0.00855	0.01284	0.01750	0.51781	0.15458	0.20718	0.01152	0.00595	0.00166	0.00247	0.01010	0.00517	0.00450

[dist]
# distance from previous block
# <min> <max>
0	39

[block]
# block no. 5 follows, 50 sequences, length 52
# corresponding to MSA columns:
# 412-463
name=unknown_F
#
# <colnr> <probs for GDERKNQSTAVLIFYWHMCP>
#	G	D	E	R	K	N	Q	S	T	A	V	L	I	F	Y	W	H	M	C	P
0	0.00615	0.00450	0.00567	0.00653	0.00712	0.00412	0.00446	0.00718	0.01007	0.01329	0.06345	0.63701	0.16435	0.01465	0.00620	0.00193	0.00279	0.01311	0.02330	0.00412
1	0.01160	0.00958	0.01030	0.00933	0.01190	0.01076	0.00725	0.02301	0.61444	0.04291	0.10097	0.02322	0.07511	0.00764	0.00524	0.00168	0.00370	0.01902	0.00511	0.00726
2	0.03582	0.20716	0.08429	0.00992	0.01402	0.04803	0.00904	0.13988	0.09263	0.28996	0.01373	0.01309	0.00966	0.00554	0.00449	0.00143	0.00514	0.00419	0.00433	0.00764
3	0.01248	0.01257	0.01869	0.16373	0.58186	0.09407	0.01446	0.01533	0.01140	0.01525	0.00911	0.01215	0.00753	0.00461	0.00490	0.00149	0.00636	0.00431	0.00243	0.00727
4	0.06237	0.03762	0.01489	0.01113	0.01508	0.01536	0.00923	0.71523	0.02227	0.03037	0.01156	0.01165	0.00826	0.00586	0.00484	0.00149	0.00540	0.00434	0.00480	0.00826
5	0.01148	0.00982	0.01045	0.00951	0.01208	0.01117	0.00735	0.02367	0.66699	0.02010	0.06963	0.05168	0.05896	0.00762	0.00521	0.00170	0.00373	0.00642	0.00506	0.00735
6	0.01049	0.09217	0.07853	0.00817	0.01075	0.00873	0.00717	0.14094	0.01490	0.04828	0.47109	0.04078	0.03138	0.00836	0.00533	0.00151	0.00369	0.00709	0.00478	0.00587
7	0.01790	0.02257	0.01423	0.01286	0.01519	0.73165	0.00975	0.01917	0.01352	0.01218	0.00760	0.00917	0.00643	0.00547	0.00559	0.00137	0.08374	0.00332	0.00253	0.00575
8	0.00611	0.00445	0.00577	0.00681	0.00727	0.00411	0.00464	0.00706	0.00978	0.01286	0.02978	0.72043	0.11001	0.01526	0.00633	0.00200	0.00290	0.03569	0.00463	0.00408
9	0.01862	0.02376	0.01413	0.01284	0.01541	0.80482	0.00963	0.01990	0.01413	0.01220	0.00770	0.00899	0.00642	0.00514	0.00449	0.00128	0.00899	0.00321	0.00257	0.00578
10	0.01169	0.01221	0.01515	0.01306	0.01332	0.09557	0.01078	0.01280	0.00829	0.01202	0.00666	0.01071	0.00653	0.00836	0.01515	0.00209	0.73365	0.00424	0.00222	0.00549
11	0.00706	0.00462	0.00527	0.00575	0.00657	0.00432	0.00399	0.00838	0.01004	0.01437	0.02833	0.36008	0.19109	0.07169	0.00682	0.00190	0.00279	0.01008	0.25268	0.00418
12	0.01862	0.02376	0.01413	0.01284	0.01541	0.80482	0.00963	0.01990	0.01413	0.01220	0.00770	0.00899	0.00642	0.00514	0.00449	0.00128	0.00899	0.00321	0.00257	0.00578
13	0.01649	0.01207	0.01396	0.01113	0.01462	0.01313	0.04830	0.46762	0.17078	0.08692	0.01539	0.08041	0.01207	0.00685	0.00516	0.00159	0.00502	0.00562	0.00494	0.00791
14	0.01284	0.71055	0.13913	0.00936	0.01408	0.01853	0.00997	0.01505	0.01019	0.01232	0.00722	0.00837	0.00638	0.00433	0.00342	0.00114	0.00563	0.00281	0.00213	0.00654
15	0.86003	0.00964	0.00733	0.00655	0.00964	0.01118	0.00540	0.01465	0.00848	0.02236	0.00694	0.00810	0.00540	0.00463	0.00308	0.00154	0.00386	0.00270	0.00308	0.00540
16	0.00721	0.00540	0.00783	0.00777	0.00868	0.00619	0.00602	0.00897	0.00846	0.01220	0.04937	0.02148	0.04348	0.04804	0.68631	0.00711	0.02757	0.00570	0.02775	0.00445
17	0.01222	0.01055	0.01119	0.00991	0.01286	0.01190	0.00772	0.02528	0.71795	0.02045	0.01930	0.01788	0.01454	0.00650	0.00495	0.00161	0.00392	0.00540	0.00489	0.08096
18	0.01034	0.00886	0.01034	0.00738	0.01181	0.00664	0.00591	0.01255	0.01034	0.01624	0.00886	0.01034	0.00738	0.00369	0.00369	0.00074	0.00369	0.00295	0.00295	0.85530
19	0.00607	0.00434	0.00578	0.00694	0.00723	0.00405	0.00463	0.00694	0.00954	0.01272	0.02747	0.82157	0.03297	0.01562	0.00636	0.00202	0.00289	0.01417	0.00463	0.00405
20	0.01091	0.01091	0.01527	0.01309	0.01309	0.01527	0.01091	0.01200	0.00763	0.01200	0.00654	0.01091	0.00654	0.00872	0.01636	0.00218	0.81570	0.00436	0.00218	0.00545
21	0.00745	0.00527	0.00694	0.00728	0.00799	0.00526	0.00522	0.00865	0.01049	0.05450	0.14489	0.52432	0.09867	0.01346	0.00700	0.00191	0.06978	0.01177	0.00464	0.00451
22	0.02202	0.00904	0.01191	0.00913	0.01300	0.00815	0.00754	0.10086	0.01520	0.71930	0.01888	0.01646	0.01195	0.00615	0.00501	0.00154	0.00437	0.00496	0.00605	0.00848
23	0.00929	0.00465	0.00465	0.00465	0.00581	0.00465	0.00348	0.01161	0.01045	0.01858	0.01626	0.01858	0.01278	0.00581	0.00348	0.00116	0.00232	0.00465	0.85250	0.00465
24	0.00678	0.00536	0.00830	0.00829	0.00917	0.00500	0.08305	0.00817	0.01035	0.01398	0.12281	0.63964	0.03217	0.01377	0.00625	0.00193	0.00338	0.01267	0.00452	0.00440
25	0.04731	0.01003	0.01188	0.00949	0.01283	0.01026	0.00767	0.24674	0.11990	0.35761	0.01590	0.01521	0.01096	0.00727	0.00642	0.08835	0.00457	0.00479	0.00516	0.00765
26	0.01404	0.71995	0.02451	0.00911	0.01314	0.12506	0.00868	0.01559	0.01066	0.01179	0.00703	0.00813	0.00640	0.00438	0.00337	0.00110	0.00582	0.00274	0.00219	0.00631
27	0.01318	0.01344	0.01941	0.02821	0.68931	0.11823	0.01454	0.01592	0.01172	0.01574	0.00915	0.01189	0.00770	0.00453	0.00488	0.00145	0.00633	0.00428	0.00248	0.00761
28	0.01048	0.00908	0.01106	0.00909	0.06939	0.00703	0.00660	0.01275	0.01041	0.01625	0.00890	0.01048	0.00742	0.00375	0.00378	0.00079	0.00386	0.00306	0.00292	0.79289
29	0.01199	0.50491	0.33730	0.01081	0.01633	0.01644	0.01251	0.01527	0.01029	0.01336	0.00774	0.00901	0.00636	0.00445	0.00382	0.00127	0.00615	0.00308	0.00212	0.00679
30	0.01139	0.00894	0.00678	0.00649	0.00796	0.18443	0.00487	0.01348	0.01128	0.01715	0.01434	0.01643	0.01135	0.00566	0.00371	0.00119	0.00382	0.00432	0.66153	0.00490
31	0.00705	0.00510	0.00666	0.00627	0.00745	0.00470	0.00470	0.00941	0.01411	0.01999	0.79110	0.03723	0.04703	0.01019	0.00588	0.00157	0.00235	0.00901	0.00549	0.00470
32	0.01340	0.01377	0.01854	0.02609	0.60498	0.14561	0.01380	0.01690	0.06877	0.01593	0.00990	0.01223	0.00819	0.00473	0.00487	0.00146	0.00629	0.00432	0.00268	0.00754
33	0.02210	0.00854	0.01156	0.00890	0.01273	0.00746	0.00734	0.02435	0.03437	0.77693	0.01968	0.01701	0.01241	0.00618	0.00501	0.00155	0.00423	0.00503	0.00614	0.00847
34	0.00607	0.00434	0.00578	0.00694	0.00723	0.00405	0.00463	0.00694	0.00954	0.01272	0.02747	0.82157	0.03297	0.01562	0.00636	0.00202	0.00289	0.01417	0.00463	0.00405
35	0.00607	0.00434	0.00578	0.00694	0.00723	0.00405	0.00463	0.00694	0.00954	0.01272	0.02747	0.82157	0.03297	0.01562	0.00636	0.00202	0.00289	0.01417	0.00463	0.00405
36	0.00763	0.00540	0.00657	0.00706	0.00791	0.00527	0.00496	0.08567	0.01117	0.01517	0.02677	0.61283	0.08793	0.01360	0.00595	0.00187	0.00308	0.01212	0.07448	0.00456
37	0.02229	0.00861	0.01164	0.00893	0.01279	0.00751	0.00737	0.04133	0.01447	0.77985	0.01949	0.01685	0.01225	0.00617	0.00501	0.00154	0.00427	0.00500	0.00614	0.00848
38	0.86003	0.00964	0.00733	0.00655	0.00964	0.01118	0.00540	0.01465	0.00848	0.02236	0.00694	0.00810	0.00540	0.00463	0.00308	0.00154	0.00386	0.00270	0.00308	0.00540
39	0.02236	0.00848	0.01157	0.00887	0.01272	0.00733	0.00733	0.02429	0.01427	0.79719	0.01966	0.01697	0.01234	0.00617	0.00501	0.00154	0.00424	0.00501	0.00617	0.00848
40	0.01372	0.76862	0.02524	0.00885	0.01299	0.07753	0.00861	0.01529	0.01042	0.01176	0.00699	0.00807	0.00640	0.00433	0.00329	0.00108	0.00560	0.00271	0.00216	0.00635
41	0.01042	0.00715	0.00862	0.00767	0.00963	0.00724	0.00593	0.05450	0.18607	0.09982	0.50076	0.02972	0.03443	0.00880	0.00556	0.00159	0.00306	0.00762	0.00544	0.00599
42	0.01862	0.02376	0.01413	0.01284	0.01541	0.80482	0.00963	0.01990	0.01413	0.01220	0.00770	0.00899	0.00642	0.00514	0.00449	0.00128	0.00899	0.00321	0.00257	0.00578
43	0.00767	0.00654	0.00957	0.01210	0.18271	0.00614	0.02944	0.00931	0.01079	0.01423	0.06888	0.34845	0.23783	0.01165	0.00588	0.00178	0.00363	0.02420	0.00413	0.00507
44	0.01545	0.01668	0.04707	0.01338	0.04466	0.32704	0.08777	0.19697	0.01535	0.01794	0.01254	0.01909	0.01120	0.00680	0.00522	0.00158	0.00710	0.14422	0.00349	0.00644
45	0.02202	0.00904	0.01191	0.00913	0.01300	0.00815	0.00754	0.10086	0.01520	0.71930	0.01888	0.01646	0.01195	0.00615	0.00501	0.00154	0.00437	0.00496	0.00605	0.00848
46	0.01262	0.01064	0.01762	0.26549	0.46564	0.01123	0.01391	0.03310	0.01151	0.09498	0.01033	0.01309	0.00798	0.00482	0.00496	0.00154	0.00596	0.00450	0.00283	0.00725
47	0.14562	0.04560	0.01396	0.01323	0.09294	0.41426	0.00947	0.04235	0.01215	0.01500	0.00802	0.00986	0.00672	0.00549	0.00585	0.00146	0.11564	0.00349	0.03293	0.00596
48	0.01131	0.00679	0.00810	0.00716	0.00941	0.00628	0.00571	0.09002	0.01382	0.19115	0.19154	0.03589	0.31809	0.01011	0.00569	0.00166	0.00335	0.07301	0.00518	0.00573
49	0.17405	0.01275	0.01303	0.13241	0.01693	0.07853	0.00919	0.36590	0.09491	0.03837	0.01119	0.01196	0.00821	0.00559	0.00460	0.00153	0.00547	0.00417	0.00404	0.00717
50	0.08430	0.01275	0.01595	0.02022	0.39849	0.11049	0.01158	0.05784	0.12515	0.09715	0.01174	0.01293	0.00906	0.00514	0.00476	0.00150	0.00565	0.00438	0.00342	0.00751
51	0.01084	0.00800	0.00892	0.00813	0.01015	0.04253	0.00621	0.15711	0.01354	0.07167	0.10176	0.30533	0.08973	0.01053	0.00559	0.00166	0.00383	0.04787	0.00463	0.09197

[dist]
# distance from previous block
# <min> <max>
4	19

[block]
# block no. 6 follows, 50 sequences, length 10
# corresponding to MSA columns:
# 483-492
name=unknown_G
#
# <colnr> <probs for GDERKNQSTAVLIFYWHMCP>
#	G	D	E	R	K	N	Q	S	T	A	V	L	I	F	Y	W	H	M	C	P
0	0.01436	0.04016	0.01242	0.00927	0.01318	0.12648	0.00744	0.14949	0.07025	0.08641	0.01094	0.01152	0.00840	0.00476	0.00424	0.00110	0.00491	0.00363	0.00366	0.41739
1	0.13680	0.01189	0.01222	0.01017	0.01351	0.01348	0.00818	0.33296	0.36071	0.02540	0.01495	0.01437	0.01104	0.00614	0.00475	0.00159	0.00456	0.00474	0.00475	0.00777
2	0.01683	0.01501	0.01363	0.01134	0.01467	0.18094	0.00901	0.38249	0.25978	0.02406	0.01367	0.01341	0.01015	0.00605	0.00491	0.00151	0.00574	0.00458	0.00450	0.00772
3	0.00678	0.00508	0.00628	0.00598	0.00728	0.00458	0.00448	0.00887	0.01345	0.01842	0.61343	0.03981	0.22568	0.01077	0.00588	0.00160	0.00239	0.00938	0.00528	0.00458
4	0.02161	0.00908	0.01186	0.00916	0.01298	0.00829	0.00755	0.09300	0.04960	0.69264	0.01899	0.01658	0.01212	0.00618	0.00501	0.00154	0.00434	0.00499	0.00601	0.00846
5	0.03752	0.25647	0.15890	0.00991	0.01411	0.01348	0.00976	0.18528	0.03718	0.09157	0.12531	0.01479	0.01361	0.00587	0.00449	0.00140	0.00511	0.00450	0.00375	0.00700
6	0.00745	0.00476	0.00535	0.00545	0.00565	0.00474	0.00323	0.00786	0.00792	0.01124	0.01681	0.09918	0.01863	0.63401	0.02050	0.00405	0.00429	0.00747	0.12807	0.00335
7	0.00686	0.00518	0.00729	0.12548	0.01129	0.00531	0.00610	0.00812	0.00952	0.01258	0.02336	0.54994	0.02710	0.10231	0.00828	0.00230	0.00380	0.07687	0.00409	0.00420
8	0.01000	0.01200	0.13230	0.22650	0.16441	0.01025	0.16235	0.01359	0.01153	0.01600	0.17415	0.01779	0.01552	0.00579	0.00530	0.00160	0.00606	0.00557	0.00299	0.00630
9	0.01343	0.01214	0.01367	0.01151	0.01444	0.09474	0.09792	0.17996	0.33899	0.02041	0.01708	0.13366	0.01459	0.00743	0.00528	0.00165	0.00517	0.00642	0.00443	0.00709

[dist]
# distance from previous block
# <min> <max>
0	1

[block]
# block no. 7 follows, 50 sequences, length 143
# corresponding to MSA columns:
# 494-636
name=unknown_H
#
# <colnr> <probs for GDERKNQSTAVLIFYWHMCP>
#	G	D	E	R	K	N	Q	S	T	A	V	L	I	F	Y	W	H	M	C	P
0	0.01816	0.09302	0.01516	0.01247	0.01518	0.73719	0.00954	0.01947	0.01378	0.01216	0.00764	0.00890	0.00642	0.00506	0.00438	0.00127	0.00867	0.00316	0.00253	0.00583
