[name]
unknown

[dist]
# distance from previous block
# <min> <max>
3	411

[block]
# block no. 0 follows, 52 sequences, length 7
# corresponding to MSA columns:
# 428-434
name=unknown_A
#
# <colnr> <probs for GDERKNQSTAVLIFYWHMCP>
#	G	D	E	R	K	N	Q	S	T	A	V	L	I	F	Y	W	H	M	C	P
0	0.00815	0.00589	0.00722	0.00754	0.00846	0.00592	0.00534	0.14595	0.01170	0.01563	0.02401	0.68046	0.02778	0.01350	0.00595	0.00188	0.00326	0.01209	0.00456	0.00471
1	0.01580	0.15962	0.01533	0.01022	0.01378	0.04168	0.00854	0.37869	0.23241	0.05522	0.01316	0.01283	0.00978	0.00571	0.00454	0.00143	0.00496	0.00433	0.00434	0.00763
2	0.01221	0.01259	0.06438	0.08756	0.04812	0.01163	0.37435	0.16478	0.01319	0.01814	0.01025	0.03293	0.00800	0.00475	0.00512	0.00148	0.00660	0.00500	0.00298	0.11597
3	0.00988	0.00854	0.01371	0.01426	0.15410	0.00843	0.13979	0.08198	0.01233	0.01642	0.05140	0.03445	0.10309	0.00924	0.00588	0.00183	0.00510	0.32005	0.00382	0.00570
4	0.01269	0.00776	0.01039	0.08350	0.08246	0.00760	0.00760	0.10024	0.01348	0.22827	0.16226	0.02724	0.15884	0.00815	0.00531	0.00159	0.00401	0.06769	0.00469	0.00622
5	0.09378	0.01245	0.07572	0.00993	0.01356	0.04657	0.00860	0.33107	0.09280	0.17171	0.08285	0.01479	0.01240	0.00604	0.00473	0.00149	0.00484	0.00468	0.00462	0.00738
6	0.01238	0.04812	0.46298	0.01479	0.08197	0.15514	0.05556	0.08434	0.01209	0.01599	0.00877	0.01030	0.00654	0.00472	0.00461	0.00146	0.00716	0.00371	0.00243	0.00696

[dist]
# distance from previous block
# <min> <max>
3	30

[block]
# block no. 1 follows, 52 sequences, length 34
# corresponding to MSA columns:
# 465-498
name=unknown_B
#
# <colnr> <probs for GDERKNQSTAVLIFYWHMCP>
#	G	D	E	R	K	N	Q	S	T	A	V	L	I	F	Y	W	H	M	C	P
0	0.01007	0.02716	0.00955	0.00942	0.06058	0.08148	0.00659	0.10220	0.08001	0.02808	0.12144	0.24158	0.07968	0.04324	0.07425	0.00226	0.00484	0.00806	0.00411	0.00537
1	0.00988	0.11859	0.20040	0.01056	0.04979	0.04277	0.03827	0.05809	0.01141	0.01554	0.11680	0.19395	0.03540	0.00776	0.00490	0.00150	0.00484	0.00665	0.02122	0.05168
2	0.00927	0.09471	0.17152	0.00891	0.01235	0.00850	0.02977	0.02548	0.05992	0.02922	0.03547	0.21545	0.09500	0.00801	0.00484	0.00145	0.00432	0.00685	0.00345	0.17551
3	0.01138	0.10480	0.31498	0.01053	0.01472	0.02799	0.01110	0.07961	0.04932	0.09106	0.02986	0.17144	0.01406	0.00744	0.00492	0.00158	0.00532	0.03998	0.00346	0.00645
4	0.01220	0.51308	0.15938	0.00908	0.01377	0.01507	0.00949	0.01459	0.01010	0.04250	0.00788	0.00894	0.00659	0.00420	0.00352	0.00108	0.00521	0.00290	0.00236	0.15807
5	0.01362	0.16629	0.04655	0.00946	0.01206	0.23571	0.00777	0.03817	0.04097	0.12240	0.01504	0.24180	0.01472	0.00793	0.00476	0.00148	0.00541	0.00643	0.00361	0.00584
6	0.01085	0.11688	0.01100	0.00797	0.01055	0.06149	0.00643	0.09116	0.23404	0.03054	0.05629	0.02661	0.30058	0.00828	0.00497	0.00151	0.00392	0.00669	0.00427	0.00599
7	0.00865	0.08208	0.27998	0.00940	0.01262	0.00847	0.00956	0.05964	0.01046	0.01432	0.01824	0.34757	0.05206	0.05695	0.00635	0.00185	0.00475	0.00822	0.00339	0.00545
8	0.01335	0.01355	0.01513	0.01198	0.01553	0.20457	0.16289	0.11916	0.06257	0.01694	0.01113	0.01483	0.00936	0.00535	0.00472	0.00132	0.00608	0.06853	0.00323	0.23976
9	0.00842	0.00421	0.00631	0.00631	0.00631	0.00421	0.00421	0.00631	0.00631	0.00842	0.00842	0.01473	0.00842	0.01684	0.01894	0.85901	0.00421	0.00421	0.00210	0.00210
10	0.08824	0.01430	0.01304	0.01053	0.01399	0.19749	0.00848	0.38063	0.01759	0.19070	0.01187	0.01169	0.00834	0.00556	0.00459	0.00142	0.00573	0.00404	0.00440	0.00739
11	0.03908	0.01101	0.01262	0.00989	0.01355	0.01150	0.00811	0.37206	0.12216	0.32486	0.01547	0.01427	0.01049	0.00596	0.00482	0.00150	0.00463	0.00467	0.00526	0.00810
12	0.00990	0.00939	0.01583	0.60152	0.22576	0.01105	0.01375	0.01299	0.00998	0.01323	0.00869	0.01263	0.00676	0.00479	0.00508	0.00158	0.02458	0.00431	0.00221	0.00596
13	0.00915	0.00861	0.01453	0.81804	0.03338	0.01077	0.01346	0.01238	0.00969	0.01238	0.00861	0.01292	0.00646	0.00484	0.00484	0.00161	0.00646	0.00431	0.00215	0.00538
14	0.23013	0.00676	0.00749	0.00722	0.00901	0.00688	0.00541	0.05342	0.01056	0.15623	0.01941	0.42815	0.02031	0.01030	0.00506	0.00174	0.00342	0.00882	0.00440	0.00527
15	0.33063	0.00906	0.00943	0.00792	0.01094	0.00952	0.00638	0.12602	0.05955	0.23406	0.03706	0.09485	0.01204	0.00644	0.00430	0.00153	0.00394	0.00497	0.00441	0.02694
16	0.00573	0.00491	0.00491	0.00491	0.00655	0.00409	0.00368	0.00695	0.01105	0.01309	0.04909	0.04664	0.79750	0.01227	0.00573	0.00164	0.00245	0.01023	0.00450	0.00409
17	0.00598	0.00428	0.00570	0.00669	0.00705	0.00399	0.00450	0.00695	0.00965	0.01297	0.09189	0.75964	0.03321	0.01474	0.00615	0.00193	0.00277	0.01335	0.00457	0.00399
18	0.01815	0.02178	0.01385	0.01230	0.01499	0.70018	0.00934	0.12508	0.01499	0.01445	0.00806	0.00914	0.00652	0.00511	0.00444	0.00128	0.00827	0.00329	0.00282	0.00598
19	0.01078	0.01028	0.01749	0.36502	0.47363	0.01120	0.01427	0.01381	0.01046	0.01436	0.00890	0.01239	0.00716	0.00454	0.00482	0.00151	0.00606	0.00431	0.00229	0.00670
20	0.00698	0.00497	0.00667	0.00667	0.00715	0.00545	0.00466	0.00794	0.00746	0.01042	0.01400	0.02470	0.01457	0.39076	0.45943	0.00641	0.00928	0.00602	0.00275	0.00371
21	0.01230	0.01092	0.01107	0.00997	0.01270	0.04443	0.00774	0.02549	0.75919	0.01993	0.01923	0.01770	0.01445	0.00651	0.00491	0.00163	0.00403	0.00538	0.00483	0.00759
22	0.01205	0.01041	0.01096	0.00986	0.01260	0.01205	0.00767	0.02575	0.79071	0.02027	0.01972	0.01808	0.01479	0.00657	0.00493	0.00164	0.00384	0.00548	0.00493	0.00767
23	0.01878	0.01577	0.01384	0.01121	0.01465	0.25910	0.00897	0.44264	0.01876	0.13166	0.01139	0.01141	0.00814	0.00559	0.00470	0.00140	0.00622	0.00405	0.00428	0.00743
24	0.00972	0.02507	0.80458	0.01381	0.02097	0.01125	0.01790	0.01535	0.01023	0.01535	0.00870	0.01023	0.00614	0.00460	0.00460	0.00153	0.00716	0.00358	0.00205	0.00716
25	0.01147	0.01098	0.01872	0.17501	0.65829	0.01138	0.01461	0.01441	0.01079	0.01520	0.00902	0.01216	0.00745	0.00441	0.00481	0.00147	0.00589	0.00432	0.00235	0.00725
26	0.00590	0.00422	0.00562	0.00675	0.00703	0.00394	0.00450	0.00675	0.00928	0.01237	0.02671	0.82653	0.03205	0.01518	0.00619	0.00197	0.00281	0.01378	0.00450	0.00394
27	0.01766	0.01320	0.01412	0.01100	0.01474	0.01467	0.00903	0.69288	0.11445	0.02932	0.01260	0.01240	0.00902	0.00591	0.00486	0.00148	0.00515	0.00450	0.00486	0.00817
28	0.00578	0.00471	0.00511	0.00543	0.00668	0.00405	0.00391	0.00690	0.01055	0.01289	0.04278	0.26672	0.58149	0.01309	0.00586	0.00173	0.00256	0.01123	0.00450	0.00405
29	0.01456	0.00971	0.01114	0.00898	0.01183	0.01018	0.00724	0.38860	0.03685	0.12711	0.29411	0.02122	0.02232	0.00732	0.00516	0.00149	0.00405	0.00603	0.00517	0.00691
30	0.01259	0.01068	0.01126	0.00997	0.01281	0.01231	0.00780	0.08986	0.72572	0.02114	0.01904	0.01753	0.01424	0.00651	0.00492	0.00163	0.00396	0.00538	0.00492	0.00772
31	0.01842	0.01357	0.01454	0.01115	0.01503	0.01503	0.00921	0.78330	0.02278	0.03054	0.01163	0.01163	0.00824	0.00582	0.00485	0.00145	0.00533	0.00436	0.00485	0.00824
32	0.00705	0.00470	0.00529	0.00529	0.00529	0.00470	0.00294	0.00705	0.00705	0.00940	0.01527	0.03171	0.01762	0.82969	0.02467	0.00470	0.00470	0.00705	0.00294	0.00294
33	0.00596	0.00426	0.00567	0.00671	0.00704	0.00397	0.00450	0.00688	0.00952	0.01275	0.06812	0.78404	0.03279	0.01490	0.00616	0.00194	0.00278	0.01351	0.00454	0.00397

[dist]
# distance from previous block
# <min> <max>
3	11

[block]
# block no. 2 follows, 52 sequences, length 8
# corresponding to MSA columns:
# 510-517
name=unknown_C
#
# <colnr> <probs for GDERKNQSTAVLIFYWHMCP>
#	G	D	E	R	K	N	Q	S	T	A	V	L	I	F	Y	W	H	M	C	P
0	0.01232	0.16163	0.42724	0.01217	0.01745	0.15989	0.01347	0.04200	0.08219	0.01497	0.00924	0.01029	0.00703	0.00482	0.00434	0.00140	0.00675	0.00352	0.00249	0.00680
1	0.09585	0.00990	0.00974	0.00852	0.01092	0.08842	0.00664	0.16261	0.13497	0.08841	0.18168	0.09632	0.07024	0.00790	0.00500	0.00155	0.00411	0.00648	0.00459	0.00616
2	0.00621	0.00490	0.00545	0.00533	0.00666	0.00430	0.00390	0.00767	0.01155	0.01481	0.28811	0.04193	0.48464	0.08439	0.00741	0.00187	0.00260	0.00947	0.00463	0.00414
3	0.01151	0.01102	0.01879	0.16488	0.66814	0.01139	0.01463	0.01445	0.01080	0.01524	0.00903	0.01215	0.00747	0.00441	0.00481	0.00147	0.00588	0.00432	0.00236	0.00728
4	0.01583	0.01259	0.01135	0.00948	0.01248	0.22873	0.00743	0.08998	0.08707	0.22343	0.12952	0.01617	0.01473	0.00603	0.00470	0.00134	0.00514	0.00472	0.00433	0.11495
5	0.01135	0.01280	0.02708	0.01958	0.02394	0.01254	0.69706	0.01510	0.01100	0.01510	0.00943	0.01280	0.00724	0.00457	0.00684	0.00169	0.09753	0.00556	0.00241	0.00640
6	0.01222	0.01027	0.01082	0.00955	0.01232	0.01166	0.00748	0.11446	0.62581	0.02082	0.02151	0.01999	0.08748	0.00702	0.00500	0.00162	0.00388	0.00579	0.00488	0.00740
7	0.01050	0.00765	0.00888	0.00798	0.01006	0.00809	0.00617	0.01776	0.35538	0.09103	0.38445	0.02644	0.02906	0.00809	0.00529	0.00157	0.00313	0.00697	0.00522	0.00627

[dist]
# distance from previous block
# <min> <max>
0	1

[block]
# block no. 3 follows, 52 sequences, length 18
# corresponding to MSA columns:
# 519-536
name=unknown_D
#
# <colnr> <probs for GDERKNQSTAVLIFYWHMCP>
#	G	D	E	R	K	N	Q	S	T	A	V	L	I	F	Y	W	H	M	C	P
0	0.01825	0.01006	0.01197	0.00938	0.01283	0.01017	0.00767	0.32137	0.05332	0.37074	0.10710	0.01696	0.01459	0.00641	0.00496	0.00149	0.00437	0.00515	0.00542	0.00779
1	0.01156	0.48458	0.36120	0.01067	0.01612	0.01576	0.01243	0.01487	0.01001	0.01310	0.00758	0.00883	0.00618	0.00434	0.00375	0.00125	0.00604	0.00302	0.00206	0.00663
2	0.01199	0.01151	0.01967	0.02974	0.79946	0.01151	0.01487	0.01487	0.01103	0.01583	0.00912	0.01199	0.00768	0.00432	0.00480	0.00144	0.00576	0.00432	0.00240	0.00768
3	0.00787	0.00611	0.00730	0.00690	0.00837	0.00616	0.00520	0.01252	0.18698	0.01863	0.51074	0.09292	0.09189	0.00973	0.00558	0.00159	0.00268	0.00852	0.00512	0.00518
4	0.01172	0.01123	0.01917	0.10619	0.72517	0.01144	0.01474	0.01463	0.01090	0.01550	0.00907	0.01208	0.00756	0.00437	0.00480	0.00146	0.00583	0.00432	0.00237	0.00745
5	0.00795	0.00656	0.00858	0.00815	0.00866	0.02957	0.00614	0.00907	0.00768	0.01083	0.01222	0.02066	0.01239	0.24853	0.42327	0.00570	0.16179	0.00547	0.00260	0.00416
6	0.00915	0.00861	0.01453	0.81804	0.03338	0.01077	0.01346	0.01238	0.00969	0.01238	0.00861	0.01292	0.00646	0.00484	0.00484	0.00161	0.00646	0.00431	0.00215	0.00538
7	0.00590	0.00422	0.00562	0.00675	0.00703	0.00394	0.00450	0.00675	0.00928	0.01237	0.02671	0.82653	0.03205	0.01518	0.00619	0.00197	0.00281	0.01378	0.00450	0.00394
8	0.00972	0.02507	0.80458	0.01381	0.02097	0.01125	0.01790	0.01535	0.01023	0.01535	0.00870	0.01023	0.00614	0.00460	0.00460	0.00153	0.00716	0.00358	0.00205	0.00716
9	0.01144	0.01307	0.02859	0.02042	0.02533	0.01225	0.78186	0.01552	0.01144	0.01552	0.00980	0.01307	0.00735	0.00408	0.00572	0.00163	0.00817	0.00572	0.00245	0.00654
10	0.00590	0.00422	0.00562	0.00675	0.00703	0.00394	0.00450	0.00675	0.00928	0.01237	0.02671	0.82653	0.03205	0.01518	0.00619	0.00197	0.00281	0.01378	0.00450	0.00394
11	0.01296	0.83261	0.02539	0.00829	0.01244	0.01917	0.00829	0.01451	0.00985	0.01140	0.00674	0.00777	0.00622	0.00415	0.00311	0.00104	0.00518	0.00259	0.00207	0.00622
12	0.01269	0.47709	0.07687	0.01027	0.01340	0.10434	0.00968	0.01438	0.00968	0.01180	0.00686	0.00877	0.00625	0.00538	0.00661	0.00137	0.21330	0.00314	0.00213	0.00599
13	0.00705	0.00470	0.00529	0.00529	0.00529	0.00470	0.00294	0.00705	0.00705	0.00940	0.01527	0.03171	0.01762	0.82969	0.02467	0.00470	0.00470	0.00705	0.00294	0.00294
14	0.03967	0.43121	0.25697	0.01131	0.01639	0.01518	0.10142	0.01529	0.01028	0.05002	0.00825	0.00953	0.00656	0.00437	0.00394	0.00129	0.00603	0.00336	0.00232	0.00660
15	0.01269	0.65357	0.16817	0.00932	0.01401	0.01727	0.01002	0.01500	0.01007	0.04143	0.00756	0.00855	0.00642	0.00430	0.00345	0.00115	0.00551	0.00286	0.00221	0.00647
16	0.58012	0.02784	0.00774	0.00658	0.00933	0.00984	0.00536	0.03336	0.05183	0.05112	0.05559	0.01415	0.07372	0.00569	0.00362	0.00149	0.00357	0.00397	0.04967	0.00542
17	0.01666	0.01281	0.01410	0.01116	0.01444	0.01461	0.00917	0.59270	0.12278	0.02697	0.01209	0.01237	0.00889	0.00623	0.00615	0.00156	0.10044	0.00450	0.00454	0.00782

[dist]
# distance from previous block
# <min> <max>
3	5

[block]
# block no. 4 follows, 52 sequences, length 43
# corresponding to MSA columns:
# 542-584
name=unknown_E
#
# <colnr> <probs for GDERKNQSTAVLIFYWHMCP>
#	G	D	E	R	K	N	Q	S	T	A	V	L	I	F	Y	W	H	M	C	P
0	0.01383	0.69475	0.02341	0.00901	0.01287	0.15389	0.00847	0.01534	0.01051	0.01148	0.00687	0.00794	0.00622	0.00429	0.00332	0.00107	0.00579	0.00268	0.00215	0.00612
1	0.00596	0.00426	0.00567	0.00671	0.00704	0.00397	0.00450	0.00688	0.00953	0.01277	0.07006	0.78204	0.03282	0.01489	0.00616	0.00194	0.00278	0.01349	0.00455	0.00397
2	0.01351	0.01113	0.01178	0.01016	0.01316	0.01273	0.00802	0.19870	0.61539	0.02262	0.01788	0.01661	0.01330	0.00640	0.00491	0.00160	0.00418	0.00522	0.00491	0.00780
3	0.01144	0.01307	0.02859	0.02042	0.02533	0.01225	0.78186	0.01552	0.01144	0.01552	0.00980	0.01307	0.00735	0.00408	0.00572	0.00163	0.00817	0.00572	0.00245	0.00654
4	0.01137	0.01285	0.02758	0.01975	0.02451	0.01211	0.73455	0.01531	0.01129	0.01544	0.00967	0.01290	0.00732	0.00418	0.00590	0.00161	0.02833	0.00558	0.00246	0.03730
5	0.01082	0.07380	0.74737	0.01402	0.02099	0.01220	0.01756	0.01589	0.01078	0.01594	0.00949	0.01134	0.00702	0.00518	0.00490	0.00167	0.00731	0.00382	0.00237	0.00755
6	0.00692	0.00519	0.00779	0.00779	0.00865	0.00606	0.00606	0.00865	0.00779	0.01125	0.01298	0.01904	0.01211	0.03634	0.81049	0.00779	0.01298	0.00519	0.00260	0.00433
7	0.00631	0.00520	0.00620	0.00590	0.00747	0.00454	0.02785	0.00797	0.01182	0.01503	0.25969	0.04299	0.52588	0.01140	0.00577	0.00163	0.00267	0.04267	0.00467	0.00432
8	0.06815	0.00985	0.01828	0.01382	0.01718	0.00940	0.40487	0.04474	0.01196	0.05116	0.15646	0.10391	0.05408	0.00687	0.00551	0.00163	0.00568	0.00703	0.00357	0.00585
9	0.01032	0.00981	0.01665	0.49405	0.34824	0.01107	0.01404	0.01341	0.01024	0.01380	0.00882	0.01254	0.00696	0.00463	0.00483	0.00154	0.00617	0.00431	0.00225	0.00633
10	0.00614	0.00484	0.00503	0.00503	0.00616	0.00428	0.00345	0.00698	0.00981	0.01195	0.03863	0.04202	0.55632	0.26506	0.01158	0.00258	0.00315	0.00924	0.00402	0.00373
11	0.01069	0.09616	0.61511	0.01347	0.01966	0.06620	0.04948	0.01540	0.01037	0.01461	0.00839	0.01005	0.00621	0.00473	0.00497	0.00150	0.04045	0.00358	0.00210	0.00687
12	0.01097	0.01232	0.02665	0.01927	0.02378	0.01155	0.71613	0.01478	0.01126	0.01526	0.01123	0.08185	0.00944	0.00502	0.00576	0.00166	0.00772	0.00640	0.00262	0.00632
13	0.00597	0.00424	0.00560	0.00667	0.00693	0.00398	0.00441	0.00676	0.00915	0.01220	0.02607	0.78179	0.03124	0.06103	0.00723	0.00212	0.00292	0.01340	0.00441	0.00388
14	0.01621	0.01951	0.01557	0.01782	0.25758	0.56323	0.01107	0.01797	0.01290	0.01309	0.00799	0.00975	0.00669	0.00478	0.00450	0.00131	0.00782	0.00349	0.00247	0.00625
15	0.01204	0.01242	0.02298	0.01709	0.02061	0.01318	0.47739	0.10042	0.04363	0.01645	0.00958	0.01252	0.00752	0.00544	0.00806	0.00173	0.20453	0.00520	0.00274	0.00647
16	0.00972	0.02507	0.80458	0.01381	0.02097	0.01125	0.01790	0.01535	0.01023	0.01535	0.00870	0.01023	0.00614	0.00460	0.00460	0.00153	0.00716	0.00358	0.00205	0.00716
17	0.00590	0.00422	0.00562	0.00675	0.00703	0.00394	0.00450	0.00675	0.00928	0.01237	0.02671	0.82653	0.03205	0.01518	0.00619	0.00197	0.00281	0.01378	0.00450	0.00394
18	0.02362	0.00551	0.00636	0.00609	0.00755	0.00522	0.00458	0.01000	0.08580	0.01720	0.43221	0.06636	0.29068	0.01047	0.00561	0.00159	0.00254	0.00900	0.00494	0.00469
19	0.01258	0.01197	0.02401	0.01744	0.02187	0.01133	0.58676	0.04783	0.04648	0.10379	0.01311	0.03015	0.03765	0.00499	0.00556	0.00162	0.00710	0.00588	0.00317	0.00671
20	0.01997	0.01108	0.01300	0.00997	0.01379	0.01133	0.00823	0.42831	0.01862	0.39142	0.01513	0.01391	0.01000	0.00590	0.00486	0.00148	0.00477	0.00460	0.00539	0.00824
21	0.00842	0.00421	0.00631	0.00631	0.00631	0.00421	0.00421	0.00631	0.00631	0.00842	0.00842	0.01473	0.00842	0.01684	0.01894	0.85901	0.00421	0.00421	0.00210	0.00210
22	0.01356	0.01526	0.01495	0.05002	0.12388	0.30851	0.01075	0.01550	0.03906	0.01266	0.00775	0.01048	0.00681	0.00638	0.00921	0.00166	0.34142	0.00389	0.00240	0.00584
23	0.01489	0.11675	0.01747	0.01285	0.01615	0.33782	0.15796	0.06527	0.18272	0.01547	0.01076	0.01167	0.00844	0.00511	0.00463	0.00140	0.00692	0.00415	0.00311	0.00647
24	0.01282	0.79874	0.05807	0.00852	0.01280	0.01884	0.00870	0.01455	0.00986	0.01157	0.00682	0.00788	0.00622	0.00417	0.00317	0.00106	0.00527	0.00263	0.00207	0.00626
25	0.01139	0.01293	0.02782	0.01999	0.02462	0.01240	0.73845	0.01531	0.01121	0.01531	0.00961	0.01293	0.00730	0.00433	0.00629	0.00166	0.05391	0.00564	0.00243	0.00647
26	0.00915	0.00861	0.01453	0.81804	0.03338	0.01077	0.01346	0.01238	0.00969	0.01238	0.00861	0.01292	0.00646	0.00484	0.00484	0.00161	0.00646	0.00431	0.00215	0.00538
27	0.00686	0.00495	0.00648	0.00610	0.00724	0.00457	0.00457	0.00914	0.01372	0.01943	0.79691	0.03620	0.04572	0.00991	0.00572	0.00152	0.00229	0.00876	0.00533	0.00457
28	0.01189	0.01135	0.01899	0.05751	0.72710	0.01152	0.01442	0.01539	0.05487	0.01596	0.00969	0.01237	0.00803	0.00446	0.00481	0.00146	0.00567	0.00438	0.00253	0.00759
29	0.02091	0.00959	0.01208	0.00926	0.01304	0.00911	0.00765	0.21486	0.01611	0.60840	0.01723	0.01527	0.01105	0.00595	0.00487	0.00149	0.00443	0.00474	0.00571	0.00825
30	0.00590	0.00422	0.00562	0.00675	0.00703	0.00394	0.00450	0.00675	0.00928	0.01237	0.02671	0.82653	0.03205	0.01518	0.00619	0.00197	0.00281	0.01378	0.00450	0.00394
31	0.01199	0.01151	0.01967	0.02974	0.79946	0.01151	0.01487	0.01487	0.01103	0.01583	0.00912	0.01199	0.00768	0.00432	0.00480	0.00144	0.00576	0.00432	0.00240	0.00768
32	0.00573	0.00491	0.00491	0.00491	0.00655	0.00409	0.00368	0.00695	0.01105	0.01309	0.04909	0.04664	0.79750	0.01227	0.00573	0.00164	0.00245	0.01023	0.00450	0.00409
33	0.05126	0.00785	0.01045	0.00820	0.01157	0.00692	0.00671	0.02133	0.01364	0.66870	0.12279	0.01881	0.01626	0.00647	0.00492	0.00150	0.00386	0.00531	0.00580	0.00764
34	0.00573	0.00491	0.00491	0.00491	0.00655	0.00409	0.00368	0.00695	0.01105	0.01309	0.04909	0.04664	0.79750	0.01227	0.00573	0.00164	0.00245	0.01023	0.00450	0.00409
35	0.01144	0.01307	0.02859	0.02042	0.02533	0.01225	0.78186	0.01552	0.01144	0.01552	0.00980	0.01307	0.00735	0.00408	0.00572	0.00163	0.00817	0.00572	0.00245	0.00654
36	0.00903	0.00452	0.00452	0.00452	0.00565	0.00452	0.00339	0.01129	0.01016	0.01807	0.01581	0.01807	0.01242	0.00565	0.00339	0.00113	0.00226	0.00452	0.85659	0.00452
37	0.01925	0.01183	0.01341	0.01033	0.01413	0.01249	0.00852	0.52526	0.04345	0.26905	0.01420	0.01333	0.00960	0.00590	0.00486	0.00147	0.00491	0.00455	0.00521	0.00823
38	0.01199	0.01151	0.01967	0.02974	0.79946	0.01151	0.01487	0.01487	0.01103	0.01583	0.00912	0.01199	0.00768	0.00432	0.00480	0.00144	0.00576	0.00432	0.00240	0.00768
39	0.00676	0.00489	0.00648	0.00744	0.00821	0.00469	0.00578	0.00820	0.01017	0.01324	0.02804	0.38120	0.10716	0.04827	0.00713	0.00216	0.00357	0.33805	0.00442	0.00414
40	0.00590	0.00422	0.00562	0.00675	0.00703	0.00394	0.00450	0.00675	0.00928	0.01237	0.02671	0.82653	0.03205	0.01518	0.00619	0.00197	0.00281	0.01378	0.00450	0.00394
41	0.02001	0.01036	0.01249	0.00963	0.01335	0.01033	0.00793	0.33819	0.01746	0.46475	0.01619	0.03282	0.01089	0.00613	0.00489	0.00149	0.00460	0.00486	0.00549	0.00815
42	0.01295	0.79301	0.02469	0.00839	0.01242	0.03930	0.00827	0.01450	0.00990	0.01141	0.00690	0.00805	0.00635	0.00490	0.02139	0.00119	0.00545	0.00266	0.00210	0.00616

[dist]
# distance from previous block
# <min> <max>
0	1

[block]
# block no. 5 follows, 52 sequences, length 35
# corresponding to MSA columns:
# 586-620
name=unknown_F
#
# <colnr> <probs for GDERKNQSTAVLIFYWHMCP>
#	G	D	E	R	K	N	Q	S	T	A	V	L	I	F	Y	W	H	M	C	P
0	0.01258	0.01050	0.01113	0.00989	0.01271	0.01206	0.00773	0.05986	0.73670	0.04026	0.01934	0.01775	0.01443	0.00653	0.00493	0.00163	0.00391	0.00541	0.00495	0.00771
1	0.01669	0.01248	0.01352	0.02875	0.01473	0.01392	0.00884	0.54804	0.21892	0.05192	0.01388	0.01347	0.01000	0.00600	0.00487	0.00151	0.00494	0.00466	0.00485	0.00803
2	0.00686	0.00495	0.00648	0.00610	0.00724	0.00457	0.00457	0.00914	0.01372	0.01943	0.79691	0.03620	0.04572	0.00991	0.00572	0.00152	0.00229	0.00876	0.00533	0.00457
3	0.00609	0.00458	0.00569	0.00649	0.00726	0.00418	0.00467	0.00721	0.01001	0.01284	0.03298	0.50862	0.25044	0.01413	0.00612	0.00191	0.00291	0.10532	0.00449	0.00405
4	0.01284	0.01327	0.02477	0.01795	0.02248	0.03587	0.57944	0.15513	0.01344	0.01807	0.00996	0.01254	0.00746	0.00451	0.00568	0.00157	0.02539	0.00528	0.00289	0.03145
5	0.00705	0.00470	0.00529	0.00529	0.00529	0.00470	0.00294	0.00705	0.00705	0.00940	0.01527	0.03171	0.01762	0.82969	0.02467	0.00470	0.00470	0.00705	0.00294	0.00294
6	0.00692	0.00519	0.00779	0.00779	0.00865	0.00606	0.00606	0.00865	0.00779	0.01125	0.01298	0.01904	0.01211	0.03634	0.81049	0.00779	0.01298	0.00519	0.00260	0.00433
7	0.01005	0.00861	0.01005	0.00718	0.01148	0.00646	0.00574	0.01220	0.01005	0.01579	0.00861	0.01005	0.00718	0.00359	0.00359	0.00072	0.00359	0.00287	0.00287	0.85932
8	0.01842	0.01357	0.01454	0.01115	0.01503	0.01503	0.00921	0.78330	0.02278	0.03054	0.01163	0.01163	0.00824	0.00582	0.00485	0.00145	0.00533	0.00436	0.00485	0.00824
9	0.01164	0.01250	0.02530	0.02387	0.31148	0.01198	0.49835	0.01528	0.01129	0.01564	0.00955	0.01267	0.00747	0.00417	0.00538	0.00156	0.00728	0.00520	0.00243	0.00696
10	0.00700	0.00488	0.00621	0.00621	0.00653	0.00520	0.00409	0.00764	0.00732	0.01008	0.01442	0.02704	0.01559	0.53704	0.31455	0.00584	0.00775	0.00636	0.00281	0.00345
11	0.00681	0.00495	0.00641	0.00604	0.00721	0.00455	0.00453	0.00905	0.01360	0.01916	0.76437	0.03665	0.07843	0.01001	0.00572	0.00153	0.00229	0.00883	0.00530	0.00455
12	0.00590	0.00422	0.00562	0.00675	0.00703	0.00394	0.00450	0.00675	0.00928	0.01237	0.02671	0.82653	0.03205	0.01518	0.00619	0.00197	0.00281	0.01378	0.00450	0.00394
13	0.00579	0.00491	0.00500	0.00498	0.00658	0.00412	0.00373	0.00708	0.01120	0.01345	0.09118	0.04605	0.75518	0.01214	0.00573	0.00163	0.00245	0.01015	0.00455	0.00412
14	0.01205	0.01041	0.01096	0.00986	0.01260	0.01205	0.00767	0.02575	0.79071	0.02027	0.01972	0.01808	0.01479	0.00657	0.00493	0.00164	0.00384	0.00548	0.00493	0.00767
15	0.01296	0.83261	0.02539	0.00829	0.01244	0.01917	0.00829	0.01451	0.00985	0.01140	0.00674	0.00777	0.00622	0.00415	0.00311	0.00104	0.00518	0.00259	0.00207	0.00622
16	0.00573	0.00491	0.00491	0.00491	0.00655	0.00409	0.00368	0.00695	0.01105	0.01309	0.04909	0.04664	0.79750	0.01227	0.00573	0.00164	0.00245	0.01023	0.00450	0.00409
17	0.00590	0.00422	0.00562	0.00675	0.00703	0.00394	0.00450	0.00675	0.00928	0.01237	0.02671	0.82653	0.03205	0.01518	0.00619	0.00197	0.00281	0.01378	0.00450	0.00394
18	0.01283	0.80184	0.05508	0.00850	0.01276	0.01887	0.00866	0.01454	0.00986	0.01155	0.00681	0.00787	0.00622	0.00416	0.00317	0.00106	0.00526	0.00263	0.00207	0.00625
19	0.00745	0.00610	0.00642	0.00626	0.00778	0.04949	0.00483	0.00917	0.01220	0.03648	0.29933	0.04099	0.39361	0.01101	0.00573	0.00164	0.00301	0.08931	0.00471	0.00449
20	0.00705	0.00470	0.00529	0.00529	0.00529	0.00470	0.00294	0.00705	0.00705	0.00940	0.01527	0.03171	0.01762	0.82969	0.02467	0.00470	0.00470	0.00705	0.00294	0.00294
21	0.86392	0.00937	0.00712	0.00637	0.00937	0.01087	0.00525	0.01425	0.00825	0.02174	0.00675	0.00787	0.00525	0.00450	0.00300	0.00150	0.00375	0.00262	0.00300	0.00525
22	0.01141	0.01092	0.01861	0.19201	0.64177	0.01136	0.01458	0.01436	0.01076	0.01512	0.00901	0.01218	0.00743	0.00443	0.00481	0.00148	0.00590	0.00432	0.00235	0.00720
23	0.00590	0.00422	0.00562	0.00675	0.00703	0.00394	0.00450	0.00675	0.00928	0.01237	0.02671	0.82653	0.03205	0.01518	0.00619	0.00197	0.00281	0.01378	0.00450	0.00394
24	0.00686	0.00495	0.00648	0.00610	0.00724	0.00457	0.00457	0.00914	0.01372	0.01943	0.79691	0.03620	0.04572	0.00991	0.00572	0.00152	0.00229	0.00876	0.00533	0.00457
25	0.00712	0.00548	0.00817	0.00805	0.00887	0.00653	0.00630	0.00882	0.00777	0.01127	0.01262	0.01858	0.01180	0.03484	0.76767	0.00748	0.05652	0.00514	0.00257	0.00438
26	0.01106	0.36074	0.48069	0.01152	0.01743	0.01455	0.01391	0.01500	0.01007	0.01371	0.00788	0.00921	0.00617	0.00441	0.00398	0.00133	0.00634	0.00317	0.00206	0.00677
27	0.00915	0.00861	0.01453	0.81804	0.03338	0.01077	0.01346	0.01238	0.00969	0.01238	0.00861	0.01292	0.00646	0.00484	0.00484	0.00161	0.00646	0.00431	0.00215	0.00538
28	0.00590	0.00422	0.00562	0.00675	0.00703	0.00394	0.00450	0.00675	0.00928	0.01237	0.02671	0.82653	0.03205	0.01518	0.00619	0.00197	0.00281	0.01378	0.00450	0.00394
29	0.01067	0.01071	0.01550	0.46304	0.22653	0.09523	0.02866	0.01347	0.01047	0.01328	0.00978	0.06303	0.00837	0.00535	0.00488	0.00155	0.00633	0.00480	0.00241	0.00593
30	0.01348	0.00924	0.01210	0.00976	0.01279	0.00935	0.09683	0.13812	0.19965	0.18757	0.08770	0.02256	0.14866	0.00728	0.00517	0.00156	0.00424	0.00627	0.02084	0.00682
31	0.01199	0.01151	0.01967	0.02974	0.79946	0.01151	0.01487	0.01487	0.01103	0.01583	0.00912	0.01199	0.00768	0.00432	0.00480	0.00144	0.00576	0.00432	0.00240	0.00768
32	0.06754	0.00914	0.01137	0.00884	0.01247	0.00870	0.00728	0.14719	0.03738	0.58920	0.01713	0.01531	0.01110	0.00589	0.00473	0.00149	0.00424	0.00467	0.02838	0.00796
33	0.05281	0.13262	0.22278	0.01060	0.01484	0.06675	0.01051	0.22643	0.02867	0.07318	0.01161	0.03576	0.02356	0.02178	0.04571	0.00181	0.00609	0.00427	0.00338	0.00685
34	0.31103	0.01178	0.02919	0.00890	0.01142	0.15785	0.00723	0.12070	0.01130	0.03271	0.00947	0.01175	0.00782	0.01322	0.21515	0.00311	0.02499	0.00373	0.00307	0.00560

[dist]
# distance from previous block
# <min> <max>
3	16

[block]
# block no. 6 follows, 52 sequences, length 46
# corresponding to MSA columns:
# 637-682
name=unknown_G
#
# <colnr> <probs for GDERKNQSTAVLIFYWHMCP>
#	G	D	E	R	K	N	Q	S	T	A	V	L	I	F	Y	W	H	M	C	P
0	0.04493	0.02732	0.00974	0.00789	0.01005	0.02745	0.00595	0.17584	0.06385	0.19739	0.04519	0.02132	0.01428	0.31364	0.01217	0.00268	0.00462	0.00559	0.00424	0.00586
1	0.03095	0.03156	0.03008	0.03955	0.03104	0.01089	0.00811	0.13004	0.37845	0.07252	0.08552	0.03738	0.01669	0.00718	0.00505	0.00162	0.00422	0.06753	0.00463	0.00700
2	0.00976	0.00793	0.00956	0.11523	0.01327	0.03647	0.00676	0.03224	0.05587	0.05130	0.01568	0.27729	0.01585	0.00793	0.00480	0.00137	0.00399	0.00691	0.00361	0.32416
3	0.01152	0.21309	0.40089	0.01411	0.06952	0.04276	0.10590	0.01541	0.01049	0.03652	0.00857	0.01024	0.00658	0.00458	0.00473	0.00143	0.03091	0.00369	0.00225	0.00682
4	0.00929	0.00696	0.01021	0.27214	0.01748	0.00748	0.00893	0.03961	0.01115	0.06250	0.06878	0.13038	0.01987	0.00939	0.00563	0.00180	0.00473	0.26221	0.00380	0.04764
5	0.00931	0.02731	0.25465	0.00949	0.01272	0.11401	0.00943	0.01262	0.04046	0.01561	0.24320	0.12773	0.08741	0.00828	0.00518	0.00155	0.00484	0.00697	0.00369	0.00553
6	0.01080	0.00882	0.01217	0.25722	0.01854	0.00924	0.02357	0.06307	0.06171	0.05957	0.03298	0.01429	0.00961	0.00746	0.06272	0.00180	0.05403	0.01958	0.00312	0.26970
7	0.05282	0.07083	0.69701	0.01297	0.01966	0.01158	0.01641	0.01548	0.01021	0.03773	0.00878	0.01015	0.00626	0.00461	0.00444	0.00150	0.00679	0.00351	0.00221	0.00704
8	0.01760	0.05289	0.01313	0.00998	0.01335	0.08701	0.00816	0.34027	0.08382	0.23275	0.01440	0.01523	0.01056	0.02532	0.00523	0.00154	0.00508	0.03261	0.02357	0.00750
9	0.02100	0.00808	0.01101	0.00850	0.01211	0.00700	0.00700	0.02290	0.01386	0.76377	0.05789	0.01748	0.01368	0.00619	0.00492	0.00150	0.00403	0.00507	0.00596	0.00806
10	0.01033	0.00982	0.01666	0.49130	0.35092	0.01108	0.01404	0.01341	0.01025	0.01381	0.00882	0.01254	0.00696	0.00463	0.00483	0.00154	0.00617	0.00431	0.00226	0.00633
11	0.01120	0.39548	0.44717	0.01128	0.01706	0.01489	0.01350	0.01496	0.01005	0.01354	0.00780	0.00910	0.00618	0.00439	0.00392	0.00131	0.00625	0.00313	0.00206	0.00673
12	0.01205	0.01041	0.01096	0.00986	0.01260	0.01205	0.00767	0.02575	0.79071	0.02027	0.01972	0.01808	0.01479	0.00657	0.00493	0.00164	0.00384	0.00548	0.00493	0.00767
13	0.00903	0.00452	0.00452	0.00452	0.00565	0.00452	0.00339	0.01129	0.01016	0.01807	0.01581	0.01807	0.01242	0.00565	0.00339	0.00113	0.00226	0.00452	0.85659	0.00452
14	0.01021	0.01111	0.02350	0.01739	0.02127	0.01041	0.60932	0.01358	0.01096	0.01482	0.01356	0.19362	0.01283	0.00655	0.00582	0.00171	0.00698	0.00751	0.00291	0.00596
15	0.01810	0.02310	0.01373	0.01248	0.01498	0.81024	0.00936	0.01935	0.01373	0.01186	0.00749	0.00874	0.00624	0.00499	0.00437	0.00125	0.00874	0.00312	0.00250	0.00562
16	0.00842	0.00421	0.00631	0.00631	0.00631	0.00421	0.00421	0.00631	0.00631	0.00842	0.00842	0.01473	0.00842	0.01684	0.01894	0.85901	0.00421	0.00421	0.00210	0.00210
17	0.00705	0.00470	0.00529	0.00529	0.00529	0.00470	0.00294	0.00705	0.00705	0.00940	0.01527	0.03171	0.01762	0.82969	0.02467	0.00470	0.00470	0.00705	0.00294	0.00294
18	0.00696	0.00506	0.00713	0.00713	0.00777	0.00570	0.00523	0.00823	0.00759	0.01076	0.01358	0.02238	0.01357	0.24557	0.60325	0.00697	0.01080	0.00568	0.00269	0.00396
19	0.01199	0.01151	0.01967	0.02974	0.79946	0.01151	0.01487	0.01487	0.01103	0.01583	0.00912	0.01199	0.00768	0.00432	0.00480	0.00144	0.00576	0.00432	0.00240	0.00768
20	0.00582	0.00491	0.00504	0.00501	0.00660	0.00413	0.00376	0.00714	0.01127	0.01363	0.11257	0.04575	0.73368	0.01207	0.00573	0.00163	0.00244	0.01010	0.00457	0.00413
21	0.02154	0.00857	0.01144	0.00877	0.01253	0.00760	0.00725	0.06921	0.01441	0.75647	0.01867	0.01620	0.01177	0.00599	0.00487	0.00150	0.00420	0.00484	0.00593	0.00825
22	0.01842	0.01357	0.01454	0.01115	0.01503	0.01503	0.00921	0.78330	0.02278	0.03054	0.01163	0.01163	0.00824	0.00582	0.00485	0.00145	0.00533	0.00436	0.00485	0.00824
23	0.00573	0.00491	0.00491	0.00491	0.00655	0.00409	0.00368	0.00695	0.01105	0.01309	0.04909	0.04664	0.79750	0.01227	0.00573	0.00164	0.00245	0.01023	0.00450	0.00409
24	0.00915	0.00861	0.01453	0.81804	0.03338	0.01077	0.01346	0.01238	0.00969	0.01238	0.00861	0.01292	0.00646	0.00484	0.00484	0.00161	0.00646	0.00431	0.00215	0.00538
25	0.00972	0.02507	0.80458	0.01381	0.02097	0.01125	0.01790	0.01535	0.01023	0.01535	0.00870	0.01023	0.00614	0.00460	0.00460	0.00153	0.00716	0.00358	0.00205	0.00716
26	0.00590	0.00422	0.00562	0.00675	0.00703	0.00394	0.00450	0.00675	0.00928	0.01237	0.02671	0.82653	0.03205	0.01518	0.00619	0.00197	0.00281	0.01378	0.00450	0.00394
27	0.00590	0.00422	0.00562	0.00675	0.00703	0.00394	0.00450	0.00675	0.00928	0.01237	0.02671	0.82653	0.03205	0.01518	0.00619	0.00197	0.00281	0.01378	0.00450	0.00394
28	0.01005	0.00861	0.01005	0.00718	0.01148	0.00646	0.00574	0.01220	0.01005	0.01579	0.00861	0.01005	0.00718	0.00359	0.00359	0.00072	0.00359	0.00287	0.00287	0.85932
29	0.00915	0.00861	0.01453	0.81804	0.03338	0.01077	0.01346	0.01238	0.00969	0.01238	0.00861	0.01292	0.00646	0.00484	0.00484	0.00161	0.00646	0.00431	0.00215	0.00538
30	0.00599	0.00427	0.00563	0.00665	0.00694	0.00400	0.00442	0.00684	0.00929	0.01242	0.04902	0.76016	0.03168	0.05893	0.00717	0.00210	0.00290	0.01326	0.00444	0.00390
31	0.00693	0.00517	0.00770	0.00770	0.00853	0.00601	0.00594	0.00859	0.00776	0.01118	0.01306	0.01950	0.01232	0.06542	0.78168	0.00767	0.01268	0.00526	0.00261	0.00428
32	0.00643	0.00462	0.00610	0.00639	0.00715	0.00429	0.00454	0.00807	0.01173	0.01628	0.45252	0.38959	0.03961	0.01227	0.00593	0.00172	0.00252	0.01101	0.00496	0.00429
33	0.00972	0.02507	0.80458	0.01381	0.02097	0.01125	0.01790	0.01535	0.01023	0.01535	0.00870	0.01023	0.00614	0.00460	0.00460	0.00153	0.00716	0.00358	0.00205	0.00716
34	0.00743	0.00527	0.00676	0.00738	0.00862	0.00495	0.00604	0.00916	0.01102	0.04301	0.05050	0.16113	0.24990	0.01297	0.00625	0.00198	0.00358	0.39507	0.00456	0.00442
35	0.01995	0.00911	0.01141	0.00884	0.01240	0.00865	0.00727	0.19054	0.01553	0.56657	0.01719	0.01555	0.01120	0.00593	0.00474	0.00146	0.00424	0.00473	0.07675	0.00793
36	0.00576	0.00480	0.00502	0.00520	0.00662	0.00407	0.00381	0.00692	0.01077	0.01298	0.04558	0.16886	0.67754	0.01273	0.00580	0.00169	0.00251	0.01078	0.00450	0.00407
37	0.00631	0.00449	0.00545	0.00601	0.00637	0.00424	0.00387	0.00695	0.00884	0.01164	0.05020	0.43702	0.11249	0.29879	0.01256	0.00287	0.00341	0.01087	0.00398	0.00363
38	0.01119	0.01070	0.01822	0.25183	0.58363	0.01130	0.01447	0.01417	0.01066	0.01486	0.00897	0.01225	0.00733	0.00447	0.00481	0.00149	0.00596	0.00431	0.00233	0.00703
39	0.01011	0.00556	0.00567	0.00528	0.00672	0.00572	0.00406	0.09985	0.01161	0.01950	0.01533	0.01733	0.01194	0.00567	0.00356	0.00117	0.00261	0.00450	0.75889	0.00494
40	0.00687	0.00514	0.00768	0.00774	0.00857	0.00595	0.00598	0.00856	0.00786	0.01131	0.01366	0.05929	0.01311	0.03529	0.77040	0.00750	0.01247	0.00562	0.00269	0.00431
41	0.04717	0.04054	0.42802	0.04207	0.08070	0.01257	0.01417	0.24242	0.01390	0.01993	0.00947	0.01072	0.00686	0.00493	0.00460	0.00149	0.00629	0.00383	0.00295	0.00736
42	0.00700	0.00468	0.00530	0.00535	0.00536	0.00467	0.00300	0.00703	0.00714	0.00952	0.01574	0.06478	0.01822	0.79580	0.02390	0.00458	0.00462	0.00733	0.00300	0.00298
43	0.00586	0.00438	0.00545	0.00631	0.00691	0.00397	0.00430	0.00680	0.00970	0.01254	0.03203	0.64106	0.21408	0.01449	0.00608	0.00189	0.00273	0.01293	0.00450	0.00397
44	0.01743	0.01362	0.01253	0.01043	0.01367	0.20270	0.00827	0.20292	0.21180	0.21859	0.01452	0.01377	0.01034	0.00582	0.00474	0.00145	0.00543	0.00445	0.00456	0.02297
45	0.01369	0.01327	0.12032	0.04663	0.03999	0.03469	0.13318	0.19627	0.06162	0.09445	0.01119	0.01218	0.00820	0.00486	0.00468	0.00135	0.00561	0.00423	0.00353	0.19006

[dist]
# distance from previous block
# <min> <max>
0	3

[block]
# block no. 7 follows, 52 sequences, length 36
# corresponding to MSA columns:
# 686-721
name=unknown_H
#
# <colnr> <probs for GDERKNQSTAVLIFYWHMCP>
#	G	D	E	R	K	N	Q	S	T	A	V	L	I	F	Y	W	H	M	C	P
0	0.01126	0.06808	0.63673	0.01315	0.01956	0.05183	0.01601	0.09884	0.01175	0.01661	0.00885	0.01017	0.00638	0.00473	0.00454	0.00148	0.00693	0.00359	0.00237	0.00715
1	0.00692	0.00505	0.00637	0.00637	0.00702	0.00529	0.00445	0.00810	0.02288	0.01112	0.03474	0.02920	0.12373	0.36568	0.32164	0.00529	0.00749	0.02175	0.00314	0.00378
2	0.11014	0.20598	0.33070	0.01148	0.03590	0.08242	0.01205	0.09166	0.02802	0.01640	0.00856	0.00984	0.00665	0.00547	0.02429	0.00154	0.00631	0.00338	0.00256	0.00665
3	0.01129	0.10026	0.04921	0.11322	0.23901	0.03398	0.14795	0.03442	0.04360	0.03636	0.02920	0.11655	0.01159	0.00604	0.00497	0.00153	0.00576	0.00568	0.00293	0.00645
4	0.01351	0.00864	0.00999	0.00846	0.01099	0.07357	0.04108	0.05022	0.04633	0.28306	0.05297	0.09985	0.22553	0.00922	0.02213	0.00172	0.02474	0.00717	0.00472	0.00612
5	0.00663	0.00442	0.00590	0.00680	0.00727	0.00410	0.00461	0.00757	0.00965	0.04689	0.05612	0.76092	0.03171	0.01458	0.00611	0.00193	0.00285	0.01320	0.00460	0.00415
6	0.00900	0.00851	0.01467	0.18162	0.01831	0.02161	0.21673	0.03088	0.01073	0.01430	0.07195	0.25627	0.01853	0.00881	0.00615	0.00177	0.04205	0.05951	0.00338	0.00522
7	0.00915	0.00861	0.01453	0.81804	0.03338	0.01077	0.01346	0.01238	0.00969	0.01238	0.00861	0.01292	0.00646	0.00484	0.00484	0.00161	0.00646	0.00431	0.00215	0.00538
8	0.00586	0.00437	0.00546	0.00633	0.00692	0.00397	0.00431	0.00679	0.00968	0.01253	0.03176	0.65042	0.20489	0.01453	0.00608	0.00189	0.00273	0.01298	0.00450	0.00397
9	0.04547	0.01044	0.01090	0.00963	0.01243	0.01199	0.00755	0.10291	0.64738	0.02129	0.01822	0.01702	0.01365	0.00638	0.00478	0.00160	0.00392	0.00521	0.04175	0.00750
10	0.03316	0.01087	0.01754	0.07001	0.35562	0.01199	0.09678	0.06999	0.01085	0.01563	0.00993	0.07031	0.00900	0.00616	0.00745	0.00167	0.18867	0.00509	0.00267	0.00659
11	0.00971	0.00828	0.01508	0.01279	0.01535	0.00792	0.27447	0.01254	0.01139	0.05392	0.02037	0.03826	0.03635	0.00979	0.00625	0.00198	0.00568	0.45068	0.00385	0.00536
12	0.00579	0.00466	0.00517	0.00558	0.00672	0.00403	0.00398	0.00688	0.01040	0.01283	0.04090	0.33192	0.51750	0.01334	0.00589	0.00176	0.00259	0.01153	0.00450	0.00403
13	0.00915	0.00861	0.01453	0.81804	0.03338	0.01077	0.01346	0.01238	0.00969	0.01238	0.00861	0.01292	0.00646	0.00484	0.00484	0.00161	0.00646	0.00431	0.00215	0.00538
14	0.86392	0.00937	0.00712	0.00637	0.00937	0.01087	0.00525	0.01425	0.00825	0.02174	0.00675	0.00787	0.00525	0.00450	0.00300	0.00150	0.00375	0.00262	0.00300	0.00525
15	0.00579	0.00489	0.00501	0.00502	0.00660	0.00411	0.00375	0.00706	0.01114	0.01341	0.08794	0.06732	0.73698	0.01223	0.00574	0.00164	0.00246	0.01025	0.00454	0.00411
16	0.57366	0.00898	0.00854	0.00715	0.01041	0.00958	0.00589	0.01748	0.01019	0.29095	0.01101	0.01084	0.00757	0.00502	0.00364	0.00150	0.00388	0.00340	0.00403	0.00628
17	0.01296	0.83261	0.02539	0.00829	0.01244	0.01917	0.00829	0.01451	0.00985	0.01140	0.00674	0.00777	0.00622	0.00415	0.00311	0.00104	0.00518	0.00259	0.00207	0.00622
18	0.01005	0.00861	0.01005	0.00718	0.01148	0.00646	0.00574	0.01220	0.01005	0.01579	0.00861	0.01005	0.00718	0.00359	0.00359	0.00072	0.00359	0.00287	0.00287	0.85932
19	0.00590	0.00422	0.00562	0.00675	0.00703	0.00394	0.00450	0.00675	0.00928	0.01237	0.02671	0.82653	0.03205	0.01518	0.00619	0.00197	0.00281	0.01378	0.00450	0.00394
20	0.00670	0.00495	0.00626	0.00593	0.00714	0.00451	0.00445	0.00884	0.01335	0.01855	0.69319	0.03765	0.14999	0.01024	0.00572	0.00154	0.00231	0.00897	0.00522	0.00451
21	0.01911	0.01121	0.01475	0.01117	0.01508	0.03168	0.10765	0.30041	0.01682	0.39827	0.01488	0.01407	0.00987	0.00566	0.00496	0.00149	0.00521	0.00475	0.00503	0.00796
22	0.01312	0.00853	0.00964	0.00809	0.01081	0.00865	0.00645	0.19127	0.15105	0.17927	0.11686	0.02631	0.23285	0.00825	0.00521	0.00156	0.00367	0.00680	0.00506	0.00657
23	0.00702	0.00533	0.00797	0.00792	0.00876	0.00629	0.00618	0.00873	0.00778	0.01126	0.01281	0.01882	0.01196	0.03562	0.78970	0.00764	0.03411	0.00517	0.00258	0.00435
24	0.02067	0.00801	0.01090	0.00844	0.01200	0.00694	0.00694	0.02258	0.01386	0.74647	0.07506	0.01791	0.01442	0.00628	0.00493	0.00150	0.00399	0.00515	0.00595	0.00798
25	0.00915	0.00861	0.01453	0.81804	0.03338	0.01077	0.01346	0.01238	0.00969	0.01238	0.00861	0.01292	0.00646	0.00484	0.00484	0.00161	0.00646	0.00431	0.00215	0.00538
26	0.00931	0.00478	0.00481	0.00471	0.00592	0.00482	0.00356	0.03389	0.01053	0.01843	0.01569	0.01788	0.01230	0.00565	0.00343	0.00114	0.00235	0.00451	0.83166	0.00463
27	0.00692	0.00519	0.00779	0.00779	0.00865	0.00606	0.00606	0.00865	0.00779	0.01125	0.01298	0.01904	0.01211	0.03634	0.81049	0.00779	0.01298	0.00519	0.00260	0.00433
28	0.00590	0.00422	0.00562	0.00675	0.00703	0.00394	0.00450	0.00675	0.00928	0.01237	0.02671	0.82653	0.03205	0.01518	0.00619	0.00197	0.00281	0.01378	0.00450	0.00394
29	0.00741	0.00482	0.00578	0.00554	0.00672	0.00452	0.00416	0.00961	0.01247	0.01855	0.51155	0.03169	0.09313	0.00884	0.00504	0.00142	0.00229	0.00763	0.25431	0.00452
30	0.00915	0.00861	0.01453	0.81804	0.03338	0.01077	0.01346	0.01238	0.00969	0.01238	0.00861	0.01292	0.00646	0.00484	0.00484	0.00161	0.00646	0.00431	0.00215	0.00538
31	0.00718	0.00550	0.00696	0.00716	0.02941	0.00520	0.00537	0.00982	0.05120	0.01724	0.45369	0.03989	0.19471	0.01066	0.00582	0.00167	0.00286	0.13606	0.00492	0.00469
32	0.75512	0.00991	0.00808	0.00699	0.01010	0.01141	0.00576	0.11321	0.01012	0.02287	0.00738	0.00836	0.00563	0.00467	0.00324	0.00149	0.00395	0.00285	0.00324	0.00563
33	0.00807	0.00541	0.00704	0.00700	0.00840	0.00496	0.00552	0.01002	0.01210	0.07287	0.34285	0.14097	0.10844	0.01113	0.00587	0.00173	0.00310	0.19795	0.00487	0.04171
34	0.09391	0.01091	0.01125	0.00938	0.01251	0.04658	0.00745	0.24548	0.24299	0.08578	0.01496	0.08348	0.01204	0.00647	0.00466	0.00148	0.00440	0.00517	0.00445	0.09665
35	0.00663	0.00493	0.00622	0.00644	0.00736	0.00465	0.00462	0.00881	0.05021	0.01608	0.38366	0.35260	0.10548	0.01206	0.00587	0.00172	0.00259	0.01074	0.00491	0.00443

[dist]
# distance from previous block
# <min> <max>
0	1

[block]
# block no. 8 follows, 52 sequences, length 20
# corresponding to MSA columns:
# 723-742
name=unknown_I
#
# <colnr> <probs for GDERKNQSTAVLIFYWHMCP>
#	G	D	E	R	K	N	Q	S	T	A	V	L	I	F	Y	W	H	M	C	P
0	0.01316	0.01065	0.01135	0.00994	0.01285	0.01215	0.00781	0.10537	0.67511	0.05641	0.01885	0.01733	0.01398	0.00647	0.00492	0.00162	0.00401	0.00533	0.00497	0.00776
1	0.01272	0.01143	0.01149	0.02563	0.06192	0.13373	0.00770	0.15146	0.12573	0.03326	0.01373	0.13753	0.01245	0.02178	0.00504	0.00141	0.00484	0.00546	0.00373	0.21896
2	0.01579	0.28961	0.01749	0.01051	0.01388	0.28498	0.00879	0.18504	0.10009	0.01671	0.00949	0.01008	0.00761	0.00506	0.00412	0.00127	0.00627	0.00348	0.00314	0.00662
3	0.01139	0.01065	0.01739	0.28405	0.45471	0.01169	0.01381	0.06212	0.01112	0.01539	0.00895	0.01219	0.00724	0.00483	0.00547	0.00154	0.05388	0.00431	0.00246	0.00683
