[name]
unknown

[dist]
# distance from previous block
# <min> <max>
0	12

[block]
# block no. 0 follows, 48 sequences, length 35
# corresponding to MSA columns:
# 12-17,20-48
name=unknown_A
#
# <colnr> <probs for GDERKNQSTAVLIFYWHMCP>
#	G	D	E	R	K	N	Q	S	T	A	V	L	I	F	Y	W	H	M	C	P
0	0.00815	0.00582	0.00813	0.00931	0.01044	0.00580	0.00806	0.01043	0.01169	0.01522	0.02723	0.10250	0.02979	0.01429	0.00706	0.00235	0.00462	0.70968	0.00473	0.00469
1	0.01916	0.06193	0.01607	0.01163	0.01575	0.01617	0.00970	0.72613	0.02332	0.03115	0.01201	0.01208	0.00860	0.00606	0.00502	0.00151	0.00564	0.00451	0.00496	0.00860
2	0.00956	0.00888	0.01481	0.76017	0.03359	0.01102	0.01359	0.01278	0.01010	0.01292	0.00953	0.01485	0.00754	0.05305	0.00636	0.00190	0.00673	0.00473	0.00233	0.00555
3	0.01011	0.00792	0.00823	0.00828	0.01003	0.00667	0.00583	0.01027	0.01366	0.01727	0.04897	0.18984	0.60857	0.01557	0.00769	0.00247	0.00406	0.01233	0.00593	0.00633
4	0.00606	0.00520	0.00520	0.00520	0.00693	0.00433	0.00390	0.00736	0.01170	0.01386	0.05198	0.04938	0.78558	0.01299	0.00606	0.00173	0.00260	0.01083	0.00476	0.00433
5	0.00703	0.00524	0.00653	0.00621	0.00752	0.00474	0.00466	0.00923	0.01397	0.01926	0.64139	0.04049	0.19281	0.01098	0.00605	0.00164	0.00246	0.00958	0.00548	0.00474
6	0.01270	0.01219	0.02083	0.03149	0.78767	0.01219	0.01575	0.01575	0.01168	0.01676	0.00965	0.01270	0.00813	0.00457	0.00508	0.00152	0.00610	0.00457	0.00254	0.00813
7	0.01571	0.01923	0.02184	0.01711	0.02087	0.41677	0.36070	0.01842	0.01326	0.01434	0.00903	0.01142	0.00716	0.00493	0.00558	0.00153	0.02849	0.00460	0.00261	0.00639
8	0.00619	0.00469	0.00572	0.00654	0.00728	0.00422	0.00450	0.00721	0.01040	0.01333	0.03561	0.57919	0.26634	0.01512	0.00640	0.00198	0.00286	0.01342	0.00476	0.00422
9	0.01064	0.00912	0.01064	0.00760	0.01216	0.00684	0.00608	0.01292	0.01064	0.01672	0.00912	0.01064	0.00760	0.00380	0.00380	0.00076	0.00380	0.00304	0.00304	0.85104
10	0.01510	0.01674	0.01850	0.02472	0.50140	0.30406	0.01358	0.01751	0.01274	0.01520	0.00901	0.01142	0.00756	0.00484	0.00491	0.00145	0.00727	0.00410	0.00258	0.00732
11	0.30583	0.01352	0.03151	0.01191	0.05228	0.16381	0.04451	0.01574	0.03936	0.01739	0.05039	0.01181	0.00902	0.00627	0.00734	0.00171	0.20462	0.00404	0.00297	0.00595
12	0.00663	0.00517	0.00567	0.00561	0.00682	0.00465	0.00396	0.00781	0.01096	0.01384	0.14998	0.04272	0.46123	0.20433	0.04611	0.00277	0.00363	0.00957	0.00441	0.00413
13	0.01463	0.26108	0.03684	0.01043	0.01414	0.04847	0.00900	0.17363	0.33940	0.02029	0.01411	0.01380	0.01087	0.00589	0.00458	0.00148	0.00512	0.00447	0.00409	0.00767
14	0.01046	0.06672	0.75442	0.01433	0.02175	0.01234	0.01844	0.01620	0.01081	0.01604	0.00910	0.01070	0.00650	0.00485	0.00480	0.00160	0.00748	0.00374	0.00217	0.00753
15	0.01491	0.23529	0.18646	0.01297	0.04550	0.01356	0.11937	0.07246	0.03212	0.18031	0.03150	0.01304	0.00954	0.00525	0.00474	0.00148	0.00607	0.00440	0.00351	0.00751
16	0.01244	0.01192	0.02035	0.09910	0.72211	0.01212	0.01562	0.01552	0.01156	0.01644	0.00961	0.01278	0.00802	0.00462	0.00508	0.00154	0.00616	0.00457	0.00252	0.00792
17	0.00634	0.00468	0.00593	0.00672	0.00738	0.00428	0.00462	0.00748	0.01070	0.01411	0.12082	0.59123	0.16717	0.01488	0.00641	0.00197	0.00285	0.01331	0.00487	0.00428
18	0.00981	0.00936	0.01614	0.76752	0.03491	0.01148	0.05251	0.01328	0.01035	0.01328	0.00918	0.01369	0.00689	0.00509	0.00518	0.00171	0.00693	0.00464	0.00230	0.00576
19	0.03232	0.14586	0.05838	0.01358	0.01745	0.32618	0.14128	0.14204	0.04508	0.01714	0.00951	0.01084	0.00749	0.00516	0.00476	0.00143	0.00757	0.00402	0.00306	0.00683
20	0.00808	0.00721	0.00914	0.00863	0.00945	0.00837	0.00671	0.00965	0.03263	0.01365	0.05800	0.21715	0.29658	0.01211	0.00976	0.00198	0.27268	0.00939	0.00397	0.00485
21	0.00746	0.00497	0.00560	0.00560	0.00560	0.00497	0.00311	0.00746	0.00746	0.00995	0.01617	0.03358	0.01865	0.81967	0.02612	0.00497	0.00497	0.00746	0.00311	0.00311
22	0.51516	0.01161	0.01060	0.00876	0.01226	0.01318	0.00720	0.29457	0.04348	0.02640	0.00957	0.01021	0.00711	0.00536	0.00398	0.00158	0.00459	0.00357	0.00398	0.00682
23	0.01550	0.04102	0.01622	0.01240	0.01615	0.01205	0.16107	0.07025	0.36947	0.20212	0.01759	0.01686	0.01262	0.00614	0.00530	0.00167	0.00521	0.00552	0.00484	0.00801
24	0.01155	0.01000	0.01710	0.02086	0.39482	0.00985	0.14195	0.01460	0.01145	0.01750	0.01215	0.01505	0.00975	0.00500	0.00475	0.00145	0.00530	0.00490	0.28519	0.00680
25	0.85592	0.00992	0.00754	0.00675	0.00992	0.01151	0.00556	0.01508	0.00873	0.02302	0.00714	0.00834	0.00556	0.00476	0.00318	0.00159	0.00397	0.00278	0.00318	0.00556
26	0.01016	0.00889	0.00969	0.07804	0.01292	0.02465	0.00716	0.01848	0.40283	0.01828	0.10029	0.02904	0.24094	0.00885	0.00552	0.00172	0.00383	0.00743	0.00482	0.00646
27	0.00616	0.00520	0.00533	0.00530	0.00699	0.00437	0.00397	0.00755	0.01192	0.01439	0.10992	0.04851	0.72731	0.01280	0.00606	0.00172	0.00258	0.01071	0.00483	0.00437
28	0.01276	0.01102	0.01160	0.01044	0.01334	0.01276	0.00812	0.02727	0.77840	0.02146	0.02088	0.01914	0.01566	0.00696	0.00522	0.00174	0.00406	0.00580	0.00522	0.00812
29	0.01372	0.82276	0.02689	0.00878	0.01317	0.02030	0.00878	0.01536	0.01043	0.01207	0.00713	0.00823	0.00658	0.00439	0.00329	0.00110	0.00549	0.00274	0.00219	0.00658
30	0.00704	0.00510	0.00672	0.00715	0.00807	0.00478	0.00537	0.00888	0.01232	0.01679	0.35855	0.30310	0.07967	0.01315	0.00640	0.00191	0.00302	0.14230	0.00514	0.00457
31	0.01211	0.01384	0.03028	0.02163	0.02682	0.01298	0.76903	0.01644	0.01211	0.01644	0.01038	0.01384	0.00779	0.00433	0.00606	0.00173	0.00865	0.00606	0.00260	0.00692
32	0.00625	0.00447	0.00595	0.00714	0.00744	0.00417	0.00476	0.00714	0.00982	0.01310	0.02828	0.81633	0.03394	0.01608	0.00655	0.00208	0.00298	0.01459	0.00476	0.00417
33	0.01270	0.01219	0.02083	0.03149	0.78767	0.01219	0.01575	0.01575	0.01168	0.01676	0.00965	0.01270	0.00813	0.00457	0.00508	0.00152	0.00610	0.00457	0.00254	0.00813
34	0.00733	0.00550	0.00825	0.00825	0.00916	0.00641	0.00641	0.00916	0.00825	0.01191	0.01374	0.02016	0.01283	0.03848	0.79934	0.00825	0.01374	0.00550	0.00275	0.00458

[dist]
# distance from previous block
# <min> <max>
0	1

[block]
# block no. 1 follows, 48 sequences, length 65
# corresponding to MSA columns:
# 50-114
name=unknown_B
#
# <colnr> <probs for GDERKNQSTAVLIFYWHMCP>
#	G	D	E	R	K	N	Q	S	T	A	V	L	I	F	Y	W	H	M	C	P
0	0.01174	0.00998	0.01315	0.01328	0.19018	0.00844	0.00847	0.04643	0.01162	0.03594	0.02190	0.01178	0.00854	0.00425	0.00422	0.00100	0.00440	0.00361	0.00314	0.58794
1	0.01231	0.49523	0.34207	0.01118	0.01689	0.01685	0.01297	0.01573	0.01059	0.01379	0.00799	0.00930	0.00655	0.00459	0.00394	0.00131	0.00635	0.00317	0.00218	0.00700
2	0.85592	0.00992	0.00754	0.00675	0.00992	0.01151	0.00556	0.01508	0.00873	0.02302	0.00714	0.00834	0.00556	0.00476	0.00318	0.00159	0.00397	0.00278	0.00318	0.00556
3	0.01236	0.01175	0.01994	0.02991	0.73827	0.01173	0.01506	0.01536	0.01186	0.01700	0.05875	0.01432	0.01068	0.00495	0.00514	0.00153	0.00586	0.00487	0.00274	0.00792
4	0.00746	0.00497	0.00560	0.00560	0.00560	0.00497	0.00311	0.00746	0.00746	0.00995	0.01617	0.03358	0.01865	0.81967	0.02612	0.00497	0.00497	0.00746	0.00311	0.00311
5	0.00969	0.00912	0.01539	0.80734	0.03534	0.01140	0.01425	0.01311	0.01026	0.01311	0.00912	0.01368	0.00684	0.00513	0.00513	0.00171	0.00684	0.00456	0.00228	0.00570
6	0.01446	0.01705	0.02403	0.02016	0.11882	0.26581	0.43021	0.01765	0.01284	0.01523	0.00950	0.01222	0.00745	0.00467	0.00547	0.00157	0.00852	0.00498	0.00260	0.00676
7	0.00746	0.00497	0.00560	0.00560	0.00560	0.00497	0.00311	0.00746	0.00746	0.00995	0.01617	0.03358	0.01865	0.81967	0.02612	0.00497	0.00497	0.00746	0.00311	0.00311
8	0.34791	0.00684	0.00589	0.00557	0.00756	0.00747	0.00437	0.01321	0.00995	0.02069	0.01290	0.01481	0.01012	0.00549	0.00342	0.00135	0.00302	0.00398	0.51036	0.00509
9	0.00746	0.00500	0.00571	0.00571	0.00575	0.00503	0.00325	0.00753	0.00749	0.01003	0.01607	0.03301	0.01841	0.78690	0.05855	0.00511	0.00534	0.00738	0.00309	0.00317
10	0.00662	0.00522	0.00597	0.00578	0.00727	0.00457	0.00434	0.00844	0.01301	0.01697	0.39169	0.04426	0.44393	0.01183	0.00606	0.00168	0.00252	0.01011	0.00517	0.00457
11	0.85592	0.00992	0.00754	0.00675	0.00992	0.01151	0.00556	0.01508	0.00873	0.02302	0.00714	0.00834	0.00556	0.00476	0.00318	0.00159	0.00397	0.00278	0.00318	0.00556
12	0.00737	0.00535	0.00748	0.00748	0.00813	0.00600	0.00546	0.00867	0.00802	0.01134	0.01444	0.02403	0.01451	0.26410	0.57603	0.00730	0.01121	0.00606	0.00285	0.00416
13	0.01286	0.01986	0.40605	0.09268	0.02255	0.01304	0.12563	0.20938	0.01437	0.02009	0.01017	0.01193	0.00729	0.00515	0.00514	0.00163	0.00717	0.00441	0.00300	0.00759
14	0.01673	0.01576	0.01378	0.01199	0.02901	0.23012	0.00925	0.28431	0.27325	0.02253	0.01429	0.03196	0.01102	0.00638	0.00505	0.00156	0.00606	0.00488	0.00442	0.00765
15	0.03268	0.10994	0.69196	0.01380	0.02094	0.01279	0.01754	0.01613	0.01074	0.01599	0.00894	0.01049	0.00648	0.00482	0.00466	0.00157	0.00727	0.00365	0.00220	0.00743
16	0.01265	0.20318	0.44437	0.01248	0.03485	0.02986	0.01416	0.01677	0.01153	0.10803	0.05745	0.01272	0.00986	0.00529	0.00462	0.00149	0.00641	0.00406	0.00290	0.00730
17	0.01228	0.02071	0.42536	0.01611	0.02212	0.03421	0.22546	0.11440	0.01289	0.01813	0.00980	0.01184	0.00716	0.00508	0.00575	0.00166	0.04240	0.00454	0.00269	0.00742
18	0.04503	0.00876	0.01179	0.00907	0.01301	0.00765	0.00749	0.02474	0.01453	0.77092	0.01990	0.01722	0.01251	0.00631	0.00511	0.00159	0.00436	0.00510	0.00627	0.00865
19	0.03608	0.01441	0.10922	0.01756	0.04708	0.02673	0.42025	0.05881	0.06193	0.11961	0.01209	0.01392	0.00875	0.00506	0.00581	0.00168	0.02492	0.00537	0.00335	0.00736
20	0.01556	0.10765	0.09521	0.01942	0.31280	0.06067	0.05546	0.08549	0.01335	0.16812	0.01155	0.01275	0.00862	0.00510	0.00490	0.00150	0.00613	0.00441	0.00345	0.00787
21	0.02302	0.00873	0.01191	0.00913	0.01310	0.00754	0.00754	0.02501	0.01469	0.79122	0.02024	0.01746	0.01270	0.00635	0.00516	0.00159	0.00437	0.00516	0.00635	0.00873
22	0.00699	0.00552	0.00619	0.00652	0.03530	0.00476	0.00459	0.00846	0.01195	0.04008	0.11924	0.09451	0.61294	0.01243	0.00603	0.00173	0.00279	0.01051	0.00482	0.00465
23	0.01371	0.01444	0.10036	0.08211	0.42201	0.07639	0.06129	0.05773	0.04276	0.06393	0.01070	0.01289	0.00832	0.00498	0.00510	0.00156	0.00652	0.00456	0.00297	0.00771
24	0.00966	0.00880	0.01221	0.01088	0.01110	0.01167	0.00869	0.01075	0.00788	0.01183	0.01001	0.01719	0.01023	0.15631	0.20209	0.00413	0.48386	0.00524	0.00251	0.00494
25	0.00744	0.00499	0.00570	0.00572	0.00576	0.00501	0.00326	0.00752	0.00753	0.01007	0.01628	0.04574	0.01869	0.77842	0.05378	0.00505	0.00526	0.00751	0.00312	0.00318
26	0.04783	0.18153	0.01678	0.01212	0.01501	0.58347	0.00959	0.01894	0.01324	0.01283	0.00769	0.00910	0.00657	0.00525	0.00482	0.00133	0.04207	0.00322	0.00256	0.00605
27	0.04847	0.04916	0.01475	0.06313	0.01679	0.69532	0.00999	0.01966	0.01393	0.01295	0.00795	0.00947	0.00659	0.00523	0.00456	0.00135	0.00879	0.00335	0.00263	0.00594
28	0.01524	0.01220	0.01294	0.01086	0.01420	0.01380	0.00866	0.31582	0.46840	0.02553	0.01823	0.01715	0.02978	0.00678	0.00521	0.00166	0.00465	0.00545	0.00518	0.00827
29	0.00856	0.00520	0.00571	0.00566	0.00634	0.00534	0.00376	0.01032	0.04298	0.01440	0.01644	0.02602	0.01584	0.39246	0.06947	0.00349	0.00447	0.00614	0.35328	0.00413
30	0.00627	0.00515	0.00542	0.00545	0.00695	0.00441	0.00399	0.00758	0.01161	0.01423	0.11899	0.08868	0.62732	0.06222	0.00731	0.00194	0.00275	0.01068	0.00475	0.00430
31	0.12127	0.09205	0.02181	0.27101	0.02566	0.01308	0.33144	0.01498	0.01080	0.01568	0.00914	0.01245	0.00704	0.00477	0.00539	0.00166	0.02820	0.00478	0.00252	0.00628
32	0.01303	0.01096	0.01161	0.01041	0.01334	0.01262	0.00811	0.02721	0.75828	0.04174	0.02087	0.01910	0.01559	0.00695	0.00522	0.00174	0.00407	0.00578	0.00525	0.00814
33	0.01928	0.01474	0.01520	0.01177	0.01577	0.05504	0.00967	0.72099	0.02345	0.03106	0.01272	0.01274	0.02075	0.00622	0.00512	0.00153	0.00578	0.00465	0.00500	0.00852
34	0.01102	0.01048	0.01779	0.46445	0.36784	0.01175	0.01491	0.01428	0.01089	0.01472	0.00935	0.01325	0.00741	0.00488	0.00511	0.00163	0.00651	0.00457	0.00239	0.00677
35	0.00641	0.00521	0.00568	0.00557	0.00715	0.00448	0.00417	0.00804	0.01252	0.01583	0.26644	0.04615	0.56989	0.01226	0.00606	0.00170	0.00255	0.01038	0.00502	0.00448
36	0.01334	0.04033	0.01587	0.20527	0.20176	0.01277	0.01167	0.14076	0.17904	0.05151	0.01373	0.01520	0.03005	0.00596	0.00559	0.00164	0.03946	0.00496	0.00367	0.00741
37	0.00726	0.00524	0.00686	0.00646	0.00767	0.00484	0.00484	0.00968	0.01452	0.02058	0.78496	0.03833	0.04841	0.01049	0.00605	0.00161	0.00242	0.00928	0.00565	0.00484
38	0.01407	0.02039	0.49490	0.01373	0.02004	0.01107	0.08189	0.05013	0.01248	0.21359	0.01224	0.01284	0.00828	0.00525	0.00506	0.00162	0.00678	0.00437	0.00339	0.00786
39	0.01198	0.00853	0.01036	0.00858	0.01150	0.00789	0.02385	0.16252	0.01401	0.09262	0.08840	0.19270	0.07192	0.00867	0.00528	0.00148	0.00397	0.02512	0.00453	0.24610
40	0.00983	0.00504	0.00507	0.00497	0.00625	0.00508	0.00375	0.03250	0.01112	0.01949	0.01662	0.01895	0.01303	0.00598	0.00363	0.00120	0.00248	0.00478	0.82533	0.00489
41	0.01776	0.00785	0.01040	0.00842	0.01152	0.00707	0.00678	0.02064	0.06140	0.51742	0.24521	0.02370	0.02339	0.00761	0.00543	0.00160	0.00378	0.00641	0.00607	0.00755
42	0.01941	0.00914	0.01183	0.00988	0.04687	0.02658	0.00761	0.04139	0.02438	0.55178	0.09252	0.01826	0.01523	0.00638	0.00509	0.00149	0.00434	0.00526	0.00563	0.09693
43	0.00630	0.00449	0.00594	0.00708	0.00736	0.00420	0.00469	0.00716	0.00972	0.01297	0.02777	0.78349	0.03330	0.04979	0.00737	0.00221	0.00306	0.01429	0.00469	0.00412
44	0.61296	0.01176	0.00978	0.00829	0.01166	0.05500	0.00678	0.19409	0.01269	0.02466	0.00841	0.00933	0.00636	0.00512	0.00372	0.00156	0.00465	0.00324	0.00361	0.00633
45	0.03260	0.12419	0.33708	0.01279	0.01835	0.01457	0.04076	0.30176	0.03318	0.02206	0.01038	0.01130	0.00759	0.00532	0.00478	0.00153	0.00646	0.00407	0.00340	0.00783
46	0.01311	0.11983	0.34762	0.01267	0.04516	0.01305	0.01312	0.13794	0.11674	0.06105	0.06075	0.01403	0.01115	0.00572	0.00486	0.00155	0.00598	0.00451	0.00351	0.00762
47	0.01350	0.20004	0.11621	0.01904	0.33133	0.04181	0.01268	0.06225	0.01217	0.04778	0.00950	0.01128	0.00769	0.00469	0.00451	0.00136	0.00593	0.00388	0.00278	0.09158
48	0.03821	0.01383	0.01811	0.02416	0.50384	0.11478	0.01328	0.09699	0.09279	0.01852	0.01080	0.01276	0.00870	0.00509	0.00499	0.00152	0.00619	0.00449	0.00312	0.00783
49	0.00968	0.00847	0.03757	0.00812	0.01108	0.00696	0.00641	0.05811	0.05979	0.01662	0.01717	0.30992	0.01790	0.00873	0.00503	0.00139	0.00376	0.00762	0.00391	0.40176
50	0.01209	0.01244	0.02394	0.02597	0.42412	0.01206	0.33109	0.01555	0.01176	0.01642	0.01102	0.05892	0.00945	0.00512	0.00557	0.00164	0.00699	0.00576	0.00269	0.00740
51	0.01374	0.00970	0.01135	0.05956	0.01333	0.01013	0.00759	0.31072	0.03747	0.08232	0.23599	0.02293	0.04802	0.05719	0.00664	0.00175	0.00440	0.00632	0.00494	0.05589
52	0.00927	0.00568	0.00895	0.13744	0.05904	0.00605	0.00673	0.00828	0.00757	0.01007	0.00899	0.01511	0.00853	0.01497	0.01673	0.66177	0.00494	0.00448	0.00226	0.00315
53	0.01817	0.01459	0.06413	0.01166	0.01581	0.01498	0.01004	0.67628	0.02270	0.03060	0.05934	0.01381	0.01101	0.00634	0.00517	0.00155	0.00557	0.00485	0.00498	0.00842
54	0.06408	0.01296	0.06892	0.02891	0.69166	0.01213	0.01533	0.01574	0.01145	0.01711	0.00947	0.01231	0.00787	0.00460	0.00495	0.00153	0.00606	0.00441	0.00256	0.00794
55	0.01049	0.00959	0.01145	0.01050	0.01151	0.08360	0.00834	0.02925	0.05805	0.02821	0.01246	0.06474	0.01173	0.02153	0.35060	0.00467	0.25936	0.00553	0.00298	0.00540
56	0.02037	0.00918	0.01228	0.01057	0.06020	0.00845	0.00802	0.10599	0.01524	0.58200	0.04689	0.06795	0.01462	0.00699	0.00527	0.00161	0.00446	0.00581	0.00586	0.00826
57	0.01273	0.01180	0.02124	0.15345	0.47111	0.01193	0.16131	0.01602	0.01172	0.06344	0.01035	0.01337	0.00813	0.00472	0.00528	0.00160	0.00661	0.00489	0.00274	0.00754
58	0.01381	0.39542	0.07022	0.01662	0.23560	0.09216	0.03823	0.03562	0.03162	0.01463	0.00866	0.01035	0.00736	0.00467	0.00422	0.00132	0.00623	0.00363	0.00250	0.00713
59	0.01565	0.01321	0.06392	0.04663	0.09831	0.06520	0.04006	0.24877	0.06281	0.11779	0.04692	0.01430	0.01089	0.00570	0.00497	0.00146	0.00554	0.00468	0.01966	0.11352
60	0.01375	0.01452	0.16780	0.02108	0.36332	0.01172	0.05458	0.11958	0.01374	0.09383	0.06590	0.01462	0.01117	0.00543	0.00518	0.00157	0.00603	0.00490	0.00341	0.00786
61	0.01192	0.05701	0.14344	0.03783	0.24134	0.03506	0.05142	0.03293	0.07115	0.05888	0.03256	0.01917	0.13397	0.00644	0.00527	0.00156	0.01473	0.00555	0.00336	0.03641
62	0.02804	0.08217	0.09674	0.01236	0.06971	0.19791	0.05973	0.01624	0.04020	0.05745	0.06067	0.02928	0.01163	0.06144	0.00615	0.00160	0.00614	0.00460	0.00319	0.15474
63	0.06411	0.04473	0.04899	0.03815	0.03198	0.00839	0.04636	0.05632	0.06085	0.08278	0.20927	0.18645	0.04996	0.00931	0.00554	0.00170	0.00413	0.02580	0.00454	0.02064
64	0.01210	0.29700	0.08026	0.01408	0.16956	0.01388	0.03013	0.03225	0.05810	0.01543	0.02989	0.01473	0.05624	0.00559	0.00486	0.00136	0.03424	0.01795	0.00291	0.10944

[dist]
# distance from previous block
# <min> <max>
4	21

[block]
# block no. 2 follows, 48 sequences, length 32
# corresponding to MSA columns:
# 136-167
name=unknown_C
#
# <colnr> <probs for GDERKNQSTAVLIFYWHMCP>
#	G	D	E	R	K	N	Q	S	T	A	V	L	I	F	Y	W	H	M	C	P
0	0.04405	0.05860	0.08446	0.01969	0.34609	0.11086	0.01237	0.07056	0.05089	0.05203	0.01034	0.01200	0.00819	0.00492	0.00472	0.00142	0.00606	0.00411	0.00306	0.09558
1	0.02470	0.01636	0.23235	0.05003	0.36042	0.05694	0.03755	0.03438	0.03880	0.05244	0.01192	0.01380	0.03693	0.00523	0.00505	0.00157	0.00647	0.00461	0.00286	0.00759
2	0.01337	0.01291	0.06414	0.04050	0.54907	0.01205	0.02853	0.09862	0.01298	0.03986	0.01018	0.01256	0.00815	0.00476	0.00500	0.00148	0.00597	0.00446	0.00294	0.07247
3	0.02966	0.03334	0.07959	0.02043	0.36380	0.06614	0.05041	0.07779	0.01285	0.05809	0.03113	0.01279	0.00909	0.00490	0.00485	0.00142	0.00595	0.00436	0.00309	0.13033
4	0.01332	0.01229	0.01833	0.02576	0.58567	0.06174	0.01357	0.03993	0.02685	0.05255	0.03217	0.01490	0.04123	0.00527	0.00508	0.00150	0.00585	0.00487	0.00304	0.03607
5	0.07658	0.05486	0.01415	0.02594	0.14603	0.01025	0.03036	0.08243	0.06218	0.21151	0.06670	0.02596	0.01254	0.00574	0.00477	0.00143	0.00470	0.00480	0.00424	0.15483
6	0.01542	0.09376	0.08586	0.01316	0.03751	0.19304	0.11996	0.10238	0.07997	0.10219	0.01249	0.05608	0.01003	0.00587	0.00497	0.00149	0.00656	0.00489	0.00359	0.05077
7	0.01228	0.01145	0.01592	0.11816	0.35200	0.03977	0.01207	0.01930	0.28105	0.01802	0.05640	0.01638	0.01279	0.00583	0.00517	0.00162	0.00538	0.00522	0.00363	0.00757
8	0.01281	0.00746	0.04668	0.00773	0.01022	0.00606	0.00640	0.01510	0.01397	0.29019	0.38994	0.06784	0.08581	0.00921	0.00571	0.00164	0.00339	0.00793	0.00562	0.00627
9	0.01180	0.25995	0.29978	0.01709	0.23158	0.01410	0.01416	0.01543	0.01107	0.01526	0.04338	0.01196	0.00896	0.00548	0.01836	0.00155	0.00642	0.00397	0.00244	0.00726
10	0.01299	0.26588	0.34218	0.01339	0.04131	0.03816	0.08498	0.03947	0.03887	0.06295	0.00984	0.01108	0.00747	0.00488	0.00454	0.00146	0.00667	0.00387	0.00269	0.00731
11	0.00636	0.00518	0.00563	0.00557	0.00713	0.00445	0.00416	0.00792	0.01232	0.01547	0.22907	0.07242	0.58147	0.01249	0.00608	0.00172	0.00257	0.01058	0.00498	0.00445
12	0.00661	0.00495	0.00611	0.00689	0.00757	0.00466	0.00471	0.00824	0.04752	0.01370	0.05109	0.59471	0.16021	0.04848	0.00721	0.00212	0.00303	0.01309	0.00474	0.00436
13	0.56961	0.01238	0.08686	0.01037	0.05083	0.01209	0.06356	0.09505	0.01104	0.03521	0.00846	0.00976	0.00639	0.00491	0.00388	0.00159	0.00495	0.00344	0.00326	0.00636
14	0.01149	0.06300	0.12600	0.19750	0.34846	0.01232	0.11074	0.01503	0.01117	0.01544	0.00999	0.03765	0.00829	0.00505	0.00512	0.00160	0.00665	0.00485	0.00249	0.00714
15	0.01038	0.00998	0.01409	0.01233	0.01253	0.01369	0.01018	0.01165	0.00794	0.01225	0.00826	0.01317	0.00806	0.01541	0.18749	0.00355	0.63657	0.00471	0.00236	0.00539
16	0.03510	0.01458	0.14234	0.02692	0.54903	0.01223	0.11296	0.01590	0.01153	0.01681	0.00961	0.01244	0.00776	0.00459	0.00512	0.00157	0.00660	0.00459	0.00251	0.00782
17	0.01508	0.53456	0.05451	0.01111	0.04296	0.23978	0.00977	0.01686	0.01165	0.01255	0.00754	0.00879	0.00665	0.00467	0.00380	0.00120	0.00666	0.00301	0.00233	0.00650
18	0.01372	0.82276	0.02689	0.00878	0.01317	0.02030	0.00878	0.01536	0.01043	0.01207	0.00713	0.00823	0.00658	0.00439	0.00329	0.00110	0.00549	0.00274	0.00219	0.00658
19	0.01120	0.00969	0.03428	0.00796	0.01254	0.00721	0.00659	0.01396	0.03481	0.04853	0.00995	0.01119	0.00803	0.00404	0.00393	0.00085	0.00395	0.00324	0.00322	0.76485
20	0.01146	0.09985	0.30555	0.01655	0.17483	0.01139	0.08276	0.01516	0.01119	0.06393	0.01307	0.13113	0.01187	0.00665	0.00517	0.00164	0.00622	0.02155	0.00298	0.00704
21	0.00746	0.00497	0.00560	0.00560	0.00560	0.00497	0.00311	0.00746	0.00746	0.00995	0.01617	0.03358	0.01865	0.81967	0.02612	0.00497	0.00497	0.00746	0.00311	0.00311
22	0.01195	0.01322	0.02773	0.02251	0.14698	0.01249	0.61733	0.01595	0.01203	0.01638	0.01200	0.01514	0.04028	0.00473	0.00590	0.00170	0.00799	0.00602	0.00268	0.00700
23	0.01029	0.02654	0.79309	0.01462	0.02221	0.01192	0.01896	0.01625	0.01083	0.01625	0.00921	0.01083	0.00650	0.00487	0.00487	0.00162	0.00758	0.00379	0.00217	0.00758
24	0.00746	0.00499	0.00568	0.00568	0.00571	0.00502	0.00322	0.00752	0.00749	0.01001	0.01609	0.03313	0.01846	0.79372	0.05180	0.00508	0.00527	0.00740	0.00310	0.00316
25	0.00705	0.00504	0.00686	0.00793	0.00861	0.00485	0.00604	0.00859	0.01089	0.01446	0.08311	0.48515	0.03340	0.01498	0.00671	0.00215	0.00357	0.28138	0.00481	0.00442
26	0.01325	0.12862	0.09441	0.04375	0.21693	0.02906	0.27608	0.10428	0.01305	0.01757	0.00977	0.01222	0.00765	0.00470	0.00515	0.00155	0.00706	0.00474	0.00277	0.00740
27	0.01997	0.00877	0.01143	0.00899	0.01252	0.00803	0.00734	0.09045	0.03672	0.58132	0.13818	0.02028	0.01796	0.00699	0.00530	0.00159	0.00417	0.00577	0.00610	0.00811
28	0.01129	0.01142	0.01678	0.01407	0.01445	0.01552	0.06654	0.01265	0.00817	0.01265	0.00700	0.01142	0.00681	0.00864	0.01605	0.00221	0.75176	0.00460	0.00227	0.00571
29	0.04940	0.30827	0.10210	0.01709	0.26729	0.07210	0.01196	0.01682	0.01150	0.08535	0.00942	0.01088	0.00759	0.00476	0.00430	0.00137	0.00602	0.00371	0.00276	0.00730
30	0.01163	0.01096	0.01822	0.27153	0.49325	0.01167	0.01453	0.03596	0.01159	0.01593	0.01162	0.01478	0.04553	0.00520	0.00514	0.00159	0.00615	0.00487	0.00264	0.00720
31	0.09305	0.08535	0.01478	0.01246	0.10592	0.05860	0.02328	0.11887	0.12046	0.24140	0.01402	0.01379	0.01006	0.00561	0.00470	0.00148	0.00510	0.00444	0.00441	0.06220

[dist]
# distance from previous block
# <min> <max>
0	1

[block]
# block no. 3 follows, 48 sequences, length 15
# corresponding to MSA columns:
# 169-183
name=unknown_D
#
# <colnr> <probs for GDERKNQSTAVLIFYWHMCP>
#	G	D	E	R	K	N	Q	S	T	A	V	L	I	F	Y	W	H	M	C	P
0	0.01174	0.01176	0.04324	0.39871	0.30253	0.04525	0.01429	0.04637	0.04712	0.01568	0.00994	0.01324	0.00777	0.00505	0.00509	0.00162	0.00652	0.00455	0.00264	0.00688
1	0.01497	0.01127	0.04521	0.01115	0.04540	0.01146	0.00873	0.21314	0.29355	0.13836	0.01873	0.13375	0.01543	0.00782	0.00536	0.00170	0.00459	0.00656	0.00506	0.00776
2	0.00738	0.00502	0.00644	0.00677	0.00773	0.00457	0.00481	0.00887	0.01181	0.05416	0.27154	0.42752	0.13736	0.01341	0.00626	0.00186	0.00282	0.01193	0.00512	0.00463
3	0.00891	0.00446	0.00668	0.00668	0.00668	0.00446	0.00446	0.00668	0.00668	0.00891	0.00891	0.01560	0.00891	0.01783	0.02005	0.85071	0.00446	0.00446	0.00223	0.00223
4	0.18876	0.37280	0.05643	0.00876	0.01293	0.01426	0.00825	0.01824	0.01138	0.24813	0.01117	0.01115	0.00820	0.00508	0.00391	0.00137	0.00494	0.00353	0.00364	0.00707
5	0.01917	0.02445	0.01454	0.01322	0.01586	0.79907	0.00991	0.02049	0.01454	0.01256	0.00793	0.00925	0.00661	0.00529	0.00463	0.00132	0.00925	0.00330	0.00264	0.00595
6	0.01299	0.53843	0.02670	0.01339	0.06267	0.01739	0.20504	0.01539	0.01091	0.01351	0.00883	0.03707	0.00790	0.00478	0.00422	0.00132	0.00625	0.00410	0.00240	0.00668
7	0.01060	0.00584	0.00753	0.00743	0.00870	0.00546	0.00533	0.01213	0.03408	0.18908	0.05969	0.37529	0.04297	0.16516	0.00989	0.00249	0.00375	0.04453	0.00486	0.00518
8	0.37083	0.01332	0.09603	0.01216	0.01640	0.03267	0.19637	0.07728	0.04747	0.07711	0.01019	0.01147	0.00748	0.00501	0.00450	0.00162	0.00581	0.00417	0.00340	0.00672
9	0.03265	0.02822	0.11253	0.01317	0.03078	0.02891	0.25745	0.01279	0.01190	0.01629	0.15263	0.10471	0.14054	0.00818	0.00602	0.00171	0.02432	0.00767	0.00364	0.00587
10	0.03698	0.03466	0.03095	0.01173	0.07522	0.12029	0.00874	0.13962	0.17360	0.13397	0.09848	0.01813	0.04727	0.00665	0.00506	0.00153	0.00511	0.00534	0.00453	0.04213
11	0.03853	0.09155	0.22496	0.01210	0.04983	0.11570	0.01124	0.09288	0.05799	0.12042	0.03456	0.10250	0.01236	0.00672	0.00496	0.00157	0.00596	0.00537	0.00370	0.00708
12	0.09053	0.01489	0.12362	0.01539	0.13994	0.11010	0.10313	0.08130	0.05289	0.12078	0.03292	0.02809	0.01003	0.00552	0.00495	0.00154	0.00617	0.00470	0.00358	0.04991
13	0.01388	0.03388	0.19210	0.03647	0.01819	0.10217	0.13858	0.07290	0.05800	0.11182	0.04962	0.02799	0.01085	0.00557	0.00505	0.00150	0.00637	0.00483	0.00352	0.10672
14	0.03475	0.13871	0.30487	0.01314	0.04946	0.08880	0.04607	0.08297	0.07250	0.05439	0.01189	0.01333	0.02767	0.00550	0.00475	0.00152	0.00648	0.01751	0.00310	0.02260

[dist]
# distance from previous block
# <min> <max>
24	80

[block]
# block no. 4 follows, 48 sequences, length 44
# corresponding to MSA columns:
# 277-320
name=unknown_E
#
# <colnr> <probs for GDERKNQSTAVLIFYWHMCP>
#	G	D	E	R	K	N	Q	S	T	A	V	L	I	F	Y	W	H	M	C	P
0	0.01446	0.01409	0.10470	0.02065	0.37032	0.05754	0.01298	0.08418	0.12732	0.10221	0.01254	0.01368	0.00951	0.00531	0.00503	0.00154	0.00586	0.00462	0.00355	0.02989
1	0.05779	0.02675	0.04864	0.02187	0.43064	0.06731	0.02557	0.05667	0.03581	0.12758	0.01131	0.01287	0.00868	0.00501	0.00489	0.00150	0.00588	0.00441	0.00334	0.04349
2	0.07411	0.01160	0.05791	0.01450	0.17680	0.01061	0.03524	0.12897	0.07899	0.13918	0.02559	0.04384	0.01080	0.00569	0.00483	0.00145	0.00500	0.00482	0.00399	0.16606
3	0.02374	0.17448	0.13304	0.01927	0.31446	0.01356	0.05601	0.04385	0.09221	0.01710	0.05551	0.01370	0.01069	0.00522	0.00480	0.00150	0.00587	0.00456	0.00298	0.00747
4	0.01207	0.01318	0.08518	0.08275	0.56308	0.02774	0.06901	0.01534	0.01151	0.01618	0.01048	0.05083	0.00907	0.00518	0.00520	0.00158	0.00637	0.00506	0.00260	0.00759
5	0.01520	0.08411	0.01560	0.05517	0.13932	0.07336	0.00971	0.20540	0.04260	0.08511	0.01110	0.01211	0.00848	0.00508	0.00459	0.00131	0.00542	0.00403	0.00370	0.21859
6	0.06804	0.04853	0.04415	0.01108	0.07538	0.16224	0.00807	0.02638	0.03552	0.07170	0.03649	0.19746	0.01753	0.06675	0.00743	0.03743	0.00535	0.07108	0.00377	0.00563
7	0.00839	0.00706	0.00721	0.00737	0.00875	0.06165	0.00533	0.01120	0.10452	0.03500	0.07325	0.35430	0.27127	0.01267	0.00603	0.00184	0.00344	0.01099	0.00476	0.00498
8	0.01285	0.23547	0.15669	0.05888	0.07702	0.05114	0.03653	0.07688	0.07015	0.01657	0.00977	0.01118	0.00778	0.00481	0.00436	0.00132	0.00588	0.00375	0.00287	0.15610
9	0.00633	0.00452	0.00604	0.00723	0.00756	0.00423	0.00490	0.00728	0.00990	0.01318	0.02824	0.78776	0.03377	0.01600	0.00657	0.00209	0.00304	0.04240	0.00476	0.00419
10	0.00744	0.00505	0.00598	0.00598	0.00611	0.00518	0.00359	0.00771	0.00758	0.01023	0.01582	0.03163	0.01781	0.70621	0.13842	0.00545	0.00625	0.00718	0.00306	0.00332
11	0.01072	0.00886	0.00987	0.00908	0.01134	0.00981	0.00705	0.02063	0.48789	0.02085	0.27161	0.02746	0.02712	0.00850	0.00559	0.00173	0.00356	0.04611	0.00534	0.00687
12	0.01168	0.00632	0.00757	0.00668	0.00902	0.00541	0.00521	0.01330	0.01286	0.26629	0.11253	0.07035	0.43124	0.01073	0.00579	0.00169	0.00317	0.00900	0.00537	0.00580
13	0.01270	0.01219	0.02083	0.03149	0.78767	0.01219	0.01575	0.01575	0.01168	0.01676	0.00965	0.01270	0.00813	0.00457	0.00508	0.00152	0.00610	0.00457	0.00254	0.00813
14	0.00669	0.00526	0.00608	0.00608	0.00754	0.00465	0.00466	0.00845	0.01261	0.01627	0.29868	0.06958	0.44066	0.01235	0.00617	0.00176	0.00275	0.08016	0.00506	0.00454
15	0.01104	0.01087	0.01610	0.20953	0.01979	0.03700	0.08998	0.01387	0.04985	0.01404	0.03821	0.01381	0.00918	0.00726	0.01088	0.00194	0.39759	0.00490	0.03831	0.00585
16	0.01854	0.02460	0.06964	0.01332	0.01631	0.74337	0.01055	0.02019	0.01428	0.01282	0.00802	0.00936	0.00660	0.00526	0.00464	0.00134	0.00913	0.00334	0.00261	0.00606
17	0.00663	0.00511	0.00605	0.00605	0.00734	0.00454	0.00445	0.00837	0.01269	0.01676	0.37736	0.15710	0.34442	0.01232	0.00613	0.00173	0.00257	0.01069	0.00516	0.00454
18	0.01129	0.00910	0.01071	0.00768	0.01221	0.00688	0.00616	0.01355	0.01085	0.05731	0.00970	0.01100	0.00787	0.00393	0.00387	0.00080	0.00383	0.00315	0.00321	0.80690
19	0.05520	0.00890	0.05020	0.04055	0.07239	0.00864	0.00815	0.10296	0.01133	0.07210	0.01428	0.03190	0.03484	0.07703	0.33450	0.00454	0.00870	0.00534	0.00339	0.05506
20	0.01549	0.01504	0.01721	0.05190	0.34943	0.17878	0.01240	0.18901	0.08516	0.01970	0.01090	0.01252	0.00858	0.00532	0.00501	0.00151	0.00650	0.00443	0.00339	0.00771
21	0.01238	0.00955	0.01031	0.00923	0.01197	0.01046	0.00719	0.02285	0.53879	0.09579	0.05277	0.02509	0.15523	0.00811	0.00540	0.00172	0.00377	0.00676	0.00526	0.00739
22	0.01310	0.01232	0.02051	0.03035	0.74274	0.01241	0.01540	0.05969	0.01241	0.01767	0.00981	0.01268	0.00816	0.00466	0.00508	0.00152	0.00607	0.00457	0.00269	0.00816
23	0.00969	0.00912	0.01539	0.80734	0.03534	0.01140	0.01425	0.01311	0.01026	0.01311	0.00912	0.01368	0.00684	0.00513	0.00513	0.00171	0.00684	0.00456	0.00228	0.00570
24	0.04769	0.01530	0.13216	0.02055	0.07911	0.01277	0.56630	0.03130	0.01200	0.01703	0.01007	0.01309	0.00756	0.00447	0.00569	0.00169	0.00807	0.00548	0.00261	0.00707
25	0.01263	0.45336	0.35083	0.01127	0.01699	0.01625	0.01304	0.01612	0.01077	0.04462	0.00853	0.00970	0.00679	0.00467	0.00404	0.00134	0.00633	0.00328	0.00235	0.00709
26	0.00659	0.00504	0.00606	0.00631	0.00746	0.00451	0.00461	0.00818	0.01210	0.01587	0.28056	0.25670	0.31154	0.01308	0.00623	0.00182	0.00273	0.04109	0.00505	0.00447
27	0.00713	0.00601	0.00826	0.00951	0.09140	0.00548	0.03785	0.00860	0.01100	0.01409	0.04934	0.35541	0.35091	0.01294	0.00616	0.00185	0.00338	0.01146	0.00445	0.00479
28	0.01220	0.01221	0.01921	0.26727	0.46279	0.06768	0.05435	0.01531	0.01147	0.01533	0.00941	0.01282	0.00761	0.00478	0.00511	0.00158	0.00668	0.00456	0.00247	0.00717
29	0.00746	0.00497	0.00560	0.00560	0.00560	0.00497	0.00311	0.00746	0.00746	0.00995	0.01617	0.03358	0.01865	0.81967	0.02612	0.00497	0.00497	0.00746	0.00311	0.00311
30	0.00746	0.00497	0.00560	0.00560	0.00560	0.00497	0.00311	0.00746	0.00746	0.00995	0.01617	0.03358	0.01865	0.81967	0.02612	0.00497	0.00497	0.00746	0.00311	0.00311
31	0.01229	0.01177	0.02009	0.13708	0.68528	0.01208	0.01554	0.01539	0.01149	0.01627	0.00958	0.01283	0.00795	0.00465	0.00509	0.00155	0.00620	0.00457	0.00250	0.00780
32	0.01165	0.00968	0.01097	0.00851	0.01255	0.00865	0.00674	0.01762	0.24296	0.04149	0.01301	0.01342	0.01019	0.00483	0.00427	0.00108	0.00390	0.00394	0.00380	0.57073
33	0.01233	0.00730	0.00980	0.00867	0.01080	0.00693	0.04433	0.08504	0.03652	0.21159	0.13195	0.31191	0.07961	0.01083	0.00590	0.00179	0.00379	0.00958	0.00523	0.00611
34	0.01270	0.01219	0.02083	0.03149	0.78767	0.01219	0.01575	0.01575	0.01168	0.01676	0.00965	0.01270	0.00813	0.00457	0.00508	0.00152	0.00610	0.00457	0.00254	0.00813
35	0.01209	0.00879	0.01054	0.00773	0.01197	0.00679	0.00619	0.01434	0.01147	0.12239	0.06554	0.01353	0.01118	0.00462	0.00414	0.00093	0.00378	0.00377	0.00368	0.67653
36	0.00866	0.00681	0.00972	0.00973	0.04251	0.00809	0.00725	0.03859	0.00903	0.01321	0.01287	0.01904	0.01200	0.07357	0.54656	0.00636	0.11860	0.00536	0.04709	0.00495
37	0.01951	0.01437	0.01540	0.01181	0.01591	0.01591	0.00975	0.77056	0.02412	0.03234	0.01232	0.01232	0.00873	0.00616	0.00513	0.00154	0.00565	0.00462	0.00513	0.00873
38	0.00708	0.00524	0.00660	0.00626	0.00755	0.00476	0.00470	0.00932	0.01409	0.01954	0.67180	0.04003	0.16222	0.01088	0.00605	0.00163	0.00245	0.00952	0.00551	0.00476
39	0.00969	0.00912	0.01539	0.80734	0.03534	0.01140	0.01425	0.01311	0.01026	0.01311	0.00912	0.01368	0.00684	0.00513	0.00513	0.00171	0.00684	0.00456	0.00228	0.00570
40	0.00620	0.00486	0.00561	0.00615	0.00720	0.00428	0.00434	0.00735	0.01094	0.01377	0.06998	0.40338	0.40910	0.01432	0.00629	0.00189	0.00277	0.01250	0.00480	0.00428
41	0.01136	0.00910	0.01071	0.00769	0.01221	0.00688	0.00617	0.01362	0.01088	0.06181	0.00977	0.01104	0.00790	0.00395	0.00388	0.00081	0.00383	0.00316	0.00323	0.80200
42	0.07319	0.01038	0.01209	0.08052	0.04717	0.01045	0.00818	0.14320	0.16901	0.06089	0.01432	0.01483	0.04236	0.00558	0.00461	0.00135	0.00452	0.00448	0.00400	0.28886
43	0.01383	0.01465	0.01950	0.08211	0.53877	0.17921	0.04590	0.01660	0.01221	0.01560	0.00928	0.01208	0.00770	0.00475	0.00503	0.00150	0.00693	0.00436	0.00255	0.00744

[dist]
# distance from previous block
# <min> <max>
0	2

[block]
# block no. 5 follows, 48 sequences, length 43
# corresponding to MSA columns:
# 323-365
name=unknown_F
#
# <colnr> <probs for GDERKNQSTAVLIFYWHMCP>
#	G	D	E	R	K	N	Q	S	T	A	V	L	I	F	Y	W	H	M	C	P
0	0.06133	0.01260	0.05426	0.01677	0.19853	0.01402	0.01175	0.18455	0.03155	0.01891	0.00948	0.01221	0.00792	0.00806	0.04313	0.00209	0.29824	0.00448	0.00311	0.00702
1	0.81170	0.01069	0.00791	0.00709	0.01024	0.05313	0.00579	0.01537	0.00904	0.02247	0.00719	0.00838	0.00561	0.00479	0.00325	0.00157	0.00425	0.00281	0.00315	0.00558
2	0.00737	0.00506	0.00594	0.00594	0.00615	0.00514	0.00360	0.00769	0.00778	0.01041	0.01760	0.03252	0.05562	0.67291	0.13108	0.00526	0.00606	0.00736	0.00314	0.00337
3	0.01633	0.00677	0.00836	0.00697	0.00956	0.00617	0.00558	0.01852	0.01273	0.40731	0.01850	0.01829	0.01293	0.00617	0.00438	0.00139	0.00338	0.00497	0.42493	0.00677
4	0.00735	0.00542	0.00787	0.00787	0.00865	0.00621	0.00594	0.00892	0.00813	0.01163	0.01409	0.02208	0.01366	0.15067	0.68830	0.00778	0.01248	0.00578	0.00280	0.00437
5	0.00811	0.00544	0.00707	0.00655	0.00794	0.00497	0.00495	0.01045	0.01441	0.06413	0.70899	0.03763	0.07903	0.01037	0.00600	0.00162	0.00254	0.00911	0.00565	0.00504
6	0.85592	0.00992	0.00754	0.00675	0.00992	0.01151	0.00556	0.01508	0.00873	0.02302	0.00714	0.00834	0.00556	0.00476	0.00318	0.00159	0.00397	0.00278	0.00318	0.00556
7	0.00746	0.00500	0.00573	0.00573	0.00578	0.00505	0.00328	0.00755	0.00750	0.01005	0.01604	0.03289	0.01836	0.77979	0.06560	0.00514	0.00542	0.00736	0.00309	0.00318
8	0.01271	0.01208	0.01996	0.02951	0.71459	0.01225	0.01503	0.01683	0.08404	0.01721	0.01071	0.01331	0.00884	0.00480	0.00509	0.00154	0.00590	0.00469	0.00279	0.00813
9	0.01190	0.08630	0.01202	0.00969	0.01228	0.01167	0.00766	0.02216	0.52933	0.03961	0.02102	0.14277	0.01822	0.00846	0.00533	0.00176	0.00407	0.04365	0.00487	0.00722
10	0.01062	0.04812	0.69814	0.01605	0.09418	0.01218	0.01836	0.01618	0.01090	0.01618	0.00919	0.01093	0.00666	0.00483	0.00485	0.00160	0.00738	0.00384	0.00220	0.00761
11	0.05746	0.01193	0.01663	0.12822	0.32281	0.01281	0.01224	0.24286	0.02853	0.04400	0.01169	0.01354	0.02668	0.00551	0.00527	0.00157	0.02353	0.00464	0.00353	0.02653
12	0.01195	0.38877	0.38043	0.01206	0.01770	0.01599	0.03227	0.01563	0.01051	0.01413	0.00815	0.00974	0.00658	0.00487	0.00486	0.00142	0.05232	0.00341	0.00219	0.00700
13	0.00743	0.00539	0.00752	0.00826	0.00901	0.00525	0.02645	0.00889	0.01036	0.01365	0.02551	0.36094	0.02910	0.13612	0.00971	0.00263	0.00416	0.32087	0.00444	0.00431
14	0.01554	0.05871	0.05295	0.03703	0.13702	0.08063	0.14150	0.05056	0.10883	0.19908	0.03756	0.01496	0.01100	0.00568	0.00545	0.00159	0.02539	0.00502	0.00394	0.00755
15	0.01228	0.01186	0.02051	0.13339	0.65600	0.01212	0.04768	0.01543	0.01151	0.01627	0.00961	0.01288	0.00794	0.00463	0.00513	0.00156	0.00630	0.00463	0.00251	0.00776
16	0.19668	0.00898	0.01100	0.00863	0.01244	0.00837	0.00713	0.02294	0.01344	0.63105	0.01751	0.01556	0.01121	0.00602	0.00475	0.00159	0.00428	0.00466	0.00569	0.00807
17	0.00717	0.00512	0.00701	0.00820	0.00890	0.00496	0.00637	0.00874	0.01073	0.01413	0.02777	0.46934	0.03192	0.01521	0.00680	0.00221	0.00378	0.35246	0.00475	0.00442
18	0.04687	0.00650	0.00783	0.00794	0.00922	0.00650	0.00579	0.12109	0.01239	0.06093	0.04370	0.55019	0.04872	0.01327	0.00611	0.00194	0.00353	0.03742	0.00486	0.00520
19	0.01120	0.01007	0.01659	0.02406	0.52548	0.01007	0.01322	0.01402	0.01173	0.01629	0.01556	0.02794	0.01535	0.00781	0.00576	0.00181	0.00563	0.25715	0.00328	0.00698
20	0.01673	0.27082	0.01848	0.01187	0.01480	0.48360	0.00969	0.01813	0.01263	0.01239	0.00757	0.00912	0.00661	0.00536	0.00537	0.00134	0.08368	0.00324	0.00247	0.00611
21	0.01257	0.01206	0.02059	0.06508	0.75510	0.01216	0.01568	0.01563	0.01162	0.01661	0.00963	0.01274	0.00807	0.00460	0.00508	0.00153	0.00613	0.00457	0.00253	0.00802
22	0.01951	0.01437	0.01540	0.01181	0.01591	0.01591	0.00975	0.77056	0.02412	0.03234	0.01232	0.01232	0.00873	0.00616	0.00513	0.00154	0.00565	0.00462	0.00513	0.00873
23	0.00746	0.00497	0.00560	0.00560	0.00560	0.00497	0.00311	0.00746	0.00746	0.00995	0.01617	0.03358	0.01865	0.81967	0.02612	0.00497	0.00497	0.00746	0.00311	0.00311
24	0.00626	0.00473	0.00569	0.00643	0.00717	0.00427	0.00439	0.00723	0.01029	0.01316	0.03517	0.52649	0.27347	0.06081	0.00751	0.00214	0.00297	0.01298	0.00467	0.00416
25	0.34056	0.01207	0.01530	0.01963	0.38112	0.06705	0.04374	0.01566	0.01071	0.01880	0.00900	0.02859	0.00758	0.00494	0.00438	0.00156	0.00553	0.00407	0.00285	0.00684
26	0.77612	0.01149	0.08167	0.00749	0.01108	0.01155	0.00682	0.01519	0.00893	0.02238	0.00734	0.00857	0.00565	0.00477	0.00334	0.00159	0.00431	0.00287	0.00308	0.00575
27	0.01331	0.01335	0.02023	0.02977	0.71483	0.08645	0.01520	0.01619	0.01195	0.01637	0.00949	0.01237	0.00798	0.00464	0.00504	0.00150	0.00639	0.00445	0.00255	0.00792
28	0.01211	0.01384	0.03028	0.02163	0.02682	0.01298	0.76903	0.01644	0.01211	0.01644	0.01038	0.01384	0.00779	0.00433	0.00606	0.00173	0.00865	0.00606	0.00260	0.00692
29	0.00701	0.00519	0.00654	0.00631	0.00754	0.00472	0.00469	0.00916	0.01378	0.01904	0.62160	0.09191	0.16100	0.01125	0.00609	0.00166	0.00249	0.00987	0.00545	0.00472
30	0.01072	0.01014	0.01445	0.08990	0.16918	0.06094	0.10812	0.01379	0.08259	0.01401	0.01441	0.02151	0.04552	0.26616	0.01259	0.00273	0.04850	0.00599	0.00305	0.00570
31	0.00670	0.00510	0.00560	0.00560	0.00663	0.00461	0.00382	0.00773	0.01068	0.01357	0.14812	0.07589	0.39852	0.27076	0.01250	0.00277	0.00335	0.00969	0.00437	0.00401
32	0.01176	0.00864	0.01003	0.00861	0.01068	0.00927	0.00667	0.28474	0.02699	0.02132	0.20031	0.02491	0.05423	0.13406	0.16117	0.00337	0.00617	0.00661	0.00448	0.00597
33	0.01348	0.66339	0.10992	0.00983	0.01430	0.05435	0.01006	0.01556	0.01054	0.01256	0.00738	0.00870	0.00658	0.00469	0.00413	0.00122	0.04153	0.00296	0.00221	0.00662
34	0.00738	0.00504	0.00583	0.00579	0.00602	0.00501	0.00347	0.00775	0.00835	0.01122	0.09013	0.03404	0.05389	0.67043	0.06144	0.00468	0.00506	0.00768	0.00340	0.00340
35	0.01276	0.01102	0.01160	0.01044	0.01334	0.01276	0.00812	0.02727	0.77840	0.02146	0.02088	0.01914	0.01566	0.00696	0.00522	0.00174	0.00406	0.00580	0.00522	0.00812
36	0.03829	0.16568	0.42632	0.01215	0.01784	0.01283	0.01393	0.01774	0.02969	0.15955	0.01097	0.01174	0.00787	0.00533	0.00523	0.00156	0.04884	0.00391	0.00306	0.00746
37	0.01249	0.01284	0.02005	0.19906	0.40780	0.08655	0.11623	0.01554	0.01151	0.01530	0.00933	0.01267	0.00758	0.00495	0.00576	0.00161	0.04650	0.00465	0.00249	0.00710
38	0.01877	0.06077	0.01571	0.01337	0.05645	0.43576	0.01004	0.26783	0.01735	0.04222	0.00979	0.01064	0.00757	0.00552	0.00477	0.00140	0.00756	0.00383	0.00355	0.00710
39	0.03272	0.09125	0.03470	0.15163	0.30401	0.10501	0.01225	0.01680	0.01182	0.12754	0.01082	0.01300	0.00842	0.00693	0.05002	0.00189	0.00671	0.00432	0.00305	0.00713
40	0.01017	0.02895	0.11743	0.04777	0.01608	0.02241	0.18700	0.04629	0.01260	0.04870	0.17741	0.14904	0.09690	0.00861	0.00577	0.00171	0.00528	0.00796	0.00397	0.00596
41	0.01268	0.04597	0.01314	0.08590	0.05563	0.01178	0.00905	0.01991	0.32869	0.09069	0.03256	0.03989	0.01312	0.00692	0.00675	0.00169	0.12445	0.00536	0.04069	0.05514
42	0.05240	0.03518	0.01515	0.01768	0.30439	0.06973	0.01055	0.07255	0.04596	0.18433	0.05222	0.09049	0.01362	0.00661	0.00512	0.00158	0.00525	0.00570	0.00405	0.00744

[dist]
# distance from previous block
# <min> <max>
0	16

[block]
# block no. 6 follows, 48 sequences, length 13
# corresponding to MSA columns:
# 382-394
name=unknown_G
#
# <colnr> <probs for GDERKNQSTAVLIFYWHMCP>
#	G	D	E	R	K	N	Q	S	T	A	V	L	I	F	Y	W	H	M	C	P
