[name]
unknown

[dist]
# distance from previous block
# <min> <max>
1	98

[block]
# block no. 0 follows, 47 sequences, length 100
# corresponding to MSA columns:
# 103-202
name=unknown_A
#
# <colnr> <probs for GDERKNQSTAVLIFYWHMCP>
#	G	D	E	R	K	N	Q	S	T	A	V	L	I	F	Y	W	H	M	C	P
0	0.01105	0.08207	0.18624	0.01607	0.02077	0.01191	0.39102	0.01471	0.01104	0.01506	0.01219	0.01740	0.03067	0.14608	0.00920	0.00225	0.00747	0.00576	0.00266	0.00639
1	0.01540	0.07234	0.03808	0.01256	0.01572	0.40508	0.09583	0.03467	0.01372	0.03344	0.06761	0.03816	0.03445	0.00651	0.00508	0.00147	0.00737	0.04320	0.00326	0.05604
2	0.03277	0.17969	0.28957	0.01161	0.01659	0.01402	0.01220	0.15554	0.12225	0.03895	0.01245	0.04644	0.01002	0.02929	0.00538	0.00166	0.00596	0.00466	0.00347	0.00749
3	0.03389	0.00774	0.00928	0.00828	0.00954	0.02927	0.00607	0.18902	0.01151	0.03761	0.01013	0.01473	0.00896	0.01425	0.01544	0.57751	0.00493	0.00451	0.00312	0.00421
4	0.01631	0.03518	0.05900	0.01410	0.01842	0.01082	0.27332	0.08727	0.03507	0.28865	0.03784	0.05264	0.01284	0.00637	0.00563	0.00169	0.00615	0.02656	0.00449	0.00765
5	0.01237	0.03757	0.33491	0.01151	0.01632	0.01123	0.01230	0.20646	0.01557	0.04042	0.22651	0.01928	0.01923	0.00690	0.00531	0.00161	0.00560	0.00563	0.00406	0.00722
6	0.01327	0.19318	0.03536	0.31174	0.04218	0.13681	0.06606	0.03491	0.01162	0.03614	0.00896	0.01177	0.00715	0.00533	0.00564	0.00156	0.06524	0.00413	0.00257	0.00637
7	0.19859	0.38063	0.14273	0.00984	0.01445	0.03421	0.00992	0.09225	0.01196	0.05123	0.00871	0.00965	0.00693	0.00491	0.00387	0.00138	0.00563	0.00327	0.00294	0.00692
8	0.21865	0.54313	0.03943	0.00882	0.01299	0.03725	0.00844	0.05448	0.01099	0.01613	0.00758	0.00868	0.00654	0.00467	0.00348	0.00128	0.00535	0.00293	0.00263	0.00655
9	0.26427	0.38532	0.05430	0.00903	0.01302	0.05240	0.00840	0.03429	0.08937	0.03457	0.00923	0.01000	0.00751	0.00499	0.00373	0.00139	0.00522	0.00329	0.00302	0.00665
10	0.00748	0.00542	0.00757	0.00757	0.00822	0.00607	0.00551	0.00879	0.00813	0.01150	0.01468	0.02451	0.01478	0.27064	0.56717	0.00738	0.01130	0.00617	0.00290	0.00420
11	0.01392	0.82012	0.02729	0.00891	0.01337	0.02061	0.00891	0.01559	0.01058	0.01225	0.00724	0.00835	0.00668	0.00446	0.00334	0.00111	0.00557	0.00278	0.00223	0.00668
12	0.00712	0.00524	0.00754	0.00790	0.00859	0.00576	0.00584	0.00860	0.00880	0.01234	0.01847	0.25727	0.01970	0.07245	0.52151	0.00634	0.01024	0.00843	0.00342	0.00445
13	0.01109	0.06969	0.01825	0.17518	0.01978	0.01428	0.11942	0.01326	0.00931	0.01323	0.00843	0.01275	0.00747	0.00957	0.07116	0.00247	0.41166	0.00475	0.00237	0.00590
14	0.01089	0.01166	0.02439	0.01821	0.02226	0.01095	0.56464	0.01451	0.01194	0.01614	0.03360	0.15181	0.01495	0.00727	0.00631	0.00186	0.00737	0.06168	0.00323	0.00634
15	0.01045	0.02694	0.79000	0.01484	0.02254	0.01209	0.01924	0.01649	0.01099	0.01649	0.00935	0.01099	0.00660	0.00495	0.00495	0.00165	0.00770	0.00385	0.00220	0.00770
16	0.00688	0.00521	0.00635	0.00626	0.00753	0.00468	0.00462	0.00881	0.01331	0.01793	0.47300	0.13661	0.26563	0.01209	0.00621	0.00173	0.00258	0.01054	0.00536	0.00468
17	0.02210	0.00915	0.01205	0.00943	0.01332	0.00830	0.00773	0.02566	0.10751	0.69475	0.02062	0.01793	0.01326	0.00652	0.00524	0.00163	0.00439	0.00532	0.00631	0.00879
18	0.01491	0.01695	0.01385	0.28870	0.02178	0.42565	0.01082	0.01712	0.01277	0.01375	0.00956	0.01218	0.00760	0.00540	0.00475	0.00146	0.00769	0.00398	0.10527	0.00580
19	0.02085	0.01115	0.01329	0.01038	0.01432	0.01127	0.00851	0.28477	0.11086	0.43091	0.01782	0.01611	0.01185	0.00645	0.00523	0.00161	0.00485	0.00512	0.00587	0.00878
20	0.56320	0.05154	0.00999	0.00767	0.01120	0.01094	0.00641	0.01832	0.01075	0.25045	0.01121	0.01121	0.00785	0.00529	0.00383	0.00159	0.00423	0.00354	0.00413	0.00665
21	0.00757	0.00508	0.00582	0.00582	0.00587	0.00512	0.00333	0.00766	0.00761	0.01020	0.01628	0.03338	0.01863	0.77682	0.06625	0.00522	0.00551	0.00747	0.00314	0.00323
22	0.60657	0.00971	0.00897	0.00757	0.01103	0.01048	0.00624	0.01831	0.01066	0.25102	0.01121	0.01122	0.00780	0.00531	0.00382	0.00161	0.00415	0.00354	0.00418	0.00660
23	0.01392	0.82012	0.02729	0.00891	0.01337	0.02061	0.00891	0.01559	0.01058	0.01225	0.00724	0.00835	0.00668	0.00446	0.00334	0.00111	0.00557	0.00278	0.00223	0.00668
24	0.00839	0.00599	0.00839	0.00959	0.01079	0.00599	0.00839	0.01079	0.01199	0.01558	0.02757	0.05874	0.02997	0.01439	0.00719	0.00240	0.00480	0.74945	0.00480	0.00480
25	0.00735	0.00463	0.00569	0.00654	0.00711	0.00442	0.00448	0.00870	0.01025	0.01512	0.02522	0.57717	0.02816	0.01326	0.00575	0.00185	0.00284	0.01184	0.25521	0.00442
26	0.01139	0.01139	0.01595	0.01367	0.01367	0.01595	0.01139	0.01253	0.00798	0.01253	0.00684	0.01139	0.00684	0.00911	0.01709	0.00228	0.80745	0.00456	0.00228	0.00570
27	0.01392	0.82012	0.02729	0.00891	0.01337	0.02061	0.00891	0.01559	0.01058	0.01225	0.00724	0.00835	0.00668	0.00446	0.00334	0.00111	0.00557	0.00278	0.00223	0.00668
28	0.01020	0.00711	0.01185	0.03462	0.20372	0.00712	0.04695	0.00977	0.00844	0.01155	0.00932	0.01495	0.00873	0.01367	0.01541	0.57025	0.00522	0.00464	0.00236	0.00410
29	0.01045	0.02694	0.79000	0.01484	0.02254	0.01209	0.01924	0.01649	0.01099	0.01649	0.00935	0.01099	0.00660	0.00495	0.00495	0.00165	0.00770	0.00385	0.00220	0.00770
30	0.00983	0.00926	0.01562	0.80447	0.03587	0.01157	0.01446	0.01331	0.01041	0.01331	0.00926	0.01388	0.00694	0.00521	0.00521	0.00174	0.00694	0.00463	0.00231	0.00579
31	0.01945	0.02482	0.01476	0.01342	0.01610	0.79608	0.01006	0.02079	0.01476	0.01275	0.00805	0.00939	0.00671	0.00537	0.00470	0.00134	0.00939	0.00335	0.00268	0.00604
32	0.01218	0.01482	0.07635	0.02152	0.02694	0.01310	0.72074	0.01667	0.01221	0.01667	0.01046	0.01386	0.00782	0.00442	0.00607	0.00175	0.00871	0.00601	0.00261	0.00706
33	0.01289	0.01237	0.02114	0.03196	0.78450	0.01237	0.01598	0.01598	0.01186	0.01701	0.00980	0.01289	0.00825	0.00464	0.00516	0.00155	0.00619	0.00464	0.00258	0.00825
34	0.00744	0.00558	0.00837	0.00837	0.00930	0.00651	0.00651	0.00930	0.00837	0.01209	0.01395	0.02046	0.01302	0.03906	0.79635	0.00837	0.01395	0.00558	0.00279	0.00465
35	0.00974	0.27986	0.03082	0.00755	0.00942	0.01075	0.00617	0.01084	0.00883	0.01139	0.01264	0.02198	0.01327	0.35832	0.18389	0.00436	0.00720	0.00545	0.00274	0.00476
36	0.01617	0.00974	0.01522	0.15414	0.05567	0.00966	0.11746	0.03907	0.07053	0.33991	0.03838	0.04297	0.02999	0.02979	0.00606	0.00178	0.00548	0.00587	0.00466	0.00746
37	0.02221	0.00861	0.01171	0.00907	0.01290	0.00746	0.00746	0.02425	0.01489	0.73261	0.07560	0.01926	0.01551	0.00675	0.00530	0.00161	0.00429	0.00554	0.00639	0.00858
38	0.00632	0.00464	0.00593	0.00697	0.00748	0.00425	0.00471	0.00728	0.01025	0.01341	0.03219	0.70304	0.14274	0.01586	0.00658	0.00206	0.00297	0.01425	0.00483	0.00425
39	0.01148	0.01149	0.02118	0.34830	0.29273	0.01223	0.19637	0.01505	0.01137	0.01540	0.00975	0.01358	0.00763	0.00481	0.00542	0.00168	0.00712	0.00500	0.00248	0.00694
40	0.05418	0.00955	0.01485	0.02111	0.43918	0.00955	0.01139	0.03035	0.01155	0.01654	0.01800	0.21143	0.05955	0.00870	0.00562	0.00176	0.00500	0.06150	0.00350	0.00669
41	0.01423	0.01052	0.01159	0.01025	0.01326	0.01173	0.00806	0.02635	0.61777	0.13679	0.04316	0.02082	0.01679	0.00728	0.00537	0.00176	0.00414	0.02651	0.00547	0.00814
42	0.00624	0.00528	0.00540	0.00537	0.00709	0.00443	0.00403	0.00764	0.01208	0.01456	0.10548	0.04931	0.72935	0.01300	0.00615	0.00175	0.00262	0.01088	0.00490	0.00443
43	0.13577	0.01076	0.05128	0.01089	0.06055	0.00971	0.00869	0.08773	0.05075	0.49469	0.01683	0.01544	0.01108	0.00605	0.00494	0.00161	0.00474	0.00478	0.00539	0.00829
44	0.13178	0.04212	0.06377	0.36420	0.07766	0.03075	0.01223	0.12990	0.01273	0.05339	0.00986	0.01246	0.00737	0.00538	0.00511	0.00165	0.02557	0.00426	0.00309	0.00670
45	0.00760	0.00545	0.00747	0.00865	0.00953	0.00532	0.00701	0.00943	0.01125	0.01472	0.02853	0.33242	0.04785	0.01506	0.00697	0.00228	0.00411	0.46695	0.00481	0.00458
46	0.01075	0.01055	0.01617	0.35127	0.02347	0.01401	0.03086	0.01296	0.00912	0.01296	0.00796	0.01252	0.00691	0.00733	0.01176	0.00203	0.44668	0.00463	0.00230	0.00577
47	0.04579	0.01257	0.12754	0.02612	0.06201	0.00996	0.02505	0.10814	0.02729	0.47619	0.01653	0.01544	0.01084	0.00599	0.00514	0.00162	0.00528	0.00488	0.00518	0.00845
48	0.01828	0.12993	0.10940	0.05159	0.01607	0.01118	0.03348	0.06621	0.02833	0.42065	0.01576	0.03402	0.01096	0.00614	0.00525	0.00158	0.02350	0.00490	0.00475	0.00799
49	0.85377	0.01007	0.00765	0.00685	0.01007	0.01168	0.00564	0.01531	0.00886	0.02336	0.00725	0.00846	0.00564	0.00483	0.00322	0.00161	0.00403	0.00282	0.00322	0.00564
50	0.01084	0.01070	0.01946	0.38390	0.19009	0.01166	0.18105	0.01422	0.01110	0.01489	0.01113	0.05623	0.00951	0.00583	0.00582	0.00175	0.02576	0.02694	0.00264	0.00647
51	0.01125	0.02165	0.48968	0.01888	0.11770	0.01242	0.22092	0.01648	0.01145	0.01661	0.00972	0.01205	0.00715	0.00476	0.00530	0.00167	0.00780	0.00457	0.00236	0.00758
52	0.01534	0.00709	0.00948	0.00787	0.01052	0.00627	0.00626	0.01754	0.01474	0.40441	0.38006	0.02863	0.05211	0.00862	0.00569	0.00163	0.00345	0.00737	0.00606	0.00687
53	0.01181	0.01209	0.01589	0.01366	0.01380	0.05623	0.01132	0.01296	0.00833	0.01254	0.00690	0.01129	0.00683	0.00892	0.01645	0.00223	0.76625	0.00450	0.00230	0.00571
54	0.00773	0.00540	0.00707	0.00661	0.00790	0.00497	0.00497	0.01017	0.01474	0.03790	0.76487	0.03843	0.04833	0.01055	0.00612	0.00164	0.00250	0.00933	0.00575	0.00500
55	0.00634	0.00453	0.00604	0.00725	0.00755	0.00423	0.00483	0.00725	0.00997	0.01329	0.02870	0.81358	0.03444	0.01632	0.00665	0.00211	0.00302	0.01480	0.00483	0.00423
56	0.01392	0.82012	0.02729	0.00891	0.01337	0.02061	0.00891	0.01559	0.01058	0.01225	0.00724	0.00835	0.00668	0.00446	0.00334	0.00111	0.00557	0.00278	0.00223	0.00668
57	0.00615	0.00528	0.00528	0.00528	0.00703	0.00440	0.00396	0.00747	0.01187	0.01407	0.05276	0.05012	0.78238	0.01319	0.00615	0.00176	0.00264	0.01099	0.00484	0.00440
58	0.85377	0.01007	0.00765	0.00685	0.01007	0.01168	0.00564	0.01531	0.00886	0.02336	0.00725	0.00846	0.00564	0.00483	0.00322	0.00161	0.00403	0.00282	0.00322	0.00564
59	0.01295	0.01119	0.01178	0.01060	0.01354	0.01295	0.00824	0.02767	0.77509	0.02178	0.02120	0.01943	0.01590	0.00707	0.00530	0.00177	0.00412	0.00589	0.00530	0.00824
60	0.85377	0.01007	0.00765	0.00685	0.01007	0.01168	0.00564	0.01531	0.00886	0.02336	0.00725	0.00846	0.00564	0.00483	0.00322	0.00161	0.00403	0.00282	0.00322	0.00564
61	0.01499	0.01220	0.01292	0.01101	0.01432	0.01390	0.00874	0.24780	0.55164	0.02507	0.01861	0.01737	0.01380	0.00682	0.00527	0.00171	0.00460	0.00553	0.00527	0.00843
62	0.85377	0.01007	0.00765	0.00685	0.01007	0.01168	0.00564	0.01531	0.00886	0.02336	0.00725	0.00846	0.00564	0.00483	0.00322	0.00161	0.00403	0.00282	0.00322	0.00564
63	0.00622	0.00502	0.00554	0.00597	0.00722	0.00434	0.00426	0.00740	0.01121	0.01380	0.04435	0.31681	0.52111	0.01428	0.00633	0.00188	0.00277	0.01232	0.00484	0.00434
64	0.00634	0.00453	0.00604	0.00725	0.00755	0.00423	0.00483	0.00725	0.00997	0.01329	0.02870	0.81358	0.03444	0.01632	0.00665	0.00211	0.00302	0.01480	0.00483	0.00423
65	0.02036	0.01368	0.01507	0.01155	0.01570	0.01480	0.00954	0.64949	0.02297	0.15261	0.01378	0.01333	0.00950	0.00628	0.00521	0.00157	0.00552	0.00478	0.00541	0.00886
66	0.00839	0.00599	0.00839	0.00959	0.01079	0.00599	0.00839	0.01079	0.01199	0.01558	0.02757	0.05874	0.02997	0.01439	0.00719	0.00240	0.00480	0.74945	0.00480	0.00480
67	0.00839	0.00599	0.00839	0.00959	0.01079	0.00599	0.00839	0.01079	0.01199	0.01558	0.02757	0.05874	0.02997	0.01439	0.00719	0.00240	0.00480	0.74945	0.00480	0.00480
68	0.02336	0.00886	0.01209	0.00927	0.01329	0.00765	0.00765	0.02538	0.01491	0.78810	0.02055	0.01773	0.01289	0.00645	0.00524	0.00161	0.00443	0.00524	0.00645	0.00886
69	0.00710	0.00516	0.00654	0.00687	0.00777	0.00481	0.00488	0.02792	0.01216	0.01643	0.29359	0.40648	0.13000	0.01374	0.00675	0.02536	0.00289	0.01191	0.00509	0.00455
70	0.01310	0.01159	0.07413	0.33408	0.11638	0.01192	0.01273	0.08330	0.06781	0.10844	0.01185	0.01424	0.00879	0.00586	0.00619	0.00171	0.07641	0.00474	0.02971	0.00701
71	0.02290	0.00961	0.01255	0.00962	0.01366	0.00876	0.00795	0.12163	0.01615	0.69010	0.01950	0.01705	0.01237	0.00642	0.00523	0.00161	0.00460	0.00517	0.00629	0.00886
72	0.85377	0.01007	0.00765	0.00685	0.01007	0.01168	0.00564	0.01531	0.00886	0.02336	0.00725	0.00846	0.00564	0.00483	0.00322	0.00161	0.00403	0.00282	0.00322	0.00564
73	0.02336	0.00886	0.01209	0.00927	0.01329	0.00765	0.00765	0.02538	0.01491	0.78810	0.02055	0.01773	0.01289	0.00645	0.00524	0.00161	0.00443	0.00524	0.00645	0.00886
74	0.01410	0.79522	0.02690	0.00905	0.01345	0.04488	0.00895	0.01576	0.01071	0.01227	0.00727	0.00839	0.00668	0.00448	0.00338	0.00112	0.00569	0.00280	0.00224	0.00666
75	0.01726	0.01333	0.01420	0.01147	0.01518	0.01496	0.00928	0.49301	0.30274	0.02873	0.01573	0.01507	0.01147	0.00655	0.00524	0.00164	0.00513	0.00513	0.00524	0.00863
76	0.00737	0.00532	0.00696	0.00655	0.00778	0.00491	0.00491	0.00983	0.01474	0.02088	0.78175	0.03890	0.04914	0.01065	0.00614	0.00164	0.00246	0.00942	0.00573	0.00491
77	0.01100	0.00914	0.01009	0.00918	0.01153	0.01014	0.00708	0.02144	0.50948	0.02147	0.28687	0.02623	0.02751	0.00832	0.00559	0.00172	0.00354	0.00712	0.00545	0.00708
78	0.02336	0.00886	0.01209	0.00927	0.01329	0.00765	0.00765	0.02538	0.01491	0.78810	0.02055	0.01773	0.01289	0.00645	0.00524	0.00161	0.00443	0.00524	0.00645	0.00886
79	0.00971	0.00485	0.00485	0.00485	0.00607	0.00485	0.00364	0.01213	0.01092	0.01942	0.01699	0.01942	0.01335	0.00607	0.00364	0.00121	0.00243	0.00485	0.84589	0.00485
80	0.01045	0.02694	0.79000	0.01484	0.02254	0.01209	0.01924	0.01649	0.01099	0.01649	0.00935	0.01099	0.00660	0.00495	0.00495	0.00165	0.00770	0.00385	0.00220	0.00770
81	0.02336	0.00886	0.01209	0.00927	0.01329	0.00765	0.00765	0.02538	0.01491	0.78810	0.02055	0.01773	0.01289	0.00645	0.00524	0.00161	0.00443	0.00524	0.00645	0.00886
82	0.00757	0.00505	0.00568	0.00568	0.00568	0.00505	0.00316	0.00757	0.00757	0.01010	0.01641	0.03408	0.01893	0.81698	0.02651	0.00505	0.00505	0.00757	0.00316	0.00316
83	0.00821	0.00687	0.01010	0.24600	0.05669	0.00738	0.00880	0.01068	0.03079	0.01434	0.03987	0.26606	0.13417	0.01129	0.00611	0.00195	0.00459	0.12697	0.00399	0.00513
84	0.01080	0.00926	0.01080	0.00771	0.01234	0.00694	0.00617	0.01311	0.01080	0.01697	0.00926	0.01080	0.00771	0.00386	0.00386	0.00077	0.00386	0.00309	0.00309	0.84882
85	0.00839	0.00599	0.00839	0.00959	0.01079	0.00599	0.00839	0.01079	0.01199	0.01558	0.02757	0.05874	0.02997	0.01439	0.00719	0.00240	0.00480	0.74945	0.00480	0.00480
86	0.02336	0.00886	0.01209	0.00927	0.01329	0.00765	0.00765	0.02538	0.01491	0.78810	0.02055	0.01773	0.01289	0.00645	0.00524	0.00161	0.00443	0.00524	0.00645	0.00886
87	0.01720	0.22850	0.09043	0.01240	0.01600	0.52439	0.01063	0.01906	0.01334	0.01297	0.00796	0.00928	0.00669	0.00509	0.00437	0.00131	0.00825	0.00325	0.00252	0.00636
88	0.00971	0.00485	0.00485	0.00485	0.00607	0.00485	0.00364	0.01213	0.01092	0.01942	0.01699	0.01942	0.01335	0.00607	0.00364	0.00121	0.00243	0.00485	0.84589	0.00485
89	0.02336	0.00886	0.01209	0.00927	0.01329	0.00765	0.00765	0.02538	0.01491	0.78810	0.02055	0.01773	0.01289	0.00645	0.00524	0.00161	0.00443	0.00524	0.00645	0.00886
90	0.01230	0.02387	0.64846	0.01441	0.02149	0.01154	0.05233	0.01771	0.01159	0.12190	0.01093	0.01206	0.00752	0.00513	0.00504	0.00165	0.00730	0.00414	0.00280	0.00782
91	0.01124	0.01078	0.01851	0.40198	0.33370	0.01189	0.06437	0.01492	0.03504	0.01528	0.01034	0.03033	0.00838	0.00522	0.00528	0.00167	0.00659	0.00498	0.00259	0.00690
92	0.00638	0.00528	0.00558	0.00551	0.00717	0.00449	0.00413	0.00791	0.01240	0.01532	0.18646	0.04806	0.64790	0.01272	0.00615	0.00174	0.00260	0.01070	0.00500	0.00449
93	0.00653	0.00487	0.00590	0.00663	0.00736	0.00446	0.00457	0.00753	0.01033	0.01326	0.03403	0.47277	0.24320	0.10598	0.00878	0.00236	0.00323	0.04937	0.00464	0.00418
94	0.01869	0.01343	0.16458	0.01292	0.09321	0.02807	0.01091	0.03723	0.08229	0.45826	0.01689	0.01578	0.01124	0.00600	0.00516	0.00162	0.00536	0.00491	0.00501	0.00845
95	0.02153	0.03860	0.01258	0.05018	0.01419	0.00820	0.00792	0.02363	0.01451	0.68179	0.05690	0.01822	0.01414	0.00651	0.00521	0.00160	0.00451	0.00532	0.00604	0.00843
96	0.01945	0.02482	0.01476	0.01342	0.01610	0.79608	0.01006	0.02079	0.01476	0.01275	0.00805	0.00939	0.00671	0.00537	0.00470	0.00134	0.00939	0.00335	0.00268	0.00604
97	0.63358	0.07874	0.01117	0.00886	0.02908	0.09191	0.02759	0.01586	0.00974	0.02073	0.00747	0.00888	0.00599	0.00496	0.00390	0.00156	0.02801	0.00305	0.00303	0.00586
98	0.01123	0.00627	0.00831	0.00811	0.00961	0.00598	0.00642	0.01295	0.01180	0.18016	0.12474	0.04026	0.02576	0.21219	0.02988	0.00293	0.00468	0.28861	0.00482	0.00527
99	0.41581	0.03087	0.01519	0.01344	0.10373	0.01252	0.14321	0.07239	0.01142	0.07717	0.00947	0.01111	0.00721	0.00519	0.00505	0.00165	0.05048	0.00404	0.00335	0.00669

[dist]
# distance from previous block
# <min> <max>
0	2

[block]
# block no. 1 follows, 47 sequences, length 15
# corresponding to MSA columns:
# 205-219
name=unknown_B
#
# <colnr> <probs for GDERKNQSTAVLIFYWHMCP>
#	G	D	E	R	K	N	Q	S	T	A	V	L	I	F	Y	W	H	M	C	P
0	0.01181	0.01163	0.01930	0.33048	0.38895	0.03650	0.06850	0.01502	0.01128	0.01526	0.00948	0.01320	0.00762	0.00502	0.00564	0.00165	0.03442	0.00470	0.00247	0.00705
1	0.00684	0.00530	0.00623	0.00600	0.00746	0.00469	0.00450	0.00880	0.01349	0.01792	0.46494	0.04378	0.36779	0.01175	0.00615	0.00169	0.00254	0.01010	0.00534	0.00469
2	0.01058	0.01013	0.01725	0.59387	0.14160	0.01197	0.06135	0.01432	0.03449	0.01429	0.00971	0.01384	0.00747	0.00526	0.00565	0.00173	0.03298	0.00476	0.00246	0.00629
3	0.00634	0.00453	0.00604	0.00725	0.00755	0.00423	0.00483	0.00725	0.00997	0.01329	0.02870	0.81358	0.03444	0.01632	0.00665	0.00211	0.00302	0.01480	0.00483	0.00423
4	0.00651	0.00524	0.00579	0.00575	0.00727	0.00453	0.00428	0.00812	0.01256	0.01592	0.25476	0.09365	0.53201	0.01267	0.00618	0.00175	0.00261	0.01078	0.00509	0.00453
5	0.01168	0.01114	0.01895	0.33836	0.48757	0.01205	0.01538	0.01492	0.01128	0.01554	0.00958	0.01328	0.00773	0.00486	0.00518	0.00162	0.00649	0.00464	0.00247	0.00727
6	0.01255	0.01197	0.02036	0.03069	0.74455	0.01195	0.01541	0.01553	0.01176	0.01682	0.01077	0.05406	0.00960	0.00524	0.00523	0.00158	0.00602	0.00516	0.00269	0.00804
7	0.00983	0.00926	0.01562	0.80447	0.03587	0.01157	0.01446	0.01331	0.01041	0.01331	0.00926	0.01388	0.00694	0.00521	0.00521	0.00174	0.00694	0.00463	0.00231	0.00579
8	0.01980	0.01459	0.01563	0.01198	0.01615	0.01615	0.00990	0.76713	0.02448	0.03282	0.01250	0.01250	0.00886	0.00625	0.00521	0.00156	0.00573	0.00469	0.00521	0.00886
9	0.01295	0.01119	0.01178	0.01060	0.01354	0.01295	0.00824	0.02767	0.77509	0.02178	0.02120	0.01943	0.01590	0.00707	0.00530	0.00177	0.00412	0.00589	0.00530	0.00824
10	0.01237	0.31860	0.29105	0.01643	0.15688	0.01542	0.08969	0.01608	0.01113	0.01503	0.00876	0.01066	0.00706	0.00465	0.00451	0.00144	0.00674	0.00383	0.00232	0.00735
11	0.00653	0.00519	0.00591	0.00625	0.00758	0.00457	0.00467	0.00798	0.01176	0.01474	0.11953	0.21453	0.47402	0.01372	0.00636	0.00188	0.00291	0.08249	0.00492	0.00445
12	0.01204	0.01152	0.04938	0.14886	0.11646	0.01159	0.13802	0.13673	0.10364	0.01911	0.06196	0.07459	0.06128	0.00707	0.00583	0.00172	0.02309	0.00642	0.00376	0.00692
13	0.00708	0.00540	0.00657	0.00652	0.00793	0.00488	0.00506	0.00913	0.01335	0.01776	0.42197	0.04557	0.30399	0.01205	0.00629	0.00178	0.00284	0.11180	0.00529	0.00472
14	0.85377	0.01007	0.00765	0.00685	0.01007	0.01168	0.00564	0.01531	0.00886	0.02336	0.00725	0.00846	0.00564	0.00483	0.00322	0.00161	0.00403	0.00282	0.00322	0.00564

[dist]
# distance from previous block
# <min> <max>
0	2

[block]
# block no. 2 follows, 47 sequences, length 122
# corresponding to MSA columns:
# 222-343
name=unknown_C
#
# <colnr> <probs for GDERKNQSTAVLIFYWHMCP>
#	G	D	E	R	K	N	Q	S	T	A	V	L	I	F	Y	W	H	M	C	P
0	0.02191	0.01454	0.27577	0.08642	0.05756	0.00952	0.11688	0.01342	0.01176	0.01669	0.15672	0.11713	0.03452	0.00785	0.00566	0.00175	0.00589	0.03625	0.00344	0.00631
1	0.01392	0.82012	0.02729	0.00891	0.01337	0.02061	0.00891	0.01559	0.01058	0.01225	0.00724	0.00835	0.00668	0.00446	0.00334	0.00111	0.00557	0.00278	0.00223	0.00668
2	0.00839	0.00599	0.00839	0.00959	0.01079	0.00599	0.00839	0.01079	0.01199	0.01558	0.02757	0.05874	0.02997	0.01439	0.00719	0.00240	0.00480	0.74945	0.00480	0.00480
3	0.01122	0.03527	0.36712	0.01176	0.03812	0.00988	0.01255	0.01546	0.02524	0.04220	0.00986	0.01128	0.00752	0.00453	0.00445	0.00125	0.00573	0.00359	0.00280	0.38017
4	0.01145	0.01060	0.01905	0.48437	0.03006	0.01215	0.19379	0.01481	0.01090	0.06383	0.01004	0.01391	0.00754	0.00549	0.00666	0.00179	0.08960	0.00502	0.00265	0.00627
5	0.01104	0.01049	0.01780	0.49972	0.33120	0.01189	0.01506	0.01436	0.01098	0.01477	0.00947	0.01349	0.00746	0.00498	0.00519	0.00166	0.00664	0.00463	0.00242	0.00676
6	0.02336	0.00886	0.01209	0.00927	0.01329	0.00765	0.00765	0.02538	0.01491	0.78810	0.02055	0.01773	0.01289	0.00645	0.00524	0.00161	0.00443	0.00524	0.00645	0.00886
7	0.01945	0.02482	0.01476	0.01342	0.01610	0.79608	0.01006	0.02079	0.01476	0.01275	0.00805	0.00939	0.00671	0.00537	0.00470	0.00134	0.00939	0.00335	0.00268	0.00604
8	0.00668	0.00487	0.00630	0.00684	0.00759	0.00448	0.00479	0.00816	0.01178	0.01598	0.29122	0.48077	0.10306	0.01409	0.00643	0.00192	0.00279	0.01262	0.00515	0.00448
9	0.00634	0.00453	0.00604	0.00725	0.00755	0.00423	0.00483	0.00725	0.00997	0.01329	0.02870	0.81358	0.03444	0.01632	0.00665	0.00211	0.00302	0.01480	0.00483	0.00423
10	0.00737	0.00532	0.00696	0.00655	0.00778	0.00491	0.00491	0.00983	0.01474	0.02088	0.78175	0.03890	0.04914	0.01065	0.00614	0.00164	0.00246	0.00942	0.00573	0.00491
11	0.01779	0.01024	0.01202	0.01004	0.01350	0.01067	0.00803	0.04680	0.41521	0.36425	0.02067	0.01848	0.01436	0.00677	0.00527	0.00169	0.00430	0.00556	0.00581	0.00854
12	0.01045	0.02694	0.79000	0.01484	0.02254	0.01209	0.01924	0.01649	0.01099	0.01649	0.00935	0.01099	0.00660	0.00495	0.00495	0.00165	0.00770	0.00385	0.00220	0.00770
13	0.00653	0.00472	0.00618	0.00703	0.00757	0.00437	0.00481	0.00775	0.01096	0.01476	0.17140	0.63217	0.07225	0.01510	0.00653	0.00201	0.00290	0.01361	0.00500	0.00437
14	0.00682	0.00473	0.00590	0.00665	0.00684	0.00454	0.00419	0.00737	0.00905	0.01207	0.02400	0.51510	0.02850	0.32290	0.01425	0.00324	0.00380	0.01204	0.00419	0.00382
15	0.01392	0.82012	0.02729	0.00891	0.01337	0.02061	0.00891	0.01559	0.01058	0.01225	0.00724	0.00835	0.00668	0.00446	0.00334	0.00111	0.00557	0.00278	0.00223	0.00668
16	0.01295	0.01119	0.01178	0.01060	0.01354	0.01295	0.00824	0.02767	0.77509	0.02178	0.02120	0.01943	0.01590	0.00707	0.00530	0.00177	0.00412	0.00589	0.00530	0.00824
17	0.01045	0.02694	0.79000	0.01484	0.02254	0.01209	0.01924	0.01649	0.01099	0.01649	0.00935	0.01099	0.00660	0.00495	0.00495	0.00165	0.00770	0.00385	0.00220	0.00770
18	0.00634	0.00453	0.00604	0.00725	0.00755	0.00423	0.00483	0.00725	0.00997	0.01329	0.02870	0.81358	0.03444	0.01632	0.00665	0.00211	0.00302	0.01480	0.00483	0.00423
19	0.00615	0.00528	0.00528	0.00528	0.00703	0.00440	0.00396	0.00747	0.01187	0.01407	0.05276	0.05012	0.78238	0.01319	0.00615	0.00176	0.00264	0.01099	0.00484	0.00440
20	0.85377	0.01007	0.00765	0.00685	0.01007	0.01168	0.00564	0.01531	0.00886	0.02336	0.00725	0.00846	0.00564	0.00483	0.00322	0.00161	0.00403	0.00282	0.00322	0.00564
21	0.01045	0.02694	0.79000	0.01484	0.02254	0.01209	0.01924	0.01649	0.01099	0.01649	0.00935	0.01099	0.00660	0.00495	0.00495	0.00165	0.00770	0.00385	0.00220	0.00770
22	0.85377	0.01007	0.00765	0.00685	0.01007	0.01168	0.00564	0.01531	0.00886	0.02336	0.00725	0.00846	0.00564	0.00483	0.00322	0.00161	0.00403	0.00282	0.00322	0.00564
23	0.02299	0.00878	0.01197	0.00920	0.01317	0.00759	0.00759	0.02502	0.01490	0.77025	0.03826	0.01822	0.01373	0.00654	0.00526	0.00161	0.00439	0.00533	0.00643	0.00877
24	0.00621	0.00505	0.00551	0.00588	0.00719	0.00435	0.00422	0.00741	0.01129	0.01383	0.04544	0.28216	0.55506	0.01414	0.00630	0.00187	0.00275	0.01215	0.00484	0.00435
25	0.53242	0.06266	0.01091	0.00820	0.01178	0.01233	0.00686	0.13839	0.01246	0.14634	0.01022	0.01059	0.00738	0.00530	0.00387	0.00157	0.00447	0.00351	0.00399	0.00674
26	0.00832	0.00716	0.00735	0.00697	0.00911	0.00712	0.00532	0.01391	0.25507	0.01653	0.04270	0.04034	0.53815	0.01124	0.00588	0.00176	0.00311	0.00936	0.00498	0.00562
27	0.00745	0.00555	0.00820	0.00820	0.00907	0.00642	0.00629	0.00919	0.00832	0.01196	0.01411	0.02133	0.01340	0.08905	0.74687	0.00816	0.01338	0.00571	0.00281	0.00455
28	0.01577	0.01886	0.01509	0.31632	0.02367	0.49568	0.01175	0.01793	0.01309	0.01296	0.00851	0.01111	0.00680	0.00531	0.00489	0.00149	0.00845	0.00384	0.00254	0.00594
29	0.01139	0.01139	0.01595	0.01367	0.01367	0.01595	0.01139	0.01253	0.00798	0.01253	0.00684	0.01139	0.00684	0.00911	0.01709	0.00228	0.80745	0.00456	0.00228	0.00570
30	0.02336	0.00886	0.01209	0.00927	0.01329	0.00765	0.00765	0.02538	0.01491	0.78810	0.02055	0.01773	0.01289	0.00645	0.00524	0.00161	0.00443	0.00524	0.00645	0.00886
31	0.00978	0.00921	0.01279	0.01163	0.01172	0.01222	0.00930	0.01085	0.00861	0.01278	0.01380	0.26701	0.01563	0.01141	0.01376	0.00223	0.55112	0.00782	0.00309	0.00523
32	0.01568	0.13986	0.15268	0.07628	0.03426	0.08144	0.17534	0.01893	0.01258	0.22478	0.01221	0.01320	0.00867	0.00521	0.00504	0.00156	0.00678	0.00459	0.00351	0.00742
33	0.01229	0.02028	0.34974	0.01426	0.01809	0.13886	0.02612	0.01562	0.01043	0.01434	0.00817	0.01094	0.00673	0.00665	0.00971	0.00185	0.32290	0.00408	0.00231	0.00663
34	0.00634	0.00453	0.00604	0.00725	0.00755	0.00423	0.00483	0.00725	0.00997	0.01329	0.02870	0.81358	0.03444	0.01632	0.00665	0.00211	0.00302	0.01480	0.00483	0.00423
35	0.00634	0.00453	0.00604	0.00725	0.00755	0.00423	0.00483	0.00725	0.00997	0.01329	0.02870	0.81358	0.03444	0.01632	0.00665	0.00211	0.00302	0.01480	0.00483	0.00423
36	0.01270	0.01277	0.09016	0.01103	0.01445	0.01287	0.00935	0.02655	0.69812	0.02125	0.02000	0.01858	0.01496	0.00685	0.00526	0.00175	0.00448	0.00568	0.00499	0.00819
37	0.01227	0.34360	0.36020	0.01217	0.04275	0.01490	0.01338	0.01599	0.01093	0.03353	0.00877	0.01014	0.00695	0.00467	0.00420	0.00134	0.00632	0.00340	0.00242	0.09206
38	0.09852	0.73852	0.02531	0.00870	0.01303	0.01971	0.00858	0.01556	0.01041	0.01337	0.00724	0.00836	0.00658	0.00449	0.00333	0.00116	0.00541	0.00279	0.00233	0.00658
39	0.01542	0.00705	0.00942	0.00787	0.01047	0.00626	0.00623	0.01761	0.01455	0.40410	0.35245	0.04915	0.02931	0.00854	0.00561	0.00162	0.00346	0.00731	0.03670	0.00687
40	0.00703	0.00531	0.00684	0.00790	0.02904	0.00509	0.00529	0.00906	0.05981	0.01472	0.10079	0.60066	0.09967	0.01459	0.00643	0.00200	0.00309	0.01311	0.00489	0.00468
41	0.01078	0.00672	0.00713	0.00673	0.00849	0.00714	0.00518	0.01650	0.21665	0.04144	0.06760	0.02149	0.01669	0.00682	0.00437	0.00143	0.00299	0.02190	0.52407	0.00588
42	0.00619	0.00528	0.00532	0.00531	0.00705	0.00441	0.00398	0.00753	0.01194	0.01424	0.07118	0.04983	0.76385	0.01312	0.00615	0.00176	0.00263	0.01095	0.00486	0.00441
43	0.01080	0.00926	0.01080	0.00771	0.01234	0.00694	0.00617	0.01311	0.01080	0.01697	0.00926	0.01080	0.00771	0.00386	0.00386	0.00077	0.00386	0.00309	0.00309	0.84882
44	0.01692	0.01034	0.01343	0.01095	0.01319	0.01189	0.00905	0.13468	0.01336	0.30015	0.01370	0.01465	0.00999	0.00740	0.00962	0.00182	0.31193	0.00485	0.08480	0.00727
45	0.01153	0.01106	0.03244	0.35766	0.22876	0.01179	0.10838	0.07292	0.01195	0.01609	0.01066	0.03055	0.00887	0.05742	0.00670	0.00189	0.00669	0.00520	0.00275	0.00667
46	0.04450	0.00889	0.01197	0.00920	0.01321	0.00776	0.00760	0.02512	0.01475	0.76864	0.02021	0.01749	0.01271	0.00640	0.00519	0.00161	0.00442	0.00518	0.00636	0.00878
47	0.01204	0.01110	0.01282	0.25372	0.02020	0.06355	0.01010	0.02155	0.43772	0.01828	0.03810	0.01910	0.02836	0.00677	0.00531	0.00174	0.00527	0.02295	0.00420	0.00710
48	0.00868	0.00503	0.00548	0.00537	0.00664	0.00482	0.00402	0.01100	0.01207	0.01924	0.23116	0.02809	0.10618	0.00809	0.00460	0.00139	0.00246	0.00677	0.52409	0.00482
49	0.00744	0.00557	0.00830	0.00830	0.00920	0.00647	0.00642	0.00925	0.00835	0.01203	0.01402	0.02083	0.01318	0.06021	0.77541	0.00828	0.01371	0.00563	0.00280	0.00461
50	0.04163	0.00889	0.01199	0.00921	0.01322	0.00774	0.00761	0.02516	0.01477	0.77128	0.02025	0.01752	0.01273	0.00641	0.00519	0.00161	0.00442	0.00518	0.00637	0.00879
51	0.01229	0.01405	0.03073	0.02195	0.02722	0.01317	0.76558	0.01668	0.01229	0.01668	0.01054	0.01405	0.00790	0.00439	0.00615	0.00176	0.00878	0.00615	0.00263	0.00702
52	0.00770	0.00536	0.00703	0.00666	0.00790	0.00494	0.00498	0.01005	0.01447	0.03901	0.71921	0.08377	0.04740	0.01088	0.00615	0.00167	0.00254	0.00963	0.00570	0.00497
53	0.01223	0.00641	0.00845	0.00732	0.00944	0.00573	0.00571	0.01449	0.01464	0.25652	0.50918	0.03298	0.07664	0.00949	0.00586	0.00164	0.00307	0.00821	0.00590	0.00610
54	0.01198	0.01916	0.33411	0.01818	0.02428	0.01289	0.39980	0.05782	0.03762	0.01765	0.01052	0.01292	0.00769	0.00480	0.00559	0.00170	0.00802	0.00514	0.00269	0.00743
55	0.01647	0.01143	0.01213	0.00969	0.01289	0.01250	0.00788	0.51455	0.03235	0.02837	0.01407	0.01482	0.01040	0.00621	0.00471	0.00145	0.00465	0.00476	0.27309	0.00757
56	0.01268	0.01049	0.01179	0.00869	0.01306	0.02852	0.00700	0.12596	0.01296	0.03777	0.00992	0.01120	0.00796	0.00446	0.00447	0.00097	0.02614	0.00342	0.00345	0.65908
57	0.00634	0.00453	0.00604	0.00725	0.00755	0.00423	0.00483	0.00725	0.00997	0.01329	0.02870	0.81358	0.03444	0.01632	0.00665	0.00211	0.00302	0.01480	0.00483	0.00423
58	0.02079	0.00841	0.01134	0.00891	0.01251	0.00739	0.00727	0.02320	0.03423	0.65801	0.13028	0.02082	0.01819	0.00707	0.00537	0.00162	0.00414	0.00586	0.00631	0.00828
59	0.01648	0.00861	0.01099	0.00981	0.03739	0.00830	0.00743	0.12120	0.06607	0.36097	0.04966	0.21253	0.03482	0.00924	0.00567	0.00175	0.00420	0.02193	0.00559	0.00736
60	0.06661	0.01361	0.02423	0.01764	0.02242	0.01349	0.47582	0.21020	0.01539	0.07082	0.01148	0.01354	0.00833	0.00503	0.00567	0.00169	0.00742	0.00551	0.00358	0.00753
61	0.00895	0.00456	0.00671	0.00671	0.00671	0.00456	0.00443	0.00683	0.00683	0.00911	0.00952	0.01700	0.00968	0.06943	0.02075	0.79428	0.00456	0.00472	0.00232	0.00232
62	0.01717	0.02139	0.01985	0.01614	0.01964	0.54661	0.25081	0.01948	0.01397	0.01400	0.00884	0.01087	0.00709	0.00506	0.00516	0.00147	0.00920	0.00424	0.00267	0.00635
63	0.04324	0.01275	0.01740	0.01441	0.06637	0.01356	0.16504	0.37543	0.09903	0.02519	0.04132	0.03705	0.01165	0.00704	0.02467	0.00180	0.00609	0.00553	0.02463	0.00780
64	0.00707	0.00519	0.00678	0.00751	0.00834	0.00473	0.00532	0.00826	0.01021	0.01382	0.02621	0.62070	0.03073	0.04127	0.00708	0.00211	0.00338	0.09736	0.00460	0.08933
65	0.01289	0.01237	0.02114	0.03196	0.78450	0.01237	0.01598	0.01598	0.01186	0.01701	0.00980	0.01289	0.00825	0.00464	0.00516	0.00155	0.00619	0.00464	0.00258	0.00825
66	0.00971	0.00803	0.00878	0.00845	0.01051	0.00853	0.00650	0.03887	0.33805	0.01807	0.04683	0.14871	0.24095	0.01088	0.00593	0.00186	0.00361	0.07448	0.00506	0.00619
67	0.00647	0.00468	0.00613	0.00716	0.00764	0.00434	0.00490	0.00755	0.01048	0.01393	0.08069	0.68926	0.08174	0.01568	0.00660	0.00207	0.00302	0.03846	0.00489	0.00430
68	0.04944	0.01024	0.01226	0.00948	0.01333	0.00984	0.00775	0.23120	0.01683	0.37109	0.08896	0.01701	0.01426	0.00639	0.00506	0.00149	0.00452	0.00511	0.00546	0.12030
69	0.01837	0.12181	0.01615	0.01261	0.01560	0.61548	0.00980	0.05352	0.06353	0.01415	0.00899	0.01005	0.00739	0.00540	0.00459	0.00135	0.00842	0.00351	0.00291	0.00638
70	0.01177	0.00591	0.00797	0.00789	0.00938	0.00532	0.00573	0.01303	0.01154	0.26018	0.02610	0.55999	0.02758	0.01317	0.00620	0.00195	0.00347	0.01176	0.00535	0.00571
71	0.01392	0.82012	0.02729	0.00891	0.01337	0.02061	0.00891	0.01559	0.01058	0.01225	0.00724	0.00835	0.00668	0.00446	0.00334	0.00111	0.00557	0.00278	0.00223	0.00668
72	0.85377	0.01007	0.00765	0.00685	0.01007	0.01168	0.00564	0.01531	0.00886	0.02336	0.00725	0.00846	0.00564	0.00483	0.00322	0.00161	0.00403	0.00282	0.00322	0.00564
73	0.01345	0.49254	0.25958	0.01121	0.01647	0.10051	0.01220	0.01642	0.01115	0.01360	0.00797	0.00927	0.00666	0.00470	0.00398	0.00130	0.00663	0.00317	0.00227	0.00692
74	0.00803	0.00630	0.00703	0.00627	0.00854	0.00534	0.00481	0.01022	0.03757	0.04290	0.19029	0.03886	0.44719	0.01061	0.00569	0.00156	0.00292	0.00893	0.00478	0.15217
75	0.00634	0.00453	0.00604	0.00725	0.00755	0.00423	0.00483	0.00725	0.00997	0.01329	0.02870	0.81358	0.03444	0.01632	0.00665	0.00211	0.00302	0.01480	0.00483	0.00423
76	0.00634	0.00453	0.00604	0.00725	0.00755	0.00423	0.00483	0.00725	0.00997	0.01329	0.02870	0.81358	0.03444	0.01632	0.00665	0.00211	0.00302	0.01480	0.00483	0.00423
77	0.01141	0.01146	0.01905	0.43893	0.21490	0.04665	0.11975	0.01473	0.01112	0.01462	0.00941	0.01336	0.00738	0.00513	0.00580	0.00170	0.04081	0.00478	0.00244	0.00657
78	0.00994	0.00821	0.00969	0.00764	0.01102	0.00691	0.00598	0.01354	0.08903	0.01869	0.25395	0.02053	0.02159	0.00632	0.00472	0.00114	0.00344	0.00536	0.00414	0.49815
79	0.01145	0.00966	0.01114	0.00807	0.01262	0.00770	0.00647	0.06388	0.02955	0.01814	0.00975	0.01111	0.00798	0.00409	0.00398	0.00085	0.00399	0.00326	0.00328	0.77303
80	0.01261	0.01454	0.20753	0.01378	0.13382	0.01006	0.01141	0.05318	0.07428	0.07749	0.01136	0.01249	0.00864	0.00483	0.00462	0.00129	0.00533	0.00399	0.00333	0.33543
81	0.01224	0.18815	0.33377	0.01596	0.02190	0.05279	0.27099	0.01658	0.01154	0.01549	0.00925	0.01140	0.00707	0.00468	0.00501	0.00156	0.00770	0.00438	0.00238	0.00717
82	0.00685	0.00505	0.00641	0.00661	0.00760	0.00461	0.00475	0.00862	0.01272	0.01735	0.42402	0.30393	0.14634	0.01293	0.00632	0.00182	0.00267	0.01147	0.00530	0.00461
83	0.01106	0.00829	0.01138	0.01311	0.17177	0.03347	0.02209	0.05165	0.01345	0.09726	0.26450	0.19670	0.04945	0.00981	0.00588	0.00173	0.00413	0.02342	0.00472	0.00613
84	0.09012	0.07692	0.09487	0.01295	0.01723	0.14673	0.13427	0.15193	0.06857	0.13843	0.01210	0.01270	0.00878	0.00549	0.00495	0.00156	0.00658	0.00448	0.00385	0.00747
85	0.00971	0.00485	0.00485	0.00485	0.00607	0.00485	0.00364	0.01213	0.01092	0.01942	0.01699	0.01942	0.01335	0.00607	0.00364	0.00121	0.00243	0.00485	0.84589	0.00485
86	0.01328	0.01224	0.01870	0.27074	0.22100	0.04438	0.11573	0.14175	0.01368	0.02971	0.01023	0.01309	0.00786	0.00506	0.00521	0.00158	0.00666	0.00471	0.00304	0.06133
87	0.85377	0.01007	0.00765	0.00685	0.01007	0.01168	0.00564	0.01531	0.00886	0.02336	0.00725	0.00846	0.00564	0.00483	0.00322	0.00161	0.00403	0.00282	0.00322	0.00564
88	0.01425	0.11741	0.40175	0.01300	0.01892	0.01458	0.01438	0.28325	0.03698	0.02193	0.01054	0.01145	0.00767	0.00541	0.00486	0.00156	0.00664	0.00408	0.00336	0.00800
89	0.02058	0.01123	0.01318	0.01021	0.01422	0.02761	0.00836	0.26375	0.06655	0.42454	0.01693	0.01549	0.01129	0.00622	0.00512	0.00154	0.00490	0.00491	0.00566	0.06772
90	0.07081	0.01105	0.01259	0.00987	0.01377	0.06848	0.00808	0.14293	0.01607	0.56473	0.01755	0.01573	0.01136	0.00624	0.00507	0.00158	0.00499	0.00487	0.00578	0.00846
91	0.00685	0.00492	0.00650	0.00690	0.00767	0.00457	0.00487	0.00853	0.01233	0.01705	0.40164	0.42993	0.04172	0.01351	0.00640	0.00188	0.00274	0.01214	0.00528	0.00457
92	0.01018	0.00937	0.01268	0.01113	0.01113	0.01248	0.00877	0.01095	0.00785	0.01176	0.00989	0.01862	0.01069	0.26654	0.02009	0.00316	0.55177	0.00552	0.00256	0.00489
93	0.01370	0.76914	0.07630	0.00929	0.01396	0.02006	0.00957	0.01565	0.01061	0.01252	0.00738	0.00852	0.00668	0.00449	0.00344	0.00115	0.00571	0.00285	0.00223	0.00675
94	0.00700	0.00531	0.00646	0.00631	0.00767	0.00478	0.00476	0.00904	0.01356	0.01826	0.49493	0.06887	0.27833	0.01180	0.00621	0.00172	0.00263	0.04227	0.00538	0.00472
95	0.01229	0.01405	0.03073	0.02195	0.02722	0.01317	0.76558	0.01668	0.01229	0.01668	0.01054	0.01405	0.00790	0.00439	0.00615	0.00176	0.00878	0.00615	0.00263	0.00702
96	0.00649	0.00463	0.00621	0.00742	0.00778	0.00435	0.00508	0.00750	0.01011	0.01345	0.02862	0.76060	0.03413	0.01618	0.00669	0.00213	0.00315	0.06637	0.00483	0.00427
97	0.01977	0.01524	0.01557	0.01207	0.01615	0.06627	0.00991	0.71917	0.02386	0.03153	0.01222	0.01230	0.00872	0.00619	0.00518	0.00155	0.00597	0.00460	0.00505	0.00868
98	0.01229	0.01405	0.03073	0.02195	0.02722	0.01317	0.76558	0.01668	0.01229	0.01668	0.01054	0.01405	0.00790	0.00439	0.00615	0.00176	0.00878	0.00615	0.00263	0.00702
99	0.00634	0.00453	0.00604	0.00725	0.00755	0.00423	0.00483	0.00725	0.00997	0.01329	0.02870	0.81358	0.03444	0.01632	0.00665	0.00211	0.00302	0.01480	0.00483	0.00423
100	0.04471	0.00975	0.01109	0.00805	0.01258	0.00793	0.00647	0.07856	0.01191	0.01859	0.00946	0.01085	0.00773	0.00410	0.00395	0.00087	0.00403	0.00321	0.00327	0.74287
101	0.01117	0.00880	0.03794	0.00879	0.01123	0.01917	0.00703	0.12399	0.07114	0.06558	0.09812	0.26109	0.04129	0.01033	0.00598	0.01859	0.00406	0.05779	0.00467	0.13325
102	0.18175	0.20250	0.13001	0.01080	0.01481	0.07844	0.01020	0.15192	0.04093	0.04601	0.00950	0.01060	0.00742	0.00559	0.00538	0.00154	0.07863	0.00370	0.00326	0.00701
103	0.01792	0.01289	0.01646	0.01309	0.03480	0.01387	0.09732	0.41785	0.08846	0.14576	0.01420	0.02860	0.01034	0.00646	0.00610	0.00167	0.05586	0.00523	0.00486	0.00829
104	0.00747	0.00508	0.00572	0.00572	0.00586	0.00504	0.00329	0.00761	0.00789	0.01042	0.01890	0.03488	0.07238	0.74198	0.04347	0.00490	0.00509	0.00777	0.00326	0.00328
105	0.01252	0.01360	0.01514	0.39471	0.07878	0.22853	0.02585	0.01503	0.01165	0.01346	0.01181	0.04876	0.04629	0.00631	0.00592	0.00166	0.05632	0.00505	0.00267	0.00591
106	0.01232	0.00836	0.01007	0.00814	0.01146	0.00729	0.00641	0.03226	0.09210	0.14531	0.13035	0.08794	0.01855	0.00704	0.00492	0.00132	0.00373	0.02179	0.02015	0.37047
107	0.00640	0.00463	0.00600	0.00704	0.00746	0.00429	0.00472	0.00735	0.01016	0.01346	0.05100	0.71046	0.08905	0.04236	0.00725	0.00217	0.00304	0.01414	0.00480	0.00423
108	0.01417	0.01143	0.01219	0.01068	0.01380	0.01303	0.00839	0.10509	0.65995	0.05968	0.02025	0.01862	0.01501	0.00695	0.00529	0.00174	0.00430	0.00573	0.00534	0.00834
109	0.01278	0.29260	0.29039	0.01501	0.11034	0.04740	0.07071	0.01635	0.01123	0.03357	0.00893	0.01066	0.00712	0.00482	0.00477	0.00144	0.02550	0.00376	0.00244	0.03020
110	0.01111	0.00925	0.01083	0.00775	0.01236	0.00696	0.00621	0.01341	0.01090	0.03577	0.00953	0.01097	0.00784	0.00392	0.00389	0.00079	0.00387	0.00314	0.00317	0.82834
111	0.00905	0.00653	0.00892	0.00823	0.02458	0.00602	0.05423	0.01166	0.04472	0.08350	0.32676	0.08027	0.24391	0.02748	0.00651	0.00181	0.00341	0.04193	0.00512	0.00537
112	0.01100	0.02036	0.48106	0.01295	0.01944	0.01072	0.05615	0.04284	0.01150	0.01724	0.00950	0.01116	0.00709	0.00463	0.00469	0.00138	0.00651	0.00377	0.00260	0.26541
113	0.00662	0.00529	0.00592	0.00576	0.00732	0.00459	0.00432	0.00837	0.01297	0.01668	0.33189	0.04582	0.50162	0.01222	0.00615	0.00171	0.00257	0.01039	0.00518	0.00459
114	0.00756	0.00506	0.00575	0.00581	0.00585	0.00505	0.00332	0.00764	0.00774	0.01031	0.01698	0.05368	0.01958	0.77815	0.02556	0.00491	0.00499	0.02560	0.00324	0.00322
115	0.04299	0.01671	0.25257	0.05121	0.10172	0.01222	0.29482	0.01695	0.03293	0.06641	0.02560	0.01358	0.00872	0.00513	0.00584	0.00170	0.03565	0.00506	0.00287	0.00731
116	0.00755	0.00504	0.00569	0.00571	0.00572	0.00503	0.00319	0.00757	0.00762	0.01016	0.01664	0.04890	0.01923	0.80176	0.02613	0.00499	0.00501	0.00771	0.00319	0.00318
117	0.01437	0.56498	0.08351	0.02562	0.01470	0.11069	0.00980	0.04477	0.01167	0.02749	0.00836	0.00965	0.00718	0.00559	0.02285	0.00140	0.00633	0.00320	0.02114	0.00670
118	0.00796	0.00485	0.00606	0.00613	0.00615	0.00483	0.00370	0.00730	0.00748	0.00997	0.01485	0.07836	0.01678	0.51097	0.02327	0.27362	0.00475	0.00707	0.00298	0.00294
119	0.03933	0.05006	0.02109	0.01636	0.05562	0.19086	0.26707	0.25663	0.01655	0.02095	0.01034	0.01206	0.00784	0.00523	0.00528	0.00156	0.00756	0.00475	0.00346	0.00739
120	0.08902	0.01149	0.01645	0.33455	0.24441	0.07282	0.05217	0.02997	0.01144	0.01624	0.00981	0.01312	0.00772	0.00506	0.00491	0.00160	0.00640	0.00446	0.06179	0.00656
121	0.01208	0.01164	0.01904	0.10917	0.51563	0.01289	0.01454	0.01472	0.01080	0.01554	0.00954	0.03193	0.00843	0.00597	0.00784	0.00174	0.18379	0.00486	0.00254	0.00733

[dist]
# distance from previous block
# <min> <max>
5	8

[block]
# block no. 3 follows, 47 sequences, length 47
# corresponding to MSA columns:
# 352-398
name=unknown_D
#
# <colnr> <probs for GDERKNQSTAVLIFYWHMCP>
#	G	D	E	R	K	N	Q	S	T	A	V	L	I	F	Y	W	H	M	C	P
0	0.01015	0.00977	0.01559	0.77826	0.03521	0.03756	0.01432	0.01355	0.01056	0.01329	0.00922	0.01374	0.00693	0.00521	0.00519	0.00172	0.00702	0.00459	0.00233	0.00579
1	0.01304	0.05215	0.19067	0.07365	0.01964	0.07848	0.16541	0.10727	0.01270	0.03860	0.01067	0.01408	0.00859	0.06656	0.00796	0.00192	0.08866	0.00482	0.03839	0.00674
