[name]
unknown

[dist]
# distance from previous block
# <min> <max>
3	251

[block]
# block no. 0 follows, 45 sequences, length 82
# corresponding to MSA columns:
# 261-340,346,347
name=unknown_A
#
# <colnr> <probs for GDERKNQSTAVLIFYWHMCP>
#	G	D	E	R	K	N	Q	S	T	A	V	L	I	F	Y	W	H	M	C	P
0	0.01336	0.38881	0.23888	0.01134	0.01660	0.01673	0.01205	0.05464	0.14261	0.01675	0.01089	0.01164	0.00865	0.00527	0.00437	0.00143	0.00606	0.00384	0.00301	0.03305
1	0.01880	0.01772	0.01496	0.01251	0.01600	0.27315	0.00989	0.37739	0.13714	0.02452	0.01280	0.01318	0.00965	0.00730	0.02909	0.00178	0.00716	0.00460	0.00444	0.00793
2	0.01572	0.01210	0.01291	0.01081	0.01411	0.01362	0.00864	0.32715	0.35900	0.02657	0.01747	0.01712	0.01303	0.00783	0.02912	0.00188	0.00505	0.00544	0.09414	0.00827
3	0.09733	0.00648	0.00797	0.00825	0.00943	0.00655	0.02842	0.04648	0.05179	0.01651	0.03785	0.58502	0.04966	0.01399	0.00629	0.00205	0.00358	0.01248	0.00480	0.00507
4	0.01281	0.01514	0.06782	0.02196	0.02747	0.01361	0.69964	0.03979	0.01299	0.01769	0.01086	0.01428	0.00811	0.00461	0.00625	0.00180	0.00890	0.00617	0.00277	0.00733
5	0.01370	0.00696	0.00841	0.00720	0.00994	0.00594	0.00570	0.01541	0.01368	0.32985	0.07917	0.03733	0.42398	0.01060	0.00596	0.00174	0.00347	0.00881	0.00572	0.00645
6	0.01105	0.01983	0.42674	0.01399	0.01833	0.01335	0.01532	0.02959	0.01019	0.01531	0.00940	0.01356	0.00803	0.07623	0.01150	0.00223	0.29150	0.00458	0.00244	0.00682
7	0.01630	0.01357	0.01242	0.01065	0.01352	0.18921	0.00839	0.14916	0.11130	0.15101	0.02231	0.03494	0.15805	0.00879	0.02187	0.00183	0.05869	0.00621	0.00467	0.00712
8	0.01329	0.01275	0.02179	0.03295	0.77787	0.01275	0.01647	0.01647	0.01222	0.01754	0.01010	0.01329	0.00850	0.00478	0.00531	0.00159	0.00638	0.00478	0.00266	0.00850
9	0.00654	0.00467	0.00623	0.00747	0.00779	0.00436	0.00498	0.00747	0.01028	0.01370	0.02959	0.80785	0.03550	0.01682	0.00685	0.00218	0.00311	0.01526	0.00498	0.00436
10	0.01077	0.02777	0.78354	0.01530	0.02323	0.01247	0.01983	0.01700	0.01133	0.01700	0.00963	0.01133	0.00680	0.00510	0.00510	0.00170	0.00793	0.00397	0.00227	0.00793
11	0.01271	0.01229	0.02134	0.16470	0.60954	0.01266	0.05605	0.01604	0.01199	0.01686	0.01004	0.01353	0.00825	0.00487	0.00538	0.00164	0.00666	0.00486	0.00261	0.00800
12	0.01077	0.02777	0.78354	0.01530	0.02323	0.01247	0.01983	0.01700	0.01133	0.01700	0.00963	0.01133	0.00680	0.00510	0.00510	0.00170	0.00793	0.00397	0.00227	0.00793
13	0.01459	0.01103	0.01568	0.17897	0.22980	0.01192	0.01191	0.02172	0.26863	0.15502	0.01595	0.01667	0.01175	0.00608	0.00539	0.00172	0.00549	0.00533	0.00426	0.00809
14	0.06136	0.01244	0.01284	0.01093	0.01435	0.04914	0.00867	0.16330	0.44976	0.12958	0.01869	0.01737	0.01360	0.00683	0.00529	0.00173	0.00485	0.00545	0.00537	0.00845
15	0.01956	0.02466	0.01569	0.01521	0.07148	0.73378	0.01081	0.02108	0.01500	0.01345	0.00843	0.00994	0.00703	0.00548	0.00487	0.00140	0.00944	0.00355	0.00276	0.00639
16	0.00853	0.00768	0.01306	0.01127	0.01331	0.00717	0.20157	0.03011	0.01169	0.01535	0.02851	0.42873	0.15547	0.01272	0.00661	0.00201	0.00472	0.03182	0.00440	0.00528
17	0.02159	0.00939	0.01224	0.00954	0.01335	0.00859	0.00782	0.11233	0.01653	0.59737	0.11379	0.02033	0.01743	0.00716	0.00551	0.00166	0.00448	0.00587	0.00640	0.00863
18	0.00749	0.00603	0.00846	0.00887	0.00973	0.02401	0.05935	0.00884	0.01081	0.01417	0.02831	0.64397	0.05266	0.01540	0.00680	0.00215	0.00385	0.07967	0.00476	0.00467
19	0.00654	0.00467	0.00623	0.00747	0.00779	0.00436	0.00498	0.00747	0.01028	0.01370	0.02959	0.80785	0.03550	0.01682	0.00685	0.00218	0.00311	0.01526	0.00498	0.00436
20	0.01279	0.01493	0.15264	0.10743	0.55355	0.01250	0.01669	0.01652	0.01199	0.03536	0.01023	0.01317	0.00819	0.00494	0.00528	0.00163	0.00668	0.00466	0.00266	0.00816
21	0.01405	0.55530	0.08808	0.01219	0.01714	0.01880	0.13955	0.05287	0.03009	0.01504	0.00883	0.01032	0.00744	0.00478	0.00422	0.00135	0.00646	0.00373	0.00259	0.00718
22	0.01254	0.01332	0.01602	0.42240	0.02650	0.16628	0.01312	0.01501	0.01090	0.01338	0.00859	0.01267	0.00708	0.00654	0.00872	0.00187	0.23213	0.00449	0.00245	0.00599
23	0.00739	0.00541	0.00695	0.00677	0.00798	0.00496	0.00503	0.00965	0.01435	0.01996	0.61672	0.12345	0.11397	0.01191	0.00641	0.00177	0.00266	0.02403	0.00571	0.00494
24	0.01288	0.30889	0.44424	0.01298	0.01925	0.08562	0.01517	0.01707	0.01153	0.01509	0.00874	0.01021	0.00684	0.00496	0.00448	0.00147	0.00731	0.00353	0.00232	0.00741
25	0.01362	0.01338	0.02147	0.03202	0.74079	0.05060	0.01618	0.01672	0.01237	0.01732	0.01001	0.01311	0.00843	0.00482	0.00529	0.00158	0.00654	0.00472	0.00266	0.00839
26	0.00768	0.00572	0.00848	0.00848	0.00939	0.00663	0.00652	0.00949	0.00858	0.01235	0.01451	0.02184	0.01375	0.08167	0.74911	0.00844	0.01389	0.00586	0.00290	0.00471
27	0.01536	0.01506	0.01681	0.01398	0.01582	0.14996	0.04744	0.19609	0.02766	0.01841	0.00914	0.01195	0.00775	0.00774	0.01167	0.00197	0.41852	0.00462	0.00323	0.00684
28	0.01359	0.47232	0.29221	0.01159	0.01733	0.01778	0.01301	0.07796	0.01224	0.01592	0.00867	0.00992	0.00704	0.00492	0.00418	0.00138	0.00652	0.00342	0.00254	0.00744
29	0.00654	0.00467	0.00623	0.00747	0.00779	0.00436	0.00498	0.00747	0.01028	0.01370	0.02959	0.80785	0.03550	0.01682	0.00685	0.00218	0.00311	0.01526	0.00498	0.00436
30	0.01700	0.01335	0.01419	0.01166	0.01535	0.01506	0.00938	0.40715	0.38360	0.02834	0.01721	0.01633	0.01263	0.00685	0.00541	0.00171	0.00511	0.00543	0.00541	0.00882
31	0.01418	0.01459	0.01792	0.01520	0.05491	0.15335	0.20454	0.06126	0.29557	0.01911	0.01817	0.01861	0.07459	0.00660	0.00564	0.00172	0.00655	0.00597	0.00408	0.00746
32	0.01609	0.01560	0.02466	0.01816	0.02296	0.07893	0.42470	0.28735	0.01745	0.02290	0.01138	0.01350	0.00840	0.00531	0.00586	0.00170	0.00796	0.00555	0.00368	0.00784
33	0.01132	0.00669	0.00931	0.00983	0.01157	0.00647	0.00852	0.01372	0.01288	0.14837	0.02717	0.05324	0.02785	0.01341	0.00707	0.00233	0.00488	0.61447	0.00524	0.00567
34	0.02022	0.01494	0.01600	0.01231	0.01657	0.01656	0.01016	0.74036	0.04515	0.03353	0.01313	0.01308	0.00932	0.00647	0.00537	0.00162	0.00586	0.00487	0.00537	0.00911
35	0.03972	0.03609	0.03795	0.01883	0.26030	0.09418	0.01220	0.32515	0.08137	0.02427	0.01190	0.01302	0.00910	0.00576	0.00519	0.00159	0.00631	0.00465	0.00402	0.00840
36	0.00634	0.00544	0.00544	0.00544	0.00725	0.00453	0.00408	0.00770	0.01224	0.01450	0.05438	0.05166	0.77569	0.01359	0.00634	0.00181	0.00272	0.01133	0.00498	0.00453
37	0.00654	0.00467	0.00623	0.00747	0.00779	0.00436	0.00498	0.00747	0.01028	0.01370	0.02959	0.80785	0.03550	0.01682	0.00685	0.00218	0.00311	0.01526	0.00498	0.00436
38	0.01508	0.01600	0.01551	0.08475	0.05334	0.25355	0.07208	0.02350	0.36940	0.01812	0.01509	0.01554	0.01158	0.00622	0.00533	0.00167	0.00669	0.00511	0.00399	0.00746
39	0.01310	0.01103	0.01141	0.01053	0.05309	0.07462	0.00777	0.24456	0.08523	0.02276	0.18757	0.02878	0.20910	0.00911	0.00578	0.00168	0.00458	0.00749	0.00504	0.00678
40	0.00781	0.00520	0.00585	0.00585	0.00585	0.00520	0.00325	0.00781	0.00781	0.01041	0.01691	0.03513	0.01952	0.81135	0.02732	0.00520	0.00520	0.00781	0.00325	0.00325
41	0.01077	0.02777	0.78354	0.01530	0.02323	0.01247	0.01983	0.01700	0.01133	0.01700	0.00963	0.01133	0.00680	0.00510	0.00510	0.00170	0.00793	0.00397	0.00227	0.00793
42	0.01370	0.01427	0.02669	0.02411	0.23468	0.03388	0.44539	0.08390	0.01362	0.01857	0.01066	0.01381	0.00827	0.00493	0.00623	0.00174	0.02928	0.00565	0.00293	0.00770
43	0.01014	0.00954	0.01610	0.79845	0.03697	0.01193	0.01491	0.01371	0.01073	0.01371	0.00954	0.01431	0.00716	0.00537	0.00537	0.00179	0.00716	0.00477	0.00239	0.00596
44	0.00654	0.00467	0.00623	0.00747	0.00779	0.00436	0.00498	0.00747	0.01028	0.01370	0.02959	0.80785	0.03550	0.01682	0.00685	0.00218	0.00311	0.01526	0.00498	0.00436
45	0.70362	0.00939	0.00760	0.00713	0.00993	0.01071	0.00567	0.01434	0.00933	0.02229	0.01130	0.14683	0.01094	0.00703	0.00393	0.00175	0.00397	0.00504	0.00361	0.00556
46	0.01501	0.01616	0.01968	0.06492	0.53028	0.22860	0.01470	0.01772	0.01298	0.01613	0.00957	0.01233	0.00800	0.00502	0.00519	0.00155	0.00733	0.00441	0.00267	0.00775
47	0.00672	0.00481	0.00639	0.00735	0.00783	0.00448	0.00500	0.00793	0.01113	0.01505	0.15842	0.67516	0.03812	0.01581	0.00676	0.00210	0.00301	0.01430	0.00514	0.00448
48	0.01077	0.02777	0.78354	0.01530	0.02323	0.01247	0.01983	0.01700	0.01133	0.01700	0.00963	0.01133	0.00680	0.00510	0.00510	0.00170	0.00793	0.00397	0.00227	0.00793
49	0.01214	0.01642	0.16819	0.01962	0.02446	0.01392	0.47701	0.01633	0.01156	0.01633	0.00989	0.01337	0.00768	0.00557	0.00829	0.00189	0.16209	0.00558	0.00256	0.00710
50	0.01470	0.01405	0.01277	0.01146	0.01449	0.14763	0.00887	0.04670	0.61833	0.02115	0.01927	0.01805	0.01456	0.00696	0.00535	0.00174	0.00523	0.00558	0.00499	0.00812
51	0.00656	0.00545	0.00574	0.00567	0.00738	0.00462	0.00425	0.00812	0.01275	0.01572	0.17893	0.04966	0.65038	0.01314	0.00634	0.00179	0.00269	0.01105	0.00514	0.00462
52	0.00789	0.00565	0.00709	0.00778	0.00842	0.00554	0.00531	0.07528	0.01142	0.01524	0.02703	0.67229	0.03180	0.08164	0.00841	0.00238	0.00354	0.01370	0.00487	0.00470
53	0.01113	0.00954	0.01113	0.00795	0.01272	0.00716	0.00636	0.01352	0.01113	0.01749	0.00954	0.01113	0.00795	0.00398	0.00398	0.00080	0.00398	0.00318	0.00318	0.84417
54	0.00741	0.00535	0.00701	0.00688	0.00798	0.00494	0.00505	0.00967	0.01434	0.02017	0.64620	0.17279	0.04803	0.01198	0.00642	0.00177	0.00263	0.01067	0.00575	0.00494
55	0.00767	0.00575	0.00863	0.00863	0.00959	0.00671	0.00671	0.00959	0.00863	0.01246	0.01438	0.02109	0.01342	0.04026	0.79008	0.00863	0.01438	0.00575	0.00288	0.00479
56	0.01563	0.01862	0.03703	0.02052	0.17528	0.32197	0.24573	0.01844	0.01327	0.01536	0.00941	0.01209	0.00763	0.00531	0.00626	0.00163	0.06139	0.00472	0.00269	0.00702
57	0.00923	0.01738	0.40612	0.01171	0.01673	0.00920	0.05289	0.01352	0.01246	0.01750	0.19090	0.02639	0.17753	0.00816	0.00570	0.00173	0.00569	0.00692	0.00368	0.00654
58	0.01335	0.01153	0.01214	0.01092	0.01396	0.01335	0.00850	0.02852	0.76817	0.02245	0.02185	0.02003	0.01639	0.00728	0.00546	0.00182	0.00425	0.00607	0.00546	0.00850
59	0.01186	0.03450	0.44153	0.02192	0.28279	0.01281	0.08503	0.01682	0.01175	0.01713	0.00987	0.01224	0.00751	0.00493	0.00526	0.00166	0.00746	0.00444	0.00244	0.00805
60	0.01630	0.01737	0.02311	0.01759	0.02180	0.21687	0.35742	0.18636	0.01596	0.01970	0.01047	0.01273	0.00799	0.00546	0.00628	0.00168	0.04710	0.00516	0.00331	0.00734
61	0.00654	0.00467	0.00623	0.00747	0.00779	0.00436	0.00498	0.00747	0.01028	0.01370	0.02959	0.80785	0.03550	0.01682	0.00685	0.00218	0.00311	0.01526	0.00498	0.00436
62	0.01234	0.01678	0.16162	0.02136	0.02722	0.01338	0.63073	0.01716	0.01244	0.01716	0.01065	0.01394	0.00791	0.00462	0.00612	0.00179	0.00886	0.00593	0.00264	0.00736
63	0.01296	0.01193	0.01882	0.02722	0.60264	0.04049	0.02731	0.01599	0.01218	0.01779	0.01132	0.01433	0.00935	0.00506	0.00504	0.00153	0.00588	0.00480	0.14758	0.00779
64	0.01124	0.01168	0.02285	0.46200	0.03310	0.01264	0.33732	0.01522	0.01157	0.01522	0.01011	0.01438	0.00758	0.00500	0.00579	0.00180	0.00798	0.00545	0.00253	0.00652
65	0.01267	0.01448	0.03167	0.02262	0.02805	0.01357	0.75837	0.01719	0.01267	0.01719	0.01086	0.01448	0.00814	0.00452	0.00633	0.00181	0.00905	0.00633	0.00271	0.00724
66	0.01258	0.01359	0.02772	0.02456	0.22484	0.01309	0.51512	0.01653	0.01235	0.01704	0.01126	0.04360	0.00923	0.00518	0.00638	0.00178	0.02873	0.00621	0.00277	0.00743
67	0.02005	0.02558	0.01521	0.01383	0.01659	0.78980	0.01037	0.02143	0.01521	0.01314	0.00830	0.00968	0.00691	0.00553	0.00484	0.00138	0.00968	0.00346	0.00277	0.00622
68	0.00654	0.00467	0.00623	0.00747	0.00779	0.00436	0.00498	0.00747	0.01028	0.01370	0.02959	0.80785	0.03550	0.01682	0.00685	0.00218	0.00311	0.01526	0.00498	0.00436
69	0.01342	0.40340	0.31243	0.01263	0.01837	0.08674	0.05355	0.01697	0.01155	0.01457	0.00854	0.01005	0.00692	0.00487	0.00435	0.00141	0.00710	0.00352	0.00235	0.00724
70	0.01970	0.01073	0.01288	0.01022	0.01385	0.01075	0.00830	0.30937	0.01874	0.35786	0.08109	0.08910	0.01676	0.00784	0.00560	0.00169	0.00479	0.00642	0.00594	0.00837
71	0.01293	0.01036	0.01130	0.01013	0.01292	0.01163	0.00787	0.02522	0.59760	0.06307	0.15199	0.02340	0.02214	0.00789	0.00561	0.00179	0.00397	0.00666	0.00560	0.00794
72	0.00651	0.00480	0.00609	0.00712	0.00769	0.00439	0.00483	0.00751	0.01062	0.01384	0.03387	0.67716	0.16343	0.01626	0.00676	0.00212	0.00305	0.01458	0.00498	0.00439
73	0.08767	0.01762	0.02074	0.01913	0.15096	0.29517	0.24401	0.03283	0.01339	0.01667	0.02471	0.01244	0.00840	0.00527	0.00564	0.00161	0.02922	0.00472	0.00288	0.00692
74	0.01091	0.00695	0.00885	0.01058	0.14049	0.00713	0.00658	0.05306	0.01192	0.01960	0.01568	0.01857	0.01257	0.00929	0.07998	0.00204	0.00450	0.00503	0.57046	0.00581
75	0.00702	0.00501	0.00678	0.00802	0.00855	0.00477	0.00582	0.00830	0.01075	0.01424	0.02932	0.63769	0.03445	0.01636	0.00698	0.00225	0.00353	0.18068	0.00497	0.00449
76	0.01158	0.20601	0.61241	0.01391	0.02109	0.01445	0.01742	0.01679	0.01124	0.01601	0.00914	0.01072	0.00682	0.00498	0.00472	0.00157	0.00744	0.00372	0.00227	0.00770
77	0.08531	0.01420	0.01893	0.01532	0.05560	0.05194	0.20493	0.31077	0.12811	0.02484	0.01368	0.01463	0.02459	0.00596	0.00546	0.00169	0.00648	0.00531	0.00426	0.00801
78	0.00760	0.00549	0.00718	0.00675	0.00802	0.00506	0.00506	0.01013	0.01519	0.02153	0.77503	0.04010	0.05065	0.01097	0.00633	0.00169	0.00253	0.00971	0.00591	0.00506
79	0.00654	0.00467	0.00623	0.00747	0.00779	0.00436	0.00498	0.00747	0.01028	0.01370	0.02959	0.80785	0.03550	0.01682	0.00685	0.00218	0.00311	0.01526	0.00498	0.00436
80	0.01901	0.01533	0.08680	0.01360	0.01835	0.01470	0.10912	0.49797	0.02102	0.12941	0.01343	0.01367	0.00934	0.00610	0.00548	0.00165	0.00632	0.00503	0.00491	0.00877
81	0.01174	0.01174	0.01644	0.01409	0.01409	0.01644	0.01174	0.01292	0.00822	0.01292	0.00705	0.01174	0.00705	0.00940	0.01762	0.00235	0.80153	0.00470	0.00235	0.00587

[dist]
# distance from previous block
# <min> <max>
0	6

[block]
# block no. 1 follows, 45 sequences, length 91
# corresponding to MSA columns:
# 354-444
name=unknown_B
#
# <colnr> <probs for GDERKNQSTAVLIFYWHMCP>
#	G	D	E	R	K	N	Q	S	T	A	V	L	I	F	Y	W	H	M	C	P
0	0.00767	0.00575	0.00863	0.00863	0.00959	0.00671	0.00671	0.00959	0.00863	0.01246	0.01438	0.02109	0.01342	0.04026	0.79008	0.00863	0.01438	0.00575	0.00288	0.00479
1	0.01542	0.61884	0.05811	0.01009	0.01476	0.01993	0.00985	0.16682	0.01383	0.01711	0.00865	0.00959	0.00734	0.00499	0.00391	0.00127	0.00587	0.00331	0.00292	0.00739
2	0.01335	0.00656	0.00838	0.00725	0.00947	0.00594	0.00567	0.01569	0.01435	0.26565	0.35420	0.02940	0.05599	0.00871	0.00551	0.00160	0.00319	0.00742	0.17532	0.00634
3	0.02015	0.01491	0.01597	0.01230	0.01655	0.01653	0.01014	0.73373	0.05189	0.03342	0.01321	0.01314	0.00939	0.00647	0.00537	0.00162	0.00585	0.00488	0.00537	0.00911
4	0.01267	0.01448	0.03167	0.02262	0.02805	0.01357	0.75837	0.01719	0.01267	0.01719	0.01086	0.01448	0.00814	0.00452	0.00633	0.00181	0.00905	0.00633	0.00271	0.00724
5	0.01176	0.24625	0.57378	0.01360	0.02061	0.01490	0.01688	0.01674	0.01121	0.01579	0.00903	0.01058	0.00682	0.00496	0.00464	0.00155	0.00732	0.00366	0.00227	0.00764
6	0.00896	0.00781	0.00894	0.00822	0.00972	0.08436	0.03792	0.01130	0.01459	0.01970	0.58908	0.11418	0.04288	0.01074	0.00623	0.00171	0.00359	0.00950	0.00536	0.00520
7	0.01122	0.00544	0.00585	0.00555	0.00697	0.00532	0.00412	0.01343	0.01133	0.09666	0.01782	0.02136	0.01429	0.08735	0.00629	0.00169	0.00298	0.00533	0.67175	0.00525
8	0.01796	0.02244	0.01987	0.01632	0.01984	0.56995	0.22223	0.02023	0.01449	0.01429	0.00902	0.01104	0.00726	0.00525	0.00526	0.00150	0.00950	0.00427	0.00275	0.00651
9	0.00652	0.00475	0.00615	0.00727	0.00773	0.00438	0.00489	0.00750	0.01047	0.01378	0.03208	0.73172	0.11002	0.01649	0.00680	0.00214	0.00307	0.01486	0.00498	0.00438
10	0.00641	0.00544	0.00553	0.00550	0.00729	0.00456	0.00413	0.00783	0.01239	0.01486	0.09112	0.05107	0.73873	0.01346	0.00634	0.00181	0.00271	0.01125	0.00503	0.00456
11	0.01184	0.01202	0.01798	0.01495	0.01550	0.01615	0.08691	0.01335	0.00867	0.01335	0.00743	0.01202	0.00716	0.00890	0.01648	0.00229	0.72174	0.00486	0.00239	0.00601
12	0.01097	0.01176	0.02462	0.01842	0.02243	0.01102	0.54942	0.01450	0.01201	0.01623	0.01605	0.23452	0.01573	0.00793	0.00648	0.00191	0.00740	0.00881	0.00334	0.00644
13	0.84927	0.01038	0.00789	0.00706	0.01038	0.01204	0.00581	0.01578	0.00914	0.02408	0.00747	0.00872	0.00581	0.00498	0.00332	0.00166	0.00415	0.00291	0.00332	0.00581
14	0.01077	0.00913	0.01073	0.00783	0.01224	0.00694	0.00623	0.01317	0.01155	0.01790	0.08755	0.01408	0.01230	0.00469	0.00422	0.00089	0.00383	0.00385	0.00346	0.75866
15	0.01391	0.17387	0.01551	0.01004	0.01331	0.03694	0.03335	0.25444	0.08458	0.02184	0.10489	0.07504	0.12380	0.00827	0.00535	0.00161	0.00493	0.00673	0.00457	0.00704
16	0.01272	0.02519	0.62807	0.01470	0.02190	0.01331	0.01788	0.16751	0.01415	0.02041	0.01029	0.01165	0.00727	0.00537	0.00515	0.00168	0.00752	0.00414	0.00290	0.00818
17	0.67940	0.01390	0.16503	0.00873	0.01298	0.01213	0.00865	0.01603	0.00958	0.02265	0.00791	0.00925	0.00601	0.00501	0.00368	0.00167	0.00492	0.00312	0.00311	0.00624
18	0.01947	0.08373	0.01625	0.01341	0.01633	0.67564	0.01030	0.05922	0.01526	0.01417	0.00845	0.00981	0.00703	0.00559	0.00504	0.00140	0.02612	0.00351	0.00286	0.00642
19	0.00668	0.00545	0.00590	0.00579	0.00746	0.00467	0.00434	0.00835	0.01303	0.01638	0.24681	0.04857	0.58208	0.01289	0.00634	0.00178	0.00267	0.01090	0.00523	0.00467
20	0.36087	0.01450	0.09040	0.01028	0.01434	0.06009	0.00913	0.26405	0.04275	0.05300	0.02717	0.01186	0.00870	0.00578	0.00449	0.00164	0.00544	0.00404	0.00411	0.00735
21	0.04418	0.04319	0.01068	0.00862	0.01100	0.00937	0.00671	0.17802	0.06785	0.10238	0.23553	0.10508	0.05281	0.09101	0.00792	0.00207	0.00415	0.00780	0.00519	0.00646
22	0.00779	0.00526	0.00613	0.00613	0.00623	0.00536	0.00360	0.00799	0.00789	0.01061	0.01666	0.03371	0.01890	0.73372	0.10411	0.00555	0.00613	0.00760	0.00321	0.00341
23	0.00676	0.00490	0.00642	0.00759	0.00799	0.00466	0.00510	0.00817	0.03518	0.01399	0.02933	0.78196	0.03487	0.01650	0.00681	0.00217	0.00315	0.01496	0.00500	0.00450
24	0.01324	0.44512	0.34898	0.01180	0.01780	0.01693	0.01366	0.01690	0.01128	0.04749	0.00898	0.01018	0.00713	0.00490	0.00423	0.00141	0.00662	0.00345	0.00247	0.00743
25	0.26344	0.00950	0.01113	0.00883	0.01274	0.00909	0.00729	0.02315	0.01356	0.56186	0.01720	0.01550	0.01112	0.00616	0.00480	0.00166	0.00445	0.00468	0.00568	0.00817
26	0.00654	0.00467	0.00623	0.00747	0.00779	0.00436	0.00498	0.00747	0.01028	0.01370	0.02959	0.80785	0.03550	0.01682	0.00685	0.00218	0.00311	0.01526	0.00498	0.00436
27	0.15276	0.10341	0.01465	0.01104	0.01448	0.36164	0.00881	0.02129	0.01382	0.23248	0.01172	0.01185	0.00854	0.00566	0.00461	0.00148	0.00693	0.00386	0.00390	0.00705
28	0.01287	0.01233	0.02104	0.13331	0.68073	0.01265	0.01627	0.01611	0.01203	0.01704	0.01002	0.01342	0.00833	0.00486	0.00532	0.00162	0.00648	0.00478	0.00262	0.00817
29	0.00654	0.00467	0.00623	0.00747	0.00779	0.00436	0.00498	0.00747	0.01028	0.01370	0.02959	0.80785	0.03550	0.01682	0.00685	0.00218	0.00311	0.01526	0.00498	0.00436
30	0.01179	0.01123	0.01908	0.39694	0.42557	0.01236	0.01573	0.01516	0.01151	0.01572	0.00983	0.01377	0.00786	0.00506	0.00534	0.00169	0.00675	0.00478	0.00253	0.00730
31	0.01613	0.13060	0.01826	0.22132	0.19688	0.01293	0.01213	0.09200	0.01374	0.21545	0.01271	0.01411	0.00921	0.00555	0.00508	0.00160	0.00597	0.00466	0.00383	0.00782
32	0.02408	0.00914	0.01246	0.00955	0.01370	0.00789	0.00789	0.02616	0.01536	0.78158	0.02118	0.01827	0.01329	0.00664	0.00540	0.00166	0.00457	0.00540	0.00664	0.00914
33	0.01253	0.02656	0.01614	0.02125	0.37308	0.09800	0.01256	0.02885	0.02919	0.01683	0.01672	0.02987	0.01650	0.00855	0.00598	0.00188	0.00617	0.26878	0.00359	0.00695
34	0.01355	0.63948	0.19624	0.01055	0.01588	0.01929	0.01155	0.01628	0.01100	0.01360	0.00795	0.00922	0.00687	0.00471	0.00381	0.00127	0.00623	0.00311	0.00229	0.00712
35	0.00767	0.00575	0.00863	0.00863	0.00959	0.00671	0.00671	0.00959	0.00863	0.01246	0.01438	0.02109	0.01342	0.04026	0.79008	0.00863	0.01438	0.00575	0.00288	0.00479
36	0.00781	0.00520	0.00585	0.00585	0.00585	0.00520	0.00325	0.00781	0.00781	0.01041	0.01691	0.03513	0.01952	0.81135	0.02732	0.00520	0.00520	0.00781	0.00325	0.00325
37	0.00706	0.00547	0.00762	0.12505	0.01208	0.00550	0.00637	0.00843	0.01054	0.01379	0.02913	0.61262	0.10671	0.01478	0.00658	0.00208	0.00368	0.01330	0.00460	0.00462
38	0.01546	0.01651	0.01558	0.01351	0.01514	0.26511	0.01082	0.09336	0.08872	0.01608	0.00953	0.01203	0.00816	0.00764	0.01103	0.00191	0.38527	0.00445	0.00310	0.00658
39	0.01711	0.01969	0.01486	0.01324	0.01558	0.45580	0.01025	0.04800	0.16677	0.01573	0.01097	0.01229	0.00894	0.00666	0.00744	0.00167	0.16069	0.00427	0.00333	0.00672
40	0.10354	0.02405	0.01447	0.01315	0.01597	0.71150	0.00991	0.02087	0.01460	0.01424	0.00821	0.00958	0.00680	0.00548	0.00469	0.00141	0.00912	0.00340	0.00282	0.00618
41	0.01647	0.02719	0.01596	0.01189	0.01625	0.01321	0.08512	0.37264	0.09445	0.05842	0.01379	0.01420	0.02352	0.00584	0.00513	0.00145	0.00548	0.00482	0.00457	0.20960
42	0.18215	0.01365	0.02686	0.01947	0.02447	0.01326	0.60591	0.01691	0.01195	0.01859	0.01017	0.01331	0.00767	0.00462	0.00572	0.00178	0.00806	0.00564	0.00284	0.00695
43	0.01970	0.01468	0.01571	0.01221	0.01638	0.01631	0.01003	0.68633	0.10004	0.03268	0.01379	0.01361	0.00986	0.00653	0.00538	0.00163	0.00574	0.00496	0.00538	0.00907
44	0.00760	0.00549	0.00718	0.00675	0.00802	0.00506	0.00506	0.01013	0.01519	0.02153	0.77503	0.04010	0.05065	0.01097	0.00633	0.00169	0.00253	0.00971	0.00591	0.00506
45	0.01077	0.02777	0.78354	0.01530	0.02323	0.01247	0.01983	0.01700	0.01133	0.01700	0.00963	0.01133	0.00680	0.00510	0.00510	0.00170	0.00793	0.00397	0.00227	0.00793
46	0.00654	0.00467	0.00623	0.00747	0.00779	0.00436	0.00498	0.00747	0.01028	0.01370	0.02959	0.80785	0.03550	0.01682	0.00685	0.00218	0.00311	0.01526	0.00498	0.00436
47	0.01107	0.05147	0.68286	0.01585	0.02342	0.01286	0.09476	0.01699	0.01146	0.01688	0.00969	0.01157	0.00694	0.00503	0.00517	0.00169	0.00798	0.00417	0.00231	0.00783
48	0.02005	0.02558	0.01521	0.01383	0.01659	0.78980	0.01037	0.02143	0.01521	0.01314	0.00830	0.00968	0.00691	0.00553	0.00484	0.00138	0.00968	0.00346	0.00277	0.00622
49	0.00760	0.00549	0.00718	0.00675	0.00802	0.00506	0.00506	0.01013	0.01519	0.02153	0.77503	0.04010	0.05065	0.01097	0.00633	0.00169	0.00253	0.00971	0.00591	0.00506
50	0.01335	0.01153	0.01214	0.01092	0.01396	0.01335	0.00850	0.02852	0.76817	0.02245	0.02185	0.02003	0.01639	0.00728	0.00546	0.00182	0.00425	0.00607	0.00546	0.00850
51	0.01812	0.01365	0.01514	0.01203	0.01549	0.01537	0.00983	0.60807	0.02200	0.02967	0.01400	0.09379	0.01161	0.00780	0.00675	0.00174	0.08572	0.00588	0.00503	0.00831
52	0.00654	0.00467	0.00623	0.00747	0.00779	0.00436	0.00498	0.00747	0.01028	0.01370	0.02959	0.80785	0.03550	0.01682	0.00685	0.00218	0.00311	0.01526	0.00498	0.00436
53	0.00779	0.00526	0.00613	0.00613	0.00623	0.00536	0.00360	0.00799	0.00789	0.01061	0.01666	0.03371	0.01890	0.73372	0.10411	0.00555	0.00613	0.00760	0.00321	0.00341
54	0.02005	0.02558	0.01521	0.01383	0.01659	0.78980	0.01037	0.02143	0.01521	0.01314	0.00830	0.00968	0.00691	0.00553	0.00484	0.00138	0.00968	0.00346	0.00277	0.00622
55	0.01661	0.01721	0.01371	0.01217	0.01523	0.30756	0.00938	0.10038	0.40748	0.02009	0.01581	0.01538	0.01206	0.00653	0.00522	0.00163	0.00647	0.00495	0.00443	0.00770
56	0.84927	0.01038	0.00789	0.00706	0.01038	0.01204	0.00581	0.01578	0.00914	0.02408	0.00747	0.00872	0.00581	0.00498	0.00332	0.00166	0.00415	0.00291	0.00332	0.00581
57	0.01001	0.00500	0.00500	0.00500	0.00625	0.00500	0.00375	0.01251	0.01126	0.02001	0.01751	0.02001	0.01376	0.00625	0.00375	0.00125	0.00250	0.00500	0.84115	0.00500
58	0.01160	0.18647	0.59740	0.01387	0.02092	0.01428	0.01719	0.01731	0.04373	0.01635	0.00972	0.01115	0.00723	0.00509	0.00478	0.00159	0.00733	0.00383	0.00241	0.00775
59	0.35903	0.01054	0.01030	0.00891	0.01212	0.01173	0.00715	0.09084	0.23208	0.10148	0.09083	0.01653	0.01447	0.00656	0.00465	0.00171	0.00423	0.00495	0.00474	0.00717
60	0.00676	0.00483	0.00648	0.00772	0.00813	0.00455	0.00536	0.00785	0.01049	0.01394	0.02947	0.73169	0.03503	0.01661	0.00691	0.00221	0.00330	0.08929	0.00498	0.00442
61	0.01967	0.02516	0.04823	0.01382	0.01688	0.71852	0.01077	0.05747	0.01554	0.01432	0.00858	0.00991	0.00702	0.00556	0.00488	0.00141	0.00942	0.00355	0.00287	0.00644
62	0.01657	0.01921	0.02315	0.01787	0.02207	0.34081	0.36709	0.09467	0.01502	0.01718	0.00999	0.01230	0.00773	0.00514	0.00561	0.00161	0.00900	0.00497	0.00301	0.00700
63	0.01092	0.01053	0.01486	0.01299	0.01318	0.01447	0.01072	0.01224	0.00830	0.01283	0.00853	0.01364	0.00834	0.01565	0.17411	0.00362	0.64206	0.00491	0.00246	0.00565
64	0.00767	0.00540	0.00706	0.00713	0.00756	0.00579	0.00483	0.00854	0.00830	0.01148	0.01659	0.07550	0.01788	0.43567	0.35057	0.00648	0.00898	0.00738	0.00320	0.00397
65	0.01470	0.01278	0.01909	0.17429	0.41982	0.01370	0.01440	0.22653	0.01562	0.02142	0.01078	0.01337	0.00842	0.00537	0.00534	0.00164	0.00639	0.00479	0.00337	0.00819
66	0.01300	0.01053	0.01535	0.01284	0.01577	0.01083	0.16041	0.25586	0.01621	0.02161	0.01958	0.12893	0.01941	0.03563	0.00709	0.00211	0.00587	0.23775	0.00458	0.00665
67	0.00795	0.00573	0.00724	0.00797	0.00869	0.00561	0.00551	0.08416	0.01180	0.01575	0.02788	0.72684	0.03282	0.01576	0.00670	0.00212	0.00340	0.01420	0.00502	0.00485
68	0.00650	0.00483	0.00607	0.00706	0.00768	0.00439	0.00480	0.00752	0.01067	0.01386	0.03461	0.65465	0.18545	0.01616	0.00675	0.00211	0.00303	0.01446	0.00498	0.00439
69	0.01236	0.01181	0.02012	0.25801	0.56004	0.01251	0.01601	0.01566	0.01178	0.01641	0.00993	0.01359	0.00811	0.00495	0.00533	0.00165	0.00661	0.00478	0.00258	0.00776
70	0.01265	0.01210	0.02064	0.18803	0.62777	0.01259	0.01616	0.01592	0.01192	0.01676	0.00998	0.01349	0.00823	0.00490	0.00532	0.00163	0.00653	0.00478	0.00260	0.00799
71	0.01239	0.01286	0.01598	0.01383	0.01415	0.09278	0.01139	0.01362	0.00893	0.01292	0.00749	0.01194	0.00731	0.01034	0.04950	0.00252	0.68915	0.00462	0.00241	0.00586
72	0.10228	0.01623	0.01477	0.01187	0.01568	0.16053	0.00959	0.52406	0.02132	0.02855	0.01164	0.01210	0.00853	0.00612	0.00502	0.00156	0.00633	0.00439	0.03130	0.00812
73	0.01965	0.01100	0.01308	0.01047	0.01416	0.01119	0.00854	0.29034	0.08520	0.34410	0.05809	0.05216	0.01556	0.00757	0.00558	0.00171	0.00487	0.03230	0.00591	0.00851
74	0.01153	0.00953	0.01117	0.00800	0.01275	0.00718	0.00641	0.01390	0.01126	0.04082	0.00990	0.01135	0.00811	0.00406	0.00402	0.00082	0.00399	0.00325	0.00329	0.81868
75	0.00671	0.00489	0.00637	0.00749	0.00804	0.00454	0.00523	0.00783	0.01067	0.01400	0.03201	0.66216	0.11051	0.01631	0.00685	0.00217	0.00324	0.08157	0.00498	0.00443
76	0.01300	0.01246	0.02127	0.10324	0.70983	0.01268	0.01633	0.01622	0.01209	0.01719	0.01005	0.01338	0.00838	0.00484	0.00532	0.00161	0.00645	0.00478	0.00263	0.00827
77	0.01113	0.00954	0.01113	0.00795	0.01272	0.00716	0.00636	0.01352	0.01113	0.01749	0.00954	0.01113	0.00795	0.00398	0.00398	0.00080	0.00398	0.00318	0.00318	0.84417
78	0.00734	0.00548	0.00682	0.00649	0.00786	0.00496	0.00487	0.00964	0.01460	0.02010	0.62904	0.04244	0.19753	0.01150	0.00633	0.00171	0.00257	0.01004	0.00572	0.00496
79	0.01316	0.55336	0.27893	0.01121	0.01692	0.01833	0.01272	0.01638	0.01105	0.01408	0.00818	0.00951	0.00686	0.00476	0.00399	0.00133	0.00647	0.00323	0.00229	0.00724
80	0.00653	0.00472	0.00617	0.00733	0.00775	0.00437	0.00492	0.00749	0.01041	0.01376	0.03129	0.75588	0.08638	0.01660	0.00682	0.00215	0.00309	0.01499	0.00498	0.00437
81	0.00650	0.00483	0.00607	0.00706	0.00768	0.00439	0.00480	0.00752	0.01067	0.01386	0.03461	0.65465	0.18545	0.01616	0.00675	0.00211	0.00303	0.01446	0.00498	0.00439
82	0.01435	0.81458	0.02813	0.00918	0.01378	0.02124	0.00918	0.01607	0.01091	0.01263	0.00746	0.00861	0.00689	0.00459	0.00344	0.00115	0.00574	0.00287	0.00230	0.00689
83	0.00693	0.00495	0.00668	0.00793	0.00841	0.00470	0.00567	0.00816	0.01067	0.01414	0.02937	0.66797	0.03464	0.01644	0.00696	0.00223	0.00346	0.15124	0.00498	0.00447
84	0.00634	0.00544	0.00544	0.00544	0.00725	0.00453	0.00408	0.00770	0.01224	0.01450	0.05438	0.05166	0.77569	0.01359	0.00634	0.00181	0.00272	0.01133	0.00498	0.00453
85	0.00767	0.00575	0.00863	0.00863	0.00959	0.00671	0.00671	0.00959	0.00863	0.01246	0.01438	0.02109	0.01342	0.04026	0.79008	0.00863	0.01438	0.00575	0.00288	0.00479
86	0.00753	0.00652	0.00647	0.00641	0.00828	0.03093	0.00497	0.03548	0.01281	0.01531	0.04876	0.04978	0.64795	0.01320	0.00637	0.00186	0.00329	0.08437	0.00492	0.00479
87	0.01077	0.02777	0.78354	0.01530	0.02323	0.01247	0.01983	0.01700	0.01133	0.01700	0.00963	0.01133	0.00680	0.00510	0.00510	0.00170	0.00793	0.00397	0.00227	0.00793
88	0.01284	0.48208	0.34736	0.01177	0.01777	0.01753	0.01368	0.01646	0.01109	0.01448	0.00838	0.00976	0.00685	0.00481	0.00414	0.00138	0.00667	0.00333	0.00228	0.00733
89	0.01435	0.81458	0.02813	0.00918	0.01378	0.02124	0.00918	0.01607	0.01091	0.01263	0.00746	0.00861	0.00689	0.00459	0.00344	0.00115	0.00574	0.00287	0.00230	0.00689
90	0.01898	0.01433	0.01530	0.01206	0.01610	0.01598	0.00986	0.61179	0.17575	0.03153	0.01470	0.01433	0.01060	0.00661	0.00539	0.00165	0.00557	0.00508	0.00539	0.00900

[dist]
# distance from previous block
# <min> <max>
2	9

[block]
# block no. 2 follows, 45 sequences, length 28
# corresponding to MSA columns:
# 454-481
name=unknown_C
#
# <colnr> <probs for GDERKNQSTAVLIFYWHMCP>
#	G	D	E	R	K	N	Q	S	T	A	V	L	I	F	Y	W	H	M	C	P
0	0.07556	0.35478	0.35248	0.01191	0.01783	0.01642	0.01361	0.07177	0.01202	0.01695	0.00881	0.01011	0.00694	0.00498	0.00429	0.00146	0.00658	0.00349	0.00259	0.00743
1	0.01083	0.00632	0.00765	0.00716	0.00862	0.00666	0.00545	0.06784	0.01138	0.07418	0.01636	0.02134	0.01389	0.10462	0.26141	0.00413	0.00705	0.00557	0.35418	0.00536
2	0.01355	0.01129	0.01234	0.01000	0.01389	0.01148	0.00793	0.13177	0.36836	0.02225	0.01581	0.01557	0.01208	0.00589	0.00488	0.00140	0.00439	0.00478	0.00458	0.32774
3	0.02041	0.01504	0.01611	0.01235	0.01665	0.01665	0.01020	0.75997	0.02524	0.03383	0.01289	0.01289	0.00913	0.00644	0.00537	0.00161	0.00591	0.00483	0.00537	0.00913
4	0.00698	0.00534	0.00562	0.00562	0.00665	0.00482	0.00372	0.00775	0.01032	0.01273	0.03817	0.04451	0.44861	0.35866	0.01542	0.00328	0.00379	0.00981	0.00424	0.00398
5	0.01145	0.01089	0.01848	0.47811	0.34701	0.01227	0.01556	0.01487	0.01136	0.01531	0.00977	0.01388	0.00772	0.00512	0.00534	0.00171	0.00683	0.00478	0.00250	0.00703
6	0.01287	0.01468	0.02994	0.02167	0.02659	0.04217	0.67531	0.01703	0.01243	0.01673	0.01048	0.01410	0.00802	0.00493	0.00712	0.00183	0.06821	0.00611	0.00269	0.00710
7	0.00665	0.00475	0.00632	0.00740	0.00781	0.00443	0.00499	0.00774	0.01077	0.01449	0.10443	0.73077	0.03702	0.01623	0.00680	0.00213	0.00306	0.01470	0.00508	0.00443
8	0.01497	0.01187	0.01318	0.00991	0.01437	0.01137	0.00804	0.31087	0.07138	0.02433	0.01176	0.01247	0.00903	0.00519	0.00464	0.00119	0.00476	0.00404	0.00421	0.45240
9	0.01220	0.01264	0.02351	0.01695	0.02199	0.01143	0.45704	0.01675	0.06391	0.01765	0.01117	0.01375	0.00864	0.00453	0.00549	0.00147	0.00703	0.00527	0.00306	0.28551
10	0.01732	0.07599	0.07291	0.01213	0.01620	0.10930	0.01041	0.36544	0.21943	0.02547	0.01407	0.01396	0.01045	0.00632	0.00517	0.00161	0.00606	0.00478	0.00462	0.00835
11	0.01653	0.01082	0.01223	0.01052	0.01388	0.01174	0.00832	0.02782	0.54547	0.24703	0.02165	0.01951	0.01547	0.00709	0.00544	0.00177	0.00434	0.00587	0.00581	0.00869
12	0.01014	0.00954	0.01610	0.79845	0.03697	0.01193	0.01491	0.01371	0.01073	0.01371	0.00954	0.01431	0.00716	0.00537	0.00537	0.00179	0.00716	0.00477	0.00239	0.00596
13	0.01130	0.04797	0.62795	0.01795	0.13552	0.01279	0.03887	0.01690	0.01149	0.01696	0.00967	0.01163	0.00709	0.00502	0.00512	0.00167	0.00767	0.00412	0.00234	0.00797
14	0.01077	0.02777	0.78354	0.01530	0.02323	0.01247	0.01983	0.01700	0.01133	0.01700	0.00963	0.01133	0.00680	0.00510	0.00510	0.00170	0.00793	0.00397	0.00227	0.00793
15	0.00654	0.00467	0.00623	0.00747	0.00779	0.00436	0.00498	0.00747	0.01028	0.01370	0.02959	0.80785	0.03550	0.01682	0.00685	0.00218	0.00311	0.01526	0.00498	0.00436
16	0.05404	0.01440	0.01309	0.06072	0.12783	0.28904	0.00946	0.01571	0.01179	0.04013	0.01154	0.01680	0.01050	0.13069	0.16811	0.00350	0.00890	0.00488	0.00298	0.00590
17	0.01026	0.00855	0.00934	0.00860	0.01088	0.00917	0.00660	0.01898	0.39756	0.02053	0.24164	0.03230	0.18444	0.00964	0.00589	0.00178	0.00344	0.00820	0.00549	0.00670
18	0.00650	0.00547	0.00565	0.00567	0.00743	0.00462	0.00429	0.00796	0.01242	0.01497	0.09644	0.05127	0.70730	0.01348	0.00638	0.00183	0.00278	0.03593	0.00504	0.00458
19	0.02143	0.01115	0.01348	0.01043	0.01442	0.01107	0.00857	0.30888	0.01917	0.43576	0.07403	0.01781	0.01446	0.00689	0.00546	0.00164	0.00493	0.00550	0.00610	0.00883
20	0.01298	0.07358	0.07876	0.01601	0.01906	0.04284	0.25226	0.01571	0.01085	0.06042	0.01033	0.04595	0.00893	0.00715	0.01035	0.00195	0.31789	0.00547	0.00284	0.00669
21	0.00932	0.00466	0.00699	0.00699	0.00699	0.00466	0.00466	0.00699	0.00699	0.00932	0.00932	0.01632	0.00932	0.01865	0.02098	0.84382	0.00466	0.00466	0.00233	0.00233
22	0.00658	0.00469	0.00622	0.00742	0.00772	0.00439	0.00493	0.00749	0.01020	0.01360	0.02917	0.78263	0.03498	0.04275	0.00752	0.00228	0.00318	0.01502	0.00493	0.00432
23	0.01246	0.39860	0.42750	0.01242	0.01878	0.01660	0.01481	0.01656	0.01113	0.01494	0.00861	0.01005	0.00684	0.00486	0.00432	0.00144	0.00690	0.00345	0.00228	0.00744
24	0.01548	0.02111	0.13680	0.01785	0.02254	0.33824	0.33533	0.01894	0.01353	0.01547	0.00960	0.01200	0.00743	0.00503	0.00553	0.00161	0.00915	0.00478	0.00267	0.00692
25	0.01956	0.02476	0.01529	0.01384	0.01645	0.74373	0.01045	0.02093	0.01480	0.01312	0.00822	0.00980	0.00692	0.00576	0.00560	0.00144	0.05686	0.00353	0.00274	0.00620
26	0.00674	0.00482	0.00646	0.00770	0.00810	0.00453	0.00533	0.00782	0.01048	0.01393	0.02947	0.73641	0.03506	0.01663	0.00691	0.00221	0.00329	0.08471	0.00498	0.00442
27	0.01014	0.00954	0.01610	0.79845	0.03697	0.01193	0.01491	0.01371	0.01073	0.01371	0.00954	0.01431	0.00716	0.00537	0.00537	0.00179	0.00716	0.00477	0.00239	0.00596

[dist]
# distance from previous block
# <min> <max>
0	1

[block]
# block no. 3 follows, 45 sequences, length 34
# corresponding to MSA columns:
# 483-493,515-531,540-545
name=unknown_D
#
# <colnr> <probs for GDERKNQSTAVLIFYWHMCP>
#	G	D	E	R	K	N	Q	S	T	A	V	L	I	F	Y	W	H	M	C	P
0	0.01125	0.12016	0.67140	0.01480	0.02227	0.01354	0.04122	0.01690	0.01132	0.01649	0.00941	0.01111	0.00685	0.00502	0.00494	0.00164	0.00771	0.00391	0.00228	0.00779
1	0.00767	0.00575	0.00863	0.00863	0.00959	0.00671	0.00671	0.00959	0.00863	0.01246	0.01438	0.02109	0.01342	0.04026	0.79008	0.00863	0.01438	0.00575	0.00288	0.00479
2	0.01070	0.00839	0.00978	0.00937	0.01149	0.00902	0.00748	0.01873	0.34551	0.03666	0.22363	0.03614	0.05219	0.01028	0.00619	0.00194	0.00392	0.18650	0.00546	0.00661
3	0.01213	0.01356	0.08598	0.01470	0.01781	0.05006	0.21361	0.06678	0.06474	0.01758	0.08772	0.02003	0.07022	0.00777	0.00895	0.00191	0.21016	0.02616	0.00349	0.00665
4	0.00678	0.00608	0.00575	0.00570	0.00755	0.02940	0.00428	0.00814	0.01233	0.01446	0.05292	0.05033	0.75134	0.01334	0.00630	0.00180	0.00294	0.01108	0.00491	0.00459
5	0.00770	0.00564	0.00806	0.00806	0.00882	0.00640	0.00600	0.00922	0.00846	0.01204	0.01490	0.02398	0.01468	0.19908	0.63297	0.00792	0.01249	0.00617	0.00295	0.00448
6	0.23457	0.01095	0.01221	0.00962	0.01360	0.01117	0.00794	0.20952	0.01627	0.39795	0.01557	0.01446	0.01032	0.00617	0.00486	0.00165	0.00480	0.00462	0.00547	0.00828
7	0.01421	0.34864	0.01885	0.01009	0.01381	0.01636	0.00873	0.04003	0.38847	0.04666	0.03192	0.01544	0.01286	0.00619	0.00463	0.00152	0.00489	0.00475	0.00418	0.00779
8	0.01077	0.02777	0.78354	0.01530	0.02323	0.01247	0.01983	0.01700	0.01133	0.01700	0.00963	0.01133	0.00680	0.00510	0.00510	0.00170	0.00793	0.00397	0.00227	0.00793
9	0.01014	0.00954	0.01610	0.79845	0.03697	0.01193	0.01491	0.01371	0.01073	0.01371	0.00954	0.01431	0.00716	0.00537	0.00537	0.00179	0.00716	0.00477	0.00239	0.00596
10	0.42803	0.01275	0.01207	0.00975	0.01357	0.01438	0.00804	0.39399	0.01732	0.02904	0.01023	0.01084	0.00750	0.00573	0.00436	0.00164	0.00504	0.00389	0.00436	0.00750
11	0.01237	0.34153	0.41481	0.01350	0.01987	0.01608	0.08075	0.01665	0.01128	0.01527	0.00887	0.01052	0.00695	0.00485	0.00455	0.00149	0.00715	0.00374	0.00232	0.00745
12	0.00742	0.00548	0.00694	0.00657	0.00791	0.00499	0.00493	0.00979	0.01479	0.02056	0.67556	0.04169	0.15073	0.01134	0.00633	0.00171	0.00256	0.00993	0.00578	0.00499
13	0.00710	0.00547	0.00649	0.00623	0.00772	0.00485	0.00468	0.00917	0.01403	0.01876	0.49093	0.04466	0.33649	0.01201	0.00634	0.00174	0.00261	0.01035	0.00554	0.00485
14	0.00744	0.00529	0.00712	0.00799	0.00857	0.00529	0.00588	0.00875	0.01018	0.01360	0.02512	0.38187	0.02867	0.14902	0.11844	0.00364	0.00548	0.19886	0.00440	0.00439
15	0.01014	0.00954	0.01610	0.79845	0.03697	0.01193	0.01491	0.01371	0.01073	0.01371	0.00954	0.01431	0.00716	0.00537	0.00537	0.00179	0.00716	0.00477	0.00239	0.00596
16	0.02041	0.01504	0.01611	0.01235	0.01665	0.01665	0.01020	0.75997	0.02524	0.03383	0.01289	0.01289	0.00913	0.00644	0.00537	0.00161	0.00591	0.00483	0.00537	0.00913
17	0.00654	0.00467	0.00623	0.00747	0.00779	0.00436	0.00498	0.00747	0.01028	0.01370	0.02959	0.80785	0.03550	0.01682	0.00685	0.00218	0.00311	0.01526	0.00498	0.00436
18	0.01177	0.01315	0.02760	0.02000	0.02477	0.01241	0.63209	0.01576	0.01248	0.01670	0.01675	0.01953	0.11406	0.00592	0.00667	0.00183	0.03170	0.00698	0.00302	0.00683
19	0.01245	0.01350	0.01051	0.01060	0.01204	0.32003	0.00793	0.01382	0.01254	0.01384	0.02024	0.34366	0.02251	0.01176	0.00643	0.00191	0.02778	0.12920	0.00402	0.00524
20	0.00654	0.00467	0.00623	0.00747	0.00779	0.00436	0.00498	0.00747	0.01028	0.01370	0.02959	0.80785	0.03550	0.01682	0.00685	0.00218	0.00311	0.01526	0.00498	0.00436
21	0.01329	0.01275	0.02179	0.03295	0.77787	0.01275	0.01647	0.01647	0.01222	0.01754	0.01010	0.01329	0.00850	0.00478	0.00531	0.00159	0.00638	0.00478	0.00266	0.00850
22	0.01435	0.81458	0.02813	0.00918	0.01378	0.02124	0.00918	0.01607	0.01091	0.01263	0.00746	0.00861	0.00689	0.00459	0.00344	0.00115	0.00574	0.00287	0.00230	0.00689
23	0.01146	0.01133	0.01590	0.01372	0.01378	0.01577	0.01140	0.01269	0.00825	0.01289	0.00755	0.01239	0.00749	0.01153	0.07093	0.00278	0.74720	0.00477	0.00239	0.00580
24	0.01267	0.01448	0.03167	0.02262	0.02805	0.01357	0.75837	0.01719	0.01267	0.01719	0.01086	0.01448	0.00814	0.00452	0.00633	0.00181	0.00905	0.00633	0.00271	0.00724
25	0.01301	0.01247	0.02129	0.10051	0.71248	0.01268	0.01634	0.01623	0.01209	0.01720	0.01005	0.01338	0.00838	0.00483	0.00532	0.00161	0.00645	0.00478	0.00263	0.00828
26	0.02066	0.01463	0.01586	0.01216	0.01644	0.01604	0.01004	0.70932	0.02456	0.08544	0.01346	0.01326	0.00942	0.00646	0.00537	0.00161	0.00581	0.00487	0.00546	0.00913
27	0.32714	0.01621	0.01282	0.01080	0.01431	0.22730	0.00862	0.28163	0.01652	0.02454	0.00962	0.01046	0.00729	0.00565	0.00447	0.00157	0.00629	0.00374	0.00390	0.00710
28	0.02041	0.01504	0.01611	0.01235	0.01665	0.01665	0.01020	0.75997	0.02524	0.03383	0.01289	0.01289	0.00913	0.00644	0.00537	0.00161	0.00591	0.00483	0.00537	0.00913
29	0.00894	0.00466	0.00689	0.00706	0.00710	0.00462	0.00471	0.00706	0.00745	0.00993	0.01212	0.12557	0.01294	0.01840	0.01903	0.72765	0.00445	0.00612	0.00270	0.00261
30	0.77644	0.01027	0.00829	0.00728	0.01067	0.01168	0.00600	0.01670	0.00968	0.09094	0.00868	0.00956	0.00647	0.00513	0.00351	0.00166	0.00419	0.00313	0.00362	0.00611
31	0.01616	0.02025	0.08333	0.01389	0.01623	0.40830	0.01159	0.03746	0.04398	0.01432	0.00867	0.01103	0.00740	0.00689	0.00921	0.00176	0.27626	0.00406	0.00276	0.00642
32	0.01135	0.13496	0.61157	0.01435	0.02112	0.01403	0.01765	0.01651	0.01100	0.01604	0.00911	0.01099	0.00683	0.00541	0.00598	0.00168	0.07767	0.00388	0.00228	0.00761
33	0.01875	0.01171	0.08064	0.00999	0.01467	0.00930	0.00883	0.12307	0.01518	0.39547	0.01573	0.01490	0.01064	0.00573	0.00497	0.00141	0.00488	0.00457	0.00511	0.24445

[dist]
# distance from previous block
# <min> <max>
14	20

[block]
# block no. 4 follows, 45 sequences, length 20
# corresponding to MSA columns:
# 571-590
name=unknown_E
#
# <colnr> <probs for GDERKNQSTAVLIFYWHMCP>
#	G	D	E	R	K	N	Q	S	T	A	V	L	I	F	Y	W	H	M	C	P
0	0.14401	0.01123	0.01141	0.01014	0.01332	0.01278	0.00795	0.02563	0.60409	0.02241	0.01886	0.01773	0.01423	0.00672	0.00504	0.00173	0.00422	0.00540	0.00499	0.05810
1	0.01929	0.01468	0.01700	0.01557	0.13575	0.01604	0.01118	0.64363	0.02320	0.03128	0.01245	0.01295	0.00903	0.00618	0.00536	0.00161	0.00598	0.00483	0.00495	0.00903
