[name]
unknown

[dist]
# distance from previous block
# <min> <max>
0	820

[block]
# block no. 0 follows, 48 sequences, length 40
# corresponding to MSA columns:
# 1014-1053
name=unknown_A
#
# <colnr> <probs for GDERKNQSTAVLIFYWHMCP>
#	G	D	E	R	K	N	Q	S	T	A	V	L	I	F	Y	W	H	M	C	P
0	0.04917	0.00754	0.00948	0.02076	0.01059	0.00738	0.00633	0.01262	0.01012	0.12106	0.04337	0.05938	0.01482	0.16840	0.10020	0.00291	0.08050	0.04502	0.00367	0.22666
1	0.01951	0.01437	0.01540	0.01181	0.01591	0.01591	0.00975	0.77056	0.02412	0.03234	0.01232	0.01232	0.00873	0.00616	0.00513	0.00154	0.00565	0.00462	0.00513	0.00873
2	0.01064	0.00912	0.01064	0.00760	0.01216	0.00684	0.00608	0.01292	0.01064	0.01672	0.00912	0.01064	0.00760	0.00380	0.00380	0.00076	0.00380	0.00304	0.00304	0.85104
3	0.00679	0.00562	0.00584	0.00571	0.00749	0.00491	0.00436	0.04015	0.01239	0.01508	0.09021	0.04750	0.68332	0.01261	0.00606	0.00174	0.00280	0.03804	0.00483	0.00456
4	0.01060	0.00919	0.01127	0.00811	0.01260	0.00701	0.03438	0.01292	0.01068	0.01663	0.00958	0.02833	0.00818	0.00409	0.00394	0.00082	0.00396	0.00340	0.00306	0.80123
5	0.01231	0.14165	0.57036	0.01320	0.01981	0.01320	0.01602	0.07641	0.01206	0.06490	0.00983	0.01098	0.00707	0.00500	0.00468	0.00154	0.00692	0.00379	0.00266	0.00760
6	0.04278	0.04759	0.06864	0.01294	0.01605	0.66805	0.01037	0.04896	0.01436	0.01387	0.00814	0.00942	0.00665	0.00525	0.00458	0.00135	0.00873	0.00336	0.00271	0.00618
7	0.85592	0.00992	0.00754	0.00675	0.00992	0.01151	0.00556	0.01508	0.00873	0.02302	0.00714	0.00834	0.00556	0.00476	0.00318	0.00159	0.00397	0.00278	0.00318	0.00556
8	0.02302	0.00873	0.01191	0.00913	0.01310	0.00754	0.00754	0.02501	0.01469	0.79122	0.02024	0.01746	0.01270	0.00635	0.00516	0.00159	0.00437	0.00516	0.00635	0.00873
9	0.85592	0.00992	0.00754	0.00675	0.00992	0.01151	0.00556	0.01508	0.00873	0.02302	0.00714	0.00834	0.00556	0.00476	0.00318	0.00159	0.00397	0.00278	0.00318	0.00556
10	0.01372	0.82276	0.02689	0.00878	0.01317	0.02030	0.00878	0.01536	0.01043	0.01207	0.00713	0.00823	0.00658	0.00439	0.00329	0.00110	0.00549	0.00274	0.00219	0.00658
11	0.00976	0.00687	0.03847	0.00696	0.00880	0.00611	0.00564	0.05601	0.03193	0.06932	0.46243	0.02945	0.03313	0.00861	0.00530	0.00151	0.00297	0.00739	0.20387	0.00548
12	0.00625	0.00447	0.00595	0.00714	0.00744	0.00417	0.00476	0.00714	0.00982	0.01310	0.02828	0.81633	0.03394	0.01608	0.00655	0.00208	0.00298	0.01459	0.00476	0.00417
13	0.01951	0.01437	0.01540	0.01181	0.01591	0.01591	0.00975	0.77056	0.02412	0.03234	0.01232	0.01232	0.00873	0.00616	0.00513	0.00154	0.00565	0.00462	0.00513	0.00873
14	0.00616	0.00520	0.00533	0.00530	0.00699	0.00437	0.00397	0.00755	0.01192	0.01440	0.11060	0.04850	0.72663	0.01279	0.00606	0.00172	0.00258	0.01071	0.00484	0.00437
15	0.01192	0.04816	0.57562	0.01371	0.02022	0.01193	0.04534	0.01833	0.10193	0.08718	0.01157	0.01245	0.00820	0.00522	0.00494	0.00162	0.00685	0.00421	0.00293	0.00769
16	0.01077	0.02587	0.76362	0.01442	0.02186	0.01175	0.01853	0.01658	0.01098	0.04548	0.00962	0.01108	0.00673	0.00493	0.00489	0.00162	0.00746	0.00384	0.00232	0.00763
17	0.01276	0.01102	0.01160	0.01044	0.01334	0.01276	0.00812	0.02727	0.77840	0.02146	0.02088	0.01914	0.01566	0.00696	0.00522	0.00174	0.00406	0.00580	0.00522	0.00812
18	0.01917	0.02445	0.01454	0.01322	0.01586	0.79907	0.00991	0.02049	0.01454	0.01256	0.00793	0.00925	0.00661	0.00529	0.00463	0.00132	0.00925	0.00330	0.00264	0.00595
19	0.01255	0.01204	0.02056	0.06948	0.75083	0.01215	0.01567	0.01562	0.01161	0.01658	0.00963	0.01275	0.00806	0.00460	0.00508	0.00153	0.00613	0.00457	0.00253	0.00801
20	0.00625	0.00447	0.00595	0.00714	0.00744	0.00417	0.00476	0.00714	0.00982	0.01310	0.02828	0.81633	0.03394	0.01608	0.00655	0.00208	0.00298	0.01459	0.00476	0.00417
21	0.00969	0.00912	0.01539	0.80734	0.03534	0.01140	0.01425	0.01311	0.01026	0.01311	0.00912	0.01368	0.00684	0.00513	0.00513	0.00171	0.00684	0.00456	0.00228	0.00570
22	0.02302	0.00873	0.01191	0.00913	0.01310	0.00754	0.00754	0.02501	0.01469	0.79122	0.02024	0.01746	0.01270	0.00635	0.00516	0.00159	0.00437	0.00516	0.00635	0.00873
23	0.01270	0.01219	0.02083	0.03149	0.78767	0.01219	0.01575	0.01575	0.01168	0.01676	0.00965	0.01270	0.00813	0.00457	0.00508	0.00152	0.00610	0.00457	0.00254	0.00813
24	0.00625	0.00447	0.00595	0.00714	0.00744	0.00417	0.00476	0.00714	0.00982	0.01310	0.02828	0.81633	0.03394	0.01608	0.00655	0.00208	0.00298	0.01459	0.00476	0.00417
25	0.85592	0.00992	0.00754	0.00675	0.00992	0.01151	0.00556	0.01508	0.00873	0.02302	0.00714	0.00834	0.00556	0.00476	0.00318	0.00159	0.00397	0.00278	0.00318	0.00556
26	0.00634	0.00453	0.00605	0.00724	0.00758	0.00424	0.00491	0.00729	0.00991	0.01319	0.02823	0.78399	0.03375	0.01599	0.00657	0.00210	0.00305	0.04607	0.00476	0.00419
27	0.01199	0.01147	0.01955	0.21357	0.61111	0.01201	0.01540	0.01513	0.01135	0.01591	0.00953	0.01293	0.00783	0.00470	0.00509	0.00157	0.00627	0.00457	0.00248	0.00756
28	0.01053	0.00900	0.01052	0.00759	0.01204	0.00677	0.00605	0.01277	0.01062	0.01663	0.00962	0.03154	0.00828	0.00412	0.00387	0.00079	0.00378	0.00334	0.00308	0.82907
29	0.00625	0.00447	0.00595	0.00714	0.00744	0.00417	0.00476	0.00714	0.00982	0.01310	0.02828	0.81633	0.03394	0.01608	0.00655	0.00208	0.00298	0.01459	0.00476	0.00417
30	0.01066	0.09825	0.70391	0.01453	0.04103	0.01268	0.01795	0.01616	0.01082	0.01588	0.00903	0.01065	0.00655	0.00482	0.00474	0.00157	0.00736	0.00372	0.00218	0.00751
31	0.00748	0.00647	0.04585	0.00738	0.00895	0.00538	0.02235	0.00999	0.01375	0.01929	0.61460	0.08538	0.06487	0.01073	0.00609	0.00170	0.00299	0.05653	0.00527	0.00496
32	0.26231	0.32267	0.11550	0.00955	0.01376	0.07100	0.00923	0.07291	0.05185	0.01787	0.00857	0.00955	0.00691	0.00489	0.00379	0.00139	0.00551	0.00323	0.00289	0.00660
33	0.03637	0.01351	0.01386	0.01090	0.01480	0.06050	0.00885	0.47821	0.12410	0.04117	0.01277	0.01282	0.00938	0.00583	0.00487	0.00144	0.00530	0.00443	0.00466	0.13623
34	0.52933	0.01078	0.01017	0.00917	0.04461	0.01207	0.00708	0.16983	0.05397	0.07100	0.03249	0.01134	0.00854	0.00542	0.00397	0.00158	0.00438	0.00373	0.00392	0.00662
35	0.01261	0.03063	0.03550	0.00998	0.05383	0.00941	0.00776	0.12546	0.08976	0.05263	0.06493	0.01400	0.01158	0.00512	0.00444	0.00114	0.00430	0.00416	0.00381	0.45894
36	0.03581	0.01229	0.01476	0.03287	0.14908	0.01318	0.01000	0.40813	0.09914	0.04488	0.07240	0.01509	0.01235	0.00613	0.00509	0.00153	0.00517	0.00498	0.00454	0.05259
37	0.01461	0.01238	0.05727	0.03340	0.32954	0.01172	0.01188	0.14892	0.10475	0.10597	0.01253	0.01360	0.00946	0.00526	0.00495	0.00148	0.00540	0.00457	0.00377	0.10854
38	0.03047	0.00948	0.01225	0.01129	0.09258	0.00913	0.03044	0.13716	0.06596	0.15335	0.19843	0.02005	0.01924	0.02437	0.00556	0.00151	0.00429	0.00568	0.00465	0.16411
39	0.04121	0.13195	0.12802	0.01094	0.03105	0.01278	0.00995	0.18699	0.12388	0.19859	0.02632	0.01389	0.01048	0.00576	0.00474	0.00149	0.00520	0.00446	0.00436	0.04793

[dist]
# distance from previous block
# <min> <max>
2	16

[block]
# block no. 1 follows, 48 sequences, length 62
# corresponding to MSA columns:
# 1070-1131
name=unknown_B
#
# <colnr> <probs for GDERKNQSTAVLIFYWHMCP>
#	G	D	E	R	K	N	Q	S	T	A	V	L	I	F	Y	W	H	M	C	P
0	0.06374	0.06320	0.01738	0.10307	0.42837	0.03408	0.01238	0.02611	0.01192	0.06846	0.07383	0.01448	0.01130	0.00524	0.00487	0.00149	0.00556	0.00466	0.00310	0.04675
1	0.11653	0.21792	0.04025	0.05801	0.08700	0.01413	0.05462	0.17127	0.03524	0.08414	0.01124	0.01221	0.02287	0.00524	0.00443	0.00143	0.00544	0.00409	0.00350	0.05044
2	0.17364	0.02997	0.15046	0.03541	0.10099	0.02979	0.01051	0.15121	0.05595	0.05648	0.02784	0.01218	0.00881	0.00521	0.00449	0.00145	0.00534	0.00401	0.00352	0.13274
3	0.28887	0.11807	0.11272	0.00954	0.01354	0.07216	0.00883	0.05677	0.09353	0.11430	0.01126	0.01220	0.00854	0.00540	0.00418	0.00150	0.00518	0.01751	0.00361	0.04229
4	0.16086	0.09431	0.33145	0.01267	0.01802	0.01280	0.10435	0.04288	0.10548	0.05448	0.01084	0.01189	0.00799	0.00511	0.00463	0.00159	0.00623	0.00413	0.00307	0.00721
5	0.03242	0.01307	0.13046	0.03569	0.29515	0.01060	0.03765	0.03858	0.04433	0.23895	0.01308	0.01389	0.00940	0.00523	0.00499	0.00153	0.00564	0.00459	0.00380	0.06097
6	0.10539	0.33696	0.17140	0.01072	0.01524	0.14606	0.01063	0.07044	0.03588	0.04178	0.00890	0.00986	0.00710	0.00494	0.00406	0.00136	0.00629	0.00335	0.00281	0.00683
7	0.00898	0.00705	0.00793	0.00815	0.00931	0.05736	0.00586	0.04152	0.05687	0.04446	0.02305	0.52560	0.02564	0.01612	0.09803	0.00263	0.00490	0.01101	0.00442	0.04111
8	0.01468	0.05343	0.22797	0.01521	0.11637	0.05730	0.04818	0.31021	0.01631	0.02201	0.01157	0.06212	0.00937	0.00602	0.00508	0.00157	0.00640	0.00492	0.00358	0.00772
9	0.01466	0.01198	0.01618	0.01912	0.32799	0.01257	0.01165	0.33246	0.01694	0.02298	0.01536	0.01983	0.05951	0.00683	0.00539	0.00164	0.00554	0.08760	0.00401	0.00777
10	0.00735	0.00585	0.00802	0.00797	0.00881	0.00652	0.00609	0.00889	0.00963	0.01331	0.09473	0.18486	0.13511	0.02430	0.36112	0.00475	0.09606	0.00836	0.00367	0.00460
11	0.01270	0.01219	0.02083	0.03149	0.78767	0.01219	0.01575	0.01575	0.01168	0.01676	0.00965	0.01270	0.00813	0.00457	0.00508	0.00152	0.00610	0.00457	0.00254	0.00813
12	0.01372	0.82276	0.02689	0.00878	0.01317	0.02030	0.00878	0.01536	0.01043	0.01207	0.00713	0.00823	0.00658	0.00439	0.00329	0.00110	0.00549	0.00274	0.00219	0.00658
13	0.01203	0.43043	0.40442	0.01166	0.01762	0.01617	0.01379	0.01580	0.01063	0.01413	0.00816	0.00951	0.00654	0.00463	0.00407	0.00136	0.00652	0.00326	0.00218	0.00708
14	0.00857	0.00446	0.00659	0.00674	0.00678	0.00442	0.00450	0.00674	0.00708	0.00944	0.01137	0.11722	0.01209	0.01760	0.01834	0.74301	0.00427	0.00574	0.00255	0.00247
15	0.85592	0.00992	0.00754	0.00675	0.00992	0.01151	0.00556	0.01508	0.00873	0.02302	0.00714	0.00834	0.00556	0.00476	0.00318	0.00159	0.00397	0.00278	0.00318	0.00556
16	0.01029	0.02654	0.79309	0.01462	0.02221	0.01192	0.01896	0.01625	0.01083	0.01625	0.00921	0.01083	0.00650	0.00487	0.00487	0.00162	0.00758	0.00379	0.00217	0.00758
17	0.00746	0.00497	0.00560	0.00560	0.00560	0.00497	0.00311	0.00746	0.00746	0.00995	0.01617	0.03358	0.01865	0.81967	0.02612	0.00497	0.00497	0.00746	0.00311	0.00311
18	0.00689	0.00502	0.00702	0.00749	0.00810	0.00529	0.00539	0.00824	0.00923	0.01280	0.06828	0.34994	0.02417	0.08472	0.36667	0.00505	0.00796	0.00962	0.00379	0.00432
19	0.01123	0.01123	0.01572	0.01347	0.01347	0.01572	0.01123	0.01235	0.00786	0.01235	0.00674	0.01123	0.00674	0.00898	0.01684	0.00225	0.81028	0.00449	0.00225	0.00561
20	0.01270	0.01219	0.02083	0.03149	0.78767	0.01219	0.01575	0.01575	0.01168	0.01676	0.00965	0.01270	0.00813	0.00457	0.00508	0.00152	0.00610	0.00457	0.00254	0.00813
21	0.01064	0.00912	0.01064	0.00760	0.01216	0.00684	0.00608	0.01292	0.01064	0.01672	0.00912	0.01064	0.00760	0.00380	0.00380	0.00076	0.00380	0.00304	0.00304	0.85104
22	0.02302	0.00873	0.01191	0.00913	0.01310	0.00754	0.00754	0.02501	0.01469	0.79122	0.02024	0.01746	0.01270	0.00635	0.00516	0.00159	0.00437	0.00516	0.00635	0.00873
23	0.12155	0.27369	0.06881	0.04770	0.15461	0.01516	0.01052	0.09932	0.12944	0.01828	0.01048	0.01157	0.00836	0.00512	0.00428	0.00144	0.00540	0.00390	0.00317	0.00723
24	0.01818	0.03865	0.01689	0.01408	0.01722	0.61249	0.10715	0.08671	0.01500	0.01481	0.00862	0.01009	0.00695	0.00522	0.00483	0.00139	0.00878	0.00376	0.00285	0.00633
25	0.00646	0.00465	0.00579	0.00661	0.00703	0.00434	0.00434	0.00723	0.00960	0.01259	0.02887	0.57290	0.12317	0.16908	0.01022	0.00259	0.00331	0.01277	0.00445	0.00399
26	0.01586	0.01401	0.01753	0.02153	0.39969	0.11369	0.01251	0.20427	0.06452	0.06896	0.01148	0.01288	0.00885	0.00532	0.00505	0.00152	0.00615	0.00454	0.00361	0.00803
27	0.01197	0.03978	0.67903	0.01381	0.02088	0.01152	0.01731	0.01734	0.01131	0.11452	0.01057	0.01162	0.00729	0.00505	0.00488	0.00161	0.00713	0.00394	0.00270	0.00771
28	0.01270	0.01212	0.02025	0.03017	0.73909	0.01223	0.01527	0.01647	0.05978	0.01706	0.01036	0.01310	0.00860	0.00472	0.00509	0.00154	0.00597	0.00465	0.00271	0.00813
29	0.01501	0.01119	0.01494	0.01719	0.26808	0.01177	0.01060	0.12401	0.26425	0.14465	0.01626	0.05310	0.01261	0.00639	0.00521	0.00163	0.00495	0.00554	0.00449	0.00812
30	0.01134	0.01960	0.39062	0.01987	0.14545	0.01235	0.29361	0.01624	0.01144	0.01640	0.00971	0.01223	0.00723	0.00463	0.00534	0.00165	0.00774	0.00475	0.00238	0.00743
31	0.01546	0.01367	0.25799	0.01033	0.01484	0.00845	0.01059	0.01904	0.02806	0.36831	0.17849	0.01981	0.01835	0.00677	0.00526	0.00161	0.00497	0.00561	0.00486	0.00753
32	0.01029	0.02654	0.79309	0.01462	0.02221	0.01192	0.01896	0.01625	0.01083	0.01625	0.00921	0.01083	0.00650	0.00487	0.00487	0.00162	0.00758	0.00379	0.00217	0.00758
33	0.01236	0.01203	0.02013	0.02873	0.66952	0.03128	0.05700	0.01528	0.01164	0.01638	0.01099	0.07065	0.00993	0.00541	0.00523	0.00157	0.00609	0.00535	0.00271	0.00772
34	0.00643	0.00489	0.00598	0.00677	0.00766	0.00443	0.00490	0.00764	0.01069	0.01363	0.03612	0.46637	0.28644	0.01481	0.00645	0.00200	0.00306	0.10269	0.00476	0.00429
35	0.00969	0.00912	0.01539	0.80734	0.03534	0.01140	0.01425	0.01311	0.01026	0.01311	0.00912	0.01368	0.00684	0.00513	0.00513	0.00171	0.00684	0.00456	0.00228	0.00570
36	0.01060	0.09843	0.72391	0.01410	0.02139	0.01267	0.01804	0.01617	0.01080	0.01587	0.00902	0.01060	0.00651	0.00483	0.00473	0.00158	0.00739	0.00370	0.00217	0.00749
37	0.01270	0.01219	0.02083	0.03149	0.78767	0.01219	0.01575	0.01575	0.01168	0.01676	0.00965	0.01270	0.00813	0.00457	0.00508	0.00152	0.00610	0.00457	0.00254	0.00813
38	0.00629	0.00465	0.00581	0.00669	0.00726	0.00425	0.00452	0.00726	0.01018	0.01326	0.04917	0.61593	0.17702	0.05294	0.00736	0.00214	0.00299	0.01342	0.00471	0.00416
39	0.01274	0.01280	0.02138	0.06526	0.60187	0.04831	0.11184	0.01585	0.01171	0.01626	0.00957	0.01270	0.00792	0.00470	0.00546	0.00157	0.02512	0.00470	0.00253	0.00770
40	0.01258	0.01797	0.31649	0.01703	0.02278	0.01206	0.35750	0.04206	0.01214	0.09022	0.01118	0.02715	0.00824	0.00509	0.00573	0.00169	0.02470	0.00518	0.00290	0.00733
41	0.01039	0.00977	0.01621	0.64013	0.14587	0.01180	0.01425	0.02744	0.01062	0.01397	0.00915	0.01339	0.00706	0.00525	0.00567	0.00170	0.04428	0.00456	0.00237	0.00611
42	0.01145	0.01092	0.01857	0.35297	0.47594	0.01186	0.01513	0.01465	0.01109	0.01525	0.00943	0.01311	0.00759	0.00480	0.00510	0.00160	0.00640	0.00457	0.00243	0.00712
43	0.01042	0.05745	0.76335	0.01440	0.02186	0.01224	0.01856	0.01622	0.01082	0.01609	0.00913	0.01073	0.00650	0.00486	0.00481	0.00160	0.00750	0.00375	0.00217	0.00754
44	0.01270	0.01219	0.02083	0.03149	0.78767	0.01219	0.01575	0.01575	0.01168	0.01676	0.00965	0.01270	0.00813	0.00457	0.00508	0.00152	0.00610	0.00457	0.00254	0.00813
45	0.00969	0.00912	0.01539	0.80734	0.03534	0.01140	0.01425	0.01311	0.01026	0.01311	0.00912	0.01368	0.00684	0.00513	0.00513	0.00171	0.00684	0.00456	0.00228	0.00570
46	0.01467	0.00799	0.01112	0.01202	0.15796	0.00757	0.00736	0.03199	0.01138	0.31041	0.01640	0.02298	0.01416	0.33584	0.01364	0.00295	0.00497	0.00597	0.00428	0.00634
47	0.00620	0.00481	0.00565	0.00627	0.00723	0.00426	0.00439	0.00731	0.01078	0.01365	0.06037	0.45876	0.36289	0.01457	0.00632	0.00192	0.00280	0.01279	0.00479	0.00426
48	0.01045	0.06377	0.75726	0.01435	0.02179	0.01231	0.01848	0.01621	0.01081	0.01605	0.00911	0.01071	0.00650	0.00485	0.00480	0.00160	0.00749	0.00374	0.00217	0.00754
49	0.01163	0.07635	0.57722	0.01432	0.02098	0.01235	0.08808	0.01737	0.05392	0.06489	0.01052	0.01182	0.00753	0.00500	0.00492	0.00160	0.00715	0.00413	0.00264	0.00756
50	0.01181	0.01112	0.01873	0.35974	0.37403	0.01213	0.05945	0.06201	0.01188	0.01617	0.00964	0.01316	0.00760	0.00489	0.00516	0.00162	0.00654	0.00466	0.00260	0.00706
51	0.00625	0.00447	0.00595	0.00714	0.00744	0.00417	0.00476	0.00714	0.00982	0.01310	0.02828	0.81633	0.03394	0.01608	0.00655	0.00208	0.00298	0.01459	0.00476	0.00417
52	0.01822	0.00972	0.01477	0.01713	0.29403	0.00902	0.01035	0.02052	0.01329	0.46117	0.01690	0.06584	0.01237	0.00631	0.00522	0.00160	0.00491	0.00554	0.00487	0.00823
53	0.01030	0.00982	0.01635	0.61986	0.08057	0.01186	0.05607	0.01431	0.05851	0.01401	0.00983	0.01383	0.00752	0.00538	0.00583	0.00173	0.05093	0.00472	0.00250	0.00607
54	0.00635	0.00497	0.00566	0.00596	0.00710	0.00438	0.00423	0.00760	0.01126	0.01427	0.13591	0.27638	0.42436	0.05878	0.00733	0.00200	0.00282	0.01157	0.00478	0.00428
55	0.01212	0.01179	0.02077	0.20137	0.49872	0.01222	0.11743	0.03408	0.01174	0.01630	0.00970	0.01306	0.00781	0.00470	0.00522	0.00159	0.00660	0.00477	0.00255	0.00744
56	0.01276	0.01102	0.01160	0.01044	0.01334	0.01276	0.00812	0.02727	0.77840	0.02146	0.02088	0.01914	0.01566	0.00696	0.00522	0.00174	0.00406	0.00580	0.00522	0.00812
57	0.00625	0.00447	0.00595	0.00714	0.00744	0.00417	0.00476	0.00714	0.00982	0.01310	0.02828	0.81633	0.03394	0.01608	0.00655	0.00208	0.00298	0.01459	0.00476	0.00417
58	0.85592	0.00992	0.00754	0.00675	0.00992	0.01151	0.00556	0.01508	0.00873	0.02302	0.00714	0.00834	0.00556	0.00476	0.00318	0.00159	0.00397	0.00278	0.00318	0.00556
59	0.01013	0.02533	0.74898	0.01412	0.02128	0.01153	0.01807	0.01576	0.01064	0.01590	0.00960	0.01211	0.00718	0.05051	0.00606	0.00181	0.00744	0.00400	0.00222	0.00733
60	0.01704	0.12678	0.15748	0.01198	0.01668	0.05965	0.01129	0.48977	0.01933	0.02557	0.01081	0.01132	0.00791	0.00564	0.00481	0.00148	0.00618	0.00414	0.00406	0.00807
61	0.01355	0.66235	0.13704	0.00979	0.01463	0.01884	0.01031	0.05779	0.01125	0.01381	0.00772	0.00884	0.00669	0.00456	0.00362	0.00120	0.00580	0.00300	0.00236	0.00685

[dist]
# distance from previous block
# <min> <max>
0	1

[block]
# block no. 2 follows, 48 sequences, length 25
# corresponding to MSA columns:
# 1133-1157
name=unknown_C
#
# <colnr> <probs for GDERKNQSTAVLIFYWHMCP>
#	G	D	E	R	K	N	Q	S	T	A	V	L	I	F	Y	W	H	M	C	P
0	0.01218	0.13007	0.57066	0.01341	0.02003	0.01365	0.01618	0.13347	0.01285	0.01820	0.00942	0.01072	0.00686	0.00501	0.00471	0.00154	0.00700	0.00378	0.00263	0.00763
1	0.01038	0.13599	0.07125	0.00904	0.01179	0.01048	0.00795	0.01688	0.26356	0.01850	0.25588	0.02765	0.04292	0.00842	0.00537	0.00166	0.00408	0.08725	0.00459	0.00637
2	0.01372	0.82276	0.02689	0.00878	0.01317	0.02030	0.00878	0.01536	0.01043	0.01207	0.00713	0.00823	0.00658	0.00439	0.00329	0.00110	0.00549	0.00274	0.00219	0.00658
3	0.01496	0.58047	0.05944	0.01019	0.01428	0.22005	0.00955	0.01672	0.01150	0.01239	0.00744	0.00861	0.00659	0.00464	0.00371	0.00118	0.00655	0.00294	0.00231	0.00647
4	0.00962	0.00590	0.00758	0.00710	0.00875	0.00530	0.00530	0.01171	0.02718	0.13629	0.35690	0.23901	0.08948	0.01106	0.00590	0.00170	0.00299	0.00974	0.00530	0.05318
5	0.06421	0.01325	0.01572	0.04845	0.21328	0.05470	0.01091	0.38754	0.04108	0.05642	0.01282	0.01367	0.03304	0.00583	0.00502	0.00155	0.00571	0.00469	0.00415	0.00797
6	0.03538	0.01365	0.01824	0.02364	0.48417	0.09106	0.01319	0.18069	0.01476	0.06040	0.01055	0.01242	0.00828	0.00509	0.00501	0.00151	0.00617	0.00444	0.00333	0.00801
7	0.00891	0.00446	0.00668	0.00668	0.00668	0.00446	0.00446	0.00668	0.00668	0.00891	0.00891	0.01560	0.00891	0.01783	0.02005	0.85071	0.00446	0.00446	0.00223	0.00223
8	0.00834	0.00548	0.00720	0.00664	0.00804	0.00503	0.00503	0.01073	0.01454	0.07311	0.73283	0.03691	0.04598	0.01021	0.00599	0.00161	0.00255	0.00900	0.00570	0.00511
9	0.01513	0.32567	0.11818	0.01107	0.01561	0.03426	0.08967	0.08152	0.01288	0.17412	0.01394	0.01422	0.06124	0.00561	0.00454	0.00142	0.00577	0.00444	0.00352	0.00720
10	0.01128	0.01074	0.01826	0.39710	0.43315	0.01182	0.01504	0.01450	0.01101	0.01504	0.00940	0.01316	0.00752	0.00483	0.00510	0.00161	0.00645	0.00457	0.00242	0.00698
11	0.01746	0.01971	0.01383	0.01231	0.01518	0.50059	0.00941	0.10300	0.22371	0.01711	0.01193	0.01228	0.00930	0.00584	0.00484	0.00146	0.00745	0.00413	0.00361	0.00684
12	0.01093	0.01038	0.01762	0.48855	0.34447	0.01173	0.01487	0.01419	0.01084	0.01461	0.00934	0.01328	0.00737	0.00490	0.00511	0.00163	0.00653	0.00456	0.00239	0.00670
13	0.01155	0.25209	0.07887	0.35180	0.18184	0.01424	0.01329	0.01456	0.01064	0.01379	0.00865	0.01165	0.00700	0.00478	0.00456	0.00148	0.00634	0.00397	0.00230	0.00660
14	0.00979	0.00823	0.01221	0.01588	0.29821	0.00801	0.00901	0.01296	0.05631	0.03603	0.33185	0.02879	0.13512	0.00835	0.00562	0.00160	0.00395	0.00746	0.00436	0.00627
15	0.01143	0.17677	0.09736	0.00949	0.01259	0.01047	0.05120	0.01428	0.03245	0.11044	0.28818	0.02364	0.07038	0.00775	0.00597	0.00157	0.05931	0.00635	0.00418	0.00619
16	0.03503	0.20837	0.13917	0.24188	0.08709	0.17834	0.01268	0.01595	0.01136	0.01380	0.00841	0.01080	0.00675	0.00489	0.00449	0.00145	0.00700	0.00370	0.00236	0.00646
17	0.00936	0.01728	0.44306	0.01206	0.01676	0.00901	0.04507	0.01331	0.01072	0.04012	0.01666	0.27723	0.01677	0.00898	0.00558	0.00181	0.00589	0.04069	0.00328	0.00635
18	0.01168	0.01115	0.01899	0.29391	0.53321	0.01192	0.01524	0.01486	0.01120	0.01553	0.00947	0.01303	0.00769	0.00476	0.00510	0.00159	0.00635	0.00457	0.00245	0.00731
19	0.01138	0.01742	0.31647	0.11683	0.36001	0.01204	0.06131	0.01567	0.01121	0.01611	0.00946	0.01217	0.00733	0.00474	0.00506	0.00160	0.00690	0.00436	0.00237	0.00756
20	0.01115	0.05915	0.61851	0.01685	0.14064	0.01222	0.01771	0.01636	0.01105	0.03646	0.00947	0.01118	0.00692	0.00484	0.00484	0.00158	0.00717	0.00390	0.00234	0.00765
21	0.02302	0.00873	0.01191	0.00913	0.01310	0.00754	0.00754	0.02501	0.01469	0.79122	0.02024	0.01746	0.01270	0.00635	0.00516	0.00159	0.00437	0.00516	0.00635	0.00873
22	0.01197	0.06530	0.32423	0.03036	0.16125	0.04631	0.10428	0.01585	0.01143	0.06937	0.01215	0.10203	0.01047	0.00610	0.00516	0.00162	0.00663	0.00544	0.00289	0.00714
23	0.01114	0.01428	0.21495	0.31502	0.13837	0.01123	0.10144	0.01504	0.01105	0.05887	0.01100	0.05504	0.00880	0.00553	0.00524	0.00168	0.00679	0.00510	0.00269	0.00677
24	0.01054	0.00999	0.01693	0.58816	0.24787	0.01162	0.01467	0.01385	0.01066	0.01414	0.00927	0.01340	0.00720	0.00497	0.00512	0.00166	0.00663	0.00456	0.00235	0.00639

[dist]
# distance from previous block
# <min> <max>
0	23

[block]
# block no. 3 follows, 48 sequences, length 16
# corresponding to MSA columns:
# 1181-1196
name=unknown_D
#
# <colnr> <probs for GDERKNQSTAVLIFYWHMCP>
#	G	D	E	R	K	N	Q	S	T	A	V	L	I	F	Y	W	H	M	C	P
0	0.02302	0.00873	0.01191	0.00913	0.01310	0.00754	0.00754	0.02501	0.01469	0.79122	0.02024	0.01746	0.01270	0.00635	0.00516	0.00159	0.00437	0.00516	0.00635	0.00873
1	0.01213	0.01161	0.01981	0.17722	0.64635	0.01204	0.01547	0.01525	0.01142	0.01608	0.00955	0.01288	0.00789	0.00468	0.00509	0.00156	0.00624	0.00457	0.00249	0.00767
2	0.01033	0.01111	0.18368	0.01101	0.01401	0.00761	0.08180	0.01293	0.01108	0.09825	0.01943	0.18557	0.01957	0.01105	0.00736	0.07852	0.00532	0.22182	0.00391	0.00566
3	0.00703	0.00569	0.00839	0.00853	0.00927	0.00565	0.06148	0.00822	0.00998	0.01334	0.02703	0.64781	0.08091	0.01449	0.00721	0.00205	0.06103	0.01298	0.00442	0.00448
4	0.01162	0.30380	0.46832	0.01311	0.01939	0.01493	0.07149	0.01595	0.01079	0.01480	0.00857	0.01015	0.00663	0.00466	0.00441	0.00145	0.00693	0.00359	0.00221	0.00718
5	0.01161	0.02263	0.57967	0.01564	0.02247	0.01181	0.17089	0.01694	0.01138	0.07386	0.01027	0.01194	0.00722	0.00487	0.00514	0.00164	0.00756	0.00435	0.00256	0.00753
6	0.00753	0.00538	0.00742	0.00860	0.00946	0.00527	0.00698	0.00935	0.01108	0.01452	0.02758	0.33695	0.03115	0.01487	0.00689	0.00226	0.00408	0.48138	0.00474	0.00452
7	0.01341	0.75094	0.09600	0.00931	0.01398	0.01955	0.00970	0.01544	0.01046	0.01245	0.00732	0.00847	0.00658	0.00443	0.00344	0.00115	0.00568	0.00284	0.00219	0.00667
8	0.01193	0.02280	0.60221	0.01530	0.04387	0.01157	0.10081	0.01720	0.01141	0.09959	0.01054	0.01193	0.00736	0.00496	0.00504	0.00163	0.00731	0.00421	0.00267	0.00765
9	0.01402	0.07730	0.38239	0.01407	0.01984	0.07074	0.13797	0.01854	0.03422	0.16481	0.01161	0.01254	0.00818	0.00512	0.00500	0.00158	0.00701	0.00437	0.00317	0.00752
10	0.00709	0.00498	0.00606	0.00658	0.00700	0.00481	0.00443	0.00782	0.00918	0.01203	0.02463	0.27355	0.09400	0.38875	0.01567	0.00344	0.00412	0.11811	0.00399	0.00377
11	0.46383	0.12885	0.06808	0.00755	0.01075	0.01120	0.00684	0.01390	0.01054	0.02033	0.19668	0.01581	0.01621	0.00611	0.00402	0.00153	0.00408	0.00443	0.00356	0.00568
12	0.01092	0.01051	0.06775	0.08097	0.01359	0.06773	0.00811	0.14098	0.07170	0.02002	0.30554	0.08244	0.08119	0.00879	0.00559	0.00164	0.00443	0.00745	0.00462	0.00602
13	0.25043	0.08088	0.02933	0.00930	0.01272	0.13621	0.00773	0.09364	0.05578	0.17320	0.06942	0.01365	0.01139	0.00579	0.00439	0.00149	0.00514	0.00420	0.00411	0.03122
14	0.10488	0.28562	0.13474	0.00936	0.01351	0.01358	0.00915	0.08338	0.06928	0.03067	0.04220	0.04423	0.06572	0.00612	0.00432	0.00140	0.00499	0.00463	0.00333	0.06888
15	0.02782	0.06776	0.01123	0.00920	0.01096	0.00830	0.06092	0.01164	0.06819	0.01541	0.10717	0.28813	0.06158	0.01092	0.00680	0.00182	0.07665	0.08367	0.00416	0.06769

[dist]
# distance from previous block
# <min> <max>
3	17

[block]
# block no. 4 follows, 48 sequences, length 42
# corresponding to MSA columns:
# 1214-1255
name=unknown_E
#
# <colnr> <probs for GDERKNQSTAVLIFYWHMCP>
#	G	D	E	R	K	N	Q	S	T	A	V	L	I	F	Y	W	H	M	C	P
0	0.05237	0.01034	0.03848	0.02860	0.04477	0.00980	0.00844	0.17804	0.06159	0.36112	0.05791	0.01984	0.05291	0.02232	0.00561	0.00168	0.00467	0.02843	0.00528	0.00778
1	0.06256	0.01069	0.01573	0.52226	0.15913	0.05471	0.01340	0.02778	0.01090	0.03196	0.00924	0.01292	0.00713	0.00521	0.00541	0.00166	0.03615	0.00440	0.00254	0.00624
2	0.04649	0.05221	0.04008	0.23123	0.23494	0.01262	0.27745	0.01525	0.01125	0.01570	0.00953	0.01291	0.00745	0.00464	0.00526	0.00163	0.00710	0.00490	0.00249	0.00687
3	0.10476	0.04424	0.04840	0.20288	0.29189	0.02769	0.07092	0.04552	0.01138	0.01661	0.01088	0.08195	0.00963	0.00579	0.00500	0.00162	0.00604	0.00523	0.00283	0.00674
4	0.08001	0.00987	0.01199	0.00945	0.01308	0.00970	0.00774	0.21084	0.01624	0.46610	0.04084	0.04328	0.01301	0.00783	0.03430	0.00184	0.00490	0.00531	0.00561	0.00808
5	0.00733	0.00550	0.00825	0.00825	0.00916	0.00641	0.00641	0.00916	0.00825	0.01191	0.01374	0.02016	0.01283	0.03848	0.79934	0.00825	0.01374	0.00550	0.00275	0.00458
6	0.25681	0.06054	0.01374	0.20805	0.09301	0.13158	0.00998	0.04253	0.09388	0.03035	0.00986	0.01165	0.00765	0.00520	0.00439	0.00156	0.00584	0.00389	0.00309	0.00640
7	0.01337	0.57949	0.16570	0.01013	0.01496	0.01787	0.01071	0.07819	0.01169	0.01464	0.00868	0.01087	0.00759	0.00499	0.00388	0.00128	0.00586	0.03069	0.00253	0.00688
8	0.02755	0.01212	0.01697	0.38466	0.27989	0.08722	0.01375	0.08732	0.01244	0.01628	0.00945	0.01271	0.00740	0.00505	0.00503	0.00159	0.00666	0.00442	0.00269	0.00681
9	0.01460	0.36306	0.02019	0.01136	0.01404	0.22931	0.00979	0.03067	0.01108	0.01268	0.00734	0.00943	0.00668	0.00596	0.00750	0.00149	0.23284	0.00342	0.00239	0.00618
10	0.00625	0.00447	0.00595	0.00714	0.00744	0.00417	0.00476	0.00714	0.00982	0.01310	0.02828	0.81633	0.03394	0.01608	0.00655	0.00208	0.00298	0.01459	0.00476	0.00417
11	0.01209	0.01435	0.13785	0.07465	0.54075	0.01219	0.10154	0.01574	0.01152	0.01643	0.00964	0.01261	0.00777	0.00462	0.00516	0.00157	0.00665	0.00462	0.00247	0.00776
12	0.85592	0.00992	0.00754	0.00675	0.00992	0.01151	0.00556	0.01508	0.00873	0.02302	0.00714	0.00834	0.00556	0.00476	0.00318	0.00159	0.00397	0.00278	0.00318	0.00556
13	0.00625	0.00447	0.00595	0.00714	0.00744	0.00417	0.00476	0.00714	0.00982	0.01310	0.02828	0.81633	0.03394	0.01608	0.00655	0.00208	0.00298	0.01459	0.00476	0.00417
14	0.01055	0.00999	0.01694	0.58677	0.24922	0.01162	0.01468	0.01386	0.01066	0.01415	0.00927	0.01340	0.00721	0.00497	0.00512	0.00166	0.00663	0.00456	0.00235	0.00639
15	0.00719	0.00524	0.00676	0.00638	0.00762	0.00481	0.00478	0.00954	0.01435	0.02017	0.74085	0.03899	0.09278	0.01064	0.00605	0.00162	0.00243	0.00937	0.00560	0.00481
16	0.06960	0.28518	0.42710	0.01211	0.01810	0.01445	0.03658	0.01632	0.01079	0.05362	0.00897	0.01023	0.00681	0.00476	0.00429	0.00145	0.00652	0.00351	0.00246	0.00715
17	0.01123	0.01123	0.01572	0.01347	0.01347	0.01572	0.01123	0.01235	0.00786	0.01235	0.00674	0.01123	0.00674	0.00898	0.01684	0.00225	0.81028	0.00449	0.00225	0.00561
18	0.01372	0.82276	0.02689	0.00878	0.01317	0.02030	0.00878	0.01536	0.01043	0.01207	0.00713	0.00823	0.00658	0.00439	0.00329	0.00110	0.00549	0.00274	0.00219	0.00658
19	0.00803	0.00559	0.00732	0.00752	0.00887	0.00525	0.00609	0.01022	0.01300	0.04585	0.35317	0.06800	0.13976	0.01221	0.00642	0.00192	0.00339	0.28735	0.00518	0.00485
20	0.01318	0.39018	0.31020	0.01142	0.01676	0.07934	0.01259	0.01707	0.05005	0.04280	0.00915	0.01018	0.00724	0.00485	0.00416	0.00136	0.00646	0.00342	0.00253	0.00706
21	0.01704	0.32623	0.11761	0.01029	0.01491	0.01488	0.00996	0.18582	0.01465	0.22373	0.01203	0.01192	0.00867	0.00536	0.00440	0.00139	0.00549	0.00393	0.00395	0.00776
22	0.00746	0.00497	0.00560	0.00560	0.00560	0.00497	0.00311	0.00746	0.00746	0.00995	0.01617	0.03358	0.01865	0.81967	0.02612	0.00497	0.00497	0.00746	0.00311	0.00311
23	0.26394	0.01133	0.01178	0.01175	0.09523	0.03577	0.00839	0.10163	0.31247	0.04816	0.01449	0.01547	0.01121	0.00614	0.00463	0.00165	0.00461	0.02982	0.00426	0.00727
24	0.01121	0.02693	0.78251	0.01516	0.02272	0.01238	0.01917	0.01684	0.01141	0.01708	0.01012	0.01209	0.00738	0.00548	0.00527	0.00179	0.00785	0.00409	0.00249	0.00803
25	0.75678	0.03909	0.07355	0.00747	0.01106	0.01184	0.00678	0.01519	0.00896	0.02208	0.00732	0.00854	0.00567	0.00476	0.00332	0.00157	0.00432	0.00286	0.00306	0.00576
26	0.01055	0.01000	0.01695	0.58446	0.25147	0.01163	0.01468	0.01387	0.01067	0.01416	0.00927	0.01340	0.00721	0.00497	0.00512	0.00166	0.00663	0.00456	0.00235	0.00640
27	0.01366	0.01274	0.01978	0.01519	0.01915	0.01347	0.31041	0.15378	0.32328	0.02118	0.01488	0.01565	0.01111	0.00582	0.00581	0.00171	0.02494	0.00566	0.00409	0.00769
28	0.00706	0.00524	0.00658	0.00625	0.00754	0.00476	0.00468	0.00930	0.01405	0.01946	0.66294	0.04017	0.17113	0.01091	0.00605	0.00163	0.00245	0.00954	0.00550	0.00476
29	0.00606	0.00520	0.00520	0.00520	0.00693	0.00433	0.00390	0.00736	0.01170	0.01386	0.05198	0.04938	0.78558	0.01299	0.00606	0.00173	0.00260	0.01083	0.00476	0.00433
30	0.00625	0.00447	0.00595	0.00714	0.00744	0.00417	0.00476	0.00714	0.00982	0.01310	0.02828	0.81633	0.03394	0.01608	0.00655	0.00208	0.00298	0.01459	0.00476	0.00417
31	0.01252	0.01081	0.01137	0.01025	0.01311	0.01245	0.00797	0.02653	0.75014	0.02118	0.02203	0.02026	0.04404	0.00718	0.00525	0.00174	0.00401	0.00599	0.00520	0.00798
32	0.00625	0.00447	0.00595	0.00714	0.00744	0.00417	0.00476	0.00714	0.00982	0.01310	0.02828	0.81633	0.03394	0.01608	0.00655	0.00208	0.00298	0.01459	0.00476	0.00417
33	0.01258	0.01290	0.05896	0.03066	0.74987	0.01218	0.01591	0.01577	0.01164	0.01674	0.00963	0.01261	0.00805	0.00459	0.00507	0.00153	0.00617	0.00453	0.00252	0.00810
34	0.01372	0.82276	0.02689	0.00878	0.01317	0.02030	0.00878	0.01536	0.01043	0.01207	0.00713	0.00823	0.00658	0.00439	0.00329	0.00110	0.00549	0.00274	0.00219	0.00658
35	0.01674	0.01143	0.02093	0.01742	0.11957	0.01061	0.33478	0.02019	0.03320	0.33863	0.01466	0.01534	0.01008	0.00527	0.00553	0.00164	0.00642	0.00548	0.00422	0.00786
36	0.01409	0.64122	0.09994	0.00993	0.01440	0.12090	0.00992	0.01612	0.01100	0.01254	0.00744	0.00862	0.00658	0.00455	0.00362	0.00118	0.00618	0.00292	0.00225	0.00660
37	0.00726	0.00524	0.00686	0.00646	0.00767	0.00484	0.00484	0.00968	0.01452	0.02058	0.78496	0.03833	0.04841	0.01049	0.00605	0.00161	0.00242	0.00928	0.00565	0.00484
38	0.00625	0.00447	0.00595	0.00714	0.00744	0.00417	0.00476	0.00714	0.00982	0.01310	0.02828	0.81633	0.03394	0.01608	0.00655	0.00208	0.00298	0.01459	0.00476	0.00417
39	0.07276	0.50685	0.02154	0.01009	0.01383	0.27396	0.00893	0.01702	0.01165	0.01298	0.00739	0.00857	0.00652	0.00471	0.00372	0.00120	0.00661	0.00293	0.00241	0.00631
40	0.01062	0.10184	0.72063	0.01407	0.02135	0.01271	0.01800	0.01617	0.01079	0.01585	0.00901	0.01059	0.00651	0.00483	0.00473	0.00158	0.00738	0.00369	0.00217	0.00749
41	0.03043	0.14676	0.47501	0.01603	0.14769	0.01312	0.01579	0.01666	0.03396	0.04482	0.00967	0.01118	0.00727	0.00486	0.00465	0.00153	0.00670	0.00385	0.00250	0.00753

[dist]
# distance from previous block
# <min> <max>
0	1

[block]
# block no. 5 follows, 48 sequences, length 36
# corresponding to MSA columns:
# 1257-1292
name=unknown_F
#
# <colnr> <probs for GDERKNQSTAVLIFYWHMCP>
#	G	D	E	R	K	N	Q	S	T	A	V	L	I	F	Y	W	H	M	C	P
0	0.68854	0.08615	0.04716	0.00745	0.01100	0.01211	0.00661	0.01575	0.00934	0.06660	0.00801	0.00898	0.00612	0.00483	0.00338	0.00154	0.00431	0.00296	0.00322	0.00593
1	0.01372	0.82276	0.02689	0.00878	0.01317	0.02030	0.00878	0.01536	0.01043	0.01207	0.00713	0.00823	0.00658	0.00439	0.00329	0.00110	0.00549	0.00274	0.00219	0.00658
2	0.01408	0.01073	0.01164	0.01027	0.01331	0.01209	0.00805	0.02697	0.68002	0.12062	0.02080	0.01893	0.01528	0.00688	0.00521	0.00172	0.00410	0.00572	0.00537	0.00820
3	0.00625	0.00447	0.00595	0.00714	0.00744	0.00417	0.00476	0.00714	0.00982	0.01310	0.02828	0.81633	0.03394	0.01608	0.00655	0.00208	0.00298	0.01459	0.00476	0.00417
4	0.00702	0.00526	0.00652	0.00627	0.00760	0.00476	0.00474	0.00917	0.01377	0.01882	0.58709	0.04160	0.22002	0.01120	0.00609	0.00167	0.00254	0.03573	0.00541	0.00472
5	0.01917	0.02445	0.01454	0.01322	0.01586	0.79907	0.00991	0.02049	0.01454	0.01256	0.00793	0.00925	0.00661	0.00529	0.00463	0.00132	0.00925	0.00330	0.00264	0.00595
6	0.00726	0.00524	0.00686	0.00646	0.00767	0.00484	0.00484	0.00968	0.01452	0.02058	0.78496	0.03833	0.04841	0.01049	0.00605	0.00161	0.00242	0.00928	0.00565	0.00484
7	0.01917	0.02445	0.01454	0.01322	0.01586	0.79907	0.00991	0.02049	0.01454	0.01256	0.00793	0.00925	0.00661	0.00529	0.00463	0.00132	0.00925	0.00330	0.00264	0.00595
8	0.00797	0.00569	0.00792	0.00911	0.01015	0.00565	0.00774	0.01011	0.01151	0.01502	0.02733	0.17117	0.03019	0.01446	0.00701	0.00232	0.00446	0.64281	0.00473	0.00464
9	0.00697	0.00531	0.00685	0.00769	0.03519	0.00490	0.00546	0.00862	0.01178	0.01558	0.22117	0.30607	0.21416	0.01329	0.00633	0.00190	0.00310	0.11613	0.00490	0.00459
10	0.01354	0.78044	0.06761	0.00909	0.01365	0.01986	0.00932	0.01541	0.01045	0.01229	0.00724	0.00837	0.00658	0.00442	0.00338	0.00113	0.00560	0.00280	0.00219	0.00664
11	0.01322	0.56301	0.18879	0.01036	0.01525	0.05946	0.01097	0.01652	0.05564	0.01354	0.00842	0.00948	0.00710	0.00469	0.00381	0.00126	0.00605	0.00318	0.00239	0.00685
12	0.01085	0.02576	0.75867	0.01438	0.02181	0.01172	0.01845	0.01664	0.01100	0.05039	0.00969	0.01113	0.00677	0.00494	0.00489	0.00162	0.00744	0.00385	0.00235	0.00763
13	0.00969	0.00912	0.01539	0.80734	0.03534	0.01140	0.01425	0.01311	0.01026	0.01311	0.00912	0.01368	0.00684	0.00513	0.00513	0.00171	0.00684	0.00456	0.00228	0.00570
14	0.00754	0.00580	0.00864	0.00852	0.00939	0.00691	0.00667	0.00933	0.00823	0.01193	0.01337	0.01968	0.01250	0.03691	0.75775	0.00793	0.05608	0.00544	0.00272	0.00464
15	0.01182	0.01146	0.02003	0.24666	0.52106	0.01203	0.07201	0.01507	0.01132	0.01572	0.00956	0.01306	0.00774	0.00471	0.00517	0.00159	0.00650	0.00468	0.00247	0.00736
16	0.01201	0.01161	0.02014	0.20038	0.58299	0.01206	0.05543	0.01521	0.01140	0.01595	0.00957	0.01297	0.00783	0.00468	0.00514	0.00158	0.00639	0.00465	0.00249	0.00753
17	0.01918	0.02415	0.01457	0.01318	0.01586	0.77507	0.00991	0.04348	0.01483	0.01316	0.00807	0.00935	0.00667	0.00531	0.00464	0.00133	0.00914	0.00335	0.00272	0.00603
18	0.00722	0.00524	0.00680	0.00641	0.00764	0.00482	0.00481	0.00959	0.01442	0.02032	0.75716	0.03875	0.07637	0.01058	0.00605	0.00162	0.00243	0.00934	0.00561	0.00482
19	0.01350	0.04941	0.41644	0.01339	0.03576	0.01126	0.07095	0.06880	0.02634	0.16607	0.06792	0.01451	0.01117	0.00562	0.00507	0.00160	0.00637	0.00469	0.00352	0.00762
20	0.01778	0.02162	0.01355	0.01230	0.01482	0.67335	0.00925	0.01955	0.03209	0.03231	0.09530	0.01292	0.01163	0.00593	0.00481	0.00137	0.00825	0.00407	0.00313	0.00594
21	0.01170	0.01117	0.01902	0.28863	0.53832	0.01193	0.01525	0.01487	0.01121	0.01555	0.00948	0.01302	0.00770	0.00476	0.00510	0.00159	0.00634	0.00457	0.00245	0.00732
22	0.01270	0.01219	0.02083	0.03149	0.78767	0.01219	0.01575	0.01575	0.01168	0.01676	0.00965	0.01270	0.00813	0.00457	0.00508	0.00152	0.00610	0.00457	0.00254	0.00813
23	0.01327	0.01102	0.02025	0.01679	0.08890	0.03232	0.36893	0.01622	0.01217	0.16767	0.01594	0.18301	0.01424	0.00724	0.00585	0.00175	0.00640	0.00746	0.00378	0.00678
24	0.01917	0.02445	0.01454	0.01322	0.01586	0.79907	0.00991	0.02049	0.01454	0.01256	0.00793	0.00925	0.00661	0.00529	0.00463	0.00132	0.00925	0.00330	0.00264	0.00595
25	0.01064	0.00912	0.01064	0.00760	0.01216	0.00684	0.00608	0.01292	0.01064	0.01672	0.00912	0.01064	0.00760	0.00380	0.00380	0.00076	0.00380	0.00304	0.00304	0.85104
26	0.00897	0.00865	0.01254	0.01122	0.01292	0.08305	0.18223	0.01079	0.01092	0.01395	0.02211	0.50845	0.02499	0.01221	0.00628	0.00194	0.00500	0.05471	0.00405	0.00501
27	0.01683	0.01496	0.01528	0.01253	0.01505	0.15011	0.01021	0.37931	0.01699	0.03834	0.00991	0.01154	0.00780	0.00693	0.00886	0.00173	0.26822	0.00436	0.00379	0.00724
28	0.00733	0.00550	0.00825	0.00825	0.00916	0.00641	0.00641	0.00916	0.00825	0.01191	0.01374	0.02016	0.01283	0.03848	0.79934	0.00825	0.01374	0.00550	0.00275	0.00458
29	0.85592	0.00992	0.00754	0.00675	0.00992	0.01151	0.00556	0.01508	0.00873	0.02302	0.00714	0.00834	0.00556	0.00476	0.00318	0.00159	0.00397	0.00278	0.00318	0.00556
30	0.00733	0.00550	0.00825	0.00825	0.00916	0.00641	0.00641	0.00916	0.00825	0.01191	0.01374	0.02016	0.01283	0.03848	0.79934	0.00825	0.01374	0.00550	0.00275	0.00458
31	0.01672	0.38338	0.02009	0.01122	0.01465	0.44894	0.00940	0.01818	0.01269	0.01234	0.00757	0.00879	0.00660	0.00488	0.00403	0.00122	0.00756	0.00305	0.00244	0.00623
32	0.00740	0.00522	0.00674	0.00636	0.00757	0.00484	0.00477	0.00982	0.01430	0.02049	0.74003	0.03721	0.04635	0.01023	0.00591	0.00159	0.00242	0.00902	0.05492	0.00484
33	0.00734	0.00547	0.00813	0.00813	0.00901	0.00635	0.00627	0.00909	0.00821	0.01182	0.01385	0.02075	0.01308	0.07290	0.76527	0.00810	0.01336	0.00558	0.00276	0.00452
34	0.01164	0.10731	0.47760	0.01162	0.01725	0.01134	0.01379	0.04668	0.01154	0.06234	0.01123	0.01263	0.00827	0.00518	0.00448	0.00148	0.00607	0.00399	0.16853	0.00704
35	0.01092	0.07013	0.56736	0.01594	0.02277	0.01266	0.19622	0.01624	0.01111	0.01605	0.00936	0.01139	0.00681	0.00472	0.00506	0.00162	0.00771	0.00427	0.00227	0.00737

[dist]
# distance from previous block
# <min> <max>
0	1

[block]
# block no. 6 follows, 48 sequences, length 24
# corresponding to MSA columns:
# 1294-1317
name=unknown_G
#
# <colnr> <probs for GDERKNQSTAVLIFYWHMCP>
#	G	D	E	R	K	N	Q	S	T	A	V	L	I	F	Y	W	H	M	C	P
0	0.03516	0.13856	0.18906	0.01700	0.02227	0.01337	0.42516	0.01582	0.01147	0.01585	0.01063	0.01502	0.00866	0.00509	0.00537	0.00165	0.00756	0.05286	0.00260	0.00683
1	0.00723	0.00533	0.00756	0.00748	0.00847	0.00566	0.00569	0.00924	0.01080	0.01537	0.31614	0.07828	0.02809	0.02610	0.43844	0.00526	0.00863	0.00756	0.00401	0.00466
2	0.01372	0.82276	0.02689	0.00878	0.01317	0.02030	0.00878	0.01536	0.01043	0.01207	0.00713	0.00823	0.00658	0.00439	0.00329	0.00110	0.00549	0.00274	0.00219	0.00658
3	0.01038	0.02601	0.76469	0.01524	0.05035	0.01193	0.01884	0.01623	0.01086	0.01627	0.00922	0.01090	0.00656	0.00486	0.00488	0.00162	0.00753	0.00382	0.00218	0.00760
4	0.00687	0.00472	0.00577	0.00636	0.00651	0.00458	0.00392	0.00731	0.00863	0.01150	0.02214	0.41931	0.02619	0.42366	0.01647	0.00355	0.00399	0.01097	0.00392	0.00363
5	0.85592	0.00992	0.00754	0.00675	0.00992	0.01151	0.00556	0.01508	0.00873	0.02302	0.00714	0.00834	0.00556	0.00476	0.00318	0.00159	0.00397	0.00278	0.00318	0.00556
6	0.01475	0.06834	0.01422	0.01218	0.01460	0.43952	0.05786	0.01659	0.01318	0.01363	0.01436	0.04521	0.01430	0.00813	0.00543	0.00167	0.00745	0.22966	0.00329	0.00564
7	0.00990	0.00835	0.00980	0.00735	0.01122	0.00649	0.00579	0.01203	0.01071	0.01631	0.05600	0.01586	0.05989	0.03313	0.04200	0.00136	0.00415	0.00415	0.00329	0.68224
8	0.00824	0.00749	0.01032	0.01381	0.26256	0.00691	0.00778	0.01011	0.01169	0.01481	0.03812	0.03737	0.53103	0.01024	0.00574	0.00166	0.00374	0.00878	0.00404	0.00557
9	0.03948	0.03704	0.43960	0.01627	0.02253	0.03234	0.25655	0.06470	0.01211	0.01739	0.00964	0.01171	0.00703	0.00478	0.00517	0.00163	0.00768	0.00450	0.00254	0.00732
10	0.00988	0.00931	0.01574	0.75809	0.08310	0.01145	0.01434	0.01328	0.01035	0.01334	0.00915	0.01362	0.00692	0.00509	0.00513	0.00170	0.00679	0.00456	0.00230	0.00585
11	0.13716	0.16829	0.17326	0.01071	0.01543	0.03062	0.01049	0.26862	0.01514	0.05655	0.01002	0.01073	0.00748	0.00520	0.00436	0.00143	0.00566	0.00373	0.00356	0.06155
12	0.00661	0.00522	0.00596	0.00577	0.00727	0.00456	0.00433	0.00842	0.01299	0.01692	0.38627	0.04434	0.44938	0.01185	0.00606	0.00168	0.00252	0.01012	0.00517	0.00456
