[name]
unknown

[dist]
# distance from previous block
# <min> <max>
0	29

[block]
# block no. 0 follows, 40 sequences, length 180
# corresponding to MSA columns:
# 31-175,201-235
name=unknown_A
#
# <colnr> <probs for GDERKNQSTAVLIFYWHMCP>
#	G	D	E	R	K	N	Q	S	T	A	V	L	I	F	Y	W	H	M	C	P
0	0.00841	0.00605	0.00832	0.00838	0.00907	0.00669	0.00608	0.00980	0.00922	0.01291	0.01718	0.02992	0.01763	0.29984	0.48475	0.00778	0.01173	0.03827	0.00335	0.00463
1	0.00740	0.00529	0.00700	0.00800	0.00854	0.00495	0.00550	0.00874	0.01204	0.01627	0.15509	0.61649	0.04057	0.04003	0.00800	0.00238	0.00340	0.03995	0.00551	0.00484
2	0.01250	0.10498	0.66056	0.01578	0.02385	0.01464	0.01990	0.04993	0.01289	0.01875	0.01036	0.01206	0.00749	0.00553	0.00536	0.00178	0.00826	0.00422	0.00261	0.00854
3	0.01621	0.01285	0.01507	0.01350	0.04763	0.01424	0.04179	0.14950	0.47404	0.07378	0.02130	0.02211	0.01631	0.00790	0.00605	0.00195	0.00530	0.04569	0.00569	0.00909
4	0.01257	0.11864	0.64751	0.01567	0.02367	0.01481	0.01969	0.04991	0.01288	0.01867	0.01032	0.01201	0.00749	0.00552	0.00533	0.00177	0.00822	0.00420	0.00261	0.00852
5	0.10736	0.04243	0.62951	0.01492	0.02254	0.01329	0.01873	0.01803	0.01199	0.01935	0.01049	0.01230	0.00757	0.00555	0.00520	0.00180	0.00781	0.00419	0.03875	0.00817
6	0.02206	0.01777	0.01733	0.01359	0.01803	0.11601	0.01108	0.64686	0.02593	0.03374	0.01332	0.01351	0.00958	0.00685	0.00574	0.00171	0.00693	0.00504	0.00545	0.00948
7	0.00875	0.00748	0.00819	0.00860	0.02666	0.03939	0.00659	0.01065	0.01327	0.01649	0.05808	0.10391	0.40005	0.01397	0.00695	0.00208	0.00412	0.19891	0.00512	0.06076
8	0.01297	0.01517	0.14821	0.01924	0.07762	0.01176	0.34478	0.01705	0.01326	0.07678	0.03825	0.16518	0.01610	0.00797	0.00658	0.00198	0.00756	0.00819	0.00376	0.00756
9	0.01412	0.01347	0.02291	0.03445	0.72647	0.01345	0.01731	0.01755	0.01338	0.01919	0.04359	0.01567	0.01121	0.00548	0.00581	0.00173	0.00673	0.00542	0.00303	0.00905
10	0.00700	0.00540	0.00639	0.00718	0.00819	0.00480	0.00499	0.00820	0.01201	0.01520	0.04319	0.48674	0.33637	0.01677	0.00719	0.00220	0.00320	0.01477	0.00540	0.00480
11	0.01213	0.11345	0.65233	0.01579	0.02361	0.01473	0.01984	0.01811	0.01208	0.01770	0.01006	0.01197	0.00739	0.00567	0.00592	0.00181	0.04235	0.00420	0.00246	0.00837
12	0.01088	0.02218	0.49030	0.01575	0.04324	0.01157	0.08039	0.01605	0.01226	0.01780	0.04064	0.14712	0.01483	0.00952	0.03962	0.00227	0.00786	0.00694	0.00318	0.00763
13	0.10655	0.01021	0.01594	0.65802	0.03533	0.01258	0.01454	0.01482	0.01141	0.01616	0.01103	0.04881	0.00893	0.00631	0.00563	0.00194	0.00718	0.00543	0.00282	0.00637
14	0.01433	0.01419	0.02210	0.14248	0.58773	0.06327	0.01704	0.01767	0.01311	0.01796	0.01064	0.01426	0.00885	0.00545	0.00606	0.00176	0.02661	0.00508	0.00284	0.00858
15	0.01335	0.14688	0.02490	0.09102	0.30591	0.01451	0.18758	0.01668	0.01280	0.01724	0.01305	0.08040	0.01198	0.00660	0.00590	0.00181	0.00721	0.03125	0.00310	0.00783
16	0.00746	0.00548	0.00753	0.00927	0.04134	0.00516	0.00595	0.00866	0.01147	0.01541	0.06408	0.72373	0.03793	0.01736	0.00732	0.00231	0.00350	0.01576	0.00533	0.00495
17	0.01178	0.02937	0.73300	0.01741	0.05733	0.01352	0.02133	0.01839	0.01232	0.01844	0.01046	0.01237	0.00745	0.00551	0.00554	0.00184	0.00852	0.00434	0.00247	0.00862
18	0.39821	0.20611	0.06432	0.00970	0.01379	0.10284	0.00877	0.01814	0.01192	0.05452	0.04096	0.01190	0.00940	0.00576	0.00420	0.00162	0.00579	0.00377	0.02139	0.00689
19	0.01005	0.00588	0.00702	0.09091	0.01077	0.00609	0.00567	0.01252	0.01191	0.01947	0.02083	0.18606	0.01917	0.00912	0.00498	0.00163	0.00340	0.00777	0.56134	0.00538
20	0.00716	0.00529	0.00653	0.00747	0.00813	0.00484	0.00502	0.00818	0.01135	0.01472	0.03660	0.56787	0.19093	0.08581	0.00925	0.00256	0.00348	0.01491	0.00523	0.00466
21	0.01322	0.01661	0.18132	0.07263	0.51192	0.01327	0.01784	0.01731	0.01269	0.01828	0.01110	0.01455	0.00908	0.00780	0.05574	0.00226	0.00788	0.00506	0.00279	0.00866
22	0.01220	0.02531	0.55770	0.07058	0.18349	0.01353	0.02036	0.01806	0.01244	0.01831	0.01054	0.01294	0.00779	0.00547	0.00559	0.00182	0.00818	0.00454	0.00255	0.00859
23	0.00895	0.00667	0.00905	0.17292	0.01414	0.00732	0.00676	0.01013	0.00948	0.01273	0.01714	0.07595	0.01844	0.48011	0.10389	0.00496	0.00698	0.00792	0.02200	0.00445
24	0.00706	0.00515	0.00665	0.00786	0.00837	0.00474	0.00529	0.00812	0.01137	0.01494	0.03499	0.71133	0.11707	0.01784	0.00736	0.00232	0.00333	0.01607	0.00540	0.00474
25	0.19029	0.00980	0.00867	0.00775	0.01020	0.05903	0.00609	0.12701	0.01432	0.02445	0.01522	0.01714	0.01180	0.00646	0.00431	0.00152	0.00417	0.00480	0.47060	0.00638
26	0.00908	0.00750	0.01052	0.03158	0.15170	0.00709	0.00793	0.01155	0.01448	0.01964	0.35175	0.08966	0.22134	0.01172	0.00670	0.00191	0.00382	0.03072	0.00529	0.00602
27	0.00823	0.00594	0.00777	0.00732	0.00869	0.00549	0.00549	0.01097	0.01646	0.02332	0.75629	0.04344	0.05487	0.01189	0.00686	0.00183	0.00274	0.01052	0.00640	0.00549
28	0.01325	0.01354	0.06769	0.03733	0.02007	0.01106	0.20187	0.07035	0.03211	0.02016	0.01132	0.01352	0.00889	0.00488	0.00526	0.00134	0.00631	0.00467	0.00346	0.45294
29	0.01252	0.01200	0.01607	0.01326	0.01482	0.01477	0.01096	0.01419	0.00986	0.01549	0.00845	0.01252	0.00793	0.00841	0.01462	0.00204	0.54930	0.00459	0.00282	0.25538
30	0.01687	0.63380	0.02747	0.01103	0.01558	0.18359	0.01023	0.01866	0.01282	0.01380	0.00828	0.00958	0.00747	0.00519	0.00406	0.00130	0.00713	0.00325	0.00260	0.00731
31	0.01113	0.01457	0.17776	0.61768	0.03686	0.01305	0.01729	0.01562	0.01177	0.01562	0.01036	0.01481	0.00767	0.00575	0.00575	0.00192	0.00793	0.00498	0.00256	0.00692
32	0.01439	0.01382	0.02360	0.03569	0.75936	0.01382	0.01785	0.01785	0.01324	0.01900	0.01094	0.01439	0.00921	0.00518	0.00576	0.00173	0.00691	0.00518	0.00288	0.00921
33	0.00846	0.00564	0.00634	0.00634	0.00634	0.00564	0.00352	0.00846	0.00846	0.01128	0.01832	0.03805	0.02114	0.79563	0.02960	0.00564	0.00564	0.00846	0.00352	0.00352
34	0.00842	0.00576	0.00699	0.00699	0.00721	0.00599	0.00433	0.00887	0.00865	0.01175	0.01773	0.03480	0.01973	0.63446	0.18883	0.00643	0.00777	0.00798	0.00344	0.00388
35	0.00709	0.00506	0.00675	0.00810	0.00843	0.00472	0.00540	0.00810	0.01113	0.01484	0.03205	0.79184	0.03846	0.01822	0.00742	0.00236	0.00337	0.01653	0.00540	0.00472
36	0.01281	0.17939	0.01601	0.00890	0.01403	0.01102	0.00755	0.01524	0.01201	0.01782	0.00985	0.01147	0.00837	0.00445	0.00418	0.00094	0.00472	0.00337	0.00324	0.65464
37	0.01250	0.19490	0.60797	0.01515	0.02297	0.01554	0.01901	0.01820	0.01218	0.01740	0.00993	0.01165	0.00739	0.00541	0.00514	0.00171	0.00809	0.00404	0.00246	0.00835
38	0.01446	0.01249	0.01315	0.01183	0.01512	0.01446	0.00920	0.03090	0.74885	0.02433	0.02367	0.02170	0.01775	0.00789	0.00592	0.00197	0.00460	0.00657	0.00592	0.00920
39	0.34547	0.03351	0.11619	0.17561	0.02043	0.01295	0.01125	0.06573	0.01284	0.13886	0.01161	0.01305	0.00829	0.00588	0.00484	0.00182	0.00600	0.00430	0.00391	0.00748
40	0.01146	0.01072	0.01569	0.04533	0.03740	0.01370	0.04615	0.01426	0.05802	0.01513	0.01305	0.06693	0.01263	0.01731	0.17711	0.00388	0.40370	0.02804	0.00318	0.00632
41	0.01200	0.00679	0.00892	0.00790	0.00997	0.00612	0.00610	0.01458	0.01636	0.18160	0.56936	0.03891	0.07615	0.01100	0.00664	0.00183	0.00322	0.00959	0.00653	0.00641
42	0.00738	0.00518	0.00666	0.00772	0.00799	0.00492	0.00500	0.00817	0.01056	0.01408	0.02911	0.63029	0.03475	0.18483	0.01218	0.00306	0.00386	0.01480	0.00500	0.00447
43	0.02704	0.17971	0.02062	0.53608	0.09811	0.01516	0.01480	0.01571	0.01178	0.01517	0.00987	0.01397	0.00779	0.00557	0.00532	0.00177	0.00729	0.00469	0.00261	0.00692
44	0.01591	0.01519	0.01875	0.24616	0.24827	0.13107	0.01440	0.17223	0.01629	0.02071	0.01279	0.01548	0.03480	0.00621	0.00575	0.00177	0.00746	0.00522	0.00353	0.00802
45	0.02107	0.01578	0.01687	0.01317	0.01764	0.01755	0.01080	0.64406	0.12493	0.03498	0.01527	0.01501	0.01095	0.00710	0.00583	0.00178	0.00616	0.00542	0.00583	0.00980
46	0.00775	0.00593	0.00710	0.00681	0.00839	0.00528	0.00511	0.01004	0.01532	0.02060	0.50744	0.04791	0.30541	0.01290	0.00686	0.00188	0.00282	0.01114	0.00604	0.00528
47	0.01427	0.00978	0.01505	0.40880	0.02727	0.01091	0.03742	0.01846	0.06767	0.17670	0.01644	0.07548	0.01286	0.00724	0.00584	0.00189	0.00623	0.00635	0.07412	0.00723
48	0.01271	0.12788	0.40774	0.01675	0.04065	0.01585	0.09638	0.01734	0.01168	0.01687	0.00968	0.01240	0.00764	0.00637	0.00834	0.00192	0.17476	0.00461	0.00254	0.00790
49	0.00776	0.00563	0.00762	0.00882	0.00941	0.00548	0.00646	0.00920	0.01175	0.01565	0.05216	0.58918	0.03712	0.01737	0.00780	0.00242	0.02123	0.17467	0.00535	0.00492
50	0.07358	0.23693	0.05892	0.03760	0.01628	0.10330	0.00972	0.05951	0.06050	0.01861	0.01045	0.01178	0.00855	0.00527	0.00451	0.00132	0.00607	0.00377	0.00334	0.26997
51	0.01610	0.45706	0.15890	0.01366	0.06586	0.13071	0.01272	0.03879	0.01322	0.03231	0.00932	0.01072	0.00779	0.00534	0.00451	0.00145	0.00730	0.00367	0.00278	0.00779
52	0.00846	0.00564	0.00634	0.00634	0.00634	0.00564	0.00352	0.00846	0.00846	0.01128	0.01832	0.03805	0.02114	0.79563	0.02960	0.00564	0.00564	0.00846	0.00352	0.00352
53	0.01994	0.01689	0.01573	0.01286	0.01677	0.14793	0.01030	0.44103	0.15341	0.02957	0.01516	0.01524	0.01120	0.00696	0.00562	0.00172	0.00655	0.00523	0.05897	0.00893
54	0.04773	0.00955	0.01268	0.00989	0.01410	0.00835	0.00812	0.02618	0.01622	0.67074	0.04721	0.02257	0.06384	0.00778	0.00588	0.00181	0.00474	0.00633	0.00695	0.00933
55	0.01148	0.06257	0.02276	0.01656	0.02014	0.01180	0.36894	0.01471	0.01158	0.01581	0.01350	0.02008	0.01197	0.10420	0.26203	0.00476	0.01102	0.00658	0.00303	0.00647
56	0.01703	0.01889	0.02126	0.02796	0.47548	0.28823	0.03094	0.01981	0.01442	0.01727	0.01025	0.01301	0.00858	0.00547	0.00560	0.00165	0.00827	0.00470	0.00292	0.00829
57	0.13308	0.01007	0.01284	0.00999	0.01437	0.00914	0.00825	0.02686	0.01575	0.66607	0.02098	0.01843	0.01333	0.00696	0.00555	0.00180	0.00489	0.00549	0.00672	0.00942
58	0.01230	0.00845	0.00940	0.00838	0.01094	0.00815	0.00650	0.16734	0.01625	0.10182	0.04049	0.14874	0.39512	0.01339	0.02369	0.00212	0.00425	0.01054	0.00563	0.00650
59	0.03403	0.06557	0.00917	0.00736	0.00937	0.00739	0.00572	0.03215	0.03635	0.01977	0.33275	0.09177	0.30282	0.01237	0.00651	0.00187	0.00333	0.01051	0.00556	0.00564
60	0.52672	0.01073	0.01044	0.00868	0.01262	0.01133	0.00716	0.02139	0.01248	0.30804	0.01377	0.01340	0.00939	0.00609	0.00446	0.00180	0.00467	0.00418	0.00497	0.00767
61	0.00846	0.00564	0.00634	0.00634	0.00634	0.00564	0.00352	0.00846	0.00846	0.01128	0.01832	0.03805	0.02114	0.79563	0.02960	0.00564	0.00564	0.00846	0.00352	0.00352
62	0.01184	0.07796	0.63082	0.10485	0.02623	0.01406	0.02011	0.01794	0.01217	0.01769	0.01027	0.01246	0.00742	0.00552	0.00544	0.00181	0.00834	0.00432	0.00247	0.00827
63	0.02192	0.01228	0.01478	0.01238	0.04236	0.01254	0.00967	0.20995	0.19142	0.37773	0.02039	0.01856	0.01385	0.00723	0.00585	0.00182	0.00531	0.00584	0.00639	0.00971
64	0.00696	0.00589	0.00601	0.00598	0.00791	0.00494	0.00448	0.00851	0.01345	0.01617	0.10153	0.05520	0.71409	0.01455	0.00687	0.00196	0.00293	0.01217	0.00546	0.00494
65	0.02211	0.01629	0.01745	0.01338	0.01803	0.01803	0.01105	0.73997	0.02734	0.03665	0.01396	0.01396	0.00989	0.00698	0.00582	0.00175	0.00640	0.00524	0.00582	0.00989
66	0.01378	0.01557	0.03151	0.02295	0.02792	0.03414	0.61652	0.01808	0.01311	0.01786	0.01111	0.01513	0.00862	0.00568	0.00857	0.00203	0.12040	0.00653	0.00289	0.00760
67	0.00831	0.00623	0.00935	0.00935	0.01038	0.00727	0.00727	0.01038	0.00935	0.01350	0.01558	0.02285	0.01454	0.04361	0.77259	0.00935	0.01558	0.00623	0.00312	0.00519
68	0.02609	0.00990	0.01350	0.01035	0.01484	0.00855	0.00855	0.02834	0.01664	0.76338	0.02294	0.01979	0.01439	0.00720	0.00585	0.00180	0.00495	0.00585	0.00720	0.00990
69	0.02174	0.02727	0.01652	0.01492	0.01798	0.74259	0.01123	0.05144	0.01691	0.01511	0.00918	0.01062	0.00759	0.00603	0.00527	0.00151	0.01033	0.00380	0.00311	0.00687
70	0.02172	0.02772	0.01648	0.01498	0.01798	0.77228	0.01124	0.02322	0.01648	0.01423	0.00899	0.01049	0.00749	0.00599	0.00524	0.00150	0.01049	0.00375	0.00300	0.00674
71	0.00709	0.00506	0.00675	0.00810	0.00843	0.00472	0.00540	0.00810	0.01113	0.01484	0.03205	0.79184	0.03846	0.01822	0.00742	0.00236	0.00337	0.01653	0.00540	0.00472
72	0.00844	0.00569	0.00660	0.00658	0.00671	0.00574	0.00385	0.00869	0.00885	0.01193	0.04941	0.03729	0.02214	0.71337	0.07710	0.00572	0.00616	0.00840	0.00362	0.00372
73	0.01280	0.01071	0.01175	0.01079	0.01354	0.01203	0.00842	0.02540	0.54391	0.02366	0.18115	0.02922	0.02673	0.00928	0.00626	0.00199	0.00425	0.05397	0.00598	0.00816
74	0.01439	0.01382	0.02360	0.03569	0.75936	0.01382	0.01785	0.01785	0.01324	0.01900	0.01094	0.01439	0.00921	0.00518	0.00576	0.00173	0.00691	0.00518	0.00288	0.00921
75	0.01203	0.01034	0.01218	0.02633	0.01438	0.00787	0.00710	0.01465	0.01205	0.01886	0.01034	0.01214	0.00859	0.00434	0.00434	0.00089	0.00439	0.00348	0.00343	0.81228
76	0.01010	0.00505	0.00758	0.00758	0.00758	0.00505	0.00505	0.00758	0.00758	0.01010	0.01010	0.01768	0.01010	0.02020	0.02273	0.83081	0.00505	0.00505	0.00253	0.00253
77	0.01098	0.01034	0.01744	0.78165	0.04005	0.01292	0.01615	0.01486	0.01163	0.01486	0.01034	0.01550	0.00775	0.00581	0.00581	0.00194	0.00775	0.00517	0.00258	0.00646
78	0.01439	0.01382	0.02360	0.03569	0.75936	0.01382	0.01785	0.01785	0.01324	0.01900	0.01094	0.01439	0.00921	0.00518	0.00576	0.00173	0.00691	0.00518	0.00288	0.00921
79	0.01166	0.03008	0.76550	0.01657	0.02517	0.01351	0.02149	0.01842	0.01228	0.01842	0.01044	0.01228	0.00737	0.00552	0.00552	0.00184	0.00859	0.00430	0.00246	0.00859
80	0.00836	0.00601	0.00820	0.00820	0.00885	0.00665	0.00584	0.00965	0.00901	0.01265	0.01662	0.02863	0.01705	0.32959	0.49004	0.00794	0.01180	0.00708	0.00327	0.00456
81	0.01171	0.01108	0.01876	0.62178	0.19421	0.01311	0.01651	0.01550	0.01197	0.01575	0.01047	0.01527	0.00806	0.00568	0.00580	0.00189	0.00757	0.00517	0.00265	0.00705
82	0.01013	0.00815	0.00930	0.00862	0.01074	0.00843	0.00658	0.01731	0.26364	0.02249	0.40103	0.03802	0.15056	0.01097	0.00654	0.00190	0.00340	0.00945	0.00608	0.00666
83	0.00702	0.00533	0.00647	0.00738	0.00825	0.00478	0.00508	0.00818	0.01182	0.01512	0.04075	0.55362	0.27107	0.01709	0.00724	0.00223	0.00324	0.01515	0.00540	0.00478
84	0.01430	0.01372	0.02343	0.05641	0.73938	0.01379	0.01780	0.01776	0.01320	0.01888	0.01092	0.01442	0.00917	0.00520	0.00576	0.00173	0.00693	0.00518	0.00287	0.00913
85	0.01147	0.00912	0.01089	0.01109	0.01323	0.00996	0.00914	0.02000	0.32945	0.02028	0.02778	0.07532	0.02691	0.01264	0.00710	0.00236	0.00495	0.38574	0.00560	0.00698
86	0.00831	0.00623	0.00935	0.00935	0.01038	0.00727	0.00727	0.01038	0.00935	0.01350	0.01558	0.02285	0.01454	0.04361	0.77259	0.00935	0.01558	0.00623	0.00312	0.00519
87	0.02211	0.01629	0.01745	0.01338	0.01803	0.01803	0.01105	0.73997	0.02734	0.03665	0.01396	0.01396	0.00989	0.00698	0.00582	0.00175	0.00640	0.00524	0.00582	0.00989
88	0.83671	0.01125	0.00855	0.00765	0.01125	0.01305	0.00630	0.01709	0.00990	0.02609	0.00810	0.00945	0.00630	0.00540	0.00360	0.00180	0.00450	0.00315	0.00360	0.00630
89	0.01057	0.00674	0.00737	0.00693	0.00783	0.00696	0.00458	0.08852	0.01152	0.01688	0.01795	0.03061	0.01806	0.47626	0.04076	0.00416	0.00520	0.00723	0.22711	0.00477
90	0.00835	0.00605	0.00841	0.00841	0.00913	0.00676	0.00611	0.00979	0.00907	0.01281	0.01643	0.02757	0.01659	0.27712	0.54188	0.00819	0.01249	0.00692	0.00324	0.00467
91	0.01366	0.01550	0.03328	0.02393	0.02945	0.01490	0.69300	0.01834	0.01343	0.01834	0.01151	0.01550	0.00875	0.00523	0.00762	0.00200	0.05813	0.00675	0.00292	0.00775
92	0.01272	0.01272	0.01781	0.01527	0.01527	0.01781	0.01272	0.01399	0.00891	0.01399	0.00763	0.01272	0.00763	0.01018	0.01908	0.00254	0.78499	0.00509	0.00254	0.00636
93	0.01284	0.22114	0.50036	0.01424	0.02122	0.04727	0.01712	0.01788	0.01261	0.01737	0.05844	0.01350	0.01049	0.00582	0.00515	0.00168	0.00770	0.00438	0.00274	0.00803
94	0.00709	0.00590	0.00619	0.00611	0.00798	0.00500	0.00459	0.00876	0.01376	0.01690	0.16797	0.05401	0.64720	0.01428	0.00687	0.00194	0.00291	0.01200	0.00556	0.00500
95	0.01588	0.03230	0.08645	0.07490	0.18137	0.01283	0.24661	0.01964	0.01368	0.17762	0.01443	0.04887	0.01110	0.00630	0.00655	0.00188	0.03116	0.00622	0.00386	0.00836
96	0.02244	0.01526	0.01612	0.01260	0.01704	0.06822	0.01030	0.47098	0.05983	0.20627	0.01615	0.01545	0.01116	0.00695	0.00576	0.00173	0.00621	0.00531	0.00590	0.02632
97	0.01810	0.02155	0.01602	0.22207	0.02323	0.51653	0.01210	0.02032	0.01489	0.01489	0.01000	0.01258	0.00805	0.00600	0.00532	0.00161	0.00924	0.00424	0.05670	0.00658
98	0.00709	0.00506	0.00675	0.00810	0.00843	0.00472	0.00540	0.00810	0.01113	0.01484	0.03205	0.79184	0.03846	0.01822	0.00742	0.00236	0.00337	0.01653	0.00540	0.00472
99	0.00768	0.00561	0.00708	0.00766	0.00865	0.00518	0.00555	0.00940	0.01306	0.01753	0.22723	0.36846	0.16065	0.03466	0.00771	0.00224	0.00336	0.07903	0.02426	0.00500
100	0.01687	0.63380	0.02747	0.01103	0.01558	0.18359	0.01023	0.01866	0.01282	0.01380	0.00828	0.00958	0.00747	0.00519	0.00406	0.00130	0.00713	0.00325	0.00260	0.00731
101	0.02493	0.00964	0.01312	0.01015	0.01444	0.00835	0.00835	0.02721	0.01663	0.71510	0.07078	0.02134	0.01704	0.00750	0.00591	0.00180	0.00480	0.00615	0.00715	0.00961
102	0.01209	0.11520	0.68415	0.01584	0.02404	0.01456	0.02021	0.01831	0.01223	0.01789	0.01018	0.01195	0.00738	0.00546	0.00533	0.00178	0.00833	0.00417	0.00246	0.00847
103	0.01384	0.01395	0.02584	0.11372	0.48370	0.01396	0.21283	0.01773	0.01320	0.01845	0.01110	0.01486	0.00895	0.00517	0.00606	0.00181	0.00778	0.00564	0.00286	0.00854
104	0.00708	0.00509	0.00672	0.00802	0.00841	0.00473	0.00536	0.00811	0.01121	0.01488	0.03299	0.76611	0.06358	0.01810	0.00740	0.00235	0.00336	0.01638	0.00540	0.00473
105	0.00842	0.00562	0.00635	0.00639	0.00640	0.00561	0.00358	0.00845	0.00853	0.01137	0.01870	0.05899	0.02162	0.77404	0.02898	0.00555	0.00557	0.00868	0.00358	0.00356
106	0.00974	0.01422	0.21750	0.01360	0.01759	0.00927	0.16668	0.01323	0.01239	0.01691	0.04031	0.30318	0.11810	0.01135	0.00671	0.00207	0.00609	0.01047	0.00410	0.00648
107	0.02609	0.00990	0.01350	0.01035	0.01484	0.00855	0.00855	0.02834	0.01664	0.76338	0.02294	0.01979	0.01439	0.00720	0.00585	0.00180	0.00495	0.00585	0.00720	0.00990
108	0.00937	0.00669	0.00937	0.01071	0.01205	0.00669	0.00937	0.01205	0.01339	0.01740	0.03079	0.06560	0.03347	0.01606	0.00803	0.00268	0.00535	0.72021	0.00535	0.00535
109	0.83671	0.01125	0.00855	0.00765	0.01125	0.01305	0.00630	0.01709	0.00990	0.02609	0.00810	0.00945	0.00630	0.00540	0.00360	0.00180	0.00450	0.00315	0.00360	0.00630
110	0.00831	0.00623	0.00935	0.00935	0.01038	0.00727	0.00727	0.01038	0.00935	0.01350	0.01558	0.02285	0.01454	0.04361	0.77259	0.00935	0.01558	0.00623	0.00312	0.00519
111	0.01267	0.01220	0.02132	0.48672	0.08594	0.01376	0.17042	0.06381	0.04224	0.01775	0.01145	0.01561	0.00862	0.00573	0.00604	0.00192	0.00792	0.00559	0.00302	0.00728
112	0.01013	0.00935	0.01611	0.42274	0.04867	0.01050	0.09644	0.01319	0.01176	0.01541	0.01755	0.26681	0.01786	0.00971	0.00645	0.00207	0.00655	0.00904	0.00354	0.00613
113	0.00877	0.00644	0.00807	0.00837	0.00983	0.00615	0.00652	0.01177	0.05924	0.03256	0.25484	0.18490	0.17542	0.01427	0.00718	0.00217	0.00370	0.18852	0.00576	0.00552
114	0.01935	0.01322	0.01496	0.01130	0.01607	0.01306	0.00925	0.37181	0.03631	0.15109	0.01449	0.01448	0.01039	0.00617	0.00534	0.00147	0.00544	0.00479	0.00528	0.27574
115	0.01594	0.23154	0.32975	0.01432	0.02015	0.26164	0.01513	0.01971	0.01352	0.01582	0.00935	0.01092	0.00743	0.00553	0.00496	0.00157	0.00858	0.00381	0.00264	0.00770
116	0.01465	0.45595	0.11464	0.01783	0.17735	0.01903	0.09266	0.01776	0.01238	0.01591	0.00937	0.01145	0.00798	0.00508	0.00472	0.00150	0.00703	0.00410	0.00262	0.00801
117	0.01310	0.01124	0.01189	0.01090	0.01384	0.01272	0.00840	0.02680	0.61544	0.02271	0.02830	0.07591	0.10481	0.00936	0.00613	0.00200	0.00433	0.00788	0.00582	0.00841
118	0.00764	0.00530	0.00658	0.00738	0.00758	0.00509	0.00464	0.00824	0.01005	0.01340	0.02648	0.48566	0.03143	0.33399	0.01643	0.00369	0.00429	0.01325	0.00464	0.00424
119	0.00792	0.00591	0.00735	0.00703	0.00851	0.00535	0.00526	0.01035	0.01565	0.02151	0.59138	0.06452	0.20253	0.01264	0.00688	0.00187	0.00280	0.01104	0.00617	0.00535
120	0.00709	0.00506	0.00675	0.00810	0.00843	0.00472	0.00540	0.00810	0.01113	0.01484	0.03205	0.79184	0.03846	0.01822	0.00742	0.00236	0.00337	0.01653	0.00540	0.00472
121	0.01394	0.48123	0.33431	0.01269	0.01916	0.01908	0.01472	0.01783	0.01201	0.01564	0.00906	0.01055	0.00742	0.00520	0.00447	0.00149	0.00720	0.00360	0.00247	0.00793
122	0.83671	0.01125	0.00855	0.00765	0.01125	0.01305	0.00630	0.01709	0.00990	0.02609	0.00810	0.00945	0.00630	0.00540	0.00360	0.00180	0.00450	0.00315	0.00360	0.00630
123	0.01206	0.01034	0.01206	0.00861	0.01378	0.00775	0.00689	0.01464	0.01206	0.01895	0.01034	0.01206	0.00861	0.00431	0.00431	0.00086	0.00431	0.00345	0.00345	0.83118
124	0.00687	0.00589	0.00589	0.00589	0.00785	0.00491	0.00442	0.00835	0.01325	0.01571	0.05891	0.05596	0.75700	0.01473	0.00687	0.00196	0.00295	0.01227	0.00540	0.00491
125	0.01084	0.00542	0.00542	0.00542	0.00678	0.00542	0.00407	0.01355	0.01220	0.02168	0.01897	0.02168	0.01491	0.00678	0.00407	0.00136	0.00271	0.00542	0.82791	0.00542
126	0.01206	0.01034	0.01206	0.00861	0.01378	0.00775	0.00689	0.01464	0.01206	0.01895	0.01034	0.01206	0.00861	0.00431	0.00431	0.00086	0.00431	0.00345	0.00345	0.83118
127	0.01555	0.79913	0.03047	0.00995	0.01493	0.02301	0.00995	0.01741	0.01182	0.01368	0.00808	0.00933	0.00746	0.00498	0.00373	0.00124	0.00622	0.00311	0.00249	0.00746
128	0.01373	0.01569	0.03431	0.02451	0.03039	0.01471	0.73824	0.01863	0.01373	0.01863	0.01176	0.01569	0.00882	0.00490	0.00686	0.00196	0.00980	0.00686	0.00294	0.00784
129	0.00823	0.00594	0.00777	0.00732	0.00869	0.00549	0.00549	0.01097	0.01646	0.02332	0.75629	0.04344	0.05487	0.01189	0.00686	0.00183	0.00274	0.01052	0.00640	0.00549
130	0.01413	0.01108	0.01236	0.01150	0.01444	0.01241	0.00920	0.02669	0.54346	0.07106	0.02515	0.03098	0.02090	0.00960	0.00637	0.00211	0.00479	0.15947	0.00588	0.00842
131	0.02172	0.02772	0.01648	0.01498	0.01798	0.77228	0.01124	0.02322	0.01648	0.01423	0.00899	0.01049	0.00749	0.00599	0.00524	0.00150	0.01049	0.00375	0.00300	0.00674
132	0.00823	0.00594	0.00777	0.00732	0.00869	0.00549	0.00549	0.01097	0.01646	0.02332	0.75629	0.04344	0.05487	0.01189	0.00686	0.00183	0.00274	0.01052	0.00640	0.00549
133	0.02296	0.01492	0.01660	0.01273	0.01735	0.01600	0.01052	0.58745	0.02505	0.19240	0.01589	0.01521	0.01086	0.00703	0.00582	0.00176	0.00609	0.00537	0.00611	0.00989
134	0.01098	0.01034	0.01744	0.78165	0.04005	0.01292	0.01615	0.01486	0.01163	0.01486	0.01034	0.01550	0.00775	0.00581	0.00581	0.00194	0.00775	0.00517	0.00258	0.00646
135	0.01555	0.79913	0.03047	0.00995	0.01493	0.02301	0.00995	0.01741	0.01182	0.01368	0.00808	0.00933	0.00746	0.00498	0.00373	0.00124	0.00622	0.00311	0.00249	0.00746
136	0.02609	0.00990	0.01350	0.01035	0.01484	0.00855	0.00855	0.02834	0.01664	0.76338	0.02294	0.01979	0.01439	0.00720	0.00585	0.00180	0.00495	0.00585	0.00720	0.00990
137	0.00859	0.00634	0.00834	0.00939	0.01075	0.00610	0.00787	0.01082	0.01311	0.01676	0.03695	0.14298	0.18908	0.01601	0.00772	0.00249	0.00462	0.49151	0.00537	0.00519
138	0.02165	0.01089	0.01336	0.01092	0.01495	0.01081	0.00880	0.02932	0.29647	0.48094	0.02322	0.02052	0.01568	0.00746	0.00587	0.00187	0.00482	0.00613	0.00671	0.00963
139	0.02609	0.00990	0.01350	0.01035	0.01484	0.00855	0.00855	0.02834	0.01664	0.76338	0.02294	0.01979	0.01439	0.00720	0.00585	0.00180	0.00495	0.00585	0.00720	0.00990
140	0.00831	0.00623	0.00935	0.00935	0.01038	0.00727	0.00727	0.01038	0.00935	0.01350	0.01558	0.02285	0.01454	0.04361	0.77259	0.00935	0.01558	0.00623	0.00312	0.00519
141	0.00823	0.00594	0.00777	0.00732	0.00869	0.00549	0.00549	0.01097	0.01646	0.02332	0.75629	0.04344	0.05487	0.01189	0.00686	0.00183	0.00274	0.01052	0.00640	0.00549
142	0.01166	0.03008	0.76550	0.01657	0.02517	0.01351	0.02149	0.01842	0.01228	0.01842	0.01044	0.01228	0.00737	0.00552	0.00552	0.00184	0.00859	0.00430	0.00246	0.00859
143	0.01026	0.00536	0.00562	0.00583	0.00703	0.00531	0.00427	0.01271	0.01203	0.02063	0.02099	0.14041	0.01854	0.00854	0.00458	0.00151	0.00281	0.00713	0.70112	0.00531
144	0.01373	0.01569	0.03431	0.02451	0.03039	0.01471	0.73824	0.01863	0.01373	0.01863	0.01176	0.01569	0.00882	0.00490	0.00686	0.00196	0.00980	0.00686	0.00294	0.00784
145	0.00741	0.00606	0.00664	0.00692	0.00875	0.00529	0.00548	0.00914	0.01328	0.01607	0.05288	0.05803	0.60193	0.01501	0.00712	0.00212	0.00346	0.16400	0.00539	0.00500
146	0.00915	0.00656	0.00910	0.01040	0.01169	0.00651	0.00897	0.01168	0.01324	0.01719	0.03170	0.11269	0.05517	0.01617	0.00796	0.00264	0.00515	0.65339	0.00536	0.00530
147	0.01408	0.01570	0.10962	0.03348	0.67423	0.01378	0.01827	0.01791	0.01313	0.01893	0.01088	0.01415	0.00900	0.00522	0.00573	0.00174	0.00710	0.00508	0.00283	0.00914
148	0.01311	0.01361	0.02041	0.18102	0.02338	0.06093	0.13997	0.01601	0.03133	0.01529	0.00946	0.01395	0.00814	0.00801	0.01292	0.00223	0.41537	0.00538	0.00274	0.00674
149	0.00701	0.00590	0.00608	0.00603	0.00794	0.00497	0.00452	0.00861	0.01357	0.01646	0.12791	0.05473	0.68753	0.01445	0.00687	0.00195	0.00293	0.01210	0.00550	0.00497
150	0.00990	0.00833	0.01036	0.01007	0.01130	0.06155	0.00781	0.04001	0.01065	0.01457	0.01579	0.07136	0.01513	0.03645	0.60659	0.00775	0.04689	0.00664	0.00334	0.00550
151	0.07596	0.01199	0.01416	0.01125	0.01548	0.01213	0.00929	0.25304	0.06672	0.39219	0.01963	0.02011	0.01378	0.00758	0.00583	0.00185	0.00538	0.04794	0.00633	0.00935
152	0.52149	0.01726	0.25388	0.01070	0.01597	0.01293	0.01135	0.01819	0.01107	0.06739	0.00974	0.01098	0.00712	0.00555	0.00436	0.00181	0.00585	0.00368	0.00344	0.00725
153	0.00740	0.00530	0.00703	0.00789	0.00850	0.00493	0.00542	0.00888	0.01258	0.01714	0.22826	0.58908	0.04291	0.01650	0.00727	0.00222	0.00320	0.01490	0.00567	0.00493
154	0.01605	0.05930	0.01476	0.01184	0.01513	0.08629	0.02489	0.08656	0.37162	0.09241	0.03894	0.04068	0.06611	0.00824	0.00642	0.00188	0.03863	0.00659	0.00531	0.00835
155	0.04738	0.06380	0.03224	0.01126	0.01581	0.01273	0.00954	0.21487	0.08179	0.40152	0.01862	0.01706	0.01250	0.00689	0.00559	0.00174	0.00544	0.00539	0.00611	0.02972
156	0.01461	0.01036	0.07656	0.01008	0.01283	0.05249	0.00849	0.01674	0.01366	0.25348	0.02749	0.31320	0.07209	0.01243	0.00665	0.00209	0.00492	0.07935	0.00556	0.00690
157	0.60240	0.01152	0.01105	0.20423	0.01876	0.03615	0.00895	0.01671	0.01054	0.02288	0.00869	0.01102	0.00670	0.00552	0.00421	0.00183	0.00551	0.00368	0.00332	0.00635
158	0.00775	0.00562	0.00745	0.00811	0.00877	0.00565	0.00574	0.00904	0.01068	0.01436	0.04437	0.36620	0.08390	0.14544	0.20216	0.00460	0.00685	0.05402	0.00456	0.00472
159	0.07278	0.01487	0.01497	0.01218	0.01624	0.06888	0.00981	0.35937	0.21558	0.08099	0.02993	0.01635	0.01266	0.00704	0.00562	0.00176	0.00583	0.00541	0.00551	0.04421
160	0.01179	0.00732	0.00762	0.00706	0.00914	0.00743	0.00544	0.06265	0.10892	0.05092	0.02797	0.02845	0.17397	0.00865	0.00509	0.00161	0.00333	0.00704	0.45932	0.00627
161	0.04632	0.18208	0.01790	0.01148	0.01555	0.01707	0.00966	0.30717	0.23122	0.02681	0.01563	0.01555	0.01185	0.00675	0.00521	0.00168	0.00553	0.00511	0.05869	0.00875
162	0.01013	0.00507	0.00749	0.00749	0.00754	0.00507	0.00501	0.00781	0.00776	0.01056	0.01045	0.01783	0.01029	0.01967	0.02199	0.79815	0.00496	0.00507	0.03502	0.00264
163	0.01105	0.01096	0.01810	0.05098	0.18710	0.03654	0.19274	0.01385	0.01301	0.01694	0.02722	0.17229	0.20423	0.01006	0.00662	0.00197	0.00612	0.00950	0.00400	0.00672
164	0.01486	0.66229	0.16126	0.01113	0.01675	0.02132	0.01200	0.01759	0.01190	0.01452	0.00850	0.00985	0.00745	0.00507	0.00405	0.00135	0.00664	0.00332	0.00248	0.00766
165	0.00699	0.00590	0.00605	0.00601	0.00793	0.00496	0.00451	0.00857	0.01353	0.01637	0.11902	0.05488	0.69647	0.01448	0.00687	0.00195	0.00293	0.01212	0.00549	0.00496
166	0.00810	0.00567	0.00727	0.00758	0.00795	0.00589	0.00500	0.00891	0.00932	0.01271	0.02069	0.20586	0.02325	0.40795	0.23224	0.00593	0.00790	0.00968	0.00384	0.00426
167	0.01587	0.01810	0.02179	0.13578	0.02413	0.26046	0.20929	0.03625	0.01354	0.01602	0.00976	0.01326	0.00798	0.00664	0.00892	0.00193	0.18525	0.00515	0.00288	0.00699
168	0.00866	0.00639	0.00857	0.00841	0.00892	0.00723	0.00597	0.00977	0.00893	0.01255	0.01627	0.02888	0.01700	0.37230	0.39699	0.00727	0.06096	0.00714	0.00326	0.00453
169	0.01098	0.01034	0.01744	0.78165	0.04005	0.01292	0.01615	0.01486	0.01163	0.01486	0.01034	0.01550	0.00775	0.00581	0.00581	0.00194	0.00775	0.00517	0.00258	0.00646
170	0.01390	0.02712	0.60518	0.01589	0.02364	0.01448	0.01925	0.17306	0.01551	0.02232	0.01119	0.01264	0.00791	0.00584	0.00559	0.00182	0.00812	0.00450	0.00318	0.00887
171	0.01181	0.00995	0.01533	0.29448	0.17474	0.01126	0.01255	0.06188	0.02898	0.01779	0.01353	0.03425	0.01131	0.01428	0.16998	0.00342	0.00845	0.00571	0.09340	0.00689
172	0.01142	0.01092	0.01441	0.01279	0.01316	0.03694	0.01030	0.01271	0.00949	0.01381	0.01364	0.04680	0.05420	0.08641	0.12912	0.00375	0.50498	0.00634	0.00300	0.00580
173	0.01225	0.00706	0.00877	0.00777	0.01010	0.00632	0.00603	0.01494	0.03726	0.19578	0.37074	0.04065	0.23650	0.01144	0.00660	0.00186	0.00337	0.00978	0.00630	0.00648
174	0.59446	0.01045	0.00935	0.00805	0.01163	0.01143	0.00660	0.01904	0.01161	0.17824	0.03057	0.01323	0.00975	0.00602	0.00418	0.00177	0.00443	0.00404	0.05819	0.00696
175	0.50052	0.31780	0.01726	0.00866	0.01282	0.01702	0.00782	0.03212	0.01100	0.02148	0.00821	0.00949	0.00682	0.00527	0.00370	0.00158	0.00521	0.00318	0.00321	0.00682
176	0.01396	0.01056	0.01179	0.01014	0.01317	0.01120	0.00797	0.14858	0.28537	0.06406	0.22903	0.02870	0.08681	0.00922	0.00617	0.00183	0.00427	0.00773	0.00595	0.04348
177	0.01749	0.01283	0.01427	0.01218	0.01575	0.01411	0.00997	0.32672	0.25702	0.07643	0.02087	0.02662	0.01719	0.00901	0.00627	0.00200	0.00553	0.14108	0.00585	0.00881
178	0.01328	0.01574	0.07833	0.10726	0.02968	0.01455	0.54203	0.01864	0.05158	0.01829	0.01196	0.01563	0.00902	0.00543	0.00713	0.00198	0.04230	0.00642	0.00301	0.00775
179	0.01929	0.01228	0.01393	0.01161	0.01549	0.01318	0.00929	0.14168	0.40720	0.25652	0.02191	0.01989	0.01547	0.00753	0.00588	0.00188	0.00499	0.00614	0.00630	0.00953

[dist]
# distance from previous block
# <min> <max>
1	1

[block]
# block no. 1 follows, 40 sequences, length 14
# corresponding to MSA columns:
# 258-271
name=unknown_B
#
# <colnr> <probs for GDERKNQSTAVLIFYWHMCP>
#	G	D	E	R	K	N	Q	S	T	A	V	L	I	F	Y	W	H	M	C	P
0	0.01441	0.01632	0.10897	0.03256	0.64135	0.04776	0.01797	0.01815	0.01327	0.01872	0.01079	0.01397	0.00892	0.00526	0.00571	0.00173	0.00726	0.00501	0.00283	0.00903
1	0.24806	0.10869	0.22862	0.01370	0.01916	0.10212	0.10437	0.03960	0.01287	0.05851	0.01025	0.01180	0.00771	0.00553	0.00494	0.00173	0.00729	0.00420	0.00325	0.00761
2	0.00781	0.00565	0.00753	0.00877	0.00956	0.00537	0.00660	0.00939	0.01202	0.01573	0.03367	0.50236	0.09097	0.01726	0.00758	0.00243	0.00398	0.24298	0.00538	0.00494
3	0.09128	0.00986	0.01158	0.00956	0.01293	0.00973	0.00767	0.13568	0.05906	0.29329	0.17931	0.04424	0.09295	0.00901	0.00599	0.00184	0.00443	0.00740	0.00620	0.00801
4	0.02472	0.00895	0.01476	0.05301	0.01594	0.00971	0.14374	0.05377	0.01149	0.01630	0.01571	0.08923	0.01479	0.04660	0.40547	0.00592	0.03759	0.00711	0.01919	0.00600
5	0.03538	0.01073	0.01524	0.14815	0.01954	0.01171	0.07208	0.14467	0.01524	0.12489	0.05224	0.02414	0.08236	0.01254	0.09581	0.00283	0.07349	0.04718	0.00451	0.00726
6	0.00789	0.00637	0.00812	0.09684	0.01226	0.00630	0.00654	0.01020	0.04441	0.01595	0.07521	0.34522	0.28355	0.01575	0.03587	0.00239	0.00421	0.01260	0.00506	0.00524
7	0.01615	0.01916	0.12349	0.01862	0.02354	0.13544	0.30661	0.16057	0.01618	0.02097	0.01163	0.02943	0.00912	0.00629	0.00730	0.00189	0.07643	0.00575	0.00347	0.00798
8	0.01336	0.05645	0.62686	0.01585	0.02373	0.01453	0.01950	0.12590	0.01451	0.02096	0.01087	0.01242	0.00775	0.00572	0.00550	0.00181	0.00818	0.00439	0.00296	0.00875
9	0.01413	0.10397	0.02264	0.09757	0.48924	0.01514	0.01574	0.04112	0.01291	0.01799	0.01081	0.03175	0.00942	0.00609	0.00693	0.00179	0.08626	0.00520	0.00293	0.00838
10	0.01316	0.01395	0.02076	0.36768	0.02992	0.10210	0.15809	0.01637	0.01198	0.01534	0.00985	0.01432	0.00791	0.00665	0.00899	0.00203	0.18613	0.00532	0.00269	0.00674
11	0.01056	0.00927	0.01060	0.03216	0.01241	0.07844	0.00848	0.03281	0.01259	0.01624	0.06301	0.18484	0.06762	0.05639	0.07226	0.00305	0.10471	0.21453	0.00451	0.00552
12	0.01163	0.01087	0.01731	0.46250	0.14421	0.01258	0.01449	0.01489	0.01163	0.01588	0.01117	0.05106	0.00951	0.00657	0.00706	0.00186	0.08639	0.00550	0.00286	0.10205
13	0.01242	0.01107	0.01716	0.02388	0.42867	0.01092	0.01319	0.05213	0.01387	0.01896	0.02263	0.06315	0.12915	0.00908	0.00634	0.00192	0.00579	0.12482	0.00395	0.03089

[dist]
# distance from previous block
# <min> <max>
0	23

[block]
# block no. 2 follows, 40 sequences, length 7
# corresponding to MSA columns:
# 295-301
name=unknown_C
#
# <colnr> <probs for GDERKNQSTAVLIFYWHMCP>
#	G	D	E	R	K	N	Q	S	T	A	V	L	I	F	Y	W	H	M	C	P
0	0.01837	0.44615	0.02407	0.01225	0.01632	0.36586	0.01054	0.02007	0.01395	0.01393	0.00850	0.00986	0.00748	0.00544	0.00442	0.00136	0.00817	0.00340	0.00272	0.00713
1	0.01407	0.01277	0.01176	0.01037	0.01349	0.12245	0.00799	0.02285	0.35145	0.02121	0.04489	0.02041	0.04090	0.00722	0.00532	0.00162	0.00499	0.00580	0.14003	0.14041
2	0.00833	0.00612	0.00879	0.00879	0.00964	0.00697	0.00658	0.01003	0.00918	0.01309	0.01608	0.02564	0.01575	0.18196	0.63590	0.00866	0.01375	0.00664	0.00319	0.00489
3	0.21397	0.01246	0.01373	0.01078	0.01513	0.01294	0.00890	0.27635	0.01884	0.33526	0.01631	0.01532	0.01092	0.00670	0.00531	0.00178	0.00535	0.00500	0.00587	0.00905
4	0.01616	0.01702	0.01316	0.01217	0.01449	0.34423	0.00916	0.13522	0.01588	0.01796	0.01654	0.20831	0.01667	0.01473	0.11847	0.00291	0.00878	0.00755	0.00408	0.00653
5	0.01293	0.01009	0.00980	0.00870	0.01125	0.11762	0.00665	0.01499	0.01499	0.13403	0.24872	0.07259	0.21565	0.01062	0.00626	0.00175	0.00444	0.00888	0.00544	0.08460
6	0.01836	0.09320	0.01845	0.01357	0.04860	0.01212	0.12861	0.13394	0.01654	0.27963	0.04214	0.07185	0.08064	0.00800	0.00601	0.00181	0.00585	0.00702	0.00531	0.00837

[dist]
# distance from previous block
# <min> <max>
8	69

[block]
# block no. 3 follows, 40 sequences, length 7
# corresponding to MSA columns:
# 399-405
name=unknown_D
#
# <colnr> <probs for GDERKNQSTAVLIFYWHMCP>
#	G	D	E	R	K	N	Q	S	T	A	V	L	I	F	Y	W	H	M	C	P
0	0.03906	0.01426	0.01443	0.01183	0.01562	0.10422	0.00958	0.23738	0.09077	0.05631	0.01484	0.01878	0.01225	0.00733	0.00642	0.00167	0.05748	0.07230	0.00464	0.21082
1	0.01014	0.00547	0.00600	0.00615	0.00736	0.00554	0.00456	0.01259	0.01176	0.02001	0.02009	0.10944	0.01755	0.01208	0.08790	0.00234	0.00418	0.00677	0.64476	0.00532
2	0.06603	0.00973	0.01152	0.00938	0.01285	0.00951	0.00756	0.12895	0.03612	0.26611	0.04681	0.01905	0.01438	0.01045	0.08094	0.00235	0.00561	0.00549	0.15550	0.10166
3	0.05277	0.00767	0.00916	0.00842	0.01085	0.00710	0.00656	0.05115	0.01397	0.12997	0.10054	0.17771	0.20067	0.01335	0.03670	0.00223	0.00441	0.07375	0.00541	0.08761
4	0.01242	0.01183	0.01590	0.01366	0.01463	0.01544	0.01123	0.01562	0.09344	0.01559	0.01050	0.01468	0.00956	0.01266	0.09057	0.00299	0.54644	0.00522	0.00307	0.08455
5	0.11427	0.05565	0.11213	0.01125	0.01613	0.01317	0.01026	0.16282	0.10619	0.06209	0.01290	0.01362	0.00977	0.00594	0.00539	0.00154	0.02982	0.00442	0.00423	0.24841
6	0.01678	0.01829	0.01707	0.01440	0.01745	0.32249	0.09208	0.08953	0.01509	0.01757	0.01221	0.01801	0.01098	0.03453	0.03346	0.00213	0.10140	0.06749	0.00349	0.09556

[dist]
# distance from previous block
# <min> <max>
15	86

[block]
# block no. 4 follows, 40 sequences, length 18
# corresponding to MSA columns:
# 500-517
name=unknown_E
#
# <colnr> <probs for GDERKNQSTAVLIFYWHMCP>
#	G	D	E	R	K	N	Q	S	T	A	V	L	I	F	Y	W	H	M	C	P
0	0.06548	0.01220	0.01627	0.14355	0.02070	0.03767	0.09389	0.13042	0.01485	0.09377	0.01251	0.01470	0.00951	0.00834	0.06153	0.00210	0.00697	0.00485	0.00395	0.24674
1	0.20507	0.01068	0.01358	0.01118	0.01454	0.01086	0.09917	0.06224	0.05050	0.02084	0.01691	0.14694	0.04034	0.00854	0.00633	0.00180	0.05383	0.03676	0.00412	0.18576
2	0.20424	0.01261	0.01517	0.01211	0.01606	0.03287	0.09231	0.07626	0.15867	0.12368	0.01437	0.01498	0.01069	0.00640	0.00619	0.00176	0.06265	0.00498	0.00452	0.12945
3	0.05875	0.00955	0.01137	0.01082	0.01230	0.04943	0.03827	0.03106	0.11850	0.03620	0.02342	0.41810	0.02527	0.01315	0.00836	0.00221	0.11111	0.01115	0.00481	0.00617
4	0.00985	0.14156	0.01231	0.00992	0.01163	0.00898	0.00847	0.01197	0.01255	0.01612	0.02723	0.23860	0.03028	0.01471	0.00714	0.00235	0.00500	0.42085	0.00488	0.00556
5	0.01283	0.01109	0.01429	0.01122	0.01528	0.01051	0.08478	0.06256	0.21063	0.02217	0.14161	0.02049	0.01905	0.00678	0.00553	0.00149	0.00483	0.00596	0.00470	0.33420
6	0.01289	0.01323	0.02063	0.01685	0.01785	0.01728	0.13658	0.01479	0.00973	0.01479	0.00834	0.01323	0.00784	0.00928	0.01700	0.00244	0.65265	0.00539	0.00261	0.00661
7	0.02211	0.01629	0.01745	0.01338	0.01803	0.01803	0.01105	0.73997	0.02734	0.03665	0.01396	0.01396	0.00989	0.00698	0.00582	0.00175	0.00640	0.00524	0.00582	0.00989
8	0.01230	0.01150	0.01857	0.40129	0.27509	0.01234	0.01513	0.01582	0.01224	0.01694	0.01054	0.01455	0.00838	0.00535	0.00554	0.00168	0.00688	0.00488	0.00283	0.14817
9	0.02050	0.01568	0.01751	0.01370	0.01756	0.01800	0.01134	0.61603	0.02419	0.03278	0.01288	0.01375	0.00950	0.00753	0.00808	0.00188	0.13932	0.00521	0.00526	0.00929
10	0.00834	0.00633	0.00784	0.00874	0.00958	0.00639	0.00605	0.01199	0.13707	0.01646	0.03062	0.66036	0.03493	0.01646	0.00717	0.00230	0.00358	0.01483	0.00549	0.00549
11	0.01512	0.35943	0.32077	0.01317	0.01953	0.01838	0.01473	0.14116	0.01465	0.01949	0.01002	0.01129	0.00784	0.00554	0.00480	0.00157	0.00719	0.00395	0.00304	0.00833
12	0.01303	0.06225	0.02068	0.01610	0.01715	0.01775	0.10371	0.01479	0.00969	0.01456	0.00818	0.01288	0.00777	0.00919	0.01659	0.00239	0.63891	0.00519	0.00259	0.00662
13	0.00831	0.00623	0.00935	0.00935	0.01038	0.00727	0.00727	0.01038	0.00935	0.01350	0.01558	0.02285	0.01454	0.04361	0.77259	0.00935	0.01558	0.00623	0.00312	0.00519
14	0.01691	0.16342	0.02651	0.01726	0.02224	0.03930	0.30446	0.24305	0.04840	0.02329	0.01207	0.01398	0.00920	0.00586	0.00618	0.00176	0.02835	0.00550	0.00387	0.00839
15	0.12491	0.27020	0.43079	0.01327	0.02005	0.01644	0.01578	0.01792	0.01181	0.01796	0.00938	0.01096	0.00725	0.00533	0.00470	0.00165	0.00729	0.00377	0.00262	0.00793
16	0.01482	0.01082	0.01370	0.01225	0.09971	0.00907	0.00859	0.01846	0.06694	0.14220	0.01346	0.01431	0.01031	0.00515	0.00485	0.00120	0.00473	0.00427	0.00418	0.54099
17	0.01638	0.01537	0.01524	0.01447	0.06946	0.23458	0.02343	0.03440	0.01443	0.11259	0.13216	0.04141	0.01837	0.00883	0.00900	0.00194	0.18326	0.04346	0.00422	0.00700

[dist]
# distance from previous block
# <min> <max>
1	20

[block]
# block no. 5 follows, 40 sequences, length 12
# corresponding to MSA columns:
# 539-550
name=unknown_F
#
# <colnr> <probs for GDERKNQSTAVLIFYWHMCP>
#	G	D	E	R	K	N	Q	S	T	A	V	L	I	F	Y	W	H	M	C	P
0	0.05107	0.01133	0.01387	0.01192	0.01425	0.06121	0.06684	0.03450	0.15511	0.07012	0.21128	0.04989	0.04092	0.00957	0.00853	0.00202	0.14100	0.03460	0.00495	0.00701
1	0.00882	0.00762	0.00812	0.00879	0.00962	0.08216	0.00618	0.01006	0.01137	0.01445	0.02796	0.49531	0.07743	0.05389	0.14582	0.00364	0.00635	0.01278	0.00467	0.00497
2	0.01201	0.01094	0.01587	0.01256	0.01623	0.01048	0.11709	0.01518	0.03541	0.01797	0.01421	0.02265	0.01325	0.00760	0.00786	0.00167	0.13475	0.13334	0.00364	0.39731
3	0.01309	0.01382	0.02393	0.01869	0.02087	0.01666	0.28152	0.01571	0.01069	0.01571	0.00916	0.01382	0.00807	0.00822	0.01456	0.00233	0.49779	0.00575	0.00269	0.00691
4	0.01098	0.01034	0.01744	0.78165	0.04005	0.01292	0.01615	0.01486	0.01163	0.01486	0.01034	0.01550	0.00775	0.00581	0.00581	0.00194	0.00775	0.00517	0.00258	0.00646
5	0.01275	0.01305	0.01584	0.01405	0.01442	0.09621	0.01135	0.01400	0.01008	0.01416	0.01183	0.14165	0.01273	0.01106	0.01567	0.00240	0.57270	0.00684	0.00307	0.00613
6	0.02211	0.01629	0.01745	0.01338	0.01803	0.01803	0.01105	0.73997	0.02734	0.03665	0.01396	0.01396	0.00989	0.00698	0.00582	0.00175	0.00640	0.00524	0.00582	0.00989
7	0.00794	0.00559	0.00633	0.00655	0.00696	0.00536	0.00400	0.00838	0.00976	0.01267	0.02790	0.16624	0.15646	0.52619	0.02183	0.00443	0.00478	0.01048	0.00417	0.00397
8	0.01472	0.68140	0.05986	0.01032	0.01506	0.02086	0.01038	0.01688	0.01200	0.01428	0.01061	0.01546	0.01024	0.00618	0.00427	0.00142	0.00623	0.07974	0.00279	0.00729
