[name]
unknown

[dist]
# distance from previous block
# <min> <max>
6	96

[block]
# block no. 0 follows, 51 sequences, length 34
# corresponding to MSA columns:
# 103-136
name=unknown_A
#
# <colnr> <probs for GDERKNQSTAVLIFYWHMCP>
#	G	D	E	R	K	N	Q	S	T	A	V	L	I	F	Y	W	H	M	C	P
0	0.01086	0.01451	0.16429	0.01770	0.02256	0.01156	0.52933	0.01557	0.05486	0.01564	0.01127	0.05235	0.00907	0.00630	0.03938	0.00192	0.00780	0.00577	0.00266	0.00658
1	0.01174	0.01387	0.07654	0.01796	0.02203	0.04615	0.52453	0.04353	0.01134	0.01544	0.00977	0.03537	0.00791	0.00530	0.00727	0.00171	0.13507	0.00549	0.00256	0.00642
2	0.00998	0.01002	0.01766	0.63215	0.03171	0.03047	0.17138	0.01338	0.01029	0.01320	0.00896	0.01303	0.00673	0.00476	0.00508	0.00163	0.00696	0.00463	0.00225	0.00571
3	0.01114	0.01156	0.02105	0.14453	0.23009	0.02667	0.29679	0.01418	0.01057	0.01456	0.00978	0.04840	0.00835	0.00548	0.00690	0.00168	0.12407	0.00529	0.00247	0.00644
4	0.01795	0.01094	0.01418	0.01211	0.07241	0.01111	0.05766	0.33269	0.03461	0.30185	0.01545	0.04934	0.01137	0.00638	0.00509	0.00155	0.00502	0.02741	0.00497	0.00790
5	0.00599	0.00428	0.00570	0.00684	0.00713	0.00399	0.00456	0.00684	0.00941	0.01254	0.02709	0.82409	0.03250	0.01540	0.00627	0.00200	0.00285	0.01397	0.00456	0.00399
6	0.01019	0.00873	0.01019	0.00728	0.01165	0.00655	0.00582	0.01237	0.01019	0.01601	0.00873	0.01019	0.00728	0.00364	0.00364	0.00073	0.00364	0.00291	0.00291	0.85734
7	0.00797	0.00531	0.00651	0.00604	0.00759	0.00472	0.00459	0.00991	0.01308	0.08836	0.49283	0.03819	0.27560	0.01043	0.00572	0.00158	0.00254	0.00899	0.00521	0.00482
8	0.00900	0.00641	0.00810	0.00776	0.00891	0.02710	0.00580	0.01167	0.09133	0.07031	0.01471	0.02152	0.01362	0.20144	0.47320	0.00592	0.00959	0.00563	0.00321	0.00477
9	0.04978	0.01617	0.01543	0.05370	0.09536	0.31971	0.06705	0.17212	0.01458	0.09020	0.00985	0.01112	0.00749	0.00536	0.00533	0.00146	0.05127	0.00400	0.00331	0.00672
10	0.00773	0.00486	0.00576	0.00556	0.00669	0.00465	0.00414	0.00987	0.01196	0.01818	0.40818	0.02958	0.07031	0.03826	0.03703	0.00176	0.00283	0.00716	0.32097	0.00452
11	0.00964	0.00919	0.01581	0.71085	0.10259	0.01105	0.04603	0.01292	0.01002	0.01301	0.00883	0.01302	0.00670	0.00483	0.00495	0.00162	0.00656	0.00443	0.00222	0.00572
12	0.01172	0.04298	0.02440	0.06848	0.31695	0.01237	0.40412	0.01520	0.01121	0.01545	0.00943	0.01259	0.00747	0.00436	0.00548	0.00157	0.02180	0.00504	0.00243	0.00696
13	0.01268	0.01209	0.05876	0.39199	0.02391	0.07221	0.01187	0.16956	0.05315	0.04626	0.01002	0.01253	0.00752	0.00563	0.00603	0.00162	0.09042	0.00432	0.00305	0.00639
14	0.00589	0.00466	0.00530	0.00581	0.00686	0.00408	0.00411	0.00696	0.01040	0.01295	0.03961	0.39559	0.45291	0.01377	0.00602	0.00181	0.00265	0.01199	0.00456	0.00408
15	0.00665	0.00494	0.00631	0.00698	0.00793	0.00460	0.00536	0.00820	0.01100	0.01436	0.14214	0.31766	0.20108	0.01345	0.00625	0.00193	0.00318	0.22904	0.00467	0.00427
16	0.01190	0.09758	0.20349	0.08317	0.21703	0.11532	0.13081	0.01525	0.01114	0.01448	0.01013	0.03273	0.02532	0.00499	0.00480	0.00148	0.00679	0.00447	0.00242	0.00670
17	0.01002	0.01636	0.42302	0.01206	0.05615	0.00911	0.01279	0.01392	0.01051	0.05963	0.01387	0.09683	0.01235	0.00700	0.00534	0.00163	0.03605	0.08360	0.11341	0.00633
18	0.00798	0.00517	0.00649	0.00643	0.00774	0.00464	0.00478	0.00960	0.01197	0.09499	0.30161	0.24919	0.22043	0.01179	0.00588	0.00172	0.00277	0.03710	0.00501	0.00472
19	0.01005	0.04852	0.21866	0.29957	0.02506	0.01168	0.18498	0.01384	0.01011	0.01388	0.00910	0.01248	0.00702	0.00693	0.05754	0.00203	0.05568	0.00448	0.00225	0.00614
20	0.02396	0.01176	0.11349	0.13955	0.30807	0.01020	0.08928	0.01458	0.03122	0.06996	0.02458	0.09942	0.03001	0.00609	0.00511	0.00159	0.00572	0.00569	0.00301	0.00672
21	0.01725	0.01688	0.01374	0.01158	0.01439	0.34745	0.00914	0.31592	0.03511	0.03773	0.01013	0.01107	0.00780	0.00581	0.00566	0.00144	0.08040	0.00393	0.04779	0.00676
22	0.01394	0.35812	0.09965	0.01089	0.01516	0.04901	0.09264	0.12885	0.03565	0.07432	0.01029	0.04098	0.00844	0.00514	0.00423	0.00132	0.00569	0.00406	0.00308	0.03855
23	0.01199	0.01036	0.01089	0.00982	0.01256	0.01194	0.00763	0.02543	0.76009	0.02030	0.02106	0.01937	0.04278	0.00687	0.00503	0.00167	0.00384	0.00573	0.00498	0.00765
24	0.00664	0.00498	0.00621	0.00663	0.00753	0.00470	0.00476	0.00871	0.05199	0.01518	0.24661	0.41315	0.14934	0.01291	0.00602	0.00181	0.00277	0.04083	0.00482	0.00442
25	0.00601	0.00462	0.00550	0.00606	0.00696	0.00411	0.00425	0.00715	0.01051	0.01348	0.10596	0.45205	0.32817	0.01377	0.00605	0.00182	0.00266	0.01212	0.00464	0.00411
26	0.00610	0.00475	0.00555	0.00585	0.00695	0.00419	0.00420	0.00743	0.01114	0.01433	0.19259	0.30861	0.38484	0.01296	0.00596	0.00175	0.00258	0.01129	0.00473	0.00419
27	0.00697	0.00510	0.00676	0.00773	0.00865	0.00488	0.00620	0.00862	0.01066	0.01378	0.02982	0.31009	0.14071	0.01402	0.00647	0.00209	0.00367	0.40496	0.00454	0.00429
28	0.62277	0.01050	0.00923	0.00774	0.01103	0.01191	0.00638	0.20216	0.01219	0.05472	0.00855	0.00926	0.00633	0.00495	0.00357	0.00151	0.00421	0.00318	0.00362	0.00618
29	0.01004	0.07078	0.75809	0.01369	0.02078	0.01187	0.01761	0.01552	0.01035	0.01534	0.00871	0.01023	0.00623	0.00464	0.00458	0.00153	0.00715	0.00357	0.00208	0.00721
30	0.01222	0.01056	0.01111	0.01000	0.01278	0.01222	0.00778	0.02611	0.78776	0.02056	0.02000	0.01833	0.01500	0.00667	0.00500	0.00167	0.00389	0.00556	0.00500	0.00778
31	0.86201	0.00950	0.00722	0.00646	0.00950	0.01102	0.00532	0.01445	0.00836	0.02205	0.00684	0.00798	0.00532	0.00456	0.00304	0.00152	0.00380	0.00266	0.00304	0.00532
32	0.01868	0.01376	0.01475	0.01131	0.01524	0.01524	0.00934	0.78025	0.02311	0.03097	0.01180	0.01180	0.00836	0.00590	0.00492	0.00147	0.00541	0.00442	0.00492	0.00836
33	0.86201	0.00950	0.00722	0.00646	0.00950	0.01102	0.00532	0.01445	0.00836	0.02205	0.00684	0.00798	0.00532	0.00456	0.00304	0.00152	0.00380	0.00266	0.00304	0.00532

[dist]
# distance from previous block
# <min> <max>
0	9

[block]
# block no. 1 follows, 51 sequences, length 8
# corresponding to MSA columns:
# 146-153
name=unknown_B
#
# <colnr> <probs for GDERKNQSTAVLIFYWHMCP>
#	G	D	E	R	K	N	Q	S	T	A	V	L	I	F	Y	W	H	M	C	P
0	0.01216	0.01168	0.01995	0.03016	0.79664	0.01168	0.01508	0.01508	0.01119	0.01605	0.00924	0.01216	0.00778	0.00438	0.00487	0.00146	0.00584	0.00438	0.00243	0.00778
1	0.01418	0.01153	0.01221	0.01040	0.01352	0.01314	0.00825	0.25435	0.55634	0.02371	0.01752	0.01636	0.01299	0.00643	0.00497	0.00161	0.00435	0.00521	0.00497	0.00795
2	0.01222	0.01056	0.01111	0.01000	0.01278	0.01222	0.00778	0.02611	0.78776	0.02056	0.02000	0.01833	0.01500	0.00667	0.00500	0.00167	0.00389	0.00556	0.00500	0.00778
3	0.01160	0.01326	0.02900	0.02071	0.02568	0.01243	0.77879	0.01574	0.01160	0.01574	0.00994	0.01326	0.00746	0.00414	0.00580	0.00166	0.00829	0.00580	0.00249	0.00663
4	0.00631	0.00500	0.00576	0.00621	0.00751	0.00445	0.00481	0.00771	0.01091	0.01346	0.04048	0.18742	0.48921	0.01322	0.00611	0.00185	0.00300	0.17781	0.00455	0.00420
5	0.01004	0.00814	0.00939	0.00689	0.01080	0.00627	0.00548	0.01224	0.01021	0.01634	0.00978	0.01135	0.00804	0.00394	0.00361	0.00079	0.00345	0.00315	0.12458	0.73551
6	0.01160	0.01326	0.02900	0.02071	0.02568	0.01243	0.77879	0.01574	0.01160	0.01574	0.00994	0.01326	0.00746	0.00414	0.00580	0.00166	0.00829	0.00580	0.00249	0.00663
7	0.00712	0.00488	0.00593	0.00593	0.00613	0.00508	0.00369	0.00751	0.00732	0.00995	0.01496	0.02926	0.01661	0.64884	0.20174	0.00547	0.00666	0.00672	0.00290	0.00330

[dist]
# distance from previous block
# <min> <max>
0	3

[block]
# block no. 2 follows, 51 sequences, length 10
# corresponding to MSA columns:
# 157-166
name=unknown_C
#
# <colnr> <probs for GDERKNQSTAVLIFYWHMCP>
#	G	D	E	R	K	N	Q	S	T	A	V	L	I	F	Y	W	H	M	C	P
0	0.00594	0.00447	0.00550	0.00632	0.00699	0.00404	0.00433	0.00690	0.00991	0.01275	0.03343	0.60697	0.24552	0.01457	0.00614	0.00190	0.00275	0.01296	0.00456	0.00404
1	0.00686	0.00515	0.00716	0.00756	0.00806	0.00562	0.00553	0.00805	0.00858	0.01187	0.01939	0.36136	0.02166	0.09925	0.31542	0.00453	0.05590	0.04037	0.00353	0.00415
2	0.03214	0.01878	0.43834	0.01537	0.06580	0.01157	0.15389	0.01548	0.01050	0.06674	0.00983	0.02927	0.00751	0.00532	0.00618	0.00164	0.09777	0.00443	0.00252	0.00692
3	0.06710	0.04803	0.04505	0.00948	0.01325	0.01014	0.00819	0.20441	0.03490	0.43550	0.01624	0.01670	0.01137	0.00626	0.00484	0.00154	0.00465	0.04939	0.00516	0.00781
4	0.78700	0.01074	0.00782	0.00701	0.01001	0.08184	0.00569	0.01491	0.00886	0.02116	0.00691	0.00806	0.00541	0.00461	0.00316	0.00150	0.00425	0.00271	0.00300	0.00536
5	0.00669	0.00486	0.00652	0.00685	0.00748	0.00501	0.00490	0.00790	0.00902	0.01232	0.08670	0.26136	0.06944	0.16584	0.29481	0.00454	0.00684	0.03121	0.00367	0.00403
6	0.16931	0.01065	0.01046	0.00905	0.01156	0.13720	0.00716	0.01776	0.03844	0.30050	0.01492	0.12337	0.01230	0.00717	0.00577	0.00160	0.08536	0.00542	0.02561	0.00638
7	0.24927	0.06236	0.05171	0.04692	0.22940	0.17256	0.07368	0.01568	0.01083	0.01643	0.00846	0.01101	0.00699	0.00476	0.00428	0.00146	0.00612	0.01915	0.00262	0.00632
8	0.14677	0.13593	0.01736	0.05802	0.27118	0.15093	0.04247	0.09290	0.01219	0.01694	0.00848	0.01035	0.00691	0.00467	0.00429	0.00139	0.00605	0.00370	0.00274	0.00671
9	0.51282	0.00982	0.01157	0.09226	0.17541	0.01091	0.03790	0.01444	0.00934	0.03857	0.00822	0.01024	0.00649	0.00591	0.03698	0.00179	0.00506	0.00347	0.00287	0.00593

[dist]
# distance from previous block
# <min> <max>
0	1

[block]
# block no. 3 follows, 51 sequences, length 98
# corresponding to MSA columns:
# 168-265
name=unknown_D
#
# <colnr> <probs for GDERKNQSTAVLIFYWHMCP>
#	G	D	E	R	K	N	Q	S	T	A	V	L	I	F	Y	W	H	M	C	P
0	0.00802	0.00609	0.00820	0.00940	0.04888	0.00606	0.00741	0.01088	0.06049	0.01530	0.08829	0.07704	0.11467	0.01234	0.00637	0.00205	0.00408	0.50508	0.00453	0.00484
1	0.00590	0.00498	0.00511	0.00508	0.00670	0.00419	0.00381	0.00724	0.01143	0.01382	0.11222	0.04641	0.73188	0.01224	0.00581	0.00165	0.00247	0.01025	0.00463	0.00419
2	0.41308	0.00874	0.00921	0.00754	0.01087	0.00888	0.00620	0.01894	0.01133	0.40410	0.03034	0.01312	0.00973	0.00545	0.00404	0.00151	0.00392	0.00396	0.02225	0.00679
3	0.00605	0.00499	0.00531	0.00523	0.00678	0.00425	0.00392	0.00751	0.01176	0.01461	0.20417	0.04510	0.63943	0.01195	0.00581	0.00164	0.00245	0.01006	0.00474	0.00425
4	0.01255	0.01072	0.01129	0.01007	0.01290	0.01237	0.00786	0.06396	0.74939	0.02108	0.01959	0.01801	0.01467	0.00663	0.00500	0.00166	0.00397	0.00550	0.00500	0.00781
5	0.01160	0.01326	0.02900	0.02071	0.02568	0.01243	0.77879	0.01574	0.01160	0.01574	0.00994	0.01326	0.00746	0.00414	0.00580	0.00166	0.00829	0.00580	0.00249	0.00663
6	0.01019	0.00873	0.01019	0.00728	0.01165	0.00655	0.00582	0.01237	0.01019	0.01601	0.00873	0.01019	0.00728	0.00364	0.00364	0.00073	0.00364	0.00291	0.00291	0.85734
7	0.00928	0.00873	0.01474	0.81548	0.03385	0.01092	0.01365	0.01256	0.00983	0.01256	0.00873	0.01310	0.00655	0.00491	0.00491	0.00164	0.00655	0.00437	0.00218	0.00546
8	0.00928	0.00873	0.01474	0.81548	0.03385	0.01092	0.01365	0.01256	0.00983	0.01256	0.00873	0.01310	0.00655	0.00491	0.00491	0.00164	0.00655	0.00437	0.00218	0.00546
9	0.00696	0.00502	0.00657	0.00618	0.00734	0.00464	0.00464	0.00927	0.01391	0.01971	0.79405	0.03671	0.04637	0.01005	0.00580	0.00155	0.00232	0.00889	0.00541	0.00464
10	0.02205	0.00836	0.01140	0.00874	0.01254	0.00722	0.00722	0.02395	0.01407	0.80004	0.01939	0.01673	0.01216	0.00608	0.00494	0.00152	0.00418	0.00494	0.00608	0.00836
11	0.02205	0.00836	0.01140	0.00874	0.01254	0.00722	0.00722	0.02395	0.01407	0.80004	0.01939	0.01673	0.01216	0.00608	0.00494	0.00152	0.00418	0.00494	0.00608	0.00836
12	0.00591	0.00498	0.00512	0.00508	0.00670	0.00419	0.00381	0.00725	0.01144	0.01384	0.11496	0.04637	0.72912	0.01224	0.00581	0.00165	0.00247	0.01024	0.00464	0.00419
13	0.01239	0.01064	0.01121	0.01004	0.01284	0.01230	0.00782	0.04611	0.76749	0.02083	0.01978	0.01816	0.01483	0.00665	0.00500	0.00166	0.00393	0.00553	0.00500	0.00779
14	0.00661	0.00489	0.00617	0.00610	0.00719	0.00445	0.00448	0.00851	0.01271	0.01746	0.54468	0.17339	0.16249	0.01134	0.00588	0.00164	0.00244	0.00999	0.00513	0.00445
15	0.02168	0.00895	0.01177	0.00902	0.01284	0.00810	0.00745	0.10638	0.01505	0.71622	0.01856	0.01619	0.01175	0.00606	0.00494	0.00152	0.00432	0.00489	0.00596	0.00836
16	0.01118	0.01086	0.01906	0.28287	0.48287	0.01150	0.08150	0.01432	0.01079	0.01490	0.00914	0.01256	0.00736	0.00453	0.00496	0.00153	0.00628	0.00450	0.00236	0.00693
17	0.00911	0.00771	0.01284	0.63079	0.02758	0.00940	0.01151	0.01115	0.00904	0.01164	0.00869	0.01352	0.00700	0.00769	0.00818	0.19690	0.00603	0.00434	0.00217	0.00470
18	0.00696	0.00502	0.00657	0.00618	0.00734	0.00464	0.00464	0.00927	0.01391	0.01971	0.79405	0.03671	0.04637	0.01005	0.00580	0.00155	0.00232	0.00889	0.00541	0.00464
19	0.02092	0.00953	0.01205	0.00931	0.01309	0.00904	0.00767	0.17340	0.05240	0.61135	0.01792	0.01583	0.01155	0.00607	0.00494	0.00152	0.00441	0.00487	0.00580	0.00833
20	0.01061	0.01119	0.02265	0.05589	0.06920	0.01086	0.50776	0.01430	0.02935	0.01524	0.01331	0.09129	0.01213	0.00639	0.00605	0.00175	0.02385	0.08906	0.00293	0.00618
21	0.00986	0.02542	0.80183	0.01401	0.02127	0.01141	0.01816	0.01556	0.01038	0.01556	0.00882	0.01038	0.00623	0.00467	0.00467	0.00156	0.00726	0.00363	0.00208	0.00726
22	0.00918	0.00837	0.01467	0.01496	0.14809	0.00815	0.19775	0.01209	0.04152	0.01482	0.01925	0.25048	0.02030	0.00991	0.00600	0.00188	0.00518	0.20812	0.00369	0.00558
23	0.29726	0.01354	0.02956	0.01057	0.03271	0.18854	0.03098	0.12193	0.01254	0.11012	0.00997	0.01186	0.00777	0.00565	0.00518	0.00154	0.07130	0.02922	0.00347	0.00630
24	0.20895	0.00902	0.00978	0.14616	0.01428	0.01031	0.00739	0.12849	0.17267	0.02052	0.01285	0.01407	0.00975	0.00554	0.00414	0.00147	0.00416	0.00428	0.21003	0.00612
25	0.06802	0.01616	0.01527	0.07711	0.01723	0.34375	0.12012	0.05178	0.14234	0.04627	0.01064	0.01189	0.00822	0.00540	0.00527	0.00150	0.04535	0.00419	0.00317	0.00634
26	0.00613	0.00460	0.00569	0.00625	0.00705	0.00416	0.00437	0.00737	0.01074	0.01413	0.18349	0.47613	0.22476	0.01361	0.00606	0.00182	0.00266	0.01208	0.00473	0.00416
27	0.86201	0.00950	0.00722	0.00646	0.00950	0.01102	0.00532	0.01445	0.00836	0.02205	0.00684	0.00798	0.00532	0.00456	0.00304	0.00152	0.00380	0.00266	0.00304	0.00532
28	0.01221	0.60203	0.24582	0.01000	0.01507	0.01717	0.01117	0.01496	0.01010	0.01270	0.00740	0.00859	0.00628	0.00434	0.00358	0.00119	0.00582	0.00291	0.00209	0.00658
29	0.00898	0.00758	0.02876	0.00853	0.01031	0.00756	0.03667	0.01492	0.27947	0.03319	0.17867	0.30152	0.04300	0.01033	0.00564	0.00175	0.00345	0.00919	0.00477	0.00571
30	0.00691	0.00502	0.00650	0.00613	0.00731	0.00462	0.00460	0.00918	0.01380	0.01945	0.76403	0.03714	0.07655	0.01014	0.00580	0.00155	0.00233	0.00895	0.00538	0.00462
31	0.82217	0.00971	0.00758	0.00669	0.00977	0.01122	0.00551	0.05062	0.00906	0.02247	0.00708	0.00816	0.00547	0.00462	0.00313	0.00152	0.00388	0.00274	0.00313	0.00547
32	0.00702	0.00527	0.00790	0.00790	0.00878	0.00614	0.00614	0.00878	0.00790	0.01141	0.01316	0.01931	0.01229	0.03686	0.80782	0.00790	0.01316	0.00527	0.00263	0.00439
33	0.01490	0.01007	0.01127	0.00971	0.01278	0.01101	0.00767	0.04322	0.57124	0.22089	0.01965	0.01777	0.01412	0.00650	0.00498	0.00162	0.00400	0.00537	0.00528	0.00794
34	0.00685	0.00502	0.00643	0.00608	0.00728	0.00459	0.00456	0.00908	0.01367	0.01914	0.72887	0.03764	0.11190	0.01026	0.00580	0.00156	0.00233	0.00902	0.00534	0.00459
35	0.00928	0.00873	0.01474	0.81548	0.03385	0.01092	0.01365	0.01256	0.00983	0.01256	0.00873	0.01310	0.00655	0.00491	0.00491	0.00164	0.00655	0.00437	0.00218	0.00546
36	0.00715	0.00476	0.00536	0.00536	0.00536	0.00476	0.00298	0.00715	0.00715	0.00953	0.01548	0.03216	0.01787	0.82729	0.02501	0.00476	0.00476	0.00715	0.00298	0.00298
37	0.00986	0.02542	0.80183	0.01401	0.02127	0.01141	0.01816	0.01556	0.01038	0.01556	0.00882	0.01038	0.00623	0.00467	0.00467	0.00156	0.00726	0.00363	0.00208	0.00726
38	0.01359	0.76209	0.02480	0.00870	0.01283	0.04580	0.00849	0.05330	0.01078	0.01255	0.00711	0.00811	0.00641	0.00432	0.00328	0.00108	0.00538	0.00274	0.00226	0.00639
39	0.01211	0.00655	0.00800	0.00733	0.00932	0.00643	0.00590	0.03118	0.09455	0.20128	0.14616	0.02743	0.02098	0.00802	0.00497	0.00156	0.00337	0.14070	0.25828	0.00588
40	0.01196	0.01028	0.01088	0.00981	0.01251	0.01184	0.00762	0.02527	0.74893	0.02051	0.05884	0.01926	0.01658	0.00684	0.00504	0.00166	0.00381	0.00572	0.00502	0.00762
41	0.01732	0.01307	0.01423	0.04911	0.01577	0.01461	0.00932	0.63639	0.13158	0.02862	0.01282	0.01279	0.00922	0.00596	0.00493	0.00151	0.00525	0.00458	0.00480	0.00814
42	0.04257	0.03132	0.36061	0.02722	0.15593	0.02690	0.03687	0.01534	0.01073	0.06425	0.00943	0.01101	0.00709	0.00448	0.00446	0.00136	0.00598	0.00372	0.00261	0.17811
43	0.02788	0.01575	0.01632	0.15414	0.11012	0.32629	0.11077	0.04863	0.04945	0.07919	0.01000	0.01175	0.00764	0.00502	0.00481	0.00146	0.00720	0.00416	0.00297	0.00644
44	0.01236	0.01062	0.01119	0.01003	0.01283	0.01229	0.00781	0.04184	0.77181	0.02077	0.01983	0.01820	0.01486	0.00665	0.00500	0.00166	0.00392	0.00553	0.00500	0.00779
45	0.01123	0.01130	0.01999	0.27788	0.35981	0.02815	0.17602	0.01445	0.01083	0.01471	0.00914	0.01260	0.00727	0.00459	0.00527	0.00157	0.02146	0.00465	0.00236	0.00671
46	0.00588	0.00496	0.00509	0.00510	0.00669	0.00417	0.00381	0.00717	0.01129	0.01360	0.08926	0.06972	0.73172	0.01240	0.00582	0.00166	0.00249	0.01040	0.00461	0.00417
47	0.01058	0.01006	0.01708	0.46231	0.37688	0.01126	0.01429	0.01369	0.01044	0.01413	0.00896	0.01268	0.00711	0.00467	0.00489	0.00156	0.00623	0.00437	0.00230	0.00650
48	0.00709	0.00499	0.00648	0.00648	0.00687	0.00538	0.00438	0.00787	0.00748	0.01036	0.01446	0.02646	0.01539	0.47701	0.37192	0.00615	0.00849	0.00631	0.00282	0.00360
49	0.00715	0.00511	0.00704	0.00818	0.00897	0.00500	0.00659	0.00886	0.01056	0.01385	0.02644	0.36017	0.02996	0.01430	0.00658	0.00216	0.00386	0.46638	0.00454	0.00431
50	0.01222	0.01056	0.01111	0.01000	0.01278	0.01222	0.00778	0.02611	0.78776	0.02056	0.02000	0.01833	0.01500	0.00667	0.00500	0.00167	0.00389	0.00556	0.00500	0.00778
51	0.01258	0.69226	0.15882	0.00937	0.01410	0.01807	0.01008	0.01486	0.01005	0.01225	0.00717	0.00831	0.00629	0.00428	0.00341	0.00114	0.00560	0.00280	0.00210	0.00647
52	0.86201	0.00950	0.00722	0.00646	0.00950	0.01102	0.00532	0.01445	0.00836	0.02205	0.00684	0.00798	0.00532	0.00456	0.00304	0.00152	0.00380	0.00266	0.00304	0.00532
53	0.00713	0.00543	0.00590	0.00567	0.00710	0.00504	0.00417	0.02828	0.05036	0.01552	0.20789	0.03859	0.41961	0.10089	0.00767	0.00193	0.00283	0.00883	0.07271	0.00445
54	0.00599	0.00428	0.00570	0.00684	0.00713	0.00399	0.00456	0.00684	0.00941	0.01254	0.02709	0.82409	0.03250	0.01540	0.00627	0.00200	0.00285	0.01397	0.00456	0.00399
55	0.00677	0.00441	0.00555	0.00643	0.00692	0.00421	0.00443	0.00797	0.00963	0.01379	0.02444	0.60256	0.02778	0.03136	0.00611	0.00189	0.00285	0.04414	0.18465	0.00412
56	0.00928	0.00873	0.01474	0.81548	0.03385	0.01092	0.01365	0.01256	0.00983	0.01256	0.00873	0.01310	0.00655	0.00491	0.00491	0.00164	0.00655	0.00437	0.00218	0.00546
57	0.00995	0.04924	0.77886	0.01384	0.02101	0.01165	0.01787	0.01554	0.01036	0.01544	0.00876	0.01030	0.00623	0.00466	0.00462	0.00154	0.00720	0.00360	0.00208	0.00723
58	0.02119	0.00974	0.01225	0.00939	0.01323	0.00926	0.00776	0.21608	0.01636	0.60467	0.01746	0.01547	0.01120	0.00604	0.00494	0.00151	0.00449	0.00481	0.00579	0.00836
59	0.00600	0.00468	0.00547	0.00606	0.00705	0.00415	0.00433	0.00711	0.01036	0.01300	0.03793	0.41257	0.39820	0.01389	0.00608	0.00185	0.00276	0.04986	0.00456	0.00409
60	0.05050	0.01242	0.03037	0.02551	0.14495	0.07594	0.00966	0.30498	0.01651	0.22778	0.02618	0.03087	0.01007	0.00581	0.00484	0.00149	0.00532	0.00465	0.00444	0.00771
61	0.01314	0.83025	0.02575	0.00841	0.01261	0.01945	0.00841	0.01472	0.00999	0.01156	0.00683	0.00788	0.00631	0.00420	0.00315	0.00105	0.00526	0.00263	0.00210	0.00631
62	0.01023	0.00973	0.01662	0.58987	0.15650	0.01136	0.06894	0.03591	0.01052	0.01389	0.00895	0.01287	0.00687	0.00488	0.00520	0.00162	0.02324	0.00447	0.00233	0.00601
63	0.00800	0.00727	0.01124	0.01016	0.01162	0.04636	0.16575	0.00967	0.00997	0.01309	0.02089	0.48071	0.02352	0.04170	0.07693	0.00251	0.00533	0.04684	0.00380	0.00465
64	0.00603	0.00431	0.00575	0.00689	0.00719	0.00403	0.00463	0.00691	0.00945	0.01259	0.02706	0.80813	0.03242	0.01536	0.00628	0.00200	0.00289	0.02953	0.00456	0.00400
65	0.01011	0.00850	0.01356	0.42077	0.14256	0.00956	0.02324	0.04349	0.02292	0.05352	0.01367	0.19017	0.01290	0.00723	0.00522	0.00168	0.00545	0.00654	0.00310	0.00581
66	0.01438	0.01592	0.01786	0.06094	0.39356	0.30004	0.06107	0.03687	0.01239	0.01473	0.00869	0.01105	0.00717	0.00475	0.00496	0.00142	0.02081	0.00403	0.00252	0.00682
67	0.00702	0.00527	0.00790	0.00790	0.00878	0.00614	0.00614	0.00878	0.00790	0.01141	0.01316	0.01931	0.01229	0.03686	0.80782	0.00790	0.01316	0.00527	0.00263	0.00439
68	0.01701	0.08738	0.01622	0.01200	0.01555	0.23189	0.07363	0.34297	0.09159	0.04754	0.01110	0.01157	0.00831	0.00545	0.00471	0.00142	0.00640	0.00416	0.00386	0.00725
69	0.00823	0.00529	0.00688	0.00636	0.00764	0.00491	0.00474	0.01027	0.01307	0.08471	0.61713	0.03426	0.05649	0.08224	0.03444	0.00204	0.00306	0.00831	0.00514	0.00479
70	0.00590	0.00494	0.00513	0.00518	0.00672	0.00417	0.00385	0.00719	0.01126	0.01365	0.09750	0.09715	0.69559	0.01248	0.00584	0.00167	0.00250	0.01051	0.00462	0.00417
71	0.00640	0.00512	0.00581	0.00608	0.00754	0.00454	0.00481	0.00796	0.01140	0.01410	0.10248	0.06787	0.53609	0.01260	0.00605	0.00180	0.00296	0.18750	0.00462	0.00427
72	0.00599	0.00428	0.00570	0.00684	0.00713	0.00399	0.00456	0.00684	0.00941	0.01254	0.02709	0.82409	0.03250	0.01540	0.00627	0.00200	0.00285	0.01397	0.00456	0.00399
73	0.01314	0.83025	0.02575	0.00841	0.01261	0.01945	0.00841	0.01472	0.00999	0.01156	0.00683	0.00788	0.00631	0.00420	0.00315	0.00105	0.00526	0.00263	0.00210	0.00631
74	0.00986	0.02542	0.80183	0.01401	0.02127	0.01141	0.01816	0.01556	0.01038	0.01556	0.00882	0.01038	0.00623	0.00467	0.00467	0.00156	0.00726	0.00363	0.00208	0.00726
75	0.01860	0.00760	0.01030	0.00816	0.01136	0.00663	0.00663	0.02060	0.01403	0.62191	0.19622	0.02129	0.01997	0.00699	0.00514	0.00153	0.00376	0.00584	0.00593	0.00751
76	0.01075	0.01075	0.01505	0.01290	0.01290	0.01505	0.01075	0.01183	0.00753	0.01183	0.00645	0.01075	0.00645	0.00860	0.01613	0.00215	0.81830	0.00430	0.00215	0.00538
77	0.00986	0.02542	0.80183	0.01401	0.02127	0.01141	0.01816	0.01556	0.01038	0.01556	0.00882	0.01038	0.00623	0.00467	0.00467	0.00156	0.00726	0.00363	0.00208	0.00726
78	0.00928	0.00873	0.01474	0.81548	0.03385	0.01092	0.01365	0.01256	0.00983	0.01256	0.00873	0.01310	0.00655	0.00491	0.00491	0.00164	0.00655	0.00437	0.00218	0.00546
79	0.01222	0.01056	0.01111	0.01000	0.01278	0.01222	0.00778	0.02611	0.78776	0.02056	0.02000	0.01833	0.01500	0.00667	0.00500	0.00167	0.00389	0.00556	0.00500	0.00778
80	0.00652	0.00501	0.00597	0.00573	0.00707	0.00445	0.00429	0.00843	0.01288	0.01727	0.51171	0.04072	0.33023	0.01096	0.00580	0.00159	0.00238	0.00945	0.00509	0.00445
81	0.01937	0.01804	0.01339	0.01144	0.01451	0.47990	0.00888	0.13480	0.01534	0.22051	0.01130	0.01135	0.00816	0.00546	0.00464	0.00136	0.00712	0.00382	0.00382	0.00679
82	0.03359	0.00990	0.01111	0.00956	0.01264	0.01074	0.00756	0.02523	0.54593	0.24713	0.01954	0.01764	0.01397	0.00645	0.00494	0.00162	0.00397	0.00531	0.00527	0.00789
83	0.01314	0.83025	0.02575	0.00841	0.01261	0.01945	0.00841	0.01472	0.00999	0.01156	0.00683	0.00788	0.00631	0.00420	0.00315	0.00105	0.00526	0.00263	0.00210	0.00631
84	0.00666	0.00483	0.00628	0.00630	0.00726	0.00445	0.00458	0.00856	0.01265	0.01761	0.56729	0.23972	0.07237	0.01152	0.00592	0.00167	0.00246	0.01025	0.00516	0.00445
85	0.00599	0.00428	0.00570	0.00684	0.00713	0.00399	0.00456	0.00684	0.00941	0.01254	0.02709	0.82409	0.03250	0.01540	0.00627	0.00200	0.00285	0.01397	0.00456	0.00399
86	0.00688	0.00465	0.00544	0.00570	0.00576	0.00459	0.00334	0.00708	0.00766	0.01022	0.01813	0.21294	0.02121	0.64196	0.02073	0.00413	0.00433	0.00870	0.00334	0.00321
87	0.86201	0.00950	0.00722	0.00646	0.00950	0.01102	0.00532	0.01445	0.00836	0.02205	0.00684	0.00798	0.00532	0.00456	0.00304	0.00152	0.00380	0.00266	0.00304	0.00532
88	0.00611	0.00491	0.00545	0.00548	0.00686	0.00425	0.00405	0.00758	0.01167	0.01478	0.23042	0.12884	0.52799	0.01218	0.00586	0.00167	0.00249	0.01040	0.00477	0.00425
89	0.00690	0.00502	0.00649	0.00612	0.00731	0.00461	0.00459	0.00916	0.01377	0.01938	0.75670	0.03724	0.08392	0.01017	0.00580	0.00155	0.00233	0.00896	0.00537	0.00461
90	0.01216	0.01168	0.01995	0.03016	0.79664	0.01168	0.01508	0.01508	0.01119	0.01605	0.00924	0.01216	0.00778	0.00438	0.00487	0.00146	0.00584	0.00438	0.00243	0.00778
91	0.01224	0.10140	0.29653	0.01761	0.25167	0.05214	0.02799	0.04222	0.06504	0.04760	0.01051	0.01282	0.00830	0.00504	0.00469	0.00149	0.00623	0.02648	0.00275	0.00727
92	0.01938	0.00779	0.01046	0.00822	0.01160	0.00674	0.00671	0.02127	0.01384	0.66577	0.09711	0.02094	0.07343	0.00694	0.00509	0.00153	0.00387	0.00573	0.00590	0.00769
93	0.01160	0.01326	0.02900	0.02071	0.02568	0.01243	0.77879	0.01574	0.01160	0.01574	0.00994	0.01326	0.00746	0.00414	0.00580	0.00166	0.00829	0.00580	0.00249	0.00663
94	0.01163	0.01160	0.02146	0.11028	0.34364	0.01173	0.28216	0.05278	0.01155	0.01598	0.01000	0.02779	0.00817	0.00601	0.03781	0.00183	0.02098	0.00509	0.00259	0.00690
95	0.01023	0.05509	0.35758	0.01320	0.04069	0.01061	0.13753	0.01540	0.09766	0.03535	0.03041	0.05104	0.09854	0.00638	0.00508	0.00160	0.00598	0.01793	0.00307	0.00664
96	0.00928	0.00873	0.01474	0.81548	0.03385	0.01092	0.01365	0.01256	0.00983	0.01256	0.00873	0.01310	0.00655	0.00491	0.00491	0.00164	0.00655	0.00437	0.00218	0.00546
97	0.01328	0.00971	0.01525	0.40810	0.20428	0.01064	0.01233	0.07171	0.01199	0.17781	0.01128	0.01354	0.00813	0.00510	0.00491	0.00156	0.00581	0.00449	0.00325	0.00681

[dist]
# distance from previous block
# <min> <max>
0	1

[block]
# block no. 4 follows, 51 sequences, length 25
# corresponding to MSA columns:
# 267-291
name=unknown_E
#
# <colnr> <probs for GDERKNQSTAVLIFYWHMCP>
#	G	D	E	R	K	N	Q	S	T	A	V	L	I	F	Y	W	H	M	C	P
0	0.01041	0.01035	0.01892	0.16782	0.26808	0.01063	0.23094	0.01337	0.01071	0.01465	0.03121	0.05471	0.05100	0.02908	0.02439	0.00185	0.03716	0.00576	0.00270	0.00628
1	0.12916	0.01171	0.01412	0.26511	0.19827	0.12325	0.01132	0.07937	0.01179	0.01636	0.01037	0.01558	0.00889	0.00569	0.00476	0.00158	0.00604	0.07762	0.00287	0.00616
2	0.00675	0.00498	0.00695	0.00852	0.04950	0.00477	0.00583	0.00805	0.01003	0.01339	0.04796	0.59633	0.03070	0.01428	0.00629	0.00201	0.00335	0.17152	0.00447	0.00432
3	0.11373	0.05649	0.06056	0.00912	0.01286	0.01026	0.02882	0.06646	0.21101	0.10810	0.03132	0.02942	0.01094	0.00544	0.00435	0.00134	0.00429	0.00435	0.00393	0.22719
4	0.01199	0.01363	0.11659	0.01169	0.10177	0.12837	0.00917	0.05221	0.01153	0.01615	0.00895	0.01050	0.00723	0.00423	0.00409	0.00105	0.00521	0.00332	0.02227	0.46006
5	0.00599	0.00428	0.00570	0.00684	0.00713	0.00399	0.00456	0.00684	0.00941	0.01254	0.02709	0.82409	0.03250	0.01540	0.00627	0.00200	0.00285	0.01397	0.00456	0.00399
6	0.01216	0.01168	0.01995	0.03016	0.79664	0.01168	0.01508	0.01508	0.01119	0.01605	0.00924	0.01216	0.00778	0.00438	0.00487	0.00146	0.00584	0.00438	0.00243	0.00778
7	0.00662	0.00493	0.00615	0.00601	0.00718	0.00447	0.00445	0.00856	0.01287	0.01763	0.56035	0.12402	0.19641	0.01111	0.00585	0.00162	0.00241	0.00974	0.00515	0.00447
8	0.00617	0.00499	0.00548	0.00536	0.00686	0.00430	0.00402	0.00775	0.01205	0.01530	0.28420	0.04396	0.55897	0.01169	0.00580	0.00162	0.00244	0.00990	0.00483	0.00430
9	0.00625	0.00500	0.00559	0.00544	0.00691	0.00434	0.00408	0.00791	0.01225	0.01576	0.33724	0.04321	0.50564	0.01152	0.00580	0.00162	0.00242	0.00980	0.00489	0.00434
10	0.01023	0.00824	0.00986	0.00958	0.01163	0.00905	0.02646	0.01835	0.39968	0.01785	0.02209	0.03391	0.02031	0.00948	0.00569	0.00189	0.00418	0.32621	0.04911	0.00621
11	0.01868	0.01376	0.01475	0.01131	0.01524	0.01524	0.00934	0.78025	0.02311	0.03097	0.01180	0.01180	0.00836	0.00590	0.00492	0.00147	0.00541	0.00442	0.00492	0.00836
12	0.02205	0.00836	0.01140	0.00874	0.01254	0.00722	0.00722	0.02395	0.01407	0.80004	0.01939	0.01673	0.01216	0.00608	0.00494	0.00152	0.00418	0.00494	0.00608	0.00836
13	0.01222	0.01056	0.01111	0.01000	0.01278	0.01222	0.00778	0.02611	0.78776	0.02056	0.02000	0.01833	0.01500	0.00667	0.00500	0.00167	0.00389	0.00556	0.00500	0.00778
14	0.00792	0.00566	0.00792	0.00905	0.01018	0.00566	0.00792	0.01018	0.01131	0.01471	0.02602	0.05543	0.02828	0.01358	0.00679	0.00226	0.00453	0.76356	0.00453	0.00453
15	0.01381	0.72806	0.02430	0.00887	0.01294	0.07739	0.00854	0.05506	0.01096	0.01261	0.00715	0.00816	0.00642	0.00436	0.00334	0.00109	0.00553	0.00276	0.00228	0.00637
16	0.00684	0.00490	0.00529	0.00520	0.00661	0.00437	0.00390	0.00859	0.01169	0.01603	0.23098	0.03818	0.43149	0.01035	0.00528	0.00152	0.00240	0.00871	0.19331	0.00437
17	0.01352	0.77070	0.02488	0.00872	0.01280	0.07761	0.00849	0.01508	0.01028	0.01160	0.00689	0.00796	0.00631	0.00427	0.00325	0.00107	0.00552	0.00267	0.00213	0.00626
18	0.01075	0.01075	0.01505	0.01290	0.01290	0.01505	0.01075	0.01183	0.00753	0.01183	0.00645	0.01075	0.00645	0.00860	0.01613	0.00215	0.81830	0.00430	0.00215	0.00538
19	0.00715	0.00476	0.00536	0.00536	0.00536	0.00476	0.00298	0.00715	0.00715	0.00953	0.01548	0.03216	0.01787	0.82729	0.02501	0.00476	0.00476	0.00715	0.00298	0.00298
20	0.46203	0.01013	0.00994	0.00810	0.01153	0.01096	0.00669	0.18315	0.01304	0.22488	0.01116	0.01107	0.00775	0.00524	0.00394	0.00151	0.00425	0.00363	0.00423	0.00677
21	0.03748	0.01332	0.05719	0.11142	0.42689	0.07747	0.07373	0.11225	0.01268	0.01735	0.00934	0.01183	0.00743	0.00469	0.00485	0.00149	0.00632	0.00431	0.00273	0.00724
22	0.00702	0.00527	0.00790	0.00790	0.00878	0.00614	0.00614	0.00878	0.00790	0.01141	0.01316	0.01931	0.01229	0.03686	0.80782	0.00790	0.01316	0.00527	0.00263	0.00439
23	0.00715	0.00476	0.00536	0.00536	0.00536	0.00476	0.00298	0.00715	0.00715	0.00953	0.01548	0.03216	0.01787	0.82729	0.02501	0.00476	0.00476	0.00715	0.00298	0.00298
24	0.21631	0.05880	0.01337	0.01189	0.07607	0.32789	0.00868	0.17463	0.01389	0.01853	0.00861	0.01015	0.00696	0.02869	0.00476	0.00147	0.00641	0.00349	0.00313	0.00628

[dist]
# distance from previous block
# <min> <max>
0	1

[block]
# block no. 5 follows, 51 sequences, length 21
# corresponding to MSA columns:
# 293-313
name=unknown_F
#
# <colnr> <probs for GDERKNQSTAVLIFYWHMCP>
#	G	D	E	R	K	N	Q	S	T	A	V	L	I	F	Y	W	H	M	C	P
0	0.00859	0.00470	0.00510	0.00500	0.00614	0.00459	0.00375	0.01089	0.01124	0.01868	0.21747	0.02308	0.02134	0.00684	0.00405	0.00125	0.00230	0.00570	0.63472	0.00459
1	0.01152	0.01117	0.01404	0.16224	0.22273	0.09427	0.01019	0.01466	0.05404	0.01522	0.00937	0.01156	0.00761	0.00439	0.00436	0.00120	0.00532	0.00374	0.00273	0.33964
2	0.35742	0.00752	0.00708	0.00653	0.00875	0.00807	0.00512	0.01300	0.10448	0.01954	0.23681	0.02475	0.16812	0.00785	0.00457	0.00157	0.00315	0.00622	0.00423	0.00520
3	0.00702	0.00505	0.00682	0.00762	0.00849	0.00485	0.00602	0.00879	0.01119	0.01494	0.18097	0.30987	0.05397	0.01345	0.00639	0.00201	0.00347	0.34000	0.00472	0.00436
4	0.00732	0.00571	0.00848	0.00831	0.00911	0.00687	0.00652	0.00902	0.00787	0.01144	0.01262	0.01861	0.01181	0.03456	0.74337	0.00743	0.07871	0.00519	0.00259	0.00447
5	0.00621	0.00444	0.00596	0.00710	0.00749	0.00419	0.00495	0.00723	0.00963	0.01280	0.02696	0.73410	0.03201	0.01518	0.00633	0.00203	0.00305	0.10173	0.00456	0.00405
6	0.01090	0.01784	0.36978	0.01599	0.08543	0.01106	0.22219	0.04279	0.01121	0.01628	0.00925	0.01133	0.00694	0.00438	0.00483	0.00144	0.00677	0.00419	0.00245	0.14494
7	0.86201	0.00950	0.00722	0.00646	0.00950	0.01102	0.00532	0.01445	0.00836	0.02205	0.00684	0.00798	0.00532	0.00456	0.00304	0.00152	0.00380	0.00266	0.00304	0.00532
8	0.01056	0.00967	0.01567	0.61001	0.16833	0.01141	0.01355	0.07550	0.01115	0.01468	0.00907	0.01283	0.00692	0.00490	0.00490	0.00159	0.00633	0.00437	0.00245	0.00611
9	0.01248	0.01182	0.01101	0.01027	0.01272	0.14222	0.00809	0.02224	0.52358	0.01812	0.01901	0.02330	0.01591	0.00762	0.00522	0.00171	0.00482	0.13849	0.00451	0.00686
10	0.00865	0.00759	0.01074	0.00981	0.01022	0.00986	0.00782	0.00993	0.00766	0.01140	0.01049	0.01687	0.01031	0.10250	0.38835	0.00510	0.36051	0.00503	0.00246	0.00468
11	0.01125	0.01134	0.01564	0.01288	0.07899	0.09348	0.19687	0.01384	0.01121	0.01557	0.04363	0.01362	0.04158	0.00461	0.00454	0.00115	0.00541	0.00433	0.00290	0.41717
12	0.00686	0.00502	0.00643	0.00608	0.00728	0.00460	0.00456	0.00909	0.01368	0.01916	0.73131	0.03760	0.10944	0.01025	0.00580	0.00156	0.00233	0.00901	0.00534	0.00460
13	0.01100	0.01061	0.01814	0.33102	0.37532	0.01149	0.08419	0.01496	0.06618	0.01500	0.00988	0.01307	0.00779	0.00473	0.00498	0.00156	0.00620	0.00459	0.00252	0.00678
14	0.00682	0.00499	0.00640	0.00611	0.00727	0.00457	0.00456	0.00900	0.01352	0.01890	0.70341	0.06685	0.10832	0.01045	0.00581	0.00157	0.00235	0.00920	0.00531	0.00457
15	0.00826	0.00675	0.00862	0.00961	0.04510	0.05522	0.00740	0.01018	0.01008	0.01323	0.01966	0.10794	0.02072	0.02107	0.29097	0.00414	0.00777	0.34500	0.00364	0.00465
16	0.01105	0.01164	0.02000	0.01568	0.01744	0.01412	0.28350	0.01322	0.00897	0.01322	0.00769	0.01164	0.00681	0.00702	0.01246	0.00198	0.53065	0.00483	0.00227	0.00582
17	0.01590	0.00933	0.01116	0.00948	0.01249	0.00958	0.00780	0.18357	0.17816	0.28802	0.03592	0.02445	0.03287	0.00781	0.00534	0.00169	0.00437	0.14947	0.00526	0.00734
18	0.01021	0.00908	0.01473	0.02089	0.47644	0.00898	0.01138	0.01287	0.01187	0.01671	0.20144	0.02522	0.02048	0.00726	0.00541	0.00161	0.00477	0.13065	0.00350	0.00649
19	0.01023	0.13314	0.47966	0.01246	0.01791	0.01209	0.05873	0.01502	0.05025	0.01521	0.05913	0.01390	0.04471	0.00557	0.00530	0.00153	0.05147	0.00438	0.00257	0.00671
20	0.01307	0.01513	0.10802	0.09106	0.25652	0.17454	0.01205	0.05689	0.12174	0.01626	0.01042	0.01205	0.00819	0.00494	0.00467	0.00142	0.00621	0.00408	0.00292	0.07983

[dist]
# distance from previous block
# <min> <max>
0	1

[block]
# block no. 6 follows, 51 sequences, length 17
# corresponding to MSA columns:
# 315-331
name=unknown_G
#
# <colnr> <probs for GDERKNQSTAVLIFYWHMCP>
#	G	D	E	R	K	N	Q	S	T	A	V	L	I	F	Y	W	H	M	C	P
0	0.01017	0.13098	0.19919	0.00950	0.01348	0.00984	0.00960	0.05146	0.04737	0.01597	0.05315	0.02282	0.06441	0.00703	0.00479	0.00145	0.00486	0.15147	0.00333	0.18913
1	0.01372	0.54240	0.02180	0.00989	0.01314	0.12600	0.00900	0.05190	0.01074	0.01261	0.00711	0.00869	0.00643	0.00515	0.00560	0.00129	0.14300	0.00307	0.00230	0.00617
2	0.00702	0.00527	0.00790	0.00790	0.00878	0.00614	0.00614	0.00878	0.00790	0.01141	0.01316	0.01931	0.01229	0.03686	0.80782	0.00790	0.01316	0.00527	0.00263	0.00439
3	0.00702	0.00496	0.00613	0.00651	0.00762	0.00449	0.00485	0.00845	0.01113	0.04809	0.15630	0.32356	0.27288	0.01299	0.00606	0.00183	0.00292	0.10505	0.00476	0.00440
4	0.01047	0.01600	0.29193	0.01234	0.01507	0.06283	0.01232	0.01306	0.00889	0.01287	0.00849	0.01317	0.00779	0.10901	0.01244	0.00221	0.37877	0.00435	0.00225	0.00576
5	0.02074	0.00889	0.01154	0.00902	0.01271	0.00821	0.00739	0.06247	0.10413	0.67085	0.01907	0.01666	0.01230	0.00614	0.00495	0.00154	0.00421	0.00499	0.00590	0.00830
6	0.01264	0.00623	0.00756	0.00659	0.00864	0.00591	0.00516	0.01563	0.06605	0.25080	0.21260	0.02246	0.02111	0.00698	0.00458	0.00139	0.00297	0.00584	0.33092	0.00594
7	0.00596	0.00437	0.00560	0.00659	0.00706	0.00401	0.00445	0.00687	0.00965	0.01264	0.03018	0.71814	0.13645	0.01499	0.00621	0.00195	0.00280	0.01348	0.00456	0.00401
8	0.01036	0.00783	0.01078	0.01231	0.18017	0.00784	0.00772	0.04705	0.11928	0.07390	0.43039	0.02641	0.02969	0.00790	0.00539	0.00154	0.00356	0.00699	0.00473	0.00617
9	0.01222	0.01056	0.01111	0.01000	0.01278	0.01222	0.00778	0.02611	0.78776	0.02056	0.02000	0.01833	0.01500	0.00667	0.00500	0.00167	0.00389	0.00556	0.00500	0.00778
10	0.00617	0.00453	0.00579	0.00645	0.00711	0.00415	0.00447	0.00740	0.01063	0.01420	0.19672	0.54716	0.13947	0.01383	0.00611	0.00185	0.00269	0.01238	0.00475	0.00415
11	0.00713	0.00485	0.00571	0.00567	0.00596	0.00477	0.00351	0.00772	0.00876	0.01192	0.18492	0.03398	0.02443	0.62081	0.02019	0.00398	0.00422	0.03451	0.00356	0.00339
12	0.01131	0.15701	0.28300	0.01536	0.05290	0.02974	0.22186	0.01493	0.01029	0.01428	0.00840	0.01084	0.00668	0.00507	0.00656	0.00158	0.13718	0.00418	0.00223	0.00661
13	0.00593	0.00494	0.00513	0.00519	0.00666	0.00424	0.00381	0.00710	0.01079	0.01298	0.04562	0.08324	0.68986	0.05730	0.03346	0.00205	0.00298	0.01020	0.00441	0.00409
14	0.01075	0.01075	0.01505	0.01290	0.01290	0.01505	0.01075	0.01183	0.00753	0.01183	0.00645	0.01075	0.00645	0.00860	0.01613	0.00215	0.81830	0.00430	0.00215	0.00538
15	0.01002	0.01228	0.12615	0.41543	0.05383	0.01120	0.24036	0.01378	0.01046	0.01402	0.00980	0.04258	0.00777	0.00502	0.00519	0.00164	0.00700	0.00504	0.00235	0.00607
16	0.01437	0.01286	0.01332	0.01319	0.11284	0.12785	0.00928	0.11812	0.39789	0.06160	0.01506	0.01487	0.01139	0.00612	0.00547	0.00158	0.04771	0.00482	0.00421	0.00746

[dist]
# distance from previous block
# <min> <max>
3	15

[block]
# block no. 7 follows, 51 sequences, length 25
# corresponding to MSA columns:
# 347-371
name=unknown_H
#
# <colnr> <probs for GDERKNQSTAVLIFYWHMCP>
#	G	D	E	R	K	N	Q	S	T	A	V	L	I	F	Y	W	H	M	C	P
0	0.29583	0.01113	0.07544	0.01048	0.01215	0.01278	0.00921	0.01279	0.00806	0.01553	0.00724	0.01039	0.00646	0.00891	0.06617	0.00229	0.42343	0.00376	0.00248	0.00544
1	0.01314	0.83025	0.02575	0.00841	0.01261	0.01945	0.00841	0.01472	0.00999	0.01156	0.00683	0.00788	0.00631	0.00420	0.00315	0.00105	0.00526	0.00263	0.00210	0.00631
2	0.00671	0.00501	0.00623	0.00593	0.00719	0.00453	0.00445	0.00880	0.01334	0.01834	0.63642	0.03895	0.20485	0.01055	0.00580	0.00157	0.00235	0.00920	0.00523	0.00453
3	0.00599	0.00428	0.00570	0.00684	0.00713	0.00399	0.00456	0.00684	0.00941	0.01254	0.02709	0.82409	0.03250	0.01540	0.00627	0.00200	0.00285	0.01397	0.00456	0.00399
4	0.00649	0.00506	0.00592	0.00585	0.00724	0.00449	0.00448	0.00829	0.01239	0.01620	0.37226	0.04337	0.40348	0.01150	0.00589	0.00166	0.00259	0.07352	0.00493	0.00439
5	0.00715	0.00476	0.00536	0.00536	0.00536	0.00476	0.00298	0.00715	0.00715	0.00953	0.01548	0.03216	0.01787	0.82729	0.02501	0.00476	0.00476	0.00715	0.00298	0.00298
6	0.00599	0.00428	0.00570	0.00684	0.00713	0.00399	0.00456	0.00684	0.00941	0.01254	0.02709	0.82409	0.03250	0.01540	0.00627	0.00200	0.00285	0.01397	0.00456	0.00399
7	0.01222	0.01056	0.01111	0.01000	0.01278	0.01222	0.00778	0.02611	0.78776	0.02056	0.02000	0.01833	0.01500	0.00667	0.00500	0.00167	0.00389	0.00556	0.00500	0.00778
8	0.86201	0.00950	0.00722	0.00646	0.00950	0.01102	0.00532	0.01445	0.00836	0.02205	0.00684	0.00798	0.00532	0.00456	0.00304	0.00152	0.00380	0.00266	0.00304	0.00532
9	0.01169	0.01299	0.02747	0.02230	0.15545	0.01230	0.65025	0.01563	0.01153	0.01579	0.00982	0.01307	0.00751	0.00418	0.00564	0.00162	0.00787	0.00556	0.00248	0.00682
10	0.01056	0.19691	0.63646	0.01281	0.01942	0.01312	0.01608	0.01538	0.01029	0.01471	0.00840	0.00984	0.00624	0.00457	0.00435	0.00145	0.00684	0.00342	0.00208	0.00706
11	0.00986	0.02542	0.80183	0.01401	0.02127	0.01141	0.01816	0.01556	0.01038	0.01556	0.00882	0.01038	0.00623	0.00467	0.00467	0.00156	0.00726	0.00363	0.00208	0.00726
12	0.00581	0.00498	0.00498	0.00498	0.00664	0.00415	0.00373	0.00705	0.01120	0.01328	0.04978	0.04729	0.79464	0.01245	0.00581	0.00166	0.00249	0.01037	0.00456	0.00415
13	0.01047	0.17587	0.65676	0.01296	0.01965	0.01291	0.01633	0.01540	0.01030	0.01482	0.00845	0.00991	0.00624	0.00458	0.00439	0.00146	0.00689	0.00344	0.00208	0.00708
14	0.04003	0.01053	0.01250	0.00969	0.01343	0.01062	0.00798	0.32154	0.04841	0.43016	0.03309	0.01508	0.01136	0.00608	0.00491	0.00151	0.00460	0.00479	0.00549	0.00818
15	0.00944	0.00676	0.00837	0.00865	0.01016	0.00706	0.00687	0.01443	0.22115	0.06637	0.02427	0.26344	0.02486	0.01174	0.00604	0.00198	0.00385	0.29430	0.00476	0.00550
16	0.01580	0.00805	0.01006	0.00831	0.01121	0.00773	0.00665	0.05037	0.15876	0.40471	0.20625	0.02286	0.05242	0.00739	0.00519	0.00156	0.00366	0.00620	0.00561	0.00719
17	0.04515	0.01424	0.01963	0.01525	0.01834	0.17418	0.31122	0.05246	0.03568	0.06584	0.00957	0.01192	0.00750	0.00564	0.00763	0.00167	0.19019	0.00468	0.00286	0.00634
18	0.01120	0.01202	0.02460	0.02166	0.20884	0.01144	0.52172	0.01473	0.01129	0.01551	0.01141	0.09036	0.00992	0.00527	0.00562	0.00164	0.00718	0.00624	0.00267	0.00665
19	0.00642	0.00515	0.00584	0.00607	0.00755	0.00456	0.00482	0.00802	0.01149	0.01423	0.11510	0.04824	0.53942	0.01249	0.00604	0.00179	0.00296	0.19090	0.00464	0.00429
