[name]
unknown

[dist]
# distance from previous block
# <min> <max>
13	43

[block]
# block no. 0 follows, 46 sequences, length 8
# corresponding to MSA columns:
# 53-60
name=unknown_A
#
# <colnr> <probs for GDERKNQSTAVLIFYWHMCP>
#	G	D	E	R	K	N	Q	S	T	A	V	L	I	F	Y	W	H	M	C	P
0	0.01786	0.00930	0.01225	0.00930	0.01344	0.00794	0.03304	0.02090	0.06059	0.43058	0.04981	0.01664	0.01301	0.00585	0.00494	0.00138	0.00435	0.00487	0.00521	0.27874
1	0.01100	0.00814	0.01076	0.00859	0.01168	0.00705	0.05286	0.05482	0.01348	0.08476	0.26712	0.08433	0.05041	0.00788	0.00532	0.00139	0.00381	0.00691	0.00460	0.30511
2	0.01151	0.01041	0.01476	0.24778	0.17917	0.01068	0.01119	0.01664	0.14826	0.01702	0.01170	0.01391	0.00921	0.00507	0.00486	0.00142	0.00538	0.00443	0.00320	0.27341
3	0.01026	0.00850	0.00971	0.00868	0.01129	0.00836	0.00656	0.01681	0.28750	0.01830	0.07850	0.23370	0.02147	0.00907	0.00540	0.00159	0.00367	0.00789	0.00464	0.24812
4	0.11880	0.01253	0.01293	0.01082	0.01432	0.01422	0.00868	0.30582	0.39441	0.02657	0.01643	0.01569	0.01214	0.00658	0.00509	0.00170	0.00479	0.00513	0.00509	0.00828
5	0.01971	0.01260	0.01627	0.01241	0.01663	0.01301	0.10158	0.37492	0.08420	0.26866	0.01579	0.01517	0.01078	0.00625	0.00542	0.00164	0.00564	0.00522	0.00537	0.00871
6	0.01546	0.00719	0.01008	0.00881	0.01124	0.00690	0.00698	0.01730	0.01200	0.39675	0.01933	0.11645	0.01582	0.02034	0.30467	0.00430	0.00799	0.00664	0.00493	0.00680
7	0.67790	0.00997	0.00871	0.00747	0.01091	0.01100	0.00615	0.01768	0.01028	0.18339	0.01019	0.01056	0.00727	0.00525	0.00370	0.00164	0.00418	0.00338	0.00396	0.00641

[dist]
# distance from previous block
# <min> <max>
1	3

[block]
# block no. 1 follows, 46 sequences, length 9
# corresponding to MSA columns:
# 64-72
name=unknown_B
#
# <colnr> <probs for GDERKNQSTAVLIFYWHMCP>
#	G	D	E	R	K	N	Q	S	T	A	V	L	I	F	Y	W	H	M	C	P
0	0.01500	0.01133	0.01291	0.01201	0.09577	0.06582	0.00850	0.02077	0.22195	0.17313	0.01502	0.01492	0.01117	0.00554	0.00480	0.00136	0.00476	0.00455	0.00436	0.29634
1	0.01240	0.01060	0.01290	0.18834	0.01872	0.01107	0.00924	0.09575	0.26133	0.01965	0.01370	0.01472	0.01049	0.00554	0.00485	0.00142	0.00491	0.00458	0.00391	0.29588
2	0.01315	0.01136	0.01195	0.01076	0.01375	0.01315	0.00837	0.02809	0.77168	0.02211	0.02152	0.01972	0.01614	0.00717	0.00538	0.00179	0.00418	0.00598	0.00538	0.00837
3	0.01410	0.01126	0.01265	0.00932	0.01386	0.01026	0.00756	0.27113	0.01574	0.02276	0.01053	0.01156	0.00823	0.00475	0.00439	0.00106	0.00457	0.00369	0.00387	0.55873
4	0.01218	0.01256	0.01971	0.02243	0.34659	0.09461	0.19250	0.01496	0.01203	0.01589	0.01419	0.18964	0.01401	0.00735	0.00576	0.00173	0.00655	0.00722	0.00315	0.00693
5	0.00920	0.00679	0.00793	0.00797	0.00900	0.00704	0.00554	0.09960	0.10695	0.01614	0.02321	0.42883	0.02571	0.20742	0.01129	0.00276	0.00403	0.01090	0.00460	0.00510
6	0.00945	0.00821	0.00839	0.10122	0.01113	0.10494	0.00580	0.01039	0.00977	0.01225	0.09630	0.02887	0.01921	0.49277	0.05683	0.00405	0.00607	0.00690	0.00330	0.00415
7	0.01376	0.00924	0.01098	0.00955	0.01155	0.00997	0.00745	0.32059	0.04400	0.02042	0.01333	0.01997	0.01188	0.01253	0.01215	0.36548	0.00511	0.09247	0.00395	0.00559
8	0.20240	0.01390	0.01245	0.28181	0.02070	0.24921	0.00996	0.01554	0.01175	0.01574	0.01411	0.01608	0.10367	0.00627	0.00479	0.00161	0.00659	0.00470	0.00299	0.00574

[dist]
# distance from previous block
# <min> <max>
3	13

[block]
# block no. 2 follows, 46 sequences, length 19
# corresponding to MSA columns:
# 86-104
name=unknown_C
#
# <colnr> <probs for GDERKNQSTAVLIFYWHMCP>
#	G	D	E	R	K	N	Q	S	T	A	V	L	I	F	Y	W	H	M	C	P
0	0.01504	0.01159	0.01755	0.09074	0.34896	0.01198	0.04704	0.05680	0.16818	0.15589	0.01438	0.01544	0.01070	0.00566	0.00533	0.00165	0.00570	0.00515	0.00399	0.00823
1	0.05273	0.01138	0.01204	0.01044	0.01347	0.03228	0.00830	0.21583	0.33948	0.07744	0.01959	0.05752	0.03226	0.03108	0.00608	0.00187	0.00476	0.06061	0.00514	0.00772
2	0.10914	0.00997	0.01170	0.00958	0.01319	0.01008	0.00775	0.05278	0.24190	0.42705	0.03778	0.01783	0.01395	0.00665	0.00514	0.00168	0.00436	0.00533	0.00578	0.00836
3	0.00856	0.00687	0.00996	0.06886	0.04790	0.00704	0.04169	0.01177	0.08721	0.01536	0.02487	0.38174	0.02726	0.01313	0.00657	0.00212	0.00441	0.22482	0.00455	0.00530
4	0.02372	0.00900	0.01227	0.00941	0.01350	0.00777	0.00777	0.02576	0.01513	0.78489	0.02086	0.01799	0.01309	0.00654	0.00532	0.00164	0.00450	0.00532	0.00654	0.00900
5	0.00998	0.00940	0.01586	0.80150	0.03641	0.01175	0.01468	0.01351	0.01057	0.01351	0.00940	0.01409	0.00705	0.00529	0.00529	0.00176	0.00705	0.00470	0.00235	0.00587
6	0.01096	0.00940	0.01096	0.00783	0.01253	0.00705	0.00626	0.01331	0.01096	0.01723	0.00940	0.01096	0.00783	0.00392	0.00392	0.00078	0.00392	0.00313	0.00313	0.84653
7	0.01952	0.01452	0.01554	0.01205	0.01617	0.01612	0.00991	0.70241	0.08699	0.03239	0.01343	0.01328	0.00959	0.00641	0.00530	0.00160	0.00568	0.00486	0.00530	0.00894
8	0.01315	0.01136	0.01195	0.01076	0.01375	0.01315	0.00837	0.02809	0.77168	0.02211	0.02152	0.01972	0.01614	0.00717	0.00538	0.00179	0.00418	0.00598	0.00538	0.00837
9	0.09243	0.00936	0.01206	0.00933	0.01335	0.00850	0.00770	0.05819	0.01506	0.68767	0.01937	0.01697	0.01229	0.00640	0.00514	0.00163	0.00452	0.00509	0.00621	0.00872
10	0.00718	0.00545	0.00665	0.00650	0.00792	0.00492	0.00498	0.00931	0.01382	0.01859	0.48966	0.04472	0.27596	0.01193	0.00633	0.00177	0.00275	0.07130	0.00546	0.00481
11	0.00998	0.00940	0.01586	0.80150	0.03641	0.01175	0.01468	0.01351	0.01057	0.01351	0.00940	0.01409	0.00705	0.00529	0.00529	0.00176	0.00705	0.00470	0.00235	0.00587
12	0.18773	0.00938	0.01090	0.00836	0.01249	0.00835	0.00683	0.01937	0.01244	0.36410	0.01414	0.01364	0.00977	0.00530	0.00441	0.00134	0.00421	0.00406	0.00470	0.29846
13	0.00748	0.00540	0.00707	0.00665	0.00790	0.00499	0.00499	0.00998	0.01496	0.02120	0.77844	0.03949	0.04988	0.01081	0.00624	0.00166	0.00249	0.00956	0.00582	0.00499
14	0.85155	0.01022	0.00777	0.00695	0.01022	0.01186	0.00573	0.01554	0.00900	0.02372	0.00736	0.00859	0.00573	0.00491	0.00327	0.00164	0.00409	0.00286	0.00327	0.00573
15	0.00756	0.00562	0.00829	0.00829	0.00917	0.00650	0.00636	0.00931	0.00844	0.01212	0.01434	0.02179	0.01366	0.09685	0.73667	0.00825	0.01349	0.00581	0.00286	0.00461
16	0.06502	0.01244	0.05757	0.01073	0.01490	0.01195	0.00920	0.28229	0.11577	0.33915	0.01672	0.01547	0.01129	0.00638	0.00519	0.00164	0.00509	0.00499	0.00553	0.00867
17	0.06937	0.01184	0.01373	0.01058	0.01469	0.01213	0.00874	0.37786	0.01943	0.38208	0.01618	0.01492	0.01071	0.00636	0.00519	0.00161	0.00511	0.00491	0.00576	0.00881
18	0.01573	0.02125	0.17322	0.01446	0.01797	0.35861	0.06554	0.07757	0.01341	0.01558	0.00873	0.01087	0.00707	0.00614	0.00753	0.00167	0.17115	0.00406	0.00274	0.00670

[dist]
# distance from previous block
# <min> <max>
0	6

[block]
# block no. 3 follows, 46 sequences, length 8
# corresponding to MSA columns:
# 111-118
name=unknown_D
#
# <colnr> <probs for GDERKNQSTAVLIFYWHMCP>
#	G	D	E	R	K	N	Q	S	T	A	V	L	I	F	Y	W	H	M	C	P
0	0.33460	0.01267	0.01218	0.01016	0.01343	0.04412	0.00827	0.27658	0.13208	0.02549	0.01138	0.01200	0.00860	0.00613	0.00549	0.00169	0.06948	0.00416	0.00420	0.00728
1	0.01212	0.01137	0.02151	0.24339	0.17066	0.01161	0.29141	0.01556	0.01173	0.06536	0.01203	0.05715	0.00997	0.03484	0.00649	0.00187	0.00715	0.00597	0.00296	0.00684
2	0.06466	0.00933	0.01448	0.25286	0.07280	0.01025	0.10627	0.01501	0.12970	0.01633	0.01682	0.19733	0.01615	0.00846	0.00573	0.00187	0.00558	0.04656	0.00365	0.00617
3	0.00767	0.00519	0.00612	0.00612	0.00624	0.00531	0.00364	0.00791	0.00779	0.01051	0.01634	0.03283	0.01845	0.71514	0.12493	0.00556	0.00628	0.00743	0.00316	0.00340
4	0.01330	0.63024	0.20752	0.01047	0.01577	0.01887	0.01153	0.01605	0.01084	0.01346	0.00786	0.00912	0.00676	0.00464	0.00378	0.00126	0.00617	0.00308	0.00225	0.00703
5	0.01164	0.01238	0.05097	0.01479	0.01914	0.01119	0.30718	0.01479	0.01112	0.01639	0.00953	0.01237	0.00772	0.00501	0.00698	0.00145	0.13113	0.00463	0.00279	0.34878
6	0.00811	0.00642	0.00983	0.00876	0.00968	0.00620	0.12220	0.00905	0.00907	0.01214	0.01898	0.23377	0.02158	0.47975	0.01842	0.00383	0.00518	0.00938	0.00356	0.00410
7	0.01340	0.01127	0.00940	0.00873	0.01017	0.22551	0.00609	0.01422	0.01120	0.13244	0.01654	0.12427	0.01681	0.36009	0.01477	0.00315	0.00600	0.00706	0.00381	0.00507

[dist]
# distance from previous block
# <min> <max>
6	14

[block]
# block no. 4 follows, 46 sequences, length 35
# corresponding to MSA columns:
# 133-167
name=unknown_E
#
# <colnr> <probs for GDERKNQSTAVLIFYWHMCP>
#	G	D	E	R	K	N	Q	S	T	A	V	L	I	F	Y	W	H	M	C	P
0	0.01622	0.00821	0.01045	0.00868	0.01158	0.00778	0.00691	0.04848	0.11508	0.37475	0.29933	0.02593	0.02687	0.00819	0.00566	0.00166	0.00377	0.00694	0.00608	0.00744
1	0.02799	0.00555	0.00719	0.00745	0.00861	0.00528	0.00579	0.00979	0.01319	0.01833	0.41714	0.17246	0.07950	0.01267	0.00651	0.00193	0.00321	0.18725	0.00533	0.00483
2	0.01254	0.49385	0.29827	0.01108	0.01662	0.01702	0.01259	0.01586	0.01110	0.01442	0.04692	0.01100	0.00892	0.00502	0.00412	0.00135	0.00627	0.00355	0.00243	0.00706
3	0.01955	0.01249	0.01270	0.01067	0.01408	0.14657	0.00860	0.10262	0.12564	0.38043	0.01859	0.02045	0.01376	0.00724	0.00543	0.00169	0.00551	0.08058	0.00540	0.00798
4	0.01536	0.01079	0.01690	0.07198	0.42056	0.01066	0.01254	0.01879	0.05625	0.22827	0.01623	0.01793	0.04978	0.00607	0.00537	0.00165	0.00550	0.02327	0.00401	0.00810
5	0.01277	0.01224	0.02089	0.11094	0.70521	0.01248	0.01607	0.01595	0.01189	0.01689	0.00989	0.01319	0.00824	0.00477	0.00524	0.00159	0.00636	0.00471	0.00259	0.00812
6	0.01179	0.05974	0.62601	0.01443	0.02124	0.01332	0.01760	0.09268	0.01235	0.01799	0.00956	0.01123	0.00695	0.00540	0.00576	0.00168	0.05797	0.00399	0.00255	0.00776
7	0.00923	0.06566	0.27677	0.01061	0.01460	0.00901	0.05812	0.01298	0.01308	0.01847	0.37842	0.02681	0.06851	0.00816	0.00564	0.00165	0.00493	0.00707	0.00412	0.00618
8	0.01705	0.01813	0.01586	0.01339	0.01671	0.34630	0.08636	0.14673	0.24682	0.01954	0.01325	0.01365	0.01014	0.00602	0.00519	0.00157	0.00722	0.00470	0.00396	0.00739
9	0.01096	0.00940	0.01096	0.00783	0.01253	0.00705	0.00626	0.01331	0.01096	0.01723	0.00940	0.01096	0.00783	0.00392	0.00392	0.00078	0.00392	0.00313	0.00313	0.84653
10	0.01160	0.02041	0.38629	0.01889	0.02540	0.01286	0.41310	0.01684	0.01186	0.01684	0.01013	0.01280	0.00740	0.00472	0.00567	0.00173	0.00840	0.00514	0.00247	0.00745
11	0.00925	0.01178	0.14301	0.01272	0.01646	0.00870	0.23801	0.01258	0.01240	0.01650	0.11950	0.03265	0.25089	0.00909	0.00615	0.00182	0.00563	0.08303	0.00389	0.00593
12	0.01234	0.01180	0.02011	0.21723	0.60227	0.01236	0.01585	0.01557	0.01169	0.01637	0.00981	0.01333	0.00806	0.00485	0.00525	0.00162	0.00646	0.00471	0.00255	0.00777
13	0.00757	0.00561	0.00822	0.00822	0.00906	0.00646	0.00626	0.00926	0.00841	0.01206	0.01442	0.02219	0.01383	0.11933	0.71442	0.00815	0.01323	0.00587	0.00287	0.00456
14	0.01289	0.01236	0.02110	0.08115	0.73406	0.01251	0.01613	0.01605	0.01194	0.01703	0.00991	0.01315	0.00829	0.00475	0.00524	0.00158	0.00633	0.00471	0.00260	0.00822
15	0.15666	0.02161	0.01389	0.01254	0.01513	0.60060	0.00958	0.01951	0.01343	0.01470	0.00794	0.00954	0.00664	0.00567	0.00554	0.00148	0.07330	0.00341	0.00278	0.00603
16	0.00673	0.00486	0.00643	0.00757	0.00811	0.00456	0.00537	0.00789	0.01054	0.01388	0.03054	0.65405	0.08214	0.01608	0.00680	0.00216	0.00330	0.11971	0.00490	0.00439
17	0.01060	0.02735	0.78682	0.01507	0.02288	0.01228	0.01953	0.01674	0.01116	0.01674	0.00949	0.01116	0.00670	0.00502	0.00502	0.00167	0.00781	0.00391	0.00223	0.00781
18	0.10376	0.01196	0.03237	0.01318	0.11194	0.01239	0.00955	0.19875	0.22922	0.17237	0.03941	0.01611	0.01259	0.00636	0.00513	0.00166	0.00493	0.00513	0.00495	0.00825
19	0.01308	0.01256	0.02146	0.03245	0.78123	0.01256	0.01622	0.01622	0.01204	0.01727	0.00994	0.01308	0.00837	0.00471	0.00523	0.00157	0.00628	0.00471	0.00262	0.00837
20	0.00625	0.00536	0.00536	0.00536	0.00714	0.00446	0.00402	0.00759	0.01205	0.01428	0.05355	0.05088	0.77909	0.01339	0.00625	0.00179	0.00268	0.01116	0.00491	0.00446
21	0.00829	0.00657	0.00918	0.00844	0.00992	0.00666	0.05348	0.01179	0.09494	0.01747	0.33958	0.11069	0.05820	0.06743	0.16972	0.00337	0.00572	0.00865	0.00467	0.00523
22	0.01431	0.06247	0.01826	0.02187	0.42023	0.01209	0.03399	0.10835	0.02682	0.09487	0.03917	0.01651	0.01151	0.08796	0.00741	0.00193	0.00579	0.00520	0.00354	0.00773
23	0.00642	0.00468	0.00605	0.00716	0.00761	0.00431	0.00482	0.00738	0.01032	0.01358	0.03163	0.73320	0.11091	0.01624	0.00670	0.00211	0.00303	0.01463	0.00491	0.00431
24	0.00644	0.00460	0.00613	0.00736	0.00767	0.00429	0.00491	0.00736	0.01012	0.01350	0.02914	0.81076	0.03497	0.01656	0.00675	0.00215	0.00307	0.01503	0.00491	0.00429
25	0.01060	0.02735	0.78682	0.01507	0.02288	0.01228	0.01953	0.01674	0.01116	0.01674	0.00949	0.01116	0.00670	0.00502	0.00502	0.00167	0.00781	0.00391	0.00223	0.00781
26	0.01626	0.01907	0.32982	0.01360	0.01934	0.01333	0.06121	0.31039	0.01716	0.12969	0.01239	0.01290	0.00856	0.00572	0.00524	0.00164	0.00664	0.00458	0.00405	0.00839
27	0.02010	0.01481	0.01587	0.01216	0.01639	0.01639	0.01005	0.76360	0.02486	0.03332	0.01269	0.01269	0.00899	0.00635	0.00529	0.00159	0.00582	0.00476	0.00529	0.00899
28	0.00655	0.00543	0.00577	0.00587	0.00757	0.00466	0.00453	0.00806	0.01222	0.01481	0.08955	0.05116	0.66384	0.01338	0.00635	0.00184	0.00289	0.08604	0.00495	0.00453
29	0.00708	0.00517	0.00668	0.00693	0.00791	0.00477	0.00506	0.00894	0.01294	0.01773	0.42450	0.29921	0.10909	0.01316	0.00646	0.00188	0.00282	0.04960	0.00538	0.00470
30	0.01212	0.00828	0.08766	0.00871	0.01098	0.00617	0.00724	0.01393	0.01181	0.24878	0.02536	0.46448	0.04817	0.01224	0.00612	0.00193	0.00398	0.01082	0.00513	0.00609
31	0.02094	0.01287	0.01460	0.01125	0.01539	0.01360	0.00928	0.50632	0.05123	0.26548	0.01557	0.01461	0.01054	0.00644	0.00530	0.00161	0.00534	0.00498	0.00568	0.00897
32	0.01519	0.01020	0.03000	0.02362	0.01331	0.01058	0.00806	0.04992	0.41176	0.20278	0.01860	0.01818	0.01367	0.00868	0.00776	0.13512	0.00452	0.00548	0.00504	0.00753
33	0.29266	0.04014	0.03993	0.12955	0.11389	0.01227	0.16606	0.03463	0.01146	0.09735	0.01024	0.01225	0.00762	0.00504	0.00474	0.00166	0.00604	0.00438	0.00325	0.00688
34	0.05143	0.03037	0.01441	0.02959	0.09305	0.09083	0.00941	0.25955	0.06840	0.13771	0.03139	0.01402	0.01051	0.00584	0.00493	0.00147	0.00549	0.00457	0.02093	0.11610

[dist]
# distance from previous block
# <min> <max>
0	23

[block]
# block no. 5 follows, 46 sequences, length 30
# corresponding to MSA columns:
# 191-220
name=unknown_F
#
# <colnr> <probs for GDERKNQSTAVLIFYWHMCP>
#	G	D	E	R	K	N	Q	S	T	A	V	L	I	F	Y	W	H	M	C	P
0	0.01301	0.07229	0.06989	0.02891	0.65151	0.01317	0.01564	0.01663	0.03737	0.01705	0.01011	0.01285	0.00841	0.00480	0.00509	0.00155	0.00626	0.00456	0.00266	0.00822
1	0.01656	0.01170	0.01349	0.01076	0.04005	0.01139	0.00843	0.31279	0.06151	0.13120	0.01303	0.01321	0.00953	0.00546	0.00478	0.00131	0.00484	0.00430	0.00458	0.32108
2	0.01682	0.32450	0.01931	0.01154	0.07002	0.06997	0.00924	0.12355	0.06407	0.17410	0.01376	0.01376	0.03726	0.00575	0.00453	0.00141	0.00552	0.00430	0.00394	0.02665
3	0.00847	0.00562	0.00744	0.00817	0.00908	0.00541	0.00612	0.03479	0.01155	0.05718	0.05970	0.48868	0.03187	0.03966	0.00737	0.00225	0.00374	0.20305	0.00499	0.00485
4	0.02007	0.00980	0.01243	0.05259	0.01464	0.00946	0.00823	0.16519	0.04109	0.49097	0.02138	0.04541	0.06953	0.00730	0.00543	0.00167	0.00470	0.00595	0.00586	0.00831
5	0.09528	0.07923	0.39948	0.01239	0.01815	0.01287	0.01381	0.08411	0.11457	0.10253	0.01225	0.01273	0.00877	0.00554	0.00483	0.00163	0.00627	0.00423	0.00349	0.00784
6	0.25767	0.01064	0.01179	0.00932	0.01321	0.01085	0.00770	0.18698	0.01555	0.40186	0.01521	0.01415	0.01009	0.00604	0.00473	0.00162	0.00468	0.00450	0.00534	0.00807
7	0.00644	0.00460	0.00613	0.00736	0.00767	0.00429	0.00491	0.00736	0.01012	0.01350	0.02914	0.81076	0.03497	0.01656	0.00675	0.00215	0.00307	0.01503	0.00491	0.00429
8	0.02130	0.01856	0.01396	0.01194	0.01524	0.46172	0.00926	0.04872	0.01538	0.31278	0.01324	0.01292	0.00932	0.00590	0.00500	0.00148	0.00745	0.00419	0.00429	0.00734
9	0.01308	0.01256	0.02146	0.03245	0.78123	0.01256	0.01622	0.01622	0.01204	0.01727	0.00994	0.01308	0.00837	0.00471	0.00523	0.00157	0.00628	0.00471	0.00262	0.00837
10	0.02372	0.00900	0.01227	0.00941	0.01350	0.00777	0.00777	0.02576	0.01513	0.78489	0.02086	0.01799	0.01309	0.00654	0.00532	0.00164	0.00450	0.00532	0.00654	0.00900
11	0.01308	0.01256	0.02146	0.03245	0.78123	0.01256	0.01622	0.01622	0.01204	0.01727	0.00994	0.01308	0.00837	0.00471	0.00523	0.00157	0.00628	0.00471	0.00262	0.00837
12	0.01109	0.13735	0.68112	0.01423	0.02158	0.01348	0.01807	0.01662	0.01110	0.01614	0.00919	0.01079	0.00671	0.00495	0.00480	0.00160	0.00751	0.00376	0.00224	0.00767
13	0.02358	0.00922	0.01241	0.00951	0.01361	0.00810	0.00786	0.05406	0.01550	0.75607	0.02054	0.01779	0.01293	0.00654	0.00532	0.00163	0.00455	0.00529	0.00650	0.00900
14	0.01471	0.01061	0.01148	0.00939	0.01178	0.01151	0.00708	0.43568	0.01741	0.02331	0.01441	0.02219	0.01343	0.35681	0.01467	0.00312	0.00552	0.00603	0.00438	0.00648
15	0.02032	0.01445	0.01565	0.01200	0.01622	0.01587	0.00991	0.71857	0.02426	0.07919	0.01319	0.01302	0.00924	0.00636	0.00529	0.00159	0.00574	0.00479	0.00537	0.00899
16	0.00672	0.00480	0.00646	0.00768	0.00811	0.00454	0.00540	0.00785	0.01040	0.01381	0.02898	0.70928	0.03435	0.01630	0.00682	0.00219	0.00331	0.11374	0.00490	0.00437
17	0.01413	0.81739	0.02770	0.00905	0.01357	0.02092	0.00905	0.01583	0.01074	0.01244	0.00735	0.00848	0.00678	0.00452	0.00339	0.00113	0.00565	0.00283	0.00226	0.00678
18	0.00998	0.00940	0.01586	0.80150	0.03641	0.01175	0.01468	0.01351	0.01057	0.01351	0.00940	0.01409	0.00705	0.00529	0.00529	0.00176	0.00705	0.00470	0.00235	0.00587
19	0.01218	0.01059	0.01155	0.01118	0.05447	0.01191	0.00819	0.02459	0.62470	0.02076	0.02535	0.02370	0.12195	0.00790	0.00549	0.00178	0.00409	0.00663	0.00516	0.00782
20	0.00644	0.00460	0.00613	0.00736	0.00767	0.00429	0.00491	0.00736	0.01012	0.01350	0.02914	0.81076	0.03497	0.01656	0.00675	0.00215	0.00307	0.01503	0.00491	0.00429
21	0.00938	0.00859	0.01190	0.01110	0.01123	0.01111	0.00872	0.01043	0.00896	0.01305	0.01642	0.35278	0.01891	0.01237	0.01282	0.00224	0.46235	0.00907	0.00342	0.00515
22	0.01076	0.01078	0.01930	0.51927	0.03133	0.01272	0.17975	0.01416	0.01065	0.01416	0.00934	0.01378	0.00725	0.00565	0.00718	0.00184	0.11850	0.00503	0.00242	0.00614
23	0.00837	0.00857	0.11560	0.00866	0.01023	0.00646	0.00760	0.01020	0.01000	0.01344	0.02054	0.07165	0.02244	0.36023	0.01547	0.00348	0.00532	0.29342	0.00378	0.00453
24	0.01033	0.01007	0.01799	0.69301	0.03519	0.01197	0.11874	0.01398	0.01084	0.01398	0.00958	0.01412	0.00718	0.00517	0.00542	0.00176	0.00731	0.00491	0.00239	0.00605
25	0.01534	0.68283	0.02542	0.00950	0.01386	0.07713	0.00908	0.04004	0.01177	0.06184	0.00843	0.00929	0.00725	0.00478	0.00367	0.00119	0.00587	0.00309	0.00266	0.00694
26	0.01256	0.01402	0.02984	0.02370	0.13256	0.01326	0.65819	0.01684	0.01242	0.01698	0.01059	0.01410	0.00807	0.00449	0.00610	0.00175	0.00855	0.00603	0.00267	0.00730
27	0.01357	0.22204	0.02336	0.01475	0.01841	0.07033	0.26161	0.08828	0.01240	0.01604	0.00963	0.01250	0.00804	0.00873	0.08096	0.00227	0.12284	0.00472	0.00279	0.00673
28	0.80642	0.01104	0.00816	0.00731	0.01056	0.05424	0.00597	0.01584	0.00932	0.02313	0.00741	0.00864	0.00578	0.00494	0.00335	0.00162	0.00438	0.00289	0.00324	0.00575
29	0.30099	0.05182	0.45518	0.01179	0.01775	0.01228	0.01386	0.01668	0.01057	0.05204	0.00916	0.01046	0.00664	0.00503	0.00437	0.00164	0.00630	0.00356	0.00278	0.00710

[dist]
# distance from previous block
# <min> <max>
0	1

[block]
# block no. 6 follows, 46 sequences, length 11
# corresponding to MSA columns:
# 222-232
name=unknown_G
#
# <colnr> <probs for GDERKNQSTAVLIFYWHMCP>
#	G	D	E	R	K	N	Q	S	T	A	V	L	I	F	Y	W	H	M	C	P
0	0.01805	0.01972	0.01433	0.01261	0.01566	0.45154	0.00969	0.15096	0.21810	0.01889	0.01250	0.01279	0.00967	0.00606	0.00502	0.00152	0.00747	0.00432	0.00387	0.00722
1	0.00962	0.00598	0.00801	0.00746	0.00904	0.00586	0.00574	0.01161	0.01214	0.12405	0.28664	0.03149	0.13142	0.04680	0.27534	0.00412	0.00687	0.00779	0.00469	0.00533
2	0.01014	0.00837	0.01005	0.00928	0.01060	0.00983	0.00700	0.01611	0.27993	0.01571	0.04930	0.02342	0.01648	0.21935	0.17558	0.00409	0.11877	0.00631	0.00389	0.00579
3	0.01157	0.01157	0.01619	0.01388	0.01388	0.01619	0.01157	0.01272	0.00810	0.01272	0.00694	0.01157	0.00694	0.00925	0.01735	0.00231	0.80453	0.00463	0.00231	0.00578
4	0.01975	0.02520	0.01498	0.01362	0.01634	0.79299	0.01021	0.02111	0.01498	0.01294	0.00817	0.00953	0.00681	0.00545	0.00477	0.00136	0.00953	0.00340	0.00272	0.00613
5	0.00769	0.00513	0.00577	0.00577	0.00577	0.00513	0.00320	0.00769	0.00769	0.01025	0.01666	0.03460	0.01922	0.81421	0.02691	0.00513	0.00513	0.00769	0.00320	0.00320
6	0.01351	0.67685	0.16274	0.01012	0.01523	0.01938	0.01091	0.01599	0.01082	0.01320	0.00773	0.00896	0.00677	0.00461	0.00368	0.00123	0.00604	0.00302	0.00226	0.00697
7	0.00641	0.00471	0.00602	0.00708	0.00759	0.00432	0.00478	0.00739	0.01039	0.01361	0.03257	0.70409	0.13942	0.01612	0.00668	0.00210	0.00301	0.01449	0.00491	0.00432
8	0.01315	0.01136	0.01195	0.01076	0.01375	0.01315	0.00837	0.02809	0.77168	0.02211	0.02152	0.01972	0.01614	0.00717	0.00538	0.00179	0.00418	0.00598	0.00538	0.00837
9	0.00762	0.00540	0.00718	0.00718	0.00767	0.00589	0.00497	0.00860	0.00811	0.01130	0.01536	0.02743	0.01611	0.41268	0.42418	0.00687	0.00981	0.00664	0.00301	0.00399
10	0.01819	0.00905	0.01108	0.00889	0.01179	0.00878	0.00688	0.17387	0.01493	0.39756	0.01791	0.02184	0.01406	0.24733	0.01175	0.00267	0.00496	0.00591	0.00529	0.00727

[dist]
# distance from previous block
# <min> <max>
0	7

[block]
# block no. 7 follows, 46 sequences, length 27
# corresponding to MSA columns:
# 240-266
name=unknown_H
#
# <colnr> <probs for GDERKNQSTAVLIFYWHMCP>
#	G	D	E	R	K	N	Q	S	T	A	V	L	I	F	Y	W	H	M	C	P
0	0.00966	0.00975	0.01866	0.01420	0.01754	0.00901	0.38091	0.01281	0.01286	0.01726	0.20923	0.07535	0.17198	0.00851	0.00627	0.00178	0.00575	0.00855	0.00402	0.00591
1	0.00755	0.00566	0.00850	0.00850	0.00944	0.00661	0.00661	0.00944	0.00850	0.01227	0.01416	0.02077	0.01322	0.03965	0.79326	0.00850	0.01416	0.00566	0.00283	0.00472
2	0.01624	0.01791	0.39686	0.01216	0.01792	0.00994	0.01354	0.02030	0.01276	0.35702	0.01481	0.01477	0.00992	0.00777	0.05232	0.00207	0.00672	0.00464	0.00418	0.00815
3	0.01138	0.01086	0.01750	0.29455	0.34355	0.02835	0.02898	0.01427	0.01107	0.01520	0.01121	0.07983	0.01007	0.00634	0.00643	0.00174	0.07669	0.00557	0.01961	0.00680
4	0.01981	0.02321	0.01515	0.01334	0.01635	0.64489	0.01018	0.16270	0.01686	0.01682	0.00903	0.01014	0.00723	0.00562	0.00487	0.00140	0.00882	0.00366	0.00321	0.00667
5	0.01221	0.40077	0.33825	0.10177	0.02000	0.01632	0.01400	0.01594	0.01089	0.01433	0.00846	0.01022	0.00678	0.00482	0.00428	0.00143	0.00670	0.00348	0.00226	0.00710
6	0.00818	0.00584	0.00813	0.00935	0.01041	0.00579	0.00793	0.01036	0.01183	0.01544	0.02818	0.18287	0.03117	0.01493	0.00721	0.00239	0.00457	0.62577	0.00487	0.00477
7	0.01034	0.00981	0.01273	0.01144	0.01193	0.05483	0.00921	0.01170	0.00859	0.01242	0.01019	0.01615	0.00993	0.06815	0.29658	0.00466	0.42839	0.00512	0.00258	0.00526
8	0.00649	0.00537	0.00569	0.00561	0.00729	0.00457	0.00421	0.00806	0.01262	0.01565	0.19649	0.04863	0.63530	0.01288	0.00625	0.00176	0.00264	0.01084	0.00509	0.00457
9	0.01060	0.02735	0.78682	0.01507	0.02288	0.01228	0.01953	0.01674	0.01116	0.01674	0.00949	0.01116	0.00670	0.00502	0.00502	0.00167	0.00781	0.00391	0.00223	0.00781
10	0.02372	0.00900	0.01227	0.00941	0.01350	0.00777	0.00777	0.02576	0.01513	0.78489	0.02086	0.01799	0.01309	0.00654	0.00532	0.00164	0.00450	0.00532	0.00654	0.00900
11	0.00644	0.00460	0.00613	0.00736	0.00767	0.00429	0.00491	0.00736	0.01012	0.01350	0.02914	0.81076	0.03497	0.01656	0.00675	0.00215	0.00307	0.01503	0.00491	0.00429
12	0.01975	0.02520	0.01498	0.01362	0.01634	0.79299	0.01021	0.02111	0.01498	0.01294	0.00817	0.00953	0.00681	0.00545	0.00477	0.00136	0.00953	0.00340	0.00272	0.00613
13	0.01315	0.01136	0.01195	0.01076	0.01375	0.01315	0.00837	0.02809	0.77168	0.02211	0.02152	0.01972	0.01614	0.00717	0.00538	0.00179	0.00418	0.00598	0.00538	0.00837
14	0.00755	0.00566	0.00850	0.00850	0.00944	0.00661	0.00661	0.00944	0.00850	0.01227	0.01416	0.02077	0.01322	0.03965	0.79326	0.00850	0.01416	0.00566	0.00283	0.00472
15	0.01832	0.01488	0.01411	0.01167	0.01525	0.14847	0.00930	0.32635	0.25056	0.11197	0.01554	0.01490	0.01127	0.00647	0.00523	0.00162	0.00581	0.00496	0.00502	0.00831
16	0.00711	0.00575	0.00641	0.00675	0.00810	0.00539	0.00486	0.00983	0.09781	0.01487	0.04040	0.34314	0.40252	0.01392	0.00634	0.00193	0.00300	0.01207	0.00496	0.00484
17	0.00817	0.00595	0.00804	0.00898	0.01026	0.00581	0.00771	0.01049	0.01239	0.01609	0.09342	0.05696	0.11731	0.01415	0.00709	0.00230	0.00442	0.60068	0.00495	0.00483
18	0.01354	0.01127	0.01197	0.01071	0.01374	0.01295	0.00835	0.02800	0.74336	0.05067	0.02149	0.01966	0.01602	0.00715	0.00538	0.00179	0.00420	0.00595	0.00542	0.00839
19	0.01308	0.01256	0.02146	0.03245	0.78123	0.01256	0.01622	0.01622	0.01204	0.01727	0.00994	0.01308	0.00837	0.00471	0.00523	0.00157	0.00628	0.00471	0.00262	0.00837
20	0.01975	0.02520	0.01498	0.01362	0.01634	0.79299	0.01021	0.02111	0.01498	0.01294	0.00817	0.00953	0.00681	0.00545	0.00477	0.00136	0.00953	0.00340	0.00272	0.00613
21	0.01308	0.01256	0.02146	0.03245	0.78123	0.01256	0.01622	0.01622	0.01204	0.01727	0.00994	0.01308	0.00837	0.00471	0.00523	0.00157	0.00628	0.00471	0.00262	0.00837
22	0.00840	0.00601	0.00835	0.00938	0.01060	0.00596	0.00812	0.01084	0.01249	0.01643	0.11346	0.05734	0.03264	0.01417	0.00718	0.00235	0.00460	0.66182	0.00498	0.00488
23	0.00755	0.00507	0.00581	0.00595	0.00598	0.00503	0.00340	0.00765	0.00797	0.01062	0.01808	0.12299	0.02101	0.72337	0.02461	0.00479	0.00489	0.00852	0.00340	0.00333
24	0.01172	0.00985	0.01137	0.00819	0.01285	0.00783	0.00658	0.07581	0.01212	0.01857	0.00967	0.01111	0.00793	0.00412	0.00403	0.00085	0.00407	0.00327	0.00331	0.77676
25	0.01572	0.01854	0.01625	0.01412	0.01573	0.40693	0.04443	0.01713	0.01176	0.01302	0.00773	0.01066	0.00692	0.00712	0.01052	0.00181	0.36895	0.00408	0.00254	0.00602
26	0.00883	0.00570	0.00750	0.00688	0.00836	0.00522	0.00522	0.01129	0.01498	0.08482	0.71533	0.03770	0.04682	0.01045	0.00616	0.00166	0.00266	0.00921	0.00588	0.00532

[dist]
# distance from previous block
# <min> <max>
0	1

[block]
# block no. 8 follows, 46 sequences, length 115
# corresponding to MSA columns:
# 268-382
name=unknown_I
#
# <colnr> <probs for GDERKNQSTAVLIFYWHMCP>
#	G	D	E	R	K	N	Q	S	T	A	V	L	I	F	Y	W	H	M	C	P
0	0.01975	0.02520	0.01498	0.01362	0.01634	0.79299	0.01021	0.02111	0.01498	0.01294	0.00817	0.00953	0.00681	0.00545	0.00477	0.00136	0.00953	0.00340	0.00272	0.00613
1	0.01147	0.01229	0.02498	0.33787	0.03119	0.01271	0.45935	0.01555	0.01171	0.01555	0.01017	0.01419	0.00763	0.00479	0.00585	0.00177	0.00816	0.00561	0.00254	0.00662
2	0.00644	0.00460	0.00613	0.00736	0.00767	0.00429	0.00491	0.00736	0.01012	0.01350	0.02914	0.81076	0.03497	0.01656	0.00675	0.00215	0.00307	0.01503	0.00491	0.00429
3	0.01308	0.01256	0.02146	0.03245	0.78123	0.01256	0.01622	0.01622	0.01204	0.01727	0.00994	0.01308	0.00837	0.00471	0.00523	0.00157	0.00628	0.00471	0.00262	0.00837
4	0.00639	0.00504	0.00576	0.00625	0.00740	0.00442	0.00443	0.00760	0.01138	0.01427	0.07676	0.36822	0.43420	0.01460	0.00646	0.00193	0.00283	0.01270	0.00495	0.00442
5	0.01975	0.02520	0.01498	0.01362	0.01634	0.79299	0.01021	0.02111	0.01498	0.01294	0.00817	0.00953	0.00681	0.00545	0.00477	0.00136	0.00953	0.00340	0.00272	0.00613
6	0.00852	0.00608	0.00852	0.00974	0.01095	0.00608	0.00852	0.01095	0.01217	0.01582	0.02799	0.05963	0.03042	0.01460	0.00730	0.00243	0.00487	0.74565	0.00487	0.00487
7	0.85155	0.01022	0.00777	0.00695	0.01022	0.01186	0.00573	0.01554	0.00900	0.02372	0.00736	0.00859	0.00573	0.00491	0.00327	0.00164	0.00409	0.00286	0.00327	0.00573
8	0.01975	0.02520	0.01498	0.01362	0.01634	0.79299	0.01021	0.02111	0.01498	0.01294	0.00817	0.00953	0.00681	0.00545	0.00477	0.00136	0.00953	0.00340	0.00272	0.00613
9	0.00625	0.00536	0.00536	0.00536	0.00714	0.00446	0.00402	0.00759	0.01205	0.01428	0.05355	0.05088	0.77909	0.01339	0.00625	0.00179	0.00268	0.01116	0.00491	0.00446
10	0.00755	0.00566	0.00850	0.00850	0.00944	0.00661	0.00661	0.00944	0.00850	0.01227	0.01416	0.02077	0.01322	0.03965	0.79326	0.00850	0.01416	0.00566	0.00283	0.00472
11	0.00767	0.00550	0.00726	0.00723	0.00770	0.00600	0.00501	0.00866	0.00843	0.01175	0.04780	0.05079	0.01806	0.39973	0.36075	0.00630	0.02712	0.00702	0.00318	0.00403
12	0.01366	0.01498	0.05803	0.08893	0.31478	0.09809	0.23722	0.06281	0.01304	0.01726	0.01002	0.01299	0.00792	0.00496	0.00571	0.00165	0.02267	0.00499	0.00276	0.00751
13	0.00768	0.00548	0.00755	0.00877	0.00962	0.00536	0.00706	0.00950	0.01134	0.01488	0.02846	0.36384	0.03226	0.01540	0.00708	0.00232	0.00414	0.44974	0.00488	0.00464
14	0.85155	0.01022	0.00777	0.00695	0.01022	0.01186	0.00573	0.01554	0.00900	0.02372	0.00736	0.00859	0.00573	0.00491	0.00327	0.00164	0.00409	0.00286	0.00327	0.00573
15	0.00695	0.00551	0.00666	0.00718	0.00828	0.00522	0.00543	0.00832	0.01123	0.01420	0.03871	0.31048	0.36173	0.01449	0.00711	0.00204	0.04015	0.13699	0.00478	0.00453
16	0.00801	0.00621	0.00886	0.00861	0.00929	0.00740	0.00656	0.00949	0.00831	0.01197	0.01381	0.02217	0.01358	0.17099	0.57536	0.00724	0.09883	0.00590	0.00284	0.00457
17	0.01308	0.01205	0.01804	0.01541	0.10097	0.01181	0.20137	0.09496	0.21132	0.02007	0.01329	0.01450	0.01022	0.00524	0.00517	0.00147	0.00571	0.00501	0.00376	0.23654
18	0.01308	0.01256	0.02146	0.03245	0.78123	0.01256	0.01622	0.01622	0.01204	0.01727	0.00994	0.01308	0.00837	0.00471	0.00523	0.00157	0.00628	0.00471	0.00262	0.00837
19	0.02372	0.00900	0.01227	0.00941	0.01350	0.00777	0.00777	0.02576	0.01513	0.78489	0.02086	0.01799	0.01309	0.00654	0.00532	0.00164	0.00450	0.00532	0.00654	0.00900
20	0.00656	0.00537	0.00579	0.00569	0.00733	0.00460	0.00426	0.00820	0.01279	0.01605	0.23875	0.04797	0.59279	0.01273	0.00624	0.00175	0.00263	0.01075	0.00514	0.00460
21	0.01308	0.01256	0.02146	0.03245	0.78123	0.01256	0.01622	0.01622	0.01204	0.01727	0.00994	0.01308	0.00837	0.00471	0.00523	0.00157	0.00628	0.00471	0.00262	0.00837
22	0.00852	0.00608	0.00852	0.00974	0.01095	0.00608	0.00852	0.01095	0.01217	0.01582	0.02799	0.05963	0.03042	0.01460	0.00730	0.00243	0.00487	0.74565	0.00487	0.00487
23	0.00755	0.00566	0.00850	0.00850	0.00944	0.00661	0.00661	0.00944	0.00850	0.01227	0.01416	0.02077	0.01322	0.03965	0.79326	0.00850	0.01416	0.00566	0.00283	0.00472
24	0.00998	0.00940	0.01586	0.80150	0.03641	0.01175	0.01468	0.01351	0.01057	0.01351	0.00940	0.01409	0.00705	0.00529	0.00529	0.00176	0.00705	0.00470	0.00235	0.00587
25	0.00852	0.00608	0.00852	0.00974	0.01095	0.00608	0.00852	0.01095	0.01217	0.01582	0.02799	0.05963	0.03042	0.01460	0.00730	0.00243	0.00487	0.74565	0.00487	0.00487
26	0.02372	0.00900	0.01227	0.00941	0.01350	0.00777	0.00777	0.02576	0.01513	0.78489	0.02086	0.01799	0.01309	0.00654	0.00532	0.00164	0.00450	0.00532	0.00654	0.00900
27	0.00644	0.00460	0.00613	0.00736	0.00767	0.00429	0.00491	0.00736	0.01012	0.01350	0.02914	0.81076	0.03497	0.01656	0.00675	0.00215	0.00307	0.01503	0.00491	0.00429
28	0.01413	0.81739	0.02770	0.00905	0.01357	0.02092	0.00905	0.01583	0.01074	0.01244	0.00735	0.00848	0.00678	0.00452	0.00339	0.00113	0.00565	0.00283	0.00226	0.00678
29	0.01701	0.01459	0.02207	0.01626	0.02094	0.01517	0.31461	0.46120	0.01984	0.02668	0.01188	0.01333	0.00860	0.00558	0.00567	0.00167	0.00707	0.00536	0.00423	0.00824
30	0.00748	0.00540	0.00707	0.00665	0.00790	0.00499	0.00499	0.00998	0.01496	0.02120	0.77844	0.03949	0.04988	0.01081	0.00624	0.00166	0.00249	0.00956	0.00582	0.00499
31	0.01096	0.00940	0.01096	0.00783	0.01253	0.00705	0.00626	0.01331	0.01096	0.01723	0.00940	0.01096	0.00783	0.00392	0.00392	0.00078	0.00392	0.00313	0.00313	0.84653
32	0.25817	0.01481	0.01451	0.01667	0.23751	0.19707	0.01042	0.10445	0.01327	0.01977	0.01087	0.01245	0.03975	0.00560	0.00487	0.00157	0.02394	0.00414	0.00324	0.00693
33	0.01880	0.02285	0.01457	0.01316	0.01597	0.65442	0.00994	0.04589	0.12564	0.01493	0.01026	0.01112	0.00824	0.00573	0.00487	0.00143	0.00863	0.00382	0.00319	0.00655
34	0.00906	0.00879	0.01701	0.01384	0.01633	0.00823	0.33356	0.01152	0.01114	0.01499	0.02113	0.46501	0.02327	0.01131	0.00653	0.00199	0.00560	0.01121	0.00394	0.00553
35	0.01512	0.01360	0.01979	0.02658	0.55787	0.04207	0.01443	0.20734	0.01542	0.02121	0.01058	0.01285	0.00847	0.00516	0.00523	0.00157	0.00628	0.00468	0.00330	0.00845
36	0.01172	0.01956	0.33723	0.01936	0.02571	0.01293	0.46132	0.01686	0.01194	0.01686	0.01021	0.01301	0.00748	0.00469	0.00575	0.00174	0.00847	0.00529	0.00249	0.00741
37	0.00644	0.00460	0.00613	0.00736	0.00767	0.00429	0.00491	0.00736	0.01012	0.01350	0.02914	0.81076	0.03497	0.01656	0.00675	0.00215	0.00307	0.01503	0.00491	0.00429
38	0.00998	0.00940	0.01586	0.80150	0.03641	0.01175	0.01468	0.01351	0.01057	0.01351	0.00940	0.01409	0.00705	0.00529	0.00529	0.00176	0.00705	0.00470	0.00235	0.00587
39	0.00644	0.00460	0.00613	0.00736	0.00767	0.00429	0.00491	0.00736	0.01012	0.01350	0.02914	0.81076	0.03497	0.01656	0.00675	0.00215	0.00307	0.01503	0.00491	0.00429
40	0.01295	0.01243	0.02122	0.06485	0.74985	0.01253	0.01616	0.01611	0.01198	0.01711	0.00992	0.01313	0.00832	0.00473	0.00524	0.00158	0.00631	0.00471	0.00261	0.00827
41	0.00630	0.00536	0.00543	0.00541	0.00717	0.00449	0.00406	0.00769	0.01217	0.01457	0.08409	0.05040	0.74837	0.01328	0.00625	0.00178	0.00267	0.01109	0.00495	0.00449
42	0.01284	0.01121	0.01338	0.16410	0.01860	0.01303	0.02873	0.05890	0.57079	0.02083	0.01849	0.01817	0.01384	0.00670	0.00538	0.00178	0.00493	0.00568	0.00472	0.00788
43	0.01127	0.01859	0.34474	0.01542	0.01939	0.01418	0.10756	0.01495	0.00994	0.01495	0.00848	0.01173	0.00697	0.00687	0.01075	0.00198	0.36859	0.00452	0.00232	0.00681
44	0.01975	0.02520	0.01498	0.01362	0.01634	0.79299	0.01021	0.02111	0.01498	0.01294	0.00817	0.00953	0.00681	0.00545	0.00477	0.00136	0.00953	0.00340	0.00272	0.00613
45	0.00625	0.00536	0.00536	0.00536	0.00714	0.00446	0.00402	0.00759	0.01205	0.01428	0.05355	0.05088	0.77909	0.01339	0.00625	0.00179	0.00268	0.01116	0.00491	0.00446
46	0.82453	0.01018	0.00792	0.00703	0.01033	0.01173	0.00579	0.01587	0.00920	0.04857	0.00780	0.00889	0.00597	0.00496	0.00334	0.00164	0.00410	0.00294	0.00338	0.00583
47	0.00663	0.00534	0.00590	0.00583	0.00739	0.00461	0.00435	0.00830	0.01284	0.01633	0.27062	0.08112	0.52667	0.01275	0.00627	0.00176	0.00264	0.01085	0.00518	0.00461
48	0.00644	0.00460	0.00613	0.00736	0.00767	0.00429	0.00491	0.00736	0.01012	0.01350	0.02914	0.81076	0.03497	0.01656	0.00675	0.00215	0.00307	0.01503	0.00491	0.00429
49	0.00766	0.00511	0.00577	0.00580	0.00581	0.00511	0.00324	0.00768	0.00775	0.01033	0.01696	0.05322	0.01960	0.79507	0.02642	0.00505	0.00508	0.00786	0.00324	0.00323
50	0.00698	0.00538	0.00637	0.00613	0.00759	0.00478	0.00459	0.00901	0.01378	0.01839	0.48431	0.04411	0.34576	0.01185	0.00624	0.00171	0.00257	0.01021	0.00545	0.00478
51	0.01079	0.01022	0.01732	0.60059	0.23100	0.01196	0.01508	0.01422	0.01095	0.01449	0.00954	0.01383	0.00739	0.00514	0.00527	0.00171	0.00685	0.00470	0.00242	0.00653
52	0.00852	0.00608	0.00852	0.00974	0.01095	0.00608	0.00852	0.01095	0.01217	0.01582	0.02799	0.05963	0.03042	0.01460	0.00730	0.00243	0.00487	0.74565	0.00487	0.00487
53	0.82748	0.01019	0.00790	0.00702	0.01032	0.01174	0.00578	0.01584	0.00918	0.04585	0.00775	0.00886	0.00594	0.00495	0.00333	0.00164	0.00410	0.00293	0.00337	0.00582
54	0.01470	0.01442	0.02672	0.01933	0.02435	0.01425	0.54242	0.23499	0.01609	0.02172	0.01128	0.01380	0.00830	0.00501	0.00596	0.00173	0.00801	0.00581	0.00344	0.00767
55	0.00756	0.00565	0.00843	0.00843	0.00936	0.00657	0.00653	0.00940	0.00848	0.01223	0.01422	0.02108	0.01335	0.05729	0.77580	0.00842	0.01395	0.00571	0.00284	0.00469
56	0.01955	0.01262	0.01413	0.01101	0.01492	0.01340	0.00903	0.51986	0.03864	0.19555	0.03373	0.03599	0.04259	0.00704	0.00539	0.00163	0.00522	0.00553	0.00555	0.00859
57	0.01405	0.79774	0.04658	0.00920	0.01380	0.02070	0.00931	0.01585	0.01075	0.01254	0.00740	0.00855	0.00678	0.00454	0.00343	0.00114	0.00571	0.00285	0.00226	0.00681
58	0.02372	0.00900	0.01227	0.00941	0.01350	0.00777	0.00777	0.02576	0.01513	0.78489	0.02086	0.01799	0.01309	0.00654	0.00532	0.00164	0.00450	0.00532	0.00654	0.00900
59	0.02372	0.00900	0.01227	0.00941	0.01350	0.00777	0.00777	0.02576	0.01513	0.78489	0.02086	0.01799	0.01309	0.00654	0.00532	0.00164	0.00450	0.00532	0.00654	0.00900
60	0.01758	0.01293	0.01398	0.01137	0.01508	0.01436	0.00918	0.40435	0.32652	0.09129	0.01695	0.01598	0.01223	0.00670	0.00533	0.00167	0.00505	0.00530	0.00543	0.00874
61	0.02010	0.01481	0.01587	0.01216	0.01639	0.01639	0.01005	0.76360	0.02486	0.03332	0.01269	0.01269	0.00899	0.00635	0.00529	0.00159	0.00582	0.00476	0.00529	0.00899
62	0.00769	0.00513	0.00577	0.00577	0.00577	0.00513	0.00320	0.00769	0.00769	0.01025	0.01666	0.03460	0.01922	0.81421	0.02691	0.00513	0.00513	0.00769	0.00320	0.00320
63	0.01060	0.02735	0.78682	0.01507	0.02288	0.01228	0.01953	0.01674	0.01116	0.01674	0.00949	0.01116	0.00670	0.00502	0.00502	0.00167	0.00781	0.00391	0.00223	0.00781
64	0.00769	0.00513	0.00577	0.00577	0.00577	0.00513	0.00320	0.00769	0.00769	0.01025	0.01666	0.03460	0.01922	0.81421	0.02691	0.00513	0.00513	0.00769	0.00320	0.00320
65	0.00642	0.00550	0.00552	0.00549	0.00730	0.00467	0.00412	0.00808	0.03049	0.01447	0.05278	0.05012	0.76056	0.01324	0.00623	0.00179	0.00271	0.01103	0.00492	0.00456
66	0.00852	0.00608	0.00852	0.00974	0.01095	0.00608	0.00852	0.01095	0.01217	0.01582	0.02799	0.05963	0.03042	0.01460	0.00730	0.00243	0.00487	0.74565	0.00487	0.00487
67	0.01961	0.01438	0.01526	0.01190	0.01597	0.03284	0.00976	0.63401	0.09704	0.07380	0.01391	0.01361	0.00987	0.00642	0.00529	0.00160	0.00567	0.00488	0.00531	0.00887
68	0.01060	0.02735	0.78682	0.01507	0.02288	0.01228	0.01953	0.01674	0.01116	0.01674	0.00949	0.01116	0.00670	0.00502	0.00502	0.00167	0.00781	0.00391	0.00223	0.00781
69	0.01124	0.01068	0.01813	0.49003	0.33807	0.01208	0.01531	0.01461	0.01116	0.01503	0.00962	0.01369	0.00758	0.00505	0.00526	0.00168	0.00674	0.00470	0.00246	0.00689
70	0.38648	0.00958	0.01014	0.00815	0.01195	0.00949	0.00670	0.01987	0.01197	0.36424	0.01364	0.01307	0.00926	0.00553	0.00426	0.00154	0.00425	0.00399	0.00472	0.10116
71	0.01440	0.74811	0.04626	0.00944	0.01398	0.04527	0.00938	0.03823	0.01131	0.01318	0.00759	0.00871	0.00685	0.00462	0.00353	0.00117	0.00584	0.00293	0.00237	0.00685
72	0.00643	0.00513	0.00576	0.00610	0.00738	0.00446	0.00438	0.00775	0.01174	0.01471	0.11678	0.28301	0.47954	0.01411	0.00640	0.00188	0.00278	0.01219	0.00500	0.00446
73	0.01189	0.01135	0.01931	0.32776	0.49522	0.01225	0.01563	0.01518	0.01147	0.01583	0.00973	0.01347	0.00786	0.00493	0.00525	0.00164	0.00657	0.00471	0.00251	0.00741
74	0.01812	0.01380	0.01433	0.01153	0.01528	0.04718	0.00933	0.48744	0.21844	0.06081	0.01529	0.01483	0.01107	0.00653	0.00524	0.00162	0.00539	0.00505	0.03015	0.00859
75	0.80025	0.01051	0.00827	0.00727	0.01060	0.01214	0.00599	0.06169	0.00998	0.02431	0.00769	0.00884	0.00593	0.00500	0.00340	0.00163	0.00420	0.00298	0.00340	0.00593
76	0.00644	0.00511	0.00581	0.00630	0.00751	0.00448	0.00455	0.00770	0.01142	0.01421	0.05928	0.32674	0.46177	0.01454	0.00647	0.00194	0.00291	0.04347	0.00493	0.00443
77	0.01157	0.01157	0.01619	0.01388	0.01388	0.01619	0.01157	0.01272	0.00810	0.01272	0.00694	0.01157	0.00694	0.00925	0.01735	0.00231	0.80453	0.00463	0.00231	0.00578
78	0.00734	0.00527	0.00677	0.00768	0.00824	0.00509	0.00525	0.05703	0.01109	0.01480	0.02806	0.75834	0.03326	0.01589	0.00665	0.00211	0.00325	0.01435	0.00493	0.00460
79	0.00651	0.00511	0.00590	0.00624	0.00744	0.00449	0.00447	0.00790	0.01188	0.01515	0.16418	0.30226	0.41162	0.01402	0.00641	0.00189	0.00278	0.01219	0.00506	0.00449
80	0.00644	0.00460	0.00613	0.00736	0.00767	0.00429	0.00491	0.00736	0.01012	0.01350	0.02914	0.81076	0.03497	0.01656	0.00675	0.00215	0.00307	0.01503	0.00491	0.00429
81	0.01011	0.00518	0.00520	0.00511	0.00642	0.00522	0.00386	0.03132	0.01143	0.02005	0.01713	0.01953	0.01343	0.00616	0.00374	0.00124	0.00255	0.00492	0.82236	0.00503
82	0.00756	0.00564	0.00837	0.00837	0.00927	0.00654	0.00645	0.00936	0.00846	0.01218	0.01428	0.02141	0.01349	0.07536	0.75793	0.00834	0.01374	0.00576	0.00285	0.00465
83	0.00756	0.00563	0.00833	0.00833	0.00921	0.00652	0.00640	0.00933	0.00845	0.01215	0.01431	0.02162	0.01359	0.08744	0.74598	0.00829	0.01360	0.00579	0.00285	0.00463
