[name]
unknown

[dist]
# distance from previous block
# <min> <max>
20	312

[block]
# block no. 0 follows, 50 sequences, length 16
# corresponding to MSA columns:
# 335-350
name=unknown_A
#
# <colnr> <probs for GDERKNQSTAVLIFYWHMCP>
#	G	D	E	R	K	N	Q	S	T	A	V	L	I	F	Y	W	H	M	C	P
0	0.01650	0.06015	0.01482	0.19649	0.01945	0.47281	0.01038	0.07083	0.01362	0.06668	0.00903	0.01067	0.00701	0.00518	0.00461	0.00139	0.00770	0.00367	0.00288	0.00612
1	0.01136	0.00919	0.01061	0.01100	0.06579	0.06224	0.00850	0.18765	0.01456	0.01886	0.07117	0.03806	0.06964	0.01045	0.00602	0.00190	0.00491	0.38783	0.00446	0.00578
2	0.01184	0.01118	0.01863	0.02734	0.68635	0.01100	0.01393	0.01471	0.01147	0.01653	0.06217	0.01388	0.01050	0.00478	0.00491	0.00143	0.00553	0.00465	0.00271	0.06647
3	0.01140	0.06917	0.06435	0.01264	0.01360	0.06838	0.01095	0.01286	0.00844	0.01221	0.00704	0.01086	0.00672	0.00895	0.04204	0.00221	0.62616	0.00416	0.00222	0.00562
4	0.00722	0.00494	0.00600	0.00600	0.00620	0.00514	0.00373	0.00761	0.00742	0.01009	0.01519	0.02974	0.01687	0.65120	0.19729	0.00553	0.00671	0.00683	0.00294	0.00334
5	0.20109	0.00899	0.01082	0.00850	0.01219	0.00853	0.00702	0.05772	0.01346	0.59562	0.01658	0.01484	0.01067	0.00583	0.00460	0.00154	0.00422	0.00449	0.00545	0.00782
6	0.02236	0.00848	0.01157	0.00887	0.01272	0.00733	0.00733	0.02429	0.01427	0.79719	0.01966	0.01697	0.01234	0.00617	0.00501	0.00154	0.00424	0.00501	0.00617	0.00848
7	0.00614	0.00439	0.00584	0.00690	0.00724	0.00409	0.00463	0.00710	0.00984	0.01319	0.07645	0.77126	0.03387	0.01527	0.00633	0.00200	0.00286	0.01384	0.00468	0.00409
8	0.00607	0.00434	0.00578	0.00694	0.00723	0.00405	0.00463	0.00694	0.00954	0.01272	0.02747	0.82157	0.03297	0.01562	0.00636	0.00202	0.00289	0.01417	0.00463	0.00405
9	0.01240	0.01071	0.01127	0.01014	0.01296	0.01240	0.00789	0.02649	0.78473	0.02085	0.02029	0.01860	0.01522	0.00676	0.00507	0.00169	0.00394	0.00564	0.00507	0.00789
10	0.74511	0.00974	0.00798	0.00700	0.01015	0.01112	0.00575	0.03661	0.04584	0.07065	0.00850	0.00925	0.00638	0.00486	0.00335	0.00155	0.00393	0.00303	0.00342	0.00579
11	0.00941	0.00886	0.01495	0.81285	0.03433	0.01107	0.01384	0.01274	0.00997	0.01274	0.00886	0.01329	0.00664	0.00498	0.00498	0.00166	0.00664	0.00443	0.00221	0.00554
12	0.01240	0.01071	0.01127	0.01014	0.01296	0.01240	0.00789	0.02649	0.78473	0.02085	0.02029	0.01860	0.01522	0.00676	0.00507	0.00169	0.00394	0.00564	0.00507	0.00789
13	0.01865	0.01381	0.01479	0.01141	0.01534	0.01532	0.00940	0.74243	0.05861	0.03093	0.01235	0.01227	0.00879	0.00602	0.00499	0.00150	0.00541	0.00454	0.00499	0.00845
14	0.01294	0.00898	0.01207	0.01010	0.01233	0.00983	0.05518	0.17480	0.05297	0.14001	0.06393	0.04643	0.01396	0.04828	0.22138	0.00350	0.09730	0.00568	0.00403	0.00630
15	0.00740	0.00525	0.00640	0.00682	0.00747	0.00514	0.00490	0.02803	0.00966	0.01259	0.02435	0.18132	0.10743	0.35377	0.01438	0.00322	0.00419	0.20984	0.00395	0.00389

[dist]
# distance from previous block
# <min> <max>
0	1

[block]
# block no. 1 follows, 50 sequences, length 6
# corresponding to MSA columns:
# 352-357
name=unknown_B
#
# <colnr> <probs for GDERKNQSTAVLIFYWHMCP>
#	G	D	E	R	K	N	Q	S	T	A	V	L	I	F	Y	W	H	M	C	P
0	0.00607	0.00434	0.00578	0.00694	0.00723	0.00405	0.00463	0.00694	0.00954	0.01272	0.02747	0.82157	0.03297	0.01562	0.00636	0.00202	0.00289	0.01417	0.00463	0.00405
1	0.01180	0.01130	0.01926	0.17426	0.65426	0.01170	0.01503	0.01483	0.01110	0.01563	0.00928	0.01251	0.00767	0.00454	0.00494	0.00151	0.00605	0.00444	0.00242	0.00746
2	0.28894	0.00961	0.01332	0.41946	0.15135	0.01124	0.01131	0.01379	0.00971	0.01648	0.00831	0.01143	0.00644	0.00478	0.00435	0.00159	0.00561	0.00386	0.00254	0.00588
3	0.16755	0.36839	0.32060	0.01036	0.01560	0.01501	0.01177	0.01521	0.00998	0.01524	0.00771	0.00899	0.00618	0.00451	0.00377	0.00135	0.00584	0.00306	0.00230	0.00659
4	0.09817	0.41463	0.34210	0.01066	0.01608	0.01550	0.01228	0.01525	0.01012	0.01448	0.00776	0.00905	0.00626	0.00450	0.00382	0.00133	0.00602	0.00309	0.00222	0.00669
5	0.00962	0.15672	0.01117	0.00855	0.01040	0.00814	0.00746	0.01155	0.01121	0.06576	0.02400	0.12218	0.07188	0.01164	0.00597	0.00195	0.00440	0.44806	0.00425	0.00510

[dist]
# distance from previous block
# <min> <max>
4	8

[block]
# block no. 2 follows, 50 sequences, length 29
# corresponding to MSA columns:
# 366-390,393-396
name=unknown_C
#
# <colnr> <probs for GDERKNQSTAVLIFYWHMCP>
#	G	D	E	R	K	N	Q	S	T	A	V	L	I	F	Y	W	H	M	C	P
0	0.00909	0.00790	0.01127	0.03521	0.10801	0.03561	0.03371	0.01085	0.00946	0.03068	0.03584	0.12962	0.06229	0.03388	0.29594	0.00410	0.13159	0.00666	0.00310	0.00519
1	0.01862	0.02376	0.01413	0.01284	0.01541	0.80482	0.00963	0.01990	0.01413	0.01220	0.00770	0.00899	0.00642	0.00514	0.00449	0.00128	0.00899	0.00321	0.00257	0.00578
2	0.01140	0.00895	0.01095	0.00787	0.01227	0.00686	0.02655	0.01364	0.01071	0.08262	0.00981	0.01098	0.00781	0.00392	0.00386	0.00083	0.00386	0.00321	0.00322	0.76068
3	0.01118	0.01174	0.02304	0.01712	0.02102	0.01147	0.51068	0.03652	0.01144	0.01580	0.01187	0.05631	0.01045	0.00601	0.00683	0.00171	0.08825	0.06723	0.00287	0.07848
4	0.01865	0.02292	0.01420	0.01272	0.01541	0.73771	0.00962	0.08428	0.01492	0.01383	0.00807	0.00924	0.00660	0.00521	0.00454	0.00130	0.00869	0.00332	0.00277	0.00601
5	0.00672	0.00512	0.00610	0.00609	0.00736	0.00463	0.00461	0.00845	0.01218	0.01604	0.35086	0.06028	0.32601	0.06885	0.00738	0.00193	0.00286	0.09529	0.00487	0.00437
6	0.00828	0.00538	0.00700	0.00644	0.00786	0.00490	0.00488	0.01055	0.01401	0.08450	0.69517	0.03600	0.07593	0.00996	0.00581	0.00157	0.00252	0.00874	0.00551	0.00500
7	0.02236	0.00848	0.01157	0.00887	0.01272	0.00733	0.00733	0.02429	0.01427	0.79719	0.01966	0.01697	0.01234	0.00617	0.00501	0.00154	0.00424	0.00501	0.00617	0.00848
8	0.01240	0.01071	0.01127	0.01014	0.01296	0.01240	0.00789	0.02649	0.78473	0.02085	0.02029	0.01860	0.01522	0.00676	0.00507	0.00169	0.00394	0.00564	0.00507	0.00789
9	0.61755	0.00930	0.00855	0.00722	0.01053	0.01007	0.00596	0.01744	0.01016	0.24666	0.01062	0.01066	0.00741	0.00507	0.00364	0.00154	0.00397	0.00337	0.00398	0.00629
10	0.00941	0.00886	0.01495	0.81285	0.03433	0.01107	0.01384	0.01274	0.00997	0.01274	0.00886	0.01329	0.00664	0.00498	0.00498	0.00166	0.00664	0.00443	0.00221	0.00554
11	0.00725	0.00483	0.00544	0.00544	0.00544	0.00483	0.00302	0.00725	0.00725	0.00966	0.01571	0.03262	0.01812	0.82483	0.02537	0.00483	0.00483	0.00725	0.00302	0.00302
12	0.01182	0.00837	0.00975	0.00896	0.01094	0.00881	0.00691	0.26376	0.07770	0.05867	0.03877	0.36866	0.02240	0.01098	0.00577	0.00181	0.00403	0.07094	0.00487	0.00610
13	0.00721	0.00482	0.00545	0.00549	0.00550	0.00481	0.00308	0.00724	0.00733	0.00977	0.01611	0.05970	0.01863	0.79704	0.02472	0.00474	0.00477	0.00749	0.00308	0.00306
14	0.01094	0.01100	0.01577	0.01337	0.01355	0.01517	0.03826	0.01214	0.00778	0.01214	0.00667	0.01100	0.00658	0.00856	0.01598	0.00216	0.78683	0.00442	0.00219	0.00550
15	0.01219	0.01187	0.02080	0.05600	0.70585	0.01188	0.07712	0.01527	0.01134	0.01614	0.00942	0.01246	0.00783	0.00444	0.00501	0.00150	0.00615	0.00456	0.00246	0.00772
16	0.01210	0.01160	0.01980	0.09424	0.73194	0.01178	0.01518	0.01509	0.01124	0.01600	0.00933	0.01241	0.00779	0.00449	0.00494	0.00150	0.00598	0.00444	0.00245	0.00770
17	0.01862	0.02376	0.01413	0.01284	0.01541	0.80482	0.00963	0.01990	0.01413	0.01220	0.00770	0.00899	0.00642	0.00514	0.00449	0.00128	0.00899	0.00321	0.00257	0.00578
18	0.00607	0.00434	0.00578	0.00694	0.00723	0.00405	0.00463	0.00694	0.00954	0.01272	0.02747	0.82157	0.03297	0.01562	0.00636	0.00202	0.00289	0.01417	0.00463	0.00405
19	0.00712	0.00534	0.00801	0.00801	0.00890	0.00623	0.00623	0.00890	0.00801	0.01157	0.01335	0.01958	0.01246	0.03738	0.80507	0.00801	0.01335	0.00534	0.00267	0.00445
20	0.00713	0.00530	0.00780	0.00780	0.00862	0.00612	0.00597	0.00877	0.00795	0.01142	0.01354	0.02064	0.01292	0.10146	0.74163	0.00775	0.01266	0.00550	0.00270	0.00433
21	0.01895	0.01396	0.01496	0.01147	0.01546	0.01546	0.00947	0.77711	0.02344	0.03141	0.01197	0.01197	0.00848	0.00598	0.00499	0.00150	0.00548	0.00449	0.00499	0.00848
22	0.00725	0.00483	0.00544	0.00544	0.00544	0.00483	0.00302	0.00725	0.00725	0.00966	0.01571	0.03262	0.01812	0.82483	0.02537	0.00483	0.00483	0.00725	0.00302	0.00302
23	0.00712	0.00534	0.00801	0.00801	0.00890	0.00623	0.00623	0.00890	0.00801	0.01157	0.01335	0.01958	0.01246	0.03738	0.80507	0.00801	0.01335	0.00534	0.00267	0.00445
24	0.00955	0.00790	0.00873	0.00803	0.01010	0.00848	0.00616	0.01762	0.39951	0.01944	0.29358	0.02952	0.14333	0.00884	0.00548	0.00165	0.00318	0.00755	0.00515	0.00622
25	0.01895	0.01396	0.01496	0.01147	0.01546	0.01546	0.00947	0.77711	0.02344	0.03141	0.01197	0.01197	0.00848	0.00598	0.00499	0.00150	0.00548	0.00449	0.00499	0.00848
26	0.04526	0.07297	0.27670	0.01324	0.08006	0.01306	0.01244	0.27809	0.04150	0.10242	0.01130	0.01185	0.00808	0.00532	0.00471	0.00151	0.00590	0.00412	0.00368	0.00779
27	0.01088	0.01036	0.01760	0.42005	0.41566	0.01146	0.01457	0.01402	0.01066	0.01452	0.00912	0.01281	0.00727	0.00471	0.00496	0.00157	0.00628	0.00444	0.00234	0.00672
28	0.01455	0.00853	0.00938	0.00797	0.01079	0.07717	0.00639	0.01634	0.01294	0.34276	0.07891	0.02840	0.21543	0.00845	0.00530	0.00156	0.00408	0.07057	0.00501	0.07546

[dist]
# distance from previous block
# <min> <max>
0	1

[block]
# block no. 3 follows, 50 sequences, length 25
# corresponding to MSA columns:
# 398-422
name=unknown_D
#
# <colnr> <probs for GDERKNQSTAVLIFYWHMCP>
#	G	D	E	R	K	N	Q	S	T	A	V	L	I	F	Y	W	H	M	C	P
0	0.25692	0.01088	0.00983	0.00837	0.01138	0.11622	0.00665	0.06917	0.07922	0.16308	0.07711	0.01717	0.08404	0.00637	0.00445	0.00148	0.00448	0.00481	0.00421	0.06416
1	0.00941	0.00886	0.01495	0.81285	0.03433	0.01107	0.01384	0.01274	0.00997	0.01274	0.00886	0.01329	0.00664	0.00498	0.00498	0.00166	0.00664	0.00443	0.00221	0.00554
2	0.01034	0.00886	0.01034	0.00738	0.01181	0.00664	0.00591	0.01255	0.01034	0.01624	0.00886	0.01034	0.00738	0.00369	0.00369	0.00074	0.00369	0.00295	0.00295	0.85530
3	0.01020	0.00932	0.01511	0.73038	0.05624	0.01142	0.01357	0.06859	0.01099	0.01421	0.00910	0.01316	0.00682	0.00504	0.00498	0.00164	0.00654	0.00443	0.00242	0.00582
4	0.01882	0.00963	0.01177	0.00939	0.01289	0.00953	0.00763	0.15363	0.16487	0.46290	0.07005	0.01777	0.01455	0.00652	0.00508	0.00156	0.00427	0.00531	0.00571	0.00811
5	0.00593	0.00501	0.00513	0.00518	0.00678	0.00421	0.00386	0.00721	0.01135	0.01362	0.07081	0.08667	0.73186	0.01270	0.00591	0.00170	0.00254	0.01066	0.00465	0.00421
6	0.01176	0.01345	0.02941	0.02101	0.02605	0.01261	0.77563	0.01597	0.01176	0.01597	0.01008	0.01345	0.00756	0.00420	0.00588	0.00168	0.00840	0.00588	0.00252	0.00672
7	0.00725	0.00483	0.00544	0.00544	0.00544	0.00483	0.00302	0.00725	0.00725	0.00966	0.01571	0.03262	0.01812	0.82483	0.02537	0.00483	0.00483	0.00725	0.00302	0.00302
8	0.00688	0.00512	0.00642	0.00618	0.00745	0.00466	0.00469	0.00902	0.01344	0.01846	0.60808	0.04029	0.19089	0.01085	0.00593	0.00163	0.00250	0.04764	0.00527	0.00460
9	0.01328	0.57735	0.02267	0.00991	0.01309	0.08982	0.00915	0.01474	0.00995	0.01183	0.00692	0.00872	0.00643	0.00531	0.00618	0.00133	0.18193	0.00308	0.00218	0.00614
10	0.01534	0.38491	0.08246	0.00994	0.01379	0.13509	0.00925	0.01792	0.05108	0.16632	0.02765	0.01142	0.00891	0.00526	0.00460	0.00133	0.04107	0.00366	0.00321	0.00679
11	0.03184	0.01374	0.01332	0.04072	0.01492	0.24696	0.06052	0.06139	0.12336	0.25037	0.07945	0.01572	0.01303	0.00607	0.00496	0.00150	0.00589	0.00487	0.00437	0.00699
12	0.86003	0.00964	0.00733	0.00655	0.00964	0.01118	0.00540	0.01465	0.00848	0.02236	0.00694	0.00810	0.00540	0.00463	0.00308	0.00154	0.00386	0.00270	0.00308	0.00540
13	0.01373	0.04544	0.01173	0.01016	0.01248	0.37830	0.00776	0.01802	0.17999	0.01582	0.18262	0.01974	0.06961	0.00705	0.00496	0.00145	0.00590	0.00546	0.00386	0.00592
14	0.00589	0.00505	0.00505	0.00505	0.00673	0.00421	0.00379	0.00715	0.01136	0.01347	0.05049	0.04797	0.79171	0.01262	0.00589	0.00168	0.00252	0.01052	0.00463	0.00421
15	0.00607	0.00434	0.00578	0.00694	0.00723	0.00405	0.00463	0.00694	0.00954	0.01272	0.02747	0.82157	0.03297	0.01562	0.00636	0.00202	0.00289	0.01417	0.00463	0.00405
16	0.01000	0.02578	0.79900	0.01421	0.02157	0.01158	0.01842	0.01579	0.01052	0.01579	0.00895	0.01052	0.00631	0.00474	0.00474	0.00158	0.00737	0.00368	0.00210	0.00737
17	0.01000	0.02578	0.79900	0.01421	0.02157	0.01158	0.01842	0.01579	0.01052	0.01579	0.00895	0.01052	0.00631	0.00474	0.00474	0.00158	0.00737	0.00368	0.00210	0.00737
18	0.01064	0.01073	0.01581	0.01323	0.01378	0.01430	0.07648	0.01201	0.00824	0.01244	0.00979	0.01360	0.05914	0.00859	0.01475	0.00210	0.69159	0.00491	0.00237	0.00548
19	0.01274	0.01271	0.02014	0.01513	0.01930	0.05244	0.36787	0.08856	0.20821	0.01847	0.01255	0.01396	0.00950	0.00499	0.00523	0.00152	0.00640	0.00516	0.00345	0.12167
20	0.00607	0.00434	0.00578	0.00694	0.00723	0.00405	0.00463	0.00694	0.00954	0.01272	0.02747	0.82157	0.03297	0.01562	0.00636	0.00202	0.00289	0.01417	0.00463	0.00405
21	0.01135	0.01318	0.21326	0.01213	0.01628	0.00928	0.17508	0.01608	0.09420	0.12152	0.19032	0.02137	0.07000	0.00678	0.00539	0.00161	0.00536	0.00620	0.00398	0.00662
22	0.01061	0.00833	0.01020	0.00938	0.01148	0.00837	0.05774	0.01611	0.27783	0.06116	0.02939	0.25742	0.19785	0.01110	0.00612	0.00196	0.00399	0.00950	0.00505	0.00640
23	0.01234	0.00972	0.01116	0.03349	0.01310	0.00914	0.00708	0.10971	0.19270	0.06162	0.01320	0.04344	0.01055	0.00531	0.00438	0.00117	0.00406	0.00435	0.00391	0.44956
24	0.01443	0.01008	0.01066	0.00935	0.01183	0.08225	0.00723	0.20727	0.08258	0.17522	0.01908	0.27621	0.01796	0.00923	0.00541	0.00167	0.00452	0.02282	0.00483	0.02738

[dist]
# distance from previous block
# <min> <max>
0	4

[block]
# block no. 4 follows, 50 sequences, length 41
# corresponding to MSA columns:
# 427-467
name=unknown_E
#
# <colnr> <probs for GDERKNQSTAVLIFYWHMCP>
#	G	D	E	R	K	N	Q	S	T	A	V	L	I	F	Y	W	H	M	C	P
0	0.65329	0.09168	0.01080	0.00924	0.08333	0.01232	0.00684	0.05398	0.00968	0.02120	0.00743	0.00868	0.00589	0.00464	0.00337	0.00149	0.00428	0.00295	0.00303	0.00589
1	0.01100	0.00930	0.01155	0.17595	0.01686	0.00971	0.00868	0.06693	0.23966	0.01769	0.01492	0.01999	0.01263	0.00644	0.00490	0.00148	0.00463	0.11142	0.00379	0.25247
2	0.00798	0.00699	0.01089	0.00950	0.01092	0.02641	0.16597	0.00945	0.00988	0.01301	0.06092	0.30511	0.07548	0.23706	0.01144	0.00267	0.00472	0.02344	0.00373	0.00442
3	0.04255	0.05572	0.01532	0.01118	0.01516	0.01556	0.00931	0.71623	0.02233	0.03014	0.01157	0.01165	0.00828	0.00586	0.00484	0.00148	0.00543	0.00434	0.00479	0.00828
4	0.00937	0.00607	0.00750	0.00686	0.00855	0.00567	0.00527	0.06681	0.01390	0.10493	0.44103	0.09997	0.16485	0.01039	0.00578	0.00164	0.00292	0.02794	0.00529	0.00526
5	0.00712	0.00534	0.00801	0.00801	0.00890	0.00623	0.00623	0.00890	0.00801	0.01157	0.01335	0.01958	0.01246	0.03738	0.80507	0.00801	0.01335	0.00534	0.00267	0.00445
6	0.01176	0.01345	0.02941	0.02101	0.02605	0.01261	0.77563	0.01597	0.01176	0.01597	0.01008	0.01345	0.00756	0.00420	0.00588	0.00168	0.00840	0.00588	0.00252	0.00672
7	0.01862	0.02376	0.01413	0.01284	0.01541	0.80482	0.00963	0.01990	0.01413	0.01220	0.00770	0.00899	0.00642	0.00514	0.00449	0.00128	0.00899	0.00321	0.00257	0.00578
8	0.15379	0.00850	0.01009	0.00822	0.01153	0.00818	0.00668	0.02093	0.10567	0.48021	0.05462	0.01919	0.07724	0.00670	0.00482	0.00157	0.00392	0.00535	0.00538	0.00740
9	0.01240	0.01071	0.01127	0.01014	0.01296	0.01240	0.00789	0.02649	0.78473	0.02085	0.02029	0.01860	0.01522	0.00676	0.00507	0.00169	0.00394	0.00564	0.00507	0.00789
10	0.86003	0.00964	0.00733	0.00655	0.00964	0.01118	0.00540	0.01465	0.00848	0.02236	0.00694	0.00810	0.00540	0.00463	0.00308	0.00154	0.00386	0.00270	0.00308	0.00540
11	0.01234	0.01184	0.02023	0.03059	0.79373	0.01184	0.01530	0.01530	0.01135	0.01628	0.00938	0.01234	0.00790	0.00444	0.00493	0.00148	0.00592	0.00444	0.00247	0.00790
12	0.00701	0.00607	0.00801	0.00718	0.00902	0.00548	0.07617	0.00937	0.04968	0.01536	0.19732	0.09779	0.47042	0.01127	0.00588	0.00168	0.00313	0.00980	0.00463	0.00471
13	0.00929	0.00465	0.00465	0.00465	0.00581	0.00465	0.00348	0.01161	0.01045	0.01858	0.01626	0.01858	0.01278	0.00581	0.00348	0.00116	0.00232	0.00465	0.85250	0.00465
14	0.86003	0.00964	0.00733	0.00655	0.00964	0.01118	0.00540	0.01465	0.00848	0.02236	0.00694	0.00810	0.00540	0.00463	0.00308	0.00154	0.00386	0.00270	0.00308	0.00540
15	0.00757	0.00521	0.00683	0.00636	0.00762	0.00479	0.00479	0.00990	0.01411	0.04591	0.76537	0.03656	0.04587	0.01006	0.00585	0.00157	0.00241	0.00888	0.00551	0.00483
16	0.00866	0.00433	0.00649	0.00649	0.00649	0.00433	0.00433	0.00649	0.00649	0.00866	0.00866	0.01515	0.00866	0.01732	0.01948	0.85498	0.00433	0.00433	0.00216	0.00216
17	0.00956	0.00901	0.01522	0.77250	0.07350	0.01111	0.01392	0.01287	0.01004	0.01292	0.00889	0.01324	0.00671	0.00496	0.00498	0.00165	0.00661	0.00443	0.00223	0.00566
18	0.00949	0.00891	0.01485	0.79083	0.03374	0.01111	0.01368	0.01311	0.03121	0.01296	0.00917	0.01343	0.00688	0.00503	0.00499	0.00166	0.00657	0.00446	0.00229	0.00560
19	0.00691	0.00509	0.00647	0.00612	0.00736	0.00464	0.00459	0.00913	0.01378	0.01920	0.70105	0.03854	0.13758	0.01049	0.00588	0.00158	0.00237	0.00920	0.00538	0.00464
20	0.01034	0.00886	0.01034	0.00738	0.01181	0.00664	0.00591	0.01255	0.01034	0.01624	0.00886	0.01034	0.00738	0.00369	0.00369	0.00074	0.00369	0.00295	0.00295	0.85530
21	0.00941	0.00886	0.01495	0.81285	0.03433	0.01107	0.01384	0.01274	0.00997	0.01274	0.00886	0.01329	0.00664	0.00498	0.00498	0.00166	0.00664	0.00443	0.00221	0.00554
22	0.01206	0.58466	0.18489	0.00966	0.01425	0.01677	0.01037	0.01454	0.01001	0.01256	0.00795	0.00960	0.00694	0.00745	0.07825	0.00182	0.00650	0.00313	0.00218	0.00642
23	0.00702	0.00525	0.00780	0.00791	0.00875	0.00603	0.00608	0.00872	0.00815	0.01168	0.01467	0.09432	0.01437	0.03535	0.73064	0.00745	0.01238	0.00616	0.00285	0.00441
24	0.01082	0.01034	0.01727	0.39937	0.36139	0.01180	0.01420	0.01378	0.01035	0.01420	0.00887	0.01265	0.00718	0.00510	0.00602	0.00163	0.08173	0.00443	0.00232	0.00655
25	0.00968	0.01066	0.08841	0.68108	0.08881	0.01118	0.01438	0.01321	0.01012	0.01328	0.00891	0.01296	0.00671	0.00492	0.00496	0.00164	0.00666	0.00436	0.00222	0.00588
26	0.00669	0.00527	0.00690	0.00851	0.08026	0.00488	0.00527	0.00780	0.01004	0.01304	0.03126	0.47542	0.23836	0.07307	0.00749	0.00209	0.00322	0.01175	0.00431	0.00438
27	0.00607	0.00434	0.00578	0.00694	0.00723	0.00405	0.00463	0.00694	0.00954	0.01272	0.02747	0.82157	0.03297	0.01562	0.00636	0.00202	0.00289	0.01417	0.00463	0.00405
28	0.00941	0.00875	0.01469	0.68050	0.08763	0.01068	0.01324	0.01257	0.00989	0.01289	0.00932	0.01381	0.00728	0.00796	0.07954	0.00224	0.00722	0.00452	0.00228	0.00561
29	0.01312	0.58394	0.18781	0.01013	0.01489	0.09117	0.01071	0.01557	0.01058	0.01263	0.00743	0.00862	0.00638	0.00444	0.00364	0.00119	0.00610	0.00293	0.00217	0.00654
30	0.01270	0.37683	0.34689	0.01152	0.01684	0.12989	0.01281	0.01600	0.01087	0.01349	0.00788	0.00919	0.00637	0.00459	0.00403	0.00131	0.00671	0.00317	0.00218	0.00671
31	0.00935	0.00899	0.01639	0.36092	0.06423	0.00968	0.19705	0.01230	0.01048	0.01384	0.01417	0.18385	0.01381	0.00754	0.00561	0.00177	0.00612	0.05535	0.00296	0.00558
32	0.00667	0.00490	0.00635	0.00703	0.00789	0.00458	0.00528	0.00821	0.01113	0.01472	0.17714	0.38296	0.14858	0.01371	0.00632	0.00195	0.00311	0.18036	0.00478	0.00432
33	0.01434	0.01467	0.01399	0.01199	0.01369	0.23997	0.00963	0.17269	0.01305	0.01618	0.01136	0.01346	0.06458	0.00798	0.02524	0.00186	0.34167	0.00453	0.00306	0.00606
34	0.00817	0.00534	0.00702	0.00646	0.00783	0.00489	0.00489	0.01049	0.01412	0.07656	0.73495	0.03576	0.04451	0.00990	0.00582	0.00157	0.00249	0.00872	0.00554	0.00498
35	0.00818	0.00534	0.00702	0.00646	0.00783	0.00490	0.00490	0.01050	0.01412	0.07696	0.73456	0.03575	0.04449	0.00990	0.00582	0.00157	0.00249	0.00872	0.00554	0.00498
36	0.00606	0.00439	0.00573	0.00680	0.00719	0.00406	0.00457	0.00696	0.00968	0.01278	0.02916	0.76487	0.08858	0.01540	0.00633	0.00200	0.00286	0.01390	0.00463	0.00406
37	0.00614	0.00450	0.00578	0.00670	0.00724	0.00414	0.00459	0.00717	0.01007	0.01325	0.07060	0.66021	0.13516	0.01489	0.00629	0.00196	0.00285	0.02966	0.00467	0.00412
38	0.00866	0.00433	0.00649	0.00649	0.00649	0.00433	0.00433	0.00649	0.00649	0.00866	0.00866	0.01515	0.00866	0.01732	0.01948	0.85498	0.00433	0.00433	0.00216	0.00216
39	0.77568	0.01007	0.00809	0.00705	0.01022	0.01161	0.00581	0.09112	0.00998	0.02327	0.00744	0.00849	0.00571	0.00476	0.00328	0.00154	0.00402	0.00288	0.00328	0.00571
40	0.29065	0.11689	0.07838	0.04951	0.04137	0.17891	0.00921	0.14954	0.01283	0.01928	0.00832	0.00955	0.00650	0.00495	0.00402	0.00143	0.00589	0.00334	0.00305	0.00640

[dist]
# distance from previous block
# <min> <max>
6	16

[block]
# block no. 5 follows, 50 sequences, length 24
# corresponding to MSA columns:
# 484-507
name=unknown_F
#
# <colnr> <probs for GDERKNQSTAVLIFYWHMCP>
#	G	D	E	R	K	N	Q	S	T	A	V	L	I	F	Y	W	H	M	C	P
0	0.00603	0.00452	0.00560	0.00645	0.00710	0.00409	0.00441	0.00700	0.01001	0.01291	0.03338	0.62295	0.22778	0.01485	0.00624	0.00194	0.00280	0.01323	0.00463	0.00409
1	0.12622	0.00863	0.01104	0.00858	0.01234	0.00780	0.00709	0.02310	0.01355	0.70112	0.01809	0.01587	0.01148	0.00598	0.00477	0.00154	0.00419	0.00473	0.00579	0.00810
2	0.86003	0.00964	0.00733	0.00655	0.00964	0.01118	0.00540	0.01465	0.00848	0.02236	0.00694	0.00810	0.00540	0.00463	0.00308	0.00154	0.00386	0.00270	0.00308	0.00540
3	0.01180	0.01074	0.01625	0.12227	0.41215	0.01059	0.01197	0.05649	0.04592	0.01685	0.00980	0.01219	0.00796	0.00450	0.00462	0.00132	0.00531	0.00410	0.00282	0.23237
4	0.00621	0.00506	0.00549	0.00538	0.00693	0.00434	0.00404	0.00777	0.01211	0.01524	0.25176	0.04505	0.58934	0.01196	0.00589	0.00165	0.00248	0.01011	0.00486	0.00434
5	0.18646	0.01038	0.05682	0.00904	0.01296	0.00932	0.00785	0.11306	0.01402	0.50629	0.01560	0.01424	0.01015	0.00576	0.00461	0.00154	0.00450	0.00442	0.00518	0.00781
6	0.01168	0.01098	0.01811	0.02674	0.65890	0.01106	0.01368	0.01516	0.06249	0.01621	0.01201	0.09816	0.01103	0.00577	0.00509	0.00155	0.00547	0.00555	0.00287	0.00749
7	0.00712	0.00534	0.00801	0.00801	0.00890	0.00623	0.00623	0.00890	0.00801	0.01157	0.01335	0.01958	0.01246	0.03738	0.80507	0.00801	0.01335	0.00534	0.00267	0.00445
8	0.01220	0.01061	0.01123	0.00920	0.01274	0.03680	0.00724	0.07041	0.39274	0.01938	0.01466	0.01447	0.01128	0.00540	0.00448	0.00128	0.00411	0.00438	0.00412	0.35326
9	0.02214	0.00885	0.01179	0.00904	0.01291	0.00787	0.00747	0.07426	0.01488	0.74636	0.01915	0.01663	0.01208	0.00616	0.00501	0.00154	0.00432	0.00498	0.00609	0.00848
10	0.00607	0.00434	0.00578	0.00694	0.00723	0.00405	0.00463	0.00694	0.00954	0.01272	0.02747	0.82157	0.03297	0.01562	0.00636	0.00202	0.00289	0.01417	0.00463	0.00405
11	0.01513	0.01208	0.02212	0.01605	0.02063	0.01141	0.44485	0.12250	0.01387	0.19961	0.01249	0.01387	0.00879	0.00487	0.00542	0.00157	0.00675	0.00531	0.00373	0.05895
12	0.01288	0.01148	0.01474	0.01382	0.09652	0.01343	0.05624	0.12190	0.37355	0.01943	0.01421	0.01495	0.01106	0.00671	0.00772	0.00176	0.19323	0.00507	0.00396	0.00733
13	0.01000	0.02578	0.79900	0.01421	0.02157	0.01158	0.01842	0.01579	0.01052	0.01579	0.00895	0.01052	0.00631	0.00474	0.00474	0.00158	0.00737	0.00368	0.00210	0.00737
14	0.00640	0.00462	0.00613	0.00722	0.00773	0.00435	0.00516	0.00753	0.00998	0.01314	0.02862	0.64512	0.07625	0.01512	0.00642	0.00205	0.00316	0.14221	0.00462	0.00415
15	0.00718	0.00480	0.00546	0.00552	0.00554	0.00479	0.00311	0.00723	0.00738	0.00984	0.01639	0.07839	0.01898	0.77788	0.02427	0.00467	0.00472	0.00765	0.00311	0.00308
16	0.01895	0.01396	0.01496	0.01147	0.01546	0.01546	0.00947	0.77711	0.02344	0.03141	0.01197	0.01197	0.00848	0.00598	0.00499	0.00150	0.00548	0.00449	0.00499	0.00848
17	0.01951	0.01306	0.01440	0.01104	0.01501	0.01412	0.00912	0.65291	0.02192	0.15775	0.01324	0.01279	0.00911	0.00601	0.00499	0.00150	0.00528	0.00457	0.00518	0.00848
18	0.00607	0.00434	0.00578	0.00694	0.00723	0.00405	0.00463	0.00694	0.00954	0.01272	0.02747	0.82157	0.03297	0.01562	0.00636	0.00202	0.00289	0.01417	0.00463	0.00405
19	0.00621	0.00443	0.00594	0.00710	0.00744	0.00417	0.00486	0.00718	0.00968	0.01288	0.02740	0.76844	0.03267	0.01549	0.00640	0.00204	0.00301	0.06596	0.00462	0.00409
20	0.01000	0.02578	0.79900	0.01421	0.02157	0.01158	0.01842	0.01579	0.01052	0.01579	0.00895	0.01052	0.00631	0.00474	0.00474	0.00158	0.00737	0.00368	0.00210	0.00737
21	0.01315	0.00901	0.01079	0.00787	0.01216	0.00717	0.00635	0.04889	0.01171	0.17501	0.01118	0.01175	0.00843	0.00429	0.00402	0.00093	0.00388	0.00344	0.00369	0.64625
22	0.06264	0.00922	0.01171	0.00895	0.01279	0.00838	0.02397	0.11092	0.01431	0.47611	0.05024	0.01556	0.01208	0.00577	0.00473	0.00140	0.00428	0.00466	0.00519	0.15709
23	0.03053	0.00977	0.01247	0.00964	0.01336	0.02386	0.08573	0.06755	0.12356	0.10824	0.04570	0.06242	0.01230	0.00566	0.00461	0.00126	0.00440	0.00491	0.00392	0.37009

[dist]
# distance from previous block
# <min> <max>
0	10

[block]
# block no. 6 follows, 50 sequences, length 17
# corresponding to MSA columns:
# 518-534
name=unknown_G
#
# <colnr> <probs for GDERKNQSTAVLIFYWHMCP>
#	G	D	E	R	K	N	Q	S	T	A	V	L	I	F	Y	W	H	M	C	P
0	0.01292	0.01313	0.05512	0.08962	0.14761	0.11026	0.11011	0.09609	0.14144	0.03186	0.04435	0.01597	0.02527	0.02234	0.00548	0.00160	0.00600	0.01949	0.00344	0.04790
1	0.03783	0.24321	0.01640	0.00928	0.01327	0.01312	0.02604	0.23633	0.01429	0.07068	0.01080	0.04962	0.00893	0.00530	0.00418	0.00121	0.00479	0.00406	0.00360	0.22706
2	0.05543	0.24855	0.15765	0.00987	0.01428	0.05832	0.00965	0.07782	0.04357	0.05324	0.00970	0.02618	0.00788	0.00497	0.00437	0.00126	0.02677	0.00359	0.00297	0.18393
3	0.01138	0.01010	0.01858	0.01434	0.01777	0.00964	0.37721	0.05141	0.05222	0.08419	0.01933	0.12549	0.08732	0.00789	0.00589	0.00177	0.00600	0.08948	0.00378	0.00621
4	0.00738	0.00527	0.00729	0.00844	0.00930	0.00518	0.00690	0.00920	0.01083	0.01419	0.02675	0.31039	0.03011	0.01438	0.00671	0.00221	0.00403	0.51244	0.00460	0.00441
5	0.08686	0.01204	0.01158	0.00949	0.01261	0.16552	0.00748	0.14152	0.01445	0.36800	0.01460	0.01566	0.01065	0.09881	0.00706	0.00186	0.00541	0.00464	0.00466	0.00708
6	0.86003	0.00964	0.00733	0.00655	0.00964	0.01118	0.00540	0.01465	0.00848	0.02236	0.00694	0.00810	0.00540	0.00463	0.00308	0.00154	0.00386	0.00270	0.00308	0.00540
7	0.02176	0.00945	0.01216	0.00933	0.01321	0.00876	0.00770	0.15691	0.01588	0.66228	0.01831	0.01608	0.01166	0.00614	0.00501	0.00153	0.00446	0.00492	0.00596	0.00848
8	0.86003	0.00964	0.00733	0.00655	0.00964	0.01118	0.00540	0.01465	0.00848	0.02236	0.00694	0.00810	0.00540	0.00463	0.00308	0.00154	0.00386	0.00270	0.00308	0.00540
9	0.86003	0.00964	0.00733	0.00655	0.00964	0.01118	0.00540	0.01465	0.00848	0.02236	0.00694	0.00810	0.00540	0.00463	0.00308	0.00154	0.00386	0.00270	0.00308	0.00540
10	0.01240	0.01071	0.01127	0.01014	0.01296	0.01240	0.00789	0.02649	0.78473	0.02085	0.02029	0.01860	0.01522	0.00676	0.00507	0.00169	0.00394	0.00564	0.00507	0.00789
11	0.02236	0.00848	0.01157	0.00887	0.01272	0.00733	0.00733	0.02429	0.01427	0.79719	0.01966	0.01697	0.01234	0.00617	0.00501	0.00154	0.00424	0.00501	0.00617	0.00848
12	0.00589	0.00505	0.00505	0.00505	0.00673	0.00421	0.00379	0.00715	0.01136	0.01347	0.05049	0.04797	0.79171	0.01262	0.00589	0.00168	0.00252	0.01052	0.00463	0.00421
13	0.00695	0.00509	0.00652	0.00617	0.00738	0.00466	0.00462	0.00921	0.01387	0.01942	0.72712	0.03816	0.11136	0.01040	0.00588	0.00158	0.00237	0.00914	0.00541	0.00466
14	0.01895	0.01396	0.01496	0.01147	0.01546	0.01546	0.00947	0.77711	0.02344	0.03141	0.01197	0.01197	0.00848	0.00598	0.00499	0.00150	0.00548	0.00449	0.00499	0.00848
15	0.01328	0.01051	0.01130	0.01003	0.01294	0.01195	0.00784	0.02629	0.71641	0.08969	0.02023	0.01845	0.01496	0.00671	0.00507	0.00168	0.00397	0.00558	0.00517	0.00794
16	0.01697	0.01374	0.01422	0.01220	0.05840	0.08062	0.00934	0.51803	0.13887	0.02677	0.05023	0.01397	0.01116	0.00615	0.00500	0.00151	0.00542	0.00477	0.00468	0.00795

[dist]
# distance from previous block
# <min> <max>
0	1

[block]
# block no. 7 follows, 50 sequences, length 87
# corresponding to MSA columns:
# 536-622
name=unknown_H
#
# <colnr> <probs for GDERKNQSTAVLIFYWHMCP>
#	G	D	E	R	K	N	Q	S	T	A	V	L	I	F	Y	W	H	M	C	P
0	0.06114	0.01265	0.01351	0.01070	0.01423	0.01396	0.00871	0.63891	0.03861	0.02873	0.01354	0.09750	0.01106	0.00695	0.00503	0.00156	0.00509	0.00544	0.00485	0.00784
1	0.86003	0.00964	0.00733	0.00655	0.00964	0.01118	0.00540	0.01465	0.00848	0.02236	0.00694	0.00810	0.00540	0.00463	0.00308	0.00154	0.00386	0.00270	0.00308	0.00540
2	0.01475	0.00703	0.00928	0.00773	0.01029	0.00637	0.00614	0.01751	0.05423	0.39686	0.37701	0.02644	0.02856	0.00806	0.00542	0.00156	0.00335	0.00690	0.00580	0.00670
3	0.01821	0.09580	0.01301	0.00924	0.01281	0.01027	0.00763	0.02401	0.26141	0.46469	0.01852	0.01654	0.01263	0.00616	0.00484	0.00154	0.00426	0.00496	0.00539	0.00807
4	0.01804	0.01261	0.01391	0.01058	0.01462	0.01327	0.00871	0.58211	0.02050	0.11189	0.01234	0.01226	0.00873	0.00566	0.00480	0.00139	0.00508	0.00432	0.00481	0.13438
5	0.01895	0.01396	0.01496	0.01147	0.01546	0.01546	0.00947	0.77711	0.02344	0.03141	0.01197	0.01197	0.00848	0.00598	0.00499	0.00150	0.00548	0.00449	0.00499	0.00848
6	0.00681	0.00527	0.00633	0.00660	0.00800	0.00479	0.00530	0.00863	0.01200	0.01536	0.20675	0.04815	0.39137	0.01244	0.00620	0.00185	0.00312	0.24180	0.00481	0.00444
7	0.01062	0.01049	0.01473	0.01271	0.01278	0.01460	0.01056	0.01177	0.00766	0.01196	0.00705	0.01155	0.00698	0.01085	0.07479	0.00261	0.75626	0.00443	0.00222	0.00538
8	0.00606	0.00439	0.00573	0.00681	0.00720	0.00406	0.00457	0.00696	0.00967	0.01278	0.02906	0.76829	0.08522	0.01541	0.00633	0.00200	0.00287	0.01392	0.00463	0.00406
9	0.01240	0.01071	0.01127	0.01014	0.01296	0.01240	0.00789	0.02649	0.78473	0.02085	0.02029	0.01860	0.01522	0.00676	0.00507	0.00169	0.00394	0.00564	0.00507	0.00789
10	0.00613	0.00461	0.00568	0.00635	0.00712	0.00416	0.00441	0.00726	0.01052	0.01369	0.11449	0.52705	0.24201	0.01422	0.00618	0.00188	0.00273	0.01263	0.00472	0.00416
11	0.00688	0.00509	0.00642	0.00609	0.00734	0.00463	0.00457	0.00907	0.01370	0.01901	0.67994	0.03884	0.15880	0.01056	0.00588	0.00159	0.00238	0.00924	0.00536	0.00463
12	0.00681	0.00467	0.00567	0.00607	0.00626	0.00456	0.00375	0.00728	0.00845	0.01135	0.06024	0.32005	0.02493	0.47375	0.03124	0.00370	0.00415	0.00983	0.00373	0.00351
13	0.01821	0.02310	0.01391	0.01267	0.01518	0.77651	0.00951	0.01951	0.01391	0.01218	0.00790	0.00936	0.00663	0.00628	0.03287	0.00152	0.00914	0.00329	0.00257	0.00573
14	0.86003	0.00964	0.00733	0.00655	0.00964	0.01118	0.00540	0.01465	0.00848	0.02236	0.00694	0.00810	0.00540	0.00463	0.00308	0.00154	0.00386	0.00270	0.00308	0.00540
15	0.00655	0.00479	0.00615	0.00641	0.00729	0.00439	0.00458	0.00820	0.01202	0.01644	0.41273	0.34888	0.11791	0.01259	0.00607	0.00176	0.00258	0.01121	0.00506	0.00439
16	0.00720	0.00484	0.00542	0.00542	0.00548	0.00481	0.00305	0.00725	0.00739	0.00980	0.01694	0.03316	0.04554	0.79604	0.02468	0.00472	0.00475	0.00736	0.00308	0.00306
17	0.38957	0.01065	0.01014	0.00854	0.01166	0.05219	0.00694	0.17255	0.03817	0.14869	0.01120	0.01194	0.00828	0.00872	0.08870	0.00221	0.00553	0.00384	0.00397	0.00653
18	0.01427	0.09578	0.01286	0.00875	0.01235	0.00974	0.00727	0.11082	0.02581	0.19768	0.03818	0.03959	0.01132	0.00583	0.00514	0.00127	0.05374	0.02495	0.00403	0.32061
19	0.01145	0.37479	0.46268	0.01174	0.01775	0.01512	0.01411	0.01541	0.01035	0.01402	0.00807	0.00942	0.00635	0.00453	0.00407	0.00136	0.00648	0.00324	0.00212	0.00694
20	0.01100	0.26775	0.56583	0.01249	0.01892	0.01403	0.01543	0.01553	0.01040	0.01456	0.00834	0.00976	0.00634	0.00459	0.00427	0.00142	0.00675	0.00338	0.00211	0.00707
21	0.00807	0.00678	0.00829	0.09241	0.01112	0.03707	0.00629	0.01050	0.06045	0.01386	0.14953	0.04520	0.15229	0.13458	0.19768	0.00363	0.03503	0.01885	0.00368	0.00466
22	0.01777	0.00924	0.03245	0.00910	0.01229	0.02081	0.00748	0.14849	0.01485	0.45570	0.04607	0.15762	0.01650	0.00800	0.00529	0.00163	0.00432	0.01946	0.00548	0.00744
23	0.01326	0.81103	0.04230	0.00865	0.01298	0.01955	0.00874	0.01494	0.01014	0.01181	0.00697	0.00805	0.00639	0.00427	0.00323	0.00108	0.00537	0.00269	0.00213	0.00642
24	0.01366	0.00737	0.00936	0.00783	0.01027	0.00700	0.00620	0.09649	0.04247	0.28273	0.42154	0.02707	0.03014	0.00827	0.00546	0.00156	0.00338	0.00707	0.00565	0.00649
25	0.04134	0.00914	0.01075	0.00814	0.01218	0.00786	0.00655	0.03457	0.10634	0.20024	0.01280	0.01286	0.00946	0.00473	0.00418	0.00109	0.00390	0.00379	0.00402	0.50607
26	0.00619	0.00451	0.00583	0.00667	0.00721	0.00415	0.00456	0.00730	0.01034	0.01379	0.13436	0.64019	0.10733	0.01459	0.00625	0.00193	0.00278	0.01311	0.00475	0.00415
27	0.01848	0.01958	0.01407	0.01209	0.01511	0.50329	0.00936	0.25341	0.02868	0.04498	0.02834	0.01100	0.00836	0.00558	0.00471	0.00137	0.00751	0.00384	0.00354	0.00671
28	0.00649	0.00507	0.00588	0.00568	0.00710	0.00446	0.00426	0.00831	0.01277	0.01681	0.42987	0.04247	0.41025	0.01138	0.00588	0.00162	0.00244	0.00975	0.00507	0.00446
29	0.00967	0.00912	0.01541	0.74498	0.10021	0.01114	0.01397	0.01296	0.01009	0.01304	0.00890	0.01321	0.00675	0.00494	0.00498	0.00165	0.00658	0.00443	0.00224	0.00574
30	0.00611	0.00468	0.00561	0.00617	0.00707	0.00418	0.00432	0.00729	0.01071	0.01378	0.11849	0.45061	0.31521	0.01392	0.00614	0.00185	0.00270	0.01226	0.00472	0.00418
31	0.01000	0.02578	0.79900	0.01421	0.02157	0.01158	0.01842	0.01579	0.01052	0.01579	0.00895	0.01052	0.00631	0.00474	0.00474	0.00158	0.00737	0.00368	0.00210	0.00737
32	0.01350	0.01001	0.01121	0.00974	0.01224	0.01084	0.00769	0.41563	0.07584	0.02338	0.01865	0.27616	0.01836	0.00972	0.00558	0.00174	0.00447	0.06368	0.00485	0.00672
33	0.00952	0.00782	0.01040	0.00843	0.01128	0.00689	0.06277	0.01193	0.03977	0.04745	0.08836	0.16001	0.09884	0.00783	0.00552	0.00135	0.04588	0.00675	0.00379	0.36539
34	0.01208	0.37454	0.40463	0.01164	0.01730	0.07389	0.01346	0.01572	0.01062	0.01375	0.00798	0.00931	0.00636	0.00456	0.00405	0.00133	0.00660	0.00321	0.00215	0.00683
35	0.01095	0.01244	0.09958	0.42057	0.29050	0.05264	0.01460	0.01430	0.01071	0.01424	0.00898	0.01245	0.00702	0.00478	0.00492	0.00157	0.00660	0.00429	0.00231	0.00655
36	0.01179	0.15781	0.01998	0.22047	0.46515	0.01307	0.01372	0.01460	0.01079	0.01459	0.00881	0.01179	0.00732	0.00454	0.00463	0.00145	0.00599	0.00412	0.00234	0.00704
37	0.01092	0.01934	0.39729	0.01776	0.02391	0.01211	0.41366	0.01588	0.01117	0.01588	0.00954	0.01205	0.00697	0.00446	0.00533	0.00163	0.00791	0.00483	0.00232	0.00703
38	0.00706	0.00557	0.00646	0.00659	0.00788	0.00533	0.00483	0.01008	0.10834	0.01569	0.20935	0.26865	0.28835	0.01223	0.00594	0.00177	0.00281	0.02343	0.00488	0.00474
39	0.00618	0.00498	0.00550	0.00553	0.00695	0.00431	0.00409	0.00766	0.01181	0.01491	0.22071	0.12724	0.53791	0.01237	0.00594	0.00169	0.00252	0.01055	0.00483	0.00431
40	0.00629	0.00456	0.00559	0.00632	0.00677	0.00424	0.00415	0.00704	0.00934	0.01219	0.02861	0.53153	0.14977	0.18718	0.01033	0.00257	0.00325	0.01212	0.00429	0.00386
41	0.01159	0.40918	0.42955	0.01149	0.01738	0.01547	0.01369	0.01537	0.01033	0.01385	0.00798	0.00932	0.00635	0.00451	0.00400	0.00133	0.00639	0.00320	0.00212	0.00690
42	0.01151	0.38984	0.44818	0.01163	0.01759	0.01527	0.01393	0.01539	0.01034	0.01394	0.00803	0.00938	0.00635	0.00452	0.00404	0.00135	0.00644	0.00322	0.00212	0.00693
43	0.00775	0.00608	0.00715	0.00684	0.00837	0.00598	0.00518	0.01190	0.15175	0.01821	0.43056	0.07748	0.19851	0.01049	0.00579	0.00166	0.00278	0.03324	0.00516	0.00513
44	0.01132	0.01162	0.02226	0.01610	0.02055	0.01065	0.49372	0.05216	0.01229	0.01721	0.09247	0.01523	0.01174	0.00481	0.00537	0.00146	0.00662	0.00553	0.00305	0.18581
45	0.00995	0.00927	0.01550	0.51687	0.23605	0.01061	0.01327	0.01307	0.01078	0.01446	0.09168	0.01556	0.01125	0.00539	0.00506	0.00160	0.00600	0.00492	0.00263	0.00608
46	0.00698	0.00509	0.00656	0.00620	0.00740	0.00467	0.00465	0.00927	0.01394	0.01959	0.74590	0.03789	0.09248	0.01034	0.00588	0.00157	0.00236	0.00911	0.00543	0.00467
47	0.01020	0.00990	0.01746	0.58388	0.17448	0.01138	0.09464	0.01355	0.01041	0.01374	0.00908	0.01313	0.00697	0.00480	0.00507	0.00163	0.00670	0.00459	0.00229	0.00610
48	0.01234	0.01184	0.02023	0.03059	0.79373	0.01184	0.01530	0.01530	0.01135	0.01628	0.00938	0.01234	0.00790	0.00444	0.00493	0.00148	0.00592	0.00444	0.00247	0.00790
49	0.00999	0.00846	0.00995	0.00727	0.01135	0.00644	0.00578	0.01222	0.01073	0.01664	0.09154	0.01318	0.01157	0.00438	0.00392	0.00083	0.00355	0.00359	0.00322	0.76539
50	0.01983	0.01338	0.01397	0.01090	0.01472	0.08492	0.00891	0.50678	0.02014	0.23475	0.01364	0.01304	0.00932	0.00596	0.00495	0.00149	0.00547	0.00451	0.00508	0.00823
51	0.01534	0.00995	0.01314	0.01086	0.01284	0.01168	0.00896	0.14212	0.01237	0.26050	0.01240	0.01407	0.00942	0.01109	0.11045	0.00260	0.32677	0.00471	0.00395	0.00677
52	0.01207	0.37007	0.42545	0.01149	0.01733	0.01486	0.01358	0.01586	0.01055	0.05464	0.00863	0.00977	0.00666	0.00461	0.00409	0.00136	0.00633	0.00331	0.00233	0.00701
53	0.00627	0.00507	0.00572	0.00567	0.00713	0.00452	0.00426	0.00781	0.01155	0.01463	0.20315	0.06118	0.53321	0.01480	0.09038	0.00234	0.00364	0.00974	0.00460	0.00433
54	0.01862	0.02376	0.01413	0.01284	0.01541	0.80482	0.00963	0.01990	0.01413	0.01220	0.00770	0.00899	0.00642	0.00514	0.00449	0.00128	0.00899	0.00321	0.00257	0.00578
55	0.00688	0.00509	0.00642	0.00608	0.00734	0.00463	0.00456	0.00906	0.01369	0.01899	0.67778	0.03888	0.16098	0.01056	0.00588	0.00159	0.00238	0.00924	0.00536	0.00463
56	0.00605	0.00461	0.00558	0.00633	0.00712	0.00414	0.00441	0.00708	0.01021	0.01303	0.03543	0.53771	0.29572	0.01454	0.00621	0.00191	0.00280	0.02838	0.00463	0.00411
57	0.01000	0.02578	0.79900	0.01421	0.02157	0.01158	0.01842	0.01579	0.01052	0.01579	0.00895	0.01052	0.00631	0.00474	0.00474	0.00158	0.00737	0.00368	0.00210	0.00737
58	0.00646	0.00484	0.00575	0.00595	0.00687	0.00439	0.00415	0.00773	0.01102	0.01450	0.24390	0.25093	0.26659	0.13351	0.00891	0.00221	0.00292	0.01060	0.00463	0.00413
59	0.01692	0.01253	0.01357	0.01078	0.01424	0.01380	0.00875	0.63573	0.06127	0.02858	0.03532	0.09858	0.01247	0.00716	0.00516	0.00156	0.00505	0.00569	0.00497	0.00788
60	0.01895	0.01396	0.01496	0.01147	0.01546	0.01546	0.00947	0.77711	0.02344	0.03141	0.01197	0.01197	0.00848	0.00598	0.00499	0.00150	0.00548	0.00449	0.00499	0.00848
61	0.01055	0.00917	0.01138	0.00984	0.09446	0.00719	0.00690	0.01284	0.01044	0.01625	0.00891	0.01055	0.00744	0.00377	0.00382	0.00082	0.00393	0.00311	0.00290	0.76572
62	0.00630	0.00501	0.00566	0.00561	0.00701	0.00437	0.00416	0.00791	0.01217	0.01564	0.30222	0.10161	0.48068	0.01201	0.00592	0.00167	0.00249	0.01027	0.00492	0.00437
63	0.01748	0.01315	0.01416	0.01092	0.01486	0.01427	0.00896	0.63254	0.08672	0.02891	0.01235	0.01236	0.00893	0.00581	0.00486	0.00143	0.00516	0.00442	0.00478	0.09794
64	0.00673	0.00536	0.00606	0.00584	0.00736	0.00484	0.00439	0.00912	0.05272	0.01663	0.36502	0.04186	0.43353	0.01128	0.00584	0.00163	0.00252	0.00962	0.00502	0.00461
65	0.01378	0.09900	0.02018	0.01395	0.01801	0.07127	0.29210	0.18106	0.01390	0.04464	0.01047	0.01256	0.00814	0.00769	0.07757	0.00201	0.00729	0.00465	0.00320	0.09853
66	0.01381	0.31985	0.05080	0.01025	0.01328	0.29451	0.00889	0.02714	0.01185	0.01282	0.01164	0.09973	0.01165	0.00685	0.00448	0.00141	0.00638	0.08598	0.00286	0.00581
67	0.00618	0.00442	0.00588	0.00687	0.00725	0.00412	0.00464	0.00720	0.01003	0.01349	0.10819	0.73867	0.03445	0.01504	0.00631	0.00198	0.00283	0.01363	0.00472	0.00412
68	0.00947	0.01065	0.09783	0.72843	0.03298	0.01113	0.01433	0.01306	0.01003	0.01306	0.00887	0.01300	0.00661	0.00496	0.00496	0.00165	0.00672	0.00435	0.00220	0.00573
69	0.00702	0.00503	0.00667	0.00766	0.00829	0.00487	0.00564	0.03508	0.01052	0.01393	0.02665	0.60274	0.03104	0.01482	0.00644	0.00207	0.00341	0.19916	0.00463	0.00434
70	0.00701	0.00501	0.00686	0.00801	0.00871	0.00486	0.00625	0.00856	0.01047	0.01377	0.02696	0.45572	0.03092	0.01473	0.00661	0.00215	0.00370	0.37078	0.00461	0.00431
71	0.01674	0.01249	0.01344	0.01085	0.01441	0.01392	0.00879	0.46453	0.30031	0.06736	0.01540	0.01464	0.01113	0.00628	0.00502	0.00157	0.00486	0.00493	0.00508	0.00826
72	0.00917	0.00849	0.01422	0.72777	0.03164	0.01056	0.01304	0.01233	0.00976	0.01261	0.00933	0.01395	0.00726	0.00841	0.08955	0.00233	0.00735	0.00453	0.00226	0.00542
73	0.86003	0.00964	0.00733	0.00655	0.00964	0.01118	0.00540	0.01465	0.00848	0.02236	0.00694	0.00810	0.00540	0.00463	0.00308	0.00154	0.00386	0.00270	0.00308	0.00540
74	0.01234	0.01184	0.02023	0.03059	0.79373	0.01184	0.01530	0.01530	0.01135	0.01628	0.00938	0.01234	0.00790	0.00444	0.00493	0.00148	0.00592	0.00444	0.00247	0.00790
