[name]
unknown

[dist]
# distance from previous block
# <min> <max>
20	191

[block]
# block no. 0 follows, 47 sequences, length 19
# corresponding to MSA columns:
# 227-245
name=unknown_A
#
# <colnr> <probs for GDERKNQSTAVLIFYWHMCP>
#	G	D	E	R	K	N	Q	S	T	A	V	L	I	F	Y	W	H	M	C	P
0	0.05585	0.01162	0.01210	0.00971	0.01338	0.03704	0.00779	0.27553	0.17774	0.03941	0.01635	0.01627	0.06574	0.00624	0.00481	0.00141	0.00463	0.00489	0.02817	0.21131
1	0.01220	0.00927	0.00946	0.00883	0.01085	0.11054	0.00666	0.05686	0.04794	0.13025	0.08834	0.31679	0.04381	0.01074	0.00578	0.00175	0.00437	0.04707	0.00477	0.07373
2	0.37214	0.01050	0.01138	0.24368	0.01871	0.05670	0.00895	0.03747	0.01126	0.14906	0.02862	0.01252	0.00843	0.00542	0.00436	0.00163	0.00528	0.00400	0.00358	0.00632
3	0.01213	0.01131	0.01782	0.06064	0.52139	0.01073	0.01301	0.01501	0.01148	0.01683	0.00961	0.01232	0.00803	0.00443	0.00477	0.00133	0.00553	0.00418	0.00272	0.25674
4	0.01064	0.01008	0.01708	0.60051	0.23352	0.01178	0.01486	0.01401	0.01079	0.01428	0.00940	0.01362	0.00729	0.00506	0.00519	0.00169	0.00674	0.00463	0.00238	0.00644
5	0.85377	0.01007	0.00765	0.00685	0.01007	0.01168	0.00564	0.01531	0.00886	0.02336	0.00725	0.00846	0.00564	0.00483	0.00322	0.00161	0.00403	0.00282	0.00322	0.00564
6	0.01139	0.01139	0.01595	0.01367	0.01367	0.01595	0.01139	0.01253	0.00798	0.01253	0.00684	0.01139	0.00684	0.00911	0.01709	0.00228	0.80745	0.00456	0.00228	0.00570
7	0.00894	0.00784	0.01174	0.01553	0.27919	0.00783	0.00888	0.01099	0.01068	0.01437	0.02499	0.02777	0.25740	0.04635	0.24023	0.00376	0.00731	0.00705	0.00338	0.00577
8	0.00983	0.00926	0.01562	0.80447	0.03587	0.01157	0.01446	0.01331	0.01041	0.01331	0.00926	0.01388	0.00694	0.00521	0.00521	0.00174	0.00694	0.00463	0.00231	0.00579
9	0.01980	0.01459	0.01563	0.01198	0.01615	0.01615	0.00990	0.76713	0.02448	0.03282	0.01250	0.01250	0.00886	0.00625	0.00521	0.00156	0.00573	0.00469	0.00521	0.00886
10	0.01672	0.00932	0.01134	0.00912	0.01221	0.00921	0.00736	0.23933	0.01768	0.29677	0.28402	0.02358	0.02436	0.00786	0.00554	0.00161	0.00413	0.00654	0.00583	0.00748
11	0.01980	0.01459	0.01563	0.01198	0.01615	0.01615	0.00990	0.76713	0.02448	0.03282	0.01250	0.01250	0.00886	0.00625	0.00521	0.00156	0.00573	0.00469	0.00521	0.00886
12	0.00634	0.00453	0.00604	0.00725	0.00755	0.00423	0.00483	0.00725	0.00997	0.01329	0.02870	0.81358	0.03444	0.01632	0.00665	0.00211	0.00302	0.01480	0.00483	0.00423
13	0.01045	0.02694	0.79000	0.01484	0.02254	0.01209	0.01924	0.01649	0.01099	0.01649	0.00935	0.01099	0.00660	0.00495	0.00495	0.00165	0.00770	0.00385	0.00220	0.00770
14	0.01887	0.02359	0.01449	0.01316	0.01587	0.72560	0.00990	0.02141	0.08318	0.01356	0.00923	0.01029	0.00753	0.00552	0.00475	0.00138	0.00892	0.00358	0.00292	0.00624
15	0.12270	0.01957	0.01343	0.01177	0.01484	0.51708	0.00906	0.05526	0.01451	0.15934	0.01048	0.01097	0.00783	0.00554	0.00464	0.00144	0.00764	0.00370	0.00357	0.00664
16	0.01796	0.01415	0.01270	0.01029	0.01392	0.25837	0.00812	0.01982	0.01339	0.28478	0.01273	0.01279	0.00917	0.00544	0.00510	0.00130	0.03564	0.00398	0.00410	0.25627
17	0.01159	0.00841	0.00966	0.00793	0.01058	0.00781	0.00589	0.12583	0.04717	0.06217	0.01501	0.09910	0.01456	0.24625	0.01119	0.00238	0.00445	0.00608	0.00390	0.30004
18	0.00860	0.00654	0.00850	0.00830	0.00894	0.00719	0.00607	0.00954	0.00959	0.05126	0.02332	0.36862	0.09886	0.14874	0.01208	0.00255	0.17898	0.01016	0.00402	0.02813

[dist]
# distance from previous block
# <min> <max>
10	34

[block]
# block no. 1 follows, 47 sequences, length 18
# corresponding to MSA columns:
# 283-300
name=unknown_B
#
# <colnr> <probs for GDERKNQSTAVLIFYWHMCP>
#	G	D	E	R	K	N	Q	S	T	A	V	L	I	F	Y	W	H	M	C	P
0	0.12098	0.00890	0.01094	0.00895	0.01235	0.00848	0.00734	0.02087	0.07669	0.43641	0.05791	0.02032	0.01488	0.00700	0.00541	0.00163	0.02678	0.06474	0.00536	0.08406
1	0.13963	0.01138	0.01082	0.00923	0.01166	0.08247	0.00702	0.31447	0.01542	0.02173	0.01386	0.09212	0.01324	0.22212	0.01065	0.00253	0.00538	0.00600	0.00410	0.00617
2	0.01058	0.01005	0.01289	0.01132	0.01142	0.04266	0.00893	0.01140	0.00812	0.01183	0.00969	0.01797	0.01038	0.24578	0.01938	0.00305	0.54166	0.00540	0.00255	0.00496
3	0.01331	0.01136	0.01197	0.01067	0.01368	0.01312	0.00833	0.06583	0.73636	0.02235	0.02075	0.01907	0.01553	0.00702	0.00529	0.00176	0.00420	0.00583	0.00529	0.00827
4	0.85377	0.01007	0.00765	0.00685	0.01007	0.01168	0.00564	0.01531	0.00886	0.02336	0.00725	0.00846	0.00564	0.00483	0.00322	0.00161	0.00403	0.00282	0.00322	0.00564
5	0.01295	0.01119	0.01178	0.01060	0.01354	0.01295	0.00824	0.02767	0.77509	0.02178	0.02120	0.01943	0.01590	0.00707	0.00530	0.00177	0.00412	0.00589	0.00530	0.00824
6	0.00634	0.00453	0.00604	0.00725	0.00755	0.00423	0.00483	0.00725	0.00997	0.01329	0.02870	0.81358	0.03444	0.01632	0.00665	0.00211	0.00302	0.01480	0.00483	0.00423
7	0.01289	0.01237	0.02114	0.03196	0.78450	0.01237	0.01598	0.01598	0.01186	0.01701	0.00980	0.01289	0.00825	0.00464	0.00516	0.00155	0.00619	0.00464	0.00258	0.00825
8	0.01980	0.01459	0.01563	0.01198	0.01615	0.01615	0.00990	0.76713	0.02448	0.03282	0.01250	0.01250	0.00886	0.00625	0.00521	0.00156	0.00573	0.00469	0.00521	0.00886
9	0.00983	0.00926	0.01562	0.80447	0.03587	0.01157	0.01446	0.01331	0.01041	0.01331	0.00926	0.01388	0.00694	0.00521	0.00521	0.00174	0.00694	0.00463	0.00231	0.00579
10	0.01365	0.07640	0.02169	0.24802	0.02568	0.22670	0.28235	0.01673	0.01228	0.01428	0.00923	0.01230	0.00720	0.00490	0.00526	0.00159	0.00817	0.00469	0.00252	0.00637
11	0.01045	0.02694	0.79000	0.01484	0.02254	0.01209	0.01924	0.01649	0.01099	0.01649	0.00935	0.01099	0.00660	0.00495	0.00495	0.00165	0.00770	0.00385	0.00220	0.00770
12	0.01229	0.01405	0.03073	0.02195	0.02722	0.01317	0.76558	0.01668	0.01229	0.01668	0.01054	0.01405	0.00790	0.00439	0.00615	0.00176	0.00878	0.00615	0.00263	0.00702
13	0.01179	0.01125	0.01916	0.30914	0.51589	0.01209	0.01544	0.01502	0.01134	0.01568	0.00960	0.01325	0.00778	0.00484	0.00517	0.00161	0.00646	0.00464	0.00248	0.00736
14	0.00983	0.00926	0.01562	0.80447	0.03587	0.01157	0.01446	0.01331	0.01041	0.01331	0.00926	0.01388	0.00694	0.00521	0.00521	0.00174	0.00694	0.00463	0.00231	0.00579
15	0.00699	0.00524	0.00656	0.00737	0.00838	0.00487	0.00567	0.00846	0.01110	0.01416	0.03500	0.32290	0.25176	0.03995	0.00730	0.00219	0.00354	0.24936	0.00477	0.00443
16	0.01633	0.01273	0.01563	0.28782	0.02301	0.01456	0.01149	0.50475	0.01959	0.02603	0.01137	0.01298	0.00819	0.00589	0.00521	0.00162	0.00615	0.00467	0.00420	0.00779
17	0.09901	0.25208	0.02336	0.01436	0.01859	0.18376	0.28029	0.01739	0.01206	0.04013	0.00903	0.01093	0.00722	0.00473	0.00469	0.00146	0.00735	0.00420	0.00271	0.00663

[dist]
# distance from previous block
# <min> <max>
0	2

[block]
# block no. 2 follows, 47 sequences, length 7
# corresponding to MSA columns:
# 303-309
name=unknown_C
#
# <colnr> <probs for GDERKNQSTAVLIFYWHMCP>
#	G	D	E	R	K	N	Q	S	T	A	V	L	I	F	Y	W	H	M	C	P
0	0.00757	0.00505	0.00568	0.00568	0.00568	0.00505	0.00316	0.00757	0.00757	0.01010	0.01641	0.03408	0.01893	0.81698	0.02651	0.00505	0.00505	0.00757	0.00316	0.00316
1	0.35499	0.00749	0.00735	0.00741	0.00917	0.00810	0.00551	0.06209	0.01050	0.01875	0.01880	0.42888	0.02089	0.01092	0.00514	0.00187	0.00362	0.00920	0.00420	0.00512
2	0.01970	0.01743	0.01539	0.01238	0.01614	0.23288	0.00994	0.55974	0.02178	0.02724	0.01127	0.01164	0.00826	0.00601	0.00507	0.00150	0.00675	0.00432	0.00451	0.00807
3	0.01164	0.01124	0.01767	0.09052	0.35006	0.01338	0.01333	0.01388	0.00990	0.01452	0.00881	0.01287	0.00787	0.00884	0.06316	0.00232	0.33613	0.00467	0.00245	0.00674
4	0.01661	0.01467	0.02096	0.01568	0.01991	0.05122	0.27760	0.42043	0.01870	0.02493	0.01125	0.01284	0.00829	0.00573	0.00625	0.00166	0.05625	0.00513	0.00400	0.00788
5	0.01886	0.01879	0.01687	0.01364	0.01730	0.34035	0.09027	0.37685	0.01914	0.02275	0.01044	0.01137	0.00786	0.00569	0.00510	0.00149	0.00758	0.00429	0.00388	0.00749
6	0.00942	0.00738	0.00844	0.00840	0.00995	0.00775	0.00615	0.08822	0.21531	0.01758	0.02765	0.44142	0.10645	0.01252	0.00609	0.00193	0.00354	0.01102	0.00500	0.00578

[dist]
# distance from previous block
# <min> <max>
4	36

[block]
# block no. 3 follows, 47 sequences, length 23
# corresponding to MSA columns:
# 348-370
name=unknown_D
#
# <colnr> <probs for GDERKNQSTAVLIFYWHMCP>
#	G	D	E	R	K	N	Q	S	T	A	V	L	I	F	Y	W	H	M	C	P
0	0.01158	0.01046	0.01994	0.01524	0.01868	0.00997	0.39809	0.03601	0.01213	0.08841	0.01924	0.20992	0.07834	0.00841	0.00657	0.00184	0.03665	0.00844	0.00376	0.00631
1	0.30671	0.00848	0.01047	0.26547	0.01864	0.00980	0.00938	0.01319	0.01038	0.01759	0.01449	0.02653	0.01396	0.00805	0.00515	0.00191	0.00522	0.24571	0.00344	0.00541
2	0.01082	0.01026	0.01740	0.55485	0.27777	0.01183	0.01495	0.01417	0.01088	0.01450	0.00943	0.01356	0.00736	0.00502	0.00519	0.00167	0.00670	0.00463	0.00240	0.00658
3	0.01981	0.01333	0.01377	0.01104	0.01480	0.09973	0.00893	0.32575	0.14070	0.27287	0.01600	0.01495	0.01105	0.00635	0.00518	0.00159	0.00546	0.00491	0.00534	0.00845
4	0.01204	0.01169	0.01881	0.11733	0.44697	0.01343	0.01432	0.01455	0.01043	0.01513	0.00878	0.01252	0.00764	0.00615	0.00902	0.00181	0.26519	0.00461	0.00245	0.00713
5	0.00757	0.00505	0.00568	0.00568	0.00568	0.00505	0.00316	0.00757	0.00757	0.01010	0.01641	0.03408	0.01893	0.81698	0.02651	0.00505	0.00505	0.00757	0.00316	0.00316
6	0.01186	0.01824	0.27069	0.01656	0.02147	0.09939	0.30134	0.01593	0.01140	0.01537	0.01004	0.01313	0.00788	0.00908	0.09968	0.00249	0.06128	0.00492	0.00249	0.00676
7	0.01945	0.02482	0.01476	0.01342	0.01610	0.79608	0.01006	0.02079	0.01476	0.01275	0.00805	0.00939	0.00671	0.00537	0.00470	0.00134	0.00939	0.00335	0.00268	0.00604
8	0.00615	0.00528	0.00528	0.00528	0.00703	0.00440	0.00396	0.00747	0.01187	0.01407	0.05276	0.05012	0.78238	0.01319	0.00615	0.00176	0.00264	0.01099	0.00484	0.00440
9	0.00983	0.00926	0.01562	0.80447	0.03587	0.01157	0.01446	0.01331	0.01041	0.01331	0.00926	0.01388	0.00694	0.00521	0.00521	0.00174	0.00694	0.00463	0.00231	0.00579
10	0.01169	0.01821	0.27607	0.01965	0.02571	0.01282	0.52442	0.01662	0.01187	0.01662	0.01015	0.01306	0.00748	0.00457	0.00576	0.00172	0.00843	0.00540	0.00249	0.00724
11	0.00731	0.00565	0.00689	0.00750	0.00897	0.00522	0.00625	0.00919	0.01193	0.01485	0.03975	0.05457	0.39376	0.01381	0.00669	0.00209	0.00375	0.39241	0.00481	0.00460
12	0.00757	0.00505	0.00568	0.00568	0.00568	0.00505	0.00316	0.00757	0.00757	0.01010	0.01641	0.03408	0.01893	0.81698	0.02651	0.00505	0.00505	0.00757	0.00316	0.00316
13	0.01045	0.02694	0.79000	0.01484	0.02254	0.01209	0.01924	0.01649	0.01099	0.01649	0.00935	0.01099	0.00660	0.00495	0.00495	0.00165	0.00770	0.00385	0.00220	0.00770
14	0.00857	0.00725	0.01075	0.01473	0.25830	0.00698	0.00810	0.01015	0.01060	0.01424	0.02500	0.34032	0.14409	0.10664	0.00843	0.00222	0.00422	0.01005	0.00391	0.00543
15	0.01727	0.01670	0.01399	0.01196	0.01521	0.26704	0.00937	0.26543	0.28580	0.02245	0.01413	0.01394	0.01064	0.00625	0.00507	0.00156	0.00635	0.00468	0.00442	0.00773
16	0.01402	0.01538	0.01729	0.27668	0.29325	0.26535	0.01358	0.01667	0.01233	0.01443	0.00906	0.01208	0.00733	0.00506	0.00502	0.00154	0.00747	0.00422	0.00253	0.00673
17	0.07870	0.01310	0.01473	0.01355	0.10930	0.01437	0.00983	0.49297	0.10982	0.02791	0.01489	0.01502	0.04939	0.00640	0.00512	0.00160	0.00531	0.00501	0.00473	0.00824
18	0.01308	0.01127	0.04337	0.11390	0.26419	0.04025	0.01099	0.15894	0.01391	0.02010	0.01223	0.01461	0.00955	0.00547	0.00471	0.00147	0.00529	0.00463	0.24506	0.00698
19	0.01330	0.01295	0.01149	0.01062	0.04016	0.21935	0.00782	0.04764	0.17712	0.03979	0.21293	0.05004	0.02115	0.00737	0.00523	0.00149	0.00517	0.00602	0.00436	0.10600
20	0.18878	0.01074	0.01117	0.01044	0.06992	0.10175	0.00749	0.04140	0.01280	0.31362	0.06429	0.01771	0.01330	0.10568	0.00743	0.00200	0.00505	0.00502	0.00456	0.00687
21	0.34834	0.01109	0.03959	0.00910	0.01230	0.04061	0.00774	0.10504	0.04243	0.16152	0.01497	0.01783	0.04862	0.00688	0.00524	0.00171	0.04621	0.06987	0.00424	0.00667
22	0.26852	0.04286	0.03412	0.02538	0.03728	0.17407	0.00852	0.08798	0.02828	0.22817	0.01194	0.01205	0.00849	0.00554	0.00444	0.00154	0.00568	0.00393	0.00410	0.00712

[dist]
# distance from previous block
# <min> <max>
18	303

[block]
# block no. 4 follows, 47 sequences, length 16
# corresponding to MSA columns:
# 744-759
name=unknown_E
#
# <colnr> <probs for GDERKNQSTAVLIFYWHMCP>
#	G	D	E	R	K	N	Q	S	T	A	V	L	I	F	Y	W	H	M	C	P
0	0.37303	0.01153	0.01139	0.00949	0.01280	0.05951	0.03434	0.17839	0.04801	0.11149	0.01140	0.01238	0.00853	0.00896	0.08561	0.00229	0.00596	0.00407	0.00402	0.00679
1	0.29869	0.01303	0.09434	0.01767	0.28337	0.01232	0.03822	0.03793	0.12173	0.02023	0.01064	0.01217	0.00830	0.00512	0.00453	0.00162	0.00539	0.00418	0.00323	0.00728
2	0.01696	0.02067	0.02037	0.01634	0.01999	0.49285	0.27419	0.04760	0.01426	0.01488	0.00909	0.01114	0.00721	0.00506	0.00522	0.00149	0.00904	0.00438	0.00276	0.00649
3	0.00719	0.00504	0.00635	0.00650	0.00705	0.00487	0.00435	0.00837	0.01071	0.01476	0.28690	0.22813	0.03305	0.29907	0.05182	0.00329	0.00407	0.00991	0.00445	0.00411
4	0.00628	0.00479	0.00577	0.00656	0.00737	0.00429	0.00453	0.00733	0.01063	0.01356	0.03711	0.54667	0.29593	0.01522	0.00647	0.00199	0.00289	0.01347	0.00483	0.00429
5	0.00983	0.00926	0.01562	0.80447	0.03587	0.01157	0.01446	0.01331	0.01041	0.01331	0.00926	0.01388	0.00694	0.00521	0.00521	0.00174	0.00694	0.00463	0.00231	0.00579
6	0.01080	0.00926	0.01080	0.00771	0.01234	0.00694	0.00617	0.01311	0.01080	0.01697	0.00926	0.01080	0.00771	0.00386	0.00386	0.00077	0.00386	0.00309	0.00309	0.84882
7	0.00615	0.00528	0.00528	0.00528	0.00703	0.00440	0.00396	0.00747	0.01187	0.01407	0.05276	0.05012	0.78238	0.01319	0.00615	0.00176	0.00264	0.01099	0.00484	0.00440
8	0.02336	0.00886	0.01209	0.00927	0.01329	0.00765	0.00765	0.02538	0.01491	0.78810	0.02055	0.01773	0.01289	0.00645	0.00524	0.00161	0.00443	0.00524	0.00645	0.00886
9	0.00757	0.00505	0.00568	0.00568	0.00568	0.00505	0.00316	0.00757	0.00757	0.01010	0.01641	0.03408	0.01893	0.81698	0.02651	0.00505	0.00505	0.00757	0.00316	0.00316
10	0.01289	0.01237	0.02114	0.03196	0.78450	0.01237	0.01598	0.01598	0.01186	0.01701	0.00980	0.01289	0.00825	0.00464	0.00516	0.00155	0.00619	0.00464	0.00258	0.00825
11	0.01080	0.00926	0.01080	0.00771	0.01234	0.00694	0.00617	0.01311	0.01080	0.01697	0.00926	0.01080	0.00771	0.00386	0.00386	0.00077	0.00386	0.00309	0.00309	0.84882
12	0.00658	0.00529	0.00586	0.00572	0.00729	0.00458	0.00429	0.00830	0.01287	0.01645	0.30762	0.04620	0.52604	0.01230	0.00615	0.00172	0.00257	0.01044	0.00515	0.00458
13	0.01080	0.00926	0.01080	0.00771	0.01234	0.00694	0.00617	0.01311	0.01080	0.01697	0.00926	0.01080	0.00771	0.00386	0.00386	0.00077	0.00386	0.00309	0.00309	0.84882
14	0.00753	0.00523	0.00662	0.00662	0.00695	0.00556	0.00433	0.00818	0.00785	0.01079	0.01555	0.02932	0.01687	0.54501	0.29565	0.00621	0.00816	0.00688	0.00303	0.00368
15	0.01130	0.02185	0.52120	0.02083	0.28892	0.01219	0.01810	0.01631	0.01130	0.01667	0.00950	0.01166	0.00717	0.00484	0.00502	0.00161	0.00717	0.00412	0.00233	0.00789

[dist]
# distance from previous block
# <min> <max>
0	3

[block]
# block no. 5 follows, 47 sequences, length 6
# corresponding to MSA columns:
# 763-768
name=unknown_F
#
# <colnr> <probs for GDERKNQSTAVLIFYWHMCP>
#	G	D	E	R	K	N	Q	S	T	A	V	L	I	F	Y	W	H	M	C	P
0	0.01080	0.00926	0.01080	0.00771	0.01234	0.00694	0.00617	0.01311	0.01080	0.01697	0.00926	0.01080	0.00771	0.00386	0.00386	0.00077	0.00386	0.00309	0.00309	0.84882
1	0.01634	0.47235	0.02181	0.01088	0.01456	0.35971	0.00941	0.01787	0.01241	0.01247	0.00759	0.00881	0.00669	0.00485	0.00393	0.00121	0.00724	0.00303	0.00243	0.00640
2	0.00745	0.00553	0.00810	0.00810	0.00893	0.00636	0.00617	0.00912	0.00829	0.01189	0.01420	0.02184	0.01362	0.11773	0.71849	0.00803	0.01305	0.00578	0.00283	0.00450
3	0.24398	0.01111	0.01261	0.20207	0.01866	0.01268	0.00942	0.21301	0.12479	0.08454	0.01219	0.01316	0.00886	0.00575	0.00468	0.00165	0.00522	0.00438	0.00408	0.00715
4	0.01233	0.00737	0.00850	0.00749	0.00998	0.00687	0.00584	0.07782	0.07173	0.21771	0.03603	0.11644	0.37959	0.01071	0.00582	0.00174	0.00352	0.00897	0.00532	0.00621
5	0.01576	0.01114	0.01597	0.01187	0.01627	0.01033	0.15993	0.13916	0.07564	0.20658	0.01373	0.01410	0.00985	0.00523	0.00498	0.00138	0.00531	0.00470	0.00433	0.27376

[dist]
# distance from previous block
# <min> <max>
1	72

[block]
# block no. 6 follows, 47 sequences, length 22
# corresponding to MSA columns:
# 846-858,863-871
name=unknown_G
#
# <colnr> <probs for GDERKNQSTAVLIFYWHMCP>
#	G	D	E	R	K	N	Q	S	T	A	V	L	I	F	Y	W	H	M	C	P
0	0.27357	0.01175	0.01467	0.01155	0.01510	0.07719	0.16247	0.01773	0.03470	0.16359	0.04651	0.01351	0.01009	0.00563	0.00546	0.00160	0.05720	0.00453	0.00377	0.06937
1	0.28378	0.01110	0.01202	0.00990	0.01307	0.07769	0.07569	0.04811	0.07672	0.15178	0.10624	0.01653	0.03127	0.00637	0.00512	0.00162	0.03164	0.00497	0.00423	0.03216
2	0.15715	0.01055	0.03222	0.23625	0.02007	0.01110	0.03162	0.09585	0.01277	0.22707	0.01220	0.01347	0.00859	0.00574	0.00559	0.00164	0.05712	0.00443	0.00393	0.05266
3	0.17311	0.00894	0.00966	0.00884	0.01090	0.05894	0.04365	0.06697	0.07696	0.04234	0.16522	0.26980	0.02458	0.00992	0.00548	0.00177	0.00413	0.00853	0.00456	0.00570
4	0.15436	0.01020	0.01134	0.00978	0.01253	0.01141	0.00791	0.09282	0.25307	0.11331	0.07463	0.01944	0.01520	0.00737	0.00638	0.00174	0.09445	0.05307	0.00464	0.04636
5	0.13185	0.10228	0.14761	0.00959	0.01354	0.03174	0.00915	0.08139	0.04938	0.17073	0.13849	0.01893	0.06059	0.00679	0.00488	0.00157	0.00488	0.00533	0.00432	0.00697
6	0.00830	0.01366	0.31702	0.01004	0.01356	0.00756	0.01057	0.01174	0.01190	0.01698	0.26123	0.24841	0.02809	0.01000	0.00581	0.00178	0.00469	0.00874	0.00408	0.00582
7	0.29024	0.01050	0.01270	0.32413	0.02172	0.01214	0.01012	0.15769	0.01295	0.08675	0.01018	0.01217	0.00739	0.00539	0.00456	0.00165	0.00554	0.00410	0.00352	0.00658
8	0.01108	0.43548	0.07924	0.00916	0.01247	0.01436	0.00876	0.01317	0.00974	0.01252	0.01006	0.01336	0.00919	0.01821	0.31774	0.00403	0.00906	0.00398	0.00245	0.00596
9	0.34429	0.00958	0.01246	0.48837	0.02564	0.01161	0.01097	0.01410	0.00980	0.01729	0.00846	0.01173	0.00643	0.00506	0.00442	0.00169	0.00579	0.00391	0.00267	0.00573
10	0.00745	0.00554	0.00816	0.00816	0.00902	0.00640	0.00625	0.00916	0.00831	0.01193	0.01414	0.02152	0.01348	0.09970	0.73634	0.00811	0.01326	0.00573	0.00282	0.00453
11	0.85377	0.01007	0.00765	0.00685	0.01007	0.01168	0.00564	0.01531	0.00886	0.02336	0.00725	0.00846	0.00564	0.00483	0.00322	0.00161	0.00403	0.00282	0.00322	0.00564
12	0.01980	0.01459	0.01563	0.01198	0.01615	0.01615	0.00990	0.76713	0.02448	0.03282	0.01250	0.01250	0.00886	0.00625	0.00521	0.00156	0.00573	0.00469	0.00521	0.00886
13	0.01295	0.01119	0.01178	0.01060	0.01354	0.01295	0.00824	0.02767	0.77509	0.02178	0.02120	0.01943	0.01590	0.00707	0.00530	0.00177	0.00412	0.00589	0.00530	0.00824
14	0.01080	0.00926	0.01080	0.00771	0.01234	0.00694	0.00617	0.01311	0.01080	0.01697	0.00926	0.01080	0.00771	0.00386	0.00386	0.00077	0.00386	0.00309	0.00309	0.84882
15	0.01980	0.01459	0.01563	0.01198	0.01615	0.01615	0.00990	0.76713	0.02448	0.03282	0.01250	0.01250	0.00886	0.00625	0.00521	0.00156	0.00573	0.00469	0.00521	0.00886
16	0.00634	0.00453	0.00604	0.00725	0.00755	0.00423	0.00483	0.00725	0.00997	0.01329	0.02870	0.81358	0.03444	0.01632	0.00665	0.00211	0.00302	0.01480	0.00483	0.00423
17	0.25810	0.00898	0.01038	0.00839	0.01192	0.00874	0.00687	0.02127	0.03807	0.48044	0.08110	0.01693	0.01399	0.00636	0.00474	0.00162	0.00414	0.00492	0.00543	0.00759
18	0.01471	0.00913	0.01120	0.00820	0.01264	0.00716	0.00663	0.01693	0.01208	0.25692	0.01277	0.01295	0.00932	0.00466	0.00429	0.00103	0.00404	0.00375	0.00413	0.58745
19	0.01036	0.00713	0.00871	0.00839	0.01026	0.00701	0.00634	0.01485	0.18109	0.10055	0.09339	0.33831	0.02640	0.01131	0.00593	0.00184	0.00360	0.07317	0.00502	0.08633
20	0.01073	0.00981	0.01627	0.01274	0.01632	0.00889	0.24603	0.05394	0.01230	0.01722	0.03891	0.09953	0.01625	0.00773	0.00568	0.00162	0.00558	0.15978	0.00366	0.25702
21	0.28364	0.01166	0.01160	0.00963	0.01316	0.01300	0.00780	0.24657	0.23377	0.06327	0.01358	0.01339	0.01000	0.00594	0.00455	0.00161	0.00458	0.00440	0.00457	0.04329

[dist]
# distance from previous block
# <min> <max>
1	4

[block]
# block no. 7 follows, 47 sequences, length 9
# corresponding to MSA columns:
# 879-887
name=unknown_H
#
# <colnr> <probs for GDERKNQSTAVLIFYWHMCP>
#	G	D	E	R	K	N	Q	S	T	A	V	L	I	F	Y	W	H	M	C	P
0	0.01724	0.01676	0.01808	0.01438	0.01814	0.30358	0.20667	0.06500	0.09945	0.14338	0.01252	0.01332	0.00922	0.00548	0.00523	0.00154	0.00744	0.00475	0.00374	0.03406
1	0.00888	0.00797	0.01395	0.01211	0.01394	0.00828	0.19408	0.01118	0.01037	0.01420	0.01857	0.21147	0.01949	0.01809	0.20415	0.00365	0.07231	0.14848	0.00357	0.00525
2	0.01159	0.01105	0.01880	0.35931	0.46727	0.01203	0.01534	0.01485	0.01125	0.01544	0.00957	0.01331	0.00770	0.00488	0.00518	0.00163	0.00651	0.00463	0.00247	0.00720
3	0.00757	0.00505	0.00568	0.00568	0.00568	0.00505	0.00316	0.00757	0.00757	0.01010	0.01641	0.03408	0.01893	0.81698	0.02651	0.00505	0.00505	0.00757	0.00316	0.00316
4	0.85377	0.01007	0.00765	0.00685	0.01007	0.01168	0.00564	0.01531	0.00886	0.02336	0.00725	0.00846	0.00564	0.00483	0.00322	0.00161	0.00403	0.00282	0.00322	0.00564
5	0.01980	0.01459	0.01563	0.01198	0.01615	0.01615	0.00990	0.76713	0.02448	0.03282	0.01250	0.01250	0.00886	0.00625	0.00521	0.00156	0.00573	0.00469	0.00521	0.00886
6	0.01312	0.14650	0.01437	0.01032	0.01351	0.01423	0.00835	0.02565	0.64720	0.02019	0.01886	0.01758	0.01436	0.00663	0.00497	0.00166	0.00436	0.00537	0.00479	0.00798
7	0.15449	0.01144	0.01159	0.01015	0.01330	0.01316	0.00802	0.12181	0.54926	0.02348	0.01773	0.01669	0.01327	0.00659	0.00494	0.00171	0.00432	0.00522	0.00494	0.00789
8	0.15441	0.68461	0.02400	0.00857	0.01281	0.01911	0.00836	0.01555	0.01029	0.01411	0.00724	0.00837	0.00651	0.00452	0.00332	0.00120	0.00531	0.00279	0.00239	0.00651

[dist]
# distance from previous block
# <min> <max>
7	103

[block]
# block no. 8 follows, 47 sequences, length 15
# corresponding to MSA columns:
# 1019-1033
name=unknown_I
#
# <colnr> <probs for GDERKNQSTAVLIFYWHMCP>
#	G	D	E	R	K	N	Q	S	T	A	V	L	I	F	Y	W	H	M	C	P
0	0.16187	0.00980	0.01456	0.54750	0.10442	0.01173	0.01274	0.01460	0.04601	0.01588	0.00951	0.01307	0.00726	0.00517	0.00485	0.00170	0.00621	0.00436	0.00264	0.00612
1	0.05655	0.01049	0.01504	0.54611	0.02900	0.01243	0.01265	0.18498	0.01373	0.05446	0.01042	0.01347	0.00759	0.00548	0.00511	0.00168	0.00640	0.00458	0.00321	0.00662
2	0.30940	0.01637	0.01257	0.01067	0.01402	0.26971	0.00847	0.26183	0.01588	0.02297	0.00922	0.01008	0.00704	0.00547	0.00435	0.00151	0.00634	0.00360	0.00369	0.00682
3	0.01448	0.01219	0.01582	0.01287	0.01526	0.01454	0.06768	0.20985	0.17070	0.05669	0.01224	0.01382	0.00961	0.00733	0.00987	0.00188	0.31609	0.00498	0.00390	0.03022
4	0.00864	0.00796	0.01225	0.54432	0.02648	0.00923	0.01104	0.01141	0.01089	0.01355	0.02342	0.02568	0.25936	0.00780	0.00552	0.00174	0.00554	0.00670	0.00313	0.00533
5	0.01027	0.00802	0.00932	0.00783	0.01056	0.00729	0.00604	0.13822	0.01392	0.01949	0.18194	0.16658	0.10883	0.00900	0.00533	0.00144	0.00359	0.00771	0.00452	0.28010
6	0.00691	0.00483	0.00608	0.00663	0.00698	0.00461	0.00430	0.00778	0.00997	0.01350	0.14813	0.43287	0.03180	0.27601	0.01303	0.00299	0.00359	0.01157	0.00443	0.00399
7	0.01260	0.01320	0.02585	0.02705	0.41267	0.01276	0.38404	0.01633	0.01207	0.01685	0.01016	0.01346	0.00808	0.00452	0.00564	0.00165	0.00746	0.00538	0.00261	0.00765
8	0.01017	0.00915	0.01247	0.39941	0.02331	0.01070	0.01051	0.01691	0.25959	0.01621	0.02112	0.02234	0.15214	0.00728	0.00541	0.00175	0.00523	0.00621	0.00375	0.00633
9	0.09424	0.01224	0.01163	0.01018	0.01252	0.15484	0.00807	0.21945	0.01429	0.01957	0.03676	0.01523	0.01092	0.01690	0.26298	0.00376	0.04684	0.00471	0.03865	0.00622
10	0.06634	0.42433	0.02109	0.01011	0.01437	0.01815	0.00914	0.33995	0.01648	0.02179	0.00951	0.01015	0.00756	0.00525	0.00414	0.00134	0.00555	0.00361	0.00357	0.00756
11	0.01966	0.01863	0.01528	0.01255	0.01613	0.32451	0.00996	0.47205	0.02064	0.02488	0.01074	0.01127	0.00801	0.00590	0.00501	0.00148	0.00718	0.00416	0.00421	0.00774
12	0.00960	0.01460	0.31731	0.01105	0.01481	0.00877	0.01158	0.08420	0.01221	0.01699	0.03920	0.28063	0.02067	0.01041	0.00591	0.00191	0.00539	0.12477	0.00385	0.00615
13	0.01198	0.33904	0.41425	0.01226	0.01806	0.01570	0.01428	0.01638	0.04226	0.01482	0.00887	0.01032	0.00703	0.00507	0.00499	0.00148	0.05012	0.00355	0.00234	0.00721
14	0.09091	0.01359	0.05630	0.01124	0.01530	0.01386	0.00967	0.47975	0.01974	0.17925	0.01320	0.01305	0.00916	0.00623	0.00560	0.00162	0.04360	0.00459	0.00498	0.00837

[dist]
# distance from previous block
# <min> <max>
20	84

[block]
# block no. 9 follows, 47 sequences, length 39
# corresponding to MSA columns:
# 1121-1159
name=unknown_J
#
# <colnr> <probs for GDERKNQSTAVLIFYWHMCP>
#	G	D	E	R	K	N	Q	S	T	A	V	L	I	F	Y	W	H	M	C	P
0	0.23182	0.36340	0.09744	0.00914	0.01332	0.01514	0.00892	0.04088	0.01120	0.09997	0.04027	0.01110	0.00886	0.00524	0.00418	0.00141	0.02426	0.00354	0.00318	0.00673
1	0.16978	0.01126	0.01505	0.01184	0.01517	0.03680	0.17919	0.20964	0.01532	0.04022	0.17175	0.06929	0.01807	0.00710	0.00532	0.00166	0.00534	0.00627	0.00429	0.00663
2	0.01282	0.03531	0.01036	0.00868	0.01090	0.00975	0.00676	0.31760	0.01611	0.02259	0.01876	0.28136	0.01835	0.00951	0.00527	0.00165	0.00407	0.00804	0.19576	0.00633
3	0.01410	0.79464	0.02689	0.00905	0.01345	0.04545	0.00895	0.01576	0.01072	0.01227	0.00727	0.00839	0.00668	0.00448	0.00338	0.00112	0.00569	0.00280	0.00224	0.00666
4	0.00756	0.00540	0.00744	0.00864	0.00947	0.00528	0.00695	0.00935	0.01117	0.01465	0.02803	0.36567	0.03179	0.01517	0.00697	0.00228	0.00407	0.45074	0.00481	0.00457
5	0.01643	0.01041	0.01188	0.01015	0.01346	0.01118	0.00805	0.02691	0.52132	0.27760	0.02098	0.01886	0.01489	0.00686	0.00528	0.00171	0.00422	0.00567	0.00568	0.00845
6	0.01080	0.00926	0.01080	0.00771	0.01234	0.00694	0.00617	0.01311	0.01080	0.01697	0.00926	0.01080	0.00771	0.00386	0.00386	0.00077	0.00386	0.00309	0.00309	0.84882
7	0.01980	0.01459	0.01563	0.01198	0.01615	0.01615	0.00990	0.76713	0.02448	0.03282	0.01250	0.01250	0.00886	0.00625	0.00521	0.00156	0.00573	0.00469	0.00521	0.00886
8	0.01080	0.00926	0.01080	0.00771	0.01234	0.00694	0.00617	0.01311	0.01080	0.01697	0.00926	0.01080	0.00771	0.00386	0.00386	0.00077	0.00386	0.00309	0.00309	0.84882
9	0.01980	0.01459	0.01563	0.01198	0.01615	0.01615	0.00990	0.76713	0.02448	0.03282	0.01250	0.01250	0.00886	0.00625	0.00521	0.00156	0.00573	0.00469	0.00521	0.00886
10	0.01392	0.82012	0.02729	0.00891	0.01337	0.02061	0.00891	0.01559	0.01058	0.01225	0.00724	0.00835	0.00668	0.00446	0.00334	0.00111	0.00557	0.00278	0.00223	0.00668
11	0.01980	0.01459	0.01563	0.01198	0.01615	0.01615	0.00990	0.76713	0.02448	0.03282	0.01250	0.01250	0.00886	0.00625	0.00521	0.00156	0.00573	0.00469	0.00521	0.00886
12	0.85377	0.01007	0.00765	0.00685	0.01007	0.01168	0.00564	0.01531	0.00886	0.02336	0.00725	0.00846	0.00564	0.00483	0.00322	0.00161	0.00403	0.00282	0.00322	0.00564
13	0.00615	0.00528	0.00528	0.00528	0.00703	0.00440	0.00396	0.00747	0.01187	0.01407	0.05276	0.05012	0.78238	0.01319	0.00615	0.00176	0.00264	0.01099	0.00484	0.00440
14	0.01980	0.01459	0.01563	0.01198	0.01615	0.01615	0.00990	0.76713	0.02448	0.03282	0.01250	0.01250	0.00886	0.00625	0.00521	0.00156	0.00573	0.00469	0.00521	0.00886
15	0.01099	0.15014	0.67153	0.01392	0.02111	0.01342	0.01764	0.01635	0.01093	0.01583	0.00902	0.01058	0.00661	0.00487	0.00470	0.00157	0.00737	0.00368	0.00220	0.00754
16	0.00634	0.00453	0.00604	0.00725	0.00755	0.00423	0.00483	0.00725	0.00997	0.01329	0.02870	0.81358	0.03444	0.01632	0.00665	0.00211	0.00302	0.01480	0.00483	0.00423
17	0.01045	0.02694	0.79000	0.01484	0.02254	0.01209	0.01924	0.01649	0.01099	0.01649	0.00935	0.01099	0.00660	0.00495	0.00495	0.00165	0.00770	0.00385	0.00220	0.00770
18	0.02336	0.00886	0.01209	0.00927	0.01329	0.00765	0.00765	0.02538	0.01491	0.78810	0.02055	0.01773	0.01289	0.00645	0.00524	0.00161	0.00443	0.00524	0.00645	0.00886
19	0.02229	0.00862	0.01174	0.00908	0.01292	0.00747	0.00747	0.02433	0.01489	0.73646	0.07178	0.01915	0.01533	0.00673	0.00530	0.00161	0.00430	0.00552	0.00640	0.00860
20	0.00634	0.00453	0.00604	0.00725	0.00755	0.00423	0.00483	0.00725	0.00997	0.01329	0.02870	0.81358	0.03444	0.01632	0.00665	0.00211	0.00302	0.01480	0.00483	0.00423
21	0.01187	0.01133	0.01930	0.28985	0.53458	0.01211	0.01547	0.01509	0.01138	0.01578	0.00962	0.01322	0.00781	0.00483	0.00517	0.00161	0.00644	0.00464	0.00249	0.00743
22	0.01392	0.82012	0.02729	0.00891	0.01337	0.02061	0.00891	0.01559	0.01058	0.01225	0.00724	0.00835	0.00668	0.00446	0.00334	0.00111	0.00557	0.00278	0.00223	0.00668
23	0.00983	0.00926	0.01562	0.80447	0.03587	0.01157	0.01446	0.01331	0.01041	0.01331	0.00926	0.01388	0.00694	0.00521	0.00521	0.00174	0.00694	0.00463	0.00231	0.00579
24	0.01392	0.82012	0.02729	0.00891	0.01337	0.02061	0.00891	0.01559	0.01058	0.01225	0.00724	0.00835	0.00668	0.00446	0.00334	0.00111	0.00557	0.00278	0.00223	0.00668
25	0.01980	0.01459	0.01563	0.01198	0.01615	0.01615	0.00990	0.76713	0.02448	0.03282	0.01250	0.01250	0.00886	0.00625	0.00521	0.00156	0.00573	0.00469	0.00521	0.00886
26	0.01060	0.06178	0.75649	0.01458	0.02214	0.01247	0.01879	0.01645	0.01098	0.01631	0.00925	0.01088	0.00660	0.00493	0.00488	0.00163	0.00760	0.00380	0.00220	0.00765
27	0.00634	0.00453	0.00604	0.00725	0.00755	0.00423	0.00483	0.00725	0.00997	0.01329	0.02870	0.81358	0.03444	0.01632	0.00665	0.00211	0.00302	0.01480	0.00483	0.00423
28	0.02099	0.01268	0.01445	0.01108	0.01520	0.01331	0.00915	0.51951	0.02129	0.28496	0.01519	0.01425	0.01020	0.00632	0.00522	0.00158	0.00530	0.00487	0.00562	0.00886
29	0.00744	0.00558	0.00837	0.00837	0.00930	0.00651	0.00651	0.00930	0.00837	0.01209	0.01395	0.02046	0.01302	0.03906	0.79635	0.00837	0.01395	0.00558	0.00279	0.00465
30	0.00634	0.00453	0.00604	0.00725	0.00755	0.00423	0.00483	0.00725	0.00997	0.01329	0.02870	0.81358	0.03444	0.01632	0.00665	0.00211	0.00302	0.01480	0.00483	0.00423
31	0.00983	0.00926	0.01562	0.80447	0.03587	0.01157	0.01446	0.01331	0.01041	0.01331	0.00926	0.01388	0.00694	0.00521	0.00521	0.00174	0.00694	0.00463	0.00231	0.00579
32	0.01229	0.01405	0.03073	0.02195	0.02722	0.01317	0.76558	0.01668	0.01229	0.01668	0.01054	0.01405	0.00790	0.00439	0.00615	0.00176	0.00878	0.00615	0.00263	0.00702
33	0.01829	0.00999	0.01193	0.00991	0.01341	0.01024	0.00794	0.02650	0.38520	0.41482	0.02086	0.01856	0.01436	0.00675	0.00527	0.00169	0.00428	0.00555	0.00589	0.00856
34	0.00832	0.00594	0.00828	0.00936	0.01056	0.00591	0.00813	0.01072	0.01219	0.01598	0.08390	0.05726	0.03140	0.01411	0.00711	0.00234	0.00462	0.69418	0.00487	0.00480
35	0.01045	0.02694	0.79000	0.01484	0.02254	0.01209	0.01924	0.01649	0.01099	0.01649	0.00935	0.01099	0.00660	0.00495	0.00495	0.00165	0.00770	0.00385	0.00220	0.00770
36	0.01147	0.01163	0.01724	0.01439	0.01485	0.01571	0.07725	0.01290	0.00835	0.01290	0.00716	0.01163	0.00693	0.00870	0.01613	0.00223	0.73771	0.00470	0.00231	0.00581
37	0.01945	0.02482	0.01476	0.01342	0.01610	0.79608	0.01006	0.02079	0.01476	0.01275	0.00805	0.00939	0.00671	0.00537	0.00470	0.00134	0.00939	0.00335	0.00268	0.00604
38	0.01063	0.02576	0.73188	0.01453	0.02187	0.01216	0.01842	0.01733	0.06806	0.01689	0.01023	0.01162	0.00729	0.00511	0.00497	0.00166	0.00743	0.00400	0.00243	0.00774

[dist]
# distance from previous block
# <min> <max>
0	7

[block]
# block no. 10 follows, 47 sequences, length 64
# corresponding to MSA columns:
# 1167-1230
name=unknown_K
#
# <colnr> <probs for GDERKNQSTAVLIFYWHMCP>
#	G	D	E	R	K	N	Q	S	T	A	V	L	I	F	Y	W	H	M	C	P
0	0.01268	0.01297	0.02453	0.02842	0.51679	0.01265	0.28097	0.01623	0.01201	0.01690	0.01006	0.01330	0.00813	0.00455	0.00551	0.00162	0.00710	0.00517	0.00260	0.00782
1	0.01392	0.82012	0.02729	0.00891	0.01337	0.02061	0.00891	0.01559	0.01058	0.01225	0.00724	0.00835	0.00668	0.00446	0.00334	0.00111	0.00557	0.00278	0.00223	0.00668
2	0.01289	0.01237	0.02114	0.03196	0.78450	0.01237	0.01598	0.01598	0.01186	0.01701	0.00980	0.01289	0.00825	0.00464	0.00516	0.00155	0.00619	0.00464	0.00258	0.00825
3	0.01045	0.02694	0.79000	0.01484	0.02254	0.01209	0.01924	0.01649	0.01099	0.01649	0.00935	0.01099	0.00660	0.00495	0.00495	0.00165	0.00770	0.00385	0.00220	0.00770
4	0.01259	0.01161	0.01408	0.01721	0.28462	0.11745	0.01018	0.05293	0.08667	0.04157	0.27009	0.02188	0.02265	0.00712	0.00544	0.00157	0.00510	0.00621	0.00415	0.00687
5	0.00959	0.00874	0.01109	0.01020	0.01079	0.05806	0.00801	0.01092	0.00852	0.01202	0.01140	0.01836	0.01122	0.12843	0.37138	0.00535	0.29301	0.00534	0.00265	0.00491
6	0.00905	0.00452	0.00678	0.00678	0.00678	0.00452	0.00452	0.00678	0.00678	0.00905	0.00905	0.01583	0.00905	0.01809	0.02035	0.84848	0.00452	0.00452	0.00226	0.00226
7	0.01045	0.02694	0.79000	0.01484	0.02254	0.01209	0.01924	0.01649	0.01099	0.01649	0.00935	0.01099	0.00660	0.00495	0.00495	0.00165	0.00770	0.00385	0.00220	0.00770
8	0.01305	0.01451	0.02277	0.01748	0.02059	0.12694	0.38421	0.03453	0.01157	0.01515	0.00968	0.03810	0.00828	0.00639	0.00925	0.00186	0.25103	0.00550	0.00267	0.00643
9	0.01066	0.07556	0.74324	0.01448	0.02198	0.01262	0.01861	0.01644	0.01097	0.01623	0.00922	0.01083	0.00660	0.00492	0.00485	0.00162	0.00757	0.00378	0.00220	0.00763
10	0.01185	0.01141	0.01031	0.00995	0.01191	0.15789	0.00738	0.01915	0.36090	0.01707	0.02136	0.29827	0.02072	0.01001	0.00566	0.00181	0.00473	0.00856	0.00464	0.00641
11	0.01471	0.01706	0.02167	0.09557	0.17967	0.28962	0.27293	0.01767	0.01290	0.01504	0.00938	0.01215	0.00746	0.00486	0.00534	0.00156	0.00829	0.00470	0.00261	0.00681
12	0.00983	0.00926	0.01562	0.80447	0.03587	0.01157	0.01446	0.01331	0.01041	0.01331	0.00926	0.01388	0.00694	0.00521	0.00521	0.00174	0.00694	0.00463	0.00231	0.00579
13	0.00634	0.00453	0.00604	0.00725	0.00755	0.00423	0.00483	0.00725	0.00997	0.01329	0.02870	0.81358	0.03444	0.01632	0.00665	0.00211	0.00302	0.01480	0.00483	0.00423
14	0.01177	0.01123	0.01912	0.31436	0.51083	0.01208	0.01543	0.01500	0.01133	0.01566	0.00960	0.01325	0.00777	0.00485	0.00517	0.00162	0.00646	0.00464	0.00248	0.00735
15	0.01358	0.00754	0.00939	0.00864	0.01080	0.00737	0.00653	0.05590	0.13610	0.26492	0.02464	0.36803	0.04227	0.01104	0.00589	0.00186	0.00378	0.00966	0.00545	0.00661
16	0.00701	0.00522	0.00610	0.00614	0.00696	0.00510	0.00418	0.00789	0.00933	0.01201	0.02911	0.05984	0.28805	0.34836	0.17799	0.00449	0.00598	0.00858	0.00372	0.00393
17	0.00885	0.00757	0.01074	0.00993	0.01043	0.00968	0.00785	0.01024	0.00814	0.01202	0.01172	0.01883	0.01152	0.11846	0.43182	0.00583	0.29343	0.00545	0.00265	0.00485
18	0.01045	0.02694	0.79000	0.01484	0.02254	0.01209	0.01924	0.01649	0.01099	0.01649	0.00935	0.01099	0.00660	0.00495	0.00495	0.00165	0.00770	0.00385	0.00220	0.00770
19	0.20403	0.01162	0.01281	0.04969	0.01494	0.01240	0.00852	0.34219	0.01748	0.25546	0.01359	0.01324	0.00926	0.00595	0.00478	0.00160	0.00503	0.00444	0.00500	0.00800
20	0.01133	0.01300	0.06337	0.29822	0.03004	0.01255	0.46272	0.01548	0.01156	0.01548	0.01002	0.01384	0.00750	0.00471	0.00575	0.00174	0.00808	0.00549	0.00250	0.00662
21	0.01019	0.01068	0.02200	0.01675	0.02027	0.01001	0.49665	0.01335	0.01147	0.01548	0.01696	0.29669	0.01728	0.00861	0.00632	0.00188	0.00674	0.00921	0.00341	0.00604
22	0.00983	0.00926	0.01562	0.80447	0.03587	0.01157	0.01446	0.01331	0.01041	0.01331	0.00926	0.01388	0.00694	0.00521	0.00521	0.00174	0.00694	0.00463	0.00231	0.00579
23	0.01501	0.02055	0.51500	0.01287	0.01927	0.01052	0.01514	0.01963	0.01238	0.28927	0.01330	0.01337	0.00882	0.00548	0.00505	0.00164	0.00654	0.00434	0.00370	0.00811
24	0.30776	0.00754	0.00769	0.00718	0.00906	0.00850	0.00557	0.05813	0.00985	0.01828	0.01226	0.01714	0.01089	0.10950	0.25263	0.00404	0.00708	0.00466	0.13712	0.00512
25	0.01483	0.00963	0.01672	0.01324	0.01652	0.00916	0.23999	0.01746	0.01265	0.28858	0.01878	0.11238	0.01632	0.00842	0.00670	0.00188	0.05251	0.13275	0.00457	0.00691
26	0.00845	0.00790	0.01477	0.01245	0.01450	0.00739	0.27377	0.01058	0.01079	0.01449	0.02228	0.53094	0.02506	0.01210	0.00647	0.00199	0.00506	0.01174	0.00406	0.00522
27	0.01289	0.01237	0.02114	0.03196	0.78450	0.01237	0.01598	0.01598	0.01186	0.01701	0.00980	0.01289	0.00825	0.00464	0.00516	0.00155	0.00619	0.00464	0.00258	0.00825
28	0.00702	0.00515	0.00647	0.00678	0.00773	0.00478	0.00495	0.00863	0.01198	0.01606	0.29770	0.25193	0.16450	0.08930	0.00832	0.00220	0.00315	0.09390	0.00499	0.00446
29	0.01169	0.01134	0.01809	0.19562	0.34713	0.01346	0.01403	0.01417	0.01017	0.01461	0.00863	0.01258	0.00746	0.00635	0.00939	0.00185	0.28961	0.00461	0.00241	0.00680
30	0.01289	0.01237	0.02114	0.03196	0.78450	0.01237	0.01598	0.01598	0.01186	0.01701	0.00980	0.01289	0.00825	0.00464	0.00516	0.00155	0.00619	0.00464	0.00258	0.00825
31	0.00763	0.00545	0.00752	0.00872	0.00958	0.00534	0.00707	0.00947	0.01124	0.01473	0.02799	0.33999	0.03164	0.01510	0.00699	0.00229	0.00413	0.47573	0.00481	0.00458
32	0.01045	0.02694	0.79000	0.01484	0.02254	0.01209	0.01924	0.01649	0.01099	0.01649	0.00935	0.01099	0.00660	0.00495	0.00495	0.00165	0.00770	0.00385	0.00220	0.00770
33	0.01229	0.01405	0.03073	0.02195	0.02722	0.01317	0.76558	0.01668	0.01229	0.01668	0.01054	0.01405	0.00790	0.00439	0.00615	0.00176	0.00878	0.00615	0.00263	0.00702
34	0.00692	0.00494	0.00670	0.00791	0.00846	0.00473	0.00584	0.00825	0.01054	0.01394	0.02838	0.60098	0.03318	0.01577	0.00680	0.00219	0.00352	0.22172	0.00482	0.00439
35	0.00640	0.00457	0.00609	0.00722	0.00756	0.00426	0.00484	0.00738	0.01021	0.01367	0.06575	0.77547	0.03517	0.01604	0.00662	0.00209	0.00299	0.01454	0.00488	0.00426
36	0.20095	0.00811	0.00980	0.00885	0.01170	0.00795	0.00747	0.01800	0.01254	0.34660	0.02010	0.03018	0.01733	0.00890	0.00548	0.00189	0.00447	0.26779	0.00515	0.00672
37	0.00764	0.00546	0.00753	0.00874	0.00961	0.00535	0.00709	0.00950	0.01125	0.01475	0.02799	0.33414	0.03160	0.01509	0.00699	0.00229	0.00415	0.48142	0.00481	0.00459
38	0.01229	0.01405	0.03073	0.02195	0.02722	0.01317	0.76558	0.01668	0.01229	0.01668	0.01054	0.01405	0.00790	0.00439	0.00615	0.00176	0.00878	0.00615	0.00263	0.00702
39	0.01253	0.01304	0.02403	0.01794	0.02238	0.01309	0.49786	0.02057	0.28195	0.01849	0.01430	0.01595	0.01073	0.00534	0.00585	0.00176	0.00713	0.00605	0.00358	0.00745
40	0.00757	0.00505	0.00568	0.00568	0.00568	0.00505	0.00316	0.00757	0.00757	0.01010	0.01641	0.03408	0.01893	0.81698	0.02651	0.00505	0.00505	0.00757	0.00316	0.00316
41	0.01229	0.01405	0.03073	0.02195	0.02722	0.01317	0.76558	0.01668	0.01229	0.01668	0.01054	0.01405	0.00790	0.00439	0.00615	0.00176	0.00878	0.00615	0.00263	0.00702
42	0.00669	0.00468	0.00594	0.00681	0.00703	0.00446	0.00436	0.00734	0.00930	0.01239	0.02524	0.59404	0.03007	0.24182	0.01224	0.00294	0.00359	0.01277	0.00436	0.00393
43	0.01181	0.01127	0.01919	0.30505	0.51985	0.01209	0.01545	0.01504	0.01135	0.01570	0.00960	0.01324	0.00779	0.00484	0.00517	0.00161	0.00645	0.00464	0.00248	0.00738
44	0.01229	0.01405	0.03073	0.02195	0.02722	0.01317	0.76558	0.01668	0.01229	0.01668	0.01054	0.01405	0.00790	0.00439	0.00615	0.00176	0.00878	0.00615	0.00263	0.00702
45	0.01306	0.29857	0.01985	0.01196	0.01380	0.09195	0.01039	0.01440	0.00954	0.01245	0.00709	0.01013	0.00677	0.00711	0.01105	0.00178	0.44792	0.00382	0.00230	0.00608
46	0.01340	0.01334	0.02064	0.03053	0.72502	0.07304	0.01552	0.01635	0.01208	0.01668	0.00966	0.01262	0.00813	0.00470	0.00512	0.00153	0.00643	0.00454	0.00259	0.00808
47	0.00865	0.00733	0.01136	0.01593	0.28220	0.00711	0.00875	0.01034	0.01069	0.01463	0.02273	0.50809	0.04717	0.01210	0.00611	0.00190	0.00413	0.01110	0.00404	0.00566
48	0.00983	0.00926	0.01562	0.80447	0.03587	0.01157	0.01446	0.01331	0.01041	0.01331	0.00926	0.01388	0.00694	0.00521	0.00521	0.00174	0.00694	0.00463	0.00231	0.00579
49	0.00958	0.00944	0.01742	0.01409	0.01631	0.00984	0.29895	0.01196	0.01038	0.01436	0.01666	0.29686	0.01759	0.01268	0.08310	0.00260	0.14035	0.00889	0.00337	0.00559
50	0.01629	0.01468	0.02124	0.01591	0.02031	0.07235	0.31466	0.32592	0.07980	0.04693	0.01233	0.01362	0.00901	0.00551	0.00556	0.00164	0.00706	0.00529	0.00403	0.00786
51	0.01055	0.05111	0.76676	0.01466	0.02226	0.01235	0.01893	0.01646	0.01098	0.01636	0.00928	0.01091	0.00660	0.00493	0.00490	0.00163	0.00763	0.00382	0.00220	0.00767
52	0.01266	0.26404	0.06207	0.01709	0.02189	0.01560	0.45231	0.01608	0.01144	0.01505	0.00924	0.01199	0.00740	0.00472	0.00590	0.00158	0.05670	0.00491	0.00247	0.00687
53	0.01188	0.01175	0.00985	0.00906	0.01111	0.21388	0.00685	0.08333	0.08643	0.01794	0.22910	0.10227	0.16672	0.00953	0.00565	0.00163	0.00482	0.00786	0.00459	0.00572
