[name]
unknown

[dist]
# distance from previous block
# <min> <max>
5	260

[block]
# block no. 0 follows, 43 sequences, length 13
# corresponding to MSA columns:
# 440-452
name=unknown_A
#
# <colnr> <probs for GDERKNQSTAVLIFYWHMCP>
#	G	D	E	R	K	N	Q	S	T	A	V	L	I	F	Y	W	H	M	C	P
0	0.12614	0.08592	0.11400	0.01414	0.13908	0.04121	0.01082	0.04738	0.08084	0.12809	0.04732	0.01693	0.05575	0.00634	0.00503	0.00161	0.00550	0.00505	0.00403	0.06481
1	0.08003	0.04400	0.16332	0.04751	0.04463	0.03257	0.01167	0.28407	0.03950	0.06771	0.08552	0.01568	0.01301	0.00645	0.00528	0.00165	0.00598	0.00504	0.00438	0.04202
2	0.16478	0.08421	0.01749	0.01713	0.20703	0.13043	0.04232	0.12184	0.05628	0.06658	0.03381	0.01340	0.01001	0.00575	0.00497	0.00162	0.00632	0.00455	0.00375	0.00774
3	0.08990	0.06308	0.28378	0.01442	0.04204	0.02887	0.11974	0.05837	0.06818	0.04625	0.07230	0.04475	0.01352	0.00659	0.00546	0.00176	0.00664	0.02325	0.00358	0.00751
4	0.09012	0.30228	0.11515	0.01078	0.05214	0.06525	0.00972	0.01634	0.01209	0.07479	0.01706	0.01766	0.11773	0.00655	0.00457	0.00149	0.00556	0.00488	0.06899	0.00686
5	0.34580	0.01075	0.04235	0.00904	0.01223	0.01094	0.00766	0.11726	0.06941	0.07173	0.07535	0.05715	0.06185	0.00821	0.00511	0.00184	0.00455	0.07749	0.00461	0.00669
6	0.01594	0.07795	0.30363	0.01292	0.01834	0.06448	0.01341	0.13829	0.10709	0.13962	0.01447	0.04538	0.01087	0.00649	0.00533	0.00170	0.00659	0.00508	0.00412	0.00831
7	0.01537	0.22848	0.11356	0.01430	0.10486	0.20488	0.01149	0.05131	0.06201	0.04097	0.01415	0.04579	0.05746	0.00649	0.00497	0.00154	0.00685	0.00493	0.00331	0.00730
8	0.00791	0.00593	0.00890	0.00890	0.00989	0.00692	0.00692	0.00989	0.00890	0.01286	0.01483	0.02176	0.01385	0.04154	0.78341	0.00890	0.01483	0.00593	0.00297	0.00494
9	0.01686	0.53535	0.02436	0.01115	0.01523	0.28789	0.00990	0.01852	0.01281	0.01321	0.00800	0.00927	0.00712	0.00508	0.00406	0.00127	0.00734	0.00317	0.00254	0.00687
10	0.01148	0.00984	0.01148	0.00820	0.01312	0.00738	0.00656	0.01395	0.01148	0.01805	0.00984	0.01148	0.00820	0.00410	0.00410	0.00082	0.00410	0.00328	0.00328	0.83922
11	0.17607	0.07099	0.01515	0.01088	0.01512	0.01476	0.00911	0.41059	0.01974	0.18441	0.01361	0.01332	0.00950	0.00627	0.00501	0.00165	0.00546	0.00459	0.00518	0.00861
12	0.01460	0.03476	0.01747	0.02228	0.40124	0.04668	0.01257	0.05917	0.04165	0.11057	0.05083	0.10258	0.01562	0.00747	0.00574	0.00175	0.00577	0.03728	0.00402	0.00795

[dist]
# distance from previous block
# <min> <max>
0	2

[block]
# block no. 1 follows, 43 sequences, length 148
# corresponding to MSA columns:
# 455-479,483-514,522-612
name=unknown_B
#
# <colnr> <probs for GDERKNQSTAVLIFYWHMCP>
#	G	D	E	R	K	N	Q	S	T	A	V	L	I	F	Y	W	H	M	C	P
0	0.01539	0.13953	0.15891	0.03580	0.26532	0.03625	0.01411	0.16389	0.01523	0.06051	0.03603	0.01361	0.00994	0.00565	0.00518	0.00160	0.00656	0.00465	0.00349	0.00833
1	0.01771	0.04066	0.01740	0.03914	0.20987	0.28361	0.01196	0.16826	0.04564	0.04467	0.01164	0.02855	0.00939	0.00610	0.00551	0.00159	0.02210	0.00470	0.02375	0.00776
2	0.00791	0.00593	0.00890	0.00890	0.00989	0.00692	0.00692	0.00989	0.00890	0.01286	0.01483	0.02176	0.01385	0.04154	0.78341	0.00890	0.01483	0.00593	0.00297	0.00494
3	0.01336	0.01420	0.01678	0.01450	0.01492	0.12850	0.01191	0.01461	0.00953	0.01336	0.00746	0.01181	0.00725	0.00911	0.01626	0.00228	0.68092	0.00466	0.00249	0.00611
4	0.01300	0.00980	0.01164	0.00839	0.01324	0.00747	0.00674	0.01543	0.01198	0.10413	0.01121	0.01232	0.00883	0.00441	0.00427	0.00092	0.00417	0.00354	0.00369	0.74480
5	0.00694	0.00541	0.00632	0.00676	0.00795	0.00485	0.00482	0.00860	0.02619	0.01578	0.14318	0.35783	0.35570	0.01489	0.00674	0.00201	0.00298	0.01302	0.00528	0.00476
6	0.01533	0.01736	0.06230	0.02801	0.53930	0.20764	0.01560	0.01832	0.01334	0.01692	0.00992	0.01266	0.00826	0.00515	0.00535	0.00160	0.00753	0.00454	0.00275	0.00815
7	0.01561	0.61452	0.02583	0.01068	0.01474	0.15216	0.00989	0.01729	0.01181	0.01314	0.00782	0.00932	0.00712	0.00528	0.00490	0.00132	0.06601	0.00321	0.00246	0.00691
8	0.02443	0.00930	0.01263	0.00972	0.01392	0.00805	0.00802	0.02658	0.01573	0.75282	0.02174	0.01890	0.01372	0.00684	0.00552	0.00170	0.00465	0.00556	0.03086	0.00930
9	0.00883	0.00589	0.00775	0.00753	0.00846	0.00611	0.00539	0.01017	0.01003	0.05683	0.10464	0.03095	0.07202	0.29601	0.33861	0.00598	0.00880	0.00750	0.00383	0.00467
10	0.00962	0.00481	0.00722	0.00722	0.00722	0.00481	0.00481	0.00722	0.00722	0.00962	0.00962	0.01684	0.00962	0.01924	0.02165	0.83886	0.00481	0.00481	0.00241	0.00241
11	0.01450	0.01319	0.02134	0.06902	0.66096	0.03821	0.01614	0.01767	0.01285	0.06672	0.01107	0.01397	0.00897	0.00511	0.00548	0.00165	0.00661	0.00493	0.00300	0.00861
12	0.03367	0.10970	0.05202	0.04661	0.26416	0.02958	0.05473	0.12524	0.01486	0.17410	0.01266	0.01392	0.00940	0.00573	0.00564	0.00165	0.02916	0.00482	0.00392	0.00843
13	0.42412	0.02957	0.04255	0.03594	0.24582	0.07755	0.03735	0.01704	0.01122	0.02082	0.00887	0.01097	0.00712	0.00511	0.00442	0.00167	0.00590	0.00385	0.00306	0.00704
14	0.06808	0.18185	0.28235	0.05852	0.16133	0.01470	0.09862	0.01732	0.01188	0.04198	0.00995	0.01208	0.00769	0.00508	0.00500	0.00163	0.00714	0.00431	0.00270	0.00778
15	0.01181	0.01035	0.01593	0.15401	0.32645	0.01078	0.01225	0.07353	0.02722	0.01992	0.22923	0.02325	0.04709	0.00736	0.00584	0.00172	0.00538	0.00664	0.00401	0.00722
16	0.01103	0.00909	0.01012	0.00926	0.01160	0.00990	0.00711	0.02075	0.42534	0.02232	0.31730	0.03066	0.07371	0.00938	0.00604	0.00182	0.00360	0.00805	0.00579	0.00714
17	0.01148	0.00984	0.01148	0.00820	0.01312	0.00738	0.00656	0.01395	0.01148	0.01805	0.00984	0.01148	0.00820	0.00410	0.00410	0.00082	0.00410	0.00328	0.00328	0.83922
18	0.00793	0.00587	0.00858	0.00858	0.00945	0.00675	0.00652	0.00968	0.00880	0.01262	0.01513	0.02341	0.01456	0.12845	0.69748	0.00850	0.01376	0.00618	0.00301	0.00476
19	0.00677	0.00483	0.00642	0.00768	0.00799	0.00452	0.00511	0.00772	0.01055	0.01407	0.03026	0.78640	0.03630	0.03315	0.00749	0.00231	0.00326	0.01559	0.00511	0.00448
20	0.02485	0.00943	0.01285	0.00985	0.01414	0.00814	0.00814	0.02699	0.01585	0.77465	0.02185	0.01885	0.01371	0.00685	0.00557	0.00171	0.00471	0.00557	0.00685	0.00943
21	0.00682	0.00491	0.00648	0.00766	0.00809	0.00457	0.00519	0.00789	0.01089	0.01450	0.05714	0.73404	0.06283	0.01698	0.00704	0.00222	0.00322	0.02981	0.00517	0.00454
22	0.02402	0.00981	0.01298	0.01005	0.01427	0.00883	0.00827	0.05474	0.06253	0.69981	0.02157	0.01875	0.01374	0.00689	0.00557	0.00172	0.00474	0.00559	0.00673	0.00938
23	0.01106	0.01045	0.01769	0.65267	0.17286	0.01246	0.01568	0.01467	0.01136	0.01488	0.00995	0.01457	0.00764	0.00543	0.00553	0.00181	0.00724	0.00492	0.00251	0.00663
24	0.01378	0.01190	0.01252	0.01127	0.01440	0.01378	0.00877	0.02943	0.76081	0.02317	0.02254	0.02066	0.01691	0.00751	0.00564	0.00188	0.00438	0.00626	0.00564	0.00877
25	0.00805	0.00537	0.00604	0.00604	0.00604	0.00537	0.00336	0.00805	0.00805	0.01074	0.01745	0.03624	0.02013	0.80536	0.02819	0.00537	0.00537	0.00805	0.00336	0.00336
26	0.01406	0.01677	0.16379	0.02045	0.02637	0.01313	0.53531	0.01876	0.01314	0.10383	0.01219	0.01480	0.00876	0.00502	0.00620	0.00183	0.00860	0.00599	0.00318	0.00782
27	0.01030	0.00660	0.00847	0.00829	0.00995	0.00628	0.00647	0.03406	0.04291	0.10516	0.30515	0.17865	0.09101	0.01258	0.00667	0.00200	0.00362	0.15033	0.00571	0.00577
28	0.00655	0.00561	0.00561	0.00561	0.00748	0.00468	0.00421	0.00795	0.01262	0.01496	0.05610	0.05330	0.76857	0.01403	0.00655	0.00187	0.00281	0.01169	0.00514	0.00468
29	0.01111	0.02865	0.77667	0.01579	0.02397	0.01286	0.02046	0.01754	0.01169	0.01754	0.00994	0.01169	0.00702	0.00526	0.00526	0.00175	0.00818	0.00409	0.00234	0.00818
30	0.01153	0.11698	0.69200	0.01507	0.02287	0.01389	0.01922	0.01743	0.01164	0.01703	0.00969	0.01137	0.00703	0.00520	0.00507	0.00169	0.00793	0.00396	0.00234	0.00806
31	0.01427	0.01336	0.01334	0.01194	0.01469	0.09033	0.00934	0.02687	0.60142	0.02110	0.01942	0.01863	0.01484	0.00758	0.00700	0.00190	0.09492	0.00583	0.00499	0.00823
32	0.01726	0.01417	0.01917	0.06647	0.34598	0.01515	0.01362	0.39055	0.01935	0.02641	0.01185	0.01356	0.00902	0.00584	0.00552	0.00167	0.00638	0.00496	0.00415	0.00895
33	0.76293	0.01119	0.00898	0.00782	0.01135	0.01289	0.00645	0.08918	0.01107	0.02584	0.00826	0.00942	0.00634	0.00529	0.00364	0.00171	0.00446	0.00320	0.00364	0.00634
34	0.01046	0.00984	0.01661	0.79205	0.03814	0.01230	0.01538	0.01415	0.01107	0.01415	0.00984	0.01477	0.00738	0.00554	0.00554	0.00185	0.00738	0.00492	0.00246	0.00615
35	0.00684	0.00491	0.00662	0.00781	0.00818	0.00469	0.00528	0.00789	0.01047	0.01404	0.02927	0.73917	0.03480	0.01929	0.06935	0.00278	0.00415	0.01496	0.00497	0.00453
36	0.01270	0.01213	0.02066	0.26877	0.54390	0.01289	0.01650	0.01612	0.01213	0.01687	0.01024	0.01404	0.00834	0.00512	0.00550	0.00171	0.00683	0.00493	0.00265	0.00796
37	0.01030	0.00741	0.00980	0.01049	0.01212	0.00760	0.00911	0.09577	0.01426	0.01866	0.02750	0.05688	0.02932	0.01431	0.00741	0.00245	0.00521	0.65064	0.00515	0.00559
38	0.00690	0.00566	0.00610	0.00609	0.00784	0.00486	0.00464	0.00857	0.01315	0.01628	0.17587	0.05177	0.60604	0.01364	0.00660	0.00189	0.00290	0.05110	0.00530	0.00479
39	0.01261	0.34549	0.47298	0.01322	0.02001	0.01654	0.01600	0.01715	0.01151	0.01571	0.00903	0.01055	0.00705	0.00505	0.00457	0.00152	0.00727	0.00363	0.00235	0.00775
40	0.00846	0.00724	0.00746	0.00712	0.00930	0.00705	0.00542	0.01359	0.20623	0.01734	0.07227	0.04444	0.54917	0.01225	0.00631	0.00187	0.00321	0.01023	0.00530	0.00575
41	0.00700	0.00500	0.00671	0.00799	0.00842	0.00471	0.00557	0.00814	0.01085	0.01442	0.03039	0.71763	0.03609	0.01712	0.00714	0.00228	0.00343	0.09742	0.00514	0.00457
42	0.09581	0.01418	0.01530	0.01182	0.01614	0.01541	0.00977	0.57898	0.02304	0.14317	0.01406	0.01373	0.00974	0.00654	0.00535	0.00167	0.00573	0.00489	0.00554	0.00911
43	0.02069	0.02640	0.01569	0.01427	0.01712	0.78313	0.01070	0.02212	0.01569	0.01355	0.00856	0.00999	0.00713	0.00571	0.00499	0.00143	0.00999	0.00357	0.00285	0.00642
44	0.00799	0.00562	0.00731	0.00731	0.00775	0.00606	0.00494	0.00887	0.00843	0.01168	0.01629	0.02982	0.01734	0.46649	0.36325	0.00694	0.00957	0.00711	0.00318	0.00406
45	0.00794	0.00534	0.00616	0.00626	0.00632	0.00535	0.00361	0.00808	0.00828	0.01108	0.01842	0.09722	0.02127	0.71892	0.04945	0.00523	0.00548	0.00861	0.00349	0.00350
46	0.01342	0.00987	0.01275	0.30488	0.02148	0.01127	0.01011	0.22336	0.01551	0.02224	0.01360	0.01634	0.01026	0.00616	0.00498	0.00161	0.00539	0.00502	0.28500	0.00675
47	0.02105	0.01551	0.01662	0.01274	0.01717	0.01717	0.01053	0.75235	0.02604	0.03490	0.01330	0.01330	0.00942	0.00665	0.00554	0.00166	0.00609	0.00499	0.00554	0.00942
48	0.00780	0.00563	0.00737	0.00699	0.00827	0.00520	0.00522	0.01036	0.01551	0.02194	0.74355	0.06647	0.05174	0.01152	0.00655	0.00176	0.00263	0.01021	0.00607	0.00520
49	0.00758	0.00585	0.00712	0.00780	0.00925	0.00538	0.00632	0.00943	0.01246	0.01556	0.04189	0.13819	0.37454	0.01493	0.00707	0.00220	0.00383	0.32062	0.00512	0.00484
50	0.00762	0.00585	0.00787	0.00839	0.00889	0.00610	0.00603	0.00896	0.01140	0.01567	0.17210	0.54837	0.03625	0.01526	0.00824	0.00218	0.09325	0.02774	0.00502	0.00483
51	0.00786	0.00558	0.00721	0.00772	0.00860	0.00533	0.00544	0.01021	0.05515	0.03246	0.26415	0.49989	0.04001	0.01466	0.00679	0.00206	0.00312	0.01318	0.00551	0.00507
52	0.02099	0.01737	0.01646	0.01300	0.01717	0.14764	0.01056	0.62797	0.02428	0.03127	0.01249	0.01273	0.00903	0.00649	0.00545	0.00162	0.00676	0.00474	0.00508	0.00891
53	0.01180	0.01004	0.01177	0.02479	0.01379	0.00783	0.00689	0.03993	0.01199	0.01856	0.00997	0.01162	0.00823	0.00422	0.00418	0.00087	0.00424	0.00338	0.00334	0.79256
54	0.01538	0.30846	0.20986	0.02924	0.08924	0.11145	0.01333	0.12951	0.01428	0.01804	0.00951	0.01095	0.00760	0.00531	0.00468	0.00148	0.00710	0.00385	0.00294	0.00778
55	0.01467	0.77902	0.05746	0.00972	0.01459	0.02157	0.00989	0.01662	0.01127	0.01320	0.00778	0.00899	0.00710	0.00476	0.00362	0.00121	0.00601	0.00300	0.00237	0.00715
56	0.00675	0.00482	0.00643	0.00771	0.00803	0.00450	0.00514	0.00771	0.01060	0.01414	0.03053	0.80175	0.03663	0.01735	0.00707	0.00225	0.00321	0.01574	0.00514	0.00450
57	0.00715	0.00513	0.00679	0.00744	0.00812	0.00477	0.00517	0.00873	0.01249	0.01713	0.30419	0.51955	0.04243	0.01511	0.00687	0.00206	0.00299	0.01362	0.00550	0.00477
58	0.01579	0.01068	0.01356	0.01197	0.09997	0.00918	0.00851	0.09011	0.01406	0.19552	0.01304	0.01363	0.00967	0.00509	0.00474	0.00120	0.00472	0.00417	0.00427	0.47012
59	0.01911	0.01364	0.01454	0.01137	0.01523	0.01500	0.00932	0.61821	0.02342	0.03232	0.01416	0.01463	0.01029	0.00661	0.00524	0.00159	0.00546	0.00502	0.15621	0.00865
60	0.00744	0.00565	0.00685	0.00655	0.00803	0.00506	0.00491	0.00968	0.01473	0.01997	0.54805	0.04505	0.27350	0.01216	0.00654	0.00178	0.00267	0.01053	0.00580	0.00506
61	0.00792	0.00590	0.00870	0.00870	0.00963	0.00682	0.00668	0.00976	0.00884	0.01271	0.01501	0.02275	0.01428	0.09382	0.73172	0.00866	0.01419	0.00608	0.00299	0.00484
62	0.00700	0.00500	0.00671	0.00799	0.00842	0.00471	0.00557	0.00814	0.01085	0.01442	0.03039	0.71763	0.03609	0.01712	0.00714	0.00228	0.00343	0.09742	0.00514	0.00457
63	0.01691	0.01151	0.01219	0.00981	0.01303	0.01253	0.00795	0.46656	0.02046	0.02939	0.01514	0.01614	0.01126	0.00657	0.00490	0.00152	0.00474	0.00505	0.32654	0.00777
64	0.00664	0.00522	0.00601	0.00664	0.00775	0.00459	0.00467	0.00783	0.01163	0.01456	0.04352	0.42148	0.40850	0.01566	0.00680	0.00206	0.00301	0.01368	0.00514	0.00459
65	0.02069	0.02640	0.01569	0.01427	0.01712	0.78313	0.01070	0.02212	0.01569	0.01355	0.00856	0.00999	0.00713	0.00571	0.00499	0.00143	0.00999	0.00357	0.00285	0.00642
66	0.01314	0.01474	0.03152	0.02455	0.11336	0.01391	0.66722	0.01766	0.01302	0.01778	0.01111	0.01480	0.00845	0.00470	0.00642	0.00184	0.00902	0.00635	0.00279	0.00762
67	0.00694	0.00499	0.00659	0.00753	0.00807	0.00464	0.00514	0.00822	0.01158	0.01564	0.16662	0.64668	0.05443	0.01617	0.00696	0.00215	0.00309	0.01461	0.00532	0.00464
68	0.02320	0.00894	0.01198	0.00932	0.01326	0.00780	0.00765	0.02539	0.01537	0.68886	0.02142	0.01906	0.01376	0.00681	0.00538	0.00167	0.00447	0.00552	0.10121	0.00894
69	0.01148	0.00984	0.01148	0.00820	0.01312	0.00738	0.00656	0.01395	0.01148	0.01805	0.00984	0.01148	0.00820	0.00410	0.00410	0.00082	0.00410	0.00328	0.00328	0.83922
70	0.02371	0.10037	0.01469	0.00981	0.01415	0.00971	0.00829	0.02581	0.01533	0.68799	0.02024	0.01772	0.01296	0.00661	0.00534	0.00165	0.00485	0.00527	0.00634	0.00916
71	0.00821	0.00632	0.00925	0.00909	0.00994	0.00750	0.00703	0.01000	0.00881	0.01274	0.01450	0.02211	0.01384	0.09289	0.67811	0.00821	0.06758	0.00601	0.00296	0.00491
72	0.01111	0.02865	0.77667	0.01579	0.02397	0.01286	0.02046	0.01754	0.01169	0.01754	0.00994	0.01169	0.00702	0.00526	0.00526	0.00175	0.00818	0.00409	0.00234	0.00818
73	0.75075	0.01250	0.00900	0.00808	0.01144	0.10012	0.00653	0.01694	0.01014	0.02356	0.00781	0.00911	0.00613	0.00521	0.00361	0.00168	0.00493	0.00306	0.00336	0.00605
74	0.00704	0.00515	0.00662	0.00726	0.00804	0.00473	0.00506	0.00854	0.01231	0.01658	0.24793	0.49540	0.12446	0.01522	0.00685	0.00206	0.00299	0.01362	0.00542	0.00473
75	0.01111	0.02865	0.77667	0.01579	0.02397	0.01286	0.02046	0.01754	0.01169	0.01754	0.00994	0.01169	0.00702	0.00526	0.00526	0.00175	0.00818	0.00409	0.00234	0.00818
76	0.00675	0.00482	0.00643	0.00771	0.00803	0.00450	0.00514	0.00771	0.01060	0.01414	0.03053	0.80175	0.03663	0.01735	0.00707	0.00225	0.00321	0.01574	0.00514	0.00450
77	0.84448	0.01071	0.00814	0.00728	0.01071	0.01242	0.00600	0.01628	0.00943	0.02485	0.00771	0.00900	0.00600	0.00514	0.00343	0.00171	0.00428	0.00300	0.00343	0.00600
78	0.00729	0.00564	0.00665	0.00640	0.00794	0.00499	0.00480	0.00940	0.01439	0.01915	0.46763	0.04640	0.35443	0.01246	0.00654	0.00180	0.00269	0.01072	0.00569	0.00499
79	0.11811	0.00957	0.01232	0.00956	0.01375	0.00863	0.00790	0.02577	0.01512	0.68934	0.02024	0.01773	0.01283	0.00666	0.00533	0.00171	0.00466	0.00528	0.00646	0.00904
80	0.01132	0.06247	0.65514	0.01463	0.02229	0.01266	0.01837	0.01709	0.01165	0.01739	0.00982	0.01154	0.00716	0.00511	0.00505	0.00162	0.00762	0.00395	0.00245	0.10269
81	0.10735	0.01091	0.01164	0.01047	0.01287	0.01284	0.00809	0.02330	0.49193	0.02061	0.01850	0.02049	0.01504	0.11453	0.00978	0.00239	0.09111	0.00598	0.00473	0.00743
82	0.01490	0.01293	0.01278	0.01113	0.01436	0.06735	0.00874	0.17216	0.47538	0.02393	0.02352	0.02214	0.10024	0.00795	0.00567	0.00180	0.00494	0.00643	0.00537	0.00827
83	0.00673	0.00488	0.00637	0.00756	0.00799	0.00451	0.00508	0.00773	0.01075	0.01420	0.03232	0.74929	0.08793	0.01712	0.00703	0.00222	0.00318	0.01546	0.00514	0.00451
84	0.00929	0.00703	0.00984	0.01069	0.01182	0.00758	0.00929	0.01169	0.01226	0.01620	0.02681	0.05674	0.02907	0.01466	0.00885	0.00254	0.09500	0.65063	0.00480	0.00521
85	0.01371	0.01316	0.02248	0.03399	0.77081	0.01316	0.01700	0.01700	0.01261	0.01809	0.01042	0.01371	0.00877	0.00493	0.00548	0.00164	0.00658	0.00493	0.00274	0.00877
86	0.02134	0.00867	0.01161	0.00916	0.01290	0.00751	0.00747	0.02347	0.01554	0.62405	0.10639	0.02441	0.08593	0.00799	0.00576	0.00173	0.00431	0.00661	0.00662	0.00854
87	0.00657	0.00552	0.00570	0.00585	0.00754	0.00466	0.00431	0.00792	0.01239	0.01487	0.05319	0.13846	0.68529	0.01440	0.00661	0.00191	0.00285	0.01215	0.00514	0.00466
88	0.07608	0.00769	0.00923	0.00767	0.01061	0.00717	0.00616	0.02021	0.01359	0.39950	0.01924	0.01893	0.01338	0.00656	0.00469	0.00153	0.00377	0.00521	0.36141	0.00736
89	0.01280	0.08667	0.11153	0.02352	0.27595	0.01360	0.29322	0.01678	0.01280	0.01777	0.07118	0.01573	0.01177	0.00537	0.00577	0.00171	0.00743	0.00567	0.00295	0.00778
90	0.02132	0.01269	0.01458	0.01144	0.01562	0.01329	0.00937	0.37055	0.13698	0.30734	0.01791	0.01651	0.01218	0.00686	0.00557	0.00172	0.00531	0.00540	0.00604	0.00932
91	0.01378	0.01190	0.01252	0.01127	0.01440	0.01378	0.00877	0.02943	0.76081	0.02317	0.02254	0.02066	0.01691	0.00751	0.00564	0.00188	0.00438	0.00626	0.00564	0.00877
92	0.84448	0.01071	0.00814	0.00728	0.01071	0.01242	0.00600	0.01628	0.00943	0.02485	0.00771	0.00900	0.00600	0.00514	0.00343	0.00171	0.00428	0.00300	0.00343	0.00600
93	0.01083	0.01022	0.01728	0.70580	0.12151	0.01240	0.01556	0.01447	0.01125	0.01460	0.00991	0.01465	0.00754	0.00547	0.00553	0.00182	0.00729	0.00492	0.00249	0.00645
94	0.01843	0.01951	0.07723	0.01521	0.08521	0.27468	0.01171	0.27733	0.12506	0.02311	0.01249	0.01314	0.00946	0.00619	0.00534	0.00162	0.00738	0.00461	0.00414	0.00816
95	0.00709	0.00507	0.00682	0.00811	0.00858	0.00480	0.00574	0.00831	0.01094	0.01452	0.03033	0.68454	0.03588	0.01703	0.00716	0.00230	0.00351	0.12955	0.00513	0.00459
96	0.03823	0.08238	0.01652	0.01276	0.07594	0.01062	0.06106	0.05199	0.01524	0.54936	0.01831	0.01686	0.01203	0.00632	0.00541	0.00167	0.00534	0.00528	0.00572	0.00896
97	0.01189	0.01236	0.02283	0.01742	0.02018	0.01353	0.37396	0.01460	0.01067	0.01506	0.01094	0.01761	0.01002	0.14275	0.01416	0.00265	0.27409	0.00622	0.00277	0.00629
98	0.00674	0.00556	0.00592	0.00595	0.00763	0.00474	0.00442	0.00829	0.01292	0.01594	0.15595	0.10282	0.61623	0.01387	0.00658	0.00188	0.00281	0.01173	0.00528	0.00474
99	0.01371	0.01316	0.02248	0.03399	0.77081	0.01316	0.01700	0.01700	0.01261	0.01809	0.01042	0.01371	0.00877	0.00493	0.00548	0.00164	0.00658	0.00493	0.00274	0.00877
100	0.01979	0.01354	0.01594	0.01439	0.10192	0.01449	0.01054	0.41954	0.13776	0.16969	0.01602	0.01554	0.01132	0.00663	0.00555	0.00170	0.00562	0.00529	0.00548	0.00924
101	0.01393	0.40541	0.03088	0.01652	0.02170	0.01790	0.38607	0.01717	0.01218	0.01542	0.00948	0.01196	0.00777	0.00470	0.00507	0.00153	0.00766	0.00478	0.00259	0.00729
102	0.01589	0.00999	0.01137	0.00980	0.01306	0.01037	0.00774	0.02476	0.39375	0.25441	0.02844	0.02605	0.15289	0.00850	0.00578	0.00183	0.00420	0.00704	0.00592	0.00822
103	0.01408	0.01334	0.02501	0.01877	0.02229	0.01436	0.41160	0.01727	0.01181	0.10234	0.01106	0.01441	0.00862	0.00665	0.01044	0.00204	0.27973	0.00584	0.00313	0.00721
104	0.01244	0.01189	0.07363	0.01122	0.01416	0.03986	0.06055	0.18592	0.12857	0.02090	0.02378	0.28417	0.08779	0.01077	0.00619	0.00192	0.00511	0.00940	0.00483	0.00688
105	0.01052	0.00895	0.00948	0.00894	0.01132	0.00963	0.00680	0.01965	0.42101	0.01935	0.03486	0.12063	0.27477	0.01085	0.00611	0.00192	0.00371	0.00919	0.00541	0.00689
106	0.84448	0.01071	0.00814	0.00728	0.01071	0.01242	0.00600	0.01628	0.00943	0.02485	0.00771	0.00900	0.00600	0.00514	0.00343	0.00171	0.00428	0.00300	0.00343	0.00600
107	0.01481	0.80869	0.02902	0.00948	0.01421	0.02191	0.00948	0.01658	0.01125	0.01303	0.00770	0.00888	0.00711	0.00474	0.00355	0.00118	0.00592	0.00296	0.00237	0.00711
108	0.00671	0.00496	0.00628	0.00733	0.00793	0.00453	0.00497	0.00775	0.01097	0.01429	0.03519	0.66536	0.17001	0.01675	0.00697	0.00218	0.00314	0.01501	0.00514	0.00453
109	0.84448	0.01071	0.00814	0.00728	0.01071	0.01242	0.00600	0.01628	0.00943	0.02485	0.00771	0.00900	0.00600	0.00514	0.00343	0.00171	0.00428	0.00300	0.00343	0.00600
110	0.00665	0.00536	0.00593	0.00633	0.00768	0.00463	0.00454	0.00795	0.01206	0.01491	0.06944	0.29577	0.50931	0.01502	0.00671	0.00199	0.00293	0.01295	0.00517	0.00463
111	0.00785	0.00569	0.00757	0.00719	0.00846	0.00542	0.00542	0.01039	0.01491	0.02115	0.68221	0.03914	0.04789	0.01476	0.09493	0.00256	0.00400	0.00955	0.00574	0.00519
112	0.02485	0.00943	0.01285	0.00985	0.01414	0.00814	0.00814	0.02699	0.01585	0.77465	0.02185	0.01885	0.01371	0.00685	0.00557	0.00171	0.00471	0.00557	0.00685	0.00943
113	0.01111	0.02865	0.77667	0.01579	0.02397	0.01286	0.02046	0.01754	0.01169	0.01754	0.00994	0.01169	0.00702	0.00526	0.00526	0.00175	0.00818	0.00409	0.00234	0.00818
114	0.01281	0.01380	0.02811	0.14114	0.18699	0.01357	0.48523	0.01704	0.01267	0.01728	0.01083	0.01465	0.00833	0.00486	0.00616	0.00182	0.00846	0.00596	0.00274	0.00755
115	0.02105	0.01551	0.01662	0.01274	0.01717	0.01717	0.01053	0.75235	0.02604	0.03490	0.01330	0.01330	0.00942	0.00665	0.00554	0.00166	0.00609	0.00499	0.00554	0.00942
116	0.01161	0.01102	0.01869	0.52415	0.29707	0.01261	0.01595	0.01516	0.01162	0.01554	0.01005	0.01439	0.00787	0.00532	0.00552	0.00177	0.00710	0.00493	0.00256	0.00708
117	0.01441	0.01055	0.01205	0.01012	0.01294	0.01119	0.00816	0.37544	0.02039	0.02775	0.31232	0.04783	0.02897	0.00953	0.00616	0.00179	0.00456	0.07287	0.00571	0.00726
118	0.02129	0.01803	0.01602	0.01291	0.01689	0.23179	0.01036	0.48161	0.02221	0.09555	0.01274	0.01287	0.00916	0.00640	0.00539	0.00160	0.00706	0.00464	0.00490	0.00858
119	0.01307	0.01494	0.03268	0.02334	0.02894	0.01401	0.75070	0.01774	0.01307	0.01774	0.01120	0.01494	0.00840	0.00467	0.00654	0.00187	0.00934	0.00654	0.00280	0.00747
120	0.01102	0.01048	0.01732	0.61778	0.11884	0.01293	0.01520	0.01438	0.01096	0.01451	0.00962	0.01435	0.00753	0.00594	0.00696	0.00189	0.09648	0.00491	0.00249	0.00644
121	0.00839	0.00600	0.00831	0.00953	0.01059	0.00591	0.00794	0.01059	0.01236	0.01621	0.05398	0.22958	0.03363	0.01563	0.00748	0.00245	0.00459	0.54672	0.00514	0.00497
122	0.00868	0.00620	0.00864	0.00992	0.01108	0.00616	0.00849	0.01105	0.01251	0.01630	0.02946	0.14659	0.03241	0.01553	0.00758	0.00252	0.00489	0.65187	0.00510	0.00503
123	0.00803	0.00540	0.00620	0.00615	0.00629	0.00535	0.00357	0.00833	0.00892	0.01204	0.10284	0.03683	0.02379	0.71502	0.02572	0.00496	0.00506	0.00828	0.00367	0.00357
124	0.01256	0.01220	0.02033	0.25665	0.17905	0.01333	0.17533	0.01928	0.19748	0.01796	0.01334	0.01598	0.01025	0.00581	0.00607	0.00183	0.02594	0.00561	0.00338	0.00762
125	0.01148	0.00984	0.01148	0.00820	0.01312	0.00738	0.00656	0.01395	0.01148	0.01805	0.00984	0.01148	0.00820	0.00410	0.00410	0.00082	0.00410	0.00328	0.00328	0.83922
126	0.02161	0.01051	0.01565	0.01686	0.23387	0.00960	0.01071	0.02409	0.01491	0.55495	0.01853	0.01736	0.01228	0.00630	0.00554	0.00169	0.00525	0.00539	0.00566	0.00924
127	0.01201	0.00988	0.01167	0.00842	0.01320	0.00764	0.00676	0.01443	0.01158	0.04672	0.01024	0.01178	0.00839	0.00434	0.00450	0.00089	0.02324	0.00341	0.00340	0.78752
128	0.00733	0.00561	0.00757	0.00845	0.00874	0.00585	0.00590	0.00832	0.01037	0.01405	0.02801	0.71633	0.03345	0.01652	0.00827	0.00227	0.08889	0.01457	0.00485	0.00467
129	0.01726	0.01812	0.01419	0.01263	0.01577	0.32659	0.00972	0.09397	0.38954	0.02036	0.01600	0.01564	0.01224	0.00670	0.00537	0.00167	0.00682	0.00505	0.00450	0.00787
130	0.00758	0.00563	0.00705	0.00673	0.00812	0.00511	0.00504	0.00993	0.01500	0.02070	0.62059	0.06025	0.18387	0.01195	0.00655	0.00178	0.00266	0.01045	0.00590	0.00511
131	0.01364	0.08558	0.15645	0.27655	0.02541	0.01346	0.07282	0.12200	0.04254	0.06906	0.03524	0.01636	0.01062	0.00617	0.00550	0.00176	0.00686	0.02904	0.00351	0.00743
132	0.36972	0.15907	0.01335	0.00861	0.01217	0.01312	0.00730	0.04671	0.08800	0.12287	0.09738	0.01530	0.01371	0.00629	0.00439	0.00163	0.00454	0.00454	0.00430	0.00699
133	0.00791	0.00571	0.00751	0.00719	0.00850	0.00531	0.00548	0.01052	0.01547	0.02181	0.71613	0.04285	0.05083	0.01160	0.00661	0.00180	0.00279	0.06072	0.00603	0.00522
134	0.00804	0.00541	0.00627	0.00627	0.00635	0.00549	0.00364	0.00820	0.00812	0.01091	0.01724	0.03508	0.01963	0.74408	0.08878	0.00565	0.00613	0.00788	0.00332	0.00348
135	0.15812	0.10302	0.01873	0.14856	0.09950	0.04093	0.11460	0.06040	0.06233	0.10089	0.01170	0.01352	0.00882	0.00566	0.00546	0.00171	0.03035	0.00471	0.00357	0.00741
136	0.01497	0.01273	0.02138	0.03125	0.68472	0.01259	0.01599	0.01813	0.01298	0.10418	0.01172	0.01429	0.00933	0.00515	0.00549	0.00165	0.00637	0.00501	0.00321	0.00885
137	0.00690	0.00488	0.00638	0.00752	0.00781	0.00460	0.00494	0.00775	0.01031	0.01375	0.02904	0.71465	0.03475	0.10701	0.00947	0.00260	0.00346	0.01487	0.00494	0.00437
138	0.01215	0.01166	0.02010	0.39155	0.39662	0.01279	0.04415	0.01568	0.01190	0.01622	0.01018	0.01425	0.00810	0.00521	0.00555	0.00175	0.00706	0.00499	0.00261	0.00749
139	0.01274	0.10300	0.49956	0.01397	0.02055	0.01398	0.01631	0.04575	0.16348	0.03951	0.01270	0.01347	0.00929	0.00576	0.00518	0.00172	0.00702	0.00449	0.00324	0.00827
140	0.00657	0.00561	0.00565	0.00564	0.00750	0.00469	0.00423	0.00800	0.01269	0.01512	0.07172	0.05304	0.75285	0.01397	0.00655	0.00187	0.00280	0.01165	0.00516	0.00469
141	0.02485	0.00943	0.01285	0.00985	0.01414	0.00814	0.00814	0.02699	0.01585	0.77465	0.02185	0.01885	0.01371	0.00685	0.00557	0.00171	0.00471	0.00557	0.00685	0.00943
142	0.01526	0.01483	0.01812	0.06857	0.36920	0.15517	0.01364	0.12850	0.01515	0.01936	0.01308	0.01975	0.01167	0.00680	0.00570	0.00174	0.00698	0.10519	0.00350	0.00777
143	0.01063	0.00694	0.00870	0.00881	0.01076	0.00659	0.00736	0.05221	0.01372	0.10505	0.03583	0.07504	0.25447	0.01352	0.00694	0.00219	0.00435	0.36584	0.00534	0.00569
144	0.01728	0.01345	0.01441	0.01158	0.01554	0.01471	0.00936	0.42294	0.26234	0.02882	0.01763	0.01706	0.04089	0.00698	0.00548	0.00166	0.00523	0.00550	0.00535	0.08379
145	0.84448	0.01071	0.00814	0.00728	0.01071	0.01242	0.00600	0.01628	0.00943	0.02485	0.00771	0.00900	0.00600	0.00514	0.00343	0.00171	0.00428	0.00300	0.00343	0.00600
146	0.01697	0.01588	0.02224	0.01985	0.14893	0.15371	0.26132	0.10310	0.04565	0.11503	0.01252	0.01429	0.00934	0.00567	0.00614	0.00172	0.03058	0.00536	0.00373	0.00798
147	0.02009	0.01420	0.01794	0.01379	0.01814	0.08253	0.14453	0.26584	0.08459	0.25615	0.01593	0.01566	0.01101	0.00634	0.00569	0.00171	0.00646	0.00543	0.00521	0.00874

[dist]
# distance from previous block
# <min> <max>
0	4

[block]
# block no. 2 follows, 43 sequences, length 52
# corresponding to MSA columns:
# 617-668
name=unknown_C
#
# <colnr> <probs for GDERKNQSTAVLIFYWHMCP>
#	G	D	E	R	K	N	Q	S	T	A	V	L	I	F	Y	W	H	M	C	P
0	0.01371	0.01316	0.02248	0.03399	0.77081	0.01316	0.01700	0.01700	0.01261	0.01809	0.01042	0.01371	0.00877	0.00493	0.00548	0.00164	0.00658	0.00493	0.00274	0.00877
1	0.00959	0.00703	0.00886	0.00889	0.01058	0.00696	0.00735	0.08972	0.01509	0.02014	0.26706	0.04938	0.12409	0.01295	0.00694	0.00212	0.00414	0.33811	0.00547	0.00555
2	0.01394	0.51469	0.02262	0.00964	0.01390	0.01789	0.00884	0.01889	0.17721	0.01618	0.04210	0.01309	0.01123	0.00555	0.00419	0.00132	0.00525	0.00401	0.00334	0.09612
3	0.01059	0.00948	0.01443	0.01850	0.30584	0.00906	0.03640	0.01361	0.05232	0.01684	0.02187	0.25202	0.09841	0.00962	0.00595	0.00177	0.00486	0.00880	0.00393	0.10569
4	0.00695	0.00563	0.00617	0.00604	0.00773	0.00485	0.00453	0.00873	0.01358	0.01723	0.27937	0.04956	0.54389	0.01318	0.00654	0.00183	0.00274	0.01116	0.00544	0.00485
5	0.01143	0.01117	0.02038	0.02045	0.21936	0.01174	0.22873	0.01446	0.01107	0.01574	0.01178	0.01657	0.01019	0.01753	0.26562	0.00420	0.09422	0.00573	0.00280	0.00683
6	0.06331	0.30929	0.02042	0.01143	0.01561	0.16332	0.00984	0.27638	0.01736	0.04972	0.01035	0.01102	0.00811	0.00569	0.00459	0.00145	0.00662	0.00389	0.00380	0.00782
7	0.00783	0.00578	0.00750	0.00822	0.00942	0.00546	0.00657	0.00985	0.01283	0.01679	0.16895	0.20549	0.17982	0.01474	0.00712	0.00221	0.00382	0.31738	0.00530	0.00492
8	0.00791	0.00539	0.00600	0.00600	0.00618	0.00530	0.00344	0.00804	0.00849	0.01114	0.02110	0.03785	0.09081	0.73063	0.02614	0.00504	0.00513	0.00840	0.00352	0.00348
9	0.00825	0.00624	0.00767	0.00721	0.00876	0.00597	0.00544	0.01195	0.08568	0.02144	0.61293	0.04083	0.13403	0.01128	0.00645	0.00177	0.00280	0.00986	0.00594	0.00549
10	0.02435	0.01023	0.01335	0.01023	0.01454	0.00933	0.00845	0.12229	0.01719	0.67746	0.02073	0.01812	0.01315	0.00683	0.00557	0.00171	0.00489	0.00549	0.00668	0.00942
11	0.01248	0.00724	0.00747	0.00669	0.00861	0.00758	0.00521	0.16157	0.01451	0.02351	0.01711	0.01917	0.01323	0.00649	0.00421	0.00137	0.00329	0.00513	0.66912	0.00602
12	0.01156	0.01048	0.01680	0.69477	0.05906	0.01279	0.01497	0.08395	0.01254	0.01623	0.01019	0.01459	0.00762	0.00562	0.00554	0.00182	0.00724	0.00493	0.00276	0.00654
13	0.07866	0.01156	0.01449	0.01203	0.01422	0.01367	0.03250	0.20499	0.01370	0.02036	0.01155	0.05850	0.01046	0.02648	0.09319	0.00274	0.28643	0.00544	0.00363	0.08539
14	0.01949	0.01403	0.01508	0.01173	0.01581	0.01528	0.00963	0.63176	0.02394	0.06048	0.01781	0.01751	0.08142	0.00735	0.00558	0.00167	0.00562	0.00565	0.03131	0.00884
15	0.01111	0.02865	0.77667	0.01579	0.02397	0.01286	0.02046	0.01754	0.01169	0.01754	0.00994	0.01169	0.00702	0.00526	0.00526	0.00175	0.00818	0.00409	0.00234	0.00818
16	0.02350	0.01093	0.01373	0.01051	0.01485	0.01033	0.00868	0.20421	0.01821	0.57004	0.01938	0.01726	0.01249	0.00672	0.00552	0.00167	0.00503	0.00536	0.00642	0.03516
17	0.01046	0.00984	0.01661	0.79205	0.03814	0.01230	0.01538	0.01415	0.01107	0.01415	0.00984	0.01477	0.00738	0.00554	0.00554	0.00185	0.00738	0.00492	0.00246	0.00615
18	0.00802	0.00551	0.00675	0.00675	0.00700	0.00576	0.00425	0.00851	0.00827	0.01127	0.01680	0.03263	0.01856	0.61464	0.21676	0.00625	0.00773	0.00752	0.00326	0.00375
19	0.00741	0.00545	0.00600	0.00604	0.00684	0.00505	0.00390	0.00816	0.01042	0.01328	0.08445	0.08503	0.30069	0.41372	0.01751	0.00365	0.00411	0.00996	0.00431	0.00404
20	0.00690	0.00570	0.00610	0.00622	0.00799	0.00491	0.00482	0.00850	0.01280	0.01554	0.09140	0.05374	0.64305	0.01403	0.00667	0.00194	0.00307	0.09667	0.00519	0.00476
21	0.01046	0.00984	0.01661	0.79205	0.03814	0.01230	0.01538	0.01415	0.01107	0.01415	0.00984	0.01477	0.00738	0.00554	0.00554	0.00185	0.00738	0.00492	0.00246	0.00615
22	0.02105	0.01551	0.01662	0.01274	0.01717	0.01717	0.01053	0.75235	0.02604	0.03490	0.01330	0.01330	0.00942	0.00665	0.00554	0.00166	0.00609	0.00499	0.00554	0.00942
23	0.00675	0.00482	0.00643	0.00771	0.00803	0.00450	0.00514	0.00771	0.01060	0.01414	0.03053	0.80175	0.03663	0.01735	0.00707	0.00225	0.00321	0.01574	0.00514	0.00450
24	0.01324	0.00694	0.00832	0.00732	0.00995	0.00593	0.00571	0.01488	0.01364	0.29208	0.04163	0.09869	0.43646	0.01167	0.00623	0.00184	0.00353	0.00977	0.00577	0.00639
25	0.84448	0.01071	0.00814	0.00728	0.01071	0.01242	0.00600	0.01628	0.00943	0.02485	0.00771	0.00900	0.00600	0.00514	0.00343	0.00171	0.00428	0.00300	0.00343	0.00600
26	0.01371	0.01316	0.02248	0.03399	0.77081	0.01316	0.01700	0.01700	0.01261	0.01809	0.01042	0.01371	0.00877	0.00493	0.00548	0.00164	0.00658	0.00493	0.00274	0.00877
27	0.00719	0.00513	0.00693	0.00821	0.00872	0.00488	0.00590	0.00847	0.01103	0.01463	0.03028	0.65311	0.03567	0.01694	0.00719	0.00231	0.00359	0.16006	0.00513	0.00462
28	0.01046	0.00984	0.01661	0.79205	0.03814	0.01230	0.01538	0.01415	0.01107	0.01415	0.00984	0.01477	0.00738	0.00554	0.00554	0.00185	0.00738	0.00492	0.00246	0.00615
29	0.00655	0.00561	0.00561	0.00561	0.00748	0.00468	0.00421	0.00795	0.01262	0.01496	0.05610	0.05330	0.76857	0.01403	0.00655	0.00187	0.00281	0.01169	0.00514	0.00468
30	0.84448	0.01071	0.00814	0.00728	0.01071	0.01242	0.00600	0.01628	0.00943	0.02485	0.00771	0.00900	0.00600	0.00514	0.00343	0.00171	0.00428	0.00300	0.00343	0.00600
31	0.00674	0.00534	0.00606	0.00647	0.00775	0.00467	0.00463	0.00810	0.01221	0.01536	0.11454	0.31242	0.44630	0.01493	0.00673	0.00199	0.00293	0.01294	0.00523	0.00467
32	0.10225	0.00955	0.01241	0.00961	0.01381	0.00854	0.00794	0.02598	0.01524	0.70384	0.02051	0.01792	0.01298	0.00669	0.00537	0.00171	0.00467	0.00533	0.00653	0.00910
33	0.01111	0.02865	0.77667	0.01579	0.02397	0.01286	0.02046	0.01754	0.01169	0.01754	0.00994	0.01169	0.00702	0.00526	0.00526	0.00175	0.00818	0.00409	0.00234	0.00818
34	0.01320	0.01458	0.03063	0.02548	0.17810	0.01384	0.60319	0.01759	0.01298	0.01781	0.01105	0.01469	0.00848	0.00472	0.00632	0.00182	0.00878	0.00621	0.00279	0.00773
35	0.02105	0.01551	0.01662	0.01274	0.01717	0.01717	0.01053	0.75235	0.02604	0.03490	0.01330	0.01330	0.00942	0.00665	0.00554	0.00166	0.00609	0.00499	0.00554	0.00942
36	0.00681	0.00487	0.00648	0.00767	0.00805	0.00454	0.00515	0.00786	0.01088	0.01458	0.07109	0.75992	0.03749	0.01702	0.00704	0.00222	0.00318	0.01543	0.00519	0.00454
37	0.00687	0.00494	0.00632	0.00737	0.00778	0.00461	0.00488	0.00777	0.01049	0.01384	0.03113	0.66161	0.09210	0.10111	0.00928	0.00255	0.00341	0.01461	0.00495	0.00439
38	0.01421	0.01529	0.02396	0.01825	0.02271	0.10531	0.41627	0.02214	0.26182	0.01905	0.01466	0.01625	0.01108	0.00574	0.00605	0.00182	0.00777	0.00609	0.00375	0.00778
39	0.02485	0.00943	0.01285	0.00985	0.01414	0.00814	0.00814	0.02699	0.01585	0.77465	0.02185	0.01885	0.01371	0.00685	0.00557	0.00171	0.00471	0.00557	0.00685	0.00943
40	0.00683	0.00489	0.00650	0.00765	0.00805	0.00456	0.00515	0.00793	0.01100	0.01477	0.08818	0.74230	0.03785	0.01688	0.00703	0.00221	0.00317	0.01530	0.00522	0.00456
41	0.02365	0.00991	0.01297	0.01010	0.01429	0.00904	0.00830	0.05669	0.08662	0.67363	0.02157	0.01880	0.01384	0.00691	0.00557	0.00173	0.00474	0.00561	0.00669	0.00936
42	0.01109	0.01114	0.01919	0.01480	0.01856	0.01086	0.33545	0.01717	0.18151	0.01817	0.04221	0.04372	0.23411	0.00843	0.00635	0.00188	0.00605	0.00823	0.00424	0.00684
43	0.18720	0.00994	0.01208	0.00947	0.01359	0.00938	0.00782	0.05605	0.01502	0.59417	0.01868	0.01666	0.01200	0.00651	0.00514	0.00171	0.00469	0.00503	0.00612	0.00875
44	0.00786	0.00520	0.00611	0.00661	0.00762	0.00496	0.00473	0.00950	0.01118	0.01611	0.03102	0.33371	0.18910	0.01570	0.07933	0.00251	0.00404	0.01081	0.24912	0.00477
45	0.01271	0.00710	0.00918	0.00816	0.01031	0.00665	0.00628	0.01615	0.07878	0.21912	0.43879	0.10550	0.03764	0.01039	0.00625	0.00179	0.00337	0.00907	0.00617	0.00656
46	0.01182	0.05453	0.01574	0.01996	0.35323	0.05298	0.01118	0.03978	0.01261	0.01687	0.02001	0.19019	0.08764	0.02773	0.00635	0.00187	0.00541	0.03256	0.03267	0.00688
47	0.01426	0.01166	0.01528	0.05936	0.22536	0.01262	0.01097	0.12473	0.27454	0.05225	0.04871	0.01965	0.01476	0.08205	0.00774	0.00210	0.00543	0.00594	0.00450	0.00808
48	0.01462	0.01561	0.01559	0.09916	0.17852	0.25109	0.01099	0.01704	0.01298	0.01616	0.00999	0.02787	0.00848	0.00520	0.00489	0.00132	0.00680	0.00415	0.00298	0.29656
49	0.01216	0.08659	0.01570	0.01128	0.01419	0.04367	0.03608	0.01414	0.01049	0.01541	0.00917	0.01232	0.00819	0.00903	0.06978	0.00208	0.26840	0.00411	0.00285	0.35435
50	0.01047	0.01294	0.11295	0.01150	0.01436	0.10680	0.09096	0.01301	0.01220	0.01537	0.05696	0.06290	0.24971	0.01339	0.09016	0.00263	0.08071	0.03335	0.00378	0.00585
51	0.04579	0.34856	0.06642	0.01239	0.01672	0.09947	0.11602	0.08640	0.01355	0.04513	0.02633	0.07733	0.01105	0.00631	0.00484	0.00153	0.00660	0.00510	0.00329	0.00716

[dist]
# distance from previous block
# <min> <max>
5	16

[block]
# block no. 3 follows, 43 sequences, length 73
# corresponding to MSA columns:
# 685-731,747-772
name=unknown_D
#
# <colnr> <probs for GDERKNQSTAVLIFYWHMCP>
#	G	D	E	R	K	N	Q	S	T	A	V	L	I	F	Y	W	H	M	C	P
0	0.12774	0.01206	0.01198	0.00989	0.01308	0.06521	0.00791	0.32101	0.01879	0.02666	0.22509	0.02257	0.06484	0.00801	0.00549	0.00165	0.00487	0.00634	0.00511	0.04170
1	0.02719	0.03728	0.42239	0.01271	0.01884	0.01139	0.02807	0.06655	0.02455	0.06062	0.03855	0.01406	0.01009	0.00559	0.00501	0.00156	0.00642	0.00445	0.07302	0.13166
2	0.01800	0.25411	0.15732	0.01184	0.04420	0.01380	0.01117	0.02196	0.07405	0.31789	0.01504	0.01450	0.01057	0.00591	0.00491	0.00157	0.00575	0.00455	0.00443	0.00842
3	0.05125	0.09202	0.01490	0.10669	0.14750	0.01161	0.00987	0.06530	0.11711	0.04284	0.17505	0.02286	0.07462	0.00751	0.00547	0.00167	0.00490	0.00635	0.00432	0.03815
4	0.00886	0.00670	0.00791	0.00772	0.00895	0.03500	0.00566	0.01070	0.02748	0.04395	0.13147	0.07720	0.16359	0.16248	0.27221	0.00484	0.00769	0.00844	0.00422	0.00494
5	0.01371	0.01316	0.02248	0.03399	0.77081	0.01316	0.01700	0.01700	0.01261	0.01809	0.01042	0.01371	0.00877	0.00493	0.00548	0.00164	0.00658	0.00493	0.00274	0.00877
6	0.01751	0.27078	0.11268	0.01426	0.09449	0.04284	0.05858	0.10025	0.01447	0.20430	0.01260	0.01308	0.00923	0.00558	0.00491	0.00154	0.00635	0.00441	0.00390	0.00823
7	0.01217	0.09974	0.29230	0.19243	0.26338	0.01376	0.01711	0.01652	0.01180	0.01650	0.00984	0.01272	0.00766	0.00516	0.00522	0.00168	0.00727	0.00443	0.00250	0.00781
8	0.00700	0.00557	0.00628	0.00622	0.00779	0.00485	0.00462	0.00879	0.01354	0.01740	0.29937	0.09964	0.47268	0.01332	0.00658	0.00185	0.00277	0.01139	0.00547	0.00485
9	0.01598	0.24752	0.24975	0.01139	0.01670	0.01354	0.01207	0.01980	0.03959	0.23622	0.05637	0.03280	0.01255	0.00627	0.00498	0.00159	0.00596	0.00487	0.00405	0.00800
10	0.01256	0.19263	0.53958	0.01546	0.07188	0.01464	0.01745	0.01764	0.01181	0.04380	0.00992	0.01149	0.00739	0.00519	0.00492	0.00162	0.00747	0.00396	0.00253	0.00804
11	0.01268	0.01180	0.01139	0.01127	0.06325	0.13196	0.00802	0.04200	0.24932	0.03702	0.17576	0.02907	0.17546	0.00911	0.00589	0.00175	0.00480	0.00755	0.00502	0.00688
12	0.01900	0.01108	0.01294	0.01076	0.01448	0.01159	0.00862	0.07711	0.39274	0.34530	0.02162	0.01939	0.01503	0.00717	0.00560	0.00179	0.00464	0.00588	0.00615	0.00909
13	0.00700	0.00496	0.00653	0.00768	0.00802	0.00469	0.00517	0.00796	0.01046	0.01393	0.02911	0.68137	0.03467	0.09822	0.00927	0.00259	0.00354	0.05545	0.00496	0.00441
14	0.00956	0.00639	0.00786	0.00836	0.03351	0.00589	0.00585	0.01185	0.05953	0.10666	0.03708	0.36406	0.28246	0.01389	0.00658	0.00202	0.00347	0.02412	0.00530	0.00557
15	0.00683	0.00495	0.00646	0.00750	0.00802	0.00458	0.00508	0.00798	0.01120	0.01492	0.09894	0.68110	0.08882	0.01658	0.00698	0.00218	0.00313	0.01495	0.00523	0.00458
16	0.01366	0.01328	0.02317	0.03328	0.72081	0.01322	0.06645	0.01705	0.01264	0.01807	0.01047	0.01379	0.00875	0.00492	0.00555	0.00166	0.00677	0.00504	0.00275	0.00868
17	0.01378	0.01190	0.01252	0.01127	0.01440	0.01378	0.00877	0.02943	0.76081	0.02317	0.02254	0.02066	0.01691	0.00751	0.00564	0.00188	0.00438	0.00626	0.00564	0.00877
18	0.01736	0.00893	0.01118	0.00933	0.01251	0.00862	0.00743	0.02278	0.19080	0.38279	0.22035	0.02597	0.04053	0.00834	0.00586	0.00176	0.00404	0.00704	0.00633	0.00806
19	0.00792	0.00589	0.00867	0.00867	0.00957	0.00680	0.00663	0.00974	0.00883	0.01268	0.01505	0.02295	0.01436	0.10426	0.72140	0.00861	0.01406	0.00611	0.00300	0.00481
20	0.01266	0.00741	0.00765	0.00681	0.00878	0.00778	0.00532	0.17375	0.01475	0.02375	0.01703	0.01905	0.01316	0.00650	0.00423	0.00137	0.00335	0.00512	0.65544	0.00609
21	0.01276	0.01710	0.15006	0.02215	0.02816	0.01383	0.63548	0.01771	0.01285	0.01771	0.01100	0.01443	0.00818	0.00476	0.00633	0.00185	0.00916	0.00615	0.00273	0.00758
22	0.01032	0.00516	0.00516	0.00516	0.00645	0.00516	0.00387	0.01290	0.01161	0.02065	0.01807	0.02065	0.01420	0.00645	0.00387	0.00129	0.00258	0.00516	0.83611	0.00516
23	0.01148	0.00984	0.01148	0.00820	0.01312	0.00738	0.00656	0.01395	0.01148	0.01805	0.00984	0.01148	0.00820	0.00410	0.00410	0.00082	0.00410	0.00328	0.00328	0.83922
24	0.01978	0.14690	0.01775	0.01353	0.01667	0.66588	0.01051	0.02126	0.01501	0.01347	0.00843	0.00982	0.00713	0.00556	0.00477	0.00139	0.00936	0.00347	0.00278	0.00653
