[name]
unknown

[dist]
# distance from previous block
# <min> <max>
0	1260

[block]
# block no. 0 follows, 50 sequences, length 20
# corresponding to MSA columns:
# 1344-1363
name=unknown_A
#
# <colnr> <probs for GDERKNQSTAVLIFYWHMCP>
#	G	D	E	R	K	N	Q	S	T	A	V	L	I	F	Y	W	H	M	C	P
0	0.00803	0.00574	0.00803	0.00918	0.01033	0.00574	0.00803	0.01033	0.01147	0.01492	0.02639	0.05622	0.02869	0.01377	0.00688	0.00229	0.00459	0.76018	0.00459	0.00459
1	0.86003	0.00964	0.00733	0.00655	0.00964	0.01118	0.00540	0.01465	0.00848	0.02236	0.00694	0.00810	0.00540	0.00463	0.00308	0.00154	0.00386	0.00270	0.00308	0.00540
2	0.00724	0.00485	0.00553	0.00553	0.00556	0.00488	0.00313	0.00731	0.00728	0.00973	0.01562	0.03216	0.01792	0.79707	0.05285	0.00494	0.00513	0.00718	0.00301	0.00307
3	0.01608	0.01254	0.01335	0.01089	0.01437	0.01412	0.00878	0.44870	0.35651	0.02679	0.01561	0.01487	0.01143	0.00632	0.00502	0.00158	0.00481	0.00499	0.00502	0.00822
4	0.01333	0.82783	0.02612	0.00853	0.01279	0.01972	0.00853	0.01493	0.01013	0.01173	0.00693	0.00800	0.00640	0.00426	0.00320	0.00107	0.00533	0.00267	0.00213	0.00640
5	0.00864	0.00769	0.00969	0.00923	0.01010	0.06967	0.00727	0.01027	0.00842	0.01169	0.01178	0.01732	0.01101	0.03012	0.61202	0.00652	0.14623	0.00501	0.00258	0.00472
6	0.00815	0.00640	0.00747	0.00731	0.00807	0.03993	0.00516	0.01030	0.08035	0.01165	0.01476	0.02461	0.01488	0.36943	0.36373	0.00578	0.00865	0.00609	0.00304	0.00422
7	0.00711	0.00579	0.00638	0.00611	0.00777	0.00542	0.00462	0.01038	0.11127	0.01658	0.29286	0.04064	0.44473	0.01106	0.00578	0.00165	0.00265	0.00939	0.00497	0.00484
8	0.01172	0.01273	0.02250	0.01824	0.08015	0.05314	0.39872	0.01458	0.01055	0.01460	0.03301	0.01303	0.00842	0.00596	0.00924	0.00181	0.27759	0.00523	0.00250	0.00628
9	0.01345	0.01369	0.01862	0.01581	0.07826	0.12008	0.25659	0.07518	0.28681	0.01818	0.01333	0.01438	0.01018	0.00555	0.00566	0.00162	0.03666	0.00516	0.00359	0.00718
10	0.00882	0.00806	0.01407	0.01114	0.01366	0.00755	0.25347	0.03978	0.01306	0.01787	0.37315	0.09058	0.10986	0.00878	0.00589	0.00165	0.00448	0.00839	0.00435	0.00539
11	0.01342	0.01168	0.01596	0.07535	0.01770	0.01277	0.16529	0.21042	0.34454	0.02154	0.01552	0.04782	0.01201	0.00626	0.00526	0.00165	0.00541	0.00565	0.00429	0.00746
12	0.01229	0.01090	0.09739	0.01073	0.03125	0.00980	0.05558	0.07678	0.23059	0.12364	0.12461	0.09487	0.05116	0.00781	0.00579	0.00167	0.03712	0.00665	0.00455	0.00684
13	0.04030	0.20645	0.06903	0.01041	0.01386	0.02745	0.07587	0.04026	0.07190	0.18294	0.09173	0.01615	0.03986	0.00630	0.00580	0.00152	0.08473	0.00489	0.00381	0.00673
14	0.01334	0.01120	0.06941	0.12511	0.01746	0.04382	0.08459	0.03201	0.11346	0.17483	0.01363	0.05440	0.01053	0.00562	0.00481	0.00141	0.00521	0.00488	0.00378	0.21049
15	0.03226	0.01252	0.08145	0.01212	0.03876	0.03579	0.10094	0.29112	0.06757	0.02195	0.10687	0.10211	0.01567	0.00718	0.00559	0.00160	0.02981	0.00613	0.00415	0.02643
16	0.01513	0.03879	0.04033	0.01072	0.01441	0.02927	0.06790	0.24049	0.06805	0.15253	0.01410	0.05406	0.01128	0.00636	0.00527	0.00147	0.02959	0.04296	0.00428	0.15302
17	0.07541	0.01076	0.01429	0.06423	0.15994	0.05186	0.06354	0.11430	0.07439	0.12087	0.03959	0.01483	0.01073	0.00986	0.11352	0.00241	0.02514	0.00477	0.00366	0.02588
18	0.01372	0.03180	0.01489	0.03404	0.01524	0.08404	0.10877	0.19665	0.16208	0.04628	0.01446	0.07352	0.02936	0.03185	0.00686	0.00172	0.08620	0.00560	0.00390	0.03902
19	0.03093	0.06251	0.13687	0.01128	0.01512	0.09113	0.06531	0.09972	0.14027	0.09559	0.01334	0.07542	0.01089	0.00622	0.00527	0.00151	0.03819	0.00502	0.00369	0.09171

[dist]
# distance from previous block
# <min> <max>
11	60

[block]
# block no. 1 follows, 50 sequences, length 25
# corresponding to MSA columns:
# 1437-1461
name=unknown_B
#
# <colnr> <probs for GDERKNQSTAVLIFYWHMCP>
#	G	D	E	R	K	N	Q	S	T	A	V	L	I	F	Y	W	H	M	C	P
0	0.08545	0.18995	0.11736	0.00973	0.01392	0.01311	0.00916	0.20857	0.07532	0.11026	0.01376	0.01379	0.05602	0.00568	0.00439	0.00140	0.00500	0.00426	0.00383	0.05901
1	0.06132	0.01639	0.10654	0.01209	0.01555	0.24449	0.08116	0.16729	0.03641	0.06665	0.01208	0.04757	0.02661	0.00608	0.00537	0.00152	0.04553	0.00467	0.03606	0.00662
2	0.01638	0.01070	0.06086	0.01052	0.01395	0.04347	0.08073	0.06261	0.08095	0.37016	0.05092	0.07803	0.01426	0.03030	0.00612	0.00169	0.03106	0.00583	0.00482	0.02666
3	0.01244	0.01224	0.05602	0.04601	0.19443	0.01112	0.40813	0.01591	0.01166	0.09945	0.01219	0.07500	0.01000	0.00538	0.00554	0.00164	0.00688	0.00596	0.00303	0.00696
4	0.01171	0.00891	0.01425	0.04154	0.37404	0.00865	0.03072	0.01395	0.01136	0.13217	0.01864	0.19765	0.07448	0.00812	0.00543	0.00166	0.00478	0.03156	0.00373	0.00664
5	0.01829	0.01357	0.01461	0.01116	0.01518	0.01479	0.00920	0.71888	0.02244	0.03026	0.01173	0.01184	0.00839	0.00581	0.00489	0.00144	0.00535	0.00437	0.00483	0.07297
6	0.01333	0.82783	0.02612	0.00853	0.01279	0.01972	0.00853	0.01493	0.01013	0.01173	0.00693	0.00800	0.00640	0.00426	0.00320	0.00107	0.00533	0.00267	0.00213	0.00640
7	0.01176	0.01345	0.02941	0.02101	0.02605	0.01261	0.77563	0.01597	0.01176	0.01597	0.01008	0.01345	0.00756	0.00420	0.00588	0.00168	0.00840	0.00588	0.00252	0.00672
8	0.01000	0.02578	0.79900	0.01421	0.02157	0.01158	0.01842	0.01579	0.01052	0.01579	0.00895	0.01052	0.00631	0.00474	0.00474	0.00158	0.00737	0.00368	0.00210	0.00737
9	0.00621	0.00502	0.00551	0.00548	0.00695	0.00433	0.00408	0.00773	0.01197	0.01512	0.24198	0.09239	0.55145	0.01217	0.00592	0.00167	0.00250	0.01035	0.00485	0.00433
10	0.00607	0.00434	0.00578	0.00694	0.00723	0.00405	0.00463	0.00694	0.00954	0.01272	0.02747	0.82157	0.03297	0.01562	0.00636	0.00202	0.00289	0.01417	0.00463	0.00405
11	0.01025	0.08687	0.74014	0.01377	0.02090	0.01220	0.01766	0.01572	0.01049	0.01548	0.00879	0.01033	0.00632	0.00470	0.00462	0.00154	0.00721	0.00361	0.00211	0.00729
12	0.13095	0.01264	0.01348	0.01046	0.01431	0.01377	0.00864	0.57272	0.02019	0.13528	0.01236	0.01214	0.00860	0.00583	0.00474	0.00151	0.00510	0.00432	0.00490	0.00807
13	0.00902	0.00777	0.00804	0.00750	0.00973	0.00815	0.00576	0.01646	0.38356	0.01702	0.03596	0.03383	0.41801	0.00980	0.00550	0.00169	0.00321	0.00817	0.00484	0.00598
14	0.01127	0.05766	0.69472	0.01348	0.02040	0.01153	0.01699	0.01653	0.01085	0.08710	0.00984	0.01101	0.00687	0.00485	0.00470	0.00155	0.00700	0.00376	0.00248	0.00743
15	0.03792	0.01477	0.22714	0.01330	0.04066	0.04064	0.14121	0.01878	0.01218	0.31334	0.03195	0.01408	0.00985	0.00557	0.00572	0.00160	0.05530	0.00471	0.00386	0.00740
16	0.00743	0.00578	0.00560	0.03080	0.00768	0.03528	0.00425	0.00905	0.01117	0.01480	0.03811	0.03728	0.52220	0.01022	0.00515	0.00152	0.00285	0.00843	0.23799	0.00443
17	0.00712	0.00534	0.00801	0.00801	0.00890	0.00623	0.00623	0.00890	0.00801	0.01157	0.01335	0.01958	0.01246	0.03738	0.80507	0.00801	0.01335	0.00534	0.00267	0.00445
18	0.00721	0.00499	0.00623	0.00623	0.00650	0.00526	0.00401	0.00776	0.00748	0.01025	0.01498	0.02862	0.01638	0.58304	0.26478	0.00581	0.00745	0.00666	0.00291	0.00346
19	0.01452	0.26235	0.02153	0.01387	0.06440	0.07168	0.18306	0.19656	0.09150	0.01856	0.01037	0.01157	0.00813	0.00498	0.00461	0.00141	0.00622	0.00427	0.00324	0.00716
20	0.11153	0.03485	0.12704	0.00895	0.01312	0.00899	0.00830	0.04175	0.06747	0.21755	0.07319	0.01447	0.01192	0.00540	0.00441	0.00133	0.00441	0.00426	0.00406	0.23701
21	0.25924	0.31866	0.16591	0.00967	0.01394	0.13199	0.00966	0.01575	0.01032	0.01566	0.00743	0.00865	0.00609	0.00459	0.00365	0.00133	0.00583	0.00295	0.00247	0.00620
22	0.06727	0.01171	0.01271	0.03039	0.01387	0.01285	0.00831	0.55200	0.02013	0.02797	0.14902	0.01643	0.01517	0.00661	0.00498	0.00150	0.00476	0.00518	0.03170	0.00743
23	0.01668	0.20774	0.08442	0.01189	0.01534	0.50835	0.01012	0.06464	0.01347	0.01357	0.00789	0.00907	0.00653	0.00495	0.00425	0.00127	0.00780	0.00320	0.00258	0.00622
24	0.01211	0.01123	0.07877	0.00956	0.01333	0.01005	0.00822	0.06585	0.34277	0.05295	0.01535	0.01671	0.01206	0.00588	0.00468	0.00138	0.00430	0.04455	0.00414	0.28611

[dist]
# distance from previous block
# <min> <max>
0	5

[block]
# block no. 2 follows, 50 sequences, length 8
# corresponding to MSA columns:
# 1467-1474
name=unknown_C
#
# <colnr> <probs for GDERKNQSTAVLIFYWHMCP>
#	G	D	E	R	K	N	Q	S	T	A	V	L	I	F	Y	W	H	M	C	P
0	0.39913	0.06826	0.15000	0.01087	0.01521	0.01221	0.13017	0.08413	0.01114	0.06403	0.00895	0.01020	0.00663	0.00476	0.00410	0.00153	0.00545	0.00366	0.00311	0.00647
1	0.00772	0.00804	0.10654	0.00902	0.01089	0.00594	0.06108	0.00970	0.01042	0.03774	0.02586	0.45419	0.10251	0.01261	0.00611	0.00193	0.00408	0.11653	0.00421	0.00488
2	0.00792	0.00665	0.00949	0.00897	0.00971	0.00822	0.00714	0.00949	0.00822	0.01184	0.01505	0.02004	0.08105	0.02826	0.54344	0.00604	0.20549	0.00557	0.00273	0.00467
3	0.01000	0.02578	0.79900	0.01421	0.02157	0.01158	0.01842	0.01579	0.01052	0.01579	0.00895	0.01052	0.00631	0.00474	0.00474	0.00158	0.00737	0.00368	0.00210	0.00737
4	0.00605	0.00443	0.00569	0.00671	0.00717	0.00407	0.00452	0.00697	0.00977	0.01282	0.03034	0.72534	0.12735	0.01524	0.00630	0.00198	0.00285	0.01372	0.00463	0.00407
5	0.01208	0.01233	0.01982	0.20942	0.44613	0.07505	0.12266	0.01517	0.01131	0.01509	0.00922	0.01245	0.00744	0.00459	0.00505	0.00154	0.00669	0.00455	0.00242	0.00701
6	0.01276	0.01308	0.01844	0.16061	0.55115	0.12770	0.01422	0.01554	0.01152	0.01509	0.00904	0.01201	0.00747	0.00463	0.00488	0.00148	0.00649	0.00426	0.00244	0.00719
7	0.00665	0.00480	0.00616	0.00638	0.00717	0.00445	0.00449	0.00822	0.01176	0.01618	0.41286	0.32149	0.07967	0.07729	0.00761	0.00200	0.00275	0.01082	0.00493	0.00431

[dist]
# distance from previous block
# <min> <max>
2	6

[block]
# block no. 3 follows, 50 sequences, length 165
# corresponding to MSA columns:
# 1481-1645
name=unknown_D
#
# <colnr> <probs for GDERKNQSTAVLIFYWHMCP>
#	G	D	E	R	K	N	Q	S	T	A	V	L	I	F	Y	W	H	M	C	P
0	0.00644	0.00480	0.00586	0.00634	0.00718	0.00440	0.00450	0.00769	0.01072	0.01402	0.16243	0.35359	0.23380	0.09201	0.00803	0.00215	0.00301	0.06428	0.00462	0.00414
1	0.07412	0.49344	0.02114	0.01125	0.08195	0.16668	0.00909	0.05126	0.01157	0.01403	0.02138	0.00928	0.00728	0.00466	0.00372	0.00121	0.00593	0.00312	0.00250	0.00641
2	0.05098	0.00974	0.00850	0.00800	0.00954	0.18985	0.02002	0.02386	0.01152	0.01590	0.14380	0.09015	0.01843	0.03631	0.11744	0.00244	0.00577	0.00599	0.22683	0.00492
3	0.14511	0.05817	0.35928	0.03174	0.03726	0.01146	0.14195	0.01615	0.01074	0.08907	0.00972	0.01120	0.00704	0.00469	0.00458	0.00152	0.00637	0.00397	0.00276	0.04721
4	0.01153	0.05455	0.04447	0.01114	0.08053	0.00946	0.03533	0.20908	0.02770	0.04692	0.01857	0.36381	0.01922	0.00983	0.00546	0.00170	0.00440	0.00865	0.03149	0.00615
5	0.00603	0.00505	0.00524	0.00519	0.00682	0.00427	0.00390	0.00742	0.01169	0.01423	0.13788	0.04670	0.70385	0.01234	0.00589	0.00167	0.00250	0.01034	0.00473	0.00427
6	0.01082	0.07286	0.58766	0.01403	0.02036	0.06614	0.08785	0.01573	0.01103	0.01551	0.04596	0.01181	0.00838	0.00494	0.00479	0.00154	0.00721	0.00405	0.00234	0.00701
7	0.06353	0.01259	0.12214	0.07055	0.06446	0.01100	0.20902	0.09628	0.10510	0.01897	0.14422	0.03208	0.01541	0.00609	0.00525	0.00161	0.00574	0.00571	0.00358	0.00665
8	0.01478	0.01124	0.01215	0.04849	0.02648	0.04460	0.00838	0.17680	0.40606	0.12269	0.01895	0.01791	0.05555	0.00666	0.00506	0.00161	0.00459	0.00541	0.00489	0.00768
9	0.00709	0.00543	0.00672	0.00736	0.00874	0.00506	0.00616	0.00893	0.01142	0.01428	0.03700	0.05259	0.36468	0.01326	0.00645	0.00203	0.00368	0.43007	0.00461	0.00442
10	0.21693	0.01021	0.01030	0.00864	0.01176	0.09737	0.00690	0.03787	0.03373	0.40049	0.02850	0.09035	0.01255	0.00666	0.00464	0.00156	0.00454	0.00520	0.00483	0.00696
11	0.00975	0.02882	0.01763	0.01440	0.07788	0.00927	0.32192	0.01347	0.05836	0.01721	0.26616	0.02484	0.10353	0.00719	0.00570	0.00161	0.00530	0.00717	0.00384	0.00596
12	0.00607	0.00434	0.00578	0.00694	0.00723	0.00405	0.00463	0.00694	0.00954	0.01272	0.02747	0.82157	0.03297	0.01562	0.00636	0.00202	0.00289	0.01417	0.00463	0.00405
13	0.01040	0.00987	0.01674	0.54822	0.29123	0.01133	0.01433	0.01360	0.01043	0.01394	0.00903	0.01297	0.00707	0.00480	0.00497	0.00160	0.00640	0.00443	0.00230	0.00633
14	0.01277	0.01128	0.01585	0.21466	0.07392	0.01262	0.10998	0.15965	0.29616	0.01982	0.01381	0.01494	0.01032	0.00568	0.00513	0.00163	0.00562	0.00507	0.00383	0.00726
15	0.01176	0.01345	0.02941	0.02101	0.02605	0.01261	0.77563	0.01597	0.01176	0.01597	0.01008	0.01345	0.00756	0.00420	0.00588	0.00168	0.00840	0.00588	0.00252	0.00672
16	0.01113	0.01158	0.01900	0.01518	0.01651	0.01456	0.21266	0.01304	0.00872	0.01304	0.00748	0.01158	0.00681	0.00753	0.01359	0.00205	0.60271	0.00476	0.00227	0.00579
17	0.01160	0.01109	0.01891	0.22692	0.60314	0.01165	0.01493	0.01465	0.01100	0.01539	0.00925	0.01258	0.00758	0.00458	0.00495	0.00153	0.00610	0.00444	0.00240	0.00730
18	0.00705	0.00510	0.00666	0.00627	0.00745	0.00470	0.00470	0.00941	0.01411	0.01999	0.79110	0.03723	0.04703	0.01019	0.00588	0.00157	0.00235	0.00901	0.00549	0.00470
19	0.00600	0.00474	0.00541	0.00590	0.00697	0.00415	0.00418	0.00712	0.01065	0.01332	0.06075	0.38357	0.44190	0.01386	0.00610	0.00183	0.00268	0.01206	0.00465	0.00415
20	0.01722	0.01310	0.01399	0.01112	0.01480	0.01465	0.00906	0.57908	0.22429	0.02863	0.01416	0.01372	0.01025	0.00619	0.00501	0.00155	0.00508	0.00479	0.00501	0.00832
21	0.01234	0.01184	0.02023	0.03059	0.79373	0.01184	0.01530	0.01530	0.01135	0.01628	0.00938	0.01234	0.00790	0.00444	0.00493	0.00148	0.00592	0.00444	0.00247	0.00790
22	0.01202	0.01227	0.02315	0.05966	0.50001	0.01207	0.27504	0.01542	0.01143	0.01603	0.00960	0.01275	0.00773	0.00438	0.00526	0.00156	0.00680	0.00493	0.00248	0.00740
23	0.00790	0.00528	0.00693	0.00641	0.00774	0.00485	0.00485	0.01023	0.01412	0.06300	0.74841	0.03611	0.04511	0.00997	0.00583	0.00157	0.00246	0.00879	0.00552	0.00491
24	0.00630	0.00465	0.00641	0.06210	0.00908	0.00453	0.00526	0.00734	0.00957	0.01272	0.02620	0.76626	0.03117	0.01489	0.00627	0.00200	0.00315	0.01350	0.00446	0.00415
25	0.01194	0.01346	0.02906	0.02078	0.02580	0.01267	0.75720	0.03427	0.01205	0.01634	0.01013	0.01341	0.00758	0.00424	0.00586	0.00168	0.00833	0.00585	0.00258	0.00676
26	0.01251	0.01422	0.01012	0.01004	0.01153	0.40831	0.00734	0.01367	0.01196	0.01258	0.01744	0.36909	0.01933	0.01022	0.00545	0.00167	0.00606	0.04992	0.00359	0.00495
27	0.00589	0.00505	0.00505	0.00505	0.00673	0.00421	0.00379	0.00715	0.01136	0.01347	0.05049	0.04797	0.79171	0.01262	0.00589	0.00168	0.00252	0.01052	0.00463	0.00421
28	0.00607	0.00434	0.00578	0.00694	0.00723	0.00405	0.00463	0.00694	0.00954	0.01272	0.02747	0.82157	0.03297	0.01562	0.00636	0.00202	0.00289	0.01417	0.00463	0.00405
29	0.01024	0.02545	0.78365	0.01410	0.02140	0.01149	0.01820	0.01595	0.01060	0.03101	0.00915	0.01065	0.00643	0.00476	0.00474	0.00158	0.00731	0.00371	0.00218	0.00739
30	0.01191	0.01304	0.02707	0.02346	0.22210	0.01241	0.58145	0.01580	0.01166	0.01605	0.00990	0.01316	0.00765	0.00426	0.00564	0.00163	0.00777	0.00551	0.00251	0.00702
31	0.00967	0.00912	0.01542	0.74388	0.10128	0.01114	0.01397	0.01296	0.01009	0.01305	0.00890	0.01321	0.00675	0.00494	0.00498	0.00165	0.00658	0.00443	0.00224	0.00575
32	0.03260	0.01725	0.01299	0.01115	0.01408	0.40993	0.00865	0.20629	0.04374	0.05989	0.08422	0.01383	0.02459	0.00600	0.00477	0.00139	0.00669	0.00436	0.00378	0.03380
33	0.01933	0.01203	0.15838	0.01071	0.01530	0.00848	0.06357	0.02213	0.01340	0.59764	0.01701	0.01553	0.01089	0.00577	0.00502	0.00156	0.00511	0.00483	0.00516	0.00815
34	0.00929	0.00465	0.00465	0.00465	0.00581	0.00465	0.00348	0.01161	0.01045	0.01858	0.01626	0.01858	0.01278	0.00581	0.00348	0.00116	0.00232	0.00465	0.85250	0.00465
35	0.03152	0.22290	0.01723	0.01131	0.01467	0.39945	0.00924	0.20561	0.01533	0.01700	0.00855	0.00946	0.00691	0.00512	0.00427	0.00129	0.00712	0.00338	0.00306	0.00659
36	0.02780	0.02787	0.24212	0.01151	0.01585	0.01092	0.06478	0.19696	0.06648	0.11035	0.06540	0.09750	0.02641	0.00689	0.00514	0.00161	0.00544	0.00581	0.00403	0.00714
37	0.01000	0.02578	0.79900	0.01421	0.02157	0.01158	0.01842	0.01579	0.01052	0.01579	0.00895	0.01052	0.00631	0.00474	0.00474	0.00158	0.00737	0.00368	0.00210	0.00737
38	0.00723	0.00485	0.00552	0.00550	0.00558	0.00482	0.00314	0.00740	0.00773	0.01039	0.07040	0.03294	0.02016	0.76737	0.02400	0.00460	0.00466	0.00737	0.00319	0.00314
39	0.01429	0.01180	0.05745	0.04378	0.02012	0.01061	0.38234	0.03762	0.06723	0.22386	0.05311	0.01639	0.02571	0.00546	0.00549	0.00163	0.00639	0.00568	0.00389	0.00716
40	0.01717	0.01197	0.01341	0.25944	0.02019	0.15675	0.00999	0.09095	0.02582	0.32418	0.01338	0.01390	0.00916	0.00560	0.00491	0.00153	0.00598	0.00446	0.00415	0.00706
41	0.00595	0.00505	0.00512	0.00511	0.00677	0.00423	0.00383	0.00726	0.01149	0.01377	0.08517	0.04747	0.75684	0.01251	0.00589	0.00168	0.00252	0.01045	0.00467	0.00423
42	0.01542	0.01868	0.01632	0.21469	0.02154	0.50263	0.11026	0.01759	0.01277	0.01282	0.00830	0.01065	0.00663	0.00498	0.00480	0.00143	0.00832	0.00386	0.00247	0.00584
43	0.01128	0.31173	0.48020	0.01255	0.01868	0.01454	0.05679	0.01549	0.01045	0.01435	0.00829	0.00978	0.00641	0.00454	0.00425	0.00140	0.00670	0.00344	0.00214	0.00698
44	0.01162	0.00996	0.01056	0.00956	0.01219	0.01135	0.00741	0.02409	0.68278	0.02034	0.07652	0.02172	0.06524	0.00736	0.00518	0.00168	0.00375	0.00617	0.00507	0.00744
45	0.01100	0.07700	0.41034	0.01676	0.02290	0.01260	0.34649	0.01580	0.01103	0.01558	0.00930	0.01161	0.00686	0.00447	0.00513	0.00159	0.00767	0.00457	0.00229	0.00702
46	0.03961	0.01119	0.01821	0.20606	0.50152	0.01180	0.03145	0.06869	0.01188	0.03809	0.00966	0.01254	0.00768	0.00472	0.00491	0.00153	0.00600	0.00443	0.00271	0.00731
47	0.00914	0.02306	0.13425	0.03697	0.26685	0.00840	0.01088	0.01175	0.01072	0.01468	0.01999	0.22970	0.09240	0.00932	0.00558	0.00175	0.00488	0.10026	0.00343	0.00597
48	0.00617	0.00441	0.00587	0.00688	0.00725	0.00411	0.00463	0.00718	0.00998	0.01343	0.10131	0.74574	0.03433	0.01509	0.00632	0.00198	0.00284	0.01367	0.00471	0.00411
49	0.01027	0.01738	0.35907	0.26386	0.02668	0.01168	0.21038	0.01488	0.01067	0.01488	0.00921	0.01213	0.00674	0.00468	0.00511	0.00163	0.00741	0.00448	0.00225	0.00663
50	0.01085	0.19308	0.56940	0.01361	0.02012	0.01338	0.08261	0.01562	0.01055	0.01495	0.00862	0.01025	0.00644	0.00459	0.00451	0.00148	0.00703	0.00366	0.00215	0.00711
51	0.01751	0.01199	0.01322	0.01060	0.01420	0.01308	0.00861	0.41230	0.25816	0.16220	0.01590	0.01490	0.01124	0.00626	0.00502	0.00156	0.00479	0.00494	0.00522	0.00830
52	0.00730	0.00500	0.00643	0.00682	0.00776	0.00463	0.00493	0.00896	0.02437	0.05222	0.23255	0.43406	0.11838	0.01314	0.00613	0.00185	0.00288	0.05310	0.00493	0.00455
53	0.08262	0.00620	0.00780	0.00725	0.00832	0.00642	0.00524	0.07920	0.03619	0.07398	0.01157	0.07149	0.01069	0.01360	0.01387	0.52988	0.00423	0.00501	0.02257	0.00389
54	0.01018	0.00959	0.06547	0.01010	0.03693	0.00932	0.00823	0.01840	0.38428	0.01877	0.16305	0.04804	0.02344	0.00884	0.00560	0.00179	0.00406	0.16267	0.00475	0.00649
55	0.01011	0.00534	0.00552	0.00531	0.00672	0.00544	0.00403	0.01345	0.07887	0.05098	0.01676	0.01852	0.01297	0.00591	0.00369	0.00122	0.00255	0.00475	0.74279	0.00509
56	0.01067	0.01113	0.02181	0.40239	0.08418	0.01182	0.35574	0.01437	0.01087	0.01444	0.00945	0.01329	0.00714	0.00459	0.00538	0.00166	0.00738	0.00508	0.00237	0.00624
57	0.01297	0.01204	0.05485	0.02435	0.55175	0.01161	0.01346	0.01810	0.15876	0.07381	0.01218	0.01378	0.00954	0.00502	0.00496	0.00153	0.00549	0.00467	0.00321	0.00791
58	0.02153	0.00900	0.01179	0.00913	0.01293	0.00820	0.00751	0.07752	0.06072	0.69702	0.01916	0.01671	0.01224	0.00619	0.00501	0.00155	0.00431	0.00501	0.00602	0.00845
59	0.00941	0.00886	0.01495	0.81285	0.03433	0.01107	0.01384	0.01274	0.00997	0.01274	0.00886	0.01329	0.00664	0.00498	0.00498	0.00166	0.00664	0.00443	0.00221	0.00554
60	0.01587	0.01212	0.01283	0.01051	0.01363	0.03830	0.00840	0.54004	0.08256	0.02626	0.01556	0.17165	0.01378	0.00791	0.00525	0.00161	0.00496	0.00644	0.00484	0.00747
61	0.00851	0.00719	0.01143	0.05093	0.15604	0.00815	0.02263	0.01058	0.00877	0.01260	0.01194	0.01731	0.01090	0.02743	0.55739	0.00604	0.05927	0.00508	0.00258	0.00524
62	0.00607	0.00434	0.00578	0.00694	0.00723	0.00405	0.00463	0.00694	0.00954	0.01272	0.02747	0.82157	0.03297	0.01562	0.00636	0.00202	0.00289	0.01417	0.00463	0.00405
63	0.01703	0.27172	0.01799	0.01127	0.01461	0.42911	0.00926	0.14497	0.01444	0.01527	0.00818	0.00918	0.00676	0.00501	0.00417	0.00125	0.00727	0.00325	0.00284	0.00642
64	0.05935	0.00671	0.00764	0.00731	0.00852	0.00746	0.00526	0.01326	0.20288	0.01436	0.01575	0.02321	0.01476	0.30504	0.22330	0.00443	0.00662	0.00589	0.06336	0.00488
65	0.02138	0.01006	0.01254	0.00962	0.01351	0.00966	0.00794	0.24073	0.01690	0.57702	0.01745	0.01553	0.01123	0.00612	0.00500	0.00153	0.00460	0.00486	0.00583	0.00848
66	0.01116	0.01064	0.01810	0.34569	0.48784	0.01153	0.01471	0.01427	0.01079	0.01485	0.00917	0.01272	0.00739	0.00466	0.00495	0.00155	0.00621	0.00444	0.00237	0.00695
67	0.01032	0.00911	0.01295	0.04832	0.22612	0.00963	0.04015	0.01648	0.26800	0.01698	0.06566	0.21913	0.01896	0.00838	0.00544	0.00171	0.00441	0.00762	0.00405	0.00659
68	0.01330	0.01535	0.01175	0.01105	0.01244	0.41029	0.00831	0.01442	0.01150	0.01232	0.01363	0.26159	0.01468	0.00905	0.00727	0.00168	0.15621	0.00683	0.00314	0.00518
69	0.00607	0.00434	0.00578	0.00694	0.00723	0.00405	0.00463	0.00694	0.00954	0.01272	0.02747	0.82157	0.03297	0.01562	0.00636	0.00202	0.00289	0.01417	0.00463	0.00405
70	0.01295	0.01058	0.01129	0.01007	0.01295	0.01212	0.00786	0.02636	0.74209	0.06381	0.02025	0.01851	0.01506	0.00673	0.00507	0.00168	0.00396	0.00560	0.00513	0.00792
71	0.08713	0.01061	0.01092	0.00983	0.01267	0.01229	0.00767	0.02544	0.71629	0.02098	0.01911	0.01767	0.01435	0.00657	0.00490	0.00168	0.00394	0.00538	0.00490	0.00767
72	0.01370	0.01150	0.01200	0.01043	0.01346	0.02482	0.00821	0.16514	0.63247	0.02267	0.01856	0.01723	0.01384	0.00659	0.00505	0.00165	0.00430	0.00539	0.00502	0.00797
73	0.01882	0.01769	0.01464	0.01199	0.01544	0.31617	0.00953	0.48864	0.01989	0.02409	0.01034	0.01083	0.00769	0.00566	0.00480	0.00142	0.00682	0.00400	0.00407	0.00745
74	0.00607	0.00434	0.00578	0.00694	0.00723	0.00405	0.00463	0.00694	0.00954	0.01272	0.02747	0.82157	0.03297	0.01562	0.00636	0.00202	0.00289	0.01417	0.00463	0.00405
75	0.01012	0.02491	0.74472	0.01469	0.02189	0.01165	0.07183	0.01580	0.01061	0.01580	0.00903	0.01073	0.00640	0.00470	0.00482	0.00159	0.00744	0.00384	0.00213	0.00732
76	0.00589	0.00505	0.00505	0.00505	0.00673	0.00421	0.00379	0.00715	0.01136	0.01347	0.05049	0.04797	0.79171	0.01262	0.00589	0.00168	0.00252	0.01052	0.00463	0.00421
77	0.00607	0.00434	0.00578	0.00694	0.00723	0.00405	0.00463	0.00694	0.00954	0.01272	0.02747	0.82157	0.03297	0.01562	0.00636	0.00202	0.00289	0.01417	0.00463	0.00405
78	0.09621	0.00858	0.01119	0.00866	0.01245	0.00767	0.00716	0.02344	0.01376	0.72888	0.01854	0.01618	0.01173	0.00603	0.00484	0.00154	0.00421	0.00481	0.00590	0.00821
79	0.01987	0.01067	0.01279	0.01002	0.01374	0.01074	0.00831	0.35017	0.01805	0.40952	0.01680	0.01756	0.01181	0.00662	0.00513	0.00158	0.00481	0.05805	0.00554	0.00821
80	0.00713	0.00532	0.00790	0.00790	0.00876	0.00617	0.00610	0.00883	0.00798	0.01149	0.01345	0.02012	0.01270	0.06994	0.77283	0.00788	0.01300	0.00542	0.00268	0.00439
81	0.01067	0.01014	0.01722	0.47633	0.36102	0.01140	0.01447	0.01384	0.01056	0.01426	0.00908	0.01288	0.00718	0.00475	0.00496	0.00158	0.00633	0.00443	0.00232	0.00655
82	0.01234	0.01184	0.02023	0.03059	0.79373	0.01184	0.01530	0.01530	0.01135	0.01628	0.00938	0.01234	0.00790	0.00444	0.00493	0.00148	0.00592	0.00444	0.00247	0.00790
83	0.00941	0.00886	0.01495	0.81285	0.03433	0.01107	0.01384	0.01274	0.00997	0.01274	0.00886	0.01329	0.00664	0.00498	0.00498	0.00166	0.00664	0.00443	0.00221	0.00554
84	0.01087	0.01967	0.41784	0.01758	0.02379	0.01209	0.39344	0.01587	0.01114	0.01587	0.00951	0.01197	0.00693	0.00447	0.00530	0.00163	0.00788	0.00477	0.00231	0.00705
85	0.01058	0.00811	0.00902	0.00816	0.01043	0.00861	0.00631	0.01853	0.39532	0.07412	0.22875	0.02840	0.15569	0.00862	0.00542	0.00165	0.00330	0.00732	0.00518	0.00646
86	0.00627	0.00448	0.00599	0.00706	0.00746	0.00420	0.00487	0.00732	0.00993	0.01328	0.06965	0.72418	0.03344	0.01519	0.00637	0.00202	0.00298	0.06651	0.00467	0.00412
87	0.00951	0.00853	0.01397	0.01787	0.35009	0.00826	0.06362	0.01204	0.01211	0.01696	0.27407	0.10601	0.07008	0.00797	0.00552	0.00159	0.00439	0.00743	0.00383	0.00613
88	0.01325	0.14675	0.39360	0.01279	0.01785	0.22181	0.01375	0.05266	0.01186	0.01475	0.00832	0.00982	0.00647	0.00505	0.00509	0.00145	0.05212	0.00348	0.00237	0.00675
89	0.00631	0.00463	0.00592	0.00653	0.00722	0.00424	0.00454	0.00762	0.01098	0.01473	0.23184	0.51726	0.13218	0.01381	0.00618	0.00186	0.00270	0.01235	0.00485	0.00424
90	0.00607	0.00434	0.00578	0.00694	0.00723	0.00405	0.00463	0.00694	0.00954	0.01272	0.02747	0.82157	0.03297	0.01562	0.00636	0.00202	0.00289	0.01417	0.00463	0.00405
91	0.05277	0.26356	0.13163	0.17573	0.06598	0.10308	0.06551	0.04544	0.01120	0.01442	0.00839	0.01057	0.00676	0.00528	0.01905	0.00152	0.00664	0.00369	0.00241	0.00640
92	0.01103	0.00935	0.00979	0.00881	0.01140	0.01032	0.00685	0.07247	0.51698	0.01951	0.02814	0.02633	0.23127	0.00834	0.00529	0.00168	0.00365	0.00692	0.00494	0.00690
93	0.00616	0.00440	0.00589	0.00704	0.00737	0.00413	0.00479	0.00710	0.00963	0.01283	0.02742	0.78596	0.03277	0.01553	0.00639	0.00204	0.00297	0.04889	0.00463	0.00407
94	0.01169	0.01225	0.01429	0.01558	0.19446	0.20387	0.09265	0.01413	0.02563	0.01506	0.12627	0.09211	0.03185	0.00961	0.06179	0.00204	0.00649	0.06096	0.00338	0.00589
95	0.01886	0.00805	0.01105	0.00977	0.06647	0.00718	0.00709	0.02051	0.01276	0.59653	0.01821	0.01953	0.01309	0.15737	0.00877	0.00215	0.00447	0.00539	0.00533	0.00743
96	0.00619	0.00470	0.00554	0.00606	0.00689	0.00423	0.00417	0.00722	0.01030	0.01320	0.08702	0.40867	0.31001	0.09239	0.00799	0.00214	0.00291	0.01181	0.00453	0.00405
97	0.01205	0.01196	0.02161	0.07614	0.60590	0.01194	0.15575	0.01527	0.01134	0.01601	0.00948	0.01260	0.00776	0.00443	0.00511	0.00153	0.00642	0.00471	0.00246	0.00754
98	0.01389	0.01497	0.16218	0.04035	0.37029	0.01291	0.01384	0.25211	0.03515	0.02092	0.01037	0.01207	0.00794	0.00505	0.00492	0.00151	0.00602	0.00435	0.00324	0.00792
99	0.00668	0.00477	0.00648	0.00764	0.00819	0.00457	0.00568	0.00799	0.01014	0.01340	0.02714	0.58399	0.03164	0.01504	0.00652	0.00211	0.00342	0.24575	0.00462	0.00422
100	0.01066	0.01013	0.01720	0.47981	0.35764	0.01140	0.01446	0.01383	0.01056	0.01425	0.00908	0.01288	0.00718	0.00475	0.00496	0.00158	0.00634	0.00443	0.00232	0.00654
101	0.01596	0.01214	0.01303	0.01059	0.01387	0.01352	0.00849	0.50041	0.22276	0.02657	0.01520	0.05949	0.01206	0.04506	0.00604	0.00173	0.00490	0.00546	0.00490	0.00782
102	0.01038	0.00895	0.00934	0.00856	0.01103	0.00986	0.00662	0.02048	0.54465	0.01856	0.02966	0.02771	0.25626	0.00858	0.00533	0.00169	0.00350	0.00715	0.00493	0.00675
103	0.01409	0.62216	0.07846	0.00966	0.01390	0.12731	0.00942	0.05136	0.01133	0.01300	0.00741	0.00850	0.00649	0.00450	0.00357	0.00115	0.00599	0.00290	0.00232	0.00648
104	0.00973	0.02432	0.06464	0.01428	0.01778	0.00934	0.38762	0.01319	0.01249	0.01725	0.29147	0.02474	0.02313	0.00706	0.00584	0.00167	0.00585	0.06003	0.00370	0.00588
105	0.01037	0.01708	0.35737	0.26563	0.16858	0.01154	0.06983	0.01476	0.01059	0.01494	0.00908	0.01192	0.00680	0.00472	0.00493	0.00159	0.00695	0.00421	0.00224	0.00685
106	0.00635	0.00471	0.00592	0.00638	0.00721	0.00428	0.00450	0.00776	0.01132	0.01515	0.27235	0.43143	0.17765	0.01335	0.00612	0.00182	0.00265	0.01187	0.00490	0.00428
107	0.01213	0.04826	0.06446	0.01972	0.02470	0.05669	0.66608	0.01613	0.01177	0.01557	0.00977	0.01284	0.00739	0.00428	0.00564	0.00163	0.00826	0.00550	0.00249	0.00669
108	0.01194	0.08428	0.05128	0.22332	0.45929	0.05622	0.01415	0.01490	0.01101	0.01475	0.00892	0.01193	0.00730	0.00461	0.00476	0.00148	0.00628	0.00418	0.00236	0.00703
109	0.00723	0.00584	0.00862	0.23135	0.01485	0.00641	0.00729	0.00873	0.00946	0.01252	0.02090	0.52203	0.02388	0.06223	0.00747	0.00210	0.03015	0.01072	0.00378	0.00444
110	0.00607	0.00434	0.00578	0.00694	0.00723	0.00405	0.00463	0.00694	0.00954	0.01272	0.02747	0.82157	0.03297	0.01562	0.00636	0.00202	0.00289	0.01417	0.00463	0.00405
111	0.01630	0.06893	0.02949	0.01242	0.08303	0.01208	0.05142	0.22194	0.18153	0.21239	0.01554	0.04790	0.01160	0.00622	0.00498	0.00155	0.00497	0.00519	0.00467	0.00785
112	0.01355	0.48407	0.15230	0.00970	0.01420	0.01589	0.00993	0.05866	0.06610	0.08373	0.04204	0.01139	0.00932	0.00503	0.00396	0.00128	0.00536	0.00362	0.00299	0.00689
113	0.17123	0.00914	0.01133	0.00953	0.01151	0.01066	0.00785	0.02908	0.01039	0.25857	0.01199	0.01339	0.00901	0.00818	0.04548	0.00203	0.28817	0.00433	0.08179	0.00631
114	0.01644	0.27177	0.01843	0.01299	0.08322	0.44751	0.00978	0.05985	0.01315	0.01348	0.00785	0.00914	0.00666	0.00485	0.00416	0.00125	0.00739	0.00322	0.00256	0.00631
115	0.00712	0.00534	0.00801	0.00801	0.00890	0.00623	0.00623	0.00890	0.00801	0.01157	0.01335	0.01958	0.01246	0.03738	0.80507	0.00801	0.01335	0.00534	0.00267	0.00445
116	0.18021	0.01313	0.01350	0.01053	0.01434	0.01464	0.00869	0.63093	0.02057	0.02968	0.01100	0.01123	0.00789	0.00572	0.00462	0.00150	0.00517	0.00414	0.00462	0.00789
117	0.46153	0.01224	0.15481	0.00860	0.01265	0.01011	0.00832	0.01741	0.01052	0.23255	0.02254	0.01140	0.00809	0.00515	0.00396	0.00155	0.00459	0.00361	0.00378	0.00659
118	0.02236	0.00848	0.01157	0.00887	0.01272	0.00733	0.00733	0.02429	0.01427	0.79719	0.01966	0.01697	0.01234	0.00617	0.00501	0.00154	0.00424	0.00501	0.00617	0.00848
119	0.00601	0.00515	0.00516	0.00514	0.00685	0.00436	0.00386	0.00751	0.02565	0.01360	0.04994	0.04743	0.77736	0.01252	0.00588	0.00168	0.00255	0.01043	0.00464	0.00428
120	0.09396	0.01083	0.03558	0.01019	0.01418	0.01028	0.05057	0.22633	0.01599	0.45660	0.01563	0.01446	0.01025	0.00583	0.00488	0.00154	0.00486	0.00468	0.00526	0.00808
121	0.00600	0.00463	0.00548	0.00617	0.00703	0.00411	0.00429	0.00703	0.01028	0.01303	0.03685	0.50663	0.34186	0.01440	0.00617	0.00189	0.00274	0.01268	0.00463	0.00411
122	0.00607	0.00434	0.00578	0.00694	0.00723	0.00405	0.00463	0.00694	0.00954	0.01272	0.02747	0.82157	0.03297	0.01562	0.00636	0.00202	0.00289	0.01417	0.00463	0.00405
123	0.00612	0.00437	0.00582	0.00691	0.00724	0.00408	0.00463	0.00706	0.00976	0.01306	0.06323	0.78485	0.03363	0.01536	0.00634	0.00200	0.00287	0.01393	0.00467	0.00408
124	0.01114	0.01794	0.32038	0.07283	0.07168	0.03111	0.35727	0.01590	0.02383	0.01569	0.00963	0.01223	0.00714	0.00454	0.00528	0.00162	0.00768	0.00479	0.00238	0.00696
125	0.01391	0.01411	0.00934	0.00870	0.01056	0.40095	0.00653	0.01572	0.01227	0.01542	0.01202	0.01383	0.00963	0.00547	0.00398	0.00122	0.00562	0.00393	0.43155	0.00521
126	0.01205	0.01172	0.02048	0.09500	0.67275	0.01184	0.07238	0.01513	0.01127	0.01596	0.00939	0.01250	0.00777	0.00447	0.00501	0.00151	0.00617	0.00455	0.00245	0.00761
127	0.01742	0.11688	0.01585	0.06839	0.01644	0.44610	0.00975	0.21857	0.01581	0.01725	0.00882	0.00996	0.00698	0.00524	0.00450	0.00134	0.00746	0.00357	0.00313	0.00655
128	0.01191	0.00958	0.01348	0.01109	0.01360	0.00986	0.14881	0.29032	0.01488	0.01995	0.01778	0.32208	0.01830	0.06536	0.00707	0.00196	0.00499	0.00862	0.00426	0.00609
129	0.02067	0.01120	0.01325	0.01016	0.01408	0.01135	0.00839	0.39714	0.01881	0.41792	0.01585	0.01449	0.01043	0.00608	0.00500	0.00152	0.00486	0.00475	0.00558	0.00848
130	0.01203	0.01751	0.36927	0.05190	0.02105	0.01090	0.22373	0.02897	0.02480	0.11689	0.06440	0.01427	0.01042	0.00521	0.00519	0.00161	0.00678	0.00490	0.00308	0.00709
131	0.04973	0.01382	0.21747	0.26321	0.12346	0.01063	0.05567	0.01647	0.01120	0.17421	0.01113	0.01298	0.00788	0.00503	0.00489	0.00159	0.00622	0.00436	0.00308	0.00697
132	0.00799	0.00639	0.00720	0.00711	0.00769	0.06188	0.00492	0.00888	0.00807	0.01069	0.01409	0.02513	0.01477	0.41528	0.37217	0.00600	0.00893	0.00611	0.00283	0.00385
133	0.06999	0.00869	0.01126	0.01035	0.01199	0.02855	0.05374	0.07906	0.02568	0.01611	0.01988	0.03279	0.09171	0.01149	0.04529	0.00228	0.17097	0.30106	0.00378	0.00534
134	0.01149	0.01642	0.22367	0.01888	0.02436	0.01231	0.55152	0.01598	0.01140	0.02998	0.00988	0.01271	0.00731	0.00448	0.00583	0.00166	0.02748	0.00527	0.00247	0.00689
135	0.00712	0.00521	0.00744	0.00747	0.00817	0.00590	0.00555	0.00852	0.00790	0.01122	0.01416	0.04148	0.01409	0.19441	0.62987	0.00723	0.01140	0.00593	0.00279	0.00415
136	0.01453	0.01646	0.01426	0.21438	0.07455	0.38421	0.01080	0.01881	0.15517	0.01422	0.01041	0.01213	0.00821	0.00544	0.00504	0.00149	0.02665	0.00408	0.00293	0.00625
137	0.00929	0.00465	0.00465	0.00465	0.00581	0.00465	0.00348	0.01161	0.01045	0.01858	0.01626	0.01858	0.01278	0.00581	0.00348	0.00116	0.00232	0.00465	0.85250	0.00465
138	0.00796	0.00613	0.00739	0.00690	0.00841	0.00609	0.00522	0.01240	0.15635	0.01966	0.59356	0.03459	0.09651	0.00974	0.00573	0.00160	0.00266	0.00850	0.00535	0.00526
139	0.01175	0.01943	0.42755	0.01644	0.02259	0.01162	0.31675	0.01658	0.01133	0.08261	0.01031	0.01223	0.00732	0.00465	0.00521	0.00162	0.00751	0.00467	0.00262	0.00721
140	0.01919	0.01358	0.01472	0.01129	0.01526	0.01488	0.00932	0.72401	0.02279	0.08543	0.01251	0.01232	0.00875	0.00600	0.00499	0.00150	0.00540	0.00452	0.00507	0.00848
141	0.00618	0.00438	0.00575	0.00681	0.00707	0.00412	0.00449	0.00697	0.00934	0.01245	0.02644	0.75202	0.03166	0.08696	0.00804	0.00227	0.00306	0.01356	0.00449	0.00396
142	0.01677	0.01426	0.01528	0.01503	0.15866	0.14830	0.01040	0.36564	0.01714	0.07428	0.01093	0.01212	0.00831	0.00715	0.04084	0.00180	0.06738	0.00432	0.00388	0.00751
143	0.01175	0.01182	0.02063	0.02242	0.35524	0.01272	0.20782	0.01523	0.05651	0.01539	0.00966	0.01284	0.00805	0.00627	0.02668	0.00186	0.19072	0.00488	0.00258	0.00696
144	0.01234	0.01184	0.02023	0.03059	0.79373	0.01184	0.01530	0.01530	0.01135	0.01628	0.00938	0.01234	0.00790	0.00444	0.00493	0.00148	0.00592	0.00444	0.00247	0.00790
145	0.00607	0.00434	0.00578	0.00694	0.00723	0.00405	0.00463	0.00694	0.00954	0.01272	0.02747	0.82157	0.03297	0.01562	0.00636	0.00202	0.00289	0.01417	0.00463	0.00405
146	0.01176	0.01345	0.02941	0.02101	0.02605	0.01261	0.77563	0.01597	0.01176	0.01597	0.01008	0.01345	0.00756	0.00420	0.00588	0.00168	0.00840	0.00588	0.00252	0.00672
147	0.01188	0.47959	0.36170	0.01099	0.01661	0.01619	0.01282	0.01530	0.01030	0.01349	0.00780	0.00909	0.00636	0.00447	0.00387	0.00129	0.00621	0.00311	0.00212	0.00682
148	0.01240	0.01071	0.01127	0.01014	0.01296	0.01240	0.00789	0.02649	0.78473	0.02085	0.02029	0.01860	0.01522	0.00676	0.00507	0.00169	0.00394	0.00564	0.00507	0.00789
149	0.00676	0.00483	0.00658	0.00773	0.00832	0.00464	0.00583	0.00813	0.01022	0.01350	0.02709	0.55218	0.03146	0.01497	0.00655	0.00212	0.00349	0.27676	0.00461	0.00424
150	0.00741	0.15658	0.00952	0.00717	0.00824	0.00695	0.00532	0.00842	0.00971	0.01256	0.02441	0.64635	0.05241	0.01342	0.00576	0.00184	0.00333	0.01193	0.00417	0.00449
151	0.00775	0.00487	0.00657	0.00738	0.00809	0.00454	0.00528	0.00888	0.01019	0.08215	0.02665	0.65795	0.03063	0.01456	0.00631	0.00201	0.00322	0.10371	0.00476	0.00451
152	0.01164	0.00959	0.01064	0.00997	0.01241	0.01082	0.00802	0.06685	0.53546	0.01991	0.02140	0.02813	0.01837	0.00856	0.00555	0.00184	0.00421	0.20464	0.00494	0.00705
153	0.01000	0.02578	0.79900	0.01421	0.02157	0.01158	0.01842	0.01579	0.01052	0.01579	0.00895	0.01052	0.00631	0.00474	0.00474	0.00158	0.00737	0.00368	0.00210	0.00737
154	0.00691	0.00499	0.00623	0.00616	0.00695	0.00485	0.00430	0.00825	0.01058	0.01447	0.31118	0.09004	0.12226	0.25568	0.12220	0.00347	0.00467	0.00853	0.00420	0.00406
155	0.01323	0.01331	0.02660	0.01914	0.02398	0.01280	0.63392	0.12554	0.01354	0.05048	0.01075	0.01338	0.00789	0.00454	0.00572	0.00165	0.00781	0.00565	0.00303	0.00705
156	0.00607	0.00434	0.00578	0.00694	0.00723	0.00405	0.00463	0.00694	0.00954	0.01272	0.02747	0.82157	0.03297	0.01562	0.00636	0.00202	0.00289	0.01417	0.00463	0.00405
157	0.01245	0.61617	0.23007	0.01003	0.01511	0.01757	0.01114	0.01515	0.01023	0.01280	0.00746	0.00866	0.00637	0.00439	0.00360	0.00120	0.00587	0.00293	0.00212	0.00665
158	0.01556	0.01359	0.01251	0.01074	0.01381	0.15909	0.00844	0.19598	0.40512	0.06776	0.01593	0.01521	0.01183	0.00623	0.00491	0.00155	0.00521	0.00487	0.02408	0.00759
159	0.00988	0.00572	0.00757	0.00675	0.00842	0.00519	0.00519	0.01216	0.01414	0.16365	0.64851	0.03349	0.04062	0.00945	0.00572	0.00156	0.00270	0.00827	0.00561	0.00540
160	0.00607	0.00434	0.00578	0.00694	0.00723	0.00405	0.00463	0.00694	0.00954	0.01272	0.02747	0.82157	0.03297	0.01562	0.00636	0.00202	0.00289	0.01417	0.00463	0.00405
161	0.19069	0.01932	0.01287	0.01134	0.01424	0.51752	0.00874	0.13878	0.01445	0.01732	0.00822	0.00928	0.00654	0.00517	0.00428	0.00137	0.00738	0.00331	0.00306	0.00613
162	0.09294	0.02404	0.65326	0.01335	0.01988	0.08147	0.01638	0.01604	0.01064	0.01611	0.00864	0.01015	0.00623	0.00476	0.00455	0.00155	0.00717	0.00355	0.00224	0.00704
163	0.00743	0.00547	0.00720	0.00778	0.00903	0.00523	0.00651	0.00957	0.01208	0.01588	0.21270	0.05029	0.16321	0.01272	0.00648	0.00202	0.00370	0.45334	0.00481	0.00455
164	0.00909	0.00756	0.00864	0.00720	0.01001	0.00678	0.00559	0.01338	0.15465	0.01761	0.22444	0.02537	0.15291	0.00750	0.00490	0.00129	0.00319	0.00634	0.00430	0.32925

[dist]
# distance from previous block
# <min> <max>
0	1

[block]
# block no. 4 follows, 50 sequences, length 52
# corresponding to MSA columns:
# 1647-1698
name=unknown_E
#
# <colnr> <probs for GDERKNQSTAVLIFYWHMCP>
#	G	D	E	R	K	N	Q	S	T	A	V	L	I	F	Y	W	H	M	C	P
0	0.01057	0.00844	0.01271	0.01076	0.01278	0.00868	0.14407	0.14666	0.01289	0.05263	0.08871	0.36347	0.02238	0.01041	0.00670	0.00182	0.06704	0.00933	0.00427	0.00568
1	0.14984	0.05613	0.20209	0.01353	0.08260	0.28515	0.02855	0.09659	0.01287	0.01710	0.00849	0.00987	0.00660	0.00493	0.00439	0.00143	0.00698	0.00352	0.00276	0.00661
2	0.00725	0.00483	0.00544	0.00544	0.00544	0.00483	0.00302	0.00725	0.00725	0.00966	0.01571	0.03262	0.01812	0.82483	0.02537	0.00483	0.00483	0.00725	0.00302	0.00302
3	0.01246	0.61924	0.22712	0.01001	0.01508	0.01760	0.01110	0.01515	0.01023	0.01278	0.00745	0.00865	0.00638	0.00439	0.00360	0.00120	0.00586	0.00293	0.00213	0.00665
4	0.11205	0.00878	0.00989	0.00841	0.01145	0.00861	0.00686	0.10339	0.11140	0.09212	0.07621	0.02330	0.04048	0.00725	0.00487	0.00149	0.00402	0.13795	0.00431	0.22716
5	0.02906	0.01237	0.04563	0.31114	0.20243	0.10893	0.06061	0.01650	0.04834	0.10136	0.01062	0.01301	0.00797	0.00503	0.00493	0.00156	0.00646	0.00443	0.00292	0.00669
6	0.01077	0.00998	0.01582	0.22818	0.39548	0.01067	0.01252	0.01496	0.10018	0.01605	0.07959	0.01741	0.05533	0.00580	0.00510	0.00157	0.00539	0.00530	0.00308	0.00680
7	0.00712	0.00534	0.00801	0.00801	0.00890	0.00623	0.00623	0.00890	0.00801	0.01157	0.01335	0.01958	0.01246	0.03738	0.80507	0.00801	0.01335	0.00534	0.00267	0.00445
8	0.01756	0.01041	0.01493	0.11571	0.01769	0.01047	0.10832	0.21646	0.01575	0.35144	0.05790	0.01586	0.01190	0.00593	0.00516	0.00157	0.00531	0.00514	0.00484	0.00766
9	0.01240	0.01526	0.15912	0.02629	0.59553	0.07296	0.01542	0.01574	0.01142	0.01588	0.00917	0.01175	0.00750	0.00455	0.00487	0.00148	0.00642	0.00421	0.00241	0.00764
10	0.00607	0.00434	0.00578	0.00694	0.00723	0.00405	0.00463	0.00694	0.00954	0.01272	0.02747	0.82157	0.03297	0.01562	0.00636	0.00202	0.00289	0.01417	0.00463	0.00405
11	0.01078	0.01195	0.02514	0.01822	0.02263	0.01113	0.63756	0.01451	0.01185	0.01588	0.05849	0.01903	0.10648	0.00557	0.00588	0.00167	0.00734	0.00663	0.00295	0.00630
12	0.01142	0.08671	0.59979	0.01398	0.02038	0.11011	0.05867	0.01624	0.01101	0.01504	0.00870	0.01030	0.00640	0.00472	0.00465	0.00151	0.00747	0.00367	0.00219	0.00706
13	0.02236	0.00848	0.01157	0.00887	0.01272	0.00733	0.00733	0.02429	0.01427	0.79719	0.01966	0.01697	0.01234	0.00617	0.00501	0.00154	0.00424	0.00501	0.00617	0.00848
14	0.00712	0.00534	0.00801	0.00801	0.00890	0.00623	0.00623	0.00890	0.00801	0.01157	0.01335	0.01958	0.01246	0.03738	0.80507	0.00801	0.01335	0.00534	0.00267	0.00445
15	0.01240	0.01168	0.02073	0.08751	0.53429	0.01187	0.14177	0.01546	0.01127	0.05100	0.00978	0.01274	0.00788	0.00473	0.00565	0.00156	0.04495	0.00470	0.00261	0.00743
16	0.00607	0.00434	0.00578	0.00694	0.00723	0.00405	0.00463	0.00694	0.00954	0.01272	0.02747	0.82157	0.03297	0.01562	0.00636	0.00202	0.00289	0.01417	0.00463	0.00405
17	0.01074	0.00552	0.00744	0.00749	0.00880	0.00499	0.00540	0.01191	0.01089	0.23725	0.02524	0.59128	0.02706	0.01291	0.00598	0.00189	0.00328	0.01155	0.00507	0.00532
18	0.45246	0.01658	0.05222	0.00967	0.01276	0.35313	0.00791	0.01697	0.01102	0.01764	0.00738	0.00861	0.00589	0.00485	0.00378	0.00143	0.00625	0.00297	0.00281	0.00567
