[name]
unknown

[dist]
# distance from previous block
# <min> <max>
0	0

[block]
# block no. 0 follows, 47 sequences, length 14
# corresponding to MSA columns:
# 13-26
name=unknown_A
#
# <colnr> <probs for GDERKNQSTAVLIFYWHMCP>
#	G	D	E	R	K	N	Q	S	T	A	V	L	I	F	Y	W	H	M	C	P
0	0.00839	0.00599	0.00839	0.00959	0.01079	0.00599	0.00839	0.01079	0.01199	0.01558	0.02757	0.05874	0.02997	0.01439	0.00719	0.00240	0.00480	0.74945	0.00480	0.00480
1	0.01023	0.00966	0.01633	0.70499	0.13227	0.01167	0.01466	0.01365	0.01060	0.01378	0.00933	0.01376	0.00711	0.00513	0.00520	0.00171	0.00684	0.00463	0.00235	0.00610
2	0.01945	0.02482	0.01476	0.01342	0.01610	0.79608	0.01006	0.02079	0.01476	0.01275	0.00805	0.00939	0.00671	0.00537	0.00470	0.00134	0.00939	0.00335	0.00268	0.00604
3	0.00634	0.00453	0.00604	0.00725	0.00755	0.00423	0.00483	0.00725	0.00997	0.01329	0.02870	0.81358	0.03444	0.01632	0.00665	0.00211	0.00302	0.01480	0.00483	0.00423
4	0.01051	0.00941	0.01556	0.02166	0.44608	0.00981	0.01185	0.01306	0.01033	0.01486	0.01161	0.01619	0.01033	0.01967	0.35056	0.00453	0.00958	0.00505	0.00267	0.00668
5	0.00803	0.00676	0.01051	0.31546	0.05851	0.00748	0.00912	0.01003	0.01024	0.01349	0.02024	0.46441	0.02250	0.01144	0.00602	0.00194	0.00469	0.01036	0.00375	0.00504
6	0.00994	0.00960	0.01761	0.04359	0.16708	0.00919	0.25736	0.01292	0.01243	0.01708	0.20759	0.12228	0.07400	0.00811	0.00598	0.00173	0.00550	0.00802	0.00381	0.00617
7	0.01460	0.00977	0.01177	0.00992	0.01258	0.01068	0.00796	0.31230	0.04491	0.12054	0.01458	0.01733	0.01164	0.04416	0.32745	0.00445	0.00882	0.00525	0.00433	0.00695
8	0.01124	0.00868	0.01076	0.00940	0.01080	0.03597	0.05132	0.09185	0.01171	0.01794	0.01481	0.11830	0.01342	0.00804	0.00773	0.00167	0.20399	0.00607	0.36072	0.00557
9	0.01293	0.01269	0.02036	0.05492	0.28930	0.06382	0.22179	0.10516	0.01336	0.01785	0.01286	0.12597	0.01176	0.00648	0.00562	0.00168	0.00665	0.00641	0.00322	0.00716
10	0.01276	0.01609	0.23208	0.08884	0.07659	0.01233	0.14942	0.20329	0.01485	0.02035	0.04684	0.01677	0.07383	0.00610	0.00542	0.00166	0.00658	0.00544	0.00344	0.00734
11	0.01011	0.00804	0.01039	0.07659	0.02737	0.04818	0.04873	0.01292	0.08926	0.06610	0.01862	0.24283	0.01913	0.17875	0.09509	0.00322	0.02716	0.00837	0.00387	0.00528
12	0.03278	0.18615	0.09450	0.12021	0.08216	0.10778	0.08210	0.08708	0.07857	0.01668	0.01000	0.01191	0.00794	0.00541	0.00550	0.00155	0.05554	0.00422	0.00293	0.00700
13	0.01156	0.00792	0.02687	0.00886	0.01078	0.00771	0.03200	0.03129	0.19086	0.13950	0.05851	0.25288	0.02182	0.11462	0.00936	0.05195	0.00418	0.00863	0.00475	0.00596

[dist]
# distance from previous block
# <min> <max>
15	26

[block]
# block no. 1 follows, 47 sequences, length 6
# corresponding to MSA columns:
# 54-57,65,66
name=unknown_B
#
# <colnr> <probs for GDERKNQSTAVLIFYWHMCP>
#	G	D	E	R	K	N	Q	S	T	A	V	L	I	F	Y	W	H	M	C	P
0	0.01090	0.01011	0.03998	0.04291	0.15278	0.02883	0.05300	0.04694	0.19190	0.01731	0.07463	0.07873	0.12803	0.00915	0.00706	0.08563	0.00482	0.00694	0.00399	0.00636
1	0.01060	0.00745	0.00949	0.11639	0.01297	0.00783	0.00689	0.10352	0.05550	0.07484	0.20550	0.10526	0.05632	0.16201	0.04026	0.00260	0.00470	0.00779	0.00451	0.00556
2	0.00788	0.00596	0.00811	0.00788	0.00837	0.00690	0.00573	0.00897	0.00803	0.01138	0.01417	0.02469	0.01463	0.32889	0.42930	0.00652	0.08929	0.00623	0.00288	0.00419
3	0.00839	0.00550	0.00677	0.00645	0.00761	0.00514	0.00459	0.00987	0.01174	0.07471	0.31082	0.06806	0.16651	0.22536	0.06319	0.00302	0.00410	0.00886	0.00472	0.00462
4	0.01036	0.00685	0.00836	0.00735	0.00929	0.00656	0.00570	0.10837	0.01565	0.09555	0.51731	0.03488	0.13315	0.01000	0.00594	0.00164	0.00309	0.00861	0.00562	0.00574
5	0.01678	0.01297	0.01462	0.01184	0.01539	0.09007	0.07889	0.21486	0.26535	0.15443	0.05686	0.01689	0.01368	0.00652	0.00533	0.00164	0.00546	0.00543	0.00499	0.00800

[dist]
# distance from previous block
# <min> <max>
11	54

[block]
# block no. 2 follows, 47 sequences, length 7
# corresponding to MSA columns:
# 121-127
name=unknown_C
#
# <colnr> <probs for GDERKNQSTAVLIFYWHMCP>
#	G	D	E	R	K	N	Q	S	T	A	V	L	I	F	Y	W	H	M	C	P
0	0.01085	0.00993	0.01555	0.03963	0.31553	0.02999	0.08461	0.05545	0.03179	0.01639	0.01736	0.31387	0.01821	0.00919	0.00581	0.00179	0.00528	0.00861	0.00365	0.00653
1	0.01089	0.01083	0.13097	0.03329	0.01305	0.00810	0.00834	0.09287	0.03665	0.07207	0.22140	0.06411	0.11689	0.00817	0.00538	0.00153	0.00423	0.00689	0.00445	0.14988
2	0.01065	0.00734	0.01114	0.08354	0.01372	0.00690	0.10740	0.01283	0.01226	0.14816	0.09259	0.13645	0.24981	0.01002	0.00589	0.00176	0.00427	0.03471	0.04487	0.00570
3	0.05763	0.13429	0.03757	0.00921	0.01292	0.01113	0.00797	0.13967	0.05312	0.32672	0.07747	0.01791	0.04416	0.00660	0.00488	0.00153	0.00457	0.00519	0.03980	0.00765
4	0.01547	0.28922	0.17302	0.01032	0.01487	0.01345	0.01034	0.09120	0.01309	0.21594	0.01380	0.09357	0.01131	0.00645	0.00467	0.00150	0.00546	0.00504	0.00387	0.00741
5	0.32548	0.00905	0.08643	0.00760	0.00997	0.00799	0.00654	0.01196	0.01055	0.01911	0.15045	0.24537	0.02211	0.00923	0.00492	0.00174	0.00374	0.00764	0.05484	0.00527
6	0.01077	0.05208	0.01109	0.00838	0.01154	0.08763	0.00658	0.01267	0.01035	0.01458	0.01072	0.01461	0.00969	0.07005	0.20604	0.00307	0.00715	0.00404	0.00293	0.44603

[dist]
# distance from previous block
# <min> <max>
0	1

[block]
# block no. 3 follows, 47 sequences, length 30
# corresponding to MSA columns:
# 129-158
name=unknown_D
#
# <colnr> <probs for GDERKNQSTAVLIFYWHMCP>
#	G	D	E	R	K	N	Q	S	T	A	V	L	I	F	Y	W	H	M	C	P
0	0.09214	0.44955	0.03796	0.01253	0.11014	0.11518	0.00986	0.01711	0.06752	0.01474	0.00873	0.01000	0.00747	0.00493	0.00421	0.00133	0.02375	0.00338	0.00265	0.00682
1	0.00627	0.00519	0.00550	0.00562	0.00715	0.00441	0.00414	0.00762	0.01184	0.01447	0.10359	0.14485	0.63461	0.01339	0.00622	0.00179	0.00267	0.01135	0.00490	0.00441
2	0.00697	0.00528	0.00643	0.00619	0.00755	0.00474	0.00462	0.00904	0.01373	0.01860	0.53982	0.06636	0.26846	0.01158	0.00616	0.00169	0.00253	0.01006	0.00544	0.00474
3	0.36685	0.06219	0.01141	0.00838	0.01211	0.01059	0.00701	0.05779	0.01260	0.38291	0.01377	0.01301	0.00928	0.00564	0.00428	0.00158	0.00440	0.00405	0.00477	0.00738
4	0.01286	0.00648	0.00831	0.00741	0.00962	0.00568	0.00570	0.01459	0.01321	0.30421	0.18316	0.18515	0.20082	0.01077	0.00591	0.00175	0.00335	0.00927	0.00562	0.00614
5	0.01045	0.02694	0.79000	0.01484	0.02254	0.01209	0.01924	0.01649	0.01099	0.01649	0.00935	0.01099	0.00660	0.00495	0.00495	0.00165	0.00770	0.00385	0.00220	0.00770
6	0.00895	0.00764	0.01061	0.00976	0.01014	0.00972	0.00760	0.01013	0.00805	0.01182	0.01183	0.02006	0.01201	0.19851	0.33635	0.00537	0.30845	0.00563	0.00268	0.00471
7	0.00632	0.00463	0.00595	0.00700	0.00749	0.00425	0.00472	0.00728	0.01021	0.01339	0.03171	0.71802	0.12806	0.01592	0.00659	0.00207	0.00297	0.01433	0.00483	0.00425
8	0.01852	0.01095	0.01794	0.01333	0.01759	0.01024	0.24073	0.11458	0.01529	0.40862	0.06392	0.01726	0.01311	0.00605	0.00557	0.00165	0.00581	0.00571	0.00507	0.00805
9	0.00634	0.00453	0.00604	0.00725	0.00755	0.00423	0.00483	0.00725	0.00997	0.01329	0.02870	0.81358	0.03444	0.01632	0.00665	0.00211	0.00302	0.01480	0.00483	0.00423
10	0.01665	0.26886	0.08273	0.01153	0.01555	0.25609	0.01025	0.21022	0.03202	0.01828	0.01029	0.01109	0.02410	0.00548	0.00447	0.00137	0.00686	0.00378	0.00325	0.00711
11	0.01761	0.24646	0.05393	0.01210	0.01555	0.52067	0.01009	0.01928	0.01342	0.03519	0.00824	0.00942	0.00687	0.00512	0.00434	0.00130	0.00810	0.00327	0.00264	0.00638
12	0.01291	0.01984	0.48889	0.01345	0.03627	0.01041	0.04829	0.01758	0.01231	0.17700	0.09935	0.01573	0.01282	0.00587	0.00520	0.00164	0.00644	0.00489	0.00351	0.00761
13	0.00630	0.00495	0.00570	0.00622	0.00730	0.00435	0.00439	0.00748	0.01116	0.01404	0.07566	0.38990	0.41519	0.01447	0.00637	0.00191	0.00280	0.01262	0.00488	0.00435
14	0.00960	0.00488	0.00495	0.00493	0.00614	0.00486	0.00370	0.01203	0.01109	0.01948	0.05171	0.02030	0.01497	0.00628	0.00375	0.00123	0.00243	0.00506	0.80774	0.00486
15	0.00977	0.00540	0.00670	0.00659	0.00789	0.00504	0.00485	0.01172	0.01223	0.11427	0.23816	0.25579	0.02960	0.01040	0.00543	0.00165	0.00286	0.00909	0.25739	0.00519
16	0.02121	0.00841	0.01123	0.00877	0.01251	0.00725	0.00719	0.02314	0.01453	0.69122	0.02458	0.02178	0.10921	0.00729	0.00535	0.00163	0.00421	0.00596	0.00624	0.00830
17	0.01564	0.01170	0.01291	0.01079	0.01404	0.01309	0.00865	0.32015	0.33236	0.07275	0.01678	0.01669	0.01254	0.01071	0.10427	0.00250	0.00601	0.00533	0.00502	0.00808
18	0.23152	0.01563	0.22943	0.04475	0.01668	0.01219	0.01120	0.19256	0.03018	0.15093	0.01166	0.01212	0.00814	0.00553	0.00463	0.00162	0.00564	0.00409	0.00394	0.00756
19	0.15344	0.14118	0.01470	0.03826	0.04887	0.03328	0.00841	0.09915	0.02875	0.34569	0.03010	0.01406	0.01052	0.00579	0.00460	0.00152	0.00494	0.00439	0.00465	0.00768
20	0.85377	0.01007	0.00765	0.00685	0.01007	0.01168	0.00564	0.01531	0.00886	0.02336	0.00725	0.00846	0.00564	0.00483	0.00322	0.00161	0.00403	0.00282	0.00322	0.00564
21	0.01246	0.02500	0.55729	0.01412	0.02029	0.17959	0.01629	0.01794	0.05937	0.01592	0.00992	0.01140	0.00735	0.00598	0.02363	0.00175	0.00798	0.00391	0.00251	0.00730
22	0.00937	0.00577	0.00760	0.00689	0.00847	0.00526	0.00526	0.01177	0.01476	0.11691	0.68647	0.03625	0.04460	0.01012	0.00603	0.00163	0.00270	0.00889	0.00582	0.00541
23	0.00804	0.00561	0.00819	0.01017	0.10466	0.00541	0.00621	0.00834	0.00943	0.01261	0.02179	0.40339	0.06643	0.01514	0.01056	0.25572	0.00391	0.03644	0.00378	0.00417
24	0.01125	0.00795	0.00974	0.05813	0.01197	0.00827	0.00697	0.19016	0.02789	0.06878	0.17391	0.29132	0.07360	0.01098	0.00619	0.00181	0.02063	0.00949	0.00500	0.00596
25	0.00751	0.00530	0.00675	0.00662	0.00783	0.00525	0.00502	0.00958	0.01185	0.01696	0.32298	0.04800	0.15236	0.01842	0.22614	0.00348	0.00570	0.00804	0.12745	0.00473
26	0.01538	0.17008	0.02017	0.01718	0.17897	0.25063	0.08019	0.07752	0.01306	0.01551	0.00870	0.01086	0.00733	0.00549	0.00626	0.00151	0.10753	0.00403	0.00272	0.00690
27	0.00902	0.00684	0.00841	0.00757	0.00987	0.00572	0.00558	0.02641	0.01098	0.03965	0.05439	0.41023	0.02303	0.01047	0.00542	0.00152	0.00344	0.00928	0.00422	0.34797
28	0.03828	0.29064	0.11468	0.01309	0.03462	0.05177	0.13762	0.14226	0.04839	0.06617	0.01048	0.01156	0.00805	0.00510	0.00462	0.00146	0.00640	0.00416	0.00325	0.00741
29	0.01449	0.01184	0.01353	0.06992	0.01584	0.01386	0.00949	0.20545	0.41825	0.04368	0.01637	0.01627	0.01230	0.00697	0.00674	0.00177	0.10528	0.00532	0.00471	0.00791

[dist]
# distance from previous block
# <min> <max>
3	7

[block]
# block no. 4 follows, 47 sequences, length 34
# corresponding to MSA columns:
# 167-200
name=unknown_E
#
# <colnr> <probs for GDERKNQSTAVLIFYWHMCP>
#	G	D	E	R	K	N	Q	S	T	A	V	L	I	F	Y	W	H	M	C	P
0	0.03017	0.01989	0.24312	0.03639	0.01839	0.17322	0.01267	0.32728	0.03839	0.03518	0.01086	0.01168	0.00790	0.00566	0.00500	0.00156	0.00700	0.00418	0.00371	0.00778
1	0.01201	0.02303	0.63143	0.01353	0.02029	0.01101	0.01670	0.01727	0.01178	0.12269	0.06197	0.01376	0.01027	0.00553	0.00507	0.00164	0.00690	0.00441	0.00302	0.00767
2	0.36012	0.00750	0.00701	0.00645	0.00866	0.00798	0.00507	0.03386	0.01171	0.02114	0.24285	0.02461	0.12610	0.00788	0.00459	0.00159	0.00323	0.00619	0.10822	0.00525
3	0.01264	0.01302	0.11830	0.01090	0.01446	0.01233	0.00954	0.02527	0.61717	0.04003	0.02026	0.01900	0.03369	0.00689	0.00524	0.00174	0.00455	0.00570	0.02125	0.00802
4	0.00812	0.00654	0.00868	0.00808	0.00867	0.00740	0.02448	0.00904	0.00859	0.01176	0.01931	0.04830	0.12038	0.35211	0.18948	0.00467	0.14977	0.00721	0.00318	0.00423
5	0.00971	0.00485	0.00485	0.00485	0.00607	0.00485	0.00364	0.01213	0.01092	0.01942	0.01699	0.01942	0.01335	0.00607	0.00364	0.00121	0.00243	0.00485	0.84589	0.00485
6	0.06884	0.46035	0.05287	0.01205	0.07624	0.01613	0.08854	0.01560	0.01088	0.02932	0.00840	0.00993	0.00712	0.00446	0.00394	0.00123	0.00568	0.00342	0.00256	0.12244
7	0.06451	0.00752	0.00914	0.02819	0.01011	0.03775	0.00665	0.01099	0.01216	0.01774	0.42420	0.02844	0.05596	0.01366	0.11614	0.00266	0.13737	0.00735	0.00436	0.00510
8	0.85377	0.01007	0.00765	0.00685	0.01007	0.01168	0.00564	0.01531	0.00886	0.02336	0.00725	0.00846	0.00564	0.00483	0.00322	0.00161	0.00403	0.00282	0.00322	0.00564
9	0.00627	0.00517	0.00553	0.00579	0.00727	0.00443	0.00428	0.00756	0.01153	0.01399	0.04746	0.18846	0.61894	0.01380	0.00628	0.00185	0.00279	0.03939	0.00483	0.00438
10	0.01077	0.01872	0.40598	0.05797	0.22066	0.01130	0.05964	0.01525	0.01127	0.01622	0.01195	0.06557	0.01042	0.00619	0.00534	0.00171	0.00684	0.05423	0.00267	0.00730
11	0.01697	0.00999	0.01206	0.17783	0.03879	0.08327	0.00886	0.03979	0.02557	0.34962	0.01578	0.01619	0.01094	0.00596	0.00487	0.00154	0.00513	0.00484	0.16484	0.00715
12	0.00808	0.00590	0.00796	0.00900	0.01027	0.00577	0.00778	0.01033	0.01197	0.01538	0.03103	0.05756	0.13324	0.01422	0.00705	0.00231	0.00450	0.64809	0.00480	0.00474
13	0.10554	0.01155	0.01592	0.01210	0.01611	0.01165	0.15202	0.26034	0.01685	0.26100	0.07174	0.01597	0.01260	0.00614	0.00526	0.00163	0.00549	0.00529	0.00493	0.00788
14	0.00905	0.00452	0.00678	0.00678	0.00678	0.00452	0.00452	0.00678	0.00678	0.00905	0.00905	0.01583	0.00905	0.01809	0.02035	0.84848	0.00452	0.00452	0.00226	0.00226
15	0.01980	0.01459	0.01563	0.01198	0.01615	0.01615	0.00990	0.76713	0.02448	0.03282	0.01250	0.01250	0.00886	0.00625	0.00521	0.00156	0.00573	0.00469	0.00521	0.00886
16	0.01088	0.00955	0.01151	0.00853	0.01252	0.00818	0.00689	0.01303	0.01041	0.01636	0.00892	0.01088	0.00759	0.00458	0.00567	0.00098	0.11415	0.00329	0.00297	0.73310
17	0.01560	0.57963	0.02353	0.01023	0.01419	0.23414	0.00925	0.03697	0.01210	0.01293	0.00760	0.00875	0.00675	0.00475	0.00376	0.00119	0.00663	0.00299	0.00243	0.00656
18	0.01229	0.01405	0.03073	0.02195	0.02722	0.01317	0.76558	0.01668	0.01229	0.01668	0.01054	0.01405	0.00790	0.00439	0.00615	0.00176	0.00878	0.00615	0.00263	0.00702
19	0.01054	0.04922	0.76857	0.01468	0.02228	0.01233	0.01895	0.01647	0.01098	0.01637	0.00929	0.01092	0.00660	0.00493	0.00490	0.00163	0.00764	0.00382	0.00220	0.00767
20	0.00720	0.00519	0.00681	0.00667	0.00774	0.00480	0.00490	0.00940	0.01395	0.01963	0.65750	0.16672	0.04671	0.01158	0.00623	0.00172	0.00255	0.01031	0.00558	0.00480
21	0.03319	0.00577	0.00721	0.00663	0.00824	0.00529	0.00505	0.01107	0.01419	0.08917	0.59062	0.03765	0.14525	0.01045	0.00598	0.00165	0.00271	0.00907	0.00560	0.00522
22	0.01412	0.00682	0.00912	0.00770	0.01011	0.00607	0.00607	0.01639	0.01481	0.34440	0.46077	0.02997	0.03385	0.00887	0.00576	0.00163	0.00329	0.00765	0.00603	0.00658
23	0.00755	0.00509	0.00586	0.00580	0.00597	0.00503	0.00340	0.00788	0.00856	0.01158	0.12146	0.03474	0.02308	0.70631	0.02371	0.00458	0.00469	0.00783	0.00351	0.00340
24	0.00722	0.00544	0.00669	0.00635	0.00774	0.00497	0.00477	0.00969	0.03054	0.01938	0.60239	0.04099	0.21228	0.01114	0.00613	0.00167	0.00253	0.00969	0.00552	0.00487
25	0.01233	0.24841	0.01556	0.00964	0.01267	0.01401	0.00797	0.02131	0.44501	0.01781	0.01812	0.12517	0.01573	0.00757	0.00491	0.00162	0.00440	0.00620	0.00433	0.00723
26	0.18269	0.01052	0.01492	0.20987	0.25375	0.01211	0.01175	0.02773	0.03078	0.01734	0.00957	0.01262	0.00776	0.00562	0.00632	0.00169	0.11560	0.00430	0.05850	0.00655
27	0.01447	0.12658	0.19161	0.03161	0.01684	0.06502	0.03986	0.07515	0.22296	0.11367	0.01425	0.03042	0.01075	0.00605	0.00513	0.00160	0.01766	0.00481	0.00391	0.00765
28	0.03433	0.03608	0.01171	0.02399	0.06908	0.08025	0.00837	0.01144	0.00970	0.01333	0.01529	0.24940	0.01643	0.01706	0.18886	0.00342	0.19516	0.00760	0.00323	0.00528
29	0.01816	0.02194	0.01548	0.01574	0.12141	0.61469	0.01076	0.04520	0.06134	0.01455	0.00924	0.01059	0.00755	0.00540	0.00481	0.00140	0.00851	0.00373	0.00291	0.00657
30	0.00710	0.00512	0.00672	0.00673	0.00772	0.00474	0.00489	0.00916	0.01350	0.01891	0.58564	0.24064	0.04531	0.01212	0.00627	0.00176	0.00260	0.01082	0.00550	0.00474
31	0.00720	0.00532	0.00673	0.00638	0.00768	0.00484	0.00478	0.00950	0.01435	0.01995	0.68169	0.04044	0.14978	0.01100	0.00614	0.00165	0.00248	0.00963	0.00561	0.00484
32	0.01044	0.00708	0.00858	0.00799	0.00977	0.00718	0.00601	0.01565	0.20903	0.10579	0.34846	0.16203	0.03305	0.03684	0.00658	0.00186	0.00329	0.00889	0.00546	0.00604
33	0.00839	0.00599	0.00839	0.00959	0.01079	0.00599	0.00839	0.01079	0.01199	0.01558	0.02757	0.05874	0.02997	0.01439	0.00719	0.00240	0.00480	0.74945	0.00480	0.00480

[dist]
# distance from previous block
# <min> <max>
0	1

[block]
# block no. 5 follows, 47 sequences, length 14
# corresponding to MSA columns:
# 202-215
name=unknown_F
#
# <colnr> <probs for GDERKNQSTAVLIFYWHMCP>
#	G	D	E	R	K	N	Q	S	T	A	V	L	I	F	Y	W	H	M	C	P
0	0.18783	0.01337	0.01145	0.01032	0.01328	0.15138	0.00803	0.02390	0.48212	0.02051	0.01599	0.01539	0.01215	0.00630	0.00476	0.00166	0.00504	0.00481	0.00441	0.00731
1	0.01358	0.00924	0.00996	0.00836	0.01090	0.00993	0.00669	0.34326	0.01674	0.02409	0.01827	0.01951	0.08742	0.00997	0.07956	0.00210	0.00499	0.00546	0.31343	0.00655
2	0.01358	0.01483	0.14483	0.01117	0.01481	0.10947	0.00998	0.02296	0.41639	0.07789	0.09271	0.01853	0.01622	0.00680	0.00524	0.00167	0.00525	0.00552	0.00457	0.00759
3	0.00749	0.00538	0.00738	0.00738	0.00797	0.00597	0.00528	0.00866	0.00808	0.01136	0.01485	0.02547	0.01519	0.32523	0.51314	0.00715	0.01067	0.00631	0.00292	0.00410
4	0.01275	0.55368	0.28349	0.01090	0.01645	0.01775	0.01238	0.01590	0.01072	0.01368	0.00795	0.00924	0.00665	0.00462	0.00388	0.00129	0.00628	0.00314	0.00222	0.00702
5	0.00871	0.00689	0.00848	0.00708	0.00964	0.00570	0.00542	0.01100	0.01280	0.01877	0.41405	0.07916	0.03114	0.00824	0.00524	0.00131	0.00307	0.00718	0.00459	0.35155
6	0.00632	0.00509	0.00564	0.00592	0.00724	0.00440	0.00428	0.00765	0.01166	0.01454	0.11861	0.24766	0.51524	0.01375	0.00628	0.00184	0.00272	0.01183	0.00492	0.00440
7	0.10942	0.01391	0.01233	0.01047	0.01368	0.22981	0.00827	0.03845	0.13496	0.30822	0.03717	0.01500	0.01166	0.00626	0.00522	0.00158	0.02681	0.00464	0.00471	0.00743
8	0.01045	0.02694	0.79000	0.01484	0.02254	0.01209	0.01924	0.01649	0.01099	0.01649	0.00935	0.01099	0.00660	0.00495	0.00495	0.00165	0.00770	0.00385	0.00220	0.00770
9	0.01149	0.01164	0.04654	0.01449	0.01720	0.01220	0.25580	0.08801	0.01280	0.01810	0.20014	0.01915	0.01783	0.00752	0.00920	0.00186	0.23994	0.00626	0.00353	0.00632
10	0.01393	0.01223	0.01659	0.01301	0.03261	0.08772	0.19207	0.09849	0.03577	0.08821	0.04629	0.01704	0.01183	0.00575	0.00516	0.00142	0.00592	0.05520	0.00376	0.25698
11	0.00643	0.00457	0.00602	0.00714	0.00743	0.00429	0.00472	0.00727	0.00981	0.01308	0.02787	0.76076	0.03339	0.07058	0.00799	0.00231	0.00316	0.01431	0.00472	0.00416
12	0.01288	0.25934	0.04977	0.04116	0.32490	0.02845	0.02896	0.04402	0.01175	0.03404	0.01129	0.09090	0.01047	0.00666	0.02265	0.00164	0.00600	0.00510	0.00287	0.00717
13	0.01563	0.38484	0.18286	0.01077	0.01578	0.01487	0.03833	0.01878	0.03333	0.22094	0.01175	0.01193	0.00863	0.00516	0.00434	0.00140	0.00579	0.00387	0.00345	0.00753

[dist]
# distance from previous block
# <min> <max>
0	1

[block]
# block no. 6 follows, 47 sequences, length 36
# corresponding to MSA columns:
# 217-252
name=unknown_G
#
# <colnr> <probs for GDERKNQSTAVLIFYWHMCP>
#	G	D	E	R	K	N	Q	S	T	A	V	L	I	F	Y	W	H	M	C	P
0	0.04945	0.42153	0.17856	0.01195	0.01689	0.09957	0.09097	0.03312	0.01161	0.03116	0.00850	0.00989	0.00693	0.00474	0.00418	0.00136	0.00666	0.00351	0.00251	0.00690
1	0.01111	0.00847	0.00975	0.00914	0.01106	0.02863	0.03023	0.07788	0.25160	0.05100	0.02236	0.33709	0.02189	0.01045	0.00567	0.00181	0.00393	0.00918	0.09249	0.00626
2	0.01412	0.10857	0.15067	0.00922	0.01272	0.00979	0.00855	0.07312	0.01192	0.22042	0.01454	0.01988	0.01241	0.26231	0.01163	0.00261	0.00542	0.00530	0.00390	0.04290
3	0.28048	0.06122	0.04196	0.00917	0.04090	0.02814	0.00744	0.03669	0.01149	0.17049	0.01249	0.03627	0.02855	0.00549	0.00418	0.00139	0.00449	0.00409	0.00383	0.21125
4	0.03865	0.58505	0.22894	0.01042	0.01570	0.01808	0.01155	0.01582	0.01064	0.01372	0.00780	0.00906	0.00663	0.00460	0.00376	0.00127	0.00609	0.00307	0.00225	0.00692
5	0.10741	0.01334	0.02071	0.24155	0.02553	0.08902	0.31402	0.09407	0.01288	0.01776	0.00977	0.01276	0.00736	0.00496	0.00531	0.00167	0.00747	0.00492	0.00288	0.00661
6	0.03625	0.01587	0.16466	0.02129	0.13115	0.01267	0.48419	0.01675	0.01197	0.03837	0.01040	0.01328	0.00779	0.00459	0.00568	0.00170	0.00797	0.00540	0.00267	0.00733
7	0.00757	0.00505	0.00568	0.00568	0.00568	0.00505	0.00316	0.00757	0.00757	0.01010	0.01641	0.03408	0.01893	0.81698	0.02651	0.00505	0.00505	0.00757	0.00316	0.00316
8	0.00755	0.00551	0.00721	0.00730	0.00857	0.00517	0.00581	0.00988	0.01368	0.01873	0.49750	0.04562	0.11324	0.01195	0.00644	0.00187	0.00314	0.22062	0.00538	0.00483
9	0.01955	0.02190	0.01501	0.01301	0.01611	0.57365	0.01002	0.23364	0.01753	0.01847	0.00932	0.01028	0.00732	0.00562	0.00484	0.00140	0.00835	0.00373	0.00340	0.00684
10	0.00737	0.00532	0.00696	0.00655	0.00778	0.00491	0.00491	0.00983	0.01474	0.02088	0.78175	0.03890	0.04914	0.01065	0.00614	0.00164	0.00246	0.00942	0.00573	0.00491
11	0.85377	0.01007	0.00765	0.00685	0.01007	0.01168	0.00564	0.01531	0.00886	0.02336	0.00725	0.00846	0.00564	0.00483	0.00322	0.00161	0.00403	0.00282	0.00322	0.00564
12	0.00905	0.00452	0.00678	0.00678	0.00678	0.00452	0.00452	0.00678	0.00678	0.00905	0.00905	0.01583	0.00905	0.01809	0.02035	0.84848	0.00452	0.00452	0.00226	0.00226
13	0.85377	0.01007	0.00765	0.00685	0.01007	0.01168	0.00564	0.01531	0.00886	0.02336	0.00725	0.00846	0.00564	0.00483	0.00322	0.00161	0.00403	0.00282	0.00322	0.00564
14	0.01289	0.01237	0.02114	0.03196	0.78450	0.01237	0.01598	0.01598	0.01186	0.01701	0.00980	0.01289	0.00825	0.00464	0.00516	0.00155	0.00619	0.00464	0.00258	0.00825
15	0.01289	0.01237	0.02114	0.03196	0.78450	0.01237	0.01598	0.01598	0.01186	0.01701	0.00980	0.01289	0.00825	0.00464	0.00516	0.00155	0.00619	0.00464	0.00258	0.00825
16	0.01045	0.02694	0.79000	0.01484	0.02254	0.01209	0.01924	0.01649	0.01099	0.01649	0.00935	0.01099	0.00660	0.00495	0.00495	0.00165	0.00770	0.00385	0.00220	0.00770
17	0.01295	0.01119	0.01178	0.01060	0.01354	0.01295	0.00824	0.02767	0.77509	0.02178	0.02120	0.01943	0.01590	0.00707	0.00530	0.00177	0.00412	0.00589	0.00530	0.00824
18	0.01229	0.01405	0.03073	0.02195	0.02722	0.01317	0.76558	0.01668	0.01229	0.01668	0.01054	0.01405	0.00790	0.00439	0.00615	0.00176	0.00878	0.00615	0.00263	0.00702
19	0.00757	0.00505	0.00568	0.00568	0.00568	0.00505	0.00316	0.00757	0.00757	0.01010	0.01641	0.03408	0.01893	0.81698	0.02651	0.00505	0.00505	0.00757	0.00316	0.00316
20	0.01143	0.01149	0.01650	0.01398	0.01418	0.01585	0.03944	0.01269	0.00814	0.01269	0.00697	0.01149	0.00688	0.00894	0.01668	0.00226	0.77775	0.00462	0.00229	0.00575
21	0.85377	0.01007	0.00765	0.00685	0.01007	0.01168	0.00564	0.01531	0.00886	0.02336	0.00725	0.00846	0.00564	0.00483	0.00322	0.00161	0.00403	0.00282	0.00322	0.00564
22	0.01841	0.01421	0.01508	0.01231	0.03613	0.03641	0.00978	0.59800	0.15497	0.02993	0.01383	0.01364	0.01001	0.00633	0.00521	0.00159	0.00556	0.00486	0.00509	0.00866
23	0.01394	0.02205	0.57952	0.01333	0.02004	0.01089	0.01611	0.01890	0.01205	0.22527	0.01238	0.01282	0.00830	0.00535	0.00503	0.00164	0.00681	0.00422	0.00335	0.00801
24	0.85377	0.01007	0.00765	0.00685	0.01007	0.01168	0.00564	0.01531	0.00886	0.02336	0.00725	0.00846	0.00564	0.00483	0.00322	0.00161	0.00403	0.00282	0.00322	0.00564
25	0.01289	0.01237	0.02114	0.03196	0.78450	0.01237	0.01598	0.01598	0.01186	0.01701	0.00980	0.01289	0.00825	0.00464	0.00516	0.00155	0.00619	0.00464	0.00258	0.00825
26	0.01685	0.01272	0.06651	0.01588	0.02070	0.01107	0.37536	0.05220	0.03199	0.31938	0.01472	0.01537	0.01001	0.00537	0.00566	0.00169	0.00677	0.00559	0.00427	0.00789
27	0.02336	0.00886	0.01209	0.00927	0.01329	0.00765	0.00765	0.02538	0.01491	0.78810	0.02055	0.01773	0.01289	0.00645	0.00524	0.00161	0.00443	0.00524	0.00645	0.00886
28	0.02336	0.00886	0.01209	0.00927	0.01329	0.00765	0.00765	0.02538	0.01491	0.78810	0.02055	0.01773	0.01289	0.00645	0.00524	0.00161	0.00443	0.00524	0.00645	0.00886
29	0.01260	0.01199	0.01980	0.09337	0.63937	0.01246	0.01512	0.01655	0.07039	0.01694	0.01054	0.01343	0.00869	0.00501	0.00554	0.00160	0.03114	0.00473	0.00276	0.00797
30	0.01322	0.01369	0.09241	0.06683	0.25503	0.01198	0.33426	0.01699	0.01217	0.09783	0.01155	0.02965	0.00889	0.00501	0.00560	0.00167	0.00722	0.00547	0.00301	0.00752
31	0.04898	0.01211	0.01719	0.02083	0.37706	0.01252	0.03302	0.14814	0.14287	0.07746	0.01287	0.01404	0.00984	0.00542	0.00508	0.00156	0.00551	0.00480	0.00383	0.04689
32	0.06211	0.01196	0.05414	0.04321	0.12479	0.02944	0.05382	0.11986	0.12833	0.17777	0.01485	0.05691	0.01144	0.00619	0.00509	0.00158	0.00529	0.00527	0.00431	0.08363
33	0.10533	0.19037	0.16942	0.01110	0.01551	0.08832	0.03156	0.10623	0.02825	0.03564	0.01029	0.02836	0.00855	0.00564	0.00490	0.00146	0.03565	0.02606	0.00312	0.09422
34	0.02976	0.20085	0.19379	0.00970	0.01352	0.01115	0.04188	0.01371	0.02855	0.04265	0.06974	0.02009	0.05612	0.18151	0.00936	0.00221	0.00547	0.00533	0.00314	0.06145
35	0.03221	0.07948	0.16342	0.01494	0.13544	0.01231	0.07739	0.13448	0.08691	0.04912	0.04563	0.01626	0.05294	0.01969	0.00542	0.00161	0.00576	0.00508	0.00361	0.05833

[dist]
# distance from previous block
# <min> <max>
2	9

[block]
# block no. 7 follows, 47 sequences, length 25
# corresponding to MSA columns:
# 262-286
name=unknown_H
#
# <colnr> <probs for GDERKNQSTAVLIFYWHMCP>
#	G	D	E	R	K	N	Q	S	T	A	V	L	I	F	Y	W	H	M	C	P
0	0.06059	0.06437	0.06074	0.00871	0.01096	0.08298	0.04756	0.02556	0.01239	0.01716	0.28445	0.06424	0.08068	0.00956	0.00691	0.09058	0.00442	0.00696	0.05598	0.00519
1	0.01312	0.09942	0.33605	0.06571	0.05643	0.03006	0.14984	0.05935	0.04196	0.08285	0.01093	0.01250	0.00796	0.00509	0.00508	0.00161	0.00707	0.00447	0.00297	0.00753
2	0.01163	0.04288	0.35835	0.01567	0.04399	0.03252	0.21018	0.02936	0.01163	0.05134	0.01230	0.09888	0.01056	0.02200	0.00610	0.00178	0.02513	0.00577	0.00289	0.00703
3	0.00936	0.07843	0.00966	0.02351	0.01011	0.00764	0.00608	0.08480	0.04391	0.03419	0.02565	0.46210	0.10620	0.01230	0.00586	0.00181	0.00368	0.01078	0.00454	0.05940
4	0.01451	0.26851	0.01765	0.05938	0.04114	0.16636	0.00884	0.03872	0.01217	0.06114	0.00918	0.01048	0.00751	0.00468	0.00411	0.00115	0.00584	0.00337	0.00294	0.26234
5	0.03557	0.04718	0.03670	0.01872	0.11873	0.01242	0.40082	0.06482	0.03192	0.04801	0.01080	0.01318	0.00824	0.00464	0.00536	0.00154	0.00699	0.00512	0.00306	0.12619
6	0.01489	0.31013	0.06577	0.01161	0.03428	0.12276	0.03306	0.17811	0.04827	0.01787	0.01103	0.01410	0.00942	0.00784	0.05338	0.00186	0.00677	0.04857	0.00328	0.00700
7	0.00733	0.00567	0.00672	0.00639	0.00790	0.00524	0.00481	0.01018	0.06071	0.01877	0.50275	0.04127	0.28054	0.01123	0.00609	0.00168	0.00262	0.00970	0.00542	0.00495
8	0.01430	0.06597	0.16374	0.01299	0.01673	0.19826	0.08417	0.12194	0.04811	0.01770	0.02444	0.01329	0.02353	0.00607	0.00630	0.00159	0.09922	0.00449	0.07035	0.00680
9	0.00634	0.00528	0.00553	0.00547	0.00715	0.00448	0.00410	0.00784	0.01231	0.01512	0.16476	0.04839	0.66973	0.01280	0.00615	0.00174	0.00261	0.01075	0.00497	0.00448
10	0.01809	0.02967	0.01405	0.01089	0.01462	0.01377	0.00891	0.46181	0.16634	0.12960	0.04505	0.01564	0.01237	0.00656	0.00519	0.00159	0.00503	0.00514	0.02724	0.00844
11	0.00905	0.00452	0.00678	0.00678	0.00678	0.00452	0.00452	0.00678	0.00678	0.00905	0.00905	0.01583	0.00905	0.01809	0.02035	0.84848	0.00452	0.00452	0.00226	0.00226
12	0.00983	0.00926	0.01562	0.80447	0.03587	0.01157	0.01446	0.01331	0.01041	0.01331	0.00926	0.01388	0.00694	0.00521	0.00521	0.00174	0.00694	0.00463	0.00231	0.00579
13	0.40971	0.00942	0.01002	0.00814	0.01179	0.00953	0.00672	0.02069	0.01209	0.43231	0.01436	0.01341	0.00952	0.00570	0.00430	0.00161	0.00424	0.00411	0.00495	0.00736
14	0.01392	0.82012	0.02729	0.00891	0.01337	0.02061	0.00891	0.01559	0.01058	0.01225	0.00724	0.00835	0.00668	0.00446	0.00334	0.00111	0.00557	0.00278	0.00223	0.00668
15	0.76839	0.04174	0.00892	0.00725	0.01058	0.01231	0.00604	0.06295	0.00992	0.02353	0.00758	0.00871	0.00588	0.00491	0.00335	0.00159	0.00420	0.00294	0.00331	0.00588
16	0.01718	0.01764	0.34728	0.01214	0.01777	0.01105	0.01303	0.15123	0.01490	0.32420	0.01432	0.01392	0.00948	0.00577	0.00511	0.00162	0.00606	0.00454	0.00440	0.00836
17	0.00744	0.00541	0.00752	0.00765	0.00827	0.00601	0.00557	0.00876	0.00849	0.01202	0.01659	0.14047	0.01734	0.20204	0.47832	0.00643	0.02655	0.00733	0.02349	0.00429
18	0.00757	0.00505	0.00568	0.00568	0.00568	0.00505	0.00316	0.00757	0.00757	0.01010	0.01641	0.03408	0.01893	0.81698	0.02651	0.00505	0.00505	0.00757	0.00316	0.00316
19	0.01722	0.00750	0.01012	0.00822	0.01118	0.00660	0.00660	0.01940	0.01484	0.49329	0.31305	0.02586	0.02682	0.00806	0.00558	0.00162	0.00367	0.00684	0.00617	0.00735
20	0.00731	0.00532	0.00688	0.00649	0.00774	0.00489	0.00487	0.00971	0.01460	0.02054	0.74486	0.03947	0.08624	0.01078	0.00614	0.00164	0.00247	0.00950	0.00569	0.00489
21	0.21213	0.01416	0.01374	0.01088	0.01474	0.06189	0.00893	0.54897	0.02030	0.02944	0.01102	0.01138	0.00799	0.00587	0.00472	0.00156	0.00556	0.00418	0.00460	0.00795
22	0.00749	0.00539	0.00743	0.00743	0.00803	0.00600	0.00534	0.00870	0.00809	0.01139	0.01481	0.02522	0.01509	0.31115	0.52708	0.00721	0.01084	0.00628	0.00292	0.00413
23	0.00745	0.00626	0.03149	0.00797	0.00935	0.00542	0.05222	0.00965	0.01300	0.01814	0.47755	0.27686	0.04077	0.01185	0.00626	0.00179	0.00318	0.01072	0.00516	0.00491
24	0.06690	0.01099	0.01235	0.00979	0.01348	0.04402	0.00799	0.22191	0.06371	0.40676	0.01690	0.01569	0.01136	0.00627	0.00498	0.00157	0.00480	0.00489	0.06743	0.00823

[dist]
# distance from previous block
# <min> <max>
3	6

[block]
# block no. 8 follows, 47 sequences, length 40
# corresponding to MSA columns:
# 293-332
name=unknown_I
#
# <colnr> <probs for GDERKNQSTAVLIFYWHMCP>
#	G	D	E	R	K	N	Q	S	T	A	V	L	I	F	Y	W	H	M	C	P
0	0.01492	0.00967	0.01127	0.01007	0.01300	0.01035	0.00811	0.02415	0.44214	0.22341	0.02213	0.02577	0.01753	0.00817	0.00561	0.00183	0.00432	0.13421	0.00552	0.00781
1	0.00757	0.00505	0.00568	0.00568	0.00568	0.00505	0.00316	0.00757	0.00757	0.01010	0.01641	0.03408	0.01893	0.81698	0.02651	0.00505	0.00505	0.00757	0.00316	0.00316
2	0.01351	0.01279	0.02043	0.04855	0.68878	0.03321	0.01533	0.07231	0.01285	0.01800	0.00994	0.01279	0.00822	0.00479	0.00515	0.00155	0.00625	0.00461	0.00277	0.00818
3	0.00722	0.00532	0.00675	0.00639	0.00768	0.00485	0.00479	0.00953	0.01437	0.02001	0.68870	0.04033	0.14273	0.01097	0.00614	0.00165	0.00248	0.00962	0.00562	0.00485
4	0.00752	0.00527	0.00678	0.00678	0.00716	0.00565	0.00453	0.00828	0.00790	0.01091	0.01540	0.02849	0.01651	0.49782	0.34235	0.00641	0.00870	0.00676	0.00301	0.00377
5	0.01564	0.50131	0.02253	0.01157	0.05301	0.27107	0.00962	0.01761	0.03158	0.01290	0.00799	0.00920	0.00701	0.00483	0.00392	0.00123	0.00680	0.00314	0.00247	0.00659
6	0.01266	0.01080	0.01572	0.02127	0.44246	0.02613	0.01160	0.11598	0.01336	0.01910	0.01508	0.03176	0.06880	0.00663	0.01984	0.00164	0.00535	0.00535	0.14918	0.00726
7	0.01060	0.06259	0.75572	0.01458	0.02213	0.01248	0.01878	0.01645	0.01098	0.01630	0.00925	0.01088	0.00660	0.00493	0.00488	0.00163	0.00760	0.00380	0.00220	0.00765
8	0.85377	0.01007	0.00765	0.00685	0.01007	0.01168	0.00564	0.01531	0.00886	0.02336	0.00725	0.00846	0.00564	0.00483	0.00322	0.00161	0.00403	0.00282	0.00322	0.00564
9	0.01547	0.06034	0.07624	0.02074	0.38812	0.02759	0.01263	0.01901	0.05593	0.22098	0.04215	0.01503	0.01120	0.00551	0.00509	0.00156	0.00561	0.00485	0.00383	0.00810
10	0.00634	0.00453	0.00604	0.00725	0.00755	0.00423	0.00483	0.00725	0.00997	0.01329	0.02870	0.81358	0.03444	0.01632	0.00665	0.00211	0.00302	0.01480	0.00483	0.00423
11	0.01234	0.01326	0.02537	0.01980	0.07311	0.02903	0.50496	0.03938	0.03169	0.01684	0.04897	0.01481	0.01004	0.00559	0.00767	0.00180	0.12974	0.00586	0.00288	0.00686
12	0.00936	0.00750	0.01024	0.00939	0.00992	0.00926	0.00722	0.02391	0.00850	0.03278	0.01254	0.02109	0.01261	0.23845	0.30983	0.00527	0.25873	0.00577	0.00287	0.00476
13	0.01216	0.01011	0.01142	0.01125	0.07199	0.01114	0.00806	0.05202	0.50607	0.04086	0.08127	0.02421	0.12101	0.00793	0.00546	0.00173	0.00403	0.00668	0.00508	0.00751
14	0.04782	0.01140	0.01350	0.01038	0.01444	0.01150	0.00857	0.34945	0.01891	0.43384	0.01661	0.01515	0.01090	0.00631	0.00516	0.00159	0.00499	0.00492	0.00580	0.00876
15	0.01045	0.02694	0.79000	0.01484	0.02254	0.01209	0.01924	0.01649	0.01099	0.01649	0.00935	0.01099	0.00660	0.00495	0.00495	0.00165	0.00770	0.00385	0.00220	0.00770
16	0.01233	0.01182	0.02006	0.16002	0.63586	0.01235	0.01559	0.01543	0.01150	0.01626	0.00961	0.01301	0.00799	0.00487	0.00554	0.00160	0.03125	0.00464	0.00252	0.00776
17	0.01295	0.00921	0.01247	0.01007	0.01259	0.00957	0.12189	0.23400	0.03308	0.02116	0.01383	0.03749	0.01114	0.00810	0.00729	0.13736	0.00476	0.00524	0.29179	0.00601
18	0.02787	0.04924	0.01470	0.01142	0.01464	0.13697	0.08667	0.12821	0.10706	0.14630	0.05360	0.02785	0.01279	0.02567	0.08503	0.00230	0.01828	0.00522	0.00420	0.04197
19	0.48257	0.06198	0.03455	0.01011	0.01350	0.19681	0.06151	0.03664	0.01105	0.01954	0.00786	0.00932	0.00625	0.00505	0.00422	0.00154	0.02517	0.00330	0.00300	0.00604
20	0.00639	0.00460	0.00607	0.00723	0.00761	0.00428	0.00488	0.00734	0.01009	0.01338	0.02963	0.76535	0.06405	0.01615	0.00664	0.00211	0.00305	0.03208	0.00483	0.00425
21	0.06952	0.01392	0.13279	0.07855	0.13460	0.01176	0.32549	0.03507	0.01163	0.01687	0.01154	0.07516	0.00985	0.00713	0.04110	0.00202	0.00748	0.00585	0.00283	0.00684
22	0.14079	0.05799	0.19800	0.01046	0.01483	0.01123	0.02222	0.09494	0.05498	0.06851	0.05119	0.01373	0.01052	0.00809	0.06500	0.00200	0.03109	0.00429	0.00349	0.13663
23	0.01377	0.00937	0.01056	0.00837	0.01181	0.03906	0.00671	0.11234	0.01408	0.15806	0.11807	0.01972	0.04335	0.00647	0.00480	0.00129	0.00411	0.03083	0.06965	0.31758
24	0.00696	0.00537	0.00640	0.00662	0.00783	0.00496	0.00483	0.00916	0.04912	0.01623	0.25540	0.27459	0.28686	0.01312	0.00629	0.00185	0.00283	0.03177	0.00512	0.00469
25	0.06542	0.00882	0.01157	0.00901	0.01280	0.00789	0.00741	0.04342	0.01483	0.67218	0.07517	0.01865	0.01505	0.00666	0.00520	0.00161	0.00430	0.00540	0.00619	0.00841
26	0.00905	0.00452	0.00678	0.00678	0.00678	0.00452	0.00452	0.00678	0.00678	0.00905	0.00905	0.01583	0.00905	0.01809	0.02035	0.84848	0.00452	0.00452	0.00226	0.00226
27	0.01006	0.00955	0.01633	0.74238	0.07468	0.01166	0.03545	0.01354	0.01054	0.01359	0.00932	0.01384	0.00704	0.00515	0.00523	0.00173	0.00695	0.00467	0.00234	0.00595
28	0.01080	0.00926	0.01080	0.00771	0.01234	0.00694	0.00617	0.01311	0.01080	0.01697	0.00926	0.01080	0.00771	0.00386	0.00386	0.00077	0.00386	0.00309	0.00309	0.84882
29	0.01965	0.01363	0.01489	0.01155	0.01560	0.01488	0.00950	0.61840	0.08529	0.12123	0.01417	0.01369	0.00991	0.00634	0.00522	0.00159	0.00544	0.00485	0.00536	0.00881
30	0.85377	0.01007	0.00765	0.00685	0.01007	0.01168	0.00564	0.01531	0.00886	0.02336	0.00725	0.00846	0.00564	0.00483	0.00322	0.00161	0.00403	0.00282	0.00322	0.00564
31	0.01724	0.02070	0.01620	0.01393	0.01691	0.54974	0.11065	0.04829	0.08342	0.01488	0.01082	0.05299	0.00923	0.00599	0.00507	0.00148	0.00836	0.00460	0.00312	0.00638
32	0.00905	0.00452	0.00678	0.00678	0.00678	0.00452	0.00452	0.00678	0.00678	0.00905	0.00905	0.01583	0.00905	0.01809	0.02035	0.84848	0.00452	0.00452	0.00226	0.00226
33	0.00621	0.00517	0.00543	0.00560	0.00713	0.00439	0.00411	0.00750	0.01167	0.01414	0.06872	0.16073	0.65415	0.01358	0.00623	0.00181	0.00269	0.01150	0.00486	0.00439
34	0.02327	0.00902	0.01218	0.00934	0.01337	0.00789	0.00772	0.04583	0.01517	0.76728	0.02032	0.01758	0.01278	0.00644	0.00524	0.00161	0.00447	0.00522	0.00641	0.00886
35	0.00735	0.00601	0.00840	0.00790	0.00951	0.00547	0.06761	0.00935	0.01249	0.01636	0.25382	0.15298	0.29495	0.01234	0.00637	0.00186	0.00345	0.11408	0.00491	0.00479
36	0.01134	0.00928	0.01087	0.00784	0.01240	0.00710	0.00627	0.01391	0.02730	0.04771	0.00996	0.01126	0.00809	0.00403	0.00394	0.00083	0.00389	0.00323	0.00327	0.79747
37	0.01226	0.01395	0.03017	0.02164	0.02671	0.01327	0.73716	0.01652	0.01213	0.01652	0.01040	0.01395	0.00786	0.00457	0.00656	0.00178	0.03888	0.00609	0.00262	0.00697
38	0.00979	0.05928	0.07111	0.21658	0.09139	0.00957	0.06546	0.02650	0.01177	0.02696	0.09444	0.04743	0.18404	0.00816	0.00580	0.01834	0.00525	0.02507	0.01720	0.00587
39	0.00753	0.00580	0.00730	0.00760	0.00807	0.02717	0.03103	0.00832	0.00939	0.01235	0.02270	0.44092	0.02657	0.29750	0.01379	0.00313	0.01941	0.04328	0.00406	0.00405

[dist]
# distance from previous block
# <min> <max>
1	3

[block]
# block no. 9 follows, 47 sequences, length 24
# corresponding to MSA columns:
# 336-359
name=unknown_J
#
# <colnr> <probs for GDERKNQSTAVLIFYWHMCP>
#	G	D	E	R	K	N	Q	S	T	A	V	L	I	F	Y	W	H	M	C	P
0	0.06560	0.11795	0.10083	0.01245	0.01597	0.50702	0.01056	0.03554	0.06103	0.01470	0.00896	0.01008	0.00725	0.00531	0.00453	0.00139	0.00803	0.00350	0.00282	0.00647
1	0.06513	0.01235	0.01895	0.06659	0.61868	0.05244	0.01438	0.01573	0.01190	0.01721	0.04986	0.01384	0.01008	0.00503	0.00507	0.00155	0.00606	0.00471	0.00278	0.00768
2	0.01467	0.01109	0.01294	0.06890	0.01513	0.01242	0.00893	0.43356	0.04866	0.02425	0.01510	0.01702	0.05016	0.01561	0.22340	0.00347	0.00786	0.00530	0.00431	0.00721
3	0.01060	0.00835	0.00922	0.00846	0.01059	0.00913	0.00650	0.01950	0.41393	0.02117	0.28416	0.02617	0.02709	0.00818	0.00538	0.00165	0.00333	0.00698	0.11295	0.00666
4	0.00672	0.00533	0.00605	0.00596	0.00750	0.00467	0.00453	0.00851	0.01294	0.01666	0.32042	0.04641	0.47427	0.01231	0.00620	0.00175	0.00268	0.04734	0.00516	0.00461
5	0.04505	0.00949	0.01234	0.00948	0.01351	0.00865	0.00783	0.10238	0.01574	0.68912	0.01935	0.01694	0.01228	0.00638	0.00518	0.00161	0.00456	0.00512	0.00623	0.00878
6	0.00634	0.00453	0.00604	0.00725	0.00755	0.00423	0.00483	0.00725	0.00997	0.01329	0.02870	0.81358	0.03444	0.01632	0.00665	0.00211	0.00302	0.01480	0.00483	0.00423
7	0.00757	0.00505	0.00568	0.00568	0.00568	0.00505	0.00316	0.00757	0.00757	0.01010	0.01641	0.03408	0.01893	0.81698	0.02651	0.00505	0.00505	0.00757	0.00316	0.00316
8	0.01045	0.02694	0.79000	0.01484	0.02254	0.01209	0.01924	0.01649	0.01099	0.01649	0.00935	0.01099	0.00660	0.00495	0.00495	0.00165	0.00770	0.00385	0.00220	0.00770
9	0.01289	0.01237	0.02114	0.03196	0.78450	0.01237	0.01598	0.01598	0.01186	0.01701	0.00980	0.01289	0.00825	0.00464	0.00516	0.00155	0.00619	0.00464	0.00258	0.00825
10	0.01945	0.02482	0.01476	0.01342	0.01610	0.79608	0.01006	0.02079	0.01476	0.01275	0.00805	0.00939	0.00671	0.00537	0.00470	0.00134	0.00939	0.00335	0.00268	0.00604
11	0.85377	0.01007	0.00765	0.00685	0.01007	0.01168	0.00564	0.01531	0.00886	0.02336	0.00725	0.00846	0.00564	0.00483	0.00322	0.00161	0.00403	0.00282	0.00322	0.00564
12	0.00634	0.00453	0.00604	0.00725	0.00755	0.00423	0.00483	0.00725	0.00997	0.01329	0.02870	0.81358	0.03444	0.01632	0.00665	0.00211	0.00302	0.01480	0.00483	0.00423
13	0.01005	0.00950	0.01593	0.73676	0.07598	0.01176	0.01445	0.01343	0.01041	0.01348	0.00921	0.01375	0.00701	0.00530	0.00559	0.00174	0.03279	0.00463	0.00233	0.00592
14	0.01139	0.01139	0.01595	0.01367	0.01367	0.01595	0.01139	0.01253	0.00798	0.01253	0.00684	0.01139	0.00684	0.00911	0.01709	0.00228	0.80745	0.00456	0.00228	0.00570
15	0.00983	0.00926	0.01562	0.80447	0.03587	0.01157	0.01446	0.01331	0.01041	0.01331	0.00926	0.01388	0.00694	0.00521	0.00521	0.00174	0.00694	0.00463	0.00231	0.00579
16	0.01058	0.05730	0.76080	0.01462	0.02219	0.01242	0.01885	0.01646	0.01098	0.01633	0.00926	0.01089	0.00660	0.00493	0.00489	0.00163	0.00761	0.00381	0.00220	0.00766
17	0.00643	0.00510	0.00552	0.00574	0.00694	0.00448	0.00402	0.00750	0.01092	0.01348	0.05944	0.19302	0.50715	0.13556	0.00933	0.00232	0.00307	0.01116	0.00460	0.00419
18	0.02551	0.06787	0.02573	0.00824	0.01130	0.00806	0.03088	0.01373	0.08585	0.03558	0.29794	0.05451	0.02494	0.00734	0.00503	0.00135	0.00370	0.00631	0.00433	0.28178
19	0.00677	0.00494	0.00643	0.00752	0.00799	0.00475	0.00515	0.00845	0.04963	0.01383	0.02827	0.74203	0.03330	0.01576	0.00660	0.00211	0.00315	0.04400	0.00486	0.00446
20	0.01188	0.00951	0.01090	0.00832	0.01246	0.00818	0.00661	0.01679	0.17191	0.05835	0.01259	0.01323	0.00987	0.00473	0.00423	0.00104	0.00390	0.00384	0.02875	0.60292
21	0.00749	0.00591	0.03640	0.00650	0.00704	0.00518	0.00431	0.00803	0.00843	0.01140	0.01901	0.23016	0.02200	0.55403	0.01984	0.00402	0.00460	0.00911	0.00354	0.03301
22	0.01395	0.50345	0.05264	0.04954	0.09677	0.03852	0.01022	0.10696	0.01260	0.01559	0.01071	0.01189	0.04725	0.00522	0.00409	0.00130	0.00575	0.00378	0.00278	0.00698
23	0.00910	0.00656	0.00835	0.02457	0.01007	0.00627	0.00614	0.03951	0.01115	0.05956	0.02435	0.42319	0.07896	0.01220	0.00655	0.00183	0.04739	0.06505	0.02060	0.13859

[dist]
