[name]
unknown

[dist]
# distance from previous block
# <min> <max>
49	557

[block]
# block no. 0 follows, 52 sequences, length 19
# corresponding to MSA columns:
# 591-609
name=unknown_A
#
# <colnr> <probs for GDERKNQSTAVLIFYWHMCP>
#	G	D	E	R	K	N	Q	S	T	A	V	L	I	F	Y	W	H	M	C	P
0	0.08057	0.01694	0.01452	0.01207	0.01525	0.35661	0.08019	0.23708	0.10628	0.01925	0.01026	0.01099	0.00784	0.00529	0.00459	0.00141	0.00677	0.00395	0.00348	0.00666
1	0.01762	0.01365	0.01386	0.01092	0.01454	0.07222	0.00890	0.62505	0.08783	0.04664	0.01312	0.01295	0.02791	0.00598	0.00484	0.00146	0.00535	0.00452	0.00470	0.00790
2	0.01419	0.01625	0.01569	0.17112	0.24813	0.37973	0.01183	0.01628	0.01182	0.01311	0.00812	0.01059	0.00671	0.00496	0.00523	0.00142	0.05252	0.00376	0.00238	0.00616
3	0.01025	0.15852	0.67582	0.01290	0.01956	0.01256	0.01632	0.01521	0.01017	0.01469	0.00837	0.00983	0.00615	0.00453	0.00436	0.00145	0.00683	0.00342	0.00205	0.00701
4	0.01226	0.00663	0.00835	0.00780	0.00965	0.00640	0.00588	0.05723	0.08962	0.25602	0.02223	0.39276	0.02170	0.01043	0.00544	0.00172	0.00346	0.02420	0.05231	0.00591
5	0.00590	0.00422	0.00562	0.00675	0.00703	0.00394	0.00450	0.00675	0.00928	0.01237	0.02671	0.82653	0.03205	0.01518	0.00619	0.00197	0.00281	0.01378	0.00450	0.00394
6	0.01095	0.10415	0.32152	0.01664	0.02232	0.01261	0.41145	0.01535	0.01081	0.01502	0.00906	0.01144	0.00677	0.00429	0.00502	0.00153	0.00747	0.00458	0.00226	0.00674
7	0.00617	0.00470	0.00567	0.00591	0.00694	0.00420	0.00425	0.00763	0.01138	0.01501	0.29541	0.29593	0.29443	0.01241	0.00587	0.00171	0.00251	0.01088	0.00478	0.00420
8	0.00590	0.00422	0.00562	0.00675	0.00703	0.00394	0.00450	0.00675	0.00928	0.01237	0.02671	0.82653	0.03205	0.01518	0.00619	0.00197	0.00281	0.01378	0.00450	0.00394
9	0.00860	0.00577	0.00708	0.00668	0.00821	0.00549	0.00502	0.01174	0.09891	0.09578	0.40112	0.15053	0.15560	0.01030	0.00562	0.00162	0.00275	0.00898	0.00510	0.00511
10	0.01138	0.01424	0.18502	0.06296	0.59969	0.01142	0.01545	0.01486	0.01080	0.01557	0.00900	0.01166	0.00730	0.00440	0.00476	0.00147	0.00609	0.00416	0.00231	0.00746
11	0.00573	0.00491	0.00491	0.00491	0.00655	0.00409	0.00368	0.00695	0.01105	0.01309	0.04909	0.04664	0.79750	0.01227	0.00573	0.00164	0.00245	0.01023	0.00450	0.00409
12	0.01579	0.01105	0.01216	0.01006	0.01334	0.01216	0.00807	0.26966	0.40828	0.15938	0.01701	0.01573	0.01219	0.00623	0.00489	0.00156	0.00437	0.00501	0.00509	0.00795
13	0.01274	0.77769	0.07839	0.00867	0.01302	0.01864	0.00895	0.01457	0.00987	0.01167	0.00687	0.00794	0.00621	0.00418	0.00321	0.00107	0.00532	0.00266	0.00207	0.00628
14	0.01301	0.01717	0.39480	0.01130	0.01631	0.01077	0.01242	0.20711	0.01363	0.10699	0.01154	0.01255	0.00828	0.00690	0.04855	0.00181	0.00619	0.00410	0.08943	0.00713
15	0.00714	0.00560	0.00676	0.00701	0.00849	0.00515	0.00548	0.00933	0.05308	0.01397	0.03114	0.23953	0.26470	0.01213	0.00586	0.00180	0.00330	0.22454	0.00435	0.09064
16	0.05905	0.05519	0.01187	0.00954	0.01144	0.09134	0.02456	0.14781	0.05487	0.01805	0.17010	0.08924	0.01765	0.00774	0.00699	0.00160	0.16278	0.00585	0.04859	0.00574
17	0.00694	0.00507	0.00667	0.00681	0.00714	0.00551	0.00469	0.00773	0.00781	0.01078	0.01669	0.20867	0.01859	0.35162	0.26355	0.00489	0.05212	0.00786	0.00314	0.00373
18	0.01217	0.38331	0.28351	0.01075	0.01564	0.07361	0.02800	0.05775	0.02891	0.01419	0.01000	0.01099	0.04243	0.00488	0.00402	0.00130	0.00602	0.00354	0.00243	0.00655

[dist]
# distance from previous block
# <min> <max>
0	4

[block]
# block no. 1 follows, 52 sequences, length 15
# corresponding to MSA columns:
# 614-628
name=unknown_B
#
# <colnr> <probs for GDERKNQSTAVLIFYWHMCP>
#	G	D	E	R	K	N	Q	S	T	A	V	L	I	F	Y	W	H	M	C	P
0	0.10497	0.17865	0.01391	0.00863	0.01226	0.05822	0.00729	0.11910	0.05570	0.21552	0.04144	0.01254	0.00995	0.00519	0.00412	0.00127	0.00456	0.00387	0.00395	0.13885
1	0.00943	0.08774	0.61222	0.01218	0.01804	0.01076	0.01496	0.01405	0.01033	0.01500	0.06123	0.09048	0.01121	0.00593	0.00471	0.00154	0.00627	0.00482	0.00250	0.00661
2	0.06387	0.00664	0.00706	0.00713	0.00820	0.04674	0.00504	0.02818	0.07633	0.04880	0.05482	0.34072	0.04999	0.19372	0.00979	0.00243	0.00382	0.03808	0.00410	0.00454
3	0.04283	0.00961	0.01428	0.01564	0.23961	0.02744	0.09135	0.01336	0.06054	0.01514	0.01228	0.12636	0.01158	0.00866	0.07118	0.00195	0.04771	0.00554	0.00299	0.18195
4	0.01066	0.21188	0.55912	0.01383	0.08260	0.01312	0.01542	0.01511	0.01021	0.01447	0.00827	0.00980	0.00628	0.00447	0.00427	0.00141	0.00659	0.00341	0.00208	0.00698
5	0.01707	0.00895	0.01016	0.00833	0.01122	0.08425	0.00665	0.03588	0.03849	0.47183	0.19239	0.02019	0.01904	0.00678	0.00494	0.00147	0.00408	0.00557	0.04574	0.00697
6	0.01074	0.00628	0.00743	0.00651	0.00868	0.00563	0.00509	0.06075	0.01300	0.21131	0.19352	0.05178	0.38047	0.00988	0.00547	0.00157	0.00302	0.00830	0.00507	0.00548
7	0.05173	0.01215	0.01404	0.29582	0.08466	0.15181	0.01092	0.07839	0.05498	0.08217	0.00985	0.01208	0.00753	0.00554	0.00606	0.00157	0.10740	0.00413	0.00297	0.00620
8	0.01149	0.01051	0.01708	0.10963	0.57221	0.01083	0.01296	0.06334	0.01123	0.01571	0.01022	0.03277	0.00911	0.08437	0.00676	0.00179	0.00563	0.00480	0.00263	0.00692
9	0.00590	0.00445	0.00546	0.00619	0.00690	0.00401	0.00427	0.00692	0.00999	0.01291	0.06959	0.56621	0.25145	0.01410	0.00603	0.00185	0.00268	0.01252	0.00454	0.00401
10	0.00809	0.00562	0.00682	0.00661	0.00767	0.00559	0.00485	0.06922	0.01119	0.03049	0.20943	0.09805	0.10503	0.22656	0.07603	0.00296	0.00433	0.08041	0.03669	0.00437
11	0.01103	0.08719	0.36847	0.01397	0.01898	0.08905	0.18479	0.01509	0.02508	0.01441	0.01131	0.01304	0.05776	0.00529	0.00558	0.00154	0.06411	0.00444	0.00240	0.00647
12	0.00726	0.00604	0.00809	0.00824	0.00872	0.00687	0.00628	0.00837	0.00916	0.01244	0.02380	0.42155	0.11892	0.01393	0.04349	0.00224	0.20309	0.08331	0.00383	0.00436
13	0.00700	0.00488	0.00618	0.00618	0.00649	0.00519	0.00406	0.00762	0.00731	0.01006	0.01445	0.02717	0.01564	0.54511	0.30655	0.00581	0.00767	0.00638	0.00281	0.00344
14	0.01058	0.01116	0.02204	0.32422	0.09111	0.01172	0.40037	0.01414	0.01060	0.01422	0.00918	0.01284	0.00701	0.00455	0.00566	0.00163	0.03548	0.00502	0.00232	0.00615

[dist]
# distance from previous block
# <min> <max>
3	7

[block]
# block no. 2 follows, 52 sequences, length 17
# corresponding to MSA columns:
# 636-652
name=unknown_C
#
# <colnr> <probs for GDERKNQSTAVLIFYWHMCP>
#	G	D	E	R	K	N	Q	S	T	A	V	L	I	F	Y	W	H	M	C	P
0	0.07668	0.06672	0.01284	0.00993	0.01316	0.01343	0.00805	0.27569	0.42582	0.02319	0.01521	0.01450	0.01134	0.00601	0.00464	0.00153	0.00442	0.00470	0.00457	0.00758
1	0.01609	0.00954	0.01101	0.00896	0.01192	0.00988	0.00709	0.23505	0.17273	0.28116	0.01788	0.01888	0.04603	0.12215	0.00770	0.00197	0.00441	0.00539	0.00496	0.00720
2	0.00647	0.00492	0.00595	0.00574	0.00701	0.00440	0.00429	0.00837	0.01273	0.01719	0.53484	0.06416	0.28460	0.01082	0.00573	0.00157	0.00236	0.00939	0.00504	0.00440
3	0.00915	0.00861	0.01453	0.81804	0.03338	0.01077	0.01346	0.01238	0.00969	0.01238	0.00861	0.01292	0.00646	0.00484	0.00484	0.00161	0.00646	0.00431	0.00215	0.00538
4	0.00693	0.00500	0.00658	0.00630	0.00745	0.00465	0.00481	0.00921	0.01353	0.01907	0.74037	0.03755	0.04442	0.01016	0.00579	0.00158	0.00245	0.06434	0.00527	0.00456
5	0.01160	0.01096	0.01856	0.02779	0.72539	0.01096	0.01421	0.01442	0.01105	0.01571	0.01067	0.01600	0.00957	0.00517	0.00498	0.00151	0.00564	0.07587	0.00259	0.00737
6	0.00609	0.00489	0.00546	0.00570	0.00694	0.00435	0.00413	0.00771	0.03579	0.01373	0.11431	0.26445	0.48390	0.01268	0.00583	0.00172	0.00258	0.01093	0.00459	0.00421
7	0.00590	0.00422	0.00562	0.00675	0.00703	0.00394	0.00450	0.00675	0.00928	0.01237	0.02671	0.82653	0.03205	0.01518	0.00619	0.00197	0.00281	0.01378	0.00450	0.00394
8	0.17446	0.01427	0.23460	0.05544	0.01561	0.01124	0.01059	0.22738	0.01316	0.06320	0.01031	0.01190	0.00773	0.00947	0.11771	0.00239	0.00662	0.00395	0.00330	0.00666
9	0.00590	0.00422	0.00562	0.00675	0.00703	0.00394	0.00450	0.00675	0.00928	0.01237	0.02671	0.82653	0.03205	0.01518	0.00619	0.00197	0.00281	0.01378	0.00450	0.00394
10	0.00634	0.00440	0.00550	0.00619	0.00637	0.00422	0.00391	0.00686	0.00843	0.01125	0.02238	0.52573	0.02659	0.32343	0.01318	0.00300	0.00353	0.01123	0.00391	0.00356
11	0.11027	0.01058	0.01205	0.00937	0.01302	0.01088	0.00773	0.35103	0.01703	0.36434	0.01447	0.01351	0.00966	0.00575	0.00462	0.00147	0.00456	0.00440	0.02745	0.00783
12	0.25256	0.56139	0.05813	0.00802	0.01199	0.01645	0.00790	0.01448	0.00941	0.01451	0.00684	0.00792	0.00594	0.00427	0.00315	0.00119	0.00487	0.00265	0.00233	0.00599
13	0.00627	0.00437	0.00551	0.00628	0.00647	0.00418	0.00400	0.00684	0.00856	0.01142	0.02303	0.57125	0.02742	0.27679	0.01212	0.00284	0.00342	0.01162	0.00400	0.00362
14	0.25653	0.00876	0.00982	0.00795	0.01113	0.00880	0.00650	0.11339	0.01337	0.37658	0.12406	0.01623	0.01437	0.00610	0.00446	0.00150	0.00391	0.00472	0.00492	0.00688
15	0.01058	0.07607	0.14161	0.00877	0.01171	0.00872	0.04529	0.01536	0.15870	0.07433	0.01679	0.12983	0.02926	0.00695	0.00452	0.00147	0.00411	0.00589	0.24407	0.00597
16	0.00954	0.16286	0.47078	0.01089	0.01606	0.01099	0.01289	0.01359	0.01091	0.01539	0.17102	0.01661	0.04696	0.00592	0.00461	0.00145	0.00562	0.00474	0.00282	0.00634

[dist]
# distance from previous block
# <min> <max>
4	6

[block]
# block no. 3 follows, 52 sequences, length 35
# corresponding to MSA columns:
# 659-693
name=unknown_D
#
# <colnr> <probs for GDERKNQSTAVLIFYWHMCP>
#	G	D	E	R	K	N	Q	S	T	A	V	L	I	F	Y	W	H	M	C	P
0	0.25763	0.00656	0.00689	0.00635	0.00832	0.00662	0.00497	0.01142	0.01113	0.05539	0.30561	0.07354	0.06575	0.00806	0.00466	0.00150	0.00301	0.04046	0.06604	0.05609
1	0.04341	0.01312	0.01299	0.01083	0.01370	0.22323	0.10153	0.06397	0.18878	0.05411	0.05944	0.01554	0.03741	0.00585	0.00482	0.00142	0.01661	0.00478	0.06756	0.06090
2	0.01004	0.00729	0.01161	0.00998	0.01206	0.00692	0.16010	0.02718	0.06707	0.12795	0.04978	0.37804	0.06879	0.01044	0.00576	0.00177	0.00420	0.03118	0.00437	0.00547
3	0.00588	0.00457	0.00536	0.00590	0.00683	0.00404	0.00414	0.00699	0.01033	0.01312	0.08371	0.43402	0.37067	0.01358	0.00595	0.00179	0.00262	0.01190	0.00455	0.00404
4	0.00662	0.00507	0.00540	0.00523	0.00691	0.00429	0.00395	0.00801	0.01151	0.05107	0.14055	0.04392	0.66715	0.01168	0.00569	0.00162	0.00251	0.00979	0.00467	0.00435
5	0.03018	0.65070	0.14688	0.00932	0.01384	0.05501	0.00979	0.01486	0.01006	0.01226	0.00708	0.00821	0.00619	0.00427	0.00340	0.00113	0.00563	0.00277	0.00211	0.00632
6	0.08801	0.10616	0.37021	0.01064	0.01486	0.01071	0.01176	0.01297	0.00913	0.01408	0.00949	0.01257	0.00793	0.02706	0.23019	0.00330	0.04877	0.00392	0.00231	0.00593
7	0.00648	0.00482	0.00555	0.00549	0.00642	0.00441	0.00379	0.00766	0.01062	0.01396	0.27239	0.08058	0.29332	0.25042	0.01128	0.00251	0.00308	0.00903	0.00430	0.00390
8	0.00585	0.00483	0.00515	0.00538	0.00678	0.00413	0.00400	0.00706	0.01077	0.01304	0.04452	0.16981	0.64249	0.01278	0.00584	0.00172	0.00260	0.04466	0.00450	0.00408
9	0.14978	0.00734	0.00944	0.01074	0.13674	0.00767	0.00698	0.01242	0.04631	0.08761	0.01747	0.04764	0.09901	0.09638	0.20470	0.00342	0.00634	0.04121	0.00345	0.00537
10	0.00626	0.00450	0.00598	0.00684	0.00738	0.00422	0.00486	0.00750	0.01024	0.01375	0.14986	0.59605	0.05276	0.01407	0.00616	0.00192	0.00290	0.09602	0.00463	0.00410
11	0.00606	0.00437	0.00575	0.00666	0.00713	0.00407	0.00457	0.00713	0.00991	0.01325	0.11274	0.67812	0.06918	0.01441	0.00613	0.00191	0.00279	0.03719	0.00459	0.00403
12	0.01101	0.01051	0.01790	0.30200	0.53488	0.01126	0.01438	0.01401	0.01057	0.01464	0.00894	0.01231	0.00726	0.00450	0.00481	0.00150	0.00600	0.00431	0.00231	0.00688
13	0.10078	0.01012	0.01491	0.03119	0.30787	0.01073	0.06218	0.09644	0.05150	0.04058	0.07551	0.05543	0.01243	0.00762	0.04819	0.00189	0.05754	0.00520	0.00330	0.00661
14	0.00972	0.02507	0.80458	0.01381	0.02097	0.01125	0.01790	0.01535	0.01023	0.01535	0.00870	0.01023	0.00614	0.00460	0.00460	0.00153	0.00716	0.00358	0.00205	0.00716
15	0.02318	0.01253	0.13822	0.08929	0.18594	0.01114	0.04031	0.06700	0.26152	0.01821	0.07896	0.01584	0.01286	0.00571	0.00488	0.00155	0.00512	0.00498	0.01572	0.00704
16	0.01872	0.01309	0.01425	0.01092	0.01479	0.01431	0.00902	0.71457	0.02198	0.10041	0.01231	0.01207	0.00858	0.00583	0.00485	0.00146	0.00522	0.00441	0.00495	0.00824
17	0.01539	0.01165	0.02091	0.01522	0.01962	0.01106	0.41763	0.13831	0.01386	0.23940	0.01267	0.01371	0.00879	0.00488	0.00528	0.00154	0.00644	0.00518	0.00384	0.03461
18	0.01199	0.01151	0.01967	0.02974	0.79946	0.01151	0.01487	0.01487	0.01103	0.01583	0.00912	0.01199	0.00768	0.00432	0.00480	0.00144	0.00576	0.00432	0.00240	0.00768
19	0.00686	0.00495	0.00648	0.00610	0.00724	0.00457	0.00457	0.00914	0.01372	0.01943	0.79691	0.03620	0.04572	0.00991	0.00572	0.00152	0.00229	0.00876	0.00533	0.00457
20	0.00582	0.00469	0.00520	0.00555	0.00673	0.00406	0.00398	0.00696	0.01057	0.01308	0.06804	0.29958	0.52252	0.01313	0.00588	0.00174	0.00256	0.01133	0.00453	0.00406
21	0.01869	0.00977	0.01118	0.00883	0.01214	0.04633	0.00720	0.22379	0.01565	0.43663	0.01606	0.01509	0.01079	0.00585	0.00461	0.00142	0.00437	0.00460	0.13948	0.00754
22	0.01146	0.01300	0.02820	0.02084	0.05999	0.01222	0.74752	0.01549	0.01142	0.01554	0.00977	0.01302	0.00737	0.00410	0.00568	0.00163	0.00806	0.00566	0.00245	0.00659
23	0.73130	0.00919	0.00777	0.00673	0.00984	0.01028	0.00554	0.01572	0.00913	0.14475	0.00870	0.00923	0.00631	0.00473	0.00329	0.00150	0.00381	0.00298	0.00347	0.00572
24	0.00665	0.00470	0.00623	0.00717	0.00766	0.00455	0.00525	0.00778	0.00949	0.01254	0.02460	0.47036	0.02854	0.14260	0.00924	0.00248	0.00360	0.23839	0.00424	0.00394
25	0.02377	0.00954	0.01023	0.00967	0.01137	0.12663	0.03645	0.05899	0.05817	0.01484	0.02018	0.03129	0.10302	0.01308	0.10885	0.00258	0.07067	0.26835	0.01715	0.00515
26	0.05025	0.00858	0.00928	0.00770	0.01014	0.00910	0.00616	0.31711	0.01585	0.06555	0.14037	0.01793	0.01582	0.00637	0.00440	0.00136	0.00364	0.00508	0.29907	0.00623
27	0.00609	0.00443	0.00578	0.00680	0.00730	0.00412	0.00477	0.00712	0.00965	0.01267	0.02877	0.66922	0.10599	0.01471	0.00619	0.00196	0.00295	0.09297	0.00449	0.00401
28	0.00853	0.01050	0.17417	0.00957	0.01133	0.00888	0.00883	0.01055	0.00842	0.01253	0.01245	0.10614	0.01249	0.14810	0.15695	0.00336	0.22118	0.00581	0.06528	0.00491
29	0.01050	0.00999	0.01698	0.44313	0.39772	0.01112	0.01413	0.01357	0.01033	0.01402	0.00885	0.01248	0.00704	0.00459	0.00482	0.00153	0.00613	0.00431	0.00227	0.00647
30	0.00574	0.00488	0.00494	0.00499	0.00657	0.00408	0.00372	0.00695	0.01096	0.01306	0.04807	0.08227	0.76252	0.01241	0.00575	0.00165	0.00247	0.01039	0.00450	0.00408
31	0.86392	0.00937	0.00712	0.00637	0.00937	0.01087	0.00525	0.01425	0.00825	0.02174	0.00675	0.00787	0.00525	0.00450	0.00300	0.00150	0.00375	0.00262	0.00300	0.00525
32	0.01140	0.06540	0.08885	0.04587	0.17500	0.01123	0.30615	0.01539	0.06332	0.05841	0.01433	0.03313	0.07806	0.00544	0.00515	0.00155	0.00622	0.00551	0.00296	0.00666
33	0.01434	0.01140	0.01696	0.24797	0.09930	0.02901	0.13923	0.24667	0.01465	0.11582	0.01104	0.01282	0.00794	0.00510	0.00498	0.00153	0.00610	0.00460	0.00352	0.00702
34	0.01221	0.01225	0.01417	0.23941	0.01947	0.19757	0.11950	0.09498	0.01189	0.01458	0.01040	0.01504	0.00887	0.12581	0.02048	0.00203	0.00666	0.00467	0.06455	0.00547

[dist]
# distance from previous block
# <min> <max>
3	7

[block]
# block no. 4 follows, 52 sequences, length 38
# corresponding to MSA columns:
# 701-738
name=unknown_E
#
# <colnr> <probs for GDERKNQSTAVLIFYWHMCP>
#	G	D	E	R	K	N	Q	S	T	A	V	L	I	F	Y	W	H	M	C	P
0	0.00946	0.00771	0.01088	0.00935	0.01138	0.00772	0.11461	0.12672	0.06817	0.01773	0.19044	0.14492	0.10333	0.06645	0.00702	0.00191	0.00417	0.08832	0.00436	0.00535
1	0.01804	0.06658	0.01259	0.00930	0.01277	0.01014	0.00774	0.17136	0.13167	0.42321	0.01735	0.01788	0.01240	0.00644	0.00488	0.00153	0.00441	0.05871	0.00523	0.00775
2	0.00813	0.00689	0.00947	0.00892	0.00968	0.00850	0.00705	0.01035	0.05867	0.01230	0.01536	0.08927	0.06692	0.02270	0.39980	0.00478	0.23154	0.00604	0.01887	0.00476
3	0.01008	0.01028	0.00869	0.00859	0.02619	0.22004	0.00623	0.01267	0.08078	0.01504	0.22957	0.17023	0.15178	0.00957	0.00537	0.00157	0.00437	0.01976	0.00418	0.00499
4	0.01440	0.01426	0.01255	0.01226	0.07900	0.25520	0.00876	0.02278	0.44773	0.05855	0.01508	0.01464	0.01144	0.00587	0.00475	0.00150	0.00551	0.00463	0.00403	0.00708
5	0.01157	0.01200	0.02319	0.07666	0.41615	0.01179	0.34552	0.01499	0.01112	0.01548	0.00938	0.01252	0.00746	0.00425	0.00520	0.00153	0.00684	0.00492	0.00241	0.00704
6	0.00672	0.00509	0.00630	0.00655	0.00781	0.00468	0.00522	0.00857	0.01188	0.01556	0.28782	0.08091	0.29061	0.01195	0.00603	0.00179	0.00300	0.23041	0.00476	0.00435
7	0.01425	0.00662	0.00866	0.00719	0.00974	0.00579	0.00573	0.01616	0.01338	0.41670	0.28416	0.02782	0.14652	0.00829	0.00529	0.00153	0.00325	0.00702	0.00554	0.00637
8	0.00927	0.04496	0.10266	0.01025	0.01135	0.01114	0.00892	0.01064	0.00808	0.01170	0.01215	0.06964	0.05210	0.18706	0.01481	0.00253	0.41967	0.00564	0.00257	0.00489
9	0.00696	0.00489	0.00585	0.00613	0.00641	0.00494	0.00385	0.00805	0.04903	0.01098	0.01878	0.26830	0.02144	0.49115	0.06878	0.00392	0.00462	0.00886	0.00349	0.00357
10	0.02174	0.00825	0.01125	0.00862	0.01237	0.00712	0.00712	0.02362	0.01387	0.80282	0.01912	0.01649	0.01200	0.00600	0.00487	0.00150	0.00412	0.00487	0.00600	0.00825
11	0.01172	0.01171	0.02137	0.06920	0.58813	0.01164	0.18420	0.01488	0.01105	0.01558	0.00924	0.01228	0.00754	0.00429	0.00500	0.00149	0.00633	0.00463	0.00240	0.00730
12	0.01025	0.01443	0.24220	0.01272	0.01658	0.05201	0.18107	0.05086	0.06203	0.01637	0.13394	0.10709	0.01642	0.00700	0.00576	0.00163	0.04279	0.01740	0.00330	0.00614
13	0.01203	0.01192	0.02284	0.02239	0.31327	0.01155	0.39201	0.05550	0.01185	0.03911	0.01077	0.05410	0.00891	0.00488	0.00533	0.00156	0.00673	0.00551	0.00276	0.00697
14	0.00589	0.00427	0.00557	0.00662	0.00700	0.00395	0.00444	0.00676	0.00940	0.01242	0.02826	0.77246	0.08512	0.01498	0.00615	0.00195	0.00279	0.01353	0.00450	0.00395
15	0.01099	0.00877	0.01091	0.24103	0.01688	0.00998	0.00824	0.17066	0.16757	0.01729	0.01515	0.01961	0.04904	0.18514	0.00915	0.00224	0.00495	0.00544	0.04117	0.00579
16	0.01840	0.01419	0.01449	0.01124	0.01503	0.06640	0.00922	0.73395	0.02220	0.02933	0.01137	0.01145	0.00811	0.00576	0.00482	0.00144	0.00555	0.00428	0.00470	0.00807
17	0.25751	0.07822	0.12297	0.00925	0.01329	0.01069	0.04885	0.01707	0.13254	0.11077	0.01098	0.01145	0.00817	0.00482	0.00400	0.00137	0.00461	0.00367	0.00340	0.14637
18	0.01837	0.01507	0.01442	0.01136	0.01502	0.13979	0.00923	0.66345	0.02136	0.02761	0.01098	0.01118	0.00793	0.00569	0.00477	0.00142	0.00587	0.00417	0.00448	0.00783
19	0.01099	0.01016	0.01328	0.01156	0.01242	0.01338	0.00946	0.01548	0.21645	0.03044	0.01061	0.01325	0.00909	0.00969	0.06320	0.00234	0.53463	0.00464	0.00298	0.00593
20	0.01434	0.01690	0.01515	0.01308	0.01462	0.40570	0.05800	0.01568	0.01077	0.01200	0.00713	0.00984	0.00636	0.00649	0.00960	0.00166	0.37102	0.00378	0.00233	0.00553
21	0.00950	0.00773	0.00876	0.00801	0.00997	0.00838	0.00615	0.01759	0.40873	0.01986	0.40179	0.02699	0.03000	0.00821	0.00532	0.00158	0.00307	0.00709	0.00513	0.00615
22	0.01135	0.01282	0.02719	0.01964	0.02404	0.01252	0.70309	0.01513	0.01103	0.01513	0.00945	0.01282	0.00725	0.00453	0.00676	0.00168	0.09117	0.00557	0.00242	0.00641
23	0.01060	0.01009	0.01715	0.41728	0.42285	0.01115	0.01418	0.01365	0.01037	0.01414	0.00887	0.01245	0.00708	0.00458	0.00482	0.00153	0.00610	0.00431	0.00228	0.00655
24	0.01327	0.01513	0.01367	0.01212	0.01322	0.33708	0.00963	0.01448	0.01002	0.01170	0.00750	0.01071	0.00690	0.00991	0.09237	0.00235	0.40840	0.00388	0.00232	0.00533
25	0.02174	0.00825	0.01125	0.00862	0.01237	0.00712	0.00712	0.02362	0.01387	0.80282	0.01912	0.01649	0.01200	0.00600	0.00487	0.00150	0.00412	0.00487	0.00600	0.00825
26	0.00639	0.00487	0.00598	0.00669	0.00771	0.00447	0.00514	0.00777	0.01048	0.01325	0.03479	0.31266	0.31739	0.01358	0.00616	0.00192	0.00315	0.22897	0.00449	0.00415
27	0.00809	0.00625	0.00890	0.04275	0.01075	0.00627	0.05979	0.09349	0.01122	0.01491	0.02296	0.52909	0.02601	0.01267	0.00603	0.00191	0.00386	0.12603	0.00429	0.00473
28	0.00685	0.00508	0.00643	0.00652	0.00751	0.00486	0.00472	0.00939	0.06598	0.01684	0.45131	0.29995	0.07310	0.01155	0.00582	0.00169	0.00258	0.01028	0.00499	0.00455
29	0.00593	0.00456	0.00545	0.00612	0.00698	0.00408	0.00434	0.00699	0.01007	0.01276	0.03552	0.48032	0.33501	0.01394	0.00603	0.00185	0.00275	0.04879	0.00450	0.00402
30	0.67727	0.01016	0.00867	0.00736	0.01055	0.01158	0.00607	0.16373	0.01122	0.04440	0.00803	0.00883	0.00601	0.00479	0.00341	0.00149	0.00407	0.00302	0.00344	0.00591
31	0.05342	0.00905	0.03436	0.20020	0.01679	0.02765	0.00861	0.05544	0.06300	0.31636	0.12574	0.03996	0.01541	0.00643	0.00492	0.00155	0.00460	0.00537	0.00449	0.00666
32	0.00704	0.00471	0.00536	0.00536	0.00539	0.00474	0.00303	0.00710	0.00707	0.00945	0.01520	0.03133	0.01745	0.80576	0.04837	0.00479	0.00495	0.00699	0.00293	0.00298
33	0.01412	0.00667	0.00887	0.00745	0.00984	0.00599	0.00588	0.03426	0.01372	0.39000	0.36035	0.07735	0.02799	0.00830	0.00533	0.00154	0.00326	0.00714	0.00558	0.00636
34	0.01314	0.01030	0.01167	0.01008	0.01269	0.06547	0.05727	0.12649	0.31665	0.11202	0.01855	0.19181	0.01622	0.00800	0.00520	0.00164	0.00448	0.00691	0.00462	0.00679
35	0.00843	0.00701	0.01066	0.05661	0.26390	0.00691	0.00820	0.01045	0.01089	0.01528	0.16814	0.26177	0.07521	0.00927	0.00535	0.00161	0.00379	0.00839	0.06273	0.00539
36	0.01255	0.01326	0.12367	0.06380	0.03900	0.07714	0.01045	0.21951	0.07255	0.01853	0.01420	0.03841	0.04000	0.00743	0.00663	0.00169	0.11844	0.11273	0.00357	0.00643
37	0.01142	0.44974	0.39482	0.01091	0.01649	0.01542	0.01285	0.01491	0.01003	0.01327	0.00767	0.00894	0.00618	0.00436	0.00382	0.00127	0.00612	0.00306	0.00206	0.00667

[dist]
# distance from previous block
# <min> <max>
0	60

[block]
# block no. 5 follows, 52 sequences, length 79
# corresponding to MSA columns:
# 799-877
name=unknown_F
#
# <colnr> <probs for GDERKNQSTAVLIFYWHMCP>
#	G	D	E	R	K	N	Q	S	T	A	V	L	I	F	Y	W	H	M	C	P
0	0.28393	0.00913	0.01029	0.00817	0.01170	0.00908	0.00675	0.09630	0.01300	0.48249	0.01452	0.01332	0.00952	0.00551	0.00429	0.00149	0.00413	0.00412	0.00495	0.00731
1	0.01010	0.08420	0.55958	0.07592	0.11554	0.01162	0.01597	0.01477	0.01039	0.01502	0.03730	0.01140	0.00780	0.00474	0.00457	0.00149	0.00661	0.00384	0.00222	0.00692
2	0.01183	0.01214	0.04604	0.26118	0.44696	0.07352	0.01388	0.04935	0.01135	0.01515	0.00894	0.01194	0.00717	0.00461	0.00477	0.00148	0.00623	0.00420	0.00243	0.00684
3	0.17970	0.01675	0.30239	0.01306	0.04503	0.05954	0.07789	0.04941	0.01015	0.01634	0.00799	0.01013	0.00627	0.00543	0.00678	0.00164	0.17899	0.00375	0.00245	0.00631
4	0.01021	0.00756	0.00919	0.00830	0.01005	0.00817	0.00644	0.23112	0.04204	0.01893	0.17014	0.16749	0.02137	0.01743	0.24462	0.00345	0.00649	0.00724	0.00421	0.00555
5	0.00682	0.00487	0.00611	0.00630	0.00738	0.00443	0.00467	0.00844	0.01165	0.03767	0.32652	0.26600	0.20968	0.01211	0.00590	0.00173	0.00269	0.06780	0.00486	0.00438
6	0.01143	0.18117	0.26336	0.00961	0.01332	0.01041	0.00995	0.01417	0.07003	0.09524	0.01016	0.01233	0.00812	0.00844	0.00861	0.25619	0.00530	0.00385	0.00271	0.00562
7	0.00861	0.00724	0.01062	0.01413	0.24337	0.00730	0.00822	0.01173	0.10510	0.01453	0.02055	0.42610	0.02238	0.01077	0.00566	0.00179	0.00394	0.06848	0.00392	0.00554
8	0.00582	0.00471	0.00518	0.00550	0.00672	0.00406	0.00396	0.00698	0.01062	0.01312	0.07096	0.27794	0.54142	0.01305	0.00586	0.00173	0.00255	0.01123	0.00453	0.00406
9	0.42938	0.00995	0.00997	0.00808	0.01150	0.01066	0.00667	0.18470	0.01309	0.25571	0.01149	0.01125	0.00791	0.00523	0.00396	0.00149	0.00421	0.00367	0.00429	0.00679
10	0.00975	0.00862	0.01289	0.04375	0.20864	0.00995	0.03647	0.01123	0.00866	0.01270	0.01064	0.01798	0.01055	0.25090	0.01398	0.00260	0.25148	0.00517	0.06886	0.00518
11	0.00692	0.00519	0.00779	0.00779	0.00865	0.00606	0.00606	0.00865	0.00779	0.01125	0.01298	0.01904	0.01211	0.03634	0.81049	0.00779	0.01298	0.00519	0.00260	0.00433
12	0.01131	0.00747	0.00864	0.00797	0.01029	0.00753	0.00640	0.01688	0.26355	0.17161	0.02941	0.03292	0.24916	0.00940	0.00548	0.00172	0.00360	0.14559	0.00493	0.00614
13	0.01296	0.83261	0.02539	0.00829	0.01244	0.01917	0.00829	0.01451	0.00985	0.01140	0.00674	0.00777	0.00622	0.00415	0.00311	0.00104	0.00518	0.00259	0.00207	0.00622
14	0.01849	0.01346	0.01447	0.01109	0.01497	0.01485	0.00916	0.76657	0.02259	0.04756	0.01180	0.01174	0.00832	0.00582	0.00485	0.00146	0.00531	0.00437	0.00487	0.00824
15	0.01180	0.01152	0.02094	0.01503	0.01963	0.01043	0.44585	0.07432	0.01193	0.03776	0.00980	0.01206	0.00749	0.00411	0.00493	0.00132	0.00633	0.00465	0.00287	0.28724
16	0.01289	0.81532	0.04208	0.00841	0.01262	0.01901	0.00850	0.01453	0.00985	0.01149	0.00678	0.00783	0.00622	0.00416	0.00314	0.00105	0.00522	0.00261	0.00207	0.00624
17	0.01986	0.01127	0.01311	0.01005	0.01388	0.01160	0.00831	0.45411	0.01892	0.36519	0.01488	0.01374	0.00987	0.00590	0.00486	0.00147	0.00481	0.00458	0.00535	0.00824
18	0.41800	0.00906	0.01099	0.41671	0.02160	0.01089	0.00946	0.02593	0.00922	0.01716	0.00777	0.01049	0.00591	0.00470	0.00396	0.00156	0.00515	0.00350	0.00260	0.00537
19	0.00700	0.00490	0.00615	0.00584	0.00702	0.00453	0.00438	0.00920	0.01314	0.01880	0.65708	0.03511	0.10067	0.00965	0.00547	0.00149	0.00230	0.00843	0.09431	0.00453
20	0.00915	0.00861	0.01453	0.81804	0.03338	0.01077	0.01346	0.01238	0.00969	0.01238	0.00861	0.01292	0.00646	0.00484	0.00484	0.00161	0.00646	0.00431	0.00215	0.00538
21	0.02174	0.00825	0.01125	0.00862	0.01237	0.00712	0.00712	0.02362	0.01387	0.80282	0.01912	0.01649	0.01200	0.00600	0.00487	0.00150	0.00412	0.00487	0.00600	0.00825
22	0.01141	0.01298	0.02810	0.02015	0.02488	0.01235	0.75433	0.01539	0.01129	0.01539	0.00968	0.01298	0.00732	0.00424	0.00608	0.00165	0.03718	0.00567	0.00244	0.00649
23	0.02134	0.00890	0.01165	0.00893	0.01269	0.00809	0.00738	0.11612	0.01496	0.70878	0.01821	0.01590	0.01154	0.00598	0.00487	0.00149	0.00427	0.00481	0.00586	0.00825
24	0.00621	0.00450	0.00537	0.00593	0.00641	0.00419	0.00386	0.00688	0.00899	0.01164	0.02800	0.42791	0.18773	0.25605	0.01157	0.00271	0.00330	0.01104	0.00404	0.00367
25	0.01138	0.01212	0.01446	0.43191	0.02394	0.17526	0.01184	0.01361	0.00989	0.01208	0.00776	0.01143	0.00639	0.00588	0.00779	0.00168	0.23092	0.00405	0.00221	0.00541
26	0.01915	0.01194	0.01348	0.01036	0.01415	0.01264	0.00855	0.55736	0.02013	0.24662	0.02712	0.01341	0.00993	0.00594	0.00487	0.00147	0.00494	0.00458	0.00518	0.00818
27	0.00632	0.00482	0.00591	0.00662	0.00762	0.00441	0.00504	0.00766	0.01041	0.01318	0.03474	0.34099	0.31488	0.01365	0.00614	0.00191	0.00310	0.20397	0.00449	0.00413
28	0.00590	0.00422	0.00562	0.00675	0.00703	0.00394	0.00450	0.00675	0.00928	0.01237	0.02671	0.82653	0.03205	0.01518	0.00619	0.00197	0.00281	0.01378	0.00450	0.00394
29	0.01201	0.01056	0.00961	0.00876	0.01106	0.11931	0.00674	0.03132	0.45615	0.01847	0.01803	0.01773	0.04090	0.00633	0.00451	0.00146	0.00410	0.00508	0.21138	0.00650
30	0.00625	0.00447	0.00602	0.00714	0.00758	0.00424	0.00510	0.00735	0.00962	0.01276	0.02652	0.68580	0.03129	0.01485	0.00628	0.00202	0.00311	0.15108	0.00449	0.00403
31	0.79821	0.00970	0.00770	0.00674	0.00981	0.01119	0.00556	0.07402	0.00938	0.02243	0.00713	0.00816	0.00548	0.00460	0.00314	0.00150	0.00387	0.00276	0.00314	0.00548
32	0.04111	0.08039	0.53366	0.01479	0.12797	0.01135	0.01518	0.01453	0.01004	0.01499	0.00915	0.02342	0.00719	0.00716	0.06712	0.00198	0.00708	0.00386	0.00221	0.00682
33	0.00937	0.00884	0.01493	0.75678	0.09292	0.01082	0.01357	0.01258	0.00979	0.01265	0.00865	0.01285	0.00655	0.00480	0.00484	0.00160	0.00641	0.00431	0.00217	0.00556
34	0.70977	0.01014	0.00848	0.00724	0.01040	0.01163	0.00597	0.15446	0.01090	0.02335	0.00764	0.00856	0.00579	0.00474	0.00334	0.00149	0.00404	0.00294	0.00334	0.00579
35	0.01313	0.00792	0.00933	0.00773	0.01030	0.00773	0.00617	0.20852	0.01547	0.20959	0.24731	0.02750	0.19200	0.00844	0.00530	0.00152	0.00354	0.00703	0.00519	0.00628
36	0.00998	0.01194	0.10819	0.01263	0.02889	0.08243	0.19582	0.01328	0.05865	0.01463	0.09249	0.15117	0.04600	0.00892	0.03538	0.00191	0.09867	0.02008	0.00326	0.00564
37	0.00589	0.00426	0.00558	0.00664	0.00700	0.00395	0.00445	0.00676	0.00938	0.01241	0.02804	0.78032	0.07740	0.01501	0.00616	0.00195	0.00279	0.01357	0.00450	0.00395
38	0.01320	0.00978	0.01125	0.00828	0.01243	0.00860	0.00672	0.20053	0.01351	0.09467	0.01035	0.01105	0.00790	0.00436	0.00402	0.00097	0.00406	0.00342	0.00365	0.57124
39	0.01351	0.00921	0.01249	0.00910	0.01331	0.00761	0.08743	0.04928	0.01172	0.21460	0.01152	0.01206	0.00846	0.00435	0.00419	0.00104	0.00428	0.00374	0.00370	0.51843
40	0.01389	0.04091	0.01214	0.03859	0.02639	0.07047	0.00787	0.32385	0.10729	0.05285	0.22134	0.01930	0.03020	0.00691	0.00500	0.00147	0.00456	0.00561	0.00461	0.00676
41	0.00592	0.00438	0.00555	0.00647	0.00702	0.00401	0.00444	0.00687	0.00965	0.01256	0.03076	0.66376	0.17150	0.01460	0.00612	0.00191	0.00279	0.03320	0.00450	0.00398
42	0.00692	0.00519	0.00779	0.00779	0.00865	0.00606	0.00606	0.00865	0.00779	0.01125	0.01298	0.01904	0.01211	0.03634	0.81049	0.00779	0.01298	0.00519	0.00260	0.00433
43	0.01347	0.01118	0.01695	0.03705	0.24518	0.01107	0.13271	0.19139	0.01359	0.07429	0.01058	0.01277	0.00828	0.03418	0.00567	0.00149	0.02081	0.00444	0.00331	0.15159
44	0.00915	0.00861	0.01453	0.81804	0.03338	0.01077	0.01346	0.01238	0.00969	0.01238	0.00861	0.01292	0.00646	0.00484	0.00484	0.00161	0.00646	0.00431	0.00215	0.00538
45	0.02086	0.00805	0.01096	0.00847	0.01207	0.00697	0.00697	0.02276	0.01386	0.75640	0.06520	0.01766	0.01399	0.00623	0.00492	0.00150	0.00401	0.00510	0.00596	0.00803
46	0.00812	0.00871	0.15166	0.00724	0.00954	0.00605	0.00682	0.01142	0.04049	0.01838	0.42883	0.02625	0.02902	0.00775	0.00490	0.00143	0.00322	0.00663	0.21839	0.00514
47	0.05510	0.15271	0.31632	0.01321	0.11248	0.01216	0.01241	0.08794	0.02304	0.13072	0.03283	0.01182	0.00860	0.00498	0.00440	0.00143	0.00569	0.00390	0.00311	0.00716
48	0.01965	0.01053	0.01264	0.01073	0.05978	0.04600	0.00822	0.20748	0.05903	0.48932	0.01621	0.01478	0.01072	0.00584	0.00484	0.00148	0.00471	0.00467	0.00529	0.00806
49	0.00674	0.00481	0.00658	0.00770	0.00835	0.00466	0.00595	0.00819	0.01010	0.01331	0.02625	0.48770	0.03022	0.01439	0.00641	0.00208	0.00354	0.34436	0.00448	0.00417
50	0.01212	0.01203	0.06161	0.05197	0.47961	0.01163	0.06398	0.03773	0.16964	0.03373	0.01155	0.01332	0.00908	0.00487	0.00488	0.00151	0.00558	0.00462	0.00303	0.00751
51	0.01296	0.83261	0.02539	0.00829	0.01244	0.01917	0.00829	0.01451	0.00985	0.01140	0.00674	0.00777	0.00622	0.00415	0.00311	0.00104	0.00518	0.00259	0.00207	0.00622
52	0.01296	0.83261	0.02539	0.00829	0.01244	0.01917	0.00829	0.01451	0.00985	0.01140	0.00674	0.00777	0.00622	0.00415	0.00311	0.00104	0.00518	0.00259	0.00207	0.00622
53	0.00692	0.00519	0.00779	0.00779	0.00865	0.00606	0.00606	0.00865	0.00779	0.01125	0.01298	0.01904	0.01211	0.03634	0.81049	0.00779	0.01298	0.00519	0.00260	0.00433
54	0.00972	0.02507	0.80458	0.01381	0.02097	0.01125	0.01790	0.01535	0.01023	0.01535	0.00870	0.01023	0.00614	0.00460	0.00460	0.00153	0.00716	0.00358	0.00205	0.00716
55	0.00913	0.00471	0.00473	0.00469	0.00588	0.00477	0.00353	0.01177	0.03592	0.01814	0.01594	0.01807	0.01250	0.00568	0.00344	0.00115	0.00231	0.00455	0.82849	0.00462
56	0.07347	0.00530	0.00653	0.00612	0.00741	0.00506	0.00462	0.00954	0.01329	0.01961	0.73549	0.03400	0.04258	0.00949	0.00550	0.00152	0.00240	0.00829	0.00515	0.00462
57	0.00915	0.00861	0.01453	0.81804	0.03338	0.01077	0.01346	0.01238	0.00969	0.01238	0.00861	0.01292	0.00646	0.00484	0.00484	0.00161	0.00646	0.00431	0.00215	0.00538
58	0.01125	0.01078	0.01868	0.09496	0.61409	0.01090	0.06474	0.01411	0.01086	0.01529	0.01060	0.05612	0.00951	0.00522	0.00500	0.00152	0.00578	0.03092	0.00256	0.00710
59	0.00983	0.02427	0.75322	0.01425	0.02126	0.01132	0.06847	0.01536	0.01031	0.01536	0.00877	0.01042	0.00622	0.00457	0.00468	0.00154	0.00723	0.00372	0.00207	0.00712
60	0.02174	0.00825	0.01125	0.00862	0.01237	0.00712	0.00712	0.02362	0.01387	0.80282	0.01912	0.01649	0.01200	0.00600	0.00487	0.00150	0.00412	0.00487	0.00600	0.00825
61	0.00589	0.00427	0.00557	0.00660	0.00699	0.00395	0.00443	0.00676	0.00942	0.01243	0.02845	0.76592	0.09154	0.01496	0.00615	0.00194	0.00278	0.01350	0.00450	0.00395
62	0.01185	0.01333	0.02087	0.28702	0.02588	0.15581	0.36667	0.01507	0.01117	0.01372	0.00891	0.01218	0.00683	0.00460	0.00541	0.00157	0.02605	0.00474	0.00235	0.00595
63	0.00647	0.00468	0.00622	0.00727	0.00779	0.00451	0.00524	0.00800	0.03495	0.01304	0.02628	0.65218	0.03069	0.01456	0.00624	0.00201	0.00316	0.15806	0.00451	0.00416
64	0.00682	0.00501	0.00643	0.00625	0.00745	0.00462	0.00480	0.00897	0.01312	0.01815	0.62528	0.03940	0.13529	0.01056	0.00582	0.00161	0.00253	0.08824	0.00514	0.00450
65	0.00733	0.00528	0.00663	0.00650	0.00673	0.00581	0.00434	0.00791	0.00744	0.01040	0.01457	0.06350	0.01598	0.52534	0.19085	0.00490	0.07579	0.00664	0.03052	0.00353
66	0.00930	0.01501	0.33190	0.01319	0.01758	0.00926	0.18503	0.01331	0.01109	0.01554	0.08883	0.02576	0.01626	0.00745	0.00554	0.00175	0.00617	0.21787	0.00313	0.00602
67	0.00588	0.00431	0.00553	0.00651	0.00697	0.00396	0.00439	0.00677	0.00951	0.01246	0.02961	0.72541	0.13129	0.01480	0.00613	0.00193	0.00277	0.01332	0.00450	0.00396
68	0.70977	0.01014	0.00848	0.00724	0.01040	0.01163	0.00597	0.15446	0.01090	0.02335	0.00764	0.00856	0.00579	0.00474	0.00334	0.00149	0.00404	0.00294	0.00334	0.00579
69	0.01101	0.01200	0.01254	0.01056	0.01291	0.24551	0.14768	0.01352	0.04104	0.01526	0.24551	0.04472	0.15195	0.00779	0.00530	0.00150	0.00537	0.00678	0.00379	0.00526
70	0.01073	0.00950	0.01380	0.53112	0.07362	0.02691	0.01175	0.09660	0.08852	0.01563	0.01069	0.02454	0.00823	0.00528	0.00478	0.00156	0.00580	0.00455	0.05040	0.00599
71	0.01060	0.01060	0.01484	0.01272	0.01272	0.01484	0.01060	0.01166	0.00742	0.01166	0.00636	0.01060	0.00636	0.00848	0.01590	0.00212	0.82082	0.00424	0.00212	0.00530
72	0.01063	0.00898	0.01035	0.00751	0.01174	0.00718	0.00602	0.05935	0.03869	0.01684	0.00919	0.01043	0.00751	0.00383	0.00371	0.00080	0.00370	0.00305	0.00306	0.77741
73	0.01148	0.46378	0.38127	0.01081	0.01634	0.01556	0.01268	0.01489	0.01002	0.01320	0.00763	0.00890	0.00618	0.00436	0.00379	0.00126	0.00609	0.00304	0.00206	0.00665
74	0.00911	0.01139	0.17161	0.01098	0.01295	0.01035	0.04098	0.01145	0.00841	0.01272	0.00988	0.01446	0.00890	0.04896	0.25195	0.00373	0.29936	0.00458	0.05292	0.00529
75	0.00722	0.00562	0.00673	0.00726	0.00843	0.02312	0.00578	0.02514	0.01128	0.01442	0.10362	0.21185	0.23348	0.01279	0.00615	0.00191	0.00349	0.30281	0.00453	0.00437
76	0.00589	0.00496	0.00512	0.00517	0.00671	0.00424	0.00384	0.00735	0.02559	0.01334	0.06682	0.10354	0.70614	0.01232	0.00575	0.00166	0.00250	0.01036	0.00453	0.00416
77	0.04646	0.04003	0.01478	0.06450	0.30779	0.04382	0.01030	0.10376	0.04565	0.06543	0.02789	0.06239	0.01026	0.00543	0.00459	0.00137	0.00502	0.00469	0.00327	0.13255
78	0.05888	0.00723	0.00818	0.00729	0.00915	0.00746	0.00563	0.18858	0.03150	0.03762	0.31706	0.13781	0.04341	0.00878	0.00511	0.00153	0.00322	0.00747	0.10862	0.00550

[dist]
# distance from previous block
# <min> <max>
0	5

[block]
# block no. 6 follows, 52 sequences, length 29
# corresponding to MSA columns:
# 883-911
name=unknown_G
#
# <colnr> <probs for GDERKNQSTAVLIFYWHMCP>
#	G	D	E	R	K	N	Q	S	T	A	V	L	I	F	Y	W	H	M	C	P
0	0.01080	0.20446	0.29060	0.01352	0.01837	0.01305	0.21559	0.01471	0.02778	0.01469	0.07129	0.01268	0.00983	0.00507	0.00536	0.00148	0.05735	0.00441	0.00249	0.00647
1	0.01179	0.04759	0.40118	0.01473	0.02026	0.07547	0.21095	0.09736	0.01218	0.01657	0.00979	0.01264	0.00753	0.00496	0.00493	0.00154	0.00718	0.03392	0.00258	0.00686
2	0.01043	0.16847	0.62135	0.01372	0.06322	0.01268	0.01602	0.01517	0.01021	0.01467	0.00837	0.00989	0.00624	0.00451	0.00435	0.00144	0.00673	0.00345	0.00207	0.00702
3	0.00665	0.00506	0.00623	0.00662	0.00778	0.00470	0.00514	0.00854	0.02716	0.01485	0.20328	0.19587	0.27801	0.01247	0.00604	0.00182	0.00301	0.19775	0.00468	0.00433
4	0.00915	0.00861	0.01453	0.81804	0.03338	0.01077	0.01346	0.01238	0.00969	0.01238	0.00861	0.01292	0.00646	0.00484	0.00484	0.00161	0.00646	0.00431	0.00215	0.00538
5	0.00653	0.00466	0.00634	0.00746	0.00801	0.00447	0.00558	0.00783	0.00989	0.01307	0.02637	0.57381	0.03069	0.01459	0.00635	0.00205	0.00335	0.26034	0.00449	0.00411
6	0.00582	0.00491	0.00504	0.00501	0.00660	0.00413	0.00375	0.00713	0.01126	0.01360	0.10955	0.04579	0.73672	0.01208	0.00573	0.00163	0.00244	0.01011	0.00457	0.00413
7	0.01296	0.83261	0.02539	0.00829	0.01244	0.01917	0.00829	0.01451	0.00985	0.01140	0.00674	0.00777	0.00622	0.00415	0.00311	0.00104	0.00518	0.00259	0.00207	0.00622
8	0.01835	0.32615	0.01670	0.00849	0.01240	0.01177	0.00757	0.02011	0.01232	0.49762	0.01434	0.01313	0.00977	0.00528	0.00419	0.00132	0.00453	0.00399	0.00448	0.00746
9	0.02174	0.00825	0.01125	0.00862	0.01237	0.00712	0.00712	0.02362	0.01387	0.80282	0.01912	0.01649	0.01200	0.00600	0.00487	0.00150	0.00412	0.00487	0.00600	0.00825
10	0.00705	0.00470	0.00529	0.00529	0.00529	0.00470	0.00294	0.00705	0.00705	0.00940	0.01527	0.03171	0.01762	0.82969	0.02467	0.00470	0.00470	0.00705	0.00294	0.00294
11	0.40545	0.01096	0.01072	0.00864	0.01210	0.01210	0.00713	0.33299	0.01498	0.12683	0.01037	0.01055	0.00736	0.00524	0.00401	0.00148	0.00445	0.00363	0.00415	0.00687
12	0.01182	0.01136	0.01922	0.05557	0.72920	0.01168	0.01458	0.01461	0.01079	0.01548	0.00894	0.01195	0.00756	0.00457	0.00542	0.00148	0.05161	0.00431	0.00237	0.00746
13	0.00661	0.00494	0.00613	0.00584	0.00709	0.00447	0.00438	0.00866	0.01313	0.01804	0.63232	0.03850	0.21118	0.01043	0.00572	0.00155	0.00232	0.00909	0.00515	0.00447
14	0.00903	0.00452	0.00452	0.00452	0.00565	0.00452	0.00339	0.01129	0.01016	0.01807	0.01581	0.01807	0.01242	0.00565	0.00339	0.00113	0.00226	0.00452	0.85659	0.00452
15	0.15345	0.01666	0.24858	0.01111	0.01572	0.06780	0.01105	0.33207	0.01553	0.06845	0.01012	0.01069	0.00721	0.00519	0.00444	0.00147	0.00579	0.00379	0.00362	0.00725
16	0.02126	0.00868	0.01147	0.00883	0.01257	0.00782	0.00729	0.07804	0.03450	0.72741	0.01860	0.01619	0.01180	0.00600	0.00487	0.00150	0.00420	0.00485	0.00589	0.00823
17	0.00618	0.00476	0.00570	0.00636	0.00722	0.00439	0.00449	0.00774	0.04279	0.01302	0.03377	0.50466	0.28415	0.01379	0.00600	0.00186	0.00280	0.04164	0.00452	0.00416
18	0.01025	0.00569	0.00582	0.00538	0.00686	0.00588	0.00414	0.11157	0.01180	0.01969	0.01527	0.01723	0.01188	0.00567	0.00358	0.00117	0.00266	0.00450	0.74596	0.00500
19	0.01296	0.83261	0.02539	0.00829	0.01244	0.01917	0.00829	0.01451	0.00985	0.01140	0.00674	0.00777	0.00622	0.00415	0.00311	0.00104	0.00518	0.00259	0.00207	0.00622
20	0.00590	0.00422	0.00562	0.00675	0.00703	0.00394	0.00450	0.00675	0.00928	0.01237	0.02671	0.82653	0.03205	0.01518	0.00619	0.00197	0.00281	0.01378	0.00450	0.00394
21	0.01803	0.01319	0.01412	0.01087	0.01464	0.01459	0.00897	0.75101	0.02226	0.03002	0.01181	0.01190	0.00842	0.00581	0.00479	0.00144	0.00520	0.00437	0.04048	0.00809
22	0.00673	0.00499	0.00645	0.00725	0.00823	0.00471	0.00575	0.00833	0.01070	0.01380	0.07002	0.28204	0.20015	0.01350	0.00628	0.00199	0.00342	0.33692	0.00453	0.00423
23	0.01271	0.01488	0.02434	0.01812	0.02209	0.17438	0.55549	0.01595	0.01154	0.01443	0.00902	0.01197	0.00704	0.00467	0.00636	0.00160	0.08168	0.00506	0.00243	0.00624
24	0.00598	0.00492	0.00526	0.00518	0.00670	0.00420	0.00388	0.00745	0.01165	0.01452	0.21745	0.04429	0.62825	0.01174	0.00572	0.00161	0.00242	0.00990	0.00469	0.00420
25	0.00915	0.00861	0.01453	0.81804	0.03338	0.01077	0.01346	0.01238	0.00969	0.01238	0.00861	0.01292	0.00646	0.00484	0.00484	0.00161	0.00646	0.00431	0.00215	0.00538
26	0.01040	0.00805	0.00912	0.00824	0.01038	0.00872	0.00636	0.01879	0.43076	0.05937	0.34057	0.02548	0.02742	0.00792	0.00525	0.00159	0.00321	0.00680	0.00515	0.00642
27	0.00874	0.00869	0.01681	0.01344	0.01585	0.00841	0.36596	0.01110	0.01018	0.01380	0.01771	0.40277	0.01913	0.00965	0.00652	0.00182	0.05130	0.00950	0.00341	0.00522
28	0.02128	0.00814	0.01110	0.00854	0.01221	0.00704	0.00704	0.02316	0.01387	0.77823	0.04353	0.01711	0.01305	0.00612	0.00490	0.00150	0.00407	0.00500	0.00598	0.00813

[dist]
# distance from previous block
# <min> <max>
0	3

[block]
# block no. 7 follows, 52 sequences, length 289
# corresponding to MSA columns:
# 915-1203
name=unknown_H
#
# <colnr> <probs for GDERKNQSTAVLIFYWHMCP>
#	G	D	E	R	K	N	Q	S	T	A	V	L	I	F	Y	W	H	M	C	P
0	0.00703	0.00503	0.00643	0.00749	0.00787	0.00460	0.00498	0.00758	0.00996	0.01339	0.02747	0.81455	0.03264	0.01571	0.00661	0.00215	0.00320	0.01396	0.00483	0.00451
