[name]
unknown

[dist]
# distance from previous block
# <min> <max>
7	361

[block]
# block no. 0 follows, 50 sequences, length 13
# corresponding to MSA columns:
# 383-395
name=unknown_A
#
# <colnr> <probs for GDERKNQSTAVLIFYWHMCP>
#	G	D	E	R	K	N	Q	S	T	A	V	L	I	F	Y	W	H	M	C	P
0	0.00985	0.00541	0.00682	0.00664	0.00755	0.00507	0.00447	0.01063	0.00971	0.16696	0.05846	0.28260	0.02316	0.36338	0.01429	0.00312	0.00397	0.00911	0.00428	0.00451
1	0.00721	0.00481	0.00649	0.00672	0.00706	0.00504	0.00457	0.00758	0.00782	0.01071	0.01614	0.18244	0.01773	0.28302	0.26659	0.14484	0.00705	0.00754	0.00309	0.00354
2	0.00655	0.00466	0.00559	0.00607	0.00648	0.00441	0.00389	0.00721	0.00912	0.01198	0.06235	0.37331	0.13080	0.32883	0.01365	0.00305	0.00357	0.01074	0.00404	0.00370
3	0.01071	0.00652	0.00838	0.00766	0.00860	0.00693	0.00559	0.01161	0.00951	0.16703	0.04125	0.13161	0.03747	0.33486	0.01523	0.00304	0.13737	0.02628	0.02554	0.00480
4	0.00936	0.00603	0.00756	0.00696	0.00889	0.00515	0.00517	0.01094	0.01134	0.12568	0.15090	0.32273	0.12121	0.01066	0.00551	0.00158	0.00311	0.00936	0.00466	0.17322
5	0.00798	0.13999	0.00876	0.00587	0.00690	0.00715	0.00408	0.00849	0.00853	0.01076	0.02115	0.03161	0.16925	0.52942	0.01788	0.00359	0.00446	0.00714	0.00319	0.00381
6	0.01237	0.00757	0.00912	0.00779	0.00997	0.00746	0.00604	0.16414	0.03317	0.17009	0.33004	0.06798	0.07504	0.06806	0.00696	0.00182	0.00359	0.00750	0.00523	0.00606
7	0.03493	0.00941	0.00856	0.00807	0.00986	0.16358	0.00599	0.01346	0.03365	0.14278	0.11720	0.23646	0.14492	0.04055	0.00622	0.00177	0.00432	0.00848	0.00449	0.00533
8	0.00691	0.00514	0.00757	0.00780	0.00857	0.00580	0.00591	0.00851	0.00831	0.01180	0.01615	0.17825	0.01652	0.03308	0.64705	0.00683	0.01128	0.00709	0.00306	0.00437
9	0.01944	0.01500	0.01424	0.01131	0.01500	0.17030	0.00915	0.50371	0.02009	0.15333	0.01239	0.01220	0.00870	0.00585	0.00489	0.00146	0.00597	0.00432	0.00470	0.00794
10	0.15036	0.00991	0.00857	0.00836	0.01000	0.16460	0.00615	0.04761	0.03198	0.05287	0.05626	0.37346	0.02096	0.02912	0.00571	0.00179	0.00449	0.00860	0.00407	0.00514
11	0.00887	0.00656	0.00766	0.00726	0.00863	0.00661	0.00531	0.13503	0.04982	0.01781	0.22875	0.25795	0.11467	0.11200	0.00825	0.00211	0.00342	0.00954	0.00474	0.00502
12	0.01018	0.16794	0.01076	0.00757	0.00923	0.00769	0.00584	0.01137	0.01043	0.14131	0.02213	0.52852	0.02432	0.01182	0.00551	0.00176	0.00360	0.01039	0.00439	0.00524

[dist]
# distance from previous block
# <min> <max>
4	8

[block]
# block no. 1 follows, 50 sequences, length 9
# corresponding to MSA columns:
# 404-412
name=unknown_B
#
# <colnr> <probs for GDERKNQSTAVLIFYWHMCP>
#	G	D	E	R	K	N	Q	S	T	A	V	L	I	F	Y	W	H	M	C	P
0	0.00709	0.00881	0.15617	0.00765	0.00990	0.00572	0.00706	0.00946	0.01163	0.01581	0.27446	0.23057	0.21460	0.01110	0.00579	0.00171	0.00348	0.00965	0.00443	0.00493
1	0.00715	0.00523	0.00747	0.00747	0.00817	0.00593	0.00555	0.00855	0.00785	0.01117	0.01385	0.02234	0.01366	0.20383	0.64026	0.00734	0.01155	0.00574	0.00274	0.00415
2	0.00718	0.00580	0.00778	0.15874	0.01234	0.00577	0.00618	0.00941	0.01256	0.01679	0.43565	0.03570	0.24777	0.00988	0.00571	0.00162	0.00321	0.00857	0.00463	0.00472
3	0.17214	0.01153	0.01649	0.01336	0.01514	0.04389	0.17132	0.01355	0.00893	0.01479	0.00762	0.01110	0.00671	0.00772	0.03487	0.00210	0.43626	0.00435	0.00245	0.00569
4	0.00755	0.00510	0.00751	0.00751	0.00825	0.00577	0.00569	0.00862	0.00788	0.01147	0.01265	0.01868	0.01176	0.03156	0.60491	0.16803	0.01094	0.00510	0.05699	0.00403
5	0.00973	0.00989	0.00978	0.03318	0.12659	0.17472	0.00731	0.01120	0.01138	0.01353	0.04599	0.28580	0.22053	0.01053	0.00558	0.00168	0.00462	0.00906	0.00383	0.00509
6	0.00852	0.00710	0.01072	0.12375	0.21728	0.00730	0.00821	0.01003	0.00946	0.01279	0.01741	0.24470	0.04110	0.24653	0.01131	0.00264	0.00476	0.00815	0.00326	0.00497
7	0.17486	0.01300	0.01148	0.01007	0.01306	0.13713	0.00791	0.12648	0.41182	0.02123	0.01464	0.01419	0.01105	0.00600	0.00459	0.00157	0.00493	0.00454	0.00429	0.00717
8	0.01316	0.01274	0.01300	0.01418	0.17760	0.15941	0.00921	0.11601	0.23238	0.01823	0.02028	0.02019	0.15826	0.00698	0.00508	0.00154	0.00524	0.00571	0.00396	0.00687

[dist]
# distance from previous block
# <min> <max>
0	14

[block]
# block no. 2 follows, 50 sequences, length 15
# corresponding to MSA columns:
# 427-441
name=unknown_C
#
# <colnr> <probs for GDERKNQSTAVLIFYWHMCP>
#	G	D	E	R	K	N	Q	S	T	A	V	L	I	F	Y	W	H	M	C	P
0	0.04950	0.14494	0.01504	0.44961	0.02374	0.03208	0.01083	0.01299	0.02522	0.01356	0.06646	0.01453	0.01027	0.00868	0.08769	0.00221	0.02002	0.00448	0.00259	0.00555
1	0.01050	0.04958	0.19712	0.13416	0.01753	0.00925	0.06654	0.01359	0.01103	0.09588	0.10205	0.13423	0.01637	0.00802	0.02109	0.00176	0.03272	0.02669	0.00345	0.04846
2	0.01402	0.01051	0.03242	0.01100	0.01529	0.00913	0.15481	0.05904	0.09241	0.19492	0.01290	0.01339	0.00939	0.00482	0.00465	0.00126	0.00493	0.00436	0.00391	0.34683
3	0.01502	0.13710	0.01451	0.01007	0.01337	0.02699	0.00839	0.34911	0.16718	0.04630	0.01497	0.06393	0.01253	0.00696	0.00489	0.00154	0.00487	0.05974	0.02148	0.02106
4	0.01513	0.03619	0.03577	0.09774	0.07989	0.26944	0.01036	0.13333	0.01349	0.07323	0.01078	0.06992	0.00925	0.00648	0.00642	0.00157	0.11662	0.00472	0.00323	0.00643
5	0.00662	0.00501	0.00615	0.00633	0.00749	0.00454	0.00476	0.00836	0.01215	0.01613	0.34450	0.18919	0.26829	0.01231	0.00608	0.00176	0.00274	0.08822	0.00497	0.00442
6	0.00858	0.00498	0.00667	0.00724	0.00807	0.00455	0.00504	0.00961	0.01027	0.13340	0.02627	0.69779	0.02979	0.01416	0.00615	0.00195	0.00310	0.01276	0.00486	0.00473
7	0.00761	0.00598	0.00913	0.00845	0.00939	0.00662	0.06131	0.00909	0.00807	0.01141	0.01350	0.02221	0.01337	0.23673	0.52099	0.00655	0.03672	0.00584	0.00273	0.00428
8	0.01851	0.02143	0.01497	0.01302	0.01590	0.66482	0.06490	0.02007	0.01397	0.09376	0.00912	0.01014	0.00712	0.00518	0.00465	0.00134	0.00845	0.00359	0.00294	0.00613
9	0.02051	0.00854	0.01138	0.00864	0.01258	0.00722	0.00711	0.02249	0.01366	0.67705	0.01800	0.01595	0.01158	0.00579	0.00481	0.00142	0.00416	0.00470	0.00567	0.13876
10	0.01405	0.01256	0.01213	0.01063	0.01360	0.09492	0.00831	0.14128	0.58781	0.02158	0.01770	0.01658	0.01327	0.00647	0.00500	0.00162	0.00470	0.00521	0.00480	0.00776
11	0.01108	0.01081	0.01913	0.34874	0.39535	0.01162	0.10232	0.01433	0.01083	0.01480	0.00925	0.01285	0.00735	0.00463	0.00506	0.00158	0.00650	0.00460	0.00237	0.00680
12	0.01677	0.01324	0.01296	0.01049	0.01352	0.11700	0.00836	0.51528	0.01886	0.02465	0.01114	0.01244	0.00848	0.00761	0.00707	0.13275	0.00559	0.00430	0.05255	0.00693
13	0.01365	0.01268	0.01401	0.12825	0.01732	0.15590	0.07738	0.20739	0.04282	0.03130	0.01297	0.13643	0.01168	0.00684	0.00524	0.00152	0.01896	0.00575	0.00363	0.09629
14	0.00644	0.00496	0.00598	0.00663	0.00772	0.00450	0.00504	0.00780	0.01077	0.01354	0.03720	0.31248	0.36075	0.01390	0.00628	0.00194	0.00312	0.18209	0.00462	0.00424

[dist]
# distance from previous block
# <min> <max>
5	39

[block]
# block no. 3 follows, 50 sequences, length 92
# corresponding to MSA columns:
# 481-572
name=unknown_D
#
# <colnr> <probs for GDERKNQSTAVLIFYWHMCP>
#	G	D	E	R	K	N	Q	S	T	A	V	L	I	F	Y	W	H	M	C	P
0	0.03352	0.01060	0.01643	0.15177	0.41766	0.01103	0.01250	0.07197	0.04763	0.11980	0.01214	0.05187	0.00979	0.00551	0.00499	0.00156	0.00550	0.00500	0.00333	0.00739
1	0.12833	0.01867	0.01292	0.01141	0.01429	0.48252	0.00878	0.11669	0.11030	0.03588	0.01000	0.01064	0.00778	0.00540	0.00446	0.00140	0.00713	0.00365	0.00334	0.00640
2	0.09614	0.00982	0.01274	0.01229	0.14048	0.00921	0.02582	0.04980	0.09059	0.23951	0.01314	0.01331	0.00953	0.00503	0.00446	0.00131	0.00444	0.00416	0.00409	0.25415
3	0.15340	0.01203	0.01304	0.01021	0.01398	0.03332	0.02657	0.39808	0.05060	0.20074	0.01302	0.01268	0.00904	0.00572	0.00467	0.00150	0.00500	0.00433	0.00478	0.02729
4	0.01665	0.01984	0.01867	0.01510	0.01852	0.50034	0.23326	0.08895	0.01430	0.01508	0.00879	0.01057	0.00694	0.00494	0.00495	0.00142	0.00849	0.00411	0.00278	0.00630
5	0.00611	0.00439	0.00573	0.00679	0.00714	0.00409	0.00453	0.00696	0.00955	0.01265	0.02819	0.75362	0.07050	0.04533	0.00704	0.00211	0.00295	0.01373	0.00457	0.00402
6	0.01118	0.00936	0.01079	0.00779	0.01217	0.00751	0.00626	0.08785	0.01163	0.01774	0.00917	0.01050	0.00749	0.00392	0.00382	0.00081	0.00387	0.00310	0.00315	0.77189
7	0.00623	0.00475	0.00573	0.00615	0.00711	0.00425	0.00436	0.00756	0.01117	0.01458	0.20413	0.38629	0.29289	0.01340	0.00610	0.00181	0.00265	0.01179	0.00482	0.00425
8	0.00599	0.00505	0.00519	0.00516	0.00680	0.00425	0.00387	0.00735	0.01160	0.01404	0.11573	0.04702	0.72611	0.01241	0.00589	0.00167	0.00251	0.01039	0.00470	0.00425
9	0.00725	0.00483	0.00544	0.00544	0.00544	0.00483	0.00302	0.00725	0.00725	0.00966	0.01571	0.03262	0.01812	0.82483	0.02537	0.00483	0.00483	0.00725	0.00302	0.00302
10	0.81882	0.02200	0.00752	0.00652	0.00956	0.01110	0.00538	0.01456	0.00857	0.02208	0.00725	0.00844	0.00566	0.00466	0.00310	0.00152	0.00383	0.00276	0.03128	0.00539
11	0.01059	0.01006	0.01708	0.49722	0.34074	0.01138	0.01443	0.01377	0.01052	0.01417	0.00907	0.01290	0.00715	0.00476	0.00496	0.00159	0.00635	0.00443	0.00232	0.00649
12	0.01240	0.01071	0.01127	0.01014	0.01296	0.01240	0.00789	0.02649	0.78473	0.02085	0.02029	0.01860	0.01522	0.00676	0.00507	0.00169	0.00394	0.00564	0.00507	0.00789
13	0.00694	0.00509	0.00650	0.00615	0.00737	0.00465	0.00461	0.00918	0.01383	0.01932	0.71545	0.03833	0.12310	0.01044	0.00588	0.00158	0.00237	0.00917	0.00540	0.00465
14	0.01333	0.82783	0.02612	0.00853	0.01279	0.01972	0.00853	0.01493	0.01013	0.01173	0.00693	0.00800	0.00640	0.00426	0.00320	0.00107	0.00533	0.00267	0.00213	0.00640
15	0.34764	0.00923	0.00846	0.00901	0.05775	0.08956	0.00627	0.03903	0.01019	0.01738	0.01563	0.33681	0.01689	0.00915	0.00473	0.00170	0.00418	0.00755	0.00368	0.00515
16	0.00837	0.00801	0.01532	0.01262	0.01482	0.00750	0.31571	0.01058	0.01044	0.01403	0.02046	0.49551	0.02272	0.01101	0.00617	0.00189	0.00512	0.01083	0.00378	0.00513
17	0.00606	0.00438	0.00574	0.00684	0.00720	0.00406	0.00458	0.00695	0.00964	0.01276	0.02870	0.78045	0.07331	0.01546	0.00634	0.00201	0.00287	0.01398	0.00463	0.00406
18	0.01155	0.01311	0.02854	0.02049	0.02536	0.01229	0.74717	0.01563	0.01168	0.01585	0.01073	0.04327	0.00850	0.00462	0.00590	0.00169	0.00820	0.00619	0.00260	0.00662
19	0.01176	0.01345	0.02941	0.02101	0.02605	0.01261	0.77563	0.01597	0.01176	0.01597	0.01008	0.01345	0.00756	0.00420	0.00588	0.00168	0.00840	0.00588	0.00252	0.00672
20	0.00589	0.00504	0.00506	0.00509	0.00674	0.00420	0.00380	0.00715	0.01133	0.01345	0.05004	0.06328	0.77669	0.01268	0.00590	0.00169	0.00253	0.01059	0.00463	0.00420
21	0.00592	0.00493	0.00517	0.00536	0.00681	0.00418	0.00392	0.00712	0.01106	0.01334	0.04673	0.17463	0.66748	0.01311	0.00597	0.00174	0.00258	0.01112	0.00463	0.00418
22	0.12533	0.22694	0.42630	0.01140	0.01710	0.01365	0.01328	0.05529	0.01096	0.04528	0.00872	0.00987	0.00655	0.00472	0.00415	0.00144	0.00617	0.00338	0.00254	0.00696
23	0.01299	0.01465	0.01162	0.01154	0.05285	0.39555	0.00836	0.01459	0.01116	0.01212	0.01039	0.01404	0.00928	0.01996	0.37350	0.00439	0.01084	0.00426	0.00261	0.00528
24	0.01326	0.00776	0.00945	0.00815	0.01064	0.00772	0.00640	0.01885	0.23717	0.25862	0.30651	0.02597	0.05190	0.00804	0.00538	0.00160	0.00340	0.00686	0.00555	0.00677
25	0.00680	0.00490	0.00659	0.00767	0.00836	0.00469	0.00586	0.00822	0.01037	0.01359	0.02839	0.48986	0.07492	0.01475	0.00653	0.00211	0.00351	0.29400	0.00461	0.00426
26	0.01038	0.09343	0.01604	0.68142	0.03096	0.06084	0.01304	0.01340	0.01024	0.01260	0.00859	0.01248	0.00661	0.00492	0.00477	0.00158	0.00665	0.00417	0.00223	0.00564
27	0.01333	0.82783	0.02612	0.00853	0.01279	0.01972	0.00853	0.01493	0.01013	0.01173	0.00693	0.00800	0.00640	0.00426	0.00320	0.00107	0.00533	0.00267	0.00213	0.00640
28	0.00688	0.00474	0.00560	0.00585	0.00610	0.00460	0.00359	0.00735	0.00858	0.01145	0.08443	0.22664	0.06137	0.52048	0.01817	0.00372	0.00404	0.00924	0.00369	0.00347
29	0.00738	0.00535	0.00712	0.00737	0.00857	0.00509	0.00599	0.00965	0.01289	0.01757	0.44003	0.04551	0.08238	0.01177	0.00629	0.00187	0.00326	0.31219	0.00508	0.00463
30	0.22861	0.01076	0.01006	0.00906	0.01136	0.09168	0.00706	0.12308	0.16725	0.01982	0.06563	0.15453	0.01552	0.00783	0.00547	0.00166	0.05435	0.00611	0.00407	0.00609
31	0.01183	0.00989	0.01149	0.00855	0.01253	0.00886	0.00691	0.13796	0.02735	0.01849	0.00941	0.01081	0.00765	0.00451	0.00491	0.00099	0.06663	0.00337	0.00327	0.63459
32	0.01380	0.00589	0.00840	0.00738	0.00883	0.00545	0.00545	0.01317	0.00941	0.30465	0.01279	0.01583	0.01004	0.01313	0.01405	0.53462	0.00430	0.00459	0.00367	0.00454
33	0.00607	0.00434	0.00578	0.00694	0.00723	0.00405	0.00463	0.00694	0.00954	0.01272	0.02747	0.82157	0.03297	0.01562	0.00636	0.00202	0.00289	0.01417	0.00463	0.00405
34	0.46091	0.01594	0.30522	0.03651	0.01530	0.01159	0.01082	0.06197	0.01022	0.02013	0.00807	0.00942	0.00597	0.00476	0.00388	0.00156	0.00537	0.00324	0.00281	0.00633
35	0.00996	0.01022	0.07791	0.01341	0.13997	0.01025	0.00977	0.01430	0.14336	0.01503	0.04954	0.03465	0.01245	0.01518	0.22606	0.00342	0.15901	0.00519	0.00311	0.04722
36	0.00689	0.00509	0.00643	0.00609	0.00734	0.00463	0.00457	0.00908	0.01371	0.01904	0.68372	0.03879	0.15500	0.01054	0.00588	0.00158	0.00238	0.00923	0.00536	0.00463
37	0.00704	0.00511	0.00664	0.00630	0.00750	0.00471	0.00476	0.00935	0.01394	0.01962	0.74483	0.03811	0.07283	0.01037	0.00591	0.00159	0.00242	0.02884	0.00543	0.00468
38	0.01493	0.00895	0.01126	0.08212	0.01420	0.00954	0.00799	0.03815	0.29834	0.29311	0.01771	0.01755	0.01282	0.01139	0.13602	0.00267	0.00587	0.00523	0.00481	0.00734
39	0.01489	0.15018	0.01954	0.01937	0.30532	0.32020	0.07065	0.01707	0.01226	0.01393	0.00838	0.01042	0.00705	0.00466	0.00455	0.00135	0.00720	0.00379	0.00246	0.00674
40	0.06262	0.01064	0.09071	0.00803	0.01268	0.00743	0.00715	0.01301	0.01024	0.01657	0.00875	0.01022	0.00715	0.00386	0.00376	0.00087	0.00408	0.00301	0.00287	0.71635
41	0.01124	0.01072	0.01825	0.32423	0.50867	0.01155	0.01475	0.01434	0.01083	0.01495	0.00918	0.01269	0.00743	0.00464	0.00495	0.00155	0.00619	0.00444	0.00237	0.00701
42	0.00833	0.00991	0.13941	0.31083	0.02008	0.00840	0.01053	0.01169	0.05437	0.01370	0.01704	0.33927	0.01770	0.00934	0.00550	0.00180	0.00509	0.00831	0.00333	0.00537
43	0.00629	0.00502	0.00551	0.00577	0.00706	0.00442	0.00428	0.00749	0.01074	0.01315	0.04153	0.13937	0.53784	0.09607	0.00805	0.00211	0.00303	0.09370	0.00446	0.00411
44	0.01222	0.01295	0.00995	0.00957	0.03156	0.32777	0.00706	0.01391	0.01333	0.04253	0.22973	0.02778	0.18175	0.00857	0.00533	0.00152	0.00535	0.04985	0.00402	0.00525
45	0.01211	0.46524	0.34939	0.01105	0.01656	0.04238	0.01271	0.01545	0.01043	0.01344	0.00780	0.00909	0.00636	0.00449	0.00389	0.00129	0.00630	0.00311	0.00214	0.00678
46	0.00629	0.00480	0.00578	0.00611	0.00712	0.00429	0.00436	0.00771	0.01146	0.01504	0.25218	0.33531	0.29542	0.01306	0.00606	0.00178	0.00261	0.01146	0.00487	0.00429
47	0.00641	0.00469	0.00601	0.00648	0.00725	0.00430	0.00456	0.00785	0.01140	0.01543	0.30540	0.44801	0.12716	0.01331	0.00613	0.00182	0.00265	0.01188	0.00494	0.00430
48	0.00966	0.00911	0.01539	0.74760	0.09767	0.01114	0.01396	0.01295	0.01008	0.01303	0.00890	0.01321	0.00675	0.00494	0.00498	0.00165	0.00658	0.00443	0.00224	0.00573
49	0.01012	0.05539	0.77047	0.01400	0.02125	0.01188	0.01805	0.01575	0.01051	0.01564	0.00887	0.01043	0.00632	0.00472	0.00468	0.00156	0.00729	0.00365	0.00211	0.00733
50	0.01333	0.82783	0.02612	0.00853	0.01279	0.01972	0.00853	0.01493	0.01013	0.01173	0.00693	0.00800	0.00640	0.00426	0.00320	0.00107	0.00533	0.00267	0.00213	0.00640
51	0.00618	0.00460	0.00562	0.00631	0.00697	0.00419	0.00429	0.00715	0.01005	0.01304	0.07283	0.52114	0.22220	0.08158	0.00779	0.00215	0.00293	0.01241	0.00454	0.00404
52	0.00866	0.00433	0.00649	0.00649	0.00649	0.00433	0.00433	0.00649	0.00649	0.00866	0.00866	0.01515	0.00866	0.01732	0.01948	0.85498	0.00433	0.00433	0.00216	0.00216
53	0.01190	0.01341	0.00961	0.00943	0.01096	0.37318	0.00685	0.01309	0.01212	0.01301	0.06774	0.31973	0.09910	0.01015	0.00542	0.00162	0.00563	0.00843	0.00373	0.00490
54	0.22513	0.00886	0.01046	0.00830	0.01185	0.00852	0.00683	0.05656	0.01328	0.53524	0.05355	0.01556	0.01215	0.00598	0.00458	0.00154	0.00411	0.00462	0.00533	0.00755
55	0.00754	0.00584	0.00619	0.00594	0.00779	0.00530	0.00450	0.01031	0.09802	0.05530	0.08060	0.06825	0.60319	0.01161	0.00577	0.00168	0.00278	0.00974	0.00480	0.00486
56	0.01123	0.05691	0.29610	0.01805	0.02386	0.01259	0.47617	0.01585	0.01126	0.01570	0.00954	0.01217	0.00707	0.00439	0.00536	0.00162	0.00790	0.00497	0.00236	0.00693
57	0.01234	0.01184	0.02023	0.03059	0.79373	0.01184	0.01530	0.01530	0.01135	0.01628	0.00938	0.01234	0.00790	0.00444	0.00493	0.00148	0.00592	0.00444	0.00247	0.00790
58	0.00616	0.00462	0.00575	0.00656	0.00727	0.00420	0.00460	0.00726	0.01026	0.01327	0.05863	0.55791	0.22635	0.01458	0.00625	0.00194	0.00287	0.05273	0.00465	0.00414
59	0.01007	0.00983	0.01368	0.05776	0.01331	0.01325	0.00996	0.01138	0.00855	0.01268	0.05948	0.01645	0.08925	0.00900	0.01399	0.00206	0.63610	0.00528	0.00264	0.00528
60	0.01133	0.21410	0.56770	0.01279	0.01912	0.06372	0.01554	0.01584	0.01066	0.01460	0.00839	0.00983	0.00634	0.00465	0.00436	0.00144	0.00699	0.00341	0.00214	0.00704
61	0.00941	0.00886	0.01495	0.81285	0.03433	0.01107	0.01384	0.01274	0.00997	0.01274	0.00886	0.01329	0.00664	0.00498	0.00498	0.00166	0.00664	0.00443	0.00221	0.00554
62	0.10075	0.00800	0.01035	0.00847	0.01172	0.00727	0.00691	0.02073	0.01305	0.59402	0.01965	0.10072	0.01478	0.00745	0.00508	0.00164	0.00409	0.05223	0.00562	0.00749
63	0.05421	0.00941	0.01217	0.14244	0.08305	0.01003	0.00892	0.13834	0.12932	0.18396	0.08255	0.08376	0.02606	0.00703	0.00511	0.00162	0.00462	0.00595	0.00450	0.00696
64	0.01098	0.01045	0.01777	0.39487	0.44009	0.01149	0.01462	0.01410	0.01071	0.01463	0.00914	0.01278	0.00731	0.00469	0.00496	0.00156	0.00626	0.00444	0.00235	0.00680
65	0.00678	0.00542	0.00621	0.00649	0.00802	0.00493	0.00521	0.00880	0.03492	0.01451	0.08814	0.04883	0.49943	0.01263	0.00616	0.00186	0.00316	0.22935	0.00468	0.00446
66	0.01333	0.82783	0.02612	0.00853	0.01279	0.01972	0.00853	0.01493	0.01013	0.01173	0.00693	0.00800	0.00640	0.00426	0.00320	0.00107	0.00533	0.00267	0.00213	0.00640
67	0.06938	0.00858	0.01121	0.00860	0.01247	0.00749	0.00709	0.02269	0.01358	0.68287	0.01797	0.01586	0.01150	0.00586	0.00478	0.00147	0.00417	0.00470	0.00570	0.08402
68	0.01534	0.00899	0.01105	0.00816	0.01235	0.00737	0.00663	0.05728	0.01251	0.31278	0.01311	0.01293	0.00932	0.00475	0.00426	0.00108	0.00399	0.00381	0.00428	0.49000
69	0.01234	0.01184	0.02023	0.03059	0.79373	0.01184	0.01530	0.01530	0.01135	0.01628	0.00938	0.01234	0.00790	0.00444	0.00493	0.00148	0.00592	0.00444	0.00247	0.00790
70	0.00647	0.00498	0.00599	0.00649	0.00762	0.00450	0.00492	0.00793	0.01117	0.01426	0.12352	0.27055	0.34837	0.01342	0.00621	0.00188	0.00299	0.14972	0.00472	0.00429
71	0.00605	0.00498	0.00514	0.00521	0.00662	0.00427	0.00376	0.00715	0.01081	0.01301	0.04533	0.09396	0.66175	0.10020	0.00802	0.00204	0.00280	0.01039	0.00446	0.00407
72	0.02082	0.00811	0.01094	0.00852	0.01198	0.00707	0.00689	0.02255	0.01355	0.71674	0.01926	0.01856	0.01293	0.08979	0.00709	0.00188	0.00430	0.00524	0.00585	0.00792
73	0.00779	0.00495	0.00600	0.00574	0.00691	0.00468	0.00430	0.01013	0.01291	0.01953	0.53753	0.03113	0.03582	0.00876	0.00510	0.00143	0.00234	0.00758	0.28268	0.00468
74	0.01325	0.80872	0.04453	0.00866	0.01300	0.01953	0.00876	0.01495	0.01014	0.01182	0.00698	0.00806	0.00639	0.00428	0.00323	0.00108	0.00538	0.00269	0.00213	0.00642
75	0.00761	0.00525	0.00663	0.00716	0.00769	0.00525	0.00533	0.00867	0.00920	0.01209	0.02063	0.04350	0.02299	0.45101	0.01685	0.00366	0.00472	0.35427	0.00374	0.00374
76	0.00700	0.00507	0.00660	0.00627	0.00743	0.00467	0.00468	0.00928	0.01390	0.01961	0.75004	0.06512	0.06072	0.01043	0.00590	0.00159	0.00237	0.00922	0.00544	0.00467
77	0.01439	0.01500	0.01403	0.01197	0.01462	0.33014	0.11707	0.05692	0.09978	0.06249	0.08574	0.12610	0.01546	0.00721	0.00520	0.00154	0.00642	0.00609	0.00374	0.00611
78	0.01099	0.01047	0.01780	0.39113	0.44373	0.01149	0.01463	0.01412	0.01071	0.01465	0.00914	0.01278	0.00732	0.00469	0.00496	0.00156	0.00625	0.00444	0.00235	0.00681
79	0.02920	0.00564	0.00709	0.00652	0.00803	0.00529	0.00496	0.01106	0.04101	0.07488	0.64424	0.03508	0.08828	0.00980	0.00572	0.00158	0.00259	0.00855	0.00541	0.00507
80	0.01240	0.01071	0.01127	0.01014	0.01296	0.01240	0.00789	0.02649	0.78473	0.02085	0.02029	0.01860	0.01522	0.00676	0.00507	0.00169	0.00394	0.00564	0.00507	0.00789
81	0.00834	0.00693	0.00839	0.00780	0.00921	0.05474	0.04208	0.04828	0.01329	0.01793	0.45381	0.21089	0.06348	0.01076	0.00588	0.00167	0.00338	0.02336	0.00490	0.00489
82	0.01091	0.01091	0.01527	0.01309	0.01309	0.01527	0.01091	0.01200	0.00763	0.01200	0.00654	0.01091	0.00654	0.00872	0.01636	0.00218	0.81570	0.00436	0.00218	0.00545
83	0.00607	0.00434	0.00578	0.00694	0.00723	0.00405	0.00463	0.00694	0.00954	0.01272	0.02747	0.82157	0.03297	0.01562	0.00636	0.00202	0.00289	0.01417	0.00463	0.00405
84	0.01051	0.02218	0.57431	0.01619	0.02288	0.01188	0.23950	0.01584	0.01089	0.01584	0.00928	0.01138	0.00668	0.00458	0.00507	0.00161	0.00767	0.00433	0.00223	0.00718
85	0.01204	0.01154	0.01969	0.11050	0.71616	0.01176	0.01515	0.01504	0.01121	0.01592	0.00932	0.01243	0.00777	0.00450	0.00494	0.00150	0.00600	0.00444	0.00244	0.00765
86	0.00589	0.00505	0.00505	0.00505	0.00673	0.00421	0.00379	0.00715	0.01136	0.01347	0.05049	0.04797	0.79171	0.01262	0.00589	0.00168	0.00252	0.01052	0.00463	0.00421
87	0.00941	0.00886	0.01495	0.81285	0.03433	0.01107	0.01384	0.01274	0.00997	0.01274	0.00886	0.01329	0.00664	0.00498	0.00498	0.00166	0.00664	0.00443	0.00221	0.00554
88	0.00743	0.00689	0.01047	0.17510	0.01512	0.00675	0.10984	0.00947	0.01092	0.01357	0.03380	0.12396	0.43707	0.01024	0.00575	0.00172	0.00421	0.00905	0.00384	0.00480
89	0.01670	0.00886	0.01234	0.01007	0.01324	0.00856	0.07190	0.10962	0.05509	0.38906	0.01855	0.02282	0.01434	0.00903	0.05125	0.00203	0.00521	0.12870	0.04538	0.00725
90	0.05329	0.04359	0.30732	0.01610	0.14563	0.01140	0.12093	0.01791	0.07565	0.14262	0.01169	0.01274	0.00842	0.00499	0.00487	0.00156	0.00625	0.00441	0.00317	0.00746
91	0.06924	0.01227	0.14129	0.03101	0.09380	0.02824	0.01008	0.05543	0.01332	0.45172	0.03357	0.01488	0.01085	0.00570	0.00485	0.00154	0.00508	0.00461	0.00469	0.00783

[dist]
# distance from previous block
# <min> <max>
1	24

[block]
# block no. 4 follows, 50 sequences, length 133
# corresponding to MSA columns:
# 597-729
name=unknown_E
#
# <colnr> <probs for GDERKNQSTAVLIFYWHMCP>
#	G	D	E	R	K	N	Q	S	T	A	V	L	I	F	Y	W	H	M	C	P
0	0.07697	0.01367	0.01262	0.02603	0.01414	0.18920	0.02664	0.18237	0.20674	0.08096	0.03733	0.03154	0.01136	0.00603	0.00475	0.00147	0.00549	0.00468	0.00418	0.06381
1	0.04216	0.16530	0.10514	0.00950	0.01350	0.06163	0.00880	0.01646	0.01126	0.19293	0.02279	0.01242	0.00894	0.00525	0.00513	0.00129	0.06871	0.01516	0.00342	0.23023
2	0.02810	0.04722	0.14324	0.00883	0.01296	0.02583	0.00820	0.03857	0.05089	0.01650	0.04661	0.09682	0.02499	0.00585	0.00438	0.00118	0.00441	0.00481	0.00326	0.42735
3	0.02755	0.00822	0.03501	0.02383	0.01067	0.00795	0.00652	0.09163	0.16661	0.02062	0.43069	0.02700	0.03040	0.02408	0.00574	0.00159	0.00341	0.00702	0.00490	0.06655
4	0.00703	0.00489	0.00560	0.00564	0.00601	0.00473	0.00349	0.00754	0.00871	0.01153	0.10753	0.07038	0.11429	0.58202	0.01959	0.00391	0.00419	0.02589	0.00360	0.00343
5	0.06973	0.01035	0.01243	0.01246	0.12879	0.01098	0.00854	0.35316	0.01642	0.06326	0.05005	0.18314	0.01540	0.00788	0.00513	0.00160	0.00459	0.00663	0.03250	0.00696
6	0.01223	0.01049	0.01147	0.01070	0.04031	0.01184	0.00808	0.03995	0.66631	0.02040	0.01939	0.01946	0.01500	0.00681	0.00507	0.00165	0.00406	0.03877	0.00484	0.05317
7	0.01933	0.01630	0.01321	0.01109	0.01435	0.36438	0.00870	0.14365	0.05688	0.26371	0.01287	0.01253	0.00911	0.00565	0.00475	0.00141	0.00653	0.00411	0.00424	0.02720
8	0.01805	0.01366	0.01424	0.01115	0.01491	0.04940	0.00910	0.64245	0.06130	0.04727	0.01278	0.03692	0.00954	0.00622	0.00498	0.00149	0.00540	0.00476	0.00485	0.03154
9	0.00712	0.00534	0.00801	0.00801	0.00890	0.00623	0.00623	0.00890	0.00801	0.01157	0.01335	0.01958	0.01246	0.03738	0.80507	0.00801	0.01335	0.00534	0.00267	0.00445
10	0.00611	0.00436	0.00583	0.00698	0.00729	0.00408	0.00469	0.00701	0.00958	0.01277	0.02745	0.80668	0.03288	0.01558	0.00637	0.00203	0.00292	0.02868	0.00463	0.00406
11	0.01739	0.00897	0.05125	0.00869	0.01203	0.00758	0.00740	0.08676	0.01485	0.48419	0.22156	0.02153	0.02082	0.00714	0.00522	0.00155	0.00402	0.00595	0.00567	0.00743
12	0.01401	0.32848	0.01766	0.00991	0.01338	0.09279	0.00846	0.09586	0.33433	0.01753	0.01307	0.01290	0.01028	0.00556	0.00428	0.00139	0.00513	0.00414	0.00368	0.00716
13	0.01132	0.17468	0.37208	0.01168	0.01692	0.01239	0.04631	0.01687	0.12456	0.04517	0.07144	0.01366	0.01113	0.00535	0.00459	0.00146	0.00584	0.00430	0.00302	0.04725
14	0.01108	0.22999	0.53854	0.01248	0.01871	0.01334	0.03059	0.01555	0.01066	0.03351	0.03623	0.01103	0.00794	0.00483	0.00441	0.00145	0.00661	0.00369	0.00234	0.00704
15	0.01186	0.01125	0.01874	0.07654	0.63377	0.01147	0.02974	0.01554	0.06192	0.01625	0.01147	0.01525	0.02219	0.00515	0.00506	0.00155	0.00578	0.03620	0.00275	0.00752
16	0.01000	0.02578	0.79900	0.01421	0.02157	0.01158	0.01842	0.01579	0.01052	0.01579	0.00895	0.01052	0.00631	0.00474	0.00474	0.00158	0.00737	0.00368	0.00210	0.00737
17	0.00663	0.00484	0.00634	0.00727	0.00801	0.00455	0.00544	0.00800	0.01053	0.01379	0.07096	0.47955	0.12652	0.01446	0.00642	0.00203	0.00327	0.21250	0.00466	0.00425
18	0.01086	0.18691	0.57868	0.01440	0.08320	0.01325	0.01616	0.01557	0.01051	0.01501	0.00857	0.01016	0.00646	0.00462	0.00444	0.00147	0.00684	0.00354	0.00214	0.00721
19	0.00725	0.00483	0.00544	0.00544	0.00544	0.00483	0.00302	0.00725	0.00725	0.00966	0.01571	0.03262	0.01812	0.82483	0.02537	0.00483	0.00483	0.00725	0.00302	0.00302
20	0.00607	0.00434	0.00578	0.00694	0.00723	0.00405	0.00463	0.00694	0.00954	0.01272	0.02747	0.82157	0.03297	0.01562	0.00636	0.00202	0.00289	0.01417	0.00463	0.00405
21	0.01088	0.01024	0.01732	0.39704	0.41521	0.01128	0.01428	0.01399	0.01068	0.01468	0.00933	0.01296	0.00745	0.00473	0.00492	0.00156	0.00616	0.00444	0.02617	0.00670
22	0.01210	0.01160	0.01980	0.09483	0.73137	0.01178	0.01518	0.01509	0.01124	0.01599	0.00933	0.01241	0.00779	0.00449	0.00494	0.00150	0.00598	0.00444	0.00245	0.00770
23	0.00597	0.00473	0.00538	0.00589	0.00695	0.00414	0.00416	0.00706	0.01055	0.01313	0.04023	0.39280	0.45350	0.01396	0.00610	0.00184	0.00269	0.01215	0.00463	0.00414
24	0.06256	0.00908	0.00952	0.00786	0.01046	0.00975	0.00633	0.33823	0.01605	0.06116	0.01406	0.01509	0.01050	0.00583	0.00417	0.00134	0.00385	0.00448	0.40316	0.00650
25	0.01000	0.02578	0.79900	0.01421	0.02157	0.01158	0.01842	0.01579	0.01052	0.01579	0.00895	0.01052	0.00631	0.00474	0.00474	0.00158	0.00737	0.00368	0.00210	0.00737
26	0.00589	0.00505	0.00505	0.00505	0.00673	0.00421	0.00379	0.00715	0.01136	0.01347	0.05049	0.04797	0.79171	0.01262	0.00589	0.00168	0.00252	0.01052	0.00463	0.00421
27	0.00795	0.00535	0.00727	0.00798	0.00903	0.00513	0.00641	0.00980	0.01145	0.05209	0.14129	0.26901	0.05325	0.01337	0.00647	0.00206	0.00370	0.37896	0.00481	0.00463
28	0.00641	0.00507	0.00576	0.00559	0.00705	0.00443	0.00419	0.00815	0.01258	0.01636	0.37890	0.04321	0.46150	0.01154	0.00589	0.00163	0.00245	0.00985	0.00501	0.00443
29	0.00589	0.00505	0.00505	0.00505	0.00673	0.00421	0.00379	0.00715	0.01136	0.01347	0.05049	0.04797	0.79171	0.01262	0.00589	0.00168	0.00252	0.01052	0.00463	0.00421
30	0.00658	0.00456	0.00567	0.00631	0.00651	0.00438	0.00398	0.00713	0.00874	0.01169	0.04411	0.48017	0.02735	0.34309	0.01404	0.00315	0.00366	0.01122	0.00400	0.00365
31	0.00607	0.00434	0.00578	0.00694	0.00723	0.00405	0.00463	0.00694	0.00954	0.01272	0.02747	0.82157	0.03297	0.01562	0.00636	0.00202	0.00289	0.01417	0.00463	0.00405
32	0.00613	0.00436	0.00577	0.00686	0.00714	0.00409	0.00454	0.00696	0.00942	0.01257	0.02687	0.78087	0.03220	0.05737	0.00734	0.00217	0.00299	0.01381	0.00454	0.00400
33	0.01034	0.00886	0.01034	0.00738	0.01181	0.00664	0.00591	0.01255	0.01034	0.01624	0.00886	0.01034	0.00738	0.00369	0.00369	0.00074	0.00369	0.00295	0.00295	0.85530
34	0.00941	0.00886	0.01495	0.81285	0.03433	0.01107	0.01384	0.01274	0.00997	0.01274	0.00886	0.01329	0.00664	0.00498	0.00498	0.00166	0.00664	0.00443	0.00221	0.00554
35	0.86003	0.00964	0.00733	0.00655	0.00964	0.01118	0.00540	0.01465	0.00848	0.02236	0.00694	0.00810	0.00540	0.00463	0.00308	0.00154	0.00386	0.00270	0.00308	0.00540
36	0.00712	0.00534	0.00801	0.00801	0.00890	0.00623	0.00623	0.00890	0.00801	0.01157	0.01335	0.01958	0.01246	0.03738	0.80507	0.00801	0.01335	0.00534	0.00267	0.00445
37	0.01895	0.01396	0.01496	0.01147	0.01546	0.01546	0.00947	0.77711	0.02344	0.03141	0.01197	0.01197	0.00848	0.00598	0.00499	0.00150	0.00548	0.00449	0.00499	0.00848
38	0.00605	0.00444	0.00567	0.00666	0.00716	0.00407	0.00450	0.00697	0.00981	0.01283	0.03091	0.70602	0.14631	0.01517	0.00629	0.00197	0.00284	0.01362	0.00463	0.00407
39	0.01562	0.01087	0.01239	0.00926	0.01342	0.01031	0.00756	0.32386	0.01623	0.13904	0.01173	0.01199	0.00857	0.00499	0.00441	0.00117	0.00450	0.00388	0.00426	0.38595
40	0.01034	0.00886	0.01034	0.00738	0.01181	0.00664	0.00591	0.01255	0.01034	0.01624	0.00886	0.01034	0.00738	0.00369	0.00369	0.00074	0.00369	0.00295	0.00295	0.85530
41	0.00630	0.00460	0.00594	0.00658	0.00724	0.00423	0.00456	0.00759	0.01089	0.01465	0.22417	0.54558	0.11137	0.01394	0.00619	0.00187	0.00272	0.01250	0.00485	0.00423
42	0.01234	0.01184	0.02023	0.03059	0.79373	0.01184	0.01530	0.01530	0.01135	0.01628	0.00938	0.01234	0.00790	0.00444	0.00493	0.00148	0.00592	0.00444	0.00247	0.00790
43	0.01165	0.29949	0.01511	0.00855	0.01109	0.17091	0.00723	0.01352	0.01256	0.01523	0.31485	0.02227	0.02351	0.00728	0.00471	0.00137	0.00486	0.04665	0.00367	0.00551
44	0.00607	0.00434	0.00578	0.00694	0.00723	0.00405	0.00463	0.00694	0.00954	0.01272	0.02747	0.82157	0.03297	0.01562	0.00636	0.00202	0.00289	0.01417	0.00463	0.00405
45	0.00606	0.00437	0.00575	0.00684	0.00720	0.00406	0.00458	0.00695	0.00964	0.01276	0.02866	0.78162	0.07216	0.01546	0.00634	0.00201	0.00287	0.01398	0.00463	0.00406
46	0.01723	0.01231	0.01313	0.01026	0.01375	0.01354	0.00841	0.64132	0.02113	0.02914	0.01273	0.01314	0.00924	0.00595	0.00472	0.00144	0.00492	0.00452	0.15533	0.00780
47	0.01000	0.02578	0.79900	0.01421	0.02157	0.01158	0.01842	0.01579	0.01052	0.01579	0.00895	0.01052	0.00631	0.00474	0.00474	0.00158	0.00737	0.00368	0.00210	0.00737
48	0.00642	0.00507	0.00580	0.00570	0.00714	0.00445	0.00430	0.00814	0.01242	0.01609	0.34362	0.05974	0.45703	0.01175	0.00593	0.00166	0.00253	0.03283	0.00497	0.00441
49	0.00618	0.00462	0.00558	0.00623	0.00693	0.00420	0.00424	0.00714	0.01004	0.01296	0.06630	0.49024	0.24940	0.09203	0.00803	0.00218	0.00295	0.01224	0.00451	0.00402
50	0.02037	0.01168	0.01355	0.01039	0.01432	0.01207	0.00858	0.46386	0.01962	0.35006	0.01517	0.01405	0.01008	0.00606	0.00500	0.00152	0.00497	0.00471	0.00548	0.00848
51	0.00715	0.00523	0.00743	0.00743	0.00812	0.00591	0.00551	0.00853	0.00784	0.01114	0.01388	0.02253	0.01374	0.21531	0.62890	0.00729	0.01143	0.00577	0.00275	0.00413
52	0.01150	0.01098	0.01871	0.25561	0.57529	0.01162	0.01488	0.01456	0.01095	0.01526	0.00923	0.01261	0.00754	0.00460	0.00495	0.00153	0.00613	0.00444	0.00239	0.00722
53	0.00636	0.00507	0.00571	0.00555	0.00702	0.00441	0.00416	0.00807	0.01248	0.01612	0.35178	0.04360	0.48876	0.01163	0.00589	0.00164	0.00245	0.00991	0.00498	0.00441
54	0.00680	0.00464	0.00557	0.00601	0.00612	0.00453	0.00363	0.00713	0.00812	0.01083	0.02019	0.33340	0.02378	0.51632	0.01812	0.00376	0.00409	0.00989	0.00363	0.00341
55	0.00856	0.00724	0.01060	0.00923	0.00987	0.00833	0.08341	0.00951	0.00791	0.01114	0.01259	0.02354	0.01344	0.42978	0.13619	0.00435	0.20127	0.00614	0.00272	0.00419
56	0.01105	0.00920	0.01062	0.00779	0.01199	0.00746	0.00622	0.09272	0.01168	0.01768	0.01001	0.04636	0.00863	0.00446	0.00395	0.00087	0.00384	0.00361	0.00324	0.72861
57	0.01352	0.00761	0.00973	0.00896	0.01121	0.00747	0.00734	0.12864	0.03018	0.24267	0.05609	0.16050	0.02218	0.01041	0.00589	0.00187	0.00424	0.26005	0.00516	0.00628
58	0.00589	0.00505	0.00505	0.00505	0.00673	0.00421	0.00379	0.00715	0.01136	0.01347	0.05049	0.04797	0.79171	0.01262	0.00589	0.00168	0.00252	0.01052	0.00463	0.00421
59	0.01169	0.01141	0.01829	0.23720	0.51300	0.03976	0.01442	0.01456	0.01084	0.01491	0.00899	0.01238	0.00742	0.00489	0.00568	0.00157	0.05919	0.00439	0.00238	0.00703
60	0.00766	0.00573	0.00783	0.00841	0.00950	0.00602	0.00695	0.00992	0.03195	0.01378	0.02445	0.07690	0.09656	0.03580	0.22140	0.00379	0.02376	0.40101	0.00401	0.00457
61	0.00630	0.00456	0.00597	0.00676	0.00732	0.00422	0.00468	0.00751	0.01058	0.01423	0.17747	0.60926	0.07627	0.01435	0.00625	0.00192	0.00281	0.03055	0.00479	0.00420
62	0.01177	0.01017	0.01067	0.00966	0.01236	0.01161	0.00750	0.02463	0.71065	0.02014	0.02318	0.02141	0.08959	0.00732	0.00515	0.00169	0.00381	0.00610	0.00503	0.00754
63	0.02050	0.01285	0.01324	0.01045	0.01417	0.12955	0.00849	0.31063	0.01774	0.38799	0.01494	0.01387	0.00998	0.00594	0.00493	0.00149	0.00542	0.00454	0.00518	0.00808
64	0.01034	0.00886	0.01034	0.00738	0.01181	0.00664	0.00591	0.01255	0.01034	0.01624	0.00886	0.01034	0.00738	0.00369	0.00369	0.00074	0.00369	0.00295	0.00295	0.85530
65	0.01322	0.80133	0.05166	0.00872	0.01308	0.01945	0.00886	0.01495	0.01014	0.01186	0.00700	0.00808	0.00639	0.00428	0.00325	0.00108	0.00540	0.00270	0.00213	0.00643
66	0.00717	0.00516	0.00710	0.00710	0.00768	0.00574	0.00510	0.00832	0.00774	0.01090	0.01418	0.02419	0.01446	0.31553	0.52966	0.00689	0.01034	0.00601	0.00279	0.00395
67	0.00590	0.00501	0.00509	0.00515	0.00676	0.00420	0.00383	0.00714	0.01127	0.01343	0.04931	0.08793	0.75252	0.01278	0.00592	0.00170	0.00254	0.01071	0.00463	0.00420
68	0.01862	0.02376	0.01413	0.01284	0.01541	0.80482	0.00963	0.01990	0.01413	0.01220	0.00770	0.00899	0.00642	0.00514	0.00449	0.00128	0.00899	0.00321	0.00257	0.00578
69	0.01176	0.01345	0.02941	0.02101	0.02605	0.01261	0.77563	0.01597	0.01176	0.01597	0.01008	0.01345	0.00756	0.00420	0.00588	0.00168	0.00840	0.00588	0.00252	0.00672
70	0.01198	0.01226	0.02320	0.06757	0.48339	0.01207	0.28379	0.01540	0.01142	0.01599	0.00960	0.01278	0.00771	0.00438	0.00527	0.00156	0.00684	0.00495	0.00247	0.00736
71	0.00625	0.00506	0.00554	0.00542	0.00695	0.00436	0.00407	0.00784	0.01220	0.01546	0.27665	0.04469	0.56431	0.01188	0.00589	0.00165	0.00247	0.01006	0.00489	0.00436
72	0.00730	0.00553	0.00784	0.00703	0.00841	0.00511	0.04448	0.00974	0.01399	0.01978	0.75081	0.03601	0.04499	0.00988	0.00588	0.00157	0.00266	0.00885	0.00533	0.00481
73	0.01088	0.01965	0.41621	0.01759	0.02380	0.01209	0.39505	0.01588	0.01114	0.01588	0.00951	0.01198	0.00694	0.00447	0.00531	0.00163	0.00788	0.00478	0.00231	0.00705
74	0.05867	0.01348	0.00934	0.00876	0.01060	0.36173	0.00658	0.01501	0.01201	0.01539	0.05227	0.05024	0.01219	0.00774	0.04557	0.00165	0.00597	0.00458	0.30306	0.00516
75	0.00601	0.00507	0.00522	0.00523	0.00687	0.00428	0.00395	0.00736	0.01151	0.01385	0.08953	0.04762	0.73110	0.01252	0.00592	0.00169	0.00257	0.03078	0.00467	0.00424
76	0.01026	0.02394	0.68404	0.01522	0.02224	0.01173	0.13153	0.01581	0.01071	0.01581	0.00912	0.01096	0.00650	0.00466	0.00491	0.00159	0.00752	0.00401	0.00217	0.00727
77	0.03851	0.01037	0.01097	0.00985	0.01255	0.01185	0.00765	0.09568	0.61413	0.02112	0.01977	0.09456	0.01597	0.00747	0.00513	0.00170	0.00399	0.00625	0.00496	0.00750
78	0.01026	0.00972	0.01647	0.58704	0.25354	0.01130	0.01426	0.01347	0.01037	0.01376	0.00901	0.01301	0.00701	0.00483	0.00497	0.00161	0.00644	0.00443	0.00229	0.00622
79	0.00607	0.00434	0.00578	0.00694	0.00723	0.00405	0.00463	0.00694	0.00954	0.01272	0.02747	0.82157	0.03297	0.01562	0.00636	0.00202	0.00289	0.01417	0.00463	0.00405
80	0.01693	0.00729	0.00980	0.00792	0.01084	0.00639	0.00638	0.01898	0.01415	0.52252	0.27591	0.02436	0.04092	0.00764	0.00532	0.00155	0.00358	0.00646	0.00591	0.00714
81	0.02149	0.00922	0.01196	0.00920	0.01301	0.00848	0.00759	0.13639	0.01563	0.66447	0.03671	0.01670	0.01258	0.00624	0.00503	0.00154	0.00438	0.00503	0.00598	0.00839
82	0.01461	0.00678	0.00902	0.00750	0.01003	0.00598	0.00596	0.01669	0.01404	0.40622	0.36770	0.02773	0.06968	0.00832	0.00545	0.00156	0.00330	0.00710	0.00578	0.00656
83	0.02236	0.00848	0.01157	0.00887	0.01272	0.00733	0.00733	0.02429	0.01427	0.79719	0.01966	0.01697	0.01234	0.00617	0.00501	0.00154	0.00424	0.00501	0.00617	0.00848
84	0.00646	0.00515	0.00589	0.00630	0.00770	0.00458	0.00496	0.00794	0.01120	0.01376	0.04194	0.13144	0.51768	0.01323	0.00619	0.00187	0.00309	0.20172	0.00462	0.00429
85	0.01634	0.01396	0.01911	0.01437	0.01835	0.04240	0.22996	0.48135	0.01871	0.02502	0.01092	0.01222	0.00801	0.00562	0.00597	0.00159	0.05957	0.00484	0.00401	0.00768
86	0.01190	0.01140	0.01944	0.14744	0.68030	0.01173	0.01508	0.01491	0.01114	0.01575	0.00930	0.01248	0.00771	0.00452	0.00494	0.00151	0.00603	0.00444	0.00243	0.00754
87	0.00941	0.00886	0.01495	0.81285	0.03433	0.01107	0.01384	0.01274	0.00997	0.01274	0.00886	0.01329	0.00664	0.00498	0.00498	0.00166	0.00664	0.00443	0.00221	0.00554
88	0.01895	0.01396	0.01496	0.01147	0.01546	0.01546	0.00947	0.77711	0.02344	0.03141	0.01197	0.01197	0.00848	0.00598	0.00499	0.00150	0.00548	0.00449	0.00499	0.00848
89	0.00822	0.00691	0.00996	0.00933	0.00992	0.00876	0.00740	0.00970	0.00786	0.01159	0.01152	0.01778	0.01106	0.07134	0.53641	0.00616	0.24369	0.00516	0.00255	0.00466
90	0.01000	0.02578	0.79900	0.01421	0.02157	0.01158	0.01842	0.01579	0.01052	0.01579	0.00895	0.01052	0.00631	0.00474	0.00474	0.00158	0.00737	0.00368	0.00210	0.00737
91	0.00712	0.00534	0.00801	0.00801	0.00890	0.00623	0.00623	0.00890	0.00801	0.01157	0.01335	0.01958	0.01246	0.03738	0.80507	0.00801	0.01335	0.00534	0.00267	0.00445
92	0.02236	0.00848	0.01157	0.00887	0.01272	0.00733	0.00733	0.02429	0.01427	0.79719	0.01966	0.01697	0.01234	0.00617	0.00501	0.00154	0.00424	0.00501	0.00617	0.00848
93	0.02121	0.00898	0.01171	0.00913	0.01289	0.00824	0.00749	0.06335	0.09007	0.68176	0.01933	0.01687	0.01242	0.00622	0.00502	0.00155	0.00428	0.00505	0.00600	0.00842
94	0.01883	0.01742	0.01466	0.01195	0.01544	0.29428	0.00953	0.50965	0.02015	0.02463	0.01046	0.01092	0.00775	0.00568	0.00481	0.00142	0.00672	0.00404	0.00413	0.00752
95	0.00725	0.00483	0.00544	0.00544	0.00544	0.00483	0.00302	0.00725	0.00725	0.00966	0.01571	0.03262	0.01812	0.82483	0.02537	0.00483	0.00483	0.00725	0.00302	0.00302
96	0.01048	0.07724	0.63268	0.01485	0.02166	0.01227	0.13087	0.01576	0.01068	0.01554	0.00898	0.01079	0.00651	0.00462	0.00480	0.00156	0.00739	0.00394	0.00217	0.00721
97	0.01307	0.76490	0.08676	0.00897	0.01348	0.01908	0.00930	0.01499	0.01016	0.01205	0.00709	0.00819	0.00639	0.00430	0.00332	0.00111	0.00549	0.00275	0.00213	0.00647
98	0.00725	0.00483	0.00544	0.00544	0.00544	0.00483	0.00302	0.00725	0.00725	0.00966	0.01571	0.03262	0.01812	0.82483	0.02537	0.00483	0.00483	0.00725	0.00302	0.00302
99	0.00607	0.00434	0.00578	0.00694	0.00723	0.00405	0.00463	0.00694	0.00954	0.01272	0.02747	0.82157	0.03297	0.01562	0.00636	0.00202	0.00289	0.01417	0.00463	0.00405
100	0.01134	0.01082	0.01843	0.29753	0.53459	0.01158	0.01480	0.01442	0.01088	0.01507	0.00920	0.01266	0.00747	0.00463	0.00495	0.00154	0.00617	0.00444	0.00238	0.00709
101	0.00600	0.00504	0.00521	0.00520	0.00681	0.00425	0.00389	0.00736	0.01158	0.01405	0.11837	0.06356	0.70669	0.01246	0.00590	0.00168	0.00252	0.01046	0.00471	0.00425
102	0.00589	0.00505	0.00505	0.00505	0.00673	0.00421	0.00379	0.00715	0.01136	0.01347	0.05049	0.04797	0.79171	0.01262	0.00589	0.00168	0.00252	0.01052	0.00463	0.00421
103	0.01711	0.25452	0.01762	0.01153	0.01466	0.53668	0.00931	0.05905	0.01347	0.01309	0.00771	0.00886	0.00652	0.00493	0.00415	0.00123	0.00775	0.00312	0.00257	0.00610
104	0.05220	0.01586	0.01182	0.01110	0.01339	0.40196	0.00877	0.09215	0.05524	0.01581	0.01457	0.04071	0.01402	0.00799	0.00524	0.00164	0.00675	0.22142	0.00359	0.00576
105	0.01647	0.01173	0.01269	0.01026	0.01364	0.01293	0.00830	0.43012	0.24050	0.09010	0.01538	0.01488	0.01112	0.00621	0.00488	0.00153	0.00465	0.00488	0.08178	0.00796
106	0.37718	0.01151	0.01704	0.01386	0.05841	0.02409	0.30059	0.01662	0.08446	0.03693	0.00985	0.01159	0.00747	0.00470	0.00451	0.00160	0.00580	0.00435	0.00309	0.00635
107	0.01651	0.01661	0.01333	0.01153	0.01456	0.32038	0.00898	0.21844	0.28873	0.02023	0.01325	0.01315	0.01006	0.00593	0.00483	0.00148	0.00630	0.00440	0.00408	0.00722
