[name]
unknown

[dist]
# distance from previous block
# <min> <max>
8	43

[block]
# block no. 0 follows, 51 sequences, length 20
# corresponding to MSA columns:
# 59-78
name=unknown_A
#
# <colnr> <probs for GDERKNQSTAVLIFYWHMCP>
#	G	D	E	R	K	N	Q	S	T	A	V	L	I	F	Y	W	H	M	C	P
0	0.01280	0.07522	0.06688	0.01172	0.09208	0.03261	0.03821	0.14620	0.05689	0.12143	0.02910	0.24057	0.01614	0.00817	0.00514	0.00159	0.00471	0.00708	0.00410	0.02936
1	0.05061	0.27093	0.22616	0.01037	0.01514	0.08382	0.01067	0.08442	0.01199	0.09821	0.00938	0.01014	0.00714	0.00471	0.00406	0.00128	0.00579	0.00337	0.00292	0.08888
2	0.41614	0.02311	0.03962	0.01062	0.05744	0.03082	0.10626	0.03461	0.07300	0.03410	0.01123	0.06081	0.00963	0.00580	0.00420	0.00158	0.00474	0.03570	0.03468	0.00592
3	0.00888	0.00760	0.01146	0.01534	0.31719	0.00736	0.00841	0.01099	0.01160	0.01609	0.28624	0.02784	0.12462	0.11596	0.00797	0.00195	0.00405	0.00708	0.00381	0.00559
4	0.01390	0.05380	0.03068	0.01112	0.06821	0.10517	0.00842	0.23127	0.18216	0.04913	0.05080	0.01911	0.12777	0.00686	0.00493	0.00149	0.00492	0.00547	0.00425	0.02056
5	0.01422	0.01630	0.01773	0.01835	0.22057	0.32528	0.11272	0.01626	0.01154	0.01353	0.00809	0.01071	0.00689	0.00552	0.00722	0.00156	0.18071	0.00407	0.00242	0.00630
6	0.01449	0.09079	0.18556	0.05063	0.18396	0.05160	0.08007	0.01804	0.03880	0.22057	0.01191	0.01276	0.00855	0.00499	0.00475	0.00148	0.00599	0.00431	0.00337	0.00738
7	0.00677	0.00543	0.00721	0.02463	0.00849	0.00580	0.00557	0.00780	0.00951	0.01278	0.05306	0.56783	0.11914	0.01364	0.00762	0.00196	0.12256	0.01174	0.00419	0.00427
8	0.00607	0.00493	0.00538	0.00540	0.00683	0.00424	0.00400	0.00751	0.01162	0.01458	0.20657	0.11420	0.56711	0.01220	0.00585	0.00167	0.00248	0.01038	0.00474	0.00424
9	0.00986	0.02542	0.80183	0.01401	0.02127	0.01141	0.01816	0.01556	0.01038	0.01556	0.00882	0.01038	0.00623	0.00467	0.00467	0.00156	0.00726	0.00363	0.00208	0.00726
10	0.01219	0.13569	0.20645	0.17329	0.22347	0.08953	0.01367	0.06232	0.01155	0.01513	0.00869	0.01095	0.00685	0.00469	0.00454	0.00144	0.00650	0.00383	0.00241	0.00682
11	0.00714	0.00535	0.00614	0.00584	0.00740	0.00480	0.00441	0.00939	0.04454	0.04405	0.36715	0.04047	0.41350	0.01095	0.00574	0.00161	0.00253	0.00934	0.00500	0.00466
12	0.00642	0.00446	0.00558	0.00630	0.00647	0.00428	0.00398	0.00695	0.00857	0.01143	0.02280	0.53164	0.02710	0.31521	0.01319	0.00302	0.00356	0.01145	0.00398	0.00362
13	0.00599	0.00428	0.00570	0.00684	0.00713	0.00399	0.00456	0.00684	0.00941	0.01254	0.02709	0.82409	0.03250	0.01540	0.00627	0.00200	0.00285	0.01397	0.00456	0.00399
14	0.00673	0.00485	0.00537	0.00533	0.00593	0.00457	0.00336	0.00733	0.00901	0.01163	0.10229	0.03706	0.24943	0.50682	0.01746	0.00353	0.00385	0.00827	0.00368	0.00349
15	0.01246	0.01067	0.01124	0.01005	0.01287	0.01233	0.00784	0.05347	0.76002	0.02094	0.01970	0.01810	0.01476	0.00664	0.00500	0.00166	0.00394	0.00551	0.00500	0.00780
16	0.00602	0.00431	0.00574	0.00682	0.00714	0.00402	0.00456	0.00694	0.00958	0.01282	0.05660	0.79378	0.03304	0.01519	0.00625	0.00198	0.00283	0.01377	0.00459	0.00402
17	0.01575	0.08324	0.01545	0.18251	0.05857	0.44174	0.01055	0.10788	0.01370	0.01456	0.00836	0.01019	0.00669	0.00503	0.00451	0.00136	0.00752	0.00359	0.00270	0.00612
18	0.01202	0.01131	0.01727	0.02389	0.57367	0.03197	0.01262	0.04753	0.01160	0.01648	0.01078	0.01307	0.03799	0.00464	0.00468	0.00133	0.00539	0.00432	0.00271	0.15673
19	0.07494	0.18700	0.13358	0.01169	0.04887	0.13679	0.04893	0.08028	0.06654	0.12670	0.01065	0.01123	0.00798	0.00500	0.00432	0.00138	0.00591	0.00378	0.00328	0.03115

[dist]
# distance from previous block
# <min> <max>
2	12

[block]
# block no. 1 follows, 51 sequences, length 8
# corresponding to MSA columns:
# 91-98
name=unknown_B
#
# <colnr> <probs for GDERKNQSTAVLIFYWHMCP>
#	G	D	E	R	K	N	Q	S	T	A	V	L	I	F	Y	W	H	M	C	P
0	0.03882	0.01232	0.01697	0.03029	0.01713	0.13399	0.26310	0.05490	0.03573	0.13092	0.01293	0.09960	0.01083	0.00591	0.00507	0.00148	0.00615	0.00557	0.00351	0.11480
1	0.05309	0.00503	0.00629	0.00686	0.00766	0.00498	0.00489	0.00865	0.02377	0.03277	0.05796	0.49488	0.06845	0.04542	0.09259	0.00263	0.00413	0.04101	0.03460	0.00432
2	0.00701	0.00479	0.00593	0.00620	0.00692	0.00444	0.00422	0.00809	0.01031	0.04221	0.19569	0.34745	0.13205	0.18984	0.01013	0.00244	0.00315	0.01057	0.00446	0.00409
3	0.00960	0.00640	0.00766	0.00732	0.00868	0.00684	0.00566	0.13868	0.01158	0.01698	0.01665	0.09820	0.01581	0.08706	0.21204	0.00344	0.00610	0.08726	0.24906	0.00496
4	0.00804	0.00589	0.00738	0.00775	0.00894	0.00581	0.00606	0.09114	0.01211	0.01595	0.09596	0.32296	0.12388	0.01295	0.00619	0.00194	0.00357	0.25411	0.00466	0.00471
5	0.01483	0.10289	0.26286	0.01205	0.01702	0.01128	0.10616	0.04404	0.09481	0.26495	0.01338	0.01337	0.00927	0.00525	0.00478	0.00151	0.00578	0.00444	0.00380	0.00752
6	0.01328	0.56692	0.10861	0.01069	0.01509	0.11522	0.08182	0.01551	0.01067	0.01244	0.00743	0.00878	0.00641	0.00435	0.00372	0.00119	0.00620	0.00310	0.00219	0.00636
7	0.00937	0.10846	0.01011	0.00729	0.00937	0.00840	0.00585	0.08417	0.11657	0.01906	0.42757	0.02970	0.12751	0.00879	0.00528	0.00151	0.00320	0.00744	0.00479	0.00555

[dist]
# distance from previous block
# <min> <max>
1	9

[block]
# block no. 2 follows, 51 sequences, length 24
# corresponding to MSA columns:
# 108-131
name=unknown_C
#
# <colnr> <probs for GDERKNQSTAVLIFYWHMCP>
#	G	D	E	R	K	N	Q	S	T	A	V	L	I	F	Y	W	H	M	C	P
0	0.03781	0.13904	0.26450	0.01112	0.01572	0.03724	0.01133	0.16476	0.21014	0.01921	0.01297	0.01321	0.03076	0.00557	0.00455	0.00149	0.00556	0.00427	0.00348	0.00727
1	0.19012	0.11358	0.10638	0.06792	0.12934	0.01266	0.03351	0.10506	0.12128	0.04467	0.01065	0.01174	0.00813	0.00504	0.00428	0.00148	0.00519	0.00395	0.01816	0.00686
2	0.06358	0.00795	0.03174	0.00899	0.04383	0.02060	0.00659	0.05275	0.18549	0.02990	0.04910	0.35452	0.08362	0.01068	0.00551	0.00177	0.00365	0.02971	0.00444	0.00556
3	0.00672	0.00455	0.00607	0.00680	0.00723	0.00434	0.00475	0.00740	0.00948	0.01265	0.09117	0.47623	0.05003	0.07910	0.00951	0.11772	0.00332	0.09496	0.00418	0.00378
4	0.18901	0.15677	0.01370	0.00926	0.01253	0.08083	0.00770	0.20662	0.19644	0.02101	0.01169	0.01194	0.00898	0.00543	0.00412	0.00142	0.00483	0.00391	0.04697	0.00682
5	0.00790	0.01432	0.37779	0.00992	0.01372	0.00756	0.01084	0.01125	0.01061	0.01494	0.11844	0.26656	0.09754	0.00941	0.00542	0.00170	0.00481	0.00813	0.00351	0.00562
6	0.01118	0.34907	0.48974	0.01176	0.01779	0.01464	0.01424	0.01522	0.01022	0.01395	0.00802	0.00937	0.00626	0.00448	0.00406	0.00135	0.00646	0.00323	0.00209	0.00688
7	0.00697	0.00570	0.00637	0.00705	0.00768	0.05770	0.00487	0.00811	0.01053	0.01373	0.15449	0.60912	0.06185	0.01370	0.00605	0.00186	0.00315	0.01227	0.00457	0.00422
8	0.00614	0.00447	0.00579	0.00656	0.00712	0.00412	0.00450	0.00729	0.01036	0.01388	0.16459	0.61596	0.10268	0.01419	0.00615	0.00189	0.00272	0.01275	0.00471	0.00412
9	0.05771	0.01682	0.37026	0.01133	0.01668	0.01030	0.01235	0.11268	0.01322	0.31098	0.01304	0.01281	0.00866	0.00534	0.00472	0.00153	0.00571	0.00417	0.00397	0.00771
10	0.01019	0.01020	0.01708	0.01383	0.01532	0.01212	0.22505	0.01210	0.00902	0.01298	0.01086	0.07177	0.01087	0.07291	0.01263	0.00222	0.41657	0.05625	0.00263	0.00539
11	0.02036	0.01013	0.01136	0.00907	0.01249	0.11515	0.00733	0.02220	0.01403	0.63184	0.07908	0.01724	0.01408	0.00626	0.00494	0.00149	0.00467	0.00501	0.00555	0.00771
12	0.00602	0.00442	0.00565	0.00654	0.00707	0.00406	0.00445	0.00703	0.00995	0.01311	0.07924	0.66344	0.14172	0.01464	0.00618	0.00192	0.00277	0.01313	0.00462	0.00406
13	0.00715	0.00476	0.00536	0.00536	0.00536	0.00476	0.00298	0.00715	0.00715	0.00953	0.01548	0.03216	0.01787	0.82729	0.02501	0.00476	0.00476	0.00715	0.00298	0.00298
14	0.00986	0.02542	0.80183	0.01401	0.02127	0.01141	0.01816	0.01556	0.01038	0.01556	0.00882	0.01038	0.00623	0.00467	0.00467	0.00156	0.00726	0.00363	0.00208	0.00726
15	0.00928	0.00873	0.01474	0.81548	0.03385	0.01092	0.01365	0.01256	0.00983	0.01256	0.00873	0.01310	0.00655	0.00491	0.00491	0.00164	0.00655	0.00437	0.00218	0.00546
16	0.00602	0.00450	0.00560	0.00636	0.00703	0.00408	0.00438	0.00708	0.01018	0.01328	0.09302	0.58176	0.21024	0.01429	0.00613	0.00188	0.00273	0.01273	0.00463	0.00408
17	0.00761	0.00546	0.00755	0.00865	0.00968	0.00540	0.00737	0.00966	0.01106	0.01439	0.02682	0.15547	0.05009	0.01378	0.00669	0.00221	0.00425	0.64490	0.00453	0.00445
18	0.00943	0.00515	0.00692	0.00725	0.00829	0.00468	0.00513	0.01051	0.01041	0.18124	0.02544	0.65113	0.02815	0.01340	0.00599	0.00189	0.00314	0.01204	0.00489	0.00493
19	0.08241	0.04003	0.03885	0.00840	0.01054	0.03414	0.03601	0.08696	0.11901	0.06512	0.01560	0.12839	0.01515	0.25826	0.01101	0.00255	0.00467	0.00646	0.00376	0.03269
20	0.01556	0.24667	0.13545	0.01183	0.03038	0.34672	0.01058	0.12033	0.01349	0.01506	0.00817	0.00928	0.00661	0.00487	0.00419	0.00128	0.00709	0.00328	0.00266	0.00650
21	0.01149	0.00930	0.01028	0.00843	0.01154	0.00922	0.00651	0.07801	0.31347	0.03480	0.01450	0.01659	0.01190	0.11633	0.00719	0.00171	0.00404	0.00468	0.00396	0.32603
22	0.08557	0.01316	0.12076	0.09026	0.07597	0.01205	0.05484	0.28081	0.06154	0.10372	0.01154	0.01256	0.00835	0.00584	0.00537	0.03669	0.00557	0.00436	0.00380	0.00724
23	0.06799	0.21430	0.29405	0.06987	0.10569	0.01349	0.13915	0.01505	0.01040	0.01491	0.00843	0.01047	0.00658	0.00445	0.00442	0.00144	0.00651	0.00381	0.00226	0.00673

[dist]
# distance from previous block
# <min> <max>
0	17

[block]
# block no. 3 follows, 51 sequences, length 21
# corresponding to MSA columns:
# 149-169
name=unknown_D
#
# <colnr> <probs for GDERKNQSTAVLIFYWHMCP>
#	G	D	E	R	K	N	Q	S	T	A	V	L	I	F	Y	W	H	M	C	P
0	0.10420	0.00774	0.00941	0.00772	0.01070	0.00723	0.00623	0.03526	0.05148	0.43660	0.14079	0.02303	0.12370	0.00743	0.00500	0.00155	0.00364	0.00607	0.00538	0.00687
1	0.01219	0.13286	0.01132	0.02603	0.02230	0.00831	0.00658	0.06524	0.01191	0.19977	0.07428	0.24064	0.06367	0.00990	0.00601	0.04851	0.00394	0.04640	0.00441	0.00574
2	0.01089	0.10701	0.56143	0.01441	0.02076	0.05174	0.13567	0.01570	0.01070	0.01500	0.00873	0.01049	0.00643	0.00456	0.00468	0.00151	0.00729	0.00384	0.00216	0.00699
3	0.01259	0.01145	0.01183	0.04128	0.02531	0.09681	0.00825	0.11751	0.32458	0.01877	0.04800	0.04459	0.03257	0.00692	0.00594	0.00157	0.07823	0.02226	0.00410	0.08744
4	0.01122	0.11966	0.01813	0.35430	0.31301	0.03748	0.01322	0.01397	0.01038	0.01367	0.00853	0.01182	0.00697	0.00479	0.00516	0.00151	0.04337	0.00410	0.00227	0.00644
5	0.01424	0.00698	0.00908	0.00752	0.01014	0.00625	0.00598	0.01685	0.05077	0.37936	0.32357	0.02612	0.07090	0.00793	0.00527	0.00151	0.00332	0.00674	0.00555	0.04192
6	0.00645	0.00500	0.00580	0.00614	0.00732	0.00451	0.00465	0.00782	0.01086	0.01367	0.10332	0.14775	0.41461	0.08650	0.00779	0.00209	0.00312	0.15398	0.00449	0.00414
7	0.00838	0.00576	0.00719	0.03775	0.00897	0.00575	0.01585	0.02307	0.05370	0.05183	0.15752	0.23257	0.14998	0.01069	0.01965	0.00174	0.02606	0.00875	0.16993	0.00486
8	0.00702	0.00527	0.00790	0.00790	0.00878	0.00614	0.00614	0.00878	0.00790	0.01141	0.01316	0.01931	0.01229	0.03686	0.80782	0.00790	0.01316	0.00527	0.00263	0.00439
9	0.00599	0.00428	0.00570	0.00684	0.00713	0.00399	0.00456	0.00684	0.00941	0.01254	0.02709	0.82409	0.03250	0.01540	0.00627	0.00200	0.00285	0.01397	0.00456	0.00399
10	0.00906	0.00792	0.01176	0.07407	0.04268	0.00997	0.03019	0.01085	0.00836	0.01257	0.01042	0.01521	0.00946	0.01921	0.33410	0.00431	0.30062	0.00477	0.07943	0.00504
11	0.44066	0.01304	0.12100	0.19693	0.03231	0.09380	0.00967	0.01471	0.00962	0.01778	0.00768	0.00968	0.00589	0.00471	0.00388	0.00153	0.00549	0.00328	0.00264	0.00571
12	0.01766	0.00832	0.01008	0.00804	0.01109	0.00802	0.00654	0.16768	0.01474	0.42359	0.01694	0.01623	0.01155	0.00594	0.00450	0.00140	0.00387	0.00474	0.25183	0.00727
13	0.00703	0.00479	0.00572	0.00583	0.00597	0.00488	0.00354	0.00733	0.00745	0.01005	0.01623	0.10206	0.01846	0.65033	0.12588	0.00492	0.00569	0.00752	0.00308	0.00325
14	0.01101	0.00927	0.08005	0.04808	0.04639	0.00800	0.04585	0.07486	0.08891	0.12604	0.15041	0.14053	0.13253	0.00871	0.00542	0.00164	0.00416	0.00759	0.00446	0.00610
15	0.02743	0.00905	0.01420	0.62828	0.04647	0.01074	0.01240	0.04634	0.03892	0.10355	0.01046	0.01353	0.00757	0.00513	0.00488	0.00161	0.00607	0.00445	0.00286	0.00604
16	0.01115	0.00881	0.00749	0.00709	0.00860	0.16513	0.00529	0.03657	0.01167	0.05186	0.08857	0.10274	0.05326	0.00795	0.00523	0.04786	0.00396	0.00594	0.36592	0.00488
17	0.04344	0.02143	0.56399	0.01603	0.10157	0.01172	0.10397	0.05209	0.01113	0.01662	0.00906	0.01087	0.00660	0.00463	0.00477	0.00155	0.00701	0.00396	0.00233	0.00722
18	0.01189	0.01237	0.09851	0.19693	0.14031	0.02464	0.13894	0.09556	0.01176	0.05315	0.01071	0.06339	0.00893	0.00595	0.00646	0.00166	0.10428	0.00514	0.00289	0.00654
19	0.00984	0.00927	0.12944	0.01956	0.01119	0.00658	0.00739	0.02246	0.03453	0.12049	0.09445	0.11892	0.18805	0.05496	0.00643	0.00176	0.00400	0.05798	0.00417	0.09851
20	0.01173	0.01190	0.06079	0.10936	0.19409	0.05663	0.20529	0.06089	0.01239	0.05388	0.09304	0.01792	0.07804	0.00587	0.00525	0.00155	0.00605	0.00562	0.00321	0.00651

[dist]
# distance from previous block
# <min> <max>
0	8

[block]
# block no. 4 follows, 51 sequences, length 42
# corresponding to MSA columns:
# 178-219
name=unknown_E
#
# <colnr> <probs for GDERKNQSTAVLIFYWHMCP>
#	G	D	E	R	K	N	Q	S	T	A	V	L	I	F	Y	W	H	M	C	P
0	0.04000	0.06865	0.05577	0.15071	0.11075	0.03714	0.08653	0.01617	0.06488	0.16838	0.01353	0.09091	0.01132	0.04028	0.00598	0.00171	0.02181	0.00548	0.00349	0.00650
1	0.04083	0.00989	0.01357	0.01667	0.30495	0.03024	0.00982	0.11035	0.07377	0.09380	0.09006	0.12174	0.01589	0.00820	0.03646	0.00181	0.00503	0.00617	0.00389	0.00684
2	0.04128	0.26653	0.21521	0.01083	0.04318	0.01289	0.02321	0.01736	0.10738	0.13176	0.02571	0.01298	0.02956	0.00522	0.00427	0.00138	0.00527	0.00403	0.00325	0.03872
3	0.05727	0.23539	0.04108	0.00928	0.01216	0.16101	0.00800	0.01589	0.05660	0.10443	0.11332	0.01645	0.06727	0.00645	0.00538	0.00142	0.07442	0.00468	0.00345	0.00605
4	0.04194	0.00756	0.01022	0.03099	0.01110	0.00791	0.11481	0.09155	0.03785	0.03379	0.01402	0.01609	0.01083	0.00560	0.00452	0.00134	0.03551	0.00469	0.51416	0.00552
5	0.04509	0.25423	0.12550	0.16519	0.03033	0.07065	0.05557	0.14232	0.01265	0.04210	0.00897	0.01061	0.00693	0.00482	0.00431	0.00139	0.00615	0.00372	0.00280	0.00664
6	0.01243	0.01060	0.01775	0.08031	0.55590	0.01061	0.04097	0.01546	0.02499	0.09192	0.08000	0.01499	0.01166	0.00511	0.00499	0.00150	0.00547	0.00490	0.00308	0.00736
7	0.00640	0.00502	0.00588	0.00631	0.00758	0.00450	0.00489	0.00789	0.01111	0.01393	0.09269	0.18017	0.43830	0.01304	0.00611	0.00185	0.00300	0.18249	0.00461	0.00424
8	0.01056	0.01005	0.04475	0.17267	0.19476	0.03623	0.03063	0.10728	0.01176	0.01572	0.01529	0.20805	0.04335	0.03551	0.00640	0.00177	0.03901	0.00696	0.00328	0.00597
9	0.05050	0.05838	0.14272	0.04436	0.03220	0.07593	0.01008	0.17257	0.05718	0.28720	0.01337	0.01307	0.00919	0.00552	0.00468	0.00148	0.00547	0.00426	0.00427	0.00757
10	0.00717	0.00463	0.00616	0.00701	0.00760	0.00428	0.00485	0.00816	0.00985	0.06726	0.02709	0.71948	0.05050	0.01461	0.00619	0.00196	0.00300	0.04121	0.00467	0.00432
11	0.00581	0.00498	0.00498	0.00498	0.00664	0.00415	0.00373	0.00705	0.01120	0.01328	0.04978	0.04729	0.79464	0.01245	0.00581	0.00166	0.00249	0.01037	0.00456	0.00415
12	0.00604	0.00451	0.00548	0.00622	0.00684	0.00410	0.00420	0.00693	0.00968	0.01247	0.03204	0.54891	0.23228	0.08663	0.00781	0.00215	0.00293	0.01242	0.00442	0.00394
13	0.01299	0.01399	0.01450	0.29855	0.02191	0.25272	0.06386	0.01860	0.22231	0.01479	0.01153	0.01325	0.00884	0.00538	0.00485	0.00153	0.00665	0.00443	0.00307	0.00624
14	0.01836	0.02342	0.01393	0.01266	0.01519	0.80756	0.00950	0.01962	0.01393	0.01203	0.00760	0.00886	0.00633	0.00506	0.00443	0.00127	0.00886	0.00317	0.00253	0.00570
15	0.04924	0.00728	0.00943	0.00770	0.01056	0.00653	0.00619	0.01834	0.02788	0.48264	0.23450	0.02416	0.07883	0.00759	0.00517	0.00154	0.00352	0.00635	0.00565	0.00690
16	0.01687	0.01154	0.01244	0.00976	0.01310	0.01257	0.00799	0.57767	0.01993	0.07065	0.01310	0.01344	0.00945	0.00587	0.00461	0.00141	0.00469	0.00449	0.18287	0.00757
17	0.01193	0.01025	0.01086	0.00979	0.01248	0.01181	0.00761	0.02519	0.74517	0.02051	0.06260	0.01935	0.01673	0.00685	0.00504	0.00166	0.00380	0.00574	0.00502	0.00761
18	0.01293	0.00777	0.00829	0.00701	0.00925	0.00812	0.00558	0.25550	0.01465	0.07634	0.01627	0.01730	0.04233	0.00607	0.00410	0.00130	0.00342	0.00479	0.49297	0.00602
19	0.00761	0.00564	0.00730	0.00807	0.00908	0.00568	0.00640	0.01050	0.09030	0.01457	0.05377	0.29790	0.05421	0.04068	0.00698	0.00215	0.00378	0.36619	0.00457	0.00463
20	0.01055	0.01012	0.01745	0.46271	0.34410	0.01129	0.04601	0.01372	0.01046	0.01411	0.00899	0.01273	0.00709	0.00466	0.00493	0.00157	0.00633	0.00443	0.00230	0.00645
21	0.01143	0.01441	0.10227	0.02008	0.02527	0.01233	0.70668	0.01572	0.01148	0.01572	0.00984	0.01298	0.00734	0.00419	0.00569	0.00165	0.00819	0.00559	0.00245	0.00669
22	0.01019	0.00873	0.01019	0.00728	0.01165	0.00655	0.00582	0.01237	0.01019	0.01601	0.00873	0.01019	0.00728	0.00364	0.00364	0.00073	0.00364	0.00291	0.00291	0.85734
23	0.01172	0.48120	0.36234	0.01084	0.01637	0.01596	0.01264	0.01508	0.01015	0.01330	0.00769	0.00896	0.00627	0.00441	0.00381	0.00127	0.00613	0.00306	0.00209	0.00672
24	0.00599	0.00428	0.00570	0.00684	0.00713	0.00399	0.00456	0.00684	0.00941	0.01254	0.02709	0.82409	0.03250	0.01540	0.00627	0.00200	0.00285	0.01397	0.00456	0.00399
25	0.00707	0.00493	0.00625	0.00626	0.00660	0.00520	0.00412	0.00776	0.00771	0.01061	0.04591	0.04344	0.01744	0.51830	0.28213	0.00562	0.00740	0.00673	0.00299	0.00353
26	0.01392	0.02368	0.18011	0.00936	0.01392	0.00845	0.00906	0.04562	0.04853	0.25121	0.04129	0.01428	0.02611	0.00523	0.00447	0.00127	0.00461	0.00421	0.00396	0.29071
27	0.37988	0.01284	0.10617	0.00853	0.01239	0.09173	0.00768	0.06058	0.01057	0.01900	0.00832	0.02382	0.00672	0.00466	0.00371	0.00129	0.00478	0.00321	0.00298	0.23113
28	0.01130	0.01267	0.02715	0.12390	0.02674	0.01223	0.67945	0.01533	0.01137	0.01533	0.00979	0.01324	0.00734	0.00424	0.00568	0.00165	0.00806	0.00561	0.00245	0.00648
29	0.01716	0.01722	0.01336	0.01133	0.01443	0.37990	0.00884	0.27127	0.09531	0.04261	0.01221	0.01251	0.03749	0.00575	0.00468	0.00138	0.00664	0.00414	0.00377	0.03999
30	0.00648	0.00462	0.00561	0.00608	0.00654	0.00436	0.00398	0.00726	0.00934	0.01235	0.10013	0.37057	0.12582	0.28777	0.01248	0.00285	0.00342	0.02248	0.00411	0.00374
31	0.07933	0.00964	0.01065	0.00860	0.01150	0.01014	0.00692	0.33882	0.02643	0.15019	0.01313	0.01391	0.00962	0.00691	0.00597	0.09179	0.00431	0.00436	0.16395	0.03384
32	0.03211	0.01688	0.21941	0.01268	0.04668	0.17739	0.06527	0.08025	0.07910	0.15198	0.02826	0.01423	0.04239	0.00565	0.00484	0.00150	0.00628	0.00453	0.00357	0.00701
33	0.01160	0.01326	0.02900	0.02071	0.02568	0.01243	0.77879	0.01574	0.01160	0.01574	0.00994	0.01326	0.00746	0.00414	0.00580	0.00166	0.00829	0.00580	0.00249	0.00663
34	0.00765	0.00440	0.00614	0.00635	0.00655	0.00429	0.00423	0.00684	0.00792	0.01063	0.08585	0.19633	0.03436	0.09278	0.01542	0.49328	0.00379	0.00721	0.00309	0.00289
35	0.00758	0.00596	0.00861	0.08779	0.09665	0.00602	0.00697	0.03632	0.01034	0.01386	0.03692	0.56543	0.02642	0.01262	0.00596	0.00189	0.00372	0.05807	0.00413	0.00475
36	0.02761	0.23447	0.39201	0.01314	0.04808	0.01380	0.06770	0.03107	0.01032	0.01456	0.00838	0.01030	0.00664	0.00590	0.03208	0.00168	0.06965	0.00365	0.00223	0.00673
37	0.00625	0.00487	0.00573	0.00616	0.00731	0.00435	0.00460	0.00762	0.01098	0.01391	0.11658	0.26934	0.40099	0.01319	0.00607	0.00182	0.00284	0.10854	0.00464	0.00420
38	0.00695	0.00483	0.00568	0.00588	0.00620	0.00477	0.00374	0.00742	0.00811	0.01068	0.02062	0.11584	0.09484	0.56304	0.06300	0.00417	0.00479	0.06267	0.00339	0.00338
39	0.01174	0.05221	0.36202	0.01899	0.29588	0.05565	0.01504	0.06827	0.01169	0.01633	0.00974	0.04263	0.00796	0.00507	0.00474	0.00150	0.00646	0.00429	0.00252	0.00727
40	0.01178	0.08412	0.04231	0.02765	0.03660	0.03804	0.30657	0.04252	0.05716	0.06066	0.04179	0.04687	0.03399	0.00846	0.07139	0.00213	0.07297	0.00560	0.00311	0.00629
41	0.05155	0.05479	0.01340	0.00988	0.01348	0.01228	0.00819	0.42188	0.03970	0.23539	0.01380	0.01353	0.00967	0.00755	0.04950	0.00182	0.00532	0.00448	0.02600	0.00780

[dist]
# distance from previous block
# <min> <max>
5	7

[block]
# block no. 5 follows, 51 sequences, length 18
# corresponding to MSA columns:
# 227-244
name=unknown_F
#
# <colnr> <probs for GDERKNQSTAVLIFYWHMCP>
#	G	D	E	R	K	N	Q	S	T	A	V	L	I	F	Y	W	H	M	C	P
0	0.01129	0.06804	0.05903	0.00910	0.01185	0.02229	0.02991	0.18016	0.13425	0.03332	0.14028	0.10019	0.12082	0.00939	0.03336	0.00181	0.00454	0.01975	0.00438	0.00621
1	0.01261	0.01128	0.09491	0.17000	0.08621	0.01076	0.01043	0.02032	0.33737	0.13293	0.05005	0.01652	0.01277	0.00598	0.00496	0.00160	0.00491	0.00508	0.00409	0.00722
2	0.15058	0.11954	0.05331	0.02974	0.01632	0.01097	0.23412	0.01598	0.01114	0.16927	0.01323	0.04599	0.01106	0.00611	0.00489	0.00160	0.00565	0.09063	0.00351	0.00638
3	0.01054	0.10966	0.36093	0.19531	0.14028	0.01246	0.03354	0.01454	0.01022	0.01433	0.00855	0.01106	0.00658	0.00481	0.00519	0.00154	0.04770	0.00388	0.00217	0.00672
4	0.00715	0.00476	0.00536	0.00536	0.00536	0.00476	0.00298	0.00715	0.00715	0.00953	0.01548	0.03216	0.01787	0.82729	0.02501	0.00476	0.00476	0.00715	0.00298	0.00298
5	0.00621	0.00451	0.00570	0.00638	0.00693	0.00417	0.00432	0.00724	0.01004	0.01335	0.13551	0.54472	0.12603	0.09119	0.00792	0.00215	0.00291	0.01218	0.00453	0.00400
6	0.01314	0.01018	0.01080	0.00891	0.01152	0.04970	0.00710	0.38429	0.01819	0.02435	0.32345	0.02395	0.07752	0.00795	0.00530	0.00151	0.00416	0.00654	0.00497	0.00646
7	0.00961	0.01557	0.33481	0.19802	0.02210	0.01027	0.12929	0.04015	0.01071	0.01490	0.01232	0.15624	0.01124	0.00660	0.00519	0.00167	0.00640	0.00600	0.00270	0.00621
8	0.01209	0.00746	0.00889	0.00785	0.01006	0.00759	0.00619	0.05559	0.20344	0.17257	0.28345	0.02598	0.02527	0.00794	0.00518	0.00156	0.00334	0.04776	0.10148	0.00631
9	0.00970	0.00609	0.00742	0.00665	0.00852	0.00564	0.00513	0.03033	0.05948	0.14461	0.42115	0.03440	0.22221	0.00970	0.00559	0.00158	0.00283	0.00831	0.00527	0.00539
10	0.03562	0.02217	0.02708	0.14500	0.18489	0.09731	0.06359	0.05878	0.01181	0.04998	0.01375	0.03300	0.05279	0.00583	0.00468	0.00147	0.00540	0.02261	0.15813	0.00612
11	0.01109	0.01701	0.33421	0.06246	0.40868	0.01156	0.01590	0.01567	0.04747	0.01589	0.00955	0.01178	0.00743	0.00463	0.00479	0.00152	0.00636	0.00413	0.00240	0.00746
12	0.00858	0.00545	0.00668	0.00612	0.00780	0.00482	0.00468	0.01048	0.01302	0.12125	0.44158	0.03760	0.29269	0.01032	0.00569	0.00158	0.00262	0.00886	0.00522	0.00497
13	0.03338	0.00510	0.00635	0.00659	0.00725	0.00511	0.00471	0.00835	0.00948	0.01315	0.14611	0.13795	0.05291	0.31298	0.10373	0.00362	0.00492	0.13054	0.00385	0.00390
14	0.01517	0.03152	0.29540	0.01060	0.01540	0.00971	0.01109	0.09725	0.04381	0.31420	0.03768	0.01657	0.06715	0.00611	0.00489	0.00154	0.00525	0.00489	0.00427	0.00750
15	0.01281	0.52283	0.23892	0.01026	0.01528	0.01679	0.01120	0.09480	0.01146	0.01469	0.00790	0.00898	0.00650	0.00451	0.00376	0.00123	0.00583	0.00309	0.00239	0.00678
16	0.01347	0.23944	0.13179	0.00967	0.01352	0.03632	0.00922	0.20316	0.05860	0.05887	0.12528	0.01499	0.01375	0.00588	0.00444	0.00137	0.00499	0.00452	0.04391	0.00680
17	0.08000	0.26713	0.45994	0.01156	0.01737	0.01402	0.01369	0.05693	0.01079	0.01572	0.00822	0.00951	0.00629	0.00459	0.00409	0.00140	0.00627	0.00329	0.00232	0.00688

[dist]
# distance from previous block
# <min> <max>
1	4

[block]
# block no. 6 follows, 51 sequences, length 24
# corresponding to MSA columns:
# 249-272
name=unknown_G
#
# <colnr> <probs for GDERKNQSTAVLIFYWHMCP>
#	G	D	E	R	K	N	Q	S	T	A	V	L	I	F	Y	W	H	M	C	P
0	0.07492	0.17342	0.49243	0.01259	0.01858	0.01324	0.05950	0.07276	0.01118	0.01647	0.00859	0.01001	0.00641	0.00464	0.00435	0.00146	0.00655	0.00356	0.00239	0.00698
1	0.34019	0.00807	0.00875	0.00771	0.01057	0.00819	0.00643	0.01663	0.01121	0.30120	0.02988	0.02259	0.04942	0.00731	0.00462	0.00167	0.00399	0.15082	0.00454	0.00620
2	0.00850	0.00630	0.00888	0.07026	0.10311	0.00645	0.00685	0.01060	0.05533	0.04940	0.01972	0.32675	0.02136	0.16642	0.05825	0.00277	0.00472	0.06569	0.00381	0.00485
3	0.33315	0.01005	0.05943	0.00884	0.01190	0.00978	0.05708	0.09118	0.06972	0.09692	0.10335	0.10103	0.01488	0.00677	0.00451	0.00159	0.00424	0.00547	0.00401	0.00609
4	0.01556	0.01018	0.00997	0.00866	0.01113	0.17357	0.00670	0.01723	0.01326	0.34753	0.16564	0.12839	0.05469	0.00815	0.00521	0.00154	0.00456	0.00677	0.00494	0.00633
5	0.00598	0.00455	0.00551	0.00620	0.00698	0.00408	0.00430	0.00704	0.01023	0.01316	0.07531	0.52846	0.28218	0.01415	0.00610	0.00186	0.00270	0.01252	0.00461	0.00408
6	0.01092	0.01048	0.01778	0.35736	0.36020	0.01146	0.07129	0.01490	0.06868	0.01490	0.00989	0.01310	0.00778	0.00476	0.00497	0.00156	0.00618	0.00457	0.00252	0.00672
7	0.16216	0.01255	0.16446	0.01232	0.11875	0.00975	0.01011	0.07285	0.01262	0.32392	0.04391	0.01382	0.01033	0.00546	0.00458	0.00152	0.00495	0.00434	0.00419	0.00740
8	0.00708	0.00666	0.00597	0.00581	0.00750	0.07726	0.00436	0.00845	0.01176	0.01389	0.13040	0.04260	0.63805	0.01150	0.00568	0.00161	0.00305	0.00955	0.00447	0.00434
9	0.00703	0.00481	0.00550	0.00545	0.00571	0.00471	0.00325	0.00743	0.00832	0.01114	0.12204	0.03375	0.07225	0.66475	0.02119	0.00413	0.00429	0.00759	0.00341	0.00328
10	0.16793	0.04570	0.00899	0.00781	0.00924	0.05803	0.00610	0.01069	0.00859	0.01339	0.01385	0.01898	0.06902	0.11689	0.35811	0.00471	0.06946	0.00506	0.00283	0.00462
11	0.01057	0.00930	0.01207	0.01170	0.16318	0.00754	0.00761	0.01290	0.01038	0.01602	0.00883	0.01057	0.00738	0.00378	0.00388	0.00087	0.00406	0.00319	0.00282	0.69334
12	0.00822	0.00513	0.00623	0.00650	0.00761	0.00486	0.00496	0.00976	0.01050	0.06331	0.05605	0.16547	0.15619	0.12059	0.00818	0.00216	0.00340	0.18791	0.16855	0.00442
13	0.00652	0.00450	0.00554	0.00616	0.00632	0.00435	0.00383	0.00698	0.00837	0.01116	0.02176	0.46030	0.02578	0.38836	0.01488	0.00327	0.00373	0.01084	0.00383	0.00353
14	0.11942	0.16759	0.01490	0.00970	0.01280	0.01132	0.11017	0.06205	0.12766	0.07495	0.20690	0.01899	0.01851	0.00645	0.00472	0.00149	0.00446	0.01760	0.00402	0.00627
15	0.06603	0.23045	0.37648	0.01254	0.08700	0.01265	0.01280	0.01443	0.01066	0.01551	0.10708	0.01305	0.01138	0.00519	0.00433	0.00141	0.00576	0.00404	0.00260	0.00660
16	0.00850	0.00512	0.00642	0.00632	0.00757	0.00467	0.00464	0.01022	0.01184	0.10359	0.29787	0.26314	0.12120	0.01089	0.00554	0.00164	0.00270	0.00955	0.11378	0.00480
17	0.04403	0.00966	0.03379	0.01294	0.01579	0.00939	0.27431	0.01486	0.12727	0.05210	0.01768	0.17128	0.01702	0.00855	0.00609	0.00183	0.03094	0.14275	0.00378	0.00594
18	0.01185	0.01153	0.01991	0.09445	0.55660	0.01176	0.11663	0.01596	0.08174	0.01612	0.01027	0.01295	0.00829	0.00460	0.00501	0.00152	0.00605	0.00468	0.00265	0.00743
19	0.01467	0.02804	0.05389	0.06782	0.08511	0.03905	0.10743	0.14931	0.01410	0.21877	0.08198	0.07315	0.03115	0.00656	0.00516	0.00155	0.00528	0.00579	0.00422	0.00697
20	0.00622	0.00470	0.00575	0.00611	0.00705	0.00423	0.00435	0.00762	0.01125	0.01487	0.26010	0.36833	0.25563	0.01297	0.00600	0.00177	0.00259	0.01144	0.00481	0.00423
21	0.01333	0.00945	0.01343	0.34447	0.07997	0.01051	0.01062	0.08696	0.14045	0.17746	0.05307	0.01572	0.01138	0.00575	0.00498	0.00159	0.00525	0.00492	0.00388	0.00683
22	0.01424	0.01223	0.01885	0.07991	0.29025	0.05716	0.17231	0.11175	0.06046	0.11633	0.01151	0.01318	0.00860	0.00495	0.00506	0.00153	0.00620	0.00475	0.00335	0.00739
23	0.01830	0.05683	0.12544	0.00967	0.01384	0.00947	0.00897	0.12166	0.02683	0.48486	0.02931	0.02864	0.03113	0.00613	0.00486	0.00151	0.00475	0.00491	0.00504	0.00785

[dist]
# distance from previous block
# <min> <max>
1	4

[block]
# block no. 7 follows, 51 sequences, length 17
# corresponding to MSA columns:
# 277-293
name=unknown_H
#
# <colnr> <probs for GDERKNQSTAVLIFYWHMCP>
#	G	D	E	R	K	N	Q	S	T	A	V	L	I	F	Y	W	H	M	C	P
0	0.00896	0.00513	0.00693	0.00742	0.00840	0.00473	0.00540	0.01015	0.01042	0.14768	0.02565	0.59817	0.02854	0.01359	0.00610	0.00194	0.00327	0.09787	0.00482	0.00480
1	0.00730	0.14632	0.00889	0.00588	0.00782	0.00686	0.00475	0.00881	0.01147	0.01426	0.19248	0.06794	0.47889	0.01066	0.00537	0.00154	0.00294	0.00888	0.00431	0.00461
2	0.01321	0.01187	0.01477	0.01210	0.01541	0.03751	0.14012	0.12908	0.52424	0.02092	0.01675	0.01626	0.01251	0.00608	0.00511	0.00163	0.00501	0.00537	0.00448	0.00760
3	0.00707	0.00587	0.00734	0.00732	0.00821	0.00620	0.00562	0.00835	0.01025	0.01344	0.09974	0.22317	0.30507	0.04235	0.00849	0.00199	0.14260	0.08840	0.00416	0.00436
4	0.15688	0.07820	0.25157	0.10388	0.26177	0.02506	0.01343	0.01485	0.01025	0.01614	0.00843	0.01060	0.00662	0.00454	0.00434	0.00147	0.00596	0.00368	0.00239	0.01993
5	0.01172	0.01076	0.01621	0.15461	0.40526	0.02420	0.02429	0.05504	0.14480	0.01721	0.06306	0.01504	0.01144	0.00534	0.00494	0.00153	0.00540	0.00488	0.01715	0.00711
6	0.01156	0.04214	0.01093	0.01027	0.06145	0.23895	0.03112	0.01192	0.01057	0.01240	0.14334	0.03841	0.01486	0.01061	0.01030	0.32346	0.00550	0.00500	0.00291	0.00432
7	0.00846	0.14688	0.00985	0.00661	0.00861	0.00770	0.00534	0.01123	0.07596	0.03598	0.33260	0.05768	0.25600	0.00954	0.00527	0.00152	0.00306	0.00804	0.00455	0.00511
8	0.00709	0.00497	0.00637	0.00677	0.00724	0.00506	0.00480	0.00802	0.00857	0.01146	0.01977	0.14865	0.03962	0.38585	0.15214	0.00431	0.00582	0.16628	0.00351	0.00372
9	0.01194	0.00691	0.00889	0.00739	0.00956	0.00622	0.00559	0.06944	0.01050	0.14855	0.06640	0.01531	0.01150	0.01033	0.01066	0.36131	0.00404	0.00437	0.00346	0.22765
10	0.00744	0.00570	0.00642	0.00630	0.00737	0.00565	0.00438	0.01040	0.12975	0.01434	0.16987	0.12458	0.20820	0.26434	0.01169	0.00264	0.00342	0.00876	0.00430	0.00442
11	0.00878	0.00499	0.00667	0.00712	0.00799	0.00457	0.00496	0.00978	0.01013	0.14733	0.02535	0.65753	0.02850	0.04277	0.00671	0.00201	0.00315	0.01218	0.00477	0.00470
12	0.40880	0.01112	0.01265	0.06326	0.01475	0.06303	0.13033	0.11593	0.01165	0.04968	0.01096	0.04127	0.03649	0.00547	0.00424	0.00155	0.00517	0.00432	0.00334	0.00599
13	0.15536	0.00608	0.00684	0.00633	0.00769	0.00624	0.00458	0.01120	0.00977	0.10458	0.16710	0.02478	0.01968	0.28810	0.10282	0.00332	0.00484	0.00609	0.06003	0.00459
14	0.00715	0.00476	0.00536	0.00536	0.00536	0.00476	0.00298	0.00715	0.00715	0.00953	0.01548	0.03216	0.01787	0.82729	0.02501	0.00476	0.00476	0.00715	0.00298	0.00298
15	0.00878	0.00646	0.00792	0.00710	0.00891	0.00607	0.00538	0.07799	0.04394	0.03512	0.43959	0.16461	0.03334	0.00950	0.00546	0.00151	0.00296	0.00833	0.00488	0.12214
16	0.01396	0.01143	0.01725	0.24421	0.09048	0.01245	0.14268	0.27638	0.01500	0.07169	0.01104	0.02904	0.00832	0.00546	0.00540	0.00158	0.02825	0.00486	0.00350	0.00701

[dist]
# distance from previous block
# <min> <max>
0	3

[block]
# block no. 8 follows, 51 sequences, length 15
# corresponding to MSA columns:
# 297-311
name=unknown_I
#
# <colnr> <probs for GDERKNQSTAVLIFYWHMCP>
#	G	D	E	R	K	N	Q	S	T	A	V	L	I	F	Y	W	H	M	C	P
0	0.01639	0.01470	0.01168	0.04099	0.01358	0.36739	0.00801	0.01892	0.06848	0.21769	0.11244	0.01740	0.05816	0.00648	0.00487	0.00143	0.00603	0.00497	0.00409	0.00631
1	0.05737	0.02716	0.01160	0.00846	0.01252	0.00833	0.03607	0.05180	0.08286	0.15060	0.01163	0.01208	0.00875	0.00452	0.00409	0.00107	0.00406	0.00366	0.00371	0.49965
2	0.01124	0.07084	0.08267	0.16735	0.01985	0.01001	0.22548	0.01436	0.01164	0.11228	0.13769	0.03570	0.04231	0.00634	0.00527	0.00159	0.00575	0.03003	0.00345	0.00612
3	0.00635	0.00453	0.00611	0.00725	0.00769	0.00430	0.00518	0.00746	0.00976	0.01295	0.02689	0.68169	0.03172	0.01506	0.00637	0.00205	0.00316	0.15283	0.00455	0.00409
4	0.55247	0.00908	0.00876	0.00730	0.01062	0.00962	0.00602	0.01795	0.01046	0.30875	0.01147	0.01121	0.00784	0.00512	0.00374	0.00152	0.00394	0.00350	0.00416	0.00644
5	0.01105	0.01792	0.35262	0.05005	0.05442	0.12046	0.01310	0.04925	0.01092	0.01469	0.01126	0.13466	0.01047	0.00696	0.00651	0.00166	0.11971	0.00534	0.00268	0.00628
6	0.00605	0.00462	0.00556	0.00610	0.00698	0.00413	0.00428	0.00724	0.01064	0.01376	0.13798	0.44494	0.30271	0.01364	0.00605	0.00182	0.00265	0.01202	0.00468	0.00413
7	0.00650	0.00451	0.00561	0.00622	0.00643	0.00433	0.00393	0.00708	0.00872	0.01168	0.05903	0.46865	0.02729	0.34102	0.01377	0.00309	0.00359	0.01099	0.00397	0.00362
8	0.00590	0.00463	0.00533	0.00589	0.00688	0.00407	0.00414	0.00695	0.01032	0.01292	0.03867	0.42765	0.42146	0.01389	0.00604	0.00182	0.00267	0.01213	0.00456	0.00407
9	0.13219	0.66691	0.02245	0.00839	0.01233	0.06568	0.00804	0.01497	0.01000	0.01306	0.00688	0.00796	0.00617	0.00431	0.00321	0.00113	0.00527	0.00266	0.00226	0.00613
10	0.00707	0.00507	0.00693	0.00693	0.00747	0.00562	0.00493	0.00815	0.00761	0.01069	0.01405	0.02422	0.01442	0.33882	0.50877	0.00670	0.00995	0.00598	0.00276	0.00385
11	0.01169	0.00978	0.01038	0.00924	0.01184	0.01099	0.00718	0.09189	0.56812	0.02044	0.07213	0.02228	0.09860	0.02606	0.00558	0.00171	0.00380	0.00621	0.00493	0.00714
12	0.01311	0.01023	0.01109	0.00980	0.01263	0.01148	0.00776	0.09931	0.58172	0.07830	0.02056	0.02077	0.04279	0.00716	0.00512	0.00167	0.00405	0.04987	0.00503	0.00756
13	0.00988	0.00841	0.00986	0.00725	0.01131	0.00636	0.00573	0.01197	0.01013	0.01576	0.01008	0.07003	0.00913	0.00450	0.00383	0.00082	0.00358	0.00372	0.00303	0.79459
14	0.05372	0.01592	0.01233	0.01092	0.04934	0.39032	0.00803	0.01645	0.01207	0.04034	0.00848	0.00976	0.00692	0.00448	0.00409	0.00108	0.00627	0.00316	0.00282	0.34351

[dist]
# distance from previous block
# <min> <max>
0	4

[block]
# block no. 9 follows, 51 sequences, length 37
# corresponding to MSA columns:
# 316-352
name=unknown_J
#
# <colnr> <probs for GDERKNQSTAVLIFYWHMCP>
#	G	D	E	R	K	N	Q	S	T	A	V	L	I	F	Y	W	H	M	C	P
0	0.01272	0.02829	0.07697	0.00817	0.01266	0.00738	0.00721	0.01512	0.01101	0.18042	0.01094	0.01153	0.00819	0.00425	0.00399	0.00097	0.00409	0.00339	0.00349	0.58921
1	0.23825	0.16464	0.01645	0.04362	0.21414	0.19090	0.03762	0.01580	0.01080	0.01577	0.00780	0.00960	0.00648	0.00456	0.00401	0.00137	0.00598	0.00338	0.00255	0.00627
2	0.01812	0.00873	0.01086	0.00862	0.01186	0.00837	0.00701	0.15842	0.05009	0.46761	0.11180	0.01846	0.01579	0.00653	0.00492	0.00149	0.00401	0.00533	0.07440	0.00758
3	0.05233	0.19813	0.12779	0.01844	0.31779	0.08335	0.03285	0.06718	0.02965	0.01600	0.00883	0.01062	0.00719	0.00460	0.00436	0.00138	0.00607	0.00377	0.00257	0.00709
4	0.86201	0.00950	0.00722	0.00646	0.00950	0.01102	0.00532	0.01445	0.00836	0.02205	0.00684	0.00798	0.00532	0.00456	0.00304	0.00152	0.00380	0.00266	0.00304	0.00532
5	0.31338	0.00815	0.00735	0.00664	0.00906	0.03832	0.00523	0.06992	0.01134	0.06957	0.03955	0.06657	0.32056	0.00855	0.00467	0.00159	0.00355	0.00670	0.00408	0.00522
6	0.01373	0.12461	0.22919	0.01844	0.31980	0.01172	0.01338	0.01701	0.01141	0.17836	0.01092	0.01206	0.00808	0.00479	0.00460	0.00144	0.00580	0.00406	0.00305	0.00757
7	0.00703	0.00522	0.00765	0.00765	0.00844	0.00601	0.00583	0.00862	0.00782	0.01123	0.01339	0.02056	0.01283	0.11374	0.73168	0.00759	0.01235	0.00545	0.00267	0.00425
8	0.01375	0.00864	0.01064	0.00969	0.01216	0.00889	0.00823	0.24976	0.01543	0.15966	0.02046	0.03510	0.01927	0.00988	0.00588	0.00189	0.00474	0.39462	0.00492	0.00639
9	0.01221	0.60367	0.24424	0.00998	0.01505	0.01718	0.01115	0.01495	0.01010	0.01269	0.00739	0.00858	0.00628	0.00434	0.00358	0.00119	0.00582	0.00291	0.00209	0.00658
10	0.01482	0.01185	0.01258	0.01053	0.01377	0.01344	0.00841	0.32967	0.47997	0.02475	0.01670	0.01570	0.01233	0.00636	0.00497	0.00159	0.00450	0.00510	0.00497	0.00801
11	0.00602	0.00433	0.00572	0.00676	0.00712	0.00402	0.00454	0.00695	0.00965	0.01287	0.06058	0.76964	0.05339	0.01509	0.00624	0.00197	0.00282	0.01366	0.00460	0.00402
12	0.00613	0.00437	0.00562	0.00657	0.00688	0.00410	0.00432	0.00689	0.00920	0.01219	0.02665	0.68605	0.06613	0.11967	0.00866	0.00234	0.00308	0.01293	0.00436	0.00387
13	0.86201	0.00950	0.00722	0.00646	0.00950	0.01102	0.00532	0.01445	0.00836	0.02205	0.00684	0.00798	0.00532	0.00456	0.00304	0.00152	0.00380	0.00266	0.00304	0.00532
14	0.01298	0.01346	0.02535	0.01843	0.02289	0.03210	0.58231	0.15248	0.01350	0.01817	0.01003	0.01276	0.00754	0.00471	0.00615	0.00164	0.05032	0.00541	0.00290	0.00685
15	0.00598	0.00431	0.00567	0.00676	0.00710	0.00400	0.00452	0.00685	0.00949	0.01258	0.02815	0.78774	0.06816	0.01526	0.00625	0.00198	0.00283	0.01380	0.00456	0.00400
16	0.00612	0.00433	0.00566	0.00668	0.00693	0.00408	0.00439	0.00688	0.00916	0.01221	0.02580	0.73642	0.03088	0.10527	0.00835	0.00230	0.00306	0.01322	0.00439	0.00388
17	0.01407	0.00932	0.00983	0.00805	0.01063	0.01008	0.00648	0.40807	0.01691	0.02485	0.01385	0.01496	0.01041	0.00582	0.00420	0.00132	0.00390	0.00450	0.41624	0.00653
18	0.00600	0.00456	0.00554	0.00630	0.00707	0.00410	0.00440	0.00703	0.01008	0.01287	0.03464	0.53662	0.28744	0.01434	0.00614	0.00189	0.00279	0.03956	0.00456	0.00406
19	0.01868	0.01376	0.01475	0.01131	0.01524	0.01524	0.00934	0.78025	0.02311	0.03097	0.01180	0.01180	0.00836	0.00590	0.00492	0.00147	0.00541	0.00442	0.00492	0.00836
20	0.00591	0.00499	0.00514	0.00523	0.00682	0.00421	0.00396	0.00719	0.01115	0.01332	0.04790	0.07419	0.73277	0.01260	0.00587	0.00170	0.00260	0.04574	0.00456	0.00416
21	0.00874	0.00617	0.00793	0.00850	0.00977	0.00630	0.00681	0.01246	0.13860	0.05507	0.02502	0.28766	0.02659	0.01263	0.00624	0.00204	0.00388	0.36579	0.00469	0.00509
22	0.01019	0.00873	0.01019	0.00728	0.01165	0.00655	0.00582	0.01237	0.01019	0.01601	0.00873	0.01019	0.00728	0.00364	0.00364	0.00073	0.00364	0.00291	0.00291	0.85734
23	0.01134	0.01084	0.01846	0.25460	0.57864	0.01146	0.01467	0.01436	0.01080	0.01505	0.00910	0.01243	0.00743	0.00453	0.00488	0.00151	0.00604	0.00438	0.00236	0.00712
24	0.01494	0.01642	0.01348	0.09109	0.07514	0.37962	0.00969	0.04878	0.25323	0.01567	0.01185	0.01268	0.00926	0.00574	0.00497	0.01675	0.00666	0.00418	0.00334	0.00651
25	0.01285	0.09329	0.02205	0.01574	0.01892	0.10808	0.34692	0.07280	0.01148	0.01499	0.00856	0.01143	0.00701	0.00560	0.00811	0.00167	0.22701	0.00467	0.00255	0.00628
26	0.03491	0.01811	0.09059	0.01266	0.02836	0.40177	0.07197	0.01931	0.18107	0.01495	0.01200	0.04271	0.01006	0.00597	0.00482	0.00149	0.00703	0.03275	0.00318	0.00630
27	0.68142	0.00926	0.00812	0.00695	0.01016	0.01021	0.00573	0.01649	0.00959	0.18932	0.00954	0.00986	0.00679	0.00489	0.00345	0.00152	0.00388	0.00315	0.00370	0.00598
28	0.01121	0.00966	0.01329	0.01296	0.17776	0.00822	0.04736	0.01418	0.04658	0.04551	0.00982	0.01138	0.00793	0.00405	0.00412	0.00100	0.00437	0.00357	0.00300	0.56401
29	0.00705	0.00515	0.00729	0.00729	0.00796	0.00581	0.00539	0.00839	0.00772	0.01096	0.01372	0.02237	0.01362	0.22535	0.62115	0.00715	0.01116	0.00571	0.00271	0.00405
30	0.00986	0.02542	0.80183	0.01401	0.02127	0.01141	0.01816	0.01556	0.01038	0.01556	0.00882	0.01038	0.00623	0.00467	0.00467	0.00156	0.00726	0.00363	0.00208	0.00726
31	0.00710	0.00495	0.00632	0.00632	0.00666	0.00529	0.00418	0.00776	0.00743	0.01024	0.01460	0.02728	0.01575	0.52735	0.32206	0.00595	0.00795	0.00643	0.00285	0.00351
32	0.00705	0.00495	0.00642	0.00646	0.00684	0.00531	0.00435	0.00781	0.00754	0.01042	0.01494	0.05551	0.01609	0.47069	0.34839	0.00596	0.00817	0.00661	0.00289	0.00360
33	0.06842	0.12320	0.26776	0.10735	0.04281	0.04235	0.11946	0.06094	0.01141	0.07510	0.00945	0.01118	0.00702	0.00485	0.00490	0.00151	0.02884	0.00399	0.00271	0.00676
34	0.01353	0.24100	0.19469	0.09023	0.01814	0.26157	0.05354	0.01674	0.04254	0.01329	0.00840	0.00997	0.00673	0.00474	0.00428	0.00135	0.00707	0.00348	0.00237	0.00633
35	0.00819	0.00663	0.00800	0.00709	0.00922	0.00581	0.02302	0.04049	0.03860	0.01461	0.02390	0.27306	0.17647	0.07649	0.00679	0.00173	0.00344	0.00844	0.00391	0.26410
36	0.01346	0.01057	0.01209	0.01022	0.01281	0.04070	0.04368	0.30624	0.15611	0.05000	0.05873	0.20165	0.01712	0.00844	0.00570	0.00166	0.03234	0.00710	0.00462	0.00676

[dist]
# distance from previous block
# <min> <max>
0	7

[block]
# block no. 10 follows, 51 sequences, length 59
# corresponding to MSA columns:
# 360-418
name=unknown_K
#
# <colnr> <probs for GDERKNQSTAVLIFYWHMCP>
#	G	D	E	R	K	N	Q	S	T	A	V	L	I	F	Y	W	H	M	C	P
0	0.01477	0.23957	0.02034	0.07269	0.05383	0.27627	0.15070	0.08874	0.01286	0.01460	0.00837	0.01014	0.00680	0.00470	0.00443	0.00133	0.00713	0.00376	0.00260	0.00636
1	0.01500	0.01638	0.01853	0.01474	0.01770	0.29037	0.22619	0.14716	0.01357	0.01627	0.00875	0.01098	0.00702	0.00565	0.00723	0.00159	0.16933	0.00435	0.00285	0.00635
