[name]
unknown

[dist]
# distance from previous block
# <min> <max>
0	61

[block]
# block no. 0 follows, 46 sequences, length 30
# corresponding to MSA columns:
# 61-90
name=unknown_A
#
# <colnr> <probs for GDERKNQSTAVLIFYWHMCP>
#	G	D	E	R	K	N	Q	S	T	A	V	L	I	F	Y	W	H	M	C	P
0	0.01652	0.01330	0.01352	0.01158	0.01473	0.09983	0.00960	0.45109	0.01988	0.02570	0.01686	0.02667	0.01529	0.00877	0.00584	0.00182	0.00594	0.23075	0.00487	0.00741
1	0.01680	0.01356	0.09906	0.01095	0.01481	0.05551	0.00964	0.25580	0.12529	0.18695	0.12390	0.01915	0.01670	0.00709	0.00542	0.00165	0.00525	0.01935	0.00515	0.00797
2	0.00995	0.00795	0.09428	0.09488	0.01142	0.00652	0.00671	0.01295	0.01104	0.01868	0.01550	0.01812	0.01205	0.00593	0.00402	0.00134	0.00358	0.00479	0.65493	0.00536
3	0.01504	0.01263	0.01563	0.06788	0.01773	0.01410	0.09430	0.25779	0.39725	0.02446	0.01667	0.01650	0.01233	0.00647	0.00544	0.00172	0.00543	0.00553	0.00483	0.00825
4	0.01900	0.01091	0.01371	0.01241	0.10033	0.02535	0.00899	0.19895	0.01630	0.36460	0.01694	0.01637	0.03524	0.00741	0.03423	0.00177	0.00535	0.00503	0.00516	0.10195
5	0.01872	0.03194	0.21548	0.01119	0.01618	0.01048	0.01110	0.11260	0.05361	0.42033	0.01735	0.01616	0.02766	0.00626	0.00522	0.00164	0.00549	0.00499	0.00508	0.00851
6	0.01100	0.11543	0.70218	0.01440	0.02184	0.01324	0.01836	0.01664	0.01111	0.01626	0.00925	0.01086	0.00671	0.00497	0.00484	0.00161	0.00757	0.00379	0.00224	0.00770
7	0.00629	0.00536	0.00541	0.00540	0.00716	0.00448	0.00405	0.00766	0.01214	0.01449	0.07590	0.05053	0.75661	0.01331	0.00625	0.00178	0.00267	0.01111	0.00494	0.00448
8	0.02183	0.01164	0.12371	0.01022	0.01485	0.00842	0.00946	0.02447	0.01456	0.67437	0.01922	0.01701	0.01217	0.00632	0.00527	0.00164	0.00498	0.00511	0.00592	0.00883
9	0.01088	0.02568	0.70054	0.01703	0.10836	0.01231	0.01916	0.01668	0.01126	0.01680	0.00954	0.01138	0.00689	0.00499	0.00505	0.00166	0.00764	0.00400	0.00228	0.00788
10	0.01383	0.01397	0.02074	0.03035	0.69595	0.09957	0.01555	0.01677	0.01237	0.01679	0.00975	0.01269	0.00820	0.00479	0.00518	0.00155	0.00664	0.00456	0.00263	0.00812
11	0.01086	0.01029	0.01744	0.58476	0.24633	0.01198	0.01512	0.01427	0.01098	0.01457	0.00955	0.01381	0.00742	0.00512	0.00527	0.00171	0.00683	0.00470	0.00242	0.00658
12	0.00958	0.00886	0.01476	0.71199	0.03317	0.01091	0.01358	0.01281	0.01052	0.01351	0.01162	0.10390	0.01019	0.00656	0.00545	0.00181	0.00660	0.00586	0.00264	0.00569
13	0.00930	0.00636	0.00840	0.00765	0.00969	0.00556	0.05793	0.01089	0.01211	0.12571	0.04000	0.20897	0.43741	0.01249	0.00624	0.00186	0.00351	0.02569	0.00499	0.00528
14	0.02372	0.00900	0.01227	0.00941	0.01350	0.00777	0.00777	0.02576	0.01513	0.78489	0.02086	0.01799	0.01309	0.00654	0.00532	0.00164	0.00450	0.00532	0.00654	0.00900
15	0.00636	0.00491	0.00582	0.00655	0.00745	0.00436	0.00455	0.00745	0.01090	0.01381	0.03900	0.50377	0.33559	0.01528	0.00655	0.00200	0.00291	0.01346	0.00491	0.00436
16	0.07361	0.02040	0.48520	0.01275	0.01906	0.01097	0.01486	0.03363	0.01246	0.24796	0.01281	0.01306	0.00859	0.00550	0.00499	0.00166	0.00652	0.00427	0.00366	0.00804
17	0.01107	0.01048	0.01740	0.34012	0.39402	0.01133	0.01424	0.01416	0.01145	0.01542	0.01459	0.01771	0.09377	0.00591	0.00537	0.00167	0.00619	0.00542	0.00276	0.00693
18	0.00839	0.00510	0.00683	0.00759	0.00832	0.00469	0.00523	0.00944	0.01069	0.10045	0.02820	0.72140	0.03250	0.01543	0.00659	0.00209	0.00323	0.01393	0.00509	0.00482
19	0.01499	0.01518	0.02179	0.02309	0.32093	0.17392	0.22880	0.01803	0.01302	0.07707	0.01122	0.01453	0.00901	0.00524	0.00550	0.00162	0.00753	0.02801	0.00304	0.00749
20	0.02253	0.01001	0.01399	0.01061	0.01481	0.00912	0.06084	0.10741	0.01603	0.64732	0.01923	0.01714	0.01227	0.00638	0.00538	0.00164	0.00495	0.00532	0.00613	0.00887
21	0.01218	0.01164	0.01983	0.25645	0.56429	0.01232	0.01578	0.01543	0.01161	0.01617	0.00978	0.01338	0.00799	0.00488	0.00525	0.00163	0.00650	0.00471	0.00254	0.00765
22	0.01345	0.01372	0.02056	0.11485	0.54106	0.10051	0.06742	0.01680	0.03018	0.01645	0.01001	0.01304	0.00821	0.00490	0.00526	0.00159	0.00687	0.00470	0.00267	0.00775
23	0.01583	0.01425	0.01574	0.02822	0.11827	0.16944	0.06962	0.15793	0.09037	0.09560	0.01709	0.01771	0.09614	0.00688	0.00622	0.00166	0.06218	0.00548	0.00404	0.00734
24	0.07372	0.01184	0.01904	0.07719	0.03360	0.01235	0.26138	0.13360	0.01351	0.07658	0.01144	0.01377	0.00864	0.00565	0.00658	0.00167	0.09538	0.00504	0.07320	0.06583
25	0.12298	0.00780	0.00853	0.00842	0.00997	0.04560	0.02934	0.06357	0.04262	0.02963	0.02506	0.47255	0.08880	0.01253	0.00594	0.00194	0.00393	0.01096	0.00458	0.00525
26	0.12336	0.01292	0.09526	0.00976	0.01313	0.11908	0.00840	0.05180	0.06597	0.13127	0.06487	0.14214	0.03106	0.00775	0.00509	0.00160	0.00510	0.00628	0.00425	0.10090
27	0.01879	0.01495	0.01569	0.01432	0.10203	0.19413	0.05218	0.21453	0.04098	0.20987	0.02884	0.01470	0.02266	0.00606	0.00522	0.00155	0.00637	0.00485	0.00451	0.02777
28	0.03230	0.01496	0.11245	0.01307	0.04193	0.11516	0.10568	0.14057	0.15012	0.04300	0.03202	0.01858	0.05007	0.09740	0.00778	0.00204	0.00629	0.00561	0.00391	0.00706
29	0.04714	0.01285	0.01315	0.01233	0.09386	0.12980	0.00878	0.16898	0.08409	0.11014	0.06497	0.01748	0.06597	0.00647	0.00505	0.00147	0.00532	0.00515	0.00436	0.14265

[dist]
# distance from previous block
# <min> <max>
50	113

[block]
# block no. 1 follows, 46 sequences, length 10
# corresponding to MSA columns:
# 215-224
name=unknown_B
#
# <colnr> <probs for GDERKNQSTAVLIFYWHMCP>
#	G	D	E	R	K	N	Q	S	T	A	V	L	I	F	Y	W	H	M	C	P
0	0.03227	0.03284	0.01462	0.07027	0.04495	0.06501	0.06764	0.07655	0.06469	0.33749	0.01653	0.06997	0.01237	0.00659	0.00526	0.00160	0.00542	0.00560	0.00482	0.06551
1	0.01884	0.01011	0.01293	0.01038	0.01397	0.01010	0.03786	0.07529	0.21384	0.43223	0.02144	0.01958	0.05664	0.00709	0.00584	0.00171	0.03221	0.00580	0.00576	0.00839
2	0.01181	0.01120	0.01760	0.01430	0.01572	0.01379	0.14764	0.01371	0.00975	0.04997	0.04430	0.05689	0.01091	0.00852	0.01318	0.00209	0.51250	0.00568	0.00290	0.03753
3	0.01096	0.00940	0.01096	0.00783	0.01253	0.00705	0.00626	0.01331	0.01096	0.01723	0.00940	0.01096	0.00783	0.00392	0.00392	0.00078	0.00392	0.00313	0.00313	0.84653
4	0.00755	0.00566	0.00850	0.00850	0.00944	0.00661	0.00661	0.00944	0.00850	0.01227	0.01416	0.02077	0.01322	0.03965	0.79326	0.00850	0.01416	0.00566	0.00283	0.00472
5	0.01445	0.01156	0.01959	0.04801	0.11090	0.01127	0.26375	0.09403	0.06222	0.14518	0.05790	0.03699	0.01338	0.00625	0.00571	0.00169	0.00625	0.03518	0.00407	0.05163
6	0.07069	0.01100	0.01743	0.33941	0.34403	0.01240	0.01418	0.01558	0.05412	0.01625	0.01005	0.01348	0.00802	0.00532	0.00573	0.00170	0.04623	0.00464	0.00270	0.00705
7	0.01336	0.01268	0.01374	0.06554	0.05418	0.12558	0.03764	0.09675	0.01316	0.01808	0.00965	0.01139	0.00779	0.00456	0.00444	0.00110	0.00548	0.00366	0.00321	0.49799
8	0.09561	0.01413	0.01430	0.01395	0.11954	0.17165	0.00980	0.12691	0.06702	0.12529	0.01286	0.01371	0.02959	0.00620	0.00621	0.00159	0.09185	0.00449	0.00389	0.07140
9	0.13877	0.06935	0.06919	0.04254	0.01654	0.05264	0.16586	0.06176	0.05026	0.01766	0.01172	0.05058	0.01038	0.10081	0.00744	0.00195	0.00603	0.00517	0.00322	0.11815

[dist]
# distance from previous block
# <min> <max>
3	40

[block]
# block no. 2 follows, 46 sequences, length 45
# corresponding to MSA columns:
# 267-311
name=unknown_C
#
# <colnr> <probs for GDERKNQSTAVLIFYWHMCP>
#	G	D	E	R	K	N	Q	S	T	A	V	L	I	F	Y	W	H	M	C	P
0	0.02507	0.00765	0.00887	0.00877	0.03603	0.03882	0.00629	0.07416	0.04239	0.03776	0.31556	0.24088	0.05756	0.01099	0.00599	0.00175	0.00361	0.02201	0.00506	0.05079
1	0.02006	0.00943	0.01319	0.04322	0.05140	0.00863	0.03412	0.02337	0.07510	0.55641	0.05022	0.01812	0.01392	0.00642	0.00531	0.00161	0.00470	0.00540	0.00574	0.05362
2	0.01230	0.00984	0.04774	0.00869	0.01240	0.00812	0.00724	0.09892	0.04455	0.09068	0.12959	0.06155	0.03006	0.02099	0.00533	0.00137	0.00414	0.02016	0.00431	0.38203
3	0.03715	0.00678	0.00977	0.00843	0.01050	0.00621	0.10129	0.01071	0.01315	0.04572	0.32604	0.08042	0.28375	0.01091	0.00616	0.00176	0.00359	0.02747	0.00498	0.00522
4	0.00878	0.00635	0.00731	0.03941	0.00870	0.02491	0.00467	0.00952	0.00924	0.03858	0.03578	0.14902	0.03341	0.48542	0.01816	0.00368	0.00473	0.00808	0.00361	0.10062
5	0.16797	0.00787	0.00911	0.02456	0.05179	0.00795	0.00651	0.01466	0.09322	0.09710	0.26684	0.07641	0.10395	0.00880	0.00536	0.00167	0.00358	0.00739	0.00487	0.04037
6	0.01311	0.01343	0.01382	0.22171	0.10788	0.21599	0.01059	0.06318	0.06018	0.01633	0.10338	0.01925	0.05514	0.05587	0.00663	0.00182	0.00647	0.00554	0.00345	0.00624
7	0.01653	0.01258	0.01479	0.01337	0.09466	0.01343	0.02377	0.34433	0.22062	0.07312	0.01501	0.01494	0.01105	0.00614	0.00517	0.00156	0.00516	0.00499	0.02084	0.08792
8	0.00713	0.00562	0.00645	0.00620	0.00778	0.00507	0.00466	0.00958	0.04450	0.01795	0.40293	0.04410	0.39514	0.01189	0.00621	0.00173	0.00265	0.01017	0.00537	0.00488
9	0.01524	0.01325	0.01257	0.01097	0.01410	0.11801	0.00858	0.12843	0.48128	0.06576	0.02017	0.01895	0.05475	0.00712	0.00533	0.00170	0.00507	0.00570	0.00505	0.00798
10	0.00985	0.00493	0.00493	0.00493	0.00616	0.00493	0.00370	0.01232	0.01109	0.01971	0.01725	0.01971	0.01355	0.00616	0.00370	0.00123	0.00246	0.00493	0.84356	0.00493
11	0.01761	0.01576	0.01568	0.07981	0.16012	0.24510	0.01110	0.16471	0.07267	0.13020	0.01244	0.01339	0.00928	0.00644	0.02092	0.00169	0.00696	0.00453	0.00393	0.00764
12	0.00787	0.00511	0.00613	0.00641	0.00732	0.00491	0.00454	0.00991	0.02873	0.01726	0.22426	0.29690	0.05867	0.06051	0.00696	0.00193	0.00289	0.01002	0.23501	0.00468
13	0.01299	0.01155	0.10094	0.01081	0.01384	0.02784	0.03494	0.21024	0.01391	0.08261	0.01360	0.01717	0.01117	0.04102	0.36701	0.00486	0.00993	0.00521	0.00372	0.00663
14	0.00781	0.00572	0.00761	0.00863	0.00979	0.00552	0.00719	0.00981	0.01181	0.01519	0.03235	0.18230	0.15324	0.01473	0.00704	0.00228	0.00421	0.50518	0.00488	0.00471
15	0.00693	0.00561	0.00618	0.00605	0.00768	0.00500	0.00453	0.00919	0.04639	0.01665	0.26590	0.07475	0.50141	0.01247	0.00622	0.00176	0.00270	0.01060	0.00520	0.00478
16	0.01956	0.01504	0.01553	0.01213	0.01619	0.05279	0.00993	0.67311	0.08071	0.03151	0.01314	0.01307	0.00943	0.00637	0.00527	0.00159	0.00587	0.00479	0.00517	0.00881
17	0.01434	0.07867	0.27997	0.03039	0.03676	0.05413	0.01257	0.08116	0.15919	0.11857	0.02798	0.01417	0.01048	0.00577	0.00499	0.00158	0.00607	0.00455	0.00381	0.05484
18	0.01346	0.01395	0.10422	0.04909	0.11779	0.02898	0.09884	0.10290	0.12671	0.05205	0.01225	0.01499	0.00976	0.00735	0.02396	0.00198	0.18939	0.02152	0.00345	0.00737
19	0.00998	0.00940	0.01586	0.80150	0.03641	0.01175	0.01468	0.01351	0.01057	0.01351	0.00940	0.01409	0.00705	0.00529	0.00529	0.00176	0.00705	0.00470	0.00235	0.00587
20	0.00769	0.00513	0.00577	0.00577	0.00577	0.00513	0.00320	0.00769	0.00769	0.01025	0.01666	0.03460	0.01922	0.81421	0.02691	0.00513	0.00513	0.00769	0.00320	0.00320
21	0.01406	0.01207	0.19502	0.00958	0.01353	0.00785	0.00941	0.01738	0.03061	0.29511	0.20837	0.02603	0.12202	0.00815	0.00560	0.00167	0.00455	0.00681	0.00509	0.00712
22	0.01384	0.00691	0.00914	0.00777	0.01017	0.00622	0.00611	0.01640	0.03072	0.31609	0.45370	0.03103	0.05137	0.00914	0.00586	0.00166	0.00331	0.00788	0.00607	0.00660
23	0.01162	0.06938	0.15803	0.11817	0.05040	0.01330	0.28252	0.01615	0.05667	0.01622	0.05279	0.01466	0.01027	0.00575	0.00692	0.00176	0.10035	0.00532	0.00282	0.00691
24	0.01254	0.01004	0.01124	0.00936	0.01280	0.00996	0.00731	0.07624	0.32177	0.05097	0.01731	0.10675	0.01463	0.00698	0.00500	0.00145	0.00410	0.00587	0.00455	0.31113
25	0.01861	0.03368	0.06247	0.01243	0.01637	0.19693	0.01043	0.46972	0.06552	0.02604	0.01222	0.02950	0.00929	0.00629	0.00515	0.00155	0.00665	0.00465	0.00444	0.00807
26	0.58187	0.01111	0.00967	0.00927	0.05794	0.05362	0.00692	0.08253	0.01133	0.05438	0.00936	0.01054	0.00715	0.00522	0.00377	0.00158	0.00456	0.00344	0.06948	0.00627
27	0.00759	0.00549	0.00764	0.00764	0.00829	0.00614	0.00554	0.00889	0.00824	0.01164	0.01494	0.02511	0.01510	0.28282	0.55267	0.00744	0.01132	0.00630	0.00295	0.00424
28	0.01489	0.01643	0.01576	0.01369	0.01488	0.28214	0.01101	0.06139	0.01148	0.01405	0.00771	0.01094	0.00702	0.00777	0.01231	0.00194	0.48365	0.00422	0.00264	0.00610
29	0.04922	0.03971	0.49237	0.01355	0.01994	0.02932	0.04019	0.08225	0.01306	0.15385	0.01164	0.01240	0.00803	0.00538	0.00502	0.00164	0.00693	0.00423	0.00332	0.00795
30	0.01321	0.01244	0.02252	0.02640	0.47282	0.01210	0.21782	0.03093	0.01257	0.05861	0.01345	0.01597	0.05555	0.00530	0.00557	0.00164	0.00667	0.00555	0.00304	0.00784
31	0.00691	0.00499	0.00663	0.00768	0.00831	0.00470	0.00559	0.00825	0.01093	0.01447	0.07592	0.57296	0.07500	0.01565	0.00680	0.00216	0.00337	0.16028	0.00496	0.00446
32	0.00639	0.00536	0.00556	0.00551	0.00723	0.00452	0.00413	0.00787	0.01239	0.01509	0.13820	0.04955	0.69393	0.01309	0.00625	0.00177	0.00266	0.01097	0.00502	0.00452
33	0.01531	0.17548	0.33096	0.01241	0.01799	0.05470	0.04287	0.01926	0.02688	0.21778	0.01268	0.01373	0.00917	0.00558	0.00487	0.00156	0.00652	0.02095	0.00354	0.00775
34	0.00814	0.00816	0.09183	0.00783	0.00992	0.00628	0.00681	0.01175	0.06054	0.02040	0.60605	0.03607	0.06973	0.01014	0.00607	0.00169	0.00323	0.02454	0.00535	0.00548
35	0.00769	0.00513	0.00577	0.00577	0.00577	0.00513	0.00320	0.00769	0.00769	0.01025	0.01666	0.03460	0.01922	0.81421	0.02691	0.00513	0.00513	0.00769	0.00320	0.00320
36	0.01308	0.01256	0.02146	0.03245	0.78123	0.01256	0.01622	0.01622	0.01204	0.01727	0.00994	0.01308	0.00837	0.00471	0.00523	0.00157	0.00628	0.00471	0.00262	0.00837
37	0.01675	0.01742	0.01876	0.01751	0.13853	0.27611	0.14588	0.19100	0.07410	0.01979	0.01136	0.01344	0.00895	0.00567	0.00532	0.00158	0.00755	0.01929	0.00353	0.00747
38	0.00698	0.00558	0.00637	0.00674	0.00833	0.00498	0.00543	0.00868	0.01216	0.01493	0.06422	0.05328	0.52985	0.01370	0.00657	0.00198	0.00335	0.23734	0.00492	0.00460
39	0.01227	0.01064	0.01188	0.00953	0.04969	0.05551	0.00713	0.03354	0.01176	0.04365	0.00982	0.01126	0.00800	0.00420	0.00411	0.00091	0.00444	0.00334	0.00325	0.70508
40	0.01797	0.01375	0.01467	0.01173	0.01558	0.01540	0.00953	0.53818	0.25375	0.02988	0.01540	0.01485	0.01118	0.00660	0.00532	0.00165	0.00532	0.00513	0.00532	0.00880
41	0.01219	0.01165	0.01984	0.25399	0.56667	0.01233	0.01578	0.01544	0.01161	0.01619	0.00979	0.01338	0.00799	0.00488	0.00525	0.00163	0.00650	0.00471	0.00254	0.00765
42	0.03262	0.01483	0.01527	0.01225	0.01589	0.12451	0.05779	0.46767	0.05530	0.02650	0.01398	0.01587	0.02677	0.00744	0.02504	0.00178	0.00641	0.03601	0.03623	0.00785
43	0.00755	0.00566	0.00850	0.00850	0.00944	0.00661	0.00661	0.00944	0.00850	0.01227	0.01416	0.02077	0.01322	0.03965	0.79326	0.00850	0.01416	0.00566	0.00283	0.00472
44	0.01319	0.60609	0.23073	0.01066	0.01606	0.01861	0.01185	0.01607	0.01085	0.01359	0.00792	0.00920	0.00676	0.00466	0.00383	0.00128	0.00623	0.00312	0.00225	0.00706

[dist]
# distance from previous block
# <min> <max>
0	2

[block]
# block no. 3 follows, 46 sequences, length 40
# corresponding to MSA columns:
# 314-353
name=unknown_D
#
# <colnr> <probs for GDERKNQSTAVLIFYWHMCP>
#	G	D	E	R	K	N	Q	S	T	A	V	L	I	F	Y	W	H	M	C	P
0	0.01400	0.01192	0.01349	0.01333	0.09887	0.01349	0.00944	0.11779	0.59534	0.02297	0.01915	0.01812	0.01440	0.00680	0.00535	0.00174	0.00462	0.00569	0.00506	0.00845
1	0.01102	0.01043	0.01760	0.49679	0.24494	0.01207	0.03650	0.01430	0.01092	0.01480	0.00968	0.01383	0.00763	0.00533	0.00590	0.00172	0.04930	0.00475	0.02589	0.00659
2	0.01148	0.01162	0.01136	0.01295	0.15131	0.17434	0.00821	0.04227	0.06835	0.01559	0.02796	0.09111	0.28654	0.03845	0.02344	0.00194	0.00539	0.00778	0.00397	0.00594
3	0.00918	0.00459	0.00689	0.00689	0.00689	0.00459	0.00459	0.00689	0.00689	0.00918	0.00918	0.01607	0.00918	0.01837	0.02066	0.84619	0.00459	0.00459	0.00230	0.00230
4	0.01798	0.07077	0.01552	0.01200	0.01557	0.21585	0.00963	0.35050	0.19558	0.02405	0.01323	0.01324	0.00995	0.00618	0.00505	0.00155	0.00638	0.00456	0.00445	0.00796
5	0.00769	0.00513	0.00577	0.00577	0.00577	0.00513	0.00320	0.00769	0.00769	0.01025	0.01666	0.03460	0.01922	0.81421	0.02691	0.00513	0.00513	0.00769	0.00320	0.00320
6	0.12606	0.28613	0.18360	0.01060	0.01555	0.01502	0.01080	0.13189	0.01348	0.14503	0.01085	0.01128	0.00800	0.00529	0.00433	0.00147	0.00575	0.00377	0.00355	0.00757
7	0.00663	0.00483	0.00621	0.00706	0.00766	0.00446	0.00485	0.00781	0.01096	0.01459	0.13324	0.59645	0.11318	0.03397	0.00710	0.00212	0.00303	0.02647	0.00499	0.00439
8	0.01346	0.01369	0.08732	0.02151	0.35689	0.02798	0.05611	0.11553	0.11436	0.01974	0.01302	0.01659	0.01069	0.00603	0.00570	0.00168	0.02946	0.04699	0.03536	0.00788
9	0.01401	0.78954	0.05446	0.00926	0.01390	0.02061	0.00942	0.01586	0.01076	0.01259	0.00742	0.00857	0.00678	0.00454	0.00345	0.00115	0.00573	0.00286	0.00226	0.00682
10	0.00755	0.00566	0.00850	0.00850	0.00944	0.00661	0.00661	0.00944	0.00850	0.01227	0.01416	0.02077	0.01322	0.03965	0.79326	0.00850	0.01416	0.00566	0.00283	0.00472
11	0.01344	0.04680	0.18534	0.08211	0.09238	0.03079	0.26986	0.10156	0.01343	0.05232	0.01069	0.01296	0.00794	0.00497	0.00539	0.00162	0.00736	0.00491	0.00303	0.05310
12	0.01089	0.00863	0.01006	0.01085	0.06794	0.05242	0.00759	0.12711	0.05461	0.03783	0.02362	0.40306	0.03782	0.01238	0.00625	0.00197	0.00444	0.11195	0.00473	0.00585
13	0.00669	0.00475	0.00619	0.00711	0.00748	0.00446	0.00473	0.00768	0.01038	0.01397	0.10888	0.64183	0.03485	0.10374	0.00891	0.00242	0.00323	0.01363	0.00482	0.00425
14	0.01098	0.01206	0.05643	0.04740	0.03409	0.01106	0.46757	0.01454	0.01165	0.01623	0.01431	0.16034	0.01324	0.00703	0.00643	0.00182	0.03535	0.00751	0.06555	0.00640
15	0.01158	0.09751	0.33991	0.01471	0.05318	0.01286	0.12270	0.01842	0.17191	0.01767	0.05623	0.03582	0.01216	0.00596	0.00524	0.00167	0.00650	0.00522	0.00325	0.00750
16	0.01129	0.01233	0.05972	0.42884	0.02644	0.07138	0.01356	0.01399	0.01009	0.01338	0.00847	0.01272	0.00697	0.00664	0.00936	0.00192	0.28004	0.00453	0.00236	0.00597
17	0.00896	0.00623	0.00745	0.00713	0.00879	0.00590	0.00534	0.01228	0.10003	0.08076	0.31419	0.17029	0.22897	0.01169	0.00615	0.00179	0.00300	0.01015	0.00544	0.00545
18	0.08969	0.01328	0.11355	0.01062	0.01451	0.05523	0.00944	0.14451	0.12455	0.25827	0.01708	0.09803	0.01330	0.00724	0.00522	0.00169	0.00521	0.00583	0.00493	0.00781
19	0.09439	0.26417	0.01737	0.01122	0.07053	0.09935	0.00877	0.01837	0.08393	0.11789	0.01134	0.01208	0.00890	0.00538	0.00474	0.00138	0.03728	0.00385	0.03534	0.09372
20	0.00665	0.00486	0.00630	0.00736	0.00796	0.00451	0.00519	0.00779	0.01060	0.01386	0.03221	0.62809	0.13208	0.01593	0.00674	0.00213	0.00321	0.09524	0.00490	0.00438
21	0.04880	0.01632	0.01819	0.03588	0.45307	0.26838	0.01340	0.01780	0.01284	0.03240	0.00959	0.01204	0.00795	0.00585	0.02395	0.00168	0.00742	0.00424	0.00276	0.00742
22	0.01160	0.01159	0.05536	0.00867	0.01340	0.06578	0.00731	0.01409	0.01127	0.01688	0.00931	0.01087	0.00769	0.00409	0.00404	0.00088	0.00455	0.00320	0.00305	0.73638
23	0.01241	0.19009	0.06951	0.01204	0.01417	0.08498	0.03555	0.03360	0.01009	0.01341	0.00894	0.01332	0.00843	0.06986	0.08040	0.00264	0.32756	0.00445	0.00254	0.00602
24	0.00743	0.00540	0.00700	0.00660	0.00787	0.00497	0.00495	0.00988	0.01485	0.02092	0.74950	0.03994	0.07900	0.01091	0.00624	0.00167	0.00250	0.00962	0.00578	0.00497
25	0.01128	0.00919	0.01234	0.01252	0.11223	0.01006	0.01898	0.10890	0.07020	0.03678	0.32549	0.05144	0.04533	0.00898	0.00778	0.00178	0.13838	0.00730	0.00463	0.00640
26	0.00712	0.00554	0.00655	0.00670	0.00814	0.00491	0.00506	0.00872	0.01194	0.01546	0.15790	0.19044	0.34440	0.04517	0.00718	0.00200	0.00319	0.11230	0.00488	0.05238
27	0.46261	0.01319	0.11074	0.00873	0.01221	0.09726	0.00793	0.01582	0.01112	0.05191	0.11757	0.01422	0.01282	0.00593	0.00419	0.00160	0.00491	0.00419	0.03702	0.00604
28	0.15625	0.01068	0.01191	0.01075	0.06983	0.01084	0.00790	0.12921	0.17306	0.06524	0.05662	0.01495	0.01219	0.00576	0.00462	0.00142	0.00439	0.00456	0.01540	0.23442
29	0.00639	0.00531	0.00558	0.00562	0.00725	0.00450	0.00417	0.00781	0.01221	0.01492	0.12482	0.10081	0.65573	0.01334	0.00628	0.00180	0.00269	0.01126	0.00500	0.00450
30	0.01096	0.00940	0.01096	0.00783	0.01253	0.00705	0.00626	0.01331	0.01096	0.01723	0.00940	0.01096	0.00783	0.00392	0.00392	0.00078	0.00392	0.00313	0.00313	0.84653
31	0.01322	0.01393	0.07732	0.02848	0.63073	0.03898	0.01550	0.04597	0.01262	0.01781	0.02751	0.01335	0.00916	0.00494	0.00519	0.00155	0.00634	0.00468	0.00278	0.02993
32	0.01290	0.00899	0.01258	0.03087	0.23546	0.00905	0.00863	0.09632	0.01195	0.12225	0.01469	0.02317	0.01382	0.35991	0.01475	0.00314	0.00549	0.00610	0.00371	0.00621
33	0.00729	0.00538	0.00682	0.00650	0.00779	0.00490	0.00486	0.00960	0.01446	0.02010	0.66411	0.05968	0.14627	0.01129	0.00625	0.00169	0.00253	0.00990	0.00568	0.00490
34	0.00688	0.00514	0.00633	0.00711	0.00798	0.00475	0.00520	0.00813	0.01086	0.01389	0.03483	0.38982	0.24389	0.08044	0.00836	0.00234	0.00347	0.15146	0.00476	0.00436
35	0.01451	0.29486	0.03608	0.12048	0.13199	0.08972	0.11371	0.08640	0.01300	0.03861	0.00947	0.01151	0.00761	0.00497	0.00469	0.00146	0.00676	0.00414	0.00283	0.00717
36	0.00822	0.01046	0.16367	0.01011	0.01241	0.00755	0.05137	0.01087	0.02765	0.01519	0.08874	0.41296	0.07560	0.01212	0.00706	0.00197	0.06388	0.01062	0.00415	0.00543
37	0.00872	0.00500	0.00529	0.00537	0.00621	0.00491	0.00365	0.01026	0.01008	0.01607	0.02053	0.07703	0.07353	0.24978	0.01104	0.00250	0.00332	0.00686	0.47552	0.00434
38	0.03852	0.04679	0.01886	0.21579	0.07142	0.03173	0.21010	0.04561	0.01239	0.11316	0.02722	0.09051	0.02329	0.00657	0.00582	0.00174	0.02410	0.00618	0.00347	0.00674
39	0.10718	0.01345	0.06215	0.09310	0.04569	0.02616	0.20186	0.21348	0.03656	0.10629	0.01252	0.01481	0.00928	0.00574	0.00535	0.00170	0.00651	0.02666	0.00393	0.00758

[dist]
# distance from previous block
# <min> <max>
0	1

[block]
# block no. 4 follows, 46 sequences, length 53
# corresponding to MSA columns:
# 356-385,388-410
name=unknown_E
#
# <colnr> <probs for GDERKNQSTAVLIFYWHMCP>
#	G	D	E	R	K	N	Q	S	T	A	V	L	I	F	Y	W	H	M	C	P
0	0.01288	0.01173	0.07854	0.01203	0.09540	0.00895	0.04009	0.06000	0.01235	0.08513	0.01071	0.01206	0.00833	0.00449	0.00445	0.00110	0.00486	0.00378	0.00341	0.52972
1	0.01389	0.01032	0.01386	0.06364	0.16033	0.00993	0.02354	0.07042	0.12230	0.13945	0.01677	0.03058	0.06501	0.00610	0.00504	0.00144	0.00482	0.00523	0.00414	0.23319
2	0.04103	0.00889	0.01227	0.03081	0.21120	0.00830	0.00870	0.03103	0.02446	0.05872	0.18443	0.05061	0.07330	0.00729	0.00522	0.00147	0.00423	0.01809	0.02394	0.19602
3	0.01259	0.04286	0.14854	0.04347	0.25068	0.01064	0.01211	0.06754	0.02490	0.08539	0.17156	0.01930	0.03352	0.00650	0.00531	0.00157	0.00535	0.00564	0.00384	0.04870
4	0.01112	0.00814	0.00954	0.00803	0.01096	0.00720	0.00617	0.10199	0.02623	0.07407	0.04756	0.22544	0.11874	0.00922	0.00533	0.00147	0.00376	0.00790	0.00446	0.31268
5	0.01468	0.25828	0.28138	0.01347	0.05987	0.08739	0.01333	0.17863	0.01440	0.01873	0.00945	0.01065	0.00732	0.00518	0.00458	0.00146	0.00681	0.00377	0.00297	0.00764
6	0.01083	0.01115	0.07075	0.44005	0.08591	0.01168	0.06608	0.05160	0.01112	0.01488	0.01045	0.01611	0.00875	0.07395	0.00835	0.02200	0.06028	0.01731	0.00264	0.00612
7	0.01625	0.01173	0.01287	0.01038	0.01371	0.01262	0.00838	0.49074	0.05306	0.05951	0.10951	0.07609	0.08500	0.00827	0.00560	0.00166	0.00482	0.00670	0.00535	0.00775
8	0.00909	0.00508	0.00562	0.00549	0.00672	0.00495	0.00411	0.01156	0.01234	0.02019	0.26383	0.02612	0.02532	0.00767	0.00452	0.00137	0.00247	0.00643	0.57218	0.00495
9	0.00644	0.00460	0.00613	0.00736	0.00767	0.00429	0.00491	0.00736	0.01012	0.01350	0.02914	0.81076	0.03497	0.01656	0.00675	0.00215	0.00307	0.01503	0.00491	0.00429
10	0.01830	0.07222	0.05922	0.01268	0.01673	0.20533	0.12563	0.07283	0.01466	0.27875	0.01594	0.01586	0.05546	0.00612	0.00522	0.00156	0.00668	0.00504	0.00427	0.00750
11	0.06737	0.01369	0.06869	0.01125	0.01564	0.01327	0.00979	0.44789	0.02009	0.25663	0.01461	0.01394	0.00987	0.00623	0.00516	0.00161	0.00547	0.00476	0.00534	0.00873
12	0.00635	0.00532	0.00552	0.00556	0.00722	0.00449	0.00414	0.00774	0.01215	0.01472	0.10327	0.09348	0.68517	0.01339	0.00628	0.00180	0.00269	0.01127	0.00497	0.00449
13	0.01108	0.08303	0.71463	0.01457	0.02207	0.01299	0.01856	0.03450	0.01146	0.01683	0.00941	0.01101	0.00676	0.00502	0.00491	0.00163	0.00761	0.00385	0.00231	0.00777
14	0.01171	0.02971	0.03834	0.00847	0.01320	0.00833	0.00709	0.06684	0.02590	0.01832	0.00981	0.01119	0.00800	0.00420	0.00406	0.00090	0.00423	0.00332	0.00327	0.72310
15	0.01484	0.01368	0.07170	0.03396	0.33140	0.01333	0.01285	0.27711	0.07772	0.02289	0.01315	0.06960	0.01095	0.00635	0.00536	0.00165	0.00584	0.00550	0.00390	0.00822
16	0.00653	0.00467	0.00621	0.00730	0.00769	0.00435	0.00491	0.00758	0.01053	0.01414	0.09213	0.74592	0.03622	0.01608	0.00670	0.00211	0.00302	0.01457	0.00498	0.00435
17	0.03235	0.00940	0.01130	0.00925	0.01246	0.02722	0.00741	0.11411	0.08367	0.40131	0.15855	0.05774	0.02034	0.00776	0.00547	0.00166	0.00428	0.00644	0.02149	0.00779
18	0.05334	0.19485	0.23044	0.01390	0.01916	0.09610	0.14465	0.13589	0.01387	0.03621	0.00977	0.01123	0.00743	0.00510	0.00482	0.00153	0.00715	0.00415	0.00300	0.00741
19	0.01386	0.01246	0.01707	0.04273	0.30753	0.04855	0.05557	0.15632	0.15198	0.02043	0.01474	0.08283	0.01277	0.00684	0.00551	0.00170	0.00582	0.03165	0.00388	0.00777
20	0.00644	0.00460	0.00613	0.00736	0.00767	0.00429	0.00491	0.00736	0.01012	0.01350	0.02914	0.81076	0.03497	0.01656	0.00675	0.00215	0.00307	0.01503	0.00491	0.00429
21	0.00742	0.00530	0.00726	0.00848	0.00922	0.00514	0.00662	0.00906	0.01109	0.01460	0.02860	0.45548	0.03282	0.01564	0.00701	0.00228	0.00392	0.36061	0.00489	0.00457
22	0.07117	0.18874	0.13323	0.01009	0.04318	0.01143	0.00926	0.01487	0.01092	0.03022	0.00904	0.01049	0.00739	0.00436	0.00400	0.00110	0.00500	0.00326	0.00286	0.42936
23	0.00769	0.00513	0.00577	0.00577	0.00577	0.00513	0.00320	0.00769	0.00769	0.01025	0.01666	0.03460	0.01922	0.81421	0.02691	0.00513	0.00513	0.00769	0.00320	0.00320
24	0.01248	0.01426	0.03119	0.02228	0.02763	0.01337	0.76203	0.01693	0.01248	0.01693	0.01070	0.01426	0.00802	0.00446	0.00624	0.00178	0.00891	0.00624	0.00267	0.00713
25	0.01247	0.01430	0.09814	0.06978	0.36022	0.01280	0.26392	0.01719	0.06557	0.01723	0.01093	0.01381	0.00857	0.00486	0.00556	0.00168	0.00720	0.00523	0.00278	0.00776
26	0.01171	0.28821	0.46862	0.01221	0.01838	0.01453	0.01471	0.01607	0.01102	0.01556	0.00943	0.01099	0.00730	0.00495	0.00437	0.00146	0.00665	0.00363	0.07297	0.00723
27	0.79274	0.01055	0.00834	0.00732	0.01066	0.01218	0.00603	0.06846	0.01012	0.02440	0.00774	0.00888	0.00596	0.00501	0.00341	0.00163	0.00421	0.00300	0.00341	0.00596
28	0.00739	0.00540	0.00695	0.00656	0.00784	0.00495	0.00492	0.00981	0.01476	0.02071	0.72716	0.04030	0.10147	0.01099	0.00624	0.00167	0.00251	0.00967	0.00576	0.00495
29	0.01426	0.00656	0.00771	0.02573	0.00938	0.00631	0.00537	0.04146	0.01272	0.24395	0.01796	0.01884	0.01310	0.00626	0.00426	0.00137	0.00328	0.00503	0.55017	0.00628
30	0.00767	0.00519	0.00607	0.00607	0.00618	0.00529	0.00359	0.00789	0.00778	0.01048	0.01637	0.03303	0.01854	0.72662	0.11356	0.00551	0.00615	0.00746	0.00316	0.00337
31	0.15945	0.01006	0.01202	0.00941	0.01336	0.00976	0.00776	0.12630	0.03254	0.53813	0.01752	0.01575	0.01137	0.00626	0.00498	0.00163	0.00461	0.00485	0.00580	0.00844
32	0.00625	0.00536	0.00536	0.00536	0.00714	0.00446	0.00402	0.00759	0.01205	0.01428	0.05355	0.05088	0.77909	0.01339	0.00625	0.00179	0.00268	0.01116	0.00491	0.00446
33	0.02020	0.16937	0.07503	0.01026	0.01474	0.01221	0.00932	0.15387	0.01569	0.44219	0.01590	0.01467	0.01064	0.00600	0.00491	0.00153	0.00521	0.00462	0.00516	0.00847
34	0.01292	0.01398	0.02366	0.15266	0.23203	0.09212	0.32415	0.01640	0.01209	0.01585	0.00984	0.01331	0.00778	0.00499	0.00618	0.00170	0.04543	0.00521	0.00259	0.00709
35	0.27337	0.01220	0.01566	0.01576	0.17042	0.03911	0.09296	0.12292	0.01265	0.03898	0.01017	0.01318	0.00829	0.00595	0.00627	0.00172	0.10499	0.02763	0.02082	0.00694
36	0.85155	0.01022	0.00777	0.00695	0.01022	0.01186	0.00573	0.01554	0.00900	0.02372	0.00736	0.00859	0.00573	0.00491	0.00327	0.00164	0.00409	0.00286	0.00327	0.00573
37	0.00998	0.00940	0.01586	0.80150	0.03641	0.01175	0.01468	0.01351	0.01057	0.01351	0.00940	0.01409	0.00705	0.00529	0.00529	0.00176	0.00705	0.00470	0.00235	0.00587
38	0.01110	0.00602	0.00738	0.00677	0.00858	0.00543	0.00509	0.01289	0.01279	0.18942	0.21193	0.12035	0.18672	0.06704	0.00719	0.00192	0.00323	0.00878	0.12181	0.00557
39	0.00771	0.00551	0.00759	0.00881	0.00967	0.00539	0.00711	0.00955	0.01137	0.01491	0.02844	0.35237	0.03219	0.01537	0.00709	0.00232	0.00417	0.46091	0.00488	0.00464
40	0.00628	0.00525	0.00547	0.00564	0.00722	0.00444	0.00414	0.00756	0.01178	0.01417	0.05011	0.15820	0.67399	0.01384	0.00632	0.00184	0.00273	0.01170	0.00491	0.00444
41	0.07531	0.00704	0.00826	0.00698	0.00957	0.00663	0.00558	0.01828	0.01266	0.34615	0.01809	0.01819	0.01280	0.00623	0.00436	0.00143	0.00345	0.00495	0.42734	0.00672
42	0.01413	0.81739	0.02770	0.00905	0.01357	0.02092	0.00905	0.01583	0.01074	0.01244	0.00735	0.00848	0.00678	0.00452	0.00339	0.00113	0.00565	0.00283	0.00226	0.00678
43	0.01148	0.22404	0.59782	0.01357	0.02056	0.01443	0.01692	0.01651	0.01106	0.01567	0.00895	0.01049	0.00672	0.00490	0.00462	0.00154	0.00728	0.00364	0.00224	0.00756
44	0.00869	0.00632	0.00869	0.00960	0.01106	0.00615	0.00836	0.01112	0.01208	0.01592	0.02668	0.05620	0.02883	0.01385	0.00706	0.00232	0.00480	0.69330	0.00475	0.06421
45	0.85155	0.01022	0.00777	0.00695	0.01022	0.01186	0.00573	0.01554	0.00900	0.02372	0.00736	0.00859	0.00573	0.00491	0.00327	0.00164	0.00409	0.00286	0.00327	0.00573
46	0.00644	0.00460	0.00613	0.00736	0.00767	0.00429	0.00491	0.00736	0.01012	0.01350	0.02914	0.81076	0.03497	0.01656	0.00675	0.00215	0.00307	0.01503	0.00491	0.00429
47	0.85155	0.01022	0.00777	0.00695	0.01022	0.01186	0.00573	0.01554	0.00900	0.02372	0.00736	0.00859	0.00573	0.00491	0.00327	0.00164	0.00409	0.00286	0.00327	0.00573
48	0.01270	0.01202	0.02037	0.03054	0.71648	0.01202	0.01558	0.01578	0.01205	0.01715	0.01146	0.01700	0.01023	0.00554	0.00541	0.00164	0.00616	0.06700	0.00281	0.00808
49	0.01309	0.01160	0.01357	0.01173	0.01491	0.01317	0.07173	0.02715	0.70786	0.02168	0.02061	0.01926	0.01546	0.00694	0.00545	0.00179	0.00458	0.00600	0.00515	0.00826
50	0.00892	0.00783	0.01008	0.12093	0.01383	0.07344	0.00805	0.01100	0.00933	0.01250	0.01298	0.01888	0.01181	0.03192	0.61568	0.00695	0.01277	0.00534	0.00275	0.00500
51	0.01197	0.01345	0.02909	0.02103	0.02595	0.01261	0.69838	0.01613	0.01228	0.01664	0.01225	0.08122	0.01029	0.00547	0.00628	0.00181	0.00842	0.00698	0.00286	0.00689
52	0.02258	0.00914	0.01223	0.00933	0.01347	0.00788	0.00769	0.03892	0.01497	0.70590	0.01974	0.01730	0.01257	0.00632	0.00520	0.00156	0.00447	0.00512	0.00623	0.07940

[dist]
# distance from previous block
# <min> <max>
0	2

[block]
# block no. 5 follows, 46 sequences, length 20
# corresponding to MSA columns:
# 413-432
name=unknown_F
#
# <colnr> <probs for GDERKNQSTAVLIFYWHMCP>
#	G	D	E	R	K	N	Q	S	T	A	V	L	I	F	Y	W	H	M	C	P
0	0.01113	0.00823	0.00951	0.00820	0.01038	0.00837	0.00641	0.23855	0.01746	0.02381	0.43519	0.05914	0.12238	0.00995	0.00597	0.00167	0.00354	0.00848	0.00552	0.00612
1	0.02081	0.25458	0.01696	0.00930	0.01352	0.01176	0.00816	0.02275	0.01380	0.55023	0.01675	0.01510	0.01117	0.00593	0.00473	0.00148	0.00485	0.00456	0.00524	0.00832
2	0.01319	0.52969	0.02348	0.24995	0.02066	0.01789	0.01081	0.05448	0.01143	0.01386	0.00825	0.01041	0.00698	0.00485	0.00407	0.00135	0.00609	0.00350	0.00245	0.00662
3	0.00883	0.00724	0.00971	0.00901	0.00928	0.00891	0.00671	0.00972	0.00804	0.01158	0.01299	0.02366	0.01378	0.34921	0.24213	0.00523	0.25055	0.00618	0.00283	0.00442
4	0.00829	0.00529	0.00667	0.00667	0.00744	0.00569	0.00479	0.00984	0.00906	0.01398	0.01578	0.02423	0.01496	0.24136	0.34375	0.00537	0.00814	0.00599	0.25834	0.00437
5	0.01138	0.01134	0.02080	0.41852	0.23737	0.01233	0.18147	0.01501	0.01139	0.01530	0.00983	0.01386	0.00763	0.00494	0.00548	0.00171	0.00725	0.00504	0.00249	0.00683
6	0.01133	0.17533	0.20303	0.01243	0.01651	0.04280	0.13829	0.01433	0.01132	0.04992	0.01570	0.25431	0.01582	0.00842	0.00543	0.00171	0.00604	0.00751	0.00334	0.00641
7	0.01239	0.48984	0.01993	0.00890	0.01206	0.04053	0.00790	0.06468	0.01166	0.01421	0.01436	0.25253	0.01550	0.00834	0.00459	0.00148	0.00500	0.00668	0.00329	0.00616
8	0.01018	0.00753	0.01427	0.01156	0.01319	0.00726	0.23470	0.00994	0.00859	0.01154	0.00964	0.01552	0.00883	0.01414	0.01628	0.58967	0.00590	0.00509	0.00241	0.00376
9	0.01066	0.00940	0.01245	0.24894	0.01978	0.00847	0.00882	0.01337	0.01084	0.01610	0.00940	0.01191	0.00759	0.00433	0.00433	0.00108	0.00487	0.00361	0.00289	0.59114
10	0.01059	0.00770	0.00909	0.00882	0.01032	0.00797	0.00647	0.23710	0.01460	0.01952	0.02414	0.56831	0.02707	0.01346	0.00630	0.00198	0.00390	0.01191	0.00502	0.00572
11	0.00712	0.00507	0.00684	0.00802	0.00859	0.00487	0.00594	0.00846	0.01065	0.01408	0.02832	0.55322	0.03299	0.04613	0.00768	0.00235	0.00369	0.23671	0.00483	0.00443
12	0.00649	0.00537	0.00570	0.00561	0.00729	0.00457	0.00421	0.00806	0.01263	0.01566	0.19810	0.04861	0.63368	0.01287	0.00625	0.00176	0.00264	0.01084	0.00509	0.00457
13	0.26520	0.00656	0.00598	0.00575	0.00758	0.00700	0.00445	0.01286	0.01067	0.02066	0.06190	0.04983	0.02976	0.00663	0.00390	0.00143	0.00299	0.00511	0.48662	0.00514
14	0.01313	0.01073	0.01176	0.00984	0.01343	0.01112	0.00774	0.04047	0.48873	0.05579	0.01760	0.01682	0.01331	0.00613	0.00493	0.00147	0.00415	0.00505	0.00475	0.26304
15	0.01526	0.01240	0.01314	0.01119	0.01455	0.01414	0.00888	0.25153	0.54480	0.02552	0.01884	0.01759	0.01397	0.00692	0.00535	0.00173	0.00468	0.00561	0.00535	0.00856
16	0.02262	0.01076	0.01336	0.01024	0.01438	0.01039	0.00846	0.24991	0.01809	0.55657	0.01838	0.01638	0.01184	0.00648	0.00531	0.00162	0.00490	0.00515	0.00616	0.00899
17	0.01956	0.01454	0.01556	0.01205	0.01619	0.01614	0.00992	0.70639	0.08295	0.03245	0.01338	0.01324	0.00955	0.00641	0.00530	0.00160	0.00569	0.00485	0.00530	0.00894
18	0.01051	0.00863	0.00968	0.00900	0.01117	0.00941	0.00694	0.01965	0.42460	0.02089	0.27764	0.06098	0.05658	0.00934	0.00584	0.00179	0.00355	0.04157	0.00547	0.00677
19	0.01074	0.01087	0.02052	0.56478	0.03374	0.01224	0.24172	0.01455	0.01115	0.01455	0.00979	0.01414	0.00734	0.00503	0.00558	0.00177	0.00761	0.00517	0.00245	0.00625

[dist]
# distance from previous block
# <min> <max>
0	2

[block]
# block no. 6 follows, 46 sequences, length 7
# corresponding to MSA columns:
# 435-441
name=unknown_G
#
# <colnr> <probs for GDERKNQSTAVLIFYWHMCP>
#	G	D	E	R	K	N	Q	S	T	A	V	L	I	F	Y	W	H	M	C	P
0	0.00886	0.00459	0.00680	0.00694	0.00698	0.00456	0.00463	0.00694	0.00727	0.00970	0.01156	0.11090	0.01226	0.01815	0.01900	0.74547	0.00441	0.00584	0.00261	0.00253
1	0.01943	0.00958	0.01440	0.05820	0.01624	0.00889	0.09823	0.06318	0.01486	0.51064	0.05736	0.02115	0.01502	0.00701	0.00561	0.00172	0.00518	0.05962	0.00560	0.00808
2	0.01331	0.11911	0.01954	0.09319	0.19893	0.06389	0.11507	0.05963	0.04952	0.04291	0.07683	0.01657	0.01260	0.00620	0.00618	0.00165	0.06620	0.02831	0.00330	0.00707
3	0.01182	0.01180	0.01906	0.01953	0.21745	0.01423	0.11199	0.01399	0.00974	0.01445	0.00870	0.01293	0.00787	0.00941	0.06350	0.00245	0.43708	0.00493	0.00247	0.00657
4	0.00675	0.00540	0.00596	0.00594	0.00745	0.00472	0.00445	0.00834	0.01247	0.01573	0.21808	0.04775	0.52014	0.06160	0.00756	0.00200	0.00291	0.05319	0.00501	0.00453
5	0.06445	0.00793	0.01117	0.31097	0.01993	0.00909	0.00961	0.01340	0.08469	0.01633	0.13867	0.02780	0.01987	0.06885	0.05110	0.00247	0.00573	0.12862	0.00377	0.00554
6	0.01220	0.27507	0.35508	0.01497	0.02112	0.01530	0.20342	0.01650	0.01136	0.01542	0.00911	0.01109	0.00706	0.00472	0.00481	0.00153	0.00740	0.00415	0.00235	0.00731

[dist]
# distance from previous block
# <min> <max>
3	7

[block]
# block no. 7 follows, 46 sequences, length 12
# corresponding to MSA columns:
# 449-460
name=unknown_H
#
# <colnr> <probs for GDERKNQSTAVLIFYWHMCP>
#	G	D	E	R	K	N	Q	S	T	A	V	L	I	F	Y	W	H	M	C	P
0	0.01487	0.01352	0.01476	0.03695	0.11457	0.15064	0.01043	0.17256	0.01396	0.04491	0.01087	0.01348	0.00890	0.00958	0.07757	0.00231	0.20010	0.00459	0.07864	0.00680
1	0.00706	0.00534	0.00665	0.00654	0.00781	0.00493	0.00487	0.00904	0.01315	0.01783	0.44586	0.11479	0.23854	0.01463	0.07683	0.00235	0.00364	0.01016	0.00522	0.00476
2	0.01316	0.01256	0.01241	0.00968	0.01348	0.14709	0.00769	0.03475	0.01183	0.03652	0.00930	0.01101	0.00772	0.00491	0.00563	0.00110	0.09361	0.00345	0.00312	0.56100
3	0.08375	0.00588	0.00704	0.00683	0.00830	0.00556	0.00508	0.01059	0.01307	0.06538	0.41583	0.19685	0.13315	0.01154	0.00602	0.00177	0.00290	0.01004	0.00533	0.00509
4	0.01122	0.01123	0.01778	0.01471	0.01584	0.01424	0.14669	0.01313	0.00926	0.01372	0.00984	0.01666	0.00950	0.01073	0.06284	0.00261	0.54427	0.06722	0.00263	0.00588
5	0.02839	0.15176	0.01439	0.05786	0.01348	0.02836	0.02532	0.12982	0.01209	0.01686	0.01213	0.03429	0.01064	0.01717	0.26161	0.00380	0.08027	0.00493	0.09082	0.00603
6	0.00665	0.00553	0.00583	0.00578	0.00748	0.00481	0.00432	0.00858	0.03738	0.01546	0.15112	0.07502	0.62773	0.01294	0.00624	0.00178	0.00272	0.01090	0.00505	0.00466
7	0.08753	0.01046	0.01896	0.08744	0.02003	0.01021	0.32954	0.01575	0.01281	0.11134	0.17289	0.02222	0.01844	0.00677	0.00584	0.00176	0.00619	0.05133	0.00396	0.00653
8	0.04289	0.00743	0.00846	0.00773	0.00973	0.00767	0.00594	0.03299	0.20464	0.06598	0.34375	0.05289	0.07574	0.00911	0.00556	0.00166	0.00320	0.00777	0.10071	0.00614
9	0.00662	0.00480	0.00629	0.00741	0.00793	0.00447	0.00517	0.00771	0.01047	0.01378	0.03108	0.67741	0.09705	0.01611	0.00676	0.00214	0.00320	0.08233	0.00490	0.00436
10	0.01547	0.08563	0.08740	0.01292	0.01632	0.33634	0.07513	0.05152	0.06772	0.04284	0.01349	0.05616	0.01214	0.00711	0.00529	0.00163	0.00739	0.09548	0.00344	0.00657
11	0.07360	0.01792	0.01466	0.01222	0.01573	0.29444	0.00967	0.38028	0.08941	0.02434	0.01154	0.01194	0.00866	0.00601	0.00498	0.00153	0.00689	0.00426	0.00425	0.00769

[dist]
# distance from previous block
# <min> <max>
0	1

[block]
# block no. 8 follows, 46 sequences, length 88
# corresponding to MSA columns:
# 462-549
name=unknown_I
#
# <colnr> <probs for GDERKNQSTAVLIFYWHMCP>
#	G	D	E	R	K	N	Q	S	T	A	V	L	I	F	Y	W	H	M	C	P
0	0.01336	0.01544	0.02872	0.02186	0.07062	0.10463	0.63013	0.01738	0.01275	0.01649	0.01036	0.01364	0.00790	0.00459	0.00601	0.00172	0.00883	0.00582	0.00268	0.00709
1	0.01216	0.27040	0.07095	0.01542	0.02004	0.01450	0.36595	0.01550	0.01199	0.01569	0.07268	0.02833	0.02448	0.00572	0.00530	0.00159	0.00696	0.03270	0.00292	0.00672
2	0.00962	0.00762	0.02757	0.00904	0.01068	0.00815	0.00723	0.12374	0.01105	0.01558	0.01384	0.01983	0.01262	0.07521	0.59377	0.00691	0.01200	0.00553	0.00322	0.02679
3	0.00676	0.00531	0.00599	0.00594	0.00734	0.00467	0.00434	0.00836	0.01260	0.01624	0.28684	0.09670	0.44240	0.06384	0.00759	0.00198	0.00280	0.01067	0.00510	0.00454
4	0.48095	0.03747	0.03098	0.00939	0.01257	0.11846	0.02133	0.06314	0.02513	0.05630	0.03714	0.01112	0.00841	0.00569	0.00494	0.00164	0.06192	0.00368	0.00347	0.00627
5	0.06176	0.38424	0.32931	0.03233	0.01854	0.01624	0.05997	0.01619	0.01091	0.01512	0.00846	0.01006	0.00677	0.00476	0.00426	0.00143	0.00666	0.00352	0.00234	0.00713
6	0.01884	0.00779	0.01007	0.00812	0.01120	0.00699	0.00651	0.03350	0.01401	0.51946	0.06239	0.02034	0.01551	0.04795	0.00611	0.00172	0.00399	0.00558	0.19235	0.00757
7	0.01200	0.01188	0.02147	0.27238	0.40978	0.01245	0.15161	0.01550	0.01166	0.01603	0.00991	0.01362	0.00789	0.00484	0.00543	0.00167	0.00700	0.00498	0.00254	0.00736
8	0.00735	0.00540	0.00689	0.00651	0.00782	0.00493	0.00489	0.00972	0.01466	0.02047	0.70201	0.04069	0.12677	0.01108	0.00624	0.00168	0.00251	0.00973	0.00572	0.00493
9	0.00660	0.00472	0.00627	0.00725	0.00770	0.00440	0.00492	0.00775	0.01085	0.01465	0.14144	0.69517	0.03720	0.01570	0.00667	0.00207	0.00298	0.01421	0.00504	0.00440
10	0.00627	0.00536	0.00539	0.00538	0.00716	0.00447	0.00404	0.00764	0.01211	0.01443	0.06932	0.05063	0.76323	0.01333	0.00625	0.00178	0.00267	0.01112	0.00493	0.00447
11	0.01480	0.01107	0.01187	0.01023	0.01331	0.01240	0.00808	0.16548	0.48586	0.07661	0.01928	0.01827	0.01426	0.00685	0.00515	0.00168	0.00431	0.00557	0.10681	0.00811
12	0.02010	0.01481	0.01587	0.01216	0.01639	0.01639	0.01005	0.76360	0.02486	0.03332	0.01269	0.01269	0.00899	0.00635	0.00529	0.00159	0.00582	0.00476	0.00529	0.00899
13	0.00755	0.00566	0.00850	0.00850	0.00944	0.00661	0.00661	0.00944	0.00850	0.01227	0.01416	0.02077	0.01322	0.03965	0.79326	0.00850	0.01416	0.00566	0.00283	0.00472
