[name]
unknown

[dist]
# distance from previous block
# <min> <max>
0	615

[block]
# block no. 0 follows, 48 sequences, length 13
# corresponding to MSA columns:
# 626-638
name=unknown_A
#
# <colnr> <probs for GDERKNQSTAVLIFYWHMCP>
#	G	D	E	R	K	N	Q	S	T	A	V	L	I	F	Y	W	H	M	C	P
0	0.06476	0.00824	0.01056	0.01090	0.11732	0.00719	0.00728	0.01193	0.01058	0.01619	0.01508	0.19743	0.01554	0.00771	0.00486	0.00137	0.00403	0.07563	0.00353	0.40989
1	0.18946	0.01199	0.01253	0.01009	0.01365	0.01317	0.00822	0.43387	0.07829	0.10385	0.01376	0.06491	0.01066	0.00660	0.00483	0.00161	0.00488	0.00504	0.00484	0.00773
2	0.01008	0.00836	0.01132	0.03812	0.16196	0.00785	0.00816	0.08174	0.01198	0.01671	0.01908	0.25851	0.06595	0.00911	0.00538	0.00157	0.00425	0.05354	0.00384	0.22248
3	0.01020	0.08444	0.01498	0.54996	0.02753	0.01139	0.01200	0.06178	0.01117	0.01434	0.01225	0.12071	0.01125	0.00686	0.00521	0.00171	0.00606	0.02954	0.00286	0.00575
4	0.01213	0.01180	0.01968	0.01476	0.01894	0.01154	0.35183	0.07693	0.19615	0.01872	0.01628	0.01744	0.07359	0.00573	0.00545	0.00157	0.00610	0.00583	0.00367	0.13186
5	0.01065	0.01065	0.01942	0.51299	0.03105	0.01197	0.23365	0.01524	0.07388	0.01476	0.01045	0.01418	0.00784	0.00505	0.00541	0.00172	0.00714	0.00510	0.00261	0.00625
6	0.01801	0.01958	0.01597	0.01639	0.16449	0.45200	0.01100	0.20687	0.01638	0.01831	0.00936	0.01068	0.00743	0.00537	0.00484	0.00142	0.00774	0.00388	0.00325	0.00706
7	0.01101	0.00880	0.00994	0.00977	0.08246	0.00879	0.00689	0.25394	0.01570	0.02008	0.03527	0.03403	0.46305	0.01001	0.00567	0.00165	0.00391	0.00825	0.00468	0.00610
8	0.00889	0.00911	0.01667	0.01273	0.01598	0.00828	0.35011	0.01165	0.01211	0.01555	0.09067	0.03244	0.37587	0.00888	0.00606	0.00172	0.00532	0.00855	0.00385	0.00554
9	0.00856	0.01565	0.36679	0.01118	0.01577	0.00857	0.08099	0.01223	0.01117	0.01512	0.02649	0.09910	0.28993	0.00878	0.00557	0.00172	0.00546	0.00753	0.00338	0.00604
10	0.01823	0.07738	0.01601	0.01324	0.01600	0.68723	0.03820	0.01968	0.01392	0.01266	0.00792	0.00943	0.00666	0.00533	0.00506	0.00136	0.03967	0.00341	0.00260	0.00601
11	0.01134	0.01025	0.02005	0.01529	0.01888	0.00953	0.42381	0.01445	0.01207	0.09338	0.04215	0.13042	0.08743	0.00803	0.00613	0.00182	0.00634	0.07866	0.00376	0.00622
12	0.00622	0.00460	0.00581	0.00678	0.00735	0.00420	0.00460	0.00719	0.01018	0.01324	0.03274	0.67207	0.17531	0.01550	0.00646	0.00202	0.00291	0.01388	0.00476	0.00420

[dist]
# distance from previous block
# <min> <max>
12	65

[block]
# block no. 1 follows, 48 sequences, length 40
# corresponding to MSA columns:
# 705-744
name=unknown_B
#
# <colnr> <probs for GDERKNQSTAVLIFYWHMCP>
#	G	D	E	R	K	N	Q	S	T	A	V	L	I	F	Y	W	H	M	C	P
0	0.10917	0.23975	0.08676	0.01071	0.05942	0.02778	0.02430	0.07675	0.06326	0.06532	0.02690	0.02319	0.06071	0.00568	0.00433	0.00138	0.00506	0.00435	0.00339	0.10179
1	0.09405	0.32459	0.15780	0.01239	0.09989	0.01408	0.04432	0.01517	0.01088	0.03973	0.03473	0.01265	0.04187	0.00511	0.00419	0.00135	0.00553	0.00394	0.00276	0.07501
2	0.01372	0.20443	0.16118	0.01248	0.01697	0.09096	0.14756	0.05019	0.02840	0.09352	0.04999	0.01441	0.02322	0.03698	0.00561	0.00159	0.00640	0.00463	0.00320	0.03457
3	0.02371	0.08596	0.47519	0.01289	0.01894	0.01269	0.03217	0.07157	0.12906	0.01799	0.01104	0.01202	0.00816	0.00516	0.00475	0.00154	0.00646	0.00406	0.00293	0.06373
4	0.13428	0.06421	0.01212	0.03964	0.01341	0.01063	0.00733	0.10418	0.14280	0.01978	0.01153	0.01309	0.00926	0.00510	0.00421	0.00124	0.00434	0.02237	0.00363	0.37686
5	0.03312	0.00976	0.06406	0.00783	0.00923	0.08792	0.00584	0.10159	0.01052	0.01378	0.01437	0.04234	0.01532	0.54185	0.01886	0.00380	0.00561	0.00645	0.00327	0.00448
6	0.33808	0.20463	0.09110	0.00866	0.01173	0.02448	0.00797	0.01389	0.00914	0.01644	0.00869	0.01273	0.00803	0.12929	0.00837	0.00206	0.09257	0.00378	0.00272	0.00564
7	0.01184	0.11749	0.31878	0.03750	0.38274	0.01307	0.01610	0.01584	0.01117	0.01592	0.00916	0.01145	0.00729	0.00468	0.00478	0.00151	0.00661	0.00405	0.00235	0.00768
8	0.01564	0.01245	0.01322	0.01102	0.01444	0.01411	0.00882	0.34491	0.45606	0.02611	0.01722	0.01623	0.01270	0.00662	0.00518	0.00165	0.00474	0.00530	0.00518	0.00838
9	0.00776	0.00633	0.00946	0.00916	0.00992	0.00738	0.03296	0.00932	0.00876	0.01246	0.01662	0.23853	0.01760	0.02682	0.43900	0.00545	0.12666	0.00788	0.00323	0.00470
10	0.00835	0.00568	0.00730	0.00765	0.00909	0.00529	0.00624	0.01031	0.01227	0.06728	0.16092	0.11101	0.22606	0.01288	0.00648	0.00200	0.00363	0.32771	0.00500	0.00487
11	0.00726	0.00524	0.00686	0.00646	0.00767	0.00484	0.00484	0.00968	0.01452	0.02058	0.78496	0.03833	0.04841	0.01049	0.00605	0.00161	0.00242	0.00928	0.00565	0.00484
12	0.00628	0.00499	0.00567	0.00610	0.00731	0.00438	0.00444	0.00755	0.01120	0.01396	0.07285	0.30160	0.47064	0.01396	0.00627	0.00187	0.00282	0.04898	0.00480	0.00432
13	0.00904	0.01650	0.40649	0.01111	0.03615	0.00879	0.01223	0.01326	0.03502	0.03036	0.07041	0.02684	0.26813	0.00821	0.00542	0.00168	0.00535	0.02521	0.00348	0.00632
14	0.00742	0.00496	0.00561	0.00564	0.00565	0.00495	0.00316	0.00745	0.00754	0.01005	0.01655	0.05812	0.01913	0.79448	0.02550	0.00488	0.00491	0.00769	0.00316	0.00314
15	0.21919	0.07019	0.06894	0.01022	0.01406	0.01406	0.00891	0.28975	0.21213	0.02471	0.01268	0.01271	0.00943	0.00581	0.00453	0.00158	0.00496	0.00429	0.00426	0.00757
16	0.01070	0.07270	0.62787	0.01491	0.07558	0.01204	0.01707	0.01589	0.01085	0.01607	0.00911	0.01079	0.00671	0.00474	0.00471	0.00152	0.00704	0.00372	0.00227	0.07573
17	0.04700	0.19893	0.02016	0.06090	0.37193	0.07918	0.01237	0.11967	0.01315	0.01754	0.00918	0.01122	0.00757	0.00484	0.00457	0.00142	0.00611	0.00399	0.00284	0.00745
18	0.02005	0.00840	0.01107	0.00873	0.01228	0.00747	0.00712	0.03824	0.04429	0.62743	0.07735	0.02149	0.07775	0.00720	0.00530	0.00161	0.00410	0.00593	0.00610	0.00807
19	0.01364	0.01259	0.01775	0.03150	0.38532	0.07472	0.06605	0.07950	0.01285	0.04774	0.01007	0.01219	0.00807	0.00464	0.00482	0.00135	0.00590	0.00425	0.00303	0.20402
20	0.00863	0.00692	0.00911	0.06676	0.07368	0.00710	0.00693	0.04248	0.11246	0.01616	0.10770	0.39748	0.06797	0.02702	0.00633	0.00190	0.00373	0.01034	0.00451	0.02280
21	0.01088	0.07437	0.29470	0.27228	0.08759	0.01254	0.09445	0.01585	0.05969	0.01533	0.00993	0.01256	0.00747	0.00497	0.00501	0.00162	0.00696	0.00439	0.00247	0.00691
22	0.01521	0.01090	0.01539	0.01248	0.01484	0.01261	0.08906	0.05006	0.15816	0.23045	0.01378	0.01478	0.01028	0.00726	0.00978	0.00188	0.31664	0.00510	0.00410	0.00722
23	0.00786	0.00488	0.00518	0.00534	0.00657	0.00455	0.00392	0.00968	0.01107	0.01661	0.06094	0.15088	0.26110	0.00991	0.00492	0.00152	0.00255	0.00836	0.41961	0.00455
24	0.01152	0.01371	0.07569	0.04071	0.02441	0.01262	0.58518	0.01548	0.01136	0.01568	0.01022	0.01389	0.00795	0.00720	0.06356	0.00223	0.07368	0.00570	0.00254	0.00666
25	0.01128	0.40693	0.01662	0.00771	0.00987	0.01225	0.00658	0.01095	0.00852	0.01047	0.00804	0.01197	0.00777	0.01122	0.01181	0.43284	0.00496	0.00361	0.00221	0.00437
26	0.00665	0.00522	0.00601	0.00582	0.00729	0.00458	0.00436	0.00850	0.01309	0.01716	0.41249	0.04394	0.42302	0.01176	0.00606	0.00167	0.00251	0.01007	0.00520	0.00458
27	0.00876	0.01446	0.32837	0.03713	0.01564	0.00835	0.03499	0.01252	0.01174	0.01619	0.13111	0.03173	0.14274	0.00907	0.00578	0.00181	0.00541	0.17458	0.00367	0.00594
28	0.01288	0.34519	0.09984	0.02053	0.39499	0.01548	0.01322	0.01564	0.01108	0.01479	0.00858	0.01069	0.00734	0.00453	0.00433	0.00136	0.00599	0.00375	0.00236	0.00744
29	0.00949	0.00875	0.01321	0.01861	0.40370	0.00835	0.00996	0.01172	0.01181	0.01562	0.06103	0.03028	0.35978	0.00861	0.00556	0.00162	0.00437	0.00758	0.00367	0.00628
30	0.00622	0.00525	0.00542	0.00550	0.00719	0.00444	0.00421	0.00760	0.01170	0.01397	0.05022	0.04998	0.73193	0.01308	0.00614	0.00178	0.00275	0.06350	0.00476	0.00436
31	0.03042	0.01184	0.03732	0.38611	0.04218	0.02622	0.31872	0.01470	0.01096	0.01476	0.00945	0.01334	0.00720	0.00499	0.00607	0.00173	0.05023	0.00508	0.00243	0.00627
32	0.31187	0.01621	0.26658	0.01387	0.07264	0.01204	0.13954	0.01672	0.07239	0.01915	0.00965	0.01126	0.00724	0.00489	0.00451	0.00163	0.00609	0.00403	0.00287	0.00683
33	0.00917	0.00769	0.01171	0.26326	0.16612	0.00844	0.00917	0.01090	0.00918	0.01233	0.01261	0.02283	0.01271	0.37989	0.04093	0.00339	0.00607	0.00592	0.00273	0.00494
34	0.22856	0.07590	0.01509	0.23429	0.18730	0.08332	0.01103	0.01618	0.07266	0.01699	0.00942	0.01171	0.00746	0.00502	0.00443	0.00156	0.00583	0.00395	0.00283	0.00648
35	0.00866	0.00662	0.00752	0.00678	0.00864	0.00633	0.00523	0.12469	0.01489	0.01977	0.38422	0.03863	0.32703	0.01080	0.00592	0.00165	0.00298	0.00917	0.00523	0.00524
36	0.01179	0.35769	0.02351	0.07817	0.06732	0.01466	0.22473	0.01432	0.01088	0.01384	0.01143	0.12733	0.01100	0.00613	0.00481	0.00150	0.00617	0.00566	0.00271	0.00636
37	0.44122	0.01046	0.00954	0.00856	0.01160	0.01213	0.00682	0.02107	0.38728	0.02226	0.01390	0.01365	0.01053	0.00584	0.00418	0.00166	0.00401	0.00427	0.00418	0.00682
38	0.44122	0.01049	0.00977	0.00909	0.03088	0.01211	0.00701	0.02079	0.36820	0.02214	0.01362	0.01349	0.01034	0.00578	0.00418	0.00166	0.00406	0.00423	0.00411	0.00682
39	0.01050	0.00571	0.00775	0.00802	0.00933	0.00526	0.00604	0.01191	0.01131	0.19400	0.02622	0.49462	0.02822	0.01348	0.00632	0.00202	0.00361	0.14521	0.00512	0.00533

[dist]
# distance from previous block
# <min> <max>
0	15

[block]
# block no. 2 follows, 48 sequences, length 13
# corresponding to MSA columns:
# 760-772
name=unknown_C
#
# <colnr> <probs for GDERKNQSTAVLIFYWHMCP>
#	G	D	E	R	K	N	Q	S	T	A	V	L	I	F	Y	W	H	M	C	P
0	0.01032	0.02534	0.73917	0.01414	0.02152	0.01157	0.01807	0.01602	0.01082	0.01628	0.00920	0.01082	0.00658	0.00480	0.00480	0.00157	0.00732	0.00374	0.00223	0.06571
1	0.00923	0.00767	0.00889	0.00698	0.01031	0.00611	0.00545	0.01146	0.02943	0.01648	0.12176	0.02273	0.17443	0.00717	0.00518	0.03119	0.00340	0.00560	0.00377	0.51275
2	0.00775	0.00627	0.00997	0.00893	0.01046	0.00584	0.12730	0.00979	0.01176	0.01636	0.24525	0.34047	0.08554	0.01150	0.00604	0.00179	0.00365	0.01059	0.07585	0.00487
3	0.15150	0.03572	0.01190	0.02408	0.01306	0.03653	0.00783	0.31398	0.13937	0.02363	0.01635	0.15504	0.03387	0.00789	0.00503	0.00166	0.00470	0.00633	0.00454	0.00699
4	0.01350	0.01308	0.01877	0.12273	0.52931	0.08451	0.01423	0.08000	0.04256	0.01743	0.01009	0.01272	0.00817	0.00493	0.00505	0.00154	0.00636	0.00451	0.00284	0.00768
5	0.01279	0.27214	0.15209	0.01222	0.08019	0.01459	0.01074	0.05832	0.22703	0.01732	0.01202	0.01256	0.00946	0.00525	0.00440	0.00140	0.00535	0.00406	0.00330	0.08478
6	0.03801	0.01954	0.39127	0.01305	0.01832	0.01354	0.01407	0.24545	0.08533	0.02145	0.01094	0.01201	0.00801	0.00583	0.00603	0.00167	0.08009	0.00426	0.00338	0.00774
7	0.01248	0.01282	0.02442	0.02774	0.49833	0.01249	0.30220	0.01601	0.01185	0.01664	0.00993	0.01313	0.00800	0.00448	0.00545	0.00160	0.00707	0.00514	0.00256	0.00767
8	0.15943	0.00885	0.00980	0.00901	0.01124	0.01022	0.00710	0.06774	0.28458	0.01865	0.01504	0.01719	0.01229	0.01912	0.32221	0.00430	0.00802	0.00507	0.00387	0.00630
9	0.00656	0.00503	0.00605	0.00678	0.00762	0.00468	0.00471	0.00831	0.05238	0.01377	0.03445	0.55994	0.24147	0.01472	0.00634	0.00197	0.00293	0.01306	0.00479	0.00443
10	0.00665	0.00532	0.00653	0.00650	0.00787	0.00520	0.00497	0.00824	0.01051	0.01353	0.08586	0.03696	0.42733	0.02301	0.32308	0.00433	0.00704	0.00859	0.00402	0.00447
11	0.00673	0.00477	0.00585	0.00640	0.00681	0.00451	0.00415	0.00750	0.00963	0.01280	0.09557	0.42036	0.09362	0.28221	0.01296	0.00297	0.00356	0.01142	0.00429	0.00389
12	0.01385	0.01214	0.01520	0.01267	0.01419	0.01548	0.01047	0.23999	0.09084	0.01923	0.00984	0.01235	0.00823	0.00793	0.01217	0.00198	0.48856	0.00466	0.00341	0.00680

[dist]
# distance from previous block
# <min> <max>
0	3

[block]
# block no. 3 follows, 48 sequences, length 23
# corresponding to MSA columns:
# 776-798
name=unknown_D
#
# <colnr> <probs for GDERKNQSTAVLIFYWHMCP>
#	G	D	E	R	K	N	Q	S	T	A	V	L	I	F	Y	W	H	M	C	P
0	0.02302	0.00873	0.01191	0.00913	0.01310	0.00754	0.00754	0.02501	0.01469	0.79122	0.02024	0.01746	0.01270	0.00635	0.00516	0.00159	0.00437	0.00516	0.00635	0.00873
1	0.01542	0.01396	0.07782	0.01140	0.01517	0.03202	0.00972	0.32525	0.39391	0.02520	0.01618	0.01548	0.01191	0.00643	0.00514	0.00164	0.00511	0.00510	0.00487	0.00827
2	0.01107	0.01061	0.01319	0.01263	0.07427	0.07588	0.06259	0.01603	0.19874	0.01663	0.13375	0.11827	0.04140	0.00873	0.00805	0.00182	0.17920	0.00700	0.00396	0.00621
3	0.01105	0.41797	0.05377	0.00878	0.01181	0.01320	0.00836	0.01311	0.01082	0.01388	0.01547	0.08774	0.01590	0.00829	0.00474	0.00157	0.00491	0.21979	0.07308	0.00576
4	0.01301	0.01149	0.01513	0.08133	0.30165	0.04735	0.01126	0.02056	0.32374	0.05430	0.01587	0.01657	0.03136	0.00596	0.00511	0.00162	0.00520	0.00521	0.02560	0.00768
5	0.00644	0.00454	0.00590	0.00691	0.00716	0.00429	0.00451	0.00719	0.00946	0.01261	0.02642	0.69596	0.03159	0.13965	0.00956	0.00253	0.00328	0.01349	0.00451	0.00400
6	0.00625	0.00447	0.00595	0.00714	0.00744	0.00417	0.00476	0.00714	0.00982	0.01310	0.02828	0.81633	0.03394	0.01608	0.00655	0.00208	0.00298	0.01459	0.00476	0.00417
7	0.01018	0.01600	0.30217	0.41430	0.02879	0.01192	0.07825	0.01450	0.01051	0.01450	0.00915	0.01253	0.00679	0.00515	0.00566	0.00171	0.04473	0.00440	0.00226	0.00649
8	0.00643	0.00489	0.00555	0.00597	0.00683	0.00441	0.00403	0.00731	0.01013	0.01276	0.03596	0.31664	0.35632	0.18661	0.01052	0.00255	0.00324	0.01143	0.00441	0.00401
9	0.02302	0.00873	0.01191	0.00913	0.01310	0.00754	0.00754	0.02501	0.01469	0.79122	0.02024	0.01746	0.01270	0.00635	0.00516	0.00159	0.00437	0.00516	0.00635	0.00873
10	0.01372	0.82276	0.02689	0.00878	0.01317	0.02030	0.00878	0.01536	0.01043	0.01207	0.00713	0.00823	0.00658	0.00439	0.00329	0.00110	0.00549	0.00274	0.00219	0.00658
11	0.01434	0.23582	0.30966	0.01089	0.01608	0.01240	0.01194	0.01773	0.01197	0.22231	0.06148	0.03096	0.01144	0.00574	0.00463	0.00148	0.00573	0.00445	0.00357	0.00737
12	0.01570	0.00783	0.01017	0.00900	0.01170	0.00735	0.00745	0.09008	0.01413	0.36852	0.02465	0.09719	0.08032	0.00992	0.00590	0.00186	0.00434	0.22153	0.00551	0.00685
13	0.32076	0.02044	0.50468	0.01173	0.01770	0.01177	0.01404	0.01582	0.01006	0.01874	0.00845	0.00992	0.00615	0.00483	0.00425	0.00161	0.00626	0.00342	0.00254	0.00684
14	0.00670	0.00465	0.00582	0.00658	0.00676	0.00446	0.00416	0.00726	0.00896	0.01194	0.02383	0.52894	0.02833	0.31112	0.01373	0.00315	0.00371	0.01197	0.00416	0.00378
15	0.01037	0.01365	0.24905	0.01098	0.01469	0.00947	0.01124	0.09058	0.10979	0.01797	0.02179	0.03319	0.09174	0.00950	0.00588	0.00191	0.00540	0.28236	0.00405	0.00639
16	0.01270	0.01219	0.02083	0.03149	0.78767	0.01219	0.01575	0.01575	0.01168	0.01676	0.00965	0.01270	0.00813	0.00457	0.00508	0.00152	0.00610	0.00457	0.00254	0.00813
17	0.00965	0.00857	0.01394	0.26087	0.12457	0.00894	0.07100	0.01244	0.01102	0.01485	0.01614	0.10604	0.01608	0.00842	0.00574	0.00181	0.00561	0.20952	0.00333	0.09148
18	0.01307	0.01118	0.01178	0.01051	0.01346	0.01291	0.00820	0.06159	0.74357	0.02197	0.02049	0.01883	0.01534	0.00692	0.00522	0.00173	0.00413	0.00575	0.00522	0.00815
19	0.01091	0.00980	0.01365	0.14469	0.23837	0.01061	0.01049	0.01758	0.26789	0.01776	0.09333	0.02187	0.10713	0.00704	0.00535	0.00166	0.00476	0.00618	0.00396	0.00696
20	0.01339	0.01106	0.01172	0.01027	0.01313	0.01264	0.00798	0.14166	0.59947	0.02225	0.01917	0.01923	0.01482	0.07140	0.00687	0.00197	0.00438	0.00575	0.00504	0.00782
21	0.72768	0.03012	0.00892	0.00764	0.01071	0.09615	0.00623	0.01561	0.00937	0.02141	0.00722	0.00850	0.00572	0.00491	0.00365	0.00156	0.02303	0.00287	0.00307	0.00562
22	0.01373	0.01031	0.01119	0.00928	0.01223	0.01087	0.00754	0.42769	0.01878	0.02470	0.08880	0.02875	0.23717	0.00912	0.00563	0.00167	0.00443	0.06626	0.00504	0.00682

[dist]
# distance from previous block
# <min> <max>
0	1

[block]
# block no. 4 follows, 48 sequences, length 14
# corresponding to MSA columns:
# 800-813
name=unknown_E
#
# <colnr> <probs for GDERKNQSTAVLIFYWHMCP>
#	G	D	E	R	K	N	Q	S	T	A	V	L	I	F	Y	W	H	M	C	P
0	0.01151	0.01225	0.02463	0.24573	0.14458	0.01241	0.44099	0.01539	0.01152	0.01554	0.00991	0.01362	0.00757	0.00459	0.00565	0.00169	0.00775	0.00541	0.00250	0.00676
1	0.01551	0.01752	0.01809	0.02355	0.45199	0.35442	0.01321	0.01781	0.01293	0.01493	0.00890	0.01120	0.00747	0.00488	0.00488	0.00144	0.00747	0.00402	0.00259	0.00718
2	0.00746	0.00497	0.00560	0.00560	0.00560	0.00497	0.00311	0.00746	0.00746	0.00995	0.01617	0.03358	0.01865	0.81967	0.02612	0.00497	0.00497	0.00746	0.00311	0.00311
3	0.01917	0.02445	0.01454	0.01322	0.01586	0.79907	0.00991	0.02049	0.01454	0.01256	0.00793	0.00925	0.00661	0.00529	0.00463	0.00132	0.00925	0.00330	0.00264	0.00595
4	0.00897	0.00777	0.00859	0.00808	0.00926	0.08278	0.00624	0.01088	0.01153	0.01587	0.28302	0.02692	0.09255	0.01705	0.21739	0.00339	0.09438	0.00689	0.08353	0.00491
5	0.29872	0.08719	0.01289	0.00939	0.01243	0.03359	0.00789	0.08470	0.01195	0.23835	0.01127	0.01179	0.00819	0.00604	0.00631	0.00164	0.14291	0.00392	0.00398	0.00686
6	0.01232	0.00704	0.00740	0.00650	0.00845	0.00733	0.00510	0.17761	0.01384	0.05582	0.01593	0.01757	0.01217	0.00603	0.00399	0.00129	0.00319	0.00476	0.62783	0.00581
7	0.00639	0.00489	0.00586	0.00630	0.00730	0.00436	0.00446	0.00773	0.01145	0.01487	0.18830	0.38073	0.31121	0.01383	0.00627	0.00186	0.00273	0.01215	0.00494	0.00436
8	0.01598	0.36729	0.10557	0.01080	0.01541	0.01738	0.01034	0.35950	0.01671	0.02176	0.00972	0.01038	0.00755	0.00525	0.00430	0.00136	0.00579	0.00371	0.00353	0.00767
9	0.01287	0.62498	0.21722	0.01023	0.01541	0.01822	0.01131	0.01558	0.01053	0.01311	0.00765	0.00888	0.00656	0.00451	0.00369	0.00123	0.00601	0.00300	0.00219	0.00683
10	0.00744	0.00505	0.00596	0.00596	0.00609	0.00517	0.00357	0.00770	0.00757	0.01022	0.01583	0.03173	0.01785	0.71185	0.13284	0.00543	0.00618	0.00719	0.00306	0.00331
11	0.00687	0.00463	0.00575	0.00652	0.00682	0.00444	0.00422	0.00766	0.00928	0.01280	0.02404	0.53800	0.02804	0.22822	0.01147	0.00277	0.00345	0.01183	0.07924	0.00394
12	0.00662	0.00485	0.00651	0.00719	0.00777	0.00487	0.00505	0.00776	0.00939	0.01263	0.02551	0.47349	0.09376	0.07260	0.23235	0.00398	0.00612	0.01123	0.00409	0.00423
13	0.01253	0.31345	0.06622	0.00884	0.01349	0.01295	0.00821	0.07929	0.01173	0.01631	0.00866	0.00990	0.00725	0.00429	0.00379	0.00101	0.00482	0.00311	0.00285	0.41129

[dist]
# distance from previous block
# <min> <max>
0	1

[block]
# block no. 5 follows, 48 sequences, length 24
# corresponding to MSA columns:
# 815-838
name=unknown_F
#
# <colnr> <probs for GDERKNQSTAVLIFYWHMCP>
#	G	D	E	R	K	N	Q	S	T	A	V	L	I	F	Y	W	H	M	C	P
0	0.59302	0.01260	0.00978	0.00855	0.01166	0.12587	0.00689	0.10234	0.03298	0.02224	0.00822	0.00931	0.00639	0.00517	0.00404	0.00157	0.02678	0.00320	0.00335	0.00605
1	0.00858	0.00643	0.00926	0.01123	0.07848	0.00640	0.00877	0.01097	0.01180	0.01543	0.02649	0.05363	0.05378	0.01329	0.00688	0.00227	0.00477	0.66200	0.00454	0.00501
2	0.12941	0.01157	0.01188	0.01001	0.01336	0.05174	0.00800	0.14213	0.34523	0.19660	0.01689	0.01574	0.01209	0.00632	0.00489	0.00163	0.00463	0.00494	0.00506	0.00790
3	0.00924	0.00827	0.02893	0.04178	0.21849	0.00749	0.03880	0.01135	0.01118	0.03098	0.06335	0.26109	0.14140	0.00965	0.00563	0.00167	0.00429	0.00872	0.00384	0.09384
4	0.01340	0.25796	0.41907	0.01222	0.01805	0.08266	0.01399	0.01727	0.01144	0.09544	0.00964	0.01062	0.00718	0.00492	0.00442	0.00144	0.00678	0.00358	0.00265	0.00727
5	0.01331	0.46596	0.02595	0.01349	0.04048	0.04264	0.23026	0.01690	0.07827	0.01432	0.00938	0.01099	0.00778	0.00463	0.00436	0.00136	0.00642	0.00405	0.00260	0.00684
6	0.00621	0.00520	0.00539	0.00535	0.00702	0.00439	0.00401	0.00764	0.01203	0.01465	0.13809	0.04808	0.69898	0.01270	0.00606	0.00172	0.00258	0.01065	0.00487	0.00439
7	0.00651	0.00466	0.00618	0.00697	0.00750	0.00434	0.00478	0.00779	0.01101	0.01499	0.21932	0.61990	0.03759	0.01467	0.00642	0.00197	0.00284	0.01325	0.00499	0.00434
8	0.01118	0.01023	0.01438	0.39425	0.02446	0.01227	0.04146	0.01924	0.33777	0.01676	0.01406	0.01589	0.01063	0.00608	0.00583	0.00175	0.04828	0.00514	0.00354	0.00678
9	0.00918	0.03541	0.09078	0.00806	0.01092	0.00725	0.00700	0.01140	0.00952	0.01437	0.01207	0.01724	0.01099	0.12177	0.24992	0.00374	0.00732	0.00459	0.07677	0.29170
10	0.05894	0.00654	0.00765	0.00657	0.00882	0.00618	0.00513	0.01666	0.01187	0.30729	0.01750	0.01903	0.01300	0.06763	0.00586	0.00165	0.00341	0.00502	0.42506	0.00617
11	0.01145	0.29642	0.53338	0.01264	0.01914	0.01476	0.01551	0.01595	0.01070	0.01483	0.00850	0.00995	0.00653	0.00471	0.00434	0.00145	0.00687	0.00344	0.00218	0.00724
12	0.09927	0.00843	0.01146	0.31835	0.04987	0.00922	0.00939	0.01479	0.06732	0.13047	0.02207	0.02290	0.20138	0.00734	0.00517	0.00168	0.00489	0.00611	0.00382	0.00607
13	0.01127	0.01113	0.01901	0.01358	0.01841	0.00946	0.33143	0.01442	0.01127	0.01660	0.00966	0.01200	0.00768	0.00402	0.00476	0.00117	0.00587	0.00433	0.00285	0.49108
14	0.00699	0.00529	0.00648	0.00634	0.00770	0.00478	0.00486	0.00907	0.01344	0.01810	0.49859	0.04336	0.26809	0.01156	0.00615	0.00171	0.00268	0.07482	0.00530	0.00468
15	0.00632	0.00470	0.00568	0.00647	0.00723	0.00424	0.00446	0.00740	0.01042	0.01356	0.03495	0.55519	0.25881	0.01476	0.00629	0.00194	0.00284	0.01308	0.03741	0.00424
16	0.00649	0.00517	0.00533	0.00529	0.00692	0.00442	0.00397	0.00800	0.01190	0.01501	0.12355	0.04561	0.64293	0.01213	0.00585	0.00167	0.00256	0.01014	0.07864	0.00442
17	0.01270	0.01219	0.02083	0.03149	0.78767	0.01219	0.01575	0.01575	0.01168	0.01676	0.00965	0.01270	0.00813	0.00457	0.00508	0.00152	0.00610	0.00457	0.00254	0.00813
18	0.01215	0.47595	0.02116	0.01010	0.01274	0.01714	0.00920	0.01367	0.00938	0.01213	0.00787	0.01066	0.00744	0.01016	0.11031	0.00236	0.24563	0.00362	0.00228	0.00604
19	0.01628	0.00727	0.00968	0.00799	0.01083	0.00639	0.00642	0.01836	0.01433	0.46403	0.26719	0.02770	0.08308	0.00840	0.00557	0.00163	0.00362	0.02822	0.00596	0.00704
20	0.00644	0.00490	0.00593	0.00634	0.00733	0.00439	0.00450	0.00784	0.01160	0.01519	0.22286	0.37371	0.28304	0.01369	0.00627	0.00185	0.00272	0.01205	0.00498	0.00439
21	0.01196	0.16226	0.28634	0.02004	0.26111	0.01368	0.14190	0.01597	0.01124	0.01569	0.00917	0.01146	0.00724	0.00460	0.00485	0.00152	0.00692	0.00423	0.00236	0.00746
22	0.01361	0.17895	0.01519	0.00931	0.01341	0.04438	0.00780	0.15660	0.13738	0.01926	0.01116	0.01177	0.00886	0.00493	0.00421	0.00116	0.00475	0.00373	0.00359	0.34996
23	0.15372	0.00860	0.02531	0.00787	0.01092	0.00798	0.03692	0.09241	0.01300	0.16346	0.02954	0.02836	0.34008	0.00865	0.00517	0.00161	0.00389	0.00702	0.00460	0.05088

[dist]
# distance from previous block
# <min> <max>
0	23

[block]
# block no. 6 follows, 48 sequences, length 31
# corresponding to MSA columns:
# 862-892
name=unknown_G
#
# <colnr> <probs for GDERKNQSTAVLIFYWHMCP>
#	G	D	E	R	K	N	Q	S	T	A	V	L	I	F	Y	W	H	M	C	P
0	0.00616	0.00509	0.00540	0.00557	0.00705	0.00433	0.00408	0.00745	0.01155	0.01409	0.08593	0.16946	0.62944	0.01335	0.00614	0.00178	0.00265	0.01134	0.00481	0.00433
1	0.01048	0.01045	0.02007	0.08892	0.13863	0.01031	0.34019	0.02839	0.01135	0.01546	0.01451	0.18195	0.01403	0.00963	0.06421	0.00226	0.00715	0.02265	0.00311	0.00624
2	0.02011	0.01266	0.07088	0.01073	0.01504	0.01172	0.00936	0.36924	0.01866	0.36097	0.01545	0.01440	0.01026	0.00608	0.00509	0.00154	0.00518	0.00475	0.00539	0.03248
3	0.01292	0.00665	0.00925	0.00831	0.01022	0.00680	0.00657	0.01477	0.01077	0.27693	0.01706	0.07733	0.01415	0.02178	0.36789	0.00465	0.03660	0.00595	0.08538	0.00601
4	0.00826	0.00804	0.01397	0.01114	0.01381	0.00730	0.26352	0.01066	0.01191	0.01535	0.11189	0.12904	0.35353	0.01017	0.00612	0.00176	0.00468	0.00950	0.00412	0.00524
5	0.03129	0.01385	0.09379	0.16895	0.09216	0.01339	0.18599	0.25223	0.01508	0.02072	0.01059	0.02381	0.00808	0.00550	0.00580	0.00166	0.04156	0.00495	0.00331	0.00730
6	0.01654	0.01560	0.09144	0.01796	0.23732	0.20618	0.06749	0.01922	0.01301	0.21793	0.01214	0.01325	0.00893	0.00639	0.03232	0.00175	0.00702	0.00448	0.00354	0.00748
7	0.42578	0.01838	0.40712	0.01075	0.01617	0.01172	0.01237	0.01568	0.00980	0.01958	0.00819	0.00961	0.00604	0.00482	0.00404	0.00161	0.00581	0.00329	0.00266	0.00659
8	0.00669	0.00501	0.00640	0.00676	0.00759	0.00490	0.00482	0.00797	0.01011	0.01344	0.10652	0.29646	0.19668	0.09752	0.20096	0.00373	0.00564	0.01031	0.00421	0.00427
9	0.00626	0.00518	0.00549	0.00546	0.00706	0.00441	0.00408	0.00773	0.01209	0.01491	0.16876	0.07135	0.64413	0.01269	0.00608	0.00172	0.00258	0.01070	0.00491	0.00441
10	0.05318	0.01751	0.39463	0.01167	0.01662	0.01067	0.01278	0.04329	0.16128	0.06487	0.07098	0.09224	0.01441	0.00690	0.00513	0.00168	0.00563	0.00569	0.00367	0.00717
11	0.01633	0.37240	0.06259	0.01125	0.01504	0.35864	0.00990	0.07293	0.01324	0.01400	0.00797	0.00912	0.00675	0.00494	0.00409	0.00126	0.00725	0.00318	0.00260	0.00652
12	0.00698	0.00505	0.00641	0.00722	0.00792	0.00480	0.00531	0.00818	0.01025	0.01330	0.02949	0.36242	0.14300	0.15059	0.00992	0.00259	0.00373	0.21418	0.00447	0.00417
13	0.00742	0.00515	0.00649	0.00649	0.00681	0.00546	0.00423	0.00804	0.00773	0.01061	0.01535	0.02903	0.01668	0.55481	0.28828	0.00608	0.00795	0.00680	0.00299	0.00361
14	0.01496	0.01170	0.01295	0.00970	0.01399	0.01136	0.00790	0.37691	0.03921	0.02435	0.01099	0.01169	0.00837	0.00502	0.00448	0.00116	0.00469	0.00388	0.00411	0.42257
15	0.00629	0.00449	0.00598	0.00712	0.00745	0.00419	0.00477	0.00723	0.00998	0.01335	0.05411	0.78977	0.03443	0.01588	0.00653	0.00207	0.00296	0.01441	0.00479	0.00419
16	0.01108	0.01102	0.01568	0.08979	0.01557	0.01530	0.01152	0.01242	0.00809	0.01242	0.00696	0.01146	0.00675	0.00861	0.01571	0.00219	0.73304	0.00450	0.00225	0.00562
17	0.01403	0.71472	0.02481	0.00901	0.01310	0.09048	0.00866	0.01568	0.01081	0.01242	0.00762	0.00880	0.00687	0.00454	0.00343	0.00112	0.00570	0.00288	0.03886	0.00645
18	0.00954	0.00864	0.01249	0.01682	0.32979	0.00852	0.00939	0.01285	0.08510	0.01563	0.02812	0.05625	0.31230	0.01077	0.05918	0.00210	0.00495	0.00754	0.00375	0.00627
19	0.00952	0.07396	0.28216	0.21958	0.02117	0.01037	0.03880	0.01308	0.01048	0.01443	0.01368	0.19228	0.01327	0.00753	0.00524	0.00169	0.00602	0.02117	0.00288	0.04269
20	0.00909	0.00764	0.01147	0.13610	0.12377	0.00871	0.00909	0.01277	0.09794	0.01385	0.01332	0.01823	0.01167	0.03965	0.45707	0.00547	0.01030	0.00529	0.00294	0.00564
21	0.00645	0.00461	0.00618	0.00737	0.00775	0.00434	0.00510	0.00748	0.01002	0.01332	0.02817	0.74237	0.03351	0.01589	0.00660	0.00211	0.00315	0.08660	0.00476	0.00422
22	0.01215	0.21942	0.20699	0.08197	0.35088	0.01411	0.01465	0.01557	0.01105	0.01518	0.00887	0.01120	0.00725	0.00464	0.00458	0.00146	0.00636	0.00392	0.00234	0.00742
23	0.01106	0.01454	0.22015	0.35802	0.24564	0.01166	0.01573	0.01500	0.01093	0.03552	0.00959	0.01276	0.00727	0.00494	0.00505	0.00163	0.00676	0.00438	0.00243	0.00696
24	0.00685	0.00472	0.00578	0.00638	0.00654	0.00456	0.00395	0.00730	0.00866	0.01155	0.02233	0.43173	0.02643	0.41091	0.01616	0.00350	0.00396	0.01109	0.00395	0.00365
25	0.13000	0.01334	0.01442	0.28308	0.10601	0.18039	0.01122	0.08749	0.01279	0.08733	0.00993	0.01207	0.00747	0.00532	0.00493	0.00157	0.01883	0.00411	0.00315	0.00656
26	0.00976	0.00801	0.01026	0.00938	0.00992	0.00980	0.00707	0.01238	0.13855	0.01300	0.02873	0.07767	0.01433	0.21180	0.01670	0.13078	0.27759	0.00627	0.00321	0.00479
27	0.01333	0.13338	0.07241	0.21911	0.01951	0.28393	0.01063	0.01534	0.01179	0.01317	0.06864	0.01324	0.01013	0.00669	0.00618	0.08310	0.00696	0.00416	0.00264	0.00565
28	0.00811	0.00456	0.00666	0.00695	0.00711	0.00457	0.00472	0.00703	0.00760	0.01022	0.01408	0.21065	0.01537	0.01939	0.09169	0.56346	0.00499	0.00702	0.00289	0.00293
29	0.01058	0.00893	0.01282	0.16971	0.21757	0.00940	0.00991	0.08542	0.05470	0.01697	0.07546	0.02326	0.17616	0.00820	0.00643	0.06400	0.00483	0.00631	0.03320	0.00612
30	0.01155	0.01149	0.01720	0.40962	0.28688	0.06996	0.01415	0.01447	0.01083	0.01423	0.00898	0.01279	0.00725	0.00532	0.00620	0.00167	0.08401	0.00447	0.00239	0.00653

[dist]
# distance from previous block
# <min> <max>
0	5

[block]
# block no. 7 follows, 48 sequences, length 45
# corresponding to MSA columns:
# 898-942
name=unknown_H
#
# <colnr> <probs for GDERKNQSTAVLIFYWHMCP>
#	G	D	E	R	K	N	Q	S	T	A	V	L	I	F	Y	W	H	M	C	P
0	0.01288	0.01075	0.01465	0.33501	0.09598	0.01245	0.01160	0.12692	0.23952	0.05107	0.01352	0.01511	0.01008	0.00589	0.00539	0.00168	0.02158	0.00496	0.00375	0.00721
1	0.01208	0.01000	0.01419	0.06081	0.14478	0.01057	0.05978	0.11886	0.10065	0.03274	0.12894	0.01748	0.01509	0.00768	0.00775	0.08891	0.07402	0.00538	0.00372	0.08657
2	0.00881	0.00850	0.01638	0.01338	0.01579	0.00797	0.33019	0.01121	0.01086	0.01459	0.02063	0.45057	0.02266	0.01101	0.00636	0.00194	0.00545	0.03449	0.00384	0.00536
3	0.01064	0.00912	0.01064	0.00760	0.01216	0.00684	0.00608	0.01292	0.01064	0.01672	0.00912	0.01064	0.00760	0.00380	0.00380	0.00076	0.00380	0.00304	0.00304	0.85104
4	0.00608	0.00512	0.00528	0.00540	0.00698	0.00431	0.00399	0.00734	0.01150	0.01378	0.04954	0.12825	0.70829	0.01331	0.00611	0.00177	0.00264	0.01122	0.00476	0.00431
5	0.01157	0.32313	0.50768	0.01245	0.01884	0.01504	0.01517	0.01592	0.01068	0.01469	0.00844	0.00986	0.00653	0.00469	0.00429	0.00143	0.00680	0.00340	0.00218	0.00721
6	0.01197	0.32908	0.33712	0.01394	0.05942	0.01547	0.09159	0.01569	0.01069	0.01448	0.00842	0.01026	0.00676	0.00484	0.00505	0.00146	0.05075	0.00370	0.00225	0.00705
7	0.00606	0.00520	0.00520	0.00520	0.00693	0.00433	0.00390	0.00736	0.01170	0.01386	0.05198	0.04938	0.78558	0.01299	0.00606	0.00173	0.00260	0.01083	0.00476	0.00433
8	0.00968	0.00871	0.01439	0.73185	0.03258	0.01078	0.01325	0.01300	0.01031	0.01368	0.00984	0.01419	0.00743	0.00521	0.00498	0.00166	0.00642	0.00458	0.08185	0.00561
9	0.01714	0.32182	0.01914	0.01157	0.01486	0.50898	0.00949	0.01858	0.01301	0.01238	0.00763	0.00887	0.00660	0.00495	0.00413	0.00124	0.00785	0.00310	0.00248	0.00619
10	0.00722	0.00539	0.00801	0.00813	0.00899	0.00618	0.00624	0.00896	0.00841	0.01203	0.01524	0.10203	0.01500	0.03618	0.71781	0.00761	0.01264	0.00643	0.00296	0.00454
11	0.00745	0.00503	0.00587	0.00587	0.00596	0.00512	0.00345	0.00764	0.00754	0.01015	0.01592	0.03220	0.01806	0.73934	0.10563	0.00531	0.00588	0.00726	0.00307	0.00326
12	0.85592	0.00992	0.00754	0.00675	0.00992	0.01151	0.00556	0.01508	0.00873	0.02302	0.00714	0.00834	0.00556	0.00476	0.00318	0.00159	0.00397	0.00278	0.00318	0.00556
13	0.01611	0.06133	0.30536	0.01244	0.01784	0.01384	0.01292	0.37710	0.01753	0.09889	0.01165	0.01205	0.00817	0.00561	0.00494	0.00155	0.00624	0.00426	0.00399	0.00819
14	0.01951	0.01437	0.01540	0.01181	0.01591	0.01591	0.00975	0.77056	0.02412	0.03234	0.01232	0.01232	0.00873	0.00616	0.00513	0.00154	0.00565	0.00462	0.00513	0.00873
15	0.00639	0.00521	0.00565	0.00554	0.00713	0.00447	0.00415	0.00799	0.01246	0.01567	0.24964	0.04640	0.58680	0.01232	0.00606	0.00170	0.00255	0.01041	0.00500	0.00447
16	0.70795	0.01018	0.00861	0.00739	0.01072	0.01150	0.00609	0.07891	0.01057	0.09606	0.00881	0.00953	0.00649	0.00503	0.00352	0.00158	0.00415	0.00316	0.00364	0.00612
17	0.00677	0.00497	0.00646	0.00746	0.00822	0.00466	0.00557	0.00812	0.01065	0.01383	0.03168	0.49216	0.15000	0.01508	0.00662	0.00210	0.00339	0.21316	0.00475	0.00434
18	0.00733	0.00550	0.00825	0.00825	0.00916	0.00641	0.00641	0.00916	0.00825	0.01191	0.01374	0.02016	0.01283	0.03848	0.79934	0.00825	0.01374	0.00550	0.00275	0.00458
19	0.00746	0.00497	0.00560	0.00560	0.00560	0.00497	0.00311	0.00746	0.00746	0.00995	0.01617	0.03358	0.01865	0.81967	0.02612	0.00497	0.00497	0.00746	0.00311	0.00311
20	0.42470	0.01113	0.01092	0.00884	0.01247	0.01216	0.00730	0.26088	0.01485	0.17471	0.01135	0.01139	0.00796	0.00552	0.00419	0.00157	0.00459	0.00383	0.00442	0.00719
21	0.00746	0.00497	0.00560	0.00560	0.00560	0.00497	0.00311	0.00746	0.00746	0.00995	0.01617	0.03358	0.01865	0.81967	0.02612	0.00497	0.00497	0.00746	0.00311	0.00311
22	0.00788	0.00638	0.00717	0.00715	0.00869	0.00635	0.00527	0.01234	0.19176	0.01649	0.15262	0.24737	0.28701	0.01202	0.00599	0.00181	0.00302	0.01042	0.00501	0.00526
23	0.23799	0.02022	0.51573	0.01188	0.01767	0.01116	0.01416	0.01518	0.01018	0.01781	0.01024	0.07721	0.00853	0.00578	0.00456	0.00165	0.00623	0.00442	0.00265	0.00675
24	0.00745	0.00503	0.00587	0.00587	0.00596	0.00512	0.00345	0.00764	0.00754	0.01015	0.01592	0.03220	0.01806	0.73934	0.10563	0.00531	0.00588	0.00726	0.00307	0.00326
25	0.00773	0.00609	0.00901	0.00878	0.00961	0.00737	0.00691	0.00949	0.00821	0.01196	0.01302	0.01924	0.01220	0.03545	0.71887	0.00763	0.09566	0.00539	0.00270	0.00469
26	0.01312	0.01120	0.01180	0.01051	0.01348	0.01293	0.00821	0.06677	0.73830	0.02204	0.02043	0.01878	0.01529	0.00692	0.00522	0.00173	0.00415	0.00574	0.00522	0.00815
27	0.01053	0.00925	0.01512	0.02121	0.44328	0.00951	0.01172	0.01313	0.01069	0.01533	0.01319	0.02047	0.01222	0.01531	0.22859	0.00350	0.00793	0.09437	0.03806	0.00658
28	0.02302	0.00873	0.01191	0.00913	0.01310	0.00754	0.00754	0.02501	0.01469	0.79122	0.02024	0.01746	0.01270	0.00635	0.00516	0.00159	0.00437	0.00516	0.00635	0.00873
29	0.00625	0.00447	0.00595	0.00714	0.00744	0.00417	0.00476	0.00714	0.00982	0.01310	0.02828	0.81633	0.03394	0.01608	0.00655	0.00208	0.00298	0.01459	0.00476	0.00417
30	0.00661	0.00522	0.00595	0.00577	0.00726	0.00456	0.00432	0.00841	0.01297	0.01690	0.38330	0.04438	0.45237	0.01186	0.00606	0.00168	0.00252	0.01013	0.00516	0.00456
31	0.00731	0.00501	0.00615	0.00614	0.00659	0.00488	0.00397	0.00818	0.00999	0.01373	0.26534	0.11475	0.02941	0.43252	0.03987	0.02548	0.00419	0.00865	0.00407	0.00380
32	0.01064	0.00912	0.01064	0.00760	0.01216	0.00684	0.00608	0.01292	0.01064	0.01672	0.00912	0.01064	0.00760	0.00380	0.00380	0.00076	0.00380	0.00304	0.00304	0.85104
33	0.01826	0.01048	0.01229	0.01000	0.01353	0.01085	0.00807	0.16410	0.28510	0.35459	0.04337	0.01776	0.01414	0.00666	0.00520	0.00163	0.00444	0.00542	0.00570	0.00839
34	0.00669	0.00506	0.00617	0.00623	0.00740	0.00454	0.00455	0.00844	0.01266	0.01696	0.40365	0.21120	0.26284	0.01245	0.00616	0.00175	0.00259	0.01089	0.00519	0.00454
35	0.00720	0.00486	0.00567	0.00593	0.00599	0.00480	0.00347	0.00739	0.00797	0.01063	0.01878	0.20252	0.02195	0.64623	0.02189	0.00435	0.00454	0.00900	0.00347	0.00334
36	0.85592	0.00992	0.00754	0.00675	0.00992	0.01151	0.00556	0.01508	0.00873	0.02302	0.00714	0.00834	0.00556	0.00476	0.00318	0.00159	0.00397	0.00278	0.00318	0.00556
37	0.00686	0.00507	0.00596	0.00624	0.00710	0.00470	0.00438	0.00796	0.01053	0.01364	0.13171	0.18927	0.25954	0.24020	0.01189	0.00275	0.00351	0.08021	0.00441	0.00406
38	0.00665	0.00463	0.00593	0.00675	0.00718	0.00435	0.00452	0.00770	0.01013	0.01386	0.10205	0.60050	0.04675	0.09755	0.00834	0.00228	0.00309	0.01272	0.05085	0.00416
39	0.01211	0.01384	0.03028	0.02163	0.02682	0.01298	0.76903	0.01644	0.01211	0.01644	0.01038	0.01384	0.00779	0.00433	0.00606	0.00173	0.00865	0.00606	0.00260	0.00692
40	0.00839	0.00586	0.00732	0.00743	0.00838	0.01932	0.00553	0.04802	0.01016	0.01468	0.03058	0.20366	0.01900	0.07680	0.30452	0.01813	0.00737	0.03864	0.16157	0.00463
41	0.20037	0.00608	0.00669	0.00685	0.00823	0.00624	0.00510	0.00981	0.01075	0.01709	0.19563	0.29244	0.10509	0.01374	0.07163	0.00235	0.00398	0.02877	0.00443	0.00470
42	0.00745	0.00492	0.00659	0.00718	0.00756	0.00490	0.00506	0.00790	0.00891	0.01189	0.02052	0.29056	0.02329	0.20773	0.07970	0.15665	0.00491	0.13686	0.00374	0.00370
43	0.06167	0.18518	0.06772	0.03657	0.01599	0.10298	0.01005	0.40165	0.03251	0.02354	0.01033	0.01099	0.00780	0.00552	0.00457	0.00144	0.00606	0.00395	0.00386	0.00762
44	0.05350	0.09503	0.22046	0.00896	0.01193	0.00847	0.00882	0.01115	0.01037	0.01475	0.09092	0.26779	0.06296	0.10307	0.00776	0.00210	0.00469	0.00831	0.00361	0.00536

[dist]
# distance from previous block
# <min> <max>
0	3

[block]
# block no. 8 follows, 48 sequences, length 208
# corresponding to MSA columns:
# 946-1153
name=unknown_I
#
# <colnr> <probs for GDERKNQSTAVLIFYWHMCP>
#	G	D	E	R	K	N	Q	S	T	A	V	L	I	F	Y	W	H	M	C	P
0	0.01526	0.01723	0.01319	0.09064	0.01644	0.41523	0.00950	0.02078	0.24201	0.01522	0.01244	0.01362	0.00989	0.00873	0.07566	0.00210	0.00786	0.00437	0.00339	0.00645
1	0.00729	0.00555	0.00681	0.00695	0.00808	0.00536	0.00504	0.01020	0.08804	0.01691	0.32434	0.30733	0.14507	0.01307	0.02409	0.00196	0.00306	0.01091	0.00511	0.00485
2	0.01473	0.01142	0.01254	0.00952	0.01357	0.01124	0.00775	0.40084	0.01766	0.02444	0.01501	0.01534	0.08527	0.00592	0.00471	0.00126	0.00463	0.00462	0.00428	0.33525
3	0.00733	0.00494	0.00621	0.00664	0.00705	0.00483	0.00435	0.00805	0.00907	0.03301	0.04025	0.35963	0.04877	0.33753	0.08492	0.00375	0.00477	0.02101	0.00399	0.00394
4	0.00736	0.00511	0.00624	0.00604	0.00666	0.00491	0.00400	0.00860	0.01108	0.01540	0.41036	0.03601	0.03391	0.40477	0.01583	0.00325	0.00367	0.00839	0.00441	0.00400
5	0.01013	0.00552	0.00559	0.00533	0.00677	0.00559	0.00406	0.06819	0.01180	0.01985	0.01818	0.02014	0.05166	0.00634	0.00383	0.00125	0.00264	0.00507	0.74300	0.00505
6	0.08825	0.00980	0.01074	0.00879	0.01166	0.01035	0.00708	0.33529	0.01765	0.09409	0.22078	0.02123	0.04455	0.00741	0.00509	0.00154	0.00410	0.00597	0.08873	0.00688
7	0.00746	0.00497	0.00560	0.00560	0.00560	0.00497	0.00311	0.00746	0.00746	0.00995	0.01617	0.03358	0.01865	0.81967	0.02612	0.00497	0.00497	0.00746	0.00311	0.00311
8	0.00733	0.00550	0.00825	0.00825	0.00916	0.00641	0.00641	0.00916	0.00825	0.01191	0.01374	0.02016	0.01283	0.03848	0.79934	0.00825	0.01374	0.00550	0.00275	0.00458
9	0.00726	0.00524	0.00686	0.00646	0.00767	0.00484	0.00484	0.00968	0.01452	0.02058	0.78496	0.03833	0.04841	0.01049	0.00605	0.00161	0.00242	0.00928	0.00565	0.00484
10	0.00681	0.00517	0.00627	0.00617	0.00746	0.00464	0.00460	0.00873	0.01315	0.01767	0.46980	0.11431	0.27988	0.01186	0.00612	0.00171	0.00257	0.02320	0.00527	0.00462
11	0.00891	0.00446	0.00668	0.00668	0.00668	0.00446	0.00446	0.00668	0.00668	0.00891	0.00891	0.01560	0.00891	0.01783	0.02005	0.85071	0.00446	0.00446	0.00223	0.00223
12	0.01197	0.00952	0.01079	0.01015	0.01257	0.01053	0.00831	0.13175	0.36816	0.02068	0.02271	0.03293	0.04023	0.00961	0.00590	0.00194	0.00450	0.27586	0.00502	0.00688
13	0.01180	0.01034	0.01359	0.01625	0.24412	0.01120	0.01009	0.02060	0.40510	0.01943	0.09380	0.02257	0.01789	0.00724	0.00543	0.00172	0.00457	0.07236	0.00442	0.00750
14	0.00656	0.00515	0.00593	0.00587	0.00727	0.00452	0.00435	0.00827	0.01266	0.01647	0.34172	0.11331	0.42510	0.01227	0.00610	0.00172	0.00256	0.01055	0.00512	0.00452
15	0.00746	0.00497	0.00560	0.00560	0.00560	0.00497	0.00311	0.00746	0.00746	0.00995	0.01617	0.03358	0.01865	0.81967	0.02612	0.00497	0.00497	0.00746	0.00311	0.00311
16	0.00641	0.00472	0.00661	0.00754	0.00797	0.00441	0.02543	0.00740	0.00989	0.01319	0.02780	0.79463	0.03323	0.01576	0.00654	0.00207	0.00313	0.01436	0.00470	0.00424
17	0.01029	0.02654	0.79309	0.01462	0.02221	0.01192	0.01896	0.01625	0.01083	0.01625	0.00921	0.01083	0.00650	0.00487	0.00487	0.00162	0.00758	0.00379	0.00217	0.00758
18	0.00699	0.00518	0.00659	0.00741	0.00805	0.00508	0.00510	0.00936	0.08640	0.01459	0.09496	0.66802	0.03342	0.01467	0.00637	0.00201	0.00303	0.01324	0.00489	0.00462
19	0.00891	0.00446	0.00668	0.00668	0.00668	0.00446	0.00446	0.00668	0.00668	0.00891	0.00891	0.01560	0.00891	0.01783	0.02005	0.85071	0.00446	0.00446	0.00223	0.00223
20	0.01270	0.01219	0.02083	0.03149	0.78767	0.01219	0.01575	0.01575	0.01168	0.01676	0.00965	0.01270	0.00813	0.00457	0.00508	0.00152	0.00610	0.00457	0.00254	0.00813
21	0.00991	0.00954	0.01672	0.73734	0.03458	0.01154	0.08150	0.01341	0.01042	0.01341	0.00923	0.01369	0.00692	0.00506	0.00521	0.00171	0.00700	0.00469	0.00231	0.00581
22	0.01228	0.01177	0.02007	0.13911	0.68332	0.01208	0.01554	0.01538	0.01149	0.01626	0.00958	0.01284	0.00795	0.00465	0.00509	0.00155	0.00620	0.00457	0.00250	0.00779
23	0.01254	0.00765	0.00796	0.00688	0.00895	0.00811	0.00543	0.23884	0.01476	0.02308	0.01542	0.01709	0.01183	0.00603	0.00405	0.00130	0.00336	0.00473	0.59603	0.00596
24	0.02106	0.01187	0.01385	0.01062	0.01466	0.01220	0.00877	0.44009	0.01994	0.36872	0.01583	0.01460	0.01049	0.00624	0.00514	0.00156	0.00508	0.00486	0.00567	0.00873
25	0.44730	0.01125	0.01137	0.01089	0.08892	0.01252	0.00792	0.19854	0.08165	0.06947	0.01063	0.01122	0.00789	0.00537	0.00413	0.00158	0.00461	0.00381	0.00395	0.00699
26	0.00841	0.00707	0.01005	0.00970	0.01025	0.00874	0.00770	0.00989	0.00874	0.01255	0.01547	0.15578	0.01632	0.03609	0.34054	0.00478	0.24912	0.08085	0.00314	0.00481
27	0.02140	0.01134	0.01352	0.01037	0.01440	0.01141	0.00856	0.36979	0.01905	0.44027	0.01658	0.01508	0.01086	0.00626	0.00515	0.00157	0.00496	0.00491	0.00579	0.00873
