[name]
unknown

[dist]
# distance from previous block
# <min> <max>
9	409

[block]
# block no. 0 follows, 44 sequences, length 39
# corresponding to MSA columns:
# 464-494,543-550
name=unknown_A
#
# <colnr> <probs for GDERKNQSTAVLIFYWHMCP>
#	G	D	E	R	K	N	Q	S	T	A	V	L	I	F	Y	W	H	M	C	P
0	0.01299	0.01244	0.02122	0.15322	0.65857	0.01282	0.01648	0.01629	0.01218	0.01720	0.01017	0.01366	0.00842	0.00495	0.00541	0.00165	0.00660	0.00486	0.00266	0.00823
1	0.03682	0.01207	0.01767	0.03696	0.24991	0.01298	0.08589	0.10540	0.17200	0.02004	0.01330	0.01550	0.01063	0.00949	0.08477	0.00243	0.06048	0.00526	0.00367	0.04474
2	0.01713	0.01556	0.01833	0.01455	0.01844	0.17553	0.18766	0.18845	0.12821	0.09753	0.01567	0.01779	0.03096	0.00663	0.00572	0.00172	0.00705	0.04094	0.00437	0.00777
3	0.00947	0.00473	0.00710	0.00710	0.00710	0.00473	0.00473	0.00710	0.00710	0.00947	0.00947	0.01657	0.00947	0.01894	0.02131	0.84138	0.00473	0.00473	0.00237	0.00237
4	0.76388	0.01209	0.00876	0.00786	0.01118	0.09001	0.00637	0.01660	0.00990	0.02334	0.00768	0.00895	0.00602	0.00512	0.00353	0.00166	0.00478	0.00301	0.00332	0.00595
5	0.01810	0.01421	0.09102	0.01180	0.01608	0.01362	0.01031	0.29687	0.26722	0.17560	0.01744	0.01641	0.01231	0.00673	0.00546	0.00173	0.00538	0.00535	0.00542	0.00894
6	0.01062	0.01002	0.01693	0.71877	0.11157	0.01220	0.01530	0.01421	0.01105	0.01432	0.00975	0.01443	0.00740	0.00539	0.00545	0.00180	0.00719	0.00485	0.00245	0.00632
7	0.01149	0.09106	0.64223	0.01683	0.09823	0.01342	0.01891	0.01713	0.01157	0.01696	0.00965	0.01148	0.00709	0.00510	0.00506	0.00167	0.00772	0.00402	0.00234	0.00803
8	0.01030	0.00969	0.01635	0.79530	0.03755	0.01211	0.01514	0.01393	0.01090	0.01393	0.00969	0.01453	0.00727	0.00545	0.00545	0.00182	0.00727	0.00484	0.00242	0.00606
9	0.02182	0.01181	0.01401	0.01093	0.01507	0.01199	0.00897	0.30197	0.10405	0.41231	0.01841	0.01670	0.01226	0.00674	0.00548	0.00169	0.00512	0.00534	0.00612	0.00920
10	0.69547	0.01141	0.00954	0.00815	0.01171	0.01309	0.00672	0.15171	0.01228	0.02627	0.00860	0.00963	0.00652	0.00533	0.00376	0.00168	0.00454	0.00331	0.00376	0.00652
11	0.00879	0.00628	0.00879	0.01004	0.01130	0.00628	0.00879	0.01130	0.01255	0.01632	0.02887	0.06150	0.03138	0.01506	0.00753	0.00251	0.00502	0.73770	0.00502	0.00502
12	0.02072	0.01527	0.01636	0.01254	0.01691	0.01691	0.01036	0.75622	0.02563	0.03436	0.01309	0.01309	0.00927	0.00654	0.00545	0.00164	0.00600	0.00491	0.00545	0.00927
13	0.00793	0.00529	0.00595	0.00595	0.00595	0.00529	0.00330	0.00793	0.00793	0.01057	0.01718	0.03568	0.01982	0.80840	0.02775	0.00529	0.00529	0.00793	0.00330	0.00330
14	0.00672	0.00478	0.00630	0.00749	0.00778	0.00448	0.00495	0.00761	0.01028	0.01370	0.02923	0.75581	0.03502	0.06753	0.00828	0.00241	0.00330	0.01502	0.00495	0.00436
15	0.00645	0.00550	0.00555	0.00559	0.00738	0.00460	0.00417	0.00782	0.01237	0.01470	0.05447	0.07510	0.75004	0.01391	0.00646	0.00185	0.00277	0.01163	0.00506	0.00460
16	0.00772	0.00557	0.00729	0.00686	0.00814	0.00514	0.00514	0.01029	0.01543	0.02186	0.77152	0.04072	0.05144	0.01115	0.00643	0.00171	0.00257	0.00986	0.00600	0.00514
17	0.00680	0.00554	0.00602	0.00590	0.00759	0.00476	0.00443	0.00852	0.01328	0.01675	0.25877	0.04913	0.56738	0.01305	0.00644	0.00181	0.00271	0.01104	0.00533	0.00476
18	0.02022	0.00945	0.01200	0.00984	0.01343	0.00901	0.00789	0.02541	0.19425	0.52758	0.02245	0.09094	0.01631	0.00785	0.00563	0.00177	0.00443	0.00656	0.00631	0.00868
19	0.00793	0.00529	0.00595	0.00595	0.00595	0.00529	0.00330	0.00793	0.00793	0.01057	0.01718	0.03568	0.01982	0.80840	0.02775	0.00529	0.00529	0.00793	0.00330	0.00330
20	0.00793	0.00529	0.00595	0.00595	0.00595	0.00529	0.00330	0.00793	0.00793	0.01057	0.01718	0.03568	0.01982	0.80840	0.02775	0.00529	0.00529	0.00793	0.00330	0.00330
21	0.04678	0.00956	0.01249	0.00977	0.01385	0.00869	0.00801	0.02651	0.09066	0.68083	0.02118	0.01846	0.01360	0.00676	0.00543	0.00170	0.00459	0.00548	0.00653	0.00912
22	0.00749	0.00556	0.00698	0.00663	0.00801	0.00505	0.00497	0.00986	0.01491	0.02062	0.64698	0.04277	0.17675	0.01161	0.00643	0.00174	0.00260	0.01015	0.00584	0.00505
23	0.00793	0.00529	0.00595	0.00595	0.00595	0.00529	0.00330	0.00793	0.00793	0.01057	0.01718	0.03568	0.01982	0.80840	0.02775	0.00529	0.00529	0.00793	0.00330	0.00330
24	0.76429	0.01042	0.00848	0.00742	0.01088	0.01181	0.00612	0.01708	0.00991	0.10018	0.00899	0.00983	0.00667	0.00523	0.00359	0.00169	0.00426	0.00321	0.00371	0.00624
25	0.00661	0.00486	0.00621	0.00728	0.00783	0.00445	0.00492	0.00763	0.01073	0.01404	0.03379	0.69310	0.14539	0.01659	0.00688	0.00216	0.00310	0.01491	0.00506	0.00445
26	0.00644	0.00552	0.00552	0.00552	0.00736	0.00460	0.00414	0.00782	0.01243	0.01473	0.05523	0.05247	0.77218	0.01381	0.00644	0.00184	0.00276	0.01151	0.00506	0.00460
27	0.00660	0.00553	0.00574	0.00569	0.00746	0.00467	0.00427	0.00813	0.01280	0.01562	0.14495	0.05100	0.68190	0.01347	0.00644	0.00183	0.00274	0.01130	0.00518	0.00467
28	0.00664	0.00474	0.00633	0.00759	0.00791	0.00443	0.00506	0.00759	0.01044	0.01392	0.03005	0.80485	0.03606	0.01708	0.00696	0.00221	0.00316	0.01550	0.00506	0.00443
29	0.01296	0.01103	0.01188	0.01096	0.01382	0.01265	0.00865	0.02676	0.67035	0.02199	0.02303	0.02550	0.01849	0.00836	0.00580	0.00193	0.00440	0.09780	0.00548	0.00818
30	0.01093	0.02820	0.78016	0.01554	0.02360	0.01266	0.02014	0.01727	0.01151	0.01727	0.00978	0.01151	0.00691	0.00518	0.00518	0.00173	0.00806	0.00403	0.00230	0.00806
31	0.00750	0.00543	0.00708	0.00694	0.00808	0.00501	0.00510	0.00977	0.01452	0.02035	0.62915	0.16793	0.06825	0.01220	0.00652	0.00180	0.00268	0.01084	0.00582	0.00501
32	0.00739	0.00506	0.00611	0.00664	0.00677	0.00493	0.00404	0.00779	0.00898	0.01198	0.02258	0.35848	0.02663	0.47630	0.01902	0.00400	0.00439	0.01111	0.00404	0.00378
33	0.00879	0.00628	0.00879	0.01004	0.01130	0.00628	0.00879	0.01130	0.01255	0.01632	0.02887	0.06150	0.03138	0.01506	0.00753	0.00251	0.00502	0.73770	0.00502	0.00502
34	0.00644	0.00552	0.00552	0.00552	0.00736	0.00460	0.00414	0.00782	0.01243	0.01473	0.05523	0.05247	0.77218	0.01381	0.00644	0.00184	0.00276	0.01151	0.00506	0.00460
35	0.01458	0.81168	0.02857	0.00933	0.01399	0.02157	0.00933	0.01632	0.01108	0.01283	0.00758	0.00875	0.00700	0.00466	0.00350	0.00117	0.00583	0.00292	0.00233	0.00700
36	0.01274	0.41721	0.40698	0.01246	0.01883	0.01709	0.01477	0.01680	0.01130	0.01506	0.00869	0.01014	0.00695	0.00492	0.00434	0.00145	0.00695	0.00348	0.00232	0.00753
37	0.01062	0.01002	0.01693	0.71877	0.11157	0.01220	0.01530	0.01421	0.01105	0.01432	0.00975	0.01443	0.00740	0.00539	0.00545	0.00180	0.00719	0.00485	0.00245	0.00632
38	0.20681	0.01479	0.01289	0.01101	0.01446	0.16217	0.00877	0.20414	0.19956	0.07519	0.01406	0.01465	0.01062	0.00643	0.00495	0.00168	0.00581	0.01975	0.00457	0.00769

[dist]
# distance from previous block
# <min> <max>
8	18

[block]
# block no. 1 follows, 44 sequences, length 21
# corresponding to MSA columns:
# 574-594
name=unknown_B
#
# <colnr> <probs for GDERKNQSTAVLIFYWHMCP>
#	G	D	E	R	K	N	Q	S	T	A	V	L	I	F	Y	W	H	M	C	P
0	0.55163	0.01079	0.00936	0.00824	0.01132	0.04040	0.00665	0.10410	0.01206	0.04161	0.06600	0.03166	0.01119	0.00878	0.06426	0.00223	0.00530	0.00429	0.00388	0.00623
1	0.48579	0.01540	0.01142	0.00991	0.01331	0.21485	0.00790	0.14807	0.01377	0.02331	0.00878	0.00986	0.00679	0.00547	0.00414	0.00160	0.00599	0.00344	0.00359	0.00661
2	0.01030	0.00969	0.01635	0.79530	0.03755	0.01211	0.01514	0.01393	0.01090	0.01393	0.00969	0.01453	0.00727	0.00545	0.00545	0.00182	0.00727	0.00484	0.00242	0.00606
3	0.00912	0.00640	0.00778	0.00800	0.00882	0.00649	0.00578	0.08315	0.01142	0.01514	0.02264	0.21560	0.02537	0.34914	0.01572	0.00353	0.00481	0.19215	0.00435	0.00458
4	0.73525	0.01118	0.00914	0.00790	0.01140	0.01286	0.00651	0.11607	0.01149	0.02580	0.00833	0.00943	0.00636	0.00526	0.00365	0.00168	0.00446	0.00322	0.00365	0.00636
5	0.01271	0.41091	0.41302	0.01251	0.01890	0.01701	0.01486	0.01681	0.01130	0.01510	0.00871	0.01016	0.00695	0.00493	0.00436	0.00145	0.00697	0.00348	0.00232	0.00754
6	0.02102	0.01480	0.01607	0.01232	0.01667	0.01621	0.01018	0.69873	0.02484	0.09296	0.01375	0.01352	0.00960	0.00656	0.00546	0.00164	0.00589	0.00495	0.00556	0.00927
7	0.00803	0.00591	0.00774	0.00820	0.00956	0.00561	0.00676	0.01039	0.01354	0.01801	0.29433	0.05275	0.15677	0.01348	0.00697	0.00212	0.00380	0.36566	0.00537	0.00500
8	0.01130	0.00969	0.01130	0.00807	0.01292	0.00727	0.00646	0.01373	0.01130	0.01776	0.00969	0.01130	0.00807	0.00404	0.00404	0.00081	0.00404	0.00323	0.00323	0.84173
9	0.01458	0.81168	0.02857	0.00933	0.01399	0.02157	0.00933	0.01632	0.01108	0.01283	0.00758	0.00875	0.00700	0.00466	0.00350	0.00117	0.00583	0.00292	0.00233	0.00700
10	0.00779	0.00584	0.00876	0.00876	0.00974	0.00681	0.00681	0.00974	0.00876	0.01266	0.01460	0.02142	0.01363	0.04089	0.78680	0.00876	0.01460	0.00584	0.00292	0.00487
11	0.01366	0.61385	0.21835	0.01090	0.01642	0.01932	0.01206	0.01656	0.01119	0.01395	0.00814	0.00944	0.00697	0.00479	0.00392	0.00131	0.00639	0.00320	0.00232	0.00726
12	0.01740	0.42789	0.02216	0.01163	0.01539	0.39523	0.00992	0.01898	0.01321	0.01308	0.00799	0.00928	0.00701	0.00513	0.00419	0.00128	0.00778	0.00321	0.00257	0.00667
13	0.00842	0.00631	0.00789	0.00737	0.00887	0.00615	0.00556	0.01253	0.10522	0.02198	0.68171	0.03828	0.04727	0.01070	0.00632	0.00173	0.00278	0.00942	0.00595	0.00556
14	0.01349	0.01295	0.02213	0.03346	0.77440	0.01295	0.01673	0.01673	0.01241	0.01781	0.01025	0.01349	0.00864	0.00486	0.00540	0.00162	0.00648	0.00486	0.00270	0.00864
15	0.01306	0.59388	0.14206	0.01008	0.01475	0.01814	0.01049	0.01542	0.01107	0.01364	0.01061	0.10459	0.01047	0.00623	0.00417	0.00138	0.00585	0.00460	0.00265	0.00685
16	0.01430	0.75146	0.08634	0.00981	0.01473	0.02089	0.01016	0.01640	0.01111	0.01317	0.00775	0.00896	0.00699	0.00470	0.00363	0.00121	0.00600	0.00300	0.00233	0.00708
17	0.00779	0.00584	0.00876	0.00876	0.00974	0.00681	0.00681	0.00974	0.00876	0.01266	0.01460	0.02142	0.01363	0.04089	0.78680	0.00876	0.01460	0.00584	0.00292	0.00487
18	0.01511	0.37822	0.04331	0.01002	0.01361	0.10762	0.00888	0.07324	0.01311	0.09983	0.01430	0.17265	0.01382	0.00770	0.00480	0.00152	0.00572	0.00602	0.00367	0.00685
19	0.00928	0.25889	0.01322	0.00778	0.00955	0.00994	0.00612	0.01040	0.01049	0.01323	0.02337	0.40421	0.08155	0.10777	0.00832	0.00222	0.00423	0.01032	0.00399	0.00512
20	0.01080	0.37022	0.12581	0.00943	0.01284	0.01329	0.00908	0.01289	0.01094	0.01393	0.01785	0.31287	0.04082	0.00973	0.00514	0.00166	0.00504	0.00811	0.00345	0.00610

[dist]
# distance from previous block
# <min> <max>
0	1

[block]
# block no. 2 follows, 44 sequences, length 23
# corresponding to MSA columns:
# 596-618
name=unknown_C
#
# <colnr> <probs for GDERKNQSTAVLIFYWHMCP>
#	G	D	E	R	K	N	Q	S	T	A	V	L	I	F	Y	W	H	M	C	P
0	0.29640	0.05403	0.08114	0.00952	0.01389	0.01143	0.00858	0.09812	0.01357	0.27210	0.01314	0.01295	0.00910	0.00568	0.00452	0.00158	0.00496	0.00411	0.00454	0.08063
1	0.05697	0.01083	0.01075	0.00906	0.01196	0.05569	0.00720	0.30442	0.01806	0.02389	0.13301	0.03054	0.28640	0.00964	0.00580	0.00171	0.00450	0.00776	0.00513	0.00669
2	0.00728	0.00516	0.00603	0.00642	0.00683	0.00490	0.00403	0.00785	0.00958	0.01251	0.04230	0.28144	0.14415	0.41725	0.01740	0.00370	0.00416	0.01092	0.00419	0.00390
3	0.00725	0.00513	0.00660	0.00705	0.00765	0.00483	0.00479	0.00861	0.01178	0.01617	0.29177	0.40030	0.03874	0.15132	0.01035	0.00257	0.00332	0.01219	0.00509	0.00449
4	0.01306	0.01153	0.01467	0.39939	0.02576	0.06923	0.01208	0.17308	0.04915	0.01953	0.07730	0.02047	0.01396	0.00711	0.00568	0.00180	0.00646	0.06926	0.00377	0.00671
5	0.01335	0.28532	0.29218	0.14763	0.02187	0.12315	0.01435	0.01700	0.01181	0.01467	0.00885	0.01088	0.00701	0.00512	0.00463	0.00151	0.00743	0.00373	0.00240	0.00712
6	0.01558	0.01968	0.14687	0.12226	0.02024	0.29015	0.01251	0.08052	0.16217	0.01766	0.01186	0.01322	0.00912	0.00615	0.00589	0.00168	0.04929	0.00449	0.00340	0.00726
7	0.01221	0.01137	0.01896	0.15074	0.55040	0.01175	0.01461	0.01506	0.01155	0.01619	0.01113	0.01674	0.00997	0.11670	0.00851	0.00216	0.00644	0.00528	0.00274	0.00748
8	0.00825	0.00626	0.00879	0.01079	0.11410	0.00632	0.00634	0.00934	0.00953	0.01304	0.02007	0.28608	0.02264	0.30594	0.14381	0.00433	0.00629	0.00967	0.00374	0.00468
9	0.50022	0.01337	0.11698	0.00940	0.01358	0.01236	0.00873	0.08134	0.07762	0.10429	0.01112	0.01162	0.00807	0.00559	0.00422	0.00170	0.00496	0.00382	0.00395	0.00709
10	0.17615	0.00843	0.00991	0.14346	0.01453	0.00931	0.00731	0.01565	0.11517	0.09786	0.05478	0.02259	0.01526	0.24785	0.03757	0.00305	0.00538	0.00594	0.00397	0.00581
11	0.05720	0.14780	0.01485	0.01217	0.11786	0.01181	0.00860	0.09503	0.09894	0.08449	0.18630	0.02394	0.10349	0.00785	0.00534	0.00162	0.00452	0.00647	0.00462	0.00711
12	0.01617	0.01163	0.02025	0.08185	0.02073	0.01218	0.25778	0.01904	0.01265	0.26929	0.03130	0.01595	0.01068	0.00666	0.00863	0.00191	0.18606	0.00569	0.00405	0.00752
13	0.01072	0.00952	0.00902	0.00863	0.01019	0.11533	0.00627	0.07564	0.07915	0.01755	0.17193	0.22402	0.10714	0.11916	0.00907	0.00230	0.00456	0.00956	0.00477	0.00548
14	0.20175	0.01478	0.01593	0.21887	0.17032	0.20257	0.03651	0.01696	0.01191	0.01700	0.00896	0.01180	0.00720	0.00543	0.00538	0.00167	0.03938	0.00414	0.00280	0.00663
15	0.16036	0.28383	0.01861	0.01131	0.01466	0.35242	0.00942	0.01845	0.01251	0.01507	0.00792	0.00943	0.00683	0.00544	0.00496	0.00143	0.05488	0.00329	0.00272	0.00645
16	0.01195	0.01276	0.01060	0.11869	0.01465	0.26587	0.00790	0.01337	0.01213	0.01335	0.02220	0.14991	0.14864	0.14739	0.00957	0.00236	0.00629	0.02361	0.00364	0.00513
17	0.01223	0.00904	0.01413	0.15196	0.26850	0.00922	0.01081	0.01442	0.01149	0.12097	0.01672	0.17381	0.01626	0.13536	0.00928	0.00236	0.00552	0.00753	0.00378	0.00660
18	0.01108	0.01066	0.01319	0.01758	0.28186	0.11629	0.00985	0.01284	0.01165	0.01498	0.01905	0.35584	0.02106	0.06951	0.00765	0.00212	0.00543	0.00949	0.00378	0.00611
19	0.01699	0.01958	0.01873	0.02359	0.38926	0.40624	0.01358	0.01929	0.01396	0.01554	0.00933	0.01163	0.00782	0.00524	0.00515	0.00151	0.00818	0.00417	0.00275	0.00746
20	0.01236	0.15020	0.01811	0.05988	0.05180	0.11956	0.15535	0.05330	0.01330	0.01587	0.02477	0.02541	0.26199	0.00798	0.00556	0.00164	0.00615	0.00686	0.00358	0.00632
21	0.01255	0.01509	0.12902	0.02311	0.29065	0.01221	0.26088	0.01653	0.01225	0.01761	0.01035	0.01324	0.00818	0.00467	0.00548	0.00157	0.00718	0.00499	0.00275	0.15168
22	0.03874	0.26686	0.14283	0.11988	0.05696	0.01314	0.01079	0.01408	0.01176	0.02621	0.06486	0.02188	0.17709	0.00730	0.00499	0.00158	0.00549	0.00580	0.00327	0.00649

[dist]
# distance from previous block
# <min> <max>
4	47

[block]
# block no. 3 follows, 44 sequences, length 7
# corresponding to MSA columns:
# 676-682
name=unknown_D
#
# <colnr> <probs for GDERKNQSTAVLIFYWHMCP>
#	G	D	E	R	K	N	Q	S	T	A	V	L	I	F	Y	W	H	M	C	P
0	0.22423	0.01020	0.01090	0.15086	0.01616	0.07578	0.00853	0.05341	0.01291	0.09782	0.12332	0.08463	0.01876	0.00829	0.00536	0.00181	0.00514	0.08142	0.00429	0.00617
1	0.20018	0.12520	0.01373	0.01009	0.01321	0.29505	0.00808	0.07661	0.01372	0.01771	0.01764	0.01805	0.15634	0.00704	0.00472	0.00154	0.00635	0.00498	0.00352	0.00622
2	0.05880	0.00864	0.00982	0.00800	0.01147	0.00753	0.00635	0.01412	0.08967	0.01892	0.13790	0.02424	0.09604	0.00729	0.00501	0.00133	0.00377	0.05255	0.00422	0.43432
3	0.01305	0.01254	0.01263	0.01012	0.01385	0.11609	0.00800	0.01774	0.15863	0.01766	0.01170	0.01293	0.00951	0.00548	0.00588	0.00126	0.08683	0.00400	0.00354	0.47856
4	0.01452	0.00693	0.00911	0.00814	0.01048	0.00611	0.00624	0.01625	0.01362	0.34772	0.13037	0.26109	0.12392	0.01135	0.00618	0.00187	0.00367	0.00985	0.00592	0.00666
5	0.01036	0.00627	0.00747	0.00676	0.00889	0.00544	0.00522	0.01227	0.01400	0.16605	0.27597	0.04212	0.39532	0.01158	0.00625	0.00177	0.00307	0.00981	0.00569	0.00569
6	0.01387	0.00961	0.01157	0.00839	0.01311	0.00741	0.00676	0.01623	0.01214	0.16623	0.01200	0.01272	0.00913	0.00457	0.00432	0.00098	0.00415	0.00367	0.00392	0.67920

[dist]
# distance from previous block
# <min> <max>
0	1

[block]
# block no. 4 follows, 44 sequences, length 17
# corresponding to MSA columns:
# 684-700
name=unknown_E
#
# <colnr> <probs for GDERKNQSTAVLIFYWHMCP>
#	G	D	E	R	K	N	Q	S	T	A	V	L	I	F	Y	W	H	M	C	P
0	0.84691	0.01054	0.00801	0.00717	0.01054	0.01223	0.00590	0.01603	0.00928	0.02446	0.00759	0.00886	0.00590	0.00506	0.00337	0.00169	0.00422	0.00295	0.00337	0.00590
1	0.01383	0.01447	0.02875	0.02362	0.15381	0.01398	0.54839	0.09773	0.01418	0.01936	0.01112	0.01432	0.00844	0.00485	0.00615	0.00178	0.00838	0.00600	0.00304	0.00778
2	0.00778	0.00574	0.00748	0.00817	0.00938	0.00543	0.00658	0.00983	0.01274	0.01672	0.18077	0.18141	0.17190	0.01440	0.00702	0.00218	0.00381	0.33857	0.00523	0.00487
3	0.00664	0.00474	0.00633	0.00759	0.00791	0.00443	0.00506	0.00759	0.01044	0.01392	0.03005	0.80485	0.03606	0.01708	0.00696	0.00221	0.00316	0.01550	0.00506	0.00443
4	0.01304	0.08385	0.01305	0.00837	0.01313	0.00867	0.00689	0.01537	0.01175	0.10006	0.01078	0.01186	0.00856	0.00439	0.00414	0.00094	0.00427	0.00345	0.00353	0.67391
5	0.10984	0.08196	0.03162	0.00968	0.01387	0.01208	0.00817	0.18838	0.09889	0.11274	0.01532	0.01532	0.05103	0.00604	0.00474	0.00143	0.00480	0.00462	0.00443	0.22505
6	0.01462	0.01399	0.02160	0.02966	0.61686	0.05538	0.04935	0.09751	0.01404	0.01935	0.01050	0.01331	0.00860	0.00507	0.00542	0.00162	0.00673	0.00486	0.00301	0.00852
7	0.00709	0.00555	0.00641	0.00620	0.00776	0.00488	0.00465	0.00907	0.01394	0.01833	0.41678	0.04654	0.40838	0.01246	0.00644	0.00178	0.00267	0.01067	0.00554	0.00488
8	0.01093	0.02820	0.78016	0.01554	0.02360	0.01266	0.02014	0.01727	0.01151	0.01727	0.00978	0.01151	0.00691	0.00518	0.00518	0.00173	0.00806	0.00403	0.00230	0.00806
9	0.01394	0.08418	0.30501	0.01717	0.09081	0.01340	0.16120	0.01809	0.01208	0.12793	0.01132	0.01317	0.00833	0.00570	0.00674	0.00176	0.09346	0.00478	0.00309	0.00784
10	0.01498	0.01401	0.01302	0.01161	0.01473	0.12691	0.00901	0.07081	0.61130	0.02210	0.01964	0.01837	0.01480	0.00709	0.00545	0.00177	0.00522	0.00570	0.00514	0.00833
11	0.00664	0.00474	0.00633	0.00759	0.00791	0.00443	0.00506	0.00759	0.01044	0.01392	0.03005	0.80485	0.03606	0.01708	0.00696	0.00221	0.00316	0.01550	0.00506	0.00443
12	0.01130	0.00969	0.01130	0.00807	0.01292	0.00727	0.00646	0.01373	0.01130	0.01776	0.00969	0.01130	0.00807	0.00404	0.00404	0.00081	0.00404	0.00323	0.00323	0.84173
13	0.03182	0.01090	0.01571	0.18768	0.01983	0.01297	0.04549	0.01585	0.04536	0.09814	0.01054	0.01359	0.00847	0.00709	0.01030	0.00189	0.32759	0.00474	0.00318	0.12888
14	0.00787	0.00553	0.00717	0.00717	0.00760	0.00595	0.00484	0.00872	0.00829	0.01148	0.01605	0.02945	0.01712	0.47343	0.35902	0.00680	0.00935	0.00702	0.00314	0.00399
15	0.10277	0.01013	0.01123	0.00832	0.01290	0.00854	0.00668	0.04889	0.04645	0.01949	0.01019	0.01154	0.00829	0.00442	0.00410	0.00099	0.00416	0.00341	0.00345	0.67403
16	0.01274	0.00963	0.01000	0.04481	0.01170	0.09224	0.00662	0.05388	0.01236	0.12554	0.06042	0.02763	0.12951	0.25184	0.01283	0.00273	0.04187	0.00685	0.00418	0.08263

[dist]
# distance from previous block
# <min> <max>
0	4

[block]
# block no. 5 follows, 44 sequences, length 31
# corresponding to MSA columns:
# 705-735
name=unknown_F
#
# <colnr> <probs for GDERKNQSTAVLIFYWHMCP>
#	G	D	E	R	K	N	Q	S	T	A	V	L	I	F	Y	W	H	M	C	P
0	0.47617	0.30018	0.01614	0.00841	0.01233	0.01600	0.00752	0.07907	0.01132	0.02110	0.00805	0.00918	0.00658	0.00504	0.00360	0.00149	0.00495	0.00311	0.00317	0.00658
1	0.01140	0.00932	0.01112	0.07699	0.01464	0.01042	0.00882	0.03858	0.37513	0.02005	0.09018	0.03394	0.02319	0.02993	0.00676	0.00211	0.00468	0.22072	0.00511	0.00692
2	0.01306	0.01196	0.05688	0.20818	0.29554	0.01147	0.08756	0.01680	0.03835	0.09711	0.01467	0.04200	0.04832	0.00610	0.00558	0.00172	0.00639	0.00572	0.00335	0.02924
3	0.01197	0.00967	0.01137	0.00816	0.01297	0.00730	0.00654	0.01437	0.01152	0.05608	0.01029	0.01167	0.00835	0.00417	0.00411	0.00085	0.00407	0.00334	0.00341	0.79979
4	0.03601	0.01288	0.01249	0.01164	0.03601	0.10494	0.00872	0.07072	0.49183	0.03902	0.02063	0.08186	0.03352	0.00791	0.00554	0.00180	0.00502	0.00650	0.00505	0.00791
5	0.01458	0.81168	0.02857	0.00933	0.01399	0.02157	0.00933	0.01632	0.01108	0.01283	0.00758	0.00875	0.00700	0.00466	0.00350	0.00117	0.00583	0.00292	0.00233	0.00700
6	0.84691	0.01054	0.00801	0.00717	0.01054	0.01223	0.00590	0.01603	0.00928	0.02446	0.00759	0.00886	0.00590	0.00506	0.00337	0.00169	0.00422	0.00295	0.00337	0.00590
7	0.02115	0.03129	0.01532	0.01147	0.01568	0.01255	0.04217	0.34538	0.04154	0.35075	0.04395	0.01660	0.01271	0.00669	0.00550	0.00166	0.00538	0.00539	0.00584	0.00897
8	0.00947	0.00473	0.00710	0.00710	0.00710	0.00473	0.00473	0.00710	0.00710	0.00947	0.00947	0.01657	0.00947	0.01894	0.02131	0.84138	0.00473	0.00473	0.00237	0.00237
9	0.01238	0.01810	0.22038	0.02111	0.02726	0.01350	0.56979	0.01741	0.01253	0.01741	0.01072	0.01390	0.00793	0.00474	0.00612	0.00181	0.00891	0.00583	0.00264	0.00753
10	0.00716	0.00555	0.00652	0.00628	0.00780	0.00491	0.00471	0.00921	0.01412	0.01875	0.45949	0.04584	0.36541	0.01230	0.00644	0.00177	0.00265	0.01058	0.00559	0.00491
11	0.00772	0.00557	0.00729	0.00686	0.00814	0.00514	0.00514	0.01029	0.01543	0.02186	0.77152	0.04072	0.05144	0.01115	0.00643	0.00171	0.00257	0.00986	0.00600	0.00514
12	0.02037	0.02598	0.01545	0.01404	0.01685	0.78652	0.01053	0.02177	0.01545	0.01334	0.00843	0.00983	0.00702	0.00562	0.00492	0.00140	0.00983	0.00351	0.00281	0.00632
13	0.84691	0.01054	0.00801	0.00717	0.01054	0.01223	0.00590	0.01603	0.00928	0.02446	0.00759	0.00886	0.00590	0.00506	0.00337	0.00169	0.00422	0.00295	0.00337	0.00590
14	0.01356	0.01171	0.01233	0.01109	0.01418	0.01356	0.00863	0.02897	0.76455	0.02281	0.02219	0.02034	0.01664	0.00740	0.00555	0.00185	0.00431	0.00616	0.00555	0.00863
15	0.01030	0.00969	0.01635	0.79530	0.03755	0.01211	0.01514	0.01393	0.01090	0.01393	0.00969	0.01453	0.00727	0.00545	0.00545	0.00182	0.00727	0.00484	0.00242	0.00606
16	0.00789	0.00543	0.00665	0.00665	0.00690	0.00567	0.00419	0.00838	0.00814	0.01110	0.01653	0.03209	0.01826	0.61528	0.21874	0.00616	0.00763	0.00740	0.00321	0.00370
17	0.01349	0.01295	0.02213	0.03346	0.77440	0.01295	0.01673	0.01673	0.01241	0.01781	0.01025	0.01349	0.00864	0.00486	0.00540	0.00162	0.00648	0.00486	0.00270	0.00864
18	0.00793	0.00529	0.00595	0.00595	0.00595	0.00529	0.00330	0.00793	0.00793	0.01057	0.01718	0.03568	0.01982	0.80840	0.02775	0.00529	0.00529	0.00793	0.00330	0.00330
19	0.00793	0.00529	0.00595	0.00595	0.00595	0.00529	0.00330	0.00793	0.00793	0.01057	0.01718	0.03568	0.01982	0.80840	0.02775	0.00529	0.00529	0.00793	0.00330	0.00330
20	0.00772	0.00557	0.00729	0.00686	0.00814	0.00514	0.00514	0.01029	0.01543	0.02186	0.77152	0.04072	0.05144	0.01115	0.00643	0.00171	0.00257	0.00986	0.00600	0.00514
21	0.00788	0.00549	0.00699	0.00699	0.00735	0.00585	0.00461	0.00860	0.00824	0.01135	0.01622	0.03038	0.01752	0.52308	0.30992	0.00658	0.00875	0.00715	0.00316	0.00388
22	0.02072	0.01527	0.01636	0.01254	0.01691	0.01691	0.01036	0.75622	0.02563	0.03436	0.01309	0.01309	0.00927	0.00654	0.00545	0.00164	0.00600	0.00491	0.00545	0.00927
23	0.02446	0.00928	0.01265	0.00970	0.01392	0.00801	0.00801	0.02657	0.01560	0.77817	0.02151	0.01856	0.01350	0.00675	0.00548	0.00169	0.00464	0.00548	0.00675	0.00928
24	0.00784	0.00563	0.00769	0.00769	0.00829	0.00623	0.00548	0.00905	0.00844	0.01186	0.01558	0.02685	0.01599	0.33338	0.49753	0.00744	0.01105	0.00664	0.00307	0.00427
25	0.00784	0.00563	0.00771	0.00771	0.00833	0.00625	0.00551	0.00906	0.00845	0.01188	0.01556	0.02672	0.01593	0.32621	0.50462	0.00747	0.01114	0.00662	0.00306	0.00429
26	0.01458	0.81168	0.02857	0.00933	0.01399	0.02157	0.00933	0.01632	0.01108	0.01283	0.00758	0.00875	0.00700	0.00466	0.00350	0.00117	0.00583	0.00292	0.00233	0.00700
27	0.01030	0.00969	0.01635	0.79530	0.03755	0.01211	0.01514	0.01393	0.01090	0.01393	0.00969	0.01453	0.00727	0.00545	0.00545	0.00182	0.00727	0.00484	0.00242	0.00606
28	0.01030	0.00969	0.01635	0.79530	0.03755	0.01211	0.01514	0.01393	0.01090	0.01393	0.00969	0.01453	0.00727	0.00545	0.00545	0.00182	0.00727	0.00484	0.00242	0.00606
29	0.04351	0.58056	0.22196	0.01085	0.01635	0.01894	0.01200	0.01656	0.01112	0.01439	0.00815	0.00946	0.00693	0.00481	0.00393	0.00133	0.00635	0.00320	0.00236	0.00723
30	0.75011	0.03630	0.00907	0.00745	0.01094	0.01217	0.00619	0.01693	0.00987	0.08817	0.00877	0.00968	0.00658	0.00519	0.00356	0.00167	0.00431	0.00317	0.00363	0.00623

[dist]
# distance from previous block
# <min> <max>
0	1

[block]
# block no. 6 follows, 44 sequences, length 26
# corresponding to MSA columns:
# 737-762
name=unknown_G
#
# <colnr> <probs for GDERKNQSTAVLIFYWHMCP>
#	G	D	E	R	K	N	Q	S	T	A	V	L	I	F	Y	W	H	M	C	P
0	0.01247	0.01247	0.01850	0.41125	0.31782	0.08233	0.01525	0.01569	0.01182	0.01534	0.00972	0.01364	0.00777	0.00535	0.00572	0.00172	0.02876	0.00473	0.00256	0.00707
1	0.00700	0.00500	0.00674	0.00800	0.00847	0.00474	0.00568	0.00821	0.01079	0.01432	0.02985	0.68088	0.03528	0.01674	0.00705	0.00226	0.00347	0.13593	0.00505	0.00453
2	0.00743	0.00549	0.00694	0.00672	0.00801	0.00500	0.00499	0.00969	0.01455	0.02011	0.60079	0.10831	0.15763	0.01205	0.00648	0.00178	0.00265	0.01059	0.00578	0.00500
3	0.01030	0.00969	0.01635	0.79530	0.03755	0.01211	0.01514	0.01393	0.01090	0.01393	0.00969	0.01453	0.00727	0.00545	0.00545	0.00182	0.00727	0.00484	0.00242	0.00606
4	0.00745	0.00556	0.00691	0.00657	0.00798	0.00503	0.00493	0.00976	0.01479	0.02035	0.61922	0.04322	0.20468	0.01171	0.00643	0.00174	0.00261	0.01021	0.00580	0.00503
5	0.00695	0.00554	0.00623	0.00606	0.00767	0.00482	0.00454	0.00881	0.01362	0.01757	0.34066	0.04779	0.48497	0.01275	0.00644	0.00179	0.00269	0.01085	0.00544	0.00482
6	0.84691	0.01054	0.00801	0.00717	0.01054	0.01223	0.00590	0.01603	0.00928	0.02446	0.00759	0.00886	0.00590	0.00506	0.00337	0.00169	0.00422	0.00295	0.00337	0.00590
7	0.02446	0.00928	0.01265	0.00970	0.01392	0.00801	0.00801	0.02657	0.01560	0.77817	0.02151	0.01856	0.01350	0.00675	0.00548	0.00169	0.00464	0.00548	0.00675	0.00928
8	0.01356	0.01171	0.01233	0.01109	0.01418	0.01356	0.00863	0.02897	0.76455	0.02281	0.02219	0.02034	0.01664	0.00740	0.00555	0.00185	0.00431	0.00616	0.00555	0.00863
9	0.01349	0.01295	0.02213	0.03346	0.77440	0.01295	0.01673	0.01673	0.01241	0.01781	0.01025	0.01349	0.00864	0.00486	0.00540	0.00162	0.00648	0.00486	0.00270	0.00864
10	0.01356	0.01171	0.01233	0.01109	0.01418	0.01356	0.00863	0.02897	0.76455	0.02281	0.02219	0.02034	0.01664	0.00740	0.00555	0.00185	0.00431	0.00616	0.00555	0.00863
11	0.01030	0.00969	0.01635	0.79530	0.03755	0.01211	0.01514	0.01393	0.01090	0.01393	0.00969	0.01453	0.00727	0.00545	0.00545	0.00182	0.00727	0.00484	0.00242	0.00606
12	0.68311	0.01108	0.00921	0.00807	0.01150	0.01278	0.00659	0.08123	0.09463	0.02513	0.00969	0.01050	0.00739	0.00545	0.00379	0.00170	0.00438	0.00348	0.00379	0.00650
13	0.01130	0.00969	0.01130	0.00807	0.01292	0.00727	0.00646	0.01373	0.01130	0.01776	0.00969	0.01130	0.00807	0.00404	0.00404	0.00081	0.00404	0.00323	0.00323	0.84173
14	0.01093	0.02820	0.78016	0.01554	0.02360	0.01266	0.02014	0.01727	0.01151	0.01727	0.00978	0.01151	0.00691	0.00518	0.00518	0.00173	0.00806	0.00403	0.00230	0.00806
15	0.01153	0.01095	0.01858	0.50137	0.32184	0.01244	0.01575	0.01501	0.01148	0.01543	0.00991	0.01413	0.00780	0.00522	0.00543	0.00174	0.00696	0.00485	0.00253	0.00705
16	0.00772	0.00557	0.00729	0.00686	0.00814	0.00514	0.00514	0.01029	0.01543	0.02186	0.77152	0.04072	0.05144	0.01115	0.00643	0.00171	0.00257	0.00986	0.00600	0.00514
17	0.00947	0.00473	0.00710	0.00710	0.00710	0.00473	0.00473	0.00710	0.00710	0.00947	0.00947	0.01657	0.00947	0.01894	0.02131	0.84138	0.00473	0.00473	0.00237	0.00237
18	0.01016	0.00508	0.00508	0.00508	0.00635	0.00508	0.00381	0.01270	0.01143	0.02033	0.01778	0.02033	0.01397	0.00635	0.00381	0.00127	0.00254	0.00508	0.83867	0.00508
19	0.01030	0.00969	0.01635	0.79530	0.03755	0.01211	0.01514	0.01393	0.01090	0.01393	0.00969	0.01453	0.00727	0.00545	0.00545	0.00182	0.00727	0.00484	0.00242	0.00606
20	0.00797	0.00538	0.00630	0.00651	0.00668	0.00537	0.00404	0.00832	0.00860	0.01141	0.01915	0.07254	0.02192	0.67810	0.02440	0.00482	0.00516	0.09618	0.00359	0.00356
21	0.00933	0.00477	0.00703	0.00703	0.00711	0.00473	0.00471	0.00714	0.00735	0.00971	0.01158	0.01823	0.04472	0.01870	0.02062	0.80258	0.00464	0.00505	0.00249	0.00247
22	0.00780	0.00581	0.00859	0.00859	0.00951	0.00672	0.00661	0.00963	0.00871	0.01253	0.01476	0.02227	0.01400	0.08662	0.74157	0.00855	0.01405	0.00597	0.00294	0.00477
23	0.31163	0.01098	0.01533	0.01169	0.01573	0.01080	0.20474	0.01509	0.01118	0.02006	0.05197	0.01472	0.04317	0.00551	0.00503	0.00153	0.02597	0.00474	0.00336	0.21676
24	0.01247	0.01154	0.01318	0.01052	0.01436	0.06640	0.07096	0.03838	0.23185	0.01921	0.04352	0.01872	0.07786	0.00633	0.00507	0.00138	0.00487	0.00536	0.00415	0.34386
25	0.23660	0.10849	0.01638	0.01224	0.05571	0.02970	0.09140	0.12258	0.08692	0.09130	0.01221	0.01364	0.00938	0.00568	0.00471	0.00159	0.00550	0.01946	0.00397	0.07257

[dist]
# distance from previous block
# <min> <max>
2	22

[block]
# block no. 7 follows, 44 sequences, length 65
# corresponding to MSA columns:
# 785-849
name=unknown_H
#
# <colnr> <probs for GDERKNQSTAVLIFYWHMCP>
#	G	D	E	R	K	N	Q	S	T	A	V	L	I	F	Y	W	H	M	C	P
0	0.01398	0.01323	0.01961	0.05344	0.53809	0.05403	0.01460	0.07961	0.04225	0.01871	0.01151	0.04548	0.00991	0.00581	0.00587	0.00166	0.03550	0.00523	0.00314	0.02835
1	0.00788	0.00598	0.00877	0.00876	0.00961	0.00697	0.00673	0.00964	0.00881	0.01265	0.01543	0.07171	0.01511	0.07524	0.67090	0.00793	0.04350	0.00652	0.00306	0.00481
2	0.01374	0.01129	0.01483	0.30186	0.05384	0.01309	0.01159	0.18015	0.21945	0.03934	0.01451	0.01637	0.01094	0.00889	0.06420	0.00230	0.00664	0.00531	0.00409	0.00755
3	0.02034	0.01508	0.01615	0.01247	0.01676	0.01673	0.01027	0.71759	0.06488	0.03375	0.01357	0.01347	0.00966	0.00659	0.00546	0.00165	0.00591	0.00498	0.00546	0.00924
4	0.05311	0.00852	0.01114	0.00886	0.01246	0.00751	0.00722	0.02240	0.01504	0.58422	0.11602	0.02407	0.08900	0.00788	0.00561	0.00170	0.00419	0.00648	0.00637	0.00820
5	0.01675	0.01329	0.01412	0.01174	0.01539	0.01505	0.00940	0.35234	0.43599	0.02794	0.01814	0.01712	0.01336	0.00702	0.00551	0.00175	0.00506	0.00561	0.00551	0.00891
6	0.00772	0.00557	0.00729	0.00686	0.00814	0.00514	0.00514	0.01029	0.01543	0.02186	0.77152	0.04072	0.05144	0.01115	0.00643	0.00171	0.00257	0.00986	0.00600	0.00514
7	0.00870	0.00621	0.00869	0.00994	0.01116	0.00620	0.00864	0.01115	0.01247	0.01622	0.02891	0.09077	0.03156	0.01514	0.00751	0.00250	0.00495	0.70926	0.00502	0.00500
8	0.02446	0.00928	0.01265	0.00970	0.01392	0.00801	0.00801	0.02657	0.01560	0.77817	0.02151	0.01856	0.01350	0.00675	0.00548	0.00169	0.00464	0.00548	0.00675	0.00928
9	0.01030	0.00969	0.01635	0.79530	0.03755	0.01211	0.01514	0.01393	0.01090	0.01393	0.00969	0.01453	0.00727	0.00545	0.00545	0.00182	0.00727	0.00484	0.00242	0.00606
10	0.00772	0.00557	0.00729	0.00686	0.00814	0.00514	0.00514	0.01029	0.01543	0.02186	0.77152	0.04072	0.05144	0.01115	0.00643	0.00171	0.00257	0.00986	0.00600	0.00514
11	0.01349	0.01295	0.02213	0.03346	0.77440	0.01295	0.01673	0.01673	0.01241	0.01781	0.01025	0.01349	0.00864	0.00486	0.00540	0.00162	0.00648	0.00486	0.00270	0.00864
12	0.00797	0.00602	0.00676	0.00643	0.00825	0.00540	0.00487	0.01053	0.05350	0.04844	0.29074	0.04548	0.46123	0.01229	0.00635	0.00179	0.00286	0.01043	0.00547	0.00519
13	0.00644	0.00552	0.00552	0.00552	0.00736	0.00460	0.00414	0.00782	0.01243	0.01473	0.05523	0.05247	0.77218	0.01381	0.00644	0.00184	0.00276	0.01151	0.00506	0.00460
14	0.01030	0.00969	0.01635	0.79530	0.03755	0.01211	0.01514	0.01393	0.01090	0.01393	0.00969	0.01453	0.00727	0.00545	0.00545	0.00182	0.00727	0.00484	0.00242	0.00606
15	0.01093	0.02820	0.78016	0.01554	0.02360	0.01266	0.02014	0.01727	0.01151	0.01727	0.00978	0.01151	0.00691	0.00518	0.00518	0.00173	0.00806	0.00403	0.00230	0.00806
16	0.02037	0.02598	0.01545	0.01404	0.01685	0.78652	0.01053	0.02177	0.01545	0.01334	0.00843	0.00983	0.00702	0.00562	0.00492	0.00140	0.00983	0.00351	0.00281	0.00632
17	0.00947	0.00473	0.00710	0.00710	0.00710	0.00473	0.00473	0.00710	0.00710	0.00947	0.00947	0.01657	0.00947	0.01894	0.02131	0.84138	0.00473	0.00473	0.00237	0.00237
18	0.02038	0.02539	0.01550	0.01396	0.01686	0.74413	0.01052	0.06222	0.01601	0.01450	0.00868	0.01001	0.00715	0.00567	0.00495	0.00142	0.00962	0.00359	0.00295	0.00648
19	0.00664	0.00474	0.00633	0.00759	0.00791	0.00443	0.00506	0.00759	0.01044	0.01392	0.03005	0.80485	0.03606	0.01708	0.00696	0.00221	0.00316	0.01550	0.00506	0.00443
20	0.01349	0.01295	0.02213	0.03346	0.77440	0.01295	0.01673	0.01673	0.01241	0.01781	0.01025	0.01349	0.00864	0.00486	0.00540	0.00162	0.00648	0.00486	0.00270	0.00864
21	0.00779	0.00584	0.00876	0.00876	0.00974	0.00681	0.00681	0.00974	0.00876	0.01266	0.01460	0.02142	0.01363	0.04089	0.78680	0.00876	0.01460	0.00584	0.00292	0.00487
22	0.02072	0.01527	0.01636	0.01254	0.01691	0.01691	0.01036	0.75622	0.02563	0.03436	0.01309	0.01309	0.00927	0.00654	0.00545	0.00164	0.00600	0.00491	0.00545	0.00927
23	0.02446	0.00928	0.01265	0.00970	0.01392	0.00801	0.00801	0.02657	0.01560	0.77817	0.02151	0.01856	0.01350	0.00675	0.00548	0.00169	0.00464	0.00548	0.00675	0.00928
24	0.00990	0.00513	0.00532	0.00528	0.00655	0.00509	0.00396	0.01244	0.01187	0.02049	0.10003	0.02255	0.01806	0.00687	0.00410	0.00132	0.00254	0.00560	0.74781	0.00509
25	0.00793	0.00529	0.00595	0.00595	0.00595	0.00529	0.00330	0.00793	0.00793	0.01057	0.01718	0.03568	0.01982	0.80840	0.02775	0.00529	0.00529	0.00793	0.00330	0.00330
26	0.00685	0.00554	0.00608	0.00595	0.00761	0.00477	0.00446	0.00861	0.01338	0.01699	0.28278	0.04874	0.54322	0.01296	0.00644	0.00180	0.00270	0.01098	0.00536	0.00477
27	0.00663	0.00480	0.00627	0.00744	0.00787	0.00444	0.00499	0.00761	0.01059	0.01398	0.03194	0.74830	0.09138	0.01683	0.00692	0.00219	0.00313	0.01520	0.00506	0.00444
28	0.01016	0.00508	0.00508	0.00508	0.00635	0.00508	0.00381	0.01270	0.01143	0.02033	0.01778	0.02033	0.01397	0.00635	0.00381	0.00127	0.00254	0.00508	0.83867	0.00508
29	0.01130	0.00969	0.01130	0.00807	0.01292	0.00727	0.00646	0.01373	0.01130	0.01776	0.00969	0.01130	0.00807	0.00404	0.00404	0.00081	0.00404	0.00323	0.00323	0.84173
30	0.00725	0.00542	0.00673	0.00669	0.00793	0.00490	0.00491	0.00928	0.01392	0.01893	0.48681	0.17243	0.20927	0.01274	0.00652	0.00183	0.00271	0.01118	0.00563	0.00490
31	0.01047	0.00980	0.01614	0.75365	0.03631	0.01219	0.01479	0.01473	0.05093	0.01440	0.01035	0.01484	0.00777	0.00555	0.00546	0.00182	0.00711	0.00492	0.00259	0.00619
32	0.23404	0.01058	0.01081	0.00899	0.01264	0.03664	0.00720	0.02097	0.18516	0.21063	0.01764	0.01696	0.05637	0.00639	0.00475	0.00158	0.00442	0.00490	0.00478	0.14456
33	0.01470	0.01041	0.01318	0.00961	0.01434	0.00867	0.04832	0.08594	0.01353	0.15943	0.01226	0.01300	0.00920	0.00480	0.00457	0.00110	0.00462	0.00398	0.00406	0.56429
34	0.05517	0.07633	0.13879	0.01164	0.07089	0.03634	0.00986	0.01376	0.01068	0.01589	0.01166	0.04695	0.01042	0.01539	0.22533	0.00342	0.00818	0.00470	0.00295	0.23166
35	0.00787	0.00601	0.00776	0.00791	0.00933	0.00536	0.00569	0.00931	0.01055	0.01475	0.02399	0.52407	0.02750	0.01637	0.08085	0.00254	0.00452	0.04029	0.00445	0.19087
36	0.04571	0.19722	0.32596	0.01295	0.01871	0.07252	0.04287	0.07078	0.02718	0.12068	0.01121	0.01203	0.00819	0.00542	0.00484	0.00157	0.00692	0.00410	0.00329	0.00785
37	0.00783	0.00565	0.00702	0.00663	0.00811	0.00509	0.00499	0.01012	0.01477	0.03809	0.59441	0.04282	0.21098	0.01163	0.00641	0.00174	0.00266	0.01012	0.00581	0.00512
38	0.01130	0.00969	0.01130	0.00807	0.01292	0.00727	0.00646	0.01373	0.01130	0.01776	0.00969	0.01130	0.00807	0.00404	0.00404	0.00081	0.00404	0.00323	0.00323	0.84173
39	0.01146	0.01169	0.02029	0.04930	0.01906	0.01390	0.24868	0.01397	0.00997	0.01446	0.00976	0.01453	0.00861	0.01308	0.14360	0.00326	0.38006	0.00549	0.00260	0.00623
40	0.01505	0.00806	0.01055	0.00906	0.01124	0.00825	0.00701	0.08540	0.01255	0.28285	0.01714	0.02234	0.01425	0.19067	0.24385	0.00460	0.04001	0.00604	0.00456	0.00653
41	0.00766	0.00557	0.00722	0.00680	0.00811	0.00512	0.00510	0.01019	0.01531	0.02157	0.74253	0.04120	0.08061	0.01125	0.00643	0.00172	0.00258	0.00993	0.00596	0.00512
42	0.02072	0.01527	0.01636	0.01254	0.01691	0.01691	0.01036	0.75622	0.02563	0.03436	0.01309	0.01309	0.00927	0.00654	0.00545	0.00164	0.00600	0.00491	0.00545	0.00927
43	0.00716	0.00555	0.00652	0.00628	0.00780	0.00491	0.00471	0.00921	0.01412	0.01875	0.45887	0.04585	0.36603	0.01231	0.00644	0.00177	0.00265	0.01058	0.00559	0.00491
44	0.00772	0.00557	0.00729	0.00686	0.00814	0.00514	0.00514	0.01029	0.01543	0.02186	0.77152	0.04072	0.05144	0.01115	0.00643	0.00171	0.00257	0.00986	0.00600	0.00514
45	0.02192	0.01336	0.01518	0.01164	0.01595	0.01407	0.00961	0.52330	0.02243	0.27180	0.01578	0.01483	0.01062	0.00661	0.00546	0.00165	0.00556	0.00509	0.00587	0.00927
46	0.01160	0.01102	0.01871	0.48381	0.33882	0.01246	0.01579	0.01507	0.01152	0.01552	0.00992	0.01411	0.00783	0.00521	0.00543	0.00174	0.00694	0.00485	0.00254	0.00711
47	0.00660	0.00492	0.00615	0.00713	0.00779	0.00447	0.00486	0.00764	0.01088	0.01410	0.03565	0.63737	0.19991	0.01635	0.00684	0.00213	0.00307	0.01461	0.00506	0.00447
48	0.01030	0.00969	0.01635	0.79530	0.03755	0.01211	0.01514	0.01393	0.01090	0.01393	0.00969	0.01453	0.00727	0.00545	0.00545	0.00182	0.00727	0.00484	0.00242	0.00606
49	0.02154	0.00929	0.01219	0.00977	0.01348	0.00849	0.00795	0.08784	0.03335	0.59266	0.02191	0.10181	0.01610	0.00808	0.00570	0.00177	0.00461	0.02847	0.00638	0.00863
50	0.01493	0.00958	0.01168	0.00852	0.01319	0.00747	0.00689	0.01727	0.01249	0.22741	0.01295	0.01330	0.00957	0.00478	0.00444	0.00105	0.00420	0.00385	0.00420	0.61222
51	0.01130	0.00969	0.01130	0.00807	0.01292	0.00727	0.00646	0.01373	0.01130	0.01776	0.00969	0.01130	0.00807	0.00404	0.00404	0.00081	0.00404	0.00323	0.00323	0.84173
52	0.81652	0.01072	0.00832	0.00737	0.01078	0.01240	0.00607	0.04325	0.00988	0.02482	0.00779	0.00901	0.00603	0.00512	0.00345	0.00169	0.00428	0.00302	0.00345	0.00603
53	0.02037	0.02598	0.01545	0.01404	0.01685	0.78652	0.01053	0.02177	0.01545	0.01334	0.00843	0.00983	0.00702	0.00562	0.00492	0.00140	0.00983	0.00351	0.00281	0.00632
54	0.00724	0.00532	0.00682	0.00729	0.00815	0.00498	0.00514	0.00927	0.03482	0.01726	0.31381	0.44310	0.08778	0.01433	0.00668	0.00199	0.00295	0.01282	0.00543	0.00484
55	0.00663	0.00479	0.00628	0.00746	0.00787	0.00444	0.00500	0.00761	0.01056	0.01397	0.03158	0.75896	0.08095	0.01688	0.00693	0.00219	0.00314	0.01525	0.00506	0.00444
56	0.01065	0.01015	0.05534	0.01267	0.04435	0.00963	0.10490	0.03024	0.21831	0.01815	0.02342	0.19366	0.03685	0.01091	0.00645	0.00207	0.00518	0.19586	0.00465	0.00656
57	0.00670	0.00479	0.00638	0.00755	0.00792	0.00447	0.00507	0.00773	0.01070	0.01434	0.06943	0.76426	0.03687	0.01676	0.00693	0.00219	0.00313	0.01520	0.00511	0.00447
58	0.01030	0.00969	0.01635	0.79530	0.03755	0.01211	0.01514	0.01393	0.01090	0.01393	0.00969	0.01453	0.00727	0.00545	0.00545	0.00182	0.00727	0.00484	0.00242	0.00606
59	0.02037	0.02598	0.01545	0.01404	0.01685	0.78652	0.01053	0.02177	0.01545	0.01334	0.00843	0.00983	0.00702	0.00562	0.00492	0.00140	0.00983	0.00351	0.00281	0.00632
60	0.01356	0.01171	0.01233	0.01109	0.01418	0.01356	0.00863	0.02897	0.76455	0.02281	0.02219	0.02034	0.01664	0.00740	0.00555	0.00185	0.00431	0.00616	0.00555	0.00863
61	0.01458	0.81168	0.02857	0.00933	0.01399	0.02157	0.00933	0.01632	0.01108	0.01283	0.00758	0.00875	0.00700	0.00466	0.00350	0.00117	0.00583	0.00292	0.00233	0.00700
62	0.01374	0.05660	0.01915	0.07334	0.01933	0.18397	0.24086	0.04153	0.05723	0.01520	0.01164	0.04584	0.01014	0.04051	0.00911	0.13971	0.00748	0.00555	0.00303	0.00605
63	0.01427	0.76183	0.05689	0.00951	0.01422	0.02083	0.00964	0.01621	0.01120	0.01322	0.02642	0.00964	0.00808	0.00484	0.00363	0.00120	0.00584	0.00313	0.00242	0.00699
64	0.01265	0.01035	0.05637	0.07095	0.01508	0.00859	0.00837	0.03405	0.05423	0.11385	0.12413	0.01844	0.01597	0.00625	0.00536	0.00135	0.02831	0.02077	0.00416	0.39078

[dist]
# distance from previous block
# <min> <max>
3	65

[block]
# block no. 8 follows, 44 sequences, length 22
# corresponding to MSA columns:
# 916-937
name=unknown_I
#
# <colnr> <probs for GDERKNQSTAVLIFYWHMCP>
#	G	D	E	R	K	N	Q	S	T	A	V	L	I	F	Y	W	H	M	C	P
0	0.01657	0.01267	0.01466	0.10993	0.01814	0.01446	0.01026	0.30511	0.28963	0.07848	0.01620	0.01621	0.01186	0.00691	0.00622	0.00178	0.05207	0.00539	0.00502	0.00844
1	0.26827	0.16157	0.04668	0.00809	0.01096	0.01183	0.00686	0.01524	0.10467	0.01821	0.07217	0.02067	0.05878	0.16497	0.00898	0.00233	0.00471	0.00541	0.00369	0.00590
