[name]
unknown

[dist]
# distance from previous block
# <min> <max>
0	600

[block]
# block no. 0 follows, 41 sequences, length 7
# corresponding to MSA columns:
# 645-651
name=unknown_A
#
# <colnr> <probs for GDERKNQSTAVLIFYWHMCP>
#	G	D	E	R	K	N	Q	S	T	A	V	L	I	F	Y	W	H	M	C	P
0	0.05910	0.35514	0.18036	0.01347	0.01880	0.04151	0.11358	0.01842	0.01228	0.08118	0.01021	0.01176	0.00805	0.00551	0.00549	0.00160	0.04871	0.00417	0.00298	0.00769
1	0.00780	0.00669	0.00678	0.00660	0.00872	0.00613	0.00500	0.01128	0.11559	0.01663	0.05314	0.05038	0.65793	0.01355	0.00663	0.00193	0.00312	0.01129	0.00538	0.00541
2	0.01367	0.01558	0.09947	0.02489	0.29070	0.01399	0.26787	0.02035	0.15571	0.01951	0.01341	0.01577	0.01037	0.00555	0.00605	0.00184	0.00751	0.00585	0.00339	0.00853
3	0.02566	0.00973	0.01327	0.01018	0.01460	0.00841	0.00841	0.02788	0.01637	0.76726	0.02257	0.01947	0.01416	0.00708	0.00575	0.00177	0.00487	0.00575	0.00708	0.00973
4	0.01260	0.01276	0.01889	0.01578	0.01627	0.01726	0.07413	0.01415	0.00916	0.01415	0.00785	0.01276	0.00761	0.00957	0.01776	0.00245	0.72278	0.00515	0.00254	0.00638
5	0.01893	0.26471	0.02073	0.01204	0.01648	0.06379	0.01036	0.40054	0.09402	0.02640	0.01257	0.01285	0.00961	0.00628	0.00505	0.00157	0.00630	0.00453	0.00453	0.00872
6	0.23332	0.01426	0.01553	0.05373	0.01753	0.09759	0.09959	0.23351	0.05582	0.02477	0.01351	0.09100	0.01152	0.00719	0.00538	0.00181	0.00634	0.00582	0.00429	0.00749

[dist]
# distance from previous block
# <min> <max>
0	1

[block]
# block no. 1 follows, 41 sequences, length 73
# corresponding to MSA columns:
# 653-725
name=unknown_B
#
# <colnr> <probs for GDERKNQSTAVLIFYWHMCP>
#	G	D	E	R	K	N	Q	S	T	A	V	L	I	F	Y	W	H	M	C	P
0	0.03434	0.01595	0.02017	0.17056	0.44340	0.18382	0.01552	0.01817	0.01336	0.01704	0.01015	0.01339	0.00835	0.00540	0.00551	0.00169	0.00768	0.00473	0.00282	0.00794
1	0.00810	0.00585	0.00765	0.00720	0.00855	0.00540	0.00540	0.01079	0.01619	0.02294	0.76028	0.04273	0.05397	0.01169	0.00675	0.00180	0.00270	0.01034	0.00630	0.00540
2	0.01538	0.01302	0.01452	0.01243	0.01599	0.01479	0.04178	0.14249	0.60571	0.02559	0.02126	0.01988	0.01585	0.00749	0.00585	0.00190	0.00503	0.00627	0.00568	0.00910
3	0.01555	0.01004	0.01055	0.00878	0.01155	0.01080	0.00703	0.33550	0.01856	0.02781	0.01649	0.01798	0.01249	0.00675	0.00476	0.00150	0.00427	0.00525	0.46708	0.00727
4	0.00697	0.00498	0.00664	0.00796	0.00830	0.00465	0.00531	0.00796	0.01095	0.01460	0.03153	0.79525	0.03783	0.01792	0.00730	0.00232	0.00332	0.01626	0.00531	0.00465
5	0.01592	0.72281	0.02856	0.01030	0.01499	0.10001	0.00992	0.01771	0.01209	0.01351	0.00804	0.00929	0.00734	0.00500	0.00382	0.00125	0.00655	0.00312	0.00250	0.00727
6	0.00708	0.00540	0.00650	0.00709	0.00814	0.00483	0.00499	0.00850	0.01252	0.01623	0.15716	0.41704	0.29245	0.01573	0.00702	0.00210	0.00307	0.01386	0.00547	0.00483
7	0.83938	0.01106	0.00841	0.00752	0.01106	0.01283	0.00619	0.01681	0.00973	0.02566	0.00796	0.00929	0.00619	0.00531	0.00354	0.00177	0.00442	0.00310	0.00354	0.00619
8	0.01214	0.02675	0.65920	0.01590	0.02368	0.01270	0.05302	0.01827	0.01256	0.05715	0.04741	0.01410	0.00994	0.00580	0.00558	0.00181	0.00804	0.00472	0.00287	0.00834
9	0.01423	0.01229	0.01293	0.01164	0.01487	0.01423	0.00905	0.03039	0.75297	0.02393	0.02328	0.02134	0.01746	0.00776	0.00582	0.00194	0.00453	0.00647	0.00582	0.00905
10	0.83938	0.01106	0.00841	0.00752	0.01106	0.01283	0.00619	0.01681	0.00973	0.02566	0.00796	0.00929	0.00619	0.00531	0.00354	0.00177	0.00442	0.00310	0.00354	0.00619
11	0.04272	0.01065	0.01683	0.69654	0.03666	0.01310	0.01514	0.07095	0.01257	0.01668	0.01036	0.01491	0.00773	0.00579	0.00564	0.00189	0.00740	0.00501	0.00282	0.00661
12	0.00810	0.00585	0.00765	0.00720	0.00855	0.00540	0.00540	0.01079	0.01619	0.02294	0.76028	0.04273	0.05397	0.01169	0.00675	0.00180	0.00270	0.01034	0.00630	0.00540
13	0.00697	0.00498	0.00664	0.00796	0.00830	0.00465	0.00531	0.00796	0.01095	0.01460	0.03153	0.79525	0.03783	0.01792	0.00730	0.00232	0.00332	0.01626	0.00531	0.00465
14	0.00810	0.00585	0.00765	0.00720	0.00855	0.00540	0.00540	0.01079	0.01619	0.02294	0.76028	0.04273	0.05397	0.01169	0.00675	0.00180	0.00270	0.01034	0.00630	0.00540
15	0.01423	0.01229	0.01293	0.01164	0.01487	0.01423	0.00905	0.03039	0.75297	0.02393	0.02328	0.02134	0.01746	0.00776	0.00582	0.00194	0.00453	0.00647	0.00582	0.00905
16	0.83938	0.01106	0.00841	0.00752	0.01106	0.01283	0.00619	0.01681	0.00973	0.02566	0.00796	0.00929	0.00619	0.00531	0.00354	0.00177	0.00442	0.00310	0.00354	0.00619
17	0.80180	0.01100	0.00863	0.00764	0.01123	0.01263	0.00630	0.01732	0.01004	0.05991	0.00864	0.00976	0.00656	0.00539	0.00364	0.00177	0.00445	0.00322	0.00370	0.00636
18	0.01282	0.05428	0.26098	0.01990	0.02576	0.01484	0.39383	0.01763	0.01238	0.01747	0.01050	0.01374	0.00803	0.00566	0.00771	0.00193	0.10652	0.00558	0.00268	0.00775
19	0.01529	0.80242	0.02997	0.00979	0.01468	0.02263	0.00979	0.01713	0.01162	0.01346	0.00795	0.00918	0.00734	0.00489	0.00367	0.00122	0.00612	0.00306	0.00245	0.00734
20	0.01067	0.00992	0.01658	0.74390	0.03764	0.01233	0.01523	0.01428	0.01127	0.01443	0.01058	0.01643	0.00832	0.04780	0.00696	0.00210	0.00751	0.00525	0.00259	0.00620
21	0.01910	0.02372	0.01672	0.01484	0.01762	0.61483	0.06330	0.02076	0.01517	0.01435	0.01091	0.07808	0.01008	0.00707	0.00618	0.00163	0.05095	0.00505	0.00312	0.00652
22	0.00788	0.00580	0.00738	0.00707	0.00844	0.00529	0.00527	0.01035	0.01556	0.02164	0.64114	0.08069	0.13754	0.01233	0.00677	0.00184	0.00275	0.01084	0.00613	0.00529
23	0.01945	0.02364	0.01807	0.02014	0.21538	0.57386	0.01278	0.02144	0.01536	0.01524	0.00935	0.01133	0.00782	0.00568	0.00529	0.00153	0.00938	0.00406	0.00292	0.00728
24	0.00697	0.00498	0.00664	0.00796	0.00830	0.00465	0.00531	0.00796	0.01095	0.01460	0.03153	0.79525	0.03783	0.01792	0.00730	0.00232	0.00332	0.01626	0.00531	0.00465
25	0.00968	0.00506	0.00726	0.00726	0.00726	0.00506	0.00473	0.00759	0.00759	0.01012	0.01121	0.02055	0.01165	0.14275	0.02342	0.70299	0.00506	0.00550	0.00264	0.00264
26	0.02376	0.01016	0.01322	0.01042	0.01465	0.00938	0.00851	0.02830	0.13920	0.64331	0.02269	0.01978	0.01471	0.00719	0.00576	0.00180	0.00481	0.00587	0.00687	0.00962
27	0.00733	0.00566	0.00600	0.00607	0.00722	0.00508	0.00408	0.00824	0.01123	0.01384	0.04221	0.08704	0.45712	0.29702	0.01483	0.00325	0.00387	0.01094	0.00465	0.00433
28	0.75541	0.01157	0.00931	0.00810	0.01175	0.01334	0.00667	0.09152	0.01150	0.02673	0.00856	0.00975	0.00656	0.00547	0.00376	0.00176	0.00462	0.00331	0.00376	0.00656
29	0.01711	0.11165	0.02425	0.07663	0.02333	0.24423	0.26981	0.12908	0.01596	0.01885	0.01054	0.01289	0.00820	0.00553	0.00567	0.00167	0.00877	0.00502	0.00326	0.00754
30	0.01521	0.27188	0.23585	0.01595	0.09252	0.15894	0.05287	0.03235	0.04395	0.01650	0.00998	0.01162	0.00802	0.00541	0.00493	0.00156	0.00776	0.00408	0.00279	0.00783
31	0.01278	0.04018	0.40364	0.02440	0.33358	0.01369	0.05519	0.01787	0.01253	0.01826	0.01048	0.01305	0.00808	0.00525	0.00555	0.00176	0.00776	0.00469	0.00261	0.00864
32	0.01128	0.00649	0.00684	0.00637	0.00818	0.00637	0.00483	0.06563	0.01298	0.02164	0.01857	0.07964	0.01556	0.00734	0.00440	0.00140	0.00311	0.00599	0.63678	0.07662
33	0.00945	0.00666	0.00729	0.00688	0.00765	0.00668	0.00437	0.08388	0.01097	0.01434	0.02388	0.03778	0.13640	0.59390	0.02319	0.00458	0.00520	0.00858	0.00399	0.00432
34	0.00989	0.00798	0.01309	0.01267	0.01470	0.00783	0.12487	0.01287	0.01322	0.01731	0.02733	0.05678	0.02910	0.01407	0.00772	0.00252	0.00596	0.61155	0.00489	0.00565
35	0.01975	0.01503	0.01604	0.01276	0.01698	0.01681	0.01039	0.55496	0.21941	0.03283	0.01626	0.01575	0.01178	0.00710	0.00575	0.00178	0.00583	0.00550	0.00575	0.00955
36	0.00697	0.00498	0.00664	0.00796	0.00830	0.00465	0.00531	0.00796	0.01095	0.01460	0.03153	0.79525	0.03783	0.01792	0.00730	0.00232	0.00332	0.01626	0.00531	0.00465
37	0.01494	0.17300	0.01642	0.01059	0.01469	0.01441	0.00878	0.06113	0.36794	0.06074	0.01684	0.01636	0.01291	0.00635	0.00504	0.00154	0.00490	0.00501	0.00468	0.18373
38	0.75895	0.05227	0.00993	0.00790	0.01156	0.01357	0.00660	0.05042	0.01062	0.02551	0.00823	0.00949	0.00642	0.00536	0.00365	0.00174	0.00460	0.00319	0.00358	0.00642
39	0.01251	0.01251	0.01752	0.01502	0.01502	0.01752	0.01251	0.01377	0.00876	0.01377	0.00751	0.01251	0.00751	0.01001	0.01877	0.00250	0.78851	0.00501	0.00250	0.00626
40	0.01961	0.02426	0.01676	0.01579	0.05428	0.61853	0.01161	0.02115	0.01488	0.01419	0.00873	0.01085	0.00747	0.00650	0.00733	0.00165	0.13287	0.00396	0.00287	0.00669
41	0.05905	0.01244	0.01597	0.34480	0.02605	0.01429	0.01235	0.32384	0.01815	0.06113	0.01256	0.01479	0.00908	0.00629	0.00553	0.00179	0.00653	0.00505	0.04241	0.00789
42	0.01812	0.01380	0.01696	0.13457	0.02094	0.01465	0.04875	0.43640	0.02076	0.06261	0.01287	0.01401	0.00934	0.00615	0.00553	0.00161	0.00627	0.00496	0.00475	0.14696
43	0.00701	0.00579	0.00615	0.00610	0.00789	0.00493	0.00456	0.00868	0.01357	0.01681	0.18635	0.06982	0.61447	0.01405	0.00677	0.00192	0.00287	0.01185	0.00549	0.00493
44	0.01386	0.51326	0.30661	0.01223	0.01845	0.01913	0.01403	0.01750	0.01179	0.01520	0.00882	0.01026	0.00730	0.00510	0.00433	0.00144	0.00699	0.00350	0.00243	0.00776
45	0.01099	0.00582	0.00603	0.00586	0.00731	0.00594	0.00445	0.04349	0.01246	0.02151	0.01828	0.02107	0.01444	0.00859	0.04504	0.00177	0.00349	0.00537	0.75259	0.00550
46	0.00810	0.00585	0.00765	0.00720	0.00855	0.00540	0.00540	0.01079	0.01619	0.02294	0.76028	0.04273	0.05397	0.01169	0.00675	0.00180	0.00270	0.01034	0.00630	0.00540
47	0.01200	0.01139	0.01933	0.51672	0.29853	0.01302	0.01648	0.01567	0.01201	0.01607	0.01038	0.01486	0.00814	0.00550	0.00570	0.00183	0.00733	0.00509	0.00265	0.00732
48	0.00832	0.00555	0.00624	0.00624	0.00624	0.00555	0.00347	0.00832	0.00832	0.01109	0.01802	0.03743	0.02080	0.79898	0.02911	0.00555	0.00555	0.00832	0.00347	0.00347
49	0.02386	0.01014	0.01322	0.01041	0.01464	0.00932	0.00851	0.02827	0.13254	0.65003	0.02268	0.01976	0.01468	0.00719	0.00576	0.00180	0.00481	0.00586	0.00688	0.00963
50	0.01018	0.00839	0.00993	0.00960	0.01099	0.07347	0.00745	0.04953	0.01091	0.01510	0.01492	0.02089	0.01349	0.03525	0.61470	0.00758	0.01351	0.00581	0.06278	0.00549
51	0.06162	0.01813	0.01833	0.02015	0.24991	0.22726	0.01276	0.27911	0.01870	0.02396	0.01115	0.01268	0.00868	0.00596	0.00543	0.00165	0.00747	0.00462	0.00393	0.00847
52	0.01529	0.80242	0.02997	0.00979	0.01468	0.02263	0.00979	0.01713	0.01162	0.01346	0.00795	0.00918	0.00734	0.00489	0.00367	0.00122	0.00612	0.00306	0.00245	0.00734
53	0.01719	0.56065	0.02568	0.01133	0.01562	0.25761	0.01018	0.01891	0.01305	0.01363	0.00823	0.00953	0.00735	0.00521	0.00413	0.00130	0.00743	0.00325	0.00260	0.00712
54	0.00821	0.00565	0.00668	0.00666	0.00696	0.00572	0.00410	0.00868	0.00904	0.01216	0.05401	0.03658	0.05979	0.62045	0.12728	0.00568	0.00659	0.00831	0.00364	0.00385
55	0.00810	0.00585	0.00765	0.00720	0.00855	0.00540	0.00540	0.01079	0.01619	0.02294	0.76028	0.04273	0.05397	0.01169	0.00675	0.00180	0.00270	0.01034	0.00630	0.00540
56	0.00818	0.00610	0.00905	0.00905	0.01002	0.00707	0.00697	0.01012	0.00915	0.01317	0.01546	0.02321	0.01462	0.08044	0.73921	0.00901	0.01484	0.00624	0.00308	0.00503
57	0.02174	0.01602	0.01717	0.01316	0.01774	0.01774	0.01087	0.74423	0.02689	0.03605	0.01373	0.01373	0.00973	0.00687	0.00572	0.00172	0.00629	0.00515	0.00572	0.00973
58	0.02566	0.00973	0.01327	0.01018	0.01460	0.00841	0.00841	0.02788	0.01637	0.76726	0.02257	0.01947	0.01416	0.00708	0.00575	0.00177	0.00487	0.00575	0.00708	0.00973
59	0.01529	0.80242	0.02997	0.00979	0.01468	0.02263	0.00979	0.01713	0.01162	0.01346	0.00795	0.00918	0.00734	0.00489	0.00367	0.00122	0.00612	0.00306	0.00245	0.00734
60	0.01432	0.60482	0.21902	0.01145	0.01726	0.02024	0.01269	0.01738	0.01174	0.01465	0.00854	0.00992	0.00732	0.00503	0.00412	0.00137	0.00671	0.00336	0.00244	0.00762
61	0.01216	0.01233	0.01022	0.00950	0.01205	0.16934	0.00723	0.01823	0.24585	0.01781	0.03678	0.03510	0.36982	0.01058	0.00613	0.00184	0.00496	0.00856	0.00498	0.00653
62	0.83938	0.01106	0.00841	0.00752	0.01106	0.01283	0.00619	0.01681	0.00973	0.02566	0.00796	0.00929	0.00619	0.00531	0.00354	0.00177	0.00442	0.00310	0.00354	0.00619
63	0.00704	0.00581	0.00619	0.00609	0.00790	0.00495	0.00457	0.00876	0.01371	0.01704	0.20691	0.05243	0.61103	0.01389	0.00676	0.00190	0.00286	0.01171	0.00552	0.00495
64	0.00676	0.00579	0.00579	0.00579	0.00773	0.00483	0.00435	0.00821	0.01304	0.01545	0.05794	0.05505	0.76098	0.01449	0.00676	0.00193	0.00290	0.01207	0.00531	0.00483
65	0.01259	0.01200	0.02039	0.38451	0.42611	0.01318	0.01678	0.01618	0.01229	0.01679	0.01048	0.01467	0.00839	0.00539	0.00569	0.00180	0.00718	0.00509	0.00270	0.00780
66	0.01082	0.01005	0.01682	0.61351	0.12488	0.01199	0.01500	0.01429	0.01158	0.01511	0.01243	0.09523	0.01090	0.00690	0.00587	0.00192	0.00708	0.00623	0.00286	0.00651
67	0.00994	0.00497	0.00745	0.00745	0.00745	0.00497	0.00497	0.00745	0.00745	0.00994	0.00994	0.01739	0.00994	0.01987	0.02235	0.83358	0.00497	0.00497	0.00248	0.00248
68	0.01663	0.63121	0.02693	0.01088	0.01534	0.18903	0.01007	0.01839	0.01264	0.01358	0.00815	0.00943	0.00735	0.00511	0.00400	0.00128	0.00704	0.00320	0.00256	0.00718
69	0.00697	0.00498	0.00664	0.00796	0.00830	0.00465	0.00531	0.00796	0.01095	0.01460	0.03153	0.79525	0.03783	0.01792	0.00730	0.00232	0.00332	0.01626	0.00531	0.00465
70	0.02137	0.02726	0.01621	0.01474	0.01768	0.77602	0.01105	0.02284	0.01621	0.01400	0.00884	0.01031	0.00737	0.00589	0.00516	0.00147	0.01031	0.00368	0.00295	0.00663
71	0.02082	0.01337	0.05412	0.01202	0.01631	0.07623	0.06220	0.15591	0.01770	0.38695	0.07326	0.02028	0.04937	0.00737	0.00587	0.00176	0.00588	0.00608	0.00579	0.00872
72	0.09371	0.05222	0.02284	0.01652	0.02094	0.05404	0.36214	0.10388	0.04728	0.02138	0.01280	0.01526	0.00976	0.00559	0.00561	0.00174	0.00728	0.00563	0.13396	0.00741

[dist]
# distance from previous block
# <min> <max>
0	1

[block]
# block no. 2 follows, 41 sequences, length 22
# corresponding to MSA columns:
# 727-748
name=unknown_C
#
# <colnr> <probs for GDERKNQSTAVLIFYWHMCP>
#	G	D	E	R	K	N	Q	S	T	A	V	L	I	F	Y	W	H	M	C	P
0	0.07148	0.11290	0.12916	0.01007	0.01386	0.14194	0.00934	0.04021	0.01373	0.05440	0.04429	0.02837	0.29040	0.00909	0.00558	0.00172	0.00574	0.00708	0.00410	0.00653
1	0.01445	0.01162	0.01122	0.00994	0.01228	0.12161	0.00779	0.20894	0.01576	0.02181	0.01492	0.01803	0.01217	0.01732	0.23294	0.00378	0.00849	0.00528	0.24502	0.00663
2	0.01674	0.01298	0.01388	0.01143	0.01506	0.01431	0.00918	0.38597	0.25166	0.02900	0.07456	0.02283	0.10007	0.00835	0.00594	0.00182	0.00510	0.00671	0.00575	0.00866
3	0.01722	0.01377	0.01462	0.01225	0.01601	0.01562	0.00978	0.31439	0.46410	0.02875	0.01948	0.01831	0.01438	0.00740	0.00578	0.00185	0.00523	0.00594	0.00578	0.00932
4	0.00742	0.00517	0.00650	0.00738	0.00760	0.00495	0.00469	0.00808	0.01006	0.01342	0.02697	0.53939	0.03208	0.28163	0.01467	0.00341	0.00407	0.01358	0.00469	0.00425
5	0.01368	0.01473	0.01178	0.01105	0.01254	0.31140	0.00816	0.01498	0.01174	0.01309	0.01291	0.02053	0.01265	0.20114	0.25312	0.00490	0.05752	0.00560	0.00308	0.00540
6	0.83938	0.01106	0.00841	0.00752	0.01106	0.01283	0.00619	0.01681	0.00973	0.02566	0.00796	0.00929	0.00619	0.00531	0.00354	0.00177	0.00442	0.00310	0.00354	0.00619
7	0.01251	0.01251	0.01752	0.01502	0.01502	0.01752	0.01251	0.01377	0.00876	0.01377	0.00751	0.01251	0.00751	0.01001	0.01877	0.00250	0.78851	0.00501	0.00250	0.00626
8	0.00922	0.00658	0.00922	0.01053	0.01185	0.00658	0.00922	0.01185	0.01317	0.01712	0.03029	0.06452	0.03292	0.01580	0.00790	0.00263	0.00527	0.72480	0.00527	0.00527
9	0.01416	0.01359	0.02322	0.03511	0.76330	0.01359	0.01755	0.01755	0.01302	0.01869	0.01076	0.01416	0.00906	0.00510	0.00566	0.00170	0.00680	0.00510	0.00283	0.00906
10	0.07039	0.01550	0.01638	0.01273	0.01716	0.01723	0.01048	0.65708	0.07007	0.03469	0.01397	0.01393	0.00999	0.00683	0.00560	0.00173	0.00607	0.00511	0.00560	0.00947
11	0.00810	0.00585	0.00765	0.00720	0.00855	0.00540	0.00540	0.01079	0.01619	0.02294	0.76028	0.04273	0.05397	0.01169	0.00675	0.00180	0.00270	0.01034	0.00630	0.00540
12	0.01118	0.01055	0.01783	0.70150	0.12020	0.01281	0.01607	0.01494	0.01161	0.01507	0.01023	0.01513	0.00779	0.00565	0.00571	0.00188	0.00753	0.00508	0.00257	0.00666
13	0.01532	0.01283	0.01355	0.01186	0.01529	0.01474	0.00932	0.13453	0.64704	0.02570	0.02189	0.02023	0.01633	0.00763	0.00581	0.00191	0.00478	0.00627	0.00581	0.00915
14	0.00697	0.00498	0.00664	0.00796	0.00830	0.00465	0.00531	0.00796	0.01095	0.01460	0.03153	0.79525	0.03783	0.01792	0.00730	0.00232	0.00332	0.01626	0.00531	0.00465
15	0.01529	0.80242	0.02997	0.00979	0.01468	0.02263	0.00979	0.01713	0.01162	0.01346	0.00795	0.00918	0.00734	0.00489	0.00367	0.00122	0.00612	0.00306	0.00245	0.00734
16	0.00830	0.00557	0.00637	0.00633	0.00646	0.00553	0.00365	0.00856	0.00908	0.01224	0.08975	0.03794	0.02400	0.72291	0.02695	0.00518	0.00527	0.00851	0.00374	0.00365
17	0.01561	0.01784	0.01532	0.01376	0.01527	0.35318	0.01082	0.01712	0.01216	0.01377	0.00962	0.01347	0.00876	0.01456	0.15961	0.00334	0.29213	0.00463	0.00281	0.00620
18	0.01186	0.01017	0.01186	0.00847	0.01356	0.00762	0.00678	0.01440	0.01186	0.01864	0.01017	0.01186	0.00847	0.00424	0.00424	0.00085	0.00424	0.00339	0.00339	0.83395
19	0.01458	0.01154	0.01267	0.01111	0.01364	0.06561	0.00888	0.30137	0.01702	0.02257	0.01584	0.02312	0.01419	0.06882	0.29792	0.00484	0.00984	0.07514	0.00434	0.00696
20	0.51201	0.05201	0.01169	0.00915	0.01286	0.04962	0.00755	0.18472	0.01433	0.02619	0.01288	0.01360	0.06056	0.00633	0.00435	0.00173	0.00511	0.00423	0.00409	0.00699
21	0.01366	0.33071	0.42779	0.01365	0.02033	0.07092	0.01600	0.01806	0.01219	0.01601	0.00926	0.01082	0.00729	0.00526	0.00473	0.00156	0.00767	0.00373	0.00247	0.00789

[dist]
# distance from previous block
# <min> <max>
1	2

[block]
# block no. 3 follows, 41 sequences, length 17
# corresponding to MSA columns:
# 751-767
name=unknown_D
#
# <colnr> <probs for GDERKNQSTAVLIFYWHMCP>
#	G	D	E	R	K	N	Q	S	T	A	V	L	I	F	Y	W	H	M	C	P
0	0.00891	0.00585	0.00757	0.00746	0.00865	0.00539	0.00537	0.01087	0.01409	0.06762	0.43752	0.23674	0.07030	0.07694	0.00864	0.00224	0.00324	0.01148	0.00583	0.00530
1	0.00952	0.00616	0.00810	0.00744	0.00904	0.00564	0.00564	0.01218	0.01621	0.08328	0.70047	0.04084	0.05074	0.01132	0.00667	0.00180	0.00287	0.00997	0.00636	0.00575
2	0.02174	0.01602	0.01717	0.01316	0.01774	0.01774	0.01087	0.74423	0.02689	0.03605	0.01373	0.01373	0.00973	0.00687	0.00572	0.00172	0.00629	0.00515	0.00572	0.00973
3	0.83938	0.01106	0.00841	0.00752	0.01106	0.01283	0.00619	0.01681	0.00973	0.02566	0.00796	0.00929	0.00619	0.00531	0.00354	0.00177	0.00442	0.00310	0.00354	0.00619
4	0.02174	0.01602	0.01717	0.01316	0.01774	0.01774	0.01087	0.74423	0.02689	0.03605	0.01373	0.01373	0.00973	0.00687	0.00572	0.00172	0.00629	0.00515	0.00572	0.00973
5	0.01965	0.02440	0.01646	0.01479	0.01717	0.62869	0.01134	0.02108	0.01476	0.01395	0.00858	0.01074	0.00740	0.00669	0.00780	0.00167	0.16146	0.00394	0.00286	0.00656
6	0.01529	0.80242	0.02997	0.00979	0.01468	0.02263	0.00979	0.01713	0.01162	0.01346	0.00795	0.00918	0.00734	0.00489	0.00367	0.00122	0.00612	0.00306	0.00245	0.00734
7	0.01423	0.01229	0.01293	0.01164	0.01487	0.01423	0.00905	0.03039	0.75297	0.02393	0.02328	0.02134	0.01746	0.00776	0.00582	0.00194	0.00453	0.00647	0.00582	0.00905
8	0.01716	0.01374	0.01458	0.01223	0.01599	0.01560	0.00976	0.30889	0.46969	0.02866	0.01956	0.01837	0.01444	0.00741	0.00578	0.00185	0.00522	0.00595	0.00578	0.00932
9	0.00766	0.00583	0.00705	0.00674	0.00828	0.00521	0.00506	0.00996	0.01517	0.02052	0.53372	0.04670	0.28204	0.01259	0.00675	0.00184	0.00276	0.01090	0.00598	0.00521
10	0.01080	0.01017	0.01716	0.78523	0.03940	0.01271	0.01589	0.01461	0.01144	0.01461	0.01017	0.01525	0.00762	0.00572	0.00572	0.00191	0.00762	0.00508	0.00254	0.00635
11	0.00697	0.00498	0.00664	0.00796	0.00830	0.00465	0.00531	0.00796	0.01095	0.01460	0.03153	0.79525	0.03783	0.01792	0.00730	0.00232	0.00332	0.01626	0.00531	0.00465
12	0.00994	0.00497	0.00745	0.00745	0.00745	0.00497	0.00497	0.00745	0.00745	0.00994	0.00994	0.01739	0.00994	0.01987	0.02235	0.83358	0.00497	0.00497	0.00248	0.00248
13	0.01529	0.80242	0.02997	0.00979	0.01468	0.02263	0.00979	0.01713	0.01162	0.01346	0.00795	0.00918	0.00734	0.00489	0.00367	0.00122	0.00612	0.00306	0.00245	0.00734
14	0.00829	0.00629	0.00770	0.00740	0.00891	0.00596	0.00552	0.01175	0.07490	0.02117	0.53131	0.10394	0.16069	0.01232	0.00672	0.00187	0.00293	0.01078	0.00602	0.00554
15	0.01200	0.01225	0.02335	0.46288	0.09471	0.01338	0.26581	0.01613	0.01227	0.01622	0.01070	0.01522	0.00810	0.00536	0.00607	0.00190	0.00825	0.00566	0.00269	0.00704
16	0.01796	0.06085	0.10823	0.01686	0.07973	0.40608	0.08948	0.02200	0.08551	0.04351	0.01129	0.01271	0.00884	0.00583	0.00541	0.00162	0.00878	0.00450	0.00327	0.00754

[dist]
# distance from previous block
# <min> <max>
0	1

[block]
# block no. 4 follows, 41 sequences, length 53
# corresponding to MSA columns:
# 769-821
name=unknown_E
#
# <colnr> <probs for GDERKNQSTAVLIFYWHMCP>
#	G	D	E	R	K	N	Q	S	T	A	V	L	I	F	Y	W	H	M	C	P
0	0.06378	0.07452	0.01835	0.01884	0.19355	0.50414	0.01224	0.02088	0.01480	0.01571	0.00919	0.01109	0.00770	0.00561	0.00509	0.00153	0.00888	0.00394	0.00292	0.00723
1	0.06992	0.01805	0.12931	0.08370	0.13542	0.20699	0.01275	0.10513	0.01552	0.02030	0.13265	0.01725	0.01545	0.00671	0.00555	0.00170	0.00713	0.00533	0.00373	0.00740
2	0.01140	0.00604	0.00612	0.00585	0.00740	0.00615	0.00445	0.06177	0.01298	0.02230	0.01833	0.02082	0.01433	0.00668	0.00411	0.00136	0.00291	0.00532	0.77605	0.00562
3	0.00712	0.00585	0.00629	0.00629	0.00810	0.00502	0.00480	0.00883	0.01355	0.01675	0.16869	0.05363	0.60563	0.01412	0.00682	0.00195	0.00300	0.05316	0.00547	0.00495
4	0.01472	0.01304	0.02154	0.07833	0.62222	0.01323	0.01631	0.01886	0.05936	0.06838	0.01229	0.01502	0.00983	0.00543	0.00568	0.00173	0.00658	0.00522	0.00328	0.00894
5	0.00996	0.00874	0.01341	0.22821	0.18369	0.00913	0.01081	0.01292	0.01366	0.01847	0.27183	0.03085	0.14750	0.00904	0.00623	0.00183	0.00500	0.00801	0.00433	0.00638
6	0.00899	0.00587	0.00793	0.00793	0.00905	0.00655	0.00612	0.01123	0.01011	0.01591	0.01641	0.02210	0.01442	0.03103	0.52343	0.00662	0.01118	0.00587	0.27407	0.00518
7	0.01116	0.01054	0.01781	0.70423	0.11756	0.01280	0.01607	0.01493	0.01161	0.01505	0.01023	0.01513	0.00778	0.00565	0.00571	0.00188	0.00754	0.00508	0.00257	0.00665
8	0.81579	0.01120	0.00866	0.00768	0.01125	0.01297	0.00633	0.03781	0.01023	0.02596	0.00813	0.00942	0.00630	0.00535	0.00360	0.00177	0.00448	0.00316	0.00360	0.00630
9	0.01251	0.01251	0.01752	0.01502	0.01502	0.01752	0.01251	0.01377	0.00876	0.01377	0.00751	0.01251	0.00751	0.01001	0.01877	0.00250	0.78851	0.00501	0.00250	0.00626
10	0.00783	0.00613	0.00728	0.00782	0.00948	0.00558	0.00642	0.00980	0.01317	0.01634	0.06347	0.05873	0.43759	0.01497	0.00724	0.00222	0.00389	0.31171	0.00532	0.00503
11	0.02255	0.01379	0.01573	0.01212	0.01655	0.01455	0.01000	0.50151	0.02312	0.26092	0.01650	0.01576	0.01123	0.00800	0.02857	0.00195	0.00612	0.00536	0.00606	0.00959
12	0.01408	0.01533	0.01774	0.01511	0.01638	0.18370	0.07550	0.01578	0.01087	0.01416	0.00901	0.01337	0.00832	0.01224	0.09748	0.00296	0.46394	0.00499	0.00270	0.00634
13	0.00810	0.00585	0.00765	0.00720	0.00855	0.00540	0.00540	0.01079	0.01619	0.02294	0.76028	0.04273	0.05397	0.01169	0.00675	0.00180	0.00270	0.01034	0.00630	0.00540
14	0.02137	0.02726	0.01621	0.01474	0.01768	0.77602	0.01105	0.02284	0.01621	0.01400	0.00884	0.01031	0.00737	0.00589	0.00516	0.00147	0.01031	0.00368	0.00295	0.00663
15	0.02174	0.01602	0.01717	0.01316	0.01774	0.01774	0.01087	0.74423	0.02689	0.03605	0.01373	0.01373	0.00973	0.00687	0.00572	0.00172	0.00629	0.00515	0.00572	0.00973
16	0.00810	0.00585	0.00765	0.00720	0.00855	0.00540	0.00540	0.01079	0.01619	0.02294	0.76028	0.04273	0.05397	0.01169	0.00675	0.00180	0.00270	0.01034	0.00630	0.00540
17	0.01397	0.01340	0.02289	0.07594	0.72390	0.01354	0.01746	0.01739	0.01294	0.01847	0.01073	0.01422	0.00898	0.00513	0.00567	0.00171	0.00684	0.00510	0.00282	0.00891
18	0.00822	0.00556	0.00621	0.00621	0.00633	0.00550	0.00352	0.00831	0.00861	0.01136	0.02052	0.03853	0.06702	0.74999	0.02772	0.00532	0.00538	0.00855	0.00358	0.00355
19	0.02174	0.01602	0.01717	0.01316	0.01774	0.01774	0.01087	0.74423	0.02689	0.03605	0.01373	0.01373	0.00973	0.00687	0.00572	0.00172	0.00629	0.00515	0.00572	0.00973
20	0.01186	0.01017	0.01186	0.00847	0.01356	0.00762	0.00678	0.01440	0.01186	0.01864	0.01017	0.01186	0.00847	0.00424	0.00424	0.00085	0.00424	0.00339	0.00339	0.83395
21	0.01529	0.80242	0.02997	0.00979	0.01468	0.02263	0.00979	0.01713	0.01162	0.01346	0.00795	0.00918	0.00734	0.00489	0.00367	0.00122	0.00612	0.00306	0.00245	0.00734
22	0.83938	0.01106	0.00841	0.00752	0.01106	0.01283	0.00619	0.01681	0.00973	0.02566	0.00796	0.00929	0.00619	0.00531	0.00354	0.00177	0.00442	0.00310	0.00354	0.00619
23	0.01095	0.00781	0.00939	0.00926	0.01066	0.00802	0.00671	0.19672	0.01481	0.01979	0.02553	0.54330	0.02878	0.01521	0.00789	0.05726	0.00419	0.01266	0.00523	0.00581
24	0.00994	0.00497	0.00745	0.00745	0.00745	0.00497	0.00497	0.00745	0.00745	0.00994	0.00994	0.01739	0.00994	0.01987	0.02235	0.83358	0.00497	0.00497	0.00248	0.00248
25	0.00676	0.00579	0.00579	0.00579	0.00773	0.00483	0.00435	0.00821	0.01304	0.01545	0.05794	0.05505	0.76098	0.01449	0.00676	0.00193	0.00290	0.01207	0.00531	0.00483
26	0.02566	0.00973	0.01327	0.01018	0.01460	0.00841	0.00841	0.02788	0.01637	0.76726	0.02257	0.01947	0.01416	0.00708	0.00575	0.00177	0.00487	0.00575	0.00708	0.00973
27	0.02174	0.01602	0.01717	0.01316	0.01774	0.01774	0.01087	0.74423	0.02689	0.03605	0.01373	0.01373	0.00973	0.00687	0.00572	0.00172	0.00629	0.00515	0.00572	0.00973
28	0.02566	0.00973	0.01327	0.01018	0.01460	0.00841	0.00841	0.02788	0.01637	0.76726	0.02257	0.01947	0.01416	0.00708	0.00575	0.00177	0.00487	0.00575	0.00708	0.00973
29	0.83938	0.01106	0.00841	0.00752	0.01106	0.01283	0.00619	0.01681	0.00973	0.02566	0.00796	0.00929	0.00619	0.00531	0.00354	0.00177	0.00442	0.00310	0.00354	0.00619
30	0.01358	0.05964	0.01235	0.01033	0.01278	0.04243	0.00799	0.05948	0.27396	0.09600	0.06531	0.25251	0.02354	0.01073	0.00655	0.00197	0.02902	0.00911	0.00538	0.00733
31	0.01147	0.02959	0.76934	0.01630	0.02476	0.01328	0.02113	0.01811	0.01208	0.01811	0.01026	0.01208	0.00725	0.00543	0.00543	0.00181	0.00845	0.00423	0.00242	0.00845
32	0.83938	0.01106	0.00841	0.00752	0.01106	0.01283	0.00619	0.01681	0.00973	0.02566	0.00796	0.00929	0.00619	0.00531	0.00354	0.00177	0.00442	0.00310	0.00354	0.00619
33	0.04140	0.01494	0.01589	0.01232	0.01658	0.01651	0.01014	0.66082	0.02513	0.03448	0.01403	0.01430	0.01008	0.00681	0.00551	0.00168	0.00592	0.00511	0.07908	0.00925
34	0.00759	0.00583	0.00695	0.00667	0.00824	0.00518	0.00500	0.00982	0.01500	0.02012	0.49564	0.04737	0.32037	0.01275	0.00675	0.00185	0.00277	0.01100	0.00593	0.00518
35	0.00698	0.00558	0.00628	0.00678	0.00817	0.00488	0.00496	0.00836	0.01238	0.01528	0.04779	0.29176	0.48483	0.01566	0.00700	0.00210	0.00318	0.05792	0.00531	0.00480
36	0.00676	0.00579	0.00579	0.00579	0.00773	0.00483	0.00435	0.00821	0.01304	0.01545	0.05794	0.05505	0.76098	0.01449	0.00676	0.00193	0.00290	0.01207	0.00531	0.00483
37	0.00994	0.00497	0.00745	0.00745	0.00745	0.00497	0.00497	0.00745	0.00745	0.00994	0.00994	0.01739	0.00994	0.01987	0.02235	0.83358	0.00497	0.00497	0.00248	0.00248
38	0.01529	0.80242	0.02997	0.00979	0.01468	0.02263	0.00979	0.01713	0.01162	0.01346	0.00795	0.00918	0.00734	0.00489	0.00367	0.00122	0.00612	0.00306	0.00245	0.00734
39	0.00692	0.00580	0.00601	0.00596	0.00782	0.00490	0.00447	0.00851	0.01341	0.01633	0.14035	0.05360	0.67802	0.01416	0.00676	0.00192	0.00287	0.01187	0.00543	0.00490
40	0.01080	0.01017	0.01716	0.78523	0.03940	0.01271	0.01589	0.01461	0.01144	0.01461	0.01017	0.01525	0.00762	0.00572	0.00572	0.00191	0.00762	0.00508	0.00254	0.00635
41	0.01234	0.01084	0.01673	0.02303	0.38994	0.01109	0.01339	0.01710	0.10833	0.01878	0.01957	0.03365	0.01894	0.00939	0.00651	0.00207	0.00594	0.27058	0.00411	0.00766
42	0.02122	0.01648	0.01683	0.01316	0.01754	0.06486	0.01076	0.65186	0.07435	0.03387	0.01406	0.01402	0.01009	0.00686	0.00569	0.00172	0.00643	0.00515	0.00556	0.00949
43	0.01557	0.01600	0.02217	0.03070	0.59412	0.14069	0.03775	0.04116	0.01400	0.01844	0.01056	0.01354	0.00879	0.00528	0.00561	0.00167	0.00745	0.00491	0.00294	0.00864
44	0.01218	0.01369	0.06614	0.02254	0.17020	0.01221	0.40850	0.01603	0.01281	0.01762	0.01544	0.17515	0.01466	0.00760	0.00658	0.00196	0.00772	0.00824	0.00335	0.00739
45	0.00744	0.00565	0.00605	0.00612	0.00744	0.00504	0.00428	0.00870	0.01201	0.01532	0.09151	0.10406	0.45470	0.18194	0.01141	0.00269	0.00347	0.01105	0.05653	0.00459
46	0.00922	0.00685	0.00925	0.03429	0.01232	0.00696	0.00876	0.01251	0.05909	0.01712	0.03085	0.13301	0.07128	0.01512	0.00758	0.00250	0.00497	0.54765	0.00522	0.00545
47	0.01168	0.07165	0.72910	0.01595	0.02421	0.01379	0.02052	0.01806	0.01205	0.01786	0.01014	0.01192	0.00725	0.00540	0.00534	0.00178	0.00833	0.00416	0.00242	0.00839
48	0.00827	0.00553	0.00625	0.00630	0.00631	0.00551	0.00353	0.00831	0.00841	0.01121	0.01848	0.06335	0.02138	0.77226	0.02837	0.00544	0.00547	0.00859	0.00353	0.00351
49	0.01158	0.00955	0.01229	0.01047	0.01335	0.00967	0.09548	0.07500	0.20980	0.04093	0.04911	0.07121	0.28460	0.01041	0.00629	0.00191	0.00452	0.02381	0.05316	0.00686
50	0.01617	0.08326	0.45676	0.01368	0.02052	0.01235	0.01591	0.02095	0.01336	0.24956	0.01389	0.01413	0.00943	0.00587	0.00536	0.00173	0.00704	0.00458	0.00389	0.03156
51	0.01313	0.12747	0.16846	0.22836	0.05002	0.09159	0.04650	0.01651	0.01180	0.01538	0.02366	0.01326	0.00844	0.00643	0.00784	0.00185	0.15497	0.00465	0.00263	0.00705
52	0.09681	0.01188	0.04533	0.01260	0.06272	0.00988	0.09753	0.01708	0.01241	0.10955	0.01160	0.01312	0.00892	0.00498	0.00511	0.00131	0.02228	0.00423	0.00370	0.44899

[dist]
# distance from previous block
# <min> <max>
0	2

[block]
# block no. 5 follows, 41 sequences, length 38
# corresponding to MSA columns:
# 824-861
name=unknown_F
#
# <colnr> <probs for GDERKNQSTAVLIFYWHMCP>
#	G	D	E	R	K	N	Q	S	T	A	V	L	I	F	Y	W	H	M	C	P
0	0.01756	0.01249	0.01399	0.01209	0.03022	0.01370	0.00947	0.20810	0.39771	0.14200	0.04478	0.02083	0.01644	0.00772	0.00587	0.00187	0.00503	0.02510	0.00593	0.00911
1	0.01847	0.01032	0.01297	0.00972	0.01426	0.00884	0.00793	0.05097	0.01437	0.35383	0.01574	0.01537	0.01102	0.00588	0.00563	0.00137	0.03973	0.00459	0.00510	0.39389
2	0.01338	0.00713	0.00868	0.00755	0.01020	0.00614	0.00592	0.01533	0.01478	0.26987	0.18444	0.04065	0.37040	0.01144	0.00642	0.00185	0.00352	0.00961	0.00610	0.00659
3	0.01412	0.01256	0.01268	0.01145	0.01460	0.04562	0.00888	0.02887	0.68186	0.02305	0.02456	0.02271	0.05748	0.00805	0.00584	0.00192	0.00468	0.00666	0.00567	0.00872
4	0.01081	0.00574	0.00598	0.00583	0.00726	0.00582	0.00442	0.03723	0.01256	0.02156	0.05157	0.02208	0.01624	0.00836	0.03545	0.00168	0.00330	0.00558	0.73304	0.00547
5	0.00741	0.00572	0.00676	0.00672	0.00818	0.00507	0.00496	0.00938	0.01424	0.01882	0.38112	0.14206	0.34172	0.01362	0.00682	0.00192	0.00286	0.01179	0.00577	0.00507
6	0.01361	0.01509	0.03171	0.02521	0.12802	0.01434	0.62318	0.01858	0.03552	0.01854	0.01181	0.01543	0.00899	0.00495	0.00658	0.00190	0.00911	0.00652	0.00297	0.00794
7	0.00827	0.00574	0.00723	0.00723	0.00758	0.00609	0.00471	0.00896	0.00861	0.01183	0.01711	0.03240	0.01861	0.54460	0.28050	0.00677	0.00883	0.00758	0.00333	0.00402
8	0.01251	0.01251	0.01752	0.01502	0.01502	0.01752	0.01251	0.01377	0.00876	0.01377	0.00751	0.01251	0.00751	0.01001	0.01877	0.00250	0.78851	0.00501	0.00250	0.00626
9	0.01186	0.01017	0.01186	0.00847	0.01356	0.00762	0.00678	0.01440	0.01186	0.01864	0.01017	0.01186	0.00847	0.00424	0.00424	0.00085	0.00424	0.00339	0.00339	0.83395
10	0.01181	0.00864	0.00972	0.00873	0.01022	0.00938	0.00617	0.16020	0.11227	0.01813	0.01752	0.02861	0.01730	0.43787	0.11488	0.00474	0.00678	0.00715	0.00419	0.00569
11	0.01287	0.31268	0.49851	0.01392	0.02107	0.01671	0.01698	0.01775	0.01191	0.01641	0.00942	0.01101	0.00728	0.00524	0.00479	0.00160	0.00760	0.00380	0.00243	0.00805
12	0.00786	0.00535	0.00637	0.00682	0.00693	0.00524	0.00409	0.00820	0.00920	0.01227	0.02257	0.29239	0.02653	0.53620	0.02177	0.00446	0.00480	0.01099	0.00409	0.00386
13	0.00705	0.00504	0.00673	0.00806	0.00843	0.00472	0.00546	0.00811	0.01103	0.01470	0.03148	0.76784	0.03765	0.01784	0.00732	0.00233	0.00339	0.04284	0.00531	0.00467
14	0.00791	0.00569	0.00769	0.00897	0.00978	0.00547	0.00692	0.00962	0.01197	0.01570	0.03203	0.45748	0.06396	0.01689	0.00753	0.00244	0.00413	0.31562	0.00529	0.00492
15	0.02566	0.00973	0.01327	0.01018	0.01460	0.00841	0.00841	0.02788	0.01637	0.76726	0.02257	0.01947	0.01416	0.00708	0.00575	0.00177	0.00487	0.00575	0.00708	0.00973
16	0.02294	0.00913	0.01240	0.00971	0.01366	0.00794	0.00794	0.02522	0.01634	0.65176	0.13704	0.02308	0.02034	0.00780	0.00591	0.00177	0.00453	0.00646	0.00696	0.00906
17	0.83938	0.01106	0.00841	0.00752	0.01106	0.01283	0.00619	0.01681	0.00973	0.02566	0.00796	0.00929	0.00619	0.00531	0.00354	0.00177	0.00442	0.00310	0.00354	0.00619
18	0.01080	0.01017	0.01716	0.78523	0.03940	0.01271	0.01589	0.01461	0.01144	0.01461	0.01017	0.01525	0.00762	0.00572	0.00572	0.00191	0.00762	0.00508	0.00254	0.00635
19	0.01447	0.01458	0.01308	0.01140	0.01377	0.24900	0.03810	0.09278	0.01641	0.03453	0.28818	0.02672	0.08642	0.00910	0.00702	0.00176	0.06433	0.00722	0.00470	0.00644
20	0.01529	0.80242	0.02997	0.00979	0.01468	0.02263	0.00979	0.01713	0.01162	0.01346	0.00795	0.00918	0.00734	0.00489	0.00367	0.00122	0.00612	0.00306	0.00245	0.00734
21	0.83938	0.01106	0.00841	0.00752	0.01106	0.01283	0.00619	0.01681	0.00973	0.02566	0.00796	0.00929	0.00619	0.00531	0.00354	0.00177	0.00442	0.00310	0.00354	0.00619
22	0.01537	0.01285	0.01358	0.01187	0.01531	0.01476	0.00933	0.13870	0.64281	0.02577	0.02183	0.02019	0.01629	0.00762	0.00581	0.00191	0.00479	0.00627	0.00581	0.00916
23	0.00799	0.00584	0.00751	0.00709	0.00848	0.00535	0.00532	0.01060	0.01595	0.02237	0.70723	0.04366	0.10737	0.01190	0.00675	0.00181	0.00271	0.01047	0.00622	0.00535
24	0.01743	0.43472	0.02307	0.01075	0.01524	0.01938	0.00975	0.29907	0.01758	0.02284	0.01103	0.01190	0.00884	0.00580	0.00449	0.00142	0.00592	0.00405	0.06861	0.00811
25	0.00687	0.00536	0.00624	0.00695	0.00803	0.00473	0.00486	0.00808	0.01192	0.01500	0.04385	0.44994	0.37519	0.01632	0.00705	0.00214	0.00312	0.01431	0.00531	0.00473
26	0.00817	0.00613	0.00919	0.00919	0.01021	0.00715	0.00715	0.01021	0.00919	0.01328	0.01532	0.02247	0.01430	0.04290	0.77631	0.00919	0.01532	0.00613	0.00306	0.00511
27	0.01529	0.80242	0.02997	0.00979	0.01468	0.02263	0.00979	0.01713	0.01162	0.01346	0.00795	0.00918	0.00734	0.00489	0.00367	0.00122	0.00612	0.00306	0.00245	0.00734
28	0.00697	0.00498	0.00664	0.00796	0.00830	0.00465	0.00531	0.00796	0.01095	0.01460	0.03153	0.79525	0.03783	0.01792	0.00730	0.00232	0.00332	0.01626	0.00531	0.00465
29	0.01147	0.02959	0.76934	0.01630	0.02476	0.01328	0.02113	0.01811	0.01208	0.01811	0.01026	0.01208	0.00725	0.00543	0.00543	0.00181	0.00845	0.00423	0.00242	0.00845
30	0.01568	0.01402	0.02023	0.02055	0.21754	0.01594	0.08795	0.21299	0.07733	0.02239	0.01178	0.01432	0.00947	0.00713	0.00944	0.00197	0.22380	0.00537	0.00377	0.00832
31	0.01334	0.01363	0.02618	0.15084	0.23499	0.01367	0.35783	0.04645	0.01334	0.01821	0.01149	0.01596	0.00920	0.04069	0.00724	0.00201	0.00820	0.00602	0.00296	0.00776
32	0.01402	0.01435	0.02768	0.02306	0.14170	0.01396	0.47310	0.09126	0.04358	0.02034	0.03258	0.05185	0.01171	0.00597	0.00646	0.00189	0.00819	0.00685	0.00348	0.00798
33	0.00783	0.00588	0.00822	0.10685	0.01262	0.00594	0.00707	0.00946	0.01141	0.01514	0.02940	0.55182	0.06302	0.01564	0.00706	0.00226	0.00407	0.10314	0.02818	0.00497
34	0.00728	0.00569	0.00660	0.00663	0.00811	0.00501	0.00487	0.00912	0.01389	0.01807	0.31155	0.15981	0.39499	0.01397	0.00683	0.00194	0.00289	0.01206	0.00567	0.00501
35	0.01969	0.01500	0.01601	0.01275	0.01696	0.01678	0.01037	0.54919	0.22528	0.03274	0.01634	0.01581	0.01184	0.00711	0.00575	0.00178	0.00581	0.00551	0.00575	0.00954
36	0.01238	0.01315	0.02595	0.31661	0.03227	0.01405	0.39925	0.01650	0.01229	0.01650	0.01068	0.01511	0.00817	0.00562	0.00739	0.00197	0.07637	0.00596	0.00272	0.00706
37	0.03868	0.01111	0.01180	0.01050	0.01367	0.01230	0.00821	0.04949	0.52719	0.08306	0.02810	0.02607	0.13766	0.00870	0.00590	0.00191	0.00434	0.00718	0.00577	0.00836

[dist]
# distance from previous block
# <min> <max>
1	16

[block]
# block no. 6 follows, 41 sequences, length 45
# corresponding to MSA columns:
# 878-922
name=unknown_G
#
# <colnr> <probs for GDERKNQSTAVLIFYWHMCP>
#	G	D	E	R	K	N	Q	S	T	A	V	L	I	F	Y	W	H	M	C	P
0	0.07759	0.00918	0.01139	0.00940	0.01171	0.00920	0.06048	0.11842	0.03004	0.10431	0.01623	0.02593	0.01544	0.39780	0.01708	0.00358	0.00567	0.00665	0.00422	0.06569
1	0.13482	0.01118	0.01244	0.01208	0.06026	0.10443	0.04299	0.03177	0.06047	0.03851	0.01369	0.01834	0.01195	0.06327	0.33399	0.00508	0.01029	0.00538	0.00348	0.02558
2	0.74375	0.01077	0.00867	0.02638	0.01172	0.01223	0.00638	0.01627	0.01002	0.02462	0.01030	0.01156	0.03929	0.00567	0.00377	0.00174	0.00443	0.00355	0.00359	0.04531
3	0.01428	0.01642	0.05978	0.01984	0.02383	0.08794	0.40491	0.05184	0.01302	0.01749	0.01024	0.01391	0.00822	0.00648	0.00980	0.00203	0.22396	0.00579	0.00290	0.00734
4	0.05723	0.01130	0.01315	0.01012	0.01462	0.01059	0.00821	0.14159	0.10557	0.25521	0.01610	0.01556	0.01143	0.00603	0.00511	0.00145	0.00482	0.00477	0.00522	0.30190
5	0.00746	0.00582	0.00676	0.00653	0.00815	0.00513	0.00490	0.00956	0.01469	0.01936	0.42493	0.04861	0.39155	0.01303	0.00675	0.00186	0.00279	0.01117	0.00583	0.00513
6	0.01251	0.01191	0.02025	0.40228	0.40896	0.01316	0.01674	0.01612	0.01225	0.01669	0.01047	0.01469	0.00836	0.00540	0.00569	0.00180	0.00720	0.00509	0.00269	0.00774
7	0.01066	0.00533	0.00533	0.00533	0.00666	0.00533	0.00400	0.01333	0.01200	0.02132	0.01866	0.02132	0.01466	0.00666	0.00400	0.00133	0.00267	0.00533	0.83073	0.00533
8	0.00710	0.00581	0.00627	0.00615	0.00794	0.00497	0.00461	0.00887	0.01384	0.01737	0.23764	0.05189	0.58009	0.01377	0.00676	0.00190	0.00285	0.01163	0.00556	0.00497
9	0.01455	0.01243	0.01339	0.04551	0.01613	0.01438	0.00947	0.07482	0.67471	0.02429	0.02210	0.02059	0.01654	0.00761	0.00581	0.00192	0.00477	0.00632	0.00567	0.00898
10	0.00832	0.00555	0.00624	0.00624	0.00624	0.00555	0.00347	0.00832	0.00832	0.01109	0.01802	0.03743	0.02080	0.79898	0.02911	0.00555	0.00555	0.00832	0.00347	0.00347
11	0.05505	0.28335	0.02114	0.01177	0.01641	0.01919	0.01030	0.46528	0.02095	0.02791	0.01152	0.01199	0.00876	0.00613	0.00493	0.00155	0.00615	0.00435	0.00451	0.00876
12	0.03009	0.19490	0.59445	0.01472	0.02230	0.01528	0.01838	0.01787	0.01193	0.01728	0.00972	0.01139	0.00724	0.00532	0.00502	0.00168	0.00787	0.00395	0.00245	0.00817
13	0.07268	0.04400	0.04078	0.01376	0.01743	0.47278	0.01099	0.22199	0.01850	0.02096	0.01016	0.01122	0.00794	0.00608	0.00518	0.00156	0.00866	0.00405	0.00372	0.00754
14	0.83938	0.01106	0.00841	0.00752	0.01106	0.01283	0.00619	0.01681	0.00973	0.02566	0.00796	0.00929	0.00619	0.00531	0.00354	0.00177	0.00442	0.00310	0.00354	0.00619
15	0.01261	0.06952	0.47137	0.02083	0.22813	0.01398	0.01871	0.01868	0.05913	0.01837	0.01109	0.01307	0.00840	0.00546	0.00542	0.00175	0.00761	0.00454	0.00275	0.00859
16	0.01066	0.00533	0.00533	0.00533	0.00666	0.00533	0.00400	0.01333	0.01200	0.02132	0.01866	0.02132	0.01466	0.00666	0.00400	0.00133	0.00267	0.00533	0.83073	0.00533
17	0.00713	0.00499	0.00658	0.00785	0.00823	0.00468	0.00525	0.00820	0.01100	0.01489	0.03097	0.76164	0.03682	0.01743	0.00716	0.00228	0.00329	0.01579	0.04115	0.00468
18	0.00827	0.00553	0.00625	0.00630	0.00631	0.00552	0.00353	0.00831	0.00840	0.01121	0.01847	0.06233	0.02135	0.77331	0.02840	0.00544	0.00547	0.00858	0.00353	0.00350
19	0.00806	0.00585	0.00760	0.00716	0.00852	0.00538	0.00537	0.01073	0.01611	0.02274	0.74219	0.04304	0.07218	0.01177	0.00675	0.00180	0.00270	0.01039	0.00627	0.00538
20	0.83938	0.01106	0.00841	0.00752	0.01106	0.01283	0.00619	0.01681	0.00973	0.02566	0.00796	0.00929	0.00619	0.00531	0.00354	0.00177	0.00442	0.00310	0.00354	0.00619
21	0.04201	0.01325	0.01402	0.01176	0.01544	0.01494	0.00940	0.29035	0.41456	0.04662	0.01911	0.01815	0.01409	0.00729	0.00563	0.00182	0.00510	0.00582	0.04156	0.00907
22	0.07463	0.01053	0.01284	0.01021	0.01426	0.01015	0.00831	0.09364	0.11902	0.46193	0.06914	0.01971	0.01605	0.00721	0.00561	0.00175	0.00475	0.00581	0.00632	0.04812
23	0.02232	0.01296	0.04910	0.01265	0.01736	0.01199	0.07957	0.22158	0.05093	0.43199	0.01861	0.01728	0.01228	0.00676	0.00583	0.00178	0.00585	0.00565	0.00605	0.00945
