[name]
unknown

[dist]
# distance from previous block
# <min> <max>
8	112

[block]
# block no. 0 follows, 51 sequences, length 9
# corresponding to MSA columns:
# 127-135
name=unknown_A
#
# <colnr> <probs for GDERKNQSTAVLIFYWHMCP>
#	G	D	E	R	K	N	Q	S	T	A	V	L	I	F	Y	W	H	M	C	P
0	0.06900	0.14822	0.62768	0.01263	0.01913	0.01262	0.01577	0.01536	0.01018	0.01539	0.00838	0.00983	0.00618	0.00459	0.00432	0.00148	0.00672	0.00341	0.00215	0.00698
1	0.00691	0.00545	0.00762	0.00893	0.07434	0.00507	0.02429	0.00818	0.01001	0.01332	0.05167	0.52098	0.12810	0.04488	0.00674	0.00196	0.00334	0.04306	0.00424	0.03090
2	0.01120	0.30518	0.46313	0.01345	0.08546	0.01424	0.01449	0.01523	0.01031	0.01421	0.00816	0.00966	0.00639	0.00448	0.00416	0.00137	0.00644	0.00335	0.00212	0.00697
3	0.01143	0.01120	0.01809	0.02505	0.58850	0.04471	0.06630	0.01407	0.01119	0.01537	0.01352	0.08302	0.06393	0.00588	0.00510	0.00152	0.00566	0.00565	0.00277	0.00704
4	0.01140	0.16187	0.57822	0.01290	0.01909	0.10555	0.01549	0.01589	0.01072	0.01447	0.00834	0.00978	0.00625	0.00464	0.00438	0.00144	0.00711	0.00341	0.00213	0.00692
5	0.00687	0.00640	0.07454	0.00669	0.00774	0.00501	0.00515	0.00806	0.00903	0.01228	0.02372	0.33669	0.12145	0.25956	0.04348	0.00294	0.00414	0.00967	0.05255	0.00404
6	0.01454	0.14547	0.01651	0.04617	0.01550	0.30063	0.08826	0.13397	0.01365	0.01558	0.03152	0.03174	0.07074	0.00608	0.00526	0.00142	0.04919	0.00461	0.00307	0.00609
7	0.04491	0.30271	0.35148	0.01096	0.01593	0.01322	0.04408	0.01411	0.01033	0.01441	0.05472	0.08158	0.01085	0.00572	0.00432	0.00142	0.00580	0.00453	0.00255	0.00639
8	0.00740	0.03796	0.00847	0.00845	0.03976	0.00643	0.00591	0.00856	0.00962	0.01313	0.05406	0.53040	0.06992	0.01251	0.00704	0.00183	0.09993	0.01082	0.00401	0.06379

[dist]
# distance from previous block
# <min> <max>
8	91

[block]
# block no. 1 follows, 51 sequences, length 15
# corresponding to MSA columns:
# 243-257
name=unknown_B
#
# <colnr> <probs for GDERKNQSTAVLIFYWHMCP>
#	G	D	E	R	K	N	Q	S	T	A	V	L	I	F	Y	W	H	M	C	P
0	0.01625	0.00892	0.01080	0.00887	0.01181	0.00887	0.00708	0.21756	0.06888	0.33290	0.10714	0.12609	0.03681	0.00792	0.00523	0.00159	0.00405	0.00663	0.00539	0.00721
1	0.01600	0.08347	0.01261	0.00961	0.01244	0.24221	0.00765	0.08983	0.05868	0.21338	0.18501	0.01771	0.01730	0.00651	0.00483	0.00142	0.00533	0.00508	0.00438	0.00655
2	0.01237	0.01237	0.01671	0.01357	0.01596	0.07670	0.17908	0.05001	0.27117	0.01643	0.01208	0.01374	0.00961	0.00657	0.00872	0.00178	0.26824	0.00497	0.00333	0.00661
3	0.00646	0.00501	0.00591	0.00622	0.00730	0.00456	0.00441	0.00819	0.04245	0.01410	0.13540	0.37614	0.29603	0.03247	0.00637	0.00184	0.00277	0.01123	0.00461	0.02853
4	0.01216	0.01168	0.01995	0.03016	0.79664	0.01168	0.01508	0.01508	0.01119	0.01605	0.00924	0.01216	0.00778	0.00438	0.00487	0.00146	0.00584	0.00438	0.00243	0.00778
5	0.01216	0.01168	0.01995	0.03016	0.79664	0.01168	0.01508	0.01508	0.01119	0.01605	0.00924	0.01216	0.00778	0.00438	0.00487	0.00146	0.00584	0.00438	0.00243	0.00778
6	0.00928	0.00873	0.01474	0.81548	0.03385	0.01092	0.01365	0.01256	0.00983	0.01256	0.00873	0.01310	0.00655	0.00491	0.00491	0.00164	0.00655	0.00437	0.00218	0.00546
7	0.00581	0.00498	0.00498	0.00498	0.00664	0.00415	0.00373	0.00705	0.01120	0.01328	0.04978	0.04729	0.79464	0.01245	0.00581	0.00166	0.00249	0.01037	0.00456	0.00415
8	0.01747	0.01281	0.01387	0.01073	0.01459	0.01388	0.00880	0.61139	0.09436	0.06017	0.01263	0.01248	0.00905	0.00579	0.00482	0.00143	0.00506	0.00442	0.00480	0.08146
9	0.01865	0.01474	0.01467	0.01144	0.01523	0.09525	0.00936	0.70344	0.02218	0.02906	0.01137	0.01150	0.00815	0.00581	0.00487	0.00145	0.00576	0.00430	0.00468	0.00809
10	0.08060	0.01428	0.01412	0.01107	0.01481	0.08298	0.00906	0.65868	0.02123	0.02869	0.01107	0.01127	0.00796	0.00573	0.00474	0.00146	0.00559	0.00419	0.00457	0.00791
11	0.00962	0.00908	0.01535	0.72349	0.12320	0.01101	0.01382	0.01285	0.00999	0.01297	0.00879	0.01299	0.00670	0.00485	0.00491	0.00162	0.00647	0.00437	0.00221	0.00573
12	0.01222	0.01056	0.01111	0.01000	0.01278	0.01222	0.00778	0.02611	0.78776	0.02056	0.02000	0.01833	0.01500	0.00667	0.00500	0.00167	0.00389	0.00556	0.00500	0.00778
13	0.01068	0.00902	0.01045	0.00751	0.01185	0.00705	0.00602	0.05631	0.01093	0.01687	0.00891	0.01028	0.00734	0.00377	0.00371	0.00077	0.00374	0.00300	0.00303	0.80876
14	0.01494	0.01162	0.01150	0.01006	0.01301	0.10437	0.00787	0.02491	0.53972	0.17813	0.01842	0.01690	0.01341	0.00636	0.00492	0.00159	0.00453	0.00515	0.00493	0.00765

[dist]
# distance from previous block
# <min> <max>
0	5

[block]
# block no. 2 follows, 51 sequences, length 45
# corresponding to MSA columns:
# 263-307
name=unknown_C
#
# <colnr> <probs for GDERKNQSTAVLIFYWHMCP>
#	G	D	E	R	K	N	Q	S	T	A	V	L	I	F	Y	W	H	M	C	P
0	0.01052	0.00982	0.01560	0.47750	0.23852	0.01133	0.01314	0.01533	0.12989	0.01474	0.01061	0.01365	0.00819	0.00504	0.00491	0.00159	0.00595	0.00455	0.00268	0.00645
1	0.01216	0.01168	0.01995	0.03016	0.79664	0.01168	0.01508	0.01508	0.01119	0.01605	0.00924	0.01216	0.00778	0.00438	0.00487	0.00146	0.00584	0.00438	0.00243	0.00778
2	0.02205	0.00836	0.01140	0.00874	0.01254	0.00722	0.00722	0.02395	0.01407	0.80004	0.01939	0.01673	0.01216	0.00608	0.00494	0.00152	0.00418	0.00494	0.00608	0.00836
3	0.01063	0.01014	0.01645	0.23490	0.36691	0.01162	0.01299	0.01310	0.00991	0.01396	0.00985	0.07279	0.00902	0.00624	0.00738	0.00169	0.17852	0.00508	0.00247	0.00637
4	0.00928	0.00873	0.01474	0.81548	0.03385	0.01092	0.01365	0.01256	0.00983	0.01256	0.00873	0.01310	0.00655	0.00491	0.00491	0.00164	0.00655	0.00437	0.00218	0.00546
5	0.00616	0.00499	0.00547	0.00535	0.00686	0.00430	0.00401	0.00774	0.01204	0.01526	0.27949	0.04403	0.56370	0.01171	0.00580	0.00162	0.00244	0.00991	0.00482	0.00430
6	0.01070	0.01018	0.01731	0.42854	0.40969	0.01129	0.01435	0.01380	0.01050	0.01428	0.00899	0.01264	0.00716	0.00465	0.00489	0.00155	0.00620	0.00437	0.00231	0.00660
7	0.00715	0.00476	0.00536	0.00536	0.00536	0.00476	0.00298	0.00715	0.00715	0.00953	0.01548	0.03216	0.01787	0.82729	0.02501	0.00476	0.00476	0.00715	0.00298	0.00298
8	0.00708	0.00503	0.00672	0.00672	0.00719	0.00550	0.00467	0.00802	0.00755	0.01054	0.01424	0.02527	0.01487	0.40358	0.44463	0.00644	0.00927	0.00614	0.00279	0.00373
9	0.00928	0.00873	0.01474	0.81548	0.03385	0.01092	0.01365	0.01256	0.00983	0.01256	0.00873	0.01310	0.00655	0.00491	0.00491	0.00164	0.00655	0.00437	0.00218	0.00546
10	0.01836	0.02342	0.01393	0.01266	0.01519	0.80756	0.00950	0.01962	0.01393	0.01203	0.00760	0.00886	0.00633	0.00506	0.00443	0.00127	0.00886	0.00317	0.00253	0.00570
11	0.86201	0.00950	0.00722	0.00646	0.00950	0.01102	0.00532	0.01445	0.00836	0.02205	0.00684	0.00798	0.00532	0.00456	0.00304	0.00152	0.00380	0.00266	0.00304	0.00532
12	0.01301	0.76419	0.02601	0.00940	0.01367	0.01888	0.07070	0.01480	0.01012	0.01190	0.00708	0.00832	0.00640	0.00420	0.00337	0.00110	0.00550	0.00288	0.00213	0.00633
13	0.01039	0.00987	0.01675	0.51196	0.32866	0.01121	0.01420	0.01353	0.01035	0.01391	0.00893	0.01274	0.00703	0.00471	0.00489	0.00157	0.00628	0.00437	0.00228	0.00636
14	0.00715	0.00476	0.00536	0.00536	0.00536	0.00476	0.00298	0.00715	0.00715	0.00953	0.01548	0.03216	0.01787	0.82729	0.02501	0.00476	0.00476	0.00715	0.00298	0.00298
15	0.00736	0.00521	0.00764	0.00759	0.00824	0.00597	0.00572	0.00836	0.00760	0.01082	0.01247	0.01946	0.01201	0.09700	0.60305	0.13814	0.03160	0.00524	0.00257	0.00395
16	0.07978	0.00933	0.01031	0.00786	0.01182	0.00827	0.00627	0.04818	0.14457	0.01793	0.01066	0.01148	0.00850	0.00433	0.00388	0.00099	0.00377	0.00341	0.00337	0.60529
17	0.86201	0.00950	0.00722	0.00646	0.00950	0.01102	0.00532	0.01445	0.00836	0.02205	0.00684	0.00798	0.00532	0.00456	0.00304	0.00152	0.00380	0.00266	0.00304	0.00532
18	0.00952	0.00766	0.00811	0.00721	0.00933	0.02765	0.00566	0.19877	0.01377	0.01748	0.05065	0.03300	0.44285	0.01434	0.12895	0.00256	0.00501	0.00790	0.00432	0.00528
19	0.01056	0.00890	0.00965	0.00899	0.01120	0.00999	0.00685	0.02096	0.57179	0.01894	0.08497	0.14504	0.05401	0.00853	0.00530	0.00171	0.00354	0.00733	0.00495	0.00678
20	0.00598	0.00499	0.00522	0.00516	0.00675	0.00422	0.00387	0.00739	0.01162	0.01426	0.16429	0.04567	0.67952	0.01208	0.00581	0.00164	0.00246	0.01014	0.00469	0.00422
21	0.01201	0.00868	0.01038	0.00750	0.01178	0.00665	0.00604	0.01415	0.01079	0.13664	0.01037	0.01120	0.00803	0.00402	0.00384	0.00085	0.00372	0.00322	0.00340	0.72672
22	0.00688	0.00496	0.00650	0.00624	0.00732	0.00458	0.00463	0.00908	0.01355	0.01913	0.73204	0.10037	0.04525	0.01048	0.00583	0.00158	0.00236	0.00930	0.00534	0.00458
23	0.01868	0.01376	0.01475	0.01131	0.01524	0.01524	0.00934	0.78025	0.02311	0.03097	0.01180	0.01180	0.00836	0.00590	0.00492	0.00147	0.00541	0.00442	0.00492	0.00836
24	0.06681	0.01649	0.01280	0.01124	0.01369	0.44671	0.06861	0.01713	0.07585	0.01524	0.17464	0.01599	0.01561	0.00675	0.02028	0.00153	0.00681	0.00478	0.00337	0.00567
25	0.00994	0.04545	0.78251	0.01387	0.02105	0.01161	0.01791	0.01554	0.01037	0.01546	0.00877	0.01031	0.00623	0.00466	0.00463	0.00154	0.00721	0.00361	0.00208	0.00724
26	0.00928	0.00873	0.01474	0.81548	0.03385	0.01092	0.01365	0.01256	0.00983	0.01256	0.00873	0.01310	0.00655	0.00491	0.00491	0.00164	0.00655	0.00437	0.00218	0.00546
27	0.00702	0.00527	0.00790	0.00790	0.00878	0.00614	0.00614	0.00878	0.00790	0.01141	0.01316	0.01931	0.01229	0.03686	0.80782	0.00790	0.01316	0.00527	0.00263	0.00439
28	0.00972	0.00919	0.01554	0.69466	0.15121	0.01103	0.01387	0.01294	0.01004	0.01309	0.00881	0.01296	0.00674	0.00483	0.00491	0.00161	0.00644	0.00437	0.00222	0.00582
29	0.01868	0.01376	0.01475	0.01131	0.01524	0.01524	0.00934	0.78025	0.02311	0.03097	0.01180	0.01180	0.00836	0.00590	0.00492	0.00147	0.00541	0.00442	0.00492	0.00836
30	0.00715	0.00476	0.00536	0.00536	0.00536	0.00476	0.00298	0.00715	0.00715	0.00953	0.01548	0.03216	0.01787	0.82729	0.02501	0.00476	0.00476	0.00715	0.00298	0.00298
31	0.01157	0.44528	0.39697	0.01109	0.01675	0.01560	0.01307	0.01512	0.01017	0.01348	0.00778	0.00908	0.00627	0.00443	0.00388	0.00129	0.00622	0.00311	0.00209	0.00676
32	0.01812	0.01346	0.01475	0.05934	0.01635	0.01498	0.00960	0.73439	0.02231	0.02987	0.01162	0.01188	0.00825	0.00584	0.00492	0.00148	0.00548	0.00442	0.00475	0.00818
33	0.00599	0.00428	0.00570	0.00684	0.00713	0.00399	0.00456	0.00684	0.00941	0.01254	0.02709	0.82409	0.03250	0.01540	0.00627	0.00200	0.00285	0.01397	0.00456	0.00399
34	0.00967	0.00680	0.00823	0.00765	0.00911	0.00732	0.00566	0.01440	0.22171	0.07848	0.13625	0.02469	0.01964	0.21731	0.20727	0.00393	0.00617	0.00634	0.00407	0.00532
35	0.00957	0.02357	0.72984	0.01327	0.01999	0.01079	0.01691	0.01494	0.01063	0.01579	0.06332	0.01299	0.02650	0.00521	0.00477	0.00156	0.00682	0.00414	0.00236	0.00701
36	0.01287	0.76518	0.08850	0.00886	0.01331	0.01880	0.00920	0.01478	0.01002	0.01189	0.00699	0.00808	0.00630	0.00424	0.00328	0.00109	0.00542	0.00271	0.00210	0.00638
37	0.00599	0.00428	0.00570	0.00684	0.00713	0.00399	0.00456	0.00684	0.00941	0.01254	0.02709	0.82409	0.03250	0.01540	0.00627	0.00200	0.00285	0.01397	0.00456	0.00399
38	0.01222	0.01056	0.01111	0.01000	0.01278	0.01222	0.00778	0.02611	0.78776	0.02056	0.02000	0.01833	0.01500	0.00667	0.00500	0.00167	0.00389	0.00556	0.00500	0.00778
39	0.00972	0.00919	0.01554	0.69466	0.15121	0.01103	0.01387	0.01294	0.01004	0.01309	0.00881	0.01296	0.00674	0.00483	0.00491	0.00161	0.00644	0.00437	0.00222	0.00582
40	0.00684	0.00571	0.00923	0.00883	0.00994	0.00530	0.12361	0.00823	0.00989	0.01310	0.02628	0.63653	0.09027	0.01343	0.00616	0.00192	0.00366	0.01242	0.00424	0.00441
41	0.00604	0.00430	0.00569	0.00678	0.00705	0.00402	0.00449	0.00686	0.00931	0.01242	0.02659	0.79049	0.03188	0.04984	0.00707	0.00211	0.00293	0.01368	0.00449	0.00395
42	0.14090	0.02253	0.66254	0.01268	0.01916	0.01121	0.01589	0.01526	0.01014	0.01665	0.02534	0.01057	0.00695	0.00477	0.00444	0.00155	0.00662	0.00359	0.00230	0.00691
43	0.01127	0.37276	0.46690	0.01159	0.01753	0.01488	0.01395	0.01520	0.01021	0.01384	0.00796	0.00930	0.00626	0.00447	0.00401	0.00134	0.00640	0.00320	0.00209	0.00685
44	0.01632	0.01720	0.01435	0.20070	0.01958	0.39321	0.01043	0.23624	0.01560	0.01759	0.00907	0.01070	0.00696	0.00527	0.00468	0.00141	0.00733	0.00381	0.00313	0.00640

[dist]
# distance from previous block
# <min> <max>
0	2

[block]
# block no. 3 follows, 51 sequences, length 47
# corresponding to MSA columns:
# 310-356
name=unknown_D
#
# <colnr> <probs for GDERKNQSTAVLIFYWHMCP>
#	G	D	E	R	K	N	Q	S	T	A	V	L	I	F	Y	W	H	M	C	P
0	0.00597	0.00470	0.00539	0.00581	0.00689	0.00412	0.00413	0.00714	0.01070	0.01348	0.09747	0.35478	0.43517	0.01343	0.00599	0.00178	0.00262	0.01169	0.00463	0.00412
1	0.01167	0.01071	0.01047	0.00848	0.01194	0.10579	0.00663	0.01696	0.22429	0.01695	0.01225	0.01289	0.00969	0.00480	0.00409	0.00108	0.00424	0.00380	0.06831	0.45495
2	0.83889	0.00962	0.00743	0.00660	0.00966	0.01114	0.00543	0.03543	0.00877	0.02229	0.00698	0.00809	0.00541	0.00460	0.00309	0.00152	0.00385	0.00271	0.00309	0.00541
3	0.02205	0.00836	0.01140	0.00874	0.01254	0.00722	0.00722	0.02395	0.01407	0.80004	0.01939	0.01673	0.01216	0.00608	0.00494	0.00152	0.00418	0.00494	0.00608	0.00836
4	0.00650	0.00501	0.00594	0.00570	0.00706	0.00444	0.00428	0.00839	0.01284	0.01715	0.49866	0.04091	0.34334	0.01100	0.00580	0.00159	0.00239	0.00948	0.00507	0.00444
5	0.00928	0.00873	0.01474	0.81548	0.03385	0.01092	0.01365	0.01256	0.00983	0.01256	0.00873	0.01310	0.00655	0.00491	0.00491	0.00164	0.00655	0.00437	0.00218	0.00546
6	0.01556	0.01058	0.01077	0.00927	0.01215	0.09292	0.00729	0.03850	0.36479	0.25283	0.01787	0.01673	0.01282	0.00619	0.00473	0.00151	0.00433	0.00498	0.10882	0.00736
7	0.00586	0.00498	0.00505	0.00503	0.00667	0.00417	0.00377	0.00715	0.01131	0.01355	0.08099	0.04685	0.76327	0.01235	0.00581	0.00165	0.00248	0.01031	0.00460	0.00417
8	0.00702	0.00525	0.00783	0.00783	0.00868	0.00610	0.00605	0.00873	0.00788	0.01135	0.01323	0.01967	0.01244	0.05920	0.78570	0.00781	0.01293	0.00532	0.00264	0.00435
9	0.01525	0.04108	0.01317	0.01081	0.01393	0.15948	0.00857	0.24281	0.39841	0.02171	0.01491	0.01436	0.01120	0.00607	0.00481	0.00152	0.00529	0.00469	0.00443	0.00751
10	0.00778	0.00579	0.00753	0.00838	0.00942	0.00590	0.00669	0.01102	0.11008	0.01468	0.02563	0.32693	0.02810	0.01334	0.00637	0.00209	0.00384	0.39707	0.00460	0.00475
11	0.05401	0.11621	0.22285	0.00832	0.01166	0.00917	0.00859	0.05054	0.01075	0.01695	0.02706	0.07573	0.01161	0.00675	0.02304	0.00151	0.00454	0.00478	0.33023	0.00570
12	0.86201	0.00950	0.00722	0.00646	0.00950	0.01102	0.00532	0.01445	0.00836	0.02205	0.00684	0.00798	0.00532	0.00456	0.00304	0.00152	0.00380	0.00266	0.00304	0.00532
13	0.01202	0.01153	0.01969	0.06912	0.75879	0.01164	0.01501	0.01496	0.01112	0.01588	0.00922	0.01221	0.00772	0.00441	0.00487	0.00147	0.00587	0.00438	0.00242	0.00767
14	0.01216	0.01168	0.01995	0.03016	0.79664	0.01168	0.01508	0.01508	0.01119	0.01605	0.00924	0.01216	0.00778	0.00438	0.00487	0.00146	0.00584	0.00438	0.00243	0.00778
15	0.00604	0.00499	0.00529	0.00522	0.00678	0.00425	0.00391	0.00749	0.01174	0.01455	0.19777	0.04519	0.64586	0.01197	0.00581	0.00164	0.00246	0.01008	0.00473	0.00425
16	0.01264	0.03345	0.30988	0.01158	0.01619	0.04003	0.01184	0.18330	0.24262	0.01988	0.01372	0.01447	0.02494	0.03691	0.00558	0.00167	0.00570	0.00460	0.00365	0.00735
17	0.01560	0.01140	0.01530	0.01799	0.32426	0.03904	0.01083	0.12756	0.16568	0.20012	0.01400	0.01426	0.01024	0.00546	0.00490	0.00151	0.00512	0.00470	0.00413	0.00793
18	0.00631	0.00450	0.00593	0.00669	0.00717	0.00421	0.00459	0.00747	0.01032	0.01400	0.19228	0.59454	0.03467	0.05382	0.00710	0.00204	0.00287	0.03272	0.00467	0.00410
19	0.01196	0.49143	0.33381	0.01073	0.01611	0.03487	0.01231	0.01517	0.01023	0.01316	0.00764	0.00890	0.00627	0.00441	0.00379	0.00126	0.00614	0.00304	0.00210	0.00667
20	0.01116	0.34484	0.49382	0.01178	0.01783	0.01460	0.01429	0.01523	0.01022	0.01398	0.00803	0.00939	0.00626	0.00448	0.00407	0.00136	0.00647	0.00323	0.00209	0.00688
21	0.00611	0.00433	0.00567	0.00669	0.00695	0.00407	0.00440	0.00687	0.00918	0.01223	0.02589	0.74245	0.03099	0.09910	0.00820	0.00228	0.00305	0.01327	0.00440	0.00389
22	0.01028	0.02482	0.77424	0.01382	0.02096	0.01127	0.01778	0.01586	0.01050	0.04294	0.00919	0.01060	0.00643	0.00472	0.00468	0.00156	0.00716	0.00368	0.00221	0.00730
23	0.01314	0.83025	0.02575	0.00841	0.01261	0.01945	0.00841	0.01472	0.00999	0.01156	0.00683	0.00788	0.00631	0.00420	0.00315	0.00105	0.00526	0.00263	0.00210	0.00631
24	0.75897	0.01120	0.00804	0.00722	0.01020	0.10831	0.00583	0.01508	0.00904	0.02082	0.00693	0.00809	0.00545	0.00462	0.00321	0.00149	0.00442	0.00272	0.00298	0.00537
25	0.01182	0.01263	0.02541	0.02446	0.33166	0.01213	0.47569	0.01548	0.01144	0.01587	0.00966	0.01282	0.00759	0.00424	0.00543	0.00158	0.00731	0.00524	0.00246	0.00709
26	0.01707	0.01221	0.01303	0.01017	0.01363	0.01344	0.00834	0.65029	0.02094	0.02883	0.01251	0.01290	0.00907	0.00587	0.00467	0.00142	0.00488	0.00445	0.14855	0.00772
27	0.00702	0.00527	0.00790	0.00790	0.00878	0.00614	0.00614	0.00878	0.00790	0.01141	0.01316	0.01931	0.01229	0.03686	0.80782	0.00790	0.01316	0.00527	0.00263	0.00439
28	0.00690	0.00502	0.00649	0.00612	0.00731	0.00461	0.00459	0.00917	0.01378	0.01940	0.75808	0.03722	0.08253	0.01016	0.00580	0.00155	0.00233	0.00896	0.00537	0.00461
29	0.00916	0.00458	0.00458	0.00458	0.00573	0.00458	0.00344	0.01145	0.01031	0.01832	0.01603	0.01832	0.01260	0.00573	0.00344	0.00115	0.00229	0.00458	0.85457	0.00458
30	0.01771	0.01304	0.01406	0.01097	0.01462	0.01438	0.00898	0.72134	0.02206	0.02957	0.01296	0.07367	0.01020	0.00662	0.00502	0.00151	0.00521	0.00515	0.00489	0.00802
31	0.00916	0.00458	0.00458	0.00458	0.00573	0.00458	0.00344	0.01145	0.01031	0.01832	0.01603	0.01832	0.01260	0.00573	0.00344	0.00115	0.00229	0.00458	0.85457	0.00458
32	0.01836	0.02342	0.01393	0.01266	0.01519	0.80756	0.00950	0.01962	0.01393	0.01203	0.00760	0.00886	0.00633	0.00506	0.00443	0.00127	0.00886	0.00317	0.00253	0.00570
33	0.01821	0.02311	0.01386	0.01260	0.01513	0.78835	0.00945	0.01978	0.03262	0.01223	0.00790	0.00909	0.00654	0.00510	0.00444	0.00128	0.00874	0.00322	0.00259	0.00575
34	0.00986	0.02542	0.80183	0.01401	0.02127	0.01141	0.01816	0.01556	0.01038	0.01556	0.00882	0.01038	0.00623	0.00467	0.00467	0.00156	0.00726	0.00363	0.00208	0.00726
35	0.23209	0.01744	0.01242	0.01100	0.01376	0.44388	0.03508	0.03409	0.11160	0.01618	0.00914	0.01010	0.00727	0.00519	0.00443	0.00142	0.02247	0.00348	0.00302	0.00595
36	0.00715	0.00476	0.00536	0.00536	0.00536	0.00476	0.00298	0.00715	0.00715	0.00953	0.01548	0.03216	0.01787	0.82729	0.02501	0.00476	0.00476	0.00715	0.00298	0.00298
37	0.01216	0.01168	0.01995	0.03016	0.79664	0.01168	0.01508	0.01508	0.01119	0.01605	0.00924	0.01216	0.00778	0.00438	0.00487	0.00146	0.00584	0.00438	0.00243	0.00778
38	0.01154	0.01104	0.01882	0.19992	0.63175	0.01151	0.01477	0.01454	0.01090	0.01530	0.00913	0.01237	0.00752	0.00449	0.00488	0.00150	0.00599	0.00438	0.00238	0.00728
39	0.00640	0.00494	0.00577	0.00568	0.00694	0.00438	0.00417	0.00805	0.01212	0.01598	0.38368	0.10103	0.36514	0.04575	0.00664	0.00176	0.00253	0.00984	0.00488	0.00431
40	0.01141	0.24850	0.52656	0.01235	0.01841	0.07428	0.01479	0.01564	0.01054	0.01418	0.00817	0.00957	0.00626	0.00457	0.00423	0.00139	0.00683	0.00332	0.00212	0.00688
41	0.00702	0.00527	0.00790	0.00790	0.00878	0.00614	0.00614	0.00878	0.00790	0.01141	0.01316	0.01931	0.01229	0.03686	0.80782	0.00790	0.01316	0.00527	0.00263	0.00439
42	0.01771	0.02076	0.01366	0.01213	0.01486	0.62211	0.00924	0.12584	0.07410	0.01534	0.00989	0.01069	0.02151	0.00544	0.00457	0.00133	0.00789	0.00365	0.00309	0.00620
43	0.01238	0.01022	0.01081	0.00937	0.01203	0.03235	0.00735	0.17128	0.42099	0.02200	0.18567	0.02111	0.03341	0.00725	0.00513	0.00158	0.00396	0.00602	0.00496	0.02214
44	0.05655	0.01346	0.01325	0.01074	0.01422	0.09582	0.00867	0.44123	0.19486	0.08023	0.01353	0.01315	0.00979	0.00594	0.00480	0.00150	0.00526	0.00451	0.00468	0.00781
45	0.01795	0.01603	0.01418	0.01137	0.01495	0.23227	0.00912	0.51278	0.01960	0.02463	0.01041	0.01087	0.00772	0.00550	0.00469	0.00136	0.00622	0.00396	0.00411	0.07229
46	0.04717	0.01185	0.02039	0.01545	0.01924	0.04196	0.43544	0.04435	0.16717	0.01700	0.01518	0.07736	0.05164	0.00605	0.00548	0.00166	0.00642	0.00633	0.00337	0.00650

[dist]
# distance from previous block
# <min> <max>
1	15

[block]
# block no. 4 follows, 51 sequences, length 6
# corresponding to MSA columns:
# 372-377
name=unknown_E
#
# <colnr> <probs for GDERKNQSTAVLIFYWHMCP>
#	G	D	E	R	K	N	Q	S	T	A	V	L	I	F	Y	W	H	M	C	P
0	0.01642	0.01645	0.01327	0.01213	0.06628	0.38310	0.00884	0.12848	0.05056	0.08730	0.03780	0.01183	0.00920	0.00527	0.00453	0.00128	0.00650	0.00386	0.00346	0.13342
1	0.01499	0.01658	0.01628	0.01328	0.01628	0.38620	0.17255	0.01698	0.01223	0.06594	0.00979	0.04786	0.00827	0.00558	0.00584	0.00142	0.08277	0.00442	0.00286	0.09989
2	0.00928	0.00873	0.01474	0.81548	0.03385	0.01092	0.01365	0.01256	0.00983	0.01256	0.00873	0.01310	0.00655	0.00491	0.00491	0.00164	0.00655	0.00437	0.00218	0.00546
3	0.00680	0.00493	0.00622	0.00691	0.00755	0.00471	0.00482	0.04412	0.01041	0.01379	0.06685	0.59416	0.09123	0.06213	0.00728	0.00210	0.00312	0.05412	0.00453	0.00422
4	0.01792	0.01167	0.01309	0.01026	0.01399	0.01237	0.00839	0.43088	0.15253	0.21052	0.01486	0.01401	0.01035	0.00596	0.00487	0.00148	0.00476	0.00466	0.00510	0.05232
5	0.01140	0.01090	0.01856	0.23862	0.59416	0.01148	0.01470	0.01441	0.01083	0.01513	0.00911	0.01241	0.00746	0.00452	0.00488	0.00151	0.00603	0.00438	0.00237	0.00717

[dist]
# distance from previous block
# <min> <max>
0	1

[block]
# block no. 5 follows, 51 sequences, length 10
# corresponding to MSA columns:
# 379-388
name=unknown_F
#
# <colnr> <probs for GDERKNQSTAVLIFYWHMCP>
#	G	D	E	R	K	N	Q	S	T	A	V	L	I	F	Y	W	H	M	C	P
0	0.08926	0.00810	0.01317	0.01067	0.01306	0.00826	0.22021	0.01107	0.00997	0.01447	0.02149	0.02371	0.22541	0.01492	0.20497	0.00320	0.05511	0.00649	0.04138	0.00510
1	0.00928	0.00873	0.01474	0.81548	0.03385	0.01092	0.01365	0.01256	0.00983	0.01256	0.00873	0.01310	0.00655	0.00491	0.00491	0.00164	0.00655	0.00437	0.00218	0.00546
2	0.01019	0.00873	0.01019	0.00728	0.01165	0.00655	0.00582	0.01237	0.01019	0.01601	0.00873	0.01019	0.00728	0.00364	0.00364	0.00073	0.00364	0.00291	0.00291	0.85734
3	0.01556	0.00868	0.01054	0.00883	0.01153	0.00863	0.00697	0.25145	0.01559	0.29279	0.07643	0.23443	0.01901	0.00883	0.00536	0.00164	0.00406	0.00751	0.00526	0.00691
4	0.01868	0.01376	0.01475	0.01131	0.01524	0.01524	0.00934	0.78025	0.02311	0.03097	0.01180	0.01180	0.00836	0.00590	0.00492	0.00147	0.00541	0.00442	0.00492	0.00836
5	0.01019	0.00873	0.01019	0.00728	0.01165	0.00655	0.00582	0.01237	0.01019	0.01601	0.00873	0.01019	0.00728	0.00364	0.00364	0.00073	0.00364	0.00291	0.00291	0.85734
6	0.00635	0.00461	0.00603	0.00678	0.00742	0.00429	0.00483	0.00766	0.01062	0.01424	0.18207	0.53524	0.09235	0.01393	0.00619	0.00191	0.00288	0.08368	0.00473	0.00418
7	0.01216	0.01168	0.01995	0.03016	0.79664	0.01168	0.01508	0.01508	0.01119	0.01605	0.00924	0.01216	0.00778	0.00438	0.00487	0.00146	0.00584	0.00438	0.00243	0.00778
8	0.01754	0.02223	0.01335	0.01216	0.01464	0.75553	0.00912	0.01881	0.01375	0.01211	0.01033	0.01135	0.05739	0.00554	0.00452	0.00129	0.00845	0.00363	0.00266	0.00560
9	0.80663	0.00921	0.00718	0.00644	0.00936	0.01061	0.00528	0.01411	0.00872	0.02190	0.05783	0.00984	0.00798	0.00492	0.00322	0.00152	0.00371	0.00306	0.00319	0.00528

[dist]
# distance from previous block
# <min> <max>
6	45

[block]
# block no. 6 follows, 51 sequences, length 19
# corresponding to MSA columns:
# 434-452
name=unknown_G
#
# <colnr> <probs for GDERKNQSTAVLIFYWHMCP>
#	G	D	E	R	K	N	Q	S	T	A	V	L	I	F	Y	W	H	M	C	P
0	0.00907	0.03650	0.03410	0.00725	0.00853	0.00648	0.00546	0.06641	0.04346	0.05826	0.02062	0.31655	0.03844	0.22255	0.01056	0.00254	0.00393	0.04613	0.05846	0.00472
1	0.01534	0.01415	0.01501	0.01618	0.22754	0.16739	0.01042	0.29513	0.09407	0.02110	0.02977	0.01418	0.04597	0.00579	0.00488	0.00146	0.00584	0.00465	0.00378	0.00735
2	0.05873	0.11682	0.61250	0.01275	0.01919	0.01259	0.01569	0.06874	0.01111	0.01654	0.00869	0.01005	0.00633	0.00469	0.00442	0.00149	0.00671	0.00352	0.00233	0.00712
3	0.05631	0.00931	0.08631	0.44234	0.04001	0.00902	0.01080	0.01140	0.01015	0.01363	0.01958	0.05497	0.20273	0.00716	0.00506	0.00164	0.00529	0.00609	0.00292	0.00529
4	0.01378	0.45156	0.03256	0.00889	0.01234	0.09134	0.00803	0.05759	0.03097	0.09897	0.06217	0.06389	0.01176	0.00675	0.02869	0.00147	0.00539	0.00434	0.00319	0.00632
5	0.01664	0.01323	0.01379	0.06179	0.01571	0.06473	0.00918	0.54925	0.12131	0.02641	0.01366	0.03023	0.02883	0.00624	0.00495	0.00151	0.00538	0.00483	0.00459	0.00773
6	0.00772	0.00521	0.00673	0.00624	0.00758	0.00475	0.00472	0.00994	0.01373	0.06310	0.69837	0.03633	0.09688	0.00999	0.00575	0.00155	0.00244	0.00877	0.00539	0.00481
7	0.00696	0.00502	0.00657	0.00618	0.00734	0.00464	0.00464	0.00927	0.01391	0.01971	0.79405	0.03671	0.04637	0.01005	0.00580	0.00155	0.00232	0.00889	0.00541	0.00464
8	0.00982	0.00932	0.01300	0.01140	0.01154	0.01267	0.00929	0.01090	0.00755	0.01154	0.00837	0.01413	0.00845	0.09073	0.14176	0.00330	0.61421	0.00472	0.00230	0.00499
9	0.01019	0.00873	0.01019	0.00728	0.01165	0.00655	0.00582	0.01237	0.01019	0.01601	0.00873	0.01019	0.00728	0.00364	0.00364	0.00073	0.00364	0.00291	0.00291	0.85734
10	0.00942	0.00888	0.01499	0.77753	0.07071	0.01095	0.01372	0.01268	0.00989	0.01273	0.00876	0.01306	0.00661	0.00489	0.00491	0.00163	0.00652	0.00437	0.00220	0.00557
11	0.00582	0.00494	0.00502	0.00508	0.00666	0.00414	0.00378	0.00704	0.01110	0.01324	0.04853	0.09006	0.75269	0.01261	0.00583	0.00168	0.00251	0.01057	0.00456	0.00414
12	0.00696	0.00502	0.00657	0.00618	0.00734	0.00464	0.00464	0.00927	0.01391	0.01971	0.79405	0.03671	0.04637	0.01005	0.00580	0.00155	0.00232	0.00889	0.00541	0.00464
13	0.01222	0.01056	0.01111	0.01000	0.01278	0.01222	0.00778	0.02611	0.78776	0.02056	0.02000	0.01833	0.01500	0.00667	0.00500	0.00167	0.00389	0.00556	0.00500	0.00778
14	0.00611	0.00436	0.00584	0.00698	0.00732	0.00410	0.00478	0.00706	0.00953	0.01268	0.02702	0.77494	0.03223	0.01528	0.00631	0.00201	0.00296	0.06190	0.00456	0.00403
15	0.00581	0.00498	0.00498	0.00498	0.00664	0.00415	0.00373	0.00705	0.01120	0.01328	0.04978	0.04729	0.79464	0.01245	0.00581	0.00166	0.00249	0.01037	0.00456	0.00415
16	0.00928	0.00873	0.01474	0.81548	0.03385	0.01092	0.01365	0.01256	0.00983	0.01256	0.00873	0.01310	0.00655	0.00491	0.00491	0.00164	0.00655	0.00437	0.00218	0.00546
17	0.01839	0.02233	0.01402	0.01251	0.01520	0.71808	0.00948	0.10553	0.01496	0.01417	0.00807	0.00919	0.00656	0.00516	0.00449	0.00129	0.00847	0.00331	0.00280	0.00600
18	0.86201	0.00950	0.00722	0.00646	0.00950	0.01102	0.00532	0.01445	0.00836	0.02205	0.00684	0.00798	0.00532	0.00456	0.00304	0.00152	0.00380	0.00266	0.00304	0.00532

[dist]
# distance from previous block
# <min> <max>
0	31

[block]
# block no. 7 follows, 51 sequences, length 29
# corresponding to MSA columns:
# 484-512
name=unknown_H
#
# <colnr> <probs for GDERKNQSTAVLIFYWHMCP>
#	G	D	E	R	K	N	Q	S	T	A	V	L	I	F	Y	W	H	M	C	P
0	0.00583	0.00489	0.00507	0.00523	0.00670	0.00413	0.00384	0.00702	0.01096	0.01318	0.04677	0.15050	0.69338	0.01284	0.00587	0.00170	0.00254	0.01085	0.00456	0.00413
1	0.00774	0.00548	0.00760	0.00885	0.03060	0.00534	0.00701	0.00959	0.01084	0.03187	0.02662	0.26477	0.05794	0.01361	0.00651	0.00213	0.00401	0.49043	0.00452	0.00454
2	0.00928	0.00873	0.01474	0.81548	0.03385	0.01092	0.01365	0.01256	0.00983	0.01256	0.00873	0.01310	0.00655	0.00491	0.00491	0.00164	0.00655	0.00437	0.00218	0.00546
3	0.00599	0.00428	0.00570	0.00684	0.00713	0.00399	0.00456	0.00684	0.00941	0.01254	0.02709	0.82409	0.03250	0.01540	0.00627	0.00200	0.00285	0.01397	0.00456	0.00399
4	0.00599	0.00428	0.00570	0.00684	0.00713	0.00399	0.00456	0.00684	0.00941	0.01254	0.02709	0.82409	0.03250	0.01540	0.00627	0.00200	0.00285	0.01397	0.00456	0.00399
5	0.00599	0.00428	0.00570	0.00684	0.00713	0.00399	0.00456	0.00684	0.00941	0.01254	0.02709	0.82409	0.03250	0.01540	0.00627	0.00200	0.00285	0.01397	0.00456	0.00399
6	0.01836	0.02342	0.01393	0.01266	0.01519	0.80756	0.00950	0.01962	0.01393	0.01203	0.00760	0.00886	0.00633	0.00506	0.00443	0.00127	0.00886	0.00317	0.00253	0.00570
7	0.01216	0.01168	0.01995	0.03016	0.79664	0.01168	0.01508	0.01508	0.01119	0.01605	0.00924	0.01216	0.00778	0.00438	0.00487	0.00146	0.00584	0.00438	0.00243	0.00778
8	0.00928	0.00873	0.01474	0.81548	0.03385	0.01092	0.01365	0.01256	0.00983	0.01256	0.00873	0.01310	0.00655	0.00491	0.00491	0.00164	0.00655	0.00437	0.00218	0.00546
9	0.01836	0.02342	0.01393	0.01266	0.01519	0.80756	0.00950	0.01962	0.01393	0.01203	0.00760	0.00886	0.00633	0.00506	0.00443	0.00127	0.00886	0.00317	0.00253	0.00570
10	0.01868	0.01376	0.01475	0.01131	0.01524	0.01524	0.00934	0.78025	0.02311	0.03097	0.01180	0.01180	0.00836	0.00590	0.00492	0.00147	0.00541	0.00442	0.00492	0.00836
11	0.01021	0.00880	0.01035	0.00747	0.01169	0.00684	0.00599	0.01236	0.01010	0.01587	0.00866	0.01021	0.00725	0.00381	0.00406	0.00078	0.03093	0.00296	0.00289	0.82879
12	0.01577	0.01232	0.01311	0.01072	0.01413	0.01388	0.00864	0.44026	0.36784	0.02628	0.01550	0.01475	0.01135	0.00625	0.00495	0.00156	0.00472	0.00493	0.00495	0.00810
13	0.00710	0.00494	0.00625	0.00625	0.00656	0.00525	0.00409	0.00772	0.00741	0.01019	0.01467	0.02763	0.01590	0.54899	0.30063	0.00587	0.00772	0.00648	0.00286	0.00347
14	0.01165	0.46513	0.37782	0.01095	0.01654	0.01580	0.01283	0.01510	0.01016	0.01338	0.00773	0.00901	0.00627	0.00442	0.00384	0.00128	0.00617	0.00308	0.00209	0.00674
15	0.01075	0.01075	0.01505	0.01290	0.01290	0.01505	0.01075	0.01183	0.00753	0.01183	0.00645	0.01075	0.00645	0.00860	0.01613	0.00215	0.81830	0.00430	0.00215	0.00538
16	0.00688	0.00502	0.00646	0.00610	0.00729	0.00460	0.00458	0.00912	0.01373	0.01927	0.74325	0.03743	0.09744	0.01021	0.00580	0.00155	0.00233	0.00899	0.00535	0.00460
17	0.00599	0.00428	0.00570	0.00684	0.00713	0.00399	0.00456	0.00684	0.00941	0.01254	0.02709	0.82409	0.03250	0.01540	0.00627	0.00200	0.00285	0.01397	0.00456	0.00399
18	0.01245	0.01081	0.01206	0.01054	0.01346	0.01235	0.04269	0.05546	0.72244	0.02075	0.01922	0.01785	0.01440	0.00652	0.00503	0.00166	0.00415	0.00552	0.00488	0.00775
19	0.02205	0.00836	0.01140	0.00874	0.01254	0.00722	0.00722	0.02395	0.01407	0.80004	0.01939	0.01673	0.01216	0.00608	0.00494	0.00152	0.00418	0.00494	0.00608	0.00836
20	0.00585	0.00498	0.00503	0.00502	0.00666	0.00416	0.00376	0.00713	0.01129	0.01349	0.07433	0.04694	0.76996	0.01237	0.00581	0.00166	0.00248	0.01032	0.00459	0.00416
21	0.01222	0.01056	0.01111	0.01000	0.01278	0.01222	0.00778	0.02611	0.78776	0.02056	0.02000	0.01833	0.01500	0.00667	0.00500	0.00167	0.00389	0.00556	0.00500	0.00778
22	0.01157	0.01317	0.02854	0.02045	0.02526	0.01251	0.75346	0.01561	0.01146	0.01561	0.00983	0.01317	0.00742	0.00429	0.00614	0.00167	0.03500	0.00575	0.00247	0.00659
23	0.00833	0.00594	0.00816	0.04281	0.11289	0.00582	0.00608	0.01077	0.01241	0.01855	0.44883	0.02754	0.03054	0.00792	0.00500	0.00143	0.00296	0.00695	0.23199	0.00507
24	0.00696	0.00502	0.00657	0.00618	0.00734	0.00464	0.00464	0.00927	0.01391	0.01971	0.79405	0.03671	0.04637	0.01005	0.00580	0.00155	0.00232	0.00889	0.00541	0.00464
25	0.01093	0.01043	0.01765	0.35555	0.45891	0.01145	0.01437	0.01395	0.01052	0.01449	0.00896	0.01251	0.00724	0.00471	0.00519	0.00155	0.02814	0.00437	0.00232	0.00675
26	0.00599	0.00428	0.00570	0.00684	0.00713	0.00399	0.00456	0.00684	0.00941	0.01254	0.02709	0.82409	0.03250	0.01540	0.00627	0.00200	0.00285	0.01397	0.00456	0.00399
27	0.01314	0.83025	0.02575	0.00841	0.01261	0.01945	0.00841	0.01472	0.00999	0.01156	0.00683	0.00788	0.00631	0.00420	0.00315	0.00105	0.00526	0.00263	0.00210	0.00631
28	0.01297	0.01093	0.01153	0.01015	0.01306	0.01257	0.00796	0.11346	0.69919	0.02176	0.01905	0.01758	0.01423	0.00658	0.00499	0.00164	0.00407	0.00542	0.00499	0.00785

[dist]
# distance from previous block
# <min> <max>
0	1

[block]
# block no. 8 follows, 51 sequences, length 23
# corresponding to MSA columns:
# 514-536
name=unknown_I
#
# <colnr> <probs for GDERKNQSTAVLIFYWHMCP>
#	G	D	E	R	K	N	Q	S	T	A	V	L	I	F	Y	W	H	M	C	P
0	0.00803	0.00494	0.00633	0.00633	0.00734	0.00541	0.00487	0.01004	0.00903	0.01467	0.01452	0.01884	0.01243	0.02218	0.42865	0.00471	0.00804	0.00494	0.40422	0.00448
1	0.00696	0.00502	0.00657	0.00618	0.00734	0.00464	0.00464	0.00927	0.01391	0.01971	0.79405	0.03671	0.04637	0.01005	0.00580	0.00155	0.00232	0.00889	0.00541	0.00464
2	0.00928	0.00873	0.01474	0.81548	0.03385	0.01092	0.01365	0.01256	0.00983	0.01256	0.00873	0.01310	0.00655	0.00491	0.00491	0.00164	0.00655	0.00437	0.00218	0.00546
3	0.01216	0.01168	0.01995	0.03016	0.79664	0.01168	0.01508	0.01508	0.01119	0.01605	0.00924	0.01216	0.00778	0.00438	0.00487	0.00146	0.00584	0.00438	0.00243	0.00778
4	0.00791	0.00524	0.00684	0.00632	0.00766	0.00479	0.00478	0.01017	0.01385	0.07056	0.72271	0.03570	0.06492	0.00985	0.00574	0.00155	0.00245	0.00867	0.00543	0.00487
5	0.00713	0.00481	0.00561	0.00561	0.00569	0.00490	0.00329	0.00731	0.00722	0.00971	0.01526	0.03091	0.01732	0.75022	0.10134	0.00507	0.00558	0.00696	0.00294	0.00312
6	0.01239	0.01079	0.01256	0.03238	0.12171	0.01223	0.00899	0.05299	0.63243	0.02014	0.01793	0.01711	0.01355	0.00628	0.00498	0.00163	0.00428	0.00532	0.00457	0.00774
7	0.00619	0.00447	0.00585	0.00661	0.00715	0.00414	0.00454	0.00738	0.01047	0.01413	0.19423	0.61603	0.07238	0.01410	0.00615	0.00188	0.00272	0.01270	0.00475	0.00414
8	0.04496	0.12663	0.01562	0.01063	0.01442	0.06687	0.00890	0.52346	0.04764	0.07625	0.01147	0.01150	0.00833	0.00561	0.00459	0.00141	0.00543	0.00411	0.00439	0.00778
9	0.86201	0.00950	0.00722	0.00646	0.00950	0.01102	0.00532	0.01445	0.00836	0.02205	0.00684	0.00798	0.00532	0.00456	0.00304	0.00152	0.00380	0.00266	0.00304	0.00532
10	0.01293	0.00904	0.00980	0.00842	0.01097	0.04169	0.00662	0.13043	0.21192	0.15168	0.20212	0.02495	0.12751	0.00795	0.00522	0.00156	0.00378	0.00660	0.02021	0.00659
11	0.01348	0.01075	0.01301	0.00958	0.01382	0.00994	0.05761	0.27658	0.01481	0.03978	0.01012	0.01110	0.00778	0.00451	0.00425	0.00106	0.00456	0.00367	0.00365	0.48996
12	0.00760	0.00517	0.00678	0.00629	0.00756	0.00475	0.00475	0.00990	0.01392	0.05309	0.76090	0.03585	0.04491	0.00988	0.00576	0.00154	0.00240	0.00872	0.00544	0.00480
13	0.01067	0.00849	0.01226	0.01036	0.01262	0.00884	0.12512	0.05173	0.18368	0.07544	0.20742	0.11731	0.03643	0.00870	0.00629	0.00172	0.05552	0.05685	0.00452	0.00604
14	0.01159	0.01218	0.02205	0.17741	0.20124	0.04310	0.36028	0.01599	0.07629	0.01545	0.01030	0.01323	0.00794	0.00459	0.00529	0.00159	0.00704	0.00507	0.00263	0.00672
15	0.00599	0.00428	0.00570	0.00684	0.00713	0.00399	0.00456	0.00684	0.00941	0.01254	0.02709	0.82409	0.03250	0.01540	0.00627	0.00200	0.00285	0.01397	0.00456	0.00399
16	0.02091	0.00914	0.01178	0.00907	0.01280	0.00847	0.00748	0.14997	0.01557	0.64159	0.04763	0.01666	0.01283	0.00620	0.00497	0.00151	0.00432	0.00501	0.00586	0.00822
17	0.01281	0.65337	0.02645	0.01107	0.01544	0.01793	0.17520	0.01494	0.01033	0.01247	0.00751	0.00905	0.00656	0.00419	0.00373	0.00118	0.00591	0.00331	0.00219	0.00638
18	0.00715	0.00476	0.00536	0.00536	0.00536	0.00476	0.00298	0.00715	0.00715	0.00953	0.01548	0.03216	0.01787	0.82729	0.02501	0.00476	0.00476	0.00715	0.00298	0.00298
19	0.00715	0.00476	0.00536	0.00536	0.00536	0.00476	0.00298	0.00715	0.00715	0.00953	0.01548	0.03216	0.01787	0.82729	0.02501	0.00476	0.00476	0.00715	0.00298	0.00298
20	0.52054	0.25893	0.09221	0.00780	0.01162	0.01361	0.00754	0.01464	0.00905	0.01823	0.00704	0.00819	0.00571	0.00446	0.00324	0.00138	0.00459	0.00275	0.00266	0.00581
21	0.01075	0.04277	0.24633	0.00957	0.01428	0.00904	0.00977	0.07911	0.02636	0.03521	0.09940	0.01453	0.03131	0.00522	0.00439	0.00120	0.00477	0.00420	0.00324	0.34854
22	0.01246	0.56383	0.24444	0.01020	0.01518	0.05531	0.01122	0.01519	0.01029	0.01271	0.00743	0.00863	0.00628	0.00438	0.00364	0.00120	0.00600	0.00294	0.00212	0.00655

[dist]
# distance from previous block
# <min> <max>
0	1

[block]
# block no. 9 follows, 51 sequences, length 13
# corresponding to MSA columns:
# 538-550
name=unknown_J
#
# <colnr> <probs for GDERKNQSTAVLIFYWHMCP>
#	G	D	E	R	K	N	Q	S	T	A	V	L	I	F	Y	W	H	M	C	P
0	0.01269	0.77030	0.02445	0.00837	0.01233	0.01848	0.00824	0.01428	0.00983	0.01155	0.00729	0.00871	0.00674	0.00658	0.06162	0.00155	0.00583	0.00282	0.00214	0.00617
1	0.00680	0.00502	0.00635	0.00602	0.00724	0.00457	0.00451	0.00897	0.01354	0.01882	0.69124	0.03817	0.14973	0.01038	0.00580	0.00156	0.00234	0.00909	0.00529	0.00457
2	0.00715	0.00476	0.00536	0.00536	0.00536	0.00476	0.00298	0.00715	0.00715	0.00953	0.01548	0.03216	0.01787	0.82729	0.02501	0.00476	0.00476	0.00715	0.00298	0.00298
3	0.00715	0.00476	0.00536	0.00536	0.00536	0.00476	0.00298	0.00715	0.00715	0.00953	0.01548	0.03216	0.01787	0.82729	0.02501	0.00476	0.00476	0.00715	0.00298	0.00298
4	0.02205	0.00836	0.01140	0.00874	0.01254	0.00722	0.00722	0.02395	0.01407	0.80004	0.01939	0.01673	0.01216	0.00608	0.00494	0.00152	0.00418	0.00494	0.00608	0.00836
5	0.00702	0.00527	0.00790	0.00790	0.00878	0.00614	0.00614	0.00878	0.00790	0.01141	0.01316	0.01931	0.01229	0.03686	0.80782	0.00790	0.01316	0.00527	0.00263	0.00439
6	0.86201	0.00950	0.00722	0.00646	0.00950	0.01102	0.00532	0.01445	0.00836	0.02205	0.00684	0.00798	0.00532	0.00456	0.00304	0.00152	0.00380	0.00266	0.00304	0.00532
7	0.01431	0.01494	0.01207	0.01091	0.01360	0.28298	0.00836	0.02390	0.52432	0.01765	0.01578	0.01511	0.01205	0.00612	0.00481	0.00153	0.00558	0.00474	0.00416	0.00707
8	0.00986	0.02542	0.80183	0.01401	0.02127	0.01141	0.01816	0.01556	0.01038	0.01556	0.00882	0.01038	0.00623	0.00467	0.00467	0.00156	0.00726	0.00363	0.00208	0.00726
9	0.00928	0.00873	0.01474	0.81548	0.03385	0.01092	0.01365	0.01256	0.00983	0.01256	0.00873	0.01310	0.00655	0.00491	0.00491	0.00164	0.00655	0.00437	0.00218	0.00546
10	0.00669	0.00498	0.00622	0.00597	0.00720	0.00452	0.00446	0.00874	0.01320	0.01816	0.61754	0.07055	0.19216	0.01073	0.00582	0.00159	0.00237	0.00938	0.00521	0.00452
11	0.30558	0.01828	0.01168	0.01049	0.01326	0.50344	0.00807	0.04949	0.01241	0.01623	0.00751	0.00869	0.00607	0.00493	0.00398	0.00136	0.00700	0.00305	0.00280	0.00568
12	0.01425	0.01357	0.01089	0.00976	0.01219	0.29966	0.00748	0.04126	0.18081	0.10930	0.10180	0.04048	0.10076	0.00802	0.02642	0.00166	0.00568	0.00567	0.00415	0.00618

[dist]
# distance from previous block
# <min> <max>
0	1

[block]
# block no. 10 follows, 51 sequences, length 24
# corresponding to MSA columns:
# 552-575
name=unknown_K
#
# <colnr> <probs for GDERKNQSTAVLIFYWHMCP>
#	G	D	E	R	K	N	Q	S	T	A	V	L	I	F	Y	W	H	M	C	P
0	0.01293	0.41917	0.28599	0.01103	0.01598	0.15259	0.01189	0.01585	0.01080	0.01299	0.00764	0.00889	0.00628	0.00451	0.00389	0.00126	0.00656	0.00306	0.00217	0.00652
1	0.01314	0.83025	0.02575	0.00841	0.01261	0.01945	0.00841	0.01472	0.00999	0.01156	0.00683	0.00788	0.00631	0.00420	0.00315	0.00105	0.00526	0.00263	0.00210	0.00631
2	0.00715	0.00476	0.00536	0.00536	0.00536	0.00476	0.00298	0.00715	0.00715	0.00953	0.01548	0.03216	0.01787	0.82729	0.02501	0.00476	0.00476	0.00715	0.00298	0.00298
3	0.01097	0.01732	0.35303	0.08064	0.41023	0.01151	0.01629	0.01510	0.01074	0.01559	0.00903	0.01147	0.00703	0.00454	0.00478	0.00151	0.00650	0.00406	0.00226	0.00739
4	0.00599	0.00428	0.00570	0.00684	0.00713	0.00399	0.00456	0.00684	0.00941	0.01254	0.02709	0.82409	0.03250	0.01540	0.00627	0.00200	0.00285	0.01397	0.00456	0.00399
5	0.00998	0.05509	0.77322	0.01380	0.02095	0.01171	0.01780	0.01553	0.01036	0.01542	0.00875	0.01028	0.00623	0.00465	0.00461	0.00154	0.00719	0.00359	0.00208	0.00723
6	0.03034	0.00926	0.01076	0.00836	0.01205	0.02818	0.00674	0.07869	0.08539	0.30228	0.03822	0.01597	0.04984	0.00566	0.00452	0.00126	0.00404	0.00456	0.00456	0.29932
7	0.01139	0.40054	0.44011	0.01140	0.01723	0.01516	0.01361	0.01517	0.01019	0.01370	0.00789	0.00921	0.00626	0.00445	0.00396	0.00132	0.00633	0.00316	0.00209	0.00682
8	0.00986	0.02542	0.80183	0.01401	0.02127	0.01141	0.01816	0.01556	0.01038	0.01556	0.00882	0.01038	0.00623	0.00467	0.00467	0.00156	0.00726	0.00363	0.00208	0.00726
9	0.01226	0.01174	0.01969	0.13916	0.02145	0.02716	0.32812	0.16470	0.05752	0.01785	0.01162	0.06768	0.00962	0.00653	0.02292	0.00180	0.06480	0.00568	0.00318	0.00652
10	0.01128	0.01077	0.01835	0.27141	0.56231	0.01144	0.01464	0.01431	0.01077	0.01498	0.00909	0.01245	0.00741	0.00454	0.00488	0.00151	0.00606	0.00438	0.00236	0.00707
11	0.02039	0.00868	0.01135	0.00885	0.01245	0.00793	0.00726	0.07686	0.05883	0.65641	0.06321	0.01761	0.01401	0.00633	0.00499	0.00153	0.00415	0.00517	0.00590	0.00812
