[name]
unknown

[dist]
# distance from previous block
# <min> <max>
35	948

[block]
# block no. 0 follows, 41 sequences, length 9
# corresponding to MSA columns:
# 1794-1802
name=unknown_A
#
# <colnr> <probs for GDERKNQSTAVLIFYWHMCP>
#	G	D	E	R	K	N	Q	S	T	A	V	L	I	F	Y	W	H	M	C	P
0	0.01142	0.00796	0.00876	0.00784	0.00889	0.00836	0.00517	0.17815	0.01260	0.01685	0.01703	0.03196	0.01824	0.61618	0.02372	0.00466	0.00572	0.00759	0.00399	0.00491
1	0.01513	0.00953	0.01070	0.00927	0.01192	0.03821	0.00719	0.09468	0.13209	0.19318	0.20510	0.06555	0.05515	0.05085	0.00719	0.00198	0.00434	0.00773	0.07290	0.00730
2	0.01038	0.00617	0.00847	0.00769	0.00886	0.00558	0.00539	0.00906	0.00847	0.01194	0.00999	0.01611	0.00960	0.01626	0.01817	0.64141	0.00480	0.00460	0.00269	0.19436
3	0.01241	0.01066	0.01211	0.00920	0.01386	0.00915	0.00730	0.01809	0.18289	0.01986	0.01319	0.01405	0.01055	0.00505	0.00460	0.00110	0.00430	0.00410	0.00395	0.64358
4	0.01186	0.01017	0.01186	0.00847	0.01356	0.00762	0.00678	0.01440	0.01186	0.01864	0.01017	0.01186	0.00847	0.00424	0.00424	0.00085	0.00424	0.00339	0.00339	0.83395
5	0.01371	0.01271	0.02187	0.02046	0.21317	0.01140	0.24455	0.01718	0.01292	0.05806	0.01142	0.01400	0.00899	0.00480	0.00549	0.00146	0.00666	0.00503	0.00328	0.31285
6	0.01547	0.01224	0.04112	0.07779	0.12022	0.01078	0.19551	0.01880	0.01349	0.19087	0.01537	0.01682	0.03982	0.00572	0.00566	0.00160	0.00642	0.00552	0.00402	0.20276
7	0.01393	0.22480	0.26415	0.01786	0.19060	0.01547	0.01498	0.04615	0.05521	0.03852	0.03488	0.01356	0.01008	0.00561	0.00507	0.00160	0.00675	0.00450	0.00312	0.03317
8	0.05554	0.29609	0.14441	0.01097	0.01564	0.01604	0.01084	0.18373	0.01591	0.02164	0.13219	0.01779	0.04305	0.00690	0.00504	0.00158	0.00580	0.00524	0.00397	0.00762

[dist]
# distance from previous block
# <min> <max>
1	4

[block]
# block no. 1 follows, 41 sequences, length 19
# corresponding to MSA columns:
# 1807-1825
name=unknown_B
#
# <colnr> <probs for GDERKNQSTAVLIFYWHMCP>
#	G	D	E	R	K	N	Q	S	T	A	V	L	I	F	Y	W	H	M	C	P
0	0.01240	0.00965	0.01131	0.05812	0.07733	0.05808	0.00838	0.01720	0.16574	0.10309	0.06157	0.26335	0.10768	0.01130	0.00636	0.00198	0.00467	0.00985	0.00513	0.00680
1	0.14961	0.00851	0.00948	0.00822	0.01118	0.00830	0.00651	0.01816	0.09478	0.23639	0.15586	0.03150	0.21969	0.00963	0.00584	0.00184	0.00386	0.00787	0.00576	0.00703
2	0.01169	0.01017	0.01273	0.13567	0.01779	0.00846	0.00827	0.01444	0.01179	0.01798	0.01017	0.01242	0.00833	0.00448	0.00448	0.00102	0.00479	0.00367	0.00325	0.69842
3	0.01315	0.01152	0.01364	0.01477	0.13644	0.01276	0.00982	0.02508	0.52507	0.02180	0.02468	0.06839	0.08083	0.00849	0.00596	0.00192	0.00469	0.00730	0.00526	0.00844
4	0.02340	0.00981	0.01304	0.00990	0.01443	0.00828	0.00814	0.02567	0.01563	0.64467	0.02054	0.01822	0.01323	0.00661	0.00550	0.00162	0.00476	0.00537	0.00648	0.14471
5	0.02034	0.01127	0.01337	0.01102	0.01492	0.01159	0.00885	0.07517	0.34379	0.39040	0.02231	0.01993	0.01534	0.00737	0.00578	0.00184	0.00481	0.00603	0.00643	0.00943
6	0.01095	0.00913	0.01055	0.00793	0.01198	0.00710	0.00608	0.01301	0.01136	0.01720	0.01453	0.01883	0.05900	0.13504	0.00847	0.00169	0.00436	0.00476	0.00353	0.64450
7	0.00927	0.00883	0.00799	0.00853	0.00969	0.13101	0.00601	0.01046	0.01234	0.01472	0.03443	0.48113	0.21414	0.01509	0.00681	0.00209	0.00436	0.01315	0.00492	0.00502
8	0.00820	0.00603	0.00871	0.00871	0.00956	0.00689	0.00655	0.00990	0.00905	0.01292	0.01576	0.02492	0.01536	0.16671	0.65395	0.00860	0.01372	0.00649	0.00313	0.00484
9	0.00794	0.00688	0.00819	0.13387	0.01338	0.00669	0.00658	0.01070	0.05471	0.01634	0.09989	0.04572	0.54363	0.01247	0.00654	0.00192	0.00375	0.01048	0.00496	0.00536
10	0.01870	0.00995	0.01256	0.00932	0.01407	0.00801	0.00759	0.02108	0.01410	0.38967	0.01631	0.01563	0.01129	0.00565	0.00499	0.00130	0.00455	0.00456	0.00522	0.42545
11	0.01143	0.00967	0.01138	0.00833	0.01298	0.00737	0.00662	0.01399	0.01236	0.01913	0.09640	0.01541	0.01370	0.00509	0.00452	0.00096	0.00406	0.00419	0.00372	0.73870
12	0.01186	0.01017	0.01186	0.00847	0.01356	0.00762	0.00678	0.01440	0.01186	0.01864	0.01017	0.01186	0.00847	0.00424	0.00424	0.00085	0.00424	0.00339	0.00339	0.83395
13	0.01147	0.02959	0.76934	0.01630	0.02476	0.01328	0.02113	0.01811	0.01208	0.01811	0.01026	0.01208	0.00725	0.00543	0.00543	0.00181	0.00845	0.00423	0.00242	0.00845
14	0.01423	0.01229	0.01293	0.01164	0.01487	0.01423	0.00905	0.03039	0.75297	0.02393	0.02328	0.02134	0.01746	0.00776	0.00582	0.00194	0.00453	0.00647	0.00582	0.00905
15	0.01350	0.01543	0.03375	0.02411	0.02989	0.01446	0.74253	0.01832	0.01350	0.01832	0.01157	0.01543	0.00868	0.00482	0.00675	0.00193	0.00964	0.00675	0.00289	0.00771
16	0.01195	0.01167	0.01771	0.31272	0.06825	0.01544	0.01411	0.01431	0.01004	0.01438	0.00872	0.01366	0.00764	0.00807	0.01298	0.00223	0.44208	0.00504	0.00254	0.00646
17	0.00862	0.00598	0.00781	0.00734	0.00880	0.00551	0.00557	0.01127	0.01603	0.04520	0.69828	0.04296	0.07171	0.01174	0.00675	0.00182	0.00284	0.02999	0.00626	0.00551
18	0.00867	0.00789	0.04327	0.00868	0.01083	0.00673	0.05362	0.01209	0.05640	0.02039	0.44567	0.04151	0.20544	0.02975	0.00718	0.00195	0.00367	0.02497	0.00557	0.00571

[dist]
# distance from previous block
# <min> <max>
36	75

[block]
# block no. 2 follows, 41 sequences, length 11
# corresponding to MSA columns:
# 1910-1920
name=unknown_C
#
# <colnr> <probs for GDERKNQSTAVLIFYWHMCP>
#	G	D	E	R	K	N	Q	S	T	A	V	L	I	F	Y	W	H	M	C	P
0	0.02836	0.01426	0.13180	0.01420	0.01874	0.01182	0.18330	0.02098	0.22670	0.06988	0.04529	0.04084	0.01502	0.00699	0.00586	0.00181	0.00615	0.03222	0.05035	0.07543
1	0.01089	0.05613	0.38990	0.01458	0.02026	0.01150	0.13132	0.01572	0.01315	0.01880	0.18443	0.07298	0.02032	0.00760	0.00599	0.00183	0.00686	0.00681	0.00358	0.00732
2	0.01304	0.06433	0.21308	0.01484	0.01991	0.06511	0.17593	0.02009	0.18324	0.01891	0.01767	0.01867	0.07194	0.00661	0.00570	0.00177	0.00693	0.00588	0.04853	0.02782
3	0.01384	0.02646	0.59623	0.01558	0.02314	0.01431	0.01877	0.18523	0.01549	0.02224	0.01106	0.01246	0.00782	0.00576	0.00550	0.00179	0.00796	0.00444	0.00318	0.00875
4	0.01697	0.13675	0.13968	0.01281	0.01754	0.06840	0.01186	0.28242	0.18806	0.02479	0.01421	0.01454	0.01071	0.00749	0.02711	0.00190	0.00674	0.00491	0.00445	0.00866
5	0.06260	0.01103	0.01282	0.01075	0.01401	0.01153	0.00862	0.31237	0.01858	0.19715	0.01980	0.17317	0.01744	0.01187	0.05861	0.00240	0.00584	0.03775	0.00563	0.00802
6	0.01865	0.01417	0.01539	0.01241	0.01632	0.01587	0.01008	0.50639	0.19223	0.03098	0.01609	0.01636	0.01197	0.01068	0.08296	0.00252	0.00679	0.00555	0.00548	0.00911
7	0.01614	0.49195	0.15090	0.01166	0.01707	0.01994	0.01194	0.18464	0.01521	0.01944	0.00967	0.01071	0.00787	0.00544	0.00444	0.00144	0.00655	0.00374	0.00320	0.00808
8	0.01951	0.19664	0.01969	0.01223	0.01675	0.01851	0.01044	0.50536	0.09613	0.02963	0.01336	0.01345	0.00995	0.00650	0.00526	0.00163	0.00608	0.00480	0.00498	0.00911
9	0.00822	0.00595	0.00831	0.00831	0.00902	0.00667	0.00604	0.00964	0.00893	0.01262	0.01613	0.02697	0.01625	0.27005	0.55183	0.00810	0.01238	0.00679	0.00318	0.00461
10	0.21264	0.01597	0.18593	0.01172	0.01623	0.01367	0.01114	0.02429	0.40317	0.02301	0.01659	0.01630	0.01239	0.00663	0.00518	0.00187	0.00541	0.00514	0.00449	0.00823

[dist]
# distance from previous block
# <min> <max>
3	15

[block]
# block no. 3 follows, 41 sequences, length 19
# corresponding to MSA columns:
# 1941-1959
name=unknown_D
#
# <colnr> <probs for GDERKNQSTAVLIFYWHMCP>
#	G	D	E	R	K	N	Q	S	T	A	V	L	I	F	Y	W	H	M	C	P
0	0.01898	0.01245	0.01398	0.01159	0.01545	0.01347	0.00929	0.19119	0.39201	0.22519	0.02093	0.01912	0.01483	0.00738	0.00578	0.00184	0.00502	0.00598	0.00613	0.00939
1	0.01719	0.01766	0.01414	0.01272	0.01589	0.29168	0.00976	0.02756	0.46103	0.04395	0.01800	0.01726	0.01368	0.00706	0.00558	0.00176	0.00665	0.00543	0.00481	0.00819
2	0.01861	0.01353	0.01446	0.01200	0.01585	0.03527	0.00960	0.26308	0.38383	0.14040	0.01966	0.01827	0.01416	0.00731	0.00576	0.00183	0.00531	0.00585	0.00590	0.00931
3	0.01910	0.01202	0.01369	0.01139	0.01522	0.01286	0.00912	0.13788	0.40208	0.26868	0.02160	0.01957	0.01521	0.00740	0.00578	0.00185	0.00491	0.00603	0.00622	0.00938
4	0.02174	0.01602	0.01717	0.01316	0.01774	0.01774	0.01087	0.74423	0.02689	0.03605	0.01373	0.01373	0.00973	0.00687	0.00572	0.00172	0.00629	0.00515	0.00572	0.00973
5	0.01511	0.08134	0.46978	0.01480	0.02173	0.01542	0.01696	0.25533	0.01689	0.02364	0.01123	0.01241	0.00806	0.00586	0.00540	0.00174	0.00758	0.00444	0.00350	0.00879
6	0.04214	0.05603	0.60071	0.01527	0.02283	0.01430	0.01863	0.12820	0.01423	0.02092	0.01062	0.01212	0.00759	0.00563	0.00535	0.00177	0.00790	0.00428	0.00296	0.00853
7	0.01033	0.13462	0.26076	0.01161	0.01564	0.01150	0.01212	0.01384	0.01050	0.01489	0.01255	0.01706	0.01094	0.02489	0.40716	0.00557	0.01168	0.00504	0.00276	0.00654
8	0.01095	0.01098	0.02200	0.01697	0.02048	0.01096	0.39063	0.01444	0.01144	0.01591	0.01337	0.01880	0.01137	0.02304	0.37501	0.00540	0.01236	0.00645	0.00297	0.00647
9	0.01143	0.01093	0.01884	0.63657	0.14880	0.01292	0.04941	0.01523	0.01177	0.01540	0.01032	0.01509	0.00789	0.00558	0.00576	0.00188	0.00759	0.00516	0.00260	0.00683
10	0.00922	0.00658	0.00922	0.01053	0.01185	0.00658	0.00922	0.01185	0.01317	0.01712	0.03029	0.06452	0.03292	0.01580	0.00790	0.00263	0.00527	0.72480	0.00527	0.00527
11	0.00817	0.00613	0.00919	0.00919	0.01021	0.00715	0.00715	0.01021	0.00919	0.01328	0.01532	0.02247	0.01430	0.04290	0.77631	0.00919	0.01532	0.00613	0.00306	0.00511
12	0.01932	0.01468	0.13367	0.05828	0.02162	0.01161	0.19618	0.07659	0.01550	0.36798	0.01657	0.01666	0.01103	0.00617	0.00595	0.00182	0.00688	0.00569	0.00496	0.00884
13	0.02007	0.01115	0.01323	0.01097	0.01483	0.01148	0.00879	0.05125	0.36918	0.38893	0.02263	0.02019	0.01560	0.00740	0.00578	0.00185	0.00475	0.00608	0.00643	0.00941
14	0.01350	0.01543	0.03375	0.02411	0.02989	0.01446	0.74253	0.01832	0.01350	0.01832	0.01157	0.01543	0.00868	0.00482	0.00675	0.00193	0.00964	0.00675	0.00289	0.00771
15	0.01268	0.01086	0.01022	0.00960	0.01177	0.12466	0.00726	0.01830	0.20612	0.06485	0.17819	0.13777	0.09418	0.01040	0.00612	0.00186	0.00462	0.02309	0.06083	0.00663
16	0.01835	0.01697	0.02405	0.01801	0.02286	0.13061	0.33450	0.25698	0.01851	0.08256	0.01273	0.01442	0.00926	0.00583	0.00609	0.00178	0.00827	0.00568	0.00416	0.00837
17	0.01947	0.01237	0.02083	0.01563	0.01984	0.01229	0.24907	0.06276	0.01487	0.36720	0.01619	0.01677	0.01111	0.00677	0.00805	0.00193	0.12541	0.00593	0.00494	0.00855
18	0.01117	0.00906	0.01402	0.01128	0.01454	0.00849	0.11868	0.01380	0.01112	0.05805	0.01347	0.01777	0.01153	0.02248	0.36405	0.00495	0.01025	0.00531	0.00337	0.27662

[dist]
# distance from previous block
# <min> <max>
10	44

[block]
# block no. 4 follows, 41 sequences, length 11
# corresponding to MSA columns:
# 2006-2016
name=unknown_E
#
# <colnr> <probs for GDERKNQSTAVLIFYWHMCP>
#	G	D	E	R	K	N	Q	S	T	A	V	L	I	F	Y	W	H	M	C	P
0	0.01134	0.01017	0.01447	0.39154	0.02630	0.01013	0.01127	0.01451	0.01165	0.01665	0.01017	0.01353	0.00805	0.00497	0.00497	0.00137	0.00591	0.00422	0.00297	0.42581
1	0.01365	0.01010	0.01387	0.27083	0.02244	0.00946	0.01010	0.01657	0.01242	0.13388	0.01210	0.01419	0.00907	0.00518	0.00497	0.00135	0.00548	0.00433	0.00368	0.42634
2	0.01522	0.01200	0.01347	0.01082	0.01495	0.01193	0.00883	0.26281	0.13253	0.02514	0.01604	0.02086	0.01349	0.00719	0.00546	0.00154	0.00511	0.09884	0.00480	0.31896
3	0.01847	0.01980	0.39648	0.01328	0.01975	0.01088	0.01486	0.02293	0.01419	0.38756	0.01633	0.01572	0.01066	0.00625	0.00559	0.00179	0.00668	0.00498	0.00472	0.00909
4	0.01337	0.01947	0.30320	0.01656	0.02239	0.01343	0.20763	0.13014	0.01493	0.02112	0.06884	0.01682	0.01227	0.00638	0.00658	0.00183	0.04612	0.02256	0.00348	0.05291
5	0.01418	0.09874	0.52625	0.01509	0.02219	0.07317	0.01772	0.13148	0.01466	0.02016	0.01048	0.01193	0.00765	0.00564	0.00529	0.00172	0.00804	0.00422	0.00297	0.00841
6	0.01324	0.07140	0.24324	0.01100	0.01548	0.01199	0.01133	0.11334	0.12935	0.02212	0.01542	0.01665	0.01167	0.00636	0.00492	0.00162	0.00544	0.00499	0.28287	0.00758
7	0.01095	0.01628	0.29530	0.01157	0.01606	0.01033	0.01212	0.05266	0.12983	0.02171	0.30653	0.02680	0.04883	0.00857	0.00606	0.00183	0.00533	0.00723	0.00471	0.00731
8	0.01339	0.19895	0.35256	0.01285	0.01869	0.01474	0.01427	0.04397	0.12844	0.05076	0.08485	0.01619	0.01375	0.00640	0.00524	0.00169	0.00653	0.00500	0.00364	0.00810
9	0.03862	0.07143	0.14236	0.01246	0.01737	0.01431	0.03787	0.21659	0.19504	0.04528	0.03534	0.01563	0.01206	0.00638	0.00536	0.00165	0.00588	0.00510	0.00455	0.11672
10	0.07071	0.04181	0.14813	0.01072	0.01423	0.01086	0.00980	0.11162	0.12932	0.05524	0.05331	0.24285	0.05734	0.01034	0.00601	0.00195	0.00503	0.00876	0.00481	0.00717

[dist]
# distance from previous block
# <min> <max>
18	37

[block]
# block no. 5 follows, 41 sequences, length 17
# corresponding to MSA columns:
# 2054-2070
name=unknown_F
#
# <colnr> <probs for GDERKNQSTAVLIFYWHMCP>
#	G	D	E	R	K	N	Q	S	T	A	V	L	I	F	Y	W	H	M	C	P
0	0.03032	0.01205	0.02062	0.17817	0.18551	0.01180	0.19402	0.01648	0.02625	0.03246	0.02759	0.03352	0.01037	0.00550	0.00565	0.00163	0.00680	0.00550	0.00320	0.19256
1	0.19510	0.01379	0.01293	0.01040	0.01453	0.13641	0.02254	0.08860	0.04737	0.12388	0.02550	0.01332	0.00991	0.00568	0.00475	0.00145	0.00565	0.00419	0.00423	0.25976
2	0.03132	0.01217	0.04516	0.01087	0.01457	0.07380	0.05736	0.07069	0.10119	0.13008	0.02332	0.10916	0.12653	0.00859	0.00576	0.00169	0.00526	0.00726	0.00479	0.16043
3	0.01264	0.01204	0.02048	0.37373	0.43652	0.01319	0.01680	0.01623	0.01231	0.01685	0.01049	0.01465	0.00841	0.00538	0.00569	0.00179	0.00717	0.00509	0.00270	0.00784
4	0.01391	0.01117	0.01736	0.36179	0.11030	0.01355	0.01398	0.01669	0.01158	0.12779	0.01133	0.01497	0.00873	0.00709	0.00949	0.00203	0.23270	0.00516	0.00324	0.00714
5	0.00790	0.00584	0.00737	0.00699	0.00842	0.00531	0.00524	0.01041	0.01572	0.02181	0.65488	0.04458	0.16008	0.01211	0.00675	0.00182	0.00273	0.01060	0.00615	0.00531
6	0.01136	0.13451	0.29675	0.01128	0.01597	0.01114	0.01225	0.01538	0.01385	0.05656	0.30045	0.02592	0.02664	0.00826	0.00579	0.00175	0.00558	0.03525	0.00426	0.00704
7	0.00832	0.00555	0.00624	0.00624	0.00624	0.00555	0.00347	0.00832	0.00832	0.01109	0.01802	0.03743	0.02080	0.79898	0.02911	0.00555	0.00555	0.00832	0.00347	0.00347
8	0.01352	0.01272	0.01252	0.01095	0.01338	0.18775	0.05580	0.09710	0.01664	0.04269	0.32398	0.07792	0.06322	0.00988	0.00631	0.00179	0.00555	0.03680	0.00510	0.00638
9	0.01392	0.52573	0.29469	0.01212	0.01829	0.01929	0.01385	0.01748	0.01178	0.01512	0.00878	0.01021	0.00731	0.00509	0.00430	0.00143	0.00695	0.00348	0.00244	0.00774
10	0.01193	0.05024	0.34295	0.01284	0.01808	0.09724	0.01374	0.01598	0.01174	0.01628	0.01132	0.01445	0.00929	0.01510	0.20704	0.00354	0.00974	0.00449	0.00279	0.13122
11	0.17278	0.01300	0.12528	0.03828	0.01570	0.00985	0.03061	0.03721	0.01187	0.01985	0.01231	0.10005	0.01117	0.00632	0.00480	0.00143	0.00515	0.00512	0.00352	0.37569
12	0.01332	0.04984	0.29712	0.16478	0.05098	0.01286	0.03746	0.09892	0.01392	0.04794	0.02997	0.01397	0.00934	0.00564	0.00537	0.00165	0.00702	0.00465	0.00327	0.13200
13	0.13498	0.01460	0.20935	0.01313	0.09904	0.01063	0.01132	0.01650	0.11389	0.01994	0.10027	0.02576	0.17501	0.00903	0.02104	0.00198	0.00547	0.00682	0.00413	0.00710
14	0.01223	0.01049	0.01609	0.02163	0.36844	0.01075	0.01203	0.09592	0.01347	0.01876	0.01722	0.21991	0.01746	0.01433	0.12176	0.00299	0.00711	0.00818	0.00384	0.00739
15	0.01209	0.11282	0.52407	0.01779	0.13340	0.01387	0.01829	0.01744	0.01244	0.01799	0.05920	0.01407	0.01059	0.00573	0.00536	0.00173	0.00756	0.00463	0.00274	0.00822
16	0.01253	0.00979	0.01152	0.21236	0.01852	0.09449	0.00921	0.01474	0.01320	0.12826	0.07392	0.20697	0.12287	0.01078	0.00632	0.00196	0.00544	0.03627	0.00465	0.00618

[dist]
# distance from previous block
# <min> <max>
9	96

[block]
# block no. 6 follows, 41 sequences, length 7
# corresponding to MSA columns:
# 2167-2173
name=unknown_G
#
# <colnr> <probs for GDERKNQSTAVLIFYWHMCP>
#	G	D	E	R	K	N	Q	S	T	A	V	L	I	F	Y	W	H	M	C	P
0	0.01160	0.01338	0.16639	0.00990	0.01502	0.00836	0.00948	0.01476	0.01213	0.05073	0.01623	0.07639	0.07139	0.00649	0.00499	0.00129	0.00495	0.00536	0.00365	0.49750
1	0.01237	0.01038	0.01180	0.01031	0.01379	0.01036	0.00829	0.02101	0.34283	0.02069	0.02014	0.02689	0.01750	0.00818	0.00569	0.00170	0.00458	0.15273	0.00486	0.29590
2	0.01289	0.01234	0.01373	0.01144	0.01372	0.09853	0.00919	0.05095	0.01292	0.01817	0.16312	0.01834	0.01741	0.00810	0.01000	0.00173	0.27817	0.00550	0.00374	0.24003
3	0.01049	0.01543	0.26462	0.01664	0.16932	0.01031	0.01373	0.01441	0.01173	0.01709	0.09744	0.01961	0.01539	0.01914	0.27442	0.00436	0.00985	0.00576	0.00317	0.00706
4	0.01191	0.01201	0.08408	0.16959	0.01958	0.01118	0.04638	0.13739	0.11766	0.02030	0.02916	0.02930	0.26956	0.00915	0.00612	0.00188	0.00552	0.00770	0.00449	0.00703
5	0.01073	0.01169	0.09851	0.01590	0.19704	0.05190	0.01060	0.03475	0.01351	0.01835	0.17259	0.26555	0.05376	0.01093	0.00638	0.00192	0.00510	0.00974	0.00445	0.00659
6	0.18119	0.01097	0.01049	0.00878	0.01203	0.09548	0.03248	0.01394	0.01182	0.01801	0.02053	0.05123	0.15730	0.08668	0.00738	0.00188	0.00499	0.00615	0.00381	0.26485

[dist]
# distance from previous block
# <min> <max>
9	12

[block]
# block no. 7 follows, 41 sequences, length 30
# corresponding to MSA columns:
# 2187-2216
name=unknown_H
#
# <colnr> <probs for GDERKNQSTAVLIFYWHMCP>
#	G	D	E	R	K	N	Q	S	T	A	V	L	I	F	Y	W	H	M	C	P
0	0.01308	0.01114	0.01412	0.11769	0.07665	0.01001	0.00937	0.10223	0.01370	0.02018	0.01064	0.01273	0.00855	0.00482	0.00473	0.00116	0.00515	0.00397	0.00351	0.55658
1	0.01744	0.01404	0.01703	0.10595	0.02029	0.01550	0.06398	0.38692	0.20645	0.02825	0.01538	0.01586	0.01129	0.00667	0.00575	0.00177	0.00615	0.00550	0.00504	0.05076
2	0.01643	0.01436	0.01908	0.04664	0.29134	0.14223	0.10002	0.01922	0.01420	0.15661	0.01853	0.01972	0.10237	0.00675	0.00586	0.00174	0.00693	0.00603	0.00395	0.00800
3	0.00692	0.00580	0.00602	0.00597	0.00783	0.00490	0.00448	0.00853	0.01343	0.01638	0.14457	0.05353	0.67378	0.01414	0.00676	0.00192	0.00287	0.01186	0.00543	0.00490
4	0.01127	0.00954	0.01123	0.00841	0.01292	0.00727	0.00660	0.01363	0.01175	0.01815	0.01273	0.10583	0.01199	0.00588	0.00460	0.00102	0.00413	0.00493	0.00362	0.73447
5	0.02000	0.02481	0.01558	0.01384	0.01709	0.66568	0.01044	0.02163	0.01558	0.01467	0.00903	0.01054	0.00753	0.00566	0.00503	0.00138	0.00944	0.00364	0.00301	0.12543
6	0.01311	0.01093	0.01253	0.00912	0.01409	0.00902	0.00733	0.10240	0.03449	0.02088	0.01096	0.01235	0.00888	0.00465	0.00446	0.00098	0.00449	0.00369	0.00374	0.71190
7	0.01176	0.00917	0.01059	0.00980	0.01211	0.00985	0.00777	0.08599	0.27691	0.02355	0.29847	0.03541	0.03274	0.01039	0.00644	0.00196	0.00408	0.12080	0.02515	0.00707
8	0.01186	0.01017	0.01186	0.00847	0.01356	0.00762	0.00678	0.01440	0.01186	0.01864	0.01017	0.01186	0.00847	0.00424	0.00424	0.00085	0.00424	0.00339	0.00339	0.83395
9	0.01416	0.01359	0.02322	0.03511	0.76330	0.01359	0.01755	0.01755	0.01302	0.01869	0.01076	0.01416	0.00906	0.00510	0.00566	0.00170	0.00680	0.00510	0.00283	0.00906
10	0.13104	0.02215	0.41208	0.01767	0.02452	0.01362	0.26219	0.01800	0.01222	0.01927	0.01038	0.01281	0.00758	0.00521	0.00561	0.00184	0.00828	0.00492	0.00274	0.00788
11	0.00968	0.00513	0.00770	0.00770	0.00785	0.00528	0.00528	0.00785	0.00770	0.01042	0.01071	0.01812	0.01056	0.02318	0.13062	0.71520	0.00645	0.00513	0.00257	0.00286
12	0.01090	0.01120	0.02009	0.01530	0.01924	0.01059	0.35978	0.01573	0.10202	0.01785	0.03149	0.03196	0.31013	0.00903	0.00664	0.00193	0.00634	0.00884	0.00421	0.00672
13	0.02159	0.02051	0.01678	0.01379	0.01772	0.32053	0.01094	0.45617	0.02263	0.02724	0.01178	0.01237	0.00879	0.00648	0.00550	0.00162	0.00790	0.00456	0.00461	0.00849
14	0.01498	0.12374	0.01544	0.01199	0.10571	0.01035	0.00860	0.01732	0.01308	0.17757	0.01830	0.01857	0.09986	0.00627	0.00496	0.00133	0.00480	0.00510	0.00420	0.33784
15	0.00811	0.00579	0.00794	0.00926	0.01009	0.00563	0.00729	0.00993	0.01207	0.01587	0.03090	0.42583	0.03535	0.01685	0.00760	0.00248	0.00430	0.37446	0.00529	0.00496
16	0.00891	0.00715	0.01074	0.00911	0.01122	0.00658	0.11087	0.01165	0.01466	0.02055	0.42052	0.03875	0.18699	0.01067	0.00642	0.00179	0.00373	0.00958	0.10450	0.00561
17	0.01358	0.01303	0.02533	0.27417	0.13723	0.01333	0.34773	0.01768	0.01296	0.07073	0.01178	0.01548	0.00878	0.00532	0.00618	0.00188	0.00823	0.00589	0.00307	0.00761
18	0.01745	0.00795	0.01073	0.00901	0.01198	0.00707	0.00726	0.01989	0.01607	0.41553	0.31771	0.03203	0.03142	0.00956	0.00631	0.00184	0.00403	0.05985	0.00664	0.00768
19	0.00701	0.00500	0.00662	0.00791	0.00823	0.00467	0.00525	0.00798	0.01087	0.01449	0.03109	0.77086	0.03728	0.04306	0.00800	0.00243	0.00339	0.01601	0.00525	0.00461
20	0.01278	0.00997	0.01103	0.01000	0.01213	0.01170	0.00785	0.02225	0.39629	0.02159	0.01946	0.02007	0.01509	0.00771	0.00707	0.00182	0.11648	0.00587	0.28345	0.00740
21	0.01150	0.00955	0.01075	0.00991	0.01233	0.01064	0.00766	0.02169	0.43486	0.02157	0.18223	0.02852	0.07885	0.01414	0.11673	0.00295	0.00557	0.00765	0.00549	0.00740
22	0.02402	0.01010	0.01323	0.01039	0.01464	0.00924	0.00850	0.02824	0.12215	0.66052	0.02267	0.01974	0.01463	0.00718	0.00576	0.00179	0.00482	0.00585	0.00690	0.00964
23	0.01305	0.01087	0.01250	0.00903	0.01406	0.00884	0.00727	0.10195	0.01366	0.02073	0.01059	0.01209	0.00862	0.00455	0.00441	0.00095	0.00448	0.00360	0.00367	0.73508
24	0.01387	0.30582	0.24577	0.01318	0.05563	0.07111	0.01308	0.01772	0.03275	0.01641	0.00969	0.01121	0.00789	0.00510	0.00457	0.00139	0.00676	0.00371	0.00276	0.16158
25	0.01186	0.21596	0.07686	0.10623	0.12396	0.01319	0.01103	0.01589	0.07004	0.01844	0.24013	0.02283	0.03615	0.00753	0.00550	0.00166	0.00536	0.00633	0.00399	0.00705
26	0.01186	0.01017	0.01186	0.00847	0.01356	0.00762	0.00678	0.01440	0.01186	0.01864	0.01017	0.01186	0.00847	0.00424	0.00424	0.00085	0.00424	0.00339	0.00339	0.83395
27	0.00787	0.00572	0.00665	0.00661	0.00737	0.00558	0.00437	0.00874	0.01026	0.01342	0.08214	0.04033	0.21802	0.42572	0.12887	0.00484	0.00604	0.00914	0.00410	0.00420
28	0.01521	0.01239	0.01691	0.10917	0.01836	0.01586	0.01220	0.12046	0.01261	0.10745	0.01054	0.01386	0.00864	0.00868	0.01373	0.00223	0.48587	0.00513	0.00352	0.00718
29	0.00705	0.00529	0.00658	0.00755	0.00837	0.00482	0.00530	0.00827	0.01164	0.01498	0.03841	0.55437	0.22811	0.01688	0.00720	0.00224	0.00333	0.05957	0.00531	0.00473

[dist]
# distance from previous block
# <min> <max>
9	16

[block]
# block no. 8 follows, 41 sequences, length 7
# corresponding to MSA columns:
# 2235-2241
name=unknown_I
#
# <colnr> <probs for GDERKNQSTAVLIFYWHMCP>
#	G	D	E	R	K	N	Q	S	T	A	V	L	I	F	Y	W	H	M	C	P
0	0.11993	0.35311	0.10387	0.01144	0.01586	0.18657	0.01070	0.06398	0.01338	0.01712	0.01002	0.05167	0.00896	0.00604	0.00450	0.00150	0.00696	0.00416	0.00305	0.00717
1	0.06515	0.35638	0.14670	0.01015	0.01462	0.05502	0.01027	0.05523	0.01271	0.01805	0.01118	0.01279	0.00908	0.00558	0.00422	0.00142	0.00583	0.00393	0.19462	0.00708
2	0.01680	0.19003	0.11052	0.01115	0.01534	0.09630	0.01025	0.09348	0.09645	0.14607	0.01553	0.05619	0.01228	0.00684	0.00508	0.00162	0.00596	0.00527	0.09697	0.00787
3	0.01200	0.00859	0.00982	0.00884	0.01053	0.00939	0.00651	0.16483	0.09625	0.01934	0.01719	0.02559	0.01600	0.28997	0.18491	0.00469	0.00744	0.00663	0.09554	0.00597
4	0.01033	0.01374	0.20804	0.10865	0.01899	0.00964	0.11924	0.01379	0.01162	0.01660	0.06056	0.07181	0.03606	0.17197	0.01066	0.00260	0.00645	0.00702	0.09606	0.00617
5	0.01388	0.01441	0.19649	0.18481	0.02298	0.01057	0.09477	0.01791	0.01389	0.17925	0.17146	0.02122	0.01885	0.00710	0.00599	0.00183	0.00642	0.00632	0.00432	0.00753
6	0.01373	0.10517	0.32515	0.03491	0.01840	0.01210	0.01344	0.06904	0.01397	0.10929	0.09703	0.04962	0.01518	0.00689	0.00540	0.00168	0.00622	0.00556	0.03832	0.05889

[dist]
# distance from previous block
# <min> <max>
27	54

[block]
# block no. 9 follows, 41 sequences, length 10
# corresponding to MSA columns:
# 2306-2315
name=unknown_J
#
# <colnr> <probs for GDERKNQSTAVLIFYWHMCP>
#	G	D	E	R	K	N	Q	S	T	A	V	L	I	F	Y	W	H	M	C	P
0	0.08636	0.09823	0.01787	0.27542	0.24651	0.01275	0.01309	0.01488	0.01170	0.01670	0.01343	0.14250	0.01288	0.00742	0.00554	0.00182	0.00621	0.00653	0.00317	0.00698
1	0.51291	0.01221	0.01241	0.01321	0.13650	0.01370	0.00895	0.10630	0.09472	0.02557	0.01082	0.01197	0.00834	0.00573	0.00441	0.00177	0.00505	0.00405	0.00394	0.00741
2	0.01628	0.01544	0.11551	0.01184	0.01672	0.03974	0.01059	0.22419	0.17320	0.07128	0.01468	0.01484	0.01088	0.00612	0.00528	0.00153	0.00569	0.00480	0.00464	0.23675
3	0.01217	0.00962	0.01268	0.24686	0.02014	0.01069	0.00985	0.16036	0.07103	0.02129	0.19626	0.02577	0.08802	0.00957	0.00752	0.07470	0.00528	0.00708	0.00457	0.00653
4	0.00889	0.00667	0.00835	0.00914	0.01019	0.00683	0.00685	0.01276	0.13386	0.01654	0.02872	0.40494	0.03173	0.07958	0.00901	0.00261	0.00423	0.20841	0.00523	0.00545
5	0.02063	0.01273	0.01605	0.01546	0.13923	0.01311	0.01078	0.24640	0.14347	0.29373	0.01803	0.01715	0.01251	0.00680	0.00574	0.00177	0.00557	0.00558	0.00575	0.00951
6	0.01528	0.01464	0.02352	0.09472	0.27944	0.05113	0.21986	0.16211	0.01586	0.02130	0.01215	0.04113	0.00986	0.00591	0.00602	0.00180	0.00763	0.00589	0.00349	0.00830
7	0.01914	0.00945	0.01202	0.01003	0.01336	0.00895	0.00812	0.14020	0.01706	0.39897	0.09096	0.11782	0.04442	0.00976	0.00625	0.00191	0.00470	0.07233	0.00636	0.00818
8	0.00831	0.00596	0.00781	0.00879	0.00971	0.00579	0.00690	0.01002	0.01182	0.01537	0.03098	0.23467	0.09587	0.14551	0.01116	0.00298	0.00464	0.37394	0.00498	0.00478
9	0.01558	0.00936	0.01175	0.07968	0.01508	0.00960	0.00837	0.06575	0.18485	0.24264	0.11313	0.15131	0.04866	0.00971	0.00617	0.00192	0.00454	0.00833	0.00585	0.00774

[dist]
# distance from previous block
# <min> <max>
0	6

[block]
# block no. 10 follows, 41 sequences, length 11
# corresponding to MSA columns:
# 2322-2332
name=unknown_K
#
# <colnr> <probs for GDERKNQSTAVLIFYWHMCP>
#	G	D	E	R	K	N	Q	S	T	A	V	L	I	F	Y	W	H	M	C	P
0	0.02428	0.01196	0.01465	0.01123	0.01571	0.01171	0.00928	0.28142	0.02010	0.50845	0.01944	0.01744	0.01259	0.00700	0.00574	0.00175	0.00537	0.00554	0.00660	0.00973
1	0.01524	0.01432	0.01348	0.01109	0.01511	0.13859	0.00869	0.09224	0.27635	0.02143	0.01493	0.01514	0.01159	0.00601	0.00509	0.00142	0.00555	0.00470	0.00440	0.32462
2	0.01478	0.14875	0.28374	0.01220	0.01788	0.01321	0.01294	0.02077	0.13063	0.14144	0.04555	0.01555	0.01213	0.00611	0.00517	0.00162	0.00613	0.00480	0.00400	0.10261
3	0.01281	0.14232	0.01574	0.15985	0.09154	0.08598	0.00965	0.05968	0.01178	0.01466	0.01215	0.02003	0.01178	0.23089	0.01360	0.08654	0.00661	0.00552	0.00305	0.00582
4	0.01561	0.01606	0.19857	0.01247	0.01749	0.01219	0.02976	0.23374	0.01647	0.10238	0.01346	0.01513	0.01012	0.01205	0.13345	0.00285	0.00792	0.00491	0.00417	0.14119
5	0.00982	0.01063	0.09048	0.01328	0.01626	0.00859	0.19507	0.01309	0.01337	0.01831	0.18740	0.19151	0.02992	0.01149	0.00698	0.00212	0.00572	0.16523	0.00462	0.00611
6	0.01263	0.14462	0.09367	0.39442	0.12895	0.01497	0.04209	0.04260	0.01228	0.01620	0.00997	0.01363	0.00784	0.00565	0.00590	0.00177	0.03816	0.00473	0.00268	0.00725
7	0.00859	0.00545	0.00644	0.00644	0.00644	0.00545	0.00372	0.00817	0.00817	0.01090	0.01668	0.03410	0.01899	0.66956	0.02799	0.14310	0.00545	0.00776	0.00330	0.00330
8	0.01418	0.01021	0.05852	0.00994	0.01392	0.00806	0.03694	0.01692	0.01318	0.20211	0.11435	0.01977	0.01685	0.01245	0.13337	0.00269	0.00650	0.00554	0.00455	0.29995
9	0.01613	0.01354	0.01447	0.01372	0.12024	0.13661	0.00940	0.01932	0.05482	0.13910	0.01276	0.01369	0.00979	0.00529	0.00492	0.00128	0.00573	0.00423	0.00397	0.40099
10	0.01260	0.01101	0.01459	0.04691	0.01610	0.01065	0.05671	0.08494	0.01270	0.01889	0.01074	0.01359	0.00901	0.00928	0.08379	0.00212	0.11757	0.00436	0.00338	0.46105

[dist]
# distance from previous block
# <min> <max>
0	1

[block]
# block no. 11 follows, 41 sequences, length 18
# corresponding to MSA columns:
# 2334-2351
name=unknown_L
#
# <colnr> <probs for GDERKNQSTAVLIFYWHMCP>
#	G	D	E	R	K	N	Q	S	T	A	V	L	I	F	Y	W	H	M	C	P
0	0.05098	0.01023	0.01162	0.00959	0.01298	0.06450	0.00763	0.04365	0.01347	0.21486	0.06986	0.01861	0.01463	0.01541	0.19692	0.00335	0.00757	0.00528	0.00455	0.22431
1	0.01575	0.15235	0.01475	0.00961	0.01289	0.02789	0.00801	0.14101	0.03210	0.17946	0.20369	0.02511	0.07699	0.01096	0.06221	0.00222	0.00553	0.00677	0.00528	0.00744
2	0.01241	0.07524	0.23893	0.01475	0.02098	0.01208	0.19511	0.01666	0.01232	0.01803	0.01038	0.01262	0.00808	0.00478	0.00517	0.00143	0.00695	0.00445	0.00291	0.32671
3	0.25896	0.04506	0.06634	0.00903	0.01234	0.01075	0.00793	0.11459	0.01468	0.02378	0.22638	0.02592	0.07476	0.00850	0.00539	0.00177	0.00450	0.04611	0.00470	0.03851
4	0.00745	0.00582	0.00676	0.00652	0.00815	0.00512	0.00489	0.00955	0.01467	0.01934	0.42237	0.04865	0.39413	0.01304	0.00675	0.00186	0.00279	0.01118	0.00582	0.00512
5	0.01198	0.01027	0.01191	0.00863	0.01362	0.00795	0.00689	0.01518	0.04786	0.01890	0.01080	0.01232	0.00891	0.00441	0.00431	0.00090	0.00425	0.00354	0.00351	0.79388
6	0.00697	0.00498	0.00664	0.00796	0.00830	0.00465	0.00531	0.00796	0.01095	0.01460	0.03153	0.79525	0.03783	0.01792	0.00730	0.00232	0.00332	0.01626	0.00531	0.00465
7	0.01186	0.01017	0.01186	0.00847	0.01356	0.00762	0.00678	0.01440	0.01186	0.01864	0.01017	0.01186	0.00847	0.00424	0.00424	0.00085	0.00424	0.00339	0.00339	0.83395
8	0.01569	0.07990	0.47136	0.01377	0.02070	0.01236	0.01612	0.02056	0.01322	0.22449	0.01348	0.01389	0.00922	0.00579	0.00534	0.00171	0.00710	0.00452	0.00375	0.04703
9	0.01168	0.07238	0.72840	0.01594	0.02420	0.01380	0.02051	0.01806	0.01205	0.01786	0.01014	0.01192	0.00725	0.00540	0.00534	0.00178	0.00832	0.00416	0.00242	0.00839
10	0.01610	0.01261	0.01354	0.01174	0.01525	0.01428	0.00926	0.12812	0.59916	0.08031	0.02192	0.02016	0.01616	0.00759	0.00580	0.00190	0.00479	0.00623	0.00590	0.00920
11	0.01378	0.07366	0.21242	0.01434	0.07008	0.01163	0.08573	0.01888	0.08310	0.12205	0.14813	0.01973	0.01794	0.00678	0.00567	0.00169	0.00603	0.00590	0.00424	0.07823
12	0.01352	0.01011	0.01203	0.00868	0.01368	0.00772	0.00697	0.01602	0.01240	0.10848	0.01165	0.01277	0.00915	0.00458	0.00442	0.00096	0.00431	0.00367	0.00383	0.73503
13	0.00817	0.00613	0.00919	0.00919	0.01021	0.00715	0.00715	0.01021	0.00919	0.01328	0.01532	0.02247	0.01430	0.04290	0.77631	0.00919	0.01532	0.00613	0.00306	0.00511
14	0.00862	0.00599	0.00763	0.00821	0.00890	0.00593	0.00614	0.01000	0.01113	0.01477	0.08452	0.08198	0.02938	0.36879	0.01735	0.00387	0.00510	0.31270	0.00454	0.00444
15	0.01186	0.01017	0.01186	0.00847	0.01356	0.00762	0.00678	0.01440	0.01186	0.01864	0.01017	0.01186	0.00847	0.00424	0.00424	0.00085	0.00424	0.00339	0.00339	0.83395
16	0.01205	0.01034	0.01195	0.00873	0.01366	0.00816	0.00696	0.01571	0.07248	0.01907	0.01124	0.01264	0.00921	0.00452	0.00437	0.00094	0.00426	0.00364	0.00359	0.76648
17	0.01236	0.06789	0.01278	0.00845	0.01308	0.00859	0.00679	0.01463	0.01173	0.04657	0.01113	0.01405	0.00962	0.06940	0.00629	0.00129	0.00451	0.00386	0.00347	0.67353

[dist]
# distance from previous block
# <min> <max>
0	1

[block]
# block no. 12 follows, 41 sequences, length 8
# corresponding to MSA columns:
# 2353-2360
name=unknown_M
#
# <colnr> <probs for GDERKNQSTAVLIFYWHMCP>
#	G	D	E	R	K	N	Q	S	T	A	V	L	I	F	Y	W	H	M	C	P
0	0.00977	0.00870	0.01061	0.00980	0.01140	0.00979	0.00794	0.01303	0.09474	0.01631	0.03397	0.03880	0.33163	0.01221	0.01005	0.00214	0.22232	0.10908	0.00449	0.04320
1	0.01677	0.28252	0.13134	0.01174	0.01698	0.01697	0.01135	0.23956	0.05301	0.05914	0.01177	0.01239	0.00901	0.00575	0.00483	0.00148	0.00616	0.00420	0.00394	0.10108
2	0.00941	0.00702	0.00917	0.01002	0.01158	0.00710	0.00854	0.01325	0.08511	0.01792	0.07012	0.05829	0.10202	0.01468	0.00753	0.00246	0.00484	0.54997	0.00538	0.00560
3	0.01281	0.02004	0.32455	0.07001	0.34147	0.01351	0.10015	0.01769	0.01260	0.01818	0.01062	0.01353	0.00820	0.00524	0.00570	0.00178	0.00783	0.00493	0.00265	0.00851
4	0.01186	0.01017	0.01186	0.00847	0.01356	0.00762	0.00678	0.01440	0.01186	0.01864	0.01017	0.01186	0.00847	0.00424	0.00424	0.00085	0.00424	0.00339	0.00339	0.83395
5	0.00860	0.00765	0.00827	0.00815	0.00972	0.06691	0.00624	0.01034	0.01142	0.01428	0.03338	0.03571	0.33915	0.02759	0.37999	0.00542	0.00951	0.00853	0.00403	0.00511
6	0.00953	0.01170	0.15631	0.26150	0.02209	0.00928	0.01237	0.01295	0.01219	0.01650	0.09338	0.20395	0.02306	0.01063	0.00647	0.00209	0.00594	0.12002	0.00395	0.00610
7	0.05414	0.01367	0.07560	0.34461	0.10967	0.06414	0.01369	0.13090	0.01435	0.01957	0.01227	0.05976	0.01011	0.00656	0.00555	0.00181	0.00692	0.00550	0.04398	0.00722

[dist]
# distance from previous block
# <min> <max>
5	9

[block]
# block no. 13 follows, 41 sequences, length 17
# corresponding to MSA columns:
# 2370-2386
name=unknown_N
#
# <colnr> <probs for GDERKNQSTAVLIFYWHMCP>
#	G	D	E	R	K	N	Q	S	T	A	V	L	I	F	Y	W	H	M	C	P
0	0.01374	0.01677	0.18772	0.02926	0.55183	0.01310	0.01767	0.01779	0.01302	0.04251	0.03487	0.01477	0.01025	0.00544	0.00565	0.00173	0.00697	0.00509	0.00298	0.00883
1	0.02094	0.01562	0.01672	0.01300	0.01743	0.01736	0.01068	0.66826	0.10417	0.03476	0.01475	0.01454	0.01055	0.00696	0.00573	0.00174	0.00611	0.00529	0.00573	0.00966
2	0.01186	0.01017	0.01186	0.00847	0.01356	0.00762	0.00678	0.01440	0.01186	0.01864	0.01017	0.01186	0.00847	0.00424	0.00424	0.00085	0.00424	0.00339	0.00339	0.83395
3	0.00817	0.00548	0.00628	0.00642	0.00646	0.00545	0.00366	0.00828	0.00860	0.01146	0.01946	0.11808	0.02261	0.71585	0.02679	0.00520	0.00531	0.00916	0.00366	0.00359
4	0.00762	0.00558	0.00716	0.00729	0.00839	0.00511	0.00527	0.00968	0.01430	0.01968	0.47098	0.27008	0.11991	0.01384	0.00691	0.00197	0.00290	0.01230	0.00590	0.00511
5	0.01701	0.09726	0.23295	0.09589	0.02174	0.01642	0.01422	0.38738	0.01951	0.02641	0.01179	0.01297	0.00856	0.00614	0.00544	0.00171	0.00703	0.00467	0.00412	0.00877
6	0.02566	0.00973	0.01327	0.01018	0.01460	0.00841	0.00841	0.02788	0.01637	0.76726	0.02257	0.01947	0.01416	0.00708	0.00575	0.00177	0.00487	0.00575	0.00708	0.00973
7	0.00697	0.00498	0.00664	0.00796	0.00830	0.00465	0.00531	0.00796	0.01095	0.01460	0.03153	0.79525	0.03783	0.01792	0.00730	0.00232	0.00332	0.01626	0.00531	0.00465
8	0.01421	0.01258	0.01521	0.01684	0.18070	0.01409	0.01094	0.02755	0.58902	0.02277	0.02051	0.01975	0.01560	0.00717	0.00579	0.00189	0.00503	0.00616	0.00516	0.00906
9	0.01318	0.01132	0.01196	0.01083	0.01384	0.01285	0.00840	0.02720	0.64216	0.02304	0.06415	0.02577	0.09306	0.00863	0.00596	0.00193	0.00427	0.00722	0.00579	0.00845
10	0.02390	0.00935	0.01271	0.00988	0.01400	0.00811	0.00811	0.02617	0.01635	0.69274	0.09643	0.02180	0.01815	0.00754	0.00585	0.00177	0.00465	0.00621	0.00700	0.00930
11	0.01285	0.01075	0.01239	0.00894	0.01397	0.00864	0.00719	0.08748	0.01337	0.02038	0.01052	0.01205	0.00860	0.00450	0.00438	0.00093	0.00444	0.00357	0.00362	0.75142
12	0.01174	0.33306	0.17801	0.01074	0.01493	0.01453	0.01100	0.01474	0.01148	0.01533	0.08516	0.01691	0.01393	0.01652	0.22470	0.00368	0.00890	0.00490	0.00300	0.00675
13	0.01214	0.01114	0.01660	0.48477	0.10945	0.01324	0.01411	0.01943	0.22309	0.01770	0.01397	0.01687	0.01058	0.00623	0.00574	0.00189	0.00665	0.00548	0.00351	0.00741
14	0.01181	0.01017	0.01209	0.04224	0.01468	0.00785	0.00717	0.01441	0.01184	0.01846	0.01017	0.01201	0.00844	0.00430	0.00430	0.00089	0.00438	0.00346	0.00335	0.79797
15	0.00830	0.00560	0.00653	0.00653	0.00663	0.00570	0.00383	0.00851	0.00840	0.01131	0.01775	0.03595	0.02015	0.72399	0.10322	0.00591	0.00651	0.00810	0.00343	0.00363
16	0.01260	0.02210	0.40880	0.01760	0.02425	0.01381	0.22446	0.02062	0.16015	0.01933	0.01323	0.01488	0.00969	0.00572	0.00589	0.00187	0.00801	0.00539	0.00323	0.00836

[dist]
# distance from previous block
# <min> <max>
0	1

[block]
# block no. 14 follows, 41 sequences, length 10
# corresponding to MSA columns:
# 2388-2397
name=unknown_O
#
# <colnr> <probs for GDERKNQSTAVLIFYWHMCP>
#	G	D	E	R	K	N	Q	S	T	A	V	L	I	F	Y	W	H	M	C	P
0	0.01285	0.01269	0.01958	0.01663	0.06876	0.01454	0.15210	0.01649	0.07626	0.01678	0.01040	0.01385	0.00890	0.00741	0.01172	0.00198	0.37059	0.00518	0.00306	0.16023
1	0.00832	0.00555	0.00624	0.00624	0.00624	0.00555	0.00347	0.00832	0.00832	0.01109	0.01802	0.03743	0.02080	0.79898	0.02911	0.00555	0.00555	0.00832	0.00347	0.00347
2	0.35378	0.31240	0.17819	0.01024	0.01533	0.01661	0.01072	0.01721	0.01094	0.01947	0.00845	0.00984	0.00685	0.00518	0.00399	0.00157	0.00592	0.00332	0.00289	0.00711
3	0.01301	0.01312	0.01782	0.47142	0.16253	0.10685	0.01496	0.01727	0.06674	0.01591	0.01097	0.01479	0.00857	0.00594	0.00614	0.00184	0.03714	0.00501	0.00288	0.00706
4	0.01372	0.48423	0.33439	0.01247	0.01883	0.01878	0.01446	0.01753	0.01181	0.01537	0.00890	0.01037	0.00730	0.00512	0.00440	0.00147	0.00708	0.00354	0.00243	0.00780
5	0.00755	0.00583	0.00688	0.00662	0.00821	0.00516	0.00496	0.00973	0.01489	0.01986	0.47111	0.04780	0.34506	0.01284	0.00675	0.00185	0.00278	0.01106	0.00589	0.00516
6	0.01107	0.00941	0.01095	0.00827	0.01273	0.00722	0.00663	0.01348	0.01209	0.01815	0.01729	0.02045	0.10236	0.00622	0.00477	0.00109	0.00414	0.04948	0.00374	0.68046
7	0.01385	0.01080	0.01135	0.00954	0.01273	0.01130	0.00761	0.31397	0.10956	0.02497	0.03549	0.03390	0.36041	0.01052	0.00622	0.00184	0.00450	0.00853	0.00554	0.00736
8	0.01304	0.01407	0.02619	0.01988	0.02297	0.01589	0.40268	0.01620	0.01129	0.01620	0.00968	0.01407	0.00813	0.00724	0.01235	0.00220	0.37223	0.00594	0.00271	0.00704
9	0.03715	0.00605	0.00768	0.00860	0.00958	0.00593	0.00667	0.01004	0.01167	0.01563	0.03059	0.26528	0.09974	0.13451	0.01068	0.00289	0.00450	0.32302	0.00495	0.00481

[dist]
# distance from previous block
# <min> <max>
0	1

[block]
# block no. 15 follows, 41 sequences, length 37
# corresponding to MSA columns:
# 2399-2435
name=unknown_P
#
# <colnr> <probs for GDERKNQSTAVLIFYWHMCP>
#	G	D	E	R	K	N	Q	S	T	A	V	L	I	F	Y	W	H	M	C	P
0	0.00904	0.01625	0.34998	0.01120	0.01555	0.00859	0.01220	0.01271	0.01193	0.01652	0.02731	0.26688	0.17807	0.01131	0.00627	0.00199	0.00553	0.00970	0.02258	0.00642
1	0.01576	0.69479	0.05645	0.01053	0.01536	0.09857	0.01034	0.01774	0.01210	0.01369	0.00813	0.00940	0.00734	0.00502	0.00389	0.00127	0.00663	0.00317	0.00250	0.00731
2	0.00734	0.00525	0.00707	0.00839	0.00889	0.00497	0.00596	0.00861	0.01132	0.01502	0.03132	0.67304	0.03701	0.01757	0.00740	0.00237	0.00364	0.13476	0.00530	0.00475
3	0.01186	0.01017	0.01186	0.00847	0.01356	0.00762	0.00678	0.01440	0.01186	0.01864	0.01017	0.01186	0.00847	0.00424	0.00424	0.00085	0.00424	0.00339	0.00339	0.83395
4	0.01117	0.00934	0.01157	0.01260	0.10648	0.00992	0.00838	0.01918	0.31678	0.02136	0.23518	0.13608	0.05773	0.01022	0.00631	0.00192	0.00406	0.00899	0.00549	0.00723
5	0.01274	0.01129	0.01527	0.01097	0.01611	0.00924	0.10997	0.06270	0.01307	0.01973	0.01060	0.01248	0.00858	0.00449	0.00468	0.00106	0.00513	0.00397	0.00347	0.66445
6	0.01595	0.01591	0.11417	0.12913	0.28107	0.01488	0.01512	0.26716	0.04881	0.02423	0.01217	0.01421	0.00922	0.00595	0.00567	0.00176	0.00685	0.00506	0.00386	0.00883
7	0.31271	0.01886	0.29583	0.01658	0.11386	0.01332	0.11617	0.01760	0.01154	0.02096	0.00967	0.01180	0.00729	0.00526	0.00496	0.00180	0.00695	0.00428	0.00294	0.00761
8	0.11622	0.01098	0.01507	0.26242	0.02196	0.01351	0.01173	0.01440	0.01047	0.01658	0.03821	0.01408	0.00933	0.00728	0.01011	0.00196	0.29596	0.00477	0.00292	0.12203
9	0.00881	0.00744	0.01119	0.01053	0.01212	0.00726	0.10885	0.01233	0.10536	0.01654	0.04544	0.52337	0.07884	0.01444	0.00699	0.00218	0.00431	0.01329	0.00506	0.00566
10	0.01911	0.01616	0.01559	0.01284	0.01675	0.11238	0.01027	0.40755	0.27524	0.02909	0.01640	0.01592	0.01209	0.00705	0.00568	0.00176	0.00619	0.00542	0.00540	0.00910
11	0.00858	0.00607	0.00822	0.00935	0.01026	0.00600	0.00753	0.01048	0.01199	0.01570	0.02885	0.22617	0.03233	0.12584	0.01073	0.00297	0.00486	0.46416	0.00502	0.00487
12	0.06200	0.01027	0.01127	0.01028	0.02658	0.01098	0.00817	0.22791	0.11964	0.03732	0.02517	0.03127	0.12753	0.00963	0.00592	0.00190	0.00471	0.13946	0.12276	0.00724
13	0.01438	0.53692	0.17585	0.01135	0.01673	0.01958	0.01196	0.01918	0.11542	0.01586	0.01056	0.01146	0.00874	0.00540	0.00432	0.00144	0.00636	0.00377	0.00291	0.00780
14	0.02566	0.00973	0.01327	0.01018	0.01460	0.00841	0.00841	0.02788	0.01637	0.76726	0.02257	0.01947	0.01416	0.00708	0.00575	0.00177	0.00487	0.00575	0.00708	0.00973
15	0.00697	0.00498	0.00664	0.00796	0.00830	0.00465	0.00531	0.00796	0.01095	0.01460	0.03153	0.79525	0.03783	0.01792	0.00730	0.00232	0.00332	0.01626	0.00531	0.00465
