[name]
unknown

[dist]
# distance from previous block
# <min> <max>
0	23

[block]
# block no. 0 follows, 42 sequences, length 10
# corresponding to MSA columns:
# 56-65
name=unknown_A
#
# <colnr> <probs for GDERKNQSTAVLIFYWHMCP>
#	G	D	E	R	K	N	Q	S	T	A	V	L	I	F	Y	W	H	M	C	P
0	0.01563	0.06991	0.06416	0.01536	0.07059	0.29821	0.09471	0.01829	0.02981	0.05038	0.01437	0.11183	0.01361	0.00801	0.00636	0.00178	0.04532	0.06135	0.00351	0.00681
1	0.00839	0.00896	0.10166	0.00924	0.01120	0.00668	0.05541	0.01042	0.01152	0.01553	0.12495	0.22936	0.12185	0.20447	0.01203	0.00287	0.00479	0.05118	0.00441	0.00510
2	0.01480	0.01812	0.10083	0.09312	0.11481	0.19925	0.26136	0.04367	0.01388	0.01732	0.01117	0.03116	0.00895	0.00561	0.00576	0.00172	0.00846	0.00539	0.03726	0.00735
3	0.01291	0.02052	0.29657	0.05458	0.02532	0.07271	0.30475	0.01758	0.01232	0.01691	0.01016	0.01325	0.00774	0.00570	0.00745	0.00189	0.10426	0.00523	0.00262	0.00753
4	0.00769	0.00549	0.00758	0.00809	0.00873	0.00582	0.00579	0.00910	0.00973	0.01365	0.02174	0.32695	0.02385	0.11763	0.36122	0.00568	0.00886	0.01014	0.03760	0.00467
5	0.00794	0.00519	0.00698	0.00780	0.00824	0.00497	0.00546	0.00826	0.01016	0.01338	0.02630	0.41346	0.07203	0.07347	0.01235	0.20507	0.00404	0.10641	0.00441	0.00406
6	0.03682	0.17462	0.35777	0.01240	0.01773	0.05630	0.01366	0.01654	0.01203	0.06802	0.01449	0.16764	0.01356	0.00781	0.00532	0.00175	0.00661	0.00632	0.00332	0.00728
7	0.00698	0.00499	0.00664	0.00775	0.00819	0.00465	0.00523	0.00815	0.01136	0.01529	0.11391	0.71302	0.03902	0.01694	0.00712	0.00223	0.00320	0.01534	0.00533	0.00465
8	0.00710	0.00500	0.00646	0.00753	0.00780	0.00473	0.00490	0.00790	0.01031	0.01374	0.02863	0.66139	0.03420	0.15891	0.01105	0.00286	0.00366	0.01459	0.00490	0.00436
9	0.01209	0.03257	0.01166	0.00899	0.01276	0.00900	0.00719	0.06630	0.11673	0.03599	0.10991	0.04874	0.04592	0.00725	0.00519	0.00137	0.00419	0.04233	0.00446	0.41737

[dist]
# distance from previous block
# <min> <max>
6	9

[block]
# block no. 1 follows, 42 sequences, length 10
# corresponding to MSA columns:
# 77-86
name=unknown_B
#
# <colnr> <probs for GDERKNQSTAVLIFYWHMCP>
#	G	D	E	R	K	N	Q	S	T	A	V	L	I	F	Y	W	H	M	C	P
0	0.00728	0.00537	0.00631	0.00671	0.00749	0.00494	0.00449	0.00832	0.01124	0.01461	0.11926	0.30234	0.23415	0.22676	0.01274	0.00297	0.00367	0.01210	0.00485	0.00439
1	0.01165	0.01540	0.16957	0.02130	0.22339	0.01175	0.24882	0.01566	0.01278	0.01748	0.02064	0.02250	0.16952	0.00696	0.00610	0.00181	0.00709	0.00683	0.00324	0.00749
2	0.01856	0.03663	0.01508	0.01207	0.01562	0.17213	0.04839	0.19435	0.09918	0.18196	0.04136	0.07299	0.05081	0.00781	0.00572	0.00173	0.00622	0.00632	0.00509	0.00798
3	0.00841	0.00578	0.00784	0.00784	0.00826	0.00631	0.00545	0.00894	0.00857	0.01189	0.01601	0.07433	0.01699	0.31367	0.32275	0.12850	0.03397	0.00723	0.00319	0.00406
4	0.00707	0.00549	0.00683	0.00730	0.00841	0.00525	0.00530	0.00848	0.01115	0.01437	0.03728	0.31446	0.31706	0.02238	0.19800	0.00381	0.00602	0.01192	0.00468	0.00475
5	0.01294	0.01497	0.08531	0.02589	0.28576	0.01322	0.38756	0.01709	0.01285	0.01790	0.01226	0.06473	0.01040	0.00571	0.00620	0.00183	0.00802	0.00648	0.00294	0.00792
6	0.01474	0.01228	0.01294	0.08175	0.06352	0.10646	0.00923	0.15823	0.17313	0.02065	0.01441	0.01653	0.01138	0.00888	0.00828	0.15127	0.00573	0.00515	0.11861	0.00684
7	0.00758	0.00561	0.00721	0.00778	0.00873	0.00502	0.00533	0.00881	0.01109	0.01521	0.07305	0.62046	0.03388	0.05059	0.00773	0.00222	0.00344	0.01372	0.00497	0.10760
8	0.07358	0.18554	0.02050	0.06362	0.01846	0.11104	0.12106	0.01977	0.12493	0.06997	0.01184	0.01351	0.00937	0.00635	0.00709	0.00176	0.12612	0.00475	0.00345	0.00731
9	0.33837	0.14829	0.04406	0.00902	0.01281	0.01285	0.00793	0.08087	0.01216	0.02123	0.01233	0.08287	0.01155	0.00695	0.00450	0.00162	0.00490	0.05563	0.00370	0.12837

[dist]
# distance from previous block
# <min> <max>
5	13

[block]
# block no. 2 follows, 42 sequences, length 37
# corresponding to MSA columns:
# 100-136
name=unknown_C
#
# <colnr> <probs for GDERKNQSTAVLIFYWHMCP>
#	G	D	E	R	K	N	Q	S	T	A	V	L	I	F	Y	W	H	M	C	P
0	0.04554	0.06452	0.01192	0.00981	0.01126	0.07180	0.01775	0.02579	0.01093	0.01637	0.01444	0.09031	0.01345	0.01569	0.17417	0.00334	0.17114	0.00600	0.22004	0.00570
1	0.01190	0.01091	0.01954	0.21612	0.03938	0.01139	0.26497	0.06975	0.01263	0.01733	0.01321	0.04375	0.01135	0.09317	0.04138	0.02757	0.00753	0.00634	0.07541	0.00641
2	0.01499	0.08223	0.18985	0.08440	0.11692	0.12685	0.04297	0.05459	0.02936	0.07866	0.01193	0.04783	0.00972	0.00653	0.00659	0.00176	0.07879	0.00508	0.00328	0.00765
3	0.01403	0.01198	0.04374	0.07783	0.08621	0.09670	0.03874	0.04234	0.01221	0.12646	0.01541	0.08872	0.01451	0.20786	0.01290	0.00278	0.09062	0.00674	0.00382	0.00641
4	0.00775	0.00570	0.00688	0.00710	0.00818	0.00513	0.00487	0.00900	0.01130	0.01536	0.10871	0.37149	0.14326	0.15208	0.01041	0.00256	0.00358	0.01184	0.03189	0.08292
5	0.03286	0.01050	0.01763	0.10113	0.01960	0.01070	0.25289	0.01623	0.12307	0.03240	0.02144	0.08441	0.11335	0.08291	0.00849	0.00224	0.01912	0.00779	0.03672	0.00652
6	0.01539	0.11372	0.02152	0.09124	0.16729	0.01444	0.15167	0.13152	0.09401	0.08184	0.03734	0.03039	0.01182	0.00614	0.00563	0.00172	0.00655	0.00564	0.00397	0.00815
7	0.01130	0.01103	0.00936	0.00939	0.01085	0.20029	0.00678	0.03570	0.01349	0.02847	0.11364	0.39178	0.11004	0.01304	0.00646	0.00194	0.00500	0.01123	0.00479	0.00541
8	0.00713	0.00516	0.00679	0.00800	0.00857	0.00483	0.00565	0.00835	0.01121	0.01475	0.03284	0.64719	0.09189	0.01711	0.00722	0.00230	0.00348	0.10766	0.00522	0.00466
9	0.00968	0.01026	0.06314	0.03141	0.08163	0.00899	0.18029	0.01267	0.03051	0.01641	0.05070	0.27338	0.15974	0.01116	0.00697	0.00201	0.03039	0.01032	0.00417	0.00614
10	0.01527	0.06658	0.16843	0.01389	0.05788	0.04317	0.05441	0.11410	0.03870	0.13039	0.07995	0.01803	0.04036	0.00718	0.00700	0.00178	0.09507	0.00559	0.03444	0.00779
11	0.01751	0.01695	0.01621	0.01589	0.11629	0.24370	0.01118	0.20159	0.06481	0.04439	0.01247	0.03821	0.01040	0.02554	0.03704	0.00211	0.10903	0.00515	0.00391	0.00763
12	0.01092	0.00936	0.01078	0.00794	0.01248	0.00709	0.00631	0.01326	0.01184	0.01787	0.01701	0.01801	0.12118	0.00567	0.00454	0.00099	0.00397	0.00461	0.00362	0.71254
13	0.00804	0.00603	0.00904	0.00904	0.01005	0.00703	0.00703	0.01005	0.00904	0.01306	0.01507	0.02211	0.01407	0.04221	0.77992	0.00904	0.01507	0.00603	0.00301	0.00502
14	0.01167	0.01000	0.01167	0.00834	0.01334	0.00750	0.00667	0.01417	0.01167	0.01834	0.01000	0.01167	0.00834	0.00417	0.00417	0.00083	0.00417	0.00333	0.00333	0.83663
15	0.01508	0.00972	0.01135	0.00977	0.01273	0.01010	0.00769	0.07284	0.29714	0.19422	0.24043	0.02725	0.04959	0.00876	0.00600	0.00181	0.00407	0.00740	0.00612	0.00792
16	0.00783	0.00514	0.00618	0.00688	0.00771	0.00481	0.00479	0.00939	0.01164	0.01671	0.08272	0.46043	0.11950	0.01401	0.00626	0.00196	0.00301	0.01239	0.21383	0.00481
17	0.01349	0.08192	0.05124	0.02146	0.04714	0.05264	0.57437	0.01767	0.01310	0.01725	0.01177	0.04919	0.00961	0.00540	0.00627	0.00182	0.00884	0.00649	0.00290	0.00743
18	0.00685	0.00531	0.00625	0.00686	0.00794	0.00470	0.00482	0.00815	0.01205	0.01535	0.09807	0.42165	0.35045	0.01571	0.00691	0.00208	0.00304	0.01379	0.00530	0.00470
19	0.00686	0.00490	0.00653	0.00784	0.00816	0.00457	0.00522	0.00784	0.01077	0.01437	0.03102	0.79855	0.03722	0.01763	0.00718	0.00229	0.00326	0.01600	0.00522	0.00457
20	0.01319	0.01368	0.01990	0.05199	0.20669	0.12795	0.20318	0.04246	0.01325	0.01696	0.01529	0.18779	0.01499	0.00936	0.03551	0.00212	0.00752	0.00770	0.00346	0.00701
21	0.00871	0.00594	0.00801	0.00899	0.03241	0.00576	0.00612	0.00998	0.01147	0.06830	0.06091	0.58155	0.07864	0.02700	0.00779	0.00224	0.03863	0.02723	0.00516	0.00517
22	0.01067	0.00974	0.01150	0.01137	0.04188	0.10303	0.07657	0.06353	0.01298	0.01660	0.02498	0.47449	0.05918	0.01306	0.00654	0.00202	0.00500	0.01174	0.03945	0.00566
23	0.01413	0.00900	0.01311	0.12657	0.01655	0.00977	0.02538	0.01580	0.01128	0.20443	0.01424	0.05141	0.01171	0.01382	0.11500	0.10900	0.14463	0.00565	0.00389	0.08464
24	0.01339	0.09353	0.24284	0.01209	0.01701	0.06016	0.01233	0.08156	0.07383	0.04604	0.03223	0.02205	0.03303	0.00741	0.00549	0.00170	0.00628	0.11255	0.00384	0.12265
25	0.01462	0.01293	0.01891	0.23379	0.14570	0.01481	0.07511	0.20121	0.08054	0.02134	0.01188	0.01463	0.00917	0.00648	0.00745	0.00188	0.11281	0.00527	0.00364	0.00785
26	0.01449	0.01141	0.01501	0.04358	0.17689	0.01256	0.01068	0.25685	0.01665	0.02358	0.08373	0.01812	0.01437	0.01102	0.09376	0.00255	0.07548	0.00565	0.10604	0.00757
27	0.01153	0.01071	0.01710	0.02488	0.50451	0.01046	0.01303	0.01424	0.01272	0.01731	0.02415	0.06543	0.20170	0.00844	0.00602	0.00180	0.00548	0.03938	0.00363	0.00748
28	0.01000	0.00904	0.07580	0.00896	0.01122	0.00733	0.00730	0.07563	0.01255	0.03602	0.09074	0.30826	0.02519	0.10450	0.07380	0.00285	0.00531	0.00970	0.00449	0.12129
29	0.08059	0.01192	0.01816	0.01454	0.01700	0.01377	0.17611	0.05775	0.04265	0.03976	0.01346	0.04799	0.04364	0.00996	0.05180	0.00244	0.30749	0.00601	0.00339	0.04160
30	0.00904	0.00789	0.01055	0.03316	0.18045	0.00750	0.00798	0.01182	0.05017	0.01711	0.12468	0.04075	0.40790	0.03499	0.00703	0.00196	0.00405	0.03231	0.00469	0.00598
31	0.31640	0.04526	0.01530	0.01602	0.18098	0.21881	0.01050	0.10075	0.01397	0.02137	0.00931	0.01096	0.00746	0.00549	0.00462	0.00162	0.00669	0.00386	0.00338	0.00727
32	0.01511	0.01289	0.01814	0.25345	0.04821	0.06441	0.12037	0.17197	0.04444	0.06511	0.01200	0.01493	0.00910	0.00737	0.00779	0.08046	0.03815	0.00525	0.00364	0.00720
33	0.00983	0.00680	0.00772	0.00716	0.00924	0.00629	0.00553	0.03857	0.05983	0.08329	0.23499	0.04309	0.38083	0.01188	0.00637	0.00184	0.00324	0.03072	0.04703	0.00577
34	0.00704	0.00554	0.00596	0.00614	0.00759	0.00483	0.00442	0.00842	0.01232	0.01547	0.09280	0.16936	0.52019	0.06996	0.00817	0.00218	0.00308	0.01189	0.03996	0.00468
35	0.01433	0.00961	0.01170	0.04203	0.01369	0.01027	0.00821	0.19234	0.08843	0.13442	0.02271	0.14909	0.08738	0.01599	0.15035	0.00323	0.02611	0.00789	0.00504	0.00717
36	0.04057	0.04915	0.29036	0.08772	0.05077	0.03543	0.07841	0.01926	0.10590	0.09694	0.01413	0.05024	0.01118	0.03781	0.00644	0.00194	0.00692	0.00551	0.00357	0.00776

[dist]
# distance from previous block
# <min> <max>
0	1

[block]
# block no. 3 follows, 42 sequences, length 6
# corresponding to MSA columns:
# 138-143
name=unknown_D
#
# <colnr> <probs for GDERKNQSTAVLIFYWHMCP>
#	G	D	E	R	K	N	Q	S	T	A	V	L	I	F	Y	W	H	M	C	P
0	0.01635	0.00792	0.01014	0.00874	0.01146	0.00739	0.00684	0.01989	0.08955	0.35394	0.18056	0.13458	0.02591	0.00946	0.00591	0.00180	0.00387	0.00811	0.09012	0.00746
1	0.01056	0.08788	0.01050	0.00862	0.01032	0.00865	0.00640	0.01469	0.16407	0.06842	0.02636	0.38693	0.06449	0.09512	0.00863	0.00237	0.00410	0.01096	0.00497	0.00597
2	0.01513	0.01705	0.20159	0.16785	0.07192	0.06018	0.13426	0.05259	0.06543	0.13882	0.01322	0.01492	0.00945	0.00579	0.00570	0.00179	0.00743	0.00518	0.00365	0.00802
3	0.09973	0.06711	0.09891	0.01461	0.01929	0.01204	0.24661	0.01923	0.01311	0.22471	0.01665	0.05337	0.04811	0.00672	0.00615	0.00182	0.03381	0.00614	0.00418	0.00770
4	0.00902	0.00593	0.00779	0.00828	0.00948	0.00555	0.00636	0.01085	0.01281	0.07042	0.16962	0.29826	0.10382	0.04631	0.00795	0.00233	0.00384	0.21072	0.00545	0.00521
5	0.00686	0.00490	0.00653	0.00784	0.00816	0.00457	0.00522	0.00784	0.01077	0.01437	0.03102	0.79855	0.03722	0.01763	0.00718	0.00229	0.00326	0.01600	0.00522	0.00457

[dist]
# distance from previous block
# <min> <max>
6	15

[block]
# block no. 4 follows, 42 sequences, length 19
# corresponding to MSA columns:
# 161-179
name=unknown_E
#
# <colnr> <probs for GDERKNQSTAVLIFYWHMCP>
#	G	D	E	R	K	N	Q	S	T	A	V	L	I	F	Y	W	H	M	C	P
0	0.05090	0.01360	0.02043	0.17628	0.40773	0.07401	0.07216	0.02897	0.01289	0.03542	0.01055	0.01373	0.00845	0.00522	0.00547	0.00168	0.00706	0.00488	0.00294	0.04763
1	0.01091	0.00726	0.00830	0.04737	0.00989	0.00767	0.00543	0.08802	0.05863	0.03616	0.01741	0.02870	0.01708	0.45027	0.03253	0.00388	0.00522	0.00695	0.15327	0.00506
2	0.00753	0.00563	0.00747	0.00801	0.00883	0.00578	0.00575	0.00931	0.03216	0.01409	0.02758	0.37192	0.11504	0.06976	0.27842	0.00477	0.00750	0.01130	0.00436	0.00481
3	0.01604	0.01607	0.01413	0.05008	0.06334	0.28430	0.04210	0.14869	0.01616	0.01964	0.01800	0.01922	0.11023	0.00713	0.00531	0.00158	0.00677	0.00556	0.14884	0.00680
4	0.00769	0.00565	0.00686	0.00689	0.00785	0.00544	0.00485	0.00906	0.01152	0.01534	0.20062	0.09253	0.20528	0.25230	0.11650	0.00393	0.00532	0.03322	0.00461	0.00452
5	0.00688	0.00508	0.00635	0.00734	0.00796	0.00465	0.00495	0.00790	0.01105	0.01437	0.03543	0.61851	0.17735	0.05392	0.00809	0.00236	0.00329	0.01483	0.00514	0.00455
6	0.01996	0.00961	0.01132	0.00918	0.01275	0.05629	0.00739	0.02194	0.01535	0.51651	0.06473	0.02758	0.18488	0.00875	0.00589	0.00176	0.00459	0.00715	0.00628	0.00809
7	0.01859	0.02512	0.11859	0.01731	0.09982	0.55803	0.04803	0.02108	0.01494	0.01501	0.00922	0.01103	0.00747	0.00560	0.00524	0.00154	0.00950	0.00399	0.00281	0.00707
8	0.05565	0.01024	0.01001	0.00873	0.01085	0.06155	0.00647	0.22886	0.01538	0.02076	0.03710	0.05287	0.13232	0.25759	0.01282	0.00289	0.00522	0.00737	0.05735	0.00598
9	0.01019	0.00842	0.01008	0.00814	0.01170	0.00661	0.00621	0.01229	0.01162	0.01745	0.05040	0.22678	0.01824	0.00816	0.00510	0.00127	0.00385	0.00709	0.00398	0.57241
10	0.03488	0.09620	0.06255	0.01088	0.01411	0.01004	0.08270	0.05692	0.03129	0.14304	0.11742	0.18595	0.05027	0.01000	0.00607	0.00187	0.00504	0.05889	0.00488	0.01699
11	0.01658	0.09096	0.16657	0.02323	0.01836	0.07510	0.03889	0.32421	0.02817	0.02430	0.01358	0.01447	0.04474	0.00643	0.00575	0.00163	0.03228	0.00486	0.00406	0.06582
12	0.00950	0.00675	0.00756	0.00708	0.00922	0.00610	0.00553	0.06030	0.01450	0.07782	0.15905	0.04741	0.49200	0.01283	0.00658	0.00190	0.00336	0.06140	0.00554	0.00558
13	0.06524	0.00753	0.01084	0.01442	0.19803	0.00752	0.00826	0.01093	0.01091	0.01577	0.02242	0.44652	0.02544	0.07553	0.05175	0.00272	0.00503	0.01121	0.00423	0.00570
14	0.01778	0.13986	0.26552	0.01342	0.01902	0.12042	0.05980	0.02139	0.01381	0.25577	0.01348	0.01372	0.00941	0.00580	0.00523	0.00164	0.00718	0.00454	0.00394	0.00825
15	0.05727	0.05921	0.10688	0.01070	0.01434	0.13951	0.00944	0.01987	0.13091	0.15853	0.08183	0.06219	0.10944	0.00829	0.00559	0.00174	0.00563	0.00663	0.00472	0.00729
16	0.03817	0.01410	0.03772	0.01112	0.01481	0.16500	0.00907	0.09810	0.07871	0.23896	0.01745	0.07809	0.01412	0.00762	0.00553	0.00167	0.00592	0.04643	0.00497	0.11242
17	0.05731	0.01202	0.01459	0.04784	0.01644	0.03118	0.07378	0.17057	0.25478	0.05884	0.01863	0.13824	0.01601	0.00844	0.00624	0.00188	0.03054	0.00716	0.00493	0.03057
18	0.01014	0.01138	0.16074	0.01101	0.01392	0.00788	0.07693	0.03592	0.01232	0.06748	0.06020	0.38630	0.06083	0.04858	0.00755	0.00220	0.00508	0.01092	0.00454	0.00608

[dist]
# distance from previous block
# <min> <max>
3	7

[block]
# block no. 5 follows, 42 sequences, length 23
# corresponding to MSA columns:
# 189-211
name=unknown_F
#
# <colnr> <probs for GDERKNQSTAVLIFYWHMCP>
#	G	D	E	R	K	N	Q	S	T	A	V	L	I	F	Y	W	H	M	C	P
0	0.01323	0.05803	0.01887	0.16880	0.29529	0.01368	0.03981	0.04425	0.13176	0.01857	0.01276	0.01542	0.01018	0.00608	0.00639	0.00176	0.06605	0.00518	0.06608	0.00779
1	0.01406	0.00923	0.01395	0.16474	0.07431	0.00946	0.06633	0.04156	0.05523	0.18437	0.01951	0.16778	0.01729	0.00882	0.00594	0.00188	0.00536	0.04263	0.09049	0.00707
2	0.00807	0.00606	0.02555	0.00756	0.00860	0.00540	0.00551	0.03506	0.01204	0.01678	0.07557	0.51056	0.10835	0.01455	0.00650	0.00203	0.00331	0.01291	0.13058	0.00500
3	0.01234	0.09152	0.14168	0.01026	0.01363	0.03802	0.00944	0.10614	0.03546	0.07038	0.11735	0.22063	0.08971	0.01038	0.00598	0.00184	0.00504	0.00878	0.00468	0.00674
4	0.04434	0.05232	0.07740	0.14662	0.07313	0.06378	0.04114	0.05381	0.06522	0.03831	0.07895	0.09780	0.01583	0.00877	0.02558	0.00202	0.07939	0.00646	0.02228	0.00686
5	0.01532	0.20436	0.19170	0.03021	0.14406	0.13493	0.07371	0.05473	0.01343	0.04410	0.01004	0.01196	0.00796	0.00548	0.00554	0.00161	0.03585	0.00429	0.00290	0.00782
6	0.01546	0.01119	0.01378	0.02410	0.03258	0.04196	0.06316	0.21627	0.07059	0.12665	0.10669	0.06932	0.09485	0.01044	0.03398	0.04357	0.00563	0.00726	0.00514	0.00739
7	0.03321	0.01069	0.03474	0.05599	0.07070	0.03544	0.06514	0.11548	0.01531	0.05308	0.20275	0.02790	0.15125	0.00881	0.00647	0.00176	0.03718	0.00745	0.03462	0.03205
8	0.01514	0.20263	0.04206	0.09181	0.01736	0.13097	0.01023	0.15160	0.12000	0.01927	0.01493	0.13191	0.01363	0.00776	0.00531	0.00168	0.00627	0.00616	0.00397	0.00732
9	0.01628	0.01539	0.04617	0.03579	0.15608	0.18508	0.01111	0.18494	0.01639	0.07293	0.01660	0.17333	0.02842	0.00849	0.00582	0.00177	0.00655	0.00708	0.00427	0.00752
10	0.01284	0.11708	0.50781	0.07290	0.02384	0.01463	0.06024	0.09308	0.01337	0.01886	0.01025	0.01214	0.00750	0.00542	0.00527	0.00172	0.00783	0.00432	0.00275	0.00812
11	0.01102	0.10810	0.20876	0.04418	0.01672	0.01307	0.02615	0.01374	0.01050	0.01484	0.01361	0.14406	0.01374	0.01094	0.03792	0.03574	0.22717	0.04033	0.00304	0.00637
12	0.00722	0.00517	0.00645	0.00719	0.00769	0.00484	0.00475	0.00818	0.01089	0.01445	0.09655	0.49299	0.10812	0.18458	0.01167	0.00288	0.00364	0.01339	0.00492	0.00441
13	0.00863	0.00605	0.00830	0.00899	0.01011	0.00624	0.00734	0.01085	0.01171	0.01615	0.06796	0.10051	0.04098	0.04766	0.20480	0.00414	0.00717	0.35259	0.07476	0.00504
14	0.00686	0.00490	0.00653	0.00784	0.00816	0.00457	0.00522	0.00784	0.01077	0.01437	0.03102	0.79855	0.03722	0.01763	0.00718	0.00229	0.00326	0.01600	0.00522	0.00457
15	0.02230	0.00978	0.01239	0.00974	0.01364	0.00912	0.00797	0.10835	0.04540	0.55256	0.02069	0.01883	0.01362	0.00691	0.00542	0.00168	0.00463	0.00556	0.12245	0.00894
16	0.00716	0.00519	0.00681	0.00788	0.00850	0.00484	0.00556	0.00847	0.01157	0.01535	0.09288	0.60819	0.09016	0.01667	0.00716	0.00225	0.00338	0.08798	0.00530	0.00471
17	0.00741	0.00521	0.00672	0.00759	0.00800	0.00497	0.00512	0.00843	0.01079	0.01447	0.08930	0.51207	0.03448	0.19054	0.01193	0.00297	0.00384	0.06685	0.00490	0.00442
18	0.08415	0.01153	0.01364	0.01059	0.01480	0.01149	0.00873	0.26315	0.01885	0.44290	0.01812	0.01663	0.01193	0.00675	0.00542	0.00171	0.00513	0.00525	0.04010	0.00914
19	0.01076	0.01018	0.01691	0.72996	0.03694	0.01286	0.01538	0.01432	0.01105	0.01432	0.00980	0.01480	0.00749	0.00595	0.00660	0.00192	0.06703	0.00500	0.00250	0.00624
20	0.01419	0.01523	0.07752	0.06861	0.32428	0.05453	0.11711	0.08076	0.03154	0.01885	0.01068	0.01367	0.00861	0.00583	0.00715	0.00178	0.09985	0.00506	0.00306	0.04169
21	0.01638	0.39080	0.13070	0.01178	0.01681	0.04974	0.01151	0.21553	0.07121	0.02068	0.01084	0.01158	0.00858	0.00566	0.00462	0.00148	0.00645	0.00400	0.00354	0.00811
22	0.20961	0.01257	0.06347	0.01267	0.07025	0.02996	0.07490	0.10003	0.09100	0.04866	0.10515	0.01858	0.01542	0.06562	0.00693	0.00198	0.00548	0.00554	0.00420	0.05797

[dist]
# distance from previous block
# <min> <max>
0	1

[block]
# block no. 6 follows, 42 sequences, length 9
# corresponding to MSA columns:
# 213-221
name=unknown_G
#
# <colnr> <probs for GDERKNQSTAVLIFYWHMCP>
#	G	D	E	R	K	N	Q	S	T	A	V	L	I	F	Y	W	H	M	C	P
0	0.01529	0.01703	0.05496	0.02365	0.24756	0.14417	0.27183	0.07213	0.03429	0.01866	0.01095	0.01374	0.00864	0.00544	0.00634	0.00175	0.03715	0.00535	0.00308	0.00797
1	0.00787	0.00562	0.00723	0.00817	0.00876	0.00544	0.00566	0.04659	0.01157	0.01540	0.02910	0.65104	0.03427	0.07148	0.00864	0.00250	0.00371	0.06707	0.00512	0.00479
2	0.00701	0.00520	0.00657	0.00748	0.00824	0.00476	0.00523	0.00828	0.01168	0.01527	0.09150	0.55852	0.18177	0.01640	0.00707	0.00219	0.00323	0.04963	0.00530	0.00469
3	0.01350	0.13077	0.10876	0.01339	0.08520	0.05707	0.05075	0.09389	0.01497	0.06599	0.21962	0.04275	0.02193	0.00943	0.04584	0.00205	0.00620	0.00644	0.00427	0.00717
4	0.01343	0.27413	0.14813	0.01272	0.01653	0.07309	0.03788	0.01734	0.07924	0.01536	0.01110	0.01469	0.00971	0.00925	0.06121	0.00225	0.15970	0.03424	0.00292	0.00708
5	0.00719	0.00537	0.00657	0.00699	0.00796	0.00487	0.00490	0.00868	0.01255	0.01661	0.23755	0.35697	0.22424	0.06297	0.00821	0.00224	0.00313	0.01289	0.00538	0.00475
6	0.00716	0.00517	0.00681	0.00785	0.00846	0.00483	0.00551	0.00848	0.01163	0.01551	0.11073	0.61070	0.08031	0.01660	0.00715	0.00223	0.00334	0.07747	0.00532	0.00471
7	0.01241	0.01497	0.15172	0.09194	0.15397	0.01232	0.10703	0.04159	0.01216	0.01772	0.01029	0.01335	0.00829	0.00672	0.03191	0.00187	0.09738	0.00469	0.00290	0.20679
8	0.01172	0.07657	0.30142	0.07340	0.13417	0.01192	0.06085	0.01576	0.01186	0.04758	0.01420	0.13823	0.01301	0.00952	0.05313	0.00226	0.00738	0.00648	0.00316	0.00738

[dist]
# distance from previous block
# <min> <max>
10	21

[block]
# block no. 7 follows, 42 sequences, length 18
# corresponding to MSA columns:
# 243-260
name=unknown_H
#
# <colnr> <probs for GDERKNQSTAVLIFYWHMCP>
#	G	D	E	R	K	N	Q	S	T	A	V	L	I	F	Y	W	H	M	C	P
0	0.05243	0.00750	0.01160	0.01006	0.01157	0.00787	0.09665	0.01209	0.00983	0.06684	0.01326	0.04565	0.01182	0.01745	0.13689	0.31111	0.06007	0.00569	0.10677	0.00484
1	0.01260	0.15335	0.06139	0.01247	0.01553	0.04050	0.13913	0.01491	0.01192	0.09316	0.01810	0.27657	0.01845	0.01111	0.03490	0.00216	0.06466	0.00862	0.00394	0.00652
2	0.02373	0.00950	0.01274	0.00993	0.01406	0.00841	0.00814	0.02664	0.05438	0.69181	0.06246	0.02049	0.01622	0.00725	0.00572	0.00175	0.00466	0.00594	0.00686	0.00931
3	0.00787	0.00623	0.00886	0.04338	0.01087	0.00632	0.03502	0.00935	0.01132	0.01515	0.08445	0.50273	0.08377	0.04479	0.00858	0.00233	0.05453	0.05467	0.00484	0.00492
4	0.03156	0.26056	0.24008	0.08575	0.10501	0.04154	0.04322	0.09759	0.01354	0.01814	0.00978	0.01172	0.00770	0.00532	0.00490	0.00158	0.00715	0.00414	0.00286	0.00787
5	0.12194	0.07577	0.06722	0.05110	0.22828	0.10540	0.17786	0.04039	0.04604	0.01881	0.01056	0.01299	0.00836	0.00527	0.00533	0.00170	0.00739	0.00482	0.00305	0.00772
6	0.01282	0.01233	0.02128	0.28239	0.49870	0.01312	0.04505	0.01635	0.01232	0.01705	0.01042	0.01433	0.00843	0.00521	0.00563	0.00175	0.00706	0.00507	0.00269	0.00799
7	0.01177	0.01670	0.25285	0.11828	0.02365	0.01193	0.20513	0.01756	0.09221	0.03955	0.06687	0.08892	0.01481	0.00708	0.00603	0.00188	0.00714	0.00671	0.00353	0.00740
8	0.01270	0.01295	0.01718	0.01476	0.01489	0.05097	0.01225	0.01394	0.00894	0.01355	0.00745	0.01222	0.00738	0.00967	0.01788	0.00242	0.75733	0.00487	0.00248	0.00617
9	0.00818	0.00546	0.00614	0.00614	0.00614	0.00546	0.00341	0.00818	0.00818	0.01091	0.01773	0.03683	0.02046	0.80222	0.02864	0.00546	0.00546	0.00818	0.00341	0.00341
10	0.00963	0.02834	0.00839	0.00774	0.00917	0.00614	0.00588	0.01148	0.01313	0.08547	0.28288	0.13677	0.11026	0.12383	0.03884	0.00272	0.00423	0.10450	0.00530	0.00531
11	0.06363	0.04192	0.04355	0.01050	0.01426	0.04146	0.00885	0.10242	0.07844	0.16433	0.04198	0.01662	0.03291	0.00824	0.04062	0.00190	0.07721	0.00500	0.00448	0.20168
12	0.03172	0.07159	0.03586	0.11245	0.04665	0.02546	0.01011	0.21107	0.04455	0.06697	0.01670	0.15537	0.01556	0.03065	0.00675	0.00192	0.02925	0.03887	0.00442	0.04406
13	0.00762	0.00562	0.00715	0.00778	0.00872	0.00531	0.00567	0.00963	0.03281	0.01682	0.20290	0.38729	0.12709	0.04364	0.00781	0.00226	0.00344	0.10814	0.00539	0.00492
14	0.01066	0.00609	0.00722	0.00725	0.00872	0.00574	0.00529	0.04078	0.01260	0.10728	0.02897	0.34662	0.12283	0.01221	0.00591	0.00186	0.00332	0.01061	0.25044	0.00559
15	0.01425	0.04361	0.04405	0.09092	0.19146	0.09336	0.25608	0.01902	0.08416	0.04263	0.03950	0.01565	0.01091	0.00572	0.00613	0.00177	0.02407	0.00565	0.00330	0.00774
16	0.04853	0.04652	0.10447	0.01838	0.06126	0.12035	0.29439	0.11203	0.03097	0.04671	0.01125	0.01349	0.00853	0.00568	0.00648	0.00178	0.05275	0.00526	0.00335	0.00779
17	0.04143	0.00901	0.01071	0.01109	0.05934	0.04060	0.02339	0.14149	0.01397	0.01909	0.02419	0.44328	0.05536	0.01284	0.00679	0.00203	0.03047	0.01121	0.03769	0.00602

[dist]
# distance from previous block
# <min> <max>
4	9

[block]
# block no. 8 follows, 42 sequences, length 17
# corresponding to MSA columns:
# 272-288
name=unknown_I
#
# <colnr> <probs for GDERKNQSTAVLIFYWHMCP>
#	G	D	E	R	K	N	Q	S	T	A	V	L	I	F	Y	W	H	M	C	P
0	0.08022	0.01414	0.07438	0.04509	0.02833	0.07561	0.11194	0.02090	0.14377	0.16459	0.01533	0.03616	0.02144	0.00718	0.00769	0.00191	0.13383	0.00563	0.00419	0.00768
1	0.00936	0.00826	0.01178	0.01100	0.01152	0.00994	0.03435	0.01080	0.01073	0.01529	0.12095	0.36183	0.02676	0.01331	0.01148	0.00227	0.31021	0.01057	0.00420	0.00540
2	0.01682	0.01162	0.01612	0.33386	0.07195	0.01289	0.01248	0.19092	0.06790	0.18702	0.01445	0.01592	0.01017	0.00629	0.00564	0.00179	0.00633	0.00526	0.00446	0.00811
3	0.05228	0.12954	0.01682	0.01277	0.01588	0.51467	0.00993	0.08882	0.01548	0.01599	0.00969	0.01231	0.00843	0.06656	0.00666	0.00176	0.00862	0.00400	0.00315	0.00665
4	0.01178	0.01166	0.01254	0.01132	0.01321	0.16340	0.06424	0.01518	0.09203	0.01461	0.01554	0.02097	0.03350	0.09358	0.37400	0.00552	0.03179	0.00595	0.00335	0.00582
5	0.00723	0.00538	0.00654	0.00711	0.00802	0.00493	0.00499	0.00854	0.01187	0.01546	0.13634	0.36617	0.23481	0.10375	0.00940	0.00248	0.00342	0.05378	0.00515	0.00462
6	0.01020	0.00877	0.01143	0.24862	0.01890	0.04529	0.00939	0.05469	0.01212	0.01604	0.02139	0.31290	0.06631	0.01115	0.00711	0.00200	0.06493	0.00953	0.06357	0.00565
7	0.00733	0.00549	0.00600	0.00618	0.00706	0.00503	0.00404	0.00809	0.01058	0.01327	0.03679	0.14815	0.34973	0.34926	0.01606	0.00346	0.00401	0.01087	0.00445	0.00416
8	0.00731	0.00540	0.00661	0.00720	0.00806	0.00498	0.00506	0.00861	0.01177	0.01539	0.13364	0.36099	0.20795	0.12268	0.00995	0.00258	0.00353	0.06858	0.00510	0.00460
9	0.01167	0.01539	0.18864	0.39798	0.18777	0.01295	0.07390	0.01604	0.01188	0.01627	0.01025	0.01409	0.00780	0.00537	0.00563	0.00181	0.00767	0.00494	0.00256	0.00738
10	0.00948	0.00906	0.01630	0.01358	0.01577	0.00897	0.25135	0.01176	0.01156	0.01557	0.02433	0.40773	0.08158	0.01237	0.00802	0.00214	0.07897	0.01154	0.00418	0.00573
11	0.01384	0.00710	0.00911	0.00783	0.01036	0.00625	0.00615	0.01607	0.01533	0.28769	0.34950	0.03646	0.19040	0.01047	0.00629	0.00179	0.00346	0.00893	0.00626	0.00671
12	0.01377	0.13470	0.01454	0.05572	0.01413	0.18179	0.02554	0.01537	0.01334	0.07279	0.17459	0.04955	0.07767	0.00954	0.00773	0.08656	0.03623	0.00648	0.00400	0.00598
13	0.12348	0.01763	0.34605	0.01431	0.07486	0.01067	0.05648	0.01485	0.01164	0.01827	0.05050	0.20441	0.01668	0.00854	0.00569	0.00190	0.00623	0.00738	0.00346	0.00697
14	0.01516	0.00722	0.00903	0.00780	0.00992	0.00652	0.00567	0.01632	0.01229	0.33436	0.02555	0.06443	0.11976	0.32356	0.01497	0.00326	0.00472	0.00795	0.00524	0.00626
15	0.02144	0.02117	0.03625	0.01336	0.01701	0.44302	0.01061	0.18036	0.03276	0.15201	0.01243	0.01272	0.00912	0.00624	0.00532	0.00157	0.00819	0.00436	0.00425	0.00782
16	0.07394	0.01307	0.03110	0.10262	0.01751	0.12947	0.05693	0.12938	0.04972	0.06737	0.03643	0.15059	0.02526	0.01066	0.05129	0.00228	0.01735	0.02395	0.00426	0.00684

[dist]
# distance from previous block
# <min> <max>
14	27

[block]
# block no. 9 follows, 42 sequences, length 24
# corresponding to MSA columns:
# 317-340
name=unknown_J
#
# <colnr> <probs for GDERKNQSTAVLIFYWHMCP>
#	G	D	E	R	K	N	Q	S	T	A	V	L	I	F	Y	W	H	M	C	P
0	0.01267	0.19763	0.19150	0.01170	0.03927	0.01320	0.01131	0.04693	0.04414	0.05694	0.01950	0.04515	0.13216	0.00776	0.00611	0.00167	0.05812	0.02539	0.00363	0.07520
1	0.09755	0.16422	0.06946	0.00906	0.01163	0.01010	0.00780	0.01322	0.01123	0.08034	0.03385	0.33836	0.02167	0.01454	0.08925	0.00265	0.00569	0.00915	0.00421	0.00602
2	0.10478	0.01282	0.02205	0.17773	0.20658	0.03689	0.25877	0.01640	0.01243	0.01807	0.03989	0.04564	0.01093	0.00584	0.00580	0.00182	0.00735	0.00592	0.00305	0.00724
3	0.01548	0.03329	0.15898	0.01293	0.04401	0.01274	0.02731	0.26813	0.04056	0.05586	0.01386	0.04482	0.01125	0.00660	0.00538	0.00158	0.00595	0.03883	0.00428	0.19817
4	0.00792	0.00579	0.00763	0.00743	0.00850	0.00582	0.00547	0.00987	0.01239	0.01729	0.36459	0.03608	0.09187	0.14252	0.24702	0.00458	0.00691	0.00873	0.00472	0.00489
5	0.00894	0.00772	0.01149	0.01088	0.01158	0.00904	0.05115	0.01043	0.00998	0.01408	0.02014	0.37626	0.02261	0.02007	0.17599	0.00376	0.21636	0.01036	0.00387	0.00527
6	0.13250	0.01462	0.09952	0.05700	0.13361	0.07260	0.12406	0.01884	0.14852	0.01947	0.04600	0.08141	0.01382	0.00695	0.00558	0.00182	0.00640	0.00617	0.00373	0.00739
7	0.01463	0.00777	0.01030	0.00916	0.01090	0.00791	0.00702	0.01598	0.01168	0.27733	0.01985	0.05973	0.01831	0.26975	0.06620	0.00363	0.09162	0.08724	0.00479	0.00621
8	0.00812	0.00572	0.00747	0.00747	0.00794	0.00618	0.00508	0.00904	0.00858	0.01190	0.01651	0.03006	0.01752	0.45260	0.37424	0.00711	0.00988	0.00719	0.00323	0.00415
9	0.00817	0.00644	0.00983	0.00946	0.01040	0.00670	0.06803	0.00965	0.00989	0.01360	0.02103	0.31578	0.02326	0.16374	0.27109	0.00509	0.02896	0.01018	0.00389	0.00481
10	0.01520	0.00922	0.01401	0.01721	0.25741	0.00868	0.01014	0.01741	0.01342	0.26226	0.05578	0.25399	0.02116	0.00976	0.00614	0.00188	0.00485	0.00878	0.00504	0.00765
11	0.01320	0.36287	0.37083	0.01527	0.10027	0.01708	0.01559	0.01734	0.01179	0.01590	0.00917	0.01087	0.00736	0.00508	0.00462	0.00152	0.00715	0.00375	0.00243	0.00791
12	0.00782	0.00548	0.00653	0.00699	0.00743	0.00530	0.00460	0.00851	0.00987	0.01289	0.02659	0.21617	0.10845	0.44067	0.01878	0.00399	0.00463	0.09704	0.00424	0.00404
13	0.01287	0.01570	0.10894	0.10976	0.17026	0.01382	0.43158	0.01735	0.01271	0.01757	0.01085	0.01450	0.00832	0.00507	0.00645	0.00185	0.02607	0.00584	0.00274	0.00774
14	0.01020	0.00954	0.01567	0.70416	0.03540	0.01167	0.01440	0.01370	0.01142	0.01447	0.01508	0.01923	0.08927	0.00656	0.00574	0.00188	0.00700	0.00574	0.00279	0.00609
15	0.00890	0.00588	0.00670	0.00716	0.00828	0.00587	0.00511	0.01215	0.09422	0.01776	0.02781	0.38044	0.08610	0.01238	0.00584	0.00187	0.00314	0.01084	0.29424	0.00530
16	0.01559	0.01121	0.05629	0.01079	0.01362	0.03077	0.00899	0.15900	0.06348	0.18445	0.01801	0.13128	0.01551	0.01439	0.12277	0.03833	0.06447	0.00692	0.02687	0.00730
17	0.01031	0.00912	0.00982	0.03094	0.01186	0.09043	0.02611	0.01413	0.11969	0.02864	0.15411	0.29189	0.09521	0.01258	0.00658	0.00202	0.00450	0.07118	0.00510	0.00580
18	0.00686	0.00528	0.00629	0.00701	0.00802	0.00471	0.00493	0.00812	0.01183	0.01506	0.06930	0.45775	0.32798	0.01601	0.00696	0.00212	0.00312	0.02872	0.00526	0.00468
19	0.01035	0.00948	0.01450	0.05877	0.07834	0.04169	0.13831	0.01263	0.01176	0.01618	0.03691	0.29606	0.06233	0.01081	0.00750	0.00199	0.08332	0.00965	0.09351	0.00590
20	0.01706	0.08649	0.03695	0.08627	0.21354	0.24359	0.08656	0.08888	0.01500	0.05774	0.01070	0.01278	0.00840	0.00553	0.00537	0.00161	0.00790	0.00461	0.00325	0.00778
21	0.01236	0.00744	0.00890	0.00822	0.00968	0.02541	0.00585	0.03388	0.04979	0.16447	0.05533	0.11402	0.02089	0.32871	0.12611	0.00432	0.00641	0.00805	0.00456	0.00561
22	0.00759	0.00526	0.00659	0.00733	0.00800	0.00485	0.00494	0.00860	0.01109	0.03664	0.06143	0.53625	0.14122	0.12067	0.00989	0.00261	0.00352	0.01383	0.00507	0.00462
23	0.07703	0.05977	0.06131	0.15321	0.10422	0.03253	0.19952	0.04772	0.04032	0.01820	0.04567	0.01494	0.01033	0.00617	0.00721	0.00186	0.10429	0.00536	0.00311	0.00722

[dist]
# distance from previous block
# <min> <max>
2	7

[block]
# block no. 10 follows, 42 sequences, length 43
# corresponding to MSA columns:
# 348-390
name=unknown_K
#
# <colnr> <probs for GDERKNQSTAVLIFYWHMCP>
#	G	D	E	R	K	N	Q	S	T	A	V	L	I	F	Y	W	H	M	C	P
0	0.01334	0.01764	0.27027	0.09101	0.03657	0.03837	0.03104	0.17264	0.05986	0.02080	0.01357	0.05295	0.01107	0.02493	0.08678	0.00260	0.00779	0.00551	0.03563	0.00762
1	0.01668	0.09227	0.08982	0.01931	0.28591	0.01235	0.01271	0.05083	0.04816	0.22430	0.07851	0.01738	0.01412	0.00630	0.00548	0.00167	0.00579	0.00541	0.00439	0.00859
2	0.05526	0.00958	0.04210	0.05668	0.01299	0.03455	0.00770	0.03038	0.19594	0.05510	0.03938	0.26399	0.03607	0.03707	0.00663	0.00203	0.00443	0.00901	0.09466	0.00644
3	0.00728	0.00530	0.00660	0.00739	0.00826	0.00485	0.00529	0.00825	0.01131	0.01445	0.03696	0.42518	0.25805	0.01656	0.00842	0.07802	0.00348	0.08489	0.00497	0.00449
4	0.05349	0.01251	0.01904	0.05031	0.20022	0.01213	0.15125	0.07314	0.09539	0.02033	0.01199	0.01407	0.00944	0.00517	0.00529	0.00151	0.00612	0.00489	0.00352	0.25018
5	0.01067	0.00658	0.00831	0.00744	0.00950	0.00581	0.00568	0.01299	0.01468	0.12813	0.42869	0.09444	0.11149	0.01072	0.00619	0.00171	0.00316	0.00931	0.04632	0.07818
6	0.01437	0.26954	0.15005	0.14553	0.12977	0.01568	0.06071	0.01773	0.01219	0.09373	0.01067	0.01276	0.00828	0.00544	0.00539	0.00162	0.03144	0.00439	0.00297	0.00772
7	0.01831	0.33115	0.12883	0.01162	0.01662	0.09208	0.02768	0.05747	0.01409	0.23263	0.01273	0.01282	0.00928	0.00570	0.00476	0.00151	0.00649	0.00418	0.00393	0.00811
8	0.00730	0.00536	0.00682	0.00736	0.00810	0.00517	0.00510	0.00854	0.01100	0.01464	0.10416	0.37726	0.15224	0.12922	0.12739	0.00364	0.00523	0.01214	0.00473	0.00458
9	0.01294	0.00815	0.00996	0.00925	0.01133	0.00797	0.00690	0.16461	0.01489	0.13389	0.02484	0.47224	0.02629	0.01298	0.00646	0.00200	0.00415	0.01143	0.00546	0.05424
10	0.01312	0.04163	0.09735	0.24311	0.10391	0.07247	0.21565	0.05180	0.01303	0.01704	0.01125	0.04688	0.00921	0.00598	0.00625	0.00182	0.03369	0.00566	0.00290	0.00724
11	0.05202	0.01318	0.08369	0.01328	0.04694	0.01345	0.01113	0.08836	0.10797	0.19101	0.01611	0.01700	0.04683	0.00802	0.00976	0.00200	0.26154	0.00548	0.00439	0.00785
12	0.01663	0.01426	0.03951	0.07082	0.01722	0.12481	0.00958	0.14010	0.09928	0.12050	0.01346	0.01405	0.01001	0.00575	0.00507	0.00142	0.00590	0.00447	0.00430	0.28286
13	0.22984	0.01364	0.01325	0.01098	0.01474	0.04040	0.00888	0.32742	0.21479	0.02860	0.01450	0.01445	0.01074	0.00656	0.00504	0.00174	0.00530	0.00485	0.02599	0.00829
14	0.00822	0.00664	0.00747	0.00712	0.00866	0.03780	0.00537	0.01053	0.01513	0.02031	0.54768	0.04403	0.22216	0.01201	0.00660	0.00180	0.00307	0.02438	0.00580	0.00522
15	0.00743	0.00544	0.00689	0.00777	0.00850	0.00511	0.00539	0.03303	0.01186	0.01563	0.06903	0.62675	0.12626	0.01650	0.00705	0.00220	0.00333	0.03175	0.00528	0.00481
16	0.06578	0.05435	0.16059	0.01388	0.07499	0.01392	0.01209	0.28211	0.03830	0.16411	0.01371	0.01392	0.00969	0.00609	0.00528	0.00165	0.00610	0.00472	0.00464	0.05407
17	0.00769	0.00565	0.00736	0.00828	0.00929	0.00533	0.00639	0.00946	0.01237	0.01618	0.10887	0.35065	0.15483	0.01575	0.00724	0.00228	0.00379	0.25839	0.00531	0.00488
18	0.00738	0.00588	0.00710	0.00757	0.00880	0.00560	0.00575	0.00888	0.01189	0.01503	0.04124	0.26782	0.37504	0.01659	0.04485	0.00249	0.03752	0.12074	0.00499	0.00484
19	0.01213	0.00942	0.01117	0.01026	0.01181	0.06705	0.00815	0.04899	0.01308	0.09536	0.16860	0.09521	0.04895	0.01672	0.15086	0.00332	0.14510	0.07322	0.00455	0.00605
20	0.01267	0.14080	0.17445	0.22600	0.26981	0.01453	0.05150	0.01659	0.01202	0.01638	0.00994	0.01309	0.00789	0.00520	0.00528	0.00168	0.00726	0.00460	0.00257	0.00776
21	0.06618	0.01203	0.01473	0.01390	0.08259	0.10148	0.04929	0.01808	0.04829	0.17853	0.01327	0.01582	0.01049	0.01281	0.10991	0.08606	0.15071	0.00513	0.00383	0.00688
22	0.28509	0.07321	0.01791	0.15025	0.25796	0.02803	0.05695	0.01655	0.01135	0.01932	0.00930	0.01213	0.00752	0.00530	0.00516	0.00172	0.02784	0.00428	0.00293	0.00721
23	0.00857	0.00626	0.00729	0.00736	0.00892	0.00584	0.00538	0.01146	0.08304	0.05558	0.15652	0.28130	0.31375	0.01388	0.00668	0.00199	0.00320	0.01206	0.00552	0.00542
24	0.01412	0.18144	0.06876	0.06118	0.16054	0.16200	0.05533	0.02668	0.04122	0.01602	0.02989	0.11918	0.01315	0.00722	0.00558	0.00167	0.01965	0.00602	0.00324	0.00712
25	0.09348	0.00833	0.00843	0.00897	0.04581	0.06517	0.00625	0.01351	0.05044	0.03737	0.06880	0.20465	0.08962	0.04290	0.00650	0.00194	0.00408	0.03285	0.20527	0.00563
26	0.01649	0.14557	0.09595	0.01242	0.02817	0.16221	0.01072	0.26597	0.01754	0.02195	0.03740	0.13210	0.01404	0.00788	0.00543	0.00167	0.00660	0.00618	0.00415	0.00757
27	0.05254	0.10561	0.13719	0.01229	0.04298	0.04840	0.03014	0.04456	0.01126	0.01617	0.01122	0.01580	0.01003	0.07522	0.18136	0.00358	0.10077	0.00481	0.00295	0.09311
28	0.04234	0.05103	0.21623	0.01369	0.01845	0.01226	0.12137	0.10681	0.03368	0.11514	0.06171	0.04306	0.01345	0.01064	0.09106	0.00259	0.02903	0.00581	0.00396	0.00767
29	0.01284	0.30889	0.35382	0.01460	0.03714	0.01651	0.08808	0.01699	0.01169	0.01588	0.00985	0.03287	0.00818	0.00564	0.00553	0.00163	0.04530	0.00437	0.00253	0.00765
30	0.00950	0.00678	0.00801	0.00802	0.00901	0.00703	0.00550	0.01322	0.15548	0.04053	0.06525	0.25013	0.02613	0.30947	0.04776	0.00364	0.00486	0.01980	0.00466	0.00522
31	0.01369	0.04492	0.05233	0.07571	0.18389	0.01093	0.04079	0.05247	0.05526	0.12367	0.07045	0.11023	0.03131	0.05524	0.00753	0.00201	0.02755	0.00704	0.00424	0.03074
32	0.02544	0.01523	0.10123	0.17486	0.14198	0.08916	0.12199	0.03775	0.10626	0.07112	0.03777	0.02810	0.01147	0.00613	0.00573	0.00178	0.00715	0.00555	0.00360	0.00771
33	0.00710	0.00504	0.00641	0.00740	0.00774	0.00475	0.00483	0.00791	0.01037	0.01374	0.02972	0.61497	0.06954	0.16908	0.01130	0.00288	0.00367	0.01429	0.00487	0.00436
34	0.00812	0.00581	0.00704	0.00751	0.00856	0.00542	0.00526	0.04437	0.01232	0.03573	0.07625	0.48450	0.20768	0.05403	0.00796	0.00228	0.00342	0.01352	0.00526	0.00497
35	0.05539	0.13464	0.40029	0.01263	0.01869	0.01279	0.01443	0.01886	0.03042	0.14949	0.08731	0.01582	0.01310	0.00621	0.00519	0.00169	0.00651	0.00485	0.00370	0.00798
36	0.01452	0.15401	0.04454	0.03752	0.03978	0.03648	0.03650	0.06854	0.07537	0.14573	0.19984	0.08415	0.02311	0.00829	0.00566	0.00171	0.00507	0.00701	0.00487	0.00729
37	0.01247	0.00841	0.00992	0.00920	0.01166	0.00867	0.00734	0.03170	0.22218	0.13380	0.04076	0.03504	0.19741	0.01453	0.10191	0.00284	0.00550	0.11162	0.02815	0.00686
38	0.05124	0.00869	0.01217	0.21336	0.01852	0.01026	0.00973	0.10178	0.01200	0.01704	0.03455	0.04444	0.01310	0.03543	0.35572	0.00517	0.04153	0.00593	0.00337	0.00597
39	0.01358	0.01641	0.16248	0.02328	0.37001	0.05011	0.01520	0.02054	0.19824	0.01928	0.01428	0.01720	0.01154	0.00621	0.00564	0.00178	0.00654	0.03561	0.00355	0.00853
40	0.01446	0.01459	0.01196	0.08836	0.01479	0.32853	0.00856	0.01447	0.01140	0.01206	0.00960	0.01424	0.00870	0.01352	0.04984	0.36534	0.00783	0.00443	0.00267	0.00465
41	0.01297	0.08785	0.10449	0.08784	0.02764	0.01484	0.50770	0.01736	0.01257	0.01703	0.01062	0.01414	0.00813	0.00514	0.00673	0.00185	0.04712	0.00584	0.00271	0.00744
42	0.01455	0.01388	0.01922	0.01726	0.10366	0.12054	0.21862	0.07668	0.07803	0.06200	0.01936	0.05944	0.07530	0.00803	0.00623	0.00188	0.00699	0.08687	0.00411	0.00734

[dist]
# distance from previous block
# <min> <max>
8	23

[block]
# block no. 11 follows, 42 sequences, length 20
# corresponding to MSA columns:
# 419-438
name=unknown_L
#
# <colnr> <probs for GDERKNQSTAVLIFYWHMCP>
#	G	D	E	R	K	N	Q	S	T	A	V	L	I	F	Y	W	H	M	C	P
0	0.01574	0.11193	0.36746	0.01323	0.01908	0.10598	0.01442	0.02033	0.04283	0.17468	0.03410	0.03236	0.01095	0.00623	0.00527	0.00168	0.00711	0.00481	0.00371	0.00809
1	0.01096	0.00886	0.05331	0.00915	0.01140	0.00803	0.00730	0.01653	0.20992	0.09566	0.08727	0.30903	0.12530	0.01224	0.00642	0.00201	0.00393	0.01069	0.00545	0.00654
2	0.00767	0.00569	0.00774	0.09695	0.01140	0.00567	0.00614	0.00888	0.01106	0.01463	0.09825	0.45024	0.09799	0.09353	0.00986	0.04864	0.00396	0.01242	0.00467	0.00462
3	0.04741	0.01615	0.04567	0.04566	0.01970	0.12778	0.16784	0.27895	0.01760	0.02362	0.01177	0.01374	0.00894	0.00628	0.00662	0.00174	0.07360	0.00508	0.07409	0.00774
4	0.00805	0.00605	0.00819	0.00845	0.00939	0.00652	0.00644	0.00979	0.01066	0.01484	0.05669	0.22396	0.11532	0.02526	0.30957	0.00483	0.05511	0.06062	0.05529	0.00498
5	0.01056	0.01037	0.02015	0.01582	0.01887	0.01067	0.33676	0.01375	0.01091	0.01529	0.01311	0.01861	0.01132	0.02415	0.40327	0.00558	0.04540	0.00626	0.00292	0.00622
6	0.01396	0.01001	0.01148	0.01023	0.01294	0.01092	0.00804	0.09472	0.33584	0.10928	0.05111	0.02628	0.06042	0.06075	0.11333	0.00309	0.00607	0.04863	0.00531	0.00760
7	0.01269	0.00682	0.00835	0.00781	0.01001	0.00610	0.00600	0.01477	0.03302	0.23408	0.03573	0.21079	0.26582	0.01223	0.00632	0.00194	0.00366	0.04947	0.06812	0.00628
8	0.00746	0.00533	0.00677	0.00769	0.00823	0.00507	0.00536	0.00852	0.01075	0.01410	0.03028	0.46171	0.09551	0.18119	0.01172	0.00296	0.00398	0.12412	0.00484	0.00444
9	0.02687	0.05570	0.01044	0.00842	0.01077	0.00889	0.00666	0.09623	0.08644	0.11082	0.18025	0.11489	0.04368	0.00941	0.00561	0.00173	0.00385	0.03033	0.18238	0.00664
10	0.00957	0.00768	0.01008	0.00964	0.01063	0.00863	0.02741	0.01246	0.11036	0.01551	0.02464	0.29984	0.10715	0.01361	0.01058	0.09782	0.15515	0.00993	0.05396	0.00536
