[name]
unknown

[dist]
# distance from previous block
# <min> <max>
3	429

[block]
# block no. 0 follows, 51 sequences, length 52
# corresponding to MSA columns:
# 429-480
name=unknown_A
#
# <colnr> <probs for GDERKNQSTAVLIFYWHMCP>
#	G	D	E	R	K	N	Q	S	T	A	V	L	I	F	Y	W	H	M	C	P
0	0.18296	0.00901	0.01066	0.00844	0.01192	0.00876	0.00693	0.11459	0.01407	0.49873	0.07140	0.01585	0.01282	0.00605	0.00463	0.00152	0.00413	0.00472	0.00530	0.00751
1	0.01249	0.01401	0.02710	0.01959	0.02433	0.06943	0.67924	0.06029	0.01243	0.01636	0.00988	0.01286	0.00743	0.00431	0.00565	0.00162	0.00816	0.00553	0.00263	0.00666
2	0.01270	0.72323	0.12895	0.00915	0.01376	0.01838	0.00970	0.01483	0.01004	0.01209	0.00710	0.00821	0.00630	0.00427	0.00335	0.00112	0.00552	0.00276	0.00210	0.00643
3	0.01300	0.00665	0.00852	0.00745	0.00967	0.00611	0.00581	0.01566	0.06828	0.31939	0.24369	0.10143	0.10081	0.03958	0.00620	0.00174	0.00338	0.03117	0.00536	0.00613
4	0.00896	0.00535	0.00690	0.00694	0.00810	0.00494	0.00499	0.03026	0.01137	0.13331	0.17177	0.44814	0.08408	0.04265	0.00661	0.00190	0.00306	0.01089	0.00490	0.00486
5	0.40986	0.00928	0.00971	0.00787	0.01133	0.00955	0.00650	0.07362	0.01208	0.38564	0.01305	0.01233	0.00873	0.00537	0.00406	0.00152	0.00409	0.00385	0.00459	0.00696
6	0.00653	0.00485	0.00610	0.00627	0.00730	0.00443	0.00461	0.00825	0.01207	0.01633	0.40993	0.24676	0.18551	0.01210	0.00597	0.00172	0.00260	0.04931	0.00498	0.00437
7	0.00598	0.00431	0.00567	0.00676	0.00711	0.00400	0.00453	0.00685	0.00949	0.01258	0.02809	0.78987	0.06607	0.01527	0.00625	0.00198	0.00284	0.01381	0.00456	0.00400
8	0.00949	0.00894	0.01511	0.75935	0.08837	0.01097	0.01375	0.01274	0.00992	0.01281	0.00877	0.01303	0.00664	0.00487	0.00491	0.00162	0.00650	0.00437	0.00220	0.00563
9	0.80574	0.00943	0.00750	0.00662	0.00971	0.01077	0.00545	0.01508	0.00875	0.07416	0.00768	0.00857	0.00578	0.00466	0.00317	0.00152	0.00383	0.00281	0.00324	0.00553
10	0.00608	0.00455	0.00566	0.00643	0.00714	0.00413	0.00449	0.00718	0.01021	0.01328	0.08311	0.55415	0.21922	0.01426	0.00615	0.00189	0.00279	0.04058	0.00462	0.00409
11	0.01113	0.01333	0.10492	0.16639	0.20908	0.01187	0.37998	0.01499	0.01105	0.01522	0.00944	0.01267	0.00724	0.00439	0.00530	0.00160	0.00729	0.00498	0.00238	0.00676
12	0.00622	0.00476	0.00577	0.00647	0.00742	0.00431	0.00477	0.00745	0.01040	0.01317	0.03572	0.40242	0.32744	0.01397	0.00617	0.00191	0.00297	0.12998	0.00456	0.00414
13	0.00686	0.00495	0.00648	0.00625	0.00732	0.00457	0.00463	0.00903	0.01346	0.01900	0.71799	0.11479	0.04499	0.01058	0.00584	0.00159	0.00237	0.00939	0.00533	0.00457
14	0.01770	0.00738	0.00993	0.00806	0.01108	0.00645	0.00650	0.01957	0.01354	0.57992	0.13500	0.07492	0.05861	0.00773	0.00523	0.00158	0.00374	0.02002	0.00578	0.00725
15	0.07983	0.12646	0.55376	0.01439	0.10186	0.01245	0.01553	0.01531	0.01025	0.01563	0.00845	0.01005	0.00633	0.00457	0.00436	0.00148	0.00657	0.00350	0.00220	0.00704
16	0.02160	0.00870	0.01208	0.00921	0.01305	0.00766	0.03168	0.04969	0.01430	0.74882	0.01883	0.01645	0.01189	0.00601	0.00497	0.00152	0.00435	0.00495	0.00593	0.00831
17	0.01106	0.00675	0.00784	0.00703	0.00883	0.00680	0.00546	0.15669	0.01392	0.08599	0.22255	0.11594	0.02347	0.00829	0.00490	0.00148	0.00318	0.03078	0.27350	0.00556
18	0.43824	0.00785	0.00777	0.00691	0.00935	0.00841	0.02955	0.02580	0.01013	0.09425	0.06950	0.09919	0.04232	0.00670	0.00403	0.00153	0.00354	0.00519	0.12437	0.00537
19	0.01050	0.01022	0.01794	0.45718	0.28292	0.01142	0.09390	0.01370	0.01041	0.01402	0.00898	0.01276	0.00705	0.00474	0.00524	0.00159	0.02429	0.00452	0.00230	0.00634
20	0.01161	0.03706	0.46400	0.01240	0.01787	0.01209	0.01394	0.12127	0.19479	0.01870	0.01243	0.01402	0.00938	0.00562	0.00482	0.00159	0.00608	0.03171	0.00324	0.00741
21	0.01180	0.01307	0.02152	0.10033	0.02139	0.09711	0.37526	0.01458	0.01037	0.01378	0.00847	0.01199	0.00693	0.00573	0.00882	0.00177	0.26382	0.00490	0.00235	0.00601
22	0.05290	0.01113	0.09717	0.07489	0.04882	0.01034	0.00910	0.27915	0.04791	0.03004	0.01616	0.26852	0.01577	0.00859	0.00523	0.00167	0.00475	0.00732	0.00410	0.00643
23	0.01621	0.09869	0.23575	0.01312	0.11420	0.03480	0.01156	0.05196	0.01263	0.34317	0.01317	0.01301	0.00900	0.00524	0.00466	0.00146	0.00556	0.00419	0.00393	0.00769
24	0.00898	0.00737	0.01056	0.00958	0.01073	0.00849	0.05429	0.08984	0.01021	0.01441	0.03230	0.22127	0.01640	0.01978	0.29243	0.00402	0.15606	0.00731	0.02094	0.00503
25	0.18711	0.00788	0.00854	0.00750	0.00997	0.00816	0.00590	0.07309	0.10314	0.21769	0.01685	0.13846	0.01401	0.00718	0.00446	0.00153	0.00358	0.00582	0.17285	0.00626
26	0.01092	0.01037	0.01742	0.36902	0.44248	0.01137	0.01423	0.01433	0.03478	0.01468	0.00936	0.01276	0.00748	0.00468	0.00489	0.00154	0.00609	0.00441	0.00240	0.00678
27	0.01125	0.01162	0.01542	0.01313	0.01344	0.06435	0.03459	0.01243	0.00805	0.01196	0.00663	0.01071	0.00647	0.00824	0.01508	0.00208	0.74264	0.00428	0.00218	0.00543
28	0.00638	0.00484	0.00658	0.08227	0.00969	0.00474	0.00544	0.00760	0.00986	0.01294	0.05397	0.61165	0.11158	0.01386	0.00610	0.00192	0.00320	0.03885	0.00437	0.00419
29	0.00846	0.00427	0.00638	0.00642	0.00642	0.00426	0.00428	0.00642	0.00649	0.00866	0.00911	0.03982	0.00927	0.01702	0.01881	0.83073	0.00422	0.00457	0.00221	0.00219
30	0.01851	0.01182	0.01246	0.00986	0.01338	0.08526	0.00801	0.35868	0.01778	0.30172	0.01808	0.01699	0.09158	0.00657	0.00497	0.00149	0.00499	0.00511	0.00507	0.00767
31	0.01711	0.02144	0.01543	0.01343	0.01599	0.66880	0.08149	0.01863	0.01319	0.01236	0.00772	0.00943	0.00645	0.00527	0.00551	0.00137	0.07464	0.00350	0.00250	0.00576
32	0.01868	0.01376	0.01475	0.01131	0.01524	0.01524	0.00934	0.78025	0.02311	0.03097	0.01180	0.01180	0.00836	0.00590	0.00492	0.00147	0.00541	0.00442	0.00492	0.00836
33	0.01867	0.01412	0.01472	0.01136	0.01524	0.04464	0.00935	0.75202	0.02276	0.03027	0.01164	0.01169	0.00828	0.00587	0.00490	0.00147	0.00554	0.00438	0.00483	0.00826
34	0.00685	0.00501	0.00610	0.00594	0.00722	0.00448	0.00441	0.00868	0.01260	0.03532	0.46450	0.12169	0.27665	0.01126	0.00583	0.00163	0.00247	0.00979	0.00507	0.00451
35	0.00905	0.00842	0.01409	0.75768	0.03194	0.01042	0.01300	0.01215	0.00980	0.01256	0.01005	0.07107	0.00841	0.00566	0.00501	0.00166	0.00629	0.00505	0.00235	0.00535
36	0.01043	0.16583	0.66644	0.01303	0.01976	0.01281	0.01646	0.01542	0.01031	0.01486	0.00847	0.00994	0.00624	0.00459	0.00440	0.00147	0.00691	0.00346	0.00208	0.00710
37	0.00683	0.00466	0.00613	0.00665	0.00736	0.00430	0.00465	0.00817	0.01096	0.04218	0.25431	0.53588	0.06267	0.01339	0.00607	0.00183	0.00273	0.01203	0.00487	0.00434
38	0.00603	0.00458	0.00556	0.00618	0.00699	0.00411	0.00431	0.00716	0.01044	0.01351	0.11326	0.49688	0.27541	0.01391	0.00608	0.00184	0.00268	0.01231	0.00465	0.00411
39	0.01292	0.03107	0.47781	0.01265	0.01840	0.01062	0.06176	0.06696	0.02174	0.17646	0.02891	0.03791	0.00945	0.00547	0.00487	0.00156	0.00626	0.00453	0.00329	0.00735
40	0.15181	0.04493	0.20239	0.04451	0.15983	0.01176	0.18316	0.05348	0.02520	0.02739	0.03200	0.01254	0.01980	0.00486	0.00471	0.00154	0.00616	0.00442	0.00277	0.00675
41	0.05381	0.01987	0.01748	0.01438	0.01760	0.54124	0.20445	0.04677	0.01343	0.01412	0.00831	0.01005	0.00665	0.00484	0.00474	0.00138	0.00836	0.00386	0.00263	0.00602
42	0.00954	0.00528	0.00686	0.00679	0.00802	0.00482	0.00491	0.01097	0.01124	0.16542	0.18239	0.39409	0.04943	0.04799	0.00654	0.00187	0.00303	0.01012	0.06572	0.00496
43	0.01447	0.04924	0.10739	0.08581	0.12847	0.05858	0.09861	0.10842	0.08749	0.16763	0.01353	0.01427	0.03274	0.00544	0.00491	0.00152	0.00584	0.00471	0.00367	0.00727
44	0.01133	0.01202	0.07694	0.01454	0.01776	0.01175	0.30254	0.03497	0.15247	0.04284	0.03018	0.08954	0.01192	0.00677	0.00751	0.00176	0.15933	0.00608	0.00329	0.00646
45	0.31138	0.01052	0.01050	0.02004	0.01235	0.01180	0.00723	0.15945	0.28209	0.10624	0.01368	0.01328	0.00998	0.00570	0.00429	0.00156	0.00420	0.00426	0.00438	0.00706
46	0.01497	0.01449	0.21474	0.03660	0.09753	0.01100	0.07190	0.18785	0.02984	0.20584	0.05610	0.01432	0.01079	0.00555	0.00497	0.00153	0.00569	0.00472	0.00398	0.00759
47	0.01188	0.12367	0.26639	0.01632	0.04767	0.08740	0.31609	0.01575	0.01106	0.01466	0.00882	0.01112	0.00679	0.00457	0.00533	0.00152	0.03760	0.00436	0.00230	0.00669
48	0.01178	0.00835	0.01019	0.00955	0.03989	0.00907	0.00714	0.20528	0.10031	0.07164	0.01633	0.12384	0.01498	0.07372	0.20142	0.00339	0.01858	0.03454	0.03397	0.00604
49	0.07661	0.00528	0.00633	0.00643	0.00756	0.00507	0.00476	0.00924	0.01151	0.03218	0.34323	0.23513	0.10018	0.04287	0.00640	0.00183	0.00287	0.06173	0.03630	0.00449
50	0.01135	0.06978	0.02108	0.23087	0.36517	0.01221	0.18943	0.01455	0.01084	0.01475	0.00910	0.01235	0.00728	0.00445	0.00497	0.00152	0.00654	0.00458	0.00236	0.00681
51	0.01323	0.01325	0.04117	0.08909	0.26554	0.08892	0.17836	0.09140	0.08764	0.04114	0.01069	0.01277	0.00827	0.00500	0.00540	0.00155	0.03178	0.00468	0.00302	0.00711

[dist]
# distance from previous block
# <min> <max>
6	10

[block]
# block no. 1 follows, 51 sequences, length 31
# corresponding to MSA columns:
# 491-521
name=unknown_B
#
# <colnr> <probs for GDERKNQSTAVLIFYWHMCP>
#	G	D	E	R	K	N	Q	S	T	A	V	L	I	F	Y	W	H	M	C	P
0	0.01200	0.01217	0.03973	0.13145	0.64233	0.04642	0.01473	0.01496	0.01111	0.01541	0.00909	0.01209	0.00752	0.00449	0.00485	0.00148	0.00610	0.00430	0.00239	0.00738
1	0.01019	0.00560	0.00731	0.00705	0.00854	0.00507	0.00521	0.01188	0.02407	0.20554	0.20354	0.37258	0.09071	0.01153	0.00578	0.00174	0.00304	0.01019	0.00513	0.00527
2	0.25585	0.01166	0.02090	0.01537	0.01966	0.01147	0.47559	0.01624	0.01094	0.10096	0.01006	0.01212	0.00735	0.00447	0.00492	0.00160	0.00657	0.00481	0.00303	0.00644
3	0.19132	0.01386	0.16360	0.02877	0.01679	0.08011	0.22802	0.01441	0.01030	0.03940	0.01094	0.07101	0.00969	0.09283	0.00692	0.00192	0.00627	0.00517	0.00283	0.00584
4	0.00923	0.00622	0.00771	0.00783	0.01993	0.00612	0.00581	0.08621	0.03435	0.07505	0.07776	0.29867	0.10748	0.09591	0.00792	0.00216	0.00369	0.13840	0.00458	0.00497
5	0.00606	0.00450	0.00566	0.00641	0.00706	0.00410	0.00441	0.00716	0.01027	0.01351	0.11939	0.58400	0.18108	0.01421	0.00613	0.00188	0.00272	0.01269	0.00466	0.00410
6	0.05360	0.01264	0.07437	0.16929	0.22512	0.03737	0.29153	0.01472	0.01099	0.01542	0.02458	0.02955	0.00841	0.00478	0.00514	0.00158	0.00683	0.00500	0.00252	0.00657
7	0.00986	0.02542	0.80183	0.01401	0.02127	0.01141	0.01816	0.01556	0.01038	0.01556	0.00882	0.01038	0.00623	0.00467	0.00467	0.00156	0.00726	0.00363	0.00208	0.00726
8	0.01291	0.01090	0.01150	0.01014	0.01304	0.01254	0.00794	0.10632	0.70644	0.02166	0.01913	0.01764	0.01429	0.00659	0.00499	0.00165	0.00405	0.00544	0.00499	0.00784
9	0.32836	0.00814	0.00817	0.06252	0.02767	0.00885	0.00604	0.09448	0.03865	0.01845	0.02065	0.10185	0.19522	0.05427	0.00570	0.00179	0.00386	0.00631	0.00375	0.00526
10	0.05132	0.11025	0.68095	0.01305	0.01978	0.01225	0.01650	0.01542	0.01024	0.01545	0.00851	0.00999	0.00619	0.00461	0.00443	0.00150	0.00688	0.00348	0.00212	0.00707
11	0.00928	0.00873	0.01474	0.81548	0.03385	0.01092	0.01365	0.01256	0.00983	0.01256	0.00873	0.01310	0.00655	0.00491	0.00491	0.00164	0.00655	0.00437	0.00218	0.00546
12	0.25061	0.01104	0.01096	0.00929	0.01243	0.01256	0.00746	0.24040	0.32917	0.02396	0.03448	0.01405	0.01122	0.00595	0.00445	0.00157	0.00426	0.00451	0.00444	0.00718
13	0.03387	0.00736	0.00916	0.00802	0.01007	0.00782	0.00637	0.15142	0.01218	0.16337	0.01445	0.01734	0.01157	0.03932	0.34039	0.00419	0.00785	0.00492	0.14444	0.00587
14	0.00756	0.00510	0.00668	0.00635	0.00756	0.00468	0.00474	0.00968	0.01339	0.05647	0.66065	0.11969	0.05778	0.01047	0.00581	0.00159	0.00247	0.00927	0.00534	0.00474
15	0.00696	0.00502	0.00657	0.00618	0.00734	0.00464	0.00464	0.00927	0.01391	0.01971	0.79405	0.03671	0.04637	0.01005	0.00580	0.00155	0.00232	0.00889	0.00541	0.00464
16	0.01842	0.00788	0.01037	0.00827	0.01153	0.00705	0.00672	0.02118	0.06804	0.59661	0.12289	0.02127	0.06306	0.00702	0.00511	0.00154	0.00382	0.00582	0.00583	0.00758
17	0.01065	0.02035	0.51083	0.01904	0.24920	0.01165	0.05331	0.01531	0.01059	0.01560	0.00892	0.01105	0.00675	0.00468	0.00513	0.00155	0.03189	0.00398	0.00220	0.00733
18	0.77231	0.00996	0.00802	0.00698	0.01011	0.01147	0.00575	0.09589	0.00993	0.02300	0.00737	0.00839	0.00564	0.00470	0.00324	0.00152	0.00397	0.00285	0.00324	0.00564
19	0.00604	0.00453	0.00560	0.00630	0.00702	0.00410	0.00436	0.00714	0.01031	0.01344	0.10862	0.54654	0.22994	0.01411	0.00611	0.00186	0.00271	0.01254	0.00465	0.00410
20	0.00961	0.00743	0.01112	0.33880	0.10734	0.00846	0.00939	0.03520	0.01034	0.01536	0.01185	0.01540	0.00942	0.00856	0.08979	0.00211	0.00568	0.00454	0.29421	0.00539
21	0.01301	0.01289	0.02315	0.01711	0.02097	0.01348	0.46448	0.18217	0.03007	0.01851	0.00997	0.01262	0.00764	0.00533	0.00734	0.00170	0.14449	0.00524	0.00301	0.00682
22	0.00620	0.00447	0.00609	0.00700	0.00738	0.00440	0.00481	0.00720	0.00908	0.01226	0.02428	0.65918	0.02849	0.03939	0.15144	0.00313	0.00476	0.01223	0.00417	0.00404
23	0.11824	0.00761	0.00850	0.00794	0.00997	0.00796	0.00603	0.06223	0.19067	0.12700	0.06291	0.29277	0.05897	0.00971	0.00526	0.00172	0.00351	0.00831	0.00475	0.00595
24	0.11136	0.02677	0.25335	0.00979	0.01358	0.00841	0.04623	0.01408	0.01153	0.13024	0.21507	0.10445	0.02021	0.00736	0.00501	0.00159	0.00468	0.00625	0.00391	0.00612
25	0.01585	0.00993	0.01134	0.00940	0.01257	0.01046	0.00753	0.17199	0.31949	0.25890	0.05729	0.01914	0.05993	0.00684	0.00505	0.00158	0.00412	0.00559	0.00531	0.00771
26	0.05124	0.01122	0.01853	0.07513	0.41091	0.01123	0.12254	0.07405	0.01241	0.14797	0.01109	0.01293	0.00832	0.00479	0.00494	0.00151	0.00584	0.00460	0.00325	0.00750
27	0.00881	0.00667	0.00854	0.03298	0.04417	0.00660	0.02118	0.11020	0.01247	0.02924	0.13868	0.20987	0.18096	0.07392	0.00730	0.00199	0.00374	0.09326	0.00443	0.00501
28	0.01423	0.01074	0.01392	0.03949	0.13203	0.02984	0.04791	0.15073	0.07272	0.14151	0.01191	0.01263	0.00886	0.00486	0.00453	0.00126	0.00485	0.00412	0.00379	0.29007
29	0.03955	0.01010	0.01450	0.02669	0.17975	0.02754	0.11354	0.04274	0.20862	0.01756	0.01547	0.02169	0.01341	0.00686	0.00553	0.00167	0.03156	0.13670	0.07995	0.00655
30	0.01147	0.10682	0.15399	0.00989	0.01314	0.04245	0.03402	0.14234	0.02717	0.03216	0.17696	0.02014	0.01748	0.09397	0.00752	0.00184	0.04069	0.03239	0.00363	0.03192

[dist]
# distance from previous block
# <min> <max>
12	49

[block]
# block no. 2 follows, 51 sequences, length 48
# corresponding to MSA columns:
# 575-622
name=unknown_C
#
# <colnr> <probs for GDERKNQSTAVLIFYWHMCP>
#	G	D	E	R	K	N	Q	S	T	A	V	L	I	F	Y	W	H	M	C	P
0	0.08099	0.01110	0.03033	0.01232	0.07816	0.01135	0.08664	0.23790	0.10250	0.11822	0.10159	0.01572	0.01337	0.00605	0.00533	0.00153	0.03504	0.00504	0.00428	0.04253
1	0.02612	0.03085	0.01238	0.01112	0.07159	0.09127	0.03503	0.06124	0.04701	0.20164	0.07667	0.04713	0.01421	0.04245	0.07828	0.00223	0.06799	0.02657	0.00399	0.05222
2	0.12179	0.09634	0.14151	0.04763	0.01557	0.04663	0.08012	0.10831	0.01194	0.09299	0.01151	0.06605	0.01813	0.02533	0.00561	0.00158	0.04765	0.00468	0.00326	0.05337
3	0.16562	0.05415	0.04474	0.08697	0.05840	0.01144	0.06117	0.09307	0.19370	0.06846	0.05830	0.01431	0.01133	0.00553	0.00454	0.00150	0.00480	0.00454	0.00377	0.05367
4	0.04580	0.07952	0.02616	0.01243	0.08735	0.12566	0.09924	0.08827	0.05735	0.06510	0.02652	0.08643	0.08094	0.00661	0.00503	0.00146	0.01960	0.00557	0.00351	0.07746
5	0.16645	0.00823	0.02062	0.00951	0.07974	0.02339	0.00662	0.06153	0.07918	0.08960	0.09038	0.12691	0.06607	0.04197	0.00738	0.10259	0.00402	0.00638	0.00395	0.00548
6	0.01406	0.68742	0.02366	0.00916	0.01307	0.15897	0.00860	0.01558	0.01068	0.01164	0.00697	0.00806	0.00631	0.00436	0.00338	0.00109	0.00589	0.00272	0.00218	0.00620
7	0.01582	0.00717	0.00903	0.00739	0.01037	0.00621	0.00595	0.01777	0.03227	0.49062	0.03061	0.02803	0.30067	0.00844	0.00526	0.00158	0.00355	0.00696	0.00550	0.00680
8	0.18529	0.00949	0.03387	0.00949	0.04856	0.00863	0.00756	0.05502	0.01295	0.52021	0.01535	0.01411	0.01007	0.00555	0.00450	0.00148	0.00430	0.00432	0.00501	0.04422
9	0.01691	0.03190	0.01585	0.01305	0.01602	0.45304	0.09041	0.18820	0.04520	0.01694	0.00917	0.01045	0.00724	0.00543	0.00544	0.00142	0.05987	0.00388	0.00312	0.00646
10	0.00602	0.00432	0.00572	0.00677	0.00712	0.00402	0.00455	0.00694	0.00963	0.01284	0.05730	0.77520	0.05111	0.01512	0.00624	0.00197	0.00282	0.01369	0.00459	0.00402
11	0.01314	0.83025	0.02575	0.00841	0.01261	0.01945	0.00841	0.01472	0.00999	0.01156	0.00683	0.00788	0.00631	0.00420	0.00315	0.00105	0.00526	0.00263	0.00210	0.00631
12	0.00589	0.00497	0.00510	0.00509	0.00670	0.00418	0.00381	0.00721	0.01136	0.01372	0.10171	0.05948	0.72938	0.01233	0.00581	0.00166	0.00248	0.01033	0.00462	0.00418
13	0.01898	0.01328	0.01445	0.01108	0.01500	0.01452	0.00915	0.71274	0.02230	0.09963	0.01248	0.01224	0.00870	0.00592	0.00492	0.00148	0.00530	0.00447	0.00502	0.00836
14	0.01710	0.01286	0.01679	0.01543	0.15803	0.01361	0.08531	0.50020	0.01902	0.09427	0.01182	0.01244	0.00850	0.00547	0.00500	0.00149	0.00566	0.00460	0.00433	0.00808
15	0.00581	0.00498	0.00498	0.00498	0.00664	0.00415	0.00373	0.00705	0.01120	0.01328	0.04978	0.04729	0.79464	0.01245	0.00581	0.00166	0.00249	0.01037	0.00456	0.00415
16	0.01222	0.01056	0.01111	0.01000	0.01278	0.01222	0.00778	0.02611	0.78776	0.02056	0.02000	0.01833	0.01500	0.00667	0.00500	0.00167	0.00389	0.00556	0.00500	0.00778
17	0.00599	0.00428	0.00570	0.00684	0.00713	0.00399	0.00456	0.00684	0.00941	0.01254	0.02709	0.82409	0.03250	0.01540	0.00627	0.00200	0.00285	0.01397	0.00456	0.00399
18	0.01181	0.01310	0.07123	0.05743	0.42846	0.07630	0.15265	0.01512	0.02965	0.01532	0.01083	0.07533	0.00954	0.00535	0.00510	0.00154	0.00638	0.00526	0.00264	0.00697
19	0.00986	0.02542	0.80183	0.01401	0.02127	0.01141	0.01816	0.01556	0.01038	0.01556	0.00882	0.01038	0.00623	0.00467	0.00467	0.00156	0.00726	0.00363	0.00208	0.00726
20	0.00652	0.00455	0.00581	0.00660	0.00688	0.00438	0.00440	0.00725	0.00890	0.01183	0.02347	0.51175	0.02767	0.26133	0.01200	0.00286	0.00359	0.08239	0.00408	0.00373
21	0.00991	0.02507	0.77954	0.01420	0.02140	0.01144	0.04009	0.01557	0.01041	0.01557	0.00885	0.01046	0.00626	0.00465	0.00470	0.00156	0.00729	0.00369	0.00209	0.00724
22	0.01372	0.10731	0.36016	0.01301	0.01839	0.08418	0.08054	0.19874	0.01395	0.05038	0.00974	0.01082	0.00710	0.00496	0.00465	0.00146	0.00671	0.00391	0.00300	0.00727
23	0.00593	0.00494	0.00530	0.00540	0.00687	0.00431	0.00402	0.00719	0.01075	0.01305	0.04454	0.11418	0.65795	0.01485	0.07623	0.00224	0.00346	0.01024	0.00439	0.00416
24	0.00599	0.00428	0.00570	0.00684	0.00713	0.00399	0.00456	0.00684	0.00941	0.01254	0.02709	0.82409	0.03250	0.01540	0.00627	0.00200	0.00285	0.01397	0.00456	0.00399
25	0.01872	0.01321	0.01466	0.01124	0.01516	0.01441	0.02420	0.68373	0.03630	0.09914	0.01259	0.01239	0.00880	0.00590	0.00494	0.00149	0.00533	0.00452	0.00497	0.00831
26	0.01128	0.01719	0.30659	0.17913	0.29027	0.08128	0.01544	0.01515	0.01086	0.01482	0.00884	0.01140	0.00684	0.00465	0.00476	0.00151	0.00677	0.00399	0.00226	0.00695
27	0.01003	0.00987	0.01611	0.44989	0.02541	0.01257	0.07973	0.01257	0.00913	0.01257	0.00800	0.01225	0.00659	0.00621	0.00912	0.00183	0.30592	0.00447	0.00220	0.00553
28	0.01608	0.01738	0.01317	0.01161	0.01404	0.42777	0.00895	0.17930	0.08282	0.01682	0.01131	0.08713	0.00999	0.00665	0.00574	0.00149	0.07531	0.00475	0.00341	0.00626
29	0.01113	0.01142	0.05814	0.02498	0.58383	0.01058	0.05693	0.01406	0.01118	0.01566	0.01410	0.01853	0.07831	0.00579	0.00514	0.00155	0.00565	0.06311	0.00276	0.00712
30	0.01457	0.20207	0.01668	0.01144	0.01437	0.40003	0.07608	0.01692	0.05756	0.01296	0.01220	0.04876	0.04931	0.00610	0.00455	0.00137	0.00692	0.03942	0.00286	0.00583
31	0.00928	0.00873	0.01474	0.81548	0.03385	0.01092	0.01365	0.01256	0.00983	0.01256	0.00873	0.01310	0.00655	0.00491	0.00491	0.00164	0.00655	0.00437	0.00218	0.00546
32	0.01291	0.13308	0.27270	0.04842	0.05821	0.11916	0.08128	0.11094	0.02752	0.01618	0.00891	0.01065	0.00691	0.00509	0.00544	0.00149	0.06779	0.00388	0.00262	0.00682
33	0.00775	0.00612	0.00742	0.08226	0.01025	0.00596	0.00554	0.07636	0.01326	0.01747	0.35605	0.03651	0.33638	0.01015	0.00564	0.00159	0.00306	0.00866	0.00473	0.00485
34	0.01533	0.08652	0.09045	0.05812	0.16095	0.08048	0.01132	0.35986	0.05245	0.02200	0.01047	0.01152	0.00791	0.00527	0.00469	0.00144	0.00593	0.00413	0.00360	0.00756
35	0.00697	0.00665	0.07600	0.00762	0.00876	0.00522	0.00596	0.04710	0.01027	0.01378	0.02568	0.67782	0.06173	0.01384	0.00604	0.00192	0.00335	0.01242	0.00436	0.00451
36	0.10457	0.00982	0.01282	0.44361	0.02368	0.04509	0.01074	0.14286	0.01253	0.01744	0.07880	0.01637	0.01132	0.00594	0.00486	0.00161	0.00568	0.04329	0.00316	0.00583
37	0.00945	0.00942	0.08337	0.00907	0.01135	0.00887	0.00755	0.01709	0.37896	0.01658	0.02170	0.22085	0.06122	0.01241	0.09377	0.00243	0.00490	0.02053	0.00432	0.00616
38	0.01261	0.21839	0.07994	0.02291	0.07441	0.01196	0.00887	0.08265	0.07969	0.05882	0.01013	0.01103	0.00801	0.00454	0.00402	0.00114	0.00476	0.00351	0.00312	0.29948
39	0.05092	0.05151	0.01348	0.03845	0.01442	0.24965	0.04748	0.04249	0.10350	0.22558	0.05471	0.01403	0.01118	0.00570	0.00485	0.00143	0.01887	0.00440	0.00399	0.04335
40	0.10491	0.04525	0.01361	0.04150	0.08418	0.08230	0.04802	0.07259	0.41534	0.01937	0.01452	0.01452	0.01106	0.00575	0.00468	0.00156	0.00497	0.00470	0.00399	0.00717
41	0.01110	0.01166	0.08143	0.04853	0.39529	0.01025	0.09182	0.04039	0.01146	0.01639	0.07845	0.01498	0.01139	0.04292	0.00581	0.00156	0.00559	0.00481	0.00283	0.11334
42	0.02703	0.01128	0.01628	0.08083	0.09333	0.01189	0.14407	0.22217	0.08664	0.09501	0.01348	0.01458	0.04254	0.00574	0.00573	0.00155	0.05784	0.00494	0.00379	0.06130
43	0.01392	0.01326	0.08966	0.01786	0.29469	0.02265	0.01179	0.27515	0.09527	0.02150	0.02676	0.01436	0.00999	0.00556	0.00491	0.00149	0.00546	0.03075	0.00365	0.04131
44	0.01290	0.01344	0.05077	0.01616	0.05564	0.06602	0.37007	0.14078	0.09596	0.01857	0.03680	0.02784	0.00999	0.00515	0.00527	0.00154	0.00667	0.00529	0.00329	0.05785
45	0.01132	0.00968	0.02429	0.00951	0.02365	0.07828	0.06006	0.07466	0.16489	0.07813	0.17315	0.10176	0.13409	0.00846	0.00535	0.00159	0.00424	0.00728	0.00452	0.02508
46	0.01121	0.01213	0.07720	0.01635	0.25561	0.10044	0.04953	0.04042	0.04397	0.01577	0.04355	0.08949	0.06591	0.00694	0.00509	0.00151	0.00539	0.06234	0.00325	0.09390
47	0.01377	0.07923	0.06562	0.02959	0.12906	0.06609	0.06365	0.09452	0.10823	0.12089	0.01358	0.03681	0.03128	0.00571	0.00491	0.00143	0.01786	0.01395	0.00363	0.10020

[dist]
# distance from previous block
# <min> <max>
0	40

[block]
# block no. 3 follows, 51 sequences, length 27
# corresponding to MSA columns:
# 663-689
name=unknown_D
#
# <colnr> <probs for GDERKNQSTAVLIFYWHMCP>
#	G	D	E	R	K	N	Q	S	T	A	V	L	I	F	Y	W	H	M	C	P
0	0.07155	0.06143	0.10006	0.07850	0.11533	0.01083	0.03519	0.08936	0.06153	0.06008	0.03659	0.01351	0.02246	0.02230	0.00534	0.00145	0.03735	0.00425	0.00323	0.16967
1	0.09647	0.08209	0.03943	0.00881	0.01185	0.05353	0.04850	0.06487	0.04083	0.09340	0.18203	0.01858	0.04128	0.00887	0.07183	0.00191	0.00512	0.00518	0.00387	0.12158
2	0.01236	0.07286	0.08932	0.07849	0.06855	0.03061	0.02704	0.07906	0.15042	0.06455	0.01236	0.01317	0.02458	0.00503	0.00443	0.00129	0.00494	0.00412	0.00342	0.25341
3	0.23793	0.01295	0.12702	0.01542	0.21031	0.01138	0.07490	0.09511	0.05703	0.01949	0.03544	0.01190	0.00861	0.00488	0.00440	0.00148	0.00529	0.00407	0.00308	0.05931
4	0.03801	0.02302	0.04067	0.01009	0.05805	0.02865	0.04300	0.09593	0.07702	0.19517	0.04094	0.03464	0.17151	0.00702	0.00493	0.00145	0.00432	0.00585	0.00434	0.11538
5	0.00726	0.00584	0.00798	0.00747	0.00878	0.00552	0.06930	0.00925	0.04476	0.01403	0.14232	0.15638	0.23375	0.17673	0.00983	0.00238	0.00373	0.08610	0.00421	0.00437
6	0.04486	0.02372	0.01234	0.04966	0.14061	0.03056	0.00861	0.04134	0.28004	0.11981	0.06154	0.05399	0.02788	0.00640	0.00485	0.00151	0.00437	0.00542	0.00423	0.07827
7	0.01423	0.01222	0.03402	0.19793	0.15879	0.09407	0.19561	0.03135	0.01209	0.18401	0.01135	0.01323	0.00820	0.00492	0.00507	0.00154	0.00657	0.00470	0.00323	0.00689
8	0.01295	0.78319	0.07113	0.00874	0.01312	0.01898	0.00898	0.01476	0.01001	0.01180	0.00695	0.00803	0.00630	0.00423	0.00324	0.00108	0.00537	0.00269	0.00210	0.00636
9	0.01118	0.01701	0.34371	0.01257	0.01741	0.01190	0.07665	0.02083	0.39729	0.01806	0.01448	0.01458	0.01070	0.00562	0.00493	0.00162	0.00567	0.00477	0.00357	0.00747
10	0.01063	0.01686	0.33339	0.01974	0.27296	0.01105	0.15525	0.01481	0.01112	0.01597	0.06136	0.01416	0.03014	0.00503	0.00504	0.00155	0.00654	0.00479	0.00255	0.00706
11	0.00890	0.00855	0.01654	0.01310	0.01568	0.00867	0.32456	0.01167	0.00969	0.01356	0.04623	0.01758	0.01180	0.02219	0.44190	0.00505	0.01067	0.00565	0.00269	0.00532
12	0.00664	0.00501	0.00613	0.00585	0.00715	0.00450	0.00439	0.00867	0.01317	0.01795	0.59079	0.03960	0.25072	0.01070	0.00580	0.00158	0.00237	0.00929	0.00518	0.00450
13	0.01368	0.13516	0.28222	0.04444	0.13655	0.10810	0.02592	0.10558	0.01264	0.07685	0.00963	0.01091	0.00723	0.00486	0.00453	0.00143	0.00649	0.00380	0.00284	0.00715
14	0.01576	0.07122	0.05301	0.01766	0.25449	0.39201	0.01152	0.09844	0.01364	0.01540	0.00855	0.01019	0.00698	0.00487	0.00454	0.00135	0.00726	0.00366	0.00271	0.00673
15	0.00816	0.00670	0.00745	0.00763	0.00884	0.07208	0.00605	0.01000	0.01222	0.01593	0.32708	0.07794	0.10272	0.01162	0.00666	0.04130	0.00375	0.26476	0.00460	0.00450
16	0.00743	0.07403	0.00834	0.00789	0.00892	0.00603	0.00634	0.00899	0.01036	0.01344	0.02567	0.39022	0.05356	0.01356	0.00622	0.00202	0.00378	0.34444	0.00434	0.00443
17	0.01193	0.01153	0.01833	0.25705	0.19949	0.03862	0.14860	0.09581	0.04039	0.01606	0.00949	0.01254	0.00748	0.00528	0.00641	0.00163	0.10544	0.00463	0.00269	0.00658
18	0.00737	0.00485	0.00566	0.00565	0.00594	0.00473	0.00342	0.00778	0.00835	0.03088	0.10305	0.09889	0.03996	0.62996	0.02038	0.00403	0.00427	0.00793	0.00349	0.00341
19	0.07825	0.00539	0.00626	0.00593	0.00736	0.00506	0.00449	0.00920	0.01283	0.01843	0.55778	0.03673	0.21425	0.01014	0.00557	0.00157	0.00248	0.00871	0.00502	0.00458
20	0.02003	0.01036	0.01249	0.00971	0.01346	0.01034	0.00798	0.27504	0.08790	0.47355	0.01693	0.01524	0.01116	0.00608	0.00494	0.00152	0.00456	0.00483	0.00560	0.00831
21	0.40954	0.01590	0.01455	0.01266	0.01607	0.08830	0.00964	0.26356	0.01710	0.02788	0.01402	0.01702	0.01168	0.00880	0.00681	0.00249	0.04427	0.00521	0.00536	0.00913
22	0.02974	0.03800	0.01182	0.00952	0.01179	0.00835	0.07711	0.05617	0.02571	0.19138	0.03431	0.08446	0.01353	0.03112	0.29187	0.00389	0.04528	0.00580	0.00378	0.02636
23	0.05068	0.25379	0.01812	0.01356	0.15747	0.04343	0.03982	0.10793	0.14791	0.01732	0.01049	0.01147	0.00844	0.00494	0.00441	0.00133	0.01883	0.00388	0.00315	0.08304
24	0.01361	0.04475	0.05455	0.08751	0.17498	0.09092	0.01006	0.05662	0.08411	0.12552	0.03691	0.01325	0.00985	0.00507	0.00456	0.00133	0.00528	0.00420	0.00345	0.17346
25	0.02723	0.07356	0.08482	0.01347	0.05354	0.24705	0.12835	0.09688	0.08410	0.04389	0.05217	0.01360	0.01031	0.00552	0.00499	0.00146	0.01964	0.01884	0.00324	0.01735
26	0.05947	0.02177	0.08398	0.00972	0.03259	0.03886	0.00817	0.09748	0.14363	0.15231	0.03936	0.05126	0.01175	0.00578	0.00453	0.00135	0.00449	0.00467	0.00407	0.22477

[dist]
# distance from previous block
# <min> <max>
2	31

[block]
# block no. 4 follows, 51 sequences, length 157
# corresponding to MSA columns:
# 721-877
name=unknown_E
#
# <colnr> <probs for GDERKNQSTAVLIFYWHMCP>
#	G	D	E	R	K	N	Q	S	T	A	V	L	I	F	Y	W	H	M	C	P
0	0.07041	0.05281	0.06324	0.01226	0.06172	0.02455	0.12001	0.05762	0.17822	0.10742	0.02560	0.03184	0.01052	0.00555	0.00514	0.00147	0.03787	0.00472	0.00369	0.12534
1	0.08110	0.04529	0.05848	0.02687	0.05345	0.05120	0.18411	0.12152	0.06243	0.08039	0.02596	0.03935	0.00962	0.00524	0.00473	0.00142	0.00564	0.00470	0.00346	0.13504
2	0.05321	0.04043	0.09678	0.01208	0.07779	0.00928	0.12188	0.02911	0.02741	0.10276	0.01083	0.03646	0.00860	0.00468	0.00439	0.00122	0.00502	0.00415	0.00318	0.35074
3	0.00792	0.03852	0.02139	0.00682	0.02923	0.03832	0.00520	0.06032	0.01215	0.01488	0.07808	0.03837	0.57839	0.01060	0.00547	0.00156	0.00325	0.00876	0.00429	0.03650
4	0.02858	0.19138	0.45926	0.01175	0.01729	0.03406	0.01359	0.03964	0.08006	0.03102	0.00990	0.01152	0.00766	0.03800	0.00517	0.00158	0.00629	0.00375	0.00258	0.00691
5	0.00662	0.00491	0.00660	0.00761	0.03912	0.00463	0.00505	0.00820	0.02402	0.01489	0.24654	0.53617	0.05069	0.01321	0.00605	0.00183	0.00283	0.01191	0.00473	0.00440
6	0.01027	0.00900	0.01128	0.00806	0.01246	0.00689	0.05071	0.01257	0.01027	0.01600	0.00880	0.01037	0.00729	0.00367	0.00376	0.00078	0.00391	0.00308	0.00289	0.80793
7	0.01157	0.01791	0.35556	0.01528	0.02080	0.01192	0.27060	0.07389	0.10780	0.03362	0.01177	0.01324	0.02252	0.00500	0.00513	0.00160	0.00690	0.00481	0.00291	0.00716
8	0.00599	0.00428	0.00570	0.00684	0.00713	0.00399	0.00456	0.00684	0.00941	0.01254	0.02709	0.82409	0.03250	0.01540	0.00627	0.00200	0.00285	0.01397	0.00456	0.00399
9	0.01782	0.01325	0.01477	0.01249	0.07042	0.01457	0.00958	0.65178	0.07866	0.04781	0.01241	0.01243	0.00890	0.00585	0.00492	0.00149	0.00530	0.00452	0.00477	0.00827
10	0.01301	0.01199	0.01695	0.02031	0.37507	0.04576	0.07252	0.06729	0.27203	0.03412	0.01319	0.01424	0.01024	0.00528	0.00497	0.00154	0.00545	0.00485	0.00353	0.00765
11	0.00690	0.00502	0.00649	0.00612	0.00731	0.00461	0.00459	0.00916	0.01377	0.01938	0.75654	0.03724	0.08407	0.01017	0.00580	0.00155	0.00233	0.00896	0.00537	0.00461
12	0.02189	0.00862	0.01156	0.00887	0.01267	0.00761	0.00732	0.06020	0.01450	0.76318	0.01902	0.01649	0.01198	0.00607	0.00494	0.00152	0.00424	0.00492	0.00603	0.00836
13	0.01216	0.01168	0.01995	0.03016	0.79664	0.01168	0.01508	0.01508	0.01119	0.01605	0.00924	0.01216	0.00778	0.00438	0.00487	0.00146	0.00584	0.00438	0.00243	0.00778
14	0.01160	0.01326	0.02900	0.02071	0.02568	0.01243	0.77879	0.01574	0.01160	0.01574	0.00994	0.01326	0.00746	0.00414	0.00580	0.00166	0.00829	0.00580	0.00249	0.00663
15	0.00928	0.00873	0.01474	0.81548	0.03385	0.01092	0.01365	0.01256	0.00983	0.01256	0.00873	0.01310	0.00655	0.00491	0.00491	0.00164	0.00655	0.00437	0.00218	0.00546
16	0.01139	0.01078	0.01771	0.23906	0.51724	0.01152	0.01400	0.01545	0.08476	0.01554	0.01013	0.01300	0.00814	0.00474	0.00489	0.00153	0.00584	0.00449	0.00261	0.00716
17	0.00696	0.00502	0.00657	0.00618	0.00734	0.00464	0.00464	0.00927	0.01391	0.01971	0.79405	0.03671	0.04637	0.01005	0.00580	0.00155	0.00232	0.00889	0.00541	0.00464
18	0.01019	0.00873	0.01019	0.00728	0.01165	0.00655	0.00582	0.01237	0.01019	0.01601	0.00873	0.01019	0.00728	0.00364	0.00364	0.00073	0.00364	0.00291	0.00291	0.85734
19	0.01917	0.01299	0.01427	0.01094	0.01485	0.01409	0.00904	0.67152	0.02181	0.14154	0.01289	0.01251	0.00890	0.00593	0.00492	0.00148	0.00523	0.00450	0.00508	0.00836
20	0.01836	0.01360	0.01456	0.01124	0.01512	0.01509	0.00926	0.74225	0.06163	0.03045	0.01221	0.01213	0.00869	0.00594	0.00492	0.00148	0.00533	0.00448	0.00492	0.00833
21	0.00928	0.00873	0.01474	0.81548	0.03385	0.01092	0.01365	0.01256	0.00983	0.01256	0.00873	0.01310	0.00655	0.00491	0.00491	0.00164	0.00655	0.00437	0.00218	0.00546
22	0.00629	0.00471	0.00578	0.00611	0.00701	0.00427	0.00432	0.00768	0.01121	0.01489	0.27633	0.34906	0.22779	0.04315	0.00670	0.00187	0.00266	0.01120	0.00477	0.00420
23	0.59481	0.00914	0.00855	0.00719	0.01047	0.00982	0.00593	0.01747	0.01018	0.26954	0.01083	0.01076	0.00750	0.00505	0.00365	0.00152	0.00392	0.00339	0.00401	0.00629
24	0.00928	0.00873	0.01474	0.81548	0.03385	0.01092	0.01365	0.01256	0.00983	0.01256	0.00873	0.01310	0.00655	0.00491	0.00491	0.00164	0.00655	0.00437	0.00218	0.00546
25	0.00720	0.00515	0.00708	0.00811	0.00896	0.00503	0.00656	0.00900	0.01086	0.01434	0.08086	0.31208	0.03098	0.01394	0.00654	0.00212	0.00381	0.45845	0.00460	0.00435
26	0.02117	0.00831	0.01145	0.04442	0.01338	0.00733	0.00745	0.02314	0.01387	0.74874	0.03522	0.01699	0.01264	0.00611	0.00496	0.00153	0.00425	0.00500	0.00590	0.00816
27	0.01855	0.01370	0.01468	0.01128	0.01519	0.01518	0.00931	0.76552	0.03805	0.03077	0.01196	0.01193	0.00849	0.00591	0.00492	0.00148	0.00538	0.00445	0.00492	0.00835
28	0.00715	0.00476	0.00536	0.00536	0.00536	0.00476	0.00298	0.00715	0.00715	0.00953	0.01548	0.03216	0.01787	0.82729	0.02501	0.00476	0.00476	0.00715	0.00298	0.00298
29	0.86201	0.00950	0.00722	0.00646	0.00950	0.01102	0.00532	0.01445	0.00836	0.02205	0.00684	0.00798	0.00532	0.00456	0.00304	0.00152	0.00380	0.00266	0.00304	0.00532
30	0.74015	0.01016	0.00854	0.00741	0.01052	0.02923	0.02937	0.04608	0.04845	0.02191	0.00782	0.00884	0.00602	0.00472	0.00333	0.00152	0.00412	0.00299	0.00319	0.00562
31	0.00599	0.00428	0.00570	0.00684	0.00713	0.00399	0.00456	0.00684	0.00941	0.01254	0.02709	0.82409	0.03250	0.01540	0.00627	0.00200	0.00285	0.01397	0.00456	0.00399
32	0.00715	0.00476	0.00536	0.00536	0.00536	0.00476	0.00298	0.00715	0.00715	0.00953	0.01548	0.03216	0.01787	0.82729	0.02501	0.00476	0.00476	0.00715	0.00298	0.00298
33	0.02205	0.00836	0.01140	0.00874	0.01254	0.00722	0.00722	0.02395	0.01407	0.80004	0.01939	0.01673	0.01216	0.00608	0.00494	0.00152	0.00418	0.00494	0.00608	0.00836
34	0.86201	0.00950	0.00722	0.00646	0.00950	0.01102	0.00532	0.01445	0.00836	0.02205	0.00684	0.00798	0.00532	0.00456	0.00304	0.00152	0.00380	0.00266	0.00304	0.00532
35	0.00599	0.00428	0.00570	0.00684	0.00713	0.00399	0.00456	0.00684	0.00941	0.01254	0.02709	0.82409	0.03250	0.01540	0.00627	0.00200	0.00285	0.01397	0.00456	0.00399
36	0.86201	0.00950	0.00722	0.00646	0.00950	0.01102	0.00532	0.01445	0.00836	0.02205	0.00684	0.00798	0.00532	0.00456	0.00304	0.00152	0.00380	0.00266	0.00304	0.00532
37	0.00615	0.00468	0.00555	0.00596	0.00685	0.00420	0.00416	0.00730	0.01056	0.01366	0.14932	0.36890	0.30791	0.07254	0.00740	0.00201	0.00278	0.01142	0.00457	0.00407
38	0.86201	0.00950	0.00722	0.00646	0.00950	0.01102	0.00532	0.01445	0.00836	0.02205	0.00684	0.00798	0.00532	0.00456	0.00304	0.00152	0.00380	0.00266	0.00304	0.00532
39	0.01222	0.01056	0.01111	0.01000	0.01278	0.01222	0.00778	0.02611	0.78776	0.02056	0.02000	0.01833	0.01500	0.00667	0.00500	0.00167	0.00389	0.00556	0.00500	0.00778
40	0.00708	0.00501	0.00604	0.00602	0.00730	0.00445	0.00442	0.00867	0.01194	0.05510	0.31470	0.21293	0.31450	0.01190	0.00586	0.00168	0.00259	0.01035	0.00495	0.00450
41	0.01840	0.02221	0.01403	0.01249	0.01520	0.70795	0.00948	0.11525	0.01508	0.01441	0.00812	0.00923	0.00658	0.00517	0.00449	0.00129	0.00843	0.00332	0.00283	0.00603
42	0.00983	0.02468	0.76697	0.04951	0.02183	0.01139	0.01796	0.01543	0.01035	0.01543	0.00882	0.01050	0.00624	0.00468	0.00468	0.00156	0.00723	0.00366	0.00208	0.00718
43	0.00670	0.00446	0.00595	0.00693	0.00737	0.00413	0.00468	0.00760	0.00961	0.04743	0.02674	0.78832	0.03160	0.01498	0.00621	0.00197	0.00291	0.01357	0.00463	0.00419
44	0.01515	0.00962	0.01106	0.00950	0.01253	0.01035	0.00753	0.02465	0.50460	0.27062	0.01950	0.01786	0.01397	0.00782	0.04054	0.00190	0.00439	0.00535	0.00524	0.00782
45	0.01214	0.01175	0.02035	0.02975	0.76249	0.01171	0.04891	0.01511	0.01121	0.01604	0.00927	0.01221	0.00777	0.00437	0.00491	0.00147	0.00595	0.00444	0.00243	0.00773
46	0.82436	0.00960	0.00779	0.00751	0.04437	0.01105	0.00575	0.01447	0.00849	0.02178	0.00695	0.00817	0.00543	0.00455	0.00312	0.00152	0.00389	0.00274	0.00301	0.00543
47	0.02148	0.00838	0.01155	0.04448	0.01349	0.00739	0.00751	0.02344	0.01388	0.76516	0.01892	0.01657	0.01192	0.00603	0.00494	0.00153	0.00429	0.00492	0.00591	0.00823
48	0.00603	0.00433	0.00566	0.00670	0.00703	0.00403	0.00446	0.00686	0.00940	0.01246	0.02762	0.75774	0.06567	0.04801	0.00701	0.00209	0.00291	0.01354	0.00450	0.00396
49	0.86201	0.00950	0.00722	0.00646	0.00950	0.01102	0.00532	0.01445	0.00836	0.02205	0.00684	0.00798	0.00532	0.00456	0.00304	0.00152	0.00380	0.00266	0.00304	0.00532
50	0.00634	0.00480	0.00591	0.00669	0.00745	0.00450	0.00472	0.00795	0.04442	0.01320	0.03195	0.56132	0.20748	0.01422	0.00614	0.00192	0.00292	0.05926	0.00458	0.00423
51	0.86201	0.00950	0.00722	0.00646	0.00950	0.01102	0.00532	0.01445	0.00836	0.02205	0.00684	0.00798	0.00532	0.00456	0.00304	0.00152	0.00380	0.00266	0.00304	0.00532
52	0.86201	0.00950	0.00722	0.00646	0.00950	0.01102	0.00532	0.01445	0.00836	0.02205	0.00684	0.00798	0.00532	0.00456	0.00304	0.00152	0.00380	0.00266	0.00304	0.00532
53	0.01675	0.01255	0.01347	0.01080	0.01436	0.01399	0.00877	0.51309	0.26602	0.05538	0.01468	0.01406	0.01061	0.00615	0.00494	0.00154	0.00488	0.00480	0.00498	0.00817
54	0.01088	0.00974	0.01187	0.01391	0.19030	0.04209	0.00870	0.01845	0.38207	0.01716	0.01884	0.22077	0.01744	0.00829	0.00527	0.00169	0.00427	0.00732	0.00420	0.00674
55	0.01594	0.31855	0.01813	0.01071	0.01404	0.36012	0.00893	0.10265	0.08087	0.01470	0.00886	0.00965	0.00730	0.00498	0.00406	0.00124	0.00672	0.00331	0.00285	0.00640
56	0.00833	0.00573	0.00763	0.00765	0.00915	0.00531	0.00623	0.01049	0.01220	0.05612	0.31330	0.09568	0.03274	0.01113	0.00601	0.00180	0.00348	0.32314	0.00480	0.07906
57	0.01114	0.01051	0.01765	0.35569	0.45922	0.01146	0.01433	0.03434	0.01094	0.01500	0.00910	0.01254	0.00729	0.00464	0.00489	0.00153	0.00612	0.00438	0.00240	0.00683
58	0.01129	0.15520	0.43761	0.01464	0.02065	0.01319	0.20889	0.05400	0.01126	0.01572	0.00892	0.01076	0.00666	0.00452	0.00472	0.00149	0.00710	0.00405	0.00233	0.00700
59	0.02205	0.00836	0.01140	0.00874	0.01254	0.00722	0.00722	0.02395	0.01407	0.80004	0.01939	0.01673	0.01216	0.00608	0.00494	0.00152	0.00418	0.00494	0.00608	0.00836
60	0.00609	0.00432	0.00567	0.00671	0.00697	0.00406	0.00442	0.00687	0.00921	0.01228	0.02606	0.75386	0.03120	0.08739	0.00793	0.00224	0.00302	0.01337	0.00442	0.00390
61	0.00645	0.00447	0.00557	0.00626	0.00643	0.00430	0.00394	0.00696	0.00852	0.01135	0.02250	0.51124	0.02672	0.33613	0.01368	0.00309	0.00361	0.01127	0.00394	0.00359
62	0.01868	0.01376	0.01475	0.01131	0.01524	0.01524	0.00934	0.78025	0.02311	0.03097	0.01180	0.01180	0.00836	0.00590	0.00492	0.00147	0.00541	0.00442	0.00492	0.00836
63	0.01017	0.00958	0.05008	0.00762	0.01213	0.00680	0.00644	0.01253	0.01020	0.01599	0.00874	0.01020	0.00723	0.00369	0.00369	0.00077	0.00382	0.00295	0.00287	0.81450
64	0.01860	0.01099	0.01332	0.01135	0.05333	0.09969	0.06271	0.02282	0.15449	0.47353	0.01698	0.01565	0.01146	0.00585	0.00495	0.00152	0.00503	0.00488	0.00504	0.00780
65	0.01836	0.02342	0.01393	0.01266	0.01519	0.80756	0.00950	0.01962	0.01393	0.01203	0.00760	0.00886	0.00633	0.00506	0.00443	0.00127	0.00886	0.00317	0.00253	0.00570
66	0.02205	0.00836	0.01140	0.00874	0.01254	0.00722	0.00722	0.02395	0.01407	0.80004	0.01939	0.01673	0.01216	0.00608	0.00494	0.00152	0.00418	0.00494	0.00608	0.00836
67	0.01001	0.06399	0.76463	0.01374	0.02085	0.01180	0.01769	0.01552	0.01036	0.01537	0.00872	0.01026	0.00623	0.00465	0.00460	0.00153	0.00717	0.00358	0.00208	0.00722
68	0.00928	0.00873	0.01474	0.81548	0.03385	0.01092	0.01365	0.01256	0.00983	0.01256	0.00873	0.01310	0.00655	0.00491	0.00491	0.00164	0.00655	0.00437	0.00218	0.00546
69	0.00581	0.00498	0.00498	0.00498	0.00664	0.00415	0.00373	0.00705	0.01120	0.01328	0.04978	0.04729	0.79464	0.01245	0.00581	0.00166	0.00249	0.01037	0.00456	0.00415
70	0.00696	0.00502	0.00657	0.00618	0.00734	0.00464	0.00464	0.00927	0.01391	0.01971	0.79405	0.03671	0.04637	0.01005	0.00580	0.00155	0.00232	0.00889	0.00541	0.00464
71	0.01314	0.83025	0.02575	0.00841	0.01261	0.01945	0.00841	0.01472	0.00999	0.01156	0.00683	0.00788	0.00631	0.00420	0.00315	0.00105	0.00526	0.00263	0.00210	0.00631
72	0.01222	0.01056	0.01111	0.01000	0.01278	0.01222	0.00778	0.02611	0.78776	0.02056	0.02000	0.01833	0.01500	0.00667	0.00500	0.00167	0.00389	0.00556	0.00500	0.00778
73	0.00599	0.00428	0.00570	0.00684	0.00713	0.00399	0.00456	0.00684	0.00941	0.01254	0.02709	0.82409	0.03250	0.01540	0.00627	0.00200	0.00285	0.01397	0.00456	0.00399
74	0.00916	0.00458	0.00458	0.00458	0.00573	0.00458	0.00344	0.01145	0.01031	0.01832	0.01603	0.01832	0.01260	0.00573	0.00344	0.00115	0.00229	0.00458	0.85457	0.00458
75	0.01186	0.01208	0.05421	0.08500	0.70833	0.01161	0.01512	0.01492	0.01106	0.01579	0.00919	0.01215	0.00763	0.00443	0.00486	0.00148	0.00595	0.00434	0.00240	0.00760
76	0.00696	0.00502	0.00657	0.00618	0.00734	0.00464	0.00464	0.00927	0.01391	0.01971	0.79405	0.03671	0.04637	0.01005	0.00580	0.00155	0.00232	0.00889	0.00541	0.00464
77	0.00928	0.00873	0.01474	0.81548	0.03385	0.01092	0.01365	0.01256	0.00983	0.01256	0.00873	0.01310	0.00655	0.00491	0.00491	0.00164	0.00655	0.00437	0.00218	0.00546
78	0.86201	0.00950	0.00722	0.00646	0.00950	0.01102	0.00532	0.01445	0.00836	0.02205	0.00684	0.00798	0.00532	0.00456	0.00304	0.00152	0.00380	0.00266	0.00304	0.00532
