[name]
unknown

[dist]
# distance from previous block
# <min> <max>
16	423

[block]
# block no. 0 follows, 44 sequences, length 34
# corresponding to MSA columns:
# 493-526
name=unknown_A
#
# <colnr> <probs for GDERKNQSTAVLIFYWHMCP>
#	G	D	E	R	K	N	Q	S	T	A	V	L	I	F	Y	W	H	M	C	P
0	0.17284	0.03272	0.01268	0.01312	0.13947	0.07149	0.00876	0.03457	0.04798	0.15119	0.10566	0.07891	0.03117	0.00943	0.04962	0.00211	0.02090	0.00611	0.00436	0.00693
1	0.01250	0.11916	0.16240	0.10740	0.21429	0.01324	0.12605	0.01612	0.01166	0.03901	0.01050	0.01370	0.00848	0.02258	0.04832	0.00208	0.02152	0.00475	0.00272	0.04354
2	0.01280	0.12379	0.10580	0.01110	0.03095	0.05334	0.00943	0.07080	0.14889	0.03434	0.01391	0.01960	0.01261	0.22469	0.01263	0.00269	0.09704	0.00550	0.00355	0.00652
3	0.01656	0.29050	0.06571	0.01101	0.01528	0.11694	0.00985	0.24114	0.01603	0.03806	0.01055	0.01238	0.00867	0.05235	0.00588	0.00160	0.00634	0.00404	0.00357	0.07354
4	0.01476	0.25788	0.33861	0.01309	0.01883	0.14542	0.01417	0.10606	0.01373	0.01734	0.00930	0.01060	0.00723	0.00526	0.00467	0.00150	0.00745	0.00372	0.00277	0.00760
5	0.00930	0.01188	0.16509	0.13230	0.01816	0.00891	0.09597	0.01283	0.01310	0.01815	0.31154	0.04226	0.10230	0.00867	0.00631	0.00178	0.02357	0.00768	0.00414	0.00607
6	0.00792	0.00531	0.00609	0.00609	0.00614	0.00537	0.00349	0.00802	0.00797	0.01068	0.01704	0.03493	0.01950	0.76812	0.06758	0.00547	0.00577	0.00782	0.00328	0.00339
7	0.01395	0.24978	0.02008	0.01272	0.01459	0.08735	0.01095	0.05521	0.01073	0.01421	0.00772	0.01086	0.00721	0.00758	0.01179	0.00190	0.45019	0.00412	0.00257	0.00648
8	0.01093	0.02820	0.78016	0.01554	0.02360	0.01266	0.02014	0.01727	0.01151	0.01727	0.00978	0.01151	0.00691	0.00518	0.00518	0.00173	0.00806	0.00403	0.00230	0.00806
9	0.01093	0.02820	0.78016	0.01554	0.02360	0.01266	0.02014	0.01727	0.01151	0.01727	0.00978	0.01151	0.00691	0.00518	0.00518	0.00173	0.00806	0.00403	0.00230	0.00806
10	0.00664	0.00474	0.00633	0.00759	0.00791	0.00443	0.00506	0.00759	0.01044	0.01392	0.03005	0.80485	0.03606	0.01708	0.00696	0.00221	0.00316	0.01550	0.00506	0.00443
11	0.00772	0.00554	0.00738	0.00725	0.00815	0.00559	0.00524	0.00953	0.01189	0.01673	0.37802	0.07809	0.03418	0.17216	0.22380	0.00435	0.00641	0.00871	0.00459	0.00468
12	0.00725	0.00555	0.00663	0.00636	0.00786	0.00494	0.00477	0.00938	0.01432	0.01922	0.50652	0.04507	0.31809	0.01213	0.00643	0.00176	0.00264	0.01047	0.00565	0.00494
13	0.01205	0.01174	0.02071	0.36019	0.37782	0.01268	0.09467	0.01560	0.01181	0.01610	0.01009	0.01407	0.00801	0.00508	0.00553	0.00173	0.00711	0.00502	0.00259	0.00739
14	0.01124	0.01279	0.14009	0.00933	0.01471	0.00817	0.00875	0.01432	0.01134	0.01768	0.00971	0.01134	0.00788	0.00423	0.00423	0.00096	0.00471	0.00336	0.00307	0.70209
15	0.00708	0.00515	0.00675	0.00790	0.00845	0.00492	0.00555	0.00866	0.03409	0.01448	0.03047	0.67646	0.05800	0.01646	0.00696	0.00222	0.00339	0.09331	0.00507	0.00463
16	0.06278	0.01215	0.01402	0.01070	0.01506	0.05285	0.04730	0.19327	0.03711	0.22128	0.01383	0.01385	0.00985	0.00560	0.00493	0.00140	0.00526	0.00447	0.00470	0.26961
17	0.25616	0.25208	0.01734	0.01043	0.01420	0.21399	0.00882	0.13682	0.01402	0.01977	0.00869	0.00975	0.00706	0.00533	0.00414	0.00145	0.00642	0.00340	0.00326	0.00688
18	0.25060	0.23186	0.03354	0.07764	0.13487	0.09795	0.01045	0.06156	0.01207	0.01845	0.00864	0.01049	0.00711	0.00518	0.00448	0.00152	0.02009	0.00363	0.00293	0.00694
19	0.00918	0.00751	0.00965	0.00895	0.00898	0.00911	0.00641	0.00967	0.00829	0.01174	0.01489	0.09566	0.01693	0.46529	0.02254	0.00402	0.27619	0.00752	0.00315	0.00431
20	0.00761	0.00557	0.00714	0.00675	0.00808	0.00510	0.00506	0.01008	0.01518	0.02126	0.71118	0.04171	0.11215	0.01137	0.00643	0.00173	0.00259	0.01000	0.00592	0.00510
21	0.01667	0.01938	0.01353	0.01239	0.01475	0.50932	0.00942	0.06279	0.01409	0.01442	0.01054	0.01345	0.00911	0.01610	0.23608	0.00359	0.01101	0.00428	0.00300	0.00607
22	0.01611	0.01298	0.01376	0.01161	0.01515	0.01475	0.00925	0.28809	0.50127	0.02692	0.01895	0.01776	0.01402	0.00709	0.00551	0.00177	0.00491	0.00572	0.00551	0.00886
23	0.00780	0.00577	0.00843	0.00843	0.00928	0.00663	0.00639	0.00952	0.00866	0.01241	0.01491	0.02312	0.01437	0.13262	0.69608	0.00835	0.01349	0.00609	0.00297	0.00468
24	0.00793	0.00529	0.00595	0.00595	0.00595	0.00529	0.00330	0.00793	0.00793	0.01057	0.01718	0.03568	0.01982	0.80840	0.02775	0.00529	0.00529	0.00793	0.00330	0.00330
25	0.01287	0.01471	0.03217	0.02298	0.02849	0.01379	0.75460	0.01746	0.01287	0.01746	0.01103	0.01471	0.00827	0.00460	0.00643	0.00184	0.00919	0.00643	0.00276	0.00735
26	0.00793	0.00529	0.00595	0.00595	0.00595	0.00529	0.00330	0.00793	0.00793	0.01057	0.01718	0.03568	0.01982	0.80840	0.02775	0.00529	0.00529	0.00793	0.00330	0.00330
27	0.01356	0.01171	0.01233	0.01109	0.01418	0.01356	0.00863	0.02897	0.76455	0.02281	0.02219	0.02034	0.01664	0.00740	0.00555	0.00185	0.00431	0.00616	0.00555	0.00863
28	0.01356	0.01171	0.01233	0.01109	0.01418	0.01356	0.00863	0.02897	0.76455	0.02281	0.02219	0.02034	0.01664	0.00740	0.00555	0.00185	0.00431	0.00616	0.00555	0.00863
29	0.01078	0.01031	0.01783	0.67216	0.11558	0.01229	0.05548	0.01442	0.01117	0.01453	0.00982	0.01443	0.00747	0.00534	0.00550	0.00180	0.00729	0.00493	0.00247	0.00640
30	0.00947	0.00473	0.00710	0.00710	0.00710	0.00473	0.00473	0.00710	0.00710	0.00947	0.00947	0.01657	0.00947	0.01894	0.02131	0.84138	0.00473	0.00473	0.00237	0.00237
31	0.01280	0.03839	0.19830	0.01371	0.01648	0.09679	0.03507	0.05980	0.01108	0.01527	0.00948	0.01420	0.00859	0.09275	0.01304	0.00234	0.34792	0.00480	0.00270	0.00649
32	0.02713	0.00563	0.00763	0.00786	0.00883	0.00599	0.00586	0.00917	0.01003	0.01406	0.07862	0.20010	0.10728	0.05565	0.42362	0.00572	0.00928	0.00892	0.00389	0.00473
33	0.50969	0.01214	0.02494	0.05881	0.07430	0.05462	0.02899	0.06122	0.01137	0.04507	0.02682	0.01129	0.00792	0.00561	0.00488	0.00171	0.04685	0.00381	0.00343	0.00652

[dist]
# distance from previous block
# <min> <max>
3	10

[block]
# block no. 1 follows, 44 sequences, length 52
# corresponding to MSA columns:
# 537-588
name=unknown_B
#
# <colnr> <probs for GDERKNQSTAVLIFYWHMCP>
#	G	D	E	R	K	N	Q	S	T	A	V	L	I	F	Y	W	H	M	C	P
0	0.00716	0.00513	0.00669	0.00777	0.00824	0.00488	0.00525	0.03496	0.01099	0.01466	0.02943	0.77590	0.03508	0.01669	0.00690	0.00219	0.00327	0.01511	0.00508	0.00461
1	0.00928	0.00737	0.00860	0.00837	0.01010	0.00764	0.00635	0.01542	0.24537	0.01970	0.29074	0.16550	0.11082	0.01153	0.00632	0.00191	0.00340	0.05999	0.00554	0.00604
2	0.01582	0.01184	0.01336	0.00992	0.01454	0.01107	0.00808	0.30399	0.01717	0.07315	0.01178	0.01247	0.00889	0.00519	0.00468	0.00119	0.00484	0.00403	0.00432	0.46367
3	0.01030	0.00969	0.01635	0.79530	0.03755	0.01211	0.01514	0.01393	0.01090	0.01393	0.00969	0.01453	0.00727	0.00545	0.00545	0.00182	0.00727	0.00484	0.00242	0.00606
4	0.01334	0.01028	0.01175	0.00919	0.01277	0.00982	0.00735	0.26012	0.01735	0.02456	0.24603	0.02098	0.02186	0.00707	0.00525	0.00136	0.00424	0.00584	0.00483	0.30599
5	0.00651	0.00526	0.00580	0.00623	0.00755	0.00454	0.00446	0.00774	0.01175	0.01445	0.04662	0.30977	0.52044	0.01493	0.00662	0.00197	0.00290	0.01287	0.00506	0.00454
6	0.02347	0.01036	0.01326	0.01022	0.01442	0.00968	0.00842	0.14797	0.04286	0.62869	0.02013	0.01771	0.01290	0.00674	0.00548	0.00168	0.00485	0.00541	0.00649	0.00925
7	0.01093	0.02820	0.78016	0.01554	0.02360	0.01266	0.02014	0.01727	0.01151	0.01727	0.00978	0.01151	0.00691	0.00518	0.00518	0.00173	0.00806	0.00403	0.00230	0.00806
8	0.00743	0.00564	0.00693	0.00768	0.00856	0.00546	0.00538	0.01004	0.08853	0.01541	0.07262	0.56808	0.13323	0.01529	0.00673	0.00211	0.00323	0.02757	0.00516	0.00493
9	0.00728	0.00504	0.00622	0.00681	0.00705	0.00485	0.00429	0.00791	0.00964	0.01294	0.07203	0.41424	0.02984	0.36799	0.01615	0.00355	0.00407	0.01178	0.00434	0.00397
10	0.01000	0.00974	0.01715	0.01415	0.01605	0.01064	0.23837	0.01223	0.01051	0.01470	0.01701	0.29057	0.01817	0.01343	0.07879	0.00272	0.20742	0.00913	0.00348	0.00576
11	0.01190	0.01227	0.02135	0.01676	0.01925	0.01400	0.30461	0.01571	0.07906	0.01580	0.01241	0.09530	0.01143	0.00817	0.01112	0.00210	0.33243	0.00666	0.00309	0.00660
12	0.00786	0.00556	0.00736	0.00736	0.00785	0.00605	0.00507	0.00884	0.00835	0.01162	0.01589	0.02852	0.01671	0.42318	0.40872	0.00703	0.00996	0.00688	0.00311	0.00409
13	0.27734	0.36587	0.09294	0.00931	0.01383	0.01578	0.00911	0.01782	0.01122	0.12917	0.00984	0.01049	0.00760	0.00514	0.00391	0.00146	0.00537	0.00341	0.00330	0.00709
14	0.00729	0.00551	0.00673	0.00653	0.00791	0.00494	0.00485	0.00942	0.01426	0.01933	0.52068	0.09321	0.25486	0.01228	0.00647	0.00178	0.00266	0.01069	0.00567	0.00494
15	0.01407	0.01330	0.02300	0.02536	0.39204	0.01328	0.22167	0.13417	0.01485	0.02063	0.06339	0.01565	0.01158	0.00549	0.00577	0.00169	0.00689	0.00565	0.00338	0.00814
16	0.01093	0.02820	0.78016	0.01554	0.02360	0.01266	0.02014	0.01727	0.01151	0.01727	0.00978	0.01151	0.00691	0.00518	0.00518	0.00173	0.00806	0.00403	0.00230	0.00806
17	0.00675	0.00482	0.00645	0.00772	0.00808	0.00452	0.00525	0.00778	0.01055	0.01404	0.02999	0.76629	0.03581	0.01698	0.00699	0.00223	0.00326	0.05296	0.00506	0.00446
18	0.01187	0.01185	0.01669	0.03975	0.01507	0.01655	0.01203	0.01315	0.00843	0.01315	0.00724	0.01201	0.00716	0.00941	0.01749	0.00237	0.77265	0.00477	0.00239	0.00597
19	0.00666	0.00526	0.00601	0.00639	0.00764	0.00461	0.00457	0.00803	0.01210	0.01529	0.13101	0.30839	0.43552	0.01461	0.00662	0.00195	0.00288	0.01268	0.00517	0.00461
20	0.34325	0.01283	0.01242	0.01020	0.01396	0.01452	0.00833	0.34528	0.14208	0.02856	0.01245	0.01264	0.00918	0.00610	0.00465	0.00169	0.00502	0.00435	0.00465	0.00785
21	0.00708	0.00493	0.00620	0.00703	0.00724	0.00472	0.00446	0.00771	0.00958	0.01277	0.02565	0.54180	0.03050	0.28770	0.01407	0.00326	0.00389	0.01291	0.00446	0.00404
22	0.01405	0.01196	0.01261	0.01119	0.01436	0.01379	0.00875	0.07909	0.71362	0.02360	0.02156	0.01984	0.01613	0.00734	0.00554	0.00183	0.00443	0.00608	0.00554	0.00867
23	0.01315	0.01479	0.02180	0.01696	0.02058	0.18805	0.37538	0.01628	0.01231	0.01518	0.01144	0.01547	0.00949	0.01500	0.22475	0.00368	0.01085	0.00560	0.00281	0.00642
24	0.84691	0.01054	0.00801	0.00717	0.01054	0.01223	0.00590	0.01603	0.00928	0.02446	0.00759	0.00886	0.00590	0.00506	0.00337	0.00169	0.00422	0.00295	0.00337	0.00590
25	0.00663	0.00479	0.00628	0.00746	0.00787	0.00444	0.00500	0.00761	0.01056	0.01397	0.03160	0.75836	0.08154	0.01688	0.00693	0.00219	0.00314	0.01525	0.00506	0.00444
26	0.00947	0.00473	0.00710	0.00710	0.00710	0.00473	0.00473	0.00710	0.00710	0.00947	0.00947	0.01657	0.00947	0.01894	0.02131	0.84138	0.00473	0.00473	0.00237	0.00237
27	0.01052	0.00991	0.01675	0.74280	0.08833	0.01217	0.01525	0.01412	0.01101	0.01420	0.00973	0.01446	0.00736	0.00541	0.00545	0.00180	0.00721	0.00485	0.00244	0.00623
28	0.00863	0.00696	0.01004	0.00965	0.01058	0.00851	0.00761	0.01109	0.04308	0.01318	0.01390	0.02004	0.01286	0.03497	0.64336	0.00755	0.12413	0.00571	0.00296	0.00519
29	0.01130	0.02769	0.75958	0.01538	0.02334	0.01254	0.01982	0.01751	0.01162	0.03767	0.01010	0.01170	0.00708	0.00522	0.00519	0.00173	0.00797	0.00407	0.00242	0.00809
30	0.01596	0.01402	0.01356	0.03707	0.01549	0.11138	0.00921	0.23326	0.38292	0.02377	0.01711	0.01782	0.01324	0.06207	0.00697	0.00197	0.00565	0.00555	0.00492	0.00807
31	0.00930	0.00483	0.00719	0.00719	0.00727	0.00491	0.00485	0.00732	0.00725	0.00974	0.01007	0.01747	0.01007	0.04283	0.07859	0.75570	0.00549	0.00491	0.00244	0.00258
32	0.84691	0.01054	0.00801	0.00717	0.01054	0.01223	0.00590	0.01603	0.00928	0.02446	0.00759	0.00886	0.00590	0.00506	0.00337	0.00169	0.00422	0.00295	0.00337	0.00590
33	0.00782	0.00570	0.00804	0.00804	0.00877	0.00642	0.00592	0.00927	0.00855	0.01212	0.01526	0.02507	0.01521	0.23724	0.59262	0.00787	0.01222	0.00638	0.00302	0.00447
34	0.01130	0.00969	0.01130	0.00807	0.01292	0.00727	0.00646	0.01373	0.01130	0.01776	0.00969	0.01130	0.00807	0.00404	0.00404	0.00081	0.00404	0.00323	0.00323	0.84173
35	0.00724	0.00568	0.00657	0.00632	0.00791	0.00507	0.00475	0.00953	0.02980	0.01854	0.41989	0.04580	0.38865	0.01231	0.00642	0.00178	0.00270	0.01055	0.00555	0.00496
36	0.01061	0.01065	0.08626	0.01310	0.12584	0.00948	0.00958	0.01724	0.22429	0.02066	0.31847	0.02966	0.02947	0.00887	0.00599	0.00180	0.00436	0.06181	0.00495	0.00692
37	0.01496	0.37373	0.25759	0.01207	0.01767	0.03505	0.01293	0.18239	0.01457	0.01903	0.00951	0.01060	0.00748	0.00527	0.00449	0.00145	0.00665	0.00372	0.00303	0.00782
38	0.03932	0.01050	0.01289	0.01005	0.01416	0.04745	0.00824	0.06483	0.03084	0.67152	0.02016	0.01768	0.01287	0.00666	0.00541	0.00167	0.00496	0.00532	0.00640	0.00905
39	0.43805	0.01071	0.01009	0.00871	0.01220	0.01181	0.00701	0.02092	0.24328	0.10089	0.01370	0.01360	0.01017	0.00587	0.00431	0.00167	0.00428	0.00423	0.00438	0.07413
40	0.10718	0.01256	0.01272	0.00971	0.01411	0.06437	0.00783	0.23389	0.01560	0.02310	0.01037	0.01146	0.00812	0.00500	0.00444	0.00119	0.00504	0.00371	0.00387	0.44573
41	0.84691	0.01054	0.00801	0.00717	0.01054	0.01223	0.00590	0.01603	0.00928	0.02446	0.00759	0.00886	0.00590	0.00506	0.00337	0.00169	0.00422	0.00295	0.00337	0.00590
42	0.02446	0.00928	0.01265	0.00970	0.01392	0.00801	0.00801	0.02657	0.01560	0.77817	0.02151	0.01856	0.01350	0.00675	0.00548	0.00169	0.00464	0.00548	0.00675	0.00928
43	0.01093	0.02820	0.78016	0.01554	0.02360	0.01266	0.02014	0.01727	0.01151	0.01727	0.00978	0.01151	0.00691	0.00518	0.00518	0.00173	0.00806	0.00403	0.00230	0.00806
44	0.00771	0.00554	0.00741	0.00778	0.00883	0.00524	0.00598	0.00988	0.01356	0.01865	0.41903	0.22861	0.04303	0.01349	0.00682	0.00202	0.00329	0.18264	0.00554	0.00494
45	0.00928	0.00543	0.00833	0.08840	0.01067	0.00584	0.00615	0.00824	0.00777	0.01046	0.01035	0.01717	0.00993	0.02120	0.14695	0.61665	0.00664	0.00493	0.00247	0.00316
46	0.02168	0.00866	0.01176	0.00923	0.01296	0.00754	0.00754	0.02386	0.01558	0.65242	0.14621	0.02224	0.01980	0.00748	0.00564	0.00169	0.00430	0.00621	0.00662	0.00859
47	0.00947	0.00473	0.00710	0.00710	0.00710	0.00473	0.00473	0.00710	0.00710	0.00947	0.00947	0.01657	0.00947	0.01894	0.02131	0.84138	0.00473	0.00473	0.00237	0.00237
48	0.00793	0.00529	0.00595	0.00595	0.00595	0.00529	0.00330	0.00793	0.00793	0.01057	0.01718	0.03568	0.01982	0.80840	0.02775	0.00529	0.00529	0.00793	0.00330	0.00330
49	0.01756	0.12068	0.13760	0.05550	0.11655	0.07159	0.01242	0.22093	0.01644	0.16021	0.01250	0.01316	0.00902	0.00578	0.00511	0.00159	0.00646	0.00450	0.00408	0.00832
50	0.28242	0.01239	0.01189	0.01034	0.04767	0.10417	0.00785	0.05714	0.01250	0.13095	0.01071	0.01162	0.00810	0.00530	0.00473	0.00142	0.03097	0.00372	0.00381	0.24229
51	0.01441	0.04318	0.15429	0.01195	0.01597	0.03374	0.02553	0.04427	0.23614	0.12779	0.01553	0.04225	0.01201	0.00690	0.00677	0.00173	0.10125	0.00529	0.00423	0.09678

[dist]
# distance from previous block
# <min> <max>
2	4

[block]
# block no. 2 follows, 44 sequences, length 44
# corresponding to MSA columns:
# 594-637
name=unknown_C
#
# <colnr> <probs for GDERKNQSTAVLIFYWHMCP>
#	G	D	E	R	K	N	Q	S	T	A	V	L	I	F	Y	W	H	M	C	P
0	0.09278	0.21630	0.07296	0.04915	0.06610	0.03381	0.03686	0.06525	0.09681	0.19887	0.01342	0.01366	0.00981	0.00572	0.00478	0.00157	0.00573	0.00445	0.00408	0.00789
1	0.01437	0.11822	0.30560	0.01380	0.01940	0.02992	0.08318	0.22828	0.03350	0.02203	0.06982	0.01435	0.01140	0.00597	0.00527	0.00164	0.00682	0.00486	0.00362	0.00796
2	0.00720	0.00555	0.00657	0.00631	0.00783	0.00492	0.00474	0.00928	0.01421	0.01896	0.47966	0.04551	0.34511	0.01223	0.00644	0.00177	0.00265	0.01053	0.00562	0.00492
3	0.01558	0.62683	0.02584	0.01144	0.05375	0.16097	0.00993	0.01734	0.01195	0.01318	0.00787	0.00919	0.00709	0.00485	0.00386	0.00123	0.00660	0.00312	0.00244	0.00696
4	0.04750	0.15165	0.06642	0.23055	0.19552	0.01500	0.01370	0.01510	0.01069	0.01510	0.00881	0.01229	0.00743	0.00605	0.00773	0.00177	0.18091	0.00437	0.00249	0.00691
5	0.01214	0.01320	0.02727	0.24754	0.05419	0.01327	0.51708	0.01641	0.01228	0.01645	0.01062	0.01462	0.00799	0.00485	0.00612	0.00183	0.00855	0.00592	0.00266	0.00702
6	0.00947	0.00473	0.00710	0.00710	0.00710	0.00473	0.00473	0.00710	0.00710	0.00947	0.00947	0.01657	0.00947	0.01894	0.02131	0.84138	0.00473	0.00473	0.00237	0.00237
7	0.05290	0.01007	0.01470	0.04536	0.34347	0.01032	0.01131	0.01582	0.11428	0.01854	0.09802	0.02757	0.11508	0.00821	0.00580	0.00180	0.00505	0.09053	0.00402	0.00712
8	0.01072	0.01581	0.26305	0.13742	0.08350	0.01102	0.14469	0.01500	0.01192	0.01648	0.01518	0.05447	0.01408	0.00782	0.00607	0.00195	0.00712	0.17370	0.00316	0.00683
9	0.00674	0.00482	0.00642	0.00752	0.00793	0.00450	0.00507	0.00784	0.01091	0.01466	0.09950	0.73327	0.03750	0.01652	0.00691	0.00217	0.00311	0.01497	0.00515	0.00450
10	0.01921	0.00898	0.01087	0.00871	0.01201	0.00863	0.00707	0.14968	0.01602	0.40465	0.01884	0.01817	0.01291	0.00658	0.00494	0.00154	0.00420	0.00525	0.27380	0.00793
11	0.37996	0.01800	0.08681	0.01099	0.01477	0.26835	0.00943	0.11915	0.01377	0.02144	0.00883	0.01001	0.00683	0.00546	0.00434	0.00159	0.00669	0.00351	0.00337	0.00671
12	0.01354	0.00926	0.01072	0.00945	0.01214	0.00981	0.00737	0.02239	0.38648	0.15456	0.26927	0.02675	0.02757	0.00852	0.00583	0.00178	0.00380	0.00726	0.00591	0.00759
13	0.00717	0.00497	0.00617	0.00692	0.00710	0.00478	0.00434	0.00773	0.00941	0.01254	0.02477	0.48931	0.02940	0.34170	0.01549	0.00347	0.00403	0.01239	0.00434	0.00397
14	0.02072	0.01527	0.01636	0.01254	0.01691	0.01691	0.01036	0.75622	0.02563	0.03436	0.01309	0.01309	0.00927	0.00654	0.00545	0.00164	0.00600	0.00491	0.00545	0.00927
15	0.84691	0.01054	0.00801	0.00717	0.01054	0.01223	0.00590	0.01603	0.00928	0.02446	0.00759	0.00886	0.00590	0.00506	0.00337	0.00169	0.00422	0.00295	0.00337	0.00590
16	0.00691	0.00515	0.00643	0.00693	0.00786	0.00467	0.00489	0.00842	0.01231	0.01639	0.24955	0.42234	0.19889	0.01466	0.00670	0.00199	0.00291	0.01301	0.00533	0.00467
17	0.00706	0.00492	0.00620	0.00706	0.00728	0.00470	0.00450	0.00770	0.00963	0.01284	0.02591	0.55773	0.03084	0.27131	0.01364	0.00320	0.00384	0.01307	0.00450	0.00407
18	0.01016	0.00508	0.00508	0.00508	0.00635	0.00508	0.00381	0.01270	0.01143	0.02033	0.01778	0.02033	0.01397	0.00635	0.00381	0.00127	0.00254	0.00508	0.83867	0.00508
19	0.02392	0.00934	0.01261	0.00970	0.01385	0.00818	0.00800	0.04613	0.01587	0.73783	0.04107	0.01899	0.01438	0.00686	0.00551	0.00169	0.00462	0.00558	0.00669	0.00917
20	0.02072	0.01527	0.01636	0.01254	0.01691	0.01691	0.01036	0.75622	0.02563	0.03436	0.01309	0.01309	0.00927	0.00654	0.00545	0.00164	0.00600	0.00491	0.00545	0.00927
21	0.00687	0.00484	0.00626	0.00730	0.00756	0.00458	0.00475	0.00765	0.01000	0.01333	0.02780	0.67037	0.03322	0.15543	0.01059	0.00275	0.00353	0.01417	0.00475	0.00423
22	0.07127	0.02038	0.01539	0.01297	0.01649	0.40442	0.01017	0.34069	0.01950	0.02316	0.01040	0.01119	0.00793	0.00599	0.00505	0.00152	0.00782	0.00408	0.00399	0.00758
23	0.00793	0.00529	0.00595	0.00595	0.00595	0.00529	0.00330	0.00793	0.00793	0.01057	0.01718	0.03568	0.01982	0.80840	0.02775	0.00529	0.00529	0.00793	0.00330	0.00330
24	0.00715	0.00555	0.00651	0.00627	0.00780	0.00490	0.00470	0.00920	0.01410	0.01871	0.45492	0.04591	0.37001	0.01232	0.00644	0.00177	0.00266	0.01059	0.00559	0.00490
25	0.01444	0.62556	0.14774	0.01069	0.01575	0.07938	0.01115	0.01690	0.01149	0.01358	0.00800	0.00927	0.00698	0.00482	0.00388	0.00127	0.00650	0.00314	0.00236	0.00711
26	0.03280	0.01741	0.11503	0.06407	0.12732	0.21540	0.05084	0.01763	0.04681	0.01624	0.00981	0.01205	0.00795	0.00553	0.00617	0.00153	0.08132	0.00418	0.00288	0.16503
27	0.01494	0.01213	0.01294	0.01121	0.01442	0.01375	0.00882	0.22222	0.50812	0.02521	0.02036	0.07915	0.01617	0.00792	0.00563	0.00182	0.00468	0.00655	0.00548	0.00848
28	0.01989	0.02521	0.01519	0.01384	0.01658	0.75675	0.01039	0.02131	0.01519	0.01332	0.00866	0.01027	0.00727	0.00696	0.03476	0.00169	0.01001	0.00360	0.00281	0.00626
29	0.01631	0.01308	0.01388	0.01165	0.01522	0.01484	0.00929	0.30811	0.48093	0.02724	0.01870	0.01756	0.01381	0.00707	0.00551	0.00177	0.00496	0.00568	0.00551	0.00888
30	0.00747	0.00550	0.00635	0.00634	0.00752	0.00506	0.00446	0.00874	0.01149	0.03050	0.15356	0.11433	0.34724	0.19796	0.06667	0.00313	0.00423	0.01027	0.00469	0.00449
31	0.01583	0.01563	0.24724	0.05503	0.07654	0.01076	0.01259	0.11562	0.01487	0.24458	0.05101	0.01922	0.08293	0.00688	0.00551	0.00171	0.00588	0.00564	0.00449	0.00807
32	0.01130	0.00969	0.01130	0.00807	0.01292	0.00727	0.00646	0.01373	0.01130	0.01776	0.00969	0.01130	0.00807	0.00404	0.00404	0.00081	0.00404	0.00323	0.00323	0.84173
33	0.01259	0.01318	0.09617	0.15882	0.26509	0.07093	0.01317	0.01578	0.01292	0.06400	0.16781	0.01905	0.01716	0.00669	0.00614	0.00171	0.04239	0.00573	0.00353	0.00713
34	0.00910	0.00764	0.01074	0.01000	0.01050	0.00963	0.00779	0.01047	0.00849	0.01244	0.01273	0.02095	0.01270	0.16531	0.41460	0.00617	0.25711	0.00587	0.00282	0.00494
35	0.09304	0.01125	0.01195	0.01009	0.01313	0.01219	0.00799	0.39938	0.06053	0.02614	0.02157	0.18783	0.10280	0.00955	0.00570	0.00180	0.00476	0.00783	0.00513	0.00734
36	0.00721	0.00511	0.00603	0.00652	0.00692	0.00485	0.00411	0.00778	0.00957	0.01248	0.02777	0.33777	0.13651	0.38358	0.01652	0.00358	0.00409	0.01140	0.00425	0.00393
37	0.01049	0.01008	0.01758	0.73550	0.03685	0.01224	0.07240	0.01420	0.01105	0.01420	0.00979	0.01455	0.00735	0.00538	0.00553	0.00182	0.00742	0.00497	0.00245	0.00616
38	0.01130	0.00969	0.01130	0.00807	0.01292	0.00727	0.00646	0.01373	0.01130	0.01776	0.00969	0.01130	0.00807	0.00404	0.00404	0.00081	0.00404	0.00323	0.00323	0.84173
39	0.01377	0.01424	0.02765	0.02019	0.02520	0.01392	0.57037	0.10938	0.08440	0.02001	0.01287	0.01648	0.00989	0.00542	0.00626	0.00184	0.00821	0.02884	0.00342	0.00764
40	0.01226	0.00863	0.00953	0.00853	0.01028	0.00929	0.00607	0.08901	0.25333	0.07626	0.01872	0.02722	0.01728	0.41089	0.01672	0.00355	0.00499	0.00688	0.00450	0.00606
41	0.07594	0.00926	0.01170	0.01082	0.01227	0.01094	0.00906	0.08477	0.01245	0.03551	0.06344	0.03375	0.08959	0.01115	0.01012	0.00219	0.25959	0.24737	0.00419	0.00587
42	0.01339	0.01154	0.03035	0.11429	0.01701	0.04686	0.03007	0.09353	0.05849	0.06702	0.01160	0.01527	0.00969	0.06923	0.01041	0.04529	0.17699	0.00484	0.00346	0.17068
43	0.09712	0.00892	0.00958	0.00817	0.01049	0.04790	0.00600	0.04663	0.03167	0.23675	0.01671	0.03896	0.01490	0.32617	0.01405	0.00306	0.00510	0.00614	0.00446	0.06723

[dist]
# distance from previous block
# <min> <max>
2	7

[block]
# block no. 3 follows, 44 sequences, length 61
# corresponding to MSA columns:
# 650-710
name=unknown_D
#
# <colnr> <probs for GDERKNQSTAVLIFYWHMCP>
#	G	D	E	R	K	N	Q	S	T	A	V	L	I	F	Y	W	H	M	C	P
0	0.01345	0.01838	0.29259	0.04325	0.03569	0.01294	0.14893	0.12908	0.08550	0.04024	0.01193	0.01349	0.00879	0.00550	0.00565	0.00166	0.02374	0.00481	0.00340	0.10100
1	0.01271	0.01170	0.01860	0.15667	0.14944	0.01138	0.15941	0.09826	0.01331	0.01876	0.01112	0.03975	0.00914	0.00526	0.00526	0.00147	0.00625	0.00503	0.00321	0.26326
2	0.00874	0.00679	0.00833	0.03445	0.03492	0.00719	0.00562	0.03789	0.01034	0.01373	0.07238	0.03458	0.17553	0.41329	0.03570	0.00376	0.08035	0.00812	0.00378	0.00448
3	0.00723	0.00523	0.00683	0.00711	0.00802	0.00483	0.00507	0.00910	0.01328	0.01836	0.44239	0.35240	0.07246	0.01366	0.00665	0.00192	0.00282	0.01222	0.00558	0.00483
4	0.01030	0.00969	0.01635	0.79530	0.03755	0.01211	0.01514	0.01393	0.01090	0.01393	0.00969	0.01453	0.00727	0.00545	0.00545	0.00182	0.00727	0.00484	0.00242	0.00606
5	0.00779	0.00584	0.00876	0.00876	0.00974	0.00681	0.00681	0.00974	0.00876	0.01266	0.01460	0.02142	0.01363	0.04089	0.78680	0.00876	0.01460	0.00584	0.00292	0.00487
6	0.02282	0.01069	0.01341	0.01033	0.01447	0.01022	0.00851	0.21610	0.01821	0.55428	0.04908	0.01801	0.01390	0.00687	0.00551	0.00167	0.00491	0.00551	0.00638	0.00911
7	0.01992	0.01160	0.01349	0.01088	0.01476	0.01210	0.00881	0.21280	0.26490	0.34027	0.01959	0.01775	0.01346	0.00691	0.00550	0.00173	0.00488	0.00556	0.00602	0.00906
8	0.00664	0.00474	0.00633	0.00759	0.00791	0.00443	0.00506	0.00759	0.01044	0.01392	0.03005	0.80485	0.03606	0.01708	0.00696	0.00221	0.00316	0.01550	0.00506	0.00443
9	0.01130	0.00969	0.01130	0.00807	0.01292	0.00727	0.00646	0.01373	0.01130	0.01776	0.00969	0.01130	0.00807	0.00404	0.00404	0.00081	0.00404	0.00323	0.00323	0.84173
10	0.01028	0.00963	0.01619	0.73897	0.06309	0.01186	0.01483	0.01380	0.01094	0.01407	0.01045	0.04340	0.00837	0.00585	0.00550	0.00182	0.00709	0.00524	0.00253	0.00609
11	0.01093	0.02820	0.78016	0.01554	0.02360	0.01266	0.02014	0.01727	0.01151	0.01727	0.00978	0.01151	0.00691	0.00518	0.00518	0.00173	0.00806	0.00403	0.00230	0.00806
12	0.00654	0.00553	0.00565	0.00562	0.00742	0.00464	0.00421	0.00800	0.01264	0.01525	0.10730	0.05161	0.71979	0.01361	0.00644	0.00183	0.00275	0.01139	0.00513	0.00464
13	0.00772	0.00557	0.00729	0.00686	0.00814	0.00514	0.00514	0.01029	0.01543	0.02186	0.77152	0.04072	0.05144	0.01115	0.00643	0.00171	0.00257	0.00986	0.00600	0.00514
14	0.01016	0.00508	0.00508	0.00508	0.00635	0.00508	0.00381	0.01270	0.01143	0.02033	0.01778	0.02033	0.01397	0.00635	0.00381	0.00127	0.00254	0.00508	0.83867	0.00508
15	0.01356	0.01171	0.01233	0.01109	0.01418	0.01356	0.00863	0.02897	0.76455	0.02281	0.02219	0.02034	0.01664	0.00740	0.00555	0.00185	0.00431	0.00616	0.00555	0.00863
16	0.01093	0.02820	0.78016	0.01554	0.02360	0.01266	0.02014	0.01727	0.01151	0.01727	0.00978	0.01151	0.00691	0.00518	0.00518	0.00173	0.00806	0.00403	0.00230	0.00806
17	0.02037	0.02598	0.01545	0.01404	0.01685	0.78652	0.01053	0.02177	0.01545	0.01334	0.00843	0.00983	0.00702	0.00562	0.00492	0.00140	0.00983	0.00351	0.00281	0.00632
18	0.00664	0.00474	0.00633	0.00759	0.00791	0.00443	0.00506	0.00759	0.01044	0.01392	0.03005	0.80485	0.03606	0.01708	0.00696	0.00221	0.00316	0.01550	0.00506	0.00443
19	0.01356	0.01171	0.01233	0.01109	0.01418	0.01356	0.00863	0.02897	0.76455	0.02281	0.02219	0.02034	0.01664	0.00740	0.00555	0.00185	0.00431	0.00616	0.00555	0.00863
20	0.01130	0.00969	0.01130	0.00807	0.01292	0.00727	0.00646	0.01373	0.01130	0.01776	0.00969	0.01130	0.00807	0.00404	0.00404	0.00081	0.00404	0.00323	0.00323	0.84173
21	0.00947	0.00473	0.00710	0.00710	0.00710	0.00473	0.00473	0.00710	0.00710	0.00947	0.00947	0.01657	0.00947	0.01894	0.02131	0.84138	0.00473	0.00473	0.00237	0.00237
22	0.01622	0.01201	0.01954	0.02702	0.56715	0.01174	0.01437	0.01947	0.03141	0.20674	0.01334	0.01492	0.01004	0.00539	0.00542	0.00164	0.00597	0.00504	0.00377	0.00879
23	0.01349	0.01295	0.02213	0.03346	0.77440	0.01295	0.01673	0.01673	0.01241	0.01781	0.01025	0.01349	0.00864	0.00486	0.00540	0.00162	0.00648	0.00486	0.00270	0.00864
24	0.00664	0.00474	0.00633	0.00759	0.00791	0.00443	0.00506	0.00759	0.01044	0.01392	0.03005	0.80485	0.03606	0.01708	0.00696	0.00221	0.00316	0.01550	0.00506	0.00443
25	0.00664	0.00474	0.00633	0.00759	0.00791	0.00443	0.00506	0.00759	0.01044	0.01392	0.03005	0.80485	0.03606	0.01708	0.00696	0.00221	0.00316	0.01550	0.00506	0.00443
26	0.01130	0.00969	0.01130	0.00807	0.01292	0.00727	0.00646	0.01373	0.01130	0.01776	0.00969	0.01130	0.00807	0.00404	0.00404	0.00081	0.00404	0.00323	0.00323	0.84173
27	0.01016	0.00508	0.00508	0.00508	0.00635	0.00508	0.00381	0.01270	0.01143	0.02033	0.01778	0.02033	0.01397	0.00635	0.00381	0.00127	0.00254	0.00508	0.83867	0.00508
28	0.31417	0.11981	0.01522	0.22516	0.07105	0.14228	0.01038	0.01650	0.01120	0.01774	0.00848	0.01086	0.00679	0.00519	0.00435	0.00160	0.00635	0.00368	0.00284	0.00635
29	0.01977	0.01456	0.01568	0.01221	0.01630	0.01606	0.01000	0.70561	0.02461	0.03298	0.01424	0.06662	0.01108	0.00726	0.00556	0.00168	0.00581	0.00562	0.00543	0.00894
30	0.01629	0.01048	0.01653	0.28327	0.21962	0.01104	0.01286	0.01918	0.01289	0.29024	0.01399	0.01561	0.00986	0.00593	0.00594	0.00174	0.03751	0.00507	0.00405	0.00788
31	0.01526	0.02182	0.36307	0.01481	0.02072	0.08758	0.08318	0.26441	0.01672	0.02270	0.01108	0.01240	0.00802	0.00565	0.00533	0.00166	0.00750	0.00452	0.02541	0.00815
32	0.82346	0.01068	0.00825	0.00732	0.01072	0.01236	0.00603	0.03703	0.00974	0.02474	0.00775	0.00898	0.00600	0.00510	0.00343	0.00169	0.00427	0.00301	0.00343	0.00600
33	0.00757	0.00520	0.00637	0.00694	0.00718	0.00509	0.00448	0.00816	0.00928	0.01233	0.02285	0.30459	0.02665	0.45164	0.01844	0.00393	0.00452	0.08678	0.00409	0.00387
34	0.01763	0.00792	0.01058	0.00883	0.01182	0.00711	0.00706	0.02030	0.04251	0.46063	0.23489	0.07589	0.02643	0.00897	0.00592	0.00176	0.00396	0.03383	0.00632	0.00762
35	0.01995	0.01489	0.01593	0.01239	0.01661	0.01655	0.01018	0.67810	0.10500	0.03312	0.01407	0.01387	0.01006	0.00664	0.00546	0.00166	0.00582	0.00504	0.00546	0.00920
36	0.00664	0.00474	0.00633	0.00759	0.00791	0.00443	0.00506	0.00759	0.01044	0.01392	0.03005	0.80485	0.03606	0.01708	0.00696	0.00221	0.00316	0.01550	0.00506	0.00443
37	0.00664	0.00474	0.00633	0.00759	0.00791	0.00443	0.00506	0.00759	0.01044	0.01392	0.03005	0.80485	0.03606	0.01708	0.00696	0.00221	0.00316	0.01550	0.00506	0.00443
38	0.01646	0.01946	0.01301	0.01189	0.01430	0.52132	0.00894	0.01913	0.06609	0.01630	0.21732	0.01896	0.01978	0.00724	0.00537	0.00152	0.00748	0.00542	0.00386	0.00616
39	0.01839	0.01268	0.01427	0.01076	0.01525	0.01265	0.00882	0.42211	0.01978	0.13821	0.01328	0.01334	0.00952	0.00581	0.00502	0.00139	0.00520	0.00448	0.00496	0.26406
40	0.35913	0.28298	0.01783	0.00975	0.01363	0.01475	0.09122	0.01614	0.01112	0.04801	0.08115	0.01287	0.01116	0.00552	0.00413	0.00153	0.00518	0.00408	0.00333	0.00649
41	0.01414	0.01317	0.01458	0.01256	0.01418	0.11881	0.01017	0.18590	0.01342	0.01797	0.01046	0.01415	0.00916	0.01571	0.19471	0.00358	0.32265	0.00488	0.00328	0.00652
42	0.00733	0.00556	0.00675	0.00645	0.00791	0.00498	0.00484	0.00954	0.01452	0.01970	0.55408	0.04429	0.27023	0.01195	0.00643	0.00175	0.00263	0.01036	0.00572	0.00498
43	0.00966	0.00859	0.01235	0.01127	0.01181	0.01129	0.00913	0.01127	0.00858	0.01287	0.01123	0.01712	0.01070	0.02671	0.43896	0.00588	0.36919	0.00536	0.00268	0.00536
44	0.02107	0.02027	0.01533	0.01295	0.01645	0.43697	0.01012	0.24860	0.01861	0.13043	0.01175	0.01210	0.00865	0.00607	0.00516	0.00152	0.00790	0.00423	0.00419	0.00766
45	0.07185	0.01260	0.01314	0.01122	0.01467	0.01438	0.00892	0.22629	0.51211	0.02607	0.01872	0.01759	0.01391	0.00701	0.00537	0.00178	0.00477	0.00560	0.00537	0.00862
46	0.01789	0.02129	0.01786	0.02104	0.28978	0.50782	0.01277	0.01995	0.01436	0.01495	0.00909	0.01115	0.00760	0.00534	0.00509	0.00148	0.00862	0.00400	0.00277	0.00715
47	0.00779	0.00582	0.00866	0.00866	0.00959	0.00676	0.00668	0.00967	0.00873	0.01258	0.01470	0.02196	0.01386	0.06995	0.75806	0.00863	0.01425	0.00592	0.00294	0.00481
48	0.01193	0.01193	0.01670	0.01431	0.01431	0.01670	0.01193	0.01312	0.00835	0.01312	0.00716	0.01193	0.00716	0.00954	0.01789	0.00239	0.79843	0.00477	0.00239	0.00596
49	0.02072	0.01527	0.01636	0.01254	0.01691	0.01691	0.01036	0.75622	0.02563	0.03436	0.01309	0.01309	0.00927	0.00654	0.00545	0.00164	0.00600	0.00491	0.00545	0.00927
50	0.00664	0.00474	0.00633	0.00759	0.00791	0.00443	0.00506	0.00759	0.01044	0.01392	0.03005	0.80485	0.03606	0.01708	0.00696	0.00221	0.00316	0.01550	0.00506	0.00443
51	0.73177	0.01037	0.00866	0.00752	0.01102	0.01164	0.00620	0.01750	0.01016	0.12998	0.00954	0.01021	0.00697	0.00530	0.00367	0.00169	0.00428	0.00331	0.00385	0.00638
52	0.00734	0.00537	0.00693	0.00723	0.00827	0.00496	0.00534	0.00926	0.01327	0.01807	0.39078	0.28287	0.12578	0.01366	0.00670	0.00196	0.00300	0.07885	0.00551	0.00485
53	0.01259	0.04387	0.01922	0.09620	0.33157	0.01478	0.01400	0.01542	0.03902	0.01550	0.00927	0.01302	0.00813	0.00694	0.01049	0.00195	0.33338	0.00479	0.00264	0.00722
54	0.00794	0.00579	0.00760	0.00773	0.00905	0.00545	0.00619	0.01038	0.01427	0.01951	0.47775	0.04821	0.10868	0.01260	0.00677	0.00197	0.00335	0.23610	0.00561	0.00506
55	0.01030	0.00969	0.01635	0.79530	0.03755	0.01211	0.01514	0.01393	0.01090	0.01393	0.00969	0.01453	0.00727	0.00545	0.00545	0.00182	0.00727	0.00484	0.00242	0.00606
56	0.01232	0.01118	0.01635	0.01899	0.27274	0.01189	0.06520	0.01972	0.27711	0.01994	0.13503	0.02206	0.01898	0.00730	0.00627	0.00180	0.03667	0.03442	0.00430	0.00774
57	0.00674	0.00490	0.00618	0.00716	0.00765	0.00453	0.00477	0.00765	0.01046	0.01371	0.03214	0.63254	0.13153	0.09190	0.00887	0.00246	0.00331	0.01425	0.00489	0.00434
58	0.01016	0.00508	0.00508	0.00508	0.00635	0.00508	0.00381	0.01270	0.01143	0.02033	0.01778	0.02033	0.01397	0.00635	0.00381	0.00127	0.00254	0.00508	0.83867	0.00508
59	0.03269	0.10166	0.28933	0.01164	0.01630	0.01108	0.02610	0.04896	0.01266	0.15735	0.04192	0.17819	0.01581	0.00822	0.00573	0.00177	0.02251	0.00683	0.00400	0.00726
60	0.01540	0.49829	0.02353	0.01077	0.01463	0.06633	0.00981	0.12876	0.02936	0.01651	0.00878	0.01021	0.00760	0.00570	0.00585	0.00142	0.11140	0.00358	0.00293	0.02912

[dist]
# distance from previous block
# <min> <max>
0	2

[block]
# block no. 4 follows, 44 sequences, length 23
# corresponding to MSA columns:
# 721-743
name=unknown_E
#
# <colnr> <probs for GDERKNQSTAVLIFYWHMCP>
#	G	D	E	R	K	N	Q	S	T	A	V	L	I	F	Y	W	H	M	C	P
0	0.01264	0.01355	0.15220	0.01278	0.12655	0.09586	0.00996	0.03230	0.01246	0.03819	0.01349	0.01559	0.01051	0.00566	0.00452	0.00140	0.00521	0.00454	0.36021	0.07236
1	0.04900	0.19436	0.04805	0.07064	0.05891	0.16612	0.01105	0.18613	0.07175	0.01958	0.01045	0.01185	0.00832	0.00595	0.00575	0.00158	0.06548	0.00416	0.00345	0.00745
2	0.01574	0.05584	0.34219	0.04512	0.02044	0.36490	0.01476	0.04980	0.01385	0.01589	0.00922	0.01083	0.00707	0.00543	0.00502	0.00156	0.00866	0.00382	0.00267	0.00720
3	0.01075	0.00609	0.00649	0.00610	0.00730	0.00618	0.00431	0.07087	0.01159	0.04233	0.01734	0.02455	0.01543	0.25998	0.01156	0.00258	0.00375	0.00598	0.48184	0.00499
4	0.00879	0.00836	0.01416	0.01129	0.01391	0.00763	0.24141	0.01103	0.01199	0.01538	0.07980	0.07277	0.33764	0.12976	0.00965	0.00237	0.00518	0.00945	0.00413	0.00530
5	0.00690	0.00494	0.00656	0.00741	0.00796	0.00460	0.00508	0.00824	0.01164	0.01583	0.20897	0.62045	0.03977	0.01565	0.00683	0.00209	0.00302	0.01414	0.00529	0.00460
6	0.01093	0.02820	0.78016	0.01554	0.02360	0.01266	0.02014	0.01727	0.01151	0.01727	0.00978	0.01151	0.00691	0.00518	0.00518	0.00173	0.00806	0.00403	0.00230	0.00806
7	0.00954	0.00649	0.00789	0.00764	0.00875	0.00641	0.00540	0.09252	0.01310	0.04510	0.23221	0.25677	0.03222	0.22102	0.01205	0.00280	0.00396	0.02610	0.00497	0.00506
8	0.01284	0.01159	0.01556	0.10312	0.25881	0.01278	0.01170	0.02242	0.40673	0.01986	0.01861	0.01907	0.04936	0.00668	0.00553	0.00177	0.00525	0.00586	0.00428	0.00816
9	0.01236	0.01824	0.22801	0.02103	0.02721	0.01349	0.56230	0.01741	0.01251	0.01741	0.01070	0.01387	0.00791	0.00475	0.00611	0.00181	0.00889	0.00580	0.00264	0.00754
10	0.01539	0.01262	0.01336	0.01146	0.01487	0.01441	0.00907	0.21434	0.57620	0.02575	0.01987	0.01849	0.01476	0.00718	0.00552	0.00179	0.00474	0.00584	0.00552	0.00879
11	0.01730	0.00769	0.01036	0.00849	0.01145	0.00679	0.00679	0.01961	0.01553	0.45486	0.34213	0.02803	0.02972	0.00863	0.00589	0.00170	0.00376	0.00735	0.00643	0.00751
12	0.02048	0.02266	0.01573	0.01358	0.01687	0.54759	0.01048	0.24978	0.01861	0.01987	0.00987	0.01084	0.00772	0.00591	0.00508	0.00148	0.00864	0.00394	0.00363	0.00724
13	0.00715	0.00512	0.00684	0.00768	0.00835	0.00481	0.00550	0.00868	0.01192	0.01617	0.21460	0.53110	0.03936	0.01538	0.00689	0.00212	0.00322	0.09514	0.00529	0.00467
14	0.00772	0.00557	0.00729	0.00686	0.00814	0.00514	0.00514	0.01029	0.01543	0.02186	0.77152	0.04072	0.05144	0.01115	0.00643	0.00171	0.00257	0.00986	0.00600	0.00514
15	0.00985	0.00932	0.01705	0.01387	0.01618	0.01012	0.24382	0.01256	0.01001	0.01423	0.01264	0.01824	0.01121	0.02592	0.45448	0.00586	0.10013	0.00591	0.00281	0.00578
16	0.01458	0.81168	0.02857	0.00933	0.01399	0.02157	0.00933	0.01632	0.01108	0.01283	0.00758	0.00875	0.00700	0.00466	0.00350	0.00117	0.00583	0.00292	0.00233	0.00700
17	0.00933	0.00733	0.00993	0.00925	0.01104	0.00687	0.05616	0.09237	0.01242	0.01701	0.02382	0.54425	0.02700	0.01311	0.00632	0.00191	0.00401	0.01186	0.00467	0.13134
18	0.01157	0.01099	0.01865	0.49179	0.33111	0.01245	0.01577	0.01505	0.01150	0.01548	0.00991	0.01412	0.00781	0.00521	0.00543	0.00174	0.00695	0.00485	0.00253	0.00708
19	0.00702	0.00505	0.00672	0.00788	0.00843	0.00475	0.00562	0.00829	0.01104	0.01463	0.05930	0.63085	0.06241	0.01641	0.00701	0.00223	0.00342	0.12930	0.00509	0.00456
20	0.00740	0.00506	0.00610	0.00662	0.00675	0.00493	0.00402	0.00779	0.00896	0.01194	0.02246	0.35138	0.02648	0.48361	0.01922	0.00402	0.00441	0.01104	0.00402	0.00377
21	0.42459	0.05270	0.24949	0.01046	0.01530	0.01299	0.01089	0.01836	0.12305	0.02145	0.01046	0.01139	0.00787	0.00543	0.00427	0.00170	0.00550	0.00377	0.00332	0.00703
22	0.36865	0.01016	0.01223	0.01037	0.01344	0.01097	0.11757	0.01729	0.14802	0.04519	0.05153	0.14266	0.01553	0.00771	0.00502	0.00183	0.00474	0.00650	0.00418	0.00645

[dist]
# distance from previous block
# <min> <max>
0	3

[block]
# block no. 5 follows, 44 sequences, length 31
# corresponding to MSA columns:
# 748-778
name=unknown_F
#
# <colnr> <probs for GDERKNQSTAVLIFYWHMCP>
#	G	D	E	R	K	N	Q	S	T	A	V	L	I	F	Y	W	H	M	C	P
0	0.10688	0.01549	0.01377	0.01241	0.06315	0.23823	0.02565	0.09572	0.08935	0.03531	0.01130	0.01301	0.00912	0.03638	0.00561	0.00154	0.00632	0.00416	0.00362	0.21299
1	0.01592	0.55379	0.06954	0.01097	0.01533	0.22696	0.01029	0.01785	0.01228	0.01323	0.00794	0.00920	0.00700	0.00495	0.00398	0.00126	0.00704	0.00314	0.00246	0.00688
2	0.00866	0.00502	0.00650	0.00650	0.00650	0.00502	0.00398	0.00753	0.00753	0.01005	0.01351	0.02658	0.01489	0.43250	0.02468	0.40340	0.00502	0.00641	0.00286	0.00286
3	0.02072	0.01527	0.01636	0.01254	0.01691	0.01691	0.01036	0.75622	0.02563	0.03436	0.01309	0.01309	0.00927	0.00654	0.00545	0.00164	0.00600	0.00491	0.00545	0.00927
4	0.00668	0.00504	0.00619	0.00695	0.00778	0.00454	0.00481	0.00790	0.01144	0.01485	0.10278	0.52581	0.24422	0.01563	0.00677	0.00207	0.00300	0.01388	0.00514	0.00454
5	0.01030	0.00969	0.01635	0.79530	0.03755	0.01211	0.01514	0.01393	0.01090	0.01393	0.00969	0.01453	0.00727	0.00545	0.00545	0.00182	0.00727	0.00484	0.00242	0.00606
6	0.01182	0.01124	0.01910	0.43255	0.38840	0.01251	0.01590	0.01526	0.01162	0.01578	0.00996	0.01404	0.00792	0.00517	0.00543	0.00172	0.00689	0.00485	0.00255	0.00728
7	0.00671	0.00479	0.00640	0.00767	0.00801	0.00449	0.00518	0.00771	0.01050	0.01399	0.03001	0.78145	0.03591	0.01702	0.00698	0.00222	0.00322	0.03823	0.00506	0.00445
8	0.00793	0.00529	0.00595	0.00595	0.00595	0.00529	0.00330	0.00793	0.00793	0.01057	0.01718	0.03568	0.01982	0.80840	0.02775	0.00529	0.00529	0.00793	0.00330	0.00330
9	0.84691	0.01054	0.00801	0.00717	0.01054	0.01223	0.00590	0.01603	0.00928	0.02446	0.00759	0.00886	0.00590	0.00506	0.00337	0.00169	0.00422	0.00295	0.00337	0.00590
10	0.01142	0.01171	0.02387	0.01839	0.02239	0.01112	0.48994	0.01527	0.01276	0.01706	0.01736	0.03131	0.01647	0.00831	0.00682	0.00208	0.00771	0.26592	0.00356	0.00653
11	0.84691	0.01054	0.00801	0.00717	0.01054	0.01223	0.00590	0.01603	0.00928	0.02446	0.00759	0.00886	0.00590	0.00506	0.00337	0.00169	0.00422	0.00295	0.00337	0.00590
12	0.00732	0.00523	0.00709	0.00830	0.00893	0.00500	0.00618	0.00879	0.01124	0.01491	0.05535	0.55649	0.03519	0.01627	0.00711	0.00229	0.00370	0.23091	0.00508	0.00463
13	0.01739	0.06333	0.23508	0.01425	0.01865	0.52914	0.01323	0.02023	0.01412	0.01444	0.00878	0.01026	0.00699	0.00545	0.00493	0.00149	0.00914	0.00363	0.00264	0.00685
14	0.84691	0.01054	0.00801	0.00717	0.01054	0.01223	0.00590	0.01603	0.00928	0.02446	0.00759	0.00886	0.00590	0.00506	0.00337	0.00169	0.00422	0.00295	0.00337	0.00590
15	0.01473	0.01026	0.01230	0.01038	0.01247	0.02849	0.00819	0.21373	0.01465	0.13188	0.05908	0.02047	0.01449	0.15019	0.13736	0.00354	0.14086	0.00590	0.00432	0.00667
16	0.01016	0.00508	0.00508	0.00508	0.00635	0.00508	0.00381	0.01270	0.01143	0.02033	0.01778	0.02033	0.01397	0.00635	0.00381	0.00127	0.00254	0.00508	0.83867	0.00508
17	0.01573	0.01658	0.28551	0.01218	0.01772	0.01049	0.04095	0.05363	0.06919	0.25144	0.04083	0.01549	0.01151	0.00590	0.00524	0.00159	0.00591	0.00485	0.00433	0.13094
18	0.00682	0.00487	0.00653	0.00779	0.00819	0.00458	0.00537	0.00790	0.01061	0.01412	0.02995	0.74303	0.03567	0.01691	0.00701	0.00224	0.00332	0.07555	0.00506	0.00448
19	0.02407	0.00990	0.01304	0.01000	0.01423	0.00894	0.00826	0.10276	0.01665	0.70050	0.02063	0.01799	0.01305	0.00673	0.00548	0.00168	0.00478	0.00542	0.00661	0.00928
20	0.03927	0.10702	0.12122	0.01573	0.15624	0.01452	0.01204	0.18817	0.18637	0.08429	0.01408	0.01442	0.01050	0.00600	0.00515	0.00165	0.00580	0.00483	0.00423	0.00849
21	0.01875	0.01429	0.01525	0.01214	0.01616	0.01599	0.00989	0.55609	0.22897	0.03118	0.01559	0.01508	0.01130	0.00678	0.00548	0.00169	0.00554	0.00525	0.00548	0.00909
