[name]
unknown

[dist]
# distance from previous block
# <min> <max>
2	90

[block]
# block no. 0 follows, 47 sequences, length 11
# corresponding to MSA columns:
# 682-692
name=unknown_A
#
# <colnr> <probs for GDERKNQSTAVLIFYWHMCP>
#	G	D	E	R	K	N	Q	S	T	A	V	L	I	F	Y	W	H	M	C	P
0	0.01354	0.01296	0.07404	0.02648	0.56509	0.01160	0.05744	0.01676	0.01204	0.09005	0.01079	0.01315	0.00852	0.00477	0.00512	0.00152	0.00612	0.00463	0.00295	0.06243
1	0.09044	0.01026	0.01231	0.01112	0.01189	0.07282	0.00895	0.01216	0.00886	0.01354	0.01070	0.08583	0.01073	0.01644	0.20573	0.00363	0.40102	0.00548	0.00276	0.00533
2	0.00643	0.00465	0.00609	0.00707	0.00754	0.00430	0.00479	0.00751	0.01053	0.01406	0.10148	0.69598	0.07911	0.01560	0.00657	0.00205	0.00295	0.01407	0.00492	0.00430
3	0.08380	0.09081	0.01675	0.01431	0.12448	0.08344	0.01040	0.39503	0.01791	0.04151	0.01060	0.01161	0.00807	0.00587	0.00566	0.00155	0.06212	0.00424	0.00400	0.00784
4	0.01482	0.01471	0.02270	0.02227	0.27435	0.09381	0.27906	0.17673	0.01500	0.01983	0.01045	0.01286	0.00810	0.00497	0.00547	0.00160	0.00733	0.00505	0.00317	0.00772
5	0.00675	0.00530	0.00610	0.00590	0.00740	0.00465	0.00442	0.00862	0.01327	0.01738	0.40737	0.04466	0.42571	0.01195	0.00615	0.00170	0.00255	0.01023	0.00527	0.00465
6	0.01371	0.01431	0.01813	0.23143	0.39716	0.18162	0.01412	0.03931	0.01249	0.01560	0.00936	0.01238	0.00759	0.00500	0.00507	0.00155	0.00706	0.00436	0.00261	0.00714
7	0.00725	0.00532	0.00679	0.00642	0.00770	0.00486	0.00482	0.00959	0.01445	0.02018	0.70701	0.04005	0.12431	0.01091	0.00614	0.00165	0.00248	0.00958	0.00564	0.00486
8	0.01149	0.00895	0.01058	0.00774	0.01210	0.00683	0.00618	0.01371	0.01113	0.07673	0.01210	0.03758	0.03309	0.00474	0.00412	0.00091	0.00384	0.00386	0.00346	0.73088
9	0.05990	0.00747	0.00757	0.00674	0.00876	0.00798	0.00528	0.15875	0.06697	0.02239	0.01587	0.01746	0.01222	0.00610	0.00403	0.00134	0.00327	0.00478	0.57719	0.00591
10	0.21198	0.17157	0.01423	0.00869	0.01267	0.01166	0.00747	0.06800	0.01295	0.34791	0.01342	0.01284	0.00931	0.00546	0.00428	0.00144	0.00460	0.00399	0.00452	0.07300

[dist]
# distance from previous block
# <min> <max>
0	8

[block]
# block no. 1 follows, 47 sequences, length 62
# corresponding to MSA columns:
# 701-762
name=unknown_B
#
# <colnr> <probs for GDERKNQSTAVLIFYWHMCP>
#	G	D	E	R	K	N	Q	S	T	A	V	L	I	F	Y	W	H	M	C	P
0	0.03443	0.01561	0.01498	0.01336	0.06844	0.19965	0.03028	0.35377	0.09870	0.04519	0.01294	0.04521	0.01021	0.00717	0.02485	0.00173	0.00657	0.00494	0.00429	0.00767
1	0.01318	0.42474	0.04077	0.01019	0.01470	0.01509	0.08674	0.02716	0.04705	0.04538	0.01031	0.01141	0.02380	0.00473	0.00405	0.00118	0.00538	0.00367	0.00288	0.20760
2	0.01475	0.01552	0.01297	0.09561	0.01643	0.32614	0.00870	0.01678	0.01254	0.04921	0.00927	0.01087	0.00746	0.00473	0.00440	0.00114	0.00645	0.00346	0.00299	0.38060
3	0.00671	0.00530	0.00605	0.00586	0.00738	0.00463	0.00440	0.00855	0.01319	0.01720	0.38751	0.04497	0.44567	0.01202	0.00615	0.00170	0.00255	0.01027	0.00525	0.00463
4	0.00744	0.00558	0.00837	0.00837	0.00930	0.00651	0.00651	0.00930	0.00837	0.01209	0.01395	0.02046	0.01302	0.03906	0.79635	0.00837	0.01395	0.00558	0.00279	0.00465
5	0.01348	0.01256	0.02067	0.03026	0.71903	0.01270	0.01546	0.07998	0.01293	0.01836	0.01003	0.01286	0.00830	0.00478	0.00516	0.00155	0.00615	0.00464	0.00280	0.00830
6	0.01261	0.52137	0.31455	0.01114	0.01682	0.01740	0.01280	0.01593	0.01074	0.01385	0.00803	0.00935	0.00665	0.00464	0.00395	0.00132	0.00637	0.00319	0.00222	0.00706
7	0.01045	0.02694	0.79000	0.01484	0.02254	0.01209	0.01924	0.01649	0.01099	0.01649	0.00935	0.01099	0.00660	0.00495	0.00495	0.00165	0.00770	0.00385	0.00220	0.00770
8	0.00971	0.00485	0.00485	0.00485	0.00607	0.00485	0.00364	0.01213	0.01092	0.01942	0.01699	0.01942	0.01335	0.00607	0.00364	0.00121	0.00243	0.00485	0.84589	0.00485
9	0.00727	0.00534	0.00682	0.00650	0.00778	0.00489	0.00490	0.00960	0.01436	0.02001	0.68348	0.04063	0.12733	0.01102	0.00617	0.00167	0.00254	0.02923	0.00561	0.00486
10	0.00742	0.00541	0.00766	0.00771	0.00841	0.00608	0.00568	0.00882	0.00827	0.01170	0.01519	0.06052	0.01534	0.21242	0.58689	0.00733	0.01144	0.00646	0.00297	0.00430
11	0.01929	0.01434	0.01535	0.01188	0.01596	0.01591	0.00978	0.71282	0.07962	0.03201	0.01314	0.01301	0.00937	0.00631	0.00522	0.00158	0.00561	0.00478	0.00522	0.00881
12	0.00749	0.00539	0.00740	0.00740	0.00799	0.00598	0.00530	0.00868	0.00808	0.01137	0.01484	0.02537	0.01515	0.31977	0.51855	0.00717	0.01074	0.00630	0.00292	0.00411
13	0.01392	0.82012	0.02729	0.00891	0.01337	0.02061	0.00891	0.01559	0.01058	0.01225	0.00724	0.00835	0.00668	0.00446	0.00334	0.00111	0.00557	0.00278	0.00223	0.00668
14	0.01686	0.03548	0.01389	0.01222	0.01507	0.46494	0.00934	0.03875	0.30549	0.01661	0.01315	0.01327	0.01026	0.00602	0.00491	0.00150	0.00722	0.00434	0.00373	0.00695
15	0.01080	0.00926	0.01080	0.00771	0.01234	0.00694	0.00617	0.01311	0.01080	0.01697	0.00926	0.01080	0.00771	0.00386	0.00386	0.00077	0.00386	0.00309	0.00309	0.84882
16	0.01082	0.11208	0.70813	0.01421	0.02155	0.01301	0.01813	0.01640	0.01095	0.01604	0.00912	0.01071	0.00661	0.00489	0.00478	0.00159	0.00747	0.00373	0.00220	0.00759
17	0.01549	0.01238	0.01313	0.01101	0.01440	0.01399	0.00879	0.32040	0.45720	0.02596	0.01858	0.01749	0.03339	0.00690	0.00529	0.00169	0.00472	0.00555	0.00525	0.00838
18	0.01217	0.14845	0.09688	0.00905	0.01381	0.01051	0.00833	0.07726	0.01199	0.03231	0.00995	0.03250	0.00834	0.00466	0.00410	0.00104	0.00470	0.00361	0.00314	0.50720
19	0.01310	0.13423	0.01414	0.01034	0.01352	0.01412	0.00834	0.02583	0.65880	0.02033	0.01907	0.01774	0.01450	0.00667	0.00500	0.00167	0.00434	0.00542	0.00483	0.00801
20	0.85377	0.01007	0.00765	0.00685	0.01007	0.01168	0.00564	0.01531	0.00886	0.02336	0.00725	0.00846	0.00564	0.00483	0.00322	0.00161	0.00403	0.00282	0.00322	0.00564
21	0.00632	0.00461	0.00596	0.00704	0.00750	0.00425	0.00474	0.00728	0.01017	0.01338	0.03128	0.73163	0.11473	0.01598	0.00659	0.00208	0.00298	0.01440	0.00483	0.00425
22	0.00745	0.00555	0.00820	0.00820	0.00907	0.00642	0.00629	0.00919	0.00832	0.01196	0.01411	0.02133	0.01340	0.08905	0.74687	0.00816	0.01338	0.00571	0.00281	0.00455
23	0.00729	0.00532	0.00684	0.00646	0.00773	0.00488	0.00485	0.00966	0.01454	0.02041	0.73094	0.03968	0.10024	0.01082	0.00614	0.00165	0.00247	0.00953	0.00567	0.00488
24	0.01574	0.01140	0.01126	0.00923	0.01211	0.06543	0.00741	0.41355	0.01839	0.02607	0.01399	0.01505	0.01051	0.00612	0.00455	0.00141	0.00466	0.00466	0.34142	0.00706
25	0.00656	0.00469	0.00629	0.00750	0.00790	0.00442	0.00522	0.00763	0.01019	0.01354	0.02858	0.73256	0.03396	0.01611	0.00671	0.00215	0.00321	0.09366	0.00483	0.00429
26	0.01515	0.01227	0.01574	0.01449	0.09792	0.05001	0.07910	0.09879	0.28314	0.12959	0.01517	0.01556	0.01136	0.00662	0.00713	0.00176	0.12884	0.00524	0.00433	0.00779
27	0.01845	0.01392	0.01487	0.01171	0.01564	0.01552	0.00957	0.62165	0.17216	0.03065	0.01421	0.01387	0.01024	0.00641	0.00523	0.00160	0.00541	0.00492	0.00523	0.00874
28	0.00757	0.00505	0.00568	0.00568	0.00568	0.00505	0.00316	0.00757	0.00757	0.01010	0.01641	0.03408	0.01893	0.81698	0.02651	0.00505	0.00505	0.00757	0.00316	0.00316
29	0.00646	0.00464	0.00629	0.00737	0.00774	0.00447	0.00501	0.00747	0.00980	0.01316	0.02712	0.72845	0.03214	0.01876	0.09141	0.00279	0.00419	0.01381	0.00461	0.00427
30	0.81469	0.01028	0.00803	0.00709	0.01036	0.01189	0.00584	0.05053	0.00959	0.02381	0.00750	0.00865	0.00579	0.00490	0.00332	0.00161	0.00411	0.00291	0.00332	0.00579
31	0.00757	0.00505	0.00568	0.00568	0.00568	0.00505	0.00316	0.00757	0.00757	0.01010	0.01641	0.03408	0.01893	0.81698	0.02651	0.00505	0.00505	0.00757	0.00316	0.00316
32	0.85377	0.01007	0.00765	0.00685	0.01007	0.01168	0.00564	0.01531	0.00886	0.02336	0.00725	0.00846	0.00564	0.00483	0.00322	0.00161	0.00403	0.00282	0.00322	0.00564
33	0.01041	0.02198	0.56751	0.13588	0.07549	0.01172	0.03353	0.01567	0.01117	0.01625	0.04543	0.01293	0.00877	0.00522	0.00508	0.00166	0.00726	0.00433	0.00242	0.00730
34	0.01596	0.10541	0.14883	0.01278	0.01763	0.06556	0.15305	0.05420	0.01318	0.24007	0.01295	0.02647	0.00937	0.00538	0.00498	0.00149	0.00625	0.00467	0.00383	0.09796
35	0.00829	0.00670	0.00949	0.00901	0.00959	0.00822	0.00695	0.00968	0.00815	0.01184	0.01289	0.02092	0.01275	0.16705	0.50113	0.00653	0.17776	0.00571	0.00275	0.00461
36	0.00903	0.00568	0.00745	0.00681	0.00829	0.00520	0.00514	0.01136	0.01455	0.09965	0.68058	0.03657	0.04450	0.03413	0.00665	0.00174	0.00274	0.00893	0.00573	0.00527
37	0.12157	0.01091	0.04935	0.37701	0.09248	0.04597	0.05834	0.01480	0.01095	0.06494	0.01142	0.06838	0.00944	0.00593	0.00501	0.00168	0.00615	0.00514	0.03429	0.00621
38	0.05314	0.01487	0.22726	0.14999	0.13456	0.03170	0.04999	0.03101	0.02463	0.09800	0.01161	0.02772	0.00899	0.00899	0.08999	0.00236	0.00735	0.00471	0.00305	0.02010
39	0.00745	0.00552	0.00808	0.00808	0.00891	0.00635	0.00615	0.00911	0.00828	0.01188	0.01421	0.02192	0.01365	0.12256	0.71371	0.00801	0.01299	0.00579	0.00283	0.00449
40	0.01998	0.00866	0.01180	0.00940	0.01253	0.00826	0.00765	0.02177	0.01337	0.60226	0.03363	0.01869	0.01338	0.06307	0.04339	0.00222	0.09105	0.00542	0.00560	0.00787
41	0.01330	0.15139	0.36911	0.01450	0.02045	0.02977	0.15926	0.07867	0.02722	0.07283	0.01050	0.01189	0.00768	0.00502	0.00496	0.00157	0.00713	0.00431	0.00291	0.00756
42	0.01217	0.01164	0.01984	0.21352	0.60856	0.01218	0.01563	0.01535	0.01152	0.01614	0.00967	0.01312	0.00794	0.00477	0.00517	0.00159	0.00636	0.00464	0.00252	0.00767
43	0.01396	0.01169	0.01234	0.01080	0.01393	0.01343	0.00849	0.13693	0.66418	0.02342	0.01991	0.01841	0.01486	0.00695	0.00529	0.00174	0.00436	0.00571	0.00529	0.00833
44	0.72656	0.01176	0.00902	0.00868	0.04539	0.09591	0.00658	0.01593	0.00963	0.02194	0.00745	0.00876	0.00587	0.00488	0.00347	0.00158	0.00470	0.00296	0.00314	0.00580
45	0.01859	0.02338	0.01489	0.01344	0.01584	0.71235	0.01020	0.01991	0.01403	0.01272	0.00792	0.00961	0.00672	0.00577	0.00603	0.00144	0.09504	0.00348	0.00264	0.00600
46	0.01449	0.00997	0.01545	0.24364	0.08975	0.01045	0.09819	0.09761	0.02840	0.19281	0.04045	0.01616	0.01111	0.00578	0.00517	0.00161	0.00566	0.00517	0.10104	0.00709
47	0.00741	0.00535	0.00702	0.00667	0.00790	0.00496	0.00505	0.00987	0.01463	0.02067	0.75126	0.03970	0.04836	0.01080	0.00618	0.00167	0.00255	0.03934	0.00569	0.00491
48	0.00757	0.00505	0.00568	0.00568	0.00568	0.00505	0.00316	0.00757	0.00757	0.01010	0.01641	0.03408	0.01893	0.81698	0.02651	0.00505	0.00505	0.00757	0.00316	0.00316
49	0.00638	0.00456	0.00607	0.00723	0.00756	0.00425	0.00484	0.00733	0.01011	0.01352	0.05104	0.79061	0.03488	0.01615	0.00663	0.00210	0.00300	0.01464	0.00486	0.00425
50	0.01226	0.01283	0.01582	0.01364	0.01393	0.09969	0.01125	0.01342	0.00870	0.01256	0.00697	0.01118	0.00682	0.00871	0.01576	0.00218	0.72179	0.00443	0.00232	0.00573
51	0.00623	0.00498	0.00558	0.00606	0.00724	0.00433	0.00431	0.00738	0.01111	0.01376	0.04316	0.35457	0.48412	0.01444	0.00635	0.00190	0.00279	0.01251	0.00484	0.00433
52	0.01158	0.01144	0.02055	0.24684	0.35092	0.01216	0.16227	0.01484	0.01117	0.01540	0.00991	0.01405	0.00813	0.02771	0.02202	0.00190	0.04457	0.00503	0.00252	0.00698
53	0.00983	0.00926	0.01562	0.80447	0.03587	0.01157	0.01446	0.01331	0.01041	0.01331	0.00926	0.01388	0.00694	0.00521	0.00521	0.00174	0.00694	0.00463	0.00231	0.00579
54	0.00985	0.22095	0.25881	0.00966	0.01378	0.01112	0.01035	0.01305	0.01199	0.01625	0.23103	0.05480	0.10296	0.00776	0.00507	0.00154	0.00495	0.00635	0.00359	0.00616
55	0.01379	0.01177	0.01977	0.08523	0.64774	0.01181	0.01498	0.01680	0.01208	0.09951	0.01091	0.01348	0.00865	0.00487	0.00517	0.00157	0.00605	0.00470	0.00297	0.00814
56	0.00984	0.00867	0.01013	0.01020	0.06617	0.00955	0.00725	0.01598	0.28467	0.01658	0.03001	0.03041	0.30069	0.06531	0.00857	0.00204	0.10576	0.00765	0.00440	0.00613
57	0.01063	0.04170	0.29908	0.01037	0.01513	0.00874	0.01089	0.01397	0.01099	0.06901	0.01477	0.18192	0.02478	0.00724	0.00496	0.00147	0.00518	0.00611	0.00336	0.25973
58	0.00965	0.00865	0.01322	0.01825	0.37561	0.00831	0.00990	0.01210	0.01259	0.01719	0.21726	0.02963	0.22964	0.00849	0.00568	0.00163	0.00427	0.00758	0.00399	0.00635
59	0.01211	0.08432	0.23303	0.01148	0.06159	0.01032	0.01080	0.01674	0.09968	0.10427	0.03333	0.01816	0.10874	0.00626	0.00486	0.00145	0.00514	0.00508	0.00364	0.16899
60	0.28835	0.21275	0.11067	0.02688	0.01651	0.06813	0.15484	0.01597	0.01079	0.01754	0.02927	0.01081	0.00773	0.00487	0.00424	0.00151	0.00614	0.00382	0.00276	0.00642
61	0.01319	0.04503	0.14036	0.00987	0.01393	0.04141	0.00911	0.06428	0.12348	0.12585	0.14178	0.02944	0.01672	0.00641	0.00496	0.00143	0.00477	0.00524	0.00427	0.19848

[dist]
# distance from previous block
# <min> <max>
1	13

[block]
# block no. 2 follows, 47 sequences, length 21
# corresponding to MSA columns:
# 776-796
name=unknown_C
#
# <colnr> <probs for GDERKNQSTAVLIFYWHMCP>
#	G	D	E	R	K	N	Q	S	T	A	V	L	I	F	Y	W	H	M	C	P
0	0.03666	0.02045	0.48411	0.01413	0.02050	0.01112	0.10786	0.01867	0.01206	0.20645	0.01219	0.01296	0.00828	0.00524	0.00512	0.00165	0.00693	0.00444	0.00332	0.00784
1	0.06012	0.25197	0.15057	0.01037	0.01496	0.05222	0.01013	0.03528	0.07782	0.26805	0.01328	0.01295	0.00947	0.00551	0.00450	0.00147	0.00555	0.00410	0.00400	0.00766
2	0.65584	0.01070	0.04728	0.00763	0.01125	0.01092	0.00662	0.01668	0.00991	0.13013	0.00932	0.01000	0.00680	0.00502	0.00362	0.00157	0.00426	0.00322	0.00362	0.04563
3	0.01206	0.01000	0.01148	0.00831	0.01288	0.00824	0.00669	0.11901	0.01272	0.01920	0.00971	0.01104	0.00787	0.00419	0.00405	0.00088	0.00412	0.00331	0.00338	0.73085
4	0.01100	0.02365	0.61629	0.01871	0.19469	0.01216	0.01850	0.01638	0.01119	0.01661	0.00945	0.01142	0.00697	0.00488	0.00499	0.00163	0.00736	0.00403	0.00228	0.00782
5	0.01244	0.01113	0.01702	0.29734	0.31140	0.01183	0.01327	0.11398	0.01287	0.01779	0.00989	0.01289	0.00779	0.00494	0.00500	0.00151	0.00606	0.00442	0.00290	0.12551
6	0.01289	0.01237	0.02114	0.03196	0.78450	0.01237	0.01598	0.01598	0.01186	0.01701	0.00980	0.01289	0.00825	0.00464	0.00516	0.00155	0.00619	0.00464	0.00258	0.00825
7	0.00633	0.00528	0.00551	0.00545	0.00714	0.00447	0.00409	0.00780	0.01227	0.01503	0.15514	0.04854	0.67941	0.01283	0.00615	0.00174	0.00261	0.01077	0.00496	0.00447
8	0.01295	0.01119	0.01178	0.01060	0.01354	0.01295	0.00824	0.02767	0.77509	0.02178	0.02120	0.01943	0.01590	0.00707	0.00530	0.00177	0.00412	0.00589	0.00530	0.00824
9	0.00983	0.00926	0.01562	0.80447	0.03587	0.01157	0.01446	0.01331	0.01041	0.01331	0.00926	0.01388	0.00694	0.00521	0.00521	0.00174	0.00694	0.00463	0.00231	0.00579
10	0.00634	0.00453	0.00604	0.00725	0.00755	0.00423	0.00483	0.00725	0.00997	0.01329	0.02870	0.81358	0.03444	0.01632	0.00665	0.00211	0.00302	0.01480	0.00483	0.00423
11	0.02336	0.00886	0.01209	0.00927	0.01329	0.00765	0.00765	0.02538	0.01491	0.78810	0.02055	0.01773	0.01289	0.00645	0.00524	0.00161	0.00443	0.00524	0.00645	0.00886
12	0.00618	0.00517	0.00538	0.00555	0.00711	0.00437	0.00408	0.00744	0.01160	0.01396	0.04938	0.15734	0.67734	0.01363	0.00622	0.00181	0.00269	0.01153	0.00484	0.00437
13	0.73660	0.01214	0.00865	0.00777	0.01092	0.12184	0.00626	0.01608	0.00969	0.02187	0.00736	0.00859	0.00579	0.00491	0.00343	0.00157	0.00478	0.00289	0.00315	0.00570
14	0.00719	0.00528	0.00674	0.00645	0.00769	0.00482	0.00481	0.00945	0.01420	0.01978	0.66670	0.07909	0.12598	0.01120	0.00617	0.00167	0.00250	0.00986	0.00559	0.00482
15	0.01080	0.10835	0.71172	0.01423	0.02160	0.01297	0.01818	0.01640	0.01095	0.01606	0.00913	0.01072	0.00661	0.00490	0.00478	0.00159	0.00748	0.00374	0.00220	0.00759
16	0.85377	0.01007	0.00765	0.00685	0.01007	0.01168	0.00564	0.01531	0.00886	0.02336	0.00725	0.00846	0.00564	0.00483	0.00322	0.00161	0.00403	0.00282	0.00322	0.00564
17	0.85377	0.01007	0.00765	0.00685	0.01007	0.01168	0.00564	0.01531	0.00886	0.02336	0.00725	0.00846	0.00564	0.00483	0.00322	0.00161	0.00403	0.00282	0.00322	0.00564
18	0.00816	0.00546	0.00737	0.00731	0.00802	0.00588	0.00522	0.00934	0.00852	0.04394	0.01592	0.06546	0.01618	0.30709	0.43226	0.00641	0.00957	0.00671	0.02690	0.00429
19	0.01620	0.05903	0.01770	0.01402	0.01744	0.42786	0.15406	0.02053	0.14686	0.01528	0.01085	0.01206	0.00860	0.00535	0.00497	0.00145	0.00786	0.00429	0.00313	0.05244
20	0.12602	0.13830	0.23048	0.01111	0.01584	0.08017	0.01116	0.05982	0.15104	0.06957	0.01171	0.01218	0.00878	0.00540	0.00450	0.00151	0.00587	0.00398	0.00344	0.04915

[dist]
# distance from previous block
# <min> <max>
1	12

[block]
# block no. 3 follows, 47 sequences, length 16
# corresponding to MSA columns:
# 809-824
name=unknown_D
#
# <colnr> <probs for GDERKNQSTAVLIFYWHMCP>
#	G	D	E	R	K	N	Q	S	T	A	V	L	I	F	Y	W	H	M	C	P
0	0.01649	0.01485	0.08642	0.01644	0.17248	0.11624	0.06706	0.11731	0.14515	0.17327	0.01403	0.01437	0.01018	0.00573	0.00520	0.00160	0.00618	0.00485	0.00414	0.00801
1	0.01250	0.01180	0.01917	0.08456	0.60710	0.01192	0.01447	0.01646	0.07095	0.01711	0.01060	0.01330	0.00870	0.00481	0.00506	0.00151	0.00589	0.00461	0.00281	0.07667
2	0.01332	0.01295	0.02117	0.02900	0.64039	0.03741	0.07645	0.04626	0.03987	0.01765	0.01032	0.01309	0.00847	0.00479	0.00523	0.00157	0.00641	0.00477	0.00279	0.00810
3	0.00747	0.00547	0.00782	0.00782	0.00857	0.00621	0.00583	0.00895	0.00821	0.01169	0.01445	0.02322	0.01422	0.19671	0.64033	0.00770	0.01215	0.00598	0.00286	0.00435
4	0.01175	0.14522	0.53748	0.01326	0.01969	0.01370	0.01582	0.05423	0.10847	0.01731	0.01068	0.01173	0.00790	0.00520	0.00476	0.00158	0.00682	0.00399	0.00274	0.00767
5	0.00747	0.00588	0.00762	0.00753	0.00881	0.00631	0.00577	0.01004	0.06516	0.01329	0.02583	0.02951	0.23673	0.05868	0.48029	0.00584	0.00961	0.00725	0.00358	0.00478
6	0.01234	0.03910	0.12064	0.09016	0.53492	0.01258	0.03413	0.01655	0.05805	0.01678	0.01033	0.01301	0.00834	0.00486	0.00511	0.00158	0.00636	0.00459	0.00266	0.00790
7	0.01275	0.55311	0.28404	0.01091	0.01645	0.01774	0.01239	0.01590	0.01072	0.01368	0.00795	0.00924	0.00665	0.00462	0.00388	0.00129	0.00629	0.00314	0.00222	0.00702
8	0.01197	0.01072	0.01282	0.01127	0.01278	0.03756	0.00906	0.01821	0.28773	0.04447	0.07823	0.01882	0.05161	0.00920	0.02944	0.00211	0.33768	0.00576	0.00396	0.00659
9	0.00851	0.00724	0.00870	0.00859	0.00947	0.07098	0.00647	0.01001	0.00890	0.01201	0.01455	0.07856	0.01453	0.12647	0.55147	0.00670	0.04304	0.00627	0.00295	0.00460
10	0.01655	0.01454	0.01892	0.01663	0.12158	0.07145	0.16314	0.37675	0.10421	0.02473	0.01240	0.01342	0.00922	0.00569	0.00536	0.00161	0.00649	0.00501	0.00416	0.00813
11	0.00673	0.00530	0.00607	0.00587	0.00738	0.00464	0.00441	0.00858	0.01322	0.01727	0.39472	0.04486	0.43842	0.01200	0.00615	0.00170	0.00255	0.01025	0.00526	0.00464
12	0.00737	0.00532	0.00696	0.00655	0.00778	0.00491	0.00491	0.00983	0.01474	0.02088	0.78175	0.03890	0.04914	0.01065	0.00614	0.00164	0.00246	0.00942	0.00573	0.00491
13	0.00731	0.00532	0.00688	0.00649	0.00775	0.00489	0.00487	0.00972	0.01461	0.02057	0.74802	0.03942	0.08307	0.01076	0.00614	0.00164	0.00247	0.00949	0.00569	0.00489
14	0.01134	0.00625	0.00820	0.00795	0.00932	0.00601	0.00608	0.02506	0.01113	0.17832	0.05396	0.09359	0.02236	0.24581	0.03972	0.04423	0.00487	0.21617	0.00453	0.00509
15	0.01182	0.13895	0.06089	0.00840	0.01317	0.00945	0.00747	0.01424	0.01095	0.04957	0.00943	0.01072	0.00771	0.00413	0.00390	0.00092	0.00439	0.00318	0.00304	0.62767

[dist]
# distance from previous block
# <min> <max>
1	8

[block]
# block no. 4 follows, 47 sequences, length 64
# corresponding to MSA columns:
# 833-896
name=unknown_E
#
# <colnr> <probs for GDERKNQSTAVLIFYWHMCP>
#	G	D	E	R	K	N	Q	S	T	A	V	L	I	F	Y	W	H	M	C	P
0	0.05969	0.27693	0.12082	0.01214	0.09136	0.01310	0.06198	0.01472	0.05348	0.01621	0.12485	0.01932	0.10217	0.00659	0.00475	0.00149	0.00519	0.00541	0.00331	0.00651
1	0.01271	0.02794	0.01445	0.01687	0.27519	0.03181	0.01016	0.10272	0.15212	0.04942	0.20595	0.02157	0.04238	0.00709	0.00541	0.00160	0.00474	0.00619	0.00436	0.00731
2	0.01233	0.01120	0.01800	0.14962	0.50238	0.01168	0.01388	0.08749	0.01264	0.01754	0.01214	0.10461	0.01110	0.00622	0.00534	0.00164	0.00590	0.00581	0.00305	0.00746
3	0.00746	0.09814	0.00848	0.00711	0.00820	0.00636	0.00526	0.00857	0.01034	0.01320	0.02955	0.44104	0.17142	0.09050	0.00811	0.00224	0.00358	0.07159	0.00437	0.00449
4	0.01197	0.15308	0.03301	0.00976	0.01448	0.01020	0.09387	0.01448	0.01108	0.04397	0.00946	0.01099	0.00772	0.00414	0.00410	0.00099	0.00483	0.00348	0.00298	0.55542
5	0.00757	0.00554	0.00793	0.00807	0.00888	0.00621	0.00618	0.00919	0.00865	0.01216	0.01591	0.02705	0.01592	0.16285	0.58077	0.00715	0.01145	0.09100	0.00308	0.00442
6	0.01179	0.01104	0.01125	0.00837	0.01277	0.09722	0.00662	0.01399	0.01125	0.01649	0.00912	0.01064	0.00760	0.00403	0.00395	0.00084	0.00449	0.00312	0.00304	0.75241
7	0.01695	0.27095	0.02061	0.01280	0.01652	0.36405	0.09611	0.11438	0.01442	0.01562	0.00865	0.01000	0.00711	0.00508	0.00450	0.00135	0.00766	0.00367	0.00286	0.00671
8	0.01142	0.01266	0.13952	0.01059	0.01427	0.06859	0.05274	0.01456	0.02872	0.06647	0.12461	0.02274	0.04897	0.00729	0.00591	0.00153	0.05096	0.09031	0.00375	0.22440
9	0.05217	0.42372	0.29433	0.01165	0.01721	0.01623	0.05467	0.01637	0.01093	0.04741	0.00873	0.01000	0.00694	0.00473	0.00414	0.00138	0.00638	0.00345	0.00247	0.00710
10	0.00642	0.00457	0.00602	0.00715	0.00743	0.00428	0.00473	0.00727	0.00981	0.01309	0.02790	0.76297	0.03344	0.06830	0.00794	0.00231	0.00315	0.01433	0.00473	0.00416
11	0.01080	0.00926	0.01080	0.00771	0.01234	0.00694	0.00617	0.01311	0.01080	0.01697	0.00926	0.01080	0.00771	0.00386	0.00386	0.00077	0.00386	0.00309	0.00309	0.84882
12	0.00839	0.00799	0.09686	0.00888	0.01065	0.00610	0.00774	0.01087	0.03337	0.04785	0.06193	0.36036	0.06758	0.01332	0.00647	0.00208	0.00414	0.23562	0.00464	0.00515
13	0.00852	0.00793	0.01321	0.19996	0.03933	0.00798	0.14809	0.01104	0.01161	0.01510	0.11278	0.15935	0.22466	0.00965	0.00598	0.00179	0.00494	0.00886	0.00387	0.00535
14	0.00735	0.00532	0.00693	0.00653	0.00777	0.00490	0.00490	0.00978	0.01469	0.02076	0.76836	0.03911	0.06261	0.01069	0.00614	0.00164	0.00246	0.00945	0.00572	0.00490
15	0.01373	0.01331	0.01651	0.01334	0.01673	0.11283	0.18780	0.10178	0.32897	0.02050	0.10305	0.01835	0.01587	0.00654	0.00551	0.00167	0.00588	0.00590	0.00437	0.00736
16	0.01397	0.05447	0.05545	0.01709	0.02118	0.24565	0.38719	0.01717	0.01286	0.01517	0.01154	0.01738	0.00996	0.00585	0.00565	0.00167	0.00831	0.09009	0.00286	0.00649
17	0.02121	0.01182	0.01382	0.01062	0.01466	0.01210	0.00876	0.41818	0.01990	0.37275	0.01621	0.01499	0.01076	0.00634	0.00519	0.00158	0.00508	0.00494	0.02231	0.00878
18	0.00783	0.00538	0.00693	0.00664	0.00792	0.00491	0.00494	0.00999	0.01396	0.05196	0.60081	0.12758	0.10880	0.01133	0.00616	0.00170	0.00262	0.00999	0.00558	0.00496
19	0.01181	0.07967	0.56414	0.01396	0.02039	0.08260	0.03114	0.01810	0.09874	0.01647	0.01046	0.01169	0.00770	0.00518	0.00488	0.00160	0.00731	0.00401	0.00261	0.00753
20	0.17571	0.00960	0.01159	0.00907	0.01296	0.00916	0.00749	0.09045	0.01466	0.57937	0.01738	0.01555	0.01119	0.00613	0.00486	0.00161	0.00447	0.00474	0.00574	0.00827
21	0.00656	0.00526	0.00586	0.00577	0.00730	0.00456	0.00431	0.00825	0.01275	0.01630	0.29349	0.07521	0.51110	0.01246	0.00617	0.00173	0.00259	0.01061	0.00513	0.00456
22	0.00749	0.00654	0.01080	0.00983	0.01136	0.00603	0.15533	0.00916	0.01075	0.01409	0.02910	0.52833	0.15353	0.01343	0.00647	0.00198	0.00410	0.01246	0.00440	0.00481
23	0.01864	0.01232	0.04840	0.04546	0.13746	0.05614	0.01040	0.14203	0.07608	0.35275	0.01556	0.01515	0.01071	0.00608	0.00551	0.00162	0.02764	0.00489	0.00486	0.00829
24	0.02020	0.01141	0.01696	0.01271	0.01699	0.04336	0.18467	0.10945	0.01540	0.48756	0.01675	0.01591	0.01100	0.00590	0.00542	0.00163	0.00581	0.00531	0.00525	0.00831
25	0.01243	0.47892	0.35538	0.01146	0.01731	0.01694	0.01335	0.01598	0.01076	0.01408	0.00815	0.00949	0.00665	0.00467	0.00403	0.00134	0.00648	0.00324	0.00222	0.00712
26	0.02071	0.01312	0.01472	0.01129	0.01542	0.01398	0.00932	0.57756	0.02204	0.22585	0.01456	0.01384	0.00989	0.00630	0.00522	0.00158	0.00540	0.00483	0.00553	0.00886
27	0.02225	0.00880	0.01179	0.00915	0.01304	0.00772	0.00752	0.02471	0.04321	0.72691	0.02192	0.01915	0.04535	0.00675	0.00528	0.00162	0.00434	0.00550	0.00633	0.00865
28	0.01161	0.00895	0.00942	0.00802	0.01056	0.00916	0.00626	0.28938	0.04824	0.02098	0.03330	0.03348	0.39601	0.08193	0.00758	0.00198	0.00406	0.00814	0.00484	0.00610
29	0.01468	0.00901	0.01213	0.10192	0.08327	0.00909	0.00877	0.13207	0.03635	0.23429	0.21290	0.02461	0.04310	0.00782	0.00559	0.00167	0.00453	0.04603	0.00509	0.00709
30	0.01280	0.01262	0.02253	0.03051	0.67467	0.01249	0.12469	0.01608	0.01192	0.01697	0.00990	0.01306	0.00820	0.00460	0.00530	0.00158	0.00656	0.00486	0.00259	0.00807
31	0.00923	0.00629	0.00913	0.21107	0.01534	0.00654	0.00750	0.01090	0.01062	0.10182	0.02324	0.44972	0.05567	0.04955	0.00702	0.00208	0.00426	0.01061	0.00430	0.00511
32	0.01069	0.04783	0.70696	0.01526	0.02267	0.01242	0.07984	0.01648	0.01109	0.01639	0.00938	0.01117	0.00671	0.00489	0.00500	0.00164	0.00773	0.00401	0.00224	0.00761
33	0.01136	0.01068	0.01800	0.22657	0.50429	0.01124	0.01432	0.01430	0.01127	0.01564	0.01182	0.10474	0.01091	0.00612	0.00534	0.00166	0.00602	0.00580	0.00277	0.00716
34	0.01408	0.02031	0.46821	0.01450	0.02086	0.01127	0.12929	0.03613	0.01245	0.20412	0.01232	0.01313	0.00837	0.00526	0.00521	0.00165	0.00702	0.00455	0.00337	0.00790
35	0.01505	0.01186	0.01853	0.01431	0.01832	0.01212	0.26918	0.05452	0.33170	0.17066	0.01703	0.01695	0.01226	0.00599	0.00557	0.00172	0.00586	0.00580	0.00460	0.00797
36	0.00701	0.00510	0.00672	0.00781	0.00839	0.00494	0.00561	0.00882	0.04600	0.01409	0.02816	0.64543	0.03280	0.01555	0.00668	0.00215	0.00338	0.14200	0.00485	0.00452
37	0.01499	0.00967	0.01228	0.01247	0.10114	0.01006	0.00899	0.02244	0.32745	0.23493	0.02094	0.02578	0.01689	0.00803	0.00563	0.00182	0.00457	0.14895	0.00521	0.00775
38	0.72686	0.01231	0.00873	0.00785	0.01099	0.13099	0.00631	0.01614	0.00976	0.02175	0.00737	0.00860	0.00580	0.00492	0.00345	0.00157	0.00484	0.00290	0.00314	0.00570
39	0.01351	0.01146	0.01209	0.01071	0.01375	0.01321	0.00838	0.08799	0.71386	0.02268	0.02049	0.01886	0.01532	0.00700	0.00529	0.00175	0.00425	0.00579	0.00529	0.00829
40	0.00905	0.00452	0.00678	0.00678	0.00678	0.00452	0.00452	0.00678	0.00678	0.00905	0.00905	0.01583	0.00905	0.01809	0.02035	0.84848	0.00452	0.00452	0.00226	0.00226
41	0.01353	0.72938	0.11454	0.00959	0.01442	0.01963	0.01009	0.01570	0.01063	0.01274	0.00748	0.00866	0.00667	0.00451	0.00353	0.00118	0.00581	0.00291	0.00222	0.00680
42	0.85377	0.01007	0.00765	0.00685	0.01007	0.01168	0.00564	0.01531	0.00886	0.02336	0.00725	0.00846	0.00564	0.00483	0.00322	0.00161	0.00403	0.00282	0.00322	0.00564
43	0.01045	0.02694	0.79000	0.01484	0.02254	0.01209	0.01924	0.01649	0.01099	0.01649	0.00935	0.01099	0.00660	0.00495	0.00495	0.00165	0.00770	0.00385	0.00220	0.00770
44	0.00798	0.00647	0.00883	0.01044	0.12934	0.00603	0.00669	0.01022	0.01324	0.01790	0.39002	0.03973	0.24605	0.01075	0.00608	0.00172	0.00330	0.07500	0.00490	0.00528
45	0.00983	0.00926	0.01562	0.80447	0.03587	0.01157	0.01446	0.01331	0.01041	0.01331	0.00926	0.01388	0.00694	0.00521	0.00521	0.00174	0.00694	0.00463	0.00231	0.00579
46	0.01112	0.01292	0.06151	0.01876	0.02331	0.01148	0.58844	0.01500	0.01202	0.01630	0.03795	0.10765	0.04470	0.00634	0.00615	0.00179	0.00762	0.00733	0.00305	0.00656
47	0.01145	0.00685	0.00842	0.00738	0.00942	0.02794	0.00571	0.01388	0.02483	0.19530	0.51837	0.03289	0.07739	0.00946	0.00583	0.00161	0.00317	0.00818	0.00569	0.02623
48	0.01959	0.01448	0.01551	0.01194	0.01607	0.01605	0.00985	0.74449	0.04747	0.03248	0.01277	0.01272	0.00907	0.00628	0.00521	0.00157	0.00568	0.00473	0.00521	0.00884
49	0.01265	0.01189	0.01990	0.05591	0.46764	0.01211	0.12084	0.01781	0.13806	0.03357	0.04798	0.01549	0.01141	0.00534	0.00537	0.00163	0.00604	0.00530	0.00325	0.00783
50	0.00918	0.00811	0.01162	0.01062	0.01112	0.01061	0.00856	0.01067	0.00818	0.01223	0.01090	0.01685	0.01047	0.04677	0.43412	0.00561	0.36156	0.00518	0.00258	0.00507
51	0.02364	0.01084	0.01359	0.01061	0.01471	0.01002	0.00860	0.17088	0.01746	0.62687	0.01998	0.01826	0.01316	0.00719	0.00575	0.00182	0.00510	0.00551	0.00655	0.00944
52	0.01280	0.12558	0.41645	0.01233	0.01781	0.04459	0.02981	0.01694	0.02356	0.13105	0.01326	0.10938	0.01112	0.00653	0.00501	0.00162	0.00640	0.00531	0.00324	0.00724
53	0.01657	0.22238	0.16156	0.01232	0.01651	0.38362	0.01138	0.06118	0.01358	0.04345	0.00881	0.00992	0.00703	0.00515	0.00445	0.00136	0.00773	0.00345	0.00276	0.00677
54	0.00634	0.00453	0.00604	0.00725	0.00755	0.00423	0.00483	0.00725	0.00997	0.01329	0.02870	0.81358	0.03444	0.01632	0.00665	0.00211	0.00302	0.01480	0.00483	0.00423
55	0.00980	0.01003	0.03574	0.02789	0.05820	0.00940	0.31089	0.01328	0.04960	0.01625	0.10661	0.21082	0.07750	0.00892	0.00644	0.00183	0.02828	0.00874	0.00378	0.00600
56	0.01229	0.01405	0.03073	0.02195	0.02722	0.01317	0.76558	0.01668	0.01229	0.01668	0.01054	0.01405	0.00790	0.00439	0.00615	0.00176	0.00878	0.00615	0.00263	0.00702
57	0.00656	0.00490	0.00631	0.00720	0.00764	0.00472	0.00491	0.00749	0.01001	0.01322	0.03012	0.66319	0.11831	0.04964	0.00782	0.00220	0.03315	0.01368	0.00467	0.00426
58	0.01393	0.58698	0.16299	0.01049	0.01533	0.10734	0.01090	0.01635	0.01113	0.01307	0.00771	0.00895	0.00667	0.00465	0.00378	0.00124	0.00639	0.00304	0.00227	0.00679
59	0.01921	0.02431	0.01465	0.01331	0.01600	0.76679	0.00999	0.02105	0.04319	0.01308	0.00854	0.00977	0.00705	0.00543	0.00472	0.00136	0.00919	0.00345	0.00278	0.00612
60	0.85377	0.01007	0.00765	0.00685	0.01007	0.01168	0.00564	0.01531	0.00886	0.02336	0.00725	0.00846	0.00564	0.00483	0.00322	0.00161	0.00403	0.00282	0.00322	0.00564
61	0.01182	0.01112	0.01872	0.14063	0.58752	0.01140	0.01450	0.01489	0.01198	0.01692	0.09803	0.01601	0.01274	0.00541	0.00528	0.00158	0.00587	0.00518	0.00290	0.00751
62	0.01270	0.01218	0.02079	0.08061	0.73736	0.01232	0.01589	0.01581	0.01177	0.01678	0.00976	0.01295	0.00817	0.00468	0.00516	0.00156	0.00623	0.00464	0.00256	0.00809
63	0.00629	0.00528	0.00547	0.00542	0.00712	0.00446	0.00407	0.00774	0.01220	0.01485	0.13615	0.04883	0.69850	0.01290	0.00615	0.00174	0.00262	0.01081	0.00494	0.00446

[dist]
# distance from previous block
# <min> <max>
0	2

[block]
# block no. 5 follows, 47 sequences, length 63
# corresponding to MSA columns:
# 899-961
name=unknown_F
#
# <colnr> <probs for GDERKNQSTAVLIFYWHMCP>
#	G	D	E	R	K	N	Q	S	T	A	V	L	I	F	Y	W	H	M	C	P
0	0.01114	0.09860	0.01262	0.00785	0.01245	0.00845	0.00647	0.01339	0.01077	0.01645	0.00903	0.01053	0.00760	0.00392	0.00380	0.00081	0.00405	0.00305	0.00299	0.75602
1	0.01080	0.00926	0.01080	0.00771	0.01234	0.00694	0.00617	0.01311	0.01080	0.01697	0.00926	0.01080	0.00771	0.00386	0.00386	0.00077	0.00386	0.00309	0.00309	0.84882
2	0.01832	0.01266	0.01391	0.01114	0.01492	0.01385	0.00905	0.42824	0.24749	0.14937	0.01638	0.01540	0.01160	0.00653	0.00524	0.00163	0.00504	0.00513	0.00543	0.00867
3	0.76187	0.01057	0.00853	0.00741	0.01074	0.01217	0.00611	0.09815	0.01058	0.02441	0.00783	0.00891	0.00599	0.00499	0.00344	0.00161	0.00422	0.00303	0.00344	0.00599
4	0.00905	0.00452	0.00678	0.00678	0.00678	0.00452	0.00452	0.00678	0.00678	0.00905	0.00905	0.01583	0.00905	0.01809	0.02035	0.84848	0.00452	0.00452	0.00226	0.00226
5	0.01272	0.01286	0.02391	0.02907	0.56580	0.01260	0.23246	0.01618	0.01198	0.01692	0.01001	0.01322	0.00815	0.00457	0.00544	0.00161	0.00694	0.00507	0.00259	0.00790
6	0.00971	0.00485	0.00485	0.00485	0.00607	0.00485	0.00364	0.01213	0.01092	0.01942	0.01699	0.01942	0.01335	0.00607	0.00364	0.00121	0.00243	0.00485	0.84589	0.00485
7	0.01073	0.02497	0.67429	0.01593	0.02325	0.01226	0.13298	0.01652	0.01119	0.01652	0.00953	0.01146	0.00680	0.00486	0.00513	0.00167	0.00786	0.00420	0.00227	0.00759
8	0.01260	0.01216	0.02099	0.09897	0.69324	0.01233	0.04157	0.01577	0.01175	0.01668	0.00977	0.01302	0.00812	0.00468	0.00519	0.00157	0.00634	0.00469	0.00256	0.00799
9	0.00971	0.00485	0.00485	0.00485	0.00607	0.00485	0.00364	0.01213	0.01092	0.01942	0.01699	0.01942	0.01335	0.00607	0.00364	0.00121	0.00243	0.00485	0.84589	0.00485
10	0.01363	0.75303	0.09180	0.00941	0.01414	0.01989	0.00978	0.01567	0.01062	0.01261	0.00742	0.00858	0.00668	0.00450	0.00348	0.00116	0.00575	0.00287	0.00223	0.00677
11	0.00632	0.00461	0.00596	0.00703	0.00750	0.00425	0.00474	0.00728	0.01018	0.01338	0.03135	0.72946	0.11686	0.01597	0.00659	0.00208	0.00298	0.01438	0.00483	0.00425
12	0.01283	0.01092	0.01221	0.09804	0.01600	0.01269	0.00892	0.02604	0.67471	0.03710	0.01987	0.01878	0.01485	0.00685	0.00529	0.00176	0.00444	0.00574	0.00499	0.00799
13	0.01855	0.02251	0.10040	0.01322	0.01682	0.51600	0.01103	0.20567	0.01676	0.01814	0.00930	0.01034	0.00723	0.00554	0.00485	0.00143	0.00830	0.00374	0.00326	0.00692
14	0.11139	0.02319	0.01397	0.01269	0.01544	0.70964	0.00957	0.02019	0.01411	0.01392	0.00796	0.00929	0.00659	0.00531	0.00453	0.00137	0.00880	0.00330	0.00274	0.00599
15	0.00634	0.00453	0.00604	0.00725	0.00755	0.00423	0.00483	0.00725	0.00997	0.01329	0.02870	0.81358	0.03444	0.01632	0.00665	0.00211	0.00302	0.01480	0.00483	0.00423
16	0.00905	0.00452	0.00678	0.00678	0.00678	0.00452	0.00452	0.00678	0.00678	0.00905	0.00905	0.01583	0.00905	0.01809	0.02035	0.84848	0.00452	0.00452	0.00226	0.00226
17	0.00634	0.00453	0.00604	0.00725	0.00755	0.00423	0.00483	0.00725	0.00997	0.01329	0.02870	0.81358	0.03444	0.01632	0.00665	0.00211	0.00302	0.01480	0.00483	0.00423
18	0.01945	0.02482	0.01476	0.01342	0.01610	0.79608	0.01006	0.02079	0.01476	0.01275	0.00805	0.00939	0.00671	0.00537	0.00470	0.00134	0.00939	0.00335	0.00268	0.00604
19	0.00634	0.00453	0.00604	0.00725	0.00755	0.00423	0.00483	0.00725	0.00997	0.01329	0.02870	0.81358	0.03444	0.01632	0.00665	0.00211	0.00302	0.01480	0.00483	0.00423
20	0.01371	0.01156	0.01220	0.01075	0.01383	0.01331	0.00843	0.10915	0.69238	0.02300	0.02024	0.01867	0.01512	0.00698	0.00529	0.00174	0.00430	0.00576	0.00529	0.00831
21	0.01392	0.82012	0.02729	0.00891	0.01337	0.02061	0.00891	0.01559	0.01058	0.01225	0.00724	0.00835	0.00668	0.00446	0.00334	0.00111	0.00557	0.00278	0.00223	0.00668
22	0.85377	0.01007	0.00765	0.00685	0.01007	0.01168	0.00564	0.01531	0.00886	0.02336	0.00725	0.00846	0.00564	0.00483	0.00322	0.00161	0.00403	0.00282	0.00322	0.00564
23	0.02008	0.01413	0.01534	0.01176	0.01592	0.01547	0.00972	0.70765	0.02372	0.09339	0.01315	0.01292	0.00918	0.00627	0.00521	0.00157	0.00563	0.00473	0.00531	0.00886
24	0.00615	0.00528	0.00528	0.00528	0.00703	0.00440	0.00396	0.00747	0.01187	0.01407	0.05276	0.05012	0.78238	0.01319	0.00615	0.00176	0.00264	0.01099	0.00484	0.00440
25	0.00766	0.00583	0.00801	0.00883	0.00943	0.00618	0.00688	0.00915	0.01050	0.01406	0.02587	0.44489	0.02974	0.01481	0.00800	0.00224	0.09232	0.28647	0.00454	0.00460
26	0.00971	0.00485	0.00485	0.00485	0.00607	0.00485	0.00364	0.01213	0.01092	0.01942	0.01699	0.01942	0.01335	0.00607	0.00364	0.00121	0.00243	0.00485	0.84589	0.00485
27	0.85377	0.01007	0.00765	0.00685	0.01007	0.01168	0.00564	0.01531	0.00886	0.02336	0.00725	0.00846	0.00564	0.00483	0.00322	0.00161	0.00403	0.00282	0.00322	0.00564
28	0.00983	0.00926	0.01562	0.80447	0.03587	0.01157	0.01446	0.01331	0.01041	0.01331	0.00926	0.01388	0.00694	0.00521	0.00521	0.00174	0.00694	0.00463	0.00231	0.00579
29	0.01280	0.01228	0.02097	0.05552	0.76166	0.01235	0.01594	0.01590	0.01181	0.01690	0.00978	0.01292	0.00821	0.00466	0.00516	0.00155	0.00621	0.00464	0.00257	0.00817
30	0.00797	0.00579	0.00629	0.00624	0.00644	0.03235	0.00376	0.00822	0.00791	0.01041	0.01585	0.03173	0.01786	0.70342	0.11058	0.00529	0.00618	0.00721	0.00310	0.00342
31	0.00756	0.00510	0.00591	0.00591	0.00600	0.00518	0.00345	0.00772	0.00764	0.01027	0.01619	0.03289	0.01842	0.74916	0.09362	0.00534	0.00582	0.00740	0.00312	0.00329
32	0.01392	0.82012	0.02729	0.00891	0.01337	0.02061	0.00891	0.01559	0.01058	0.01225	0.00724	0.00835	0.00668	0.00446	0.00334	0.00111	0.00557	0.00278	0.00223	0.00668
33	0.85377	0.01007	0.00765	0.00685	0.01007	0.01168	0.00564	0.01531	0.00886	0.02336	0.00725	0.00846	0.00564	0.00483	0.00322	0.00161	0.00403	0.00282	0.00322	0.00564
34	0.01863	0.01401	0.01497	0.01175	0.01571	0.01561	0.00962	0.64147	0.15204	0.03094	0.01398	0.01368	0.01005	0.00639	0.00522	0.00160	0.00546	0.00489	0.00522	0.00875
35	0.85377	0.01007	0.00765	0.00685	0.01007	0.01168	0.00564	0.01531	0.00886	0.02336	0.00725	0.00846	0.00564	0.00483	0.00322	0.00161	0.00403	0.00282	0.00322	0.00564
36	0.85377	0.01007	0.00765	0.00685	0.01007	0.01168	0.00564	0.01531	0.00886	0.02336	0.00725	0.00846	0.00564	0.00483	0.00322	0.00161	0.00403	0.00282	0.00322	0.00564
37	0.01945	0.02482	0.01476	0.01342	0.01610	0.79608	0.01006	0.02079	0.01476	0.01275	0.00805	0.00939	0.00671	0.00537	0.00470	0.00134	0.00939	0.00335	0.00268	0.00604
38	0.01435	0.69100	0.06580	0.00972	0.01415	0.10561	0.00958	0.01621	0.01106	0.01253	0.00744	0.00861	0.00668	0.00458	0.00357	0.00117	0.00610	0.00290	0.00228	0.00666
39	0.01139	0.01139	0.01595	0.01367	0.01367	0.01595	0.01139	0.01253	0.00798	0.01253	0.00684	0.01139	0.00684	0.00911	0.01709	0.00228	0.80745	0.00456	0.00228	0.00570
40	0.02336	0.00886	0.01209	0.00927	0.01329	0.00765	0.00765	0.02538	0.01491	0.78810	0.02055	0.01773	0.01289	0.00645	0.00524	0.00161	0.00443	0.00524	0.00645	0.00886
41	0.00817	0.00776	0.09334	0.00762	0.00958	0.00574	0.00658	0.01087	0.01392	0.04606	0.60487	0.10264	0.04192	0.01037	0.00602	0.00168	0.00315	0.00913	0.00529	0.00530
42	0.01356	0.02415	0.44967	0.01526	0.02112	0.23337	0.11683	0.01795	0.01233	0.03465	0.00942	0.01112	0.00696	0.00503	0.00504	0.00158	0.00824	0.00405	0.00250	0.00717
43	0.01115	0.01104	0.01549	0.01335	0.01341	0.01538	0.01110	0.01234	0.00800	0.01251	0.00727	0.01195	0.00721	0.01094	0.06461	0.00265	0.75906	0.00462	0.00231	0.00563
44	0.00745	0.00556	0.00826	0.00826	0.00915	0.00645	0.00637	0.00923	0.00834	0.01201	0.01405	0.02103	0.01327	0.07189	0.76386	0.00823	0.01357	0.00566	0.00281	0.00459
45	0.01155	0.01122	0.01875	0.44876	0.26242	0.03162	0.08771	0.03763	0.01157	0.01535	0.00961	0.01344	0.00749	0.00499	0.00527	0.00166	0.00691	0.00475	0.00252	0.00676
46	0.01031	0.04071	0.52741	0.01371	0.03462	0.01083	0.06867	0.01523	0.01185	0.03244	0.14612	0.01729	0.03591	0.00615	0.00525	0.00164	0.00657	0.00520	0.00301	0.00708
47	0.01183	0.00987	0.01061	0.00971	0.01218	0.01121	0.00748	0.02364	0.60448	0.02057	0.08355	0.02366	0.01934	0.06402	0.00687	0.00199	0.00403	0.03679	0.03080	0.00737
48	0.36330	0.01537	0.01425	0.03501	0.08792	0.24748	0.09215	0.05759	0.01218	0.01908	0.00843	0.01014	0.00666	0.00501	0.00433	0.00154	0.00654	0.00367	0.00302	0.00634
49	0.00745	0.00555	0.00822	0.00822	0.00910	0.00643	0.00633	0.00921	0.00833	0.01198	0.01408	0.02120	0.01334	0.08140	0.75444	0.00819	0.01346	0.00569	0.00281	0.00457
50	0.01080	0.00926	0.01080	0.00771	0.01234	0.00694	0.00617	0.01311	0.01080	0.01697	0.00926	0.01080	0.00771	0.00386	0.00386	0.00077	0.00386	0.00309	0.00309	0.84882
51	0.00634	0.00453	0.00604	0.00725	0.00755	0.00423	0.00483	0.00725	0.00997	0.01329	0.02870	0.81358	0.03444	0.01632	0.00665	0.00211	0.00302	0.01480	0.00483	0.00423
52	0.02160	0.00847	0.01152	0.00897	0.01269	0.00735	0.00735	0.02367	0.01489	0.70357	0.10442	0.02006	0.01688	0.00691	0.00534	0.00161	0.00421	0.00570	0.00637	0.00843
53	0.00737	0.00532	0.00696	0.00655	0.00778	0.00491	0.00491	0.00983	0.01474	0.02088	0.78175	0.03890	0.04914	0.01065	0.00614	0.00164	0.00246	0.00942	0.00573	0.00491
54	0.01289	0.01237	0.02114	0.03196	0.78450	0.01237	0.01598	0.01598	0.01186	0.01701	0.00980	0.01289	0.00825	0.00464	0.00516	0.00155	0.00619	0.00464	0.00258	0.00825
55	0.00634	0.00453	0.00604	0.00725	0.00755	0.00423	0.00483	0.00725	0.00997	0.01329	0.02870	0.81358	0.03444	0.01632	0.00665	0.00211	0.00302	0.01480	0.00483	0.00423
56	0.85377	0.01007	0.00765	0.00685	0.01007	0.01168	0.00564	0.01531	0.00886	0.02336	0.00725	0.00846	0.00564	0.00483	0.00322	0.00161	0.00403	0.00282	0.00322	0.00564
57	0.01295	0.01119	0.01178	0.01060	0.01354	0.01295	0.00824	0.02767	0.77509	0.02178	0.02120	0.01943	0.01590	0.00707	0.00530	0.00177	0.00412	0.00589	0.00530	0.00824
58	0.00615	0.00528	0.00528	0.00528	0.00703	0.00440	0.00396	0.00747	0.01187	0.01407	0.05276	0.05012	0.78238	0.01319	0.00615	0.00176	0.00264	0.01099	0.00484	0.00440
59	0.01406	0.01289	0.01233	0.01099	0.01397	0.09943	0.00854	0.06967	0.64791	0.02143	0.01924	0.01792	0.01448	0.00683	0.00523	0.00171	0.00480	0.00554	0.00501	0.00804
60	0.04779	0.00993	0.01268	0.01025	0.03504	0.00939	0.00815	0.14921	0.03183	0.58337	0.03510	0.01692	0.01271	0.00642	0.00519	0.00161	0.00464	0.00516	0.00599	0.00865
61	0.01354	0.68390	0.07324	0.01070	0.01544	0.01928	0.09290	0.01577	0.01079	0.01299	0.00773	0.00914	0.00681	0.00448	0.00375	0.00122	0.00605	0.00322	0.00227	0.00678
