[name]
unknown

[dist]
# distance from previous block
# <min> <max>
47	205

[block]
# block no. 0 follows, 48 sequences, length 11
# corresponding to MSA columns:
# 241-251
name=unknown_A
#
# <colnr> <probs for GDERKNQSTAVLIFYWHMCP>
#	G	D	E	R	K	N	Q	S	T	A	V	L	I	F	Y	W	H	M	C	P
0	0.01491	0.21880	0.01797	0.01191	0.01428	0.22952	0.00996	0.09220	0.04878	0.01478	0.00840	0.01043	0.00729	0.00645	0.00839	0.00161	0.27135	0.00381	0.00277	0.00638
1	0.06486	0.00882	0.01158	0.00889	0.01286	0.00769	0.00732	0.02354	0.01406	0.69065	0.01869	0.01646	0.01193	0.00607	0.00495	0.00152	0.00430	0.00487	0.00593	0.07499
2	0.01372	0.82276	0.02689	0.00878	0.01317	0.02030	0.00878	0.01536	0.01043	0.01207	0.00713	0.00823	0.00658	0.00439	0.00329	0.00110	0.00549	0.00274	0.00219	0.00658
3	0.01917	0.02445	0.01454	0.01322	0.01586	0.79907	0.00991	0.02049	0.01454	0.01256	0.00793	0.00925	0.00661	0.00529	0.00463	0.00132	0.00925	0.00330	0.00264	0.00595
4	0.00726	0.00524	0.00686	0.00646	0.00767	0.00484	0.00484	0.00968	0.01452	0.02058	0.78496	0.03833	0.04841	0.01049	0.00605	0.00161	0.00242	0.00928	0.00565	0.00484
5	0.02302	0.00873	0.01191	0.00913	0.01310	0.00754	0.00754	0.02501	0.01469	0.79122	0.02024	0.01746	0.01270	0.00635	0.00516	0.00159	0.00437	0.00516	0.00635	0.00873
6	0.00606	0.00520	0.00520	0.00520	0.00693	0.00433	0.00390	0.00736	0.01170	0.01386	0.05198	0.04938	0.78558	0.01299	0.00606	0.00173	0.00260	0.01083	0.00476	0.00433
7	0.00625	0.00447	0.00595	0.00714	0.00744	0.00417	0.00476	0.00714	0.00982	0.01310	0.02828	0.81633	0.03394	0.01608	0.00655	0.00208	0.00298	0.01459	0.00476	0.00417
8	0.54830	0.01039	0.01019	0.00883	0.01128	0.01256	0.00729	0.04260	0.03587	0.05760	0.00833	0.01000	0.00665	0.00601	0.00678	0.00175	0.20292	0.00349	0.00324	0.00593
9	0.25783	0.05648	0.26959	0.09146	0.01794	0.07408	0.01205	0.09348	0.01166	0.01888	0.00860	0.01032	0.00651	0.00521	0.00493	0.00160	0.04631	0.00361	0.00282	0.00665
10	0.11858	0.03674	0.01503	0.01183	0.01519	0.16977	0.08440	0.15436	0.09620	0.16969	0.01252	0.01291	0.00913	0.00591	0.00570	0.00159	0.06463	0.00445	0.00410	0.00726

[dist]
# distance from previous block
# <min> <max>
1	7

[block]
# block no. 1 follows, 48 sequences, length 36
# corresponding to MSA columns:
# 259-294
name=unknown_B
#
# <colnr> <probs for GDERKNQSTAVLIFYWHMCP>
#	G	D	E	R	K	N	Q	S	T	A	V	L	I	F	Y	W	H	M	C	P
0	0.03282	0.04385	0.01202	0.06240	0.01378	0.07647	0.02561	0.22186	0.03723	0.07935	0.02307	0.10248	0.19493	0.00843	0.00530	0.00160	0.00484	0.00690	0.00439	0.04268
1	0.01178	0.01049	0.01476	0.01804	0.33471	0.01016	0.01042	0.04691	0.13692	0.01821	0.05753	0.03462	0.03294	0.00565	0.00487	0.00138	0.00474	0.00503	0.00351	0.23734
2	0.02966	0.18698	0.05026	0.27494	0.05178	0.03209	0.01118	0.01322	0.00975	0.01301	0.00961	0.05426	0.00895	0.06049	0.00852	0.00190	0.17037	0.00476	0.00247	0.00581
3	0.01148	0.01460	0.21751	0.09967	0.01859	0.01198	0.06255	0.06998	0.13104	0.03173	0.04391	0.04493	0.01169	0.00684	0.00724	0.00176	0.14492	0.02323	0.00332	0.04303
4	0.01122	0.00999	0.01352	0.01434	0.23105	0.00835	0.00881	0.01372	0.01093	0.01673	0.00927	0.01122	0.00775	0.00402	0.00416	0.00098	0.00445	0.00347	0.00290	0.61312
5	0.00827	0.00591	0.00827	0.00945	0.01063	0.00591	0.00827	0.01063	0.01181	0.01536	0.02717	0.05788	0.02953	0.01417	0.00709	0.00236	0.00472	0.75313	0.00472	0.00472
6	0.01890	0.01407	0.01506	0.01168	0.01568	0.01563	0.00961	0.70359	0.09208	0.03136	0.01309	0.01293	0.00935	0.00623	0.00514	0.00156	0.00550	0.00473	0.00514	0.00867
7	0.01149	0.00912	0.00982	0.02743	0.01148	0.06004	0.00630	0.01517	0.13496	0.08097	0.04992	0.08547	0.01526	0.14957	0.00849	0.00194	0.00440	0.00575	0.00390	0.30852
8	0.01719	0.00988	0.04242	0.05475	0.03187	0.00831	0.00826	0.06938	0.01363	0.39903	0.02808	0.01594	0.01132	0.00571	0.00482	0.00138	0.00457	0.02255	0.00481	0.24609
9	0.00969	0.00912	0.01539	0.80734	0.03534	0.01140	0.01425	0.01311	0.01026	0.01311	0.00912	0.01368	0.00684	0.00513	0.00513	0.00171	0.00684	0.00456	0.00228	0.00570
10	0.01127	0.01073	0.01824	0.40109	0.42928	0.01181	0.01503	0.01449	0.01101	0.01502	0.00940	0.01317	0.00751	0.00484	0.00510	0.00161	0.00645	0.00457	0.00242	0.00697
11	0.02985	0.00603	0.00609	0.00566	0.00728	0.00617	0.00436	0.09799	0.01232	0.02027	0.01905	0.02072	0.07909	0.00658	0.00397	0.00129	0.00282	0.00524	0.66002	0.00521
12	0.00942	0.00480	0.00484	0.00484	0.00595	0.00480	0.00356	0.01166	0.01054	0.01852	0.01670	0.02009	0.01352	0.06013	0.00509	0.00145	0.00256	0.00496	0.79192	0.00467
13	0.00746	0.00497	0.00560	0.00560	0.00560	0.00497	0.00311	0.00746	0.00746	0.00995	0.01617	0.03358	0.01865	0.81967	0.02612	0.00497	0.00497	0.00746	0.00311	0.00311
14	0.00655	0.00522	0.00587	0.00571	0.00723	0.00454	0.00428	0.00830	0.01284	0.01658	0.34908	0.04490	0.48679	0.01198	0.00606	0.00168	0.00253	0.01020	0.00512	0.00454
15	0.17164	0.00875	0.01039	0.00833	0.01172	0.00834	0.00675	0.06510	0.01353	0.49203	0.03458	0.01902	0.06368	0.05583	0.00615	0.00180	0.00425	0.00529	0.00539	0.00744
16	0.01902	0.01390	0.01488	0.01146	0.01543	0.01537	0.00945	0.73354	0.02347	0.03169	0.01253	0.01265	0.00894	0.00615	0.00506	0.00152	0.00549	0.00463	0.04627	0.00853
17	0.00629	0.00450	0.00599	0.00712	0.00745	0.00420	0.00477	0.00725	0.01002	0.01340	0.05919	0.78455	0.03453	0.01585	0.00653	0.00206	0.00295	0.01437	0.00480	0.00420
18	0.00872	0.00545	0.00718	0.00747	0.00865	0.00495	0.00547	0.01015	0.01127	0.10406	0.12202	0.48655	0.05695	0.01336	0.00623	0.00192	0.00327	0.08519	0.00497	0.04616
19	0.00643	0.00470	0.00605	0.00679	0.00743	0.00432	0.00468	0.00767	0.01097	0.01467	0.18179	0.57729	0.11901	0.01462	0.00640	0.00195	0.00282	0.01312	0.00494	0.00432
20	0.00946	0.00482	0.00495	0.00495	0.00613	0.00486	0.00372	0.01182	0.01064	0.01878	0.01659	0.01918	0.01314	0.00756	0.04242	0.00154	0.00295	0.00482	0.80690	0.00477
21	0.00706	0.00495	0.00589	0.00605	0.00650	0.00473	0.00386	0.00784	0.00972	0.01306	0.17744	0.19294	0.09213	0.42669	0.01644	0.00344	0.00386	0.00954	0.00409	0.00378
22	0.00681	0.00478	0.00581	0.00638	0.00669	0.00457	0.00407	0.00741	0.00908	0.01200	0.03870	0.39924	0.08246	0.35648	0.01481	0.00328	0.00382	0.02578	0.00408	0.00375
23	0.02027	0.00966	0.01206	0.00963	0.01334	0.00937	0.00783	0.07410	0.20322	0.55241	0.01988	0.01754	0.01317	0.00649	0.00517	0.00162	0.00437	0.00528	0.00599	0.00858
24	0.00685	0.00512	0.00636	0.00628	0.00747	0.00463	0.00462	0.00880	0.01321	0.01800	0.51292	0.15666	0.20645	0.01187	0.00613	0.00171	0.00254	0.01041	0.00532	0.00463
25	0.00697	0.00519	0.00631	0.00608	0.00728	0.00472	0.00444	0.00884	0.01303	0.01772	0.51325	0.05855	0.22349	0.09207	0.00807	0.00199	0.00273	0.00960	0.00516	0.00453
26	0.24343	0.00860	0.00870	0.00767	0.01014	0.00913	0.00605	0.16713	0.04141	0.03815	0.17364	0.09474	0.15446	0.00875	0.00507	0.00166	0.00369	0.00707	0.00463	0.00588
27	0.00746	0.00497	0.00560	0.00560	0.00560	0.00497	0.00311	0.00746	0.00746	0.00995	0.01617	0.03358	0.01865	0.81967	0.02612	0.00497	0.00497	0.00746	0.00311	0.00311
28	0.00682	0.00502	0.00638	0.00648	0.00751	0.00458	0.00469	0.00866	0.01282	0.01758	0.47448	0.25939	0.14178	0.01240	0.00619	0.00176	0.00260	0.01098	0.00528	0.00458
29	0.00894	0.00464	0.00702	0.03785	0.00780	0.00473	0.00484	0.00693	0.00682	0.00908	0.00892	0.01552	0.00883	0.01733	0.01947	0.81767	0.00455	0.00446	0.00223	0.00236
30	0.00643	0.00490	0.00591	0.00631	0.00732	0.00438	0.00448	0.00782	0.01159	0.01514	0.21657	0.36681	0.29642	0.01368	0.00626	0.00185	0.00271	0.01203	0.00497	0.00438
31	0.00656	0.00517	0.00592	0.00583	0.00726	0.00453	0.00434	0.00828	0.01271	0.01652	0.34606	0.09596	0.43822	0.01219	0.00609	0.00171	0.00255	0.01045	0.00512	0.00453
32	0.01064	0.00912	0.01064	0.00760	0.01216	0.00684	0.00608	0.01292	0.01064	0.01672	0.00912	0.01064	0.00760	0.00380	0.00380	0.00076	0.00380	0.00304	0.00304	0.85104
33	0.00956	0.00478	0.00478	0.00478	0.00598	0.00478	0.00359	0.01196	0.01076	0.01913	0.01674	0.01913	0.01315	0.00598	0.00359	0.00120	0.00239	0.00478	0.84816	0.00478
34	0.34600	0.01470	0.01216	0.01012	0.01356	0.17420	0.00815	0.32235	0.01616	0.02466	0.00940	0.01014	0.00706	0.00544	0.00427	0.00151	0.00573	0.00363	0.00386	0.00692
35	0.01489	0.31533	0.13015	0.01333	0.06526	0.28797	0.05667	0.01730	0.01210	0.01349	0.00810	0.00963	0.00677	0.00476	0.00427	0.00131	0.00728	0.00341	0.00241	0.02557

[dist]
# distance from previous block
# <min> <max>
0	5

[block]
# block no. 2 follows, 48 sequences, length 51
# corresponding to MSA columns:
# 300-307,311-336,339-355
name=unknown_C
#
# <colnr> <probs for GDERKNQSTAVLIFYWHMCP>
#	G	D	E	R	K	N	Q	S	T	A	V	L	I	F	Y	W	H	M	C	P
0	0.01803	0.01181	0.01410	0.01263	0.09196	0.01245	0.00931	0.37998	0.10885	0.20754	0.06717	0.01613	0.01310	0.00643	0.00521	0.00158	0.00498	0.00520	0.00520	0.00833
1	0.00956	0.00478	0.00478	0.00478	0.00598	0.00478	0.00359	0.01196	0.01076	0.01913	0.01674	0.01913	0.01315	0.00598	0.00359	0.00120	0.00239	0.00478	0.84816	0.00478
2	0.01151	0.00965	0.01122	0.02481	0.01302	0.00785	0.00662	0.08908	0.01199	0.01821	0.00944	0.01087	0.00770	0.00407	0.00396	0.00086	0.00405	0.00323	0.00323	0.74863
3	0.02178	0.00877	0.01178	0.00898	0.01300	0.00747	0.00739	0.02379	0.01428	0.71337	0.01912	0.01678	0.01219	0.00609	0.00502	0.00150	0.00431	0.00495	0.00602	0.09339
4	0.00983	0.00829	0.01187	0.19599	0.12427	0.00797	0.00892	0.01235	0.01151	0.03452	0.15578	0.07354	0.06059	0.00685	0.00505	0.00141	0.00446	0.00602	0.00357	0.25722
5	0.21345	0.00805	0.00881	0.00751	0.01016	0.00808	0.00600	0.09059	0.01381	0.19390	0.26352	0.02525	0.11475	0.00807	0.00508	0.00161	0.00357	0.00653	0.00506	0.00621
6	0.01245	0.52714	0.31137	0.01095	0.01653	0.01719	0.01256	0.01569	0.01058	0.01362	0.00790	0.00920	0.00655	0.00457	0.00388	0.00129	0.00627	0.00313	0.00218	0.00696
7	0.00992	0.00956	0.01678	0.73410	0.03455	0.01155	0.08461	0.01342	0.01043	0.01342	0.00924	0.01369	0.00693	0.00505	0.00522	0.00171	0.00701	0.00470	0.00231	0.00581
8	0.00851	0.00607	0.00805	0.00727	0.00908	0.00547	0.04848	0.01070	0.03035	0.08474	0.30933	0.12540	0.30448	0.01121	0.00601	0.00172	0.00311	0.00980	0.00511	0.00512
9	0.01207	0.01155	0.01969	0.19345	0.63062	0.01203	0.01543	0.01520	0.01139	0.01600	0.00954	0.01290	0.00786	0.00469	0.00509	0.00156	0.00625	0.00457	0.00249	0.00762
10	0.01423	0.01069	0.01165	0.01025	0.01331	0.01201	0.00804	0.02694	0.66878	0.13195	0.02079	0.01890	0.01524	0.00687	0.00521	0.00172	0.00410	0.00571	0.00538	0.00821
11	0.01089	0.01104	0.01860	0.11630	0.01909	0.01334	0.21599	0.01306	0.00928	0.01331	0.00898	0.01449	0.00823	0.08871	0.01336	0.00231	0.40965	0.00522	0.00243	0.00573
12	0.01917	0.02445	0.01454	0.01322	0.01586	0.79907	0.00991	0.02049	0.01454	0.01256	0.00793	0.00925	0.00661	0.00529	0.00463	0.00132	0.00925	0.00330	0.00264	0.00595
13	0.00891	0.00446	0.00668	0.00668	0.00668	0.00446	0.00446	0.00668	0.00668	0.00891	0.00891	0.01560	0.00891	0.01783	0.02005	0.85071	0.00446	0.00446	0.00223	0.00223
14	0.00643	0.00477	0.00573	0.00637	0.00702	0.00440	0.00427	0.00730	0.00989	0.01273	0.03230	0.45681	0.23439	0.15555	0.02536	0.00261	0.00343	0.01215	0.00444	0.00404
15	0.01507	0.01767	0.01542	0.30969	0.09186	0.43651	0.01204	0.01733	0.01270	0.01314	0.00853	0.01120	0.00683	0.00517	0.00485	0.00148	0.00808	0.00388	0.00250	0.00605
16	0.01837	0.02317	0.01412	0.01288	0.01541	0.74547	0.00968	0.01972	0.01412	0.01251	0.00832	0.00999	0.00703	0.00753	0.05837	0.00179	0.00956	0.00345	0.00265	0.00586
17	0.00733	0.00550	0.00825	0.00825	0.00916	0.00641	0.00641	0.00916	0.00825	0.01191	0.01374	0.02016	0.01283	0.03848	0.79934	0.00825	0.01374	0.00550	0.00275	0.00458
18	0.01230	0.01701	0.30201	0.01209	0.01681	0.01266	0.01226	0.07344	0.44241	0.02026	0.01597	0.01560	0.01179	0.00613	0.00509	0.00168	0.00548	0.00498	0.00408	0.00796
19	0.01257	0.01264	0.01929	0.20955	0.51986	0.08297	0.03832	0.01558	0.01162	0.01553	0.00940	0.01265	0.00768	0.00476	0.00508	0.00156	0.00663	0.00450	0.00249	0.00733
20	0.00964	0.00589	0.00667	0.00609	0.00819	0.00503	0.00470	0.01122	0.01254	0.16797	0.11830	0.04104	0.53506	0.01121	0.00581	0.00168	0.00292	0.00937	0.03141	0.00526
21	0.01029	0.02654	0.79309	0.01462	0.02221	0.01192	0.01896	0.01625	0.01083	0.01625	0.00921	0.01083	0.00650	0.00487	0.00487	0.00162	0.00758	0.00379	0.00217	0.00758
22	0.00624	0.00451	0.00590	0.00701	0.00741	0.00418	0.00470	0.00716	0.00995	0.01315	0.02988	0.76446	0.08476	0.01587	0.00652	0.00206	0.00295	0.01433	0.00476	0.00418
23	0.01200	0.01140	0.01934	0.09833	0.66850	0.01158	0.01487	0.01493	0.01143	0.01619	0.01086	0.06713	0.00976	0.00540	0.00518	0.00158	0.00595	0.00525	0.00267	0.00765
24	0.81916	0.00987	0.00773	0.00685	0.01006	0.01134	0.00564	0.01552	0.00899	0.05692	0.00772	0.00874	0.00587	0.00483	0.00326	0.00159	0.00399	0.00288	0.00332	0.00570
25	0.48411	0.01048	0.08721	0.00913	0.06314	0.00979	0.00740	0.01378	0.01071	0.02126	0.21813	0.01700	0.01743	0.00631	0.00425	0.00159	0.00406	0.00476	0.00370	0.00574
26	0.00663	0.00522	0.00598	0.00579	0.00728	0.00457	0.00435	0.00846	0.01304	0.01704	0.39916	0.04415	0.43642	0.01181	0.00606	0.00168	0.00251	0.01010	0.00518	0.00457
27	0.01729	0.02132	0.01482	0.01328	0.01530	0.61362	0.01022	0.01856	0.01296	0.01251	0.00765	0.00972	0.00664	0.00616	0.00752	0.00154	0.19889	0.00359	0.00255	0.00587
28	0.00693	0.00523	0.00640	0.00611	0.00746	0.00470	0.00458	0.00904	0.01374	0.01872	0.58214	0.04139	0.25239	0.01118	0.00606	0.00165	0.00247	0.00971	0.00540	0.00470
29	0.00726	0.00524	0.00686	0.00646	0.00767	0.00484	0.00484	0.00968	0.01452	0.02058	0.78496	0.03833	0.04841	0.01049	0.00605	0.00161	0.00242	0.00928	0.00565	0.00484
30	0.25904	0.01646	0.22316	0.01112	0.01527	0.09384	0.01092	0.09436	0.04588	0.08772	0.01004	0.01109	0.00744	0.00565	0.00562	0.00164	0.08675	0.00381	0.00332	0.00687
31	0.85592	0.00992	0.00754	0.00675	0.00992	0.01151	0.00556	0.01508	0.00873	0.02302	0.00714	0.00834	0.00556	0.00476	0.00318	0.00159	0.00397	0.00278	0.00318	0.00556
32	0.00672	0.00484	0.00642	0.00688	0.00759	0.00453	0.00485	0.00831	0.01181	0.01631	0.35618	0.45394	0.03956	0.01435	0.03101	0.00207	0.00307	0.01200	0.00508	0.00447
33	0.01015	0.00970	0.01568	0.60361	0.06148	0.01237	0.01366	0.01305	0.00980	0.01309	0.00863	0.01311	0.00687	0.00594	0.00766	0.00182	0.18077	0.00455	0.00228	0.00578
34	0.24596	0.09254	0.01312	0.00917	0.01294	0.01244	0.00771	0.25600	0.01553	0.24060	0.01389	0.01346	0.03363	0.00588	0.00446	0.00153	0.00472	0.00428	0.00464	0.00751
35	0.01002	0.00702	0.01139	0.09388	0.22103	0.00725	0.00850	0.00978	0.00840	0.01146	0.00913	0.01462	0.00849	0.01296	0.01450	0.53544	0.00514	0.00450	0.00232	0.00417
36	0.01371	0.02202	0.50434	0.01358	0.01987	0.01340	0.01554	0.29631	0.01577	0.02222	0.01036	0.01138	0.00733	0.00535	0.00497	0.00159	0.00686	0.00410	0.00327	0.00801
37	0.01533	0.01735	0.01569	0.03657	0.25910	0.39337	0.01155	0.01835	0.07125	0.01485	0.01142	0.01608	0.01008	0.00608	0.00507	0.00153	0.00735	0.07929	0.00301	0.00667
38	0.01917	0.02445	0.01454	0.01322	0.01586	0.79907	0.00991	0.02049	0.01454	0.01256	0.00793	0.00925	0.00661	0.00529	0.00463	0.00132	0.00925	0.00330	0.00264	0.00595
39	0.00625	0.00447	0.00595	0.00714	0.00744	0.00417	0.00476	0.00714	0.00982	0.01310	0.02828	0.81633	0.03394	0.01608	0.00655	0.00208	0.00298	0.01459	0.00476	0.00417
40	0.00644	0.00521	0.00572	0.00560	0.00716	0.00449	0.00420	0.00810	0.01259	0.01599	0.28436	0.04588	0.55188	0.01220	0.00606	0.00169	0.00254	0.01034	0.00504	0.00449
41	0.00746	0.00497	0.00560	0.00560	0.00560	0.00497	0.00311	0.00746	0.00746	0.00995	0.01617	0.03358	0.01865	0.81967	0.02612	0.00497	0.00497	0.00746	0.00311	0.00311
42	0.00740	0.00528	0.00727	0.00845	0.00925	0.00516	0.00676	0.00913	0.01095	0.01438	0.02765	0.38518	0.03143	0.01499	0.00686	0.00224	0.00397	0.43442	0.00474	0.00448
43	0.00743	0.00564	0.00844	0.00838	0.00927	0.00665	0.00654	0.00924	0.00824	0.01192	0.01356	0.01993	0.01267	0.03773	0.77937	0.00809	0.03407	0.00547	0.00274	0.00461
44	0.00969	0.00912	0.01539	0.80734	0.03534	0.01140	0.01425	0.01311	0.01026	0.01311	0.00912	0.01368	0.00684	0.00513	0.00513	0.00171	0.00684	0.00456	0.00228	0.00570
45	0.74459	0.00959	0.00772	0.00688	0.00988	0.01098	0.00562	0.03805	0.00979	0.02307	0.08549	0.01147	0.00996	0.00538	0.00353	0.00159	0.00387	0.00349	0.00348	0.00558
46	0.01427	0.74252	0.02565	0.00923	0.01344	0.09858	0.00889	0.01588	0.01084	0.01212	0.00721	0.00833	0.00659	0.00448	0.00343	0.00112	0.00587	0.00280	0.00224	0.00652
47	0.03487	0.02797	0.01451	0.01533	0.22232	0.00975	0.00988	0.01945	0.01295	0.40159	0.08294	0.01699	0.01373	0.00642	0.00631	0.00163	0.08568	0.00519	0.00468	0.00780
48	0.00713	0.00484	0.00569	0.00602	0.00610	0.00476	0.00356	0.00738	0.00810	0.01080	0.01945	0.24553	0.02279	0.60208	0.02082	0.00419	0.00443	0.00939	0.00356	0.00340
49	0.00746	0.00499	0.00568	0.00568	0.00571	0.00502	0.00321	0.00751	0.00749	0.01001	0.01609	0.03316	0.01847	0.79536	0.05018	0.00508	0.00525	0.00740	0.00310	0.00315
50	0.01085	0.00931	0.01074	0.00789	0.01228	0.00744	0.00629	0.01436	0.08781	0.01720	0.01030	0.01149	0.00841	0.00412	0.00394	0.00086	0.00383	0.00332	0.00326	0.76632

[dist]
# distance from previous block
# <min> <max>
4	13

[block]
# block no. 3 follows, 48 sequences, length 71
# corresponding to MSA columns:
# 370-440
name=unknown_D
#
# <colnr> <probs for GDERKNQSTAVLIFYWHMCP>
#	G	D	E	R	K	N	Q	S	T	A	V	L	I	F	Y	W	H	M	C	P
0	0.01404	0.06442	0.17406	0.18075	0.07667	0.01267	0.01279	0.10935	0.01260	0.15128	0.01101	0.01280	0.00808	0.00592	0.00677	0.00168	0.13018	0.00439	0.00332	0.00720
1	0.01109	0.01047	0.01771	0.39177	0.40114	0.01153	0.01470	0.01428	0.01103	0.01500	0.01022	0.01526	0.00852	0.00528	0.00520	0.00165	0.00638	0.03943	0.00252	0.00684
2	0.01030	0.00945	0.01539	0.75784	0.03413	0.01168	0.01397	0.06024	0.01112	0.01431	0.00932	0.01360	0.00696	0.00519	0.00513	0.00170	0.00677	0.00456	0.00246	0.00589
3	0.01917	0.02445	0.01454	0.01322	0.01586	0.79907	0.00991	0.02049	0.01454	0.01256	0.00793	0.00925	0.00661	0.00529	0.00463	0.00132	0.00925	0.00330	0.00264	0.00595
4	0.85592	0.00992	0.00754	0.00675	0.00992	0.01151	0.00556	0.01508	0.00873	0.02302	0.00714	0.00834	0.00556	0.00476	0.00318	0.00159	0.00397	0.00278	0.00318	0.00556
5	0.00616	0.00520	0.00534	0.00530	0.00699	0.00437	0.00398	0.00756	0.01193	0.01442	0.11260	0.04847	0.72462	0.01279	0.00606	0.00172	0.00258	0.01070	0.00484	0.00437
6	0.00608	0.00515	0.00524	0.00532	0.00696	0.00432	0.00395	0.00735	0.01158	0.01381	0.05050	0.09711	0.73881	0.01319	0.00609	0.00175	0.00262	0.01106	0.00476	0.00432
7	0.01687	0.01183	0.01258	0.00994	0.01327	0.01296	0.00812	0.56913	0.02058	0.02883	0.01349	0.01413	0.00990	0.00611	0.00472	0.00145	0.00478	0.00466	0.22898	0.00768
8	0.00631	0.00451	0.00601	0.00710	0.00746	0.00421	0.00477	0.00730	0.01012	0.01356	0.07537	0.76791	0.03484	0.01573	0.00652	0.00205	0.00294	0.01426	0.00482	0.00421
9	0.00645	0.00521	0.00573	0.00560	0.00717	0.00450	0.00420	0.00811	0.01261	0.01603	0.28842	0.04582	0.54779	0.01219	0.00606	0.00169	0.00254	0.01033	0.00505	0.00450
10	0.78675	0.01029	0.00819	0.00717	0.01042	0.01187	0.00590	0.07756	0.01001	0.02379	0.00757	0.00866	0.00582	0.00488	0.00334	0.00158	0.00411	0.00293	0.00334	0.00582
11	0.01906	0.01415	0.01515	0.01172	0.01574	0.01571	0.00965	0.72174	0.07366	0.03162	0.01288	0.01277	0.00918	0.00621	0.00514	0.00155	0.00554	0.00470	0.00514	0.00869
12	0.01837	0.01381	0.01476	0.01158	0.01548	0.01538	0.00948	0.64566	0.15087	0.03051	0.01376	0.01347	0.00989	0.00629	0.00515	0.00157	0.00538	0.00482	0.00515	0.00862
13	0.85592	0.00992	0.00754	0.00675	0.00992	0.01151	0.00556	0.01508	0.00873	0.02302	0.00714	0.00834	0.00556	0.00476	0.00318	0.00159	0.00397	0.00278	0.00318	0.00556
14	0.01897	0.00996	0.01551	0.01622	0.23341	0.00915	0.05981	0.02142	0.01366	0.50066	0.03659	0.01642	0.01202	0.00582	0.00522	0.00158	0.00509	0.00516	0.00501	0.00834
15	0.00711	0.00524	0.00665	0.00629	0.00757	0.00478	0.00472	0.00939	0.01416	0.01972	0.69121	0.03974	0.14270	0.01081	0.00605	0.00163	0.00244	0.00948	0.00554	0.00478
16	0.04513	0.00876	0.01179	0.00907	0.01301	0.00765	0.00749	0.02474	0.01453	0.77083	0.01990	0.01722	0.01251	0.00631	0.00511	0.00159	0.00436	0.00510	0.00627	0.00865
17	0.00891	0.00446	0.00668	0.00668	0.00668	0.00446	0.00446	0.00668	0.00668	0.00891	0.00891	0.01560	0.00891	0.01783	0.02005	0.85071	0.00446	0.00446	0.00223	0.00223
18	0.00737	0.00534	0.00745	0.00745	0.00809	0.00598	0.00542	0.00865	0.00801	0.01132	0.01447	0.02419	0.01458	0.27317	0.56704	0.00726	0.01111	0.00609	0.00286	0.00414
19	0.01241	0.65656	0.02282	0.00831	0.01205	0.01716	0.00798	0.01421	0.01126	0.01380	0.16527	0.01435	0.01509	0.00563	0.00385	0.00120	0.00486	0.00407	0.00290	0.00623
20	0.01148	0.02135	0.49360	0.01682	0.02341	0.01209	0.27943	0.01670	0.01145	0.05012	0.01010	0.01217	0.00722	0.00475	0.00530	0.00166	0.00781	0.00464	0.00250	0.00740
21	0.00856	0.00635	0.00838	0.00928	0.01055	0.00652	0.00780	0.01222	0.10517	0.01581	0.02654	0.15016	0.02840	0.01354	0.00679	0.00225	0.00442	0.56740	0.00479	0.00507
22	0.00792	0.00772	0.07289	0.00775	0.02435	0.00626	0.00636	0.01161	0.08970	0.01882	0.47491	0.03595	0.19592	0.01008	0.00585	0.00165	0.00312	0.00871	0.00507	0.00535
23	0.01510	0.54318	0.02265	0.01035	0.01395	0.24074	0.00926	0.01662	0.01142	0.01223	0.00733	0.00872	0.00660	0.00495	0.00456	0.00124	0.05941	0.00302	0.00233	0.00634
24	0.01029	0.02654	0.79309	0.01462	0.02221	0.01192	0.01896	0.01625	0.01083	0.01625	0.00921	0.01083	0.00650	0.00487	0.00487	0.00162	0.00758	0.00379	0.00217	0.00758
25	0.01064	0.00912	0.01064	0.00760	0.01216	0.00684	0.00608	0.01292	0.01064	0.01672	0.00912	0.01064	0.00760	0.00380	0.00380	0.00076	0.00380	0.00304	0.00304	0.85104
26	0.00926	0.00748	0.01068	0.01326	0.21547	0.02057	0.00784	0.01162	0.01323	0.04312	0.43116	0.08233	0.09498	0.00926	0.00577	0.00162	0.00363	0.00827	0.00466	0.00577
27	0.02091	0.01010	0.01246	0.00963	0.01349	0.00970	0.00793	0.23517	0.01717	0.52506	0.02008	0.01810	0.06234	0.00673	0.00521	0.00158	0.00461	0.00538	0.00590	0.00844
28	0.00646	0.00513	0.00586	0.00630	0.00761	0.00453	0.00476	0.00784	0.01134	0.01407	0.06150	0.23086	0.48028	0.01383	0.00633	0.00190	0.00299	0.11925	0.00478	0.00436
29	0.01372	0.82276	0.02689	0.00878	0.01317	0.02030	0.00878	0.01536	0.01043	0.01207	0.00713	0.00823	0.00658	0.00439	0.00329	0.00110	0.00549	0.00274	0.00219	0.00658
30	0.00956	0.00478	0.00478	0.00478	0.00598	0.00478	0.00359	0.01196	0.01076	0.01913	0.01674	0.01913	0.01315	0.00598	0.00359	0.00120	0.00239	0.00478	0.84816	0.00478
31	0.01373	0.01218	0.01211	0.01074	0.01372	0.06466	0.00837	0.08751	0.66664	0.02177	0.01933	0.01794	0.01450	0.00679	0.00517	0.00170	0.00453	0.00554	0.00504	0.00803
32	0.00625	0.00447	0.00595	0.00714	0.00744	0.00417	0.00476	0.00714	0.00982	0.01310	0.02828	0.81633	0.03394	0.01608	0.00655	0.00208	0.00298	0.01459	0.00476	0.00417
33	0.00623	0.00487	0.00565	0.00616	0.00721	0.00429	0.00435	0.00741	0.01103	0.01394	0.08800	0.39550	0.39867	0.01423	0.00628	0.00188	0.00276	0.01243	0.00482	0.00429
34	0.01372	0.82276	0.02689	0.00878	0.01317	0.02030	0.00878	0.01536	0.01043	0.01207	0.00713	0.00823	0.00658	0.00439	0.00329	0.00110	0.00549	0.00274	0.00219	0.00658
35	0.01261	0.00647	0.00841	0.00727	0.00952	0.00573	0.00572	0.01472	0.01412	0.28855	0.39657	0.03304	0.14219	0.00948	0.00576	0.00164	0.00317	0.02317	0.00575	0.00612
36	0.01372	0.82276	0.02689	0.00878	0.01317	0.02030	0.00878	0.01536	0.01043	0.01207	0.00713	0.00823	0.00658	0.00439	0.00329	0.00110	0.00549	0.00274	0.00219	0.00658
37	0.20348	0.00916	0.01242	0.28584	0.04812	0.02337	0.05243	0.04922	0.01078	0.01674	0.01356	0.16524	0.01322	0.00771	0.00533	0.00178	0.02003	0.05268	0.00327	0.00563
38	0.01881	0.02134	0.01573	0.01340	0.01656	0.55991	0.05711	0.20245	0.01672	0.01760	0.00915	0.01028	0.00720	0.00544	0.00484	0.00140	0.00834	0.00380	0.00325	0.00668
39	0.80231	0.00999	0.00791	0.00697	0.01020	0.01147	0.00574	0.03473	0.00936	0.05303	0.00778	0.00879	0.00591	0.00486	0.00330	0.00159	0.00403	0.00292	0.00335	0.00576
40	0.01510	0.01172	0.01688	0.20347	0.34375	0.06298	0.01285	0.07259	0.01308	0.17967	0.01184	0.01367	0.00874	0.00524	0.00508	0.00157	0.00608	0.00461	0.00348	0.00759
41	0.01327	0.01094	0.01251	0.01041	0.06408	0.02970	0.00775	0.17646	0.05976	0.03601	0.01074	0.01175	0.00844	0.00463	0.00430	0.00107	0.00451	0.00369	0.00364	0.52633
42	0.01400	0.77552	0.04193	0.00891	0.01335	0.01965	0.00894	0.01575	0.01060	0.04185	0.00768	0.00864	0.00682	0.00447	0.00340	0.00113	0.00549	0.00286	0.00235	0.00669
43	0.00956	0.00478	0.00478	0.00478	0.00598	0.00478	0.00359	0.01196	0.01076	0.01913	0.01674	0.01913	0.01315	0.00598	0.00359	0.00120	0.00239	0.00478	0.84816	0.00478
44	0.00625	0.00447	0.00595	0.00714	0.00744	0.00417	0.00476	0.00714	0.00982	0.01310	0.02828	0.81633	0.03394	0.01608	0.00655	0.00208	0.00298	0.01459	0.00476	0.00417
45	0.00701	0.00523	0.00651	0.00619	0.00751	0.00473	0.00464	0.00919	0.01392	0.01915	0.62903	0.04068	0.20523	0.01102	0.00605	0.00164	0.00246	0.00961	0.00546	0.00473
46	0.00654	0.00494	0.00611	0.00689	0.00780	0.00451	0.00506	0.00783	0.01083	0.01386	0.05161	0.43746	0.26908	0.01469	0.00647	0.00201	0.00313	0.13209	0.00478	0.00432
47	0.01362	0.80075	0.04807	0.00894	0.01342	0.02007	0.00906	0.01539	0.01044	0.01219	0.00719	0.00830	0.00658	0.00440	0.00334	0.00111	0.00555	0.00277	0.00219	0.00661
48	0.01029	0.02654	0.79309	0.01462	0.02221	0.01192	0.01896	0.01625	0.01083	0.01625	0.00921	0.01083	0.00650	0.00487	0.00487	0.00162	0.00758	0.00379	0.00217	0.00758
49	0.00766	0.00573	0.00823	0.00814	0.00900	0.00661	0.00622	0.02565	0.00855	0.01220	0.01415	0.03972	0.01369	0.11375	0.67199	0.00752	0.02792	0.00586	0.00287	0.00454
50	0.85592	0.00992	0.00754	0.00675	0.00992	0.01151	0.00556	0.01508	0.00873	0.02302	0.00714	0.00834	0.00556	0.00476	0.00318	0.00159	0.00397	0.00278	0.00318	0.00556
51	0.01102	0.02164	0.51021	0.01674	0.04083	0.01228	0.23082	0.01698	0.05898	0.01664	0.01028	0.01225	0.00747	0.00484	0.00524	0.00166	0.00763	0.00458	0.00249	0.00744
52	0.00643	0.00460	0.00615	0.00726	0.00766	0.00431	0.00500	0.00750	0.01018	0.01361	0.06482	0.72887	0.03435	0.01568	0.00656	0.00208	0.00306	0.06284	0.00480	0.00424
53	0.54773	0.01500	0.23085	0.00939	0.01390	0.01199	0.00970	0.07729	0.01059	0.02186	0.00815	0.00937	0.00608	0.00491	0.00382	0.00159	0.00513	0.00322	0.00305	0.00639
54	0.01747	0.00754	0.00939	0.00772	0.01063	0.00701	0.00621	0.02064	0.07647	0.45801	0.01907	0.01818	0.01310	0.00627	0.00462	0.00146	0.00365	0.00508	0.30015	0.00730
55	0.00622	0.00533	0.00534	0.00532	0.00708	0.00452	0.00399	0.00782	0.02914	0.01403	0.05127	0.04869	0.76807	0.01286	0.00605	0.00173	0.00263	0.01071	0.00478	0.00442
56	0.01702	0.25147	0.01815	0.01197	0.01492	0.51875	0.00969	0.01842	0.01287	0.01240	0.00762	0.00911	0.00661	0.00530	0.00515	0.00133	0.06739	0.00323	0.00249	0.00611
57	0.01213	0.00983	0.01132	0.00821	0.01269	0.00810	0.00661	0.11681	0.01257	0.03596	0.00980	0.01102	0.00787	0.00418	0.00401	0.00088	0.00406	0.00330	0.00340	0.71724
58	0.04950	0.00562	0.00680	0.00666	0.00814	0.00515	0.00493	0.01036	0.01225	0.10209	0.27299	0.25774	0.21468	0.01194	0.00596	0.00177	0.00291	0.01038	0.00514	0.00499
59	0.01951	0.01437	0.01540	0.01181	0.01591	0.01591	0.00975	0.77056	0.02412	0.03234	0.01232	0.01232	0.00873	0.00616	0.00513	0.00154	0.00565	0.00462	0.00513	0.00873
60	0.85592	0.00992	0.00754	0.00675	0.00992	0.01151	0.00556	0.01508	0.00873	0.02302	0.00714	0.00834	0.00556	0.00476	0.00318	0.00159	0.00397	0.00278	0.00318	0.00556
61	0.01120	0.02101	0.45948	0.03407	0.06714	0.02663	0.27416	0.01630	0.01137	0.01621	0.00961	0.01199	0.00704	0.00468	0.00529	0.00165	0.00788	0.00461	0.00234	0.00732
62	0.00891	0.00446	0.00668	0.00668	0.00668	0.00446	0.00446	0.00668	0.00668	0.00891	0.00891	0.01560	0.00891	0.01783	0.02005	0.85071	0.00446	0.00446	0.00223	0.00223
63	0.00833	0.00739	0.01008	0.05902	0.01142	0.00893	0.00771	0.00960	0.00947	0.01300	0.02268	0.30932	0.14127	0.01280	0.02863	0.00222	0.29571	0.03393	0.00365	0.00484
64	0.00891	0.00446	0.00668	0.00668	0.00668	0.00446	0.00446	0.00668	0.00668	0.00891	0.00891	0.01560	0.00891	0.01783	0.02005	0.85071	0.00446	0.00446	0.00223	0.00223
65	0.01020	0.00915	0.01384	0.28209	0.03267	0.01189	0.01096	0.01152	0.00857	0.01208	0.00846	0.03047	0.00778	0.00936	0.01302	0.15600	0.35985	0.00473	0.00231	0.00504
66	0.01168	0.00661	0.00820	0.00738	0.00871	0.00667	0.00527	0.06744	0.01060	0.17681	0.01704	0.07717	0.01642	0.38018	0.12349	0.00406	0.02212	0.00680	0.03826	0.00509
67	0.01237	0.01496	0.18183	0.02433	0.49896	0.01182	0.01513	0.06509	0.01225	0.01764	0.01015	0.01331	0.00835	0.00493	0.00500	0.00151	0.00618	0.02387	0.00273	0.06960
68	0.18817	0.09841	0.49623	0.01171	0.01763	0.01209	0.01405	0.01527	0.01041	0.01710	0.01170	0.01287	0.06327	0.00540	0.00445	0.00157	0.00626	0.00399	0.00257	0.00682
69	0.00926	0.00842	0.01342	0.45743	0.02452	0.01066	0.01156	0.01187	0.00932	0.01265	0.01006	0.01513	0.00852	0.01518	0.23207	0.00365	0.13370	0.00481	0.00241	0.00537
70	0.01907	0.07417	0.01515	0.01128	0.01500	0.16582	0.00919	0.37879	0.08208	0.15854	0.01318	0.01289	0.00943	0.00596	0.00491	0.00149	0.00598	0.00442	0.00466	0.00798

[dist]
# distance from previous block
# <min> <max>
0	8

[block]
# block no. 4 follows, 48 sequences, length 31
# corresponding to MSA columns:
# 449-479
name=unknown_E
#
# <colnr> <probs for GDERKNQSTAVLIFYWHMCP>
#	G	D	E	R	K	N	Q	S	T	A	V	L	I	F	Y	W	H	M	C	P
0	0.10793	0.04076	0.01187	0.00973	0.04549	0.02420	0.00747	0.12141	0.02842	0.29232	0.07451	0.08249	0.01477	0.00681	0.00487	0.00150	0.00437	0.00553	0.00483	0.11070
1	0.01071	0.01025	0.01693	0.20505	0.17490	0.01163	0.12105	0.02465	0.01060	0.01481	0.01372	0.01695	0.08526	0.00746	0.02828	0.00193	0.18588	0.00542	0.04831	0.00618
2	0.04819	0.01166	0.02028	0.09965	0.36880	0.01188	0.19927	0.01641	0.08803	0.01730	0.05843	0.01510	0.01103	0.00517	0.00532	0.00162	0.00628	0.00527	0.00301	0.00728
3	0.01102	0.01040	0.00916	0.00841	0.01031	0.20067	0.00629	0.01288	0.01337	0.05004	0.34982	0.14203	0.05311	0.00926	0.00551	0.00153	0.00441	0.00784	0.00452	0.08941
4	0.01350	0.60701	0.13090	0.05883	0.01588	0.04756	0.01052	0.01585	0.01076	0.03748	0.00799	0.00926	0.00678	0.00460	0.00373	0.00123	0.00597	0.00310	0.00235	0.00671
5	0.01491	0.01032	0.08941	0.01200	0.09020	0.00861	0.00958	0.07758	0.04309	0.28485	0.05682	0.07039	0.01828	0.00860	0.00570	0.00180	0.00486	0.18093	0.00491	0.00715
6	0.00802	0.00615	0.00886	0.00866	0.00976	0.00630	0.05255	0.06916	0.01078	0.01469	0.04571	0.44444	0.02468	0.03447	0.22610	0.00376	0.00653	0.01046	0.00410	0.00482
7	0.01426	0.74328	0.02566	0.00922	0.01344	0.09783	0.00889	0.01587	0.01084	0.01212	0.00721	0.00833	0.00659	0.00448	0.00343	0.00112	0.00586	0.00280	0.00224	0.00652
8	0.00746	0.00497	0.00560	0.00560	0.00560	0.00497	0.00311	0.00746	0.00746	0.00995	0.01617	0.03358	0.01865	0.81967	0.02612	0.00497	0.00497	0.00746	0.00311	0.00311
9	0.01064	0.00912	0.01064	0.00760	0.01216	0.00684	0.00608	0.01292	0.01064	0.01672	0.00912	0.01064	0.00760	0.00380	0.00380	0.00076	0.00380	0.00304	0.00304	0.85104
10	0.00656	0.00482	0.00615	0.00666	0.00745	0.00441	0.00467	0.00802	0.01163	0.01568	0.28255	0.45650	0.13833	0.01381	0.00632	0.00188	0.00274	0.01233	0.00506	0.00441
11	0.00634	0.00506	0.00568	0.00585	0.00718	0.00440	0.00426	0.00777	0.01187	0.01502	0.19105	0.20511	0.48606	0.01314	0.00616	0.00178	0.00264	0.01130	0.00494	0.00440
12	0.00620	0.00468	0.00574	0.00658	0.00729	0.00422	0.00451	0.00721	0.01037	0.01332	0.03514	0.59445	0.25139	0.01518	0.00641	0.00198	0.00287	0.01350	0.00476	0.00422
13	0.01064	0.00912	0.01064	0.00760	0.01216	0.00684	0.00608	0.01292	0.01064	0.01672	0.00912	0.01064	0.00760	0.00380	0.00380	0.00076	0.00380	0.00304	0.00304	0.85104
14	0.01372	0.82276	0.02689	0.00878	0.01317	0.02030	0.00878	0.01536	0.01043	0.01207	0.00713	0.00823	0.00658	0.00439	0.00329	0.00110	0.00549	0.00274	0.00219	0.00658
15	0.00657	0.00487	0.00613	0.00654	0.00743	0.00443	0.00463	0.00808	0.01182	0.01586	0.29806	0.40166	0.17797	0.01355	0.00629	0.00185	0.00271	0.01203	0.00507	0.00443
16	0.01426	0.74328	0.02566	0.00922	0.01344	0.09783	0.00889	0.01587	0.01084	0.01212	0.00721	0.00833	0.00659	0.00448	0.00343	0.00112	0.00586	0.00280	0.00224	0.00652
17	0.57676	0.03715	0.01003	0.02851	0.01191	0.10945	0.00686	0.01674	0.01019	0.10808	0.00877	0.00973	0.00661	0.00517	0.00416	0.00157	0.03571	0.00322	0.00338	0.00600
18	0.01372	0.82276	0.02689	0.00878	0.01317	0.02030	0.00878	0.01536	0.01043	0.01207	0.00713	0.00823	0.00658	0.00439	0.00329	0.00110	0.00549	0.00274	0.00219	0.00658
19	0.70120	0.01021	0.00919	0.00887	0.05248	0.01200	0.00675	0.01521	0.03161	0.02157	0.00765	0.00918	0.00611	0.00524	0.00470	0.00165	0.08436	0.00314	0.00311	0.00578
20	0.00717	0.00524	0.00673	0.00636	0.00761	0.00480	0.00477	0.00950	0.01430	0.02005	0.72729	0.03920	0.10641	0.01069	0.00605	0.00162	0.00243	0.00940	0.00558	0.00480
21	0.00814	0.00679	0.00884	0.01021	0.07381	0.04042	0.00688	0.00949	0.00985	0.01318	0.02118	0.41349	0.02398	0.06064	0.13648	0.00319	0.06404	0.08076	0.00389	0.00474
22	0.01311	0.68208	0.16227	0.00981	0.01477	0.01882	0.01058	0.01552	0.01050	0.01281	0.00750	0.00869	0.00657	0.00448	0.00357	0.00119	0.00586	0.00293	0.00219	0.00676
23	0.00621	0.00476	0.00570	0.00639	0.00726	0.00425	0.00444	0.00730	0.01067	0.01361	0.05961	0.50511	0.31678	0.01475	0.00635	0.00194	0.00282	0.01302	0.00479	0.00425
24	0.00635	0.00451	0.00592	0.00702	0.00729	0.00423	0.00463	0.00717	0.00963	0.01284	0.02727	0.75103	0.03266	0.08311	0.00818	0.00232	0.00314	0.01399	0.00463	0.00408
25	0.00705	0.00504	0.00636	0.00689	0.00749	0.00489	0.00487	0.00814	0.00992	0.01315	0.08633	0.28066	0.10349	0.24888	0.06092	0.00327	0.00442	0.12995	0.00423	0.00405
26	0.00702	0.00519	0.00655	0.00631	0.00754	0.00472	0.00469	0.00918	0.01381	0.01911	0.62804	0.08780	0.15858	0.01121	0.00608	0.00166	0.00248	0.00984	0.00546	0.00472
27	0.01330	0.01101	0.01187	0.01044	0.01334	0.01263	0.00821	0.14393	0.58151	0.02225	0.01881	0.01816	0.01428	0.00997	0.08427	0.00236	0.00528	0.00558	0.00496	0.00787
28	0.06990	0.01385	0.01417	0.01119	0.01497	0.04501	0.00914	0.59755	0.09748	0.02951	0.01282	0.01285	0.00928	0.00611	0.00495	0.00154	0.00542	0.00458	0.03140	0.00824
29	0.01010	0.00727	0.00868	0.00811	0.00981	0.00743	0.00620	0.16651	0.04362	0.03903	0.20797	0.23696	0.09031	0.03581	0.05018	0.00224	0.00419	0.05505	0.00495	0.00558
30	0.09525	0.01239	0.01340	0.01066	0.01426	0.01363	0.00870	0.41533	0.14615	0.06780	0.01304	0.01314	0.00957	0.00612	0.00556	0.00155	0.05442	0.00451	0.00465	0.08988

[dist]
# distance from previous block
# <min> <max>
2	24

[block]
# block no. 5 follows, 48 sequences, length 33
# corresponding to MSA columns:
# 506-538
name=unknown_F
#
# <colnr> <probs for GDERKNQSTAVLIFYWHMCP>
#	G	D	E	R	K	N	Q	S	T	A	V	L	I	F	Y	W	H	M	C	P
0	0.01578	0.01236	0.09164	0.08582	0.20591	0.01094	0.08747	0.05789	0.09364	0.26406	0.01432	0.01489	0.01010	0.00552	0.00520	0.00161	0.00577	0.00496	0.00411	0.00797
1	0.00998	0.00942	0.01468	0.49743	0.02617	0.01219	0.01240	0.01241	0.00929	0.01261	0.00897	0.01457	0.00778	0.07365	0.01046	0.00214	0.25326	0.00478	0.00234	0.00546
2	0.01917	0.02445	0.01454	0.01322	0.01586	0.79907	0.00991	0.02049	0.01454	0.01256	0.00793	0.00925	0.00661	0.00529	0.00463	0.00132	0.00925	0.00330	0.00264	0.00595
3	0.00976	0.00694	0.01011	0.17597	0.09019	0.00715	0.00779	0.01207	0.01209	0.08070	0.31531	0.04360	0.02626	0.11475	0.00818	0.00205	0.00421	0.00707	0.06039	0.00542
4	0.00647	0.00456	0.00589	0.00686	0.00711	0.00431	0.00446	0.00720	0.00940	0.01253	0.02609	0.67466	0.03117	0.16152	0.01009	0.00261	0.00334	0.01330	0.00446	0.00398
5	0.00930	0.00836	0.01330	0.43936	0.10531	0.00967	0.01133	0.01222	0.01150	0.01551	0.22110	0.02141	0.04593	0.00700	0.00600	0.00169	0.04596	0.00606	0.00331	0.00567
6	0.00692	0.00511	0.00656	0.00747	0.00834	0.00480	0.00570	0.00835	0.01079	0.01391	0.03235	0.38573	0.18446	0.03891	0.00722	0.00219	0.00354	0.25859	0.00470	0.00435
7	0.00617	0.00477	0.00564	0.00635	0.00723	0.00423	0.00441	0.00723	0.01059	0.01341	0.03800	0.50189	0.34210	0.01481	0.00635	0.00194	0.00282	0.01305	0.00476	0.00423
8	0.01951	0.01437	0.01540	0.01181	0.01591	0.01591	0.00975	0.77056	0.02412	0.03234	0.01232	0.01232	0.00873	0.00616	0.00513	0.00154	0.00565	0.00462	0.00513	0.00873
9	0.85592	0.00992	0.00754	0.00675	0.00992	0.01151	0.00556	0.01508	0.00873	0.02302	0.00714	0.00834	0.00556	0.00476	0.00318	0.00159	0.00397	0.00278	0.00318	0.00556
10	0.01113	0.00945	0.01560	0.63752	0.09971	0.01134	0.01370	0.01430	0.01065	0.07773	0.00998	0.01380	0.00743	0.00535	0.00564	0.00171	0.04155	0.00461	0.00264	0.00616
11	0.01399	0.01446	0.03205	0.09987	0.43646	0.14628	0.05199	0.08333	0.01301	0.01690	0.00947	0.01215	0.00770	0.00504	0.00548	0.00155	0.03569	0.00442	0.00275	0.00742
12	0.85592	0.00992	0.00754	0.00675	0.00992	0.01151	0.00556	0.01508	0.00873	0.02302	0.00714	0.00834	0.00556	0.00476	0.00318	0.00159	0.00397	0.00278	0.00318	0.00556
13	0.01201	0.01191	0.10832	0.12869	0.14403	0.01062	0.05393	0.10556	0.09997	0.06201	0.13503	0.03275	0.05915	0.00681	0.00537	0.00164	0.00533	0.00598	0.00393	0.00696
14	0.01081	0.00948	0.01202	0.00936	0.01318	0.00843	0.06948	0.01589	0.18458	0.01741	0.01377	0.09205	0.01203	0.00577	0.00458	0.00119	0.00418	0.00505	0.00367	0.50707
15	0.00627	0.00522	0.00551	0.00565	0.00725	0.00445	0.00429	0.00766	0.01168	0.01411	0.06775	0.08844	0.67194	0.01317	0.00617	0.00179	0.00277	0.06671	0.00478	0.00437
16	0.85592	0.00992	0.00754	0.00675	0.00992	0.01151	0.00556	0.01508	0.00873	0.02302	0.00714	0.00834	0.00556	0.00476	0.00318	0.00159	0.00397	0.00278	0.00318	0.00556
17	0.01291	0.57062	0.24571	0.01054	0.01584	0.01777	0.01172	0.03840	0.01096	0.01388	0.00788	0.00910	0.00663	0.00458	0.00380	0.00126	0.00609	0.00310	0.00228	0.00693
18	0.48791	0.01260	0.01086	0.00903	0.01250	0.07801	0.00737	0.27009	0.01452	0.04119	0.00922	0.00994	0.00686	0.00531	0.00400	0.00155	0.00498	0.00349	0.00386	0.00672
19	0.00788	0.00580	0.00728	0.00702	0.00719	0.00650	0.00469	0.00836	0.00766	0.01060	0.01460	0.02841	0.01615	0.57648	0.17191	0.00528	0.10081	0.00674	0.00294	0.00368
20	0.01362	0.00914	0.01354	0.21852	0.16987	0.00940	0.01037	0.03128	0.06175	0.21725	0.10126	0.01997	0.06913	0.00659	0.00527	0.00161	0.00499	0.00573	0.00419	0.02653
21	0.00695	0.00609	0.03994	0.00630	0.00795	0.00492	0.00504	0.00902	0.01295	0.01742	0.41127	0.07482	0.33064	0.01133	0.00595	0.00167	0.00274	0.00974	0.03053	0.00473
22	0.01187	0.01198	0.01794	0.02049	0.31569	0.05278	0.06933	0.01400	0.01026	0.01449	0.01122	0.03113	0.05195	0.00710	0.01000	0.00185	0.33355	0.00515	0.00260	0.00660
23	0.01262	0.39663	0.37243	0.01179	0.01748	0.08089	0.01348	0.01619	0.01095	0.01400	0.00814	0.00949	0.00655	0.00468	0.00412	0.00135	0.00675	0.00326	0.00222	0.00698
24	0.00956	0.00478	0.00478	0.00478	0.00598	0.00478	0.00359	0.01196	0.01076	0.01913	0.01674	0.01913	0.01315	0.00598	0.00359	0.00120	0.00239	0.00478	0.84816	0.00478
25	0.01117	0.31081	0.04505	0.01016	0.01334	0.01262	0.11152	0.07488	0.01160	0.01474	0.01737	0.19682	0.08983	0.00871	0.00573	0.04440	0.00510	0.00695	0.00333	0.00585
26	0.00931	0.00780	0.01125	0.13763	0.11136	0.00872	0.00884	0.03061	0.11747	0.01530	0.07364	0.06055	0.04522	0.01959	0.31471	0.00425	0.00833	0.00620	0.00345	0.00578
27	0.00668	0.00492	0.00625	0.00655	0.00747	0.00449	0.00467	0.00832	0.01221	0.01657	0.37117	0.35299	0.15256	0.01311	0.00625	0.00182	0.00267	0.01165	0.00516	0.00449
28	0.01389	0.01213	0.01504	0.11023	0.01669	0.04673	0.01075	0.23245	0.01342	0.03582	0.01009	0.01282	0.02335	0.00751	0.01079	0.00189	0.39679	0.00464	0.01841	0.00657
29	0.01391	0.01459	0.01860	0.12666	0.50165	0.18853	0.01412	0.03250	0.01241	0.01568	0.00925	0.01204	0.00763	0.00484	0.00499	0.00150	0.00689	0.00429	0.00258	0.00734
30	0.00649	0.00464	0.00603	0.00692	0.00735	0.00434	0.00467	0.00751	0.01023	0.01369	0.10687	0.62682	0.06275	0.08177	0.00811	0.00227	0.00310	0.02756	0.00472	0.00417
31	0.01146	0.01110	0.02058	0.04289	0.16934	0.01093	0.32835	0.05291	0.03218	0.01703	0.01529	0.02606	0.01419	0.00733	0.00606	0.00186	0.00673	0.21572	0.00337	0.00662
32	0.00631	0.00465	0.00593	0.00692	0.00749	0.00427	0.00477	0.00733	0.01022	0.01332	0.03221	0.65489	0.15998	0.01548	0.00649	0.00204	0.00299	0.04573	0.00476	0.00422

[dist]
# distance from previous block
# <min> <max>
2	21

[block]
# block no. 6 follows, 48 sequences, length 11
# corresponding to MSA columns:
# 560-570
name=unknown_G
#
# <colnr> <probs for GDERKNQSTAVLIFYWHMCP>
#	G	D	E	R	K	N	Q	S	T	A	V	L	I	F	Y	W	H	M	C	P
0	0.23235	0.01039	0.03369	0.01118	0.06632	0.09273	0.09712	0.01270	0.01017	0.01602	0.01489	0.23761	0.01567	0.09816	0.02735	0.00225	0.00542	0.00725	0.00340	0.00532
