[name]
unknown

[dist]
# distance from previous block
# <min> <max>
0	19

[block]
# block no. 0 follows, 48 sequences, length 36
# corresponding to MSA columns:
# 19-34,56-75
name=unknown_A
#
# <colnr> <probs for GDERKNQSTAVLIFYWHMCP>
#	G	D	E	R	K	N	Q	S	T	A	V	L	I	F	Y	W	H	M	C	P
0	0.04933	0.01179	0.03139	0.00944	0.01155	0.16970	0.00747	0.13827	0.02675	0.02913	0.01825	0.02520	0.10314	0.15027	0.09848	0.00297	0.02477	0.08283	0.00372	0.00556
1	0.01343	0.77194	0.05393	0.00890	0.01329	0.01959	0.00899	0.01518	0.01036	0.01217	0.00745	0.00901	0.00691	0.02646	0.00397	0.00122	0.00555	0.00291	0.00222	0.00653
2	0.01258	0.04767	0.01320	0.07679	0.10474	0.04640	0.00850	0.04805	0.08094	0.07630	0.01372	0.01470	0.05657	0.00524	0.00450	0.00121	0.00472	0.00430	0.00351	0.37635
3	0.01182	0.06848	0.01098	0.00900	0.01133	0.05502	0.00706	0.11641	0.21189	0.05278	0.03857	0.20485	0.12598	0.00987	0.00556	0.00174	0.00424	0.04337	0.00471	0.00634
4	0.00738	0.00531	0.00727	0.00727	0.00785	0.00589	0.00520	0.00854	0.00796	0.01119	0.01463	0.02508	0.01497	0.32508	0.51567	0.00705	0.01053	0.00622	0.00288	0.00404
5	0.01194	0.01246	0.05605	0.01463	0.01798	0.01293	0.25652	0.02010	0.33941	0.01775	0.01443	0.01587	0.01118	0.00781	0.04503	0.00212	0.12740	0.00557	0.00365	0.00716
6	0.01494	0.01541	0.10369	0.01848	0.14652	0.03890	0.24926	0.29302	0.01631	0.02211	0.01070	0.01258	0.00799	0.00521	0.00558	0.00161	0.02149	0.00493	0.00347	0.00780
7	0.00664	0.00746	0.09735	0.00693	0.00889	0.00518	0.00595	0.00838	0.01108	0.01405	0.05611	0.28366	0.44387	0.01295	0.00608	0.00183	0.00329	0.01114	0.00448	0.00467
8	0.00956	0.00478	0.00478	0.00478	0.00598	0.00478	0.00359	0.01196	0.01076	0.01913	0.01674	0.01913	0.01315	0.00598	0.00359	0.00120	0.00239	0.00478	0.84816	0.00478
9	0.08812	0.01618	0.01457	0.01170	0.01541	0.18460	0.00944	0.54660	0.02079	0.02730	0.01095	0.01133	0.00801	0.00586	0.00486	0.00150	0.00629	0.00418	0.00443	0.00787
10	0.01671	0.06380	0.18178	0.01094	0.01546	0.01156	0.01049	0.11004	0.20659	0.29417	0.01629	0.01529	0.01127	0.00604	0.00500	0.00160	0.00520	0.00481	0.00477	0.00820
11	0.01103	0.01086	0.01956	0.43503	0.26840	0.01191	0.14009	0.01448	0.01101	0.01480	0.00950	0.01340	0.00740	0.00482	0.00527	0.00166	0.00691	0.00481	0.00241	0.00666
12	0.01276	0.01102	0.01160	0.01044	0.01334	0.01276	0.00812	0.02727	0.77840	0.02146	0.02088	0.01914	0.01566	0.00696	0.00522	0.00174	0.00406	0.00580	0.00522	0.00812
13	0.00685	0.00500	0.00644	0.00657	0.00754	0.00459	0.00474	0.00870	0.01283	0.01769	0.48893	0.28171	0.10444	0.01244	0.00621	0.00177	0.00261	0.01106	0.00530	0.00459
14	0.01256	0.01387	0.02936	0.02102	0.02615	0.01316	0.72240	0.06275	0.01285	0.01741	0.01050	0.01375	0.00784	0.00444	0.00600	0.00172	0.00847	0.00597	0.00275	0.00703
15	0.01992	0.01371	0.01499	0.01149	0.01558	0.01494	0.00949	0.68361	0.02302	0.12084	0.01324	0.01292	0.00919	0.00618	0.00514	0.00155	0.00550	0.00468	0.00527	0.00873
16	0.01343	0.29274	0.20355	0.01423	0.01936	0.10671	0.22202	0.01680	0.01161	0.04110	0.00906	0.01083	0.00711	0.00466	0.00465	0.00144	0.00725	0.00405	0.00249	0.00691
17	0.01266	0.01423	0.11092	0.05986	0.57259	0.03236	0.06368	0.04182	0.01205	0.01696	0.00967	0.01249	0.00784	0.00469	0.00511	0.00155	0.00653	0.00454	0.00258	0.00785
18	0.01243	0.01742	0.23099	0.15648	0.30979	0.12508	0.04387	0.01614	0.01163	0.01538	0.00922	0.01190	0.00723	0.00484	0.00500	0.00156	0.00718	0.00423	0.00241	0.00720
19	0.85592	0.00992	0.00754	0.00675	0.00992	0.01151	0.00556	0.01508	0.00873	0.02302	0.00714	0.00834	0.00556	0.00476	0.00318	0.00159	0.00397	0.00278	0.00318	0.00556
20	0.00746	0.00497	0.00560	0.00560	0.00560	0.00497	0.00311	0.00746	0.00746	0.00995	0.01617	0.03358	0.01865	0.81967	0.02612	0.00497	0.00497	0.00746	0.00311	0.00311
21	0.00746	0.00497	0.00560	0.00560	0.00560	0.00497	0.00311	0.00746	0.00746	0.00995	0.01617	0.03358	0.01865	0.81967	0.02612	0.00497	0.00497	0.00746	0.00311	0.00311
22	0.01823	0.05048	0.01570	0.01520	0.10578	0.68053	0.01056	0.01976	0.01407	0.01303	0.00810	0.00962	0.00679	0.00517	0.00463	0.00134	0.00876	0.00343	0.00262	0.00622
23	0.01218	0.04934	0.50184	0.01466	0.08230	0.10318	0.01546	0.01668	0.01185	0.06366	0.07193	0.01333	0.01039	0.00542	0.00492	0.00156	0.00697	0.00429	0.00279	0.00725
24	0.00746	0.00497	0.00560	0.00560	0.00560	0.00497	0.00311	0.00746	0.00746	0.00995	0.01617	0.03358	0.01865	0.81967	0.02612	0.00497	0.00497	0.00746	0.00311	0.00311
25	0.00791	0.00525	0.00703	0.00703	0.00790	0.00582	0.00528	0.00964	0.00877	0.01346	0.01481	0.02165	0.01367	0.13195	0.49945	0.00605	0.00976	0.00557	0.21455	0.00444
26	0.06334	0.00764	0.04636	0.00929	0.01112	0.00697	0.08431	0.01116	0.01081	0.06904	0.14567	0.24915	0.04683	0.01437	0.09966	0.05472	0.03315	0.02720	0.00410	0.00512
27	0.01404	0.27138	0.20383	0.01126	0.01600	0.02979	0.01130	0.18121	0.17669	0.01945	0.01168	0.01207	0.00896	0.00545	0.00450	0.00146	0.00579	0.00406	0.00347	0.00760
28	0.00791	0.00579	0.00716	0.00669	0.00816	0.00549	0.00506	0.01118	0.07693	0.03611	0.62061	0.03760	0.13094	0.01040	0.00597	0.00164	0.00262	0.00909	0.00553	0.00513
29	0.01449	0.00949	0.01499	0.22582	0.25728	0.00968	0.01152	0.01723	0.01258	0.25761	0.10323	0.01743	0.01391	0.00596	0.00523	0.00160	0.00532	0.00530	0.00402	0.00729
30	0.03499	0.33309	0.33136	0.01327	0.01902	0.01542	0.14063	0.02993	0.01108	0.01514	0.00860	0.01029	0.00676	0.00461	0.00442	0.00144	0.00681	0.00375	0.00233	0.00705
31	0.09366	0.01497	0.01287	0.01081	0.01417	0.25667	0.00855	0.14491	0.12039	0.25083	0.01404	0.01349	0.00993	0.00593	0.00482	0.00152	0.00602	0.00437	0.00456	0.00750
32	0.00866	0.00486	0.00513	0.00513	0.00581	0.00486	0.00338	0.01003	0.00935	0.01520	0.01649	0.02532	0.01551	0.35447	0.01324	0.00281	0.00350	0.00593	0.48624	0.00407
33	0.43549	0.01084	0.01127	0.01210	0.13804	0.01221	0.00817	0.05795	0.22856	0.02204	0.01172	0.01232	0.00901	0.00543	0.00417	0.00162	0.00443	0.00402	0.00375	0.00687
34	0.29046	0.30127	0.17170	0.00947	0.01392	0.01485	0.00967	0.01684	0.09951	0.01761	0.00915	0.01006	0.00729	0.00491	0.00379	0.00144	0.00524	0.00332	0.00287	0.00662
35	0.01213	0.01360	0.11047	0.02696	0.58599	0.01189	0.06158	0.01600	0.04090	0.01704	0.04609	0.01399	0.01008	0.00496	0.00517	0.00156	0.00618	0.00484	0.00275	0.00784

[dist]
# distance from previous block
# <min> <max>
0	5

[block]
# block no. 1 follows, 48 sequences, length 9
# corresponding to MSA columns:
# 81-83,92-97
name=unknown_B
#
# <colnr> <probs for GDERKNQSTAVLIFYWHMCP>
#	G	D	E	R	K	N	Q	S	T	A	V	L	I	F	Y	W	H	M	C	P
0	0.00891	0.00446	0.00668	0.00668	0.00668	0.00446	0.00446	0.00668	0.00668	0.00891	0.00891	0.01560	0.00891	0.01783	0.02005	0.85071	0.00446	0.00446	0.00223	0.00223
1	0.00625	0.00447	0.00595	0.00714	0.00744	0.00417	0.00476	0.00714	0.00982	0.01310	0.02828	0.81633	0.03394	0.01608	0.00655	0.00208	0.00298	0.01459	0.00476	0.00417
2	0.01215	0.01152	0.02029	0.17973	0.26852	0.01192	0.22071	0.01712	0.11826	0.04605	0.01224	0.03705	0.00973	0.00534	0.00542	0.00167	0.00651	0.00545	0.00308	0.00722
3	0.01532	0.18940	0.19031	0.01263	0.01649	0.38948	0.01181	0.01772	0.01224	0.01326	0.00794	0.00958	0.00659	0.00535	0.00554	0.00143	0.08268	0.00341	0.00241	0.00641
4	0.00782	0.00598	0.00875	0.00810	0.00930	0.00637	0.03852	0.01001	0.01123	0.01626	0.34499	0.02722	0.02764	0.02176	0.34259	0.00444	0.04557	0.00706	0.05154	0.00485
5	0.00742	0.00515	0.00650	0.00650	0.00682	0.00547	0.00424	0.00804	0.00773	0.01062	0.01534	0.02899	0.01666	0.55256	0.29051	0.00609	0.00797	0.00679	0.00299	0.00361
6	0.44411	0.01130	0.01453	0.01202	0.04381	0.01244	0.16575	0.08600	0.01122	0.06308	0.00907	0.01079	0.00691	0.00529	0.00545	0.00167	0.08286	0.00399	0.00330	0.00641
7	0.04004	0.01219	0.02159	0.11403	0.49393	0.01237	0.17308	0.04026	0.01193	0.01700	0.00975	0.01289	0.00785	0.00464	0.00523	0.00159	0.00663	0.00482	0.00263	0.00754
8	0.00754	0.00577	0.00797	0.00790	0.00899	0.00548	0.04661	0.05122	0.01199	0.01618	0.20631	0.49203	0.08551	0.01335	0.00629	0.00190	0.00328	0.01206	0.00487	0.00474

[dist]
# distance from previous block
# <min> <max>
0	3

[block]
# block no. 2 follows, 48 sequences, length 50
# corresponding to MSA columns:
# 101-125,127-151
name=unknown_C
#
# <colnr> <probs for GDERKNQSTAVLIFYWHMCP>
#	G	D	E	R	K	N	Q	S	T	A	V	L	I	F	Y	W	H	M	C	P
0	0.08112	0.01236	0.06823	0.02244	0.47496	0.01118	0.01281	0.03193	0.04300	0.01776	0.00983	0.01208	0.00803	0.00459	0.00467	0.00140	0.00548	0.00413	0.00283	0.17117
1	0.01842	0.04424	0.01525	0.01167	0.01549	0.09425	0.00953	0.57494	0.11706	0.02826	0.01276	0.01272	0.00930	0.00611	0.00503	0.00153	0.00580	0.00457	0.00479	0.00829
2	0.01653	0.36446	0.04800	0.01138	0.01495	0.43895	0.00976	0.01815	0.01265	0.01248	0.00764	0.00888	0.00659	0.00489	0.00407	0.00124	0.00759	0.00308	0.00244	0.00628
3	0.01701	0.01532	0.28070	0.02865	0.06183	0.00978	0.04245	0.02098	0.03981	0.40791	0.01526	0.01476	0.01011	0.00566	0.00509	0.00161	0.00578	0.00470	0.00443	0.00815
4	0.08766	0.01379	0.22930	0.01047	0.01538	0.00909	0.01056	0.02175	0.01312	0.51232	0.01609	0.01487	0.01039	0.00581	0.00492	0.00160	0.00523	0.00458	0.00492	0.00815
5	0.01032	0.00976	0.01653	0.64441	0.19333	0.01157	0.01456	0.01366	0.01056	0.01388	0.00923	0.01347	0.00711	0.00501	0.00512	0.00167	0.00668	0.00456	0.00233	0.00621
6	0.00641	0.00484	0.00592	0.00643	0.00734	0.00436	0.00452	0.00774	0.01136	0.01489	0.19378	0.42704	0.25877	0.01400	0.00630	0.00188	0.00275	0.01237	0.00495	0.00436
7	0.00825	0.00742	0.01284	0.24376	0.01889	0.00778	0.13701	0.01046	0.01034	0.01367	0.01964	0.44550	0.02158	0.01088	0.00605	0.00191	0.00507	0.01021	0.00367	0.00508
8	0.01358	0.01002	0.01146	0.04102	0.01311	0.01081	0.00782	0.41822	0.01781	0.02389	0.06330	0.30669	0.02016	0.00998	0.00570	0.00175	0.00453	0.00852	0.00492	0.00672
9	0.00644	0.00519	0.00578	0.00602	0.00746	0.00453	0.00457	0.00791	0.01175	0.01459	0.11867	0.14430	0.53895	0.01326	0.00623	0.00183	0.00286	0.09040	0.00485	0.00440
10	0.00742	0.00515	0.00649	0.00649	0.00680	0.00546	0.00423	0.00804	0.00773	0.01061	0.01535	0.02904	0.01668	0.55561	0.28749	0.00608	0.00794	0.00680	0.00299	0.00361
11	0.01697	0.17542	0.12951	0.01198	0.01628	0.21484	0.01093	0.32515	0.01712	0.02107	0.00975	0.01053	0.00745	0.00541	0.00461	0.00141	0.00681	0.00380	0.00350	0.00744
12	0.01372	0.82276	0.02689	0.00878	0.01317	0.02030	0.00878	0.01536	0.01043	0.01207	0.00713	0.00823	0.00658	0.00439	0.00329	0.00110	0.00549	0.00274	0.00219	0.00658
13	0.01031	0.00923	0.01294	0.31529	0.02142	0.00874	0.02753	0.01308	0.01053	0.01533	0.00915	0.01189	0.00731	0.00432	0.00437	0.00115	0.00508	0.00370	0.00274	0.50590
14	0.01130	0.04439	0.40538	0.01137	0.01638	0.01016	0.01276	0.06528	0.04084	0.08167	0.22664	0.01934	0.01916	0.00670	0.00520	0.00160	0.00556	0.00552	0.00378	0.00697
15	0.00691	0.00523	0.00637	0.00608	0.00745	0.00469	0.00456	0.00900	0.01369	0.01859	0.56824	0.04160	0.26638	0.01123	0.00606	0.00165	0.00247	0.00974	0.00539	0.00469
16	0.01425	0.00698	0.00793	0.00677	0.00904	0.00687	0.00537	0.10937	0.01342	0.21874	0.01709	0.01786	0.01249	0.00610	0.00418	0.00134	0.00330	0.00486	0.52777	0.00628
17	0.01097	0.44498	0.01786	0.00812	0.01072	0.01353	0.00717	0.01205	0.00916	0.01147	0.00979	0.01427	0.00946	0.08134	0.21135	0.10860	0.00743	0.00405	0.00242	0.00525
18	0.01148	0.14905	0.24582	0.01046	0.01555	0.01178	0.01076	0.01723	0.16683	0.01678	0.01121	0.01203	0.00875	0.00486	0.00432	0.00127	0.00525	0.00378	0.00308	0.28971
19	0.00711	0.00524	0.00665	0.00630	0.00757	0.00478	0.00472	0.00940	0.01417	0.01974	0.69407	0.03970	0.13983	0.01080	0.00605	0.00163	0.00244	0.00947	0.00554	0.00478
20	0.00741	0.00632	0.01076	0.01001	0.01127	0.00591	0.15592	0.00898	0.01028	0.01376	0.02474	0.65761	0.02876	0.01375	0.00645	0.00201	0.00410	0.01290	0.00433	0.00471
21	0.76622	0.01019	0.00838	0.03902	0.01134	0.01180	0.00618	0.06554	0.00982	0.02325	0.00757	0.00881	0.00582	0.00487	0.00338	0.00159	0.00420	0.00297	0.00327	0.00577
22	0.00965	0.00791	0.00884	0.00813	0.01019	0.00844	0.00623	0.01751	0.36709	0.02012	0.33690	0.03090	0.12885	0.00918	0.00567	0.00169	0.00320	0.00787	0.00534	0.00629
23	0.00625	0.00447	0.00595	0.00714	0.00744	0.00417	0.00476	0.00714	0.00982	0.01310	0.02828	0.81633	0.03394	0.01608	0.00655	0.00208	0.00298	0.01459	0.00476	0.00417
24	0.01029	0.02654	0.79309	0.01462	0.02221	0.01192	0.01896	0.01625	0.01083	0.01625	0.00921	0.01083	0.00650	0.00487	0.00487	0.00162	0.00758	0.00379	0.00217	0.00758
25	0.01328	0.01464	0.01541	0.01341	0.01409	0.21805	0.01089	0.01445	0.00958	0.01240	0.00704	0.01072	0.00670	0.00803	0.01368	0.00201	0.60338	0.00418	0.00235	0.00570
26	0.00726	0.00524	0.00686	0.00646	0.00767	0.00484	0.00484	0.00968	0.01452	0.02058	0.78496	0.03833	0.04841	0.01049	0.00605	0.00161	0.00242	0.00928	0.00565	0.00484
27	0.01308	0.01435	0.14477	0.04687	0.08795	0.01165	0.37971	0.01782	0.06280	0.11891	0.04120	0.01501	0.01027	0.00513	0.00558	0.00167	0.00710	0.00550	0.00329	0.00732
28	0.01060	0.01128	0.10767	0.00847	0.01341	0.00747	0.00768	0.01333	0.01066	0.01666	0.00913	0.01066	0.00746	0.00393	0.00393	0.00087	0.00427	0.00313	0.00293	0.74645
29	0.00711	0.00524	0.00665	0.00630	0.00757	0.00478	0.00472	0.00940	0.01417	0.01974	0.69407	0.03970	0.13983	0.01080	0.00605	0.00163	0.00244	0.00947	0.00554	0.00478
30	0.00740	0.00521	0.00677	0.00677	0.00718	0.00561	0.00458	0.00822	0.00781	0.01082	0.01509	0.02762	0.01607	0.47289	0.36936	0.00643	0.00887	0.00659	0.00295	0.00376
31	0.01131	0.01077	0.01831	0.38996	0.44006	0.01183	0.01506	0.01453	0.01103	0.01508	0.00941	0.01315	0.00753	0.00483	0.00510	0.00161	0.00644	0.00457	0.00242	0.00701
32	0.23803	0.01160	0.04748	0.01558	0.11291	0.01095	0.26573	0.01653	0.01132	0.12918	0.01212	0.05854	0.00979	0.00563	0.00501	0.00166	0.00597	0.02005	0.00344	0.01849
33	0.01270	0.01219	0.02083	0.03149	0.78767	0.01219	0.01575	0.01575	0.01168	0.01676	0.00965	0.01270	0.00813	0.00457	0.00508	0.00152	0.00610	0.00457	0.00254	0.00813
34	0.01364	0.80519	0.04379	0.00891	0.01337	0.02012	0.00900	0.01538	0.01043	0.01216	0.00718	0.00829	0.00658	0.00440	0.00333	0.00111	0.00553	0.00277	0.00219	0.00661
35	0.06985	0.00887	0.01145	0.00894	0.01263	0.00809	0.00734	0.07230	0.01495	0.62998	0.08496	0.01839	0.01511	0.00660	0.00512	0.00159	0.00426	0.00534	0.00603	0.00821
36	0.00850	0.00706	0.01087	0.06091	0.22724	0.00702	0.00857	0.01032	0.01075	0.01469	0.07440	0.41405	0.02535	0.03862	0.00671	0.00199	0.00422	0.05933	0.00400	0.00541
37	0.00739	0.00496	0.00566	0.00570	0.00576	0.00493	0.00325	0.00753	0.00784	0.01050	0.04523	0.07232	0.02051	0.75011	0.02441	0.00471	0.00478	0.00788	0.00328	0.00323
38	0.01951	0.01437	0.01540	0.01181	0.01591	0.01591	0.00975	0.77056	0.02412	0.03234	0.01232	0.01232	0.00873	0.00616	0.00513	0.00154	0.00565	0.00462	0.00513	0.00873
39	0.01421	0.00726	0.00945	0.00812	0.00994	0.00716	0.00613	0.12351	0.02625	0.22656	0.07016	0.01787	0.01323	0.03449	0.01269	0.39401	0.00446	0.00514	0.00411	0.00527
40	0.01211	0.01384	0.03028	0.02163	0.02682	0.01298	0.76903	0.01644	0.01211	0.01644	0.01038	0.01384	0.00779	0.00433	0.00606	0.00173	0.00865	0.00606	0.00260	0.00692
41	0.01108	0.01114	0.01597	0.62634	0.12655	0.09560	0.01397	0.01422	0.01089	0.01350	0.00906	0.01309	0.00698	0.00508	0.00507	0.00165	0.00701	0.00443	0.00235	0.00603
42	0.00969	0.00912	0.01539	0.80734	0.03534	0.01140	0.01425	0.01311	0.01026	0.01311	0.00912	0.01368	0.00684	0.00513	0.00513	0.00171	0.00684	0.00456	0.00228	0.00570
43	0.01470	0.06257	0.32747	0.01097	0.01596	0.00958	0.01186	0.01818	0.01230	0.30727	0.01786	0.06184	0.06338	0.00693	0.00515	0.00164	0.00555	0.03520	0.00416	0.00744
44	0.01221	0.04599	0.02951	0.02177	0.07717	0.01322	0.68832	0.01635	0.01201	0.01628	0.01020	0.01354	0.00776	0.00434	0.00588	0.00169	0.00835	0.00582	0.00258	0.00699
45	0.02071	0.00838	0.01127	0.00884	0.01243	0.00739	0.00723	0.02319	0.04148	0.66863	0.11509	0.02011	0.01723	0.00689	0.00527	0.00160	0.00411	0.00569	0.00622	0.00823
46	0.01054	0.36028	0.09986	0.03796	0.01306	0.01278	0.00882	0.01319	0.04545	0.01384	0.04256	0.22142	0.01752	0.00866	0.00489	0.00159	0.00488	0.07348	0.00334	0.00588
47	0.01251	0.01205	0.02073	0.07628	0.72662	0.01216	0.03289	0.01561	0.01161	0.01654	0.00964	0.01278	0.00805	0.00460	0.00510	0.00154	0.00620	0.00461	0.00253	0.00796
48	0.00694	0.00477	0.00614	0.00678	0.00716	0.00475	0.00453	0.00786	0.00907	0.01255	0.02230	0.44873	0.02555	0.21553	0.13332	0.00368	0.00509	0.01079	0.06046	0.00401
49	0.00800	0.00686	0.00837	0.00854	0.00929	0.06439	0.02197	0.00928	0.00951	0.01258	0.02004	0.40726	0.02244	0.05202	0.26584	0.00414	0.05144	0.00980	0.00371	0.00453

[dist]
# distance from previous block
# <min> <max>
4	18

[block]
# block no. 3 follows, 48 sequences, length 46
# corresponding to MSA columns:
# 189-234
name=unknown_D
#
# <colnr> <probs for GDERKNQSTAVLIFYWHMCP>
#	G	D	E	R	K	N	Q	S	T	A	V	L	I	F	Y	W	H	M	C	P
0	0.00690	0.00504	0.00639	0.00716	0.00769	0.00493	0.00484	0.00871	0.06049	0.01370	0.06866	0.59828	0.04310	0.10394	0.03253	0.00253	0.00356	0.01260	0.00460	0.00436
1	0.01346	0.09237	0.04864	0.01972	0.10485	0.01302	0.49699	0.01713	0.01208	0.10112	0.01098	0.01344	0.00819	0.00467	0.00572	0.00164	0.02043	0.00539	0.00294	0.00721
2	0.01196	0.01318	0.02756	0.02150	0.09966	0.01255	0.62331	0.01594	0.01189	0.01632	0.01074	0.01507	0.00853	0.00481	0.00625	0.00172	0.03234	0.03156	0.00267	0.03243
3	0.04535	0.00842	0.01120	0.00873	0.01244	0.00737	0.00717	0.02310	0.01435	0.69359	0.05619	0.01982	0.05451	0.00684	0.00519	0.00160	0.00417	0.00557	0.00614	0.00823
4	0.00625	0.00447	0.00595	0.00714	0.00744	0.00417	0.00476	0.00714	0.00982	0.01310	0.02828	0.81633	0.03394	0.01608	0.00655	0.00208	0.00298	0.01459	0.00476	0.00417
5	0.04752	0.00618	0.00772	0.00771	0.00950	0.00574	0.00621	0.01210	0.01199	0.15989	0.06353	0.16339	0.21840	0.01214	0.00617	0.00195	0.00372	0.24581	0.00501	0.00533
6	0.01164	0.00704	0.00943	0.00885	0.01019	0.00742	0.00695	0.01302	0.01085	0.20054	0.02244	0.21747	0.06664	0.10027	0.01024	0.00234	0.14605	0.13860	0.00451	0.00551
7	0.02293	0.00887	0.01200	0.00920	0.01317	0.00775	0.00760	0.04386	0.01492	0.77203	0.02004	0.01733	0.01260	0.00635	0.00516	0.00159	0.00440	0.00515	0.00632	0.00873
8	0.01718	0.01831	0.01289	0.01134	0.01392	0.46879	0.00871	0.16849	0.01554	0.01776	0.01045	0.01180	0.00828	0.00570	0.00488	0.00137	0.03024	0.00388	0.16420	0.00627
9	0.00854	0.00812	0.01545	0.01280	0.01500	0.00761	0.30305	0.01077	0.01072	0.01440	0.02129	0.50312	0.02373	0.01149	0.00636	0.00195	0.00519	0.01126	0.00392	0.00524
10	0.02302	0.00873	0.01191	0.00913	0.01310	0.00754	0.00754	0.02501	0.01469	0.79122	0.02024	0.01746	0.01270	0.00635	0.00516	0.00159	0.00437	0.00516	0.00635	0.00873
11	0.00720	0.00524	0.00678	0.00639	0.00763	0.00482	0.00479	0.00957	0.01438	0.02024	0.74876	0.03887	0.08482	0.01061	0.00605	0.00162	0.00243	0.00936	0.00560	0.00482
12	0.00840	0.00623	0.00822	0.00907	0.01044	0.00627	0.00778	0.01161	0.07165	0.01582	0.04735	0.05362	0.09689	0.01342	0.00682	0.00224	0.00443	0.61001	0.00479	0.00496
13	0.00986	0.00929	0.01569	0.76401	0.07735	0.01144	0.01433	0.01326	0.01034	0.01331	0.00915	0.01363	0.00691	0.00510	0.00513	0.00170	0.00680	0.00456	0.00229	0.00584
14	0.06655	0.00879	0.01168	0.00900	0.01293	0.00775	0.00744	0.02449	0.01437	0.75107	0.01956	0.01699	0.01233	0.00627	0.00506	0.00159	0.00435	0.00504	0.00618	0.00857
15	0.01064	0.00912	0.01064	0.00760	0.01216	0.00684	0.00608	0.01292	0.01064	0.01672	0.00912	0.01064	0.00760	0.00380	0.00380	0.00076	0.00380	0.00304	0.00304	0.85104
16	0.14343	0.15659	0.05815	0.00923	0.01307	0.01059	0.02360	0.01949	0.01241	0.38733	0.01571	0.01795	0.01173	0.00639	0.00469	0.00157	0.00478	0.07730	0.01866	0.00731
17	0.01150	0.01126	0.01982	0.25171	0.35357	0.01153	0.14626	0.01480	0.01123	0.01564	0.00957	0.01296	0.00764	0.00461	0.00513	0.00153	0.00651	0.00466	0.00253	0.09752
18	0.39183	0.19064	0.01446	0.00954	0.01274	0.22714	0.02325	0.01652	0.01071	0.01720	0.00740	0.00880	0.00616	0.00500	0.00425	0.00144	0.04117	0.00306	0.00277	0.00592
19	0.01063	0.00610	0.00800	0.00718	0.00893	0.00559	0.00549	0.03067	0.01439	0.17466	0.55027	0.09834	0.03911	0.01002	0.00589	0.00165	0.00293	0.00879	0.00570	0.00566
20	0.01426	0.66418	0.04674	0.00954	0.01377	0.10005	0.00918	0.03181	0.04595	0.01308	0.00800	0.00899	0.00704	0.00465	0.00360	0.00117	0.00588	0.00301	0.00244	0.00666
21	0.01081	0.03558	0.03679	0.13766	0.23942	0.00993	0.01095	0.01464	0.08180	0.01609	0.01420	0.04954	0.02765	0.00655	0.00509	0.00153	0.00518	0.10145	0.00325	0.19189
22	0.01301	0.12897	0.01665	0.01140	0.01433	0.01214	0.13583	0.15565	0.03888	0.07126	0.09249	0.01743	0.01386	0.05169	0.10594	0.00258	0.07675	0.00540	0.02924	0.00649
23	0.00627	0.00519	0.00550	0.00545	0.00707	0.00442	0.00408	0.00776	0.01215	0.01501	0.17816	0.06250	0.64349	0.01262	0.00607	0.00172	0.00258	0.01063	0.00492	0.00442
24	0.01372	0.82276	0.02689	0.00878	0.01317	0.02030	0.00878	0.01536	0.01043	0.01207	0.00713	0.00823	0.00658	0.00439	0.00329	0.00110	0.00549	0.00274	0.00219	0.00658
25	0.08036	0.19466	0.07072	0.01628	0.17463	0.22573	0.07742	0.04092	0.01216	0.01533	0.00843	0.01035	0.00700	0.00498	0.00499	0.00144	0.04146	0.00377	0.00259	0.00677
26	0.85592	0.00992	0.00754	0.00675	0.00992	0.01151	0.00556	0.01508	0.00873	0.02302	0.00714	0.00834	0.00556	0.00476	0.00318	0.00159	0.00397	0.00278	0.00318	0.00556
27	0.00652	0.00463	0.00613	0.00722	0.00758	0.00438	0.00494	0.00747	0.00981	0.01305	0.02724	0.68910	0.03236	0.07857	0.00812	0.00233	0.00329	0.07848	0.00463	0.00413
28	0.01477	0.01202	0.01273	0.01085	0.01411	0.01370	0.00861	0.24838	0.55401	0.02470	0.01834	0.01711	0.01360	0.00672	0.00519	0.00168	0.00453	0.00545	0.00519	0.00830
29	0.00625	0.00447	0.00595	0.00714	0.00744	0.00417	0.00476	0.00714	0.00982	0.01310	0.02828	0.81633	0.03394	0.01608	0.00655	0.00208	0.00298	0.01459	0.00476	0.00417
30	0.02171	0.00835	0.01121	0.00870	0.01240	0.00727	0.00716	0.02373	0.01430	0.71587	0.01990	0.01763	0.01275	0.00631	0.00501	0.00155	0.00417	0.00512	0.08850	0.00835
31	0.00713	0.00491	0.00652	0.00761	0.00824	0.00473	0.00568	0.00858	0.01048	0.01428	0.02695	0.52679	0.03084	0.01464	0.00645	0.00209	0.00343	0.22792	0.07835	0.00438
32	0.02302	0.00873	0.01191	0.00913	0.01310	0.00754	0.00754	0.02501	0.01469	0.79122	0.02024	0.01746	0.01270	0.00635	0.00516	0.00159	0.00437	0.00516	0.00635	0.00873
33	0.00704	0.00520	0.00744	0.00772	0.00836	0.00550	0.01993	0.00831	0.00880	0.01217	0.01945	0.31941	0.02143	0.13817	0.38031	0.00536	0.00840	0.00918	0.00355	0.00427
34	0.00911	0.00715	0.01155	0.44478	0.02279	0.00838	0.01020	0.01061	0.00934	0.01210	0.01203	0.06906	0.01137	0.01042	0.00978	0.25030	0.00569	0.07821	0.00266	0.00449
35	0.01580	0.01201	0.01288	0.01073	0.01410	0.01347	0.00858	0.31382	0.42415	0.06559	0.01742	0.01642	0.01275	0.00659	0.00513	0.00164	0.00464	0.00528	0.03071	0.00829
36	0.00969	0.00912	0.01539	0.80734	0.03534	0.01140	0.01425	0.01311	0.01026	0.01311	0.00912	0.01368	0.00684	0.00513	0.00513	0.00171	0.00684	0.00456	0.00228	0.00570
37	0.02217	0.00933	0.01213	0.00934	0.01324	0.00852	0.00770	0.11879	0.01576	0.67202	0.01914	0.01686	0.01221	0.00632	0.00511	0.00157	0.00447	0.00508	0.03164	0.00861
38	0.03870	0.01793	0.31716	0.01193	0.01689	0.06131	0.01239	0.23175	0.03067	0.09677	0.05430	0.03892	0.03581	0.00634	0.00507	0.00160	0.00608	0.00498	0.00389	0.00752
39	0.00656	0.00522	0.00589	0.00572	0.00724	0.00454	0.00429	0.00833	0.01287	0.01666	0.35748	0.04477	0.47834	0.01195	0.00606	0.00168	0.00252	0.01018	0.00513	0.00454
40	0.00662	0.00462	0.00585	0.00668	0.00688	0.00441	0.00426	0.00724	0.00911	0.01214	0.02461	0.57914	0.02931	0.25958	0.01248	0.00296	0.00358	0.01243	0.00426	0.00385
41	0.00643	0.00524	0.00555	0.00570	0.00707	0.00462	0.00408	0.00794	0.03415	0.01359	0.04385	0.16649	0.57031	0.09202	0.00807	0.00210	0.00293	0.01093	0.00462	0.00430
42	0.10682	0.01105	0.01422	0.38895	0.08848	0.08446	0.01150	0.04908	0.01208	0.16855	0.01116	0.01328	0.00802	0.00534	0.00487	0.00161	0.00615	0.00437	0.00336	0.00664
43	0.00818	0.00606	0.00930	0.00949	0.01072	0.00581	0.07386	0.01005	0.01105	0.03883	0.02596	0.38934	0.02904	0.01390	0.00670	0.00216	0.00428	0.33589	0.00460	0.00480
44	0.48079	0.05296	0.00879	0.00760	0.00995	0.08669	0.00592	0.01330	0.00971	0.01851	0.01341	0.24492	0.01402	0.00811	0.00431	0.00168	0.00428	0.00628	0.00354	0.00524
45	0.01241	0.35191	0.39649	0.01181	0.01755	0.05021	0.01365	0.01615	0.01088	0.03898	0.00878	0.01018	0.00692	0.00571	0.02709	0.00158	0.00687	0.00343	0.00235	0.00705

[dist]
# distance from previous block
# <min> <max>
0	18

[block]
# block no. 4 follows, 48 sequences, length 33
# corresponding to MSA columns:
# 253-268,270-286
name=unknown_E
#
# <colnr> <probs for GDERKNQSTAVLIFYWHMCP>
#	G	D	E	R	K	N	Q	S	T	A	V	L	I	F	Y	W	H	M	C	P
0	0.85592	0.00992	0.00754	0.00675	0.00992	0.01151	0.00556	0.01508	0.00873	0.02302	0.00714	0.00834	0.00556	0.00476	0.00318	0.00159	0.00397	0.00278	0.00318	0.00556
1	0.01121	0.01835	0.36668	0.02042	0.27702	0.01189	0.09291	0.01599	0.04120	0.01638	0.01077	0.05037	0.00884	0.00545	0.00551	0.00165	0.03039	0.00489	0.00258	0.00750
2	0.01661	0.01079	0.01356	0.15294	0.04495	0.09441	0.03126	0.01917	0.03264	0.34455	0.07469	0.01654	0.01288	0.00640	0.00621	0.00162	0.07875	0.00507	0.00443	0.03254
3	0.09525	0.00884	0.01153	0.00892	0.01282	0.00789	0.00737	0.02415	0.01417	0.72460	0.01911	0.01667	0.01208	0.00621	0.00499	0.00159	0.00433	0.00495	0.00608	0.00846
4	0.00651	0.00483	0.00668	0.00754	0.00810	0.00450	0.02488	0.00760	0.01010	0.01336	0.02908	0.70955	0.07531	0.01549	0.00654	0.00207	0.00320	0.05568	0.00470	0.00428
5	0.01650	0.01540	0.01781	0.07376	0.01915	0.17479	0.16906	0.35830	0.01797	0.02280	0.03841	0.01319	0.00946	0.00567	0.00522	0.00154	0.00692	0.00482	0.02191	0.00733
6	0.01372	0.82276	0.02689	0.00878	0.01317	0.02030	0.00878	0.01536	0.01043	0.01207	0.00713	0.00823	0.00658	0.00439	0.00329	0.00110	0.00549	0.00274	0.00219	0.00658
7	0.00625	0.00447	0.00595	0.00714	0.00744	0.00417	0.00476	0.00714	0.00982	0.01310	0.02828	0.81633	0.03394	0.01608	0.00655	0.00208	0.00298	0.01459	0.00476	0.00417
8	0.01247	0.01284	0.02453	0.02763	0.48987	0.01250	0.31059	0.01602	0.01185	0.01664	0.00994	0.01315	0.00799	0.00448	0.00546	0.00160	0.00710	0.00515	0.00256	0.00766
9	0.00644	0.00460	0.00617	0.00736	0.00775	0.00433	0.00510	0.00748	0.01001	0.01331	0.02817	0.74430	0.03352	0.01589	0.00660	0.00211	0.00314	0.08472	0.00476	0.00422
10	0.02302	0.00873	0.01191	0.00913	0.01310	0.00754	0.00754	0.02501	0.01469	0.79122	0.02024	0.01746	0.01270	0.00635	0.00516	0.00159	0.00437	0.00516	0.00635	0.00873
11	0.01727	0.00866	0.01074	0.00877	0.01198	0.00827	0.00706	0.06966	0.14258	0.43270	0.12606	0.02339	0.09439	0.00766	0.00538	0.00163	0.00396	0.00635	0.00583	0.00767
12	0.01663	0.01685	0.01700	0.01990	0.31780	0.29408	0.01204	0.16244	0.03767	0.04200	0.01020	0.01173	0.00806	0.00526	0.00493	0.00146	0.00703	0.00418	0.00327	0.00748
13	0.01028	0.00670	0.00693	0.00657	0.00755	0.06069	0.00452	0.01140	0.00958	0.08692	0.01584	0.02503	0.01514	0.38307	0.10917	0.00382	0.00560	0.00603	0.22072	0.00445
14	0.85592	0.00992	0.00754	0.00675	0.00992	0.01151	0.00556	0.01508	0.00873	0.02302	0.00714	0.00834	0.00556	0.00476	0.00318	0.00159	0.00397	0.00278	0.00318	0.00556
15	0.00644	0.00457	0.00600	0.00702	0.00734	0.00430	0.00468	0.00733	0.00980	0.01310	0.05283	0.69955	0.03288	0.09215	0.00840	0.00235	0.00318	0.02931	0.00464	0.00410
16	0.01107	0.16863	0.34354	0.01078	0.01658	0.01150	0.01201	0.01478	0.01068	0.01565	0.00879	0.01027	0.00695	0.00436	0.00416	0.00119	0.00571	0.00330	0.00251	0.33753
17	0.00943	0.00707	0.00835	0.00796	0.00952	0.00732	0.00594	0.10528	0.14319	0.01968	0.29124	0.28595	0.03225	0.01106	0.00589	0.00177	0.00328	0.00973	0.02944	0.00565
18	0.01246	0.01217	0.02129	0.06692	0.65925	0.01233	0.08484	0.01559	0.01154	0.01643	0.00961	0.01281	0.00799	0.00470	0.00552	0.00157	0.02992	0.00471	0.00252	0.00783
19	0.07904	0.03671	0.10284	0.01649	0.07997	0.12151	0.26870	0.11195	0.05262	0.06449	0.01089	0.01253	0.00812	0.00505	0.00515	0.00159	0.00712	0.00474	0.00326	0.00723
20	0.01930	0.02043	0.01488	0.01265	0.01588	0.48607	0.00985	0.32027	0.01837	0.02046	0.00968	0.01048	0.00746	0.00564	0.00483	0.00141	0.00781	0.00383	0.00364	0.00706
21	0.11807	0.00698	0.00848	0.00725	0.00965	0.00651	0.00571	0.01471	0.01358	0.23495	0.41681	0.02777	0.05236	0.00837	0.00534	0.00157	0.00323	0.00707	0.00538	0.04621
22	0.01296	0.64587	0.19710	0.01008	0.01518	0.01844	0.01104	0.01556	0.01052	0.01300	0.00759	0.00881	0.00657	0.00450	0.00364	0.00121	0.00595	0.00298	0.00219	0.00681
23	0.00733	0.00550	0.00825	0.00825	0.00916	0.00641	0.00641	0.00916	0.00825	0.01191	0.01374	0.02016	0.01283	0.03848	0.79934	0.00825	0.01374	0.00550	0.00275	0.00458
24	0.00733	0.00550	0.00825	0.00825	0.00916	0.00641	0.00641	0.00916	0.00825	0.01191	0.01374	0.02016	0.01283	0.03848	0.79934	0.00825	0.01374	0.00550	0.00275	0.00458
25	0.09201	0.00673	0.00775	0.00685	0.00908	0.00641	0.02183	0.03919	0.01216	0.18381	0.04938	0.09041	0.20601	0.00861	0.00492	0.00156	0.00331	0.00713	0.23710	0.00572
26	0.01208	0.01193	0.02026	0.22040	0.50672	0.03324	0.09006	0.01530	0.01145	0.01572	0.00955	0.01296	0.00774	0.00470	0.00518	0.00158	0.00662	0.00468	0.00248	0.00735
27	0.00746	0.00534	0.00728	0.00811	0.00904	0.00516	0.00649	0.00941	0.01184	0.01587	0.19681	0.27347	0.03503	0.01390	0.00670	0.00211	0.00370	0.37274	0.00494	0.00459
28	0.02302	0.00873	0.01191	0.00913	0.01310	0.00754	0.00754	0.02501	0.01469	0.79122	0.02024	0.01746	0.01270	0.00635	0.00516	0.00159	0.00437	0.00516	0.00635	0.00873
29	0.01258	0.01213	0.02089	0.05692	0.74285	0.01219	0.03542	0.01568	0.01165	0.01663	0.00965	0.01276	0.00808	0.00458	0.00511	0.00154	0.00619	0.00461	0.00253	0.00802
30	0.01757	0.00720	0.00919	0.00750	0.01028	0.00648	0.00595	0.01951	0.01286	0.48822	0.01882	0.01937	0.01335	0.07677	0.00650	0.00176	0.00382	0.00524	0.26256	0.00704
31	0.00733	0.00550	0.00825	0.00825	0.00916	0.00641	0.00641	0.00916	0.00825	0.01191	0.01374	0.02016	0.01283	0.03848	0.79934	0.00825	0.01374	0.00550	0.00275	0.00458
32	0.02191	0.01032	0.07328	0.00965	0.01391	0.00816	0.00851	0.04900	0.01470	0.70534	0.01912	0.01677	0.01208	0.00623	0.00514	0.00159	0.00466	0.00503	0.00598	0.00864

[dist]
# distance from previous block
# <min> <max>
0	2

[block]
# block no. 5 follows, 48 sequences, length 21
# corresponding to MSA columns:
# 289-309
name=unknown_F
#
# <colnr> <probs for GDERKNQSTAVLIFYWHMCP>
#	G	D	E	R	K	N	Q	S	T	A	V	L	I	F	Y	W	H	M	C	P
0	0.00831	0.00546	0.00693	0.00731	0.00828	0.00529	0.00525	0.01069	0.06807	0.06363	0.15453	0.45532	0.03159	0.04215	0.00682	0.00201	0.00318	0.05057	0.05973	0.00489
1	0.00878	0.00614	0.00788	0.00856	0.00984	0.00618	0.00712	0.05361	0.02968	0.01651	0.02612	0.15932	0.05699	0.01283	0.00641	0.00210	0.00415	0.46972	0.10312	0.00494
2	0.50383	0.16315	0.01260	0.00838	0.01174	0.14637	0.00702	0.01669	0.01042	0.06900	0.00812	0.00906	0.00639	0.00489	0.00357	0.00145	0.00517	0.00302	0.00311	0.00602
3	0.01061	0.10152	0.72094	0.01407	0.02136	0.01271	0.01800	0.01617	0.01079	0.01586	0.00901	0.01059	0.00651	0.00483	0.00473	0.00158	0.00739	0.00369	0.00217	0.00749
4	0.06336	0.07621	0.11247	0.01012	0.01360	0.09702	0.00914	0.06695	0.11948	0.01744	0.01510	0.08142	0.01407	0.00750	0.00501	0.00157	0.00528	0.13076	0.00369	0.14981
5	0.18263	0.01002	0.01311	0.01372	0.18511	0.00978	0.00902	0.04725	0.03532	0.38929	0.01463	0.01422	0.01003	0.00556	0.00470	0.00154	0.00469	0.00448	0.00468	0.04022
6	0.01026	0.00970	0.01642	0.66019	0.17803	0.01155	0.01453	0.01361	0.01053	0.01380	0.00922	0.01349	0.00708	0.00502	0.00512	0.00167	0.00670	0.00456	0.00233	0.00616
7	0.02084	0.00895	0.01144	0.00891	0.01254	0.00826	0.00732	0.11861	0.01539	0.59494	0.01878	0.01702	0.01225	0.00628	0.00495	0.00153	0.00428	0.00504	0.11446	0.00822
8	0.01069	0.07566	0.68626	0.01553	0.07964	0.01247	0.01807	0.01616	0.01087	0.01603	0.00911	0.01081	0.00663	0.00482	0.00479	0.00158	0.00734	0.00378	0.00220	0.00756
9	0.00642	0.00521	0.00569	0.00557	0.00715	0.00448	0.00418	0.00806	0.01254	0.01587	0.27075	0.04608	0.56556	0.01225	0.00606	0.00170	0.00255	0.01037	0.00503	0.00448
10	0.02019	0.01327	0.01472	0.01128	0.01536	0.01428	0.00932	0.62483	0.02228	0.18067	0.01387	0.01332	0.00950	0.00620	0.00514	0.00155	0.00540	0.00473	0.00537	0.00873
11	0.01047	0.00602	0.00763	0.00757	0.00909	0.00561	0.00553	0.01273	0.06973	0.18703	0.04548	0.46242	0.12481	0.01270	0.00607	0.00189	0.00331	0.01122	0.00517	0.00552
12	0.01252	0.01201	0.02050	0.07830	0.74228	0.01214	0.01566	0.01559	0.01160	0.01654	0.00962	0.01276	0.00805	0.00461	0.00508	0.00154	0.00614	0.00457	0.00252	0.00798
13	0.00623	0.00488	0.00565	0.00615	0.00721	0.00430	0.00435	0.00744	0.01108	0.01402	0.09512	0.38733	0.39967	0.01417	0.00628	0.00188	0.00275	0.01238	0.00483	0.00430
14	0.01636	0.00719	0.00955	0.00796	0.01035	0.00663	0.00607	0.01773	0.01170	0.45781	0.01819	0.02262	0.01449	0.25324	0.11355	0.00345	0.00575	0.00589	0.00492	0.00652
15	0.01088	0.08149	0.46193	0.01378	0.01845	0.01389	0.01547	0.01481	0.00976	0.01456	0.00818	0.01077	0.00659	0.00628	0.00896	0.00180	0.28942	0.00396	0.00220	0.00682
16	0.01303	0.01359	0.02371	0.05380	0.38563	0.06306	0.30878	0.04431	0.01244	0.01681	0.00991	0.01294	0.00787	0.00460	0.00543	0.00160	0.00730	0.00507	0.00266	0.00745
17	0.00669	0.00473	0.00619	0.00720	0.00756	0.00451	0.00496	0.00764	0.00971	0.01290	0.02629	0.60026	0.03104	0.13877	0.00961	0.00256	0.00350	0.10729	0.00451	0.00408
18	0.04724	0.01031	0.01196	0.00962	0.01302	0.01043	0.00774	0.29211	0.05938	0.25598	0.04474	0.11832	0.01478	0.00746	0.00519	0.00158	0.00451	0.00611	0.00524	0.07430
19	0.80511	0.05896	0.00871	0.00687	0.01012	0.01204	0.00575	0.01510	0.00883	0.02236	0.00714	0.00833	0.00562	0.00474	0.00318	0.00156	0.00406	0.00278	0.00312	0.00562
20	0.09362	0.08329	0.01369	0.01030	0.01267	0.10259	0.00841	0.19731	0.01349	0.05435	0.01058	0.01327	0.00879	0.05990	0.00866	0.00182	0.19264	0.00430	0.08777	0.02256

[dist]
# distance from previous block
# <min> <max>
1	2

[block]
# block no. 6 follows, 48 sequences, length 19
# corresponding to MSA columns:
# 312-330
name=unknown_G
#
# <colnr> <probs for GDERKNQSTAVLIFYWHMCP>
#	G	D	E	R	K	N	Q	S	T	A	V	L	I	F	Y	W	H	M	C	P
0	0.10403	0.00991	0.01197	0.01028	0.01261	0.02752	0.02799	0.07321	0.17690	0.14725	0.01420	0.01579	0.01108	0.01389	0.18572	0.00322	0.13875	0.00495	0.00402	0.00671
1	0.01139	0.00791	0.01088	0.13302	0.01443	0.00891	0.00823	0.01396	0.06429	0.15870	0.04528	0.23198	0.08416	0.01004	0.00802	0.00190	0.16871	0.00811	0.00422	0.00586
2	0.00762	0.00660	0.00886	0.11927	0.10516	0.00648	0.00708	0.00976	0.03579	0.01418	0.03465	0.21178	0.39082	0.01140	0.00590	0.00178	0.00374	0.00990	0.00417	0.00506
3	0.11439	0.15405	0.09840	0.01206	0.06390	0.01201	0.09518	0.04213	0.07202	0.19019	0.03755	0.01593	0.05875	0.00590	0.00475	0.00154	0.00530	0.00488	0.00389	0.00718
4	0.01254	0.00738	0.01034	0.18802	0.01583	0.00747	0.00799	0.05336	0.01262	0.23244	0.09146	0.23158	0.06663	0.00963	0.00571	0.00178	0.00435	0.03002	0.00475	0.00611
5	0.00875	0.00545	0.00612	0.00631	0.00725	0.00550	0.00443	0.04540	0.04833	0.01651	0.02065	0.29630	0.02101	0.12142	0.00786	0.00206	0.00318	0.00858	0.36020	0.00469
6	0.05859	0.05447	0.13277	0.46764	0.14586	0.01210	0.02944	0.01428	0.01052	0.01471	0.00902	0.01252	0.00692	0.00493	0.00490	0.00163	0.00664	0.00428	0.00236	0.00641
7	0.01288	0.03267	0.19674	0.02184	0.32836	0.06254	0.13514	0.06013	0.06747	0.01746	0.01047	0.01259	0.00815	0.00491	0.00514	0.00157	0.00686	0.00461	0.00280	0.00768
8	0.01106	0.20409	0.62223	0.01332	0.02019	0.01379	0.01669	0.01605	0.01074	0.01532	0.00875	0.01025	0.00652	0.00477	0.00452	0.00151	0.00712	0.00356	0.00217	0.00736
9	0.00721	0.00535	0.00653	0.00701	0.00805	0.00507	0.00518	0.00908	0.05934	0.01420	0.07609	0.30377	0.25811	0.01415	0.00768	0.08484	0.00329	0.11606	0.00459	0.00440
10	0.01806	0.01426	0.17529	0.05632	0.01676	0.05994	0.01066	0.12420	0.01465	0.38013	0.01470	0.01419	0.00980	0.00571	0.00497	0.00152	0.00563	0.00451	0.00462	0.06407
11	0.05960	0.29047	0.01651	0.00936	0.01236	0.03201	0.02462	0.10217	0.04193	0.10833	0.01480	0.19810	0.01424	0.00790	0.00531	0.00156	0.04415	0.00629	0.00382	0.00647
12	0.00788	0.00591	0.00759	0.00873	0.08382	0.00534	0.00570	0.00949	0.01186	0.05558	0.15835	0.22660	0.35352	0.01219	0.00606	0.00178	0.00314	0.02669	0.00477	0.00498
13	0.01173	0.01120	0.01907	0.28171	0.54504	0.01194	0.01526	0.01490	0.01122	0.01558	0.00948	0.01302	0.00771	0.00475	0.00510	0.00158	0.00634	0.00457	0.00246	0.00734
14	0.01183	0.00992	0.06818	0.04988	0.01319	0.02972	0.00763	0.05303	0.03964	0.11559	0.21602	0.05039	0.02019	0.00678	0.00496	0.00134	0.00417	0.00571	0.00428	0.28756
15	0.01101	0.00960	0.06536	0.06204	0.10217	0.02225	0.00878	0.09520	0.05103	0.07265	0.09247	0.22289	0.06759	0.01031	0.02857	0.00191	0.00477	0.03207	0.00427	0.03504
16	0.01194	0.01301	0.14213	0.02085	0.38412	0.01027	0.04326	0.01519	0.01167	0.06737	0.01445	0.01926	0.05462	0.00611	0.00523	0.00158	0.00576	0.08108	0.00313	0.08898
17	0.01294	0.01235	0.06839	0.16281	0.35740	0.01166	0.11500	0.02982	0.05160	0.08765	0.01121	0.01362	0.00856	0.00495	0.00519	0.00159	0.00633	0.00479	0.00302	0.03112
18	0.01228	0.03494	0.38645	0.01584	0.14453	0.01234	0.01465	0.16688	0.01368	0.01936	0.04457	0.03656	0.03193	0.00602	0.00552	0.00162	0.03739	0.00483	0.00312	0.00750

[dist]
# distance from previous block
# <min> <max>
11	25

[block]
# block no. 7 follows, 48 sequences, length 9
# corresponding to MSA columns:
# 365-373
name=unknown_H
#
# <colnr> <probs for GDERKNQSTAVLIFYWHMCP>
#	G	D	E	R	K	N	Q	S	T	A	V	L	I	F	Y	W	H	M	C	P
0	0.01295	0.01860	0.43291	0.01250	0.01815	0.01062	0.04113	0.01893	0.11803	0.16591	0.06492	0.01520	0.01184	0.00577	0.00507	0.00161	0.00607	0.00476	0.00366	0.03138
1	0.01690	0.01894	0.01325	0.01192	0.01450	0.49688	0.00903	0.14057	0.07909	0.01658	0.01254	0.12221	0.01149	0.00706	0.00502	0.00150	0.00737	0.00529	0.00355	0.00633
2	0.04323	0.03601	0.07312	0.01012	0.01406	0.03200	0.02281	0.14008	0.14990	0.17226	0.05415	0.01510	0.01211	0.00589	0.00505	0.00144	0.02277	0.00466	0.00442	0.18081
3	0.03933	0.16333	0.55415	0.01294	0.01941	0.04283	0.01567	0.01679	0.01109	0.06603	0.00945	0.01067	0.00689	0.00490	0.00455	0.00152	0.00696	0.00365	0.00249	0.00736
4	0.00854	0.00519	0.00664	0.00707	0.00813	0.00466	0.00499	0.00965	0.01083	0.12087	0.03143	0.56799	0.16609	0.01418	0.00627	0.00195	0.00310	0.01261	0.00498	0.00483
5	0.01241	0.01320	0.11260	0.10636	0.12169	0.02799	0.13013	0.16592	0.04247	0.01940	0.06550	0.05370	0.03475	0.00642	0.00537	0.00162	0.00603	0.02366	0.00355	0.04724
6	0.58473	0.01045	0.01093	0.01257	0.18259	0.01165	0.00808	0.05455	0.01017	0.02159	0.00829	0.01007	0.00664	0.00640	0.04164	0.00189	0.00499	0.00340	0.00312	0.00625
7	0.01936	0.00766	0.00997	0.00795	0.01116	0.00679	0.00647	0.02146	0.01362	0.58135	0.01929	0.01792	0.01282	0.00625	0.00473	0.00148	0.00383	0.00506	0.23517	0.00766
8	0.01845	0.01292	0.01412	0.01117	0.01499	0.01416	0.00911	0.51174	0.19012	0.12567	0.01522	0.01448	0.01077	0.00636	0.00516	0.00159	0.00513	0.00495	0.00531	0.00859

[dist]
# distance from previous block
# <min> <max>
9	12

[block]
# block no. 8 follows, 48 sequences, length 44
# corresponding to MSA columns:
# 387-401,412-440
name=unknown_I
#
# <colnr> <probs for GDERKNQSTAVLIFYWHMCP>
#	G	D	E	R	K	N	Q	S	T	A	V	L	I	F	Y	W	H	M	C	P
0	0.05152	0.20678	0.30593	0.01156	0.03514	0.03497	0.01214	0.04916	0.03559	0.07058	0.00986	0.01087	0.00750	0.00482	0.00430	0.00135	0.00594	0.00359	0.00289	0.13552
1	0.01244	0.01067	0.01788	0.33614	0.42081	0.01146	0.01442	0.01554	0.01139	0.08481	0.01039	0.01351	0.00803	0.00495	0.00511	0.00160	0.00623	0.00462	0.00278	0.00722
2	0.85592	0.00992	0.00754	0.00675	0.00992	0.01151	0.00556	0.01508	0.00873	0.02302	0.00714	0.00834	0.00556	0.00476	0.00318	0.00159	0.00397	0.00278	0.00318	0.00556
3	0.00987	0.00932	0.01564	0.74904	0.06775	0.01157	0.01422	0.01320	0.01025	0.01325	0.00907	0.01356	0.00689	0.00522	0.00548	0.00172	0.03129	0.00456	0.00229	0.00580
4	0.00740	0.00520	0.00676	0.00676	0.00716	0.00561	0.00456	0.00821	0.00781	0.01081	0.01511	0.02770	0.01610	0.47741	0.36489	0.00641	0.00882	0.00660	0.00295	0.00375
5	0.00695	0.00523	0.00629	0.00612	0.00738	0.00474	0.00454	0.00880	0.01289	0.01729	0.45323	0.04222	0.27588	0.08404	0.00790	0.00199	0.00281	0.04210	0.00510	0.00452
6	0.00925	0.00592	0.00749	0.00681	0.00849	0.00547	0.00520	0.01204	0.04918	0.11150	0.57523	0.03623	0.12697	0.01012	0.00591	0.00163	0.00275	0.00881	0.00561	0.00540
7	0.02302	0.00873	0.01191	0.00913	0.01310	0.00754	0.00754	0.02501	0.01469	0.79122	0.02024	0.01746	0.01270	0.00635	0.00516	0.00159	0.00437	0.00516	0.00635	0.00873
