[name]
unknown

[dist]
# distance from previous block
# <min> <max>
0	178

[block]
# block no. 0 follows, 47 sequences, length 104
# corresponding to MSA columns:
# 202-305
name=unknown_A
#
# <colnr> <probs for GDERKNQSTAVLIFYWHMCP>
#	G	D	E	R	K	N	Q	S	T	A	V	L	I	F	Y	W	H	M	C	P
0	0.00634	0.00453	0.00604	0.00725	0.00755	0.00423	0.00483	0.00725	0.00997	0.01329	0.02870	0.81358	0.03444	0.01632	0.00665	0.00211	0.00302	0.01480	0.00483	0.00423
1	0.00757	0.00505	0.00568	0.00568	0.00568	0.00505	0.00316	0.00757	0.00757	0.01010	0.01641	0.03408	0.01893	0.81698	0.02651	0.00505	0.00505	0.00757	0.00316	0.00316
2	0.00722	0.00491	0.00583	0.00616	0.00629	0.00481	0.00370	0.00756	0.00852	0.01140	0.04772	0.25634	0.02445	0.55957	0.02011	0.00409	0.00438	0.00970	0.00373	0.00353
3	0.00708	0.00489	0.00605	0.00669	0.00691	0.00475	0.00431	0.00767	0.00899	0.01196	0.02281	0.38763	0.02677	0.39456	0.01607	0.00352	0.00411	0.06741	0.00404	0.00377
4	0.00648	0.00461	0.00612	0.00728	0.00760	0.00433	0.00490	0.00740	0.00995	0.01325	0.02814	0.75099	0.03361	0.05028	0.00751	0.00225	0.00318	0.04316	0.00476	0.00421
5	0.00634	0.00453	0.00604	0.00725	0.00755	0.00423	0.00483	0.00725	0.00997	0.01329	0.02870	0.81358	0.03444	0.01632	0.00665	0.00211	0.00302	0.01480	0.00483	0.00423
6	0.00681	0.00489	0.00646	0.00694	0.00766	0.00454	0.00487	0.00841	0.01211	0.01670	0.36712	0.46545	0.04105	0.01377	0.00642	0.00190	0.00277	0.01238	0.00524	0.00454
7	0.00622	0.00528	0.00537	0.00534	0.00707	0.00442	0.00401	0.00760	0.01202	0.01443	0.09148	0.04952	0.74344	0.01305	0.00615	0.00175	0.00263	0.01091	0.00488	0.00442
8	0.01392	0.82012	0.02729	0.00891	0.01337	0.02061	0.00891	0.01559	0.01058	0.01225	0.00724	0.00835	0.00668	0.00446	0.00334	0.00111	0.00557	0.00278	0.00223	0.00668
9	0.00634	0.00453	0.00604	0.00725	0.00755	0.00423	0.00483	0.00725	0.00997	0.01329	0.02870	0.81358	0.03444	0.01632	0.00665	0.00211	0.00302	0.01480	0.00483	0.00423
10	0.01927	0.01433	0.01533	0.01188	0.01595	0.01591	0.00977	0.71074	0.08173	0.03198	0.01317	0.01303	0.00939	0.00631	0.00522	0.00158	0.00561	0.00478	0.00522	0.00881
11	0.01615	0.01873	0.01740	0.07391	0.32911	0.42565	0.01276	0.01834	0.01329	0.01451	0.00884	0.01111	0.00735	0.00506	0.00492	0.00145	0.00793	0.00396	0.00262	0.00692
12	0.02148	0.01188	0.01395	0.01070	0.01480	0.01213	0.00884	0.41658	0.01996	0.38976	0.01630	0.01497	0.01076	0.00634	0.00522	0.00159	0.00512	0.00495	0.00579	0.00886
13	0.83372	0.01004	0.00776	0.00691	0.01015	0.01159	0.00569	0.01555	0.00901	0.04183	0.00757	0.00868	0.00581	0.00487	0.00327	0.00161	0.00404	0.00288	0.00330	0.00572
14	0.00859	0.00762	0.01019	0.30443	0.01883	0.00838	0.00860	0.01275	0.12894	0.01492	0.03003	0.08357	0.32414	0.00948	0.00570	0.00178	0.00450	0.00809	0.00397	0.00550
15	0.00634	0.00453	0.00604	0.00725	0.00755	0.00423	0.00483	0.00725	0.00997	0.01329	0.02870	0.81358	0.03444	0.01632	0.00665	0.00211	0.00302	0.01480	0.00483	0.00423
16	0.02336	0.00886	0.01209	0.00927	0.01329	0.00765	0.00765	0.02538	0.01491	0.78810	0.02055	0.01773	0.01289	0.00645	0.00524	0.00161	0.00443	0.00524	0.00645	0.00886
17	0.01234	0.01392	0.03000	0.02271	0.08506	0.01311	0.70833	0.01663	0.01226	0.01671	0.01048	0.01396	0.00793	0.00441	0.00607	0.00174	0.00858	0.00603	0.00263	0.00712
18	0.00634	0.00453	0.00604	0.00725	0.00755	0.00423	0.00483	0.00725	0.00997	0.01329	0.02870	0.81358	0.03444	0.01632	0.00665	0.00211	0.00302	0.01480	0.00483	0.00423
19	0.02336	0.00886	0.01209	0.00927	0.01329	0.00765	0.00765	0.02538	0.01491	0.78810	0.02055	0.01773	0.01289	0.00645	0.00524	0.00161	0.00443	0.00524	0.00645	0.00886
20	0.00634	0.00453	0.00604	0.00725	0.00755	0.00423	0.00483	0.00725	0.00997	0.01329	0.02870	0.81358	0.03444	0.01632	0.00665	0.00211	0.00302	0.01480	0.00483	0.00423
21	0.01518	0.00991	0.01072	0.00880	0.01151	0.01060	0.00699	0.38686	0.01758	0.06865	0.01542	0.05077	0.01242	0.06846	0.00638	0.00174	0.00440	0.00542	0.28126	0.00691
22	0.85377	0.01007	0.00765	0.00685	0.01007	0.01168	0.00564	0.01531	0.00886	0.02336	0.00725	0.00846	0.00564	0.00483	0.00322	0.00161	0.00403	0.00282	0.00322	0.00564
23	0.01983	0.01236	0.01376	0.01090	0.01469	0.04166	0.00889	0.34961	0.13623	0.29632	0.01641	0.01528	0.01125	0.00647	0.00544	0.00162	0.02018	0.00501	0.00551	0.00860
24	0.01953	0.02268	0.01494	0.01312	0.01611	0.63266	0.01003	0.17717	0.01680	0.01695	0.00898	0.01004	0.00716	0.00555	0.00480	0.00139	0.00862	0.00363	0.00321	0.00663
25	0.01286	0.01409	0.02958	0.02119	0.02637	0.01340	0.70787	0.07400	0.01322	0.01791	0.01069	0.01393	0.00797	0.00453	0.00607	0.00174	0.00855	0.00603	0.00283	0.00716
26	0.02083	0.05152	0.01473	0.01071	0.01481	0.01199	0.02899	0.31863	0.04424	0.40368	0.01645	0.01515	0.01095	0.00624	0.00516	0.00158	0.00511	0.00494	0.00561	0.00868
27	0.01045	0.02694	0.79000	0.01484	0.02254	0.01209	0.01924	0.01649	0.01099	0.01649	0.00935	0.01099	0.00660	0.00495	0.00495	0.00165	0.00770	0.00385	0.00220	0.00770
28	0.00737	0.00532	0.00696	0.00655	0.00778	0.00491	0.00491	0.00983	0.01474	0.02088	0.78175	0.03890	0.04914	0.01065	0.00614	0.00164	0.00246	0.00942	0.00573	0.00491
29	0.01249	0.01079	0.01134	0.01024	0.01310	0.01237	0.00795	0.02630	0.72340	0.02126	0.02333	0.02151	0.06781	0.00748	0.00536	0.00177	0.00402	0.00623	0.00527	0.00798
30	0.01285	0.01533	0.09185	0.03378	0.04182	0.11891	0.34751	0.01856	0.14974	0.01682	0.01326	0.01762	0.01080	0.00597	0.00592	0.00175	0.02210	0.06518	0.00324	0.00697
31	0.01945	0.02482	0.01476	0.01342	0.01610	0.79608	0.01006	0.02079	0.01476	0.01275	0.00805	0.00939	0.00671	0.00537	0.00470	0.00134	0.00939	0.00335	0.00268	0.00604
32	0.00616	0.00525	0.00530	0.00534	0.00705	0.00439	0.00399	0.00747	0.01181	0.01404	0.05194	0.07605	0.75698	0.01330	0.00617	0.00177	0.00265	0.01112	0.00484	0.00439
33	0.02312	0.00925	0.01233	0.00945	0.01349	0.00823	0.00781	0.07561	0.01555	0.73695	0.02000	0.01737	0.01262	0.00643	0.00524	0.00161	0.00452	0.00520	0.00636	0.00886
34	0.00988	0.00931	0.01563	0.78317	0.03527	0.01169	0.01438	0.01328	0.01035	0.01328	0.00919	0.01382	0.00694	0.00531	0.00553	0.00175	0.02850	0.00463	0.00231	0.00578
35	0.85377	0.01007	0.00765	0.00685	0.01007	0.01168	0.00564	0.01531	0.00886	0.02336	0.00725	0.00846	0.00564	0.00483	0.00322	0.00161	0.00403	0.00282	0.00322	0.00564
36	0.00731	0.00522	0.00715	0.00836	0.00908	0.00506	0.00652	0.00892	0.01092	0.01438	0.02817	0.45685	0.03233	0.01540	0.00690	0.00225	0.00386	0.36199	0.00482	0.00450
37	0.06756	0.02579	0.73702	0.01430	0.02169	0.01207	0.01832	0.01641	0.01085	0.01696	0.00920	0.01082	0.00653	0.00494	0.00483	0.00165	0.00745	0.00378	0.00227	0.00756
38	0.00755	0.00625	0.00684	0.00720	0.00814	0.05810	0.00511	0.00904	0.01208	0.01583	0.27675	0.41389	0.12711	0.01334	0.00629	0.00186	0.00322	0.01181	0.00498	0.00460
39	0.00643	0.00457	0.00602	0.00715	0.00743	0.00428	0.00472	0.00727	0.00981	0.01308	0.02788	0.76139	0.03340	0.06993	0.00798	0.00231	0.00316	0.01432	0.00472	0.00416
40	0.85377	0.01007	0.00765	0.00685	0.01007	0.01168	0.00564	0.01531	0.00886	0.02336	0.00725	0.00846	0.00564	0.00483	0.00322	0.00161	0.00403	0.00282	0.00322	0.00564
41	0.01080	0.00926	0.01080	0.00771	0.01234	0.00694	0.00617	0.01311	0.01080	0.01697	0.00926	0.01080	0.00771	0.00386	0.00386	0.00077	0.00386	0.00309	0.00309	0.84882
42	0.02104	0.00901	0.01178	0.00929	0.01301	0.00824	0.00758	0.04028	0.10055	0.63402	0.07200	0.01924	0.01560	0.00680	0.00530	0.00163	0.00429	0.00558	0.00624	0.00853
43	0.00635	0.00514	0.00567	0.00605	0.00741	0.00446	0.00447	0.00764	0.01141	0.01398	0.04519	0.23746	0.54903	0.01403	0.00634	0.00189	0.00288	0.06137	0.00483	0.00438
44	0.01808	0.01373	0.01466	0.01164	0.01550	0.01535	0.00948	0.58188	0.21253	0.03006	0.01468	0.01424	0.01062	0.00646	0.00523	0.00161	0.00533	0.00499	0.00523	0.00870
45	0.00647	0.00473	0.00655	0.00755	0.00796	0.00441	0.02049	0.00745	0.01002	0.01336	0.02833	0.79713	0.03390	0.01607	0.00664	0.00211	0.00314	0.01463	0.00479	0.00429
46	0.01392	0.82012	0.02729	0.00891	0.01337	0.02061	0.00891	0.01559	0.01058	0.01225	0.00724	0.00835	0.00668	0.00446	0.00334	0.00111	0.00557	0.00278	0.00223	0.00668
47	0.01342	0.01142	0.01204	0.01069	0.01372	0.01317	0.00835	0.07775	0.72426	0.02253	0.02061	0.01896	0.01542	0.00701	0.00529	0.00175	0.00423	0.00581	0.00529	0.00828
48	0.00752	0.00526	0.00621	0.00648	0.00780	0.00463	0.00471	0.00883	0.01153	0.06664	0.08378	0.33609	0.38411	0.01380	0.00631	0.00189	0.00295	0.03179	0.00500	0.00468
49	0.00737	0.00532	0.00696	0.00655	0.00778	0.00491	0.00491	0.00983	0.01474	0.02088	0.78175	0.03890	0.04914	0.01065	0.00614	0.00164	0.00246	0.00942	0.00573	0.00491
50	0.03909	0.02636	0.76343	0.01457	0.02212	0.01208	0.01878	0.01645	0.01092	0.01673	0.00927	0.01091	0.00656	0.00494	0.00489	0.00165	0.00757	0.00381	0.00223	0.00763
51	0.01419	0.00907	0.01061	0.00921	0.01199	0.00951	0.00723	0.02246	0.38243	0.21881	0.21806	0.02403	0.02373	0.00783	0.00550	0.00169	0.00377	0.00663	0.00571	0.00754
52	0.00634	0.00453	0.00604	0.00725	0.00755	0.00423	0.00483	0.00725	0.00997	0.01329	0.02870	0.81358	0.03444	0.01632	0.00665	0.00211	0.00302	0.01480	0.00483	0.00423
53	0.00699	0.00503	0.00662	0.00681	0.00770	0.00466	0.00488	0.00887	0.01296	0.01805	0.50076	0.32796	0.04365	0.01276	0.00633	0.00182	0.00267	0.01143	0.00540	0.00466
54	0.00661	0.00529	0.00590	0.00575	0.00731	0.00459	0.00431	0.00835	0.01294	0.01661	0.32477	0.04593	0.50879	0.01224	0.00615	0.00171	0.00257	0.01040	0.00517	0.00459
55	0.79729	0.01038	0.00819	0.00720	0.01048	0.01199	0.00593	0.06622	0.00992	0.02401	0.00761	0.00873	0.00586	0.00493	0.00336	0.00161	0.00414	0.00295	0.00336	0.00586
56	0.00737	0.00532	0.00696	0.00655	0.00778	0.00491	0.00491	0.00983	0.01474	0.02088	0.78175	0.03890	0.04914	0.01065	0.00614	0.00164	0.00246	0.00942	0.00573	0.00491
57	0.85377	0.01007	0.00765	0.00685	0.01007	0.01168	0.00564	0.01531	0.00886	0.02336	0.00725	0.00846	0.00564	0.00483	0.00322	0.00161	0.00403	0.00282	0.00322	0.00564
58	0.01295	0.01119	0.01178	0.01060	0.01354	0.01295	0.00824	0.02767	0.77509	0.02178	0.02120	0.01943	0.01590	0.00707	0.00530	0.00177	0.00412	0.00589	0.00530	0.00824
59	0.00634	0.00453	0.00604	0.00725	0.00755	0.00423	0.00483	0.00725	0.00997	0.01329	0.02870	0.81358	0.03444	0.01632	0.00665	0.00211	0.00302	0.01480	0.00483	0.00423
60	0.01980	0.01459	0.01563	0.01198	0.01615	0.01615	0.00990	0.76713	0.02448	0.03282	0.01250	0.01250	0.00886	0.00625	0.00521	0.00156	0.00573	0.00469	0.00521	0.00886
61	0.85377	0.01007	0.00765	0.00685	0.01007	0.01168	0.00564	0.01531	0.00886	0.02336	0.00725	0.00846	0.00564	0.00483	0.00322	0.00161	0.00403	0.00282	0.00322	0.00564
62	0.00734	0.00532	0.00692	0.00652	0.00776	0.00490	0.00489	0.00977	0.01468	0.02073	0.76539	0.03915	0.06559	0.01070	0.00614	0.00164	0.00246	0.00945	0.00571	0.00490
63	0.01215	0.01406	0.04701	0.02089	0.02584	0.01319	0.67913	0.01631	0.01193	0.01640	0.01023	0.01372	0.00779	0.00471	0.00680	0.00177	0.06273	0.00591	0.00261	0.02682
64	0.00983	0.00926	0.01562	0.80447	0.03587	0.01157	0.01446	0.01331	0.01041	0.01331	0.00926	0.01388	0.00694	0.00521	0.00521	0.00174	0.00694	0.00463	0.00231	0.00579
65	0.00639	0.00457	0.00610	0.00731	0.00763	0.00427	0.00492	0.00733	0.01002	0.01335	0.02868	0.79594	0.03434	0.01627	0.00666	0.00212	0.00306	0.03198	0.00483	0.00424
66	0.01045	0.02694	0.79000	0.01484	0.02254	0.01209	0.01924	0.01649	0.01099	0.01649	0.00935	0.01099	0.00660	0.00495	0.00495	0.00165	0.00770	0.00385	0.00220	0.00770
67	0.00788	0.00644	0.00720	0.00722	0.00832	0.05831	0.00528	0.00979	0.01325	0.01785	0.47549	0.24968	0.07298	0.01203	0.00621	0.00177	0.00314	0.02716	0.00522	0.00478
68	0.00634	0.00453	0.00604	0.00725	0.00755	0.00423	0.00483	0.00725	0.00997	0.01329	0.02870	0.81358	0.03444	0.01632	0.00665	0.00211	0.00302	0.01480	0.00483	0.00423
69	0.01448	0.00945	0.00995	0.00822	0.01083	0.01019	0.00660	0.36894	0.01733	0.02575	0.01487	0.01615	0.01123	0.00615	0.00438	0.00138	0.00399	0.00478	0.44859	0.00675
70	0.31157	0.00879	0.00901	0.00874	0.01108	0.00974	0.00724	0.06607	0.12923	0.02022	0.01778	0.03042	0.01716	0.04778	0.00628	0.00209	0.00449	0.28224	0.00426	0.00582
71	0.00751	0.00506	0.00566	0.00566	0.00574	0.00502	0.00319	0.00757	0.00778	0.01029	0.01815	0.03485	0.05554	0.77845	0.02553	0.00489	0.00493	0.00774	0.00324	0.00321
72	0.05157	0.00890	0.01193	0.00918	0.01318	0.00779	0.00759	0.02504	0.01470	0.76213	0.02009	0.01741	0.01264	0.00639	0.00517	0.00161	0.00442	0.00515	0.00634	0.00875
73	0.00729	0.00532	0.00685	0.00647	0.00773	0.00488	0.00485	0.00967	0.01455	0.02042	0.73238	0.03966	0.09880	0.01082	0.00614	0.00165	0.00247	0.00952	0.00567	0.00488
74	0.00687	0.00496	0.00661	0.00764	0.00828	0.00469	0.00561	0.00825	0.01085	0.01437	0.08063	0.55040	0.07145	0.01533	0.00671	0.00213	0.00337	0.18254	0.00489	0.00441
75	0.01980	0.01459	0.01563	0.01198	0.01615	0.01615	0.00990	0.76713	0.02448	0.03282	0.01250	0.01250	0.00886	0.00625	0.00521	0.00156	0.00573	0.00469	0.00521	0.00886
76	0.01262	0.00649	0.00864	0.00744	0.00959	0.00581	0.00581	0.01494	0.01480	0.27291	0.53170	0.03194	0.03723	0.00927	0.00584	0.00163	0.00311	0.00804	0.00597	0.00621
77	0.00628	0.00479	0.00578	0.00658	0.00738	0.00429	0.00453	0.00733	0.01062	0.01356	0.03693	0.55251	0.29021	0.01525	0.00648	0.00199	0.00289	0.01350	0.00483	0.00429
78	0.00737	0.00532	0.00696	0.00655	0.00778	0.00491	0.00491	0.00983	0.01474	0.02088	0.78175	0.03890	0.04914	0.01065	0.00614	0.00164	0.00246	0.00942	0.00573	0.00491
79	0.01945	0.02482	0.01476	0.01342	0.01610	0.79608	0.01006	0.02079	0.01476	0.01275	0.00805	0.00939	0.00671	0.00537	0.00470	0.00134	0.00939	0.00335	0.00268	0.00604
80	0.00744	0.00558	0.00837	0.00837	0.00930	0.00651	0.00651	0.00930	0.00837	0.01209	0.01395	0.02046	0.01302	0.03906	0.79635	0.00837	0.01395	0.00558	0.00279	0.00465
81	0.00724	0.00547	0.00670	0.00637	0.00776	0.00501	0.00478	0.00976	0.03399	0.01935	0.59567	0.04095	0.21540	0.01113	0.00612	0.00167	0.00254	0.00968	0.00552	0.00488
82	0.00737	0.00532	0.00696	0.00655	0.00778	0.00491	0.00491	0.00983	0.01474	0.02088	0.78175	0.03890	0.04914	0.01065	0.00614	0.00164	0.00246	0.00942	0.00573	0.00491
83	0.00757	0.00505	0.00568	0.00568	0.00568	0.00505	0.00316	0.00757	0.00757	0.01010	0.01641	0.03408	0.01893	0.81698	0.02651	0.00505	0.00505	0.00757	0.00316	0.00316
84	0.00839	0.00599	0.00839	0.00959	0.01079	0.00599	0.00839	0.01079	0.01199	0.01558	0.02757	0.05874	0.02997	0.01439	0.00719	0.00240	0.00480	0.74945	0.00480	0.00480
85	0.01295	0.01119	0.01178	0.01060	0.01354	0.01295	0.00824	0.02767	0.77509	0.02178	0.02120	0.01943	0.01590	0.00707	0.00530	0.00177	0.00412	0.00589	0.00530	0.00824
86	0.00757	0.00505	0.00568	0.00568	0.00568	0.00505	0.00316	0.00757	0.00757	0.01010	0.01641	0.03408	0.01893	0.81698	0.02651	0.00505	0.00505	0.00757	0.00316	0.00316
87	0.00744	0.00558	0.00837	0.00837	0.00930	0.00651	0.00651	0.00930	0.00837	0.01209	0.01395	0.02046	0.01302	0.03906	0.79635	0.00837	0.01395	0.00558	0.00279	0.00465
88	0.01080	0.00926	0.01080	0.00771	0.01234	0.00694	0.00617	0.01311	0.01080	0.01697	0.00926	0.01080	0.00771	0.00386	0.00386	0.00077	0.00386	0.00309	0.00309	0.84882
89	0.02336	0.00886	0.01209	0.00927	0.01329	0.00765	0.00765	0.02538	0.01491	0.78810	0.02055	0.01773	0.01289	0.00645	0.00524	0.00161	0.00443	0.00524	0.00645	0.00886
90	0.00971	0.00485	0.00485	0.00485	0.00607	0.00485	0.00364	0.01213	0.01092	0.01942	0.01699	0.01942	0.01335	0.00607	0.00364	0.00121	0.00243	0.00485	0.84589	0.00485
91	0.00634	0.00453	0.00604	0.00725	0.00755	0.00423	0.00483	0.00725	0.00997	0.01329	0.02870	0.81358	0.03444	0.01632	0.00665	0.00211	0.00302	0.01480	0.00483	0.00423
92	0.01980	0.01459	0.01563	0.01198	0.01615	0.01615	0.00990	0.76713	0.02448	0.03282	0.01250	0.01250	0.00886	0.00625	0.00521	0.00156	0.00573	0.00469	0.00521	0.00886
93	0.00634	0.00453	0.00604	0.00725	0.00755	0.00423	0.00483	0.00725	0.00997	0.01329	0.02870	0.81358	0.03444	0.01632	0.00665	0.00211	0.00302	0.01480	0.00483	0.00423
94	0.00667	0.00573	0.00577	0.00568	0.00753	0.00505	0.00428	0.00902	0.07016	0.01466	0.05034	0.04777	0.72384	0.01272	0.00609	0.00176	0.00275	0.01060	0.00487	0.00469
95	0.00694	0.00483	0.00612	0.00688	0.00715	0.00468	0.00452	0.00765	0.00923	0.01230	0.02399	0.47133	0.02823	0.29911	0.02976	0.00330	0.00408	0.06182	0.00420	0.00390
96	0.01312	0.63717	0.20321	0.01028	0.01548	0.01864	0.01129	0.01580	0.01068	0.01323	0.00773	0.00896	0.00666	0.00457	0.00371	0.00124	0.00606	0.00303	0.00222	0.00692
97	0.00634	0.00453	0.00604	0.00725	0.00755	0.00423	0.00483	0.00725	0.00997	0.01329	0.02870	0.81358	0.03444	0.01632	0.00665	0.00211	0.00302	0.01480	0.00483	0.00423
98	0.01809	0.01356	0.01454	0.01156	0.01540	0.01511	0.00941	0.55640	0.22039	0.04777	0.01496	0.01444	0.01079	0.00647	0.00523	0.00162	0.00528	0.00501	0.00526	0.00870
99	0.01070	0.01043	0.01606	0.52684	0.08031	0.03330	0.01366	0.01348	0.00999	0.01334	0.00863	0.01305	0.00700	0.00618	0.00826	0.00185	0.21406	0.00458	0.00233	0.00594
100	0.01899	0.02010	0.01524	0.01369	0.05285	0.45479	0.01021	0.28037	0.04957	0.02031	0.01023	0.01106	0.00791	0.00571	0.00492	0.00145	0.00775	0.00398	0.00367	0.00722
101	0.71312	0.00984	0.00802	0.00705	0.01020	0.01120	0.00578	0.05155	0.01003	0.05685	0.00883	0.00989	0.00670	0.00507	0.00344	0.00158	0.00401	0.00317	0.06782	0.00587
102	0.12034	0.00889	0.01014	0.06274	0.04497	0.04886	0.00766	0.09396	0.01383	0.02008	0.31108	0.02948	0.05269	0.00903	0.00615	0.00175	0.04274	0.10540	0.00451	0.00570
103	0.05394	0.51763	0.02234	0.01019	0.01407	0.18888	0.00916	0.08469	0.01261	0.01474	0.00788	0.00903	0.00684	0.00494	0.00412	0.00125	0.02524	0.00312	0.00264	0.00667

[dist]
# distance from previous block
# <min> <max>
5	20

[block]
# block no. 1 follows, 47 sequences, length 55
# corresponding to MSA columns:
# 331-385
name=unknown_B
#
# <colnr> <probs for GDERKNQSTAVLIFYWHMCP>
#	G	D	E	R	K	N	Q	S	T	A	V	L	I	F	Y	W	H	M	C	P
0	0.23518	0.01190	0.05100	0.16505	0.39075	0.01212	0.01297	0.03262	0.01105	0.01836	0.00907	0.01180	0.00726	0.00485	0.00464	0.00160	0.00581	0.00412	0.00274	0.00710
1	0.24788	0.25322	0.34853	0.01087	0.01637	0.01446	0.01242	0.01590	0.01028	0.01718	0.00815	0.00951	0.00635	0.00477	0.00400	0.00148	0.00605	0.00325	0.00249	0.00682
2	0.01796	0.01607	0.01513	0.03321	0.05842	0.19805	0.00992	0.43725	0.01944	0.02476	0.01082	0.01162	0.00813	0.00563	0.00492	0.00142	0.00641	0.00417	0.00413	0.11254
3	0.00873	0.00667	0.00844	0.00952	0.06994	0.00657	0.00623	0.11314	0.01234	0.01631	0.02821	0.50246	0.14030	0.03696	0.00684	0.00203	0.00365	0.01182	0.00466	0.00518
4	0.00639	0.00484	0.00592	0.00675	0.00756	0.00437	0.00474	0.00750	0.01067	0.01365	0.03618	0.53579	0.26867	0.01524	0.00652	0.00202	0.00299	0.05105	0.00483	0.00431
5	0.00844	0.00663	0.00981	0.22702	0.05844	0.00698	0.00836	0.01038	0.01078	0.04305	0.02493	0.36588	0.11731	0.01172	0.00610	0.00194	0.00442	0.06862	0.00408	0.00512
6	0.01250	0.01102	0.01724	0.19612	0.34980	0.01231	0.01332	0.07392	0.01191	0.04806	0.01116	0.06815	0.00977	0.00648	0.00718	0.00175	0.13386	0.00535	0.00299	0.00709
7	0.01657	0.00921	0.01132	0.00939	0.01239	0.00912	0.00765	0.22762	0.01704	0.29413	0.18491	0.05792	0.02237	0.00857	0.00570	0.00171	0.00435	0.08697	0.00570	0.00737
8	0.00637	0.00462	0.00602	0.00707	0.00752	0.00427	0.00477	0.00737	0.01032	0.01367	0.06146	0.72157	0.09409	0.01584	0.00659	0.00207	0.00297	0.01428	0.00487	0.00427
9	0.01254	0.01074	0.01051	0.00961	0.01166	0.09534	0.00720	0.15637	0.24036	0.01891	0.01896	0.16995	0.01818	0.15432	0.00936	0.00236	0.00498	0.03783	0.00451	0.00631
10	0.01121	0.09930	0.54404	0.01618	0.04367	0.01313	0.16782	0.01643	0.01124	0.01614	0.00940	0.01141	0.00691	0.00478	0.00504	0.00162	0.00767	0.00423	0.00230	0.00748
11	0.01072	0.08955	0.72979	0.01437	0.02182	0.01277	0.01843	0.01642	0.01096	0.01616	0.00918	0.01079	0.00660	0.00491	0.00482	0.00161	0.00753	0.00376	0.00220	0.00762
12	0.02806	0.47875	0.34075	0.01131	0.01708	0.01694	0.01310	0.01596	0.01072	0.01420	0.00811	0.00944	0.00663	0.00466	0.00400	0.00134	0.00642	0.00322	0.00223	0.00708
13	0.01294	0.01290	0.02489	0.09796	0.02475	0.01278	0.51696	0.12669	0.01379	0.01894	0.01122	0.01424	0.00838	0.00488	0.00571	0.00168	0.00763	0.00567	0.07098	0.00699
14	0.01289	0.01237	0.02114	0.03196	0.78450	0.01237	0.01598	0.01598	0.01186	0.01701	0.00980	0.01289	0.00825	0.00464	0.00516	0.00155	0.00619	0.00464	0.00258	0.00825
15	0.01501	0.00999	0.01379	0.01033	0.01463	0.00872	0.10133	0.01913	0.11347	0.24698	0.01436	0.01441	0.01036	0.00512	0.00474	0.00128	0.00467	0.00448	0.00432	0.38288
16	0.01945	0.02482	0.01476	0.01342	0.01610	0.79608	0.01006	0.02079	0.01476	0.01275	0.00805	0.00939	0.00671	0.00537	0.00470	0.00134	0.00939	0.00335	0.00268	0.00604
17	0.01080	0.00926	0.01080	0.00771	0.01234	0.00694	0.00617	0.01311	0.01080	0.01697	0.00926	0.01080	0.00771	0.00386	0.00386	0.00077	0.00386	0.00309	0.00309	0.84882
18	0.00722	0.00532	0.00675	0.00639	0.00769	0.00485	0.00479	0.00953	0.01438	0.02004	0.69109	0.04030	0.14032	0.01096	0.00614	0.00165	0.00248	0.00961	0.00562	0.00485
19	0.01070	0.00591	0.00780	0.00731	0.00895	0.00533	0.00548	0.01257	0.01332	0.19432	0.36437	0.25172	0.06868	0.01138	0.00608	0.00177	0.00308	0.01004	0.00561	0.00560
20	0.01229	0.01405	0.03073	0.02195	0.02722	0.01317	0.76558	0.01668	0.01229	0.01668	0.01054	0.01405	0.00790	0.00439	0.00615	0.00176	0.00878	0.00615	0.00263	0.00702
21	0.00983	0.00926	0.01562	0.80447	0.03587	0.01157	0.01446	0.01331	0.01041	0.01331	0.00926	0.01388	0.00694	0.00521	0.00521	0.00174	0.00694	0.00463	0.00231	0.00579
22	0.00729	0.00526	0.00689	0.00661	0.00776	0.00486	0.00491	0.00962	0.01436	0.02028	0.72230	0.10005	0.04798	0.01109	0.00618	0.00168	0.00250	0.00984	0.00566	0.00486
23	0.01289	0.01237	0.02114	0.03196	0.78450	0.01237	0.01598	0.01598	0.01186	0.01701	0.00980	0.01289	0.00825	0.00464	0.00516	0.00155	0.00619	0.00464	0.00258	0.00825
24	0.00638	0.00477	0.00594	0.00674	0.00745	0.00432	0.00464	0.00751	0.01079	0.01408	0.09492	0.57660	0.20659	0.01514	0.00649	0.00199	0.00289	0.01350	0.00491	0.00432
25	0.00615	0.00528	0.00528	0.00528	0.00703	0.00440	0.00396	0.00747	0.01187	0.01407	0.05276	0.05012	0.78238	0.01319	0.00615	0.00176	0.00264	0.01099	0.00484	0.00440
26	0.00839	0.00599	0.00839	0.00959	0.01079	0.00599	0.00839	0.01079	0.01199	0.01558	0.02757	0.05874	0.02997	0.01439	0.00719	0.00240	0.00480	0.74945	0.00480	0.00480
27	0.01709	0.01324	0.01411	0.01143	0.01512	0.01489	0.00924	0.47490	0.32112	0.02846	0.01594	0.01524	0.01164	0.00657	0.00524	0.00164	0.00509	0.00516	0.00524	0.00861
28	0.01608	0.01270	0.01355	0.01112	0.01472	0.01419	0.00893	0.37579	0.38669	0.02677	0.01656	0.01577	0.01221	0.00654	0.00519	0.00163	0.00487	0.00520	0.00516	0.04633
29	0.85377	0.01007	0.00765	0.00685	0.01007	0.01168	0.00564	0.01531	0.00886	0.02336	0.00725	0.00846	0.00564	0.00483	0.00322	0.00161	0.00403	0.00282	0.00322	0.00564
30	0.00634	0.00453	0.00604	0.00725	0.00755	0.00423	0.00483	0.00725	0.00997	0.01329	0.02870	0.81358	0.03444	0.01632	0.00665	0.00211	0.00302	0.01480	0.00483	0.00423
31	0.00810	0.00567	0.00747	0.00824	0.00905	0.00566	0.00660	0.00971	0.01059	0.01389	0.03956	0.05022	0.02674	0.27832	0.01352	0.00325	0.00483	0.49005	0.00428	0.00426
32	0.00934	0.00586	0.00699	0.00639	0.00831	0.00511	0.00491	0.01120	0.01345	0.13886	0.32604	0.04072	0.38092	0.01115	0.00601	0.00169	0.00285	0.00948	0.00543	0.00530
33	0.00737	0.00532	0.00696	0.00655	0.00778	0.00491	0.00491	0.00983	0.01474	0.02088	0.78175	0.03890	0.04914	0.01065	0.00614	0.00164	0.00246	0.00942	0.00573	0.00491
34	0.01139	0.01139	0.01595	0.01367	0.01367	0.01595	0.01139	0.01253	0.00798	0.01253	0.00684	0.01139	0.00684	0.00911	0.01709	0.00228	0.80745	0.00456	0.00228	0.00570
35	0.00886	0.00574	0.00691	0.00637	0.00816	0.00504	0.00486	0.01080	0.01359	0.11351	0.38876	0.04086	0.34469	0.01116	0.00603	0.00168	0.00278	0.00954	0.00545	0.00519
36	0.00797	0.00605	0.00848	0.00864	0.00936	0.00694	0.00673	0.00962	0.00936	0.01345	0.01857	0.21467	0.01957	0.02415	0.34734	0.00479	0.10794	0.10166	0.07003	0.00471
37	0.01980	0.01459	0.01563	0.01198	0.01615	0.01615	0.00990	0.76713	0.02448	0.03282	0.01250	0.01250	0.00886	0.00625	0.00521	0.00156	0.00573	0.00469	0.00521	0.00886
38	0.00981	0.00911	0.01535	0.78022	0.03498	0.01136	0.01416	0.01311	0.01030	0.01318	0.00925	0.01394	0.00701	0.00560	0.00567	0.02747	0.00687	0.00462	0.00231	0.00568
39	0.00723	0.00516	0.00643	0.00658	0.00727	0.00499	0.00456	0.00847	0.01068	0.01447	0.23620	0.16375	0.09777	0.28336	0.07155	0.00341	0.00442	0.05518	0.00437	0.00414
40	0.01329	0.00804	0.00982	0.00805	0.01112	0.00725	0.00636	0.01726	0.12298	0.23210	0.22775	0.02471	0.08275	0.00762	0.00525	0.00146	0.00358	0.00643	0.00519	0.19899
41	0.00847	0.00695	0.00665	0.00647	0.00721	0.06902	0.00417	0.00956	0.04080	0.01211	0.06200	0.03485	0.16758	0.52121	0.01889	0.00380	0.00476	0.00792	0.00366	0.00393
42	0.01881	0.01424	0.01507	0.01171	0.01576	0.02896	0.00960	0.65719	0.09091	0.03084	0.01307	0.01300	0.00940	0.00621	0.00515	0.00154	0.00557	0.00471	0.00509	0.04317
43	0.16238	0.38138	0.04850	0.01005	0.01399	0.17327	0.00905	0.09936	0.03115	0.01694	0.00840	0.00940	0.00696	0.00498	0.00390	0.00133	0.00613	0.00323	0.00289	0.00669
44	0.10873	0.01485	0.01634	0.05836	0.25908	0.14629	0.01161	0.28251	0.01642	0.02240	0.01015	0.01172	0.00785	0.00538	0.00489	0.00153	0.00637	0.00424	0.00358	0.00768
45	0.01257	0.51160	0.32396	0.01122	0.01693	0.01730	0.01293	0.01594	0.01074	0.01390	0.00806	0.00938	0.00665	0.00465	0.00397	0.00132	0.00640	0.00320	0.00222	0.00708
46	0.01403	0.11044	0.01368	0.00983	0.01263	0.01189	0.00814	0.28926	0.01507	0.08097	0.01311	0.01582	0.01069	0.02015	0.34516	0.00444	0.00914	0.00488	0.00390	0.00678
47	0.01213	0.57144	0.10286	0.00895	0.01313	0.01648	0.00910	0.01433	0.01124	0.01391	0.10737	0.01573	0.07319	0.00597	0.00408	0.00129	0.00517	0.00437	0.00287	0.00639
48	0.01782	0.01270	0.10993	0.01237	0.07575	0.01088	0.01015	0.12723	0.17796	0.33849	0.01698	0.01593	0.01166	0.00614	0.00516	0.00161	0.00507	0.00501	0.00509	0.03407
49	0.01428	0.17233	0.01296	0.00806	0.01094	0.00926	0.00675	0.01677	0.03497	0.27929	0.34516	0.02497	0.02730	0.00786	0.00524	0.00153	0.00381	0.00655	0.00525	0.00670
50	0.01407	0.38569	0.28483	0.01145	0.01695	0.01646	0.01254	0.13933	0.01317	0.04777	0.00935	0.01030	0.00726	0.00500	0.00427	0.00139	0.00628	0.00356	0.00287	0.00747
51	0.08037	0.01394	0.08303	0.02332	0.33757	0.02525	0.24401	0.01590	0.01132	0.01685	0.00944	0.01252	0.00763	0.00508	0.00653	0.00170	0.09077	0.00486	0.00259	0.00732
52	0.01064	0.00875	0.00986	0.00993	0.06548	0.00921	0.00705	0.01857	0.37671	0.05014	0.06509	0.03100	0.29776	0.00927	0.00564	0.00174	0.00366	0.00780	0.00500	0.00671
53	0.04193	0.00605	0.00651	0.00695	0.00809	0.03937	0.00503	0.00861	0.01090	0.01421	0.06371	0.37235	0.28509	0.01582	0.06859	0.00242	0.00410	0.03123	0.00455	0.00450
54	0.01724	0.01161	0.07357	0.01023	0.01398	0.01067	0.00883	0.20447	0.15767	0.29008	0.12725	0.01928	0.01717	0.00700	0.00535	0.00163	0.00467	0.00571	0.00549	0.00809

[dist]
# distance from previous block
# <min> <max>
0	9

[block]
# block no. 2 follows, 47 sequences, length 6
# corresponding to MSA columns:
# 395-400
name=unknown_C
#
# <colnr> <probs for GDERKNQSTAVLIFYWHMCP>
#	G	D	E	R	K	N	Q	S	T	A	V	L	I	F	Y	W	H	M	C	P
0	0.01319	0.01322	0.01750	0.06133	0.11178	0.11149	0.15207	0.06442	0.16550	0.01780	0.06852	0.01565	0.01228	0.00633	0.00698	0.00170	0.11597	0.00530	0.00350	0.03547
1	0.01094	0.06709	0.00975	0.00847	0.01007	0.04659	0.00635	0.05021	0.05773	0.11693	0.02372	0.49433	0.02562	0.01247	0.00599	0.00190	0.00398	0.03748	0.00479	0.00560
2	0.01617	0.01743	0.01678	0.01400	0.01644	0.31763	0.08805	0.15115	0.04471	0.01703	0.00927	0.01141	0.00762	0.00659	0.00858	0.00171	0.24137	0.00433	0.00311	0.00663
3	0.00821	0.01155	0.23560	0.01023	0.01298	0.00710	0.01020	0.01110	0.01093	0.01497	0.02269	0.33358	0.02486	0.01237	0.00633	0.00207	0.00496	0.25080	0.00405	0.00543
4	0.01601	0.01631	0.01474	0.01284	0.01456	0.31792	0.01022	0.01833	0.06780	0.10220	0.00993	0.01193	0.00815	0.00720	0.01005	0.00180	0.34622	0.00427	0.00314	0.00638
5	0.00977	0.00719	0.01050	0.00907	0.01114	0.00661	0.09254	0.01247	0.05606	0.08387	0.21533	0.25548	0.02791	0.06954	0.00739	0.00194	0.00397	0.00916	0.00465	0.10540

[dist]
# distance from previous block
# <min> <max>
0	1

[block]
# block no. 3 follows, 47 sequences, length 44
# corresponding to MSA columns:
# 402-445
name=unknown_D
#
# <colnr> <probs for GDERKNQSTAVLIFYWHMCP>
#	G	D	E	R	K	N	Q	S	T	A	V	L	I	F	Y	W	H	M	C	P
0	0.01983	0.01408	0.01484	0.01166	0.01558	0.17622	0.06599	0.20797	0.01675	0.31771	0.01427	0.01385	0.00980	0.00581	0.00508	0.00149	0.00608	0.00460	0.00479	0.07360
1	0.01386	0.01383	0.01146	0.01093	0.01302	0.28242	0.00859	0.13677	0.03611	0.01716	0.01836	0.16559	0.01884	0.01006	0.00585	0.00183	0.00622	0.21907	0.00415	0.00588
2	0.01948	0.02396	0.01483	0.01330	0.01610	0.73040	0.01005	0.08364	0.01558	0.01444	0.00842	0.00965	0.00689	0.00544	0.00474	0.00136	0.00908	0.00347	0.00290	0.00627
3	0.04670	0.01114	0.01784	0.35321	0.37895	0.01230	0.01445	0.07339	0.01211	0.01695	0.00968	0.01309	0.00764	0.00501	0.00510	0.00163	0.00638	0.00456	0.00270	0.00716
4	0.01295	0.01119	0.01178	0.01060	0.01354	0.01295	0.00824	0.02767	0.77509	0.02178	0.02120	0.01943	0.01590	0.00707	0.00530	0.00177	0.00412	0.00589	0.00530	0.00824
5	0.01155	0.27810	0.54848	0.01296	0.01963	0.01479	0.01597	0.01621	0.01086	0.01515	0.00868	0.01016	0.00662	0.00479	0.00444	0.00148	0.00702	0.00351	0.00221	0.00738
6	0.01636	0.01294	0.01400	0.07309	0.01657	0.03583	0.00949	0.38456	0.28226	0.04360	0.01519	0.01497	0.01113	0.00634	0.00517	0.00161	0.00527	0.00501	0.00489	0.04174
7	0.32498	0.01287	0.01099	0.00951	0.01263	0.13853	0.00766	0.19197	0.04572	0.04388	0.04103	0.01658	0.03351	0.00657	0.00458	0.00161	0.00527	0.06223	0.00403	0.02585
8	0.07633	0.08488	0.64244	0.01347	0.02033	0.01244	0.01687	0.01609	0.01094	0.01687	0.03746	0.01162	0.00809	0.00511	0.00474	0.00161	0.00706	0.00389	0.00241	0.00736
9	0.00654	0.00509	0.00551	0.00571	0.00679	0.00453	0.00391	0.00746	0.01049	0.01296	0.03970	0.17564	0.46696	0.21226	0.01127	0.00263	0.00330	0.01079	0.00442	0.00406
10	0.01800	0.01271	0.01389	0.01117	0.01491	0.01398	0.00906	0.42477	0.27205	0.12818	0.01644	0.01548	0.01172	0.00655	0.00524	0.00164	0.00503	0.00516	0.00540	0.00865
11	0.01231	0.45209	0.38118	0.01166	0.01762	0.01666	0.01370	0.01601	0.01077	0.01422	0.00822	0.00958	0.00664	0.00468	0.00409	0.00136	0.00656	0.00328	0.00221	0.00715
12	0.00730	0.00569	0.00709	0.00737	0.00823	0.00579	0.00552	0.00851	0.01021	0.01323	0.03094	0.21197	0.25244	0.14573	0.07040	0.00301	0.06706	0.13097	0.00420	0.00434
13	0.00630	0.00523	0.00551	0.00555	0.00715	0.00444	0.00412	0.00771	0.01205	0.01475	0.12929	0.10179	0.65193	0.01313	0.00619	0.00177	0.00264	0.01109	0.00493	0.00444
14	0.00736	0.00566	0.00696	0.00760	0.00906	0.00526	0.00635	0.00926	0.01193	0.01489	0.03916	0.05477	0.37631	0.01383	0.00672	0.00210	0.00380	0.40954	0.00481	0.00461
15	0.01174	0.01133	0.01851	0.23305	0.41276	0.01296	0.01455	0.01450	0.01060	0.01502	0.00899	0.01282	0.00758	0.00579	0.00785	0.00176	0.18611	0.00462	0.00244	0.00702
16	0.00876	0.00452	0.00670	0.00683	0.00687	0.00449	0.00456	0.00683	0.00713	0.00950	0.01115	0.10140	0.01177	0.01790	0.01888	0.75770	0.00436	0.00563	0.00254	0.00247
17	0.00634	0.00453	0.00604	0.00725	0.00755	0.00423	0.00483	0.00725	0.00997	0.01329	0.02870	0.81358	0.03444	0.01632	0.00665	0.00211	0.00302	0.01480	0.00483	0.00423
18	0.01559	0.01247	0.01370	0.07306	0.01638	0.01419	0.00942	0.33753	0.39981	0.02576	0.01661	0.01608	0.01224	0.00658	0.00525	0.00168	0.00502	0.00529	0.00503	0.00831
19	0.00745	0.00555	0.00692	0.00749	0.00869	0.00524	0.00602	0.00919	0.01157	0.01481	0.09279	0.08281	0.25958	0.10685	0.00901	0.00244	0.00391	0.35054	0.00469	0.00447
20	0.01980	0.01459	0.01563	0.01198	0.01615	0.01615	0.00990	0.76713	0.02448	0.03282	0.01250	0.01250	0.00886	0.00625	0.00521	0.00156	0.00573	0.00469	0.00521	0.00886
21	0.01599	0.00808	0.01023	0.00893	0.01156	0.00774	0.00692	0.07719	0.10174	0.37244	0.02282	0.29309	0.02039	0.00992	0.00573	0.00180	0.00401	0.00858	0.00566	0.00719
22	0.01232	0.45387	0.37947	0.01165	0.01760	0.01668	0.01368	0.01601	0.01077	0.01421	0.00821	0.00957	0.00664	0.00468	0.00408	0.00136	0.00655	0.00328	0.00221	0.00715
23	0.01202	0.01325	0.02628	0.01946	0.02314	0.01401	0.53870	0.01543	0.01099	0.01543	0.00942	0.01325	0.00758	0.00581	0.00944	0.00191	0.24905	0.00567	0.00253	0.00662
24	0.00619	0.00528	0.00533	0.00531	0.00706	0.00441	0.00398	0.00754	0.01195	0.01427	0.07421	0.04979	0.76080	0.01311	0.00615	0.00175	0.00263	0.01094	0.00486	0.00441
25	0.00734	0.00524	0.00645	0.00619	0.00709	0.00491	0.00431	0.00897	0.01237	0.01712	0.49532	0.03833	0.09723	0.25275	0.01225	0.00267	0.00325	0.00899	0.00489	0.00435
26	0.00839	0.00722	0.00742	0.00703	0.00918	0.00722	0.00537	0.01413	0.26330	0.01661	0.04236	0.04001	0.52987	0.01117	0.00587	0.00176	0.00313	0.00931	0.00499	0.00566
27	0.00988	0.00714	0.00882	0.00845	0.00987	0.00774	0.00637	0.15727	0.04011	0.01731	0.01886	0.26766	0.01927	0.05192	0.27935	0.00420	0.00740	0.00833	0.06460	0.00543
28	0.00705	0.00588	0.00595	0.00571	0.00763	0.00516	0.00435	0.05713	0.01269	0.01529	0.05012	0.04766	0.73182	0.01274	0.00609	0.00175	0.00284	0.01058	0.00486	0.00469
29	0.00673	0.00483	0.00639	0.00699	0.00764	0.00449	0.00486	0.00823	0.01178	0.01617	0.31395	0.52014	0.04001	0.01417	0.00646	0.00193	0.00281	0.01276	0.00517	0.00449
30	0.00632	0.00486	0.00579	0.00645	0.00736	0.00433	0.00450	0.00747	0.01095	0.01398	0.07645	0.47929	0.32393	0.01482	0.00643	0.00195	0.00284	0.01306	0.00488	0.00433
31	0.00644	0.00526	0.00571	0.00577	0.00732	0.00452	0.00433	0.00794	0.01218	0.01513	0.16351	0.10378	0.58692	0.01306	0.00623	0.00179	0.00272	0.03794	0.00497	0.00448
32	0.01939	0.00928	0.01166	0.00946	0.01300	0.00896	0.00764	0.02501	0.22843	0.52270	0.07048	0.01959	0.01610	0.00689	0.00531	0.00166	0.00422	0.00569	0.00608	0.00843
33	0.00634	0.00453	0.00604	0.00725	0.00755	0.00423	0.00483	0.00725	0.00997	0.01329	0.02870	0.81358	0.03444	0.01632	0.00665	0.00211	0.00302	0.01480	0.00483	0.00423
34	0.27294	0.00733	0.00751	0.00686	0.00889	0.00773	0.00535	0.04025	0.04069	0.02202	0.42556	0.02622	0.03013	0.00819	0.00497	0.00160	0.00313	0.00671	0.06852	0.00540
35	0.00830	0.00556	0.00692	0.00648	0.00803	0.00498	0.00490	0.01039	0.01388	0.07964	0.51746	0.06846	0.22311	0.01114	0.00609	0.00168	0.00268	0.00967	0.00554	0.00508
36	0.01289	0.01237	0.02114	0.03196	0.78450	0.01237	0.01598	0.01598	0.01186	0.01701	0.00980	0.01289	0.00825	0.00464	0.00516	0.00155	0.00619	0.00464	0.00258	0.00825
37	0.00752	0.00506	0.00587	0.00592	0.00599	0.00511	0.00344	0.00767	0.00772	0.01035	0.01672	0.06317	0.01914	0.73534	0.07606	0.00515	0.00555	0.00772	0.00320	0.00329
38	0.00667	0.00523	0.00588	0.00593	0.00726	0.00462	0.00434	0.00814	0.01199	0.01528	0.21686	0.10669	0.45253	0.08861	0.00815	0.00209	0.00293	0.03752	0.00489	0.00440
39	0.00777	0.00487	0.00565	0.00596	0.00645	0.00476	0.00387	0.00883	0.00959	0.01415	0.07004	0.24951	0.02380	0.32661	0.01360	0.00300	0.00362	0.00901	0.22491	0.00402
40	0.00757	0.00505	0.00568	0.00568	0.00568	0.00505	0.00316	0.00757	0.00757	0.01010	0.01641	0.03408	0.01893	0.81698	0.02651	0.00505	0.00505	0.00757	0.00316	0.00316
41	0.01310	0.63180	0.20837	0.01032	0.01554	0.01859	0.01136	0.01581	0.01068	0.01326	0.00774	0.00898	0.00666	0.00457	0.00372	0.00124	0.00607	0.00304	0.00222	0.00692
42	0.01332	0.01615	0.07573	0.37883	0.02543	0.27702	0.01297	0.01599	0.01163	0.01327	0.00856	0.01184	0.00682	0.00572	0.00647	0.00166	0.10602	0.00413	0.00243	0.00601
43	0.01004	0.07044	0.01484	0.42273	0.02413	0.02662	0.01158	0.01255	0.00963	0.01276	0.00981	0.01485	0.00844	0.03619	0.16185	0.00316	0.13768	0.00472	0.00243	0.00555

[dist]
# distance from previous block
# <min> <max>
1	7

[block]
# block no. 4 follows, 47 sequences, length 8
# corresponding to MSA columns:
# 453-460
name=unknown_E
#
# <colnr> <probs for GDERKNQSTAVLIFYWHMCP>
#	G	D	E	R	K	N	Q	S	T	A	V	L	I	F	Y	W	H	M	C	P
0	0.00654	0.00477	0.00600	0.00689	0.00743	0.00442	0.00469	0.00749	0.01011	0.01319	0.03114	0.57715	0.14980	0.09913	0.00866	0.00238	0.00326	0.04812	0.00466	0.00417
1	0.00966	0.00938	0.01646	0.39826	0.02596	0.01024	0.17453	0.01273	0.01099	0.01431	0.01729	0.07351	0.11353	0.00727	0.00601	0.00178	0.02945	0.03556	0.00301	0.03007
2	0.01224	0.01190	0.02084	0.10484	0.02196	0.04301	0.37198	0.01675	0.09140	0.06258	0.01486	0.07110	0.03766	0.00636	0.00612	0.00173	0.03161	0.02125	0.00339	0.04841
3	0.01804	0.10334	0.01543	0.01075	0.01471	0.01426	0.00895	0.38958	0.16176	0.15122	0.01472	0.01412	0.01054	0.00613	0.00496	0.00152	0.00512	0.00472	0.00500	0.04513
4	0.13343	0.01038	0.01032	0.00916	0.01166	0.09114	0.02559	0.05701	0.19666	0.03584	0.19913	0.10968	0.02237	0.00815	0.00522	0.00163	0.00433	0.00679	0.00460	0.05692
5	0.01582	0.00918	0.01109	0.00903	0.01229	0.00891	0.00722	0.09817	0.16906	0.29163	0.18920	0.02146	0.02060	0.00719	0.00529	0.00154	0.00399	0.00600	0.00553	0.10681
6	0.01372	0.01245	0.05882	0.06537	0.04856	0.16216	0.02823	0.05470	0.03462	0.13837	0.20530	0.10294	0.02158	0.00806	0.00572	0.00164	0.02019	0.00675	0.00439	0.00642
7	0.01293	0.01712	0.33712	0.01483	0.08960	0.01072	0.09808	0.06190	0.02895	0.13716	0.01609	0.05011	0.07064	0.02431	0.00581	0.00175	0.00632	0.00559	0.00353	0.00743

[dist]
# distance from previous block
# <min> <max>
45	107

[block]
# block no. 5 follows, 47 sequences, length 11
# corresponding to MSA columns:
# 591-601
name=unknown_F
#
# <colnr> <probs for GDERKNQSTAVLIFYWHMCP>
#	G	D	E	R	K	N	Q	S	T	A	V	L	I	F	Y	W	H	M	C	P
0	0.10197	0.01009	0.13103	0.00859	0.01144	0.00758	0.02271	0.04429	0.01256	0.06951	0.26112	0.11850	0.06840	0.04823	0.00644	0.00182	0.00411	0.00755	0.02189	0.04217
1	0.01114	0.05212	0.16100	0.01207	0.10125	0.00970	0.01000	0.06958	0.04492	0.01886	0.17471	0.01743	0.01677	0.00594	0.00483	0.00133	0.00479	0.00498	0.00363	0.27494
2	0.01065	0.01357	0.22072	0.01046	0.01444	0.02310	0.03566	0.07277	0.02639	0.03961	0.12349	0.07819	0.10596	0.00790	0.00580	0.00159	0.03678	0.02510	0.00383	0.14401
3	0.01089	0.00938	0.01511	0.63157	0.06738	0.01108	0.01334	0.01465	0.04293	0.05776	0.01086	0.01522	0.00831	0.00548	0.00519	0.00169	0.00644	0.02269	0.00278	0.04722
4	0.01036	0.01448	0.25326	0.00976	0.01514	0.00837	0.01009	0.01376	0.01094	0.01661	0.01238	0.01366	0.06246	0.00486	0.00436	0.00112	0.00497	0.00389	0.00293	0.52661
5	0.01346	0.00914	0.01098	0.00816	0.01233	0.00745	0.00657	0.06103	0.01279	0.16752	0.08382	0.01487	0.01266	0.00514	0.00442	0.00106	0.00395	0.00419	0.00411	0.55635
6	0.00983	0.00926	0.01562	0.80447	0.03587	0.01157	0.01446	0.01331	0.01041	0.01331	0.00926	0.01388	0.00694	0.00521	0.00521	0.00174	0.00694	0.00463	0.00231	0.00579
7	0.01293	0.01055	0.01193	0.00882	0.01326	0.00933	0.00712	0.18265	0.05501	0.02078	0.01063	0.01164	0.00841	0.00457	0.00424	0.00100	0.00429	0.00360	0.00368	0.61558
8	0.00650	0.00471	0.00604	0.00690	0.00741	0.00436	0.00465	0.00754	0.01047	0.01391	0.10356	0.61664	0.10759	0.06415	0.00776	0.00221	0.00305	0.01347	0.00482	0.00425
9	0.01250	0.10555	0.27443	0.01752	0.02342	0.01332	0.39962	0.01699	0.01183	0.05964	0.01036	0.01265	0.00763	0.00469	0.00540	0.00164	0.00784	0.00499	0.00266	0.00731
10	0.01022	0.02506	0.72120	0.01424	0.02136	0.01151	0.01812	0.01595	0.01121	0.01666	0.04651	0.01426	0.00956	0.00560	0.00510	0.00168	0.00733	0.03451	0.00247	0.00745

[dist]
# distance from previous block
# <min> <max>
0	5

[block]
# block no. 6 follows, 47 sequences, length 8
# corresponding to MSA columns:
# 607-614
name=unknown_G
#
# <colnr> <probs for GDERKNQSTAVLIFYWHMCP>
#	G	D	E	R	K	N	Q	S	T	A	V	L	I	F	Y	W	H	M	C	P
0	0.00971	0.00485	0.00485	0.00485	0.00607	0.00485	0.00364	0.01213	0.01092	0.01942	0.01699	0.01942	0.01335	0.00607	0.00364	0.00121	0.00243	0.00485	0.84589	0.00485
1	0.00656	0.00490	0.00610	0.00663	0.00749	0.00444	0.00466	0.00795	0.01159	0.01537	0.22244	0.44730	0.20718	0.01419	0.00641	0.00192	0.00279	0.01260	0.00506	0.00444
2	0.01250	0.12725	0.20818	0.08808	0.17270	0.01338	0.23377	0.01647	0.01162	0.05258	0.01002	0.01246	0.00764	0.00475	0.00515	0.00159	0.00720	0.00466	0.00262	0.00736
3	0.00637	0.00519	0.00563	0.00571	0.00721	0.00446	0.00421	0.00782	0.01209	0.01505	0.16471	0.14033	0.57675	0.01316	0.00621	0.00178	0.00266	0.01120	0.00498	0.00446
4	0.00664	0.00476	0.00628	0.00738	0.00784	0.00448	0.00515	0.00770	0.01018	0.01346	0.02902	0.65749	0.06416	0.05135	0.00757	0.00226	0.00331	0.10198	0.00476	0.00426
5	0.01498	0.01939	0.09422	0.01627	0.02022	0.36529	0.28287	0.01797	0.01325	0.01479	0.01089	0.01583	0.00930	0.00582	0.00547	0.00162	0.00858	0.07400	0.00282	0.00644
