[name]
unknown

[dist]
# distance from previous block
# <min> <max>
8	58

[block]
# block no. 0 follows, 51 sequences, length 329
# corresponding to MSA columns:
# 61-389
name=unknown_A
#
# <colnr> <probs for GDERKNQSTAVLIFYWHMCP>
#	G	D	E	R	K	N	Q	S	T	A	V	L	I	F	Y	W	H	M	C	P
0	0.03637	0.00999	0.01206	0.00940	0.01300	0.00986	0.02273	0.24892	0.06992	0.34986	0.06032	0.01677	0.03985	0.00625	0.00489	0.00146	0.00440	0.00505	0.00518	0.07374
1	0.27449	0.01476	0.06120	0.03583	0.01576	0.22400	0.13641	0.04288	0.01183	0.12509	0.00963	0.01072	0.00708	0.00490	0.00435	0.00148	0.00630	0.00380	0.00321	0.00628
2	0.01244	0.01162	0.01990	0.02934	0.75726	0.01156	0.03150	0.01535	0.01128	0.03862	0.00955	0.01232	0.00790	0.00442	0.00489	0.00147	0.00584	0.00443	0.00254	0.00778
3	0.01188	0.11372	0.01603	0.01217	0.01303	0.11295	0.01017	0.01306	0.00863	0.01181	0.00683	0.01041	0.00659	0.00843	0.03588	0.00207	0.59464	0.00398	0.00221	0.00550
4	0.00624	0.00474	0.00579	0.00642	0.00735	0.00430	0.00469	0.00751	0.01060	0.01360	0.09212	0.40348	0.29529	0.01376	0.00614	0.00188	0.00289	0.10443	0.00462	0.00416
5	0.01090	0.01056	0.01718	0.26141	0.33823	0.01239	0.02607	0.01343	0.00978	0.01383	0.00833	0.01207	0.00704	0.00570	0.00800	0.00171	0.23030	0.00438	0.00228	0.00640
6	0.01222	0.01061	0.01154	0.01097	0.05061	0.01220	0.00813	0.02558	0.75028	0.02034	0.01948	0.01804	0.01465	0.00656	0.00499	0.00166	0.00398	0.00550	0.00488	0.00778
7	0.01236	0.01133	0.01828	0.18667	0.54945	0.01195	0.01411	0.10563	0.01233	0.01712	0.00944	0.01231	0.00760	0.00467	0.00488	0.00150	0.00593	0.00438	0.00268	0.00738
8	0.00639	0.00499	0.00581	0.00568	0.00704	0.00440	0.00426	0.00815	0.01244	0.01634	0.40359	0.06826	0.40056	0.01142	0.00583	0.00163	0.00245	0.02143	0.00497	0.00438
9	0.00727	0.00528	0.00677	0.00630	0.00756	0.00494	0.00475	0.03180	0.01411	0.01988	0.75257	0.03624	0.06392	0.00998	0.00577	0.00155	0.00241	0.00879	0.00537	0.00473
10	0.03076	0.59871	0.02223	0.00951	0.01324	0.23013	0.00864	0.01602	0.01101	0.01189	0.00704	0.00815	0.00629	0.00444	0.00349	0.00112	0.00619	0.00277	0.00224	0.00612
11	0.37253	0.22761	0.01418	0.00894	0.01212	0.26670	0.00745	0.01616	0.01056	0.01613	0.00708	0.00824	0.00590	0.00463	0.00351	0.00132	0.00579	0.00281	0.00263	0.00570
12	0.00696	0.00502	0.00657	0.00618	0.00734	0.00464	0.00464	0.00927	0.01391	0.01971	0.79405	0.03671	0.04637	0.01005	0.00580	0.00155	0.00232	0.00889	0.00541	0.00464
13	0.00652	0.00465	0.00631	0.00745	0.00796	0.00445	0.00548	0.00776	0.00993	0.01314	0.02679	0.61379	0.03135	0.01490	0.00641	0.00207	0.00331	0.21905	0.00455	0.00414
14	0.00696	0.00502	0.00657	0.00618	0.00734	0.00464	0.00464	0.00927	0.01391	0.01971	0.79405	0.03671	0.04637	0.01005	0.00580	0.00155	0.00232	0.00889	0.00541	0.00464
15	0.00613	0.00499	0.00542	0.00531	0.00683	0.00428	0.00398	0.00767	0.01195	0.01506	0.25650	0.04435	0.58681	0.01178	0.00580	0.00163	0.00244	0.00996	0.00480	0.00428
16	0.01186	0.01067	0.01414	0.10979	0.24645	0.01191	0.01062	0.02128	0.46806	0.01830	0.01552	0.01590	0.01189	0.00579	0.00495	0.00160	0.00477	0.00507	0.00391	0.00751
17	0.00613	0.00448	0.00557	0.00638	0.00688	0.00414	0.00428	0.00697	0.00948	0.01234	0.02958	0.58260	0.16198	0.11244	0.00845	0.00227	0.00305	0.02469	0.00437	0.00391
18	0.01314	0.83025	0.02575	0.00841	0.01261	0.01945	0.00841	0.01472	0.00999	0.01156	0.00683	0.00788	0.00631	0.00420	0.00315	0.00105	0.00526	0.00263	0.00210	0.00631
19	0.01605	0.03573	0.01442	0.01103	0.01447	0.01344	0.05433	0.56852	0.05183	0.02651	0.01387	0.11286	0.01161	0.00695	0.00506	0.00154	0.00513	0.00569	0.02342	0.00755
20	0.01036	0.00929	0.01252	0.00894	0.01339	0.00728	0.10163	0.01279	0.01036	0.01598	0.00888	0.01057	0.00730	0.00370	0.00391	0.00084	0.00422	0.00327	0.00286	0.75190
21	0.37863	0.02974	0.01124	0.00995	0.01272	0.45535	0.00770	0.01734	0.01149	0.01630	0.00726	0.00847	0.00590	0.00484	0.00382	0.00137	0.00665	0.00294	0.00274	0.00555
22	0.01534	0.00760	0.00977	0.00797	0.01069	0.00708	0.00639	0.10677	0.01506	0.38312	0.34258	0.02451	0.02603	0.00772	0.00530	0.00153	0.00355	0.00653	0.00566	0.00680
23	0.01216	0.01168	0.01995	0.03016	0.79664	0.01168	0.01508	0.01508	0.01119	0.01605	0.00924	0.01216	0.00778	0.00438	0.00487	0.00146	0.00584	0.00438	0.00243	0.00778
24	0.00694	0.00501	0.00655	0.00619	0.00734	0.00463	0.00464	0.00923	0.01384	0.01959	0.78169	0.04940	0.04615	0.01013	0.00580	0.00155	0.00233	0.00897	0.00540	0.00463
25	0.01836	0.02342	0.01393	0.01266	0.01519	0.80756	0.00950	0.01962	0.01393	0.01203	0.00760	0.00886	0.00633	0.00506	0.00443	0.00127	0.00886	0.00317	0.00253	0.00570
26	0.01847	0.01366	0.01463	0.01126	0.01516	0.01514	0.00929	0.75526	0.04844	0.03063	0.01207	0.01202	0.00858	0.00592	0.00492	0.00148	0.00536	0.00446	0.00492	0.00834
27	0.00598	0.00430	0.00568	0.00678	0.00711	0.00400	0.00453	0.00685	0.00947	0.01257	0.02788	0.79695	0.05913	0.01529	0.00626	0.00198	0.00284	0.01384	0.00456	0.00400
28	0.58690	0.01404	0.00941	0.00848	0.01136	0.27077	0.00668	0.01613	0.01018	0.01878	0.00709	0.00827	0.00565	0.00473	0.00349	0.00144	0.00545	0.00283	0.00288	0.00544
29	0.01582	0.08400	0.10607	0.01186	0.09674	0.02508	0.00955	0.14983	0.05023	0.27590	0.11049	0.01628	0.01410	0.00604	0.00484	0.00147	0.00486	0.00492	0.00448	0.00745
30	0.01278	0.02075	0.52267	0.01359	0.01971	0.02719	0.08273	0.11147	0.01259	0.11446	0.01057	0.01156	0.00734	0.00496	0.00483	0.00154	0.00677	0.00407	0.00297	0.00745
31	0.00699	0.00552	0.02378	0.00659	0.00791	0.00484	0.00523	0.00923	0.01312	0.01814	0.58370	0.05520	0.12642	0.01074	0.00591	0.00166	0.00273	0.10258	0.00512	0.00461
32	0.01418	0.01219	0.01749	0.01356	0.01730	0.01292	0.23416	0.31170	0.20456	0.02268	0.01438	0.01730	0.01130	0.00618	0.00534	0.00164	0.00581	0.06570	0.00419	0.00740
33	0.01624	0.18182	0.01754	0.07592	0.03863	0.10959	0.05839	0.30523	0.03939	0.09474	0.01081	0.01151	0.00804	0.00526	0.00455	0.00140	0.00591	0.00407	0.00372	0.00724
34	0.00992	0.02499	0.77483	0.01424	0.02142	0.01145	0.04473	0.01557	0.01042	0.01557	0.00886	0.01048	0.00627	0.00465	0.00471	0.00156	0.00730	0.00371	0.00209	0.00724
35	0.00711	0.00481	0.00545	0.00549	0.00562	0.00477	0.00322	0.00727	0.00751	0.00992	0.01757	0.03384	0.05578	0.75481	0.02334	0.00451	0.00464	0.03812	0.00312	0.00310
36	0.01116	0.26014	0.45435	0.01456	0.11495	0.01384	0.03681	0.01526	0.01040	0.01445	0.00832	0.00995	0.00648	0.00448	0.00428	0.00140	0.00653	0.00349	0.00214	0.00703
37	0.01615	0.04464	0.04573	0.18768	0.04156	0.03367	0.05899	0.18800	0.01441	0.27181	0.01311	0.02688	0.00926	0.00565	0.00510	0.00154	0.01976	0.00468	0.00412	0.00727
38	0.00664	0.00502	0.00613	0.00588	0.00718	0.00451	0.00443	0.00865	0.01308	0.01776	0.56580	0.04008	0.26280	0.01080	0.00582	0.00159	0.00240	0.02178	0.00515	0.00449
39	0.00600	0.00456	0.00542	0.00609	0.00684	0.00410	0.00417	0.00694	0.00990	0.01262	0.03442	0.49964	0.30185	0.06458	0.00727	0.00205	0.00284	0.01227	0.00446	0.00398
40	0.01122	0.01087	0.01895	0.27481	0.50476	0.01149	0.06774	0.01434	0.01079	0.01494	0.00913	0.01253	0.00738	0.00453	0.00495	0.00153	0.00623	0.00447	0.00236	0.00698
41	0.01131	0.38294	0.45709	0.01152	0.01742	0.01498	0.01383	0.01519	0.01020	0.01379	0.00794	0.00927	0.00626	0.00446	0.00400	0.00133	0.00637	0.00319	0.00209	0.00684
42	0.00643	0.00456	0.00590	0.00644	0.00693	0.00429	0.00435	0.00757	0.01034	0.01412	0.24163	0.48502	0.03425	0.13389	0.00891	0.00228	0.00298	0.01153	0.00457	0.00402
43	0.00993	0.04286	0.78501	0.01389	0.02108	0.01159	0.01795	0.01554	0.01037	0.01548	0.00878	0.01032	0.00623	0.00466	0.00464	0.00155	0.00722	0.00361	0.00208	0.00724
44	0.01261	0.01065	0.01123	0.00993	0.01278	0.01220	0.00777	0.10143	0.67897	0.02131	0.02039	0.01886	0.04609	0.00683	0.00502	0.00165	0.00399	0.00564	0.00497	0.00769
45	0.01836	0.02342	0.01393	0.01266	0.01519	0.80756	0.00950	0.01962	0.01393	0.01203	0.00760	0.00886	0.00633	0.00506	0.00443	0.00127	0.00886	0.00317	0.00253	0.00570
46	0.01368	0.01041	0.01143	0.00852	0.01264	0.04704	0.00687	0.16839	0.01342	0.11046	0.01054	0.01121	0.00802	0.00445	0.00409	0.00100	0.00431	0.00347	0.00367	0.54639
47	0.08392	0.01122	0.01448	0.01107	0.01494	0.05759	0.11836	0.18526	0.01522	0.41486	0.01473	0.01403	0.00980	0.00559	0.00488	0.00152	0.00528	0.00467	0.00487	0.00772
48	0.00677	0.00500	0.00632	0.00603	0.00724	0.00455	0.00451	0.00891	0.01343	0.01864	0.67195	0.05552	0.15186	0.01050	0.00581	0.00157	0.00235	0.00921	0.00527	0.00455
49	0.01629	0.01692	0.01544	0.03703	0.17435	0.35691	0.03302	0.16244	0.08380	0.04158	0.01029	0.01141	0.00800	0.00523	0.00473	0.00141	0.00693	0.00403	0.00328	0.00691
50	0.01886	0.01347	0.01457	0.01117	0.01509	0.01481	0.00923	0.73961	0.02262	0.07230	0.01221	0.01206	0.00856	0.00591	0.00492	0.00148	0.00534	0.00445	0.00498	0.00836
51	0.02205	0.00836	0.01140	0.00874	0.01254	0.00722	0.00722	0.02395	0.01407	0.80004	0.01939	0.01673	0.01216	0.00608	0.00494	0.00152	0.00418	0.00494	0.00608	0.00836
52	0.00696	0.00502	0.00657	0.00618	0.00734	0.00464	0.00464	0.00927	0.01391	0.01971	0.79405	0.03671	0.04637	0.01005	0.00580	0.00155	0.00232	0.00889	0.00541	0.00464
53	0.00619	0.00447	0.00585	0.00661	0.00715	0.00414	0.00454	0.00738	0.01047	0.01413	0.19418	0.61618	0.07229	0.01410	0.00615	0.00188	0.00272	0.01270	0.00475	0.00414
54	0.00581	0.00498	0.00498	0.00498	0.00664	0.00415	0.00373	0.00705	0.01120	0.01328	0.04978	0.04729	0.79464	0.01245	0.00581	0.00166	0.00249	0.01037	0.00456	0.00415
55	0.01868	0.01376	0.01475	0.01131	0.01524	0.01524	0.00934	0.78025	0.02311	0.03097	0.01180	0.01180	0.00836	0.00590	0.00492	0.00147	0.00541	0.00442	0.00492	0.00836
56	0.60101	0.00915	0.00852	0.00717	0.01045	0.00984	0.00591	0.01740	0.01014	0.26379	0.01074	0.01070	0.00745	0.00503	0.00363	0.00152	0.00392	0.00337	0.00399	0.00627
57	0.01216	0.01168	0.01995	0.03016	0.79664	0.01168	0.01508	0.01508	0.01119	0.01605	0.00924	0.01216	0.00778	0.00438	0.00487	0.00146	0.00584	0.00438	0.00243	0.00778
58	0.01019	0.00873	0.01019	0.00728	0.01165	0.00655	0.00582	0.01237	0.01019	0.01601	0.00873	0.01019	0.00728	0.00364	0.00364	0.00073	0.00364	0.00291	0.00291	0.85734
59	0.83406	0.00964	0.00747	0.00662	0.00969	0.01116	0.00546	0.03982	0.00885	0.02234	0.00701	0.00811	0.00542	0.00461	0.00310	0.00152	0.00385	0.00272	0.00310	0.00542
60	0.00916	0.00458	0.00458	0.00458	0.00573	0.00458	0.00344	0.01145	0.01031	0.01832	0.01603	0.01832	0.01260	0.00573	0.00344	0.00115	0.00229	0.00458	0.85457	0.00458
61	0.00715	0.00476	0.00536	0.00536	0.00536	0.00476	0.00298	0.00715	0.00715	0.00953	0.01548	0.03216	0.01787	0.82729	0.02501	0.00476	0.00476	0.00715	0.00298	0.00298
62	0.00667	0.00501	0.00617	0.00588	0.00717	0.00451	0.00441	0.00872	0.01323	0.01810	0.60774	0.03936	0.23368	0.01065	0.00580	0.00157	0.00236	0.00926	0.00520	0.00451
63	0.02132	0.00820	0.01117	0.00862	0.01229	0.00710	0.00710	0.02324	0.01406	0.76238	0.05678	0.01769	0.01382	0.00627	0.00498	0.00152	0.00409	0.00513	0.00605	0.00818
64	0.86201	0.00950	0.00722	0.00646	0.00950	0.01102	0.00532	0.01445	0.00836	0.02205	0.00684	0.00798	0.00532	0.00456	0.00304	0.00152	0.00380	0.00266	0.00304	0.00532
65	0.02205	0.00836	0.01140	0.00874	0.01254	0.00722	0.00722	0.02395	0.01407	0.80004	0.01939	0.01673	0.01216	0.00608	0.00494	0.00152	0.00418	0.00494	0.00608	0.00836
66	0.01314	0.83025	0.02575	0.00841	0.01261	0.01945	0.00841	0.01472	0.00999	0.01156	0.00683	0.00788	0.00631	0.00420	0.00315	0.00105	0.00526	0.00263	0.00210	0.00631
67	0.00581	0.00498	0.00498	0.00498	0.00664	0.00415	0.00373	0.00705	0.01120	0.01328	0.04978	0.04729	0.79464	0.01245	0.00581	0.00166	0.00249	0.01037	0.00456	0.00415
68	0.34668	0.01121	0.01080	0.00905	0.01232	0.01276	0.00734	0.27265	0.22838	0.02461	0.01212	0.01211	0.00900	0.00559	0.00421	0.00155	0.00436	0.00405	0.00421	0.00701
69	0.00792	0.00566	0.00792	0.00905	0.01018	0.00566	0.00792	0.01018	0.01131	0.01471	0.02602	0.05543	0.02828	0.01358	0.00679	0.00226	0.00453	0.76356	0.00453	0.00453
70	0.00599	0.00428	0.00570	0.00684	0.00713	0.00399	0.00456	0.00684	0.00941	0.01254	0.02709	0.82409	0.03250	0.01540	0.00627	0.00200	0.00285	0.01397	0.00456	0.00399
71	0.00986	0.02542	0.80183	0.01401	0.02127	0.01141	0.01816	0.01556	0.01038	0.01556	0.00882	0.01038	0.00623	0.00467	0.00467	0.00156	0.00726	0.00363	0.00208	0.00726
72	0.01491	0.01171	0.04535	0.02102	0.35681	0.02227	0.18680	0.01788	0.01213	0.24289	0.01230	0.01363	0.00890	0.00484	0.00509	0.00152	0.00601	0.00482	0.00349	0.00764
73	0.00916	0.00458	0.00458	0.00458	0.00573	0.00458	0.00344	0.01145	0.01031	0.01832	0.01603	0.01832	0.01260	0.00573	0.00344	0.00115	0.00229	0.00458	0.85457	0.00458
74	0.01167	0.01272	0.05124	0.12290	0.36444	0.03287	0.30071	0.01515	0.01122	0.01538	0.00938	0.01254	0.00741	0.00439	0.00520	0.00155	0.00697	0.00485	0.00241	0.00699
75	0.01336	0.01112	0.01175	0.01023	0.01321	0.01275	0.00805	0.15856	0.65347	0.02239	0.01856	0.01719	0.01383	0.00653	0.00499	0.00163	0.00416	0.00536	0.00499	0.00788
76	0.01603	0.00883	0.05723	0.00848	0.01171	0.00732	0.00722	0.08144	0.01420	0.42442	0.21429	0.05360	0.02077	0.00726	0.00514	0.00151	0.00392	0.00610	0.00537	0.04516
77	0.01243	0.02214	0.59735	0.01327	0.01959	0.05829	0.03733	0.03373	0.01145	0.13336	0.01043	0.01135	0.00720	0.00492	0.00473	0.00153	0.00688	0.00388	0.00278	0.00734
78	0.01237	0.18542	0.51186	0.01215	0.01822	0.01283	0.01447	0.06408	0.01148	0.09912	0.00973	0.01064	0.00701	0.00480	0.00441	0.00145	0.00641	0.00362	0.00268	0.00726
79	0.07516	0.00844	0.01114	0.00860	0.01235	0.00746	0.00710	0.02335	0.01370	0.75085	0.01859	0.01617	0.01173	0.00599	0.00482	0.00152	0.00416	0.00480	0.00589	0.00817
80	0.01254	0.01117	0.03450	0.05840	0.01478	0.01225	0.03175	0.11273	0.58384	0.02081	0.01860	0.01771	0.03569	0.00651	0.00502	0.00164	0.00441	0.00544	0.00465	0.00755
81	0.01048	0.01014	0.01479	0.12788	0.38075	0.07557	0.02799	0.01276	0.01079	0.01432	0.02522	0.23827	0.01492	0.00765	0.00526	0.00162	0.00536	0.00704	0.00304	0.00617
82	0.00596	0.00497	0.00520	0.00517	0.00674	0.00421	0.00386	0.00733	0.01152	0.01409	0.14523	0.05948	0.68499	0.01219	0.00581	0.00165	0.00247	0.01024	0.00467	0.00421
83	0.01874	0.01367	0.01469	0.01126	0.01519	0.01510	0.00930	0.76706	0.02295	0.04439	0.01193	0.01188	0.00842	0.00590	0.00492	0.00148	0.00539	0.00443	0.00494	0.00836
84	0.01070	0.01083	0.01681	0.11370	0.03436	0.01415	0.10443	0.01246	0.00839	0.01249	0.00722	0.01138	0.00661	0.00751	0.01324	0.00201	0.60143	0.00449	0.00220	0.00559
85	0.30232	0.09301	0.43645	0.01088	0.01628	0.03494	0.01263	0.01522	0.00975	0.01732	0.00793	0.00929	0.00593	0.00460	0.00397	0.00149	0.00594	0.00319	0.00242	0.00647
86	0.52235	0.00904	0.00891	0.00738	0.01073	0.00949	0.00609	0.01829	0.01067	0.33664	0.01192	0.01152	0.00809	0.00518	0.00381	0.00152	0.00396	0.00358	0.00427	0.00655
87	0.01160	0.01326	0.02900	0.02071	0.02568	0.01243	0.77879	0.01574	0.01160	0.01574	0.00994	0.01326	0.00746	0.00414	0.00580	0.00166	0.00829	0.00580	0.00249	0.00663
88	0.00697	0.07894	0.03535	0.00659	0.00808	0.00596	0.00523	0.00827	0.01018	0.01305	0.08405	0.26872	0.30574	0.01483	0.08796	0.03787	0.00416	0.00964	0.00402	0.00438
89	0.00857	0.00719	0.01220	0.01105	0.01285	0.00699	0.17987	0.01088	0.01070	0.01410	0.02088	0.06503	0.02219	0.13266	0.00926	0.00249	0.00535	0.45914	0.00384	0.00475
90	0.00715	0.00476	0.00536	0.00536	0.00536	0.00476	0.00298	0.00715	0.00715	0.00953	0.01548	0.03216	0.01787	0.82729	0.02501	0.00476	0.00476	0.00715	0.00298	0.00298
91	0.02823	0.27474	0.18199	0.01107	0.01519	0.13821	0.01083	0.13191	0.01268	0.06589	0.00888	0.00997	0.00697	0.00521	0.00520	0.00139	0.07853	0.00349	0.00286	0.00675
92	0.01033	0.01007	0.01788	0.50964	0.23423	0.01131	0.10886	0.01362	0.01041	0.01387	0.00902	0.01287	0.00699	0.00468	0.00501	0.00159	0.00658	0.00455	0.00229	0.00622
93	0.00708	0.00509	0.00693	0.00802	0.00884	0.00494	0.00644	0.00875	0.01056	0.01380	0.02740	0.35542	0.06115	0.01424	0.00655	0.00213	0.00379	0.44000	0.00454	0.00430
94	0.04457	0.02477	0.76946	0.01370	0.02079	0.01140	0.01763	0.01552	0.01029	0.01583	0.00874	0.01028	0.00619	0.00466	0.00460	0.00155	0.00712	0.00359	0.00211	0.00718
95	0.01186	0.01177	0.01705	0.36950	0.32255	0.09508	0.03521	0.05141	0.01147	0.01482	0.00899	0.01224	0.00711	0.00475	0.00487	0.00152	0.00651	0.00429	0.00246	0.00655
96	0.08600	0.01342	0.01415	0.01092	0.01478	0.01490	0.00902	0.71912	0.02193	0.03026	0.01140	0.01149	0.00812	0.00579	0.00477	0.00148	0.00528	0.00428	0.00477	0.00812
97	0.01036	0.00984	0.01522	0.56620	0.16255	0.03717	0.01299	0.03017	0.01052	0.01385	0.00885	0.01252	0.00686	0.00474	0.00478	0.00151	0.00623	0.00421	0.00236	0.07908
98	0.01216	0.01168	0.01995	0.03016	0.79664	0.01168	0.01508	0.01508	0.01119	0.01605	0.00924	0.01216	0.00778	0.00438	0.00487	0.00146	0.00584	0.00438	0.00243	0.00778
99	0.01019	0.00873	0.01019	0.00728	0.01165	0.00655	0.00582	0.01237	0.01019	0.01601	0.00873	0.01019	0.00728	0.00364	0.00364	0.00073	0.00364	0.00291	0.00291	0.85734
100	0.00618	0.00497	0.00538	0.00529	0.00670	0.00431	0.00388	0.00757	0.01150	0.01446	0.21846	0.04365	0.56029	0.07694	0.00734	0.00188	0.00263	0.00977	0.00463	0.00417
101	0.00696	0.00502	0.00657	0.00618	0.00734	0.00464	0.00464	0.00927	0.01391	0.01971	0.79405	0.03671	0.04637	0.01005	0.00580	0.00155	0.00232	0.00889	0.00541	0.00464
102	0.02123	0.00812	0.01097	0.00848	0.01211	0.00706	0.00698	0.02316	0.01383	0.75055	0.01918	0.01683	0.01219	0.00606	0.00485	0.00150	0.00406	0.00492	0.05980	0.00812
103	0.02205	0.00836	0.01140	0.00874	0.01254	0.00722	0.00722	0.02395	0.01407	0.80004	0.01939	0.01673	0.01216	0.00608	0.00494	0.00152	0.00418	0.00494	0.00608	0.00836
104	0.00581	0.00498	0.00498	0.00498	0.00664	0.00415	0.00373	0.00705	0.01120	0.01328	0.04978	0.04729	0.79464	0.01245	0.00581	0.00166	0.00249	0.01037	0.00456	0.00415
105	0.01818	0.02088	0.01414	0.01237	0.01513	0.60732	0.00950	0.18639	0.01573	0.01618	0.00848	0.00957	0.00678	0.00536	0.00493	0.00134	0.03492	0.00348	0.00304	0.00627
106	0.86201	0.00950	0.00722	0.00646	0.00950	0.01102	0.00532	0.01445	0.00836	0.02205	0.00684	0.00798	0.00532	0.00456	0.00304	0.00152	0.00380	0.00266	0.00304	0.00532
107	0.00800	0.00570	0.00716	0.00659	0.00802	0.00545	0.00501	0.03283	0.06017	0.04197	0.68106	0.03465	0.06502	0.00969	0.00570	0.00155	0.00256	0.00849	0.00536	0.00502
108	0.00916	0.00458	0.00458	0.00458	0.00573	0.00458	0.00344	0.01145	0.01031	0.01832	0.01603	0.01832	0.01260	0.00573	0.00344	0.00115	0.00229	0.00458	0.85457	0.00458
109	0.00603	0.00429	0.00569	0.00679	0.00707	0.00402	0.00451	0.00685	0.00933	0.01244	0.02670	0.79785	0.03202	0.04230	0.00689	0.00209	0.00291	0.01374	0.00451	0.00396
110	0.86201	0.00950	0.00722	0.00646	0.00950	0.01102	0.00532	0.01445	0.00836	0.02205	0.00684	0.00798	0.00532	0.00456	0.00304	0.00152	0.00380	0.00266	0.00304	0.00532
111	0.86201	0.00950	0.00722	0.00646	0.00950	0.01102	0.00532	0.01445	0.00836	0.02205	0.00684	0.00798	0.00532	0.00456	0.00304	0.00152	0.00380	0.00266	0.00304	0.00532
112	0.86201	0.00950	0.00722	0.00646	0.00950	0.01102	0.00532	0.01445	0.00836	0.02205	0.00684	0.00798	0.00532	0.00456	0.00304	0.00152	0.00380	0.00266	0.00304	0.00532
113	0.00614	0.00435	0.00571	0.00673	0.00701	0.00410	0.00446	0.00693	0.00922	0.01228	0.02590	0.73078	0.03096	0.09672	0.00816	0.00228	0.00307	0.02689	0.00440	0.00390
114	0.00986	0.02542	0.80183	0.01401	0.02127	0.01141	0.01816	0.01556	0.01038	0.01556	0.00882	0.01038	0.00623	0.00467	0.00467	0.00156	0.00726	0.00363	0.00208	0.00726
115	0.00599	0.00428	0.00570	0.00684	0.00713	0.00399	0.00456	0.00684	0.00941	0.01254	0.02709	0.82409	0.03250	0.01540	0.00627	0.00200	0.00285	0.01397	0.00456	0.00399
116	0.02205	0.00836	0.01140	0.00874	0.01254	0.00722	0.00722	0.02395	0.01407	0.80004	0.01939	0.01673	0.01216	0.00608	0.00494	0.00152	0.00418	0.00494	0.00608	0.00836
117	0.00626	0.00447	0.00601	0.00715	0.00755	0.00422	0.00503	0.00731	0.00967	0.01284	0.02694	0.71742	0.03192	0.01514	0.00634	0.00203	0.00308	0.11799	0.00456	0.00407
118	0.02205	0.00836	0.01140	0.00874	0.01254	0.00722	0.00722	0.02395	0.01407	0.80004	0.01939	0.01673	0.01216	0.00608	0.00494	0.00152	0.00418	0.00494	0.00608	0.00836
119	0.00916	0.00458	0.00458	0.00458	0.00573	0.00458	0.00344	0.01145	0.01031	0.01832	0.01603	0.01832	0.01260	0.00573	0.00344	0.00115	0.00229	0.00458	0.85457	0.00458
120	0.01080	0.01089	0.01582	0.01333	0.01361	0.01491	0.05324	0.01204	0.00775	0.01204	0.00664	0.01089	0.00651	0.00835	0.01556	0.00212	0.77349	0.00438	0.00217	0.00545
121	0.00702	0.00527	0.00790	0.00790	0.00878	0.00614	0.00614	0.00878	0.00790	0.01141	0.01316	0.01931	0.01229	0.03686	0.80782	0.00790	0.01316	0.00527	0.00263	0.00439
122	0.00928	0.00873	0.01474	0.81548	0.03385	0.01092	0.01365	0.01256	0.00983	0.01256	0.00873	0.01310	0.00655	0.00491	0.00491	0.00164	0.00655	0.00437	0.00218	0.00546
123	0.00604	0.00499	0.00530	0.00522	0.00678	0.00425	0.00392	0.00750	0.01175	0.01458	0.20023	0.04515	0.64338	0.01196	0.00581	0.00164	0.00245	0.01007	0.00473	0.00425
124	0.02205	0.00836	0.01140	0.00874	0.01254	0.00722	0.00722	0.02395	0.01407	0.80004	0.01939	0.01673	0.01216	0.00608	0.00494	0.00152	0.00418	0.00494	0.00608	0.00836
125	0.01064	0.00894	0.00974	0.00913	0.01130	0.01009	0.00693	0.02118	0.58254	0.01888	0.06933	0.18235	0.02048	0.00864	0.00531	0.00173	0.00358	0.00746	0.00494	0.00682
126	0.01217	0.01158	0.01916	0.02837	0.72687	0.01172	0.01443	0.01606	0.08031	0.01646	0.01020	0.01271	0.00843	0.00458	0.00488	0.00148	0.00566	0.00448	0.00266	0.00778
127	0.01443	0.66256	0.02330	0.00893	0.01302	0.04587	0.00850	0.10893	0.01192	0.05201	0.00807	0.00882	0.00684	0.00453	0.00350	0.00113	0.00535	0.00298	0.00265	0.00664
128	0.01362	0.01261	0.01760	0.13920	0.45693	0.07394	0.01321	0.17963	0.01377	0.01844	0.00959	0.01197	0.00762	0.00484	0.00485	0.00147	0.00608	0.00429	0.00294	0.00741
129	0.01304	0.01138	0.01863	0.04158	0.66322	0.01145	0.01395	0.03789	0.04920	0.07596	0.01059	0.01281	0.00846	0.00467	0.00488	0.00148	0.00562	0.00448	0.00290	0.00780
130	0.01222	0.01056	0.01111	0.01000	0.01278	0.01222	0.00778	0.02611	0.78776	0.02056	0.02000	0.01833	0.01500	0.00667	0.00500	0.00167	0.00389	0.00556	0.00500	0.00778
131	0.13737	0.01089	0.01492	0.02026	0.45037	0.05962	0.01107	0.03602	0.02432	0.01787	0.15501	0.01600	0.01464	0.00558	0.00475	0.00148	0.00503	0.00491	0.00319	0.00672
132	0.00617	0.00442	0.00588	0.00677	0.00721	0.00412	0.00463	0.00729	0.01016	0.01372	0.14970	0.68578	0.03465	0.01451	0.00620	0.00193	0.00279	0.02526	0.00470	0.00410
133	0.80999	0.00943	0.00748	0.00660	0.00969	0.01079	0.00544	0.01503	0.00872	0.07023	0.00762	0.00852	0.00575	0.00466	0.00316	0.00152	0.00383	0.00280	0.00323	0.00551
134	0.00676	0.00505	0.00637	0.00723	0.00783	0.00501	0.00496	0.00923	0.10588	0.01354	0.02621	0.72422	0.03033	0.01431	0.00611	0.00196	0.00298	0.01293	0.00462	0.00446
135	0.01019	0.00873	0.01019	0.00728	0.01165	0.00655	0.00582	0.01237	0.01019	0.01601	0.00873	0.01019	0.00728	0.00364	0.00364	0.00073	0.00364	0.00291	0.00291	0.85734
136	0.00986	0.02542	0.80183	0.01401	0.02127	0.01141	0.01816	0.01556	0.01038	0.01556	0.00882	0.01038	0.00623	0.00467	0.00467	0.00156	0.00726	0.00363	0.00208	0.00726
137	0.00696	0.00502	0.00657	0.00618	0.00734	0.00464	0.00464	0.00927	0.01391	0.01971	0.79405	0.03671	0.04637	0.01005	0.00580	0.00155	0.00232	0.00889	0.00541	0.00464
138	0.00768	0.00549	0.00764	0.00878	0.00980	0.00545	0.00750	0.00977	0.01108	0.01444	0.02615	0.15070	0.02881	0.01380	0.00672	0.00223	0.00432	0.67066	0.00453	0.00446
139	0.00599	0.00428	0.00570	0.00684	0.00713	0.00399	0.00456	0.00684	0.00941	0.01254	0.02709	0.82409	0.03250	0.01540	0.00627	0.00200	0.00285	0.01397	0.00456	0.00399
140	0.86201	0.00950	0.00722	0.00646	0.00950	0.01102	0.00532	0.01445	0.00836	0.02205	0.00684	0.00798	0.00532	0.00456	0.00304	0.00152	0.00380	0.00266	0.00304	0.00532
141	0.00599	0.00428	0.00570	0.00684	0.00713	0.00399	0.00456	0.00684	0.00941	0.01254	0.02709	0.82409	0.03250	0.01540	0.00627	0.00200	0.00285	0.01397	0.00456	0.00399
142	0.00599	0.00428	0.00570	0.00684	0.00713	0.00399	0.00456	0.00684	0.00941	0.01254	0.02709	0.82409	0.03250	0.01540	0.00627	0.00200	0.00285	0.01397	0.00456	0.00399
143	0.01019	0.00873	0.01019	0.00728	0.01165	0.00655	0.00582	0.01237	0.01019	0.01601	0.00873	0.01019	0.00728	0.00364	0.00364	0.00073	0.00364	0.00291	0.00291	0.85734
144	0.86201	0.00950	0.00722	0.00646	0.00950	0.01102	0.00532	0.01445	0.00836	0.02205	0.00684	0.00798	0.00532	0.00456	0.00304	0.00152	0.00380	0.00266	0.00304	0.00532
145	0.38822	0.00886	0.00958	0.00775	0.01122	0.00888	0.00639	0.01981	0.01158	0.46089	0.01392	0.01291	0.00918	0.00542	0.00411	0.00152	0.00402	0.00395	0.00476	0.00704
146	0.86201	0.00950	0.00722	0.00646	0.00950	0.01102	0.00532	0.01445	0.00836	0.02205	0.00684	0.00798	0.00532	0.00456	0.00304	0.00152	0.00380	0.00266	0.00304	0.00532
147	0.86201	0.00950	0.00722	0.00646	0.00950	0.01102	0.00532	0.01445	0.00836	0.02205	0.00684	0.00798	0.00532	0.00456	0.00304	0.00152	0.00380	0.00266	0.00304	0.00532
148	0.01222	0.01056	0.01111	0.01000	0.01278	0.01222	0.00778	0.02611	0.78776	0.02056	0.02000	0.01833	0.01500	0.00667	0.00500	0.00167	0.00389	0.00556	0.00500	0.00778
149	0.00897	0.00857	0.01602	0.01234	0.01503	0.00814	0.32218	0.01200	0.01277	0.01784	0.44884	0.02631	0.02921	0.00758	0.00611	0.00161	0.02939	0.00748	0.00411	0.00548
150	0.00928	0.00873	0.01474	0.81548	0.03385	0.01092	0.01365	0.01256	0.00983	0.01256	0.00873	0.01310	0.00655	0.00491	0.00491	0.00164	0.00655	0.00437	0.00218	0.00546
151	0.00610	0.00437	0.00581	0.00676	0.00715	0.00407	0.00457	0.00713	0.00994	0.01340	0.11836	0.73039	0.03415	0.01476	0.00622	0.00194	0.00279	0.01337	0.00466	0.00407
152	0.01098	0.00945	0.01199	0.05650	0.01412	0.00793	0.05262	0.08093	0.01140	0.01712	0.00908	0.01069	0.00734	0.00395	0.00396	0.00090	0.00425	0.00330	0.00302	0.68046
153	0.01186	0.01202	0.05142	0.08713	0.70908	0.01161	0.01510	0.01492	0.01106	0.01578	0.00919	0.01216	0.00763	0.00443	0.00486	0.00148	0.00595	0.00435	0.00240	0.00759
154	0.00599	0.00428	0.00570	0.00684	0.00713	0.00399	0.00456	0.00684	0.00941	0.01254	0.02709	0.82409	0.03250	0.01540	0.00627	0.00200	0.00285	0.01397	0.00456	0.00399
155	0.01375	0.01075	0.01155	0.01005	0.01304	0.01217	0.00791	0.11211	0.63830	0.08430	0.01902	0.01746	0.01401	0.00653	0.00499	0.00163	0.00409	0.00538	0.00508	0.00789
156	0.13964	0.01401	0.01360	0.01073	0.01441	0.08516	0.00878	0.60269	0.02017	0.02800	0.01071	0.01099	0.00774	0.00563	0.00460	0.00146	0.00548	0.00406	0.00443	0.00769
157	0.00643	0.00495	0.00587	0.00574	0.00704	0.00440	0.00427	0.00821	0.01251	0.01662	0.44073	0.09440	0.34834	0.01138	0.00583	0.00162	0.00242	0.00983	0.00501	0.00440
158	0.01077	0.00881	0.01028	0.00747	0.01174	0.00685	0.00597	0.01351	0.04788	0.04817	0.00971	0.01085	0.00785	0.00389	0.00376	0.00081	0.00367	0.00312	0.00314	0.78174
159	0.01222	0.01056	0.01111	0.01000	0.01278	0.01222	0.00778	0.02611	0.78776	0.02056	0.02000	0.01833	0.01500	0.00667	0.00500	0.00167	0.00389	0.00556	0.00500	0.00778
160	0.02039	0.00881	0.01188	0.00927	0.01296	0.00807	0.02990	0.02401	0.12075	0.66952	0.01920	0.01685	0.01242	0.00611	0.00498	0.00154	0.00426	0.00505	0.00583	0.00823
161	0.00599	0.00428	0.00570	0.00684	0.00713	0.00399	0.00456	0.00684	0.00941	0.01254	0.02709	0.82409	0.03250	0.01540	0.00627	0.00200	0.00285	0.01397	0.00456	0.00399
162	0.01314	0.83025	0.02575	0.00841	0.01261	0.01945	0.00841	0.01472	0.00999	0.01156	0.00683	0.00788	0.00631	0.00420	0.00315	0.00105	0.00526	0.00263	0.00210	0.00631
163	0.00649	0.00463	0.00628	0.00741	0.00792	0.00442	0.00543	0.00771	0.00990	0.01311	0.02681	0.62484	0.03141	0.01492	0.00641	0.00206	0.00329	0.20827	0.00455	0.00413
164	0.08983	0.01575	0.34710	0.01070	0.01581	0.00951	0.01163	0.04546	0.01216	0.33946	0.01339	0.01315	0.00892	0.00533	0.00460	0.00152	0.00542	0.00415	0.03864	0.00747
165	0.00599	0.00428	0.00570	0.00684	0.00713	0.00399	0.00456	0.00684	0.00941	0.01254	0.02709	0.82409	0.03250	0.01540	0.00627	0.00200	0.00285	0.01397	0.00456	0.00399
166	0.01222	0.01056	0.01111	0.01000	0.01278	0.01222	0.00778	0.02611	0.78776	0.02056	0.02000	0.01833	0.01500	0.00667	0.00500	0.00167	0.00389	0.00556	0.00500	0.00778
167	0.86201	0.00950	0.00722	0.00646	0.00950	0.01102	0.00532	0.01445	0.00836	0.02205	0.00684	0.00798	0.00532	0.00456	0.00304	0.00152	0.00380	0.00266	0.00304	0.00532
168	0.01216	0.01168	0.01995	0.03016	0.79664	0.01168	0.01508	0.01508	0.01119	0.01605	0.00924	0.01216	0.00778	0.00438	0.00487	0.00146	0.00584	0.00438	0.00243	0.00778
169	0.01367	0.01338	0.02090	0.01577	0.01958	0.06248	0.37156	0.19335	0.12875	0.01938	0.01140	0.01318	0.00862	0.00537	0.00631	0.00164	0.07910	0.00515	0.00339	0.00703
170	0.00669	0.00489	0.00629	0.00619	0.00725	0.00448	0.00455	0.00867	0.01291	0.01793	0.59949	0.17284	0.10715	0.01117	0.00588	0.00163	0.00242	0.00989	0.00519	0.00448
171	0.01170	0.01060	0.01630	0.25425	0.36403	0.01119	0.01262	0.08778	0.04929	0.01667	0.00980	0.01246	0.00776	0.00470	0.00474	0.00143	0.00564	0.00426	0.00278	0.11201
172	0.02205	0.00836	0.01140	0.00874	0.01254	0.00722	0.00722	0.02395	0.01407	0.80004	0.01939	0.01673	0.01216	0.00608	0.00494	0.00152	0.00418	0.00494	0.00608	0.00836
173	0.01265	0.70984	0.14186	0.00925	0.01391	0.01824	0.00987	0.01484	0.01004	0.01216	0.00713	0.00826	0.00629	0.00427	0.00338	0.00113	0.00556	0.00278	0.00210	0.00645
174	0.01048	0.00996	0.01690	0.48911	0.35085	0.01123	0.01424	0.01361	0.01039	0.01401	0.00895	0.01271	0.00706	0.00469	0.00489	0.00156	0.00625	0.00437	0.00229	0.00643
175	0.02205	0.00836	0.01140	0.00874	0.01254	0.00722	0.00722	0.02395	0.01407	0.80004	0.01939	0.01673	0.01216	0.00608	0.00494	0.00152	0.00418	0.00494	0.00608	0.00836
176	0.01216	0.01168	0.01995	0.03016	0.79664	0.01168	0.01508	0.01508	0.01119	0.01605	0.00924	0.01216	0.00778	0.00438	0.00487	0.00146	0.00584	0.00438	0.00243	0.00778
177	0.01114	0.01063	0.01809	0.30982	0.52500	0.01141	0.01457	0.01418	0.01070	0.01481	0.00906	0.01250	0.00735	0.00457	0.00488	0.00152	0.00609	0.00437	0.00234	0.00696
178	0.00844	0.00507	0.00663	0.00708	0.00812	0.00462	0.00514	0.00962	0.01047	0.12580	0.02866	0.54484	0.12230	0.01354	0.00607	0.00191	0.00315	0.07908	0.00478	0.00469
179	0.86201	0.00950	0.00722	0.00646	0.00950	0.01102	0.00532	0.01445	0.00836	0.02205	0.00684	0.00798	0.00532	0.00456	0.00304	0.00152	0.00380	0.00266	0.00304	0.00532
180	0.00590	0.00478	0.00521	0.00551	0.00676	0.00413	0.00396	0.00704	0.01069	0.01313	0.05720	0.25750	0.55885	0.02868	0.00630	0.00181	0.00263	0.01126	0.00455	0.00409
181	0.00690	0.00502	0.00649	0.00612	0.00731	0.00461	0.00459	0.00917	0.01378	0.01940	0.75812	0.03722	0.08249	0.01016	0.00580	0.00155	0.00233	0.00896	0.00537	0.00461
182	0.01314	0.83025	0.02575	0.00841	0.01261	0.01945	0.00841	0.01472	0.00999	0.01156	0.00683	0.00788	0.00631	0.00420	0.00315	0.00105	0.00526	0.00263	0.00210	0.00631
183	0.00611	0.00436	0.00584	0.00698	0.00732	0.00410	0.00477	0.00705	0.00953	0.01268	0.02702	0.77534	0.03224	0.01528	0.00631	0.00201	0.00296	0.06151	0.00456	0.00403
184	0.00601	0.00429	0.00572	0.00683	0.00713	0.00401	0.00456	0.00690	0.00951	0.01270	0.04403	0.80669	0.03281	0.01528	0.00626	0.00199	0.00284	0.01386	0.00458	0.00401
185	0.00696	0.00502	0.00657	0.00618	0.00734	0.00464	0.00464	0.00927	0.01391	0.01971	0.79405	0.03671	0.04637	0.01005	0.00580	0.00155	0.00232	0.00889	0.00541	0.00464
186	0.01564	0.25989	0.10930	0.01126	0.01495	0.38664	0.01003	0.04998	0.05116	0.03621	0.00865	0.00957	0.00699	0.00491	0.00415	0.00127	0.00709	0.00328	0.00268	0.00635
187	0.01021	0.00976	0.05734	0.00773	0.01224	0.00695	0.00660	0.01284	0.02578	0.01608	0.00897	0.01036	0.00737	0.00376	0.00373	0.00080	0.00386	0.00301	0.00290	0.78970
188	0.00600	0.00434	0.00568	0.00671	0.00710	0.00402	0.00451	0.00692	0.00964	0.01277	0.04768	0.75415	0.08220	0.01507	0.00623	0.00196	0.00281	0.01361	0.00458	0.00402
189	0.86201	0.00950	0.00722	0.00646	0.00950	0.01102	0.00532	0.01445	0.00836	0.02205	0.00684	0.00798	0.00532	0.00456	0.00304	0.00152	0.00380	0.00266	0.00304	0.00532
190	0.01019	0.00873	0.01019	0.00728	0.01165	0.00655	0.00582	0.01237	0.01019	0.01601	0.00873	0.01019	0.00728	0.00364	0.00364	0.00073	0.00364	0.00291	0.00291	0.85734
191	0.86201	0.00950	0.00722	0.00646	0.00950	0.01102	0.00532	0.01445	0.00836	0.02205	0.00684	0.00798	0.00532	0.00456	0.00304	0.00152	0.00380	0.00266	0.00304	0.00532
192	0.00613	0.00450	0.00628	0.00719	0.00759	0.00420	0.02387	0.00706	0.00946	0.01262	0.02666	0.80386	0.03188	0.01512	0.00626	0.00199	0.00299	0.01377	0.00451	0.00406
193	0.06635	0.01159	0.04327	0.01886	0.23462	0.01091	0.26586	0.01737	0.03215	0.19185	0.01203	0.01401	0.00892	0.00504	0.00548	0.00159	0.03305	0.01644	0.00338	0.00723
194	0.01136	0.10720	0.01247	0.00783	0.01211	0.02635	0.00648	0.07047	0.01122	0.01652	0.00871	0.01001	0.00722	0.00391	0.00369	0.00083	0.00408	0.00300	0.00296	0.67358
195	0.01938	0.00893	0.01099	0.00856	0.01218	0.03982	0.00698	0.05014	0.01383	0.60434	0.02021	0.01819	0.07646	0.00635	0.00488	0.00145	0.00423	0.00512	0.00549	0.08247
196	0.03689	0.24906	0.44812	0.01203	0.01786	0.01392	0.03588	0.08411	0.01148	0.03558	0.00877	0.00997	0.00660	0.00467	0.00426	0.00141	0.00638	0.00349	0.00248	0.00704
197	0.01123	0.03237	0.14411	0.01817	0.04833	0.01191	0.52090	0.03561	0.03435	0.01603	0.01189	0.02691	0.03077	0.00504	0.00553	0.00164	0.00742	0.02842	0.00270	0.00666
198	0.01729	0.02123	0.01416	0.01259	0.01524	0.66852	0.04119	0.03654	0.08296	0.01353	0.02626	0.01057	0.00808	0.00530	0.00458	0.00133	0.00817	0.00364	0.00287	0.00596
199	0.01238	0.01064	0.01120	0.01003	0.01284	0.01230	0.00782	0.04492	0.76869	0.02082	0.01980	0.01817	0.01484	0.00665	0.00500	0.00166	0.00393	0.00553	0.00500	0.00779
200	0.00663	0.00504	0.00625	0.00696	0.00807	0.00466	0.00548	0.00814	0.01077	0.01361	0.03513	0.25355	0.31423	0.01363	0.00629	0.00197	0.00333	0.28746	0.00455	0.00425
201	0.01098	0.09579	0.54350	0.01498	0.04651	0.05735	0.13248	0.01573	0.01075	0.01504	0.00876	0.01056	0.00648	0.00456	0.00470	0.00151	0.00728	0.00387	0.00218	0.00701
202	0.00702	0.00527	0.00790	0.00790	0.00878	0.00614	0.00614	0.00878	0.00790	0.01141	0.01316	0.01931	0.01229	0.03686	0.80782	0.00790	0.01316	0.00527	0.00263	0.00439
203	0.00599	0.00428	0.00570	0.00684	0.00713	0.00399	0.00456	0.00684	0.00941	0.01254	0.02709	0.82409	0.03250	0.01540	0.00627	0.00200	0.00285	0.01397	0.00456	0.00399
204	0.00986	0.02542	0.80183	0.01401	0.02127	0.01141	0.01816	0.01556	0.01038	0.01556	0.00882	0.01038	0.00623	0.00467	0.00467	0.00156	0.00726	0.00363	0.00208	0.00726
205	0.01170	0.06097	0.04932	0.10822	0.45077	0.01224	0.20503	0.01498	0.01105	0.01533	0.00921	0.01222	0.00743	0.00438	0.00499	0.00151	0.00654	0.00460	0.00239	0.00715
206	0.00882	0.00712	0.00810	0.00749	0.00932	0.00747	0.00572	0.01541	0.30826	0.01923	0.40704	0.03102	0.12717	0.00906	0.00549	0.00161	0.00294	0.00780	0.00515	0.00577
207	0.02205	0.00836	0.01140	0.00874	0.01254	0.00722	0.00722	0.02395	0.01407	0.80004	0.01939	0.01673	0.01216	0.00608	0.00494	0.00152	0.00418	0.00494	0.00608	0.00836
208	0.00619	0.00499	0.00551	0.00538	0.00687	0.00431	0.00403	0.00779	0.01210	0.01541	0.29713	0.04378	0.54596	0.01165	0.00580	0.00162	0.00243	0.00988	0.00484	0.00431
209	0.03628	0.03852	0.09672	0.01963	0.08157	0.01221	0.58474	0.01535	0.01125	0.01572	0.01010	0.03595	0.00799	0.00455	0.00548	0.00162	0.00763	0.00554	0.00251	0.00665
210	0.01002	0.00590	0.00760	0.00680	0.00857	0.00542	0.00526	0.01264	0.04455	0.17038	0.54282	0.03326	0.09328	0.00939	0.00562	0.00157	0.00280	0.02322	0.00544	0.00545
211	0.03999	0.00839	0.01132	0.00869	0.01248	0.00730	0.00718	0.02375	0.01394	0.78343	0.01912	0.01654	0.01202	0.00605	0.00490	0.00152	0.00417	0.00489	0.00602	0.00830
212	0.01415	0.01483	0.01822	0.02435	0.53543	0.21527	0.02497	0.06497	0.01265	0.01597	0.00900	0.01131	0.00744	0.00465	0.00477	0.00141	0.00662	0.00409	0.00262	0.00727
213	0.05404	0.77345	0.04143	0.00843	0.01265	0.01887	0.00847	0.01472	0.00992	0.01215	0.00687	0.00794	0.00626	0.00423	0.00318	0.00108	0.00523	0.00265	0.00215	0.00628
214	0.00594	0.00448	0.00550	0.00631	0.00699	0.00404	0.00433	0.00690	0.00992	0.01275	0.03357	0.60211	0.25029	0.01455	0.00614	0.00190	0.00275	0.01294	0.00456	0.00404
215	0.02023	0.00833	0.01108	0.00862	0.01215	0.00742	0.00707	0.06735	0.01459	0.67061	0.10203	0.01858	0.01561	0.00650	0.00503	0.00152	0.00405	0.00533	0.00594	0.00796
216	0.01806	0.01346	0.01440	0.01118	0.01500	0.01495	0.00919	0.70821	0.09615	0.02998	0.01258	0.01242	0.00899	0.00597	0.00492	0.00149	0.00526	0.00453	0.00492	0.00830
217	0.60251	0.06415	0.20137	0.00842	0.01255	0.01164	0.00863	0.01473	0.00895	0.01982	0.00732	0.00856	0.00560	0.00457	0.00344	0.00150	0.00473	0.00289	0.00275	0.00585
218	0.01216	0.01164	0.01965	0.02950	0.77067	0.01169	0.01484	0.01545	0.03692	0.01620	0.00960	0.01237	0.00802	0.00445	0.00487	0.00147	0.00577	0.00442	0.00252	0.00778
219	0.00604	0.00448	0.00566	0.00658	0.00718	0.00410	0.00456	0.00704	0.00985	0.01279	0.03151	0.63449	0.18254	0.01473	0.00621	0.00194	0.00286	0.04882	0.00456	0.00405
220	0.01132	0.01082	0.01842	0.25985	0.57354	0.01145	0.01466	0.01434	0.01079	0.01503	0.00909	0.01244	0.00742	0.00453	0.00488	0.00151	0.00605	0.00438	0.00236	0.00710
221	0.00689	0.00502	0.00648	0.00612	0.00730	0.00461	0.00459	0.00916	0.01377	0.01937	0.75475	0.03727	0.08588	0.01017	0.00580	0.00155	0.00233	0.00897	0.00537	0.00461
222	0.01823	0.04564	0.01431	0.01245	0.01512	0.73444	0.00945	0.06827	0.01440	0.01323	0.00784	0.00902	0.00646	0.00509	0.00443	0.00127	0.00854	0.00323	0.00267	0.00588
223	0.00928	0.00873	0.01474	0.81548	0.03385	0.01092	0.01365	0.01256	0.00983	0.01256	0.00873	0.01310	0.00655	0.00491	0.00491	0.00164	0.00655	0.00437	0.00218	0.00546
224	0.11608	0.01938	0.45050	0.01585	0.06895	0.01165	0.21762	0.01544	0.01050	0.01644	0.00890	0.01095	0.00654	0.00450	0.00478	0.00157	0.00702	0.00413	0.00233	0.00689
225	0.01297	0.01194	0.01930	0.02783	0.69979	0.01212	0.01437	0.10992	0.01267	0.01790	0.00956	0.01212	0.00786	0.00457	0.00487	0.00146	0.00578	0.00438	0.00274	0.00786
226	0.07180	0.01182	0.01295	0.01251	0.10523	0.04045	0.00892	0.22099	0.38561	0.05426	0.01525	0.01481	0.01135	0.00598	0.00481	0.00156	0.00469	0.00482	0.00450	0.00772
227	0.75748	0.01003	0.00816	0.00706	0.01021	0.01155	0.00582	0.10936	0.01019	0.02315	0.00746	0.00846	0.00570	0.00473	0.00327	0.00151	0.00400	0.00288	0.00327	0.00570
228	0.00615	0.00447	0.00575	0.00659	0.00711	0.00414	0.00451	0.00718	0.00997	0.01322	0.09824	0.62340	0.11328	0.04292	0.00685	0.00202	0.00288	0.03268	0.00458	0.00404
229	0.00695	0.00510	0.00656	0.00640	0.00761	0.00471	0.00494	0.00914	0.01328	0.01836	0.61478	0.04023	0.12865	0.01075	0.00592	0.00165	0.00261	0.10259	0.00520	0.00457
230	0.01842	0.13999	0.01513	0.01112	0.01421	0.49735	0.00882	0.03069	0.01350	0.19104	0.01022	0.01054	0.00768	0.00518	0.00436	0.00129	0.00721	0.00351	0.00331	0.00643
231	0.03117	0.01164	0.01965	0.02856	0.72552	0.01165	0.03696	0.02945	0.01142	0.03320	0.00948	0.01219	0.00782	0.00444	0.00485	0.00147	0.00582	0.00440	0.00257	0.00772
232	0.00773	0.00515	0.00633	0.00618	0.00754	0.00458	0.00457	0.00938	0.01215	0.08511	0.33663	0.20380	0.26938	0.01156	0.00582	0.00167	0.00265	0.01006	0.00503	0.00468
233	0.01112	0.01037	0.01559	0.01277	0.01583	0.01099	0.23301	0.02001	0.42530	0.01794	0.01820	0.09173	0.01548	0.00729	0.00550	0.00174	0.00514	0.07098	0.00419	0.00683
234	0.01562	0.11240	0.27448	0.01204	0.04814	0.01251	0.01188	0.23563	0.01483	0.19763	0.01185	0.01200	0.00826	0.00527	0.00463	0.00146	0.00574	0.00407	0.00381	0.00773
235	0.00877	0.00563	0.00686	0.00676	0.00755	0.00572	0.00460	0.01067	0.08215	0.08186	0.01850	0.16805	0.01954	0.42306	0.09398	0.00390	0.00511	0.03924	0.00375	0.00429
236	0.01356	0.00703	0.00897	0.00754	0.00995	0.00650	0.00596	0.08318	0.01444	0.31367	0.35334	0.05523	0.08266	0.00854	0.00541	0.00155	0.00333	0.00729	0.00553	0.00631
237	0.00766	0.00538	0.00718	0.00801	0.00882	0.00537	0.00652	0.00929	0.01016	0.01328	0.02327	0.07104	0.02565	0.22847	0.01158	0.00292	0.00454	0.54264	0.00412	0.00410
238	0.38619	0.36731	0.03934	0.00800	0.01176	0.01511	0.00743	0.08873	0.01055	0.01816	0.00738	0.00838	0.00607	0.00454	0.00332	0.00131	0.00469	0.00285	0.00279	0.00610
239	0.00879	0.00738	0.00784	0.00735	0.00932	0.00774	0.00556	0.01556	0.34968	0.01678	0.10035	0.05520	0.31998	0.05831	0.00661	0.00185	0.00323	0.00805	0.00473	0.00570
240	0.03603	0.46845	0.32857	0.01067	0.01599	0.03915	0.01217	0.01518	0.01021	0.01344	0.00763	0.00889	0.00625	0.00442	0.00378	0.00127	0.00611	0.00304	0.00213	0.00663
241	0.00750	0.00460	0.00568	0.00574	0.00575	0.00458	0.00343	0.00691	0.00704	0.00938	0.01401	0.06535	0.01585	0.55126	0.02241	0.25376	0.00453	0.00663	0.00281	0.00278
