[name]
unknown

[dist]
# distance from previous block
# <min> <max>
0	512

[block]
# block no. 0 follows, 47 sequences, length 212
# corresponding to MSA columns:
# 522-620,623-673,675-736
name=unknown_A
#
# <colnr> <probs for GDERKNQSTAVLIFYWHMCP>
#	G	D	E	R	K	N	Q	S	T	A	V	L	I	F	Y	W	H	M	C	P
0	0.00709	0.00594	0.03095	0.03256	0.00942	0.00530	0.00596	0.00910	0.04272	0.01449	0.07040	0.50973	0.13428	0.01431	0.00645	0.00203	0.00343	0.08645	0.00474	0.00467
1	0.03105	0.01063	0.01473	0.33172	0.02268	0.01309	0.01160	0.08915	0.10106	0.01651	0.01025	0.01334	0.00818	0.00653	0.00845	0.00180	0.23344	0.00461	0.00302	0.06816
2	0.01545	0.01690	0.01523	0.01322	0.01480	0.32317	0.01056	0.10447	0.01260	0.01499	0.00818	0.01099	0.00720	0.00814	0.03272	0.00200	0.37630	0.00413	0.00280	0.00617
3	0.01410	0.68898	0.09045	0.00966	0.01436	0.01953	0.00986	0.07583	0.01173	0.01425	0.00784	0.00891	0.00685	0.00464	0.00363	0.00119	0.00576	0.00303	0.00246	0.00694
4	0.01241	0.01075	0.01803	0.36364	0.39958	0.01165	0.01466	0.01558	0.01148	0.07714	0.01042	0.01371	0.00806	0.00503	0.00518	0.00163	0.00637	0.00468	0.00277	0.00723
5	0.00692	0.00524	0.00638	0.00623	0.00754	0.00470	0.00462	0.00891	0.01348	0.01820	0.50008	0.10736	0.26756	0.01188	0.00619	0.00171	0.00256	0.01034	0.00539	0.00470
6	0.01411	0.00685	0.00891	0.00752	0.01005	0.00602	0.00594	0.01619	0.01434	0.35260	0.33096	0.03157	0.15467	0.00924	0.00575	0.00165	0.00334	0.00786	0.00589	0.00654
7	0.00615	0.00528	0.00528	0.00528	0.00703	0.00440	0.00396	0.00747	0.01187	0.01407	0.05276	0.05012	0.78238	0.01319	0.00615	0.00176	0.00264	0.01099	0.00484	0.00440
8	0.00634	0.00453	0.00604	0.00725	0.00755	0.00423	0.00483	0.00725	0.00997	0.01329	0.02870	0.81358	0.03444	0.01632	0.00665	0.00211	0.00302	0.01480	0.00483	0.00423
9	0.01392	0.82012	0.02729	0.00891	0.01337	0.02061	0.00891	0.01559	0.01058	0.01225	0.00724	0.00835	0.00668	0.00446	0.00334	0.00111	0.00557	0.00278	0.00223	0.00668
10	0.02336	0.00886	0.01209	0.00927	0.01329	0.00765	0.00765	0.02538	0.01491	0.78810	0.02055	0.01773	0.01289	0.00645	0.00524	0.00161	0.00443	0.00524	0.00645	0.00886
11	0.85377	0.01007	0.00765	0.00685	0.01007	0.01168	0.00564	0.01531	0.00886	0.02336	0.00725	0.00846	0.00564	0.00483	0.00322	0.00161	0.00403	0.00282	0.00322	0.00564
12	0.02257	0.01014	0.01288	0.00987	0.01393	0.00955	0.00816	0.19100	0.01704	0.61946	0.01875	0.01656	0.01199	0.00640	0.00523	0.00160	0.00472	0.00511	0.00617	0.00886
13	0.01229	0.01405	0.03073	0.02195	0.02722	0.01317	0.76558	0.01668	0.01229	0.01668	0.01054	0.01405	0.00790	0.00439	0.00615	0.00176	0.00878	0.00615	0.00263	0.00702
14	0.00745	0.00556	0.00825	0.00825	0.00914	0.00645	0.00637	0.00923	0.00834	0.01200	0.01405	0.02104	0.01327	0.07229	0.76346	0.00823	0.01357	0.00566	0.00281	0.00459
15	0.85377	0.01007	0.00765	0.00685	0.01007	0.01168	0.00564	0.01531	0.00886	0.02336	0.00725	0.00846	0.00564	0.00483	0.00322	0.00161	0.00403	0.00282	0.00322	0.00564
16	0.01289	0.01237	0.02114	0.03196	0.78450	0.01237	0.01598	0.01598	0.01186	0.01701	0.00980	0.01289	0.00825	0.00464	0.00516	0.00155	0.00619	0.00464	0.00258	0.00825
17	0.00727	0.00532	0.00683	0.00645	0.00772	0.00487	0.00484	0.00964	0.01451	0.02034	0.72340	0.03980	0.10783	0.01085	0.00614	0.00165	0.00247	0.00954	0.00566	0.00487
18	0.00615	0.00528	0.00528	0.00528	0.00703	0.00440	0.00396	0.00747	0.01187	0.01407	0.05276	0.05012	0.78238	0.01319	0.00615	0.00176	0.00264	0.01099	0.00484	0.00440
19	0.01392	0.82012	0.02729	0.00891	0.01337	0.02061	0.00891	0.01559	0.01058	0.01225	0.00724	0.00835	0.00668	0.00446	0.00334	0.00111	0.00557	0.00278	0.00223	0.00668
20	0.00983	0.00926	0.01562	0.80447	0.03587	0.01157	0.01446	0.01331	0.01041	0.01331	0.00926	0.01388	0.00694	0.00521	0.00521	0.00174	0.00694	0.00463	0.00231	0.00579
21	0.01264	0.01212	0.02070	0.09380	0.72457	0.01231	0.01586	0.01577	0.01174	0.01672	0.00975	0.01297	0.00814	0.00469	0.00516	0.00156	0.00625	0.00464	0.00256	0.00805
22	0.00725	0.00532	0.00680	0.00643	0.00771	0.00486	0.00482	0.00960	0.01446	0.02021	0.71004	0.04000	0.12127	0.01090	0.00614	0.00165	0.00247	0.00957	0.00564	0.00486
23	0.00983	0.00926	0.01562	0.80447	0.03587	0.01157	0.01446	0.01331	0.01041	0.01331	0.00926	0.01388	0.00694	0.00521	0.00521	0.00174	0.00694	0.00463	0.00231	0.00579
24	0.01045	0.02694	0.79000	0.01484	0.02254	0.01209	0.01924	0.01649	0.01099	0.01649	0.00935	0.01099	0.00660	0.00495	0.00495	0.00165	0.00770	0.00385	0.00220	0.00770
25	0.00634	0.00453	0.00604	0.00725	0.00755	0.00423	0.00483	0.00725	0.00997	0.01329	0.02870	0.81358	0.03444	0.01632	0.00665	0.00211	0.00302	0.01480	0.00483	0.00423
26	0.01147	0.01173	0.01374	0.01280	0.05475	0.18156	0.14278	0.05754	0.01236	0.01508	0.01872	0.38970	0.02040	0.02446	0.00631	0.00187	0.00582	0.00947	0.00384	0.00560
27	0.00725	0.00532	0.00680	0.00643	0.00771	0.00486	0.00482	0.00960	0.01446	0.02022	0.71099	0.03999	0.12031	0.01089	0.00614	0.00165	0.00247	0.00957	0.00565	0.00486
28	0.01081	0.02101	0.50899	0.01910	0.23764	0.01154	0.01716	0.01561	0.01116	0.01638	0.01102	0.07578	0.00929	0.00577	0.00514	0.00166	0.00689	0.00495	0.00252	0.00758
29	0.01968	0.01453	0.01556	0.01196	0.01610	0.01609	0.00987	0.75429	0.03753	0.03263	0.01265	0.01262	0.00898	0.00627	0.00521	0.00157	0.00570	0.00471	0.00521	0.00885
30	0.01294	0.59589	0.24291	0.01059	0.01596	0.01820	0.01183	0.01585	0.01070	0.01345	0.00784	0.00910	0.00666	0.00459	0.00380	0.00127	0.00617	0.00309	0.00222	0.00697
31	0.00615	0.00528	0.00528	0.00528	0.00703	0.00440	0.00396	0.00747	0.01187	0.01407	0.05276	0.05012	0.78238	0.01319	0.00615	0.00176	0.00264	0.01099	0.00484	0.00440
32	0.00638	0.00456	0.00608	0.00729	0.00761	0.00426	0.00489	0.00731	0.01000	0.01333	0.02868	0.80104	0.03437	0.01628	0.00666	0.00212	0.00305	0.02701	0.00483	0.00424
33	0.01114	0.00946	0.01098	0.00787	0.01248	0.00729	0.00631	0.04146	0.01131	0.01757	0.00938	0.01086	0.00776	0.00395	0.00391	0.00080	0.00393	0.00315	0.00317	0.81724
34	0.00634	0.00453	0.00604	0.00725	0.00755	0.00423	0.00483	0.00725	0.00997	0.01329	0.02870	0.81358	0.03444	0.01632	0.00665	0.00211	0.00302	0.01480	0.00483	0.00423
35	0.01391	0.48985	0.25720	0.01075	0.01614	0.01659	0.01191	0.01695	0.01118	0.09907	0.00935	0.01019	0.00734	0.00482	0.00404	0.00133	0.00609	0.00338	0.00268	0.00723
36	0.01295	0.01119	0.01178	0.01060	0.01354	0.01295	0.00824	0.02767	0.77509	0.02178	0.02120	0.01943	0.01590	0.00707	0.00530	0.00177	0.00412	0.00589	0.00530	0.00824
37	0.01488	0.01133	0.01264	0.00971	0.01386	0.01106	0.00784	0.26580	0.14608	0.06828	0.01303	0.01324	0.00979	0.00535	0.00463	0.00125	0.00456	0.00422	0.00436	0.37808
38	0.02336	0.00886	0.01209	0.00927	0.01329	0.00765	0.00765	0.02538	0.01491	0.78810	0.02055	0.01773	0.01289	0.00645	0.00524	0.00161	0.00443	0.00524	0.00645	0.00886
39	0.01545	0.02839	0.01530	0.01181	0.01508	0.00979	0.16195	0.12082	0.03707	0.26743	0.04537	0.17634	0.03203	0.00830	0.00604	0.00175	0.02756	0.00746	0.00487	0.00718
40	0.01220	0.01017	0.01420	0.01754	0.29286	0.01081	0.01038	0.01906	0.28304	0.05759	0.07816	0.01922	0.01547	0.04042	0.09331	0.00252	0.00587	0.00572	0.00405	0.00742
41	0.00624	0.00495	0.00561	0.00615	0.00726	0.00432	0.00434	0.00738	0.01103	0.01373	0.04216	0.38653	0.45281	0.01457	0.00637	0.00192	0.00281	0.01267	0.00484	0.00432
42	0.01145	0.01096	0.01877	0.39233	0.41834	0.01202	0.03181	0.01475	0.01119	0.01528	0.00956	0.01338	0.00763	0.00490	0.00520	0.00164	0.00660	0.00467	0.00246	0.00707
43	0.01472	0.16165	0.32790	0.01270	0.01788	0.20840	0.01328	0.05698	0.06111	0.06361	0.01026	0.01116	0.00773	0.00526	0.00466	0.00148	0.00722	0.00380	0.00294	0.00727
44	0.03397	0.01534	0.01557	0.01315	0.01585	0.31297	0.16044	0.02933	0.03075	0.07651	0.01463	0.19686	0.01407	0.00797	0.00596	0.00168	0.03843	0.00682	0.00357	0.00612
45	0.85377	0.01007	0.00765	0.00685	0.01007	0.01168	0.00564	0.01531	0.00886	0.02336	0.00725	0.00846	0.00564	0.00483	0.00322	0.00161	0.00403	0.00282	0.00322	0.00564
46	0.00747	0.00547	0.00783	0.00783	0.00857	0.00622	0.00584	0.00895	0.00821	0.01169	0.01444	0.02320	0.01421	0.19543	0.64160	0.00770	0.01216	0.00598	0.00286	0.00435
47	0.01072	0.01028	0.01779	0.57180	0.22056	0.01185	0.05478	0.01415	0.01087	0.01440	0.00946	0.01365	0.00732	0.00502	0.00524	0.00169	0.00685	0.00471	0.00240	0.00646
48	0.42852	0.00991	0.01021	0.00830	0.01195	0.01030	0.00685	0.07984	0.01272	0.35426	0.01341	0.01278	0.00903	0.00564	0.00425	0.00161	0.00434	0.00401	0.00477	0.00729
49	0.00635	0.00528	0.00555	0.00548	0.00715	0.00448	0.00411	0.00785	0.01233	0.01516	0.17006	0.04831	0.66440	0.01278	0.00615	0.00174	0.00261	0.01074	0.00498	0.00448
50	0.00644	0.00529	0.00567	0.00557	0.00721	0.00452	0.00418	0.00802	0.01253	0.01564	0.22130	0.04752	0.61285	0.01260	0.00615	0.00173	0.00260	0.01063	0.00504	0.00452
51	0.00615	0.00528	0.00528	0.00528	0.00703	0.00440	0.00396	0.00747	0.01187	0.01407	0.05276	0.05012	0.78238	0.01319	0.00615	0.00176	0.00264	0.01099	0.00484	0.00440
52	0.01980	0.01459	0.01563	0.01198	0.01615	0.01615	0.00990	0.76713	0.02448	0.03282	0.01250	0.01250	0.00886	0.00625	0.00521	0.00156	0.00573	0.00469	0.00521	0.00886
53	0.85377	0.01007	0.00765	0.00685	0.01007	0.01168	0.00564	0.01531	0.00886	0.02336	0.00725	0.00846	0.00564	0.00483	0.00322	0.00161	0.00403	0.00282	0.00322	0.00564
54	0.85377	0.01007	0.00765	0.00685	0.01007	0.01168	0.00564	0.01531	0.00886	0.02336	0.00725	0.00846	0.00564	0.00483	0.00322	0.00161	0.00403	0.00282	0.00322	0.00564
55	0.01080	0.00926	0.01080	0.00771	0.01234	0.00694	0.00617	0.01311	0.01080	0.01697	0.00926	0.01080	0.00771	0.00386	0.00386	0.00077	0.00386	0.00309	0.00309	0.84882
56	0.01976	0.02356	0.01455	0.01309	0.01588	0.73389	0.00987	0.02116	0.01477	0.07390	0.00904	0.01005	0.00720	0.00545	0.00474	0.00136	0.00900	0.00350	0.00298	0.00626
57	0.01980	0.01459	0.01563	0.01198	0.01615	0.01615	0.00990	0.76713	0.02448	0.03282	0.01250	0.01250	0.00886	0.00625	0.00521	0.00156	0.00573	0.00469	0.00521	0.00886
58	0.00737	0.00532	0.00696	0.00655	0.00778	0.00491	0.00491	0.00983	0.01474	0.02088	0.78175	0.03890	0.04914	0.01065	0.00614	0.00164	0.00246	0.00942	0.00573	0.00491
59	0.00840	0.00712	0.00888	0.00877	0.00984	0.06971	0.00679	0.01022	0.00888	0.01214	0.01348	0.01957	0.01251	0.03636	0.73298	0.00781	0.01358	0.00540	0.00278	0.00476
60	0.02111	0.15918	0.01507	0.00939	0.01332	0.01041	0.00805	0.02302	0.01381	0.61132	0.01750	0.01572	0.01148	0.00619	0.00539	0.00155	0.03895	0.00475	0.00549	0.00832
61	0.01102	0.16669	0.53736	0.01265	0.01899	0.01299	0.01538	0.04745	0.01159	0.01617	0.01366	0.01470	0.08825	0.00578	0.00480	0.00156	0.00670	0.00444	0.00261	0.00722
62	0.01437	0.75646	0.02629	0.00927	0.01358	0.08268	0.00900	0.01601	0.01092	0.01229	0.00730	0.00844	0.00669	0.00453	0.00345	0.00113	0.00588	0.00283	0.00226	0.00663
63	0.08984	0.00896	0.01173	0.00907	0.01304	0.00798	0.00749	0.02457	0.01442	0.72689	0.01948	0.01698	0.01231	0.00632	0.00508	0.00161	0.00440	0.00504	0.00619	0.00860
64	0.01080	0.00926	0.01080	0.00771	0.01234	0.00694	0.00617	0.01311	0.01080	0.01697	0.00926	0.01080	0.00771	0.00386	0.00386	0.00077	0.00386	0.00309	0.00309	0.84882
65	0.01538	0.01397	0.01710	0.01911	0.28287	0.09599	0.03503	0.23087	0.13773	0.02160	0.01221	0.01354	0.00950	0.00582	0.00578	0.00160	0.04868	0.00476	0.02048	0.00795
66	0.00744	0.00558	0.00837	0.00837	0.00930	0.00651	0.00651	0.00930	0.00837	0.01209	0.01395	0.02046	0.01302	0.03906	0.79635	0.00837	0.01395	0.00558	0.00279	0.00465
67	0.01392	0.82012	0.02729	0.00891	0.01337	0.02061	0.00891	0.01559	0.01058	0.01225	0.00724	0.00835	0.00668	0.00446	0.00334	0.00111	0.00557	0.00278	0.00223	0.00668
68	0.01165	0.00982	0.01144	0.00867	0.02851	0.00803	0.00675	0.07410	0.04222	0.01843	0.01000	0.01132	0.00814	0.00419	0.00405	0.00089	0.00406	0.00336	0.00333	0.73104
69	0.01386	0.80470	0.04211	0.00903	0.01354	0.02044	0.00911	0.01561	0.01059	0.01233	0.00728	0.00841	0.00668	0.00446	0.00337	0.00112	0.00561	0.00281	0.00223	0.00670
70	0.00621	0.00504	0.00552	0.00589	0.00720	0.00434	0.00423	0.00740	0.01128	0.01383	0.04525	0.28850	0.54885	0.01417	0.00631	0.00187	0.00276	0.01218	0.00484	0.00434
71	0.00757	0.00505	0.00568	0.00568	0.00568	0.00505	0.00316	0.00757	0.00757	0.01010	0.01641	0.03408	0.01893	0.81698	0.02651	0.00505	0.00505	0.00757	0.00316	0.00316
72	0.01289	0.01237	0.02114	0.03196	0.78450	0.01237	0.01598	0.01598	0.01186	0.01701	0.00980	0.01289	0.00825	0.00464	0.00516	0.00155	0.00619	0.00464	0.00258	0.00825
73	0.00630	0.00472	0.00585	0.00674	0.00742	0.00427	0.00461	0.00731	0.01046	0.01349	0.03487	0.61776	0.22629	0.01551	0.00652	0.00202	0.00292	0.01383	0.00483	0.00427
74	0.44321	0.01120	0.01424	0.01911	0.38818	0.01202	0.01069	0.01564	0.01032	0.02026	0.00849	0.01062	0.00691	0.00474	0.00417	0.00158	0.00508	0.00371	0.00291	0.00691
75	0.00624	0.00495	0.00561	0.00613	0.00726	0.00432	0.00434	0.00738	0.01105	0.01373	0.04237	0.37971	0.45949	0.01454	0.00637	0.00191	0.00280	0.01264	0.00484	0.00432
76	0.01080	0.00926	0.01080	0.00771	0.01234	0.00694	0.00617	0.01311	0.01080	0.01697	0.00926	0.01080	0.00771	0.00386	0.00386	0.00077	0.00386	0.00309	0.00309	0.84882
77	0.00703	0.00549	0.00649	0.00674	0.00824	0.00495	0.00539	0.00888	0.01248	0.01587	0.19321	0.05026	0.42323	0.01301	0.00644	0.00191	0.00321	0.21754	0.00501	0.00461
78	0.00634	0.00453	0.00604	0.00725	0.00755	0.00423	0.00483	0.00725	0.00997	0.01329	0.02870	0.81358	0.03444	0.01632	0.00665	0.00211	0.00302	0.01480	0.00483	0.00423
79	0.85377	0.01007	0.00765	0.00685	0.01007	0.01168	0.00564	0.01531	0.00886	0.02336	0.00725	0.00846	0.00564	0.00483	0.00322	0.00161	0.00403	0.00282	0.00322	0.00564
80	0.00615	0.00528	0.00528	0.00528	0.00703	0.00440	0.00396	0.00747	0.01187	0.01407	0.05276	0.05012	0.78238	0.01319	0.00615	0.00176	0.00264	0.01099	0.00484	0.00440
81	0.00971	0.00485	0.00485	0.00485	0.00607	0.00485	0.00364	0.01213	0.01092	0.01942	0.01699	0.01942	0.01335	0.00607	0.00364	0.00121	0.00243	0.00485	0.84589	0.00485
82	0.00744	0.00558	0.00837	0.00837	0.00930	0.00651	0.00651	0.00930	0.00837	0.01209	0.01395	0.02046	0.01302	0.03906	0.79635	0.00837	0.01395	0.00558	0.00279	0.00465
83	0.85377	0.01007	0.00765	0.00685	0.01007	0.01168	0.00564	0.01531	0.00886	0.02336	0.00725	0.00846	0.00564	0.00483	0.00322	0.00161	0.00403	0.00282	0.00322	0.00564
84	0.00809	0.00578	0.00804	0.00924	0.01031	0.00573	0.00787	0.01027	0.01169	0.01525	0.02774	0.17033	0.03063	0.01467	0.00711	0.00236	0.00453	0.64084	0.00480	0.00471
85	0.01229	0.01405	0.03073	0.02195	0.02722	0.01317	0.76558	0.01668	0.01229	0.01668	0.01054	0.01405	0.00790	0.00439	0.00615	0.00176	0.00878	0.00615	0.00263	0.00702
86	0.00651	0.00500	0.00600	0.00666	0.00767	0.00449	0.00483	0.00778	0.01110	0.01410	0.06548	0.40542	0.33485	0.01467	0.00648	0.00198	0.00302	0.08472	0.00486	0.00438
87	0.00632	0.00532	0.00550	0.00555	0.00726	0.00450	0.00423	0.00774	0.01198	0.01440	0.07882	0.05015	0.71480	0.01316	0.00621	0.00179	0.00275	0.05020	0.00487	0.00444
88	0.01977	0.02354	0.01454	0.01308	0.01587	0.73297	0.00987	0.02116	0.01477	0.07481	0.00905	0.01006	0.00720	0.00545	0.00474	0.00136	0.00899	0.00350	0.00298	0.00626
89	0.01289	0.01237	0.02114	0.03196	0.78450	0.01237	0.01598	0.01598	0.01186	0.01701	0.00980	0.01289	0.00825	0.00464	0.00516	0.00155	0.00619	0.00464	0.00258	0.00825
90	0.01045	0.02694	0.79000	0.01484	0.02254	0.01209	0.01924	0.01649	0.01099	0.01649	0.00935	0.01099	0.00660	0.00495	0.00495	0.00165	0.00770	0.00385	0.00220	0.00770
91	0.00757	0.00505	0.00568	0.00568	0.00568	0.00505	0.00316	0.00757	0.00757	0.01010	0.01641	0.03408	0.01893	0.81698	0.02651	0.00505	0.00505	0.00757	0.00316	0.00316
92	0.68593	0.17195	0.01158	0.00726	0.01073	0.01347	0.00629	0.01537	0.00921	0.02114	0.00725	0.00844	0.00585	0.00476	0.00325	0.00151	0.00434	0.00281	0.00302	0.00585
93	0.85377	0.01007	0.00765	0.00685	0.01007	0.01168	0.00564	0.01531	0.00886	0.02336	0.00725	0.00846	0.00564	0.00483	0.00322	0.00161	0.00403	0.00282	0.00322	0.00564
94	0.01361	0.01288	0.07455	0.01111	0.01459	0.01329	0.00933	0.11988	0.61942	0.02275	0.01915	0.01788	0.01427	0.00679	0.00526	0.00173	0.00461	0.00557	0.00504	0.00828
95	0.00737	0.00532	0.00696	0.00655	0.00778	0.00491	0.00491	0.00983	0.01474	0.02088	0.78175	0.03890	0.04914	0.01065	0.00614	0.00164	0.00246	0.00942	0.00573	0.00491
96	0.00969	0.00921	0.01524	0.07613	0.01609	0.01033	0.17735	0.03265	0.01047	0.01443	0.01774	0.29865	0.05007	0.01040	0.00919	0.00202	0.22254	0.00883	0.00346	0.00551
97	0.01260	0.01208	0.02062	0.10480	0.71391	0.01230	0.01584	0.01573	0.01172	0.01666	0.00974	0.01298	0.00813	0.00469	0.00516	0.00156	0.00626	0.00464	0.00255	0.00802
98	0.01319	0.01229	0.01952	0.02796	0.63799	0.01262	0.01458	0.04979	0.12495	0.01839	0.01159	0.01384	0.00940	0.00507	0.00518	0.00158	0.00586	0.00483	0.00309	0.00827
99	0.04632	0.61205	0.02358	0.00966	0.01369	0.14431	0.00893	0.01716	0.05836	0.01334	0.00823	0.00921	0.00722	0.00478	0.00368	0.00121	0.00604	0.00307	0.00253	0.00664
100	0.00683	0.00527	0.00623	0.00606	0.00747	0.00467	0.00452	0.00874	0.01334	0.01774	0.44839	0.08065	0.34739	0.01196	0.00617	0.00171	0.00256	0.01032	0.00532	0.00467
101	0.00983	0.00926	0.01562	0.80447	0.03587	0.01157	0.01446	0.01331	0.01041	0.01331	0.00926	0.01388	0.00694	0.00521	0.00521	0.00174	0.00694	0.00463	0.00231	0.00579
102	0.01045	0.02694	0.79000	0.01484	0.02254	0.01209	0.01924	0.01649	0.01099	0.01649	0.00935	0.01099	0.00660	0.00495	0.00495	0.00165	0.00770	0.00385	0.00220	0.00770
103	0.01392	0.82012	0.02729	0.00891	0.01337	0.02061	0.00891	0.01559	0.01058	0.01225	0.00724	0.00835	0.00668	0.00446	0.00334	0.00111	0.00557	0.00278	0.00223	0.00668
104	0.85377	0.01007	0.00765	0.00685	0.01007	0.01168	0.00564	0.01531	0.00886	0.02336	0.00725	0.00846	0.00564	0.00483	0.00322	0.00161	0.00403	0.00282	0.00322	0.00564
105	0.01165	0.01732	0.24467	0.01879	0.02470	0.01237	0.49293	0.01634	0.01180	0.01665	0.01010	0.01292	0.00752	0.00451	0.00562	0.00165	0.00808	0.00525	0.00255	0.07460
106	0.01197	0.01256	0.08300	0.01551	0.01873	0.01218	0.29971	0.01519	0.02891	0.07699	0.01474	0.05172	0.06342	0.00748	0.00912	0.00192	0.23414	0.03301	0.00319	0.00650
107	0.01643	0.08232	0.01436	0.01205	0.03802	0.41658	0.00908	0.03406	0.16196	0.05736	0.06777	0.01543	0.03996	0.00633	0.00491	0.00147	0.00689	0.00467	0.00369	0.00665
108	0.00627	0.00528	0.00543	0.00539	0.00710	0.00444	0.00404	0.00769	0.01213	0.01469	0.11973	0.04909	0.71502	0.01296	0.00615	0.00175	0.00262	0.01085	0.00492	0.00444
109	0.01088	0.06300	0.64124	0.01561	0.02279	0.01266	0.12908	0.01648	0.01117	0.01632	0.00942	0.01132	0.00679	0.00484	0.00505	0.00164	0.00775	0.00414	0.00226	0.00755
110	0.00684	0.00530	0.00623	0.00599	0.00745	0.00469	0.00450	0.00880	0.01349	0.01791	0.46341	0.04380	0.36933	0.01176	0.00615	0.00169	0.00254	0.01010	0.00534	0.00469
111	0.01124	0.20769	0.61619	0.01349	0.02045	0.01403	0.01689	0.01629	0.01090	0.01553	0.00887	0.01039	0.00662	0.00484	0.00458	0.00153	0.00721	0.00361	0.00221	0.00747
112	0.01252	0.07011	0.11291	0.01044	0.01435	0.01211	0.00929	0.02261	0.46396	0.04107	0.03602	0.01667	0.01354	0.00618	0.00491	0.00154	0.00461	0.00504	0.00438	0.13774
113	0.03407	0.01401	0.06211	0.01158	0.01552	0.01438	0.00998	0.56941	0.07117	0.02909	0.04179	0.01744	0.01226	0.00701	0.00535	0.00165	0.00552	0.06446	0.00498	0.00821
114	0.00971	0.00485	0.00485	0.00485	0.00607	0.00485	0.00364	0.01213	0.01092	0.01942	0.01699	0.01942	0.01335	0.00607	0.00364	0.00121	0.00243	0.00485	0.84589	0.00485
115	0.01080	0.00926	0.01080	0.00771	0.01234	0.00694	0.00617	0.01311	0.01080	0.01697	0.00926	0.01080	0.00771	0.00386	0.00386	0.00077	0.00386	0.00309	0.00309	0.84882
116	0.00638	0.00456	0.00608	0.00729	0.00761	0.00426	0.00490	0.00731	0.01001	0.01333	0.02868	0.80035	0.03436	0.01628	0.00666	0.00212	0.00305	0.02769	0.00483	0.00424
117	0.00757	0.00505	0.00568	0.00568	0.00568	0.00505	0.00316	0.00757	0.00757	0.01010	0.01641	0.03408	0.01893	0.81698	0.02651	0.00505	0.00505	0.00757	0.00316	0.00316
118	0.01816	0.01656	0.01531	0.01403	0.08496	0.25952	0.01031	0.30343	0.04095	0.08307	0.01134	0.01229	0.00860	0.00687	0.02456	0.00172	0.07242	0.00436	0.00398	0.00754
119	0.15405	0.01076	0.01402	0.54943	0.02829	0.07447	0.01222	0.03775	0.01088	0.01556	0.00926	0.02843	0.00731	0.00549	0.00509	0.00170	0.02240	0.00442	0.00264	0.00584
120	0.00639	0.00456	0.00609	0.00730	0.00762	0.00426	0.00490	0.00732	0.01001	0.01334	0.02868	0.79862	0.03435	0.01628	0.00666	0.00212	0.00306	0.02937	0.00483	0.00424
121	0.01599	0.01552	0.09788	0.01561	0.02041	0.03256	0.27341	0.35155	0.05829	0.04782	0.01211	0.01335	0.00875	0.00550	0.00550	0.00165	0.00695	0.00516	0.00400	0.00800
122	0.01106	0.01030	0.01715	0.58821	0.09272	0.01193	0.07705	0.06964	0.01174	0.01547	0.00965	0.01360	0.00730	0.00512	0.00523	0.00167	0.00683	0.00470	0.00261	0.03801
123	0.01505	0.01271	0.03745	0.01264	0.07602	0.03518	0.00952	0.23233	0.39083	0.05174	0.05754	0.01740	0.01443	0.00670	0.00528	0.00166	0.00492	0.00548	0.00495	0.00818
124	0.01229	0.01405	0.03073	0.02195	0.02722	0.01317	0.76558	0.01668	0.01229	0.01668	0.01054	0.01405	0.00790	0.00439	0.00615	0.00176	0.00878	0.00615	0.00263	0.00702
125	0.01644	0.01292	0.01681	0.01622	0.16972	0.01380	0.07104	0.36530	0.15017	0.06704	0.03748	0.01500	0.01134	0.00607	0.00532	0.00162	0.00562	0.00518	0.00458	0.00836
126	0.00737	0.00532	0.00696	0.00655	0.00778	0.00491	0.00491	0.00983	0.01474	0.02088	0.78175	0.03890	0.04914	0.01065	0.00614	0.00164	0.00246	0.00942	0.00573	0.00491
127	0.00634	0.00453	0.00604	0.00725	0.00755	0.00423	0.00483	0.00725	0.00997	0.01329	0.02870	0.81358	0.03444	0.01632	0.00665	0.00211	0.00302	0.01480	0.00483	0.00423
128	0.00634	0.00453	0.00604	0.00725	0.00755	0.00423	0.00483	0.00725	0.00997	0.01329	0.02870	0.81358	0.03444	0.01632	0.00665	0.00211	0.00302	0.01480	0.00483	0.00423
129	0.01295	0.01119	0.01178	0.01060	0.01354	0.01295	0.00824	0.02767	0.77509	0.02178	0.02120	0.01943	0.01590	0.00707	0.00530	0.00177	0.00412	0.00589	0.00530	0.00824
130	0.01139	0.01139	0.01595	0.01367	0.01367	0.01595	0.01139	0.01253	0.00798	0.01253	0.00684	0.01139	0.00684	0.00911	0.01709	0.00228	0.80745	0.00456	0.00228	0.00570
131	0.83041	0.01004	0.00778	0.00692	0.01016	0.01157	0.00570	0.01559	0.00903	0.04487	0.00763	0.00872	0.00584	0.00488	0.00328	0.00161	0.00404	0.00289	0.00331	0.00573
132	0.01392	0.82012	0.02729	0.00891	0.01337	0.02061	0.00891	0.01559	0.01058	0.01225	0.00724	0.00835	0.00668	0.00446	0.00334	0.00111	0.00557	0.00278	0.00223	0.00668
133	0.01927	0.01419	0.01526	0.01175	0.01579	0.01567	0.00969	0.73478	0.02407	0.03231	0.04536	0.01363	0.01058	0.00644	0.00525	0.00157	0.00559	0.00489	0.00523	0.00869
134	0.00681	0.00526	0.00621	0.00606	0.00746	0.00466	0.00451	0.00871	0.01329	0.01765	0.43855	0.08476	0.35328	0.01201	0.00617	0.00171	0.00256	0.01036	0.00531	0.00466
135	0.01178	0.28472	0.47861	0.01257	0.01882	0.01494	0.01499	0.01709	0.07202	0.01553	0.00961	0.01081	0.00737	0.00496	0.00445	0.00148	0.00672	0.00366	0.00246	0.00741
136	0.01085	0.01078	0.01591	0.66373	0.08080	0.07458	0.01410	0.01405	0.01076	0.01347	0.00911	0.01337	0.00700	0.00532	0.00559	0.00171	0.03603	0.00452	0.00236	0.00596
137	0.00727	0.00530	0.00684	0.00650	0.00773	0.00486	0.00485	0.00962	0.01444	0.02027	0.71734	0.06135	0.09220	0.01096	0.00616	0.00166	0.00248	0.00966	0.00565	0.00486
138	0.72899	0.00930	0.00724	0.00655	0.00948	0.01067	0.00534	0.01484	0.00917	0.02278	0.00869	0.01008	0.00678	0.00502	0.00328	0.00155	0.00379	0.00312	0.12780	0.00552
139	0.05743	0.36925	0.17490	0.01106	0.01577	0.12072	0.01105	0.11598	0.03663	0.03027	0.00913	0.01008	0.00730	0.00505	0.00418	0.00136	0.00638	0.00346	0.00289	0.00712
140	0.01374	0.07855	0.02027	0.05705	0.56694	0.11873	0.01433	0.01685	0.03491	0.01605	0.00968	0.01229	0.00809	0.00482	0.00495	0.00150	0.00654	0.00435	0.00264	0.00773
141	0.00653	0.00461	0.00599	0.00702	0.00728	0.00435	0.00459	0.00730	0.00962	0.01282	0.02689	0.69835	0.03215	0.13468	0.00958	0.00255	0.00332	0.01374	0.00459	0.00407
142	0.01289	0.01237	0.02114	0.03196	0.78450	0.01237	0.01598	0.01598	0.01186	0.01701	0.00980	0.01289	0.00825	0.00464	0.00516	0.00155	0.00619	0.00464	0.00258	0.00825
143	0.00723	0.00537	0.00677	0.00656	0.00789	0.00491	0.00502	0.00948	0.01400	0.01923	0.59004	0.04251	0.17971	0.01140	0.00623	0.00172	0.00268	0.06894	0.00550	0.00481
144	0.55476	0.00911	0.00777	0.00686	0.00971	0.01021	0.00557	0.07031	0.01077	0.05671	0.01054	0.01178	0.00803	0.00530	0.00356	0.00151	0.00379	0.00355	0.20435	0.00583
145	0.42881	0.00945	0.00992	0.00809	0.01172	0.00962	0.00667	0.02046	0.01195	0.41472	0.01405	0.01320	0.00935	0.00566	0.00425	0.00161	0.00423	0.00406	0.00487	0.00729
146	0.00931	0.00688	0.00936	0.13054	0.01309	0.03661	0.00738	0.01076	0.06038	0.01209	0.01274	0.02028	0.01190	0.02054	0.23565	0.32314	0.00775	0.06452	0.00284	0.00423
147	0.01980	0.01459	0.01563	0.01198	0.01615	0.01615	0.00990	0.76713	0.02448	0.03282	0.01250	0.01250	0.00886	0.00625	0.00521	0.00156	0.00573	0.00469	0.00521	0.00886
148	0.01788	0.01363	0.01455	0.01159	0.01542	0.01525	0.00943	0.55969	0.23506	0.02972	0.01494	0.01445	0.01083	0.00648	0.00523	0.00162	0.00528	0.00502	0.00523	0.00868
149	0.01931	0.02169	0.01487	0.01294	0.01602	0.56660	0.00995	0.21354	0.04476	0.01825	0.00967	0.01056	0.00759	0.00566	0.00485	0.00141	0.00826	0.00379	0.00343	0.00684
150	0.01181	0.10613	0.01825	0.52592	0.05316	0.11138	0.07343	0.01487	0.01117	0.01350	0.00899	0.01266	0.00700	0.00506	0.00500	0.00161	0.00721	0.00438	0.00238	0.00610
151	0.00635	0.00531	0.00554	0.00556	0.00725	0.00451	0.00422	0.00780	0.01210	0.01468	0.11003	0.04959	0.69155	0.01304	0.00620	0.00178	0.00272	0.04241	0.00491	0.00445
152	0.00701	0.00531	0.00646	0.00617	0.00756	0.00476	0.00463	0.00913	0.01389	0.01886	0.56525	0.04223	0.26690	0.01140	0.00615	0.00167	0.00251	0.00989	0.00547	0.00476
153	0.01828	0.01000	0.01193	0.00992	0.01341	0.01024	0.00794	0.02650	0.38606	0.41395	0.02086	0.01856	0.01436	0.00675	0.00527	0.00169	0.00428	0.00555	0.00589	0.00856
154	0.25803	0.00902	0.01051	0.00843	0.01204	0.00871	0.00692	0.02160	0.02494	0.51174	0.06375	0.01643	0.01311	0.00626	0.00472	0.00162	0.00419	0.00482	0.00547	0.00769
155	0.00637	0.00528	0.00557	0.00550	0.00717	0.00449	0.00412	0.00789	0.01237	0.01527	0.18085	0.04815	0.65354	0.01274	0.00615	0.00174	0.00261	0.01071	0.00499	0.00449
156	0.00757	0.00548	0.00815	0.00815	0.00897	0.00630	0.00623	0.00904	0.00821	0.01177	0.01365	0.02058	0.01291	0.06551	0.70640	0.07550	0.01287	0.00557	0.00276	0.00440
157	0.01894	0.02334	0.01531	0.01483	0.07761	0.69623	0.01053	0.05592	0.01499	0.01404	0.00840	0.00982	0.00693	0.00535	0.00476	0.00137	0.00896	0.00352	0.00279	0.00635
158	0.01067	0.07804	0.74086	0.01446	0.02195	0.01264	0.01858	0.01643	0.01097	0.01622	0.00921	0.01082	0.00660	0.00492	0.00484	0.00161	0.00756	0.00378	0.00220	0.00763
159	0.01104	0.07506	0.01950	0.01390	0.01738	0.01068	0.33405	0.03267	0.07554	0.03367	0.26337	0.04103	0.03421	0.00714	0.00582	0.00167	0.00570	0.00714	0.00405	0.00639
160	0.03626	0.00622	0.00789	0.00817	0.00943	0.00606	0.00608	0.07093	0.01195	0.10573	0.02563	0.52817	0.02837	0.01374	0.00634	0.00204	0.00368	0.11308	0.00500	0.00526
161	0.00990	0.00933	0.01575	0.78675	0.05303	0.01159	0.01450	0.01337	0.01045	0.01339	0.00927	0.01386	0.00697	0.00519	0.00521	0.00173	0.00692	0.00463	0.00232	0.00584
162	0.00624	0.00521	0.00539	0.00547	0.00705	0.00441	0.00403	0.00751	0.01166	0.01405	0.06590	0.11053	0.68501	0.03584	0.00676	0.00188	0.00273	0.01117	0.00481	0.00436
163	0.00745	0.00554	0.00815	0.00815	0.00901	0.00639	0.00624	0.00916	0.00831	0.01193	0.01415	0.02155	0.01349	0.10133	0.73472	0.00810	0.01324	0.00574	0.00282	0.00453
164	0.82255	0.01003	0.00782	0.00694	0.01019	0.01153	0.00572	0.01569	0.00909	0.05211	0.00775	0.00881	0.00591	0.00489	0.00330	0.00161	0.00404	0.00291	0.00334	0.00576
165	0.00732	0.00532	0.00689	0.00650	0.00775	0.00489	0.00487	0.00973	0.01462	0.02059	0.75061	0.03938	0.08046	0.01075	0.00614	0.00164	0.00246	0.00949	0.00569	0.00489
166	0.01229	0.01405	0.03073	0.02195	0.02722	0.01317	0.76558	0.01668	0.01229	0.01668	0.01054	0.01405	0.00790	0.00439	0.00615	0.00176	0.00878	0.00615	0.00263	0.00702
167	0.00757	0.00505	0.00568	0.00568	0.00568	0.00505	0.00316	0.00757	0.00757	0.01010	0.01641	0.03408	0.01893	0.81698	0.02651	0.00505	0.00505	0.00757	0.00316	0.00316
168	0.01139	0.01139	0.01595	0.01367	0.01367	0.01595	0.01139	0.01253	0.00798	0.01253	0.00684	0.01139	0.00684	0.00911	0.01709	0.00228	0.80745	0.00456	0.00228	0.00570
169	0.01080	0.00926	0.01080	0.00771	0.01234	0.00694	0.00617	0.01311	0.01080	0.01697	0.00926	0.01080	0.00771	0.00386	0.00386	0.00077	0.00386	0.00309	0.00309	0.84882
170	0.01045	0.02694	0.79000	0.01484	0.02254	0.01209	0.01924	0.01649	0.01099	0.01649	0.00935	0.01099	0.00660	0.00495	0.00495	0.00165	0.00770	0.00385	0.00220	0.00770
171	0.00737	0.00532	0.00696	0.00655	0.00778	0.00491	0.00491	0.00983	0.01474	0.02088	0.78175	0.03890	0.04914	0.01065	0.00614	0.00164	0.00246	0.00942	0.00573	0.00491
172	0.01392	0.82012	0.02729	0.00891	0.01337	0.02061	0.00891	0.01559	0.01058	0.01225	0.00724	0.00835	0.00668	0.00446	0.00334	0.00111	0.00557	0.00278	0.00223	0.00668
173	0.00633	0.00459	0.00598	0.00709	0.00751	0.00424	0.00476	0.00727	0.01012	0.01336	0.03063	0.75247	0.09431	0.01606	0.00661	0.00209	0.00299	0.01450	0.00483	0.00424
174	0.01295	0.01119	0.01178	0.01060	0.01354	0.01295	0.00824	0.02767	0.77509	0.02178	0.02120	0.01943	0.01590	0.00707	0.00530	0.00177	0.00412	0.00589	0.00530	0.00824
175	0.00787	0.00675	0.03730	0.00689	0.00881	0.00569	0.00546	0.01077	0.07472	0.03821	0.23465	0.14754	0.34238	0.01161	0.00599	0.00173	0.00306	0.00997	0.00499	0.03561
176	0.01796	0.02181	0.01670	0.01421	0.01728	0.60625	0.12145	0.05557	0.01468	0.01460	0.00905	0.01069	0.00730	0.00530	0.00489	0.00141	0.00880	0.00390	0.04190	0.00626
177	0.85377	0.01007	0.00765	0.00685	0.01007	0.01168	0.00564	0.01531	0.00886	0.02336	0.00725	0.00846	0.00564	0.00483	0.00322	0.00161	0.00403	0.00282	0.00322	0.00564
178	0.01284	0.01251	0.02191	0.03116	0.72388	0.01244	0.07598	0.01604	0.01189	0.01699	0.00985	0.01298	0.00822	0.00462	0.00523	0.00156	0.00639	0.00476	0.00258	0.00815
179	0.01246	0.03856	0.02847	0.02259	0.13821	0.01327	0.60194	0.01697	0.04187	0.01679	0.01074	0.01391	0.00823	0.00453	0.00588	0.00171	0.00812	0.00581	0.00272	0.00724
180	0.00771	0.00578	0.00745	0.00828	0.00965	0.00551	0.00705	0.00979	0.01195	0.01513	0.03519	0.05613	0.25770	0.01402	0.00688	0.00220	0.00414	0.52594	0.00481	0.00467
181	0.00659	0.00463	0.00597	0.00694	0.00718	0.00439	0.00450	0.00731	0.00950	0.01266	0.02627	0.65909	0.03137	0.17500	0.01058	0.00270	0.00342	0.01337	0.00450	0.00402
182	0.01878	0.01393	0.01694	0.01333	0.03859	0.01501	0.08805	0.58558	0.05430	0.08232	0.01315	0.01333	0.00932	0.00606	0.00531	0.00159	0.00590	0.00493	0.00496	0.00862
183	0.01945	0.02482	0.01476	0.01342	0.01610	0.79608	0.01006	0.02079	0.01476	0.01275	0.00805	0.00939	0.00671	0.00537	0.00470	0.00134	0.00939	0.00335	0.00268	0.00604
184	0.00757	0.00505	0.00568	0.00568	0.00568	0.00505	0.00316	0.00757	0.00757	0.01010	0.01641	0.03408	0.01893	0.81698	0.02651	0.00505	0.00505	0.00757	0.00316	0.00316
185	0.00634	0.00453	0.00604	0.00725	0.00755	0.00423	0.00483	0.00725	0.00997	0.01329	0.02870	0.81358	0.03444	0.01632	0.00665	0.00211	0.00302	0.01480	0.00483	0.00423
186	0.00768	0.00546	0.00699	0.00702	0.00767	0.00573	0.00490	0.00936	0.03904	0.01325	0.11809	0.09955	0.02240	0.32603	0.26057	0.00509	0.00719	0.02240	0.02735	0.00423
187	0.01185	0.32744	0.40624	0.01192	0.01774	0.01513	0.01386	0.01678	0.07215	0.01547	0.03956	0.01175	0.00903	0.00515	0.00441	0.00145	0.00639	0.00382	0.00260	0.00725
188	0.00632	0.00528	0.00551	0.00545	0.00714	0.00447	0.00409	0.00780	0.01227	0.01501	0.15396	0.04856	0.68059	0.01284	0.00615	0.00174	0.00261	0.01077	0.00496	0.00447
189	0.01432	0.00646	0.00750	0.00649	0.00869	0.00615	0.00512	0.04462	0.01267	0.25827	0.01792	0.01863	0.01304	0.00619	0.00419	0.00135	0.00317	0.00497	0.55399	0.00625
190	0.44893	0.01565	0.26892	0.10319	0.04151	0.01183	0.01151	0.01549	0.00985	0.01971	0.00826	0.01007	0.00619	0.00491	0.00409	0.00164	0.00565	0.00343	0.00276	0.00642
191	0.00799	0.00516	0.00666	0.00728	0.00815	0.00475	0.00518	0.00916	0.01079	0.07692	0.05141	0.52473	0.12370	0.05738	0.00756	0.00220	0.00334	0.07811	0.00490	0.00464
192	0.01491	0.01159	0.01585	0.01274	0.01639	0.01234	0.15960	0.07051	0.45466	0.14433	0.01843	0.01766	0.01338	0.00638	0.00545	0.00173	0.00520	0.00576	0.00494	0.00814
193	0.01209	0.00982	0.01333	0.01009	0.03781	0.00783	0.08656	0.01463	0.01134	0.08287	0.01037	0.01180	0.00819	0.00416	0.00426	0.00097	0.00450	0.00364	0.00331	0.66244
194	0.01887	0.02141	0.01463	0.01285	0.01585	0.56151	0.00985	0.17112	0.09262	0.01767	0.01026	0.01102	0.00806	0.00571	0.00486	0.00143	0.00813	0.00387	0.00345	0.00682
195	0.00755	0.00515	0.00620	0.00620	0.00637	0.00533	0.00380	0.00790	0.00773	0.01048	0.01594	0.03146	0.01780	0.66759	0.17435	0.00569	0.00676	0.00719	0.00309	0.00344
196	0.01295	0.01119	0.01178	0.01060	0.01354	0.01295	0.00824	0.02767	0.77509	0.02178	0.02120	0.01943	0.01590	0.00707	0.00530	0.00177	0.00412	0.00589	0.00530	0.00824
197	0.00804	0.00581	0.00794	0.00904	0.01021	0.00572	0.00773	0.01022	0.01181	0.01527	0.02978	0.11968	0.09356	0.01444	0.00706	0.00232	0.00447	0.62738	0.00480	0.00472
198	0.45087	0.01024	0.01109	0.16404	0.01629	0.01192	0.00845	0.07516	0.01103	0.11115	0.00958	0.01119	0.00711	0.00559	0.00523	0.00169	0.07582	0.00376	0.00350	0.00631
199	0.04461	0.01628	0.01380	0.01137	0.01471	0.24531	0.00904	0.43012	0.01945	0.02494	0.01157	0.01230	0.00867	0.00592	0.00480	0.00146	0.00635	0.00426	0.10761	0.00743
200	0.00983	0.00926	0.01562	0.80447	0.03587	0.01157	0.01446	0.01331	0.01041	0.01331	0.00926	0.01388	0.00694	0.00521	0.00521	0.00174	0.00694	0.00463	0.00231	0.00579
201	0.01219	0.01605	0.21586	0.04276	0.55339	0.01231	0.03990	0.01608	0.01162	0.01680	0.00969	0.01247	0.00779	0.00472	0.00513	0.00158	0.00666	0.00449	0.00248	0.00802
202	0.01096	0.14501	0.67646	0.01396	0.02117	0.01336	0.01770	0.01636	0.01093	0.01586	0.00903	0.01060	0.00661	0.00487	0.00471	0.00157	0.00738	0.00369	0.00220	0.00755
203	0.01141	0.07489	0.68095	0.01425	0.02146	0.01294	0.01786	0.07652	0.01205	0.01754	0.00947	0.01095	0.00678	0.00502	0.00487	0.00161	0.00741	0.00385	0.00244	0.00773
204	0.00971	0.00485	0.00485	0.00485	0.00607	0.00485	0.00364	0.01213	0.01092	0.01942	0.01699	0.01942	0.01335	0.00607	0.00364	0.00121	0.00243	0.00485	0.84589	0.00485
205	0.00651	0.00536	0.00578	0.00598	0.00760	0.00463	0.00464	0.00800	0.01190	0.01442	0.06557	0.07256	0.63677	0.01339	0.00632	0.00186	0.00295	0.11646	0.00485	0.00446
206	0.01425	0.01160	0.01583	0.40938	0.16300	0.09994	0.01285	0.03059	0.01228	0.16311	0.01144	0.01391	0.00833	0.00538	0.00515	0.00163	0.00658	0.00460	0.00325	0.00690
207	0.00744	0.00558	0.00837	0.00837	0.00930	0.00651	0.00651	0.00930	0.00837	0.01209	0.01395	0.02046	0.01302	0.03906	0.79635	0.00837	0.01395	0.00558	0.00279	0.00465
208	0.00615	0.00528	0.00528	0.00528	0.00703	0.00440	0.00396	0.00747	0.01187	0.01407	0.05276	0.05012	0.78238	0.01319	0.00615	0.00176	0.00264	0.01099	0.00484	0.00440
209	0.01092	0.01040	0.01776	0.52701	0.29222	0.01187	0.02725	0.01428	0.01094	0.01463	0.00946	0.01355	0.00741	0.00500	0.00520	0.00167	0.00671	0.00466	0.00241	0.00665
210	0.01100	0.11346	0.69169	0.01417	0.02141	0.02826	0.01794	0.01648	0.01102	0.01596	0.00909	0.01068	0.00661	0.00490	0.00477	0.00158	0.00750	0.00372	0.00221	0.00755
211	0.01197	0.01140	0.01862	0.09143	0.50561	0.01251	0.01433	0.01465	0.01097	0.01569	0.01058	0.01634	0.00960	0.00636	0.00771	0.00178	0.16626	0.06424	0.00267	0.00726

[dist]
# distance from previous block
# <min> <max>
0	19

[block]
# block no. 1 follows, 47 sequences, length 212
# corresponding to MSA columns:
# 756-864,866-873,875-884,887-918,922-974
name=unknown_B
#
# <colnr> <probs for GDERKNQSTAVLIFYWHMCP>
#	G	D	E	R	K	N	Q	S	T	A	V	L	I	F	Y	W	H	M	C	P
0	0.00649	0.00464	0.00618	0.00724	0.00765	0.00433	0.00492	0.00757	0.01045	0.01404	0.09782	0.72541	0.03569	0.01575	0.00661	0.00208	0.00301	0.03089	0.00492	0.00431
1	0.00634	0.00453	0.00604	0.00725	0.00755	0.00423	0.00483	0.00725	0.00997	0.01329	0.02870	0.81358	0.03444	0.01632	0.00665	0.00211	0.00302	0.01480	0.00483	0.00423
2	0.00754	0.00529	0.00681	0.00643	0.00766	0.00491	0.00482	0.00999	0.01446	0.02078	0.72630	0.03749	0.04654	0.01031	0.00596	0.00161	0.00245	0.00909	0.06665	0.00491
3	0.01980	0.01459	0.01563	0.01198	0.01615	0.01615	0.00990	0.76713	0.02448	0.03282	0.01250	0.01250	0.00886	0.00625	0.00521	0.00156	0.00573	0.00469	0.00521	0.00886
4	0.85377	0.01007	0.00765	0.00685	0.01007	0.01168	0.00564	0.01531	0.00886	0.02336	0.00725	0.00846	0.00564	0.00483	0.00322	0.00161	0.00403	0.00282	0.00322	0.00564
5	0.85377	0.01007	0.00765	0.00685	0.01007	0.01168	0.00564	0.01531	0.00886	0.02336	0.00725	0.00846	0.00564	0.00483	0.00322	0.00161	0.00403	0.00282	0.00322	0.00564
6	0.00737	0.00532	0.00696	0.00655	0.00778	0.00491	0.00491	0.00983	0.01474	0.02088	0.78175	0.03890	0.04914	0.01065	0.00614	0.00164	0.00246	0.00942	0.00573	0.00491
7	0.01392	0.82012	0.02729	0.00891	0.01337	0.02061	0.00891	0.01559	0.01058	0.01225	0.00724	0.00835	0.00668	0.00446	0.00334	0.00111	0.00557	0.00278	0.00223	0.00668
8	0.01980	0.01459	0.01563	0.01198	0.01615	0.01615	0.00990	0.76713	0.02448	0.03282	0.01250	0.01250	0.00886	0.00625	0.00521	0.00156	0.00573	0.00469	0.00521	0.00886
9	0.01540	0.01240	0.01316	0.01109	0.01448	0.01410	0.00884	0.29246	0.50631	0.02574	0.01808	0.01695	0.01338	0.00677	0.00527	0.00169	0.00470	0.00546	0.00527	0.00846
10	0.00737	0.00532	0.00696	0.00655	0.00778	0.00491	0.00491	0.00983	0.01474	0.02088	0.78175	0.03890	0.04914	0.01065	0.00614	0.00164	0.00246	0.00942	0.00573	0.00491
11	0.00971	0.00485	0.00485	0.00485	0.00607	0.00485	0.00364	0.01213	0.01092	0.01942	0.01699	0.01942	0.01335	0.00607	0.00364	0.00121	0.00243	0.00485	0.84589	0.00485
12	0.02336	0.00886	0.01209	0.00927	0.01329	0.00765	0.00765	0.02538	0.01491	0.78810	0.02055	0.01773	0.01289	0.00645	0.00524	0.00161	0.00443	0.00524	0.00645	0.00886
13	0.02336	0.00886	0.01209	0.00927	0.01329	0.00765	0.00765	0.02538	0.01491	0.78810	0.02055	0.01773	0.01289	0.00645	0.00524	0.00161	0.00443	0.00524	0.00645	0.00886
14	0.00634	0.00453	0.00604	0.00725	0.00755	0.00423	0.00483	0.00725	0.00997	0.01329	0.02870	0.81358	0.03444	0.01632	0.00665	0.00211	0.00302	0.01480	0.00483	0.00423
15	0.00638	0.00456	0.00608	0.00723	0.00756	0.00426	0.00484	0.00735	0.01015	0.01358	0.05684	0.78463	0.03499	0.01610	0.00663	0.00210	0.00300	0.01460	0.00487	0.00426
16	0.01006	0.00940	0.01534	0.74700	0.03425	0.01167	0.01401	0.01435	0.06577	0.01392	0.01012	0.01429	0.00759	0.00534	0.00521	0.00174	0.00674	0.00472	0.00253	0.00596
17	0.01051	0.00995	0.01430	0.32599	0.03566	0.03055	0.01151	0.01349	0.04842	0.01461	0.10997	0.01650	0.01300	0.00744	0.00961	0.00190	0.29687	0.00527	0.01867	0.00580
18	0.02336	0.00886	0.01209	0.00927	0.01329	0.00765	0.00765	0.02538	0.01491	0.78810	0.02055	0.01773	0.01289	0.00645	0.00524	0.00161	0.00443	0.00524	0.00645	0.00886
19	0.00634	0.00453	0.00604	0.00725	0.00755	0.00423	0.00483	0.00725	0.00997	0.01329	0.02870	0.81358	0.03444	0.01632	0.00665	0.00211	0.00302	0.01480	0.00483	0.00423
20	0.01194	0.01139	0.01778	0.01880	0.23646	0.03160	0.11005	0.06823	0.01110	0.01575	0.01006	0.01405	0.00878	0.01301	0.16984	0.00317	0.23365	0.00498	0.00274	0.00663
21	0.01103	0.00925	0.01082	0.00774	0.01236	0.00696	0.00620	0.01334	0.01087	0.03122	0.00946	0.01093	0.00781	0.00390	0.00388	0.00079	0.00387	0.00313	0.00315	0.83329
22	0.03131	0.16952	0.15199	0.01223	0.01631	0.29046	0.01123	0.16391	0.03264	0.01763	0.01005	0.01111	0.02135	0.00559	0.00502	0.00145	0.03427	0.00382	0.00310	0.00700
23	0.01229	0.01405	0.03073	0.02195	0.02722	0.01317	0.76558	0.01668	0.01229	0.01668	0.01054	0.01405	0.00790	0.00439	0.00615	0.00176	0.00878	0.00615	0.00263	0.00702
24	0.00666	0.00530	0.00598	0.00581	0.00735	0.00461	0.00436	0.00846	0.01307	0.01692	0.35750	0.04543	0.47587	0.01213	0.00615	0.00171	0.00256	0.01033	0.00521	0.00461
25	0.00638	0.00531	0.00571	0.00582	0.00743	0.00464	0.00443	0.00779	0.01156	0.01399	0.04764	0.07530	0.65672	0.01524	0.06343	0.00229	0.00360	0.05361	0.00469	0.00443
26	0.02336	0.00886	0.01209	0.00927	0.01329	0.00765	0.00765	0.02538	0.01491	0.78810	0.02055	0.01773	0.01289	0.00645	0.00524	0.00161	0.00443	0.00524	0.00645	0.00886
27	0.00733	0.00530	0.00693	0.00658	0.00777	0.00489	0.00491	0.00974	0.01457	0.02062	0.75529	0.06612	0.04862	0.01085	0.00616	0.00165	0.00248	0.00961	0.00570	0.00489
28	0.01139	0.01139	0.01595	0.01367	0.01367	0.01595	0.01139	0.01253	0.00798	0.01253	0.00684	0.01139	0.00684	0.00911	0.01709	0.00228	0.80745	0.00456	0.00228	0.00570
