[name]
unknown

[dist]
# distance from previous block
# <min> <max>
0	124

[block]
# block no. 0 follows, 41 sequences, length 67
# corresponding to MSA columns:
# 191-257
name=unknown_A
#
# <colnr> <probs for GDERKNQSTAVLIFYWHMCP>
#	G	D	E	R	K	N	Q	S	T	A	V	L	I	F	Y	W	H	M	C	P
0	0.03010	0.00721	0.00905	0.00863	0.01056	0.00676	0.03577	0.04759	0.03725	0.01807	0.11058	0.27764	0.21975	0.01337	0.00668	0.00201	0.00388	0.08004	0.00515	0.06992
1	0.26858	0.01301	0.01328	0.01077	0.01479	0.01423	0.00886	0.34069	0.07630	0.10617	0.01420	0.01557	0.01061	0.00676	0.00511	0.00176	0.00533	0.03371	0.00511	0.03514
2	0.01698	0.00995	0.01246	0.01033	0.01355	0.02990	0.03741	0.04364	0.17440	0.30225	0.25314	0.02659	0.02682	0.00854	0.00610	0.00181	0.00450	0.00731	0.00624	0.00806
3	0.00752	0.00557	0.00702	0.00720	0.00833	0.00507	0.00520	0.00948	0.01402	0.01908	0.41500	0.28091	0.16629	0.01411	0.00692	0.00199	0.00293	0.01249	0.00582	0.00507
4	0.01350	0.01543	0.03375	0.02411	0.02989	0.01446	0.74253	0.01832	0.01350	0.01832	0.01157	0.01543	0.00868	0.00482	0.00675	0.00193	0.00964	0.00675	0.00289	0.00771
5	0.00697	0.00498	0.00664	0.00796	0.00830	0.00465	0.00531	0.00796	0.01095	0.01460	0.03153	0.79525	0.03783	0.01792	0.00730	0.00232	0.00332	0.01626	0.00531	0.00465
6	0.01453	0.01244	0.01310	0.01170	0.01499	0.01437	0.00913	0.05924	0.72363	0.02442	0.02289	0.02103	0.01715	0.00772	0.00582	0.00193	0.00460	0.00641	0.00582	0.00908
7	0.01197	0.01005	0.01172	0.00867	0.01335	0.00790	0.00687	0.05037	0.01254	0.01919	0.01202	0.07347	0.01084	0.00544	0.00455	0.00101	0.00427	0.00449	0.00366	0.72763
8	0.00695	0.00504	0.00657	0.00780	0.00825	0.00466	0.00524	0.00798	0.01111	0.01466	0.03348	0.74056	0.09126	0.01767	0.00726	0.00229	0.00329	0.01595	0.00531	0.00466
9	0.00994	0.00497	0.00745	0.00745	0.00745	0.00497	0.00497	0.00745	0.00745	0.00994	0.00994	0.01739	0.00994	0.01987	0.02235	0.83358	0.00497	0.00497	0.00248	0.00248
10	0.01147	0.02959	0.76934	0.01630	0.02476	0.01328	0.02113	0.01811	0.01208	0.01811	0.01026	0.01208	0.00725	0.00543	0.00543	0.00181	0.00845	0.00423	0.00242	0.00845
11	0.01147	0.01098	0.01552	0.01362	0.01386	0.01503	0.01123	0.01291	0.00886	0.01365	0.00938	0.01490	0.00914	0.01790	0.20052	0.00411	0.60301	0.00527	0.00264	0.00598
12	0.00699	0.00580	0.00611	0.00604	0.00787	0.00493	0.00453	0.00866	0.01358	0.01675	0.17950	0.05291	0.63862	0.01400	0.00676	0.00191	0.00286	0.01177	0.00548	0.00493
13	0.00690	0.00523	0.00637	0.00728	0.00812	0.00470	0.00501	0.00804	0.01161	0.01487	0.03982	0.56298	0.26475	0.01684	0.00713	0.00220	0.00319	0.01495	0.00531	0.00470
14	0.01107	0.01044	0.01763	0.72633	0.09624	0.01278	0.01602	0.01485	0.01156	0.01493	0.01021	0.01516	0.00774	0.00567	0.00571	0.00189	0.00756	0.00508	0.00256	0.00657
15	0.01610	0.01596	0.01381	0.01242	0.01561	0.19706	0.00957	0.04370	0.56083	0.02180	0.01961	0.01853	0.01488	0.00729	0.00566	0.00182	0.00595	0.00577	0.00513	0.00849
16	0.01412	0.01553	0.01686	0.54345	0.03258	0.25223	0.01437	0.01720	0.01293	0.01442	0.00975	0.01370	0.00754	0.00577	0.00554	0.00177	0.00847	0.00464	0.00267	0.00644
17	0.01254	0.01614	0.19912	0.35812	0.09497	0.01355	0.07345	0.07114	0.07073	0.01841	0.01164	0.01477	0.00866	0.00577	0.00573	0.00186	0.00757	0.00512	0.00305	0.00766
18	0.00706	0.00504	0.00674	0.00807	0.00844	0.00472	0.00547	0.00812	0.01104	0.01470	0.03148	0.76572	0.03763	0.01783	0.00732	0.00234	0.00340	0.04489	0.00531	0.00467
19	0.01186	0.01017	0.01186	0.00847	0.01356	0.00762	0.00678	0.01440	0.01186	0.01864	0.01017	0.01186	0.00847	0.00424	0.00424	0.00085	0.00424	0.00339	0.00339	0.83395
20	0.01187	0.12643	0.43265	0.01310	0.01899	0.06897	0.01508	0.01652	0.01324	0.01817	0.17349	0.01920	0.03488	0.00696	0.00549	0.00171	0.00690	0.00554	0.00337	0.00742
21	0.21455	0.01439	0.01334	0.01185	0.03246	0.09442	0.00917	0.17901	0.32450	0.02578	0.01575	0.01550	0.01185	0.00672	0.00518	0.00180	0.00554	0.00505	0.00488	0.00826
22	0.00724	0.00575	0.00654	0.00691	0.00830	0.00515	0.00501	0.00913	0.03450	0.01624	0.11973	0.28873	0.41933	0.01513	0.00693	0.00206	0.00311	0.02982	0.00543	0.00496
23	0.01434	0.01301	0.00994	0.00924	0.01116	0.24815	0.00692	0.06534	0.01384	0.01856	0.01526	0.03748	0.01298	0.06182	0.06631	0.00232	0.00650	0.00533	0.37562	0.00588
24	0.01157	0.00898	0.01085	0.00893	0.01274	0.00735	0.00731	0.02827	0.01274	0.05164	0.01956	0.04320	0.07078	0.00821	0.00546	0.00144	0.00444	0.17749	0.00423	0.50482
25	0.01878	0.01735	0.01521	0.08037	0.01804	0.28103	0.01057	0.17684	0.06437	0.11427	0.01638	0.01699	0.06805	0.00735	0.00664	0.00175	0.06869	0.00532	0.00436	0.00765
26	0.01618	0.01607	0.25073	0.01353	0.05398	0.01066	0.03368	0.06914	0.05091	0.25292	0.07599	0.09765	0.01699	0.00789	0.00591	0.00185	0.00598	0.00670	0.00489	0.00835
27	0.00811	0.00591	0.00788	0.00904	0.01008	0.00568	0.00722	0.01002	0.01236	0.01601	0.03411	0.32454	0.12375	0.01640	0.00755	0.00244	0.00428	0.38435	0.00529	0.00499
28	0.00829	0.00566	0.00682	0.00682	0.00702	0.00586	0.00419	0.00869	0.00849	0.01152	0.01749	0.03450	0.01952	0.65108	0.17528	0.00626	0.00746	0.00789	0.00339	0.00379
29	0.10895	0.02843	0.06993	0.19654	0.02103	0.01157	0.01107	0.04121	0.10897	0.31967	0.01663	0.01667	0.01137	0.00647	0.00544	0.00181	0.00576	0.00521	0.00496	0.00830
30	0.01147	0.02959	0.76934	0.01630	0.02476	0.01328	0.02113	0.01811	0.01208	0.01811	0.01026	0.01208	0.00725	0.00543	0.00543	0.00181	0.00845	0.00423	0.00242	0.00845
31	0.00832	0.00555	0.00624	0.00624	0.00624	0.00555	0.00347	0.00832	0.00832	0.01109	0.01802	0.03743	0.02080	0.79898	0.02911	0.00555	0.00555	0.00832	0.00347	0.00347
32	0.00948	0.00835	0.01163	0.02668	0.01190	0.01043	0.00870	0.01071	0.00991	0.01415	0.01976	0.39195	0.02268	0.01618	0.06893	0.00290	0.33583	0.01053	0.00390	0.00539
33	0.01252	0.02812	0.71348	0.01585	0.02401	0.01292	0.02019	0.01884	0.01239	0.07346	0.01117	0.01262	0.00776	0.00556	0.00546	0.00181	0.00819	0.00434	0.00276	0.00855
34	0.01080	0.01017	0.01716	0.78523	0.03940	0.01271	0.01589	0.01461	0.01144	0.01461	0.01017	0.01525	0.00762	0.00572	0.00572	0.00191	0.00762	0.00508	0.00254	0.00635
35	0.00697	0.00498	0.00664	0.00796	0.00830	0.00465	0.00531	0.00796	0.01095	0.01460	0.03153	0.79525	0.03783	0.01792	0.00730	0.00232	0.00332	0.01626	0.00531	0.00465
36	0.01283	0.01353	0.02514	0.14121	0.09088	0.01507	0.33642	0.01625	0.01165	0.01634	0.01001	0.01438	0.00818	0.00661	0.01027	0.00209	0.25348	0.00580	0.00271	0.00716
37	0.01529	0.80242	0.02997	0.00979	0.01468	0.02263	0.00979	0.01713	0.01162	0.01346	0.00795	0.00918	0.00734	0.00489	0.00367	0.00122	0.00612	0.00306	0.00245	0.00734
38	0.01211	0.01003	0.01177	0.00851	0.01345	0.00757	0.00679	0.01461	0.01196	0.03870	0.01102	0.03127	0.00935	0.00465	0.00435	0.00091	0.00423	0.00377	0.00354	0.79141
39	0.01147	0.02959	0.76934	0.01630	0.02476	0.01328	0.02113	0.01811	0.01208	0.01811	0.01026	0.01208	0.00725	0.00543	0.00543	0.00181	0.00845	0.00423	0.00242	0.00845
40	0.00931	0.00520	0.00719	0.00719	0.00739	0.00518	0.00476	0.00782	0.00812	0.01074	0.01528	0.02419	0.06769	0.16664	0.06211	0.57367	0.00547	0.00618	0.00291	0.00298
41	0.01411	0.01547	0.03253	0.02330	0.02900	0.01471	0.68847	0.07195	0.01449	0.01963	0.01173	0.01530	0.00876	0.00497	0.00667	0.00191	0.00940	0.00663	0.00310	0.00786
42	0.00810	0.00585	0.00765	0.00720	0.00855	0.00540	0.00540	0.01079	0.01619	0.02294	0.76028	0.04273	0.05397	0.01169	0.00675	0.00180	0.00270	0.01034	0.00630	0.00540
43	0.01080	0.01017	0.01716	0.78523	0.03940	0.01271	0.01589	0.01461	0.01144	0.01461	0.01017	0.01525	0.00762	0.00572	0.00572	0.00191	0.00762	0.00508	0.00254	0.00635
44	0.01411	0.01547	0.03253	0.02330	0.02900	0.01471	0.68847	0.07195	0.01449	0.01963	0.01173	0.01530	0.00876	0.00497	0.00667	0.00191	0.00940	0.00663	0.00310	0.00786
45	0.01251	0.01251	0.01752	0.01502	0.01502	0.01752	0.01251	0.01377	0.00876	0.01377	0.00751	0.01251	0.00751	0.01001	0.01877	0.00250	0.78851	0.00501	0.00250	0.00626
46	0.05183	0.01011	0.01332	0.01025	0.01465	0.00904	0.00846	0.06518	0.01671	0.70478	0.02163	0.01884	0.01367	0.00701	0.00568	0.00177	0.00493	0.00563	0.00689	0.00962
47	0.00697	0.00498	0.00664	0.00796	0.00830	0.00465	0.00531	0.00796	0.01095	0.01460	0.03153	0.79525	0.03783	0.01792	0.00730	0.00232	0.00332	0.01626	0.00531	0.00465
48	0.01080	0.01017	0.01716	0.78523	0.03940	0.01271	0.01589	0.01461	0.01144	0.01461	0.01017	0.01525	0.00762	0.00572	0.00572	0.00191	0.00762	0.00508	0.00254	0.00635
49	0.00810	0.00585	0.00765	0.00720	0.00855	0.00540	0.00540	0.01079	0.01619	0.02294	0.76028	0.04273	0.05397	0.01169	0.00675	0.00180	0.00270	0.01034	0.00630	0.00540
50	0.00722	0.00508	0.00656	0.00764	0.00791	0.00481	0.00497	0.00803	0.01046	0.01395	0.02902	0.65472	0.03467	0.16276	0.01135	0.00292	0.00373	0.01479	0.00497	0.00443
51	0.00771	0.00581	0.00712	0.00684	0.00832	0.00522	0.00511	0.01003	0.01520	0.02071	0.55273	0.06712	0.24187	0.01261	0.00677	0.00185	0.00277	0.01097	0.00601	0.00522
52	0.01529	0.80242	0.02997	0.00979	0.01468	0.02263	0.00979	0.01713	0.01162	0.01346	0.00795	0.00918	0.00734	0.00489	0.00367	0.00122	0.00612	0.00306	0.00245	0.00734
53	0.00810	0.00585	0.00765	0.00720	0.00855	0.00540	0.00540	0.01079	0.01619	0.02294	0.76028	0.04273	0.05397	0.01169	0.00675	0.00180	0.00270	0.01034	0.00630	0.00540
54	0.00693	0.00513	0.00648	0.00756	0.00819	0.00468	0.00513	0.00801	0.01134	0.01476	0.03647	0.65658	0.17330	0.01728	0.00720	0.00225	0.00324	0.01548	0.00531	0.00468
55	0.00773	0.00587	0.00714	0.00692	0.00845	0.00528	0.00526	0.01004	0.01505	0.02030	0.50341	0.04768	0.27477	0.01278	0.00681	0.00188	0.00289	0.04659	0.00594	0.00521
56	0.00795	0.00584	0.00745	0.00705	0.00846	0.00534	0.00528	0.01052	0.01585	0.02214	0.68543	0.04404	0.12932	0.01199	0.00675	0.00181	0.00272	0.01053	0.00619	0.00534
57	0.00868	0.00620	0.00860	0.00992	0.01100	0.00612	0.00828	0.01092	0.01264	0.01651	0.03058	0.23983	0.03410	0.01631	0.00776	0.00256	0.00480	0.55481	0.00528	0.00512
58	0.09643	0.01226	0.02215	0.39465	0.09678	0.01336	0.24958	0.01629	0.01207	0.01729	0.01045	0.01460	0.00794	0.00533	0.00582	0.00188	0.00788	0.00542	0.00278	0.00701
59	0.01853	0.40541	0.02409	0.01190	0.01663	0.05224	0.06401	0.18632	0.01622	0.13652	0.01187	0.01234	0.00905	0.00573	0.00476	0.00149	0.00641	0.00426	0.00398	0.00826
60	0.01285	0.04425	0.39968	0.07062	0.25195	0.01358	0.07238	0.01794	0.01252	0.03576	0.01073	0.01325	0.00810	0.00533	0.00558	0.00177	0.00783	0.00474	0.00270	0.00845
61	0.02331	0.01054	0.01341	0.01061	0.01482	0.00999	0.00866	0.06601	0.15491	0.58956	0.02224	0.01952	0.01454	0.00720	0.00576	0.00180	0.00488	0.00585	0.00677	0.00961
62	0.01529	0.80242	0.02997	0.00979	0.01468	0.02263	0.00979	0.01713	0.01162	0.01346	0.00795	0.00918	0.00734	0.00489	0.00367	0.00122	0.00612	0.00306	0.00245	0.00734
63	0.12500	0.05906	0.04542	0.01237	0.11642	0.03826	0.00874	0.01510	0.03379	0.07316	0.06151	0.08446	0.15486	0.01121	0.06244	0.00227	0.00561	0.00708	0.00420	0.07905
64	0.01004	0.00874	0.01223	0.01117	0.01159	0.01128	0.00881	0.01140	0.00886	0.01312	0.01246	0.02075	0.01250	0.15545	0.32958	0.00574	0.34203	0.00602	0.00289	0.00532
65	0.01043	0.00801	0.00927	0.00957	0.01092	0.04551	0.00768	0.06691	0.01342	0.01735	0.07950	0.04967	0.04284	0.20219	0.01258	0.00313	0.00543	0.39553	0.00483	0.00524
66	0.18444	0.07746	0.22858	0.04382	0.01872	0.01228	0.07165	0.01912	0.01268	0.17959	0.01433	0.01845	0.01119	0.00671	0.00534	0.00184	0.00643	0.07569	0.00397	0.00772

[dist]
# distance from previous block
# <min> <max>
0	2

[block]
# block no. 1 follows, 41 sequences, length 51
# corresponding to MSA columns:
# 260-310
name=unknown_B
#
# <colnr> <probs for GDERKNQSTAVLIFYWHMCP>
#	G	D	E	R	K	N	Q	S	T	A	V	L	I	F	Y	W	H	M	C	P
0	0.01311	0.01332	0.04967	0.01499	0.01971	0.01205	0.24425	0.06342	0.01295	0.01899	0.01049	0.01322	0.00844	0.00543	0.00717	0.00151	0.11347	0.00484	0.00322	0.36973
1	0.00712	0.00525	0.00639	0.00722	0.00787	0.00482	0.00482	0.00807	0.01104	0.01429	0.03558	0.51750	0.19969	0.13006	0.01033	0.00270	0.00354	0.01416	0.00504	0.00452
2	0.00710	0.00545	0.00650	0.00698	0.00812	0.00486	0.00495	0.00858	0.01273	0.01648	0.17690	0.36976	0.32015	0.01544	0.00699	0.00207	0.00304	0.01355	0.00549	0.00486
3	0.23650	0.01026	0.01062	0.00861	0.01222	0.02802	0.00692	0.02951	0.01224	0.07771	0.06324	0.01893	0.10169	0.00692	0.00563	0.00150	0.05553	0.00512	0.00410	0.30473
4	0.01112	0.12414	0.01748	0.04201	0.01639	0.01044	0.15581	0.01358	0.01186	0.01641	0.01681	0.25729	0.01750	0.00879	0.00568	0.00162	0.00545	0.00811	0.00372	0.25581
5	0.00692	0.00516	0.00645	0.00749	0.00817	0.00469	0.00510	0.00802	0.01141	0.01479	0.03729	0.63364	0.19571	0.01717	0.00718	0.00224	0.00323	0.01535	0.00531	0.00469
6	0.00748	0.00579	0.00681	0.00662	0.00818	0.00512	0.00494	0.00957	0.01463	0.01940	0.43015	0.07767	0.35675	0.01314	0.00677	0.00188	0.00281	0.01132	0.00583	0.00512
7	0.01291	0.24543	0.40946	0.06038	0.12949	0.01595	0.01710	0.01756	0.01205	0.01668	0.00967	0.01173	0.00756	0.00525	0.00498	0.00163	0.00750	0.00407	0.00249	0.00811
8	0.02137	0.02726	0.01621	0.01474	0.01768	0.77602	0.01105	0.02284	0.01621	0.01400	0.00884	0.01031	0.00737	0.00589	0.00516	0.00147	0.01031	0.00368	0.00295	0.00663
9	0.00697	0.00498	0.00664	0.00796	0.00830	0.00465	0.00531	0.00796	0.01095	0.01460	0.03153	0.79525	0.03783	0.01792	0.00730	0.00232	0.00332	0.01626	0.00531	0.00465
10	0.75340	0.01092	0.00892	0.00780	0.01144	0.01236	0.00643	0.01798	0.01044	0.10403	0.00951	0.01037	0.00704	0.00550	0.00377	0.00177	0.00447	0.00338	0.00391	0.00657
11	0.01251	0.01251	0.01752	0.01502	0.01502	0.01752	0.01251	0.01377	0.00876	0.01377	0.00751	0.01251	0.00751	0.01001	0.01877	0.00250	0.78851	0.00501	0.00250	0.00626
12	0.01270	0.01365	0.02714	0.01950	0.02488	0.01234	0.53364	0.01681	0.01311	0.01820	0.01430	0.01724	0.05781	0.00533	0.00620	0.00169	0.00802	0.00636	0.00316	0.18792
13	0.02295	0.01070	0.01353	0.01051	0.01465	0.01013	0.00863	0.18247	0.01865	0.52897	0.09859	0.02067	0.01740	0.00752	0.00585	0.00176	0.00495	0.00611	0.00670	0.00927
14	0.01186	0.01017	0.01186	0.00847	0.01356	0.00762	0.00678	0.01440	0.01186	0.01864	0.01017	0.01186	0.00847	0.00424	0.00424	0.00085	0.00424	0.00339	0.00339	0.83395
15	0.01868	0.01129	0.01307	0.01107	0.01477	0.01196	0.00880	0.02941	0.46616	0.31335	0.02300	0.02061	0.01617	0.00750	0.00579	0.00187	0.00466	0.00619	0.00631	0.00932
16	0.00810	0.00585	0.00765	0.00720	0.00855	0.00540	0.00540	0.01079	0.01619	0.02294	0.76028	0.04273	0.05397	0.01169	0.00675	0.00180	0.00270	0.01034	0.00630	0.00540
17	0.01080	0.01017	0.01716	0.78523	0.03940	0.01271	0.01589	0.01461	0.01144	0.01461	0.01017	0.01525	0.00762	0.00572	0.00572	0.00191	0.00762	0.00508	0.00254	0.00635
18	0.01416	0.01359	0.02322	0.03511	0.76330	0.01359	0.01755	0.01755	0.01302	0.01869	0.01076	0.01416	0.00906	0.00510	0.00566	0.00170	0.00680	0.00510	0.00283	0.00906
19	0.78594	0.01139	0.00898	0.00789	0.01150	0.01315	0.00650	0.06436	0.01086	0.02634	0.00834	0.00958	0.00643	0.00541	0.00368	0.00177	0.00455	0.00323	0.00368	0.00643
20	0.02525	0.01040	0.01369	0.01049	0.01493	0.00939	0.00867	0.10357	0.01748	0.69000	0.02163	0.01886	0.01369	0.00706	0.00575	0.00176	0.00502	0.00569	0.00694	0.00973
21	0.00697	0.00498	0.00664	0.00796	0.00830	0.00465	0.00531	0.00796	0.01095	0.01460	0.03153	0.79525	0.03783	0.01792	0.00730	0.00232	0.00332	0.01626	0.00531	0.00465
22	0.01529	0.80242	0.02997	0.00979	0.01468	0.02263	0.00979	0.01713	0.01162	0.01346	0.00795	0.00918	0.00734	0.00489	0.00367	0.00122	0.00612	0.00306	0.00245	0.00734
23	0.01108	0.00573	0.00636	0.00606	0.00759	0.00555	0.00459	0.01373	0.01320	0.07044	0.18083	0.02588	0.02321	0.00779	0.00471	0.00146	0.00282	0.00645	0.59690	0.00563
24	0.00695	0.00506	0.00655	0.00774	0.00824	0.00467	0.00521	0.00799	0.01117	0.01469	0.03432	0.71703	0.11424	0.01756	0.00724	0.00228	0.00327	0.01582	0.00531	0.00467
25	0.01153	0.01091	0.01848	0.62146	0.19744	0.01290	0.01625	0.01526	0.01178	0.01550	0.01030	0.01501	0.00794	0.00558	0.00571	0.00186	0.00744	0.00509	0.00260	0.00694
26	0.00810	0.00585	0.00765	0.00720	0.00855	0.00540	0.00540	0.01079	0.01619	0.02294	0.76028	0.04273	0.05397	0.01169	0.00675	0.00180	0.00270	0.01034	0.00630	0.00540
27	0.00817	0.00613	0.00919	0.00919	0.01021	0.00715	0.00715	0.01021	0.00919	0.01328	0.01532	0.02247	0.01430	0.04290	0.77631	0.00919	0.01532	0.00613	0.00306	0.00511
28	0.00700	0.00521	0.00652	0.00744	0.00819	0.00473	0.00510	0.00820	0.01175	0.01533	0.08493	0.58445	0.19677	0.01676	0.00715	0.00220	0.00319	0.01496	0.00537	0.00473
29	0.02369	0.01084	0.01371	0.01074	0.01502	0.01032	0.00880	0.11676	0.11330	0.58036	0.02157	0.01900	0.01404	0.00714	0.00576	0.00179	0.00500	0.00577	0.00675	0.00965
30	0.01205	0.02557	0.56066	0.01852	0.02621	0.01362	0.22579	0.01817	0.01248	0.01817	0.01064	0.01303	0.00765	0.00526	0.00581	0.00184	0.00879	0.00494	0.00255	0.00824
31	0.01472	0.01253	0.01321	0.01174	0.01506	0.01446	0.00917	0.07706	0.70550	0.02472	0.02266	0.02084	0.01695	0.00770	0.00581	0.00193	0.00464	0.00638	0.00581	0.00910
32	0.06682	0.03557	0.12352	0.01648	0.17936	0.03337	0.01221	0.04159	0.01479	0.37738	0.03187	0.01647	0.01194	0.00631	0.00551	0.00174	0.00596	0.00519	0.00499	0.00896
33	0.03800	0.00824	0.01257	0.01110	0.01331	0.00804	0.12903	0.03223	0.01334	0.03760	0.12013	0.17586	0.17667	0.01253	0.00739	0.00213	0.03552	0.15560	0.00491	0.00580
34	0.01194	0.01024	0.01190	0.00858	0.01360	0.00785	0.00685	0.01495	0.03704	0.01882	0.01061	0.01218	0.00878	0.00436	0.00429	0.00088	0.00425	0.00349	0.00347	0.80592
35	0.01251	0.13346	0.64133	0.01519	0.02302	0.01437	0.01913	0.01834	0.01217	0.04517	0.01041	0.01196	0.00751	0.00542	0.00521	0.00173	0.00800	0.00412	0.00259	0.00835
36	0.01456	0.01176	0.04029	0.01123	0.01450	0.01228	0.00923	0.07441	0.46438	0.09144	0.06686	0.02720	0.04212	0.00885	0.00610	0.00197	0.00475	0.08392	0.00576	0.00839
37	0.00795	0.00584	0.00744	0.00704	0.00846	0.00533	0.00528	0.01051	0.01585	0.02212	0.68339	0.04408	0.13138	0.01200	0.00675	0.00181	0.00272	0.01053	0.00619	0.00533
38	0.00875	0.00633	0.00862	0.00975	0.01103	0.00620	0.00827	0.01114	0.01309	0.01702	0.06691	0.13133	0.09378	0.01570	0.00770	0.00251	0.00477	0.56659	0.00532	0.00518
39	0.00778	0.00582	0.00763	0.03708	0.01011	0.00578	0.00615	0.01015	0.07028	0.01544	0.03003	0.67603	0.03490	0.01658	0.00715	0.00229	0.00365	0.04282	0.00525	0.00509
40	0.09997	0.06801	0.20598	0.06942	0.05763	0.01304	0.23105	0.01710	0.01246	0.04481	0.01345	0.04148	0.01153	0.00672	0.00587	0.00190	0.00748	0.08143	0.00326	0.00741
41	0.00680	0.00580	0.00585	0.00583	0.00775	0.00484	0.00437	0.00828	0.01312	0.01566	0.07731	0.05471	0.74148	0.01441	0.00676	0.00193	0.00289	0.01202	0.00534	0.00484
42	0.00766	0.00546	0.00735	0.00863	0.00922	0.00523	0.00635	0.00908	0.01148	0.01518	0.03064	0.55826	0.03577	0.04792	0.00833	0.00254	0.00396	0.21696	0.00523	0.00478
43	0.01715	0.53655	0.04212	0.01152	0.01587	0.26400	0.01045	0.01898	0.01310	0.01374	0.00829	0.00961	0.00735	0.00523	0.00419	0.00132	0.00752	0.00329	0.00261	0.00714
44	0.01369	0.00901	0.01080	0.00962	0.01228	0.00949	0.00758	0.06002	0.21726	0.16250	0.02703	0.02737	0.15883	0.01884	0.22457	0.00395	0.00744	0.00724	0.00518	0.00729
45	0.81512	0.01121	0.00867	0.00769	0.01126	0.01298	0.00633	0.03840	0.01024	0.02597	0.00814	0.00942	0.00630	0.00536	0.00360	0.00177	0.00448	0.00316	0.00360	0.00630
46	0.00761	0.00543	0.00737	0.00869	0.00930	0.00520	0.00642	0.00907	0.01158	0.01532	0.03117	0.58794	0.03644	0.01732	0.00747	0.00241	0.00387	0.21727	0.00530	0.00482
47	0.01715	0.18774	0.01866	0.01417	0.09453	0.15258	0.01050	0.12390	0.20736	0.06349	0.01600	0.01609	0.04040	0.00662	0.00523	0.00163	0.00636	0.00507	0.00429	0.00821
48	0.01267	0.01290	0.02423	0.26391	0.20465	0.01313	0.28194	0.01665	0.01260	0.01727	0.01082	0.01477	0.00842	0.00512	0.00596	0.00178	0.00788	0.00556	0.00281	0.07691
49	0.01584	0.01681	0.02174	0.02072	0.18398	0.19354	0.20414	0.08747	0.01486	0.01876	0.01153	0.03284	0.00973	0.00610	0.00645	0.00171	0.04666	0.02212	0.00330	0.08171
50	0.02830	0.05550	0.04793	0.00949	0.01344	0.03928	0.02211	0.06970	0.03172	0.13730	0.04933	0.05275	0.17756	0.00816	0.00547	0.00154	0.00476	0.00668	0.00467	0.23430

[dist]
# distance from previous block
# <min> <max>
0	7

[block]
# block no. 2 follows, 41 sequences, length 21
# corresponding to MSA columns:
# 318-338
name=unknown_C
#
# <colnr> <probs for GDERKNQSTAVLIFYWHMCP>
#	G	D	E	R	K	N	Q	S	T	A	V	L	I	F	Y	W	H	M	C	P
0	0.01021	0.05688	0.01182	0.00988	0.01106	0.00896	0.04471	0.01162	0.01052	0.05741	0.05045	0.23471	0.02200	0.17346	0.14550	0.00403	0.11823	0.00917	0.00400	0.00537
1	0.17052	0.08813	0.03246	0.01107	0.01455	0.01410	0.00950	0.24397	0.05905	0.05618	0.01575	0.04324	0.01393	0.00836	0.00631	0.00190	0.05424	0.12604	0.00464	0.02606
2	0.47151	0.01417	0.10178	0.01009	0.01448	0.01351	0.00921	0.15805	0.05105	0.09120	0.01138	0.01196	0.00825	0.00590	0.00449	0.00177	0.00531	0.00403	0.00425	0.00759
3	0.01080	0.01017	0.01716	0.78523	0.03940	0.01271	0.01589	0.01461	0.01144	0.01461	0.01017	0.01525	0.00762	0.00572	0.00572	0.00191	0.00762	0.00508	0.00254	0.00635
4	0.00741	0.00542	0.00742	0.00828	0.00893	0.00535	0.00580	0.00871	0.01055	0.01441	0.02693	0.58371	0.03122	0.02352	0.19308	0.00394	0.00625	0.01340	0.00471	0.03096
5	0.05931	0.01203	0.01253	0.01047	0.01393	0.01308	0.00839	0.32294	0.20837	0.02680	0.02786	0.02665	0.21518	0.00908	0.00591	0.00183	0.00482	0.00725	0.00552	0.00804
6	0.00980	0.00550	0.00611	0.00595	0.00729	0.00535	0.00447	0.01248	0.01340	0.02186	0.26669	0.02848	0.02781	0.00835	0.00492	0.00149	0.00268	0.00701	0.55501	0.00535
7	0.71590	0.01086	0.00915	0.00792	0.01160	0.01216	0.00653	0.01849	0.01074	0.13821	0.01018	0.01084	0.00740	0.00558	0.00388	0.00177	0.00449	0.00350	0.00408	0.00673
8	0.00800	0.00584	0.00752	0.00710	0.00849	0.00536	0.00532	0.01061	0.01597	0.02241	0.71070	0.04360	0.10388	0.01189	0.00675	0.00181	0.00271	0.01047	0.00623	0.00536
9	0.00815	0.00582	0.00800	0.00932	0.01017	0.00567	0.00737	0.01001	0.01212	0.01593	0.03087	0.40981	0.03524	0.01680	0.00762	0.00249	0.00435	0.38999	0.00529	0.00497
10	0.00697	0.00498	0.00664	0.00796	0.00830	0.00465	0.00531	0.00796	0.01095	0.01460	0.03153	0.79525	0.03783	0.01792	0.00730	0.00232	0.00332	0.01626	0.00531	0.00465
11	0.02297	0.01406	0.01595	0.01223	0.01676	0.01482	0.01010	0.52051	0.02361	0.26441	0.01649	0.01552	0.01111	0.00693	0.00573	0.00173	0.00585	0.00534	0.00615	0.00973
12	0.00712	0.00507	0.00668	0.00782	0.00819	0.00475	0.00521	0.00817	0.01114	0.01494	0.07790	0.70288	0.03789	0.06253	0.00852	0.00247	0.00341	0.01542	0.00527	0.00463
13	0.01186	0.01017	0.01186	0.00847	0.01356	0.00762	0.00678	0.01440	0.01186	0.01864	0.01017	0.01186	0.00847	0.00424	0.00424	0.00085	0.00424	0.00339	0.00339	0.83395
14	0.02339	0.01130	0.01408	0.01073	0.01526	0.01059	0.00885	0.19973	0.01848	0.51871	0.01924	0.01735	0.01254	0.00676	0.00560	0.00167	0.00515	0.00538	0.00640	0.08880
15	0.00696	0.00503	0.00658	0.00783	0.00826	0.00466	0.00525	0.00798	0.01108	0.01465	0.03317	0.74914	0.08288	0.01771	0.00727	0.00230	0.00329	0.01600	0.00531	0.00466
16	0.00701	0.00539	0.00641	0.00703	0.00810	0.00480	0.00494	0.00836	0.01233	0.01582	0.11934	0.42407	0.32408	0.01591	0.00703	0.00211	0.00309	0.01398	0.00542	0.00480
17	0.01304	0.01469	0.03184	0.02297	0.02837	0.01377	0.69048	0.01759	0.01332	0.01806	0.01298	0.07048	0.01074	0.00575	0.00679	0.00196	0.00920	0.00742	0.00306	0.00750
18	0.01717	0.01318	0.01453	0.01114	0.01554	0.01340	0.00906	0.42114	0.05758	0.02894	0.07369	0.01588	0.01331	0.00648	0.00535	0.00146	0.00527	0.00509	0.00504	0.26674
19	0.01362	0.00858	0.00988	0.00870	0.01152	0.00842	0.00680	0.01957	0.22195	0.20066	0.14417	0.03516	0.26663	0.01039	0.00625	0.00188	0.00380	0.00871	0.00603	0.00728
20	0.00738	0.00548	0.00685	0.00777	0.00864	0.00507	0.00563	0.00870	0.01168	0.01503	0.03692	0.44953	0.21081	0.06175	0.00853	0.00247	0.00367	0.13419	0.00520	0.00473

[dist]
# distance from previous block
# <min> <max>
0	3

[block]
# block no. 3 follows, 41 sequences, length 21
# corresponding to MSA columns:
# 342-362
name=unknown_D
#
# <colnr> <probs for GDERKNQSTAVLIFYWHMCP>
#	G	D	E	R	K	N	Q	S	T	A	V	L	I	F	Y	W	H	M	C	P
0	0.01048	0.00968	0.01315	0.01191	0.01210	0.01259	0.00941	0.01155	0.00945	0.01374	0.01706	0.18283	0.06420	0.10432	0.01679	0.00278	0.48085	0.00822	0.00339	0.00550
1	0.01423	0.01229	0.01293	0.01164	0.01487	0.01423	0.00905	0.03039	0.75297	0.02393	0.02328	0.02134	0.01746	0.00776	0.00582	0.00194	0.00453	0.00647	0.00582	0.00905
2	0.06093	0.01073	0.01348	0.01233	0.10147	0.00954	0.00866	0.08591	0.01424	0.18835	0.01461	0.06457	0.01171	0.00617	0.00504	0.00138	0.00482	0.00510	0.00450	0.37646
3	0.01362	0.01445	0.02882	0.06706	0.31492	0.01404	0.42433	0.01784	0.01321	0.01828	0.01119	0.01493	0.00877	0.00497	0.00628	0.00184	0.00844	0.00602	0.00285	0.00817
4	0.01187	0.01096	0.01801	0.63809	0.13976	0.01311	0.01585	0.05465	0.01250	0.01635	0.01044	0.01501	0.00794	0.00569	0.00571	0.00187	0.00744	0.00509	0.00275	0.00692
5	0.01444	0.03978	0.01762	0.07950	0.01799	0.01672	0.03387	0.14947	0.12874	0.01960	0.01147	0.01432	0.00951	0.00839	0.01240	0.00216	0.40775	0.00525	0.00362	0.00741
6	0.07770	0.00708	0.00945	0.16886	0.01464	0.00800	0.00730	0.01079	0.00944	0.01377	0.01558	0.06634	0.01609	0.33573	0.21063	0.00523	0.00825	0.00707	0.00327	0.00477
7	0.00685	0.00577	0.00594	0.00596	0.00780	0.00486	0.00445	0.00837	0.01317	0.01591	0.10247	0.08014	0.68993	0.01443	0.00678	0.00194	0.00290	0.01211	0.00538	0.00486
8	0.01053	0.00648	0.00820	0.00787	0.00960	0.00595	0.00590	0.01305	0.04289	0.13237	0.30844	0.22878	0.15398	0.01294	0.00673	0.00197	0.00335	0.02908	0.00597	0.00592
9	0.01245	0.01272	0.02374	0.24618	0.18214	0.01361	0.26904	0.01618	0.01234	0.01690	0.03228	0.03270	0.01026	0.00615	0.00746	0.00194	0.08764	0.00605	0.00289	0.00732
10	0.01810	0.01439	0.01555	0.01337	0.03156	0.14274	0.04206	0.12351	0.12631	0.18526	0.01654	0.08030	0.01336	0.00821	0.00805	0.00191	0.13980	0.00620	0.00480	0.00799
11	0.01345	0.00943	0.01072	0.00945	0.01221	0.00983	0.00737	0.06334	0.29809	0.12480	0.23044	0.03148	0.13591	0.00969	0.00620	0.00186	0.00393	0.00818	0.00604	0.00756
12	0.00723	0.00551	0.00666	0.00713	0.00828	0.00495	0.00513	0.00883	0.01294	0.01687	0.20546	0.34251	0.29202	0.01525	0.00701	0.00208	0.00310	0.03861	0.00553	0.00490
13	0.01421	0.23432	0.39778	0.01528	0.04539	0.13495	0.04798	0.01858	0.01269	0.01626	0.00950	0.01124	0.00741	0.00532	0.00499	0.00160	0.00812	0.00397	0.00254	0.00786
14	0.01369	0.00917	0.01430	0.41883	0.02698	0.01021	0.01255	0.01685	0.01296	0.18149	0.01797	0.02860	0.01544	0.00856	0.00628	0.00206	0.00642	0.18659	0.00423	0.00683
15	0.00883	0.00561	0.00746	0.00794	0.00889	0.00516	0.00559	0.01039	0.01283	0.07935	0.23008	0.52506	0.04028	0.01532	0.00702	0.00213	0.00328	0.01377	0.00573	0.00527
16	0.13957	0.00756	0.00857	0.00795	0.00993	0.00761	0.00606	0.06003	0.03591	0.05772	0.40252	0.14521	0.06761	0.01109	0.00619	0.00187	0.00345	0.00949	0.00567	0.00598
17	0.14358	0.04456	0.14360	0.01812	0.02377	0.01411	0.38998	0.06564	0.01368	0.07148	0.01156	0.01388	0.00846	0.00528	0.00580	0.00184	0.00797	0.00548	0.00337	0.00785
18	0.01340	0.01359	0.01829	0.10354	0.28354	0.10310	0.01381	0.01577	0.01154	0.01562	0.01057	0.04049	0.00965	0.01032	0.07361	0.00258	0.24523	0.00537	0.00282	0.00716
19	0.00819	0.00596	0.00796	0.00906	0.01013	0.00573	0.00728	0.01018	0.01258	0.01640	0.06598	0.29523	0.11306	0.01615	0.00754	0.00242	0.00428	0.39151	0.00533	0.00503
20	0.22099	0.29323	0.04519	0.01082	0.01484	0.01492	0.10851	0.01585	0.01243	0.01945	0.17470	0.01757	0.01753	0.00651	0.00480	0.00160	0.00550	0.00522	0.00363	0.00671

[dist]
# distance from previous block
# <min> <max>
0	1

[block]
# block no. 4 follows, 41 sequences, length 30
# corresponding to MSA columns:
# 364-393
name=unknown_E
#
# <colnr> <probs for GDERKNQSTAVLIFYWHMCP>
#	G	D	E	R	K	N	Q	S	T	A	V	L	I	F	Y	W	H	M	C	P
0	0.01342	0.01495	0.03106	0.02362	0.07235	0.01480	0.60648	0.01770	0.01287	0.01777	0.01101	0.01498	0.00855	0.00549	0.00820	0.00199	0.10787	0.00643	0.00284	0.00761
1	0.01001	0.00818	0.03783	0.01026	0.01261	0.00696	0.11632	0.01233	0.01340	0.08614	0.18479	0.26918	0.18386	0.01252	0.00678	0.00200	0.00437	0.01135	0.00522	0.00590
2	0.01713	0.01333	0.01323	0.01144	0.01488	0.10517	0.00896	0.05218	0.43183	0.16497	0.05958	0.02017	0.01694	0.00745	0.00572	0.00180	0.00525	0.00604	0.00565	0.03829
3	0.01230	0.01283	0.02297	0.01839	0.04460	0.03189	0.32781	0.01534	0.01122	0.01580	0.01103	0.01585	0.00947	0.01434	0.17022	0.00359	0.24682	0.00597	0.00281	0.00675
4	0.01350	0.01543	0.03375	0.02411	0.02989	0.01446	0.74253	0.01832	0.01350	0.01832	0.01157	0.01543	0.00868	0.00482	0.00675	0.00193	0.00964	0.00675	0.00289	0.00771
5	0.01147	0.02959	0.76934	0.01630	0.02476	0.01328	0.02113	0.01811	0.01208	0.01811	0.01026	0.01208	0.00725	0.00543	0.00543	0.00181	0.00845	0.00423	0.00242	0.00845
6	0.00690	0.00573	0.00604	0.00611	0.00785	0.00487	0.00452	0.00842	0.01315	0.01607	0.12005	0.11641	0.63516	0.01452	0.00680	0.00195	0.00291	0.01227	0.00540	0.00487
7	0.05225	0.01145	0.01289	0.01087	0.01455	0.01218	0.00867	0.09010	0.39006	0.26168	0.02319	0.02114	0.04963	0.00768	0.00574	0.00186	0.00471	0.00624	0.00610	0.00902
8	0.00729	0.00529	0.00692	0.00805	0.00855	0.00503	0.00545	0.00892	0.03783	0.01539	0.07079	0.72666	0.03798	0.01722	0.00722	0.00228	0.00333	0.01559	0.00538	0.00484
9	0.01419	0.01382	0.02263	0.07980	0.69555	0.03807	0.01724	0.01755	0.01303	0.01829	0.01066	0.01410	0.00892	0.00516	0.00565	0.00170	0.00696	0.00505	0.00282	0.00882
10	0.00819	0.00623	0.00758	0.00717	0.00876	0.00581	0.00540	0.01144	0.06007	0.02144	0.56980	0.04399	0.19866	0.01204	0.00669	0.00184	0.00285	0.01047	0.00606	0.00550
11	0.00697	0.00498	0.00664	0.00796	0.00830	0.00465	0.00531	0.00796	0.01095	0.01460	0.03153	0.79525	0.03783	0.01792	0.00730	0.00232	0.00332	0.01626	0.00531	0.00465
12	0.06597	0.01148	0.01385	0.04833	0.10163	0.01240	0.00980	0.20607	0.18254	0.09000	0.01950	0.17818	0.01731	0.00903	0.00593	0.00191	0.00516	0.00767	0.00517	0.00808
13	0.01416	0.01359	0.02322	0.03511	0.76330	0.01359	0.01755	0.01755	0.01302	0.01869	0.01076	0.01416	0.00906	0.00510	0.00566	0.00170	0.00680	0.00510	0.00283	0.00906
14	0.00756	0.00619	0.00678	0.00705	0.00877	0.00560	0.00539	0.01000	0.05752	0.01608	0.04886	0.14814	0.52855	0.01469	0.00692	0.00207	0.00336	0.10601	0.00534	0.00512
15	0.01409	0.01150	0.01819	0.46038	0.20243	0.01300	0.01506	0.08923	0.01382	0.08986	0.01185	0.01525	0.00879	0.00582	0.00571	0.00183	0.00704	0.00516	0.00336	0.00764
16	0.01347	0.09526	0.57913	0.01548	0.02270	0.14271	0.01846	0.01883	0.01273	0.01702	0.00983	0.01153	0.00727	0.00547	0.00524	0.00170	0.00857	0.00404	0.00251	0.00805
17	0.00828	0.00629	0.00778	0.00863	0.00953	0.00634	0.00607	0.01191	0.13623	0.01629	0.03076	0.61721	0.05270	0.01604	0.00706	0.00226	0.00359	0.04223	0.00539	0.00542
18	0.00708	0.00525	0.00661	0.00744	0.00822	0.00478	0.00514	0.00840	0.01207	0.01591	0.13643	0.54975	0.17919	0.01641	0.00712	0.00218	0.00315	0.01464	0.00545	0.00478
19	0.76349	0.01098	0.00921	0.07876	0.01366	0.01282	0.00708	0.01661	0.00989	0.02465	0.00817	0.00984	0.00633	0.00535	0.00374	0.00178	0.00472	0.00328	0.00345	0.00621
20	0.01236	0.01352	0.18218	0.01067	0.01451	0.00977	0.01024	0.13706	0.01605	0.06624	0.26050	0.08328	0.07213	0.00933	0.00639	0.00179	0.02351	0.00781	0.00497	0.05768
21	0.03399	0.03190	0.06975	0.14744	0.06860	0.04233	0.17537	0.11171	0.01369	0.03471	0.01049	0.01376	0.00828	0.00657	0.00877	0.00195	0.18688	0.00523	0.00319	0.02541
22	0.01133	0.02768	0.69910	0.01600	0.02393	0.01284	0.04337	0.01767	0.01237	0.01842	0.05618	0.01406	0.01015	0.00580	0.00556	0.00181	0.00814	0.00468	0.00267	0.00824
23	0.00825	0.00556	0.00622	0.00622	0.00630	0.00552	0.00350	0.00831	0.00852	0.01128	0.01971	0.03818	0.05212	0.76578	0.02817	0.00539	0.00543	0.00848	0.00354	0.00352
24	0.01109	0.06837	0.41717	0.06544	0.04377	0.01248	0.04069	0.01583	0.01168	0.01683	0.04526	0.01668	0.01130	0.01242	0.13604	0.00307	0.03960	0.02208	0.00281	0.00738
25	0.03773	0.13583	0.24143	0.01576	0.10473	0.01562	0.01421	0.20444	0.03388	0.08855	0.01208	0.01313	0.00895	0.00609	0.00588	0.00172	0.04289	0.00458	0.00384	0.00865
26	0.04299	0.00678	0.00922	0.00860	0.01031	0.00705	0.05089	0.01137	0.02539	0.01621	0.02592	0.04888	0.18949	0.02491	0.35172	0.00509	0.00896	0.00757	0.14329	0.00535
27	0.00828	0.00608	0.00804	0.00914	0.01033	0.00584	0.00749	0.01033	0.01263	0.01625	0.03524	0.23309	0.15684	0.01607	0.00757	0.00244	0.00441	0.43960	0.00528	0.00505
28	0.06709	0.06301	0.04840	0.01273	0.01700	0.15972	0.01066	0.39090	0.09716	0.02729	0.01285	0.01322	0.00959	0.00641	0.00531	0.00164	0.00676	0.00466	0.00466	0.04093
29	0.04003	0.22646	0.11253	0.01468	0.10797	0.06927	0.05612	0.01663	0.02599	0.03657	0.13831	0.01878	0.04531	0.00705	0.00620	0.00167	0.06012	0.00557	0.00353	0.00722

[dist]
# distance from previous block
# <min> <max>
1	8

[block]
# block no. 5 follows, 41 sequences, length 20
# corresponding to MSA columns:
# 402-421
name=unknown_F
#
# <colnr> <probs for GDERKNQSTAVLIFYWHMCP>
#	G	D	E	R	K	N	Q	S	T	A	V	L	I	F	Y	W	H	M	C	P
0	0.23700	0.01014	0.01131	0.00951	0.01292	0.01064	0.00770	0.08544	0.08998	0.27571	0.04998	0.01794	0.01380	0.01177	0.11087	0.00279	0.00613	0.00531	0.02325	0.00780
1	0.00848	0.00678	0.01021	0.11743	0.08652	0.00717	0.00828	0.01029	0.01078	0.01462	0.02283	0.43019	0.02552	0.04334	0.16619	0.00372	0.00679	0.01131	0.00417	0.00537
2	0.01597	0.01317	0.01863	0.23456	0.05825	0.02953	0.11570	0.19140	0.15981	0.08210	0.01474	0.01629	0.01076	0.00634	0.00587	0.00184	0.00679	0.00563	0.00436	0.00826
3	0.01202	0.15972	0.22803	0.08158	0.20741	0.01344	0.01456	0.01589	0.02724	0.01659	0.01415	0.15704	0.01361	0.00763	0.00555	0.00178	0.00651	0.00657	0.00314	0.00754
4	0.00825	0.00582	0.00765	0.00765	0.00814	0.00631	0.00523	0.00922	0.00874	0.01214	0.01673	0.03028	0.01769	0.43751	0.38633	0.00729	0.01022	0.00727	0.00327	0.00425
5	0.01294	0.24867	0.08457	0.01207	0.05341	0.13807	0.01007	0.01514	0.01168	0.01424	0.01313	0.09539	0.01280	0.03812	0.21164	0.00370	0.00920	0.00570	0.00303	0.00643
6	0.01037	0.01024	0.01953	0.11618	0.02144	0.01027	0.30719	0.01331	0.01196	0.01608	0.01955	0.34123	0.02067	0.01064	0.00738	0.00212	0.04137	0.01043	0.00384	0.00619
7	0.00697	0.00498	0.00664	0.00796	0.00830	0.00465	0.00531	0.00796	0.01095	0.01460	0.03153	0.79525	0.03783	0.01792	0.00730	0.00232	0.00332	0.01626	0.00531	0.00465
8	0.01115	0.00580	0.00585	0.00568	0.00715	0.00588	0.00430	0.04544	0.01265	0.02197	0.01844	0.02099	0.01444	0.00667	0.00407	0.00135	0.00283	0.00532	0.79449	0.00552
9	0.01654	0.02026	0.06255	0.05613	0.17966	0.31726	0.22838	0.01978	0.01431	0.01650	0.01018	0.01294	0.00812	0.00538	0.00577	0.00169	0.00916	0.00497	0.00286	0.00755
10	0.00788	0.00572	0.00743	0.00725	0.00848	0.00527	0.00534	0.01029	0.01532	0.02145	0.62854	0.14983	0.08038	0.01269	0.00683	0.00188	0.00279	0.01125	0.00612	0.00527
11	0.00862	0.00679	0.01005	0.00979	0.01071	0.00822	0.00770	0.01058	0.00915	0.01333	0.01451	0.02144	0.01360	0.03950	0.69807	0.00850	0.09518	0.00601	0.00301	0.00523
12	0.75380	0.01097	0.00931	0.08785	0.01399	0.01282	0.00720	0.01659	0.00991	0.02452	0.00819	0.00991	0.00634	0.00535	0.00376	0.00178	0.00476	0.00330	0.00344	0.00621
13	0.00732	0.00557	0.00674	0.00697	0.00820	0.00499	0.00503	0.00910	0.01359	0.01800	0.31337	0.27313	0.27828	0.01447	0.00692	0.00200	0.00295	0.01268	0.00568	0.00499
14	0.09985	0.01324	0.07306	0.01025	0.01418	0.04831	0.00875	0.20482	0.05865	0.02362	0.01427	0.06895	0.01212	0.03887	0.00598	0.00168	0.00527	0.00537	0.09132	0.20144
15	0.23999	0.01964	0.09706	0.01455	0.08921	0.28661	0.01132	0.09509	0.03815	0.04371	0.01033	0.01159	0.00797	0.00580	0.00490	0.00166	0.00742	0.00403	0.00354	0.00744
16	0.01464	0.09944	0.09858	0.02293	0.36693	0.01331	0.04878	0.01862	0.04611	0.08306	0.01194	0.01392	0.00940	0.00527	0.00529	0.00157	0.00640	0.00474	0.00333	0.12574
17	0.01228	0.05766	0.07290	0.05119	0.01599	0.01059	0.02363	0.06624	0.09937	0.01911	0.01399	0.05159	0.01212	0.01003	0.08471	0.00220	0.00627	0.02779	0.00376	0.35858
18	0.01484	0.04063	0.14630	0.03790	0.33336	0.07402	0.01494	0.04219	0.07504	0.07176	0.01298	0.03177	0.01044	0.00773	0.04017	0.00208	0.02678	0.00522	0.00345	0.00838
19	0.04081	0.05962	0.01754	0.21277	0.15051	0.08683	0.01263	0.16629	0.11335	0.02108	0.01305	0.03257	0.01041	0.00749	0.02912	0.00198	0.00701	0.00526	0.00382	0.00787

[dist]
# distance from previous block
# <min> <max>
1	17

[block]
# block no. 6 follows, 41 sequences, length 10
# corresponding to MSA columns:
# 441-450
name=unknown_G
#
# <colnr> <probs for GDERKNQSTAVLIFYWHMCP>
#	G	D	E	R	K	N	Q	S	T	A	V	L	I	F	Y	W	H	M	C	P
0	0.08239	0.18303	0.10127	0.01099	0.01513	0.10631	0.01000	0.12615	0.04607	0.04360	0.12220	0.04586	0.01632	0.00704	0.00513	0.00159	0.00594	0.00540	0.00410	0.06149
1	0.06393	0.01291	0.01439	0.05288	0.14275	0.10773	0.01057	0.10312	0.06885	0.05616	0.04136	0.02445	0.03947	0.00792	0.00576	0.00177	0.00599	0.12383	0.00430	0.11187
2	0.07557	0.01085	0.01445	0.19179	0.11421	0.01174	0.01102	0.02203	0.21932	0.18518	0.01985	0.02011	0.06499	0.00710	0.00566	0.00185	0.00548	0.00597	0.00476	0.00808
3	0.35535	0.01401	0.01564	0.01893	0.28075	0.08874	0.01144	0.07094	0.01275	0.02208	0.00944	0.01165	0.00767	0.00569	0.00552	0.00176	0.05266	0.00413	0.00333	0.00752
4	0.01983	0.01195	0.01390	0.01106	0.01527	0.01208	0.00895	0.19191	0.22323	0.29737	0.01916	0.01771	0.01334	0.00686	0.00557	0.00169	0.00502	0.00551	0.00595	0.11365
5	0.00994	0.00497	0.00745	0.00745	0.00745	0.00497	0.00497	0.00745	0.00745	0.00994	0.00994	0.01739	0.00994	0.01987	0.02235	0.83358	0.00497	0.00497	0.00248	0.00248
6	0.01358	0.01107	0.01809	0.45839	0.20126	0.01272	0.01508	0.01690	0.01223	0.11056	0.01168	0.01533	0.00877	0.00606	0.00666	0.00188	0.06399	0.00517	0.00318	0.00740
7	0.01491	0.00910	0.01122	0.00938	0.01267	0.00818	0.00736	0.10794	0.01495	0.20159	0.06446	0.20992	0.02106	0.00960	0.00587	0.00168	0.00438	0.04211	0.00531	0.23829
8	0.01061	0.00921	0.01132	0.01295	0.10608	0.04634	0.00864	0.03368	0.11475	0.01748	0.04867	0.32968	0.07266	0.01285	0.00751	0.00214	0.05589	0.08847	0.00480	0.00625
9	0.01488	0.00919	0.01141	0.04692	0.01349	0.00850	0.00736	0.10388	0.01524	0.19371	0.18727	0.02435	0.02194	0.10738	0.00856	0.00203	0.00461	0.00646	0.00516	0.20767

[dist]
# distance from previous block
# <min> <max>
0	55

[block]
# block no. 7 follows, 41 sequences, length 11
# corresponding to MSA columns:
# 509-519
name=unknown_H
#
# <colnr> <probs for GDERKNQSTAVLIFYWHMCP>
#	G	D	E	R	K	N	Q	S	T	A	V	L	I	F	Y	W	H	M	C	P
0	0.01807	0.10282	0.33355	0.01311	0.01930	0.01322	0.01424	0.11880	0.01547	0.27424	0.01466	0.01450	0.00993	0.00613	0.00539	0.00172	0.00670	0.00474	0.00445	0.00894
1	0.06700	0.01679	0.06095	0.01745	0.02139	0.11479	0.27560	0.12615	0.04361	0.02012	0.01086	0.01358	0.00854	0.00652	0.00857	0.00194	0.16981	0.00538	0.00337	0.00757
2	0.16342	0.01080	0.01109	0.11146	0.01534	0.04390	0.00814	0.16216	0.08553	0.02322	0.01798	0.01986	0.07545	0.03726	0.00591	0.00184	0.00500	0.00559	0.18926	0.00680
3	0.04382	0.00562	0.00817	0.05339	0.00975	0.00584	0.00593	0.00853	0.00814	0.01130	0.01114	0.01987	0.01108	0.01819	0.01971	0.69885	0.00512	0.04981	0.00270	0.00304
4	0.01137	0.01079	0.01798	0.63158	0.13335	0.01317	0.01587	0.01494	0.01146	0.01509	0.01006	0.01491	0.00781	0.00594	0.00663	0.00192	0.06278	0.00508	0.00258	0.00670
5	0.05707	0.04287	0.01539	0.01202	0.01605	0.21868	0.00964	0.29303	0.01920	0.11763	0.01457	0.01474	0.04137	0.00654	0.00529	0.00156	0.00674	0.00477	0.00467	0.09818
6	0.17473	0.01453	0.01616	0.01257	0.01696	0.01592	0.06147	0.47280	0.07705	0.03123	0.01307	0.01352	0.00952	0.00639	0.00533	0.00172	0.00596	0.00491	0.00503	0.04114
7	0.04100	0.05484	0.03443	0.01622	0.12094	0.12241	0.03937	0.33293	0.04008	0.07650	0.01338	0.04040	0.01043	0.00673	0.00586	0.00172	0.02434	0.00528	0.00454	0.00861
8	0.10305	0.08318	0.14575	0.01302	0.01704	0.01432	0.06852	0.10575	0.05383	0.10519	0.01442	0.01627	0.04481	0.03309	0.00864	0.00202	0.15435	0.00526	0.00388	0.00764
9	0.15604	0.01724	0.22698	0.01256	0.01725	0.05775	0.04497	0.09139	0.03931	0.08675	0.04502	0.03039	0.05775	0.00725	0.00624	0.00184	0.05514	0.01879	0.00398	0.02336
10	0.01427	0.16781	0.14672	0.01390	0.01842	0.11565	0.13395	0.05481	0.01355	0.04418	0.01647	0.05223	0.09172	0.00722	0.00633	0.00171	0.05615	0.00588	0.00340	0.03562

[dist]
# distance from previous block
# <min> <max>
2	47

[block]
# block no. 8 follows, 41 sequences, length 19
# corresponding to MSA columns:
# 578-596
name=unknown_I
#
# <colnr> <probs for GDERKNQSTAVLIFYWHMCP>
#	G	D	E	R	K	N	Q	S	T	A	V	L	I	F	Y	W	H	M	C	P
