[name]
unknown

[dist]
# distance from previous block
# <min> <max>
1	183

[block]
# block no. 0 follows, 44 sequences, length 12
# corresponding to MSA columns:
# 203-214
name=unknown_A
#
# <colnr> <probs for GDERKNQSTAVLIFYWHMCP>
#	G	D	E	R	K	N	Q	S	T	A	V	L	I	F	Y	W	H	M	C	P
0	0.00659	0.00496	0.00610	0.00701	0.00775	0.00448	0.00480	0.00766	0.01100	0.01414	0.03711	0.59375	0.24260	0.01616	0.00681	0.00211	0.00305	0.01438	0.00506	0.00448
1	0.00939	0.00784	0.01251	0.01569	0.22428	0.00854	0.00960	0.01170	0.00979	0.01410	0.01338	0.01919	0.01223	0.03078	0.56756	0.00676	0.01232	0.00557	0.00286	0.00592
2	0.01378	0.56098	0.23893	0.01126	0.01680	0.04914	0.01241	0.01680	0.01137	0.01409	0.00823	0.00956	0.00697	0.00485	0.00403	0.00133	0.00661	0.00325	0.00234	0.00727
3	0.00664	0.00474	0.00633	0.00759	0.00791	0.00443	0.00506	0.00759	0.01044	0.01392	0.03005	0.80485	0.03606	0.01708	0.00696	0.00221	0.00316	0.01550	0.00506	0.00443
4	0.01205	0.00997	0.01094	0.00986	0.01244	0.01112	0.00763	0.05182	0.50631	0.02297	0.25111	0.02629	0.02700	0.00851	0.00581	0.00180	0.00385	0.00725	0.00568	0.00759
5	0.01812	0.24539	0.01922	0.01274	0.01586	0.51518	0.01030	0.01960	0.01370	0.01318	0.00810	0.00968	0.00702	0.00564	0.00547	0.00141	0.06681	0.00344	0.00264	0.00648
6	0.00751	0.00535	0.00583	0.00583	0.00634	0.00509	0.00354	0.00790	0.00919	0.01174	0.02785	0.04039	0.23091	0.58546	0.02177	0.00432	0.00458	0.00893	0.00380	0.00367
7	0.01193	0.01193	0.01670	0.01431	0.01431	0.01670	0.01193	0.01312	0.00835	0.01312	0.00716	0.01193	0.00716	0.00954	0.01789	0.00239	0.79843	0.00477	0.00239	0.00596
8	0.01014	0.01443	0.22974	0.50477	0.03093	0.01157	0.01563	0.01429	0.01103	0.01486	0.01157	0.08567	0.00979	0.00643	0.00551	0.00183	0.00712	0.00559	0.00263	0.00647
9	0.00986	0.00832	0.01280	0.01675	0.29293	0.00805	0.00945	0.01268	0.01431	0.02036	0.48859	0.03060	0.03553	0.00881	0.00605	0.00168	0.00402	0.00800	0.00477	0.00644
10	0.00773	0.07840	0.00825	0.00729	0.00791	0.00623	0.00496	0.00848	0.00979	0.01288	0.02439	0.51652	0.02885	0.23797	0.01248	0.00298	0.00400	0.01223	0.00432	0.00435
11	0.00653	0.00517	0.00589	0.00647	0.00761	0.00452	0.00456	0.00772	0.01152	0.01436	0.04373	0.39610	0.43598	0.01530	0.00668	0.00201	0.00294	0.01333	0.00506	0.00452

[dist]
# distance from previous block
# <min> <max>
70	310

[block]
# block no. 1 follows, 44 sequences, length 42
# corresponding to MSA columns:
# 587-628
name=unknown_B
#
# <colnr> <probs for GDERKNQSTAVLIFYWHMCP>
#	G	D	E	R	K	N	Q	S	T	A	V	L	I	F	Y	W	H	M	C	P
0	0.01901	0.01174	0.01342	0.01093	0.01470	0.01244	0.00882	0.22576	0.29786	0.27705	0.03602	0.01822	0.01436	0.00703	0.00552	0.00173	0.00484	0.00568	0.00593	0.00894
1	0.01906	0.01427	0.01524	0.01193	0.01600	0.01576	0.00978	0.63427	0.09801	0.03191	0.01680	0.01643	0.06082	0.00711	0.00553	0.00167	0.00562	0.00547	0.00544	0.00890
2	0.01894	0.01212	0.01370	0.01109	0.01495	0.01291	0.00896	0.26246	0.29485	0.24248	0.01877	0.01729	0.01317	0.00686	0.00546	0.00171	0.00494	0.00550	0.00581	0.02803
3	0.01633	0.01344	0.01305	0.01139	0.01467	0.11021	0.00891	0.07950	0.52107	0.12004	0.01972	0.01827	0.01450	0.00703	0.00545	0.00176	0.00517	0.00565	0.00535	0.00847
4	0.02067	0.01695	0.01622	0.01278	0.01690	0.13758	0.01039	0.64105	0.02404	0.03106	0.01236	0.01258	0.00892	0.00640	0.00537	0.00160	0.00660	0.00469	0.00504	0.00881
5	0.00748	0.00512	0.00619	0.00663	0.00678	0.00505	0.00405	0.00788	0.00883	0.01181	0.02152	0.30076	0.02518	0.50440	0.05093	0.00436	0.00493	0.01046	0.00390	0.00375
6	0.09382	0.02645	0.70360	0.01471	0.02230	0.01262	0.01873	0.01714	0.01129	0.01798	0.00957	0.01125	0.00681	0.00517	0.00500	0.00172	0.00768	0.00392	0.00241	0.00784
7	0.01287	0.01471	0.03217	0.02298	0.02849	0.01379	0.75460	0.01746	0.01287	0.01746	0.01103	0.01471	0.00827	0.00460	0.00643	0.00184	0.00919	0.00643	0.00276	0.00735
8	0.01030	0.00969	0.01635	0.79530	0.03755	0.01211	0.01514	0.01393	0.01090	0.01393	0.00969	0.01453	0.00727	0.00545	0.00545	0.00182	0.00727	0.00484	0.00242	0.00606
9	0.01458	0.81168	0.02857	0.00933	0.01399	0.02157	0.00933	0.01632	0.01108	0.01283	0.00758	0.00875	0.00700	0.00466	0.00350	0.00117	0.00583	0.00292	0.00233	0.00700
10	0.00784	0.00564	0.00775	0.00775	0.00838	0.00627	0.00556	0.00909	0.00846	0.01191	0.01553	0.02653	0.01585	0.31601	0.51472	0.00752	0.01126	0.00659	0.00306	0.00431
11	0.00772	0.00557	0.00729	0.00686	0.00814	0.00514	0.00514	0.01029	0.01543	0.02186	0.77152	0.04072	0.05144	0.01115	0.00643	0.00171	0.00257	0.00986	0.00600	0.00514
12	0.00644	0.00552	0.00552	0.00552	0.00736	0.00460	0.00414	0.00782	0.01243	0.01473	0.05523	0.05247	0.77218	0.01381	0.00644	0.00184	0.00276	0.01151	0.00506	0.00460
13	0.01100	0.01041	0.01762	0.62814	0.19922	0.01230	0.01549	0.01454	0.01123	0.01478	0.00981	0.01431	0.00757	0.00532	0.00544	0.00177	0.00709	0.00485	0.00248	0.00662
14	0.01093	0.02820	0.78016	0.01554	0.02360	0.01266	0.02014	0.01727	0.01151	0.01727	0.00978	0.01151	0.00691	0.00518	0.00518	0.00173	0.00806	0.00403	0.00230	0.00806
15	0.00664	0.00474	0.00633	0.00759	0.00791	0.00443	0.00506	0.00759	0.01044	0.01392	0.03005	0.80485	0.03606	0.01708	0.00696	0.00221	0.00316	0.01550	0.00506	0.00443
16	0.00676	0.00541	0.00605	0.00615	0.00763	0.00470	0.00451	0.00834	0.01279	0.01621	0.21324	0.16779	0.49379	0.01372	0.00652	0.00187	0.00278	0.01176	0.00527	0.00470
17	0.01397	0.68182	0.15315	0.01036	0.01558	0.02009	0.01112	0.01648	0.01115	0.01356	0.00794	0.00920	0.00698	0.00475	0.00378	0.00126	0.00620	0.00310	0.00233	0.00717
18	0.01356	0.01171	0.01233	0.01109	0.01418	0.01356	0.00863	0.02897	0.76455	0.02281	0.02219	0.02034	0.01664	0.00740	0.00555	0.00185	0.00431	0.00616	0.00555	0.00863
19	0.01093	0.02820	0.78016	0.01554	0.02360	0.01266	0.02014	0.01727	0.01151	0.01727	0.00978	0.01151	0.00691	0.00518	0.00518	0.00173	0.00806	0.00403	0.00230	0.00806
20	0.01939	0.01429	0.01677	0.01554	0.13531	0.01548	0.01110	0.54613	0.06915	0.08058	0.01378	0.01397	0.00991	0.00635	0.00545	0.00165	0.00588	0.00502	0.00511	0.00913
21	0.02018	0.02562	0.01563	0.01458	0.03775	0.76517	0.01070	0.02163	0.01537	0.01347	0.00848	0.00993	0.00707	0.00560	0.00493	0.00141	0.00974	0.00355	0.00281	0.00638
22	0.00779	0.00584	0.00876	0.00876	0.00974	0.00681	0.00681	0.00974	0.00876	0.01266	0.01460	0.02142	0.01363	0.04089	0.78680	0.00876	0.01460	0.00584	0.00292	0.00487
23	0.00692	0.00474	0.00640	0.00754	0.00783	0.00446	0.00503	0.00754	0.01011	0.01348	0.02801	0.72669	0.03342	0.01726	0.00838	0.08541	0.00332	0.01443	0.00479	0.00422
24	0.01326	0.60891	0.14422	0.00999	0.01488	0.01852	0.01056	0.01575	0.01143	0.01406	0.04813	0.01293	0.04715	0.00552	0.00405	0.00131	0.00587	0.00386	0.00264	0.00695
25	0.01139	0.00639	0.00846	0.00748	0.00941	0.00577	0.00577	0.01386	0.01547	0.18780	0.60696	0.03586	0.04311	0.01018	0.00622	0.00171	0.00303	0.00890	0.00617	0.00605
26	0.00664	0.00474	0.00633	0.00759	0.00791	0.00443	0.00506	0.00759	0.01044	0.01392	0.03005	0.80485	0.03606	0.01708	0.00696	0.00221	0.00316	0.01550	0.00506	0.00443
27	0.01782	0.02152	0.01471	0.01330	0.01606	0.57285	0.03560	0.02128	0.11835	0.01495	0.01339	0.04621	0.03424	0.00684	0.00527	0.00156	0.00841	0.02772	0.00341	0.00650
28	0.02348	0.08883	0.01423	0.00966	0.01392	0.00936	0.00814	0.02555	0.01516	0.70229	0.02013	0.01758	0.01285	0.00654	0.00529	0.00164	0.00476	0.00523	0.00631	0.00905
29	0.00664	0.00474	0.00633	0.00759	0.00791	0.00443	0.00506	0.00759	0.01044	0.01392	0.03005	0.80485	0.03606	0.01708	0.00696	0.00221	0.00316	0.01550	0.00506	0.00443
30	0.01339	0.01285	0.02194	0.05817	0.75050	0.01293	0.01668	0.01664	0.01236	0.01769	0.01024	0.01353	0.00859	0.00488	0.00540	0.00163	0.00650	0.00486	0.00269	0.00855
31	0.01181	0.00893	0.01149	0.01037	0.01264	0.00992	0.03758	0.05614	0.27514	0.07151	0.01859	0.06107	0.01573	0.02183	0.33193	0.00474	0.00887	0.02052	0.00438	0.00680
32	0.01254	0.01179	0.01974	0.02924	0.65422	0.01171	0.01488	0.01563	0.01278	0.01819	0.10392	0.01818	0.04121	0.00594	0.00556	0.00164	0.00587	0.00570	0.00318	0.00807
33	0.00793	0.00529	0.00595	0.00595	0.00595	0.00529	0.00330	0.00793	0.00793	0.01057	0.01718	0.03568	0.01982	0.80840	0.02775	0.00529	0.00529	0.00793	0.00330	0.00330
34	0.00879	0.00628	0.00879	0.01004	0.01130	0.00628	0.00879	0.01130	0.01255	0.01632	0.02887	0.06150	0.03138	0.01506	0.00753	0.00251	0.00502	0.73770	0.00502	0.00502
35	0.13161	0.01120	0.01875	0.01429	0.01832	0.01085	0.29590	0.03347	0.05583	0.21455	0.04625	0.09557	0.01430	0.00693	0.00575	0.00181	0.00612	0.00671	0.00444	0.00737
36	0.01130	0.00969	0.01130	0.00807	0.01292	0.00727	0.00646	0.01373	0.01130	0.01776	0.00969	0.01130	0.00807	0.00404	0.00404	0.00081	0.00404	0.00323	0.00323	0.84173
37	0.00715	0.00511	0.00691	0.00817	0.00871	0.00487	0.00595	0.00847	0.01094	0.01449	0.02977	0.62779	0.03494	0.01660	0.00709	0.00228	0.00361	0.18752	0.00505	0.00457
38	0.01093	0.02820	0.78016	0.01554	0.02360	0.01266	0.02014	0.01727	0.01151	0.01727	0.00978	0.01151	0.00691	0.00518	0.00518	0.00173	0.00806	0.00403	0.00230	0.00806
39	0.01156	0.01098	0.01863	0.49438	0.32860	0.01244	0.01577	0.01504	0.01150	0.01546	0.00991	0.01412	0.00781	0.00522	0.00543	0.00174	0.00696	0.00485	0.00253	0.00708
40	0.00992	0.00789	0.01100	0.01043	0.01098	0.00963	0.00810	0.01120	0.00970	0.06126	0.01839	0.32892	0.02012	0.01760	0.14119	0.00334	0.30189	0.00926	0.00381	0.00538
41	0.00664	0.00474	0.00633	0.00759	0.00791	0.00443	0.00506	0.00759	0.01044	0.01392	0.03005	0.80485	0.03606	0.01708	0.00696	0.00221	0.00316	0.01550	0.00506	0.00443

[dist]
# distance from previous block
# <min> <max>
0	1

[block]
# block no. 2 follows, 44 sequences, length 168
# corresponding to MSA columns:
# 630-797
name=unknown_C
#
# <colnr> <probs for GDERKNQSTAVLIFYWHMCP>
#	G	D	E	R	K	N	Q	S	T	A	V	L	I	F	Y	W	H	M	C	P
0	0.01275	0.01307	0.03856	0.06082	0.29969	0.01208	0.26348	0.02986	0.01249	0.01779	0.01041	0.01345	0.00831	0.00467	0.00546	0.00154	0.00695	0.00504	0.00286	0.18073
1	0.01308	0.49013	0.33703	0.01188	0.01793	0.01791	0.01377	0.01671	0.01126	0.01465	0.00848	0.00988	0.00696	0.00488	0.00419	0.00140	0.00674	0.00337	0.00232	0.00743
2	0.02845	0.11601	0.63545	0.01417	0.02137	0.01325	0.01778	0.01674	0.01163	0.01716	0.05182	0.01276	0.00937	0.00545	0.00502	0.00166	0.00742	0.00420	0.00253	0.00773
3	0.00656	0.00508	0.00598	0.00669	0.00767	0.00450	0.00466	0.00769	0.01130	0.01427	0.04099	0.47776	0.35608	0.01566	0.00673	0.00205	0.00299	0.01376	0.00506	0.00450
4	0.01149	0.01091	0.01850	0.51160	0.31194	0.01243	0.01573	0.01497	0.01146	0.01537	0.00990	0.01415	0.00778	0.00523	0.00543	0.00174	0.00697	0.00485	0.00253	0.00702
5	0.01130	0.00808	0.01279	0.01081	0.01331	0.00748	0.15563	0.01413	0.05472	0.14531	0.05503	0.29961	0.16583	0.01145	0.00641	0.00194	0.00459	0.01050	0.00495	0.00613
6	0.00652	0.00555	0.00563	0.00567	0.00749	0.00466	0.00429	0.00794	0.01243	0.01478	0.05436	0.05276	0.74789	0.01385	0.00648	0.00186	0.00284	0.03532	0.00506	0.00462
7	0.00792	0.00531	0.00608	0.00608	0.00613	0.00536	0.00347	0.00802	0.00797	0.01067	0.01705	0.03499	0.01952	0.77122	0.06452	0.00545	0.00574	0.00783	0.00328	0.00338
8	0.01130	0.00969	0.01130	0.00807	0.01292	0.00727	0.00646	0.01373	0.01130	0.01776	0.00969	0.01130	0.00807	0.00404	0.00404	0.00081	0.00404	0.00323	0.00323	0.84173
9	0.01057	0.00915	0.01481	0.57760	0.10111	0.01089	0.01320	0.01397	0.01114	0.01548	0.01124	0.01551	0.00864	0.00556	0.00514	0.00170	0.00632	0.00489	0.15697	0.00612
10	0.00650	0.00553	0.00560	0.00558	0.00740	0.00463	0.00419	0.00794	0.01256	0.01505	0.08792	0.05193	0.73929	0.01369	0.00644	0.00184	0.00275	0.01143	0.00511	0.00463
11	0.01175	0.01117	0.01897	0.44972	0.37179	0.01249	0.01586	0.01520	0.01159	0.01569	0.00995	0.01406	0.00789	0.00518	0.00543	0.00173	0.00691	0.00485	0.00255	0.00723
12	0.01116	0.07671	0.73362	0.01515	0.02300	0.01321	0.01947	0.01721	0.01148	0.01699	0.00965	0.01134	0.00691	0.00515	0.00508	0.00169	0.00792	0.00396	0.00230	0.00799
13	0.00664	0.00474	0.00633	0.00759	0.00791	0.00443	0.00506	0.00759	0.01044	0.01392	0.03005	0.80485	0.03606	0.01708	0.00696	0.00221	0.00316	0.01550	0.00506	0.00443
14	0.03497	0.00792	0.01043	0.00854	0.01153	0.00713	0.00684	0.03670	0.01563	0.43279	0.33036	0.02736	0.02889	0.00852	0.00583	0.00170	0.00381	0.00722	0.00634	0.00750
15	0.01401	0.69098	0.14436	0.01029	0.01547	0.02020	0.01099	0.01647	0.01114	0.01351	0.00792	0.00917	0.00698	0.00474	0.00376	0.00125	0.00617	0.00309	0.00233	0.00716
16	0.00644	0.00552	0.00552	0.00552	0.00736	0.00460	0.00414	0.00782	0.01243	0.01473	0.05523	0.05247	0.77218	0.01381	0.00644	0.00184	0.00276	0.01151	0.00506	0.00460
17	0.01193	0.01193	0.01670	0.01431	0.01431	0.01670	0.01193	0.01312	0.00835	0.01312	0.00716	0.01193	0.00716	0.00954	0.01789	0.00239	0.79843	0.00477	0.00239	0.00596
18	0.01386	0.01495	0.09366	0.04195	0.09369	0.09291	0.01108	0.02523	0.50578	0.02043	0.01782	0.01744	0.01349	0.00666	0.00543	0.00177	0.00560	0.00549	0.00453	0.00824
19	0.01368	0.01292	0.01996	0.21088	0.50003	0.04450	0.01552	0.08405	0.01339	0.01823	0.01031	0.01355	0.00830	0.00518	0.00540	0.00166	0.00676	0.00480	0.00289	0.00799
20	0.00793	0.00529	0.00595	0.00595	0.00595	0.00529	0.00330	0.00793	0.00793	0.01057	0.01718	0.03568	0.01982	0.80840	0.02775	0.00529	0.00529	0.00793	0.00330	0.00330
21	0.00664	0.00474	0.00633	0.00759	0.00791	0.00443	0.00506	0.00759	0.01044	0.01392	0.03005	0.80485	0.03606	0.01708	0.00696	0.00221	0.00316	0.01550	0.00506	0.00443
22	0.01362	0.43629	0.29595	0.02934	0.01797	0.01722	0.01336	0.01705	0.01137	0.05699	0.00917	0.01054	0.00734	0.00518	0.00484	0.00146	0.03875	0.00357	0.00257	0.00744
23	0.01281	0.01265	0.03793	0.18292	0.61268	0.01278	0.01649	0.01619	0.01210	0.01704	0.01013	0.01365	0.00833	0.00498	0.00540	0.00166	0.00667	0.00484	0.00264	0.00812
24	0.00664	0.00474	0.00633	0.00759	0.00791	0.00443	0.00506	0.00759	0.01044	0.01392	0.03005	0.80485	0.03606	0.01708	0.00696	0.00221	0.00316	0.01550	0.00506	0.00443
25	0.01071	0.01020	0.01672	0.63849	0.07509	0.01283	0.01476	0.01397	0.01061	0.01403	0.00935	0.01409	0.00733	0.00602	0.00727	0.00189	0.12319	0.00483	0.00243	0.00619
26	0.01160	0.17118	0.64300	0.01441	0.02184	0.01429	0.01817	0.01709	0.01143	0.01646	0.00938	0.01101	0.00692	0.00509	0.00487	0.00162	0.00765	0.00383	0.00231	0.00786
27	0.02243	0.01253	0.01466	0.01124	0.01554	0.01284	0.00929	0.42234	0.02104	0.37472	0.01694	0.01559	0.01120	0.00664	0.00547	0.00166	0.00538	0.00517	0.00605	0.00927
28	0.00808	0.00617	0.00797	0.00814	0.00922	0.00612	0.02148	0.01154	0.11544	0.01745	0.24571	0.43481	0.03686	0.03570	0.00718	0.00209	0.00333	0.01216	0.00531	0.00525
29	0.01426	0.01234	0.06882	0.01412	0.06817	0.01159	0.13981	0.15632	0.14258	0.08303	0.05595	0.05232	0.01548	0.00728	0.00568	0.00176	0.00563	0.04679	0.09044	0.00762
30	0.01178	0.00988	0.01144	0.00836	0.01295	0.00792	0.00669	0.06412	0.02604	0.01921	0.05248	0.01322	0.01072	0.00466	0.00429	0.00093	0.00409	0.00376	0.00358	0.72386
31	0.12463	0.06332	0.01529	0.01268	0.01517	0.40038	0.01002	0.04762	0.06636	0.01618	0.00916	0.01095	0.00767	0.00647	0.00739	0.00167	0.17157	0.00391	0.00306	0.00651
32	0.02105	0.01176	0.01386	0.01085	0.01497	0.01194	0.00888	0.28291	0.13103	0.37678	0.01823	0.01664	0.01229	0.00668	0.00543	0.00166	0.00505	0.00530	0.00599	0.03870
33	0.01365	0.01326	0.02197	0.03301	0.75668	0.03105	0.01659	0.01685	0.01248	0.01771	0.01021	0.01341	0.00860	0.00488	0.00539	0.00161	0.00656	0.00483	0.00270	0.00858
34	0.00854	0.00653	0.00877	0.00902	0.02750	0.00651	0.03105	0.03636	0.03703	0.01709	0.16409	0.33055	0.09290	0.04035	0.00766	0.00213	0.03091	0.09248	0.04536	0.00519
35	0.01336	0.01282	0.02189	0.06500	0.74389	0.01292	0.01667	0.01662	0.01235	0.01765	0.01023	0.01354	0.00858	0.00488	0.00540	0.00163	0.00651	0.00486	0.00269	0.00853
36	0.00785	0.00561	0.00772	0.00898	0.00982	0.00547	0.00717	0.00969	0.01163	0.01527	0.02938	0.38423	0.03341	0.01594	0.00728	0.00238	0.00421	0.42415	0.00504	0.00476
37	0.12516	0.01303	0.01429	0.01109	0.01529	0.01387	0.00916	0.46254	0.02082	0.23805	0.01472	0.01407	0.01001	0.00641	0.00520	0.00166	0.00540	0.00482	0.00555	0.00885
38	0.01367	0.01347	0.02530	0.01947	0.05986	0.01324	0.47847	0.06965	0.13674	0.04632	0.05559	0.01704	0.01231	0.00564	0.00614	0.00180	0.00752	0.00637	0.00371	0.00770
39	0.00998	0.00749	0.00898	0.00841	0.01006	0.00713	0.00623	0.01372	0.11294	0.02296	0.63295	0.03987	0.07289	0.01160	0.00692	0.00201	0.00336	0.00979	0.00635	0.00636
40	0.00793	0.00529	0.00595	0.00595	0.00595	0.00529	0.00330	0.00793	0.00793	0.01057	0.01718	0.03568	0.01982	0.80840	0.02775	0.00529	0.00529	0.00793	0.00330	0.00330
41	0.00686	0.00495	0.00646	0.00758	0.00806	0.00463	0.00522	0.00793	0.01063	0.01402	0.03108	0.65746	0.08518	0.05281	0.00792	0.00235	0.00338	0.07407	0.00498	0.00444
42	0.01199	0.25480	0.56278	0.01374	0.02082	0.01524	0.01702	0.01699	0.01138	0.01598	0.00915	0.01071	0.00693	0.00503	0.00469	0.00156	0.00741	0.00371	0.00231	0.00775
43	0.00823	0.00583	0.00632	0.00628	0.00640	0.02477	0.00365	0.00836	0.00816	0.01074	0.01684	0.03434	0.01920	0.75127	0.06395	0.00536	0.00585	0.00772	0.00327	0.00345
44	0.01030	0.00969	0.01635	0.79530	0.03755	0.01211	0.01514	0.01393	0.01090	0.01393	0.00969	0.01453	0.00727	0.00545	0.00545	0.00182	0.00727	0.00484	0.00242	0.00606
45	0.01093	0.02820	0.78016	0.01554	0.02360	0.01266	0.02014	0.01727	0.01151	0.01727	0.00978	0.01151	0.00691	0.00518	0.00518	0.00173	0.00806	0.00403	0.00230	0.00806
46	0.01241	0.01097	0.01393	0.01127	0.06633	0.02368	0.05919	0.06768	0.01260	0.01885	0.01004	0.01179	0.00819	0.00434	0.00441	0.00101	0.00481	0.00369	0.00331	0.65148
47	0.00793	0.00529	0.00595	0.00595	0.00595	0.00529	0.00330	0.00793	0.00793	0.01057	0.01718	0.03568	0.01982	0.80840	0.02775	0.00529	0.00529	0.00793	0.00330	0.00330
48	0.00664	0.00474	0.00633	0.00759	0.00791	0.00443	0.00506	0.00759	0.01044	0.01392	0.03005	0.80485	0.03606	0.01708	0.00696	0.00221	0.00316	0.01550	0.00506	0.00443
49	0.00660	0.00546	0.00579	0.00585	0.00750	0.00465	0.00433	0.00808	0.01258	0.01544	0.13195	0.11747	0.62789	0.01380	0.00649	0.00186	0.00278	0.01168	0.00517	0.00465
50	0.00779	0.00584	0.00876	0.00876	0.00974	0.00681	0.00681	0.00974	0.00876	0.01266	0.01460	0.02142	0.01363	0.04089	0.78680	0.00876	0.01460	0.00584	0.00292	0.00487
51	0.84691	0.01054	0.00801	0.00717	0.01054	0.01223	0.00590	0.01603	0.00928	0.02446	0.00759	0.00886	0.00590	0.00506	0.00337	0.00169	0.00422	0.00295	0.00337	0.00590
52	0.01188	0.23112	0.58550	0.01393	0.02111	0.01497	0.01734	0.01702	0.01140	0.01612	0.00921	0.01079	0.00693	0.00505	0.00474	0.00158	0.00748	0.00374	0.00231	0.00778
53	0.00779	0.00583	0.00869	0.00869	0.00964	0.00678	0.00673	0.00969	0.00874	0.01261	0.01466	0.02176	0.01378	0.05921	0.76868	0.00868	0.01438	0.00589	0.00293	0.00483
54	0.01016	0.00508	0.00508	0.00508	0.00635	0.00508	0.00381	0.01270	0.01143	0.02033	0.01778	0.02033	0.01397	0.00635	0.00381	0.00127	0.00254	0.00508	0.83867	0.00508
55	0.02091	0.01498	0.01618	0.01241	0.01676	0.01648	0.01025	0.72087	0.02515	0.07039	0.01350	0.01335	0.00948	0.00655	0.00546	0.00164	0.00593	0.00494	0.00552	0.00927
56	0.01364	0.01007	0.01043	0.01068	0.08809	0.07856	0.00740	0.17983	0.01508	0.02228	0.01582	0.03726	0.01290	0.00674	0.00465	0.00147	0.00447	0.03111	0.44305	0.00647
57	0.00753	0.00538	0.00735	0.00861	0.00932	0.00520	0.00661	0.00913	0.01132	0.01492	0.02956	0.49547	0.03411	0.01624	0.00720	0.00234	0.00394	0.31607	0.00504	0.00467
58	0.00927	0.00742	0.00858	0.00885	0.01027	0.00791	0.00639	0.01574	0.29762	0.01733	0.02795	0.47948	0.05477	0.01328	0.00640	0.00206	0.00359	0.01180	0.00525	0.00603
59	0.34650	0.04457	0.09112	0.02911	0.01519	0.19622	0.00955	0.10587	0.06414	0.03708	0.00998	0.01096	0.00762	0.00557	0.00441	0.00161	0.00629	0.00374	0.00353	0.00692
60	0.02446	0.00928	0.01265	0.00970	0.01392	0.00801	0.00801	0.02657	0.01560	0.77817	0.02151	0.01856	0.01350	0.00675	0.00548	0.00169	0.00464	0.00548	0.00675	0.00928
61	0.00865	0.00731	0.00770	0.00729	0.00942	0.00724	0.00556	0.01421	0.22866	0.01797	0.13830	0.04173	0.46223	0.01162	0.00618	0.00183	0.00318	0.00976	0.00532	0.00583
62	0.01411	0.71045	0.12568	0.01013	0.01523	0.02042	0.01073	0.01645	0.01113	0.01340	0.00786	0.00910	0.00698	0.00473	0.00372	0.00124	0.00612	0.00306	0.00233	0.00713
63	0.04847	0.00868	0.00976	0.00930	0.01109	0.04051	0.00716	0.01655	0.24784	0.01726	0.08413	0.02516	0.01880	0.08779	0.29732	0.00470	0.00832	0.04692	0.00418	0.00606
64	0.00664	0.00474	0.00633	0.00759	0.00791	0.00443	0.00506	0.00759	0.01044	0.01392	0.03005	0.80485	0.03606	0.01708	0.00696	0.00221	0.00316	0.01550	0.00506	0.00443
65	0.05388	0.00965	0.01408	0.33662	0.02368	0.01012	0.01095	0.03899	0.01362	0.40917	0.01578	0.01633	0.01047	0.00613	0.00538	0.00174	0.00575	0.00509	0.00477	0.00779
66	0.01408	0.70505	0.13086	0.01017	0.01530	0.02036	0.01080	0.01645	0.01114	0.01343	0.00788	0.00912	0.00698	0.00473	0.00373	0.00124	0.00613	0.00307	0.00233	0.00714
67	0.00823	0.00608	0.00834	0.00750	0.00913	0.00555	0.03930	0.01074	0.01494	0.04079	0.62649	0.04043	0.13948	0.01107	0.00641	0.00174	0.00295	0.00980	0.00575	0.00529
68	0.00999	0.00510	0.00510	0.00510	0.00640	0.00506	0.00383	0.01248	0.01148	0.02007	0.01949	0.02179	0.04858	0.00669	0.00393	0.00130	0.00255	0.00537	0.80062	0.00506
69	0.01372	0.01346	0.02166	0.05372	0.71938	0.04823	0.01640	0.01688	0.01251	0.01750	0.01016	0.01335	0.00852	0.00491	0.00538	0.00161	0.00665	0.00480	0.00270	0.00846
70	0.01290	0.01235	0.02106	0.17499	0.63751	0.01280	0.01644	0.01621	0.01213	0.01709	0.01015	0.01369	0.00838	0.00497	0.00541	0.00166	0.00662	0.00486	0.00265	0.00816
71	0.02050	0.02204	0.01578	0.01349	0.01687	0.50350	0.01047	0.29186	0.01919	0.02107	0.01014	0.01103	0.00785	0.00596	0.00511	0.00149	0.00842	0.00403	0.00378	0.00741
72	0.01445	0.01520	0.05939	0.01818	0.02308	0.07117	0.44469	0.12420	0.01504	0.04587	0.06328	0.01570	0.01138	0.00547	0.00597	0.00171	0.00787	0.00593	0.00351	0.04792
73	0.01156	0.00832	0.00847	0.00767	0.01013	0.05009	0.00592	0.04799	0.09103	0.14125	0.04057	0.07590	0.45729	0.01136	0.00609	0.00180	0.00379	0.00942	0.00528	0.00608
74	0.00692	0.00554	0.00618	0.00602	0.00765	0.00480	0.00451	0.00874	0.01354	0.01738	0.32180	0.04810	0.50396	0.01282	0.00644	0.00179	0.00269	0.01089	0.00541	0.00480
75	0.01264	0.36828	0.41866	0.01366	0.05368	0.01655	0.01528	0.01683	0.01136	0.01536	0.00885	0.01040	0.00702	0.00494	0.00446	0.00148	0.00702	0.00358	0.00233	0.00762
76	0.01282	0.01504	0.05089	0.02279	0.02837	0.01376	0.73621	0.01746	0.01283	0.01746	0.01100	0.01463	0.00824	0.00461	0.00640	0.00184	0.00916	0.00637	0.00275	0.00737
77	0.00770	0.00570	0.00700	0.00781	0.00861	0.00565	0.00541	0.01061	0.10803	0.01542	0.02984	0.62366	0.07339	0.01513	0.00660	0.00210	0.00326	0.01357	0.04551	0.00501
78	0.00777	0.00561	0.00736	0.00701	0.00830	0.00520	0.00532	0.01034	0.01529	0.02159	0.73554	0.04173	0.05047	0.01134	0.00648	0.00175	0.00269	0.04512	0.00595	0.00514
79	0.01330	0.01453	0.06113	0.01822	0.02270	0.09003	0.47028	0.01691	0.01292	0.06841	0.01539	0.11770	0.03810	0.00680	0.00622	0.00183	0.00789	0.00730	0.00339	0.00694
80	0.01283	0.01344	0.02637	0.02619	0.33140	0.01307	0.39507	0.01668	0.01270	0.01772	0.05013	0.01549	0.01063	0.00517	0.00631	0.00176	0.02849	0.00592	0.00289	0.00772
81	0.01263	0.00746	0.00771	0.00682	0.00881	0.00784	0.00534	0.18611	0.01474	0.02360	0.01669	0.01864	0.01288	0.00640	0.00419	0.00136	0.00335	0.00504	0.64434	0.00606
82	0.01174	0.02258	0.46885	0.01863	0.02563	0.01313	0.32582	0.01735	0.01208	0.01735	0.01030	0.01284	0.00747	0.00494	0.00570	0.00177	0.00853	0.00503	0.00249	0.00776
83	0.01163	0.01105	0.01876	0.47823	0.34422	0.01246	0.01580	0.01510	0.01153	0.01554	0.00992	0.01410	0.00784	0.00520	0.00543	0.00173	0.00694	0.00485	0.00254	0.00713
84	0.01223	0.30656	0.51313	0.01333	0.02018	0.01583	0.01630	0.01693	0.01136	0.01569	0.00900	0.01053	0.00694	0.00500	0.00458	0.00153	0.00727	0.00363	0.00231	0.00768
85	0.00951	0.00837	0.01206	0.01107	0.01164	0.01093	0.00894	0.01114	0.00859	0.01285	0.01150	0.01747	0.01094	0.02784	0.46679	0.00611	0.34082	0.00540	0.00270	0.00532
86	0.02051	0.02152	0.01583	0.01342	0.01688	0.46621	0.01046	0.32744	0.01969	0.02209	0.01037	0.01119	0.00796	0.00600	0.00514	0.00150	0.00824	0.00409	0.00391	0.00755
87	0.10791	0.15611	0.04643	0.00763	0.01009	0.00935	0.00660	0.01256	0.01345	0.02018	0.45437	0.02834	0.03329	0.00863	0.00529	0.00158	0.00362	0.00717	0.06168	0.00570
88	0.84691	0.01054	0.00801	0.00717	0.01054	0.01223	0.00590	0.01603	0.00928	0.02446	0.00759	0.00886	0.00590	0.00506	0.00337	0.00169	0.00422	0.00295	0.00337	0.00590
89	0.01232	0.01175	0.02000	0.31362	0.50342	0.01264	0.01615	0.01570	0.01186	0.01638	0.01005	0.01388	0.00813	0.00508	0.00542	0.00169	0.00677	0.00485	0.00260	0.00769
90	0.00750	0.00592	0.00694	0.00777	0.00838	0.04245	0.00534	0.00877	0.01159	0.01534	0.16466	0.62653	0.03747	0.01544	0.00676	0.00208	0.00338	0.01389	0.00512	0.00465
91	0.01287	0.01471	0.03217	0.02298	0.02849	0.01379	0.75460	0.01746	0.01287	0.01746	0.01103	0.01471	0.00827	0.00460	0.00643	0.00184	0.00919	0.00643	0.00276	0.00735
92	0.00664	0.00474	0.00633	0.00759	0.00791	0.00443	0.00506	0.00759	0.01044	0.01392	0.03005	0.80485	0.03606	0.01708	0.00696	0.00221	0.00316	0.01550	0.00506	0.00443
93	0.01030	0.00969	0.01635	0.79530	0.03755	0.01211	0.01514	0.01393	0.01090	0.01393	0.00969	0.01453	0.00727	0.00545	0.00545	0.00182	0.00727	0.00484	0.00242	0.00606
94	0.01458	0.81168	0.02857	0.00933	0.01399	0.02157	0.00933	0.01632	0.01108	0.01283	0.00758	0.00875	0.00700	0.00466	0.00350	0.00117	0.00583	0.00292	0.00233	0.00700
95	0.00644	0.00552	0.00552	0.00552	0.00736	0.00460	0.00414	0.00782	0.01243	0.01473	0.05523	0.05247	0.77218	0.01381	0.00644	0.00184	0.00276	0.01151	0.00506	0.00460
96	0.00664	0.00474	0.00633	0.00759	0.00791	0.00443	0.00506	0.00759	0.01044	0.01392	0.03005	0.80485	0.03606	0.01708	0.00696	0.00221	0.00316	0.01550	0.00506	0.00443
97	0.02072	0.01527	0.01636	0.01254	0.01691	0.01691	0.01036	0.75622	0.02563	0.03436	0.01309	0.01309	0.00927	0.00654	0.00545	0.00164	0.00600	0.00491	0.00545	0.00927
98	0.00772	0.00557	0.00729	0.00686	0.00814	0.00514	0.00514	0.01029	0.01543	0.02186	0.77152	0.04072	0.05144	0.01115	0.00643	0.00171	0.00257	0.00986	0.00600	0.00514
99	0.01130	0.00969	0.01130	0.00807	0.01292	0.00727	0.00646	0.01373	0.01130	0.01776	0.00969	0.01130	0.00807	0.00404	0.00404	0.00081	0.00404	0.00323	0.00323	0.84173
100	0.00879	0.00628	0.00879	0.01004	0.01130	0.00628	0.00879	0.01130	0.01255	0.01632	0.02887	0.06150	0.03138	0.01506	0.00753	0.00251	0.00502	0.73770	0.00502	0.00502
101	0.01287	0.01471	0.03217	0.02298	0.02849	0.01379	0.75460	0.01746	0.01287	0.01746	0.01103	0.01471	0.00827	0.00460	0.00643	0.00184	0.00919	0.00643	0.00276	0.00735
102	0.01030	0.00969	0.01635	0.79530	0.03755	0.01211	0.01514	0.01393	0.01090	0.01393	0.00969	0.01453	0.00727	0.00545	0.00545	0.00182	0.00727	0.00484	0.00242	0.00606
103	0.00644	0.00552	0.00552	0.00552	0.00736	0.00460	0.00414	0.00782	0.01243	0.01473	0.05523	0.05247	0.77218	0.01381	0.00644	0.00184	0.00276	0.01151	0.00506	0.00460
104	0.00664	0.00474	0.00633	0.00759	0.00791	0.00443	0.00506	0.00759	0.01044	0.01392	0.03005	0.80485	0.03606	0.01708	0.00696	0.00221	0.00316	0.01550	0.00506	0.00443
105	0.01349	0.01295	0.02213	0.03346	0.77440	0.01295	0.01673	0.01673	0.01241	0.01781	0.01025	0.01349	0.00864	0.00486	0.00540	0.00162	0.00648	0.00486	0.00270	0.00864
106	0.00779	0.00584	0.00876	0.00876	0.00974	0.00681	0.00681	0.00974	0.00876	0.01266	0.01460	0.02142	0.01363	0.04089	0.78680	0.00876	0.01460	0.00584	0.00292	0.00487
107	0.01193	0.01193	0.01670	0.01431	0.01431	0.01670	0.01193	0.01312	0.00835	0.01312	0.00716	0.01193	0.00716	0.00954	0.01789	0.00239	0.79843	0.00477	0.00239	0.00596
108	0.00664	0.00474	0.00633	0.00759	0.00791	0.00443	0.00506	0.00759	0.01044	0.01392	0.03005	0.80485	0.03606	0.01708	0.00696	0.00221	0.00316	0.01550	0.00506	0.00443
109	0.00664	0.00474	0.00633	0.00759	0.00791	0.00443	0.00506	0.00759	0.01044	0.01392	0.03005	0.80485	0.03606	0.01708	0.00696	0.00221	0.00316	0.01550	0.00506	0.00443
110	0.00664	0.00474	0.00633	0.00759	0.00791	0.00443	0.00506	0.00759	0.01044	0.01392	0.03005	0.80485	0.03606	0.01708	0.00696	0.00221	0.00316	0.01550	0.00506	0.00443
111	0.01453	0.77523	0.02827	0.01043	0.04870	0.02118	0.00967	0.01634	0.01114	0.01305	0.00770	0.00896	0.00707	0.00467	0.00358	0.00119	0.00586	0.00300	0.00235	0.00707
112	0.01349	0.01295	0.02213	0.03346	0.77440	0.01295	0.01673	0.01673	0.01241	0.01781	0.01025	0.01349	0.00864	0.00486	0.00540	0.00162	0.00648	0.00486	0.00270	0.00864
113	0.00664	0.00474	0.00633	0.00759	0.00791	0.00443	0.00506	0.00759	0.01044	0.01392	0.03005	0.80485	0.03606	0.01708	0.00696	0.00221	0.00316	0.01550	0.00506	0.00443
114	0.00772	0.00557	0.00729	0.00686	0.00814	0.00514	0.00514	0.01029	0.01543	0.02186	0.77152	0.04072	0.05144	0.01115	0.00643	0.00171	0.00257	0.00986	0.00600	0.00514
115	0.01314	0.04954	0.02327	0.02687	0.46066	0.01420	0.15185	0.01618	0.01168	0.01665	0.00970	0.01321	0.00822	0.00567	0.00782	0.00178	0.15407	0.00504	0.00263	0.00783
116	0.01119	0.08231	0.72825	0.01511	0.02293	0.01328	0.01940	0.01720	0.01148	0.01696	0.00963	0.01132	0.00691	0.00514	0.00506	0.00169	0.00790	0.00395	0.00230	0.00798
117	0.01356	0.01171	0.01233	0.01109	0.01418	0.01356	0.00863	0.02897	0.76455	0.02281	0.02219	0.02034	0.01664	0.00740	0.00555	0.00185	0.00431	0.00616	0.00555	0.00863
118	0.01855	0.01338	0.01469	0.01138	0.01538	0.01435	0.00932	0.57835	0.02291	0.06239	0.11120	0.01676	0.01481	0.00697	0.00548	0.00159	0.00536	0.00546	0.00542	0.06623
119	0.01218	0.00968	0.01178	0.00855	0.01328	0.00743	0.02254	0.01463	0.01167	0.07024	0.01101	0.01313	0.00903	0.00451	0.00428	0.00093	0.00421	0.02171	0.00351	0.74569
120	0.03094	0.00981	0.01255	0.01098	0.01358	0.01037	0.07459	0.14912	0.20728	0.04861	0.08773	0.20942	0.02326	0.01025	0.00616	0.00194	0.00470	0.07660	0.00515	0.00696
121	0.01193	0.01193	0.01670	0.01431	0.01431	0.01670	0.01193	0.01312	0.00835	0.01312	0.00716	0.01193	0.00716	0.00954	0.01789	0.00239	0.79843	0.00477	0.00239	0.00596
122	0.01188	0.23082	0.58579	0.01393	0.02111	0.01497	0.01735	0.01702	0.01140	0.01612	0.00921	0.01080	0.00693	0.00505	0.00474	0.00158	0.00748	0.00374	0.00231	0.00778
123	0.01458	0.81168	0.02857	0.00933	0.01399	0.02157	0.00933	0.01632	0.01108	0.01283	0.00758	0.00875	0.00700	0.00466	0.00350	0.00117	0.00583	0.00292	0.00233	0.00700
124	0.00783	0.00567	0.00792	0.00792	0.00860	0.00636	0.00576	0.00919	0.00851	0.01203	0.01537	0.02569	0.01548	0.27075	0.55947	0.00772	0.01181	0.00647	0.00304	0.00440
125	0.01052	0.00992	0.01675	0.74269	0.08844	0.01217	0.01525	0.01412	0.01101	0.01420	0.00973	0.01446	0.00736	0.00541	0.00545	0.00180	0.00721	0.00485	0.00244	0.00623
126	0.36491	0.01277	0.01256	0.01006	0.01399	0.01418	0.00830	0.38386	0.01794	0.09578	0.01154	0.01181	0.00824	0.00594	0.00459	0.00166	0.00514	0.00414	0.00470	0.00787
127	0.00664	0.00474	0.00633	0.00759	0.00791	0.00443	0.00506	0.00759	0.01044	0.01392	0.03005	0.80485	0.03606	0.01708	0.00696	0.00221	0.00316	0.01550	0.00506	0.00443
128	0.01107	0.02727	0.72850	0.01605	0.02393	0.01274	0.07087	0.01728	0.01160	0.01728	0.00987	0.01173	0.00700	0.00514	0.00527	0.00173	0.00814	0.00419	0.00233	0.00801
129	0.01030	0.00969	0.01635	0.79530	0.03755	0.01211	0.01514	0.01393	0.01090	0.01393	0.00969	0.01453	0.00727	0.00545	0.00545	0.00182	0.00727	0.00484	0.00242	0.00606
130	0.02446	0.00928	0.01265	0.00970	0.01392	0.00801	0.00801	0.02657	0.01560	0.77817	0.02151	0.01856	0.01350	0.00675	0.00548	0.00169	0.00464	0.00548	0.00675	0.00928
131	0.01349	0.01295	0.02213	0.03346	0.77440	0.01295	0.01673	0.01673	0.01241	0.01781	0.01025	0.01349	0.00864	0.00486	0.00540	0.00162	0.00648	0.00486	0.00270	0.00864
132	0.01141	0.13010	0.68240	0.01473	0.02235	0.01382	0.01874	0.01714	0.01145	0.01669	0.00950	0.01115	0.00692	0.00511	0.00496	0.00165	0.00777	0.00388	0.00231	0.00792
133	0.02446	0.00928	0.01265	0.00970	0.01392	0.00801	0.00801	0.02657	0.01560	0.77817	0.02151	0.01856	0.01350	0.00675	0.00548	0.00169	0.00464	0.00548	0.00675	0.00928
134	0.00879	0.00628	0.00879	0.01004	0.01130	0.00628	0.00879	0.01130	0.01255	0.01632	0.02887	0.06150	0.03138	0.01506	0.00753	0.00251	0.00502	0.73770	0.00502	0.00502
135	0.00729	0.04233	0.00723	0.00619	0.00796	0.00558	0.00475	0.00913	0.01348	0.01728	0.31848	0.04612	0.47019	0.01240	0.00630	0.00176	0.00283	0.01050	0.00529	0.00491
136	0.01458	0.81168	0.02857	0.00933	0.01399	0.02157	0.00933	0.01632	0.01108	0.01283	0.00758	0.00875	0.00700	0.00466	0.00350	0.00117	0.00583	0.00292	0.00233	0.00700
137	0.00772	0.00557	0.00729	0.00686	0.00814	0.00514	0.00514	0.01029	0.01543	0.02186	0.77152	0.04072	0.05144	0.01115	0.00643	0.00171	0.00257	0.00986	0.00600	0.00514
138	0.02228	0.01278	0.01482	0.01136	0.01566	0.01321	0.00938	0.45254	0.02146	0.34393	0.01659	0.01536	0.01103	0.00663	0.00547	0.00166	0.00543	0.00515	0.00599	0.00927
139	0.01287	0.01471	0.03217	0.02298	0.02849	0.01379	0.75460	0.01746	0.01287	0.01746	0.01103	0.01471	0.00827	0.00460	0.00643	0.00184	0.00919	0.00643	0.00276	0.00735
140	0.00779	0.00584	0.00876	0.00876	0.00974	0.00681	0.00681	0.00974	0.00876	0.01266	0.01460	0.02142	0.01363	0.04089	0.78680	0.00876	0.01460	0.00584	0.00292	0.00487
141	0.00908	0.00732	0.00753	0.00682	0.00913	0.00688	0.00529	0.14611	0.01487	0.01836	0.04744	0.04519	0.63121	0.01247	0.00626	0.00180	0.00336	0.01029	0.00513	0.00547
142	0.02037	0.02598	0.01545	0.01404	0.01685	0.78652	0.01053	0.02177	0.01545	0.01334	0.00843	0.00983	0.00702	0.00562	0.00492	0.00140	0.00983	0.00351	0.00281	0.00632
143	0.01093	0.02820	0.78016	0.01554	0.02360	0.01266	0.02014	0.01727	0.01151	0.01727	0.00978	0.01151	0.00691	0.00518	0.00518	0.00173	0.00806	0.00403	0.00230	0.00806
144	0.00772	0.00557	0.00729	0.00686	0.00814	0.00514	0.00514	0.01029	0.01543	0.02186	0.77152	0.04072	0.05144	0.01115	0.00643	0.00171	0.00257	0.00986	0.00600	0.00514
145	0.01349	0.01295	0.02213	0.03346	0.77440	0.01295	0.01673	0.01673	0.01241	0.01781	0.01025	0.01349	0.00864	0.00486	0.00540	0.00162	0.00648	0.00486	0.00270	0.00864
146	0.01030	0.00969	0.01635	0.79530	0.03755	0.01211	0.01514	0.01393	0.01090	0.01393	0.00969	0.01453	0.00727	0.00545	0.00545	0.00182	0.00727	0.00484	0.00242	0.00606
147	0.01458	0.81168	0.02857	0.00933	0.01399	0.02157	0.00933	0.01632	0.01108	0.01283	0.00758	0.00875	0.00700	0.00466	0.00350	0.00117	0.00583	0.00292	0.00233	0.00700
148	0.01927	0.01387	0.01481	0.01152	0.01546	0.01528	0.00946	0.65412	0.02368	0.03243	0.01373	0.01408	0.00992	0.00652	0.00523	0.00159	0.00552	0.00493	0.11987	0.00870
149	0.01306	0.48560	0.34137	0.01191	0.01799	0.01786	0.01383	0.01672	0.01126	0.01467	0.00850	0.00990	0.00696	0.00488	0.00420	0.00140	0.00676	0.00338	0.00232	0.00744
150	0.01206	0.01231	0.01882	0.01550	0.01626	0.01630	0.11391	0.01372	0.00897	0.01372	0.00769	0.01231	0.00731	0.00886	0.01632	0.00231	0.69005	0.00500	0.00244	0.00615
151	0.00675	0.00482	0.00645	0.00771	0.00807	0.00452	0.00524	0.00777	0.01054	0.01403	0.02999	0.76883	0.03583	0.01698	0.00699	0.00223	0.00325	0.05049	0.00506	0.00446
152	0.00962	0.04742	0.00921	0.00779	0.00952	0.11317	0.00596	0.01184	0.01484	0.01933	0.53717	0.03645	0.13631	0.01042	0.00608	0.00166	0.00375	0.00886	0.00526	0.00533
153	0.00691	0.00554	0.00617	0.00601	0.00765	0.00480	0.00451	0.00873	0.01353	0.01735	0.31864	0.04815	0.50713	0.01283	0.00644	0.00179	0.00269	0.01090	0.00541	0.00480
154	0.00644	0.00552	0.00552	0.00552	0.00736	0.00460	0.00414	0.00782	0.01243	0.01473	0.05523	0.05247	0.77218	0.01381	0.00644	0.00184	0.00276	0.01151	0.00506	0.00460
155	0.01295	0.01447	0.03079	0.02442	0.13092	0.01367	0.65327	0.01736	0.01281	0.01751	0.01092	0.01454	0.00832	0.00463	0.00629	0.00181	0.00882	0.00622	0.00275	0.00753
156	0.01349	0.01295	0.02213	0.03346	0.77440	0.01295	0.01673	0.01673	0.01241	0.01781	0.01025	0.01349	0.00864	0.00486	0.00540	0.00162	0.00648	0.00486	0.00270	0.00864
157	0.00772	0.00557	0.00729	0.00686	0.00814	0.00514	0.00514	0.01029	0.01543	0.02186	0.77152	0.04072	0.05144	0.01115	0.00643	0.00171	0.00257	0.00986	0.00600	0.00514
158	0.01269	0.01258	0.03976	0.20931	0.58509	0.01275	0.01645	0.01610	0.01204	0.01690	0.01011	0.01368	0.00828	0.00500	0.00540	0.00167	0.00670	0.00483	0.00262	0.00802
159	0.01306	0.48560	0.34137	0.01191	0.01799	0.01786	0.01383	0.01672	0.01126	0.01467	0.00850	0.00990	0.00696	0.00488	0.00420	0.00140	0.00676	0.00338	0.00232	0.00744
160	0.02072	0.01527	0.01636	0.01254	0.01691	0.01691	0.01036	0.75622	0.02563	0.03436	0.01309	0.01309	0.00927	0.00654	0.00545	0.00164	0.00600	0.00491	0.00545	0.00927
161	0.00644	0.00552	0.00552	0.00552	0.00736	0.00460	0.00414	0.00782	0.01243	0.01473	0.05523	0.05247	0.77218	0.01381	0.00644	0.00184	0.00276	0.01151	0.00506	0.00460
162	0.00909	0.00668	0.00734	0.00696	0.00831	0.00654	0.00495	0.10494	0.01253	0.01628	0.06732	0.08224	0.27569	0.29815	0.01398	0.00308	0.00420	0.04250	0.02443	0.00479
163	0.03541	0.79163	0.02805	0.00927	0.01391	0.02134	0.00924	0.01632	0.01103	0.01312	0.00758	0.00875	0.00697	0.00467	0.00350	0.00118	0.00579	0.00292	0.00236	0.00697
164	0.00664	0.00476	0.00631	0.00754	0.00789	0.00443	0.00504	0.00760	0.01049	0.01394	0.03065	0.78688	0.05363	0.01700	0.00695	0.00221	0.00315	0.01540	0.00506	0.00443
165	0.01661	0.05527	0.01695	0.01402	0.01596	0.37598	0.02641	0.06871	0.01307	0.01477	0.00826	0.01094	0.00726	0.00718	0.01009	0.00181	0.32334	0.00414	0.00280	0.00643
166	0.00678	0.00496	0.00690	0.00793	0.00836	0.00463	0.02159	0.00781	0.01049	0.01400	0.02963	0.78743	0.03545	0.01680	0.00695	0.00221	0.00330	0.01530	0.00501	0.00449
167	0.00931	0.00756	0.00918	0.00792	0.01081	0.00607	0.00594	0.01113	0.01098	0.01614	0.01859	0.34088	0.02023	0.00971	0.00533	0.00143	0.00370	0.02656	0.00403	0.47450

[dist]
# distance from previous block
# <min> <max>
2	5

[block]
# block no. 3 follows, 44 sequences, length 46
# corresponding to MSA columns:
# 803-848
name=unknown_D
#
# <colnr> <probs for GDERKNQSTAVLIFYWHMCP>
#	G	D	E	R	K	N	Q	S	T	A	V	L	I	F	Y	W	H	M	C	P
0	0.05215	0.03953	0.01521	0.01307	0.01616	0.57517	0.01004	0.15009	0.01675	0.01772	0.00955	0.01074	0.00764	0.00577	0.00488	0.00145	0.00858	0.00378	0.03495	0.00679
1	0.01505	0.59267	0.11707	0.01082	0.01560	0.14179	0.01082	0.01730	0.01182	0.01344	0.00798	0.00925	0.00699	0.00488	0.00393	0.00127	0.00673	0.00314	0.00240	0.00702
2	0.00664	0.00474	0.00633	0.00759	0.00791	0.00443	0.00506	0.00759	0.01044	0.01392	0.03005	0.80485	0.03606	0.01708	0.00696	0.00221	0.00316	0.01550	0.00506	0.00443
3	0.00944	0.01035	0.13166	0.05746	0.01392	0.00800	0.03243	0.10005	0.01254	0.01702	0.02296	0.51093	0.02559	0.01283	0.00639	0.00203	0.00472	0.01147	0.00444	0.00578
4	0.01273	0.01440	0.03123	0.02289	0.04950	0.01353	0.71445	0.01719	0.01279	0.01738	0.01149	0.03455	0.00898	0.00492	0.00642	0.00184	0.00896	0.00662	0.00281	0.00732
5	0.00779	0.00582	0.00866	0.00866	0.00959	0.00676	0.00668	0.00967	0.00873	0.01258	0.01470	0.02196	0.01386	0.06996	0.75805	0.00863	0.01425	0.00592	0.00294	0.00481
6	0.84691	0.01054	0.00801	0.00717	0.01054	0.01223	0.00590	0.01603	0.00928	0.02446	0.00759	0.00886	0.00590	0.00506	0.00337	0.00169	0.00422	0.00295	0.00337	0.00590
7	0.01039	0.00982	0.01637	0.74818	0.03615	0.01239	0.01495	0.01388	0.01075	0.01388	0.00954	0.01438	0.00726	0.00570	0.00620	0.00185	0.05500	0.00484	0.00242	0.00605
8	0.00664	0.00474	0.00633	0.00759	0.00791	0.00443	0.00506	0.00759	0.01044	0.01392	0.03005	0.80485	0.03606	0.01708	0.00696	0.00221	0.00316	0.01550	0.00506	0.00443
9	0.00664	0.00474	0.00633	0.00759	0.00791	0.00443	0.00506	0.00759	0.01044	0.01392	0.03005	0.80485	0.03606	0.01708	0.00696	0.00221	0.00316	0.01550	0.00506	0.00443
10	0.00664	0.00474	0.00633	0.00759	0.00791	0.00443	0.00506	0.00759	0.01044	0.01392	0.03005	0.80485	0.03606	0.01708	0.00696	0.00221	0.00316	0.01550	0.00506	0.00443
11	0.01458	0.81168	0.02857	0.00933	0.01399	0.02157	0.00933	0.01632	0.01108	0.01283	0.00758	0.00875	0.00700	0.00466	0.00350	0.00117	0.00583	0.00292	0.00233	0.00700
12	0.84691	0.01054	0.00801	0.00717	0.01054	0.01223	0.00590	0.01603	0.00928	0.02446	0.00759	0.00886	0.00590	0.00506	0.00337	0.00169	0.00422	0.00295	0.00337	0.00590
13	0.01264	0.39556	0.42775	0.01263	0.01909	0.01684	0.01507	0.01682	0.01131	0.01518	0.00875	0.01021	0.00695	0.00494	0.00439	0.00146	0.00701	0.00351	0.00232	0.00756
14	0.00664	0.00474	0.00633	0.00759	0.00791	0.00443	0.00506	0.00759	0.01044	0.01392	0.03005	0.80485	0.03606	0.01708	0.00696	0.00221	0.00316	0.01550	0.00506	0.00443
15	0.01462	0.01646	0.01578	0.01388	0.01492	0.28448	0.01113	0.01593	0.01085	0.01317	0.00805	0.01177	0.00750	0.01007	0.05976	0.00243	0.47621	0.00440	0.00257	0.00602
