[name]
unknown

[dist]
# distance from previous block
# <min> <max>
0	136

[block]
# block no. 0 follows, 49 sequences, length 13
# corresponding to MSA columns:
# 141-153
name=unknown_A
#
# <colnr> <probs for GDERKNQSTAVLIFYWHMCP>
#	G	D	E	R	K	N	Q	S	T	A	V	L	I	F	Y	W	H	M	C	P
0	0.00732	0.00599	0.00929	0.00851	0.00979	0.00561	0.10919	0.00898	0.01094	0.01475	0.20130	0.34609	0.10404	0.10228	0.02999	0.00235	0.00404	0.01065	0.00437	0.00454
1	0.00722	0.00485	0.00555	0.00568	0.00572	0.00481	0.00324	0.00732	0.00761	0.01015	0.01725	0.11980	0.02005	0.73331	0.02361	0.00459	0.00469	0.00813	0.00324	0.00318
2	0.00715	0.00515	0.00706	0.00739	0.00807	0.00540	0.00546	0.00856	0.00936	0.01291	0.09843	0.18464	0.02345	0.17398	0.32072	0.00494	0.00760	0.10180	0.00370	0.00421
3	0.01424	0.71802	0.02487	0.00924	0.01333	0.12474	0.00880	0.01582	0.01082	0.01196	0.00714	0.00825	0.00649	0.00444	0.00342	0.00111	0.00590	0.00278	0.00222	0.00641
4	0.01512	0.19243	0.18464	0.04146	0.05513	0.12445	0.03548	0.25693	0.01532	0.01958	0.00949	0.01065	0.00726	0.00514	0.00457	0.00142	0.00659	0.00384	0.00317	0.00734
5	0.01481	0.06788	0.01698	0.03970	0.17060	0.20159	0.05605	0.12444	0.07058	0.03592	0.01028	0.01260	0.00844	0.03530	0.00712	0.00168	0.11165	0.00438	0.00313	0.00685
6	0.00861	0.00441	0.00651	0.00656	0.00657	0.00440	0.00435	0.00664	0.00675	0.00900	0.00987	0.04878	0.01021	0.05288	0.01949	0.78105	0.00436	0.00493	0.00234	0.00231
7	0.07498	0.01163	0.01682	0.25214	0.10875	0.06087	0.15082	0.05153	0.15812	0.01731	0.03915	0.01457	0.01014	0.00541	0.00509	0.00163	0.00619	0.00496	0.00322	0.00667
8	0.01120	0.06466	0.29670	0.01447	0.09985	0.01200	0.07332	0.01865	0.25097	0.01746	0.04269	0.05127	0.01227	0.00605	0.00505	0.00162	0.00580	0.00524	0.00339	0.00733
9	0.00639	0.00499	0.00581	0.00600	0.00724	0.00441	0.00440	0.00790	0.01184	0.01527	0.23911	0.22139	0.40043	0.01288	0.00611	0.00177	0.00266	0.03210	0.00492	0.00438
10	0.04031	0.01365	0.13445	0.01088	0.01463	0.04136	0.00987	0.17998	0.19930	0.16915	0.01679	0.01636	0.05674	0.00663	0.00588	0.00164	0.06526	0.00506	0.00447	0.00760
11	0.01635	0.01211	0.01318	0.01054	0.01424	0.01307	0.00853	0.39113	0.26814	0.08343	0.01512	0.01452	0.01099	0.00608	0.00494	0.00150	0.00476	0.00480	0.00495	0.10160
12	0.08702	0.01085	0.01346	0.01208	0.09937	0.01088	0.00886	0.26176	0.01665	0.40387	0.01528	0.01436	0.01021	0.00588	0.00491	0.00154	0.00486	0.00466	0.00521	0.00829

[dist]
# distance from previous block
# <min> <max>
0	2

[block]
# block no. 1 follows, 49 sequences, length 38
# corresponding to MSA columns:
# 156-193
name=unknown_B
#
# <colnr> <probs for GDERKNQSTAVLIFYWHMCP>
#	G	D	E	R	K	N	Q	S	T	A	V	L	I	F	Y	W	H	M	C	P
0	0.10027	0.00921	0.01260	0.01197	0.12536	0.00847	0.00842	0.02240	0.01349	0.60849	0.01721	0.01568	0.01120	0.00586	0.00489	0.00156	0.00451	0.00478	0.00542	0.00822
1	0.01147	0.12925	0.01798	0.01311	0.01406	0.01597	0.05843	0.01285	0.00837	0.01238	0.00692	0.01080	0.00668	0.00791	0.01399	0.00202	0.64554	0.00427	0.00223	0.00575
2	0.13407	0.01610	0.21803	0.03702	0.02309	0.01228	0.45375	0.01588	0.01109	0.01701	0.00945	0.01211	0.00701	0.00448	0.00524	0.00166	0.00755	0.00490	0.00253	0.00676
3	0.00722	0.00501	0.00624	0.00630	0.00662	0.00517	0.00407	0.00789	0.00821	0.01125	0.07322	0.08624	0.02027	0.52103	0.20502	0.00521	0.00660	0.00753	0.00328	0.00360
4	0.01322	0.31994	0.26781	0.01200	0.01713	0.01573	0.05959	0.14760	0.04517	0.01734	0.00932	0.01052	0.00728	0.00503	0.00474	0.00142	0.03239	0.00374	0.00281	0.00722
5	0.07515	0.03527	0.20840	0.18500	0.02061	0.07081	0.06444	0.01425	0.00990	0.01434	0.00850	0.01171	0.00690	0.00762	0.05133	0.00209	0.20104	0.00417	0.00235	0.00611
6	0.00625	0.00472	0.00581	0.00663	0.00741	0.00428	0.00469	0.00736	0.01038	0.01330	0.03482	0.53100	0.26033	0.01479	0.00635	0.00197	0.00295	0.06806	0.00469	0.00420
7	0.06594	0.01327	0.01524	0.01401	0.12750	0.01448	0.01009	0.56512	0.04835	0.05764	0.01207	0.01241	0.00873	0.00580	0.00495	0.00153	0.00543	0.00451	0.00463	0.00831
8	0.05412	0.00905	0.01182	0.00910	0.01299	0.00817	0.00751	0.07757	0.01491	0.71075	0.01890	0.01651	0.01197	0.00619	0.00501	0.00156	0.00438	0.00496	0.00605	0.00849
9	0.00645	0.00486	0.00545	0.00576	0.00656	0.00442	0.00383	0.00723	0.00973	0.01226	0.03394	0.25266	0.34495	0.26478	0.01224	0.00279	0.00339	0.01065	0.00419	0.00385
10	0.03537	0.00965	0.01147	0.00945	0.01279	0.00984	0.00759	0.07762	0.29913	0.38887	0.06750	0.01856	0.01538	0.00669	0.00512	0.00162	0.00415	0.00549	0.00565	0.00808
11	0.00729	0.00517	0.00687	0.00687	0.00734	0.00564	0.00475	0.00822	0.00775	0.01081	0.01470	0.02624	0.01541	0.41608	0.42788	0.00657	0.00938	0.00635	0.00288	0.00382
12	0.01352	0.82533	0.02650	0.00865	0.01298	0.02001	0.00865	0.01514	0.01027	0.01190	0.00703	0.00811	0.00649	0.00433	0.00324	0.00108	0.00541	0.00270	0.00216	0.00649
13	0.01106	0.02364	0.68230	0.01352	0.02052	0.01107	0.01695	0.01639	0.01093	0.07141	0.00984	0.01113	0.00692	0.00483	0.00475	0.00154	0.00697	0.00378	0.00249	0.06998
14	0.01302	0.00833	0.00992	0.00846	0.01093	0.00851	0.00666	0.12955	0.17367	0.16954	0.36858	0.02616	0.02856	0.00821	0.00549	0.00160	0.00356	0.00698	0.00554	0.00674
15	0.01085	0.01988	0.43906	0.01427	0.09072	0.12473	0.01420	0.01476	0.01114	0.01494	0.01295	0.15851	0.01225	0.00715	0.00516	0.00166	0.00665	0.03175	0.00279	0.00658
16	0.19369	0.18709	0.39285	0.05965	0.01836	0.01338	0.03946	0.01541	0.01016	0.01642	0.00825	0.00988	0.00629	0.00468	0.00417	0.00149	0.00627	0.00343	0.00238	0.00670
17	0.00993	0.00914	0.01287	0.04141	0.32626	0.05777	0.00979	0.01219	0.01196	0.01611	0.18755	0.15942	0.07476	0.00875	0.00559	0.00166	0.00461	0.04042	0.00379	0.00603
18	0.00639	0.00489	0.00562	0.00590	0.00688	0.00439	0.00410	0.00753	0.01079	0.01382	0.14279	0.26250	0.35983	0.13065	0.00897	0.00225	0.00298	0.01102	0.00458	0.00412
19	0.00723	0.00539	0.00796	0.00796	0.00881	0.00623	0.00612	0.00892	0.00808	0.01162	0.01369	0.02069	0.01300	0.08708	0.75358	0.00792	0.01300	0.00554	0.00273	0.00442
20	0.00735	0.00490	0.00552	0.00552	0.00552	0.00490	0.00306	0.00735	0.00735	0.00980	0.01593	0.03309	0.01838	0.82229	0.02574	0.00490	0.00490	0.00735	0.00306	0.00306
21	0.01766	0.01599	0.01342	0.01138	0.01450	0.29275	0.00893	0.22749	0.17016	0.11572	0.04005	0.01391	0.01103	0.00613	0.00510	0.00150	0.01806	0.00455	0.00433	0.00733
22	0.01352	0.82533	0.02650	0.00865	0.01298	0.02001	0.00865	0.01514	0.01027	0.01190	0.00703	0.00811	0.00649	0.00433	0.00324	0.00108	0.00541	0.00270	0.00216	0.00649
23	0.03479	0.00939	0.05774	0.23737	0.04074	0.03851	0.11786	0.01153	0.01040	0.01396	0.01704	0.34253	0.01806	0.00944	0.00569	0.00182	0.00544	0.01899	0.00336	0.00534
24	0.01126	0.15301	0.06736	0.11694	0.22221	0.04515	0.09872	0.01431	0.03027	0.01483	0.04267	0.09368	0.02661	0.00647	0.00506	0.00157	0.00590	0.03457	0.00292	0.00648
25	0.01152	0.12269	0.01899	0.01376	0.01507	0.01573	0.11684	0.01314	0.00867	0.01269	0.00719	0.01102	0.00676	0.00759	0.01329	0.00199	0.59054	0.00440	0.00225	0.00584
26	0.01242	0.01415	0.06529	0.05086	0.01784	0.16553	0.18944	0.01524	0.01158	0.01540	0.00906	0.01112	0.00724	0.00429	0.00456	0.00118	0.00631	0.00387	0.00273	0.39190
27	0.01544	0.02105	0.18443	0.01538	0.09287	0.39313	0.06636	0.06439	0.07030	0.01566	0.00963	0.01101	0.00750	0.00516	0.00483	0.00146	0.00783	0.00393	0.00283	0.00681
28	0.44597	0.00868	0.00829	0.00761	0.00998	0.01000	0.00601	0.03779	0.12092	0.01922	0.01134	0.01438	0.00962	0.06782	0.19948	0.00341	0.00639	0.00419	0.00337	0.00554
29	0.01622	0.01256	0.01517	0.25938	0.02162	0.01430	0.01099	0.53779	0.01954	0.02599	0.01116	0.01256	0.00802	0.00576	0.00506	0.00157	0.00593	0.00453	0.00419	0.00767
30	0.00607	0.00504	0.00531	0.00543	0.00693	0.00428	0.00400	0.00737	0.01147	0.01396	0.09245	0.14137	0.65286	0.01303	0.00603	0.00174	0.00260	0.01103	0.00475	0.00428
31	0.00744	0.00489	0.00548	0.00548	0.00553	0.00489	0.00308	0.00754	0.00749	0.01018	0.01596	0.03249	0.01816	0.78799	0.02480	0.00475	0.00480	0.00724	0.03866	0.00313
32	0.01807	0.01154	0.01307	0.01040	0.01388	0.01222	0.00843	0.48913	0.03535	0.19671	0.01618	0.12352	0.01299	0.00746	0.00526	0.00161	0.00490	0.00603	0.00527	0.00798
33	0.00622	0.00444	0.00593	0.00710	0.00742	0.00415	0.00479	0.00714	0.00974	0.01297	0.02784	0.79792	0.03332	0.01579	0.00647	0.00206	0.00298	0.03490	0.00469	0.00412
34	0.01163	0.22960	0.05237	0.16098	0.32585	0.01343	0.01260	0.01431	0.01083	0.01435	0.01125	0.01531	0.03809	0.00550	0.00490	0.00149	0.02109	0.04708	0.00255	0.00677
35	0.00852	0.00678	0.00971	0.21222	0.03904	0.00739	0.00792	0.01142	0.05709	0.04140	0.13270	0.10272	0.14461	0.01535	0.17737	0.00309	0.00626	0.00743	0.00378	0.00521
36	0.01315	0.38193	0.01933	0.07012	0.09486	0.06314	0.00908	0.01519	0.01104	0.06267	0.03255	0.01114	0.00859	0.00513	0.01555	0.00127	0.00543	0.00350	0.00276	0.17357
37	0.03988	0.23917	0.01589	0.02399	0.05709	0.13149	0.00823	0.01611	0.02766	0.13266	0.01241	0.10810	0.01116	0.01622	0.00512	0.00142	0.03591	0.00490	0.00338	0.10922

[dist]
# distance from previous block
# <min> <max>
7	15

[block]
# block no. 2 follows, 49 sequences, length 37
# corresponding to MSA columns:
# 210-246
name=unknown_C
#
# <colnr> <probs for GDERKNQSTAVLIFYWHMCP>
#	G	D	E	R	K	N	Q	S	T	A	V	L	I	F	Y	W	H	M	C	P
0	0.03420	0.01120	0.01493	0.53118	0.02799	0.05372	0.01240	0.22011	0.01401	0.01829	0.00973	0.01276	0.00720	0.00533	0.00498	0.00162	0.00647	0.00440	0.00305	0.00644
1	0.01360	0.07451	0.01259	0.00965	0.01280	0.01204	0.00777	0.14257	0.40763	0.07500	0.05854	0.01855	0.04612	0.00755	0.02597	0.00173	0.00448	0.00546	0.00478	0.05867
2	0.23846	0.01570	0.22154	0.03306	0.06387	0.03174	0.25495	0.01618	0.01083	0.05444	0.00940	0.01140	0.00695	0.00467	0.00475	0.00161	0.00665	0.00429	0.00277	0.00673
3	0.01670	0.03583	0.01391	0.01270	0.03957	0.52660	0.00941	0.02193	0.24211	0.01511	0.01165	0.01210	0.00921	0.00566	0.00472	0.00143	0.00743	0.00402	0.00335	0.00658
4	0.06283	0.06916	0.51651	0.01235	0.01850	0.01131	0.01464	0.01800	0.02886	0.18413	0.01144	0.01197	0.00788	0.00513	0.00468	0.00156	0.00638	0.00395	0.00315	0.00755
5	0.01330	0.00960	0.03092	0.00962	0.01216	0.01005	0.00794	0.22751	0.08984	0.11658	0.10176	0.02125	0.04072	0.01469	0.18960	0.00316	0.04880	0.04135	0.00448	0.00666
6	0.00650	0.00514	0.00585	0.00567	0.00715	0.00449	0.00426	0.00827	0.01277	0.01661	0.37932	0.04381	0.45876	0.01171	0.00597	0.00166	0.00248	0.00999	0.00508	0.00449
7	0.20453	0.01256	0.07208	0.05715	0.01630	0.01267	0.09458	0.18088	0.19946	0.06080	0.01266	0.01324	0.00932	0.00568	0.00502	0.00163	0.02570	0.00454	0.00397	0.00722
8	0.62276	0.10083	0.01085	0.00771	0.01113	0.01304	0.00653	0.14314	0.01135	0.02304	0.00790	0.00887	0.00612	0.00489	0.00347	0.00150	0.00436	0.00304	0.00335	0.00612
9	0.00655	0.00487	0.00620	0.00711	0.00791	0.00452	0.00526	0.00784	0.01052	0.01356	0.03280	0.48211	0.19960	0.01476	0.00646	0.00204	0.00323	0.17570	0.00469	0.00426
10	0.02039	0.00810	0.01100	0.00861	0.01212	0.00704	0.00704	0.02241	0.01445	0.67958	0.13375	0.02026	0.01773	0.00686	0.00522	0.00157	0.00402	0.00569	0.00616	0.00804
11	0.00726	0.00526	0.00731	0.00731	0.00792	0.00587	0.00530	0.00850	0.00788	0.01113	0.01430	0.02402	0.01445	0.28460	0.55804	0.00711	0.01083	0.00603	0.00282	0.00406
12	0.01352	0.82533	0.02650	0.00865	0.01298	0.02001	0.00865	0.01514	0.01027	0.01190	0.00703	0.00811	0.00649	0.00433	0.00324	0.00108	0.00541	0.00270	0.00216	0.00649
13	0.01031	0.00915	0.01142	0.00899	0.01165	0.00914	0.00717	0.01197	0.00932	0.01446	0.00906	0.01316	0.00844	0.09591	0.01000	0.00164	0.24430	0.00390	0.00277	0.50722
14	0.00677	0.00517	0.00691	0.00764	0.00789	0.00541	0.00531	0.00763	0.00933	0.01265	0.02484	0.68448	0.02961	0.06128	0.00868	0.00223	0.09276	0.01287	0.00433	0.00421
15	0.01435	0.27331	0.23630	0.01187	0.01639	0.28456	0.01179	0.01790	0.06370	0.01383	0.00878	0.00990	0.00708	0.00493	0.00426	0.00135	0.00716	0.00338	0.00251	0.00665
16	0.00984	0.05765	0.01527	0.61912	0.06892	0.01122	0.01303	0.01317	0.02443	0.01344	0.01108	0.01804	0.00943	0.00601	0.00516	0.00171	0.00634	0.08784	0.00258	0.00573
17	0.01652	0.01741	0.01541	0.12332	0.18458	0.41717	0.01127	0.01888	0.03339	0.10016	0.01002	0.01159	0.00777	0.00520	0.00480	0.00144	0.00746	0.00396	0.00301	0.00665
18	0.00622	0.00453	0.00587	0.00682	0.00731	0.00417	0.00462	0.00726	0.01022	0.01357	0.09083	0.68788	0.10179	0.01513	0.00637	0.00199	0.00286	0.01363	0.00476	0.00417
19	0.00727	0.00524	0.00721	0.00721	0.00780	0.00582	0.00518	0.00844	0.00786	0.01106	0.01438	0.02451	0.01466	0.31322	0.52971	0.00700	0.01051	0.00610	0.00283	0.00401
20	0.00878	0.00439	0.00659	0.00659	0.00659	0.00439	0.00439	0.00659	0.00659	0.00878	0.00878	0.01537	0.00878	0.01757	0.01976	0.85288	0.00439	0.00439	0.00220	0.00220
21	0.01642	0.01132	0.01258	0.01026	0.01362	0.01229	0.00827	0.33313	0.27287	0.14941	0.09006	0.01763	0.01522	0.00677	0.00518	0.00160	0.00454	0.00546	0.00533	0.00804
22	0.01252	0.58790	0.25513	0.01036	0.01562	0.01755	0.01163	0.01540	0.01039	0.01312	0.00764	0.00887	0.00646	0.00447	0.00371	0.00124	0.00602	0.00301	0.00215	0.00678
23	0.01246	0.01052	0.01618	0.09564	0.19568	0.01099	0.11944	0.10052	0.13898	0.05881	0.01608	0.04294	0.02512	0.00711	0.00555	0.00174	0.00562	0.12578	0.00383	0.00700
24	0.29725	0.01072	0.08889	0.14366	0.05661	0.01021	0.04719	0.04545	0.04229	0.01822	0.03281	0.14144	0.03197	0.00701	0.00469	0.00168	0.00492	0.00580	0.00334	0.00587
25	0.03549	0.01570	0.01786	0.01484	0.04388	0.23567	0.20715	0.10319	0.19503	0.01797	0.01190	0.01312	0.00918	0.00561	0.00575	0.00159	0.05086	0.00478	0.00345	0.00696
26	0.02624	0.01055	0.01692	0.39487	0.24030	0.01238	0.03138	0.05484	0.01089	0.01508	0.00894	0.01268	0.00718	0.00552	0.00680	0.00170	0.13029	0.00449	0.00249	0.00646
27	0.01398	0.01185	0.01794	0.11896	0.46854	0.01243	0.01339	0.19505	0.01432	0.04874	0.01089	0.03159	0.00876	0.00527	0.00506	0.00154	0.00586	0.00477	0.00327	0.00779
28	0.00613	0.00510	0.00536	0.00535	0.00694	0.00433	0.00399	0.00753	0.01181	0.01446	0.14253	0.07612	0.66774	0.01261	0.00599	0.00171	0.00255	0.01062	0.00480	0.00433
29	0.00753	0.00649	0.04766	0.00775	0.00872	0.00639	0.00607	0.00903	0.00839	0.01192	0.06011	0.02401	0.01589	0.26015	0.46472	0.00628	0.03558	0.00608	0.00294	0.00429
30	0.01028	0.00867	0.05067	0.01045	0.09596	0.00826	0.00716	0.14619	0.02489	0.01581	0.03138	0.02647	0.03387	0.37551	0.08334	0.00367	0.00589	0.05281	0.00350	0.00520
31	0.01320	0.00663	0.00851	0.00737	0.00969	0.00591	0.00575	0.03269	0.01359	0.32164	0.25322	0.11758	0.16385	0.00969	0.00566	0.00165	0.00330	0.00830	0.00557	0.00620
32	0.03499	0.02872	0.17065	0.01200	0.05606	0.01243	0.01072	0.37030	0.01706	0.07179	0.01364	0.01401	0.05479	0.00582	0.00483	0.00145	0.00546	0.00453	0.00406	0.10669
33	0.00636	0.00508	0.00558	0.00555	0.00695	0.00442	0.00407	0.00781	0.01186	0.01501	0.22780	0.08528	0.52229	0.06078	0.00718	0.00189	0.00268	0.01029	0.00481	0.00431
34	0.07745	0.65435	0.02354	0.02511	0.01326	0.03444	0.00877	0.01490	0.00999	0.01277	0.00705	0.00853	0.00643	0.00481	0.00455	0.00124	0.08136	0.00292	0.00225	0.00629
35	0.12429	0.01112	0.06750	0.09760	0.07683	0.01046	0.00945	0.06806	0.15869	0.23325	0.01421	0.01424	0.01008	0.00558	0.00470	0.00153	0.00485	0.00449	0.00427	0.07881
36	0.01166	0.05225	0.02752	0.01081	0.06649	0.05460	0.03195	0.19387	0.01387	0.03713	0.03971	0.33783	0.04867	0.02355	0.00589	0.00175	0.00459	0.00872	0.00425	0.02488

[dist]
# distance from previous block
# <min> <max>
14	57

[block]
# block no. 3 follows, 49 sequences, length 35
# corresponding to MSA columns:
# 304-338
name=unknown_D
#
# <colnr> <probs for GDERKNQSTAVLIFYWHMCP>
#	G	D	E	R	K	N	Q	S	T	A	V	L	I	F	Y	W	H	M	C	P
0	0.01021	0.15859	0.14394	0.22157	0.01996	0.01170	0.06558	0.01453	0.09265	0.01507	0.08463	0.06375	0.06408	0.00663	0.00499	0.00158	0.00557	0.00568	0.00315	0.00617
1	0.00873	0.00711	0.00860	0.00725	0.01003	0.00568	0.00545	0.01052	0.01051	0.01555	0.07705	0.29090	0.01960	0.00843	0.00485	0.00126	0.00336	0.00740	0.00378	0.49393
2	0.01667	0.39654	0.04693	0.04160	0.01426	0.01432	0.00882	0.07815	0.01274	0.28292	0.01221	0.01219	0.00890	0.00608	0.02577	0.00152	0.00539	0.00385	0.00382	0.00733
3	0.81864	0.00972	0.00763	0.00676	0.00993	0.01116	0.00557	0.01533	0.00888	0.05905	0.00765	0.00864	0.00581	0.00477	0.00322	0.00156	0.00393	0.00285	0.00328	0.00562
4	0.00641	0.00486	0.00591	0.00624	0.00725	0.00436	0.00445	0.00787	0.01167	0.01539	0.26755	0.34177	0.27148	0.01322	0.00616	0.00180	0.00265	0.01163	0.00496	0.00436
5	0.03873	0.01169	0.13361	0.00995	0.01436	0.00877	0.00925	0.05348	0.05028	0.58890	0.01769	0.01587	0.01139	0.00602	0.00500	0.00158	0.00482	0.00483	0.00545	0.00833
6	0.00643	0.00508	0.00579	0.00573	0.00714	0.00444	0.00425	0.00809	0.01242	0.01606	0.32287	0.10341	0.45609	0.01212	0.00601	0.00169	0.00252	0.01039	0.00502	0.00444
7	0.01352	0.82533	0.02650	0.00865	0.01298	0.02001	0.00865	0.01514	0.01027	0.01190	0.00703	0.00811	0.00649	0.00433	0.00324	0.00108	0.00541	0.00270	0.00216	0.00649
8	0.00950	0.01214	0.21885	0.00887	0.01221	0.00820	0.00878	0.12907	0.01318	0.01776	0.14944	0.02928	0.25051	0.10088	0.00776	0.00199	0.00458	0.00724	0.00402	0.00574
9	0.00943	0.00471	0.00471	0.00471	0.00589	0.00471	0.00353	0.01178	0.01060	0.01885	0.01650	0.01885	0.01296	0.00589	0.00353	0.00118	0.00236	0.00471	0.85036	0.00471
10	0.03288	0.00973	0.01724	0.66586	0.03285	0.01148	0.13161	0.01348	0.01035	0.01369	0.00913	0.01336	0.00685	0.00492	0.00515	0.00169	0.00694	0.00468	0.00232	0.00580
11	0.00955	0.00899	0.01517	0.81013	0.03483	0.01123	0.01404	0.01292	0.01011	0.01292	0.00899	0.01348	0.00674	0.00506	0.00506	0.00169	0.00674	0.00449	0.00225	0.00562
12	0.01253	0.01312	0.01782	0.05933	0.27647	0.13502	0.10072	0.01530	0.03877	0.01464	0.01049	0.04559	0.00951	0.00652	0.00782	0.00173	0.18914	0.03620	0.00272	0.00656
13	0.00615	0.00443	0.00584	0.00697	0.00732	0.00411	0.00466	0.00705	0.00975	0.01293	0.02868	0.79217	0.05974	0.01574	0.00644	0.00204	0.00292	0.01425	0.00469	0.00411
14	0.00723	0.00538	0.00793	0.00793	0.00877	0.00621	0.00608	0.00890	0.00807	0.01159	0.01372	0.02086	0.01307	0.09700	0.74376	0.00788	0.01289	0.00556	0.00274	0.00441
15	0.00855	0.00451	0.00662	0.00662	0.00669	0.00458	0.00443	0.00683	0.00677	0.00909	0.00971	0.01711	0.00984	0.08271	0.07995	0.72140	0.00513	0.00470	0.00230	0.00244
16	0.01283	0.01099	0.01158	0.01034	0.01325	0.01270	0.00806	0.05520	0.75287	0.02156	0.02026	0.01861	0.01518	0.00683	0.00514	0.00171	0.00406	0.00567	0.00514	0.00803
17	0.01688	0.02115	0.01290	0.01180	0.01427	0.67807	0.00885	0.01818	0.01389	0.01258	0.01456	0.01526	0.12802	0.00639	0.00478	0.00137	0.00810	0.00441	0.00293	0.00561
18	0.06519	0.01096	0.01176	0.00942	0.01253	0.01190	0.00765	0.48019	0.01923	0.04230	0.13319	0.01701	0.01523	0.00663	0.00485	0.00148	0.00446	0.00519	0.13358	0.00723
19	0.01423	0.01609	0.01309	0.01243	0.04943	0.40009	0.03776	0.01787	0.13164	0.01390	0.01150	0.01384	0.00965	0.01416	0.21838	0.00322	0.00934	0.00438	0.00302	0.00597
20	0.00757	0.00736	0.06734	0.00722	0.00902	0.00589	0.01848	0.00922	0.01045	0.01417	0.14522	0.11657	0.21715	0.18477	0.04247	0.00258	0.03121	0.00831	0.00392	0.09107
21	0.04544	0.07754	0.01705	0.01633	0.18706	0.13069	0.09225	0.04405	0.21155	0.01721	0.02471	0.01537	0.01087	0.00596	0.00561	0.00159	0.05120	0.03506	0.00341	0.00704
22	0.01479	0.01617	0.01410	0.02785	0.02905	0.32027	0.00988	0.04779	0.20359	0.01532	0.01087	0.01236	0.00888	0.00668	0.00820	0.00169	0.23854	0.00430	0.00321	0.00644
23	0.05074	0.01059	0.01220	0.00918	0.01333	0.00999	0.00751	0.26139	0.01573	0.22369	0.01277	0.01267	0.00907	0.00519	0.00449	0.00124	0.00448	0.00403	0.00451	0.32717
24	0.01846	0.01623	0.01475	0.01232	0.01579	0.18896	0.00968	0.40749	0.21221	0.02563	0.01438	0.01470	0.01091	0.00681	0.00545	0.00173	0.00632	0.00492	0.00489	0.00838
25	0.00638	0.00514	0.00569	0.00555	0.00708	0.00444	0.00416	0.00804	0.01248	0.01594	0.30462	0.04492	0.53388	0.01196	0.00597	0.00167	0.00250	0.01015	0.00500	0.00444
26	0.01102	0.02029	0.46333	0.01209	0.01718	0.13269	0.01363	0.01524	0.01222	0.03227	0.20197	0.01728	0.01677	0.00627	0.00506	0.00155	0.00641	0.00503	0.00314	0.00658
27	0.00959	0.00876	0.01447	0.62624	0.02961	0.01044	0.04401	0.03751	0.01129	0.01482	0.13017	0.01722	0.01321	0.00588	0.00523	0.00167	0.00610	0.00528	0.00287	0.00563
28	0.01135	0.00623	0.00747	0.00662	0.00892	0.00536	0.00522	0.01302	0.01279	0.25518	0.13370	0.03789	0.42949	0.01052	0.00574	0.00167	0.00315	0.03473	0.00529	0.00568
29	0.13408	0.23086	0.01643	0.00982	0.01364	0.08736	0.00841	0.25958	0.03160	0.14618	0.01110	0.01120	0.00819	0.00538	0.00427	0.00140	0.00539	0.00380	0.00399	0.00734
30	0.00662	0.00473	0.00638	0.00750	0.00801	0.00450	0.00543	0.00786	0.01026	0.01364	0.05466	0.62923	0.03303	0.01525	0.00655	0.00210	0.00328	0.17201	0.00472	0.00425
31	0.01682	0.36673	0.01952	0.01077	0.01435	0.33442	0.00915	0.10309	0.01366	0.05645	0.00862	0.00946	0.00706	0.00498	0.00408	0.00125	0.00686	0.00326	0.00289	0.00659
32	0.72667	0.01004	0.00877	0.00885	0.07175	0.01149	0.00646	0.01583	0.06783	0.02208	0.00827	0.00937	0.00644	0.00484	0.00343	0.00157	0.00408	0.00311	0.00323	0.00587
33	0.01390	0.08144	0.02825	0.01503	0.16310	0.04761	0.04099	0.15195	0.33070	0.02038	0.01450	0.01529	0.01127	0.00602	0.00523	0.00159	0.02327	0.01772	0.00404	0.00772
34	0.15555	0.08524	0.05478	0.01215	0.10341	0.22208	0.03758	0.01486	0.01213	0.01640	0.14799	0.01822	0.08695	0.00651	0.00470	0.00147	0.00565	0.00511	0.00333	0.00589

[dist]
# distance from previous block
# <min> <max>
5	9

[block]
# block no. 4 follows, 49 sequences, length 82
# corresponding to MSA columns:
# 348-429
name=unknown_E
#
# <colnr> <probs for GDERKNQSTAVLIFYWHMCP>
#	G	D	E	R	K	N	Q	S	T	A	V	L	I	F	Y	W	H	M	C	P
0	0.05524	0.04666	0.32748	0.01458	0.11476	0.01246	0.02746	0.08095	0.20638	0.04594	0.01251	0.01316	0.00926	0.00541	0.00483	0.00159	0.00591	0.00440	0.00338	0.00766
1	0.04720	0.40965	0.06124	0.01172	0.02629	0.18211	0.09570	0.04152	0.02246	0.03624	0.00841	0.00972	0.00697	0.00476	0.00425	0.00130	0.01783	0.00346	0.00259	0.00656
2	0.00732	0.00596	0.00751	0.00726	0.00834	0.00616	0.00562	0.00901	0.01182	0.01592	0.31298	0.12351	0.26577	0.01174	0.00762	0.00182	0.11874	0.06359	0.00466	0.00465
3	0.00921	0.21600	0.01340	0.00858	0.01028	0.01058	0.00721	0.01091	0.00908	0.01242	0.06833	0.01755	0.01317	0.03803	0.44941	0.00521	0.08786	0.00493	0.00274	0.00511
4	0.01024	0.00952	0.09304	0.01315	0.12394	0.00793	0.04963	0.03286	0.03947	0.07201	0.02074	0.20697	0.02133	0.01055	0.00605	0.00194	0.00494	0.26565	0.00413	0.00593
5	0.01049	0.00899	0.01049	0.00749	0.01198	0.00674	0.00599	0.01273	0.01049	0.01648	0.00899	0.01049	0.00749	0.00374	0.00374	0.00075	0.00374	0.00300	0.00300	0.85320
6	0.01064	0.01000	0.01518	0.30707	0.20997	0.02634	0.01235	0.01413	0.06416	0.01492	0.06807	0.01772	0.01209	0.00664	0.00714	0.00176	0.13955	0.05313	0.00291	0.00623
7	0.73840	0.00961	0.00805	0.00699	0.01023	0.01078	0.00576	0.01626	0.00945	0.13317	0.00889	0.00950	0.00648	0.00492	0.00341	0.00156	0.00397	0.00307	0.00358	0.00592
8	0.00606	0.00513	0.00524	0.00521	0.00688	0.00431	0.00391	0.00743	0.01173	0.01415	0.10553	0.04786	0.73409	0.01262	0.00598	0.00170	0.00255	0.01056	0.00476	0.00431
9	0.01182	0.00751	0.00907	0.00791	0.01015	0.00749	0.00617	0.06302	0.16953	0.16430	0.41069	0.02904	0.06473	0.00872	0.00558	0.00161	0.00327	0.00748	0.00554	0.00635
10	0.00719	0.00526	0.00681	0.00667	0.00791	0.00487	0.00517	0.00946	0.01367	0.01892	0.61024	0.04155	0.11426	0.01109	0.00611	0.00171	0.00273	0.11633	0.00535	0.00471
11	0.01352	0.82533	0.02650	0.00865	0.01298	0.02001	0.00865	0.01514	0.01027	0.01190	0.00703	0.00811	0.00649	0.00433	0.00324	0.00108	0.00541	0.00270	0.00216	0.00649
12	0.01124	0.01196	0.02201	0.01686	0.01941	0.01359	0.38157	0.01393	0.00981	0.01410	0.00883	0.01288	0.00753	0.00848	0.06180	0.00234	0.36992	0.00524	0.00241	0.00609
13	0.02976	0.00639	0.01046	0.00955	0.01087	0.00644	0.12957	0.00936	0.00936	0.01309	0.01913	0.35995	0.02097	0.08511	0.25105	0.00407	0.00727	0.00941	0.00357	0.00462
14	0.01614	0.01370	0.01477	0.16273	0.07267	0.12040	0.01056	0.34223	0.12210	0.05572	0.01227	0.01314	0.00903	0.00577	0.00500	0.00155	0.00603	0.00454	0.00408	0.00755
15	0.01457	0.44233	0.02100	0.12534	0.03723	0.25753	0.00995	0.01638	0.01152	0.01231	0.00762	0.00930	0.00657	0.00471	0.00395	0.00125	0.00675	0.00318	0.00232	0.00621
16	0.00974	0.00918	0.01551	0.76017	0.08330	0.01128	0.01414	0.01309	0.01020	0.01315	0.00902	0.01342	0.00682	0.00502	0.00505	0.00167	0.00669	0.00449	0.00226	0.00577
17	0.00607	0.00474	0.00551	0.00613	0.00709	0.00418	0.00429	0.00714	0.01056	0.01327	0.03900	0.45195	0.39330	0.01440	0.00623	0.00189	0.00276	0.01261	0.00469	0.00418
18	0.00727	0.00525	0.00726	0.00726	0.00786	0.00585	0.00524	0.00847	0.00787	0.01110	0.01434	0.02427	0.01455	0.29900	0.54379	0.00705	0.01067	0.00606	0.00283	0.00403
19	0.00835	0.00457	0.00660	0.00658	0.00685	0.00455	0.00452	0.00702	0.00760	0.01016	0.06641	0.01971	0.06924	0.01819	0.07440	0.66988	0.00478	0.00526	0.00265	0.00270
20	0.00898	0.00558	0.00696	0.00646	0.00811	0.00496	0.00490	0.01088	0.01320	0.12871	0.41710	0.10267	0.24042	0.01087	0.00588	0.00166	0.00275	0.00941	0.00536	0.00513
21	0.01134	0.43269	0.25813	0.01000	0.01472	0.01473	0.01102	0.01440	0.01113	0.01467	0.14897	0.01426	0.01392	0.00556	0.00421	0.00133	0.00549	0.00418	0.00277	0.00648
22	0.01338	0.43832	0.02202	0.01570	0.25052	0.08104	0.01055	0.01546	0.01135	0.02839	0.06237	0.01177	0.00993	0.00491	0.00411	0.00127	0.00567	0.00379	0.00262	0.00682
23	0.01052	0.01014	0.01813	0.16575	0.34898	0.01034	0.14989	0.01337	0.01095	0.01504	0.01344	0.18391	0.01311	0.00697	0.00550	0.00169	0.00594	0.00686	0.00293	0.00653
24	0.07369	0.03688	0.02866	0.01436	0.13974	0.06449	0.14667	0.01388	0.01090	0.06515	0.08450	0.01747	0.01326	0.04843	0.21600	0.00342	0.00802	0.00531	0.00316	0.00600
25	0.73618	0.00915	0.00753	0.00686	0.00967	0.01062	0.00560	0.01403	0.00854	0.02112	0.00797	0.00988	0.00650	0.00945	0.11756	0.00250	0.00529	0.00312	0.00307	0.00534
26	0.01039	0.01036	0.01070	0.25337	0.01771	0.17203	0.00872	0.01257	0.01216	0.02828	0.13987	0.02811	0.20256	0.00846	0.00546	0.00164	0.00536	0.06338	0.00367	0.00520
27	0.01199	0.00896	0.01202	0.17099	0.01567	0.01063	0.00874	0.12127	0.01112	0.09579	0.01205	0.01866	0.01096	0.23083	0.03957	0.00287	0.20363	0.00536	0.00330	0.00560
28	0.00730	0.00511	0.00657	0.00657	0.00694	0.00548	0.00438	0.00803	0.00767	0.01059	0.01496	0.02773	0.01606	0.50440	0.34045	0.00621	0.00840	0.00657	0.00292	0.00365
29	0.01766	0.01195	0.01292	0.01054	0.01406	0.04276	0.00849	0.28565	0.29642	0.21832	0.01700	0.01574	0.01199	0.00637	0.00508	0.00159	0.00482	0.00506	0.00530	0.00828
30	0.00655	0.00511	0.00594	0.00580	0.00720	0.00450	0.00433	0.00834	0.01277	0.01678	0.40194	0.07917	0.39991	0.01177	0.00599	0.00167	0.00249	0.01011	0.00511	0.00450
31	0.01067	0.13863	0.59194	0.01408	0.04155	0.01268	0.04836	0.01560	0.01074	0.01540	0.00974	0.01285	0.00767	0.00517	0.00475	0.00157	0.00704	0.04209	0.00230	0.00718
32	0.01922	0.01416	0.01518	0.01163	0.01568	0.01568	0.00961	0.77388	0.02378	0.03187	0.01214	0.01214	0.00860	0.00607	0.00506	0.00152	0.00556	0.00455	0.00506	0.00860
33	0.01876	0.00887	0.01131	0.00921	0.01251	0.00841	0.00751	0.12798	0.05747	0.49937	0.05228	0.07930	0.01630	0.00768	0.00535	0.00166	0.00431	0.05813	0.00577	0.00780
34	0.01540	0.12801	0.01742	0.14627	0.15610	0.28367	0.03105	0.06584	0.01308	0.06887	0.00971	0.01200	0.00779	0.00519	0.00469	0.00143	0.00701	0.01691	0.00291	0.00666
35	0.00830	0.00543	0.00699	0.00755	0.00838	0.00521	0.00529	0.06482	0.01108	0.06863	0.02615	0.69374	0.03010	0.01443	0.00626	0.00198	0.00325	0.02281	0.00483	0.00476
36	0.01214	0.55735	0.23254	0.01010	0.01502	0.01676	0.01110	0.01486	0.01034	0.01307	0.00892	0.06080	0.00820	0.00519	0.00387	0.00128	0.00581	0.00373	0.00232	0.00660
37	0.59792	0.00837	0.00716	0.00651	0.00907	0.00932	0.00523	0.01315	0.01024	0.02170	0.21737	0.01767	0.04692	0.00651	0.00400	0.00158	0.00345	0.00476	0.00384	0.00524
38	0.01744	0.01545	0.04835	0.01234	0.01626	0.11476	0.05698	0.49753	0.12463	0.02630	0.01250	0.01271	0.00912	0.00590	0.00505	0.00153	0.00607	0.00460	0.00448	0.00801
39	0.01366	0.72900	0.02512	0.00919	0.01314	0.06277	0.00887	0.01523	0.01034	0.01194	0.00705	0.00836	0.00650	0.00467	0.00417	0.00117	0.05740	0.00284	0.00219	0.00639
40	0.00942	0.00881	0.01541	0.45743	0.04869	0.00989	0.13524	0.01228	0.01033	0.01362	0.06408	0.04896	0.01242	0.12270	0.00828	0.00215	0.00630	0.00584	0.00274	0.00540
41	0.01098	0.01262	0.08317	0.26557	0.09473	0.01223	0.31344	0.01509	0.04053	0.01504	0.01007	0.02438	0.00789	0.00517	0.00627	0.00172	0.06686	0.00520	0.00253	0.00652
42	0.01029	0.00781	0.00885	0.00826	0.01029	0.00828	0.00627	0.01762	0.35763	0.06836	0.18747	0.15567	0.11296	0.00969	0.00562	0.00173	0.00334	0.00837	0.00518	0.00630
43	0.00711	0.00798	0.11907	0.00726	0.00917	0.00552	0.00634	0.00917	0.01144	0.01545	0.26049	0.19364	0.21936	0.09568	0.00796	0.00206	0.00353	0.00962	0.00442	0.00472
44	0.00696	0.00573	0.00849	0.00801	0.00934	0.00522	0.08764	0.00861	0.01132	0.01499	0.19227	0.39386	0.20270	0.01274	0.00619	0.00184	0.00334	0.01153	0.00465	0.00458
45	0.01308	0.01321	0.08924	0.06937	0.34244	0.01273	0.02851	0.13174	0.18812	0.01948	0.01228	0.01377	0.00951	0.00545	0.00537	0.00160	0.02810	0.00474	0.00343	0.00781
46	0.38949	0.26019	0.04884	0.01140	0.12347	0.01438	0.00871	0.06377	0.01059	0.01882	0.00780	0.00915	0.00639	0.00465	0.00363	0.00141	0.00492	0.00314	0.00283	0.00643
47	0.01003	0.01041	0.09173	0.01564	0.24958	0.04164	0.00996	0.01314	0.06770	0.03819	0.03572	0.34222	0.03367	0.00968	0.00561	0.00175	0.00470	0.00871	0.00377	0.00616
48	0.01259	0.33475	0.01849	0.06926	0.01429	0.13284	0.00927	0.01406	0.00990	0.01196	0.00823	0.01188	0.00777	0.06463	0.05968	0.00216	0.20633	0.00384	0.00235	0.00573
49	0.01318	0.01332	0.01829	0.17916	0.21203	0.12079	0.10891	0.09747	0.01232	0.01607	0.00904	0.01209	0.00732	0.00563	0.00716	0.00167	0.15164	0.00451	0.00270	0.00670
50	0.01166	0.04621	0.23430	0.01073	0.01455	0.04090	0.01057	0.10637	0.15295	0.05055	0.01825	0.12100	0.06221	0.00912	0.03411	0.00193	0.00561	0.05836	0.00390	0.00672
51	0.01049	0.00899	0.01049	0.00749	0.01198	0.00674	0.00599	0.01273	0.01049	0.01648	0.00899	0.01049	0.00749	0.00374	0.00374	0.00075	0.00374	0.00300	0.00300	0.85320
52	0.01108	0.00754	0.01061	0.12384	0.02866	0.00771	0.04632	0.03698	0.09159	0.14225	0.05128	0.20119	0.07764	0.08293	0.00752	0.00207	0.00447	0.05612	0.00439	0.00579
53	0.01639	0.18114	0.01828	0.01250	0.01563	0.31886	0.06716	0.18033	0.01456	0.01674	0.00863	0.01015	0.00706	0.00559	0.00598	0.00145	0.10617	0.00377	0.00299	0.00661
54	0.00633	0.00471	0.00590	0.00651	0.00728	0.00428	0.00454	0.00761	0.01102	0.01460	0.19192	0.50064	0.18799	0.01408	0.00626	0.00189	0.00274	0.01254	0.00488	0.00428
55	0.02109	0.00887	0.01167	0.00904	0.01275	0.00803	0.00743	0.09687	0.01537	0.65701	0.08121	0.01837	0.01498	0.00657	0.00515	0.00156	0.00427	0.00536	0.00609	0.00830
56	0.00707	0.00522	0.00665	0.00634	0.00761	0.00473	0.00472	0.00922	0.01354	0.01891	0.62922	0.10407	0.11492	0.01082	0.00594	0.00161	0.00249	0.00953	0.00533	0.03206
57	0.01385	0.18165	0.01650	0.02832	0.12628	0.11102	0.00964	0.06340	0.35963	0.01793	0.01392	0.01405	0.01087	0.00571	0.00465	0.00149	0.00535	0.00453	0.00377	0.00742
58	0.01628	0.04728	0.06136	0.08779	0.15788	0.31931	0.01163	0.20455	0.01542	0.01819	0.00934	0.01093	0.00731	0.00523	0.00477	0.00144	0.00723	0.00392	0.00312	0.00702
59	0.07628	0.45373	0.13953	0.04477	0.01660	0.07031	0.09115	0.01579	0.01074	0.02849	0.00806	0.00956	0.00665	0.00455	0.00396	0.00131	0.00623	0.00337	0.00238	0.00656
60	0.01263	0.00649	0.00867	0.00780	0.00954	0.00640	0.00586	0.01445	0.03933	0.27851	0.01789	0.09713	0.01599	0.20493	0.24648	0.00433	0.00704	0.00660	0.00428	0.00567
61	0.00626	0.00506	0.00556	0.00560	0.00704	0.00436	0.00414	0.00774	0.01195	0.01505	0.21254	0.12633	0.54552	0.01257	0.00602	0.00172	0.00256	0.01072	0.00489	0.00436
62	0.00725	0.00532	0.00764	0.00764	0.00837	0.00605	0.00571	0.00871	0.00798	0.01138	0.01399	0.02235	0.01372	0.18529	0.65636	0.00752	0.01192	0.00578	0.00278	0.00424
63	0.00856	0.00454	0.00681	0.00681	0.00694	0.00467	0.00467	0.00694	0.00681	0.00921	0.00947	0.01601	0.00934	0.02048	0.13181	0.73192	0.00570	0.00454	0.00227	0.00253
64	0.01106	0.00931	0.01010	0.00921	0.01162	0.01045	0.00710	0.02208	0.57504	0.02054	0.18664	0.04134	0.04773	0.00800	0.00538	0.00170	0.00358	0.00680	0.00521	0.00710
65	0.01282	0.65965	0.18605	0.00985	0.01483	0.01830	0.01073	0.01532	0.01036	0.01275	0.00745	0.00864	0.00647	0.00443	0.00357	0.00119	0.00584	0.00292	0.00216	0.00669
66	0.13226	0.01102	0.01917	0.19393	0.12707	0.01189	0.26873	0.01423	0.01030	0.01564	0.00942	0.01367	0.00778	0.05743	0.00752	0.00191	0.08438	0.00492	0.00256	0.00616
67	0.01248	0.01602	0.21941	0.09875	0.01826	0.12428	0.04369	0.01911	0.23052	0.05901	0.01428	0.01580	0.02626	0.00799	0.05616	0.00204	0.00675	0.01881	0.00345	0.00692
68	0.01467	0.18242	0.01703	0.01180	0.01466	0.28864	0.05800	0.03444	0.17553	0.01509	0.04333	0.01275	0.01027	0.00595	0.00588	0.00149	0.09417	0.00424	0.00318	0.00648
69	0.10155	0.01603	0.07711	0.13281	0.18903	0.25492	0.01211	0.01607	0.01127	0.01470	0.00821	0.01081	0.00678	0.00547	0.00632	0.00158	0.12253	0.00386	0.00249	0.00634
70	0.01665	0.04793	0.33452	0.01153	0.01692	0.01071	0.01235	0.10693	0.02449	0.34639	0.01410	0.01362	0.00937	0.00557	0.00490	0.00156	0.00579	0.00439	0.00426	0.00805
71	0.00667	0.00505	0.00616	0.00610	0.00731	0.00453	0.00449	0.00852	0.01284	0.01731	0.46629	0.15278	0.25980	0.01184	0.00604	0.00169	0.00251	0.01034	0.00519	0.00453
72	0.00879	0.00594	0.00894	0.12254	0.01167	0.00687	0.00671	0.00852	0.00751	0.01027	0.00976	0.01635	0.00943	0.06176	0.14714	0.45690	0.09034	0.00474	0.00234	0.00346
73	0.05658	0.01619	0.25339	0.14083	0.06975	0.01275	0.01306	0.25250	0.06471	0.05526	0.01116	0.01239	0.00805	0.00541	0.00489	0.00159	0.00612	0.00430	0.00351	0.00754
74	0.00990	0.00866	0.01121	0.01022	0.01107	0.01080	0.00815	0.01373	0.16129	0.01440	0.06366	0.02328	0.01569	0.12832	0.08784	0.00303	0.32293	0.08694	0.00344	0.00543
75	0.01266	0.00955	0.03969	0.01077	0.09229	0.00830	0.00790	0.11428	0.02720	0.12983	0.10387	0.07356	0.05162	0.00691	0.00495	0.00137	0.00420	0.02990	0.00423	0.26691
76	0.01252	0.01201	0.02053	0.03104	0.79074	0.01201	0.01552	0.01552	0.01151	0.01652	0.00951	0.01252	0.00801	0.00451	0.00501	0.00150	0.00601	0.00451	0.00250	0.00801
77	0.01188	0.07008	0.17305	0.04498	0.04846	0.04132	0.02176	0.14925	0.06300	0.01903	0.15007	0.01763	0.01572	0.04806	0.02335	0.00177	0.00549	0.00514	0.00365	0.08631
78	0.02955	0.09571	0.01341	0.02234	0.02919	0.06868	0.00768	0.14000	0.04488	0.15527	0.01372	0.01391	0.04815	0.00537	0.00441	0.00123	0.00476	0.00415	0.00394	0.29366
79	0.01491	0.02678	0.09070	0.01073	0.01410	0.22054	0.00918	0.21401	0.01545	0.06230	0.10156	0.01555	0.02420	0.00923	0.08282	0.00206	0.00686	0.00472	0.00381	0.07048
80	0.01255	0.01102	0.05527	0.01583	0.22942	0.03733	0.05250	0.09323	0.04558	0.10183	0.08185	0.06911	0.12707	0.00751	0.00579	0.00163	0.03520	0.00649	0.00396	0.00683
81	0.06673	0.01167	0.01804	0.07030	0.40802	0.04121	0.10202	0.03259	0.06115	0.03767	0.05852	0.01430	0.01071	0.00511	0.00501	0.00152	0.00583	0.00484	0.00307	0.04167

[dist]
# distance from previous block
# <min> <max>
0	45

[block]
# block no. 5 follows, 49 sequences, length 21
# corresponding to MSA columns:
# 475-495
name=unknown_F
#
# <colnr> <probs for GDERKNQSTAVLIFYWHMCP>
#	G	D	E	R	K	N	Q	S	T	A	V	L	I	F	Y	W	H	M	C	P
0	0.01221	0.01328	0.11441	0.06861	0.05220	0.08668	0.03299	0.13167	0.15379	0.01900	0.13013	0.06397	0.03438	0.00730	0.00597	0.00165	0.05520	0.00596	0.00394	0.00667
1	0.00968	0.00814	0.01308	0.34243	0.12460	0.00884	0.03878	0.01240	0.01131	0.05085	0.10839	0.07589	0.08769	0.00789	0.00555	0.00173	0.00525	0.07830	0.00348	0.00571
2	0.00857	0.00685	0.00875	0.00896	0.05851	0.00685	0.02381	0.03699	0.13448	0.01777	0.30879	0.15584	0.12941	0.06283	0.00710	0.00191	0.00339	0.00899	0.00481	0.00538
3	0.01171	0.00714	0.00971	0.01010	0.09746	0.00664	0.00676	0.04910	0.01302	0.19078	0.24740	0.18932	0.05484	0.03592	0.00626	0.00174	0.00364	0.00829	0.00494	0.04525
4	0.01220	0.01391	0.10197	0.03837	0.17055	0.16962	0.03226	0.07907	0.01181	0.01510	0.01084	0.01477	0.00938	0.05257	0.24135	0.00360	0.00903	0.00461	0.00278	0.00620
5	0.00870	0.00683	0.01002	0.14321	0.08817	0.00749	0.00787	0.04493	0.00979	0.01327	0.01617	0.23163	0.01718	0.11112	0.13738	0.07606	0.03259	0.02953	0.00329	0.00478
6	0.26331	0.01149	0.01443	0.01341	0.11675	0.01231	0.10711	0.17496	0.13570	0.02234	0.03315	0.01294	0.00962	0.00536	0.00458	0.00155	0.00509	0.00443	0.00376	0.04773
7	0.01211	0.24106	0.37824	0.01147	0.01666	0.04716	0.01281	0.09749	0.01177	0.01576	0.00957	0.01259	0.00802	0.09695	0.00675	0.00181	0.00648	0.00393	0.00259	0.00676
8	0.01145	0.15612	0.15762	0.15212	0.12533	0.01399	0.06686	0.01538	0.06969	0.01451	0.00927	0.01188	0.00753	0.00562	0.00697	0.00164	0.16063	0.00423	0.00249	0.00668
9	0.01246	0.00854	0.01036	0.00766	0.01172	0.00668	0.00614	0.01466	0.01161	0.16341	0.08741	0.01443	0.01238	0.00486	0.00421	0.00099	0.00372	0.00399	0.00386	0.61090
10	0.01401	0.01110	0.01382	0.24846	0.02021	0.01277	0.01031	0.36208	0.10351	0.02236	0.01234	0.01432	0.00935	0.01006	0.11022	0.00246	0.00679	0.00478	0.00392	0.00711
11	0.51613	0.10134	0.01085	0.00757	0.01106	0.01117	0.00641	0.01778	0.01053	0.24935	0.01085	0.01086	0.00767	0.00511	0.00372	0.00151	0.00420	0.00343	0.00394	0.00651
12	0.00618	0.00506	0.00545	0.00550	0.00699	0.00433	0.00407	0.00759	0.01178	0.01462	0.16424	0.12130	0.59989	0.01271	0.00602	0.00172	0.00257	0.01079	0.00483	0.00433
13	0.00660	0.00515	0.00599	0.00578	0.00721	0.00454	0.00433	0.00847	0.01300	0.01717	0.44194	0.04289	0.39579	0.01150	0.00597	0.00165	0.00247	0.00986	0.00516	0.00454
14	0.04114	0.00705	0.00871	0.00763	0.01005	0.00649	0.00593	0.03850	0.04857	0.32183	0.11004	0.17865	0.17480	0.00981	0.00556	0.00169	0.00350	0.00835	0.00538	0.00634
15	0.00982	0.00926	0.01565	0.74037	0.10252	0.01130	0.01418	0.01315	0.01024	0.01324	0.00903	0.01340	0.00685	0.00501	0.00505	0.00167	0.00668	0.00449	0.00227	0.00583
16	0.01599	0.01125	0.01234	0.01020	0.01355	0.01228	0.00818	0.28103	0.35014	0.14526	0.01966	0.01831	0.06477	0.00690	0.00516	0.00162	0.00449	0.00555	0.00526	0.00805
17	0.27789	0.05306	0.01289	0.14032	0.01654	0.27463	0.00906	0.04463	0.01158	0.04950	0.00832	0.01009	0.00657	0.00530	0.00499	0.00152	0.06080	0.00347	0.00291	0.00593
18	0.00775	0.00543	0.00666	0.00677	0.00727	0.00559	0.00448	0.05710	0.00923	0.01245	0.01884	0.26175	0.02129	0.40716	0.14162	0.00435	0.00573	0.00894	0.00362	0.00396
19	0.00683	0.00499	0.00682	0.00752	0.00821	0.00507	0.00559	0.00820	0.00956	0.01283	0.02453	0.37856	0.07490	0.06039	0.23538	0.00395	0.00632	0.13201	0.00404	0.00427
20	0.01052	0.00995	0.01596	0.01290	0.01586	0.01019	0.26199	0.01762	0.29721	0.01754	0.06697	0.18002	0.04375	0.00821	0.00576	0.00177	0.00515	0.00791	0.00420	0.00650

[dist]
# distance from previous block
# <min> <max>
5	7

[block]
# block no. 6 follows, 49 sequences, length 17
# corresponding to MSA columns:
# 503-519
name=unknown_G
#
# <colnr> <probs for GDERKNQSTAVLIFYWHMCP>
#	G	D	E	R	K	N	Q	S	T	A	V	L	I	F	Y	W	H	M	C	P
0	0.01236	0.15998	0.01770	0.01333	0.07368	0.01426	0.06600	0.07918	0.01090	0.04714	0.04432	0.06943	0.01092	0.00756	0.00981	0.00179	0.34723	0.00518	0.00299	0.00625
1	0.00943	0.00471	0.00471	0.00471	0.00589	0.00471	0.00353	0.01178	0.01060	0.01885	0.01650	0.01885	0.01296	0.00589	0.00353	0.00118	0.00236	0.00471	0.85036	0.00471
2	0.01593	0.01171	0.03169	0.05732	0.23220	0.01207	0.05213	0.17533	0.06027	0.20177	0.01289	0.01385	0.00939	0.00582	0.00621	0.00162	0.08316	0.00478	0.00403	0.00784
3	0.08121	0.03121	0.06787	0.01133	0.06285	0.07314	0.00897	0.28616	0.04134	0.07136	0.13395	0.07820	0.01644	0.00712	0.00506	0.00156	0.00504	0.00575	0.00441	0.00701
4	0.00802	0.00609	0.00731	0.00657	0.00832	0.00559	0.00502	0.06332	0.01411	0.01945	0.52199	0.03609	0.19386	0.01003	0.00573	0.00154	0.00275	0.00866	0.00515	0.07039
5	0.00858	0.00603	0.00861	0.00750	0.00923	0.00549	0.05911	0.01095	0.01389	0.07905	0.60181	0.03555	0.11463	0.00984	0.00590	0.00161	0.00298	0.00876	0.00532	0.00516
6	0.01567	0.02968	0.04459	0.17864	0.14849	0.20383	0.04059	0.06672	0.04718	0.15850	0.01153	0.01290	0.00848	0.00531	0.00493	0.00152	0.00663	0.00436	0.00343	0.00705
7	0.01349	0.01281	0.07662	0.11469	0.37170	0.01226	0.04468	0.17529	0.03356	0.04673	0.01135	0.04366	0.00917	0.00547	0.00511	0.00157	0.00599	0.00495	0.00327	0.00763
