[name]
unknown

[dist]
# distance from previous block
# <min> <max>
0	84

[block]
# block no. 0 follows, 47 sequences, length 9
# corresponding to MSA columns:
# 92-100
name=unknown_A
#
# <colnr> <probs for GDERKNQSTAVLIFYWHMCP>
#	G	D	E	R	K	N	Q	S	T	A	V	L	I	F	Y	W	H	M	C	P
0	0.12470	0.06170	0.44526	0.01362	0.01951	0.08810	0.07739	0.03785	0.05396	0.01759	0.00968	0.01113	0.00717	0.00505	0.00474	0.00160	0.00710	0.00394	0.00267	0.00722
1	0.01289	0.01237	0.02114	0.03196	0.78450	0.01237	0.01598	0.01598	0.01186	0.01701	0.00980	0.01289	0.00825	0.00464	0.00516	0.00155	0.00619	0.00464	0.00258	0.00825
2	0.01352	0.01194	0.01879	0.02658	0.60347	0.01215	0.01394	0.11779	0.01348	0.01940	0.01087	0.01348	0.00883	0.00500	0.00501	0.00152	0.00576	0.00467	0.08581	0.00800
3	0.00757	0.00505	0.00568	0.00568	0.00568	0.00505	0.00316	0.00757	0.00757	0.01010	0.01641	0.03408	0.01893	0.81698	0.02651	0.00505	0.00505	0.00757	0.00316	0.00316
4	0.01246	0.01364	0.10570	0.06650	0.01892	0.05608	0.19647	0.05747	0.05873	0.05564	0.05019	0.06061	0.01197	0.02283	0.00860	0.00190	0.18661	0.00582	0.00328	0.00660
5	0.00750	0.00534	0.00714	0.00714	0.00765	0.00584	0.00498	0.00851	0.00801	0.01118	0.01507	0.02668	0.01572	0.39438	0.44472	0.00685	0.00988	0.00649	0.00296	0.00397
6	0.01108	0.01231	0.04777	0.07460	0.06571	0.01154	0.46430	0.01463	0.01158	0.01579	0.01436	0.08789	0.05770	0.00631	0.00650	0.00176	0.04803	0.00676	0.00293	0.03844
7	0.01481	0.01456	0.01705	0.10051	0.32617	0.16744	0.01247	0.13333	0.07652	0.01862	0.01071	0.01264	0.00850	0.00524	0.00501	0.00150	0.00651	0.00440	0.00323	0.06079
8	0.00996	0.00937	0.05488	0.01089	0.07880	0.00753	0.05397	0.01270	0.03978	0.03340	0.01782	0.16392	0.07987	0.03491	0.03956	0.00180	0.00481	0.00669	0.00359	0.33577

[dist]
# distance from previous block
# <min> <max>
0	6

[block]
# block no. 1 follows, 47 sequences, length 7
# corresponding to MSA columns:
# 110-116
name=unknown_B
#
# <colnr> <probs for GDERKNQSTAVLIFYWHMCP>
#	G	D	E	R	K	N	Q	S	T	A	V	L	I	F	Y	W	H	M	C	P
0	0.05600	0.07444	0.01558	0.05225	0.12730	0.11386	0.04455	0.16304	0.04854	0.09161	0.06985	0.01662	0.05683	0.00624	0.00501	0.00151	0.00569	0.00509	0.00396	0.04203
1	0.01047	0.05234	0.00923	0.00776	0.00889	0.00717	0.00568	0.01186	0.13736	0.03902	0.01166	0.01611	0.01035	0.01554	0.05590	0.54859	0.00497	0.00467	0.00298	0.03944
2	0.01114	0.01048	0.05469	0.01415	0.11889	0.00926	0.15358	0.03699	0.08625	0.05068	0.09113	0.11929	0.06688	0.00750	0.00548	0.00159	0.00506	0.00698	0.02664	0.12333
3	0.00634	0.00453	0.00604	0.00725	0.00755	0.00423	0.00483	0.00725	0.00997	0.01329	0.02870	0.81358	0.03444	0.01632	0.00665	0.00211	0.00302	0.01480	0.00483	0.00423
4	0.01080	0.00926	0.01080	0.00771	0.01234	0.00694	0.00617	0.01311	0.01080	0.01697	0.00926	0.01080	0.00771	0.00386	0.00386	0.00077	0.00386	0.00309	0.00309	0.84882
5	0.01237	0.01047	0.03896	0.07117	0.03871	0.00923	0.02853	0.12864	0.04775	0.04785	0.01318	0.04941	0.03167	0.00555	0.00460	0.00123	0.00462	0.00463	0.03852	0.41288
6	0.01195	0.03262	0.09617	0.01101	0.01453	0.00869	0.12951	0.06732	0.01265	0.12547	0.05768	0.21791	0.05745	0.00857	0.00555	0.00164	0.00497	0.00775	0.00418	0.12435

[dist]
# distance from previous block
# <min> <max>
5	8

[block]
# block no. 2 follows, 47 sequences, length 71
# corresponding to MSA columns:
# 127-197
name=unknown_C
#
# <colnr> <probs for GDERKNQSTAVLIFYWHMCP>
#	G	D	E	R	K	N	Q	S	T	A	V	L	I	F	Y	W	H	M	C	P
0	0.01141	0.14773	0.42355	0.01190	0.01801	0.03383	0.01365	0.01594	0.03432	0.01600	0.00931	0.01074	0.00718	0.00467	0.00442	0.00133	0.00631	0.00353	0.00254	0.22362
1	0.01136	0.00833	0.04648	0.00805	0.01038	0.00733	0.00634	0.07692	0.01091	0.11253	0.01436	0.02176	0.01333	0.29042	0.17124	0.00398	0.00671	0.00557	0.00362	0.17037
2	0.00792	0.00716	0.06042	0.00868	0.01006	0.00698	0.00718	0.02612	0.00884	0.01269	0.01379	0.02067	0.01294	0.09383	0.66925	0.00753	0.01269	0.00559	0.00283	0.00483
3	0.01255	0.04420	0.02209	0.01641	0.03650	0.01118	0.42655	0.01688	0.07651	0.09944	0.08505	0.09860	0.01556	0.00664	0.00589	0.00174	0.00657	0.00704	0.00376	0.00686
4	0.00788	0.06570	0.00813	0.00672	0.00773	0.00630	0.00488	0.00931	0.01077	0.01486	0.27524	0.08840	0.05686	0.24861	0.13787	0.00369	0.00532	0.00809	0.02922	0.00442
5	0.03574	0.20254	0.29227	0.01100	0.01644	0.02728	0.01182	0.03505	0.06810	0.05166	0.01023	0.01121	0.00787	0.00485	0.00433	0.00133	0.00582	0.00363	0.00294	0.19588
6	0.01783	0.01074	0.01352	0.10949	0.04792	0.01118	0.00936	0.25041	0.08513	0.29158	0.01660	0.06850	0.01232	0.00682	0.00529	0.00164	0.00508	0.00562	0.00511	0.02584
7	0.00637	0.00455	0.00607	0.00723	0.00756	0.00425	0.00484	0.00732	0.01010	0.01350	0.04904	0.79266	0.03484	0.01616	0.00663	0.00210	0.00301	0.01466	0.00486	0.00425
8	0.01189	0.01549	0.13023	0.02061	0.02607	0.01278	0.64645	0.01640	0.01206	0.01656	0.01087	0.03537	0.00845	0.00479	0.00600	0.00175	0.00848	0.00608	0.00264	0.00704
9	0.13489	0.14288	0.24710	0.01567	0.14901	0.04734	0.07853	0.02712	0.02594	0.04838	0.03092	0.01196	0.00851	0.00505	0.00463	0.00154	0.00637	0.00411	0.00285	0.00720
10	0.00835	0.00779	0.01428	0.01201	0.01410	0.00725	0.25927	0.01050	0.01102	0.01471	0.04723	0.47157	0.07586	0.01194	0.00643	0.00196	0.00490	0.01149	0.00413	0.00520
11	0.02868	0.01185	0.02003	0.14954	0.65512	0.01224	0.01555	0.01556	0.01158	0.01657	0.00966	0.01296	0.00800	0.00473	0.00513	0.00158	0.00626	0.00460	0.00255	0.00782
12	0.01082	0.05026	0.23885	0.18210	0.02094	0.06325	0.05788	0.01515	0.06282	0.01532	0.01470	0.05675	0.07597	0.00641	0.00539	0.00160	0.02522	0.00534	0.00294	0.08829
13	0.01192	0.01315	0.08665	0.25326	0.19712	0.03360	0.20253	0.01547	0.01131	0.03883	0.00994	0.01340	0.00773	0.00579	0.02098	0.00184	0.06206	0.00494	0.00259	0.00688
14	0.00634	0.00453	0.00604	0.00725	0.00755	0.00423	0.00483	0.00725	0.00997	0.01329	0.02870	0.81358	0.03444	0.01632	0.00665	0.00211	0.00302	0.01480	0.00483	0.00423
15	0.01945	0.02482	0.01476	0.01342	0.01610	0.79608	0.01006	0.02079	0.01476	0.01275	0.00805	0.00939	0.00671	0.00537	0.00470	0.00134	0.00939	0.00335	0.00268	0.00604
16	0.12831	0.04472	0.24664	0.02784	0.05390	0.04892	0.01156	0.03152	0.02448	0.29227	0.01364	0.03239	0.00966	0.00579	0.00482	0.00160	0.00576	0.00451	0.00405	0.00765
17	0.00757	0.00677	0.05914	0.00713	0.00880	0.00540	0.00591	0.01024	0.01439	0.02037	0.70355	0.03758	0.06065	0.01038	0.00608	0.00165	0.00285	0.02099	0.00546	0.00509
18	0.01289	0.01237	0.02114	0.03196	0.78450	0.01237	0.01598	0.01598	0.01186	0.01701	0.00980	0.01289	0.00825	0.00464	0.00516	0.00155	0.00619	0.00464	0.00258	0.00825
19	0.01892	0.01622	0.01458	0.01176	0.01534	0.19849	0.00944	0.53237	0.02113	0.02705	0.01181	0.01232	0.00871	0.00603	0.00497	0.00148	0.00633	0.00439	0.07078	0.00788
20	0.01151	0.01104	0.01902	0.37530	0.42500	0.01204	0.04148	0.01482	0.01123	0.01535	0.00958	0.01337	0.00766	0.00488	0.00521	0.00164	0.00661	0.00469	0.00246	0.00711
21	0.00634	0.00453	0.00604	0.00725	0.00755	0.00423	0.00483	0.00725	0.00997	0.01329	0.02870	0.81358	0.03444	0.01632	0.00665	0.00211	0.00302	0.01480	0.00483	0.00423
22	0.01945	0.02482	0.01476	0.01342	0.01610	0.79608	0.01006	0.02079	0.01476	0.01275	0.00805	0.00939	0.00671	0.00537	0.00470	0.00134	0.00939	0.00335	0.00268	0.00604
23	0.01468	0.71076	0.02557	0.00953	0.01374	0.12724	0.00907	0.01631	0.01116	0.01232	0.00735	0.00850	0.00669	0.00458	0.00353	0.00115	0.00609	0.00286	0.00229	0.00659
24	0.00776	0.00579	0.00820	0.00901	0.05970	0.00627	0.00596	0.00905	0.00847	0.01188	0.01554	0.08313	0.01616	0.28022	0.44238	0.00640	0.00982	0.00683	0.00304	0.00439
25	0.24039	0.01760	0.35407	0.01253	0.06762	0.01156	0.01266	0.05782	0.05542	0.01980	0.05035	0.01326	0.02573	0.00552	0.00458	0.00161	0.00577	0.00420	0.00312	0.03642
26	0.00676	0.00542	0.00607	0.00606	0.00754	0.00483	0.00448	0.00884	0.04075	0.01611	0.24688	0.13979	0.46256	0.01265	0.00618	0.00177	0.00269	0.01084	0.00510	0.00466
27	0.03704	0.01853	0.30431	0.01547	0.02113	0.01328	0.22605	0.23179	0.01521	0.02134	0.01204	0.01358	0.03467	0.00545	0.00535	0.00166	0.00716	0.00496	0.00331	0.00767
28	0.01304	0.32189	0.31884	0.01186	0.01722	0.12253	0.01293	0.01639	0.01126	0.01432	0.00830	0.00978	0.00673	0.00485	0.00457	0.00136	0.02896	0.00335	0.00234	0.06948
29	0.00905	0.00452	0.00678	0.00678	0.00678	0.00452	0.00452	0.00678	0.00678	0.00905	0.00905	0.01583	0.00905	0.01809	0.02035	0.84848	0.00452	0.00452	0.00226	0.00226
30	0.01715	0.01358	0.01573	0.01251	0.01537	0.01609	0.01037	0.52934	0.01928	0.02643	0.01072	0.01215	0.00822	0.00715	0.00895	0.00179	0.25837	0.00465	0.00429	0.00786
31	0.01387	0.01035	0.01690	0.06607	0.01800	0.01039	0.23062	0.07474	0.11626	0.17735	0.01767	0.17524	0.01531	0.00786	0.00604	0.00179	0.02271	0.00741	0.00439	0.00704
32	0.01139	0.01139	0.01595	0.01367	0.01367	0.01595	0.01139	0.01253	0.00798	0.01253	0.00684	0.01139	0.00684	0.00911	0.01709	0.00228	0.80745	0.00456	0.00228	0.00570
33	0.01314	0.01128	0.01188	0.01064	0.01361	0.01304	0.00829	0.04831	0.75414	0.02209	0.02095	0.01924	0.01570	0.00704	0.00530	0.00176	0.00417	0.00585	0.00530	0.00826
34	0.01404	0.01526	0.01531	0.46049	0.02728	0.29469	0.01254	0.07197	0.01302	0.01455	0.00906	0.01216	0.00700	0.00534	0.00502	0.00158	0.00773	0.00417	0.00266	0.00610
35	0.01083	0.01036	0.01731	0.52220	0.16172	0.01213	0.06418	0.01502	0.06744	0.01476	0.01020	0.01402	0.00789	0.00538	0.00584	0.00173	0.04509	0.00482	0.00260	0.00647
36	0.01130	0.01158	0.01914	0.51098	0.11810	0.06426	0.16102	0.01477	0.01123	0.01435	0.00949	0.01350	0.00726	0.00499	0.00535	0.00169	0.00738	0.00484	0.00243	0.00632
37	0.01677	0.42569	0.02148	0.01056	0.01473	0.09763	0.00941	0.30875	0.01642	0.02031	0.00937	0.01007	0.00753	0.00525	0.00421	0.00131	0.00602	0.00358	0.00343	0.00746
38	0.01363	0.01094	0.01232	0.00906	0.01354	0.00984	0.00735	0.25072	0.01511	0.02196	0.01028	0.01134	0.00807	0.00461	0.00428	0.00102	0.00445	0.00359	0.00375	0.58412
39	0.01623	0.01034	0.01194	0.00998	0.01290	0.01079	0.00788	0.38784	0.01811	0.16905	0.01912	0.26593	0.01768	0.00946	0.00567	0.00175	0.00463	0.00798	0.00532	0.00740
40	0.38789	0.01065	0.01072	0.00945	0.01206	0.08621	0.08002	0.06950	0.01124	0.01952	0.01414	0.23852	0.01440	0.00822	0.00477	0.00174	0.00485	0.00674	0.00372	0.00565
41	0.01005	0.01827	0.43407	0.01147	0.01723	0.00941	0.01310	0.01432	0.01114	0.01676	0.06795	0.06650	0.01196	0.00578	0.00481	0.00140	0.00579	0.00475	0.00292	0.27232
42	0.00643	0.00529	0.00566	0.00557	0.00720	0.00451	0.00418	0.00801	0.01253	0.01563	0.21981	0.04755	0.61435	0.01261	0.00615	0.00173	0.00260	0.01063	0.00504	0.00451
43	0.01156	0.00855	0.00988	0.00851	0.01110	0.00826	0.00654	0.20838	0.02827	0.04537	0.08596	0.26992	0.07780	0.00982	0.00553	0.00159	0.00390	0.00845	0.00470	0.18592
44	0.01262	0.01142	0.01023	0.00936	0.01059	0.23108	0.00684	0.03485	0.00997	0.01165	0.00874	0.01323	0.00813	0.01245	0.01399	0.46220	0.05941	0.00409	0.00253	0.06662
45	0.01036	0.01520	0.26008	0.44557	0.08577	0.01209	0.01588	0.01446	0.01054	0.01453	0.00916	0.01273	0.00692	0.00534	0.00591	0.00173	0.06048	0.00438	0.00229	0.00656
46	0.00633	0.00459	0.00599	0.00710	0.00751	0.00424	0.00477	0.00727	0.01011	0.01335	0.03049	0.75690	0.08997	0.01608	0.00661	0.00209	0.00299	0.01452	0.00483	0.00424
47	0.01172	0.01118	0.01903	0.32689	0.49869	0.01207	0.01540	0.01496	0.01131	0.01560	0.00959	0.01327	0.00775	0.00486	0.00518	0.00162	0.00648	0.00464	0.00248	0.00731
48	0.01439	0.01856	0.12202	0.01198	0.01492	0.39334	0.01023	0.03790	0.05742	0.01417	0.01081	0.01344	0.00909	0.01502	0.23007	0.00342	0.01004	0.00424	0.00287	0.00608
49	0.01078	0.13307	0.31128	0.26227	0.03817	0.01275	0.01441	0.01573	0.06775	0.01557	0.06138	0.01405	0.01028	0.00549	0.00491	0.00161	0.00651	0.00448	0.00271	0.00681
50	0.00971	0.00813	0.00868	0.00811	0.01024	0.00866	0.00617	0.01752	0.37931	0.01817	0.10236	0.03334	0.26731	0.06971	0.00728	0.00201	0.00357	0.02849	0.00502	0.00622
51	0.01207	0.01173	0.01880	0.19982	0.51217	0.04523	0.03068	0.01515	0.01189	0.01629	0.06693	0.01492	0.01092	0.00524	0.00524	0.00159	0.00627	0.00497	0.00276	0.00734
52	0.11851	0.00900	0.01158	0.00899	0.01292	0.00812	0.00742	0.02423	0.01421	0.70048	0.01902	0.01666	0.01206	0.00626	0.00501	0.00161	0.00439	0.00496	0.00608	0.00849
53	0.01045	0.02694	0.79000	0.01484	0.02254	0.01209	0.01924	0.01649	0.01099	0.01649	0.00935	0.01099	0.00660	0.00495	0.00495	0.00165	0.00770	0.00385	0.00220	0.00770
54	0.00757	0.00505	0.00568	0.00568	0.00568	0.00505	0.00316	0.00757	0.00757	0.01010	0.01641	0.03408	0.01893	0.81698	0.02651	0.00505	0.00505	0.00757	0.00316	0.00316
55	0.00737	0.00532	0.00696	0.00655	0.00778	0.00491	0.00491	0.00983	0.01474	0.02088	0.78175	0.03890	0.04914	0.01065	0.00614	0.00164	0.00246	0.00942	0.00573	0.00491
56	0.01295	0.01119	0.01178	0.01060	0.01354	0.01295	0.00824	0.02767	0.77509	0.02178	0.02120	0.01943	0.01590	0.00707	0.00530	0.00177	0.00412	0.00589	0.00530	0.00824
57	0.00939	0.00929	0.01749	0.01334	0.01651	0.00858	0.35162	0.01252	0.01309	0.01770	0.29502	0.02964	0.16616	0.00826	0.00615	0.00171	0.00537	0.00822	0.00415	0.00578
58	0.02336	0.00886	0.01209	0.00927	0.01329	0.00765	0.00765	0.02538	0.01491	0.78810	0.02055	0.01773	0.01289	0.00645	0.00524	0.00161	0.00443	0.00524	0.00645	0.00886
59	0.00848	0.00472	0.00636	0.00636	0.00636	0.00472	0.00400	0.00709	0.00709	0.00945	0.01186	0.02280	0.01282	0.32309	0.02270	0.52648	0.00472	0.00569	0.00260	0.00260
60	0.01516	0.00685	0.00813	0.00696	0.00938	0.00652	0.00551	0.01834	0.06918	0.31306	0.01866	0.01877	0.01336	0.00629	0.00437	0.00141	0.00332	0.00508	0.46300	0.00664
61	0.01289	0.01237	0.02114	0.03196	0.78450	0.01237	0.01598	0.01598	0.01186	0.01701	0.00980	0.01289	0.00825	0.00464	0.00516	0.00155	0.00619	0.00464	0.00258	0.00825
62	0.00697	0.00484	0.00590	0.00649	0.00673	0.00467	0.00409	0.00750	0.00895	0.01186	0.02372	0.39935	0.05368	0.39510	0.01604	0.00350	0.00401	0.02882	0.00404	0.00374
63	0.00751	0.00531	0.00698	0.00698	0.00743	0.00576	0.00478	0.00841	0.00796	0.01106	0.01522	0.02749	0.01607	0.44080	0.39878	0.00665	0.00935	0.00661	0.00298	0.00388
64	0.01045	0.02694	0.79000	0.01484	0.02254	0.01209	0.01924	0.01649	0.01099	0.01649	0.00935	0.01099	0.00660	0.00495	0.00495	0.00165	0.00770	0.00385	0.00220	0.00770
65	0.00964	0.00487	0.00491	0.00490	0.00611	0.00486	0.00367	0.01207	0.01102	0.01946	0.03777	0.01994	0.01432	0.00619	0.00371	0.00122	0.00243	0.00498	0.82306	0.00486
66	0.00667	0.00478	0.00633	0.00703	0.00762	0.00445	0.00486	0.00806	0.01147	0.01569	0.26601	0.56946	0.03907	0.01453	0.00649	0.00196	0.00284	0.01311	0.00512	0.00445
67	0.07907	0.01357	0.01457	0.01215	0.01427	0.11552	0.00994	0.22847	0.01415	0.07997	0.00990	0.01198	0.00795	0.00812	0.03170	0.00202	0.33186	0.00439	0.00357	0.00685
68	0.01579	0.01006	0.01422	0.33811	0.04987	0.01101	0.01107	0.10326	0.10396	0.26690	0.01470	0.01559	0.01018	0.00592	0.00523	0.00167	0.00564	0.00498	0.00433	0.00750
69	0.00847	0.00612	0.00835	0.00832	0.00915	0.00669	0.00613	0.00973	0.00889	0.01281	0.01536	0.02420	0.01496	0.19135	0.60632	0.00753	0.01196	0.00622	0.03260	0.00484
70	0.04575	0.08437	0.13630	0.00919	0.01417	0.03073	0.00868	0.03496	0.01122	0.01706	0.00907	0.01053	0.00736	0.00423	0.00402	0.00101	0.00483	0.00322	0.00292	0.56038

[dist]
# distance from previous block
# <min> <max>
2	8

[block]
# block no. 3 follows, 47 sequences, length 30
# corresponding to MSA columns:
# 207-236
name=unknown_D
#
# <colnr> <probs for GDERKNQSTAVLIFYWHMCP>
#	G	D	E	R	K	N	Q	S	T	A	V	L	I	F	Y	W	H	M	C	P
0	0.03594	0.05045	0.12964	0.02161	0.38341	0.01258	0.04716	0.06522	0.11071	0.01852	0.04137	0.01439	0.01061	0.00633	0.02829	0.00179	0.00622	0.00484	0.00318	0.00777
1	0.22792	0.01134	0.04038	0.03681	0.10040	0.02469	0.12855	0.08646	0.03699	0.05013	0.01296	0.13147	0.01173	0.00685	0.00537	0.00169	0.03163	0.00587	0.00358	0.04520
2	0.01272	0.08069	0.01553	0.08625	0.05440	0.06472	0.07285	0.04371	0.02830	0.04818	0.00992	0.01171	0.00794	0.00462	0.00472	0.00118	0.02506	0.00381	0.00309	0.42060
3	0.01204	0.05428	0.20341	0.01537	0.09068	0.01197	0.15206	0.05005	0.03419	0.06223	0.14115	0.01709	0.01497	0.00650	0.00692	0.00171	0.10950	0.00551	0.00340	0.00698
4	0.00685	0.00492	0.00648	0.00714	0.00781	0.00461	0.00507	0.00832	0.01152	0.01566	0.25401	0.47854	0.05404	0.04059	0.00718	0.00208	0.00305	0.07261	0.00504	0.00445
5	0.03604	0.01808	0.01243	0.01149	0.01354	0.51033	0.00867	0.01688	0.01249	0.01293	0.01001	0.01335	0.00888	0.04520	0.19724	0.00321	0.03210	0.00412	0.02745	0.00554
6	0.01742	0.01341	0.01429	0.01150	0.01524	0.01504	0.00932	0.51031	0.28518	0.02899	0.01552	0.01491	0.01130	0.00653	0.00524	0.00163	0.00517	0.00511	0.00524	0.00864
7	0.00677	0.00488	0.00642	0.00699	0.00770	0.00453	0.00492	0.00829	0.01183	0.01617	0.30666	0.48814	0.06113	0.01409	0.00646	0.00194	0.00285	0.03056	0.00516	0.00450
8	0.01139	0.01139	0.01595	0.01367	0.01367	0.01595	0.01139	0.01253	0.00798	0.01253	0.00684	0.01139	0.00684	0.00911	0.01709	0.00228	0.80745	0.00456	0.00228	0.00570
9	0.00634	0.00453	0.00604	0.00725	0.00755	0.00423	0.00483	0.00725	0.00997	0.01329	0.02870	0.81358	0.03444	0.01632	0.00665	0.00211	0.00302	0.01480	0.00483	0.00423
10	0.00971	0.00485	0.00485	0.00485	0.00607	0.00485	0.00364	0.01213	0.01092	0.01942	0.01699	0.01942	0.01335	0.00607	0.00364	0.00121	0.00243	0.00485	0.84589	0.00485
11	0.01045	0.02694	0.79000	0.01484	0.02254	0.01209	0.01924	0.01649	0.01099	0.01649	0.00935	0.01099	0.00660	0.00495	0.00495	0.00165	0.00770	0.00385	0.00220	0.00770
12	0.02173	0.00863	0.01164	0.00916	0.01285	0.00758	0.00746	0.04406	0.01472	0.69756	0.02106	0.08934	0.01472	0.00733	0.00536	0.00166	0.00434	0.00608	0.00627	0.00844
13	0.01080	0.00926	0.01080	0.00771	0.01234	0.00694	0.00617	0.01311	0.01080	0.01697	0.00926	0.01080	0.00771	0.00386	0.00386	0.00077	0.00386	0.00309	0.00309	0.84882
14	0.85377	0.01007	0.00765	0.00685	0.01007	0.01168	0.00564	0.01531	0.00886	0.02336	0.00725	0.00846	0.00564	0.00483	0.00322	0.00161	0.00403	0.00282	0.00322	0.00564
15	0.02336	0.00886	0.01209	0.00927	0.01329	0.00765	0.00765	0.02538	0.01491	0.78810	0.02055	0.01773	0.01289	0.00645	0.00524	0.00161	0.00443	0.00524	0.00645	0.00886
16	0.00757	0.00505	0.00568	0.00568	0.00568	0.00505	0.00316	0.00757	0.00757	0.01010	0.01641	0.03408	0.01893	0.81698	0.02651	0.00505	0.00505	0.00757	0.00316	0.00316
17	0.00658	0.00529	0.00587	0.00573	0.00730	0.00458	0.00429	0.00830	0.01288	0.01647	0.30974	0.04616	0.52390	0.01229	0.00615	0.00172	0.00257	0.01044	0.00515	0.00458
18	0.01824	0.00968	0.01172	0.00970	0.01315	0.00976	0.00778	0.02563	0.33532	0.42992	0.05572	0.01941	0.01582	0.00690	0.00530	0.00168	0.00421	0.00570	0.00593	0.00842
19	0.25784	0.01064	0.01172	0.00926	0.01310	0.01092	0.00764	0.20823	0.01559	0.38225	0.01476	0.01379	0.00983	0.00594	0.00466	0.00160	0.00464	0.00441	0.00522	0.00795
20	0.00634	0.00453	0.00604	0.00725	0.00755	0.00423	0.00483	0.00725	0.00997	0.01329	0.02870	0.81358	0.03444	0.01632	0.00665	0.00211	0.00302	0.01480	0.00483	0.00423
21	0.01945	0.02482	0.01476	0.01342	0.01610	0.79608	0.01006	0.02079	0.01476	0.01275	0.00805	0.00939	0.00671	0.00537	0.00470	0.00134	0.00939	0.00335	0.00268	0.00604
22	0.01139	0.01139	0.01595	0.01367	0.01367	0.01595	0.01139	0.01253	0.00798	0.01253	0.00684	0.01139	0.00684	0.00911	0.01709	0.00228	0.80745	0.00456	0.00228	0.00570
23	0.00746	0.00549	0.00791	0.00791	0.00868	0.00626	0.00594	0.00901	0.00823	0.01175	0.01437	0.02278	0.01403	0.17142	0.66535	0.00780	0.01243	0.00592	0.00285	0.00440
24	0.00653	0.00492	0.00609	0.00695	0.00778	0.00448	0.00499	0.00773	0.01076	0.01379	0.03556	0.50353	0.25130	0.01518	0.00657	0.00204	0.00312	0.09949	0.00483	0.00434
25	0.01032	0.00946	0.01440	0.24413	0.10936	0.01189	0.01142	0.01253	0.00937	0.01358	0.00981	0.01467	0.00864	0.02981	0.13098	0.00296	0.29233	0.00483	0.05373	0.00575
26	0.01418	0.01061	0.01171	0.01004	0.01273	0.01149	0.00785	0.41180	0.10057	0.02458	0.02025	0.27375	0.04798	0.00986	0.00572	0.00177	0.00456	0.00833	0.00508	0.00712
27	0.01362	0.01409	0.01465	0.08082	0.14090	0.20036	0.01070	0.03977	0.18514	0.01655	0.05408	0.01613	0.04056	0.00685	0.00719	0.00170	0.14157	0.00509	0.00347	0.00678
28	0.00860	0.00596	0.00793	0.03359	0.00943	0.00681	0.00606	0.01115	0.04428	0.01462	0.01483	0.02018	0.01308	0.06375	0.43339	0.00535	0.04277	0.00541	0.24793	0.00488
29	0.07039	0.04565	0.11739	0.06207	0.16212	0.01194	0.04073	0.08499	0.06385	0.17561	0.01245	0.01345	0.00910	0.00561	0.00566	0.00160	0.05488	0.00452	0.00376	0.05425

[dist]
# distance from previous block
# <min> <max>
0	2

[block]
# block no. 4 follows, 47 sequences, length 63
# corresponding to MSA columns:
# 239-250,255-305
name=unknown_E
#
# <colnr> <probs for GDERKNQSTAVLIFYWHMCP>
#	G	D	E	R	K	N	Q	S	T	A	V	L	I	F	Y	W	H	M	C	P
0	0.01098	0.03968	0.43480	0.18143	0.06685	0.06714	0.04390	0.01554	0.01128	0.01534	0.01188	0.01401	0.05379	0.00548	0.00507	0.00164	0.00725	0.00451	0.00246	0.00696
1	0.00815	0.00776	0.05463	0.00749	0.00960	0.00674	0.00615	0.01272	0.16619	0.01737	0.21380	0.09305	0.33425	0.01111	0.00597	0.00177	0.00329	0.02950	0.00498	0.00549
2	0.03316	0.01439	0.05460	0.11054	0.34889	0.10454	0.20359	0.01669	0.01212	0.03710	0.00993	0.01282	0.00783	0.00479	0.00530	0.00160	0.00727	0.00481	0.00268	0.00734
3	0.00894	0.00456	0.00671	0.00671	0.00671	0.00456	0.00443	0.00684	0.00684	0.00912	0.00957	0.01712	0.00974	0.07450	0.02079	0.78893	0.00456	0.00474	0.00232	0.00232
4	0.01252	0.03381	0.01549	0.30431	0.11108	0.10109	0.02775	0.06856	0.05838	0.03510	0.01360	0.02674	0.06312	0.00646	0.00637	0.00169	0.08650	0.00515	0.01583	0.00645
5	0.00905	0.00452	0.00678	0.00678	0.00678	0.00452	0.00452	0.00678	0.00678	0.00905	0.00905	0.01583	0.00905	0.01809	0.02035	0.84848	0.00452	0.00452	0.00226	0.00226
6	0.00836	0.00668	0.00988	0.34051	0.01878	0.00758	0.00831	0.01017	0.00953	0.01275	0.01633	0.20732	0.01721	0.24040	0.01155	0.00274	0.00521	0.00787	0.05422	0.00461
7	0.05269	0.01127	0.01338	0.01030	0.01435	0.01131	0.00850	0.33089	0.01863	0.44828	0.01674	0.01523	0.01096	0.00631	0.00515	0.00159	0.00495	0.00492	0.00582	0.00874
8	0.01274	0.01023	0.01034	0.00931	0.01188	0.03693	0.00723	0.06574	0.51344	0.02152	0.01920	0.01870	0.01455	0.00671	0.00485	0.00160	0.00396	0.00547	0.21826	0.00735
9	0.01295	0.01119	0.01178	0.01060	0.01354	0.01295	0.00824	0.02767	0.77509	0.02178	0.02120	0.01943	0.01590	0.00707	0.00530	0.00177	0.00412	0.00589	0.00530	0.00824
10	0.00634	0.00453	0.00604	0.00725	0.00755	0.00423	0.00483	0.00725	0.00997	0.01329	0.02870	0.81358	0.03444	0.01632	0.00665	0.00211	0.00302	0.01480	0.00483	0.00423
11	0.01945	0.02482	0.01476	0.01342	0.01610	0.79608	0.01006	0.02079	0.01476	0.01275	0.00805	0.00939	0.00671	0.00537	0.00470	0.00134	0.00939	0.00335	0.00268	0.00604
12	0.01093	0.00937	0.01086	0.00789	0.01241	0.00731	0.00630	0.01399	0.05707	0.01726	0.00998	0.01132	0.00821	0.00405	0.00394	0.00083	0.00387	0.00326	0.00322	0.79793
13	0.00754	0.00573	0.00856	0.00850	0.00941	0.00675	0.00663	0.00938	0.00836	0.01210	0.01377	0.02023	0.01286	0.03831	0.77681	0.00822	0.03384	0.00555	0.00278	0.00468
14	0.00754	0.00571	0.00850	0.00845	0.00933	0.00671	0.00656	0.00934	0.00834	0.01206	0.01382	0.02051	0.01299	0.05405	0.76150	0.00815	0.03339	0.00559	0.00278	0.00465
15	0.01045	0.02694	0.79000	0.01484	0.02254	0.01209	0.01924	0.01649	0.01099	0.01649	0.00935	0.01099	0.00660	0.00495	0.00495	0.00165	0.00770	0.00385	0.00220	0.00770
16	0.85377	0.01007	0.00765	0.00685	0.01007	0.01168	0.00564	0.01531	0.00886	0.02336	0.00725	0.00846	0.00564	0.00483	0.00322	0.00161	0.00403	0.00282	0.00322	0.00564
17	0.01945	0.02482	0.01476	0.01342	0.01610	0.79608	0.01006	0.02079	0.01476	0.01275	0.00805	0.00939	0.00671	0.00537	0.00470	0.00134	0.00939	0.00335	0.00268	0.00604
18	0.03474	0.00859	0.01006	0.00792	0.01129	0.00788	0.00638	0.11560	0.01386	0.26025	0.01537	0.01560	0.01104	0.00563	0.00439	0.00128	0.00388	0.00447	0.24585	0.21593
19	0.00861	0.00673	0.00818	0.00770	0.00936	0.00641	0.00566	0.02505	0.07347	0.01519	0.06310	0.30806	0.09293	0.06037	0.00830	0.05027	0.03811	0.02595	0.00420	0.18235
20	0.30789	0.03438	0.01227	0.01075	0.03192	0.30311	0.00818	0.13245	0.03257	0.01967	0.00928	0.01127	0.00763	0.05168	0.00550	0.00169	0.00643	0.00370	0.00334	0.00629
21	0.10003	0.01931	0.16737	0.03760	0.05454	0.28384	0.11518	0.08140	0.01327	0.01699	0.00929	0.01132	0.00728	0.00665	0.03926	0.00184	0.02116	0.00411	0.00283	0.00673
22	0.00871	0.00636	0.00863	0.00966	0.01098	0.00649	0.00838	0.01198	0.06587	0.01602	0.02712	0.05597	0.02898	0.01387	0.00706	0.00235	0.00475	0.69694	0.00483	0.00504
23	0.00625	0.00528	0.00540	0.00537	0.00709	0.00444	0.00403	0.00765	0.01209	0.01459	0.10849	0.04926	0.72632	0.01299	0.00615	0.00175	0.00262	0.01087	0.00490	0.00444
24	0.01370	0.01023	0.01156	0.00961	0.01303	0.01032	0.00764	0.13797	0.27974	0.09295	0.01733	0.07396	0.01430	0.00704	0.00508	0.00150	0.00429	0.04501	0.00472	0.24002
25	0.01392	0.82012	0.02729	0.00891	0.01337	0.02061	0.00891	0.01559	0.01058	0.01225	0.00724	0.00835	0.00668	0.00446	0.00334	0.00111	0.00557	0.00278	0.00223	0.00668
26	0.01392	0.82012	0.02729	0.00891	0.01337	0.02061	0.00891	0.01559	0.01058	0.01225	0.00724	0.00835	0.00668	0.00446	0.00334	0.00111	0.00557	0.00278	0.00223	0.00668
27	0.00983	0.00926	0.01562	0.80447	0.03587	0.01157	0.01446	0.01331	0.01041	0.01331	0.00926	0.01388	0.00694	0.00521	0.00521	0.00174	0.00694	0.00463	0.00231	0.00579
28	0.00753	0.00503	0.00569	0.00574	0.00575	0.00502	0.00322	0.00756	0.00766	0.01022	0.01686	0.06299	0.01951	0.78729	0.02577	0.00494	0.00497	0.00784	0.00322	0.00320
29	0.00670	0.00543	0.00606	0.00638	0.00796	0.00478	0.00506	0.00827	0.01184	0.01441	0.04594	0.07429	0.57777	0.01357	0.00642	0.00192	0.00317	0.19070	0.00483	0.00449
30	0.00710	0.00506	0.00656	0.04101	0.00821	0.00510	0.00476	0.00789	0.00900	0.01209	0.03794	0.38042	0.02543	0.33077	0.09143	0.00385	0.00504	0.01052	0.00389	0.00393
31	0.01097	0.01058	0.01454	0.01263	0.01288	0.01443	0.01036	0.01292	0.05442	0.01292	0.00879	0.01386	0.00854	0.05740	0.07598	0.00287	0.65284	0.00489	0.00255	0.00563
32	0.01295	0.01119	0.01178	0.01060	0.01354	0.01295	0.00824	0.02767	0.77509	0.02178	0.02120	0.01943	0.01590	0.00707	0.00530	0.00177	0.00412	0.00589	0.00530	0.00824
33	0.00662	0.00467	0.00606	0.00706	0.00734	0.00443	0.00466	0.00742	0.00962	0.01282	0.02655	0.65466	0.03163	0.15390	0.01008	0.00263	0.00343	0.03781	0.00454	0.00406
34	0.04857	0.61243	0.08798	0.00949	0.01410	0.05138	0.00951	0.03169	0.01103	0.01386	0.00770	0.00888	0.00675	0.00455	0.00360	0.00117	0.00573	0.00296	0.00241	0.06621
35	0.01890	0.02140	0.01539	0.03478	0.01685	0.55303	0.02797	0.19623	0.01671	0.01758	0.00916	0.01041	0.00725	0.00564	0.00517	0.00144	0.02833	0.00380	0.00326	0.00671
36	0.00905	0.00452	0.00678	0.00678	0.00678	0.00452	0.00452	0.00678	0.00678	0.00905	0.00905	0.01583	0.00905	0.01809	0.02035	0.84848	0.00452	0.00452	0.00226	0.00226
37	0.00756	0.00606	0.05308	0.00680	0.00794	0.00492	0.00524	0.00924	0.01043	0.01525	0.02621	0.44767	0.09783	0.02975	0.00607	0.00186	0.00314	0.01077	0.24557	0.00461
38	0.00766	0.00514	0.00595	0.00608	0.00620	0.00514	0.00369	0.00790	0.00802	0.01065	0.01754	0.03658	0.02005	0.73567	0.02455	0.00478	0.00502	0.08273	0.00332	0.00332
39	0.36318	0.01084	0.01249	0.01082	0.01217	0.01417	0.00899	0.01369	0.00835	0.01706	0.00701	0.01017	0.00634	0.00733	0.01130	0.00200	0.47193	0.00383	0.00267	0.00567
40	0.01463	0.09457	0.11996	0.04744	0.30996	0.01140	0.01254	0.03072	0.01277	0.19874	0.08439	0.01579	0.01276	0.00570	0.00506	0.00155	0.00558	0.00494	0.00374	0.00777
41	0.01434	0.76324	0.02647	0.00913	0.01356	0.02029	0.00898	0.06866	0.01156	0.01370	0.00761	0.00865	0.00684	0.00458	0.00347	0.00115	0.00558	0.00292	0.00244	0.00684
42	0.17956	0.00616	0.00676	0.00680	0.00784	0.00643	0.00469	0.01011	0.00897	0.05336	0.01809	0.25211	0.01986	0.30701	0.08698	0.00364	0.00506	0.00839	0.00379	0.00440
43	0.01302	0.06831	0.01287	0.01048	0.01353	0.01349	0.00829	0.02682	0.72111	0.02111	0.02021	0.01865	0.01525	0.00688	0.00516	0.00172	0.00422	0.00567	0.00508	0.00813
44	0.85377	0.01007	0.00765	0.00685	0.01007	0.01168	0.00564	0.01531	0.00886	0.02336	0.00725	0.00846	0.00564	0.00483	0.00322	0.00161	0.00403	0.00282	0.00322	0.00564
45	0.01714	0.35694	0.01999	0.01153	0.01496	0.47223	0.00958	0.01862	0.01301	0.01254	0.00771	0.00896	0.00670	0.00499	0.00413	0.00125	0.00780	0.00312	0.00249	0.00631
46	0.00622	0.00503	0.00553	0.00592	0.00720	0.00434	0.00424	0.00740	0.01125	0.01381	0.04487	0.30048	0.53711	0.01421	0.00632	0.00188	0.00276	0.01224	0.00484	0.00434
47	0.00720	0.00551	0.00676	0.00747	0.00857	0.00525	0.00568	0.00943	0.05734	0.01460	0.03485	0.35896	0.24628	0.01438	0.00656	0.00206	0.00342	0.19617	0.00485	0.00466
48	0.01391	0.22169	0.01561	0.03605	0.02520	0.16217	0.00821	0.14855	0.01494	0.01881	0.20543	0.01807	0.01834	0.00666	0.00475	0.00140	0.00537	0.00515	0.06331	0.00636
49	0.06076	0.00996	0.06728	0.29339	0.10688	0.02843	0.01083	0.01330	0.03418	0.01732	0.26770	0.03308	0.02172	0.00713	0.00539	0.00166	0.00516	0.00622	0.00366	0.00595
50	0.04334	0.15584	0.30593	0.01329	0.06391	0.09091	0.01310	0.09452	0.02705	0.12860	0.01097	0.01169	0.00800	0.00527	0.00468	0.00151	0.00655	0.00395	0.00328	0.00762
51	0.01894	0.02397	0.01483	0.01343	0.01594	0.74641	0.01015	0.02027	0.01433	0.01273	0.00797	0.00952	0.00672	0.00561	0.00548	0.00140	0.06019	0.00343	0.00266	0.00602
52	0.00719	0.00618	0.00811	0.20819	0.01446	0.00622	0.00680	0.00906	0.01141	0.01418	0.08246	0.14843	0.43548	0.01145	0.00598	0.00180	0.00377	0.00982	0.00425	0.00476
53	0.04157	0.24583	0.24923	0.01544	0.13486	0.09118	0.06290	0.01720	0.01168	0.07080	0.00951	0.01098	0.00739	0.00487	0.00454	0.00146	0.00675	0.00384	0.00268	0.00730
54	0.03651	0.08933	0.04382	0.01324	0.01626	0.02961	0.13230	0.09550	0.01249	0.19309	0.01132	0.01297	0.00855	0.00668	0.00906	0.00180	0.27200	0.00472	0.00362	0.00713
55	0.00715	0.00536	0.00681	0.00763	0.00874	0.00502	0.00605	0.00882	0.01143	0.01460	0.04988	0.27067	0.24625	0.01452	0.00672	0.00212	0.00363	0.31525	0.00484	0.00452
56	0.01135	0.00835	0.02594	0.02822	0.04862	0.00762	0.09128	0.01494	0.09165	0.15703	0.15912	0.03184	0.28407	0.00918	0.00581	0.00170	0.00413	0.00804	0.00487	0.00626
57	0.01269	0.05771	0.41921	0.11926	0.08691	0.01203	0.07019	0.02980	0.01180	0.11576	0.01086	0.01252	0.00773	0.00511	0.00505	0.00163	0.00699	0.00433	0.00288	0.00757
58	0.01121	0.01170	0.03969	0.50007	0.02947	0.06735	0.11989	0.04211	0.01150	0.01470	0.02780	0.01464	0.02457	0.00568	0.00609	0.00173	0.05812	0.00497	0.00262	0.00609
59	0.02806	0.00703	0.00778	0.08453	0.01077	0.00755	0.00580	0.13965	0.01312	0.02115	0.01528	0.01749	0.01181	0.00599	0.00405	0.00133	0.00346	0.00476	0.60475	0.00564
60	0.01668	0.01335	0.07339	0.05230	0.15055	0.06655	0.13727	0.11708	0.01452	0.24183	0.01384	0.01541	0.01001	0.00571	0.00532	0.00162	0.00628	0.02349	0.02699	0.00782
61	0.01242	0.06453	0.10522	0.20819	0.24580	0.02449	0.15993	0.04361	0.01210	0.04128	0.02675	0.01351	0.00863	0.00501	0.00524	0.00162	0.00689	0.00483	0.00276	0.00720
62	0.00988	0.20744	0.07008	0.17851	0.01586	0.01071	0.00874	0.01159	0.00993	0.01268	0.03836	0.03854	0.06736	0.16418	0.01050	0.08163	0.00542	0.05057	0.00293	0.00509

[dist]
# distance from previous block
# <min> <max>
2	8

[block]
# block no. 5 follows, 47 sequences, length 96
# corresponding to MSA columns:
# 314-409
name=unknown_F
#
# <colnr> <probs for GDERKNQSTAVLIFYWHMCP>
#	G	D	E	R	K	N	Q	S	T	A	V	L	I	F	Y	W	H	M	C	P
0	0.00727	0.00532	0.00682	0.00644	0.00772	0.00487	0.00483	0.00962	0.01449	0.02029	0.71858	0.03987	0.11268	0.01087	0.00614	0.00165	0.00247	0.00955	0.00565	0.00487
1	0.01275	0.26224	0.02169	0.01349	0.01611	0.07184	0.15081	0.01474	0.01029	0.01341	0.00891	0.01349	0.00829	0.00683	0.00936	0.00176	0.30878	0.04649	0.00250	0.00622
2	0.00639	0.00456	0.00609	0.00730	0.00762	0.00427	0.00491	0.00733	0.01001	0.01334	0.02868	0.79724	0.03435	0.01627	0.00666	0.00212	0.00306	0.03071	0.00483	0.00424
3	0.00673	0.00530	0.00607	0.00588	0.00738	0.00464	0.00441	0.00858	0.01322	0.01727	0.39564	0.04484	0.43750	0.01199	0.00615	0.00170	0.00255	0.01025	0.00526	0.00464
4	0.01295	0.01119	0.01178	0.01060	0.01354	0.01295	0.00824	0.02767	0.77509	0.02178	0.02120	0.01943	0.01590	0.00707	0.00530	0.00177	0.00412	0.00589	0.00530	0.00824
5	0.02259	0.00864	0.01167	0.00902	0.01288	0.00750	0.00743	0.02463	0.01468	0.74448	0.02034	0.01782	0.01292	0.00642	0.00515	0.00159	0.00432	0.00522	0.05408	0.00864
6	0.01392	0.82012	0.02729	0.00891	0.01337	0.02061	0.00891	0.01559	0.01058	0.01225	0.00724	0.00835	0.00668	0.00446	0.00334	0.00111	0.00557	0.00278	0.00223	0.00668
7	0.85377	0.01007	0.00765	0.00685	0.01007	0.01168	0.00564	0.01531	0.00886	0.02336	0.00725	0.00846	0.00564	0.00483	0.00322	0.00161	0.00403	0.00282	0.00322	0.00564
8	0.01980	0.01459	0.01563	0.01198	0.01615	0.01615	0.00990	0.76713	0.02448	0.03282	0.01250	0.01250	0.00886	0.00625	0.00521	0.00156	0.00573	0.00469	0.00521	0.00886
9	0.00634	0.00528	0.00553	0.00547	0.00715	0.00448	0.00410	0.00783	0.01231	0.01511	0.16395	0.04841	0.67054	0.01280	0.00615	0.00174	0.00261	0.01075	0.00497	0.00448
10	0.01423	0.77536	0.02658	0.00916	0.01352	0.06425	0.00898	0.01589	0.01082	0.01228	0.00729	0.00841	0.00668	0.00451	0.00342	0.00113	0.00578	0.00282	0.00225	0.00665
11	0.00971	0.00485	0.00485	0.00485	0.00607	0.00485	0.00364	0.01213	0.01092	0.01942	0.01699	0.01942	0.01335	0.00607	0.00364	0.00121	0.00243	0.00485	0.84589	0.00485
12	0.01266	0.00728	0.00907	0.00822	0.01029	0.00702	0.00626	0.09549	0.05689	0.21306	0.17637	0.29015	0.06367	0.01093	0.00594	0.00180	0.00360	0.00954	0.00549	0.00627
13	0.01811	0.24496	0.09250	0.01114	0.01533	0.21672	0.03154	0.02031	0.01319	0.27021	0.01216	0.01215	0.00878	0.00540	0.00456	0.00141	0.00648	0.00394	0.00375	0.00735
14	0.01339	0.01062	0.01818	0.01468	0.06078	0.01026	0.28072	0.08885	0.05729	0.13630	0.21064	0.02152	0.02004	0.02496	0.00627	0.00175	0.00571	0.00664	0.00441	0.00699
15	0.01080	0.00926	0.01080	0.00771	0.01234	0.00694	0.00617	0.01311	0.01080	0.01697	0.00926	0.01080	0.00771	0.00386	0.00386	0.00077	0.00386	0.00309	0.00309	0.84882
16	0.01266	0.53110	0.30521	0.01107	0.01671	0.01750	0.01267	0.01592	0.01073	0.01380	0.00801	0.00932	0.00665	0.00463	0.00393	0.00131	0.00634	0.00317	0.00222	0.00705
17	0.01109	0.01187	0.20108	0.00821	0.01127	0.05195	0.00821	0.03573	0.01165	0.04193	0.01478	0.03117	0.01154	0.00596	0.00417	0.00137	0.00430	0.00471	0.52317	0.00585
18	0.01229	0.01405	0.03073	0.02195	0.02722	0.01317	0.76558	0.01668	0.01229	0.01668	0.01054	0.01405	0.00790	0.00439	0.00615	0.00176	0.00878	0.00615	0.00263	0.00702
19	0.01045	0.02694	0.79000	0.01484	0.02254	0.01209	0.01924	0.01649	0.01099	0.01649	0.00935	0.01099	0.00660	0.00495	0.00495	0.00165	0.00770	0.00385	0.00220	0.00770
20	0.01045	0.02694	0.79000	0.01484	0.02254	0.01209	0.01924	0.01649	0.01099	0.01649	0.00935	0.01099	0.00660	0.00495	0.00495	0.00165	0.00770	0.00385	0.00220	0.00770
21	0.00829	0.00736	0.01015	0.20640	0.05210	0.00803	0.00819	0.01067	0.02834	0.01511	0.15121	0.05267	0.31764	0.00991	0.00700	0.00179	0.08776	0.00817	0.00399	0.00522
22	0.00737	0.00532	0.00696	0.00655	0.00778	0.00491	0.00491	0.00983	0.01474	0.02088	0.78175	0.03890	0.04914	0.01065	0.00614	0.00164	0.00246	0.00942	0.00573	0.00491
23	0.01789	0.02767	0.01273	0.00980	0.01322	0.00986	0.02952	0.23232	0.01736	0.34360	0.18815	0.02164	0.01998	0.00742	0.00546	0.00162	0.00452	0.02378	0.00569	0.00778
24	0.01054	0.00947	0.01468	0.34520	0.18766	0.01080	0.01211	0.04407	0.06026	0.01577	0.04805	0.13051	0.01416	0.00748	0.00616	0.00178	0.05080	0.02096	0.00324	0.00631
25	0.00634	0.00453	0.00604	0.00725	0.00755	0.00423	0.00483	0.00725	0.00997	0.01329	0.02870	0.81358	0.03444	0.01632	0.00665	0.00211	0.00302	0.01480	0.00483	0.00423
26	0.00995	0.00908	0.01227	0.01088	0.01090	0.01197	0.00852	0.01073	0.00797	0.01184	0.01100	0.06478	0.01210	0.25382	0.01933	0.00311	0.51816	0.00606	0.00269	0.00484
27	0.00879	0.00548	0.00679	0.00686	0.00754	0.00540	0.00458	0.03104	0.00980	0.07199	0.04043	0.29038	0.02345	0.35107	0.07681	0.00373	0.00488	0.00951	0.03713	0.00434
28	0.02336	0.00886	0.01209	0.00927	0.01329	0.00765	0.00765	0.02538	0.01491	0.78810	0.02055	0.01773	0.01289	0.00645	0.00524	0.00161	0.00443	0.00524	0.00645	0.00886
29	0.01045	0.02694	0.79000	0.01484	0.02254	0.01209	0.01924	0.01649	0.01099	0.01649	0.00935	0.01099	0.00660	0.00495	0.00495	0.00165	0.00770	0.00385	0.00220	0.00770
30	0.00976	0.00729	0.00808	0.00748	0.00952	0.00734	0.00567	0.01529	0.24211	0.07351	0.17337	0.05487	0.29768	0.05608	0.00700	0.00192	0.00333	0.00865	0.00516	0.00590
31	0.00810	0.00641	0.00740	0.00730	0.00876	0.00642	0.00536	0.01257	0.18022	0.01746	0.25374	0.21689	0.19709	0.03987	0.00679	0.00192	0.00308	0.01017	0.00514	0.00531
32	0.01462	0.01000	0.01122	0.00968	0.01247	0.01069	0.00758	0.23854	0.23081	0.12849	0.02134	0.18015	0.05160	0.00886	0.00551	0.00173	0.00428	0.00745	0.03758	0.00739
33	0.02316	0.00919	0.01229	0.00942	0.01346	0.00814	0.00778	0.06747	0.01545	0.74524	0.02009	0.01743	0.01266	0.00643	0.00524	0.00161	0.00451	0.00521	0.00638	0.00886
34	0.00634	0.00453	0.00604	0.00725	0.00755	0.00423	0.00483	0.00725	0.00997	0.01329	0.02870	0.81358	0.03444	0.01632	0.00665	0.00211	0.00302	0.01480	0.00483	0.00423
35	0.06275	0.01312	0.05151	0.12694	0.14761	0.06088	0.01129	0.21761	0.08835	0.06485	0.01203	0.01349	0.00906	0.00588	0.00568	0.00163	0.05274	0.00459	0.04251	0.00748
36	0.00686	0.00524	0.00586	0.00596	0.00742	0.00453	0.00437	0.00827	0.01197	0.03756	0.14577	0.20140	0.50979	0.01328	0.00623	0.00181	0.00274	0.01138	0.00500	0.00456
37	0.00634	0.00453	0.00604	0.00725	0.00755	0.00423	0.00483	0.00725	0.00997	0.01329	0.02870	0.81358	0.03444	0.01632	0.00665	0.00211	0.00302	0.01480	0.00483	0.00423
38	0.07716	0.01198	0.01415	0.01252	0.08617	0.01256	0.00933	0.34927	0.08419	0.26608	0.01516	0.01449	0.01045	0.00613	0.00508	0.00160	0.00511	0.00483	0.00522	0.00853
39	0.02822	0.14978	0.08251	0.02613	0.04741	0.09231	0.00918	0.06739	0.04871	0.11978	0.02832	0.05929	0.04559	0.00627	0.00487	0.00140	0.01722	0.00490	0.00370	0.15701
40	0.62282	0.08177	0.01059	0.02596	0.01160	0.07089	0.00679	0.02962	0.00978	0.02092	0.00764	0.00910	0.00612	0.00512	0.00414	0.00158	0.04578	0.00306	0.02092	0.00581
41	0.71796	0.01071	0.01138	0.00929	0.01284	0.01192	0.12829	0.01553	0.00942	0.02229	0.00778	0.00936	0.00600	0.00476	0.00369	0.00163	0.00480	0.00336	0.00313	0.00586
42	0.01491	0.01407	0.01318	0.01191	0.04269	0.21388	0.00910	0.16923	0.03595	0.01870	0.01110	0.01318	0.00898	0.00666	0.00768	0.00161	0.20514	0.00438	0.19123	0.00641
43	0.00741	0.00498	0.00573	0.00589	0.00592	0.00494	0.00337	0.00753	0.00789	0.01051	0.01801	0.13587	0.02096	0.71243	0.02391	0.00467	0.00478	0.00852	0.00337	0.00330
44	0.00703	0.00512	0.00661	0.00663	0.00767	0.00471	0.00482	0.00902	0.01334	0.01850	0.54132	0.23270	0.09862	0.01224	0.00627	0.00177	0.00261	0.01087	0.00544	0.00471
45	0.00687	0.00512	0.00645	0.00689	0.00790	0.00469	0.00510	0.00853	0.01211	0.01610	0.26828	0.31631	0.19989	0.01364	0.00645	0.00192	0.00298	0.10111	0.00511	0.00455
46	0.01289	0.01237	0.02114	0.03196	0.78450	0.01237	0.01598	0.01598	0.01186	0.01701	0.00980	0.01289	0.00825	0.00464	0.00516	0.00155	0.00619	0.00464	0.00258	0.00825
47	0.00822	0.00587	0.00820	0.00940	0.01052	0.00585	0.00810	0.01050	0.01182	0.01540	0.02767	0.12052	0.03034	0.01454	0.00715	0.00237	0.00465	0.68932	0.00480	0.00475
48	0.00757	0.00505	0.00568	0.00568	0.00568	0.00505	0.00316	0.00757	0.00757	0.01010	0.01641	0.03408	0.01893	0.81698	0.02651	0.00505	0.00505	0.00757	0.00316	0.00316
49	0.01295	0.01119	0.01178	0.01060	0.01354	0.01295	0.00824	0.02767	0.77509	0.02178	0.02120	0.01943	0.01590	0.00707	0.00530	0.00177	0.00412	0.00589	0.00530	0.00824
50	0.00683	0.00482	0.00631	0.00731	0.00768	0.00461	0.00504	0.00779	0.00985	0.01307	0.02648	0.57862	0.03122	0.15052	0.01006	0.00265	0.00361	0.11486	0.00455	0.00413
51	0.00757	0.00507	0.00580	0.00580	0.00585	0.00512	0.00331	0.00765	0.00761	0.01019	0.01629	0.03345	0.01866	0.78095	0.06217	0.00520	0.00546	0.00748	0.00314	0.00322
52	0.01045	0.02694	0.79000	0.01484	0.02254	0.01209	0.01924	0.01649	0.01099	0.01649	0.00935	0.01099	0.00660	0.00495	0.00495	0.00165	0.00770	0.00385	0.00220	0.00770
53	0.01890	0.01138	0.01428	0.01135	0.01430	0.01265	0.00941	0.25639	0.01600	0.33294	0.01418	0.01431	0.00993	0.00713	0.00853	0.00178	0.22879	0.00487	0.00489	0.00798
54	0.01510	0.01065	0.01128	0.00927	0.01226	0.01165	0.00745	0.37705	0.14315	0.02619	0.01538	0.01594	0.01150	0.00628	0.00467	0.00146	0.00432	0.00491	0.28805	0.02344
55	0.01938	0.01527	0.01534	0.01203	0.01600	0.08283	0.00982	0.66119	0.06625	0.03047	0.01261	0.01263	0.00907	0.00622	0.00517	0.00156	0.00595	0.00464	0.00500	0.00858
