[name]
unknown

[dist]
# distance from previous block
# <min> <max>
7	40

[block]
# block no. 0 follows, 50 sequences, length 92
# corresponding to MSA columns:
# 43-134
name=unknown_A
#
# <colnr> <probs for GDERKNQSTAVLIFYWHMCP>
#	G	D	E	R	K	N	Q	S	T	A	V	L	I	F	Y	W	H	M	C	P
0	0.01158	0.01887	0.43744	0.05772	0.03371	0.01146	0.12631	0.08679	0.01195	0.04893	0.01034	0.01218	0.00751	0.00505	0.00522	0.00157	0.03190	0.00429	0.07014	0.00706
1	0.05843	0.04555	0.01118	0.00895	0.03552	0.00810	0.02614	0.01479	0.04007	0.18078	0.14901	0.08211	0.03289	0.00700	0.00548	0.00140	0.05422	0.00576	0.00421	0.22841
2	0.01091	0.01091	0.01527	0.01309	0.01309	0.01527	0.01091	0.01200	0.00763	0.01200	0.00654	0.01091	0.00654	0.00872	0.01636	0.00218	0.81570	0.00436	0.00218	0.00545
3	0.01135	0.01174	0.02049	0.01472	0.01942	0.03461	0.41111	0.01458	0.01121	0.01597	0.00947	0.01193	0.00745	0.00400	0.00487	0.00125	0.00634	0.00450	0.00271	0.38229
4	0.01050	0.00950	0.01517	0.69989	0.06323	0.01155	0.01346	0.09030	0.01139	0.01477	0.00920	0.01312	0.00688	0.00506	0.00498	0.00164	0.00650	0.00444	0.00251	0.00593
5	0.01057	0.00804	0.00921	0.00832	0.01046	0.00863	0.00642	0.01865	0.39174	0.06613	0.36800	0.02691	0.02940	0.00827	0.00543	0.00163	0.00324	0.00712	0.00532	0.00649
6	0.00593	0.00505	0.00510	0.00509	0.00676	0.00422	0.00382	0.00723	0.01145	0.01368	0.07463	0.04762	0.76745	0.01254	0.00589	0.00168	0.00252	0.01047	0.00466	0.00422
7	0.00598	0.00498	0.00522	0.00532	0.00683	0.00422	0.00393	0.00727	0.01134	0.01379	0.09385	0.12676	0.66780	0.01278	0.00594	0.00171	0.00255	0.01080	0.00468	0.00422
8	0.01091	0.01091	0.01527	0.01309	0.01309	0.01527	0.01091	0.01200	0.00763	0.01200	0.00654	0.01091	0.00654	0.00872	0.01636	0.00218	0.81570	0.00436	0.00218	0.00545
9	0.00608	0.00469	0.00556	0.00613	0.00705	0.00417	0.00430	0.00723	0.01066	0.01364	0.10150	0.44568	0.33753	0.01396	0.00613	0.00185	0.00270	0.01227	0.00470	0.00417
10	0.01333	0.82783	0.02612	0.00853	0.01279	0.01972	0.00853	0.01493	0.01013	0.01173	0.00693	0.00800	0.00640	0.00426	0.00320	0.00107	0.00533	0.00267	0.00213	0.00640
11	0.00764	0.00558	0.00742	0.00833	0.00952	0.00544	0.00711	0.00966	0.01129	0.01446	0.03009	0.05389	0.15847	0.04538	0.00744	0.00229	0.00425	0.60274	0.00453	0.00446
12	0.01333	0.82783	0.02612	0.00853	0.01279	0.01972	0.00853	0.01493	0.01013	0.01173	0.00693	0.00800	0.00640	0.00426	0.00320	0.00107	0.00533	0.00267	0.00213	0.00640
13	0.00755	0.00520	0.00734	0.00734	0.00828	0.00592	0.00568	0.00944	0.00850	0.01297	0.01393	0.01938	0.01252	0.03110	0.64549	0.00665	0.01116	0.00520	0.17186	0.00449
14	0.00722	0.00494	0.00596	0.00596	0.00614	0.00512	0.00367	0.00759	0.00740	0.01005	0.01523	0.02996	0.01697	0.66445	0.18417	0.00548	0.00657	0.00686	0.00295	0.00331
15	0.00712	0.00534	0.00801	0.00801	0.00890	0.00623	0.00623	0.00890	0.00801	0.01157	0.01335	0.01958	0.01246	0.03738	0.80507	0.00801	0.01335	0.00534	0.00267	0.00445
16	0.02236	0.00848	0.01157	0.00887	0.01272	0.00733	0.00733	0.02429	0.01427	0.79719	0.01966	0.01697	0.01234	0.00617	0.00501	0.00154	0.00424	0.00501	0.00617	0.00848
17	0.01176	0.01345	0.02941	0.02101	0.02605	0.01261	0.77563	0.01597	0.01176	0.01597	0.01008	0.01345	0.00756	0.00420	0.00588	0.00168	0.00840	0.00588	0.00252	0.00672
18	0.00705	0.00510	0.00666	0.00627	0.00745	0.00470	0.00470	0.00941	0.01411	0.01999	0.79110	0.03723	0.04703	0.01019	0.00588	0.00157	0.00235	0.00901	0.00549	0.00470
19	0.01000	0.02578	0.79900	0.01421	0.02157	0.01158	0.01842	0.01579	0.01052	0.01579	0.00895	0.01052	0.00631	0.00474	0.00474	0.00158	0.00737	0.00368	0.00210	0.00737
20	0.01000	0.02578	0.79900	0.01421	0.02157	0.01158	0.01842	0.01579	0.01052	0.01579	0.00895	0.01052	0.00631	0.00474	0.00474	0.00158	0.00737	0.00368	0.00210	0.00737
21	0.00634	0.00496	0.00574	0.00577	0.00706	0.00436	0.00424	0.00793	0.01208	0.01570	0.31375	0.16028	0.40959	0.01220	0.00596	0.00169	0.00252	0.01053	0.00494	0.00436
22	0.00829	0.00726	0.01164	0.42481	0.08255	0.00828	0.01022	0.01058	0.00990	0.01301	0.01645	0.34122	0.01742	0.00926	0.00554	0.00179	0.00507	0.00838	0.00321	0.00512
23	0.01556	0.35464	0.06409	0.01224	0.06304	0.38674	0.01003	0.01733	0.01210	0.01246	0.00756	0.00887	0.00650	0.00471	0.00400	0.00122	0.00720	0.00309	0.00236	0.00626
24	0.01050	0.00916	0.01041	0.00749	0.01189	0.02285	0.00598	0.01270	0.01041	0.01616	0.00884	0.01031	0.00736	0.00372	0.00371	0.00075	0.00380	0.00296	0.00295	0.83805
25	0.01537	0.07775	0.06328	0.01095	0.01469	0.01338	0.03729	0.30071	0.27594	0.08916	0.01524	0.03945	0.01150	0.00628	0.00493	0.00156	0.00499	0.00508	0.00461	0.00784
26	0.00607	0.00434	0.00578	0.00694	0.00723	0.00405	0.00463	0.00694	0.00954	0.01272	0.02747	0.82157	0.03297	0.01562	0.00636	0.00202	0.00289	0.01417	0.00463	0.00405
27	0.01073	0.00996	0.01685	0.39492	0.36308	0.01098	0.03177	0.01385	0.01065	0.01478	0.00965	0.01326	0.00765	0.00479	0.00488	0.00155	0.00606	0.00448	0.06358	0.00653
28	0.01517	0.24307	0.03206	0.01038	0.01395	0.11692	0.02165	0.21757	0.16925	0.04833	0.03116	0.02449	0.02338	0.00584	0.00450	0.00141	0.00547	0.00441	0.00384	0.00715
29	0.01142	0.01112	0.01960	0.22576	0.50621	0.01158	0.09547	0.01456	0.01101	0.01529	0.00967	0.02823	0.00803	0.00477	0.00507	0.00156	0.00631	0.00478	0.00245	0.00710
30	0.01266	0.00879	0.01057	0.00767	0.01199	0.00678	0.00618	0.01482	0.01110	0.16726	0.01095	0.01162	0.00834	0.00417	0.00395	0.00089	0.00380	0.00335	0.00358	0.69154
31	0.00651	0.00460	0.00579	0.00639	0.00678	0.00435	0.00420	0.00738	0.00968	0.01301	0.13436	0.47813	0.06094	0.22106	0.01112	0.00266	0.00330	0.01153	0.00434	0.00389
32	0.62516	0.00932	0.00852	0.00720	0.01050	0.01010	0.00594	0.01735	0.01010	0.23962	0.01051	0.01058	0.00734	0.00506	0.00363	0.00154	0.00396	0.00335	0.00395	0.00626
33	0.00654	0.00507	0.00595	0.00573	0.00713	0.00448	0.00430	0.00841	0.01289	0.01710	0.46311	0.04199	0.37683	0.01127	0.00588	0.00162	0.00243	0.00968	0.00511	0.00448
34	0.01200	0.01280	0.02569	0.02490	0.33758	0.01230	0.46708	0.01569	0.01160	0.01610	0.00980	0.01300	0.00770	0.00430	0.00550	0.00160	0.00740	0.00530	0.00250	0.00720
35	0.01176	0.01345	0.02941	0.02101	0.02605	0.01261	0.77563	0.01597	0.01176	0.01597	0.01008	0.01345	0.00756	0.00420	0.00588	0.00168	0.00840	0.00588	0.00252	0.00672
36	0.06400	0.01068	0.01761	0.29794	0.48403	0.01154	0.01418	0.01438	0.01070	0.01544	0.00905	0.01240	0.00731	0.00464	0.00484	0.00155	0.00604	0.00433	0.00242	0.00693
37	0.01394	0.01582	0.01064	0.00990	0.01147	0.46225	0.00704	0.03190	0.01169	0.01180	0.01178	0.06767	0.01214	0.28751	0.01180	0.00255	0.00710	0.00531	0.00291	0.00478
38	0.00881	0.00753	0.00710	0.00677	0.00793	0.09188	0.00501	0.01009	0.01033	0.01374	0.02685	0.06048	0.29039	0.13879	0.00939	0.00208	0.08905	0.00733	0.20204	0.00442
39	0.00685	0.00506	0.00640	0.00612	0.00734	0.00461	0.00457	0.00899	0.01354	0.01878	0.65659	0.06896	0.15217	0.01074	0.00590	0.00160	0.00240	0.00943	0.00533	0.00461
40	0.00705	0.00510	0.00666	0.00627	0.00745	0.00470	0.00470	0.00941	0.01411	0.01999	0.79110	0.03723	0.04703	0.01019	0.00588	0.00157	0.00235	0.00901	0.00549	0.00470
41	0.01240	0.01071	0.01127	0.01014	0.01296	0.01240	0.00789	0.02649	0.78473	0.02085	0.02029	0.01860	0.01522	0.00676	0.00507	0.00169	0.00394	0.00564	0.00507	0.00789
42	0.01184	0.00710	0.00737	0.00645	0.00835	0.00750	0.00506	0.21362	0.01388	0.02197	0.01513	0.01684	0.01164	0.00585	0.00388	0.00125	0.00316	0.00460	0.62885	0.00566
43	0.01862	0.02376	0.01413	0.01284	0.01541	0.80482	0.00963	0.01990	0.01413	0.01220	0.00770	0.00899	0.00642	0.00514	0.00449	0.00128	0.00899	0.00321	0.00257	0.00578
44	0.00712	0.00534	0.00801	0.00801	0.00890	0.00623	0.00623	0.00890	0.00801	0.01157	0.01335	0.01958	0.01246	0.03738	0.80507	0.00801	0.01335	0.00534	0.00267	0.00445
45	0.00778	0.00663	0.00806	0.00899	0.09521	0.03450	0.00584	0.00965	0.01222	0.01626	0.31843	0.12841	0.26112	0.01038	0.00566	0.00159	0.00318	0.00902	0.00454	0.05252
46	0.02236	0.00848	0.01157	0.00887	0.01272	0.00733	0.00733	0.02429	0.01427	0.79719	0.01966	0.01697	0.01234	0.00617	0.00501	0.00154	0.00424	0.00501	0.00617	0.00848
47	0.00941	0.00886	0.01495	0.81285	0.03433	0.01107	0.01384	0.01274	0.00997	0.01274	0.00886	0.01329	0.00664	0.00498	0.00498	0.00166	0.00664	0.00443	0.00221	0.00554
48	0.01518	0.08148	0.28571	0.01200	0.01703	0.01065	0.09843	0.05544	0.01242	0.29554	0.01326	0.01423	0.00937	0.04981	0.00597	0.00171	0.00597	0.00456	0.00380	0.00743
49	0.00977	0.00898	0.01505	0.15434	0.23747	0.00965	0.09864	0.01199	0.00964	0.01335	0.01182	0.06221	0.01140	0.16657	0.09696	0.00297	0.06510	0.00578	0.00266	0.00565
50	0.86003	0.00964	0.00733	0.00655	0.00964	0.01118	0.00540	0.01465	0.00848	0.02236	0.00694	0.00810	0.00540	0.00463	0.00308	0.00154	0.00386	0.00270	0.00308	0.00540
51	0.00660	0.00508	0.00604	0.00580	0.00717	0.00451	0.00435	0.00853	0.01305	0.01746	0.50444	0.04139	0.33527	0.01113	0.00588	0.00161	0.00242	0.00960	0.00515	0.00451
52	0.06629	0.04222	0.01722	0.05192	0.39379	0.06739	0.04123	0.05224	0.11981	0.06883	0.01130	0.01290	0.00884	0.00509	0.00498	0.00152	0.01936	0.00444	0.00321	0.00742
53	0.01234	0.01184	0.02023	0.03059	0.79373	0.01184	0.01530	0.01530	0.01135	0.01628	0.00938	0.01234	0.00790	0.00444	0.00493	0.00148	0.00592	0.00444	0.00247	0.00790
54	0.00653	0.00455	0.00617	0.00725	0.00765	0.00432	0.00512	0.00742	0.00964	0.01280	0.02614	0.65604	0.03081	0.01544	0.00726	0.05506	0.00324	0.12607	0.00447	0.00401
55	0.00929	0.00933	0.07610	0.01322	0.06300	0.00808	0.15734	0.01257	0.03105	0.01542	0.02064	0.04065	0.02119	0.01045	0.00635	0.00205	0.00561	0.48827	0.00387	0.00551
56	0.02396	0.00637	0.00776	0.00736	0.00921	0.00564	0.00535	0.02753	0.04103	0.04135	0.02077	0.49245	0.02304	0.01105	0.00539	0.00160	0.00329	0.00982	0.00419	0.25287
57	0.00673	0.00523	0.00615	0.00602	0.00738	0.00476	0.00447	0.00901	0.04390	0.01685	0.40483	0.11372	0.32979	0.01149	0.00590	0.00166	0.00253	0.00993	0.00506	0.00458
58	0.01541	0.01356	0.12909	0.01696	0.25753	0.04720	0.01177	0.10926	0.09176	0.20974	0.02706	0.01406	0.01018	0.00545	0.00492	0.00151	0.00551	0.00460	0.00395	0.02047
59	0.01066	0.18603	0.64458	0.01307	0.01982	0.01320	0.01644	0.01561	0.01044	0.01497	0.00854	0.01002	0.00633	0.00464	0.00443	0.00148	0.00696	0.00348	0.00211	0.00717
60	0.02155	0.00824	0.01114	0.00861	0.01229	0.00716	0.00709	0.02350	0.01403	0.74881	0.01945	0.01707	0.01237	0.00615	0.00492	0.00152	0.00412	0.00499	0.05876	0.00824
61	0.01007	0.01009	0.01921	0.06719	0.14806	0.00986	0.33996	0.01348	0.04624	0.01509	0.01547	0.25123	0.01538	0.00777	0.00577	0.00175	0.00606	0.00798	0.00323	0.00611
62	0.01256	0.01067	0.06331	0.44850	0.12463	0.04136	0.01254	0.01557	0.01122	0.16466	0.01243	0.01476	0.03549	0.00540	0.00498	0.00160	0.00608	0.00466	0.00310	0.00648
63	0.00765	0.00599	0.00851	0.05341	0.12057	0.00578	0.00680	0.00918	0.01052	0.03158	0.04518	0.42577	0.16890	0.01243	0.00600	0.00186	0.00360	0.06718	0.00424	0.00486
64	0.00929	0.00465	0.00465	0.00465	0.00581	0.00465	0.00348	0.01161	0.01045	0.01858	0.01626	0.01858	0.01278	0.00581	0.00348	0.00116	0.00232	0.00465	0.85250	0.00465
65	0.01070	0.00951	0.03687	0.00771	0.01222	0.00698	0.00642	0.02679	0.01065	0.03039	0.00911	0.01049	0.00746	0.00381	0.00377	0.00079	0.00386	0.00304	0.00302	0.79641
66	0.06578	0.39275	0.28623	0.01066	0.01570	0.04649	0.01168	0.01651	0.08497	0.01468	0.00893	0.00992	0.00716	0.00472	0.00395	0.00134	0.00594	0.00332	0.00248	0.00678
67	0.00612	0.00439	0.00582	0.00695	0.00729	0.00409	0.00469	0.00703	0.00963	0.01279	0.02799	0.78476	0.05083	0.01550	0.00636	0.00202	0.00292	0.03211	0.00463	0.00407
68	0.00773	0.00604	0.00787	0.00714	0.00869	0.00583	0.03336	0.01139	0.10185	0.01932	0.60412	0.03524	0.11245	0.00981	0.00579	0.00160	0.00277	0.00866	0.00525	0.00509
69	0.00612	0.00444	0.00578	0.00675	0.00720	0.00410	0.00456	0.00711	0.00997	0.01323	0.07676	0.71112	0.09438	0.01504	0.00629	0.00197	0.00283	0.01356	0.00468	0.00410
70	0.00683	0.00507	0.00636	0.00607	0.00732	0.00460	0.00454	0.00896	0.01353	0.01868	0.64429	0.05699	0.17682	0.01074	0.00589	0.00160	0.00239	0.00939	0.00532	0.00460
71	0.01754	0.04259	0.01410	0.04184	0.01568	0.70947	0.00950	0.01894	0.01370	0.01244	0.02071	0.02427	0.00758	0.00534	0.00452	0.00130	0.00847	0.00353	0.00264	0.02585
72	0.86003	0.00964	0.00733	0.00655	0.00964	0.01118	0.00540	0.01465	0.00848	0.02236	0.00694	0.00810	0.00540	0.00463	0.00308	0.00154	0.00386	0.00270	0.00308	0.00540
73	0.01000	0.02578	0.79900	0.01421	0.02157	0.01158	0.01842	0.01579	0.01052	0.01579	0.00895	0.01052	0.00631	0.00474	0.00474	0.00158	0.00737	0.00368	0.00210	0.00737
74	0.01333	0.82783	0.02612	0.00853	0.01279	0.01972	0.00853	0.01493	0.01013	0.01173	0.00693	0.00800	0.00640	0.00426	0.00320	0.00107	0.00533	0.00267	0.00213	0.00640
75	0.00604	0.00447	0.00565	0.00660	0.00714	0.00408	0.00447	0.00698	0.00987	0.01286	0.03167	0.68055	0.17129	0.01507	0.00628	0.00196	0.00282	0.01350	0.00463	0.00408
76	0.01567	0.01052	0.01180	0.00993	0.01313	0.01143	0.00791	0.15092	0.44705	0.20707	0.04600	0.01776	0.01453	0.00661	0.00507	0.00162	0.00422	0.00541	0.00533	0.00802
77	0.01154	0.01081	0.01397	0.01570	0.28076	0.05802	0.00937	0.01395	0.01092	0.01601	0.00897	0.01094	0.00750	0.00404	0.00417	0.00103	0.00479	0.00348	0.00276	0.51129
78	0.00712	0.00534	0.00801	0.00801	0.00890	0.00623	0.00623	0.00890	0.00801	0.01157	0.01335	0.01958	0.01246	0.03738	0.80507	0.00801	0.01335	0.00534	0.00267	0.00445
79	0.01081	0.01029	0.01748	0.43773	0.39849	0.01144	0.01454	0.01396	0.01063	0.01444	0.00911	0.01283	0.00724	0.00472	0.00496	0.00157	0.00630	0.00444	0.00234	0.00667
80	0.01101	0.03125	0.12149	0.01567	0.01989	0.01076	0.41612	0.01549	0.07319	0.04865	0.06195	0.12361	0.01405	0.00646	0.00564	0.00169	0.00655	0.00678	0.00328	0.00648
81	0.00786	0.00567	0.00797	0.00893	0.01005	0.00578	0.00769	0.01006	0.01098	0.01441	0.02504	0.05086	0.04205	0.01710	0.12014	0.00309	0.00579	0.63767	0.00432	0.00456
82	0.01895	0.01396	0.01496	0.01147	0.01546	0.01546	0.00947	0.77711	0.02344	0.03141	0.01197	0.01197	0.00848	0.00598	0.00499	0.00150	0.00548	0.00449	0.00499	0.00848
83	0.01226	0.01175	0.02188	0.01834	0.13010	0.03550	0.42703	0.04347	0.01279	0.07266	0.14650	0.01748	0.01481	0.00551	0.00561	0.00160	0.00661	0.00603	0.00338	0.00670
84	0.01051	0.00998	0.01694	0.51880	0.31978	0.01136	0.01439	0.01370	0.01049	0.01407	0.00905	0.01293	0.00711	0.00478	0.00497	0.00159	0.00637	0.00443	0.00231	0.00642
85	0.00593	0.00505	0.00511	0.00509	0.00676	0.00423	0.00382	0.00724	0.01146	0.01371	0.07776	0.04757	0.76430	0.01253	0.00589	0.00168	0.00252	0.01046	0.00466	0.00423
86	0.01199	0.01085	0.00946	0.00857	0.00982	0.20056	0.00610	0.08940	0.01092	0.04470	0.01290	0.02208	0.01306	0.41029	0.07311	0.00359	0.04916	0.00561	0.00317	0.00469
87	0.01205	0.45237	0.36318	0.01110	0.01671	0.01603	0.01287	0.03901	0.01071	0.01411	0.00797	0.00922	0.00643	0.00452	0.00393	0.00130	0.00622	0.00317	0.00221	0.00688
88	0.00768	0.00505	0.00618	0.00643	0.00761	0.00448	0.00461	0.00893	0.01106	0.08929	0.10999	0.40745	0.28636	0.01317	0.00603	0.00182	0.00285	0.01156	0.00486	0.00459
89	0.00659	0.00471	0.00638	0.00753	0.00805	0.00449	0.00553	0.00783	0.01005	0.01330	0.02719	0.61961	0.03184	0.01513	0.00650	0.00210	0.00334	0.21103	0.00462	0.00419
90	0.00824	0.00734	0.01050	0.00995	0.01030	0.00892	0.03556	0.00932	0.00885	0.01255	0.01834	0.46285	0.02131	0.01240	0.01040	0.00208	0.33294	0.00988	0.00356	0.00472
91	0.01454	0.01571	0.01385	0.19689	0.07414	0.35224	0.01039	0.04905	0.12435	0.03290	0.05902	0.01365	0.01058	0.00566	0.00484	0.00148	0.00684	0.00438	0.00320	0.00628

[dist]
# distance from previous block
# <min> <max>
0	1

[block]
# block no. 1 follows, 50 sequences, length 28
# corresponding to MSA columns:
# 136-163
name=unknown_B
#
# <colnr> <probs for GDERKNQSTAVLIFYWHMCP>
#	G	D	E	R	K	N	Q	S	T	A	V	L	I	F	Y	W	H	M	C	P
0	0.09668	0.00593	0.00705	0.00697	0.00785	0.00650	0.00500	0.00997	0.05545	0.01268	0.01500	0.02637	0.01541	0.36525	0.28622	0.00521	0.00756	0.05759	0.00314	0.00416
1	0.01124	0.00947	0.00998	0.00904	0.01145	0.01065	0.00690	0.04795	0.57691	0.01909	0.02344	0.02364	0.11592	0.09298	0.00730	0.00201	0.00391	0.00640	0.00480	0.00692
2	0.23892	0.00923	0.00967	0.00729	0.01134	0.00813	0.00588	0.03664	0.01024	0.01835	0.00844	0.00978	0.00688	0.00401	0.00357	0.00098	0.00379	0.00293	0.00305	0.60086
3	0.01220	0.06025	0.01131	0.00914	0.01118	0.07304	0.00719	0.07641	0.01160	0.12366	0.01652	0.26644	0.01671	0.02495	0.00720	0.00171	0.12194	0.02875	0.00395	0.11584
4	0.00915	0.00683	0.00822	0.00735	0.00906	0.00690	0.00565	0.11069	0.09584	0.02156	0.60958	0.03201	0.03871	0.00929	0.00568	0.00157	0.00292	0.00807	0.00538	0.00553
5	0.01000	0.02578	0.79900	0.01421	0.02157	0.01158	0.01842	0.01579	0.01052	0.01579	0.00895	0.01052	0.00631	0.00474	0.00474	0.00158	0.00737	0.00368	0.00210	0.00737
6	0.01165	0.01114	0.01900	0.21372	0.61596	0.01166	0.01496	0.01470	0.01103	0.01545	0.00925	0.01256	0.00760	0.00457	0.00495	0.00152	0.00609	0.00444	0.00241	0.00734
7	0.00653	0.00467	0.00631	0.00746	0.00795	0.00444	0.00542	0.00773	0.01000	0.01324	0.02722	0.64241	0.03196	0.01518	0.00648	0.00209	0.00329	0.18881	0.00462	0.00418
8	0.86003	0.00964	0.00733	0.00655	0.00964	0.01118	0.00540	0.01465	0.00848	0.02236	0.00694	0.00810	0.00540	0.00463	0.00308	0.00154	0.00386	0.00270	0.00308	0.00540
9	0.00653	0.00453	0.00565	0.00635	0.00653	0.00436	0.00400	0.00706	0.00864	0.01152	0.02286	0.51201	0.02714	0.33313	0.01382	0.00313	0.00365	0.01145	0.00400	0.00365
10	0.01333	0.82783	0.02612	0.00853	0.01279	0.01972	0.00853	0.01493	0.01013	0.01173	0.00693	0.00800	0.00640	0.00426	0.00320	0.00107	0.00533	0.00267	0.00213	0.00640
11	0.01000	0.02578	0.79900	0.01421	0.02157	0.01158	0.01842	0.01579	0.01052	0.01579	0.00895	0.01052	0.00631	0.00474	0.00474	0.00158	0.00737	0.00368	0.00210	0.00737
12	0.01681	0.02075	0.01439	0.01290	0.01487	0.61998	0.00993	0.01805	0.01261	0.01215	0.00743	0.00944	0.00645	0.00598	0.00727	0.00149	0.19784	0.00348	0.00248	0.00570
13	0.00720	0.00504	0.00648	0.00648	0.00684	0.00540	0.00432	0.00792	0.00756	0.01044	0.01475	0.02734	0.01583	0.50603	0.34104	0.00612	0.00828	0.00648	0.00288	0.00360
14	0.00697	0.00510	0.00673	0.00772	0.00861	0.00487	0.00611	0.00856	0.01072	0.01386	0.03033	0.34841	0.14197	0.01431	0.00654	0.00210	0.00364	0.36452	0.00461	0.00433
15	0.01333	0.82783	0.02612	0.00853	0.01279	0.01972	0.00853	0.01493	0.01013	0.01173	0.00693	0.00800	0.00640	0.00426	0.00320	0.00107	0.00533	0.00267	0.00213	0.00640
16	0.00693	0.00509	0.00649	0.00614	0.00737	0.00465	0.00461	0.00917	0.01382	0.01931	0.71372	0.03835	0.12484	0.01044	0.00588	0.00158	0.00237	0.00917	0.00540	0.00465
17	0.01431	0.01166	0.01235	0.01053	0.01369	0.01329	0.00835	0.24601	0.56209	0.02394	0.01785	0.01666	0.01324	0.00653	0.00505	0.00163	0.00440	0.00530	0.00505	0.00806
18	0.01549	0.01281	0.12841	0.05151	0.24341	0.04326	0.01173	0.06929	0.02795	0.27094	0.01410	0.04270	0.01068	0.00592	0.00503	0.00156	0.00553	0.02808	0.00397	0.00762
19	0.00782	0.01030	0.17357	0.01069	0.01328	0.00702	0.13474	0.01027	0.01019	0.01392	0.02174	0.48819	0.05499	0.01136	0.00593	0.00186	0.00471	0.01048	0.00376	0.00518
20	0.00683	0.00522	0.00629	0.00600	0.00737	0.00474	0.00451	0.00914	0.03188	0.01805	0.55032	0.04000	0.26967	0.01084	0.00586	0.00161	0.00244	0.00938	0.00522	0.00463
21	0.01289	0.06226	0.43810	0.02934	0.01860	0.04763	0.06604	0.05452	0.01193	0.13120	0.01114	0.01221	0.00790	0.00505	0.00469	0.00151	0.00645	0.00408	0.06730	0.00717
22	0.08622	0.07482	0.18584	0.03354	0.18013	0.02530	0.05804	0.02728	0.01050	0.01544	0.01319	0.20702	0.01316	0.00743	0.00547	0.00165	0.03936	0.00640	0.00297	0.00626
23	0.00992	0.01150	0.09964	0.57820	0.03142	0.01142	0.15978	0.01367	0.01037	0.01367	0.00910	0.01303	0.00679	0.00481	0.00513	0.00166	0.00706	0.00463	0.00226	0.00595
24	0.00813	0.00863	0.06609	0.01229	0.07774	0.00720	0.18322	0.01034	0.01060	0.01410	0.02487	0.37464	0.15983	0.01079	0.00594	0.00181	0.00465	0.01009	0.00379	0.00524
25	0.01484	0.01790	0.36109	0.01350	0.01905	0.04395	0.13529	0.07059	0.01284	0.24333	0.01239	0.01289	0.00841	0.00517	0.00501	0.00157	0.00657	0.00446	0.00357	0.00760
26	0.02980	0.01168	0.03489	0.01742	0.12834	0.01231	0.30626	0.03264	0.05799	0.01611	0.01035	0.01332	0.00833	0.00571	0.00788	0.00171	0.20231	0.00502	0.09146	0.00646
27	0.04244	0.09583	0.01230	0.01078	0.07216	0.13802	0.00799	0.03365	0.05960	0.13174	0.08740	0.12820	0.01883	0.00851	0.00523	0.00164	0.00496	0.13050	0.00415	0.00607

[dist]
# distance from previous block
# <min> <max>
2	13

[block]
# block no. 2 follows, 50 sequences, length 14
# corresponding to MSA columns:
# 177-190
name=unknown_C
#
# <colnr> <probs for GDERKNQSTAVLIFYWHMCP>
#	G	D	E	R	K	N	Q	S	T	A	V	L	I	F	Y	W	H	M	C	P
0	0.01222	0.09659	0.16522	0.01675	0.12290	0.08510	0.25792	0.03667	0.01181	0.04023	0.01291	0.05037	0.05745	0.00558	0.00512	0.00154	0.00680	0.00531	0.00281	0.00671
1	0.01017	0.05166	0.03210	0.03803	0.04653	0.06837	0.10047	0.06246	0.03392	0.02968	0.03307	0.28826	0.05916	0.09251	0.00786	0.00204	0.02623	0.00841	0.00370	0.00537
2	0.01310	0.08398	0.03059	0.06823	0.16151	0.12335	0.04014	0.03493	0.01151	0.07379	0.01038	0.04612	0.00876	0.00536	0.00527	0.00134	0.05939	0.00428	0.02297	0.19500
3	0.01032	0.01052	0.05335	0.10218	0.09594	0.05541	0.03765	0.01290	0.03688	0.01420	0.01159	0.09878	0.01103	0.06159	0.04036	0.00195	0.11027	0.00528	0.00288	0.22692
4	0.00840	0.00574	0.00710	0.00641	0.00808	0.00505	0.00476	0.01023	0.01231	0.07443	0.41324	0.08535	0.13156	0.09018	0.00750	0.00183	0.00296	0.00832	0.00481	0.11176
5	0.00986	0.07560	0.28335	0.01100	0.03811	0.00997	0.03621	0.03950	0.10868	0.01784	0.25616	0.02163	0.05731	0.00704	0.00513	0.00155	0.00492	0.00596	0.00377	0.00641
6	0.79603	0.00926	0.00712	0.00641	0.00935	0.01069	0.00525	0.01442	0.00863	0.02208	0.00764	0.00889	0.00595	0.00472	0.00311	0.00151	0.00374	0.00285	0.06699	0.00534
7	0.00934	0.00824	0.01123	0.00976	0.01073	0.00971	0.03181	0.01059	0.00857	0.01285	0.01234	0.13936	0.01304	0.13427	0.03843	0.00246	0.34988	0.00619	0.04678	0.13442
8	0.00703	0.00567	0.00628	0.00618	0.00774	0.00530	0.00468	0.00988	0.09309	0.01555	0.20191	0.06174	0.44825	0.04639	0.00671	0.00184	0.00288	0.05940	0.00479	0.00467
9	0.00815	0.00657	0.00928	0.00876	0.00936	0.00814	0.00685	0.00959	0.00796	0.01183	0.01214	0.01890	0.01169	0.11533	0.49075	0.00592	0.20244	0.00528	0.04652	0.00454
10	0.01034	0.00886	0.01034	0.00738	0.01181	0.00664	0.00591	0.01255	0.01034	0.01624	0.00886	0.01034	0.00738	0.00369	0.00369	0.00074	0.00369	0.00295	0.00295	0.85530
11	0.01428	0.11005	0.20254	0.01024	0.01488	0.09696	0.01005	0.05192	0.01217	0.17904	0.01154	0.03790	0.00883	0.00518	0.00440	0.00128	0.00552	0.00399	0.00343	0.21582
12	0.08745	0.26670	0.13589	0.03668	0.02949	0.09785	0.00951	0.03451	0.03256	0.01525	0.02493	0.03614	0.00849	0.00498	0.00400	0.00125	0.00548	0.00365	0.00272	0.16247
13	0.32536	0.10772	0.25291	0.04486	0.01561	0.03618	0.02795	0.01613	0.05004	0.05218	0.00902	0.01018	0.00678	0.00480	0.00399	0.00149	0.00549	0.00342	0.00285	0.02303

[dist]
# distance from previous block
# <min> <max>
0	19

[block]
# block no. 3 follows, 50 sequences, length 91
# corresponding to MSA columns:
# 211-301
name=unknown_D
#
# <colnr> <probs for GDERKNQSTAVLIFYWHMCP>
#	G	D	E	R	K	N	Q	S	T	A	V	L	I	F	Y	W	H	M	C	P
0	0.01214	0.01895	0.00940	0.00799	0.01022	0.06144	0.00596	0.03668	0.12136	0.14262	0.01633	0.07993	0.01515	0.24643	0.01086	0.00243	0.00456	0.03691	0.00401	0.15662
1	0.00787	0.00614	0.00867	0.21318	0.01449	0.00664	0.00716	0.05118	0.01018	0.01343	0.02024	0.43610	0.02273	0.12062	0.00850	0.00229	0.00432	0.03788	0.00381	0.00456
2	0.01535	0.04532	0.01562	0.17130	0.01934	0.11689	0.06822	0.28493	0.10059	0.06131	0.01163	0.01272	0.00859	0.00547	0.00488	0.00149	0.00608	0.00443	0.00381	0.04204
3	0.01604	0.04932	0.04261	0.00974	0.04530	0.04227	0.00775	0.09199	0.11421	0.30002	0.01585	0.01583	0.01137	0.02215	0.02042	0.00162	0.00462	0.00469	0.14211	0.04210
4	0.00929	0.00465	0.00465	0.00465	0.00581	0.00465	0.00348	0.01161	0.01045	0.01858	0.01626	0.01858	0.01278	0.00581	0.00348	0.00116	0.00232	0.00465	0.85250	0.00465
5	0.08042	0.15747	0.03085	0.04494	0.01368	0.09078	0.02317	0.17716	0.05823	0.07353	0.02141	0.04186	0.00994	0.00578	0.00453	0.00139	0.01978	0.00437	0.09922	0.04147
6	0.00929	0.00465	0.00465	0.00465	0.00581	0.00465	0.00348	0.01161	0.01045	0.01858	0.01626	0.01858	0.01278	0.00581	0.00348	0.00116	0.00232	0.00465	0.85250	0.00465
7	0.86003	0.00964	0.00733	0.00655	0.00964	0.01118	0.00540	0.01465	0.00848	0.02236	0.00694	0.00810	0.00540	0.00463	0.00308	0.00154	0.00386	0.00270	0.00308	0.00540
8	0.00929	0.00465	0.00465	0.00465	0.00581	0.00465	0.00348	0.01161	0.01045	0.01858	0.01626	0.01858	0.01278	0.00581	0.00348	0.00116	0.00232	0.00465	0.85250	0.00465
9	0.06127	0.25387	0.11205	0.04089	0.01451	0.01187	0.00919	0.01952	0.01211	0.39737	0.01349	0.01291	0.00925	0.00530	0.00434	0.00141	0.00502	0.00401	0.00416	0.00745
10	0.01112	0.02522	0.02166	0.24138	0.10049	0.04558	0.35576	0.01448	0.01085	0.01438	0.00958	0.01332	0.00756	0.00696	0.06053	0.00208	0.04532	0.00506	0.00242	0.00625
11	0.00960	0.00896	0.01495	0.79672	0.03395	0.01116	0.01375	0.02812	0.01024	0.01311	0.00892	0.01326	0.00668	0.00500	0.00498	0.00166	0.00662	0.00443	0.00227	0.00560
12	0.00607	0.00434	0.00578	0.00694	0.00723	0.00405	0.00463	0.00694	0.00954	0.01272	0.02747	0.82157	0.03297	0.01562	0.00636	0.00202	0.00289	0.01417	0.00463	0.00405
13	0.01455	0.00755	0.00930	0.00802	0.01072	0.00704	0.00643	0.05678	0.08671	0.35648	0.02838	0.09215	0.21471	0.00924	0.00550	0.00169	0.00376	0.06896	0.00536	0.00666
14	0.00685	0.00494	0.00588	0.00611	0.00729	0.00437	0.00441	0.00820	0.01134	0.04661	0.17940	0.32287	0.34765	0.01298	0.00602	0.00178	0.00269	0.01132	0.00485	0.00442
15	0.62633	0.00932	0.00851	0.00720	0.01050	0.01011	0.00594	0.01734	0.01010	0.23853	0.01049	0.01057	0.00733	0.00506	0.00362	0.00154	0.00396	0.00334	0.00395	0.00626
16	0.01357	0.01090	0.01158	0.00999	0.01300	0.01227	0.00789	0.18795	0.53670	0.04370	0.02087	0.01945	0.07558	0.00704	0.00512	0.00164	0.00417	0.00576	0.00505	0.00774
17	0.01122	0.01233	0.09056	0.22923	0.08498	0.01255	0.20378	0.01430	0.01012	0.04613	0.00903	0.01250	0.00715	0.00579	0.00827	0.00178	0.22681	0.00473	0.00245	0.00629
18	0.00611	0.00490	0.00550	0.00590	0.00714	0.00428	0.00435	0.00735	0.01089	0.01345	0.05244	0.26923	0.50975	0.01353	0.00610	0.00182	0.00278	0.06565	0.00464	0.00420
19	0.02236	0.00848	0.01157	0.00887	0.01272	0.00733	0.00733	0.02429	0.01427	0.79719	0.01966	0.01697	0.01234	0.00617	0.00501	0.00154	0.00424	0.00501	0.00617	0.00848
20	0.01184	0.01209	0.02360	0.06327	0.23339	0.01208	0.41659	0.01518	0.01112	0.03660	0.01003	0.01378	0.00807	0.03697	0.00715	0.00179	0.07175	0.00532	0.00258	0.00678
21	0.01072	0.09446	0.63070	0.04536	0.02126	0.04603	0.05307	0.01577	0.01068	0.01517	0.00877	0.01049	0.00640	0.00470	0.00466	0.00153	0.00728	0.00371	0.00215	0.00711
22	0.00619	0.00511	0.00547	0.00552	0.00710	0.00439	0.00423	0.00766	0.01168	0.01432	0.13210	0.04742	0.64689	0.01244	0.00597	0.00172	0.00267	0.07012	0.00472	0.00429
23	0.00941	0.00886	0.01495	0.81285	0.03433	0.01107	0.01384	0.01274	0.00997	0.01274	0.00886	0.01329	0.00664	0.00498	0.00498	0.00166	0.00664	0.00443	0.00221	0.00554
24	0.01120	0.28317	0.29691	0.07719	0.10115	0.01368	0.02745	0.02915	0.01061	0.01426	0.00985	0.05482	0.00868	0.02261	0.00486	0.00151	0.00613	0.01770	0.00242	0.00665
25	0.01278	0.03256	0.31035	0.05363	0.18341	0.02498	0.01333	0.08490	0.01234	0.10757	0.01200	0.01335	0.02330	0.00522	0.00471	0.00150	0.00589	0.00430	0.08663	0.00725
26	0.00602	0.00456	0.00556	0.00635	0.00708	0.00410	0.00437	0.00701	0.01011	0.01295	0.03461	0.58185	0.26809	0.01469	0.00622	0.00192	0.00278	0.01304	0.00463	0.00410
27	0.00967	0.00812	0.01175	0.01362	0.18629	0.00921	0.00844	0.02374	0.00916	0.03207	0.01391	0.15690	0.01485	0.21748	0.05905	0.00297	0.20762	0.00687	0.00305	0.00521
28	0.01069	0.07176	0.02782	0.04775	0.15620	0.04349	0.02256	0.02854	0.18492	0.02837	0.01872	0.23059	0.05088	0.00846	0.00519	0.00164	0.00450	0.00741	0.04428	0.00623
29	0.01049	0.06006	0.37693	0.22923	0.12614	0.01200	0.08623	0.01488	0.01058	0.01484	0.00898	0.01164	0.00673	0.00469	0.00485	0.00157	0.00697	0.00413	0.00222	0.00684
30	0.00607	0.00434	0.00578	0.00694	0.00723	0.00405	0.00463	0.00694	0.00954	0.01272	0.02747	0.82157	0.03297	0.01562	0.00636	0.00202	0.00289	0.01417	0.00463	0.00405
31	0.60125	0.01141	0.01071	0.01227	0.17765	0.08464	0.00790	0.01527	0.00962	0.02013	0.00753	0.00909	0.00603	0.00463	0.00361	0.00151	0.00477	0.00312	0.00291	0.00597
32	0.00614	0.00478	0.00560	0.00613	0.00716	0.00424	0.00440	0.00735	0.01075	0.01360	0.08343	0.37821	0.38706	0.01381	0.00614	0.00185	0.00277	0.04770	0.00468	0.00419
33	0.01185	0.01045	0.01259	0.15897	0.07324	0.01211	0.00952	0.02315	0.58669	0.01903	0.01740	0.01717	0.01311	0.00627	0.00505	0.00167	0.00458	0.00533	0.00436	0.00746
34	0.01019	0.00564	0.00574	0.00542	0.00687	0.00583	0.00414	0.07326	0.04329	0.01970	0.01608	0.01806	0.01253	0.00586	0.00367	0.00121	0.00264	0.00467	0.75011	0.00508
35	0.01105	0.00634	0.00652	0.00589	0.00756	0.00661	0.00457	0.15066	0.01281	0.02091	0.01548	0.01738	0.01199	0.00584	0.00376	0.00122	0.00290	0.00462	0.69855	0.00534
36	0.02025	0.00803	0.01083	0.00846	0.01198	0.00695	0.00693	0.02218	0.01410	0.69281	0.08437	0.02024	0.05575	0.00683	0.00513	0.00155	0.00400	0.00563	0.00603	0.00795
37	0.86003	0.00964	0.00733	0.00655	0.00964	0.01118	0.00540	0.01465	0.00848	0.02236	0.00694	0.00810	0.00540	0.00463	0.00308	0.00154	0.00386	0.00270	0.00308	0.00540
38	0.00601	0.00505	0.00521	0.00517	0.00680	0.00426	0.00388	0.00738	0.01163	0.01411	0.12370	0.04691	0.71810	0.01238	0.00589	0.00167	0.00251	0.01037	0.00471	0.00426
39	0.02118	0.01037	0.01274	0.00977	0.01367	0.01013	0.00807	0.28427	0.01743	0.53273	0.01701	0.01524	0.01100	0.00611	0.00500	0.00153	0.00467	0.00483	0.00576	0.00848
40	0.00906	0.00817	0.01165	0.01053	0.01095	0.01081	0.00853	0.01044	0.00780	0.01174	0.00994	0.01549	0.00959	0.04324	0.38222	0.00495	0.42266	0.00489	0.00243	0.00492
41	0.01862	0.02376	0.01413	0.01284	0.01541	0.80482	0.00963	0.01990	0.01413	0.01220	0.00770	0.00899	0.00642	0.00514	0.00449	0.00128	0.00899	0.00321	0.00257	0.00578
42	0.01234	0.01184	0.02023	0.03059	0.79373	0.01184	0.01530	0.01530	0.01135	0.01628	0.00938	0.01234	0.00790	0.00444	0.00493	0.00148	0.00592	0.00444	0.00247	0.00790
43	0.00607	0.00434	0.00578	0.00694	0.00723	0.00405	0.00463	0.00694	0.00954	0.01272	0.02747	0.82157	0.03297	0.01562	0.00636	0.00202	0.00289	0.01417	0.00463	0.00405
44	0.00623	0.00445	0.00596	0.00712	0.00748	0.00418	0.00490	0.00721	0.00970	0.01290	0.02739	0.76055	0.03263	0.01547	0.00640	0.00205	0.00303	0.07365	0.00462	0.00409
45	0.02231	0.00857	0.01162	0.00891	0.01277	0.00746	0.00736	0.03694	0.01442	0.78432	0.01954	0.01688	0.01227	0.00617	0.00501	0.00154	0.00426	0.00500	0.00615	0.00848
46	0.01234	0.01184	0.02023	0.03059	0.79373	0.01184	0.01530	0.01530	0.01135	0.01628	0.00938	0.01234	0.00790	0.00444	0.00493	0.00148	0.00592	0.00444	0.00247	0.00790
47	0.00606	0.00439	0.00573	0.00679	0.00719	0.00406	0.00456	0.00696	0.00969	0.01278	0.02931	0.75989	0.09346	0.01538	0.00632	0.00200	0.00286	0.01388	0.00463	0.00406
48	0.00694	0.00509	0.00650	0.00615	0.00738	0.00465	0.00461	0.00919	0.01384	0.01935	0.71845	0.03829	0.12008	0.01043	0.00588	0.00158	0.00237	0.00916	0.00540	0.00465
49	0.86003	0.00964	0.00733	0.00655	0.00964	0.01118	0.00540	0.01465	0.00848	0.02236	0.00694	0.00810	0.00540	0.00463	0.00308	0.00154	0.00386	0.00270	0.00308	0.00540
50	0.08631	0.01246	0.01434	0.01117	0.01497	0.05370	0.07116	0.36644	0.07921	0.21864	0.01377	0.01340	0.00955	0.00579	0.00489	0.00153	0.00534	0.00461	0.00481	0.00790
51	0.01120	0.00985	0.01613	0.06716	0.07875	0.00992	0.21972	0.15114	0.01427	0.01950	0.21307	0.02432	0.03698	0.00731	0.00564	0.00165	0.00539	0.08229	0.01949	0.00623
52	0.01504	0.01782	0.01437	0.01277	0.01422	0.45195	0.01003	0.01626	0.01124	0.01209	0.00743	0.01016	0.00669	0.00777	0.03813	0.00189	0.34037	0.00376	0.00241	0.00560
53	0.01230	0.01207	0.03309	0.03032	0.78098	0.01184	0.01535	0.01531	0.01134	0.01628	0.00937	0.01231	0.00787	0.00445	0.00493	0.00148	0.00595	0.00443	0.00246	0.00789
54	0.01067	0.00995	0.01485	0.01061	0.01518	0.00806	0.18818	0.01336	0.01067	0.01618	0.00915	0.01107	0.00743	0.00381	0.00421	0.00096	0.00481	0.00365	0.00285	0.65435
55	0.01811	0.10129	0.01528	0.01243	0.01516	0.72911	0.00952	0.01942	0.01374	0.01215	0.00763	0.00889	0.00642	0.00505	0.00437	0.00126	0.00864	0.00316	0.00253	0.00584
56	0.01317	0.01467	0.02341	0.02306	0.30264	0.15091	0.36584	0.01641	0.01203	0.01542	0.00941	0.01226	0.00748	0.00445	0.00530	0.00154	0.00761	0.00489	0.00251	0.00698
57	0.01176	0.01345	0.02941	0.02101	0.02605	0.01261	0.77563	0.01597	0.01176	0.01597	0.01008	0.01345	0.00756	0.00420	0.00588	0.00168	0.00840	0.00588	0.00252	0.00672
58	0.01258	0.01080	0.01137	0.01018	0.01303	0.01248	0.00793	0.04693	0.76399	0.02114	0.02006	0.01842	0.01503	0.00674	0.00507	0.00169	0.00399	0.00560	0.00507	0.00791
59	0.00733	0.00539	0.00690	0.00647	0.00773	0.00510	0.00487	0.01030	0.05423	0.02003	0.75098	0.03626	0.04537	0.01001	0.00584	0.00157	0.00243	0.00884	0.00547	0.00487
60	0.00607	0.00434	0.00578	0.00694	0.00723	0.00405	0.00463	0.00694	0.00954	0.01272	0.02747	0.82157	0.03297	0.01562	0.00636	0.00202	0.00289	0.01417	0.00463	0.00405
61	0.00897	0.00531	0.00678	0.00654	0.00789	0.00484	0.00485	0.01079	0.01241	0.12151	0.36192	0.23424	0.09500	0.01083	0.00567	0.00165	0.00275	0.00951	0.08354	0.00500
62	0.01455	0.01136	0.01260	0.00938	0.01360	0.01096	0.00765	0.38687	0.01675	0.02367	0.01038	0.01113	0.00792	0.00481	0.00433	0.00111	0.00457	0.00370	0.00395	0.44070
63	0.01453	0.02808	0.01229	0.01052	0.01327	0.12717	0.00831	0.13603	0.37646	0.08187	0.01697	0.05895	0.01366	0.00715	0.00554	0.00164	0.03828	0.03747	0.00456	0.00725
64	0.01057	0.00718	0.00988	0.00911	0.02542	0.00825	0.02086	0.05180	0.01003	0.09348	0.01323	0.01697	0.01112	0.01976	0.34778	0.00433	0.14643	0.00494	0.18346	0.00539
65	0.13295	0.00921	0.01120	0.00885	0.01252	0.00886	0.00726	0.07345	0.08613	0.57015	0.01751	0.01560	0.01142	0.00601	0.00476	0.00155	0.00425	0.00473	0.00558	0.00802
66	0.01449	0.06389	0.35639	0.01344	0.04864	0.07537	0.05308	0.14743	0.02773	0.13568	0.01115	0.01185	0.00789	0.00517	0.00479	0.00151	0.00653	0.00411	0.00334	0.00754
67	0.01332	0.01476	0.11019	0.01538	0.01973	0.07547	0.32944	0.15228	0.10319	0.03328	0.04276	0.01570	0.01081	0.00558	0.00541	0.00162	0.00684	0.03375	0.00347	0.00704
68	0.00723	0.00485	0.00553	0.00550	0.00560	0.00482	0.00315	0.00742	0.00780	0.01049	0.07753	0.03299	0.02043	0.75987	0.02382	0.00457	0.00463	0.00739	0.00322	0.00315
69	0.00768	0.00550	0.00757	0.00836	0.00946	0.00539	0.00704	0.00989	0.01196	0.01595	0.20327	0.10205	0.03321	0.01306	0.00662	0.00211	0.00396	0.53756	0.00480	0.00458
70	0.01409	0.00841	0.01287	0.44048	0.02385	0.00909	0.01054	0.01672	0.01172	0.31327	0.01632	0.01746	0.07142	0.00605	0.00507	0.00162	0.00540	0.00514	0.00392	0.00656
71	0.01415	0.10640	0.34654	0.01238	0.01757	0.08130	0.01311	0.28009	0.01516	0.02031	0.00972	0.01082	0.00722	0.00591	0.02172	0.00162	0.02153	0.00386	0.00316	0.00742
72	0.00612	0.00436	0.00577	0.00688	0.00716	0.00408	0.00456	0.00695	0.00945	0.01260	0.02699	0.78917	0.03236	0.04886	0.00714	0.00214	0.00297	0.01389	0.00456	0.00401
73	0.40470	0.01380	0.13561	0.00976	0.04539	0.13099	0.00846	0.02537	0.01036	0.01866	0.04929	0.01189	0.00894	0.02789	0.01436	0.00166	0.01554	0.00366	0.05792	0.00576
74	0.11366	0.30109	0.05400	0.01045	0.04566	0.01556	0.00903	0.29509	0.03507	0.02110	0.00964	0.01040	0.00754	0.00507	0.00405	0.00133	0.00518	0.00360	0.02896	0.02352
75	0.00632	0.00472	0.00588	0.00633	0.00719	0.00428	0.00447	0.00772	0.01130	0.01504	0.25916	0.41987	0.20279	0.01335	0.00612	0.00181	0.00265	0.01184	0.00488	0.00428
76	0.01132	0.01112	0.01665	0.35447	0.23388	0.05533	0.02654	0.03454	0.01048	0.01408	0.00856	0.01227	0.00702	0.00564	0.00734	0.00170	0.17604	0.00438	0.00238	0.00627
77	0.01312	0.01053	0.01420	0.33844	0.08014	0.01196	0.01108	0.28507	0.04540	0.03923	0.01300	0.07816	0.02506	0.00639	0.00511	0.00162	0.00563	0.00541	0.00367	0.00678
78	0.00634	0.00488	0.00580	0.00596	0.00711	0.00434	0.00432	0.00788	0.01185	0.01554	0.30154	0.24209	0.33932	0.01254	0.00601	0.00173	0.00256	0.01093	0.00493	0.00434
79	0.01223	0.01056	0.01120	0.00992	0.01287	0.01194	0.00773	0.02538	0.72298	0.02048	0.01938	0.01794	0.01459	0.00652	0.00496	0.00161	0.00392	0.00542	0.00490	0.07545
80	0.86003	0.00964	0.00733	0.00655	0.00964	0.01118	0.00540	0.01465	0.00848	0.02236	0.00694	0.00810	0.00540	0.00463	0.00308	0.00154	0.00386	0.00270	0.00308	0.00540
81	0.00596	0.00505	0.00515	0.00512	0.00678	0.00424	0.00384	0.00729	0.01153	0.01386	0.09495	0.04733	0.74701	0.01248	0.00589	0.00168	0.00251	0.01043	0.00468	0.00424
82	0.86003	0.00964	0.00733	0.00655	0.00964	0.01118	0.00540	0.01465	0.00848	0.02236	0.00694	0.00810	0.00540	0.00463	0.00308	0.00154	0.00386	0.00270	0.00308	0.00540
83	0.05578	0.03820	0.23456	0.01775	0.02319	0.04611	0.47931	0.01599	0.01132	0.01598	0.00943	0.01205	0.00704	0.00441	0.00530	0.00161	0.00783	0.00493	0.00243	0.00678
84	0.01221	0.01172	0.02001	0.06384	0.76145	0.01181	0.01524	0.01519	0.01129	0.01613	0.00935	0.01238	0.00784	0.00446	0.00494	0.00149	0.00595	0.00444	0.00246	0.00780
85	0.01319	0.01053	0.01129	0.01004	0.01294	0.01199	0.00784	0.02631	0.72330	0.08275	0.02024	0.01847	0.01499	0.00672	0.00507	0.00168	0.00397	0.00559	0.00516	0.00794
86	0.01517	0.01555	0.28674	0.01355	0.01875	0.01009	0.18820	0.01892	0.01220	0.32014	0.01366	0.02784	0.00942	0.00543	0.00535	0.00161	0.02108	0.00490	0.00383	0.00756
87	0.01404	0.01179	0.03564	0.01270	0.01623	0.04491	0.23235	0.18758	0.10668	0.08308	0.01353	0.01472	0.01000	0.00552	0.00514	0.00152	0.02048	0.00503	0.17211	0.00694
88	0.00829	0.00679	0.00861	0.08479	0.04217	0.00723	0.00672	0.01298	0.21389	0.01506	0.02477	0.44608	0.07959	0.01162	0.00580	0.00186	0.00362	0.01036	0.00443	0.00536
89	0.00605	0.00443	0.00569	0.00669	0.00716	0.00407	0.00451	0.00697	0.00979	0.01282	0.03055	0.71802	0.13453	0.01522	0.00630	0.00198	0.00284	0.01368	0.00463	0.00407
90	0.01174	0.01152	0.17191	0.00979	0.01267	0.07046	0.03142	0.01401	0.01126	0.18966	0.01979	0.37489	0.01991	0.01005	0.00557	0.00176	0.00479	0.01861	0.00423	0.00595

[dist]
# distance from previous block
# <min> <max>
0	1

[block]
# block no. 4 follows, 50 sequences, length 81
# corresponding to MSA columns:
# 303-383
name=unknown_E
#
# <colnr> <probs for GDERKNQSTAVLIFYWHMCP>
#	G	D	E	R	K	N	Q	S	T	A	V	L	I	F	Y	W	H	M	C	P
0	0.01027	0.02230	0.64494	0.01272	0.01899	0.02467	0.01582	0.03035	0.02481	0.01651	0.01021	0.01179	0.00742	0.00495	0.00457	0.00152	0.00659	0.00386	0.12072	0.00699
1	0.01505	0.00793	0.00944	0.00797	0.01056	0.00781	0.00638	0.17099	0.02498	0.27639	0.04633	0.09251	0.04390	0.00760	0.00489	0.00152	0.00378	0.03851	0.21679	0.00666
2	0.79737	0.05463	0.00849	0.00679	0.00992	0.02710	0.00565	0.01477	0.00868	0.02158	0.00695	0.00811	0.00547	0.00462	0.00312	0.00151	0.00404	0.00271	0.00302	0.00546
3	0.00657	0.00516	0.00602	0.00618	0.00759	0.00460	0.00483	0.00827	0.01196	0.01525	0.22053	0.08026	0.44140	0.01239	0.00609	0.00178	0.00288	0.14904	0.00482	0.00439
4	0.01639	0.01142	0.01411	0.08686	0.14665	0.04047	0.00986	0.29639	0.05058	0.18005	0.04403	0.01468	0.01096	0.00583	0.00493	0.00150	0.00519	0.00477	0.04768	0.00764
5	0.01533	0.01419	0.01279	0.01103	0.01409	0.17438	0.00865	0.21613	0.43426	0.02178	0.01561	0.01496	0.01171	0.00623	0.00493	0.00156	0.00536	0.00485	0.00454	0.00761
6	0.00660	0.00508	0.00604	0.00580	0.00717	0.00451	0.00435	0.00853	0.01304	0.01746	0.50373	0.04140	0.33598	0.01113	0.00588	0.00161	0.00242	0.00960	0.00515	0.00451
7	0.04815	0.05975	0.33099	0.09273	0.05874	0.02778	0.03391	0.06050	0.20421	0.01765	0.01177	0.01280	0.00877	0.00528	0.00474	0.00157	0.00607	0.00428	0.00310	0.00722
8	0.01176	0.29904	0.22566	0.01410	0.01895	0.01508	0.23485	0.01515	0.01045	0.01404	0.00833	0.01054	0.00673	0.00483	0.00573	0.00149	0.09033	0.00404	0.00224	0.00664
9	0.00607	0.00434	0.00578	0.00694	0.00723	0.00405	0.00463	0.00694	0.00954	0.01272	0.02747	0.82157	0.03297	0.01562	0.00636	0.00202	0.00289	0.01417	0.00463	0.00405
10	0.01176	0.01345	0.02941	0.02101	0.02605	0.01261	0.77563	0.01597	0.01176	0.01597	0.01008	0.01345	0.00756	0.00420	0.00588	0.00168	0.00840	0.00588	0.00252	0.00672
11	0.06377	0.04505	0.15164	0.06740	0.03262	0.15121	0.23133	0.01512	0.01108	0.01489	0.01053	0.01340	0.02347	0.02464	0.06351	0.00206	0.01817	0.00459	0.04944	0.00609
