[name]
unknown

[dist]
# distance from previous block
# <min> <max>
12	240

[block]
# block no. 0 follows, 42 sequences, length 35
# corresponding to MSA columns:
# 280-314
name=unknown_A
#
# <colnr> <probs for GDERKNQSTAVLIFYWHMCP>
#	G	D	E	R	K	N	Q	S	T	A	V	L	I	F	Y	W	H	M	C	P
0	0.01864	0.01389	0.01520	0.01216	0.01598	0.01543	0.00989	0.57264	0.08668	0.03105	0.01534	0.05326	0.01204	0.01110	0.08741	0.00251	0.00684	0.00581	0.00534	0.00879
1	0.01030	0.00550	0.00565	0.00549	0.00684	0.00538	0.00401	0.01264	0.01141	0.01979	0.01789	0.02220	0.01476	0.09039	0.00655	0.00173	0.00300	0.00546	0.70549	0.04551
2	0.01178	0.01098	0.05326	0.66899	0.03549	0.01230	0.01513	0.01602	0.03962	0.06631	0.01132	0.01536	0.00828	0.00578	0.00562	0.00186	0.00724	0.00506	0.00292	0.00668
3	0.84197	0.01088	0.00827	0.00740	0.01088	0.01262	0.00609	0.01654	0.00958	0.02525	0.00784	0.00914	0.00609	0.00522	0.00348	0.00174	0.00435	0.00305	0.00348	0.00609
4	0.84197	0.01088	0.00827	0.00740	0.01088	0.01262	0.00609	0.01654	0.00958	0.02525	0.00784	0.00914	0.00609	0.00522	0.00348	0.00174	0.00435	0.00305	0.00348	0.00609
5	0.01129	0.02911	0.77306	0.01604	0.02436	0.01307	0.02079	0.01782	0.01188	0.01782	0.01010	0.01188	0.00713	0.00535	0.00535	0.00178	0.00832	0.00416	0.00238	0.00832
6	0.00665	0.00570	0.00570	0.00570	0.00760	0.00475	0.00428	0.00808	0.01283	0.01520	0.05701	0.05416	0.76483	0.01425	0.00665	0.00190	0.00285	0.01188	0.00523	0.00475
7	0.00701	0.00508	0.00666	0.00787	0.00839	0.00473	0.00545	0.00815	0.01111	0.01462	0.03296	0.68302	0.09378	0.01720	0.00719	0.00228	0.00338	0.07125	0.00522	0.00463
8	0.02332	0.01267	0.01498	0.01148	0.01591	0.01287	0.00949	0.38825	0.02129	0.40288	0.01785	0.01633	0.01175	0.00686	0.00564	0.00172	0.00549	0.00536	0.00630	0.00957
9	0.01328	0.01518	0.03321	0.02372	0.02941	0.01423	0.74668	0.01803	0.01328	0.01803	0.01139	0.01518	0.00854	0.00474	0.00664	0.00190	0.00949	0.00664	0.00285	0.00759
10	0.01175	0.01226	0.02431	0.34568	0.03173	0.01281	0.37999	0.01591	0.01263	0.01684	0.06946	0.01720	0.01157	0.00564	0.00621	0.00188	0.00812	0.00622	0.00296	0.00685
11	0.00804	0.00603	0.00904	0.00904	0.01005	0.00703	0.00703	0.01005	0.00904	0.01306	0.01507	0.02211	0.01407	0.04221	0.77992	0.00904	0.01507	0.00603	0.00301	0.00502
12	0.02041	0.01991	0.01528	0.01307	0.01644	0.39637	0.01015	0.26607	0.01910	0.08624	0.01322	0.07349	0.01094	0.00714	0.00548	0.00162	0.00782	0.00525	0.00435	0.00766
13	0.29878	0.01225	0.01736	0.08421	0.44974	0.01305	0.01329	0.01679	0.01158	0.02044	0.00959	0.01236	0.00783	0.00513	0.00486	0.00171	0.00595	0.00434	0.00300	0.00773
14	0.01666	0.01956	0.01659	0.01464	0.01608	0.39806	0.01159	0.01800	0.01228	0.01366	0.00804	0.01123	0.00732	0.00783	0.01178	0.00196	0.40142	0.00428	0.00268	0.00634
15	0.02332	0.01267	0.01497	0.01148	0.01591	0.01286	0.00948	0.38753	0.02128	0.40360	0.01786	0.01634	0.01175	0.00686	0.00564	0.00172	0.00549	0.00536	0.00630	0.00957
16	0.00689	0.00528	0.00616	0.00681	0.00775	0.00473	0.00467	0.00797	0.01138	0.01439	0.04042	0.42514	0.33289	0.08769	0.00892	0.00242	0.00330	0.01360	0.00506	0.00454
17	0.00741	0.00532	0.00703	0.00746	0.00828	0.00494	0.00527	0.00923	0.01335	0.01846	0.39722	0.42067	0.04515	0.01457	0.00691	0.00203	0.00296	0.01309	0.00571	0.00494
18	0.00721	0.00572	0.00647	0.00628	0.00794	0.00499	0.00471	0.00915	0.01414	0.01831	0.35583	0.04904	0.46408	0.01309	0.00665	0.00185	0.00277	0.01116	0.00564	0.00499
19	0.02072	0.01543	0.01651	0.01281	0.01720	0.01714	0.01053	0.68293	0.09297	0.03438	0.01437	0.01419	0.01026	0.00684	0.00564	0.00171	0.00603	0.00518	0.00564	0.00951
20	0.00796	0.00575	0.00752	0.00708	0.00841	0.00531	0.00531	0.01062	0.01593	0.02257	0.76415	0.04204	0.05310	0.01150	0.00664	0.00177	0.00265	0.01018	0.00619	0.00531
21	0.00685	0.00493	0.00649	0.00774	0.00814	0.00458	0.00518	0.00785	0.01086	0.01440	0.03214	0.76628	0.06876	0.01748	0.00716	0.00227	0.00325	0.01582	0.00522	0.00458
22	0.01637	0.01743	0.01389	0.01128	0.01537	0.32622	0.00875	0.08209	0.01473	0.01796	0.00977	0.01121	0.00800	0.00507	0.00467	0.00116	0.00681	0.00361	0.00336	0.42225
23	0.01505	0.80561	0.02949	0.00963	0.01444	0.02227	0.00963	0.01685	0.01143	0.01324	0.00782	0.00903	0.00722	0.00481	0.00361	0.00120	0.00602	0.00301	0.00241	0.00722
24	0.13995	0.00704	0.00770	0.00723	0.00816	0.00746	0.00484	0.07292	0.00975	0.01497	0.01377	0.02540	0.01452	0.40716	0.02102	0.21917	0.00520	0.00626	0.00336	0.00411
25	0.00741	0.00533	0.00703	0.00746	0.00829	0.00494	0.00527	0.00923	0.01335	0.01847	0.39794	0.41992	0.04517	0.01456	0.00691	0.00203	0.00296	0.01309	0.00571	0.00494
26	0.01764	0.01499	0.02474	0.01810	0.02318	0.01512	0.37813	0.32714	0.01907	0.08431	0.01313	0.01479	0.00940	0.00577	0.00614	0.00180	0.00773	0.00590	0.00434	0.00858
27	0.00688	0.00571	0.00602	0.00594	0.00774	0.00485	0.00445	0.00852	0.01336	0.01648	0.17954	0.05206	0.64150	0.01378	0.00665	0.00188	0.00282	0.01158	0.00539	0.00485
28	0.01488	0.01108	0.01293	0.07092	0.01529	0.01194	0.00880	0.37942	0.02083	0.02837	0.33043	0.02568	0.02780	0.00867	0.00606	0.00174	0.00480	0.00722	0.00562	0.00751
29	0.00686	0.00490	0.00653	0.00784	0.00816	0.00457	0.00522	0.00784	0.01077	0.01437	0.03102	0.79855	0.03722	0.01763	0.00718	0.00229	0.00326	0.01600	0.00522	0.00457
30	0.02274	0.01239	0.01465	0.01137	0.01569	0.01260	0.00935	0.33226	0.07821	0.40195	0.01858	0.01691	0.01234	0.00693	0.00565	0.00173	0.00536	0.00546	0.00630	0.00952
31	0.42855	0.01127	0.01053	0.00930	0.01274	0.01282	0.00745	0.02302	0.31993	0.08867	0.01532	0.01492	0.01136	0.00637	0.00460	0.00181	0.00443	0.00465	0.00471	0.00756
32	0.01273	0.00997	0.01178	0.00847	0.01342	0.00756	0.00679	0.01521	0.01202	0.07724	0.01096	0.01226	0.00877	0.00439	0.00428	0.00090	0.00422	0.00352	0.00362	0.77191
33	0.08739	0.01042	0.01301	0.01001	0.01436	0.00959	0.00825	0.10749	0.01643	0.57040	0.01914	0.01715	0.01239	0.00659	0.00537	0.00166	0.00487	0.00521	0.00626	0.07402
34	0.01079	0.00992	0.01700	0.01604	0.13286	0.00962	0.19900	0.01523	0.07848	0.02083	0.38826	0.02890	0.03160	0.00841	0.00639	0.00180	0.00520	0.00813	0.00476	0.00677

[dist]
# distance from previous block
# <min> <max>
2	6

[block]
# block no. 1 follows, 42 sequences, length 81
# corresponding to MSA columns:
# 321-401
name=unknown_B
#
# <colnr> <probs for GDERKNQSTAVLIFYWHMCP>
#	G	D	E	R	K	N	Q	S	T	A	V	L	I	F	Y	W	H	M	C	P
0	0.00700	0.00532	0.00645	0.00700	0.00803	0.00477	0.00493	0.00843	0.01240	0.01617	0.17647	0.41549	0.27642	0.01539	0.00691	0.00206	0.00302	0.01357	0.00541	0.00477
1	0.01356	0.49821	0.32385	0.01217	0.01837	0.01863	0.01405	0.01724	0.01161	0.01505	0.00872	0.01016	0.00719	0.00503	0.00430	0.00143	0.00693	0.00346	0.00240	0.00766
2	0.01481	0.00727	0.00971	0.00824	0.01077	0.00648	0.00648	0.01727	0.01600	0.31886	0.47043	0.03298	0.03759	0.00971	0.00625	0.00176	0.00350	0.00839	0.00650	0.00700
3	0.01237	0.01178	0.02003	0.39060	0.42324	0.01296	0.01650	0.01591	0.01208	0.01649	0.01031	0.01444	0.00825	0.00530	0.00560	0.00177	0.00707	0.00501	0.00265	0.00766
4	0.00743	0.00538	0.00727	0.00775	0.00854	0.00521	0.00553	0.00917	0.01237	0.01712	0.29269	0.40862	0.03944	0.01914	0.12385	0.00312	0.00483	0.01239	0.00524	0.00491
5	0.01466	0.01193	0.01323	0.01020	0.01467	0.01148	0.00819	0.20420	0.18156	0.02385	0.01377	0.01422	0.01062	0.00560	0.00489	0.00129	0.00475	0.00445	0.00445	0.44200
6	0.33818	0.00794	0.00868	0.00833	0.01029	0.00921	0.00658	0.01258	0.00924	0.01784	0.01227	0.01730	0.01105	0.04410	0.45621	0.00608	0.01062	0.00490	0.00321	0.00541
7	0.01211	0.01260	0.02298	0.27404	0.02808	0.01457	0.28272	0.01546	0.01120	0.01546	0.00972	0.01425	0.00785	0.00658	0.00988	0.00206	0.24553	0.00558	0.00262	0.00671
8	0.00695	0.00499	0.00673	0.00793	0.00831	0.00476	0.00537	0.00801	0.01064	0.01426	0.02977	0.73769	0.03541	0.01956	0.06776	0.00282	0.00419	0.01522	0.00505	0.00461
9	0.00686	0.00490	0.00653	0.00784	0.00816	0.00457	0.00522	0.00784	0.01077	0.01437	0.03102	0.79855	0.03722	0.01763	0.00718	0.00229	0.00326	0.01600	0.00522	0.00457
10	0.01505	0.80561	0.02949	0.00963	0.01444	0.02227	0.00963	0.01685	0.01143	0.01324	0.00782	0.00903	0.00722	0.00481	0.00361	0.00120	0.00602	0.00301	0.00241	0.00722
11	0.02102	0.02682	0.01595	0.01450	0.01740	0.77963	0.01087	0.02247	0.01595	0.01377	0.00870	0.01015	0.00725	0.00580	0.00507	0.00145	0.01015	0.00362	0.00290	0.00652
12	0.01143	0.01089	0.01800	0.55787	0.16771	0.01324	0.01552	0.01480	0.01121	0.01500	0.00979	0.01448	0.00774	0.00603	0.00718	0.00191	0.10292	0.00499	0.00255	0.00672
13	0.00978	0.00489	0.00733	0.00733	0.00733	0.00489	0.00489	0.00733	0.00733	0.00978	0.00978	0.01711	0.00978	0.01955	0.02199	0.83627	0.00489	0.00489	0.00244	0.00244
14	0.01231	0.01231	0.01724	0.01477	0.01477	0.01724	0.01231	0.01354	0.00862	0.01354	0.00739	0.01231	0.00739	0.00985	0.01847	0.00246	0.79192	0.00492	0.00246	0.00616
15	0.01400	0.01209	0.01273	0.01145	0.01463	0.01400	0.00891	0.02990	0.75695	0.02354	0.02291	0.02100	0.01718	0.00764	0.00573	0.00191	0.00445	0.00636	0.00573	0.00891
16	0.00685	0.00492	0.00651	0.00777	0.00815	0.00458	0.00520	0.00784	0.01083	0.01439	0.03178	0.77679	0.05849	0.01753	0.00717	0.00227	0.00325	0.01588	0.00522	0.00458
17	0.01265	0.01960	0.26810	0.02128	0.02781	0.01386	0.51622	0.01796	0.01284	0.01796	0.01098	0.01413	0.00809	0.00494	0.00623	0.00186	0.00912	0.00585	0.00270	0.00782
18	0.00805	0.00540	0.00618	0.00631	0.00634	0.00537	0.00359	0.00815	0.00844	0.01126	0.01907	0.11342	0.02214	0.72333	0.02649	0.00514	0.00524	0.00897	0.00359	0.00353
19	0.01133	0.01035	0.01645	0.02342	0.46662	0.01008	0.01235	0.01417	0.01348	0.01870	0.17998	0.02727	0.15617	0.00808	0.00600	0.00173	0.00513	0.00737	0.00396	0.00739
20	0.00805	0.00600	0.00892	0.00892	0.00988	0.00697	0.00688	0.00997	0.00901	0.01297	0.01519	0.02275	0.01435	0.07557	0.74694	0.00889	0.01465	0.00612	0.00303	0.00495
21	0.01208	0.02360	0.48017	0.01908	0.02636	0.01353	0.30815	0.01790	0.01244	0.01790	0.01061	0.01319	0.00769	0.00511	0.00586	0.00183	0.00878	0.00514	0.00256	0.00803
22	0.01236	0.00699	0.00988	0.00923	0.01106	0.00731	0.00720	0.01478	0.03765	0.20025	0.01893	0.10981	0.01678	0.02949	0.47359	0.00622	0.01082	0.00709	0.00434	0.00623
23	0.84197	0.01088	0.00827	0.00740	0.01088	0.01262	0.00609	0.01654	0.00958	0.02525	0.00784	0.00914	0.00609	0.00522	0.00348	0.00174	0.00435	0.00305	0.00348	0.00609
24	0.01890	0.02103	0.01483	0.01329	0.01639	0.47645	0.01014	0.05094	0.25691	0.04464	0.01396	0.01411	0.01079	0.00647	0.00533	0.00162	0.00797	0.00464	0.00406	0.00752
25	0.00686	0.00490	0.00653	0.00784	0.00816	0.00457	0.00522	0.00784	0.01077	0.01437	0.03102	0.79855	0.03722	0.01763	0.00718	0.00229	0.00326	0.01600	0.00522	0.00457
26	0.00789	0.00588	0.00872	0.00889	0.00980	0.00671	0.00680	0.00976	0.00927	0.01323	0.01715	0.12306	0.01708	0.03901	0.67945	0.00817	0.01354	0.00733	0.00330	0.00497
27	0.00830	0.00504	0.00602	0.00681	0.00753	0.00484	0.00471	0.00993	0.01118	0.01698	0.02601	0.49073	0.02820	0.01325	0.00590	0.00190	0.00301	0.01174	0.33310	0.00484
28	0.00949	0.00816	0.01118	0.01018	0.01088	0.00996	0.00805	0.01125	0.01126	0.01628	0.25261	0.05379	0.05810	0.05808	0.15547	0.00359	0.29458	0.00765	0.00402	0.00542
29	0.00713	0.00572	0.00637	0.00621	0.00790	0.00496	0.00466	0.00901	0.01397	0.01790	0.31633	0.04971	0.50382	0.01324	0.00665	0.00185	0.00278	0.01125	0.00558	0.00496
30	0.01505	0.80561	0.02949	0.00963	0.01444	0.02227	0.00963	0.01685	0.01143	0.01324	0.00782	0.00903	0.00722	0.00481	0.00361	0.00120	0.00602	0.00301	0.00241	0.00722
31	0.01193	0.01134	0.01924	0.49015	0.32710	0.01285	0.01628	0.01552	0.01187	0.01596	0.01023	0.01458	0.00806	0.00538	0.00560	0.00179	0.00718	0.00501	0.00261	0.00731
32	0.01637	0.01645	0.19389	0.01693	0.02262	0.01222	0.30349	0.02173	0.07787	0.23718	0.01523	0.01609	0.01053	0.00578	0.00598	0.00183	0.00742	0.00577	0.00418	0.00845
33	0.02179	0.01223	0.01448	0.01102	0.01552	0.01202	0.00907	0.32854	0.01986	0.36024	0.01690	0.01577	0.01134	0.00650	0.00545	0.00160	0.00529	0.00510	0.00591	0.12135
34	0.01469	0.01181	0.01360	0.12870	0.01808	0.01328	0.00985	0.26246	0.26722	0.02460	0.02171	0.07113	0.08507	0.00848	0.00590	0.00187	0.00528	0.02317	0.00512	0.00798
35	0.00882	0.00690	0.00778	0.00716	0.00944	0.00607	0.00541	0.01170	0.07129	0.04202	0.14591	0.13405	0.37176	0.01196	0.00623	0.00176	0.00326	0.01019	0.00517	0.13313
36	0.00758	0.00555	0.00596	0.00596	0.00672	0.00518	0.00375	0.00814	0.01002	0.01261	0.03328	0.04369	0.31514	0.49028	0.01994	0.00405	0.00442	0.00965	0.00413	0.00394
37	0.02525	0.00958	0.01306	0.01001	0.01437	0.00827	0.00827	0.02743	0.01611	0.77102	0.02220	0.01915	0.01393	0.00697	0.00566	0.00174	0.00479	0.00566	0.00697	0.00958
38	0.02102	0.02682	0.01595	0.01450	0.01740	0.77963	0.01087	0.02247	0.01595	0.01377	0.00870	0.01015	0.00725	0.00580	0.00507	0.00145	0.01015	0.00362	0.00290	0.00652
39	0.01818	0.01553	0.02335	0.01721	0.02219	0.01618	0.30205	0.45923	0.02124	0.02856	0.01267	0.01417	0.00916	0.00596	0.00603	0.00177	0.00750	0.00569	0.00453	0.00879
40	0.01608	0.01312	0.01390	0.01187	0.01543	0.01497	0.00941	0.23246	0.55100	0.02690	0.02026	0.01889	0.01503	0.00739	0.00570	0.00185	0.00494	0.00600	0.00570	0.00909
41	0.00805	0.00598	0.00882	0.00882	0.00974	0.00691	0.00675	0.00990	0.00898	0.01290	0.01528	0.02326	0.01457	0.10146	0.72135	0.00876	0.01432	0.00620	0.00305	0.00490
42	0.02102	0.02682	0.01595	0.01450	0.01740	0.77963	0.01087	0.02247	0.01595	0.01377	0.00870	0.01015	0.00725	0.00580	0.00507	0.00145	0.01015	0.00362	0.00290	0.00652
43	0.02216	0.01315	0.01513	0.01166	0.01597	0.01369	0.00961	0.46222	0.02235	0.29379	0.04953	0.01675	0.01302	0.00704	0.00568	0.00171	0.00554	0.00550	0.00612	0.00939
44	0.01300	0.01428	0.02945	0.02103	0.02660	0.01306	0.61744	0.01735	0.01300	0.01808	0.01114	0.01457	0.00850	0.00464	0.00621	0.00171	0.00856	0.00606	0.00293	0.15237
45	0.00766	0.00523	0.00629	0.00681	0.00694	0.00511	0.00413	0.00805	0.00921	0.01228	0.02299	0.33838	0.02710	0.49162	0.02015	0.00420	0.00459	0.01128	0.00413	0.00387
46	0.00679	0.00516	0.00626	0.00713	0.00798	0.00463	0.00491	0.00792	0.01145	0.01464	0.03961	0.55234	0.27788	0.01651	0.00701	0.00216	0.00313	0.01464	0.00522	0.00463
47	0.01271	0.01123	0.01296	0.01174	0.01385	0.01353	0.00921	0.02342	0.49383	0.02013	0.02044	0.11756	0.01751	0.00940	0.00878	0.00208	0.18170	0.00726	0.00493	0.00774
48	0.01866	0.33512	0.02131	0.01257	0.01623	0.47981	0.01038	0.02025	0.01416	0.01356	0.00835	0.00970	0.00724	0.00541	0.00450	0.00135	0.00851	0.00338	0.00270	0.00680
49	0.01328	0.01486	0.03166	0.02403	0.08637	0.01393	0.66428	0.01783	0.01319	0.01807	0.01128	0.01496	0.00856	0.00475	0.00647	0.00184	0.00909	0.00640	0.00286	0.03630
50	0.01356	0.49821	0.32385	0.01217	0.01837	0.01863	0.01405	0.01724	0.01161	0.01505	0.00872	0.01016	0.00719	0.00503	0.00430	0.00143	0.00693	0.00346	0.00240	0.00766
51	0.00665	0.00570	0.00570	0.00570	0.00760	0.00475	0.00428	0.00808	0.01283	0.01520	0.05701	0.05416	0.76483	0.01425	0.00665	0.00190	0.00285	0.01188	0.00523	0.00475
52	0.51417	0.01187	0.01404	0.01815	0.31026	0.01292	0.01052	0.01683	0.01086	0.02253	0.00892	0.01104	0.00721	0.00514	0.00431	0.00171	0.00528	0.00383	0.00321	0.00721
53	0.01774	0.02156	0.01420	0.01312	0.01554	0.58425	0.00990	0.01933	0.01420	0.01359	0.01031	0.01317	0.00897	0.01501	0.20103	0.00337	0.01139	0.00423	0.00293	0.00614
54	0.01196	0.02513	0.58334	0.02072	0.21220	0.01315	0.01990	0.01768	0.01212	0.01796	0.01022	0.01240	0.00758	0.00526	0.00540	0.00175	0.00790	0.00437	0.00248	0.00847
55	0.02127	0.21053	0.01672	0.00975	0.01391	0.01153	0.00838	0.02326	0.01452	0.52169	0.01924	0.07602	0.01401	0.00723	0.00526	0.00165	0.00498	0.00578	0.00568	0.00860
56	0.02525	0.00958	0.01306	0.01001	0.01437	0.00827	0.00827	0.02743	0.01611	0.77102	0.02220	0.01915	0.01393	0.00697	0.00566	0.00174	0.00479	0.00566	0.00697	0.00958
57	0.00717	0.00572	0.00642	0.00625	0.00792	0.00497	0.00469	0.00908	0.01406	0.01812	0.33695	0.04936	0.48308	0.01316	0.00665	0.00185	0.00277	0.01120	0.00561	0.00497
58	0.00686	0.00490	0.00653	0.00784	0.00816	0.00457	0.00522	0.00784	0.01077	0.01437	0.03102	0.79855	0.03722	0.01763	0.00718	0.00229	0.00326	0.01600	0.00522	0.00457
59	0.00665	0.00570	0.00570	0.00570	0.00760	0.00475	0.00428	0.00808	0.01283	0.01520	0.05701	0.05416	0.76483	0.01425	0.00665	0.00190	0.00285	0.01188	0.00523	0.00475
60	0.00686	0.00490	0.00653	0.00784	0.00816	0.00457	0.00522	0.00784	0.01077	0.01437	0.03102	0.79855	0.03722	0.01763	0.00718	0.00229	0.00326	0.01600	0.00522	0.00457
61	0.84197	0.01088	0.00827	0.00740	0.01088	0.01262	0.00609	0.01654	0.00958	0.02525	0.00784	0.00914	0.00609	0.00522	0.00348	0.00174	0.00435	0.00305	0.00348	0.00609
62	0.01842	0.02189	0.01847	0.02184	0.29211	0.49886	0.01322	0.02057	0.01480	0.01546	0.00939	0.01153	0.00786	0.00551	0.00526	0.00153	0.00888	0.00413	0.00286	0.00740
63	0.01818	0.01553	0.02335	0.01721	0.02219	0.01618	0.30205	0.45923	0.02124	0.02856	0.01267	0.01417	0.00916	0.00596	0.00603	0.00177	0.00750	0.00569	0.00453	0.00879
64	0.00814	0.00561	0.00692	0.00692	0.00719	0.00588	0.00439	0.00869	0.00842	0.01149	0.01701	0.03285	0.01873	0.59684	0.23166	0.00643	0.00805	0.00760	0.00330	0.00385
65	0.02031	0.01464	0.01582	0.01238	0.01664	0.01609	0.01014	0.59358	0.11572	0.07988	0.01642	0.01592	0.03166	0.00708	0.00567	0.00173	0.00580	0.00545	0.00571	0.00936
66	0.84197	0.01088	0.00827	0.00740	0.01088	0.01262	0.00609	0.01654	0.00958	0.02525	0.00784	0.00914	0.00609	0.00522	0.00348	0.00174	0.00435	0.00305	0.00348	0.00609
67	0.01049	0.00525	0.00525	0.00525	0.00656	0.00525	0.00393	0.01311	0.01180	0.02098	0.01836	0.02098	0.01442	0.00656	0.00393	0.00131	0.00262	0.00525	0.83346	0.00525
68	0.00686	0.00490	0.00653	0.00784	0.00816	0.00457	0.00522	0.00784	0.01077	0.01437	0.03102	0.79855	0.03722	0.01763	0.00718	0.00229	0.00326	0.01600	0.00522	0.00457
69	0.00838	0.00734	0.01286	0.01161	0.01321	0.00686	0.18125	0.01026	0.01137	0.01523	0.02636	0.61258	0.03041	0.01457	0.00705	0.00219	0.00474	0.01378	0.00466	0.00529
70	0.01396	0.49156	0.02464	0.01167	0.01457	0.02028	0.01069	0.01554	0.01032	0.01336	0.00765	0.01033	0.00729	0.00681	0.00949	0.00170	0.31714	0.00377	0.00243	0.00680
71	0.84197	0.01088	0.00827	0.00740	0.01088	0.01262	0.00609	0.01654	0.00958	0.02525	0.00784	0.00914	0.00609	0.00522	0.00348	0.00174	0.00435	0.00305	0.00348	0.00609
72	0.01167	0.01000	0.01167	0.00834	0.01334	0.00750	0.00667	0.01417	0.01167	0.01834	0.01000	0.01167	0.00834	0.00417	0.00417	0.00083	0.00417	0.00333	0.00333	0.83663
73	0.84197	0.01088	0.00827	0.00740	0.01088	0.01262	0.00609	0.01654	0.00958	0.02525	0.00784	0.00914	0.00609	0.00522	0.00348	0.00174	0.00435	0.00305	0.00348	0.00609
74	0.00686	0.00490	0.00653	0.00784	0.00816	0.00457	0.00522	0.00784	0.01077	0.01437	0.03102	0.79855	0.03722	0.01763	0.00718	0.00229	0.00326	0.01600	0.00522	0.00457
75	0.01049	0.01034	0.02017	0.01543	0.01881	0.00966	0.37357	0.01400	0.01406	0.01943	0.31149	0.10994	0.02926	0.00880	0.00670	0.00189	0.00611	0.00905	0.00443	0.00636
76	0.00818	0.00546	0.00614	0.00614	0.00614	0.00546	0.00341	0.00818	0.00818	0.01091	0.01773	0.03683	0.02046	0.80222	0.02864	0.00546	0.00546	0.00818	0.00341	0.00341
77	0.01328	0.01414	0.01057	0.00978	0.01178	0.31183	0.00726	0.01505	0.01484	0.03186	0.27942	0.03049	0.14511	0.07124	0.00772	0.00195	0.00591	0.00761	0.00453	0.00564
78	0.02167	0.02163	0.01582	0.01350	0.01701	0.47670	0.01049	0.21530	0.01875	0.11881	0.01174	0.01222	0.00874	0.00621	0.00530	0.00155	0.00840	0.00427	0.00416	0.00773
79	0.12218	0.13693	0.01720	0.01193	0.01594	0.20963	0.00983	0.30863	0.01865	0.08144	0.01139	0.01187	0.00853	0.00605	0.00492	0.00157	0.00683	0.00419	0.00429	0.00802
80	0.02292	0.01331	0.01537	0.01179	0.01623	0.01382	0.00974	0.46296	0.02236	0.32665	0.01695	0.01575	0.01130	0.00684	0.00564	0.00171	0.00564	0.00530	0.00616	0.00957

[dist]
# distance from previous block
# <min> <max>
0	2

[block]
# block no. 2 follows, 42 sequences, length 17
# corresponding to MSA columns:
# 404-420
name=unknown_C
#
# <colnr> <probs for GDERKNQSTAVLIFYWHMCP>
#	G	D	E	R	K	N	Q	S	T	A	V	L	I	F	Y	W	H	M	C	P
0	0.01354	0.00756	0.01044	0.01034	0.07805	0.00688	0.00721	0.01606	0.01556	0.24265	0.44520	0.03333	0.07040	0.00971	0.00625	0.00176	0.00365	0.00846	0.00607	0.00687
1	0.01269	0.01929	0.25147	0.02145	0.02792	0.01389	0.53254	0.01797	0.01287	0.01797	0.01101	0.01421	0.00812	0.00492	0.00626	0.00186	0.00914	0.00591	0.00271	0.00780
2	0.02227	0.02173	0.01510	0.01317	0.01650	0.55207	0.01011	0.02393	0.01599	0.23717	0.01268	0.01281	0.00922	0.00614	0.00525	0.00154	0.00857	0.00422	0.00410	0.00742
3	0.01362	0.00700	0.00933	0.00804	0.01036	0.00628	0.00628	0.01612	0.01599	0.26743	0.52141	0.03455	0.04028	0.01002	0.00632	0.00176	0.00335	0.00870	0.00645	0.00671
4	0.00796	0.00575	0.00752	0.00708	0.00841	0.00531	0.00531	0.01062	0.01593	0.02257	0.76415	0.04204	0.05310	0.01150	0.00664	0.00177	0.00265	0.01018	0.00619	0.00531
5	0.00817	0.00553	0.00649	0.00649	0.00661	0.00565	0.00385	0.00841	0.00829	0.01117	0.01741	0.03504	0.01968	0.71006	0.11975	0.00589	0.00662	0.00792	0.00336	0.00361
6	0.84197	0.01088	0.00827	0.00740	0.01088	0.01262	0.00609	0.01654	0.00958	0.02525	0.00784	0.00914	0.00609	0.00522	0.00348	0.00174	0.00435	0.00305	0.00348	0.00609
7	0.01123	0.00876	0.01070	0.00849	0.01186	0.00762	0.00671	0.01421	0.04200	0.05763	0.26582	0.02271	0.02403	0.00725	0.00597	0.00133	0.04978	0.00597	0.00453	0.43339
8	0.01049	0.00525	0.00525	0.00525	0.00656	0.00525	0.00393	0.01311	0.01180	0.02098	0.01836	0.02098	0.01442	0.00656	0.00393	0.00131	0.00262	0.00525	0.83346	0.00525
9	0.01167	0.01000	0.01167	0.00834	0.01334	0.00750	0.00667	0.01417	0.01167	0.01834	0.01000	0.01167	0.00834	0.00417	0.00417	0.00083	0.00417	0.00333	0.00333	0.83663
10	0.00686	0.00490	0.00653	0.00784	0.00816	0.00457	0.00522	0.00784	0.01077	0.01437	0.03102	0.79855	0.03722	0.01763	0.00718	0.00229	0.00326	0.01600	0.00522	0.00457
11	0.08561	0.01286	0.01382	0.01126	0.01519	0.03996	0.00910	0.24129	0.23606	0.24739	0.01821	0.01691	0.01273	0.00692	0.00548	0.00176	0.00526	0.00541	0.00579	0.00900
12	0.06416	0.01102	0.01322	0.01051	0.01424	0.03107	0.03386	0.05703	0.10313	0.14699	0.01393	0.01509	0.01070	0.00922	0.07544	0.00215	0.07373	0.00467	0.00424	0.30561
13	0.77113	0.01226	0.00893	0.00801	0.01145	0.07881	0.00651	0.01705	0.01013	0.02426	0.00791	0.00923	0.00619	0.00527	0.00362	0.00172	0.00485	0.00310	0.00343	0.00613
14	0.01181	0.00998	0.01163	0.00848	0.01325	0.00773	0.00675	0.04097	0.01217	0.01879	0.01110	0.04790	0.00971	0.00488	0.00436	0.00093	0.00420	0.00398	0.00351	0.76787
15	0.01049	0.00525	0.00525	0.00525	0.00656	0.00525	0.00393	0.01311	0.01180	0.02098	0.01836	0.02098	0.01442	0.00656	0.00393	0.00131	0.00262	0.00525	0.83346	0.00525
16	0.12075	0.01450	0.01532	0.01197	0.01626	0.01599	0.00985	0.56412	0.06707	0.08738	0.01402	0.01384	0.00992	0.00664	0.00538	0.00171	0.00576	0.00494	0.00547	0.00911

[dist]
# distance from previous block
# <min> <max>
0	1

[block]
# block no. 3 follows, 42 sequences, length 7
# corresponding to MSA columns:
# 422-428
name=unknown_D
#
# <colnr> <probs for GDERKNQSTAVLIFYWHMCP>
#	G	D	E	R	K	N	Q	S	T	A	V	L	I	F	Y	W	H	M	C	P
0	0.01421	0.63220	0.19554	0.01106	0.01666	0.02021	0.01212	0.01707	0.01153	0.01426	0.00833	0.00966	0.00720	0.00493	0.00400	0.00133	0.00653	0.00327	0.00240	0.00747
1	0.01208	0.01209	0.01793	0.01508	0.01561	0.01627	0.07077	0.01365	0.00902	0.01387	0.00826	0.01324	0.00796	0.01176	0.07201	0.00289	0.67365	0.00514	0.00253	0.00619
2	0.01435	0.66223	0.16679	0.01081	0.01627	0.02057	0.01169	0.01703	0.01152	0.01409	0.00824	0.00955	0.00720	0.00491	0.00393	0.00131	0.00644	0.00322	0.00240	0.00742
3	0.01051	0.00814	0.01021	0.00929	0.01150	0.00821	0.04784	0.01647	0.22573	0.06276	0.18720	0.17620	0.18023	0.01146	0.00643	0.00194	0.00383	0.01006	0.00554	0.00646
4	0.00828	0.00610	0.00738	0.00731	0.00842	0.00547	0.00484	0.00920	0.00999	0.01386	0.02204	0.36488	0.02543	0.30417	0.01451	0.00317	0.00425	0.01066	0.00419	0.16586
5	0.01137	0.05162	0.15860	0.01117	0.01451	0.01117	0.01030	0.01958	0.30986	0.01873	0.02144	0.14056	0.02001	0.06926	0.00776	0.00226	0.00527	0.10477	0.00460	0.00716
6	0.19753	0.00972	0.01335	0.44735	0.02661	0.01119	0.01145	0.01422	0.01088	0.01729	0.01150	0.08715	0.01008	0.00650	0.00512	0.00176	0.00600	0.00540	0.00308	0.10381

[dist]
# distance from previous block
# <min> <max>
0	1

[block]
# block no. 4 follows, 42 sequences, length 45
# corresponding to MSA columns:
# 430-474
name=unknown_E
#
# <colnr> <probs for GDERKNQSTAVLIFYWHMCP>
#	G	D	E	R	K	N	Q	S	T	A	V	L	I	F	Y	W	H	M	C	P
0	0.01378	0.01430	0.01725	0.01290	0.01766	0.15380	0.17155	0.01658	0.01283	0.01741	0.01006	0.01216	0.00818	0.00460	0.00489	0.00119	0.00647	0.00412	0.00314	0.49711
1	0.01275	0.38741	0.04387	0.01186	0.01603	0.01563	0.14700	0.01602	0.04198	0.01708	0.19234	0.01880	0.01900	0.00653	0.00506	0.00150	0.00580	0.00560	0.00356	0.03218
2	0.01804	0.41555	0.02271	0.01207	0.01592	0.40159	0.01025	0.01967	0.01370	0.01351	0.00826	0.00959	0.00724	0.00531	0.00434	0.00133	0.00809	0.00332	0.00265	0.00687
3	0.00862	0.00634	0.00858	0.00838	0.00910	0.00717	0.00610	0.02961	0.00921	0.01296	0.01564	0.02650	0.01586	0.29850	0.47405	0.00737	0.04147	0.00669	0.00320	0.00464
4	0.01049	0.00525	0.00525	0.00525	0.00656	0.00525	0.00393	0.01311	0.01180	0.02098	0.01836	0.02098	0.01442	0.00656	0.00393	0.00131	0.00262	0.00525	0.83346	0.00525
5	0.01419	0.00961	0.01112	0.00991	0.01219	0.01002	0.00750	0.30137	0.01721	0.08459	0.02242	0.36936	0.02318	0.06986	0.00802	0.00224	0.00470	0.01027	0.00539	0.00687
6	0.01744	0.02047	0.01595	0.01421	0.01624	0.44719	0.01108	0.02061	0.10548	0.01491	0.01005	0.01217	0.00852	0.00729	0.00933	0.00182	0.25305	0.00437	0.00311	0.00670
7	0.01548	0.67229	0.07299	0.01056	0.01537	0.10566	0.01044	0.01753	0.01196	0.01358	0.00806	0.00932	0.00722	0.00496	0.00388	0.00127	0.00662	0.00315	0.00246	0.00721
8	0.01167	0.01000	0.01167	0.00834	0.01334	0.00750	0.00667	0.01417	0.01167	0.01834	0.01000	0.01167	0.00834	0.00417	0.00417	0.00083	0.00417	0.00333	0.00333	0.83663
9	0.01049	0.00525	0.00525	0.00525	0.00656	0.00525	0.00393	0.01311	0.01180	0.02098	0.01836	0.02098	0.01442	0.00656	0.00393	0.00131	0.00262	0.00525	0.83346	0.00525
10	0.00907	0.00648	0.00907	0.01036	0.01166	0.00648	0.00907	0.01166	0.01296	0.01684	0.02980	0.06348	0.03239	0.01555	0.00777	0.00259	0.00518	0.72924	0.00518	0.00518
11	0.49279	0.01276	0.01700	0.01310	0.01739	0.01366	0.23738	0.09812	0.01260	0.02413	0.00957	0.01151	0.00724	0.00524	0.00470	0.00178	0.00616	0.00439	0.00352	0.00695
12	0.01207	0.01195	0.01676	0.01444	0.01450	0.01665	0.01201	0.01334	0.00864	0.01352	0.00783	0.01288	0.00777	0.01172	0.06238	0.00284	0.74712	0.00499	0.00249	0.00609
13	0.84197	0.01088	0.00827	0.00740	0.01088	0.01262	0.00609	0.01654	0.00958	0.02525	0.00784	0.00914	0.00609	0.00522	0.00348	0.00174	0.00435	0.00305	0.00348	0.00609
14	0.01398	0.01172	0.01499	0.01264	0.01605	0.01278	0.11105	0.02606	0.53509	0.07196	0.02301	0.06331	0.04562	0.00798	0.00596	0.00192	0.00505	0.00709	0.00536	0.00838
15	0.01049	0.00525	0.00525	0.00525	0.00656	0.00525	0.00393	0.01311	0.01180	0.02098	0.01836	0.02098	0.01442	0.00656	0.00393	0.00131	0.00262	0.00525	0.83346	0.00525
16	0.01197	0.00947	0.00994	0.00859	0.01141	0.00966	0.00678	0.23221	0.10504	0.02249	0.06323	0.03768	0.42702	0.01114	0.00624	0.00183	0.00403	0.00913	0.00544	0.00670
17	0.02032	0.01512	0.01631	0.01244	0.01700	0.01635	0.01025	0.66698	0.02482	0.03357	0.01312	0.01331	0.00943	0.00647	0.00547	0.00159	0.00597	0.00487	0.00538	0.10124
18	0.09287	0.01330	0.01553	0.20807	0.04535	0.09912	0.03679	0.17974	0.02974	0.02040	0.01278	0.10019	0.01136	0.00769	0.00712	0.00188	0.10135	0.00597	0.00372	0.00700
19	0.01888	0.01413	0.01423	0.01121	0.01535	0.13078	0.00901	0.20320	0.04605	0.19972	0.01396	0.01405	0.01011	0.00608	0.00564	0.00146	0.03609	0.00454	0.00476	0.24073
20	0.01398	0.58632	0.23948	0.01144	0.01724	0.01967	0.01278	0.01713	0.01156	0.01453	0.00847	0.00983	0.00720	0.00496	0.00410	0.00137	0.00667	0.00333	0.00240	0.00753
21	0.55567	0.01197	0.01127	0.09109	0.01541	0.01378	0.00821	0.19351	0.01384	0.02658	0.00944	0.01082	0.00708	0.00564	0.00423	0.00174	0.00513	0.00374	0.00390	0.00695
22	0.00804	0.00603	0.00904	0.00904	0.01005	0.00703	0.00703	0.01005	0.00904	0.01306	0.01507	0.02211	0.01407	0.04221	0.77992	0.00904	0.01507	0.00603	0.00301	0.00502
23	0.01117	0.02831	0.74700	0.01573	0.02381	0.01281	0.02027	0.01758	0.01202	0.01798	0.03578	0.01291	0.00869	0.00556	0.00539	0.00178	0.00812	0.00436	0.00251	0.00821
24	0.01049	0.00525	0.00525	0.00525	0.00656	0.00525	0.00393	0.01311	0.01180	0.02098	0.01836	0.02098	0.01442	0.00656	0.00393	0.00131	0.00262	0.00525	0.83346	0.00525
25	0.01118	0.01080	0.01745	0.54779	0.03171	0.01389	0.03566	0.01425	0.01057	0.01425	0.00930	0.01425	0.00750	0.00680	0.00929	0.00204	0.22949	0.00503	0.00250	0.00626
26	0.01049	0.00525	0.00525	0.00525	0.00656	0.00525	0.00393	0.01311	0.01180	0.02098	0.01836	0.02098	0.01442	0.00656	0.00393	0.00131	0.00262	0.00525	0.83346	0.00525
27	0.01400	0.01209	0.01273	0.01145	0.01463	0.01400	0.00891	0.02990	0.75695	0.02354	0.02291	0.02100	0.01718	0.00764	0.00573	0.00191	0.00445	0.00636	0.00573	0.00891
28	0.02367	0.00991	0.01308	0.01002	0.01440	0.00870	0.00824	0.05448	0.03373	0.66003	0.02083	0.01834	0.01336	0.00673	0.00553	0.00167	0.00478	0.00545	0.00657	0.08046
29	0.01063	0.01000	0.01688	0.78870	0.03876	0.01250	0.01563	0.01438	0.01125	0.01438	0.01000	0.01500	0.00750	0.00563	0.00563	0.00188	0.00750	0.00500	0.00250	0.00625
30	0.00808	0.00589	0.00831	0.00831	0.00907	0.00664	0.00612	0.00958	0.00883	0.01252	0.01574	0.02580	0.01567	0.23304	0.59128	0.00814	0.01266	0.00657	0.00311	0.00462
31	0.01846	0.01438	0.01760	0.01804	0.20514	0.01559	0.01199	0.42790	0.13883	0.05241	0.01454	0.01498	0.01075	0.00646	0.00563	0.00172	0.00600	0.00528	0.00497	0.00930
32	0.84197	0.01088	0.00827	0.00740	0.01088	0.01262	0.00609	0.01654	0.00958	0.02525	0.00784	0.00914	0.00609	0.00522	0.00348	0.00174	0.00435	0.00305	0.00348	0.00609
33	0.01440	0.01427	0.02238	0.03320	0.71696	0.06463	0.01684	0.01762	0.01302	0.01808	0.01046	0.01368	0.00880	0.00507	0.00554	0.00166	0.00692	0.00492	0.00279	0.00875
34	0.02102	0.02682	0.01595	0.01450	0.01740	0.77963	0.01087	0.02247	0.01595	0.01377	0.00870	0.01015	0.00725	0.00580	0.00507	0.00145	0.01015	0.00362	0.00290	0.00652
35	0.01049	0.00525	0.00525	0.00525	0.00656	0.00525	0.00393	0.01311	0.01180	0.02098	0.01836	0.02098	0.01442	0.00656	0.00393	0.00131	0.00262	0.00525	0.83346	0.00525
36	0.01278	0.01868	0.21898	0.02179	0.02814	0.01394	0.56441	0.01798	0.01293	0.01798	0.01106	0.01435	0.00818	0.00490	0.00632	0.00187	0.00919	0.00602	0.00273	0.00777
37	0.01052	0.00963	0.01495	0.02010	0.35913	0.00923	0.03602	0.01313	0.01306	0.01741	0.08093	0.03419	0.28072	0.00958	0.00624	0.00184	0.00502	0.06734	0.00408	0.00684
38	0.01505	0.80561	0.02949	0.00963	0.01444	0.02227	0.00963	0.01685	0.01143	0.01324	0.00782	0.00903	0.00722	0.00481	0.00361	0.00120	0.00602	0.00301	0.00241	0.00722
39	0.01730	0.10309	0.01565	0.01283	0.01561	0.45954	0.01024	0.04781	0.03772	0.01560	0.01434	0.02341	0.01373	0.00815	0.00562	0.00172	0.00818	0.17940	0.00359	0.00646
40	0.84197	0.01088	0.00827	0.00740	0.01088	0.01262	0.00609	0.01654	0.00958	0.02525	0.00784	0.00914	0.00609	0.00522	0.00348	0.00174	0.00435	0.00305	0.00348	0.00609
41	0.01854	0.01356	0.01500	0.01131	0.01596	0.01374	0.00927	0.47165	0.02114	0.07454	0.01292	0.01327	0.00944	0.00595	0.00517	0.00142	0.00546	0.00455	0.00498	0.27213
42	0.01167	0.01000	0.01167	0.00834	0.01334	0.00750	0.00667	0.01417	0.01167	0.01834	0.01000	0.01167	0.00834	0.00417	0.00417	0.00083	0.00417	0.00333	0.00333	0.83663
43	0.01049	0.00525	0.00525	0.00525	0.00656	0.00525	0.00393	0.01311	0.01180	0.02098	0.01836	0.02098	0.01442	0.00656	0.00393	0.00131	0.00262	0.00525	0.83346	0.00525
44	0.06604	0.15949	0.01903	0.01221	0.01639	0.01188	0.15211	0.02070	0.01368	0.35075	0.01759	0.10671	0.01388	0.00727	0.00552	0.00173	0.00573	0.00641	0.00490	0.00796

[dist]
# distance from previous block
# <min> <max>
0	2

[block]
# block no. 5 follows, 42 sequences, length 57
# corresponding to MSA columns:
# 477-533
name=unknown_F
#
# <colnr> <probs for GDERKNQSTAVLIFYWHMCP>
#	G	D	E	R	K	N	Q	S	T	A	V	L	I	F	Y	W	H	M	C	P
0	0.01506	0.01337	0.01879	0.24402	0.30501	0.04645	0.01444	0.21073	0.01607	0.02146	0.01170	0.03631	0.00942	0.00605	0.00563	0.00174	0.00684	0.00528	0.00353	0.00810
1	0.01684	0.01972	0.01400	0.01285	0.01513	0.49437	0.00980	0.04277	0.01396	0.01428	0.01068	0.01387	0.00934	0.01672	0.23370	0.00374	0.04462	0.00444	0.00301	0.00617
2	0.01167	0.01000	0.01167	0.00834	0.01334	0.00750	0.00667	0.01417	0.01167	0.01834	0.01000	0.01167	0.00834	0.00417	0.00417	0.00083	0.00417	0.00333	0.00333	0.83663
3	0.01049	0.00525	0.00525	0.00525	0.00656	0.00525	0.00393	0.01311	0.01180	0.02098	0.01836	0.02098	0.01442	0.00656	0.00393	0.00131	0.00262	0.00525	0.83346	0.00525
4	0.01519	0.01668	0.16515	0.01598	0.02099	0.05470	0.24312	0.14886	0.03846	0.09165	0.08486	0.03376	0.01447	0.00671	0.00604	0.00181	0.00725	0.02224	0.00414	0.00792
5	0.01765	0.02124	0.01615	0.01441	0.01627	0.49702	0.01123	0.01905	0.01325	0.01367	0.00847	0.01128	0.00752	0.00838	0.03556	0.00205	0.27355	0.00414	0.00276	0.00635
6	0.78958	0.01154	0.00879	0.00780	0.01130	0.03662	0.00639	0.04070	0.01033	0.02523	0.00805	0.00932	0.00624	0.00529	0.00360	0.00173	0.00459	0.00313	0.00353	0.00622
7	0.81408	0.01084	0.00843	0.00749	0.01100	0.01248	0.00617	0.01691	0.00980	0.05072	0.00833	0.00948	0.00636	0.00528	0.00356	0.00174	0.00437	0.00314	0.00360	0.00621
8	0.01813	0.01536	0.01477	0.01239	0.01608	0.11554	0.00984	0.30670	0.35427	0.05011	0.01739	0.01662	0.01283	0.00703	0.00560	0.00176	0.00588	0.00548	0.00536	0.00887
9	0.01049	0.00525	0.00525	0.00525	0.00656	0.00525	0.00393	0.01311	0.01180	0.02098	0.01836	0.02098	0.01442	0.00656	0.00393	0.00131	0.00262	0.00525	0.83346	0.00525
10	0.01262	0.00995	0.01162	0.06837	0.01443	0.05067	0.02909	0.10842	0.15338	0.06758	0.02325	0.23753	0.06140	0.04746	0.05370	0.00255	0.00566	0.03080	0.00487	0.00666
11	0.01129	0.02911	0.77306	0.01604	0.02436	0.01307	0.02079	0.01782	0.01188	0.01782	0.01010	0.01188	0.00713	0.00535	0.00535	0.00178	0.00832	0.00416	0.00238	0.00832
12	0.01729	0.51296	0.02440	0.01146	0.01555	0.30686	0.01010	0.01896	0.01313	0.01344	0.00815	0.00945	0.00723	0.00518	0.00416	0.00130	0.00757	0.00324	0.00259	0.00696
13	0.03861	0.01428	0.01501	0.01181	0.01578	0.03997	0.00964	0.57155	0.02361	0.05683	0.08911	0.01846	0.05452	0.00756	0.00572	0.00170	0.00571	0.00586	0.00557	0.00871
14	0.01174	0.01114	0.01889	0.53476	0.28401	0.01280	0.01618	0.01535	0.01178	0.01573	0.01020	0.01464	0.00798	0.00542	0.00561	0.00181	0.00723	0.00501	0.00260	0.00715
15	0.84197	0.01088	0.00827	0.00740	0.01088	0.01262	0.00609	0.01654	0.00958	0.02525	0.00784	0.00914	0.00609	0.00522	0.00348	0.00174	0.00435	0.00305	0.00348	0.00609
16	0.01461	0.65092	0.15330	0.01086	0.01619	0.04499	0.01153	0.01719	0.01165	0.01402	0.00823	0.00954	0.00721	0.00494	0.00395	0.00131	0.00653	0.00322	0.00242	0.00738
17	0.00805	0.00601	0.00892	0.00892	0.00988	0.00697	0.00688	0.00997	0.00901	0.01297	0.01519	0.02273	0.01434	0.07444	0.74806	0.00889	0.01467	0.00612	0.00303	0.00496
18	0.01260	0.01365	0.02808	0.23406	0.07818	0.01370	0.50063	0.01698	0.01270	0.01705	0.01096	0.01505	0.00828	0.00500	0.00630	0.00188	0.00877	0.00609	0.00275	0.00731
19	0.01049	0.00525	0.00525	0.00525	0.00656	0.00525	0.00393	0.01311	0.01180	0.02098	0.01836	0.02098	0.01442	0.00656	0.00393	0.00131	0.00262	0.00525	0.83346	0.00525
20	0.01131	0.00895	0.01098	0.01188	0.10934	0.00942	0.00753	0.09314	0.16254	0.01852	0.07679	0.07515	0.07619	0.26581	0.03536	0.00321	0.00523	0.00790	0.00447	0.00626
21	0.01049	0.00525	0.00525	0.00525	0.00656	0.00525	0.00393	0.01311	0.01180	0.02098	0.01836	0.02098	0.01442	0.00656	0.00393	0.00131	0.00262	0.00525	0.83346	0.00525
22	0.01868	0.25077	0.01861	0.01079	0.01476	0.03201	0.00931	0.08192	0.13505	0.27202	0.01561	0.01507	0.01132	0.00654	0.00596	0.00163	0.06410	0.00478	0.00478	0.02629
23	0.01506	0.01003	0.01207	0.00892	0.01366	0.00807	0.00719	0.01828	0.05730	0.19876	0.01369	0.01402	0.01020	0.00504	0.00462	0.00112	0.00433	0.00407	0.00435	0.58921
24	0.29670	0.02009	0.01389	0.01231	0.01554	0.44379	0.03964	0.02074	0.05808	0.01840	0.00937	0.01067	0.00751	0.00567	0.00464	0.00159	0.00783	0.00372	0.00326	0.00657
25	0.00990	0.00871	0.01239	0.01133	0.01183	0.01134	0.00907	0.01144	0.00880	0.01313	0.01193	0.01886	0.01161	0.07906	0.40036	0.00596	0.35039	0.00570	0.00280	0.00541
26	0.01750	0.01383	0.01470	0.01216	0.01597	0.01563	0.00975	0.36999	0.41117	0.02919	0.01846	0.01745	0.01358	0.00722	0.00568	0.00180	0.00528	0.00575	0.00568	0.00922
27	0.84197	0.01088	0.00827	0.00740	0.01088	0.01262	0.00609	0.01654	0.00958	0.02525	0.00784	0.00914	0.00609	0.00522	0.00348	0.00174	0.00435	0.00305	0.00348	0.00609
28	0.01375	0.02690	0.07652	0.12073	0.18372	0.01223	0.17712	0.01886	0.10200	0.09881	0.06458	0.01839	0.01349	0.03982	0.00685	0.00195	0.00674	0.00599	0.00378	0.00779
29	0.01173	0.01154	0.01384	0.01233	0.01302	0.08452	0.00988	0.01379	0.03926	0.01583	0.16136	0.10414	0.02010	0.01057	0.01315	0.00219	0.44600	0.00711	0.00367	0.00595
30	0.01049	0.00525	0.00525	0.00525	0.00656	0.00525	0.00393	0.01311	0.01180	0.02098	0.01836	0.02098	0.01442	0.00656	0.00393	0.00131	0.00262	0.00525	0.83346	0.00525
31	0.01132	0.06455	0.71390	0.01548	0.02338	0.01323	0.01977	0.01746	0.01183	0.01750	0.01066	0.03688	0.00809	0.00571	0.00532	0.00177	0.00805	0.00448	0.00247	0.00815
32	0.01381	0.01188	0.01259	0.01141	0.01452	0.01371	0.00891	0.02921	0.72885	0.02329	0.02317	0.02260	0.01775	0.00793	0.00580	0.00193	0.00448	0.03367	0.00571	0.00877
33	0.01129	0.02911	0.77306	0.01604	0.02436	0.01307	0.02079	0.01782	0.01188	0.01782	0.01010	0.01188	0.00713	0.00535	0.00535	0.00178	0.00832	0.00416	0.00238	0.00832
34	0.00721	0.00545	0.00666	0.00694	0.00809	0.00490	0.00498	0.00895	0.01330	0.01769	0.31398	0.30025	0.25239	0.01436	0.00683	0.00198	0.00292	0.01263	0.00559	0.00490
35	0.02115	0.02310	0.01626	0.01398	0.01742	0.52300	0.01081	0.26688	0.01949	0.02108	0.01032	0.01128	0.00803	0.00612	0.00526	0.00153	0.00882	0.00411	0.00382	0.00755
36	0.00734	0.00571	0.00667	0.00646	0.00803	0.00504	0.00483	0.00940	0.01440	0.01902	0.42473	0.06332	0.37905	0.01289	0.00666	0.00184	0.00276	0.01108	0.00573	0.00504
37	0.01367	0.01458	0.01704	0.01473	0.01518	0.13648	0.01209	0.01494	0.00976	0.01358	0.00759	0.01197	0.00737	0.00922	0.01637	0.00230	0.66965	0.00472	0.00253	0.00621
38	0.01167	0.01000	0.01167	0.00834	0.01334	0.00750	0.00667	0.01417	0.01167	0.01834	0.01000	0.01167	0.00834	0.00417	0.00417	0.00083	0.00417	0.00333	0.00333	0.83663
39	0.00865	0.00535	0.00717	0.00805	0.00877	0.00493	0.00552	0.00975	0.01129	0.08820	0.03016	0.72249	0.03495	0.01659	0.00703	0.00223	0.00341	0.01499	0.00539	0.00506
40	0.01049	0.00525	0.00525	0.00525	0.00656	0.00525	0.00393	0.01311	0.01180	0.02098	0.01836	0.02098	0.01442	0.00656	0.00393	0.00131	0.00262	0.00525	0.83346	0.00525
41	0.01306	0.01817	0.22458	0.02025	0.02622	0.01350	0.47354	0.01796	0.01295	0.04988	0.03585	0.01525	0.00981	0.00541	0.00671	0.00188	0.03826	0.00600	0.00299	0.00774
42	0.01473	0.01179	0.01572	0.01809	0.25716	0.01207	0.01108	0.11476	0.20072	0.07830	0.07825	0.01986	0.04816	0.00689	0.00562	0.00167	0.00518	0.00596	0.00464	0.08934
43	0.02104	0.02625	0.01600	0.01442	0.01740	0.74051	0.01086	0.05973	0.01649	0.01489	0.00895	0.01032	0.00737	0.00585	0.00510	0.00146	0.00995	0.00370	0.00304	0.00668
44	0.01167	0.01000	0.01167	0.00834	0.01334	0.00750	0.00667	0.01417	0.01167	0.01834	0.01000	0.01167	0.00834	0.00417	0.00417	0.00083	0.00417	0.00333	0.00333	0.83663
45	0.01049	0.00525	0.00525	0.00525	0.00656	0.00525	0.00393	0.01311	0.01180	0.02098	0.01836	0.02098	0.01442	0.00656	0.00393	0.00131	0.00262	0.00525	0.83346	0.00525
46	0.01166	0.00790	0.01253	0.01143	0.03568	0.00735	0.11948	0.01416	0.03701	0.15102	0.09563	0.39413	0.05353	0.01236	0.00666	0.00204	0.00456	0.01139	0.00521	0.00627
47	0.02075	0.02637	0.01599	0.01451	0.01732	0.75606	0.01092	0.02220	0.01572	0.01377	0.00866	0.01022	0.00725	0.00592	0.00549	0.00148	0.03432	0.00366	0.00289	0.00651
48	0.11339	0.02503	0.01508	0.01370	0.01666	0.69333	0.01034	0.02180	0.01523	0.01506	0.00860	0.01004	0.00712	0.00573	0.00490	0.00148	0.00950	0.00356	0.00297	0.00648
49	0.81727	0.01084	0.00842	0.00748	0.01099	0.01249	0.00616	0.01687	0.00977	0.04780	0.00827	0.00944	0.00633	0.00528	0.00355	0.00174	0.00437	0.00313	0.00359	0.00620
50	0.02146	0.01042	0.01295	0.01050	0.01446	0.01020	0.00849	0.02826	0.26556	0.51933	0.02244	0.01977	0.01502	0.00719	0.00568	0.00180	0.00468	0.00590	0.00655	0.00935
