[name]
unknown

[dist]
# distance from previous block
# <min> <max>
38	476

[block]
# block no. 0 follows, 51 sequences, length 18
# corresponding to MSA columns:
# 583-600
name=unknown_A
#
# <colnr> <probs for GDERKNQSTAVLIFYWHMCP>
#	G	D	E	R	K	N	Q	S	T	A	V	L	I	F	Y	W	H	M	C	P
0	0.09646	0.07986	0.03969	0.06329	0.30359	0.04875	0.05021	0.10650	0.04061	0.07120	0.01088	0.01379	0.00879	0.00524	0.00467	0.00150	0.00564	0.03905	0.00318	0.00708
1	0.08956	0.22987	0.01796	0.02148	0.05879	0.13030	0.09083	0.11835	0.11130	0.04205	0.01023	0.01112	0.00803	0.00495	0.00427	0.00136	0.00578	0.00386	0.00320	0.03671
2	0.04663	0.07087	0.03468	0.05097	0.08799	0.22449	0.00872	0.13249	0.01291	0.01592	0.01388	0.23140	0.01411	0.02646	0.00540	0.00162	0.00570	0.00651	0.00341	0.00584
3	0.01003	0.04912	0.01329	0.16698	0.19003	0.05116	0.00987	0.01348	0.09018	0.01356	0.01166	0.01593	0.01013	0.05375	0.27542	0.00380	0.00831	0.00478	0.00273	0.00580
4	0.01013	0.00846	0.01012	0.01119	0.10745	0.03080	0.00739	0.03716	0.30894	0.01624	0.01979	0.24917	0.03253	0.02760	0.00699	0.07212	0.00406	0.02973	0.00419	0.00593
5	0.12002	0.01018	0.01499	0.10110	0.39479	0.01069	0.01146	0.03632	0.07193	0.03587	0.01107	0.01473	0.00927	0.00709	0.05326	0.00190	0.00572	0.04063	0.00298	0.04602
6	0.00766	0.00483	0.00613	0.00626	0.00711	0.00491	0.00466	0.00865	0.00899	0.01305	0.02039	0.05770	0.13894	0.05557	0.21201	0.16381	0.00574	0.05789	0.21181	0.00390
7	0.00640	0.00510	0.00674	0.00695	0.00801	0.00463	0.04227	0.00763	0.01020	0.01299	0.03378	0.40796	0.30421	0.05171	0.00700	0.00201	0.00321	0.07065	0.00438	0.00417
8	0.00834	0.00508	0.00654	0.00679	0.00782	0.00464	0.00486	0.00956	0.01071	0.11588	0.12343	0.44207	0.11898	0.06904	0.00730	0.00204	0.00312	0.04443	0.00475	0.00461
9	0.37836	0.00790	0.00823	0.00714	0.00984	0.00812	0.00571	0.01589	0.01100	0.26501	0.11110	0.10377	0.01572	0.00693	0.00434	0.00157	0.00360	0.00543	0.02433	0.00603
10	0.08363	0.00746	0.00961	0.00793	0.01087	0.00673	0.00634	0.01889	0.01286	0.53038	0.09185	0.13016	0.04593	0.00784	0.00509	0.00159	0.00374	0.00657	0.00552	0.00703
11	0.15845	0.00606	0.00677	0.00660	0.00832	0.00582	0.00493	0.01114	0.01067	0.14224	0.07405	0.31946	0.20532	0.01097	0.00535	0.00173	0.00312	0.00937	0.00459	0.00501
12	0.16565	0.00849	0.01027	0.00820	0.01168	0.00801	0.00672	0.02142	0.06129	0.56922	0.01910	0.01716	0.05849	0.00624	0.00467	0.00154	0.00400	0.00491	0.00540	0.00755
13	0.01680	0.00755	0.00993	0.00831	0.01107	0.00688	0.00656	0.07794	0.01358	0.49300	0.06761	0.22220	0.01909	0.00867	0.00533	0.00164	0.00383	0.00743	0.00556	0.00703
14	0.00931	0.00619	0.00751	0.00760	0.00900	0.00615	0.00556	0.01306	0.17147	0.11244	0.02683	0.46377	0.09999	0.01210	0.00581	0.00184	0.00324	0.02794	0.00484	0.00535
15	0.23963	0.00728	0.00814	0.00713	0.00952	0.00716	0.00551	0.01523	0.01089	0.30083	0.05419	0.14761	0.06148	0.09585	0.00689	0.00195	0.00375	0.00651	0.00458	0.00586
16	0.36276	0.00795	0.00828	0.00724	0.00991	0.00816	0.00576	0.03282	0.01110	0.25421	0.07519	0.13720	0.04596	0.00741	0.00446	0.00160	0.00364	0.00587	0.00447	0.00601
17	0.69793	0.00907	0.00759	0.00668	0.00956	0.01022	0.00541	0.03073	0.00932	0.08245	0.04478	0.01124	0.00842	0.04439	0.00441	0.00168	0.00384	0.00338	0.00343	0.00548

[dist]
# distance from previous block
# <min> <max>
0	2

[block]
# block no. 1 follows, 51 sequences, length 12
# corresponding to MSA columns:
# 603-614
name=unknown_B
#
# <colnr> <probs for GDERKNQSTAVLIFYWHMCP>
#	G	D	E	R	K	N	Q	S	T	A	V	L	I	F	Y	W	H	M	C	P
0	0.63778	0.00900	0.00789	0.00702	0.00983	0.01016	0.00569	0.05490	0.00960	0.07854	0.00976	0.06000	0.00819	0.00786	0.06438	0.00203	0.00456	0.00382	0.00343	0.00555
1	0.00635	0.00456	0.00564	0.00620	0.00668	0.00427	0.00410	0.00722	0.00961	0.01276	0.11688	0.45426	0.12021	0.20545	0.01057	0.00255	0.00320	0.01135	0.00429	0.00385
2	0.01055	0.00582	0.00748	0.00725	0.00886	0.00533	0.00543	0.01247	0.04492	0.21705	0.09195	0.37244	0.13366	0.01167	0.00579	0.00179	0.00322	0.04389	0.00504	0.00538
3	0.01240	0.00762	0.01139	0.00972	0.01160	0.00819	0.06398	0.02921	0.02517	0.23129	0.01444	0.06650	0.01211	0.01836	0.29068	0.05292	0.11940	0.00555	0.00370	0.00578
4	0.00932	0.00676	0.00847	0.00843	0.02608	0.06516	0.00606	0.00927	0.00802	0.03510	0.01119	0.06536	0.01091	0.02073	0.25228	0.37656	0.06882	0.00511	0.00259	0.00375
5	0.00846	0.00756	0.00894	0.00931	0.05367	0.08825	0.04680	0.00972	0.00963	0.01221	0.02027	0.22556	0.08580	0.20361	0.13011	0.00338	0.00600	0.06285	0.00346	0.00440
6	0.21857	0.01004	0.00909	0.00869	0.01056	0.14505	0.02340	0.04630	0.05874	0.01637	0.03749	0.20594	0.01698	0.00950	0.00591	0.05684	0.00471	0.10705	0.00370	0.00506
7	0.04803	0.00917	0.01108	0.10535	0.01421	0.04371	0.04837	0.11633	0.16047	0.06018	0.01857	0.15416	0.07217	0.04693	0.06683	0.00227	0.00533	0.00684	0.00401	0.00598
8	0.04621	0.02729	0.07743	0.31220	0.01954	0.02837	0.05016	0.03877	0.00968	0.01314	0.01209	0.07924	0.01178	0.24164	0.01068	0.00252	0.00578	0.00577	0.00274	0.00497
9	0.10591	0.26935	0.08503	0.15322	0.07226	0.01338	0.04211	0.01519	0.10113	0.01501	0.02552	0.06205	0.00980	0.00551	0.00427	0.00144	0.00530	0.00445	0.00281	0.00624
10	0.17793	0.01287	0.09538	0.04118	0.16006	0.04471	0.01001	0.14279	0.11710	0.01995	0.01045	0.01156	0.00804	0.00495	0.00433	0.00141	0.00510	0.00388	0.00333	0.12499
11	0.01340	0.23643	0.05884	0.01435	0.16941	0.07759	0.03737	0.09215	0.12837	0.02813	0.01036	0.01145	0.00830	0.00497	0.00463	0.00134	0.02730	0.00390	0.00304	0.06867

[dist]
# distance from previous block
# <min> <max>
5	32

[block]
# block no. 2 follows, 51 sequences, length 68
# corresponding to MSA columns:
# 647-714
name=unknown_C
#
# <colnr> <probs for GDERKNQSTAVLIFYWHMCP>
#	G	D	E	R	K	N	Q	S	T	A	V	L	I	F	Y	W	H	M	C	P
0	0.01093	0.00900	0.01320	0.01628	0.30052	0.00872	0.02319	0.09456	0.01193	0.04592	0.01659	0.22069	0.05043	0.00854	0.02297	0.00167	0.00472	0.01973	0.00358	0.11685
1	0.07875	0.00926	0.03306	0.07322	0.04255	0.00911	0.12530	0.02846	0.11561	0.12006	0.10540	0.09214	0.07526	0.00734	0.00556	0.00162	0.03344	0.00646	0.00402	0.03338
2	0.01130	0.00951	0.01115	0.12724	0.01522	0.01025	0.00800	0.04877	0.40869	0.03218	0.06860	0.01769	0.03398	0.00616	0.00479	0.00146	0.00415	0.00516	0.00422	0.17149
3	0.01098	0.00981	0.06298	0.00896	0.01140	0.02707	0.00746	0.19416	0.12818	0.01854	0.08653	0.03625	0.06476	0.07636	0.20895	0.00338	0.00673	0.00585	0.00393	0.02772
4	0.01003	0.00856	0.01016	0.00778	0.03135	0.00656	0.00592	0.01212	0.01008	0.01569	0.00939	0.02803	0.00823	0.03596	0.00456	0.00093	0.00372	0.00334	0.00294	0.78463
5	0.01423	0.04136	0.07846	0.02427	0.01300	0.00796	0.03398	0.04218	0.02967	0.30406	0.06857	0.10122	0.03189	0.00669	0.00483	0.00141	0.00429	0.00567	0.00444	0.18181
6	0.01600	0.06727	0.01435	0.05870	0.01529	0.03432	0.00900	0.50773	0.12578	0.02541	0.01333	0.06701	0.01060	0.00645	0.00489	0.00151	0.00517	0.00507	0.00449	0.00761
7	0.01780	0.01297	0.01404	0.01083	0.01458	0.01419	0.00891	0.69775	0.02205	0.04579	0.06445	0.01354	0.01097	0.00614	0.00495	0.00147	0.00514	0.00471	0.00493	0.02481
8	0.01335	0.07546	0.20402	0.01938	0.34722	0.01152	0.03053	0.06200	0.01215	0.13267	0.03749	0.01294	0.00930	0.00497	0.00476	0.00147	0.00580	0.00434	0.00311	0.00754
9	0.07020	0.48069	0.09230	0.01201	0.10252	0.06697	0.02298	0.04623	0.01077	0.01404	0.00757	0.00902	0.00651	0.00458	0.00416	0.00126	0.03620	0.00314	0.00235	0.00651
10	0.00595	0.00441	0.00557	0.00649	0.00704	0.00402	0.00441	0.00688	0.00974	0.01268	0.03132	0.67902	0.17483	0.01485	0.00619	0.00193	0.00278	0.01330	0.00456	0.00402
11	0.01019	0.00873	0.01019	0.00728	0.01165	0.00655	0.00582	0.01237	0.01019	0.01601	0.00873	0.01019	0.00728	0.00364	0.00364	0.00073	0.00364	0.00291	0.00291	0.85734
12	0.02914	0.01301	0.07157	0.02595	0.61315	0.04104	0.02879	0.05815	0.01196	0.04632	0.00965	0.01201	0.00777	0.00457	0.00482	0.00147	0.00597	0.00430	0.00270	0.00766
13	0.01108	0.01198	0.08018	0.01271	0.01361	0.01445	0.01111	0.06365	0.00882	0.01341	0.00724	0.01109	0.00677	0.00909	0.04247	0.00226	0.66775	0.00429	0.00235	0.00570
14	0.00691	0.00502	0.00651	0.00614	0.00732	0.00462	0.00460	0.00919	0.01381	0.01947	0.76612	0.03711	0.07444	0.01014	0.00580	0.00155	0.00232	0.00894	0.00538	0.00462
15	0.01024	0.00890	0.01088	0.00777	0.01216	0.00677	0.03432	0.01250	0.01024	0.01600	0.00878	0.01030	0.00729	0.00366	0.00372	0.00076	0.00381	0.00302	0.00290	0.82597
16	0.00703	0.00523	0.00773	0.00773	0.00855	0.00605	0.00593	0.00867	0.00785	0.01128	0.01332	0.02017	0.01266	0.08996	0.75523	0.00769	0.01260	0.00539	0.00266	0.00429
17	0.00603	0.00431	0.00574	0.00681	0.00714	0.00402	0.00457	0.00696	0.00963	0.01289	0.06414	0.78605	0.03317	0.01514	0.00625	0.00197	0.00283	0.01372	0.00460	0.00402
18	0.00592	0.00455	0.00542	0.00611	0.00694	0.00405	0.00424	0.00692	0.01011	0.01283	0.03598	0.51964	0.33120	0.01424	0.00609	0.00186	0.00271	0.01256	0.00456	0.00405
19	0.00611	0.00499	0.00540	0.00530	0.00683	0.00428	0.00397	0.00764	0.01192	0.01499	0.24780	0.04448	0.59556	0.01181	0.00580	0.00163	0.00244	0.00998	0.00479	0.00428
20	0.86201	0.00950	0.00722	0.00646	0.00950	0.01102	0.00532	0.01445	0.00836	0.02205	0.00684	0.00798	0.00532	0.00456	0.00304	0.00152	0.00380	0.00266	0.00304	0.00532
21	0.86201	0.00950	0.00722	0.00646	0.00950	0.01102	0.00532	0.01445	0.00836	0.02205	0.00684	0.00798	0.00532	0.00456	0.00304	0.00152	0.00380	0.00266	0.00304	0.00532
22	0.86201	0.00950	0.00722	0.00646	0.00950	0.01102	0.00532	0.01445	0.00836	0.02205	0.00684	0.00798	0.00532	0.00456	0.00304	0.00152	0.00380	0.00266	0.00304	0.00532
23	0.01222	0.01056	0.01111	0.01000	0.01278	0.01222	0.00778	0.02611	0.78776	0.02056	0.02000	0.01833	0.01500	0.00667	0.00500	0.00167	0.00389	0.00556	0.00500	0.00778
24	0.02196	0.00850	0.01149	0.00881	0.01262	0.00743	0.00728	0.04372	0.01430	0.77994	0.01919	0.01660	0.01207	0.00608	0.00494	0.00152	0.00421	0.00493	0.00605	0.00836
25	0.08072	0.01074	0.01244	0.00962	0.01337	0.01096	0.00794	0.35438	0.01754	0.39196	0.01510	0.01397	0.01001	0.00589	0.00476	0.00149	0.00465	0.00454	0.02184	0.00807
26	0.00683	0.00481	0.00527	0.00527	0.00566	0.00462	0.00315	0.00712	0.00809	0.01040	0.02348	0.03569	0.19890	0.63738	0.02054	0.00404	0.00423	0.00790	0.00335	0.00325
27	0.02031	0.01115	0.01313	0.01006	0.01393	0.01136	0.00831	0.41382	0.01873	0.40359	0.01548	0.01419	0.01020	0.00599	0.00493	0.00150	0.00481	0.00468	0.00548	0.00836
28	0.02205	0.00836	0.01140	0.00874	0.01254	0.00722	0.00722	0.02395	0.01407	0.80004	0.01939	0.01673	0.01216	0.00608	0.00494	0.00152	0.00418	0.00494	0.00608	0.00836
29	0.00800	0.00536	0.00596	0.00573	0.00604	0.00546	0.00342	0.05924	0.00834	0.01129	0.01526	0.03028	0.01703	0.74182	0.02287	0.00441	0.00472	0.00687	0.03451	0.00340
30	0.00928	0.00873	0.01474	0.81548	0.03385	0.01092	0.01365	0.01256	0.00983	0.01256	0.00873	0.01310	0.00655	0.00491	0.00491	0.00164	0.00655	0.00437	0.00218	0.00546
31	0.02131	0.00955	0.01214	0.00931	0.01314	0.00899	0.00769	0.19067	0.01606	0.63051	0.01771	0.01564	0.01133	0.00604	0.00494	0.00151	0.00445	0.00483	0.00583	0.00836
32	0.00581	0.00498	0.00498	0.00498	0.00664	0.00415	0.00373	0.00705	0.01120	0.01328	0.04978	0.04729	0.79464	0.01245	0.00581	0.00166	0.00249	0.01037	0.00456	0.00415
33	0.01130	0.01079	0.01838	0.26595	0.56762	0.01145	0.01465	0.01432	0.01078	0.01500	0.00909	0.01244	0.00741	0.00454	0.00488	0.00151	0.00605	0.00438	0.00236	0.00709
34	0.11501	0.01143	0.01225	0.00970	0.01304	0.01243	0.00793	0.51231	0.01926	0.07392	0.14726	0.01597	0.01482	0.00647	0.00485	0.00150	0.00461	0.00502	0.00485	0.00736
35	0.01595	0.01942	0.01428	0.01274	0.01447	0.55698	0.00989	0.01716	0.01190	0.01196	0.00723	0.00946	0.00637	0.00618	0.00813	0.00155	0.26479	0.00352	0.00241	0.00560
36	0.01303	0.80271	0.05231	0.00860	0.01291	0.01917	0.00874	0.01474	0.01000	0.01170	0.00690	0.00797	0.00630	0.00422	0.00321	0.00107	0.00532	0.00266	0.00210	0.00634
37	0.01731	0.00871	0.01106	0.00827	0.01229	0.00726	0.00676	0.04733	0.01289	0.46652	0.01496	0.01400	0.01012	0.00512	0.00443	0.00121	0.00402	0.00413	0.00481	0.33881
38	0.01192	0.01108	0.01748	0.15923	0.51504	0.01177	0.01348	0.04461	0.13391	0.01672	0.01095	0.01328	0.00874	0.00489	0.00490	0.00152	0.00564	0.00456	0.00289	0.00741
39	0.02205	0.00836	0.01140	0.00874	0.01254	0.00722	0.00722	0.02395	0.01407	0.80004	0.01939	0.01673	0.01216	0.00608	0.00494	0.00152	0.00418	0.00494	0.00608	0.00836
40	0.01197	0.01148	0.01960	0.08292	0.74539	0.01163	0.01499	0.01491	0.01110	0.01582	0.00921	0.01223	0.00770	0.00441	0.00487	0.00147	0.00589	0.00438	0.00242	0.00763
41	0.00696	0.00502	0.00657	0.00618	0.00734	0.00464	0.00464	0.00927	0.01391	0.01971	0.79405	0.03671	0.04637	0.01005	0.00580	0.00155	0.00232	0.00889	0.00541	0.00464
42	0.00631	0.00450	0.00607	0.00721	0.00763	0.00427	0.00512	0.00739	0.00972	0.01290	0.02691	0.69722	0.03181	0.01510	0.00636	0.00204	0.00313	0.13769	0.00456	0.00408
43	0.00750	0.00540	0.00738	0.00823	0.00931	0.00528	0.00692	0.00960	0.01154	0.01524	0.14824	0.12414	0.06118	0.01315	0.00655	0.00210	0.00394	0.54514	0.00467	0.00448
44	0.00588	0.00498	0.00508	0.00505	0.00668	0.00418	0.00379	0.00719	0.01137	0.01367	0.09522	0.04665	0.74896	0.01230	0.00581	0.00165	0.00248	0.01028	0.00462	0.00418
45	0.01553	0.01220	0.01297	0.01067	0.01404	0.01377	0.00858	0.41231	0.39618	0.02589	0.01580	0.01499	0.01160	0.00627	0.00496	0.00157	0.00467	0.00498	0.00496	0.00807
46	0.01738	0.21156	0.01653	0.01140	0.01441	0.56903	0.00909	0.01876	0.01301	0.06486	0.00821	0.00916	0.00672	0.00493	0.00417	0.00123	0.00770	0.00316	0.00267	0.00602
47	0.00986	0.02542	0.80183	0.01401	0.02127	0.01141	0.01816	0.01556	0.01038	0.01556	0.00882	0.01038	0.00623	0.00467	0.00467	0.00156	0.00726	0.00363	0.00208	0.00726
48	0.00978	0.00811	0.00857	0.00855	0.02683	0.09366	0.00602	0.05325	0.06606	0.04246	0.01760	0.26493	0.01856	0.17505	0.14278	0.00334	0.02175	0.00794	0.00369	0.02107
49	0.00984	0.01396	0.26296	0.38968	0.02498	0.01098	0.01391	0.01352	0.01016	0.03710	0.06515	0.01377	0.00946	0.00565	0.00617	0.00166	0.09804	0.00447	0.00249	0.00605
50	0.01001	0.00870	0.01407	0.01981	0.41544	0.00876	0.01142	0.01254	0.01098	0.01514	0.01653	0.04650	0.01673	0.01044	0.05960	0.00222	0.00575	0.30586	0.00332	0.00618
51	0.01019	0.00873	0.01019	0.00728	0.01165	0.00655	0.00582	0.01237	0.01019	0.01601	0.00873	0.01019	0.00728	0.00364	0.00364	0.00073	0.00364	0.00291	0.00291	0.85734
52	0.00702	0.00527	0.00790	0.00790	0.00878	0.00614	0.00614	0.00878	0.00790	0.01141	0.01316	0.01931	0.01229	0.03686	0.80782	0.00790	0.01316	0.00527	0.00263	0.00439
53	0.00792	0.00566	0.00792	0.00905	0.01018	0.00566	0.00792	0.01018	0.01131	0.01471	0.02602	0.05543	0.02828	0.01358	0.00679	0.00226	0.00453	0.76356	0.00453	0.00453
54	0.00928	0.00873	0.01474	0.81548	0.03385	0.01092	0.01365	0.01256	0.00983	0.01256	0.00873	0.01310	0.00655	0.00491	0.00491	0.00164	0.00655	0.00437	0.00218	0.00546
55	0.01019	0.00873	0.01019	0.00728	0.01165	0.00655	0.00582	0.01237	0.01019	0.01601	0.00873	0.01019	0.00728	0.00364	0.00364	0.00073	0.00364	0.00291	0.00291	0.85734
56	0.01019	0.00873	0.01019	0.00728	0.01165	0.00655	0.00582	0.01237	0.01019	0.01601	0.00873	0.01019	0.00728	0.00364	0.00364	0.00073	0.00364	0.00291	0.00291	0.85734
57	0.00599	0.00428	0.00570	0.00684	0.00713	0.00399	0.00456	0.00684	0.00941	0.01254	0.02709	0.82409	0.03250	0.01540	0.00627	0.00200	0.00285	0.01397	0.00456	0.00399
58	0.01868	0.01376	0.01475	0.01131	0.01524	0.01524	0.00934	0.78025	0.02311	0.03097	0.01180	0.01180	0.00836	0.00590	0.00492	0.00147	0.00541	0.00442	0.00492	0.00836
59	0.01216	0.01168	0.01995	0.03016	0.79664	0.01168	0.01508	0.01508	0.01119	0.01605	0.00924	0.01216	0.00778	0.00438	0.00487	0.00146	0.00584	0.00438	0.00243	0.00778
60	0.00986	0.02542	0.80183	0.01401	0.02127	0.01141	0.01816	0.01556	0.01038	0.01556	0.00882	0.01038	0.00623	0.00467	0.00467	0.00156	0.00726	0.00363	0.00208	0.00726
61	0.00596	0.00437	0.00561	0.00660	0.00707	0.00401	0.00446	0.00687	0.00964	0.01264	0.02998	0.72496	0.12976	0.01502	0.00621	0.00195	0.00280	0.01351	0.00456	0.00401
62	0.00854	0.00427	0.00640	0.00640	0.00640	0.00427	0.00427	0.00640	0.00640	0.00854	0.00854	0.01494	0.00854	0.01707	0.01921	0.85702	0.00427	0.00427	0.00213	0.00213
63	0.00808	0.00570	0.00806	0.00764	0.00857	0.00622	0.02581	0.03175	0.00846	0.04114	0.01394	0.02254	0.01365	0.26198	0.50701	0.00640	0.01005	0.00579	0.00292	0.00431
64	0.01564	0.09803	0.01427	0.01093	0.01405	0.24968	0.00871	0.19832	0.30172	0.01954	0.01308	0.01295	0.01000	0.00576	0.00463	0.00144	0.00586	0.00429	0.00396	0.00715
65	0.07027	0.00887	0.01035	0.00781	0.01181	0.00753	0.00629	0.01640	0.08355	0.19322	0.01206	0.01227	0.00897	0.00453	0.00402	0.00105	0.00380	0.00360	0.00383	0.52977
66	0.06578	0.09319	0.11031	0.01190	0.01563	0.27060	0.08770	0.10381	0.06312	0.06946	0.03866	0.01259	0.02523	0.00541	0.00460	0.00142	0.00659	0.00417	0.00327	0.00656
67	0.01125	0.07013	0.21521	0.01227	0.09932	0.03786	0.02546	0.03459	0.02669	0.05418	0.01167	0.08031	0.01028	0.00568	0.00453	0.00132	0.00524	0.03295	0.00302	0.25805

[dist]
# distance from previous block
# <min> <max>
0	4

[block]
# block no. 3 follows, 51 sequences, length 33
# corresponding to MSA columns:
# 724-756
name=unknown_D
#
# <colnr> <probs for GDERKNQSTAVLIFYWHMCP>
#	G	D	E	R	K	N	Q	S	T	A	V	L	I	F	Y	W	H	M	C	P
0	0.01038	0.00819	0.00967	0.01007	0.08922	0.00849	0.00691	0.07036	0.26457	0.05898	0.06091	0.12017	0.24351	0.00919	0.00539	0.00166	0.00361	0.00785	0.00463	0.00622
1	0.04744	0.01781	0.35911	0.02176	0.40949	0.02851	0.01588	0.01536	0.01077	0.01601	0.00892	0.01114	0.00697	0.00453	0.00469	0.00150	0.00644	0.00395	0.00231	0.00741
2	0.01199	0.38476	0.09829	0.01138	0.10715	0.03887	0.00947	0.01431	0.01035	0.01382	0.00790	0.00935	0.00676	0.00413	0.00369	0.00106	0.00517	0.00304	0.00239	0.25611
3	0.00832	0.00522	0.00729	0.00738	0.00829	0.00540	0.00541	0.00961	0.00900	0.09743	0.01875	0.29053	0.01962	0.10592	0.37247	0.00491	0.00788	0.00834	0.00369	0.00455
4	0.01082	0.00999	0.01590	0.46987	0.25460	0.01146	0.01329	0.04731	0.08915	0.01517	0.01015	0.01330	0.00784	0.00498	0.00491	0.00158	0.00603	0.00449	0.00266	0.00650
5	0.00715	0.00476	0.00536	0.00536	0.00536	0.00476	0.00298	0.00715	0.00715	0.00953	0.01548	0.03216	0.01787	0.82729	0.02501	0.00476	0.00476	0.00715	0.00298	0.00298
6	0.01135	0.01091	0.01880	0.24711	0.56069	0.01149	0.03938	0.01440	0.01083	0.01508	0.00913	0.01246	0.00743	0.00452	0.00491	0.00152	0.00611	0.00442	0.00237	0.00710
7	0.01160	0.01326	0.02900	0.02071	0.02568	0.01243	0.77879	0.01574	0.01160	0.01574	0.00994	0.01326	0.00746	0.00414	0.00580	0.00166	0.00829	0.00580	0.00249	0.00663
8	0.00854	0.00427	0.00640	0.00640	0.00640	0.00427	0.00427	0.00640	0.00640	0.00854	0.00854	0.01494	0.00854	0.01707	0.01921	0.85702	0.00427	0.00427	0.00213	0.00213
9	0.01578	0.01752	0.01265	0.01142	0.01409	0.44583	0.00870	0.02253	0.34911	0.03270	0.01322	0.01313	0.01021	0.00578	0.00469	0.00145	0.00661	0.00424	0.00368	0.00666
10	0.86201	0.00950	0.00722	0.00646	0.00950	0.01102	0.00532	0.01445	0.00836	0.02205	0.00684	0.00798	0.00532	0.00456	0.00304	0.00152	0.00380	0.00266	0.00304	0.00532
11	0.08481	0.01072	0.01239	0.09080	0.01516	0.01157	0.00845	0.35151	0.08021	0.18566	0.08603	0.01549	0.01279	0.00618	0.00486	0.00153	0.00473	0.00489	0.00478	0.00743
12	0.00986	0.02542	0.80183	0.01401	0.02127	0.01141	0.01816	0.01556	0.01038	0.01556	0.00882	0.01038	0.00623	0.00467	0.00467	0.00156	0.00726	0.00363	0.00208	0.00726
13	0.00957	0.00903	0.01526	0.73638	0.11068	0.01099	0.01379	0.01281	0.00996	0.01291	0.00879	0.01301	0.00668	0.00486	0.00491	0.00162	0.00648	0.00437	0.00221	0.00569
14	0.01868	0.01376	0.01475	0.01131	0.01524	0.01524	0.00934	0.78025	0.02311	0.03097	0.01180	0.01180	0.00836	0.00590	0.00492	0.00147	0.00541	0.00442	0.00492	0.00836
15	0.00594	0.00466	0.00538	0.00588	0.00689	0.00410	0.00415	0.00705	0.01050	0.01322	0.07133	0.40004	0.41607	0.01368	0.00602	0.00181	0.00265	0.01194	0.00460	0.00410
16	0.00711	0.00492	0.00614	0.00614	0.00640	0.00519	0.00395	0.00764	0.00738	0.01010	0.01477	0.02823	0.01616	0.58560	0.26438	0.00572	0.00733	0.00657	0.00287	0.00341
17	0.00710	0.00496	0.00636	0.00636	0.00670	0.00531	0.00422	0.00779	0.00744	0.01027	0.01457	0.02711	0.01567	0.51657	0.33274	0.00600	0.00807	0.00641	0.00284	0.00353
18	0.00986	0.02542	0.80183	0.01401	0.02127	0.01141	0.01816	0.01556	0.01038	0.01556	0.00882	0.01038	0.00623	0.00467	0.00467	0.00156	0.00726	0.00363	0.00208	0.00726
19	0.01083	0.00912	0.01088	0.00803	0.01193	0.00775	0.00648	0.04158	0.01050	0.03380	0.00886	0.01045	0.00735	0.00428	0.00497	0.00092	0.08577	0.00315	0.00298	0.72035
20	0.01261	0.28452	0.35938	0.01163	0.01683	0.17108	0.01274	0.01595	0.01094	0.01359	0.00793	0.00926	0.00632	0.00455	0.00409	0.00130	0.00677	0.00318	0.00221	0.04512
21	0.03848	0.28637	0.52401	0.01194	0.01808	0.01401	0.01457	0.01525	0.01018	0.01447	0.00811	0.00949	0.00622	0.00451	0.00412	0.00139	0.00650	0.00327	0.00212	0.00689
22	0.00711	0.00491	0.00609	0.00609	0.00635	0.00516	0.00389	0.00762	0.00736	0.01007	0.01481	0.02844	0.01625	0.59850	0.25160	0.00567	0.00720	0.00660	0.00288	0.00339
23	0.00708	0.00504	0.00674	0.00674	0.00722	0.00552	0.00470	0.00803	0.00756	0.01055	0.01422	0.02515	0.01482	0.39626	0.45189	0.00647	0.00934	0.00612	0.00279	0.00375
24	0.00639	0.00494	0.00587	0.00608	0.00730	0.00442	0.00458	0.00798	0.01166	0.01512	0.25460	0.18314	0.36517	0.01241	0.00599	0.00175	0.00272	0.09077	0.00480	0.00430
25	0.01252	0.44508	0.13994	0.00961	0.01404	0.01541	0.00969	0.08607	0.01116	0.01475	0.00790	0.00919	0.00666	0.00460	0.00440	0.00118	0.05370	0.00310	0.00250	0.14849
26	0.01002	0.00802	0.00950	0.00719	0.01092	0.00618	0.00565	0.01204	0.01044	0.04927	0.03933	0.09453	0.03629	0.00543	0.00410	0.00095	0.00350	0.00455	0.00335	0.67873
27	0.01273	0.01874	0.40748	0.01301	0.05067	0.04067	0.01348	0.16726	0.11473	0.05728	0.01218	0.04885	0.00934	0.00573	0.00485	0.00156	0.00611	0.00459	0.00336	0.00742
28	0.01249	0.14520	0.02147	0.02466	0.54601	0.04543	0.09062	0.01522	0.01108	0.01506	0.00881	0.01142	0.00743	0.00443	0.00486	0.00142	0.02053	0.00419	0.00238	0.00730
29	0.00610	0.00433	0.00567	0.00669	0.00695	0.00407	0.00440	0.00687	0.00918	0.01224	0.02592	0.74432	0.03103	0.09717	0.00816	0.00227	0.00304	0.01328	0.00440	0.00389
30	0.01327	0.14364	0.19438	0.01170	0.04841	0.07378	0.02270	0.14924	0.02789	0.07881	0.01326	0.05198	0.01165	0.00669	0.00486	0.00154	0.00574	0.11371	0.00348	0.02325
31	0.01298	0.39494	0.30905	0.01092	0.01615	0.04391	0.01208	0.09263	0.01173	0.04211	0.00852	0.00953	0.00669	0.00464	0.00400	0.00130	0.00610	0.00328	0.00253	0.00691
32	0.01967	0.01220	0.01307	0.01029	0.01397	0.08283	0.00838	0.35353	0.06389	0.34768	0.01506	0.01397	0.01015	0.00595	0.00489	0.00149	0.00512	0.00459	0.00519	0.00809

[dist]
# distance from previous block
# <min> <max>
0	1

[block]
# block no. 4 follows, 51 sequences, length 104
# corresponding to MSA columns:
# 758-861
name=unknown_E
#
# <colnr> <probs for GDERKNQSTAVLIFYWHMCP>
#	G	D	E	R	K	N	Q	S	T	A	V	L	I	F	Y	W	H	M	C	P
0	0.01819	0.02266	0.01411	0.01327	0.04585	0.76030	0.00967	0.01953	0.01382	0.02792	0.00790	0.00915	0.00650	0.00506	0.00446	0.00128	0.00865	0.00325	0.00260	0.00583
1	0.86201	0.00950	0.00722	0.00646	0.00950	0.01102	0.00532	0.01445	0.00836	0.02205	0.00684	0.00798	0.00532	0.00456	0.00304	0.00152	0.00380	0.00266	0.00304	0.00532
2	0.86201	0.00950	0.00722	0.00646	0.00950	0.01102	0.00532	0.01445	0.00836	0.02205	0.00684	0.00798	0.00532	0.00456	0.00304	0.00152	0.00380	0.00266	0.00304	0.00532
3	0.00633	0.00500	0.00570	0.00553	0.00696	0.00437	0.00415	0.00807	0.01244	0.01621	0.38960	0.04246	0.45299	0.01135	0.00580	0.00161	0.00241	0.00969	0.00495	0.00437
4	0.02061	0.00971	0.01212	0.00940	0.01315	0.00934	0.00773	0.19040	0.07128	0.57530	0.01776	0.01576	0.01153	0.00608	0.00494	0.00152	0.00443	0.00487	0.00575	0.00832
5	0.00684	0.00502	0.00640	0.00606	0.00727	0.00459	0.00454	0.00904	0.01363	0.01904	0.71705	0.03780	0.12378	0.01029	0.00580	0.00156	0.00234	0.00904	0.00532	0.00459
6	0.01866	0.00763	0.01020	0.00807	0.01135	0.00661	0.00657	0.02055	0.01377	0.63010	0.11565	0.02208	0.09180	0.00717	0.00513	0.00154	0.00379	0.00594	0.00585	0.00751
7	0.01057	0.01098	0.02098	0.35958	0.08301	0.01197	0.32698	0.01397	0.01044	0.01404	0.00905	0.01288	0.00700	0.00490	0.00631	0.00168	0.08227	0.00495	0.00232	0.00610
8	0.80113	0.00915	0.00703	0.00633	0.00923	0.01056	0.00519	0.01423	0.00850	0.02178	0.00750	0.00872	0.00584	0.00464	0.00307	0.00149	0.00369	0.00280	0.06382	0.00527
9	0.00741	0.00560	0.00821	0.00762	0.00837	0.00594	0.05980	0.00850	0.00781	0.01083	0.01403	0.02493	0.01457	0.40709	0.38160	0.00598	0.00886	0.00619	0.00278	0.00388
10	0.02968	0.01513	0.24466	0.08898	0.05526	0.01168	0.01194	0.18348	0.14776	0.14249	0.01302	0.01335	0.00922	0.00551	0.00483	0.00155	0.00560	0.00443	0.00387	0.00758
11	0.00696	0.00502	0.00657	0.00618	0.00734	0.00464	0.00464	0.00927	0.01391	0.01971	0.79405	0.03671	0.04637	0.01005	0.00580	0.00155	0.00232	0.00889	0.00541	0.00464
12	0.01131	0.01122	0.01989	0.02213	0.38086	0.01153	0.21437	0.01488	0.05350	0.01614	0.09291	0.01523	0.01203	0.00551	0.00646	0.00161	0.09537	0.00529	0.00287	0.00688
13	0.01112	0.01062	0.01807	0.31348	0.52145	0.01140	0.01456	0.01417	0.01070	0.01479	0.00906	0.01250	0.00734	0.00457	0.00488	0.00152	0.00610	0.00437	0.00234	0.00695
14	0.00628	0.00472	0.00581	0.00612	0.00707	0.00426	0.00437	0.00775	0.01145	0.01524	0.30064	0.34548	0.23737	0.01276	0.00598	0.00175	0.00257	0.01125	0.00486	0.00426
15	0.01346	0.78033	0.02502	0.00867	0.01277	0.06821	0.00848	0.01502	0.01023	0.01159	0.00688	0.00794	0.00631	0.00426	0.00323	0.00106	0.00548	0.00266	0.00213	0.00627
16	0.01344	0.00690	0.00896	0.00735	0.01005	0.00594	0.00585	0.01551	0.01326	0.33273	0.31955	0.02582	0.06711	0.00774	0.00517	0.00144	0.00330	0.01883	0.00527	0.12580
17	0.01170	0.01111	0.04411	0.02783	0.01520	0.08620	0.19862	0.05393	0.12188	0.07113	0.27899	0.02159	0.02196	0.00685	0.00539	0.00156	0.00520	0.00633	0.00418	0.00622
18	0.01447	0.10483	0.12183	0.01808	0.25369	0.32385	0.04999	0.03070	0.01226	0.01419	0.00837	0.01023	0.00685	0.00468	0.00454	0.00136	0.00726	0.00369	0.00244	0.00670
19	0.03017	0.01029	0.01631	0.55801	0.08619	0.05057	0.08697	0.01338	0.01008	0.01326	0.00861	0.01253	0.00668	0.00510	0.00583	0.00165	0.07197	0.00440	0.00227	0.00575
20	0.00993	0.00912	0.01375	0.04903	0.41252	0.00911	0.01039	0.01347	0.09059	0.01588	0.07842	0.02431	0.22853	0.00727	0.00521	0.00155	0.00449	0.00648	0.00349	0.00646
21	0.01401	0.00659	0.00880	0.00736	0.00977	0.00584	0.00583	0.01611	0.01392	0.38595	0.41226	0.02758	0.04846	0.00824	0.00540	0.00154	0.00320	0.00707	0.00571	0.00637
22	0.00867	0.00725	0.00772	0.00735	0.00921	0.00760	0.00550	0.01515	0.33818	0.01624	0.05962	0.10859	0.30983	0.06837	0.00688	0.00191	0.00327	0.00840	0.00467	0.00560
23	0.00599	0.00428	0.00570	0.00684	0.00713	0.00399	0.00456	0.00684	0.00941	0.01254	0.02709	0.82409	0.03250	0.01540	0.00627	0.00200	0.00285	0.01397	0.00456	0.00399
24	0.01519	0.09452	0.07025	0.01097	0.01436	0.22605	0.00924	0.13028	0.30273	0.05670	0.01341	0.01321	0.01012	0.00572	0.00463	0.00146	0.00583	0.00430	0.00389	0.00715
25	0.01340	0.74478	0.05179	0.00891	0.01310	0.07542	0.00882	0.01509	0.01028	0.01173	0.00696	0.00804	0.00631	0.00428	0.00330	0.00108	0.00558	0.00270	0.00213	0.00630
26	0.86201	0.00950	0.00722	0.00646	0.00950	0.01102	0.00532	0.01445	0.00836	0.02205	0.00684	0.00798	0.00532	0.00456	0.00304	0.00152	0.00380	0.00266	0.00304	0.00532
27	0.00979	0.00823	0.01077	0.00967	0.01172	0.00932	0.06196	0.01728	0.36485	0.01611	0.01615	0.01840	0.01319	0.01977	0.35896	0.00440	0.00824	0.00542	0.02966	0.00610
28	0.00990	0.02179	0.61251	0.01506	0.06614	0.01102	0.10221	0.01495	0.01062	0.01545	0.01189	0.01344	0.06273	0.00515	0.00489	0.00157	0.00695	0.00440	0.00232	0.00700
29	0.00585	0.00499	0.00504	0.00506	0.00671	0.00418	0.00382	0.00711	0.01120	0.01330	0.04931	0.04746	0.77943	0.01247	0.00583	0.00167	0.00253	0.02532	0.00456	0.00416
30	0.11314	0.01256	0.08572	0.01272	0.11737	0.02239	0.00957	0.20948	0.25594	0.04777	0.01355	0.01445	0.01038	0.04658	0.00569	0.00171	0.00495	0.00463	0.00404	0.00734
31	0.00702	0.00527	0.00790	0.00790	0.00878	0.00614	0.00614	0.00878	0.00790	0.01141	0.01316	0.01931	0.01229	0.03686	0.80782	0.00790	0.01316	0.00527	0.00263	0.00439
32	0.20339	0.59793	0.03421	0.00825	0.01217	0.05155	0.00793	0.01488	0.00980	0.01400	0.00690	0.00799	0.00609	0.00433	0.00321	0.00117	0.00512	0.00268	0.00233	0.00608
33	0.01129	0.01722	0.34806	0.02084	0.36552	0.01139	0.03406	0.03097	0.04321	0.02742	0.02478	0.01289	0.00854	0.00490	0.00486	0.00153	0.00630	0.01620	0.00258	0.00745
34	0.00900	0.00461	0.00472	0.00470	0.00584	0.00458	0.00352	0.01129	0.01057	0.01842	0.07238	0.01965	0.01504	0.00604	0.00361	0.00117	0.00229	0.00489	0.79307	0.00458
35	0.00599	0.00428	0.00570	0.00684	0.00713	0.00399	0.00456	0.00684	0.00941	0.01254	0.02709	0.82409	0.03250	0.01540	0.00627	0.00200	0.00285	0.01397	0.00456	0.00399
36	0.00584	0.00486	0.00510	0.00529	0.00672	0.00412	0.00387	0.00702	0.01090	0.01315	0.04602	0.17625	0.66812	0.01294	0.00589	0.00172	0.00255	0.01097	0.00456	0.00412
37	0.02205	0.00836	0.01140	0.00874	0.01254	0.00722	0.00722	0.02395	0.01407	0.80004	0.01939	0.01673	0.01216	0.00608	0.00494	0.00152	0.00418	0.00494	0.00608	0.00836
38	0.01208	0.01043	0.01105	0.00981	0.01270	0.01183	0.00764	0.02515	0.73352	0.02024	0.01922	0.01777	0.01446	0.00646	0.00491	0.00160	0.00387	0.00537	0.00485	0.06704
39	0.86201	0.00950	0.00722	0.00646	0.00950	0.01102	0.00532	0.01445	0.00836	0.02205	0.00684	0.00798	0.00532	0.00456	0.00304	0.00152	0.00380	0.00266	0.00304	0.00532
40	0.07544	0.00745	0.00838	0.00699	0.00951	0.00742	0.00561	0.12750	0.01320	0.26407	0.01581	0.01614	0.01133	0.00578	0.00409	0.00134	0.00344	0.00453	0.40563	0.00636
41	0.01475	0.01106	0.06936	0.26111	0.02021	0.01093	0.01041	0.20733	0.07845	0.20429	0.01497	0.01555	0.04770	0.00593	0.00495	0.00157	0.00534	0.00486	0.00413	0.00712
42	0.01019	0.00873	0.01019	0.00728	0.01165	0.00655	0.00582	0.01237	0.01019	0.01601	0.00873	0.01019	0.00728	0.00364	0.00364	0.00073	0.00364	0.00291	0.00291	0.85734
43	0.01216	0.01168	0.01995	0.03016	0.79664	0.01168	0.01508	0.01508	0.01119	0.01605	0.00924	0.01216	0.00778	0.00438	0.00487	0.00146	0.00584	0.00438	0.00243	0.00778
44	0.01763	0.02147	0.01360	0.01229	0.01488	0.68378	0.00931	0.05880	0.07665	0.01375	0.00925	0.01089	0.00766	0.00544	0.00456	0.00133	0.00818	0.02166	0.00290	0.00597
45	0.00598	0.00431	0.00566	0.00674	0.00710	0.00400	0.00452	0.00685	0.00950	0.01258	0.02830	0.78268	0.07313	0.01524	0.00625	0.00198	0.00283	0.01378	0.00456	0.00400
46	0.03776	0.14470	0.01484	0.03416	0.01403	0.02394	0.08031	0.02721	0.11511	0.01612	0.01002	0.01122	0.00809	0.00431	0.00400	0.00107	0.00459	0.00356	0.00303	0.44193
47	0.00677	0.00514	0.00634	0.00655	0.00783	0.00471	0.00518	0.00864	0.01210	0.01587	0.30275	0.07926	0.29933	0.01203	0.00608	0.00179	0.00298	0.20739	0.00485	0.00441
48	0.00700	0.00470	0.00540	0.00555	0.00559	0.00467	0.00318	0.00711	0.00744	0.00991	0.01697	0.13340	0.01974	0.72350	0.02262	0.00441	0.00452	0.00802	0.00318	0.00311
49	0.01137	0.09453	0.30248	0.20746	0.02121	0.02639	0.04240	0.05253	0.02994	0.07219	0.01111	0.07139	0.00905	0.00574	0.00499	0.00157	0.02153	0.00474	0.00282	0.00655
50	0.01599	0.30519	0.03863	0.01111	0.01515	0.09201	0.06126	0.36533	0.01648	0.02086	0.00943	0.01019	0.00732	0.00507	0.00430	0.00132	0.00592	0.00374	0.00346	0.00723
51	0.02079	0.00817	0.01105	0.00858	0.01218	0.00713	0.00705	0.02294	0.02864	0.72965	0.07469	0.01818	0.01466	0.00638	0.00500	0.00153	0.00404	0.00524	0.00601	0.00809
52	0.01261	0.00919	0.01079	0.00793	0.01213	0.00761	0.00639	0.08277	0.03839	0.12258	0.01082	0.01149	0.00829	0.00427	0.00397	0.00093	0.00388	0.00341	0.00359	0.63897
53	0.00956	0.00798	0.01001	0.11449	0.01375	0.00700	0.00676	0.05156	0.01064	0.01555	0.01308	0.19643	0.01300	0.00661	0.00448	0.00118	0.00394	0.00571	0.00330	0.50498
54	0.09544	0.02576	0.08093	0.01178	0.08947	0.02381	0.00935	0.23989	0.01530	0.29769	0.01322	0.01291	0.00906	0.00543	0.00463	0.00145	0.00499	0.00425	0.00449	0.05015
55	0.00668	0.00501	0.00619	0.00590	0.00717	0.00452	0.00442	0.00875	0.01327	0.01818	0.61715	0.03922	0.22421	0.01062	0.00580	0.00157	0.00236	0.00924	0.00521	0.00452
56	0.01018	0.01087	0.07304	0.32821	0.28809	0.01061	0.08466	0.01334	0.01047	0.01428	0.01105	0.09160	0.00985	0.00578	0.00512	0.00162	0.00613	0.01622	0.00255	0.00633
57	0.01133	0.07047	0.63260	0.01376	0.03488	0.06852	0.03046	0.01621	0.01083	0.05361	0.00916	0.01052	0.00658	0.00472	0.00460	0.00150	0.00710	0.00366	0.00232	0.00715
58	0.01117	0.01068	0.01807	0.28586	0.51921	0.01155	0.01446	0.01414	0.01061	0.01476	0.00898	0.01242	0.00733	0.00471	0.00529	0.00154	0.03557	0.00437	0.00234	0.00694
59	0.00674	0.00499	0.00628	0.00601	0.00722	0.00454	0.00449	0.00883	0.01332	0.01842	0.64763	0.06699	0.16507	0.01062	0.00582	0.00158	0.00236	0.00931	0.00524	0.00454
60	0.00973	0.00764	0.00898	0.00897	0.01077	0.00823	0.00733	0.05164	0.28199	0.01709	0.02430	0.03844	0.07677	0.06107	0.00713	0.00213	0.00421	0.36323	0.00462	0.00572
61	0.00771	0.00576	0.00720	0.00737	0.00851	0.00575	0.00554	0.03707	0.09812	0.01686	0.29210	0.31167	0.05199	0.01193	0.00598	0.00181	0.00309	0.11177	0.00491	0.00486
62	0.00707	0.00507	0.00689	0.00689	0.00742	0.00560	0.00489	0.00813	0.00760	0.01066	0.01408	0.02439	0.01449	0.34940	0.49830	0.00666	0.00984	0.00601	0.00277	0.00383
63	0.01054	0.01002	0.01701	0.47260	0.36690	0.01125	0.01427	0.01366	0.01042	0.01408	0.00896	0.01269	0.00709	0.00468	0.00489	0.00156	0.00624	0.00437	0.00229	0.00647
64	0.01603	0.01322	0.01294	0.01078	0.01405	0.10283	0.00859	0.33522	0.34982	0.06064	0.01520	0.01451	0.01116	0.00614	0.00490	0.00154	0.00509	0.00479	0.00474	0.00781
65	0.00835	0.00677	0.00809	0.00656	0.00929	0.00548	0.00509	0.01048	0.01185	0.01723	0.33847	0.02542	0.11382	0.00730	0.00478	0.00117	0.00296	0.00624	0.00414	0.40650
66	0.01253	0.45046	0.08410	0.05304	0.06610	0.01637	0.02304	0.07804	0.01081	0.01395	0.00786	0.00980	0.00681	0.00605	0.03071	0.00156	0.11653	0.00343	0.00239	0.00643
67	0.01314	0.83025	0.02575	0.00841	0.01261	0.01945	0.00841	0.01472	0.00999	0.01156	0.00683	0.00788	0.00631	0.00420	0.00315	0.00105	0.00526	0.00263	0.00210	0.00631
68	0.00714	0.00479	0.00548	0.00548	0.00553	0.00483	0.00313	0.00723	0.00718	0.00962	0.01537	0.03153	0.01759	0.78849	0.06345	0.00492	0.00518	0.00705	0.00296	0.00305
69	0.01107	0.25057	0.47324	0.01405	0.07448	0.01377	0.06824	0.01530	0.01041	0.01448	0.00837	0.01000	0.00645	0.00448	0.00433	0.00141	0.00667	0.00355	0.00214	0.00699
70	0.01038	0.01172	0.08324	0.43604	0.11503	0.03874	0.15452	0.01417	0.03462	0.01402	0.00990	0.03782	0.00788	0.00507	0.00508	0.00161	0.00673	0.00486	0.00243	0.00612
71	0.00608	0.00435	0.00579	0.00678	0.00715	0.00405	0.00457	0.00708	0.00984	0.01324	0.10111	0.74810	0.03384	0.01488	0.00623	0.00195	0.00280	0.01348	0.00464	0.00405
72	0.01293	0.01168	0.01540	0.24325	0.24321	0.06873	0.01183	0.18403	0.08433	0.01831	0.01140	0.05254	0.00933	0.00566	0.00494	0.00154	0.00584	0.00488	0.00326	0.00692
73	0.08649	0.02569	0.14343	0.23831	0.18958	0.02577	0.04054	0.07032	0.01167	0.10730	0.01014	0.01219	0.00746	0.00490	0.00470	0.00154	0.00600	0.00418	0.00296	0.00685
74	0.00864	0.00772	0.01329	0.05796	0.17516	0.00790	0.12150	0.01089	0.00987	0.01374	0.05317	0.20212	0.01665	0.01735	0.25691	0.00364	0.00767	0.00729	0.00312	0.00540
75	0.01190	0.00590	0.00787	0.00734	0.00900	0.00533	0.00547	0.01334	0.01169	0.28894	0.15417	0.33299	0.02661	0.06914	0.00708	0.00196	0.00340	0.02719	0.00512	0.00557
76	0.06809	0.26284	0.13107	0.01137	0.06929	0.03252	0.02226	0.12708	0.02527	0.13812	0.01145	0.04741	0.00922	0.00555	0.00432	0.00140	0.00535	0.01699	0.00342	0.00698
77	0.01285	0.18352	0.26467	0.01584	0.18626	0.03189	0.05960	0.01620	0.01101	0.10945	0.00976	0.01116	0.00742	0.00471	0.00472	0.00141	0.02489	0.00386	0.00271	0.03806
78	0.27876	0.01146	0.01455	0.01815	0.36315	0.03067	0.01056	0.14389	0.01252	0.05882	0.00938	0.01094	0.00729	0.00479	0.00430	0.00148	0.00512	0.00385	0.00322	0.00709
79	0.01269	0.01132	0.01628	0.24549	0.33741	0.04320	0.01260	0.16550	0.01314	0.01789	0.00985	0.01253	0.00772	0.00502	0.00503	0.00150	0.02266	0.00435	0.04887	0.00694
80	0.01543	0.01345	0.01597	0.13304	0.16363	0.09631	0.03999	0.37554	0.05983	0.02237	0.01082	0.01217	0.00811	0.00536	0.00489	0.00149	0.00604	0.00439	0.00372	0.00745
81	0.00635	0.00500	0.00573	0.00555	0.00697	0.00438	0.00416	0.00810	0.01248	0.01631	0.40048	0.04231	0.44206	0.01132	0.00580	0.00161	0.00241	0.00967	0.00496	0.00438
82	0.01695	0.00950	0.01125	0.00940	0.01267	0.00982	0.00751	0.02507	0.41520	0.39590	0.01971	0.01756	0.01364	0.00639	0.00497	0.00160	0.00403	0.00526	0.00552	0.00806
83	0.00590	0.00498	0.00510	0.00507	0.00669	0.00419	0.00380	0.00722	0.01141	0.01377	0.10730	0.04648	0.73682	0.01226	0.00581	0.00165	0.00248	0.01026	0.00463	0.00419
84	0.00649	0.00500	0.00592	0.00569	0.00705	0.00444	0.00427	0.00837	0.01281	0.01709	0.49068	0.04102	0.35137	0.01102	0.00580	0.00159	0.00239	0.00949	0.00506	0.00444
85	0.86201	0.00950	0.00722	0.00646	0.00950	0.01102	0.00532	0.01445	0.00836	0.02205	0.00684	0.00798	0.00532	0.00456	0.00304	0.00152	0.00380	0.00266	0.00304	0.00532
86	0.38293	0.01741	0.01103	0.00998	0.01273	0.46335	0.00769	0.01739	0.01152	0.01636	0.00727	0.00848	0.00589	0.00485	0.00383	0.00138	0.00668	0.00295	0.00275	0.00554
87	0.86201	0.00950	0.00722	0.00646	0.00950	0.01102	0.00532	0.01445	0.00836	0.02205	0.00684	0.00798	0.00532	0.00456	0.00304	0.00152	0.00380	0.00266	0.00304	0.00532
88	0.00706	0.00473	0.00538	0.00547	0.00549	0.00471	0.00309	0.00712	0.00731	0.00974	0.01631	0.08869	0.01891	0.76934	0.02368	0.00457	0.00463	0.00763	0.00309	0.00305
89	0.00642	0.00495	0.00591	0.00647	0.00738	0.00463	0.00454	0.00836	0.06284	0.01375	0.08139	0.49280	0.25529	0.01361	0.00602	0.00185	0.00278	0.01203	0.00465	0.00433
90	0.86201	0.00950	0.00722	0.00646	0.00950	0.01102	0.00532	0.01445	0.00836	0.02205	0.00684	0.00798	0.00532	0.00456	0.00304	0.00152	0.00380	0.00266	0.00304	0.00532
91	0.01868	0.01376	0.01475	0.01131	0.01524	0.01524	0.00934	0.78025	0.02311	0.03097	0.01180	0.01180	0.00836	0.00590	0.00492	0.00147	0.00541	0.00442	0.00492	0.00836
92	0.00986	0.02542	0.80183	0.01401	0.02127	0.01141	0.01816	0.01556	0.01038	0.01556	0.00882	0.01038	0.00623	0.00467	0.00467	0.00156	0.00726	0.00363	0.00208	0.00726
93	0.00606	0.00433	0.00578	0.00692	0.00724	0.00405	0.00468	0.00696	0.00948	0.01262	0.02705	0.79617	0.03235	0.01533	0.00629	0.00201	0.00291	0.04119	0.00456	0.00401
94	0.02136	0.00947	0.01209	0.00927	0.01310	0.00886	0.00766	0.17859	0.01591	0.64279	0.01784	0.01572	0.01139	0.00604	0.00494	0.00151	0.00443	0.00484	0.00584	0.00836
95	0.00916	0.00458	0.00458	0.00458	0.00573	0.00458	0.00344	0.01145	0.01031	0.01832	0.01603	0.01832	0.01260	0.00573	0.00344	0.00115	0.00229	0.00458	0.85457	0.00458
96	0.02014	0.01110	0.01306	0.01005	0.01389	0.01132	0.00829	0.39947	0.03711	0.39953	0.01563	0.01432	0.01034	0.00601	0.00493	0.00150	0.00478	0.00470	0.00548	0.00835
97	0.00598	0.00431	0.00567	0.00675	0.00710	0.00400	0.00452	0.00685	0.00950	0.01258	0.02820	0.78595	0.06992	0.01525	0.00625	0.00198	0.00283	0.01379	0.00456	0.00400
98	0.02107	0.00993	0.01237	0.00949	0.01333	0.00955	0.00784	0.24332	0.01669	0.57697	0.01719	0.01530	0.01106	0.00603	0.00493	0.00151	0.00454	0.00479	0.00574	0.00836
99	0.01295	0.07218	0.01710	0.03724	0.25948	0.18273	0.01174	0.01473	0.01027	0.01319	0.00765	0.01064	0.00684	0.00612	0.00891	0.00165	0.31400	0.00397	0.00232	0.00627
100	0.01010	0.00756	0.00993	0.00993	0.06609	0.00836	0.00714	0.18521	0.01175	0.01649	0.01351	0.05721	0.01236	0.06576	0.44958	0.00520	0.00942	0.00550	0.04344	0.00545
101	0.13934	0.01522	0.17487	0.05126	0.01655	0.05075	0.02853	0.34789	0.01612	0.09723	0.01079	0.01138	0.00763	0.00534	0.00459	0.00150	0.00573	0.00402	0.00386	0.00738
102	0.01133	0.04164	0.05697	0.19788	0.30001	0.01201	0.18812	0.01591	0.09708	0.01552	0.01038	0.01307	0.00811	0.00470	0.00503	0.00156	0.00638	0.00473	0.00265	0.00693
103	0.05300	0.06944	0.21241	0.06834	0.01628	0.03034	0.04528	0.09141	0.18894	0.01752	0.01595	0.06577	0.07593	0.00660	0.00506	0.00159	0.02065	0.00539	0.00347	0.00664

[dist]
# distance from previous block
# <min> <max>
1	4

[block]
# block no. 5 follows, 51 sequences, length 48
# corresponding to MSA columns:
# 866-913
name=unknown_F
#
# <colnr> <probs for GDERKNQSTAVLIFYWHMCP>
#	G	D	E	R	K	N	Q	S	T	A	V	L	I	F	Y	W	H	M	C	P
0	0.37510	0.06577	0.01384	0.04116	0.26603	0.11051	0.00958	0.03753	0.01055	0.01814	0.00792	0.00971	0.00644	0.00459	0.00393	0.00144	0.00532	0.00338	0.00275	0.00632
