[name]
unknown

[dist]
# distance from previous block
# <min> <max>
0	29

[block]
# block no. 0 follows, 52 sequences, length 14
# corresponding to MSA columns:
# 29-42
name=unknown_A
#
# <colnr> <probs for GDERKNQSTAVLIFYWHMCP>
#	G	D	E	R	K	N	Q	S	T	A	V	L	I	F	Y	W	H	M	C	P
0	0.00776	0.00553	0.00738	0.06580	0.01040	0.00549	0.00663	0.00974	0.01047	0.01438	0.02357	0.15596	0.07114	0.03286	0.00629	0.00195	0.00390	0.39261	0.12281	0.04533
1	0.06249	0.00907	0.01449	0.59715	0.13948	0.01057	0.01260	0.01284	0.00982	0.01370	0.00857	0.01227	0.00661	0.00466	0.00463	0.00152	0.00599	0.00410	0.00229	0.06717
2	0.07373	0.00909	0.01418	0.14864	0.40367	0.00953	0.01096	0.01254	0.01011	0.01481	0.06498	0.01805	0.01219	0.14850	0.00824	0.00206	0.00526	0.02471	0.00275	0.00600
3	0.04120	0.00530	0.00601	0.00604	0.00707	0.00512	0.00426	0.04919	0.01077	0.01497	0.16061	0.24768	0.19337	0.15611	0.00888	0.00220	0.00311	0.00935	0.06452	0.00423
4	0.01100	0.00953	0.01374	0.48559	0.06250	0.01123	0.01145	0.13552	0.12081	0.01698	0.06422	0.01497	0.01063	0.00556	0.00491	0.00158	0.00560	0.00478	0.00319	0.00621
5	0.00918	0.00845	0.01394	0.59110	0.10682	0.01001	0.01225	0.01213	0.00959	0.01274	0.00925	0.01351	0.00737	0.00895	0.11260	0.00238	0.00713	0.00436	0.00227	0.04598
6	0.21548	0.01043	0.01270	0.47003	0.02391	0.09176	0.01082	0.01347	0.00955	0.01451	0.00785	0.01108	0.00614	0.00510	0.00534	0.00160	0.07869	0.00378	0.00239	0.00537
7	0.01221	0.01296	0.01052	0.00972	0.01136	0.30605	0.00730	0.02845	0.12420	0.01370	0.08194	0.04909	0.01430	0.10631	0.13764	0.00287	0.05759	0.00526	0.00326	0.00527
8	0.02516	0.00542	0.00714	0.00695	0.00820	0.00508	0.03882	0.00924	0.04309	0.03222	0.27681	0.32271	0.17744	0.01168	0.00578	0.00172	0.00290	0.01038	0.00470	0.00456
9	0.00850	0.00746	0.01160	0.01325	0.20090	0.00706	0.07667	0.01035	0.01004	0.01381	0.05054	0.19124	0.12312	0.09353	0.07425	0.00238	0.00505	0.00762	0.00336	0.08927
10	0.00998	0.00801	0.01055	0.01323	0.22281	0.04523	0.00765	0.05860	0.01082	0.05613	0.01913	0.27958	0.06952	0.14142	0.00846	0.00214	0.00439	0.00817	0.01879	0.00539
11	0.00699	0.00489	0.00596	0.00604	0.00722	0.00436	0.00439	0.00847	0.01150	0.05689	0.27669	0.27945	0.28514	0.01208	0.00582	0.00169	0.00260	0.01056	0.00484	0.00442
12	0.07186	0.00578	0.00679	0.00654	0.00812	0.00540	0.00481	0.01123	0.03151	0.16297	0.08383	0.27855	0.21837	0.07332	0.00693	0.00193	0.00317	0.00929	0.00463	0.00495
13	0.01140	0.00660	0.00808	0.00738	0.00925	0.00631	0.00561	0.07168	0.06343	0.20969	0.09936	0.22253	0.14005	0.07567	0.00706	0.00193	0.00351	0.03997	0.00488	0.00560

[dist]
# distance from previous block
# <min> <max>
12	15

[block]
# block no. 1 follows, 52 sequences, length 55
# corresponding to MSA columns:
# 58-112
name=unknown_B
#
# <colnr> <probs for GDERKNQSTAVLIFYWHMCP>
#	G	D	E	R	K	N	Q	S	T	A	V	L	I	F	Y	W	H	M	C	P
0	0.01424	0.01665	0.09970	0.04017	0.02580	0.34489	0.05409	0.09040	0.03617	0.05159	0.06106	0.01578	0.08509	0.00611	0.00493	0.00142	0.01805	0.00472	0.02309	0.00605
1	0.26190	0.07654	0.12726	0.07416	0.01443	0.10462	0.00882	0.06007	0.03153	0.05592	0.01869	0.03853	0.00826	0.02430	0.00450	0.00148	0.00524	0.00382	0.00303	0.07690
2	0.01150	0.08841	0.27398	0.12489	0.01928	0.01100	0.08117	0.05730	0.03875	0.06779	0.00983	0.01138	0.00731	0.00458	0.00445	0.00135	0.00585	0.00384	0.00278	0.17455
3	0.01124	0.19219	0.22122	0.13635	0.05128	0.07788	0.09658	0.01475	0.03163	0.01384	0.00931	0.04293	0.00775	0.00490	0.00443	0.00138	0.00628	0.00411	0.00240	0.06955
4	0.01052	0.32212	0.17694	0.00928	0.01277	0.05599	0.00928	0.01320	0.03046	0.01278	0.05512	0.01411	0.01068	0.05770	0.18653	0.00292	0.00730	0.00409	0.00252	0.00571
5	0.27250	0.00621	0.00660	0.00691	0.00837	0.00650	0.00537	0.01003	0.00995	0.01659	0.11380	0.28672	0.05932	0.01074	0.00522	0.00181	0.00336	0.16134	0.00413	0.00453
6	0.01336	0.76939	0.02448	0.00862	0.01264	0.08095	0.00838	0.01489	0.01015	0.01144	0.00680	0.00785	0.00622	0.00421	0.00321	0.00105	0.00546	0.00263	0.00211	0.00617
7	0.01368	0.01417	0.01591	0.22266	0.27827	0.23163	0.01216	0.10240	0.03468	0.01564	0.00912	0.01146	0.00724	0.00487	0.00470	0.00144	0.00665	0.00402	0.00271	0.00659
8	0.01374	0.02515	0.07071	0.22838	0.10925	0.19106	0.08113	0.13615	0.04215	0.04182	0.00973	0.01175	0.00737	0.00498	0.00478	0.00147	0.00673	0.00417	0.00293	0.00656
9	0.00994	0.03720	0.34002	0.03241	0.01578	0.00948	0.05418	0.09095	0.01196	0.03495	0.11949	0.08495	0.05620	0.00870	0.04927	0.00192	0.00587	0.02723	0.00332	0.00618
10	0.01190	0.01179	0.02124	0.02811	0.66347	0.01164	0.14961	0.01499	0.01111	0.01578	0.00924	0.01218	0.00762	0.00428	0.00496	0.00147	0.00618	0.00456	0.00241	0.00748
11	0.00578	0.00470	0.00512	0.00546	0.00669	0.00404	0.00393	0.00689	0.01052	0.01288	0.04241	0.27936	0.56908	0.01314	0.00586	0.00174	0.00256	0.01129	0.00450	0.00404
12	0.01023	0.02625	0.26524	0.01169	0.07227	0.05239	0.05078	0.03460	0.01162	0.07213	0.12120	0.11102	0.12495	0.00766	0.00515	0.00157	0.00511	0.00657	0.00353	0.00605
13	0.00646	0.00526	0.00626	0.00637	0.00765	0.00484	0.02270	0.00860	0.06834	0.01377	0.07892	0.32537	0.40260	0.01258	0.00583	0.00175	0.00281	0.01097	0.00453	0.00438
14	0.00612	0.00503	0.00545	0.00564	0.00717	0.00436	0.00442	0.00755	0.01114	0.01351	0.06615	0.04773	0.64320	0.01240	0.00589	0.00174	0.00280	0.14101	0.00452	0.00417
15	0.00972	0.02507	0.80458	0.01381	0.02097	0.01125	0.01790	0.01535	0.01023	0.01535	0.00870	0.01023	0.00614	0.00460	0.00460	0.00153	0.00716	0.00358	0.00205	0.00716
16	0.00955	0.05938	0.28221	0.50175	0.02803	0.01139	0.01468	0.01350	0.00988	0.01333	0.00854	0.01173	0.00634	0.00473	0.00467	0.00156	0.00663	0.00397	0.00211	0.00603
17	0.04558	0.01331	0.01402	0.01084	0.01464	0.03828	0.00892	0.67572	0.02134	0.09074	0.01195	0.01181	0.00838	0.00576	0.00478	0.00145	0.00529	0.00431	0.00481	0.00807
18	0.00573	0.00491	0.00491	0.00491	0.00655	0.00409	0.00368	0.00695	0.01105	0.01309	0.04909	0.04664	0.79750	0.01227	0.00573	0.00164	0.00245	0.01023	0.00450	0.00409
19	0.00972	0.03581	0.01625	0.57809	0.14775	0.01094	0.06736	0.01279	0.01000	0.01310	0.00954	0.04996	0.00787	0.00516	0.00490	0.00159	0.00626	0.00479	0.00232	0.00577
20	0.01853	0.01340	0.01444	0.01107	0.01494	0.01478	0.00914	0.75922	0.02250	0.05502	0.01187	0.01179	0.00836	0.00582	0.00485	0.00146	0.00529	0.00438	0.00488	0.00824
21	0.00992	0.05279	0.05225	0.00736	0.00950	0.00637	0.00600	0.01181	0.02830	0.13286	0.17575	0.21439	0.05063	0.05701	0.00694	0.04105	0.00358	0.01968	0.00423	0.10958
22	0.01136	0.00858	0.09648	0.00900	0.01151	0.00682	0.00826	0.03563	0.03390	0.19175	0.12548	0.03634	0.04428	0.00987	0.00580	0.00184	0.00435	0.34827	0.00468	0.00580
23	0.01787	0.06024	0.01427	0.01229	0.01486	0.77394	0.00931	0.01913	0.01355	0.01184	0.00746	0.00869	0.00624	0.00495	0.00431	0.00124	0.00858	0.00310	0.00248	0.00565
24	0.01110	0.01231	0.02602	0.14670	0.05728	0.01199	0.63017	0.01500	0.01115	0.01504	0.00959	0.01301	0.00722	0.00421	0.00554	0.00162	0.00780	0.00544	0.00240	0.00640
25	0.69668	0.00923	0.00768	0.00673	0.00959	0.01050	0.00545	0.07097	0.00963	0.04689	0.03595	0.01074	0.00780	0.05011	0.00448	0.00167	0.00388	0.00329	0.00331	0.00542
26	0.01238	0.04100	0.47674	0.03663	0.08558	0.01066	0.06896	0.01672	0.01111	0.16681	0.02144	0.01215	0.00803	0.00488	0.00473	0.00152	0.00639	0.00411	0.00291	0.00726
27	0.00903	0.00452	0.00452	0.00452	0.00565	0.00452	0.00339	0.01129	0.01016	0.01807	0.01581	0.01807	0.01242	0.00565	0.00339	0.00113	0.00226	0.00452	0.85659	0.00452
28	0.00998	0.00947	0.01568	0.47781	0.24834	0.01113	0.01321	0.01279	0.00982	0.01329	0.00924	0.04466	0.00781	0.00548	0.00603	0.00163	0.09066	0.00468	0.00231	0.00597
29	0.00819	0.00689	0.01017	0.00978	0.01080	0.00765	0.06001	0.01003	0.01027	0.01397	0.08694	0.16409	0.05694	0.01163	0.00844	0.00204	0.18287	0.33072	0.00389	0.00470
30	0.01005	0.00861	0.01005	0.00718	0.01148	0.00646	0.00574	0.01220	0.01005	0.01579	0.00861	0.01005	0.00718	0.00359	0.00359	0.00072	0.00359	0.00287	0.00287	0.85932
31	0.01295	0.15295	0.07603	0.01180	0.01461	0.14962	0.07769	0.11538	0.01184	0.01509	0.03022	0.01208	0.03012	0.00703	0.03290	0.00173	0.21435	0.00415	0.00274	0.02671
32	0.00589	0.00426	0.00558	0.00664	0.00700	0.00395	0.00445	0.00676	0.00938	0.01241	0.02800	0.78141	0.07634	0.01501	0.00616	0.00195	0.00279	0.01357	0.00450	0.00395
33	0.01053	0.03496	0.01074	0.00740	0.01168	0.00726	0.00598	0.04766	0.01063	0.01633	0.00869	0.01005	0.00720	0.00371	0.00363	0.00076	0.00372	0.00293	0.00294	0.79322
34	0.00665	0.00501	0.00660	0.00678	0.00756	0.00497	0.00497	0.00821	0.01110	0.01528	0.34411	0.33229	0.09247	0.01360	0.05304	0.00211	0.04788	0.02846	0.00460	0.00432
35	0.01330	0.66087	0.03454	0.00894	0.01271	0.12942	0.00846	0.01488	0.01028	0.01152	0.00722	0.00857	0.00655	0.00606	0.04807	0.00145	0.00614	0.00282	0.00216	0.00604
36	0.01731	0.11001	0.03890	0.01129	0.01464	0.39773	0.00922	0.23977	0.01570	0.06065	0.00931	0.00998	0.00716	0.00514	0.00438	0.00129	0.00689	0.00352	0.00332	0.03381
37	0.01052	0.00890	0.01030	0.00740	0.01169	0.00695	0.00594	0.05603	0.01077	0.01663	0.00879	0.01014	0.00724	0.00372	0.00366	0.00076	0.00369	0.00296	0.00298	0.81094
38	0.01058	0.23700	0.53479	0.01191	0.01786	0.01315	0.01444	0.01539	0.04606	0.01467	0.03590	0.01084	0.00792	0.00476	0.00426	0.00141	0.00632	0.00359	0.00230	0.00685
39	0.00668	0.00515	0.00625	0.00669	0.00801	0.00472	0.00543	0.00841	0.01133	0.01433	0.12305	0.07623	0.38361	0.01255	0.00612	0.00187	0.00324	0.30748	0.00458	0.00429
40	0.00748	0.00535	0.00744	0.00855	0.00953	0.00530	0.00725	0.00948	0.01084	0.01414	0.02584	0.18598	0.02860	0.01369	0.00661	0.00219	0.00418	0.63873	0.00447	0.00437
41	0.02420	0.01232	0.01818	0.03586	0.53212	0.05609	0.04817	0.13574	0.01294	0.01793	0.00939	0.01166	0.00759	0.00455	0.00474	0.00140	0.00583	0.00422	0.00282	0.05426
42	0.00703	0.00475	0.00557	0.00557	0.00566	0.00485	0.00329	0.00723	0.00713	0.00960	0.01501	0.03029	0.01700	0.74062	0.11289	0.00505	0.00563	0.00684	0.00290	0.00309
43	0.00651	0.00487	0.00677	0.00708	0.00784	0.00519	0.00524	0.00787	0.00855	0.01171	0.02097	0.24904	0.10624	0.05579	0.46660	0.00535	0.00865	0.00823	0.00336	0.00414
44	0.01140	0.01102	0.01787	0.05581	0.53357	0.01228	0.01348	0.01378	0.00998	0.01451	0.00870	0.01259	0.00771	0.00569	0.00792	0.00165	0.23171	0.02113	0.00236	0.00686
45	0.01267	0.26752	0.03709	0.00966	0.04388	0.07734	0.00804	0.07719	0.04958	0.03290	0.00921	0.02290	0.00773	0.00463	0.00416	0.00109	0.02791	0.00339	0.00289	0.30022
46	0.00857	0.01309	0.32030	0.00928	0.01292	0.00745	0.00995	0.01241	0.03109	0.04307	0.43061	0.02510	0.04106	0.00766	0.00523	0.00153	0.00430	0.00655	0.00404	0.00578
47	0.05013	0.20539	0.28381	0.01172	0.04680	0.03320	0.07288	0.01445	0.01023	0.01478	0.00821	0.00977	0.00653	0.00421	0.00403	0.00122	0.00576	0.00333	0.00235	0.21122
48	0.01049	0.00959	0.01444	0.13710	0.29922	0.00896	0.02746	0.01306	0.01035	0.01516	0.00952	0.04265	0.00821	0.00450	0.00436	0.00118	0.00487	0.00409	0.00265	0.37215
49	0.00591	0.00488	0.00518	0.00519	0.00668	0.00415	0.00386	0.00727	0.01134	0.01399	0.15855	0.09099	0.64109	0.01209	0.00575	0.00164	0.00245	0.01022	0.00462	0.00415
50	0.01403	0.23693	0.14390	0.01313	0.03413	0.25453	0.13754	0.04125	0.01180	0.03195	0.00826	0.00983	0.00664	0.00470	0.00469	0.00134	0.03290	0.00362	0.00245	0.00635
51	0.00903	0.00452	0.00452	0.00452	0.00565	0.00452	0.00339	0.01129	0.01016	0.01807	0.01581	0.01807	0.01242	0.00565	0.00339	0.00113	0.00226	0.00452	0.85659	0.00452
52	0.81724	0.05454	0.00812	0.00648	0.00954	0.01133	0.00542	0.01426	0.00833	0.02118	0.00675	0.00787	0.00530	0.00448	0.00301	0.00147	0.00383	0.00262	0.00295	0.00530
53	0.01455	0.17182	0.18605	0.04394	0.03721	0.22656	0.01118	0.17717	0.05727	0.01702	0.00924	0.01026	0.00716	0.00499	0.00434	0.00135	0.00658	0.00359	0.00293	0.00677
54	0.18676	0.05941	0.23674	0.03050	0.02682	0.01016	0.02681	0.05047	0.04172	0.03729	0.07298	0.01381	0.04216	0.00529	0.00423	0.00138	0.00489	0.00412	0.00310	0.14137

[dist]
# distance from previous block
# <min> <max>
8	40

[block]
# block no. 2 follows, 52 sequences, length 7
# corresponding to MSA columns:
# 153-159
name=unknown_C
#
# <colnr> <probs for GDERKNQSTAVLIFYWHMCP>
#	G	D	E	R	K	N	Q	S	T	A	V	L	I	F	Y	W	H	M	C	P
0	0.01067	0.09238	0.01324	0.01114	0.14610	0.00861	0.00756	0.01289	0.01020	0.01535	0.00851	0.01015	0.00717	0.00377	0.00375	0.00087	0.00412	0.00309	0.00271	0.62772
1	0.01087	0.07243	0.47699	0.11067	0.01991	0.01109	0.01431	0.01507	0.01027	0.07541	0.00924	0.01088	0.00675	0.00480	0.00500	0.00145	0.04576	0.00366	0.00245	0.09300
2	0.00771	0.00527	0.00601	0.00563	0.00735	0.00454	0.00429	0.00930	0.01210	0.09673	0.25898	0.04054	0.50199	0.01095	0.00564	0.00159	0.00258	0.00926	0.00489	0.00466
3	0.00990	0.00662	0.00764	0.00699	0.00902	0.00632	0.00552	0.08682	0.06723	0.12107	0.13963	0.06908	0.35085	0.01032	0.00558	0.00166	0.00324	0.08223	0.00487	0.00539
4	0.01543	0.19253	0.05630	0.01390	0.20187	0.01149	0.00976	0.07898	0.01282	0.27620	0.07291	0.01430	0.01169	0.00540	0.00451	0.00138	0.00486	0.00443	0.00392	0.00732
5	0.01304	0.02737	0.10840	0.19479	0.09022	0.02546	0.01052	0.10237	0.06472	0.17338	0.04390	0.07641	0.03543	0.00640	0.00494	0.00156	0.00518	0.00542	0.00379	0.00670
6	0.01059	0.01044	0.01558	0.05475	0.31881	0.04987	0.05462	0.01276	0.01019	0.01409	0.05583	0.01680	0.08935	0.00824	0.05114	0.00199	0.21094	0.00521	0.00271	0.00610

[dist]
# distance from previous block
# <min> <max>
0	1

[block]
# block no. 3 follows, 52 sequences, length 22
# corresponding to MSA columns:
# 161-182
name=unknown_D
#
# <colnr> <probs for GDERKNQSTAVLIFYWHMCP>
#	G	D	E	R	K	N	Q	S	T	A	V	L	I	F	Y	W	H	M	C	P
0	0.73712	0.01170	0.12551	0.00748	0.01109	0.01093	0.00713	0.01441	0.00854	0.02079	0.00704	0.00822	0.00538	0.00451	0.00324	0.00150	0.00426	0.00277	0.00286	0.00553
1	0.01153	0.21745	0.17860	0.07917	0.17253	0.01274	0.01137	0.09803	0.02517	0.01522	0.00996	0.03036	0.00877	0.10153	0.00671	0.00177	0.00569	0.00428	0.00265	0.00645
2	0.00616	0.00493	0.00551	0.00536	0.00681	0.00428	0.00402	0.00779	0.01207	0.01552	0.33575	0.04264	0.50932	0.01137	0.00572	0.00159	0.00239	0.00967	0.00482	0.00428
3	0.01091	0.00924	0.00992	0.03801	0.01184	0.02582	0.00706	0.13503	0.33012	0.01861	0.02603	0.04372	0.23964	0.00847	0.00570	0.00165	0.04033	0.02708	0.00450	0.00633
4	0.00903	0.00452	0.00452	0.00452	0.00565	0.00452	0.00339	0.01129	0.01016	0.01807	0.01581	0.01807	0.01242	0.00565	0.00339	0.00113	0.00226	0.00452	0.85659	0.00452
5	0.01384	0.39911	0.07886	0.00956	0.01349	0.01582	0.00894	0.23060	0.11141	0.01807	0.01030	0.01149	0.00840	0.04464	0.00497	0.00144	0.00518	0.00374	0.00325	0.00688
6	0.00692	0.00500	0.00676	0.00676	0.00734	0.00548	0.00483	0.00800	0.00765	0.01065	0.01524	0.02475	0.04522	0.32452	0.49223	0.00642	0.00955	0.00607	0.00280	0.00381
7	0.01496	0.00953	0.01236	0.01007	0.01323	0.00982	0.07694	0.06640	0.33762	0.27526	0.10337	0.01872	0.01622	0.00648	0.00506	0.00157	0.00424	0.00560	0.00509	0.00745
8	0.01260	0.74407	0.11083	0.00890	0.01337	0.01831	0.00935	0.01460	0.00989	0.01183	0.00695	0.00804	0.00621	0.00420	0.00327	0.00109	0.00540	0.00270	0.00207	0.00632
9	0.00585	0.00490	0.00509	0.00508	0.00663	0.00414	0.00379	0.00717	0.01127	0.01372	0.12463	0.06504	0.70189	0.01210	0.00574	0.00163	0.00245	0.01017	0.00458	0.00414
10	0.00597	0.00481	0.00537	0.00575	0.00700	0.00420	0.00428	0.00721	0.01063	0.01305	0.04136	0.23699	0.53634	0.01309	0.00593	0.00178	0.00274	0.08492	0.00450	0.00409
11	0.00918	0.00861	0.01437	0.78836	0.03257	0.01061	0.01318	0.01237	0.00970	0.01251	0.00861	0.01281	0.00649	0.00480	0.00480	0.00158	0.00635	0.00425	0.00218	0.03665
12	0.10616	0.04548	0.01706	0.01928	0.35975	0.06794	0.10210	0.06650	0.03770	0.04828	0.03998	0.01405	0.04430	0.00515	0.00470	0.00146	0.00558	0.00463	0.00305	0.00686
13	0.09184	0.17035	0.10210	0.01045	0.01442	0.08378	0.00948	0.33640	0.09920	0.02173	0.01045	0.01085	0.00789	0.00526	0.00429	0.00139	0.00550	0.00380	0.00365	0.00718
14	0.01296	0.83261	0.02539	0.00829	0.01244	0.01917	0.00829	0.01451	0.00985	0.01140	0.00674	0.00777	0.00622	0.00415	0.00311	0.00104	0.00518	0.00259	0.00207	0.00622
15	0.00867	0.09734	0.00943	0.00744	0.00852	0.07942	0.00557	0.00969	0.00828	0.01066	0.01240	0.02075	0.01257	0.27905	0.38101	0.02825	0.00890	0.00528	0.00262	0.00415
16	0.01206	0.03001	0.01667	0.09559	0.44556	0.08279	0.03290	0.05246	0.05930	0.01534	0.01034	0.01424	0.00895	0.09512	0.00694	0.00181	0.00589	0.00458	0.00271	0.00672
17	0.01090	0.09767	0.01013	0.00738	0.00948	0.00847	0.00582	0.17253	0.01340	0.07975	0.16855	0.09339	0.15610	0.12362	0.00789	0.00197	0.00383	0.01930	0.00436	0.00545
18	0.01087	0.01257	0.15018	0.29870	0.10130	0.01103	0.09665	0.13416	0.01232	0.01651	0.01372	0.01588	0.09364	0.00564	0.00499	0.00156	0.00608	0.00500	0.00287	0.00635
19	0.00741	0.00553	0.00765	0.00889	0.09358	0.00576	0.00536	0.00835	0.00798	0.01102	0.01531	0.12275	0.01665	0.40364	0.25417	0.00493	0.00705	0.00702	0.00297	0.00399
20	0.62794	0.00976	0.00904	0.09606	0.01284	0.01121	0.00672	0.10966	0.01046	0.05668	0.00811	0.00928	0.00605	0.00477	0.00351	0.00151	0.00426	0.00312	0.00327	0.00577
21	0.01316	0.06427	0.12596	0.18808	0.19532	0.05042	0.02323	0.08081	0.04289	0.11898	0.01065	0.01226	0.00791	0.00490	0.00464	0.00145	0.00583	0.00413	0.00308	0.04204

[dist]
# distance from previous block
# <min> <max>
3	4

[block]
# block no. 4 follows, 52 sequences, length 19
# corresponding to MSA columns:
# 187-205
name=unknown_E
#
# <colnr> <probs for GDERKNQSTAVLIFYWHMCP>
#	G	D	E	R	K	N	Q	S	T	A	V	L	I	F	Y	W	H	M	C	P
0	0.01256	0.00996	0.01085	0.00953	0.01218	0.01104	0.00761	0.24409	0.36380	0.02171	0.03900	0.06454	0.07206	0.00804	0.00524	0.00167	0.00416	0.09020	0.00481	0.00696
1	0.01333	0.01272	0.08396	0.06295	0.35017	0.01227	0.01228	0.19348	0.15631	0.03622	0.01178	0.01302	0.00900	0.00516	0.00482	0.00150	0.00543	0.00449	0.00346	0.00765
2	0.13335	0.05729	0.43869	0.01350	0.07864	0.11895	0.01382	0.01542	0.01029	0.01542	0.00806	0.00974	0.00616	0.00484	0.00499	0.00150	0.05706	0.00344	0.00228	0.00656
3	0.01214	0.00993	0.01201	0.06617	0.06477	0.00968	0.00793	0.20629	0.08025	0.01928	0.01070	0.01217	0.00847	0.00711	0.06744	0.00164	0.00512	0.00384	0.00344	0.39164
4	0.00693	0.00515	0.00759	0.00759	0.00839	0.00595	0.00581	0.00853	0.00773	0.01110	0.01316	0.02003	0.01255	0.09853	0.74889	0.00755	0.01233	0.00534	0.00262	0.00422
5	0.00872	0.00845	0.07118	0.00980	0.07790	0.00754	0.00740	0.01398	0.20699	0.01763	0.30238	0.08451	0.09694	0.00898	0.00545	0.00163	0.00355	0.05670	0.00453	0.00572
6	0.00590	0.00422	0.00562	0.00675	0.00703	0.00394	0.00450	0.00675	0.00928	0.01237	0.02671	0.82653	0.03205	0.01518	0.00619	0.00197	0.00281	0.01378	0.00450	0.00394
7	0.01158	0.01221	0.02394	0.11044	0.05117	0.01216	0.53998	0.05103	0.10466	0.01642	0.01091	0.01355	0.00819	0.00456	0.00545	0.00162	0.00725	0.00542	0.00282	0.00666
8	0.06437	0.04845	0.05261	0.07374	0.12343	0.14998	0.00972	0.06052	0.01284	0.32308	0.01253	0.01271	0.00875	0.00531	0.00478	0.00145	0.02056	0.00412	0.00393	0.00713
9	0.01842	0.01357	0.01454	0.01115	0.01503	0.01503	0.00921	0.78330	0.02278	0.03054	0.01163	0.01163	0.00824	0.00582	0.00485	0.00145	0.00533	0.00436	0.00485	0.00824
10	0.01296	0.83261	0.02539	0.00829	0.01244	0.01917	0.00829	0.01451	0.00985	0.01140	0.00674	0.00777	0.00622	0.00415	0.00311	0.00104	0.00518	0.00259	0.00207	0.00622
11	0.00705	0.00470	0.00529	0.00529	0.00529	0.00470	0.00294	0.00705	0.00705	0.00940	0.01527	0.03171	0.01762	0.82969	0.02467	0.00470	0.00470	0.00705	0.00294	0.00294
12	0.00947	0.00553	0.00731	0.00654	0.00814	0.00502	0.00502	0.01168	0.01374	0.15669	0.66062	0.03275	0.03981	0.00922	0.00557	0.00152	0.00261	0.00808	0.00545	0.00522
13	0.01132	0.01121	0.04393	0.39017	0.33095	0.03915	0.01369	0.07413	0.01140	0.01524	0.00901	0.01222	0.00706	0.00471	0.00480	0.00152	0.00620	0.00425	0.00247	0.00658
14	0.01154	0.00600	0.00790	0.00683	0.00884	0.00536	0.00533	0.01363	0.01359	0.26947	0.49985	0.03057	0.08360	0.00881	0.00545	0.00152	0.00288	0.00761	0.00549	0.00572
15	0.01340	0.00977	0.01507	0.04139	0.42281	0.00970	0.01101	0.04687	0.05459	0.17886	0.08794	0.03238	0.01342	0.03453	0.00564	0.00160	0.00489	0.00521	0.00371	0.00722
16	0.00903	0.00452	0.00452	0.00452	0.00565	0.00452	0.00339	0.01129	0.01016	0.01807	0.01581	0.01807	0.01242	0.00565	0.00339	0.00113	0.00226	0.00452	0.85659	0.00452
17	0.00966	0.00795	0.01189	0.16117	0.13043	0.00932	0.00908	0.01123	0.06219	0.01202	0.01111	0.01507	0.05091	0.01002	0.01191	0.28353	0.18066	0.00467	0.00249	0.00471
18	0.01683	0.01067	0.01276	0.01153	0.08086	0.01124	0.00853	0.22752	0.27137	0.27057	0.01645	0.01532	0.01154	0.00599	0.00488	0.00153	0.00449	0.00489	0.00503	0.00801

[dist]
# distance from previous block
# <min> <max>
3	6

[block]
# block no. 5 follows, 52 sequences, length 17
# corresponding to MSA columns:
# 213-229
name=unknown_F
#
# <colnr> <probs for GDERKNQSTAVLIFYWHMCP>
#	G	D	E	R	K	N	Q	S	T	A	V	L	I	F	Y	W	H	M	C	P
0	0.01167	0.03012	0.36620	0.06050	0.05421	0.07036	0.06994	0.11193	0.03829	0.03325	0.01062	0.04296	0.00841	0.00746	0.06106	0.00196	0.00705	0.00446	0.00280	0.00676
1	0.01236	0.01036	0.01466	0.36963	0.14059	0.01181	0.01161	0.26175	0.01405	0.01873	0.01099	0.01361	0.02846	0.00711	0.05187	0.00190	0.00626	0.00453	0.00315	0.00656
2	0.00842	0.00421	0.00631	0.00631	0.00631	0.00421	0.00421	0.00631	0.00631	0.00842	0.00842	0.01473	0.00842	0.01684	0.01894	0.85901	0.00421	0.00421	0.00210	0.00210
3	0.01042	0.00945	0.01314	0.01129	0.03903	0.05586	0.15709	0.08489	0.07574	0.01457	0.02525	0.03282	0.03143	0.25448	0.08341	0.00310	0.06711	0.02250	0.00318	0.00525
4	0.86392	0.00937	0.00712	0.00637	0.00937	0.01087	0.00525	0.01425	0.00825	0.02174	0.00675	0.00787	0.00525	0.00450	0.00300	0.00150	0.00375	0.00262	0.00300	0.00525
5	0.00825	0.00591	0.00745	0.00793	0.00924	0.00590	0.00634	0.01154	0.11642	0.05005	0.04547	0.24206	0.12143	0.01237	0.00610	0.00196	0.00365	0.32841	0.00463	0.00489
6	0.06518	0.00643	0.00827	0.00737	0.00952	0.00585	0.00567	0.01494	0.01194	0.36010	0.13338	0.27263	0.05927	0.00962	0.00533	0.00166	0.00335	0.00832	0.00518	0.00600
7	0.00808	0.00610	0.00794	0.00751	0.00838	0.00676	0.00570	0.00924	0.00916	0.05816	0.05567	0.12283	0.20025	0.13576	0.18312	0.00352	0.15621	0.00763	0.00355	0.00444
8	0.86392	0.00937	0.00712	0.00637	0.00937	0.01087	0.00525	0.01425	0.00825	0.02174	0.00675	0.00787	0.00525	0.00450	0.00300	0.00150	0.00375	0.00262	0.00300	0.00525
9	0.00593	0.00494	0.00519	0.00520	0.00676	0.00420	0.00394	0.00732	0.01135	0.01385	0.13151	0.04578	0.68429	0.01205	0.00576	0.00165	0.00251	0.03902	0.00459	0.00416
10	0.00915	0.00861	0.01453	0.81804	0.03338	0.01077	0.01346	0.01238	0.00969	0.01238	0.00861	0.01292	0.00646	0.00484	0.00484	0.00161	0.00646	0.00431	0.00215	0.00538
11	0.01221	0.45309	0.09001	0.01510	0.16215	0.01574	0.16065	0.01484	0.01041	0.01336	0.00794	0.00979	0.00670	0.00420	0.00406	0.00127	0.00604	0.00360	0.00220	0.00663
12	0.22553	0.34405	0.01611	0.00846	0.01190	0.03325	0.00743	0.05682	0.20671	0.03233	0.01051	0.01078	0.00835	0.00499	0.00369	0.00134	0.00456	0.00347	0.00325	0.00647
13	0.00825	0.01022	0.16239	0.03791	0.01149	0.05318	0.00779	0.01111	0.01260	0.01748	0.49831	0.02794	0.06621	0.00821	0.00529	0.00148	0.00383	0.00705	0.00426	0.04498
14	0.01267	0.01653	0.26073	0.02851	0.01861	0.09955	0.18674	0.03654	0.05828	0.09568	0.01059	0.01188	0.00775	0.00468	0.00474	0.00141	0.00648	0.00419	0.00296	0.13149
15	0.00936	0.00860	0.00974	0.21159	0.04519	0.12068	0.00782	0.01116	0.01091	0.04371	0.09012	0.26213	0.13102	0.00949	0.00538	0.00165	0.00463	0.00823	0.00368	0.00493
16	0.04341	0.05749	0.04093	0.18622	0.08623	0.00975	0.00900	0.07856	0.07659	0.01643	0.04856	0.06298	0.05892	0.00597	0.00455	0.00136	0.00463	0.00501	0.00325	0.20017

[dist]
# distance from previous block
# <min> <max>
6	34

[block]
# block no. 6 follows, 52 sequences, length 77
# corresponding to MSA columns:
# 266-342
name=unknown_G
#
# <colnr> <probs for GDERKNQSTAVLIFYWHMCP>
#	G	D	E	R	K	N	Q	S	T	A	V	L	I	F	Y	W	H	M	C	P
0	0.05756	0.00716	0.00929	0.04720	0.03443	0.00766	0.00639	0.03021	0.00949	0.16161	0.01463	0.07966	0.02459	0.25770	0.08974	0.00315	0.10878	0.00595	0.00351	0.04130
1	0.00685	0.00493	0.00657	0.00683	0.00746	0.00505	0.00487	0.00798	0.00861	0.01187	0.06066	0.23156	0.02150	0.23685	0.26949	0.00452	0.00670	0.06424	0.00347	0.02996
2	0.01810	0.02310	0.01373	0.01248	0.01498	0.81024	0.00936	0.01935	0.01373	0.01186	0.00749	0.00874	0.00624	0.00499	0.00437	0.00125	0.00874	0.00312	0.00250	0.00562
3	0.00667	0.00495	0.00622	0.00590	0.00713	0.00449	0.00443	0.00879	0.01328	0.01839	0.67414	0.03791	0.16914	0.01030	0.00572	0.00154	0.00231	0.00900	0.00520	0.00449
4	0.00589	0.00426	0.00558	0.00663	0.00700	0.00395	0.00445	0.00676	0.00939	0.01242	0.02816	0.77610	0.08155	0.01499	0.00616	0.00195	0.00279	0.01355	0.00450	0.00395
5	0.00748	0.00547	0.00735	0.00828	0.00948	0.00534	0.00715	0.00955	0.01114	0.01428	0.02939	0.05338	0.15057	0.01321	0.00654	0.00214	0.00414	0.64623	0.00447	0.00440
6	0.00684	0.00471	0.00580	0.00608	0.00630	0.00476	0.00389	0.00734	0.00780	0.01049	0.01783	0.19376	0.02038	0.52250	0.11959	0.00441	0.00535	0.04551	0.00329	0.00339
7	0.86392	0.00937	0.00712	0.00637	0.00937	0.01087	0.00525	0.01425	0.00825	0.02174	0.00675	0.00787	0.00525	0.00450	0.00300	0.00150	0.00375	0.00262	0.00300	0.00525
8	0.00700	0.00476	0.00565	0.00568	0.00581	0.00487	0.00342	0.00727	0.00721	0.00974	0.01525	0.05104	0.01722	0.69494	0.13619	0.00507	0.00583	0.00696	0.00293	0.00316
9	0.01296	0.83261	0.02539	0.00829	0.01244	0.01917	0.00829	0.01451	0.00985	0.01140	0.00674	0.00777	0.00622	0.00415	0.00311	0.00104	0.00518	0.00259	0.00207	0.00622
10	0.01842	0.01357	0.01454	0.01115	0.01503	0.01503	0.00921	0.78330	0.02278	0.03054	0.01163	0.01163	0.00824	0.00582	0.00485	0.00145	0.00533	0.00436	0.00485	0.00824
11	0.00604	0.00435	0.00577	0.00685	0.00724	0.00407	0.00472	0.00701	0.00949	0.01256	0.02743	0.73907	0.05911	0.01494	0.00621	0.00198	0.00293	0.07176	0.00450	0.00398
12	0.01842	0.01357	0.01454	0.01115	0.01503	0.01503	0.00921	0.78330	0.02278	0.03054	0.01163	0.01163	0.00824	0.00582	0.00485	0.00145	0.00533	0.00436	0.00485	0.00824
13	0.00925	0.00875	0.01456	0.76230	0.03195	0.01105	0.01326	0.01233	0.00953	0.01233	0.00846	0.01276	0.00645	0.00510	0.00561	0.00165	0.06283	0.00430	0.00215	0.00538
14	0.01781	0.02260	0.01378	0.01249	0.01489	0.77874	0.00941	0.01905	0.01348	0.01185	0.00745	0.00881	0.00625	0.00513	0.00483	0.00128	0.04090	0.00317	0.00248	0.00561
15	0.02140	0.00880	0.01159	0.00888	0.01265	0.00794	0.00734	0.10234	0.01479	0.72279	0.01834	0.01599	0.01161	0.00598	0.00487	0.00149	0.00425	0.00482	0.00588	0.00825
16	0.00702	0.00474	0.00550	0.00545	0.00563	0.00470	0.00323	0.00738	0.00804	0.01090	0.12964	0.03215	0.02164	0.69595	0.03550	0.00429	0.00449	0.00727	0.00328	0.00320
17	0.00766	0.00714	0.01179	0.00987	0.01217	0.00652	0.21035	0.00985	0.01121	0.01428	0.07445	0.08662	0.37085	0.01034	0.00591	0.00175	0.00432	0.13613	0.00400	0.00482
18	0.00915	0.00861	0.01453	0.81804	0.03338	0.01077	0.01346	0.01238	0.00969	0.01238	0.00861	0.01292	0.00646	0.00484	0.00484	0.00161	0.00646	0.00431	0.00215	0.00538
19	0.01200	0.01148	0.01942	0.02917	0.77672	0.01153	0.01466	0.01519	0.03357	0.01596	0.00942	0.01217	0.00788	0.00438	0.00480	0.00145	0.00570	0.00435	0.00247	0.00768
20	0.00590	0.00422	0.00562	0.00675	0.00703	0.00394	0.00450	0.00675	0.00928	0.01237	0.02671	0.82653	0.03205	0.01518	0.00619	0.00197	0.00281	0.01378	0.00450	0.00394
21	0.01005	0.00861	0.01005	0.00718	0.01148	0.00646	0.00574	0.01220	0.01005	0.01579	0.00861	0.01005	0.00718	0.00359	0.00359	0.00072	0.00359	0.00287	0.00287	0.85932
22	0.01110	0.01060	0.01805	0.27888	0.55735	0.01128	0.01443	0.01409	0.01061	0.01474	0.00896	0.01229	0.00729	0.00448	0.00481	0.00149	0.00598	0.00431	0.00232	0.00695
23	0.01587	0.01058	0.01183	0.00984	0.01308	0.01149	0.00788	0.19373	0.42731	0.21655	0.01777	0.01625	0.01264	0.00626	0.00490	0.00157	0.00424	0.00508	0.00518	0.00794
24	0.00693	0.00516	0.00764	0.00764	0.00846	0.00598	0.00588	0.00856	0.00775	0.01114	0.01311	0.01977	0.01243	0.08197	0.76529	0.00761	0.01250	0.00530	0.00262	0.00425
25	0.01325	0.07967	0.26385	0.01690	0.23922	0.03574	0.01333	0.09122	0.01199	0.11223	0.01001	0.01143	0.00752	0.00508	0.00544	0.00149	0.06744	0.00398	0.00292	0.00729
26	0.00693	0.00517	0.00769	0.00769	0.00853	0.00601	0.00594	0.00859	0.00776	0.01118	0.01307	0.01952	0.01232	0.06655	0.78057	0.00767	0.01266	0.00526	0.00261	0.00427
27	0.00603	0.00431	0.00577	0.00689	0.00723	0.00404	0.00472	0.00696	0.00940	0.01251	0.02664	0.77583	0.03178	0.01506	0.00622	0.00199	0.00292	0.06324	0.00450	0.00397
28	0.01156	0.00989	0.01055	0.00955	0.01214	0.01134	0.00744	0.02414	0.71455	0.02009	0.07959	0.02024	0.01745	0.00697	0.00503	0.00165	0.00373	0.02178	0.00495	0.00736
29	0.01244	0.01505	0.10409	0.02246	0.35928	0.12657	0.24020	0.01569	0.01138	0.01503	0.00898	0.01163	0.00718	0.00447	0.00523	0.00149	0.02503	0.00448	0.00238	0.00694
30	0.00988	0.11483	0.16238	0.01358	0.05362	0.01073	0.23630	0.01340	0.03039	0.01452	0.08739	0.01560	0.01205	0.01219	0.18857	0.00292	0.00791	0.00504	0.00271	0.00600
31	0.00594	0.00424	0.00567	0.00679	0.00709	0.00397	0.00456	0.00681	0.00932	0.01241	0.02669	0.81104	0.03197	0.01515	0.00620	0.00197	0.00284	0.02889	0.00450	0.00395
32	0.43600	0.03608	0.03204	0.01193	0.13784	0.10448	0.02309	0.01478	0.00957	0.02975	0.00783	0.00959	0.00634	0.00497	0.00484	0.00150	0.08416	0.00330	0.03611	0.00581
33	0.09389	0.00889	0.01116	0.00869	0.01235	0.00832	0.00716	0.08838	0.04452	0.63813	0.01743	0.01539	0.01120	0.00588	0.00471	0.00150	0.00418	0.00466	0.00560	0.00796
34	0.01095	0.37147	0.01596	0.00838	0.02789	0.04407	0.00711	0.02585	0.15373	0.01413	0.04336	0.03859	0.19244	0.00711	0.00437	0.00137	0.00431	0.01961	0.00342	0.00590
35	0.00671	0.00495	0.00628	0.00594	0.00715	0.00451	0.00446	0.00886	0.01337	0.01862	0.70094	0.03754	0.14220	0.01021	0.00572	0.00154	0.00231	0.00895	0.00523	0.00451
36	0.00590	0.00422	0.00562	0.00675	0.00703	0.00394	0.00450	0.00675	0.00928	0.01237	0.02671	0.82653	0.03205	0.01518	0.00619	0.00197	0.00281	0.01378	0.00450	0.00394
37	0.04529	0.01167	0.02157	0.05374	0.38566	0.01158	0.30315	0.01536	0.04789	0.01599	0.01027	0.01387	0.00837	0.00464	0.00514	0.00156	0.00648	0.02820	0.00262	0.00696
38	0.71512	0.01002	0.00837	0.00717	0.01032	0.01146	0.00591	0.13600	0.01065	0.03717	0.00774	0.00862	0.00584	0.00473	0.00332	0.00149	0.00401	0.00294	0.00335	0.00578
39	0.00693	0.00517	0.00770	0.00770	0.00853	0.00601	0.00595	0.00860	0.00776	0.01118	0.01306	0.01949	0.01231	0.06473	0.78237	0.00768	0.01268	0.00526	0.00261	0.00428
40	0.01810	0.02310	0.01373	0.01248	0.01498	0.81024	0.00936	0.01935	0.01373	0.01186	0.00749	0.00874	0.00624	0.00499	0.00437	0.00125	0.00874	0.00312	0.00250	0.00562
41	0.00579	0.00491	0.00500	0.00498	0.00659	0.00412	0.00373	0.00708	0.01120	0.01346	0.09210	0.04604	0.75426	0.01214	0.00573	0.00163	0.00244	0.01014	0.00455	0.00412
42	0.00675	0.00495	0.00633	0.00599	0.00718	0.00453	0.00449	0.00894	0.01347	0.01885	0.72763	0.03717	0.11537	0.01013	0.00572	0.00153	0.00230	0.00890	0.00526	0.00453
43	0.86392	0.00937	0.00712	0.00637	0.00937	0.01087	0.00525	0.01425	0.00825	0.02174	0.00675	0.00787	0.00525	0.00450	0.00300	0.00150	0.00375	0.00262	0.00300	0.00525
44	0.01296	0.83261	0.02539	0.00829	0.01244	0.01917	0.00829	0.01451	0.00985	0.01140	0.00674	0.00777	0.00622	0.00415	0.00311	0.00104	0.00518	0.00259	0.00207	0.00622
45	0.86392	0.00937	0.00712	0.00637	0.00937	0.01087	0.00525	0.01425	0.00825	0.02174	0.00675	0.00787	0.00525	0.00450	0.00300	0.00150	0.00375	0.00262	0.00300	0.00525
46	0.01205	0.01041	0.01096	0.00986	0.01260	0.01205	0.00767	0.02575	0.79071	0.02027	0.01972	0.01808	0.01479	0.00657	0.00493	0.00164	0.00384	0.00548	0.00493	0.00767
47	0.01005	0.00861	0.01005	0.00718	0.01148	0.00646	0.00574	0.01220	0.01005	0.01579	0.00861	0.01005	0.00718	0.00359	0.00359	0.00072	0.00359	0.00287	0.00287	0.85932
48	0.01144	0.01307	0.02859	0.02042	0.02533	0.01225	0.78186	0.01552	0.01144	0.01552	0.00980	0.01307	0.00735	0.00408	0.00572	0.00163	0.00817	0.00572	0.00245	0.00654
49	0.02174	0.00825	0.01125	0.00862	0.01237	0.00712	0.00712	0.02362	0.01387	0.80282	0.01912	0.01649	0.01200	0.00600	0.00487	0.00150	0.00412	0.00487	0.00600	0.00825
50	0.00598	0.00427	0.00571	0.00683	0.00715	0.00400	0.00463	0.00688	0.00935	0.01245	0.02667	0.79636	0.03189	0.01511	0.00621	0.00198	0.00288	0.04321	0.00450	0.00396
51	0.00639	0.00509	0.00575	0.00556	0.00702	0.00453	0.00418	0.00844	0.03539	0.01598	0.36338	0.04139	0.45736	0.01111	0.00570	0.00159	0.00242	0.00947	0.00486	0.00440
52	0.01005	0.00861	0.01005	0.00718	0.01148	0.00646	0.00574	0.01220	0.01005	0.01579	0.00861	0.01005	0.00718	0.00359	0.00359	0.00072	0.00359	0.00287	0.00287	0.85932
53	0.00587	0.00436	0.00547	0.00636	0.00693	0.00397	0.00433	0.00679	0.00965	0.01252	0.03143	0.66196	0.19358	0.01457	0.00609	0.00190	0.00274	0.01303	0.00450	0.00397
54	0.00595	0.00425	0.00567	0.00680	0.00710	0.00397	0.00458	0.00682	0.00932	0.01242	0.02668	0.80842	0.03195	0.01514	0.00620	0.00197	0.00285	0.03144	0.00450	0.00395
55	0.01205	0.01041	0.01096	0.00986	0.01260	0.01205	0.00767	0.02575	0.79071	0.02027	0.01972	0.01808	0.01479	0.00657	0.00493	0.00164	0.00384	0.00548	0.00493	0.00767
56	0.86392	0.00937	0.00712	0.00637	0.00937	0.01087	0.00525	0.01425	0.00825	0.02174	0.00675	0.00787	0.00525	0.00450	0.00300	0.00150	0.00375	0.00262	0.00300	0.00525
57	0.00699	0.00497	0.00648	0.00650	0.00687	0.00538	0.00441	0.00776	0.00748	0.01035	0.01485	0.07197	0.01604	0.44992	0.33913	0.00574	0.02205	0.00664	0.00288	0.00359
58	0.01221	0.01074	0.01103	0.00993	0.01266	0.03258	0.00771	0.02559	0.77072	0.02006	0.01941	0.01784	0.01457	0.00653	0.00492	0.00163	0.00396	0.00542	0.00487	0.00762
59	0.00972	0.02507	0.80458	0.01381	0.02097	0.01125	0.01790	0.01535	0.01023	0.01535	0.00870	0.01023	0.00614	0.00460	0.00460	0.00153	0.00716	0.00358	0.00205	0.00716
60	0.00590	0.00422	0.00562	0.00675	0.00703	0.00394	0.00450	0.00675	0.00928	0.01237	0.02671	0.82653	0.03205	0.01518	0.00619	0.00197	0.00281	0.01378	0.00450	0.00394
61	0.00972	0.02507	0.80458	0.01381	0.02097	0.01125	0.01790	0.01535	0.01023	0.01535	0.00870	0.01023	0.00614	0.00460	0.00460	0.00153	0.00716	0.00358	0.00205	0.00716
62	0.00596	0.00426	0.00569	0.00681	0.00712	0.00399	0.00460	0.00685	0.00933	0.01243	0.02668	0.80355	0.03193	0.01513	0.00620	0.00198	0.00286	0.03620	0.00450	0.00395
63	0.01005	0.00861	0.01005	0.00718	0.01148	0.00646	0.00574	0.01220	0.01005	0.01579	0.00861	0.01005	0.00718	0.00359	0.00359	0.00072	0.00359	0.00287	0.00287	0.85932
64	0.01055	0.23332	0.60364	0.01239	0.01877	0.01330	0.01543	0.01513	0.01013	0.01433	0.00819	0.00960	0.00616	0.00449	0.00422	0.00141	0.00665	0.00333	0.00205	0.00692
65	0.01232	0.01026	0.01093	0.00971	0.01255	0.01166	0.00757	0.02514	0.73200	0.04809	0.01926	0.01771	0.01439	0.00644	0.00488	0.00160	0.00384	0.00535	0.00489	0.04141
66	0.00915	0.00861	0.01453	0.81804	0.03338	0.01077	0.01346	0.01238	0.00969	0.01238	0.00861	0.01292	0.00646	0.00484	0.00484	0.00161	0.00646	0.00431	0.00215	0.00538
67	0.01129	0.01068	0.01753	0.22473	0.53101	0.01138	0.01381	0.01532	0.08707	0.01540	0.01003	0.01282	0.00807	0.00467	0.00482	0.00150	0.00574	0.00443	0.00259	0.00710
68	0.00915	0.00861	0.01453	0.81804	0.03338	0.01077	0.01346	0.01238	0.00969	0.01238	0.00861	0.01292	0.00646	0.00484	0.00484	0.00161	0.00646	0.00431	0.00215	0.00538
69	0.00765	0.00595	0.00824	0.01008	0.10978	0.00576	0.00690	0.00941	0.01065	0.01399	0.08195	0.11684	0.15647	0.10768	0.00827	0.00224	0.00400	0.32546	0.00409	0.00459
70	0.01417	0.01113	0.01424	0.06117	0.21417	0.01172	0.00977	0.36748	0.01583	0.03585	0.01118	0.01434	0.00918	0.11100	0.00728	0.00182	0.00526	0.00458	0.00368	0.07615
71	0.23322	0.03835	0.01224	0.01044	0.01326	0.43565	0.00812	0.13978	0.01355	0.01737	0.00850	0.03259	0.00705	0.00527	0.00412	0.00136	0.00666	0.00349	0.00305	0.00591
72	0.01827	0.01037	0.01214	0.00968	0.01321	0.01071	0.00788	0.24704	0.21682	0.37445	0.01708	0.01548	0.01162	0.00609	0.00488	0.00152	0.00440	0.00488	0.00539	0.00810
73	0.26872	0.01338	0.19027	0.02705	0.04503	0.08422	0.00921	0.01459	0.08242	0.01711	0.04446	0.08456	0.05968	0.00668	0.00446	0.00157	0.00495	0.03259	0.00324	0.00581
74	0.01214	0.01020	0.01069	0.04077	0.01211	0.10823	0.00737	0.21084	0.02695	0.03375	0.01222	0.01742	0.01091	0.12411	0.23195	0.00363	0.03121	0.02730	0.00337	0.06485
75	0.00686	0.00495	0.00648	0.00610	0.00724	0.00457	0.00457	0.00914	0.01372	0.01943	0.79691	0.03620	0.04572	0.00991	0.00572	0.00152	0.00229	0.00876	0.00533	0.00457
76	0.01504	0.50418	0.02066	0.00999	0.01347	0.34012	0.00873	0.01647	0.01142	0.01159	0.00704	0.00817	0.00623	0.00449	0.00362	0.00112	0.00663	0.00281	0.00224	0.00598

[dist]
# distance from previous block
# <min> <max>
0	1

[block]
# block no. 7 follows, 52 sequences, length 56
# corresponding to MSA columns:
# 344-399
name=unknown_H
#
# <colnr> <probs for GDERKNQSTAVLIFYWHMCP>
#	G	D	E	R	K	N	Q	S	T	A	V	L	I	F	Y	W	H	M	C	P
0	0.01269	0.00835	0.00954	0.00811	0.01042	0.04226	0.00646	0.19191	0.01565	0.16011	0.38256	0.02707	0.04735	0.00830	0.00536	0.00153	0.00372	0.04736	0.00515	0.00610
1	0.00692	0.00519	0.00779	0.00779	0.00865	0.00606	0.00606	0.00865	0.00779	0.01125	0.01298	0.01904	0.01211	0.03634	0.81049	0.00779	0.01298	0.00519	0.00260	0.00433
2	0.01005	0.00861	0.01005	0.00718	0.01148	0.00646	0.00574	0.01220	0.01005	0.01579	0.00861	0.01005	0.00718	0.00359	0.00359	0.00072	0.00359	0.00287	0.00287	0.85932
3	0.00719	0.00507	0.00678	0.00768	0.00837	0.00500	0.00605	0.00865	0.00989	0.01298	0.02389	0.23983	0.02691	0.17301	0.01007	0.00265	0.00410	0.43366	0.00417	0.00404
4	0.00583	0.00487	0.00507	0.00511	0.00663	0.00412	0.00380	0.00711	0.01115	0.01355	0.10661	0.09148	0.69354	0.01226	0.00575	0.00165	0.00246	0.01032	0.00457	0.00412
5	0.00834	0.00423	0.00626	0.00626	0.00626	0.00423	0.00414	0.00635	0.00635	0.00847	0.00878	0.01564	0.00891	0.06028	0.01925	0.81335	0.00423	0.00436	0.00215	0.00215
6	0.01267	0.02957	0.01986	0.04707	0.39317	0.08934	0.18705	0.06211	0.02399	0.02809	0.00973	0.01238	0.00784	0.00621	0.04800	0.00181	0.00691	0.00456	0.00266	0.00698
7	0.01173	0.43090	0.27682	0.01348	0.12737	0.01532	0.03476	0.01486	0.01019	0.01343	0.00780	0.00932	0.00643	0.00432	0.00391	0.00127	0.00599	0.00325	0.00212	0.00674
8	0.00696	0.00503	0.00695	0.00695	0.00752	0.00560	0.00501	0.00812	0.00754	0.01063	0.01375	0.02329	0.01396	0.30228	0.54708	0.00675	0.01020	0.00581	0.00271	0.00386
9	0.01512	0.01489	0.28630	0.04966	0.04089	0.00965	0.13531	0.01873	0.01196	0.34851	0.01329	0.01351	0.00887	0.00511	0.00491	0.00154	0.00597	0.00452	0.00380	0.00745
10	0.02440	0.07901	0.07856	0.36249	0.23303	0.01180	0.05262	0.04443	0.01085	0.04443	0.00915	0.01205	0.00705	0.00467	0.00469	0.00150	0.00613	0.00418	0.00248	0.00648
11	0.01009	0.00786	0.03916	0.00986	0.01163	0.00778	0.09173	0.05264	0.01031	0.11455	0.01707	0.28710	0.01721	0.01604	0.19146	0.00318	0.09537	0.00788	0.00370	0.00536
12	0.86392	0.00937	0.00712	0.00637	0.00937	0.01087	0.00525	0.01425	0.00825	0.02174	0.00675	0.00787	0.00525	0.00450	0.00300	0.00150	0.00375	0.00262	0.00300	0.00525
13	0.00692	0.00519	0.00779	0.00779	0.00865	0.00606	0.00606	0.00865	0.00779	0.01125	0.01298	0.01904	0.01211	0.03634	0.81049	0.00779	0.01298	0.00519	0.00260	0.00433
14	0.00694	0.00506	0.00675	0.00693	0.00799	0.00487	0.00544	0.00896	0.01195	0.01640	0.41483	0.11103	0.08709	0.01388	0.08175	0.00233	0.00388	0.19476	0.00473	0.00443
15	0.01219	0.01048	0.01104	0.00989	0.01265	0.01212	0.00770	0.04229	0.77394	0.02050	0.01955	0.01794	0.01465	0.00656	0.00493	0.00164	0.00387	0.00545	0.00493	0.00768
16	0.01968	0.01156	0.01329	0.01019	0.01402	0.01203	0.00842	0.49556	0.01941	0.32305	0.01447	0.01348	0.00966	0.00589	0.00486	0.00147	0.00487	0.00456	0.00528	0.00824
17	0.00704	0.00472	0.00539	0.00539	0.00543	0.00476	0.00307	0.00712	0.00708	0.00948	0.01517	0.03117	0.01738	0.79546	0.05857	0.00483	0.00506	0.00697	0.00292	0.00300
18	0.01810	0.02310	0.01373	0.01248	0.01498	0.81024	0.00936	0.01935	0.01373	0.01186	0.00749	0.00874	0.00624	0.00499	0.00437	0.00125	0.00874	0.00312	0.00250	0.00562
19	0.00972	0.02507	0.80458	0.01381	0.02097	0.01125	0.01790	0.01535	0.01023	0.01535	0.00870	0.01023	0.00614	0.00460	0.00460	0.00153	0.00716	0.00358	0.00205	0.00716
20	0.01314	0.80376	0.02498	0.00844	0.01253	0.04736	0.00833	0.01468	0.00999	0.01142	0.00676	0.00781	0.00622	0.00418	0.00315	0.00104	0.00531	0.00261	0.00209	0.00620
21	0.00755	0.00581	0.00889	0.00864	0.03222	0.00542	0.08196	0.00945	0.01153	0.03822	0.31230	0.32164	0.06535	0.01130	0.00590	0.00174	0.00336	0.05941	0.00459	0.00470
