[name]
unknown

[dist]
# distance from previous block
# <min> <max>
0	9

[block]
# block no. 0 follows, 51 sequences, length 29
# corresponding to MSA columns:
# 9-37
name=unknown_A
#
# <colnr> <probs for GDERKNQSTAVLIFYWHMCP>
#	G	D	E	R	K	N	Q	S	T	A	V	L	I	F	Y	W	H	M	C	P
0	0.00749	0.00552	0.00732	0.00822	0.00946	0.00535	0.00706	0.00954	0.01129	0.01441	0.03088	0.05377	0.18488	0.01334	0.00659	0.00214	0.00411	0.60965	0.00453	0.00445
1	0.68961	0.01235	0.00859	0.00773	0.01067	0.17379	0.00617	0.01550	0.00950	0.02000	0.00700	0.00816	0.00553	0.00466	0.00333	0.00147	0.00484	0.00276	0.00294	0.00540
2	0.00662	0.00516	0.00612	0.00637	0.00775	0.00465	0.00507	0.00835	0.01175	0.01496	0.19493	0.06398	0.41742	0.01233	0.00608	0.00181	0.00301	0.21457	0.00473	0.00435
3	0.01836	0.02342	0.01393	0.01266	0.01519	0.80756	0.00950	0.01962	0.01393	0.01203	0.00760	0.00886	0.00633	0.00506	0.00443	0.00127	0.00886	0.00317	0.00253	0.00570
4	0.00684	0.00502	0.00641	0.00606	0.00727	0.00459	0.00455	0.00905	0.01364	0.01907	0.72056	0.03775	0.12025	0.01028	0.00580	0.00156	0.00234	0.00903	0.00533	0.00459
5	0.01868	0.01376	0.01475	0.01131	0.01524	0.01524	0.00934	0.78025	0.02311	0.03097	0.01180	0.01180	0.00836	0.00590	0.00492	0.00147	0.00541	0.00442	0.00492	0.00836
6	0.00987	0.00934	0.01580	0.65501	0.18972	0.01107	0.01394	0.01307	0.01010	0.01327	0.00884	0.01291	0.00680	0.00480	0.00490	0.00160	0.00641	0.00437	0.00223	0.00593
7	0.01193	0.01247	0.01970	0.01480	0.01879	0.07359	0.36888	0.01730	0.16966	0.01631	0.01141	0.01321	0.00883	0.00483	0.00555	0.00146	0.04276	0.00489	0.00307	0.18057
8	0.01390	0.04393	0.00986	0.00783	0.01032	0.00719	0.00622	0.01726	0.10505	0.33554	0.28853	0.09106	0.02582	0.00822	0.00528	0.00157	0.00344	0.00704	0.00542	0.00654
9	0.01353	0.77042	0.02487	0.00872	0.01280	0.07789	0.00849	0.01508	0.01028	0.01160	0.00689	0.00796	0.00631	0.00427	0.00325	0.00107	0.00552	0.00267	0.00213	0.00626
10	0.00607	0.00434	0.00577	0.00679	0.00715	0.00405	0.00457	0.00705	0.00979	0.01314	0.09130	0.75816	0.03366	0.01495	0.00623	0.00196	0.00281	0.01354	0.00463	0.00405
11	0.18780	0.01190	0.01145	0.00951	0.01282	0.10710	0.00764	0.16803	0.17429	0.23920	0.01410	0.01340	0.00994	0.00574	0.00451	0.00151	0.00485	0.00430	0.00459	0.00731
12	0.16575	0.01764	0.34244	0.01146	0.01662	0.01253	0.01222	0.28987	0.01474	0.05729	0.01001	0.01074	0.00709	0.00515	0.00448	0.00152	0.00584	0.00380	0.00345	0.00736
13	0.01836	0.02342	0.01393	0.01266	0.01519	0.80756	0.00950	0.01962	0.01393	0.01203	0.00760	0.00886	0.00633	0.00506	0.00443	0.00127	0.00886	0.00317	0.00253	0.00570
14	0.01028	0.08799	0.50475	0.01320	0.01895	0.01127	0.11072	0.02766	0.01113	0.02914	0.09470	0.03609	0.01161	0.00549	0.00486	0.00154	0.00648	0.00471	0.00268	0.00676
15	0.00715	0.00466	0.00668	0.00702	0.00743	0.00490	0.00497	0.00744	0.00789	0.01084	0.01615	0.25983	0.01758	0.06678	0.30351	0.24572	0.00712	0.00769	0.00309	0.00356
16	0.00599	0.00428	0.00570	0.00684	0.00713	0.00399	0.00456	0.00684	0.00941	0.01254	0.02709	0.82409	0.03250	0.01540	0.00627	0.00200	0.00285	0.01397	0.00456	0.00399
17	0.01258	0.01350	0.02442	0.01913	0.08295	0.07012	0.53774	0.08020	0.04984	0.01690	0.01089	0.03834	0.00862	0.00485	0.00553	0.00161	0.00751	0.00563	0.00287	0.00677
18	0.01011	0.00996	0.01801	0.56036	0.14429	0.01130	0.14857	0.01349	0.01034	0.01363	0.00902	0.01299	0.00689	0.00470	0.00506	0.00161	0.00675	0.00462	0.00227	0.00601
19	0.00715	0.00476	0.00536	0.00536	0.00536	0.00476	0.00298	0.00715	0.00715	0.00953	0.01548	0.03216	0.01787	0.82729	0.02501	0.00476	0.00476	0.00715	0.00298	0.00298
20	0.00730	0.00495	0.00626	0.00593	0.00709	0.00463	0.00445	0.00961	0.01335	0.01949	0.67236	0.03383	0.04109	0.00937	0.00543	0.00148	0.00231	0.00821	0.13822	0.00463
21	0.80072	0.00981	0.00777	0.00681	0.00992	0.01133	0.00561	0.07010	0.00943	0.02270	0.00720	0.00826	0.00554	0.00466	0.00318	0.00152	0.00392	0.00279	0.00318	0.00554
22	0.01060	0.01008	0.01712	0.45601	0.38301	0.01127	0.01430	0.01371	0.01045	0.01416	0.00897	0.01267	0.00712	0.00467	0.00489	0.00156	0.00622	0.00437	0.00230	0.00652
23	0.03136	0.02678	0.05157	0.02597	0.01674	0.02758	0.19526	0.06855	0.33440	0.11305	0.01499	0.01517	0.01101	0.00578	0.00553	0.00163	0.03806	0.00515	0.00408	0.00733
24	0.01075	0.01075	0.01505	0.01290	0.01290	0.01505	0.01075	0.01183	0.00753	0.01183	0.00645	0.01075	0.00645	0.00860	0.01613	0.00215	0.81830	0.00430	0.00215	0.00538
25	0.00606	0.00499	0.00533	0.00525	0.00679	0.00426	0.00393	0.00755	0.01180	0.01471	0.21546	0.04494	0.62808	0.01191	0.00581	0.00163	0.00245	0.01004	0.00475	0.00426
26	0.01674	0.00963	0.01187	0.00902	0.01276	0.00901	0.00740	0.15618	0.01397	0.34752	0.01360	0.01326	0.00947	0.00543	0.00530	0.00130	0.06202	0.00414	0.00455	0.28683
27	0.01469	0.00935	0.01245	0.00991	0.01244	0.00997	0.00817	0.01636	0.01060	0.29818	0.01174	0.01277	0.00874	0.00638	0.00878	0.00155	0.30827	0.00417	0.00377	0.23173
28	0.01138	0.56626	0.03906	0.00844	0.01178	0.01546	0.00801	0.01341	0.02923	0.01184	0.00893	0.01131	0.00815	0.01314	0.22163	0.00294	0.00741	0.00344	0.00232	0.00585

[dist]
# distance from previous block
# <min> <max>
0	1

[block]
# block no. 1 follows, 51 sequences, length 111
# corresponding to MSA columns:
# 39-149
name=unknown_B
#
# <colnr> <probs for GDERKNQSTAVLIFYWHMCP>
#	G	D	E	R	K	N	Q	S	T	A	V	L	I	F	Y	W	H	M	C	P
0	0.01101	0.27211	0.30863	0.01223	0.08242	0.06424	0.01198	0.01417	0.01067	0.01395	0.04262	0.06977	0.05492	0.00593	0.00442	0.00141	0.00584	0.00467	0.00259	0.00640
1	0.01437	0.21877	0.34834	0.01088	0.01619	0.01211	0.01212	0.03130	0.01166	0.24624	0.02589	0.01214	0.00877	0.00509	0.00440	0.00142	0.00573	0.00388	0.00337	0.00732
2	0.00713	0.00482	0.00565	0.00565	0.00574	0.00492	0.00333	0.00733	0.00723	0.00974	0.01522	0.03071	0.01724	0.73821	0.11324	0.00512	0.00571	0.00693	0.00294	0.00314
3	0.00841	0.00435	0.00653	0.00653	0.00661	0.00443	0.00443	0.00661	0.00653	0.00878	0.00893	0.01531	0.00886	0.01877	0.08697	0.78406	0.00503	0.00435	0.00218	0.00233
4	0.01640	0.20779	0.01743	0.05387	0.02999	0.45170	0.03972	0.08580	0.01348	0.02926	0.00821	0.00950	0.00670	0.00490	0.00427	0.00128	0.00743	0.00338	0.00269	0.00619
5	0.23098	0.01553	0.08032	0.01166	0.06000	0.24477	0.02330	0.10993	0.01299	0.13255	0.00985	0.01059	0.00727	0.00518	0.00456	0.00146	0.02543	0.00364	0.00341	0.00658
6	0.00656	0.00454	0.00551	0.00606	0.00623	0.00438	0.00375	0.00700	0.00832	0.01105	0.02181	0.40923	0.04315	0.42185	0.01564	0.00337	0.00380	0.01047	0.00377	0.00349
7	0.00599	0.00428	0.00570	0.00684	0.00713	0.00399	0.00456	0.00684	0.00941	0.01254	0.02709	0.82409	0.03250	0.01540	0.00627	0.00200	0.00285	0.01397	0.00456	0.00399
8	0.01507	0.01794	0.01926	0.01847	0.18037	0.40933	0.21768	0.01745	0.01258	0.01386	0.00854	0.01078	0.00694	0.00476	0.00517	0.00143	0.02735	0.00415	0.00249	0.00637
9	0.00705	0.00516	0.00737	0.00737	0.00807	0.00586	0.00548	0.00844	0.00774	0.01102	0.01365	0.02198	0.01345	0.20114	0.64512	0.00725	0.01142	0.00566	0.00270	0.00409
10	0.01425	0.01603	0.01376	0.01220	0.01384	0.34718	0.00961	0.01807	0.17237	0.01373	0.00975	0.01153	0.00818	0.00671	0.00890	0.00168	0.30921	0.00408	0.00290	0.00601
11	0.00581	0.00498	0.00498	0.00498	0.00664	0.00415	0.00373	0.00705	0.01120	0.01328	0.04978	0.04729	0.79464	0.01245	0.00581	0.00166	0.00249	0.01037	0.00456	0.00415
12	0.01301	0.01298	0.01307	0.01412	0.17527	0.21726	0.02057	0.09479	0.12127	0.01817	0.22720	0.01891	0.01911	0.00659	0.00505	0.00147	0.00538	0.00550	0.00389	0.00641
13	0.00718	0.00557	0.00671	0.00728	0.00834	0.00551	0.00538	0.01029	0.12728	0.01422	0.03033	0.43493	0.17932	0.01323	0.00607	0.00192	0.00319	0.12398	0.00462	0.00467
14	0.01019	0.00873	0.01019	0.00728	0.01165	0.00655	0.00582	0.01237	0.01019	0.01601	0.00873	0.01019	0.00728	0.00364	0.00364	0.00073	0.00364	0.00291	0.00291	0.85734
15	0.01189	0.01985	0.40787	0.01328	0.01848	0.10887	0.07946	0.03712	0.22039	0.01686	0.01185	0.01261	0.00876	0.00524	0.00483	0.00156	0.00659	0.00430	0.00302	0.00718
16	0.01695	0.10136	0.01485	0.01157	0.01457	0.45833	0.00909	0.16192	0.13366	0.01682	0.01020	0.01076	0.00803	0.00538	0.00448	0.00134	0.00709	0.00371	0.00331	0.00657
17	0.01830	0.01358	0.01453	0.01123	0.01510	0.01506	0.00925	0.73589	0.06809	0.03036	0.01228	0.01218	0.00875	0.00594	0.00492	0.00149	0.00532	0.00449	0.00492	0.00832
18	0.01146	0.08532	0.14715	0.01863	0.02388	0.01288	0.59603	0.01563	0.01127	0.01536	0.00950	0.01235	0.00717	0.00423	0.00540	0.00159	0.00787	0.00519	0.00239	0.00670
19	0.01119	0.35299	0.48596	0.01173	0.01775	0.01468	0.01419	0.01522	0.01022	0.01393	0.00801	0.00936	0.00626	0.00448	0.00405	0.00135	0.00645	0.00322	0.00209	0.00687
20	0.01153	0.01304	0.02780	0.02004	0.02459	0.01265	0.71279	0.01541	0.01125	0.01541	0.00964	0.01304	0.00737	0.00453	0.00669	0.00170	0.07789	0.00567	0.00246	0.00652
21	0.00599	0.00428	0.00570	0.00684	0.00713	0.00399	0.00456	0.00684	0.00941	0.01254	0.02709	0.82409	0.03250	0.01540	0.00627	0.00200	0.00285	0.01397	0.00456	0.00399
22	0.07305	0.01891	0.01380	0.01175	0.01484	0.45998	0.00917	0.30350	0.01700	0.01975	0.00912	0.00990	0.00702	0.00534	0.00452	0.00136	0.00724	0.00360	0.00346	0.00667
23	0.00609	0.00432	0.00567	0.00672	0.00698	0.00406	0.00443	0.00687	0.00921	0.01229	0.02609	0.75604	0.03125	0.08516	0.00788	0.00223	0.00302	0.01338	0.00443	0.00390
24	0.01314	0.83025	0.02575	0.00841	0.01261	0.01945	0.00841	0.01472	0.00999	0.01156	0.00683	0.00788	0.00631	0.00420	0.00315	0.00105	0.00526	0.00263	0.00210	0.00631
25	0.01800	0.01389	0.01422	0.01116	0.01481	0.06590	0.00910	0.69065	0.02180	0.02878	0.01233	0.05404	0.00949	0.00634	0.00496	0.00149	0.00550	0.00484	0.00474	0.00796
26	0.00928	0.00873	0.01474	0.81548	0.03385	0.01092	0.01365	0.01256	0.00983	0.01256	0.00873	0.01310	0.00655	0.00491	0.00491	0.00164	0.00655	0.00437	0.00218	0.00546
27	0.00599	0.00428	0.00570	0.00684	0.00713	0.00399	0.00456	0.00684	0.00941	0.01254	0.02709	0.82409	0.03250	0.01540	0.00627	0.00200	0.00285	0.01397	0.00456	0.00399
28	0.00992	0.04204	0.78580	0.01389	0.02109	0.01158	0.01796	0.01555	0.01037	0.01548	0.00878	0.01032	0.00623	0.00466	0.00464	0.00155	0.00722	0.00361	0.00208	0.00724
29	0.08350	0.01159	0.01243	0.01013	0.01356	0.01279	0.00819	0.35406	0.29147	0.12691	0.01530	0.01445	0.01097	0.00609	0.00480	0.00155	0.00458	0.00475	0.00495	0.00791
30	0.00689	0.00489	0.00617	0.00687	0.00733	0.00475	0.00460	0.05115	0.00985	0.01315	0.02446	0.65833	0.02892	0.13714	0.00902	0.00238	0.00329	0.01240	0.00434	0.00409
31	0.00850	0.00452	0.00481	0.00505	0.00602	0.00446	0.00367	0.01049	0.01012	0.01712	0.01833	0.18579	0.01673	0.00774	0.00402	0.00132	0.00241	0.00653	0.67791	0.00446
32	0.01124	0.01578	0.18962	0.01932	0.02477	0.01222	0.62070	0.01570	0.01134	0.01570	0.00971	0.01266	0.00720	0.00425	0.00556	0.00164	0.00807	0.00535	0.00240	0.00676
33	0.01866	0.01336	0.01426	0.01104	0.01485	0.03322	0.00907	0.68519	0.02187	0.09089	0.01264	0.03016	0.00915	0.00610	0.00494	0.00149	0.00534	0.00465	0.00494	0.00820
34	0.00715	0.00476	0.00536	0.00536	0.00536	0.00476	0.00298	0.00715	0.00715	0.00953	0.01548	0.03216	0.01787	0.82729	0.02501	0.00476	0.00476	0.00715	0.00298	0.00298
35	0.00581	0.00498	0.00498	0.00498	0.00664	0.00415	0.00373	0.00705	0.01120	0.01328	0.04978	0.04729	0.79464	0.01245	0.00581	0.00166	0.00249	0.01037	0.00456	0.00415
36	0.26268	0.01229	0.01544	0.01179	0.01568	0.01323	0.16804	0.38021	0.01621	0.04383	0.01015	0.01111	0.00738	0.00515	0.00455	0.00153	0.00551	0.00421	0.00389	0.00711
37	0.01591	0.01847	0.01436	0.01262	0.01445	0.48155	0.00989	0.08244	0.01263	0.01359	0.00758	0.00973	0.00654	0.00629	0.00828	0.00157	0.27201	0.00364	0.00261	0.00582
38	0.01836	0.02342	0.01393	0.01266	0.01519	0.80756	0.00950	0.01962	0.01393	0.01203	0.00760	0.00886	0.00633	0.00506	0.00443	0.00127	0.00886	0.00317	0.00253	0.00570
39	0.00599	0.00428	0.00570	0.00684	0.00713	0.00399	0.00456	0.00684	0.00941	0.01254	0.02709	0.82409	0.03250	0.01540	0.00627	0.00200	0.00285	0.01397	0.00456	0.00399
40	0.01211	0.01115	0.01635	0.02062	0.40414	0.01243	0.01200	0.06509	0.17257	0.01699	0.01168	0.03969	0.00987	0.00614	0.00716	0.00166	0.16507	0.00492	0.00314	0.00722
41	0.01372	0.01130	0.01196	0.01030	0.01335	0.01292	0.00814	0.20111	0.61033	0.02297	0.01810	0.01682	0.01346	0.00649	0.00498	0.00162	0.00424	0.00529	0.00498	0.00791
42	0.86201	0.00950	0.00722	0.00646	0.00950	0.01102	0.00532	0.01445	0.00836	0.02205	0.00684	0.00798	0.00532	0.00456	0.00304	0.00152	0.00380	0.00266	0.00304	0.00532
43	0.01836	0.02342	0.01393	0.01266	0.01519	0.80756	0.00950	0.01962	0.01393	0.01203	0.00760	0.00886	0.00633	0.00506	0.00443	0.00127	0.00886	0.00317	0.00253	0.00570
44	0.00691	0.00467	0.00543	0.00566	0.00571	0.00461	0.00330	0.00709	0.00760	0.01013	0.01781	0.19086	0.02080	0.66459	0.02126	0.00421	0.00438	0.00851	0.00330	0.00318
45	0.86201	0.00950	0.00722	0.00646	0.00950	0.01102	0.00532	0.01445	0.00836	0.02205	0.00684	0.00798	0.00532	0.00456	0.00304	0.00152	0.00380	0.00266	0.00304	0.00532
46	0.01876	0.01364	0.01467	0.01125	0.01518	0.01505	0.00929	0.76281	0.02290	0.04870	0.01197	0.01191	0.00845	0.00590	0.00492	0.00148	0.00538	0.00444	0.00494	0.00836
47	0.00601	0.00429	0.00569	0.00681	0.00709	0.00401	0.00453	0.00685	0.00936	0.01248	0.02683	0.80650	0.03218	0.03343	0.00669	0.00206	0.00289	0.01382	0.00453	0.00397
48	0.00618	0.00499	0.00546	0.00535	0.00682	0.00431	0.00398	0.00772	0.01191	0.01510	0.27073	0.04377	0.55286	0.03146	0.00627	0.00170	0.00249	0.00985	0.00478	0.00427
49	0.01470	0.01417	0.01252	0.01187	0.06401	0.24460	0.00864	0.08701	0.35178	0.05812	0.06913	0.01580	0.01348	0.00619	0.00487	0.00150	0.00551	0.00488	0.00419	0.00703
50	0.00700	0.00513	0.00659	0.00624	0.00746	0.00476	0.00471	0.00946	0.02697	0.01924	0.72143	0.03741	0.08825	0.01020	0.00580	0.00157	0.00240	0.02537	0.00533	0.00466
51	0.00714	0.00478	0.00546	0.00546	0.00549	0.00482	0.00310	0.00721	0.00718	0.00960	0.01539	0.03165	0.01765	0.79620	0.05580	0.00489	0.00509	0.00707	0.00296	0.00303
52	0.00599	0.00428	0.00570	0.00684	0.00713	0.00399	0.00456	0.00684	0.00941	0.01254	0.02709	0.82409	0.03250	0.01540	0.00627	0.00200	0.00285	0.01397	0.00456	0.00399
53	0.00973	0.01462	0.29798	0.01222	0.01612	0.00981	0.12119	0.06289	0.05692	0.01617	0.06409	0.21412	0.01611	0.00803	0.00604	0.00172	0.05571	0.00704	0.00332	0.00618
54	0.01216	0.01168	0.01995	0.03016	0.79664	0.01168	0.01508	0.01508	0.01119	0.01605	0.00924	0.01216	0.00778	0.00438	0.00487	0.00146	0.00584	0.00438	0.00243	0.00778
55	0.01405	0.00760	0.00950	0.00806	0.01062	0.00739	0.00637	0.01886	0.19176	0.32414	0.31418	0.02470	0.02583	0.00772	0.00528	0.00156	0.00341	0.00658	0.00558	0.00681
56	0.01855	0.01333	0.01440	0.01111	0.01498	0.01468	0.00916	0.70473	0.05932	0.07048	0.01259	0.01237	0.00887	0.00595	0.00492	0.00149	0.00527	0.00451	0.00498	0.00833
57	0.01054	0.19269	0.64053	0.01284	0.01947	0.01308	0.01613	0.01539	0.01029	0.01473	0.00841	0.00986	0.00624	0.00457	0.00435	0.00145	0.00685	0.00342	0.00208	0.00706
58	0.00611	0.00437	0.00581	0.00676	0.00715	0.00407	0.00457	0.00714	0.00996	0.01342	0.12058	0.72810	0.03419	0.01474	0.00621	0.00194	0.00279	0.01335	0.00467	0.00407
59	0.00603	0.00431	0.00575	0.00689	0.00720	0.00403	0.00464	0.00692	0.00945	0.01259	0.02706	0.80636	0.03241	0.01535	0.00628	0.00200	0.00289	0.03125	0.00456	0.00400
60	0.01783	0.01202	0.01329	0.01053	0.01417	0.01304	0.00859	0.46545	0.19677	0.17283	0.01510	0.01422	0.01060	0.00611	0.00494	0.00153	0.00483	0.00478	0.00515	0.00823
61	0.00599	0.00428	0.00570	0.00684	0.00713	0.00399	0.00456	0.00684	0.00941	0.01254	0.02709	0.82409	0.03250	0.01540	0.00627	0.00200	0.00285	0.01397	0.00456	0.00399
62	0.01809	0.01467	0.01434	0.01136	0.01502	0.11157	0.00923	0.62272	0.08769	0.02777	0.01199	0.01200	0.00868	0.00586	0.00486	0.00147	0.00570	0.00437	0.00463	0.00798
63	0.01314	0.83025	0.02575	0.00841	0.01261	0.01945	0.00841	0.01472	0.00999	0.01156	0.00683	0.00788	0.00631	0.00420	0.00315	0.00105	0.00526	0.00263	0.00210	0.00631
64	0.01346	0.01184	0.01966	0.01609	0.08067	0.01204	0.33213	0.08548	0.26004	0.09409	0.01416	0.01500	0.01042	0.00530	0.00531	0.00162	0.00605	0.00541	0.00384	0.00740
65	0.00993	0.04441	0.78352	0.01387	0.02107	0.01160	0.01793	0.01554	0.01037	0.01547	0.00877	0.01032	0.00623	0.00466	0.00463	0.00154	0.00722	0.00361	0.00208	0.00724
66	0.01868	0.01376	0.01475	0.01131	0.01524	0.01524	0.00934	0.78025	0.02311	0.03097	0.01180	0.01180	0.00836	0.00590	0.00492	0.00147	0.00541	0.00442	0.00492	0.00836
67	0.01624	0.01967	0.01392	0.01248	0.01451	0.57355	0.00961	0.01857	0.08002	0.01273	0.00844	0.01008	0.00711	0.00594	0.00691	0.00148	0.17666	0.00361	0.00267	0.00581
68	0.00708	0.00507	0.00681	0.00725	0.00819	0.00484	0.00567	0.00901	0.01194	0.01630	0.35966	0.20836	0.03678	0.03180	0.00668	0.00195	0.00322	0.26007	0.00488	0.00442
69	0.01075	0.01075	0.01505	0.01290	0.01290	0.01505	0.01075	0.01183	0.00753	0.01183	0.00645	0.01075	0.00645	0.00860	0.01613	0.00215	0.81830	0.00430	0.00215	0.00538
70	0.00638	0.00500	0.00577	0.00558	0.00699	0.00439	0.00418	0.00816	0.01255	0.01648	0.42104	0.04201	0.42139	0.01125	0.00580	0.00160	0.00240	0.00963	0.00499	0.00439
71	0.00822	0.00448	0.00671	0.00671	0.00690	0.00466	0.00466	0.00690	0.00671	0.00913	0.00950	0.01585	0.00932	0.02118	0.18311	0.68054	0.00612	0.00448	0.00224	0.00260
72	0.01152	0.01233	0.02381	0.02082	0.18288	0.01289	0.43776	0.01468	0.01055	0.01488	0.00897	0.01243	0.00729	0.00525	0.00806	0.00173	0.20004	0.00515	0.00239	0.00657
73	0.01389	0.00867	0.01015	0.00892	0.01155	0.00910	0.00695	0.02168	0.39978	0.24780	0.08720	0.11767	0.01900	0.00785	0.00521	0.00165	0.00371	0.00669	0.00530	0.00722
74	0.00712	0.00487	0.00589	0.00589	0.00607	0.00505	0.00364	0.00749	0.00730	0.00992	0.01500	0.02949	0.01671	0.66301	0.18771	0.00542	0.00651	0.00676	0.00291	0.00327
75	0.01836	0.02342	0.01393	0.01266	0.01519	0.80756	0.00950	0.01962	0.01393	0.01203	0.00760	0.00886	0.00633	0.00506	0.00443	0.00127	0.00886	0.00317	0.00253	0.00570
76	0.02019	0.00837	0.01086	0.00846	0.01195	0.00759	0.00694	0.08741	0.01438	0.63866	0.01833	0.01650	0.01189	0.00602	0.00476	0.00147	0.00406	0.00485	0.10942	0.00790
77	0.00619	0.00443	0.00588	0.00671	0.00717	0.00413	0.00458	0.00735	0.01034	0.01403	0.18649	0.66044	0.03538	0.01428	0.00617	0.00190	0.00274	0.01291	0.00474	0.00413
78	0.00713	0.00479	0.00546	0.00543	0.00553	0.00475	0.00312	0.00733	0.00773	0.01040	0.08238	0.03255	0.02032	0.75707	0.02336	0.00449	0.00455	0.00730	0.00319	0.00312
79	0.00720	0.00527	0.00553	0.00530	0.00715	0.00441	0.00403	0.00850	0.01145	0.08088	0.04717	0.04467	0.72741	0.01190	0.00573	0.00165	0.00263	0.00990	0.00469	0.00451
80	0.00585	0.00483	0.00513	0.00537	0.00674	0.00412	0.00391	0.00701	0.01083	0.01312	0.04507	0.20874	0.63624	0.01306	0.00590	0.00173	0.00256	0.01112	0.00456	0.00412
81	0.00928	0.00873	0.01474	0.81548	0.03385	0.01092	0.01365	0.01256	0.00983	0.01256	0.00873	0.01310	0.00655	0.00491	0.00491	0.00164	0.00655	0.00437	0.00218	0.00546
82	0.01184	0.00853	0.00902	0.00780	0.01016	0.00917	0.00615	0.22597	0.18793	0.02163	0.06536	0.02194	0.13168	0.00724	0.00469	0.00145	0.00354	0.00587	0.25376	0.00627
83	0.00606	0.00433	0.00576	0.00680	0.00714	0.00404	0.00457	0.00701	0.00972	0.01305	0.08079	0.76895	0.03347	0.01502	0.00624	0.00196	0.00281	0.01361	0.00462	0.00404
84	0.00640	0.00500	0.00580	0.00560	0.00700	0.00440	0.00420	0.00820	0.01260	0.01660	0.43430	0.04183	0.40805	0.01121	0.00580	0.00160	0.00240	0.00960	0.00500	0.00440
85	0.01216	0.01168	0.01995	0.03016	0.79664	0.01168	0.01508	0.01508	0.01119	0.01605	0.00924	0.01216	0.00778	0.00438	0.00487	0.00146	0.00584	0.00438	0.00243	0.00778
86	0.00702	0.00527	0.00790	0.00790	0.00878	0.00614	0.00614	0.00878	0.00790	0.01141	0.01316	0.01931	0.01229	0.03686	0.80782	0.00790	0.01316	0.00527	0.00263	0.00439
87	0.00643	0.00518	0.00584	0.00617	0.00768	0.00459	0.00496	0.00797	0.01123	0.01369	0.04282	0.04968	0.57019	0.01278	0.00609	0.00184	0.00309	0.23096	0.00455	0.00426
88	0.00962	0.01031	0.00785	0.00770	0.00935	0.23805	0.00566	0.01104	0.02680	0.01290	0.03221	0.19699	0.39162	0.01080	0.00549	0.00162	0.00445	0.00893	0.00398	0.00464
89	0.00986	0.02542	0.80183	0.01401	0.02127	0.01141	0.01816	0.01556	0.01038	0.01556	0.00882	0.01038	0.00623	0.00467	0.00467	0.00156	0.00726	0.00363	0.00208	0.00726
90	0.01089	0.00940	0.00984	0.00896	0.01150	0.01055	0.00694	0.02215	0.62636	0.01904	0.02619	0.02435	0.17704	0.00787	0.00517	0.00167	0.00360	0.00656	0.00491	0.00702
91	0.86201	0.00950	0.00722	0.00646	0.00950	0.01102	0.00532	0.01445	0.00836	0.02205	0.00684	0.00798	0.00532	0.00456	0.00304	0.00152	0.00380	0.00266	0.00304	0.00532
92	0.01868	0.01376	0.01475	0.01131	0.01524	0.01524	0.00934	0.78025	0.02311	0.03097	0.01180	0.01180	0.00836	0.00590	0.00492	0.00147	0.00541	0.00442	0.00492	0.00836
93	0.00986	0.02542	0.80183	0.01401	0.02127	0.01141	0.01816	0.01556	0.01038	0.01556	0.00882	0.01038	0.00623	0.00467	0.00467	0.00156	0.00726	0.00363	0.00208	0.00726
94	0.00711	0.00491	0.00610	0.00610	0.00636	0.00517	0.00390	0.00762	0.00737	0.01008	0.01480	0.02839	0.01623	0.59579	0.25428	0.00568	0.00722	0.00660	0.00288	0.00339
95	0.01043	0.01139	0.02416	0.01783	0.02183	0.01067	0.61788	0.01389	0.01114	0.01508	0.01351	0.18178	0.01266	0.00648	0.00590	0.00173	0.00716	0.00750	0.00292	0.00608
96	0.00599	0.00428	0.00570	0.00684	0.00713	0.00399	0.00456	0.00684	0.00941	0.01254	0.02709	0.82409	0.03250	0.01540	0.00627	0.00200	0.00285	0.01397	0.00456	0.00399
97	0.00611	0.00437	0.00585	0.00699	0.00733	0.00410	0.00478	0.00706	0.00953	0.01268	0.02702	0.77437	0.03223	0.01528	0.00631	0.00201	0.00296	0.06246	0.00456	0.00403
98	0.01160	0.01326	0.02900	0.02071	0.02568	0.01243	0.77879	0.01574	0.01160	0.01574	0.00994	0.01326	0.00746	0.00414	0.00580	0.00166	0.00829	0.00580	0.00249	0.00663
99	0.01075	0.01075	0.01505	0.01290	0.01290	0.01505	0.01075	0.01183	0.00753	0.01183	0.00645	0.01075	0.00645	0.00860	0.01613	0.00215	0.81830	0.00430	0.00215	0.00538
100	0.00715	0.00476	0.00536	0.00536	0.00536	0.00476	0.00298	0.00715	0.00715	0.00953	0.01548	0.03216	0.01787	0.82729	0.02501	0.00476	0.00476	0.00715	0.00298	0.00298
101	0.00986	0.02542	0.80183	0.01401	0.02127	0.01141	0.01816	0.01556	0.01038	0.01556	0.00882	0.01038	0.00623	0.00467	0.00467	0.00156	0.00726	0.00363	0.00208	0.00726
102	0.02205	0.00836	0.01140	0.00874	0.01254	0.00722	0.00722	0.02395	0.01407	0.80004	0.01939	0.01673	0.01216	0.00608	0.00494	0.00152	0.00418	0.00494	0.00608	0.00836
103	0.00644	0.00474	0.00613	0.00708	0.00780	0.00443	0.00526	0.00770	0.01018	0.01320	0.03061	0.50402	0.15869	0.01445	0.00632	0.00201	0.00321	0.19903	0.00455	0.00415
104	0.01019	0.00873	0.01019	0.00728	0.01165	0.00655	0.00582	0.01237	0.01019	0.01601	0.00873	0.01019	0.00728	0.00364	0.00364	0.00073	0.00364	0.00291	0.00291	0.85734
105	0.01382	0.01239	0.01260	0.12645	0.06625	0.17108	0.00902	0.24207	0.01579	0.04339	0.18696	0.01853	0.04719	0.00668	0.00505	0.00148	0.00545	0.00541	0.00402	0.00637
106	0.01484	0.01222	0.11811	0.01298	0.01728	0.01000	0.23455	0.03056	0.12946	0.28399	0.05941	0.01611	0.01227	0.00561	0.00519	0.00158	0.00564	0.00530	0.00424	0.02067
107	0.01318	0.03100	0.41215	0.01226	0.01786	0.01127	0.04539	0.13240	0.06920	0.12561	0.01153	0.01210	0.00813	0.00508	0.00471	0.00148	0.00605	0.00409	0.00335	0.07316
108	0.01053	0.03068	0.19006	0.00928	0.01222	0.00758	0.02055	0.06715	0.01126	0.12779	0.01887	0.37219	0.01939	0.04368	0.00622	0.00183	0.00448	0.00858	0.00403	0.03364
109	0.00997	0.19027	0.03885	0.00994	0.05583	0.06121	0.03756	0.01265	0.07733	0.02834	0.07177	0.34722	0.02086	0.00954	0.00515	0.00161	0.00438	0.00832	0.00373	0.00549
110	0.09361	0.03062	0.04282	0.14726	0.14811	0.16942	0.15819	0.04917	0.01191	0.04896	0.01112	0.01315	0.04395	0.00510	0.00480	0.00150	0.00662	0.00449	0.00282	0.00637

[dist]
# distance from previous block
# <min> <max>
10	36

[block]
# block no. 2 follows, 51 sequences, length 54
# corresponding to MSA columns:
# 188-241
name=unknown_C
#
# <colnr> <probs for GDERKNQSTAVLIFYWHMCP>
#	G	D	E	R	K	N	Q	S	T	A	V	L	I	F	Y	W	H	M	C	P
0	0.01624	0.00893	0.01298	0.01011	0.01361	0.00822	0.11598	0.03525	0.10400	0.41605	0.03175	0.05730	0.07574	0.00672	0.00513	0.00154	0.00449	0.00591	0.00500	0.06505
1	0.01571	0.00873	0.01058	0.07758	0.01326	0.05769	0.00730	0.04371	0.05268	0.38769	0.12755	0.10770	0.01822	0.00743	0.00512	0.00154	0.00427	0.00627	0.00504	0.04193
2	0.01278	0.00752	0.01012	0.01025	0.09880	0.00725	0.00704	0.01658	0.12356	0.25407	0.30871	0.07973	0.02628	0.00810	0.00535	0.00158	0.00354	0.00707	0.00516	0.00652
3	0.01694	0.00909	0.01116	0.00870	0.01246	0.00831	0.00704	0.04993	0.16226	0.41654	0.01644	0.01515	0.01129	0.00555	0.00461	0.00134	0.00403	0.00451	0.00500	0.22965
4	0.00914	0.00792	0.01224	0.03203	0.33723	0.00776	0.00917	0.01177	0.02514	0.01727	0.35065	0.07359	0.07002	0.00798	0.00541	0.00155	0.00394	0.00725	0.00400	0.00595
5	0.00662	0.00521	0.00606	0.00642	0.00763	0.00486	0.00479	0.00871	0.05893	0.01401	0.08620	0.26211	0.36940	0.02695	0.01976	0.00197	0.00312	0.09827	0.00458	0.00439
6	0.00680	0.00502	0.00636	0.00602	0.00725	0.00457	0.00452	0.00898	0.01355	0.01884	0.69429	0.03813	0.14666	0.01037	0.00580	0.00156	0.00234	0.00909	0.00530	0.00457
7	0.01314	0.83025	0.02575	0.00841	0.01261	0.01945	0.00841	0.01472	0.00999	0.01156	0.00683	0.00788	0.00631	0.00420	0.00315	0.00105	0.00526	0.00263	0.00210	0.00631
8	0.86201	0.00950	0.00722	0.00646	0.00950	0.01102	0.00532	0.01445	0.00836	0.02205	0.00684	0.00798	0.00532	0.00456	0.00304	0.00152	0.00380	0.00266	0.00304	0.00532
9	0.01696	0.01119	0.01250	0.01017	0.01361	0.01210	0.00821	0.29930	0.32154	0.21444	0.01687	0.01557	0.01190	0.00625	0.00496	0.00156	0.00451	0.00500	0.00523	0.00813
10	0.01205	0.01157	0.01975	0.05984	0.76781	0.01165	0.01503	0.01499	0.01114	0.01592	0.00922	0.01220	0.00774	0.00440	0.00487	0.00147	0.00587	0.00438	0.00242	0.00770
11	0.00715	0.00476	0.00536	0.00536	0.00536	0.00476	0.00298	0.00715	0.00715	0.00953	0.01548	0.03216	0.01787	0.82729	0.02501	0.00476	0.00476	0.00715	0.00298	0.00298
12	0.01049	0.18028	0.65251	0.01293	0.01960	0.01296	0.01628	0.01540	0.01030	0.01479	0.00844	0.00990	0.00624	0.00458	0.00438	0.00146	0.00688	0.00344	0.00208	0.00708
13	0.01404	0.01009	0.01126	0.03111	0.01329	0.01123	0.00783	0.02534	0.61827	0.17033	0.01958	0.01789	0.01423	0.00651	0.00499	0.00164	0.00402	0.00541	0.00513	0.00783
14	0.00713	0.00478	0.00543	0.00541	0.00548	0.00476	0.00308	0.00728	0.00757	0.01016	0.06377	0.03244	0.01963	0.77660	0.02382	0.00456	0.00461	0.00725	0.00313	0.00308
15	0.00589	0.00466	0.00531	0.00582	0.00686	0.00408	0.00411	0.00696	0.01039	0.01294	0.03949	0.39950	0.44908	0.01378	0.00602	0.00181	0.00265	0.01200	0.00456	0.00408
16	0.01179	0.46437	0.31620	0.01148	0.01689	0.01588	0.07329	0.01511	0.01026	0.01339	0.00782	0.00924	0.00637	0.00437	0.00393	0.00129	0.00625	0.00326	0.00212	0.00669
17	0.02089	0.00915	0.01176	0.00913	0.01287	0.00853	0.00751	0.10952	0.07659	0.65124	0.01858	0.01630	0.01196	0.00611	0.00494	0.00153	0.00430	0.00493	0.00586	0.00832
18	0.00593	0.00451	0.00547	0.00623	0.00697	0.00404	0.00429	0.00691	0.00999	0.01278	0.03451	0.57011	0.28169	0.01443	0.00612	0.00189	0.00273	0.01279	0.00456	0.00404
19	0.00701	0.00495	0.00625	0.00597	0.00682	0.00467	0.00420	0.00871	0.01212	0.01702	0.58850	0.03551	0.03884	0.22581	0.01087	0.00240	0.00296	0.00843	0.00477	0.00420
20	0.01836	0.02342	0.01393	0.01266	0.01519	0.80756	0.00950	0.01962	0.01393	0.01203	0.00760	0.00886	0.00633	0.00506	0.00443	0.00127	0.00886	0.00317	0.00253	0.00570
21	0.00590	0.00461	0.00536	0.00596	0.00690	0.00407	0.00417	0.00694	0.01026	0.01289	0.03784	0.45605	0.39360	0.01400	0.00605	0.00184	0.00268	0.01227	0.00456	0.00407
22	0.00581	0.00498	0.00498	0.00498	0.00664	0.00415	0.00373	0.00705	0.01120	0.01328	0.04978	0.04729	0.79464	0.01245	0.00581	0.00166	0.00249	0.01037	0.00456	0.00415
23	0.00738	0.00494	0.00619	0.00587	0.00703	0.00463	0.00441	0.00969	0.01322	0.01944	0.64435	0.03317	0.03987	0.00922	0.00534	0.00147	0.00231	0.00806	0.16880	0.00463
24	0.00696	0.00502	0.00657	0.00618	0.00734	0.00464	0.00464	0.00927	0.01391	0.01971	0.79405	0.03671	0.04637	0.01005	0.00580	0.00155	0.00232	0.00889	0.00541	0.00464
25	0.00582	0.00494	0.00502	0.00508	0.00666	0.00414	0.00378	0.00704	0.01111	0.01324	0.04859	0.08810	0.75460	0.01260	0.00583	0.00168	0.00251	0.01056	0.00456	0.00414
26	0.01019	0.00873	0.01019	0.00728	0.01165	0.00655	0.00582	0.01237	0.01019	0.01601	0.00873	0.01019	0.00728	0.00364	0.00364	0.00073	0.00364	0.00291	0.00291	0.85734
27	0.00740	0.00589	0.00903	0.00788	0.00940	0.00547	0.09205	0.00981	0.01329	0.01869	0.64454	0.09665	0.04087	0.00981	0.00583	0.00159	0.00303	0.00894	0.00501	0.00481
28	0.01216	0.01168	0.01995	0.03016	0.79664	0.01168	0.01508	0.01508	0.01119	0.01605	0.00924	0.01216	0.00778	0.00438	0.00487	0.00146	0.00584	0.00438	0.00243	0.00778
29	0.01027	0.12794	0.70297	0.01329	0.02017	0.01244	0.01692	0.01545	0.01033	0.01505	0.00857	0.01006	0.00624	0.00461	0.00448	0.00149	0.00701	0.00350	0.00208	0.00714
30	0.00714	0.00480	0.00556	0.00556	0.00563	0.00487	0.00323	0.00728	0.00721	0.00968	0.01530	0.03114	0.01742	0.76446	0.08724	0.00501	0.00543	0.00700	0.00295	0.00309
31	0.01222	0.01056	0.01111	0.01000	0.01278	0.01222	0.00778	0.02611	0.78776	0.02056	0.02000	0.01833	0.01500	0.00667	0.00500	0.00167	0.00389	0.00556	0.00500	0.00778
32	0.00702	0.00527	0.00790	0.00790	0.00878	0.00614	0.00614	0.00878	0.00790	0.01141	0.01316	0.01931	0.01229	0.03686	0.80782	0.00790	0.01316	0.00527	0.00263	0.00439
33	0.01075	0.01075	0.01505	0.01290	0.01290	0.01505	0.01075	0.01183	0.00753	0.01183	0.00645	0.01075	0.00645	0.00860	0.01613	0.00215	0.81830	0.00430	0.00215	0.00538
34	0.00599	0.00428	0.00570	0.00684	0.00713	0.00399	0.00456	0.00684	0.00941	0.01254	0.02709	0.82409	0.03250	0.01540	0.00627	0.00200	0.00285	0.01397	0.00456	0.00399
35	0.01077	0.01082	0.01541	0.01310	0.01323	0.01499	0.03038	0.01193	0.00763	0.01193	0.00654	0.01082	0.00648	0.00849	0.01586	0.00214	0.79759	0.00434	0.00216	0.00541
36	0.00599	0.00428	0.00570	0.00684	0.00713	0.00399	0.00456	0.00684	0.00941	0.01254	0.02709	0.82409	0.03250	0.01540	0.00627	0.00200	0.00285	0.01397	0.00456	0.00399
37	0.00986	0.02542	0.80183	0.01401	0.02127	0.01141	0.01816	0.01556	0.01038	0.01556	0.00882	0.01038	0.00623	0.00467	0.00467	0.00156	0.00726	0.00363	0.00208	0.00726
38	0.01882	0.00827	0.01043	0.00822	0.01148	0.00770	0.00672	0.11956	0.01451	0.53375	0.03354	0.01680	0.01245	0.00607	0.00467	0.00144	0.00394	0.00489	0.16917	0.00756
39	0.00696	0.00502	0.00657	0.00618	0.00734	0.00464	0.00464	0.00927	0.01391	0.01971	0.79405	0.03671	0.04637	0.01005	0.00580	0.00155	0.00232	0.00889	0.00541	0.00464
40	0.01836	0.02321	0.01394	0.01263	0.01519	0.79018	0.00949	0.03631	0.01413	0.01244	0.00769	0.00893	0.00637	0.00508	0.00444	0.00127	0.00879	0.00319	0.00258	0.00576
41	0.00947	0.00682	0.00754	0.00737	0.00898	0.02167	0.00583	0.01483	0.21810	0.01835	0.16862	0.02908	0.02274	0.00836	0.00499	0.00159	0.00329	0.15678	0.28015	0.00545
42	0.00645	0.00474	0.00599	0.00681	0.00751	0.00443	0.00496	0.00760	0.00995	0.01287	0.03024	0.44838	0.17702	0.08396	0.00789	0.00222	0.00329	0.16721	0.00442	0.00404
43	0.00582	0.00492	0.00504	0.00513	0.00668	0.00414	0.00380	0.00704	0.01106	0.01322	0.04798	0.10904	0.73406	0.01268	0.00584	0.00169	0.00252	0.01066	0.00456	0.00414
44	0.00980	0.00799	0.00873	0.00800	0.01016	0.00858	0.00616	0.01798	0.42059	0.03471	0.21753	0.02881	0.18341	0.00868	0.00536	0.00163	0.00322	0.00736	0.00503	0.00627
45	0.00599	0.00428	0.00570	0.00684	0.00713	0.00399	0.00456	0.00684	0.00941	0.01254	0.02709	0.82409	0.03250	0.01540	0.00627	0.00200	0.00285	0.01397	0.00456	0.00399
46	0.00660	0.00434	0.00549	0.00641	0.00686	0.00410	0.00435	0.00773	0.00958	0.01366	0.02496	0.66905	0.02867	0.01354	0.00573	0.00183	0.00274	0.01216	0.16811	0.00410
47	0.01894	0.01335	0.01449	0.01111	0.01503	0.01463	0.00918	0.72276	0.02242	0.08944	0.01238	0.01217	0.00865	0.00591	0.00492	0.00148	0.00531	0.00446	0.00500	0.00836
48	0.00706	0.00579	0.03662	0.00648	0.00787	0.00489	0.00515	0.00951	0.01378	0.01955	0.76437	0.03571	0.04485	0.00984	0.00575	0.00155	0.00251	0.00869	0.00528	0.00474
49	0.01210	0.01048	0.01360	0.01152	0.01272	0.01339	0.00950	0.21180	0.01166	0.01674	0.00914	0.01267	0.00807	0.01333	0.16553	0.00308	0.45122	0.00452	0.00296	0.00596
50	0.00630	0.00477	0.00698	0.00760	0.00815	0.00445	0.04704	0.00733	0.00953	0.01272	0.02615	0.77960	0.03113	0.01478	0.00625	0.00198	0.00315	0.01352	0.00445	0.00414
51	0.00712	0.00486	0.00585	0.00585	0.00602	0.00503	0.00359	0.00746	0.00729	0.00989	0.01504	0.02969	0.01679	0.67521	0.17563	0.00537	0.00638	0.00678	0.00291	0.00325
52	0.01828	0.01340	0.01288	0.01056	0.01395	0.16474	0.00844	0.26037	0.17430	0.24900	0.01487	0.01400	0.01043	0.00595	0.00485	0.00149	0.00541	0.00456	0.00481	0.00773
53	0.01155	0.01422	0.09455	0.01971	0.02485	0.01228	0.68529	0.02896	0.01167	0.01600	0.00985	0.01292	0.00736	0.00421	0.00565	0.00163	0.00806	0.00553	0.00250	0.02322

[dist]
# distance from previous block
# <min> <max>
0	12

[block]
# block no. 3 follows, 51 sequences, length 41
# corresponding to MSA columns:
# 254-294
name=unknown_D
#
# <colnr> <probs for GDERKNQSTAVLIFYWHMCP>
#	G	D	E	R	K	N	Q	S	T	A	V	L	I	F	Y	W	H	M	C	P
0	0.03711	0.00943	0.01090	0.04887	0.01328	0.00919	0.00720	0.03904	0.28339	0.12415	0.01444	0.01480	0.01093	0.00534	0.00442	0.00128	0.00401	0.01680	0.00412	0.34130
1	0.01185	0.00908	0.01029	0.00965	0.01207	0.01009	0.00777	0.02171	0.52069	0.08007	0.02155	0.02807	0.01831	0.00846	0.00547	0.00181	0.00408	0.20706	0.00496	0.00696
2	0.01120	0.35431	0.48469	0.01172	0.01773	0.01470	0.01417	0.01522	0.01022	0.01393	0.00801	0.00936	0.00626	0.00448	0.00405	0.00135	0.00644	0.00322	0.00209	0.00687
3	0.01180	0.01131	0.01929	0.12914	0.70050	0.01158	0.01490	0.01476	0.01102	0.01561	0.00918	0.01228	0.00763	0.00445	0.00487	0.00148	0.00593	0.00438	0.00240	0.00749
4	0.01769	0.01302	0.01404	0.01096	0.01460	0.01436	0.00897	0.71966	0.02203	0.02953	0.01300	0.07544	0.01025	0.00664	0.00502	0.00152	0.00521	0.00517	0.00489	0.00802
5	0.00923	0.00815	0.00818	0.00764	0.00982	0.03106	0.00585	0.01649	0.38132	0.01669	0.03378	0.05288	0.38035	0.00956	0.00540	0.00166	0.00335	0.00796	0.00471	0.00592
6	0.00616	0.00499	0.00546	0.00535	0.00685	0.00430	0.00401	0.00773	0.01203	0.01524	0.27716	0.04406	0.56605	0.01171	0.00580	0.00162	0.00244	0.00992	0.00482	0.00430
7	0.00712	0.00488	0.00597	0.00597	0.00618	0.00509	0.00374	0.00754	0.00733	0.00998	0.01493	0.02908	0.01653	0.63797	0.21251	0.00551	0.00678	0.00670	0.00290	0.00332
8	0.00942	0.00888	0.01500	0.77630	0.07190	0.01096	0.01372	0.01268	0.00989	0.01273	0.00876	0.01306	0.00661	0.00489	0.00491	0.00163	0.00652	0.00437	0.00220	0.00558
9	0.01265	0.01046	0.01112	0.00995	0.01277	0.01200	0.00775	0.02602	0.75385	0.05472	0.01997	0.01826	0.01488	0.00664	0.00500	0.00166	0.00390	0.00553	0.00505	0.00780
10	0.00645	0.00506	0.00553	0.00537	0.00695	0.00434	0.00404	0.00799	0.01196	0.03189	0.24091	0.04391	0.58497	0.01169	0.00579	0.00163	0.00248	0.00987	0.00481	0.00437
11	0.00705	0.00515	0.00729	0.00729	0.00796	0.00581	0.00538	0.00838	0.00772	0.01096	0.01372	0.02239	0.01362	0.22640	0.62010	0.00715	0.01115	0.00572	0.00272	0.00405
12	0.01147	0.01097	0.01870	0.21826	0.61393	0.01149	0.01474	0.01448	0.01086	0.01522	0.00912	0.01239	0.00749	0.00451	0.00488	0.00150	0.00601	0.00438	0.00237	0.00723
13	0.00916	0.00458	0.00458	0.00458	0.00573	0.00458	0.00344	0.01145	0.01031	0.01832	0.01603	0.01832	0.01260	0.00573	0.00344	0.00115	0.00229	0.00458	0.85457	0.00458
14	0.01149	0.01288	0.02757	0.06997	0.07331	0.01229	0.68524	0.01551	0.01147	0.01557	0.00983	0.01318	0.00742	0.00420	0.00569	0.00164	0.00803	0.00562	0.00246	0.00663
15	0.01005	0.00972	0.01371	0.01197	0.01213	0.01338	0.00989	0.01126	0.00760	0.01175	0.00771	0.01235	0.00754	0.01389	0.16430	0.00323	0.66761	0.00448	0.00224	0.00519
16	0.02205	0.00836	0.01140	0.00874	0.01254	0.00722	0.00722	0.02395	0.01407	0.80004	0.01939	0.01673	0.01216	0.00608	0.00494	0.00152	0.00418	0.00494	0.00608	0.00836
17	0.01842	0.02161	0.01408	0.01241	0.01520	0.65927	0.00947	0.16198	0.01564	0.01557	0.00838	0.00941	0.00671	0.00522	0.00452	0.00131	0.00822	0.00340	0.00298	0.00619
18	0.00962	0.00782	0.00886	0.00811	0.01009	0.00847	0.00622	0.01778	0.40493	0.02014	0.40293	0.02742	0.03052	0.00834	0.00539	0.00161	0.00311	0.00720	0.00520	0.00622
19	0.00599	0.00428	0.00570	0.00684	0.00713	0.00399	0.00456	0.00684	0.00941	0.01254	0.02709	0.82409	0.03250	0.01540	0.00627	0.00200	0.00285	0.01397	0.00456	0.00399
20	0.00749	0.00536	0.00742	0.00845	0.00942	0.00528	0.00708	0.00950	0.01113	0.01463	0.07655	0.19807	0.03026	0.01368	0.00663	0.00217	0.00407	0.57381	0.00459	0.00443
21	0.01931	0.01275	0.01412	0.01083	0.01474	0.01374	0.00894	0.63870	0.02141	0.17491	0.01322	0.01272	0.00907	0.00593	0.00492	0.00148	0.00518	0.00452	0.00513	0.00836
22	0.02009	0.00897	0.01147	0.00907	0.01269	0.00845	0.00740	0.05227	0.15921	0.62577	0.01922	0.01685	0.01256	0.00619	0.00495	0.00155	0.00417	0.00504	0.00584	0.00825
23	0.00599	0.00428	0.00570	0.00684	0.00713	0.00399	0.00456	0.00684	0.00941	0.01254	0.02709	0.82409	0.03250	0.01540	0.00627	0.00200	0.00285	0.01397	0.00456	0.00399
24	0.00599	0.00428	0.00570	0.00684	0.00713	0.00399	0.00456	0.00684	0.00941	0.01254	0.02709	0.82409	0.03250	0.01540	0.00627	0.00200	0.00285	0.01397	0.00456	0.00399
25	0.01075	0.01075	0.01505	0.01290	0.01290	0.01505	0.01075	0.01183	0.00753	0.01183	0.00645	0.01075	0.00645	0.00860	0.01613	0.00215	0.81830	0.00430	0.00215	0.00538
26	0.00715	0.00476	0.00536	0.00536	0.00536	0.00476	0.00298	0.00715	0.00715	0.00953	0.01548	0.03216	0.01787	0.82729	0.02501	0.00476	0.00476	0.00715	0.00298	0.00298
27	0.00665	0.00479	0.00629	0.00639	0.00727	0.00443	0.00461	0.00850	0.01248	0.01743	0.55005	0.28720	0.04196	0.01175	0.00595	0.00169	0.00249	0.01050	0.00514	0.00443
28	0.02010	0.01148	0.01333	0.01022	0.01410	0.01185	0.00845	0.46047	0.01928	0.35616	0.01501	0.01388	0.00997	0.00598	0.00493	0.00149	0.00489	0.00464	0.00541	0.00836
29	0.00928	0.00873	0.01474	0.81548	0.03385	0.01092	0.01365	0.01256	0.00983	0.01256	0.00873	0.01310	0.00655	0.00491	0.00491	0.00164	0.00655	0.00437	0.00218	0.00546
30	0.00785	0.00574	0.00772	0.00870	0.00981	0.00578	0.00732	0.01059	0.05848	0.01471	0.02628	0.16834	0.04332	0.01340	0.00658	0.00217	0.00419	0.58981	0.00456	0.00464
31	0.01146	0.00950	0.00976	0.00847	0.01066	0.07858	0.00660	0.19713	0.12416	0.02164	0.40547	0.02608	0.05364	0.00822	0.00535	0.00152	0.00386	0.00690	0.00495	0.00604
32	0.01048	0.01838	0.40833	0.01533	0.02116	0.01098	0.29328	0.01512	0.01080	0.01583	0.00966	0.01190	0.00715	0.00446	0.00492	0.00150	0.00704	0.00442	0.05451	0.07475
33	0.01247	0.00624	0.00834	0.00712	0.00924	0.00558	0.00558	0.01464	0.01397	0.30479	0.51103	0.02941	0.03387	0.00860	0.00548	0.00154	0.00300	0.00745	0.00566	0.00600
34	0.01019	0.00873	0.01019	0.00728	0.01165	0.00655	0.00582	0.01237	0.01019	0.01601	0.00873	0.01019	0.00728	0.00364	0.00364	0.00073	0.00364	0.00291	0.00291	0.85734
35	0.01156	0.01101	0.01761	0.01343	0.01632	0.01183	0.22804	0.05177	0.01036	0.03764	0.00869	0.01154	0.00722	0.00581	0.00899	0.00158	0.30734	0.00438	0.00270	0.23217
36	0.01264	0.01076	0.01135	0.01009	0.01294	0.01242	0.00788	0.07497	0.73822	0.02123	0.01947	0.01791	0.01457	0.00662	0.00499	0.00165	0.00399	0.00548	0.00499	0.00782
37	0.00980	0.00619	0.00849	0.00890	0.01057	0.00591	0.00770	0.01201	0.01158	0.11090	0.02409	0.04777	0.02495	0.01201	0.00636	0.00207	0.00443	0.62145	0.00461	0.06024
38	0.00712	0.00486	0.00583	0.00583	0.00600	0.00502	0.00357	0.00745	0.00729	0.00988	0.01505	0.02975	0.01682	0.67935	0.17152	0.00535	0.00634	0.00679	0.00291	0.00324
39	0.86201	0.00950	0.00722	0.00646	0.00950	0.01102	0.00532	0.01445	0.00836	0.02205	0.00684	0.00798	0.00532	0.00456	0.00304	0.00152	0.00380	0.00266	0.00304	0.00532
40	0.01368	0.01147	0.01111	0.00943	0.01144	0.12182	0.00714	0.33106	0.01490	0.01914	0.01297	0.06745	0.01245	0.26785	0.01205	0.00257	0.05819	0.00569	0.00377	0.00581

[dist]
# distance from previous block
# <min> <max>
0	1

[block]
# block no. 4 follows, 51 sequences, length 24
# corresponding to MSA columns:
# 296-319
name=unknown_E
#
# <colnr> <probs for GDERKNQSTAVLIFYWHMCP>
#	G	D	E	R	K	N	Q	S	T	A	V	L	I	F	Y	W	H	M	C	P
0	0.30988	0.01278	0.01173	0.00959	0.01301	0.08358	0.00780	0.37485	0.07172	0.04498	0.01049	0.01081	0.00770	0.00542	0.00423	0.00149	0.00502	0.00380	0.00409	0.00703
1	0.01626	0.01256	0.01339	0.01082	0.01432	0.01411	0.00876	0.49778	0.30952	0.02707	0.01487	0.01425	0.01085	0.00619	0.00495	0.00155	0.00484	0.00485	0.00495	0.00814
