[name]
unknown

[dist]
# distance from previous block
# <min> <max>
0	27

[block]
# block no. 0 follows, 47 sequences, length 26
# corresponding to MSA columns:
# 62-87
name=unknown_A
#
# <colnr> <probs for GDERKNQSTAVLIFYWHMCP>
#	G	D	E	R	K	N	Q	S	T	A	V	L	I	F	Y	W	H	M	C	P
0	0.01108	0.00933	0.06495	0.00959	0.01192	0.00915	0.00803	0.04694	0.23213	0.07852	0.01690	0.02129	0.01425	0.06543	0.34045	0.00473	0.00869	0.03633	0.00397	0.00634
1	0.04517	0.00580	0.00843	0.06107	0.05040	0.00593	0.00602	0.00961	0.00822	0.06588	0.01070	0.03661	0.00985	0.01458	0.01568	0.59339	0.00461	0.00480	0.03965	0.00358
2	0.00644	0.00502	0.00584	0.00621	0.00735	0.00443	0.00444	0.00781	0.01169	0.01498	0.17164	0.32136	0.38651	0.01386	0.00633	0.00186	0.00274	0.01208	0.00499	0.00443
3	0.00647	0.00482	0.00603	0.00671	0.00748	0.00438	0.00466	0.00772	0.01116	0.01471	0.15783	0.52285	0.19673	0.01471	0.00646	0.00196	0.00285	0.01310	0.00498	0.00438
4	0.01080	0.00926	0.01080	0.00771	0.01234	0.00694	0.00617	0.01311	0.01080	0.01697	0.00926	0.01080	0.00771	0.00386	0.00386	0.00077	0.00386	0.00309	0.00309	0.84882
5	0.01360	0.01195	0.01886	0.02420	0.47764	0.01225	0.07021	0.01966	0.20499	0.07285	0.01349	0.01497	0.01048	0.00536	0.00527	0.00162	0.00574	0.00511	0.00354	0.00820
6	0.21680	0.00735	0.00755	0.00718	0.00909	0.00775	0.00544	0.04096	0.09380	0.04317	0.13022	0.17826	0.09468	0.03023	0.00596	0.01984	0.00344	0.00773	0.08511	0.00543
7	0.00626	0.00522	0.00546	0.00553	0.00713	0.00442	0.00410	0.00762	0.01192	0.01449	0.10223	0.11172	0.66952	0.01326	0.00619	0.00178	0.00266	0.01119	0.00490	0.00442
8	0.50172	0.01198	0.01102	0.00902	0.01264	0.01357	0.00744	0.33268	0.01546	0.02736	0.00947	0.01017	0.00700	0.00543	0.00406	0.00159	0.00475	0.00361	0.00406	0.00700
9	0.00817	0.00492	0.00663	0.00663	0.00680	0.00509	0.00433	0.00755	0.00738	0.01001	0.01286	0.02393	0.01370	0.34020	0.16200	0.36169	0.00642	0.00593	0.00271	0.00305
10	0.05732	0.00557	0.00709	0.00707	0.00812	0.00578	0.00522	0.00919	0.01049	0.01514	0.21816	0.11470	0.10300	0.11354	0.29132	0.00450	0.00704	0.00818	0.00405	0.00453
11	0.00655	0.00468	0.00628	0.00749	0.00788	0.00441	0.00519	0.00761	0.01017	0.01353	0.02859	0.73726	0.03399	0.01612	0.00670	0.00214	0.00320	0.08909	0.00483	0.00429
12	0.00926	0.00788	0.01195	0.06214	0.25428	0.00776	0.00940	0.01182	0.01277	0.01749	0.27865	0.03386	0.12436	0.00936	0.00595	0.00175	0.00430	0.12682	0.00427	0.00593
13	0.01269	0.01227	0.02121	0.07467	0.71247	0.01236	0.04584	0.01586	0.01179	0.01679	0.00980	0.01299	0.00816	0.00466	0.00520	0.00157	0.00633	0.00470	0.00257	0.00806
14	0.00923	0.00802	0.01280	0.20631	0.23221	0.00844	0.01047	0.01160	0.01119	0.01523	0.09480	0.27839	0.02173	0.00969	0.00586	0.00183	0.00489	0.04779	0.00368	0.00583
15	0.00804	0.00589	0.00717	0.00704	0.00775	0.00633	0.00481	0.01029	0.09090	0.01220	0.01806	0.02901	0.05707	0.43958	0.26807	0.00558	0.00765	0.00694	0.00336	0.00425
16	0.01535	0.01673	0.01616	0.26931	0.14650	0.33439	0.01241	0.09818	0.01395	0.01578	0.00920	0.01173	0.00726	0.00529	0.00499	0.00152	0.00770	0.00411	0.00282	0.00662
17	0.00815	0.00557	0.00677	0.00632	0.00794	0.00494	0.00479	0.01018	0.01377	0.07578	0.47482	0.04117	0.29803	0.01121	0.00608	0.00168	0.00267	0.00965	0.00548	0.00503
18	0.01171	0.01790	0.32006	0.07521	0.40689	0.01225	0.04947	0.01604	0.01145	0.01655	0.00962	0.01227	0.00751	0.00479	0.00512	0.00161	0.00693	0.00440	0.00242	0.00782
19	0.00667	0.00530	0.00599	0.00581	0.00735	0.00461	0.00436	0.00847	0.01308	0.01695	0.36049	0.04538	0.47285	0.01212	0.00615	0.00171	0.00256	0.01033	0.00521	0.00461
20	0.01362	0.01535	0.04874	0.46282	0.02761	0.26151	0.01295	0.06902	0.01281	0.01464	0.00911	0.01223	0.00699	0.00532	0.00503	0.00159	0.00767	0.00419	0.00263	0.00616
21	0.00679	0.00523	0.00575	0.00566	0.00684	0.00468	0.00396	0.00801	0.01138	0.01452	0.20154	0.04352	0.42496	0.22139	0.01144	0.00259	0.00322	0.00976	0.00459	0.00419
22	0.85377	0.01007	0.00765	0.00685	0.01007	0.01168	0.00564	0.01531	0.00886	0.02336	0.00725	0.00846	0.00564	0.00483	0.00322	0.00161	0.00403	0.00282	0.00322	0.00564
23	0.04255	0.01038	0.01533	0.61333	0.03090	0.01251	0.01321	0.16761	0.01324	0.01766	0.00985	0.01340	0.00729	0.00541	0.00514	0.00170	0.00659	0.00457	0.00294	0.00641
24	0.00646	0.00522	0.00546	0.00546	0.00687	0.00453	0.00391	0.00762	0.01130	0.01381	0.08854	0.06614	0.59865	0.14201	0.00943	0.00229	0.00302	0.01045	0.00462	0.00422
25	0.01991	0.01409	0.01507	0.01170	0.01567	0.04499	0.00962	0.60929	0.03621	0.12936	0.01339	0.01316	0.00937	0.00633	0.00550	0.00158	0.02617	0.00473	0.00520	0.00866

[dist]
# distance from previous block
# <min> <max>
3	5

[block]
# block no. 1 follows, 47 sequences, length 52
# corresponding to MSA columns:
# 93-144
name=unknown_B
#
# <colnr> <probs for GDERKNQSTAVLIFYWHMCP>
#	G	D	E	R	K	N	Q	S	T	A	V	L	I	F	Y	W	H	M	C	P
0	0.00991	0.00556	0.00731	0.00743	0.00871	0.00501	0.00535	0.01123	0.01163	0.17193	0.10935	0.50926	0.08994	0.01346	0.00627	0.00193	0.00322	0.01198	0.00526	0.00526
1	0.01088	0.01032	0.01750	0.54053	0.29164	0.01184	0.01498	0.01422	0.01091	0.01457	0.00944	0.01354	0.00739	0.00501	0.00519	0.00167	0.00668	0.00463	0.00240	0.00663
2	0.01791	0.27119	0.01853	0.01183	0.01513	0.52039	0.00960	0.01938	0.01347	0.04679	0.00835	0.00944	0.00697	0.00513	0.00430	0.00128	0.00799	0.00326	0.00271	0.00636
3	0.00710	0.00531	0.00659	0.00627	0.00762	0.00480	0.00470	0.00931	0.01411	0.01938	0.62137	0.04137	0.21046	0.01121	0.00614	0.00166	0.00250	0.00976	0.00554	0.00480
4	0.01305	0.04812	0.01740	0.01448	0.04962	0.08207	0.11041	0.01814	0.20011	0.03348	0.01146	0.01365	0.00941	0.00719	0.01024	0.00190	0.34434	0.00494	0.00322	0.00676
5	0.00672	0.00530	0.00606	0.00587	0.00738	0.00464	0.00440	0.00858	0.01321	0.01726	0.39416	0.04486	0.43899	0.01200	0.00615	0.00170	0.00255	0.01025	0.00526	0.00464
6	0.01383	0.00974	0.01095	0.00912	0.01175	0.01036	0.02489	0.37235	0.01765	0.02486	0.07605	0.12000	0.05041	0.00808	0.00513	0.00156	0.00424	0.00669	0.21560	0.00672
7	0.01179	0.01095	0.01835	0.02697	0.62639	0.01108	0.01381	0.01450	0.01109	0.01587	0.01082	0.01540	0.00964	0.06700	0.11149	0.00270	0.00713	0.00497	0.00265	0.00741
8	0.01836	0.01495	0.01668	0.01617	0.17260	0.07766	0.01115	0.55459	0.02114	0.02800	0.01160	0.01233	0.00856	0.00585	0.00516	0.00154	0.00612	0.00457	0.00447	0.00851
9	0.85377	0.01007	0.00765	0.00685	0.01007	0.01168	0.00564	0.01531	0.00886	0.02336	0.00725	0.00846	0.00564	0.00483	0.00322	0.00161	0.00403	0.00282	0.00322	0.00564
10	0.00757	0.00507	0.00581	0.00581	0.00585	0.00512	0.00332	0.00766	0.00761	0.01019	0.01629	0.03343	0.01865	0.77984	0.06326	0.00521	0.00547	0.00748	0.00314	0.00323
11	0.03680	0.06093	0.12949	0.01168	0.01617	0.01484	0.01075	0.53932	0.02040	0.02765	0.01418	0.01494	0.05271	0.00647	0.00511	0.00158	0.00578	0.01851	0.00452	0.00816
12	0.00708	0.00526	0.00660	0.00638	0.00763	0.00477	0.00474	0.00923	0.01389	0.01914	0.59944	0.09600	0.17757	0.01150	0.00618	0.00169	0.00253	0.01008	0.00551	0.00477
13	0.01229	0.01405	0.03073	0.02195	0.02722	0.01317	0.76558	0.01668	0.01229	0.01668	0.01054	0.01405	0.00790	0.00439	0.00615	0.00176	0.00878	0.00615	0.00263	0.00702
14	0.00627	0.00528	0.00544	0.00540	0.00711	0.00445	0.00405	0.00770	0.01215	0.01472	0.12271	0.04904	0.71202	0.01294	0.00615	0.00175	0.00262	0.01084	0.00492	0.00445
15	0.01144	0.27921	0.51868	0.01265	0.01909	0.01455	0.01543	0.01597	0.01100	0.01530	0.03628	0.01115	0.00814	0.00499	0.00448	0.00148	0.00683	0.00371	0.00233	0.00727
16	0.01045	0.02694	0.79000	0.01484	0.02254	0.01209	0.01924	0.01649	0.01099	0.01649	0.00935	0.01099	0.00660	0.00495	0.00495	0.00165	0.00770	0.00385	0.00220	0.00770
17	0.00659	0.00523	0.00592	0.00588	0.00733	0.00456	0.00436	0.00826	0.01268	0.01632	0.29900	0.11313	0.46712	0.01260	0.00619	0.00175	0.00261	0.01079	0.00514	0.00456
18	0.01524	0.00876	0.00946	0.00795	0.01056	0.02678	0.00633	0.18952	0.06283	0.17901	0.01674	0.01725	0.01223	0.00623	0.00445	0.00141	0.00386	0.00492	0.40962	0.00683
19	0.00659	0.00472	0.00614	0.00704	0.00750	0.00442	0.00478	0.00765	0.01042	0.01394	0.10730	0.62280	0.06400	0.07657	0.00810	0.00228	0.00315	0.03355	0.00480	0.00424
20	0.01112	0.01119	0.02084	0.43475	0.18596	0.01217	0.21867	0.01477	0.01122	0.01498	0.00971	0.01373	0.00747	0.00487	0.00545	0.00170	0.00729	0.00504	0.00245	0.00662
21	0.01980	0.01459	0.01563	0.01198	0.01615	0.01615	0.00990	0.76713	0.02448	0.03282	0.01250	0.01250	0.00886	0.00625	0.00521	0.00156	0.00573	0.00469	0.00521	0.00886
22	0.01906	0.01631	0.01545	0.06515	0.01746	0.17465	0.01024	0.56486	0.02157	0.02743	0.01138	0.01196	0.00829	0.00600	0.00510	0.00153	0.00656	0.00441	0.00450	0.00808
23	0.00749	0.00501	0.00571	0.00579	0.00581	0.00499	0.00327	0.00755	0.00774	0.01032	0.01728	0.08954	0.02004	0.76002	0.02509	0.00484	0.00490	0.00809	0.00327	0.00323
24	0.00742	0.00508	0.00606	0.00604	0.00639	0.00495	0.00376	0.00816	0.00970	0.01327	0.22510	0.09480	0.02831	0.53708	0.01946	0.00390	0.00419	0.00863	0.00398	0.00371
25	0.01773	0.02121	0.01397	0.01267	0.01542	0.58876	0.00958	0.02262	0.21604	0.01514	0.01153	0.01205	0.00914	0.00582	0.00486	0.00145	0.00800	0.00402	0.00338	0.00662
26	0.01677	0.01309	0.01393	0.01137	0.01500	0.01474	0.00917	0.44058	0.35596	0.02795	0.01634	0.01556	0.01197	0.00661	0.00525	0.00165	0.00502	0.00522	0.00525	0.00859
27	0.01208	0.39875	0.43246	0.01206	0.01824	0.01608	0.01440	0.01607	0.01080	0.01450	0.00836	0.00976	0.00664	0.00472	0.00419	0.00140	0.00670	0.00335	0.00221	0.00722
28	0.00712	0.00531	0.00662	0.00629	0.00763	0.00481	0.00472	0.00935	0.01416	0.01950	0.63331	0.04118	0.19844	0.01116	0.00614	0.00166	0.00249	0.00974	0.00555	0.00481
29	0.01651	0.01295	0.01378	0.01132	0.01490	0.01461	0.00910	0.41159	0.38539	0.02751	0.01668	0.01583	0.01224	0.00664	0.00525	0.00166	0.00496	0.00527	0.00525	0.00856
30	0.01423	0.01491	0.01984	0.02819	0.62804	0.17195	0.01478	0.01696	0.01245	0.01614	0.00944	0.01218	0.00794	0.00479	0.00506	0.00150	0.00684	0.00438	0.00260	0.00780
31	0.00725	0.00549	0.00701	0.00735	0.00853	0.00478	0.00511	0.00844	0.01014	0.01404	0.02474	0.65012	0.02900	0.01378	0.00608	0.00184	0.00319	0.01242	0.00448	0.17620
32	0.00655	0.00475	0.00618	0.00695	0.00756	0.00439	0.00478	0.00781	0.01112	0.01495	0.18863	0.59276	0.09453	0.01489	0.00650	0.00199	0.00287	0.01338	0.00502	0.00439
33	0.01827	0.01448	0.01870	0.01401	0.01840	0.01554	0.16377	0.61433	0.02200	0.02953	0.01210	0.01282	0.00866	0.00587	0.00540	0.00160	0.00635	0.00499	0.00469	0.00848
34	0.00615	0.00528	0.00528	0.00528	0.00703	0.00440	0.00396	0.00747	0.01187	0.01407	0.05276	0.05012	0.78238	0.01319	0.00615	0.00176	0.00264	0.01099	0.00484	0.00440
35	0.01144	0.01170	0.00996	0.00949	0.01086	0.25179	0.00701	0.01333	0.04401	0.01232	0.01294	0.01975	0.01239	0.18558	0.35876	0.00522	0.01029	0.00531	0.00294	0.00493
36	0.00661	0.00529	0.00590	0.00575	0.00731	0.00459	0.00431	0.00835	0.01293	0.01659	0.32286	0.04596	0.51070	0.01225	0.00615	0.00171	0.00257	0.01041	0.00517	0.00459
37	0.01020	0.00963	0.01628	0.71230	0.12519	0.01167	0.01464	0.01362	0.01059	0.01375	0.00932	0.01377	0.00710	0.00514	0.00520	0.00171	0.00685	0.00463	0.00235	0.00608
38	0.01392	0.82012	0.02729	0.00891	0.01337	0.02061	0.00891	0.01559	0.01058	0.01225	0.00724	0.00835	0.00668	0.00446	0.00334	0.00111	0.00557	0.00278	0.00223	0.00668
39	0.00669	0.00525	0.00605	0.00595	0.00739	0.00461	0.00442	0.00846	0.01297	0.01693	0.36268	0.09586	0.41954	0.01231	0.00618	0.00173	0.00259	0.01057	0.00522	0.00461
40	0.00989	0.00937	0.01598	0.78605	0.03566	0.01161	0.03214	0.01339	0.01046	0.01339	0.00929	0.01389	0.00696	0.00519	0.00523	0.00174	0.00699	0.00466	0.00232	0.00581
41	0.00628	0.00528	0.00544	0.00540	0.00711	0.00445	0.00405	0.00771	0.01216	0.01475	0.12572	0.04899	0.70899	0.01293	0.00615	0.00175	0.00262	0.01083	0.00493	0.00445
42	0.01945	0.02482	0.01476	0.01342	0.01610	0.79608	0.01006	0.02079	0.01476	0.01275	0.00805	0.00939	0.00671	0.00537	0.00470	0.00134	0.00939	0.00335	0.00268	0.00604
43	0.01289	0.01237	0.02114	0.03196	0.78450	0.01237	0.01598	0.01598	0.01186	0.01701	0.00980	0.01289	0.00825	0.00464	0.00516	0.00155	0.00619	0.00464	0.00258	0.00825
44	0.01468	0.65741	0.02457	0.00967	0.01378	0.13445	0.00904	0.01704	0.05421	0.01286	0.00814	0.00913	0.00721	0.00474	0.00365	0.00118	0.00605	0.00304	0.00247	0.00668
45	0.00626	0.00528	0.00542	0.00539	0.00710	0.00444	0.00404	0.00768	0.01212	0.01466	0.11657	0.04914	0.71820	0.01297	0.00615	0.00175	0.00262	0.01085	0.00491	0.00444
46	0.01374	0.01879	0.17564	0.02919	0.07353	0.23742	0.12845	0.01693	0.02754	0.01467	0.00887	0.01145	0.00723	0.00592	0.00779	0.00169	0.18777	0.00431	0.00254	0.02655
47	0.02790	0.01260	0.04918	0.08678	0.20913	0.04156	0.01126	0.22706	0.11752	0.02111	0.01548	0.01684	0.06850	0.00861	0.06150	0.00210	0.00628	0.00526	0.00384	0.00750
48	0.04621	0.01422	0.01435	0.16351	0.08236	0.20992	0.01046	0.13259	0.07344	0.11827	0.01177	0.01317	0.00881	0.00624	0.00583	0.03775	0.01985	0.00439	0.00368	0.02315
49	0.05430	0.17672	0.07783	0.07568	0.03023	0.04392	0.14967	0.03998	0.06329	0.01662	0.02423	0.02765	0.00911	0.00505	0.00463	0.00138	0.00596	0.00438	0.00298	0.18638
50	0.11099	0.29559	0.07410	0.01088	0.01468	0.04376	0.09894	0.01602	0.05454	0.04512	0.10706	0.01435	0.01286	0.00583	0.00520	0.00148	0.05355	0.00451	0.00321	0.02734
51	0.20867	0.19279	0.06842	0.00803	0.01142	0.02704	0.00730	0.02549	0.04474	0.04666	0.10181	0.02140	0.16969	0.00724	0.00454	0.00150	0.00433	0.00554	0.00375	0.03966

[dist]
# distance from previous block
# <min> <max>
4	45

[block]
# block no. 2 follows, 47 sequences, length 36
# corresponding to MSA columns:
# 191-226
name=unknown_C
#
# <colnr> <probs for GDERKNQSTAVLIFYWHMCP>
#	G	D	E	R	K	N	Q	S	T	A	V	L	I	F	Y	W	H	M	C	P
0	0.08518	0.01431	0.11836	0.03326	0.01709	0.10077	0.13850	0.07764	0.02356	0.12989	0.09603	0.01546	0.01276	0.00592	0.00550	0.00156	0.03336	0.00498	0.00379	0.08207
1	0.01200	0.01217	0.06123	0.22429	0.27308	0.01193	0.15215	0.03699	0.07100	0.03595	0.01191	0.05259	0.00975	0.00560	0.00543	0.00169	0.00657	0.00548	0.00299	0.00720
2	0.16064	0.06603	0.01858	0.01797	0.23034	0.08365	0.13385	0.11765	0.02579	0.08175	0.01056	0.01214	0.00808	0.00509	0.00484	0.00156	0.00625	0.00441	0.00339	0.00743
3	0.01037	0.00830	0.01069	0.01065	0.09916	0.00792	0.02039	0.13055	0.01488	0.02058	0.32597	0.02962	0.13837	0.00869	0.00560	0.00154	0.00379	0.02685	0.00472	0.12135
4	0.01025	0.00794	0.00936	0.00801	0.01057	0.00721	0.00604	0.12985	0.01300	0.01842	0.10495	0.27101	0.02170	0.04830	0.00632	0.00163	0.00378	0.00801	0.00429	0.30934
5	0.01375	0.60043	0.02526	0.10160	0.01728	0.07906	0.07067	0.01582	0.01102	0.01277	0.00780	0.00953	0.00681	0.00461	0.00389	0.00125	0.00628	0.00331	0.00231	0.00656
6	0.00836	0.01102	0.21972	0.00818	0.01028	0.00697	0.00755	0.01001	0.00851	0.01184	0.01448	0.02778	0.01557	0.59538	0.02062	0.00412	0.00577	0.00656	0.00289	0.00439
7	0.01010	0.00926	0.01430	0.58703	0.02945	0.01031	0.01220	0.01325	0.01052	0.01431	0.00926	0.01304	0.00715	0.00484	0.00484	0.00147	0.00610	0.00421	0.00252	0.23585
8	0.01018	0.01571	0.25652	0.06535	0.01954	0.04835	0.19934	0.01386	0.01153	0.01527	0.02128	0.02256	0.21867	0.00732	0.00625	0.00173	0.05071	0.00643	0.00306	0.00631
9	0.01477	0.01157	0.01752	0.02318	0.47580	0.01175	0.01280	0.05308	0.14810	0.14118	0.02876	0.01531	0.01117	0.00555	0.00522	0.00160	0.00545	0.00505	0.00385	0.00831
10	0.01262	0.01253	0.02206	0.02828	0.57628	0.01291	0.13401	0.01570	0.01148	0.01645	0.00957	0.01290	0.00803	0.00511	0.00668	0.00166	0.09854	0.00487	0.00255	0.00776
11	0.00701	0.00531	0.00646	0.00617	0.00756	0.00476	0.00463	0.00912	0.01388	0.01884	0.56367	0.04226	0.26849	0.01141	0.00615	0.00167	0.00251	0.00989	0.00546	0.00476
12	0.01128	0.00963	0.01129	0.00821	0.01260	0.00783	0.00661	0.05090	0.01135	0.01755	0.00930	0.01091	0.00773	0.00423	0.00456	0.00088	0.04227	0.00324	0.00315	0.76650
13	0.01604	0.01062	0.01240	0.00922	0.01359	0.00961	0.00752	0.22160	0.01544	0.19238	0.01265	0.01280	0.00917	0.00508	0.00453	0.00117	0.00450	0.00400	0.00441	0.43324
14	0.01384	0.01085	0.01289	0.14297	0.04478	0.03333	0.00930	0.35033	0.01703	0.02262	0.07424	0.11057	0.01633	0.07327	0.00724	0.00197	0.00539	0.04191	0.00437	0.00675
15	0.00621	0.00504	0.00552	0.00589	0.00720	0.00434	0.00423	0.00740	0.01128	0.01383	0.04524	0.28867	0.54869	0.01417	0.00631	0.00187	0.00276	0.01218	0.00484	0.00434
16	0.00656	0.00498	0.00605	0.00643	0.00745	0.00447	0.00458	0.00802	0.01188	0.01561	0.24185	0.35947	0.27622	0.01377	0.00635	0.00187	0.00275	0.01212	0.00508	0.00447
17	0.01274	0.01138	0.01439	0.01684	0.24381	0.01254	0.01044	0.02362	0.52572	0.02014	0.01867	0.01833	0.03494	0.00651	0.00528	0.00170	0.00470	0.00566	0.00447	0.00814
18	0.00745	0.00499	0.00568	0.00581	0.00596	0.00492	0.00340	0.00769	0.00814	0.01095	0.01936	0.12369	0.05236	0.66344	0.02258	0.00444	0.00462	0.00845	0.03267	0.00339
19	0.01903	0.00785	0.01048	0.00839	0.01146	0.00693	0.00663	0.02078	0.01373	0.57703	0.10724	0.02274	0.01801	0.13511	0.00870	0.00216	0.00430	0.00609	0.00584	0.00751
20	0.01229	0.01405	0.03073	0.02195	0.02722	0.01317	0.76558	0.01668	0.01229	0.01668	0.01054	0.01405	0.00790	0.00439	0.00615	0.00176	0.00878	0.00615	0.00263	0.00702
21	0.00757	0.00505	0.00568	0.00568	0.00568	0.00505	0.00316	0.00757	0.00757	0.01010	0.01641	0.03408	0.01893	0.81698	0.02651	0.00505	0.00505	0.00757	0.00316	0.00316
22	0.00926	0.00668	0.00852	0.00921	0.01068	0.00696	0.00782	0.01361	0.13255	0.01700	0.02535	0.04801	0.02584	0.01227	0.00649	0.00216	0.00442	0.54641	0.10139	0.00535
23	0.24975	0.00956	0.01110	0.00878	0.01260	0.00930	0.00725	0.06992	0.01387	0.53125	0.01640	0.01486	0.01065	0.00599	0.00469	0.00161	0.00440	0.00454	0.00549	0.00798
24	0.00715	0.00532	0.00647	0.00632	0.00754	0.00487	0.00469	0.00903	0.01300	0.01755	0.45766	0.04252	0.23261	0.10407	0.00855	0.00211	0.00295	0.05786	0.00515	0.00457
25	0.01398	0.01571	0.01557	0.01359	0.01445	0.26657	0.01097	0.01519	0.01015	0.01260	0.00723	0.01075	0.00679	0.00791	0.01311	0.00198	0.55107	0.00417	0.00241	0.00581
26	0.00661	0.00529	0.00591	0.00576	0.00731	0.00459	0.00432	0.00836	0.01295	0.01663	0.32709	0.04590	0.50645	0.01223	0.00615	0.00171	0.00257	0.01040	0.00517	0.00459
27	0.01869	0.02037	0.01587	0.01342	0.01650	0.47468	0.04663	0.24333	0.01711	0.01893	0.00942	0.01068	0.00742	0.00583	0.00572	0.00149	0.05964	0.00397	0.00341	0.00691
28	0.01945	0.02482	0.01476	0.01342	0.01610	0.79608	0.01006	0.02079	0.01476	0.01275	0.00805	0.00939	0.00671	0.00537	0.00470	0.00134	0.00939	0.00335	0.00268	0.00604
29	0.00657	0.00529	0.00585	0.00571	0.00729	0.00457	0.00428	0.00828	0.01285	0.01641	0.30279	0.04627	0.53090	0.01232	0.00615	0.00172	0.00258	0.01045	0.00514	0.00457
30	0.01998	0.01430	0.01545	0.01185	0.01601	0.01572	0.00979	0.72994	0.02400	0.07069	0.01291	0.01276	0.00906	0.00626	0.00521	0.00157	0.00567	0.00472	0.00527	0.00886
31	0.00739	0.00525	0.00656	0.00628	0.00719	0.00494	0.00441	0.00915	0.01270	0.01775	0.55214	0.03790	0.06176	0.23077	0.01170	0.00257	0.00317	0.00896	0.00500	0.00442
32	0.01156	0.00629	0.00814	0.00724	0.00929	0.00568	0.00562	0.01356	0.01354	0.23215	0.33872	0.06356	0.17653	0.01248	0.06965	0.00222	0.00399	0.00845	0.00549	0.00587
33	0.00684	0.00494	0.00631	0.00721	0.00764	0.00477	0.00481	0.00838	0.04688	0.01363	0.05598	0.65585	0.03233	0.10752	0.00884	0.00242	0.00329	0.01334	0.00470	0.00433
34	0.00742	0.00530	0.00728	0.00848	0.00925	0.00516	0.00670	0.00911	0.01103	0.01450	0.02811	0.41720	0.03209	0.01530	0.00693	0.00226	0.00395	0.40058	0.00481	0.00453
35	0.01899	0.02408	0.01451	0.01322	0.01584	0.76561	0.00992	0.02035	0.01451	0.01272	0.00828	0.00982	0.00695	0.00667	0.03524	0.00161	0.00957	0.00344	0.00269	0.00598

[dist]
# distance from previous block
# <min> <max>
0	3

[block]
# block no. 3 follows, 47 sequences, length 36
# corresponding to MSA columns:
# 230-265
name=unknown_D
#
# <colnr> <probs for GDERKNQSTAVLIFYWHMCP>
#	G	D	E	R	K	N	Q	S	T	A	V	L	I	F	Y	W	H	M	C	P
0	0.01361	0.54576	0.21468	0.01082	0.01590	0.09475	0.01158	0.01633	0.01109	0.01335	0.00784	0.00911	0.00666	0.00467	0.00387	0.00127	0.00647	0.00310	0.00227	0.00687
1	0.01112	0.09375	0.01252	0.00784	0.01245	0.00837	0.00646	0.01337	0.01078	0.01648	0.00905	0.01054	0.00761	0.00392	0.00380	0.00081	0.00404	0.00305	0.00300	0.76106
2	0.77177	0.01052	0.00844	0.00735	0.01067	0.01212	0.00606	0.08923	0.01040	0.02429	0.00777	0.00886	0.00596	0.00497	0.00342	0.00161	0.00420	0.00300	0.00342	0.00596
3	0.00905	0.00452	0.00678	0.00678	0.00678	0.00452	0.00452	0.00678	0.00678	0.00905	0.00905	0.01583	0.00905	0.01809	0.02035	0.84848	0.00452	0.00452	0.00226	0.00226
4	0.00778	0.00482	0.00613	0.00634	0.00642	0.00479	0.00393	0.00733	0.00778	0.01040	0.01636	0.16505	0.01863	0.42466	0.04078	0.24981	0.00477	0.00790	0.00318	0.00312
5	0.00631	0.00486	0.00578	0.00650	0.00741	0.00433	0.00455	0.00741	0.01078	0.01365	0.03838	0.49011	0.33605	0.01501	0.00646	0.00198	0.00290	0.02836	0.00483	0.00431
6	0.01139	0.01139	0.01595	0.01367	0.01367	0.01595	0.01139	0.01253	0.00798	0.01253	0.00684	0.01139	0.00684	0.00911	0.01709	0.00228	0.80745	0.00456	0.00228	0.00570
7	0.02230	0.00952	0.01236	0.00959	0.01356	0.00877	0.00789	0.08870	0.07150	0.66757	0.01991	0.01741	0.01277	0.00647	0.00524	0.00162	0.00452	0.00524	0.00626	0.00882
8	0.01418	0.01156	0.01226	0.01056	0.01369	0.01306	0.00834	0.22022	0.51315	0.02401	0.02098	0.03959	0.06003	0.00745	0.00536	0.00172	0.00443	0.00610	0.00524	0.00807
9	0.01958	0.00842	0.01110	0.00908	0.01241	0.00766	0.00727	0.02274	0.09334	0.58543	0.02191	0.14406	0.01662	0.00807	0.00547	0.00171	0.00418	0.00682	0.00607	0.00806
10	0.09533	0.01333	0.09865	0.14889	0.45371	0.01243	0.01462	0.07066	0.01217	0.01815	0.00961	0.01239	0.00766	0.00490	0.00496	0.00159	0.00622	0.00438	0.00275	0.00759
11	0.01104	0.10341	0.63489	0.01604	0.10104	0.01296	0.01789	0.01635	0.01104	0.01613	0.00919	0.01093	0.00678	0.00487	0.00481	0.00159	0.00733	0.00383	0.00224	0.00765
12	0.00652	0.00469	0.00591	0.00680	0.00720	0.00438	0.00448	0.00733	0.00979	0.01287	0.02926	0.61047	0.10992	0.14290	0.00974	0.00254	0.00330	0.01326	0.00457	0.00408
13	0.01293	0.09780	0.01694	0.01314	0.01402	0.14009	0.01092	0.01416	0.00932	0.01254	0.00707	0.01076	0.00680	0.00804	0.01369	0.00201	0.59739	0.00418	0.00234	0.00585
14	0.00651	0.00466	0.00619	0.00714	0.00759	0.00434	0.00485	0.00766	0.01073	0.01450	0.14807	0.69079	0.03677	0.01542	0.00657	0.00204	0.00293	0.01395	0.00498	0.00434
15	0.01408	0.79717	0.02693	0.00904	0.01344	0.04298	0.00894	0.01574	0.01070	0.01227	0.00726	0.00838	0.00668	0.00448	0.00338	0.00112	0.00568	0.00280	0.00224	0.00666
16	0.85377	0.01007	0.00765	0.00685	0.01007	0.01168	0.00564	0.01531	0.00886	0.02336	0.00725	0.00846	0.00564	0.00483	0.00322	0.00161	0.00403	0.00282	0.00322	0.00564
17	0.01980	0.01459	0.01563	0.01198	0.01615	0.01615	0.00990	0.76713	0.02448	0.03282	0.01250	0.01250	0.00886	0.00625	0.00521	0.00156	0.00573	0.00469	0.00521	0.00886
18	0.00718	0.00572	0.00651	0.00654	0.00798	0.00534	0.00481	0.01003	0.08728	0.01646	0.23628	0.19933	0.36236	0.01255	0.00617	0.00180	0.00281	0.01085	0.00512	0.00488
19	0.00727	0.00525	0.00687	0.00662	0.00776	0.00485	0.00491	0.00957	0.01427	0.02014	0.70771	0.11507	0.04769	0.01120	0.00619	0.00168	0.00251	0.00995	0.00564	0.00485
20	0.01296	0.01258	0.01971	0.01554	0.01756	0.01526	0.20566	0.13322	0.01171	0.01682	0.00869	0.01225	0.00743	0.00744	0.01238	0.00203	0.47439	0.00499	0.00283	0.00654
21	0.01879	0.01899	0.01521	0.08013	0.01780	0.38559	0.01036	0.34905	0.01867	0.02164	0.01011	0.01115	0.00767	0.00574	0.00497	0.00147	0.00757	0.00405	0.00377	0.00726
22	0.01666	0.02494	0.01164	0.00968	0.01285	0.01003	0.00768	0.02448	0.36857	0.34008	0.02140	0.09659	0.01629	0.00767	0.00537	0.00172	0.00417	0.00643	0.00567	0.00808
23	0.01219	0.01166	0.01987	0.20931	0.61263	0.01219	0.01563	0.01537	0.01153	0.01616	0.00967	0.01312	0.00795	0.00477	0.00517	0.00159	0.00636	0.00464	0.00252	0.00768
24	0.01379	0.01190	0.01171	0.01014	0.01292	0.09323	0.00794	0.19839	0.32093	0.02305	0.19326	0.02207	0.04260	0.00769	0.00543	0.00164	0.00463	0.00629	0.00509	0.00729
25	0.00642	0.00459	0.00613	0.00734	0.00768	0.00430	0.00497	0.00739	0.01005	0.01338	0.02866	0.78453	0.03427	0.01624	0.00667	0.00213	0.00309	0.04308	0.00483	0.00425
26	0.00687	0.00523	0.00640	0.00720	0.00797	0.00500	0.00497	0.00903	0.07544	0.01415	0.03219	0.61489	0.16129	0.01499	0.00645	0.00202	0.00305	0.01339	0.00487	0.00460
27	0.00739	0.00525	0.00658	0.00629	0.00721	0.00493	0.00442	0.00917	0.01278	0.01786	0.56003	0.03795	0.06197	0.22256	0.01149	0.00254	0.00314	0.00898	0.00503	0.00444
28	0.01897	0.01871	0.01487	0.01247	0.01587	0.35565	0.00981	0.36925	0.09405	0.02299	0.01142	0.01183	0.00861	0.00595	0.00499	0.00149	0.00717	0.00423	0.00412	0.00757
29	0.03413	0.00771	0.00994	0.00804	0.01114	0.00677	0.00641	0.01956	0.01361	0.52402	0.07085	0.02595	0.15206	0.07687	0.00723	0.00193	0.00404	0.00666	0.00577	0.00729
30	0.02076	0.01394	0.01316	0.01073	0.01428	0.21625	0.00856	0.15449	0.02999	0.40083	0.05218	0.01565	0.01234	0.00634	0.00513	0.00154	0.00586	0.00486	0.00518	0.00792
31	0.00634	0.00453	0.00604	0.00725	0.00755	0.00423	0.00483	0.00725	0.00997	0.01329	0.02870	0.81358	0.03444	0.01632	0.00665	0.00211	0.00302	0.01480	0.00483	0.00423
32	0.01542	0.01388	0.01447	0.01598	0.21576	0.17333	0.01015	0.22972	0.03629	0.02121	0.02402	0.02616	0.01031	0.00585	0.00483	0.00146	0.00584	0.00469	0.16342	0.00721
33	0.01201	0.38275	0.44785	0.01218	0.01842	0.01591	0.01461	0.01609	0.01081	0.01459	0.00840	0.00981	0.00664	0.00473	0.00423	0.00141	0.00674	0.00337	0.00221	0.00724
34	0.01900	0.00781	0.01059	0.00866	0.01181	0.00683	0.00692	0.02089	0.01411	0.58534	0.10116	0.14608	0.02008	0.00845	0.00555	0.00169	0.00400	0.00719	0.00612	0.00772
35	0.01196	0.01330	0.02770	0.09803	0.02666	0.01330	0.61314	0.01592	0.01166	0.01592	0.01002	0.01375	0.00770	0.00496	0.00719	0.00181	0.09183	0.00583	0.00257	0.00676

[dist]
# distance from previous block
# <min> <max>
9	32

[block]
# block no. 4 follows, 47 sequences, length 62
# corresponding to MSA columns:
# 302-363
name=unknown_E
#
# <colnr> <probs for GDERKNQSTAVLIFYWHMCP>
#	G	D	E	R	K	N	Q	S	T	A	V	L	I	F	Y	W	H	M	C	P
0	0.05366	0.19116	0.01985	0.01669	0.17277	0.35273	0.07711	0.01795	0.01267	0.01433	0.00839	0.01028	0.00708	0.00498	0.00477	0.00140	0.02118	0.00374	0.00258	0.00669
1	0.01305	0.04935	0.01717	0.13207	0.28808	0.14637	0.05127	0.07072	0.01274	0.01609	0.01262	0.14236	0.01201	0.00684	0.00530	0.00162	0.00640	0.00607	0.00311	0.00677
2	0.00877	0.00734	0.00904	0.00766	0.01019	0.00656	0.05377	0.08299	0.01313	0.01721	0.11586	0.08671	0.40390	0.01037	0.00572	0.00159	0.00353	0.00887	0.00454	0.14225
3	0.01136	0.01198	0.02385	0.33569	0.09710	0.01246	0.39953	0.01527	0.01150	0.01536	0.00996	0.01388	0.00755	0.00474	0.00568	0.00173	0.00782	0.00541	0.00250	0.00664
4	0.01127	0.00953	0.01105	0.00794	0.01254	0.00742	0.00637	0.05245	0.01151	0.01780	0.00943	0.01089	0.00777	0.00398	0.00393	0.00081	0.00395	0.00317	0.00320	0.80500
5	0.00971	0.00485	0.00485	0.00485	0.00607	0.00485	0.00364	0.01213	0.01092	0.01942	0.01699	0.01942	0.01335	0.00607	0.00364	0.00121	0.00243	0.00485	0.84589	0.00485
6	0.00634	0.00453	0.00604	0.00725	0.00755	0.00423	0.00483	0.00725	0.00997	0.01329	0.02870	0.81358	0.03444	0.01632	0.00665	0.00211	0.00302	0.01480	0.00483	0.00423
7	0.56457	0.00952	0.00900	0.00759	0.01099	0.01018	0.00624	0.01823	0.01096	0.26066	0.04014	0.01247	0.00951	0.00555	0.00396	0.00161	0.00410	0.00382	0.00432	0.00661
8	0.01045	0.02694	0.79000	0.01484	0.02254	0.01209	0.01924	0.01649	0.01099	0.01649	0.00935	0.01099	0.00660	0.00495	0.00495	0.00165	0.00770	0.00385	0.00220	0.00770
9	0.00654	0.00499	0.00600	0.00638	0.00743	0.00446	0.00454	0.00798	0.01185	0.01549	0.22751	0.34826	0.30221	0.01378	0.00635	0.00187	0.00274	0.01210	0.00506	0.00446
10	0.01919	0.01537	0.01491	0.01177	0.01558	0.11664	0.00957	0.62805	0.02246	0.02947	0.01218	0.01249	0.00883	0.00613	0.00505	0.00151	0.00602	0.00452	0.05200	0.00827
11	0.00741	0.00498	0.00573	0.00588	0.00592	0.00494	0.00337	0.00753	0.00788	0.01051	0.01800	0.13514	0.02094	0.71317	0.02393	0.00467	0.00479	0.00851	0.00337	0.00329
12	0.36859	0.37561	0.01739	0.00863	0.01233	0.11739	0.00768	0.01615	0.01040	0.01700	0.00735	0.00853	0.00625	0.00473	0.00347	0.00135	0.00542	0.00287	0.00271	0.00616
13	0.00666	0.00534	0.00600	0.00619	0.00765	0.00472	0.00468	0.00838	0.02306	0.01522	0.15419	0.14779	0.49787	0.01324	0.00630	0.00185	0.00288	0.07847	0.00497	0.00454
14	0.07369	0.01083	0.01204	0.00981	0.01344	0.06784	0.00791	0.04763	0.18896	0.48302	0.01867	0.01675	0.01253	0.00640	0.00508	0.00163	0.00474	0.00508	0.00566	0.00830
15	0.00634	0.00453	0.00604	0.00725	0.00755	0.00423	0.00483	0.00725	0.00997	0.01329	0.02870	0.81358	0.03444	0.01632	0.00665	0.00211	0.00302	0.01480	0.00483	0.00423
16	0.01392	0.82012	0.02729	0.00891	0.01337	0.02061	0.00891	0.01559	0.01058	0.01225	0.00724	0.00835	0.00668	0.00446	0.00334	0.00111	0.00557	0.00278	0.00223	0.00668
17	0.43114	0.00976	0.01006	0.00823	0.01184	0.01012	0.00678	0.05381	0.02741	0.36313	0.01366	0.01297	0.00921	0.00566	0.00425	0.00161	0.00429	0.00404	0.00478	0.00727
18	0.01638	0.01120	0.01258	0.01020	0.01350	0.01200	0.00823	0.36123	0.16837	0.13383	0.17490	0.02007	0.01916	0.00735	0.00542	0.00163	0.00455	0.00598	0.00551	0.00792
19	0.00657	0.00473	0.00588	0.00670	0.00711	0.00442	0.00439	0.00734	0.00971	0.01273	0.02904	0.56438	0.11979	0.17911	0.01064	0.00267	0.00339	0.01288	0.00449	0.00403
20	0.00917	0.17175	0.01089	0.00700	0.00855	0.00884	0.00527	0.01142	0.07726	0.01404	0.16526	0.05320	0.07339	0.33401	0.02657	0.00305	0.00450	0.00722	0.00381	0.00480
21	0.01761	0.00912	0.01349	0.01051	0.01402	0.00843	0.10545	0.04380	0.07118	0.44346	0.18245	0.02176	0.02012	0.00712	0.00555	0.00165	0.00459	0.00628	0.00568	0.00773
22	0.01457	0.18744	0.02169	0.01423	0.01751	0.08476	0.18802	0.16867	0.01351	0.01760	0.00906	0.01142	0.00745	0.00609	0.00805	0.00168	0.21388	0.00447	0.00298	0.00689
23	0.50712	0.04212	0.07919	0.06227	0.07088	0.01160	0.00861	0.01688	0.02471	0.11998	0.00974	0.01077	0.00717	0.00509	0.00395	0.00160	0.00481	0.00353	0.00344	0.00653
24	0.01123	0.00879	0.01069	0.00788	0.01205	0.00685	0.02919	0.01352	0.01119	0.06623	0.01375	0.01482	0.06585	0.00488	0.00417	0.00096	0.00386	0.00402	0.05878	0.65127
25	0.00688	0.00492	0.00648	0.00753	0.00806	0.00469	0.00541	0.00805	0.01028	0.01354	0.02846	0.54887	0.06574	0.08599	0.00848	0.00242	0.00356	0.17169	0.00468	0.00426
26	0.01986	0.01390	0.01514	0.01166	0.01574	0.01518	0.00961	0.68785	0.02337	0.09870	0.01351	0.02795	0.00969	0.00646	0.00524	0.00158	0.00557	0.00493	0.00531	0.00877
27	0.00740	0.00523	0.00682	0.00732	0.00805	0.00504	0.00541	0.00894	0.01135	0.01538	0.23969	0.24404	0.03432	0.17739	0.01069	0.00265	0.00372	0.19747	0.00474	0.00435
28	0.01221	0.42888	0.40350	0.01184	0.01789	0.01641	0.01401	0.01604	0.01079	0.01434	0.00828	0.00966	0.00664	0.00470	0.00413	0.00138	0.00662	0.00331	0.00221	0.00718
29	0.01312	0.01211	0.01838	0.02543	0.54723	0.01265	0.01365	0.04251	0.22355	0.01882	0.01304	0.01469	0.01039	0.00536	0.00520	0.00161	0.00560	0.00499	0.00341	0.00827
30	0.00652	0.00466	0.00625	0.00746	0.00784	0.00438	0.00515	0.00756	0.01015	0.01349	0.02860	0.74738	0.03405	0.01615	0.00669	0.00214	0.00318	0.07924	0.00483	0.00428
31	0.01604	0.01431	0.02007	0.02780	0.01978	0.05355	0.26397	0.35182	0.13492	0.02438	0.01290	0.01395	0.00948	0.00569	0.00551	0.00165	0.00671	0.00530	0.00418	0.00796
32	0.00658	0.00476	0.00614	0.00689	0.00746	0.00441	0.00470	0.00776	0.01087	0.01459	0.16899	0.57317	0.09180	0.05680	0.00755	0.00215	0.00299	0.01315	0.00491	0.00431
33	0.01713	0.05281	0.01144	0.00852	0.01163	0.00807	0.00696	0.07454	0.01532	0.42814	0.27836	0.02403	0.02459	0.00775	0.00544	0.00159	0.00392	0.00648	0.00588	0.00740
34	0.00721	0.00545	0.00685	0.00764	0.00885	0.00509	0.00616	0.00894	0.01154	0.01460	0.03638	0.20964	0.28703	0.01437	0.00673	0.00212	0.00370	0.34833	0.00482	0.00454
35	0.01536	0.06973	0.06560	0.01354	0.08231	0.36429	0.01013	0.02056	0.21084	0.01548	0.01227	0.01417	0.01013	0.06583	0.00644	0.00175	0.00706	0.00443	0.00333	0.00674
36	0.01716	0.02046	0.01591	0.01462	0.05892	0.52758	0.07629	0.02154	0.16644	0.01513	0.01099	0.01200	0.00874	0.00558	0.00497	0.00147	0.00811	0.00418	0.00320	0.00669
37	0.01634	0.00951	0.01117	0.00961	0.01273	0.00991	0.00770	0.02458	0.38343	0.30977	0.02107	0.02137	0.01551	0.00724	0.00528	0.00171	0.00416	0.05441	0.06651	0.00800
38	0.01265	0.01213	0.02071	0.09234	0.72598	0.01231	0.01586	0.01577	0.01174	0.01672	0.00975	0.01297	0.00815	0.00468	0.00516	0.00156	0.00625	0.00464	0.00256	0.00806
39	0.01361	0.00992	0.01121	0.00955	0.01213	0.01059	0.00749	0.35119	0.08484	0.04289	0.19829	0.18272	0.02429	0.00942	0.00573	0.00171	0.00423	0.00798	0.00529	0.00693
40	0.01015	0.00761	0.00879	0.00806	0.01015	0.00794	0.00622	0.01659	0.27890	0.06956	0.26392	0.03118	0.16796	0.01208	0.07510	0.00229	0.00421	0.00787	0.00520	0.00622
41	0.00684	0.00554	0.00613	0.00628	0.00772	0.00505	0.00459	0.00918	0.06832	0.01522	0.12671	0.22849	0.46484	0.01319	0.00621	0.00183	0.00282	0.01134	0.00497	0.00470
42	0.01060	0.01017	0.01421	0.01239	0.01251	0.01392	0.01015	0.01175	0.00800	0.01229	0.00847	0.01425	0.00853	0.07289	0.11882	0.00327	0.64508	0.00491	0.00241	0.00537
43	0.71827	0.08146	0.00997	0.00741	0.01081	0.01280	0.00624	0.07107	0.01017	0.02309	0.00764	0.00875	0.00597	0.00491	0.00338	0.00156	0.00429	0.00296	0.00328	0.00597
44	0.78858	0.01042	0.00828	0.00725	0.01055	0.01203	0.00597	0.07407	0.01008	0.02410	0.00766	0.00878	0.00589	0.00494	0.00338	0.00161	0.00416	0.00297	0.00338	0.00589
45	0.00660	0.00464	0.00597	0.00693	0.00717	0.00440	0.00449	0.00732	0.00948	0.01264	0.02620	0.65473	0.03128	0.17948	0.01069	0.00271	0.00343	0.01333	0.00449	0.00401
46	0.00744	0.00558	0.00837	0.00837	0.00930	0.00651	0.00651	0.00930	0.00837	0.01209	0.01395	0.02046	0.01302	0.03906	0.79635	0.00837	0.01395	0.00558	0.00279	0.00465
47	0.01142	0.24960	0.57589	0.01318	0.01996	0.01448	0.01634	0.01624	0.01088	0.01530	0.00875	0.01025	0.00662	0.00481	0.00450	0.00150	0.00710	0.00355	0.00221	0.00741
48	0.00757	0.00505	0.00568	0.00568	0.00568	0.00505	0.00316	0.00757	0.00757	0.01010	0.01641	0.03408	0.01893	0.81698	0.02651	0.00505	0.00505	0.00757	0.00316	0.00316
49	0.00633	0.00491	0.00576	0.00634	0.00734	0.00435	0.00445	0.00751	0.01111	0.01412	0.08746	0.42771	0.36487	0.01458	0.00640	0.00193	0.00282	0.01278	0.00489	0.00435
50	0.01522	0.01298	0.01872	0.10260	0.31798	0.01384	0.06869	0.30824	0.05042	0.02296	0.01135	0.01322	0.00866	0.00541	0.00526	0.00160	0.00619	0.00482	0.00370	0.00814
51	0.01219	0.42599	0.40628	0.01186	0.01792	0.01638	0.01404	0.01604	0.01079	0.01436	0.00829	0.00967	0.00664	0.00470	0.00414	0.00138	0.00663	0.00331	0.00221	0.00719
52	0.01805	0.00895	0.01158	0.06150	0.01407	0.00883	0.00787	0.02295	0.19907	0.45286	0.05882	0.01885	0.01484	0.00760	0.00642	0.06444	0.00442	0.00552	0.00555	0.00781
53	0.01331	0.01390	0.02307	0.02774	0.52051	0.08132	0.21006	0.01659	0.01222	0.01655	0.00983	0.01288	0.00802	0.00464	0.00537	0.00158	0.00714	0.00492	0.00260	0.00774
54	0.01443	0.01062	0.02835	0.11087	0.10923	0.01060	0.15742	0.05088	0.02559	0.21902	0.06663	0.01890	0.06932	0.00667	0.00656	0.00172	0.07606	0.00588	0.00408	0.00716
55	0.01134	0.01132	0.02122	0.30801	0.10476	0.01188	0.30590	0.05592	0.01203	0.01607	0.01169	0.08391	0.00997	0.00586	0.00569	0.00175	0.00717	0.00612	0.00285	0.00655
56	0.01330	0.01273	0.01602	0.07016	0.32314	0.08132	0.01189	0.02148	0.35463	0.01854	0.01473	0.01558	0.01146	0.00583	0.00518	0.00164	0.00559	0.00509	0.00379	0.00789
57	0.01449	0.01262	0.01547	0.25989	0.12495	0.09879	0.01182	0.17549	0.07052	0.06800	0.01196	0.03925	0.00942	0.00619	0.00596	0.00167	0.05787	0.00496	0.00357	0.00712
58	0.01117	0.00988	0.01347	0.21859	0.12486	0.01044	0.01008	0.02738	0.17615	0.01656	0.01252	0.01584	0.01033	0.07653	0.00711	0.00178	0.02978	0.00477	0.00331	0.21946
59	0.17345	0.03529	0.13854	0.01274	0.01617	0.01181	0.15746	0.06223	0.02311	0.01782	0.01301	0.11891	0.01234	0.00769	0.00695	0.00185	0.12015	0.06095	0.00327	0.00627
60	0.01177	0.06529	0.02302	0.05976	0.11162	0.04165	0.39472	0.02778	0.02368	0.01572	0.01290	0.12440	0.01189	0.03118	0.00658	0.00183	0.01991	0.00675	0.00299	0.00657
61	0.02596	0.02390	0.01484	0.01384	0.10664	0.08275	0.12071	0.02821	0.03546	0.11338	0.02805	0.13740	0.01528	0.00985	0.05767	0.00210	0.02115	0.06329	0.00384	0.09570

[dist]
# distance from previous block
# <min> <max>
3	33

[block]
# block no. 5 follows, 47 sequences, length 39
# corresponding to MSA columns:
# 397-435
name=unknown_F
#
# <colnr> <probs for GDERKNQSTAVLIFYWHMCP>
#	G	D	E	R	K	N	Q	S	T	A	V	L	I	F	Y	W	H	M	C	P
0	0.02786	0.14542	0.08210	0.01066	0.01468	0.01183	0.08310	0.15243	0.02768	0.08065	0.08073	0.03335	0.01319	0.04760	0.02457	0.00175	0.00550	0.00502	0.00379	0.14808
1	0.07421	0.08620	0.06453	0.07648	0.03280	0.05564	0.02372	0.17951	0.14654	0.04398	0.07892	0.05606	0.01407	0.00706	0.01462	0.00167	0.00541	0.00538	0.00411	0.02908
2	0.01248	0.05000	0.26851	0.10057	0.14225	0.01221	0.06890	0.09765	0.05879	0.05061	0.07678	0.01504	0.01168	0.00568	0.00519	0.00162	0.00636	0.00493	0.00329	0.00746
3	0.03689	0.01454	0.13385	0.09929	0.08857	0.03136	0.01175	0.25042	0.03664	0.03948	0.01065	0.01225	0.00806	0.00565	0.00592	0.00154	0.07425	0.00427	0.00355	0.13108
4	0.02782	0.08410	0.01263	0.00950	0.01221	0.03192	0.00747	0.25256	0.12851	0.09528	0.01698	0.13973	0.01546	0.13214	0.00850	0.00217	0.00490	0.00668	0.00460	0.00686
5	0.01314	0.01090	0.01236	0.01191	0.08269	0.06802	0.00851	0.23763	0.07937	0.01967	0.01328	0.01706	0.01132	0.07881	0.26463	0.00401	0.00843	0.00512	0.00374	0.04939
6	0.05650	0.18885	0.01245	0.00815	0.01013	0.05394	0.00640	0.08716	0.01156	0.01521	0.03406	0.24600	0.07425	0.14356	0.00896	0.00222	0.02354	0.00800	0.00376	0.00530
7	0.01468	0.01741	0.06997	0.01215	0.01452	0.36699	0.01000	0.07911	0.01276	0.01451	0.00985	0.01285	0.00850	0.01448	0.20773	0.00330	0.11813	0.00423	0.00283	0.00600
8	0.01241	0.24334	0.44450	0.01355	0.01983	0.01490	0.07917	0.08464	0.01222	0.01683	0.00915	0.01066	0.00694	0.00488	0.00463	0.00150	0.00702	0.00383	0.00252	0.00747
9	0.01494	0.01498	0.01336	0.07985	0.08107	0.28655	0.00958	0.15033	0.05612	0.01767	0.05147	0.07353	0.01293	0.00777	0.00625	0.05998	0.00652	0.02731	0.02347	0.00631
10	0.00730	0.00534	0.00759	0.00777	0.00845	0.00594	0.00572	0.00872	0.00847	0.01194	0.01649	0.13775	0.01710	0.16342	0.55544	0.00692	0.01090	0.00725	0.00315	0.00434
11	0.01134	0.01797	0.30981	0.01970	0.13818	0.01227	0.30483	0.01584	0.01145	0.01632	0.01083	0.05608	0.00887	0.00546	0.00599	0.00172	0.03803	0.00547	0.00257	0.00726
12	0.01148	0.01083	0.01831	0.31943	0.45834	0.01169	0.01496	0.01467	0.01133	0.01554	0.01066	0.01600	0.00906	0.00543	0.00530	0.00167	0.00639	0.04918	0.00261	0.00712
13	0.00671	0.00498	0.00564	0.00598	0.00670	0.00458	0.00392	0.00745	0.00980	0.01243	0.03295	0.26298	0.29680	0.29989	0.01353	0.00303	0.00360	0.01087	0.00424	0.00391
14	0.02207	0.01094	0.01337	0.01025	0.01433	0.01073	0.00847	0.29433	0.01838	0.51424	0.01763	0.01583	0.01143	0.00638	0.00523	0.00159	0.00490	0.00504	0.00600	0.00886
15	0.01162	0.00974	0.01124	0.00810	0.01269	0.00778	0.00651	0.08180	0.01205	0.01841	0.00955	0.01095	0.00782	0.00407	0.00398	0.00084	0.00403	0.00323	0.00328	0.77230
16	0.00627	0.00509	0.00557	0.00586	0.00721	0.00438	0.00424	0.00755	0.01154	0.01425	0.08712	0.24666	0.54841	0.01385	0.00628	0.00184	0.00273	0.01189	0.00489	0.00438
17	0.00629	0.00529	0.00547	0.00546	0.00717	0.00447	0.00412	0.00772	0.01209	0.01462	0.10818	0.04944	0.71041	0.01302	0.00618	0.00176	0.00267	0.02628	0.00490	0.00444
18	0.01080	0.00926	0.01080	0.00771	0.01234	0.00694	0.00617	0.01311	0.01080	0.01697	0.00926	0.01080	0.00771	0.00386	0.00386	0.00077	0.00386	0.00309	0.00309	0.84882
19	0.01289	0.01237	0.02114	0.03196	0.78450	0.01237	0.01598	0.01598	0.01186	0.01701	0.00980	0.01289	0.00825	0.00464	0.00516	0.00155	0.00619	0.00464	0.00258	0.00825
20	0.01599	0.01948	0.01294	0.01185	0.01405	0.55740	0.00896	0.01750	0.02561	0.01310	0.01595	0.05671	0.12533	0.00745	0.00608	0.00153	0.07601	0.00523	0.00312	0.00570
21	0.00818	0.00562	0.00649	0.00651	0.00689	0.00567	0.00404	0.06295	0.00937	0.01251	0.01903	0.21660	0.02186	0.56870	0.02026	0.00410	0.00462	0.00907	0.00370	0.00383
22	0.01667	0.01501	0.01318	0.01181	0.05252	0.24090	0.00866	0.29872	0.01697	0.06234	0.01504	0.01795	0.06644	0.13084	0.00840	0.00205	0.00642	0.00523	0.00406	0.00680
23	0.00733	0.00517	0.00631	0.00617	0.00688	0.00491	0.00415	0.00866	0.01146	0.01578	0.39575	0.07691	0.07608	0.33571	0.01437	0.00304	0.00354	0.00903	0.00460	0.00414
