[name]
unknown

[dist]
# distance from previous block
# <min> <max>
0	310

[block]
# block no. 0 follows, 47 sequences, length 13
# corresponding to MSA columns:
# 1397-1409
name=unknown_A
#
# <colnr> <probs for GDERKNQSTAVLIFYWHMCP>
#	G	D	E	R	K	N	Q	S	T	A	V	L	I	F	Y	W	H	M	C	P
0	0.00685	0.00536	0.00632	0.00687	0.00823	0.00484	0.00541	0.00842	0.01159	0.01439	0.04136	0.17859	0.43696	0.01406	0.00654	0.00201	0.00334	0.22956	0.00482	0.00449
1	0.00711	0.00516	0.00594	0.00598	0.00662	0.00500	0.00390	0.00779	0.00915	0.01185	0.04668	0.07366	0.22899	0.44576	0.11067	0.00431	0.00528	0.00866	0.00372	0.00377
2	0.01086	0.12091	0.69964	0.01414	0.02145	0.01310	0.01802	0.01639	0.01095	0.01599	0.00910	0.01068	0.00661	0.00489	0.00476	0.00159	0.00744	0.00372	0.00220	0.00758
3	0.01062	0.06632	0.75213	0.01455	0.02208	0.01252	0.01873	0.01645	0.01097	0.01628	0.00924	0.01086	0.00660	0.00492	0.00487	0.00162	0.00759	0.00380	0.00220	0.00765
4	0.00634	0.00453	0.00604	0.00725	0.00755	0.00423	0.00483	0.00725	0.00997	0.01329	0.02870	0.81358	0.03444	0.01632	0.00665	0.00211	0.00302	0.01480	0.00483	0.00423
5	0.01381	0.01613	0.07923	0.01938	0.02441	0.09622	0.54508	0.10601	0.01391	0.01816	0.01042	0.01316	0.00780	0.00475	0.00580	0.00168	0.00841	0.00552	0.00291	0.00718
6	0.01429	0.01616	0.01394	0.01601	0.21145	0.36167	0.00998	0.04030	0.01357	0.01484	0.02036	0.02106	0.21040	0.00726	0.00521	0.00151	0.00668	0.00573	0.00330	0.00627
7	0.00640	0.00492	0.00586	0.00639	0.00738	0.00438	0.00450	0.00767	0.01133	0.01458	0.13555	0.41564	0.32796	0.01436	0.00639	0.00191	0.00280	0.01262	0.00495	0.00438
8	0.00634	0.00453	0.00604	0.00725	0.00755	0.00423	0.00483	0.00725	0.00997	0.01329	0.02870	0.81358	0.03444	0.01632	0.00665	0.00211	0.00302	0.01480	0.00483	0.00423
9	0.01700	0.01519	0.01678	0.01692	0.18805	0.13406	0.01150	0.37728	0.01781	0.02332	0.01041	0.01196	0.00810	0.00616	0.00682	0.00163	0.12090	0.00446	0.00382	0.00784
10	0.01530	0.09766	0.01687	0.01128	0.01576	0.01282	0.09796	0.31482	0.01654	0.04769	0.01085	0.01183	0.00825	0.00502	0.00466	0.00127	0.00539	0.00412	0.00390	0.29802
11	0.01332	0.50142	0.09542	0.00956	0.01422	0.07641	0.00937	0.01552	0.01099	0.01375	0.00796	0.00923	0.00691	0.00444	0.00371	0.00111	0.00568	0.00300	0.00245	0.19553
12	0.20199	0.01194	0.01199	0.01017	0.01354	0.01361	0.00815	0.24288	0.38341	0.02539	0.01553	0.01495	0.01154	0.00633	0.00481	0.00167	0.00458	0.00485	0.00481	0.00784

[dist]
# distance from previous block
# <min> <max>
0	3

[block]
# block no. 1 follows, 47 sequences, length 53
# corresponding to MSA columns:
# 1413-1465
name=unknown_B
#
# <colnr> <probs for GDERKNQSTAVLIFYWHMCP>
#	G	D	E	R	K	N	Q	S	T	A	V	L	I	F	Y	W	H	M	C	P
0	0.01215	0.01303	0.02620	0.06503	0.24524	0.01268	0.47487	0.01598	0.01197	0.01645	0.01131	0.01462	0.02862	0.00483	0.00603	0.00171	0.02369	0.00573	0.00265	0.00722
1	0.01607	0.01462	0.04656	0.01792	0.13873	0.03628	0.22194	0.38155	0.01814	0.02441	0.01158	0.02678	0.00880	0.00559	0.00546	0.00162	0.00677	0.00520	0.00390	0.00805
2	0.02279	0.01038	0.01233	0.00968	0.01356	0.08063	0.00789	0.02500	0.03038	0.70083	0.01940	0.01699	0.01238	0.00636	0.00519	0.00159	0.00488	0.00508	0.00607	0.00859
3	0.01045	0.02694	0.79000	0.01484	0.02254	0.01209	0.01924	0.01649	0.01099	0.01649	0.00935	0.01099	0.00660	0.00495	0.00495	0.00165	0.00770	0.00385	0.00220	0.00770
4	0.01510	0.03104	0.12920	0.05006	0.24093	0.01141	0.19746	0.01862	0.01257	0.22250	0.01271	0.01414	0.00909	0.00512	0.00535	0.00163	0.00658	0.00502	0.00355	0.00791
5	0.01012	0.00956	0.01607	0.72111	0.09558	0.01175	0.01450	0.01350	0.01046	0.01358	0.00923	0.01374	0.00704	0.00527	0.00552	0.00173	0.02827	0.00463	0.00233	0.00598
6	0.00860	0.00741	0.00776	0.00816	0.00944	0.06163	0.00600	0.01219	0.14538	0.01512	0.03010	0.40599	0.16196	0.01317	0.00624	0.00196	0.00377	0.08522	0.00476	0.00515
7	0.05774	0.01252	0.01691	0.05119	0.40698	0.09915	0.01232	0.01913	0.01287	0.24152	0.01259	0.01373	0.00925	0.00528	0.00503	0.00155	0.00596	0.00458	0.00374	0.00796
8	0.01220	0.01379	0.02928	0.02114	0.02589	0.01344	0.69165	0.01627	0.01187	0.01627	0.01017	0.01379	0.00780	0.00485	0.00722	0.00181	0.08708	0.00599	0.00260	0.00689
9	0.00634	0.00453	0.00604	0.00725	0.00755	0.00423	0.00483	0.00725	0.00997	0.01329	0.02870	0.81358	0.03444	0.01632	0.00665	0.00211	0.00302	0.01480	0.00483	0.00423
10	0.01205	0.01866	0.35177	0.02335	0.38519	0.01219	0.06987	0.01648	0.01159	0.03562	0.00992	0.01228	0.00763	0.00480	0.00514	0.00161	0.00697	0.00442	0.00251	0.00794
11	0.00751	0.00529	0.00690	0.00690	0.00732	0.00571	0.00468	0.00836	0.00793	0.01100	0.01529	0.02790	0.01625	0.46391	0.37591	0.00656	0.00909	0.00667	0.00299	0.00383
12	0.01295	0.01119	0.01178	0.01060	0.01354	0.01295	0.00824	0.02767	0.77509	0.02178	0.02120	0.01943	0.01590	0.00707	0.00530	0.00177	0.00412	0.00589	0.00530	0.00824
13	0.01045	0.02694	0.79000	0.01484	0.02254	0.01209	0.01924	0.01649	0.01099	0.01649	0.00935	0.01099	0.00660	0.00495	0.00495	0.00165	0.00770	0.00385	0.00220	0.00770
14	0.53306	0.00983	0.00806	0.00744	0.00968	0.08211	0.00573	0.01336	0.00881	0.01825	0.00784	0.01067	0.00672	0.00871	0.00830	0.24581	0.00467	0.00336	0.00290	0.00470
15	0.00744	0.00558	0.00837	0.00837	0.00930	0.00651	0.00651	0.00930	0.00837	0.01209	0.01395	0.02046	0.01302	0.03906	0.79635	0.00837	0.01395	0.00558	0.00279	0.00465
16	0.85377	0.01007	0.00765	0.00685	0.01007	0.01168	0.00564	0.01531	0.00886	0.02336	0.00725	0.00846	0.00564	0.00483	0.00322	0.00161	0.00403	0.00282	0.00322	0.00564
17	0.00717	0.00532	0.00669	0.00634	0.00766	0.00483	0.00476	0.00944	0.01427	0.01977	0.66265	0.04073	0.16893	0.01106	0.00614	0.00166	0.00249	0.00967	0.00559	0.00483
18	0.00837	0.00680	0.00847	0.00830	0.00955	0.04225	0.00640	0.04773	0.01003	0.01350	0.01963	0.07153	0.11547	0.03108	0.56839	0.00646	0.01117	0.00671	0.00330	0.00487
19	0.00634	0.00453	0.00604	0.00725	0.00755	0.00423	0.00483	0.00725	0.00997	0.01329	0.02870	0.81358	0.03444	0.01632	0.00665	0.00211	0.00302	0.01480	0.00483	0.00423
20	0.02156	0.01176	0.01388	0.01064	0.01474	0.01196	0.00879	0.40132	0.01976	0.40531	0.01647	0.01508	0.01085	0.00635	0.00522	0.00159	0.00509	0.00496	0.00582	0.00886
21	0.01045	0.02694	0.79000	0.01484	0.02254	0.01209	0.01924	0.01649	0.01099	0.01649	0.00935	0.01099	0.00660	0.00495	0.00495	0.00165	0.00770	0.00385	0.00220	0.00770
22	0.00663	0.00496	0.00565	0.00605	0.00682	0.00453	0.00402	0.00743	0.01000	0.01266	0.03426	0.29998	0.31291	0.24603	0.01219	0.00283	0.00346	0.01128	0.00435	0.00398
23	0.00939	0.00809	0.00837	0.00781	0.01013	0.00847	0.00600	0.01708	0.37502	0.01774	0.03774	0.03552	0.41768	0.01028	0.00575	0.00176	0.00334	0.00856	0.00506	0.00623
24	0.00746	0.00556	0.00716	0.00792	0.00914	0.00526	0.00649	0.00939	0.01193	0.01536	0.10107	0.15694	0.22164	0.01401	0.00676	0.00213	0.00380	0.39845	0.00489	0.00463
25	0.01715	0.28973	0.06747	0.01189	0.01551	0.46664	0.01019	0.01892	0.01313	0.03414	0.00820	0.00937	0.00686	0.00507	0.00427	0.00129	0.00787	0.00325	0.00260	0.00643
26	0.01220	0.05206	0.09858	0.02072	0.02616	0.01341	0.66413	0.01661	0.01210	0.01646	0.01028	0.01351	0.00773	0.00444	0.00591	0.00172	0.00854	0.00579	0.00258	0.00707
27	0.01823	0.01350	0.01857	0.01398	0.01814	0.03266	0.18933	0.39797	0.01878	0.16451	0.01310	0.01369	0.00921	0.00597	0.00602	0.00165	0.04680	0.00510	0.00461	0.00819
28	0.00826	0.00712	0.00943	0.00887	0.00945	0.00823	0.02348	0.00926	0.00938	0.01272	0.02413	0.22392	0.17581	0.17174	0.01365	0.00267	0.24781	0.02584	0.00368	0.00457
29	0.01194	0.30105	0.29888	0.01242	0.01676	0.01620	0.01335	0.01503	0.00998	0.01386	0.00788	0.01018	0.00670	0.00598	0.00789	0.00164	0.23758	0.00368	0.00223	0.00676
30	0.00711	0.00543	0.00648	0.00692	0.00802	0.00495	0.00488	0.04234	0.01122	0.01458	0.03399	0.51930	0.24772	0.01437	0.00631	0.00192	0.00307	0.01269	0.00477	0.04393
31	0.36859	0.00958	0.00953	0.00743	0.01143	0.00899	0.00602	0.01467	0.01019	0.05903	0.00898	0.01016	0.00710	0.00440	0.00366	0.00117	0.00396	0.00308	0.00332	0.44872
32	0.00633	0.00461	0.00597	0.00706	0.00750	0.00425	0.00475	0.00727	0.01016	0.01337	0.03107	0.73835	0.10815	0.01601	0.00660	0.00208	0.00298	0.01443	0.00483	0.00425
33	0.00983	0.00926	0.01562	0.80447	0.03587	0.01157	0.01446	0.01331	0.01041	0.01331	0.00926	0.01388	0.00694	0.00521	0.00521	0.00174	0.00694	0.00463	0.00231	0.00579
34	0.01229	0.01405	0.03073	0.02195	0.02722	0.01317	0.76558	0.01668	0.01229	0.01668	0.01054	0.01405	0.00790	0.00439	0.00615	0.00176	0.00878	0.00615	0.00263	0.00702
35	0.00625	0.00490	0.00566	0.00626	0.00729	0.00431	0.00439	0.00736	0.01092	0.01368	0.04076	0.43091	0.40933	0.01475	0.00640	0.00194	0.00283	0.01289	0.00484	0.00431
36	0.02321	0.00911	0.01224	0.00938	0.01342	0.00802	0.00775	0.05718	0.01532	0.75572	0.02020	0.01750	0.01272	0.00644	0.00524	0.00161	0.00449	0.00521	0.00639	0.00886
37	0.01335	0.00962	0.01012	0.00838	0.01118	0.01008	0.00672	0.36985	0.01768	0.02405	0.02652	0.02614	0.26203	0.00848	0.00521	0.00156	0.00407	0.00678	0.17157	0.00661
38	0.00700	0.00531	0.00645	0.00616	0.00755	0.00476	0.00462	0.00911	0.01387	0.01881	0.56026	0.04231	0.27192	0.01142	0.00615	0.00167	0.00251	0.00990	0.00546	0.00476
39	0.00821	0.00586	0.00818	0.00938	0.01050	0.00584	0.00807	0.01047	0.01181	0.01538	0.02767	0.12635	0.03037	0.01456	0.00714	0.00237	0.00464	0.68364	0.00480	0.00474
40	0.00634	0.00453	0.00604	0.00725	0.00755	0.00423	0.00483	0.00725	0.00997	0.01329	0.02870	0.81358	0.03444	0.01632	0.00665	0.00211	0.00302	0.01480	0.00483	0.00423
41	0.01292	0.01175	0.01623	0.02076	0.38037	0.01268	0.01193	0.02211	0.41193	0.01951	0.01577	0.01632	0.01226	0.00591	0.00523	0.00166	0.00510	0.00529	0.00400	0.00825
42	0.01108	0.01131	0.02151	0.43349	0.13421	0.01222	0.27044	0.01482	0.01125	0.01496	0.00976	0.01381	0.00745	0.00485	0.00552	0.00172	0.00747	0.00515	0.00246	0.00654
43	0.00744	0.00558	0.00837	0.00837	0.00930	0.00651	0.00651	0.00930	0.00837	0.01209	0.01395	0.02046	0.01302	0.03906	0.79635	0.00837	0.01395	0.00558	0.00279	0.00465
44	0.00737	0.00532	0.00696	0.00655	0.00778	0.00491	0.00491	0.00983	0.01474	0.02088	0.78175	0.03890	0.04914	0.01065	0.00614	0.00164	0.00246	0.00942	0.00573	0.00491
45	0.01275	0.24307	0.46497	0.01301	0.01906	0.13263	0.01504	0.01690	0.01145	0.01477	0.00858	0.01003	0.00664	0.00488	0.00447	0.00146	0.00737	0.00348	0.00228	0.00717
46	0.01632	0.32865	0.09145	0.01178	0.01576	0.34501	0.02559	0.04861	0.02910	0.03139	0.00864	0.00976	0.00713	0.00505	0.00427	0.00131	0.00739	0.00339	0.00270	0.00668
47	0.01075	0.00907	0.01216	0.04540	0.01206	0.01198	0.00889	0.01243	0.00909	0.01491	0.01040	0.01423	0.00906	0.00791	0.01199	0.00189	0.49817	0.00466	0.28955	0.00541
48	0.00905	0.00452	0.00678	0.00678	0.00678	0.00452	0.00452	0.00678	0.00678	0.00905	0.00905	0.01583	0.00905	0.01809	0.02035	0.84848	0.00452	0.00452	0.00226	0.00226
49	0.10016	0.01009	0.01102	0.00926	0.01245	0.01078	0.00741	0.14066	0.27446	0.21525	0.01844	0.01750	0.03002	0.00657	0.00487	0.00161	0.00420	0.00521	0.11232	0.00772
50	0.05488	0.50330	0.14164	0.00940	0.01400	0.01608	0.00972	0.01494	0.01097	0.01473	0.08134	0.01190	0.01075	0.00508	0.00390	0.00124	0.00537	0.00361	0.00269	0.08445
51	0.27955	0.25903	0.16042	0.00886	0.01284	0.01314	0.00896	0.01454	0.01023	0.01749	0.03612	0.07673	0.01052	0.00597	0.00399	0.00148	0.00494	0.00436	0.06469	0.00615
52	0.26506	0.25565	0.06751	0.03876	0.01456	0.04521	0.08392	0.01494	0.01045	0.01689	0.04461	0.01227	0.00918	0.04049	0.02170	0.00172	0.00570	0.00388	0.00284	0.04464

[dist]
# distance from previous block
# <min> <max>
1	24

[block]
# block no. 2 follows, 47 sequences, length 40
# corresponding to MSA columns:
# 1490-1529
name=unknown_C
#
# <colnr> <probs for GDERKNQSTAVLIFYWHMCP>
#	G	D	E	R	K	N	Q	S	T	A	V	L	I	F	Y	W	H	M	C	P
0	0.00740	0.00526	0.00689	0.00757	0.00847	0.00498	0.00567	0.00923	0.02529	0.02938	0.17792	0.41188	0.09126	0.01421	0.00658	0.00204	0.00331	0.17296	0.00504	0.00465
1	0.01801	0.00768	0.01037	0.00836	0.01145	0.00674	0.00674	0.02017	0.01485	0.53112	0.27551	0.02482	0.02503	0.00785	0.00554	0.00162	0.00377	0.00664	0.00621	0.00754
2	0.01822	0.01747	0.01450	0.01219	0.01558	0.29071	0.00960	0.34598	0.18119	0.02338	0.01279	0.01288	0.00960	0.00611	0.00505	0.00153	0.00668	0.00447	0.00434	0.00773
3	0.01305	0.31537	0.39719	0.01247	0.01824	0.13165	0.01412	0.01680	0.01140	0.01439	0.00839	0.00980	0.00664	0.00483	0.00433	0.00141	0.00717	0.00339	0.00228	0.00708
4	0.01301	0.06671	0.24942	0.01745	0.02323	0.01261	0.40615	0.01742	0.01206	0.09889	0.01103	0.01314	0.00798	0.00477	0.00548	0.00165	0.00771	0.00511	0.00290	0.02328
5	0.02165	0.00848	0.01154	0.00898	0.01270	0.00736	0.00736	0.02372	0.01489	0.70602	0.10198	0.01999	0.01677	0.00689	0.00533	0.00161	0.00422	0.00568	0.00637	0.00844
6	0.01289	0.01237	0.02114	0.03196	0.78450	0.01237	0.01598	0.01598	0.01186	0.01701	0.00980	0.01289	0.00825	0.00464	0.00516	0.00155	0.00619	0.00464	0.00258	0.00825
7	0.01025	0.00990	0.01731	0.58048	0.05384	0.01146	0.12588	0.01418	0.04058	0.01435	0.01193	0.01685	0.03216	0.00572	0.00545	0.00176	0.00687	0.03232	0.00265	0.00606
8	0.01446	0.01024	0.01313	0.20694	0.04718	0.01143	0.00993	0.02320	0.39208	0.18732	0.01769	0.01745	0.01275	0.00638	0.00526	0.00172	0.00496	0.00539	0.00471	0.00777
9	0.00619	0.00528	0.00532	0.00531	0.00705	0.00441	0.00398	0.00754	0.01195	0.01425	0.07271	0.04981	0.76231	0.01312	0.00615	0.00176	0.00263	0.01095	0.00486	0.00441
10	0.01137	0.01082	0.01839	0.41649	0.41185	0.01197	0.01523	0.01465	0.01114	0.01517	0.00953	0.01338	0.00760	0.00492	0.00518	0.00164	0.00656	0.00463	0.00245	0.00702
11	0.01655	0.01861	0.01863	0.01665	0.09495	0.37648	0.17469	0.10004	0.10012	0.01719	0.01071	0.01221	0.00838	0.00537	0.00518	0.00152	0.00796	0.00452	0.00323	0.00702
12	0.00617	0.00523	0.00533	0.00541	0.00707	0.00439	0.00401	0.00746	0.01174	0.01402	0.05117	0.10039	0.73313	0.01339	0.00619	0.00178	0.00266	0.01124	0.00484	0.00439
13	0.00634	0.00453	0.00604	0.00725	0.00755	0.00423	0.00483	0.00725	0.00997	0.01329	0.02870	0.81358	0.03444	0.01632	0.00665	0.00211	0.00302	0.01480	0.00483	0.00423
14	0.01080	0.00926	0.01080	0.00771	0.01234	0.00694	0.00617	0.01311	0.01080	0.01697	0.00926	0.01080	0.00771	0.00386	0.00386	0.00077	0.00386	0.00309	0.00309	0.84882
15	0.01573	0.02339	0.23612	0.01632	0.09770	0.43890	0.06589	0.01879	0.01322	0.01452	0.00877	0.01053	0.00692	0.00511	0.00492	0.00148	0.00854	0.00382	0.00253	0.00680
16	0.85377	0.01007	0.00765	0.00685	0.01007	0.01168	0.00564	0.01531	0.00886	0.02336	0.00725	0.00846	0.00564	0.00483	0.00322	0.00161	0.00403	0.00282	0.00322	0.00564
17	0.00634	0.00453	0.00604	0.00725	0.00755	0.00423	0.00483	0.00725	0.00997	0.01329	0.02870	0.81358	0.03444	0.01632	0.00665	0.00211	0.00302	0.01480	0.00483	0.00423
18	0.00805	0.00628	0.00839	0.00834	0.00936	0.03711	0.00646	0.00993	0.00878	0.01258	0.01391	0.01996	0.01279	0.03564	0.71492	0.00764	0.01304	0.00545	0.05665	0.00472
19	0.01372	0.69879	0.02440	0.00861	0.01270	0.01873	0.00839	0.04705	0.01121	0.01389	0.00851	0.00971	0.00749	0.00470	0.00345	0.00114	0.00524	0.00309	0.09261	0.00658
20	0.01209	0.01197	0.03381	0.01221	0.01686	0.04614	0.20511	0.04729	0.05817	0.01765	0.01040	0.01218	0.00823	0.00439	0.00466	0.00117	0.00558	0.00415	0.00315	0.48479
21	0.01897	0.02401	0.01483	0.01343	0.01595	0.74890	0.01014	0.02030	0.01435	0.01273	0.00798	0.00951	0.00672	0.00559	0.00545	0.00140	0.05765	0.00343	0.00266	0.00602
22	0.01980	0.01459	0.01563	0.01198	0.01615	0.01615	0.00990	0.76713	0.02448	0.03282	0.01250	0.01250	0.00886	0.00625	0.00521	0.00156	0.00573	0.00469	0.00521	0.00886
23	0.01289	0.01237	0.02114	0.03196	0.78450	0.01237	0.01598	0.01598	0.01186	0.01701	0.00980	0.01289	0.00825	0.00464	0.00516	0.00155	0.00619	0.00464	0.00258	0.00825
24	0.00619	0.00528	0.00532	0.00531	0.00706	0.00441	0.00398	0.00754	0.01195	0.01426	0.07357	0.04980	0.76145	0.01312	0.00615	0.00176	0.00263	0.01095	0.00486	0.00441
25	0.00983	0.00926	0.01562	0.80447	0.03587	0.01157	0.01446	0.01331	0.01041	0.01331	0.00926	0.01388	0.00694	0.00521	0.00521	0.00174	0.00694	0.00463	0.00231	0.00579
26	0.01944	0.01589	0.01528	0.01209	0.01595	0.13234	0.00981	0.63837	0.02270	0.02938	0.01221	0.03029	0.00912	0.00635	0.00517	0.00154	0.00622	0.00472	0.00482	0.00833
27	0.01439	0.01081	0.01199	0.00986	0.01281	0.01171	0.00789	0.38945	0.13313	0.02696	0.28527	0.02285	0.02412	0.00792	0.00555	0.00162	0.00433	0.00654	0.00541	0.00737
28	0.00737	0.00532	0.00696	0.00655	0.00778	0.00491	0.00491	0.00983	0.01474	0.02088	0.78175	0.03890	0.04914	0.01065	0.00614	0.00164	0.00246	0.00942	0.00573	0.00491
29	0.02336	0.00886	0.01209	0.00927	0.01329	0.00765	0.00765	0.02538	0.01491	0.78810	0.02055	0.01773	0.01289	0.00645	0.00524	0.00161	0.00443	0.00524	0.00645	0.00886
30	0.00941	0.00847	0.01214	0.01101	0.01148	0.01121	0.00894	0.01091	0.00817	0.01231	0.01041	0.01595	0.00994	0.02415	0.40846	0.00534	0.40893	0.00507	0.00254	0.00517
31	0.01305	0.00951	0.01010	0.00900	0.01159	0.01060	0.00702	0.07465	0.46661	0.06195	0.01936	0.01885	0.01453	0.00669	0.00482	0.00159	0.00377	0.00548	0.24346	0.00736
32	0.00615	0.00528	0.00528	0.00528	0.00703	0.00440	0.00396	0.00747	0.01187	0.01407	0.05276	0.05012	0.78238	0.01319	0.00615	0.00176	0.00264	0.01099	0.00484	0.00440
33	0.02081	0.01297	0.01462	0.01121	0.01534	0.01374	0.00926	0.55702	0.02177	0.24676	0.01478	0.01398	0.01000	0.00631	0.00522	0.00158	0.00536	0.00484	0.00556	0.00886
34	0.01598	0.01583	0.01285	0.01150	0.01443	0.28895	0.00884	0.02508	0.45300	0.07280	0.01651	0.01577	0.01244	0.00642	0.00508	0.00161	0.00600	0.00495	0.00446	0.00751
35	0.00615	0.00528	0.00528	0.00528	0.00703	0.00440	0.00396	0.00747	0.01187	0.01407	0.05276	0.05012	0.78238	0.01319	0.00615	0.00176	0.00264	0.01099	0.00484	0.00440
36	0.02336	0.00886	0.01209	0.00927	0.01329	0.00765	0.00765	0.02538	0.01491	0.78810	0.02055	0.01773	0.01289	0.00645	0.00524	0.00161	0.00443	0.00524	0.00645	0.00886
37	0.08997	0.00871	0.01034	0.00908	0.01173	0.00877	0.00718	0.15757	0.05258	0.26037	0.02074	0.24464	0.01908	0.00971	0.00561	0.00181	0.00425	0.06563	0.00528	0.00691
38	0.01007	0.00826	0.00982	0.00936	0.01122	0.00947	0.00719	0.01823	0.39019	0.01704	0.01913	0.10480	0.01674	0.02070	0.31811	0.00441	0.00789	0.00672	0.00426	0.00639
39	0.01381	0.79452	0.05191	0.00910	0.01366	0.02033	0.00924	0.01562	0.01059	0.01239	0.00731	0.00844	0.00668	0.00447	0.00339	0.00113	0.00564	0.00282	0.00223	0.00672

[dist]
# distance from previous block
# <min> <max>
0	3

[block]
# block no. 3 follows, 47 sequences, length 14
# corresponding to MSA columns:
# 1533-1546
name=unknown_D
#
# <colnr> <probs for GDERKNQSTAVLIFYWHMCP>
#	G	D	E	R	K	N	Q	S	T	A	V	L	I	F	Y	W	H	M	C	P
0	0.17150	0.37117	0.01632	0.00770	0.01088	0.01372	0.00691	0.04800	0.01173	0.01785	0.15814	0.01584	0.01561	0.00600	0.00398	0.00134	0.00429	0.00442	0.10860	0.00601
1	0.00905	0.00452	0.00678	0.00678	0.00678	0.00452	0.00452	0.00678	0.00678	0.00905	0.00905	0.01583	0.00905	0.01809	0.02035	0.84848	0.00452	0.00452	0.00226	0.00226
2	0.01443	0.01090	0.01664	0.01290	0.01662	0.01089	0.22418	0.08874	0.21309	0.17352	0.05512	0.02137	0.10318	0.00698	0.00566	0.00171	0.00542	0.00647	0.00472	0.00748
3	0.01045	0.02694	0.79000	0.01484	0.02254	0.01209	0.01924	0.01649	0.01099	0.01649	0.00935	0.01099	0.00660	0.00495	0.00495	0.00165	0.00770	0.00385	0.00220	0.00770
4	0.00634	0.00453	0.00604	0.00725	0.00755	0.00423	0.00483	0.00725	0.00997	0.01329	0.02870	0.81358	0.03444	0.01632	0.00665	0.00211	0.00302	0.01480	0.00483	0.00423
5	0.00757	0.00505	0.00568	0.00568	0.00568	0.00505	0.00316	0.00757	0.00757	0.01010	0.01641	0.03408	0.01893	0.81698	0.02651	0.00505	0.00505	0.00757	0.00316	0.00316
6	0.04208	0.71056	0.02513	0.00892	0.01320	0.01923	0.00870	0.01531	0.01045	0.01295	0.00736	0.00863	0.00672	0.00459	0.00384	0.00115	0.03296	0.00287	0.00232	0.06303
7	0.00644	0.00529	0.00567	0.00558	0.00721	0.00452	0.00418	0.00803	0.01255	0.01567	0.22452	0.04747	0.60961	0.01259	0.00615	0.00173	0.00260	0.01062	0.00505	0.00452
8	0.00615	0.00528	0.00528	0.00528	0.00703	0.00440	0.00396	0.00747	0.01187	0.01407	0.05276	0.05012	0.78238	0.01319	0.00615	0.00176	0.00264	0.01099	0.00484	0.00440
9	0.00716	0.00531	0.00666	0.00633	0.00765	0.00482	0.00474	0.00941	0.01423	0.01968	0.65317	0.04088	0.17847	0.01109	0.00614	0.00166	0.00249	0.00970	0.00557	0.00482
10	0.01416	0.01313	0.02001	0.02870	0.66024	0.06481	0.01490	0.05056	0.01277	0.05564	0.01033	0.01288	0.00840	0.00485	0.00513	0.00154	0.00629	0.00459	0.00289	0.00816
11	0.00971	0.00485	0.00485	0.00485	0.00607	0.00485	0.00364	0.01213	0.01092	0.01942	0.01699	0.01942	0.01335	0.00607	0.00364	0.00121	0.00243	0.00485	0.84589	0.00485
12	0.00634	0.00453	0.00604	0.00725	0.00755	0.00423	0.00483	0.00725	0.00997	0.01329	0.02870	0.81358	0.03444	0.01632	0.00665	0.00211	0.00302	0.01480	0.00483	0.00423
13	0.46623	0.01150	0.01095	0.00892	0.01257	0.01277	0.00736	0.27861	0.01501	0.11578	0.01063	0.01095	0.00761	0.00552	0.00415	0.00159	0.00467	0.00375	0.00429	0.00714

[dist]
# distance from previous block
# <min> <max>
0	1

[block]
# block no. 4 follows, 47 sequences, length 20
# corresponding to MSA columns:
# 1548-1567
name=unknown_E
#
# <colnr> <probs for GDERKNQSTAVLIFYWHMCP>
#	G	D	E	R	K	N	Q	S	T	A	V	L	I	F	Y	W	H	M	C	P
0	0.85377	0.01007	0.00765	0.00685	0.01007	0.01168	0.00564	0.01531	0.00886	0.02336	0.00725	0.00846	0.00564	0.00483	0.00322	0.00161	0.00403	0.00282	0.00322	0.00564
1	0.01730	0.02030	0.01377	0.01248	0.01525	0.53654	0.00946	0.02307	0.26674	0.01574	0.01241	0.01272	0.00975	0.00593	0.00490	0.00148	0.00764	0.00419	0.00355	0.00677
2	0.01045	0.02694	0.79000	0.01484	0.02254	0.01209	0.01924	0.01649	0.01099	0.01649	0.00935	0.01099	0.00660	0.00495	0.00495	0.00165	0.00770	0.00385	0.00220	0.00770
3	0.01634	0.47317	0.02182	0.01088	0.01456	0.35890	0.00941	0.01786	0.01240	0.01247	0.00759	0.00881	0.00669	0.00485	0.00393	0.00121	0.00724	0.00303	0.00243	0.00640
4	0.01996	0.01433	0.01547	0.01186	0.01602	0.01577	0.00980	0.73370	0.02405	0.06687	0.01287	0.01274	0.00904	0.00626	0.00521	0.00157	0.00567	0.00471	0.00527	0.00886
5	0.00663	0.00529	0.00593	0.00577	0.00732	0.00460	0.00433	0.00839	0.01299	0.01672	0.33644	0.04575	0.49704	0.01220	0.00615	0.00171	0.00257	0.01038	0.00518	0.00460
6	0.01223	0.27942	0.01971	0.01209	0.01357	0.01749	0.01057	0.01355	0.00884	0.01244	0.00697	0.01039	0.00679	0.00757	0.01253	0.00189	0.54169	0.00397	0.00226	0.00602
7	0.85377	0.01007	0.00765	0.00685	0.01007	0.01168	0.00564	0.01531	0.00886	0.02336	0.00725	0.00846	0.00564	0.00483	0.00322	0.00161	0.00403	0.00282	0.00322	0.00564
8	0.02336	0.00886	0.01209	0.00927	0.01329	0.00765	0.00765	0.02538	0.01491	0.78810	0.02055	0.01773	0.01289	0.00645	0.00524	0.00161	0.00443	0.00524	0.00645	0.00886
9	0.00830	0.00593	0.00829	0.00949	0.01065	0.00592	0.00823	0.01063	0.01190	0.01548	0.02762	0.09208	0.03017	0.01447	0.00717	0.00239	0.00472	0.71700	0.00480	0.00477
10	0.01251	0.01343	0.02717	0.02566	0.30813	0.01287	0.48752	0.01642	0.01213	0.01680	0.01026	0.01362	0.00803	0.00448	0.00578	0.00168	0.00782	0.00559	0.00261	0.00748
11	0.00714	0.00531	0.00664	0.00631	0.00764	0.00482	0.00473	0.00938	0.01420	0.01959	0.64377	0.04102	0.18793	0.01113	0.00614	0.00166	0.00249	0.00972	0.00556	0.00482
12	0.00634	0.00453	0.00604	0.00725	0.00755	0.00423	0.00483	0.00725	0.00997	0.01329	0.02870	0.81358	0.03444	0.01632	0.00665	0.00211	0.00302	0.01480	0.00483	0.00423
13	0.01226	0.01094	0.02073	0.01545	0.01939	0.01030	0.41983	0.01655	0.07123	0.10876	0.14739	0.02239	0.08634	0.00670	0.00597	0.00172	0.00628	0.00701	0.00401	0.00674
14	0.01219	0.42404	0.40815	0.01187	0.01795	0.01636	0.01407	0.01604	0.01079	0.01437	0.00829	0.00967	0.00664	0.00470	0.00414	0.00138	0.00663	0.00332	0.00221	0.00719
15	0.00757	0.00505	0.00568	0.00568	0.00568	0.00505	0.00316	0.00757	0.00757	0.01010	0.01641	0.03408	0.01893	0.81698	0.02651	0.00505	0.00505	0.00757	0.00316	0.00316
16	0.01417	0.01185	0.01220	0.01053	0.01366	0.03458	0.00831	0.20386	0.50465	0.02350	0.02157	0.02024	0.08280	0.00737	0.00534	0.00170	0.00452	0.00599	0.00516	0.00798
17	0.00794	0.00561	0.00796	0.00816	0.00910	0.00613	0.00613	0.01001	0.03837	0.04245	0.01882	0.25395	0.01944	0.02989	0.50330	0.00602	0.00999	0.00830	0.00363	0.00482
18	0.01248	0.49043	0.34431	0.01138	0.01718	0.01707	0.01320	0.01597	0.01075	0.01401	0.00812	0.00945	0.00665	0.00466	0.00401	0.00134	0.00645	0.00323	0.00222	0.00710
19	0.00770	0.04716	0.13177	0.00830	0.01028	0.00649	0.00734	0.00999	0.01178	0.01632	0.27955	0.38564	0.03368	0.01203	0.00605	0.00183	0.00369	0.01067	0.00460	0.00513

[dist]
# distance from previous block
# <min> <max>
0	2

[block]
# block no. 5 follows, 47 sequences, length 48
# corresponding to MSA columns:
# 1570-1617
name=unknown_F
#
# <colnr> <probs for GDERKNQSTAVLIFYWHMCP>
#	G	D	E	R	K	N	Q	S	T	A	V	L	I	F	Y	W	H	M	C	P
0	0.01176	0.06773	0.27905	0.16144	0.31651	0.01259	0.03287	0.01583	0.01129	0.02912	0.00959	0.01225	0.00743	0.00486	0.00500	0.00159	0.00682	0.00430	0.00245	0.00751
1	0.01199	0.01329	0.02796	0.11992	0.06421	0.01301	0.61453	0.01611	0.01191	0.01616	0.01024	0.01390	0.00777	0.00464	0.00629	0.00176	0.03100	0.00584	0.00258	0.00689
2	0.00675	0.00530	0.00610	0.00590	0.00740	0.00465	0.00442	0.00862	0.01327	0.01739	0.40798	0.04465	0.42509	0.01195	0.00615	0.00170	0.00255	0.01022	0.00527	0.00465
3	0.16329	0.01067	0.01588	0.07396	0.41864	0.01090	0.01191	0.01662	0.01192	0.13510	0.07157	0.01494	0.01161	0.00546	0.00491	0.00159	0.00529	0.00478	0.00351	0.00745
4	0.01178	0.26866	0.45861	0.01327	0.01953	0.01483	0.06686	0.01687	0.05505	0.01551	0.00946	0.01088	0.00725	0.00488	0.00456	0.00150	0.00691	0.00380	0.00242	0.00737
5	0.00690	0.00496	0.00654	0.00687	0.00768	0.00460	0.00488	0.00864	0.01255	0.01739	0.43558	0.39502	0.04238	0.01325	0.00637	0.00186	0.00272	0.01189	0.00532	0.00460
6	0.60769	0.00971	0.00897	0.00756	0.01103	0.01049	0.00624	0.01829	0.01065	0.24998	0.01119	0.01121	0.00779	0.00531	0.00382	0.00161	0.00415	0.00354	0.00418	0.00659
7	0.01080	0.00926	0.01080	0.00771	0.01234	0.00694	0.00617	0.01311	0.01080	0.01697	0.00926	0.01080	0.00771	0.00386	0.00386	0.00077	0.00386	0.00309	0.00309	0.84882
8	0.00693	0.00513	0.00650	0.00675	0.00780	0.00470	0.00497	0.00873	0.01264	0.01708	0.37895	0.27181	0.17014	0.01303	0.00637	0.00185	0.00282	0.06394	0.00524	0.00461
9	0.00667	0.00530	0.00600	0.00582	0.00735	0.00462	0.00437	0.00848	0.01310	0.01698	0.36394	0.04533	0.46939	0.01210	0.00615	0.00171	0.00256	0.01032	0.00522	0.00462
10	0.00626	0.00487	0.00569	0.00634	0.00731	0.00431	0.00443	0.00735	0.01084	0.01365	0.03976	0.46262	0.37827	0.01488	0.00642	0.00195	0.00285	0.01305	0.00483	0.00431
11	0.01734	0.01277	0.01405	0.01061	0.01491	0.01307	0.00871	0.51266	0.02005	0.06333	0.01193	0.01225	0.00871	0.00556	0.00482	0.00133	0.00512	0.00425	0.00465	0.25390
12	0.01045	0.02694	0.79000	0.01484	0.02254	0.01209	0.01924	0.01649	0.01099	0.01649	0.00935	0.01099	0.00660	0.00495	0.00495	0.00165	0.00770	0.00385	0.00220	0.00770
13	0.00716	0.00531	0.00667	0.00633	0.00765	0.00482	0.00475	0.00942	0.01424	0.01971	0.65576	0.04084	0.17586	0.01109	0.00614	0.00166	0.00249	0.00969	0.00558	0.00482
14	0.00744	0.00558	0.00837	0.00837	0.00930	0.00651	0.00651	0.00930	0.00837	0.01209	0.01395	0.02046	0.01302	0.03906	0.79635	0.00837	0.01395	0.00558	0.00279	0.00465
15	0.00983	0.00926	0.01562	0.80447	0.03587	0.01157	0.01446	0.01331	0.01041	0.01331	0.00926	0.01388	0.00694	0.00521	0.00521	0.00174	0.00694	0.00463	0.00231	0.00579
16	0.00615	0.00528	0.00528	0.00528	0.00703	0.00440	0.00396	0.00747	0.01187	0.01407	0.05276	0.05012	0.78238	0.01319	0.00615	0.00176	0.00264	0.01099	0.00484	0.00440
17	0.00756	0.00510	0.00596	0.00596	0.00606	0.00520	0.00351	0.00776	0.00766	0.01031	0.01615	0.03264	0.01831	0.73480	0.10783	0.00540	0.00599	0.00736	0.00312	0.00331
18	0.01364	0.30517	0.17771	0.01070	0.01516	0.05260	0.01064	0.06146	0.19522	0.04262	0.01236	0.01279	0.00959	0.00549	0.00439	0.00144	0.00563	0.00408	0.05197	0.00732
19	0.02111	0.01248	0.01433	0.01098	0.01510	0.01303	0.00907	0.49455	0.02096	0.31037	0.01546	0.01442	0.01034	0.00632	0.00522	0.00158	0.00525	0.00489	0.00566	0.00886
20	0.01338	0.13930	0.48570	0.01349	0.01988	0.01263	0.06876	0.01795	0.01172	0.15303	0.01111	0.01202	0.00782	0.00510	0.00485	0.00157	0.00688	0.00410	0.00299	0.00771
21	0.01458	0.09409	0.02204	0.01656	0.05987	0.14666	0.31749	0.02007	0.16881	0.06846	0.01260	0.01398	0.00957	0.00526	0.00534	0.00160	0.00719	0.00515	0.00340	0.00726
22	0.01493	0.01649	0.01617	0.01342	0.01643	0.37066	0.17923	0.01721	0.01386	0.05971	0.11658	0.02038	0.06642	0.00695	0.00549	0.00158	0.00733	0.04751	0.00356	0.00609
23	0.00746	0.00551	0.00803	0.00803	0.00885	0.00633	0.00609	0.00908	0.00827	0.01184	0.01426	0.02216	0.01376	0.13621	0.70020	0.00795	0.01284	0.00583	0.00284	0.00446
24	0.01828	0.01573	0.01465	0.01195	0.01559	0.15793	0.00958	0.47380	0.18209	0.02681	0.01354	0.01341	0.00996	0.00626	0.00513	0.00157	0.00606	0.00470	0.00477	0.00821
25	0.00681	0.00530	0.00619	0.00596	0.00744	0.00468	0.00447	0.00875	0.01342	0.01775	0.44663	0.04406	0.38621	0.01182	0.00615	0.00169	0.00254	0.01014	0.00532	0.00468
26	0.01340	0.01218	0.01797	0.02421	0.50137	0.01281	0.01326	0.07289	0.23893	0.01955	0.01337	0.01480	0.01056	0.00547	0.00520	0.00161	0.00554	0.00501	0.00357	0.00829
27	0.01604	0.01050	0.01187	0.01020	0.01347	0.01138	0.00807	0.02699	0.54982	0.24887	0.02100	0.01892	0.01501	0.00688	0.00528	0.00172	0.00421	0.00569	0.00564	0.00843
28	0.00983	0.00926	0.01562	0.80447	0.03587	0.01157	0.01446	0.01331	0.01041	0.01331	0.00926	0.01388	0.00694	0.00521	0.00521	0.00174	0.00694	0.00463	0.00231	0.00579
29	0.01333	0.01074	0.01420	0.01615	0.24108	0.01128	0.01003	0.19975	0.14398	0.03984	0.22066	0.02101	0.02080	0.00710	0.00546	0.00161	0.00468	0.00616	0.00461	0.00751
30	0.01403	0.01022	0.01185	0.00998	0.01261	0.01137	0.00803	0.40722	0.01707	0.02351	0.01399	0.04826	0.01172	0.01870	0.29589	0.00406	0.00842	0.00544	0.06079	0.00685
31	0.02313	0.00925	0.01232	0.00945	0.01349	0.00822	0.00780	0.07521	0.01555	0.73736	0.02000	0.01737	0.01262	0.00643	0.00524	0.00161	0.00452	0.00520	0.00636	0.00886
32	0.00681	0.00530	0.00619	0.00596	0.00744	0.00468	0.00447	0.00875	0.01342	0.01775	0.44663	0.04406	0.38621	0.01182	0.00615	0.00169	0.00254	0.01014	0.00532	0.00468
33	0.01088	0.09157	0.36468	0.31329	0.07346	0.01278	0.01610	0.03079	0.01107	0.01527	0.00921	0.01199	0.00688	0.00501	0.00492	0.00162	0.00708	0.00411	0.00233	0.00694
34	0.00652	0.00560	0.00563	0.00556	0.00739	0.00486	0.00419	0.00857	0.05338	0.01449	0.05104	0.04845	0.74070	0.01286	0.00611	0.00176	0.00272	0.01071	0.00486	0.00461
35	0.00634	0.00453	0.00604	0.00725	0.00755	0.00423	0.00483	0.00725	0.00997	0.01329	0.02870	0.81358	0.03444	0.01632	0.00665	0.00211	0.00302	0.01480	0.00483	0.00423
36	0.01167	0.01157	0.01521	0.01991	0.36661	0.11890	0.01137	0.01397	0.01108	0.01459	0.01356	0.01709	0.06140	0.01568	0.24007	0.00358	0.03925	0.00516	0.00280	0.00652
37	0.01607	0.01160	0.01423	0.01148	0.04580	0.01141	0.04957	0.34235	0.01731	0.11505	0.01340	0.06656	0.01065	0.00610	0.00497	0.00139	0.00505	0.00505	0.00448	0.24749
38	0.00660	0.00498	0.00687	0.00762	0.00827	0.00461	0.03001	0.00772	0.01032	0.01357	0.03060	0.67773	0.11241	0.01552	0.00660	0.00208	0.00324	0.04213	0.00476	0.00436
39	0.00686	0.00475	0.00589	0.00659	0.00676	0.00458	0.00412	0.00739	0.00896	0.01194	0.02350	0.48382	0.02788	0.35504	0.01505	0.00336	0.00388	0.01175	0.00412	0.00378
40	0.01223	0.00929	0.01418	0.32305	0.15463	0.01024	0.01158	0.03708	0.07843	0.11935	0.01499	0.09411	0.01287	0.00837	0.03741	0.00202	0.00599	0.04384	0.00365	0.00668
41	0.01793	0.01263	0.01354	0.01063	0.01424	0.01384	0.00870	0.59061	0.04666	0.05214	0.01380	0.01408	0.00998	0.00625	0.00494	0.00151	0.00507	0.00477	0.15054	0.00814
42	0.00797	0.00565	0.00599	0.00570	0.00770	0.00474	0.00435	0.00937	0.01219	0.09584	0.04935	0.04670	0.70110	0.01248	0.00606	0.00174	0.00283	0.01038	0.00501	0.00487
43	0.03757	0.01733	0.01344	0.01150	0.01464	0.37933	0.00895	0.17409	0.04535	0.16251	0.01399	0.03620	0.03513	0.00638	0.00498	0.00149	0.00687	0.00467	0.01847	0.00709
44	0.03677	0.01023	0.01020	0.00929	0.01185	0.08493	0.00727	0.02005	0.32448	0.12365	0.06817	0.05890	0.14034	0.00885	0.00555	0.00175	0.00434	0.06153	0.00504	0.00682
45	0.01322	0.01496	0.01350	0.01221	0.01371	0.32607	0.05583	0.01457	0.01155	0.01310	0.01393	0.24478	0.01490	0.00941	0.00838	0.00182	0.20220	0.00716	0.00321	0.00549
46	0.00617	0.00523	0.00532	0.00539	0.00706	0.00439	0.00401	0.00746	0.01176	0.01402	0.05140	0.09320	0.74018	0.01337	0.00618	0.00178	0.00266	0.01121	0.00484	0.00439
47	0.03034	0.12846	0.28249	0.01160	0.01648	0.01301	0.01206	0.05083	0.25572	0.06428	0.01445	0.01598	0.01116	0.00611	0.00490	0.00162	0.00566	0.03967	0.00374	0.03145

[dist]
# distance from previous block
# <min> <max>
1	3

[block]
# block no. 6 follows, 47 sequences, length 38
# corresponding to MSA columns:
# 1621-1658
name=unknown_G
#
# <colnr> <probs for GDERKNQSTAVLIFYWHMCP>
#	G	D	E	R	K	N	Q	S	T	A	V	L	I	F	Y	W	H	M	C	P
0	0.01078	0.07660	0.69605	0.01489	0.02224	0.01270	0.06326	0.01645	0.01105	0.01623	0.00928	0.01101	0.00668	0.00488	0.00492	0.00162	0.00763	0.00392	0.00223	0.00759
1	0.01243	0.01365	0.02843	0.02435	0.20842	0.01298	0.58621	0.01651	0.01219	0.01676	0.01036	0.01377	0.00798	0.00445	0.00591	0.00171	0.00816	0.00579	0.00262	0.00732
2	0.05873	0.01158	0.01316	0.01026	0.01409	0.01200	0.00841	0.39727	0.03484	0.29858	0.01750	0.01676	0.05140	0.02407	0.00564	0.00167	0.00498	0.00522	0.00549	0.00834
3	0.07091	0.01244	0.01248	0.01042	0.01389	0.09767	0.00830	0.13819	0.29533	0.22926	0.01693	0.01580	0.01205	0.00633	0.00502	0.00160	0.00501	0.00495	0.00510	0.03832
4	0.00746	0.00557	0.00696	0.00764	0.00884	0.00527	0.00619	0.00916	0.01136	0.01438	0.03460	0.10139	0.27160	0.09774	0.00884	0.00245	0.00401	0.38744	0.00464	0.00446
5	0.00790	0.00549	0.00720	0.00802	0.00890	0.00534	0.00616	0.00972	0.03019	0.03496	0.04048	0.34458	0.06866	0.09822	0.00882	0.00248	0.00396	0.29960	0.00471	0.00458
6	0.01902	0.09656	0.01615	0.01262	0.01586	0.52183	0.00991	0.21334	0.01688	0.01789	0.00913	0.01010	0.00726	0.00551	0.00470	0.00138	0.00809	0.00365	0.00329	0.00683
7	0.01578	0.01186	0.01321	0.00992	0.01425	0.01158	0.00809	0.37730	0.03917	0.06061	0.01168	0.01219	0.00874	0.00522	0.00461	0.00122	0.00479	0.00404	0.00433	0.38140
8	0.00683	0.00551	0.00610	0.00592	0.00753	0.00489	0.00445	0.00903	0.04072	0.01673	0.30631	0.04508	0.49822	0.01208	0.00612	0.00172	0.00263	0.01025	0.00517	0.00472
9	0.00634	0.00453	0.00604	0.00725	0.00755	0.00423	0.00483	0.00725	0.00997	0.01329	0.02870	0.81358	0.03444	0.01632	0.00665	0.00211	0.00302	0.01480	0.00483	0.00423
10	0.01333	0.01293	0.01296	0.01044	0.01425	0.14402	0.04656	0.04577	0.24431	0.01826	0.01286	0.01341	0.01008	0.00520	0.00460	0.00125	0.00520	0.00420	0.00374	0.37663
11	0.01904	0.02068	0.01375	0.01225	0.01505	0.59838	0.00931	0.02104	0.04252	0.13043	0.05961	0.01289	0.01067	0.00593	0.00489	0.00142	0.00801	0.00412	0.00354	0.00647
12	0.00757	0.00505	0.00568	0.00568	0.00568	0.00505	0.00316	0.00757	0.00757	0.01010	0.01641	0.03408	0.01893	0.81698	0.02651	0.00505	0.00505	0.00757	0.00316	0.00316
13	0.00805	0.00575	0.00800	0.00920	0.01025	0.00570	0.00779	0.01020	0.01165	0.01520	0.02776	0.18538	0.03072	0.01471	0.00710	0.00235	0.00450	0.62620	0.00480	0.00470
14	0.01204	0.25134	0.32551	0.01542	0.02140	0.01489	0.25680	0.01629	0.01129	0.01533	0.00912	0.01122	0.00704	0.00463	0.00487	0.00153	0.00743	0.00428	0.00235	0.00719
15	0.01216	0.01163	0.01982	0.21681	0.60536	0.01218	0.01562	0.01534	0.01151	0.01613	0.00967	0.01313	0.00794	0.00478	0.00517	0.00159	0.00637	0.00464	0.00251	0.00766
16	0.00662	0.00473	0.00636	0.00757	0.00799	0.00447	0.00531	0.00773	0.01024	0.01360	0.02855	0.71220	0.03384	0.01606	0.00672	0.00215	0.00326	0.11347	0.00483	0.00431
17	0.00702	0.00543	0.00654	0.00700	0.00836	0.00494	0.00556	0.00877	0.01203	0.01524	0.12565	0.13317	0.38058	0.01361	0.00653	0.00198	0.00334	0.24474	0.00493	0.00456
18	0.01194	0.01671	0.26512	0.01370	0.01674	0.05366	0.03465	0.01486	0.00997	0.05514	0.02837	0.01254	0.00836	0.00823	0.03451	0.00214	0.39975	0.00450	0.00261	0.00651
19	0.42232	0.00796	0.00826	0.00779	0.00981	0.00934	0.00624	0.01235	0.00860	0.01763	0.01044	0.01429	0.00921	0.02135	0.38322	0.00487	0.03398	0.00420	0.00299	0.00517
20	0.00634	0.00453	0.00604	0.00725	0.00755	0.00423	0.00483	0.00725	0.00997	0.01329	0.02870	0.81358	0.03444	0.01632	0.00665	0.00211	0.00302	0.01480	0.00483	0.00423
21	0.01630	0.01214	0.01339	0.01108	0.01435	0.01362	0.00890	0.34426	0.31175	0.08620	0.01702	0.05663	0.01310	0.00725	0.00595	0.00171	0.04726	0.00571	0.00517	0.00822
22	0.01194	0.00682	0.00906	0.00888	0.01089	0.00651	0.00746	0.01483	0.05340	0.20138	0.12845	0.04364	0.07556	0.01152	0.00642	0.00203	0.00422	0.38570	0.00535	0.00594
23	0.01479	0.05832	0.01341	0.01033	0.01406	0.35282	0.00806	0.01690	0.02829	0.01498	0.00887	0.01023	0.00739	0.00461	0.00423	0.00106	0.00637	0.00324	0.00291	0.41913
24	0.04430	0.01802	0.01336	0.01147	0.01444	0.39655	0.00892	0.26596	0.01722	0.02070	0.01082	0.01188	0.00837	0.00575	0.00466	0.00140	0.00698	0.00400	0.12843	0.00678
25	0.81708	0.01002	0.00785	0.00696	0.01021	0.01150	0.00573	0.01575	0.00913	0.05715	0.00784	0.00887	0.00596	0.00491	0.00331	0.00161	0.00405	0.00293	0.00337	0.00578
26	0.01767	0.01066	0.01203	0.00927	0.01336	0.06317	0.00748	0.07204	0.06289	0.35647	0.01512	0.01441	0.01052	0.00547	0.00471	0.00130	0.00464	0.00434	0.00482	0.30963
27	0.25608	0.01047	0.01163	0.01012	0.01233	0.01263	0.00822	0.03838	0.21152	0.08266	0.02491	0.01408	0.01040	0.00846	0.04475	0.00215	0.22613	0.00459	0.00385	0.00664
28	0.01980	0.01459	0.01563	0.01198	0.01615	0.01615	0.00990	0.76713	0.02448	0.03282	0.01250	0.01250	0.00886	0.00625	0.00521	0.00156	0.00573	0.00469	0.00521	0.00886
29	0.01927	0.07031	0.01599	0.01242	0.01595	0.35935	0.00991	0.39119	0.01932	0.02269	0.01021	0.01087	0.00777	0.00575	0.00486	0.00144	0.00733	0.00398	0.00391	0.00748
30	0.00757	0.00505	0.00568	0.00568	0.00568	0.00505	0.00316	0.00757	0.00757	0.01010	0.01641	0.03408	0.01893	0.81698	0.02651	0.00505	0.00505	0.00757	0.00316	0.00316
31	0.01029	0.01022	0.01447	0.01240	0.01467	0.09978	0.19591	0.01249	0.01141	0.01470	0.01903	0.28987	0.02045	0.01045	0.00672	0.00189	0.04684	0.13740	0.00377	0.06723
32	0.00634	0.00453	0.00604	0.00725	0.00755	0.00423	0.00483	0.00725	0.00997	0.01329	0.02870	0.81358	0.03444	0.01632	0.00665	0.00211	0.00302	0.01480	0.00483	0.00423
33	0.01133	0.01078	0.01832	0.42589	0.40274	0.01196	0.01521	0.01462	0.01112	0.01512	0.00952	0.01340	0.00758	0.00493	0.00518	0.00164	0.00657	0.00463	0.00244	0.00699
34	0.01493	0.01217	0.01289	0.01100	0.01430	0.01388	0.00872	0.24126	0.55828	0.02497	0.01868	0.01743	0.01386	0.00683	0.00527	0.00171	0.00459	0.00554	0.00527	0.00842
35	0.01107	0.02271	0.54485	0.01760	0.05927	0.01240	0.22491	0.01652	0.01139	0.01657	0.00969	0.01192	0.00703	0.00478	0.00529	0.00167	0.00792	0.00452	0.00234	0.00754
36	0.00615	0.00528	0.00528	0.00528	0.00703	0.00440	0.00396	0.00747	0.01187	0.01407	0.05276	0.05012	0.78238	0.01319	0.00615	0.00176	0.00264	0.01099	0.00484	0.00440
37	0.00649	0.00516	0.00583	0.00593	0.00731	0.00450	0.00434	0.00803	0.01227	0.01565	0.23199	0.17538	0.47256	0.01307	0.00623	0.00179	0.00266	0.01124	0.00506	0.00450

[dist]
# distance from previous block
# <min> <max>
1	27

[block]
# block no. 7 follows, 47 sequences, length 47
# corresponding to MSA columns:
# 1686-1732
name=unknown_H
#
# <colnr> <probs for GDERKNQSTAVLIFYWHMCP>
#	G	D	E	R	K	N	Q	S	T	A	V	L	I	F	Y	W	H	M	C	P
0	0.00682	0.00518	0.00628	0.00625	0.00751	0.00464	0.00459	0.00867	0.01308	0.01751	0.43038	0.16344	0.28201	0.01235	0.00622	0.00175	0.00260	0.01076	0.00530	0.00464
1	0.00688	0.00476	0.00588	0.00657	0.00674	0.00459	0.00410	0.00739	0.00892	0.01190	0.02334	0.47332	0.02767	0.36582	0.01532	0.00340	0.00391	0.01165	0.00410	0.00376
2	0.01293	0.01158	0.01490	0.01772	0.27053	0.01276	0.01082	0.02378	0.52068	0.02019	0.01740	0.01725	0.01335	0.00626	0.00525	0.00169	0.00481	0.00547	0.00439	0.00824
3	0.00854	0.00709	0.01001	0.00938	0.00991	0.00886	0.00730	0.00990	0.00813	0.01189	0.01240	0.02020	0.01229	0.15801	0.45704	0.00616	0.22987	0.00563	0.00271	0.00469
4	0.00734	0.00525	0.00718	0.00831	0.00907	0.00508	0.00650	0.00901	0.01112	0.01469	0.06033	0.42808	0.03298	0.01517	0.00688	0.00223	0.00383	0.35757	0.00485	0.00452
5	0.00686	0.00532	0.00625	0.00606	0.00752	0.00471	0.00457	0.00881	0.01340	0.01774	0.44080	0.04434	0.37386	0.01186	0.00617	0.00171	0.00259	0.02744	0.00531	0.00468
6	0.01641	0.01393	0.01329	0.01112	0.01443	0.11527	0.00884	0.34213	0.29627	0.02506	0.01608	0.01571	0.02525	0.00655	0.00510	0.00159	0.00537	0.00508	0.05457	0.00795
