[name]
unknown

[dist]
# distance from previous block
# <min> <max>
0	51

[block]
# block no. 0 follows, 49 sequences, length 45
# corresponding to MSA columns:
# 53-97
name=unknown_A
#
# <colnr> <probs for GDERKNQSTAVLIFYWHMCP>
#	G	D	E	R	K	N	Q	S	T	A	V	L	I	F	Y	W	H	M	C	P
0	0.01009	0.00874	0.01116	0.01283	0.18215	0.05034	0.02475	0.06307	0.02859	0.03365	0.21626	0.06090	0.21596	0.00902	0.00559	0.00161	0.00414	0.03344	0.00430	0.02340
1	0.03321	0.01162	0.01952	0.05387	0.72078	0.01173	0.01480	0.01514	0.01126	0.01633	0.00965	0.01315	0.00826	0.03265	0.00567	0.00163	0.00594	0.00456	0.00253	0.00770
2	0.00735	0.00549	0.00794	0.00783	0.00877	0.00619	0.00597	0.00898	0.00813	0.01170	0.01364	0.02092	0.01306	0.11832	0.69404	0.00754	0.01231	0.00554	0.00276	0.03355
3	0.01257	0.01091	0.01184	0.01121	0.04773	0.01255	0.00834	0.02637	0.74736	0.02095	0.02009	0.01858	0.01511	0.00676	0.00514	0.00171	0.00409	0.00566	0.00503	0.00800
4	0.05415	0.39316	0.01965	0.00991	0.01382	0.06708	0.00878	0.27276	0.06594	0.01995	0.02488	0.01083	0.00855	0.00527	0.00411	0.00132	0.00548	0.00369	0.00348	0.00718
5	0.01309	0.01112	0.01172	0.01039	0.01334	0.01282	0.00813	0.08452	0.72312	0.02198	0.01993	0.01835	0.01491	0.00680	0.00514	0.00170	0.00412	0.00563	0.00514	0.00805
6	0.00603	0.00512	0.00519	0.00518	0.00686	0.00429	0.00388	0.00736	0.01165	0.01395	0.08302	0.04820	0.75672	0.01270	0.00598	0.00170	0.00255	0.01061	0.00473	0.00429
7	0.01849	0.02346	0.01437	0.04687	0.01645	0.76842	0.00995	0.01988	0.01415	0.01240	0.00787	0.00930	0.00652	0.00520	0.00458	0.00132	0.00902	0.00331	0.00259	0.00585
8	0.00616	0.00440	0.00587	0.00704	0.00733	0.00411	0.00469	0.00704	0.00968	0.01291	0.02787	0.81899	0.03344	0.01584	0.00645	0.00205	0.00293	0.01438	0.00469	0.00411
9	0.01049	0.00899	0.01049	0.00749	0.01198	0.00674	0.00599	0.01273	0.01049	0.01648	0.00899	0.01049	0.00749	0.00374	0.00374	0.00075	0.00374	0.00300	0.00300	0.85320
10	0.01182	0.01131	0.01928	0.21254	0.61464	0.01183	0.01518	0.01491	0.01119	0.01568	0.00939	0.01274	0.00771	0.00463	0.00502	0.00154	0.00618	0.00450	0.00244	0.00745
11	0.01278	0.01096	0.01155	0.01033	0.01323	0.01267	0.00805	0.04999	0.75815	0.02148	0.02032	0.01866	0.01522	0.00684	0.00514	0.00171	0.00405	0.00568	0.00514	0.00802
12	0.01219	0.01169	0.01995	0.11526	0.70903	0.01193	0.01536	0.01524	0.01136	0.01613	0.00946	0.01262	0.00787	0.00456	0.00501	0.00152	0.00609	0.00450	0.00248	0.00775
13	0.00735	0.00490	0.00552	0.00552	0.00552	0.00490	0.00306	0.00735	0.00735	0.00980	0.01593	0.03309	0.01838	0.82229	0.02574	0.00490	0.00490	0.00735	0.00306	0.00306
14	0.01100	0.00887	0.01044	0.00755	0.01193	0.00672	0.00603	0.01320	0.01067	0.05515	0.00996	0.02899	0.00832	0.00414	0.00387	0.00082	0.00375	0.00336	0.00320	0.79204
15	0.01938	0.01521	0.01286	0.01089	0.01414	0.31328	0.00854	0.06187	0.14222	0.32700	0.01500	0.01412	0.01050	0.00595	0.00489	0.00149	0.00616	0.00446	0.00461	0.00745
16	0.00955	0.00899	0.01517	0.81013	0.03483	0.01123	0.01404	0.01292	0.01011	0.01292	0.00899	0.01348	0.00674	0.00506	0.00506	0.00169	0.00674	0.00449	0.00225	0.00562
17	0.00619	0.00442	0.00590	0.00702	0.00734	0.00413	0.00470	0.00712	0.00983	0.01314	0.05185	0.79434	0.03389	0.01567	0.00644	0.00204	0.00292	0.01421	0.00472	0.00413
18	0.01795	0.01547	0.01399	0.01153	0.01498	0.19850	0.00919	0.39756	0.18005	0.06907	0.01335	0.01314	0.00977	0.00605	0.00496	0.00151	0.00600	0.00452	0.00457	0.00783
19	0.01853	0.00955	0.01415	0.01078	0.01459	0.00879	0.12068	0.07524	0.05092	0.49085	0.08922	0.01810	0.01478	0.00628	0.00526	0.00157	0.00481	0.00552	0.00540	0.03501
20	0.02751	0.03346	0.25419	0.01336	0.09530	0.06123	0.03543	0.01891	0.05505	0.25648	0.07319	0.01532	0.01220	0.00574	0.00496	0.00154	0.00574	0.00475	0.00395	0.02168
21	0.01305	0.01194	0.02058	0.02783	0.63177	0.01186	0.09342	0.01662	0.04598	0.06159	0.01068	0.01319	0.00857	0.00469	0.00512	0.00154	0.00608	0.00474	0.00284	0.00792
22	0.00967	0.00911	0.01538	0.77879	0.06524	0.01127	0.01410	0.01302	0.01017	0.01306	0.00901	0.01344	0.00679	0.00503	0.00505	0.00168	0.00671	0.00449	0.00226	0.00571
23	0.01332	0.05152	0.25236	0.01123	0.01561	0.04695	0.03354	0.10074	0.13723	0.13141	0.01747	0.08199	0.07049	0.00698	0.00511	0.00162	0.00551	0.00574	0.00398	0.00719
24	0.01077	0.04899	0.64901	0.01502	0.02199	0.01226	0.11412	0.04079	0.01125	0.01643	0.00926	0.01102	0.00664	0.00476	0.00491	0.00160	0.00748	0.00402	0.00229	0.00740
25	0.00841	0.00762	0.01286	0.01074	0.01289	0.00724	0.21111	0.01159	0.06708	0.01637	0.22155	0.26550	0.10507	0.01036	0.00605	0.00178	0.00433	0.00977	0.00438	0.00530
26	0.01023	0.02551	0.75651	0.01477	0.02212	0.01180	0.05761	0.01602	0.01074	0.01602	0.00913	0.01083	0.00647	0.00478	0.00486	0.00161	0.00753	0.00385	0.00216	0.00744
27	0.01058	0.07972	0.24659	0.40964	0.02734	0.03567	0.05961	0.01498	0.04156	0.01426	0.00936	0.01233	0.00702	0.00495	0.00488	0.00160	0.00692	0.00423	0.00235	0.00641
28	0.01207	0.01304	0.04752	0.05725	0.09101	0.10641	0.24892	0.07001	0.03679	0.01592	0.01372	0.13137	0.03570	0.00710	0.00668	0.00172	0.08883	0.00645	0.00313	0.00634
29	0.00639	0.00483	0.00593	0.00656	0.00737	0.00443	0.00457	0.00787	0.02868	0.01422	0.13032	0.51042	0.22156	0.01418	0.00624	0.00190	0.00280	0.01259	0.00482	0.00432
30	0.00759	0.00643	0.00951	0.32235	0.01808	0.00702	0.00823	0.00971	0.01076	0.01399	0.12241	0.26911	0.15475	0.01037	0.00576	0.00179	0.00430	0.00918	0.00384	0.00481
31	0.01256	0.06177	0.34339	0.01920	0.28860	0.03056	0.01518	0.03958	0.06081	0.06523	0.01059	0.01212	0.00800	0.00494	0.00483	0.00153	0.00641	0.00417	0.00281	0.00771
32	0.04372	0.08448	0.01607	0.01545	0.18507	0.11599	0.01042	0.17772	0.20300	0.01983	0.01205	0.01292	0.00944	0.00581	0.00563	0.00155	0.06531	0.00443	0.00367	0.00745
33	0.01101	0.00900	0.01332	0.01676	0.31002	0.00953	0.02732	0.02883	0.05885	0.01773	0.08750	0.01718	0.01371	0.00612	0.00588	0.00150	0.08837	0.00512	0.26584	0.00640
34	0.00650	0.00483	0.00548	0.00585	0.00654	0.00443	0.00384	0.00722	0.00955	0.01213	0.03214	0.28110	0.29645	0.28614	0.01277	0.00289	0.00346	0.01070	0.00415	0.00381
35	0.04894	0.01198	0.01305	0.01023	0.01397	0.06412	0.00836	0.35333	0.01835	0.34533	0.04942	0.01504	0.01171	0.00623	0.00501	0.00153	0.00508	0.00483	0.00535	0.00814
36	0.01275	0.01485	0.22758	0.01342	0.07905	0.03566	0.08918	0.12024	0.02959	0.09350	0.15082	0.01723	0.01539	0.01705	0.00542	0.00157	0.00569	0.00527	0.00377	0.06197
37	0.01315	0.00739	0.00902	0.00820	0.01024	0.00729	0.00623	0.13748	0.04849	0.21733	0.02179	0.36409	0.02113	0.01037	0.00552	0.00174	0.00370	0.00902	0.09161	0.00623
38	0.00722	0.00542	0.00813	0.00813	0.00903	0.00632	0.00632	0.00903	0.00813	0.01174	0.01354	0.01987	0.01264	0.03792	0.80225	0.00813	0.01354	0.00542	0.00271	0.00451
39	0.04960	0.03190	0.11982	0.03279	0.08045	0.08841	0.16236	0.17739	0.01454	0.14205	0.01154	0.01268	0.00833	0.00531	0.00527	0.00156	0.02434	0.00457	0.01968	0.00741
40	0.00797	0.00508	0.00760	0.00755	0.00805	0.00565	0.00557	0.00803	0.00745	0.01047	0.01135	0.01776	0.01086	0.02856	0.44862	0.37410	0.02436	0.00495	0.00248	0.00353
41	0.01387	0.01655	0.02553	0.01901	0.02343	0.23197	0.56058	0.01731	0.01260	0.01514	0.00956	0.01238	0.00735	0.00453	0.00558	0.00159	0.00869	0.00521	0.00257	0.00655
42	0.01039	0.03970	0.29034	0.35970	0.02725	0.01165	0.11763	0.01462	0.01058	0.03002	0.00949	0.01264	0.00705	0.00592	0.03057	0.00184	0.00737	0.00442	0.00234	0.00648
43	0.01226	0.01822	0.30183	0.06212	0.03538	0.06429	0.22480	0.07820	0.10633	0.01749	0.01093	0.01272	0.00809	0.00511	0.00538	0.00163	0.02041	0.00470	0.00290	0.00721
44	0.01458	0.01371	0.02715	0.15341	0.01911	0.19434	0.09965	0.01742	0.05171	0.14021	0.02472	0.01322	0.00889	0.00625	0.00772	0.00170	0.19197	0.00460	0.00322	0.00642

[dist]
# distance from previous block
# <min> <max>
2	8

[block]
# block no. 1 follows, 49 sequences, length 62
# corresponding to MSA columns:
# 117-134,141-184
name=unknown_B
#
# <colnr> <probs for GDERKNQSTAVLIFYWHMCP>
#	G	D	E	R	K	N	Q	S	T	A	V	L	I	F	Y	W	H	M	C	P
0	0.07098	0.06016	0.26876	0.01783	0.22537	0.01230	0.08757	0.05217	0.06235	0.03236	0.01106	0.01273	0.02523	0.00509	0.00502	0.00156	0.02022	0.00438	0.00284	0.02201
1	0.01270	0.06678	0.03864	0.01170	0.11270	0.09791	0.00847	0.03129	0.01148	0.05513	0.00937	0.01082	0.00761	0.00435	0.00434	0.00104	0.02024	0.00339	0.00300	0.48905
2	0.02955	0.09209	0.23746	0.01143	0.01596	0.01250	0.03208	0.04097	0.34263	0.11024	0.01518	0.01480	0.01109	0.00583	0.00484	0.00160	0.00532	0.00471	0.00402	0.00771
3	0.00733	0.00498	0.00590	0.00590	0.00603	0.00511	0.00354	0.00760	0.00747	0.01009	0.01558	0.03114	0.01754	0.70651	0.14036	0.00538	0.00618	0.00707	0.00301	0.00328
4	0.00675	0.00515	0.00619	0.00593	0.00730	0.00460	0.00445	0.00875	0.01334	0.01798	0.53198	0.04156	0.30525	0.01120	0.00597	0.00163	0.00245	0.00968	0.00526	0.00460
5	0.00616	0.00440	0.00587	0.00704	0.00733	0.00411	0.00469	0.00704	0.00968	0.01291	0.02787	0.81899	0.03344	0.01584	0.00645	0.00205	0.00293	0.01438	0.00469	0.00411
6	0.01106	0.01106	0.01549	0.01328	0.01328	0.01549	0.01106	0.01217	0.00774	0.01217	0.00664	0.01106	0.00664	0.00885	0.01659	0.00221	0.81303	0.00443	0.00221	0.00553
7	0.01352	0.82533	0.02650	0.00865	0.01298	0.02001	0.00865	0.01514	0.01027	0.01190	0.00703	0.00811	0.00649	0.00433	0.00324	0.00108	0.00541	0.00270	0.00216	0.00649
8	0.85801	0.00978	0.00743	0.00665	0.00978	0.01134	0.00548	0.01486	0.00861	0.02269	0.00704	0.00821	0.00548	0.00469	0.00313	0.00156	0.00391	0.00274	0.00313	0.00548
9	0.01049	0.00899	0.01049	0.00749	0.01198	0.00674	0.00599	0.01273	0.01049	0.01648	0.00899	0.01049	0.00749	0.00374	0.00374	0.00075	0.00374	0.00300	0.00300	0.85320
10	0.01049	0.00899	0.01049	0.00749	0.01198	0.00674	0.00599	0.01273	0.01049	0.01648	0.00899	0.01049	0.00749	0.00374	0.00374	0.00075	0.00374	0.00300	0.00300	0.85320
11	0.00722	0.00542	0.00813	0.00813	0.00903	0.00632	0.00632	0.00903	0.00813	0.01174	0.01354	0.01987	0.01264	0.03792	0.80225	0.00813	0.01354	0.00542	0.00271	0.00451
12	0.02269	0.00861	0.01174	0.00900	0.01291	0.00743	0.00743	0.02464	0.01447	0.79425	0.01995	0.01721	0.01252	0.00626	0.00509	0.00156	0.00430	0.00509	0.00626	0.00861
13	0.01889	0.02410	0.01433	0.01303	0.01563	0.80199	0.00977	0.02019	0.01433	0.01238	0.00782	0.00912	0.00651	0.00521	0.00456	0.00130	0.00912	0.00326	0.00261	0.00586
14	0.85801	0.00978	0.00743	0.00665	0.00978	0.01134	0.00548	0.01486	0.00861	0.02269	0.00704	0.00821	0.00548	0.00469	0.00313	0.00156	0.00391	0.00274	0.00313	0.00548
15	0.01265	0.44676	0.08198	0.01335	0.01798	0.03883	0.26352	0.01543	0.01095	0.01367	0.00897	0.03772	0.00779	0.00476	0.00441	0.00137	0.00662	0.00428	0.00239	0.00657
16	0.00616	0.00440	0.00587	0.00704	0.00733	0.00411	0.00469	0.00704	0.00968	0.01291	0.02787	0.81899	0.03344	0.01584	0.00645	0.00205	0.00293	0.01438	0.00469	0.00411
17	0.01106	0.01106	0.01549	0.01328	0.01328	0.01549	0.01106	0.01217	0.00774	0.01217	0.00664	0.01106	0.00664	0.00885	0.01659	0.00221	0.81303	0.00443	0.00221	0.00553
18	0.00815	0.00582	0.00815	0.00931	0.01048	0.00582	0.00815	0.01048	0.01164	0.01513	0.02677	0.05704	0.02910	0.01397	0.00698	0.00233	0.00466	0.75671	0.00466	0.00466
19	0.85801	0.00978	0.00743	0.00665	0.00978	0.01134	0.00548	0.01486	0.00861	0.02269	0.00704	0.00821	0.00548	0.00469	0.00313	0.00156	0.00391	0.00274	0.00313	0.00548
20	0.01106	0.01106	0.01549	0.01328	0.01328	0.01549	0.01106	0.01217	0.00774	0.01217	0.00664	0.01106	0.00664	0.00885	0.01659	0.00221	0.81303	0.00443	0.00221	0.00553
21	0.02260	0.00874	0.01182	0.00906	0.01298	0.00763	0.00748	0.04266	0.01470	0.77592	0.01976	0.01709	0.01242	0.00625	0.00508	0.00156	0.00433	0.00507	0.00623	0.00861
22	0.00709	0.00517	0.00667	0.00629	0.00751	0.00474	0.00472	0.00941	0.01415	0.01990	0.74596	0.03840	0.09007	0.01048	0.00596	0.00160	0.00240	0.00923	0.00552	0.00474
23	0.01889	0.02410	0.01433	0.01303	0.01563	0.80199	0.00977	0.02019	0.01433	0.01238	0.00782	0.00912	0.00651	0.00521	0.00456	0.00130	0.00912	0.00326	0.00261	0.00586
24	0.01252	0.01201	0.02053	0.03104	0.79074	0.01201	0.01552	0.01552	0.01151	0.01652	0.00951	0.01252	0.00801	0.00451	0.00501	0.00150	0.00601	0.00451	0.00250	0.00801
25	0.00601	0.00511	0.00518	0.00519	0.00686	0.00428	0.00388	0.00730	0.01155	0.01379	0.06688	0.06558	0.75561	0.01282	0.00599	0.00171	0.00257	0.01072	0.00471	0.00428
26	0.00616	0.00440	0.00587	0.00704	0.00733	0.00411	0.00469	0.00704	0.00968	0.01291	0.02787	0.81899	0.03344	0.01584	0.00645	0.00205	0.00293	0.01438	0.00469	0.00411
27	0.01252	0.01201	0.02053	0.03104	0.79074	0.01201	0.01552	0.01552	0.01151	0.01652	0.00951	0.01252	0.00801	0.00451	0.00501	0.00150	0.00601	0.00451	0.00250	0.00801
28	0.01352	0.82533	0.02650	0.00865	0.01298	0.02001	0.00865	0.01514	0.01027	0.01190	0.00703	0.00811	0.00649	0.00433	0.00324	0.00108	0.00541	0.00270	0.00216	0.00649
29	0.00606	0.00492	0.00537	0.00570	0.00699	0.00423	0.00411	0.00725	0.01106	0.01359	0.06103	0.26837	0.55649	0.01362	0.00611	0.00180	0.00266	0.01170	0.00471	0.00423
30	0.01007	0.00868	0.00904	0.00833	0.01075	0.00942	0.00642	0.01942	0.48894	0.01831	0.03223	0.03019	0.30931	0.00912	0.00546	0.00171	0.00345	0.00760	0.00497	0.00658
31	0.00615	0.00454	0.00576	0.00669	0.00725	0.00415	0.00455	0.00713	0.01011	0.01320	0.04839	0.66691	0.16631	0.01519	0.00636	0.00198	0.00286	0.01361	0.00471	0.00415
32	0.01062	0.01008	0.01710	0.52901	0.30759	0.01152	0.01458	0.01386	0.01062	0.01422	0.00918	0.01313	0.00720	0.00486	0.00504	0.00162	0.00648	0.00450	0.00234	0.00648
33	0.01251	0.03940	0.04910	0.01680	0.02008	0.03024	0.37133	0.09209	0.01168	0.01621	0.00902	0.01225	0.00731	0.00604	0.00932	0.00183	0.28051	0.00507	0.00267	0.00656
34	0.01129	0.01124	0.01771	0.33455	0.26036	0.04593	0.05904	0.01407	0.01036	0.01405	0.00871	0.01254	0.00715	0.00559	0.00734	0.00172	0.16507	0.00452	0.00235	0.00641
35	0.00694	0.00529	0.00642	0.00626	0.00763	0.00482	0.00477	0.00919	0.02802	0.01778	0.48186	0.05692	0.27391	0.01137	0.00603	0.00169	0.00263	0.05860	0.00521	0.00466
36	0.01151	0.00640	0.00789	0.00702	0.00924	0.00572	0.00554	0.01383	0.04186	0.24209	0.23764	0.03601	0.29048	0.01009	0.00574	0.00167	0.00320	0.05283	0.00540	0.00582
37	0.03156	0.01155	0.01566	0.18770	0.08493	0.01402	0.02690	0.22164	0.05424	0.01887	0.00972	0.01241	0.00778	0.00661	0.00883	0.00180	0.27128	0.00455	0.00321	0.00676
38	0.83339	0.03355	0.00799	0.00671	0.00987	0.01160	0.00557	0.01487	0.00865	0.02237	0.00704	0.00821	0.00551	0.00468	0.00313	0.00155	0.00396	0.00274	0.00310	0.00551
39	0.01213	0.01230	0.02187	0.08314	0.04406	0.01292	0.39874	0.04771	0.20851	0.01747	0.01252	0.01465	0.00954	0.00546	0.00652	0.00174	0.07490	0.00555	0.00326	0.00702
40	0.02709	0.01155	0.03545	0.32255	0.26230	0.01192	0.22581	0.01472	0.01103	0.01517	0.00946	0.01308	0.00736	0.00466	0.00525	0.00163	0.00698	0.00486	0.00243	0.00671
41	0.00709	0.00517	0.00666	0.00629	0.00751	0.00474	0.00472	0.00941	0.01415	0.01990	0.74550	0.03840	0.09053	0.01048	0.00596	0.00160	0.00240	0.00923	0.00552	0.00474
42	0.01429	0.04254	0.01538	0.01303	0.01421	0.33192	0.01047	0.01549	0.01047	0.01224	0.00712	0.01019	0.00658	0.00724	0.01132	0.00181	0.46371	0.00390	0.00237	0.00570
43	0.00722	0.00542	0.00813	0.00813	0.00903	0.00632	0.00632	0.00903	0.00813	0.01174	0.01354	0.01987	0.01264	0.03792	0.80225	0.00813	0.01354	0.00542	0.00271	0.00451
44	0.00705	0.00579	0.00720	0.03449	0.04595	0.00544	0.00536	0.00893	0.01249	0.01642	0.34596	0.04010	0.39834	0.01101	0.00623	0.00167	0.02869	0.00935	0.00478	0.00474
45	0.01049	0.00899	0.01049	0.00749	0.01198	0.00674	0.00599	0.01273	0.01049	0.01648	0.00899	0.01049	0.00749	0.00374	0.00374	0.00075	0.00374	0.00300	0.00300	0.85320
46	0.85801	0.00978	0.00743	0.00665	0.00978	0.01134	0.00548	0.01486	0.00861	0.02269	0.00704	0.00821	0.00548	0.00469	0.00313	0.00156	0.00391	0.00274	0.00313	0.00548
47	0.00878	0.00439	0.00659	0.00659	0.00659	0.00439	0.00439	0.00659	0.00659	0.00878	0.00878	0.01537	0.00878	0.01757	0.01976	0.85288	0.00439	0.00439	0.00220	0.00220
48	0.01455	0.81224	0.02697	0.00938	0.01374	0.02043	0.00908	0.01586	0.01096	0.01295	0.00815	0.00965	0.00753	0.00506	0.00373	0.00129	0.00576	0.00308	0.00254	0.00704
49	0.00943	0.00471	0.00471	0.00471	0.00589	0.00471	0.00353	0.01178	0.01060	0.01885	0.01650	0.01885	0.01296	0.00589	0.00353	0.00118	0.00236	0.00471	0.85036	0.00471
50	0.01106	0.01106	0.01549	0.01328	0.01328	0.01549	0.01106	0.01217	0.00774	0.01217	0.00664	0.01106	0.00664	0.00885	0.01659	0.00221	0.81303	0.00443	0.00221	0.00553
51	0.85801	0.00978	0.00743	0.00665	0.00978	0.01134	0.00548	0.01486	0.00861	0.02269	0.00704	0.00821	0.00548	0.00469	0.00313	0.00156	0.00391	0.00274	0.00313	0.00548
52	0.00616	0.00440	0.00587	0.00704	0.00733	0.00411	0.00469	0.00704	0.00968	0.01291	0.02787	0.81899	0.03344	0.01584	0.00645	0.00205	0.00293	0.01438	0.00469	0.00411
53	0.01049	0.00899	0.01049	0.00749	0.01198	0.00674	0.00599	0.01273	0.01049	0.01648	0.00899	0.01049	0.00749	0.00374	0.00374	0.00075	0.00374	0.00300	0.00300	0.85320
54	0.00598	0.00512	0.00512	0.00512	0.00683	0.00427	0.00384	0.00726	0.01153	0.01366	0.05123	0.04866	0.78869	0.01281	0.00598	0.00171	0.00256	0.01067	0.00470	0.00427
55	0.01014	0.02616	0.79609	0.01441	0.02189	0.01174	0.01868	0.01601	0.01068	0.01601	0.00907	0.01068	0.00641	0.00480	0.00480	0.00160	0.00747	0.00374	0.00214	0.00747
56	0.00616	0.00440	0.00587	0.00704	0.00733	0.00411	0.00469	0.00704	0.00968	0.01291	0.02787	0.81899	0.03344	0.01584	0.00645	0.00205	0.00293	0.01438	0.00469	0.00411
57	0.01252	0.01201	0.02053	0.03104	0.79074	0.01201	0.01552	0.01552	0.01151	0.01652	0.00951	0.01252	0.00801	0.00451	0.00501	0.00150	0.00601	0.00451	0.00250	0.00801
58	0.02269	0.00861	0.01174	0.00900	0.01291	0.00743	0.00743	0.02464	0.01447	0.79425	0.01995	0.01721	0.01252	0.00626	0.00509	0.00156	0.00430	0.00509	0.00626	0.00861
59	0.00942	0.00757	0.00869	0.00874	0.01031	0.00823	0.00651	0.03149	0.35352	0.01711	0.02424	0.39374	0.02463	0.01152	0.00588	0.00191	0.00358	0.06206	0.00490	0.00597
60	0.04062	0.01639	0.23710	0.01232	0.04131	0.04073	0.01172	0.27914	0.07071	0.18012	0.01307	0.01302	0.00907	0.00568	0.00492	0.00156	0.00584	0.00441	0.00425	0.00803
61	0.04677	0.02718	0.01232	0.00965	0.01323	0.05774	0.00784	0.11639	0.14466	0.46538	0.01745	0.01586	0.01174	0.00642	0.00526	0.01903	0.00471	0.00488	0.00543	0.00806

[dist]
# distance from previous block
# <min> <max>
2	15

[block]
# block no. 2 follows, 49 sequences, length 37
# corresponding to MSA columns:
# 200-215,233-253
name=unknown_C
#
# <colnr> <probs for GDERKNQSTAVLIFYWHMCP>
#	G	D	E	R	K	N	Q	S	T	A	V	L	I	F	Y	W	H	M	C	P
0	0.18378	0.10323	0.13390	0.09885	0.01603	0.06874	0.01006	0.03559	0.06761	0.05976	0.01175	0.03069	0.02534	0.00616	0.00542	0.00160	0.06979	0.03858	0.00316	0.02997
1	0.01191	0.03909	0.02267	0.05285	0.14235	0.05091	0.40453	0.03387	0.05399	0.01636	0.04119	0.06059	0.01162	0.00573	0.00561	0.00166	0.00701	0.02830	0.00302	0.00671
2	0.01575	0.23662	0.01707	0.01062	0.01421	0.16409	0.00887	0.22425	0.19195	0.01970	0.01175	0.01195	0.00916	0.00553	0.00444	0.00137	0.00576	0.00401	0.00375	0.03915
3	0.01774	0.00929	0.03993	0.00862	0.01279	0.00729	0.00729	0.01995	0.01299	0.48502	0.03507	0.01523	0.01148	0.00546	0.00465	0.00129	0.00418	0.00444	0.00499	0.29228
4	0.00847	0.00736	0.00881	0.02271	0.01010	0.06713	0.04519	0.00988	0.01063	0.03183	0.06544	0.38455	0.14045	0.03126	0.04362	0.00216	0.04230	0.01016	0.00412	0.05384
5	0.01147	0.09265	0.36730	0.01455	0.08813	0.01227	0.08751	0.09400	0.02745	0.01741	0.03794	0.01475	0.05894	0.00568	0.00521	0.00156	0.02730	0.00472	0.02406	0.00708
6	0.00611	0.00513	0.00530	0.00526	0.00691	0.00432	0.00395	0.00751	0.01184	0.01440	0.13308	0.04745	0.70638	0.01253	0.00598	0.00169	0.00254	0.01050	0.00479	0.00432
7	0.00955	0.00899	0.01517	0.81013	0.03483	0.01123	0.01404	0.01292	0.01011	0.01292	0.00899	0.01348	0.00674	0.00506	0.00506	0.00169	0.00674	0.00449	0.00225	0.00562
8	0.01366	0.05087	0.09121	0.01819	0.14491	0.20397	0.26047	0.03115	0.04298	0.01553	0.00980	0.01211	0.00775	0.00497	0.00557	0.00154	0.04214	0.00459	0.03180	0.00678
9	0.01168	0.01076	0.01625	0.11271	0.43006	0.01145	0.01242	0.01764	0.22067	0.01710	0.01449	0.06037	0.02997	0.00604	0.00515	0.00162	0.00529	0.00553	0.00337	0.00743
10	0.02050	0.01136	0.01330	0.01023	0.01413	0.01161	0.00844	0.41137	0.01916	0.37729	0.01581	0.01464	0.01051	0.00615	0.00503	0.00153	0.00490	0.00480	0.03074	0.00849
11	0.00965	0.00900	0.01513	0.76644	0.06023	0.01112	0.01387	0.01299	0.01017	0.01317	0.00916	0.01356	0.00691	0.00505	0.00502	0.00167	0.00662	0.00450	0.02004	0.00568
12	0.01506	0.08220	0.04441	0.12103	0.23533	0.01237	0.10762	0.13331	0.01370	0.16802	0.01172	0.01319	0.00858	0.00512	0.00500	0.00153	0.00602	0.00463	0.00355	0.00761
13	0.00735	0.00492	0.00558	0.00558	0.00560	0.00494	0.00315	0.00740	0.00737	0.00985	0.01587	0.03276	0.01824	0.80239	0.04543	0.00498	0.00512	0.00730	0.00306	0.00310
14	0.02212	0.00848	0.01155	0.00890	0.01271	0.00733	0.00733	0.02409	0.01447	0.76588	0.04810	0.01796	0.01381	0.00641	0.00512	0.00157	0.00423	0.00523	0.00623	0.00847
15	0.00710	0.00516	0.00657	0.00735	0.00800	0.00501	0.00513	0.04310	0.03583	0.01429	0.04714	0.66835	0.05754	0.01481	0.00654	0.01462	0.00315	0.04116	0.00471	0.00446
16	0.04363	0.22741	0.47237	0.01329	0.04529	0.06890	0.03226	0.01603	0.01081	0.01499	0.00843	0.00996	0.00648	0.00468	0.00436	0.00145	0.00690	0.00348	0.00223	0.00704
17	0.01883	0.00947	0.01162	0.00949	0.01300	0.00940	0.00765	0.02549	0.30719	0.49925	0.02019	0.01784	0.01363	0.00649	0.00511	0.00162	0.00419	0.00533	0.00583	0.00838
18	0.00626	0.00518	0.00553	0.00566	0.00726	0.00445	0.00435	0.00770	0.01163	0.01411	0.08315	0.06702	0.65679	0.01288	0.00609	0.00177	0.00278	0.08831	0.00473	0.00433
19	0.03244	0.03052	0.21971	0.05145	0.12397	0.01098	0.11406	0.03482	0.09918	0.14801	0.04560	0.01532	0.01105	0.03355	0.00579	0.00171	0.00599	0.00495	0.00355	0.00732
20	0.01376	0.01212	0.01715	0.22850	0.33303	0.03990	0.01308	0.23026	0.01470	0.01973	0.01037	0.02591	0.00822	0.00531	0.00504	0.00156	0.00613	0.00464	0.00320	0.00741
21	0.01194	0.01364	0.02984	0.02131	0.02643	0.01279	0.77238	0.01620	0.01194	0.01620	0.01023	0.01364	0.00767	0.00426	0.00597	0.00171	0.00853	0.00597	0.00256	0.00682
22	0.01201	0.01154	0.01984	0.11417	0.66617	0.01175	0.03759	0.01504	0.01133	0.01603	0.00995	0.03356	0.00852	0.00485	0.00508	0.00154	0.00608	0.00480	0.00253	0.00762
23	0.01431	0.11995	0.18827	0.01561	0.15280	0.16379	0.05238	0.05216	0.05008	0.08538	0.01152	0.01266	0.02983	0.00535	0.00501	0.00148	0.02501	0.00423	0.00304	0.00714
24	0.17383	0.04410	0.45033	0.01257	0.01841	0.01242	0.05293	0.12519	0.01232	0.03967	0.00941	0.01066	0.00677	0.00496	0.00454	0.00157	0.00643	0.00378	0.00288	0.00722
25	0.00735	0.00490	0.00552	0.00552	0.00552	0.00490	0.00306	0.00735	0.00735	0.00980	0.01593	0.03309	0.01838	0.82229	0.02574	0.00490	0.00490	0.00735	0.00306	0.00306
26	0.01141	0.01748	0.36903	0.28993	0.02481	0.01197	0.01506	0.13966	0.01264	0.01765	0.00980	0.01217	0.00711	0.00514	0.00489	0.00160	0.00673	0.00417	0.03183	0.00692
27	0.01800	0.01328	0.01518	0.01190	0.02662	0.02533	0.05188	0.61777	0.02125	0.06139	0.01254	0.01325	0.00913	0.02366	0.02190	0.00172	0.00576	0.00472	0.03661	0.00811
28	0.00878	0.00439	0.00659	0.00659	0.00659	0.00439	0.00439	0.00659	0.00659	0.00878	0.00878	0.01537	0.00878	0.01757	0.01976	0.85288	0.00439	0.00439	0.00220	0.00220
29	0.85801	0.00978	0.00743	0.00665	0.00978	0.01134	0.00548	0.01486	0.00861	0.02269	0.00704	0.00821	0.00548	0.00469	0.00313	0.00156	0.00391	0.00274	0.00313	0.00548
30	0.00655	0.00514	0.00591	0.00572	0.00718	0.00451	0.00429	0.00836	0.01287	0.01685	0.40690	0.04341	0.43102	0.01161	0.00597	0.00165	0.00248	0.00993	0.00512	0.00451
31	0.00891	0.00718	0.00823	0.00835	0.00979	0.00772	0.00608	0.01553	0.33706	0.01664	0.04799	0.43656	0.04591	0.01179	0.00587	0.00189	0.00336	0.01045	0.00491	0.00578
32	0.33980	0.00992	0.01063	0.00851	0.01215	0.01020	0.00703	0.13734	0.01369	0.38239	0.01383	0.01300	0.00923	0.00563	0.00434	0.00156	0.00435	0.00411	0.00488	0.00741
33	0.01801	0.26791	0.01775	0.01066	0.01429	0.27421	0.00895	0.14634	0.01469	0.16600	0.01064	0.01087	0.00801	0.00528	0.00434	0.00132	0.00644	0.00366	0.00358	0.00705
34	0.00878	0.00439	0.00659	0.00659	0.00659	0.00439	0.00439	0.00659	0.00659	0.00878	0.00878	0.01537	0.00878	0.01757	0.01976	0.85288	0.00439	0.00439	0.00220	0.00220
35	0.01398	0.03333	0.02948	0.03517	0.06483	0.16437	0.25888	0.11937	0.03522	0.04036	0.03818	0.06860	0.01097	0.00616	0.00607	0.00162	0.05786	0.00558	0.00329	0.00667
36	0.01361	0.28496	0.04482	0.04385	0.19836	0.11192	0.01057	0.08629	0.01248	0.01577	0.02734	0.01178	0.02609	0.00496	0.00428	0.00128	0.00584	0.00383	0.00279	0.08917

[dist]
# distance from previous block
# <min> <max>
0	2

[block]
# block no. 3 follows, 49 sequences, length 69
# corresponding to MSA columns:
# 256-302,307-310,320,321,327-342
name=unknown_D
#
# <colnr> <probs for GDERKNQSTAVLIFYWHMCP>
#	G	D	E	R	K	N	Q	S	T	A	V	L	I	F	Y	W	H	M	C	P
0	0.01326	0.20585	0.19903	0.06226	0.08717	0.09613	0.06225	0.09236	0.07042	0.01636	0.00965	0.01123	0.00759	0.00514	0.00508	0.00148	0.04097	0.00397	0.00278	0.00704
1	0.25019	0.10046	0.02925	0.03206	0.10076	0.15010	0.07730	0.07421	0.01161	0.01770	0.00857	0.01055	0.00697	0.00607	0.02772	0.00170	0.06394	0.00375	0.02079	0.00629
2	0.00753	0.00566	0.00648	0.00637	0.00780	0.00549	0.00477	0.02996	0.06399	0.01512	0.10449	0.10119	0.36987	0.01518	0.10932	0.05322	0.00427	0.00878	0.07589	0.00462
3	0.00722	0.00542	0.00813	0.00813	0.00903	0.00632	0.00632	0.00903	0.00813	0.01174	0.01354	0.01987	0.01264	0.03792	0.80225	0.00813	0.01354	0.00542	0.00271	0.00451
4	0.00849	0.00711	0.01093	0.33505	0.04724	0.00804	0.00979	0.01123	0.03547	0.01372	0.01838	0.22063	0.01918	0.03007	0.02774	0.00217	0.00536	0.18077	0.00354	0.00510
5	0.01353	0.01134	0.01197	0.01048	0.01351	0.01302	0.00823	0.13392	0.67301	0.02269	0.01937	0.01790	0.01446	0.00675	0.00513	0.00169	0.00423	0.00555	0.00513	0.00809
6	0.00696	0.00480	0.00586	0.00638	0.00662	0.00468	0.00410	0.00750	0.00863	0.01145	0.02180	0.32211	0.03790	0.44674	0.01680	0.00359	0.00412	0.07256	0.00382	0.00360
7	0.01328	0.35848	0.02329	0.11686	0.04609	0.12963	0.17838	0.01569	0.01113	0.01322	0.00817	0.01046	0.00685	0.00475	0.00496	0.00140	0.04479	0.00388	0.00234	0.00637
8	0.01125	0.00935	0.01163	0.01023	0.09647	0.00768	0.00718	0.05319	0.01162	0.03534	0.05589	0.01257	0.01012	0.00440	0.00411	0.00094	0.00402	0.00366	0.00328	0.64708
9	0.12525	0.17154	0.21959	0.05260	0.01668	0.12719	0.01126	0.09463	0.03129	0.09121	0.00986	0.01076	0.00736	0.00509	0.00433	0.00145	0.00623	0.00364	0.00311	0.00693
10	0.00730	0.00513	0.00667	0.00667	0.00707	0.00553	0.00450	0.00809	0.00770	0.01066	0.01488	0.02724	0.01585	0.47553	0.36903	0.00633	0.00872	0.00650	0.00291	0.00371
11	0.00600	0.00511	0.00517	0.00519	0.00686	0.00428	0.00388	0.00730	0.01154	0.01378	0.06581	0.06494	0.75735	0.01282	0.00599	0.00171	0.00257	0.01072	0.00471	0.00428
12	0.04471	0.00930	0.04991	0.12035	0.09883	0.00880	0.00881	0.11238	0.01368	0.14190	0.17091	0.04544	0.09632	0.00748	0.00521	0.00158	0.00443	0.00634	0.04719	0.00643
13	0.01892	0.01908	0.06128	0.01337	0.07383	0.47754	0.01010	0.02080	0.01394	0.22650	0.01133	0.01168	0.00826	0.00542	0.00475	0.00141	0.00747	0.00388	0.00357	0.00687
14	0.01194	0.01364	0.02984	0.02131	0.02643	0.01279	0.77238	0.01620	0.01194	0.01620	0.01023	0.01364	0.00767	0.00426	0.00597	0.00171	0.00853	0.00597	0.00256	0.00682
15	0.00616	0.00440	0.00587	0.00704	0.00733	0.00411	0.00469	0.00704	0.00968	0.01291	0.02787	0.81899	0.03344	0.01584	0.00645	0.00205	0.00293	0.01438	0.00469	0.00411
16	0.01202	0.01361	0.05354	0.21038	0.11156	0.11037	0.25236	0.01505	0.01099	0.01424	0.00896	0.01246	0.00716	0.00555	0.00720	0.01913	0.12196	0.00476	0.00241	0.00630
17	0.00725	0.00538	0.00781	0.00859	0.00945	0.00519	0.03684	0.00889	0.01062	0.01400	0.02669	0.45795	0.03054	0.01457	0.00666	0.00216	0.00390	0.33445	0.00459	0.00445
18	0.00735	0.00490	0.00552	0.00552	0.00552	0.00490	0.00306	0.00735	0.00735	0.00980	0.01593	0.03309	0.01838	0.82229	0.02574	0.00490	0.00490	0.00735	0.00306	0.00306
19	0.00876	0.00767	0.01030	0.03269	0.01115	0.03997	0.03076	0.02544	0.00926	0.01272	0.01598	0.10358	0.05678	0.05817	0.35744	0.00480	0.16561	0.04102	0.00306	0.00484
20	0.01368	0.22715	0.23130	0.01396	0.10630	0.21950	0.01230	0.03105	0.04268	0.01449	0.01029	0.01153	0.03481	0.00514	0.00442	0.00139	0.00685	0.00378	0.00257	0.00679
21	0.00652	0.00463	0.00605	0.00705	0.00744	0.00440	0.00485	0.00746	0.00965	0.01278	0.02680	0.62043	0.04840	0.11633	0.00891	0.00243	0.00336	0.09399	0.00449	0.00404
22	0.00723	0.00539	0.00799	0.00799	0.00884	0.00624	0.00614	0.00894	0.00808	0.01163	0.01367	0.02058	0.01295	0.08045	0.76015	0.00795	0.01308	0.00552	0.00273	0.00444
23	0.01133	0.02394	0.65584	0.01543	0.08305	0.03469	0.01746	0.04662	0.01149	0.04041	0.00953	0.01104	0.00681	0.00489	0.00483	0.00158	0.00723	0.00386	0.00242	0.00755
24	0.01133	0.01085	0.01761	0.45064	0.29986	0.03299	0.04416	0.04482	0.01134	0.01507	0.00932	0.01298	0.00729	0.00488	0.00506	0.00160	0.00657	0.00453	0.00247	0.00664
25	0.57128	0.01203	0.06257	0.01274	0.16504	0.04500	0.03527	0.01534	0.00967	0.02038	0.00780	0.00945	0.00616	0.00467	0.00377	0.00155	0.00494	0.00329	0.00290	0.00617
26	0.00619	0.00441	0.00586	0.00701	0.00729	0.00413	0.00466	0.00705	0.00963	0.01284	0.02760	0.80141	0.03311	0.03388	0.00689	0.00212	0.00298	0.01422	0.00466	0.00408
27	0.00661	0.00515	0.00600	0.00579	0.00722	0.00454	0.00434	0.00848	0.01302	0.01720	0.44543	0.04284	0.39227	0.01149	0.00597	0.00164	0.00247	0.00986	0.00516	0.00454
28	0.00723	0.00539	0.00799	0.00799	0.00885	0.00625	0.00616	0.00895	0.00809	0.01164	0.01367	0.02053	0.01293	0.07758	0.76299	0.00796	0.01311	0.00552	0.00273	0.00444
29	0.00977	0.00922	0.01557	0.75137	0.09184	0.01129	0.01415	0.01312	0.01022	0.01319	0.00903	0.01341	0.00684	0.00501	0.00505	0.00167	0.00669	0.00449	0.00227	0.00580
30	0.01440	0.74704	0.02508	0.00869	0.01297	0.01880	0.00854	0.01605	0.01068	0.08689	0.00827	0.00898	0.00707	0.00451	0.00342	0.00113	0.00530	0.00293	0.00256	0.00669
31	0.00621	0.00447	0.00589	0.00693	0.00733	0.00415	0.00467	0.00720	0.01002	0.01337	0.07400	0.74509	0.06111	0.01541	0.00641	0.00201	0.00289	0.01393	0.00475	0.00415
32	0.01252	0.01201	0.02053	0.03104	0.79074	0.01201	0.01552	0.01552	0.01151	0.01652	0.00951	0.01252	0.00801	0.00451	0.00501	0.00150	0.00601	0.00451	0.00250	0.00801
33	0.01049	0.00899	0.01049	0.00749	0.01198	0.00674	0.00599	0.01273	0.01049	0.01648	0.00899	0.01049	0.00749	0.00374	0.00374	0.00075	0.00374	0.00300	0.00300	0.85320
34	0.00716	0.00517	0.00676	0.00636	0.00755	0.00477	0.00477	0.00954	0.01431	0.02028	0.78808	0.03777	0.04771	0.01034	0.00596	0.00159	0.00239	0.00914	0.00557	0.00477
35	0.00724	0.00537	0.00786	0.00786	0.00868	0.00618	0.00599	0.00886	0.00805	0.01154	0.01378	0.02119	0.01322	0.11659	0.72437	0.00780	0.01268	0.00561	0.00274	0.00437
36	0.00874	0.00441	0.00655	0.00655	0.00655	0.00441	0.00435	0.00661	0.00661	0.00882	0.00902	0.01596	0.00910	0.04422	0.01996	0.82479	0.00441	0.00449	0.00222	0.00222
37	0.01922	0.01416	0.01518	0.01163	0.01568	0.01568	0.00961	0.77388	0.02378	0.03187	0.01214	0.01214	0.00860	0.00607	0.00506	0.00152	0.00556	0.00455	0.00506	0.00860
38	0.01049	0.00899	0.01049	0.00749	0.01198	0.00674	0.00599	0.01273	0.01049	0.01648	0.00899	0.01049	0.00749	0.00374	0.00374	0.00075	0.00374	0.00300	0.00300	0.85320
39	0.01922	0.01416	0.01518	0.01163	0.01568	0.01568	0.00961	0.77388	0.02378	0.03187	0.01214	0.01214	0.00860	0.00607	0.00506	0.00152	0.00556	0.00455	0.00506	0.00860
40	0.01922	0.01416	0.01518	0.01163	0.01568	0.01568	0.00961	0.77388	0.02378	0.03187	0.01214	0.01214	0.00860	0.00607	0.00506	0.00152	0.00556	0.00455	0.00506	0.00860
41	0.07280	0.01096	0.01980	0.37188	0.18484	0.01184	0.22583	0.01451	0.01080	0.01528	0.00930	0.01294	0.00717	0.00470	0.00516	0.00164	0.00688	0.00478	0.00245	0.00643
42	0.01479	0.01196	0.01268	0.01074	0.01399	0.01361	0.00854	0.27603	0.52884	0.02473	0.01777	0.01662	0.01316	0.00660	0.00512	0.00165	0.00452	0.00533	0.00512	0.00820
43	0.02269	0.00861	0.01174	0.00900	0.01291	0.00743	0.00743	0.02464	0.01447	0.79425	0.01995	0.01721	0.01252	0.00626	0.00509	0.00156	0.00430	0.00509	0.00626	0.00861
44	0.00616	0.00440	0.00587	0.00704	0.00733	0.00411	0.00469	0.00704	0.00968	0.01291	0.02787	0.81899	0.03344	0.01584	0.00645	0.00205	0.00293	0.01438	0.00469	0.00411
45	0.02269	0.00861	0.01174	0.00900	0.01291	0.00743	0.00743	0.02464	0.01447	0.79425	0.01995	0.01721	0.01252	0.00626	0.00509	0.00156	0.00430	0.00509	0.00626	0.00861
46	0.01014	0.02616	0.79609	0.01441	0.02189	0.01174	0.01868	0.01601	0.01068	0.01601	0.00907	0.01068	0.00641	0.00480	0.00480	0.00160	0.00747	0.00374	0.00214	0.00747
47	0.02269	0.00861	0.01174	0.00900	0.01291	0.00743	0.00743	0.02464	0.01447	0.79425	0.01995	0.01721	0.01252	0.00626	0.00509	0.00156	0.00430	0.00509	0.00626	0.00861
48	0.01014	0.02616	0.79609	0.01441	0.02189	0.01174	0.01868	0.01601	0.01068	0.01601	0.00907	0.01068	0.00641	0.00480	0.00480	0.00160	0.00747	0.00374	0.00214	0.00747
49	0.00616	0.00440	0.00587	0.00704	0.00733	0.00411	0.00469	0.00704	0.00968	0.01291	0.02787	0.81899	0.03344	0.01584	0.00645	0.00205	0.00293	0.01438	0.00469	0.00411
50	0.01014	0.02616	0.79609	0.01441	0.02189	0.01174	0.01868	0.01601	0.01068	0.01601	0.00907	0.01068	0.00641	0.00480	0.00480	0.00160	0.00747	0.00374	0.00214	0.00747
51	0.00722	0.00542	0.00813	0.00813	0.00903	0.00632	0.00632	0.00903	0.00813	0.01174	0.01354	0.01987	0.01264	0.03792	0.80225	0.00813	0.01354	0.00542	0.00271	0.00451
52	0.01352	0.82533	0.02650	0.00865	0.01298	0.02001	0.00865	0.01514	0.01027	0.01190	0.00703	0.00811	0.00649	0.00433	0.00324	0.00108	0.00541	0.00270	0.00216	0.00649
53	0.01307	0.04859	0.32724	0.01089	0.01599	0.03097	0.01166	0.01706	0.03771	0.18013	0.07664	0.01442	0.01166	0.00551	0.00491	0.00142	0.01964	0.00436	0.00357	0.16458
54	0.01839	0.01747	0.04228	0.01467	0.12371	0.39212	0.02883	0.03575	0.01383	0.22795	0.01154	0.01209	0.00844	0.00547	0.00510	0.00145	0.02620	0.00407	0.00362	0.00704
55	0.00933	0.00821	0.01093	0.00975	0.00978	0.01060	0.00745	0.00998	0.00759	0.01113	0.01089	0.02087	0.01191	0.36064	0.04797	0.00358	0.43663	0.00572	0.00260	0.00443
56	0.00857	0.00785	0.01267	0.04480	0.08092	0.00747	0.16019	0.01161	0.04462	0.01696	0.28777	0.03204	0.24589	0.00895	0.00581	0.00165	0.00423	0.00820	0.00429	0.00549
57	0.01922	0.01416	0.01518	0.01163	0.01568	0.01568	0.00961	0.77388	0.02378	0.03187	0.01214	0.01214	0.00860	0.00607	0.00506	0.00152	0.00556	0.00455	0.00506	0.00860
58	0.01049	0.00899	0.01049	0.00749	0.01198	0.00674	0.00599	0.01273	0.01049	0.01648	0.00899	0.01049	0.00749	0.00374	0.00374	0.00075	0.00374	0.00300	0.00300	0.85320
59	0.01922	0.01416	0.01518	0.01163	0.01568	0.01568	0.00961	0.77388	0.02378	0.03187	0.01214	0.01214	0.00860	0.00607	0.00506	0.00152	0.00556	0.00455	0.00506	0.00860
60	0.00672	0.00483	0.00640	0.00688	0.00762	0.00450	0.00494	0.00835	0.01184	0.01629	0.36310	0.42843	0.03948	0.01330	0.00627	0.00187	0.00280	0.05688	0.00508	0.00443
61	0.00722	0.00542	0.00813	0.00813	0.00903	0.00632	0.00632	0.00903	0.00813	0.01174	0.01354	0.01987	0.01264	0.03792	0.80225	0.00813	0.01354	0.00542	0.00271	0.00451
62	0.00668	0.00479	0.00615	0.00652	0.00720	0.00446	0.00451	0.00807	0.01135	0.01552	0.32800	0.38882	0.07296	0.10107	0.00833	0.00216	0.00291	0.01137	0.00486	0.00426
63	0.01054	0.01000	0.01695	0.55027	0.28696	0.01149	0.01454	0.01379	0.01058	0.01412	0.00916	0.01316	0.00716	0.00487	0.00504	0.00162	0.00650	0.00450	0.00233	0.00642
64	0.00741	0.00484	0.00570	0.00600	0.00634	0.00476	0.00385	0.00815	0.00883	0.01241	0.05183	0.20136	0.02278	0.46003	0.01674	0.00351	0.00403	0.05324	0.11454	0.00367
65	0.04455	0.01059	0.05912	0.13998	0.05685	0.00966	0.10246	0.06519	0.02879	0.31896	0.02935	0.05990	0.01167	0.00613	0.00515	0.00160	0.00540	0.00542	0.00433	0.03490
66	0.00619	0.00453	0.00584	0.00687	0.00736	0.00418	0.00469	0.00717	0.00996	0.01306	0.03071	0.70276	0.12607	0.01542	0.00641	0.00202	0.00294	0.03498	0.00469	0.00414
67	0.01488	0.03973	0.18406	0.01218	0.03400	0.24951	0.01088	0.06933	0.18651	0.07743	0.01312	0.03964	0.01022	0.00596	0.00483	0.00152	0.00643	0.00457	0.02813	0.00706
68	0.08950	0.04508	0.01346	0.01163	0.05119	0.38914	0.00866	0.03593	0.01284	0.09126	0.00931	0.01036	0.00734	0.00501	0.00460	0.00127	0.02629	0.00344	0.00312	0.18059

[dist]
# distance from previous block
# <min> <max>
3	15

[block]
# block no. 4 follows, 49 sequences, length 35
# corresponding to MSA columns:
# 358-375,377-389,393-396
name=unknown_E
#
# <colnr> <probs for GDERKNQSTAVLIFYWHMCP>
#	G	D	E	R	K	N	Q	S	T	A	V	L	I	F	Y	W	H	M	C	P
0	0.23339	0.19773	0.03248	0.02829	0.03234	0.18942	0.02751	0.07948	0.02648	0.03248	0.00902	0.01087	0.00745	0.03610	0.02071	0.00165	0.00607	0.00355	0.01881	0.00618
1	0.04777	0.03030	0.10613	0.03628	0.26418	0.01186	0.07133	0.05512	0.19166	0.09579	0.03040	0.01464	0.01072	0.00546	0.00501	0.00159	0.00555	0.00487	0.00366	0.00768
2	0.01298	0.06858	0.12602	0.11308	0.13356	0.15916	0.22026	0.03151	0.01182	0.01493	0.00900	0.01168	0.00711	0.00495	0.00573	0.00157	0.05446	0.00445	0.00247	0.00670
3	0.00659	0.00516	0.00601	0.00622	0.00749	0.00465	0.00462	0.00841	0.02986	0.01531	0.21513	0.21250	0.38539	0.01283	0.00612	0.00180	0.00277	0.05977	0.00491	0.00446
4	0.00808	0.00615	0.00849	0.00816	0.00893	0.00719	0.00617	0.04149	0.00860	0.01222	0.01341	0.02158	0.01318	0.19909	0.53936	0.00667	0.07821	0.00571	0.00284	0.00447
5	0.02226	0.00891	0.01188	0.00915	0.01304	0.00794	0.00754	0.05769	0.03607	0.73932	0.01962	0.01703	0.01243	0.00627	0.00509	0.00157	0.00435	0.00508	0.00618	0.00859
6	0.00780	0.00495	0.00653	0.00700	0.00785	0.00454	0.00491	0.00909	0.01109	0.08304	0.17781	0.56198	0.06656	0.01379	0.00622	0.00190	0.00293	0.01237	0.00500	0.00464
7	0.00660	0.00515	0.00599	0.00578	0.00721	0.00453	0.00433	0.00847	0.01300	0.01716	0.44099	0.04290	0.39674	0.01150	0.00597	0.00165	0.00247	0.00986	0.00516	0.00453
8	0.00871	0.00442	0.00654	0.00654	0.00654	0.00442	0.00433	0.00662	0.00662	0.00883	0.00913	0.01623	0.00925	0.05664	0.02005	0.81171	0.00442	0.00454	0.00224	0.00224
9	0.01258	0.01086	0.01143	0.01029	0.01315	0.01258	0.00800	0.02687	0.78161	0.02115	0.02058	0.01887	0.01544	0.00686	0.00515	0.00172	0.00400	0.00572	0.00515	0.00800
10	0.01258	0.01086	0.01143	0.01029	0.01315	0.01258	0.00800	0.02687	0.78161	0.02115	0.02058	0.01887	0.01544	0.00686	0.00515	0.00172	0.00400	0.00572	0.00515	0.00800
11	0.01258	0.01086	0.01143	0.01029	0.01315	0.01258	0.00800	0.02687	0.78161	0.02115	0.02058	0.01887	0.01544	0.00686	0.00515	0.00172	0.00400	0.00572	0.00515	0.00800
12	0.01049	0.00899	0.01049	0.00749	0.01198	0.00674	0.00599	0.01273	0.01049	0.01648	0.00899	0.01049	0.00749	0.00374	0.00374	0.00075	0.00374	0.00300	0.00300	0.85320
13	0.00878	0.00439	0.00659	0.00659	0.00659	0.00439	0.00439	0.00659	0.00659	0.00878	0.00878	0.01537	0.00878	0.01757	0.01976	0.85288	0.00439	0.00439	0.00220	0.00220
14	0.01258	0.01086	0.01143	0.01029	0.01315	0.01258	0.00800	0.02687	0.78161	0.02115	0.02058	0.01887	0.01544	0.00686	0.00515	0.00172	0.00400	0.00572	0.00515	0.00800
15	0.00615	0.00444	0.00583	0.00695	0.00731	0.00412	0.00465	0.00705	0.00977	0.01295	0.02900	0.78159	0.07011	0.01569	0.00643	0.00204	0.00292	0.01420	0.00469	0.00412
16	0.01049	0.00899	0.01049	0.00749	0.01198	0.00674	0.00599	0.01273	0.01049	0.01648	0.00899	0.01049	0.00749	0.00374	0.00374	0.00075	0.00374	0.00300	0.00300	0.85320
17	0.02057	0.01200	0.01384	0.01061	0.01460	0.01247	0.00876	0.48243	0.02016	0.32843	0.01518	0.01411	0.01012	0.00614	0.00507	0.00154	0.00507	0.00476	0.00553	0.00860
18	0.01889	0.02410	0.01433	0.01303	0.01563	0.80199	0.00977	0.02019	0.01433	0.01238	0.00782	0.00912	0.00651	0.00521	0.00456	0.00130	0.00912	0.00326	0.00261	0.00586
19	0.01194	0.01364	0.02984	0.02131	0.02643	0.01279	0.77238	0.01620	0.01194	0.01620	0.01023	0.01364	0.00767	0.00426	0.00597	0.00171	0.00853	0.00597	0.00256	0.00682
20	0.02269	0.00861	0.01174	0.00900	0.01291	0.00743	0.00743	0.02464	0.01447	0.79425	0.01995	0.01721	0.01252	0.00626	0.00509	0.00156	0.00430	0.00509	0.00626	0.00861
21	0.00610	0.00513	0.00530	0.00526	0.00691	0.00432	0.00394	0.00750	0.01183	0.01437	0.13059	0.04749	0.70889	0.01254	0.00598	0.00169	0.00254	0.01051	0.00479	0.00432
22	0.00943	0.00471	0.00471	0.00471	0.00589	0.00471	0.00353	0.01178	0.01060	0.01885	0.01650	0.01885	0.01296	0.00589	0.00353	0.00118	0.00236	0.00471	0.85036	0.00471
23	0.00725	0.00532	0.00762	0.00762	0.00835	0.00605	0.00569	0.00870	0.00798	0.01136	0.01401	0.02243	0.01376	0.19012	0.65158	0.00750	0.01187	0.00579	0.00278	0.00423
