[name]
unknown

[dist]
# distance from previous block
# <min> <max>
0	18

[block]
# block no. 0 follows, 46 sequences, length 12
# corresponding to MSA columns:
# 18-29
name=unknown_A
#
# <colnr> <probs for GDERKNQSTAVLIFYWHMCP>
#	G	D	E	R	K	N	Q	S	T	A	V	L	I	F	Y	W	H	M	C	P
0	0.01156	0.01007	0.01546	0.01354	0.03357	0.02880	0.17901	0.11961	0.01379	0.01833	0.01948	0.07046	0.01961	0.01016	0.00696	0.00204	0.04094	0.34645	0.00416	0.03599
1	0.00753	0.00532	0.00700	0.00710	0.00755	0.00571	0.00485	0.00843	0.00825	0.01141	0.01658	0.09243	0.01787	0.40644	0.36368	0.00637	0.00895	0.00740	0.00318	0.00396
2	0.01596	0.01310	0.04199	0.06593	0.16027	0.01350	0.05087	0.31769	0.13439	0.07303	0.01548	0.01603	0.04472	0.00629	0.00538	0.00165	0.00573	0.00531	0.00444	0.00824
3	0.01135	0.00968	0.01151	0.05875	0.01425	0.00793	0.00703	0.04500	0.03554	0.01781	0.00992	0.01151	0.00809	0.00421	0.00411	0.00091	0.00420	0.00339	0.00324	0.73158
4	0.01333	0.04646	0.18763	0.10041	0.12604	0.02755	0.05575	0.15903	0.03635	0.05117	0.03335	0.08302	0.01167	0.00667	0.00582	0.00170	0.03752	0.00562	0.00352	0.00740
5	0.06040	0.01298	0.02085	0.02608	0.49794	0.04767	0.13742	0.01724	0.06974	0.01787	0.03345	0.01415	0.00991	0.00508	0.00531	0.00162	0.00647	0.00504	0.00297	0.00782
6	0.01295	0.06785	0.07528	0.12267	0.10229	0.01191	0.11072	0.07601	0.08612	0.06723	0.03605	0.03556	0.01109	0.00585	0.00547	0.00157	0.02926	0.00514	0.03745	0.09952
7	0.00653	0.00472	0.00603	0.00704	0.00746	0.00438	0.00468	0.00741	0.01011	0.01330	0.03045	0.67412	0.10486	0.08197	0.00836	0.00236	0.00320	0.01405	0.00477	0.00422
8	0.01307	0.06107	0.16195	0.01129	0.01511	0.10363	0.04559	0.04602	0.09912	0.07608	0.06718	0.08344	0.01437	0.00747	0.01810	0.00168	0.03771	0.00564	0.03870	0.09279
9	0.01254	0.00939	0.01111	0.08462	0.01451	0.00934	0.00766	0.01927	0.27618	0.10765	0.05176	0.01990	0.07677	0.00663	0.00500	0.00146	0.00417	0.00552	0.03031	0.24621
10	0.01184	0.00991	0.01143	0.00824	0.01290	0.00794	0.00663	0.08510	0.01229	0.01877	0.00971	0.01113	0.00794	0.00415	0.00405	0.00086	0.00410	0.00329	0.00334	0.76640
11	0.06740	0.17373	0.22099	0.01392	0.09965	0.08044	0.01237	0.07511	0.11160	0.07910	0.01158	0.01232	0.00875	0.00542	0.00469	0.00153	0.00625	0.00412	0.00337	0.00765

[dist]
# distance from previous block
# <min> <max>
0	3

[block]
# block no. 1 follows, 46 sequences, length 7
# corresponding to MSA columns:
# 33-39
name=unknown_B
#
# <colnr> <probs for GDERKNQSTAVLIFYWHMCP>
#	G	D	E	R	K	N	Q	S	T	A	V	L	I	F	Y	W	H	M	C	P
0	0.17086	0.34805	0.21384	0.01160	0.01650	0.01610	0.07586	0.01591	0.01050	0.01605	0.00815	0.00986	0.00668	0.00501	0.00489	0.00149	0.05585	0.00351	0.00248	0.00681
1	0.00766	0.00524	0.00636	0.00636	0.00656	0.00545	0.00394	0.00807	0.00786	0.01069	0.01612	0.03161	0.01792	0.64674	0.19260	0.00585	0.00708	0.00725	0.00312	0.00353
2	0.28989	0.01427	0.14891	0.01089	0.01526	0.04615	0.05032	0.08904	0.01296	0.22891	0.01210	0.01243	0.00842	0.00565	0.00503	0.00166	0.03250	0.00416	0.00408	0.00738
3	0.00769	0.00513	0.00577	0.00577	0.00577	0.00513	0.00320	0.00769	0.00769	0.01025	0.01666	0.03460	0.01922	0.81421	0.02691	0.00513	0.00513	0.00769	0.00320	0.00320
4	0.01178	0.00988	0.01140	0.00822	0.01288	0.00789	0.00660	0.08064	0.01221	0.01867	0.00969	0.01112	0.00793	0.00413	0.00404	0.00086	0.00409	0.00328	0.00333	0.77137
5	0.00764	0.00533	0.00683	0.00683	0.00720	0.00570	0.00453	0.00837	0.00800	0.01104	0.01569	0.02921	0.01688	0.51279	0.32513	0.00644	0.00864	0.00690	0.00306	0.00379
6	0.01223	0.00971	0.06705	0.00914	0.01213	0.00842	0.00760	0.04087	0.19759	0.13790	0.10247	0.18757	0.05100	0.00905	0.00555	0.00167	0.00404	0.00778	0.00494	0.12329

[dist]
# distance from previous block
# <min> <max>
0	1

[block]
# block no. 2 follows, 46 sequences, length 121
# corresponding to MSA columns:
# 41-157,161-164
name=unknown_C
#
# <colnr> <probs for GDERKNQSTAVLIFYWHMCP>
#	G	D	E	R	K	N	Q	S	T	A	V	L	I	F	Y	W	H	M	C	P
0	0.01152	0.00938	0.01102	0.00790	0.01257	0.00708	0.00633	0.01386	0.01115	0.05106	0.00990	0.01127	0.00806	0.00403	0.00398	0.00082	0.00394	0.00323	0.00328	0.80962
1	0.00755	0.00566	0.00850	0.00850	0.00944	0.00661	0.00661	0.00944	0.00850	0.01227	0.01416	0.02077	0.01322	0.03965	0.79326	0.00850	0.01416	0.00566	0.00283	0.00472
2	0.04709	0.27253	0.24467	0.01244	0.05882	0.03863	0.01217	0.03590	0.10189	0.09098	0.01131	0.01197	0.00860	0.00526	0.00449	0.00147	0.00605	0.00393	0.00320	0.02859
3	0.00625	0.00536	0.00536	0.00536	0.00714	0.00446	0.00402	0.00759	0.01205	0.01428	0.05355	0.05088	0.77909	0.01339	0.00625	0.00179	0.00268	0.01116	0.00491	0.00446
4	0.01248	0.01426	0.03119	0.02228	0.02763	0.01337	0.76203	0.01693	0.01248	0.01693	0.01070	0.01426	0.00802	0.00446	0.00624	0.00178	0.00891	0.00624	0.00267	0.00713
5	0.03465	0.01435	0.23719	0.01642	0.14994	0.00981	0.13628	0.01375	0.01120	0.03008	0.01633	0.27315	0.01653	0.00867	0.00578	0.00183	0.00601	0.00806	0.00335	0.00661
6	0.01288	0.27770	0.10784	0.01818	0.09488	0.01564	0.36721	0.01649	0.01173	0.01548	0.00940	0.01194	0.00751	0.00456	0.00509	0.00154	0.00748	0.00473	0.00249	0.00721
7	0.00674	0.00473	0.00605	0.00698	0.00721	0.00449	0.00450	0.00744	0.00954	0.01272	0.02616	0.62539	0.03120	0.20706	0.01156	0.00286	0.00356	0.01328	0.00450	0.00403
8	0.00852	0.00608	0.00852	0.00974	0.01095	0.00608	0.00852	0.01095	0.01217	0.01582	0.02799	0.05963	0.03042	0.01460	0.00730	0.00243	0.00487	0.74565	0.00487	0.00487
9	0.01216	0.06338	0.09136	0.09007	0.11885	0.01329	0.47889	0.01630	0.01210	0.01649	0.02860	0.01410	0.00880	0.00476	0.00576	0.00170	0.00798	0.00559	0.00265	0.00716
10	0.01518	0.06939	0.29611	0.01330	0.01872	0.01272	0.08945	0.14820	0.08483	0.15920	0.01369	0.03314	0.00996	0.00592	0.00522	0.00165	0.00639	0.00494	0.00395	0.00806
11	0.00664	0.00478	0.00630	0.00717	0.00770	0.00443	0.00490	0.00788	0.01112	0.01502	0.17620	0.64121	0.05629	0.01536	0.00664	0.00204	0.00295	0.01386	0.00509	0.00443
12	0.00762	0.00541	0.00722	0.00722	0.00773	0.00592	0.00502	0.00862	0.00812	0.01133	0.01532	0.02721	0.01602	0.40076	0.43597	0.00692	0.00995	0.00661	0.00301	0.00401
13	0.04933	0.10807	0.06989	0.02997	0.11394	0.03530	0.19728	0.11734	0.12369	0.03935	0.01299	0.05650	0.01058	0.00595	0.00527	0.00165	0.00638	0.00547	0.00357	0.00750
14	0.00846	0.00655	0.00785	0.00732	0.00896	0.00652	0.00555	0.01325	0.16076	0.02074	0.56557	0.03672	0.11053	0.01034	0.00607	0.00170	0.00284	0.00902	0.00565	0.00559
15	0.00650	0.00469	0.00616	0.00721	0.00766	0.00435	0.00487	0.00755	0.01056	0.01407	0.08256	0.71899	0.07325	0.01600	0.00669	0.00210	0.00301	0.01445	0.00497	0.00435
16	0.01134	0.04087	0.45820	0.01432	0.01956	0.01351	0.04545	0.01750	0.12073	0.01655	0.01067	0.01255	0.00817	0.00622	0.00776	0.00182	0.18024	0.00443	0.00272	0.00740
17	0.07378	0.01598	0.01681	0.13482	0.11482	0.24033	0.07440	0.15328	0.04258	0.03809	0.01031	0.01223	0.00797	0.00561	0.00553	0.00160	0.03705	0.00440	0.00333	0.00709
18	0.34985	0.01119	0.02935	0.12132	0.32822	0.01186	0.01137	0.01545	0.01057	0.01946	0.00911	0.01163	0.00731	0.00493	0.00439	0.00161	0.00538	0.00396	0.03622	0.00683
19	0.21284	0.01409	0.09117	0.01679	0.07028	0.01285	0.34127	0.10228	0.01295	0.04351	0.01065	0.02864	0.00819	0.00516	0.00523	0.00170	0.00689	0.00510	0.00323	0.00715
20	0.00665	0.00537	0.00592	0.00578	0.00739	0.00464	0.00434	0.00837	0.01301	0.01656	0.29244	0.04712	0.53878	0.01254	0.00624	0.00174	0.00262	0.01063	0.00521	0.00464
21	0.85155	0.01022	0.00777	0.00695	0.01022	0.01186	0.00573	0.01554	0.00900	0.02372	0.00736	0.00859	0.00573	0.00491	0.00327	0.00164	0.00409	0.00286	0.00327	0.00573
22	0.00625	0.00536	0.00536	0.00536	0.00714	0.00446	0.00402	0.00759	0.01205	0.01428	0.05355	0.05088	0.77909	0.01339	0.00625	0.00179	0.00268	0.01116	0.00491	0.00446
23	0.00769	0.00513	0.00577	0.00577	0.00577	0.00513	0.00320	0.00769	0.00769	0.01025	0.01666	0.03460	0.01922	0.81421	0.02691	0.00513	0.00513	0.00769	0.00320	0.00320
24	0.01060	0.02735	0.78682	0.01507	0.02288	0.01228	0.01953	0.01674	0.01116	0.01674	0.00949	0.01116	0.00670	0.00502	0.00502	0.00167	0.00781	0.00391	0.00223	0.00781
25	0.02010	0.01481	0.01587	0.01216	0.01639	0.01639	0.01005	0.76360	0.02486	0.03332	0.01269	0.01269	0.00899	0.00635	0.00529	0.00159	0.00582	0.00476	0.00529	0.00899
26	0.01096	0.00940	0.01096	0.00783	0.01253	0.00705	0.00626	0.01331	0.01096	0.01723	0.00940	0.01096	0.00783	0.00392	0.00392	0.00078	0.00392	0.00313	0.00313	0.84653
27	0.01315	0.01136	0.01195	0.01076	0.01375	0.01315	0.00837	0.02809	0.77168	0.02211	0.02152	0.01972	0.01614	0.00717	0.00538	0.00179	0.00418	0.00598	0.00538	0.00837
28	0.85155	0.01022	0.00777	0.00695	0.01022	0.01186	0.00573	0.01554	0.00900	0.02372	0.00736	0.00859	0.00573	0.00491	0.00327	0.00164	0.00409	0.00286	0.00327	0.00573
29	0.01315	0.01136	0.01195	0.01076	0.01375	0.01315	0.00837	0.02809	0.77168	0.02211	0.02152	0.01972	0.01614	0.00717	0.00538	0.00179	0.00418	0.00598	0.00538	0.00837
30	0.85155	0.01022	0.00777	0.00695	0.01022	0.01186	0.00573	0.01554	0.00900	0.02372	0.00736	0.00859	0.00573	0.00491	0.00327	0.00164	0.00409	0.00286	0.00327	0.00573
31	0.01308	0.01256	0.02146	0.03245	0.78123	0.01256	0.01622	0.01622	0.01204	0.01727	0.00994	0.01308	0.00837	0.00471	0.00523	0.00157	0.00628	0.00471	0.00262	0.00837
32	0.02010	0.01481	0.01587	0.01216	0.01639	0.01639	0.01005	0.76360	0.02486	0.03332	0.01269	0.01269	0.00899	0.00635	0.00529	0.00159	0.00582	0.00476	0.00529	0.00899
33	0.00644	0.00460	0.00613	0.00736	0.00767	0.00429	0.00491	0.00736	0.01012	0.01350	0.02914	0.81076	0.03497	0.01656	0.00675	0.00215	0.00307	0.01503	0.00491	0.00429
34	0.01493	0.01224	0.01296	0.01112	0.01443	0.01398	0.00880	0.21701	0.57985	0.02499	0.01925	0.01792	0.01430	0.00696	0.00536	0.00174	0.00460	0.00566	0.00536	0.00853
35	0.00644	0.00460	0.00613	0.00736	0.00767	0.00429	0.00491	0.00736	0.01012	0.01350	0.02914	0.81076	0.03497	0.01656	0.00675	0.00215	0.00307	0.01503	0.00491	0.00429
36	0.01290	0.01111	0.01174	0.01063	0.01355	0.01280	0.00829	0.02727	0.73784	0.02181	0.02228	0.02134	0.03058	0.00748	0.00545	0.00181	0.00417	0.02538	0.00536	0.00820
37	0.00985	0.00493	0.00493	0.00493	0.00616	0.00493	0.00370	0.01232	0.01109	0.01971	0.01725	0.01971	0.01355	0.00616	0.00370	0.00123	0.00246	0.00493	0.84356	0.00493
38	0.58148	0.01081	0.00984	0.00822	0.01178	0.01199	0.00678	0.14403	0.01264	0.14399	0.01037	0.01075	0.00743	0.00541	0.00393	0.00163	0.00445	0.00357	0.00412	0.00679
39	0.01761	0.00929	0.01143	0.00937	0.01262	0.00915	0.00752	0.09297	0.17918	0.38513	0.18277	0.02248	0.02125	0.00758	0.00552	0.00167	0.00413	0.00632	0.00602	0.00800
40	0.00644	0.00460	0.00613	0.00736	0.00767	0.00429	0.00491	0.00736	0.01012	0.01350	0.02914	0.81076	0.03497	0.01656	0.00675	0.00215	0.00307	0.01503	0.00491	0.00429
41	0.01343	0.01173	0.01447	0.06355	0.17714	0.01317	0.01053	0.07594	0.51316	0.02135	0.01772	0.01749	0.01345	0.00648	0.00534	0.00173	0.00491	0.00555	0.00461	0.00826
42	0.00918	0.00459	0.00689	0.00689	0.00689	0.00459	0.00459	0.00689	0.00689	0.00918	0.00918	0.01607	0.00918	0.01837	0.02066	0.84619	0.00459	0.00459	0.00230	0.00230
43	0.00648	0.00470	0.00608	0.00713	0.00758	0.00435	0.00479	0.00746	0.01036	0.01370	0.05171	0.70372	0.09974	0.03620	0.00720	0.00218	0.00307	0.01436	0.00489	0.00430
44	0.01353	0.01591	0.25728	0.14900	0.21798	0.01143	0.05050	0.01745	0.01199	0.15474	0.01202	0.02850	0.00893	0.00553	0.00550	0.00168	0.02227	0.00483	0.00320	0.00771
45	0.01269	0.44161	0.02490	0.21768	0.02201	0.01706	0.14389	0.01533	0.01093	0.01352	0.00846	0.01105	0.00708	0.00485	0.00479	0.00144	0.02980	0.00397	0.00236	0.00658
46	0.01012	0.00944	0.01374	0.12629	0.01571	0.01259	0.01043	0.01180	0.00856	0.01265	0.00955	0.01504	0.00900	0.03497	0.23541	0.00405	0.44773	0.00500	0.00248	0.00544
47	0.01163	0.04426	0.60329	0.01388	0.02047	0.01219	0.01687	0.03598	0.04388	0.05898	0.04902	0.01330	0.00967	0.00567	0.00557	0.00169	0.03874	0.00438	0.00286	0.00768
48	0.01269	0.03300	0.18957	0.20604	0.10792	0.08435	0.11187	0.03685	0.01237	0.06654	0.03153	0.03923	0.03287	0.00589	0.00536	0.00167	0.00701	0.00524	0.00303	0.00697
49	0.00802	0.00580	0.00759	0.00817	0.00884	0.00591	0.00586	0.03926	0.02455	0.03415	0.05797	0.62446	0.03163	0.01493	0.00732	0.00211	0.05495	0.04882	0.00484	0.00483
50	0.00777	0.00788	0.09601	0.00783	0.00974	0.00582	0.00683	0.01043	0.01360	0.01905	0.51676	0.10788	0.07742	0.02610	0.00661	0.00184	0.00339	0.06473	0.00516	0.00518
51	0.03013	0.01363	0.18338	0.52380	0.05212	0.01193	0.04825	0.01477	0.01086	0.03400	0.00969	0.01337	0.00717	0.00527	0.00543	0.00174	0.02093	0.00457	0.00247	0.00649
52	0.01413	0.04990	0.15545	0.11206	0.13288	0.04355	0.03213	0.13476	0.09429	0.08688	0.02758	0.03216	0.03171	0.00623	0.00549	0.00166	0.02264	0.00515	0.00373	0.00762
53	0.01060	0.02735	0.78682	0.01507	0.02288	0.01228	0.01953	0.01674	0.01116	0.01674	0.00949	0.01116	0.00670	0.00502	0.00502	0.00167	0.00781	0.00391	0.00223	0.00781
54	0.00675	0.00490	0.00643	0.00752	0.00811	0.00459	0.00536	0.00796	0.01069	0.01405	0.04554	0.61799	0.10096	0.01588	0.00677	0.00215	0.00329	0.12174	0.00492	0.00441
55	0.05063	0.00993	0.05806	0.06450	0.01568	0.00946	0.12861	0.05002	0.06333	0.07896	0.05165	0.26500	0.01999	0.00988	0.00677	0.00192	0.06056	0.04470	0.00419	0.00616
56	0.05033	0.06359	0.39269	0.01401	0.02000	0.01197	0.12815	0.03490	0.03098	0.16337	0.03206	0.01365	0.00948	0.00543	0.00514	0.00165	0.00680	0.00464	0.00340	0.00775
57	0.01106	0.01037	0.01686	0.53430	0.21847	0.01208	0.01445	0.01560	0.08499	0.01528	0.01071	0.01439	0.00826	0.00533	0.00528	0.00172	0.00658	0.00483	0.00271	0.00673
58	0.00636	0.00524	0.00559	0.00576	0.00727	0.00447	0.00422	0.00771	0.01194	0.01462	0.09854	0.16939	0.61318	0.01371	0.00633	0.00183	0.00273	0.01166	0.00497	0.00447
59	0.11008	0.18924	0.14647	0.11335	0.01902	0.03105	0.06163	0.13859	0.01363	0.09655	0.02666	0.01237	0.00867	0.00540	0.00468	0.00155	0.00616	0.00420	0.00342	0.00727
60	0.07409	0.01538	0.17195	0.22286	0.05578	0.08004	0.10005	0.08850	0.01263	0.03390	0.01088	0.03468	0.00877	0.00616	0.00583	0.02122	0.02231	0.02524	0.00299	0.00675
61	0.00809	0.00529	0.00700	0.00734	0.00832	0.00488	0.00532	0.00974	0.01233	0.06853	0.29285	0.42360	0.05632	0.01367	0.00649	0.00195	0.00306	0.05499	0.00534	0.00489
62	0.06402	0.08390	0.25256	0.23515	0.10765	0.01322	0.07145	0.06248	0.03012	0.01715	0.00978	0.01234	0.00739	0.00510	0.00499	0.00164	0.00689	0.00434	0.00267	0.00715
63	0.05188	0.01181	0.01725	0.06750	0.16531	0.05722	0.15333	0.06765	0.08887	0.13830	0.01599	0.09304	0.03423	0.00679	0.00552	0.00171	0.00599	0.00625	0.00400	0.00735
64	0.03138	0.06719	0.64623	0.01512	0.03787	0.01257	0.06097	0.01641	0.01115	0.01662	0.00994	0.03328	0.00757	0.00527	0.00502	0.00166	0.00751	0.00428	0.00237	0.00758
65	0.00691	0.00544	0.00714	0.00714	0.00836	0.00490	0.03471	0.00853	0.01213	0.01598	0.24068	0.33432	0.26719	0.01353	0.00643	0.00189	0.00302	0.01199	0.00507	0.00465
66	0.03295	0.04556	0.08197	0.03121	0.20526	0.01008	0.01054	0.03713	0.06584	0.23745	0.09340	0.04982	0.04898	0.00695	0.00531	0.00164	0.00497	0.00595	0.01736	0.00762
67	0.01164	0.01172	0.04556	0.43423	0.19879	0.04579	0.04277	0.01516	0.02995	0.03169	0.01027	0.02823	0.00822	0.00566	0.00609	0.00174	0.05828	0.00490	0.00265	0.00666
68	0.00664	0.00471	0.00597	0.00697	0.00751	0.00435	0.00473	0.00771	0.01040	0.01399	0.03117	0.67258	0.11897	0.01553	0.00649	0.00205	0.00298	0.01393	0.05896	0.00435
69	0.08217	0.05351	0.47333	0.03904	0.08242	0.03672	0.10278	0.01697	0.03421	0.01717	0.00972	0.01164	0.00720	0.00499	0.00498	0.00165	0.00734	0.00418	0.00252	0.00747
70	0.01378	0.06740	0.10248	0.07116	0.37443	0.03168	0.02990	0.10150	0.01341	0.06264	0.01250	0.04606	0.02350	0.00589	0.00523	0.00161	0.00621	0.01958	0.00325	0.00777
71	0.01308	0.10939	0.49582	0.01350	0.01976	0.05808	0.02892	0.06126	0.03423	0.07719	0.01119	0.03493	0.00846	0.00558	0.00495	0.00161	0.00708	0.00434	0.00296	0.00767
72	0.19290	0.01581	0.01293	0.01108	0.01413	0.28215	0.04161	0.15510	0.06805	0.02077	0.09962	0.01552	0.03591	0.00643	0.00487	0.00156	0.00629	0.00478	0.00392	0.00659
73	0.03929	0.11003	0.29490	0.03136	0.03553	0.05464	0.09768	0.03371	0.01250	0.19017	0.01219	0.02720	0.00889	0.00559	0.00528	0.00162	0.02378	0.00458	0.00344	0.00762
74	0.10426	0.01149	0.09881	0.02821	0.03080	0.00984	0.21588	0.05096	0.01295	0.01915	0.21864	0.07101	0.05494	0.00788	0.00593	0.00176	0.01799	0.02938	0.00395	0.00619
75	0.01939	0.01000	0.02834	0.00962	0.01326	0.00930	0.00799	0.18239	0.03070	0.44751	0.16250	0.02081	0.01910	0.00729	0.00548	0.00163	0.00447	0.00598	0.00602	0.00820
76	0.01391	0.01455	0.13255	0.06599	0.12067	0.03243	0.04601	0.24377	0.09925	0.02218	0.06820	0.01766	0.06154	0.00669	0.00577	0.00167	0.02996	0.00553	0.00402	0.00763
77	0.01424	0.80217	0.02746	0.00913	0.01362	0.03575	0.00907	0.01593	0.01082	0.01245	0.00737	0.00850	0.00678	0.00454	0.00342	0.00114	0.00573	0.00284	0.00227	0.00677
78	0.00918	0.00459	0.00689	0.00689	0.00689	0.00459	0.00459	0.00689	0.00689	0.00918	0.00918	0.01607	0.00918	0.01837	0.02066	0.84619	0.00459	0.00459	0.00230	0.00230
79	0.00642	0.00515	0.00559	0.00589	0.00716	0.00447	0.00417	0.00754	0.01121	0.01375	0.04437	0.24066	0.52931	0.08018	0.00808	0.00215	0.00298	0.01185	0.00477	0.00432
80	0.04647	0.03651	0.11772	0.01131	0.01539	0.01360	0.01011	0.27942	0.27779	0.07420	0.01568	0.01566	0.01157	0.02574	0.00564	0.00174	0.00528	0.00505	0.02290	0.00821
81	0.28894	0.00985	0.03248	0.00870	0.01187	0.00981	0.00727	0.11263	0.03240	0.21200	0.09096	0.07051	0.03049	0.00765	0.00496	0.00172	0.00432	0.05175	0.00485	0.00684
82	0.03853	0.01386	0.02683	0.01959	0.02407	0.01403	0.55777	0.10203	0.01324	0.01848	0.01035	0.01357	0.00793	0.00530	0.00745	0.00182	0.10932	0.00576	0.00295	0.00713
83	0.21440	0.00891	0.01004	0.00885	0.01117	0.00998	0.00703	0.14660	0.02854	0.08760	0.01302	0.01687	0.01098	0.07496	0.30392	0.00448	0.02786	0.00492	0.00377	0.00610
84	0.01499	0.03895	0.16672	0.06559	0.28852	0.19450	0.02937	0.03042	0.02660	0.07946	0.01051	0.01236	0.00810	0.00519	0.00507	0.00156	0.00722	0.00431	0.00296	0.00759
85	0.01906	0.01096	0.01281	0.01027	0.01394	0.01131	0.00833	0.24401	0.18690	0.33177	0.06145	0.01806	0.01465	0.00686	0.00534	0.00165	0.00466	0.00553	0.02389	0.00854
86	0.01081	0.00946	0.01412	0.26050	0.02111	0.01090	0.06728	0.06127	0.10105	0.01665	0.01749	0.02910	0.03204	0.00894	0.00726	0.00202	0.08908	0.23109	0.00373	0.00611
87	0.26588	0.01620	0.26974	0.01200	0.03188	0.03036	0.07000	0.03053	0.05329	0.07095	0.01344	0.04614	0.04267	0.00619	0.00479	0.00170	0.00586	0.01808	0.00339	0.00689
88	0.01162	0.01233	0.02463	0.03520	0.18210	0.01184	0.45873	0.01526	0.01222	0.01668	0.04478	0.05556	0.06473	0.00607	0.00626	0.00176	0.02349	0.00675	0.00304	0.00694
89	0.01154	0.01104	0.03411	0.50351	0.18829	0.03332	0.05840	0.01494	0.01143	0.04538	0.03127	0.01456	0.00879	0.00532	0.00534	0.00170	0.00686	0.00490	0.00269	0.00662
90	0.01236	0.02918	0.14887	0.09452	0.33754	0.03051	0.08930	0.01589	0.01193	0.05363	0.02805	0.05111	0.01087	0.00584	0.00533	0.00165	0.00644	0.02129	0.03830	0.00739
91	0.01107	0.04167	0.61140	0.01646	0.02368	0.01269	0.17555	0.01676	0.01143	0.01669	0.00970	0.01176	0.00698	0.00489	0.00524	0.00169	0.00800	0.00437	0.00233	0.00765
92	0.00688	0.00493	0.00649	0.00759	0.00804	0.00468	0.00520	0.02656	0.01059	0.01410	0.02867	0.75587	0.03410	0.01621	0.00674	0.00215	0.00322	0.04863	0.00492	0.00444
93	0.19093	0.13058	0.06860	0.07663	0.01676	0.04329	0.13145	0.01483	0.01087	0.04962	0.03407	0.12880	0.01241	0.00708	0.00577	0.00171	0.06130	0.00585	0.00324	0.00619
94	0.01136	0.03352	0.37596	0.09000	0.12307	0.01253	0.13877	0.01701	0.07526	0.01677	0.01188	0.01397	0.02937	0.00540	0.00555	0.00170	0.02285	0.00484	0.00271	0.00749
95	0.00687	0.00519	0.00698	0.00791	0.00819	0.00529	0.00547	0.00781	0.00995	0.01343	0.02727	0.74360	0.03261	0.01595	0.00764	0.00216	0.07042	0.01415	0.00469	0.00442
96	0.01332	0.01438	0.02038	0.12430	0.20840	0.16051	0.21911	0.01720	0.06533	0.01589	0.01182	0.05571	0.01010	0.00590	0.00577	0.00169	0.02159	0.01868	0.00296	0.00695
97	0.10512	0.07607	0.02948	0.25434	0.01923	0.01199	0.01032	0.01284	0.02222	0.01489	0.04651	0.12860	0.01320	0.00936	0.03921	0.00214	0.18970	0.00607	0.00303	0.00568
98	0.00727	0.00501	0.00627	0.00691	0.00739	0.00481	0.00471	0.00831	0.01017	0.01385	0.09287	0.38745	0.04814	0.24031	0.01227	0.00292	0.00374	0.08523	0.04822	0.00414
99	0.01239	0.01270	0.02306	0.18208	0.34141	0.03518	0.26488	0.01598	0.01196	0.01633	0.01019	0.01372	0.00805	0.00479	0.00553	0.00167	0.00733	0.00519	0.02026	0.00732
100	0.03161	0.15504	0.13152	0.01930	0.20410	0.03365	0.20464	0.06300	0.05950	0.03233	0.01061	0.01261	0.00828	0.00497	0.00510	0.00158	0.00690	0.00468	0.00294	0.00764
101	0.01019	0.00683	0.00839	0.00841	0.00971	0.00682	0.00607	0.15196	0.01325	0.06916	0.02546	0.60613	0.02857	0.01395	0.00637	0.00201	0.00368	0.01243	0.00509	0.00550
102	0.00702	0.00528	0.00707	0.04757	0.00946	0.00520	0.00573	0.00829	0.01077	0.01426	0.09085	0.53502	0.11509	0.01488	0.00719	0.01919	0.02549	0.06243	0.00473	0.00449
103	0.01257	0.38329	0.20584	0.03848	0.05227	0.01621	0.16661	0.01597	0.01123	0.01465	0.00935	0.03397	0.00791	0.00501	0.00460	0.00146	0.00683	0.00428	0.00243	0.00707
104	0.01204	0.09960	0.25223	0.01670	0.17262	0.03325	0.08237	0.01555	0.01174	0.06628	0.03750	0.11297	0.03570	0.00690	0.00554	0.00167	0.02100	0.00603	0.00317	0.00713
105	0.01028	0.01014	0.03854	0.06465	0.12258	0.01113	0.12526	0.01280	0.00976	0.01412	0.01101	0.01587	0.00974	0.01867	0.29871	0.00434	0.19345	0.00526	0.01769	0.00601
106	0.05232	0.23029	0.31462	0.06962	0.05214	0.01466	0.12339	0.01595	0.01099	0.01555	0.00904	0.01128	0.00711	0.00567	0.02203	0.00171	0.03007	0.00406	0.00239	0.00710
107	0.01228	0.08506	0.19779	0.02112	0.23064	0.02589	0.25241	0.01641	0.02535	0.01627	0.01024	0.01351	0.00826	0.03697	0.00646	0.00178	0.02456	0.00497	0.00259	0.00742
108	0.01129	0.01334	0.10592	0.25867	0.07334	0.01312	0.22016	0.01517	0.03253	0.01511	0.00975	0.01354	0.00772	0.00649	0.02303	0.00198	0.16461	0.00508	0.00253	0.00662
109	0.00655	0.00468	0.00625	0.00744	0.00780	0.00438	0.00505	0.00757	0.01033	0.01379	0.04865	0.76081	0.03517	0.01633	0.00676	0.00215	0.00312	0.04389	0.00493	0.00433
110	0.03885	0.05623	0.07969	0.01334	0.13159	0.04232	0.03970	0.04943	0.01310	0.17361	0.11075	0.17761	0.01954	0.00837	0.00549	0.00169	0.00499	0.00729	0.01952	0.00686
111	0.03326	0.01704	0.28872	0.04686	0.07894	0.01146	0.25182	0.01690	0.01222	0.09907	0.06175	0.03445	0.01142	0.00565	0.00554	0.00171	0.00711	0.00550	0.00319	0.00737
112	0.00721	0.00554	0.00676	0.00738	0.00873	0.00509	0.00593	0.00896	0.01196	0.01505	0.06911	0.15522	0.35918	0.01418	0.00672	0.00208	0.00358	0.29776	0.00493	0.00462
113	0.01178	0.04300	0.01908	0.25603	0.44277	0.01210	0.03520	0.01492	0.01134	0.01575	0.01016	0.01387	0.00834	0.00688	0.04957	0.00200	0.00688	0.00473	0.02836	0.00723
114	0.02785	0.21458	0.30864	0.01596	0.13720	0.07911	0.05414	0.01678	0.03370	0.01579	0.02745	0.02736	0.00887	0.00528	0.00474	0.00152	0.00686	0.00424	0.00261	0.00732
115	0.04094	0.01167	0.01877	0.40418	0.22533	0.04898	0.10052	0.01499	0.01119	0.01516	0.00942	0.01331	0.00744	0.00525	0.00596	0.00172	0.05124	0.00475	0.00250	0.00667
116	0.09283	0.01103	0.03350	0.08013	0.07867	0.01059	0.14359	0.07079	0.04630	0.30036	0.06622	0.01676	0.01282	0.00604	0.00534	0.00167	0.00562	0.00540	0.00461	0.00773
117	0.01294	0.01079	0.01493	0.04838	0.33445	0.06026	0.01116	0.03136	0.06039	0.09478	0.14954	0.02361	0.06131	0.00736	0.00559	0.00167	0.00524	0.05500	0.00407	0.00717
118	0.00966	0.03398	0.13405	0.01235	0.09326	0.00855	0.06414	0.02633	0.05813	0.03538	0.07831	0.20828	0.16504	0.01018	0.00593	0.00182	0.00477	0.03960	0.00415	0.00611
119	0.01035	0.00911	0.01441	0.08453	0.01550	0.01046	0.12782	0.01258	0.02653	0.04583	0.08271	0.09509	0.03967	0.11026	0.06258	0.00280	0.23381	0.00701	0.00339	0.00555
120	0.01374	0.01351	0.01982	0.06517	0.45851	0.10209	0.07491	0.01645	0.01191	0.04633	0.01010	0.01352	0.00847	0.03021	0.00722	0.00176	0.09126	0.00479	0.00276	0.00748

[dist]
# distance from previous block
# <min> <max>
28	50

[block]
# block no. 3 follows, 46 sequences, length 77
# corresponding to MSA columns:
# 221-297
name=unknown_D
#
# <colnr> <probs for GDERKNQSTAVLIFYWHMCP>
#	G	D	E	R	K	N	Q	S	T	A	V	L	I	F	Y	W	H	M	C	P
0	0.02668	0.11534	0.25704	0.01272	0.04742	0.02930	0.07933	0.01624	0.01154	0.09475	0.01140	0.04430	0.00924	0.02619	0.00532	0.00151	0.00608	0.00450	0.00310	0.19800
1	0.08358	0.05743	0.26371	0.04092	0.03638	0.03041	0.09738	0.05635	0.05053	0.06142	0.05534	0.03421	0.01139	0.02354	0.00577	0.00170	0.02341	0.00497	0.01774	0.04381
2	0.02714	0.01833	0.33878	0.01520	0.09425	0.06211	0.06632	0.05131	0.01241	0.05619	0.02792	0.05851	0.01160	0.00660	0.00562	0.00169	0.02574	0.06065	0.00318	0.05646
3	0.01285	0.15974	0.30556	0.01438	0.08261	0.03218	0.05235	0.04419	0.08684	0.04829	0.01123	0.02693	0.00881	0.00547	0.00517	0.00154	0.02915	0.00436	0.00301	0.06533
4	0.03433	0.09033	0.23447	0.05451	0.06397	0.03557	0.11728	0.09132	0.08102	0.06908	0.01191	0.03038	0.00913	0.00564	0.00537	0.00163	0.02391	0.00478	0.00332	0.03206
5	0.03031	0.04821	0.39961	0.10126	0.02144	0.03522	0.05382	0.09432	0.01264	0.01796	0.01101	0.02652	0.02440	0.00542	0.00498	0.00157	0.00686	0.00440	0.00283	0.09723
6	0.02722	0.29001	0.25244	0.03486	0.01794	0.05443	0.08494	0.01574	0.01130	0.02798	0.03472	0.05668	0.00998	0.00581	0.00510	0.00151	0.03494	0.00458	0.00270	0.02710
7	0.01161	0.01146	0.04984	0.35172	0.22844	0.01223	0.04002	0.06565	0.03412	0.01637	0.01182	0.01590	0.03047	0.00664	0.02259	0.00189	0.05668	0.02283	0.00286	0.00686
8	0.00758	0.00556	0.00797	0.00797	0.00873	0.00632	0.00595	0.00910	0.00834	0.01188	0.01464	0.02343	0.01437	0.18883	0.64566	0.00785	0.01242	0.00605	0.00290	0.00443
9	0.01059	0.01039	0.01846	0.60645	0.07115	0.01225	0.12689	0.01412	0.01081	0.01417	0.00950	0.01394	0.00725	0.00533	0.00603	0.00178	0.04736	0.00493	0.00241	0.00618
10	0.01291	0.16811	0.01489	0.00881	0.01330	0.06405	0.00738	0.07483	0.01231	0.01730	0.00918	0.01052	0.00765	0.00433	0.00398	0.00095	0.00479	0.00322	0.00311	0.55836
11	0.00783	0.00552	0.00693	0.00650	0.00795	0.00499	0.00490	0.01008	0.01442	0.04706	0.61392	0.04089	0.18697	0.01115	0.00620	0.00168	0.00260	0.00971	0.00567	0.00503
12	0.01248	0.01426	0.03119	0.02228	0.02763	0.01337	0.76203	0.01693	0.01248	0.01693	0.01070	0.01426	0.00802	0.00446	0.00624	0.00178	0.00891	0.00624	0.00267	0.00713
13	0.00709	0.00545	0.00614	0.00592	0.00756	0.00473	0.00446	0.00887	0.01320	0.03367	0.32197	0.04593	0.49164	0.01228	0.00622	0.00174	0.00265	0.01044	0.00528	0.00476
14	0.00721	0.00521	0.00566	0.00565	0.00627	0.00490	0.00352	0.00771	0.00930	0.01185	0.04772	0.04007	0.27002	0.53074	0.01960	0.00394	0.00425	0.00888	0.00383	0.00366
15	0.00767	0.00519	0.00612	0.00612	0.00624	0.00532	0.00364	0.00791	0.00779	0.01051	0.01634	0.03281	0.01845	0.71438	0.12567	0.00556	0.00629	0.00743	0.00316	0.00340
16	0.00985	0.00493	0.00493	0.00493	0.00616	0.00493	0.00370	0.01232	0.01109	0.01971	0.01725	0.01971	0.01355	0.00616	0.00370	0.00123	0.00246	0.00493	0.84356	0.00493
17	0.02010	0.01481	0.01587	0.01216	0.01639	0.01639	0.01005	0.76360	0.02486	0.03332	0.01269	0.01269	0.00899	0.00635	0.00529	0.00159	0.00582	0.00476	0.00529	0.00899
18	0.00998	0.00940	0.01586	0.80150	0.03641	0.01175	0.01468	0.01351	0.01057	0.01351	0.00940	0.01409	0.00705	0.00529	0.00529	0.00176	0.00705	0.00470	0.00235	0.00587
19	0.01315	0.01136	0.01195	0.01076	0.01375	0.01315	0.00837	0.02809	0.77168	0.02211	0.02152	0.01972	0.01614	0.00717	0.00538	0.00179	0.00418	0.00598	0.00538	0.00837
20	0.01157	0.01157	0.01619	0.01388	0.01388	0.01619	0.01157	0.01272	0.00810	0.01272	0.00694	0.01157	0.00694	0.00925	0.01735	0.00231	0.80453	0.00463	0.00231	0.00578
21	0.01983	0.01395	0.01518	0.01178	0.01589	0.01529	0.00968	0.62861	0.08935	0.10422	0.01425	0.01382	0.01001	0.00644	0.00530	0.00161	0.00555	0.00492	0.00542	0.00894
22	0.01248	0.01426	0.03119	0.02228	0.02763	0.01337	0.76203	0.01693	0.01248	0.01693	0.01070	0.01426	0.00802	0.00446	0.00624	0.00178	0.00891	0.00624	0.00267	0.00713
23	0.00644	0.00460	0.00613	0.00736	0.00767	0.00429	0.00491	0.00736	0.01012	0.01350	0.02914	0.81076	0.03497	0.01656	0.00675	0.00215	0.00307	0.01503	0.00491	0.00429
24	0.10143	0.01117	0.01297	0.01016	0.01414	0.01136	0.00835	0.26310	0.07507	0.41118	0.01697	0.01551	0.01129	0.00637	0.00512	0.00163	0.00486	0.00495	0.00574	0.00863
25	0.01248	0.01426	0.03119	0.02228	0.02763	0.01337	0.76203	0.01693	0.01248	0.01693	0.01070	0.01426	0.00802	0.00446	0.00624	0.00178	0.00891	0.00624	0.00267	0.00713
26	0.00701	0.00539	0.00641	0.00615	0.00761	0.00479	0.00462	0.00906	0.01385	0.01855	0.50056	0.04385	0.32942	0.01180	0.00624	0.00171	0.00256	0.01017	0.00547	0.00479
27	0.00752	0.00544	0.00714	0.00695	0.00817	0.00506	0.00531	0.00993	0.01446	0.02026	0.66360	0.06913	0.06269	0.01144	0.00636	0.00176	0.00275	0.08142	0.00568	0.00494
28	0.07120	0.01456	0.03667	0.14116	0.07075	0.17495	0.01066	0.16120	0.06943	0.17859	0.01291	0.01358	0.00926	0.00584	0.00505	0.00160	0.00638	0.00452	0.00414	0.00756
29	0.01060	0.02735	0.78682	0.01507	0.02288	0.01228	0.01953	0.01674	0.01116	0.01674	0.00949	0.01116	0.00670	0.00502	0.00502	0.00167	0.00781	0.00391	0.00223	0.00781
30	0.00692	0.00514	0.00645	0.00664	0.00769	0.00467	0.00478	0.00870	0.01288	0.01747	0.40622	0.28730	0.17944	0.01312	0.00640	0.00184	0.00271	0.01160	0.00536	0.00467
31	0.01174	0.01119	0.01904	0.36484	0.45931	0.01221	0.01556	0.01505	0.01140	0.01564	0.00971	0.01352	0.00780	0.00496	0.00526	0.00165	0.00661	0.00471	0.00250	0.00729
32	0.03228	0.01463	0.18432	0.29537	0.31812	0.01222	0.03736	0.01539	0.01128	0.01600	0.00961	0.01294	0.00748	0.00498	0.00519	0.00167	0.00690	0.00453	0.00246	0.00728
33	0.01315	0.01136	0.01195	0.01076	0.01375	0.01315	0.00837	0.02809	0.77168	0.02211	0.02152	0.01972	0.01614	0.00717	0.00538	0.00179	0.00418	0.00598	0.00538	0.00837
34	0.01210	0.02977	0.09494	0.04084	0.05876	0.01000	0.13145	0.05030	0.04205	0.04067	0.03531	0.01324	0.00961	0.00476	0.00475	0.00125	0.00547	0.00431	0.00327	0.40714
35	0.01001	0.00920	0.01289	0.01148	0.01175	0.01229	0.00926	0.01125	0.00817	0.01233	0.01003	0.01664	0.01003	0.10407	0.23846	0.00437	0.49474	0.00525	0.00256	0.00521
36	0.50726	0.01033	0.00958	0.00817	0.01147	0.02800	0.00663	0.09575	0.01223	0.17903	0.02590	0.06346	0.01028	0.00626	0.00421	0.00166	0.00438	0.00448	0.00429	0.00664
37	0.01307	0.04207	0.06613	0.12331	0.32767	0.03134	0.18121	0.03879	0.05056	0.04060	0.01103	0.01373	0.00859	0.00501	0.00536	0.00163	0.00686	0.00499	0.02045	0.00760
38	0.03172	0.19115	0.03755	0.21910	0.02072	0.05941	0.07456	0.12921	0.01284	0.04016	0.00972	0.01249	0.00776	0.00689	0.00697	0.10292	0.02320	0.00429	0.00297	0.00638
39	0.00765	0.00534	0.00667	0.00668	0.00792	0.00481	0.00488	0.00945	0.01303	0.05138	0.38554	0.24828	0.20326	0.01273	0.00634	0.00182	0.00278	0.01119	0.00541	0.00486
40	0.00998	0.00940	0.01586	0.80150	0.03641	0.01175	0.01468	0.01351	0.01057	0.01351	0.00940	0.01409	0.00705	0.00529	0.00529	0.00176	0.00705	0.00470	0.00235	0.00587
41	0.00909	0.00524	0.00583	0.00610	0.00714	0.00520	0.00440	0.04337	0.01135	0.01810	0.02126	0.29935	0.02093	0.00985	0.00485	0.00157	0.00282	0.00849	0.51016	0.00488
42	0.00822	0.00621	0.00736	0.00730	0.00893	0.00594	0.00568	0.01162	0.09923	0.03664	0.26644	0.09618	0.27899	0.01213	0.00632	0.00187	0.00321	0.12721	0.00528	0.00523
43	0.01915	0.01369	0.01488	0.01160	0.01561	0.01495	0.00955	0.62355	0.06586	0.07518	0.01412	0.01483	0.01031	0.00658	0.00529	0.00160	0.00550	0.02572	0.02319	0.02887
44	0.00661	0.00480	0.00628	0.00741	0.00792	0.00447	0.00516	0.00771	0.01047	0.01377	0.03111	0.67773	0.09794	0.01611	0.00676	0.00214	0.00320	0.08114	0.00490	0.00436
45	0.34106	0.00947	0.01054	0.00847	0.01224	0.00934	0.00699	0.02184	0.01278	0.49310	0.01568	0.01439	0.01026	0.00592	0.00453	0.00164	0.00434	0.00438	0.00529	0.00774
46	0.02010	0.01481	0.01587	0.01216	0.01639	0.01639	0.01005	0.76360	0.02486	0.03332	0.01269	0.01269	0.00899	0.00635	0.00529	0.00159	0.00582	0.00476	0.00529	0.00899
47	0.00998	0.00940	0.01586	0.80150	0.03641	0.01175	0.01468	0.01351	0.01057	0.01351	0.00940	0.01409	0.00705	0.00529	0.00529	0.00176	0.00705	0.00470	0.00235	0.00587
48	0.01222	0.01381	0.02980	0.02147	0.02647	0.01309	0.71170	0.01644	0.01226	0.01668	0.01131	0.04542	0.00905	0.00506	0.00656	0.00181	0.03057	0.00654	0.00275	0.00698
49	0.01492	0.01579	0.02566	0.01894	0.02359	0.12026	0.49597	0.16212	0.01511	0.01946	0.01065	0.01325	0.00802	0.00507	0.00612	0.00170	0.02735	0.00553	0.00318	0.00732
50	0.00651	0.00463	0.00611	0.00727	0.00756	0.00434	0.00481	0.00738	0.00998	0.01331	0.02843	0.76654	0.03407	0.06201	0.00790	0.00232	0.00318	0.01461	0.00481	0.00423
51	0.00985	0.00493	0.00493	0.00493	0.00616	0.00493	0.00370	0.01232	0.01109	0.01971	0.01725	0.01971	0.01355	0.00616	0.00370	0.00123	0.00246	0.00493	0.84356	0.00493
52	0.10268	0.00588	0.00575	0.00562	0.00747	0.00539	0.00427	0.00911	0.01188	0.01644	0.10999	0.04235	0.55969	0.01157	0.00569	0.00171	0.00280	0.00953	0.07749	0.00469
53	0.01881	0.02363	0.01512	0.01365	0.01606	0.70357	0.01037	0.02014	0.01419	0.01291	0.00803	0.00977	0.00682	0.00589	0.00622	0.00147	0.10105	0.00355	0.00268	0.00609
54	0.01586	0.03390	0.05304	0.01244	0.10875	0.00942	0.03027	0.06882	0.01336	0.25295	0.01318	0.01352	0.00950	0.00507	0.00471	0.00128	0.00490	0.00422	0.00418	0.34064
55	0.01228	0.15428	0.24158	0.01719	0.02282	0.01409	0.37429	0.01653	0.01170	0.03047	0.01033	0.03143	0.00815	0.00507	0.00568	0.00166	0.02750	0.00516	0.00260	0.00720
56	0.00739	0.00533	0.00698	0.00671	0.00788	0.00493	0.00498	0.00975	0.01454	0.02052	0.71280	0.10705	0.04857	0.01131	0.00628	0.00171	0.00254	0.01004	0.00574	0.00493
57	0.01045	0.00993	0.01697	0.68088	0.13504	0.01189	0.03269	0.01395	0.01081	0.01409	0.00950	0.01396	0.00725	0.00519	0.00530	0.00174	0.00699	0.00474	0.00239	0.00623
58	0.01374	0.01178	0.01877	0.21566	0.44973	0.01255	0.01453	0.09687	0.01318	0.06770	0.01075	0.01357	0.00839	0.00525	0.00554	0.00164	0.02471	0.00475	0.00309	0.00781
59	0.00649	0.00469	0.00616	0.00731	0.00773	0.00435	0.00496	0.00748	0.01029	0.01361	0.03056	0.74403	0.07925	0.01632	0.00673	0.00213	0.00310	0.03559	0.00491	0.00432
60	0.03387	0.01382	0.01770	0.10486	0.40057	0.13209	0.01308	0.07314	0.01325	0.04889	0.01015	0.01250	0.00812	0.00501	0.00500	0.00148	0.00646	0.00433	0.00303	0.09266
61	0.01760	0.01788	0.01614	0.01341	0.01673	0.30886	0.07467	0.24485	0.15904	0.02112	0.01219	0.01290	0.00932	0.00614	0.00577	0.00159	0.04576	0.00460	0.00397	0.00748
62	0.01316	0.01283	0.01090	0.00980	0.01202	0.23069	0.00751	0.12188	0.07924	0.01995	0.31207	0.06037	0.05501	0.00878	0.00566	0.00162	0.00519	0.02250	0.00474	0.00611
63	0.17201	0.01183	0.01208	0.00996	0.01358	0.05580	0.00801	0.15561	0.21860	0.21782	0.01571	0.01490	0.01116	0.00616	0.00484	0.00161	0.00483	0.00471	0.00499	0.05578
64	0.00673	0.00480	0.00640	0.00751	0.00794	0.00453	0.00521	0.00785	0.01049	0.01400	0.06531	0.67698	0.03479	0.03968	0.00737	0.00224	0.00328	0.08565	0.00490	0.00435
65	0.00707	0.00561	0.00650	0.00691	0.00849	0.00504	0.00561	0.00882	0.01217	0.01501	0.06512	0.05360	0.49855	0.01374	0.00661	0.00201	0.00343	0.26616	0.00492	0.00462
66	0.01975	0.02520	0.01498	0.01362	0.01634	0.79299	0.01021	0.02111	0.01498	0.01294	0.00817	0.00953	0.00681	0.00545	0.00477	0.00136	0.00953	0.00340	0.00272	0.00613
67	0.01069	0.04640	0.76851	0.01492	0.02266	0.01249	0.01928	0.01672	0.01115	0.01664	0.00944	0.01110	0.00670	0.00501	0.00498	0.00166	0.00776	0.00388	0.00223	0.00779
68	0.01015	0.00952	0.01604	0.70755	0.10173	0.01158	0.01450	0.01355	0.01069	0.01384	0.01008	0.03964	0.00806	0.00560	0.00533	0.00176	0.00685	0.00503	0.00246	0.00604
69	0.00985	0.00493	0.00493	0.00493	0.00616	0.00493	0.00370	0.01232	0.01109	0.01971	0.01725	0.01971	0.01355	0.00616	0.00370	0.00123	0.00246	0.00493	0.84356	0.00493
70	0.00644	0.00460	0.00613	0.00736	0.00767	0.00429	0.00491	0.00736	0.01012	0.01350	0.02914	0.81076	0.03497	0.01656	0.00675	0.00215	0.00307	0.01503	0.00491	0.00429
71	0.01268	0.49317	0.33923	0.01152	0.01739	0.01737	0.01335	0.01620	0.01091	0.01420	0.00823	0.00958	0.00675	0.00473	0.00406	0.00135	0.00654	0.00327	0.00225	0.00721
72	0.00757	0.00541	0.00743	0.00866	0.00946	0.00527	0.00688	0.00932	0.01124	0.01476	0.02851	0.40115	0.03249	0.01549	0.00705	0.00230	0.00405	0.41346	0.00489	0.00461
73	0.01644	0.00813	0.01226	0.01001	0.01304	0.00722	0.09243	0.01843	0.01333	0.42927	0.04206	0.22597	0.06868	0.00945	0.00587	0.00180	0.00446	0.00842	0.00556	0.00717
74	0.01354	0.01282	0.01803	0.08460	0.39433	0.06131	0.04071	0.07317	0.12464	0.01858	0.01166	0.01371	0.00929	0.00519	0.00513	0.00153	0.00605	0.00471	0.00326	0.09774
75	0.01463	0.01462	0.09150	0.02413	0.45156	0.05968	0.04389	0.11616	0.02685	0.06584	0.01158	0.03504	0.00934	0.00547	0.00528	0.00160	0.00643	0.00497	0.00329	0.00814
76	0.19916	0.01381	0.01540	0.04013	0.24311	0.09818	0.01096	0.22309	0.05236	0.03940	0.01073	0.01207	0.00824	0.00546	0.00478	0.00158	0.00591	0.00425	0.00372	0.00766

[dist]
# distance from previous block
# <min> <max>
0	31

[block]
# block no. 4 follows, 46 sequences, length 145
# corresponding to MSA columns:
# 331-475
name=unknown_E
#
# <colnr> <probs for GDERKNQSTAVLIFYWHMCP>
#	G	D	E	R	K	N	Q	S	T	A	V	L	I	F	Y	W	H	M	C	P
0	0.17818	0.01324	0.03494	0.01615	0.13188	0.01368	0.16523	0.26702	0.03284	0.02372	0.01081	0.01255	0.00821	0.00628	0.02551	0.00181	0.02246	0.00468	0.00372	0.02712
1	0.14755	0.01101	0.01415	0.24772	0.13278	0.01242	0.01092	0.22606	0.01463	0.02200	0.01098	0.01331	0.00832	0.00554	0.00478	0.00160	0.00559	0.00445	0.09920	0.00699
2	0.00985	0.00493	0.00493	0.00493	0.00616	0.00493	0.00370	0.01232	0.01109	0.01971	0.01725	0.01971	0.01355	0.00616	0.00370	0.00123	0.00246	0.00493	0.84356	0.00493
3	0.01233	0.01129	0.06698	0.01057	0.06422	0.00889	0.00838	0.08672	0.01263	0.04793	0.03989	0.01267	0.00970	0.00480	0.00473	0.00108	0.02677	0.00382	0.00345	0.56316
4	0.00772	0.00569	0.00757	0.00756	0.00810	0.00620	0.00532	0.00873	0.00848	0.01185	0.01689	0.14559	0.01832	0.32323	0.32761	0.00576	0.04865	0.00773	0.00327	0.02574
5	0.01120	0.01027	0.01705	0.09457	0.47624	0.01083	0.01312	0.01391	0.01078	0.01533	0.01111	0.01581	0.00981	0.04195	0.20276	0.00346	0.02711	0.00505	0.00266	0.00699
6	0.06622	0.01466	0.01392	0.04752	0.10250	0.23320	0.00968	0.09217	0.09195	0.20167	0.04363	0.01566	0.03145	0.00626	0.00509	0.00157	0.00619	0.00486	0.00433	0.00745
7	0.01379	0.01162	0.02019	0.06976	0.02075	0.01097	0.32747	0.06869	0.05182	0.12316	0.06161	0.01593	0.01177	0.00537	0.00550	0.00155	0.00638	0.00552	0.00378	0.16436
8	0.01534	0.01226	0.03462	0.16943	0.01930	0.06447	0.04285	0.18420	0.11874	0.13386	0.03685	0.01601	0.01144	0.02293	0.04015	0.00202	0.03202	0.00513	0.00424	0.03416
9	0.01235	0.00728	0.01106	0.01007	0.02573	0.00673	0.08177	0.01403	0.01179	0.23337	0.02343	0.44665	0.02403	0.01172	0.00645	0.00192	0.02471	0.01058	0.00499	0.03135
10	0.00722	0.00550	0.00679	0.00700	0.02175	0.00498	0.00516	0.00908	0.01309	0.01736	0.36926	0.09731	0.30177	0.01255	0.00673	0.02348	0.00294	0.07810	0.00520	0.00474
11	0.01161	0.10428	0.45420	0.01715	0.04397	0.01351	0.24795	0.01669	0.01155	0.01637	0.00965	0.01190	0.00716	0.00479	0.00524	0.00165	0.00789	0.00454	0.00238	0.00751
12	0.18693	0.06936	0.07759	0.07645	0.01717	0.17660	0.03283	0.21869	0.01508	0.02111	0.01031	0.01167	0.02246	0.00574	0.00513	0.00158	0.03685	0.00405	0.00345	0.00696
13	0.00651	0.00465	0.00621	0.00740	0.00775	0.00435	0.00499	0.00750	0.01028	0.01373	0.04626	0.77566	0.03520	0.01639	0.00675	0.00214	0.00310	0.03187	0.00493	0.00432
14	0.01474	0.01302	0.01787	0.26148	0.24040	0.05350	0.03585	0.25956	0.01593	0.02112	0.01060	0.01312	0.00808	0.00545	0.00527	0.00163	0.00661	0.00470	0.00341	0.00765
15	0.01465	0.32586	0.24438	0.01244	0.01743	0.22327	0.03173	0.03133	0.02762	0.01451	0.00866	0.00999	0.00703	0.00500	0.00438	0.00139	0.00737	0.00348	0.00250	0.00699
16	0.13276	0.04364	0.03710	0.00833	0.01041	0.02869	0.00656	0.05779	0.06044	0.08798	0.06790	0.31578	0.04328	0.04560	0.00686	0.02363	0.00412	0.00891	0.00452	0.00571
17	0.01942	0.00959	0.01178	0.00941	0.01302	0.00917	0.00764	0.14883	0.08134	0.46875	0.02398	0.04531	0.11193	0.00775	0.00548	0.00168	0.00442	0.00632	0.00597	0.00822
18	0.00652	0.00466	0.00621	0.00731	0.00769	0.00435	0.00491	0.00757	0.01050	0.01410	0.08784	0.75034	0.03613	0.01611	0.00671	0.00211	0.00302	0.01460	0.00498	0.00435
19	0.03133	0.00857	0.00942	0.00835	0.01019	0.00917	0.00623	0.20890	0.09366	0.04040	0.01730	0.04642	0.01642	0.30848	0.01334	0.00297	0.00481	0.06427	0.09394	0.00582
