[name]
unknown

[dist]
# distance from previous block
# <min> <max>
0	57

[block]
# block no. 0 follows, 41 sequences, length 53
# corresponding to MSA columns:
# 358-410
name=unknown_A
#
# <colnr> <probs for GDERKNQSTAVLIFYWHMCP>
#	G	D	E	R	K	N	Q	S	T	A	V	L	I	F	Y	W	H	M	C	P
0	0.02479	0.00993	0.01325	0.01029	0.01462	0.00885	0.00846	0.02807	0.07240	0.71072	0.02262	0.01961	0.01441	0.00713	0.00576	0.00178	0.00484	0.00581	0.00698	0.00968
1	0.00727	0.00516	0.00649	0.00744	0.00778	0.00487	0.00482	0.00806	0.01046	0.01383	0.02992	0.57535	0.07612	0.19979	0.01235	0.00305	0.00381	0.01416	0.00488	0.00438
2	0.02137	0.02726	0.01621	0.01474	0.01768	0.77602	0.01105	0.02284	0.01621	0.01400	0.00884	0.01031	0.00737	0.00589	0.00516	0.00147	0.01031	0.00368	0.00295	0.00663
3	0.01505	0.25658	0.34527	0.01432	0.05298	0.06192	0.01504	0.06163	0.03864	0.07212	0.01105	0.01215	0.00836	0.00557	0.00495	0.00161	0.00727	0.00413	0.00312	0.00823
4	0.00695	0.00506	0.00655	0.00773	0.00824	0.00467	0.00521	0.00799	0.01117	0.01469	0.03434	0.71631	0.11495	0.01755	0.00724	0.00228	0.00327	0.01581	0.00531	0.00467
5	0.00878	0.00534	0.00603	0.00634	0.00686	0.00527	0.00407	0.00989	0.01014	0.01529	0.02137	0.20802	0.02272	0.35574	0.01575	0.00340	0.00408	0.00917	0.27738	0.00436
6	0.01182	0.09930	0.70265	0.01572	0.02385	0.01413	0.02011	0.01803	0.01204	0.01769	0.01006	0.01181	0.00725	0.00539	0.00528	0.00176	0.00824	0.00412	0.00242	0.00835
7	0.23776	0.19672	0.01617	0.01006	0.01406	0.06342	0.00853	0.05470	0.14557	0.18000	0.01412	0.01385	0.01040	0.00613	0.00465	0.00165	0.00539	0.00438	0.00451	0.00791
8	0.01346	0.01530	0.03302	0.02370	0.02923	0.01460	0.70976	0.01812	0.01329	0.01812	0.01139	0.01530	0.00863	0.00505	0.00729	0.00195	0.04460	0.00667	0.00288	0.00765
9	0.83938	0.01106	0.00841	0.00752	0.01106	0.01283	0.00619	0.01681	0.00973	0.02566	0.00796	0.00929	0.00619	0.00531	0.00354	0.00177	0.00442	0.00310	0.00354	0.00619
10	0.00994	0.00497	0.00745	0.00745	0.00745	0.00497	0.00497	0.00745	0.00745	0.00994	0.00994	0.01739	0.00994	0.01987	0.02235	0.83358	0.00497	0.00497	0.00248	0.00248
11	0.23787	0.10719	0.01362	0.00909	0.01327	0.01143	0.00764	0.05249	0.01373	0.27526	0.05881	0.01537	0.01245	0.00614	0.00471	0.00155	0.00473	0.00457	0.00485	0.14521
12	0.00756	0.00564	0.00629	0.00632	0.00732	0.00517	0.00423	0.00859	0.01152	0.01477	0.13857	0.10291	0.32495	0.31377	0.01533	0.00332	0.00391	0.01072	0.00474	0.00437
13	0.01170	0.07608	0.72486	0.01591	0.02415	0.01385	0.02045	0.01805	0.01205	0.01783	0.01013	0.01190	0.00725	0.00540	0.00533	0.00178	0.00831	0.00416	0.00242	0.00839
14	0.00783	0.00578	0.00699	0.00672	0.00797	0.00529	0.00484	0.00979	0.01416	0.01925	0.47610	0.04467	0.21035	0.14317	0.01047	0.00245	0.00322	0.01040	0.00560	0.00495
15	0.01073	0.00904	0.01041	0.01056	0.05927	0.00952	0.00747	0.01885	0.32886	0.02099	0.20301	0.05968	0.20752	0.01048	0.00630	0.00190	0.00381	0.00897	0.00560	0.00703
16	0.18553	0.09837	0.01607	0.01132	0.01551	0.06058	0.00945	0.40910	0.02004	0.07653	0.01240	0.01277	0.00907	0.00629	0.00498	0.00165	0.00593	0.00447	0.03151	0.00844
17	0.83938	0.01106	0.00841	0.00752	0.01106	0.01283	0.00619	0.01681	0.00973	0.02566	0.00796	0.00929	0.00619	0.00531	0.00354	0.00177	0.00442	0.00310	0.00354	0.00619
18	0.01285	0.01423	0.06234	0.05247	0.06268	0.06445	0.06470	0.01498	0.01017	0.01466	0.00883	0.01338	0.00807	0.01059	0.06039	0.00268	0.50823	0.00508	0.00261	0.00662
19	0.00685	0.00578	0.00582	0.00582	0.00764	0.00487	0.00429	0.00822	0.01275	0.01519	0.05554	0.05399	0.71645	0.06169	0.00811	0.00215	0.00306	0.01185	0.00520	0.00475
20	0.83938	0.01106	0.00841	0.00752	0.01106	0.01283	0.00619	0.01681	0.00973	0.02566	0.00796	0.00929	0.00619	0.00531	0.00354	0.00177	0.00442	0.00310	0.00354	0.00619
21	0.01415	0.01162	0.03990	0.12791	0.01935	0.01178	0.11219	0.20506	0.06109	0.04811	0.09530	0.07752	0.01733	0.00774	0.00584	0.00179	0.00575	0.00685	0.12334	0.00739
22	0.00726	0.00526	0.00685	0.00762	0.00833	0.00486	0.00527	0.00873	0.01248	0.01688	0.22756	0.54726	0.08835	0.01604	0.00712	0.00216	0.00313	0.01442	0.00557	0.00486
23	0.01531	0.06266	0.01413	0.01144	0.01490	0.01439	0.00909	0.04304	0.63527	0.08041	0.02206	0.02027	0.01641	0.00751	0.00568	0.00188	0.00469	0.00617	0.00570	0.00901
24	0.00914	0.00603	0.00793	0.00745	0.00891	0.00553	0.00558	0.01167	0.01580	0.07005	0.65752	0.09848	0.05019	0.01187	0.00672	0.00184	0.00288	0.01050	0.00627	0.00562
25	0.01772	0.06298	0.01504	0.01200	0.01524	0.26549	0.00947	0.20326	0.11113	0.04820	0.16188	0.01926	0.01874	0.00751	0.00563	0.00165	0.00663	0.00576	0.00479	0.00762
26	0.00784	0.00584	0.00730	0.00693	0.00839	0.00529	0.00520	0.01031	0.01560	0.02153	0.62844	0.04504	0.18669	0.01222	0.00675	0.00182	0.00274	0.01067	0.00611	0.00529
27	0.01186	0.01017	0.01186	0.00847	0.01356	0.00762	0.00678	0.01440	0.01186	0.01864	0.01017	0.01186	0.00847	0.00424	0.00424	0.00085	0.00424	0.00339	0.00339	0.83395
28	0.00946	0.00528	0.00792	0.00792	0.00819	0.00555	0.00555	0.00819	0.00792	0.01083	0.01137	0.01874	0.01110	0.02601	0.22342	0.61373	0.00773	0.00528	0.00264	0.00318
29	0.01936	0.15642	0.09409	0.01407	0.01789	0.57416	0.01185	0.02142	0.01503	0.01432	0.00884	0.01030	0.00735	0.00568	0.00494	0.00147	0.00943	0.00363	0.00281	0.00693
30	0.02396	0.01152	0.01426	0.01104	0.01543	0.01118	0.00909	0.21410	0.06336	0.53267	0.02031	0.01809	0.01321	0.00707	0.00575	0.00177	0.00522	0.00564	0.00665	0.00969
31	0.00729	0.00532	0.00698	0.00800	0.00864	0.00484	0.00541	0.00839	0.01101	0.01487	0.03013	0.74404	0.03591	0.01703	0.00710	0.00223	0.00338	0.01542	0.00518	0.05886
32	0.00862	0.00616	0.00853	0.00985	0.01090	0.00607	0.00818	0.01081	0.01258	0.01645	0.03062	0.25939	0.03423	0.01637	0.00774	0.00255	0.00475	0.53584	0.00528	0.00510
33	0.01979	0.01285	0.01444	0.01176	0.01576	0.01385	0.00949	0.26816	0.31400	0.22621	0.01990	0.01830	0.01400	0.00728	0.00577	0.00182	0.00521	0.00584	0.00612	0.00946
34	0.01792	0.02182	0.11116	0.02058	0.21797	0.34065	0.04808	0.11886	0.01618	0.01896	0.01032	0.01226	0.00819	0.00571	0.00548	0.00163	0.00857	0.00447	0.00323	0.00797
35	0.01614	0.63546	0.02671	0.01014	0.01481	0.02102	0.00970	0.13698	0.01416	0.01755	0.00941	0.01049	0.00808	0.00530	0.00402	0.00131	0.00599	0.00351	0.04158	0.00764
36	0.02174	0.01602	0.01717	0.01316	0.01774	0.01774	0.01087	0.74423	0.02689	0.03605	0.01373	0.01373	0.00973	0.00687	0.00572	0.00172	0.00629	0.00515	0.00572	0.00973
37	0.01813	0.01229	0.01362	0.01097	0.01446	0.01325	0.00887	0.46396	0.02156	0.08644	0.05993	0.06727	0.01535	0.00946	0.04023	0.00205	0.00568	0.00628	0.12189	0.00832
38	0.00698	0.00560	0.00623	0.00651	0.00797	0.00485	0.00471	0.00846	0.01290	0.01616	0.13728	0.23821	0.49406	0.01500	0.00689	0.00201	0.00298	0.01291	0.00543	0.00485
39	0.01178	0.09192	0.70971	0.01578	0.02394	0.01404	0.02022	0.01803	0.01204	0.01774	0.01008	0.01184	0.00725	0.00539	0.00529	0.00176	0.00826	0.00413	0.00242	0.00836
40	0.00914	0.00618	0.00741	0.00690	0.00876	0.00544	0.00525	0.01129	0.01494	0.08701	0.41142	0.04558	0.33464	0.01240	0.00666	0.00185	0.00297	0.01062	0.00597	0.00556
41	0.01873	0.06507	0.12373	0.01420	0.04216	0.06106	0.01246	0.41456	0.04478	0.05768	0.01263	0.01342	0.00931	0.00675	0.00670	0.00177	0.07669	0.00486	0.00457	0.00887
42	0.01905	0.32314	0.02146	0.01285	0.01654	0.48845	0.01057	0.02066	0.01446	0.01379	0.00850	0.00988	0.00736	0.00551	0.00459	0.00138	0.00871	0.00345	0.00276	0.00690
43	0.00924	0.00571	0.00761	0.00799	0.00903	0.00525	0.00566	0.01083	0.01295	0.09594	0.22941	0.50845	0.03975	0.01508	0.00699	0.00212	0.00331	0.01354	0.00576	0.00539
44	0.01245	0.01069	0.01116	0.01022	0.01270	0.05936	0.00797	0.06775	0.33008	0.02223	0.21370	0.03069	0.07132	0.01160	0.05123	0.00233	0.00512	0.05660	0.00552	0.00726
45	0.00681	0.00561	0.00599	0.00629	0.00786	0.00479	0.00457	0.00815	0.01256	0.01526	0.05187	0.22537	0.59458	0.01528	0.00688	0.00202	0.00299	0.01304	0.00531	0.00479
46	0.01672	0.01355	0.06152	0.01122	0.01498	0.01379	0.00953	0.35521	0.20410	0.02857	0.01700	0.01723	0.01261	0.00695	0.00534	0.00169	0.00518	0.00546	0.19085	0.00849
47	0.00730	0.00534	0.00674	0.00737	0.00815	0.00491	0.00509	0.00871	0.01237	0.01655	0.21278	0.46192	0.14198	0.06285	0.00840	0.00233	0.00324	0.01375	0.00544	0.00478
48	0.01080	0.01017	0.01716	0.78523	0.03940	0.01271	0.01589	0.01461	0.01144	0.01461	0.01017	0.01525	0.00762	0.00572	0.00572	0.00191	0.00762	0.00508	0.00254	0.00635
49	0.01186	0.01017	0.01186	0.00847	0.01356	0.00762	0.00678	0.01440	0.01186	0.01864	0.01017	0.01186	0.00847	0.00424	0.00424	0.00085	0.00424	0.00339	0.00339	0.83395
50	0.01042	0.00897	0.01432	0.01741	0.25931	0.00864	0.05249	0.01347	0.01499	0.02126	0.46875	0.03169	0.03648	0.00911	0.00639	0.00177	0.00446	0.00840	0.00495	0.00674
51	0.01812	0.01244	0.01918	0.04833	0.11307	0.01247	0.16557	0.07039	0.18752	0.26415	0.01785	0.01784	0.01258	0.00644	0.00596	0.00184	0.00624	0.00598	0.00510	0.00893
52	0.01080	0.01017	0.01716	0.78523	0.03940	0.01271	0.01589	0.01461	0.01144	0.01461	0.01017	0.01525	0.00762	0.00572	0.00572	0.00191	0.00762	0.00508	0.00254	0.00635

[dist]
# distance from previous block
# <min> <max>
5	7

[block]
# block no. 1 follows, 41 sequences, length 25
# corresponding to MSA columns:
# 420-444
name=unknown_B
#
# <colnr> <probs for GDERKNQSTAVLIFYWHMCP>
#	G	D	E	R	K	N	Q	S	T	A	V	L	I	F	Y	W	H	M	C	P
0	0.01928	0.01480	0.01578	0.01266	0.01680	0.01659	0.01028	0.51046	0.26467	0.03208	0.01686	0.01622	0.01226	0.00716	0.00575	0.00179	0.00572	0.00558	0.00575	0.00951
1	0.00922	0.00658	0.00922	0.01053	0.01185	0.00658	0.00922	0.01185	0.01317	0.01712	0.03029	0.06452	0.03292	0.01580	0.00790	0.00263	0.00527	0.72480	0.00527	0.00527
2	0.00702	0.00513	0.00649	0.00754	0.00809	0.00473	0.00505	0.00802	0.01110	0.01451	0.03460	0.63981	0.14343	0.06512	0.00855	0.00246	0.00339	0.01516	0.00520	0.00460
3	0.01147	0.02959	0.76934	0.01630	0.02476	0.01328	0.02113	0.01811	0.01208	0.01811	0.01026	0.01208	0.00725	0.00543	0.00543	0.00181	0.00845	0.00423	0.00242	0.00845
4	0.02174	0.01602	0.01717	0.01316	0.01774	0.01774	0.01087	0.74423	0.02689	0.03605	0.01373	0.01373	0.00973	0.00687	0.00572	0.00172	0.00629	0.00515	0.00572	0.00973
5	0.00922	0.00658	0.00922	0.01053	0.01185	0.00658	0.00922	0.01185	0.01317	0.01712	0.03029	0.06452	0.03292	0.01580	0.00790	0.00263	0.00527	0.72480	0.00527	0.00527
6	0.00994	0.00497	0.00745	0.00745	0.00745	0.00497	0.00497	0.00745	0.00745	0.00994	0.00994	0.01739	0.00994	0.01987	0.02235	0.83358	0.00497	0.00497	0.00248	0.00248
7	0.02174	0.01602	0.01717	0.01316	0.01774	0.01774	0.01087	0.74423	0.02689	0.03605	0.01373	0.01373	0.00973	0.00687	0.00572	0.00172	0.00629	0.00515	0.00572	0.00973
8	0.02174	0.01602	0.01717	0.01316	0.01774	0.01774	0.01087	0.74423	0.02689	0.03605	0.01373	0.01373	0.00973	0.00687	0.00572	0.00172	0.00629	0.00515	0.00572	0.00973
9	0.01145	0.00679	0.00921	0.00904	0.01088	0.00637	0.00744	0.01404	0.01500	0.14345	0.34282	0.04771	0.03887	0.01260	0.00705	0.00213	0.00410	0.29897	0.00601	0.00606
10	0.02174	0.01602	0.01717	0.01316	0.01774	0.01774	0.01087	0.74423	0.02689	0.03605	0.01373	0.01373	0.00973	0.00687	0.00572	0.00172	0.00629	0.00515	0.00572	0.00973
11	0.02169	0.01753	0.01704	0.01337	0.01773	0.11953	0.01090	0.64739	0.02546	0.03309	0.01308	0.01327	0.00941	0.00674	0.00565	0.00168	0.00683	0.00495	0.00535	0.00931
12	0.02174	0.01602	0.01717	0.01316	0.01774	0.01774	0.01087	0.74423	0.02689	0.03605	0.01373	0.01373	0.00973	0.00687	0.00572	0.00172	0.00629	0.00515	0.00572	0.00973
13	0.00892	0.00637	0.00887	0.01019	0.01137	0.00632	0.00869	0.01133	0.01287	0.01678	0.03045	0.16255	0.03358	0.01609	0.00782	0.00259	0.00501	0.62974	0.00527	0.00518
14	0.01353	0.01534	0.03323	0.02465	0.06628	0.01442	0.70656	0.01828	0.01348	0.01834	0.01153	0.01537	0.00870	0.00484	0.00670	0.00192	0.00950	0.00667	0.00289	0.00778
15	0.00763	0.00545	0.00740	0.00872	0.00935	0.00522	0.00647	0.00911	0.01161	0.01535	0.03116	0.57916	0.03638	0.01729	0.00748	0.00241	0.00389	0.22579	0.00530	0.00483
16	0.02566	0.00973	0.01327	0.01018	0.01460	0.00841	0.00841	0.02788	0.01637	0.76726	0.02257	0.01947	0.01416	0.00708	0.00575	0.00177	0.00487	0.00575	0.00708	0.00973
17	0.01212	0.02351	0.47033	0.06833	0.02745	0.01365	0.26667	0.01796	0.01252	0.01796	0.01070	0.01342	0.00776	0.00524	0.00590	0.00186	0.00881	0.00514	0.00259	0.00807
18	0.01172	0.07921	0.72187	0.01588	0.02411	0.01388	0.02040	0.01805	0.01205	0.01782	0.01012	0.01189	0.00725	0.00540	0.00532	0.00177	0.00830	0.00415	0.00242	0.00838
19	0.00991	0.00557	0.00650	0.00650	0.00774	0.00588	0.00496	0.01238	0.01114	0.01888	0.01764	0.02167	0.01455	0.01768	0.23874	0.00372	0.00651	0.00557	0.57917	0.00526
20	0.00835	0.00597	0.00822	0.00954	0.01048	0.00584	0.00771	0.01035	0.01231	0.01615	0.03076	0.34577	0.03481	0.01662	0.00767	0.00251	0.00452	0.45209	0.00528	0.00503
21	0.01247	0.01939	0.32419	0.12737	0.34386	0.01313	0.01852	0.01721	0.01243	0.01786	0.01108	0.01501	0.00887	0.00565	0.00565	0.00180	0.00753	0.02694	0.00270	0.00833
22	0.01262	0.01356	0.02725	0.25911	0.05517	0.01409	0.44804	0.01686	0.01254	0.01690	0.01085	0.01515	0.00829	0.00544	0.00717	0.00195	0.05894	0.00607	0.00276	0.00724
23	0.01251	0.04439	0.35918	0.01375	0.01891	0.09866	0.04617	0.05257	0.01419	0.01938	0.19919	0.01977	0.01924	0.00734	0.00648	0.00179	0.04961	0.00587	0.00364	0.00735
24	0.06701	0.38034	0.14734	0.01178	0.01709	0.01895	0.01179	0.24427	0.01635	0.02203	0.01014	0.01109	0.00800	0.00562	0.00460	0.00151	0.00646	0.00391	0.00353	0.00820

[dist]
# distance from previous block
# <min> <max>
3	35

[block]
# block no. 2 follows, 41 sequences, length 69
# corresponding to MSA columns:
# 482-550
name=unknown_C
#
# <colnr> <probs for GDERKNQSTAVLIFYWHMCP>
#	G	D	E	R	K	N	Q	S	T	A	V	L	I	F	Y	W	H	M	C	P
0	0.01522	0.01367	0.01281	0.01131	0.01400	0.20889	0.04812	0.07943	0.08159	0.10563	0.07854	0.17326	0.11334	0.01007	0.00616	0.00184	0.00593	0.00845	0.00492	0.00683
1	0.01385	0.13718	0.01747	0.01179	0.01503	0.04108	0.04956	0.05619	0.06450	0.04838	0.01484	0.01649	0.07277	0.00732	0.00858	0.00167	0.20968	0.00510	0.00358	0.20494
2	0.01932	0.01719	0.01533	0.01255	0.01641	0.27996	0.03496	0.10839	0.06404	0.16583	0.01336	0.01379	0.00990	0.00614	0.00574	0.00152	0.03492	0.00454	0.00434	0.17176
3	0.05281	0.01912	0.01814	0.01822	0.16238	0.29612	0.05206	0.20138	0.08569	0.02202	0.01187	0.01316	0.00924	0.00607	0.00548	0.00166	0.00782	0.00472	0.00390	0.00814
4	0.02139	0.01205	0.01421	0.01122	0.01548	0.01220	0.00914	0.22729	0.17485	0.36515	0.01957	0.01785	0.01331	0.00701	0.00567	0.00174	0.00516	0.00561	0.00623	0.05486
5	0.00744	0.00573	0.00691	0.00766	0.00893	0.00521	0.00586	0.00904	0.01241	0.01560	0.04272	0.29115	0.35159	0.01590	0.00721	0.00223	0.00362	0.19061	0.00530	0.00488
6	0.06943	0.01543	0.27386	0.01042	0.01538	0.00906	0.01107	0.01494	0.01255	0.08567	0.02702	0.04589	0.25043	0.00862	0.00563	0.00172	0.00533	0.00698	0.00406	0.12652
7	0.83938	0.01106	0.00841	0.00752	0.01106	0.01283	0.00619	0.01681	0.00973	0.02566	0.00796	0.00929	0.00619	0.00531	0.00354	0.00177	0.00442	0.00310	0.00354	0.00619
8	0.00697	0.00498	0.00664	0.00796	0.00830	0.00465	0.00531	0.00796	0.01095	0.01460	0.03153	0.79525	0.03783	0.01792	0.00730	0.00232	0.00332	0.01626	0.00531	0.00465
9	0.01147	0.02959	0.76934	0.01630	0.02476	0.01328	0.02113	0.01811	0.01208	0.01811	0.01026	0.01208	0.00725	0.00543	0.00543	0.00181	0.00845	0.00423	0.00242	0.00845
10	0.01537	0.01605	0.02152	0.07236	0.57886	0.16148	0.01620	0.01842	0.01356	0.01755	0.01035	0.01347	0.00865	0.00529	0.00557	0.00167	0.00752	0.00482	0.00284	0.00844
11	0.00832	0.00555	0.00624	0.00624	0.00624	0.00555	0.00347	0.00832	0.00832	0.01109	0.01802	0.03743	0.02080	0.79898	0.02911	0.00555	0.00555	0.00832	0.00347	0.00347
12	0.02566	0.00973	0.01327	0.01018	0.01460	0.00841	0.00841	0.02788	0.01637	0.76726	0.02257	0.01947	0.01416	0.00708	0.00575	0.00177	0.00487	0.00575	0.00708	0.00973
13	0.01218	0.02465	0.51279	0.01903	0.02655	0.01370	0.27273	0.01819	0.01257	0.01819	0.01072	0.01325	0.00775	0.00522	0.00589	0.00185	0.00887	0.00511	0.00258	0.00820
14	0.01167	0.01002	0.01052	0.00974	0.01245	0.01099	0.00748	0.02276	0.49876	0.02097	0.03388	0.06938	0.23718	0.01024	0.00617	0.00196	0.00399	0.00860	0.00565	0.00759
15	0.00684	0.00578	0.00582	0.00582	0.00765	0.00486	0.00430	0.00821	0.01281	0.01524	0.05598	0.05418	0.72452	0.05313	0.00786	0.00211	0.00303	0.01189	0.00522	0.00476
16	0.01519	0.78224	0.04928	0.00996	0.01494	0.02239	0.01008	0.01715	0.01163	0.01358	0.00801	0.00925	0.00734	0.00491	0.00372	0.00124	0.00618	0.00309	0.00245	0.00737
17	0.02122	0.02576	0.01622	0.01450	0.01761	0.68146	0.01098	0.09407	0.03650	0.01643	0.00970	0.01094	0.00786	0.00604	0.00523	0.00151	0.00977	0.00390	0.00330	0.00700
18	0.00773	0.00583	0.00714	0.00681	0.00832	0.00524	0.00511	0.01008	0.01533	0.02088	0.56744	0.04611	0.24809	0.01246	0.00675	0.00184	0.00275	0.01082	0.00603	0.00524
19	0.00697	0.00498	0.00664	0.00796	0.00830	0.00465	0.00531	0.00796	0.01095	0.01460	0.03153	0.79525	0.03783	0.01792	0.00730	0.00232	0.00332	0.01626	0.00531	0.00465
20	0.02057	0.02609	0.01564	0.01425	0.01714	0.73391	0.01069	0.02204	0.01604	0.01408	0.01152	0.01276	0.04852	0.00636	0.00525	0.00150	0.00991	0.00414	0.00308	0.00653
21	0.01080	0.01017	0.01716	0.78523	0.03940	0.01271	0.01589	0.01461	0.01144	0.01461	0.01017	0.01525	0.00762	0.00572	0.00572	0.00191	0.00762	0.00508	0.00254	0.00635
22	0.00683	0.00580	0.00590	0.00587	0.00777	0.00486	0.00440	0.00835	0.01321	0.01586	0.09629	0.05437	0.72237	0.01433	0.00676	0.00192	0.00289	0.01198	0.00537	0.00486
23	0.01288	0.01234	0.02097	0.31280	0.43229	0.01332	0.04656	0.01703	0.04340	0.01738	0.01110	0.01492	0.00886	0.00543	0.00574	0.00180	0.00713	0.00522	0.00285	0.00800
24	0.02367	0.00931	0.01256	0.00977	0.01389	0.00805	0.00802	0.02586	0.01618	0.68532	0.06479	0.02269	0.05735	0.00774	0.00586	0.00178	0.00464	0.00635	0.00694	0.00923
25	0.01516	0.01455	0.02051	0.08774	0.49849	0.07861	0.01538	0.08079	0.09504	0.02001	0.01217	0.01466	0.00978	0.00565	0.00565	0.00172	0.00687	0.00513	0.00339	0.00870
26	0.00744	0.00523	0.00652	0.00728	0.00762	0.00498	0.00468	0.00821	0.01041	0.01386	0.05960	0.48728	0.06327	0.26967	0.01430	0.00332	0.00399	0.01327	0.00476	0.00430
27	0.01363	0.01119	0.01373	0.01460	0.14033	0.01221	0.00961	0.13692	0.29268	0.02260	0.09221	0.03629	0.01896	0.09884	0.05818	0.00273	0.00580	0.00676	0.00489	0.00784
28	0.01986	0.22000	0.01963	0.01351	0.01694	0.58869	0.01074	0.02142	0.01507	0.01386	0.00862	0.01003	0.00736	0.00565	0.00479	0.00141	0.00927	0.00353	0.00282	0.00681
29	0.01335	0.01129	0.01195	0.01079	0.01383	0.01268	0.00846	0.07221	0.56075	0.02311	0.02829	0.02788	0.13178	0.00908	0.00605	0.00195	0.00442	0.03812	0.00571	0.00829
30	0.01237	0.01511	0.19269	0.01176	0.01572	0.01226	0.01100	0.02328	0.42786	0.02105	0.08627	0.02281	0.01868	0.09385	0.00835	0.00229	0.00541	0.00648	0.00479	0.00797
31	0.00703	0.00549	0.00638	0.00683	0.00806	0.00484	0.00487	0.00848	0.01267	0.01617	0.14641	0.33978	0.38177	0.01542	0.00697	0.00206	0.00303	0.01345	0.00545	0.00484
32	0.01375	0.01596	0.05120	0.35022	0.05906	0.21146	0.11267	0.01699	0.01319	0.01535	0.01409	0.01718	0.07164	0.00635	0.00579	0.00179	0.00820	0.00550	0.00294	0.00669
33	0.00683	0.00551	0.00609	0.00655	0.00792	0.00476	0.00468	0.00812	0.01231	0.01516	0.04874	0.31307	0.50890	0.01568	0.00695	0.00207	0.00304	0.01353	0.00531	0.00476
34	0.01156	0.02897	0.73732	0.01664	0.02498	0.01334	0.05254	0.01812	0.01214	0.01812	0.01032	0.01222	0.00731	0.00541	0.00549	0.00182	0.00851	0.00434	0.00244	0.00842
35	0.00848	0.00658	0.00978	0.00960	0.01055	0.00788	0.00753	0.01046	0.00916	0.01331	0.01477	0.02177	0.01382	0.04059	0.72303	0.00872	0.06971	0.00605	0.00302	0.00519
36	0.00990	0.00820	0.01121	0.00995	0.01210	0.00778	0.05684	0.05126	0.01231	0.01732	0.05297	0.40387	0.03666	0.01214	0.00727	0.00189	0.06404	0.01067	0.00452	0.20911
37	0.01390	0.00969	0.01126	0.00980	0.01256	0.00963	0.00754	0.24800	0.01667	0.07166	0.02134	0.32771	0.02164	0.01103	0.00609	0.00183	0.00453	0.02074	0.03940	0.13497
38	0.01308	0.01087	0.01184	0.00939	0.01312	0.05107	0.00738	0.06572	0.07828	0.05241	0.09931	0.01965	0.04673	0.04560	0.00681	0.00153	0.03704	0.00536	0.00427	0.42054
39	0.10410	0.23094	0.12872	0.16334	0.02155	0.03525	0.05361	0.06753	0.01240	0.01759	0.00962	0.01232	0.00780	0.00734	0.03790	0.00202	0.07362	0.00429	0.00288	0.00717
40	0.17836	0.05842	0.01593	0.10939	0.01890	0.08666	0.01049	0.37869	0.04568	0.02761	0.01173	0.01277	0.00870	0.00625	0.00514	0.00171	0.00640	0.00454	0.00446	0.00817
41	0.01586	0.40446	0.04830	0.01207	0.05590	0.01791	0.01028	0.18389	0.05178	0.03859	0.01327	0.09926	0.01205	0.00703	0.00487	0.00155	0.00585	0.00540	0.00382	0.00786
42	0.01187	0.01097	0.01799	0.50956	0.22783	0.01269	0.01542	0.01619	0.05237	0.01650	0.01142	0.01557	0.00886	0.00571	0.00563	0.00183	0.00701	0.00517	0.04023	0.00717
43	0.39605	0.01210	0.01393	0.01584	0.20857	0.01308	0.01004	0.08106	0.07579	0.10546	0.01207	0.01307	0.00907	0.00579	0.00471	0.00176	0.00526	0.00437	0.00412	0.00787
44	0.00853	0.00647	0.00760	0.00746	0.00900	0.00607	0.00550	0.07144	0.01473	0.01949	0.28273	0.24050	0.27163	0.01380	0.00681	0.00197	0.00323	0.01200	0.00568	0.00539
45	0.02032	0.00989	0.01249	0.00992	0.01359	0.00935	0.00805	0.15690	0.01821	0.43659	0.19579	0.02477	0.04141	0.00831	0.00601	0.00177	0.00457	0.00688	0.00660	0.00859
46	0.00746	0.00541	0.00676	0.00736	0.00809	0.00503	0.00507	0.00876	0.01193	0.01589	0.17434	0.40228	0.13542	0.13735	0.01053	0.00268	0.00357	0.04219	0.00521	0.00466
47	0.01244	0.00981	0.01167	0.06157	0.06604	0.01047	0.00838	0.20241	0.01605	0.02161	0.03064	0.03085	0.30307	0.00988	0.00701	0.00183	0.07097	0.00785	0.11076	0.00669
48	0.00803	0.00570	0.00686	0.00685	0.00764	0.00541	0.00466	0.00933	0.01202	0.01623	0.28046	0.08627	0.12234	0.34570	0.01631	0.00348	0.00410	0.04928	0.00487	0.00446
49	0.01399	0.01519	0.05019	0.02574	0.34278	0.06469	0.17567	0.01716	0.01226	0.01707	0.01000	0.01371	0.00842	0.00631	0.00908	0.00194	0.19984	0.00531	0.00276	0.00789
50	0.01179	0.00666	0.00799	0.00743	0.00967	0.00575	0.00564	0.01341	0.01364	0.21174	0.07527	0.19067	0.39210	0.01310	0.00660	0.00196	0.00348	0.01117	0.00582	0.00610
51	0.01703	0.16262	0.11171	0.01969	0.23709	0.16758	0.01391	0.16722	0.01612	0.02028	0.01041	0.01215	0.00833	0.00562	0.00518	0.00158	0.00747	0.00435	0.00333	0.00833
52	0.01525	0.01839	0.22171	0.01850	0.14987	0.01570	0.02810	0.23032	0.01581	0.02243	0.01072	0.01309	0.00838	0.00690	0.00883	0.00193	0.19730	0.00488	0.00349	0.00839
53	0.00722	0.00541	0.00671	0.00724	0.00823	0.00489	0.00510	0.00879	0.01287	0.01706	0.23499	0.41459	0.21520	0.01541	0.00702	0.00209	0.00305	0.01366	0.00558	0.00489
54	0.05745	0.26417	0.19823	0.01077	0.01516	0.07839	0.01097	0.01522	0.01211	0.01572	0.01937	0.07567	0.13018	0.04080	0.00616	0.00183	0.00618	0.03162	0.00334	0.00666
55	0.00817	0.00613	0.00919	0.00919	0.01021	0.00715	0.00715	0.01021	0.00919	0.01328	0.01532	0.02247	0.01430	0.04290	0.77631	0.00919	0.01532	0.00613	0.00306	0.00511
56	0.01305	0.01670	0.16989	0.02636	0.35037	0.01325	0.23055	0.01744	0.01309	0.01854	0.03517	0.01707	0.01097	0.00572	0.00606	0.00183	0.00776	0.03491	0.00298	0.00828
57	0.02137	0.02726	0.01621	0.01474	0.01768	0.77602	0.01105	0.02284	0.01621	0.01400	0.00884	0.01031	0.00737	0.00589	0.00516	0.00147	0.01031	0.00368	0.00295	0.00663
58	0.01157	0.02165	0.45403	0.01970	0.21480	0.01209	0.01766	0.01668	0.01282	0.01866	0.09454	0.01808	0.04994	0.00647	0.00570	0.00179	0.00712	0.00551	0.00309	0.00810
59	0.01822	0.01140	0.01305	0.01113	0.01478	0.01220	0.00883	0.02952	0.49607	0.28318	0.02303	0.02069	0.01631	0.00752	0.00580	0.00188	0.00465	0.00622	0.00626	0.00929
60	0.75852	0.01097	0.00926	0.08342	0.01383	0.01282	0.00714	0.01660	0.00990	0.02458	0.00818	0.00987	0.00633	0.00535	0.00375	0.00178	0.00474	0.00329	0.00344	0.00621
61	0.06082	0.01541	0.01194	0.01090	0.01324	0.30332	0.00838	0.09425	0.01434	0.01822	0.01291	0.01593	0.01078	0.01577	0.20607	0.00350	0.00939	0.00476	0.16378	0.00629
62	0.01272	0.32984	0.39679	0.01312	0.01940	0.01622	0.01539	0.01704	0.01202	0.01618	0.01154	0.01666	0.01008	0.00635	0.00501	0.00167	0.00719	0.08235	0.00274	0.00767
63	0.01344	0.01181	0.01683	0.04274	0.10071	0.04827	0.11492	0.04560	0.01327	0.05911	0.01493	0.03559	0.01362	0.00754	0.00680	0.00172	0.06543	0.13346	0.00380	0.25040
64	0.01254	0.01205	0.09451	0.01014	0.01458	0.00920	0.00905	0.06630	0.02620	0.05163	0.04465	0.03470	0.01339	0.00829	0.04355	0.00174	0.03328	0.05716	0.00390	0.45313
65	0.01470	0.26933	0.03824	0.01182	0.01626	0.03060	0.08927	0.05873	0.04880	0.07044	0.01355	0.01854	0.01178	0.00655	0.00535	0.00153	0.02139	0.08751	0.00370	0.18191
66	0.01546	0.01288	0.01774	0.29371	0.12516	0.05118	0.04352	0.15475	0.06740	0.08385	0.01342	0.01685	0.01030	0.00658	0.00634	0.00186	0.03877	0.02845	0.00391	0.00786
67	0.03003	0.01588	0.12058	0.01323	0.01752	0.05708	0.06021	0.21975	0.17839	0.03603	0.01694	0.01945	0.03574	0.00854	0.03147	0.00206	0.03222	0.04669	0.00456	0.05363
68	0.06455	0.07716	0.16360	0.01314	0.01853	0.01481	0.06326	0.29883	0.04183	0.06654	0.01247	0.01325	0.00912	0.00591	0.00527	0.00161	0.00643	0.00465	0.00428	0.11477

[dist]
# distance from previous block
# <min> <max>
3	43

[block]
# block no. 3 follows, 41 sequences, length 31
# corresponding to MSA columns:
# 594-624
name=unknown_D
#
# <colnr> <probs for GDERKNQSTAVLIFYWHMCP>
#	G	D	E	R	K	N	Q	S	T	A	V	L	I	F	Y	W	H	M	C	P
0	0.01651	0.03975	0.01915	0.01421	0.01874	0.07455	0.17964	0.19201	0.11821	0.07263	0.01559	0.01636	0.03872	0.00621	0.00564	0.00162	0.00656	0.00551	0.00441	0.15396
1	0.01611	0.13690	0.09138	0.07928	0.12276	0.12800	0.13491	0.07564	0.01453	0.08654	0.01318	0.01490	0.03710	0.00588	0.00548	0.00166	0.00751	0.00507	0.00346	0.01971
2	0.07361	0.09045	0.18681	0.01561	0.02114	0.07313	0.20497	0.10211	0.01448	0.06942	0.01128	0.01303	0.00841	0.00550	0.00564	0.00168	0.02024	0.00482	0.00343	0.07423
3	0.02953	0.01621	0.01853	0.01993	0.23436	0.19596	0.07075	0.11212	0.02887	0.07192	0.01587	0.01735	0.07794	0.00686	0.00657	0.00175	0.05822	0.00557	0.00380	0.00789
4	0.01274	0.00989	0.01206	0.01286	0.11580	0.01038	0.00839	0.16217	0.12862	0.03168	0.02323	0.11420	0.09645	0.19286	0.01153	0.00277	0.00516	0.03767	0.00473	0.00681
5	0.01406	0.01565	0.01130	0.01062	0.01243	0.35935	0.00775	0.01532	0.01276	0.01344	0.01890	0.02470	0.11703	0.18620	0.15235	0.00384	0.00916	0.00631	0.00341	0.00541
6	0.01165	0.00709	0.00986	0.13025	0.01453	0.00712	0.00760	0.01395	0.04031	0.16147	0.07914	0.38742	0.02780	0.06460	0.00809	0.00231	0.00444	0.01114	0.00519	0.00605
7	0.00714	0.00544	0.00645	0.00716	0.00816	0.00491	0.00506	0.00834	0.01171	0.01484	0.04072	0.40303	0.31756	0.07422	0.00874	0.00243	0.00345	0.06080	0.00517	0.00467
8	0.01517	0.01027	0.01227	0.00921	0.01379	0.00853	0.00738	0.08560	0.01411	0.16724	0.01444	0.06855	0.01177	0.00600	0.00489	0.00121	0.00449	0.00492	0.00447	0.53567
9	0.01156	0.00943	0.01079	0.01053	0.01288	0.01033	0.00850	0.02114	0.39681	0.02100	0.08701	0.03977	0.07464	0.01122	0.00665	0.00216	0.00452	0.24820	0.00564	0.00721
10	0.00913	0.00781	0.01033	0.00960	0.01036	0.00936	0.00744	0.01046	0.00981	0.01355	0.02339	0.02966	0.18659	0.15500	0.25047	0.00494	0.23596	0.00755	0.00349	0.00510
11	0.02430	0.01047	0.01355	0.01055	0.01488	0.00969	0.00866	0.08554	0.08468	0.64056	0.02192	0.01918	0.01411	0.00712	0.00576	0.00178	0.00495	0.00577	0.00686	0.00967
12	0.01456	0.01444	0.06894	0.02526	0.43681	0.01407	0.01477	0.07516	0.23407	0.02149	0.01467	0.01612	0.01149	0.00604	0.00570	0.00178	0.00619	0.00545	0.00391	0.00907
13	0.01251	0.01251	0.01752	0.01502	0.01502	0.01752	0.01251	0.01377	0.00876	0.01377	0.00751	0.01251	0.00751	0.01001	0.01877	0.00250	0.78851	0.00501	0.00250	0.00626
14	0.01786	0.02081	0.01744	0.01504	0.01753	0.44384	0.06971	0.06663	0.01455	0.01568	0.00957	0.01232	0.00817	0.00950	0.06532	0.00232	0.17944	0.00449	0.00304	0.00673
15	0.00691	0.00554	0.00618	0.00656	0.00796	0.00481	0.00472	0.00830	0.01259	0.01567	0.09551	0.28525	0.48918	0.01538	0.00693	0.00205	0.00302	0.01327	0.00538	0.00481
16	0.01353	0.01114	0.01294	0.04832	0.07540	0.03194	0.00921	0.17022	0.22624	0.02392	0.18130	0.08731	0.05481	0.00928	0.00615	0.00187	0.00483	0.01860	0.00536	0.00763
17	0.00706	0.00570	0.00631	0.00661	0.00816	0.00495	0.00492	0.00859	0.01289	0.01594	0.10129	0.19129	0.52896	0.01501	0.00693	0.00204	0.00312	0.05999	0.00538	0.00486
18	0.01302	0.11181	0.39121	0.09948	0.02215	0.03865	0.01571	0.06223	0.09566	0.01901	0.01221	0.01385	0.00913	0.00585	0.00521	0.00172	0.00716	0.00456	0.06343	0.00795
19	0.71284	0.07090	0.01063	0.00827	0.01186	0.07474	0.00685	0.01732	0.01039	0.02383	0.00803	0.00937	0.00637	0.00533	0.00368	0.00171	0.00502	0.00314	0.00341	0.00631
20	0.00887	0.00587	0.00723	0.00747	0.00887	0.00524	0.00546	0.01044	0.01297	0.08512	0.14508	0.34762	0.26944	0.01483	0.00693	0.00208	0.00332	0.04225	0.00561	0.00531
21	0.01619	0.01357	0.01663	0.08816	0.01927	0.01557	0.06215	0.26446	0.31911	0.02574	0.01656	0.01699	0.01240	0.00726	0.00703	0.00191	0.07758	0.00578	0.00496	0.00867
22	0.00767	0.00558	0.00653	0.00686	0.00764	0.00522	0.00464	0.00867	0.01114	0.01445	0.10070	0.20647	0.21827	0.30641	0.01525	0.00339	0.00411	0.05790	0.00471	0.00436
23	0.01099	0.00939	0.01149	0.01056	0.01160	0.05543	0.00823	0.06510	0.01077	0.01504	0.01359	0.02094	0.01297	0.13221	0.38444	0.00600	0.18113	0.00594	0.02863	0.00557
24	0.01438	0.01211	0.01295	0.01166	0.01484	0.01387	0.00920	0.08171	0.63995	0.02428	0.02314	0.02424	0.01813	0.00834	0.00598	0.00198	0.00472	0.06396	0.00577	0.00880
25	0.01417	0.02422	0.47956	0.01680	0.02393	0.01450	0.13188	0.18654	0.01574	0.02231	0.01127	0.01299	0.00805	0.00567	0.00571	0.00181	0.00814	0.00484	0.00326	0.00863
26	0.01165	0.06494	0.73552	0.01600	0.02430	0.01371	0.02061	0.01807	0.01206	0.01790	0.01016	0.01194	0.00725	0.00541	0.00535	0.00178	0.00835	0.00417	0.00242	0.00840
27	0.04774	0.00785	0.00855	0.00812	0.00931	0.05656	0.02783	0.01166	0.03535	0.04029	0.14578	0.15930	0.07573	0.32341	0.01538	0.00336	0.00486	0.00948	0.00451	0.00492
28	0.01099	0.01067	0.05047	0.27036	0.26936	0.01066	0.01348	0.01375	0.01169	0.01584	0.01616	0.17194	0.03852	0.00914	0.00712	0.05617	0.00620	0.00750	0.00327	0.00670
29	0.01146	0.19353	0.04899	0.06001	0.01392	0.01206	0.00830	0.08104	0.09076	0.01835	0.08270	0.03167	0.30648	0.00968	0.00572	0.00173	0.00468	0.00783	0.00449	0.00660
30	0.11208	0.20747	0.02662	0.01009	0.01280	0.01391	0.00872	0.08443	0.01305	0.04340	0.11004	0.02317	0.03224	0.06501	0.03365	0.00233	0.11978	0.07070	0.00395	0.00654

[dist]
# distance from previous block
# <min> <max>
4	120

[block]
# block no. 4 follows, 41 sequences, length 67
# corresponding to MSA columns:
# 771-837
name=unknown_E
#
# <colnr> <probs for GDERKNQSTAVLIFYWHMCP>
#	G	D	E	R	K	N	Q	S	T	A	V	L	I	F	Y	W	H	M	C	P
0	0.01386	0.01171	0.01367	0.03809	0.01519	0.06916	0.04756	0.21134	0.01573	0.02128	0.05256	0.05029	0.01420	0.04293	0.20278	0.00362	0.00842	0.00589	0.00408	0.15763
1	0.04532	0.01131	0.01764	0.28175	0.11127	0.05151	0.11826	0.01496	0.01160	0.01599	0.01150	0.01614	0.00951	0.01421	0.18804	0.00351	0.00944	0.00531	0.00287	0.05988
2	0.04654	0.01820	0.17017	0.01469	0.01983	0.01620	0.08308	0.43605	0.05014	0.02872	0.01268	0.01365	0.00920	0.00653	0.00637	0.00181	0.04757	0.00509	0.00454	0.00895
3	0.23798	0.01747	0.22077	0.01564	0.02118	0.01338	0.25539	0.06706	0.01292	0.02165	0.01081	0.01310	0.00805	0.00537	0.00529	0.00180	0.00726	0.00489	0.05248	0.00749
4	0.01382	0.16291	0.19111	0.01330	0.07716	0.01236	0.01187	0.07183	0.01355	0.11351	0.01788	0.20112	0.01718	0.00917	0.00577	0.00185	0.00586	0.04814	0.00415	0.00747
5	0.00778	0.00562	0.00586	0.00594	0.00757	0.00496	0.00440	0.00955	0.01280	0.01720	0.08639	0.10727	0.48466	0.01276	0.00615	0.00181	0.00287	0.01072	0.20073	0.00496
6	0.01115	0.01006	0.01464	0.01553	0.19074	0.00879	0.06504	0.01374	0.01242	0.01768	0.02102	0.09260	0.13929	0.00779	0.00558	0.00150	0.00497	0.02753	0.00377	0.33616
7	0.00784	0.00591	0.00671	0.00671	0.00842	0.00515	0.00507	0.00961	0.01363	0.04255	0.20096	0.12141	0.47698	0.01404	0.00684	0.00197	0.00310	0.05239	0.00558	0.00512
8	0.24927	0.00745	0.00813	0.00806	0.00997	0.00766	0.00619	0.01307	0.01246	0.07748	0.19641	0.26282	0.03025	0.01178	0.00602	0.00203	0.00379	0.07628	0.00516	0.00572
9	0.01255	0.01883	0.29925	0.02165	0.22041	0.01258	0.18405	0.01738	0.01265	0.01874	0.01182	0.01464	0.00905	0.00537	0.00561	0.00174	0.00751	0.00519	0.11297	0.00803
10	0.00712	0.00551	0.00618	0.00656	0.00768	0.00491	0.00452	0.00824	0.01175	0.01474	0.06714	0.27231	0.40102	0.14339	0.01057	0.00263	0.00345	0.01265	0.00504	0.00457
11	0.01543	0.01565	0.01758	0.09211	0.25629	0.18716	0.01315	0.03233	0.16122	0.03032	0.01377	0.01739	0.01143	0.00686	0.00670	0.00183	0.06680	0.04246	0.00364	0.00786
12	0.43064	0.03731	0.09143	0.01050	0.01481	0.01456	0.00952	0.22739	0.01523	0.05793	0.01046	0.01140	0.00773	0.00600	0.00499	0.00177	0.03260	0.00398	0.00413	0.00763
13	0.01610	0.01482	0.11445	0.09873	0.24173	0.01315	0.11250	0.07163	0.01416	0.16734	0.01306	0.01508	0.00958	0.00605	0.00679	0.00184	0.06540	0.00534	0.00378	0.00850
14	0.01187	0.01302	0.02699	0.01980	0.02452	0.01210	0.56234	0.01583	0.01323	0.01756	0.02092	0.08035	0.13841	0.00744	0.00679	0.00196	0.00803	0.00836	0.00348	0.00700
15	0.01685	0.08453	0.23499	0.01477	0.01913	0.35467	0.01406	0.05768	0.01421	0.01627	0.00926	0.01122	0.00747	0.00630	0.00701	0.00171	0.11566	0.00405	0.00284	0.00732
16	0.00704	0.00573	0.00606	0.00608	0.00770	0.00494	0.00441	0.00845	0.01279	0.01572	0.12032	0.09070	0.58650	0.08750	0.00887	0.00228	0.00315	0.01177	0.00523	0.00475
17	0.01178	0.01203	0.02314	0.37117	0.08847	0.01279	0.29470	0.01572	0.01231	0.01635	0.01251	0.07941	0.01063	0.00633	0.00624	0.00193	0.00798	0.00665	0.00293	0.00694
18	0.00709	0.00563	0.00642	0.00689	0.00827	0.00495	0.00508	0.00857	0.01261	0.01574	0.08490	0.26946	0.45460	0.01544	0.00701	0.00210	0.00320	0.07184	0.00536	0.00484
19	0.01602	0.01667	0.01992	0.08898	0.42773	0.19991	0.01485	0.05547	0.07087	0.01846	0.01135	0.01384	0.00920	0.00563	0.00556	0.00168	0.00752	0.00486	0.00321	0.00828
20	0.00824	0.00617	0.00786	0.00834	0.00983	0.00578	0.00685	0.01057	0.01395	0.01823	0.23499	0.05605	0.23759	0.01433	0.00728	0.00222	0.00393	0.33705	0.00556	0.00518
21	0.01416	0.01359	0.02322	0.03511	0.76330	0.01359	0.01755	0.01755	0.01302	0.01869	0.01076	0.01416	0.00906	0.00510	0.00566	0.00170	0.00680	0.00510	0.00283	0.00906
22	0.01313	0.01484	0.03221	0.02319	0.02867	0.01391	0.70063	0.01773	0.01336	0.01811	0.01271	0.05975	0.01034	0.00557	0.00678	0.00195	0.00928	0.00729	0.00303	0.00754
23	0.02084	0.01252	0.01440	0.01158	0.01568	0.01318	0.00939	0.25494	0.25029	0.30359	0.02000	0.01824	0.01379	0.00723	0.00576	0.00181	0.00521	0.00579	0.00626	0.00952
24	0.01210	0.20704	0.53966	0.01410	0.02118	0.01485	0.01730	0.01733	0.01229	0.01740	0.06701	0.01374	0.01084	0.00579	0.00513	0.00167	0.00747	0.00442	0.00272	0.00796
25	0.01957	0.12754	0.11890	0.01395	0.01800	0.51654	0.01204	0.02184	0.01507	0.07201	0.00996	0.01110	0.00787	0.00579	0.00505	0.00151	0.00910	0.00383	0.00313	0.00721
26	0.00706	0.00559	0.00620	0.00647	0.00782	0.00490	0.00460	0.00841	0.01250	0.01564	0.11624	0.22422	0.46879	0.07493	0.00859	0.00229	0.00318	0.01259	0.00526	0.00474
27	0.01466	0.05883	0.01534	0.01252	0.04613	0.17033	0.06468	0.04356	0.12420	0.05198	0.15466	0.02083	0.04454	0.00719	0.00556	0.00156	0.00594	0.00598	0.00439	0.14711
28	0.83938	0.01106	0.00841	0.00752	0.01106	0.01283	0.00619	0.01681	0.00973	0.02566	0.00796	0.00929	0.00619	0.00531	0.00354	0.00177	0.00442	0.00310	0.00354	0.00619
29	0.01186	0.01017	0.01186	0.00847	0.01356	0.00762	0.00678	0.01440	0.01186	0.01864	0.01017	0.01186	0.00847	0.00424	0.00424	0.00085	0.00424	0.00339	0.00339	0.83395
30	0.01583	0.01676	0.02159	0.03038	0.59034	0.19045	0.01605	0.01878	0.01376	0.01760	0.01031	0.01327	0.00867	0.00528	0.00555	0.00165	0.00761	0.00477	0.00286	0.00850
31	0.00757	0.00583	0.00692	0.00665	0.00822	0.00517	0.00498	0.00978	0.01495	0.02000	0.48433	0.04757	0.33176	0.01279	0.00675	0.00185	0.00278	0.01102	0.00591	0.00517
32	0.01436	0.01688	0.18961	0.01289	0.01734	0.07850	0.06738	0.22578	0.01683	0.02251	0.04828	0.02086	0.10734	0.01091	0.07980	0.00246	0.00750	0.00613	0.04710	0.00754
33	0.00724	0.00525	0.00640	0.00720	0.00773	0.00488	0.00472	0.00809	0.01069	0.01394	0.03285	0.49648	0.15527	0.19724	0.01223	0.00300	0.00376	0.01373	0.00489	0.00440
34	0.01244	0.20605	0.49511	0.01405	0.02074	0.04539	0.01676	0.01732	0.01186	0.01641	0.01016	0.01233	0.00795	0.00893	0.07907	0.00237	0.00865	0.00412	0.00251	0.00780
35	0.00891	0.00685	0.00790	0.00793	0.00954	0.00659	0.00592	0.08230	0.04368	0.01846	0.11805	0.29586	0.29297	0.01439	0.00687	0.00207	0.00357	0.05714	0.00548	0.00551
36	0.01578	0.07313	0.26643	0.01419	0.01989	0.01522	0.06949	0.30595	0.06021	0.02506	0.01576	0.01642	0.06331	0.00670	0.00565	0.00176	0.00690	0.00540	0.00417	0.00860
37	0.00730	0.00533	0.00678	0.00756	0.00829	0.00493	0.00525	0.00865	0.01204	0.01602	0.15736	0.50104	0.13181	0.06073	0.00840	0.00238	0.00336	0.04263	0.00537	0.00475
38	0.64434	0.19836	0.01351	0.00806	0.01192	0.01515	0.00704	0.01689	0.01018	0.02277	0.00796	0.00926	0.00647	0.00521	0.00357	0.00164	0.00483	0.00309	0.00328	0.00647
39	0.12251	0.20036	0.01820	0.01101	0.01540	0.01666	0.00948	0.36451	0.01928	0.12276	0.01294	0.01309	0.00946	0.00623	0.00491	0.00160	0.00571	0.00448	0.03283	0.00857
40	0.00698	0.00570	0.00617	0.00626	0.00791	0.00489	0.00462	0.00856	0.01325	0.01645	0.15809	0.14179	0.57047	0.01449	0.00682	0.00196	0.00292	0.01232	0.00546	0.00489
41	0.04682	0.00991	0.01455	0.01222	0.01454	0.06729	0.17720	0.01342	0.01136	0.01618	0.04545	0.06510	0.01560	0.08085	0.29246	0.00480	0.00988	0.00679	0.08981	0.00576
42	0.08951	0.00733	0.00812	0.00809	0.00958	0.00755	0.00579	0.01388	0.13536	0.05572	0.02728	0.25313	0.11119	0.19881	0.01173	0.00291	0.00426	0.03928	0.00488	0.00557
43	0.00798	0.00570	0.00682	0.00730	0.00798	0.00547	0.00508	0.00894	0.01060	0.01369	0.03013	0.17328	0.16331	0.36634	0.01708	0.00375	0.00463	0.15315	0.00448	0.00428
44	0.00912	0.00573	0.00701	0.00736	0.00849	0.00527	0.00523	0.01050	0.01195	0.07744	0.06511	0.36467	0.17372	0.09990	0.00913	0.00245	0.00360	0.04365	0.08459	0.00510
45	0.01643	0.01338	0.01417	0.01209	0.01571	0.01526	0.00959	0.23964	0.54013	0.02748	0.02048	0.01911	0.01519	0.00750	0.00579	0.00187	0.00504	0.00608	0.00579	0.00925
46	0.01186	0.01017	0.01186	0.00847	0.01356	0.00762	0.00678	0.01440	0.01186	0.01864	0.01017	0.01186	0.00847	0.00424	0.00424	0.00085	0.00424	0.00339	0.00339	0.83395
47	0.01101	0.01052	0.01790	0.71164	0.03770	0.01304	0.04736	0.01473	0.01139	0.01473	0.01009	0.01511	0.00766	0.00590	0.00645	0.00194	0.04872	0.00515	0.00255	0.00641
48	0.01350	0.01543	0.03375	0.02411	0.02989	0.01446	0.74253	0.01832	0.01350	0.01832	0.01157	0.01543	0.00868	0.00482	0.00675	0.00193	0.00964	0.00675	0.00289	0.00771
49	0.00697	0.00549	0.00619	0.00665	0.00788	0.00482	0.00468	0.00822	0.01213	0.01516	0.07047	0.32032	0.43388	0.06021	0.00822	0.00227	0.00319	0.01331	0.00524	0.00471
50	0.01270	0.01306	0.02058	0.01673	0.01783	0.01694	0.15031	0.01463	0.00965	0.01463	0.00828	0.01306	0.00773	0.00903	0.01650	0.00239	0.64149	0.00533	0.00258	0.00653
51	0.01217	0.00815	0.00998	0.00973	0.01151	0.00827	0.00743	0.18087	0.01540	0.07744	0.02652	0.44299	0.02875	0.01420	0.00691	0.00219	0.00442	0.12122	0.00553	0.00631
52	0.00709	0.00530	0.00652	0.00727	0.00811	0.00481	0.00501	0.00835	0.01197	0.01562	0.11879	0.49703	0.22290	0.04352	0.00786	0.00228	0.00322	0.01426	0.00536	0.00473
53	0.00786	0.00595	0.00733	0.00763	0.00887	0.00559	0.00563	0.01044	0.05191	0.01830	0.28485	0.28722	0.19391	0.01439	0.00697	0.00207	0.00323	0.06697	0.00567	0.00522
54	0.01160	0.01649	0.26547	0.01663	0.14212	0.01175	0.01401	0.07427	0.01270	0.01811	0.01642	0.23880	0.01662	0.00969	0.00775	0.00202	0.10663	0.00802	0.00360	0.00728
55	0.00760	0.00541	0.00665	0.00707	0.00767	0.00510	0.00467	0.00870	0.01147	0.01540	0.18660	0.33236	0.10422	0.25469	0.01379	0.00316	0.00383	0.01217	0.00496	0.00446
56	0.01257	0.00872	0.00964	0.00877	0.01092	0.00905	0.00684	0.23020	0.01631	0.02267	0.02588	0.13105	0.12756	0.07558	0.00787	0.00216	0.00441	0.09167	0.19181	0.00632
57	0.03965	0.29036	0.23291	0.01839	0.19530	0.07485	0.03938	0.01797	0.01244	0.01657	0.00945	0.01146	0.00773	0.00518	0.00485	0.00156	0.00732	0.00404	0.00262	0.00798
58	0.24073	0.01090	0.01207	0.00972	0.01372	0.01105	0.00797	0.12330	0.06213	0.37832	0.01950	0.01809	0.05407	0.00704	0.00522	0.00178	0.00481	0.00536	0.00577	0.00847
