[name]
unknown

[dist]
# distance from previous block
# <min> <max>
0	194

[block]
# block no. 0 follows, 48 sequences, length 33
# corresponding to MSA columns:
# 194-226
name=unknown_A
#
# <colnr> <probs for GDERKNQSTAVLIFYWHMCP>
#	G	D	E	R	K	N	Q	S	T	A	V	L	I	F	Y	W	H	M	C	P
0	0.00905	0.00703	0.00899	0.00853	0.01088	0.00626	0.00716	0.01166	0.02855	0.01651	0.10269	0.03906	0.02390	0.01014	0.00583	0.00173	0.00415	0.40473	0.00427	0.28888
1	0.01667	0.01276	0.01701	0.01777	0.24642	0.01347	0.05016	0.34909	0.10450	0.09982	0.01317	0.01379	0.00968	0.00570	0.00518	0.00157	0.00563	0.00487	0.00436	0.00839
2	0.00657	0.00460	0.00586	0.00673	0.00695	0.00438	0.00432	0.00723	0.00920	0.01226	0.02507	0.60887	0.02989	0.22906	0.01174	0.00285	0.00351	0.01270	0.00432	0.00389
3	0.06226	0.01428	0.14046	0.01243	0.04104	0.01251	0.05547	0.25833	0.15259	0.17627	0.01443	0.01420	0.01014	0.00590	0.00506	0.00161	0.00552	0.00479	0.00457	0.00814
4	0.01393	0.59218	0.06816	0.00962	0.01384	0.07228	0.00931	0.06103	0.05877	0.01445	0.03846	0.01052	0.00888	0.00498	0.00381	0.00123	0.00567	0.00339	0.00272	0.00675
5	0.00630	0.00521	0.00553	0.00545	0.00708	0.00443	0.00408	0.00782	0.01225	0.01519	0.19692	0.04720	0.63982	0.01250	0.00606	0.00171	0.00256	0.01052	0.00494	0.00443
6	0.01951	0.01437	0.01540	0.01181	0.01591	0.01591	0.00975	0.77056	0.02412	0.03234	0.01232	0.01232	0.00873	0.00616	0.00513	0.00154	0.00565	0.00462	0.00513	0.00873
7	0.01576	0.00984	0.02247	0.04364	0.06327	0.02019	0.00810	0.06605	0.10080	0.29356	0.04612	0.01682	0.03704	0.00594	0.00485	0.00139	0.00444	0.00490	0.01688	0.21795
8	0.01400	0.01389	0.06834	0.02537	0.55078	0.09684	0.01416	0.01690	0.01210	0.08215	0.01052	0.01279	0.00839	0.00494	0.00518	0.00152	0.01992	0.00444	0.03003	0.00776
9	0.00733	0.00492	0.00564	0.00576	0.00580	0.00489	0.00329	0.00743	0.00772	0.01029	0.01748	0.11837	0.02031	0.73262	0.02400	0.00466	0.00476	0.00823	0.00329	0.00322
10	0.01505	0.01419	0.01331	0.01244	0.06011	0.16382	0.00918	0.14304	0.46718	0.02120	0.01638	0.01579	0.01238	0.00637	0.00508	0.00162	0.00543	0.00506	0.00455	0.00780
11	0.01054	0.02564	0.74841	0.01434	0.02166	0.01190	0.01832	0.04226	0.01138	0.01691	0.02679	0.01150	0.00752	0.00505	0.00491	0.00162	0.00740	0.00394	0.00235	0.00756
12	0.01614	0.13133	0.17801	0.01206	0.07540	0.05155	0.01071	0.03774	0.04503	0.30027	0.06199	0.01588	0.02942	0.00599	0.00487	0.00152	0.00545	0.00478	0.00423	0.00763
13	0.01153	0.01007	0.01190	0.01178	0.07815	0.01155	0.00847	0.02134	0.48827	0.01970	0.13622	0.02164	0.04381	0.00771	0.00662	0.00176	0.09128	0.00625	0.00472	0.00723
14	0.00635	0.00447	0.00592	0.00708	0.00740	0.00419	0.00473	0.00728	0.00985	0.01327	0.02795	0.79321	0.03333	0.01578	0.00646	0.00206	0.00296	0.01430	0.02922	0.00419
15	0.01330	0.55722	0.07643	0.07754	0.01584	0.05805	0.00993	0.01697	0.10544	0.01363	0.00918	0.01027	0.00772	0.00485	0.00386	0.00128	0.00576	0.00338	0.00260	0.00674
16	0.05535	0.14407	0.57089	0.01287	0.01944	0.01279	0.01577	0.01680	0.01099	0.08189	0.00973	0.01088	0.00699	0.00492	0.00457	0.00154	0.00681	0.00370	0.00258	0.00743
17	0.00606	0.00520	0.00520	0.00520	0.00693	0.00433	0.00390	0.00736	0.01170	0.01386	0.05198	0.04938	0.78558	0.01299	0.00606	0.00173	0.00260	0.01083	0.00476	0.00433
18	0.00646	0.00518	0.00576	0.00586	0.00731	0.00452	0.00440	0.00797	0.01198	0.01505	0.18281	0.11279	0.52444	0.02868	0.00656	0.00184	0.00278	0.05629	0.00489	0.00441
19	0.01094	0.01079	0.01958	0.38119	0.25359	0.01163	0.16658	0.01439	0.01126	0.01522	0.04761	0.01463	0.00945	0.00507	0.00535	0.00165	0.00677	0.00510	0.00259	0.00662
20	0.01567	0.05939	0.10894	0.01828	0.23335	0.25530	0.05730	0.10880	0.01405	0.05239	0.00991	0.01154	0.00774	0.00510	0.00487	0.00146	0.00717	0.00412	0.01737	0.00728
21	0.01825	0.00978	0.07782	0.01016	0.04445	0.00787	0.00840	0.03292	0.01323	0.52145	0.04313	0.01857	0.01347	0.05810	0.09589	0.00254	0.00576	0.00532	0.00520	0.00768
22	0.85592	0.00992	0.00754	0.00675	0.00992	0.01151	0.00556	0.01508	0.00873	0.02302	0.00714	0.00834	0.00556	0.00476	0.00318	0.00159	0.00397	0.00278	0.00318	0.00556
23	0.85592	0.00992	0.00754	0.00675	0.00992	0.01151	0.00556	0.01508	0.00873	0.02302	0.00714	0.00834	0.00556	0.00476	0.00318	0.00159	0.00397	0.00278	0.00318	0.00556
24	0.01238	0.01104	0.01312	0.01432	0.17066	0.05192	0.00929	0.06897	0.33722	0.01913	0.09886	0.01969	0.01646	0.07597	0.00774	0.00195	0.05416	0.00578	0.00422	0.00712
25	0.01109	0.01194	0.08374	0.28698	0.42173	0.01141	0.01478	0.01442	0.01120	0.01547	0.02855	0.01497	0.04096	0.00527	0.00514	0.00161	0.00624	0.00487	0.00258	0.00704
26	0.00961	0.00763	0.01014	0.00929	0.00985	0.00968	0.00743	0.01124	0.00901	0.01449	0.01294	0.08374	0.01212	0.01366	0.14520	0.00292	0.34960	0.00561	0.27078	0.00505
27	0.01199	0.01048	0.01214	0.01275	0.11649	0.01171	0.00870	0.02343	0.58748	0.01993	0.02195	0.05392	0.07148	0.00746	0.00532	0.00173	0.00418	0.00637	0.00481	0.00768
28	0.16415	0.01360	0.01404	0.01093	0.01488	0.01515	0.00903	0.63991	0.02146	0.03073	0.01142	0.01163	0.00818	0.00592	0.00479	0.00155	0.00536	0.00430	0.00479	0.00818
29	0.00816	0.00528	0.00788	0.00779	0.00828	0.00596	0.00577	0.00824	0.00757	0.01065	0.01141	0.01786	0.01092	0.02851	0.43634	0.36641	0.04183	0.00501	0.00251	0.00362
30	0.01325	0.01317	0.08516	0.06694	0.57330	0.01214	0.01492	0.06123	0.03901	0.05563	0.01065	0.01303	0.00844	0.00489	0.00508	0.00155	0.00608	0.00458	0.00293	0.00802
31	0.00734	0.00503	0.00568	0.00572	0.00602	0.00490	0.00347	0.00754	0.00822	0.01069	0.02156	0.03620	0.13060	0.64314	0.02225	0.03373	0.00460	0.03661	0.00338	0.00332
32	0.42562	0.05852	0.04844	0.00788	0.01146	0.01072	0.00685	0.04445	0.03476	0.08282	0.01304	0.01357	0.07336	0.00564	0.00416	0.00147	0.01925	0.00394	0.00356	0.13051

[dist]
# distance from previous block
# <min> <max>
0	1

[block]
# block no. 1 follows, 48 sequences, length 22
# corresponding to MSA columns:
# 228-249
name=unknown_B
#
# <colnr> <probs for GDERKNQSTAVLIFYWHMCP>
#	G	D	E	R	K	N	Q	S	T	A	V	L	I	F	Y	W	H	M	C	P
0	0.12463	0.01346	0.13590	0.01257	0.11011	0.05138	0.00994	0.01853	0.19184	0.07222	0.01265	0.01375	0.00977	0.03084	0.00522	0.00155	0.00513	0.00427	0.00358	0.17266
1	0.18708	0.08656	0.06374	0.01051	0.01413	0.14766	0.03559	0.16581	0.07205	0.10146	0.01151	0.01262	0.00878	0.03764	0.00531	0.00163	0.00579	0.00411	0.02108	0.00693
2	0.35186	0.00775	0.00682	0.00646	0.00792	0.03897	0.00451	0.01117	0.00870	0.01601	0.05279	0.04724	0.01491	0.38952	0.01430	0.00319	0.00454	0.00572	0.00330	0.00434
3	0.09149	0.01168	0.01773	0.02488	0.55804	0.01210	0.01323	0.01796	0.14574	0.03981	0.01168	0.01355	0.00934	0.00506	0.00493	0.00157	0.00549	0.00464	0.00317	0.00790
4	0.01270	0.01219	0.02083	0.03149	0.78767	0.01219	0.01575	0.01575	0.01168	0.01676	0.00965	0.01270	0.00813	0.00457	0.00508	0.00152	0.00610	0.00457	0.00254	0.00813
5	0.85592	0.00992	0.00754	0.00675	0.00992	0.01151	0.00556	0.01508	0.00873	0.02302	0.00714	0.00834	0.00556	0.00476	0.00318	0.00159	0.00397	0.00278	0.00318	0.00556
6	0.01372	0.82276	0.02689	0.00878	0.01317	0.02030	0.00878	0.01536	0.01043	0.01207	0.00713	0.00823	0.00658	0.00439	0.00329	0.00110	0.00549	0.00274	0.00219	0.00658
7	0.10884	0.01165	0.01318	0.01021	0.01416	0.01211	0.00843	0.39365	0.01874	0.33416	0.01494	0.01395	0.00998	0.00609	0.00494	0.00156	0.00496	0.00464	0.00541	0.00840
8	0.00733	0.00550	0.00825	0.00825	0.00916	0.00641	0.00641	0.00916	0.00825	0.01191	0.01374	0.02016	0.01283	0.03848	0.79934	0.00825	0.01374	0.00550	0.00275	0.00458
9	0.00625	0.00447	0.00595	0.00714	0.00744	0.00417	0.00476	0.00714	0.00982	0.01310	0.02828	0.81633	0.03394	0.01608	0.00655	0.00208	0.00298	0.01459	0.00476	0.00417
10	0.01951	0.01437	0.01540	0.01181	0.01591	0.01591	0.00975	0.77056	0.02412	0.03234	0.01232	0.01232	0.00873	0.00616	0.00513	0.00154	0.00565	0.00462	0.00513	0.00873
11	0.01036	0.01829	0.40863	0.31268	0.12035	0.01176	0.01681	0.01502	0.01072	0.01514	0.00923	0.01212	0.00683	0.00493	0.00500	0.00164	0.00712	0.00417	0.00225	0.00695
12	0.00697	0.00502	0.00660	0.00665	0.00760	0.00465	0.00482	0.00895	0.01317	0.01843	0.56744	0.26197	0.04425	0.01210	0.00619	0.00175	0.00258	0.01081	0.00539	0.00465
13	0.00741	0.00519	0.00667	0.00667	0.00704	0.00556	0.00445	0.00815	0.00778	0.01074	0.01519	0.02815	0.01630	0.50377	0.33879	0.00630	0.00852	0.00667	0.00296	0.00370
14	0.01001	0.00944	0.01596	0.72577	0.11444	0.01148	0.01441	0.01339	0.01041	0.01349	0.00918	0.01358	0.00698	0.00507	0.00512	0.00169	0.00676	0.00456	0.00231	0.00596
15	0.00631	0.00499	0.00569	0.00605	0.00727	0.00438	0.00439	0.00763	0.01141	0.01437	0.12098	0.28727	0.45335	0.01372	0.00624	0.00185	0.00276	0.03214	0.00486	0.00434
16	0.01217	0.01096	0.04326	0.04388	0.01664	0.01088	0.21106	0.09069	0.23033	0.03604	0.09606	0.01854	0.01522	0.00624	0.00526	0.00161	0.00525	0.00583	0.13316	0.00690
17	0.00662	0.00494	0.00615	0.00644	0.00742	0.00448	0.00460	0.00821	0.01213	0.01628	0.33810	0.33372	0.20582	0.01315	0.00624	0.00182	0.00267	0.01162	0.00512	0.00448
18	0.00945	0.04124	0.08262	0.00905	0.01111	0.00907	0.00767	0.01469	0.20517	0.01522	0.05616	0.02091	0.01516	0.12127	0.30096	0.00450	0.03380	0.00570	0.03055	0.00571
19	0.72360	0.13763	0.01058	0.00707	0.01043	0.01289	0.00606	0.01513	0.00900	0.02130	0.00714	0.00832	0.00572	0.00470	0.00319	0.00151	0.00421	0.00277	0.00302	0.00572
20	0.00884	0.11170	0.26835	0.00931	0.01303	0.00896	0.00985	0.01211	0.01221	0.01687	0.30192	0.06663	0.12331	0.00850	0.00535	0.00159	0.00455	0.00714	0.00392	0.00586
21	0.01410	0.09938	0.01666	0.06635	0.22465	0.18539	0.01076	0.06546	0.08407	0.01654	0.01009	0.01173	0.00819	0.00493	0.00458	0.00133	0.00613	0.00394	0.00302	0.16271

[dist]
# distance from previous block
# <min> <max>
0	8

[block]
# block no. 2 follows, 48 sequences, length 51
# corresponding to MSA columns:
# 258-308
name=unknown_C
#
# <colnr> <probs for GDERKNQSTAVLIFYWHMCP>
#	G	D	E	R	K	N	Q	S	T	A	V	L	I	F	Y	W	H	M	C	P
0	0.15496	0.25497	0.14035	0.01367	0.13584	0.11180	0.01105	0.03684	0.06738	0.01658	0.00910	0.01039	0.00736	0.00490	0.00416	0.00142	0.00602	0.00354	0.00276	0.00690
1	0.38339	0.11231	0.14255	0.02480	0.04149	0.02965	0.08537	0.03440	0.05087	0.03937	0.00913	0.01044	0.00698	0.00489	0.00409	0.00155	0.00550	0.00364	0.00302	0.00654
2	0.01325	0.05163	0.25016	0.12613	0.12993	0.01271	0.06996	0.15096	0.05273	0.06173	0.02503	0.01315	0.00884	0.00532	0.00506	0.00160	0.00646	0.00456	0.00325	0.00755
3	0.01277	0.01439	0.12880	0.01367	0.05973	0.07358	0.14755	0.05917	0.14055	0.04085	0.01218	0.03008	0.00955	0.00521	0.00491	0.00141	0.00593	0.00466	0.00339	0.23165
4	0.00711	0.00524	0.00704	0.00834	0.05061	0.00500	0.00548	0.00835	0.01045	0.01402	0.11726	0.45219	0.06523	0.12922	0.00924	0.00242	0.00354	0.09038	0.00451	0.00438
5	0.01022	0.10482	0.37086	0.01251	0.06810	0.01082	0.02471	0.01491	0.05369	0.01731	0.19599	0.01823	0.01755	0.00631	0.00497	0.00154	0.00556	0.00525	0.04993	0.00672
6	0.00830	0.00546	0.00705	0.00659	0.00800	0.00496	0.00496	0.01050	0.01403	0.07810	0.62086	0.08068	0.10950	0.01070	0.00601	0.00165	0.00261	0.00940	0.00558	0.00506
7	0.03094	0.01898	0.01517	0.01401	0.05734	0.45082	0.01047	0.10660	0.01372	0.01525	0.00823	0.01029	0.00696	0.00628	0.00780	0.00160	0.21260	0.00382	0.00284	0.00630
8	0.00838	0.00545	0.00695	0.00692	0.00808	0.00508	0.00499	0.01042	0.03808	0.08327	0.33522	0.30637	0.09100	0.05682	0.00723	0.00197	0.00299	0.01066	0.00518	0.00492
9	0.00656	0.00521	0.00584	0.00569	0.00718	0.00454	0.00424	0.00825	0.01266	0.01632	0.33041	0.04476	0.48475	0.03295	0.00658	0.00177	0.00259	0.01015	0.00506	0.00449
10	0.00734	0.00518	0.00632	0.00604	0.00733	0.00475	0.00453	0.00957	0.01358	0.01926	0.56643	0.03782	0.16849	0.01036	0.00575	0.00158	0.00245	0.00899	0.10948	0.00475
11	0.01270	0.01219	0.02083	0.03149	0.78767	0.01219	0.01575	0.01575	0.01168	0.01676	0.00965	0.01270	0.00813	0.00457	0.00508	0.00152	0.00610	0.00457	0.00254	0.00813
12	0.27025	0.01021	0.01063	0.00894	0.01228	0.01105	0.00722	0.09515	0.24373	0.23073	0.01561	0.01477	0.01106	0.00603	0.00453	0.00162	0.00422	0.00457	0.02993	0.00747
13	0.00798	0.00617	0.00757	0.00814	0.00963	0.00608	0.00674	0.01126	0.09505	0.01544	0.03406	0.09298	0.25712	0.01314	0.00654	0.00209	0.00391	0.40636	0.00479	0.00494
14	0.01064	0.00912	0.01064	0.00760	0.01216	0.00684	0.00608	0.01292	0.01064	0.01672	0.00912	0.01064	0.00760	0.00380	0.00380	0.00076	0.00380	0.00304	0.00304	0.85104
15	0.01336	0.37071	0.02393	0.02025	0.37554	0.01572	0.06315	0.01584	0.01123	0.03307	0.00884	0.01091	0.00753	0.00452	0.00436	0.00135	0.00596	0.00388	0.00248	0.00738
16	0.01920	0.02336	0.01463	0.01307	0.01587	0.71389	0.00990	0.10207	0.01558	0.01471	0.00841	0.00959	0.00684	0.00538	0.00468	0.00135	0.00886	0.00345	0.00291	0.00625
17	0.00689	0.00512	0.00649	0.00689	0.00794	0.00472	0.00519	0.00863	0.01214	0.01620	0.29359	0.27115	0.18873	0.01322	0.00637	0.00190	0.00299	0.13226	0.00506	0.00452
18	0.38317	0.01006	0.01124	0.00950	0.01183	0.01193	0.00787	0.01656	0.00987	0.20255	0.01013	0.01145	0.00764	0.00651	0.00809	0.00180	0.26594	0.00390	0.00363	0.00633
19	0.00969	0.00912	0.01539	0.80734	0.03534	0.01140	0.01425	0.01311	0.01026	0.01311	0.00912	0.01368	0.00684	0.00513	0.00513	0.00171	0.00684	0.00456	0.00228	0.00570
20	0.00985	0.00928	0.01568	0.76569	0.07573	0.01144	0.01433	0.01325	0.01034	0.01331	0.00915	0.01363	0.00691	0.00510	0.00513	0.00170	0.00680	0.00456	0.00229	0.00583
21	0.01355	0.01325	0.01690	0.32116	0.29487	0.16940	0.01346	0.01632	0.01192	0.06663	0.00982	0.01270	0.00764	0.00505	0.00501	0.00156	0.00690	0.00435	0.00272	0.00681
22	0.00950	0.00769	0.00878	0.00854	0.01024	0.00832	0.00635	0.01706	0.36949	0.01856	0.18261	0.28206	0.02843	0.01066	0.00583	0.00183	0.00337	0.00938	0.00516	0.00615
23	0.00746	0.00497	0.00560	0.00560	0.00560	0.00497	0.00311	0.00746	0.00746	0.00995	0.01617	0.03358	0.01865	0.81967	0.02612	0.00497	0.00497	0.00746	0.00311	0.00311
24	0.00981	0.00929	0.01542	0.74488	0.03362	0.01174	0.01401	0.01305	0.01007	0.01305	0.00893	0.01349	0.00683	0.00543	0.00605	0.00175	0.07005	0.00455	0.00228	0.00569
25	0.01951	0.01437	0.01540	0.01181	0.01591	0.01591	0.00975	0.77056	0.02412	0.03234	0.01232	0.01232	0.00873	0.00616	0.00513	0.00154	0.00565	0.00462	0.00513	0.00873
26	0.01794	0.00863	0.01097	0.00890	0.01212	0.00819	0.00717	0.06209	0.12848	0.47149	0.18341	0.02190	0.02056	0.00732	0.00536	0.00161	0.00397	0.00611	0.00597	0.00781
27	0.01181	0.58937	0.06306	0.00836	0.01225	0.01615	0.00825	0.01366	0.01086	0.01305	0.05525	0.03036	0.13735	0.00634	0.00403	0.00127	0.00492	0.00467	0.00284	0.00614
28	0.00746	0.00497	0.00560	0.00560	0.00560	0.00497	0.00311	0.00746	0.00746	0.00995	0.01617	0.03358	0.01865	0.81967	0.02612	0.00497	0.00497	0.00746	0.00311	0.00311
29	0.00746	0.00497	0.00560	0.00560	0.00560	0.00497	0.00311	0.00746	0.00746	0.00995	0.01617	0.03358	0.01865	0.81967	0.02612	0.00497	0.00497	0.00746	0.00311	0.00311
30	0.00969	0.00912	0.01539	0.80734	0.03534	0.01140	0.01425	0.01311	0.01026	0.01311	0.00912	0.01368	0.00684	0.00513	0.00513	0.00171	0.00684	0.00456	0.00228	0.00570
31	0.01917	0.02445	0.01454	0.01322	0.01586	0.79907	0.00991	0.02049	0.01454	0.01256	0.00793	0.00925	0.00661	0.00529	0.00463	0.00132	0.00925	0.00330	0.00264	0.00595
32	0.01029	0.02654	0.79309	0.01462	0.02221	0.01192	0.01896	0.01625	0.01083	0.01625	0.00921	0.01083	0.00650	0.00487	0.00487	0.00162	0.00758	0.00379	0.00217	0.00758
33	0.00810	0.00562	0.00615	0.00582	0.00776	0.00480	0.00445	0.00955	0.01200	0.10314	0.07352	0.04411	0.63816	0.01319	0.03872	0.00198	0.00326	0.00990	0.00490	0.00487
34	0.01771	0.02080	0.01464	0.01305	0.01521	0.59035	0.01006	0.01902	0.01314	0.05552	0.00836	0.01012	0.00697	0.00612	0.00723	0.00153	0.17771	0.00366	0.00276	0.00603
35	0.00746	0.00497	0.00560	0.00560	0.00560	0.00497	0.00311	0.00746	0.00746	0.00995	0.01617	0.03358	0.01865	0.81967	0.02612	0.00497	0.00497	0.00746	0.00311	0.00311
36	0.00733	0.00550	0.00825	0.00825	0.00916	0.00641	0.00641	0.00916	0.00825	0.01191	0.01374	0.02016	0.01283	0.03848	0.79934	0.00825	0.01374	0.00550	0.00275	0.00458
37	0.01456	0.01630	0.09810	0.05570	0.01639	0.23835	0.02626	0.04551	0.33254	0.05047	0.01499	0.04365	0.01173	0.00638	0.00507	0.00161	0.00621	0.00506	0.00396	0.00718
38	0.01032	0.05389	0.01488	0.01859	0.37176	0.00962	0.01045	0.01292	0.01254	0.01777	0.32850	0.02312	0.02468	0.00803	0.02560	0.00173	0.03887	0.00643	0.00379	0.00650
39	0.00714	0.00524	0.00669	0.00633	0.00759	0.00479	0.00475	0.00945	0.01424	0.01991	0.71212	0.03943	0.12167	0.01074	0.00605	0.00163	0.00244	0.00943	0.00556	0.00479
40	0.00735	0.00513	0.00625	0.00654	0.00772	0.00458	0.00474	0.00875	0.01161	0.05760	0.16904	0.35404	0.28879	0.01346	0.00624	0.00186	0.00288	0.03380	0.00501	0.00461
41	0.01190	0.01040	0.01407	0.05851	0.22472	0.00931	0.00947	0.07760	0.01204	0.01785	0.00953	0.01151	0.00780	0.00428	0.00433	0.00109	0.00475	0.00367	0.00304	0.50413
42	0.06367	0.01505	0.24828	0.01089	0.01584	0.05268	0.01102	0.02157	0.01319	0.47251	0.01552	0.01451	0.01011	0.00576	0.00494	0.00158	0.00559	0.00452	0.00471	0.00806
43	0.00705	0.00483	0.00584	0.00610	0.00671	0.00450	0.00406	0.00732	0.00938	0.01209	0.06386	0.22017	0.23474	0.21485	0.01382	0.16394	0.00362	0.00960	0.00391	0.00361
44	0.00927	0.01907	0.51330	0.01236	0.01761	0.00986	0.01456	0.01379	0.01029	0.01503	0.01299	0.01800	0.03215	0.01419	0.20215	0.00333	0.00874	0.06420	0.00259	0.00652
45	0.01664	0.05707	0.10948	0.15030	0.08469	0.01098	0.07187	0.08371	0.01358	0.32918	0.01392	0.01438	0.00949	0.00553	0.00508	0.00159	0.00584	0.00473	0.00419	0.00776
46	0.00746	0.00497	0.00560	0.00560	0.00560	0.00497	0.00311	0.00746	0.00746	0.00995	0.01617	0.03358	0.01865	0.81967	0.02612	0.00497	0.00497	0.00746	0.00311	0.00311
47	0.01211	0.01384	0.03028	0.02163	0.02682	0.01298	0.76903	0.01644	0.01211	0.01644	0.01038	0.01384	0.00779	0.00433	0.00606	0.00173	0.00865	0.00606	0.00260	0.00692
48	0.01590	0.11980	0.09377	0.01745	0.24605	0.03090	0.06470	0.05407	0.05529	0.23230	0.01298	0.01359	0.00942	0.00528	0.00491	0.00152	0.00580	0.00456	0.00379	0.00793
49	0.03076	0.01213	0.06603	0.20845	0.08569	0.01207	0.01124	0.28440	0.01632	0.15720	0.05495	0.01485	0.01089	0.00593	0.00513	0.00160	0.00567	0.00486	0.00422	0.00759
50	0.01095	0.01022	0.01679	0.55534	0.17835	0.01206	0.03114	0.05538	0.01122	0.01491	0.00931	0.01329	0.00721	0.00526	0.00574	0.00169	0.04771	0.00460	0.00249	0.00636

[dist]
# distance from previous block
# <min> <max>
1	3

[block]
# block no. 3 follows, 48 sequences, length 76
# corresponding to MSA columns:
# 312-387
name=unknown_D
#
# <colnr> <probs for GDERKNQSTAVLIFYWHMCP>
#	G	D	E	R	K	N	Q	S	T	A	V	L	I	F	Y	W	H	M	C	P
0	0.01278	0.00881	0.01065	0.00787	0.01210	0.00684	0.00629	0.01494	0.01137	0.16425	0.01220	0.05221	0.00989	0.00490	0.00420	0.00098	0.00387	0.00402	0.00376	0.64807
1	0.01405	0.03224	0.03031	0.02554	0.53752	0.05149	0.07471	0.03066	0.02708	0.09594	0.02417	0.01353	0.00928	0.00494	0.00512	0.00153	0.00618	0.00474	0.00308	0.00789
2	0.01533	0.01823	0.03446	0.06544	0.17977	0.42378	0.01157	0.01727	0.01241	0.01351	0.00862	0.01121	0.00735	0.00763	0.05608	0.00194	0.10262	0.00394	0.00255	0.00631
3	0.01191	0.00920	0.01085	0.00782	0.01232	0.00710	0.00629	0.03039	0.01128	0.08420	0.01015	0.01127	0.00807	0.00407	0.00395	0.00085	0.00389	0.00326	0.00337	0.75976
4	0.00746	0.00499	0.00568	0.00568	0.00570	0.00502	0.00321	0.00751	0.00749	0.01001	0.01610	0.03318	0.01848	0.79645	0.04910	0.00507	0.00524	0.00740	0.00310	0.00315
5	0.01180	0.08370	0.01494	0.10993	0.17737	0.13593	0.03242	0.01536	0.08130	0.01680	0.24508	0.02025	0.02047	0.00674	0.00519	0.00153	0.00541	0.00579	0.00368	0.00632
6	0.01120	0.23657	0.59097	0.01308	0.01982	0.01413	0.01627	0.01602	0.01073	0.01515	0.00866	0.01015	0.00652	0.00475	0.00446	0.00149	0.00703	0.00352	0.00217	0.00732
7	0.00771	0.00585	0.00764	0.00749	0.00874	0.00615	0.00579	0.04687	0.01061	0.01432	0.09863	0.03123	0.19082	0.07086	0.41069	0.00525	0.00867	0.05425	0.00375	0.00468
8	0.03977	0.08150	0.01312	0.00891	0.01313	0.06452	0.00732	0.12732	0.01343	0.13363	0.01093	0.01153	0.00831	0.00471	0.00419	0.00109	0.00469	0.00357	0.00374	0.44458
9	0.06953	0.01019	0.01575	0.21584	0.37993	0.01083	0.01246	0.01464	0.05925	0.01633	0.03105	0.03827	0.07642	0.00602	0.00509	0.00161	0.00550	0.00540	0.00302	0.02290
10	0.00956	0.00478	0.00478	0.00478	0.00598	0.00478	0.00359	0.01196	0.01076	0.01913	0.01674	0.01913	0.01315	0.00598	0.00359	0.00120	0.00239	0.00478	0.84816	0.00478
11	0.00704	0.00504	0.00683	0.00730	0.00784	0.00522	0.00519	0.00823	0.00917	0.01256	0.05859	0.30196	0.02418	0.19098	0.27398	0.00473	0.00705	0.05618	0.00379	0.00415
12	0.01659	0.00740	0.00991	0.00814	0.01096	0.00659	0.00650	0.03307	0.01457	0.46751	0.28894	0.06432	0.02622	0.00828	0.00554	0.00162	0.00364	0.00706	0.00600	0.00714
13	0.01999	0.01166	0.01355	0.01055	0.01442	0.01213	0.00867	0.40715	0.06835	0.32410	0.01598	0.01503	0.01086	0.00746	0.03395	0.00181	0.00534	0.00494	0.00552	0.00854
14	0.00809	0.00674	0.00946	0.00919	0.00962	0.00820	0.00705	0.00936	0.00869	0.01245	0.03118	0.25671	0.01845	0.06360	0.29116	0.00445	0.22953	0.00811	0.00329	0.00467
15	0.01137	0.00725	0.00750	0.00677	0.00871	0.00770	0.00526	0.13029	0.13268	0.02119	0.01892	0.01999	0.06135	0.00660	0.00423	0.00137	0.00316	0.00530	0.53449	0.00588
16	0.01372	0.82276	0.02689	0.00878	0.01317	0.02030	0.00878	0.01536	0.01043	0.01207	0.00713	0.00823	0.00658	0.00439	0.00329	0.00110	0.00549	0.00274	0.00219	0.00658
17	0.85592	0.00992	0.00754	0.00675	0.00992	0.01151	0.00556	0.01508	0.00873	0.02302	0.00714	0.00834	0.00556	0.00476	0.00318	0.00159	0.00397	0.00278	0.00318	0.00556
18	0.00949	0.06505	0.31064	0.01012	0.01419	0.00878	0.02713	0.01316	0.01257	0.04911	0.33682	0.03842	0.06795	0.00788	0.00540	0.00160	0.00483	0.00670	0.00399	0.00617
19	0.01847	0.07424	0.01610	0.01336	0.01624	0.71100	0.04750	0.01997	0.01416	0.01272	0.00800	0.00942	0.00667	0.00518	0.00461	0.00133	0.00899	0.00341	0.00261	0.00604
20	0.01372	0.82276	0.02689	0.00878	0.01317	0.02030	0.00878	0.01536	0.01043	0.01207	0.00713	0.00823	0.00658	0.00439	0.00329	0.00110	0.00549	0.00274	0.00219	0.00658
21	0.00746	0.00500	0.00573	0.00573	0.00577	0.00505	0.00327	0.00755	0.00750	0.01005	0.01605	0.03291	0.01837	0.78092	0.06448	0.00514	0.00541	0.00736	0.00309	0.00318
22	0.00626	0.00508	0.00555	0.00571	0.00712	0.00437	0.00418	0.00763	0.01174	0.01462	0.14506	0.18244	0.55595	0.01320	0.00615	0.00178	0.00264	0.01128	0.00488	0.00437
23	0.02092	0.00827	0.01123	0.00877	0.01237	0.00718	0.00718	0.02296	0.01466	0.68852	0.12215	0.02024	0.01746	0.00690	0.00528	0.00159	0.00411	0.00571	0.00626	0.00821
24	0.00685	0.00490	0.00665	0.00783	0.00840	0.00469	0.00581	0.00819	0.01042	0.01377	0.02795	0.58969	0.03262	0.01551	0.00671	0.00217	0.00350	0.23527	0.00475	0.00433
25	0.01090	0.14881	0.63945	0.01405	0.02103	0.01326	0.05220	0.01612	0.01083	0.01561	0.00894	0.01057	0.00657	0.00477	0.00469	0.00155	0.00731	0.00373	0.00219	0.00740
26	0.01478	0.66664	0.02447	0.00965	0.01370	0.17260	0.00900	0.01637	0.01123	0.01217	0.00729	0.00843	0.00659	0.00457	0.00355	0.00114	0.00622	0.00285	0.00228	0.00646
27	0.00700	0.00523	0.00737	0.00735	0.00831	0.00486	0.03457	0.00881	0.01234	0.01708	0.41750	0.38417	0.04038	0.01274	0.00627	0.00183	0.00291	0.01152	0.00513	0.00462
28	0.44021	0.01438	0.06031	0.01033	0.03995	0.13487	0.00845	0.19993	0.01361	0.02302	0.00874	0.00976	0.00664	0.00518	0.00405	0.00153	0.00550	0.00343	0.00348	0.00661
29	0.01019	0.00953	0.01605	0.01306	0.05357	0.00881	0.25491	0.01341	0.05889	0.01552	0.06046	0.06948	0.01462	0.16753	0.02150	0.00226	0.00576	0.00630	0.00328	0.19488
30	0.00829	0.00682	0.01049	0.29289	0.04248	0.00787	0.00871	0.01038	0.00944	0.01277	0.06196	0.07375	0.01521	0.15936	0.25311	0.00430	0.00808	0.00632	0.00295	0.00482
31	0.85592	0.00992	0.00754	0.00675	0.00992	0.01151	0.00556	0.01508	0.00873	0.02302	0.00714	0.00834	0.00556	0.00476	0.00318	0.00159	0.00397	0.00278	0.00318	0.00556
32	0.00735	0.00542	0.00785	0.00785	0.00863	0.00620	0.00592	0.00891	0.00813	0.01162	0.01410	0.02215	0.01369	0.15452	0.68449	0.00776	0.01244	0.00579	0.00280	0.00436
33	0.19345	0.01216	0.05308	0.16477	0.22866	0.05491	0.01145	0.07606	0.02213	0.01779	0.00950	0.01294	0.00790	0.05638	0.00671	0.00183	0.05657	0.00427	0.00288	0.00655
34	0.01854	0.01095	0.01268	0.01026	0.01389	0.01148	0.00830	0.21344	0.28478	0.33038	0.01847	0.01676	0.01274	0.00652	0.00517	0.00163	0.00458	0.00525	0.00565	0.00852
35	0.01535	0.00922	0.01122	0.00851	0.01265	0.00784	0.00686	0.01906	0.10867	0.29529	0.01459	0.01416	0.01045	0.00511	0.00447	0.00118	0.00404	0.00415	0.00450	0.44270
36	0.01566	0.09895	0.01408	0.01023	0.01338	0.15555	0.00831	0.34345	0.01810	0.03782	0.16605	0.01883	0.06357	0.00709	0.00509	0.00148	0.00544	0.00549	0.00447	0.00696
37	0.00969	0.00912	0.01539	0.80734	0.03534	0.01140	0.01425	0.01311	0.01026	0.01311	0.00912	0.01368	0.00684	0.00513	0.00513	0.00171	0.00684	0.00456	0.00228	0.00570
38	0.01447	0.01250	0.02562	0.01852	0.02334	0.01158	0.57952	0.01822	0.01268	0.19054	0.01300	0.01572	0.00942	0.00502	0.00588	0.00171	0.00759	0.02389	0.00349	0.00727
39	0.04875	0.33644	0.26343	0.01340	0.07693	0.02750	0.06033	0.06320	0.03725	0.01606	0.00898	0.01038	0.00715	0.00478	0.00429	0.00141	0.00634	0.00365	0.00257	0.00717
40	0.31361	0.00814	0.00860	0.00786	0.01001	0.00930	0.00628	0.10731	0.01063	0.01908	0.01145	0.01484	0.00973	0.01954	0.34577	0.00441	0.00825	0.00435	0.07535	0.00547
41	0.00672	0.00527	0.00614	0.00622	0.00765	0.00468	0.00478	0.00848	0.01249	0.01609	0.27439	0.08508	0.42519	0.01252	0.00621	0.00179	0.00283	0.10392	0.00503	0.00453
42	0.24961	0.10491	0.01472	0.01057	0.01435	0.06403	0.00867	0.32962	0.04421	0.09034	0.01205	0.01273	0.00908	0.00627	0.00482	0.00170	0.00558	0.00425	0.00455	0.00793
43	0.00630	0.00456	0.00596	0.00698	0.00742	0.00422	0.00471	0.00732	0.01024	0.01362	0.07746	0.71915	0.08203	0.01553	0.00649	0.00203	0.00292	0.01402	0.00482	0.00422
44	0.01288	0.08265	0.51947	0.01317	0.01919	0.06172	0.01539	0.01732	0.01136	0.11943	0.01030	0.01145	0.00738	0.00530	0.00551	0.00159	0.05742	0.00390	0.00278	0.02180
45	0.01132	0.35564	0.33551	0.01114	0.01616	0.01468	0.01254	0.01470	0.01068	0.01438	0.05812	0.06226	0.01091	0.00593	0.00499	0.00146	0.04592	0.00441	0.00256	0.00668
46	0.01479	0.00631	0.00755	0.00647	0.00874	0.00585	0.00512	0.01702	0.01228	0.31869	0.01810	0.01848	0.01298	0.00612	0.00420	0.00135	0.00316	0.00493	0.52155	0.00631
47	0.00798	0.00708	0.01177	0.12314	0.01508	0.00698	0.14305	0.01010	0.01096	0.01433	0.05782	0.34129	0.14162	0.01154	0.00621	0.00192	0.00461	0.07550	0.00406	0.00498
48	0.00715	0.00572	0.00861	0.18731	0.01414	0.00599	0.02383	0.00869	0.00997	0.01317	0.02358	0.61816	0.02727	0.01336	0.00622	0.00199	0.00397	0.01214	0.00416	0.00457
49	0.01144	0.00825	0.00870	0.00797	0.01025	0.00897	0.00616	0.01991	0.40664	0.05797	0.02348	0.02286	0.11159	0.00739	0.00482	0.00156	0.00338	0.00609	0.26593	0.00664
50	0.00821	0.00586	0.00819	0.00935	0.01051	0.00585	0.00813	0.01054	0.01182	0.01540	0.04069	0.07433	0.02996	0.01415	0.00706	0.00234	0.00465	0.72351	0.00474	0.00471
51	0.01132	0.01062	0.01879	0.52374	0.08066	0.01197	0.17267	0.06063	0.01170	0.03401	0.00988	0.01366	0.00738	0.00502	0.00532	0.00169	0.00704	0.00489	0.00264	0.00637
52	0.01474	0.01209	0.01247	0.01069	0.01385	0.04036	0.00845	0.21769	0.51585	0.03763	0.03270	0.01738	0.01409	0.00674	0.00516	0.00166	0.00459	0.00545	0.02033	0.00809
53	0.00638	0.00463	0.00606	0.00715	0.00763	0.00431	0.00495	0.00742	0.01013	0.01333	0.03020	0.69562	0.09716	0.01567	0.00655	0.00207	0.00307	0.06867	0.00476	0.00422
54	0.85592	0.00992	0.00754	0.00675	0.00992	0.01151	0.00556	0.01508	0.00873	0.02302	0.00714	0.00834	0.00556	0.00476	0.00318	0.00159	0.00397	0.00278	0.00318	0.00556
55	0.00969	0.00912	0.01539	0.80734	0.03534	0.01140	0.01425	0.01311	0.01026	0.01311	0.00912	0.01368	0.00684	0.00513	0.00513	0.00171	0.00684	0.00456	0.00228	0.00570
56	0.00745	0.00504	0.00593	0.00593	0.00604	0.00515	0.00352	0.00767	0.00756	0.01019	0.01587	0.03191	0.01793	0.72237	0.12243	0.00538	0.00607	0.00722	0.00306	0.00329
57	0.01123	0.01123	0.01572	0.01347	0.01347	0.01572	0.01123	0.01235	0.00786	0.01235	0.00674	0.01123	0.00674	0.00898	0.01684	0.00225	0.81028	0.00449	0.00225	0.00561
58	0.54603	0.00948	0.00917	0.00763	0.01110	0.01003	0.00630	0.01877	0.01095	0.30884	0.01202	0.01173	0.00822	0.00535	0.00391	0.00159	0.00412	0.00366	0.00436	0.00674
59	0.00670	0.00495	0.00628	0.00663	0.00756	0.00453	0.00478	0.00832	0.01209	0.01632	0.33732	0.35240	0.16102	0.01326	0.00629	0.00185	0.00275	0.03736	0.00512	0.00449
60	0.02047	0.01250	0.01420	0.01092	0.01496	0.01318	0.00901	0.51629	0.03839	0.27358	0.01504	0.01411	0.01015	0.00624	0.00514	0.00156	0.00520	0.00482	0.00552	0.00871
61	0.00640	0.00453	0.00591	0.00695	0.00721	0.00427	0.00455	0.00718	0.00953	0.01270	0.02676	0.71786	0.03201	0.11717	0.00901	0.00245	0.00323	0.01369	0.00455	0.00403
62	0.02104	0.00829	0.01127	0.00879	0.01241	0.00720	0.00720	0.02308	0.01467	0.69428	0.11644	0.02009	0.01719	0.00687	0.00527	0.00159	0.00412	0.00568	0.00626	0.00824
63	0.00765	0.00535	0.00670	0.00725	0.00786	0.00528	0.00538	0.00875	0.00965	0.01259	0.02359	0.08334	0.07226	0.39496	0.01599	0.00354	0.00462	0.31736	0.00397	0.00391
64	0.01398	0.01468	0.01806	0.19233	0.37855	0.20391	0.03140	0.05712	0.01276	0.01579	0.00928	0.01208	0.00751	0.00495	0.00501	0.00152	0.00706	0.00430	0.00265	0.00708
65	0.01687	0.24942	0.21660	0.01059	0.01561	0.01283	0.01095	0.06169	0.01299	0.32448	0.01317	0.01280	0.00912	0.00539	0.00454	0.00145	0.00559	0.00408	0.00401	0.00782
66	0.00909	0.00901	0.01774	0.01416	0.01683	0.00844	0.37520	0.01165	0.01093	0.01472	0.01960	0.42736	0.02126	0.01038	0.00631	0.00191	0.00573	0.01045	0.00371	0.00550
67	0.01268	0.29301	0.37117	0.04004	0.01904	0.01529	0.05169	0.11074	0.01241	0.01676	0.00895	0.01039	0.00688	0.00485	0.00444	0.00144	0.00666	0.00368	0.00257	0.00729
68	0.01348	0.00997	0.01197	0.00924	0.03004	0.00880	0.00728	0.11620	0.01282	0.11643	0.01082	0.01181	0.00836	0.00477	0.00496	0.00108	0.05253	0.00364	0.00368	0.56214
69	0.01277	0.29546	0.33678	0.01500	0.13598	0.07680	0.01406	0.01637	0.01119	0.02945	0.00868	0.01023	0.00691	0.00472	0.00435	0.00140	0.00671	0.00354	0.00235	0.00722
70	0.01323	0.01565	0.06509	0.19288	0.11079	0.30353	0.01139	0.01602	0.03872	0.01409	0.02456	0.09985	0.01213	0.00698	0.00521	0.00162	0.00699	0.05221	0.00301	0.00605
71	0.00746	0.00497	0.00560	0.00560	0.00560	0.00497	0.00311	0.00746	0.00746	0.00995	0.01617	0.03358	0.01865	0.81967	0.02612	0.00497	0.00497	0.00746	0.00311	0.00311
72	0.01125	0.02068	0.50081	0.01428	0.03203	0.01288	0.01595	0.01547	0.01012	0.05350	0.00900	0.01132	0.00691	0.00621	0.00859	0.00181	0.25567	0.00409	0.00240	0.00704
73	0.01187	0.01642	0.30408	0.02002	0.33089	0.01098	0.01476	0.01623	0.04871	0.06899	0.01283	0.05433	0.02671	0.03385	0.00584	0.00173	0.00616	0.00512	0.00297	0.00751
74	0.01341	0.00700	0.00869	0.00776	0.01013	0.00642	0.00598	0.01628	0.09205	0.31623	0.04799	0.21772	0.20802	0.01047	0.00574	0.00176	0.00352	0.00897	0.00545	0.00640
75	0.04737	0.00881	0.01106	0.00876	0.01213	0.00831	0.00714	0.12959	0.01559	0.48997	0.13560	0.01971	0.01738	0.00688	0.00513	0.00156	0.00412	0.00561	0.05748	0.00779

[dist]
# distance from previous block
# <min> <max>
0	1

[block]
# block no. 4 follows, 48 sequences, length 48
# corresponding to MSA columns:
# 389-392,399-442
name=unknown_E
#
# <colnr> <probs for GDERKNQSTAVLIFYWHMCP>
#	G	D	E	R	K	N	Q	S	T	A	V	L	I	F	Y	W	H	M	C	P
0	0.13608	0.02481	0.01964	0.03337	0.26193	0.02730	0.20954	0.07669	0.03774	0.07963	0.01071	0.01276	0.00820	0.00505	0.00545	0.00162	0.03416	0.00474	0.00322	0.00734
1	0.07186	0.01065	0.02703	0.01118	0.04944	0.04726	0.00875	0.13586	0.01272	0.14212	0.03645	0.01489	0.01068	0.01039	0.09674	0.00243	0.20494	0.00473	0.09534	0.00655
2	0.00656	0.00475	0.00621	0.00684	0.00749	0.00439	0.00475	0.00796	0.01140	0.01551	0.27006	0.53368	0.07301	0.01416	0.00637	0.00192	0.00278	0.01273	0.00504	0.00439
3	0.01034	0.02524	0.73054	0.05315	0.04791	0.01190	0.01863	0.01608	0.01083	0.01612	0.00922	0.01103	0.00657	0.00488	0.00489	0.00163	0.00750	0.00385	0.00218	0.00751
4	0.01048	0.07040	0.75088	0.01430	0.02171	0.01238	0.01840	0.01620	0.01081	0.01602	0.00909	0.01069	0.00650	0.00485	0.00479	0.00160	0.00747	0.00373	0.00217	0.00753
5	0.01264	0.01177	0.04903	0.01064	0.01377	0.01272	0.00864	0.02674	0.74163	0.02121	0.02032	0.01875	0.01522	0.00686	0.00520	0.00173	0.00423	0.00570	0.00507	0.00810
6	0.00733	0.00550	0.00825	0.00825	0.00916	0.00641	0.00641	0.00916	0.00825	0.01191	0.01374	0.02016	0.01283	0.03848	0.79934	0.00825	0.01374	0.00550	0.00275	0.00458
7	0.00734	0.00546	0.00803	0.00803	0.00887	0.00630	0.00615	0.00903	0.00818	0.01175	0.01394	0.02124	0.01330	0.10153	0.73694	0.00798	0.01304	0.00566	0.00278	0.00446
8	0.25767	0.08242	0.01241	0.00888	0.01253	0.05060	0.00740	0.13039	0.01387	0.32888	0.01347	0.01294	0.00926	0.00563	0.00435	0.00151	0.00472	0.00409	0.03160	0.00737
9	0.01463	0.06034	0.39346	0.01315	0.06028	0.03583	0.01367	0.05293	0.01266	0.22126	0.02568	0.01304	0.00912	0.00534	0.00485	0.00153	0.00624	0.00422	0.00355	0.04822
10	0.05093	0.01065	0.01607	0.30097	0.08454	0.01292	0.05376	0.06189	0.02695	0.06839	0.00962	0.01290	0.00761	0.00639	0.00867	0.00184	0.25205	0.00461	0.00287	0.00638
11	0.01017	0.00917	0.01024	0.01081	0.06384	0.07470	0.00754	0.01554	0.24498	0.01567	0.02002	0.30513	0.02013	0.01405	0.10678	0.00267	0.04988	0.00857	0.00418	0.00593
12	0.01098	0.01044	0.01772	0.47473	0.35787	0.01174	0.01489	0.01424	0.01087	0.01468	0.00935	0.01326	0.00739	0.00489	0.00511	0.00163	0.00652	0.00457	0.00239	0.00674
13	0.01369	0.01601	0.25208	0.01288	0.06487	0.01165	0.02571	0.25951	0.01496	0.04280	0.01072	0.01227	0.00808	0.00714	0.03617	0.04930	0.00622	0.00417	0.00345	0.14832
14	0.00891	0.00446	0.00668	0.00668	0.00668	0.00446	0.00446	0.00668	0.00668	0.00891	0.00891	0.01560	0.00891	0.01783	0.02005	0.85071	0.00446	0.00446	0.00223	0.00223
15	0.00733	0.00550	0.00825	0.00825	0.00916	0.00641	0.00641	0.00916	0.00825	0.01191	0.01374	0.02016	0.01283	0.03848	0.79934	0.00825	0.01374	0.00550	0.00275	0.00458
16	0.01485	0.04237	0.01393	0.01337	0.10145	0.31281	0.02336	0.06778	0.17921	0.03173	0.01744	0.04181	0.10432	0.00686	0.00507	0.00153	0.00631	0.00540	0.00373	0.00669
17	0.26687	0.28474	0.01668	0.01019	0.02906	0.28953	0.00836	0.01708	0.01138	0.01560	0.00747	0.00871	0.00632	0.00482	0.00376	0.00133	0.00636	0.00299	0.00265	0.00609
18	0.00746	0.00497	0.00560	0.00560	0.00560	0.00497	0.00311	0.00746	0.00746	0.00995	0.01617	0.03358	0.01865	0.81967	0.02612	0.00497	0.00497	0.00746	0.00311	0.00311
19	0.00673	0.00512	0.00726	0.00788	0.00864	0.00478	0.04011	0.00798	0.01032	0.01357	0.02950	0.62573	0.10098	0.01505	0.00654	0.00207	0.00340	0.09534	0.00466	0.00437
20	0.09224	0.01251	0.05648	0.01857	0.19720	0.06152	0.27399	0.01491	0.01158	0.03327	0.04225	0.13596	0.01316	0.00658	0.00546	0.00168	0.00640	0.00652	0.00315	0.00658
21	0.00771	0.00575	0.00732	0.00789	0.03379	0.00560	0.00544	0.02888	0.06657	0.01714	0.29227	0.37970	0.07001	0.01238	0.00608	0.00182	0.00299	0.01103	0.03267	0.00496
22	0.01798	0.01109	0.02039	0.01490	0.01943	0.01005	0.35909	0.02105	0.01350	0.43353	0.01569	0.01579	0.01043	0.00542	0.00557	0.00165	0.00634	0.00557	0.00462	0.00790
23	0.00884	0.01066	0.18065	0.00919	0.02691	0.00714	0.04694	0.03605	0.01161	0.02785	0.08122	0.12481	0.22194	0.04809	0.00638	0.00180	0.00432	0.00790	0.13221	0.00549
24	0.15647	0.09976	0.08114	0.05603	0.07721	0.28432	0.00985	0.04035	0.01252	0.01630	0.07295	0.01402	0.04735	0.00582	0.00453	0.00146	0.00646	0.00426	0.00304	0.00617
25	0.00700	0.00520	0.00621	0.00596	0.00734	0.00467	0.00447	0.00905	0.01340	0.01832	0.50517	0.04087	0.28579	0.01106	0.00592	0.00163	0.00248	0.00954	0.05126	0.00467
26	0.02258	0.00894	0.01198	0.00924	0.01317	0.00792	0.00761	0.04223	0.04138	0.74708	0.02008	0.01740	0.01271	0.00637	0.00516	0.00159	0.00438	0.00517	0.00628	0.00871
27	0.01101	0.01025	0.01696	0.25151	0.39003	0.01092	0.03738	0.03043	0.03588	0.01566	0.01309	0.11599	0.02577	0.00645	0.00534	0.00167	0.00586	0.00604	0.00293	0.00682
28	0.01366	0.77860	0.02656	0.01002	0.05536	0.01986	0.00916	0.01539	0.01049	0.01233	0.00727	0.00847	0.00667	0.00440	0.00339	0.00112	0.00552	0.00284	0.00221	0.00667
29	0.02302	0.00873	0.01191	0.00913	0.01310	0.00754	0.00754	0.02501	0.01469	0.79122	0.02024	0.01746	0.01270	0.00635	0.00516	0.00159	0.00437	0.00516	0.00635	0.00873
30	0.00699	0.00531	0.00650	0.00654	0.00788	0.00482	0.00507	0.00897	0.01298	0.01724	0.39276	0.07212	0.29163	0.01211	0.00624	0.00179	0.00287	0.12841	0.00517	0.00463
31	0.16640	0.01215	0.06712	0.03731	0.18881	0.02461	0.01039	0.11768	0.07729	0.22851	0.01326	0.01353	0.00943	0.00554	0.00476	0.00158	0.00520	0.00444	0.00421	0.00777
32	0.01195	0.01220	0.02280	0.14782	0.37422	0.01253	0.26400	0.01537	0.01138	0.01583	0.00964	0.01314	0.00773	0.00483	0.00610	0.00166	0.05404	0.00506	0.00250	0.00720
33	0.01007	0.01471	0.28440	0.01040	0.01455	0.00990	0.01072	0.04002	0.23887	0.01822	0.10337	0.02460	0.18301	0.00789	0.00537	0.00168	0.00486	0.00652	0.00409	0.00678
34	0.00751	0.00535	0.00760	0.00764	0.00847	0.00605	0.00578	0.00918	0.00844	0.01239	0.01470	0.04582	0.01409	0.11335	0.62644	0.00710	0.01152	0.00591	0.07821	0.00444
35	0.16617	0.00951	0.01039	0.00774	0.01199	0.00820	0.00625	0.05270	0.01120	0.06086	0.00953	0.01068	0.00756	0.00424	0.00383	0.00100	0.00396	0.00319	0.00335	0.60766
36	0.47317	0.10058	0.03575	0.00895	0.01227	0.18272	0.00754	0.01706	0.01070	0.08114	0.00843	0.00940	0.00653	0.00506	0.00401	0.00149	0.02284	0.00315	0.00316	0.00607
37	0.01419	0.01173	0.01241	0.01073	0.01389	0.01343	0.00847	0.18476	0.61857	0.02377	0.01907	0.01770	0.01419	0.00679	0.00520	0.00170	0.00440	0.00555	0.00520	0.00825
38	0.01249	0.14613	0.21417	0.02171	0.40503	0.03820	0.01469	0.01591	0.01143	0.03302	0.01065	0.01267	0.03203	0.00495	0.00476	0.00148	0.00632	0.00425	0.00255	0.00757
39	0.00707	0.00507	0.00691	0.00726	0.00809	0.00530	0.00536	0.00865	0.00964	0.01361	0.07375	0.27412	0.08327	0.02489	0.36904	0.00477	0.00779	0.00898	0.07197	0.00447
40	0.01029	0.02654	0.79309	0.01462	0.02221	0.01192	0.01896	0.01625	0.01083	0.01625	0.00921	0.01083	0.00650	0.00487	0.00487	0.00162	0.00758	0.00379	0.00217	0.00758
41	0.01217	0.01161	0.07474	0.23490	0.02022	0.01207	0.01068	0.02230	0.46634	0.05399	0.01662	0.01687	0.01232	0.00625	0.00517	0.00172	0.00514	0.00526	0.00420	0.00743
42	0.00915	0.00812	0.01204	0.06824	0.28721	0.00800	0.00920	0.01189	0.04215	0.01622	0.15578	0.09610	0.23729	0.00907	0.00566	0.00167	0.00418	0.00804	0.00398	0.00600
43	0.03898	0.00783	0.01021	0.00878	0.01160	0.00732	0.00724	0.05036	0.03869	0.40673	0.16637	0.02939	0.02271	0.00873	0.00568	0.00176	0.00410	0.16078	0.00571	0.00706
44	0.13292	0.10354	0.13678	0.03999	0.09354	0.17706	0.04746	0.04397	0.06766	0.05891	0.00997	0.01133	0.00773	0.00531	0.00510	0.00153	0.04338	0.00393	0.00303	0.00686
45	0.01607	0.01866	0.01768	0.02074	0.32093	0.42492	0.04852	0.01865	0.03847	0.01470	0.00915	0.01116	0.00756	0.00501	0.00489	0.00143	0.00781	0.00402	0.00269	0.00693
46	0.00745	0.00502	0.00582	0.00582	0.00590	0.00510	0.00339	0.00761	0.00753	0.01012	0.01596	0.03243	0.01815	0.75257	0.09254	0.00526	0.00573	0.00729	0.00308	0.00324
47	0.00667	0.00464	0.00583	0.00660	0.00680	0.00445	0.00419	0.00726	0.00900	0.01200	0.02405	0.54292	0.02860	0.29677	0.01338	0.00309	0.00367	0.01210	0.00419	0.00380

[dist]
# distance from previous block
# <min> <max>
1	2

[block]
# block no. 5 follows, 48 sequences, length 35
# corresponding to MSA columns:
# 445-479
name=unknown_F
#
# <colnr> <probs for GDERKNQSTAVLIFYWHMCP>
#	G	D	E	R	K	N	Q	S	T	A	V	L	I	F	Y	W	H	M	C	P
0	0.10672	0.06347	0.11230	0.00792	0.01151	0.00884	0.00733	0.01500	0.08211	0.03117	0.01241	0.01377	0.00971	0.00510	0.00393	0.00123	0.00403	0.00392	0.26357	0.23597
1	0.01413	0.31584	0.02065	0.01130	0.01559	0.07597	0.11905	0.13263	0.04848	0.01725	0.00950	0.01075	0.00772	0.00472	0.00427	0.00124	0.00586	0.00376	0.00305	0.17822
2	0.00637	0.00455	0.00608	0.00721	0.00758	0.00426	0.00491	0.00737	0.01006	0.01344	0.05334	0.75994	0.03424	0.01581	0.00655	0.00208	0.00303	0.04418	0.00479	0.00421
3	0.00737	0.00534	0.00744	0.00744	0.00808	0.00598	0.00541	0.00864	0.00801	0.01131	0.01448	0.02425	0.01460	0.27641	0.56383	0.00725	0.01107	0.00610	0.00286	0.00413
4	0.01359	0.79311	0.05542	0.00900	0.01351	0.01999	0.00916	0.01540	0.01044	0.01223	0.00721	0.00833	0.00658	0.00441	0.00335	0.00112	0.00557	0.00278	0.00219	0.00662
5	0.01257	0.44037	0.02244	0.12985	0.14638	0.01692	0.01113	0.01463	0.01021	0.01305	0.00778	0.01025	0.00690	0.00525	0.00599	0.00144	0.13242	0.00359	0.00227	0.00656
