[name]
unknown

[dist]
# distance from previous block
# <min> <max>
0	69

[block]
# block no. 0 follows, 51 sequences, length 49
# corresponding to MSA columns:
# 74-122
name=unknown_A
#
# <colnr> <probs for GDERKNQSTAVLIFYWHMCP>
#	G	D	E	R	K	N	Q	S	T	A	V	L	I	F	Y	W	H	M	C	P
0	0.00585	0.00498	0.00504	0.00503	0.00667	0.00417	0.00377	0.00714	0.01131	0.01354	0.08013	0.04686	0.76413	0.01235	0.00581	0.00165	0.00248	0.01031	0.00460	0.00417
1	0.00617	0.00466	0.00571	0.00616	0.00704	0.00419	0.00435	0.00750	0.01101	0.01450	0.22063	0.41284	0.25088	0.01326	0.00603	0.00179	0.00262	0.01171	0.00477	0.00419
2	0.00748	0.00733	0.06264	0.00850	0.01037	0.00598	0.09209	0.03268	0.01163	0.01566	0.22626	0.30639	0.17126	0.01119	0.00586	0.00173	0.00363	0.01008	0.00439	0.00484
3	0.01179	0.01173	0.01837	0.02289	0.45192	0.03472	0.04679	0.01403	0.00993	0.01437	0.00820	0.01160	0.00724	0.00595	0.00906	0.00172	0.30621	0.00438	0.00233	0.00679
4	0.00581	0.00498	0.00498	0.00498	0.00664	0.00415	0.00373	0.00705	0.01120	0.01328	0.04978	0.04729	0.79464	0.01245	0.00581	0.00166	0.00249	0.01037	0.00456	0.00415
5	0.00717	0.00484	0.00564	0.00569	0.00580	0.00490	0.00340	0.00739	0.00737	0.00987	0.01577	0.03225	0.01792	0.73907	0.07786	0.00487	0.00533	0.03870	0.00302	0.00314
6	0.12390	0.01321	0.11258	0.15372	0.07218	0.02970	0.05652	0.19268	0.16058	0.02034	0.01142	0.01264	0.00850	0.00532	0.00469	0.00156	0.00562	0.00435	0.00349	0.00701
7	0.00705	0.00513	0.00723	0.00723	0.00788	0.00578	0.00531	0.00835	0.00770	0.01091	0.01377	0.02269	0.01376	0.24512	0.60157	0.00707	0.01095	0.00576	0.00272	0.00402
8	0.00599	0.00428	0.00570	0.00684	0.00713	0.00399	0.00456	0.00684	0.00941	0.01254	0.02709	0.82409	0.03250	0.01540	0.00627	0.00200	0.00285	0.01397	0.00456	0.00399
9	0.20286	0.03896	0.03988	0.02445	0.01383	0.16900	0.02332	0.14299	0.08282	0.04343	0.00948	0.01081	0.00746	0.00589	0.00654	0.00159	0.16324	0.00382	0.00327	0.00635
10	0.01018	0.00798	0.01076	0.00874	0.01115	0.00786	0.03882	0.01192	0.00928	0.07312	0.01100	0.01541	0.00984	0.10411	0.18926	0.00311	0.13077	0.00440	0.00296	0.33934
11	0.05372	0.01181	0.01299	0.01021	0.01384	0.01263	0.00840	0.51457	0.05361	0.12491	0.04239	0.01523	0.01120	0.00625	0.00488	0.00149	0.00487	0.03678	0.00488	0.05535
12	0.01314	0.83025	0.02575	0.00841	0.01261	0.01945	0.00841	0.01472	0.00999	0.01156	0.00683	0.00788	0.00631	0.00420	0.00315	0.00105	0.00526	0.00263	0.00210	0.00631
13	0.00779	0.00668	0.01042	0.42004	0.02086	0.00763	0.00926	0.01005	0.01011	0.01322	0.08176	0.29398	0.05135	0.00943	0.00553	0.00177	0.00473	0.02714	0.00342	0.00481
14	0.00929	0.00889	0.01652	0.15910	0.01895	0.00910	0.30181	0.01178	0.00991	0.01353	0.01381	0.15831	0.01364	0.14474	0.00927	0.00223	0.04051	0.00707	0.04636	0.00518
15	0.01504	0.01239	0.18809	0.01016	0.01410	0.04318	0.04209	0.03302	0.01290	0.35404	0.13018	0.01968	0.03527	0.00775	0.03492	0.00179	0.00530	0.02854	0.00454	0.00701
16	0.04701	0.00825	0.01107	0.00856	0.01223	0.00723	0.00705	0.02303	0.01388	0.74277	0.05232	0.01732	0.01343	0.00621	0.00492	0.00152	0.00409	0.00504	0.00596	0.00811
17	0.55295	0.01096	0.00992	0.00819	0.01155	0.01241	0.00675	0.28023	0.01359	0.04049	0.00881	0.00948	0.00651	0.00506	0.00373	0.00150	0.00437	0.00332	0.00375	0.00643
18	0.02258	0.01031	0.01694	0.09102	0.04975	0.01040	0.24750	0.12716	0.06611	0.13727	0.01467	0.12185	0.01248	0.04139	0.00621	0.00178	0.00575	0.00636	0.00383	0.00664
19	0.01152	0.00987	0.01048	0.00948	0.01208	0.01126	0.00735	0.02393	0.69203	0.02017	0.08293	0.02107	0.05177	0.00719	0.00510	0.00166	0.00370	0.00603	0.00501	0.00737
20	0.00916	0.00458	0.00458	0.00458	0.00573	0.00458	0.00344	0.01145	0.01031	0.01832	0.01603	0.01832	0.01260	0.00573	0.00344	0.00115	0.00229	0.00458	0.85457	0.00458
21	0.01193	0.01187	0.02060	0.14292	0.18561	0.02822	0.28163	0.09068	0.01190	0.01626	0.02286	0.02479	0.00835	0.00536	0.00672	0.00165	0.11426	0.00506	0.00271	0.00661
22	0.00990	0.00973	0.01468	0.76106	0.03258	0.06492	0.01337	0.01304	0.01010	0.01252	0.00866	0.01281	0.00654	0.00492	0.00488	0.00161	0.00671	0.00429	0.00221	0.00548
23	0.00825	0.00433	0.00624	0.00629	0.00630	0.00432	0.00412	0.00651	0.00662	0.00883	0.01019	0.05144	0.01072	0.11821	0.01938	0.71426	0.00427	0.00504	0.00234	0.00232
24	0.00874	0.00740	0.01125	0.27308	0.01751	0.00881	0.04252	0.01079	0.00939	0.01343	0.01444	0.22423	0.01451	0.02488	0.00757	0.00181	0.15693	0.00700	0.14078	0.00492
25	0.01228	0.08942	0.52303	0.01210	0.01799	0.01150	0.01432	0.08137	0.01178	0.11276	0.01063	0.01197	0.00769	0.03012	0.00518	0.00159	0.00633	0.00391	0.02883	0.00720
26	0.02072	0.00807	0.01098	0.00852	0.01209	0.00700	0.00700	0.02266	0.01405	0.73155	0.08738	0.01848	0.01517	0.00643	0.00502	0.00152	0.00402	0.00529	0.00602	0.00804
27	0.01231	0.00905	0.01021	0.00912	0.01130	0.00973	0.00699	0.30827	0.13912	0.04246	0.01986	0.36047	0.01985	0.01009	0.00551	0.00173	0.00404	0.00870	0.00481	0.00640
28	0.00976	0.14895	0.16190	0.03609	0.01379	0.02440	0.08141	0.01188	0.00903	0.01225	0.01108	0.05090	0.01102	0.23442	0.05297	0.00279	0.11434	0.00526	0.00252	0.00524
29	0.01134	0.04645	0.01705	0.01332	0.01522	0.12127	0.18658	0.01324	0.00996	0.01302	0.02621	0.01560	0.09011	0.00855	0.04439	0.00205	0.35230	0.00518	0.00261	0.00556
30	0.11610	0.00975	0.01061	0.00914	0.01180	0.05046	0.03993	0.05246	0.29140	0.06751	0.03855	0.01662	0.01263	0.04460	0.10575	0.00242	0.00547	0.00489	0.03871	0.07122
31	0.01289	0.01722	0.38690	0.01354	0.08525	0.03988	0.01335	0.01653	0.01099	0.18948	0.01189	0.04639	0.00907	0.00716	0.03998	0.00187	0.08286	0.00454	0.00315	0.00706
32	0.00705	0.00477	0.00547	0.00552	0.00562	0.00477	0.00320	0.00720	0.00740	0.00985	0.01691	0.06435	0.04200	0.73461	0.05796	0.00469	0.00498	0.00744	0.00308	0.00312
33	0.01110	0.01059	0.01094	0.05275	0.11572	0.14990	0.00810	0.09855	0.06474	0.01569	0.02158	0.17825	0.15560	0.01025	0.04051	0.00191	0.00531	0.03903	0.00378	0.00568
34	0.03883	0.10753	0.19206	0.11167	0.10774	0.08078	0.02012	0.06122	0.03995	0.09690	0.02076	0.01565	0.00986	0.00575	0.00474	0.00153	0.00599	0.06905	0.00314	0.00672
35	0.01256	0.20470	0.01765	0.31988	0.10958	0.15102	0.01142	0.04266	0.03872	0.01355	0.00860	0.01111	0.00696	0.00491	0.00471	0.00142	0.02814	0.00379	0.00245	0.00615
36	0.01136	0.00951	0.00935	0.00847	0.01052	0.07998	0.00635	0.07810	0.30636	0.04920	0.07415	0.06524	0.11616	0.14318	0.00846	0.00213	0.00427	0.00676	0.00443	0.00600
37	0.00923	0.00798	0.01451	0.20398	0.04738	0.00824	0.20592	0.01097	0.00951	0.01282	0.01311	0.12357	0.02847	0.02339	0.00899	0.20096	0.00560	0.02127	0.03934	0.00475
38	0.00642	0.00474	0.00600	0.00623	0.00715	0.00432	0.00446	0.00803	0.01184	0.01607	0.39583	0.32477	0.16125	0.01238	0.00597	0.00173	0.00254	0.01097	0.00497	0.00432
39	0.01182	0.01104	0.01162	0.17487	0.01589	0.19232	0.04057	0.01402	0.01166	0.05507	0.15302	0.01735	0.01519	0.00644	0.00587	0.00149	0.08866	0.00503	0.16266	0.00539
40	0.00688	0.00465	0.00544	0.00571	0.00577	0.00458	0.00335	0.00708	0.00767	0.01023	0.01819	0.21661	0.02128	0.63819	0.02065	0.00412	0.00432	0.00874	0.00335	0.00321
41	0.01625	0.04632	0.01479	0.01126	0.01426	0.04692	0.04537	0.36499	0.02969	0.13804	0.02563	0.01314	0.00941	0.00814	0.05492	0.00197	0.14294	0.00457	0.00416	0.00726
42	0.01176	0.01151	0.01847	0.21231	0.58473	0.04637	0.01450	0.01469	0.01099	0.01506	0.00905	0.01224	0.00743	0.00453	0.00486	0.00149	0.00614	0.00432	0.00238	0.00715
43	0.00790	0.00669	0.01000	0.00862	0.01048	0.00638	0.12435	0.01120	0.08513	0.01701	0.33942	0.14144	0.16616	0.00985	0.00572	0.00164	0.00349	0.00893	0.03054	0.00506
44	0.00964	0.00736	0.00941	0.00802	0.01010	0.00747	0.05902	0.03823	0.14749	0.01874	0.24760	0.03352	0.02206	0.00711	0.00523	0.00141	0.03834	0.00606	0.22470	0.09849
45	0.00652	0.00450	0.00554	0.00616	0.00631	0.00435	0.00383	0.00698	0.00836	0.01115	0.02172	0.45792	0.02574	0.39080	0.01494	0.00328	0.00374	0.01082	0.00383	0.00352
46	0.01702	0.20401	0.01690	0.01044	0.01427	0.04990	0.00891	0.54068	0.01918	0.02517	0.01062	0.01100	0.00795	0.00546	0.00443	0.00135	0.00540	0.00396	0.03572	0.00762
47	0.01244	0.60235	0.02124	0.04367	0.01282	0.01612	0.00803	0.01484	0.05040	0.04666	0.11788	0.01304	0.01260	0.00526	0.00377	0.00120	0.00479	0.00382	0.00288	0.00620
48	0.01339	0.01517	0.01709	0.17799	0.04463	0.29370	0.18048	0.01711	0.09453	0.01405	0.01041	0.02507	0.00853	0.00550	0.00551	0.00155	0.04303	0.02341	0.00277	0.00607

[dist]
# distance from previous block
# <min> <max>
0	3

[block]
# block no. 1 follows, 51 sequences, length 27
# corresponding to MSA columns:
# 126-152
name=unknown_B
#
# <colnr> <probs for GDERKNQSTAVLIFYWHMCP>
#	G	D	E	R	K	N	Q	S	T	A	V	L	I	F	Y	W	H	M	C	P
0	0.02357	0.00806	0.05448	0.00871	0.01045	0.00759	0.02785	0.06672	0.08006	0.07981	0.12523	0.31235	0.03567	0.05060	0.00744	0.00193	0.06848	0.02122	0.00437	0.00543
1	0.01571	0.01130	0.01235	0.00950	0.01336	0.03836	0.00770	0.33237	0.06512	0.13364	0.01254	0.02823	0.00937	0.00539	0.00452	0.00125	0.00463	0.00422	0.00434	0.28609
2	0.01019	0.00873	0.01019	0.00728	0.01165	0.00655	0.00582	0.01237	0.01019	0.01601	0.00873	0.01019	0.00728	0.00364	0.00364	0.00073	0.00364	0.00291	0.00291	0.85734
3	0.09660	0.00721	0.00902	0.00757	0.01023	0.00667	0.00602	0.01724	0.03302	0.40805	0.22178	0.07716	0.06270	0.00794	0.00512	0.00157	0.00347	0.00666	0.00541	0.00657
4	0.01119	0.00970	0.01432	0.22142	0.23392	0.06290	0.05047	0.01373	0.01143	0.08234	0.10430	0.09974	0.03493	0.00686	0.00522	0.00159	0.00539	0.02108	0.00335	0.00613
5	0.01135	0.58239	0.02027	0.00811	0.01134	0.01546	0.00762	0.01291	0.00981	0.01191	0.03114	0.01488	0.06221	0.03147	0.10413	0.00212	0.02724	0.02741	0.00252	0.00571
6	0.00648	0.00453	0.00578	0.00642	0.00666	0.00445	0.00415	0.00712	0.00849	0.01140	0.02185	0.47968	0.02567	0.29789	0.08317	0.00347	0.00442	0.01085	0.00384	0.00368
7	0.00877	0.00627	0.00712	0.00759	0.00861	0.05880	0.00558	0.00999	0.01056	0.09282	0.02623	0.48486	0.08621	0.03663	0.00660	0.00199	0.00368	0.12857	0.00453	0.00462
8	0.04472	0.03656	0.01639	0.21146	0.24179	0.06537	0.06011	0.01537	0.07256	0.04356	0.03118	0.01395	0.00925	0.00558	0.00610	0.00160	0.09583	0.01931	0.00282	0.00647
9	0.01539	0.01059	0.01124	0.00898	0.01195	0.01156	0.00730	0.51467	0.01868	0.02660	0.01326	0.01405	0.00982	0.00584	0.00440	0.00136	0.00433	0.00448	0.29843	0.00705
10	0.00983	0.01454	0.28972	0.01122	0.01480	0.04442	0.11929	0.05224	0.01005	0.01377	0.01181	0.01971	0.01128	0.34145	0.01316	0.00287	0.00636	0.00540	0.00267	0.00541
11	0.00911	0.00843	0.01409	0.74482	0.03170	0.01042	0.01306	0.01227	0.00991	0.01269	0.01027	0.03574	0.00856	0.00572	0.00506	0.00169	0.00633	0.05238	0.00239	0.00536
12	0.01071	0.00935	0.01264	0.19886	0.01734	0.01055	0.02437	0.09890	0.08150	0.01590	0.01128	0.06672	0.00986	0.00887	0.07208	0.00206	0.15625	0.00490	0.00309	0.18476
13	0.00712	0.00487	0.00589	0.00589	0.00608	0.00505	0.00364	0.00749	0.00730	0.00992	0.01500	0.02946	0.01670	0.66156	0.18914	0.00542	0.00653	0.00675	0.00291	0.00327
14	0.01128	0.01009	0.01503	0.33154	0.02275	0.03172	0.11222	0.06531	0.01132	0.04575	0.00945	0.01209	0.00724	0.00457	0.00477	0.00133	0.01746	0.00408	0.00280	0.27919
15	0.01549	0.01827	0.01437	0.01362	0.06702	0.48453	0.01002	0.03708	0.03302	0.01300	0.00881	0.01079	0.02472	0.00618	0.00760	0.00154	0.22168	0.00381	0.00260	0.00584
16	0.00666	0.00488	0.00580	0.00586	0.00657	0.00472	0.00396	0.00758	0.00929	0.01223	0.11783	0.10662	0.21699	0.33798	0.12826	0.00380	0.00493	0.00852	0.00376	0.00376
17	0.00980	0.00787	0.01188	0.01016	0.01195	0.00849	0.12901	0.10094	0.01129	0.01630	0.04129	0.12492	0.01546	0.01433	0.17548	0.00300	0.09025	0.06116	0.15113	0.00531
18	0.00666	0.00456	0.00550	0.00598	0.00610	0.00444	0.00364	0.00702	0.00809	0.01079	0.02034	0.36352	0.02399	0.48758	0.01717	0.00361	0.00396	0.01000	0.00364	0.00340
19	0.01293	0.07776	0.38216	0.03723	0.01799	0.06645	0.01334	0.15557	0.09987	0.04273	0.01062	0.01154	0.00781	0.00531	0.00508	0.00152	0.03775	0.00398	0.00308	0.00725
20	0.01089	0.23559	0.50121	0.03100	0.01972	0.01362	0.09319	0.01529	0.01039	0.01446	0.00841	0.01007	0.00638	0.00450	0.00439	0.00144	0.00682	0.00361	0.00213	0.00691
21	0.00688	0.00502	0.00647	0.00611	0.00730	0.00461	0.00458	0.00913	0.01374	0.01930	0.74721	0.03737	0.09345	0.01020	0.00580	0.00155	0.00233	0.00898	0.00536	0.00461
22	0.01296	0.32736	0.07807	0.00985	0.01359	0.03646	0.00897	0.06820	0.35990	0.01714	0.01323	0.01304	0.01033	0.00547	0.00424	0.00140	0.00490	0.00415	0.00359	0.00715
23	0.00679	0.00462	0.00546	0.00581	0.00590	0.00453	0.00346	0.00705	0.00783	0.01045	0.01901	0.27309	0.02232	0.58028	0.01931	0.00392	0.00418	0.00922	0.00346	0.00329
24	0.47026	0.07019	0.20301	0.00923	0.01337	0.09075	0.00922	0.03565	0.01005	0.03845	0.00784	0.00897	0.00596	0.00469	0.00368	0.00147	0.00530	0.00305	0.00282	0.00605
25	0.01091	0.10646	0.04876	0.21040	0.02356	0.01194	0.34131	0.01424	0.01065	0.01446	0.00900	0.01197	0.00702	0.00435	0.00506	0.00144	0.01967	0.00452	0.00242	0.14187
26	0.00896	0.00625	0.00708	0.00653	0.00835	0.00601	0.00500	0.04164	0.11142	0.07682	0.25700	0.05868	0.30236	0.00984	0.00543	0.00158	0.00285	0.00835	0.07060	0.00526

[dist]
# distance from previous block
# <min> <max>
0	1

[block]
# block no. 2 follows, 51 sequences, length 57
# corresponding to MSA columns:
# 154-210
name=unknown_C
#
# <colnr> <probs for GDERKNQSTAVLIFYWHMCP>
#	G	D	E	R	K	N	Q	S	T	A	V	L	I	F	Y	W	H	M	C	P
0	0.22499	0.05630	0.18551	0.03447	0.14400	0.01208	0.20039	0.04432	0.01075	0.01764	0.00868	0.01076	0.00666	0.00448	0.00449	0.00152	0.00617	0.00403	0.00260	0.02018
1	0.03422	0.01916	0.30141	0.01407	0.07565	0.22198	0.08563	0.04823	0.02814	0.01592	0.02204	0.01174	0.00799	0.00498	0.00460	0.00144	0.00688	0.00399	0.08537	0.00653
2	0.00708	0.00474	0.00571	0.00603	0.00642	0.00456	0.00383	0.00760	0.00853	0.03542	0.02264	0.30880	0.09184	0.42197	0.04009	0.00352	0.00413	0.00969	0.00376	0.00365
3	0.00770	0.00522	0.00670	0.00719	0.00774	0.00526	0.00529	0.00896	0.04604	0.01209	0.01987	0.13746	0.02192	0.29493	0.01460	0.11825	0.00433	0.26898	0.00370	0.00376
4	0.01413	0.01316	0.08315	0.11938	0.07072	0.04607	0.17154	0.17110	0.13722	0.10441	0.01254	0.01363	0.00910	0.00531	0.00507	0.00157	0.00612	0.00482	0.00369	0.00728
5	0.00964	0.00893	0.01446	0.15896	0.14824	0.01015	0.10084	0.01151	0.00901	0.01255	0.01096	0.04432	0.01081	0.22335	0.03067	0.00270	0.17952	0.00559	0.00255	0.00525
6	0.00728	0.00582	0.00704	0.00687	0.00763	0.00619	0.00510	0.00823	0.00915	0.01188	0.02732	0.03652	0.28852	0.28830	0.05491	0.00317	0.12034	0.09814	0.00358	0.00399
7	0.86201	0.00950	0.00722	0.00646	0.00950	0.01102	0.00532	0.01445	0.00836	0.02205	0.00684	0.00798	0.00532	0.00456	0.00304	0.00152	0.00380	0.00266	0.00304	0.00532
8	0.01159	0.08575	0.11218	0.12345	0.06191	0.06370	0.11199	0.03789	0.01119	0.05429	0.01205	0.05228	0.04467	0.00545	0.00487	0.00138	0.02065	0.00471	0.00289	0.17710
9	0.01375	0.05364	0.05053	0.01132	0.01406	0.01327	0.03870	0.14159	0.29115	0.09442	0.01368	0.01415	0.01040	0.00665	0.00767	0.00171	0.20735	0.00477	0.00400	0.00719
10	0.01356	0.00654	0.00820	0.00696	0.00951	0.00564	0.00551	0.01523	0.01279	0.38281	0.12194	0.06142	0.31096	0.00929	0.00542	0.00159	0.00328	0.00779	0.00537	0.00618
11	0.01106	0.05699	0.16515	0.13988	0.04385	0.01230	0.14335	0.05371	0.05507	0.02905	0.07070	0.01398	0.01043	0.00598	0.00720	0.00167	0.16565	0.00480	0.00283	0.00636
12	0.01290	0.01560	0.24866	0.21356	0.02113	0.03004	0.01270	0.26648	0.05661	0.02019	0.01069	0.01229	0.00778	0.00530	0.00477	0.00153	0.00610	0.00421	0.04244	0.00704
13	0.00608	0.00466	0.00530	0.00578	0.00682	0.00411	0.00409	0.00724	0.01045	0.01336	0.05479	0.37651	0.41345	0.01331	0.00588	0.00177	0.00263	0.01158	0.04807	0.00411
14	0.01322	0.01047	0.09046	0.00906	0.01222	0.00927	0.00792	0.17356	0.15274	0.16222	0.21069	0.02298	0.08872	0.00754	0.00521	0.00156	0.00408	0.00626	0.00494	0.00686
15	0.00660	0.00468	0.00537	0.00566	0.00605	0.00445	0.00352	0.00705	0.00850	0.01101	0.02505	0.23438	0.17203	0.46513	0.01658	0.00347	0.00384	0.00949	0.00368	0.00346
16	0.01253	0.40419	0.03815	0.09637	0.05405	0.13410	0.08505	0.01462	0.01090	0.01262	0.01179	0.01320	0.08314	0.00522	0.00417	0.00130	0.00604	0.00406	0.00247	0.00604
17	0.01922	0.01633	0.01304	0.01102	0.01418	0.38386	0.00863	0.12987	0.06436	0.27158	0.01282	0.01244	0.00907	0.00562	0.00470	0.00140	0.00653	0.00407	0.00418	0.00708
18	0.00891	0.00496	0.00576	0.00547	0.00675	0.00474	0.00413	0.01120	0.01200	0.05971	0.34030	0.02590	0.02664	0.00754	0.00450	0.00133	0.00240	0.00639	0.45655	0.00480
19	0.01221	0.60337	0.24453	0.00999	0.01505	0.01718	0.01116	0.01495	0.01010	0.01269	0.00739	0.00859	0.00628	0.00434	0.00358	0.00119	0.00582	0.00291	0.00209	0.00658
20	0.00608	0.00479	0.00550	0.00587	0.00702	0.00421	0.00427	0.00736	0.01093	0.01381	0.12330	0.29539	0.43712	0.01317	0.00600	0.00178	0.00267	0.04192	0.00465	0.00417
21	0.21256	0.01398	0.01603	0.08233	0.01788	0.18426	0.20174	0.10558	0.08745	0.01837	0.00979	0.01138	0.00747	0.00495	0.00460	0.00152	0.00645	0.00419	0.00312	0.00633
22	0.01092	0.37521	0.36067	0.01056	0.01570	0.01407	0.01217	0.01439	0.01066	0.01434	0.10803	0.01264	0.01138	0.00515	0.00415	0.00133	0.00575	0.00386	0.00251	0.00651
23	0.01116	0.01065	0.01814	0.30303	0.53160	0.01141	0.01458	0.01420	0.01072	0.01484	0.00907	0.01249	0.00736	0.00456	0.00488	0.00152	0.00609	0.00437	0.00235	0.00698
24	0.01238	0.15139	0.02371	0.01862	0.17064	0.01329	0.37071	0.01711	0.11754	0.03974	0.01094	0.01293	0.00850	0.00460	0.00503	0.00151	0.00657	0.00493	0.00286	0.00701
25	0.00678	0.00465	0.00569	0.00619	0.00639	0.00455	0.00395	0.00727	0.00831	0.01105	0.02059	0.32647	0.02408	0.46418	0.01667	0.00355	0.00404	0.06845	0.00368	0.00347
26	0.00968	0.00778	0.00955	0.01004	0.08542	0.03833	0.00697	0.08649	0.08272	0.01580	0.05316	0.02072	0.07501	0.04459	0.34219	0.00426	0.00799	0.00561	0.08826	0.00543
27	0.21681	0.00988	0.03484	0.04978	0.01302	0.04884	0.00750	0.05427	0.01250	0.40593	0.01475	0.01542	0.01033	0.00587	0.00447	0.00153	0.00452	0.03699	0.04577	0.00698
28	0.00640	0.00509	0.00563	0.00586	0.00723	0.00453	0.00451	0.00771	0.01076	0.01315	0.04097	0.04726	0.54779	0.10537	0.00820	0.00214	0.00317	0.16578	0.00438	0.00409
29	0.00637	0.00455	0.00614	0.00728	0.00773	0.00432	0.00522	0.00750	0.00978	0.01297	0.02688	0.67332	0.03167	0.01504	0.00637	0.00205	0.00318	0.16100	0.00455	0.00410
30	0.13258	0.01079	0.05494	0.34951	0.05685	0.01139	0.08996	0.10858	0.05307	0.01743	0.01055	0.01446	0.00833	0.00540	0.00479	0.00161	0.00589	0.04101	0.01667	0.00617
31	0.00981	0.00861	0.08650	0.02282	0.01181	0.00747	0.07701	0.01230	0.02337	0.09173	0.12810	0.20813	0.02098	0.00907	0.00647	0.00170	0.09012	0.04411	0.13451	0.00541
32	0.00729	0.00556	0.00685	0.00748	0.00831	0.00566	0.00527	0.01078	0.16046	0.01450	0.06277	0.61080	0.02968	0.01340	0.00602	0.00192	0.00307	0.03075	0.00469	0.00477
33	0.01130	0.00927	0.01108	0.09244	0.01432	0.00847	0.00720	0.06989	0.12947	0.04149	0.03054	0.01271	0.00958	0.00463	0.00416	0.00106	0.00409	0.00378	0.00346	0.53107
34	0.06227	0.03435	0.01403	0.01337	0.10913	0.23973	0.00955	0.01649	0.01101	0.14690	0.00984	0.01231	0.00809	0.04995	0.00891	0.00178	0.23895	0.00411	0.00306	0.00616
35	0.00601	0.00440	0.00566	0.00659	0.00708	0.00404	0.00447	0.00698	0.00983	0.01296	0.06511	0.69460	0.12463	0.01480	0.00619	0.00193	0.00278	0.01330	0.00460	0.00404
36	0.01032	0.01237	0.13512	0.32800	0.03794	0.01226	0.06926	0.01486	0.10919	0.01417	0.00975	0.01280	0.00765	0.00590	0.00760	0.00175	0.19789	0.00450	0.00255	0.00614
37	0.01660	0.01213	0.01426	0.01115	0.01458	0.01328	0.04975	0.52677	0.05670	0.08493	0.04049	0.01461	0.03060	0.00765	0.04030	0.00182	0.04714	0.00493	0.00465	0.00768
38	0.00598	0.00431	0.00567	0.00676	0.00711	0.00400	0.00453	0.00685	0.00948	0.01258	0.02804	0.79153	0.06444	0.01527	0.00625	0.00198	0.00284	0.01382	0.00456	0.00400
39	0.01379	0.01253	0.07801	0.09511	0.11670	0.01261	0.01056	0.22695	0.31392	0.04630	0.01432	0.01454	0.01061	0.00581	0.00492	0.00157	0.00511	0.00480	0.00416	0.00768
40	0.00604	0.00489	0.00536	0.00546	0.00683	0.00421	0.00401	0.00742	0.01143	0.01431	0.17867	0.15624	0.55307	0.01244	0.00587	0.00169	0.00251	0.01062	0.00471	0.00421
41	0.07752	0.01326	0.09756	0.04061	0.14344	0.04256	0.17660	0.03147	0.24979	0.01756	0.01230	0.01362	0.00943	0.00536	0.00550	0.00161	0.04673	0.00479	0.00327	0.00703
42	0.05431	0.01231	0.01473	0.36522	0.09894	0.11951	0.01163	0.19420	0.02613	0.01771	0.00937	0.01190	0.00714	0.00524	0.00510	0.00154	0.03145	0.00415	0.00298	0.00643
43	0.01008	0.00547	0.00556	0.00523	0.00664	0.00561	0.00401	0.08566	0.01154	0.01954	0.01562	0.01769	0.01219	0.00574	0.00358	0.00118	0.00259	0.00457	0.77256	0.00494
44	0.01162	0.00935	0.01262	0.35930	0.02141	0.01072	0.01009	0.26531	0.01412	0.01865	0.01406	0.20323	0.01325	0.00770	0.00523	0.00167	0.00530	0.00664	0.00365	0.00607
45	0.01177	0.29828	0.16145	0.00964	0.01443	0.01279	0.03315	0.06148	0.03034	0.01541	0.00859	0.00982	0.00701	0.00425	0.00384	0.00109	0.00512	0.00319	0.00264	0.30571
46	0.00599	0.00428	0.00570	0.00684	0.00713	0.00399	0.00456	0.00684	0.00941	0.01254	0.02709	0.82409	0.03250	0.01540	0.00627	0.00200	0.00285	0.01397	0.00456	0.00399
47	0.00709	0.00474	0.00538	0.00543	0.00545	0.00473	0.00305	0.00713	0.00726	0.00967	0.01604	0.07045	0.01857	0.78804	0.02411	0.00463	0.00467	0.00748	0.00305	0.00303
48	0.00771	0.00559	0.00763	0.00865	0.00984	0.00551	0.00751	0.00988	0.01130	0.01457	0.02833	0.05464	0.10277	0.01347	0.00669	0.00220	0.00433	0.69036	0.00453	0.00449
49	0.06125	0.01123	0.01180	0.00936	0.01255	0.01234	0.00764	0.54651	0.01911	0.02732	0.01260	0.01323	0.00926	0.00578	0.00444	0.00139	0.00454	0.00437	0.21802	0.00725
50	0.58379	0.00835	0.00742	0.00658	0.00926	0.00916	0.00531	0.01405	0.01012	0.09315	0.17408	0.01580	0.03435	0.00605	0.00386	0.00153	0.00349	0.00437	0.00386	0.00543
51	0.01335	0.01057	0.01381	0.38332	0.02313	0.02665	0.01082	0.25597	0.07162	0.06753	0.01172	0.03792	0.00890	0.00570	0.00491	0.00155	0.00567	0.00473	0.00360	0.03854
52	0.00653	0.00451	0.00554	0.00615	0.00630	0.00435	0.00382	0.00699	0.00835	0.01113	0.02165	0.45286	0.02564	0.39599	0.01506	0.00329	0.00375	0.01077	0.00382	0.00352
53	0.00649	0.00449	0.00555	0.00620	0.00636	0.00433	0.00387	0.00697	0.00843	0.01124	0.02205	0.48036	0.02615	0.36779	0.01441	0.00320	0.00368	0.01101	0.00387	0.00355
54	0.05773	0.39208	0.29711	0.01139	0.04573	0.01546	0.01203	0.08942	0.01136	0.01559	0.00811	0.00931	0.00648	0.00456	0.00392	0.00131	0.00592	0.00322	0.00243	0.00685
55	0.11142	0.31802	0.05146	0.00980	0.01358	0.16524	0.00871	0.16271	0.04681	0.01734	0.00868	0.00950	0.00701	0.00483	0.00389	0.00126	0.00575	0.00326	0.00299	0.04772
56	0.05459	0.03062	0.05204	0.00939	0.01240	0.17861	0.02200	0.07688	0.02914	0.10824	0.06028	0.01487	0.02711	0.00907	0.09400	0.00203	0.01547	0.00437	0.06399	0.13488

[dist]
# distance from previous block
# <min> <max>
1	11

[block]
# block no. 3 follows, 51 sequences, length 55
# corresponding to MSA columns:
# 222-276
name=unknown_D
#
# <colnr> <probs for GDERKNQSTAVLIFYWHMCP>
#	G	D	E	R	K	N	Q	S	T	A	V	L	I	F	Y	W	H	M	C	P
0	0.04560	0.01102	0.01416	0.03946	0.01495	0.10367	0.17128	0.14327	0.01326	0.10532	0.01676	0.10069	0.07009	0.07274	0.00683	0.00186	0.00565	0.03697	0.02037	0.00605
1	0.03065	0.01295	0.01323	0.01199	0.05549	0.16672	0.04999	0.11642	0.25803	0.06908	0.03617	0.04408	0.04212	0.00668	0.00576	0.00158	0.06290	0.00528	0.00404	0.00685
2	0.00635	0.00444	0.00566	0.00655	0.00692	0.00419	0.00439	0.00721	0.00928	0.01248	0.02597	0.61709	0.06283	0.12792	0.00877	0.00234	0.00314	0.04175	0.03881	0.00390
3	0.03425	0.04530	0.14191	0.00974	0.01398	0.00943	0.00916	0.12481	0.01428	0.47644	0.03093	0.02720	0.01128	0.00593	0.00479	0.00150	0.00480	0.00473	0.02171	0.00783
4	0.21817	0.01565	0.01224	0.05566	0.03310	0.33676	0.00864	0.12317	0.04340	0.01748	0.00884	0.01039	0.00708	0.00695	0.04796	0.00179	0.04008	0.00357	0.00305	0.00601
5	0.00651	0.00500	0.00596	0.00578	0.00711	0.00445	0.00434	0.00838	0.01273	0.01699	0.47760	0.05566	0.33634	0.01114	0.00583	0.00161	0.00243	0.02265	0.00505	0.00443
6	0.01167	0.01099	0.01538	0.26914	0.17732	0.04440	0.05415	0.04344	0.26105	0.01658	0.01251	0.01431	0.00962	0.00549	0.00533	0.00161	0.03214	0.00478	0.00326	0.00684
7	0.01205	0.09364	0.37846	0.08857	0.01920	0.07649	0.01394	0.11422	0.01181	0.01609	0.00858	0.01052	0.00658	0.00541	0.00622	0.00157	0.12362	0.00377	0.00250	0.00675
8	0.00598	0.00431	0.00567	0.00677	0.00711	0.00400	0.00453	0.00685	0.00948	0.01257	0.02801	0.79259	0.06341	0.01528	0.00625	0.00198	0.00284	0.01382	0.00456	0.00400
9	0.01666	0.01188	0.01314	0.04832	0.01485	0.01312	0.00871	0.47770	0.18178	0.09479	0.01427	0.01402	0.01023	0.00602	0.00486	0.00151	0.00487	0.00471	0.05065	0.00790
10	0.00597	0.00433	0.00565	0.00670	0.00709	0.00400	0.00450	0.00686	0.00954	0.01260	0.02879	0.76569	0.08979	0.01517	0.00624	0.00197	0.00282	0.01370	0.00456	0.00400
11	0.04367	0.00944	0.01176	0.01195	0.13709	0.04738	0.05232	0.04188	0.14226	0.11251	0.01413	0.01508	0.01070	0.00536	0.00435	0.00135	0.00430	0.00453	0.24768	0.08224
12	0.01126	0.14570	0.18707	0.01402	0.07481	0.07310	0.11523	0.01400	0.00986	0.01333	0.00874	0.01208	0.00756	0.03822	0.08226	0.00229	0.17784	0.00420	0.00230	0.00613
13	0.01662	0.02082	0.01271	0.01161	0.01400	0.69417	0.00871	0.01791	0.01361	0.01237	0.03337	0.01401	0.09768	0.00604	0.00463	0.00132	0.00796	0.00414	0.00284	0.00549
14	0.01157	0.01242	0.02523	0.14432	0.02576	0.01231	0.58047	0.05622	0.01180	0.01595	0.00973	0.01302	0.00733	0.00448	0.00587	0.00164	0.03146	0.00540	0.00257	0.02244
15	0.00732	0.00569	0.00838	0.00821	0.00898	0.00680	0.00640	0.00896	0.00784	0.01137	0.01271	0.01909	0.01202	0.06331	0.71613	0.00732	0.07719	0.00526	0.00261	0.00442
16	0.00598	0.00430	0.00568	0.00678	0.00711	0.00400	0.00453	0.00685	0.00947	0.01257	0.02782	0.79879	0.05732	0.01530	0.00626	0.00198	0.00284	0.01385	0.00456	0.00400
17	0.01658	0.01272	0.01356	0.01088	0.01444	0.01426	0.00883	0.53444	0.27234	0.02758	0.01447	0.01393	0.01052	0.00615	0.00494	0.00154	0.00491	0.00479	0.00494	0.00817
18	0.01314	0.83025	0.02575	0.00841	0.01261	0.01945	0.00841	0.01472	0.00999	0.01156	0.00683	0.00788	0.00631	0.00420	0.00315	0.00105	0.00526	0.00263	0.00210	0.00631
19	0.10467	0.00802	0.01029	0.00822	0.01157	0.00725	0.00669	0.02119	0.01299	0.63156	0.01862	0.08041	0.01312	0.00666	0.00480	0.00155	0.00397	0.00542	0.03542	0.00758
20	0.00615	0.00507	0.00545	0.00567	0.00705	0.00449	0.00413	0.00790	0.04734	0.01344	0.04280	0.23678	0.57067	0.01290	0.00588	0.00174	0.00264	0.01103	0.00458	0.00428
21	0.00634	0.00442	0.00560	0.00639	0.00659	0.00423	0.00408	0.00693	0.00872	0.01163	0.02356	0.58349	0.02806	0.26206	0.01197	0.00284	0.00343	0.01190	0.00408	0.00368
22	0.01049	0.00927	0.01094	0.01072	0.03959	0.07317	0.00822	0.11028	0.01141	0.01516	0.01679	0.23019	0.01804	0.02504	0.03228	0.00216	0.21424	0.15306	0.00366	0.00528
23	0.00928	0.00873	0.01474	0.81548	0.03385	0.01092	0.01365	0.01256	0.00983	0.01256	0.00873	0.01310	0.00655	0.00491	0.00491	0.00164	0.00655	0.00437	0.00218	0.00546
24	0.00610	0.00470	0.00553	0.00612	0.00704	0.00421	0.00436	0.00718	0.01021	0.01287	0.03629	0.39763	0.36127	0.05224	0.00699	0.00200	0.00290	0.06385	0.00449	0.00405
25	0.01045	0.00855	0.00942	0.00865	0.01084	0.00951	0.00671	0.02013	0.50626	0.01998	0.23338	0.02491	0.02407	0.00784	0.00522	0.00163	0.00341	0.03729	0.04511	0.00663
26	0.01507	0.09753	0.22905	0.04045	0.05866	0.01273	0.01163	0.29189	0.01544	0.13216	0.01188	0.04129	0.00890	0.00565	0.00472	0.00148	0.00569	0.00444	0.00379	0.00756
27	0.00750	0.00522	0.00622	0.00640	0.00748	0.00488	0.00462	0.00916	0.04192	0.05577	0.09726	0.24942	0.25380	0.15179	0.00922	0.00231	0.00328	0.07493	0.00446	0.00436
28	0.00742	0.00544	0.00726	0.00820	0.00936	0.00528	0.00696	0.00941	0.01116	0.01431	0.03015	0.10927	0.15944	0.01351	0.00658	0.00214	0.00406	0.58110	0.00453	0.00442
29	0.01062	0.03902	0.03824	0.01135	0.13564	0.00829	0.00796	0.01297	0.01025	0.01569	0.00867	0.01045	0.00726	0.00399	0.00431	0.00093	0.03407	0.00321	0.00275	0.63436
30	0.04919	0.01566	0.01377	0.04056	0.04275	0.27023	0.00922	0.34866	0.01738	0.10838	0.01100	0.01147	0.00803	0.00551	0.00466	0.00141	0.00631	0.00401	0.02464	0.00717
31	0.00601	0.00442	0.00564	0.00660	0.00712	0.00406	0.00451	0.00696	0.00974	0.01271	0.03070	0.68080	0.15468	0.01488	0.00621	0.00195	0.00283	0.03159	0.00456	0.00403
32	0.01221	0.01670	0.31420	0.13531	0.03433	0.05562	0.04423	0.11811	0.05720	0.06340	0.02875	0.01294	0.00873	0.00689	0.04474	0.00188	0.03052	0.00434	0.00303	0.00687
33	0.01475	0.03956	0.01171	0.00921	0.01213	0.01062	0.00741	0.29663	0.13719	0.15378	0.17130	0.07953	0.01935	0.00753	0.00515	0.00155	0.00415	0.00623	0.00509	0.00712
34	0.00601	0.00442	0.00556	0.00646	0.00697	0.00405	0.00435	0.00689	0.00962	0.01254	0.03046	0.65673	0.16210	0.05038	0.00701	0.00206	0.00287	0.01306	0.00449	0.00397
35	0.05050	0.39651	0.01899	0.01020	0.01361	0.36206	0.00869	0.01739	0.01188	0.05871	0.00791	0.00884	0.00662	0.00470	0.00381	0.00119	0.00671	0.00300	0.00256	0.00612
36	0.00669	0.00478	0.00651	0.00764	0.00824	0.00460	0.00578	0.00805	0.01010	0.01333	0.02670	0.54510	0.03097	0.01474	0.00646	0.00209	0.00346	0.28604	0.00455	0.00419
37	0.01851	0.01252	0.01383	0.01066	0.01453	0.01344	0.00877	0.58601	0.06413	0.15239	0.01334	0.01289	0.00929	0.00588	0.00487	0.00146	0.00505	0.00451	0.00503	0.04289
38	0.68863	0.01035	0.00953	0.00796	0.01124	0.01174	0.04757	0.13038	0.01077	0.02306	0.00776	0.00884	0.00590	0.00474	0.00347	0.00152	0.00429	0.00310	0.00329	0.00585
39	0.01099	0.00803	0.00646	0.00614	0.00760	0.14045	0.00463	0.03531	0.01129	0.01763	0.01448	0.01653	0.01141	0.00562	0.00365	0.00118	0.00349	0.00434	0.68589	0.00488
40	0.01170	0.01151	0.01641	0.03744	0.04284	0.04602	0.11833	0.07191	0.07209	0.01468	0.00900	0.01229	0.00778	0.00874	0.05436	0.00223	0.44934	0.00463	0.00269	0.00602
41	0.00585	0.00498	0.00504	0.00503	0.00667	0.00417	0.00377	0.00714	0.01131	0.01354	0.08009	0.04686	0.76418	0.01235	0.00581	0.00165	0.00248	0.01031	0.00460	0.00417
42	0.01962	0.01162	0.01420	0.01081	0.01474	0.01194	0.04993	0.44216	0.01894	0.33209	0.01468	0.01381	0.00980	0.00588	0.00497	0.00150	0.00508	0.00470	0.00524	0.00827
43	0.00712	0.00488	0.00592	0.00592	0.00612	0.00507	0.00368	0.00751	0.00731	0.00995	0.01497	0.02931	0.01663	0.65203	0.19858	0.00546	0.00663	0.00673	0.00290	0.00329
44	0.01075	0.01075	0.01505	0.01290	0.01290	0.01505	0.01075	0.01183	0.00753	0.01183	0.00645	0.01075	0.00645	0.00860	0.01613	0.00215	0.81830	0.00430	0.00215	0.00538
45	0.04483	0.01745	0.01667	0.06083	0.22134	0.41605	0.08815	0.01719	0.01241	0.01400	0.00834	0.01042	0.00684	0.00471	0.00463	0.00136	0.00750	0.00378	0.00252	0.04099
46	0.46909	0.00897	0.00918	0.00753	0.01093	0.00925	0.00621	0.01889	0.01103	0.38598	0.01271	0.01207	0.00852	0.00527	0.00393	0.00152	0.00398	0.00373	0.00446	0.00674
47	0.00591	0.00458	0.00539	0.00604	0.00692	0.00406	0.00420	0.00693	0.01018	0.01286	0.03689	0.48851	0.36175	0.01412	0.00607	0.00185	0.00269	0.01242	0.00456	0.00406
48	0.00888	0.00820	0.01369	0.01150	0.01290	0.00953	0.16060	0.01080	0.00848	0.01222	0.01101	0.01697	0.01030	0.08638	0.38612	0.00496	0.21468	0.00528	0.00251	0.00497
49	0.00993	0.00940	0.01592	0.63793	0.20630	0.01109	0.01397	0.01313	0.01013	0.01335	0.00885	0.01289	0.00683	0.00479	0.00490	0.00160	0.00639	0.00437	0.00224	0.00598
50	0.01081	0.01030	0.01751	0.39752	0.43982	0.01132	0.01441	0.01390	0.01055	0.01442	0.00901	0.01260	0.00721	0.00463	0.00489	0.00154	0.00617	0.00437	0.00232	0.00670
51	0.00714	0.00480	0.00556	0.00556	0.00563	0.00487	0.00323	0.00728	0.00721	0.00968	0.01530	0.03113	0.01742	0.76414	0.08756	0.00501	0.00544	0.00700	0.00295	0.00309
52	0.00702	0.00527	0.00790	0.00790	0.00878	0.00614	0.00614	0.00878	0.00790	0.01141	0.01316	0.01931	0.01229	0.03686	0.80782	0.00790	0.01316	0.00527	0.00263	0.00439
53	0.01029	0.00882	0.01023	0.00741	0.01170	0.00683	0.00592	0.01304	0.04780	0.01623	0.00928	0.01058	0.00765	0.00379	0.00371	0.00077	0.00365	0.00304	0.00301	0.81624
54	0.32647	0.01501	0.04332	0.00993	0.01312	0.28812	0.03106	0.01852	0.06220	0.13466	0.01002	0.01053	0.00743	0.00509	0.00409	0.00145	0.00590	0.00350	0.00339	0.00619

[dist]
# distance from previous block
# <min> <max>
3	7

[block]
# block no. 4 follows, 51 sequences, length 36
# corresponding to MSA columns:
# 284-319
name=unknown_E
#
# <colnr> <probs for GDERKNQSTAVLIFYWHMCP>
#	G	D	E	R	K	N	Q	S	T	A	V	L	I	F	Y	W	H	M	C	P
0	0.02497	0.05571	0.01493	0.01158	0.01403	0.03187	0.16843	0.04810	0.12810	0.07565	0.04239	0.16748	0.05038	0.00824	0.00690	0.00173	0.11920	0.02044	0.00380	0.00606
1	0.14934	0.00881	0.00989	0.00736	0.01143	0.00737	0.00594	0.01437	0.01045	0.12949	0.00996	0.01077	0.00766	0.00414	0.00373	0.00097	0.00374	0.00316	0.00339	0.59803
2	0.01839	0.01435	0.01439	0.01124	0.01497	0.08421	0.00919	0.69227	0.02195	0.02896	0.01155	0.01172	0.00830	0.00582	0.00483	0.00145	0.00562	0.00432	0.02845	0.00802
3	0.01065	0.05978	0.67239	0.01491	0.08550	0.01164	0.01706	0.01579	0.01056	0.04431	0.00915	0.01065	0.00658	0.00468	0.00463	0.00152	0.00694	0.00370	0.00225	0.00730
4	0.01772	0.01389	0.01395	0.01103	0.01463	0.07810	0.00898	0.62398	0.08588	0.02805	0.01233	0.01238	0.00893	0.00589	0.00482	0.00146	0.00543	0.00442	0.04020	0.00794
5	0.00657	0.00499	0.00605	0.00582	0.00712	0.00447	0.00435	0.00853	0.01296	0.01754	0.54428	0.05701	0.28055	0.01091	0.00581	0.00159	0.00238	0.00946	0.00513	0.00447
6	0.00608	0.00431	0.00568	0.00673	0.00699	0.00405	0.00444	0.00687	0.00923	0.01231	0.02619	0.76263	0.03137	0.07840	0.00773	0.00221	0.00300	0.01344	0.00444	0.00391
7	0.01222	0.01056	0.01111	0.01000	0.01278	0.01222	0.00778	0.02611	0.78776	0.02056	0.02000	0.01833	0.01500	0.00667	0.00500	0.00167	0.00389	0.00556	0.00500	0.00778
8	0.00756	0.00511	0.00576	0.00566	0.00584	0.00516	0.00330	0.03846	0.00789	0.01053	0.01584	0.06558	0.01811	0.75891	0.02339	0.00451	0.00471	0.00733	0.00312	0.00324
9	0.01152	0.01140	0.01746	0.05779	0.40199	0.03929	0.02887	0.01371	0.00976	0.01403	0.00828	0.01185	0.00734	0.00713	0.03739	0.00195	0.30698	0.00437	0.00233	0.00657
10	0.00701	0.00499	0.00643	0.00641	0.00692	0.00529	0.00439	0.00790	0.00797	0.01094	0.04902	0.02795	0.06169	0.42186	0.34417	0.00574	0.00798	0.00663	0.00303	0.00369
11	0.00593	0.00496	0.00516	0.00515	0.00672	0.00419	0.00385	0.00727	0.01142	0.01389	0.12259	0.06827	0.69919	0.01229	0.00582	0.00166	0.00248	0.01033	0.00465	0.00419
12	0.01206	0.00884	0.01216	0.01089	0.04764	0.00896	0.09620	0.18449	0.08144	0.09725	0.02061	0.24190	0.07773	0.00953	0.00601	0.02969	0.00450	0.03951	0.00442	0.00619
13	0.01222	0.01217	0.01806	0.19943	0.25545	0.07885	0.14458	0.04890	0.14851	0.01629	0.01111	0.01336	0.00862	0.00498	0.00503	0.00155	0.00631	0.00473	0.00295	0.00691
14	0.00637	0.00482	0.00558	0.00575	0.00671	0.00436	0.00403	0.00755	0.01066	0.01382	0.19635	0.20067	0.32410	0.16308	0.00946	0.00229	0.00298	0.02295	0.00445	0.00401
15	0.00727	0.00503	0.00573	0.00584	0.00714	0.00440	0.00418	0.00835	0.01058	0.07559	0.03802	0.26473	0.45012	0.08103	0.00748	0.00200	0.00292	0.01069	0.00455	0.00434
16	0.02936	0.08896	0.13590	0.07984	0.09095	0.14434	0.01056	0.11636	0.03892	0.05225	0.02743	0.10887	0.03059	0.00660	0.00496	0.00151	0.01754	0.00531	0.00329	0.00645
17	0.01099	0.01371	0.14393	0.04135	0.03048	0.13613	0.17342	0.05734	0.01176	0.01495	0.01513	0.19140	0.01515	0.02512	0.00591	0.00177	0.00626	0.09617	0.00325	0.00577
18	0.01048	0.01080	0.01935	0.31253	0.02470	0.01269	0.25483	0.01334	0.00967	0.01334	0.00840	0.01241	0.00681	0.00583	0.00871	0.00180	0.26147	0.00480	0.00227	0.00580
19	0.01291	0.00959	0.01529	0.36058	0.20867	0.01077	0.01226	0.01555	0.01081	0.18453	0.01091	0.01340	0.00805	0.00546	0.00620	0.00163	0.09918	0.00449	0.00309	0.00664
20	0.04194	0.05139	0.16940	0.21523	0.13917	0.08260	0.12578	0.04340	0.01139	0.04793	0.00941	0.01184	0.00712	0.00474	0.00478	0.00152	0.00669	0.00422	0.01485	0.00660
21	0.01281	0.01140	0.01311	0.01351	0.13280	0.09384	0.00937	0.11374	0.19258	0.04638	0.04034	0.06101	0.01310	0.00884	0.04948	0.00201	0.13802	0.03728	0.00376	0.00663
22	0.00605	0.00445	0.00554	0.00636	0.00688	0.00409	0.00427	0.00691	0.00955	0.01242	0.03037	0.60780	0.17550	0.08582	0.00782	0.00217	0.00295	0.01269	0.00442	0.00393
23	0.01033	0.00985	0.01645	0.49727	0.27830	0.01150	0.01388	0.01331	0.01008	0.01363	0.00871	0.01261	0.00694	0.00504	0.00580	0.00162	0.07186	0.00437	0.00226	0.00620
24	0.01326	0.03535	0.27520	0.01147	0.04281	0.03175	0.02059	0.14592	0.06847	0.13230	0.11803	0.01604	0.01387	0.00598	0.00484	0.00150	0.00531	0.00486	0.04533	0.00710
25	0.00599	0.00428	0.00570	0.00684	0.00713	0.00399	0.00456	0.00684	0.00941	0.01254	0.02709	0.82409	0.03250	0.01540	0.00627	0.00200	0.00285	0.01397	0.00456	0.00399
26	0.01586	0.40929	0.01958	0.01063	0.01396	0.43064	0.00898	0.01728	0.01204	0.01180	0.00723	0.00839	0.00632	0.00465	0.00382	0.00116	0.00714	0.00291	0.00233	0.00599
27	0.00681	0.00465	0.00544	0.00573	0.00585	0.00455	0.00340	0.00707	0.00785	0.01041	0.01950	0.23401	0.04576	0.59547	0.01965	0.00396	0.00421	0.00898	0.00343	0.00327
28	0.07114	0.01506	0.01415	0.01122	0.01487	0.14283	0.00912	0.60983	0.02071	0.02736	0.01081	0.01109	0.00784	0.00568	0.00472	0.00144	0.00587	0.00411	0.00441	0.00774
29	0.01345	0.06359	0.15874	0.01274	0.01567	0.10983	0.03977	0.18540	0.01259	0.01693	0.00836	0.01061	0.00685	0.00644	0.00900	0.00170	0.31496	0.00403	0.00281	0.00652
30	0.01222	0.01056	0.01111	0.01000	0.01278	0.01222	0.00778	0.02611	0.78776	0.02056	0.02000	0.01833	0.01500	0.00667	0.00500	0.00167	0.00389	0.00556	0.00500	0.00778
31	0.00644	0.00468	0.00633	0.00738	0.00780	0.00457	0.00529	0.00754	0.00968	0.01289	0.02634	0.67329	0.03109	0.01491	0.00663	0.00204	0.02540	0.13910	0.00449	0.00412
32	0.00609	0.00497	0.00539	0.00541	0.00689	0.00427	0.00406	0.00754	0.01161	0.01446	0.18529	0.08603	0.59631	0.01219	0.00586	0.00167	0.00253	0.03049	0.00472	0.00424
33	0.32384	0.36029	0.01669	0.00830	0.01203	0.01550	0.00748	0.17464	0.01214	0.01944	0.00787	0.00874	0.00638	0.00469	0.00348	0.00131	0.00476	0.00302	0.00303	0.00638
34	0.34004	0.18155	0.01612	0.01018	0.01367	0.01279	0.14146	0.01541	0.00987	0.09879	0.00873	0.01012	0.00679	0.00488	0.00489	0.00147	0.07500	0.00359	0.00298	0.04164
35	0.01643	0.04376	0.01303	0.01014	0.01369	0.29275	0.00803	0.14855	0.01431	0.13491	0.01039	0.01090	0.00783	0.00492	0.00432	0.00118	0.00593	0.00356	0.00357	0.25181

[dist]
# distance from previous block
# <min> <max>
0	1

[block]
# block no. 5 follows, 51 sequences, length 7
# corresponding to MSA columns:
# 321-327
name=unknown_F
#
# <colnr> <probs for GDERKNQSTAVLIFYWHMCP>
#	G	D	E	R	K	N	Q	S	T	A	V	L	I	F	Y	W	H	M	C	P
0	0.00599	0.00428	0.00570	0.00684	0.00713	0.00399	0.00456	0.00684	0.00941	0.01254	0.02709	0.82409	0.03250	0.01540	0.00627	0.00200	0.00285	0.01397	0.00456	0.00399
1	0.00892	0.01299	0.25635	0.01152	0.01510	0.00853	0.12923	0.03295	0.05913	0.01548	0.05921	0.25987	0.05204	0.00904	0.00557	0.00175	0.00523	0.04768	0.00355	0.00583
2	0.03373	0.00996	0.07328	0.01016	0.06071	0.00870	0.00809	0.15566	0.03226	0.28933	0.13716	0.06741	0.04281	0.04087	0.00593	0.00168	0.00434	0.00608	0.00486	0.00697
3	0.00605	0.00438	0.00573	0.00668	0.00711	0.00405	0.00452	0.00705	0.00987	0.01315	0.08900	0.71445	0.08020	0.01479	0.00621	0.00194	0.00279	0.01335	0.00463	0.00405
4	0.09876	0.00951	0.00993	0.00821	0.01114	0.05090	0.00660	0.17407	0.06612	0.25370	0.01855	0.01797	0.09086	0.00647	0.00455	0.00146	0.00411	0.00505	0.15525	0.00678
5	0.11070	0.24782	0.23760	0.01082	0.01575	0.01359	0.05846	0.11155	0.01193	0.06749	0.00914	0.01014	0.00694	0.00467	0.00410	0.00134	0.00568	0.00350	0.00289	0.06588
6	0.00765	0.00588	0.00747	0.03442	0.00921	0.00605	0.00584	0.06167	0.01103	0.01460	0.08854	0.35915	0.14814	0.05440	0.00769	0.00205	0.05594	0.11139	0.00433	0.00453

[dist]
# distance from previous block
# <min> <max>
0	9

[block]
# block no. 6 follows, 51 sequences, length 28
# corresponding to MSA columns:
# 337-349,359-373
name=unknown_G
#
# <colnr> <probs for GDERKNQSTAVLIFYWHMCP>
#	G	D	E	R	K	N	Q	S	T	A	V	L	I	F	Y	W	H	M	C	P
0	0.33601	0.14974	0.11581	0.00903	0.01260	0.12015	0.00835	0.01603	0.03638	0.08060	0.00984	0.05716	0.00823	0.00547	0.00405	0.00145	0.01616	0.00382	0.00308	0.00604
1	0.00622	0.00443	0.00586	0.00681	0.00719	0.00417	0.00464	0.00722	0.00976	0.01309	0.09131	0.67743	0.03267	0.05948	0.00729	0.00212	0.00299	0.04875	0.00454	0.00402
2	0.01164	0.01305	0.05035	0.10314	0.12435	0.11416	0.33576	0.01476	0.01124	0.01477	0.01091	0.07178	0.00934	0.00546	0.00556	0.00158	0.03219	0.00550	0.05825	0.00620
