[name]
unknown

[dist]
# distance from previous block
# <min> <max>
24	272

[block]
# block no. 0 follows, 50 sequences, length 7
# corresponding to MSA columns:
# 447-453
name=unknown_A
#
# <colnr> <probs for GDERKNQSTAVLIFYWHMCP>
#	G	D	E	R	K	N	Q	S	T	A	V	L	I	F	Y	W	H	M	C	P
0	0.04600	0.01037	0.07620	0.00960	0.01257	0.00960	0.02604	0.15898	0.15157	0.06917	0.03896	0.09154	0.03703	0.03370	0.08458	0.00234	0.00544	0.06013	0.00421	0.07196
1	0.01260	0.07475	0.05481	0.00940	0.01251	0.09860	0.02234	0.21365	0.01418	0.01857	0.05868	0.11381	0.05738	0.06588	0.00631	0.00164	0.00501	0.00589	0.00377	0.15023
2	0.01527	0.01295	0.01264	0.01051	0.01371	0.10827	0.00832	0.35714	0.21123	0.02333	0.01481	0.09294	0.01225	0.00684	0.00498	0.00151	0.00512	0.00545	0.00451	0.07822
3	0.01155	0.00974	0.01236	0.00908	0.01322	0.00839	0.07060	0.13443	0.01286	0.01895	0.07453	0.01309	0.01087	0.00464	0.00426	0.00101	0.00426	0.00395	0.00345	0.57876
4	0.01208	0.01016	0.01604	0.31698	0.05439	0.01044	0.13245	0.07939	0.03254	0.08124	0.01054	0.01294	0.00787	0.00478	0.00484	0.00143	0.00586	0.00441	0.00308	0.19853
5	0.01253	0.01233	0.01993	0.17877	0.42158	0.05498	0.13544	0.07389	0.01223	0.01649	0.00950	0.01249	0.00756	0.00466	0.00508	0.00154	0.00659	0.00461	0.00263	0.00718
6	0.01253	0.01409	0.06858	0.19387	0.41377	0.13809	0.05746	0.01555	0.01147	0.01482	0.00901	0.01195	0.00727	0.00467	0.00492	0.00151	0.00680	0.00428	0.00241	0.00695

[dist]
# distance from previous block
# <min> <max>
0	1

[block]
# block no. 1 follows, 50 sequences, length 7
# corresponding to MSA columns:
# 455-461
name=unknown_B
#
# <colnr> <probs for GDERKNQSTAVLIFYWHMCP>
#	G	D	E	R	K	N	Q	S	T	A	V	L	I	F	Y	W	H	M	C	P
0	0.00979	0.00928	0.01548	0.68514	0.10540	0.01143	0.01379	0.01293	0.00994	0.01302	0.00876	0.01304	0.00676	0.00518	0.00573	0.00168	0.06023	0.00443	0.00224	0.00576
1	0.01345	0.01083	0.01801	0.15348	0.54733	0.01100	0.01380	0.01631	0.01159	0.13945	0.01092	0.01322	0.00840	0.00480	0.00495	0.00152	0.00577	0.00453	0.00301	0.00761
2	0.00904	0.00835	0.01393	0.72288	0.03130	0.01029	0.01281	0.01209	0.00992	0.01273	0.01094	0.10352	0.00958	0.00617	0.00514	0.00170	0.00623	0.00552	0.00248	0.00537
3	0.02858	0.00965	0.09682	0.00898	0.01124	0.02908	0.00753	0.03493	0.18453	0.05336	0.04813	0.36514	0.02171	0.01027	0.00578	0.00176	0.02455	0.00889	0.00433	0.04472
4	0.01477	0.01038	0.01150	0.00946	0.01251	0.01101	0.00756	0.36120	0.13890	0.10015	0.04979	0.10317	0.07900	0.00777	0.00517	0.00157	0.00433	0.00637	0.02567	0.03973
5	0.01285	0.04767	0.01277	0.01027	0.03051	0.04479	0.05574	0.11890	0.20175	0.08227	0.03300	0.12998	0.02894	0.00709	0.00496	0.00147	0.00453	0.00607	0.00424	0.16221
6	0.07071	0.01141	0.08245	0.01015	0.01397	0.05864	0.08119	0.06106	0.01242	0.17410	0.05774	0.05339	0.01294	0.00617	0.00479	0.00140	0.00497	0.05197	0.00391	0.22662

[dist]
# distance from previous block
# <min> <max>
2	19

[block]
# block no. 2 follows, 50 sequences, length 46
# corresponding to MSA columns:
# 481-526
name=unknown_C
#
# <colnr> <probs for GDERKNQSTAVLIFYWHMCP>
#	G	D	E	R	K	N	Q	S	T	A	V	L	I	F	Y	W	H	M	C	P
0	0.06203	0.03431	0.06518	0.02635	0.14292	0.13863	0.05630	0.09861	0.01259	0.02634	0.04171	0.09673	0.07973	0.04776	0.00598	0.00167	0.00559	0.00586	0.00337	0.04836
1	0.10665	0.20504	0.06616	0.01282	0.11508	0.07838	0.09059	0.02657	0.01120	0.02730	0.07581	0.04395	0.04153	0.00683	0.03222	0.00163	0.00575	0.00477	0.00299	0.04472
2	0.01103	0.36060	0.31664	0.01110	0.01606	0.01424	0.04907	0.01429	0.01040	0.01378	0.02601	0.05723	0.04794	0.00572	0.00461	0.00141	0.02652	0.00441	0.00247	0.00648
3	0.01216	0.47013	0.25940	0.01029	0.01522	0.05166	0.01129	0.03158	0.01085	0.01364	0.02256	0.01159	0.05087	0.00505	0.00396	0.00128	0.00592	0.00358	0.00240	0.00656
4	0.06174	0.38385	0.35059	0.01098	0.01634	0.05472	0.01250	0.01541	0.01048	0.01426	0.02392	0.00972	0.00714	0.00465	0.00396	0.00133	0.00623	0.00325	0.00227	0.00668
5	0.01259	0.65099	0.19652	0.00978	0.01473	0.01793	0.01071	0.01511	0.01022	0.01262	0.00737	0.00855	0.00638	0.00437	0.00354	0.00118	0.00578	0.00289	0.00213	0.00661
6	0.01346	0.55043	0.17781	0.01019	0.01492	0.07651	0.01064	0.06987	0.01146	0.01397	0.00775	0.00886	0.00653	0.00455	0.00373	0.00121	0.00602	0.00304	0.00236	0.00669
7	0.75624	0.00989	0.00809	0.00703	0.01022	0.01129	0.00579	0.06958	0.00985	0.06348	0.00796	0.00884	0.00598	0.00480	0.00332	0.00154	0.00399	0.00295	0.00338	0.00578
8	0.00960	0.00656	0.00813	0.00827	0.00962	0.00666	0.00625	0.09228	0.09327	0.07205	0.02433	0.46392	0.02631	0.01268	0.00607	0.00194	0.00366	0.13825	0.00482	0.00533
9	0.01021	0.00946	0.05545	0.00877	0.01126	0.00929	0.00715	0.07178	0.37508	0.01858	0.06648	0.14095	0.17638	0.00924	0.00544	0.00171	0.00373	0.00785	0.00476	0.00643
10	0.00929	0.00465	0.00465	0.00465	0.00581	0.00465	0.00348	0.01161	0.01045	0.01858	0.01626	0.01858	0.01278	0.00581	0.00348	0.00116	0.00232	0.00465	0.85250	0.00465
11	0.01503	0.01168	0.01285	0.00971	0.01382	0.01166	0.00792	0.41975	0.06165	0.02457	0.01117	0.01168	0.00841	0.00509	0.00446	0.00120	0.00466	0.00392	0.00416	0.35664
12	0.00591	0.00496	0.00514	0.00530	0.00680	0.00419	0.00390	0.00713	0.01112	0.01337	0.04750	0.14858	0.69303	0.01301	0.00595	0.00173	0.00257	0.01099	0.00463	0.00419
13	0.00929	0.00465	0.00465	0.00465	0.00581	0.00465	0.00348	0.01161	0.01045	0.01858	0.01626	0.01858	0.01278	0.00581	0.00348	0.00116	0.00232	0.00465	0.85250	0.00465
14	0.00633	0.00448	0.00588	0.00690	0.00720	0.00424	0.00464	0.00718	0.00939	0.01250	0.02603	0.68452	0.03098	0.11002	0.00861	0.00237	0.00322	0.05713	0.00444	0.00396
15	0.01260	0.63900	0.08932	0.00963	0.01391	0.01728	0.05406	0.01466	0.01029	0.02685	0.00898	0.06677	0.00846	0.00515	0.00374	0.00122	0.00549	0.00380	0.00241	0.00637
16	0.01630	0.08827	0.10118	0.01140	0.01496	0.28188	0.00991	0.23667	0.02979	0.06048	0.06266	0.01261	0.01030	0.00577	0.00492	0.00142	0.02414	0.00416	0.01631	0.00687
17	0.00849	0.00446	0.00607	0.00607	0.00622	0.00446	0.00399	0.00729	0.00714	0.01013	0.01090	0.01869	0.01087	0.15900	0.01844	0.59319	0.00416	0.00489	0.11291	0.00264
18	0.01091	0.01940	0.45018	0.01388	0.01933	0.01213	0.10719	0.01847	0.21845	0.01696	0.01200	0.01307	0.00887	0.00544	0.00561	0.00165	0.05167	0.00451	0.00296	0.00732
19	0.00964	0.00696	0.00888	0.00921	0.01072	0.00718	0.00772	0.14572	0.01327	0.01748	0.02401	0.17618	0.02582	0.01270	0.00646	0.00211	0.00446	0.50161	0.00467	0.00519
20	0.01631	0.01203	0.01284	0.01049	0.01380	0.03030	0.00843	0.43513	0.22406	0.08135	0.01584	0.07196	0.01234	0.00687	0.00507	0.00158	0.00481	0.00550	0.02345	0.00786
21	0.86003	0.00964	0.00733	0.00655	0.00964	0.01118	0.00540	0.01465	0.00848	0.02236	0.00694	0.00810	0.00540	0.00463	0.00308	0.00154	0.00386	0.00270	0.00308	0.00540
22	0.01114	0.32683	0.39384	0.01100	0.01667	0.01387	0.01281	0.01480	0.01038	0.01421	0.00970	0.01092	0.03532	0.00474	0.00409	0.00130	0.00603	0.00347	0.00230	0.09657
23	0.01091	0.01091	0.01527	0.01309	0.01309	0.01527	0.01091	0.01200	0.00763	0.01200	0.00654	0.01091	0.00654	0.00872	0.01636	0.00218	0.81570	0.00436	0.00218	0.00545
24	0.00941	0.00886	0.01495	0.81285	0.03433	0.01107	0.01384	0.01274	0.00997	0.01274	0.00886	0.01329	0.00664	0.00498	0.00498	0.00166	0.00664	0.00443	0.00221	0.00554
25	0.00631	0.00456	0.00597	0.00668	0.00726	0.00422	0.00460	0.00757	0.01079	0.01459	0.22129	0.58501	0.07445	0.01410	0.00622	0.00189	0.00274	0.01269	0.00484	0.00422
26	0.00845	0.00530	0.00662	0.00613	0.00758	0.00485	0.00465	0.01064	0.01334	0.08162	0.54613	0.03437	0.12236	0.00957	0.00550	0.00153	0.00252	0.00829	0.11560	0.00494
27	0.01907	0.01377	0.01484	0.01138	0.01536	0.01517	0.00940	0.75092	0.02312	0.05806	0.01223	0.01214	0.00861	0.00599	0.00499	0.00150	0.00544	0.00451	0.00503	0.00848
28	0.00607	0.00434	0.00578	0.00694	0.00723	0.00405	0.00463	0.00694	0.00954	0.01272	0.02747	0.82157	0.03297	0.01562	0.00636	0.00202	0.00289	0.01417	0.00463	0.00405
29	0.01190	0.01126	0.01810	0.28078	0.48899	0.02916	0.01438	0.05707	0.01164	0.01590	0.00932	0.01255	0.00749	0.00472	0.00494	0.00154	0.00620	0.00441	0.00253	0.00712
30	0.00929	0.00465	0.00465	0.00465	0.00581	0.00465	0.00348	0.01161	0.01045	0.01858	0.01626	0.01858	0.01278	0.00581	0.00348	0.00116	0.00232	0.00465	0.85250	0.00465
31	0.86003	0.00964	0.00733	0.00655	0.00964	0.01118	0.00540	0.01465	0.00848	0.02236	0.00694	0.00810	0.00540	0.00463	0.00308	0.00154	0.00386	0.00270	0.00308	0.00540
32	0.01091	0.01091	0.01527	0.01309	0.01309	0.01527	0.01091	0.01200	0.00763	0.01200	0.00654	0.01091	0.00654	0.00872	0.01636	0.00218	0.81570	0.00436	0.00218	0.00545
33	0.00621	0.00446	0.00568	0.00658	0.00695	0.00416	0.00435	0.00700	0.00940	0.01239	0.02789	0.65338	0.09537	0.12060	0.00879	0.00236	0.00311	0.01296	0.00442	0.00393
34	0.00724	0.00487	0.00564	0.00564	0.00571	0.00494	0.00327	0.00738	0.00731	0.00981	0.01552	0.03161	0.01768	0.76366	0.08594	0.00508	0.00549	0.00710	0.00299	0.00313
35	0.86003	0.00964	0.00733	0.00655	0.00964	0.01118	0.00540	0.01465	0.00848	0.02236	0.00694	0.00810	0.00540	0.00463	0.00308	0.00154	0.00386	0.00270	0.00308	0.00540
36	0.00994	0.14433	0.46712	0.01192	0.01712	0.01129	0.01400	0.01411	0.01053	0.01475	0.01263	0.02046	0.01148	0.00834	0.04740	0.00199	0.00677	0.16668	0.00267	0.00646
37	0.01844	0.01353	0.02918	0.01124	0.01510	0.02854	0.00942	0.65446	0.02173	0.08473	0.01315	0.01459	0.00975	0.00637	0.00508	0.00154	0.00545	0.04456	0.00495	0.00820
38	0.00929	0.00465	0.00465	0.00465	0.00581	0.00465	0.00348	0.01161	0.01045	0.01858	0.01626	0.01858	0.01278	0.00581	0.00348	0.00116	0.00232	0.00465	0.85250	0.00465
39	0.00590	0.00500	0.00510	0.00518	0.00677	0.00420	0.00385	0.00714	0.01123	0.01341	0.04885	0.10319	0.73755	0.01284	0.00592	0.00171	0.00255	0.01078	0.00463	0.00420
40	0.01047	0.00987	0.01636	0.52923	0.26500	0.01138	0.01395	0.01428	0.05361	0.01427	0.00965	0.01329	0.00750	0.00492	0.00497	0.00161	0.00627	0.00450	0.00245	0.00639
41	0.00970	0.00918	0.01526	0.62525	0.08531	0.01088	0.05111	0.01352	0.05346	0.01365	0.01204	0.01556	0.05332	0.00545	0.00508	0.00165	0.00629	0.00493	0.00255	0.00582
42	0.00876	0.00492	0.00759	0.11136	0.01011	0.00521	0.00557	0.00731	0.00695	0.00919	0.00868	0.01491	0.00840	0.01571	0.01760	0.74400	0.00463	0.00434	0.00217	0.00260
43	0.00699	0.00505	0.00654	0.00742	0.00807	0.00487	0.00533	0.04594	0.01058	0.01400	0.02739	0.64177	0.05900	0.01476	0.00635	0.00202	0.00325	0.12165	0.00464	0.00435
44	0.03275	0.01450	0.01898	0.03957	0.19131	0.21126	0.23228	0.03371	0.02391	0.08439	0.01277	0.01445	0.05644	0.00529	0.00513	0.00152	0.00699	0.00496	0.00307	0.00674
45	0.01182	0.24089	0.50845	0.01246	0.01856	0.05603	0.01482	0.05554	0.01128	0.01532	0.00849	0.00984	0.00645	0.00470	0.00432	0.00142	0.00681	0.00343	0.00229	0.00708

[dist]
# distance from previous block
# <min> <max>
0	7

[block]
# block no. 3 follows, 50 sequences, length 28
# corresponding to MSA columns:
# 534-561
name=unknown_D
#
# <colnr> <probs for GDERKNQSTAVLIFYWHMCP>
#	G	D	E	R	K	N	Q	S	T	A	V	L	I	F	Y	W	H	M	C	P
0	0.01178	0.01131	0.01778	0.32181	0.44495	0.04483	0.01428	0.04593	0.01145	0.01541	0.00922	0.01254	0.00739	0.00474	0.00494	0.00154	0.00630	0.00439	0.00248	0.00695
1	0.05903	0.01094	0.01053	0.00890	0.01148	0.13466	0.00701	0.20247	0.01593	0.13658	0.27794	0.02100	0.02194	0.00723	0.00503	0.00148	0.00453	0.00582	0.05109	0.00639
2	0.00929	0.00465	0.00465	0.00465	0.00581	0.00465	0.00348	0.01161	0.01045	0.01858	0.01626	0.01858	0.01278	0.00581	0.00348	0.00116	0.00232	0.00465	0.85250	0.00465
3	0.01405	0.00874	0.01072	0.00784	0.01209	0.00686	0.00634	0.01618	0.01155	0.25750	0.01220	0.01238	0.00891	0.00446	0.00410	0.00099	0.00386	0.00359	0.00395	0.59369
4	0.01195	0.04712	0.05539	0.01685	0.02127	0.01280	0.47519	0.01917	0.25044	0.01729	0.01306	0.01469	0.00983	0.00502	0.00547	0.00165	0.00685	0.00558	0.00328	0.00710
5	0.00929	0.00465	0.00465	0.00465	0.00581	0.00465	0.00348	0.01161	0.01045	0.01858	0.01626	0.01858	0.01278	0.00581	0.00348	0.00116	0.00232	0.00465	0.85250	0.00465
6	0.01234	0.01184	0.02023	0.03059	0.79373	0.01184	0.01530	0.01530	0.01135	0.01628	0.00938	0.01234	0.00790	0.00444	0.00493	0.00148	0.00592	0.00444	0.00247	0.00790
7	0.01531	0.01012	0.01242	0.09667	0.05543	0.01096	0.00884	0.06754	0.39768	0.24223	0.01784	0.01686	0.01271	0.00624	0.00503	0.00162	0.00451	0.00520	0.00494	0.00784
8	0.01209	0.01179	0.01918	0.15383	0.64615	0.03958	0.01487	0.01505	0.01123	0.01558	0.00924	0.01237	0.00765	0.00455	0.00493	0.00150	0.00614	0.00440	0.00243	0.00745
9	0.02186	0.00837	0.01141	0.00878	0.01255	0.00724	0.00724	0.02380	0.01426	0.77155	0.04511	0.01763	0.01348	0.00630	0.00504	0.00154	0.00418	0.00514	0.00615	0.00836
10	0.03418	0.01089	0.01252	0.07784	0.04818	0.04019	0.00898	0.09455	0.38204	0.08248	0.01608	0.05437	0.01266	0.00692	0.00627	0.00170	0.09318	0.00544	0.00433	0.00721
11	0.01074	0.00815	0.00954	0.00877	0.01060	0.07136	0.03809	0.03889	0.04748	0.09369	0.08843	0.10299	0.03345	0.13305	0.06178	0.00261	0.00524	0.17028	0.00415	0.06072
12	0.03053	0.01020	0.01602	0.55185	0.18734	0.03921	0.03226	0.01423	0.04363	0.01410	0.00940	0.01305	0.00725	0.00493	0.00494	0.00161	0.00644	0.00444	0.00243	0.00615
13	0.01263	0.63999	0.14089	0.00976	0.01413	0.01813	0.01021	0.01481	0.00998	0.01236	0.00720	0.00862	0.00640	0.00471	0.00452	0.00124	0.07289	0.00296	0.00213	0.00646
14	0.00603	0.00503	0.00509	0.00509	0.00660	0.00427	0.00371	0.00716	0.01095	0.01309	0.04703	0.04644	0.71469	0.09349	0.00783	0.00200	0.00275	0.01019	0.00447	0.00409
15	0.00941	0.00886	0.01495	0.81285	0.03433	0.01107	0.01384	0.01274	0.00997	0.01274	0.00886	0.01329	0.00664	0.00498	0.00498	0.00166	0.00664	0.00443	0.00221	0.00554
16	0.00914	0.00753	0.00932	0.00824	0.00938	0.02543	0.00629	0.01044	0.00854	0.01282	0.01167	0.01872	0.01142	0.21636	0.16855	0.00359	0.20536	0.00503	0.09697	0.15519
17	0.00598	0.00469	0.00542	0.00601	0.00698	0.00413	0.00421	0.00705	0.01044	0.01309	0.03886	0.43903	0.40817	0.01414	0.00613	0.00186	0.00271	0.01236	0.00463	0.00413
18	0.00713	0.00529	0.00775	0.00775	0.00856	0.00609	0.00591	0.00874	0.00793	0.01138	0.01359	0.02088	0.01302	0.11578	0.72744	0.00769	0.01250	0.00553	0.00271	0.00431
19	0.05828	0.00853	0.01139	0.00877	0.01259	0.00749	0.00724	0.02388	0.01402	0.76396	0.01912	0.01659	0.01204	0.00610	0.00493	0.00154	0.00422	0.00491	0.00604	0.00835
20	0.01242	0.01100	0.01770	0.19939	0.49435	0.01163	0.01375	0.04320	0.07782	0.05406	0.01078	0.01329	0.00848	0.00490	0.00496	0.00154	0.00582	0.00457	0.00290	0.00742
21	0.01242	0.00873	0.01387	0.46030	0.12762	0.00973	0.01162	0.01530	0.01108	0.17319	0.01191	0.01447	0.00862	0.00524	0.00482	0.00156	0.00560	0.00457	0.09299	0.00635
22	0.00626	0.00489	0.00568	0.00585	0.00705	0.00431	0.00425	0.00773	0.01169	0.01511	0.25267	0.23352	0.39784	0.01267	0.00600	0.00173	0.00257	0.01099	0.00487	0.00431
23	0.01065	0.01062	0.01971	0.31583	0.23680	0.01118	0.22431	0.01401	0.01108	0.01503	0.05689	0.03066	0.01020	0.00515	0.00530	0.00162	0.00660	0.00531	0.00261	0.00643
24	0.01608	0.00738	0.00981	0.00828	0.01106	0.00667	0.00679	0.04401	0.01397	0.45234	0.17984	0.02852	0.06184	0.00848	0.00552	0.00167	0.00386	0.12133	0.00567	0.00690
25	0.00637	0.00495	0.00579	0.00585	0.00706	0.00443	0.00427	0.00789	0.01166	0.01519	0.27593	0.16869	0.38140	0.04206	0.03402	0.00203	0.00298	0.01035	0.00477	0.00430
26	0.01333	0.82783	0.02612	0.00853	0.01279	0.01972	0.00853	0.01493	0.01013	0.01173	0.00693	0.00800	0.00640	0.00426	0.00320	0.00107	0.00533	0.00267	0.00213	0.00640
27	0.01446	0.01638	0.01376	0.25710	0.02067	0.39099	0.01054	0.01913	0.17905	0.01423	0.01077	0.01238	0.00839	0.00544	0.00477	0.00149	0.00718	0.00411	0.00300	0.00616

[dist]
# distance from previous block
# <min> <max>
0	4

[block]
# block no. 4 follows, 50 sequences, length 47
# corresponding to MSA columns:
# 566-579,587-619
name=unknown_E
#
# <colnr> <probs for GDERKNQSTAVLIFYWHMCP>
#	G	D	E	R	K	N	Q	S	T	A	V	L	I	F	Y	W	H	M	C	P
0	0.04338	0.19550	0.30209	0.23712	0.02294	0.03353	0.07044	0.01482	0.01039	0.01421	0.00845	0.01083	0.00649	0.00467	0.00448	0.00149	0.00670	0.00378	0.00222	0.00648
1	0.00644	0.00473	0.00611	0.00701	0.00770	0.00440	0.00509	0.00769	0.01041	0.01363	0.07462	0.53093	0.14504	0.01455	0.00635	0.00199	0.00310	0.14133	0.00467	0.00420
2	0.00967	0.01232	0.17079	0.40919	0.06472	0.01056	0.07953	0.01373	0.03952	0.01437	0.02692	0.06270	0.01060	0.00612	0.00522	0.00169	0.00639	0.04725	0.00268	0.00605
3	0.01044	0.13971	0.20175	0.17222	0.02146	0.01222	0.18098	0.01415	0.02716	0.01423	0.01137	0.08688	0.01015	0.00614	0.00553	0.00163	0.04065	0.03447	0.00262	0.00623
4	0.01171	0.06546	0.27953	0.04847	0.05768	0.01279	0.36575	0.06815	0.01198	0.01661	0.00957	0.01201	0.00713	0.00454	0.00521	0.00159	0.00750	0.00475	0.00252	0.00704
5	0.00612	0.00448	0.00575	0.00665	0.00718	0.00412	0.00452	0.00714	0.01010	0.01333	0.08417	0.66625	0.13218	0.01485	0.00627	0.00195	0.00281	0.01333	0.00469	0.00412
6	0.06735	0.07669	0.30121	0.04042	0.01888	0.14332	0.11157	0.07842	0.04770	0.05415	0.00989	0.01120	0.00732	0.00496	0.00469	0.00150	0.00692	0.00400	0.00287	0.00693
7	0.03089	0.01216	0.11622	0.15015	0.05326	0.04646	0.08404	0.08166	0.03070	0.19936	0.10751	0.01735	0.03578	0.00610	0.00512	0.00157	0.00557	0.00528	0.00396	0.00686
8	0.00895	0.01995	0.58268	0.01221	0.01767	0.00954	0.01466	0.01344	0.01038	0.01514	0.03422	0.21096	0.01396	0.00756	0.00517	0.00169	0.00613	0.00641	0.00282	0.00648
9	0.01088	0.01213	0.08284	0.43139	0.24450	0.04802	0.07109	0.01428	0.01073	0.01420	0.00905	0.01261	0.00703	0.00476	0.00499	0.00159	0.00674	0.00442	0.00232	0.00645
10	0.01110	0.01061	0.04775	0.28098	0.01936	0.10993	0.00981	0.05933	0.05895	0.05226	0.01658	0.17921	0.04104	0.00822	0.00533	0.00170	0.00552	0.05768	0.01895	0.00569
11	0.01103	0.04875	0.12061	0.36194	0.24629	0.01179	0.01395	0.06645	0.01142	0.01542	0.01071	0.01362	0.03653	0.00512	0.00489	0.00156	0.00624	0.00449	0.00255	0.00664
12	0.01273	0.01167	0.06636	0.01246	0.11365	0.07158	0.00916	0.10117	0.19833	0.07548	0.20245	0.01979	0.01930	0.00698	0.00569	0.00158	0.04348	0.00573	0.01554	0.00687
13	0.01136	0.01142	0.01851	0.11321	0.07537	0.04935	0.27680	0.06814	0.06518	0.01602	0.01581	0.04749	0.09851	0.00668	0.00661	0.00171	0.08753	0.02091	0.00315	0.00627
14	0.01388	0.24070	0.04490	0.04944	0.10693	0.06212	0.03832	0.13514	0.09169	0.07146	0.01473	0.01524	0.08315	0.00584	0.00457	0.00142	0.00541	0.00464	0.00348	0.00695
15	0.00607	0.00434	0.00578	0.00694	0.00723	0.00405	0.00463	0.00694	0.00954	0.01272	0.02747	0.82157	0.03297	0.01562	0.00636	0.00202	0.00289	0.01417	0.00463	0.00405
16	0.01416	0.01402	0.08047	0.01407	0.09363	0.14744	0.12840	0.05204	0.17709	0.12169	0.02931	0.01710	0.07564	0.00612	0.00513	0.00156	0.00595	0.00530	0.00385	0.00705
17	0.03408	0.00800	0.00891	0.00824	0.01015	0.00859	0.00626	0.11128	0.25962	0.01937	0.18039	0.16492	0.07350	0.05647	0.00666	0.00189	0.00360	0.02725	0.00485	0.00597
18	0.01101	0.05905	0.47926	0.01816	0.23564	0.01211	0.01620	0.01650	0.07529	0.01615	0.00991	0.01158	0.00750	0.00480	0.00475	0.00154	0.00658	0.00401	0.00245	0.00751
19	0.00806	0.00727	0.00743	0.00791	0.00860	0.10834	0.00559	0.00918	0.01064	0.01358	0.12427	0.57449	0.03011	0.01322	0.00654	0.00188	0.04253	0.01160	0.00436	0.00443
20	0.01656	0.05908	0.05117	0.06714	0.01699	0.02648	0.09876	0.22133	0.05818	0.23718	0.01314	0.01355	0.00926	0.00589	0.00604	0.00159	0.08119	0.00468	0.00425	0.00754
21	0.01211	0.00814	0.00934	0.00826	0.01059	0.00840	0.00642	0.09471	0.23985	0.14505	0.14805	0.08173	0.13002	0.04792	0.00640	0.00181	0.00368	0.02597	0.00510	0.00644
22	0.01246	0.04534	0.03013	0.00888	0.02461	0.07483	0.00696	0.05234	0.04273	0.18879	0.15036	0.21989	0.04912	0.00969	0.00552	0.00168	0.00417	0.06178	0.00476	0.00596
23	0.01458	0.01522	0.07159	0.04438	0.41977	0.14916	0.01326	0.17785	0.01430	0.01866	0.00959	0.01158	0.00762	0.00492	0.00486	0.00146	0.00648	0.00419	0.00299	0.00755
24	0.00972	0.00671	0.02558	0.00883	0.01054	0.00619	0.03572	0.01243	0.05961	0.11842	0.05222	0.23796	0.07314	0.01205	0.00621	0.00199	0.00407	0.30857	0.00474	0.00529
25	0.02571	0.03649	0.26752	0.01275	0.05775	0.01162	0.04059	0.15807	0.12790	0.13525	0.01371	0.01532	0.01021	0.00587	0.00494	0.00158	0.00568	0.03927	0.02219	0.00758
26	0.00892	0.00794	0.00981	0.00905	0.01003	0.04584	0.01751	0.04659	0.01066	0.01447	0.13637	0.17408	0.12786	0.01465	0.12661	0.00277	0.22029	0.00789	0.00371	0.00493
27	0.01400	0.01128	0.12102	0.01076	0.04786	0.00943	0.02290	0.08942	0.15740	0.22951	0.08698	0.06489	0.05156	0.02232	0.02184	0.00181	0.01919	0.00605	0.00464	0.00714
28	0.00897	0.03735	0.08399	0.01092	0.01309	0.02235	0.13302	0.01185	0.04653	0.01526	0.16451	0.25499	0.02351	0.00984	0.00708	0.00181	0.10310	0.04262	0.00382	0.00539
29	0.01073	0.00994	0.01735	0.01346	0.01668	0.00980	0.32924	0.01637	0.18640	0.04756	0.19465	0.07652	0.03377	0.00717	0.00570	0.00168	0.00536	0.00717	0.00410	0.00636
30	0.01395	0.01007	0.01466	0.22135	0.15733	0.01075	0.03948	0.12038	0.09864	0.16899	0.03486	0.02792	0.02158	0.00610	0.00514	0.00161	0.00537	0.03073	0.00396	0.00714
31	0.01248	0.04501	0.15965	0.08158	0.05899	0.05244	0.21075	0.03919	0.06623	0.08931	0.02498	0.01679	0.02440	0.00591	0.00571	0.00165	0.03998	0.05498	0.00321	0.00677
32	0.01048	0.01096	0.06562	0.03455	0.40116	0.00990	0.12564	0.01343	0.01138	0.01590	0.08069	0.10768	0.04509	0.00688	0.00542	0.00163	0.00556	0.03826	0.00312	0.00667
33	0.03649	0.00558	0.00671	0.00693	0.00827	0.00523	0.00522	0.03642	0.01140	0.06985	0.08058	0.33787	0.24717	0.01280	0.00601	0.00186	0.00319	0.10894	0.00475	0.00472
34	0.01290	0.09932	0.04531	0.01835	0.28904	0.07634	0.09610	0.05691	0.04668	0.06198	0.01327	0.08609	0.01941	0.00636	0.00507	0.00156	0.00585	0.04933	0.00324	0.00691
35	0.01305	0.07986	0.08214	0.10081	0.05520	0.02570	0.14631	0.08542	0.10706	0.12187	0.03157	0.08450	0.03134	0.00642	0.00514	0.00160	0.00564	0.00578	0.00374	0.00686
36	0.00735	0.00545	0.00800	0.00822	0.00919	0.00520	0.05840	0.00912	0.02426	0.02572	0.09331	0.51287	0.03038	0.01338	0.00622	0.00196	0.00352	0.13651	0.03640	0.00454
37	0.01148	0.01552	0.22630	0.13103	0.20006	0.01186	0.25225	0.02752	0.02688	0.03431	0.00991	0.01257	0.00746	0.00463	0.00519	0.00160	0.00709	0.00473	0.00253	0.00709
38	0.01346	0.07515	0.07983	0.10198	0.14701	0.00960	0.04134	0.03593	0.01182	0.22763	0.01591	0.17065	0.01409	0.00741	0.00517	0.00163	0.00509	0.02562	0.00393	0.00677
39	0.01214	0.20329	0.25660	0.06813	0.18362	0.05695	0.01330	0.01571	0.02588	0.04827	0.01038	0.01401	0.00867	0.00533	0.00459	0.00148	0.00624	0.05587	0.00262	0.00692
40	0.00910	0.00813	0.00809	0.00799	0.00917	0.11271	0.00589	0.05845	0.01084	0.01372	0.02278	0.27375	0.14060	0.06222	0.17348	0.00322	0.03367	0.00863	0.03288	0.00468
41	0.01138	0.32286	0.31577	0.01270	0.07118	0.01387	0.05269	0.01478	0.01063	0.02986	0.03633	0.06713	0.00987	0.00548	0.00439	0.00141	0.00601	0.00440	0.00253	0.00671
42	0.01249	0.06745	0.04489	0.30833	0.02211	0.01087	0.09236	0.05382	0.05123	0.13661	0.01320	0.01783	0.01047	0.00610	0.00529	0.00164	0.02199	0.07560	0.04134	0.00639
43	0.00713	0.00539	0.00681	0.00749	0.00818	0.02468	0.00555	0.00844	0.00981	0.01294	0.04852	0.36113	0.06014	0.10308	0.14011	0.00332	0.00531	0.17368	0.00410	0.00420
44	0.05712	0.01235	0.07134	0.25833	0.31456	0.04817	0.01322	0.10306	0.01236	0.01722	0.03886	0.01301	0.00876	0.00506	0.00486	0.00154	0.00609	0.00441	0.00281	0.00687
45	0.09908	0.05136	0.14910	0.10965	0.05457	0.04935	0.21212	0.05697	0.01167	0.04611	0.03181	0.06927	0.01038	0.00580	0.00503	0.00161	0.00639	0.02030	0.00299	0.00643
46	0.13474	0.00719	0.00824	0.06430	0.01109	0.00769	0.00639	0.07457	0.09356	0.03653	0.03174	0.31622	0.06454	0.01043	0.00538	0.00180	0.00375	0.07310	0.04342	0.00532

[dist]
# distance from previous block
# <min> <max>
5	21

[block]
# block no. 5 follows, 50 sequences, length 8
# corresponding to MSA columns:
# 641-648
name=unknown_F
#
# <colnr> <probs for GDERKNQSTAVLIFYWHMCP>
#	G	D	E	R	K	N	Q	S	T	A	V	L	I	F	Y	W	H	M	C	P
0	0.09504	0.05647	0.10340	0.03308	0.04718	0.03425	0.09717	0.09104	0.06069	0.09956	0.05829	0.05854	0.06546	0.00669	0.00564	0.00160	0.05577	0.00551	0.00369	0.02094
1	0.11441	0.06480	0.05516	0.04718	0.16896	0.01115	0.04595	0.14584	0.02825	0.04867	0.06251	0.04334	0.01344	0.00800	0.03992	0.00189	0.00554	0.08478	0.00361	0.00662
2	0.10814	0.00997	0.01284	0.01083	0.04733	0.01007	0.08946	0.22533	0.01493	0.15183	0.04806	0.02022	0.09070	0.00683	0.00499	0.00155	0.00471	0.05238	0.04793	0.04189
3	0.03621	0.00783	0.01013	0.12108	0.01381	0.00797	0.03552	0.12335	0.03445	0.12734	0.04684	0.18138	0.21483	0.00948	0.00549	0.00169	0.00414	0.00815	0.00447	0.00583
4	0.01211	0.06723	0.11816	0.12694	0.13893	0.09229	0.09273	0.07203	0.07092	0.01586	0.01143	0.08361	0.00996	0.00615	0.00575	0.00160	0.05955	0.00520	0.00294	0.00660
5	0.05930	0.01054	0.01440	0.14834	0.01790	0.05053	0.12702	0.07140	0.16390	0.04998	0.05182	0.07686	0.01389	0.00715	0.00618	0.00173	0.07068	0.04835	0.00372	0.00631
6	0.00969	0.05373	0.01058	0.16461	0.01450	0.05761	0.00769	0.04310	0.01106	0.04821	0.04306	0.29808	0.08823	0.01002	0.00599	0.00172	0.04265	0.03813	0.00380	0.04753
7	0.01180	0.00940	0.01436	0.08145	0.08885	0.00959	0.11315	0.05672	0.03313	0.10734	0.05013	0.08985	0.04071	0.00831	0.04408	0.00187	0.09651	0.00587	0.00357	0.13331

[dist]
# distance from previous block
# <min> <max>
0	4

[block]
# block no. 6 follows, 50 sequences, length 31
# corresponding to MSA columns:
# 653-683
name=unknown_G
#
# <colnr> <probs for GDERKNQSTAVLIFYWHMCP>
#	G	D	E	R	K	N	Q	S	T	A	V	L	I	F	Y	W	H	M	C	P
0	0.00893	0.00632	0.00879	0.00914	0.05897	0.00682	0.00643	0.03457	0.00951	0.06231	0.04296	0.02477	0.05657	0.17853	0.39311	0.00533	0.03688	0.04194	0.00329	0.00482
1	0.00707	0.00522	0.00679	0.00772	0.00853	0.00512	0.00584	0.00926	0.05987	0.01397	0.02812	0.48439	0.07793	0.01429	0.00641	0.00207	0.00346	0.24483	0.00464	0.00447
2	0.01106	0.24485	0.53720	0.01370	0.06859	0.01383	0.01550	0.01552	0.01047	0.01470	0.00842	0.00995	0.00644	0.00459	0.00433	0.00143	0.00672	0.00345	0.00214	0.00713
3	0.01175	0.01122	0.01880	0.17689	0.60376	0.01180	0.01466	0.01512	0.03783	0.01567	0.00959	0.01270	0.00788	0.00473	0.00524	0.00154	0.02647	0.00448	0.00250	0.00739
4	0.01725	0.02096	0.01398	0.01334	0.05665	0.63119	0.00965	0.02075	0.14156	0.01385	0.00988	0.01076	0.00796	0.00537	0.00461	0.00136	0.00799	0.00368	0.00298	0.00624
5	0.00664	0.00508	0.00580	0.00588	0.00703	0.00460	0.00432	0.00796	0.01102	0.01408	0.17971	0.06085	0.38865	0.17731	0.00997	0.00238	0.00321	0.09695	0.00446	0.00410
6	0.01131	0.25792	0.43802	0.01151	0.01719	0.01322	0.01344	0.01560	0.03734	0.04146	0.00999	0.04893	0.00818	0.00518	0.00433	0.00141	0.00613	0.00396	0.00252	0.05235
7	0.00624	0.00491	0.00524	0.00539	0.00649	0.00433	0.00372	0.00715	0.01015	0.01247	0.03926	0.14558	0.50959	0.20497	0.01056	0.00247	0.00312	0.01022	0.00425	0.00391
8	0.05372	0.01091	0.01308	0.06352	0.14977	0.01215	0.00939	0.18023	0.33827	0.02166	0.01494	0.01528	0.01131	0.00590	0.00479	0.00156	0.00464	0.00489	0.07653	0.00747
9	0.01038	0.06194	0.15411	0.54314	0.02938	0.01199	0.05040	0.05446	0.01088	0.01436	0.00898	0.01242	0.00671	0.00491	0.00487	0.00160	0.00671	0.00426	0.00235	0.00612
10	0.01247	0.07831	0.49286	0.01494	0.08733	0.19962	0.01540	0.01666	0.01142	0.01471	0.00855	0.01015	0.00648	0.00477	0.00459	0.00147	0.00749	0.00357	0.00225	0.00697
11	0.01261	0.00885	0.01050	0.00804	0.01181	0.00749	0.00639	0.10680	0.01241	0.13224	0.01318	0.11414	0.01148	0.00584	0.00438	0.00111	0.00389	0.00486	0.00388	0.52008
12	0.58505	0.16308	0.04959	0.00713	0.01048	0.01223	0.00646	0.01449	0.00906	0.01972	0.00786	0.00912	0.00628	0.00467	0.00322	0.00142	0.00417	0.00291	0.07745	0.00562
13	0.01126	0.00654	0.00674	0.00603	0.00777	0.00684	0.00470	0.16727	0.01309	0.02119	0.01539	0.01724	0.01190	0.00584	0.00379	0.00123	0.00297	0.00461	0.68017	0.00542
14	0.00941	0.00886	0.01495	0.81285	0.03433	0.01107	0.01384	0.01274	0.00997	0.01274	0.00886	0.01329	0.00664	0.00498	0.00498	0.00166	0.00664	0.00443	0.00221	0.00554
15	0.01031	0.00583	0.00762	0.00695	0.00871	0.00526	0.00540	0.01237	0.01343	0.18966	0.45434	0.08518	0.10802	0.01011	0.00578	0.00165	0.00296	0.05556	0.00544	0.00544
16	0.00678	0.00502	0.00649	0.00740	0.00830	0.00472	0.00575	0.00827	0.01065	0.01371	0.03183	0.37028	0.18842	0.01429	0.00646	0.00206	0.00346	0.29719	0.00461	0.00429
17	0.01134	0.00797	0.01137	0.01364	0.21462	0.00785	0.00829	0.01430	0.07790	0.15166	0.11214	0.18732	0.11501	0.00906	0.00587	0.00168	0.03139	0.00792	0.00439	0.00630
18	0.00761	0.00574	0.00808	0.00786	0.00841	0.00674	0.00587	0.00872	0.00772	0.01103	0.01298	0.02152	0.01299	0.21693	0.50521	0.04704	0.09312	0.00564	0.00268	0.00411
19	0.06968	0.05321	0.01190	0.00925	0.01230	0.01013	0.00761	0.25568	0.01565	0.26085	0.03689	0.12097	0.01565	0.00804	0.00518	0.00165	0.00449	0.08877	0.00500	0.00709
20	0.04109	0.12910	0.04805	0.01049	0.03162	0.04974	0.02556	0.16507	0.06259	0.25677	0.02643	0.01553	0.05735	0.00625	0.00538	0.00151	0.05101	0.00476	0.00436	0.00734
21	0.01153	0.01162	0.03639	0.17349	0.38760	0.04874	0.10948	0.01466	0.02219	0.02543	0.01094	0.07470	0.00958	0.00544	0.00511	0.00155	0.00619	0.00526	0.00269	0.03741
22	0.01243	0.01202	0.01767	0.10758	0.01832	0.06324	0.15753	0.06030	0.01039	0.05269	0.00854	0.01191	0.00715	0.00690	0.01103	0.00190	0.42707	0.00463	0.00264	0.00606
23	0.01495	0.01270	0.01801	0.06858	0.20025	0.01370	0.12011	0.35492	0.07088	0.02288	0.01124	0.01277	0.00848	0.00548	0.00561	0.00157	0.04165	0.00475	0.00375	0.00773
24	0.01162	0.00944	0.01336	0.01628	0.26487	0.00995	0.01014	0.13220	0.05345	0.03600	0.02682	0.11668	0.03183	0.00863	0.00624	0.00177	0.05602	0.16437	0.02383	0.00652
25	0.00620	0.00452	0.00588	0.00692	0.00742	0.00419	0.00480	0.00722	0.00988	0.01297	0.02975	0.68354	0.11035	0.01517	0.00635	0.00201	0.00298	0.07111	0.00462	0.00411
26	0.00662	0.00489	0.00599	0.00628	0.00733	0.00440	0.00455	0.00812	0.01160	0.02666	0.26582	0.31589	0.26252	0.01288	0.00607	0.00179	0.00270	0.03661	0.00491	0.00438
27	0.01197	0.00621	0.00792	0.00691	0.00907	0.00545	0.00538	0.01385	0.01330	0.28383	0.31833	0.07141	0.20685	0.00965	0.00561	0.00161	0.00306	0.00825	0.00548	0.00585
28	0.01915	0.01363	0.01475	0.01131	0.01529	0.01496	0.00934	0.73150	0.02288	0.07781	0.01243	0.01227	0.00871	0.00599	0.00499	0.00150	0.00541	0.00452	0.00506	0.00848
29	0.01176	0.01345	0.02941	0.02101	0.02605	0.01261	0.77563	0.01597	0.01176	0.01597	0.01008	0.01345	0.00756	0.00420	0.00588	0.00168	0.00840	0.00588	0.00252	0.00672
30	0.01234	0.01184	0.02023	0.03059	0.79373	0.01184	0.01530	0.01530	0.01135	0.01628	0.00938	0.01234	0.00790	0.00444	0.00493	0.00148	0.00592	0.00444	0.00247	0.00790

[dist]
# distance from previous block
# <min> <max>
0	4

[block]
# block no. 7 follows, 50 sequences, length 19
# corresponding to MSA columns:
# 688-706
name=unknown_H
#
# <colnr> <probs for GDERKNQSTAVLIFYWHMCP>
#	G	D	E	R	K	N	Q	S	T	A	V	L	I	F	Y	W	H	M	C	P
0	0.23468	0.01336	0.01102	0.00927	0.01256	0.21384	0.00731	0.07934	0.08624	0.08604	0.02674	0.01147	0.00872	0.00513	0.00414	0.00133	0.00528	0.00364	0.00359	0.17630
1	0.00643	0.00456	0.00604	0.00709	0.00747	0.00434	0.00492	0.00741	0.00958	0.01273	0.02625	0.65023	0.03105	0.08949	0.00817	0.00232	0.00329	0.11012	0.00447	0.00402
2	0.00732	0.00481	0.00549	0.00549	0.00549	0.00481	0.00309	0.00721	0.00721	0.00961	0.01533	0.03169	0.01762	0.78169	0.02506	0.05024	0.00481	0.00709	0.00297	0.00297
3	0.01156	0.00958	0.01099	0.00796	0.01233	0.00790	0.00641	0.12106	0.01220	0.01840	0.00930	0.01057	0.00754	0.00402	0.00388	0.00085	0.00395	0.00317	0.00324	0.73511
4	0.86003	0.00964	0.00733	0.00655	0.00964	0.01118	0.00540	0.01465	0.00848	0.02236	0.00694	0.00810	0.00540	0.00463	0.00308	0.00154	0.00386	0.00270	0.00308	0.00540
5	0.00714	0.00527	0.00767	0.00767	0.00844	0.00604	0.00580	0.00868	0.00791	0.01132	0.01367	0.02133	0.01322	0.14301	0.70049	0.00758	0.01221	0.00560	0.00272	0.00426
6	0.57522	0.01050	0.00954	0.00793	0.01131	0.01173	0.00654	0.19005	0.01254	0.11000	0.00949	0.00996	0.00687	0.00511	0.00373	0.00153	0.00427	0.00336	0.00386	0.00644
7	0.00679	0.00519	0.00626	0.00627	0.00749	0.00478	0.00463	0.00904	0.04484	0.01673	0.39238	0.18909	0.25065	0.01182	0.00596	0.00171	0.00261	0.02414	0.00505	0.00457
8	0.00986	0.00932	0.01576	0.69254	0.15112	0.01119	0.01407	0.01313	0.01018	0.01328	0.00894	0.01314	0.00684	0.00490	0.00498	0.00163	0.00653	0.00443	0.00225	0.00590
9	0.00719	0.00496	0.00597	0.00635	0.00670	0.00488	0.00425	0.00781	0.00858	0.01128	0.02108	0.13736	0.06155	0.52110	0.01833	0.00382	0.00442	0.15724	0.00362	0.00352
10	0.00635	0.00494	0.00581	0.00614	0.00732	0.00440	0.00456	0.00780	0.01140	0.01459	0.17738	0.24861	0.38802	0.01307	0.00610	0.00181	0.00278	0.07986	0.00478	0.00429
11	0.01367	0.47482	0.04654	0.01200	0.01613	0.08947	0.16259	0.06745	0.01162	0.01409	0.00802	0.00966	0.00678	0.00467	0.00463	0.00130	0.04399	0.00359	0.00245	0.00653
12	0.01108	0.00704	0.00865	0.00747	0.00992	0.00625	0.00576	0.02946	0.05951	0.16250	0.15816	0.15642	0.07689	0.04138	0.00603	0.00161	0.00347	0.03654	0.00464	0.20720
13	0.01104	0.00809	0.00964	0.00740	0.01089	0.00659	0.00581	0.04559	0.01164	0.09312	0.11785	0.04749	0.03142	0.04370	0.00533	0.00122	0.00364	0.00483	0.00380	0.53092
14	0.10295	0.06905	0.09488	0.01050	0.01422	0.03192	0.00923	0.22279	0.34964	0.02247	0.01429	0.01395	0.01066	0.00591	0.00466	0.00156	0.00491	0.00456	0.00427	0.00758
15	0.00745	0.00551	0.00752	0.00697	0.00755	0.00557	0.05634	0.00813	0.00791	0.01066	0.01661	0.04583	0.04938	0.57740	0.16199	0.00499	0.00646	0.00710	0.00302	0.00360
16	0.01235	0.01215	0.08908	0.18932	0.26771	0.01136	0.09603	0.07452	0.06598	0.07037	0.05302	0.01456	0.01041	0.00526	0.00510	0.00157	0.00600	0.00490	0.00318	0.00713
17	0.15194	0.00959	0.01077	0.00868	0.01182	0.04916	0.03954	0.04631	0.04530	0.14234	0.05410	0.05151	0.01193	0.02391	0.00538	0.00142	0.04380	0.00464	0.03953	0.24833
18	0.01334	0.01324	0.15239	0.04463	0.01516	0.01152	0.01000	0.37363	0.05411	0.02254	0.01568	0.20554	0.01458	0.00821	0.00531	0.00167	0.00516	0.02204	0.00427	0.00699

[dist]
# distance from previous block
# <min> <max>
0	3

[block]
# block no. 8 follows, 50 sequences, length 16
# corresponding to MSA columns:
# 710-725
name=unknown_I
#
# <colnr> <probs for GDERKNQSTAVLIFYWHMCP>
#	G	D	E	R	K	N	Q	S	T	A	V	L	I	F	Y	W	H	M	C	P
0	0.01393	0.01271	0.01598	0.04200	0.11052	0.09412	0.09302	0.10979	0.21307	0.06359	0.01245	0.01372	0.00963	0.00623	0.00728	0.00169	0.16475	0.00480	0.00361	0.00709
1	0.00902	0.00641	0.00731	0.00676	0.00762	0.00672	0.00454	0.10827	0.05407	0.01438	0.10096	0.02875	0.01951	0.52744	0.07417	0.00409	0.00519	0.00686	0.00364	0.00429
2	0.00644	0.00475	0.00611	0.00701	0.00772	0.00441	0.00511	0.00770	0.01039	0.01354	0.06197	0.51903	0.16070	0.01455	0.00636	0.00200	0.00312	0.15023	0.00466	0.00420
3	0.01078	0.01084	0.01226	0.01111	0.01168	0.13455	0.00881	0.01179	0.00888	0.01187	0.01059	0.11703	0.01096	0.01390	0.13334	0.05108	0.41731	0.00560	0.00263	0.00498
4	0.01167	0.00836	0.00947	0.00844	0.01085	0.00887	0.00656	0.01974	0.40044	0.12364	0.22893	0.02623	0.09924	0.00817	0.00536	0.00164	0.00342	0.00693	0.00529	0.00676
5	0.05807	0.01349	0.01430	0.01113	0.01498	0.01501	0.00915	0.67970	0.08506	0.03012	0.01241	0.01233	0.00888	0.00598	0.00490	0.00151	0.00528	0.00450	0.00490	0.00828
6	0.08112	0.01181	0.01334	0.01053	0.01418	0.07986	0.06176	0.22366	0.08261	0.27362	0.01499	0.02756	0.02251	0.00594	0.00484	0.00149	0.00515	0.00478	0.00472	0.05554
7	0.01037	0.00963	0.01639	0.14748	0.41741	0.00987	0.06140	0.01305	0.01086	0.01497	0.01401	0.15445	0.01389	0.00729	0.00543	0.00169	0.00555	0.07679	0.00300	0.00648
8	0.00988	0.00696	0.00838	0.00808	0.00981	0.00685	0.00627	0.15200	0.01288	0.04426	0.02359	0.34419	0.07310	0.01154	0.00578	0.00180	0.00376	0.15304	0.04458	0.07325
9	0.00662	0.00498	0.00613	0.00604	0.00723	0.00449	0.00446	0.00850	0.01279	0.01734	0.49838	0.14350	0.23819	0.01154	0.00595	0.00166	0.00247	0.01008	0.00515	0.00449
10	0.00998	0.00915	0.01352	0.63116	0.02880	0.04289	0.01205	0.04775	0.01089	0.01403	0.01232	0.01580	0.06087	0.00562	0.00492	0.00160	0.00610	0.00481	0.06221	0.00553
11	0.01363	0.78150	0.02543	0.00878	0.01294	0.06495	0.00859	0.01521	0.01036	0.01175	0.00697	0.00805	0.00640	0.00431	0.00327	0.00108	0.00554	0.00270	0.00216	0.00636
12	0.00649	0.00510	0.00548	0.00555	0.00700	0.00442	0.00412	0.00773	0.01106	0.02741	0.06745	0.08438	0.60131	0.08333	0.00766	0.00201	0.00290	0.05786	0.00454	0.00421
13	0.04832	0.01011	0.01193	0.00938	0.01297	0.01018	0.00768	0.25282	0.08267	0.41388	0.01669	0.01539	0.01120	0.00608	0.00483	0.00151	0.00444	0.00480	0.06707	0.00805
14	0.00685	0.00482	0.00568	0.00594	0.00653	0.00456	0.00395	0.00774	0.00964	0.01290	0.12444	0.21453	0.15417	0.33519	0.01367	0.00300	0.00358	0.04068	0.03831	0.00380
15	0.03558	0.38191	0.01979	0.01008	0.01412	0.04855	0.00896	0.38542	0.01671	0.02155	0.00941	0.00997	0.00739	0.00514	0.00412	0.00129	0.00552	0.00357	0.00356	0.00736

[dist]
# distance from previous block
# <min> <max>
0	2

[block]
# block no. 9 follows, 50 sequences, length 30
# corresponding to MSA columns:
# 728-757
name=unknown_J
#
# <colnr> <probs for GDERKNQSTAVLIFYWHMCP>
#	G	D	E	R	K	N	Q	S	T	A	V	L	I	F	Y	W	H	M	C	P
0	0.01371	0.08388	0.16717	0.00970	0.01338	0.03092	0.00931	0.10608	0.02721	0.20697	0.18468	0.05067	0.01932	0.00733	0.00512	0.00156	0.00478	0.04695	0.00446	0.00679
1	0.01587	0.10061	0.12065	0.01142	0.01552	0.09967	0.01029	0.36971	0.16581	0.02317	0.01218	0.01232	0.00905	0.00570	0.00473	0.00148	0.00580	0.00427	0.00406	0.00771
2	0.02618	0.29954	0.15686	0.01501	0.04738	0.01451	0.30650	0.01515	0.01082	0.01444	0.00944	0.04482	0.00799	0.00481	0.00469	0.00145	0.00676	0.00463	0.00241	0.00663
3	0.01345	0.18899	0.06847	0.04299	0.01713	0.08124	0.14387	0.13802	0.06148	0.01659	0.00941	0.01140	0.00760	0.00609	0.01703	0.00166	0.16082	0.00424	0.00290	0.00665
4	0.00685	0.00487	0.00643	0.00714	0.00768	0.00470	0.01866	0.00825	0.03114	0.01320	0.02480	0.58106	0.02867	0.10813	0.00838	0.00230	0.00335	0.07211	0.05813	0.00417
5	0.00658	0.00468	0.00575	0.00623	0.00670	0.00442	0.00411	0.00742	0.00962	0.01279	0.12126	0.38475	0.10876	0.26679	0.01219	0.00281	0.00342	0.02366	0.00423	0.00384
6	0.01627	0.00905	0.01081	0.00902	0.01209	0.00912	0.00719	0.09484	0.24651	0.35501	0.05821	0.06911	0.06512	0.00751	0.00521	0.00162	0.00399	0.00625	0.00550	0.00758
7	0.01000	0.00600	0.00704	0.00646	0.00812	0.00590	0.00495	0.01372	0.10881	0.09966	0.34178	0.02705	0.04966	0.00799	0.00491	0.00145	0.00274	0.00680	0.28151	0.00546
8	0.02043	0.00923	0.01166	0.00911	0.01276	0.00872	0.00747	0.13243	0.07150	0.58754	0.01841	0.01645	0.01201	0.00617	0.00493	0.00153	0.00429	0.00496	0.05219	0.00823
9	0.01735	0.01285	0.01382	0.01100	0.01467	0.01428	0.00895	0.54308	0.22624	0.06284	0.01453	0.01396	0.01045	0.00620	0.00501	0.00155	0.00502	0.00482	0.00506	0.00832
10	0.01015	0.00859	0.01320	0.30760	0.15547	0.00952	0.01142	0.07730	0.01185	0.01568	0.01582	0.05682	0.01543	0.00833	0.00567	0.00184	0.00559	0.26051	0.00339	0.00582
11	0.01041	0.12565	0.70276	0.01350	0.02048	0.01259	0.01719	0.01568	0.01047	0.01528	0.00869	0.01021	0.00632	0.00468	0.00454	0.00151	0.00711	0.00356	0.00211	0.00725
12	0.01228	0.00952	0.01284	0.17220	0.12267	0.00985	0.00940	0.12999	0.09070	0.08008	0.13994	0.02659	0.01544	0.00610	0.00495	0.00145	0.00469	0.00524	0.00395	0.14213
13	0.01131	0.00929	0.01283	0.20775	0.15194	0.01030	0.01022	0.07383	0.19685	0.03260	0.04992	0.02110	0.01416	0.00678	0.00514	0.00165	0.00493	0.09670	0.07613	0.00656
14	0.00923	0.00627	0.00708	0.00643	0.00817	0.00614	0.00495	0.09231	0.04772	0.04173	0.31170	0.03138	0.20051	0.00904	0.00519	0.00150	0.00284	0.00763	0.19496	0.00523
15	0.01223	0.01174	0.02004	0.05893	0.76623	0.01182	0.01524	0.01520	0.01130	0.01616	0.00936	0.01237	0.00785	0.00446	0.00494	0.00149	0.00595	0.00444	0.00246	0.00781
16	0.00784	0.00557	0.00681	0.00696	0.00818	0.00530	0.00517	0.03105	0.05154	0.04833	0.18665	0.30116	0.18739	0.04062	0.00672	0.00193	0.00313	0.08608	0.00484	0.00474
17	0.00723	0.00491	0.00584	0.00584	0.00598	0.00505	0.00353	0.00751	0.00737	0.00997	0.01533	0.03056	0.01723	0.70071	0.14827	0.00533	0.00618	0.00695	0.00297	0.00325
18	0.05371	0.39334	0.01951	0.01008	0.01386	0.15857	0.00882	0.22539	0.04327	0.01803	0.00895	0.00966	0.00726	0.00500	0.00399	0.00127	0.00591	0.00338	0.00315	0.00687
19	0.00717	0.00532	0.00616	0.00627	0.00748	0.00495	0.00464	0.04034	0.01160	0.01528	0.16408	0.19030	0.30921	0.08146	0.00756	0.00202	0.00306	0.07771	0.05100	0.00440
20	0.01174	0.01207	0.01551	0.43341	0.02573	0.15741	0.09700	0.06241	0.01192	0.01452	0.03711	0.05773	0.00969	0.00572	0.00507	0.00158	0.00677	0.00503	0.00275	0.02684
