[name]
unknown

[dist]
# distance from previous block
# <min> <max>
0	51

[block]
# block no. 0 follows, 43 sequences, length 25
# corresponding to MSA columns:
# 57-81
name=unknown_A
#
# <colnr> <probs for GDERKNQSTAVLIFYWHMCP>
#	G	D	E	R	K	N	Q	S	T	A	V	L	I	F	Y	W	H	M	C	P
0	0.01227	0.01059	0.01429	0.12279	0.01682	0.03042	0.01078	0.01521	0.07384	0.07316	0.01481	0.08373	0.03678	0.01087	0.04219	0.00244	0.38270	0.03648	0.00350	0.00631
1	0.00963	0.00715	0.01017	0.03206	0.01155	0.00682	0.06336	0.03217	0.01335	0.06519	0.26295	0.21465	0.12444	0.04272	0.00761	0.00202	0.02471	0.02417	0.00508	0.04019
2	0.03736	0.06610	0.01594	0.20032	0.09802	0.03382	0.03956	0.03400	0.03610	0.22286	0.03713	0.07641	0.01317	0.00681	0.00543	0.00169	0.00576	0.00586	0.00425	0.05942
3	0.01176	0.00964	0.01112	0.00858	0.01259	0.00821	0.00677	0.09550	0.04291	0.02004	0.07785	0.07716	0.04618	0.00656	0.00486	0.00119	0.00409	0.00546	0.00408	0.54546
4	0.01367	0.06970	0.12281	0.05561	0.09322	0.08070	0.19027	0.11659	0.03106	0.01897	0.03611	0.06482	0.03600	0.00798	0.03609	0.00201	0.00751	0.00607	0.00345	0.00736
5	0.01553	0.01065	0.01206	0.01026	0.01358	0.01126	0.00810	0.08086	0.40017	0.17447	0.11194	0.02242	0.03684	0.00771	0.00565	0.00175	0.00431	0.00642	0.00577	0.06026
6	0.01493	0.07576	0.01482	0.01166	0.06567	0.01217	0.00878	0.26041	0.05016	0.04088	0.04505	0.08354	0.01341	0.00674	0.00510	0.00142	0.00497	0.00550	0.00439	0.27464
7	0.01385	0.01537	0.19578	0.01188	0.02747	0.05833	0.02809	0.06248	0.07438	0.11120	0.01435	0.06830	0.01171	0.00907	0.06513	0.00209	0.00659	0.00528	0.00388	0.21477
8	0.03785	0.18643	0.20783	0.01659	0.15757	0.08553	0.03069	0.05971	0.02648	0.05528	0.02352	0.01362	0.03095	0.00585	0.00553	0.00161	0.03961	0.00450	0.00312	0.00773
9	0.01097	0.02569	0.05041	0.02545	0.01241	0.00797	0.05344	0.01529	0.10786	0.10494	0.34944	0.03387	0.16014	0.00982	0.00616	0.00178	0.00398	0.00855	0.00540	0.00640
10	0.01292	0.01600	0.08998	0.02276	0.02856	0.01392	0.69446	0.01772	0.01297	0.01772	0.01111	0.01469	0.00830	0.00471	0.00644	0.00186	0.00925	0.00635	0.00277	0.00752
11	0.01193	0.02275	0.48702	0.04878	0.07389	0.01290	0.19717	0.01746	0.01222	0.03214	0.02546	0.01346	0.00850	0.00526	0.00563	0.00178	0.00815	0.00492	0.00264	0.00794
12	0.01435	0.13647	0.10865	0.01637	0.05485	0.04893	0.26559	0.06731	0.06309	0.07436	0.01543	0.03927	0.05754	0.00625	0.00564	0.00171	0.00711	0.00590	0.00357	0.00761
13	0.02246	0.00888	0.01211	0.00971	0.01350	0.00775	0.00796	0.02454	0.01525	0.66876	0.02298	0.08187	0.01661	0.00819	0.00581	0.00181	0.00462	0.05179	0.00661	0.00878
14	0.01804	0.00811	0.01080	0.00883	0.01195	0.00727	0.00707	0.02089	0.04509	0.46314	0.30143	0.02736	0.02828	0.00855	0.00593	0.00173	0.00391	0.00726	0.00652	0.00783
15	0.01044	0.00938	0.02829	0.28690	0.03575	0.05700	0.02976	0.01319	0.02739	0.04474	0.01987	0.28763	0.02068	0.01076	0.00629	0.00203	0.00574	0.09439	0.00396	0.00579
16	0.01570	0.11367	0.37317	0.01434	0.02049	0.08498	0.08861	0.01999	0.01308	0.18592	0.01234	0.01313	0.00867	0.00554	0.00523	0.00166	0.00743	0.00449	0.00345	0.00810
17	0.00730	0.00524	0.00692	0.00734	0.00815	0.00486	0.00518	0.00909	0.01316	0.01821	0.40213	0.41854	0.04451	0.01431	0.00680	0.00199	0.00291	0.01286	0.00562	0.00486
18	0.00669	0.00566	0.00581	0.00588	0.00772	0.00478	0.00449	0.00816	0.01263	0.01506	0.05451	0.05385	0.72460	0.01410	0.00661	0.00191	0.00294	0.05477	0.00514	0.00470
19	0.13195	0.01362	0.06719	0.11550	0.01927	0.07624	0.10322	0.13231	0.03570	0.12660	0.01800	0.01871	0.10426	0.00685	0.00544	0.00175	0.00623	0.00567	0.00419	0.00731
20	0.01046	0.00984	0.01661	0.79205	0.03814	0.01230	0.01538	0.01415	0.01107	0.01415	0.00984	0.01477	0.00738	0.00554	0.00554	0.00185	0.00738	0.00492	0.00246	0.00615
21	0.00902	0.00720	0.00829	0.00812	0.00980	0.00736	0.00602	0.01468	0.22349	0.01924	0.25371	0.22256	0.16453	0.01219	0.00641	0.00193	0.00329	0.01065	0.00557	0.00595
22	0.00676	0.00535	0.00609	0.00648	0.00776	0.00468	0.00464	0.00815	0.01228	0.01550	0.12749	0.30754	0.43799	0.01486	0.00672	0.00199	0.00292	0.01289	0.00525	0.00468
23	0.55940	0.01069	0.00965	0.00797	0.01173	0.01136	0.00651	0.04235	0.01056	0.02298	0.00849	0.00994	0.00677	0.00506	0.00416	0.00149	0.02969	0.00321	0.00343	0.23457
24	0.05337	0.04208	0.33480	0.01610	0.09231	0.01263	0.09556	0.07748	0.01279	0.01896	0.01144	0.06295	0.00954	0.00608	0.00580	0.00168	0.03768	0.00512	0.00304	0.10060

[dist]
# distance from previous block
# <min> <max>
3	5

[block]
# block no. 1 follows, 43 sequences, length 21
# corresponding to MSA columns:
# 87-107
name=unknown_B
#
# <colnr> <probs for GDERKNQSTAVLIFYWHMCP>
#	G	D	E	R	K	N	Q	S	T	A	V	L	I	F	Y	W	H	M	C	P
0	0.01294	0.01341	0.07284	0.04660	0.04815	0.10388	0.18267	0.07933	0.01345	0.05005	0.01717	0.24464	0.01709	0.00957	0.00691	0.02634	0.02387	0.02065	0.00388	0.00656
1	0.00796	0.00540	0.00611	0.00608	0.00627	0.00532	0.00353	0.00821	0.00882	0.01175	0.07111	0.03749	0.06148	0.70934	0.02557	0.00494	0.00505	0.00838	0.00364	0.00355
2	0.01401	0.01279	0.09043	0.15266	0.05764	0.01154	0.16489	0.08780	0.06831	0.12770	0.05350	0.04854	0.05839	0.00712	0.00593	0.00182	0.00641	0.01883	0.00417	0.00750
3	0.00761	0.00561	0.00711	0.00682	0.00815	0.00511	0.00508	0.00997	0.01500	0.02081	0.63319	0.08274	0.14820	0.01200	0.00656	0.00179	0.00267	0.01054	0.00592	0.00511
4	0.01302	0.01684	0.21194	0.10670	0.18877	0.03356	0.11808	0.04944	0.05879	0.03430	0.01143	0.01412	0.00883	0.00654	0.02356	0.00195	0.06825	0.00503	0.02110	0.00776
5	0.00732	0.00561	0.00670	0.00649	0.00797	0.00500	0.00484	0.00942	0.01436	0.01923	0.47687	0.07251	0.31853	0.01254	0.00656	0.00181	0.00271	0.01084	0.00571	0.00500
6	0.01723	0.36039	0.05388	0.01196	0.01586	0.34628	0.01042	0.06112	0.01392	0.01470	0.00879	0.01028	0.00754	0.00686	0.03773	0.00167	0.00815	0.00351	0.00278	0.00690
7	0.04405	0.04698	0.01754	0.07076	0.31714	0.04012	0.01216	0.21513	0.01554	0.02127	0.01313	0.01710	0.03322	0.10268	0.00811	0.00210	0.00625	0.00533	0.00364	0.00774
8	0.09094	0.02360	0.03106	0.06017	0.09829	0.05594	0.02209	0.20545	0.13683	0.07990	0.01727	0.06284	0.04948	0.00747	0.00571	0.00177	0.01909	0.01971	0.00457	0.00783
9	0.00786	0.00562	0.00762	0.00882	0.00962	0.00545	0.00690	0.00957	0.01159	0.01521	0.02996	0.39357	0.04936	0.04778	0.00819	0.00251	0.00421	0.36635	0.00505	0.00475
10	0.01383	0.10806	0.26430	0.04718	0.08926	0.01170	0.01301	0.01760	0.01224	0.12618	0.01141	0.01267	0.00850	0.00509	0.00482	0.00142	0.00610	0.00406	0.00330	0.23927
11	0.00962	0.00717	0.00989	0.17197	0.01542	0.00752	0.00781	0.05024	0.03040	0.04679	0.07304	0.37463	0.02542	0.06348	0.03876	0.00246	0.00493	0.01040	0.00446	0.04560
12	0.01602	0.01815	0.01638	0.35298	0.05248	0.38001	0.01294	0.05781	0.01414	0.01512	0.00944	0.01237	0.00742	0.00566	0.00528	0.00163	0.00853	0.00428	0.00282	0.00655
13	0.01909	0.01417	0.01548	0.01220	0.01615	0.01576	0.01000	0.62565	0.06135	0.03164	0.01395	0.01470	0.01034	0.01092	0.09975	0.00255	0.00707	0.00517	0.00523	0.00884
14	0.00803	0.00547	0.00655	0.00655	0.00672	0.00564	0.00399	0.00838	0.00820	0.01111	0.01699	0.03368	0.01902	0.67038	0.16165	0.00599	0.00704	0.00768	0.00329	0.00364
15	0.01422	0.01546	0.08912	0.03883	0.29110	0.05372	0.22718	0.04897	0.01306	0.05068	0.01077	0.01375	0.00848	0.00562	0.00714	0.00180	0.09391	0.00527	0.00299	0.00793
16	0.00679	0.00555	0.00594	0.00597	0.00759	0.00476	0.00439	0.00829	0.01275	0.01579	0.15380	0.10683	0.58774	0.04007	0.00730	0.00200	0.00289	0.01163	0.00522	0.00470
17	0.01317	0.01249	0.09330	0.09151	0.05279	0.02327	0.01023	0.22820	0.09213	0.02122	0.01732	0.17672	0.01648	0.09871	0.02526	0.00240	0.00588	0.00754	0.00434	0.00704
18	0.01241	0.01233	0.05175	0.09538	0.48632	0.01191	0.03943	0.01628	0.04490	0.01760	0.01416	0.04264	0.01299	0.00693	0.00587	0.00183	0.00641	0.10979	0.00323	0.00783
19	0.09531	0.05024	0.05554	0.00978	0.01251	0.01034	0.01863	0.04033	0.24789	0.05171	0.02231	0.28023	0.04039	0.01028	0.00576	0.00190	0.00437	0.00882	0.00482	0.02883
20	0.01586	0.26943	0.16752	0.01371	0.06263	0.22057	0.01229	0.08866	0.03473	0.01711	0.04200	0.01215	0.00962	0.00565	0.00476	0.00148	0.00731	0.00405	0.00307	0.00742

[dist]
# distance from previous block
# <min> <max>
1	8

[block]
# block no. 2 follows, 43 sequences, length 38
# corresponding to MSA columns:
# 116-153
name=unknown_C
#
# <colnr> <probs for GDERKNQSTAVLIFYWHMCP>
#	G	D	E	R	K	N	Q	S	T	A	V	L	I	F	Y	W	H	M	C	P
0	0.01110	0.01029	0.02954	0.16891	0.18927	0.01043	0.05340	0.03188	0.10541	0.01838	0.12765	0.06555	0.07802	0.00803	0.00590	0.00179	0.00543	0.03172	0.00401	0.04329
1	0.00720	0.00550	0.00661	0.00662	0.00795	0.00491	0.00485	0.00910	0.01374	0.01829	0.39200	0.17442	0.30215	0.01330	0.00663	0.00187	0.00278	0.01158	0.00560	0.00491
2	0.01095	0.01068	0.06132	0.10541	0.01791	0.01027	0.13405	0.10818	0.04123	0.01795	0.02019	0.33349	0.03604	0.01079	0.00708	0.00202	0.05225	0.00972	0.00417	0.00631
3	0.00659	0.00543	0.00580	0.00610	0.00761	0.00463	0.00443	0.00789	0.01215	0.01477	0.05013	0.22819	0.59753	0.01480	0.00667	0.00196	0.00290	0.01264	0.00514	0.00463
4	0.01382	0.01214	0.11333	0.02996	0.04393	0.01026	0.05374	0.02070	0.22665	0.16374	0.16010	0.02574	0.03731	0.00815	0.00594	0.00184	0.00507	0.05476	0.00513	0.00769
5	0.46935	0.01012	0.01030	0.00846	0.01228	0.01046	0.00698	0.02118	0.01237	0.36802	0.01418	0.01351	0.00953	0.00593	0.00441	0.00171	0.00448	0.00418	0.00500	0.00757
6	0.01615	0.01123	0.01293	0.01065	0.01337	0.01231	0.00841	0.44535	0.01847	0.02484	0.01237	0.01531	0.00998	0.01435	0.09783	0.25361	0.00669	0.00504	0.00431	0.00681
7	0.01768	0.43982	0.02312	0.01119	0.01559	0.11581	0.00999	0.26839	0.01686	0.02056	0.00972	0.01053	0.00790	0.00551	0.00441	0.00138	0.00649	0.00373	0.00351	0.00781
8	0.84448	0.01071	0.00814	0.00728	0.01071	0.01242	0.00600	0.01628	0.00943	0.02485	0.00771	0.00900	0.00600	0.00514	0.00343	0.00171	0.00428	0.00300	0.00343	0.00600
9	0.00763	0.00561	0.00714	0.00685	0.00817	0.00512	0.00510	0.01001	0.01504	0.02092	0.64408	0.08334	0.13644	0.01196	0.00656	0.00178	0.00267	0.01052	0.00593	0.00512
10	0.02187	0.01274	0.01464	0.01129	0.01550	0.01324	0.00930	0.44830	0.02155	0.30423	0.01667	0.01571	0.01124	0.00671	0.00546	0.00166	0.00540	0.00521	0.05007	0.00920
11	0.01778	0.00786	0.01059	0.00866	0.01170	0.00693	0.00693	0.02012	0.01578	0.46217	0.33167	0.02820	0.02972	0.00871	0.00597	0.00173	0.00384	0.00742	0.00654	0.00768
12	0.01554	0.00842	0.00957	0.00830	0.01100	0.00862	0.00654	0.03926	0.21662	0.23022	0.02021	0.01998	0.01468	0.00686	0.00486	0.00158	0.00375	0.00557	0.36101	0.00742
13	0.01371	0.01316	0.02248	0.03399	0.77081	0.01316	0.01700	0.01700	0.01261	0.01809	0.01042	0.01371	0.00877	0.00493	0.00548	0.00164	0.00658	0.00493	0.00274	0.00877
14	0.43267	0.01006	0.01051	0.00857	0.01243	0.01027	0.00707	0.02166	0.01265	0.40158	0.01482	0.01395	0.00987	0.00600	0.00450	0.00171	0.00450	0.00429	0.00515	0.00772
15	0.00800	0.00535	0.00606	0.00611	0.00613	0.00533	0.00343	0.00804	0.00817	0.01089	0.01802	0.06987	0.02086	0.77074	0.02726	0.00523	0.00527	0.00839	0.00343	0.00341
16	0.01091	0.01042	0.01534	0.01330	0.01387	0.01383	0.04704	0.01252	0.00883	0.01341	0.00971	0.01512	0.00928	0.01891	0.24500	0.00432	0.52452	0.00525	0.00260	0.00580
17	0.01040	0.00959	0.01367	0.01224	0.01264	0.01286	0.00999	0.01192	0.00865	0.01314	0.01036	0.01606	0.00996	0.02271	0.33091	0.00507	0.47630	0.00529	0.00265	0.00560
18	0.00791	0.00593	0.00890	0.00890	0.00989	0.00692	0.00692	0.00989	0.00890	0.01286	0.01483	0.02176	0.01385	0.04154	0.78341	0.00890	0.01483	0.00593	0.00297	0.00494
19	0.00675	0.00482	0.00643	0.00771	0.00803	0.00450	0.00514	0.00771	0.01060	0.01414	0.03053	0.80175	0.03663	0.01735	0.00707	0.00225	0.00321	0.01574	0.00514	0.00450
20	0.01304	0.01262	0.02194	0.18035	0.58492	0.01304	0.06004	0.01649	0.01234	0.01731	0.01035	0.01399	0.00848	0.00504	0.00556	0.00170	0.00690	0.00503	0.00269	0.00819
21	0.00947	0.00828	0.01116	0.04889	0.01246	0.04320	0.00848	0.01129	0.00920	0.01299	0.01283	0.01930	0.01205	0.05206	0.53314	0.00680	0.17471	0.00561	0.00284	0.00526
22	0.03217	0.00628	0.00815	0.00772	0.00879	0.00651	0.00561	0.04270	0.01124	0.04768	0.20376	0.02829	0.02385	0.19247	0.22953	0.12212	0.00721	0.00712	0.00405	0.00473
23	0.00821	0.00500	0.00586	0.00655	0.00735	0.00478	0.00457	0.00987	0.01113	0.01687	0.02675	0.43932	0.06641	0.01267	0.00572	0.00183	0.00293	0.01116	0.34823	0.00478
24	0.16429	0.04530	0.03124	0.12683	0.07696	0.23909	0.06826	0.05287	0.01280	0.01738	0.00899	0.01159	0.00731	0.00596	0.00662	0.00173	0.10890	0.00421	0.00293	0.00672
25	0.01375	0.01029	0.01642	0.04951	0.39667	0.01012	0.02838	0.01672	0.01331	0.12431	0.11788	0.02034	0.01665	0.00654	0.00550	0.00165	0.00529	0.02216	0.11684	0.00768
26	0.01251	0.33501	0.01945	0.01080	0.01309	0.01614	0.00936	0.05707	0.01110	0.01463	0.01280	0.17323	0.01355	0.01001	0.03181	0.00203	0.24157	0.00636	0.00316	0.00633
27	0.00753	0.00560	0.00691	0.00667	0.00798	0.00509	0.00491	0.00968	0.01441	0.01973	0.54720	0.07750	0.19810	0.05494	0.00773	0.00199	0.00283	0.01051	0.00571	0.00498
28	0.01725	0.36040	0.04894	0.01040	0.01469	0.01608	0.00955	0.17077	0.01502	0.17404	0.01265	0.01340	0.00970	0.00973	0.09212	0.00228	0.00680	0.00429	0.00401	0.00786
29	0.00962	0.00481	0.00722	0.00722	0.00722	0.00481	0.00481	0.00722	0.00722	0.00962	0.00962	0.01684	0.00962	0.01924	0.02165	0.83886	0.00481	0.00481	0.00241	0.00241
30	0.01076	0.17780	0.17009	0.00971	0.01286	0.01153	0.00919	0.01456	0.10051	0.01435	0.01421	0.02201	0.01364	0.29263	0.10055	0.00373	0.00701	0.00573	0.00317	0.00596
31	0.35786	0.01442	0.01505	0.01838	0.28103	0.14848	0.01107	0.01739	0.01160	0.01981	0.00879	0.01102	0.00725	0.00543	0.00528	0.00168	0.05150	0.00389	0.00303	0.00706
32	0.01454	0.13239	0.01536	0.05289	0.01554	0.07641	0.00974	0.11559	0.22141	0.05054	0.01830	0.02608	0.01616	0.00858	0.00614	0.00187	0.03253	0.17404	0.00455	0.00735
33	0.01170	0.01211	0.02334	0.29182	0.06936	0.01303	0.33521	0.01546	0.01165	0.01576	0.01067	0.01514	0.00841	0.00835	0.06958	0.00246	0.07084	0.00570	0.00266	0.00676
34	0.00686	0.00529	0.00627	0.00672	0.00785	0.00470	0.00478	0.00830	0.01234	0.01593	0.17360	0.36018	0.33749	0.01491	0.00676	0.00200	0.00294	0.01306	0.00531	0.00470
35	0.01415	0.06378	0.39068	0.01572	0.04660	0.13991	0.08609	0.07034	0.03799	0.03665	0.03913	0.01334	0.00958	0.00568	0.00535	0.00167	0.00786	0.00460	0.00307	0.00782
36	0.00791	0.00586	0.00729	0.00807	0.00887	0.00575	0.00559	0.04593	0.06126	0.01581	0.03066	0.66677	0.07723	0.01597	0.00687	0.00217	0.00341	0.01434	0.00519	0.00503
37	0.01262	0.01184	0.04154	0.01000	0.01436	0.05452	0.04747	0.09163	0.01313	0.01890	0.01196	0.06544	0.01071	0.04498	0.00587	0.00136	0.00510	0.00475	0.00356	0.53029

[dist]
# distance from previous block
# <min> <max>
0	3

[block]
# block no. 3 follows, 43 sequences, length 12
# corresponding to MSA columns:
# 157-168
name=unknown_D
#
# <colnr> <probs for GDERKNQSTAVLIFYWHMCP>
#	G	D	E	R	K	N	Q	S	T	A	V	L	I	F	Y	W	H	M	C	P
0	0.06270	0.12465	0.09472	0.00964	0.01265	0.01024	0.02760	0.05602	0.05446	0.05976	0.04790	0.23764	0.06568	0.01068	0.00688	0.06788	0.00478	0.00817	0.00418	0.03374
1	0.01112	0.07413	0.19457	0.06123	0.02040	0.01165	0.21353	0.01578	0.05845	0.01731	0.06544	0.02174	0.13548	0.00694	0.00573	0.00171	0.00652	0.00641	0.00344	0.06842
2	0.00745	0.00539	0.00693	0.00760	0.00832	0.00497	0.00520	0.00858	0.01077	0.01462	0.07625	0.55289	0.03316	0.12278	0.00972	0.00255	0.00363	0.05048	0.00483	0.06391
3	0.01190	0.01031	0.01280	0.00995	0.04703	0.00813	0.03131	0.03485	0.01199	0.01851	0.01001	0.01174	0.00827	0.00423	0.00428	0.00091	0.00444	0.00351	0.00331	0.75252
4	0.01763	0.02009	0.08271	0.01244	0.01597	0.41794	0.01023	0.07438	0.01517	0.08362	0.01396	0.08069	0.03839	0.00699	0.00526	0.00153	0.00766	0.00521	0.00368	0.08643
5	0.01121	0.00644	0.00831	0.00739	0.00939	0.00576	0.00570	0.01357	0.01532	0.17781	0.52177	0.03821	0.13574	0.01074	0.00633	0.00175	0.00307	0.00930	0.00613	0.00603
6	0.01658	0.07543	0.01657	0.01366	0.04713	0.25601	0.05539	0.12035	0.25832	0.02000	0.01636	0.01651	0.05006	0.00668	0.00536	0.00165	0.00680	0.00524	0.00419	0.00770
7	0.00785	0.00638	0.00795	0.00762	0.00879	0.00657	0.00578	0.00957	0.01241	0.01666	0.27236	0.10318	0.28507	0.05059	0.07543	0.00269	0.10129	0.00999	0.00485	0.00497
8	0.02980	0.01854	0.26710	0.06876	0.05856	0.04685	0.01371	0.23763	0.09663	0.02290	0.03623	0.01545	0.01095	0.04479	0.00652	0.00190	0.00671	0.00503	0.00389	0.00806
9	0.01480	0.01108	0.01280	0.06531	0.01529	0.01193	0.00908	0.38892	0.01993	0.02663	0.15777	0.02933	0.09107	0.00936	0.00612	0.00184	0.00510	0.11097	0.00533	0.00736
10	0.01313	0.01392	0.08332	0.02046	0.25108	0.01303	0.14264	0.04219	0.26255	0.01996	0.01774	0.01875	0.06283	0.00644	0.00577	0.00179	0.00620	0.00605	0.00393	0.00823
11	0.02181	0.01246	0.01440	0.01112	0.01528	0.01287	0.00916	0.42200	0.02113	0.32071	0.01693	0.01594	0.01140	0.00672	0.00544	0.00166	0.00533	0.00522	0.06128	0.00914

[dist]
# distance from previous block
# <min> <max>
0	1

[block]
# block no. 4 follows, 43 sequences, length 229
# corresponding to MSA columns:
# 170-346,348-399
name=unknown_E
#
# <colnr> <probs for GDERKNQSTAVLIFYWHMCP>
#	G	D	E	R	K	N	Q	S	T	A	V	L	I	F	Y	W	H	M	C	P
0	0.02088	0.01543	0.01652	0.01271	0.01711	0.01709	0.01048	0.73496	0.04371	0.03462	0.01352	0.01347	0.00960	0.00667	0.00554	0.00167	0.00605	0.00502	0.00554	0.00940
1	0.01601	0.06003	0.04116	0.06030	0.04362	0.02991	0.03736	0.28819	0.03511	0.05351	0.01181	0.01303	0.00897	0.00587	0.00543	0.02269	0.00574	0.00441	0.00411	0.25274
2	0.00709	0.00551	0.00593	0.00596	0.00718	0.00491	0.00411	0.00819	0.01151	0.01438	0.10655	0.08746	0.45739	0.23503	0.01262	0.00286	0.00353	0.01074	0.00473	0.00435
3	0.00698	0.00560	0.00623	0.00618	0.00781	0.00486	0.00463	0.00874	0.01344	0.01709	0.26480	0.08282	0.51248	0.01339	0.00658	0.00186	0.00280	0.02344	0.00542	0.00484
4	0.00791	0.00593	0.00890	0.00890	0.00989	0.00692	0.00692	0.00989	0.00890	0.01286	0.01483	0.02176	0.01385	0.04154	0.78341	0.00890	0.01483	0.00593	0.00297	0.00494
5	0.00896	0.00748	0.01091	0.01031	0.01105	0.00943	0.00822	0.01075	0.00880	0.01297	0.01295	0.01935	0.01220	0.03359	0.59235	0.00728	0.20968	0.00566	0.00283	0.00522
6	0.01307	0.01494	0.03268	0.02334	0.02894	0.01401	0.75070	0.01774	0.01307	0.01774	0.01120	0.01494	0.00840	0.00467	0.00654	0.00187	0.00934	0.00654	0.00280	0.00747
7	0.02069	0.02640	0.01569	0.01427	0.01712	0.78313	0.01070	0.02212	0.01569	0.01355	0.00856	0.00999	0.00713	0.00571	0.00499	0.00143	0.00999	0.00357	0.00285	0.00642
8	0.00796	0.00580	0.00754	0.00701	0.00843	0.00530	0.00527	0.01057	0.01554	0.02207	0.74307	0.04039	0.05081	0.01109	0.00645	0.00171	0.00266	0.00980	0.00600	0.03253
9	0.01032	0.00516	0.00516	0.00516	0.00645	0.00516	0.00387	0.01290	0.01161	0.02065	0.01807	0.02065	0.01420	0.00645	0.00387	0.00129	0.00258	0.00516	0.83611	0.00516
10	0.01415	0.01157	0.01237	0.01106	0.01419	0.01321	0.00862	0.02868	0.69830	0.06158	0.04691	0.02125	0.01790	0.00760	0.00566	0.00187	0.00434	0.00635	0.00571	0.00868
11	0.00988	0.00558	0.00824	0.00798	0.00798	0.00609	0.00558	0.00786	0.00735	0.01001	0.00937	0.01634	0.00937	0.01824	0.02128	0.75107	0.08778	0.00481	0.00241	0.00279
12	0.09725	0.01507	0.01584	0.01224	0.01658	0.01674	0.01011	0.68424	0.02450	0.03397	0.01278	0.01290	0.00910	0.00651	0.00534	0.00167	0.00593	0.00480	0.00534	0.00910
13	0.00791	0.00593	0.00890	0.00890	0.00989	0.00692	0.00692	0.00989	0.00890	0.01286	0.01483	0.02176	0.01385	0.04154	0.78341	0.00890	0.01483	0.00593	0.00297	0.00494
14	0.02105	0.01551	0.01662	0.01274	0.01717	0.01717	0.01053	0.75235	0.02604	0.03490	0.01330	0.01330	0.00942	0.00665	0.00554	0.00166	0.00609	0.00499	0.00554	0.00942
15	0.00803	0.00547	0.00655	0.00655	0.00673	0.00565	0.00399	0.00838	0.00820	0.01112	0.01698	0.03366	0.01901	0.66916	0.16286	0.00600	0.00706	0.00768	0.00329	0.00364
16	0.01823	0.01025	0.01231	0.01006	0.01350	0.01034	0.00809	0.15759	0.17112	0.32280	0.17984	0.02301	0.02181	0.00791	0.00578	0.00174	0.00445	0.00655	0.00620	0.00839
17	0.01015	0.00504	0.00737	0.00725	0.00742	0.00499	0.00485	0.00810	0.00763	0.04165	0.01066	0.01824	0.01050	0.07204	0.02142	0.74737	0.00484	0.00506	0.00266	0.00276
18	0.00962	0.00481	0.00722	0.00722	0.00722	0.00481	0.00481	0.00722	0.00722	0.00962	0.00962	0.01684	0.00962	0.01924	0.02165	0.83886	0.00481	0.00481	0.00241	0.00241
19	0.15336	0.04729	0.01636	0.04636	0.04355	0.07963	0.07369	0.28402	0.14215	0.02526	0.01366	0.01433	0.02382	0.00625	0.00518	0.00170	0.00612	0.00492	0.00438	0.00798
20	0.00856	0.00513	0.00651	0.00657	0.00669	0.00506	0.00408	0.00769	0.00807	0.01066	0.01696	0.06090	0.05894	0.40473	0.02340	0.34767	0.00490	0.00724	0.00314	0.00309
21	0.03585	0.07249	0.21045	0.01312	0.04843	0.04086	0.04451	0.09651	0.08674	0.10971	0.01396	0.06030	0.01108	0.00630	0.00519	0.00159	0.00609	0.00516	0.00392	0.12773
22	0.01304	0.05099	0.18582	0.01981	0.05576	0.04931	0.42292	0.01863	0.07687	0.01773	0.01250	0.01498	0.02392	0.00529	0.00595	0.00179	0.00831	0.00575	0.00298	0.00767
23	0.00962	0.00481	0.00722	0.00722	0.00722	0.00481	0.00481	0.00722	0.00722	0.00962	0.00962	0.01684	0.00962	0.01924	0.02165	0.83886	0.00481	0.00481	0.00241	0.00241
24	0.01010	0.00945	0.01559	0.71928	0.03531	0.01160	0.01435	0.01358	0.01122	0.01423	0.01412	0.01833	0.07782	0.00632	0.00563	0.00185	0.00696	0.00555	0.00271	0.00602
25	0.01167	0.01205	0.07006	0.55063	0.12538	0.01260	0.07338	0.03234	0.01191	0.03251	0.01037	0.01450	0.00780	0.00543	0.00559	0.00181	0.00740	0.00501	0.00268	0.00686
26	0.01212	0.01212	0.01696	0.01454	0.01454	0.01696	0.01212	0.01333	0.00848	0.01333	0.00727	0.01212	0.00727	0.00969	0.01818	0.00242	0.79523	0.00485	0.00242	0.00606
27	0.00658	0.00546	0.00576	0.00601	0.00759	0.00464	0.00438	0.00790	0.01224	0.01481	0.05127	0.19476	0.63022	0.01465	0.00664	0.00194	0.00288	0.01246	0.00514	0.00464
28	0.01481	0.80869	0.02902	0.00948	0.01421	0.02191	0.00948	0.01658	0.01125	0.01303	0.00770	0.00888	0.00711	0.00474	0.00355	0.00118	0.00592	0.00296	0.00237	0.00711
29	0.00957	0.00483	0.00717	0.00717	0.00717	0.00483	0.00476	0.00724	0.00724	0.00966	0.00989	0.01751	0.00999	0.04667	0.02187	0.80978	0.00483	0.00492	0.00244	0.00244
30	0.00867	0.00629	0.00858	0.00972	0.01106	0.00620	0.00843	0.01110	0.01274	0.01640	0.03213	0.06151	0.10920	0.01517	0.00753	0.00248	0.00486	0.65777	0.00510	0.00506
31	0.02453	0.00935	0.01275	0.00980	0.01403	0.00809	0.00809	0.02668	0.01585	0.76049	0.03589	0.01927	0.01443	0.00694	0.00559	0.00171	0.00467	0.00565	0.00684	0.00935
32	0.00755	0.00539	0.00735	0.00863	0.00931	0.00519	0.00654	0.00910	0.01140	0.01504	0.03008	0.52827	0.03487	0.01659	0.00728	0.00236	0.00391	0.28127	0.00513	0.00472
33	0.01161	0.01059	0.01732	0.01473	0.01768	0.04202	0.24511	0.06728	0.01393	0.01814	0.02154	0.04162	0.02176	0.01089	0.00703	0.00222	0.00672	0.41927	0.00431	0.00622
34	0.84448	0.01071	0.00814	0.00728	0.01071	0.01242	0.00600	0.01628	0.00943	0.02485	0.00771	0.00900	0.00600	0.00514	0.00343	0.00171	0.00428	0.00300	0.00343	0.00600
35	0.00672	0.00562	0.00585	0.00579	0.00759	0.00475	0.00434	0.00828	0.01303	0.01592	0.14991	0.05173	0.67416	0.01367	0.00654	0.00185	0.00278	0.01147	0.00527	0.00475
36	0.01737	0.01542	0.01443	0.01225	0.01579	0.13589	0.00968	0.27753	0.39034	0.02570	0.01716	0.01645	0.01279	0.00693	0.00550	0.00173	0.00585	0.00540	0.00517	0.00862
37	0.00681	0.00486	0.00650	0.00778	0.00813	0.00455	0.00525	0.00782	0.01066	0.01421	0.03049	0.78134	0.03650	0.01729	0.00708	0.00226	0.00327	0.03556	0.00514	0.00452
38	0.01644	0.01297	0.01389	0.01158	0.01513	0.01459	0.00925	0.33775	0.38964	0.02812	0.07494	0.01907	0.01637	0.00743	0.00566	0.00178	0.00498	0.00600	0.00563	0.00878
39	0.00665	0.00520	0.00604	0.00671	0.00777	0.00458	0.00470	0.00782	0.01157	0.01453	0.04271	0.44509	0.38542	0.01577	0.00682	0.00207	0.00302	0.01381	0.00514	0.00458
40	0.02485	0.00943	0.01285	0.00985	0.01414	0.00814	0.00814	0.02699	0.01585	0.77465	0.02185	0.01885	0.01371	0.00685	0.00557	0.00171	0.00471	0.00557	0.00685	0.00943
41	0.01148	0.00984	0.01148	0.00820	0.01312	0.00738	0.00656	0.01395	0.01148	0.01805	0.00984	0.01148	0.00820	0.00410	0.00410	0.00082	0.00410	0.00328	0.00328	0.83922
42	0.00982	0.00854	0.00793	0.00748	0.00872	0.10309	0.00519	0.04116	0.01252	0.01571	0.20460	0.03669	0.17738	0.32080	0.01475	0.00314	0.00480	0.00857	0.00440	0.00471
43	0.01307	0.01494	0.03268	0.02334	0.02894	0.01401	0.75070	0.01774	0.01307	0.01774	0.01120	0.01494	0.00840	0.00467	0.00654	0.00187	0.00934	0.00654	0.00280	0.00747
44	0.01111	0.02865	0.77667	0.01579	0.02397	0.01286	0.02046	0.01754	0.01169	0.01754	0.00994	0.01169	0.00702	0.00526	0.00526	0.00175	0.00818	0.00409	0.00234	0.00818
45	0.01709	0.36908	0.02239	0.01147	0.01570	0.01554	0.09554	0.01975	0.03714	0.24299	0.01322	0.01382	0.00994	0.00769	0.04775	0.00192	0.04281	0.00452	0.00391	0.00773
46	0.00681	0.00537	0.00614	0.00648	0.00778	0.00470	0.00466	0.00825	0.01245	0.01580	0.15629	0.28809	0.42823	0.01467	0.00671	0.00197	0.00290	0.01272	0.00529	0.00470
47	0.00962	0.00481	0.00722	0.00722	0.00722	0.00481	0.00481	0.00722	0.00722	0.00962	0.00962	0.01684	0.00962	0.01924	0.02165	0.83886	0.00481	0.00481	0.00241	0.00241
48	0.01418	0.01201	0.01574	0.01297	0.01598	0.06707	0.13411	0.02150	0.28103	0.10842	0.11041	0.02057	0.01769	0.00973	0.05800	0.00232	0.07971	0.00635	0.00468	0.00751
49	0.04716	0.12448	0.51605	0.01570	0.03701	0.02995	0.10257	0.01768	0.01190	0.03403	0.00995	0.01176	0.00733	0.00516	0.00512	0.00168	0.00780	0.00422	0.00256	0.00788
50	0.00778	0.00591	0.00721	0.00695	0.00840	0.00549	0.00518	0.01068	0.05277	0.02011	0.52263	0.09720	0.20479	0.01214	0.00653	0.00181	0.00279	0.01060	0.00580	0.00524
51	0.00793	0.00588	0.00863	0.00863	0.00953	0.00678	0.00659	0.00972	0.00882	0.01266	0.01508	0.02311	0.01443	0.11304	0.71272	0.00857	0.01395	0.00613	0.00300	0.00480
52	0.03435	0.00967	0.01248	0.11845	0.04431	0.01066	0.04063	0.06321	0.27854	0.02003	0.09577	0.20688	0.02243	0.00963	0.00602	0.00192	0.00473	0.00851	0.00483	0.00694
53	0.01275	0.11184	0.54885	0.01577	0.04065	0.01401	0.07756	0.05566	0.01267	0.04518	0.01041	0.01204	0.00755	0.00528	0.00521	0.00169	0.00776	0.00429	0.00272	0.00813
54	0.00814	0.00603	0.00847	0.00915	0.01008	0.00644	0.00721	0.01035	0.02967	0.01464	0.02369	0.24557	0.02563	0.02534	0.29672	0.00482	0.02205	0.23673	0.00428	0.00499
55	0.62505	0.02942	0.01040	0.00905	0.01236	0.20347	0.00723	0.01773	0.01101	0.02183	0.00792	0.00924	0.00630	0.00527	0.00382	0.00163	0.00573	0.00314	0.00327	0.00612
56	0.00688	0.00497	0.00655	0.00777	0.00824	0.00463	0.00535	0.00798	0.01085	0.01435	0.03177	0.71290	0.07416	0.01704	0.00708	0.00225	0.00332	0.06422	0.00514	0.00455
57	0.01700	0.01419	0.01441	0.02732	0.01613	0.06329	0.00971	0.31273	0.41073	0.02700	0.01778	0.01698	0.01317	0.00702	0.00556	0.00176	0.00547	0.00557	0.00536	0.00882
58	0.03305	0.02991	0.12233	0.14224	0.12608	0.01233	0.20061	0.04163	0.01262	0.07183	0.01270	0.06246	0.01055	0.00629	0.00618	0.00179	0.03584	0.02002	0.00326	0.04827
59	0.01544	0.14292	0.18545	0.01478	0.06292	0.03103	0.10363	0.05827	0.05410	0.14748	0.01243	0.01355	0.00921	0.00585	0.00620	0.00166	0.06914	0.00468	0.00362	0.05766
60	0.01191	0.11686	0.54933	0.01648	0.02377	0.01413	0.15690	0.01747	0.01190	0.01705	0.00992	0.01198	0.00729	0.00509	0.00530	0.00171	0.00814	0.00442	0.00243	0.00792
61	0.00655	0.00561	0.00561	0.00561	0.00748	0.00468	0.00421	0.00795	0.01262	0.01496	0.05610	0.05330	0.76857	0.01403	0.00655	0.00187	0.00281	0.01169	0.00514	0.00468
62	0.01489	0.53855	0.17233	0.01112	0.01632	0.07125	0.01161	0.01808	0.03968	0.04791	0.00937	0.01038	0.00775	0.00510	0.00415	0.00136	0.00653	0.00346	0.00272	0.00743
63	0.03609	0.27530	0.25261	0.01270	0.01831	0.06030	0.06507	0.01954	0.01273	0.18057	0.01176	0.01240	0.00858	0.00542	0.00481	0.00155	0.00679	0.00416	0.00342	0.00790
64	0.01212	0.01212	0.01696	0.01454	0.01454	0.01696	0.01212	0.01333	0.00848	0.01333	0.00727	0.01212	0.00727	0.00969	0.01818	0.00242	0.79523	0.00485	0.00242	0.00606
65	0.00725	0.00510	0.00640	0.00724	0.00758	0.00487	0.00475	0.00802	0.01002	0.01326	0.02755	0.49969	0.06194	0.25694	0.01350	0.00320	0.00395	0.04996	0.00460	0.00419
66	0.04335	0.01094	0.01358	0.01051	0.01475	0.01053	0.00866	0.19137	0.04883	0.55763	0.01960	0.01743	0.01268	0.00679	0.00551	0.00171	0.00500	0.00540	0.00642	0.00931
67	0.84448	0.01071	0.00814	0.00728	0.01071	0.01242	0.00600	0.01628	0.00943	0.02485	0.00771	0.00900	0.00600	0.00514	0.00343	0.00171	0.00428	0.00300	0.00343	0.00600
68	0.01258	0.00952	0.01135	0.00829	0.01290	0.00731	0.00663	0.01502	0.01221	0.09444	0.06247	0.01425	0.01175	0.00487	0.00441	0.00097	0.00406	0.00397	0.00383	0.69918
69	0.32911	0.00990	0.01110	0.00890	0.01287	0.00973	0.00734	0.02301	0.01347	0.49631	0.01660	0.01519	0.01085	0.00622	0.00477	0.00171	0.00455	0.00462	0.00558	0.00815
70	0.00805	0.00537	0.00604	0.00604	0.00604	0.00537	0.00336	0.00805	0.00805	0.01074	0.01745	0.03624	0.02013	0.80536	0.02819	0.00537	0.00537	0.00805	0.00336	0.00336
71	0.01026	0.00985	0.01876	0.01449	0.01720	0.00936	0.35897	0.01261	0.01078	0.01452	0.01624	0.12892	0.01677	0.31879	0.01506	0.00329	0.00697	0.00836	0.00333	0.00547
72	0.02361	0.00946	0.01273	0.00970	0.01404	0.00807	0.00799	0.02578	0.01545	0.70464	0.02074	0.01817	0.01320	0.00660	0.00543	0.00163	0.00466	0.00536	0.00652	0.08621
73	0.00962	0.00481	0.00722	0.00722	0.00722	0.00481	0.00481	0.00722	0.00722	0.00962	0.00962	0.01684	0.00962	0.01924	0.02165	0.83886	0.00481	0.00481	0.00241	0.00241
74	0.01249	0.01400	0.03025	0.02190	0.02701	0.01313	0.68171	0.01681	0.01284	0.01741	0.01299	0.08774	0.01102	0.00584	0.00659	0.00190	0.00877	0.00739	0.00302	0.00719
75	0.01046	0.00984	0.01661	0.79205	0.03814	0.01230	0.01538	0.01415	0.01107	0.01415	0.00984	0.01477	0.00738	0.00554	0.00554	0.00185	0.00738	0.00492	0.00246	0.00615
76	0.00892	0.00637	0.00892	0.01020	0.01147	0.00637	0.00892	0.01147	0.01275	0.01657	0.02932	0.06247	0.03187	0.01530	0.00765	0.00255	0.00510	0.73354	0.00510	0.00510
77	0.84448	0.01071	0.00814	0.00728	0.01071	0.01242	0.00600	0.01628	0.00943	0.02485	0.00771	0.00900	0.00600	0.00514	0.00343	0.00171	0.00428	0.00300	0.00343	0.00600
78	0.02069	0.02640	0.01569	0.01427	0.01712	0.78313	0.01070	0.02212	0.01569	0.01355	0.00856	0.00999	0.00713	0.00571	0.00499	0.00143	0.00999	0.00357	0.00285	0.00642
79	0.00666	0.00561	0.00579	0.00587	0.00765	0.00474	0.00442	0.00812	0.01263	0.01516	0.07078	0.07785	0.70262	0.01412	0.00660	0.00190	0.00289	0.03671	0.00516	0.00470
80	0.01052	0.00992	0.01662	0.76520	0.03733	0.01247	0.01527	0.01412	0.01098	0.01412	0.00975	0.01467	0.00738	0.00568	0.00597	0.00187	0.03459	0.00492	0.00246	0.00615
81	0.81752	0.01087	0.00842	0.00746	0.01092	0.01258	0.00615	0.04038	0.00997	0.02518	0.00789	0.00914	0.00611	0.00519	0.00350	0.00171	0.00434	0.00306	0.00350	0.00611
82	0.00955	0.00485	0.00722	0.00720	0.00726	0.00483	0.00483	0.00735	0.00757	0.01015	0.04129	0.01786	0.01140	0.01891	0.02101	0.80390	0.00472	0.00503	0.00256	0.00252
83	0.54504	0.01024	0.00986	0.00822	0.01196	0.01086	0.00678	0.02019	0.01177	0.29878	0.01288	0.01260	0.00882	0.00577	0.00421	0.00171	0.00444	0.00394	0.00468	0.00725
84	0.84448	0.01071	0.00814	0.00728	0.01071	0.01242	0.00600	0.01628	0.00943	0.02485	0.00771	0.00900	0.00600	0.00514	0.00343	0.00171	0.00428	0.00300	0.00343	0.00600
85	0.01172	0.01019	0.01264	0.01091	0.09266	0.00799	0.00766	0.01427	0.01160	0.01805	0.00990	0.01172	0.00826	0.00419	0.00425	0.00091	0.00436	0.00345	0.00322	0.75205
86	0.00688	0.00501	0.00652	0.00767	0.00822	0.00465	0.00531	0.00800	0.01096	0.01439	0.03301	0.67472	0.10993	0.01687	0.00706	0.00223	0.00330	0.06557	0.00514	0.00456
87	0.01382	0.01188	0.01454	0.01405	0.12759	0.01194	0.02422	0.10524	0.29917	0.02194	0.01520	0.01559	0.01175	0.00583	0.00511	0.00146	0.00491	0.00493	0.00435	0.28648
88	0.01635	0.01316	0.06807	0.01332	0.07480	0.01098	0.03445	0.08643	0.03250	0.15183	0.01388	0.01540	0.01071	0.00633	0.00621	0.00161	0.05070	0.00476	0.00446	0.38402
89	0.05192	0.01703	0.15017	0.02669	0.03033	0.10840	0.03818	0.22469	0.09908	0.14201	0.01478	0.04713	0.01112	0.00668	0.00545	0.00172	0.00649	0.00531	0.00455	0.00827
90	0.00870	0.00600	0.00789	0.00771	0.00789	0.00664	0.00523	0.00871	0.00820	0.01130	0.01504	0.06653	0.01645	0.39403	0.15220	0.17698	0.08654	0.00710	0.00309	0.00376
91	0.01224	0.01014	0.01551	0.37642	0.07781	0.01128	0.05725	0.05562	0.08817	0.07503	0.04336	0.02197	0.10517	0.00720	0.00580	0.00183	0.00611	0.01840	0.00382	0.00687
92	0.04761	0.03593	0.04717	0.30871	0.12178	0.08997	0.17410	0.01673	0.03264	0.01610	0.01015	0.01371	0.00793	0.00552	0.00621	0.00179	0.04927	0.00501	0.00273	0.00695
93	0.00780	0.00565	0.00758	0.04036	0.00927	0.00570	0.01928	0.00875	0.00962	0.01287	0.02250	0.32442	0.02582	0.33854	0.08535	0.00411	0.00555	0.05854	0.00406	0.00424
94	0.03294	0.01319	0.02425	0.01775	0.02262	0.01258	0.43009	0.11548	0.01526	0.20162	0.01477	0.04841	0.01094	0.00599	0.00614	0.00182	0.00745	0.00642	0.00424	0.00804
95	0.01313	0.01209	0.04982	0.08086	0.11192	0.04056	0.10367	0.12926	0.01424	0.05063	0.04175	0.15475	0.01704	0.00908	0.00724	0.00195	0.07647	0.07452	0.00404	0.00697
96	0.01007	0.05675	0.01034	0.01005	0.04963	0.06779	0.00709	0.01334	0.10611	0.03026	0.06816	0.37004	0.10945	0.01279	0.00635	0.00198	0.00429	0.05493	0.00482	0.00575
97	0.00675	0.00482	0.00643	0.00771	0.00803	0.00450	0.00514	0.00771	0.01060	0.01414	0.03053	0.80175	0.03663	0.01735	0.00707	0.00225	0.00321	0.01574	0.00514	0.00450
98	0.01307	0.01494	0.03268	0.02334	0.02894	0.01401	0.75070	0.01774	0.01307	0.01774	0.01120	0.01494	0.00840	0.00467	0.00654	0.00187	0.00934	0.00654	0.00280	0.00747
99	0.01323	0.01378	0.02501	0.05915	0.05650	0.06321	0.46110	0.03129	0.04828	0.03920	0.10364	0.03160	0.01463	0.00604	0.00626	0.00181	0.00783	0.00670	0.00352	0.00722
100	0.01167	0.01547	0.17628	0.31741	0.08786	0.04119	0.17293	0.01577	0.01175	0.01577	0.01080	0.03202	0.00869	0.03195	0.00675	0.00194	0.02679	0.00539	0.00263	0.00694
101	0.00783	0.00610	0.00668	0.00647	0.00831	0.00541	0.00493	0.03997	0.01373	0.03200	0.18171	0.07748	0.53931	0.01325	0.00654	0.00187	0.00304	0.03491	0.00537	0.00507
102	0.00707	0.00533	0.00654	0.00687	0.00796	0.00480	0.00491	0.00874	0.01294	0.01720	0.29609	0.32679	0.24595	0.01431	0.00674	0.00197	0.00289	0.01261	0.00548	0.00480
103	0.05729	0.03207	0.05731	0.06879	0.15882	0.01283	0.11666	0.10554	0.06733	0.15240	0.01382	0.02862	0.01048	0.00770	0.03876	0.00208	0.05208	0.00541	0.00403	0.00801
104	0.01914	0.01561	0.24861	0.08417	0.01950	0.01032	0.01269	0.04983	0.01451	0.44360	0.01675	0.01606	0.01090	0.00623	0.00547	0.00174	0.00608	0.00503	0.00501	0.00874
105	0.01076	0.01242	0.09686	0.01645	0.02037	0.01033	0.35624	0.01447	0.01256	0.01689	0.02015	0.11236	0.04967	0.00948	0.00678	0.00209	0.00710	0.21483	0.00375	0.00644
106	0.01153	0.01158	0.01652	0.71041	0.03594	0.09321	0.01489	0.01499	0.01156	0.01409	0.00971	0.01426	0.00736	0.00555	0.00548	0.00180	0.00766	0.00478	0.00250	0.00618
107	0.01564	0.15257	0.12785	0.21738	0.04401	0.20083	0.04107	0.01870	0.01299	0.10333	0.01065	0.01262	0.00804	0.00551	0.00507	0.00160	0.00762	0.00428	0.00306	0.00718
108	0.00690	0.00489	0.00638	0.00751	0.00779	0.00460	0.00493	0.00775	0.01030	0.01373	0.02895	0.70982	0.03465	0.11198	0.00961	0.00262	0.00347	0.01482	0.00493	0.00436
109	0.84448	0.01071	0.00814	0.00728	0.01071	0.01242	0.00600	0.01628	0.00943	0.02485	0.00771	0.00900	0.00600	0.00514	0.00343	0.00171	0.00428	0.00300	0.00343	0.00600
110	0.04351	0.00646	0.00846	0.00949	0.01093	0.00641	0.00819	0.01122	0.01259	0.01671	0.03188	0.05906	0.12584	0.01471	0.00733	0.00243	0.00477	0.60990	0.00504	0.00508
111	0.01805	0.01200	0.01461	0.09083	0.05590	0.01278	0.01013	0.34581	0.06312	0.17728	0.07335	0.02027	0.03554	0.00746	0.00574	0.00175	0.00548	0.03616	0.00537	0.00840
112	0.00760	0.00551	0.00716	0.00705	0.00820	0.00508	0.00517	0.00987	0.01466	0.02051	0.61065	0.17671	0.07609	0.01249	0.00663	0.00184	0.00273	0.01109	0.00589	0.00508
113	0.02485	0.00943	0.01285	0.00985	0.01414	0.00814	0.00814	0.02699	0.01585	0.77465	0.02185	0.01885	0.01371	0.00685	0.00557	0.00171	0.00471	0.00557	0.00685	0.00943
114	0.00678	0.00495	0.00639	0.00744	0.00798	0.00455	0.00504	0.00788	0.01108	0.01464	0.07104	0.68112	0.11736	0.01668	0.00698	0.00218	0.00314	0.01501	0.00519	0.00455
115	0.01180	0.01031	0.01303	0.00933	0.01429	0.00805	0.05712	0.03039	0.01191	0.01840	0.01001	0.01176	0.00824	0.00420	0.00430	0.00091	0.00450	0.00354	0.00330	0.76461
116	0.02451	0.00996	0.01319	0.01011	0.01441	0.00894	0.00835	0.09104	0.01675	0.70933	0.02109	0.01836	0.01333	0.00684	0.00557	0.00171	0.00483	0.00552	0.00674	0.00942
117	0.00805	0.00537	0.00604	0.00604	0.00604	0.00537	0.00336	0.00805	0.00805	0.01074	0.01745	0.03624	0.02013	0.80536	0.02819	0.00537	0.00537	0.00805	0.00336	0.00336
118	0.02348	0.09383	0.01487	0.01006	0.01440	0.01034	0.00848	0.08676	0.01622	0.63264	0.01965	0.01734	0.01266	0.00662	0.00536	0.00165	0.00496	0.00525	0.00627	0.00918
119	0.84448	0.01071	0.00814	0.00728	0.01071	0.01242	0.00600	0.01628	0.00943	0.02485	0.00771	0.00900	0.00600	0.00514	0.00343	0.00171	0.00428	0.00300	0.00343	0.00600
120	0.01176	0.01160	0.01629	0.01407	0.01415	0.01612	0.01168	0.01304	0.00852	0.01329	0.00790	0.01293	0.00782	0.01237	0.08238	0.00297	0.72975	0.00494	0.00247	0.00596
121	0.00730	0.00525	0.00692	0.00733	0.00816	0.00487	0.00518	0.00911	0.01319	0.01825	0.40648	0.41406	0.04460	0.01428	0.00680	0.00199	0.00291	0.01282	0.00563	0.00487
122	0.01148	0.00984	0.01148	0.00820	0.01312	0.00738	0.00656	0.01395	0.01148	0.01805	0.00984	0.01148	0.00820	0.00410	0.00410	0.00082	0.00410	0.00328	0.00328	0.83922
123	0.00905	0.00742	0.00978	0.16891	0.01519	0.00784	0.00768	0.01360	0.12232	0.01964	0.40106	0.03462	0.14138	0.00997	0.00620	0.00180	0.00388	0.00867	0.00514	0.00585
124	0.07180	0.01131	0.03172	0.01308	0.01741	0.01038	0.17491	0.02259	0.01406	0.46023	0.01686	0.01645	0.01124	0.00630	0.00644	0.00176	0.05938	0.00545	0.00519	0.04342
125	0.00803	0.00558	0.00716	0.00794	0.00847	0.00550	0.00578	0.00918	0.01037	0.01367	0.02500	0.24131	0.02851	0.32410	0.01552	0.00357	0.00472	0.26689	0.00443	0.00427
126	0.01413	0.01152	0.01883	0.30368	0.26041	0.01227	0.07116	0.04146	0.05515	0.11724	0.01254	0.01519	0.00935	0.00557	0.00557	0.00174	0.00664	0.00517	0.00345	0.02893
127	0.01307	0.01117	0.01656	0.45660	0.05686	0.03114	0.05127	0.04257	0.14047	0.07754	0.01311	0.01580	0.00970	0.00600	0.00579	0.00181	0.02021	0.00523	0.00351	0.02161
128	0.00674	0.00512	0.00621	0.00698	0.00787	0.00460	0.00484	0.00794	0.01154	0.01485	0.07940	0.51531	0.27675	0.01593	0.00687	0.00210	0.00305	0.01410	0.00519	0.00460
129	0.00901	0.00727	0.00897	0.00859	0.00907	0.03614	0.00618	0.00999	0.00872	0.01200	0.01474	0.02646	0.01550	0.37538	0.31551	0.00618	0.11614	0.00664	0.00306	0.00444
130	0.01148	0.00984	0.01148	0.00820	0.01312	0.00738	0.00656	0.01395	0.01148	0.01805	0.00984	0.01148	0.00820	0.00410	0.00410	0.00082	0.00410	0.00328	0.00328	0.83922
131	0.03593	0.06769	0.05036	0.01436	0.01772	0.63063	0.05173	0.02144	0.03395	0.01440	0.00906	0.01053	0.00742	0.00561	0.00500	0.00147	0.00939	0.00378	0.00288	0.00664
132	0.05337	0.00967	0.01123	0.00930	0.01247	0.02609	0.00743	0.12479	0.08427	0.29592	0.21490	0.02616	0.08337	0.00851	0.00579	0.00173	0.00428	0.00703	0.00598	0.00768
133	0.01730	0.01527	0.01558	0.01484	0.10381	0.11720	0.01061	0.28708	0.31034	0.02552	0.01595	0.01578	0.01197	0.00666	0.00550	0.00171	0.00600	0.00529	0.00489	0.00869
134	0.00790	0.00537	0.00639	0.00652	0.00666	0.00545	0.00393	0.00822	0.00841	0.01132	0.01852	0.11389	0.02116	0.64140	0.10750	0.00543	0.00617	0.00862	0.00350	0.00365
135	0.01565	0.01105	0.01220	0.01080	0.01392	0.03269	0.00869	0.10381	0.36853	0.15967	0.02380	0.02747	0.05604	0.00881	0.00596	0.00192	0.00482	0.12042	0.00566	0.00811
136	0.01443	0.04298	0.18010	0.01195	0.01662	0.16965	0.03513	0.08545	0.01424	0.05497	0.05194	0.04438	0.04284	0.00637	0.00514	0.00146	0.00649	0.00504	0.00362	0.20721
137	0.01122	0.00717	0.00902	0.00808	0.01008	0.00694	0.00626	0.03900	0.09418	0.12447	0.54605	0.03574	0.04143	0.01026	0.00630	0.00177	0.00326	0.02637	0.00611	0.00630
138	0.01433	0.14664	0.29576	0.01540	0.02139	0.01549	0.16610	0.16957	0.06567	0.02082	0.01139	0.01285	0.00848	0.00549	0.00533	0.00168	0.00737	0.00475	0.00332	0.00816
139	0.01047	0.00979	0.01566	0.44767	0.02766	0.02929	0.08946	0.01454	0.05095	0.01708	0.20854	0.02192	0.01969	0.00706	0.00589	0.00181	0.00625	0.00646	0.00362	0.00619
140	0.00962	0.00481	0.00722	0.00722	0.00722	0.00481	0.00481	0.00722	0.00722	0.00962	0.00962	0.01684	0.00962	0.01924	0.02165	0.83886	0.00481	0.00481	0.00241	0.00241
