[name]
unknown

[dist]
# distance from previous block
# <min> <max>
6	278

[block]
# block no. 0 follows, 43 sequences, length 7
# corresponding to MSA columns:
# 278-284
name=unknown_A
#
# <colnr> <probs for GDERKNQSTAVLIFYWHMCP>
#	G	D	E	R	K	N	Q	S	T	A	V	L	I	F	Y	W	H	M	C	P
0	0.01019	0.10509	0.01275	0.07225	0.01344	0.00899	0.05439	0.04373	0.01160	0.01601	0.01903	0.29435	0.02031	0.07841	0.00757	0.00204	0.00471	0.03029	0.07500	0.11985
1	0.01126	0.00928	0.01378	0.09806	0.20457	0.00932	0.03666	0.07626	0.01477	0.04386	0.27814	0.02927	0.13447	0.00872	0.00605	0.00174	0.00475	0.00775	0.00459	0.00671
2	0.01112	0.00790	0.00893	0.00815	0.00973	0.00825	0.00597	0.17512	0.03959	0.01869	0.05213	0.07863	0.10537	0.26933	0.05792	0.03352	0.00529	0.04138	0.05756	0.00544
3	0.00889	0.00757	0.01167	0.07909	0.10544	0.00756	0.06770	0.01150	0.05031	0.01567	0.06180	0.41256	0.07417	0.05035	0.00757	0.00219	0.00458	0.01136	0.00442	0.00561
4	0.11472	0.19564	0.08739	0.25685	0.08540	0.01470	0.01243	0.07886	0.01252	0.03662	0.00974	0.01215	0.00761	0.00528	0.00472	0.00158	0.00633	0.00410	0.00298	0.05039
5	0.08637	0.24831	0.05635	0.01087	0.01479	0.06133	0.04763	0.03849	0.05343	0.13359	0.02768	0.01421	0.01043	0.03496	0.03732	0.00195	0.05022	0.00445	0.00367	0.06393
6	0.00891	0.03553	0.11700	0.00793	0.00949	0.00727	0.00651	0.01065	0.03271	0.01316	0.06679	0.03274	0.02034	0.55593	0.02115	0.00425	0.00556	0.03605	0.00350	0.00453

[dist]
# distance from previous block
# <min> <max>
0	1

[block]
# block no. 1 follows, 43 sequences, length 14
# corresponding to MSA columns:
# 286-299
name=unknown_B
#
# <colnr> <probs for GDERKNQSTAVLIFYWHMCP>
#	G	D	E	R	K	N	Q	S	T	A	V	L	I	F	Y	W	H	M	C	P
0	0.04022	0.06016	0.07590	0.22522	0.31172	0.05766	0.01435	0.01670	0.01240	0.06547	0.03862	0.03568	0.01063	0.00585	0.00536	0.00169	0.00664	0.00512	0.00310	0.00751
1	0.01528	0.74604	0.02795	0.00986	0.01445	0.08288	0.00957	0.01703	0.01161	0.01307	0.00777	0.00897	0.00711	0.00482	0.00367	0.00120	0.00625	0.00301	0.00241	0.00705
2	0.00779	0.00528	0.00618	0.00641	0.00653	0.00519	0.00379	0.00811	0.00892	0.01196	0.05675	0.18433	0.02489	0.61427	0.02305	0.00459	0.00482	0.00964	0.00383	0.00367
3	0.01532	0.67027	0.07146	0.01023	0.01513	0.02083	0.01024	0.10256	0.01301	0.01585	0.00848	0.00956	0.00737	0.00499	0.00389	0.00127	0.00608	0.00326	0.00274	0.00744
4	0.00855	0.00570	0.00665	0.00651	0.00764	0.00558	0.00479	0.01050	0.01244	0.01828	0.25631	0.06607	0.14544	0.11535	0.00909	0.00218	0.03271	0.03051	0.25082	0.00487
5	0.01207	0.03379	0.07897	0.21928	0.24301	0.06449	0.01337	0.01511	0.01146	0.03581	0.01154	0.01623	0.00978	0.05151	0.15693	0.00327	0.00862	0.00508	0.00282	0.00685
6	0.01481	0.80869	0.02902	0.00948	0.01421	0.02191	0.00948	0.01658	0.01125	0.01303	0.00770	0.00888	0.00711	0.00474	0.00355	0.00118	0.00592	0.00296	0.00237	0.00711
7	0.00744	0.00560	0.00688	0.00665	0.00805	0.00504	0.00495	0.00964	0.01460	0.01986	0.54051	0.08481	0.24094	0.01236	0.00656	0.00180	0.00270	0.01076	0.00579	0.00504
8	0.01099	0.01316	0.14097	0.05814	0.11355	0.01058	0.20906	0.01413	0.01155	0.02947	0.03045	0.14792	0.03948	0.06718	0.00893	0.03682	0.04022	0.00757	0.00331	0.00651
9	0.01358	0.27131	0.10353	0.04203	0.01888	0.04098	0.15242	0.04669	0.01213	0.02953	0.01035	0.01403	0.00885	0.00714	0.03167	0.00187	0.10460	0.03326	0.00287	0.05428
10	0.01282	0.19720	0.16686	0.01172	0.05201	0.04548	0.01078	0.06268	0.04563	0.05186	0.03847	0.02150	0.09053	0.03648	0.06896	0.00234	0.00661	0.04233	0.02880	0.00694
11	0.00745	0.00540	0.00684	0.00761	0.00822	0.00519	0.00523	0.00918	0.04208	0.01510	0.10965	0.51098	0.06397	0.12366	0.00985	0.00261	0.00358	0.05376	0.00502	0.00464
12	0.03697	0.01225	0.13133	0.21706	0.07004	0.01055	0.07883	0.01343	0.01134	0.01579	0.01851	0.12741	0.10168	0.00915	0.02319	0.00204	0.05981	0.01977	0.00329	0.03757
13	0.05236	0.14458	0.10812	0.07311	0.07452	0.07424	0.08131	0.06903	0.03250	0.03176	0.01103	0.01380	0.02108	0.03585	0.00746	0.00180	0.10341	0.00464	0.00307	0.05634

[dist]
# distance from previous block
# <min> <max>
0	9

[block]
# block no. 2 follows, 43 sequences, length 11
# corresponding to MSA columns:
# 309-319
name=unknown_C
#
# <colnr> <probs for GDERKNQSTAVLIFYWHMCP>
#	G	D	E	R	K	N	Q	S	T	A	V	L	I	F	Y	W	H	M	C	P
0	0.00744	0.00524	0.00620	0.00660	0.00700	0.00499	0.00416	0.00808	0.00990	0.01307	0.07410	0.28978	0.11372	0.40498	0.01738	0.00371	0.00419	0.01112	0.00432	0.00400
1	0.01810	0.01556	0.01629	0.01558	0.12382	0.10783	0.01102	0.37435	0.21135	0.02693	0.01469	0.01485	0.01097	0.00651	0.00549	0.00169	0.00619	0.00514	0.00484	0.00880
2	0.01443	0.06880	0.08877	0.04552	0.31887	0.07791	0.06080	0.10710	0.04097	0.01923	0.01177	0.05028	0.00995	0.00586	0.00537	0.00162	0.00672	0.00518	0.00328	0.05759
3	0.04472	0.06718	0.25832	0.06558	0.08949	0.09844	0.01373	0.03984	0.09262	0.03927	0.01215	0.03534	0.00976	0.00813	0.05040	0.00211	0.03433	0.00479	0.00320	0.03059
4	0.01127	0.06216	0.59322	0.01456	0.02145	0.04145	0.04655	0.01656	0.01174	0.01666	0.01318	0.01558	0.05639	0.04812	0.00652	0.00192	0.00770	0.00481	0.00261	0.00756
5	0.00848	0.00662	0.02914	0.03110	0.03190	0.00600	0.02636	0.01031	0.01146	0.01623	0.12660	0.17311	0.12879	0.16775	0.02678	0.00266	0.00422	0.03165	0.15595	0.00491
6	0.01309	0.27544	0.07960	0.13151	0.07757	0.03762	0.09933	0.01601	0.01230	0.05554	0.05289	0.03441	0.05340	0.00654	0.00518	0.00162	0.00640	0.03137	0.00321	0.00696
7	0.01093	0.06057	0.35735	0.02626	0.04174	0.04672	0.01373	0.01465	0.01095	0.01549	0.01333	0.03829	0.04109	0.03847	0.12350	0.03152	0.06779	0.00522	0.03573	0.00666
8	0.00664	0.00552	0.00580	0.00592	0.00759	0.00468	0.00437	0.00806	0.01256	0.01526	0.09137	0.13817	0.64651	0.01426	0.00660	0.00191	0.00284	0.01206	0.00519	0.00468
9	0.01132	0.00996	0.04500	0.07843	0.03836	0.05137	0.04320	0.04116	0.09185	0.06270	0.08780	0.13923	0.13681	0.04874	0.00709	0.00202	0.00491	0.03616	0.05768	0.00621
10	0.01692	0.01653	0.04215	0.02135	0.26059	0.20453	0.15011	0.04558	0.01439	0.12875	0.01335	0.01497	0.03357	0.00572	0.00560	0.00165	0.00757	0.00518	0.00355	0.00791

[dist]
# distance from previous block
# <min> <max>
2	22

[block]
# block no. 3 follows, 43 sequences, length 13
# corresponding to MSA columns:
# 342-354
name=unknown_D
#
# <colnr> <probs for GDERKNQSTAVLIFYWHMCP>
#	G	D	E	R	K	N	Q	S	T	A	V	L	I	F	Y	W	H	M	C	P
0	0.01285	0.01449	0.21797	0.02689	0.01663	0.01040	0.07837	0.05199	0.12458	0.10977	0.04685	0.06909	0.01543	0.12079	0.02662	0.01810	0.00624	0.00648	0.01935	0.00711
1	0.03454	0.01169	0.02037	0.25035	0.11680	0.01203	0.21715	0.05791	0.01351	0.11591	0.05660	0.01644	0.01140	0.00574	0.00577	0.00176	0.00694	0.00565	0.00359	0.03586
2	0.00907	0.00698	0.00774	0.00754	0.00944	0.00679	0.00563	0.01358	0.17197	0.05125	0.11496	0.18461	0.36411	0.01267	0.00641	0.00192	0.00328	0.01085	0.00542	0.00578
3	0.01126	0.26521	0.08261	0.01009	0.01305	0.01269	0.03762	0.05831	0.01138	0.01495	0.01517	0.17511	0.01567	0.08633	0.14896	0.00331	0.02192	0.00695	0.00334	0.00608
4	0.01000	0.00884	0.01410	0.25610	0.08586	0.00986	0.06028	0.03739	0.01178	0.01585	0.05200	0.27667	0.02043	0.01040	0.00725	0.00203	0.06843	0.04298	0.00378	0.00594
5	0.00713	0.00518	0.00681	0.00798	0.00861	0.00486	0.00575	0.00842	0.01118	0.01466	0.03262	0.59878	0.10186	0.01668	0.00713	0.00227	0.00352	0.14682	0.00513	0.00462
6	0.00782	0.00535	0.00603	0.00614	0.00633	0.00524	0.00358	0.00802	0.00866	0.01139	0.02193	0.09938	0.08777	0.67182	0.02457	0.00481	0.00497	0.00900	0.00366	0.00356
7	0.01067	0.00717	0.04274	0.00790	0.00917	0.00638	0.00599	0.02739	0.05148	0.07259	0.01943	0.02734	0.10300	0.16708	0.01713	0.36696	0.00485	0.04477	0.00365	0.00432
8	0.01060	0.00784	0.00990	0.00985	0.04131	0.00826	0.00723	0.03914	0.12934	0.06649	0.17971	0.11503	0.11170	0.05160	0.09040	0.00285	0.05018	0.05750	0.00497	0.00611
9	0.00694	0.00494	0.00654	0.00763	0.00796	0.00472	0.00508	0.00787	0.01027	0.01375	0.02840	0.68572	0.03378	0.09095	0.05470	0.00293	0.00409	0.01446	0.00485	0.00442
10	0.00980	0.01362	0.20155	0.13660	0.05255	0.04728	0.04140	0.01301	0.01205	0.01597	0.08632	0.15663	0.13921	0.04125	0.00689	0.00200	0.00582	0.00820	0.00371	0.00613
11	0.01450	0.10375	0.06355	0.01259	0.04508	0.15374	0.06368	0.06523	0.03247	0.08336	0.05437	0.01879	0.04812	0.05702	0.11337	0.00283	0.03872	0.00552	0.01657	0.00675
12	0.01336	0.01331	0.02067	0.06334	0.49424	0.07032	0.07458	0.01644	0.01275	0.01742	0.05426	0.01748	0.01209	0.00616	0.00645	0.00175	0.05322	0.04132	0.00303	0.00782

[dist]
# distance from previous block
# <min> <max>
1	7

[block]
# block no. 4 follows, 43 sequences, length 11
# corresponding to MSA columns:
# 362-372
name=unknown_E
#
# <colnr> <probs for GDERKNQSTAVLIFYWHMCP>
#	G	D	E	R	K	N	Q	S	T	A	V	L	I	F	Y	W	H	M	C	P
0	0.01392	0.03953	0.17029	0.07156	0.16987	0.02790	0.15941	0.08433	0.01388	0.07281	0.05861	0.01605	0.02441	0.00608	0.00631	0.00176	0.04657	0.00547	0.00343	0.00781
1	0.01074	0.12330	0.03673	0.01093	0.05906	0.03381	0.05618	0.01574	0.17043	0.01718	0.06968	0.04733	0.30814	0.00958	0.00579	0.00174	0.00461	0.00808	0.00445	0.00650
2	0.00752	0.00563	0.00685	0.00656	0.00792	0.00510	0.00484	0.00965	0.01438	0.01958	0.53519	0.04406	0.23278	0.06612	0.00801	0.00202	0.00285	0.01031	0.00567	0.00496
3	0.01248	0.11173	0.03097	0.08646	0.15284	0.01196	0.07255	0.04818	0.07852	0.04857	0.02739	0.14620	0.02639	0.00817	0.00592	0.00177	0.02345	0.04012	0.02880	0.03753
4	0.01307	0.06875	0.04735	0.19128	0.20669	0.06475	0.06484	0.04943	0.01285	0.03195	0.02543	0.01563	0.04254	0.00676	0.02957	0.00180	0.00685	0.00500	0.00310	0.11234
5	0.00796	0.00533	0.00607	0.00616	0.00618	0.00531	0.00348	0.00803	0.00824	0.01098	0.01839	0.09138	0.02132	0.74860	0.02667	0.00514	0.00521	0.00861	0.00348	0.00344
6	0.00767	0.00563	0.00719	0.00768	0.00877	0.00527	0.00587	0.00953	0.01281	0.01702	0.24648	0.21782	0.16358	0.06296	0.00827	0.00231	0.00359	0.19743	0.00530	0.00482
7	0.04508	0.20499	0.30138	0.01606	0.13946	0.07949	0.01450	0.01746	0.01198	0.04956	0.01015	0.01212	0.00805	0.00766	0.05785	0.00206	0.00770	0.00407	0.00274	0.00763
8	0.06708	0.09206	0.13338	0.00973	0.01376	0.01005	0.03095	0.04983	0.01369	0.22251	0.06928	0.02268	0.12980	0.00755	0.00522	0.00165	0.00488	0.00609	0.10260	0.00722
9	0.02973	0.00537	0.00666	0.00727	0.00820	0.00499	0.00518	0.00876	0.01217	0.01652	0.20373	0.44887	0.16355	0.01499	0.00678	0.00207	0.00311	0.04199	0.00531	0.00476
10	0.01268	0.04478	0.04293	0.15521	0.08239	0.00982	0.03796	0.07212	0.01307	0.12886	0.04320	0.24507	0.01899	0.01153	0.05378	0.00231	0.00595	0.00835	0.00431	0.00670

[dist]
# distance from previous block
# <min> <max>
0	5

[block]
# block no. 5 follows, 43 sequences, length 13
# corresponding to MSA columns:
# 378-390
name=unknown_F
#
# <colnr> <probs for GDERKNQSTAVLIFYWHMCP>
#	G	D	E	R	K	N	Q	S	T	A	V	L	I	F	Y	W	H	M	C	P
0	0.01384	0.04037	0.01344	0.06915	0.05109	0.09374	0.02669	0.05276	0.07530	0.10674	0.05624	0.04041	0.06821	0.01073	0.09031	0.00232	0.00647	0.00577	0.00413	0.17229
1	0.01487	0.19009	0.01618	0.01091	0.01387	0.27340	0.00879	0.04765	0.04729	0.01486	0.01115	0.01442	0.00990	0.05389	0.17687	0.00320	0.00901	0.00434	0.00307	0.07624
2	0.00791	0.00593	0.00890	0.00890	0.00989	0.00692	0.00692	0.00989	0.00890	0.01286	0.01483	0.02176	0.01385	0.04154	0.78341	0.00890	0.01483	0.00593	0.00297	0.00494
3	0.09630	0.25829	0.16317	0.01307	0.09181	0.01488	0.01148	0.10031	0.01307	0.03690	0.01123	0.06835	0.00981	0.00602	0.00464	0.00150	0.00588	0.00463	0.00326	0.08540
4	0.00909	0.00500	0.00682	0.00682	0.00682	0.00500	0.00432	0.00750	0.00750	0.01000	0.01227	0.02340	0.01318	0.28508	0.02386	0.55701	0.00500	0.00591	0.00273	0.00273
5	0.00666	0.00516	0.00608	0.00681	0.00780	0.00457	0.00474	0.00781	0.01147	0.01449	0.04145	0.48214	0.34918	0.01593	0.00685	0.00209	0.00304	0.01401	0.00514	0.00457
6	0.01077	0.00800	0.00949	0.00930	0.02917	0.04386	0.00707	0.04751	0.05785	0.07132	0.35152	0.06499	0.07000	0.01348	0.06724	0.00244	0.00484	0.11983	0.00538	0.00596
7	0.01543	0.11595	0.27254	0.01478	0.09227	0.07141	0.01364	0.09296	0.07264	0.12326	0.02883	0.03864	0.01100	0.00624	0.00524	0.00166	0.00663	0.00495	0.00379	0.00814
8	0.01598	0.02916	0.01639	0.09619	0.17024	0.01126	0.04331	0.08361	0.01401	0.21641	0.02865	0.05975	0.01262	0.00695	0.00649	0.00171	0.06540	0.02275	0.00431	0.09481
9	0.00768	0.00543	0.00651	0.00661	0.00769	0.00505	0.00476	0.00811	0.01047	0.01311	0.03533	0.06081	0.38771	0.09654	0.08036	0.20714	0.00472	0.04382	0.00410	0.00403
10	0.01266	0.09037	0.24566	0.01934	0.21815	0.01282	0.11262	0.01738	0.05043	0.04561	0.04932	0.01659	0.04263	0.00592	0.00543	0.00168	0.00669	0.00534	0.03355	0.00782
11	0.01451	0.04895	0.15474	0.12526	0.15263	0.13861	0.04759	0.03356	0.04362	0.08294	0.01310	0.03231	0.01087	0.02845	0.00614	0.00183	0.00719	0.04689	0.00337	0.00741
12	0.03468	0.05678	0.26307	0.08534	0.01891	0.05366	0.04799	0.07259	0.01321	0.01852	0.13142	0.01827	0.01560	0.01133	0.11212	0.00268	0.00777	0.00546	0.02373	0.00686

[dist]
# distance from previous block
# <min> <max>
2	12

[block]
# block no. 6 follows, 43 sequences, length 9
# corresponding to MSA columns:
# 405-413
name=unknown_G
#
# <colnr> <probs for GDERKNQSTAVLIFYWHMCP>
#	G	D	E	R	K	N	Q	S	T	A	V	L	I	F	Y	W	H	M	C	P
0	0.03744	0.01200	0.10828	0.08520	0.14358	0.01035	0.04141	0.07971	0.02566	0.04851	0.07150	0.17857	0.04859	0.00894	0.00628	0.00184	0.03079	0.01975	0.00402	0.03756
1	0.01360	0.15654	0.22449	0.03718	0.05655	0.15713	0.01233	0.04644	0.01263	0.01590	0.03743	0.05483	0.01076	0.00743	0.00659	0.08161	0.00692	0.00476	0.00294	0.05394
2	0.01120	0.00925	0.01068	0.00996	0.01215	0.01044	0.00781	0.05808	0.34591	0.01918	0.02463	0.05897	0.11217	0.01749	0.19555	0.00365	0.03289	0.04837	0.00476	0.00688
3	0.03836	0.01729	0.13938	0.11236	0.08593	0.16497	0.01252	0.17413	0.04448	0.04150	0.05639	0.01722	0.04150	0.00670	0.00547	0.00170	0.00691	0.02184	0.00384	0.00751
4	0.01242	0.14639	0.01660	0.13130	0.01777	0.08156	0.07244	0.02932	0.06593	0.04124	0.08730	0.10922	0.04768	0.00872	0.00646	0.00182	0.05282	0.06075	0.00388	0.00639
5	0.00793	0.00588	0.00863	0.00863	0.00953	0.00678	0.00659	0.00972	0.00882	0.01266	0.01508	0.02311	0.01443	0.11310	0.71266	0.00857	0.01395	0.00613	0.00300	0.00480
6	0.05355	0.00943	0.05280	0.05239	0.04309	0.06659	0.02923	0.01138	0.01261	0.01669	0.15234	0.20821	0.24756	0.01161	0.00620	0.00188	0.00440	0.01002	0.00456	0.00546
7	0.01559	0.13820	0.18926	0.08953	0.09089	0.01546	0.03373	0.24221	0.06673	0.04840	0.01195	0.01318	0.00890	0.00579	0.00520	0.00165	0.00663	0.00461	0.00376	0.00832
8	0.01254	0.01162	0.09798	0.01399	0.05131	0.01042	0.13668	0.01578	0.03792	0.12841	0.01552	0.09531	0.01369	0.04146	0.19248	0.00371	0.10408	0.00666	0.00370	0.00675

[dist]
# distance from previous block
# <min> <max>
2	10

[block]
# block no. 7 follows, 43 sequences, length 28
# corresponding to MSA columns:
# 425-452
name=unknown_H
#
# <colnr> <probs for GDERKNQSTAVLIFYWHMCP>
#	G	D	E	R	K	N	Q	S	T	A	V	L	I	F	Y	W	H	M	C	P
0	0.01348	0.32498	0.08890	0.01073	0.04576	0.04147	0.00934	0.04103	0.06306	0.05319	0.07283	0.01779	0.01394	0.12889	0.00821	0.00202	0.00570	0.00496	0.00345	0.05028
1	0.01345	0.01366	0.01131	0.01055	0.01255	0.25492	0.00816	0.09085	0.01471	0.01717	0.09836	0.07126	0.13589	0.06145	0.00813	0.00207	0.04645	0.11894	0.00429	0.00582
2	0.01113	0.01136	0.04957	0.01292	0.01746	0.00913	0.23098	0.01419	0.01190	0.01730	0.01481	0.11677	0.04269	0.00644	0.00537	0.00140	0.00568	0.00625	0.00341	0.41123
3	0.01544	0.01352	0.02781	0.01762	0.23324	0.10084	0.01117	0.17875	0.08418	0.06664	0.11870	0.04163	0.04216	0.00740	0.00570	0.00170	0.00580	0.01533	0.00450	0.00788
4	0.01091	0.01047	0.01212	0.01069	0.01166	0.10729	0.05785	0.01202	0.00987	0.01274	0.01567	0.02499	0.06464	0.31404	0.09821	0.00401	0.20817	0.00659	0.00310	0.00497
5	0.01740	0.13746	0.11133	0.01183	0.01630	0.05349	0.04531	0.10063	0.15840	0.22515	0.05500	0.01670	0.01342	0.00650	0.00529	0.00166	0.00580	0.00523	0.00479	0.00832
6	0.01543	0.29244	0.05004	0.01882	0.24234	0.01711	0.06962	0.16548	0.04350	0.01986	0.01056	0.01223	0.00854	0.00530	0.00490	0.00152	0.00644	0.00440	0.00328	0.00820
7	0.00782	0.00560	0.00764	0.00769	0.00861	0.00587	0.00568	0.00897	0.00984	0.01338	0.07521	0.08200	0.14605	0.08927	0.38988	0.11135	0.00915	0.00788	0.00366	0.00444
8	0.08033	0.02274	0.01536	0.01352	0.01654	0.56154	0.01040	0.14309	0.01661	0.01793	0.00923	0.01057	0.00744	0.00602	0.00562	0.00154	0.04752	0.00383	0.00332	0.00687
9	0.00771	0.00566	0.00723	0.00683	0.00820	0.00517	0.00512	0.01020	0.01537	0.02149	0.69726	0.04255	0.12334	0.01159	0.00653	0.00175	0.00263	0.01018	0.00600	0.00517
10	0.01257	0.01241	0.01375	0.01210	0.01326	0.13077	0.00964	0.05084	0.01071	0.01441	0.01044	0.01590	0.00992	0.07734	0.19189	0.00386	0.35005	0.00507	0.00289	0.05219
11	0.01046	0.00984	0.01661	0.79205	0.03814	0.01230	0.01538	0.01415	0.01107	0.01415	0.00984	0.01477	0.00738	0.00554	0.00554	0.00185	0.00738	0.00492	0.00246	0.00615
12	0.01212	0.00999	0.01336	0.06832	0.19511	0.01060	0.00989	0.11149	0.15402	0.02011	0.05549	0.17194	0.05420	0.03708	0.00665	0.00195	0.00489	0.00796	0.04772	0.00711
13	0.01241	0.10430	0.26733	0.04935	0.14337	0.06547	0.10825	0.01644	0.01236	0.01664	0.03192	0.03670	0.01196	0.00666	0.00577	0.00177	0.01836	0.08062	0.00296	0.00736
14	0.01020	0.00899	0.01325	0.01123	0.04431	0.00777	0.10750	0.01258	0.01125	0.01643	0.01615	0.18745	0.03056	0.01205	0.10365	0.00235	0.00605	0.00703	0.00360	0.38761
15	0.00826	0.00651	0.00937	0.19545	0.01520	0.00724	0.00756	0.00993	0.00977	0.01301	0.01990	0.16496	0.06924	0.21786	0.21673	0.00466	0.00779	0.00836	0.00348	0.00474
16	0.00902	0.00589	0.00854	0.10956	0.01205	0.00620	0.00675	0.00948	0.03568	0.01255	0.01762	0.21891	0.01900	0.04983	0.01424	0.37314	0.00478	0.07931	0.00352	0.00395
17	0.01437	0.09551	0.07382	0.04852	0.33524	0.03879	0.03698	0.01912	0.11103	0.09241	0.01553	0.01749	0.05005	0.00619	0.00542	0.00168	0.00616	0.01993	0.00363	0.00812
18	0.00678	0.00522	0.00621	0.00688	0.00790	0.00466	0.00486	0.00806	0.01178	0.01502	0.08595	0.43748	0.33187	0.01560	0.00684	0.00207	0.00305	0.02994	0.00520	0.00463
19	0.04746	0.01183	0.01941	0.23501	0.06178	0.01377	0.17817	0.01669	0.10026	0.01659	0.01183	0.01665	0.00980	0.00695	0.00880	0.00201	0.19602	0.03708	0.00308	0.00681
20	0.01432	0.01525	0.06455	0.05762	0.35155	0.09063	0.17507	0.04775	0.03972	0.03708	0.01137	0.01424	0.00902	0.00677	0.03895	0.00201	0.00786	0.00521	0.00306	0.00799
21	0.01788	0.02384	0.01584	0.01493	0.11647	0.04528	0.01083	0.01980	0.01247	0.33026	0.01409	0.01534	0.01038	0.00878	0.03823	0.00220	0.28612	0.00511	0.00434	0.00782
22	0.00683	0.00488	0.00650	0.00766	0.00805	0.00455	0.00515	0.00792	0.01099	0.01475	0.08615	0.74439	0.03781	0.01690	0.00703	0.00221	0.00317	0.01531	0.00521	0.00455
23	0.00910	0.00741	0.01134	0.09845	0.16047	0.00754	0.00959	0.01125	0.01163	0.01558	0.02405	0.36016	0.02674	0.01309	0.00675	0.00217	0.00484	0.20978	0.00437	0.00567
24	0.01596	0.04983	0.14984	0.01401	0.05624	0.09418	0.06187	0.24235	0.05783	0.06178	0.01589	0.05004	0.04683	0.00703	0.00552	0.00170	0.00652	0.02024	0.03443	0.00791
25	0.00702	0.00506	0.00671	0.00793	0.00845	0.00475	0.00558	0.00820	0.01098	0.01449	0.03163	0.67045	0.07200	0.01693	0.00712	0.00227	0.00343	0.10730	0.00514	0.00458
26	0.01232	0.01253	0.01592	0.39237	0.07982	0.13466	0.04724	0.01531	0.01207	0.01516	0.01212	0.01557	0.04059	0.00706	0.03510	0.00189	0.00738	0.00490	0.02359	0.11440
27	0.01155	0.01006	0.01356	0.14982	0.01757	0.01080	0.00970	0.01375	0.01060	0.03700	0.01090	0.01646	0.00983	0.04600	0.00971	0.00179	0.22582	0.04426	0.00310	0.34770

[dist]
# distance from previous block
# <min> <max>
1	5

[block]
# block no. 8 follows, 43 sequences, length 67
# corresponding to MSA columns:
# 458-524
name=unknown_I
#
# <colnr> <probs for GDERKNQSTAVLIFYWHMCP>
#	G	D	E	R	K	N	Q	S	T	A	V	L	I	F	Y	W	H	M	C	P
0	0.10815	0.01253	0.01882	0.25619	0.25650	0.06425	0.10604	0.01677	0.01215	0.05024	0.01069	0.01388	0.00830	0.00530	0.00531	0.00172	0.00691	0.00486	0.03418	0.00723
1	0.01392	0.01415	0.01286	0.10031	0.01626	0.26018	0.00948	0.10330	0.01339	0.01584	0.01209	0.01639	0.01051	0.03493	0.33622	0.00475	0.01120	0.00498	0.00319	0.00607
2	0.00752	0.00541	0.00716	0.00749	0.00843	0.00505	0.00548	0.00953	0.01360	0.01883	0.44172	0.32049	0.04498	0.01383	0.00681	0.00199	0.00302	0.06802	0.00567	0.00495
3	0.00750	0.00536	0.00650	0.00666	0.00745	0.00501	0.00452	0.00882	0.01185	0.01604	0.26989	0.22135	0.14117	0.23440	0.01265	0.00288	0.00355	0.01098	0.01896	0.00445
4	0.00712	0.00538	0.00658	0.00682	0.00797	0.00484	0.00491	0.00886	0.01318	0.01755	0.32801	0.28812	0.25246	0.01403	0.00671	0.00194	0.00286	0.01233	0.00552	0.00484
5	0.03495	0.14156	0.07128	0.01012	0.01226	0.03601	0.00876	0.01323	0.01057	0.05435	0.06027	0.11234	0.01631	0.08453	0.17566	0.00366	0.13830	0.00656	0.00343	0.00587
6	0.75064	0.01126	0.00911	0.00791	0.01145	0.01297	0.00651	0.10017	0.01132	0.02599	0.00835	0.00949	0.00639	0.00531	0.00367	0.00171	0.00449	0.00323	0.00367	0.00639
7	0.10101	0.17462	0.05177	0.01721	0.23987	0.03298	0.02953	0.07361	0.01361	0.07321	0.09118	0.01600	0.02705	0.00603	0.00498	0.00156	0.00570	0.00496	0.00365	0.03147
8	0.00742	0.00542	0.00656	0.00721	0.00792	0.00511	0.00488	0.03003	0.01103	0.01435	0.03249	0.48151	0.17188	0.15865	0.01075	0.00273	0.00365	0.02909	0.00483	0.00449
9	0.78084	0.01108	0.00880	0.00771	0.01121	0.01279	0.00635	0.07317	0.01071	0.02563	0.00814	0.00933	0.00626	0.00526	0.00359	0.00171	0.00442	0.00315	0.00359	0.00626
10	0.01644	0.01164	0.01421	0.01153	0.01492	0.01249	0.06572	0.24841	0.22515	0.12514	0.01758	0.01910	0.01345	0.07756	0.05146	0.00245	0.00591	0.00587	0.05293	0.00807
11	0.84448	0.01071	0.00814	0.00728	0.01071	0.01242	0.00600	0.01628	0.00943	0.02485	0.00771	0.00900	0.00600	0.00514	0.00343	0.00171	0.00428	0.00300	0.00343	0.00600
12	0.01371	0.01316	0.02248	0.03399	0.77081	0.01316	0.01700	0.01700	0.01261	0.01809	0.01042	0.01371	0.00877	0.00493	0.00548	0.00164	0.00658	0.00493	0.00274	0.00877
13	0.01259	0.02751	0.02443	0.12793	0.22130	0.01340	0.31851	0.01588	0.01178	0.01626	0.01023	0.01431	0.00830	0.00635	0.00829	0.05760	0.08999	0.00554	0.00267	0.00714
14	0.01078	0.00679	0.00869	0.00835	0.00922	0.00731	0.00591	0.01341	0.21728	0.01340	0.01322	0.01790	0.01165	0.01597	0.01718	0.60555	0.00469	0.00521	0.00331	0.00418
15	0.00677	0.00493	0.00638	0.00748	0.00799	0.00454	0.00505	0.00783	0.01098	0.01450	0.05886	0.70089	0.10980	0.01681	0.00700	0.00219	0.00315	0.01514	0.00517	0.00454
16	0.01643	0.00780	0.01022	0.00846	0.01131	0.00704	0.00674	0.04611	0.01595	0.37914	0.34551	0.02937	0.05052	0.00896	0.00596	0.00172	0.00374	0.00763	0.03002	0.00736
17	0.03309	0.00685	0.00814	0.00803	0.00964	0.00672	0.00605	0.09315	0.01352	0.08391	0.06954	0.34313	0.09876	0.01258	0.00619	0.00195	0.00367	0.06660	0.12278	0.00571
18	0.01423	0.58810	0.06633	0.01297	0.01808	0.01965	0.18048	0.01690	0.01169	0.01433	0.00861	0.01041	0.00740	0.00475	0.00432	0.00137	0.00682	0.00384	0.00247	0.00724
19	0.01634	0.00754	0.01013	0.00841	0.01120	0.00668	0.00668	0.01872	0.01576	0.39819	0.39511	0.03012	0.03300	0.00909	0.00605	0.00173	0.00366	0.00779	0.00648	0.00732
20	0.01005	0.00514	0.00526	0.00536	0.00657	0.00511	0.00397	0.01250	0.01154	0.02014	0.01903	0.08101	0.01593	0.00729	0.00412	0.00136	0.00263	0.00598	0.77189	0.00511
21	0.01587	0.04145	0.16446	0.05581	0.01748	0.01341	0.01139	0.32055	0.07942	0.06196	0.01485	0.05290	0.01148	0.00683	0.00530	0.00168	0.00580	0.00542	0.10584	0.00810
22	0.01713	0.40381	0.05528	0.01111	0.01566	0.04479	0.01021	0.31174	0.01725	0.02194	0.01039	0.01171	0.00846	0.03184	0.00528	0.00155	0.00621	0.00401	0.00369	0.00794
23	0.00784	0.00557	0.00722	0.00731	0.00782	0.00590	0.00498	0.00880	0.00888	0.01218	0.03085	0.08921	0.04713	0.39851	0.32706	0.00636	0.00885	0.00796	0.00345	0.00416
24	0.01474	0.10339	0.01846	0.04704	0.17335	0.02681	0.06815	0.13535	0.23128	0.04017	0.05368	0.01770	0.03230	0.00654	0.00547	0.00170	0.00575	0.00564	0.00430	0.00818
25	0.00750	0.00565	0.00693	0.00661	0.00806	0.00508	0.00496	0.00979	0.01487	0.02029	0.57913	0.04453	0.24222	0.01204	0.00654	0.00178	0.00266	0.01046	0.00584	0.00508
26	0.01139	0.00896	0.01575	0.01273	0.01564	0.00832	0.23202	0.01438	0.01395	0.10481	0.25125	0.08356	0.07203	0.00995	0.00663	0.00194	0.00532	0.12017	0.00491	0.00629
27	0.01358	0.01401	0.04491	0.16953	0.20005	0.09654	0.12979	0.08010	0.03548	0.01825	0.04737	0.04224	0.01186	0.00642	0.00623	0.00177	0.03942	0.01643	0.01871	0.00730
28	0.01518	0.01218	0.03246	0.16576	0.23992	0.01292	0.07101	0.08482	0.01349	0.14216	0.01227	0.01474	0.00926	0.00622	0.00734	0.00181	0.11819	0.00514	0.02728	0.00785
29	0.00930	0.00680	0.00920	0.01028	0.01170	0.00695	0.00891	0.01286	0.07056	0.01708	0.02880	0.05924	0.03072	0.01470	0.00749	0.00250	0.00504	0.67733	0.00514	0.00538
30	0.15546	0.22996	0.03392	0.01171	0.01544	0.35680	0.00978	0.09673	0.01449	0.01763	0.00872	0.00992	0.00718	0.00545	0.00442	0.00144	0.00752	0.00347	0.00309	0.00689
31	0.07267	0.00587	0.00667	0.00660	0.00703	0.00617	0.00414	0.00899	0.00830	0.01218	0.01627	0.03177	0.01801	0.61873	0.14966	0.00566	0.00683	0.00732	0.00330	0.00382
32	0.01518	0.01643	0.02167	0.02681	0.45732	0.19594	0.09880	0.01805	0.01312	0.01666	0.00986	0.01286	0.00824	0.00540	0.00633	0.00167	0.06023	0.00479	0.00275	0.00789
33	0.00655	0.00561	0.00561	0.00561	0.00748	0.00468	0.00421	0.00795	0.01262	0.01496	0.05610	0.05330	0.76857	0.01403	0.00655	0.00187	0.00281	0.01169	0.00514	0.00468
34	0.00824	0.00587	0.00712	0.00697	0.00717	0.00629	0.00444	0.00865	0.00832	0.01132	0.01739	0.03304	0.03690	0.62400	0.13881	0.00562	0.05512	0.00763	0.00329	0.00379
35	0.00925	0.00544	0.00811	0.00800	0.00828	0.00593	0.00572	0.00823	0.00774	0.01068	0.01097	0.01800	0.01070	0.02504	0.23384	0.57122	0.04190	0.00512	0.00256	0.00327
36	0.00673	0.00507	0.00623	0.00710	0.00789	0.00457	0.00488	0.00786	0.01133	0.01462	0.06096	0.56851	0.24174	0.01623	0.00691	0.00213	0.00308	0.01443	0.00517	0.00457
37	0.01741	0.46440	0.02323	0.01148	0.01549	0.30521	0.01000	0.06765	0.01389	0.01468	0.00839	0.00959	0.00727	0.00523	0.00422	0.00131	0.00745	0.00332	0.00276	0.00701
38	0.00817	0.00560	0.00709	0.00774	0.00868	0.00545	0.00574	0.01059	0.04463	0.01747	0.16840	0.38121	0.03451	0.01376	0.00651	0.00204	0.00336	0.13090	0.13311	0.00502
39	0.04249	0.01172	0.01614	0.09795	0.21617	0.01208	0.01155	0.20100	0.01645	0.23262	0.01612	0.01685	0.03989	0.00769	0.03468	0.00197	0.00612	0.00537	0.00467	0.00846
40	0.01478	0.05351	0.07874	0.01600	0.13894	0.26287	0.03466	0.03610	0.03145	0.03434	0.01148	0.01504	0.00985	0.04778	0.16771	0.00326	0.02890	0.00477	0.00304	0.00678
41	0.01032	0.00516	0.00516	0.00516	0.00645	0.00516	0.00387	0.01290	0.01161	0.02065	0.01807	0.02065	0.01420	0.00645	0.00387	0.00129	0.00258	0.00516	0.83611	0.00516
42	0.01573	0.05077	0.01488	0.01425	0.09848	0.27350	0.01003	0.05278	0.22358	0.01828	0.01527	0.03617	0.02591	0.00695	0.00583	0.00166	0.04344	0.01499	0.07021	0.00728
43	0.01747	0.01404	0.01444	0.01194	0.01565	0.04519	0.00957	0.37817	0.35745	0.02840	0.01741	0.01669	0.01284	0.00700	0.00552	0.00174	0.00538	0.00551	0.02669	0.00890
44	0.01434	0.13948	0.01853	0.01388	0.09499	0.07173	0.10016	0.07393	0.01336	0.06061	0.01168	0.04926	0.00992	0.00651	0.02677	0.00155	0.00620	0.00474	0.00344	0.27892
45	0.01111	0.07420	0.54136	0.01411	0.03864	0.01178	0.01642	0.01606	0.01179	0.04247	0.03821	0.13244	0.01326	0.00730	0.00548	0.00179	0.00694	0.00605	0.00305	0.00752
46	0.01623	0.05954	0.15051	0.01240	0.01690	0.01264	0.06013	0.13977	0.19479	0.18185	0.01777	0.08377	0.01385	0.00734	0.00561	0.00178	0.00572	0.00617	0.00488	0.00836
47	0.01041	0.24752	0.01479	0.08933	0.01357	0.01172	0.00760	0.01392	0.09522	0.01625	0.13534	0.03066	0.27515	0.00925	0.00544	0.00164	0.00436	0.00753	0.00422	0.00609
48	0.00684	0.00490	0.00662	0.00780	0.00817	0.00468	0.00528	0.00788	0.01047	0.01404	0.02933	0.74209	0.03489	0.01920	0.06644	0.00276	0.00410	0.01499	0.00497	0.00453
49	0.01136	0.02286	0.51818	0.12648	0.05235	0.04250	0.01797	0.01656	0.01174	0.01666	0.01127	0.01608	0.00907	0.00627	0.00604	0.00184	0.04199	0.06063	0.00261	0.00752
50	0.01277	0.00956	0.03665	0.01457	0.08067	0.00872	0.13801	0.01576	0.01324	0.14561	0.02277	0.05741	0.02214	0.01089	0.00684	0.00218	0.00594	0.38491	0.00472	0.00664
51	0.00694	0.00495	0.00664	0.00793	0.00833	0.00466	0.00547	0.00804	0.01079	0.01435	0.03042	0.73804	0.03622	0.01717	0.00712	0.00228	0.00338	0.07760	0.00514	0.00455
52	0.01219	0.01907	0.29211	0.10748	0.08261	0.04669	0.23367	0.01673	0.01197	0.01662	0.01064	0.03575	0.00848	0.00584	0.00684	0.00185	0.07607	0.00535	0.00263	0.00742
53	0.01380	0.01241	0.01703	0.14615	0.24841	0.06368	0.04122	0.09163	0.12368	0.04064	0.04153	0.01676	0.01203	0.01009	0.09423	0.00254	0.00741	0.00543	0.00368	0.00765
54	0.00688	0.00488	0.00639	0.00754	0.00783	0.00459	0.00496	0.00775	0.01034	0.01378	0.02917	0.72219	0.03492	0.09925	0.00926	0.00257	0.00344	0.01495	0.00496	0.00438
55	0.01095	0.00932	0.01336	0.12724	0.16695	0.03524	0.03398	0.06896	0.01241	0.01643	0.01866	0.23184	0.01968	0.07229	0.00874	0.04307	0.00561	0.09540	0.00388	0.00601
56	0.00846	0.00699	0.00930	0.00889	0.00966	0.00791	0.00679	0.01008	0.01160	0.01620	0.24607	0.20422	0.11574	0.04625	0.07964	0.00281	0.18991	0.00984	0.00452	0.00510
57	0.01164	0.01213	0.02403	0.02132	0.16988	0.01150	0.41946	0.01511	0.01245	0.01688	0.01752	0.13135	0.07238	0.02979	0.00701	0.00198	0.00729	0.00799	0.00332	0.00697
58	0.00801	0.00606	0.00710	0.00747	0.00870	0.00572	0.00543	0.06564	0.01253	0.01604	0.03736	0.38857	0.28786	0.05365	0.00784	0.00225	0.00354	0.06621	0.00508	0.00493
59	0.15142	0.21806	0.05558	0.01218	0.01649	0.12885	0.10942	0.01980	0.09772	0.08413	0.01145	0.01236	0.00885	0.00543	0.00467	0.00153	0.00646	0.00421	0.00348	0.04791
60	0.01402	0.14782	0.05387	0.01117	0.01581	0.04979	0.07412	0.05617	0.03799	0.06170	0.01073	0.01215	0.00856	0.00508	0.00524	0.00126	0.04502	0.00397	0.00338	0.38213
61	0.01809	0.16882	0.01840	0.01239	0.01607	0.22654	0.05567	0.16561	0.05159	0.10994	0.07039	0.01479	0.01240	0.00641	0.00551	0.00156	0.02927	0.00482	0.00414	0.00758
62	0.01091	0.07236	0.01252	0.00990	0.01138	0.03190	0.04425	0.03279	0.07708	0.01589	0.12141	0.08413	0.03560	0.06921	0.03710	0.14395	0.13005	0.00690	0.04729	0.00538
63	0.01359	0.01463	0.09711	0.14070	0.16134	0.06201	0.09382	0.10596	0.09686	0.01930	0.01315	0.05992	0.01088	0.00652	0.00615	0.00177	0.04096	0.00568	0.02475	0.02492
64	0.06821	0.05911	0.01802	0.07383	0.03748	0.03922	0.14236	0.27839	0.05154	0.02316	0.03138	0.01684	0.01132	0.10178	0.00817	0.00212	0.00650	0.00549	0.00405	0.02101
65	0.01166	0.08029	0.19362	0.14773	0.02001	0.07993	0.03026	0.01563	0.04466	0.01648	0.07281	0.01843	0.07704	0.00747	0.02538	0.00178	0.02297	0.00531	0.00325	0.12529
66	0.01460	0.17142	0.13734	0.01286	0.08030	0.03316	0.01100	0.22782	0.03154	0.02170	0.01604	0.05035	0.06898	0.00691	0.00506	0.00158	0.00575	0.00544	0.09055	0.00760

[dist]
# distance from previous block
# <min> <max>
1	15

[block]
# block no. 9 follows, 43 sequences, length 17
# corresponding to MSA columns:
# 540-556
name=unknown_J
#
# <colnr> <probs for GDERKNQSTAVLIFYWHMCP>
#	G	D	E	R	K	N	Q	S	T	A	V	L	I	F	Y	W	H	M	C	P
0	0.01501	0.04477	0.04554	0.01209	0.03754	0.20296	0.00956	0.15888	0.04320	0.04508	0.04823	0.01682	0.01254	0.01793	0.26041	0.00398	0.00975	0.00513	0.00376	0.00683
1	0.01003	0.00811	0.00906	0.00779	0.01047	0.00758	0.00599	0.08332	0.07857	0.01833	0.08151	0.03223	0.28640	0.07156	0.07097	0.00244	0.00472	0.00776	0.00455	0.19862
2	0.01505	0.01341	0.02919	0.06453	0.26579	0.04238	0.07172	0.15889	0.14132	0.04718	0.01542	0.01759	0.03703	0.00638	0.00565	0.00172	0.00623	0.02519	0.00405	0.03131
3	0.01601	0.04668	0.08907	0.01348	0.01674	0.40713	0.06532	0.04862	0.01406	0.01529	0.01241	0.12032	0.01179	0.01948	0.03000	0.00190	0.02814	0.00571	0.00322	0.03465
4	0.01382	0.01580	0.13869	0.24165	0.16344	0.08717	0.04290	0.13122	0.01423	0.01865	0.01114	0.01522	0.00890	0.00645	0.00620	0.03544	0.00730	0.03131	0.00312	0.00736
5	0.00745	0.00625	0.00638	0.00625	0.00807	0.00570	0.00461	0.01022	0.09100	0.01542	0.04884	0.04822	0.61723	0.08963	0.00854	0.00221	0.00322	0.01077	0.00502	0.00498
6	0.01186	0.24643	0.14356	0.01062	0.01413	0.01304	0.02853	0.03862	0.01164	0.05068	0.01814	0.16607	0.08033	0.03777	0.03621	0.00214	0.07318	0.00706	0.00352	0.00647
7	0.01299	0.01371	0.13247	0.08696	0.01704	0.04125	0.01108	0.18100	0.05565	0.01915	0.01419	0.04624	0.03657	0.04036	0.10480	0.07001	0.10056	0.00568	0.00361	0.00670
8	0.00896	0.00670	0.00833	0.06431	0.01100	0.03528	0.00642	0.01052	0.03007	0.03232	0.16729	0.21220	0.12562	0.01599	0.06698	0.13593	0.00489	0.04789	0.00449	0.00480
9	0.01320	0.01289	0.02289	0.07680	0.46576	0.01297	0.18219	0.01768	0.06623	0.01825	0.01179	0.01488	0.00944	0.00517	0.00566	0.00171	0.00691	0.00540	0.04204	0.00814
10	0.01329	0.01367	0.14912	0.13751	0.07332	0.03364	0.01199	0.07652	0.10223	0.10066	0.09590	0.07572	0.02815	0.00853	0.02465	0.00199	0.03511	0.00642	0.00420	0.00736
11	0.04102	0.02659	0.20934	0.04500	0.07405	0.01249	0.15806	0.07056	0.10196	0.01887	0.01542	0.07482	0.04198	0.00882	0.04729	0.00221	0.03438	0.00623	0.00349	0.00742
12	0.00705	0.00512	0.00643	0.00716	0.00776	0.00478	0.00483	0.00814	0.01103	0.01464	0.11246	0.49888	0.13062	0.12418	0.02783	0.00272	0.00366	0.01331	0.00495	0.00446
13	0.04319	0.01106	0.01572	0.30293	0.18190	0.01243	0.01256	0.09874	0.13398	0.01952	0.04616	0.01896	0.06601	0.00668	0.00558	0.00178	0.00595	0.00577	0.00375	0.00734
14	0.01216	0.07655	0.04482	0.19443	0.16084	0.03481	0.18248	0.01529	0.01160	0.01559	0.01172	0.08944	0.01064	0.00683	0.00733	0.00186	0.10776	0.00611	0.00284	0.00691
15	0.01046	0.01036	0.09617	0.01327	0.10441	0.00835	0.08051	0.01298	0.01232	0.07896	0.08047	0.23135	0.17838	0.01095	0.00688	0.00193	0.04191	0.00966	0.00440	0.00627
16	0.00731	0.00512	0.00656	0.00750	0.00783	0.00491	0.00502	0.00817	0.01012	0.01346	0.02689	0.52431	0.03173	0.22938	0.01281	0.00312	0.00398	0.08287	0.00466	0.00425

[dist]
# distance from previous block
# <min> <max>
0	5

[block]
# block no. 10 follows, 43 sequences, length 37
# corresponding to MSA columns:
# 562-598
name=unknown_K
#
# <colnr> <probs for GDERKNQSTAVLIFYWHMCP>
#	G	D	E	R	K	N	Q	S	T	A	V	L	I	F	Y	W	H	M	C	P
0	0.00918	0.02850	0.00927	0.03196	0.01031	0.07491	0.00650	0.01046	0.00978	0.01275	0.01771	0.18984	0.01905	0.20903	0.30895	0.00542	0.03001	0.00818	0.00347	0.00473
1	0.01367	0.01638	0.18986	0.09020	0.29633	0.03576	0.01500	0.14047	0.01475	0.02051	0.06172	0.03244	0.01182	0.00605	0.00550	0.00168	0.00662	0.00524	0.00339	0.03263
2	0.01590	0.23866	0.12311	0.03995	0.12769	0.28157	0.03847	0.01853	0.01300	0.01476	0.00886	0.01084	0.00741	0.00537	0.00524	0.00150	0.03548	0.00386	0.00261	0.00720
3	0.01387	0.00858	0.00895	0.00767	0.01000	0.00913	0.00607	0.25729	0.01638	0.02536	0.01649	0.01822	0.01262	0.00652	0.00442	0.00141	0.00374	0.00510	0.56160	0.00657
4	0.00675	0.00482	0.00643	0.00771	0.00803	0.00450	0.00514	0.00771	0.01060	0.01414	0.03053	0.80175	0.03663	0.01735	0.00707	0.00225	0.00321	0.01574	0.00514	0.00450
5	0.00689	0.00497	0.00652	0.00752	0.00804	0.00461	0.00511	0.00810	0.01139	0.01528	0.13293	0.66391	0.07145	0.01637	0.00697	0.00216	0.00311	0.01478	0.00527	0.00461
6	0.00772	0.00566	0.00724	0.00684	0.00820	0.00518	0.00513	0.01022	0.01540	0.02155	0.70291	0.04246	0.11765	0.01157	0.00653	0.00175	0.00263	0.01017	0.00601	0.00518
7	0.00675	0.00482	0.00643	0.00771	0.00803	0.00450	0.00514	0.00771	0.01060	0.01414	0.03053	0.80175	0.03663	0.01735	0.00707	0.00225	0.00321	0.01574	0.00514	0.00450
8	0.01625	0.00897	0.01196	0.14697	0.01680	0.00905	0.00870	0.08507	0.05762	0.30858	0.09770	0.10717	0.05254	0.00855	0.00581	0.00179	0.00474	0.00727	0.03698	0.00747
9	0.01712	0.11886	0.01777	0.01376	0.01591	0.43534	0.01102	0.01852	0.01276	0.01341	0.00803	0.01055	0.00718	0.00690	0.00917	0.00173	0.26901	0.00391	0.00265	0.00639
10	0.00784	0.00566	0.00740	0.00697	0.00827	0.00523	0.00523	0.01045	0.01568	0.02221	0.76789	0.04137	0.05226	0.01132	0.00653	0.00174	0.00261	0.01002	0.00610	0.00523
11	0.03411	0.01359	0.02589	0.26881	0.03071	0.03872	0.45099	0.03706	0.01278	0.01711	0.01065	0.01452	0.00800	0.00505	0.00606	0.00184	0.00851	0.00579	0.00279	0.00703
12	0.01736	0.24616	0.01930	0.05984	0.03447	0.36705	0.01047	0.08236	0.01447	0.01565	0.00930	0.01103	0.00778	0.00630	0.01948	0.00157	0.03123	0.00377	0.03557	0.00683
13	0.03094	0.04680	0.08694	0.01123	0.06368	0.00967	0.00909	0.01865	0.12172	0.17860	0.10566	0.03563	0.05595	0.00868	0.04004	0.00189	0.00514	0.00595	0.00466	0.15908
14	0.01413	0.03827	0.21341	0.05211	0.22260	0.10514	0.04717	0.08465	0.05305	0.01840	0.01079	0.01314	0.00852	0.00672	0.02638	0.00191	0.06800	0.00467	0.00302	0.00789
15	0.01412	0.00868	0.01004	0.00916	0.01154	0.03099	0.00700	0.01894	0.18624	0.23190	0.02785	0.24063	0.11470	0.01084	0.00635	0.00192	0.02246	0.00923	0.03039	0.00702
16	0.00794	0.00651	0.04017	0.00744	0.00881	0.00536	0.02749	0.00848	0.01063	0.01355	0.05477	0.16478	0.32419	0.04532	0.01171	0.24082	0.00396	0.00974	0.00413	0.00420
17	0.01406	0.01737	0.17298	0.13294	0.35055	0.08786	0.04005	0.08488	0.01376	0.01852	0.01035	0.01309	0.00811	0.00531	0.00544	0.00168	0.00739	0.00469	0.00289	0.00807
18	0.01941	0.18652	0.01660	0.01120	0.06288	0.01158	0.00882	0.02150	0.01412	0.43733	0.08703	0.01847	0.01538	0.02307	0.00622	0.00170	0.03933	0.00538	0.00526	0.00821
19	0.00805	0.00537	0.00604	0.00604	0.00604	0.00537	0.00336	0.00805	0.00805	0.01074	0.01745	0.03624	0.02013	0.80536	0.02819	0.00537	0.00537	0.00805	0.00336	0.00336
20	0.01711	0.46164	0.02341	0.01245	0.04785	0.32602	0.01029	0.01881	0.01309	0.01346	0.00816	0.00953	0.00719	0.00513	0.00421	0.00130	0.00758	0.00329	0.00258	0.00690
21	0.00712	0.00499	0.00635	0.00725	0.00751	0.00475	0.00467	0.00787	0.01005	0.01344	0.04557	0.57965	0.03265	0.22617	0.01266	0.00306	0.00377	0.01356	0.00469	0.00421
22	0.20738	0.04824	0.01664	0.01868	0.28283	0.10806	0.01140	0.09790	0.01341	0.02056	0.00959	0.01162	0.00782	0.00534	0.00517	0.00156	0.03371	0.00407	0.00325	0.09275
23	0.01128	0.00609	0.00618	0.00584	0.00741	0.00623	0.00447	0.07890	0.01290	0.02192	0.01764	0.01999	0.01377	0.00647	0.00402	0.00132	0.00289	0.00515	0.76198	0.00554
24	0.01371	0.01316	0.02248	0.03399	0.77081	0.01316	0.01700	0.01700	0.01261	0.01809	0.01042	0.01371	0.00877	0.00493	0.00548	0.00164	0.00658	0.00493	0.00274	0.00877
25	0.00973	0.00832	0.00945	0.08276	0.01318	0.00885	0.00724	0.01669	0.29293	0.01793	0.03557	0.11433	0.31366	0.01116	0.00620	0.00193	0.00395	0.03467	0.00507	0.00635
26	0.00712	0.00512	0.00662	0.00730	0.00793	0.00476	0.00500	0.00847	0.01186	0.01608	0.22630	0.51353	0.07229	0.07035	0.00837	0.00231	0.00319	0.01351	0.00527	0.00462
27	0.00731	0.00543	0.00684	0.00706	0.00818	0.00495	0.00515	0.00921	0.01348	0.01824	0.38727	0.27329	0.17824	0.01378	0.00674	0.00195	0.00292	0.03946	0.00560	0.00490
28	0.01005	0.00854	0.00903	0.00848	0.01083	0.00900	0.00647	0.01824	0.36602	0.01927	0.08545	0.07500	0.32979	0.01094	0.00614	0.00188	0.00356	0.00922	0.00544	0.00663
29	0.01401	0.01201	0.01266	0.01132	0.01449	0.01389	0.00882	0.05286	0.73699	0.02355	0.02224	0.02042	0.01666	0.00749	0.00563	0.00187	0.00444	0.00622	0.00563	0.00879
30	0.01350	0.01200	0.01693	0.53583	0.07681	0.04369	0.01417	0.18501	0.01480	0.01916	0.01063	0.01418	0.00793	0.00576	0.00551	0.00177	0.00714	0.00488	0.00320	0.00708
31	0.01557	0.14866	0.01645	0.01172	0.01422	0.25647	0.02277	0.12050	0.01376	0.01605	0.01089	0.01571	0.01008	0.13560	0.07192	0.00277	0.10256	0.00477	0.00319	0.00633
32	0.01284	0.01238	0.04808	0.02656	0.52556	0.01166	0.04608	0.01644	0.03887	0.04258	0.01758	0.02163	0.09644	0.00677	0.00578	0.00175	0.00610	0.05149	0.00338	0.00802
33	0.01408	0.24897	0.14590	0.03422	0.21123	0.04177	0.10592	0.06870	0.01310	0.01753	0.01009	0.01228	0.00814	0.00512	0.00494	0.00154	0.00692	0.00439	0.03736	0.00779
34	0.00832	0.00640	0.00882	0.00974	0.08786	0.00599	0.00639	0.01086	0.01494	0.02097	0.61170	0.07315	0.09148	0.01109	0.00645	0.00176	0.00307	0.00984	0.00564	0.00553
35	0.01164	0.00875	0.01007	0.00913	0.01135	0.00918	0.00707	0.16111	0.15357	0.03730	0.22585	0.14595	0.10574	0.01221	0.03961	0.00217	0.00439	0.03280	0.00551	0.00661
36	0.01508	0.34738	0.10022	0.01309	0.01698	0.15648	0.06532	0.04502	0.01226	0.01481	0.00847	0.01060	0.00732	0.00599	0.00709	0.00159	0.15880	0.00388	0.00262	0.00701

[dist]
# distance from previous block
# <min> <max>
3	5

[block]
# block no. 11 follows, 43 sequences, length 10
# corresponding to MSA columns:
# 604-613
name=unknown_L
#
# <colnr> <probs for GDERKNQSTAVLIFYWHMCP>
#	G	D	E	R	K	N	Q	S	T	A	V	L	I	F	Y	W	H	M	C	P
