[name]
unknown

[dist]
# distance from previous block
# <min> <max>
0	653

[block]
# block no. 0 follows, 52 sequences, length 44
# corresponding to MSA columns:
# 756-799
name=unknown_A
#
# <colnr> <probs for GDERKNQSTAVLIFYWHMCP>
#	G	D	E	R	K	N	Q	S	T	A	V	L	I	F	Y	W	H	M	C	P
0	0.31726	0.01001	0.03615	0.12445	0.01445	0.04085	0.00786	0.05934	0.01043	0.04792	0.01022	0.01474	0.00873	0.00561	0.00449	0.00146	0.03194	0.08448	0.00315	0.16646
1	0.01266	0.03351	0.11700	0.17078	0.07173	0.01265	0.07119	0.24203	0.07711	0.01914	0.01108	0.01297	0.02029	0.00655	0.03147	0.00177	0.07346	0.00451	0.00325	0.00685
2	0.00917	0.00709	0.00952	0.19761	0.01441	0.03903	0.00743	0.01131	0.03920	0.06445	0.01282	0.01969	0.01179	0.20199	0.31502	0.00464	0.02196	0.00529	0.00288	0.00472
3	0.41830	0.01033	0.01032	0.00948	0.06383	0.01148	0.00711	0.26708	0.01393	0.02395	0.10992	0.01302	0.01159	0.00562	0.00408	0.00148	0.00422	0.00410	0.00387	0.00631
4	0.01356	0.01156	0.01581	0.27919	0.30065	0.10192	0.01233	0.06352	0.01204	0.12747	0.01035	0.01254	0.00777	0.00490	0.00478	0.00148	0.00607	0.00426	0.00300	0.00681
5	0.00690	0.00464	0.00533	0.00547	0.00551	0.00460	0.00314	0.00701	0.00733	0.00978	0.01674	0.13371	0.01947	0.72517	0.02229	0.00435	0.00446	0.00791	0.00314	0.00306
6	0.75460	0.00965	0.00873	0.00937	0.11076	0.01095	0.00648	0.01433	0.00860	0.02098	0.00705	0.00840	0.00556	0.00448	0.00323	0.00149	0.00401	0.00284	0.00292	0.00556
7	0.01433	0.00933	0.01204	0.01152	0.12631	0.00867	0.00792	0.16198	0.01348	0.21525	0.01422	0.11703	0.01185	0.00621	0.00466	0.00132	0.00427	0.00527	0.00417	0.25019
8	0.00644	0.00478	0.00619	0.00680	0.00760	0.00426	0.00466	0.00745	0.00938	0.01281	0.02439	0.72175	0.02886	0.01369	0.00585	0.00181	0.00291	0.01238	0.00429	0.11371
9	0.00784	0.00528	0.00585	0.00559	0.00736	0.00449	0.00423	0.00916	0.01136	0.11463	0.07367	0.10977	0.60000	0.01162	0.00566	0.00164	0.00269	0.00979	0.00473	0.00463
10	0.86392	0.00937	0.00712	0.00637	0.00937	0.01087	0.00525	0.01425	0.00825	0.02174	0.00675	0.00787	0.00525	0.00450	0.00300	0.00150	0.00375	0.00262	0.00300	0.00525
11	0.00718	0.00529	0.00655	0.00619	0.00732	0.00507	0.00453	0.00989	0.06542	0.01788	0.60545	0.03493	0.07866	0.11500	0.00809	0.00195	0.00271	0.00840	0.00496	0.00455
12	0.00983	0.00597	0.00733	0.00673	0.00869	0.00515	0.00505	0.02309	0.01125	0.17296	0.07708	0.29168	0.22592	0.01060	0.00542	0.00159	0.00309	0.00919	0.00465	0.11472
13	0.00853	0.07233	0.06258	0.00811	0.00982	0.04015	0.00691	0.02556	0.00960	0.01359	0.11263	0.01891	0.01513	0.02309	0.45200	0.00493	0.02959	0.00516	0.07650	0.00487
14	0.00778	0.00586	0.00809	0.00908	0.10896	0.00546	0.00586	0.00996	0.01290	0.04102	0.55529	0.05979	0.13218	0.00954	0.00559	0.00154	0.00282	0.00842	0.00485	0.00500
15	0.28662	0.01144	0.01111	0.00902	0.01222	0.03809	0.00736	0.41392	0.01669	0.02570	0.11071	0.01349	0.01203	0.00589	0.00435	0.00147	0.00455	0.00433	0.00424	0.00673
16	0.04593	0.01565	0.11478	0.01159	0.01424	0.20560	0.01018	0.18894	0.01316	0.01705	0.02184	0.01300	0.06016	0.00666	0.00785	0.00162	0.23819	0.00431	0.00306	0.00619
17	0.01313	0.01064	0.01125	0.00961	0.01254	0.01192	0.00762	0.24833	0.46258	0.02240	0.02109	0.01983	0.11329	0.00708	0.00501	0.00159	0.00410	0.00576	0.00485	0.00738
18	0.01152	0.01058	0.01331	0.01099	0.01263	0.05966	0.06005	0.11688	0.01069	0.01522	0.00968	0.04095	0.00896	0.07183	0.02231	0.00199	0.35332	0.00469	0.04963	0.11511
19	0.00908	0.00488	0.00511	0.00495	0.00617	0.00489	0.00374	0.03755	0.01105	0.01867	0.11590	0.02017	0.01655	0.00620	0.00374	0.00119	0.00237	0.00506	0.71808	0.00465
20	0.01017	0.00949	0.01579	0.31481	0.39936	0.01028	0.01286	0.01317	0.02822	0.01423	0.01143	0.11700	0.01052	0.00596	0.00500	0.00158	0.00559	0.00555	0.00264	0.00636
21	0.00779	0.00543	0.00640	0.00613	0.00629	0.00597	0.00398	0.00825	0.00754	0.01093	0.01420	0.02705	0.01543	0.60658	0.02050	0.00386	0.10908	0.00633	0.12479	0.00347
22	0.00680	0.00509	0.00643	0.00727	0.00792	0.00507	0.00510	0.00938	0.10967	0.01351	0.02575	0.67807	0.02960	0.01397	0.00605	0.00194	0.00304	0.05633	0.00455	0.00445
23	0.00607	0.00492	0.00538	0.00526	0.00675	0.00423	0.00395	0.00761	0.01184	0.01499	0.27276	0.04352	0.57264	0.01157	0.00572	0.00160	0.00240	0.00979	0.00475	0.00423
24	0.00693	0.00518	0.00771	0.00771	0.00854	0.00601	0.00595	0.00860	0.00776	0.01119	0.01306	0.01945	0.01230	0.06243	0.78465	0.00769	0.01271	0.00525	0.00261	0.00428
25	0.01987	0.01124	0.01310	0.01004	0.01387	0.01157	0.00830	0.45117	0.01889	0.36818	0.01491	0.01376	0.00988	0.00590	0.00486	0.00147	0.00480	0.00459	0.00535	0.00824
26	0.01436	0.00887	0.01034	0.00896	0.01173	0.00933	0.00704	0.02249	0.42661	0.27242	0.08092	0.07308	0.01747	0.00723	0.00506	0.00161	0.00374	0.00610	0.00528	0.00736
27	0.01099	0.01076	0.03103	0.29657	0.52691	0.01126	0.01444	0.01404	0.01057	0.01465	0.00894	0.01228	0.00724	0.00450	0.00481	0.00150	0.00602	0.00430	0.00231	0.00689
28	0.01810	0.02310	0.01373	0.01248	0.01498	0.81024	0.00936	0.01935	0.01373	0.01186	0.00749	0.00874	0.00624	0.00499	0.00437	0.00125	0.00874	0.00312	0.00250	0.00562
29	0.02053	0.00863	0.01172	0.07225	0.01420	0.00794	0.00776	0.07357	0.01414	0.68918	0.01779	0.01589	0.01131	0.00590	0.00487	0.00151	0.00439	0.00479	0.00562	0.00802
30	0.01021	0.02438	0.77238	0.01360	0.02062	0.01109	0.01747	0.01568	0.01038	0.04732	0.00912	0.01049	0.00638	0.00466	0.00461	0.00153	0.00704	0.00363	0.00221	0.00721
31	0.00663	0.00494	0.00616	0.00585	0.00710	0.00447	0.00439	0.00870	0.01317	0.01813	0.64381	0.03834	0.19963	0.01039	0.00572	0.00155	0.00232	0.00906	0.00516	0.00447
32	0.00590	0.00422	0.00562	0.00675	0.00703	0.00394	0.00450	0.00675	0.00928	0.01237	0.02671	0.82653	0.03205	0.01518	0.00619	0.00197	0.00281	0.01378	0.00450	0.00394
33	0.01416	0.00994	0.01102	0.00959	0.01255	0.01098	0.00755	0.02529	0.62217	0.19005	0.01959	0.01774	0.01419	0.00645	0.00492	0.00161	0.00390	0.00535	0.00516	0.00780
34	0.00857	0.00651	0.05936	0.00629	0.00758	0.00581	0.00501	0.04692	0.00944	0.01472	0.01445	0.02132	0.01323	0.24724	0.16116	0.00344	0.00545	0.00530	0.35382	0.00438
35	0.01060	0.01060	0.01484	0.01272	0.01272	0.01484	0.01060	0.01166	0.00742	0.01166	0.00636	0.01060	0.00636	0.00848	0.01590	0.00212	0.82082	0.00424	0.00212	0.00530
36	0.00972	0.02507	0.80458	0.01381	0.02097	0.01125	0.01790	0.01535	0.01023	0.01535	0.00870	0.01023	0.00614	0.00460	0.00460	0.00153	0.00716	0.00358	0.00205	0.00716
37	0.00784	0.00798	0.10135	0.00795	0.00975	0.00620	0.01661	0.09534	0.01136	0.01516	0.05257	0.48071	0.14409	0.01210	0.00576	0.00179	0.00361	0.01069	0.00425	0.00488
38	0.01328	0.01137	0.01694	0.02202	0.50174	0.01130	0.01214	0.16488	0.01328	0.04503	0.00987	0.01178	0.00786	0.00456	0.00463	0.00134	0.00529	0.00413	0.00307	0.13550
39	0.00588	0.00432	0.00552	0.00648	0.00696	0.00396	0.00438	0.00678	0.00953	0.01248	0.02996	0.71321	0.14328	0.01476	0.00612	0.00192	0.00276	0.01326	0.00450	0.00396
40	0.01171	0.01506	0.19969	0.25496	0.26446	0.09585	0.01421	0.04520	0.01125	0.02952	0.00898	0.01158	0.00691	0.00470	0.00472	0.00149	0.00656	0.00403	0.00242	0.00670
41	0.01187	0.01176	0.04793	0.01800	0.13347	0.01079	0.43217	0.03692	0.01157	0.06284	0.02609	0.01364	0.00882	0.00462	0.00538	0.00150	0.02524	0.00511	0.07686	0.05541
42	0.00603	0.00502	0.00554	0.00563	0.00693	0.00453	0.00417	0.00726	0.01076	0.01333	0.09343	0.18270	0.57941	0.01248	0.00622	0.00171	0.03573	0.01052	0.00446	0.00414
43	0.01117	0.06498	0.07286	0.00850	0.01115	0.03601	0.00735	0.23137	0.01577	0.02149	0.43162	0.02433	0.02795	0.00777	0.00516	0.00146	0.00395	0.00650	0.00462	0.00597

[dist]
# distance from previous block
# <min> <max>
0	1

[block]
# block no. 1 follows, 52 sequences, length 18
# corresponding to MSA columns:
# 801-818
name=unknown_B
#
# <colnr> <probs for GDERKNQSTAVLIFYWHMCP>
#	G	D	E	R	K	N	Q	S	T	A	V	L	I	F	Y	W	H	M	C	P
0	0.01358	0.01522	0.02247	0.01773	0.06286	0.20053	0.43969	0.08236	0.01266	0.01571	0.00915	0.01170	0.00712	0.00476	0.00597	0.00155	0.06304	0.00481	0.00264	0.00644
1	0.01860	0.01070	0.01257	0.00956	0.01345	0.01060	0.00787	0.36469	0.01736	0.34403	0.01427	0.01340	0.00963	0.00558	0.00468	0.00137	0.00459	0.00436	0.00504	0.12766
2	0.70782	0.11370	0.00980	0.00697	0.01008	0.05830	0.00587	0.01457	0.00877	0.01987	0.00679	0.00791	0.00543	0.00448	0.00309	0.00143	0.00422	0.00265	0.00285	0.00539
3	0.00858	0.00683	0.10671	0.00726	0.00816	0.00509	0.00593	0.00745	0.00681	0.00929	0.00845	0.01416	0.00813	0.01530	0.01714	0.75117	0.00458	0.00413	0.00210	0.00274
4	0.00770	0.07726	0.03969	0.00714	0.00868	0.00632	0.00589	0.02727	0.01190	0.01625	0.34262	0.20351	0.07398	0.01073	0.00560	0.00167	0.00323	0.11668	0.02917	0.00472
5	0.00972	0.02507	0.80458	0.01381	0.02097	0.01125	0.01790	0.01535	0.01023	0.01535	0.00870	0.01023	0.00614	0.00460	0.00460	0.00153	0.00716	0.00358	0.00205	0.00716
6	0.00688	0.00502	0.00684	0.00681	0.00751	0.00545	0.00496	0.00817	0.00831	0.01160	0.08605	0.02554	0.06216	0.24284	0.48328	0.00605	0.00921	0.00630	0.00304	0.00397
7	0.01239	0.69205	0.16102	0.00925	0.01392	0.01780	0.00997	0.01466	0.00991	0.01209	0.00708	0.00820	0.00620	0.00423	0.00337	0.00112	0.00553	0.00276	0.00207	0.00638
8	0.01005	0.00861	0.01005	0.00718	0.01148	0.00646	0.00574	0.01220	0.01005	0.01579	0.00861	0.01005	0.00718	0.00359	0.00359	0.00072	0.00359	0.00287	0.00287	0.85932
9	0.01116	0.00745	0.00833	0.00777	0.00952	0.05685	0.00588	0.08201	0.04313	0.15853	0.15437	0.28287	0.09180	0.01052	0.00577	0.01532	0.00365	0.03481	0.00479	0.00547
10	0.04758	0.11062	0.48044	0.04814	0.01867	0.01139	0.03853	0.01658	0.01078	0.15786	0.01032	0.01121	0.00723	0.00480	0.00447	0.00148	0.00625	0.00377	0.00282	0.00707
11	0.00592	0.00480	0.00526	0.00539	0.00673	0.00413	0.00395	0.00723	0.01113	0.01388	0.15273	0.17707	0.56002	0.01243	0.00580	0.00168	0.00249	0.01062	0.00462	0.00413
12	0.00836	0.00425	0.00637	0.00637	0.00640	0.00428	0.00428	0.00640	0.00637	0.00852	0.00859	0.01489	0.00856	0.01757	0.04886	0.82683	0.00454	0.00425	0.00212	0.00219
13	0.01300	0.03550	0.10521	0.05484	0.42058	0.11190	0.08256	0.01631	0.03357	0.06591	0.00979	0.01188	0.00769	0.00460	0.00477	0.00145	0.00636	0.00424	0.00266	0.00716
14	0.01437	0.01179	0.01226	0.03092	0.04841	0.13737	0.00854	0.10638	0.22812	0.14042	0.01429	0.04187	0.01122	0.00915	0.07789	0.00214	0.08915	0.00493	0.00401	0.00678
15	0.01255	0.00737	0.00901	0.00805	0.01042	0.00728	0.00647	0.01742	0.20633	0.24972	0.16688	0.02990	0.11797	0.00873	0.00542	0.00167	0.00356	0.11970	0.00520	0.00635
16	0.00958	0.00985	0.01918	0.30068	0.02465	0.01016	0.35993	0.01280	0.01063	0.01405	0.03609	0.10434	0.05342	0.00618	0.00546	0.00166	0.00650	0.00643	0.00276	0.00565
17	0.00943	0.04477	0.52235	0.01167	0.01686	0.00999	0.01377	0.01466	0.07219	0.01566	0.04895	0.06769	0.01252	0.00649	0.00487	0.00160	0.00587	0.07314	0.04104	0.00649

[dist]
# distance from previous block
# <min> <max>
0	6

[block]
# block no. 2 follows, 52 sequences, length 36
# corresponding to MSA columns:
# 825-860
name=unknown_C
#
# <colnr> <probs for GDERKNQSTAVLIFYWHMCP>
#	G	D	E	R	K	N	Q	S	T	A	V	L	I	F	Y	W	H	M	C	P
0	0.00982	0.00482	0.00515	0.00493	0.00625	0.00471	0.00374	0.01205	0.01068	0.07599	0.06907	0.01918	0.01465	0.00596	0.00366	0.00118	0.00240	0.00483	0.73613	0.00480
1	0.00599	0.00487	0.00535	0.00565	0.00701	0.00423	0.00427	0.00727	0.01078	0.01313	0.04290	0.17180	0.58943	0.01286	0.00591	0.00176	0.00274	0.09544	0.00450	0.00411
2	0.01060	0.07767	0.58252	0.07309	0.02121	0.06730	0.07151	0.01536	0.01050	0.01463	0.00855	0.01036	0.00626	0.00458	0.00458	0.00149	0.00716	0.00369	0.00212	0.00681
3	0.01031	0.00826	0.00949	0.05236	0.01167	0.00902	0.00677	0.07067	0.36320	0.03314	0.29790	0.02529	0.06576	0.00791	0.00524	0.00158	0.00346	0.00675	0.00491	0.00630
4	0.07847	0.00789	0.01025	0.00806	0.01142	0.00706	0.00660	0.02127	0.01325	0.64992	0.07086	0.01732	0.01384	0.00614	0.00471	0.00148	0.00386	0.00496	0.05506	0.00757
5	0.00713	0.00546	0.00722	0.00701	0.00820	0.00575	0.00538	0.00987	0.06790	0.01491	0.28312	0.02824	0.12252	0.02218	0.37770	0.00444	0.00737	0.00705	0.00393	0.00463
6	0.06921	0.01263	0.07921	0.09524	0.35728	0.01163	0.27368	0.01486	0.01080	0.01578	0.00911	0.01203	0.00718	0.00432	0.00498	0.00153	0.00660	0.00462	0.00241	0.00688
7	0.01811	0.02279	0.01376	0.01244	0.01498	0.78430	0.00936	0.04427	0.01403	0.01247	0.00763	0.00883	0.00631	0.00502	0.00439	0.00126	0.00863	0.00316	0.00257	0.00570
8	0.00590	0.00422	0.00562	0.00675	0.00703	0.00394	0.00450	0.00675	0.00928	0.01237	0.02671	0.82653	0.03205	0.01518	0.00619	0.00197	0.00281	0.01378	0.00450	0.00394
9	0.00711	0.00658	0.05074	0.04047	0.06263	0.00549	0.00613	0.00930	0.01222	0.01663	0.43113	0.08965	0.22366	0.00998	0.00559	0.00158	0.00303	0.00871	0.00456	0.00479
10	0.00605	0.00486	0.00512	0.00531	0.00669	0.00423	0.00388	0.00749	0.02440	0.01336	0.04268	0.18642	0.60138	0.01234	0.00567	0.00167	0.00253	0.01048	0.05129	0.00415
11	0.00590	0.00422	0.00562	0.00675	0.00703	0.00394	0.00450	0.00675	0.00928	0.01237	0.02671	0.82653	0.03205	0.01518	0.00619	0.00197	0.00281	0.01378	0.00450	0.00394
12	0.01083	0.30096	0.53838	0.01193	0.01806	0.01396	0.01462	0.01506	0.01010	0.01400	0.00803	0.00939	0.00617	0.00445	0.00409	0.00136	0.00649	0.00324	0.00206	0.00684
13	0.00573	0.00491	0.00491	0.00491	0.00655	0.00409	0.00368	0.00695	0.01105	0.01309	0.04909	0.04664	0.79750	0.01227	0.00573	0.00164	0.00245	0.01023	0.00450	0.00409
14	0.01636	0.20843	0.07486	0.01136	0.01484	0.41710	0.00972	0.16350	0.01430	0.01557	0.00820	0.00918	0.00661	0.00493	0.00419	0.00126	0.00715	0.00327	0.00281	0.00637
15	0.00996	0.00850	0.00987	0.00734	0.01132	0.00670	0.00581	0.01282	0.06300	0.01591	0.01035	0.05509	0.00905	0.00442	0.00382	0.00085	0.00356	0.00364	0.00310	0.75490
16	0.01079	0.05546	0.01449	0.12390	0.01583	0.07513	0.07222	0.06881	0.01004	0.01346	0.01020	0.07897	0.00961	0.01199	0.13969	0.00274	0.27343	0.00513	0.00265	0.00544
17	0.01296	0.83261	0.02539	0.00829	0.01244	0.01917	0.00829	0.01451	0.00985	0.01140	0.00674	0.00777	0.00622	0.00415	0.00311	0.00104	0.00518	0.00259	0.00207	0.00622
18	0.00586	0.00487	0.00514	0.00532	0.00679	0.00416	0.00399	0.00710	0.01087	0.01309	0.04553	0.12671	0.67740	0.01263	0.00583	0.00170	0.00260	0.05182	0.00450	0.00410
19	0.00652	0.00490	0.00567	0.00547	0.00683	0.00436	0.00411	0.00834	0.01232	0.01659	0.41990	0.03949	0.36917	0.01064	0.00556	0.00155	0.00236	0.00911	0.06276	0.00436
20	0.08021	0.00833	0.01096	0.00847	0.01216	0.00738	0.00699	0.02297	0.01348	0.74859	0.01826	0.01590	0.01153	0.00589	0.00474	0.00150	0.00410	0.00472	0.00579	0.00804
21	0.00640	0.00488	0.00592	0.00599	0.00718	0.00439	0.00449	0.00812	0.01198	0.01589	0.37424	0.15286	0.30100	0.01172	0.00586	0.00168	0.00258	0.06564	0.00487	0.00431
22	0.73143	0.00974	0.00811	0.00698	0.01011	0.01109	0.00576	0.09321	0.01004	0.06552	0.00793	0.00873	0.00592	0.00472	0.00329	0.00149	0.00393	0.00292	0.00335	0.00572
23	0.00606	0.00488	0.00539	0.00535	0.00677	0.00422	0.00398	0.00756	0.01170	0.01485	0.25962	0.08889	0.54018	0.01177	0.00575	0.00162	0.00243	0.01002	0.00474	0.00422
24	0.00997	0.00628	0.00686	0.00638	0.00805	0.00657	0.00489	0.01512	0.20965	0.05569	0.17173	0.02159	0.01960	0.00674	0.00431	0.00136	0.00275	0.00562	0.43134	0.00551
25	0.01815	0.02155	0.01386	0.01227	0.01499	0.68075	0.00934	0.14375	0.01521	0.01490	0.00817	0.00921	0.00657	0.00513	0.00445	0.00128	0.00818	0.00332	0.00288	0.00605
26	0.01084	0.01193	0.02535	0.06272	0.02384	0.01134	0.65034	0.01466	0.01147	0.01553	0.05840	0.01673	0.01075	0.00499	0.00572	0.00166	0.00752	0.04725	0.00272	0.00624
27	0.00915	0.00861	0.01453	0.81804	0.03338	0.01077	0.01346	0.01238	0.00969	0.01238	0.00861	0.01292	0.00646	0.00484	0.00484	0.00161	0.00646	0.00431	0.00215	0.00538
28	0.40479	0.06215	0.39314	0.01007	0.01514	0.01151	0.01153	0.01479	0.00929	0.01809	0.00769	0.00901	0.00573	0.00453	0.00378	0.00149	0.00548	0.00308	0.00249	0.00623
29	0.01250	0.01063	0.01121	0.00995	0.01277	0.01226	0.00778	0.07835	0.73739	0.02098	0.01916	0.01763	0.01434	0.00652	0.00493	0.00163	0.00394	0.00540	0.00493	0.00771
30	0.01415	0.01111	0.01190	0.00998	0.01305	0.01246	0.00796	0.30966	0.42400	0.03674	0.06246	0.01740	0.03378	0.00662	0.00496	0.00156	0.00428	0.00536	0.00493	0.00763
31	0.00664	0.00485	0.00620	0.00606	0.00711	0.00445	0.00445	0.00859	0.01274	0.01771	0.61097	0.14237	0.11003	0.02853	0.00619	0.00166	0.00242	0.00952	0.00510	0.00441
32	0.00641	0.00446	0.00584	0.00670	0.00724	0.00412	0.00462	0.00744	0.00985	0.03281	0.07280	0.67582	0.08910	0.01437	0.00611	0.00191	0.00284	0.03886	0.00458	0.00411
33	0.00842	0.00421	0.00631	0.00631	0.00631	0.00421	0.00421	0.00631	0.00631	0.00842	0.00842	0.01473	0.00842	0.01684	0.01894	0.85901	0.00421	0.00421	0.00210	0.00210
34	0.01467	0.48180	0.02049	0.01004	0.01338	0.25890	0.00883	0.06035	0.01161	0.01267	0.00722	0.00849	0.00635	0.00480	0.00449	0.00120	0.06328	0.00297	0.00237	0.00609
35	0.07047	0.01031	0.01629	0.21197	0.45737	0.01099	0.01277	0.06045	0.01136	0.01647	0.05493	0.02587	0.00984	0.00504	0.00476	0.00150	0.00551	0.00460	0.00273	0.00676

[dist]
# distance from previous block
# <min> <max>
4	6

[block]
# block no. 3 follows, 52 sequences, length 39
# corresponding to MSA columns:
# 867-905
name=unknown_D
#
# <colnr> <probs for GDERKNQSTAVLIFYWHMCP>
#	G	D	E	R	K	N	Q	S	T	A	V	L	I	F	Y	W	H	M	C	P
0	0.00876	0.00660	0.00856	0.00794	0.00848	0.00810	0.00618	0.01019	0.00844	0.01345	0.01277	0.05886	0.01206	0.11248	0.15375	0.00311	0.26724	0.00533	0.28320	0.00451
1	0.01810	0.02310	0.01373	0.01248	0.01498	0.81024	0.00936	0.01935	0.01373	0.01186	0.00749	0.00874	0.00624	0.00499	0.00437	0.00125	0.00874	0.00312	0.00250	0.00562
2	0.04005	0.00805	0.01059	0.00818	0.01169	0.00697	0.00663	0.02104	0.01285	0.64755	0.01749	0.01675	0.01176	0.06580	0.00614	0.00165	0.00410	0.00478	0.00539	0.09251
3	0.00587	0.00479	0.00519	0.00534	0.00670	0.00411	0.00391	0.00714	0.01101	0.01360	0.11938	0.18012	0.59093	0.01254	0.00581	0.00168	0.00250	0.01069	0.00458	0.00411
4	0.60072	0.00838	0.00724	0.00636	0.00914	0.00926	0.00518	0.01502	0.00935	0.12846	0.01001	0.01082	0.00741	0.00490	0.00332	0.00144	0.00354	0.00326	0.15064	0.00553
5	0.00886	0.00471	0.00668	0.00651	0.00671	0.00479	0.00440	0.04610	0.00719	0.00960	0.00891	0.01539	0.00885	0.05560	0.01850	0.77380	0.00429	0.00435	0.00228	0.00246
6	0.01536	0.01190	0.01107	0.00925	0.01203	0.13765	0.00734	0.31146	0.10675	0.07936	0.01358	0.01400	0.01008	0.00574	0.00439	0.00136	0.00479	0.00437	0.23274	0.00676
7	0.01296	0.83261	0.02539	0.00829	0.01244	0.01917	0.00829	0.01451	0.00985	0.01140	0.00674	0.00777	0.00622	0.00415	0.00311	0.00104	0.00518	0.00259	0.00207	0.00622
8	0.01153	0.00885	0.00978	0.00836	0.01066	0.04961	0.06237	0.12481	0.20400	0.01954	0.01754	0.01822	0.06414	0.00619	0.00435	0.00138	0.00386	0.00513	0.36369	0.00599
9	0.00915	0.00861	0.01453	0.81804	0.03338	0.01077	0.01346	0.01238	0.00969	0.01238	0.00861	0.01292	0.00646	0.00484	0.00484	0.00161	0.00646	0.00431	0.00215	0.00538
10	0.01198	0.00900	0.00970	0.00863	0.01092	0.00996	0.00669	0.20512	0.32082	0.02101	0.01821	0.15594	0.01572	0.00770	0.00484	0.00156	0.00373	0.00646	0.16544	0.00657
11	0.01443	0.01215	0.01182	0.00998	0.01293	0.10114	0.00790	0.29445	0.30185	0.04018	0.06947	0.01798	0.07057	0.00675	0.00495	0.00152	0.00472	0.00537	0.00465	0.00719
12	0.08482	0.01204	0.06566	0.01167	0.09181	0.03746	0.02176	0.25465	0.04253	0.08079	0.01085	0.01179	0.00818	0.00643	0.04339	0.00161	0.00535	0.00392	0.00368	0.20162
13	0.00687	0.00553	0.00734	0.00714	0.00844	0.00519	0.04760	0.00925	0.06318	0.01507	0.22075	0.30456	0.23221	0.01188	0.00586	0.00174	0.00301	0.03523	0.00462	0.00454
14	0.00668	0.00505	0.00692	0.00810	0.06488	0.00473	0.00524	0.00822	0.01109	0.01521	0.30437	0.44425	0.07226	0.01235	0.00589	0.00175	0.00282	0.01111	0.00465	0.00445
15	0.17732	0.01387	0.13291	0.06388	0.33887	0.06961	0.06384	0.03724	0.01093	0.03519	0.00880	0.01092	0.00690	0.00454	0.00446	0.00148	0.00594	0.00390	0.00261	0.00681
16	0.10504	0.01207	0.03668	0.10537	0.07601	0.03253	0.06112	0.25690	0.22516	0.02172	0.01245	0.01313	0.00928	0.00548	0.00471	0.00154	0.00525	0.00451	0.00388	0.00718
17	0.00610	0.00467	0.00549	0.00590	0.00693	0.00417	0.00425	0.00740	0.01076	0.01390	0.14717	0.33409	0.36026	0.01290	0.00588	0.00175	0.00263	0.03802	0.02360	0.00413
18	0.00590	0.00422	0.00562	0.00675	0.00703	0.00394	0.00450	0.00675	0.00928	0.01237	0.02671	0.82653	0.03205	0.01518	0.00619	0.00197	0.00281	0.01378	0.00450	0.00394
19	0.04807	0.02774	0.01613	0.12538	0.01790	0.09616	0.15260	0.10183	0.04856	0.05191	0.01060	0.06493	0.00904	0.00647	0.00756	0.00168	0.19927	0.00503	0.00304	0.00608
20	0.01455	0.01629	0.01515	0.23173	0.17067	0.38436	0.01151	0.07234	0.01279	0.01413	0.00841	0.01070	0.00672	0.00488	0.00461	0.00140	0.00731	0.00376	0.00256	0.00614
21	0.00952	0.00740	0.00807	0.00737	0.00906	0.06299	0.00562	0.01363	0.14757	0.07105	0.52343	0.02978	0.05310	0.00924	0.01925	0.00163	0.00332	0.00751	0.00504	0.00541
22	0.01160	0.01187	0.01735	0.33729	0.36453	0.10909	0.05077	0.01447	0.01086	0.01397	0.00875	0.01201	0.00701	0.00460	0.00481	0.00149	0.00652	0.00423	0.00232	0.00647
23	0.22191	0.01338	0.01252	0.06554	0.01432	0.25854	0.06661	0.01455	0.01009	0.01448	0.00825	0.01101	0.00703	0.01018	0.13119	0.00251	0.12624	0.00376	0.00255	0.00533
24	0.01410	0.09811	0.03260	0.07360	0.36717	0.30498	0.01216	0.01632	0.01180	0.01369	0.00824	0.01041	0.00689	0.00459	0.00447	0.00134	0.00687	0.00369	0.00238	0.00661
25	0.00909	0.00768	0.01180	0.05191	0.18935	0.00736	0.06417	0.01189	0.03449	0.03630	0.36175	0.02612	0.09626	0.00758	0.00528	0.00148	0.00389	0.00687	0.00407	0.06266
26	0.01650	0.27461	0.01736	0.01118	0.01419	0.56446	0.00903	0.01785	0.01253	0.01172	0.00726	0.00844	0.00623	0.00473	0.00398	0.00118	0.00763	0.00296	0.00237	0.00580
27	0.00689	0.00510	0.00743	0.00749	0.00824	0.00582	0.00567	0.00840	0.00779	0.01112	0.01387	0.05939	0.01363	0.11442	0.69320	0.00720	0.01166	0.00579	0.00272	0.00417
28	0.00615	0.00439	0.00581	0.00657	0.00704	0.00410	0.00448	0.00730	0.01024	0.01391	0.20159	0.62993	0.03485	0.03129	0.00647	0.00193	0.00273	0.01249	0.00466	0.00406
29	0.01018	0.00966	0.01639	0.53364	0.30977	0.01104	0.01397	0.01328	0.01017	0.01363	0.00879	0.01259	0.00690	0.00465	0.00483	0.00155	0.00621	0.00431	0.00224	0.00621
30	0.02833	0.01227	0.07977	0.01045	0.01339	0.06947	0.00905	0.25444	0.01393	0.10945	0.01112	0.01287	0.00864	0.01137	0.15102	0.00264	0.12661	0.00426	0.00359	0.06734
31	0.00796	0.00677	0.01014	0.25192	0.09447	0.00722	0.00826	0.01039	0.01167	0.01583	0.35238	0.05346	0.12025	0.00826	0.00555	0.00158	0.01768	0.00725	0.00390	0.00506
32	0.01209	0.00794	0.00829	0.00719	0.00933	0.00860	0.00567	0.22503	0.13865	0.02184	0.01529	0.01631	0.01166	0.00584	0.00403	0.00130	0.00335	0.00463	0.48691	0.00604
33	0.86392	0.00937	0.00712	0.00637	0.00937	0.01087	0.00525	0.01425	0.00825	0.02174	0.00675	0.00787	0.00525	0.00450	0.00300	0.00150	0.00375	0.00262	0.00300	0.00525
34	0.00590	0.00422	0.00562	0.00675	0.00703	0.00394	0.00450	0.00675	0.00928	0.01237	0.02671	0.82653	0.03205	0.01518	0.00619	0.00197	0.00281	0.01378	0.00450	0.00394
35	0.01008	0.00859	0.00992	0.00743	0.01134	0.00701	0.00590	0.01363	0.10449	0.01657	0.06258	0.01276	0.01067	0.00437	0.00389	0.00088	0.00353	0.00358	0.00328	0.69949
36	0.00635	0.00450	0.00561	0.00612	0.00654	0.00425	0.00402	0.00719	0.00942	0.01262	0.13740	0.43787	0.08113	0.24098	0.01123	0.00264	0.00324	0.01093	0.00419	0.00376
37	0.01771	0.15446	0.01618	0.01048	0.01439	0.01518	0.00890	0.59692	0.01992	0.08191	0.01132	0.01131	0.00816	0.00554	0.00455	0.00139	0.00522	0.00409	0.00445	0.00789
38	0.05057	0.01357	0.01145	0.00997	0.01267	0.22905	0.00777	0.18608	0.24322	0.01968	0.09357	0.01757	0.07078	0.00664	0.00481	0.00148	0.00524	0.00514	0.00417	0.00656

[dist]
# distance from previous block
# <min> <max>
0	3

[block]
# block no. 4 follows, 52 sequences, length 13
# corresponding to MSA columns:
# 909-921
name=unknown_E
#
# <colnr> <probs for GDERKNQSTAVLIFYWHMCP>
#	G	D	E	R	K	N	Q	S	T	A	V	L	I	F	Y	W	H	M	C	P
0	0.02152	0.00861	0.01147	0.00879	0.01255	0.00766	0.00726	0.07505	0.01447	0.75054	0.01861	0.01617	0.01174	0.00599	0.00487	0.00150	0.00421	0.00484	0.00592	0.00825
1	0.04806	0.00474	0.00586	0.00637	0.00710	0.00449	0.00444	0.00779	0.01046	0.01467	0.23463	0.48691	0.08799	0.04513	0.00660	0.00191	0.00276	0.01136	0.00459	0.00414
2	0.01199	0.01151	0.01967	0.02974	0.79946	0.01151	0.01487	0.01487	0.01103	0.01583	0.00912	0.01199	0.00768	0.00432	0.00480	0.00144	0.00576	0.00432	0.00240	0.00768
3	0.00604	0.00485	0.00504	0.00507	0.00656	0.00414	0.00377	0.00739	0.01107	0.01384	0.09858	0.08963	0.64619	0.01183	0.00559	0.00161	0.00245	0.00994	0.06224	0.00414
4	0.00998	0.00953	0.01639	0.58273	0.23370	0.01102	0.04165	0.01315	0.01011	0.01340	0.00879	0.01268	0.00681	0.00468	0.00486	0.00157	0.00634	0.00436	0.00223	0.00603
5	0.00842	0.00421	0.00631	0.00631	0.00631	0.00421	0.00421	0.00631	0.00631	0.00842	0.00842	0.01473	0.00842	0.01684	0.01894	0.85901	0.00421	0.00421	0.00210	0.00210
6	0.00651	0.00465	0.00632	0.00744	0.00798	0.00446	0.00555	0.00779	0.00987	0.01305	0.02638	0.58177	0.03073	0.01461	0.00635	0.00205	0.00333	0.25258	0.00449	0.00410
7	0.00797	0.00633	0.00949	0.00947	0.02767	0.00608	0.08853	0.01037	0.04051	0.03124	0.02736	0.21989	0.15260	0.01201	0.00617	0.00195	0.00415	0.32916	0.00427	0.00478
8	0.01145	0.33761	0.47123	0.01147	0.01733	0.01416	0.01375	0.01535	0.01022	0.04474	0.00835	0.00952	0.00640	0.00448	0.00403	0.00134	0.00627	0.00325	0.00221	0.00684
9	0.01579	0.01869	0.01429	0.01306	0.04034	0.51810	0.00989	0.05585	0.01232	0.01289	0.00744	0.00952	0.00643	0.00600	0.00767	0.00151	0.23845	0.00354	0.00251	0.00573
10	0.00845	0.00668	0.00719	0.00666	0.00809	0.07423	0.00503	0.01053	0.01348	0.05642	0.62116	0.03384	0.11065	0.00951	0.00556	0.00151	0.00295	0.00822	0.00504	0.00480
11	0.01279	0.07464	0.09769	0.01076	0.05276	0.01042	0.04796	0.11500	0.11967	0.08753	0.01141	0.01202	0.00864	0.00471	0.00429	0.00120	0.00473	0.00387	0.00349	0.31642
12	0.24433	0.01025	0.01110	0.00879	0.01236	0.01067	0.00723	0.25001	0.04456	0.30974	0.01329	0.01261	0.00904	0.00550	0.00433	0.00147	0.00436	0.00409	0.00472	0.03155

[dist]
# distance from previous block
# <min> <max>
0	4

[block]
# block no. 5 follows, 52 sequences, length 23
# corresponding to MSA columns:
# 926-948
name=unknown_F
#
# <colnr> <probs for GDERKNQSTAVLIFYWHMCP>
#	G	D	E	R	K	N	Q	S	T	A	V	L	I	F	Y	W	H	M	C	P
0	0.00637	0.00480	0.00550	0.00577	0.00697	0.00429	0.00431	0.00784	0.01101	0.01440	0.15012	0.20379	0.40144	0.01208	0.00571	0.00170	0.00266	0.07409	0.07296	0.00420
1	0.01155	0.23781	0.35830	0.06116	0.03017	0.03470	0.08632	0.03444	0.05976	0.02920	0.00920	0.01063	0.00702	0.00463	0.00435	0.00141	0.00640	0.00372	0.00244	0.00679
2	0.05378	0.10685	0.28406	0.09886	0.14530	0.06641	0.09577	0.04113	0.01106	0.01542	0.03189	0.01142	0.00776	0.00470	0.00456	0.00146	0.00648	0.00400	0.00243	0.00665
3	0.17989	0.33248	0.06166	0.08184	0.11430	0.10183	0.00951	0.01471	0.01025	0.01463	0.03436	0.00999	0.00758	0.00461	0.00376	0.00130	0.00549	0.00329	0.00246	0.00607
4	0.01152	0.01473	0.20659	0.13454	0.17392	0.03823	0.08644	0.05642	0.19518	0.01684	0.01158	0.01312	0.00875	0.00507	0.00487	0.00155	0.00605	0.00451	0.00301	0.00707
5	0.01056	0.00522	0.00630	0.00601	0.00745	0.00489	0.00450	0.01241	0.01104	0.17048	0.09813	0.21212	0.02038	0.00842	0.00458	0.00144	0.00276	0.00722	0.40097	0.00511
6	0.00924	0.00524	0.00680	0.00686	0.00788	0.00519	0.00503	0.01063	0.00987	0.12940	0.02067	0.37493	0.02132	0.04727	0.09154	0.00246	0.03199	0.02589	0.18304	0.00475
7	0.00720	0.00470	0.00532	0.00529	0.00548	0.00467	0.00311	0.00759	0.00788	0.01100	0.08168	0.03091	0.01955	0.68835	0.02120	0.00412	0.00428	0.00697	0.07746	0.00321
8	0.86392	0.00937	0.00712	0.00637	0.00937	0.01087	0.00525	0.01425	0.00825	0.02174	0.00675	0.00787	0.00525	0.00450	0.00300	0.00150	0.00375	0.00262	0.00300	0.00525
9	0.01273	0.01182	0.01127	0.01015	0.01287	0.10087	0.00786	0.02504	0.70425	0.01934	0.01836	0.01704	0.01384	0.00640	0.00487	0.00160	0.00438	0.00522	0.00466	0.00744
10	0.00589	0.00429	0.00555	0.00656	0.00698	0.00395	0.00441	0.00677	0.00946	0.01244	0.02902	0.74612	0.11097	0.01488	0.00614	0.00193	0.00277	0.01341	0.00450	0.00395
11	0.01270	0.76784	0.08789	0.00873	0.01312	0.01854	0.00906	0.01458	0.00988	0.01172	0.00689	0.00797	0.00621	0.00418	0.00323	0.00108	0.00534	0.00267	0.00207	0.00629
12	0.01713	0.01272	0.01358	0.01066	0.01425	0.01412	0.00872	0.64628	0.12276	0.02859	0.01290	0.01279	0.00930	0.00591	0.00479	0.00146	0.00499	0.00452	0.04656	0.00798
13	0.00830	0.00429	0.00643	0.00643	0.00650	0.00436	0.00436	0.00650	0.00643	0.00864	0.00878	0.01508	0.00871	0.01840	0.08242	0.79074	0.00491	0.00429	0.00214	0.00228
14	0.00665	0.00479	0.00555	0.00590	0.00706	0.00418	0.00422	0.00775	0.01043	0.05456	0.03787	0.38094	0.42627	0.01319	0.00588	0.00177	0.00270	0.01147	0.00458	0.00424
15	0.00605	0.00457	0.00562	0.00631	0.00712	0.00414	0.00450	0.00719	0.01020	0.01313	0.07425	0.48628	0.26753	0.01387	0.00606	0.00186	0.00280	0.06992	0.00454	0.00406
16	0.00842	0.00421	0.00631	0.00631	0.00631	0.00421	0.00421	0.00631	0.00631	0.00842	0.00842	0.01473	0.00842	0.01684	0.01894	0.85901	0.00421	0.00421	0.00210	0.00210
17	0.01575	0.01910	0.01299	0.01296	0.06921	0.61094	0.00931	0.01722	0.01299	0.01250	0.01088	0.05492	0.01039	0.00653	0.00479	0.00142	0.00769	0.10202	0.00284	0.00553
18	0.00596	0.00424	0.00561	0.00667	0.00694	0.00398	0.00442	0.00676	0.00916	0.01222	0.02611	0.78494	0.03130	0.05780	0.00715	0.00211	0.00291	0.01342	0.00442	0.00388
19	0.01205	0.01041	0.01096	0.00986	0.01260	0.01205	0.00767	0.02575	0.79071	0.02027	0.01972	0.01808	0.01479	0.00657	0.00493	0.00164	0.00384	0.00548	0.00493	0.00767
20	0.86392	0.00937	0.00712	0.00637	0.00937	0.01087	0.00525	0.01425	0.00825	0.02174	0.00675	0.00787	0.00525	0.00450	0.00300	0.00150	0.00375	0.00262	0.00300	0.00525
21	0.58694	0.01020	0.00948	0.00848	0.04323	0.01140	0.00660	0.16850	0.01175	0.09126	0.00890	0.00954	0.00653	0.00488	0.00360	0.00149	0.00418	0.00324	0.00360	0.00621
22	0.00995	0.01123	0.18019	0.00949	0.04391	0.06359	0.00847	0.01272	0.01233	0.09448	0.35525	0.08851	0.04632	0.00808	0.00523	0.00151	0.00421	0.00693	0.00420	0.03338

[dist]
# distance from previous block
# <min> <max>
0	3

[block]
# block no. 6 follows, 52 sequences, length 51
# corresponding to MSA columns:
# 952-1002
name=unknown_G
#
# <colnr> <probs for GDERKNQSTAVLIFYWHMCP>
#	G	D	E	R	K	N	Q	S	T	A	V	L	I	F	Y	W	H	M	C	P
0	0.00674	0.00603	0.04922	0.00623	0.00782	0.00482	0.00508	0.00896	0.01289	0.01770	0.57642	0.03728	0.22243	0.01018	0.00566	0.00155	0.00259	0.00883	0.00496	0.00460
1	0.01060	0.01060	0.01484	0.01272	0.01272	0.01484	0.01060	0.01166	0.00742	0.01166	0.00636	0.01060	0.00636	0.00848	0.01590	0.00212	0.82082	0.00424	0.00212	0.00530
2	0.01297	0.00850	0.01023	0.04042	0.01189	0.00881	0.00722	0.27527	0.01602	0.12293	0.23673	0.06047	0.02300	0.00836	0.00535	0.00160	0.00404	0.10683	0.03308	0.00629
3	0.01230	0.01053	0.01110	0.00991	0.01270	0.01217	0.00773	0.05553	0.76052	0.02068	0.01941	0.01783	0.01454	0.00654	0.00493	0.00164	0.00389	0.00543	0.00493	0.00769
4	0.01296	0.83261	0.02539	0.00829	0.01244	0.01917	0.00829	0.01451	0.00985	0.01140	0.00674	0.00777	0.00622	0.00415	0.00311	0.00104	0.00518	0.00259	0.00207	0.00622
5	0.00657	0.00486	0.00614	0.00600	0.00711	0.00442	0.00443	0.00852	0.01277	0.01761	0.58966	0.13477	0.15737	0.01091	0.00578	0.00160	0.00238	0.00960	0.00511	0.00442
6	0.01240	0.01058	0.01115	0.00993	0.01273	0.01221	0.00775	0.06668	0.74922	0.02083	0.01929	0.01773	0.01444	0.00653	0.00493	0.00163	0.00392	0.00542	0.00493	0.00770
7	0.01810	0.02310	0.01373	0.01248	0.01498	0.81024	0.00936	0.01935	0.01373	0.01186	0.00749	0.00874	0.00624	0.00499	0.00437	0.00125	0.00874	0.00312	0.00250	0.00562
8	0.02124	0.00810	0.01098	0.00846	0.01211	0.00702	0.00698	0.02313	0.01372	0.77197	0.01899	0.01656	0.01201	0.00598	0.00481	0.00148	0.00405	0.00486	0.03944	0.00810
9	0.08718	0.01214	0.01598	0.01253	0.01528	0.01408	0.12122	0.35661	0.01503	0.03519	0.00946	0.01129	0.00735	0.00627	0.00821	0.00169	0.25574	0.00438	0.00353	0.00684
10	0.00796	0.00677	0.01087	0.38294	0.02004	0.00821	0.00943	0.01035	0.00866	0.01174	0.01100	0.01644	0.00960	0.03642	0.42290	0.00487	0.00981	0.00482	0.00240	0.00479
11	0.01234	0.01055	0.01112	0.00992	0.01271	0.01219	0.00774	0.05979	0.75620	0.02073	0.01936	0.01779	0.01450	0.00654	0.00493	0.00164	0.00390	0.00543	0.00493	0.00770
12	0.16091	0.00898	0.00996	0.00913	0.01153	0.00971	0.00766	0.27852	0.01462	0.03409	0.01746	0.07268	0.01710	0.00919	0.00535	0.00181	0.00454	0.31646	0.00437	0.00594
13	0.00596	0.00426	0.00569	0.00682	0.00712	0.00399	0.00460	0.00685	0.00934	0.01244	0.02668	0.80217	0.03192	0.01513	0.00620	0.00198	0.00286	0.03754	0.00450	0.00395
14	0.00776	0.00554	0.00776	0.00887	0.00997	0.00554	0.00773	0.00996	0.01111	0.01445	0.02568	0.07359	0.02799	0.01343	0.00668	0.00222	0.00442	0.74838	0.00446	0.00445
15	0.01794	0.04951	0.01414	0.01230	0.01490	0.75789	0.00932	0.04439	0.01390	0.01246	0.00760	0.00880	0.00631	0.00499	0.00434	0.00125	0.00851	0.00314	0.00256	0.00572
16	0.00610	0.00449	0.00574	0.00647	0.00712	0.00412	0.00453	0.00727	0.01027	0.01360	0.14232	0.56294	0.14697	0.01391	0.00607	0.00187	0.00275	0.04479	0.00462	0.00407
17	0.01390	0.01603	0.26101	0.06743	0.03915	0.04789	0.05932	0.18404	0.02597	0.12500	0.01068	0.01189	0.00770	0.00554	0.00611	0.00158	0.10212	0.00421	0.00331	0.00712
18	0.01271	0.04360	0.01252	0.10877	0.01551	0.01264	0.00864	0.14000	0.54606	0.02053	0.01660	0.01605	0.01243	0.00615	0.00483	0.00159	0.00444	0.00505	0.00446	0.00742
19	0.00860	0.00867	0.07453	0.08429	0.01497	0.00766	0.18438	0.01113	0.01014	0.01439	0.01730	0.27399	0.01772	0.00899	0.00578	0.00173	0.03296	0.08204	0.13562	0.00510
20	0.01130	0.07485	0.06579	0.01770	0.08153	0.05484	0.48626	0.01481	0.01162	0.01551	0.10553	0.01503	0.01186	0.00490	0.00532	0.00153	0.00701	0.00549	0.00275	0.00634
21	0.00842	0.00421	0.00631	0.00631	0.00631	0.00421	0.00421	0.00631	0.00631	0.00842	0.00842	0.01473	0.00842	0.01684	0.01894	0.85901	0.00421	0.00421	0.00210	0.00210
22	0.01285	0.80713	0.04998	0.00847	0.01271	0.01893	0.00860	0.01454	0.00986	0.01153	0.00680	0.00785	0.00622	0.00416	0.00316	0.00105	0.00524	0.00262	0.00207	0.00625
23	0.01302	0.02860	0.16032	0.01526	0.23266	0.00990	0.01106	0.07718	0.04617	0.14606	0.02730	0.01410	0.04151	0.00517	0.00460	0.00136	0.00505	0.00437	0.00344	0.15286
24	0.01171	0.01138	0.01712	0.33214	0.38371	0.06881	0.02869	0.06109	0.01143	0.01510	0.00897	0.01212	0.00713	0.00466	0.00481	0.00150	0.00626	0.00426	0.00246	0.00665
25	0.00594	0.00429	0.00563	0.00663	0.00701	0.00397	0.00446	0.00687	0.00957	0.01272	0.06245	0.75165	0.07130	0.01480	0.00614	0.00193	0.00277	0.01337	0.00454	0.00397
26	0.00903	0.00452	0.00452	0.00452	0.00565	0.00452	0.00339	0.01129	0.01016	0.01807	0.01581	0.01807	0.01242	0.00565	0.00339	0.00113	0.00226	0.00452	0.85659	0.00452
27	0.01218	0.03886	0.05842	0.17901	0.19873	0.10144	0.20849	0.06169	0.01157	0.01508	0.00888	0.01176	0.00702	0.00482	0.00568	0.00154	0.06141	0.00445	0.00248	0.00650
28	0.00705	0.00470	0.00529	0.00529	0.00529	0.00470	0.00294	0.00705	0.00705	0.00940	0.01527	0.03171	0.01762	0.82969	0.02467	0.00470	0.00470	0.00705	0.00294	0.00294
29	0.00703	0.00478	0.00568	0.00568	0.00582	0.00491	0.00343	0.00730	0.00716	0.00969	0.01491	0.02971	0.01675	0.70430	0.14887	0.00519	0.00601	0.00675	0.00288	0.00316
30	0.01115	0.04330	0.01745	0.43354	0.22506	0.06637	0.08069	0.03931	0.01090	0.01406	0.00879	0.01217	0.00688	0.00466	0.00481	0.00152	0.00650	0.00429	0.00235	0.00621
31	0.00584	0.00470	0.00521	0.00554	0.00673	0.00407	0.00398	0.00701	0.01065	0.01321	0.08263	0.28530	0.52208	0.01304	0.00587	0.00173	0.00255	0.01124	0.00454	0.00407
32	0.01054	0.00950	0.01027	0.00750	0.01170	0.05546	0.00596	0.01264	0.01027	0.01555	0.00854	0.00997	0.00712	0.00367	0.00364	0.00075	0.00390	0.00289	0.00285	0.80727
33	0.00940	0.00715	0.00886	0.00944	0.06259	0.01913	0.00709	0.10312	0.01232	0.03489	0.02576	0.13257	0.16702	0.01085	0.00578	0.00180	0.00405	0.30290	0.01806	0.05722
34	0.05119	0.05998	0.08368	0.01472	0.12717	0.29217	0.05278	0.16753	0.02595	0.01711	0.00882	0.01031	0.00699	0.00515	0.00521	0.00142	0.05651	0.00377	0.00292	0.00664
35	0.00580	0.00489	0.00503	0.00504	0.00660	0.00412	0.00376	0.00708	0.01115	0.01345	0.09394	0.07175	0.72639	0.01222	0.00574	0.00164	0.00246	0.01026	0.00455	0.00412
36	0.00590	0.00422	0.00562	0.00675	0.00703	0.00394	0.00450	0.00675	0.00928	0.01237	0.02671	0.82653	0.03205	0.01518	0.00619	0.00197	0.00281	0.01378	0.00450	0.00394
37	0.01005	0.00861	0.01005	0.00718	0.01148	0.00646	0.00574	0.01220	0.01005	0.01579	0.00861	0.01005	0.00718	0.00359	0.00359	0.00072	0.00359	0.00287	0.00287	0.85932
38	0.00995	0.01286	0.16426	0.43969	0.07058	0.01125	0.19450	0.01380	0.01027	0.01385	0.00893	0.01241	0.00668	0.00459	0.00500	0.00160	0.00695	0.00450	0.00222	0.00611
39	0.00573	0.00491	0.00491	0.00491	0.00655	0.00409	0.00368	0.00695	0.01105	0.01309	0.04909	0.04664	0.79750	0.01227	0.00573	0.00164	0.00245	0.01023	0.00450	0.00409
40	0.00935	0.00882	0.01467	0.70327	0.07282	0.01096	0.01317	0.01238	0.00957	0.01249	0.00860	0.01286	0.00665	0.00581	0.02478	0.00179	0.06004	0.00432	0.00217	0.00548
41	0.01814	0.01343	0.01438	0.01109	0.01492	0.01489	0.00914	0.74927	0.05729	0.03008	0.01200	0.01192	0.00854	0.00585	0.00485	0.00146	0.00527	0.00441	0.00485	0.00822
42	0.01483	0.01591	0.01043	0.00953	0.01160	0.48115	0.00719	0.05164	0.01285	0.01497	0.01070	0.01226	0.00858	0.00527	0.00404	0.00121	0.00623	0.00368	0.31260	0.00534
43	0.01866	0.01319	0.01431	0.01097	0.01484	0.01446	0.00906	0.72906	0.02215	0.08569	0.01217	0.01198	0.00851	0.00583	0.00485	0.00146	0.00525	0.00440	0.00493	0.00824
44	0.00972	0.02507	0.80458	0.01381	0.02097	0.01125	0.01790	0.01535	0.01023	0.01535	0.00870	0.01023	0.00614	0.00460	0.00460	0.00153	0.00716	0.00358	0.00205	0.00716
45	0.00642	0.00520	0.00574	0.00567	0.00714	0.00469	0.00422	0.00865	0.05912	0.01510	0.23836	0.10872	0.49051	0.01156	0.00571	0.00164	0.00253	0.00986	0.00474	0.00442
46	0.00697	0.00500	0.00684	0.00684	0.00737	0.00554	0.00487	0.00804	0.00751	0.01055	0.01385	0.02385	0.01421	0.33768	0.51201	0.00661	0.00983	0.00590	0.00273	0.00380
47	0.86392	0.00937	0.00712	0.00637	0.00937	0.01087	0.00525	0.01425	0.00825	0.02174	0.00675	0.00787	0.00525	0.00450	0.00300	0.00150	0.00375	0.00262	0.00300	0.00525
48	0.00693	0.00516	0.00764	0.00764	0.00845	0.00597	0.00587	0.00856	0.00774	0.01114	0.01312	0.01981	0.01245	0.08471	0.76258	0.00760	0.01248	0.00531	0.00262	0.00424
49	0.00632	0.00493	0.00574	0.00553	0.00691	0.00434	0.00415	0.00811	0.01245	0.01643	0.44286	0.04114	0.40165	0.01103	0.00572	0.00158	0.00237	0.00946	0.00494	0.00434
50	0.01033	0.01031	0.00979	0.01031	0.07865	0.18698	0.00709	0.06048	0.01181	0.01425	0.06831	0.22261	0.18487	0.01055	0.02766	0.00180	0.05462	0.02072	0.00374	0.00509

[dist]
# distance from previous block
# <min> <max>
0	3

[block]
# block no. 7 follows, 52 sequences, length 65
# corresponding to MSA columns:
# 1006-1070
name=unknown_H
#
# <colnr> <probs for GDERKNQSTAVLIFYWHMCP>
#	G	D	E	R	K	N	Q	S	T	A	V	L	I	F	Y	W	H	M	C	P
0	0.13957	0.18245	0.33628	0.03735	0.01684	0.01320	0.04030	0.12857	0.01183	0.01778	0.02871	0.01045	0.00740	0.00480	0.00418	0.00142	0.00587	0.00359	0.00271	0.00670
1	0.73795	0.01009	0.00781	0.00701	0.00996	0.04633	0.00568	0.01567	0.08986	0.02115	0.00813	0.00897	0.00628	0.00474	0.00326	0.00150	0.00398	0.00294	0.00318	0.00552
2	0.01136	0.00871	0.01012	0.00758	0.01135	0.00734	0.00607	0.11558	0.01240	0.06611	0.09004	0.01504	0.04996	0.00509	0.00415	0.00099	0.00367	0.00414	0.00365	0.56665
3	0.00590	0.00422	0.00562	0.00675	0.00703	0.00394	0.00450	0.00675	0.00928	0.01237	0.02671	0.82653	0.03205	0.01518	0.00619	0.00197	0.00281	0.01378	0.00450	0.00394
4	0.01233	0.04841	0.13001	0.04026	0.06213	0.15207	0.03477	0.10464	0.03569	0.06042	0.01474	0.20110	0.01427	0.00787	0.00526	0.00160	0.01797	0.04688	0.00350	0.00608
5	0.80420	0.01034	0.00759	0.00680	0.00977	0.06731	0.00554	0.01461	0.00863	0.02104	0.00680	0.00793	0.00532	0.00453	0.00310	0.00148	0.00410	0.00266	0.00296	0.00527
6	0.00627	0.00501	0.00564	0.00566	0.00701	0.00447	0.00418	0.00816	0.03874	0.01492	0.24365	0.15611	0.45912	0.01187	0.00576	0.00165	0.00251	0.01019	0.00474	0.00432
7	0.01005	0.00861	0.01005	0.00718	0.01148	0.00646	0.00574	0.01220	0.01005	0.01579	0.00861	0.01005	0.00718	0.00359	0.00359	0.00072	0.00359	0.00287	0.00287	0.85932
8	0.00580	0.00491	0.00500	0.00498	0.00659	0.00412	0.00374	0.00709	0.01121	0.01348	0.09458	0.04600	0.75176	0.01213	0.00573	0.00163	0.00244	0.01014	0.00455	0.00412
