[name]
unknown

[dist]
# distance from previous block
# <min> <max>
5	63

[block]
# block no. 0 follows, 51 sequences, length 40
# corresponding to MSA columns:
# 83-110,112-123
name=unknown_A
#
# <colnr> <probs for GDERKNQSTAVLIFYWHMCP>
#	G	D	E	R	K	N	Q	S	T	A	V	L	I	F	Y	W	H	M	C	P
0	0.01231	0.01058	0.01930	0.01408	0.01836	0.00936	0.38665	0.01532	0.01139	0.13039	0.01222	0.07189	0.00992	0.00510	0.00509	0.00139	0.00595	0.00544	0.00329	0.25197
1	0.07178	0.01114	0.02080	0.01519	0.01944	0.01028	0.46234	0.02657	0.01130	0.03638	0.04191	0.05801	0.01033	0.00500	0.00516	0.00147	0.00634	0.00552	0.00297	0.17806
2	0.02766	0.01216	0.02299	0.01667	0.02124	0.03121	0.52214	0.01694	0.04267	0.12137	0.01136	0.01337	0.00830	0.00448	0.00532	0.00152	0.00696	0.00522	0.00313	0.10530
3	0.01235	0.01334	0.02053	0.18643	0.02349	0.14772	0.36553	0.01551	0.01150	0.03434	0.00937	0.01216	0.00717	0.00445	0.00508	0.00146	0.00732	0.00465	0.00257	0.11503
4	0.01136	0.01290	0.04424	0.01865	0.02359	0.01157	0.65162	0.01526	0.01137	0.01578	0.00974	0.01275	0.00740	0.00408	0.00547	0.00152	0.00760	0.00534	0.00254	0.12721
5	0.01076	0.00936	0.01289	0.00923	0.01366	0.00740	0.11541	0.01321	0.01051	0.04034	0.00924	0.01083	0.00746	0.00379	0.00399	0.00088	0.00431	0.00338	0.00295	0.71039
6	0.01581	0.01234	0.01313	0.01073	0.01414	0.01390	0.00865	0.44473	0.36331	0.02634	0.01545	0.01471	0.01131	0.00624	0.00495	0.00156	0.00473	0.00493	0.00495	0.00810
7	0.01006	0.00953	0.01614	0.60385	0.23941	0.01112	0.01403	0.01324	0.01019	0.01350	0.00887	0.01285	0.00688	0.00477	0.00490	0.00159	0.00636	0.00437	0.00225	0.00609
8	0.01034	0.00676	0.00829	0.00848	0.00995	0.03785	0.00685	0.01283	0.05915	0.13349	0.05195	0.16853	0.02477	0.06981	0.00748	0.00218	0.00427	0.36724	0.00464	0.00516
9	0.00986	0.02542	0.80183	0.01401	0.02127	0.01141	0.01816	0.01556	0.01038	0.01556	0.00882	0.01038	0.00623	0.00467	0.00467	0.00156	0.00726	0.00363	0.00208	0.00726
10	0.01868	0.01376	0.01475	0.01131	0.01524	0.01524	0.00934	0.78025	0.02311	0.03097	0.01180	0.01180	0.00836	0.00590	0.00492	0.00147	0.00541	0.00442	0.00492	0.00836
11	0.00714	0.00480	0.00554	0.00554	0.00560	0.00486	0.00320	0.00726	0.00720	0.00966	0.01532	0.03124	0.01747	0.77098	0.08078	0.00499	0.00536	0.00701	0.00295	0.00308
12	0.00715	0.00476	0.00536	0.00536	0.00536	0.00476	0.00298	0.00715	0.00715	0.00953	0.01548	0.03216	0.01787	0.82729	0.02501	0.00476	0.00476	0.00715	0.00298	0.00298
13	0.02176	0.00883	0.01169	0.00897	0.01278	0.00792	0.00741	0.08933	0.01485	0.73356	0.01873	0.01630	0.01184	0.00607	0.00494	0.00152	0.00429	0.00490	0.00598	0.00836
14	0.00690	0.00527	0.00654	0.00717	0.00845	0.00490	0.00589	0.00866	0.01121	0.01413	0.05953	0.10633	0.33759	0.01314	0.00633	0.00198	0.00352	0.38357	0.00457	0.00434
15	0.01168	0.01001	0.01064	0.00973	0.01229	0.01151	0.00750	0.02445	0.72048	0.01986	0.02061	0.08799	0.01651	0.00742	0.00511	0.00170	0.00380	0.00628	0.00496	0.00745
16	0.01216	0.01168	0.01995	0.03016	0.79664	0.01168	0.01508	0.01508	0.01119	0.01605	0.00924	0.01216	0.00778	0.00438	0.00487	0.00146	0.00584	0.00438	0.00243	0.00778
17	0.01868	0.01376	0.01475	0.01131	0.01524	0.01524	0.00934	0.78025	0.02311	0.03097	0.01180	0.01180	0.00836	0.00590	0.00492	0.00147	0.00541	0.00442	0.00492	0.00836
18	0.00599	0.00428	0.00570	0.00684	0.00713	0.00399	0.00456	0.00684	0.00941	0.01254	0.02709	0.82409	0.03250	0.01540	0.00627	0.00200	0.00285	0.01397	0.00456	0.00399
19	0.00591	0.00500	0.00511	0.00513	0.00676	0.00421	0.00388	0.00722	0.01130	0.01354	0.07573	0.04713	0.74749	0.01239	0.00583	0.00167	0.00254	0.03040	0.00459	0.00418
20	0.00601	0.00451	0.00557	0.00630	0.00701	0.00408	0.00435	0.00707	0.01020	0.01325	0.08771	0.56309	0.23454	0.01424	0.00612	0.00187	0.00272	0.01266	0.00462	0.00408
21	0.00928	0.00873	0.01474	0.81548	0.03385	0.01092	0.01365	0.01256	0.00983	0.01256	0.00873	0.01310	0.00655	0.00491	0.00491	0.00164	0.00655	0.00437	0.00218	0.00546
22	0.02205	0.00836	0.01140	0.00874	0.01254	0.00722	0.00722	0.02395	0.01407	0.80004	0.01939	0.01673	0.01216	0.00608	0.00494	0.00152	0.00418	0.00494	0.00608	0.00836
23	0.00615	0.00440	0.00588	0.00697	0.00734	0.00413	0.00479	0.00715	0.00970	0.01295	0.05440	0.74450	0.03272	0.01508	0.00629	0.00200	0.00294	0.06398	0.00459	0.00405
24	0.00594	0.00498	0.00516	0.00511	0.00672	0.00420	0.00384	0.00730	0.01151	0.01400	0.13376	0.04610	0.71022	0.01218	0.00581	0.00165	0.00247	0.01020	0.00466	0.00420
25	0.00581	0.00498	0.00498	0.00498	0.00664	0.00415	0.00373	0.00705	0.01120	0.01328	0.04978	0.04729	0.79464	0.01245	0.00581	0.00166	0.00249	0.01037	0.00456	0.00415
26	0.00702	0.00527	0.00790	0.00790	0.00878	0.00614	0.00614	0.00878	0.00790	0.01141	0.01316	0.01931	0.01229	0.03686	0.80782	0.00790	0.01316	0.00527	0.00263	0.00439
27	0.00706	0.00473	0.00538	0.00547	0.00549	0.00471	0.00309	0.00712	0.00731	0.00974	0.01631	0.08857	0.01891	0.76946	0.02368	0.00457	0.00463	0.00763	0.00309	0.00305
28	0.00635	0.00500	0.00573	0.00555	0.00697	0.00438	0.00416	0.00810	0.01248	0.01631	0.40058	0.04230	0.44196	0.01131	0.00580	0.00161	0.00241	0.00967	0.00496	0.00438
29	0.01770	0.01328	0.01419	0.01111	0.01486	0.01478	0.00910	0.66514	0.13982	0.02938	0.01305	0.01280	0.00937	0.00602	0.00493	0.00150	0.00518	0.00460	0.00493	0.00827
30	0.01734	0.01292	0.01398	0.01097	0.01459	0.01437	0.00899	0.66340	0.08819	0.02876	0.01260	0.01287	0.00919	0.00804	0.05869	0.00192	0.00580	0.00458	0.00477	0.00804
31	0.00720	0.00482	0.00553	0.00561	0.00568	0.00482	0.00331	0.00735	0.00743	0.00988	0.01619	0.03372	0.01856	0.77280	0.02379	0.00460	0.00475	0.05780	0.00308	0.00308
32	0.00710	0.00474	0.00537	0.00542	0.00543	0.00473	0.00304	0.00713	0.00724	0.00965	0.01595	0.06368	0.01845	0.79497	0.02427	0.00465	0.00469	0.00742	0.00304	0.00302
33	0.00926	0.00862	0.01453	0.79482	0.03315	0.01075	0.01341	0.01240	0.00974	0.01245	0.00873	0.01315	0.00660	0.00522	0.00528	0.02349	0.00649	0.00436	0.00218	0.00537
34	0.00972	0.00918	0.01554	0.69534	0.15054	0.01103	0.01387	0.01294	0.01003	0.01309	0.00881	0.01296	0.00674	0.00483	0.00491	0.00161	0.00644	0.00437	0.00222	0.00581
35	0.07096	0.00922	0.01038	0.00757	0.01181	0.00762	0.00609	0.07890	0.01118	0.01773	0.00887	0.01017	0.00723	0.00390	0.00371	0.00085	0.00380	0.00302	0.00309	0.72389
36	0.01636	0.01084	0.02009	0.01467	0.01904	0.00989	0.38971	0.01963	0.02911	0.37499	0.01445	0.01488	0.00977	0.00507	0.00534	0.00157	0.00620	0.00533	0.00420	0.02887
37	0.01243	0.00910	0.01096	0.00812	0.01227	0.00754	0.02101	0.04256	0.07550	0.13198	0.01136	0.01194	0.00868	0.00434	0.00403	0.00097	0.00389	0.00354	0.00361	0.61619
38	0.02634	0.22148	0.09136	0.01065	0.01461	0.14685	0.07153	0.04526	0.09270	0.05342	0.04552	0.01204	0.00961	0.00498	0.00426	0.00127	0.00571	0.00388	0.00309	0.13544
39	0.01732	0.00860	0.01174	0.00926	0.01278	0.00779	0.04927	0.02083	0.10427	0.48683	0.05819	0.01923	0.01437	0.00639	0.00499	0.00150	0.00423	0.04889	0.00526	0.10828

[dist]
# distance from previous block
# <min> <max>
6	12

[block]
# block no. 1 follows, 51 sequences, length 36
# corresponding to MSA columns:
# 137-172
name=unknown_B
#
# <colnr> <probs for GDERKNQSTAVLIFYWHMCP>
#	G	D	E	R	K	N	Q	S	T	A	V	L	I	F	Y	W	H	M	C	P
0	0.13902	0.01006	0.06309	0.00879	0.01260	0.00868	0.00762	0.09266	0.02724	0.42949	0.01544	0.05276	0.01095	0.00596	0.00458	0.00146	0.00432	0.00471	0.00485	0.09574
1	0.33899	0.00978	0.01242	0.04976	0.18469	0.01030	0.04956	0.06019	0.01135	0.12822	0.06329	0.01411	0.03702	0.00544	0.00433	0.00152	0.00462	0.00438	0.00358	0.00645
2	0.01298	0.01045	0.01238	0.10976	0.01561	0.01031	0.00813	0.28307	0.01462	0.02067	0.01021	0.03103	0.00816	0.00500	0.00462	0.00117	0.02452	0.00393	0.00355	0.40984
3	0.01225	0.01093	0.01819	0.15585	0.44716	0.01128	0.08299	0.01644	0.09466	0.06787	0.01104	0.01334	0.00860	0.00479	0.00495	0.00152	0.00582	0.00464	0.00292	0.02475
4	0.00875	0.00717	0.00858	0.00758	0.00974	0.00694	0.05065	0.13068	0.05479	0.01710	0.08648	0.06175	0.45731	0.01063	0.00571	0.00168	0.00350	0.06119	0.00457	0.00520
5	0.01273	0.01265	0.01180	0.01022	0.01271	0.18192	0.00800	0.04141	0.29899	0.01705	0.08405	0.01546	0.01342	0.00639	0.00624	0.00148	0.11494	0.00472	0.00379	0.14204
6	0.02185	0.00868	0.01160	0.00889	0.01270	0.00769	0.00735	0.06829	0.01460	0.75496	0.01894	0.01644	0.01194	0.00607	0.00494	0.00152	0.00425	0.00491	0.00601	0.00836
7	0.00876	0.00464	0.00659	0.00648	0.00661	0.00469	0.00432	0.03308	0.00704	0.00940	0.00928	0.01640	0.00938	0.09057	0.01924	0.74989	0.00435	0.00454	0.00231	0.00242
8	0.01836	0.02342	0.01393	0.01266	0.01519	0.80756	0.00950	0.01962	0.01393	0.01203	0.00760	0.00886	0.00633	0.00506	0.00443	0.00127	0.00886	0.00317	0.00253	0.00570
9	0.00678	0.00495	0.00702	0.00738	0.00801	0.00538	0.00544	0.00812	0.00837	0.01166	0.01780	0.24670	0.01914	0.11329	0.47017	0.00570	0.00906	0.03762	0.00328	0.00413
10	0.00715	0.00476	0.00536	0.00536	0.00536	0.00476	0.00298	0.00715	0.00715	0.00953	0.01548	0.03216	0.01787	0.82729	0.02501	0.00476	0.00476	0.00715	0.00298	0.00298
11	0.01032	0.13916	0.69215	0.01322	0.02005	0.01255	0.01678	0.01544	0.01032	0.01500	0.00854	0.01002	0.00624	0.00460	0.00445	0.00148	0.00698	0.00349	0.00208	0.00713
12	0.01838	0.02278	0.01398	0.01257	0.01520	0.75507	0.00948	0.07002	0.01453	0.01328	0.00787	0.00906	0.00646	0.00512	0.00446	0.00128	0.00863	0.00325	0.00269	0.00587
13	0.86201	0.00950	0.00722	0.00646	0.00950	0.01102	0.00532	0.01445	0.00836	0.02205	0.00684	0.00798	0.00532	0.00456	0.00304	0.00152	0.00380	0.00266	0.00304	0.00532
14	0.01194	0.01026	0.01087	0.00980	0.01249	0.01182	0.00761	0.02521	0.74635	0.02051	0.06143	0.01932	0.01668	0.00685	0.00504	0.00166	0.00381	0.00573	0.00502	0.00761
15	0.00836	0.18482	0.02445	0.00751	0.00937	0.01907	0.00639	0.01009	0.01105	0.01409	0.13858	0.18230	0.15977	0.01089	0.00552	0.00171	0.00380	0.19333	0.00407	0.00483
16	0.00714	0.00478	0.00544	0.00544	0.00546	0.00481	0.00307	0.00720	0.00717	0.00959	0.01541	0.03177	0.01770	0.80316	0.04891	0.00486	0.00502	0.00709	0.00297	0.00302
17	0.01314	0.83025	0.02575	0.00841	0.01261	0.01945	0.00841	0.01472	0.00999	0.01156	0.00683	0.00788	0.00631	0.00420	0.00315	0.00105	0.00526	0.00263	0.00210	0.00631
18	0.00615	0.00445	0.00586	0.00692	0.00737	0.00415	0.00481	0.00716	0.00970	0.01279	0.02849	0.70253	0.08262	0.01503	0.00629	0.00200	0.00298	0.08209	0.00456	0.00405
19	0.01067	0.01012	0.01398	0.01207	0.01243	0.01375	0.00999	0.05643	0.00849	0.01289	0.00775	0.01207	0.00742	0.01260	0.13186	0.00296	0.65227	0.00445	0.00238	0.00541
20	0.00695	0.00497	0.00624	0.00595	0.00688	0.00464	0.00424	0.00872	0.01233	0.01724	0.59445	0.03617	0.07175	0.18673	0.00995	0.00225	0.00285	0.00857	0.00485	0.00426
21	0.00773	0.00480	0.00720	0.00720	0.00766	0.00526	0.00526	0.00766	0.00720	0.01006	0.01099	0.01726	0.01053	0.02758	0.43803	0.40606	0.00899	0.00480	0.00240	0.00333
22	0.00627	0.00465	0.00585	0.00628	0.00711	0.00423	0.00443	0.00769	0.01123	0.01505	0.28533	0.41897	0.17870	0.01308	0.00603	0.00178	0.00261	0.01162	0.00484	0.00423
23	0.01868	0.01376	0.01475	0.01131	0.01524	0.01524	0.00934	0.78025	0.02311	0.03097	0.01180	0.01180	0.00836	0.00590	0.00492	0.00147	0.00541	0.00442	0.00492	0.00836
24	0.01032	0.13845	0.69284	0.01322	0.02005	0.01254	0.01679	0.01544	0.01032	0.01500	0.00854	0.01003	0.00624	0.00460	0.00446	0.00149	0.00698	0.00349	0.00208	0.00713
25	0.01279	0.55218	0.09239	0.01045	0.01430	0.07009	0.05168	0.01479	0.01004	0.01221	0.00718	0.00884	0.00638	0.00488	0.00524	0.00129	0.11370	0.00315	0.00216	0.00624
26	0.01048	0.00849	0.03816	0.00884	0.01188	0.00711	0.08434	0.03694	0.01042	0.08761	0.02717	0.06492	0.02567	0.13236	0.10381	0.00252	0.00556	0.00527	0.00335	0.32510
27	0.01194	0.31340	0.09415	0.00989	0.02800	0.13797	0.02375	0.01392	0.01039	0.03388	0.04541	0.01394	0.01031	0.06819	0.16224	0.00278	0.00744	0.00408	0.00261	0.00571
28	0.00976	0.06446	0.13444	0.00882	0.01110	0.10158	0.02087	0.02447	0.03757	0.01438	0.19563	0.03574	0.04482	0.22837	0.01088	0.00239	0.04006	0.00620	0.00343	0.00504
29	0.00889	0.00664	0.00972	0.01150	0.17816	0.00630	0.00703	0.01131	0.01333	0.06068	0.58302	0.03034	0.03620	0.00861	0.00555	0.00153	0.00318	0.00770	0.00480	0.00552
30	0.01649	0.28168	0.01803	0.01216	0.06598	0.41738	0.00937	0.05275	0.01290	0.05921	0.00834	0.00936	0.00685	0.00484	0.00410	0.00123	0.00707	0.00323	0.00270	0.00631
31	0.00715	0.00476	0.00536	0.00536	0.00536	0.00476	0.00298	0.00715	0.00715	0.00953	0.01548	0.03216	0.01787	0.82729	0.02501	0.00476	0.00476	0.00715	0.00298	0.00298
32	0.01471	0.01722	0.02018	0.01815	0.13982	0.34962	0.27840	0.03794	0.01265	0.01445	0.00873	0.01107	0.00701	0.00482	0.00552	0.00148	0.04492	0.00436	0.00255	0.00640
33	0.01206	0.31780	0.09689	0.05773	0.02039	0.03668	0.35002	0.01522	0.01080	0.01384	0.00850	0.01083	0.00682	0.00435	0.00478	0.00142	0.01887	0.00425	0.00229	0.00646
34	0.01134	0.01006	0.01438	0.01650	0.31202	0.00902	0.02481	0.01462	0.06275	0.03187	0.00992	0.01168	0.00809	0.00418	0.00427	0.00110	0.00460	0.00375	0.00292	0.44212
35	0.03065	0.01366	0.05510	0.01039	0.01425	0.14155	0.00876	0.28287	0.01653	0.28036	0.01311	0.01267	0.00903	0.00553	0.00469	0.00139	0.00548	0.00418	0.00455	0.08524

[dist]
# distance from previous block
# <min> <max>
0	2

[block]
# block no. 2 follows, 51 sequences, length 61
# corresponding to MSA columns:
# 175-235
name=unknown_C
#
# <colnr> <probs for GDERKNQSTAVLIFYWHMCP>
#	G	D	E	R	K	N	Q	S	T	A	V	L	I	F	Y	W	H	M	C	P
0	0.00621	0.00466	0.00576	0.00619	0.00707	0.00421	0.00438	0.00758	0.01112	0.01473	0.24731	0.41011	0.22643	0.01316	0.00602	0.00179	0.00261	0.01165	0.00480	0.00421
1	0.00854	0.00427	0.00640	0.00640	0.00640	0.00427	0.00427	0.00640	0.00640	0.00854	0.00854	0.01494	0.00854	0.01707	0.01921	0.85702	0.00427	0.00427	0.00213	0.00213
2	0.00649	0.00478	0.00665	0.00712	0.00755	0.00453	0.03815	0.00730	0.00901	0.01202	0.02378	0.61387	0.02818	0.19398	0.01039	0.00259	0.00351	0.01211	0.00412	0.00388
3	0.01166	0.01310	0.02808	0.02167	0.10401	0.01235	0.70120	0.01567	0.01156	0.01577	0.00987	0.01314	0.00749	0.00417	0.00570	0.00164	0.00804	0.00566	0.00248	0.00675
4	0.01058	0.08159	0.65067	0.01348	0.03202	0.01198	0.01642	0.06202	0.01118	0.01619	0.00962	0.01229	0.00735	0.00510	0.00467	0.00154	0.00686	0.03693	0.00236	0.00715
5	0.35292	0.50172	0.01833	0.00763	0.01137	0.01607	0.00717	0.01461	0.00934	0.01576	0.00684	0.00792	0.00591	0.00435	0.00311	0.00124	0.00467	0.00264	0.00248	0.00591
6	0.00599	0.00428	0.00570	0.00684	0.00713	0.00399	0.00456	0.00684	0.00941	0.01254	0.02709	0.82409	0.03250	0.01540	0.00627	0.00200	0.00285	0.01397	0.00456	0.00399
7	0.00923	0.00764	0.00844	0.00789	0.00991	0.00814	0.00611	0.01673	0.37490	0.01846	0.23015	0.03146	0.18756	0.00918	0.00549	0.00167	0.00322	0.05284	0.00499	0.00600
8	0.00702	0.00527	0.00790	0.00790	0.00878	0.00614	0.00614	0.00878	0.00790	0.01141	0.01316	0.01931	0.01229	0.03686	0.80782	0.00790	0.01316	0.00527	0.00263	0.00439
9	0.86201	0.00950	0.00722	0.00646	0.00950	0.01102	0.00532	0.01445	0.00836	0.02205	0.00684	0.00798	0.00532	0.00456	0.00304	0.00152	0.00380	0.00266	0.00304	0.00532
10	0.01314	0.83025	0.02575	0.00841	0.01261	0.01945	0.00841	0.01472	0.00999	0.01156	0.00683	0.00788	0.00631	0.00420	0.00315	0.00105	0.00526	0.00263	0.00210	0.00631
11	0.00854	0.00427	0.00640	0.00640	0.00640	0.00427	0.00427	0.00640	0.00640	0.00854	0.00854	0.01494	0.00854	0.01707	0.01921	0.85702	0.00427	0.00427	0.00213	0.00213
12	0.01150	0.00934	0.01083	0.01023	0.05201	0.03969	0.00763	0.20379	0.15714	0.01870	0.05187	0.01877	0.05378	0.01819	0.30916	0.00395	0.00792	0.00542	0.00385	0.00622
13	0.31937	0.01225	0.01206	0.00958	0.01319	0.01374	0.00791	0.50720	0.01785	0.02779	0.01003	0.01044	0.00728	0.00542	0.00425	0.00149	0.00483	0.00380	0.00425	0.00728
14	0.86201	0.00950	0.00722	0.00646	0.00950	0.01102	0.00532	0.01445	0.00836	0.02205	0.00684	0.00798	0.00532	0.00456	0.00304	0.00152	0.00380	0.00266	0.00304	0.00532
15	0.01071	0.00969	0.06060	0.25670	0.07533	0.00863	0.00976	0.01344	0.01062	0.07603	0.05780	0.02514	0.01014	0.00500	0.00472	0.00127	0.02208	0.00422	0.00301	0.33511
16	0.01545	0.20186	0.04403	0.01277	0.08147	0.36610	0.00976	0.06508	0.12990	0.01482	0.00973	0.01058	0.00788	0.00509	0.00430	0.00132	0.00678	0.00360	0.00293	0.00654
17	0.49311	0.01034	0.01203	0.13556	0.13413	0.02824	0.04970	0.02913	0.00956	0.01895	0.00776	0.00987	0.00612	0.00474	0.00427	0.00155	0.03286	0.00345	0.00278	0.00586
18	0.01333	0.80013	0.02531	0.00857	0.01271	0.04887	0.00845	0.01490	0.01013	0.01158	0.00686	0.00792	0.00631	0.00424	0.00320	0.00106	0.00539	0.00265	0.00212	0.00628
19	0.83407	0.00964	0.00747	0.00662	0.00969	0.01116	0.00546	0.03982	0.00885	0.02234	0.00701	0.00811	0.00542	0.00461	0.00310	0.00152	0.00385	0.00272	0.00310	0.00542
20	0.00785	0.00647	0.00666	0.00627	0.00822	0.00626	0.00479	0.05896	0.14678	0.01581	0.04052	0.05590	0.56521	0.01085	0.00554	0.00164	0.00292	0.00903	0.03526	0.00505
21	0.00699	0.00515	0.00722	0.00722	0.00796	0.00576	0.00536	0.00835	0.00791	0.01111	0.01546	0.02337	0.05226	0.20011	0.60515	0.00694	0.01089	0.00591	0.00280	0.00408
22	0.01424	0.01174	0.01280	0.01119	0.01392	0.01334	0.00875	0.16519	0.52540	0.02234	0.01802	0.01811	0.01394	0.00904	0.04804	0.00222	0.07299	0.00560	0.00501	0.00811
23	0.00965	0.00923	0.01304	0.03979	0.04166	0.01221	0.00955	0.01086	0.00830	0.01232	0.02517	0.17039	0.02939	0.00975	0.01300	0.00206	0.56934	0.00640	0.00274	0.00516
24	0.01685	0.01640	0.01433	0.01194	0.01484	0.29217	0.02604	0.33966	0.08616	0.02079	0.01054	0.01160	0.00818	0.01893	0.00623	0.00154	0.08899	0.00415	0.00372	0.00695
25	0.00879	0.00667	0.00779	0.00777	0.00920	0.00697	0.00573	0.01416	0.26471	0.04317	0.11105	0.33532	0.07828	0.04058	0.00642	0.00191	0.00328	0.03796	0.00479	0.00545
26	0.01272	0.01279	0.02112	0.02295	0.38259	0.05362	0.23799	0.07243	0.05746	0.01688	0.01002	0.01257	0.00800	0.00483	0.00576	0.00156	0.05189	0.00480	0.00277	0.00724
27	0.00599	0.00479	0.00537	0.00564	0.00686	0.00416	0.00407	0.00726	0.01102	0.01383	0.13132	0.26255	0.49388	0.01298	0.00594	0.00174	0.00257	0.01120	0.00466	0.00416
28	0.01184	0.01141	0.01958	0.08673	0.66761	0.01143	0.05246	0.01481	0.01107	0.01578	0.00922	0.01220	0.00765	0.00437	0.00486	0.00145	0.00592	0.00438	0.00244	0.04480
29	0.02043	0.00872	0.01136	0.00895	0.01258	0.00805	0.00731	0.02431	0.14134	0.67181	0.01949	0.01699	0.01263	0.00618	0.00495	0.00154	0.00413	0.00504	0.00590	0.00827
30	0.01730	0.01329	0.01396	0.01106	0.01472	0.03120	0.00901	0.60422	0.18525	0.02836	0.01345	0.01312	0.00973	0.00604	0.00492	0.00151	0.00516	0.00464	0.00488	0.00818
31	0.01104	0.06367	0.27337	0.01514	0.07323	0.01109	0.23611	0.01493	0.01075	0.03068	0.00921	0.01128	0.00705	0.00433	0.00488	0.00137	0.01916	0.00413	0.00249	0.19610
32	0.01151	0.01103	0.01769	0.21146	0.20975	0.01296	0.09798	0.07912	0.01076	0.01511	0.00853	0.01203	0.00707	0.00596	0.00858	0.00175	0.26532	0.00451	0.00250	0.00638
33	0.00601	0.00429	0.00572	0.00683	0.00713	0.00401	0.00456	0.00690	0.00951	0.01270	0.04400	0.80673	0.03281	0.01528	0.00626	0.00199	0.00284	0.01386	0.00458	0.00401
34	0.00840	0.00698	0.01166	0.01096	0.01278	0.00677	0.15446	0.01087	0.01122	0.01469	0.02389	0.10580	0.05222	0.01188	0.00652	0.00211	0.00504	0.53476	0.00414	0.00487
35	0.01818	0.02272	0.01387	0.01253	0.01512	0.75776	0.00944	0.04406	0.03811	0.01289	0.00811	0.00925	0.00666	0.00514	0.00446	0.00129	0.00860	0.00328	0.00268	0.00585
36	0.01836	0.02342	0.01393	0.01266	0.01519	0.80756	0.00950	0.01962	0.01393	0.01203	0.00760	0.00886	0.00633	0.00506	0.00443	0.00127	0.00886	0.00317	0.00253	0.00570
37	0.86201	0.00950	0.00722	0.00646	0.00950	0.01102	0.00532	0.01445	0.00836	0.02205	0.00684	0.00798	0.00532	0.00456	0.00304	0.00152	0.00380	0.00266	0.00304	0.00532
38	0.01822	0.01353	0.01449	0.01121	0.01506	0.01502	0.00923	0.72594	0.07817	0.03022	0.01239	0.01227	0.00884	0.00595	0.00492	0.00149	0.00530	0.00451	0.00492	0.00832
39	0.00636	0.00509	0.00571	0.00561	0.00705	0.00450	0.00418	0.00825	0.03053	0.01560	0.30135	0.08579	0.47919	0.01165	0.00581	0.00164	0.00248	0.00995	0.00486	0.00439
40	0.00703	0.00525	0.00780	0.00780	0.00864	0.00609	0.00602	0.00871	0.00787	0.01133	0.01326	0.01982	0.01251	0.06834	0.77664	0.00777	0.01283	0.00534	0.00265	0.00433
41	0.00605	0.00440	0.00572	0.00676	0.00721	0.00407	0.00462	0.00700	0.00965	0.01270	0.02916	0.72027	0.10355	0.01505	0.00625	0.00198	0.00289	0.04409	0.00456	0.00403
42	0.01075	0.01075	0.01505	0.01290	0.01290	0.01505	0.01075	0.01183	0.00753	0.01183	0.00645	0.01075	0.00645	0.00860	0.01613	0.00215	0.81830	0.00430	0.00215	0.00538
43	0.01615	0.00890	0.01067	0.00893	0.01202	0.00901	0.00713	0.02309	0.33842	0.38318	0.08305	0.02006	0.04312	0.00687	0.00507	0.00159	0.00385	0.00570	0.00552	0.00767
44	0.00710	0.00497	0.00638	0.00638	0.00673	0.00532	0.00425	0.00780	0.00745	0.01028	0.01455	0.02701	0.01563	0.51035	0.33890	0.00602	0.00813	0.00639	0.00284	0.00354
45	0.00815	0.00530	0.00688	0.00632	0.00774	0.00482	0.00480	0.01037	0.01376	0.08496	0.68336	0.03567	0.08925	0.00986	0.00572	0.00155	0.00249	0.00865	0.00541	0.00492
46	0.01179	0.01011	0.01074	0.00969	0.01234	0.01161	0.00752	0.02474	0.72482	0.02049	0.08296	0.01983	0.01755	0.00694	0.00507	0.00166	0.00376	0.00583	0.00503	0.00752
47	0.01090	0.01027	0.01718	0.40133	0.40364	0.01129	0.01410	0.02984	0.01077	0.01471	0.00905	0.01256	0.00720	0.00465	0.00487	0.00153	0.00612	0.00435	0.00238	0.02327
48	0.01601	0.01088	0.01290	0.01044	0.01376	0.01167	0.04784	0.24853	0.31175	0.19369	0.01668	0.01646	0.01215	0.04689	0.00600	0.00173	0.00468	0.00518	0.00498	0.00778
49	0.86201	0.00950	0.00722	0.00646	0.00950	0.01102	0.00532	0.01445	0.00836	0.02205	0.00684	0.00798	0.00532	0.00456	0.00304	0.00152	0.00380	0.00266	0.00304	0.00532
50	0.00927	0.02878	0.30477	0.05580	0.12191	0.00926	0.06220	0.01275	0.01041	0.01457	0.01491	0.14879	0.01479	0.03740	0.00609	0.00185	0.00582	0.13158	0.00299	0.00605
51	0.01836	0.01361	0.01457	0.01124	0.01512	0.01509	0.00926	0.74284	0.06104	0.03045	0.01221	0.01212	0.00869	0.00594	0.00492	0.00148	0.00533	0.00448	0.00492	0.00833
52	0.01019	0.00873	0.01019	0.00728	0.01165	0.00655	0.00582	0.01237	0.01019	0.01601	0.00873	0.01019	0.00728	0.00364	0.00364	0.00073	0.00364	0.00291	0.00291	0.85734
53	0.01492	0.55421	0.02171	0.00986	0.01350	0.28909	0.00878	0.01639	0.01133	0.01172	0.00709	0.00822	0.00631	0.00450	0.00359	0.00112	0.00649	0.00281	0.00225	0.00610
54	0.01019	0.00873	0.01019	0.00728	0.01165	0.00655	0.00582	0.01237	0.01019	0.01601	0.00873	0.01019	0.00728	0.00364	0.00364	0.00073	0.00364	0.00291	0.00291	0.85734
55	0.01692	0.05716	0.03212	0.04075	0.11575	0.12359	0.12656	0.04654	0.01291	0.32281	0.01291	0.01334	0.00906	0.00536	0.00538	0.00150	0.04161	0.00453	0.00393	0.00729
56	0.02008	0.08699	0.01387	0.00958	0.01346	0.01107	0.00805	0.27832	0.01673	0.46682	0.01565	0.01424	0.01033	0.00585	0.00477	0.00146	0.00470	0.00455	0.00532	0.00817
57	0.27087	0.05018	0.03851	0.00777	0.01129	0.00916	0.00662	0.04466	0.04436	0.03060	0.01108	0.04700	0.00988	0.00558	0.00398	0.00128	0.00403	0.06862	0.00331	0.33120
58	0.01381	0.06677	0.31910	0.01394	0.07339	0.33071	0.01302	0.01722	0.02807	0.02835	0.00878	0.01033	0.00687	0.00590	0.02949	0.00161	0.02010	0.00357	0.00244	0.00653
59	0.00990	0.20865	0.10050	0.00894	0.01151	0.04546	0.00816	0.04963	0.00966	0.01280	0.01096	0.01540	0.01000	0.06406	0.40770	0.00476	0.00958	0.00441	0.00257	0.00535
60	0.01412	0.00735	0.00947	0.00794	0.01025	0.00713	0.00614	0.08625	0.01166	0.31687	0.01567	0.01989	0.01280	0.19441	0.20167	0.00371	0.00654	0.00533	0.00427	0.05853

[dist]
# distance from previous block
# <min> <max>
0	2

[block]
# block no. 3 follows, 51 sequences, length 38
# corresponding to MSA columns:
# 238-275
name=unknown_D
#
# <colnr> <probs for GDERKNQSTAVLIFYWHMCP>
#	G	D	E	R	K	N	Q	S	T	A	V	L	I	F	Y	W	H	M	C	P
0	0.34409	0.01047	0.01301	0.12722	0.22403	0.04470	0.04435	0.02894	0.02242	0.01757	0.00891	0.01223	0.00749	0.06908	0.00576	0.00177	0.00526	0.00395	0.00277	0.00599
1	0.01131	0.01514	0.17706	0.01206	0.02666	0.18289	0.01093	0.01361	0.01033	0.01336	0.04682	0.06337	0.01209	0.00946	0.05382	0.00212	0.25576	0.07480	0.00276	0.00563
2	0.00749	0.00543	0.00728	0.00793	0.00908	0.00526	0.00666	0.00961	0.01179	0.01560	0.20598	0.04975	0.09951	0.03444	0.00696	0.00211	0.00384	0.50210	0.00469	0.00448
3	0.64434	0.00971	0.00861	0.00729	0.01054	0.01078	0.00601	0.08693	0.01068	0.15216	0.00939	0.00979	0.00674	0.00494	0.00353	0.00152	0.00401	0.00320	0.00372	0.00611
4	0.00931	0.00841	0.01189	0.01066	0.01114	0.01113	0.00868	0.03005	0.00809	0.01213	0.00955	0.01455	0.00907	0.02099	0.36481	0.00467	0.44271	0.00473	0.00243	0.00502
5	0.01554	0.01206	0.01848	0.01391	0.01767	0.07699	0.30366	0.12296	0.01370	0.23068	0.01433	0.01569	0.04257	0.03647	0.00649	0.00170	0.04091	0.00534	0.00390	0.00697
6	0.01228	0.01192	0.02074	0.26000	0.12298	0.01263	0.28596	0.06334	0.07635	0.01675	0.01111	0.01445	0.00869	0.00558	0.00625	0.00180	0.05388	0.00526	0.00303	0.00700
7	0.11002	0.00970	0.01419	0.36685	0.06635	0.01164	0.02902	0.04875	0.01037	0.10275	0.00943	0.01232	0.00719	0.00576	0.00704	0.00170	0.17376	0.00426	0.00286	0.00604
8	0.00949	0.00924	0.01781	0.03581	0.01781	0.00884	0.37266	0.01254	0.01132	0.01496	0.01946	0.06649	0.06543	0.00888	0.00619	0.00191	0.00616	0.30602	0.00350	0.00550
9	0.00598	0.00431	0.00567	0.00675	0.00710	0.00400	0.00452	0.00685	0.00949	0.01258	0.02817	0.78708	0.06881	0.01526	0.00625	0.00198	0.00283	0.01380	0.00456	0.00400
10	0.01821	0.02067	0.01402	0.01224	0.01511	0.59162	0.00940	0.19913	0.04450	0.01681	0.00904	0.00990	0.00713	0.00532	0.00457	0.00133	0.00787	0.00355	0.00318	0.00640
11	0.01191	0.01141	0.01948	0.09998	0.72883	0.01161	0.01495	0.01486	0.01107	0.01574	0.00920	0.01225	0.00767	0.00443	0.00487	0.00148	0.00590	0.00438	0.00241	0.00758
12	0.00710	0.00493	0.00621	0.00621	0.00651	0.00523	0.00404	0.00769	0.00740	0.01016	0.01470	0.02783	0.01599	0.56122	0.28852	0.00582	0.00759	0.00651	0.00286	0.00345
13	0.01201	0.01152	0.01968	0.07078	0.75718	0.01164	0.01501	0.01495	0.01112	0.01587	0.00922	0.01221	0.00772	0.00441	0.00487	0.00147	0.00588	0.00438	0.00242	0.00766
14	0.01088	0.01037	0.01764	0.37835	0.45844	0.01134	0.01445	0.01396	0.01059	0.01450	0.00902	0.01258	0.00724	0.00462	0.00489	0.00154	0.00615	0.00437	0.00232	0.00675
15	0.00608	0.00483	0.00545	0.00563	0.00689	0.00421	0.00410	0.00745	0.01135	0.01440	0.19331	0.21561	0.47812	0.01261	0.00591	0.00171	0.00253	0.01086	0.00473	0.00421
16	0.01072	0.01021	0.01735	0.42246	0.41560	0.01130	0.01437	0.01382	0.01051	0.01431	0.00899	0.01263	0.00717	0.00465	0.00489	0.00155	0.00619	0.00437	0.00231	0.00662
17	0.00783	0.00638	0.00961	0.30171	0.01702	0.00712	0.00796	0.01022	0.01110	0.01520	0.34467	0.02559	0.02521	0.08319	0.10407	0.00263	0.00539	0.00665	0.00368	0.00476
18	0.01501	0.01659	0.01612	0.01328	0.01642	0.35120	0.16936	0.09006	0.18140	0.01683	0.05556	0.01367	0.01089	0.00558	0.00496	0.00147	0.00698	0.00467	0.00344	0.00653
19	0.01093	0.01042	0.01773	0.36498	0.47143	0.01135	0.01447	0.01400	0.01061	0.01456	0.00903	0.01256	0.00726	0.00461	0.00489	0.00154	0.00614	0.00437	0.00233	0.00679
20	0.01484	0.01604	0.01231	0.01113	0.01381	0.35131	0.00851	0.02335	0.45784	0.01692	0.01471	0.01430	0.01130	0.00598	0.00476	0.00150	0.00601	0.00454	0.00395	0.00689
21	0.00930	0.00883	0.01432	0.01207	0.01327	0.01082	0.13641	0.01118	0.00836	0.01230	0.00989	0.01481	0.00911	0.01991	0.35194	0.00452	0.34044	0.00496	0.00241	0.00516
22	0.01836	0.02342	0.01393	0.01266	0.01519	0.80756	0.00950	0.01962	0.01393	0.01203	0.00760	0.00886	0.00633	0.00506	0.00443	0.00127	0.00886	0.00317	0.00253	0.00570
23	0.00599	0.00428	0.00570	0.00684	0.00713	0.00399	0.00456	0.00684	0.00941	0.01254	0.02709	0.82409	0.03250	0.01540	0.00627	0.00200	0.00285	0.01397	0.00456	0.00399
24	0.00597	0.00434	0.00564	0.00667	0.00708	0.00401	0.00449	0.00686	0.00957	0.01261	0.02919	0.75216	0.10307	0.01512	0.00623	0.00196	0.00282	0.01364	0.00456	0.00401
25	0.07097	0.00921	0.01113	0.00904	0.01249	0.00914	0.00732	0.04039	0.24699	0.50044	0.01863	0.01656	0.01251	0.00616	0.00484	0.00156	0.00410	0.00497	0.00554	0.00800
26	0.58028	0.01093	0.00974	0.00808	0.01142	0.01243	0.00666	0.27028	0.01329	0.02503	0.00850	0.00926	0.00634	0.00501	0.00367	0.00151	0.00434	0.00325	0.00367	0.00634
27	0.01061	0.11203	0.58454	0.01272	0.01890	0.01244	0.01535	0.01722	0.13951	0.01595	0.01046	0.01142	0.00769	0.00495	0.00456	0.00152	0.00648	0.00384	0.00256	0.00724
28	0.01236	0.01146	0.01764	0.04082	0.51727	0.01197	0.03947	0.04911	0.21395	0.01775	0.01216	0.01381	0.00965	0.00504	0.00494	0.00152	0.00541	0.00474	0.00320	0.00772
29	0.08487	0.02231	0.64594	0.01285	0.01922	0.01134	0.01585	0.01634	0.08223	0.01666	0.02241	0.01133	0.00761	0.00493	0.00457	0.00156	0.00657	0.00381	0.00248	0.00710
30	0.01251	0.01253	0.01898	0.09012	0.66447	0.08531	0.01445	0.01530	0.01134	0.01541	0.00905	0.01193	0.00755	0.00448	0.00483	0.00146	0.00617	0.00427	0.00242	0.00741
31	0.00934	0.00680	0.00791	0.00741	0.00876	0.00679	0.00524	0.16882	0.01172	0.01589	0.01904	0.36351	0.02114	0.23349	0.01085	0.00252	0.00398	0.00910	0.00405	0.08364
32	0.01300	0.01771	0.44311	0.01249	0.01795	0.00966	0.08070	0.01708	0.01141	0.23080	0.01351	0.08771	0.01040	0.00600	0.00499	0.00160	0.00610	0.00514	0.00344	0.00721
33	0.01155	0.01277	0.11232	0.01880	0.27686	0.01210	0.10023	0.08451	0.01109	0.01580	0.01019	0.01446	0.01933	0.06939	0.00915	0.00193	0.19295	0.01730	0.00267	0.00661
34	0.00997	0.09428	0.66016	0.01306	0.01948	0.01159	0.01635	0.01499	0.01043	0.01513	0.01024	0.01433	0.00827	0.00545	0.00473	0.00158	0.00683	0.07391	0.00230	0.00693
35	0.00661	0.00667	0.08041	0.00799	0.00921	0.00507	0.03869	0.00813	0.00983	0.01326	0.05442	0.65304	0.06059	0.01360	0.00607	0.00191	0.00346	0.01233	0.00428	0.00444
36	0.01274	0.06384	0.40049	0.06002	0.18879	0.01113	0.01470	0.01678	0.01117	0.15839	0.01072	0.01193	0.00767	0.00485	0.00469	0.00150	0.00624	0.00402	0.00289	0.00742
37	0.01349	0.14690	0.03973	0.01552	0.11071	0.15174	0.15091	0.08599	0.01173	0.01491	0.00824	0.01068	0.00692	0.00560	0.00743	0.00157	0.20482	0.00411	0.00256	0.00643

[dist]
# distance from previous block
# <min> <max>
0	1

[block]
# block no. 4 follows, 51 sequences, length 110
# corresponding to MSA columns:
# 277-386
name=unknown_E
#
# <colnr> <probs for GDERKNQSTAVLIFYWHMCP>
#	G	D	E	R	K	N	Q	S	T	A	V	L	I	F	Y	W	H	M	C	P
0	0.02026	0.00904	0.04195	0.00940	0.01322	0.00747	0.04444	0.02239	0.01365	0.69143	0.03424	0.04311	0.01306	0.00632	0.00503	0.00154	0.00441	0.00531	0.00570	0.00802
1	0.01400	0.01434	0.01053	0.00984	0.01187	0.39009	0.00733	0.01602	0.05886	0.09598	0.04353	0.20775	0.08262	0.00851	0.00512	0.00153	0.00589	0.00686	0.00380	0.00553
2	0.00669	0.00479	0.00644	0.00715	0.00787	0.00454	0.00533	0.00827	0.01109	0.01503	0.24147	0.43174	0.03544	0.01349	0.00625	0.00193	0.00308	0.18029	0.00479	0.00429
3	0.01273	0.15850	0.14980	0.02055	0.40355	0.01345	0.01342	0.10624	0.04545	0.01714	0.00951	0.01133	0.00764	0.00467	0.00454	0.00141	0.00584	0.00400	0.00272	0.00750
4	0.01396	0.61394	0.05658	0.01014	0.04321	0.09030	0.00927	0.08766	0.01165	0.01378	0.00755	0.00861	0.00656	0.00447	0.00357	0.00115	0.00571	0.00296	0.00242	0.00654
5	0.01199	0.01372	0.14388	0.06674	0.23802	0.01208	0.11217	0.06879	0.24523	0.01806	0.01264	0.01390	0.00962	0.00522	0.00500	0.00157	0.00582	0.00480	0.00330	0.00744
6	0.00584	0.00498	0.00503	0.00501	0.00666	0.00416	0.00376	0.00712	0.01128	0.01346	0.07169	0.04698	0.77262	0.01238	0.00581	0.00166	0.00248	0.01033	0.00459	0.00416
7	0.00659	0.00487	0.00613	0.00614	0.00719	0.00445	0.00450	0.00840	0.01240	0.01695	0.49049	0.19420	0.16983	0.02534	0.00623	0.00172	0.00253	0.02259	0.00504	0.00440
8	0.01920	0.01399	0.01389	0.01096	0.01464	0.12703	0.00890	0.50407	0.03356	0.18449	0.01289	0.01250	0.00896	0.00583	0.00485	0.00146	0.00563	0.00437	0.00481	0.00797
9	0.01075	0.01075	0.01505	0.01290	0.01290	0.01505	0.01075	0.01183	0.00753	0.01183	0.00645	0.01075	0.00645	0.00860	0.01613	0.00215	0.81830	0.00430	0.00215	0.00538
10	0.00854	0.00427	0.00640	0.00640	0.00640	0.00427	0.00427	0.00640	0.00640	0.00854	0.00854	0.01494	0.00854	0.01707	0.01921	0.85702	0.00427	0.00427	0.00213	0.00213
11	0.01075	0.01075	0.01505	0.01290	0.01290	0.01505	0.01075	0.01183	0.00753	0.01183	0.00645	0.01075	0.00645	0.00860	0.01613	0.00215	0.81830	0.00430	0.00215	0.00538
12	0.01136	0.01053	0.01105	0.00821	0.01238	0.09128	0.01927	0.03902	0.01104	0.01609	0.00874	0.01016	0.00722	0.00387	0.00380	0.00083	0.00433	0.00304	0.00293	0.72488
13	0.01836	0.02342	0.01393	0.01266	0.01519	0.80756	0.00950	0.01962	0.01393	0.01203	0.00760	0.00886	0.00633	0.00506	0.00443	0.00127	0.00886	0.00317	0.00253	0.00570
14	0.00598	0.00431	0.00566	0.00675	0.00710	0.00400	0.00452	0.00685	0.00950	0.01258	0.02825	0.78413	0.07171	0.01524	0.00625	0.00198	0.00283	0.01379	0.00456	0.00400
15	0.01222	0.01056	0.01111	0.01000	0.01278	0.01222	0.00778	0.02611	0.78776	0.02056	0.02000	0.01833	0.01500	0.00667	0.00500	0.00167	0.00389	0.00556	0.00500	0.00778
16	0.00626	0.00497	0.00562	0.00551	0.00693	0.00433	0.00412	0.00791	0.01219	0.01575	0.33857	0.07151	0.47567	0.01162	0.00582	0.00163	0.00244	0.00993	0.00489	0.00433
17	0.01836	0.02342	0.01393	0.01266	0.01519	0.80756	0.00950	0.01962	0.01393	0.01203	0.00760	0.00886	0.00633	0.00506	0.00443	0.00127	0.00886	0.00317	0.00253	0.00570
18	0.00615	0.00445	0.00583	0.00672	0.00722	0.00413	0.00463	0.00725	0.01011	0.01350	0.11843	0.65880	0.08087	0.01453	0.00620	0.00193	0.00282	0.03765	0.00466	0.00409
19	0.00683	0.00502	0.00640	0.00606	0.00727	0.00459	0.00454	0.00904	0.01363	0.01903	0.71569	0.03782	0.12515	0.01030	0.00580	0.00156	0.00234	0.00904	0.00532	0.00459
20	0.00864	0.00684	0.00801	0.00739	0.00910	0.00711	0.00564	0.01472	0.26742	0.01978	0.51605	0.03103	0.06055	0.00902	0.00554	0.00159	0.00284	0.00784	0.00525	0.00565
21	0.01314	0.83025	0.02575	0.00841	0.01261	0.01945	0.00841	0.01472	0.00999	0.01156	0.00683	0.00788	0.00631	0.00420	0.00315	0.00105	0.00526	0.00263	0.00210	0.00631
22	0.01160	0.01326	0.02900	0.02071	0.02568	0.01243	0.77879	0.01574	0.01160	0.01574	0.00994	0.01326	0.00746	0.00414	0.00580	0.00166	0.00829	0.00580	0.00249	0.00663
23	0.01222	0.01056	0.01111	0.01000	0.01278	0.01222	0.00778	0.02611	0.78776	0.02056	0.02000	0.01833	0.01500	0.00667	0.00500	0.00167	0.00389	0.00556	0.00500	0.00778
24	0.01771	0.02207	0.01363	0.01238	0.01494	0.72383	0.00931	0.02031	0.09540	0.01293	0.00890	0.00986	0.00724	0.00523	0.00449	0.00131	0.00834	0.00342	0.00279	0.00592
25	0.00854	0.00427	0.00640	0.00640	0.00640	0.00427	0.00427	0.00640	0.00640	0.00854	0.00854	0.01494	0.00854	0.01707	0.01921	0.85702	0.00427	0.00427	0.00213	0.00213
26	0.01500	0.00777	0.00972	0.00800	0.01074	0.00735	0.00640	0.10324	0.06011	0.35653	0.27436	0.02498	0.07859	0.00785	0.00528	0.00154	0.00357	0.00660	0.00556	0.00681
27	0.01230	0.01172	0.03397	0.14128	0.35068	0.01146	0.26991	0.01565	0.01134	0.07807	0.01021	0.01300	0.00782	0.00452	0.00519	0.00156	0.00665	0.00489	0.00270	0.00709
28	0.86201	0.00950	0.00722	0.00646	0.00950	0.01102	0.00532	0.01445	0.00836	0.02205	0.00684	0.00798	0.00532	0.00456	0.00304	0.00152	0.00380	0.00266	0.00304	0.00532
29	0.01691	0.01247	0.01419	0.01120	0.01487	0.01368	0.04474	0.48611	0.22388	0.08765	0.01447	0.01398	0.01037	0.00603	0.00498	0.00154	0.00505	0.00483	0.00492	0.00812
30	0.00680	0.00498	0.00637	0.00610	0.00726	0.00456	0.00455	0.00895	0.01344	0.01875	0.68639	0.07455	0.11790	0.01053	0.00582	0.00158	0.00236	0.00927	0.00529	0.00456
31	0.01019	0.00873	0.01019	0.00728	0.01165	0.00655	0.00582	0.01237	0.01019	0.01601	0.00873	0.01019	0.00728	0.00364	0.00364	0.00073	0.00364	0.00291	0.00291	0.85734
32	0.01192	0.00956	0.01335	0.00962	0.01401	0.00781	0.12447	0.03961	0.01124	0.09806	0.01013	0.01139	0.00785	0.00405	0.00415	0.00098	0.00447	0.00362	0.00324	0.61049
33	0.01019	0.00873	0.01019	0.00728	0.01165	0.00655	0.00582	0.01237	0.01019	0.01601	0.00873	0.01019	0.00728	0.00364	0.00364	0.00073	0.00364	0.00291	0.00291	0.85734
34	0.00604	0.00430	0.00569	0.00678	0.00705	0.00402	0.00449	0.00686	0.00931	0.01242	0.02659	0.79024	0.03188	0.05010	0.00707	0.00211	0.00293	0.01368	0.00449	0.00395
35	0.01314	0.83025	0.02575	0.00841	0.01261	0.01945	0.00841	0.01472	0.00999	0.01156	0.00683	0.00788	0.00631	0.00420	0.00315	0.00105	0.00526	0.00263	0.00210	0.00631
36	0.01001	0.06262	0.76596	0.01375	0.02087	0.01178	0.01771	0.01552	0.01036	0.01538	0.00873	0.01026	0.00623	0.00465	0.00460	0.00153	0.00717	0.00358	0.00208	0.00722
37	0.00703	0.00523	0.00774	0.00774	0.00856	0.00606	0.00595	0.00867	0.00785	0.01129	0.01331	0.02011	0.01263	0.08603	0.75912	0.00770	0.01264	0.00538	0.00265	0.00430
38	0.00742	0.00564	0.00663	0.00635	0.00775	0.00498	0.00470	0.00911	0.01343	0.01813	0.52020	0.04128	0.31253	0.01138	0.00614	0.00174	0.00269	0.00962	0.00536	0.00491
39	0.01243	0.01225	0.01823	0.02481	0.56299	0.07374	0.04995	0.01663	0.10937	0.01623	0.01129	0.01476	0.00952	0.00514	0.00498	0.00152	0.00588	0.04000	0.00286	0.00741
40	0.00715	0.00476	0.00536	0.00536	0.00536	0.00476	0.00298	0.00715	0.00715	0.00953	0.01548	0.03216	0.01787	0.82729	0.02501	0.00476	0.00476	0.00715	0.00298	0.00298
41	0.00708	0.00510	0.00657	0.00673	0.00762	0.00485	0.00483	0.04508	0.01230	0.01698	0.40706	0.39436	0.03823	0.01229	0.00597	0.00175	0.00271	0.01099	0.00500	0.00452
42	0.01175	0.35133	0.16627	0.00921	0.01403	0.01321	0.00939	0.05070	0.01076	0.01481	0.00811	0.00935	0.00673	0.00418	0.00369	0.00105	0.00508	0.00300	0.00252	0.30483
43	0.58633	0.04991	0.00970	0.00778	0.01093	0.04069	0.00639	0.10238	0.11096	0.02200	0.00913	0.00978	0.00700	0.00499	0.00356	0.00150	0.00425	0.00325	0.00344	0.00604
44	0.84368	0.00948	0.00731	0.00651	0.00957	0.01094	0.00536	0.01465	0.00849	0.03902	0.00712	0.00817	0.00547	0.00459	0.00308	0.00152	0.00381	0.00271	0.00311	0.00539
45	0.01138	0.01145	0.02026	0.03517	0.39290	0.01221	0.19468	0.01409	0.01038	0.01483	0.00964	0.05100	0.00858	0.00578	0.00762	0.00169	0.18393	0.00516	0.00248	0.00677
46	0.01247	0.01068	0.01125	0.01005	0.01287	0.01234	0.00784	0.05472	0.75875	0.02095	0.01969	0.01809	0.01475	0.00664	0.00500	0.00166	0.00395	0.00551	0.00500	0.00780
47	0.00702	0.00527	0.00790	0.00790	0.00878	0.00614	0.00614	0.00878	0.00790	0.01141	0.01316	0.01931	0.01229	0.03686	0.80782	0.00790	0.01316	0.00527	0.00263	0.00439
48	0.00604	0.00432	0.00581	0.00689	0.00721	0.00409	0.00464	0.00694	0.00934	0.01249	0.02642	0.78556	0.03153	0.01642	0.04465	0.00228	0.00334	0.01355	0.00447	0.00401
49	0.01019	0.00873	0.01019	0.00728	0.01165	0.00655	0.00582	0.01237	0.01019	0.01601	0.00873	0.01019	0.00728	0.00364	0.00364	0.00073	0.00364	0.00291	0.00291	0.85734
50	0.00586	0.00498	0.00505	0.00503	0.00667	0.00417	0.00377	0.00715	0.01132	0.01355	0.08160	0.04684	0.76266	0.01234	0.00581	0.00165	0.00248	0.01031	0.00460	0.00417
51	0.00664	0.00491	0.00620	0.00609	0.00720	0.00447	0.00449	0.00858	0.01285	0.01769	0.56921	0.15077	0.16034	0.01118	0.00587	0.00163	0.00242	0.00984	0.00516	0.00447
52	0.00715	0.00476	0.00536	0.00536	0.00536	0.00476	0.00298	0.00715	0.00715	0.00953	0.01548	0.03216	0.01787	0.82729	0.02501	0.00476	0.00476	0.00715	0.00298	0.00298
53	0.00730	0.00520	0.00675	0.00658	0.00768	0.00511	0.00492	0.00903	0.01129	0.04110	0.34482	0.12274	0.15304	0.05105	0.16575	0.00302	0.02352	0.00861	0.01799	0.00450
54	0.01836	0.02342	0.01393	0.01266	0.01519	0.80756	0.00950	0.01962	0.01393	0.01203	0.00760	0.00886	0.00633	0.00506	0.00443	0.00127	0.00886	0.00317	0.00253	0.00570
55	0.01314	0.83025	0.02575	0.00841	0.01261	0.01945	0.00841	0.01472	0.00999	0.01156	0.00683	0.00788	0.00631	0.00420	0.00315	0.00105	0.00526	0.00263	0.00210	0.00631
56	0.00702	0.00527	0.00790	0.00790	0.00878	0.00614	0.00614	0.00878	0.00790	0.01141	0.01316	0.01931	0.01229	0.03686	0.80782	0.00790	0.01316	0.00527	0.00263	0.00439
57	0.00854	0.00427	0.00640	0.00640	0.00640	0.00427	0.00427	0.00640	0.00640	0.00854	0.00854	0.01494	0.00854	0.01707	0.01921	0.85702	0.00427	0.00427	0.00213	0.00213
58	0.01836	0.02342	0.01393	0.01266	0.01519	0.80756	0.00950	0.01962	0.01393	0.01203	0.00760	0.00886	0.00633	0.00506	0.00443	0.00127	0.00886	0.00317	0.00253	0.00570
59	0.00696	0.00497	0.00682	0.00795	0.00867	0.00483	0.00625	0.00852	0.01037	0.01363	0.02655	0.43698	0.03038	0.01448	0.00653	0.00213	0.00369	0.39148	0.00454	0.00426
60	0.01076	0.01041	0.01861	0.01475	0.01788	0.05580	0.39019	0.01370	0.01149	0.05150	0.01679	0.13095	0.01646	0.00828	0.00601	0.00183	0.00641	0.20897	0.00347	0.00575
61	0.00928	0.00873	0.01474	0.81548	0.03385	0.01092	0.01365	0.01256	0.00983	0.01256	0.00873	0.01310	0.00655	0.00491	0.00491	0.00164	0.00655	0.00437	0.00218	0.00546
