[name]
unknown

[dist]
# distance from previous block
# <min> <max>
0	3

[block]
# block no. 0 follows, 46 sequences, length 50
# corresponding to MSA columns:
# 25-59,68-82
name=unknown_A
#
# <colnr> <probs for GDERKNQSTAVLIFYWHMCP>
#	G	D	E	R	K	N	Q	S	T	A	V	L	I	F	Y	W	H	M	C	P
0	0.01785	0.01400	0.01419	0.01154	0.01505	0.09073	0.00944	0.53197	0.02149	0.04380	0.07562	0.01981	0.01450	0.00753	0.00554	0.00166	0.00579	0.08651	0.00506	0.00793
1	0.01190	0.02221	0.56442	0.01454	0.02109	0.01125	0.09027	0.01700	0.01164	0.10099	0.01244	0.07646	0.00980	0.00606	0.00531	0.00172	0.00718	0.00519	0.00296	0.00759
2	0.01859	0.19008	0.01766	0.01262	0.01577	0.60610	0.00997	0.04473	0.01443	0.01351	0.00815	0.00942	0.00688	0.00528	0.00450	0.00132	0.00860	0.00333	0.00271	0.00636
3	0.01196	0.01142	0.01943	0.31075	0.51170	0.01227	0.01567	0.01524	0.01151	0.01591	0.00975	0.01345	0.00789	0.00492	0.00525	0.00164	0.00656	0.00471	0.00252	0.00747
4	0.01206	0.34262	0.46682	0.01282	0.01927	0.01575	0.03184	0.01638	0.01102	0.01503	0.00866	0.01016	0.00676	0.00481	0.00440	0.00146	0.00697	0.00353	0.00225	0.00739
5	0.01138	0.20202	0.61898	0.01374	0.02082	0.01419	0.01721	0.01654	0.01107	0.01579	0.00901	0.01057	0.00672	0.00491	0.00466	0.00155	0.00734	0.00367	0.00224	0.00759
6	0.00910	0.00734	0.00766	0.00718	0.00943	0.00726	0.00550	0.01462	0.24413	0.04934	0.04239	0.03997	0.51365	0.01120	0.00594	0.00178	0.00321	0.00933	0.00512	0.00585
7	0.00644	0.00460	0.00613	0.00736	0.00767	0.00429	0.00491	0.00736	0.01012	0.01350	0.02914	0.81076	0.03497	0.01656	0.00675	0.00215	0.00307	0.01503	0.00491	0.00429
8	0.02337	0.00920	0.01235	0.00951	0.01357	0.00811	0.00784	0.04363	0.03441	0.74756	0.02068	0.01791	0.01306	0.00655	0.00532	0.00164	0.00452	0.00532	0.00648	0.00898
9	0.01813	0.17868	0.01755	0.01193	0.01556	0.29611	0.00975	0.27890	0.08788	0.02078	0.01082	0.01137	0.00843	0.00574	0.00473	0.00143	0.00697	0.00400	0.00377	0.00746
10	0.00769	0.00513	0.00577	0.00577	0.00577	0.00513	0.00320	0.00769	0.00769	0.01025	0.01666	0.03460	0.01922	0.81421	0.02691	0.00513	0.00513	0.00769	0.00320	0.00320
11	0.01248	0.01426	0.03119	0.02228	0.02763	0.01337	0.76203	0.01693	0.01248	0.01693	0.01070	0.01426	0.00802	0.00446	0.00624	0.00178	0.00891	0.00624	0.00267	0.00713
12	0.01731	0.01697	0.10086	0.01303	0.01727	0.14247	0.07109	0.41015	0.03809	0.04056	0.01433	0.01540	0.05070	0.00647	0.00534	0.00161	0.00664	0.01950	0.00432	0.00790
13	0.00625	0.00536	0.00536	0.00536	0.00714	0.00446	0.00402	0.00759	0.01205	0.01428	0.05355	0.05088	0.77909	0.01339	0.00625	0.00179	0.00268	0.01116	0.00491	0.00446
14	0.01391	0.01174	0.01238	0.01091	0.01404	0.01351	0.00855	0.10899	0.68954	0.02335	0.02055	0.01895	0.01535	0.00708	0.00537	0.00177	0.00436	0.00584	0.00537	0.00844
15	0.57653	0.00982	0.00926	0.00777	0.01131	0.01050	0.00640	0.01894	0.01103	0.27660	0.01184	0.01171	0.00817	0.00545	0.00395	0.00164	0.00423	0.00368	0.00436	0.00681
16	0.00625	0.00536	0.00536	0.00536	0.00714	0.00446	0.00402	0.00759	0.01205	0.01428	0.05355	0.05088	0.77909	0.01339	0.00625	0.00179	0.00268	0.01116	0.00491	0.00446
17	0.01418	0.59221	0.15794	0.01043	0.01549	0.01892	0.01097	0.09823	0.01237	0.01548	0.00831	0.00941	0.00701	0.00481	0.00388	0.00128	0.00605	0.00323	0.00259	0.00721
18	0.01441	0.77850	0.02708	0.00927	0.01370	0.05882	0.00910	0.01609	0.01095	0.01246	0.00739	0.00853	0.00679	0.00457	0.00346	0.00114	0.00584	0.00286	0.00228	0.00675
19	0.00716	0.00539	0.00661	0.00631	0.00770	0.00485	0.00473	0.00934	0.01419	0.01937	0.58655	0.04250	0.24292	0.01149	0.00624	0.00170	0.00254	0.00998	0.00558	0.00485
20	0.56343	0.01210	0.09469	0.00856	0.01253	0.01136	0.00784	0.05431	0.01116	0.16577	0.01038	0.01083	0.00737	0.00530	0.00395	0.00164	0.00466	0.00353	0.00387	0.00673
21	0.00991	0.02317	0.63828	0.01336	0.01997	0.01085	0.01669	0.01526	0.01165	0.01703	0.09760	0.01747	0.07350	0.00633	0.00525	0.00168	0.00682	0.00511	0.00284	0.00723
22	0.02372	0.00900	0.01227	0.00941	0.01350	0.00777	0.00777	0.02576	0.01513	0.78489	0.02086	0.01799	0.01309	0.00654	0.00532	0.00164	0.00450	0.00532	0.00654	0.00900
23	0.00707	0.00517	0.00565	0.00575	0.00642	0.00482	0.00363	0.00763	0.00946	0.01197	0.03101	0.10284	0.29546	0.46034	0.01781	0.00368	0.00407	0.00953	0.00396	0.00375
24	0.01602	0.01146	0.01269	0.01026	0.01319	0.01267	0.00822	0.47864	0.01895	0.03880	0.01375	0.01688	0.01111	0.10344	0.08897	0.00269	0.03280	0.00522	0.09691	0.00733
25	0.01157	0.01157	0.01619	0.01388	0.01388	0.01619	0.01157	0.01272	0.00810	0.01272	0.00694	0.01157	0.00694	0.00925	0.01735	0.00231	0.80453	0.00463	0.00231	0.00578
26	0.00644	0.00460	0.00613	0.00736	0.00767	0.00429	0.00491	0.00736	0.01012	0.01350	0.02914	0.81076	0.03497	0.01656	0.00675	0.00215	0.00307	0.01503	0.00491	0.00429
27	0.01073	0.05567	0.75960	0.01485	0.02255	0.01259	0.01916	0.01671	0.01115	0.01659	0.00941	0.01107	0.00670	0.00500	0.00496	0.00165	0.00774	0.00387	0.00223	0.00778
28	0.01823	0.03297	0.27732	0.01196	0.01736	0.01154	0.01232	0.19055	0.01590	0.33629	0.01485	0.01427	0.00985	0.00594	0.00517	0.00163	0.00595	0.00466	0.00470	0.00855
29	0.01531	0.01010	0.01121	0.00946	0.01243	0.01085	0.00752	0.19406	0.27455	0.14399	0.08833	0.01964	0.01665	0.00704	0.00513	0.00161	0.00415	0.00573	0.15455	0.00769
30	0.17709	0.15998	0.01584	0.01152	0.01470	0.49271	0.00915	0.03562	0.01332	0.01536	0.00797	0.00924	0.00665	0.00520	0.00425	0.00138	0.00774	0.00323	0.00280	0.00623
31	0.00918	0.00459	0.00689	0.00689	0.00689	0.00459	0.00459	0.00689	0.00689	0.00918	0.00918	0.01607	0.00918	0.01837	0.02066	0.84619	0.00459	0.00459	0.00230	0.00230
32	0.01727	0.37474	0.02059	0.01160	0.01512	0.45233	0.00970	0.01878	0.01311	0.01272	0.00781	0.00907	0.00680	0.00504	0.00416	0.00126	0.00782	0.00315	0.00252	0.00642
33	0.00644	0.00460	0.00613	0.00736	0.00767	0.00429	0.00491	0.00736	0.01012	0.01350	0.02914	0.81076	0.03497	0.01656	0.00675	0.00215	0.00307	0.01503	0.00491	0.00429
34	0.00856	0.00912	0.09859	0.01042	0.01291	0.00708	0.09121	0.01139	0.01237	0.01642	0.13087	0.07172	0.16488	0.01173	0.00657	0.00204	0.00486	0.31941	0.00447	0.00537
35	0.01674	0.11498	0.18853	0.01151	0.01627	0.02784	0.01118	0.19458	0.13303	0.19538	0.02863	0.01456	0.01096	0.00606	0.00502	0.00159	0.00570	0.00471	0.00449	0.00823
36	0.02372	0.00900	0.01227	0.00941	0.01350	0.00777	0.00777	0.02576	0.01513	0.78489	0.02086	0.01799	0.01309	0.00654	0.00532	0.00164	0.00450	0.00532	0.00654	0.00900
37	0.00661	0.00512	0.00603	0.00634	0.00750	0.00454	0.00455	0.00810	0.01212	0.01571	0.22232	0.29964	0.35486	0.01381	0.00641	0.00188	0.00276	0.01205	0.00513	0.00454
38	0.01515	0.01480	0.02171	0.10560	0.04161	0.10003	0.29436	0.23376	0.01575	0.02052	0.01051	0.01301	0.00798	0.00562	0.00661	0.00172	0.07539	0.00515	0.00337	0.00734
39	0.01080	0.00967	0.01501	0.65073	0.03186	0.01167	0.01332	0.09553	0.01226	0.01575	0.01331	0.01690	0.06929	0.00605	0.00536	0.00174	0.00656	0.00522	0.00288	0.00610
40	0.01057	0.00609	0.00806	0.00718	0.00896	0.00552	0.00552	0.01298	0.01500	0.16655	0.63426	0.03540	0.04288	0.01000	0.00606	0.00166	0.00288	0.00875	0.00596	0.00575
41	0.00696	0.00529	0.00653	0.00732	0.00841	0.00486	0.00562	0.00846	0.01139	0.01443	0.03747	0.32834	0.29740	0.01488	0.00673	0.00210	0.00344	0.22095	0.00490	0.00452
42	0.01056	0.01099	0.09591	0.00859	0.01328	0.00740	0.00761	0.01321	0.01092	0.01687	0.01099	0.07524	0.00989	0.00505	0.00426	0.00099	0.00428	0.00417	0.00318	0.68662
43	0.01167	0.01422	0.10789	0.01791	0.02156	0.01353	0.39039	0.01514	0.01097	0.01554	0.01080	0.01674	0.00934	0.00680	0.00959	0.00199	0.25172	0.06489	0.00269	0.00661
44	0.01311	0.52476	0.22196	0.01079	0.01599	0.01783	0.01168	0.01741	0.09454	0.01461	0.00946	0.01041	0.00779	0.00494	0.00403	0.00134	0.00605	0.00345	0.00260	0.00722
45	0.08115	0.46062	0.02045	0.00887	0.01319	0.01613	0.00815	0.09731	0.01234	0.01698	0.03406	0.01053	0.00861	0.00483	0.00380	0.00116	0.00506	0.00333	0.00298	0.19044
46	0.01656	0.05174	0.07410	0.01149	0.01516	0.07419	0.04921	0.03390	0.16728	0.26354	0.02944	0.01558	0.01169	0.00644	0.00646	0.00164	0.09332	0.00495	0.00451	0.06879
47	0.03908	0.14542	0.11593	0.00881	0.01300	0.01031	0.00817	0.03643	0.03945	0.01640	0.02998	0.01641	0.05442	0.09421	0.00676	0.00160	0.00483	0.00444	0.00319	0.35114
48	0.10345	0.01027	0.01310	0.04964	0.01450	0.07245	0.11503	0.08213	0.01214	0.01723	0.03582	0.29660	0.01870	0.00986	0.00672	0.00186	0.07316	0.02479	0.00388	0.03869
49	0.01568	0.11672	0.07850	0.03978	0.01604	0.01185	0.07555	0.04442	0.03150	0.25527	0.01356	0.03350	0.01029	0.02628	0.00719	0.00169	0.11526	0.00490	0.00400	0.09801

[dist]
# distance from previous block
# <min> <max>
4	99

[block]
# block no. 1 follows, 46 sequences, length 15
# corresponding to MSA columns:
# 198-212
name=unknown_B
#
# <colnr> <probs for GDERKNQSTAVLIFYWHMCP>
#	G	D	E	R	K	N	Q	S	T	A	V	L	I	F	Y	W	H	M	C	P
0	0.01465	0.17769	0.01510	0.00974	0.01286	0.07386	0.00803	0.26664	0.05849	0.03833	0.08071	0.01982	0.07820	0.07676	0.04459	0.00214	0.00575	0.00557	0.00422	0.00687
1	0.06249	0.13147	0.08303	0.01232	0.01652	0.01376	0.12744	0.23867	0.01533	0.11032	0.01205	0.01435	0.00939	0.07387	0.00719	0.00187	0.03071	0.00479	0.00388	0.03056
2	0.23771	0.19977	0.05940	0.00951	0.01292	0.07965	0.00837	0.14203	0.01296	0.01950	0.01221	0.12463	0.01163	0.00727	0.00475	0.01424	0.00531	0.02821	0.00354	0.00640
3	0.05536	0.14447	0.01166	0.00819	0.01062	0.00965	0.00656	0.01525	0.15230	0.09098	0.06690	0.22060	0.13030	0.01006	0.00544	0.00173	0.00388	0.02430	0.00463	0.02712
4	0.01497	0.00871	0.01252	0.01125	0.07725	0.00786	0.07126	0.01765	0.05304	0.30760	0.06449	0.02457	0.17143	0.00832	0.00637	0.04874	0.00448	0.00658	0.00492	0.07798
5	0.01215	0.17691	0.03229	0.01072	0.01362	0.05356	0.11526	0.07793	0.07576	0.01586	0.05290	0.01996	0.01379	0.23519	0.01142	0.00252	0.02500	0.00559	0.00336	0.04622
6	0.08231	0.01126	0.00983	0.01030	0.04760	0.20482	0.00714	0.05236	0.01254	0.01611	0.08377	0.39502	0.02401	0.01118	0.00576	0.00181	0.00503	0.00957	0.00421	0.00538
7	0.01238	0.00956	0.01073	0.00945	0.01187	0.01047	0.00742	0.13823	0.26589	0.06773	0.06303	0.09267	0.19147	0.00956	0.00672	0.00182	0.07130	0.00775	0.00505	0.00689
8	0.06295	0.01453	0.07865	0.01088	0.01459	0.07870	0.00930	0.43325	0.01873	0.02521	0.01553	0.01757	0.07453	0.09210	0.00744	0.00195	0.00582	0.00528	0.00439	0.02861
9	0.01452	0.38084	0.15029	0.01089	0.01542	0.09888	0.01074	0.13870	0.03216	0.01761	0.07441	0.01263	0.01101	0.00560	0.00441	0.00138	0.00615	0.00403	0.00318	0.00713
10	0.01348	0.00713	0.00915	0.00803	0.01068	0.00624	0.00653	0.01555	0.01356	0.29017	0.15399	0.03552	0.18276	0.00995	0.00591	0.00175	0.00380	0.14295	0.00548	0.07737
11	0.52310	0.17922	0.01323	0.00863	0.01206	0.16026	0.00725	0.01664	0.01048	0.01937	0.00751	0.00874	0.00615	0.00493	0.00358	0.00148	0.00543	0.00296	0.00296	0.00602
12	0.01476	0.00736	0.00960	0.00826	0.01102	0.00629	0.00636	0.01643	0.01253	0.35168	0.02309	0.30040	0.04857	0.00992	0.00562	0.00168	0.00382	0.00862	0.00532	0.14866
13	0.01857	0.26108	0.01920	0.01097	0.01528	0.01704	0.00954	0.47022	0.01968	0.09154	0.01175	0.01185	0.00866	0.00580	0.00471	0.00145	0.00565	0.00421	0.00447	0.00831
14	0.01410	0.01222	0.07853	0.01010	0.01409	0.01117	0.00870	0.16284	0.26564	0.06956	0.01542	0.01538	0.01151	0.00590	0.00483	0.00144	0.00462	0.00474	0.07514	0.21408

[dist]
# distance from previous block
# <min> <max>
3	22

[block]
# block no. 2 follows, 46 sequences, length 53
# corresponding to MSA columns:
# 237-289
name=unknown_C
#
# <colnr> <probs for GDERKNQSTAVLIFYWHMCP>
#	G	D	E	R	K	N	Q	S	T	A	V	L	I	F	Y	W	H	M	C	P
0	0.01447	0.07969	0.03095	0.03396	0.17369	0.24071	0.03195	0.07970	0.01297	0.01565	0.02536	0.02846	0.01002	0.06586	0.05897	0.00227	0.08105	0.00476	0.00297	0.00656
1	0.03870	0.21137	0.14583	0.01115	0.01512	0.01258	0.10028	0.02929	0.11193	0.01739	0.14709	0.06528	0.05817	0.00725	0.00514	0.00160	0.00531	0.00618	0.00371	0.00663
2	0.00663	0.00505	0.00613	0.00671	0.00770	0.00455	0.00481	0.00800	0.01156	0.01496	0.14105	0.40268	0.29114	0.01457	0.00654	0.00197	0.00295	0.05348	0.00503	0.00448
3	0.01013	0.00795	0.00859	0.00861	0.02427	0.05054	0.00622	0.01456	0.18234	0.07304	0.09437	0.29316	0.18182	0.01174	0.00605	0.00186	0.00371	0.01018	0.00505	0.00583
4	0.00757	0.00508	0.00584	0.00594	0.00600	0.00504	0.00341	0.00772	0.00812	0.01086	0.03921	0.10637	0.02153	0.71803	0.02447	0.00475	0.00486	0.00842	0.00343	0.00335
5	0.01869	0.02328	0.01570	0.04430	0.09808	0.68189	0.01101	0.02032	0.01451	0.01342	0.00840	0.01008	0.00698	0.00536	0.00484	0.00140	0.00910	0.00359	0.00270	0.00636
6	0.00655	0.00537	0.00578	0.00567	0.00733	0.00459	0.00426	0.00818	0.01277	0.01599	0.23229	0.04807	0.59929	0.01275	0.00624	0.00175	0.00263	0.01076	0.00513	0.00459
7	0.01255	0.01178	0.01690	0.08135	0.01679	0.03690	0.06338	0.01420	0.00928	0.06561	0.00839	0.01235	0.00744	0.00829	0.01438	0.00216	0.60474	0.00476	0.00264	0.00611
8	0.00767	0.00519	0.00609	0.00609	0.00621	0.00530	0.00361	0.00790	0.00779	0.01049	0.01636	0.03293	0.01850	0.72097	0.11916	0.00553	0.00621	0.00744	0.00316	0.00339
9	0.01688	0.13005	0.01877	0.01892	0.25695	0.44103	0.01195	0.01885	0.01347	0.01423	0.00862	0.01051	0.00730	0.00509	0.00473	0.00140	0.00798	0.00374	0.00263	0.00693
10	0.01435	0.01848	0.10922	0.01932	0.08739	0.23240	0.35883	0.01820	0.03375	0.01582	0.00996	0.01255	0.00775	0.00505	0.00594	0.00165	0.03463	0.00499	0.00270	0.00702
11	0.09546	0.11270	0.14920	0.11333	0.07717	0.01339	0.26714	0.03200	0.01179	0.04543	0.01036	0.01352	0.00805	0.00507	0.00518	0.00166	0.00712	0.02157	0.00281	0.00705
12	0.00874	0.00707	0.00947	0.00892	0.01017	0.00739	0.04227	0.07703	0.01240	0.01672	0.14420	0.35840	0.13990	0.01280	0.00770	0.00198	0.09765	0.02737	0.00467	0.00517
13	0.00886	0.00748	0.01028	0.00952	0.01011	0.00932	0.00747	0.01024	0.00866	0.01261	0.01558	0.02203	0.07727	0.12449	0.34540	0.00520	0.27088	0.00602	0.03371	0.00486
14	0.03484	0.11950	0.02320	0.04914	0.08580	0.01364	0.34158	0.01790	0.14663	0.01709	0.01268	0.04994	0.01041	0.00565	0.00571	0.00168	0.02492	0.00573	0.00320	0.03076
15	0.00628	0.00533	0.00541	0.00545	0.00717	0.00447	0.00407	0.00762	0.01203	0.01437	0.06483	0.07958	0.73852	0.01347	0.00627	0.00180	0.00269	0.01128	0.00492	0.00447
16	0.01266	0.01136	0.01516	0.40213	0.09033	0.06264	0.01233	0.13842	0.04092	0.01775	0.01125	0.03519	0.00898	0.00610	0.00593	0.00170	0.05577	0.00496	0.05983	0.00660
17	0.00659	0.00497	0.00614	0.00695	0.00779	0.00452	0.00495	0.00782	0.01103	0.01420	0.06345	0.49881	0.25214	0.01526	0.00663	0.00205	0.00308	0.07426	0.00494	0.00442
18	0.01450	0.01175	0.01411	0.01039	0.01496	0.01098	0.05625	0.29636	0.01630	0.02327	0.01072	0.01183	0.00828	0.00487	0.00458	0.00115	0.00495	0.00395	0.00392	0.47689
19	0.01706	0.01720	0.08007	0.01173	0.01584	0.22044	0.00996	0.32448	0.01784	0.03429	0.01188	0.02367	0.02564	0.00585	0.00492	0.00140	0.00650	0.00432	0.00395	0.16296
20	0.01203	0.01471	0.12960	0.01255	0.01559	0.12847	0.09128	0.03669	0.15309	0.01636	0.01834	0.13431	0.08416	0.00852	0.00729	0.00183	0.11811	0.00690	0.00367	0.00651
21	0.02202	0.00980	0.01453	0.01199	0.06227	0.00874	0.07270	0.04107	0.01493	0.65492	0.01913	0.01725	0.01227	0.00625	0.00539	0.00164	0.00502	0.00534	0.00594	0.00880
22	0.01315	0.01136	0.01195	0.01076	0.01375	0.01315	0.00837	0.02809	0.77168	0.02211	0.02152	0.01972	0.01614	0.00717	0.00538	0.00179	0.00418	0.00598	0.00538	0.00837
23	0.00658	0.00537	0.00581	0.00570	0.00734	0.00460	0.00427	0.00822	0.01282	0.01612	0.24600	0.04785	0.58550	0.01270	0.00624	0.00175	0.00263	0.01073	0.00515	0.00460
24	0.30650	0.04590	0.42063	0.01329	0.06518	0.01246	0.03396	0.01626	0.01048	0.01909	0.00873	0.01037	0.00650	0.00493	0.00440	0.00164	0.00637	0.00362	0.00263	0.00706
25	0.01273	0.25007	0.12216	0.01754	0.02295	0.01544	0.45205	0.01659	0.01181	0.01560	0.00957	0.01220	0.00750	0.00454	0.00526	0.00158	0.00783	0.00496	0.00250	0.00711
26	0.00644	0.00460	0.00613	0.00736	0.00767	0.00429	0.00491	0.00736	0.01012	0.01350	0.02914	0.81076	0.03497	0.01656	0.00675	0.00215	0.00307	0.01503	0.00491	0.00429
27	0.01308	0.01256	0.02146	0.03245	0.78123	0.01256	0.01622	0.01622	0.01204	0.01727	0.00994	0.01308	0.00837	0.00471	0.00523	0.00157	0.00628	0.00471	0.00262	0.00837
28	0.01401	0.01229	0.06376	0.30988	0.09135	0.08435	0.07621	0.01725	0.02623	0.17078	0.01347	0.07377	0.01068	0.00629	0.00541	0.00171	0.00655	0.00558	0.00353	0.00691
29	0.01251	0.01079	0.01789	0.11749	0.53007	0.01095	0.01378	0.01535	0.01180	0.06399	0.01300	0.10424	0.01172	0.00629	0.00536	0.00165	0.00576	0.00592	0.03392	0.00753
30	0.00639	0.00536	0.00555	0.00550	0.00723	0.00452	0.00413	0.00786	0.01238	0.01508	0.13679	0.04957	0.69536	0.01309	0.00625	0.00177	0.00266	0.01097	0.00501	0.00452
31	0.01016	0.00760	0.00806	0.00767	0.00840	0.06276	0.00530	0.02665	0.02388	0.05289	0.01656	0.03088	0.01751	0.50941	0.04171	0.00407	0.05828	0.06977	0.03410	0.00435
32	0.03789	0.51926	0.14861	0.01205	0.08053	0.01744	0.01119	0.03131	0.01149	0.07418	0.00907	0.01013	0.00741	0.00482	0.00400	0.00132	0.00593	0.00339	0.00271	0.00727
33	0.01261	0.01287	0.14318	0.02069	0.38050	0.01014	0.01309	0.01596	0.01296	0.10986	0.19392	0.01963	0.01853	0.00643	0.00545	0.00162	0.00542	0.00580	0.00378	0.00755
34	0.01315	0.01136	0.01195	0.01076	0.01375	0.01315	0.00837	0.02809	0.77168	0.02211	0.02152	0.01972	0.01614	0.00717	0.00538	0.00179	0.00418	0.00598	0.00538	0.00837
35	0.13211	0.03517	0.01522	0.14954	0.04060	0.18189	0.02716	0.28734	0.01672	0.05020	0.01046	0.01183	0.00779	0.00564	0.00487	0.00157	0.00662	0.00420	0.00378	0.00727
36	0.00744	0.00542	0.00701	0.00665	0.00793	0.00499	0.00502	0.00987	0.01474	0.02069	0.72065	0.04060	0.08947	0.01104	0.00626	0.00169	0.00256	0.02728	0.00575	0.00496
37	0.01096	0.00940	0.01096	0.00783	0.01253	0.00705	0.00626	0.01331	0.01096	0.01723	0.00940	0.01096	0.00783	0.00392	0.00392	0.00078	0.00392	0.00313	0.00313	0.84653
38	0.00785	0.00639	0.00939	0.00817	0.00997	0.00580	0.08453	0.01026	0.01383	0.01907	0.51488	0.08556	0.15884	0.01071	0.00620	0.00170	0.00327	0.00962	0.00521	0.02875
39	0.00985	0.00493	0.00493	0.00493	0.00616	0.00493	0.00370	0.01232	0.01109	0.01971	0.01725	0.01971	0.01355	0.00616	0.00370	0.00123	0.00246	0.00493	0.84356	0.00493
40	0.00998	0.00940	0.01586	0.80150	0.03641	0.01175	0.01468	0.01351	0.01057	0.01351	0.00940	0.01409	0.00705	0.00529	0.00529	0.00176	0.00705	0.00470	0.00235	0.00587
41	0.01248	0.01426	0.03119	0.02228	0.02763	0.01337	0.76203	0.01693	0.01248	0.01693	0.01070	0.01426	0.00802	0.00446	0.00624	0.00178	0.00891	0.00624	0.00267	0.00713
42	0.02192	0.01070	0.01220	0.00981	0.01348	0.10037	0.00790	0.02413	0.03363	0.62706	0.01989	0.06610	0.01378	0.00705	0.00534	0.00164	0.00500	0.00571	0.00596	0.00835
43	0.00634	0.00500	0.00572	0.00629	0.00739	0.00438	0.00443	0.00748	0.01115	0.01392	0.04221	0.40406	0.43323	0.01486	0.00648	0.00195	0.00286	0.01296	0.00491	0.00438
44	0.01164	0.01215	0.06560	0.40371	0.27991	0.03365	0.04230	0.03198	0.01163	0.01572	0.00993	0.01361	0.00775	0.00511	0.00522	0.00166	0.00680	0.00468	0.03003	0.00691
45	0.77963	0.00987	0.00783	0.00719	0.01029	0.01137	0.00596	0.01515	0.00927	0.02305	0.00912	0.01294	0.00783	0.00573	0.00362	0.00170	0.00416	0.06624	0.00341	0.00565
46	0.00991	0.00635	0.00753	0.00749	0.00774	0.07184	0.00509	0.00813	0.00778	0.00977	0.01033	0.06469	0.01058	0.01715	0.01844	0.72188	0.00492	0.00514	0.00249	0.00275
47	0.01184	0.03765	0.19855	0.01125	0.01657	0.07624	0.07070	0.01516	0.01147	0.01659	0.00936	0.01109	0.00746	0.00437	0.00442	0.00114	0.00577	0.00358	0.00282	0.48398
48	0.01079	0.00917	0.01054	0.00786	0.01210	0.00734	0.00624	0.02888	0.05852	0.01771	0.03514	0.01573	0.07533	0.00516	0.00430	0.00097	0.00383	0.00420	0.00354	0.68265
49	0.24125	0.01169	0.01236	0.00973	0.01368	0.01232	0.00800	0.31034	0.03821	0.20170	0.01312	0.01287	0.00916	0.00582	0.00464	0.00155	0.00485	0.00428	0.00486	0.07956
50	0.01213	0.01157	0.01942	0.12116	0.62703	0.01177	0.01500	0.01517	0.01186	0.01657	0.01360	0.01643	0.07397	0.00552	0.00533	0.00161	0.00606	0.00526	0.00278	0.00774
51	0.01397	0.01053	0.06398	0.08026	0.01831	0.00918	0.20913	0.01722	0.03738	0.24355	0.03969	0.19899	0.01699	0.00823	0.00590	0.00181	0.00570	0.00779	0.00445	0.00695
52	0.01659	0.01344	0.01843	0.08990	0.20752	0.03172	0.08133	0.34714	0.01770	0.07120	0.01168	0.01327	0.00869	0.00579	0.00588	0.00165	0.04101	0.00488	0.00401	0.00818

[dist]
# distance from previous block
# <min> <max>
0	1

[block]
# block no. 3 follows, 46 sequences, length 14
# corresponding to MSA columns:
# 291-304
name=unknown_D
#
# <colnr> <probs for GDERKNQSTAVLIFYWHMCP>
#	G	D	E	R	K	N	Q	S	T	A	V	L	I	F	Y	W	H	M	C	P
0	0.01865	0.00931	0.01286	0.01039	0.01395	0.00879	0.06314	0.02317	0.15169	0.48062	0.02218	0.05509	0.04188	0.00769	0.00562	0.00175	0.00467	0.05464	0.00581	0.00812
1	0.01331	0.01226	0.02365	0.11414	0.05193	0.01194	0.44758	0.04312	0.04156	0.10479	0.01530	0.01747	0.06553	0.00563	0.00592	0.00175	0.00734	0.00619	0.00343	0.00715
2	0.01238	0.01323	0.01563	0.01458	0.10851	0.18821	0.16594	0.06323	0.01360	0.01612	0.02562	0.04543	0.27854	0.00826	0.00573	0.00166	0.00620	0.00725	0.00369	0.00617
3	0.04948	0.12010	0.01126	0.00774	0.01063	0.00847	0.00613	0.04276	0.01139	0.01627	0.04310	0.25564	0.08705	0.00903	0.00501	0.00143	0.00383	0.00765	0.00389	0.29913
4	0.12473	0.01468	0.12582	0.01135	0.01554	0.01383	0.01023	0.28354	0.27594	0.04835	0.01479	0.01450	0.01080	0.00625	0.00502	0.00168	0.00529	0.00482	0.00465	0.00818
5	0.01388	0.01143	0.01215	0.01077	0.01386	0.01310	0.00842	0.06293	0.70731	0.05179	0.02107	0.01932	0.01568	0.00711	0.00537	0.00178	0.00427	0.00589	0.00542	0.00842
6	0.01116	0.01098	0.01964	0.17368	0.12830	0.01060	0.25939	0.01457	0.01200	0.01685	0.09864	0.01626	0.01267	0.00527	0.00541	0.00152	0.00636	0.00543	0.00306	0.18820
7	0.00640	0.00477	0.00596	0.00691	0.00755	0.00433	0.00471	0.00741	0.01056	0.01367	0.03464	0.63944	0.20273	0.01585	0.00664	0.00207	0.00298	0.01416	0.00491	0.00433
8	0.14822	0.00989	0.01310	0.07375	0.26126	0.01047	0.00978	0.10266	0.01279	0.05029	0.01232	0.01447	0.00959	0.00546	0.00449	0.00150	0.00477	0.00450	0.24380	0.00687
9	0.01934	0.01725	0.01386	0.01187	0.01499	0.36505	0.00927	0.10238	0.10831	0.21108	0.03405	0.01413	0.01092	0.00632	0.00556	0.00155	0.03777	0.00456	0.00435	0.00739
10	0.00644	0.00460	0.00613	0.00736	0.00767	0.00429	0.00491	0.00736	0.01012	0.01350	0.02914	0.81076	0.03497	0.01656	0.00675	0.00215	0.00307	0.01503	0.00491	0.00429
11	0.06940	0.35554	0.07190	0.01133	0.01524	0.33918	0.01006	0.04568	0.01294	0.01442	0.00803	0.00926	0.00680	0.00503	0.00413	0.00131	0.00731	0.00321	0.00263	0.00660
12	0.00655	0.00489	0.00598	0.00669	0.00742	0.00444	0.00457	0.00763	0.01082	0.01405	0.08971	0.50715	0.22699	0.06760	0.00790	0.00221	0.00306	0.01315	0.00486	0.00432
13	0.17419	0.04169	0.04015	0.00958	0.01313	0.06237	0.00806	0.21085	0.01602	0.17798	0.14982	0.01732	0.01618	0.00666	0.00493	0.00156	0.00488	0.00513	0.00480	0.03471

[dist]
# distance from previous block
# <min> <max>
7	9

[block]
# block no. 4 follows, 46 sequences, length 13
# corresponding to MSA columns:
# 314,315,332-342
name=unknown_E
#
# <colnr> <probs for GDERKNQSTAVLIFYWHMCP>
#	G	D	E	R	K	N	Q	S	T	A	V	L	I	F	Y	W	H	M	C	P
0	0.01160	0.01071	0.01084	0.00971	0.01176	0.09389	0.00758	0.05977	0.24935	0.01902	0.19407	0.02688	0.14977	0.00908	0.00721	0.00177	0.10873	0.00714	0.00471	0.00640
1	0.01487	0.71394	0.02604	0.00964	0.01393	0.12174	0.00920	0.01652	0.01130	0.01250	0.00746	0.00862	0.00679	0.00464	0.00357	0.00116	0.00616	0.00290	0.00232	0.00670
2	0.00645	0.00477	0.00597	0.00691	0.00749	0.00436	0.00467	0.00742	0.01040	0.01352	0.03332	0.63494	0.17675	0.04720	0.00744	0.00219	0.00307	0.01400	0.00484	0.00428
3	0.01493	0.01224	0.01296	0.01112	0.01443	0.01398	0.00880	0.21706	0.57981	0.02499	0.01925	0.01792	0.01430	0.00696	0.00536	0.00174	0.00460	0.00566	0.00536	0.00853
4	0.06213	0.21508	0.27648	0.01173	0.01696	0.15030	0.01225	0.03749	0.01219	0.06155	0.00937	0.01050	0.00724	0.00498	0.00439	0.00139	0.00673	0.00352	0.00281	0.09291
5	0.01197	0.33370	0.49245	0.01273	0.01927	0.01563	0.01547	0.01639	0.01100	0.01507	0.00866	0.01012	0.00673	0.00483	0.00439	0.00146	0.00698	0.00349	0.00224	0.00741
6	0.85155	0.01022	0.00777	0.00695	0.01022	0.01186	0.00573	0.01554	0.00900	0.02372	0.00736	0.00859	0.00573	0.00491	0.00327	0.00164	0.00409	0.00286	0.00327	0.00573
7	0.00749	0.00532	0.00657	0.00657	0.00705	0.00552	0.00435	0.00822	0.00840	0.01130	0.01976	0.03201	0.09714	0.48947	0.26284	0.00582	0.00768	0.00742	0.00327	0.00381
8	0.01002	0.00651	0.00836	0.00832	0.01006	0.00621	0.00685	0.04969	0.01368	0.09838	0.20420	0.07173	0.15315	0.01233	0.00656	0.00201	0.00391	0.31728	0.00529	0.00545
9	0.26290	0.44822	0.01952	0.00864	0.01273	0.01660	0.00799	0.05947	0.01149	0.09807	0.00908	0.00975	0.00726	0.00495	0.00367	0.00136	0.00508	0.00321	0.00318	0.00683
10	0.01285	0.33570	0.10058	0.00996	0.01376	0.01529	0.00926	0.04635	0.26295	0.01660	0.01362	0.01589	0.01150	0.10599	0.00721	0.00192	0.00534	0.00466	0.00352	0.00706
11	0.07245	0.01696	0.39111	0.01104	0.01605	0.00934	0.01244	0.01534	0.01222	0.11316	0.14993	0.04623	0.09694	0.00745	0.00533	0.00169	0.00551	0.00610	0.00383	0.00685
12	0.10176	0.18686	0.01881	0.01230	0.01595	0.21193	0.16448	0.04162	0.01284	0.01617	0.05235	0.01620	0.09031	0.00608	0.00484	0.00148	0.00664	0.00498	0.00316	0.03125

[dist]
# distance from previous block
# <min> <max>
3	14

[block]
# block no. 5 follows, 46 sequences, length 12
# corresponding to MSA columns:
# 357-368
name=unknown_F
#
# <colnr> <probs for GDERKNQSTAVLIFYWHMCP>
#	G	D	E	R	K	N	Q	S	T	A	V	L	I	F	Y	W	H	M	C	P
0	0.01231	0.01073	0.01025	0.00941	0.01159	0.14611	0.00717	0.11279	0.03519	0.04952	0.12016	0.26039	0.02366	0.01021	0.00575	0.00170	0.00481	0.06105	0.00457	0.10263
1	0.01261	0.39343	0.05398	0.08890	0.01737	0.07600	0.10706	0.01524	0.02876	0.01382	0.01301	0.08287	0.04659	0.00644	0.00468	0.00148	0.00619	0.02233	0.00284	0.00640
2	0.07826	0.07999	0.02116	0.02336	0.41075	0.04952	0.14631	0.01602	0.01178	0.01699	0.01013	0.03692	0.00868	0.00501	0.00504	0.00153	0.00642	0.00483	0.00276	0.06454
3	0.01262	0.06687	0.01341	0.01162	0.03304	0.12996	0.04423	0.01980	0.30838	0.01788	0.05161	0.02863	0.03573	0.00872	0.00573	0.00183	0.00544	0.19330	0.00444	0.00674
4	0.00763	0.00535	0.00692	0.00692	0.00733	0.00575	0.00465	0.00843	0.00803	0.01111	0.01560	0.02873	0.01667	0.48548	0.35216	0.00656	0.00896	0.00683	0.00305	0.00385
5	0.01219	0.01131	0.01579	0.01622	0.17333	0.04558	0.11920	0.04938	0.26337	0.01942	0.11737	0.09902	0.01900	0.00758	0.00569	0.00174	0.00527	0.00697	0.00430	0.00726
6	0.00637	0.00487	0.00586	0.00665	0.00748	0.00435	0.00459	0.00744	0.01081	0.01377	0.03782	0.54052	0.29960	0.01543	0.00657	0.00202	0.00293	0.01365	0.00491	0.00435
7	0.01202	0.02867	0.01539	0.12969	0.11070	0.06158	0.01128	0.01620	0.14630	0.01499	0.01151	0.03895	0.01021	0.04619	0.01103	0.00209	0.31847	0.00524	0.00305	0.00645
8	0.00632	0.00536	0.00546	0.00544	0.00719	0.00450	0.00408	0.00773	0.01223	0.01471	0.09818	0.05018	0.73419	0.01323	0.00625	0.00178	0.00267	0.01106	0.00497	0.00450
9	0.01188	0.01196	0.01456	0.01209	0.01447	0.16059	0.15582	0.06466	0.01388	0.01783	0.26707	0.07665	0.02397	0.01076	0.06785	0.00223	0.05663	0.00715	0.00405	0.00588
10	0.00868	0.01039	0.15245	0.01005	0.01267	0.00748	0.09959	0.01133	0.01106	0.01563	0.17393	0.08772	0.06042	0.17084	0.10368	0.00320	0.00621	0.00758	0.04180	0.00530
11	0.01153	0.05475	0.31342	0.01677	0.02241	0.01279	0.31708	0.01710	0.07102	0.01724	0.06300	0.01489	0.01091	0.00544	0.00587	0.00172	0.02849	0.00536	0.00290	0.00729

[dist]
# distance from previous block
# <min> <max>
2	9

[block]
# block no. 6 follows, 46 sequences, length 41
# corresponding to MSA columns:
# 378-418
name=unknown_G
#
# <colnr> <probs for GDERKNQSTAVLIFYWHMCP>
#	G	D	E	R	K	N	Q	S	T	A	V	L	I	F	Y	W	H	M	C	P
0	0.00996	0.01005	0.08380	0.15040	0.01664	0.00892	0.00924	0.03159	0.14291	0.01649	0.01734	0.20851	0.01678	0.01043	0.05136	0.00208	0.00536	0.03551	0.00382	0.16883
1	0.00748	0.03680	0.00814	0.00791	0.00848	0.00656	0.00568	0.00843	0.00990	0.01317	0.02718	0.52328	0.11467	0.08211	0.00964	0.00234	0.10723	0.01215	0.00433	0.00451
2	0.01335	0.01654	0.17355	0.01400	0.07511	0.11167	0.01188	0.04065	0.31417	0.01838	0.01390	0.01459	0.01073	0.00644	0.00669	0.00172	0.10832	0.00481	0.00370	0.03980
3	0.00653	0.00467	0.00624	0.00746	0.00781	0.00437	0.00506	0.00752	0.01021	0.01360	0.02909	0.77802	0.03477	0.01648	0.00677	0.00216	0.00315	0.04687	0.00491	0.00432
4	0.01785	0.01896	0.01481	0.01311	0.04331	0.40736	0.00990	0.20867	0.04095	0.01911	0.01027	0.01195	0.00827	0.00584	0.00537	0.00143	0.03805	0.01744	0.00353	0.10382
5	0.00755	0.00519	0.00617	0.00637	0.00667	0.00505	0.00396	0.00803	0.00880	0.01184	0.05274	0.19211	0.02398	0.55821	0.02038	0.00413	0.00455	0.04490	0.00374	0.02563
6	0.01310	0.00998	0.01150	0.00885	0.01285	0.00888	0.00704	0.16438	0.04307	0.06494	0.01346	0.10422	0.01181	0.00614	0.00465	0.00119	0.00424	0.00507	0.00405	0.50057
7	0.62227	0.00992	0.00891	0.00751	0.01105	0.01068	0.00617	0.01741	0.01037	0.17507	0.01021	0.01065	0.00735	0.00516	0.00373	0.00157	0.00416	0.00337	0.00391	0.07054
8	0.02922	0.01284	0.02013	0.31011	0.02692	0.04512	0.22947	0.19600	0.01463	0.01942	0.01039	0.01343	0.00776	0.00544	0.00594	0.00173	0.03619	0.00507	0.00318	0.00699
9	0.01348	0.01316	0.01814	0.01656	0.11424	0.06693	0.19145	0.03979	0.39251	0.01956	0.01609	0.01719	0.01242	0.00624	0.00583	0.00175	0.02453	0.01821	0.00411	0.00781
10	0.01359	0.17722	0.01564	0.01129	0.04146	0.04293	0.00886	0.02490	0.56086	0.01962	0.01771	0.01681	0.01360	0.00648	0.00494	0.00163	0.00475	0.00519	0.00454	0.00796
11	0.00683	0.00540	0.00623	0.00651	0.00795	0.00479	0.00502	0.00848	0.01228	0.01548	0.15417	0.13720	0.46065	0.01357	0.00648	0.00192	0.00306	0.13434	0.00504	0.00459
12	0.00941	0.00975	0.04075	0.03056	0.01732	0.00907	0.31995	0.01202	0.01103	0.01498	0.01933	0.39822	0.02090	0.01058	0.00701	0.00198	0.04743	0.01029	0.00371	0.00569
13	0.03858	0.11276	0.45159	0.01359	0.01988	0.01398	0.04549	0.17503	0.01416	0.05174	0.01038	0.01151	0.00748	0.00528	0.00490	0.00160	0.00694	0.00409	0.00311	0.00790
14	0.00674	0.00516	0.00618	0.00637	0.00756	0.00460	0.00461	0.00837	0.01254	0.01650	0.30197	0.25983	0.31376	0.01337	0.00638	0.00184	0.00272	0.01168	0.00523	0.00460
15	0.01308	0.01256	0.02146	0.03245	0.78123	0.01256	0.01622	0.01622	0.01204	0.01727	0.00994	0.01308	0.00837	0.00471	0.00523	0.00157	0.00628	0.00471	0.00262	0.00837
16	0.01415	0.01399	0.01211	0.01136	0.01388	0.22657	0.00901	0.06263	0.32398	0.01857	0.01903	0.02690	0.01688	0.00858	0.00571	0.00183	0.00593	0.19750	0.00451	0.00687
17	0.01659	0.14843	0.01818	0.01574	0.14078	0.34829	0.01110	0.03418	0.01287	0.05691	0.00892	0.01083	0.00748	0.00590	0.00678	0.00154	0.14202	0.00387	0.00283	0.00677
18	0.00740	0.00540	0.00695	0.00656	0.00785	0.00495	0.00492	0.00981	0.01477	0.02073	0.72911	0.04026	0.09950	0.01098	0.00624	0.00167	0.00251	0.00967	0.00576	0.00495
19	0.00859	0.03912	0.00954	0.00850	0.00951	0.00789	0.00658	0.03412	0.00906	0.01294	0.01380	0.02131	0.01325	0.14373	0.54940	0.00685	0.06568	0.00571	0.02962	0.00481
20	0.01286	0.18328	0.01403	0.00920	0.01189	0.01154	0.00767	0.05843	0.15253	0.11323	0.01495	0.01707	0.01213	0.01852	0.29828	0.00409	0.00827	0.00498	0.04043	0.00663
21	0.00700	0.00541	0.00640	0.00623	0.00771	0.00481	0.00473	0.00900	0.01359	0.01800	0.43543	0.04524	0.36119	0.01208	0.00629	0.00175	0.00268	0.04232	0.00539	0.00476
22	0.01320	0.01145	0.01417	0.01612	0.21072	0.02588	0.01018	0.10705	0.38083	0.02091	0.01825	0.11695	0.01553	0.00760	0.00549	0.00175	0.00486	0.00661	0.00455	0.00789
23	0.01680	0.29121	0.04358	0.01413	0.11223	0.22200	0.01082	0.19614	0.01541	0.01830	0.00924	0.01043	0.00752	0.00524	0.00449	0.00137	0.00686	0.00371	0.00315	0.00737
24	0.00673	0.00571	0.00586	0.00576	0.00758	0.00500	0.00434	0.00894	0.05651	0.01521	0.10102	0.04829	0.68501	0.01285	0.00620	0.00178	0.00275	0.01075	0.00500	0.00473
25	0.01242	0.01141	0.01233	0.00916	0.01364	0.09791	0.03913	0.01474	0.01162	0.03983	0.00966	0.01115	0.00788	0.00419	0.00415	0.00092	0.00479	0.00336	0.00317	0.68853
26	0.00748	0.00540	0.00707	0.00665	0.00790	0.00499	0.00499	0.00998	0.01496	0.02120	0.77844	0.03949	0.04988	0.01081	0.00624	0.00166	0.00249	0.00956	0.00582	0.00499
27	0.00998	0.00940	0.01586	0.80150	0.03641	0.01175	0.01468	0.01351	0.01057	0.01351	0.00940	0.01409	0.00705	0.00529	0.00529	0.00176	0.00705	0.00470	0.00235	0.00587
28	0.01228	0.01276	0.01545	0.01338	0.01369	0.10506	0.01092	0.01340	0.00887	0.01260	0.00765	0.01267	0.00764	0.05572	0.01646	0.00237	0.66634	0.00466	0.00241	0.00567
29	0.01248	0.01426	0.03119	0.02228	0.02763	0.01337	0.76203	0.01693	0.01248	0.01693	0.01070	0.01426	0.00802	0.00446	0.00624	0.00178	0.00891	0.00624	0.00267	0.00713
30	0.01025	0.03536	0.48640	0.01229	0.01772	0.06333	0.01429	0.01477	0.01222	0.01707	0.17226	0.04802	0.05967	0.00713	0.00536	0.00166	0.00633	0.00583	0.00326	0.00678
31	0.00918	0.00459	0.00689	0.00689	0.00689	0.00459	0.00459	0.00689	0.00689	0.00918	0.00918	0.01607	0.00918	0.01837	0.02066	0.84619	0.00459	0.00459	0.00230	0.00230
32	0.01415	0.01451	0.14698	0.01146	0.01542	0.01310	0.01038	0.23876	0.34268	0.02396	0.06819	0.01807	0.01482	0.03600	0.00613	0.00182	0.00521	0.00557	0.00476	0.00804
33	0.85155	0.01022	0.00777	0.00695	0.01022	0.01186	0.00573	0.01554	0.00900	0.02372	0.00736	0.00859	0.00573	0.00491	0.00327	0.00164	0.00409	0.00286	0.00327	0.00573
34	0.00918	0.00459	0.00689	0.00689	0.00689	0.00459	0.00459	0.00689	0.00689	0.00918	0.00918	0.01607	0.00918	0.01837	0.02066	0.84619	0.00459	0.00459	0.00230	0.00230
35	0.01096	0.00940	0.01096	0.00783	0.01253	0.00705	0.00626	0.01331	0.01096	0.01723	0.00940	0.01096	0.00783	0.00392	0.00392	0.00078	0.00392	0.00313	0.00313	0.84653
36	0.01769	0.01699	0.06874	0.04512	0.01790	0.16259	0.04882	0.41781	0.06139	0.02483	0.01153	0.01245	0.00857	0.00617	0.00595	0.00162	0.05515	0.00458	0.00417	0.00792
37	0.34113	0.03543	0.01264	0.04095	0.01469	0.33668	0.00860	0.12038	0.01375	0.01992	0.00851	0.00975	0.00670	0.00533	0.00425	0.00151	0.00673	0.00342	0.00326	0.00637
38	0.01065	0.00595	0.00643	0.00596	0.00762	0.00583	0.00457	0.06340	0.01288	0.06483	0.12161	0.02515	0.10165	0.00760	0.00451	0.00140	0.00284	0.00623	0.53551	0.00540
39	0.01503	0.35515	0.09049	0.01090	0.01509	0.11194	0.01006	0.09433	0.19931	0.03190	0.01191	0.01221	0.00941	0.00555	0.00442	0.00143	0.00596	0.00401	0.00346	0.00745
40	0.01888	0.11184	0.03746	0.01316	0.01622	0.68727	0.01034	0.02041	0.01441	0.01299	0.00812	0.00946	0.00680	0.00534	0.00462	0.00135	0.00906	0.00336	0.00266	0.00625

[dist]
# distance from previous block
# <min> <max>
0	87

[block]
# block no. 7 follows, 46 sequences, length 11
# corresponding to MSA columns:
# 527-537
name=unknown_H
#
# <colnr> <probs for GDERKNQSTAVLIFYWHMCP>
#	G	D	E	R	K	N	Q	S	T	A	V	L	I	F	Y	W	H	M	C	P
0	0.01744	0.05548	0.01445	0.05062	0.01568	0.11697	0.00922	0.32924	0.11722	0.11629	0.03306	0.04507	0.04170	0.00696	0.00525	0.00160	0.00569	0.00544	0.00479	0.00782
1	0.04614	0.05081	0.01092	0.00905	0.01116	0.11498	0.00681	0.10619	0.07534	0.11115	0.04646	0.14427	0.01759	0.18698	0.03661	0.00266	0.00552	0.00704	0.00429	0.00601
2	0.01393	0.12866	0.20745	0.01242	0.01698	0.21999	0.05156	0.04490	0.05488	0.01631	0.04875	0.01396	0.01046	0.00566	0.00482	0.00144	0.00692	0.02718	0.00305	0.11069
3	0.01141	0.00752	0.00900	0.00780	0.01032	0.00704	0.00605	0.01575	0.14563	0.14713	0.29127	0.05213	0.14289	0.00914	0.00565	0.00160	0.00335	0.00781	0.00536	0.11317
4	0.00702	0.00535	0.00643	0.00651	0.00781	0.00482	0.00489	0.00883	0.01288	0.01699	0.33851	0.13307	0.31027	0.03759	0.00703	0.00194	0.00292	0.07728	0.00522	0.00465
5	0.15720	0.01601	0.20996	0.01082	0.01537	0.08681	0.01048	0.01939	0.19169	0.06192	0.01357	0.01394	0.02868	0.00568	0.00466	0.00153	0.00555	0.00431	0.00365	0.13878
6	0.00827	0.00627	0.00730	0.00726	0.00876	0.00610	0.00534	0.01208	0.13964	0.03898	0.22401	0.25133	0.23980	0.01237	0.00621	0.00185	0.00304	0.01079	0.00526	0.00533
7	0.01413	0.81739	0.02770	0.00905	0.01357	0.02092	0.00905	0.01583	0.01074	0.01244	0.00735	0.00848	0.00678	0.00452	0.00339	0.00113	0.00565	0.00283	0.00226	0.00678
8	0.01790	0.14871	0.01718	0.01140	0.01547	0.01660	0.00959	0.51198	0.15075	0.02789	0.01331	0.01319	0.00985	0.00618	0.00499	0.00155	0.00551	0.00464	0.00480	0.00851
9	0.05078	0.36487	0.42594	0.01212	0.01831	0.01596	0.01441	0.01630	0.01088	0.01522	0.00847	0.00989	0.00669	0.00480	0.00424	0.00144	0.00672	0.00340	0.00229	0.00728
10	0.02004	0.01655	0.01572	0.01241	0.01639	0.14653	0.01008	0.63918	0.02320	0.02990	0.01193	0.01216	0.00862	0.00620	0.00520	0.00155	0.00644	0.00453	0.00486	0.00851

[dist]
# distance from previous block
# <min> <max>
10	17

[block]
# block no. 8 follows, 46 sequences, length 9
# corresponding to MSA columns:
# 556-564
name=unknown_I
#
# <colnr> <probs for GDERKNQSTAVLIFYWHMCP>
#	G	D	E	R	K	N	Q	S	T	A	V	L	I	F	Y	W	H	M	C	P
0	0.00821	0.00589	0.00669	0.00676	0.00723	0.00608	0.00424	0.01046	0.11420	0.01250	0.01966	0.17724	0.02173	0.55346	0.02016	0.00411	0.00461	0.00882	0.00382	0.00412
1	0.01370	0.01375	0.12134	0.01204	0.01623	0.01235	0.07209	0.08284	0.41951	0.06677	0.01695	0.01651	0.01254	0.00621	0.00524	0.00164	0.00520	0.00528	0.00455	0.09527
2	0.01253	0.45836	0.37268	0.01178	0.01780	0.01699	0.01381	0.01624	0.01093	0.01439	0.00832	0.00970	0.00674	0.00475	0.00413	0.00138	0.00663	0.00332	0.00225	0.00725
3	0.12972	0.01420	0.15616	0.01062	0.01499	0.01194	0.00987	0.16287	0.20816	0.02224	0.01373	0.04818	0.01086	0.00612	0.00480	0.00154	0.00507	0.00480	0.00405	0.16009
4	0.01011	0.01060	0.09211	0.00950	0.01365	0.00755	0.06978	0.01300	0.01193	0.01785	0.17564	0.05167	0.01793	0.00610	0.00484	0.00121	0.00439	0.00536	0.00365	0.47314
5	0.01002	0.00904	0.01240	0.00926	0.01328	0.00728	0.11064	0.01245	0.01157	0.01671	0.05035	0.02118	0.17569	0.00631	0.00483	0.00117	0.00428	0.00555	0.00356	0.51441
6	0.01276	0.00879	0.01062	0.00877	0.01164	0.05503	0.05119	0.03180	0.02885	0.18949	0.20349	0.06166	0.17041	0.00877	0.00560	0.00157	0.00412	0.00751	0.00499	0.12293
7	0.01552	0.01769	0.02011	0.01556	0.01969	0.31883	0.27946	0.06372	0.01394	0.01642	0.00958	0.01169	0.00757	0.00486	0.00517	0.00142	0.00804	0.00445	0.00294	0.16335
8	0.01181	0.01095	0.01671	0.16897	0.02062	0.01073	0.15583	0.07137	0.01199	0.01726	0.00968	0.01241	0.00772	0.00495	0.00593	0.00137	0.07635	0.00430	0.00298	0.37805

[dist]
# distance from previous block
# <min> <max>
1	2

[block]
# block no. 9 follows, 46 sequences, length 28
# corresponding to MSA columns:
# 568-595
name=unknown_J
#
# <colnr> <probs for GDERKNQSTAVLIFYWHMCP>
#	G	D	E	R	K	N	Q	S	T	A	V	L	I	F	Y	W	H	M	C	P
0	0.01101	0.01044	0.01753	0.45877	0.32790	0.01170	0.01475	0.01428	0.01122	0.01503	0.01184	0.01556	0.04658	0.00547	0.00531	0.00169	0.00652	0.00503	0.00258	0.00679
1	0.01079	0.01046	0.01529	0.18359	0.01827	0.01420	0.01170	0.01254	0.00867	0.01284	0.00825	0.01311	0.00764	0.01168	0.09849	0.00286	0.54680	0.00475	0.00238	0.00569
2	0.00644	0.00460	0.00613	0.00736	0.00767	0.00429	0.00491	0.00736	0.01012	0.01350	0.02914	0.81076	0.03497	0.01656	0.00675	0.00215	0.00307	0.01503	0.00491	0.00429
3	0.00625	0.00536	0.00536	0.00536	0.00714	0.00446	0.00402	0.00759	0.01205	0.01428	0.05355	0.05088	0.77909	0.01339	0.00625	0.00179	0.00268	0.01116	0.00491	0.00446
4	0.01187	0.07644	0.07225	0.00881	0.01370	0.00927	0.00779	0.06983	0.01200	0.01800	0.00948	0.01091	0.00775	0.00423	0.00406	0.00094	0.00450	0.00329	0.00315	0.65174
5	0.01754	0.33680	0.01999	0.01182	0.01525	0.48930	0.00975	0.01903	0.01331	0.01274	0.00785	0.00912	0.00680	0.00508	0.00423	0.00127	0.00801	0.00318	0.00254	0.00639
6	0.08283	0.04068	0.01481	0.01303	0.01561	0.65298	0.00995	0.01989	0.01387	0.01374	0.00799	0.00960	0.00674	0.00569	0.00564	0.00145	0.07324	0.00345	0.00272	0.00608
7	0.01096	0.00928	0.00994	0.00910	0.01158	0.01022	0.00702	0.02137	0.50874	0.02052	0.15055	0.02867	0.16208	0.00891	0.00568	0.00177	0.00363	0.00751	0.00536	0.00710
8	0.08603	0.54412	0.14431	0.01027	0.01503	0.09626	0.01053	0.01648	0.01108	0.01413	0.00777	0.00902	0.00668	0.00473	0.00378	0.00128	0.00625	0.00306	0.00239	0.00679
9	0.01569	0.59997	0.02426	0.01023	0.01433	0.19742	0.00936	0.05068	0.01235	0.01349	0.00778	0.00891	0.00689	0.00482	0.00379	0.00120	0.00655	0.00305	0.00250	0.00673
10	0.01080	0.02612	0.72733	0.01474	0.02218	0.01234	0.01868	0.01761	0.06955	0.01715	0.01041	0.01182	0.00742	0.00519	0.00505	0.00168	0.00753	0.00407	0.00247	0.00786
11	0.01150	0.00875	0.00950	0.00874	0.01116	0.00945	0.00681	0.02039	0.41738	0.06258	0.08512	0.02866	0.15364	0.00878	0.00551	0.00175	0.00366	0.04439	0.09532	0.00691
