[name]
unknown

[dist]
# distance from previous block
# <min> <max>
0	79

[block]
# block no. 0 follows, 51 sequences, length 65
# corresponding to MSA columns:
# 90-154
name=unknown_A
#
# <colnr> <probs for GDERKNQSTAVLIFYWHMCP>
#	G	D	E	R	K	N	Q	S	T	A	V	L	I	F	Y	W	H	M	C	P
0	0.00976	0.00901	0.00873	0.00894	0.01055	0.13011	0.00715	0.01362	0.14908	0.01487	0.02562	0.13105	0.13201	0.01109	0.00591	0.00189	0.00459	0.31654	0.00431	0.00517
1	0.01358	0.01210	0.11461	0.01985	0.39825	0.01023	0.01232	0.01766	0.08781	0.18207	0.07092	0.01533	0.01210	0.00542	0.00494	0.00151	0.00521	0.00485	0.00363	0.00761
2	0.00942	0.07737	0.36681	0.06502	0.06326	0.00993	0.01252	0.01365	0.03533	0.01624	0.20933	0.02033	0.01823	0.00664	0.00502	0.00156	0.00544	0.05441	0.00320	0.00627
3	0.00715	0.00476	0.00536	0.00536	0.00536	0.00476	0.00298	0.00715	0.00715	0.00953	0.01548	0.03216	0.01787	0.82729	0.02501	0.00476	0.00476	0.00715	0.00298	0.00298
4	0.07558	0.48178	0.20137	0.01228	0.11296	0.01600	0.01125	0.01494	0.01011	0.01383	0.00759	0.00900	0.00640	0.00436	0.00371	0.00125	0.00568	0.00308	0.00221	0.00664
5	0.08223	0.24929	0.01876	0.01606	0.25199	0.14692	0.01053	0.13937	0.01300	0.01698	0.00850	0.00999	0.00701	0.00470	0.00416	0.00132	0.00594	0.00354	0.00280	0.00691
6	0.01175	0.20079	0.17289	0.01124	0.07576	0.03353	0.00965	0.05283	0.02439	0.01496	0.01234	0.01723	0.03510	0.18388	0.00905	0.00218	0.00567	0.00470	0.00302	0.11904
7	0.04853	0.06909	0.04847	0.01475	0.13769	0.49729	0.01040	0.04550	0.04551	0.02626	0.00868	0.00997	0.00704	0.00498	0.00443	0.00133	0.00751	0.00350	0.00273	0.00634
8	0.00715	0.00476	0.00536	0.00536	0.00536	0.00476	0.00298	0.00715	0.00715	0.00953	0.01548	0.03216	0.01787	0.82729	0.02501	0.00476	0.00476	0.00715	0.00298	0.00298
9	0.01772	0.01774	0.01472	0.04670	0.06713	0.36921	0.00997	0.35794	0.01767	0.02075	0.00962	0.01056	0.00734	0.00539	0.00470	0.00139	0.00703	0.00386	0.00357	0.00701
10	0.01464	0.00672	0.00903	0.00749	0.00999	0.00595	0.00595	0.01674	0.01399	0.41691	0.39973	0.02654	0.02896	0.00803	0.00536	0.00153	0.00327	0.00688	0.00575	0.00653
11	0.01148	0.42246	0.41897	0.01125	0.01700	0.01538	0.01335	0.01514	0.01018	0.01359	0.00784	0.00915	0.00627	0.00444	0.00392	0.00131	0.00627	0.00314	0.00209	0.00679
12	0.01229	0.19293	0.06773	0.04078	0.54773	0.02730	0.01367	0.01506	0.01089	0.01489	0.00865	0.01108	0.00731	0.00438	0.00447	0.00138	0.00586	0.00393	0.00233	0.00734
13	0.00732	0.00570	0.00847	0.00830	0.00910	0.00685	0.00651	0.00902	0.00787	0.01144	0.01263	0.01862	0.01182	0.03461	0.74475	0.00744	0.07730	0.00519	0.00259	0.00447
14	0.00940	0.00759	0.00867	0.00795	0.00986	0.00815	0.00609	0.01708	0.37257	0.02010	0.43529	0.02819	0.03183	0.00848	0.00543	0.00160	0.00305	0.00734	0.00522	0.00609
15	0.01193	0.01144	0.01953	0.09273	0.73587	0.01162	0.01497	0.01488	0.01108	0.01578	0.00920	0.01224	0.00769	0.00442	0.00487	0.00147	0.00589	0.00438	0.00241	0.00760
16	0.01279	0.18628	0.20018	0.07325	0.01893	0.20199	0.14149	0.01576	0.01110	0.01341	0.00846	0.02427	0.00697	0.00504	0.00529	0.00145	0.06080	0.00396	0.00231	0.00627
17	0.00599	0.00428	0.00570	0.00684	0.00713	0.00399	0.00456	0.00684	0.00941	0.01254	0.02709	0.82409	0.03250	0.01540	0.00627	0.00200	0.00285	0.01397	0.00456	0.00399
18	0.00842	0.00656	0.00783	0.00724	0.00885	0.00674	0.00551	0.01394	0.22852	0.01994	0.57938	0.03161	0.03767	0.00911	0.00558	0.00158	0.00275	0.00796	0.00530	0.00551
19	0.01120	0.01145	0.02174	0.23418	0.32581	0.01174	0.28162	0.01465	0.01097	0.01502	0.00935	0.01279	0.00734	0.00444	0.00520	0.00158	0.00688	0.00487	0.00239	0.00677
20	0.01061	0.20974	0.62410	0.01272	0.01929	0.01325	0.01592	0.01537	0.01029	0.01465	0.00836	0.00980	0.00624	0.00456	0.00432	0.00144	0.00680	0.00340	0.00208	0.00704
21	0.00901	0.00503	0.00576	0.06563	0.00838	0.00519	0.00476	0.01137	0.01040	0.01744	0.01674	0.02260	0.01412	0.00665	0.00397	0.00132	0.00289	0.10001	0.68410	0.00464
22	0.00808	0.00527	0.00693	0.00637	0.00773	0.00483	0.00483	0.01037	0.01392	0.07791	0.73626	0.03522	0.04382	0.00975	0.00573	0.00154	0.00246	0.00859	0.00546	0.00491
23	0.69299	0.00944	0.00804	0.00701	0.01013	0.01064	0.00574	0.01651	0.06721	0.11977	0.00940	0.00985	0.00690	0.00491	0.00343	0.00153	0.00386	0.00316	0.00357	0.00589
24	0.86201	0.00950	0.00722	0.00646	0.00950	0.01102	0.00532	0.01445	0.00836	0.02205	0.00684	0.00798	0.00532	0.00456	0.00304	0.00152	0.00380	0.00266	0.00304	0.00532
25	0.01606	0.01094	0.01252	0.02257	0.01378	0.01070	0.00779	0.35574	0.02992	0.16000	0.01215	0.01224	0.00873	0.00514	0.00448	0.00123	0.00457	0.00401	0.00438	0.30305
26	0.01138	0.39844	0.44214	0.01141	0.01726	0.01514	0.01364	0.01517	0.01019	0.01371	0.00790	0.00922	0.00626	0.00445	0.00397	0.00132	0.00633	0.00317	0.00209	0.00682
27	0.00599	0.00428	0.00570	0.00684	0.00713	0.00399	0.00456	0.00684	0.00941	0.01254	0.02709	0.82409	0.03250	0.01540	0.00627	0.00200	0.00285	0.01397	0.00456	0.00399
28	0.01236	0.01231	0.02341	0.01720	0.02142	0.01200	0.53395	0.16786	0.01365	0.01842	0.01232	0.10793	0.01057	0.00581	0.00568	0.00166	0.00707	0.00648	0.00322	0.00667
29	0.01156	0.07555	0.12494	0.02000	0.10944	0.01274	0.54119	0.01557	0.01128	0.01544	0.00949	0.01237	0.00725	0.00424	0.00536	0.00158	0.00766	0.00513	0.00240	0.00681
30	0.00969	0.00840	0.01225	0.37233	0.05109	0.00981	0.03094	0.01482	0.18763	0.01446	0.01295	0.01741	0.01074	0.11112	0.06729	0.00247	0.00600	0.00511	0.04982	0.00567
31	0.01180	0.01131	0.01929	0.12892	0.70071	0.01158	0.01490	0.01476	0.01102	0.01561	0.00918	0.01228	0.00763	0.00445	0.00487	0.00148	0.00593	0.00438	0.00240	0.00749
32	0.01335	0.01145	0.01993	0.02498	0.53515	0.01129	0.13542	0.01660	0.03293	0.11911	0.01093	0.01308	0.00848	0.00470	0.00523	0.00152	0.02053	0.00471	0.00299	0.00763
33	0.01109	0.04456	0.35888	0.02060	0.28254	0.01197	0.16919	0.01541	0.01088	0.01563	0.00912	0.01147	0.00700	0.00445	0.00491	0.00153	0.00692	0.00428	0.00228	0.00728
34	0.00584	0.00484	0.00512	0.00535	0.00674	0.00412	0.00390	0.00701	0.01084	0.01313	0.04524	0.20292	0.64195	0.01304	0.00590	0.00173	0.00256	0.01109	0.00456	0.00412
35	0.01115	0.01615	0.24031	0.01708	0.02213	0.01226	0.42868	0.01678	0.10864	0.01608	0.01070	0.01296	0.00801	0.00485	0.00595	0.00166	0.05196	0.00509	0.00267	0.00688
36	0.06361	0.01031	0.01173	0.01074	0.07082	0.06217	0.00791	0.08213	0.19728	0.32818	0.08850	0.01722	0.01461	0.00629	0.00489	0.00153	0.00445	0.00513	0.00500	0.00749
37	0.00771	0.00865	0.12059	0.00943	0.01124	0.00725	0.05375	0.00985	0.00867	0.01235	0.01463	0.16071	0.01479	0.07684	0.41270	0.00508	0.05136	0.00668	0.00288	0.00481
38	0.01677	0.01562	0.01557	0.05964	0.17280	0.22384	0.01077	0.38359	0.01756	0.02196	0.01001	0.01117	0.00761	0.00532	0.00478	0.00143	0.00647	0.00408	0.00364	0.00738
39	0.01112	0.33477	0.50353	0.01185	0.01794	0.01450	0.01441	0.01524	0.01023	0.01403	0.00806	0.00942	0.00626	0.00449	0.00409	0.00136	0.00649	0.00325	0.00209	0.00690
40	0.11893	0.07259	0.01854	0.01410	0.04713	0.01266	0.28736	0.01961	0.32049	0.01815	0.01330	0.01417	0.01012	0.00522	0.00490	0.00159	0.00565	0.00502	0.00353	0.00694
41	0.00996	0.00818	0.00916	0.00836	0.01044	0.00897	0.00643	0.01888	0.45550	0.02019	0.35234	0.02622	0.02847	0.00812	0.00534	0.00161	0.00321	0.00699	0.00518	0.00643
42	0.01934	0.01270	0.01409	0.01080	0.01471	0.01367	0.00892	0.63183	0.02133	0.18190	0.01329	0.01277	0.00910	0.00594	0.00492	0.00148	0.00517	0.00453	0.00514	0.00836
43	0.01802	0.01021	0.01206	0.00957	0.01295	0.01041	0.00777	0.34139	0.04981	0.33228	0.06791	0.07625	0.01445	0.00699	0.00509	0.00154	0.00447	0.00568	0.00539	0.00776
44	0.07572	0.00953	0.01022	0.00926	0.01183	0.01068	0.00719	0.04314	0.53712	0.08195	0.01973	0.11915	0.01628	0.00765	0.00503	0.00169	0.00383	0.01799	0.00488	0.00713
45	0.00599	0.00428	0.00570	0.00684	0.00713	0.00399	0.00456	0.00684	0.00941	0.01254	0.02709	0.82409	0.03250	0.01540	0.00627	0.00200	0.00285	0.01397	0.00456	0.00399
46	0.01216	0.01168	0.01995	0.03016	0.79664	0.01168	0.01508	0.01508	0.01119	0.01605	0.00924	0.01216	0.00778	0.00438	0.00487	0.00146	0.00584	0.00438	0.00243	0.00778
47	0.01170	0.01180	0.02190	0.11102	0.50175	0.01180	0.22673	0.01500	0.01116	0.01560	0.00938	0.01257	0.00756	0.00437	0.00513	0.00153	0.00659	0.00477	0.00242	0.00722
48	0.01292	0.01144	0.01488	0.01526	0.17032	0.01363	0.01053	0.15948	0.22754	0.01866	0.01176	0.01333	0.00944	0.00672	0.00870	0.00175	0.27835	0.00469	0.00351	0.00708
49	0.00757	0.00490	0.00602	0.00574	0.00689	0.00462	0.00430	0.00988	0.01291	0.01932	0.57828	0.03161	0.03700	0.00885	0.00514	0.00143	0.00231	0.00769	0.24091	0.00462
50	0.00847	0.00694	0.01073	0.01356	0.22659	0.00740	0.00799	0.01020	0.00866	0.01232	0.01254	0.01990	0.01216	0.18621	0.42831	0.00548	0.00945	0.00540	0.00265	0.00505
51	0.01317	0.01751	0.38717	0.01761	0.23460	0.01063	0.04346	0.01723	0.01144	0.18331	0.01124	0.01234	0.00797	0.00487	0.00482	0.00153	0.00625	0.00420	0.00305	0.00762
52	0.01836	0.02342	0.01393	0.01266	0.01519	0.80756	0.00950	0.01962	0.01393	0.01203	0.00760	0.00886	0.00633	0.00506	0.00443	0.00127	0.00886	0.00317	0.00253	0.00570
53	0.00702	0.00527	0.00790	0.00790	0.00878	0.00614	0.00614	0.00878	0.00790	0.01141	0.01316	0.01931	0.01229	0.03686	0.80782	0.00790	0.01316	0.00527	0.00263	0.00439
54	0.00917	0.00683	0.00878	0.00932	0.01085	0.00715	0.00798	0.05844	0.12118	0.01650	0.02432	0.04761	0.02522	0.01215	0.00642	0.00213	0.00449	0.61163	0.00462	0.00521
55	0.01128	0.01567	0.18995	0.02006	0.08618	0.01216	0.55883	0.01565	0.01131	0.01573	0.00965	0.01257	0.00723	0.00427	0.00549	0.00162	0.00788	0.00523	0.00240	0.00685
56	0.00715	0.00476	0.00536	0.00536	0.00536	0.00476	0.00298	0.00715	0.00715	0.00953	0.01548	0.03216	0.01787	0.82729	0.02501	0.00476	0.00476	0.00715	0.00298	0.00298
57	0.00588	0.00498	0.00508	0.00506	0.00668	0.00418	0.00379	0.00720	0.01138	0.01370	0.09890	0.04660	0.74526	0.01229	0.00581	0.00165	0.00248	0.01027	0.00462	0.00418
58	0.01060	0.08616	0.52568	0.01542	0.02180	0.01233	0.22832	0.01554	0.01068	0.01529	0.00897	0.01098	0.00657	0.00449	0.00486	0.00154	0.00739	0.00415	0.00219	0.00701
59	0.01222	0.01056	0.01111	0.01000	0.01278	0.01222	0.00778	0.02611	0.78776	0.02056	0.02000	0.01833	0.01500	0.00667	0.00500	0.00167	0.00389	0.00556	0.00500	0.00778
60	0.02205	0.00836	0.01140	0.00874	0.01254	0.00722	0.00722	0.02395	0.01407	0.80004	0.01939	0.01673	0.01216	0.00608	0.00494	0.00152	0.00418	0.00494	0.00608	0.00836
61	0.01178	0.01128	0.01925	0.13567	0.69416	0.01157	0.01489	0.01474	0.01101	0.01558	0.00918	0.01229	0.00762	0.00445	0.00487	0.00148	0.00593	0.00438	0.00240	0.00747
62	0.00986	0.02542	0.80183	0.01401	0.02127	0.01141	0.01816	0.01556	0.01038	0.01556	0.00882	0.01038	0.00623	0.00467	0.00467	0.00156	0.00726	0.00363	0.00208	0.00726
63	0.00581	0.00498	0.00498	0.00498	0.00664	0.00415	0.00373	0.00705	0.01120	0.01328	0.04978	0.04729	0.79464	0.01245	0.00581	0.00166	0.00249	0.01037	0.00456	0.00415
64	0.01868	0.01376	0.01475	0.01131	0.01524	0.01524	0.00934	0.78025	0.02311	0.03097	0.01180	0.01180	0.00836	0.00590	0.00492	0.00147	0.00541	0.00442	0.00492	0.00836

[dist]
# distance from previous block
# <min> <max>
0	1

[block]
# block no. 1 follows, 51 sequences, length 27
# corresponding to MSA columns:
# 156-182
name=unknown_B
#
# <colnr> <probs for GDERKNQSTAVLIFYWHMCP>
#	G	D	E	R	K	N	Q	S	T	A	V	L	I	F	Y	W	H	M	C	P
0	0.01173	0.01239	0.01491	0.01287	0.01320	0.11735	0.01059	0.01283	0.00835	0.01185	0.00660	0.01051	0.00644	0.00814	0.01462	0.00204	0.71382	0.00415	0.00220	0.00542
1	0.00599	0.00428	0.00570	0.00684	0.00713	0.00399	0.00456	0.00684	0.00941	0.01254	0.02709	0.82409	0.03250	0.01540	0.00627	0.00200	0.00285	0.01397	0.00456	0.00399
2	0.00986	0.02542	0.80183	0.01401	0.02127	0.01141	0.01816	0.01556	0.01038	0.01556	0.00882	0.01038	0.00623	0.00467	0.00467	0.00156	0.00726	0.00363	0.00208	0.00726
3	0.01880	0.01357	0.01463	0.01122	0.01514	0.01496	0.00927	0.75361	0.02279	0.05806	0.01207	0.01197	0.00849	0.00591	0.00492	0.00148	0.00536	0.00444	0.00496	0.00836
4	0.00986	0.02542	0.80183	0.01401	0.02127	0.01141	0.01816	0.01556	0.01038	0.01556	0.00882	0.01038	0.00623	0.00467	0.00467	0.00156	0.00726	0.00363	0.00208	0.00726
5	0.00792	0.00566	0.00792	0.00905	0.01018	0.00566	0.00792	0.01018	0.01131	0.01471	0.02602	0.05543	0.02828	0.01358	0.00679	0.00226	0.00453	0.76356	0.00453	0.00453
6	0.00813	0.00639	0.00858	0.00835	0.00963	0.00744	0.00649	0.01246	0.17380	0.01335	0.01462	0.01910	0.01286	0.03043	0.63703	0.00657	0.01119	0.00533	0.00314	0.00511
7	0.01160	0.01326	0.02900	0.02071	0.02568	0.01243	0.77879	0.01574	0.01160	0.01574	0.00994	0.01326	0.00746	0.00414	0.00580	0.00166	0.00829	0.00580	0.00249	0.00663
8	0.00625	0.00446	0.00600	0.00714	0.00754	0.00422	0.00502	0.00730	0.00967	0.01284	0.02694	0.71958	0.03193	0.01515	0.00634	0.00203	0.00308	0.11588	0.00456	0.00406
9	0.01868	0.01376	0.01475	0.01131	0.01524	0.01524	0.00934	0.78025	0.02311	0.03097	0.01180	0.01180	0.00836	0.00590	0.00492	0.00147	0.00541	0.00442	0.00492	0.00836
10	0.00974	0.00937	0.01306	0.01161	0.01167	0.01270	0.00943	0.01077	0.00793	0.01198	0.01084	0.18377	0.01199	0.01005	0.01403	0.00212	0.64483	0.00636	0.00266	0.00508
11	0.00587	0.00474	0.00523	0.00561	0.00681	0.00409	0.00402	0.00698	0.01059	0.01303	0.04203	0.31256	0.53439	0.01345	0.00597	0.00177	0.00261	0.01160	0.00456	0.00409
12	0.00599	0.00428	0.00570	0.00684	0.00713	0.00399	0.00456	0.00684	0.00941	0.01254	0.02709	0.82409	0.03250	0.01540	0.00627	0.00200	0.00285	0.01397	0.00456	0.00399
13	0.00742	0.00696	0.00872	0.00762	0.00945	0.03737	0.08268	0.00910	0.01149	0.01434	0.15298	0.03811	0.51444	0.01068	0.00650	0.00166	0.06266	0.00896	0.00423	0.00462
14	0.01047	0.17484	0.65775	0.01297	0.01966	0.01290	0.01635	0.01541	0.01030	0.01482	0.00845	0.00991	0.00624	0.00458	0.00439	0.00146	0.00689	0.00345	0.00208	0.00709
15	0.01160	0.01326	0.02900	0.02071	0.02568	0.01243	0.77879	0.01574	0.01160	0.01574	0.00994	0.01326	0.00746	0.00414	0.00580	0.00166	0.00829	0.00580	0.00249	0.00663
16	0.00959	0.00916	0.01481	0.64475	0.02939	0.01180	0.01303	0.01240	0.00934	0.01240	0.00825	0.01260	0.00653	0.00570	0.00730	0.00175	0.17924	0.00435	0.00218	0.00544
17	0.01839	0.02240	0.01401	0.01252	0.01520	0.72369	0.00948	0.10015	0.01490	0.01403	0.00804	0.00917	0.00654	0.00515	0.00448	0.00129	0.00850	0.00330	0.00278	0.00598
18	0.00588	0.00471	0.00526	0.00570	0.00683	0.00409	0.00405	0.00697	0.01051	0.01299	0.04101	0.34744	0.50016	0.01359	0.00599	0.00179	0.00263	0.01176	0.00456	0.00409
19	0.00596	0.00438	0.00559	0.00656	0.00705	0.00402	0.00444	0.00687	0.00968	0.01265	0.03050	0.70717	0.14722	0.01495	0.00620	0.00195	0.00280	0.01343	0.00456	0.00402
20	0.05829	0.01264	0.13068	0.01013	0.01415	0.02895	0.00924	0.17653	0.13199	0.32005	0.04585	0.01518	0.01179	0.00598	0.00483	0.00153	0.00487	0.00473	0.00482	0.00775
21	0.01384	0.01154	0.01405	0.01232	0.05927	0.01277	0.08039	0.23268	0.43095	0.02265	0.01603	0.01570	0.01196	0.00605	0.00499	0.00158	0.00477	0.00516	0.03558	0.00772
22	0.00654	0.00480	0.00626	0.00722	0.00797	0.00451	0.00544	0.00788	0.01025	0.01330	0.03018	0.47654	0.14595	0.01441	0.00636	0.00203	0.00330	0.23833	0.00455	0.00418
23	0.01130	0.01005	0.01309	0.26277	0.09913	0.01166	0.01030	0.03546	0.43544	0.01767	0.01584	0.01653	0.02726	0.00599	0.00497	0.00163	0.00492	0.00514	0.00385	0.00700
24	0.01244	0.65966	0.19025	0.00960	0.01445	0.01774	0.01047	0.01489	0.01007	0.01241	0.00725	0.00841	0.00629	0.00430	0.00347	0.00116	0.00568	0.00284	0.00210	0.00651
25	0.36706	0.01747	0.39857	0.03216	0.01625	0.01132	0.01207	0.04807	0.01014	0.03449	0.00833	0.00964	0.00607	0.00471	0.00401	0.00154	0.00565	0.00331	0.00268	0.00647
26	0.01445	0.01301	0.01666	0.02086	0.41683	0.09540	0.01200	0.16513	0.13077	0.04869	0.01157	0.01285	0.00899	0.00515	0.00485	0.00148	0.00572	0.00446	0.00345	0.00770

[dist]
# distance from previous block
# <min> <max>
11	27

[block]
# block no. 2 follows, 51 sequences, length 67
# corresponding to MSA columns:
# 211-277
name=unknown_C
#
# <colnr> <probs for GDERKNQSTAVLIFYWHMCP>
#	G	D	E	R	K	N	Q	S	T	A	V	L	I	F	Y	W	H	M	C	P
0	0.02707	0.11638	0.06843	0.00886	0.01209	0.02979	0.00775	0.06126	0.14438	0.24153	0.20874	0.01976	0.01950	0.00676	0.00487	0.00148	0.00421	0.00552	0.00473	0.00688
1	0.02768	0.01426	0.03381	0.01282	0.06447	0.23473	0.08757	0.07460	0.17144	0.10610	0.02362	0.07897	0.01174	0.00634	0.00510	0.00152	0.01667	0.00526	0.00380	0.01951
2	0.01044	0.13754	0.63723	0.01370	0.02037	0.01261	0.07155	0.01546	0.01041	0.01501	0.00862	0.01023	0.00633	0.00457	0.00454	0.00149	0.00705	0.00365	0.00211	0.00708
3	0.01150	0.26000	0.44874	0.01291	0.01885	0.01409	0.09418	0.05845	0.01111	0.01527	0.00852	0.01002	0.00650	0.00455	0.00436	0.00141	0.00667	0.00361	0.00229	0.00698
4	0.01090	0.09517	0.01556	0.05648	0.01504	0.07040	0.19725	0.01383	0.03906	0.07006	0.27730	0.08048	0.02281	0.00731	0.00532	0.00154	0.00506	0.00677	0.00391	0.00575
5	0.05880	0.03734	0.37312	0.01663	0.02250	0.01206	0.37743	0.01556	0.01083	0.01592	0.00919	0.01155	0.00676	0.00440	0.00508	0.00159	0.00751	0.00458	0.00232	0.00683
6	0.01836	0.02324	0.01394	0.01263	0.01519	0.79233	0.00949	0.03425	0.01410	0.01239	0.00768	0.00892	0.00637	0.00508	0.00444	0.00127	0.00880	0.00319	0.00258	0.00575
7	0.01339	0.05723	0.01568	0.18858	0.20102	0.01257	0.01125	0.27829	0.05300	0.02041	0.03340	0.01614	0.01055	0.00595	0.00497	0.00155	0.00552	0.05984	0.00358	0.00707
8	0.01208	0.01184	0.01758	0.02028	0.33876	0.04088	0.04294	0.05693	0.01031	0.01482	0.00809	0.01143	0.00715	0.00640	0.01001	0.00178	0.37532	0.00436	0.00245	0.00660
9	0.02078	0.00865	0.01137	0.00891	0.01258	0.00787	0.00729	0.02423	0.11385	0.69952	0.01947	0.01693	0.01253	0.00616	0.00495	0.00154	0.00414	0.00502	0.00594	0.00829
10	0.00918	0.00773	0.00821	0.00776	0.00981	0.00820	0.00589	0.03737	0.37357	0.01706	0.03169	0.14061	0.30332	0.00998	0.00547	0.00170	0.00327	0.00846	0.00478	0.00594
11	0.01238	0.01084	0.06774	0.41079	0.02687	0.01060	0.20152	0.01576	0.01113	0.16728	0.01112	0.01367	0.00785	0.00494	0.00512	0.00161	0.00656	0.00479	0.00301	0.00643
12	0.01419	0.00647	0.00857	0.00758	0.00984	0.00568	0.00583	0.01569	0.01219	0.41386	0.06304	0.29351	0.10237	0.01009	0.00552	0.00170	0.00346	0.00875	0.00538	0.00626
13	0.00629	0.00500	0.00564	0.00548	0.00693	0.00435	0.00411	0.00798	0.01233	0.01596	0.36061	0.04287	0.48214	0.01144	0.00580	0.00161	0.00242	0.00975	0.00492	0.00435
14	0.01184	0.01157	0.02040	0.10055	0.64862	0.01168	0.09292	0.01492	0.01111	0.01570	0.00927	0.01236	0.00764	0.00440	0.00496	0.00150	0.00615	0.00452	0.00242	0.00745
15	0.01045	0.05465	0.69268	0.01477	0.07009	0.04231	0.01726	0.01566	0.01055	0.01531	0.00872	0.01034	0.00633	0.00465	0.00462	0.00152	0.00716	0.00362	0.00212	0.00720
16	0.01371	0.00919	0.01102	0.00992	0.01246	0.00967	0.00842	0.32069	0.01633	0.10320	0.01962	0.03388	0.01860	0.00971	0.00584	0.00187	0.00484	0.37970	0.00484	0.00646
17	0.00653	0.00469	0.00619	0.00647	0.00725	0.00435	0.00460	0.00820	0.01192	0.01654	0.45502	0.38476	0.04024	0.01241	0.00601	0.00174	0.00255	0.01113	0.00503	0.00435
18	0.01014	0.00944	0.01748	0.01348	0.01668	0.00892	0.36852	0.01333	0.03827	0.06509	0.05359	0.07126	0.19045	0.00801	0.00609	0.00173	0.02586	0.07221	0.00367	0.00578
19	0.79734	0.01057	0.00774	0.00694	0.00994	0.07208	0.00564	0.01484	0.00879	0.02128	0.00690	0.00805	0.00540	0.00460	0.00315	0.00150	0.00419	0.00270	0.00300	0.00535
20	0.00708	0.00501	0.00662	0.00662	0.00705	0.00545	0.00454	0.00795	0.00752	0.01046	0.01434	0.02580	0.01511	0.43629	0.41224	0.00631	0.00892	0.00622	0.00281	0.00368
21	0.01634	0.03654	0.03502	0.01572	0.17691	0.36773	0.01068	0.18799	0.07453	0.01780	0.00983	0.01094	0.00774	0.00520	0.00465	0.00139	0.00696	0.00388	0.00321	0.00693
22	0.77331	0.00973	0.00855	0.00894	0.09166	0.01109	0.00634	0.01451	0.00866	0.02142	0.00709	0.00842	0.00558	0.00454	0.00323	0.00151	0.00401	0.00284	0.00298	0.00558
23	0.01685	0.02085	0.01372	0.01341	0.07438	0.67360	0.00948	0.01833	0.01372	0.01303	0.07918	0.01165	0.01008	0.00546	0.00459	0.00131	0.00804	0.00378	0.00279	0.00576
24	0.00598	0.00430	0.00568	0.00677	0.00711	0.00400	0.00453	0.00685	0.00947	0.01257	0.02792	0.79558	0.06047	0.01529	0.00626	0.00198	0.00284	0.01384	0.00456	0.00400
25	0.01115	0.34307	0.49553	0.01180	0.01785	0.01458	0.01431	0.01523	0.01022	0.01398	0.00803	0.00939	0.00626	0.00449	0.00407	0.00136	0.00647	0.00324	0.00209	0.00689
26	0.43352	0.29988	0.01477	0.00810	0.01147	0.13709	0.00705	0.01534	0.00979	0.01682	0.00696	0.00808	0.00582	0.00451	0.00330	0.00132	0.00509	0.00273	0.00263	0.00573
27	0.01216	0.01168	0.01995	0.03016	0.79664	0.01168	0.01508	0.01508	0.01119	0.01605	0.00924	0.01216	0.00778	0.00438	0.00487	0.00146	0.00584	0.00438	0.00243	0.00778
28	0.01030	0.00859	0.00931	0.00851	0.01068	0.00953	0.00649	0.01989	0.51534	0.01907	0.18219	0.02527	0.08025	0.06444	0.00661	0.00185	0.00352	0.00672	0.00491	0.00652
29	0.00715	0.00476	0.00536	0.00536	0.00536	0.00476	0.00298	0.00715	0.00715	0.00953	0.01548	0.03216	0.01787	0.82729	0.02501	0.00476	0.00476	0.00715	0.00298	0.00298
30	0.00599	0.00454	0.00553	0.00623	0.00699	0.00408	0.00431	0.00704	0.01022	0.01318	0.07738	0.53846	0.26997	0.01418	0.00610	0.00187	0.00271	0.01257	0.00461	0.00408
31	0.01335	0.01506	0.01368	0.01213	0.01324	0.32516	0.00965	0.01460	0.01014	0.01203	0.00776	0.01099	0.00710	0.00977	0.08479	0.00231	0.40527	0.00395	0.02361	0.00539
32	0.00986	0.02542	0.80183	0.01401	0.02127	0.01141	0.01816	0.01556	0.01038	0.01556	0.00882	0.01038	0.00623	0.00467	0.00467	0.00156	0.00726	0.00363	0.00208	0.00726
33	0.84216	0.00960	0.00740	0.00658	0.00964	0.01112	0.00542	0.03247	0.00871	0.02226	0.00696	0.00807	0.00539	0.00459	0.00309	0.00152	0.00384	0.00270	0.00309	0.00539
34	0.30532	0.00931	0.01034	0.00824	0.01180	0.00934	0.00680	0.09968	0.01308	0.45707	0.01436	0.01326	0.00946	0.00555	0.00430	0.00152	0.00418	0.00412	0.00493	0.00734
35	0.00599	0.00428	0.00570	0.00684	0.00713	0.00399	0.00456	0.00684	0.00941	0.01254	0.02709	0.82409	0.03250	0.01540	0.00627	0.00200	0.00285	0.01397	0.00456	0.00399
36	0.00644	0.00542	0.00567	0.00570	0.00737	0.00485	0.00437	0.00868	0.06780	0.01390	0.04531	0.06211	0.66305	0.01217	0.00583	0.00171	0.00275	0.06783	0.00459	0.00444
37	0.00983	0.02476	0.76992	0.01399	0.02108	0.01130	0.03366	0.01544	0.01047	0.01565	0.02453	0.01096	0.00705	0.00477	0.00471	0.00156	0.00719	0.00378	0.00215	0.00720
38	0.00599	0.00428	0.00570	0.00684	0.00713	0.00399	0.00456	0.00684	0.00941	0.01254	0.02709	0.82409	0.03250	0.01540	0.00627	0.00200	0.00285	0.01397	0.00456	0.00399
39	0.01314	0.83025	0.02575	0.00841	0.01261	0.01945	0.00841	0.01472	0.00999	0.01156	0.00683	0.00788	0.00631	0.00420	0.00315	0.00105	0.00526	0.00263	0.00210	0.00631
40	0.12946	0.01187	0.01195	0.00953	0.01308	0.07236	0.00770	0.32353	0.06191	0.12333	0.01236	0.04302	0.00943	0.00572	0.00448	0.00138	0.00483	0.00435	0.00430	0.14541
41	0.01802	0.07481	0.01468	0.01239	0.01503	0.75737	0.00943	0.01931	0.01368	0.01200	0.00755	0.00880	0.00633	0.00501	0.00435	0.00125	0.00863	0.00313	0.00250	0.00574
42	0.01349	0.77825	0.02505	0.00859	0.01278	0.01918	0.00847	0.06347	0.01082	0.01280	0.00715	0.00813	0.00644	0.00431	0.00327	0.00108	0.00527	0.00274	0.00228	0.00644
43	0.00702	0.00527	0.00790	0.00790	0.00878	0.00614	0.00614	0.00878	0.00790	0.01141	0.01316	0.01931	0.01229	0.03686	0.80782	0.00790	0.01316	0.00527	0.00263	0.00439
44	0.00928	0.00873	0.01474	0.81548	0.03385	0.01092	0.01365	0.01256	0.00983	0.01256	0.00873	0.01310	0.00655	0.00491	0.00491	0.00164	0.00655	0.00437	0.00218	0.00546
45	0.01019	0.00873	0.01019	0.00728	0.01165	0.00655	0.00582	0.01237	0.01019	0.01601	0.00873	0.01019	0.00728	0.00364	0.00364	0.00073	0.00364	0.00291	0.00291	0.85734
46	0.00594	0.00509	0.00529	0.02800	0.00743	0.00435	0.00404	0.00726	0.01123	0.01342	0.06719	0.04606	0.75362	0.01217	0.00578	0.00166	0.00260	0.01016	0.00452	0.00420
47	0.01021	0.00861	0.01599	0.01216	0.01506	0.00822	0.36471	0.01332	0.01088	0.01696	0.01351	0.03882	0.01077	0.00526	0.00462	0.00141	0.00510	0.00541	0.43346	0.00552
48	0.00939	0.00896	0.01544	0.77645	0.03345	0.01099	0.05122	0.01271	0.00991	0.01271	0.00879	0.01311	0.00660	0.00488	0.00496	0.00164	0.00664	0.00444	0.00220	0.00552
49	0.00850	0.00622	0.00731	0.00667	0.00838	0.00600	0.00511	0.06168	0.08417	0.04891	0.45868	0.03524	0.22437	0.00991	0.00564	0.00158	0.00278	0.00851	0.00516	0.00519
50	0.00839	0.00694	0.00916	0.00840	0.00854	0.00859	0.00620	0.00904	0.00740	0.01063	0.01195	0.02265	0.01299	0.41763	0.14287	0.00433	0.29175	0.00586	0.00263	0.00404
51	0.00670	0.00458	0.00549	0.00593	0.00604	0.00447	0.00359	0.00703	0.00802	0.01069	0.01996	0.33757	0.02351	0.51418	0.01779	0.00370	0.00403	0.00978	0.00359	0.00337
52	0.00712	0.00475	0.00537	0.00540	0.00540	0.00475	0.00302	0.00714	0.00720	0.00960	0.01577	0.05187	0.01823	0.80709	0.02455	0.00470	0.00472	0.00732	0.00302	0.00300
53	0.00599	0.00428	0.00570	0.00684	0.00713	0.00399	0.00456	0.00684	0.00941	0.01254	0.02709	0.82409	0.03250	0.01540	0.00627	0.00200	0.00285	0.01397	0.00456	0.00399
54	0.00707	0.00473	0.00538	0.00545	0.00547	0.00472	0.00308	0.00713	0.00729	0.00972	0.01622	0.08259	0.01880	0.77559	0.02382	0.00459	0.00464	0.00758	0.00308	0.00304
55	0.01840	0.02226	0.01402	0.01250	0.01520	0.71243	0.00948	0.11095	0.01503	0.01430	0.00810	0.00921	0.00657	0.00516	0.00449	0.00129	0.00845	0.00332	0.00282	0.00602
56	0.01238	0.64472	0.20466	0.00970	0.01461	0.01759	0.01066	0.01491	0.01008	0.01248	0.00729	0.00846	0.00629	0.00431	0.00350	0.00117	0.00572	0.00286	0.00210	0.00653
57	0.00758	0.00565	0.00691	0.00648	0.00786	0.00539	0.00488	0.05286	0.04045	0.01903	0.57237	0.08627	0.14485	0.01037	0.00575	0.00159	0.00260	0.00905	0.00520	0.00485
58	0.00599	0.00428	0.00570	0.00684	0.00713	0.00399	0.00456	0.00684	0.00941	0.01254	0.02709	0.82409	0.03250	0.01540	0.00627	0.00200	0.00285	0.01397	0.00456	0.00399
59	0.00609	0.00499	0.00537	0.00528	0.00681	0.00427	0.00396	0.00760	0.01187	0.01486	0.23347	0.04468	0.60997	0.01185	0.00581	0.00163	0.00245	0.01001	0.00477	0.00427
60	0.00661	0.00487	0.00620	0.00634	0.00735	0.00447	0.00467	0.00841	0.01227	0.01674	0.45531	0.23360	0.14864	0.01191	0.00597	0.00171	0.00260	0.05290	0.00503	0.00440
61	0.06917	0.00657	0.00777	0.00654	0.00898	0.00616	0.00523	0.01717	0.01184	0.36411	0.01693	0.01696	0.01194	0.00581	0.00408	0.00133	0.00322	0.00462	0.42528	0.00630
62	0.01216	0.01168	0.01995	0.03016	0.79664	0.01168	0.01508	0.01508	0.01119	0.01605	0.00924	0.01216	0.00778	0.00438	0.00487	0.00146	0.00584	0.00438	0.00243	0.00778
63	0.00680	0.00502	0.00636	0.00602	0.00725	0.00457	0.00452	0.00898	0.01355	0.01886	0.69572	0.03811	0.14523	0.01036	0.00580	0.00156	0.00234	0.00908	0.00530	0.00457
64	0.01171	0.01121	0.01912	0.15428	0.67608	0.01156	0.01486	0.01468	0.01097	0.01550	0.00916	0.01231	0.00759	0.00446	0.00487	0.00149	0.00595	0.00438	0.00239	0.00742
65	0.01217	0.01280	0.01477	0.01271	0.01331	0.14014	0.01041	0.03487	0.00903	0.01249	0.00683	0.01047	0.00650	0.00787	0.01371	0.00196	0.65104	0.00410	0.00230	0.02253
66	0.01262	0.70305	0.14841	0.00929	0.01398	0.01818	0.00995	0.01485	0.01005	0.01219	0.00715	0.00828	0.00629	0.00428	0.00339	0.00113	0.00557	0.00279	0.00210	0.00646

[dist]
# distance from previous block
# <min> <max>
0	6

[block]
# block no. 3 follows, 51 sequences, length 25
# corresponding to MSA columns:
# 284-308
name=unknown_D
#
# <colnr> <probs for GDERKNQSTAVLIFYWHMCP>
#	G	D	E	R	K	N	Q	S	T	A	V	L	I	F	Y	W	H	M	C	P
0	0.01207	0.01158	0.01978	0.05559	0.77194	0.01165	0.01504	0.01500	0.01115	0.01594	0.00923	0.01219	0.00774	0.00440	0.00487	0.00147	0.00586	0.00438	0.00242	0.00771
1	0.01080	0.01029	0.01748	0.40154	0.43591	0.01132	0.01440	0.01389	0.01055	0.01440	0.00900	0.01261	0.00720	0.00463	0.00489	0.00154	0.00618	0.00437	0.00231	0.00668
2	0.00599	0.00428	0.00570	0.00684	0.00713	0.00399	0.00456	0.00684	0.00941	0.01254	0.02709	0.82409	0.03250	0.01540	0.00627	0.00200	0.00285	0.01397	0.00456	0.00399
3	0.01050	0.18258	0.65029	0.01291	0.01958	0.01298	0.01625	0.01540	0.01030	0.01478	0.00843	0.00989	0.00624	0.00458	0.00437	0.00146	0.00687	0.00344	0.00208	0.00708
4	0.00714	0.00480	0.00555	0.00555	0.00561	0.00487	0.00321	0.00727	0.00720	0.00967	0.01531	0.03120	0.01745	0.76855	0.08319	0.00500	0.00539	0.00701	0.00295	0.00308
5	0.00837	0.00623	0.01005	0.00928	0.01078	0.00581	0.12455	0.01014	0.01081	0.07252	0.09564	0.44360	0.05305	0.01215	0.00611	0.00189	0.00394	0.10580	0.00443	0.00486
6	0.04773	0.01063	0.01082	0.00945	0.01215	0.06158	0.00734	0.08699	0.45210	0.11237	0.05789	0.01855	0.01501	0.06751	0.00640	0.00183	0.00435	0.00541	0.00476	0.00715
7	0.01017	0.07070	0.69986	0.01418	0.02110	0.01195	0.07413	0.01553	0.01044	0.01535	0.00879	0.01045	0.00632	0.00460	0.00467	0.00153	0.00722	0.00373	0.00211	0.00716
8	0.00702	0.00525	0.00782	0.00782	0.00867	0.00610	0.00604	0.00872	0.00787	0.01135	0.01324	0.01971	0.01246	0.06165	0.78327	0.00780	0.01290	0.00532	0.00264	0.00434
9	0.01217	0.50908	0.30376	0.01059	0.01582	0.04818	0.01195	0.01522	0.01028	0.01302	0.00758	0.00882	0.00628	0.00441	0.00375	0.00124	0.00612	0.00301	0.00211	0.00663
10	0.01244	0.00949	0.01080	0.00848	0.01225	0.00881	0.00675	0.04882	0.26345	0.10050	0.01363	0.01358	0.01034	0.00497	0.00427	0.00115	0.00385	0.00404	0.00400	0.45838
11	0.01203	0.01145	0.01904	0.06596	0.70216	0.01168	0.01447	0.01578	0.06884	0.01622	0.01002	0.01267	0.00826	0.00457	0.00488	0.00148	0.00573	0.00447	0.00261	0.00767
12	0.01209	0.01161	0.01975	0.04600	0.72613	0.01170	0.03716	0.01549	0.04233	0.01615	0.00968	0.01246	0.00804	0.00448	0.00490	0.00148	0.00585	0.00447	0.00253	0.00770
13	0.00585	0.00483	0.00514	0.00538	0.00674	0.00411	0.00391	0.00701	0.01081	0.01312	0.04483	0.21667	0.62846	0.01309	0.00591	0.00173	0.00257	0.01116	0.00456	0.00411
14	0.06104	0.00842	0.01121	0.00864	0.01240	0.00740	0.00713	0.02351	0.01380	0.76392	0.01881	0.01632	0.01185	0.00601	0.00485	0.00152	0.00416	0.00484	0.00594	0.00822
15	0.00692	0.00502	0.00652	0.00614	0.00732	0.00462	0.00461	0.00920	0.01382	0.01950	0.76967	0.03706	0.07088	0.01013	0.00580	0.00155	0.00232	0.00894	0.00538	0.00462
16	0.00590	0.00498	0.00510	0.00507	0.00669	0.00419	0.00380	0.00723	0.01141	0.01378	0.10814	0.04646	0.73598	0.01226	0.00581	0.00165	0.00248	0.01026	0.00463	0.00419
17	0.01836	0.02342	0.01393	0.01266	0.01519	0.80756	0.00950	0.01962	0.01393	0.01203	0.00760	0.00886	0.00633	0.00506	0.00443	0.00127	0.00886	0.00317	0.00253	0.00570
18	0.00581	0.00498	0.00498	0.00498	0.00664	0.00415	0.00373	0.00705	0.01120	0.01328	0.04978	0.04729	0.79464	0.01245	0.00581	0.00166	0.00249	0.01037	0.00456	0.00415
19	0.01196	0.01147	0.01958	0.08582	0.74258	0.01162	0.01498	0.01490	0.01109	0.01581	0.00921	0.01223	0.00770	0.00442	0.00487	0.00147	0.00589	0.00438	0.00241	0.00762
20	0.01279	0.74408	0.10884	0.00901	0.01354	0.01859	0.00945	0.01481	0.01003	0.01199	0.00704	0.00815	0.00630	0.00425	0.00332	0.00111	0.00547	0.00274	0.00210	0.00641
21	0.00599	0.00428	0.00570	0.00684	0.00713	0.00399	0.00456	0.00684	0.00941	0.01254	0.02709	0.82409	0.03250	0.01540	0.00627	0.00200	0.00285	0.01397	0.00456	0.00399
22	0.01321	0.71585	0.02379	0.00872	0.01272	0.04470	0.00838	0.01610	0.09338	0.01254	0.00827	0.00903	0.00724	0.00450	0.00339	0.00112	0.00523	0.00296	0.00243	0.00644
23	0.86201	0.00950	0.00722	0.00646	0.00950	0.01102	0.00532	0.01445	0.00836	0.02205	0.00684	0.00798	0.00532	0.00456	0.00304	0.00152	0.00380	0.00266	0.00304	0.00532
24	0.00696	0.00502	0.00657	0.00618	0.00734	0.00464	0.00464	0.00927	0.01391	0.01971	0.79405	0.03671	0.04637	0.01005	0.00580	0.00155	0.00232	0.00889	0.00541	0.00464

[dist]
# distance from previous block
# <min> <max>
0	1

[block]
# block no. 4 follows, 51 sequences, length 8
# corresponding to MSA columns:
# 310-317
name=unknown_E
#
# <colnr> <probs for GDERKNQSTAVLIFYWHMCP>
#	G	D	E	R	K	N	Q	S	T	A	V	L	I	F	Y	W	H	M	C	P
0	0.01173	0.01124	0.01917	0.14783	0.68235	0.01156	0.01487	0.01470	0.01099	0.01553	0.00917	0.01230	0.00760	0.00446	0.00487	0.00149	0.00594	0.00438	0.00240	0.00744
1	0.01836	0.02342	0.01393	0.01266	0.01519	0.80756	0.00950	0.01962	0.01393	0.01203	0.00760	0.00886	0.00633	0.00506	0.00443	0.00127	0.00886	0.00317	0.00253	0.00570
2	0.02205	0.00836	0.01140	0.00874	0.01254	0.00722	0.00722	0.02395	0.01407	0.80004	0.01939	0.01673	0.01216	0.00608	0.00494	0.00152	0.00418	0.00494	0.00608	0.00836
3	0.00581	0.00498	0.00498	0.00498	0.00664	0.00415	0.00373	0.00705	0.01120	0.01328	0.04978	0.04729	0.79464	0.01245	0.00581	0.00166	0.00249	0.01037	0.00456	0.00415
4	0.01742	0.02201	0.01602	0.01378	0.01665	0.69718	0.11629	0.01908	0.01360	0.01254	0.00792	0.00947	0.00649	0.00494	0.00462	0.00132	0.00878	0.00353	0.00253	0.00583
5	0.00628	0.00500	0.00563	0.00547	0.00692	0.00435	0.00410	0.00796	0.01230	0.01589	0.35292	0.04298	0.48988	0.01147	0.00580	0.00161	0.00242	0.00977	0.00491	0.00435
6	0.00605	0.00501	0.00521	0.00528	0.00678	0.00430	0.00396	0.00727	0.01091	0.01310	0.04569	0.04675	0.68642	0.07164	0.00727	0.00193	0.00279	0.06112	0.00445	0.00409
7	0.01312	0.01100	0.01162	0.01018	0.01312	0.01264	0.00800	0.13081	0.68161	0.02200	0.01886	0.01743	0.01408	0.00656	0.00499	0.00164	0.00410	0.00540	0.00499	0.00786

[dist]
# distance from previous block
# <min> <max>
0	2

[block]
# block no. 5 follows, 51 sequences, length 32
# corresponding to MSA columns:
# 320-351
name=unknown_F
#
# <colnr> <probs for GDERKNQSTAVLIFYWHMCP>
#	G	D	E	R	K	N	Q	S	T	A	V	L	I	F	Y	W	H	M	C	P
0	0.01390	0.01145	0.01215	0.00912	0.01322	0.05195	0.00737	0.30919	0.01537	0.02158	0.00986	0.01074	0.00765	0.00459	0.00417	0.00104	0.00460	0.00351	0.00367	0.48489
1	0.01285	0.68370	0.14696	0.00929	0.01397	0.01788	0.00991	0.01508	0.01015	0.03184	0.00746	0.00849	0.00644	0.00432	0.00344	0.00114	0.00554	0.00284	0.00220	0.00651
2	0.81291	0.01042	0.05300	0.00690	0.01018	0.01105	0.00606	0.01451	0.00848	0.02167	0.00696	0.00812	0.00537	0.00457	0.00313	0.00152	0.00400	0.00272	0.00299	0.00543
3	0.01934	0.01293	0.01349	0.01057	0.01425	0.09110	0.00862	0.46520	0.01933	0.25297	0.03316	0.01357	0.01022	0.00597	0.00490	0.00147	0.00532	0.00456	0.00503	0.00800
4	0.01069	0.01017	0.01728	0.43172	0.40660	0.01129	0.01435	0.01379	0.01049	0.01427	0.00898	0.01264	0.00715	0.00465	0.00489	0.00155	0.00620	0.00437	0.00231	0.00660
5	0.00625	0.00512	0.00559	0.00582	0.00737	0.00446	0.00460	0.00770	0.01122	0.01357	0.04486	0.04898	0.63598	0.01268	0.00601	0.00178	0.00291	0.16631	0.00456	0.00423
6	0.00711	0.00491	0.00609	0.00609	0.00634	0.00516	0.00389	0.00761	0.00736	0.01007	0.01482	0.02846	0.01626	0.60009	0.25002	0.00567	0.00718	0.00661	0.00288	0.00338
7	0.01160	0.01326	0.02900	0.02071	0.02568	0.01243	0.77879	0.01574	0.01160	0.01574	0.00994	0.01326	0.00746	0.00414	0.00580	0.00166	0.00829	0.00580	0.00249	0.00663
8	0.01364	0.00927	0.00976	0.00814	0.01069	0.01011	0.00651	0.34463	0.11071	0.02405	0.01469	0.01551	0.01106	0.00592	0.00426	0.00135	0.00383	0.00463	0.38464	0.00660
9	0.00599	0.00499	0.00524	0.00517	0.00675	0.00423	0.00388	0.00741	0.01164	0.01432	0.17095	0.04557	0.67283	0.01206	0.00581	0.00164	0.00246	0.01013	0.00470	0.00423
10	0.01576	0.01662	0.01282	0.01134	0.01416	0.36140	0.00873	0.12162	0.34869	0.01817	0.01349	0.01333	0.01033	0.00586	0.00474	0.00147	0.00627	0.00436	0.00391	0.00694
11	0.01979	0.00985	0.01216	0.00926	0.01316	0.00929	0.00763	0.22465	0.01604	0.50483	0.01614	0.01466	0.01059	0.00575	0.00479	0.00142	0.00445	0.00457	0.00541	0.10558
12	0.04672	0.00915	0.01157	0.00905	0.01274	0.00863	0.00743	0.09760	0.09394	0.62123	0.01832	0.01614	0.01187	0.00608	0.00489	0.00153	0.00426	0.00488	0.00576	0.00821
13	0.38249	0.00909	0.00942	0.00776	0.01107	0.00941	0.00636	0.06442	0.05018	0.33468	0.01531	0.01450	0.05421	0.00581	0.00417	0.00153	0.00398	0.00427	0.00456	0.00678
14	0.01188	0.01138	0.01943	0.10793	0.72110	0.01160	0.01494	0.01483	0.01105	0.01571	0.00919	0.01226	0.00766	0.00443	0.00487	0.00148	0.00591	0.00438	0.00241	0.00755
15	0.01365	0.01154	0.01582	0.01322	0.04640	0.05714	0.19144	0.09153	0.30831	0.10700	0.01619	0.07884	0.01286	0.00643	0.00524	0.00162	0.00539	0.00592	0.00424	0.00721
16	0.00986	0.02542	0.80183	0.01401	0.02127	0.01141	0.01816	0.01556	0.01038	0.01556	0.00882	0.01038	0.00623	0.00467	0.00467	0.00156	0.00726	0.00363	0.00208	0.00726
17	0.00854	0.00427	0.00640	0.00640	0.00640	0.00427	0.00427	0.00640	0.00640	0.00854	0.00854	0.01494	0.00854	0.01707	0.01921	0.85702	0.00427	0.00427	0.00213	0.00213
18	0.00582	0.00494	0.00501	0.00507	0.00666	0.00414	0.00378	0.00704	0.01111	0.01324	0.04864	0.08645	0.75623	0.01259	0.00583	0.00168	0.00251	0.01055	0.00456	0.00414
19	0.01108	0.32650	0.51151	0.01191	0.01803	0.01442	0.01451	0.01525	0.01023	0.01407	0.00808	0.00944	0.00626	0.00450	0.00410	0.00137	0.00651	0.00326	0.00209	0.00691
20	0.01211	0.01183	0.02084	0.02923	0.72049	0.01175	0.09051	0.01515	0.01123	0.01602	0.00931	0.01227	0.00775	0.00436	0.00496	0.00148	0.00608	0.00452	0.00244	0.00767
21	0.00670	0.00457	0.00549	0.00594	0.00605	0.00446	0.00359	0.00703	0.00803	0.01070	0.02000	0.34049	0.02356	0.51118	0.01772	0.00369	0.00402	0.00980	0.00359	0.00337
22	0.00999	0.05769	0.77072	0.01378	0.02092	0.01173	0.01777	0.01553	0.01036	0.01540	0.00874	0.01028	0.00623	0.00465	0.00461	0.00154	0.00718	0.00359	0.00208	0.00722
23	0.00995	0.02398	0.19219	0.01102	0.05796	0.00829	0.04739	0.01284	0.01169	0.09396	0.28063	0.11826	0.02389	0.00823	0.00631	0.00165	0.07490	0.00700	0.00396	0.00590
24	0.02075	0.00910	0.01170	0.00911	0.01283	0.00849	0.00748	0.09663	0.09155	0.64915	0.01872	0.01641	0.01208	0.00612	0.00495	0.00153	0.00427	0.00495	0.00586	0.00830
25	0.00668	0.00480	0.00546	0.00575	0.00642	0.00450	0.00387	0.00746	0.00919	0.01192	0.02862	0.17931	0.25360	0.34609	0.01372	0.00301	0.00362	0.06430	0.03799	0.00369
26	0.01098	0.01047	0.01782	0.35139	0.48463	0.01137	0.01450	0.01405	0.01063	0.01462	0.00904	0.01255	0.00728	0.00460	0.00488	0.00153	0.00613	0.00437	0.00233	0.00683
27	0.06955	0.00505	0.00562	0.00557	0.00579	0.00516	0.00331	0.00759	0.00714	0.01032	0.01400	0.02827	0.01580	0.66718	0.02269	0.10994	0.00463	0.00646	0.00288	0.00304
28	0.01346	0.36679	0.01942	0.01091	0.01328	0.19160	0.00946	0.01479	0.01000	0.01176	0.00687	0.00910	0.00636	0.00593	0.00796	0.00148	0.28945	0.00333	0.00221	0.00585
29	0.01160	0.01326	0.02900	0.02071	0.02568	0.01243	0.77879	0.01574	0.01160	0.01574	0.00994	0.01326	0.00746	0.00414	0.00580	0.00166	0.00829	0.00580	0.00249	0.00663
30	0.00995	0.00898	0.01601	0.07125	0.02920	0.00831	0.27802	0.01255	0.01071	0.05116	0.01556	0.23183	0.01547	0.00775	0.00546	0.00160	0.00538	0.05093	0.00338	0.16651
31	0.06705	0.01169	0.01825	0.02357	0.50907	0.01238	0.05868	0.09109	0.05020	0.01771	0.00965	0.01209	0.00789	0.00504	0.00589	0.00155	0.08357	0.00441	0.00282	0.00738

[dist]
# distance from previous block
# <min> <max>
0	8

[block]
# block no. 6 follows, 51 sequences, length 13
# corresponding to MSA columns:
# 360-372
name=unknown_G
#
# <colnr> <probs for GDERKNQSTAVLIFYWHMCP>
#	G	D	E	R	K	N	Q	S	T	A	V	L	I	F	Y	W	H	M	C	P
0	0.01126	0.01075	0.01831	0.27639	0.55747	0.01144	0.01463	0.01429	0.01076	0.01496	0.00908	0.01246	0.00740	0.00455	0.00488	0.00152	0.00606	0.00438	0.00235	0.00706
1	0.01216	0.01168	0.01995	0.03016	0.79664	0.01168	0.01508	0.01508	0.01119	0.01605	0.00924	0.01216	0.00778	0.00438	0.00487	0.00146	0.00584	0.00438	0.00243	0.00778
2	0.59205	0.00954	0.00850	0.00742	0.01052	0.01073	0.00603	0.01788	0.15204	0.12751	0.01096	0.01107	0.00803	0.00515	0.00366	0.00155	0.00387	0.00350	0.00381	0.00619
3	0.01289	0.01035	0.01741	0.01255	0.01703	0.00886	0.29373	0.01575	0.01143	0.15966	0.01114	0.01253	0.00824	0.00427	0.00468	0.00122	0.00547	0.00436	0.00333	0.38510
4	0.02205	0.00836	0.01140	0.00874	0.01254	0.00722	0.00722	0.02395	0.01407	0.80004	0.01939	0.01673	0.01216	0.00608	0.00494	0.00152	0.00418	0.00494	0.00608	0.00836
5	0.01019	0.00873	0.01019	0.00728	0.01165	0.00655	0.00582	0.01237	0.01019	0.01601	0.00873	0.01019	0.00728	0.00364	0.00364	0.00073	0.00364	0.00291	0.00291	0.85734
6	0.01009	0.01083	0.02271	0.01697	0.02068	0.01015	0.56992	0.01334	0.01101	0.01488	0.01457	0.23200	0.01421	0.00718	0.00593	0.00175	0.00682	0.00800	0.00305	0.00592
7	0.01029	0.00910	0.01108	0.00831	0.01188	0.00811	0.00673	0.01227	0.00970	0.01525	0.00832	0.01029	0.00713	0.00455	0.00593	0.00099	0.15300	0.00317	0.00277	0.70113
8	0.01055	0.00927	0.01198	0.01147	0.15557	0.00749	0.00752	0.01287	0.01037	0.01602	0.00883	0.01055	0.00737	0.00377	0.00386	0.00086	0.00404	0.00318	0.00282	0.70158
9	0.01259	0.01207	0.01714	0.01828	0.25529	0.07799	0.15155	0.03507	0.24169	0.03505	0.01415	0.01775	0.01162	0.00594	0.00521	0.00161	0.00580	0.07052	0.00353	0.00714
