[name]
unknown

[dist]
# distance from previous block
# <min> <max>
0	39

[block]
# block no. 0 follows, 42 sequences, length 69
# corresponding to MSA columns:
# 39-107
name=unknown_A
#
# <colnr> <probs for GDERKNQSTAVLIFYWHMCP>
#	G	D	E	R	K	N	Q	S	T	A	V	L	I	F	Y	W	H	M	C	P
0	0.01800	0.01372	0.01471	0.01195	0.01566	0.01530	0.00957	0.47500	0.23130	0.02990	0.01710	0.04843	0.01343	0.05102	0.00698	0.00198	0.00554	0.00604	0.00552	0.00884
1	0.00760	0.00698	0.04873	0.00708	0.00897	0.00549	0.00576	0.00994	0.01433	0.01919	0.42543	0.07536	0.31966	0.01245	0.00659	0.00184	0.00306	0.01073	0.00558	0.00523
2	0.02362	0.00920	0.01248	0.00970	0.01371	0.00800	0.00791	0.02573	0.01578	0.69949	0.06267	0.02112	0.01634	0.03915	0.00664	0.00189	0.00470	0.00601	0.00678	0.00910
3	0.00706	0.00492	0.00646	0.00769	0.00807	0.00461	0.00515	0.00813	0.01083	0.01473	0.03032	0.75596	0.03597	0.01702	0.00700	0.00223	0.00323	0.01541	0.05059	0.00461
4	0.00728	0.00528	0.00689	0.00772	0.00839	0.00484	0.00524	0.00847	0.01122	0.01523	0.09993	0.65200	0.03649	0.04782	0.00783	0.00228	0.00334	0.01443	0.00514	0.05018
5	0.02069	0.01541	0.01649	0.01281	0.01718	0.01712	0.01053	0.68014	0.09581	0.03433	0.01440	0.01422	0.01029	0.00684	0.00564	0.00171	0.00603	0.00519	0.00564	0.00951
6	0.79643	0.01084	0.00874	0.05020	0.01241	0.01262	0.00662	0.01642	0.00967	0.02465	0.00795	0.00946	0.00617	0.00525	0.00360	0.00175	0.00453	0.00315	0.00343	0.00610
7	0.01204	0.02385	0.49370	0.01894	0.02627	0.01351	0.29488	0.01790	0.01241	0.01790	0.01058	0.01313	0.00766	0.00512	0.00584	0.00183	0.00876	0.00510	0.00255	0.00804
8	0.00796	0.00575	0.00752	0.00708	0.00841	0.00531	0.00531	0.01062	0.01593	0.02257	0.76415	0.04204	0.05310	0.01150	0.00664	0.00177	0.00265	0.01018	0.00619	0.00531
9	0.01129	0.02911	0.77306	0.01604	0.02436	0.01307	0.02079	0.01782	0.01188	0.01782	0.01010	0.01188	0.00713	0.00535	0.00535	0.00178	0.00832	0.00416	0.00238	0.00832
10	0.00686	0.00490	0.00653	0.00784	0.00816	0.00457	0.00522	0.00784	0.01077	0.01437	0.03102	0.79855	0.03722	0.01763	0.00718	0.00229	0.00326	0.01600	0.00522	0.00457
11	0.01129	0.02911	0.77306	0.01604	0.02436	0.01307	0.02079	0.01782	0.01188	0.01782	0.01010	0.01188	0.00713	0.00535	0.00535	0.00178	0.00832	0.00416	0.00238	0.00832
12	0.02102	0.02682	0.01595	0.01450	0.01740	0.77963	0.01087	0.02247	0.01595	0.01377	0.00870	0.01015	0.00725	0.00580	0.00507	0.00145	0.01015	0.00362	0.00290	0.00652
13	0.00701	0.00538	0.00643	0.00688	0.00801	0.00479	0.00489	0.00851	0.01263	0.01641	0.19590	0.36120	0.31153	0.01508	0.00687	0.00203	0.00298	0.01323	0.00543	0.00479
14	0.01167	0.01000	0.01167	0.00834	0.01334	0.00750	0.00667	0.01417	0.01167	0.01834	0.01000	0.01167	0.00834	0.00417	0.00417	0.00083	0.00417	0.00333	0.00333	0.83663
15	0.00674	0.00537	0.00605	0.00659	0.00783	0.00468	0.00467	0.00798	0.01197	0.01485	0.04620	0.36376	0.46221	0.01566	0.00687	0.00206	0.00302	0.01359	0.00523	0.00468
16	0.01063	0.01000	0.01688	0.78870	0.03876	0.01250	0.01563	0.01438	0.01125	0.01438	0.01000	0.01500	0.00750	0.00563	0.00563	0.00188	0.00750	0.00500	0.00250	0.00625
17	0.01393	0.01337	0.02284	0.03454	0.76712	0.01337	0.01727	0.01727	0.01281	0.01839	0.01059	0.01393	0.00891	0.00501	0.00557	0.00167	0.00669	0.00501	0.00279	0.00891
18	0.01505	0.80561	0.02949	0.00963	0.01444	0.02227	0.00963	0.01685	0.01143	0.01324	0.00782	0.00903	0.00722	0.00481	0.00361	0.00120	0.00602	0.00301	0.00241	0.00722
19	0.02525	0.00958	0.01306	0.01001	0.01437	0.00827	0.00827	0.02743	0.01611	0.77102	0.02220	0.01915	0.01393	0.00697	0.00566	0.00174	0.00479	0.00566	0.00697	0.00958
20	0.00686	0.00490	0.00653	0.00784	0.00816	0.00457	0.00522	0.00784	0.01077	0.01437	0.03102	0.79855	0.03722	0.01763	0.00718	0.00229	0.00326	0.01600	0.00522	0.00457
21	0.01095	0.01033	0.01745	0.71607	0.10890	0.01259	0.01579	0.01466	0.01140	0.01476	0.01006	0.01490	0.00764	0.00557	0.00562	0.00186	0.00742	0.00500	0.00253	0.00651
22	0.01833	0.01460	0.01645	0.01323	0.01627	0.04584	0.01090	0.46424	0.02005	0.04684	0.01196	0.01364	0.00923	0.00935	0.04800	0.00226	0.22093	0.00504	0.00457	0.00829
23	0.00793	0.00535	0.00621	0.00647	0.00653	0.00528	0.00376	0.00812	0.00868	0.01158	0.02030	0.18417	0.02370	0.65045	0.02449	0.00484	0.00503	0.00970	0.00376	0.00363
24	0.61348	0.01532	0.01041	0.00938	0.01270	0.22610	0.00742	0.01819	0.01135	0.02206	0.00808	0.00942	0.00642	0.00538	0.00393	0.00166	0.00597	0.00321	0.00332	0.00621
25	0.00681	0.00507	0.00635	0.00738	0.00804	0.00461	0.00502	0.00789	0.01121	0.01454	0.03652	0.64096	0.19126	0.01692	0.00707	0.00220	0.00318	0.01513	0.00522	0.00461
26	0.01167	0.01000	0.01167	0.00834	0.01334	0.00750	0.00667	0.01417	0.01167	0.01834	0.01000	0.01167	0.00834	0.00417	0.00417	0.00083	0.00417	0.00333	0.00333	0.83663
27	0.00736	0.00537	0.00692	0.00728	0.00822	0.00493	0.00518	0.00916	0.01338	0.01828	0.37626	0.37481	0.11308	0.01445	0.00688	0.00201	0.00294	0.01289	0.00568	0.00493
28	0.01254	0.02037	0.30872	0.02086	0.02753	0.01380	0.47637	0.01795	0.01276	0.01795	0.01091	0.01395	0.00801	0.00497	0.00616	0.00185	0.00905	0.00572	0.00267	0.00786
29	0.01141	0.00661	0.00810	0.00723	0.00946	0.00577	0.00559	0.01349	0.01480	0.19048	0.32793	0.04140	0.31291	0.01151	0.00642	0.00181	0.00322	0.00979	0.00600	0.00607
30	0.01162	0.00910	0.01080	0.00976	0.01169	0.01003	0.00757	0.10312	0.18345	0.04111	0.23360	0.14994	0.08177	0.01091	0.00774	0.00196	0.09474	0.00902	0.00539	0.00669
31	0.08500	0.01346	0.01532	0.01248	0.04476	0.01420	0.00988	0.45021	0.02157	0.25255	0.01555	0.01487	0.01057	0.00663	0.00547	0.00171	0.00565	0.00509	0.00575	0.00928
32	0.84197	0.01088	0.00827	0.00740	0.01088	0.01262	0.00609	0.01654	0.00958	0.02525	0.00784	0.00914	0.00609	0.00522	0.00348	0.00174	0.00435	0.00305	0.00348	0.00609
33	0.01853	0.01530	0.01483	0.01219	0.01593	0.10362	0.00976	0.41164	0.23220	0.02861	0.01595	0.01575	0.01179	0.00688	0.00548	0.00170	0.00592	0.00528	0.05990	0.00875
34	0.00670	0.00570	0.00577	0.00575	0.00763	0.00477	0.00432	0.00817	0.01295	0.01548	0.08411	0.05369	0.73756	0.01415	0.00665	0.00190	0.00284	0.01181	0.00526	0.00477
35	0.59252	0.01062	0.01085	0.24184	0.01925	0.01259	0.00896	0.01589	0.01008	0.02199	0.00849	0.01090	0.00652	0.00534	0.00413	0.00178	0.00530	0.00363	0.00319	0.00614
36	0.01372	0.01316	0.02247	0.08128	0.72198	0.01332	0.01717	0.01709	0.01272	0.01814	0.01055	0.01399	0.00883	0.00505	0.00557	0.00168	0.00674	0.00501	0.00277	0.00875
37	0.00715	0.00572	0.00639	0.00622	0.00791	0.00496	0.00467	0.00904	0.01400	0.01798	0.32402	0.04958	0.49609	0.01322	0.00665	0.00185	0.00278	0.01124	0.00559	0.00496
38	0.01393	0.01337	0.02284	0.03454	0.76712	0.01337	0.01727	0.01727	0.01281	0.01839	0.01059	0.01393	0.00891	0.00501	0.00557	0.00167	0.00669	0.00501	0.00279	0.00891
39	0.00686	0.00490	0.00653	0.00784	0.00816	0.00457	0.00522	0.00784	0.01077	0.01437	0.03102	0.79855	0.03722	0.01763	0.00718	0.00229	0.00326	0.01600	0.00522	0.00457
40	0.01332	0.01392	0.04005	0.06647	0.02394	0.01409	0.38825	0.02217	0.29381	0.01976	0.01552	0.01722	0.01168	0.00603	0.00650	0.00191	0.02715	0.00634	0.00389	0.00798
41	0.00733	0.00573	0.00664	0.00641	0.00802	0.00504	0.00481	0.00939	0.01443	0.01901	0.42226	0.04790	0.39721	0.01283	0.00664	0.00183	0.00275	0.01100	0.00573	0.00504
42	0.01167	0.01000	0.01167	0.00834	0.01334	0.00750	0.00667	0.01417	0.01167	0.01834	0.01000	0.01167	0.00834	0.00417	0.00417	0.00083	0.00417	0.00333	0.00333	0.83663
43	0.00796	0.00575	0.00752	0.00708	0.00841	0.00531	0.00531	0.01062	0.01593	0.02257	0.76415	0.04204	0.05310	0.01150	0.00664	0.00177	0.00265	0.01018	0.00619	0.00531
44	0.01063	0.01000	0.01688	0.78870	0.03876	0.01250	0.01563	0.01438	0.01125	0.01438	0.01000	0.01500	0.00750	0.00563	0.00563	0.00188	0.00750	0.00500	0.00250	0.00625
45	0.01654	0.01365	0.02772	0.01998	0.02531	0.01261	0.54540	0.02059	0.01405	0.22328	0.01433	0.01626	0.01001	0.00535	0.00637	0.00185	0.00821	0.00637	0.00397	0.00813
46	0.00818	0.00546	0.00614	0.00614	0.00614	0.00546	0.00341	0.00818	0.00818	0.01091	0.01773	0.03683	0.02046	0.80222	0.02864	0.00546	0.00546	0.00818	0.00341	0.00341
47	0.01063	0.01000	0.01688	0.78870	0.03876	0.01250	0.01563	0.01438	0.01125	0.01438	0.01000	0.01500	0.00750	0.00563	0.00563	0.00188	0.00750	0.00500	0.00250	0.00625
48	0.01471	0.01244	0.01313	0.01160	0.01491	0.01433	0.00908	0.09909	0.68660	0.02469	0.02200	0.02028	0.01645	0.00755	0.00572	0.00189	0.00462	0.00624	0.00572	0.00897
49	0.02344	0.01248	0.01485	0.01139	0.01581	0.01257	0.00941	0.36531	0.02096	0.42628	0.01813	0.01651	0.01189	0.00687	0.00565	0.00172	0.00545	0.00538	0.00634	0.00957
50	0.01534	0.01218	0.01364	0.01008	0.01489	0.01126	0.00819	0.29139	0.01725	0.02481	0.01133	0.01236	0.00880	0.00514	0.00472	0.00116	0.00493	0.00399	0.00420	0.52434
51	0.00978	0.00489	0.00733	0.00733	0.00733	0.00489	0.00489	0.00733	0.00733	0.00978	0.00978	0.01711	0.00978	0.01955	0.02199	0.83627	0.00489	0.00489	0.00244	0.00244
52	0.01049	0.00525	0.00525	0.00525	0.00656	0.00525	0.00393	0.01311	0.01180	0.02098	0.01836	0.02098	0.01442	0.00656	0.00393	0.00131	0.00262	0.00525	0.83346	0.00525
53	0.00673	0.00540	0.00601	0.00651	0.00781	0.00468	0.00463	0.00799	0.01205	0.01489	0.04720	0.33524	0.49009	0.01553	0.00685	0.00205	0.00301	0.01343	0.00523	0.00468
54	0.01474	0.01237	0.01253	0.01079	0.01364	0.09236	0.00856	0.28789	0.08886	0.02282	0.02102	0.02247	0.12739	0.01756	0.21680	0.00372	0.00835	0.00635	0.00458	0.00721
55	0.00686	0.00571	0.00599	0.00592	0.00773	0.00484	0.00444	0.00848	0.01332	0.01637	0.16917	0.05224	0.65194	0.01382	0.00665	0.00188	0.00282	0.01161	0.00538	0.00484
56	0.01280	0.34085	0.47455	0.01347	0.02038	0.01676	0.01631	0.01743	0.01170	0.01598	0.00919	0.01074	0.00717	0.00513	0.00465	0.00155	0.00739	0.00370	0.00239	0.00788
57	0.32431	0.05079	0.01388	0.15636	0.01877	0.29924	0.00997	0.01829	0.01232	0.01813	0.00855	0.01069	0.00687	0.00561	0.00485	0.00165	0.02670	0.00367	0.00301	0.00633
58	0.00746	0.00543	0.00702	0.00726	0.00826	0.00500	0.00520	0.00940	0.01379	0.01899	0.44126	0.32460	0.09739	0.01398	0.00684	0.00197	0.00290	0.01246	0.00577	0.00500
59	0.01139	0.01101	0.01425	0.01197	0.01396	0.12169	0.16006	0.02987	0.01104	0.01397	0.01426	0.02383	0.01403	0.29213	0.22685	0.00503	0.00965	0.00653	0.00316	0.00532
60	0.15783	0.00661	0.00700	0.00655	0.00836	0.00669	0.00504	0.01317	0.01327	0.04778	0.32680	0.02757	0.02901	0.00839	0.00504	0.00159	0.00302	0.00692	0.31380	0.00557
61	0.00928	0.00747	0.00848	0.00792	0.00990	0.00754	0.00603	0.01523	0.21714	0.02097	0.38309	0.03937	0.22348	0.01115	0.00639	0.00184	0.00319	0.00957	0.00582	0.00615
62	0.00858	0.00548	0.00584	0.00579	0.00699	0.00515	0.00409	0.01030	0.01183	0.01735	0.11842	0.03652	0.23903	0.17784	0.01028	0.00242	0.00329	0.00839	0.31769	0.00472
63	0.49931	0.00928	0.00823	0.05702	0.01162	0.01055	0.00624	0.03343	0.02887	0.02348	0.01163	0.01346	0.00904	0.00575	0.00386	0.00162	0.00408	0.00396	0.25257	0.00600
64	0.01298	0.00996	0.01180	0.00850	0.01344	0.00758	0.00682	0.01545	0.01210	0.09082	0.01118	0.01239	0.00887	0.00444	0.00431	0.00092	0.00423	0.00356	0.00368	0.75698
65	0.01090	0.01018	0.01571	0.02255	0.45122	0.00979	0.01187	0.01345	0.01282	0.01706	0.02989	0.03066	0.32331	0.00886	0.00602	0.00177	0.00509	0.00787	0.00380	0.00718
66	0.01679	0.57862	0.02554	0.01105	0.01530	0.24301	0.00999	0.01849	0.01275	0.01340	0.00808	0.00935	0.00723	0.00510	0.00404	0.00128	0.00722	0.00319	0.00255	0.00702
67	0.00697	0.00501	0.00644	0.00753	0.00793	0.00467	0.00499	0.00789	0.01067	0.01410	0.03155	0.67581	0.08559	0.09119	0.00916	0.00256	0.00344	0.01498	0.00505	0.00447
68	0.01482	0.28027	0.36009	0.01350	0.01949	0.17025	0.01486	0.01868	0.01266	0.03449	0.00938	0.01079	0.00735	0.00531	0.00474	0.00153	0.00785	0.00372	0.00261	0.00763

[dist]
# distance from previous block
# <min> <max>
0	1

[block]
# block no. 1 follows, 42 sequences, length 35
# corresponding to MSA columns:
# 109-143
name=unknown_B
#
# <colnr> <probs for GDERKNQSTAVLIFYWHMCP>
#	G	D	E	R	K	N	Q	S	T	A	V	L	I	F	Y	W	H	M	C	P
0	0.01588	0.31075	0.20394	0.01353	0.04663	0.24604	0.01284	0.03479	0.01329	0.01544	0.00921	0.01072	0.00756	0.00534	0.00460	0.00145	0.00773	0.00367	0.02926	0.00733
1	0.00978	0.00489	0.00733	0.00733	0.00733	0.00489	0.00489	0.00733	0.00733	0.00978	0.00978	0.01711	0.00978	0.01955	0.02199	0.83627	0.00489	0.00489	0.00244	0.00244
2	0.01688	0.56624	0.02533	0.01113	0.01535	0.25505	0.01001	0.01858	0.01282	0.01340	0.00809	0.00937	0.00723	0.00512	0.00406	0.00128	0.00729	0.00320	0.00256	0.00701
3	0.05047	0.17004	0.08874	0.01049	0.01435	0.03978	0.00959	0.01873	0.01241	0.25394	0.01427	0.01564	0.01083	0.01383	0.17218	0.00318	0.04286	0.00473	0.00409	0.04984
4	0.01252	0.13373	0.54218	0.01397	0.02088	0.01351	0.01695	0.01814	0.03625	0.06425	0.06617	0.01443	0.01125	0.00590	0.00523	0.00170	0.00724	0.00460	0.00305	0.00804
5	0.01359	0.01088	0.01754	0.05333	0.46164	0.01068	0.01312	0.01653	0.01361	0.10903	0.14089	0.04397	0.05627	0.00719	0.00586	0.00173	0.00552	0.00662	0.00404	0.00795
6	0.01129	0.02911	0.77306	0.01604	0.02436	0.01307	0.02079	0.01782	0.01188	0.01782	0.01010	0.01188	0.00713	0.00535	0.00535	0.00178	0.00832	0.00416	0.00238	0.00832
7	0.01295	0.01366	0.06816	0.04520	0.39976	0.01249	0.21890	0.01675	0.01269	0.01830	0.01215	0.03752	0.01005	0.00550	0.00574	0.00173	0.00707	0.00576	0.08770	0.00794
8	0.01184	0.01257	0.01890	0.01521	0.01817	0.12790	0.30729	0.01449	0.01277	0.01606	0.06085	0.25157	0.02070	0.06031	0.00799	0.00218	0.00700	0.02428	0.00384	0.00608
9	0.01494	0.01372	0.09604	0.01500	0.01941	0.01218	0.22813	0.04210	0.24231	0.14851	0.01859	0.09277	0.01476	0.00737	0.00608	0.00189	0.00633	0.00699	0.00469	0.00817
10	0.01320	0.27680	0.48027	0.01388	0.02068	0.07215	0.01650	0.01785	0.01204	0.01606	0.00927	0.01084	0.00717	0.00521	0.00477	0.00157	0.00772	0.00375	0.00242	0.00784
11	0.00713	0.00522	0.00708	0.00800	0.00858	0.00517	0.00560	0.00838	0.01048	0.01410	0.02874	0.56738	0.07515	0.02334	0.19294	0.00389	0.00608	0.01336	0.00469	0.00469
12	0.01302	0.26764	0.49926	0.01398	0.02089	0.06172	0.01677	0.01780	0.01199	0.01617	0.00932	0.01090	0.00716	0.00521	0.00480	0.00158	0.00772	0.00377	0.00242	0.00787
13	0.00785	0.00569	0.00793	0.00818	0.00883	0.00623	0.00589	0.00922	0.00918	0.01283	0.01863	0.16998	0.01980	0.20597	0.46959	0.00699	0.01074	0.00836	0.00351	0.00458
14	0.01393	0.01337	0.02284	0.03454	0.76712	0.01337	0.01727	0.01727	0.01281	0.01839	0.01059	0.01393	0.00891	0.00501	0.00557	0.00167	0.00669	0.00501	0.00279	0.00891
15	0.00802	0.00635	0.00955	0.00888	0.01030	0.00588	0.07668	0.01021	0.01368	0.01884	0.39461	0.30926	0.07950	0.01317	0.00683	0.00197	0.00354	0.01199	0.00548	0.00524
16	0.02344	0.01190	0.01443	0.01112	0.01549	0.01179	0.00917	0.28695	0.04790	0.47801	0.01910	0.01719	0.01248	0.00692	0.00565	0.00173	0.00528	0.00547	0.00644	0.00955
17	0.01295	0.01194	0.11658	0.05666	0.01502	0.00998	0.00958	0.19457	0.01769	0.07030	0.38462	0.02783	0.03090	0.00886	0.00609	0.00176	0.00473	0.00750	0.00535	0.00709
18	0.00686	0.00490	0.00653	0.00784	0.00816	0.00457	0.00522	0.00784	0.01077	0.01437	0.03102	0.79855	0.03722	0.01763	0.00718	0.00229	0.00326	0.01600	0.00522	0.00457
19	0.01505	0.80561	0.02949	0.00963	0.01444	0.02227	0.00963	0.01685	0.01143	0.01324	0.00782	0.00903	0.00722	0.00481	0.00361	0.00120	0.00602	0.00301	0.00241	0.00722
20	0.01797	0.01246	0.01454	0.25022	0.02231	0.11134	0.01100	0.02326	0.16160	0.29134	0.01683	0.01707	0.01173	0.00653	0.00559	0.00178	0.00626	0.00533	0.00482	0.00802
21	0.01538	0.03953	0.01365	0.01510	0.19307	0.00868	0.00937	0.01738	0.01318	0.28299	0.02209	0.30365	0.02102	0.01033	0.00612	0.00190	0.00473	0.00920	0.00514	0.00749
22	0.01167	0.10843	0.69710	0.01539	0.02334	0.01401	0.01965	0.01772	0.01184	0.01735	0.00987	0.01159	0.00714	0.00529	0.00517	0.00172	0.00808	0.00404	0.00238	0.00821
23	0.02525	0.00958	0.01306	0.01001	0.01437	0.00827	0.00827	0.02743	0.01611	0.77102	0.02220	0.01915	0.01393	0.00697	0.00566	0.00174	0.00479	0.00566	0.00697	0.00958
24	0.22859	0.01560	0.01762	0.02328	0.41247	0.17669	0.01303	0.01819	0.01265	0.01917	0.00948	0.01189	0.00783	0.00524	0.00493	0.00164	0.00682	0.00421	0.00299	0.00768
25	0.00978	0.00489	0.00733	0.00733	0.00733	0.00489	0.00489	0.00733	0.00733	0.00978	0.00978	0.01711	0.00978	0.01955	0.02199	0.83627	0.00489	0.00489	0.00244	0.00244
26	0.01063	0.01000	0.01688	0.78870	0.03876	0.01250	0.01563	0.01438	0.01125	0.01438	0.01000	0.01500	0.00750	0.00563	0.00563	0.00188	0.00750	0.00500	0.00250	0.00625
27	0.01958	0.01109	0.01323	0.01046	0.01414	0.01116	0.00851	0.30631	0.02013	0.30241	0.19717	0.02244	0.02164	0.00797	0.00588	0.00173	0.00483	0.00651	0.00626	0.00855
28	0.01202	0.02400	0.50144	0.01886	0.02621	0.01350	0.28729	0.01790	0.01240	0.01790	0.01057	0.01309	0.00765	0.00513	0.00582	0.00182	0.00875	0.00507	0.00255	0.00805
29	0.01442	0.01537	0.01900	0.30660	0.31946	0.19728	0.01513	0.01746	0.01299	0.01581	0.00992	0.01341	0.00800	0.00543	0.00547	0.00169	0.00782	0.00468	0.00271	0.00736
30	0.53700	0.01757	0.28906	0.01057	0.01583	0.01279	0.01149	0.01701	0.01042	0.02252	0.00867	0.01015	0.00647	0.00527	0.00417	0.00176	0.00581	0.00346	0.00308	0.00691
31	0.01305	0.01113	0.01569	0.01838	0.25152	0.01192	0.04382	0.06328	0.24175	0.02046	0.01661	0.01957	0.01350	0.01155	0.11264	0.00277	0.00679	0.02887	0.08883	0.00786
32	0.01262	0.04461	0.06887	0.01689	0.02205	0.01243	0.37217	0.01634	0.01224	0.01761	0.01041	0.01335	0.00825	0.00496	0.00648	0.00155	0.06459	0.00511	0.00294	0.28652
33	0.00807	0.00621	0.00755	0.00774	0.00934	0.00582	0.00620	0.01082	0.04454	0.01830	0.26489	0.05182	0.29835	0.01352	0.00694	0.00207	0.00355	0.22351	0.00553	0.00522
34	0.01264	0.13124	0.43655	0.01374	0.02000	0.01463	0.01560	0.02140	0.24083	0.01895	0.01372	0.01429	0.01023	0.00598	0.00522	0.00174	0.00681	0.00468	0.00341	0.00835

[dist]
# distance from previous block
# <min> <max>
0	2

[block]
# block no. 2 follows, 42 sequences, length 39
# corresponding to MSA columns:
# 146-184
name=unknown_C
#
# <colnr> <probs for GDERKNQSTAVLIFYWHMCP>
#	G	D	E	R	K	N	Q	S	T	A	V	L	I	F	Y	W	H	M	C	P
0	0.06172	0.01510	0.01598	0.01250	0.01680	0.01681	0.01026	0.62892	0.10971	0.03358	0.01431	0.01415	0.01027	0.00678	0.00553	0.00172	0.00590	0.00511	0.00553	0.00932
1	0.00804	0.00603	0.00904	0.00904	0.01005	0.00703	0.00703	0.01005	0.00904	0.01306	0.01507	0.02211	0.01407	0.04221	0.77992	0.00904	0.01507	0.00603	0.00301	0.00502
2	0.00804	0.00603	0.00904	0.00904	0.01005	0.00703	0.00703	0.01005	0.00904	0.01306	0.01507	0.02211	0.01407	0.04221	0.77992	0.00904	0.01507	0.00603	0.00301	0.00502
3	0.01788	0.00944	0.01132	0.00922	0.01196	0.00932	0.00699	0.18679	0.01549	0.31236	0.01850	0.02456	0.01540	0.30886	0.01438	0.00314	0.00537	0.00648	0.00531	0.00723
4	0.02134	0.01650	0.01677	0.01356	0.03820	0.09349	0.01078	0.61882	0.02450	0.06972	0.01338	0.01347	0.00954	0.00662	0.00557	0.00167	0.00653	0.00495	0.00534	0.00925
5	0.02139	0.01576	0.01689	0.01295	0.01745	0.01745	0.01070	0.74835	0.02646	0.03547	0.01351	0.01351	0.00957	0.00676	0.00563	0.00169	0.00619	0.00507	0.00563	0.00957
6	0.00804	0.00603	0.00904	0.00904	0.01005	0.00703	0.00703	0.01005	0.00904	0.01306	0.01507	0.02211	0.01407	0.04221	0.77992	0.00904	0.01507	0.00603	0.00301	0.00502
7	0.01937	0.01890	0.01536	0.01301	0.01650	0.30576	0.01017	0.30862	0.16288	0.02408	0.01364	0.01448	0.01053	0.03387	0.00623	0.00177	0.00733	0.00488	0.00454	0.00807
8	0.36627	0.01717	0.01250	0.01100	0.01438	0.27988	0.00864	0.11395	0.09078	0.02240	0.01041	0.01127	0.00808	0.00587	0.00454	0.00165	0.00661	0.00385	0.00379	0.00698
9	0.00978	0.00489	0.00733	0.00733	0.00733	0.00489	0.00489	0.00733	0.00733	0.00978	0.00978	0.01711	0.00978	0.01955	0.02199	0.83627	0.00489	0.00489	0.00244	0.00244
10	0.00686	0.00490	0.00653	0.00784	0.00816	0.00457	0.00522	0.00784	0.01077	0.01437	0.03102	0.79855	0.03722	0.01763	0.00718	0.00229	0.00326	0.01600	0.00522	0.00457
11	0.01837	0.02038	0.01868	0.02192	0.30206	0.39686	0.01328	0.10796	0.01602	0.01814	0.01000	0.01199	0.00816	0.00562	0.00533	0.00156	0.00836	0.00433	0.00319	0.00780
12	0.00804	0.00601	0.00895	0.00895	0.00992	0.00698	0.00692	0.00999	0.00902	0.01299	0.01516	0.02258	0.01427	0.06671	0.75570	0.00893	0.01476	0.00610	0.00303	0.00497
13	0.84197	0.01088	0.00827	0.00740	0.01088	0.01262	0.00609	0.01654	0.00958	0.02525	0.00784	0.00914	0.00609	0.00522	0.00348	0.00174	0.00435	0.00305	0.00348	0.00609
14	0.01515	0.01183	0.01276	0.01130	0.01461	0.01341	0.00884	0.02965	0.68080	0.10037	0.02283	0.02081	0.01684	0.00757	0.00572	0.00189	0.00449	0.00629	0.00585	0.00898
15	0.01829	0.01849	0.01486	0.01294	0.01630	0.30546	0.01005	0.18509	0.31495	0.02246	0.01545	0.01523	0.01174	0.00674	0.00546	0.00169	0.00700	0.00504	0.00463	0.00815
16	0.00770	0.00550	0.00749	0.00880	0.00949	0.00529	0.00668	0.00929	0.01160	0.01531	0.03055	0.51946	0.03539	0.01684	0.00741	0.00240	0.00399	0.28680	0.00521	0.00480
17	0.01942	0.00830	0.01123	0.00912	0.01244	0.00730	0.00738	0.02176	0.01596	0.51717	0.25208	0.02754	0.02660	0.00862	0.00602	0.00178	0.00414	0.02834	0.00667	0.00813
18	0.01400	0.01209	0.01273	0.01145	0.01463	0.01400	0.00891	0.02990	0.75695	0.02354	0.02291	0.02100	0.01718	0.00764	0.00573	0.00191	0.00445	0.00636	0.00573	0.00891
19	0.02102	0.02682	0.01595	0.01450	0.01740	0.77963	0.01087	0.02247	0.01595	0.01377	0.00870	0.01015	0.00725	0.00580	0.00507	0.00145	0.01015	0.00362	0.00290	0.00652
20	0.00665	0.00570	0.00570	0.00570	0.00760	0.00475	0.00428	0.00808	0.01283	0.01520	0.05701	0.05416	0.76483	0.01425	0.00665	0.00190	0.00285	0.01188	0.00523	0.00475
21	0.00679	0.00552	0.00602	0.00629	0.00779	0.00475	0.00457	0.00820	0.01257	0.01553	0.10103	0.22540	0.54626	0.01484	0.00677	0.00198	0.00293	0.01271	0.00529	0.00475
22	0.01278	0.32350	0.46761	0.01385	0.02075	0.01660	0.03925	0.01746	0.01176	0.01609	0.00928	0.01090	0.00721	0.00513	0.00473	0.00157	0.00748	0.00380	0.00240	0.00788
23	0.02102	0.02682	0.01595	0.01450	0.01740	0.77963	0.01087	0.02247	0.01595	0.01377	0.00870	0.01015	0.00725	0.00580	0.00507	0.00145	0.01015	0.00362	0.00290	0.00652
24	0.00678	0.00520	0.00622	0.00703	0.00795	0.00464	0.00486	0.00793	0.01155	0.01468	0.04089	0.51592	0.31348	0.01635	0.00698	0.00214	0.00311	0.01443	0.00522	0.00464
25	0.01196	0.02439	0.52230	0.01864	0.02607	0.01346	0.26682	0.01789	0.01236	0.01789	0.01054	0.01300	0.00761	0.00514	0.00579	0.00182	0.00871	0.00500	0.00254	0.00807
26	0.00686	0.00490	0.00653	0.00784	0.00816	0.00457	0.00522	0.00784	0.01077	0.01437	0.03102	0.79855	0.03722	0.01763	0.00718	0.00229	0.00326	0.01600	0.00522	0.00457
27	0.01443	0.01395	0.01965	0.02697	0.51366	0.06599	0.01459	0.02102	0.21293	0.01945	0.01377	0.01557	0.01102	0.00577	0.00558	0.00172	0.00632	0.00528	0.00358	0.00875
28	0.00710	0.00572	0.00632	0.00617	0.00787	0.00494	0.00463	0.00894	0.01388	0.01770	0.29669	0.05005	0.52360	0.01332	0.00665	0.00186	0.00278	0.01130	0.00555	0.00494
29	0.01885	0.02038	0.01489	0.05184	0.01695	0.45012	0.01006	0.19713	0.01722	0.01870	0.01116	0.01484	0.00962	0.11421	0.00844	0.00207	0.00841	0.00466	0.00361	0.00683
30	0.31239	0.48105	0.02119	0.00907	0.01331	0.05681	0.00842	0.01702	0.01099	0.01758	0.00787	0.00912	0.00682	0.00501	0.00364	0.00141	0.00563	0.00305	0.00282	0.00678
31	0.00752	0.00574	0.00691	0.00661	0.00813	0.00512	0.00496	0.00976	0.01488	0.02007	0.52447	0.04615	0.29433	0.01244	0.00664	0.00181	0.00272	0.01075	0.00587	0.00512
32	0.01231	0.01231	0.01724	0.01477	0.01477	0.01724	0.01231	0.01354	0.00862	0.01354	0.00739	0.01231	0.00739	0.00985	0.01847	0.00246	0.79192	0.00492	0.00246	0.00616
33	0.00754	0.00554	0.00634	0.00638	0.00728	0.00512	0.00427	0.00864	0.01152	0.01506	0.19072	0.12150	0.25514	0.31319	0.01505	0.00326	0.00384	0.01053	0.00474	0.00434
34	0.01063	0.01000	0.01688	0.78870	0.03876	0.01250	0.01563	0.01438	0.01125	0.01438	0.01000	0.01500	0.00750	0.00563	0.00563	0.00188	0.00750	0.00500	0.00250	0.00625
35	0.00807	0.00591	0.00845	0.00845	0.00925	0.00671	0.00629	0.00967	0.00887	0.01262	0.01562	0.02513	0.01538	0.19835	0.62557	0.00831	0.01310	0.00647	0.00310	0.00469
36	0.01129	0.02911	0.77306	0.01604	0.02436	0.01307	0.02079	0.01782	0.01188	0.01782	0.01010	0.01188	0.00713	0.00535	0.00535	0.00178	0.00832	0.00416	0.00238	0.00832
37	0.01505	0.80561	0.02949	0.00963	0.01444	0.02227	0.00963	0.01685	0.01143	0.01324	0.00782	0.00903	0.00722	0.00481	0.00361	0.00120	0.00602	0.00301	0.00241	0.00722
38	0.24319	0.00931	0.00969	0.00819	0.01141	0.00938	0.00660	0.10663	0.01460	0.20386	0.07438	0.02750	0.23584	0.00890	0.00541	0.00178	0.00413	0.00699	0.00528	0.00692

[dist]
# distance from previous block
# <min> <max>
0	1

[block]
# block no. 3 follows, 42 sequences, length 31
# corresponding to MSA columns:
# 186-216
name=unknown_D
#
# <colnr> <probs for GDERKNQSTAVLIFYWHMCP>
#	G	D	E	R	K	N	Q	S	T	A	V	L	I	F	Y	W	H	M	C	P
0	0.00818	0.00573	0.00744	0.03899	0.00968	0.00533	0.00566	0.00994	0.01304	0.05217	0.27026	0.36613	0.15809	0.01413	0.00679	0.00202	0.00324	0.01253	0.00551	0.00514
1	0.01431	0.28269	0.01857	0.01092	0.01457	0.01691	0.00925	0.02500	0.48208	0.01975	0.01733	0.01668	0.01351	0.00673	0.00536	0.00168	0.02671	0.00518	0.00450	0.00826
2	0.00885	0.00710	0.00800	0.00759	0.00953	0.00694	0.00583	0.02868	0.14574	0.01987	0.30711	0.04344	0.32286	0.01198	0.00651	0.00188	0.00324	0.04335	0.00567	0.00581
3	0.34115	0.01086	0.01151	0.01047	0.07985	0.01042	0.00753	0.04200	0.01148	0.02170	0.00932	0.01094	0.00754	0.00476	0.00407	0.00130	0.00454	0.00343	0.00343	0.40369
4	0.27346	0.01656	0.01562	0.03401	0.23772	0.24705	0.01141	0.01865	0.02766	0.01891	0.00924	0.01138	0.00760	0.00561	0.00538	0.00167	0.04387	0.00400	0.00308	0.00712
5	0.01460	0.01285	0.02036	0.01540	0.01953	0.01307	0.28812	0.25452	0.04914	0.02381	0.06517	0.02072	0.08022	0.00908	0.05163	0.00222	0.00722	0.00672	0.03798	0.00765
6	0.01202	0.01146	0.01838	0.26263	0.24173	0.01305	0.04060	0.01495	0.01116	0.01583	0.00992	0.01415	0.00833	0.00795	0.04605	0.00219	0.17252	0.00493	0.00270	0.08947
7	0.00768	0.00555	0.00606	0.00604	0.00671	0.00522	0.00378	0.00826	0.01004	0.01283	0.06494	0.04265	0.26188	0.51165	0.02054	0.00414	0.00449	0.00947	0.00412	0.00393
8	0.04534	0.00916	0.01151	0.00920	0.01286	0.00851	0.00749	0.05364	0.05904	0.52711	0.02071	0.01910	0.01381	0.00686	0.00526	0.00166	0.00438	0.00552	0.17025	0.00858
9	0.01551	0.00886	0.00998	0.00874	0.01151	0.00924	0.00686	0.02292	0.28755	0.21127	0.02100	0.02053	0.01531	0.00706	0.00503	0.00164	0.00384	0.00576	0.31971	0.00769
10	0.84197	0.01088	0.00827	0.00740	0.01088	0.01262	0.00609	0.01654	0.00958	0.02525	0.00784	0.00914	0.00609	0.00522	0.00348	0.00174	0.00435	0.00305	0.00348	0.00609
11	0.00673	0.00570	0.00581	0.00578	0.00765	0.00478	0.00433	0.00822	0.01300	0.01562	0.09751	0.05347	0.72407	0.01410	0.00665	0.00189	0.00284	0.01178	0.00528	0.00478
12	0.01371	0.01353	0.02165	0.13648	0.52860	0.04880	0.05889	0.01760	0.04636	0.01767	0.01092	0.01424	0.00894	0.00540	0.00606	0.00174	0.03316	0.00510	0.00288	0.00826
13	0.00665	0.00570	0.00570	0.00570	0.00760	0.00475	0.00428	0.00808	0.01283	0.01520	0.05701	0.05416	0.76483	0.01425	0.00665	0.00190	0.00285	0.01188	0.00523	0.00475
14	0.28527	0.20757	0.12170	0.01302	0.08985	0.13235	0.01091	0.01824	0.01192	0.05072	0.00916	0.01055	0.00730	0.00528	0.00431	0.00157	0.00644	0.00359	0.00306	0.00717
15	0.02192	0.01491	0.01636	0.01254	0.01703	0.01619	0.01036	0.64891	0.02503	0.13692	0.01471	0.01429	0.01017	0.00678	0.00563	0.00170	0.00600	0.00515	0.00581	0.00957
16	0.00686	0.00490	0.00653	0.00784	0.00816	0.00457	0.00522	0.00784	0.01077	0.01437	0.03102	0.79855	0.03722	0.01763	0.00718	0.00229	0.00326	0.01600	0.00522	0.00457
17	0.01680	0.01348	0.01430	0.01202	0.01570	0.01531	0.00959	0.30216	0.48013	0.02806	0.01935	0.01816	0.01430	0.00730	0.00569	0.00183	0.00511	0.00587	0.00569	0.00916
18	0.02323	0.00913	0.01241	0.00967	0.01367	0.00793	0.00793	0.02546	0.01609	0.68353	0.10893	0.02183	0.01851	0.00750	0.00577	0.00174	0.00454	0.00619	0.00688	0.00908
19	0.01316	0.01495	0.03247	0.05840	0.02984	0.01415	0.71354	0.01786	0.01319	0.01786	0.01132	0.01517	0.00849	0.00478	0.00660	0.00190	0.00940	0.00657	0.00283	0.00753
20	0.02108	0.01561	0.01671	0.01288	0.01733	0.01730	0.01062	0.71769	0.05764	0.03496	0.01391	0.01383	0.00990	0.00679	0.00563	0.00170	0.00612	0.00512	0.00563	0.00954
21	0.01049	0.00525	0.00525	0.00525	0.00656	0.00525	0.00393	0.01311	0.01180	0.02098	0.01836	0.02098	0.01442	0.00656	0.00393	0.00131	0.00262	0.00525	0.83346	0.00525
22	0.01505	0.80561	0.02949	0.00963	0.01444	0.02227	0.00963	0.01685	0.01143	0.01324	0.00782	0.00903	0.00722	0.00481	0.00361	0.00120	0.00602	0.00301	0.00241	0.00722
23	0.09855	0.05732	0.03683	0.01025	0.01407	0.01173	0.04236	0.21796	0.01677	0.22357	0.01585	0.01608	0.01125	0.00637	0.00496	0.00161	0.00502	0.00500	0.19648	0.00797
24	0.01933	0.17700	0.01981	0.01360	0.01747	0.36874	0.05360	0.21156	0.03356	0.01981	0.01025	0.01134	0.00814	0.00583	0.00504	0.00150	0.00813	0.00412	0.00358	0.00757
25	0.00978	0.00489	0.00733	0.00733	0.00733	0.00489	0.00489	0.00733	0.00733	0.00978	0.00978	0.01711	0.00978	0.01955	0.02199	0.83627	0.00489	0.00489	0.00244	0.00244
26	0.01239	0.01035	0.01394	0.01161	0.01471	0.01078	0.12052	0.03625	0.33759	0.06000	0.17016	0.02875	0.13067	0.00885	0.00617	0.00187	0.00470	0.00788	0.00537	0.00745
27	0.01654	0.01357	0.01313	0.01041	0.01466	0.14799	0.00823	0.06442	0.10953	0.14679	0.01370	0.01397	0.01030	0.00554	0.00487	0.00129	0.00551	0.00427	0.00432	0.39097
28	0.71467	0.01075	0.00959	0.12705	0.01515	0.01261	0.00755	0.01621	0.00983	0.02358	0.00817	0.01004	0.00631	0.00529	0.00381	0.00176	0.00484	0.00335	0.00333	0.00612
29	0.01897	0.01409	0.01844	0.03957	0.14320	0.01499	0.06997	0.44214	0.02088	0.10266	0.01369	0.01471	0.00996	0.00790	0.04080	0.00205	0.00684	0.00528	0.00486	0.00900
30	0.01434	0.01369	0.01504	0.05991	0.09114	0.14249	0.04437	0.10058	0.21858	0.01938	0.01506	0.01727	0.01212	0.01503	0.19184	0.00350	0.00880	0.00547	0.00397	0.00743

[dist]
# distance from previous block
# <min> <max>
2	7

[block]
# block no. 4 follows, 42 sequences, length 26
# corresponding to MSA columns:
# 224-249
name=unknown_E
#
# <colnr> <probs for GDERKNQSTAVLIFYWHMCP>
#	G	D	E	R	K	N	Q	S	T	A	V	L	I	F	Y	W	H	M	C	P
0	0.03865	0.01754	0.01405	0.01209	0.01540	0.31206	0.00942	0.16973	0.12744	0.11231	0.05166	0.01792	0.06270	0.00722	0.00549	0.00165	0.00688	0.00541	0.00469	0.00768
1	0.01790	0.09871	0.04678	0.01497	0.01896	0.34080	0.15246	0.02248	0.12854	0.08565	0.01260	0.01356	0.00963	0.00587	0.00539	0.00162	0.00818	0.00477	0.00363	0.00751
2	0.01596	0.01825	0.02554	0.01940	0.02400	0.23316	0.43077	0.05622	0.08475	0.01819	0.01181	0.01421	0.00903	0.00542	0.00606	0.00176	0.00904	0.00568	0.00327	0.00751
3	0.01470	0.10956	0.18792	0.01547	0.01969	0.19130	0.12535	0.01910	0.08058	0.01611	0.01037	0.01258	0.00835	0.00637	0.00783	0.00180	0.15809	0.00463	0.00289	0.00731
4	0.00957	0.00639	0.00796	0.00803	0.00971	0.00595	0.00629	0.01213	0.04591	0.08852	0.18840	0.17297	0.23044	0.01356	0.00685	0.00208	0.00365	0.17043	0.00560	0.00557
5	0.01865	0.01786	0.01528	0.01300	0.01646	0.24896	0.01023	0.27578	0.25579	0.02439	0.01486	0.01484	0.01122	0.00684	0.00587	0.00171	0.03016	0.00504	0.00473	0.00833
6	0.00812	0.00573	0.00752	0.00752	0.00800	0.00621	0.00513	0.00907	0.00859	0.01194	0.01647	0.02982	0.01742	0.44065	0.38606	0.00716	0.01003	0.00716	0.00322	0.00418
7	0.01393	0.01337	0.02284	0.03454	0.76712	0.01337	0.01727	0.01727	0.01281	0.01839	0.01059	0.01393	0.00891	0.00501	0.00557	0.00167	0.00669	0.00501	0.00279	0.00891
8	0.00692	0.00499	0.00656	0.00769	0.00816	0.00463	0.00519	0.00804	0.01122	0.01497	0.08316	0.71347	0.07005	0.01706	0.00712	0.00223	0.00320	0.01541	0.00529	0.00463
9	0.00765	0.00567	0.00713	0.00692	0.00825	0.00515	0.00513	0.00994	0.01495	0.02060	0.58018	0.11331	0.16925	0.01252	0.00669	0.00184	0.00274	0.01099	0.00595	0.00515
10	0.01129	0.02911	0.77306	0.01604	0.02436	0.01307	0.02079	0.01782	0.01188	0.01782	0.01010	0.01188	0.00713	0.00535	0.00535	0.00178	0.00832	0.00416	0.00238	0.00832
11	0.00686	0.00490	0.00653	0.00784	0.00816	0.00457	0.00522	0.00784	0.01077	0.01437	0.03102	0.79855	0.03722	0.01763	0.00718	0.00229	0.00326	0.01600	0.00522	0.00457
12	0.01456	0.01269	0.01818	0.09354	0.37104	0.01363	0.01357	0.07480	0.26109	0.04566	0.01522	0.01652	0.01174	0.00613	0.00564	0.00177	0.00592	0.00549	0.00408	0.00874
13	0.01644	0.20343	0.27265	0.01376	0.01906	0.27911	0.01390	0.08802	0.01455	0.01705	0.00942	0.01079	0.00742	0.00551	0.00489	0.00153	0.00822	0.00380	0.00287	0.00757
14	0.00760	0.00527	0.00661	0.00739	0.00768	0.00511	0.00486	0.00834	0.00994	0.01321	0.02555	0.42260	0.03002	0.33335	0.01588	0.00359	0.00433	0.08004	0.00449	0.00416
15	0.02058	0.01403	0.01546	0.01206	0.01615	0.01518	0.00984	0.59220	0.02367	0.12357	0.01573	0.06039	0.01207	0.03424	0.00650	0.00186	0.00583	0.00588	0.00570	0.00907
16	0.00755	0.00555	0.00694	0.00703	0.00813	0.00509	0.00507	0.00943	0.01363	0.01854	0.41239	0.21092	0.16460	0.07184	0.00841	0.00220	0.00309	0.02909	0.00559	0.00491
17	0.00804	0.00603	0.00904	0.00904	0.01005	0.00703	0.00703	0.01005	0.00904	0.01306	0.01507	0.02211	0.01407	0.04221	0.77992	0.00904	0.01507	0.00603	0.00301	0.00502
18	0.00978	0.00489	0.00733	0.00733	0.00733	0.00489	0.00489	0.00733	0.00733	0.00978	0.00978	0.01711	0.00978	0.01955	0.02199	0.83627	0.00489	0.00489	0.00244	0.00244
19	0.01488	0.73115	0.02984	0.01096	0.01585	0.02151	0.07906	0.01696	0.01161	0.01369	0.00816	0.00961	0.00735	0.00481	0.00390	0.00127	0.00635	0.00335	0.00245	0.00726
20	0.01163	0.00966	0.01233	0.18620	0.01846	0.00967	0.00899	0.08375	0.09705	0.01864	0.01632	0.15053	0.02892	0.00811	0.00591	0.02633	0.00499	0.00662	0.00397	0.29191
21	0.00797	0.00629	0.00927	0.19941	0.01590	0.00667	0.00803	0.00980	0.01125	0.01487	0.05592	0.52719	0.03027	0.01430	0.00682	0.00218	0.00440	0.05980	0.00459	0.00505
22	0.05123	0.01145	0.01460	0.01216	0.01452	0.01347	0.00999	0.08916	0.11407	0.24670	0.01491	0.01597	0.01114	0.00961	0.04424	0.00235	0.30665	0.00533	0.00463	0.00783
23	0.06876	0.22946	0.26590	0.01519	0.04278	0.08779	0.13787	0.01852	0.03256	0.03720	0.01012	0.01184	0.00784	0.00523	0.00498	0.00161	0.00757	0.00428	0.00281	0.00766
24	0.05904	0.34749	0.04978	0.01275	0.01654	0.13805	0.07984	0.01804	0.01208	0.06769	0.00931	0.01116	0.00779	0.00602	0.00688	0.00161	0.14193	0.00401	0.00291	0.00711
25	0.01222	0.07744	0.28985	0.01176	0.01644	0.18506	0.01219	0.01554	0.01309	0.01569	0.02532	0.02544	0.26090	0.00839	0.00559	0.00170	0.00673	0.00654	0.00345	0.00664

[dist]
# distance from previous block
# <min> <max>
0	22

[block]
# block no. 5 follows, 42 sequences, length 31
# corresponding to MSA columns:
# 475-505
name=unknown_F
#
# <colnr> <probs for GDERKNQSTAVLIFYWHMCP>
#	G	D	E	R	K	N	Q	S	T	A	V	L	I	F	Y	W	H	M	C	P
0	0.01227	0.01193	0.01690	0.01393	0.01546	0.01477	0.06340	0.01478	0.04851	0.01536	0.00953	0.01414	0.00879	0.00845	0.01402	0.00209	0.52824	0.02316	0.00289	0.16138
1	0.01474	0.01788	0.12436	0.01206	0.01525	0.26896	0.01053	0.10590	0.01619	0.01995	0.26269	0.02163	0.02290	0.00800	0.00651	0.00170	0.05363	0.00615	0.00423	0.00673
2	0.00912	0.00728	0.00973	0.00915	0.00947	0.00878	0.00671	0.01007	0.00857	0.01224	0.01440	0.02618	0.01526	0.36564	0.27090	0.00591	0.19624	0.00670	0.00306	0.00459
3	0.00740	0.00581	0.00655	0.00687	0.00833	0.00521	0.00525	0.00891	0.01229	0.01520	0.06516	0.08322	0.46996	0.11079	0.00959	0.00249	0.00367	0.16359	0.00502	0.00469
4	0.00686	0.00559	0.00607	0.00619	0.00779	0.00480	0.00455	0.00840	0.01297	0.01611	0.15139	0.15785	0.56314	0.01435	0.00672	0.00194	0.00288	0.01222	0.00536	0.00480
5	0.01741	0.01530	0.01976	0.04124	0.26371	0.07017	0.05666	0.33444	0.01860	0.02494	0.01149	0.01345	0.00889	0.00622	0.00669	0.00175	0.07161	0.00503	0.00400	0.00865
6	0.01167	0.01000	0.01167	0.00834	0.01334	0.00750	0.00667	0.01417	0.01167	0.01834	0.01000	0.01167	0.00834	0.00417	0.00417	0.00083	0.00417	0.00333	0.00333	0.83663
7	0.00671	0.00570	0.00579	0.00577	0.00764	0.00478	0.00433	0.00820	0.01298	0.01555	0.09080	0.05358	0.73082	0.01412	0.00665	0.00189	0.00284	0.01180	0.00527	0.00478
8	0.01857	0.01444	0.01381	0.01118	0.01467	0.10740	0.00900	0.47266	0.02145	0.02913	0.01416	0.01500	0.01052	0.00659	0.00513	0.00156	0.00577	0.00494	0.21592	0.00810
9	0.02069	0.00857	0.01160	0.00924	0.01279	0.00749	0.00749	0.02299	0.01606	0.57350	0.21800	0.02519	0.02427	0.00816	0.00592	0.00175	0.00423	0.00685	0.00676	0.00845
10	0.01290	0.01126	0.01612	0.23940	0.07596	0.01289	0.06681	0.02054	0.27575	0.05806	0.01835	0.01973	0.06332	0.00726	0.00694	0.00192	0.07504	0.00611	0.00411	0.00755
11	0.04994	0.00980	0.01303	0.01002	0.01435	0.00868	0.00828	0.04876	0.01622	0.72626	0.02150	0.01868	0.01356	0.00691	0.00559	0.00174	0.00482	0.00556	0.00682	0.00947
12	0.01231	0.01266	0.02327	0.27837	0.13473	0.01410	0.26033	0.01586	0.01166	0.01601	0.01005	0.01440	0.00803	0.00604	0.00839	0.00196	0.15658	0.00554	0.00265	0.00706
13	0.00830	0.00507	0.00669	0.00713	0.00724	0.00496	0.00454	0.00777	0.00875	0.01167	0.01937	0.28524	0.02230	0.26266	0.01910	0.29792	0.00452	0.00964	0.00368	0.00346
14	0.01320	0.01275	0.02212	0.19382	0.57442	0.01323	0.05482	0.01670	0.01251	0.01752	0.01050	0.01422	0.00860	0.00513	0.00564	0.00173	0.00700	0.00510	0.00273	0.00828
15	0.01063	0.01000	0.01688	0.78870	0.03876	0.01250	0.01563	0.01438	0.01125	0.01438	0.01000	0.01500	0.00750	0.00563	0.00563	0.00188	0.00750	0.00500	0.00250	0.00625
16	0.01379	0.54531	0.27875	0.01178	0.01777	0.01918	0.01337	0.01718	0.01158	0.01478	0.00859	0.00998	0.00719	0.00499	0.00419	0.00140	0.00679	0.00339	0.00240	0.00759
17	0.01131	0.00990	0.01608	0.31602	0.28780	0.01081	0.01328	0.01442	0.01182	0.01673	0.01396	0.11113	0.01261	0.00701	0.00556	0.00177	0.00601	0.00638	0.12056	0.00684
18	0.01618	0.01073	0.01132	0.00926	0.01224	0.01161	0.00746	0.39662	0.01945	0.02854	0.01583	0.01708	0.01189	0.00666	0.00482	0.00151	0.00448	0.00515	0.40166	0.00750
19	0.01228	0.01913	0.31071	0.02149	0.21955	0.01252	0.17432	0.01697	0.01237	0.01793	0.01131	0.04371	0.00919	0.00549	0.00564	0.00170	0.00753	0.00530	0.00279	0.09007
20	0.01323	0.01347	0.02374	0.01816	0.02228	0.01406	0.39734	0.02130	0.26217	0.01941	0.01576	0.01918	0.01247	0.00669	0.00746	0.00199	0.07871	0.04093	0.00389	0.00779
21	0.01228	0.00844	0.01040	0.00813	0.01174	0.00684	0.00642	0.01479	0.01380	0.12638	0.27817	0.02346	0.02494	0.00716	0.00525	0.00129	0.00372	0.00608	0.00486	0.42585
22	0.00674	0.00535	0.00606	0.00663	0.00785	0.00467	0.00469	0.00797	0.01193	0.01484	0.04566	0.37920	0.44712	0.01573	0.00688	0.00207	0.00303	0.01368	0.00523	0.00467
23	0.01063	0.01000	0.01688	0.78870	0.03876	0.01250	0.01563	0.01438	0.01125	0.01438	0.01000	0.01500	0.00750	0.00563	0.00563	0.00188	0.00750	0.00500	0.00250	0.00625
24	0.01586	0.01301	0.01377	0.01183	0.01534	0.01487	0.00936	0.21046	0.57337	0.02654	0.02054	0.01912	0.01527	0.00741	0.00570	0.00185	0.00489	0.00604	0.00570	0.00907
25	0.01266	0.01208	0.02056	0.32342	0.48812	0.01304	0.01664	0.01616	0.01222	0.01685	0.01036	0.01434	0.00837	0.00525	0.00559	0.00175	0.00700	0.00501	0.00268	0.00789
26	0.06197	0.34935	0.02176	0.01125	0.01583	0.01923	0.01000	0.40058	0.01922	0.02553	0.01081	0.01139	0.00839	0.00585	0.00466	0.00149	0.00602	0.00409	0.00415	0.00839
27	0.01226	0.01167	0.01983	0.41550	0.39919	0.01293	0.01644	0.01581	0.01203	0.01636	0.01029	0.01447	0.00820	0.00532	0.00560	0.00177	0.00710	0.00501	0.00264	0.00757
28	0.01206	0.01023	0.01188	0.00852	0.01350	0.00790	0.00683	0.04330	0.01226	0.01902	0.01014	0.01174	0.00838	0.00427	0.00423	0.00087	0.00425	0.00340	0.00343	0.80381
29	0.01063	0.01000	0.01688	0.78870	0.03876	0.01250	0.01563	0.01438	0.01125	0.01438	0.01000	0.01500	0.00750	0.00563	0.00563	0.00188	0.00750	0.00500	0.00250	0.00625
30	0.00722	0.00530	0.00678	0.00731	0.00818	0.00485	0.00514	0.00885	0.01285	0.01737	0.29321	0.44039	0.13166	0.01505	0.00693	0.00206	0.00300	0.01344	0.00557	0.00485

[dist]
# distance from previous block
# <min> <max>
0	15

[block]
# block no. 6 follows, 42 sequences, length 33
# corresponding to MSA columns:
# 521-553
name=unknown_G
#
# <colnr> <probs for GDERKNQSTAVLIFYWHMCP>
#	G	D	E	R	K	N	Q	S	T	A	V	L	I	F	Y	W	H	M	C	P
0	0.01030	0.06226	0.00919	0.00739	0.00933	0.00663	0.00571	0.01212	0.01386	0.11589	0.31193	0.13443	0.22343	0.01223	0.00696	0.03375	0.00338	0.01005	0.00551	0.00565
1	0.01328	0.01518	0.03321	0.02372	0.02941	0.01423	0.74668	0.01803	0.01328	0.01803	0.01139	0.01518	0.00854	0.00474	0.00664	0.00190	0.00949	0.00664	0.00285	0.00759
2	0.00949	0.00820	0.01259	0.22004	0.01861	0.01030	0.01028	0.01183	0.00956	0.01350	0.01236	0.01847	0.01113	0.02667	0.43768	0.00596	0.14943	0.00556	0.00278	0.00555
