[name]
unknown

[dist]
# distance from previous block
# <min> <max>
0	160

[block]
# block no. 0 follows, 51 sequences, length 7
# corresponding to MSA columns:
# 176-182
name=unknown_A
#
# <colnr> <probs for GDERKNQSTAVLIFYWHMCP>
#	G	D	E	R	K	N	Q	S	T	A	V	L	I	F	Y	W	H	M	C	P
0	0.00631	0.00503	0.00575	0.00618	0.00751	0.00447	0.00481	0.00773	0.01096	0.01349	0.04103	0.16412	0.50793	0.01314	0.00610	0.00185	0.00300	0.18182	0.00455	0.00421
1	0.01626	0.02013	0.01689	0.01420	0.01692	0.57174	0.15464	0.01805	0.01279	0.01271	0.00791	0.00990	0.00656	0.00527	0.00596	0.00144	0.09653	0.00378	0.00248	0.00584
2	0.00669	0.00477	0.00530	0.00542	0.00586	0.00453	0.00333	0.00709	0.00839	0.01077	0.02518	0.11900	0.21131	0.54078	0.01830	0.00371	0.00400	0.00866	0.00354	0.00337
3	0.01385	0.01137	0.01203	0.01033	0.01340	0.01298	0.00817	0.21631	0.59491	0.02318	0.01793	0.01669	0.01333	0.00647	0.00498	0.00162	0.00427	0.00527	0.00498	0.00792
4	0.01076	0.01028	0.01723	0.38381	0.39421	0.01158	0.01411	0.01370	0.01030	0.01416	0.00881	0.01248	0.00713	0.00493	0.00572	0.00159	0.06596	0.00437	0.00230	0.00656
5	0.01678	0.19978	0.04593	0.01102	0.01425	0.44193	0.00913	0.04148	0.03633	0.10121	0.03225	0.01077	0.00846	0.00519	0.00428	0.00128	0.00703	0.00354	0.00305	0.00630
6	0.01105	0.28806	0.30872	0.01015	0.01553	0.01264	0.01125	0.01433	0.01019	0.01437	0.00813	0.00949	0.00657	0.00421	0.00386	0.00114	0.00552	0.00308	0.00233	0.25937

[dist]
# distance from previous block
# <min> <max>
0	18

[block]
# block no. 1 follows, 51 sequences, length 34
# corresponding to MSA columns:
# 201-234
name=unknown_B
#
# <colnr> <probs for GDERKNQSTAVLIFYWHMCP>
#	G	D	E	R	K	N	Q	S	T	A	V	L	I	F	Y	W	H	M	C	P
0	0.00891	0.00641	0.00865	0.00752	0.00922	0.00619	0.04452	0.06705	0.04114	0.05488	0.61752	0.03206	0.03834	0.02829	0.00612	0.00162	0.00304	0.00807	0.00518	0.00525
1	0.86201	0.00950	0.00722	0.00646	0.00950	0.01102	0.00532	0.01445	0.00836	0.02205	0.00684	0.00798	0.00532	0.00456	0.00304	0.00152	0.00380	0.00266	0.00304	0.00532
2	0.00599	0.00428	0.00570	0.00684	0.00713	0.00399	0.00456	0.00684	0.00941	0.01254	0.02709	0.82409	0.03250	0.01540	0.00627	0.00200	0.00285	0.01397	0.00456	0.00399
3	0.00709	0.00474	0.00538	0.00543	0.00544	0.00473	0.00305	0.00713	0.00725	0.00966	0.01601	0.06785	0.01853	0.79070	0.02417	0.00464	0.00468	0.00745	0.00305	0.00302
4	0.43383	0.00883	0.00932	0.22953	0.01591	0.02470	0.00760	0.02916	0.00946	0.01844	0.00933	0.03463	0.00756	0.00525	0.00403	0.00152	0.02074	0.00380	0.12106	0.00529
5	0.00726	0.00559	0.00755	0.02700	0.02277	0.00536	0.02016	0.00917	0.01120	0.01439	0.07846	0.13560	0.23028	0.01274	0.00632	0.00199	0.00380	0.39142	0.00447	0.00449
6	0.03293	0.00993	0.01144	0.02932	0.01313	0.02645	0.02501	0.14200	0.02708	0.01852	0.01020	0.01272	0.00847	0.00462	0.00411	0.00102	0.00429	0.03760	0.00333	0.57784
7	0.01028	0.02483	0.77443	0.01382	0.02097	0.01127	0.01778	0.01585	0.01050	0.04276	0.00919	0.01060	0.00643	0.00472	0.00468	0.00156	0.00716	0.00368	0.00221	0.00730
8	0.00599	0.00428	0.00570	0.00684	0.00713	0.00399	0.00456	0.00684	0.00941	0.01254	0.02709	0.82409	0.03250	0.01540	0.00627	0.00200	0.00285	0.01397	0.00456	0.00399
9	0.01037	0.00951	0.01414	0.51823	0.09218	0.01136	0.01209	0.01666	0.23302	0.01515	0.01201	0.01452	0.00908	0.00537	0.00493	0.00163	0.00573	0.00471	0.00301	0.00632
10	0.08436	0.04715	0.01386	0.01086	0.01429	0.16605	0.00877	0.42545	0.13954	0.02424	0.01169	0.01180	0.00869	0.00569	0.00462	0.00145	0.00570	0.00415	0.00421	0.00744
11	0.01029	0.00778	0.01023	0.00897	0.00978	0.00929	0.00691	0.03549	0.00872	0.07995	0.01182	0.01936	0.01158	0.27209	0.11697	0.00354	0.29993	0.00533	0.02489	0.04710
12	0.01017	0.10122	0.72874	0.01348	0.02045	0.01217	0.01724	0.01548	0.01034	0.01519	0.00863	0.01014	0.00623	0.00463	0.00453	0.00151	0.00707	0.00354	0.00208	0.00717
13	0.86201	0.00950	0.00722	0.00646	0.00950	0.01102	0.00532	0.01445	0.00836	0.02205	0.00684	0.00798	0.00532	0.00456	0.00304	0.00152	0.00380	0.00266	0.00304	0.00532
14	0.00715	0.00476	0.00536	0.00536	0.00536	0.00476	0.00298	0.00715	0.00715	0.00953	0.01548	0.03216	0.01787	0.82729	0.02501	0.00476	0.00476	0.00715	0.00298	0.00298
15	0.00722	0.00549	0.00801	0.00790	0.00865	0.00646	0.00607	0.00877	0.00781	0.01125	0.01305	0.02013	0.01253	0.11245	0.69144	0.00730	0.05312	0.00540	0.00264	0.00430
16	0.00750	0.00475	0.00631	0.00686	0.00757	0.00438	0.00476	0.00867	0.01050	0.07860	0.15464	0.60864	0.03283	0.03118	0.00649	0.00194	0.00291	0.01223	0.00480	0.00444
17	0.00624	0.00448	0.00598	0.00708	0.00752	0.00422	0.00499	0.00729	0.00972	0.01286	0.02761	0.69865	0.05430	0.01507	0.00633	0.00202	0.00306	0.11397	0.00456	0.00407
18	0.01054	0.01002	0.01701	0.47243	0.36705	0.01125	0.01427	0.01366	0.01042	0.01408	0.00896	0.01269	0.00709	0.00468	0.00489	0.00156	0.00624	0.00437	0.00229	0.00647
19	0.01113	0.33877	0.49967	0.01183	0.01790	0.01454	0.01436	0.01523	0.01022	0.01401	0.00805	0.00941	0.00626	0.00449	0.00408	0.00136	0.00648	0.00324	0.00209	0.00689
20	0.01610	0.01977	0.02950	0.07219	0.15142	0.55455	0.04232	0.01798	0.01290	0.01297	0.00806	0.00997	0.00664	0.00495	0.00481	0.00136	0.02235	0.00359	0.00247	0.00610
21	0.01430	0.00661	0.00880	0.00734	0.00976	0.00588	0.00582	0.01642	0.01382	0.39415	0.38606	0.02626	0.02838	0.00794	0.00528	0.00151	0.00321	0.00679	0.04525	0.00642
22	0.01089	0.01430	0.30169	0.00998	0.01422	0.00906	0.01056	0.10655	0.06314	0.08929	0.02400	0.02512	0.24279	0.00788	0.00520	0.00162	0.00497	0.04843	0.00385	0.00645
23	0.01296	0.07453	0.01245	0.04384	0.01248	0.20993	0.00773	0.12864	0.05339	0.01478	0.02981	0.01723	0.01125	0.23154	0.01167	0.00240	0.11197	0.00487	0.00312	0.00543
24	0.01137	0.01035	0.01658	0.21112	0.38342	0.01109	0.04287	0.07976	0.02991	0.01616	0.04540	0.01513	0.01017	0.06734	0.00677	0.00179	0.02643	0.00487	0.00282	0.00667
25	0.01334	0.01041	0.01122	0.00990	0.01281	0.01179	0.00776	0.04243	0.69441	0.09795	0.01976	0.01803	0.01457	0.00659	0.00499	0.00165	0.00395	0.00547	0.00511	0.00785
26	0.01179	0.31269	0.20305	0.01429	0.01942	0.01474	0.29520	0.01574	0.04152	0.01437	0.00896	0.01085	0.00706	0.00438	0.00455	0.00141	0.00678	0.00414	0.00235	0.00670
27	0.01165	0.29752	0.39243	0.01217	0.01769	0.05016	0.06260	0.01627	0.06933	0.01443	0.00901	0.01025	0.00700	0.00465	0.00424	0.00139	0.00646	0.00355	0.00235	0.00686
28	0.00599	0.00428	0.00570	0.00684	0.00713	0.00399	0.00456	0.00684	0.00941	0.01254	0.02709	0.82409	0.03250	0.01540	0.00627	0.00200	0.00285	0.01397	0.00456	0.00399
29	0.00584	0.00498	0.00502	0.00501	0.00666	0.00416	0.00376	0.00711	0.01128	0.01345	0.07030	0.04700	0.77402	0.01238	0.00581	0.00166	0.00248	0.01033	0.00459	0.00416
30	0.02925	0.11094	0.17137	0.02997	0.11030	0.01201	0.04529	0.15542	0.04967	0.19747	0.01259	0.03347	0.00930	0.00547	0.00470	0.00148	0.00552	0.00450	0.00379	0.00750
31	0.00986	0.02542	0.80183	0.01401	0.02127	0.01141	0.01816	0.01556	0.01038	0.01556	0.00882	0.01038	0.00623	0.00467	0.00467	0.00156	0.00726	0.00363	0.00208	0.00726
32	0.02205	0.00836	0.01140	0.00874	0.01254	0.00722	0.00722	0.02395	0.01407	0.80004	0.01939	0.01673	0.01216	0.00608	0.00494	0.00152	0.00418	0.00494	0.00608	0.00836
33	0.00877	0.00749	0.00785	0.00735	0.00946	0.00783	0.00563	0.01579	0.36325	0.01685	0.06915	0.05286	0.38886	0.00979	0.00545	0.00167	0.00312	0.00821	0.00480	0.00581

[dist]
# distance from previous block
# <min> <max>
0	1

[block]
# block no. 2 follows, 51 sequences, length 73
# corresponding to MSA columns:
# 236-308
name=unknown_C
#
# <colnr> <probs for GDERKNQSTAVLIFYWHMCP>
#	G	D	E	R	K	N	Q	S	T	A	V	L	I	F	Y	W	H	M	C	P
0	0.03743	0.01350	0.01458	0.03849	0.01574	0.01500	0.00940	0.73688	0.02232	0.03014	0.01158	0.01176	0.00823	0.00584	0.00487	0.00148	0.00541	0.00438	0.00478	0.00819
1	0.02834	0.09533	0.08318	0.01011	0.02898	0.02472	0.03930	0.15494	0.07066	0.09109	0.01093	0.01157	0.00827	0.00472	0.00425	0.00119	0.00483	0.00375	0.00354	0.32030
2	0.03541	0.06307	0.15979	0.01550	0.05900	0.23272	0.24196	0.01777	0.08313	0.03038	0.00991	0.01157	0.00761	0.00479	0.00486	0.00148	0.00737	0.00431	0.00272	0.00663
3	0.00928	0.00873	0.01474	0.81548	0.03385	0.01092	0.01365	0.01256	0.00983	0.01256	0.00873	0.01310	0.00655	0.00491	0.00491	0.00164	0.00655	0.00437	0.00218	0.00546
4	0.01299	0.02878	0.07038	0.13040	0.13979	0.07705	0.10683	0.11682	0.19754	0.03460	0.01294	0.01416	0.02451	0.00543	0.00497	0.00155	0.00596	0.00478	0.00343	0.00709
5	0.00928	0.00873	0.01474	0.81548	0.03385	0.01092	0.01365	0.01256	0.00983	0.01256	0.00873	0.01310	0.00655	0.00491	0.00491	0.00164	0.00655	0.00437	0.00218	0.00546
6	0.01244	0.01221	0.01968	0.02937	0.76142	0.04754	0.01483	0.01529	0.01131	0.01587	0.00917	0.01201	0.00772	0.00441	0.00485	0.00145	0.00597	0.00432	0.00244	0.00769
7	0.00761	0.00556	0.00748	0.00845	0.00966	0.00543	0.00730	0.00972	0.01130	0.01449	0.02955	0.05423	0.14202	0.01341	0.00664	0.00217	0.00422	0.65178	0.00453	0.00447
8	0.00696	0.00502	0.00657	0.00618	0.00734	0.00464	0.00464	0.00927	0.01391	0.01971	0.79405	0.03671	0.04637	0.01005	0.00580	0.00155	0.00232	0.00889	0.00541	0.00464
9	0.01116	0.30951	0.11852	0.01162	0.01558	0.01340	0.16280	0.01531	0.10400	0.01466	0.04125	0.04782	0.02603	0.00626	0.00472	0.00150	0.00563	0.08090	0.00302	0.00630
10	0.00584	0.00498	0.00502	0.00501	0.00666	0.00416	0.00376	0.00711	0.01128	0.01345	0.07019	0.04700	0.77412	0.01238	0.00581	0.00166	0.00248	0.01033	0.00459	0.00416
11	0.00715	0.00476	0.00536	0.00536	0.00536	0.00476	0.00298	0.00715	0.00715	0.00953	0.01548	0.03216	0.01787	0.82729	0.02501	0.00476	0.00476	0.00715	0.00298	0.00298
12	0.01314	0.83025	0.02575	0.00841	0.01261	0.01945	0.00841	0.01472	0.00999	0.01156	0.00683	0.00788	0.00631	0.00420	0.00315	0.00105	0.00526	0.00263	0.00210	0.00631
13	0.00994	0.04548	0.78249	0.01387	0.02105	0.01161	0.01791	0.01554	0.01037	0.01546	0.00877	0.01031	0.00623	0.00466	0.00463	0.00154	0.00721	0.00361	0.00208	0.00724
14	0.00599	0.00428	0.00570	0.00684	0.00713	0.00399	0.00456	0.00684	0.00941	0.01254	0.02709	0.82409	0.03250	0.01540	0.00627	0.00200	0.00285	0.01397	0.00456	0.00399
15	0.01868	0.01376	0.01475	0.01131	0.01524	0.01524	0.00934	0.78025	0.02311	0.03097	0.01180	0.01180	0.00836	0.00590	0.00492	0.00147	0.00541	0.00442	0.00492	0.00836
16	0.01333	0.80059	0.02532	0.00856	0.01271	0.04842	0.00845	0.01490	0.01013	0.01158	0.00686	0.00792	0.00631	0.00424	0.00320	0.00106	0.00539	0.00265	0.00212	0.00628
17	0.01581	0.01234	0.01313	0.01073	0.01415	0.01390	0.00865	0.44527	0.36275	0.02635	0.01544	0.01470	0.01131	0.00624	0.00495	0.00156	0.00473	0.00493	0.00495	0.00810
18	0.00599	0.00428	0.00570	0.00684	0.00713	0.00399	0.00456	0.00684	0.00941	0.01254	0.02709	0.82409	0.03250	0.01540	0.00627	0.00200	0.00285	0.01397	0.00456	0.00399
19	0.00916	0.00458	0.00458	0.00458	0.00573	0.00458	0.00344	0.01145	0.01031	0.01832	0.01603	0.01832	0.01260	0.00573	0.00344	0.00115	0.00229	0.00458	0.85457	0.00458
20	0.01216	0.01168	0.01995	0.03016	0.79664	0.01168	0.01508	0.01508	0.01119	0.01605	0.00924	0.01216	0.00778	0.00438	0.00487	0.00146	0.00584	0.00438	0.00243	0.00778
21	0.00696	0.00502	0.00657	0.00618	0.00734	0.00464	0.00464	0.00927	0.01391	0.01971	0.79405	0.03671	0.04637	0.01005	0.00580	0.00155	0.00232	0.00889	0.00541	0.00464
22	0.02205	0.00836	0.01140	0.00874	0.01254	0.00722	0.00722	0.02395	0.01407	0.80004	0.01939	0.01673	0.01216	0.00608	0.00494	0.00152	0.00418	0.00494	0.00608	0.00836
23	0.01314	0.83025	0.02575	0.00841	0.01261	0.01945	0.00841	0.01472	0.00999	0.01156	0.00683	0.00788	0.00631	0.00420	0.00315	0.00105	0.00526	0.00263	0.00210	0.00631
24	0.00604	0.00431	0.00576	0.00690	0.00721	0.00403	0.00465	0.00693	0.00946	0.01260	0.02706	0.80431	0.03239	0.01535	0.00629	0.00200	0.00289	0.03325	0.00456	0.00401
25	0.02058	0.01071	0.01286	0.00986	0.01372	0.01071	0.00814	0.35281	0.01800	0.46563	0.01609	0.01458	0.01051	0.00600	0.00493	0.00150	0.00471	0.00472	0.00558	0.00836
26	0.00986	0.02542	0.80183	0.01401	0.02127	0.01141	0.01816	0.01556	0.01038	0.01556	0.00882	0.01038	0.00623	0.00467	0.00467	0.00156	0.00726	0.00363	0.00208	0.00726
27	0.00715	0.00476	0.00536	0.00536	0.00536	0.00476	0.00298	0.00715	0.00715	0.00953	0.01548	0.03216	0.01787	0.82729	0.02501	0.00476	0.00476	0.00715	0.00298	0.00298
28	0.00624	0.00500	0.00558	0.00543	0.00690	0.00433	0.00407	0.00789	0.01222	0.01569	0.32918	0.04332	0.51374	0.01155	0.00580	0.00162	0.00243	0.00981	0.00488	0.00433
29	0.00928	0.00873	0.01474	0.81548	0.03385	0.01092	0.01365	0.01256	0.00983	0.01256	0.00873	0.01310	0.00655	0.00491	0.00491	0.00164	0.00655	0.00437	0.00218	0.00546
30	0.00594	0.00470	0.00535	0.00578	0.00687	0.00411	0.00411	0.00708	0.01063	0.01332	0.07881	0.35318	0.45581	0.01349	0.00599	0.00179	0.00262	0.01172	0.00461	0.00411
31	0.09408	0.00873	0.01114	0.00868	0.01238	0.00803	0.00715	0.04888	0.04535	0.67503	0.01807	0.01587	0.01156	0.00597	0.00478	0.00152	0.00418	0.00475	0.00574	0.00808
32	0.01075	0.01075	0.01505	0.01290	0.01290	0.01505	0.01075	0.01183	0.00753	0.01183	0.00645	0.01075	0.00645	0.00860	0.01613	0.00215	0.81830	0.00430	0.00215	0.00538
33	0.01019	0.00873	0.01019	0.00728	0.01165	0.00655	0.00582	0.01237	0.01019	0.01601	0.00873	0.01019	0.00728	0.00364	0.00364	0.00073	0.00364	0.00291	0.00291	0.85734
34	0.03177	0.01280	0.02056	0.01852	0.17752	0.08461	0.31820	0.06472	0.02970	0.10573	0.03704	0.01359	0.00939	0.00510	0.00578	0.00157	0.04821	0.00504	0.00319	0.00695
35	0.05714	0.01234	0.01172	0.04177	0.01351	0.16777	0.00777	0.21490	0.01526	0.16223	0.08692	0.01507	0.02699	0.00590	0.00463	0.00136	0.00516	0.00454	0.03549	0.10953
36	0.01363	0.01454	0.01725	0.06284	0.47642	0.22820	0.01282	0.03093	0.02850	0.01501	0.01010	0.01237	0.02904	0.00498	0.00501	0.00144	0.02312	0.00424	0.00260	0.00696
37	0.00705	0.00516	0.00738	0.00738	0.00808	0.00586	0.00550	0.00845	0.00775	0.01103	0.01363	0.02191	0.01342	0.19687	0.64935	0.00726	0.01146	0.00565	0.00270	0.00410
38	0.01197	0.00795	0.00925	0.00893	0.03913	0.00841	0.00688	0.14659	0.15096	0.07338	0.01844	0.05193	0.01602	0.00786	0.00492	0.00159	0.00385	0.16280	0.26302	0.00614
39	0.01217	0.01319	0.05975	0.01702	0.02070	0.01333	0.43968	0.10483	0.04051	0.01676	0.00964	0.01253	0.00754	0.00554	0.00810	0.00175	0.20243	0.00517	0.00276	0.00660
40	0.02160	0.00857	0.01144	0.00879	0.01255	0.00759	0.00726	0.06370	0.01447	0.74323	0.01892	0.01650	0.01197	0.00607	0.00491	0.00151	0.00421	0.00491	0.02352	0.00828
41	0.02205	0.00836	0.01140	0.00874	0.01254	0.00722	0.00722	0.02395	0.01407	0.80004	0.01939	0.01673	0.01216	0.00608	0.00494	0.00152	0.00418	0.00494	0.00608	0.00836
42	0.03241	0.02500	0.78080	0.01381	0.02096	0.01140	0.01782	0.01553	0.01032	0.01573	0.00877	0.01031	0.00620	0.00467	0.00463	0.00156	0.00717	0.00361	0.00210	0.00721
43	0.01254	0.50084	0.08583	0.01269	0.01733	0.03451	0.24455	0.01520	0.01060	0.01316	0.00795	0.00974	0.00665	0.00424	0.00411	0.00128	0.00642	0.00369	0.00223	0.00646
44	0.02128	0.00829	0.01122	0.00868	0.01236	0.00724	0.00714	0.02346	0.03117	0.75411	0.04788	0.01750	0.01348	0.00624	0.00497	0.00152	0.00411	0.00510	0.00603	0.00821
45	0.00916	0.00458	0.00458	0.00458	0.00573	0.00458	0.00344	0.01145	0.01031	0.01832	0.01603	0.01832	0.01260	0.00573	0.00344	0.00115	0.00229	0.00458	0.85457	0.00458
46	0.00581	0.00498	0.00498	0.00498	0.00664	0.00415	0.00373	0.00705	0.01120	0.01328	0.04978	0.04729	0.79464	0.01245	0.00581	0.00166	0.00249	0.01037	0.00456	0.00415
47	0.01661	0.01337	0.01354	0.01098	0.01446	0.06521	0.00886	0.49237	0.26484	0.02645	0.01413	0.01368	0.01033	0.00609	0.00491	0.00152	0.00515	0.00470	0.00479	0.00800
48	0.00581	0.00498	0.00498	0.00498	0.00664	0.00415	0.00373	0.00705	0.01120	0.01328	0.04978	0.04729	0.79464	0.01245	0.00581	0.00166	0.00249	0.01037	0.00456	0.00415
49	0.01522	0.01043	0.01106	0.00886	0.01179	0.01137	0.00720	0.50115	0.01846	0.02638	0.01334	0.01417	0.00990	0.00584	0.00438	0.00136	0.00428	0.00448	0.31337	0.00699
50	0.72729	0.00989	0.00842	0.05331	0.01148	0.01145	0.00621	0.09230	0.00995	0.02241	0.00746	0.00866	0.00570	0.00472	0.00334	0.00152	0.00412	0.00294	0.00318	0.00564
51	0.00686	0.00549	0.00621	0.00603	0.00758	0.00507	0.00460	0.00958	0.07613	0.01627	0.31554	0.04148	0.42127	0.01116	0.00579	0.00165	0.00264	0.04710	0.00490	0.00464
52	0.00696	0.00502	0.00657	0.00618	0.00734	0.00464	0.00464	0.00927	0.01391	0.01971	0.79405	0.03671	0.04637	0.01005	0.00580	0.00155	0.00232	0.00889	0.00541	0.00464
53	0.00986	0.02542	0.80183	0.01401	0.02127	0.01141	0.01816	0.01556	0.01038	0.01556	0.00882	0.01038	0.00623	0.00467	0.00467	0.00156	0.00726	0.00363	0.00208	0.00726
54	0.01466	0.01288	0.01680	0.03910	0.32359	0.05606	0.01193	0.30272	0.01523	0.02073	0.00968	0.01166	0.00769	0.00564	0.00656	0.00156	0.12838	0.00432	0.00332	0.00747
55	0.00599	0.00428	0.00570	0.00684	0.00713	0.00399	0.00456	0.00684	0.00941	0.01254	0.02709	0.82409	0.03250	0.01540	0.00627	0.00200	0.00285	0.01397	0.00456	0.00399
56	0.01836	0.02342	0.01393	0.01266	0.01519	0.80756	0.00950	0.01962	0.01393	0.01203	0.00760	0.00886	0.00633	0.00506	0.00443	0.00127	0.00886	0.00317	0.00253	0.00570
57	0.01222	0.01056	0.01111	0.01000	0.01278	0.01222	0.00778	0.02611	0.78776	0.02056	0.02000	0.01833	0.01500	0.00667	0.00500	0.00167	0.00389	0.00556	0.00500	0.00778
58	0.01124	0.03924	0.01535	0.01274	0.01302	0.05779	0.01060	0.01234	0.00795	0.01183	0.00653	0.01055	0.00644	0.00826	0.01506	0.00207	0.74721	0.00418	0.00217	0.00542
59	0.01178	0.01130	0.01921	0.12424	0.68660	0.01166	0.01481	0.01470	0.01094	0.01554	0.00912	0.01224	0.00760	0.00454	0.00513	0.00150	0.02486	0.00438	0.00240	0.00745
60	0.01120	0.01330	0.18631	0.04376	0.08916	0.02586	0.03135	0.03249	0.04427	0.04505	0.00976	0.01122	0.00759	0.00430	0.00424	0.00114	0.00507	0.00357	0.00289	0.42747
61	0.00705	0.00519	0.00636	0.00724	0.00786	0.00467	0.00489	0.00769	0.01039	0.01366	0.03178	0.67714	0.16581	0.01540	0.00661	0.00212	0.00316	0.01352	0.00488	0.00458
62	0.00704	0.00518	0.00747	0.00747	0.00819	0.00591	0.00560	0.00850	0.00777	0.01109	0.01356	0.02150	0.01324	0.17163	0.67434	0.00736	0.01173	0.00559	0.00269	0.00415
63	0.04423	0.01295	0.01887	0.10998	0.13645	0.11896	0.25707	0.07911	0.07549	0.01672	0.01151	0.01591	0.00950	0.00550	0.00521	0.00160	0.00674	0.06462	0.00303	0.00656
64	0.01962	0.00907	0.01151	0.00898	0.01251	0.00856	0.00736	0.16077	0.03706	0.55804	0.09732	0.01792	0.01505	0.00647	0.00503	0.00152	0.00421	0.00527	0.00577	0.00796
65	0.00599	0.00428	0.00570	0.00684	0.00713	0.00399	0.00456	0.00684	0.00941	0.01254	0.02709	0.82409	0.03250	0.01540	0.00627	0.00200	0.00285	0.01397	0.00456	0.00399
66	0.01473	0.01277	0.01666	0.14410	0.31314	0.06081	0.01219	0.32580	0.01598	0.02133	0.01010	0.01196	0.00774	0.00512	0.00487	0.00148	0.00596	0.00432	0.00341	0.00753
67	0.01371	0.02869	0.04567	0.09461	0.16398	0.12037	0.10026	0.04993	0.10327	0.09758	0.01103	0.01277	0.00849	0.00562	0.00650	0.00160	0.12143	0.00451	0.00316	0.00683
68	0.00696	0.00502	0.00657	0.00618	0.00734	0.00464	0.00464	0.00927	0.01391	0.01971	0.79405	0.03671	0.04637	0.01005	0.00580	0.00155	0.00232	0.00889	0.00541	0.00464
69	0.00745	0.00525	0.00681	0.00635	0.00761	0.00491	0.00478	0.01008	0.03528	0.03801	0.75453	0.03573	0.04470	0.00986	0.00575	0.00155	0.00241	0.00870	0.00541	0.00481
70	0.01189	0.41037	0.18573	0.01307	0.07641	0.01548	0.11408	0.01476	0.01022	0.01353	0.00811	0.00997	0.00677	0.00464	0.00482	0.00134	0.05948	0.00357	0.02919	0.00655
71	0.06654	0.06613	0.09066	0.03897	0.02992	0.24884	0.09987	0.04240	0.02563	0.06490	0.00960	0.01139	0.02071	0.00572	0.00672	0.00156	0.15738	0.00405	0.00279	0.00621
72	0.82248	0.01016	0.00754	0.00675	0.00977	0.04835	0.00552	0.01469	0.00862	0.02158	0.00688	0.00802	0.00537	0.00459	0.00311	0.00151	0.00404	0.00268	0.00302	0.00534

[dist]
# distance from previous block
# <min> <max>
1	2

[block]
# block no. 3 follows, 51 sequences, length 180
# corresponding to MSA columns:
# 311-490
name=unknown_D
#
# <colnr> <probs for GDERKNQSTAVLIFYWHMCP>
#	G	D	E	R	K	N	Q	S	T	A	V	L	I	F	Y	W	H	M	C	P
0	0.00993	0.00841	0.01287	0.10020	0.23375	0.00860	0.05108	0.02934	0.05515	0.04992	0.04789	0.12070	0.14335	0.05267	0.03586	0.00203	0.02177	0.00706	0.00352	0.00590
1	0.00715	0.00537	0.00758	0.00810	0.03577	0.00514	0.03540	0.00861	0.01050	0.01422	0.19702	0.31102	0.04518	0.15701	0.00949	0.00239	0.00364	0.12783	0.00431	0.00428
2	0.01056	0.03373	0.27058	0.00980	0.01501	0.02659	0.01014	0.02936	0.03503	0.01611	0.00911	0.01046	0.00715	0.00416	0.00405	0.00106	0.00503	0.00326	0.00272	0.49608
3	0.01204	0.01033	0.01086	0.00980	0.01252	0.01191	0.00761	0.02545	0.75725	0.02037	0.02052	0.01892	0.03062	0.00677	0.00499	0.00166	0.00383	0.00563	0.02129	0.00764
4	0.01473	0.01224	0.01250	0.01057	0.01374	0.04881	0.00840	0.28713	0.48823	0.02378	0.01660	0.01565	0.01231	0.00633	0.00495	0.00158	0.00464	0.00506	0.00486	0.00789
5	0.01197	0.39396	0.33736	0.01059	0.01602	0.01449	0.01206	0.01528	0.01035	0.05036	0.00839	0.00951	0.00663	0.00443	0.00389	0.00125	0.00587	0.00317	0.00235	0.08207
6	0.00670	0.00501	0.00622	0.00592	0.00719	0.00453	0.00444	0.00879	0.01332	0.01830	0.63129	0.03902	0.21000	0.01057	0.00580	0.00157	0.00236	0.00921	0.00522	0.00453
7	0.01314	0.83025	0.02575	0.00841	0.01261	0.01945	0.00841	0.01472	0.00999	0.01156	0.00683	0.00788	0.00631	0.00420	0.00315	0.00105	0.00526	0.00263	0.00210	0.00631
8	0.01124	0.10253	0.05409	0.23938	0.33797	0.01263	0.06726	0.01442	0.02749	0.01435	0.00890	0.01197	0.00725	0.00486	0.00557	0.00154	0.06523	0.00427	0.00235	0.00670
9	0.01075	0.01075	0.01505	0.01290	0.01290	0.01505	0.01075	0.01183	0.00753	0.01183	0.00645	0.01075	0.00645	0.00860	0.01613	0.00215	0.81830	0.00430	0.00215	0.00538
10	0.00696	0.00502	0.00657	0.00618	0.00734	0.00464	0.00464	0.00927	0.01391	0.01971	0.79405	0.03671	0.04637	0.01005	0.00580	0.00155	0.00232	0.00889	0.00541	0.00464
11	0.02158	0.00912	0.01187	0.00910	0.01292	0.00834	0.00752	0.12940	0.01533	0.69281	0.01833	0.01604	0.01163	0.00606	0.00494	0.00151	0.00435	0.00487	0.00592	0.00836
12	0.02594	0.01267	0.11110	0.25766	0.38486	0.02909	0.01416	0.06131	0.01142	0.01593	0.00925	0.01218	0.00729	0.00471	0.00479	0.00152	0.00616	0.00424	0.01882	0.00692
13	0.00599	0.00428	0.00570	0.00684	0.00713	0.00399	0.00456	0.00684	0.00941	0.01254	0.02709	0.82409	0.03250	0.01540	0.00627	0.00200	0.00285	0.01397	0.00456	0.00399
14	0.00715	0.00476	0.00536	0.00536	0.00536	0.00476	0.00298	0.00715	0.00715	0.00953	0.01548	0.03216	0.01787	0.82729	0.02501	0.00476	0.00476	0.00715	0.00298	0.00298
15	0.00599	0.00428	0.00570	0.00684	0.00713	0.00399	0.00456	0.00684	0.00941	0.01254	0.02709	0.82409	0.03250	0.01540	0.00627	0.00200	0.00285	0.01397	0.00456	0.00399
16	0.00715	0.00476	0.00536	0.00536	0.00536	0.00476	0.00298	0.00715	0.00715	0.00953	0.01548	0.03216	0.01787	0.82729	0.02501	0.00476	0.00476	0.00715	0.00298	0.00298
17	0.01307	0.81388	0.04154	0.00852	0.01279	0.01928	0.00861	0.01473	0.00999	0.01164	0.00687	0.00793	0.00630	0.00421	0.00318	0.00106	0.00530	0.00265	0.00210	0.00633
18	0.00715	0.00476	0.00536	0.00536	0.00536	0.00476	0.00298	0.00715	0.00715	0.00953	0.01548	0.03216	0.01787	0.82729	0.02501	0.00476	0.00476	0.00715	0.00298	0.00298
19	0.00986	0.02542	0.80183	0.01401	0.02127	0.01141	0.01816	0.01556	0.01038	0.01556	0.00882	0.01038	0.00623	0.00467	0.00467	0.00156	0.00726	0.00363	0.00208	0.00726
20	0.01160	0.01326	0.02900	0.02071	0.02568	0.01243	0.77879	0.01574	0.01160	0.01574	0.00994	0.01326	0.00746	0.00414	0.00580	0.00166	0.00829	0.00580	0.00249	0.00663
21	0.01391	0.00916	0.00965	0.00793	0.01047	0.00989	0.00638	0.39462	0.01669	0.02463	0.01392	0.01507	0.01048	0.00581	0.00417	0.00131	0.00384	0.00450	0.43111	0.00646
22	0.86201	0.00950	0.00722	0.00646	0.00950	0.01102	0.00532	0.01445	0.00836	0.02205	0.00684	0.00798	0.00532	0.00456	0.00304	0.00152	0.00380	0.00266	0.00304	0.00532
23	0.00581	0.00498	0.00498	0.00498	0.00664	0.00415	0.00373	0.00705	0.01120	0.01328	0.04978	0.04729	0.79464	0.01245	0.00581	0.00166	0.00249	0.01037	0.00456	0.00415
24	0.01075	0.01075	0.01505	0.01290	0.01290	0.01505	0.01075	0.01183	0.00753	0.01183	0.00645	0.01075	0.00645	0.00860	0.01613	0.00215	0.81830	0.00430	0.00215	0.00538
25	0.00599	0.00428	0.00570	0.00684	0.00713	0.00399	0.00456	0.00684	0.00941	0.01254	0.02709	0.82409	0.03250	0.01540	0.00627	0.00200	0.00285	0.01397	0.00456	0.00399
26	0.01124	0.03108	0.25070	0.01440	0.15134	0.00984	0.06136	0.01467	0.01063	0.05811	0.00939	0.01111	0.00728	0.00441	0.00475	0.00126	0.03108	0.00372	0.00268	0.31095
27	0.00993	0.04407	0.78385	0.01388	0.02107	0.01160	0.01793	0.01554	0.01037	0.01547	0.00877	0.01032	0.00623	0.00466	0.00463	0.00154	0.00722	0.00361	0.00208	0.00724
28	0.03063	0.08901	0.34154	0.01592	0.15909	0.06300	0.06899	0.04526	0.01170	0.11446	0.01013	0.01139	0.00742	0.00478	0.00465	0.00148	0.00648	0.00398	0.00283	0.00727
29	0.01186	0.08160	0.48967	0.01251	0.01818	0.01073	0.06450	0.01608	0.01094	0.14306	0.01213	0.08574	0.00968	0.00581	0.00482	0.00156	0.00627	0.00486	0.00299	0.00703
30	0.00928	0.00873	0.01474	0.81548	0.03385	0.01092	0.01365	0.01256	0.00983	0.01256	0.00873	0.01310	0.00655	0.00491	0.00491	0.00164	0.00655	0.00437	0.00218	0.00546
31	0.00932	0.02881	0.05330	0.10082	0.06480	0.00921	0.30096	0.01214	0.01059	0.01424	0.01617	0.26924	0.01663	0.00847	0.00576	0.00177	0.00587	0.06308	0.00322	0.00562
32	0.01028	0.00985	0.01701	0.53679	0.26814	0.01122	0.04979	0.01348	0.01033	0.01378	0.00895	0.01282	0.00697	0.00471	0.00494	0.00158	0.00641	0.00444	0.00227	0.00623
33	0.00696	0.00502	0.00657	0.00618	0.00734	0.00464	0.00464	0.00927	0.01391	0.01971	0.79405	0.03671	0.04637	0.01005	0.00580	0.00155	0.00232	0.00889	0.00541	0.00464
34	0.00696	0.00502	0.00657	0.00618	0.00734	0.00464	0.00464	0.00927	0.01391	0.01971	0.79405	0.03671	0.04637	0.01005	0.00580	0.00155	0.00232	0.00889	0.00541	0.00464
35	0.00933	0.00864	0.01302	0.49602	0.02430	0.02950	0.01111	0.01169	0.00910	0.01209	0.00955	0.01535	0.00836	0.10332	0.06631	0.00252	0.14275	0.00472	0.01725	0.00507
36	0.00599	0.00428	0.00570	0.00684	0.00713	0.00399	0.00456	0.00684	0.00941	0.01254	0.02709	0.82409	0.03250	0.01540	0.00627	0.00200	0.00285	0.01397	0.00456	0.00399
37	0.01836	0.02342	0.01393	0.01266	0.01519	0.80756	0.00950	0.01962	0.01393	0.01203	0.00760	0.00886	0.00633	0.00506	0.00443	0.00127	0.00886	0.00317	0.00253	0.00570
38	0.01243	0.65607	0.19371	0.00962	0.01449	0.01771	0.01052	0.01490	0.01007	0.01243	0.00726	0.00842	0.00629	0.00430	0.00348	0.00116	0.00569	0.00284	0.00210	0.00651
39	0.00933	0.00591	0.00755	0.00714	0.00843	0.00653	0.00558	0.06841	0.01012	0.04612	0.01416	0.01809	0.01196	0.02168	0.41380	0.00465	0.02742	0.00493	0.30328	0.00493
40	0.00581	0.00498	0.00498	0.00498	0.00664	0.00415	0.00373	0.00705	0.01120	0.01328	0.04978	0.04729	0.79464	0.01245	0.00581	0.00166	0.00249	0.01037	0.00456	0.00415
41	0.00599	0.00428	0.00570	0.00684	0.00713	0.00399	0.00456	0.00684	0.00941	0.01254	0.02709	0.82409	0.03250	0.01540	0.00627	0.00200	0.00285	0.01397	0.00456	0.00399
42	0.01156	0.01315	0.02839	0.02037	0.02512	0.01254	0.74517	0.01557	0.01142	0.01557	0.00979	0.01315	0.00741	0.00434	0.00625	0.00168	0.04374	0.00573	0.00247	0.00657
43	0.00617	0.00449	0.00616	0.00709	0.00747	0.00421	0.01845	0.00709	0.00941	0.01255	0.02635	0.76350	0.03144	0.04351	0.00693	0.00209	0.00306	0.03154	0.00447	0.00402
44	0.86201	0.00950	0.00722	0.00646	0.00950	0.01102	0.00532	0.01445	0.00836	0.02205	0.00684	0.00798	0.00532	0.00456	0.00304	0.00152	0.00380	0.00266	0.00304	0.00532
45	0.01160	0.01326	0.02900	0.02071	0.02568	0.01243	0.77879	0.01574	0.01160	0.01574	0.00994	0.01326	0.00746	0.00414	0.00580	0.00166	0.00829	0.00580	0.00249	0.00663
46	0.01103	0.01052	0.01790	0.33920	0.49646	0.01138	0.01452	0.01409	0.01065	0.01468	0.00904	0.01253	0.00730	0.00459	0.00488	0.00153	0.00612	0.00437	0.00233	0.00687
47	0.00715	0.00476	0.00536	0.00536	0.00536	0.00476	0.00298	0.00715	0.00715	0.00953	0.01548	0.03216	0.01787	0.82729	0.02501	0.00476	0.00476	0.00715	0.00298	0.00298
48	0.00789	0.00564	0.00788	0.00896	0.01009	0.00562	0.00782	0.01015	0.01139	0.01486	0.05016	0.05484	0.02885	0.01346	0.00676	0.00224	0.00446	0.73984	0.00455	0.00453
49	0.01845	0.01381	0.01321	0.01090	0.01381	0.22288	0.00875	0.16287	0.04559	0.30382	0.01302	0.01293	0.00920	0.00616	0.00639	0.00154	0.12084	0.00431	0.00432	0.00721
50	0.86201	0.00950	0.00722	0.00646	0.00950	0.01102	0.00532	0.01445	0.00836	0.02205	0.00684	0.00798	0.00532	0.00456	0.00304	0.00152	0.00380	0.00266	0.00304	0.00532
51	0.02187	0.00864	0.01158	0.00888	0.01269	0.00764	0.00733	0.06332	0.01454	0.76000	0.01899	0.01647	0.01197	0.00607	0.00494	0.00152	0.00425	0.00491	0.00602	0.00836
52	0.00913	0.00606	0.00753	0.00678	0.00842	0.00574	0.00519	0.08009	0.01430	0.08482	0.55510	0.07075	0.10721	0.00981	0.00567	0.00157	0.00279	0.00853	0.00530	0.00521
53	0.01191	0.01323	0.02192	0.01669	0.01987	0.10351	0.43243	0.01529	0.04557	0.01460	0.02836	0.03843	0.00913	0.00591	0.00806	0.00174	0.19907	0.00546	0.00266	0.00615
54	0.01019	0.00873	0.01019	0.00728	0.01165	0.00655	0.00582	0.01237	0.01019	0.01601	0.00873	0.01019	0.00728	0.00364	0.00364	0.00073	0.00364	0.00291	0.00291	0.85734
55	0.01327	0.01094	0.01379	0.32870	0.02195	0.01274	0.01063	0.27904	0.21850	0.02096	0.01274	0.01403	0.00939	0.00571	0.00494	0.00159	0.00546	0.00470	0.00386	0.00706
56	0.01221	0.00864	0.02655	0.08218	0.02848	0.00859	0.00742	0.18402	0.05949	0.12966	0.27554	0.02540	0.11518	0.00797	0.00531	0.00155	0.00393	0.00672	0.00485	0.00630
57	0.00619	0.00470	0.00546	0.00589	0.00673	0.00424	0.00406	0.00719	0.01007	0.01285	0.08308	0.33549	0.32670	0.14039	0.00899	0.00227	0.00300	0.02438	0.00437	0.00395
58	0.01252	0.04667	0.01302	0.07417	0.04534	0.00990	0.02374	0.18150	0.02673	0.04407	0.01044	0.03676	0.00851	0.00489	0.00447	0.00113	0.01915	0.00395	0.00341	0.42963
59	0.01016	0.00951	0.01591	0.57057	0.23654	0.01104	0.01373	0.02820	0.01044	0.01385	0.00937	0.03225	0.00754	0.00504	0.00493	0.00160	0.00625	0.00460	0.00236	0.00610
60	0.09709	0.01386	0.04842	0.06609	0.01558	0.11673	0.00943	0.32194	0.13187	0.05682	0.01163	0.01220	0.00861	0.00585	0.00545	0.00154	0.06147	0.00424	0.00399	0.00718
61	0.00915	0.07300	0.03129	0.01178	0.08447	0.02299	0.13892	0.01139	0.01094	0.01478	0.15895	0.03734	0.16958	0.02738	0.07774	0.00221	0.07614	0.00672	0.02985	0.00537
62	0.00657	0.00474	0.00621	0.00640	0.00725	0.00439	0.00459	0.00832	0.01217	0.01689	0.49153	0.33015	0.05822	0.01209	0.00597	0.00172	0.00252	0.01081	0.00507	0.00439
63	0.01019	0.00873	0.01019	0.00728	0.01165	0.00655	0.00582	0.01237	0.01019	0.01601	0.00873	0.01019	0.00728	0.00364	0.00364	0.00073	0.00364	0.00291	0.00291	0.85734
64	0.01182	0.05348	0.56965	0.01261	0.01879	0.01150	0.01510	0.10757	0.01230	0.07480	0.04273	0.01201	0.00862	0.00511	0.00468	0.00151	0.00646	0.00399	0.00287	0.02440
65	0.01869	0.06511	0.02968	0.01046	0.01407	0.14791	0.00869	0.30012	0.01684	0.27503	0.02750	0.01304	0.00972	0.00578	0.00495	0.00143	0.02231	0.00431	0.00458	0.01978
66	0.00606	0.00497	0.00522	0.00517	0.00664	0.00426	0.00380	0.00736	0.01128	0.01388	0.14924	0.04474	0.63562	0.07140	0.00720	0.00187	0.00263	0.00993	0.00456	0.00413
67	0.03567	0.00817	0.01329	0.65253	0.04681	0.00992	0.01208	0.01183	0.00975	0.01293	0.01139	0.13259	0.01037	0.00644	0.00505	0.00168	0.00590	0.00573	0.00257	0.00529
68	0.01443	0.05422	0.01473	0.01224	0.03883	0.35041	0.03768	0.04772	0.02985	0.01395	0.00813	0.01007	0.00690	0.00551	0.00676	0.00138	0.17589	0.00357	0.00265	0.16507
69	0.00706	0.00509	0.00703	0.00713	0.00773	0.00561	0.00519	0.00826	0.00789	0.01104	0.01508	0.06014	0.01562	0.27566	0.49685	0.00642	0.00975	0.04160	0.00291	0.00395
70	0.00715	0.00476	0.00536	0.00536	0.00536	0.00476	0.00298	0.00715	0.00715	0.00953	0.01548	0.03216	0.01787	0.82729	0.02501	0.00476	0.00476	0.00715	0.00298	0.00298
71	0.01248	0.00964	0.01103	0.00817	0.01229	0.00840	0.00659	0.15457	0.04753	0.06287	0.01054	0.01137	0.00820	0.00437	0.00400	0.00096	0.00398	0.00345	0.01999	0.59957
72	0.01492	0.01127	0.01213	0.04592	0.01404	0.03115	0.00821	0.32506	0.28382	0.08218	0.01848	0.01776	0.08200	0.00670	0.00499	0.00156	0.00460	0.00536	0.02235	0.00751
73	0.01374	0.28350	0.22663	0.01164	0.05044	0.01467	0.01136	0.22795	0.01386	0.04509	0.00986	0.02609	0.00781	0.00611	0.02954	0.00157	0.00602	0.00385	0.00309	0.00716
74	0.86201	0.00950	0.00722	0.00646	0.00950	0.01102	0.00532	0.01445	0.00836	0.02205	0.00684	0.00798	0.00532	0.00456	0.00304	0.00152	0.00380	0.00266	0.00304	0.00532
75	0.03235	0.53545	0.29062	0.01028	0.01550	0.01650	0.01167	0.01500	0.01008	0.01318	0.00751	0.00874	0.00626	0.00437	0.00367	0.00124	0.00591	0.00297	0.00212	0.00661
76	0.01653	0.01930	0.01489	0.03279	0.10341	0.52838	0.02831	0.07583	0.07013	0.01461	0.00903	0.01043	0.00731	0.00530	0.00513	0.00139	0.04439	0.00371	0.00285	0.00628
77	0.00631	0.00500	0.00567	0.00551	0.00695	0.00436	0.00413	0.00802	0.01239	0.01609	0.37556	0.04266	0.46711	0.01140	0.00580	0.00161	0.00241	0.00972	0.00493	0.00436
78	0.00614	0.00548	0.04107	0.00653	0.00761	0.00440	0.00490	0.00739	0.01020	0.01318	0.06140	0.50546	0.28086	0.01376	0.00603	0.00185	0.00291	0.01215	0.00448	0.00421
79	0.00662	0.00501	0.00610	0.00583	0.00714	0.00449	0.00437	0.00863	0.01312	0.01783	0.57677	0.03980	0.26481	0.01075	0.00580	0.00158	0.00237	0.00932	0.00516	0.00449
80	0.01682	0.01253	0.01347	0.01079	0.01435	0.01394	0.00876	0.51206	0.26037	0.06210	0.01469	0.01405	0.01059	0.00615	0.00494	0.00154	0.00488	0.00480	0.00499	0.00818
81	0.82432	0.00969	0.00756	0.00668	0.00976	0.01121	0.00550	0.04867	0.00902	0.02245	0.00706	0.00815	0.00546	0.00462	0.00312	0.00152	0.00387	0.00274	0.00312	0.00546
82	0.00599	0.00428	0.00570	0.00684	0.00713	0.00399	0.00456	0.00684	0.00941	0.01254	0.02709	0.82409	0.03250	0.01540	0.00627	0.00200	0.00285	0.01397	0.00456	0.00399
83	0.00780	0.00499	0.00658	0.00658	0.00752	0.00551	0.00502	0.00967	0.00874	0.01383	0.01431	0.01952	0.01265	0.06088	0.48095	0.00531	0.00884	0.00510	0.31180	0.00439
84	0.01631	0.00979	0.01134	0.00955	0.01276	0.01034	0.00761	0.04897	0.45803	0.32887	0.01950	0.01749	0.01367	0.00641	0.00497	0.00160	0.00405	0.00528	0.00543	0.00803
85	0.01617	0.30554	0.05334	0.01113	0.01456	0.43820	0.00949	0.07303	0.01305	0.01340	0.00769	0.00880	0.00646	0.00481	0.00403	0.00122	0.00728	0.00309	0.00253	0.00617
86	0.01984	0.01191	0.01360	0.01043	0.01431	0.01248	0.00861	0.52031	0.02000	0.29530	0.01441	0.01349	0.00967	0.00596	0.00492	0.00149	0.00499	0.00460	0.00532	0.00836
87	0.01553	0.01475	0.23613	0.01078	0.01546	0.02922	0.01066	0.13962	0.12193	0.25837	0.01404	0.01360	0.00970	0.00549	0.00474	0.00147	0.00527	0.00435	0.00424	0.08468
88	0.01827	0.02202	0.01414	0.01284	0.03058	0.69619	0.00959	0.11142	0.01498	0.01439	0.00814	0.00928	0.00660	0.00515	0.00450	0.00130	0.00839	0.00334	0.00282	0.00606
89	0.05283	0.01006	0.02545	0.00857	0.01145	0.08476	0.00693	0.15541	0.01495	0.18958	0.28132	0.02079	0.02177	0.00698	0.00496	0.00142	0.00420	0.00571	0.00478	0.08806
90	0.00990	0.01161	0.09744	0.04661	0.06596	0.03449	0.32484	0.01313	0.01127	0.01503	0.04717	0.09604	0.07124	0.00759	0.00575	0.00174	0.00625	0.12486	0.00320	0.00586
91	0.01687	0.00736	0.01007	0.00874	0.01158	0.00661	0.00736	0.01889	0.01311	0.51512	0.03449	0.03034	0.03059	0.00873	0.00558	0.00177	0.00424	0.25606	0.00553	0.00697
92	0.00928	0.00873	0.01474	0.81548	0.03385	0.01092	0.01365	0.01256	0.00983	0.01256	0.00873	0.01310	0.00655	0.00491	0.00491	0.00164	0.00655	0.00437	0.00218	0.00546
93	0.00986	0.02542	0.80183	0.01401	0.02127	0.01141	0.01816	0.01556	0.01038	0.01556	0.00882	0.01038	0.00623	0.00467	0.00467	0.00156	0.00726	0.00363	0.00208	0.00726
94	0.02077	0.00936	0.01189	0.00923	0.01297	0.00883	0.00759	0.13908	0.07610	0.62202	0.01828	0.01610	0.01181	0.00610	0.00494	0.00153	0.00435	0.00491	0.00582	0.00832
95	0.02205	0.00836	0.01140	0.00874	0.01254	0.00722	0.00722	0.02395	0.01407	0.80004	0.01939	0.01673	0.01216	0.00608	0.00494	0.00152	0.00418	0.00494	0.00608	0.00836
96	0.00709	0.00534	0.00791	0.00787	0.00870	0.00624	0.00608	0.00876	0.00786	0.01133	0.01315	0.01973	0.01243	0.07167	0.75861	0.00765	0.02725	0.00533	0.00264	0.00434
97	0.00941	0.00887	0.01498	0.77966	0.06864	0.01095	0.01371	0.01267	0.00989	0.01272	0.00876	0.01306	0.00661	0.00489	0.00491	0.00163	0.00652	0.00437	0.00219	0.00557
98	0.00606	0.00433	0.00577	0.00679	0.00714	0.00404	0.00457	0.00702	0.00974	0.01307	0.08285	0.76684	0.03351	0.01501	0.00624	0.00196	0.00281	0.01360	0.00462	0.00404
99	0.00708	0.00501	0.00663	0.00663	0.00706	0.00545	0.00456	0.00796	0.00752	0.01047	0.01433	0.02575	0.01508	0.43292	0.41558	0.00633	0.00895	0.00621	0.00281	0.00368
100	0.00599	0.00428	0.00570	0.00684	0.00713	0.00399	0.00456	0.00684	0.00941	0.01254	0.02709	0.82409	0.03250	0.01540	0.00627	0.00200	0.00285	0.01397	0.00456	0.00399
101	0.00896	0.00849	0.01590	0.02992	0.04874	0.00882	0.27299	0.01151	0.00935	0.01309	0.01201	0.03630	0.01083	0.05321	0.40567	0.00490	0.03577	0.00565	0.00261	0.00529
102	0.01019	0.00873	0.01019	0.00728	0.01165	0.00655	0.00582	0.01237	0.01019	0.01601	0.00873	0.01019	0.00728	0.00364	0.00364	0.00073	0.00364	0.00291	0.00291	0.85734
103	0.01589	0.33595	0.01867	0.00994	0.01381	0.01643	0.00873	0.43104	0.03568	0.02231	0.01038	0.02539	0.00832	0.02113	0.00463	0.00138	0.00525	0.00397	0.00376	0.00735
104	0.02834	0.14534	0.30120	0.01346	0.05722	0.01224	0.12377	0.07722	0.01199	0.10072	0.02500	0.01255	0.00849	0.00497	0.00464	0.00145	0.00618	0.01793	0.00298	0.04433
105	0.01361	0.01339	0.06188	0.10651	0.07659	0.05422	0.20082	0.21268	0.06829	0.03477	0.01055	0.01254	0.00799	0.00549	0.00636	0.00162	0.09772	0.00472	0.00326	0.00699
106	0.01160	0.01326	0.02900	0.02071	0.02568	0.01243	0.77879	0.01574	0.01160	0.01574	0.00994	0.01326	0.00746	0.00414	0.00580	0.00166	0.00829	0.00580	0.00249	0.00663
107	0.01064	0.09453	0.68844	0.01345	0.02017	0.05922	0.01681	0.01573	0.01055	0.01501	0.00858	0.01007	0.00624	0.00465	0.00452	0.00150	0.00718	0.00352	0.00210	0.00709
108	0.01099	0.11565	0.32999	0.11698	0.02146	0.02552	0.17022	0.04455	0.01083	0.01493	0.00916	0.03054	0.00726	0.00514	0.00563	0.00157	0.06628	0.00437	0.00236	0.00659
109	0.00601	0.00429	0.00570	0.00681	0.00709	0.00401	0.00453	0.00685	0.00936	0.01249	0.02686	0.80866	0.03222	0.03121	0.00664	0.00205	0.00289	0.01384	0.00453	0.00397
110	0.00599	0.00428	0.00570	0.00684	0.00713	0.00399	0.00456	0.00684	0.00941	0.01254	0.02709	0.82409	0.03250	0.01540	0.00627	0.00200	0.00285	0.01397	0.00456	0.00399
111	0.01422	0.01150	0.01481	0.22319	0.10040	0.01295	0.02658	0.32453	0.16577	0.03729	0.01243	0.01357	0.00917	0.00560	0.00495	0.00156	0.00549	0.00466	0.00394	0.00739
112	0.01206	0.55769	0.26340	0.01027	0.01528	0.01684	0.01147	0.01488	0.01003	0.01280	0.00743	0.00874	0.00629	0.00449	0.00403	0.00124	0.03143	0.00299	0.00210	0.00657
113	0.00657	0.00473	0.00635	0.00743	0.00804	0.00451	0.00555	0.00787	0.01007	0.01324	0.02777	0.55416	0.06527	0.01471	0.00641	0.00206	0.00335	0.24320	0.00455	0.00416
114	0.00596	0.00438	0.00560	0.00658	0.00706	0.00401	0.00445	0.00687	0.00966	0.01265	0.03028	0.71461	0.13991	0.01498	0.00621	0.00195	0.00280	0.01346	0.00456	0.00401
115	0.01006	0.02678	0.01360	0.03654	0.33208	0.02479	0.03802	0.01213	0.01080	0.04955	0.03340	0.28806	0.04097	0.00905	0.00549	0.00170	0.00468	0.05277	0.00354	0.00601
116	0.01187	0.00563	0.00622	0.00560	0.00734	0.00548	0.00435	0.04391	0.01149	0.16068	0.01647	0.01778	0.01235	0.00580	0.00377	0.00123	0.00276	0.00464	0.66723	0.00542
117	0.00928	0.00873	0.01474	0.81548	0.03385	0.01092	0.01365	0.01256	0.00983	0.01256	0.00873	0.01310	0.00655	0.00491	0.00491	0.00164	0.00655	0.00437	0.00218	0.00546
118	0.01054	0.01052	0.01403	0.01223	0.01241	0.04475	0.01007	0.01168	0.00788	0.01182	0.00785	0.04179	0.00793	0.01119	0.08472	0.00261	0.68571	0.00470	0.00230	0.00525
119	0.01152	0.05934	0.62551	0.01321	0.01971	0.01118	0.04451	0.01644	0.01092	0.11181	0.02473	0.01164	0.00775	0.00490	0.00470	0.00153	0.00674	0.00393	0.00265	0.00728
120	0.00599	0.00428	0.00570	0.00684	0.00713	0.00399	0.00456	0.00684	0.00941	0.01254	0.02709	0.82409	0.03250	0.01540	0.00627	0.00200	0.00285	0.01397	0.00456	0.00399
121	0.06036	0.00842	0.01121	0.00864	0.01241	0.00740	0.00714	0.02352	0.01381	0.76455	0.01882	0.01633	0.01185	0.00601	0.00486	0.00152	0.00416	0.00484	0.00594	0.00822
122	0.01062	0.00956	0.01356	0.42968	0.08774	0.01132	0.01132	0.01782	0.30169	0.01598	0.01318	0.01511	0.00997	0.00555	0.00491	0.00162	0.00539	0.00482	0.02367	0.00650
123	0.01222	0.00949	0.01029	0.00870	0.01135	0.01018	0.00691	0.29257	0.19912	0.02272	0.18026	0.02544	0.17345	0.00822	0.00529	0.00157	0.00384	0.00678	0.00497	0.00663
124	0.00916	0.00458	0.00458	0.00458	0.00573	0.00458	0.00344	0.01145	0.01031	0.01832	0.01603	0.01832	0.01260	0.00573	0.00344	0.00115	0.00229	0.00458	0.85457	0.00458
