[name]
unknown

[dist]
# distance from previous block
# <min> <max>
30	275

[block]
# block no. 0 follows, 50 sequences, length 47
# corresponding to MSA columns:
# 878-924
name=unknown_A
#
# <colnr> <probs for GDERKNQSTAVLIFYWHMCP>
#	G	D	E	R	K	N	Q	S	T	A	V	L	I	F	Y	W	H	M	C	P
0	0.08152	0.03976	0.01265	0.20129	0.03325	0.03871	0.00923	0.07377	0.06784	0.18949	0.05135	0.01815	0.05123	0.00670	0.00584	0.00164	0.06950	0.03763	0.00396	0.00650
1	0.09744	0.01037	0.01268	0.07674	0.07066	0.03357	0.00919	0.11209	0.10356	0.01734	0.02475	0.02928	0.03556	0.00968	0.08170	0.00229	0.21552	0.00482	0.00328	0.04947
2	0.59488	0.06222	0.00981	0.03697	0.01152	0.01162	0.00637	0.06380	0.04866	0.03621	0.00839	0.00940	0.00649	0.00477	0.00347	0.00146	0.00416	0.00309	0.00326	0.07347
3	0.01449	0.03691	0.01693	0.01668	0.21686	0.05753	0.09938	0.28266	0.01579	0.04186	0.03084	0.01644	0.04731	0.02564	0.00558	0.00159	0.00579	0.03259	0.00373	0.03140
4	0.36043	0.00835	0.00837	0.00747	0.00958	0.00921	0.00574	0.13514	0.02811	0.04227	0.01083	0.07667	0.00983	0.03930	0.00882	0.22261	0.00421	0.00463	0.00341	0.00501
5	0.04624	0.01574	0.01233	0.01110	0.01384	0.31982	0.00857	0.06604	0.38585	0.01794	0.01465	0.01544	0.01153	0.00626	0.00483	0.00154	0.00601	0.03136	0.00400	0.00689
6	0.86003	0.00964	0.00733	0.00655	0.00964	0.01118	0.00540	0.01465	0.00848	0.02236	0.00694	0.00810	0.00540	0.00463	0.00308	0.00154	0.00386	0.00270	0.00308	0.00540
7	0.00617	0.00447	0.00604	0.02984	0.00800	0.00425	0.00489	0.00711	0.00956	0.01272	0.02694	0.79861	0.03222	0.01531	0.00632	0.00201	0.00300	0.01389	0.00456	0.00409
8	0.00702	0.00509	0.00662	0.00624	0.00743	0.00469	0.00468	0.00934	0.01403	0.01980	0.77025	0.03754	0.06800	0.01026	0.00588	0.00157	0.00236	0.00906	0.00546	0.00469
9	0.86003	0.00964	0.00733	0.00655	0.00964	0.01118	0.00540	0.01465	0.00848	0.02236	0.00694	0.00810	0.00540	0.00463	0.00308	0.00154	0.00386	0.00270	0.00308	0.00540
10	0.00607	0.00434	0.00578	0.00694	0.00723	0.00405	0.00463	0.00694	0.00954	0.01272	0.02747	0.82157	0.03297	0.01562	0.00636	0.00202	0.00289	0.01417	0.00463	0.00405
11	0.01179	0.01326	0.02836	0.02159	0.08683	0.01260	0.69776	0.01582	0.01164	0.01590	0.00995	0.01330	0.00757	0.00432	0.00605	0.00168	0.02656	0.00573	0.00251	0.00679
12	0.01862	0.02376	0.01413	0.01284	0.01541	0.80482	0.00963	0.01990	0.01413	0.01220	0.00770	0.00899	0.00642	0.00514	0.00449	0.00128	0.00899	0.00321	0.00257	0.00578
13	0.00604	0.00485	0.00539	0.00569	0.00693	0.00420	0.00410	0.00727	0.01105	0.01377	0.10277	0.27055	0.51332	0.01329	0.00603	0.00177	0.00262	0.01145	0.00470	0.00420
14	0.02236	0.00848	0.01157	0.00887	0.01272	0.00733	0.00733	0.02429	0.01427	0.79719	0.01966	0.01697	0.01234	0.00617	0.00501	0.00154	0.00424	0.00501	0.00617	0.00848
15	0.01862	0.02376	0.01413	0.01284	0.01541	0.80482	0.00963	0.01990	0.01413	0.01220	0.00770	0.00899	0.00642	0.00514	0.00449	0.00128	0.00899	0.00321	0.00257	0.00578
16	0.01240	0.01071	0.01127	0.01014	0.01296	0.01240	0.00789	0.02649	0.78473	0.02085	0.02029	0.01860	0.01522	0.00676	0.00507	0.00169	0.00394	0.00564	0.00507	0.00789
17	0.00929	0.00465	0.00465	0.00465	0.00581	0.00465	0.00348	0.01161	0.01045	0.01858	0.01626	0.01858	0.01278	0.00581	0.00348	0.00116	0.00232	0.00465	0.85250	0.00465
18	0.00712	0.00534	0.00801	0.00801	0.00890	0.00623	0.00623	0.00890	0.00801	0.01157	0.01335	0.01958	0.01246	0.03738	0.80507	0.00801	0.01335	0.00534	0.00267	0.00445
19	0.00803	0.00574	0.00803	0.00918	0.01033	0.00574	0.00803	0.01033	0.01147	0.01492	0.02639	0.05622	0.02869	0.01377	0.00688	0.00229	0.00459	0.76018	0.00459	0.00459
20	0.01862	0.02376	0.01413	0.01284	0.01541	0.80482	0.00963	0.01990	0.01413	0.01220	0.00770	0.00899	0.00642	0.00514	0.00449	0.00128	0.00899	0.00321	0.00257	0.00578
21	0.01995	0.01236	0.01397	0.01071	0.01466	0.01308	0.00885	0.55721	0.02076	0.25510	0.01422	0.01343	0.00960	0.00604	0.00499	0.00151	0.00512	0.00464	0.00533	0.00848
22	0.02236	0.00848	0.01157	0.00887	0.01272	0.00733	0.00733	0.02429	0.01427	0.79719	0.01966	0.01697	0.01234	0.00617	0.00501	0.00154	0.00424	0.00501	0.00617	0.00848
23	0.00605	0.00444	0.00567	0.00666	0.00716	0.00407	0.00450	0.00697	0.00981	0.01283	0.03090	0.70652	0.14581	0.01517	0.00629	0.00197	0.00284	0.01363	0.00463	0.00407
24	0.01176	0.01345	0.02941	0.02101	0.02605	0.01261	0.77563	0.01597	0.01176	0.01597	0.01008	0.01345	0.00756	0.00420	0.00588	0.00168	0.00840	0.00588	0.00252	0.00672
25	0.02236	0.00848	0.01157	0.00887	0.01272	0.00733	0.00733	0.02429	0.01427	0.79719	0.01966	0.01697	0.01234	0.00617	0.00501	0.00154	0.00424	0.00501	0.00617	0.00848
26	0.00607	0.00434	0.00578	0.00694	0.00723	0.00405	0.00463	0.00694	0.00954	0.01272	0.02747	0.82157	0.03297	0.01562	0.00636	0.00202	0.00289	0.01417	0.00463	0.00405
27	0.01895	0.01396	0.01496	0.01147	0.01546	0.01546	0.00947	0.77711	0.02344	0.03141	0.01197	0.01197	0.00848	0.00598	0.00499	0.00150	0.00548	0.00449	0.00499	0.00848
28	0.01862	0.02376	0.01413	0.01284	0.01541	0.80482	0.00963	0.01990	0.01413	0.01220	0.00770	0.00899	0.00642	0.00514	0.00449	0.00128	0.00899	0.00321	0.00257	0.00578
29	0.01081	0.00812	0.00927	0.00841	0.01034	0.00853	0.00641	0.23954	0.10177	0.02071	0.17589	0.28905	0.06963	0.01049	0.00568	0.00172	0.00366	0.00908	0.00496	0.00594
30	0.01105	0.00965	0.01256	0.00935	0.01325	0.02164	0.09951	0.09080	0.01184	0.01726	0.03212	0.03801	0.02682	0.05144	0.00552	0.00125	0.00452	0.00438	0.00326	0.53578
31	0.01034	0.00886	0.01034	0.00738	0.01181	0.00664	0.00591	0.01255	0.01034	0.01624	0.00886	0.01034	0.00738	0.00369	0.00369	0.00074	0.00369	0.00295	0.00295	0.85530
32	0.00712	0.00509	0.00697	0.00802	0.00880	0.00494	0.00634	0.00880	0.01081	0.01430	0.07654	0.38680	0.03173	0.01434	0.00659	0.00213	0.00371	0.38796	0.00466	0.00436
33	0.01240	0.01071	0.01127	0.01014	0.01296	0.01240	0.00789	0.02649	0.78473	0.02085	0.02029	0.01860	0.01522	0.00676	0.00507	0.00169	0.00394	0.00564	0.00507	0.00789
34	0.35973	0.01039	0.01200	0.01040	0.01167	0.01359	0.00864	0.01309	0.00798	0.01625	0.00671	0.00975	0.00607	0.00704	0.01091	0.00192	0.48219	0.00368	0.00255	0.00543
35	0.00713	0.00528	0.00772	0.00772	0.00851	0.00607	0.00587	0.00872	0.00793	0.01136	0.01361	0.02104	0.01309	0.12541	0.71791	0.00766	0.01240	0.00555	0.00271	0.00429
36	0.00725	0.00483	0.00544	0.00544	0.00544	0.00483	0.00302	0.00725	0.00725	0.00966	0.01571	0.03262	0.01812	0.82483	0.02537	0.00483	0.00483	0.00725	0.00302	0.00302
37	0.00601	0.00460	0.00551	0.00624	0.00705	0.00411	0.00432	0.00702	0.01021	0.01300	0.03595	0.53679	0.31228	0.01451	0.00619	0.00190	0.00276	0.01283	0.00463	0.00411
38	0.01585	0.26138	0.10807	0.01173	0.01528	0.46019	0.01035	0.01775	0.01235	0.01247	0.00759	0.00892	0.00640	0.00493	0.00446	0.00128	0.02934	0.00313	0.00238	0.00614
39	0.00929	0.00465	0.00465	0.00465	0.00581	0.00465	0.00348	0.01161	0.01045	0.01858	0.01626	0.01858	0.01278	0.00581	0.00348	0.00116	0.00232	0.00465	0.85250	0.00465
40	0.46981	0.01179	0.01084	0.02818	0.01279	0.03470	0.00740	0.32901	0.01484	0.02558	0.00908	0.00984	0.00673	0.00521	0.00395	0.00152	0.00474	0.00349	0.00383	0.00668
41	0.01577	0.43008	0.10974	0.00983	0.01420	0.07823	0.00956	0.07770	0.01244	0.18393	0.01038	0.01062	0.00784	0.00494	0.00401	0.00128	0.00563	0.00348	0.00326	0.00707
42	0.00604	0.00466	0.00552	0.00614	0.00704	0.00414	0.00429	0.00713	0.01048	0.01334	0.06979	0.47310	0.34216	0.01416	0.00615	0.00187	0.00272	0.01246	0.00466	0.00414
43	0.00734	0.00508	0.00656	0.00654	0.00767	0.00466	0.00486	0.00924	0.01271	0.04612	0.48518	0.21081	0.11340	0.01165	0.00600	0.00171	0.00267	0.04793	0.00520	0.00465
44	0.01077	0.17742	0.59070	0.01367	0.02026	0.01321	0.07678	0.01564	0.01055	0.01503	0.00865	0.01028	0.00643	0.00460	0.00453	0.00149	0.00706	0.00366	0.00214	0.00713
45	0.01048	0.00898	0.01177	0.01054	0.01170	0.01134	0.00849	0.01519	0.20914	0.04208	0.01276	0.01590	0.01090	0.01734	0.26653	0.00391	0.31883	0.00503	0.00323	0.00587
46	0.00986	0.21985	0.01216	0.00718	0.00982	0.03826	0.00603	0.07248	0.07280	0.01522	0.05953	0.03067	0.40992	0.00912	0.00501	0.00149	0.00382	0.00731	0.00400	0.00548

[dist]
# distance from previous block
# <min> <max>
5	13

[block]
# block no. 1 follows, 50 sequences, length 20
# corresponding to MSA columns:
# 939-958
name=unknown_B
#
# <colnr> <probs for GDERKNQSTAVLIFYWHMCP>
#	G	D	E	R	K	N	Q	S	T	A	V	L	I	F	Y	W	H	M	C	P
0	0.10541	0.00802	0.00942	0.00753	0.01079	0.00716	0.00601	0.01588	0.05671	0.22879	0.17113	0.01944	0.05190	0.00634	0.00460	0.00131	0.00355	0.00519	0.00454	0.27628
1	0.82789	0.00960	0.00749	0.00664	0.00976	0.01103	0.00547	0.01502	0.00870	0.05210	0.00743	0.00844	0.00566	0.00469	0.00316	0.00154	0.00387	0.00279	0.00320	0.00552
2	0.00607	0.00434	0.00578	0.00694	0.00723	0.00405	0.00463	0.00694	0.00954	0.01272	0.02747	0.82157	0.03297	0.01562	0.00636	0.00202	0.00289	0.01417	0.00463	0.00405
3	0.02221	0.00873	0.01172	0.00899	0.01285	0.00770	0.00742	0.05894	0.01469	0.76194	0.01931	0.01674	0.01216	0.00616	0.00501	0.00154	0.00430	0.00499	0.00611	0.00848
4	0.01234	0.01184	0.02023	0.03059	0.79373	0.01184	0.01530	0.01530	0.01135	0.01628	0.00938	0.01234	0.00790	0.00444	0.00493	0.00148	0.00592	0.00444	0.00247	0.00790
5	0.01661	0.01340	0.01502	0.01198	0.01477	0.04128	0.00989	0.53072	0.01855	0.02516	0.01026	0.01156	0.00785	0.00675	0.00826	0.00169	0.24023	0.00441	0.00409	0.00751
6	0.00712	0.00534	0.00801	0.00801	0.00890	0.00623	0.00623	0.00890	0.00801	0.01157	0.01335	0.01958	0.01246	0.03738	0.80507	0.00801	0.01335	0.00534	0.00267	0.00445
7	0.01037	0.01041	0.01857	0.18713	0.02115	0.01191	0.26937	0.01310	0.00985	0.01391	0.01070	0.03154	0.02842	0.00779	0.04543	0.00209	0.24565	0.00532	0.05154	0.00575
8	0.01023	0.00969	0.01643	0.59426	0.24653	0.01129	0.01425	0.01345	0.01035	0.01373	0.00900	0.01302	0.00699	0.00483	0.00497	0.00161	0.00644	0.00443	0.00229	0.00620
9	0.00607	0.00434	0.00578	0.00694	0.00723	0.00405	0.00463	0.00694	0.00954	0.01272	0.02747	0.82157	0.03297	0.01562	0.00636	0.00202	0.00289	0.01417	0.00463	0.00405
10	0.00689	0.00535	0.00644	0.00692	0.00834	0.00490	0.00569	0.00866	0.01157	0.01447	0.08278	0.05094	0.41697	0.01298	0.00632	0.00194	0.00341	0.33637	0.00466	0.00440
11	0.01071	0.01083	0.02040	0.31765	0.09822	0.01173	0.30450	0.01408	0.01060	0.01458	0.00960	0.01336	0.00746	0.00502	0.00626	0.00167	0.07983	0.00499	0.05236	0.00615
12	0.01166	0.42536	0.41395	0.01138	0.01720	0.01563	0.01349	0.01536	0.01033	0.01376	0.00794	0.00926	0.00636	0.00450	0.00397	0.00132	0.00635	0.00318	0.00212	0.00688
13	0.00709	0.00543	0.00671	0.00735	0.00874	0.00506	0.00616	0.00892	0.01142	0.01428	0.03705	0.05258	0.36596	0.01326	0.00645	0.00202	0.00368	0.42882	0.00461	0.00442
14	0.00866	0.00433	0.00649	0.00649	0.00649	0.00433	0.00433	0.00649	0.00649	0.00866	0.00866	0.01515	0.00866	0.01732	0.01948	0.85498	0.00433	0.00433	0.00216	0.00216
15	0.00968	0.00741	0.01153	0.09554	0.01380	0.00751	0.15383	0.06698	0.01141	0.01695	0.01728	0.19731	0.03342	0.00778	0.00492	0.00154	0.00432	0.00712	0.32640	0.00527
16	0.01270	0.17823	0.06979	0.12031	0.33641	0.07469	0.07066	0.01551	0.01112	0.03538	0.00893	0.01138	0.00729	0.00466	0.00485	0.00144	0.02315	0.00406	0.00245	0.00698
17	0.01296	0.01425	0.01246	0.09768	0.06414	0.34355	0.04274	0.01492	0.01299	0.03536	0.16148	0.02118	0.13159	0.00713	0.00512	0.00147	0.00618	0.00576	0.00347	0.00556
18	0.09842	0.31068	0.10638	0.27938	0.06611	0.01439	0.03312	0.01431	0.01007	0.01399	0.00803	0.01046	0.00649	0.00460	0.00413	0.00141	0.00597	0.00357	0.00228	0.00621
19	0.02841	0.22725	0.11626	0.32431	0.02161	0.05918	0.01125	0.01344	0.01040	0.01317	0.02972	0.03717	0.05795	0.02443	0.00500	0.00155	0.00596	0.00459	0.00253	0.00581

[dist]
# distance from previous block
# <min> <max>
0	6

[block]
# block no. 2 follows, 50 sequences, length 51
# corresponding to MSA columns:
# 965-1015
name=unknown_C
#
# <colnr> <probs for GDERKNQSTAVLIFYWHMCP>
#	G	D	E	R	K	N	Q	S	T	A	V	L	I	F	Y	W	H	M	C	P
0	0.00785	0.00591	0.00762	0.00746	0.00823	0.02375	0.00544	0.03688	0.00848	0.01173	0.01389	0.02305	0.01391	0.27584	0.52006	0.00665	0.01037	0.00584	0.00286	0.00419
1	0.00637	0.00494	0.00580	0.00587	0.00710	0.00437	0.00429	0.00798	0.01208	0.01583	0.32996	0.18632	0.36672	0.01224	0.00597	0.00170	0.00253	0.01062	0.00496	0.00437
2	0.01626	0.00723	0.00963	0.00786	0.01068	0.00641	0.00630	0.01856	0.03040	0.48331	0.28712	0.02515	0.05338	0.00781	0.00535	0.00156	0.00352	0.00661	0.00585	0.00701
3	0.01034	0.00886	0.01034	0.00738	0.01181	0.00664	0.00591	0.01255	0.01034	0.01624	0.00886	0.01034	0.00738	0.00369	0.00369	0.00074	0.00369	0.00295	0.00295	0.85530
4	0.04324	0.07291	0.01550	0.50602	0.02670	0.03320	0.01196	0.19977	0.01332	0.01756	0.00937	0.01226	0.00702	0.00516	0.00477	0.00156	0.00622	0.00422	0.00293	0.00632
5	0.65905	0.01157	0.06888	0.00793	0.01149	0.01190	0.00705	0.13823	0.01106	0.02333	0.00791	0.00891	0.00597	0.00485	0.00352	0.00154	0.00439	0.00306	0.00332	0.00605
6	0.00589	0.00505	0.00505	0.00505	0.00673	0.00421	0.00379	0.00715	0.01136	0.01347	0.05049	0.04797	0.79171	0.01262	0.00589	0.00168	0.00252	0.01052	0.00463	0.00421
7	0.00606	0.00439	0.00573	0.00680	0.00719	0.00406	0.00456	0.00696	0.00968	0.01278	0.02923	0.76264	0.09077	0.01539	0.00633	0.00200	0.00286	0.01389	0.00463	0.00406
8	0.00787	0.00558	0.00795	0.06869	0.01024	0.00645	0.00630	0.00987	0.00870	0.01324	0.01350	0.01868	0.01195	0.02719	0.54666	0.00586	0.02875	0.00509	0.19281	0.00460
9	0.86003	0.00964	0.00733	0.00655	0.00964	0.01118	0.00540	0.01465	0.00848	0.02236	0.00694	0.00810	0.00540	0.00463	0.00308	0.00154	0.00386	0.00270	0.00308	0.00540
10	0.00589	0.00505	0.00505	0.00505	0.00673	0.00421	0.00379	0.00715	0.01136	0.01347	0.05049	0.04797	0.79171	0.01262	0.00589	0.00168	0.00252	0.01052	0.00463	0.00421
11	0.01014	0.00925	0.01495	0.75179	0.03289	0.01141	0.01351	0.07097	0.01099	0.01416	0.00910	0.01319	0.00678	0.00506	0.00498	0.00165	0.00656	0.00443	0.00243	0.00576
12	0.01426	0.01126	0.01165	0.00958	0.01271	0.03223	0.00770	0.40881	0.17271	0.02418	0.02345	0.02249	0.21156	0.00783	0.00522	0.00158	0.00450	0.00624	0.00485	0.00719
13	0.00697	0.00509	0.00654	0.00618	0.00739	0.00467	0.00463	0.00923	0.01390	0.01949	0.73468	0.03805	0.10377	0.01038	0.00588	0.00158	0.00236	0.00913	0.00542	0.00467
14	0.01115	0.01132	0.01523	0.01308	0.01316	0.04065	0.01086	0.01225	0.00784	0.01200	0.00658	0.01084	0.00654	0.00861	0.01598	0.00215	0.78977	0.00433	0.00219	0.00546
15	0.01034	0.00886	0.01034	0.00738	0.01181	0.00664	0.00591	0.01255	0.01034	0.01624	0.00886	0.01034	0.00738	0.00369	0.00369	0.00074	0.00369	0.00295	0.00295	0.85530
16	0.00798	0.00572	0.00795	0.00907	0.01023	0.00570	0.00792	0.01024	0.01147	0.01488	0.02703	0.05600	0.04902	0.01374	0.00686	0.00228	0.00453	0.74020	0.00459	0.00458
17	0.00725	0.00483	0.00544	0.00544	0.00544	0.00483	0.00302	0.00725	0.00725	0.00966	0.01571	0.03262	0.01812	0.82483	0.02537	0.00483	0.00483	0.00725	0.00302	0.00302
18	0.00941	0.00886	0.01495	0.81285	0.03433	0.01107	0.01384	0.01274	0.00997	0.01274	0.00886	0.01329	0.00664	0.00498	0.00498	0.00166	0.00664	0.00443	0.00221	0.00554
19	0.86003	0.00964	0.00733	0.00655	0.00964	0.01118	0.00540	0.01465	0.00848	0.02236	0.00694	0.00810	0.00540	0.00463	0.00308	0.00154	0.00386	0.00270	0.00308	0.00540
20	0.00716	0.00518	0.00720	0.00720	0.00780	0.00579	0.00521	0.00838	0.00777	0.01097	0.01410	0.02371	0.01425	0.28682	0.55809	0.00700	0.01065	0.00594	0.00278	0.00400
21	0.01176	0.01345	0.02941	0.02101	0.02605	0.01261	0.77563	0.01597	0.01176	0.01597	0.01008	0.01345	0.00756	0.00420	0.00588	0.00168	0.00840	0.00588	0.00252	0.00672
22	0.01176	0.01345	0.02941	0.02101	0.02605	0.01261	0.77563	0.01597	0.01176	0.01597	0.01008	0.01345	0.00756	0.00420	0.00588	0.00168	0.00840	0.00588	0.00252	0.00672
23	0.01091	0.01091	0.01527	0.01309	0.01309	0.01527	0.01091	0.01200	0.00763	0.01200	0.00654	0.01091	0.00654	0.00872	0.01636	0.00218	0.81570	0.00436	0.00218	0.00545
24	0.01333	0.82783	0.02612	0.00853	0.01279	0.01972	0.00853	0.01493	0.01013	0.01173	0.00693	0.00800	0.00640	0.00426	0.00320	0.00107	0.00533	0.00267	0.00213	0.00640
25	0.01240	0.01071	0.01127	0.01014	0.01296	0.01240	0.00789	0.02649	0.78473	0.02085	0.02029	0.01860	0.01522	0.00676	0.00507	0.00169	0.00394	0.00564	0.00507	0.00789
26	0.01176	0.01345	0.02941	0.02101	0.02605	0.01261	0.77563	0.01597	0.01176	0.01597	0.01008	0.01345	0.00756	0.00420	0.00588	0.00168	0.00840	0.00588	0.00252	0.00672
27	0.01000	0.02578	0.79900	0.01421	0.02157	0.01158	0.01842	0.01579	0.01052	0.01579	0.00895	0.01052	0.00631	0.00474	0.00474	0.00158	0.00737	0.00368	0.00210	0.00737
28	0.00725	0.00483	0.00544	0.00544	0.00544	0.00483	0.00302	0.00725	0.00725	0.00966	0.01571	0.03262	0.01812	0.82483	0.02537	0.00483	0.00483	0.00725	0.00302	0.00302
29	0.00607	0.00434	0.00578	0.00694	0.00723	0.00405	0.00463	0.00694	0.00954	0.01272	0.02747	0.82157	0.03297	0.01562	0.00636	0.00202	0.00289	0.01417	0.00463	0.00405
30	0.00941	0.00886	0.01495	0.81285	0.03433	0.01107	0.01384	0.01274	0.00997	0.01274	0.00886	0.01329	0.00664	0.00498	0.00498	0.00166	0.00664	0.00443	0.00221	0.00554
31	0.00929	0.00465	0.00465	0.00465	0.00581	0.00465	0.00348	0.01161	0.01045	0.01858	0.01626	0.01858	0.01278	0.00581	0.00348	0.00116	0.00232	0.00465	0.85250	0.00465
32	0.00725	0.00483	0.00544	0.00544	0.00544	0.00483	0.00302	0.00725	0.00725	0.00966	0.01571	0.03262	0.01812	0.82483	0.02537	0.00483	0.00483	0.00725	0.00302	0.00302
33	0.00803	0.00574	0.00803	0.00918	0.01033	0.00574	0.00803	0.01033	0.01147	0.01492	0.02639	0.05622	0.02869	0.01377	0.00688	0.00229	0.00459	0.76018	0.00459	0.00459
34	0.01333	0.82783	0.02612	0.00853	0.01279	0.01972	0.00853	0.01493	0.01013	0.01173	0.00693	0.00800	0.00640	0.00426	0.00320	0.00107	0.00533	0.00267	0.00213	0.00640
35	0.01176	0.01345	0.02941	0.02101	0.02605	0.01261	0.77563	0.01597	0.01176	0.01597	0.01008	0.01345	0.00756	0.00420	0.00588	0.00168	0.00840	0.00588	0.00252	0.00672
36	0.00607	0.00434	0.00578	0.00694	0.00723	0.00405	0.00463	0.00694	0.00954	0.01272	0.02747	0.82157	0.03297	0.01562	0.00636	0.00202	0.00289	0.01417	0.00463	0.00405
37	0.01091	0.01091	0.01527	0.01309	0.01309	0.01527	0.01091	0.01200	0.00763	0.01200	0.00654	0.01091	0.00654	0.00872	0.01636	0.00218	0.81570	0.00436	0.00218	0.00545
38	0.01000	0.02578	0.79900	0.01421	0.02157	0.01158	0.01842	0.01579	0.01052	0.01579	0.00895	0.01052	0.00631	0.00474	0.00474	0.00158	0.00737	0.00368	0.00210	0.00737
39	0.01000	0.02578	0.79900	0.01421	0.02157	0.01158	0.01842	0.01579	0.01052	0.01579	0.00895	0.01052	0.00631	0.00474	0.00474	0.00158	0.00737	0.00368	0.00210	0.00737
40	0.00607	0.00434	0.00578	0.00694	0.00723	0.00405	0.00463	0.00694	0.00954	0.01272	0.02747	0.82157	0.03297	0.01562	0.00636	0.00202	0.00289	0.01417	0.00463	0.00405
41	0.01236	0.01141	0.01679	0.02274	0.49368	0.01206	0.01245	0.01960	0.30856	0.01804	0.01357	0.01474	0.01071	0.00533	0.00499	0.00156	0.00516	0.00490	0.00347	0.00789
42	0.01000	0.02578	0.79900	0.01421	0.02157	0.01158	0.01842	0.01579	0.01052	0.01579	0.00895	0.01052	0.00631	0.00474	0.00474	0.00158	0.00737	0.00368	0.00210	0.00737
43	0.01115	0.01109	0.01744	0.01337	0.01671	0.07977	0.32183	0.03492	0.06588	0.03333	0.23395	0.02145	0.05225	0.00657	0.00553	0.00155	0.00574	0.00648	0.00380	0.05718
44	0.01044	0.00908	0.03976	0.00848	0.01096	0.00903	0.00686	0.11195	0.29166	0.02021	0.22523	0.05435	0.14585	0.00865	0.00540	0.00162	0.00359	0.00731	0.00492	0.02466
45	0.01546	0.01059	0.01333	0.01023	0.01390	0.01042	0.06902	0.28690	0.03145	0.16604	0.01369	0.06081	0.01071	0.02259	0.00543	0.00145	0.02031	0.00499	0.02774	0.20494
46	0.02844	0.00843	0.01004	0.02269	0.01159	0.02903	0.02526	0.06637	0.02807	0.08078	0.08576	0.13861	0.03107	0.02536	0.00528	0.00140	0.00399	0.04411	0.00397	0.34973
47	0.00978	0.00887	0.01129	0.00931	0.01216	0.05368	0.08628	0.03176	0.01080	0.01508	0.01588	0.22058	0.03671	0.00890	0.03098	0.00159	0.02472	0.04580	0.00347	0.36236
48	0.01073	0.01011	0.05795	0.00850	0.01276	0.00777	0.02593	0.06256	0.04319	0.01711	0.01047	0.04506	0.00892	0.00543	0.02527	0.00115	0.00438	0.00381	0.00317	0.63571
49	0.01049	0.05090	0.09349	0.07979	0.01725	0.00958	0.17321	0.01360	0.02684	0.03664	0.01399	0.05049	0.07806	0.00569	0.00523	0.00136	0.03753	0.00510	0.00300	0.28778
50	0.01268	0.19320	0.01649	0.03307	0.03363	0.04291	0.10320	0.06340	0.14903	0.08049	0.01702	0.06664	0.06903	0.00695	0.00493	0.00153	0.00512	0.05848	0.00377	0.03845

[dist]
# distance from previous block
# <min> <max>
3	32

[block]
# block no. 3 follows, 50 sequences, length 9
# corresponding to MSA columns:
# 1049-1057
name=unknown_D
#
# <colnr> <probs for GDERKNQSTAVLIFYWHMCP>
#	G	D	E	R	K	N	Q	S	T	A	V	L	I	F	Y	W	H	M	C	P
0	0.01468	0.15911	0.12342	0.01222	0.04646	0.08964	0.09864	0.12530	0.01342	0.13501	0.01291	0.01353	0.05047	0.00535	0.00463	0.00138	0.00591	0.00437	0.00345	0.08010
1	0.05960	0.21234	0.24266	0.01068	0.01549	0.05626	0.01101	0.13153	0.04576	0.06872	0.02983	0.01135	0.00851	0.00506	0.00428	0.00136	0.00573	0.00373	0.00317	0.07293
2	0.05306	0.11105	0.38663	0.04530	0.01894	0.05088	0.07123	0.05698	0.01117	0.04855	0.00900	0.01077	0.00679	0.00522	0.00584	0.00157	0.09373	0.00387	0.00255	0.00687
3	0.03430	0.08584	0.04085	0.01133	0.01485	0.07585	0.09792	0.18695	0.14115	0.08377	0.01386	0.03577	0.01123	0.00769	0.04317	0.00183	0.00592	0.04940	0.00396	0.05434
4	0.03847	0.47785	0.06225	0.00937	0.01279	0.10935	0.00875	0.01482	0.01072	0.03375	0.07439	0.01207	0.01039	0.03381	0.00555	0.00141	0.07187	0.00369	0.00264	0.00606
5	0.13961	0.35691	0.26677	0.00999	0.01480	0.01456	0.01094	0.01546	0.05209	0.01560	0.05464	0.01111	0.00910	0.00495	0.00393	0.00136	0.00550	0.00353	0.00262	0.00653
6	0.01201	0.30059	0.19087	0.18139	0.04388	0.03463	0.04432	0.05763	0.03794	0.01458	0.00874	0.01073	0.00695	0.00487	0.00469	0.00143	0.03197	0.00372	0.00244	0.00661
7	0.01414	0.31756	0.04065	0.00985	0.01343	0.15531	0.00866	0.09107	0.01211	0.04754	0.00880	0.01021	0.00735	0.00667	0.04815	0.00158	0.05755	0.00337	0.00283	0.14320
8	0.04804	0.03088	0.20396	0.01132	0.01577	0.01305	0.01097	0.41584	0.05422	0.02420	0.01315	0.01486	0.03456	0.00708	0.02968	0.00174	0.00587	0.03486	0.00402	0.02592

[dist]
# distance from previous block
# <min> <max>
6	11

[block]
# block no. 4 follows, 50 sequences, length 23
# corresponding to MSA columns:
# 1069-1091
name=unknown_E
#
# <colnr> <probs for GDERKNQSTAVLIFYWHMCP>
#	G	D	E	R	K	N	Q	S	T	A	V	L	I	F	Y	W	H	M	C	P
0	0.07719	0.05296	0.01620	0.01189	0.01556	0.04784	0.17882	0.19995	0.02647	0.17554	0.06283	0.06509	0.01268	0.00622	0.00505	0.00154	0.00549	0.00549	0.00423	0.02896
1	0.01702	0.01276	0.05557	0.01083	0.01449	0.01291	0.00922	0.55374	0.01996	0.10002	0.01472	0.09093	0.01206	0.00724	0.00520	0.00160	0.00518	0.04386	0.00489	0.00780
2	0.05214	0.15642	0.59102	0.01261	0.01907	0.01267	0.01556	0.01605	0.01056	0.05743	0.00909	0.01034	0.00661	0.00473	0.00442	0.00149	0.00669	0.00354	0.00237	0.00717
3	0.14416	0.01323	0.05535	0.01056	0.01447	0.01372	0.00903	0.49407	0.09368	0.08415	0.01242	0.01232	0.00883	0.00580	0.00470	0.00153	0.00510	0.00433	0.00464	0.00790
4	0.01157	0.20375	0.55118	0.01281	0.01902	0.09033	0.01537	0.01599	0.01079	0.01454	0.00838	0.00981	0.00634	0.00467	0.00437	0.00144	0.00707	0.00341	0.00216	0.00700
5	0.00714	0.00527	0.00765	0.00765	0.00842	0.00604	0.00578	0.00867	0.00790	0.01131	0.01368	0.02139	0.01325	0.14668	0.69685	0.00757	0.01217	0.00561	0.00272	0.00425
6	0.00979	0.22218	0.37879	0.01038	0.01524	0.01158	0.01190	0.01333	0.01084	0.01470	0.09097	0.05673	0.12058	0.00676	0.00470	0.00148	0.00548	0.00540	0.00291	0.00627
7	0.01240	0.01071	0.01127	0.01014	0.01296	0.01240	0.00789	0.02649	0.78473	0.02085	0.02029	0.01860	0.01522	0.00676	0.00507	0.00169	0.00394	0.00564	0.00507	0.00789
8	0.00929	0.00465	0.00465	0.00465	0.00581	0.00465	0.00348	0.01161	0.01045	0.01858	0.01626	0.01858	0.01278	0.00581	0.00348	0.00116	0.00232	0.00465	0.85250	0.00465
9	0.01235	0.48848	0.31408	0.01086	0.01620	0.05564	0.01227	0.01549	0.01047	0.01327	0.00772	0.00899	0.00637	0.00448	0.00384	0.00127	0.00627	0.00307	0.00214	0.00673
10	0.01895	0.01396	0.01496	0.01147	0.01546	0.01546	0.00947	0.77711	0.02344	0.03141	0.01197	0.01197	0.00848	0.00598	0.00499	0.00150	0.00548	0.00449	0.00499	0.00848
11	0.25170	0.01277	0.01285	0.01011	0.01385	0.01427	0.00835	0.56612	0.01930	0.02891	0.01058	0.01090	0.00762	0.00561	0.00446	0.00151	0.00503	0.00399	0.00446	0.00762
12	0.00900	0.00714	0.00784	0.00810	0.00937	0.08264	0.00638	0.01087	0.01221	0.05323	0.23713	0.19423	0.06488	0.01189	0.00614	0.00188	0.00396	0.26358	0.00473	0.00480
13	0.01895	0.01396	0.01496	0.01147	0.01546	0.01546	0.00947	0.77711	0.02344	0.03141	0.01197	0.01197	0.00848	0.00598	0.00499	0.00150	0.00548	0.00449	0.00499	0.00848
14	0.01036	0.06395	0.67303	0.01470	0.02165	0.01210	0.10435	0.01576	0.01065	0.01561	0.00898	0.01073	0.00646	0.00465	0.00479	0.00156	0.00738	0.00388	0.00215	0.00725
15	0.01109	0.01074	0.01710	0.25029	0.02214	0.03162	0.20061	0.07018	0.02449	0.01541	0.01111	0.01448	0.03729	0.03426	0.00705	0.00168	0.09868	0.00488	0.00278	0.13409
16	0.01808	0.01319	0.01429	0.01096	0.01494	0.01426	0.00902	0.65410	0.04871	0.05860	0.01227	0.01224	0.00876	0.00581	0.00487	0.00144	0.00522	0.00441	0.00485	0.08397
17	0.11834	0.01476	0.01324	0.01080	0.01428	0.18900	0.00867	0.38223	0.06434	0.11846	0.01186	0.01185	0.00853	0.00570	0.00466	0.00147	0.00583	0.00413	0.00437	0.00748
18	0.00902	0.01545	0.37669	0.01197	0.01619	0.00861	0.09910	0.01258	0.01039	0.03749	0.01666	0.32946	0.01710	0.00899	0.00551	0.00176	0.00564	0.00809	0.00326	0.00602
19	0.01136	0.08599	0.04571	0.00806	0.01055	0.00937	0.00681	0.22290	0.01548	0.02176	0.33064	0.04786	0.02531	0.00776	0.00500	0.00146	0.00374	0.00645	0.12780	0.00600
20	0.01098	0.23846	0.12947	0.01202	0.10185	0.08633	0.00977	0.01369	0.04518	0.01368	0.01447	0.23200	0.01500	0.00806	0.00504	0.00156	0.01838	0.03495	0.00311	0.00600
21	0.09112	0.15995	0.14386	0.00975	0.01298	0.16246	0.00907	0.04781	0.01161	0.01510	0.03562	0.13795	0.07041	0.00781	0.00479	0.00155	0.00553	0.06363	0.00326	0.00575
22	0.04932	0.01141	0.01662	0.01632	0.19170	0.06815	0.17234	0.06772	0.01174	0.01643	0.01191	0.01644	0.03197	0.04480	0.04693	0.00195	0.02911	0.04531	0.00298	0.14687

[dist]
# distance from previous block
# <min> <max>
11	105

[block]
# block no. 5 follows, 50 sequences, length 67
# corresponding to MSA columns:
# 1209-1275
name=unknown_F
#
# <colnr> <probs for GDERKNQSTAVLIFYWHMCP>
#	G	D	E	R	K	N	Q	S	T	A	V	L	I	F	Y	W	H	M	C	P
0	0.04396	0.12539	0.03352	0.01193	0.05466	0.05489	0.06612	0.22712	0.05195	0.07005	0.04718	0.01533	0.06440	0.00636	0.00599	0.00153	0.09094	0.00486	0.00377	0.02005
1	0.12535	0.01226	0.01269	0.01104	0.03766	0.11476	0.05435	0.16740	0.20368	0.07145	0.07256	0.03309	0.01339	0.00634	0.00484	0.00155	0.00510	0.01782	0.00426	0.03040
2	0.10175	0.03574	0.07727	0.01133	0.04831	0.06693	0.03480	0.26321	0.06959	0.10970	0.01347	0.03718	0.03353	0.00590	0.00470	0.00147	0.00528	0.00464	0.00408	0.07111
3	0.01370	0.07474	0.21222	0.01296	0.03996	0.04425	0.10212	0.18278	0.10621	0.06033	0.03011	0.01292	0.00942	0.00528	0.00481	0.00147	0.00598	0.00442	0.00352	0.07280
4	0.03778	0.01118	0.01537	0.01271	0.05837	0.03527	0.14789	0.18615	0.08750	0.19303	0.01527	0.06760	0.02737	0.00621	0.00510	0.00153	0.00531	0.00551	0.00435	0.07651
5	0.01278	0.01179	0.01833	0.02230	0.43761	0.01199	0.09301	0.09084	0.15375	0.01854	0.01166	0.01342	0.00922	0.00493	0.00497	0.00149	0.00562	0.00471	0.00323	0.06981
6	0.01226	0.07892	0.16760	0.01055	0.03531	0.01034	0.03198	0.06917	0.10635	0.06932	0.01110	0.01189	0.00848	0.00468	0.00430	0.00120	0.00493	0.00377	0.00331	0.35455
7	0.01080	0.00902	0.01433	0.01707	0.30367	0.00895	0.07402	0.03552	0.03531	0.05678	0.23205	0.02235	0.06531	0.00796	0.03228	0.00176	0.02224	0.00630	0.03784	0.00644
8	0.01033	0.01305	0.27578	0.00979	0.01350	0.00796	0.00996	0.04795	0.03467	0.10279	0.12123	0.22608	0.04236	0.00873	0.00534	0.00165	0.00466	0.00751	0.00400	0.05267
9	0.01388	0.01040	0.06013	0.00928	0.01306	0.00896	0.03608	0.15663	0.06867	0.17774	0.10380	0.01816	0.06408	0.00623	0.00483	0.00135	0.00433	0.00517	0.00446	0.23277
10	0.01433	0.02332	0.04989	0.03317	0.01591	0.00979	0.18697	0.04362	0.04377	0.26772	0.13798	0.01905	0.03869	0.00668	0.00644	0.00165	0.08397	0.00584	0.00435	0.00687
11	0.00969	0.00925	0.01501	0.66189	0.03032	0.01187	0.01329	0.01260	0.00953	0.01260	0.00842	0.01284	0.00663	0.00569	0.00713	0.00176	0.15936	0.00442	0.00221	0.00552
12	0.01895	0.01396	0.01496	0.01147	0.01546	0.01546	0.00947	0.77711	0.02344	0.03141	0.01197	0.01197	0.00848	0.00598	0.00499	0.00150	0.00548	0.00449	0.00499	0.00848
13	0.00593	0.00505	0.00510	0.00509	0.00676	0.00422	0.00382	0.00723	0.01145	0.01368	0.07525	0.04761	0.76681	0.01254	0.00589	0.00168	0.00252	0.01047	0.00466	0.00422
14	0.00599	0.00505	0.00518	0.00515	0.00679	0.00425	0.00386	0.00734	0.01159	0.01400	0.11140	0.04709	0.73047	0.01242	0.00589	0.00167	0.00251	0.01040	0.00470	0.00425
15	0.01895	0.01396	0.01496	0.01147	0.01546	0.01546	0.00947	0.77711	0.02344	0.03141	0.01197	0.01197	0.00848	0.00598	0.00499	0.00150	0.00548	0.00449	0.00499	0.00848
16	0.01313	0.78099	0.07125	0.00886	0.01331	0.01925	0.00911	0.01498	0.01015	0.01196	0.00705	0.00814	0.00639	0.00429	0.00329	0.00110	0.00545	0.00272	0.00213	0.00645
17	0.00643	0.00507	0.00580	0.00562	0.00706	0.00444	0.00421	0.00820	0.01263	0.01649	0.39370	0.04299	0.44662	0.01150	0.00589	0.00163	0.00244	0.00982	0.00503	0.00444
18	0.00725	0.00483	0.00544	0.00544	0.00544	0.00483	0.00302	0.00725	0.00725	0.00966	0.01571	0.03262	0.01812	0.82483	0.02537	0.00483	0.00483	0.00725	0.00302	0.00302
19	0.01333	0.82783	0.02612	0.00853	0.01279	0.01972	0.00853	0.01493	0.01013	0.01173	0.00693	0.00800	0.00640	0.00426	0.00320	0.00107	0.00533	0.00267	0.00213	0.00640
20	0.86003	0.00964	0.00733	0.00655	0.00964	0.01118	0.00540	0.01465	0.00848	0.02236	0.00694	0.00810	0.00540	0.00463	0.00308	0.00154	0.00386	0.00270	0.00308	0.00540
21	0.01232	0.01190	0.02057	0.03024	0.76541	0.01187	0.04335	0.01532	0.01136	0.01627	0.00940	0.01238	0.00788	0.00443	0.00497	0.00149	0.00601	0.00449	0.00247	0.00785
22	0.00607	0.00434	0.00578	0.00694	0.00723	0.00405	0.00463	0.00694	0.00954	0.01272	0.02747	0.82157	0.03297	0.01562	0.00636	0.00202	0.00289	0.01417	0.00463	0.00405
23	0.00607	0.00434	0.00578	0.00694	0.00723	0.00405	0.00463	0.00694	0.00954	0.01272	0.02747	0.82157	0.03297	0.01562	0.00636	0.00202	0.00289	0.01417	0.00463	0.00405
24	0.01895	0.01396	0.01496	0.01147	0.01546	0.01546	0.00947	0.77711	0.02344	0.03141	0.01197	0.01197	0.00848	0.00598	0.00499	0.00150	0.00548	0.00449	0.00499	0.00848
25	0.01914	0.01366	0.01477	0.01132	0.01531	0.01501	0.00936	0.73553	0.02293	0.07372	0.01239	0.01224	0.00869	0.00599	0.00499	0.00150	0.00542	0.00452	0.00505	0.00848
26	0.00705	0.00510	0.00666	0.00627	0.00745	0.00470	0.00470	0.00941	0.01411	0.01999	0.79110	0.03723	0.04703	0.01019	0.00588	0.00157	0.00235	0.00901	0.00549	0.00470
27	0.01176	0.01345	0.02941	0.02101	0.02605	0.01261	0.77563	0.01597	0.01176	0.01597	0.01008	0.01345	0.00756	0.00420	0.00588	0.00168	0.00840	0.00588	0.00252	0.00672
28	0.00929	0.00465	0.00465	0.00465	0.00581	0.00465	0.00348	0.01161	0.01045	0.01858	0.01626	0.01858	0.01278	0.00581	0.00348	0.00116	0.00232	0.00465	0.85250	0.00465
29	0.00607	0.00434	0.00578	0.00694	0.00723	0.00405	0.00463	0.00694	0.00954	0.01272	0.02747	0.82157	0.03297	0.01562	0.00636	0.00202	0.00289	0.01417	0.00463	0.00405
30	0.01240	0.01071	0.01127	0.01014	0.01296	0.01240	0.00789	0.02649	0.78473	0.02085	0.02029	0.01860	0.01522	0.00676	0.00507	0.00169	0.00394	0.00564	0.00507	0.00789
31	0.00929	0.00465	0.00465	0.00465	0.00581	0.00465	0.00348	0.01161	0.01045	0.01858	0.01626	0.01858	0.01278	0.00581	0.00348	0.00116	0.00232	0.00465	0.85250	0.00465
32	0.01333	0.82783	0.02612	0.00853	0.01279	0.01972	0.00853	0.01493	0.01013	0.01173	0.00693	0.00800	0.00640	0.00426	0.00320	0.00107	0.00533	0.00267	0.00213	0.00640
33	0.00941	0.00886	0.01495	0.81285	0.03433	0.01107	0.01384	0.01274	0.00997	0.01274	0.00886	0.01329	0.00664	0.00498	0.00498	0.00166	0.00664	0.00443	0.00221	0.00554
34	0.00659	0.00508	0.00602	0.00579	0.00716	0.00451	0.00434	0.00851	0.01302	0.01740	0.49744	0.04149	0.34231	0.01116	0.00588	0.00161	0.00242	0.00961	0.00515	0.00451
35	0.01895	0.01396	0.01496	0.01147	0.01546	0.01546	0.00947	0.77711	0.02344	0.03141	0.01197	0.01197	0.00848	0.00598	0.00499	0.00150	0.00548	0.00449	0.00499	0.00848
36	0.01297	0.01132	0.01157	0.01031	0.01318	0.03906	0.00804	0.06773	0.71691	0.02115	0.01941	0.01791	0.01455	0.00667	0.00505	0.00167	0.00420	0.00549	0.00498	0.00785
37	0.00941	0.00886	0.01495	0.81285	0.03433	0.01107	0.01384	0.01274	0.00997	0.01274	0.00886	0.01329	0.00664	0.00498	0.00498	0.00166	0.00664	0.00443	0.00221	0.00554
38	0.01010	0.02510	0.75649	0.01458	0.02182	0.01163	0.06025	0.01580	0.01059	0.01580	0.00901	0.01068	0.00638	0.00471	0.00480	0.00158	0.00742	0.00380	0.00213	0.00733
39	0.01000	0.02578	0.79900	0.01421	0.02157	0.01158	0.01842	0.01579	0.01052	0.01579	0.00895	0.01052	0.00631	0.00474	0.00474	0.00158	0.00737	0.00368	0.00210	0.00737
40	0.01240	0.01071	0.01127	0.01014	0.01296	0.01240	0.00789	0.02649	0.78473	0.02085	0.02029	0.01860	0.01522	0.00676	0.00507	0.00169	0.00394	0.00564	0.00507	0.00789
41	0.00725	0.00483	0.00544	0.00544	0.00544	0.00483	0.00302	0.00725	0.00725	0.00966	0.01571	0.03262	0.01812	0.82483	0.02537	0.00483	0.00483	0.00725	0.00302	0.00302
42	0.01176	0.01345	0.02941	0.02101	0.02605	0.01261	0.77563	0.01597	0.01176	0.01597	0.01008	0.01345	0.00756	0.00420	0.00588	0.00168	0.00840	0.00588	0.00252	0.00672
43	0.01333	0.82783	0.02612	0.00853	0.01279	0.01972	0.00853	0.01493	0.01013	0.01173	0.00693	0.00800	0.00640	0.00426	0.00320	0.00107	0.00533	0.00267	0.00213	0.00640
44	0.00607	0.00434	0.00578	0.00694	0.00723	0.00405	0.00463	0.00694	0.00954	0.01272	0.02747	0.82157	0.03297	0.01562	0.00636	0.00202	0.00289	0.01417	0.00463	0.00405
45	0.01895	0.01396	0.01496	0.01147	0.01546	0.01546	0.00947	0.77711	0.02344	0.03141	0.01197	0.01197	0.00848	0.00598	0.00499	0.00150	0.00548	0.00449	0.00499	0.00848
46	0.00607	0.00434	0.00578	0.00694	0.00723	0.00405	0.00463	0.00694	0.00954	0.01272	0.02747	0.82157	0.03297	0.01562	0.00636	0.00202	0.00289	0.01417	0.00463	0.00405
47	0.01034	0.00886	0.01034	0.00738	0.01181	0.00664	0.00591	0.01255	0.01034	0.01624	0.00886	0.01034	0.00738	0.00369	0.00369	0.00074	0.00369	0.00295	0.00295	0.85530
48	0.00589	0.00505	0.00505	0.00505	0.00673	0.00421	0.00379	0.00715	0.01136	0.01347	0.05049	0.04797	0.79171	0.01262	0.00589	0.00168	0.00252	0.01052	0.00463	0.00421
49	0.01034	0.00886	0.01034	0.00738	0.01181	0.00664	0.00591	0.01255	0.01034	0.01624	0.00886	0.01034	0.00738	0.00369	0.00369	0.00074	0.00369	0.00295	0.00295	0.85530
50	0.30332	0.01637	0.01149	0.01034	0.01297	0.37706	0.00803	0.01856	0.11915	0.01685	0.00913	0.01014	0.00731	0.00541	0.00481	0.00148	0.05517	0.00344	0.00307	0.00592
51	0.01049	0.00996	0.01690	0.52399	0.31475	0.01136	0.01438	0.01368	0.01048	0.01405	0.00905	0.01294	0.00711	0.00478	0.00497	0.00159	0.00638	0.00443	0.00231	0.00641
52	0.01333	0.82783	0.02612	0.00853	0.01279	0.01972	0.00853	0.01493	0.01013	0.01173	0.00693	0.00800	0.00640	0.00426	0.00320	0.00107	0.00533	0.00267	0.00213	0.00640
53	0.00855	0.00710	0.00936	0.00857	0.00870	0.00881	0.00633	0.00920	0.00750	0.01078	0.01205	0.02289	0.01312	0.41613	0.13477	0.00433	0.29909	0.00593	0.00267	0.00411
54	0.00607	0.00434	0.00578	0.00694	0.00723	0.00405	0.00463	0.00694	0.00954	0.01272	0.02747	0.82157	0.03297	0.01562	0.00636	0.00202	0.00289	0.01417	0.00463	0.00405
55	0.01834	0.01624	0.01272	0.01104	0.01405	0.38726	0.00855	0.02270	0.18773	0.24948	0.01412	0.01354	0.01018	0.00581	0.00478	0.00145	0.00643	0.00430	0.00421	0.00706
56	0.00716	0.00516	0.00681	0.00658	0.00775	0.00481	0.00505	0.00950	0.01383	0.01945	0.71032	0.03924	0.04509	0.01057	0.00599	0.00164	0.00259	0.08837	0.00539	0.00469
57	0.00606	0.00437	0.00575	0.00685	0.00721	0.00406	0.00459	0.00695	0.00963	0.01276	0.02851	0.78655	0.06732	0.01548	0.00634	0.00201	0.00288	0.01400	0.00463	0.00406
58	0.01091	0.01091	0.01527	0.01309	0.01309	0.01527	0.01091	0.01200	0.00763	0.01200	0.00654	0.01091	0.00654	0.00872	0.01636	0.00218	0.81570	0.00436	0.00218	0.00545
59	0.01172	0.01330	0.02860	0.02056	0.02531	0.01276	0.73194	0.01574	0.01153	0.01574	0.00988	0.01330	0.00750	0.00446	0.00648	0.00171	0.05453	0.00580	0.00250	0.00665
60	0.01471	0.01201	0.01195	0.01039	0.01342	0.08531	0.00815	0.10324	0.55319	0.10349	0.01820	0.01685	0.01340	0.00647	0.00500	0.00162	0.00460	0.00523	0.00495	0.00782
61	0.01201	0.01302	0.01863	0.01502	0.01656	0.10594	0.19972	0.01389	0.00941	0.01300	0.00755	0.01131	0.00678	0.00719	0.01240	0.00195	0.52291	0.00460	0.00231	0.00580
62	0.12118	0.01334	0.01399	0.01087	0.01473	0.06132	0.04191	0.50068	0.03599	0.02651	0.01084	0.01134	0.00796	0.00544	0.00462	0.00142	0.00538	0.00410	0.00427	0.10411
63	0.13819	0.00627	0.00713	0.00744	0.00883	0.00633	0.00568	0.06121	0.01089	0.01606	0.02477	0.39702	0.09938	0.01229	0.00574	0.00190	0.00353	0.15334	0.00436	0.02964
64	0.11384	0.01194	0.01246	0.01026	0.01349	0.03723	0.00848	0.49945	0.01900	0.02652	0.06277	0.01980	0.01359	0.00726	0.00510	0.00162	0.00507	0.12024	0.00466	0.00720
65	0.13225	0.00798	0.00880	0.00765	0.00994	0.03216	0.00604	0.08650	0.04250	0.13779	0.39795	0.02607	0.02843	0.00808	0.00518	0.00155	0.00351	0.02868	0.00502	0.02392
66	0.01403	0.01313	0.02318	0.01684	0.02146	0.01294	0.46869	0.23863	0.03235	0.03811	0.01100	0.01301	0.00810	0.00479	0.00544	0.00156	0.00706	0.00526	0.00341	0.06101

[dist]
# distance from previous block
# <min> <max>
7	58

[block]
# block no. 6 follows, 50 sequences, length 9
# corresponding to MSA columns:
# 1339-1347
name=unknown_G
#
# <colnr> <probs for GDERKNQSTAVLIFYWHMCP>
#	G	D	E	R	K	N	Q	S	T	A	V	L	I	F	Y	W	H	M	C	P
0	0.27784	0.01559	0.01395	0.01162	0.01486	0.29703	0.11928	0.06595	0.08003	0.04553	0.00960	0.01067	0.00738	0.00507	0.00436	0.00148	0.00649	0.00380	0.00322	0.00625
1	0.01218	0.44386	0.32137	0.01062	0.01591	0.01533	0.01209	0.01543	0.01066	0.05000	0.04456	0.01073	0.00852	0.00481	0.00400	0.00131	0.00592	0.00346	0.00246	0.00679
2	0.51524	0.01141	0.01046	0.00857	0.01202	0.01293	0.00707	0.32721	0.01461	0.02607	0.00900	0.00968	0.00666	0.00518	0.00386	0.00152	0.00452	0.00343	0.00386	0.00666
3	0.00866	0.00433	0.00649	0.00649	0.00649	0.00433	0.00433	0.00649	0.00649	0.00866	0.00866	0.01515	0.00866	0.01732	0.01948	0.85498	0.00433	0.00433	0.00216	0.00216
4	0.00652	0.00467	0.00582	0.00655	0.00701	0.00442	0.00444	0.00735	0.00936	0.01225	0.02712	0.46484	0.11696	0.21661	0.01109	0.00271	0.00349	0.08069	0.00422	0.00386
5	0.01538	0.00865	0.01059	0.00882	0.01117	0.00893	0.00685	0.22911	0.08131	0.21779	0.01342	0.01502	0.01012	0.01036	0.01045	0.32248	0.00460	0.00466	0.00424	0.00605
6	0.00866	0.00433	0.00649	0.00649	0.00649	0.00433	0.00433	0.00649	0.00649	0.00866	0.00866	0.01515	0.00866	0.01732	0.01948	0.85498	0.00433	0.00433	0.00216	0.00216
7	0.00712	0.00501	0.00633	0.00699	0.00753	0.00489	0.00507	0.00815	0.00943	0.01234	0.02420	0.23697	0.07296	0.31391	0.01353	0.00313	0.00413	0.25044	0.00402	0.00385
8	0.00866	0.00433	0.00649	0.00649	0.00649	0.00433	0.00433	0.00649	0.00649	0.00866	0.00866	0.01515	0.00866	0.01732	0.01948	0.85498	0.00433	0.00433	0.00216	0.00216

[dist]
# distance from previous block
# <min> <max>
0	5

[block]
# block no. 7 follows, 50 sequences, length 177
# corresponding to MSA columns:
# 1353-1529
name=unknown_H
#
# <colnr> <probs for GDERKNQSTAVLIFYWHMCP>
#	G	D	E	R	K	N	Q	S	T	A	V	L	I	F	Y	W	H	M	C	P
0	0.07891	0.01795	0.01465	0.01412	0.10839	0.39123	0.01000	0.24114	0.01588	0.01907	0.00906	0.01027	0.00713	0.00540	0.00502	0.00142	0.03654	0.00374	0.00329	0.00679
1	0.00769	0.00488	0.00673	0.00716	0.00781	0.00472	0.00541	0.00805	0.00968	0.01282	0.12014	0.14647	0.08561	0.01479	0.01127	0.31831	0.00380	0.21725	0.00381	0.00360
2	0.00681	0.00480	0.00600	0.00617	0.00674	0.00455	0.00414	0.00799	0.01063	0.01459	0.31933	0.25536	0.05088	0.26553	0.01209	0.00271	0.00328	0.00994	0.00446	0.00398
3	0.00941	0.00886	0.01495	0.81285	0.03433	0.01107	0.01384	0.01274	0.00997	0.01274	0.00886	0.01329	0.00664	0.00498	0.00498	0.00166	0.00664	0.00443	0.00221	0.00554
4	0.01903	0.01383	0.01488	0.01141	0.01539	0.01526	0.00942	0.75900	0.02321	0.04984	0.01215	0.01209	0.00857	0.00599	0.00499	0.00150	0.00545	0.00450	0.00501	0.00848
5	0.00862	0.00434	0.00646	0.00646	0.00646	0.00434	0.00429	0.00652	0.00652	0.00869	0.00886	0.01566	0.00893	0.04084	0.01965	0.83022	0.00434	0.00441	0.00219	0.00219
6	0.00645	0.00473	0.00543	0.00582	0.00642	0.00439	0.00378	0.00712	0.00924	0.01181	0.03001	0.29722	0.25480	0.31479	0.01327	0.00296	0.00350	0.01051	0.00403	0.00371
