[name]
unknown

[dist]
# distance from previous block
# <min> <max>
0	68

[block]
# block no. 0 follows, 43 sequences, length 7
# corresponding to MSA columns:
# 106-112
name=unknown_A
#
# <colnr> <probs for GDERKNQSTAVLIFYWHMCP>
#	G	D	E	R	K	N	Q	S	T	A	V	L	I	F	Y	W	H	M	C	P
0	0.15145	0.16084	0.44696	0.01274	0.01890	0.01380	0.01506	0.01661	0.01133	0.01789	0.01092	0.01532	0.00910	0.00605	0.00487	0.00172	0.00685	0.06945	0.00278	0.00735
1	0.00757	0.07764	0.00835	0.00709	0.00845	0.00623	0.00525	0.00899	0.01204	0.01547	0.14396	0.38175	0.26883	0.01428	0.00651	0.00196	0.00324	0.01247	0.00503	0.00490
2	0.00997	0.00868	0.01387	0.01989	0.36148	0.00851	0.01063	0.01201	0.01153	0.01597	0.02121	0.43659	0.02372	0.01160	0.00633	0.00197	0.00477	0.01074	0.00403	0.00648
3	0.02088	0.02056	0.01619	0.01345	0.01715	0.37209	0.01061	0.41398	0.02125	0.02501	0.01110	0.01176	0.00836	0.00621	0.00529	0.00155	0.00790	0.00433	0.00430	0.00803
4	0.01254	0.43808	0.02147	0.01045	0.01323	0.01717	0.00943	0.01424	0.01007	0.01305	0.00934	0.01273	0.00878	0.01479	0.19673	0.00334	0.18157	0.00410	0.00253	0.00635
5	0.16935	0.01853	0.01476	0.01230	0.01599	0.28928	0.00977	0.35943	0.01936	0.02548	0.01060	0.01134	0.00799	0.00604	0.00496	0.00159	0.00716	0.00412	0.00420	0.00773
6	0.25497	0.01452	0.01294	0.01070	0.01423	0.12589	0.00861	0.34508	0.01852	0.02737	0.10292	0.01500	0.01332	0.00665	0.00498	0.00165	0.00572	0.00482	0.00461	0.00749

[dist]
# distance from previous block
# <min> <max>
0	2

[block]
# block no. 1 follows, 43 sequences, length 10
# corresponding to MSA columns:
# 115-124
name=unknown_B
#
# <colnr> <probs for GDERKNQSTAVLIFYWHMCP>
#	G	D	E	R	K	N	Q	S	T	A	V	L	I	F	Y	W	H	M	C	P
0	0.01728	0.02120	0.01321	0.01214	0.01461	0.58919	0.00902	0.01859	0.01458	0.01358	0.01745	0.01947	0.13950	0.06846	0.00704	0.00181	0.00839	0.00531	0.00329	0.00588
1	0.01441	0.72395	0.11025	0.01016	0.01527	0.02093	0.01067	0.01669	0.01130	0.01352	0.00794	0.00919	0.00710	0.00480	0.00374	0.00125	0.00617	0.00308	0.00237	0.00722
2	0.02054	0.01862	0.01611	0.01312	0.01701	0.24953	0.01048	0.49058	0.06362	0.02777	0.01237	0.01270	0.00914	0.00641	0.00538	0.00160	0.00718	0.00463	0.00473	0.00847
3	0.00744	0.00511	0.00622	0.00683	0.00698	0.00496	0.00420	0.00789	0.00926	0.01234	0.02361	0.39693	0.02791	0.43407	0.01824	0.00390	0.00435	0.01168	0.00420	0.00389
4	0.00791	0.00535	0.00629	0.00642	0.00652	0.00539	0.00380	0.00815	0.00838	0.01124	0.01859	0.11313	0.02136	0.66948	0.08106	0.00531	0.00584	0.00868	0.00351	0.00359
5	0.30125	0.26827	0.08401	0.00971	0.01408	0.07385	0.00912	0.01878	0.01180	0.14893	0.01041	0.01097	0.00786	0.00536	0.00412	0.00153	0.00566	0.00357	0.00354	0.00717
6	0.01814	0.15396	0.01661	0.01180	0.01532	0.27189	0.00950	0.04651	0.24877	0.13045	0.01492	0.01456	0.01124	0.00631	0.00505	0.00158	0.00663	0.00465	0.00432	0.00781
7	0.01480	0.01545	0.24039	0.01101	0.01667	0.00949	0.01120	0.01896	0.04588	0.20667	0.01343	0.01379	0.00961	0.00529	0.00488	0.00137	0.00549	0.00423	0.00399	0.34740
8	0.10154	0.01156	0.01453	0.01577	0.20221	0.04295	0.01009	0.03858	0.12488	0.23927	0.05205	0.01672	0.01314	0.00620	0.00522	0.00162	0.00518	0.00515	0.00472	0.08862
9	0.31712	0.01449	0.01306	0.01305	0.10530	0.16747	0.00914	0.07047	0.10605	0.09048	0.01179	0.01249	0.00892	0.00575	0.00463	0.00164	0.00588	0.00413	0.00396	0.03419

[dist]
# distance from previous block
# <min> <max>
6	16

[block]
# block no. 2 follows, 43 sequences, length 19
# corresponding to MSA columns:
# 141-159
name=unknown_C
#
# <colnr> <probs for GDERKNQSTAVLIFYWHMCP>
#	G	D	E	R	K	N	Q	S	T	A	V	L	I	F	Y	W	H	M	C	P
0	0.04540	0.01283	0.01786	0.13849	0.38428	0.06896	0.01356	0.05959	0.06703	0.05868	0.05248	0.01648	0.02814	0.00601	0.00548	0.00169	0.00629	0.00531	0.00354	0.00790
1	0.03803	0.01144	0.01546	0.01788	0.27483	0.04446	0.01069	0.04787	0.03252	0.24193	0.01472	0.01715	0.01142	0.08781	0.00761	0.00195	0.00562	0.00517	0.00429	0.10916
2	0.01533	0.01271	0.01813	0.02029	0.30434	0.01274	0.05082	0.16309	0.08153	0.06745	0.01260	0.01415	0.00975	0.00557	0.00564	0.00155	0.02702	0.00486	0.00390	0.16852
3	0.26549	0.21496	0.01712	0.01044	0.01449	0.09128	0.00893	0.27618	0.01635	0.02432	0.00976	0.01058	0.00759	0.00563	0.00436	0.00153	0.00589	0.00374	0.00385	0.00752
4	0.01391	0.01351	0.02006	0.02814	0.58029	0.05918	0.01481	0.01810	0.07906	0.01826	0.01132	0.01387	0.00934	0.00512	0.00532	0.00157	0.00634	0.00480	0.00306	0.09395
5	0.00766	0.00552	0.00745	0.00868	0.00947	0.00530	0.00671	0.00932	0.01160	0.01521	0.03114	0.45470	0.06678	0.01633	0.00729	0.00236	0.00400	0.32059	0.00512	0.00476
6	0.01261	0.11464	0.58988	0.01415	0.02130	0.01314	0.01745	0.01796	0.01219	0.08458	0.04406	0.01331	0.00961	0.00561	0.00515	0.00169	0.00737	0.00436	0.00291	0.00804
7	0.01511	0.69194	0.07305	0.01028	0.01506	0.08908	0.01025	0.01713	0.01167	0.01335	0.00791	0.00915	0.00710	0.00486	0.00379	0.00124	0.00642	0.00308	0.00241	0.00711
8	0.00707	0.00505	0.00680	0.00808	0.00855	0.00478	0.00571	0.00827	0.01092	0.01450	0.03035	0.69146	0.03592	0.01704	0.00716	0.00229	0.00349	0.12283	0.00513	0.00459
9	0.00805	0.00537	0.00604	0.00604	0.00604	0.00537	0.00336	0.00805	0.00805	0.01074	0.01745	0.03624	0.02013	0.80536	0.02819	0.00537	0.00537	0.00805	0.00336	0.00336
10	0.77124	0.01114	0.00889	0.00777	0.01129	0.01285	0.00640	0.08175	0.01090	0.02574	0.00821	0.00938	0.00630	0.00528	0.00362	0.00171	0.00445	0.00318	0.00362	0.00630
11	0.00657	0.00553	0.00569	0.00583	0.00754	0.00466	0.00430	0.00792	0.01242	0.01488	0.05348	0.13019	0.69337	0.01437	0.00660	0.00191	0.00285	0.01211	0.00514	0.00466
12	0.01309	0.09889	0.20454	0.02527	0.38510	0.01414	0.14575	0.01721	0.01233	0.01738	0.01016	0.01295	0.00812	0.00495	0.00542	0.00166	0.00738	0.00481	0.00262	0.00823
13	0.01468	0.10371	0.38663	0.01375	0.01972	0.08300	0.01497	0.13863	0.11439	0.04065	0.01213	0.01290	0.00892	0.00582	0.00517	0.00167	0.00717	0.00440	0.00347	0.00823
14	0.01262	0.21305	0.45597	0.01328	0.01987	0.05501	0.01554	0.01754	0.03420	0.01647	0.00970	0.01118	0.00746	0.00511	0.00473	0.00151	0.00720	0.00378	0.00257	0.09323
15	0.01452	0.01572	0.19091	0.01415	0.09433	0.01230	0.01208	0.12188	0.21351	0.08175	0.03489	0.01583	0.01208	0.00613	0.00530	0.00161	0.00566	0.00503	0.00430	0.13802
16	0.01456	0.01889	0.34879	0.01257	0.01856	0.01164	0.01356	0.12818	0.05567	0.12228	0.03506	0.01422	0.01038	0.00576	0.00518	0.00156	0.00625	0.00456	0.00390	0.16843
17	0.10234	0.01196	0.08148	0.03613	0.13190	0.01023	0.01033	0.04839	0.05192	0.29148	0.07349	0.01718	0.01381	0.00630	0.00524	0.00163	0.00516	0.00519	0.00481	0.09104
18	0.15470	0.17738	0.02867	0.19158	0.08197	0.01370	0.03240	0.03458	0.04786	0.07802	0.02999	0.01339	0.00945	0.00547	0.00469	0.00156	0.00576	0.00432	0.00338	0.08115

[dist]
# distance from previous block
# <min> <max>
26	80

[block]
# block no. 3 follows, 43 sequences, length 14
# corresponding to MSA columns:
# 249-262
name=unknown_D
#
# <colnr> <probs for GDERKNQSTAVLIFYWHMCP>
#	G	D	E	R	K	N	Q	S	T	A	V	L	I	F	Y	W	H	M	C	P
0	0.04730	0.20395	0.23954	0.01029	0.01420	0.01161	0.01061	0.01341	0.01133	0.01589	0.09010	0.20843	0.01973	0.07165	0.00714	0.00202	0.00549	0.00751	0.00353	0.00626
1	0.01141	0.46967	0.01949	0.00873	0.01161	0.01457	0.00765	0.01284	0.01098	0.01350	0.01733	0.34326	0.01956	0.01006	0.00504	0.00163	0.00478	0.00835	0.00354	0.00601
2	0.01808	0.47315	0.02315	0.01036	0.01495	0.01838	0.00951	0.20387	0.01576	0.14771	0.01151	0.01169	0.00881	0.00558	0.00440	0.00139	0.00576	0.00391	0.00393	0.00808
3	0.01506	0.67529	0.08664	0.01041	0.01525	0.09127	0.01045	0.01717	0.01170	0.01343	0.00796	0.00921	0.00710	0.00487	0.00382	0.00125	0.00647	0.00311	0.00241	0.00713
4	0.00675	0.00482	0.00643	0.00771	0.00803	0.00450	0.00514	0.00771	0.01060	0.01414	0.03053	0.80175	0.03663	0.01735	0.00707	0.00225	0.00321	0.01574	0.00514	0.00450
5	0.84448	0.01071	0.00814	0.00728	0.01071	0.01242	0.00600	0.01628	0.00943	0.02485	0.00771	0.00900	0.00600	0.00514	0.00343	0.00171	0.00428	0.00300	0.00343	0.00600
6	0.00805	0.00537	0.00604	0.00604	0.00604	0.00537	0.00336	0.00805	0.00805	0.01074	0.01745	0.03624	0.02013	0.80536	0.02819	0.00537	0.00537	0.00805	0.00336	0.00336
7	0.01481	0.80869	0.02902	0.00948	0.01421	0.02191	0.00948	0.01658	0.01125	0.01303	0.00770	0.00888	0.00711	0.00474	0.00355	0.00118	0.00592	0.00296	0.00237	0.00711
8	0.01148	0.00984	0.01148	0.00820	0.01312	0.00738	0.00656	0.01395	0.01148	0.01805	0.00984	0.01148	0.00820	0.00410	0.00410	0.00082	0.00410	0.00328	0.00328	0.83922
9	0.01363	0.01337	0.02372	0.03270	0.68095	0.01326	0.10588	0.01709	0.01267	0.01805	0.01051	0.01386	0.00873	0.00490	0.00561	0.00167	0.00691	0.00513	0.00275	0.00861
10	0.01317	0.01309	0.01998	0.28578	0.46664	0.07347	0.01596	0.01645	0.01234	0.01642	0.01008	0.01377	0.00818	0.00520	0.00546	0.00169	0.00712	0.00482	0.00266	0.00771
11	0.01148	0.00984	0.01148	0.00820	0.01312	0.00738	0.00656	0.01395	0.01148	0.01805	0.00984	0.01148	0.00820	0.00410	0.00410	0.00082	0.00410	0.00328	0.00328	0.83922
12	0.01339	0.01284	0.02191	0.10698	0.70028	0.01308	0.01684	0.01672	0.01246	0.01771	0.01036	0.01381	0.00864	0.00499	0.00549	0.00166	0.00666	0.00493	0.00271	0.00852
13	0.05268	0.01335	0.01523	0.01229	0.03921	0.01411	0.00979	0.46296	0.04970	0.24949	0.01584	0.01505	0.01080	0.00663	0.00547	0.00169	0.00557	0.00513	0.00576	0.00925

[dist]
# distance from previous block
# <min> <max>
0	4

[block]
# block no. 4 follows, 43 sequences, length 9
# corresponding to MSA columns:
# 267-275
name=unknown_E
#
# <colnr> <probs for GDERKNQSTAVLIFYWHMCP>
#	G	D	E	R	K	N	Q	S	T	A	V	L	I	F	Y	W	H	M	C	P
0	0.01482	0.01252	0.02057	0.11552	0.57668	0.01274	0.01561	0.05175	0.01339	0.09552	0.01165	0.01433	0.00915	0.00528	0.00550	0.00168	0.00646	0.00500	0.00326	0.00858
1	0.01458	0.01240	0.01845	0.16105	0.14552	0.01326	0.12139	0.27541	0.01685	0.02267	0.01443	0.13099	0.01283	0.00746	0.00590	0.00181	0.00646	0.00679	0.00405	0.00769
2	0.01995	0.02026	0.01565	0.01328	0.01679	0.38360	0.01038	0.31007	0.11513	0.02318	0.01221	0.01265	0.00928	0.00631	0.00529	0.00158	0.00774	0.00447	0.00427	0.00790
3	0.00676	0.00510	0.00625	0.00706	0.00789	0.00460	0.00488	0.00796	0.01152	0.01490	0.08617	0.53613	0.24874	0.01600	0.00688	0.00211	0.00306	0.01420	0.00520	0.00460
4	0.00737	0.00508	0.00624	0.00692	0.00709	0.00491	0.00429	0.00787	0.00939	0.01252	0.02431	0.43812	0.02879	0.39167	0.01710	0.00373	0.00424	0.01209	0.00429	0.00396
5	0.01481	0.80869	0.02902	0.00948	0.01421	0.02191	0.00948	0.01658	0.01125	0.01303	0.00770	0.00888	0.00711	0.00474	0.00355	0.00118	0.00592	0.00296	0.00237	0.00711
6	0.01481	0.80869	0.02902	0.00948	0.01421	0.02191	0.00948	0.01658	0.01125	0.01303	0.00770	0.00888	0.00711	0.00474	0.00355	0.00118	0.00592	0.00296	0.00237	0.00711
7	0.00668	0.00508	0.00615	0.00701	0.00785	0.00456	0.00483	0.00779	0.01128	0.01441	0.03910	0.55072	0.28212	0.01624	0.00689	0.00212	0.00308	0.01438	0.00514	0.00456
8	0.00692	0.00489	0.00638	0.00750	0.00778	0.00461	0.00491	0.00776	0.01028	0.01370	0.02884	0.70315	0.03451	0.11884	0.00979	0.00265	0.00349	0.01475	0.00491	0.00435

[dist]
# distance from previous block
# <min> <max>
0	6

[block]
# block no. 5 follows, 43 sequences, length 7
# corresponding to MSA columns:
# 282-288
name=unknown_F
#
# <colnr> <probs for GDERKNQSTAVLIFYWHMCP>
#	G	D	E	R	K	N	Q	S	T	A	V	L	I	F	Y	W	H	M	C	P
0	0.01445	0.05134	0.38247	0.01353	0.01946	0.01386	0.01469	0.14372	0.20007	0.07008	0.01430	0.01453	0.01030	0.00613	0.00535	0.00174	0.00658	0.00483	0.00398	0.00857
1	0.01496	0.13782	0.01761	0.01495	0.15594	0.01443	0.01036	0.16771	0.21522	0.02203	0.01371	0.01431	0.01071	0.00578	0.00497	0.00148	0.00533	0.00468	0.00412	0.16386
2	0.01221	0.01131	0.01880	0.17115	0.51369	0.01177	0.01455	0.01506	0.01161	0.01620	0.01142	0.01745	0.01030	0.13096	0.00906	0.00227	0.00654	0.00542	0.00279	0.00743
3	0.01336	0.01776	0.26185	0.17002	0.12706	0.01424	0.01582	0.15335	0.01387	0.01953	0.01019	0.01294	0.00782	0.00623	0.00743	0.00185	0.13123	0.00466	0.00303	0.00776
4	0.01162	0.01221	0.01392	0.01136	0.01439	0.16822	0.14549	0.01406	0.01391	0.01726	0.19730	0.02907	0.20573	0.00866	0.00591	0.00161	0.00563	0.00759	0.00422	0.11183
5	0.01435	0.01134	0.01297	0.01048	0.01416	0.04401	0.05413	0.13442	0.19151	0.09712	0.02421	0.02349	0.16855	0.00775	0.00553	0.00160	0.00486	0.00644	0.00489	0.16819
6	0.01324	0.01084	0.01410	0.01125	0.01434	0.05264	0.12378	0.08461	0.10879	0.07570	0.11379	0.02288	0.01806	0.17216	0.01028	0.00236	0.00559	0.00639	0.00434	0.13485

[dist]
# distance from previous block
# <min> <max>
6	24

[block]
# block no. 6 follows, 43 sequences, length 6
# corresponding to MSA columns:
# 313-318
name=unknown_G
#
# <colnr> <probs for GDERKNQSTAVLIFYWHMCP>
#	G	D	E	R	K	N	Q	S	T	A	V	L	I	F	Y	W	H	M	C	P
0	0.17796	0.01364	0.01548	0.06027	0.25048	0.10663	0.01127	0.08659	0.09493	0.05322	0.01333	0.01467	0.03638	0.00592	0.00504	0.00165	0.00600	0.00475	0.00373	0.03808
1	0.10496	0.01135	0.01548	0.01818	0.29141	0.01094	0.01082	0.01902	0.10372	0.12456	0.01304	0.01417	0.01000	0.00532	0.00493	0.00147	0.00515	0.00454	0.00388	0.22706
2	0.01751	0.01236	0.01286	0.01044	0.01405	0.09448	0.00832	0.18202	0.11186	0.20534	0.14069	0.01962	0.01809	0.00713	0.00547	0.00157	0.00512	0.00574	0.00536	0.12198
3	0.00907	0.00698	0.00887	0.01005	0.08111	0.00661	0.00694	0.01201	0.06696	0.04744	0.12959	0.12724	0.31731	0.01265	0.00658	0.00198	0.00376	0.13404	0.00513	0.00567
4	0.01859	0.01619	0.10850	0.01257	0.01716	0.01552	0.01124	0.59268	0.02331	0.03159	0.08408	0.01575	0.01317	0.00692	0.00560	0.00168	0.00602	0.00535	0.00520	0.00887
5	0.01046	0.00984	0.01661	0.79205	0.03814	0.01230	0.01538	0.01415	0.01107	0.01415	0.00984	0.01477	0.00738	0.00554	0.00554	0.00185	0.00738	0.00492	0.00246	0.00615

[dist]
# distance from previous block
# <min> <max>
17	36

[block]
# block no. 7 follows, 43 sequences, length 6
# corresponding to MSA columns:
# 364-369
name=unknown_H
#
# <colnr> <probs for GDERKNQSTAVLIFYWHMCP>
#	G	D	E	R	K	N	Q	S	T	A	V	L	I	F	Y	W	H	M	C	P
0	0.06163	0.01613	0.01490	0.01236	0.01606	0.21931	0.03746	0.18869	0.17362	0.18033	0.01539	0.01496	0.01106	0.00647	0.00535	0.00167	0.00652	0.00495	0.00491	0.00823
1	0.52018	0.00931	0.00846	0.00787	0.01058	0.01028	0.00616	0.05505	0.01108	0.07271	0.01507	0.22216	0.01490	0.00861	0.00466	0.00185	0.00413	0.00669	0.00423	0.00601
2	0.01073	0.00984	0.01524	0.58216	0.03145	0.01099	0.01302	0.01410	0.01118	0.01519	0.00984	0.01389	0.00760	0.00515	0.00515	0.00157	0.00650	0.00448	0.00268	0.22922
3	0.01046	0.00984	0.01661	0.79205	0.03814	0.01230	0.01538	0.01415	0.01107	0.01415	0.00984	0.01477	0.00738	0.00554	0.00554	0.00185	0.00738	0.00492	0.00246	0.00615
4	0.06712	0.01338	0.01719	0.01792	0.21072	0.01443	0.04922	0.25870	0.21725	0.05466	0.01492	0.01541	0.01116	0.00625	0.00547	0.00173	0.00576	0.00530	0.00463	0.00877
5	0.01910	0.01454	0.01552	0.01235	0.01643	0.01626	0.01006	0.55878	0.22278	0.03176	0.01577	0.01527	0.01142	0.00688	0.00557	0.00172	0.00564	0.00533	0.00557	0.00924

[dist]
# distance from previous block
# <min> <max>
3	8

[block]
# block no. 8 follows, 43 sequences, length 11
# corresponding to MSA columns:
# 378-388
name=unknown_I
#
# <colnr> <probs for GDERKNQSTAVLIFYWHMCP>
#	G	D	E	R	K	N	Q	S	T	A	V	L	I	F	Y	W	H	M	C	P
0	0.01627	0.01669	0.01256	0.01171	0.01409	0.37227	0.00882	0.04687	0.10997	0.07646	0.01780	0.20640	0.01720	0.00930	0.00576	0.00176	0.00685	0.03838	0.00428	0.00655
1	0.01716	0.01439	0.01329	0.01124	0.01439	0.21474	0.00884	0.02145	0.14511	0.19246	0.05555	0.01708	0.03162	0.00695	0.00655	0.00161	0.08512	0.00513	0.00452	0.13282
2	0.01425	0.69121	0.14163	0.01043	0.01568	0.02055	0.01113	0.01673	0.01132	0.01371	0.00804	0.00931	0.00709	0.00482	0.00381	0.00127	0.00626	0.00313	0.00236	0.00727
3	0.01116	0.00950	0.01113	0.00817	0.01277	0.00718	0.00646	0.01351	0.01142	0.01778	0.01128	0.06625	0.01017	0.00502	0.00431	0.00092	0.00404	0.00414	0.00341	0.78137
4	0.00675	0.00482	0.00643	0.00771	0.00803	0.00450	0.00514	0.00771	0.01060	0.01414	0.03053	0.80175	0.03663	0.01735	0.00707	0.00225	0.00321	0.01574	0.00514	0.00450
5	0.71847	0.00995	0.00803	0.00724	0.01034	0.01134	0.00588	0.01540	0.01037	0.02445	0.12221	0.01387	0.01297	0.00607	0.00390	0.00172	0.00403	0.00406	0.00383	0.00588
6	0.00685	0.00486	0.00640	0.00758	0.00787	0.00457	0.00500	0.00774	0.01040	0.01387	0.02948	0.74079	0.03532	0.08010	0.00875	0.00250	0.00338	0.01513	0.00500	0.00441
7	0.00805	0.00537	0.00604	0.00604	0.00604	0.00537	0.00336	0.00805	0.00805	0.01074	0.01745	0.03624	0.02013	0.80536	0.02819	0.00537	0.00537	0.00805	0.00336	0.00336
8	0.47689	0.01208	0.01101	0.00915	0.01290	0.05718	0.00748	0.13485	0.01389	0.19959	0.01192	0.01202	0.00839	0.00581	0.00435	0.00169	0.00500	0.00394	0.00452	0.00736
9	0.13576	0.01219	0.01553	0.16273	0.21627	0.04566	0.01185	0.07102	0.14847	0.04664	0.01323	0.01598	0.01046	0.00607	0.00522	0.00172	0.00589	0.02879	0.00376	0.04277
10	0.01515	0.34273	0.04839	0.01158	0.01625	0.03549	0.08274	0.09707	0.10401	0.05318	0.01152	0.01236	0.00914	0.00531	0.00459	0.00138	0.00594	0.00415	0.00350	0.13551

[dist]
# distance from previous block
# <min> <max>
12	27

[block]
# block no. 9 follows, 43 sequences, length 12
# corresponding to MSA columns:
# 419-430
name=unknown_J
#
# <colnr> <probs for GDERKNQSTAVLIFYWHMCP>
#	G	D	E	R	K	N	Q	S	T	A	V	L	I	F	Y	W	H	M	C	P
0	0.21668	0.01203	0.01193	0.01047	0.01383	0.01384	0.00830	0.11043	0.49247	0.02494	0.01786	0.01697	0.01338	0.00684	0.00509	0.00181	0.00456	0.00532	0.00509	0.00817
1	0.02241	0.00976	0.01267	0.00997	0.01395	0.00901	0.00814	0.06626	0.09081	0.60915	0.07055	0.02021	0.01633	0.00720	0.00564	0.00173	0.00462	0.00590	0.00661	0.00908
2	0.01575	0.68388	0.02690	0.01024	0.01468	0.14336	0.00967	0.01747	0.01196	0.01311	0.00784	0.00906	0.00711	0.00489	0.00378	0.00122	0.00657	0.00306	0.00245	0.00700
3	0.00962	0.00481	0.00722	0.00722	0.00722	0.00481	0.00481	0.00722	0.00722	0.00962	0.00962	0.01684	0.00962	0.01924	0.02165	0.83886	0.00481	0.00481	0.00241	0.00241
4	0.00675	0.00482	0.00643	0.00771	0.00803	0.00450	0.00514	0.00771	0.01060	0.01414	0.03053	0.80175	0.03663	0.01735	0.00707	0.00225	0.00321	0.01574	0.00514	0.00450
5	0.84448	0.01071	0.00814	0.00728	0.01071	0.01242	0.00600	0.01628	0.00943	0.02485	0.00771	0.00900	0.00600	0.00514	0.00343	0.00171	0.00428	0.00300	0.00343	0.00600
6	0.00675	0.00482	0.00643	0.00771	0.00803	0.00450	0.00514	0.00771	0.01060	0.01414	0.03053	0.80175	0.03663	0.01735	0.00707	0.00225	0.00321	0.01574	0.00514	0.00450
7	0.05378	0.08795	0.21401	0.01293	0.01769	0.25106	0.03773	0.05039	0.04447	0.03547	0.05340	0.01319	0.01043	0.00575	0.00498	0.00151	0.00736	0.00429	0.00326	0.09036
8	0.01468	0.26366	0.05283	0.01140	0.01558	0.01408	0.10364	0.07779	0.08266	0.11970	0.06022	0.04019	0.08866	0.00707	0.00521	0.00159	0.00556	0.00591	0.00417	0.02542
9	0.03832	0.29604	0.29773	0.01175	0.01735	0.01502	0.01293	0.01880	0.06156	0.11695	0.05470	0.01386	0.01113	0.00578	0.00475	0.00156	0.00625	0.00434	0.00341	0.00778
10	0.01664	0.01431	0.05852	0.01188	0.01647	0.10140	0.07108	0.14061	0.07647	0.14524	0.01340	0.01387	0.00985	0.00556	0.00508	0.00140	0.00591	0.00453	0.00429	0.28349
11	0.01562	0.07021	0.18650	0.01347	0.01832	0.08091	0.11119	0.09785	0.04564	0.14653	0.06707	0.01850	0.01366	0.00664	0.00557	0.00169	0.00664	0.04669	0.00415	0.04314

[dist]
# distance from previous block
# <min> <max>
52	79

[block]
# block no. 10 follows, 43 sequences, length 49
# corresponding to MSA columns:
# 534-582
name=unknown_K
#
# <colnr> <probs for GDERKNQSTAVLIFYWHMCP>
#	G	D	E	R	K	N	Q	S	T	A	V	L	I	F	Y	W	H	M	C	P
0	0.01372	0.01240	0.02171	0.01688	0.03833	0.01243	0.34919	0.02027	0.19348	0.08998	0.07319	0.03619	0.01490	0.00660	0.00674	0.00184	0.04725	0.00663	0.00416	0.03411
1	0.01594	0.01653	0.01287	0.01247	0.05804	0.35025	0.00887	0.05017	0.09778	0.06505	0.03959	0.06219	0.12119	0.05641	0.00693	0.00187	0.00680	0.00638	0.00409	0.00657
2	0.01303	0.00797	0.00902	0.00791	0.01070	0.00750	0.00621	0.03492	0.14583	0.21826	0.04006	0.03744	0.41735	0.01080	0.00610	0.00183	0.00367	0.00895	0.00569	0.00677
3	0.01114	0.01036	0.01106	0.01088	0.03583	0.12381	0.05074	0.08625	0.03729	0.01694	0.02666	0.38902	0.11825	0.01260	0.00643	0.00198	0.00503	0.03534	0.00464	0.00577
4	0.01055	0.00798	0.00960	0.00981	0.01154	0.00849	0.00769	0.03986	0.24772	0.03824	0.02687	0.28443	0.02751	0.01302	0.00671	0.00219	0.00429	0.23187	0.00534	0.00631
5	0.00704	0.00509	0.00666	0.00780	0.00836	0.00477	0.00548	0.00821	0.01096	0.01441	0.03209	0.62704	0.09526	0.03956	0.00771	0.00235	0.00348	0.10411	0.00508	0.00455
6	0.01750	0.02123	0.08947	0.01739	0.04649	0.35204	0.22050	0.13349	0.01609	0.01856	0.01023	0.01218	0.00789	0.00549	0.00555	0.00162	0.00892	0.00472	0.00321	0.00742
7	0.01403	0.01227	0.01121	0.01002	0.01225	0.15234	0.00750	0.18595	0.08582	0.03798	0.08997	0.14441	0.06368	0.13627	0.00944	0.00234	0.00554	0.00787	0.00470	0.00641
8	0.08637	0.00659	0.00852	0.00865	0.00976	0.00685	0.01950	0.01049	0.01215	0.01781	0.23409	0.32158	0.03470	0.01338	0.00750	0.00211	0.06340	0.12646	0.00500	0.00511
9	0.01708	0.08723	0.13047	0.01652	0.11276	0.41931	0.03067	0.02092	0.08406	0.01568	0.01030	0.01174	0.00827	0.00561	0.00508	0.00154	0.00842	0.00409	0.00298	0.00728
10	0.01225	0.00752	0.00922	0.00910	0.01099	0.02672	0.00720	0.06094	0.01362	0.16873	0.02967	0.28002	0.11110	0.01330	0.00672	0.00212	0.00436	0.21495	0.00544	0.00604
11	0.08742	0.17763	0.56260	0.01380	0.02088	0.01457	0.01703	0.01724	0.01140	0.01733	0.00930	0.01091	0.00694	0.00515	0.00477	0.00164	0.00739	0.00377	0.00244	0.00778
12	0.01937	0.01284	0.01361	0.01136	0.01499	0.08415	0.00920	0.20622	0.19730	0.26784	0.01934	0.02114	0.01449	0.00764	0.00572	0.00179	0.00551	0.07323	0.00570	0.00858
13	0.04226	0.09127	0.06380	0.02142	0.21124	0.13709	0.24920	0.08404	0.01418	0.01848	0.01026	0.01276	0.00811	0.00513	0.00549	0.00165	0.00791	0.00494	0.00300	0.00776
14	0.03782	0.01638	0.01780	0.08752	0.01927	0.21421	0.08758	0.14997	0.01450	0.04308	0.00983	0.01246	0.00793	0.00699	0.00931	0.00188	0.24846	0.00470	0.00331	0.00702
15	0.02000	0.01328	0.01478	0.01503	0.15758	0.14984	0.01008	0.07345	0.01562	0.37027	0.01988	0.01911	0.08197	0.00694	0.00554	0.00166	0.00594	0.00562	0.00510	0.00831
16	0.00739	0.00541	0.00675	0.00726	0.00798	0.00528	0.00509	0.00848	0.01026	0.01343	0.02965	0.28264	0.17067	0.21959	0.13300	0.00402	0.00564	0.06873	0.00435	0.00436
17	0.01802	0.01878	0.02700	0.01225	0.01519	0.42079	0.00947	0.03986	0.14071	0.10763	0.07965	0.05716	0.01507	0.00726	0.00543	0.00162	0.00729	0.00550	0.00426	0.00707
18	0.02166	0.01265	0.01349	0.01098	0.01485	0.10767	0.00882	0.09481	0.17229	0.45275	0.01952	0.01759	0.01315	0.00683	0.00551	0.00171	0.00544	0.00541	0.00597	0.00891
19	0.00744	0.00535	0.00720	0.00844	0.00912	0.00511	0.00633	0.00893	0.01137	0.01495	0.03104	0.53740	0.06079	0.01657	0.00724	0.00233	0.00381	0.24675	0.00513	0.00470
20	0.01305	0.01531	0.06967	0.02444	0.14670	0.01388	0.57821	0.01751	0.01282	0.01768	0.01092	0.01451	0.00836	0.00486	0.00657	0.00184	0.02712	0.00611	0.00276	0.00768
21	0.01225	0.01350	0.02889	0.02104	0.02591	0.01288	0.63205	0.01649	0.01241	0.01696	0.01178	0.01603	0.00927	0.01055	0.13047	0.00299	0.01021	0.00644	0.00283	0.00707
22	0.01307	0.01494	0.03268	0.02334	0.02894	0.01401	0.75070	0.01774	0.01307	0.01774	0.01120	0.01494	0.00840	0.00467	0.00654	0.00187	0.00934	0.00654	0.00280	0.00747
23	0.01130	0.06952	0.73749	0.01545	0.02346	0.01334	0.01989	0.01749	0.01167	0.01730	0.00982	0.01155	0.00702	0.00523	0.00517	0.00172	0.00807	0.00403	0.00234	0.00813
24	0.02869	0.00980	0.01210	0.01007	0.01236	0.01057	0.03248	0.16592	0.05296	0.15470	0.01909	0.02414	0.07514	0.21775	0.03557	0.00298	0.10486	0.00654	0.01762	0.00667
25	0.01295	0.01458	0.03070	0.02224	0.02713	0.01438	0.65777	0.01719	0.01249	0.01719	0.01071	0.01458	0.00826	0.00530	0.00800	0.00194	0.10822	0.00632	0.00275	0.00729
26	0.00675	0.00482	0.00643	0.00771	0.00803	0.00450	0.00514	0.00771	0.01060	0.01414	0.03053	0.80175	0.03663	0.01735	0.00707	0.00225	0.00321	0.01574	0.00514	0.00450
27	0.01399	0.00980	0.01194	0.01157	0.08311	0.00993	0.00832	0.22238	0.04478	0.10525	0.18345	0.04457	0.16182	0.00964	0.00610	0.00180	0.00447	0.05445	0.00543	0.00720
28	0.00719	0.00555	0.00663	0.00697	0.00830	0.00498	0.00525	0.00893	0.01291	0.01668	0.21298	0.21559	0.34752	0.01429	0.00680	0.00201	0.00314	0.10411	0.00536	0.00482
29	0.02236	0.00888	0.01206	0.00943	0.01328	0.00771	0.00771	0.02458	0.01583	0.66476	0.13080	0.02214	0.01934	0.00751	0.00571	0.00172	0.00441	0.00622	0.00674	0.00881
30	0.13607	0.01450	0.01422	0.01263	0.06362	0.14972	0.00949	0.20071	0.06298	0.25954	0.01474	0.01433	0.01030	0.00628	0.00516	0.00166	0.00603	0.00471	0.00500	0.00833
31	0.01304	0.01484	0.03214	0.02304	0.02845	0.01411	0.72513	0.01759	0.01291	0.01759	0.01107	0.01484	0.00836	0.00484	0.00694	0.00189	0.03654	0.00648	0.00279	0.00742
32	0.00858	0.00624	0.00845	0.00957	0.01089	0.00612	0.00825	0.01095	0.01268	0.01632	0.03272	0.07806	0.12467	0.01519	0.00750	0.00246	0.00477	0.62646	0.00511	0.00503
33	0.01350	0.01295	0.02210	0.08276	0.72369	0.01310	0.01689	0.01681	0.01251	0.01784	0.01038	0.01378	0.00868	0.00497	0.00549	0.00166	0.00663	0.00493	0.00272	0.00860
34	0.01833	0.01898	0.01988	0.01580	0.01981	0.30276	0.19777	0.21090	0.08446	0.03904	0.01202	0.01326	0.00908	0.00588	0.00560	0.00165	0.00819	0.00498	0.00388	0.00774
35	0.01307	0.01494	0.03268	0.02334	0.02894	0.01401	0.75070	0.01774	0.01307	0.01774	0.01120	0.01494	0.00840	0.00467	0.00654	0.00187	0.00934	0.00654	0.00280	0.00747
36	0.01145	0.10169	0.70666	0.01519	0.02306	0.01371	0.01943	0.01745	0.01165	0.01712	0.00973	0.01143	0.00702	0.00521	0.00510	0.00170	0.00797	0.00399	0.00234	0.00808
37	0.01297	0.01346	0.02138	0.31350	0.26273	0.08522	0.15313	0.01643	0.01228	0.01597	0.01008	0.01394	0.00798	0.00533	0.00606	0.00177	0.03278	0.00510	0.00265	0.00724
38	0.01957	0.00918	0.01176	0.00958	0.01308	0.00865	0.00771	0.02433	0.15553	0.49198	0.16252	0.02343	0.02157	0.00782	0.00576	0.00175	0.00426	0.00654	0.00648	0.00851
39	0.00675	0.00482	0.00643	0.00771	0.00803	0.00450	0.00514	0.00771	0.01060	0.01414	0.03053	0.80175	0.03663	0.01735	0.00707	0.00225	0.00321	0.01574	0.00514	0.00450
40	0.00742	0.00547	0.00713	0.00788	0.00884	0.00518	0.00593	0.00911	0.01207	0.01596	0.14486	0.36516	0.15195	0.01673	0.04771	0.00253	0.00408	0.17203	0.00516	0.00479
41	0.01247	0.30379	0.49771	0.01392	0.03533	0.01606	0.01651	0.01719	0.01156	0.01596	0.00916	0.01074	0.00708	0.00507	0.00466	0.00155	0.00735	0.00371	0.00236	0.00782
42	0.00933	0.00692	0.00914	0.01010	0.01152	0.00713	0.00855	0.01338	0.10667	0.01718	0.02858	0.12644	0.03044	0.01451	0.00734	0.00244	0.00483	0.57482	0.00517	0.00550
43	0.01298	0.01468	0.03121	0.02252	0.02760	0.01428	0.68154	0.01733	0.01264	0.01733	0.01084	0.01468	0.00830	0.00514	0.00763	0.00192	0.08293	0.00638	0.00277	0.00734
44	0.01183	0.01204	0.02192	0.34188	0.02950	0.01341	0.28197	0.01668	0.08172	0.01621	0.01165	0.02997	0.00919	0.00607	0.00728	0.00193	0.09115	0.00583	0.00293	0.00684
45	0.01304	0.01248	0.02128	0.18946	0.62055	0.01298	0.01667	0.01641	0.01230	0.01728	0.01030	0.01392	0.00849	0.00506	0.00549	0.00169	0.00674	0.00493	0.00268	0.00824
46	0.01307	0.01494	0.03268	0.02334	0.02894	0.01401	0.75070	0.01774	0.01307	0.01774	0.01120	0.01494	0.00840	0.00467	0.00654	0.00187	0.00934	0.00654	0.00280	0.00747
47	0.01213	0.06701	0.38432	0.05991	0.09517	0.01385	0.22723	0.01717	0.01200	0.01706	0.01012	0.01282	0.00761	0.00520	0.00601	0.00177	0.03544	0.00487	0.00252	0.00779
48	0.01793	0.05518	0.01391	0.01088	0.02457	0.04683	0.00868	0.25131	0.17072	0.18179	0.01902	0.03710	0.04329	0.00724	0.00535	0.00167	0.00509	0.00574	0.08540	0.00830

[dist]
# distance from previous block
# <min> <max>
0	4

[block]
# block no. 11 follows, 43 sequences, length 20
# corresponding to MSA columns:
# 587-606
name=unknown_L
#
# <colnr> <probs for GDERKNQSTAVLIFYWHMCP>
#	G	D	E	R	K	N	Q	S	T	A	V	L	I	F	Y	W	H	M	C	P
0	0.01307	0.01494	0.03268	0.02334	0.02894	0.01401	0.75070	0.01774	0.01307	0.01774	0.01120	0.01494	0.00840	0.00467	0.00654	0.00187	0.00934	0.00654	0.00280	0.00747
1	0.01243	0.30765	0.50925	0.01353	0.02048	0.01610	0.01653	0.01720	0.01154	0.01593	0.00914	0.01069	0.00705	0.00507	0.00465	0.00155	0.00738	0.00369	0.00235	0.00780
2	0.01609	0.01097	0.01569	0.32118	0.04275	0.01208	0.04082	0.09819	0.14481	0.21654	0.01562	0.01669	0.01098	0.00629	0.00560	0.00179	0.00608	0.00540	0.00451	0.00792
3	0.01333	0.01415	0.02794	0.02592	0.26782	0.01372	0.46036	0.01834	0.06641	0.01824	0.01176	0.01495	0.00913	0.00496	0.00613	0.00180	0.00809	0.00600	0.00298	0.00798
4	0.00795	0.00539	0.00601	0.00601	0.00614	0.00532	0.00342	0.00805	0.00838	0.01104	0.02022	0.03746	0.07367	0.74876	0.02664	0.00512	0.00519	0.00831	0.00348	0.00345
5	0.01641	0.01910	0.02489	0.01902	0.02339	0.29603	0.40689	0.07177	0.01484	0.01732	0.01028	0.01293	0.00798	0.00533	0.00621	0.00171	0.03043	0.00529	0.00301	0.00719
6	0.01843	0.01793	0.27752	0.01305	0.01856	0.07044	0.04849	0.03960	0.06197	0.35353	0.01605	0.01550	0.01074	0.00615	0.00547	0.00172	0.00655	0.00498	0.00469	0.00863
7	0.00688	0.00488	0.00639	0.00754	0.00783	0.00459	0.00496	0.00775	0.01034	0.01379	0.02918	0.72295	0.03493	0.09846	0.00924	0.00257	0.00344	0.01495	0.00496	0.00438
8	0.00712	0.00531	0.00669	0.00754	0.00845	0.00489	0.00551	0.00856	0.01181	0.01534	0.09376	0.45150	0.21057	0.01578	0.00699	0.00217	0.00336	0.12477	0.00521	0.00469
9	0.01288	0.01505	0.05606	0.02197	0.02696	0.01434	0.63249	0.01718	0.01244	0.01718	0.01066	0.01447	0.00821	0.00532	0.00796	0.00193	0.10858	0.00624	0.00274	0.00732
10	0.01308	0.01400	0.02825	0.08349	0.26558	0.01361	0.46305	0.01724	0.01278	0.01759	0.01085	0.01453	0.00845	0.00482	0.00613	0.00180	0.00832	0.00591	0.00276	0.00779
11	0.01307	0.01494	0.03268	0.02334	0.02894	0.01401	0.75070	0.01774	0.01307	0.01774	0.01120	0.01494	0.00840	0.00467	0.00654	0.00187	0.00934	0.00654	0.00280	0.00747
12	0.00722	0.00537	0.00684	0.00783	0.00873	0.00499	0.00583	0.00866	0.01158	0.01491	0.03607	0.45459	0.20248	0.01610	0.00709	0.00223	0.00357	0.18610	0.00513	0.00468
13	0.01323	0.07595	0.03205	0.02264	0.05325	0.01459	0.66851	0.01763	0.01292	0.01739	0.01091	0.01443	0.00832	0.00468	0.00627	0.00181	0.00898	0.00621	0.00277	0.00749
14	0.01046	0.00984	0.01661	0.79205	0.03814	0.01230	0.01538	0.01415	0.01107	0.01415	0.00984	0.01477	0.00738	0.00554	0.00554	0.00185	0.00738	0.00492	0.00246	0.00615
15	0.01265	0.01368	0.02569	0.01943	0.02254	0.01532	0.42205	0.01578	0.01103	0.01578	0.00945	0.01368	0.00790	0.00690	0.01172	0.00211	0.35904	0.00578	0.00263	0.00684
16	0.01492	0.01586	0.02555	0.01910	0.02379	0.11226	0.46133	0.10654	0.10472	0.01981	0.01295	0.03387	0.01007	0.00568	0.00613	0.00180	0.00829	0.00616	0.00353	0.00765
17	0.01445	0.03483	0.02666	0.01919	0.02406	0.01236	0.52915	0.01836	0.01345	0.13848	0.03438	0.04040	0.01249	0.00615	0.00638	0.00187	0.00792	0.04820	0.00372	0.00750
18	0.00790	0.00564	0.00775	0.00903	0.00986	0.00549	0.00714	0.00970	0.01174	0.01543	0.02989	0.41024	0.03411	0.01626	0.00738	0.00241	0.00421	0.39588	0.00512	0.00482
19	0.01111	0.02865	0.77667	0.01579	0.02397	0.01286	0.02046	0.01754	0.01169	0.01754	0.00994	0.01169	0.00702	0.00526	0.00526	0.00175	0.00818	0.00409	0.00234	0.00818

[dist]
# distance from previous block
# <min> <max>
0	6

[block]
# block no. 12 follows, 43 sequences, length 21
# corresponding to MSA columns:
# 613-633
name=unknown_M
#
# <colnr> <probs for GDERKNQSTAVLIFYWHMCP>
#	G	D	E	R	K	N	Q	S	T	A	V	L	I	F	Y	W	H	M	C	P
0	0.01307	0.01494	0.03268	0.02334	0.02894	0.01401	0.75070	0.01774	0.01307	0.01774	0.01120	0.01494	0.00840	0.00467	0.00654	0.00187	0.00934	0.00654	0.00280	0.00747
1	0.01250	0.04116	0.40041	0.01883	0.02556	0.05042	0.33586	0.01782	0.01247	0.01733	0.01037	0.01295	0.00762	0.00501	0.00576	0.00177	0.00872	0.00510	0.00256	0.00777
2	0.01073	0.01038	0.01830	0.71106	0.03718	0.01248	0.09286	0.01453	0.01128	0.01453	0.00999	0.01478	0.00749	0.00545	0.00564	0.00185	0.00759	0.00509	0.00250	0.00629
3	0.00657	0.00550	0.00572	0.00590	0.00756	0.00465	0.00434	0.00792	0.01234	0.01485	0.05255	0.15735	0.66681	0.01449	0.00662	0.00192	0.00286	0.01225	0.00514	0.00465
4	0.02071	0.02567	0.01576	0.01417	0.01713	0.73235	0.01069	0.07052	0.01638	0.01497	0.00887	0.01021	0.00729	0.00577	0.00503	0.00144	0.00973	0.00366	0.00303	0.00662
5	0.01733	0.01006	0.01229	0.01065	0.01384	0.01024	0.00885	0.18262	0.11287	0.26652	0.05342	0.03126	0.01997	0.00949	0.00621	0.00196	0.00500	0.21362	0.00587	0.00793
6	0.01414	0.01563	0.01641	0.01424	0.01539	0.23300	0.04209	0.01564	0.01076	0.01353	0.00860	0.01265	0.00797	0.01171	0.09458	0.00280	0.45747	0.00467	0.00262	0.00610
7	0.00662	0.00534	0.00589	0.00634	0.00767	0.00461	0.00453	0.00787	0.01192	0.01468	0.04722	0.31316	0.51444	0.01518	0.00673	0.00200	0.00295	0.01310	0.00514	0.00461
8	0.01373	0.01581	0.02951	0.05188	0.02737	0.09512	0.60879	0.01785	0.01305	0.01695	0.01068	0.01428	0.00818	0.00505	0.00689	0.00185	0.04692	0.00608	0.00278	0.00724
9	0.00693	0.00496	0.00659	0.00758	0.00807	0.00462	0.00516	0.00818	0.01147	0.01552	0.15684	0.67149	0.03931	0.01632	0.00698	0.00216	0.00311	0.01476	0.00530	0.00462
10	0.00782	0.00579	0.00753	0.00853	0.00967	0.00550	0.00687	0.00969	0.01214	0.01556	0.03548	0.26113	0.19345	0.01558	0.00725	0.00232	0.00409	0.38166	0.00512	0.00484
11	0.00870	0.00621	0.00866	0.00994	0.01111	0.00618	0.00853	0.01108	0.01252	0.01632	0.02945	0.14037	0.03237	0.01552	0.00759	0.00252	0.00490	0.65791	0.00510	0.00504
12	0.02079	0.01410	0.01522	0.01198	0.01615	0.04097	0.00979	0.47350	0.12832	0.18633	0.01623	0.01539	0.01130	0.00678	0.00554	0.00170	0.00570	0.00524	0.00574	0.00922
13	0.01408	0.01631	0.05933	0.02168	0.02711	0.06739	0.61939	0.06934	0.01411	0.01864	0.01112	0.01436	0.00833	0.00490	0.00631	0.00182	0.00911	0.00613	0.00298	0.00756
14	0.01171	0.01055	0.01443	0.01031	0.01532	0.00830	0.11002	0.01447	0.01171	0.01800	0.01003	0.01196	0.00823	0.00418	0.00444	0.00097	0.00483	0.00373	0.00321	0.72358
15	0.01540	0.01026	0.01088	0.00910	0.01226	0.08923	0.00715	0.01896	0.09284	0.24975	0.19221	0.02595	0.10455	0.00821	0.00563	0.00159	0.00446	0.00678	0.00542	0.12938
16	0.01489	0.01106	0.01436	0.05154	0.01587	0.01249	0.04326	0.13175	0.17598	0.12757	0.03377	0.06495	0.01575	0.00883	0.00838	0.00199	0.15996	0.07940	0.00476	0.02343
17	0.11645	0.00650	0.00739	0.00730	0.00908	0.00621	0.00563	0.01133	0.01292	0.07056	0.22630	0.16261	0.23470	0.01235	0.00628	0.00194	0.00339	0.08842	0.00528	0.00533
18	0.02929	0.01500	0.15965	0.03876	0.03724	0.04303	0.18174	0.04182	0.02895	0.07395	0.01355	0.09644	0.01156	0.00636	0.00549	0.00160	0.00651	0.00589	0.00353	0.19965
19	0.01356	0.05331	0.11800	0.11989	0.01857	0.04801	0.03933	0.08773	0.08526	0.09461	0.04223	0.12575	0.02890	0.00772	0.00554	0.00170	0.00577	0.00655	0.00415	0.09344
20	0.01245	0.01250	0.04659	0.01382	0.05186	0.09421	0.13744	0.04570	0.15205	0.03191	0.10287	0.13369	0.04479	0.00927	0.00646	0.00190	0.02292	0.06833	0.00444	0.00681

[dist]
# distance from previous block
# <min> <max>
11	60

[block]
# block no. 13 follows, 43 sequences, length 82
# corresponding to MSA columns:
# 694-775
name=unknown_N
#
# <colnr> <probs for GDERKNQSTAVLIFYWHMCP>
#	G	D	E	R	K	N	Q	S	T	A	V	L	I	F	Y	W	H	M	C	P
0	0.05602	0.01384	0.12731	0.01262	0.06554	0.03602	0.02982	0.16755	0.01575	0.17874	0.06928	0.01682	0.01324	0.00655	0.00566	0.00164	0.03272	0.00519	0.10748	0.03821
1	0.01524	0.01618	0.17819	0.03097	0.10944	0.08896	0.03109	0.06245	0.07854	0.14134	0.07521	0.01634	0.01322	0.00614	0.00535	0.00159	0.00619	0.00508	0.00408	0.11439
2	0.01494	0.12632	0.13126	0.03345	0.15448	0.01460	0.01246	0.23105	0.03554	0.02209	0.02951	0.03342	0.01029	0.00607	0.00553	0.00157	0.03149	0.00480	0.00371	0.09745
3	0.02887	0.13788	0.28817	0.01859	0.13580	0.01457	0.16840	0.01685	0.01175	0.01683	0.00969	0.01222	0.00764	0.00530	0.00621	0.00169	0.06824	0.00456	0.00257	0.04419
4	0.05288	0.15617	0.15384	0.01377	0.08514	0.13426	0.01164	0.04826	0.13495	0.01808	0.05559	0.04762	0.02980	0.00678	0.00546	0.00165	0.02796	0.00523	0.00357	0.00736
5	0.01152	0.01094	0.04702	0.01455	0.06149	0.00948	0.21872	0.02862	0.01253	0.04953	0.04169	0.15995	0.03807	0.00837	0.00623	0.00174	0.02100	0.06368	0.00387	0.19100
6	0.00915	0.02895	0.21120	0.01021	0.01301	0.00869	0.00987	0.02740	0.01100	0.01509	0.02294	0.20369	0.11562	0.13001	0.05020	0.00287	0.06666	0.05399	0.00377	0.00567
7	0.01439	0.08031	0.18992	0.01532	0.01959	0.17537	0.15590	0.03799	0.03221	0.03641	0.04966	0.02666	0.01067	0.00650	0.00736	0.00177	0.12464	0.00510	0.00308	0.00715
8	0.01139	0.01025	0.01376	0.03529	0.21720	0.06875	0.03545	0.01463	0.08380	0.03353	0.02010	0.32339	0.02113	0.01095	0.00692	0.02135	0.02735	0.03416	0.00412	0.00648
9	0.00716	0.00534	0.00667	0.00697	0.00802	0.00484	0.00498	0.00891	0.01315	0.01770	0.34598	0.32783	0.19385	0.01413	0.00674	0.00196	0.00288	0.01250	0.00554	0.00484
10	0.01129	0.01899	0.33344	0.01783	0.02367	0.01207	0.33613	0.01611	0.01212	0.01710	0.01368	0.13538	0.01220	0.00687	0.00610	0.00188	0.00792	0.00696	0.00297	0.00730
11	0.00729	0.00552	0.00733	0.00807	0.00854	0.00556	0.00565	0.00849	0.01115	0.01511	0.12094	0.61722	0.06500	0.01588	0.00784	0.00219	0.06442	0.01403	0.00505	0.00472
12	0.01178	0.02403	0.52885	0.01864	0.04951	0.01322	0.23976	0.01758	0.01214	0.01762	0.01033	0.01273	0.00749	0.00507	0.00565	0.00178	0.00848	0.00485	0.00249	0.00799
13	0.01797	0.01008	0.01211	0.01032	0.01372	0.01025	0.00832	0.05654	0.29397	0.34583	0.03614	0.03982	0.04010	0.00832	0.00585	0.00186	0.00456	0.06965	0.00609	0.00849
14	0.01362	0.50476	0.22668	0.01286	0.01861	0.01855	0.10406	0.01698	0.01159	0.01480	0.00872	0.01037	0.00724	0.00487	0.00437	0.00142	0.00694	0.00370	0.00241	0.00744
15	0.01353	0.01049	0.01002	0.00912	0.01123	0.15450	0.00690	0.04062	0.01509	0.15318	0.30695	0.15224	0.07281	0.01041	0.00612	0.00176	0.00462	0.00883	0.00539	0.00620
16	0.01371	0.01316	0.02248	0.03399	0.77081	0.01316	0.01700	0.01700	0.01261	0.01809	0.01042	0.01371	0.00877	0.00493	0.00548	0.00164	0.00658	0.00493	0.00274	0.00877
17	0.01046	0.00984	0.01661	0.79205	0.03814	0.01230	0.01538	0.01415	0.01107	0.01415	0.00984	0.01477	0.00738	0.00554	0.00554	0.00185	0.00738	0.00492	0.00246	0.00615
18	0.01096	0.01124	0.00950	0.00989	0.01094	0.22569	0.00708	0.01211	0.01204	0.01402	0.02344	0.52709	0.02708	0.01372	0.00689	0.00203	0.03338	0.03341	0.00439	0.00512
19	0.01063	0.02134	0.51593	0.01396	0.01990	0.01082	0.04888	0.02919	0.01191	0.03283	0.01554	0.18823	0.01468	0.00832	0.00581	0.00189	0.00692	0.03271	0.00323	0.00728
20	0.00724	0.00517	0.00699	0.00828	0.00881	0.00492	0.00600	0.00857	0.01109	0.01469	0.03025	0.63385	0.03555	0.01689	0.00720	0.00232	0.00364	0.17877	0.00513	0.00464
21	0.01111	0.02865	0.77667	0.01579	0.02397	0.01286	0.02046	0.01754	0.01169	0.01754	0.00994	0.01169	0.00702	0.00526	0.00526	0.00175	0.00818	0.00409	0.00234	0.00818
22	0.01484	0.01532	0.02137	0.03078	0.64802	0.13860	0.01597	0.01783	0.01311	0.01735	0.01012	0.01310	0.00851	0.00506	0.00540	0.00161	0.00713	0.00471	0.00276	0.00839
23	0.00897	0.00791	0.01378	0.01205	0.01393	0.00750	0.20316	0.03858	0.01184	0.01588	0.02475	0.56312	0.02811	0.01358	0.00687	0.00213	0.00495	0.01289	0.00454	0.00547
24	0.01046	0.00984	0.01661	0.79205	0.03814	0.01230	0.01538	0.01415	0.01107	0.01415	0.00984	0.01477	0.00738	0.00554	0.00554	0.00185	0.00738	0.00492	0.00246	0.00615
25	0.00675	0.00482	0.00643	0.00771	0.00803	0.00450	0.00514	0.00771	0.01060	0.01414	0.03053	0.80175	0.03663	0.01735	0.00707	0.00225	0.00321	0.01574	0.00514	0.00450
26	0.01155	0.12165	0.68753	0.01503	0.02281	0.01394	0.01915	0.01743	0.01164	0.01700	0.00967	0.01136	0.00703	0.00520	0.00506	0.00169	0.00792	0.00396	0.00234	0.00806
27	0.01255	0.33298	0.48498	0.01332	0.02016	0.01639	0.01618	0.01717	0.01152	0.01578	0.00907	0.01060	0.00705	0.00506	0.00460	0.00153	0.00730	0.00365	0.00235	0.00776
28	0.00724	0.00518	0.00697	0.00813	0.00870	0.00491	0.00586	0.00864	0.01140	0.01522	0.08712	0.60310	0.03693	0.01650	0.00714	0.00227	0.00352	0.15128	0.00521	0.00467
29	0.00738	0.00554	0.00684	0.00673	0.00805	0.00500	0.00497	0.00949	0.01428	0.01940	0.49928	0.14184	0.22537	0.01276	0.00660	0.00184	0.00274	0.01116	0.00574	0.00500
30	0.02065	0.01079	0.01451	0.01121	0.01522	0.01038	0.06554	0.18199	0.04236	0.43770	0.11148	0.02019	0.01724	0.00722	0.00576	0.00172	0.00510	0.00609	0.00612	0.00873
31	0.02073	0.02520	0.01580	0.01410	0.01713	0.69888	0.01068	0.10243	0.01683	0.01590	0.00908	0.01035	0.00739	0.00581	0.00505	0.00145	0.00956	0.00372	0.00315	0.00675
