[name]
unknown

[dist]
# distance from previous block
# <min> <max>
35	662

[block]
# block no. 0 follows, 44 sequences, length 21
# corresponding to MSA columns:
# 697-717
name=unknown_A
#
# <colnr> <probs for GDERKNQSTAVLIFYWHMCP>
#	G	D	E	R	K	N	Q	S	T	A	V	L	I	F	Y	W	H	M	C	P
0	0.01313	0.26186	0.35028	0.01413	0.01999	0.06306	0.10043	0.04218	0.01209	0.01604	0.00932	0.01125	0.00735	0.00603	0.02406	0.00174	0.03307	0.00404	0.00252	0.00745
1	0.01242	0.01006	0.01209	0.00911	0.01323	0.00883	0.00734	0.01555	0.06151	0.06916	0.01103	0.01247	0.00891	0.00508	0.00584	0.00112	0.09610	0.00376	0.00353	0.63286
2	0.03164	0.01382	0.01637	0.10557	0.12069	0.02850	0.01133	0.44643	0.07473	0.02736	0.01259	0.01360	0.00932	0.00606	0.00532	0.00162	0.00600	0.00482	0.00452	0.05969
3	0.02185	0.00936	0.01238	0.00938	0.01372	0.00786	0.00770	0.02402	0.01475	0.62713	0.01916	0.01712	0.01242	0.00621	0.00520	0.00151	0.00452	0.00504	0.00605	0.17463
4	0.00876	0.00706	0.00805	0.00806	0.00980	0.00713	0.00618	0.01393	0.20341	0.01778	0.13251	0.17445	0.26198	0.01256	0.00645	0.00198	0.00350	0.10541	0.00530	0.00572
5	0.01248	0.19071	0.57884	0.01390	0.02103	0.01425	0.01718	0.01761	0.01166	0.06033	0.01000	0.01134	0.00731	0.00516	0.00485	0.00161	0.00739	0.00388	0.00257	0.00791
6	0.00682	0.00495	0.00645	0.00732	0.00791	0.00457	0.00501	0.00810	0.01148	0.01542	0.16711	0.61431	0.08882	0.01577	0.00683	0.00210	0.00303	0.01420	0.00523	0.00457
7	0.00686	0.00557	0.00614	0.00637	0.00798	0.00485	0.00490	0.00844	0.01250	0.01536	0.09762	0.10831	0.57019	0.01404	0.00663	0.00195	0.00308	0.10941	0.00512	0.00468
8	0.01369	0.01199	0.05928	0.01124	0.01442	0.01217	0.00960	0.19642	0.32888	0.02367	0.06033	0.02867	0.01953	0.00903	0.00601	0.00194	0.00502	0.17515	0.00523	0.00773
9	0.01244	0.01792	0.21851	0.02212	0.09845	0.01343	0.50028	0.01734	0.01248	0.01745	0.01064	0.01379	0.00796	0.00477	0.00602	0.00179	0.00865	0.00568	0.00264	0.00765
10	0.00793	0.00529	0.00595	0.00595	0.00595	0.00529	0.00330	0.00793	0.00793	0.01057	0.01718	0.03568	0.01982	0.80840	0.02775	0.00529	0.00529	0.00793	0.00330	0.00330
11	0.00656	0.00506	0.00600	0.00676	0.00769	0.00450	0.00469	0.00768	0.01123	0.01424	0.04013	0.50364	0.33076	0.01577	0.00675	0.00206	0.00300	0.01390	0.00506	0.00450
12	0.01939	0.01561	0.01723	0.01349	0.01762	0.11879	0.09614	0.41345	0.10190	0.10928	0.01413	0.01422	0.01011	0.00631	0.00551	0.00166	0.00655	0.00510	0.00494	0.00858
13	0.00874	0.00709	0.00963	0.01162	0.12288	0.00679	0.00791	0.01144	0.03716	0.01727	0.16745	0.04659	0.25436	0.01222	0.00662	0.00201	0.00409	0.25568	0.00488	0.00557
14	0.01545	0.01117	0.01117	0.00977	0.01265	0.09949	0.00756	0.02232	0.29836	0.20995	0.06789	0.02512	0.11862	0.05722	0.00699	0.00196	0.00478	0.00673	0.00536	0.00746
15	0.01168	0.10258	0.01330	0.00822	0.01304	0.00892	0.00679	0.01403	0.01128	0.01719	0.00945	0.01101	0.00795	0.00411	0.00398	0.00085	0.00425	0.00319	0.00313	0.74505
16	0.01442	0.47463	0.24004	0.01160	0.01714	0.04042	0.01255	0.10244	0.01301	0.01659	0.00887	0.01006	0.00723	0.00506	0.00424	0.00139	0.00660	0.00348	0.00270	0.00754
17	0.18176	0.01395	0.01169	0.01049	0.01334	0.19378	0.00817	0.07049	0.23552	0.03692	0.03882	0.01683	0.03665	0.01064	0.09550	0.00249	0.00680	0.00505	0.00418	0.00693
18	0.01480	0.01137	0.01697	0.01316	0.01681	0.06144	0.22239	0.08227	0.01460	0.18183	0.09323	0.11145	0.06782	0.00797	0.00596	0.00173	0.00588	0.00743	0.00462	0.05828
19	0.01247	0.01195	0.01637	0.01328	0.01636	0.10554	0.21591	0.07997	0.06050	0.03465	0.16333	0.07247	0.08797	0.00885	0.00622	0.00183	0.00604	0.07540	0.00441	0.00646
20	0.01373	0.01370	0.08935	0.01569	0.02035	0.03755	0.32611	0.01807	0.05958	0.12008	0.05383	0.04130	0.02886	0.00611	0.00604	0.00168	0.02375	0.00610	0.00377	0.11434

[dist]
# distance from previous block
# <min> <max>
12	52

[block]
# block no. 1 follows, 44 sequences, length 33
# corresponding to MSA columns:
# 779-811
name=unknown_B
#
# <colnr> <probs for GDERKNQSTAVLIFYWHMCP>
#	G	D	E	R	K	N	Q	S	T	A	V	L	I	F	Y	W	H	M	C	P
0	0.09534	0.01433	0.12129	0.19743	0.12142	0.06872	0.04248	0.07632	0.01314	0.08780	0.02479	0.04119	0.00984	0.00590	0.00519	0.00166	0.00648	0.00494	0.00342	0.05832
1	0.01685	0.03752	0.18774	0.01346	0.01833	0.16528	0.05599	0.26425	0.05172	0.05504	0.01276	0.01347	0.02626	0.00598	0.00525	0.00158	0.00708	0.00463	0.00393	0.05286
2	0.02517	0.11703	0.28653	0.01227	0.02940	0.08559	0.02724	0.03904	0.02442	0.01658	0.04611	0.12439	0.06220	0.00797	0.00562	0.00170	0.02222	0.02819	0.00335	0.03499
3	0.60405	0.01259	0.07353	0.00923	0.01305	0.01277	0.03781	0.10312	0.01157	0.02437	0.00884	0.01021	0.00674	0.00537	0.00424	0.00169	0.02308	0.00351	0.02770	0.00651
4	0.00714	0.05587	0.00774	0.00770	0.00829	0.00551	0.00533	0.00814	0.01048	0.01385	0.02862	0.75440	0.03422	0.01629	0.00674	0.00215	0.00333	0.01470	0.00489	0.00459
5	0.01203	0.02777	0.03691	0.15109	0.32530	0.01229	0.22382	0.01546	0.01202	0.01640	0.01353	0.01749	0.05720	0.04686	0.00688	0.00191	0.00710	0.00583	0.00284	0.00728
6	0.00691	0.00508	0.00686	0.00771	0.00831	0.00503	0.00542	0.00814	0.01019	0.01367	0.02829	0.55215	0.08987	0.02265	0.19811	0.00379	0.00594	0.01281	0.00454	0.00455
7	0.23272	0.01298	0.01179	0.01038	0.01367	0.08544	0.00818	0.08350	0.41825	0.02317	0.01603	0.01554	0.01212	0.00647	0.00487	0.00172	0.00493	0.00490	0.00466	0.02867
8	0.01116	0.01061	0.01779	0.56827	0.21701	0.01255	0.01536	0.01457	0.01114	0.01484	0.00970	0.01415	0.00760	0.00552	0.00608	0.00180	0.04785	0.00484	0.00249	0.00668
9	0.01349	0.01295	0.02213	0.03346	0.77440	0.01295	0.01673	0.01673	0.01241	0.01781	0.01025	0.01349	0.00864	0.00486	0.00540	0.00162	0.00648	0.00486	0.00270	0.00864
10	0.01279	0.01448	0.03092	0.02228	0.02735	0.01402	0.69476	0.01711	0.01250	0.01711	0.01072	0.01448	0.00818	0.00499	0.00736	0.00188	0.07278	0.00630	0.00273	0.00724
11	0.00686	0.00496	0.00653	0.00762	0.00815	0.00463	0.00530	0.00806	0.01102	0.01465	0.07830	0.65852	0.07649	0.01637	0.00694	0.00219	0.00325	0.07051	0.00512	0.00453
12	0.02446	0.00928	0.01265	0.00970	0.01392	0.00801	0.00801	0.02657	0.01560	0.77817	0.02151	0.01856	0.01350	0.00675	0.00548	0.00169	0.00464	0.00548	0.00675	0.00928
13	0.00664	0.00474	0.00633	0.00759	0.00791	0.00443	0.00506	0.00759	0.01044	0.01392	0.03005	0.80485	0.03606	0.01708	0.00696	0.00221	0.00316	0.01550	0.00506	0.00443
14	0.01349	0.01295	0.02213	0.03346	0.77440	0.01295	0.01673	0.01673	0.01241	0.01781	0.01025	0.01349	0.00864	0.00486	0.00540	0.00162	0.00648	0.00486	0.00270	0.00864
15	0.00671	0.00553	0.00589	0.00580	0.00752	0.00471	0.00435	0.00833	0.01305	0.01620	0.20290	0.05005	0.62360	0.01326	0.00644	0.00181	0.00272	0.01117	0.00526	0.00471
16	0.00664	0.00474	0.00633	0.00759	0.00791	0.00443	0.00506	0.00759	0.01044	0.01392	0.03005	0.80485	0.03606	0.01708	0.00696	0.00221	0.00316	0.01550	0.00506	0.00443
17	0.08526	0.01625	0.27269	0.01171	0.01709	0.01073	0.01211	0.05921	0.06166	0.37437	0.01603	0.01522	0.01064	0.00611	0.00521	0.00171	0.00581	0.00480	0.00483	0.00855
18	0.00664	0.00474	0.00633	0.00759	0.00791	0.00443	0.00506	0.00759	0.01044	0.01392	0.03005	0.80485	0.03606	0.01708	0.00696	0.00221	0.00316	0.01550	0.00506	0.00443
19	0.01349	0.01295	0.02213	0.03346	0.77440	0.01295	0.01673	0.01673	0.01241	0.01781	0.01025	0.01349	0.00864	0.00486	0.00540	0.00162	0.00648	0.00486	0.00270	0.00864
20	0.00907	0.00587	0.00772	0.00709	0.00861	0.00538	0.00538	0.01160	0.01545	0.08280	0.71109	0.03894	0.04838	0.01079	0.00635	0.00171	0.00274	0.00951	0.00606	0.00548
21	0.02446	0.00928	0.01265	0.00970	0.01392	0.00801	0.00801	0.02657	0.01560	0.77817	0.02151	0.01856	0.01350	0.00675	0.00548	0.00169	0.00464	0.00548	0.00675	0.00928
22	0.01811	0.01205	0.01346	0.01113	0.01483	0.01308	0.00893	0.21862	0.38763	0.21102	0.01964	0.01801	0.01394	0.00701	0.00551	0.00175	0.00483	0.00567	0.00582	0.00896
23	0.00891	0.00555	0.00779	0.00764	0.00784	0.00606	0.00529	0.00823	0.00772	0.01063	0.01220	0.02175	0.01261	0.20690	0.18366	0.41823	0.05723	0.00571	0.00270	0.00334
24	0.00703	0.00506	0.00661	0.00771	0.00824	0.00477	0.00543	0.00817	0.01070	0.01409	0.03061	0.59584	0.08119	0.07010	0.00842	0.00244	0.00355	0.12065	0.00494	0.00445
25	0.01293	0.01309	0.01886	0.35818	0.36899	0.10361	0.01532	0.01612	0.01212	0.01562	0.00980	0.01351	0.00786	0.00520	0.00536	0.00168	0.00721	0.00469	0.00259	0.00726
26	0.00939	0.00476	0.00704	0.00704	0.00704	0.00476	0.00466	0.00714	0.00714	0.00952	0.00986	0.01753	0.00999	0.05843	0.02163	0.79956	0.00476	0.00489	0.00241	0.00241
27	0.01663	0.46937	0.02332	0.01269	0.06648	0.30166	0.01027	0.01835	0.01277	0.01335	0.00807	0.00947	0.00712	0.00503	0.00415	0.00128	0.00734	0.00327	0.00253	0.00686
28	0.00664	0.00474	0.00633	0.00759	0.00791	0.00443	0.00506	0.00759	0.01044	0.01392	0.03005	0.80485	0.03606	0.01708	0.00696	0.00221	0.00316	0.01550	0.00506	0.00443
29	0.01444	0.74747	0.02886	0.01043	0.01516	0.02094	0.06937	0.01642	0.01122	0.01320	0.00786	0.00923	0.00710	0.00466	0.00373	0.00122	0.00610	0.00320	0.00237	0.00703
30	0.01333	0.00844	0.01244	0.01308	0.13928	0.00799	0.04025	0.01657	0.05200	0.20681	0.31605	0.04401	0.04825	0.00893	0.00605	0.00176	0.00426	0.04814	0.00537	0.00698
31	0.00673	0.00496	0.00612	0.00699	0.00759	0.00455	0.00469	0.00767	0.01060	0.01375	0.03406	0.56713	0.19014	0.09719	0.00897	0.00245	0.00329	0.01388	0.00488	0.00435
32	0.01093	0.02820	0.78016	0.01554	0.02360	0.01266	0.02014	0.01727	0.01151	0.01727	0.00978	0.01151	0.00691	0.00518	0.00518	0.00173	0.00806	0.00403	0.00230	0.00806

[dist]
# distance from previous block
# <min> <max>
0	1

[block]
# block no. 2 follows, 44 sequences, length 28
# corresponding to MSA columns:
# 813-840
name=unknown_C
#
# <colnr> <probs for GDERKNQSTAVLIFYWHMCP>
#	G	D	E	R	K	N	Q	S	T	A	V	L	I	F	Y	W	H	M	C	P
0	0.08842	0.01805	0.01425	0.01233	0.01533	0.36227	0.02790	0.11208	0.11901	0.08054	0.01237	0.01387	0.00977	0.04793	0.00678	0.00180	0.04183	0.00452	0.00389	0.00706
1	0.00674	0.00482	0.00643	0.00763	0.00801	0.00451	0.00517	0.00779	0.01068	0.01427	0.05673	0.75612	0.03648	0.01681	0.00696	0.00220	0.00319	0.03589	0.00509	0.00447
2	0.01469	0.01129	0.01280	0.00955	0.01412	0.01028	0.00773	0.21437	0.06220	0.06416	0.01202	0.01274	0.00922	0.00507	0.00459	0.00114	0.00461	0.00399	0.00416	0.52126
3	0.00734	0.00548	0.00682	0.00666	0.00796	0.00496	0.00493	0.00949	0.01428	0.01954	0.54388	0.12302	0.20094	0.01232	0.00649	0.00179	0.00267	0.01079	0.00571	0.00496
4	0.01196	0.00940	0.01361	0.01066	0.01413	0.00845	0.14086	0.08729	0.01359	0.08918	0.04303	0.11978	0.18166	0.02366	0.00614	0.00166	0.00482	0.00776	0.00439	0.20798
5	0.01010	0.00855	0.01350	0.09073	0.26865	0.00871	0.01135	0.01267	0.01196	0.01615	0.02106	0.17930	0.02238	0.01112	0.00652	0.00209	0.00537	0.28956	0.00401	0.00622
6	0.01287	0.01471	0.03217	0.02298	0.02849	0.01379	0.75460	0.01746	0.01287	0.01746	0.01103	0.01471	0.00827	0.00460	0.00643	0.00184	0.00919	0.00643	0.00276	0.00735
7	0.00683	0.00511	0.00634	0.00693	0.00783	0.00463	0.00486	0.00824	0.01201	0.01585	0.19827	0.45670	0.21653	0.01499	0.00672	0.00202	0.00294	0.01330	0.00527	0.00463
8	0.11107	0.01212	0.02081	0.01569	0.01983	0.01140	0.35046	0.01902	0.01320	0.21127	0.01543	0.01939	0.01206	0.10658	0.00892	0.00241	0.00711	0.00629	0.02925	0.00769
9	0.00664	0.00474	0.00633	0.00759	0.00791	0.00443	0.00506	0.00759	0.01044	0.01392	0.03005	0.80485	0.03606	0.01708	0.00696	0.00221	0.00316	0.01550	0.00506	0.00443
10	0.00664	0.00474	0.00633	0.00759	0.00791	0.00443	0.00506	0.00759	0.01044	0.01392	0.03005	0.80485	0.03606	0.01708	0.00696	0.00221	0.00316	0.01550	0.00506	0.00443
11	0.04085	0.03752	0.01534	0.43468	0.02680	0.01216	0.01207	0.12528	0.03256	0.16448	0.01288	0.01505	0.00915	0.00590	0.00528	0.00172	0.00621	0.00489	0.02996	0.00721
12	0.01458	0.81168	0.02857	0.00933	0.01399	0.02157	0.00933	0.01632	0.01108	0.01283	0.00758	0.00875	0.00700	0.00466	0.00350	0.00117	0.00583	0.00292	0.00233	0.00700
13	0.00664	0.00474	0.00633	0.00759	0.00791	0.00443	0.00506	0.00759	0.01044	0.01392	0.03005	0.80485	0.03606	0.01708	0.00696	0.00221	0.00316	0.01550	0.00506	0.00443
14	0.01016	0.00508	0.00508	0.00508	0.00635	0.00508	0.00381	0.01270	0.01143	0.02033	0.01778	0.02033	0.01397	0.00635	0.00381	0.00127	0.00254	0.00508	0.83867	0.00508
15	0.01642	0.01306	0.01386	0.01156	0.01516	0.01474	0.00925	0.33780	0.42999	0.02750	0.01920	0.01812	0.03379	0.00721	0.00553	0.00176	0.00499	0.00577	0.00549	0.00879
16	0.00655	0.00549	0.00570	0.00573	0.00745	0.00464	0.00426	0.00800	0.01256	0.01523	0.10880	0.08888	0.68052	0.01377	0.00647	0.00185	0.00277	0.01158	0.00513	0.00464
17	0.01698	0.01307	0.01404	0.01162	0.01522	0.01464	0.00942	0.41434	0.30261	0.02848	0.01763	0.01904	0.01356	0.00739	0.00557	0.00176	0.00520	0.05087	0.02993	0.00864
18	0.01498	0.00812	0.01060	0.00913	0.01146	0.00830	0.00713	0.11323	0.01310	0.26604	0.01707	0.02159	0.01397	0.14407	0.31035	0.00497	0.00876	0.00592	0.00457	0.00665
19	0.84691	0.01054	0.00801	0.00717	0.01054	0.01223	0.00590	0.01603	0.00928	0.02446	0.00759	0.00886	0.00590	0.00506	0.00337	0.00169	0.00422	0.00295	0.00337	0.00590
20	0.01182	0.01061	0.01729	0.28222	0.38542	0.01147	0.01398	0.01544	0.03721	0.01688	0.01199	0.03828	0.00992	0.00569	0.00527	0.00167	0.00608	0.00524	0.10632	0.00721
21	0.01208	0.00872	0.01049	0.03364	0.05004	0.04279	0.00796	0.06033	0.01338	0.10357	0.04015	0.11566	0.09176	0.01031	0.00600	0.00182	0.00467	0.21122	0.04316	0.13226
22	0.00743	0.00538	0.00695	0.00693	0.00799	0.00496	0.00502	0.00951	0.01397	0.01944	0.55186	0.20924	0.08160	0.03611	0.00718	0.00194	0.00279	0.01112	0.00567	0.00491
23	0.12644	0.01414	0.01327	0.01095	0.01451	0.12611	0.00878	0.30743	0.10594	0.11593	0.06235	0.01670	0.03997	0.00689	0.00522	0.00165	0.00564	0.00521	0.00498	0.00790
24	0.00653	0.00517	0.00589	0.00647	0.00761	0.00452	0.00456	0.00772	0.01151	0.01436	0.04366	0.39804	0.43407	0.01531	0.00668	0.00201	0.00295	0.01334	0.00506	0.00452
25	0.01130	0.00969	0.01130	0.00807	0.01292	0.00727	0.00646	0.01373	0.01130	0.01776	0.00969	0.01130	0.00807	0.00404	0.00404	0.00081	0.00404	0.00323	0.00323	0.84173
26	0.00941	0.00676	0.00815	0.00832	0.00936	0.00685	0.00585	0.14687	0.01298	0.01734	0.02542	0.56967	0.02922	0.10557	0.00905	0.00246	0.00393	0.01266	0.00493	0.00520
27	0.01739	0.01255	0.01371	0.01080	0.01479	0.03206	0.00871	0.36604	0.09751	0.11311	0.01534	0.06886	0.01207	0.00682	0.00525	0.00152	0.00514	0.00544	0.00504	0.18784

[dist]
# distance from previous block
# <min> <max>
5	8

[block]
# block no. 3 follows, 44 sequences, length 33
# corresponding to MSA columns:
# 849-881
name=unknown_D
#
# <colnr> <probs for GDERKNQSTAVLIFYWHMCP>
#	G	D	E	R	K	N	Q	S	T	A	V	L	I	F	Y	W	H	M	C	P
0	0.34201	0.01289	0.01249	0.01023	0.01401	0.01457	0.00836	0.35691	0.13151	0.02874	0.01233	0.01254	0.00908	0.00609	0.00466	0.00169	0.00505	0.00434	0.00466	0.00786
1	0.03901	0.01126	0.01229	0.01035	0.03899	0.05369	0.00790	0.08183	0.16838	0.13708	0.04717	0.01696	0.03849	0.00613	0.00495	0.00139	0.00466	0.00494	0.00457	0.30997
2	0.01512	0.26379	0.15509	0.01222	0.01692	0.01495	0.08734	0.08853	0.06393	0.12396	0.02662	0.01426	0.01030	0.03245	0.00605	0.00169	0.03259	0.00465	0.02192	0.00763
3	0.84691	0.01054	0.00801	0.00717	0.01054	0.01223	0.00590	0.01603	0.00928	0.02446	0.00759	0.00886	0.00590	0.00506	0.00337	0.00169	0.00422	0.00295	0.00337	0.00590
4	0.02024	0.02137	0.01584	0.01347	0.01680	0.46247	0.01051	0.30808	0.01920	0.02154	0.01021	0.01117	0.00790	0.00610	0.00553	0.00153	0.03266	0.00410	0.00383	0.00746
5	0.01206	0.03626	0.38937	0.11772	0.28500	0.01298	0.01788	0.03479	0.01209	0.01737	0.00997	0.01255	0.00761	0.00512	0.00526	0.00169	0.00732	0.00442	0.00253	0.00802
6	0.09830	0.01177	0.01613	0.24662	0.14411	0.04013	0.01261	0.06652	0.01141	0.01702	0.00927	0.01293	0.00767	0.00666	0.00892	0.00190	0.24595	0.00460	0.03085	0.00663
7	0.02364	0.01059	0.01346	0.01032	0.01457	0.00996	0.00853	0.18638	0.01780	0.61526	0.01966	0.01736	0.01257	0.00670	0.00548	0.00168	0.00494	0.00536	0.00646	0.00928
8	0.01600	0.00718	0.00942	0.00822	0.01042	0.00647	0.00609	0.01728	0.01238	0.39956	0.02230	0.20230	0.02032	0.22262	0.01175	0.00277	0.00447	0.00842	0.00545	0.00658
9	0.01396	0.01617	0.09461	0.36220	0.07303	0.19302	0.01378	0.07338	0.07610	0.01665	0.01074	0.01344	0.00819	0.00567	0.00530	0.00169	0.00756	0.00457	0.00301	0.00694
10	0.00793	0.00529	0.00595	0.00595	0.00595	0.00529	0.00330	0.00793	0.00793	0.01057	0.01718	0.03568	0.01982	0.80840	0.02775	0.00529	0.00529	0.00793	0.00330	0.00330
11	0.02446	0.00928	0.01265	0.00970	0.01392	0.00801	0.00801	0.02657	0.01560	0.77817	0.02151	0.01856	0.01350	0.00675	0.00548	0.00169	0.00464	0.00548	0.00675	0.00928
12	0.00664	0.00474	0.00633	0.00759	0.00791	0.00443	0.00506	0.00759	0.01044	0.01392	0.03005	0.80485	0.03606	0.01708	0.00696	0.00221	0.00316	0.01550	0.00506	0.00443
13	0.01285	0.01100	0.01171	0.01073	0.01353	0.01262	0.00826	0.02677	0.68710	0.02189	0.02300	0.10091	0.01864	0.00839	0.00569	0.00189	0.00420	0.00712	0.00550	0.00820
14	0.00671	0.00519	0.00589	0.00639	0.00739	0.00462	0.00439	0.00775	0.01106	0.01387	0.04042	0.34486	0.38614	0.11841	0.00942	0.00243	0.00325	0.01260	0.00483	0.00437
15	0.00779	0.00584	0.00876	0.00876	0.00974	0.00681	0.00681	0.00974	0.00876	0.01266	0.01460	0.02142	0.01363	0.04089	0.78680	0.00876	0.01460	0.00584	0.00292	0.00487
16	0.01193	0.01193	0.01670	0.01431	0.01431	0.01670	0.01193	0.01312	0.00835	0.01312	0.00716	0.01193	0.00716	0.00954	0.01789	0.00239	0.79843	0.00477	0.00239	0.00596
17	0.01030	0.00969	0.01635	0.79530	0.03755	0.01211	0.01514	0.01393	0.01090	0.01393	0.00969	0.01453	0.00727	0.00545	0.00545	0.00182	0.00727	0.00484	0.00242	0.00606
18	0.00874	0.00498	0.00719	0.00767	0.00793	0.00491	0.00544	0.00786	0.00868	0.01151	0.01702	0.19708	0.01873	0.01793	0.01600	0.52612	0.00443	0.12117	0.00337	0.00323
19	0.00810	0.00626	0.00825	0.00798	0.00933	0.00605	0.03058	0.01150	0.09062	0.01904	0.40726	0.26615	0.08289	0.01246	0.00650	0.00189	0.00316	0.01114	0.00551	0.00533
20	0.00664	0.00474	0.00633	0.00759	0.00791	0.00443	0.00506	0.00759	0.01044	0.01392	0.03005	0.80485	0.03606	0.01708	0.00696	0.00221	0.00316	0.01550	0.00506	0.00443
21	0.01030	0.00969	0.01635	0.79530	0.03755	0.01211	0.01514	0.01393	0.01090	0.01393	0.00969	0.01453	0.00727	0.00545	0.00545	0.00182	0.00727	0.00484	0.00242	0.00606
22	0.01382	0.00702	0.00933	0.00874	0.01079	0.00648	0.00674	0.04577	0.01363	0.28360	0.10238	0.33405	0.02810	0.01219	0.00639	0.00199	0.00395	0.09282	0.00576	0.00647
23	0.01230	0.01365	0.02895	0.02106	0.02582	0.01322	0.63878	0.01644	0.01221	0.01674	0.01119	0.01525	0.00876	0.00858	0.08718	0.00258	0.05121	0.00629	0.00275	0.00702
24	0.00774	0.00601	0.00822	0.00969	0.08665	0.00561	0.00617	0.00962	0.01285	0.01753	0.32160	0.32656	0.13498	0.01308	0.00652	0.00191	0.00322	0.01168	0.00519	0.00516
25	0.00661	0.00517	0.00600	0.00655	0.00766	0.00456	0.00462	0.00787	0.01171	0.01480	0.08825	0.39526	0.39128	0.01514	0.00668	0.00200	0.00293	0.01323	0.00512	0.00456
26	0.01211	0.01134	0.01900	0.22426	0.50820	0.01195	0.01495	0.01512	0.01157	0.01608	0.01082	0.01604	0.00944	0.08754	0.00771	0.00205	0.00656	0.00517	0.00269	0.00743
27	0.13576	0.21682	0.23796	0.01336	0.09434	0.01387	0.01243	0.01878	0.01205	0.17988	0.01147	0.01214	0.00837	0.00534	0.00458	0.00156	0.00605	0.00399	0.00346	0.00780
28	0.01547	0.01317	0.09439	0.01268	0.01676	0.04650	0.15052	0.15557	0.01557	0.18246	0.06152	0.02201	0.11171	0.03597	0.03871	0.00213	0.00642	0.00644	0.00457	0.00743
29	0.01851	0.00979	0.01142	0.00931	0.01259	0.06625	0.00744	0.04554	0.04087	0.43242	0.23086	0.02377	0.02347	0.00782	0.00566	0.00165	0.00446	0.00649	0.00604	0.03562
30	0.00880	0.00648	0.00774	0.00773	0.00936	0.00601	0.00566	0.03238	0.06862	0.04701	0.06331	0.39948	0.18808	0.01337	0.00636	0.00192	0.00342	0.03410	0.00504	0.08512
31	0.01221	0.01139	0.01907	0.08587	0.59300	0.01154	0.01458	0.01504	0.01182	0.01667	0.01268	0.09623	0.01205	0.05610	0.00695	0.00192	0.00612	0.00614	0.00296	0.00768
32	0.01689	0.01358	0.01405	0.06202	0.09377	0.14986	0.00986	0.11680	0.18364	0.16811	0.04389	0.01921	0.06997	0.00707	0.00549	0.00168	0.00581	0.00570	0.00477	0.00785

[dist]
# distance from previous block
# <min> <max>
11	52

[block]
# block no. 4 follows, 44 sequences, length 17
# corresponding to MSA columns:
# 934-950
name=unknown_E
#
# <colnr> <probs for GDERKNQSTAVLIFYWHMCP>
#	G	D	E	R	K	N	Q	S	T	A	V	L	I	F	Y	W	H	M	C	P
0	0.01238	0.34025	0.48081	0.01307	0.01977	0.01621	0.01584	0.01689	0.01134	0.01550	0.00891	0.01041	0.00694	0.00497	0.00451	0.00150	0.00717	0.00359	0.00231	0.00763
1	0.01295	0.01024	0.01135	0.00894	0.01283	0.00956	0.00713	0.15733	0.12646	0.04709	0.02143	0.02122	0.15795	0.00700	0.00505	0.00135	0.00423	0.00567	0.00448	0.36776
2	0.00968	0.00804	0.00864	0.00722	0.00983	0.03059	0.00527	0.03277	0.01117	0.01534	0.02288	0.05627	0.18618	0.22418	0.01117	0.00235	0.00429	0.00689	0.00379	0.34346
3	0.01298	0.01119	0.01206	0.01032	0.01385	0.01194	0.00807	0.02504	0.57012	0.02150	0.01896	0.01801	0.01443	0.00653	0.00516	0.00158	0.00424	0.00541	0.00495	0.22367
4	0.01356	0.01473	0.02880	0.02089	0.02596	0.05269	0.61857	0.01810	0.03790	0.04218	0.01145	0.01456	0.00862	0.00492	0.00652	0.00179	0.03019	0.00608	0.00299	0.03949
5	0.01234	0.06211	0.01227	0.00939	0.01257	0.07811	0.00739	0.05951	0.08550	0.03630	0.01716	0.16347	0.05300	0.00800	0.00574	0.00146	0.04609	0.00648	0.00397	0.31914
6	0.02072	0.01527	0.01636	0.01254	0.01691	0.01691	0.01036	0.75622	0.02563	0.03436	0.01309	0.01309	0.00927	0.00654	0.00545	0.00164	0.00600	0.00491	0.00545	0.00927
7	0.00651	0.00553	0.00561	0.00559	0.00740	0.00463	0.00419	0.00795	0.01258	0.01509	0.09125	0.05188	0.73594	0.01367	0.00644	0.00183	0.00275	0.01142	0.00511	0.00463
8	0.01299	0.34063	0.43122	0.01297	0.01933	0.06589	0.01521	0.01718	0.01159	0.01524	0.00882	0.01030	0.00695	0.00500	0.00449	0.00148	0.00728	0.00355	0.00235	0.00752
9	0.00784	0.00564	0.00777	0.00777	0.00840	0.00627	0.00558	0.00910	0.00847	0.01192	0.01551	0.02645	0.01581	0.31176	0.51891	0.00753	0.01131	0.00658	0.00306	0.00432
10	0.00664	0.00474	0.00633	0.00759	0.00791	0.00443	0.00506	0.00759	0.01044	0.01392	0.03005	0.80485	0.03606	0.01708	0.00696	0.00221	0.00316	0.01550	0.00506	0.00443
11	0.01476	0.04925	0.10238	0.01750	0.04062	0.25890	0.30670	0.01872	0.05257	0.01602	0.01172	0.06358	0.00991	0.00594	0.00567	0.00168	0.00844	0.00565	0.00300	0.00700
12	0.12104	0.04515	0.14575	0.01917	0.04403	0.01349	0.47596	0.01699	0.01201	0.01806	0.01033	0.01336	0.00785	0.00568	0.02548	0.00195	0.00831	0.00542	0.00275	0.00723
13	0.00683	0.00508	0.00637	0.00701	0.00785	0.00462	0.00489	0.00822	0.01192	0.01579	0.19409	0.48561	0.19154	0.01513	0.00674	0.00203	0.00295	0.01347	0.00526	0.00462
14	0.00923	0.00530	0.00590	0.00603	0.00731	0.00511	0.00451	0.01135	0.01169	0.03691	0.06459	0.13510	0.12810	0.01080	0.03479	0.00185	0.00327	0.03592	0.47725	0.00502
15	0.03312	0.01165	0.01790	0.01725	0.16405	0.01160	0.14396	0.14815	0.04751	0.19244	0.01693	0.02282	0.01378	0.00731	0.00593	0.00183	0.00609	0.12505	0.00462	0.00802
16	0.01659	0.19180	0.18318	0.01229	0.01736	0.06571	0.01198	0.30655	0.06013	0.03850	0.01145	0.01205	0.00859	0.00575	0.00489	0.00152	0.00646	0.00422	0.00388	0.03711

[dist]
# distance from previous block
# <min> <max>
0	5

[block]
# block no. 5 follows, 44 sequences, length 19
# corresponding to MSA columns:
# 956-974
name=unknown_F
#
# <colnr> <probs for GDERKNQSTAVLIFYWHMCP>
#	G	D	E	R	K	N	Q	S	T	A	V	L	I	F	Y	W	H	M	C	P
0	0.04755	0.04404	0.01319	0.00996	0.01408	0.10038	0.00798	0.10313	0.15300	0.07385	0.01291	0.01333	0.00993	0.00538	0.00463	0.00127	0.00510	0.00413	0.00408	0.37207
1	0.01191	0.02120	0.42543	0.04330	0.22224	0.01299	0.13276	0.01697	0.01187	0.01725	0.01004	0.01262	0.00759	0.00511	0.00573	0.00173	0.02614	0.00466	0.00248	0.00800
2	0.01509	0.01007	0.01265	0.00946	0.01393	0.00851	0.03648	0.05565	0.05967	0.20552	0.01412	0.03444	0.01073	0.00540	0.00473	0.00121	0.00448	0.00449	0.00438	0.48902
3	0.00778	0.00531	0.00590	0.00590	0.00609	0.00522	0.00339	0.00792	0.00838	0.01099	0.02102	0.03737	0.09581	0.72815	0.02560	0.00494	0.00503	0.00829	0.00348	0.00343
4	0.01150	0.00899	0.01361	0.24242	0.07525	0.01067	0.01081	0.01438	0.03988	0.09110	0.01280	0.01768	0.01079	0.05438	0.23524	0.00406	0.13169	0.00538	0.00318	0.00618
5	0.00770	0.00566	0.00727	0.00712	0.00847	0.00523	0.00551	0.01011	0.01466	0.02021	0.57999	0.04503	0.13972	0.01201	0.00658	0.00184	0.00293	0.10913	0.00575	0.00506
6	0.00728	0.00501	0.00614	0.00678	0.00694	0.00485	0.00419	0.00776	0.00920	0.01227	0.02371	0.42591	0.02806	0.40693	0.01720	0.00373	0.00421	0.01177	0.00419	0.00387
7	0.01409	0.01142	0.01350	0.01172	0.01401	0.01371	0.00941	0.05135	0.41347	0.09122	0.01878	0.01879	0.04505	0.00820	0.00917	0.00198	0.23577	0.00587	0.00471	0.00777
8	0.00780	0.00581	0.00859	0.00859	0.00950	0.00672	0.00659	0.00962	0.00871	0.01253	0.01476	0.02231	0.01402	0.08892	0.73930	0.00854	0.01402	0.00597	0.00294	0.00477
9	0.01316	0.50724	0.32062	0.01174	0.01772	0.01811	0.01353	0.01669	0.01125	0.01455	0.00844	0.00982	0.00696	0.00486	0.00415	0.00138	0.00670	0.00335	0.00232	0.00741
10	0.01928	0.01455	0.01555	0.01225	0.01636	0.01623	0.01001	0.60987	0.17433	0.03203	0.01492	0.01455	0.01075	0.00672	0.00547	0.00168	0.00566	0.00516	0.00547	0.00914
11	0.00780	0.00523	0.00598	0.00611	0.00614	0.00520	0.00348	0.00789	0.00818	0.01091	0.01848	0.11336	0.02146	0.72848	0.02565	0.00498	0.00507	0.00869	0.00348	0.00342
12	0.00837	0.00634	0.00884	0.00969	0.08062	0.00599	0.00660	0.01100	0.01486	0.02092	0.62483	0.04026	0.04538	0.01095	0.00644	0.00179	0.00319	0.08290	0.00559	0.00546
13	0.01314	0.01014	0.01168	0.00896	0.01332	0.00885	0.00713	0.01866	0.19293	0.09397	0.01386	0.01419	0.01067	0.00511	0.00454	0.00114	0.00416	0.00416	0.00413	0.55923
14	0.00726	0.00540	0.00699	0.00766	0.00857	0.00481	0.00525	0.00841	0.01055	0.01443	0.02734	0.69944	0.03234	0.01535	0.00657	0.00203	0.00328	0.01387	0.00482	0.11564
15	0.01405	0.25911	0.07169	0.03252	0.01914	0.12506	0.19290	0.01665	0.01153	0.01440	0.00863	0.01138	0.00735	0.00593	0.00781	0.00169	0.18646	0.00439	0.00252	0.00680
16	0.01539	0.01174	0.11530	0.00934	0.01336	0.00919	0.00856	0.14483	0.01477	0.18562	0.01520	0.01584	0.01101	0.00589	0.00468	0.00140	0.00462	0.00465	0.24772	0.16088
17	0.01681	0.27628	0.01962	0.01308	0.06268	0.31434	0.01018	0.01991	0.08900	0.04668	0.01018	0.01129	0.00840	0.00565	0.00523	0.00143	0.04901	0.00381	0.00308	0.03333
18	0.01636	0.27568	0.05419	0.01056	0.01463	0.05699	0.00940	0.13126	0.16827	0.13075	0.04697	0.01596	0.03358	0.00641	0.00486	0.00153	0.00547	0.00487	0.00436	0.00787

[dist]
# distance from previous block
# <min> <max>
0	5

[block]
# block no. 6 follows, 44 sequences, length 54
# corresponding to MSA columns:
# 980-1033
name=unknown_G
#
# <colnr> <probs for GDERKNQSTAVLIFYWHMCP>
#	G	D	E	R	K	N	Q	S	T	A	V	L	I	F	Y	W	H	M	C	P
0	0.05030	0.15562	0.16606	0.01149	0.01539	0.01127	0.09643	0.03635	0.01217	0.08384	0.05370	0.23705	0.03017	0.00896	0.00556	0.00177	0.00553	0.00784	0.00389	0.00661
1	0.19499	0.01347	0.02449	0.05127	0.01444	0.14536	0.00887	0.15763	0.03731	0.02089	0.01116	0.01335	0.00894	0.00938	0.07543	0.00230	0.09795	0.00435	0.10186	0.00657
2	0.01277	0.01174	0.01120	0.01037	0.01287	0.11418	0.00808	0.05198	0.37965	0.02033	0.11711	0.05253	0.08011	0.00919	0.00589	0.00184	0.00482	0.08311	0.00513	0.00709
3	0.29476	0.01391	0.05619	0.03742	0.01796	0.08075	0.19414	0.05191	0.03262	0.07741	0.01059	0.01218	0.00791	0.00517	0.00481	0.00162	0.00635	0.00438	0.00348	0.08644
4	0.01287	0.01471	0.03217	0.02298	0.02849	0.01379	0.75460	0.01746	0.01287	0.01746	0.01103	0.01471	0.00827	0.00460	0.00643	0.00184	0.00919	0.00643	0.00276	0.00735
5	0.01569	0.05937	0.01877	0.21270	0.17529	0.34884	0.06037	0.01825	0.01331	0.01463	0.00923	0.01199	0.00749	0.00531	0.00517	0.00157	0.00827	0.00427	0.00266	0.00682
6	0.00789	0.00545	0.00676	0.00676	0.00704	0.00573	0.00432	0.00845	0.00817	0.01117	0.01643	0.03155	0.01803	0.58639	0.24732	0.00629	0.00798	0.00732	0.00319	0.00376
7	0.01326	0.53840	0.22143	0.08062	0.01856	0.01843	0.01263	0.01635	0.01117	0.01407	0.00834	0.00997	0.00700	0.00487	0.00411	0.00137	0.00653	0.00337	0.00233	0.00719
8	0.01393	0.01058	0.01201	0.01255	0.10161	0.09008	0.00863	0.12049	0.01424	0.12435	0.03294	0.17226	0.05905	0.08091	0.00836	0.00219	0.03011	0.09457	0.00461	0.00653
9	0.01367	0.00784	0.01004	0.00951	0.01179	0.00761	0.00791	0.09645	0.01439	0.20732	0.02698	0.06749	0.08964	0.05928	0.00788	0.00231	0.00479	0.34331	0.00540	0.00639
10	0.00911	0.00830	0.01158	0.02847	0.07880	0.00936	0.03142	0.01071	0.01093	0.01477	0.07345	0.15495	0.25318	0.03769	0.01046	0.00215	0.23623	0.00907	0.00394	0.00544
11	0.01154	0.00765	0.01143	0.01127	0.07518	0.00714	0.07777	0.01378	0.03491	0.15878	0.08808	0.27198	0.11280	0.08192	0.00820	0.00221	0.00442	0.00997	0.00490	0.00608
12	0.00644	0.00552	0.00552	0.00552	0.00736	0.00460	0.00414	0.00782	0.01243	0.01473	0.05523	0.05247	0.77218	0.01381	0.00644	0.00184	0.00276	0.01151	0.00506	0.00460
13	0.01739	0.01378	0.01615	0.05113	0.12453	0.01527	0.01104	0.43130	0.21203	0.02812	0.01486	0.01507	0.01097	0.00647	0.00547	0.00170	0.00569	0.00522	0.00495	0.00887
14	0.01161	0.01032	0.01435	0.01614	0.25574	0.00885	0.00962	0.01417	0.01159	0.01746	0.01158	0.07848	0.01060	0.00539	0.00472	0.00118	0.00474	0.00478	0.00321	0.50547
15	0.01559	0.01011	0.01665	0.01276	0.01643	0.00967	0.24127	0.02016	0.10177	0.24100	0.01727	0.01805	0.01236	0.00604	0.00533	0.00164	0.00545	0.00575	0.23529	0.00744
16	0.01093	0.02820	0.78016	0.01554	0.02360	0.01266	0.02014	0.01727	0.01151	0.01727	0.00978	0.01151	0.00691	0.00518	0.00518	0.00173	0.00806	0.00403	0.00230	0.00806
17	0.00662	0.00481	0.00625	0.00741	0.00786	0.00444	0.00498	0.00761	0.01061	0.01399	0.03228	0.73814	0.10132	0.01679	0.00691	0.00218	0.00313	0.01514	0.00506	0.00444
18	0.01120	0.01061	0.01798	0.58080	0.24501	0.01235	0.01559	0.01472	0.01133	0.01502	0.00985	0.01424	0.00765	0.00528	0.00544	0.00176	0.00704	0.00485	0.00250	0.00678
19	0.02105	0.01004	0.01255	0.01014	0.01400	0.00975	0.00821	0.02732	0.24971	0.54206	0.02172	0.01911	0.01448	0.00695	0.00550	0.00174	0.00454	0.00570	0.00637	0.00908
20	0.01287	0.01471	0.03217	0.02298	0.02849	0.01379	0.75460	0.01746	0.01287	0.01746	0.01103	0.01471	0.00827	0.00460	0.00643	0.00184	0.00919	0.00643	0.00276	0.00735
21	0.00656	0.00523	0.00588	0.00634	0.00759	0.00455	0.00452	0.00781	0.01177	0.01465	0.06805	0.33439	0.47358	0.01495	0.00664	0.00198	0.00291	0.01295	0.00509	0.00455
22	0.01187	0.01083	0.01581	0.01335	0.01456	0.03862	0.09251	0.01373	0.00966	0.05344	0.01057	0.01515	0.00944	0.01646	0.20738	0.00382	0.42260	0.00523	0.02900	0.00600
23	0.00815	0.00592	0.00818	0.00809	0.00888	0.00665	0.00594	0.02763	0.00895	0.01262	0.01527	0.02511	0.01521	0.24970	0.56021	0.00764	0.01185	0.00639	0.00309	0.00455
24	0.01343	0.56575	0.26449	0.01128	0.01701	0.01877	0.01272	0.01662	0.01121	0.01422	0.00827	0.00961	0.00697	0.00483	0.00403	0.00134	0.00653	0.00326	0.00232	0.00733
25	0.00664	0.00474	0.00633	0.00759	0.00791	0.00443	0.00506	0.00759	0.01044	0.01392	0.03005	0.80485	0.03606	0.01708	0.00696	0.00221	0.00316	0.01550	0.00506	0.00443
26	0.01414	0.00660	0.00793	0.00691	0.00911	0.00619	0.00541	0.03098	0.01366	0.24385	0.15366	0.02331	0.02044	0.00733	0.00480	0.00148	0.00323	0.00605	0.42850	0.00641
27	0.01470	0.05637	0.02090	0.01732	0.08603	0.16394	0.23789	0.03925	0.03575	0.06048	0.01274	0.06376	0.01119	0.00700	0.00740	0.00181	0.11375	0.03939	0.00333	0.00698
28	0.00776	0.00559	0.00769	0.00777	0.00838	0.00617	0.00556	0.00901	0.00859	0.01205	0.01639	0.07397	0.01703	0.29056	0.49078	0.00722	0.01085	0.00711	0.00318	0.00433
29	0.00853	0.00696	0.00890	0.00882	0.00981	0.05201	0.00672	0.01027	0.00908	0.01251	0.01447	0.02201	0.01379	0.10689	0.67404	0.00803	0.01350	0.00589	0.00295	0.00481
30	0.00662	0.00484	0.00623	0.00735	0.00784	0.00445	0.00495	0.00762	0.01067	0.01401	0.03301	0.71627	0.12272	0.01669	0.00690	0.00217	0.00312	0.01503	0.00506	0.00445
31	0.00841	0.00667	0.00958	0.00923	0.00994	0.00808	0.00713	0.01001	0.00860	0.01247	0.01383	0.02178	0.01344	0.13084	0.58050	0.00740	0.12844	0.00594	0.00289	0.00484
32	0.01111	0.05081	0.01092	0.00913	0.01167	0.01057	0.00714	0.02056	0.42860	0.02087	0.21275	0.02953	0.13572	0.00913	0.00579	0.00178	0.00373	0.00770	0.00542	0.00709
33	0.01395	0.01454	0.02404	0.02913	0.52161	0.08175	0.19980	0.01736	0.01280	0.01733	0.01029	0.01347	0.00840	0.00486	0.00561	0.00165	0.00745	0.00513	0.00272	0.00811
34	0.01363	0.01382	0.02621	0.07344	0.29417	0.01366	0.37972	0.08248	0.01372	0.01887	0.01085	0.01412	0.00843	0.00491	0.00592	0.00174	0.00782	0.00564	0.00295	0.00790
35	0.00890	0.00763	0.00935	0.00923	0.01037	0.07594	0.00714	0.01080	0.00935	0.01272	0.01406	0.02039	0.01304	0.03776	0.71748	0.00811	0.01418	0.00563	0.00291	0.00500
36	0.01180	0.14499	0.16918	0.03623	0.05452	0.01116	0.03370	0.01493	0.01283	0.08491	0.23477	0.04626	0.03804	0.00770	0.00607	0.00165	0.04681	0.00635	0.00400	0.03409
37	0.00703	0.00531	0.00772	0.00835	0.00899	0.00496	0.04398	0.00826	0.01085	0.01456	0.07217	0.71940	0.03551	0.01609	0.00690	0.00217	0.00344	0.01470	0.00500	0.00462
38	0.07228	0.00935	0.01238	0.00955	0.01372	0.00826	0.00789	0.02596	0.01524	0.73435	0.02070	0.01799	0.01305	0.00665	0.00536	0.00169	0.00461	0.00534	0.00655	0.00908
39	0.01085	0.01025	0.01735	0.66379	0.16475	0.01226	0.01542	0.01441	0.01116	0.01460	0.00979	0.01436	0.00750	0.00535	0.00544	0.00178	0.00713	0.00485	0.00247	0.00650
40	0.01194	0.06583	0.40234	0.01797	0.02435	0.01385	0.30120	0.01703	0.01181	0.01683	0.00997	0.01261	0.00745	0.00520	0.00637	0.00178	0.05845	0.00494	0.00248	0.00759
41	0.02027	0.01483	0.01453	0.01291	0.05447	0.21978	0.00985	0.12014	0.01592	0.32125	0.01543	0.01712	0.01141	0.00705	0.00654	0.00171	0.07672	0.04735	0.00482	0.00791
42	0.01430	0.00706	0.00924	0.00784	0.01038	0.00623	0.00618	0.01655	0.01514	0.32547	0.38417	0.03320	0.12212	0.00969	0.00605	0.00172	0.00343	0.00829	0.00619	0.00674
43	0.01467	0.00948	0.00984	0.00891	0.01129	0.09963	0.00677	0.05994	0.01396	0.25513	0.02878	0.26645	0.17020	0.01119	0.00606	0.00184	0.00451	0.00950	0.00535	0.00650
44	0.03414	0.08331	0.18894	0.01028	0.01399	0.00930	0.00991	0.03200	0.01246	0.22003	0.02015	0.29121	0.01931	0.00991	0.00573	0.00185	0.00504	0.02088	0.00460	0.00694
45	0.01102	0.00591	0.00600	0.00569	0.00721	0.00605	0.00435	0.07336	0.01259	0.02147	0.01740	0.01973	0.01359	0.00637	0.00394	0.00130	0.00282	0.00507	0.77070	0.00542
46	0.01424	0.01510	0.01790	0.33178	0.25877	0.21270	0.01428	0.04205	0.01304	0.01567	0.00965	0.01295	0.00769	0.00535	0.00530	0.00164	0.00764	0.00451	0.00271	0.00703
47	0.01484	0.18716	0.18499	0.15240	0.02108	0.04103	0.01289	0.18668	0.08609	0.04524	0.01157	0.01283	0.00867	0.00571	0.00497	0.00160	0.00656	0.00437	0.00352	0.00779
48	0.01918	0.02370	0.01484	0.01349	0.01618	0.68574	0.01017	0.04598	0.01516	0.01400	0.00918	0.01105	0.00773	0.00901	0.07934	0.00211	0.01015	0.00378	0.00291	0.00628
49	0.00697	0.00498	0.00668	0.00760	0.00799	0.00491	0.00516	0.00797	0.00990	0.01335	0.02616	0.59539	0.03068	0.10569	0.13568	0.00361	0.00525	0.01312	0.00453	0.00438
50	0.01495	0.04292	0.15327	0.08721	0.09061	0.10160	0.24623	0.01933	0.04761	0.12459	0.01221	0.01408	0.00892	0.00535	0.00559	0.00170	0.00768	0.00514	0.00333	0.00768
51	0.01491	0.01153	0.07502	0.01486	0.10542	0.00994	0.13766	0.04528	0.08012	0.22915	0.02051	0.15900	0.05506	0.00830	0.00593	0.00182	0.00556	0.00760	0.00470	0.00761
52	0.00887	0.00594	0.00735	0.00759	0.00875	0.00571	0.00551	0.01086	0.08253	0.05451	0.04158	0.30417	0.20353	0.01497	0.00935	0.15961	0.00366	0.05604	0.00470	0.00478
53	0.01301	0.01218	0.02031	0.09130	0.33019	0.01168	0.15208	0.04079	0.02433	0.03298	0.01071	0.01347	0.00855	0.00479	0.00527	0.00148	0.00637	0.00479	0.00303	0.21269

[dist]
# distance from previous block
# <min> <max>
0	11

[block]
# block no. 7 follows, 44 sequences, length 26
# corresponding to MSA columns:
# 1045-1070
name=unknown_H
#
# <colnr> <probs for GDERKNQSTAVLIFYWHMCP>
#	G	D	E	R	K	N	Q	S	T	A	V	L	I	F	Y	W	H	M	C	P
0	0.01416	0.04357	0.01458	0.05077	0.10054	0.12083	0.02077	0.03315	0.24032	0.05012	0.02930	0.01589	0.02666	0.00595	0.00503	0.00146	0.00552	0.00487	0.00400	0.21250
1	0.34423	0.01066	0.01413	0.01138	0.01487	0.01105	0.16714	0.07913	0.01242	0.06463	0.04164	0.10938	0.01371	0.00727	0.00510	0.00178	0.00531	0.04101	0.00398	0.04118
2	0.01587	0.05339	0.01454	0.01183	0.03109	0.09165	0.06078	0.13235	0.16705	0.15512	0.06288	0.13055	0.01781	0.00833	0.00570	0.00176	0.00541	0.02134	0.00499	0.00755
3	0.04436	0.08434	0.11595	0.06989	0.01847	0.07834	0.08122	0.04801	0.24868	0.01904	0.01351	0.01436	0.01035	0.00572	0.00505	0.00157	0.00610	0.00473	0.00371	0.12661
4	0.00933	0.00675	0.00845	0.04940	0.01043	0.00658	0.00585	0.03632	0.01057	0.04334	0.02111	0.23468	0.05982	0.26648	0.04212	0.00317	0.02638	0.03122	0.00402	0.12398
5	0.01130	0.00758	0.01003	0.11074	0.01385	0.02833	0.00765	0.01290	0.01187	0.12396	0.09237	0.27506	0.02433	0.04984	0.18927	0.00380	0.00707	0.00941	0.00467	0.00594
6	0.00781	0.00542	0.00682	0.00689	0.00720	0.00570	0.00447	0.00846	0.00832	0.01139	0.01713	0.07508	0.01887	0.53133	0.25610	0.00616	0.00798	0.00773	0.00329	0.00384
7	0.01016	0.00508	0.00508	0.00508	0.00635	0.00508	0.00381	0.01270	0.01143	0.02033	0.01778	0.02033	0.01397	0.00635	0.00381	0.00127	0.00254	0.00508	0.83867	0.00508
8	0.01373	0.01287	0.01473	0.01279	0.01458	0.05912	0.01032	0.07252	0.33483	0.01878	0.01410	0.01550	0.01137	0.00819	0.01098	0.00205	0.35690	0.00531	0.00398	0.00736
9	0.00730	0.00553	0.00657	0.00632	0.00769	0.00497	0.00464	0.00924	0.01376	0.01845	0.46105	0.04435	0.29724	0.07922	0.00823	0.00206	0.00287	0.01026	0.00545	0.00480
10	0.01528	0.14518	0.01789	0.21912	0.04526	0.19599	0.02376	0.11761	0.08915	0.01764	0.01079	0.01266	0.00847	0.00559	0.00495	0.00153	0.00699	0.00429	0.00328	0.05456
11	0.01428	0.14734	0.18642	0.01143	0.01663	0.01139	0.07320	0.01758	0.01261	0.16977	0.06772	0.01482	0.01192	0.00551	0.00487	0.00140	0.00567	0.00456	0.00374	0.21913
12	0.01265	0.13840	0.40796	0.01364	0.01966	0.01302	0.08395	0.02972	0.04647	0.07861	0.07224	0.01580	0.03233	0.00600	0.00523	0.00166	0.00678	0.00498	0.00327	0.00765
13	0.02843	0.12593	0.43920	0.01362	0.01964	0.01292	0.06701	0.01718	0.02624	0.07310	0.09017	0.01507	0.01232	0.00598	0.00555	0.00168	0.03047	0.00481	0.00313	0.00756
14	0.00664	0.00474	0.00633	0.00759	0.00791	0.00443	0.00506	0.00759	0.01044	0.01392	0.03005	0.80485	0.03606	0.01708	0.00696	0.00221	0.00316	0.01550	0.00506	0.00443
15	0.01192	0.02279	0.46729	0.07826	0.02573	0.05291	0.22933	0.01729	0.01205	0.01686	0.01006	0.01257	0.00733	0.00506	0.00555	0.00175	0.00841	0.00475	0.00247	0.00761
16	0.78659	0.01045	0.00835	0.00735	0.01079	0.01192	0.00606	0.01680	0.00974	0.07974	0.00861	0.00957	0.00646	0.00518	0.00353	0.00169	0.00425	0.00314	0.00362	0.00615
17	0.00784	0.00583	0.00851	0.07451	0.01142	0.00648	0.00691	0.00970	0.00968	0.01367	0.01915	0.24220	0.01996	0.02846	0.43349	0.00572	0.00979	0.03078	0.05104	0.00486
18	0.00679	0.00485	0.00650	0.00776	0.00814	0.00456	0.00532	0.00785	0.01059	0.01409	0.02997	0.75273	0.03573	0.01694	0.00700	0.00223	0.00329	0.06613	0.00506	0.00447
19	0.00934	0.00829	0.01450	0.01249	0.01459	0.00792	0.22158	0.04941	0.01210	0.01620	0.02359	0.47371	0.02628	0.01277	0.00678	0.00210	0.00520	0.07317	0.00441	0.00557
20	0.02446	0.00928	0.01265	0.00970	0.01392	0.00801	0.00801	0.02657	0.01560	0.77817	0.02151	0.01856	0.01350	0.00675	0.00548	0.00169	0.00464	0.00548	0.00675	0.00928
21	0.00987	0.00505	0.00519	0.00529	0.00648	0.00503	0.00392	0.01227	0.01135	0.01979	0.01882	0.08641	0.01583	0.00726	0.00408	0.00135	0.00259	0.00596	0.76845	0.00503
22	0.84691	0.01054	0.00801	0.00717	0.01054	0.01223	0.00590	0.01603	0.00928	0.02446	0.00759	0.00886	0.00590	0.00506	0.00337	0.00169	0.00422	0.00295	0.00337	0.00590
23	0.00714	0.00540	0.00636	0.00638	0.00773	0.00481	0.00469	0.00898	0.01331	0.01773	0.34391	0.16633	0.33094	0.01296	0.00642	0.00183	0.00274	0.01123	0.03630	0.00481
24	0.01632	0.01244	0.01343	0.01105	0.01429	0.01389	0.00874	0.41073	0.23376	0.02678	0.01632	0.01863	0.01302	0.11739	0.04598	0.00253	0.00583	0.00572	0.00507	0.00807
25	0.25607	0.12537	0.10462	0.00977	0.01421	0.01222	0.00913	0.04340	0.04889	0.30551	0.01395	0.01348	0.00965	0.00581	0.00457	0.00162	0.00512	0.00424	0.00454	0.00782

[dist]
# distance from previous block
# <min> <max>
0	1

[block]
# block no. 8 follows, 44 sequences, length 15
# corresponding to MSA columns:
# 1072-1086
name=unknown_I
#
# <colnr> <probs for GDERKNQSTAVLIFYWHMCP>
#	G	D	E	R	K	N	Q	S	T	A	V	L	I	F	Y	W	H	M	C	P
