[name]
unknown

[dist]
# distance from previous block
# <min> <max>
0	734

[block]
# block no. 0 follows, 45 sequences, length 37
# corresponding to MSA columns:
# 757-793
name=unknown_A
#
# <colnr> <probs for GDERKNQSTAVLIFYWHMCP>
#	G	D	E	R	K	N	Q	S	T	A	V	L	I	F	Y	W	H	M	C	P
0	0.00938	0.00721	0.01072	0.01351	0.13166	0.00721	0.00988	0.01196	0.01234	0.01630	0.02554	0.05312	0.02737	0.01325	0.00708	0.00233	0.00517	0.62588	0.00458	0.00550
1	0.00897	0.00658	0.00755	0.00756	0.00838	0.00685	0.00504	0.05340	0.12915	0.01472	0.02167	0.28809	0.02375	0.37568	0.01585	0.00347	0.00440	0.00984	0.00429	0.00478
2	0.01008	0.00606	0.00785	0.00708	0.00885	0.00546	0.00542	0.01244	0.01496	0.14039	0.59308	0.03768	0.10860	0.01052	0.00619	0.00169	0.00287	0.00917	0.00594	0.00566
3	0.01753	0.01762	0.01423	0.01235	0.01558	0.30439	0.00960	0.19972	0.31012	0.02168	0.01465	0.01446	0.01112	0.00643	0.00521	0.00161	0.00667	0.00480	0.00443	0.00780
4	0.01285	0.39421	0.30800	0.01174	0.01734	0.01672	0.01306	0.01838	0.13011	0.01581	0.01054	0.01142	0.00835	0.00521	0.00438	0.00146	0.00633	0.00378	0.00278	0.00753
5	0.00771	0.00611	0.00718	0.00647	0.00848	0.00520	0.00492	0.00980	0.01350	0.01839	0.39756	0.03967	0.30263	0.01081	0.00597	0.00159	0.00283	0.00926	0.00515	0.13679
6	0.01900	0.02337	0.01473	0.01337	0.01618	0.66774	0.01008	0.02255	0.13358	0.01460	0.01043	0.01131	0.00840	0.00581	0.00494	0.00145	0.00883	0.00387	0.00319	0.00658
7	0.01706	0.39793	0.04975	0.01145	0.01551	0.27541	0.01013	0.13483	0.01461	0.01629	0.00867	0.00974	0.00725	0.00521	0.00427	0.00132	0.00716	0.00341	0.00293	0.00706
8	0.00751	0.00548	0.00705	0.00666	0.00796	0.00503	0.00499	0.00996	0.01498	0.02102	0.72343	0.04092	0.10256	0.01116	0.00633	0.00170	0.00255	0.00982	0.00584	0.00503
9	0.01345	0.13881	0.02278	0.02921	0.65775	0.01409	0.01533	0.01641	0.01202	0.01677	0.00968	0.01255	0.00825	0.00475	0.00502	0.00152	0.00628	0.00448	0.00260	0.00825
10	0.00719	0.00643	0.00717	0.00680	0.00833	0.00640	0.00528	0.00852	0.01160	0.01425	0.04694	0.04538	0.65485	0.01293	0.00812	0.00190	0.12830	0.01029	0.00457	0.00474
11	0.00856	0.00683	0.01060	0.01235	0.13023	0.00761	0.00812	0.01061	0.00916	0.01319	0.01379	0.02036	0.01286	0.06193	0.63975	0.00740	0.01280	0.00567	0.00285	0.00532
12	0.01837	0.02229	0.01392	0.01275	0.01509	0.66637	0.00947	0.01916	0.01392	0.01254	0.00846	0.01072	0.00729	0.00759	0.00738	0.13382	0.00889	0.00365	0.00270	0.00561
13	0.00654	0.00467	0.00623	0.00747	0.00779	0.00436	0.00498	0.00747	0.01028	0.01370	0.02959	0.80785	0.03550	0.01682	0.00685	0.00218	0.00311	0.01526	0.00498	0.00436
14	0.02035	0.01669	0.01597	0.01258	0.01664	0.13819	0.01023	0.64386	0.02366	0.03058	0.01217	0.01238	0.00878	0.00630	0.00529	0.00158	0.00650	0.00462	0.00496	0.00867
15	0.42782	0.00974	0.01022	0.00833	0.01208	0.00992	0.00687	0.02108	0.01232	0.41096	0.01447	0.01360	0.00963	0.00583	0.00438	0.00166	0.00436	0.00418	0.00502	0.00751
16	0.84927	0.01038	0.00789	0.00706	0.01038	0.01204	0.00581	0.01578	0.00914	0.02408	0.00747	0.00872	0.00581	0.00498	0.00332	0.00166	0.00415	0.00291	0.00332	0.00581
17	0.01329	0.01275	0.02179	0.03295	0.77787	0.01275	0.01647	0.01647	0.01222	0.01754	0.01010	0.01329	0.00850	0.00478	0.00531	0.00159	0.00638	0.00478	0.00266	0.00850
18	0.02054	0.01482	0.01598	0.01225	0.01654	0.01633	0.01012	0.73311	0.02488	0.06120	0.01319	0.01308	0.00928	0.00645	0.00537	0.00161	0.00586	0.00485	0.00542	0.00913
19	0.00741	0.00537	0.00699	0.00681	0.00796	0.00495	0.00502	0.00969	0.01443	0.02024	0.65110	0.14556	0.07059	0.01185	0.00640	0.00176	0.00262	0.01052	0.00575	0.00495
20	0.01113	0.00954	0.01113	0.00795	0.01272	0.00716	0.00636	0.01352	0.01113	0.01749	0.00954	0.01113	0.00795	0.00398	0.00398	0.00080	0.00398	0.00318	0.00318	0.84417
21	0.01242	0.31146	0.36971	0.01443	0.02069	0.01586	0.15259	0.01670	0.01143	0.01545	0.00907	0.01093	0.00708	0.00481	0.00473	0.00152	0.00734	0.00401	0.00236	0.00743
22	0.00932	0.00466	0.00699	0.00699	0.00699	0.00466	0.00466	0.00699	0.00699	0.00932	0.00932	0.01632	0.00932	0.01865	0.02098	0.84382	0.00466	0.00466	0.00233	0.00233
23	0.00663	0.00472	0.00625	0.00739	0.00773	0.00442	0.00492	0.00759	0.01039	0.01390	0.05877	0.75002	0.03554	0.04466	0.00755	0.00227	0.00317	0.01478	0.00496	0.00435
24	0.01232	0.01032	0.01113	0.01003	0.01272	0.01162	0.00777	0.05889	0.56452	0.02230	0.14125	0.04731	0.04979	0.00834	0.00567	0.00180	0.00397	0.00705	0.00550	0.00772
25	0.01477	0.72467	0.04696	0.00969	0.01427	0.05723	0.00956	0.04593	0.01169	0.01361	0.00778	0.00890	0.00698	0.00472	0.00363	0.00119	0.00599	0.00301	0.00244	0.00697
26	0.01068	0.01011	0.01725	0.69898	0.07106	0.01217	0.05682	0.03248	0.01127	0.01459	0.00972	0.01424	0.00732	0.00532	0.00542	0.00178	0.00719	0.00486	0.00249	0.00623
27	0.01215	0.01159	0.01973	0.30955	0.51015	0.01245	0.01591	0.01548	0.01168	0.01616	0.00990	0.01366	0.00802	0.00499	0.00533	0.00166	0.00666	0.00478	0.00256	0.00759
28	0.01310	0.01328	0.02478	0.02983	0.55107	0.01300	0.24088	0.01669	0.01236	0.01743	0.01033	0.01365	0.00839	0.00470	0.00562	0.00166	0.00719	0.00525	0.00267	0.00812
29	0.01208	0.01153	0.01962	0.32527	0.49494	0.01244	0.01588	0.01542	0.01165	0.01608	0.00988	0.01368	0.00799	0.00501	0.00533	0.00167	0.00667	0.00478	0.00255	0.00753
30	0.01666	0.01644	0.13871	0.01943	0.25499	0.05075	0.03567	0.30819	0.01753	0.07190	0.01175	0.01300	0.00870	0.00563	0.00532	0.00162	0.00656	0.00470	0.00392	0.00855
31	0.05131	0.01143	0.01916	0.01478	0.04056	0.01077	0.26695	0.08966	0.01473	0.35276	0.01646	0.06050	0.01194	0.00635	0.00572	0.00174	0.00619	0.00611	0.00483	0.00806
32	0.01321	0.00835	0.01003	0.00915	0.01136	0.00841	0.00692	0.15402	0.10014	0.15623	0.04192	0.38541	0.02397	0.01144	0.00606	0.00189	0.00404	0.01000	0.00538	0.03209
33	0.01281	0.01256	0.01698	0.02345	0.44868	0.11717	0.01321	0.01555	0.01278	0.01670	0.04270	0.02590	0.01558	0.00769	0.00583	0.00179	0.00632	0.19378	0.00338	0.00715
34	0.01329	0.01275	0.02179	0.03295	0.77787	0.01275	0.01647	0.01647	0.01222	0.01754	0.01010	0.01329	0.00850	0.00478	0.00531	0.00159	0.00638	0.00478	0.00266	0.00850
35	0.01519	0.01711	0.02172	0.02374	0.33368	0.25619	0.18242	0.01802	0.01307	0.01586	0.00956	0.01236	0.00786	0.00518	0.00598	0.00161	0.04568	0.00472	0.00269	0.00738
36	0.05935	0.00788	0.00988	0.00796	0.01106	0.00679	0.02231	0.01457	0.01349	0.16377	0.31332	0.02526	0.05383	0.00765	0.00527	0.00142	0.00360	0.00651	0.00497	0.26112

[dist]
# distance from previous block
# <min> <max>
0	1

[block]
# block no. 1 follows, 45 sequences, length 105
# corresponding to MSA columns:
# 795-899
name=unknown_B
#
# <colnr> <probs for GDERKNQSTAVLIFYWHMCP>
#	G	D	E	R	K	N	Q	S	T	A	V	L	I	F	Y	W	H	M	C	P
0	0.01435	0.81458	0.02813	0.00918	0.01378	0.02124	0.00918	0.01607	0.01091	0.01263	0.00746	0.00861	0.00689	0.00459	0.00344	0.00115	0.00574	0.00287	0.00230	0.00689
1	0.01805	0.05186	0.01398	0.01070	0.01414	0.03265	0.00865	0.40729	0.01931	0.17704	0.01749	0.17268	0.01506	0.00844	0.00556	0.00171	0.00517	0.00690	0.00533	0.00799
2	0.01158	0.18039	0.04113	0.56740	0.03060	0.03624	0.01360	0.03282	0.01127	0.01406	0.00915	0.01285	0.00713	0.00523	0.00494	0.00164	0.00692	0.00431	0.00245	0.00630
3	0.01047	0.00988	0.01670	0.71821	0.11463	0.01201	0.01507	0.01400	0.01089	0.01412	0.00960	0.01420	0.00730	0.00531	0.00536	0.00177	0.00707	0.00477	0.00241	0.00623
4	0.01203	0.01278	0.02460	0.17889	0.09852	0.01372	0.39118	0.01558	0.01136	0.01569	0.00977	0.01380	0.00776	0.00567	0.00825	0.00189	0.16353	0.00555	0.00257	0.00683
5	0.00634	0.00544	0.00544	0.00544	0.00725	0.00453	0.00408	0.00770	0.01224	0.01450	0.05438	0.05166	0.77569	0.01359	0.00634	0.00181	0.00272	0.01133	0.00498	0.00453
6	0.01111	0.10268	0.71162	0.01472	0.02233	0.01330	0.01882	0.01691	0.01129	0.01658	0.00943	0.01107	0.00681	0.00505	0.00494	0.00165	0.00772	0.00386	0.00227	0.00783
7	0.00654	0.00467	0.00623	0.00747	0.00779	0.00436	0.00498	0.00747	0.01028	0.01370	0.02959	0.80785	0.03550	0.01682	0.00685	0.00218	0.00311	0.01526	0.00498	0.00436
8	0.00634	0.00544	0.00544	0.00544	0.00725	0.00453	0.00408	0.00770	0.01224	0.01450	0.05438	0.05166	0.77569	0.01359	0.00634	0.00181	0.00272	0.01133	0.00498	0.00453
9	0.01267	0.01448	0.03167	0.02262	0.02805	0.01357	0.75837	0.01719	0.01267	0.01719	0.01086	0.01448	0.00814	0.00452	0.00633	0.00181	0.00905	0.00633	0.00271	0.00724
10	0.01435	0.81458	0.02813	0.00918	0.01378	0.02124	0.00918	0.01607	0.01091	0.01263	0.00746	0.00861	0.00689	0.00459	0.00344	0.00115	0.00574	0.00287	0.00230	0.00689
11	0.00781	0.00520	0.00585	0.00585	0.00585	0.00520	0.00325	0.00781	0.00781	0.01041	0.01691	0.03513	0.01952	0.81135	0.02732	0.00520	0.00520	0.00781	0.00325	0.00325
12	0.01401	0.73981	0.09991	0.00977	0.01468	0.02041	0.01020	0.01616	0.01095	0.01304	0.00767	0.00887	0.00688	0.00464	0.00360	0.00120	0.00595	0.00297	0.00229	0.00699
13	0.00865	0.00618	0.00865	0.00989	0.01112	0.00618	0.00865	0.01112	0.01236	0.01606	0.02842	0.06055	0.03089	0.01483	0.00741	0.00247	0.00494	0.74174	0.00494	0.00494
14	0.01113	0.00954	0.01113	0.00795	0.01272	0.00716	0.00636	0.01352	0.01113	0.01749	0.00954	0.01113	0.00795	0.00398	0.00398	0.00080	0.00398	0.00318	0.00318	0.84417
15	0.84927	0.01038	0.00789	0.00706	0.01038	0.01204	0.00581	0.01578	0.00914	0.02408	0.00747	0.00872	0.00581	0.00498	0.00332	0.00166	0.00415	0.00291	0.00332	0.00581
16	0.00750	0.00548	0.00704	0.00665	0.00796	0.00502	0.00499	0.00993	0.01496	0.02096	0.71708	0.04103	0.10895	0.01118	0.00633	0.00170	0.00255	0.00984	0.00583	0.00502
17	0.01621	0.00822	0.00941	0.00781	0.01052	0.00818	0.00626	0.16602	0.01526	0.24609	0.01766	0.01808	0.01269	0.00641	0.00456	0.00144	0.00379	0.00508	0.42927	0.00704
18	0.01505	0.01237	0.01309	0.01127	0.01460	0.01414	0.00891	0.20419	0.58975	0.02519	0.01970	0.01831	0.01464	0.00708	0.00544	0.00177	0.00465	0.00577	0.00544	0.00865
19	0.06209	0.01257	0.01321	0.01044	0.01401	0.01382	0.00854	0.55485	0.02129	0.03025	0.01362	0.01425	0.00998	0.00632	0.00490	0.00153	0.00506	0.00477	0.19045	0.00804
20	0.00638	0.00544	0.00548	0.00547	0.00727	0.00454	0.00410	0.00776	0.01231	0.01468	0.07225	0.05137	0.75770	0.01353	0.00634	0.00181	0.00271	0.01129	0.00501	0.00454
21	0.01428	0.01017	0.01630	0.49387	0.06256	0.01138	0.05103	0.06127	0.01284	0.19479	0.01255	0.01512	0.00882	0.00566	0.00542	0.00174	0.00654	0.00500	0.00359	0.00707
22	0.00797	0.00590	0.00770	0.00838	0.00975	0.00563	0.00704	0.01020	0.01281	0.01664	0.16027	0.05514	0.19770	0.01391	0.00700	0.00219	0.00405	0.45774	0.00512	0.00487
23	0.01973	0.01470	0.01573	0.01221	0.01639	0.01633	0.01004	0.69033	0.09597	0.03275	0.01374	0.01357	0.00982	0.00652	0.00538	0.00163	0.00575	0.00495	0.00538	0.00907
24	0.01178	0.02709	0.01165	0.00812	0.01286	0.00769	0.00655	0.03014	0.01156	0.04016	0.00991	0.01132	0.00811	0.00412	0.00404	0.00085	0.00407	0.00327	0.00331	0.78341
25	0.01435	0.81458	0.02813	0.00918	0.01378	0.02124	0.00918	0.01607	0.01091	0.01263	0.00746	0.00861	0.00689	0.00459	0.00344	0.00115	0.00574	0.00287	0.00230	0.00689
26	0.25865	0.01410	0.02063	0.05046	0.02076	0.11138	0.35894	0.01681	0.01170	0.01836	0.00992	0.01358	0.00796	0.00533	0.00566	0.00175	0.03573	0.02881	0.00294	0.00651
27	0.01267	0.01448	0.03167	0.02262	0.02805	0.01357	0.75837	0.01719	0.01267	0.01719	0.01086	0.01448	0.00814	0.00452	0.00633	0.00181	0.00905	0.00633	0.00271	0.00724
28	0.00769	0.00567	0.00823	0.00823	0.00905	0.00649	0.00621	0.00933	0.00851	0.01216	0.01474	0.02312	0.01430	0.15173	0.67981	0.00813	0.01305	0.00605	0.00293	0.00457
29	0.00634	0.00544	0.00544	0.00544	0.00725	0.00453	0.00408	0.00770	0.01224	0.01450	0.05438	0.05166	0.77569	0.01359	0.00634	0.00181	0.00272	0.01133	0.00498	0.00453
30	0.00652	0.00474	0.00615	0.00728	0.00773	0.00438	0.00490	0.00750	0.01046	0.01378	0.03195	0.73585	0.10598	0.01651	0.00680	0.00215	0.00308	0.01489	0.00498	0.00438
31	0.02203	0.00868	0.01180	0.00920	0.01299	0.00754	0.00754	0.02416	0.01534	0.68681	0.11518	0.02099	0.01795	0.00718	0.00551	0.00166	0.00431	0.00594	0.00655	0.00863
32	0.01335	0.01153	0.01214	0.01092	0.01396	0.01335	0.00850	0.02852	0.76817	0.02245	0.02185	0.02003	0.01639	0.00728	0.00546	0.00182	0.00425	0.00607	0.00546	0.00850
33	0.84927	0.01038	0.00789	0.00706	0.01038	0.01204	0.00581	0.01578	0.00914	0.02408	0.00747	0.00872	0.00581	0.00498	0.00332	0.00166	0.00415	0.00291	0.00332	0.00581
34	0.01293	0.01110	0.01178	0.01073	0.01364	0.01275	0.00839	0.02708	0.70957	0.02192	0.02304	0.02293	0.03721	0.00784	0.00559	0.00185	0.00424	0.04379	0.00542	0.00821
35	0.00767	0.00575	0.00863	0.00863	0.00959	0.00671	0.00671	0.00959	0.00863	0.01246	0.01438	0.02109	0.01342	0.04026	0.79008	0.00863	0.01438	0.00575	0.00288	0.00479
36	0.01329	0.01275	0.02179	0.03295	0.77787	0.01275	0.01647	0.01647	0.01222	0.01754	0.01010	0.01329	0.00850	0.00478	0.00531	0.00159	0.00638	0.00478	0.00266	0.00850
37	0.01113	0.00954	0.01113	0.00795	0.01272	0.00716	0.00636	0.01352	0.01113	0.01749	0.00954	0.01113	0.00795	0.00398	0.00398	0.00080	0.00398	0.00318	0.00318	0.84417
38	0.01014	0.00954	0.01610	0.79845	0.03697	0.01193	0.01491	0.01371	0.01073	0.01371	0.00954	0.01431	0.00716	0.00537	0.00537	0.00179	0.00716	0.00477	0.00239	0.00596
39	0.00743	0.00545	0.00697	0.00666	0.00794	0.00498	0.00497	0.00978	0.01470	0.02051	0.67348	0.07512	0.11901	0.01148	0.00636	0.00172	0.00258	0.01011	0.00578	0.00498
40	0.01329	0.01275	0.02179	0.03295	0.77787	0.01275	0.01647	0.01647	0.01222	0.01754	0.01010	0.01329	0.00850	0.00478	0.00531	0.00159	0.00638	0.00478	0.00266	0.00850
41	0.01001	0.00500	0.00500	0.00500	0.00625	0.00500	0.00375	0.01251	0.01126	0.02001	0.01751	0.02001	0.01376	0.00625	0.00375	0.00125	0.00250	0.00500	0.84115	0.00500
42	0.00778	0.00530	0.00633	0.00633	0.00649	0.00546	0.00384	0.00811	0.00795	0.01076	0.01648	0.03274	0.01848	0.68034	0.15692	0.00579	0.00676	0.00746	0.00319	0.00351
43	0.01148	0.18515	0.63243	0.01408	0.02134	0.01422	0.01770	0.01681	0.01125	0.01613	0.00920	0.01079	0.00682	0.00500	0.00477	0.00159	0.00749	0.00375	0.00227	0.00772
44	0.00762	0.00546	0.00705	0.00667	0.00781	0.00508	0.00489	0.00991	0.01449	0.02047	0.70285	0.03962	0.04768	0.08718	0.00833	0.00202	0.00279	0.00953	0.00566	0.00489
45	0.01807	0.01496	0.01369	0.04592	0.01547	0.18126	0.00915	0.39778	0.01941	0.05565	0.01294	0.01381	0.00960	0.00617	0.00495	0.00150	0.00609	0.00459	0.16141	0.00759
46	0.01918	0.02413	0.01534	0.01386	0.01633	0.70874	0.01052	0.02054	0.01448	0.01311	0.00817	0.00990	0.00693	0.00594	0.00618	0.00148	0.09268	0.00359	0.00272	0.00619
47	0.00654	0.00467	0.00623	0.00747	0.00779	0.00436	0.00498	0.00747	0.01028	0.01370	0.02959	0.80785	0.03550	0.01682	0.00685	0.00218	0.00311	0.01526	0.00498	0.00436
48	0.02041	0.01504	0.01611	0.01235	0.01665	0.01665	0.01020	0.75997	0.02524	0.03383	0.01289	0.01289	0.00913	0.00644	0.00537	0.00161	0.00591	0.00483	0.00537	0.00913
49	0.00741	0.00563	0.00673	0.00668	0.00826	0.00489	0.02402	0.00883	0.01201	0.04857	0.08197	0.25084	0.48726	0.01378	0.00644	0.00190	0.00306	0.01191	0.00505	0.00479
50	0.01329	0.01275	0.02179	0.03295	0.77787	0.01275	0.01647	0.01647	0.01222	0.01754	0.01010	0.01329	0.00850	0.00478	0.00531	0.00159	0.00638	0.00478	0.00266	0.00850
51	0.00781	0.00520	0.00585	0.00585	0.00585	0.00520	0.00325	0.00781	0.00781	0.01041	0.01691	0.03513	0.01952	0.81135	0.02732	0.00520	0.00520	0.00781	0.00325	0.00325
52	0.01077	0.02777	0.78354	0.01530	0.02323	0.01247	0.01983	0.01700	0.01133	0.01700	0.00963	0.01133	0.00680	0.00510	0.00510	0.00170	0.00793	0.00397	0.00227	0.00793
53	0.01014	0.00954	0.01610	0.79845	0.03697	0.01193	0.01491	0.01371	0.01073	0.01371	0.00954	0.01431	0.00716	0.00537	0.00537	0.00179	0.00716	0.00477	0.00239	0.00596
54	0.01001	0.00500	0.00500	0.00500	0.00625	0.00500	0.00375	0.01251	0.01126	0.02001	0.01751	0.02001	0.01376	0.00625	0.00375	0.00125	0.00250	0.00500	0.84115	0.00500
55	0.00781	0.00520	0.00585	0.00585	0.00585	0.00520	0.00325	0.00781	0.00781	0.01041	0.01691	0.03513	0.01952	0.81135	0.02732	0.00520	0.00520	0.00781	0.00325	0.00325
56	0.01435	0.81458	0.02813	0.00918	0.01378	0.02124	0.00918	0.01607	0.01091	0.01263	0.00746	0.00861	0.00689	0.00459	0.00344	0.00115	0.00574	0.00287	0.00230	0.00689
57	0.02088	0.01428	0.01564	0.01199	0.01627	0.01552	0.00991	0.66584	0.02397	0.12974	0.01395	0.01358	0.00966	0.00647	0.00537	0.00162	0.00574	0.00491	0.00553	0.00913
58	0.01077	0.02777	0.78354	0.01530	0.02323	0.01247	0.01983	0.01700	0.01133	0.01700	0.00963	0.01133	0.00680	0.00510	0.00510	0.00170	0.00793	0.00397	0.00227	0.00793
59	0.00760	0.00549	0.00718	0.00675	0.00802	0.00506	0.00506	0.01013	0.01519	0.02153	0.77503	0.04010	0.05065	0.01097	0.00633	0.00169	0.00253	0.00971	0.00591	0.00506
60	0.01191	0.01749	0.31880	0.01230	0.01714	0.01228	0.01272	0.03671	0.38047	0.02042	0.08852	0.01834	0.01569	0.00675	0.00540	0.00176	0.00558	0.00555	0.00423	0.00796
61	0.01397	0.01323	0.01526	0.01766	0.23821	0.08710	0.01101	0.02432	0.47481	0.02013	0.01711	0.01707	0.01317	0.00638	0.00536	0.00171	0.00539	0.00544	0.00438	0.00828
62	0.00781	0.00520	0.00585	0.00585	0.00585	0.00520	0.00325	0.00781	0.00781	0.01041	0.01691	0.03513	0.01952	0.81135	0.02732	0.00520	0.00520	0.00781	0.00325	0.00325
63	0.01337	0.02289	0.57173	0.01386	0.02064	0.01175	0.01661	0.01975	0.08662	0.15219	0.01287	0.01341	0.00889	0.00559	0.00519	0.00170	0.00698	0.00443	0.00335	0.00820
64	0.00825	0.00571	0.00682	0.00644	0.00811	0.00503	0.00487	0.01022	0.01386	0.07325	0.40585	0.06575	0.34225	0.01190	0.00628	0.00175	0.00277	0.01022	0.00556	0.00512
65	0.00644	0.00506	0.00583	0.00644	0.00751	0.00445	0.00452	0.00759	0.01127	0.01411	0.04215	0.42466	0.41058	0.01518	0.00659	0.00199	0.00291	0.01327	0.00498	0.00445
66	0.09321	0.01463	0.01539	0.01189	0.01610	0.01624	0.00982	0.69460	0.02382	0.03297	0.01241	0.01252	0.00884	0.00632	0.00519	0.00162	0.00575	0.00466	0.00519	0.00884
67	0.01327	0.57626	0.25694	0.01104	0.01664	0.01858	0.01241	0.01635	0.01104	0.01395	0.00812	0.00944	0.00686	0.00475	0.00395	0.00132	0.00640	0.00320	0.00229	0.00721
68	0.01435	0.81458	0.02813	0.00918	0.01378	0.02124	0.00918	0.01607	0.01091	0.01263	0.00746	0.00861	0.00689	0.00459	0.00344	0.00115	0.00574	0.00287	0.00230	0.00689
69	0.00767	0.00574	0.00855	0.00855	0.00948	0.00667	0.00661	0.00953	0.00860	0.01240	0.01445	0.02149	0.01359	0.06229	0.76829	0.00853	0.01412	0.00581	0.00289	0.00475
70	0.14144	0.01411	0.01463	0.01142	0.01549	0.01570	0.00941	0.62348	0.03710	0.03194	0.01235	0.01254	0.00887	0.00624	0.00504	0.00162	0.00556	0.00458	0.01992	0.00856
71	0.01329	0.01275	0.02179	0.03295	0.77787	0.01275	0.01647	0.01647	0.01222	0.01754	0.01010	0.01329	0.00850	0.00478	0.00531	0.00159	0.00638	0.00478	0.00266	0.00850
72	0.00747	0.00553	0.00715	0.00789	0.00901	0.00520	0.00624	0.00932	0.01219	0.01591	0.14152	0.25306	0.18642	0.01455	0.00689	0.00215	0.00366	0.29602	0.00510	0.00472
73	0.01192	0.00646	0.00846	0.00741	0.00948	0.00578	0.00575	0.01424	0.01503	0.22427	0.52255	0.03508	0.09187	0.01000	0.00608	0.00169	0.00309	0.00867	0.00604	0.00612
74	0.00781	0.00520	0.00585	0.00585	0.00585	0.00520	0.00325	0.00781	0.00781	0.01041	0.01691	0.03513	0.01952	0.81135	0.02732	0.00520	0.00520	0.00781	0.00325	0.00325
75	0.00654	0.00467	0.00623	0.00747	0.00779	0.00436	0.00498	0.00747	0.01028	0.01370	0.02959	0.80785	0.03550	0.01682	0.00685	0.00218	0.00311	0.01526	0.00498	0.00436
76	0.01238	0.01362	0.02687	0.01993	0.02365	0.01448	0.52279	0.01585	0.01127	0.01585	0.00966	0.01362	0.00780	0.00606	0.00989	0.00198	0.25910	0.00582	0.00260	0.00681
77	0.01480	0.00783	0.00840	0.00726	0.00960	0.03358	0.00572	0.08680	0.03649	0.20405	0.01778	0.01858	0.01306	0.00637	0.00439	0.00140	0.00361	0.00506	0.50869	0.00653
78	0.01435	0.81458	0.02813	0.00918	0.01378	0.02124	0.00918	0.01607	0.01091	0.01263	0.00746	0.00861	0.00689	0.00459	0.00344	0.00115	0.00574	0.00287	0.00230	0.00689
79	0.01014	0.00954	0.01610	0.79845	0.03697	0.01193	0.01491	0.01371	0.01073	0.01371	0.00954	0.01431	0.00716	0.00537	0.00537	0.00179	0.00716	0.00477	0.00239	0.00596
80	0.00841	0.00650	0.00924	0.00892	0.00976	0.00772	0.00687	0.02954	0.00893	0.01283	0.01394	0.02164	0.01342	0.12766	0.60553	0.00744	0.08801	0.00587	0.00294	0.00483
81	0.00733	0.00542	0.00684	0.00660	0.00789	0.00493	0.00491	0.00957	0.01439	0.01990	0.61217	0.09610	0.16046	0.01179	0.00637	0.00174	0.00260	0.01035	0.00570	0.00493
82	0.01077	0.02777	0.78354	0.01530	0.02323	0.01247	0.01983	0.01700	0.01133	0.01700	0.00963	0.01133	0.00680	0.00510	0.00510	0.00170	0.00793	0.00397	0.00227	0.00793
83	0.00663	0.00537	0.00560	0.00564	0.00708	0.00465	0.00402	0.00780	0.01156	0.01407	0.07381	0.07952	0.59851	0.14059	0.00970	0.00236	0.00312	0.01087	0.00474	0.00434
84	0.01174	0.01174	0.01644	0.01409	0.01409	0.01644	0.01174	0.01292	0.00822	0.01292	0.00705	0.01174	0.00705	0.00940	0.01762	0.00235	0.80153	0.00470	0.00235	0.00587
85	0.02150	0.01014	0.01272	0.01001	0.01392	0.00973	0.00818	0.13056	0.11389	0.54583	0.05090	0.01862	0.01462	0.00687	0.00544	0.00168	0.00463	0.00558	0.00628	0.00889
86	0.09276	0.00946	0.01286	0.00988	0.01401	0.00847	0.03840	0.02492	0.01473	0.68687	0.01961	0.01732	0.01245	0.00642	0.00526	0.00167	0.00472	0.00523	0.00620	0.00878
87	0.01756	0.01257	0.01597	0.01323	0.01561	0.01385	0.01061	0.07173	0.01328	0.19977	0.01377	0.01658	0.01115	0.00901	0.01197	0.00227	0.38411	0.00537	0.00458	0.15703
88	0.81980	0.01203	0.00966	0.00875	0.01219	0.01328	0.00689	0.01736	0.01072	0.02599	0.00997	0.01215	0.00818	0.00659	0.00442	0.00210	0.00499	0.00374	0.00413	0.00707
89	0.01257	0.01122	0.01756	0.77006	0.03777	0.01317	0.01564	0.01537	0.01226	0.01601	0.01195	0.01753	0.00947	0.00696	0.00638	0.00222	0.00788	0.00554	0.00323	0.00721
90	0.01412	0.01334	0.01788	0.01552	0.01576	0.01751	0.01259	0.01461	0.00984	0.01525	0.00955	0.01506	0.00936	0.01084	0.01817	0.00276	0.77205	0.00547	0.00320	0.00712
91	0.01020	0.00757	0.01037	0.01026	0.01142	0.00815	0.00775	0.01140	0.01023	0.01481	0.01661	0.02405	0.01549	0.04053	0.76127	0.00880	0.01483	0.00648	0.00370	0.00608
92	0.01270	0.01135	0.01779	0.73876	0.06806	0.01320	0.01570	0.01549	0.01232	0.01617	0.01198	0.01749	0.00952	0.00694	0.00638	0.00222	0.00785	0.00554	0.00324	0.00731
93	0.00920	0.00658	0.00807	0.00906	0.00966	0.00592	0.00605	0.00943	0.01191	0.01610	0.04886	0.71656	0.06142	0.01778	0.00816	0.02483	0.00401	0.01509	0.00568	0.00564
94	0.01004	0.00939	0.01576	0.76835	0.03587	0.01167	0.01453	0.01358	0.01090	0.01401	0.03864	0.01529	0.00881	0.00558	0.00540	0.00179	0.00698	0.00496	0.00252	0.00593
95	0.00660	0.00548	0.00580	0.00581	0.00753	0.00468	0.00442	0.00815	0.01257	0.01537	0.13362	0.05082	0.65659	0.01336	0.00640	0.00183	0.00281	0.04846	0.00509	0.00461
96	0.01353	0.01122	0.01277	0.00961	0.01444	0.00858	0.00741	0.01518	0.01264	0.01965	0.01195	0.01447	0.01023	0.00562	0.00505	0.00127	0.00482	0.00401	0.00400	0.81355
97	0.01130	0.01064	0.01782	0.47938	0.29542	0.01221	0.01505	0.01462	0.01117	0.01519	0.00985	0.01400	0.00779	0.00534	0.00577	0.00173	0.03696	0.00478	0.02415	0.00683
98	0.00794	0.00547	0.00634	0.00623	0.00631	0.00562	0.00369	0.00815	0.00829	0.01121	0.06501	0.03456	0.02103	0.72969	0.02561	0.00487	0.03531	0.00781	0.00339	0.00347
99	0.81776	0.01056	0.00820	0.00726	0.01062	0.01222	0.00598	0.04407	0.00975	0.02445	0.00768	0.00888	0.00594	0.00504	0.00340	0.00166	0.00422	0.00298	0.00340	0.00594
100	0.01036	0.00966	0.01610	0.78113	0.03652	0.01203	0.01480	0.03015	0.01105	0.01416	0.00961	0.01428	0.00720	0.00539	0.00537	0.00178	0.00713	0.00477	0.00245	0.00603
101	0.01497	0.69965	0.02589	0.00932	0.01373	0.01965	0.00905	0.04688	0.01169	0.06265	0.00882	0.00988	0.00764	0.00616	0.03355	0.00148	0.00600	0.00322	0.00272	0.00704
102	0.00754	0.00537	0.00731	0.00850	0.00922	0.00521	0.00658	0.00914	0.01112	0.01465	0.02858	0.44058	0.03281	0.04612	0.00788	0.00243	0.00402	0.34346	0.00490	0.00458
103	0.01433	0.01056	0.01590	0.02029	0.37092	0.01049	0.01162	0.06806	0.05912	0.14942	0.15490	0.02178	0.01871	0.00700	0.00563	0.00168	0.00513	0.04222	0.00440	0.00784
104	0.00815	0.00648	0.00873	0.00868	0.00966	0.03640	0.00667	0.00994	0.00883	0.01238	0.01428	0.02139	0.01349	0.07930	0.72030	0.00817	0.01372	0.00577	0.00289	0.00477

[dist]
# distance from previous block
# <min> <max>
0	8

[block]
# block no. 2 follows, 45 sequences, length 24
# corresponding to MSA columns:
# 908-931
name=unknown_C
#
# <colnr> <probs for GDERKNQSTAVLIFYWHMCP>
#	G	D	E	R	K	N	Q	S	T	A	V	L	I	F	Y	W	H	M	C	P
0	0.01193	0.00888	0.00961	0.00963	0.01109	0.00773	0.00660	0.01178	0.01424	0.01884	0.12191	0.18315	0.33918	0.16889	0.01240	0.00339	0.00508	0.04259	0.00621	0.00687
1	0.00802	0.00594	0.00754	0.00706	0.00846	0.00568	0.00532	0.01150	0.07111	0.02159	0.71910	0.03861	0.04810	0.01070	0.00627	0.00170	0.00266	0.00944	0.00588	0.00532
2	0.69452	0.06996	0.00991	0.00750	0.01101	0.01226	0.00630	0.01697	0.00997	0.10837	0.00901	0.00979	0.00673	0.00514	0.00356	0.00162	0.00432	0.00318	0.00362	0.00627
3	0.01512	0.01053	0.01128	0.00973	0.01258	0.06761	0.00763	0.06472	0.28343	0.19778	0.23180	0.02408	0.02417	0.00799	0.00564	0.00170	0.00434	0.00667	0.00566	0.00755
4	0.25125	0.01245	0.01249	0.01029	0.01384	0.01396	0.00833	0.38893	0.12733	0.02795	0.01391	0.07178	0.01121	0.00693	0.00492	0.00170	0.00497	0.00525	0.00478	0.00775
5	0.01209	0.01082	0.01599	0.27450	0.10697	0.01079	0.06655	0.08948	0.01266	0.01787	0.01004	0.01285	0.00788	0.00482	0.00490	0.00137	0.00587	0.00429	0.00304	0.32723
6	0.01279	0.47210	0.35694	0.01185	0.01789	0.01742	0.01382	0.01648	0.01109	0.01453	0.00841	0.00980	0.00685	0.00481	0.00416	0.00139	0.00669	0.00335	0.00228	0.00734
7	0.00643	0.00544	0.00555	0.00553	0.00730	0.00457	0.00414	0.00786	0.01243	0.01497	0.10221	0.05089	0.72756	0.01342	0.00634	0.00180	0.00271	0.01122	0.00505	0.00457
8	0.00768	0.00572	0.00848	0.00848	0.00938	0.00663	0.00652	0.00949	0.00858	0.01235	0.01452	0.02185	0.01375	0.08229	0.74850	0.00844	0.01388	0.00586	0.00290	0.00471
9	0.01014	0.00954	0.01610	0.79845	0.03697	0.01193	0.01491	0.01371	0.01073	0.01371	0.00954	0.01431	0.00716	0.00537	0.00537	0.00179	0.00716	0.00477	0.00239	0.00596
10	0.00668	0.00473	0.00619	0.00729	0.00757	0.00445	0.00479	0.00751	0.01000	0.01333	0.02816	0.72100	0.03371	0.10612	0.00915	0.00252	0.00335	0.01442	0.00479	0.00424
11	0.02005	0.02558	0.01521	0.01383	0.01659	0.78980	0.01037	0.02143	0.01521	0.01314	0.00830	0.00968	0.00691	0.00553	0.00484	0.00138	0.00968	0.00346	0.00277	0.00622
12	0.00690	0.00493	0.00665	0.00789	0.00836	0.00467	0.00562	0.00810	0.01064	0.01411	0.02938	0.67876	0.03471	0.01647	0.00695	0.00223	0.00343	0.14075	0.00498	0.00446
13	0.01077	0.02777	0.78354	0.01530	0.02323	0.01247	0.01983	0.01700	0.01133	0.01700	0.00963	0.01133	0.00680	0.00510	0.00510	0.00170	0.00793	0.00397	0.00227	0.00793
14	0.01014	0.00954	0.01610	0.79845	0.03697	0.01193	0.01491	0.01371	0.01073	0.01371	0.00954	0.01431	0.00716	0.00537	0.00537	0.00179	0.00716	0.00477	0.00239	0.00596
15	0.84927	0.01038	0.00789	0.00706	0.01038	0.01204	0.00581	0.01578	0.00914	0.02408	0.00747	0.00872	0.00581	0.00498	0.00332	0.00166	0.00415	0.00291	0.00332	0.00581
16	0.01267	0.01448	0.03167	0.02262	0.02805	0.01357	0.75837	0.01719	0.01267	0.01719	0.01086	0.01448	0.00814	0.00452	0.00633	0.00181	0.00905	0.00633	0.00271	0.00724
17	0.00781	0.00520	0.00585	0.00585	0.00585	0.00520	0.00325	0.00781	0.00781	0.01041	0.01691	0.03513	0.01952	0.81135	0.02732	0.00520	0.00520	0.00781	0.00325	0.00325
18	0.00817	0.00589	0.00743	0.00811	0.00890	0.00581	0.00570	0.09218	0.01203	0.01605	0.02767	0.69173	0.03237	0.01558	0.00671	0.00213	0.00349	0.04011	0.00502	0.00492
19	0.01086	0.01159	0.02417	0.01816	0.02208	0.01086	0.53616	0.01433	0.01196	0.01616	0.01638	0.24849	0.01621	0.00815	0.00649	0.00192	0.00730	0.00897	0.00338	0.00639
20	0.01258	0.01040	0.01191	0.00864	0.01333	0.00864	0.00696	0.13008	0.01333	0.02004	0.01006	0.01141	0.00813	0.00436	0.00419	0.00092	0.00428	0.00344	0.00352	0.71377
21	0.00770	0.00545	0.00720	0.00724	0.00771	0.00591	0.00497	0.00866	0.00827	0.01149	0.01605	0.05024	0.01703	0.41689	0.39468	0.00677	0.00957	0.00703	0.00312	0.00403
22	0.01230	0.02281	0.55603	0.01391	0.02048	0.01234	0.01645	0.02023	0.18059	0.07303	0.01319	0.01377	0.00941	0.00570	0.00520	0.00172	0.00687	0.00454	0.00329	0.00815
23	0.01660	0.01350	0.01394	0.01163	0.01520	0.04020	0.00929	0.34229	0.42458	0.02703	0.01756	0.01662	0.01296	0.00687	0.00540	0.00172	0.00514	0.00545	0.00533	0.00869

[dist]
# distance from previous block
# <min> <max>
1	2

[block]
# block no. 3 follows, 45 sequences, length 48
# corresponding to MSA columns:
# 934-981
name=unknown_D
#
# <colnr> <probs for GDERKNQSTAVLIFYWHMCP>
#	G	D	E	R	K	N	Q	S	T	A	V	L	I	F	Y	W	H	M	C	P
0	0.11868	0.01007	0.01218	0.00949	0.01346	0.00966	0.00782	0.14322	0.01598	0.52474	0.01785	0.01621	0.01165	0.00635	0.00505	0.00162	0.00464	0.00495	0.04060	0.02576
1	0.01897	0.01420	0.01534	0.01172	0.01605	0.01528	0.00964	0.64036	0.04247	0.03133	0.01267	0.01283	0.00916	0.00613	0.00518	0.00151	0.00560	0.00464	0.00508	0.12184
2	0.09665	0.00870	0.04072	0.00777	0.01045	0.02743	0.00645	0.03211	0.05379	0.21726	0.13737	0.02088	0.01830	0.00697	0.00475	0.00153	0.00377	0.00562	0.29290	0.00658
3	0.00895	0.00861	0.00744	0.00763	0.00887	0.13962	0.00537	0.01000	0.01154	0.01350	0.03344	0.29989	0.29912	0.11070	0.00882	0.00228	0.00435	0.01088	0.00439	0.00461
4	0.01814	0.21782	0.06164	0.01278	0.01628	0.55887	0.01062	0.01988	0.01395	0.01323	0.00817	0.00951	0.00690	0.00528	0.00451	0.00134	0.00862	0.00334	0.00262	0.00648
5	0.02031	0.01051	0.01283	0.01007	0.01383	0.01036	0.00823	0.24411	0.04953	0.42328	0.12049	0.01968	0.01721	0.00719	0.00552	0.00166	0.00468	0.00584	0.00611	0.00856
6	0.00946	0.00555	0.00576	0.00556	0.00706	0.00540	0.00421	0.04231	0.01241	0.01960	0.09693	0.02811	0.17304	0.00821	0.00460	0.00142	0.00269	0.00674	0.55586	0.00508
7	0.01224	0.26615	0.21101	0.01092	0.01544	0.01448	0.01111	0.01924	0.23864	0.01788	0.11595	0.01697	0.01562	0.00639	0.00486	0.00156	0.00541	0.00503	0.00373	0.00739
8	0.00803	0.00567	0.00683	0.00643	0.00805	0.00502	0.00486	0.01012	0.01414	0.05984	0.47486	0.04309	0.30989	0.01169	0.00629	0.00173	0.00271	0.01006	0.00562	0.00509
9	0.01983	0.02402	0.01504	0.01346	0.01634	0.69399	0.01019	0.09363	0.01609	0.01534	0.00898	0.01026	0.00731	0.00564	0.00486	0.00140	0.00913	0.00363	0.02438	0.00648
10	0.01174	0.00985	0.01214	0.13083	0.01671	0.00875	0.00802	0.03072	0.08948	0.03780	0.01118	0.01276	0.00886	0.00465	0.00441	0.00109	0.00455	0.00382	0.00343	0.58920
11	0.01077	0.02777	0.78354	0.01530	0.02323	0.01247	0.01983	0.01700	0.01133	0.01700	0.00963	0.01133	0.00680	0.00510	0.00510	0.00170	0.00793	0.00397	0.00227	0.00793
12	0.01174	0.01174	0.01644	0.01409	0.01409	0.01644	0.01174	0.01292	0.00822	0.01292	0.00705	0.01174	0.00705	0.00940	0.01762	0.00235	0.80153	0.00470	0.00235	0.00587
13	0.11580	0.01305	0.02165	0.01674	0.01947	0.03389	0.31960	0.01525	0.01035	0.01607	0.00871	0.01245	0.00734	0.00674	0.01087	0.00202	0.35580	0.00512	0.00263	0.00644
14	0.00654	0.00467	0.00623	0.00747	0.00779	0.00436	0.00498	0.00747	0.01028	0.01370	0.02959	0.80785	0.03550	0.01682	0.00685	0.00218	0.00311	0.01526	0.00498	0.00436
15	0.00654	0.00492	0.00603	0.00686	0.00760	0.00445	0.00470	0.00761	0.01088	0.01405	0.05562	0.56240	0.23803	0.03472	0.00719	0.00214	0.00304	0.01386	0.00497	0.00440
16	0.00949	0.00582	0.00666	0.00660	0.00802	0.00573	0.00508	0.02822	0.04637	0.03461	0.18300	0.09342	0.07570	0.00951	0.00523	0.00162	0.00301	0.08112	0.38551	0.00525
17	0.01187	0.00669	0.00871	0.00765	0.00971	0.00619	0.00593	0.01498	0.05574	0.20444	0.55314	0.03377	0.03982	0.00973	0.00606	0.00169	0.00311	0.00848	0.00606	0.00623
18	0.84927	0.01038	0.00789	0.00706	0.01038	0.01204	0.00581	0.01578	0.00914	0.02408	0.00747	0.00872	0.00581	0.00498	0.00332	0.00166	0.00415	0.00291	0.00332	0.00581
19	0.01594	0.01282	0.01359	0.01145	0.01494	0.01456	0.00912	0.29663	0.49585	0.02662	0.01856	0.01741	0.01373	0.00698	0.00543	0.00174	0.00486	0.00562	0.00543	0.00873
20	0.01310	0.01517	0.12762	0.04490	0.35854	0.01279	0.28108	0.01714	0.01236	0.04895	0.01075	0.01368	0.00831	0.00483	0.00565	0.00169	0.00748	0.00525	0.00278	0.00794
21	0.01140	0.09033	0.61869	0.01718	0.12433	0.01323	0.01851	0.01685	0.01142	0.01671	0.00952	0.01137	0.00704	0.00502	0.00499	0.00164	0.00754	0.00399	0.00232	0.00792
22	0.84927	0.01038	0.00789	0.00706	0.01038	0.01204	0.00581	0.01578	0.00914	0.02408	0.00747	0.00872	0.00581	0.00498	0.00332	0.00166	0.00415	0.00291	0.00332	0.00581
23	0.01327	0.01116	0.01207	0.04250	0.01446	0.01280	0.00849	0.08041	0.61692	0.02200	0.02115	0.02054	0.03772	0.03133	0.00654	0.02488	0.00448	0.00609	0.00517	0.00800
24	0.00716	0.00536	0.00664	0.00655	0.00781	0.00484	0.00483	0.00920	0.01384	0.01883	0.50594	0.14788	0.21664	0.01238	0.00641	0.00178	0.00266	0.01084	0.00557	0.00484
25	0.01077	0.02777	0.78354	0.01530	0.02323	0.01247	0.01983	0.01700	0.01133	0.01700	0.00963	0.01133	0.00680	0.00510	0.00510	0.00170	0.00793	0.00397	0.00227	0.00793
26	0.02398	0.00931	0.01256	0.00963	0.01379	0.00815	0.00796	0.04776	0.01565	0.75957	0.02093	0.01811	0.01317	0.00664	0.00540	0.00166	0.00461	0.00538	0.00661	0.00914
27	0.00932	0.00466	0.00699	0.00699	0.00699	0.00466	0.00466	0.00699	0.00699	0.00932	0.00932	0.01632	0.00932	0.01865	0.02098	0.84382	0.00466	0.00466	0.00233	0.00233
28	0.01435	0.81458	0.02813	0.00918	0.01378	0.02124	0.00918	0.01607	0.01091	0.01263	0.00746	0.00861	0.00689	0.00459	0.00344	0.00115	0.00574	0.00287	0.00230	0.00689
29	0.01022	0.00860	0.01063	0.00833	0.01193	0.00734	0.00663	0.01245	0.01037	0.01600	0.01075	0.01381	0.00938	0.01386	0.21467	0.00294	0.03257	0.00392	0.00307	0.59253
30	0.01014	0.00954	0.01610	0.79845	0.03697	0.01193	0.01491	0.01371	0.01073	0.01371	0.00954	0.01431	0.00716	0.00537	0.00537	0.00179	0.00716	0.00477	0.00239	0.00596
31	0.01445	0.30832	0.04340	0.01171	0.01583	0.01592	0.11020	0.13187	0.16908	0.03065	0.01310	0.01438	0.01038	0.00576	0.00471	0.00150	0.00569	0.01690	0.06865	0.00749
32	0.01284	0.01234	0.02084	0.11633	0.64964	0.01289	0.01601	0.01595	0.01182	0.01683	0.00985	0.01331	0.00827	0.00513	0.00607	0.00166	0.05478	0.00478	0.00261	0.00806
33	0.01483	0.01382	0.01987	0.07263	0.20372	0.09557	0.18838	0.07774	0.14411	0.07378	0.01357	0.03445	0.01058	0.00583	0.00558	0.00170	0.00680	0.00554	0.00370	0.00778
34	0.01105	0.00911	0.01405	0.47313	0.11336	0.01060	0.01211	0.05578	0.01185	0.01682	0.01173	0.01550	0.00903	0.00558	0.00497	0.00163	0.00586	0.00483	0.20681	0.00620
35	0.00973	0.00506	0.00525	0.00520	0.00646	0.00501	0.00390	0.01224	0.01171	0.02019	0.10423	0.02231	0.01798	0.00679	0.00405	0.00130	0.00251	0.00554	0.74553	0.00501
36	0.41937	0.01104	0.01107	0.00897	0.01276	0.01181	0.00740	0.18309	0.01455	0.25299	0.01277	0.01250	0.00878	0.00580	0.00440	0.00165	0.00466	0.00408	0.00477	0.00754
37	0.01444	0.01161	0.01236	0.02768	0.01437	0.02791	0.00856	0.11197	0.55307	0.06919	0.04218	0.02061	0.04706	0.00743	0.00549	0.00177	0.00452	0.00612	0.00540	0.00825
38	0.00662	0.00473	0.00630	0.00742	0.00780	0.00441	0.00499	0.00767	0.01064	0.01428	0.08492	0.75086	0.03663	0.01638	0.00681	0.00214	0.00307	0.01485	0.00505	0.00441
39	0.01412	0.70657	0.02861	0.01100	0.01570	0.02021	0.11032	0.01622	0.01114	0.01325	0.00792	0.00940	0.00706	0.00458	0.00383	0.00124	0.00619	0.00334	0.00235	0.00694
40	0.00760	0.00549	0.00718	0.00675	0.00802	0.00506	0.00506	0.01013	0.01519	0.02153	0.77503	0.04010	0.05065	0.01097	0.00633	0.00169	0.00253	0.00971	0.00591	0.00506
41	0.02221	0.00901	0.01205	0.00943	0.01330	0.00801	0.00772	0.02511	0.06110	0.67903	0.07718	0.02000	0.01625	0.00700	0.00547	0.00167	0.00440	0.00576	0.00652	0.00879
42	0.01368	0.00776	0.00954	0.00869	0.01129	0.00734	0.00715	0.05817	0.07007	0.24999	0.03250	0.03937	0.24257	0.01094	0.00623	0.00193	0.00418	0.20647	0.00554	0.00660
43	0.01484	0.01725	0.12243	0.06821	0.40560	0.15826	0.01499	0.10135	0.01405	0.01827	0.00998	0.01236	0.00797	0.00519	0.00521	0.00158	0.00720	0.00443	0.00292	0.00793
44	0.06993	0.00644	0.00687	0.00767	0.00848	0.05269	0.00531	0.00903	0.01077	0.01471	0.04875	0.62541	0.08450	0.01486	0.00642	0.00205	0.00355	0.01320	0.00475	0.00461
45	0.01125	0.01016	0.01413	0.01301	0.13687	0.00840	0.07018	0.01387	0.01152	0.01725	0.01307	0.01476	0.06505	0.00487	0.00456	0.00108	0.00469	0.00430	0.00319	0.57779
46	0.42460	0.10940	0.01346	0.01060	0.04029	0.23503	0.00826	0.04749	0.01181	0.01942	0.00801	0.00941	0.00652	0.00529	0.00439	0.00154	0.03187	0.00326	0.00307	0.00629
47	0.01329	0.05916	0.01214	0.00966	0.01239	0.04335	0.00768	0.13763	0.25780	0.06309	0.23487	0.02410	0.03883	0.00993	0.05010	0.00207	0.00490	0.00666	0.00518	0.00717

[dist]
# distance from previous block
# <min> <max>
0	2

[block]
# block no. 4 follows, 45 sequences, length 236
# corresponding to MSA columns:
# 988-999,1001-1044,1046-1127,1129-1223,1225-1227
name=unknown_E
#
# <colnr> <probs for GDERKNQSTAVLIFYWHMCP>
#	G	D	E	R	K	N	Q	S	T	A	V	L	I	F	Y	W	H	M	C	P
0	0.05564	0.01485	0.01941	0.07613	0.47718	0.15909	0.04577	0.01785	0.05166	0.01702	0.01023	0.01285	0.00838	0.00509	0.00518	0.00159	0.00694	0.00457	0.00284	0.00772
1	0.12590	0.12034	0.33251	0.01150	0.01675	0.05079	0.01253	0.01738	0.07118	0.05180	0.08643	0.01438	0.01213	0.00580	0.00474	0.00157	0.00605	0.00442	0.00329	0.05050
2	0.00931	0.00667	0.00722	0.00684	0.00774	0.03897	0.00456	0.01094	0.04819	0.05405	0.21219	0.03454	0.06510	0.45098	0.01773	0.00362	0.00451	0.00808	0.00428	0.00447
3	0.03851	0.00943	0.01148	0.00845	0.01298	0.00753	0.00685	0.01772	0.01246	0.26819	0.01330	0.01341	0.00964	0.00488	0.00442	0.00110	0.00417	0.00390	0.00432	0.54726
4	0.02125	0.01368	0.01527	0.01171	0.01597	0.01463	0.00967	0.59134	0.02297	0.20566	0.01479	0.01412	0.01008	0.00649	0.00538	0.00162	0.00560	0.00496	0.00566	0.00913
5	0.00749	0.00573	0.00690	0.00657	0.00806	0.00527	0.00494	0.01023	0.04607	0.01963	0.54442	0.04244	0.24933	0.01154	0.00630	0.00173	0.00266	0.01000	0.00564	0.00506
6	0.01511	0.01240	0.01313	0.01128	0.01463	0.01417	0.00892	0.21050	0.58333	0.02528	0.01962	0.01825	0.01458	0.00707	0.00544	0.00177	0.00466	0.00576	0.00544	0.00865
7	0.02288	0.00995	0.01282	0.00995	0.01404	0.00924	0.00818	0.10506	0.07305	0.64426	0.02034	0.01783	0.01307	0.00667	0.00540	0.00167	0.00469	0.00539	0.00642	0.00909
8	0.00661	0.00476	0.00628	0.00742	0.00784	0.00443	0.00502	0.00764	0.01056	0.01403	0.05350	0.73637	0.06728	0.01646	0.00683	0.00216	0.00312	0.03030	0.00501	0.00440
9	0.01346	0.03721	0.16733	0.02612	0.47012	0.09157	0.08336	0.01713	0.01236	0.01684	0.00983	0.01254	0.00794	0.00489	0.00527	0.00160	0.00723	0.00459	0.00259	0.00801
10	0.00791	0.00536	0.00619	0.00615	0.00621	0.00550	0.00360	0.00807	0.00791	0.01072	0.01660	0.03371	0.01887	0.74380	0.06472	0.00525	0.02178	0.00760	0.01662	0.00341
11	0.01237	0.01182	0.02014	0.25453	0.56341	0.01251	0.01602	0.01568	0.01179	0.01643	0.00994	0.01358	0.00811	0.00495	0.00533	0.00165	0.00660	0.00478	0.00258	0.00777
12	0.05431	0.04087	0.01512	0.01336	0.01622	0.70902	0.01011	0.03483	0.03267	0.01418	0.00865	0.00992	0.00713	0.00555	0.00477	0.00140	0.00917	0.00351	0.00289	0.00633
13	0.80250	0.01044	0.00823	0.00726	0.01063	0.01200	0.00598	0.03282	0.00971	0.05017	0.00806	0.00914	0.00614	0.00507	0.00344	0.00166	0.00421	0.00303	0.00348	0.00600
14	0.00654	0.00467	0.00623	0.00747	0.00779	0.00436	0.00498	0.00747	0.01028	0.01370	0.02959	0.80785	0.03550	0.01682	0.00685	0.00218	0.00311	0.01526	0.00498	0.00436
15	0.01278	0.01300	0.01984	0.01572	0.01861	0.04826	0.25846	0.01940	0.24280	0.01754	0.03683	0.01598	0.01162	0.00701	0.00923	0.00195	0.23453	0.00576	0.00355	0.00712
16	0.00799	0.00574	0.00764	0.00854	0.00955	0.00559	0.00692	0.00989	0.01178	0.01543	0.08696	0.17219	0.08640	0.09531	0.00918	0.00259	0.00434	0.44446	0.00486	0.00466
17	0.48856	0.00984	0.00989	0.00815	0.01183	0.01023	0.00672	0.02032	0.01186	0.35521	0.01346	0.01289	0.00908	0.00571	0.00423	0.00166	0.00433	0.00400	0.00477	0.00727
18	0.01376	0.00710	0.00931	0.00796	0.01035	0.00650	0.00625	0.01678	0.05420	0.29174	0.46811	0.03130	0.03560	0.00924	0.00595	0.00169	0.00334	0.00799	0.00615	0.00669
19	0.84927	0.01038	0.00789	0.00706	0.01038	0.01204	0.00581	0.01578	0.00914	0.02408	0.00747	0.00872	0.00581	0.00498	0.00332	0.00166	0.00415	0.00291	0.00332	0.00581
20	0.01335	0.01153	0.01214	0.01092	0.01396	0.01335	0.00850	0.02852	0.76817	0.02245	0.02185	0.02003	0.01639	0.00728	0.00546	0.00182	0.00425	0.00607	0.00546	0.00850
21	0.04817	0.01268	0.01536	0.01177	0.01600	0.04509	0.06532	0.32374	0.01897	0.36268	0.01604	0.01512	0.01070	0.00630	0.00537	0.00164	0.00565	0.00508	0.00556	0.00876
22	0.01859	0.09530	0.01665	0.01179	0.01590	0.01655	0.00981	0.56009	0.15040	0.02975	0.01387	0.01367	0.01014	0.00640	0.00519	0.00160	0.00561	0.00485	0.00507	0.00879
