[name]
unknown

[dist]
# distance from previous block
# <min> <max>
2	1031

[block]
# block no. 0 follows, 50 sequences, length 38
# corresponding to MSA columns:
# 1033-1070
name=unknown_A
#
# <colnr> <probs for GDERKNQSTAVLIFYWHMCP>
#	G	D	E	R	K	N	Q	S	T	A	V	L	I	F	Y	W	H	M	C	P
0	0.00640	0.00502	0.00585	0.00636	0.00742	0.00460	0.00457	0.00817	0.04733	0.01370	0.05604	0.39835	0.35902	0.01369	0.00611	0.00186	0.00284	0.04366	0.00467	0.00434
1	0.00600	0.00475	0.00540	0.00588	0.00696	0.00415	0.00417	0.00712	0.01067	0.01333	0.06083	0.37409	0.45141	0.01382	0.00609	0.00182	0.00267	0.01202	0.00465	0.00415
2	0.01432	0.01631	0.01588	0.01307	0.01580	0.37388	0.17897	0.06648	0.01324	0.01479	0.07622	0.01628	0.04446	0.07598	0.00729	0.00177	0.04134	0.00508	0.00307	0.00576
3	0.01027	0.00976	0.01641	0.56597	0.24121	0.01146	0.01412	0.01341	0.01025	0.01368	0.00891	0.01293	0.00698	0.00499	0.00544	0.00163	0.03970	0.00443	0.00228	0.00618
4	0.01333	0.82783	0.02612	0.00853	0.01279	0.01972	0.00853	0.01493	0.01013	0.01173	0.00693	0.00800	0.00640	0.00426	0.00320	0.00107	0.00533	0.00267	0.00213	0.00640
5	0.01087	0.00968	0.01140	0.00860	0.01222	0.02540	0.00695	0.03552	0.01035	0.01588	0.00853	0.01045	0.00725	0.00465	0.00592	0.00102	0.14299	0.00325	0.00287	0.66621
6	0.00607	0.00434	0.00578	0.00694	0.00723	0.00405	0.00463	0.00694	0.00954	0.01272	0.02747	0.82157	0.03297	0.01562	0.00636	0.00202	0.00289	0.01417	0.00463	0.00405
7	0.01117	0.01066	0.01813	0.34169	0.49172	0.01154	0.01472	0.01428	0.01080	0.01487	0.00917	0.01272	0.00740	0.00466	0.00495	0.00155	0.00621	0.00444	0.00237	0.00696
8	0.01475	0.01358	0.01474	0.01233	0.01414	0.14245	0.02215	0.22321	0.02682	0.05083	0.00963	0.03326	0.00818	0.00737	0.01021	0.00180	0.38021	0.00455	0.00330	0.00649
9	0.00600	0.00502	0.00524	0.00539	0.00693	0.00426	0.00404	0.00727	0.01121	0.01346	0.04750	0.11449	0.69449	0.01293	0.00597	0.00174	0.00264	0.04258	0.00463	0.00421
10	0.00607	0.00434	0.00578	0.00694	0.00723	0.00405	0.00463	0.00694	0.00954	0.01272	0.02747	0.82157	0.03297	0.01562	0.00636	0.00202	0.00289	0.01417	0.00463	0.00405
11	0.01287	0.71835	0.13161	0.00930	0.01399	0.01861	0.00988	0.01504	0.01018	0.01228	0.00720	0.00834	0.00639	0.00433	0.00341	0.00114	0.00561	0.00280	0.00213	0.00653
12	0.00721	0.00484	0.00542	0.00542	0.00548	0.00481	0.00304	0.00725	0.00737	0.00978	0.01677	0.03309	0.04181	0.79996	0.02477	0.00474	0.00476	0.00735	0.00307	0.00306
13	0.01034	0.00886	0.01034	0.00738	0.01181	0.00664	0.00591	0.01255	0.01034	0.01624	0.00886	0.01034	0.00738	0.00369	0.00369	0.00074	0.00369	0.00295	0.00295	0.85530
14	0.01286	0.01109	0.01693	0.01269	0.01665	0.01070	0.24326	0.19099	0.06570	0.04510	0.04523	0.05415	0.01145	0.00633	0.02403	0.00156	0.00572	0.00532	0.00372	0.21652
15	0.49421	0.01323	0.02537	0.00866	0.01181	0.20204	0.00703	0.01768	0.03353	0.13183	0.00940	0.00995	0.00696	0.00504	0.00379	0.00149	0.00522	0.00326	0.00345	0.00605
16	0.01333	0.82783	0.02612	0.00853	0.01279	0.01972	0.00853	0.01493	0.01013	0.01173	0.00693	0.00800	0.00640	0.00426	0.00320	0.00107	0.00533	0.00267	0.00213	0.00640
17	0.00703	0.00508	0.00664	0.00629	0.00744	0.00469	0.00470	0.00934	0.01399	0.01980	0.77090	0.05798	0.04666	0.01033	0.00589	0.00158	0.00237	0.00915	0.00546	0.00469
18	0.01310	0.01078	0.01695	0.01313	0.01670	0.01097	0.27357	0.07987	0.25349	0.10322	0.01732	0.01827	0.05131	0.00609	0.00528	0.00162	0.00545	0.01907	0.07675	0.00707
19	0.00706	0.00514	0.00666	0.00643	0.00763	0.00475	0.00491	0.00933	0.01371	0.01913	0.67802	0.03952	0.09637	0.01065	0.00596	0.00164	0.00255	0.07053	0.00536	0.00466
20	0.01178	0.01120	0.01901	0.10731	0.67799	0.01140	0.01461	0.01474	0.01135	0.01612	0.04916	0.01370	0.00977	0.00479	0.00499	0.00150	0.00581	0.00467	0.00260	0.00750
21	0.00933	0.00762	0.00851	0.04721	0.01076	0.00793	0.00613	0.09051	0.21491	0.01858	0.19779	0.03263	0.30941	0.00952	0.00554	0.00164	0.00336	0.00801	0.00485	0.00577
22	0.00720	0.00582	0.00649	0.00623	0.00785	0.00550	0.00469	0.01059	0.11785	0.01677	0.30844	0.05944	0.40273	0.01104	0.00579	0.00165	0.00267	0.00941	0.00499	0.00488
23	0.01032	0.00970	0.04931	0.00772	0.01229	0.00689	0.00652	0.01271	0.01035	0.01622	0.00886	0.01035	0.00733	0.00374	0.00374	0.00078	0.00387	0.00299	0.00291	0.81339
24	0.00941	0.00886	0.01495	0.81285	0.03433	0.01107	0.01384	0.01274	0.00997	0.01274	0.00886	0.01329	0.00664	0.00498	0.00498	0.00166	0.00664	0.00443	0.00221	0.00554
25	0.01234	0.01184	0.02023	0.03059	0.79373	0.01184	0.01530	0.01530	0.01135	0.01628	0.00938	0.01234	0.00790	0.00444	0.00493	0.00148	0.00592	0.00444	0.00247	0.00790
26	0.00589	0.00505	0.00505	0.00505	0.00673	0.00421	0.00379	0.00715	0.01136	0.01347	0.05049	0.04797	0.79171	0.01262	0.00589	0.00168	0.00252	0.01052	0.00463	0.00421
27	0.00941	0.00886	0.01495	0.81285	0.03433	0.01107	0.01384	0.01274	0.00997	0.01274	0.00886	0.01329	0.00664	0.00498	0.00498	0.00166	0.00664	0.00443	0.00221	0.00554
28	0.01240	0.01071	0.01127	0.01014	0.01296	0.01240	0.00789	0.02649	0.78473	0.02085	0.02029	0.01860	0.01522	0.00676	0.00507	0.00169	0.00394	0.00564	0.00507	0.00789
29	0.00777	0.00809	0.11444	0.00716	0.00944	0.00566	0.00641	0.01023	0.02599	0.05466	0.27749	0.11447	0.31808	0.01064	0.00572	0.00166	0.00328	0.00911	0.00464	0.00506
30	0.01273	0.28790	0.37804	0.01225	0.01772	0.11885	0.03806	0.05393	0.01155	0.01476	0.00831	0.00966	0.00650	0.00468	0.00425	0.00137	0.00685	0.00340	0.00233	0.00687
31	0.01036	0.01004	0.01403	0.01211	0.01245	0.01361	0.01002	0.01160	0.00782	0.01215	0.00759	0.01206	0.00739	0.01239	0.12338	0.00291	0.66606	0.00443	0.00229	0.04732
32	0.00662	0.00532	0.00655	0.00611	0.00765	0.00470	0.02735	0.00850	0.01269	0.01667	0.40422	0.04179	0.41134	0.01121	0.00588	0.00163	0.00262	0.00966	0.00498	0.00452
33	0.00723	0.00575	0.00688	0.00709	0.03181	0.00545	0.00503	0.01023	0.09091	0.01677	0.33479	0.14525	0.29174	0.01123	0.00584	0.00168	0.00276	0.00974	0.00495	0.00487
34	0.01034	0.00886	0.01034	0.00738	0.01181	0.00664	0.00591	0.01255	0.01034	0.01624	0.00886	0.01034	0.00738	0.00369	0.00369	0.00074	0.00369	0.00295	0.00295	0.85530
35	0.01316	0.01611	0.16903	0.02162	0.40956	0.11872	0.01395	0.08362	0.05465	0.01715	0.01086	0.01269	0.02643	0.00505	0.00487	0.00149	0.00639	0.00434	0.00283	0.00747
36	0.01044	0.06510	0.72989	0.01396	0.02106	0.01192	0.03302	0.01591	0.01060	0.03057	0.00907	0.01058	0.00646	0.00473	0.00469	0.00155	0.00723	0.00370	0.00219	0.00733
37	0.01481	0.05258	0.06011	0.01176	0.04293	0.44831	0.00919	0.01669	0.01227	0.01339	0.00855	0.01038	0.00721	0.00753	0.07373	0.00176	0.00782	0.00339	0.00261	0.19498

[dist]
# distance from previous block
# <min> <max>
0	3

[block]
# block no. 1 follows, 50 sequences, length 28
# corresponding to MSA columns:
# 1074-1101
name=unknown_B
#
# <colnr> <probs for GDERKNQSTAVLIFYWHMCP>
#	G	D	E	R	K	N	Q	S	T	A	V	L	I	F	Y	W	H	M	C	P
0	0.00804	0.00641	0.00823	0.00963	0.10218	0.00615	0.00621	0.07536	0.01181	0.01540	0.06542	0.32667	0.26650	0.02430	0.00621	0.00184	0.00345	0.04679	0.00441	0.00499
1	0.06111	0.13550	0.21229	0.01184	0.05073	0.04947	0.02338	0.15974	0.05178	0.15960	0.01175	0.01210	0.00846	0.00527	0.00452	0.00146	0.00570	0.00404	0.02385	0.00743
2	0.01187	0.39504	0.38795	0.01127	0.01691	0.01535	0.01312	0.04959	0.01101	0.01472	0.02676	0.01006	0.00742	0.00470	0.00406	0.00134	0.00622	0.00338	0.00233	0.00691
3	0.00606	0.00440	0.00572	0.00678	0.00719	0.00406	0.00455	0.00696	0.00970	0.01279	0.02948	0.75420	0.09905	0.01536	0.00632	0.00199	0.00286	0.01385	0.00463	0.00406
4	0.01057	0.00900	0.01046	0.00750	0.01191	0.00689	0.00601	0.03375	0.01070	0.01666	0.00895	0.01038	0.00741	0.00375	0.00373	0.00076	0.00374	0.00300	0.00301	0.83182
5	0.00957	0.00917	0.01577	0.01535	0.14473	0.02748	0.22369	0.01206	0.01116	0.01515	0.08463	0.23312	0.03083	0.00906	0.00623	0.00178	0.03300	0.08705	0.00357	0.02660
6	0.01004	0.00974	0.01469	0.01251	0.01317	0.01278	0.07634	0.01157	0.00809	0.01224	0.00855	0.01329	0.00811	0.01548	0.21213	0.00359	0.54531	0.00474	0.00233	0.00531
7	0.00670	0.00506	0.00619	0.00595	0.00724	0.00455	0.00445	0.00870	0.01320	0.01795	0.56202	0.06538	0.25226	0.01104	0.00590	0.00161	0.00242	0.00960	0.00522	0.00455
8	0.01094	0.01193	0.02489	0.05523	0.06995	0.01143	0.58244	0.01464	0.01131	0.01531	0.01268	0.01597	0.05478	0.00764	0.07539	0.00222	0.00825	0.00596	0.00264	0.00639
9	0.01201	0.02170	0.44359	0.01365	0.01821	0.17663	0.01475	0.01570	0.01056	0.01411	0.00810	0.01030	0.00639	0.00580	0.00755	0.00167	0.20676	0.00375	0.00222	0.00657
10	0.01001	0.00534	0.00542	0.00516	0.00653	0.00545	0.00393	0.06885	0.01142	0.01954	0.01594	0.01809	0.01245	0.00582	0.00360	0.00119	0.00256	0.00463	0.78913	0.00493
11	0.00669	0.00506	0.00618	0.00595	0.00724	0.00454	0.00444	0.00868	0.01317	0.01789	0.55522	0.06750	0.25707	0.01107	0.00590	0.00162	0.00242	0.00962	0.00521	0.00454
12	0.01422	0.25382	0.06516	0.14967	0.06445	0.28070	0.01078	0.04262	0.01195	0.01343	0.00818	0.01010	0.00676	0.00492	0.00450	0.00134	0.02511	0.00347	0.02264	0.00620
13	0.01212	0.00565	0.00638	0.00576	0.00752	0.00546	0.00448	0.02937	0.01143	0.17975	0.01679	0.01815	0.01259	0.00682	0.02763	0.00145	0.00311	0.00474	0.63529	0.00551
14	0.00716	0.00519	0.00726	0.00726	0.00789	0.00582	0.00530	0.00842	0.00779	0.01102	0.01404	0.02337	0.01411	0.26623	0.57848	0.00709	0.01088	0.00589	0.00277	0.00403
15	0.01209	0.01038	0.01101	0.00992	0.01264	0.01196	0.00771	0.02550	0.74038	0.02080	0.06465	0.01967	0.01705	0.00696	0.00512	0.00168	0.00385	0.00583	0.00510	0.00771
16	0.01031	0.00964	0.01604	0.62605	0.19089	0.01137	0.01401	0.03704	0.01067	0.01405	0.00906	0.01305	0.00696	0.00490	0.00497	0.00162	0.00646	0.00443	0.00235	0.00612
17	0.01034	0.00886	0.01034	0.00738	0.01181	0.00664	0.00591	0.01255	0.01034	0.01624	0.00886	0.01034	0.00738	0.00369	0.00369	0.00074	0.00369	0.00295	0.00295	0.85530
18	0.00866	0.00433	0.00649	0.00649	0.00649	0.00433	0.00433	0.00649	0.00649	0.00866	0.00866	0.01515	0.00866	0.01732	0.01948	0.85498	0.00433	0.00433	0.00216	0.00216
19	0.01234	0.01184	0.02023	0.03059	0.79373	0.01184	0.01530	0.01530	0.01135	0.01628	0.00938	0.01234	0.00790	0.00444	0.00493	0.00148	0.00592	0.00444	0.00247	0.00790
20	0.00758	0.00591	0.00784	0.00727	0.00832	0.00622	0.00561	0.00990	0.02668	0.01809	0.58966	0.03258	0.06445	0.01240	0.07672	0.00221	0.10082	0.00813	0.00481	0.00481
21	0.00692	0.00509	0.00647	0.00612	0.00736	0.00464	0.00459	0.00914	0.01378	0.01921	0.70235	0.03852	0.13627	0.01048	0.00588	0.00158	0.00237	0.00919	0.00538	0.00464
22	0.01063	0.05750	0.60451	0.01735	0.18098	0.01198	0.01734	0.01565	0.01068	0.01571	0.00895	0.01079	0.00664	0.00465	0.00471	0.00154	0.00698	0.00380	0.00218	0.00743
23	0.00714	0.00507	0.00674	0.00678	0.00724	0.00551	0.00469	0.00807	0.00771	0.01073	0.01495	0.05462	0.01582	0.40050	0.41585	0.00633	0.00904	0.00654	0.00290	0.00377
24	0.02095	0.01076	0.01298	0.00995	0.01386	0.01070	0.00822	0.33693	0.01807	0.47917	0.01647	0.01489	0.01073	0.00609	0.00500	0.00152	0.00476	0.00479	0.00568	0.00848
25	0.01333	0.01080	0.04422	0.01428	0.01797	0.01003	0.37409	0.01648	0.01166	0.17817	0.01304	0.01495	0.00951	0.00530	0.00597	0.00158	0.06765	0.00526	0.17912	0.00658
26	0.00941	0.00886	0.01495	0.81285	0.03433	0.01107	0.01384	0.01274	0.00997	0.01274	0.00886	0.01329	0.00664	0.00498	0.00498	0.00166	0.00664	0.00443	0.00221	0.00554
27	0.01175	0.18037	0.01812	0.01246	0.01370	0.03095	0.04487	0.02830	0.00878	0.01251	0.00691	0.01040	0.00660	0.00747	0.01271	0.00190	0.58010	0.00406	0.00225	0.00577

[dist]
# distance from previous block
# <min> <max>
5	13

[block]
# block no. 2 follows, 50 sequences, length 7
# corresponding to MSA columns:
# 1115-1121
name=unknown_C
#
# <colnr> <probs for GDERKNQSTAVLIFYWHMCP>
#	G	D	E	R	K	N	Q	S	T	A	V	L	I	F	Y	W	H	M	C	P
0	0.10060	0.01227	0.13165	0.39315	0.23941	0.01137	0.01402	0.01410	0.01027	0.01519	0.00881	0.01207	0.00681	0.00476	0.00473	0.00159	0.00626	0.00414	0.00236	0.00644
1	0.45569	0.05496	0.14540	0.12985	0.09872	0.01175	0.01007	0.01464	0.00944	0.01862	0.00782	0.00972	0.00606	0.00466	0.00385	0.00153	0.00516	0.00331	0.00267	0.00607
2	0.01547	0.01091	0.01375	0.01509	0.21144	0.04395	0.00969	0.02274	0.33698	0.23996	0.01681	0.01614	0.01217	0.00594	0.00500	0.00158	0.00474	0.00505	0.00462	0.00797
3	0.00684	0.00558	0.00613	0.00629	0.00771	0.00524	0.00459	0.00970	0.11074	0.01453	0.07579	0.25717	0.44641	0.01258	0.00591	0.00177	0.00280	0.01082	0.00473	0.00466
4	0.01692	0.22052	0.01746	0.01060	0.01455	0.01626	0.00909	0.51465	0.08977	0.02544	0.01145	0.01156	0.00857	0.00562	0.00454	0.00140	0.00530	0.00413	0.00427	0.00789
5	0.01050	0.00913	0.01077	0.00799	0.01198	0.00766	0.00641	0.01335	0.05692	0.01619	0.00937	0.01088	0.00779	0.00426	0.00475	0.00091	0.06630	0.00322	0.00302	0.73858
6	0.01464	0.01191	0.01198	0.01024	0.01298	0.08437	0.00801	0.39684	0.13587	0.02328	0.01679	0.21849	0.01555	0.00847	0.00530	0.00164	0.00491	0.00701	0.00469	0.00701

[dist]
# distance from previous block
# <min> <max>
3	4

[block]
# block no. 3 follows, 50 sequences, length 12
# corresponding to MSA columns:
# 1126-1137
name=unknown_D
#
# <colnr> <probs for GDERKNQSTAVLIFYWHMCP>
#	G	D	E	R	K	N	Q	S	T	A	V	L	I	F	Y	W	H	M	C	P
0	0.01176	0.01345	0.02941	0.02101	0.02605	0.01261	0.77563	0.01597	0.01176	0.01597	0.01008	0.01345	0.00756	0.00420	0.00588	0.00168	0.00840	0.00588	0.00252	0.00672
1	0.01000	0.02578	0.79900	0.01421	0.02157	0.01158	0.01842	0.01579	0.01052	0.01579	0.00895	0.01052	0.00631	0.00474	0.00474	0.00158	0.00737	0.00368	0.00210	0.00737
2	0.00722	0.00494	0.00596	0.00596	0.00615	0.00512	0.00368	0.00759	0.00740	0.01006	0.01522	0.02994	0.01696	0.66320	0.18540	0.00548	0.00658	0.00686	0.00295	0.00331
3	0.01000	0.02578	0.79900	0.01421	0.02157	0.01158	0.01842	0.01579	0.01052	0.01579	0.00895	0.01052	0.00631	0.00474	0.00474	0.00158	0.00737	0.00368	0.00210	0.00737
4	0.00595	0.00505	0.00513	0.00511	0.00677	0.00423	0.00383	0.00727	0.01150	0.01381	0.08921	0.04741	0.75278	0.01250	0.00589	0.00168	0.00252	0.01044	0.00467	0.00423
5	0.01333	0.82783	0.02612	0.00853	0.01279	0.01972	0.00853	0.01493	0.01013	0.01173	0.00693	0.00800	0.00640	0.00426	0.00320	0.00107	0.00533	0.00267	0.00213	0.00640
6	0.01186	0.01061	0.01613	0.28338	0.36140	0.03272	0.01282	0.08852	0.01205	0.01673	0.01015	0.01320	0.00803	0.00494	0.00479	0.00150	0.00581	0.00443	0.09416	0.00677
7	0.01303	0.54828	0.13128	0.00941	0.01363	0.10164	0.00954	0.01526	0.01065	0.01302	0.00821	0.00949	0.00701	0.00458	0.00358	0.00117	0.00572	0.00306	0.08515	0.00630
8	0.00826	0.00582	0.00660	0.00630	0.00700	0.00590	0.00411	0.09025	0.00988	0.01310	0.04948	0.09784	0.09472	0.52890	0.04780	0.00392	0.00473	0.00785	0.00361	0.00393
9	0.09586	0.01039	0.01172	0.00962	0.01278	0.01101	0.00787	0.33688	0.05603	0.20517	0.01554	0.01933	0.01231	0.05435	0.03580	0.00204	0.00512	0.08606	0.00485	0.00728
10	0.06449	0.01282	0.01246	0.01012	0.01324	0.10414	0.00805	0.43453	0.05688	0.06864	0.04959	0.01541	0.01151	0.08595	0.00682	0.00181	0.00536	0.00481	0.02621	0.00715
11	0.00743	0.00511	0.00590	0.00609	0.00659	0.00501	0.00396	0.03558	0.00914	0.01227	0.02216	0.21168	0.09680	0.44820	0.01632	0.00344	0.00404	0.04470	0.05184	0.00373

[dist]
# distance from previous block
# <min> <max>
8	17

[block]
# block no. 4 follows, 50 sequences, length 6
# corresponding to MSA columns:
# 1155-1160
name=unknown_E
#
# <colnr> <probs for GDERKNQSTAVLIFYWHMCP>
#	G	D	E	R	K	N	Q	S	T	A	V	L	I	F	Y	W	H	M	C	P
0	0.01740	0.01601	0.15076	0.01194	0.01652	0.01479	0.01102	0.64525	0.02120	0.02871	0.01144	0.01172	0.00810	0.00577	0.00494	0.00151	0.00581	0.00435	0.00449	0.00828
1	0.01096	0.00626	0.00643	0.00583	0.00748	0.00652	0.00452	0.14420	0.01270	0.02081	0.01552	0.01744	0.01203	0.00584	0.00374	0.00122	0.00287	0.00462	0.70570	0.00531
2	0.01543	0.01067	0.01183	0.01005	0.01325	0.01172	0.00798	0.12761	0.51594	0.18930	0.01903	0.01735	0.01368	0.00653	0.00505	0.00163	0.00422	0.00535	0.00530	0.00810
3	0.01360	0.01080	0.01209	0.00893	0.01320	0.00999	0.00726	0.30266	0.01531	0.02200	0.01004	0.01095	0.00780	0.00456	0.00418	0.00103	0.00437	0.00354	0.00372	0.53398
4	0.01444	0.01059	0.01174	0.00988	0.01257	0.01146	0.00778	0.50718	0.01857	0.02486	0.01740	0.29572	0.01706	0.00936	0.00547	0.00168	0.00458	0.00788	0.00486	0.00692
5	0.01437	0.01084	0.01149	0.00922	0.01240	0.01151	0.00748	0.50726	0.01920	0.02512	0.02547	0.02459	0.28299	0.00831	0.00530	0.00156	0.00445	0.00660	0.00486	0.00698

[dist]
# distance from previous block
# <min> <max>
9	23

[block]
# block no. 5 follows, 50 sequences, length 8
# corresponding to MSA columns:
# 1184-1191
name=unknown_F
#
# <colnr> <probs for GDERKNQSTAVLIFYWHMCP>
#	G	D	E	R	K	N	Q	S	T	A	V	L	I	F	Y	W	H	M	C	P
0	0.01404	0.01152	0.01219	0.01048	0.01359	0.01316	0.00829	0.21427	0.59428	0.02349	0.01821	0.01694	0.01353	0.00657	0.00505	0.00164	0.00433	0.00535	0.00505	0.00804
1	0.01007	0.00781	0.00891	0.00670	0.01031	0.00614	0.00530	0.01232	0.01037	0.01683	0.01071	0.01240	0.00873	0.00422	0.00364	0.00084	0.00335	0.00338	0.21548	0.64249
2	0.00941	0.00886	0.01495	0.81285	0.03433	0.01107	0.01384	0.01274	0.00997	0.01274	0.00886	0.01329	0.00664	0.00498	0.00498	0.00166	0.00664	0.00443	0.00221	0.00554
3	0.66035	0.09468	0.00982	0.00710	0.01030	0.01215	0.00599	0.08104	0.01005	0.02188	0.00780	0.00890	0.00610	0.00476	0.00328	0.00147	0.00408	0.00294	0.04158	0.00574
4	0.01895	0.01396	0.01496	0.01147	0.01546	0.01546	0.00947	0.77711	0.02344	0.03141	0.01197	0.01197	0.00848	0.00598	0.00499	0.00150	0.00548	0.00449	0.00499	0.00848
5	0.00866	0.00433	0.00649	0.00649	0.00649	0.00433	0.00433	0.00649	0.00649	0.00866	0.00866	0.01515	0.00866	0.01732	0.01948	0.85498	0.00433	0.00433	0.00216	0.00216
6	0.01853	0.00764	0.01034	0.00822	0.01140	0.00667	0.00667	0.02057	0.01423	0.60275	0.21266	0.02204	0.02102	0.00718	0.00523	0.00155	0.00377	0.00601	0.00600	0.00754
7	0.01895	0.01396	0.01496	0.01147	0.01546	0.01546	0.00947	0.77711	0.02344	0.03141	0.01197	0.01197	0.00848	0.00598	0.00499	0.00150	0.00548	0.00449	0.00499	0.00848

[dist]
# distance from previous block
# <min> <max>
0	6

[block]
# block no. 6 follows, 50 sequences, length 14
# corresponding to MSA columns:
# 1198-1211
name=unknown_G
#
# <colnr> <probs for GDERKNQSTAVLIFYWHMCP>
#	G	D	E	R	K	N	Q	S	T	A	V	L	I	F	Y	W	H	M	C	P
0	0.00753	0.00482	0.00524	0.00524	0.00563	0.00474	0.00319	0.00811	0.00828	0.01180	0.01911	0.03127	0.09025	0.58445	0.01916	0.00380	0.00411	0.00704	0.17278	0.00346
1	0.01488	0.59120	0.02259	0.00980	0.01356	0.25076	0.00885	0.01639	0.01130	0.01187	0.00716	0.00829	0.00640	0.00452	0.00358	0.00113	0.00641	0.00283	0.00226	0.00621
2	0.00607	0.00434	0.00578	0.00694	0.00723	0.00405	0.00463	0.00694	0.00954	0.01272	0.02747	0.82157	0.03297	0.01562	0.00636	0.00202	0.00289	0.01417	0.00463	0.00405
3	0.00941	0.00886	0.01495	0.81285	0.03433	0.01107	0.01384	0.01274	0.00997	0.01274	0.00886	0.01329	0.00664	0.00498	0.00498	0.00166	0.00664	0.00443	0.00221	0.00554
4	0.01466	0.01167	0.01495	0.37212	0.02395	0.01348	0.01144	0.43311	0.01737	0.02301	0.01057	0.01256	0.00765	0.00553	0.00498	0.00157	0.00601	0.00446	0.00374	0.00715
5	0.01545	0.01135	0.01252	0.00994	0.01310	0.01229	0.00807	0.55119	0.02069	0.02805	0.24125	0.01940	0.01982	0.00722	0.00525	0.00152	0.00456	0.00582	0.00513	0.00737
6	0.01144	0.00609	0.00794	0.00691	0.00893	0.00542	0.00538	0.01355	0.01387	0.24803	0.48785	0.03237	0.11348	0.00926	0.00563	0.00157	0.00293	0.00799	0.00560	0.00576
7	0.01872	0.02087	0.01437	0.01244	0.01542	0.57252	0.00958	0.24273	0.01687	0.01785	0.00896	0.00987	0.00703	0.00539	0.00464	0.00135	0.00796	0.00359	0.00328	0.00657
8	0.01333	0.82783	0.02612	0.00853	0.01279	0.01972	0.00853	0.01493	0.01013	0.01173	0.00693	0.00800	0.00640	0.00426	0.00320	0.00107	0.00533	0.00267	0.00213	0.00640
9	0.01274	0.00878	0.01058	0.00768	0.01199	0.00678	0.00619	0.01489	0.01112	0.17216	0.01102	0.01166	0.00837	0.00419	0.00396	0.00090	0.00380	0.00336	0.00360	0.68622
10	0.00607	0.00434	0.00578	0.00694	0.00723	0.00405	0.00463	0.00694	0.00954	0.01272	0.02747	0.82157	0.03297	0.01562	0.00636	0.00202	0.00289	0.01417	0.00463	0.00405
11	0.00594	0.00484	0.00527	0.00561	0.00688	0.00416	0.00403	0.00709	0.01083	0.01325	0.04372	0.27562	0.56843	0.01350	0.00603	0.00178	0.00263	0.01159	0.00463	0.00416
12	0.01077	0.00925	0.01053	0.00797	0.01206	0.00786	0.00633	0.01551	0.17457	0.01722	0.01128	0.01209	0.00904	0.00434	0.00398	0.00094	0.00375	0.00352	0.00340	0.67557
13	0.23004	0.01381	0.00979	0.00882	0.01138	0.29889	0.00682	0.07947	0.01266	0.01681	0.02047	0.02049	0.23743	0.00728	0.00459	0.00149	0.00547	0.00534	0.00351	0.00545

[dist]
# distance from previous block
# <min> <max>
0	1

[block]
# block no. 7 follows, 50 sequences, length 32
# corresponding to MSA columns:
# 1213-1244
name=unknown_H
#
# <colnr> <probs for GDERKNQSTAVLIFYWHMCP>
#	G	D	E	R	K	N	Q	S	T	A	V	L	I	F	Y	W	H	M	C	P
0	0.00607	0.00434	0.00578	0.00694	0.00723	0.00405	0.00463	0.00694	0.00954	0.01272	0.02747	0.82157	0.03297	0.01562	0.00636	0.00202	0.00289	0.01417	0.00463	0.00405
1	0.01232	0.46725	0.32925	0.01100	0.01639	0.06076	0.01248	0.01554	0.01051	0.01335	0.00777	0.00905	0.00637	0.00450	0.00388	0.00128	0.00634	0.00310	0.00215	0.00674
2	0.01292	0.14131	0.01643	0.43547	0.02501	0.26236	0.01169	0.01533	0.01130	0.01241	0.00819	0.01111	0.00654	0.00492	0.00455	0.00145	0.00718	0.00377	0.00231	0.00575
3	0.00694	0.00505	0.00653	0.00625	0.00740	0.00464	0.00465	0.00916	0.01372	0.01927	0.71263	0.08073	0.08311	0.01061	0.00591	0.00160	0.00239	0.00937	0.00540	0.00464
4	0.01141	0.00930	0.01071	0.00794	0.01215	0.00774	0.00635	0.05234	0.09687	0.04498	0.01066	0.01156	0.00848	0.00423	0.00395	0.00091	0.00383	0.00340	0.00340	0.68976
5	0.01028	0.00809	0.00945	0.00716	0.01083	0.00642	0.00568	0.03606	0.01150	0.05688	0.10157	0.01862	0.11457	0.00578	0.00433	0.00102	0.00348	0.00477	0.00368	0.57984
6	0.01073	0.20223	0.62897	0.01296	0.01964	0.01337	0.01624	0.01560	0.01044	0.01489	0.00850	0.00997	0.00633	0.00463	0.00440	0.00147	0.00692	0.00346	0.00211	0.00715
7	0.01499	0.01277	0.01925	0.01634	0.10409	0.05533	0.24744	0.17078	0.08098	0.12100	0.01201	0.01342	0.00890	0.00560	0.00646	0.00164	0.09298	0.00500	0.00367	0.00735
8	0.02572	0.00578	0.00626	0.00603	0.00770	0.00541	0.00455	0.01010	0.09769	0.01633	0.25741	0.05498	0.46170	0.01116	0.00574	0.00165	0.00267	0.00944	0.00489	0.00478
9	0.01296	0.73901	0.11170	0.00916	0.01377	0.01882	0.00962	0.01502	0.01017	0.01218	0.00715	0.00828	0.00639	0.00432	0.00337	0.00112	0.00556	0.00278	0.00213	0.00650
10	0.01201	0.01386	0.02472	0.01817	0.02252	0.11521	0.59005	0.01551	0.01203	0.01520	0.01425	0.01669	0.09425	0.00526	0.00570	0.00163	0.00783	0.00605	0.00276	0.00632
11	0.03019	0.01432	0.20177	0.01097	0.01497	0.01168	0.01043	0.24633	0.20394	0.06426	0.01573	0.11305	0.01309	0.00716	0.00511	0.00164	0.00513	0.01853	0.00429	0.00740
12	0.01862	0.02376	0.01413	0.01284	0.01541	0.80482	0.00963	0.01990	0.01413	0.01220	0.00770	0.00899	0.00642	0.00514	0.00449	0.00128	0.00899	0.00321	0.00257	0.00578
13	0.01054	0.15938	0.64447	0.03899	0.02052	0.01292	0.01662	0.01554	0.01044	0.01501	0.00861	0.01019	0.00634	0.00466	0.00449	0.00150	0.00700	0.00354	0.00211	0.00715
14	0.01577	0.10188	0.03904	0.01076	0.05314	0.06255	0.00860	0.21689	0.06781	0.19570	0.02879	0.05775	0.05518	0.00703	0.00497	0.00154	0.00497	0.04557	0.01484	0.00720
15	0.01055	0.01028	0.01527	0.33368	0.30491	0.06276	0.01249	0.01328	0.01077	0.01400	0.01387	0.01690	0.09439	0.00773	0.05670	0.00198	0.00651	0.00509	0.00263	0.00619
16	0.00941	0.00886	0.01495	0.81285	0.03433	0.01107	0.01384	0.01274	0.00997	0.01274	0.00886	0.01329	0.00664	0.00498	0.00498	0.00166	0.00664	0.00443	0.00221	0.00554
17	0.01245	0.01405	0.03624	0.01875	0.04757	0.09979	0.55720	0.05478	0.01242	0.01610	0.01120	0.07421	0.00941	0.00528	0.00567	0.00165	0.00780	0.00607	0.00281	0.00655
18	0.01053	0.05341	0.40040	0.08763	0.15743	0.01164	0.12478	0.01495	0.01091	0.01551	0.03379	0.01340	0.03332	0.00503	0.00496	0.00156	0.00680	0.00453	0.00242	0.00698
19	0.01421	0.32849	0.25546	0.01133	0.01615	0.17547	0.01174	0.06705	0.01214	0.05322	0.00866	0.00967	0.00681	0.00479	0.00413	0.00132	0.00664	0.00332	0.00260	0.00680
20	0.00941	0.00886	0.01495	0.81285	0.03433	0.01107	0.01384	0.01274	0.00997	0.01274	0.00886	0.01329	0.00664	0.00498	0.00498	0.00166	0.00664	0.00443	0.00221	0.00554
21	0.01052	0.01135	0.02382	0.01752	0.02153	0.01062	0.58950	0.01411	0.01183	0.01613	0.11408	0.10604	0.01553	0.00625	0.00594	0.00170	0.00700	0.00721	0.00314	0.00616
22	0.04649	0.09123	0.16646	0.06764	0.06942	0.01143	0.24336	0.03816	0.01172	0.01665	0.12138	0.01625	0.01323	0.00550	0.00507	0.00153	0.00620	0.02202	0.00297	0.04329
23	0.01937	0.20656	0.01513	0.00889	0.01276	0.01081	0.00768	0.06040	0.03480	0.52875	0.03433	0.01506	0.01160	0.00581	0.00460	0.00143	0.00452	0.00453	0.00509	0.00787
24	0.00612	0.00460	0.00553	0.00623	0.00692	0.00417	0.00423	0.00703	0.00989	0.01268	0.03345	0.51429	0.26345	0.08744	0.00793	0.00217	0.00295	0.01243	0.00448	0.00400
25	0.00725	0.00483	0.00544	0.00544	0.00544	0.00483	0.00302	0.00725	0.00725	0.00966	0.01571	0.03262	0.01812	0.82483	0.02537	0.00483	0.00483	0.00725	0.00302	0.00302
26	0.08388	0.06263	0.06398	0.01099	0.01505	0.01492	0.00955	0.57259	0.07263	0.02783	0.01165	0.01179	0.00843	0.00575	0.00472	0.00149	0.00536	0.00427	0.00449	0.00800
27	0.00682	0.00553	0.00887	0.00878	0.00969	0.00517	0.10539	0.00812	0.00983	0.01315	0.02520	0.71596	0.02965	0.01412	0.00630	0.00198	0.00361	0.01309	0.00435	0.00440
28	0.00775	0.00648	0.01016	0.00917	0.01073	0.00699	0.09120	0.01036	0.04876	0.01278	0.01820	0.02256	0.11390	0.02890	0.57104	0.00616	0.01091	0.00609	0.00303	0.00485
29	0.01162	0.00823	0.01079	0.00857	0.01205	0.00682	0.04586	0.02821	0.01132	0.13439	0.01497	0.10736	0.01378	0.00677	0.00474	0.00127	0.00408	0.10365	0.00386	0.46166
30	0.01078	0.13584	0.43724	0.01209	0.01712	0.01277	0.01372	0.01625	0.11126	0.01547	0.01035	0.01190	0.00800	0.00632	0.02767	0.00174	0.09605	0.00396	0.04460	0.00687
31	0.15945	0.01412	0.20091	0.00994	0.01426	0.03538	0.00973	0.16683	0.03473	0.15379	0.01587	0.01578	0.09424	0.00609	0.00463	0.00151	0.00510	0.00466	0.00395	0.04902

[dist]
# distance from previous block
# <min> <max>
0	5

[block]
# block no. 8 follows, 50 sequences, length 123
# corresponding to MSA columns:
# 1250-1372
name=unknown_I
#
# <colnr> <probs for GDERKNQSTAVLIFYWHMCP>
#	G	D	E	R	K	N	Q	S	T	A	V	L	I	F	Y	W	H	M	C	P
0	0.01118	0.10804	0.64374	0.01345	0.02008	0.06557	0.01655	0.03835	0.01110	0.01559	0.00874	0.01020	0.00639	0.00475	0.00457	0.00150	0.00721	0.00357	0.00222	0.00719
1	0.01164	0.40986	0.40673	0.01168	0.01749	0.01551	0.03515	0.01538	0.01037	0.01385	0.00801	0.00939	0.00639	0.00449	0.00403	0.00134	0.00642	0.00326	0.00213	0.00688
2	0.01374	0.00880	0.01031	0.02817	0.06348	0.04894	0.00714	0.11435	0.06327	0.20903	0.14126	0.09570	0.06964	0.00788	0.00514	0.00155	0.00406	0.00664	0.09437	0.00651
3	0.00602	0.00507	0.00523	0.00524	0.00688	0.00428	0.00396	0.00738	0.01153	0.01389	0.09387	0.04757	0.72577	0.01251	0.00592	0.00169	0.00257	0.03169	0.00468	0.00425
4	0.01000	0.02578	0.79900	0.01421	0.02157	0.01158	0.01842	0.01579	0.01052	0.01579	0.00895	0.01052	0.00631	0.00474	0.00474	0.00158	0.00737	0.00368	0.00210	0.00737
5	0.01024	0.00970	0.01644	0.59152	0.24919	0.01129	0.01425	0.01346	0.01036	0.01374	0.00901	0.01302	0.00700	0.00483	0.00497	0.00161	0.00644	0.00443	0.00229	0.00620
6	0.00941	0.00886	0.01495	0.81285	0.03433	0.01107	0.01384	0.01274	0.00997	0.01274	0.00886	0.01329	0.00664	0.00498	0.00498	0.00166	0.00664	0.00443	0.00221	0.00554
7	0.00647	0.00473	0.00650	0.00742	0.00795	0.00446	0.01945	0.00758	0.00985	0.01304	0.02741	0.66291	0.05337	0.03258	0.00682	0.00211	0.00326	0.11539	0.00455	0.00415
8	0.01014	0.00805	0.01010	0.00794	0.01138	0.00646	0.03249	0.02651	0.01067	0.05270	0.01387	0.19015	0.01364	0.00667	0.00450	0.00113	0.00375	0.01874	0.00353	0.56756
9	0.02208	0.00855	0.01156	0.00890	0.01273	0.00747	0.00734	0.02435	0.03612	0.77517	0.01968	0.01701	0.01242	0.00619	0.00501	0.00155	0.00423	0.00503	0.00614	0.00847
10	0.01023	0.08190	0.74492	0.01381	0.02096	0.01215	0.01772	0.01573	0.01050	0.01550	0.00880	0.01035	0.00632	0.00470	0.00463	0.00154	0.00722	0.00361	0.00211	0.00730
11	0.00717	0.00525	0.00621	0.00646	0.00783	0.00473	0.00502	0.00869	0.01135	0.04286	0.10534	0.12798	0.40665	0.05120	0.00706	0.00199	0.00319	0.18191	0.00468	0.00442
12	0.01034	0.00886	0.01034	0.00738	0.01181	0.00664	0.00591	0.01255	0.01034	0.01624	0.00886	0.01034	0.00738	0.00369	0.00369	0.00074	0.00369	0.00295	0.00295	0.85530
13	0.00754	0.00546	0.00732	0.00800	0.00913	0.00529	0.00667	0.00965	0.01186	0.01569	0.19808	0.07870	0.09608	0.03627	0.00709	0.00215	0.00387	0.48189	0.00475	0.00452
14	0.01000	0.02578	0.79900	0.01421	0.02157	0.01158	0.01842	0.01579	0.01052	0.01579	0.00895	0.01052	0.00631	0.00474	0.00474	0.00158	0.00737	0.00368	0.00210	0.00737
15	0.01091	0.01091	0.01527	0.01309	0.01309	0.01527	0.01091	0.01200	0.00763	0.01200	0.00654	0.01091	0.00654	0.00872	0.01636	0.00218	0.81570	0.00436	0.00218	0.00545
16	0.00694	0.00509	0.00669	0.00756	0.00849	0.00483	0.00596	0.00858	0.01094	0.01424	0.07974	0.32724	0.14733	0.01402	0.00648	0.00206	0.00352	0.33126	0.00467	0.00435
17	0.86003	0.00964	0.00733	0.00655	0.00964	0.01118	0.00540	0.01465	0.00848	0.02236	0.00694	0.00810	0.00540	0.00463	0.00308	0.00154	0.00386	0.00270	0.00308	0.00540
18	0.01353	0.01458	0.01494	0.01291	0.01387	0.22872	0.01046	0.06529	0.01045	0.01335	0.00722	0.01046	0.00664	0.00757	0.01239	0.00189	0.54345	0.00406	0.00247	0.00574
19	0.00941	0.00886	0.01495	0.81285	0.03433	0.01107	0.01384	0.01274	0.00997	0.01274	0.00886	0.01329	0.00664	0.00498	0.00498	0.00166	0.00664	0.00443	0.00221	0.00554
20	0.00596	0.00504	0.00511	0.00510	0.00672	0.00424	0.00379	0.00722	0.01132	0.01354	0.07076	0.04722	0.74809	0.03591	0.00645	0.00177	0.00259	0.01038	0.00461	0.00419
21	0.00972	0.00924	0.01585	0.01291	0.01476	0.01008	0.24315	0.03945	0.01002	0.01393	0.01445	0.19231	0.01503	0.09392	0.05613	0.00258	0.20222	0.03584	0.00312	0.00531
22	0.00688	0.00509	0.00642	0.00609	0.00734	0.00463	0.00456	0.00906	0.01369	0.01900	0.67854	0.03886	0.16021	0.01056	0.00588	0.00159	0.00238	0.00924	0.00536	0.00463
23	0.01246	0.01208	0.02011	0.03024	0.77813	0.02774	0.01518	0.01539	0.01141	0.01620	0.00934	0.01227	0.00787	0.00446	0.00493	0.00148	0.00598	0.00442	0.00247	0.00785
24	0.00900	0.00467	0.00476	0.00476	0.00575	0.00467	0.00342	0.01100	0.01000	0.01732	0.01618	0.02057	0.01353	0.12151	0.00658	0.00168	0.00268	0.00501	0.73249	0.00442
25	0.00607	0.00434	0.00578	0.00694	0.00723	0.00405	0.00463	0.00694	0.00954	0.01272	0.02747	0.82157	0.03297	0.01562	0.00636	0.00202	0.00289	0.01417	0.00463	0.00405
26	0.01145	0.01368	0.07758	0.01871	0.02274	0.01316	0.54712	0.01503	0.01072	0.01503	0.00918	0.01266	0.00724	0.00529	0.00824	0.00179	0.19612	0.00538	0.00241	0.00647
27	0.00607	0.00434	0.00578	0.00694	0.00723	0.00405	0.00463	0.00694	0.00954	0.01272	0.02747	0.82157	0.03297	0.01562	0.00636	0.00202	0.00289	0.01417	0.00463	0.00405
28	0.01082	0.01029	0.01749	0.43686	0.39933	0.01144	0.01454	0.01397	0.01063	0.01444	0.00911	0.01283	0.00725	0.00472	0.00496	0.00157	0.00630	0.00444	0.00234	0.00667
29	0.00624	0.00441	0.00573	0.00673	0.00698	0.00416	0.00440	0.00698	0.00922	0.01229	0.02581	0.71012	0.03087	0.12993	0.00905	0.00242	0.00317	0.01319	0.00440	0.00390
30	0.01032	0.10247	0.72510	0.01366	0.02073	0.01235	0.01747	0.01570	0.01049	0.01540	0.00875	0.01028	0.00632	0.00469	0.00459	0.00153	0.00717	0.00359	0.00211	0.00727
31	0.00605	0.00444	0.00568	0.00667	0.00716	0.00407	0.00451	0.00697	0.00980	0.01283	0.03072	0.71229	0.14015	0.01519	0.00630	0.00198	0.00284	0.01365	0.00463	0.00407
32	0.01000	0.02578	0.79900	0.01421	0.02157	0.01158	0.01842	0.01579	0.01052	0.01579	0.00895	0.01052	0.00631	0.00474	0.00474	0.00158	0.00737	0.00368	0.00210	0.00737
33	0.00689	0.00509	0.00643	0.00610	0.00735	0.00463	0.00457	0.00909	0.01372	0.01907	0.68648	0.03875	0.15223	0.01053	0.00588	0.00158	0.00238	0.00923	0.00537	0.00463
34	0.01000	0.02578	0.79900	0.01421	0.02157	0.01158	0.01842	0.01579	0.01052	0.01579	0.00895	0.01052	0.00631	0.00474	0.00474	0.00158	0.00737	0.00368	0.00210	0.00737
35	0.01034	0.00886	0.01034	0.00738	0.01181	0.00664	0.00591	0.01255	0.01034	0.01624	0.00886	0.01034	0.00738	0.00369	0.00369	0.00074	0.00369	0.00295	0.00295	0.85530
36	0.00589	0.00505	0.00505	0.00505	0.00673	0.00421	0.00379	0.00715	0.01136	0.01347	0.05049	0.04797	0.79171	0.01262	0.00589	0.00168	0.00252	0.01052	0.00463	0.00421
37	0.00725	0.00483	0.00544	0.00544	0.00544	0.00483	0.00302	0.00725	0.00725	0.00966	0.01571	0.03262	0.01812	0.82483	0.02537	0.00483	0.00483	0.00725	0.00302	0.00302
38	0.02052	0.00794	0.01059	0.00827	0.01175	0.00695	0.00678	0.02250	0.01373	0.68719	0.01918	0.01719	0.01240	0.00612	0.00480	0.00149	0.00397	0.00496	0.12573	0.00794
39	0.01761	0.01307	0.01397	0.01091	0.01463	0.01446	0.00895	0.66073	0.08885	0.02945	0.01427	0.01409	0.03874	0.00630	0.00498	0.00151	0.00515	0.00482	0.02935	0.00815
40	0.01006	0.00613	0.00853	0.00914	0.01067	0.00596	0.00793	0.01230	0.01187	0.12543	0.02544	0.05068	0.02638	0.01270	0.00662	0.00219	0.00454	0.65350	0.00481	0.00514
41	0.02236	0.00848	0.01157	0.00887	0.01272	0.00733	0.00733	0.02429	0.01427	0.79719	0.01966	0.01697	0.01234	0.00617	0.00501	0.00154	0.00424	0.00501	0.00617	0.00848
42	0.00597	0.00504	0.00517	0.00517	0.00679	0.00424	0.00387	0.00730	0.01150	0.01388	0.09948	0.06506	0.72445	0.01253	0.00590	0.00168	0.00252	0.01050	0.00469	0.00424
43	0.00712	0.00534	0.00801	0.00801	0.00890	0.00623	0.00623	0.00890	0.00801	0.01157	0.01335	0.01958	0.01246	0.03738	0.80507	0.00801	0.01335	0.00534	0.00267	0.00445
44	0.01333	0.82783	0.02612	0.00853	0.01279	0.01972	0.00853	0.01493	0.01013	0.01173	0.00693	0.00800	0.00640	0.00426	0.00320	0.00107	0.00533	0.00267	0.00213	0.00640
45	0.02149	0.00823	0.01110	0.00859	0.01226	0.00715	0.00707	0.02344	0.01401	0.74513	0.01944	0.01707	0.01237	0.00615	0.00491	0.00152	0.00411	0.00499	0.06276	0.00823
46	0.01225	0.01176	0.02008	0.05359	0.77141	0.01182	0.01525	0.01522	0.01131	0.01618	0.00936	0.01236	0.00786	0.00446	0.00494	0.00149	0.00594	0.00444	0.00246	0.00783
47	0.01092	0.04765	0.72416	0.01369	0.02073	0.01153	0.01739	0.01633	0.01076	0.06791	0.00960	0.01088	0.00672	0.00482	0.00471	0.00156	0.00710	0.00374	0.00238	0.00741
48	0.01078	0.01025	0.01742	0.44754	0.38897	0.01143	0.01452	0.01393	0.01061	0.01439	0.00910	0.01284	0.00723	0.00473	0.00496	0.00158	0.00631	0.00444	0.00233	0.00664
49	0.01202	0.01219	0.02286	0.02701	0.53095	0.01192	0.25847	0.01533	0.01144	0.01611	0.00999	0.03021	0.00833	0.00461	0.00527	0.00156	0.00665	0.00511	0.00253	0.00744
50	0.01234	0.01184	0.02023	0.03059	0.79373	0.01184	0.01530	0.01530	0.01135	0.01628	0.00938	0.01234	0.00790	0.00444	0.00493	0.00148	0.00592	0.00444	0.00247	0.00790
51	0.00622	0.00489	0.00563	0.00591	0.00711	0.00430	0.00432	0.00760	0.01136	0.01448	0.17588	0.25594	0.42836	0.01304	0.00605	0.00177	0.00266	0.03543	0.00478	0.00427
52	0.01895	0.01396	0.01496	0.01147	0.01546	0.01546	0.00947	0.77711	0.02344	0.03141	0.01197	0.01197	0.00848	0.00598	0.00499	0.00150	0.00548	0.00449	0.00499	0.00848
53	0.01000	0.02578	0.79900	0.01421	0.02157	0.01158	0.01842	0.01579	0.01052	0.01579	0.00895	0.01052	0.00631	0.00474	0.00474	0.00158	0.00737	0.00368	0.00210	0.00737
54	0.01862	0.02376	0.01413	0.01284	0.01541	0.80482	0.00963	0.01990	0.01413	0.01220	0.00770	0.00899	0.00642	0.00514	0.00449	0.00128	0.00899	0.00321	0.00257	0.00578
55	0.00725	0.00483	0.00544	0.00544	0.00544	0.00483	0.00302	0.00725	0.00725	0.00966	0.01571	0.03262	0.01812	0.82483	0.02537	0.00483	0.00483	0.00725	0.00302	0.00302
56	0.00712	0.00534	0.00801	0.00801	0.00890	0.00623	0.00623	0.00890	0.00801	0.01157	0.01335	0.01958	0.01246	0.03738	0.80507	0.00801	0.01335	0.00534	0.00267	0.00445
57	0.00725	0.00483	0.00544	0.00544	0.00544	0.00483	0.00302	0.00725	0.00725	0.00966	0.01571	0.03262	0.01812	0.82483	0.02537	0.00483	0.00483	0.00725	0.00302	0.00302
58	0.01333	0.82783	0.02612	0.00853	0.01279	0.01972	0.00853	0.01493	0.01013	0.01173	0.00693	0.00800	0.00640	0.00426	0.00320	0.00107	0.00533	0.00267	0.00213	0.00640
59	0.00803	0.00574	0.00803	0.00918	0.01033	0.00574	0.00803	0.01033	0.01147	0.01492	0.02639	0.05622	0.02869	0.01377	0.00688	0.00229	0.00459	0.76018	0.00459	0.00459
60	0.01862	0.02376	0.01413	0.01284	0.01541	0.80482	0.00963	0.01990	0.01413	0.01220	0.00770	0.00899	0.00642	0.00514	0.00449	0.00128	0.00899	0.00321	0.00257	0.00578
61	0.01722	0.01268	0.01384	0.01053	0.01458	0.01334	0.00865	0.58244	0.03442	0.05577	0.01177	0.01194	0.00852	0.00554	0.00473	0.00135	0.00505	0.00422	0.00462	0.17879
62	0.01176	0.45106	0.38918	0.01120	0.01692	0.01590	0.01317	0.01533	0.01031	0.01363	0.00788	0.00918	0.00636	0.00449	0.00392	0.00131	0.00629	0.00314	0.00212	0.00685
63	0.05261	0.01518	0.01339	0.01101	0.01432	0.20274	0.00879	0.43704	0.09903	0.02452	0.01188	0.01221	0.00884	0.00579	0.00470	0.00145	0.00589	0.00424	0.05897	0.00740
64	0.00604	0.00446	0.00566	0.00662	0.00715	0.00408	0.00448	0.00698	0.00985	0.01285	0.03139	0.69004	0.16197	0.01511	0.00628	0.00197	0.00283	0.01355	0.00463	0.00408
65	0.01141	0.01089	0.01855	0.27964	0.55196	0.01160	0.01483	0.01448	0.01091	0.01515	0.00921	0.01264	0.00750	0.00461	0.00495	0.00154	0.00615	0.00444	0.00239	0.00714
66	0.00931	0.00874	0.01455	0.68415	0.03072	0.01086	0.02715	0.01231	0.00981	0.01275	0.01012	0.07378	0.00863	0.00602	0.00586	0.00172	0.06049	0.00518	0.00240	0.00544
67	0.00803	0.00574	0.00803	0.00918	0.01033	0.00574	0.00803	0.01033	0.01147	0.01492	0.02639	0.05622	0.02869	0.01377	0.00688	0.00229	0.00459	0.76018	0.00459	0.00459
68	0.00607	0.00434	0.00578	0.00694	0.00723	0.00405	0.00463	0.00694	0.00954	0.01272	0.02747	0.82157	0.03297	0.01562	0.00636	0.00202	0.00289	0.01417	0.00463	0.00405
69	0.01474	0.01204	0.01206	0.00996	0.01270	0.10908	0.00795	0.36777	0.04019	0.04658	0.22369	0.02004	0.04758	0.00742	0.00575	0.00154	0.04357	0.00582	0.00471	0.00681
70	0.06078	0.01546	0.01363	0.01128	0.01465	0.20533	0.00899	0.40615	0.17139	0.02421	0.01233	0.01236	0.00916	0.00586	0.00479	0.00149	0.00594	0.00431	0.00432	0.00755
71	0.01091	0.01091	0.01527	0.01309	0.01309	0.01527	0.01091	0.01200	0.00763	0.01200	0.00654	0.01091	0.00654	0.00872	0.01636	0.00218	0.81570	0.00436	0.00218	0.00545
72	0.00695	0.00508	0.00652	0.00619	0.00739	0.00465	0.00463	0.00918	0.01380	0.01934	0.71921	0.05527	0.10213	0.01049	0.00589	0.00159	0.00238	0.00924	0.00540	0.00465
73	0.03614	0.00986	0.01594	0.26137	0.02194	0.00951	0.17680	0.01420	0.01074	0.06748	0.00979	0.01231	0.00747	0.00440	0.00464	0.00131	0.00568	0.00418	0.00285	0.32337
74	0.00883	0.00548	0.00627	0.00614	0.00721	0.00580	0.00449	0.03307	0.06112	0.01587	0.01622	0.05769	0.01457	0.15061	0.17430	0.00329	0.00526	0.00572	0.41342	0.00463
75	0.02027	0.00881	0.01143	0.00893	0.01258	0.00804	0.00729	0.06336	0.07940	0.63140	0.04080	0.01751	0.01332	0.02156	0.00538	0.00159	0.00422	0.00513	0.00584	0.03312
76	0.01333	0.82783	0.02612	0.00853	0.01279	0.01972	0.00853	0.01493	0.01013	0.01173	0.00693	0.00800	0.00640	0.00426	0.00320	0.00107	0.00533	0.00267	0.00213	0.00640
77	0.00884	0.00756	0.05915	0.00660	0.00889	0.03537	0.00555	0.01065	0.01218	0.11060	0.15391	0.03860	0.50223	0.01066	0.00565	0.00163	0.00327	0.00889	0.00470	0.00508
78	0.01895	0.01396	0.01496	0.01147	0.01546	0.01546	0.00947	0.77711	0.02344	0.03141	0.01197	0.01197	0.00848	0.00598	0.00499	0.00150	0.00548	0.00449	0.00499	0.00848
79	0.01240	0.01071	0.01127	0.01014	0.01296	0.01240	0.00789	0.02649	0.78473	0.02085	0.02029	0.01860	0.01522	0.00676	0.00507	0.00169	0.00394	0.00564	0.00507	0.00789
80	0.01171	0.01310	0.02778	0.02003	0.02484	0.01244	0.71060	0.01651	0.06341	0.01624	0.01108	0.02815	0.00853	0.00458	0.00584	0.00169	0.00801	0.00601	0.00273	0.00675
81	0.01987	0.01248	0.01404	0.01077	0.01472	0.01326	0.00889	0.57360	0.02096	0.23843	0.01405	0.01332	0.00952	0.00603	0.00499	0.00151	0.00515	0.00463	0.00531	0.00848
82	0.00978	0.00937	0.01503	0.61442	0.02906	0.01211	0.01311	0.01255	0.00939	0.01255	0.00828	0.01270	0.00662	0.00591	0.00781	0.00179	0.20737	0.00441	0.00221	0.00552
83	0.01686	0.01622	0.22629	0.01177	0.01662	0.01307	0.01152	0.43440	0.04040	0.14422	0.01257	0.01253	0.00868	0.00570	0.00492	0.00153	0.00576	0.00438	0.00439	0.00816
84	0.12441	0.00862	0.01105	0.00859	0.01235	0.00780	0.00709	0.02312	0.01356	0.70279	0.01811	0.01589	0.01149	0.00598	0.00478	0.00154	0.00419	0.00473	0.00579	0.00811
85	0.00715	0.00530	0.00571	0.00551	0.00727	0.00450	0.00420	0.00859	0.01184	0.06656	0.12410	0.04495	0.64890	0.01196	0.00585	0.00167	0.00266	0.02391	0.00482	0.00455
