[name]
unknown

[dist]
# distance from previous block
# <min> <max>
0	285

[block]
# block no. 0 follows, 44 sequences, length 30
# corresponding to MSA columns:
# 314-343
name=unknown_A
#
# <colnr> <probs for GDERKNQSTAVLIFYWHMCP>
#	G	D	E	R	K	N	Q	S	T	A	V	L	I	F	Y	W	H	M	C	P
0	0.00879	0.00628	0.00879	0.01004	0.01130	0.00628	0.00879	0.01130	0.01255	0.01632	0.02887	0.06150	0.03138	0.01506	0.00753	0.00251	0.00502	0.73770	0.00502	0.00502
1	0.01687	0.18462	0.20686	0.01346	0.01794	0.44157	0.01266	0.01956	0.01360	0.01421	0.00859	0.01003	0.00699	0.00532	0.00470	0.00144	0.00859	0.00352	0.00259	0.00689
2	0.84691	0.01054	0.00801	0.00717	0.01054	0.01223	0.00590	0.01603	0.00928	0.02446	0.00759	0.00886	0.00590	0.00506	0.00337	0.00169	0.00422	0.00295	0.00337	0.00590
3	0.00670	0.00494	0.00627	0.00719	0.00784	0.00452	0.00492	0.00785	0.01118	0.01471	0.09586	0.61814	0.15781	0.01605	0.00683	0.00211	0.00305	0.01438	0.00514	0.00452
4	0.00679	0.00528	0.00581	0.00612	0.00721	0.00470	0.00420	0.00779	0.01103	0.01369	0.04136	0.23482	0.43909	0.17449	0.01086	0.00263	0.00337	0.01177	0.00471	0.00430
5	0.00745	0.00553	0.00695	0.00666	0.00800	0.00502	0.00497	0.00975	0.01471	0.02031	0.61764	0.07519	0.17392	0.01185	0.00645	0.00176	0.00263	0.01038	0.00580	0.00502
6	0.00773	0.00532	0.00589	0.00589	0.00613	0.00520	0.00341	0.00791	0.00851	0.01111	0.02213	0.03786	0.11772	0.70501	0.02498	0.00484	0.00496	0.00839	0.00353	0.00347
7	0.12608	0.27378	0.01865	0.01165	0.01512	0.44256	0.00955	0.01929	0.01326	0.01463	0.00805	0.00936	0.00687	0.00524	0.00426	0.00137	0.00783	0.00325	0.00273	0.00648
8	0.01660	0.01525	0.01948	0.01518	0.01878	0.10908	0.19393	0.33437	0.01791	0.02341	0.01245	0.06922	0.01038	0.00709	0.00736	0.00180	0.11017	0.00585	0.00404	0.00766
9	0.04397	0.01227	0.01661	0.01290	0.01700	0.07514	0.15848	0.04148	0.13766	0.38316	0.03233	0.01736	0.01283	0.00636	0.00559	0.00172	0.00591	0.00562	0.00528	0.00836
10	0.02038	0.02565	0.01548	0.01400	0.01686	0.76250	0.01053	0.04469	0.01577	0.01400	0.00857	0.00993	0.00709	0.00565	0.00493	0.00141	0.00971	0.00355	0.00289	0.00641
11	0.01352	0.70678	0.02557	0.00883	0.01313	0.01936	0.00865	0.01522	0.01125	0.01307	0.01378	0.01443	0.10657	0.00585	0.00388	0.00125	0.00543	0.00403	0.00269	0.00668
12	0.00719	0.00536	0.00669	0.00677	0.00793	0.00486	0.00492	0.00913	0.01359	0.01847	0.44436	0.23172	0.19266	0.01315	0.00656	0.00186	0.00276	0.01158	0.00558	0.00486
13	0.00831	0.00570	0.00697	0.00672	0.00826	0.00507	0.00501	0.01026	0.01384	0.06987	0.39641	0.14239	0.27601	0.01247	0.00644	0.00182	0.00285	0.01082	0.00563	0.00516
14	0.00782	0.00573	0.00821	0.00821	0.00900	0.00652	0.00613	0.00938	0.00860	0.01225	0.01510	0.02419	0.01483	0.19031	0.63902	0.00808	0.01279	0.00625	0.00300	0.00456
15	0.01270	0.01386	0.02721	0.02015	0.02422	0.01444	0.53134	0.01729	0.06526	0.01685	0.01093	0.01447	0.00861	0.00593	0.00900	0.00196	0.18976	0.00603	0.00287	0.00713
16	0.01584	0.12141	0.02120	0.04804	0.29778	0.28088	0.08497	0.01870	0.03201	0.01558	0.00963	0.01194	0.00798	0.00515	0.00509	0.00152	0.00779	0.00433	0.00276	0.00741
17	0.00727	0.00509	0.00650	0.00714	0.00742	0.00505	0.00464	0.00799	0.00929	0.01252	0.02329	0.41922	0.02715	0.31203	0.11610	0.00420	0.00543	0.01145	0.00413	0.00407
18	0.02037	0.02598	0.01545	0.01404	0.01685	0.78652	0.01053	0.02177	0.01545	0.01334	0.00843	0.00983	0.00702	0.00562	0.00492	0.00140	0.00983	0.00351	0.00281	0.00632
19	0.05195	0.18226	0.34312	0.01356	0.06068	0.01429	0.01393	0.03648	0.12147	0.05667	0.01213	0.02430	0.00933	0.00574	0.00503	0.00163	0.01794	0.00440	0.01728	0.00781
20	0.05027	0.04128	0.01463	0.01362	0.14739	0.01060	0.00928	0.11460	0.04001	0.20751	0.01389	0.03271	0.01049	0.00567	0.00489	0.00139	0.00493	0.00466	0.00439	0.26778
21	0.00716	0.00518	0.00688	0.00805	0.00871	0.00490	0.00591	0.00852	0.01110	0.01457	0.03155	0.56787	0.08722	0.01635	0.00706	0.00226	0.00359	0.19350	0.00505	0.00459
22	0.02988	0.01071	0.01658	0.32104	0.02515	0.01155	0.10611	0.04288	0.12749	0.22961	0.01512	0.01642	0.01059	0.00603	0.00556	0.00178	0.00624	0.00539	0.00426	0.00761
23	0.03313	0.13957	0.28123	0.01765	0.10978	0.04039	0.18443	0.01791	0.01221	0.07995	0.01061	0.01253	0.00797	0.00517	0.00549	0.00165	0.02509	0.00460	0.00287	0.00775
24	0.01312	0.01271	0.02085	0.02895	0.59515	0.01384	0.01560	0.01588	0.01146	0.01670	0.00952	0.01312	0.00829	0.00596	0.00834	0.00180	0.19324	0.00484	0.00262	0.00801
25	0.00741	0.00557	0.00652	0.00696	0.00804	0.00517	0.00518	0.00868	0.01113	0.01400	0.03658	0.12965	0.32421	0.21266	0.01208	0.00290	0.00399	0.19030	0.00461	0.00436
26	0.01049	0.00809	0.01020	0.07879	0.02557	0.00858	0.03036	0.11726	0.07557	0.01823	0.02468	0.10369	0.16781	0.07670	0.11609	0.00301	0.00587	0.00781	0.10531	0.00586
27	0.03589	0.12313	0.18504	0.08245	0.19270	0.11265	0.01387	0.06618	0.01331	0.07479	0.02680	0.01284	0.00895	0.00554	0.00529	0.00160	0.02382	0.00435	0.00312	0.00767
28	0.00948	0.00868	0.01420	0.01458	0.14228	0.00862	0.13016	0.01186	0.01243	0.01700	0.19204	0.18502	0.14363	0.01048	0.00732	0.00189	0.07069	0.00942	0.00427	0.00594
29	0.13109	0.01106	0.01232	0.00979	0.01376	0.08410	0.00798	0.02473	0.01477	0.60588	0.01843	0.01645	0.01188	0.00642	0.00515	0.00166	0.00509	0.00496	0.00593	0.00855

[dist]
# distance from previous block
# <min> <max>
0	2

[block]
# block no. 1 follows, 44 sequences, length 6
# corresponding to MSA columns:
# 346-351
name=unknown_B
#
# <colnr> <probs for GDERKNQSTAVLIFYWHMCP>
#	G	D	E	R	K	N	Q	S	T	A	V	L	I	F	Y	W	H	M	C	P
0	0.01307	0.01255	0.02304	0.01726	0.02140	0.03756	0.43553	0.05065	0.01306	0.07038	0.01487	0.15248	0.01345	0.00717	0.00657	0.00182	0.03293	0.00750	0.00359	0.06513
1	0.59359	0.16056	0.05481	0.05745	0.01360	0.01399	0.00790	0.01602	0.00984	0.02124	0.00784	0.00934	0.00625	0.00502	0.00363	0.00160	0.00492	0.00312	0.00306	0.00624
2	0.00664	0.00474	0.00633	0.00759	0.00791	0.00443	0.00506	0.00759	0.01044	0.01392	0.03005	0.80485	0.03606	0.01708	0.00696	0.00221	0.00316	0.01550	0.00506	0.00443
3	0.00723	0.00510	0.00663	0.00754	0.00799	0.00487	0.00521	0.00831	0.01059	0.01416	0.08039	0.51335	0.03354	0.16368	0.01086	0.00279	0.00375	0.10486	0.00480	0.00434
4	0.01318	0.06369	0.14817	0.08750	0.01834	0.01108	0.03549	0.11238	0.01339	0.05078	0.01056	0.01215	0.00811	0.00487	0.00467	0.00127	0.00562	0.00393	0.00336	0.39147
5	0.01443	0.08403	0.40099	0.01301	0.01912	0.01318	0.01451	0.15516	0.04524	0.09758	0.03646	0.01358	0.00992	0.00577	0.00512	0.00161	0.00659	0.00448	0.00364	0.05559

[dist]
# distance from previous block
# <min> <max>
2	12

[block]
# block no. 2 follows, 44 sequences, length 43
# corresponding to MSA columns:
# 364-406
name=unknown_C
#
# <colnr> <probs for GDERKNQSTAVLIFYWHMCP>
#	G	D	E	R	K	N	Q	S	T	A	V	L	I	F	Y	W	H	M	C	P
0	0.06557	0.11954	0.18959	0.01246	0.05215	0.04974	0.02981	0.11545	0.02800	0.08754	0.04836	0.01348	0.01044	0.00555	0.00481	0.00146	0.00596	0.00433	0.00364	0.15210
1	0.00675	0.00510	0.00627	0.00706	0.00793	0.00461	0.00498	0.00800	0.01142	0.01474	0.08031	0.50079	0.25435	0.01567	0.00680	0.00209	0.00310	0.05035	0.00511	0.00455
2	0.01566	0.66422	0.02611	0.01021	0.01453	0.16514	0.00955	0.01735	0.01190	0.01292	0.00774	0.00895	0.00700	0.00484	0.00376	0.00121	0.00658	0.00303	0.00242	0.00687
3	0.09416	0.01449	0.01632	0.01361	0.06283	0.03242	0.04516	0.55363	0.02189	0.05498	0.01260	0.01307	0.00907	0.00620	0.00526	0.00164	0.00598	0.00479	0.02321	0.00868
4	0.01954	0.13780	0.01732	0.01337	0.01645	0.67765	0.01036	0.02099	0.01483	0.01327	0.00831	0.00968	0.00702	0.00548	0.00471	0.00137	0.00926	0.00343	0.00274	0.00642
5	0.00732	0.00560	0.00673	0.00656	0.00805	0.00502	0.00500	0.00945	0.01416	0.01892	0.46434	0.04628	0.31364	0.01236	0.00650	0.00181	0.00279	0.05493	0.00560	0.00494
6	0.00689	0.00508	0.00649	0.00731	0.00806	0.00467	0.00515	0.00824	0.01159	0.01532	0.13949	0.53151	0.15455	0.01559	0.00684	0.00210	0.00313	0.05819	0.00519	0.00459
7	0.00707	0.00525	0.00665	0.00739	0.00831	0.00484	0.00541	0.00857	0.01191	0.01563	0.14712	0.42505	0.19294	0.01521	0.00685	0.00210	0.00325	0.11659	0.00520	0.00466
8	0.01287	0.01471	0.03217	0.02298	0.02849	0.01379	0.75460	0.01746	0.01287	0.01746	0.01103	0.01471	0.00827	0.00460	0.00643	0.00184	0.00919	0.00643	0.00276	0.00735
9	0.00649	0.00534	0.00572	0.00602	0.00749	0.00456	0.00436	0.00777	0.01195	0.01453	0.04918	0.23332	0.59523	0.01459	0.00657	0.00193	0.00286	0.01247	0.00506	0.00456
10	0.00775	0.00521	0.00600	0.00618	0.00623	0.00516	0.00355	0.00788	0.00829	0.01105	0.01901	0.14514	0.02213	0.69579	0.02479	0.00485	0.00498	0.00901	0.00355	0.00346
11	0.02067	0.01680	0.01623	0.01276	0.01690	0.12643	0.01039	0.65169	0.02418	0.03137	0.01243	0.01263	0.00895	0.00641	0.00538	0.00160	0.00654	0.00471	0.00508	0.00885
12	0.01130	0.00969	0.01130	0.00807	0.01292	0.00727	0.00646	0.01373	0.01130	0.01776	0.00969	0.01130	0.00807	0.00404	0.00404	0.00081	0.00404	0.00323	0.00323	0.84173
13	0.00650	0.00532	0.00574	0.00607	0.00751	0.00456	0.00439	0.00776	0.01190	0.01451	0.04852	0.25289	0.57609	0.01468	0.00658	0.00194	0.00287	0.01257	0.00506	0.00456
14	0.00693	0.00541	0.00629	0.00635	0.00773	0.00477	0.00465	0.00867	0.01317	0.01714	0.30704	0.17394	0.39161	0.01340	0.00652	0.00186	0.00276	0.01158	0.00540	0.00477
15	0.17419	0.01480	0.01301	0.01092	0.01451	0.19618	0.00869	0.14204	0.12260	0.22817	0.01454	0.01405	0.01031	0.00622	0.00496	0.00163	0.00597	0.00455	0.00480	0.00785
16	0.02072	0.01527	0.01636	0.01254	0.01691	0.01691	0.01036	0.75622	0.02563	0.03436	0.01309	0.01309	0.00927	0.00654	0.00545	0.00164	0.00600	0.00491	0.00545	0.00927
17	0.01287	0.01471	0.03217	0.02298	0.02849	0.01379	0.75460	0.01746	0.01287	0.01746	0.01103	0.01471	0.00827	0.00460	0.00643	0.00184	0.00919	0.00643	0.00276	0.00735
18	0.01054	0.00994	0.01679	0.73802	0.09295	0.01218	0.01526	0.01414	0.01101	0.01422	0.00973	0.01446	0.00737	0.00541	0.00545	0.00180	0.00721	0.00485	0.00244	0.00625
19	0.00644	0.00552	0.00552	0.00552	0.00736	0.00460	0.00414	0.00782	0.01243	0.01473	0.05523	0.05247	0.77218	0.01381	0.00644	0.00184	0.00276	0.01151	0.00506	0.00460
20	0.00879	0.00628	0.00879	0.01004	0.01130	0.00628	0.00879	0.01130	0.01255	0.01632	0.02887	0.06150	0.03138	0.01506	0.00753	0.00251	0.00502	0.73770	0.00502	0.00502
21	0.01098	0.00999	0.01626	0.01357	0.01527	0.01148	0.17940	0.01335	0.01068	0.01566	0.01474	0.02566	0.01426	0.05793	0.01169	0.00231	0.28893	0.15994	0.12210	0.00579
22	0.03519	0.00671	0.00687	0.00631	0.00807	0.00701	0.00489	0.11853	0.01332	0.02222	0.01674	0.01900	0.01307	0.00731	0.02596	0.00154	0.00342	0.00502	0.67313	0.00569
23	0.01287	0.01471	0.03217	0.02298	0.02849	0.01379	0.75460	0.01746	0.01287	0.01746	0.01103	0.01471	0.00827	0.00460	0.00643	0.00184	0.00919	0.00643	0.00276	0.00735
24	0.00793	0.00529	0.00595	0.00595	0.00595	0.00529	0.00330	0.00793	0.00793	0.01057	0.01718	0.03568	0.01982	0.80840	0.02775	0.00529	0.00529	0.00793	0.00330	0.00330
25	0.01458	0.81168	0.02857	0.00933	0.01399	0.02157	0.00933	0.01632	0.01108	0.01283	0.00758	0.00875	0.00700	0.00466	0.00350	0.00117	0.00583	0.00292	0.00233	0.00700
26	0.02037	0.02598	0.01545	0.01404	0.01685	0.78652	0.01053	0.02177	0.01545	0.01334	0.00843	0.00983	0.00702	0.00562	0.00492	0.00140	0.00983	0.00351	0.00281	0.00632
27	0.01895	0.00964	0.01254	0.12140	0.01669	0.00970	0.00882	0.06824	0.13372	0.42290	0.01902	0.01812	0.01290	0.00661	0.00531	0.00168	0.00482	0.00542	0.09525	0.00827
28	0.00779	0.00584	0.00876	0.00876	0.00974	0.00681	0.00681	0.00974	0.00876	0.01266	0.01460	0.02142	0.01363	0.04089	0.78680	0.00876	0.01460	0.00584	0.00292	0.00487
29	0.01828	0.01260	0.03508	0.01129	0.01517	0.01312	0.00930	0.23899	0.34262	0.21411	0.01903	0.01755	0.01345	0.00693	0.00549	0.00174	0.00499	0.00557	0.00573	0.00896
30	0.01952	0.01402	0.01608	0.12373	0.01962	0.01555	0.01086	0.59549	0.02278	0.08761	0.01324	0.01371	0.00931	0.00640	0.00546	0.00167	0.00608	0.00494	0.00512	0.00881
31	0.00700	0.00519	0.00605	0.00647	0.00724	0.00476	0.00432	0.00795	0.01075	0.01385	0.08780	0.31517	0.25929	0.22473	0.01226	0.00287	0.00356	0.01186	0.00466	0.00424
32	0.01259	0.01663	0.13862	0.02192	0.02780	0.01363	0.65007	0.01744	0.01267	0.01744	0.01085	0.01425	0.00808	0.00468	0.00626	0.00182	0.00903	0.00609	0.00269	0.00745
33	0.01014	0.00626	0.00697	0.00714	0.00860	0.00650	0.00562	0.01441	0.11879	0.01944	0.02150	0.07694	0.01937	0.00899	0.00503	0.00167	0.00335	0.16036	0.49338	0.00553
34	0.01120	0.14753	0.55291	0.01379	0.02034	0.01314	0.01684	0.01627	0.01159	0.01644	0.01215	0.01819	0.01040	0.00651	0.00525	0.00175	0.00728	0.10827	0.00269	0.00746
35	0.13396	0.01896	0.10151	0.01754	0.11533	0.27416	0.17312	0.01887	0.03966	0.01714	0.00970	0.01184	0.00767	0.00536	0.00556	0.00165	0.03361	0.00443	0.00289	0.00704
36	0.38063	0.24718	0.01600	0.00967	0.01326	0.22552	0.00816	0.01767	0.01148	0.01806	0.00781	0.00909	0.00653	0.00510	0.00383	0.00146	0.00621	0.00309	0.00292	0.00633
37	0.00709	0.00493	0.00619	0.00702	0.00723	0.00473	0.00445	0.00771	0.00956	0.01275	0.02557	0.53726	0.03041	0.29237	0.01419	0.00328	0.00390	0.01286	0.00445	0.00404
38	0.13758	0.02291	0.01420	0.01289	0.01579	0.62909	0.00976	0.02139	0.06034	0.01550	0.00915	0.01033	0.00745	0.00565	0.00473	0.00147	0.00870	0.00359	0.00306	0.00640
39	0.00724	0.00515	0.00647	0.00689	0.00749	0.00484	0.00463	0.00846	0.01139	0.01546	0.24183	0.36745	0.07316	0.20044	0.01165	0.00277	0.00347	0.01190	0.00492	0.00438
40	0.01007	0.00712	0.00935	0.00838	0.00983	0.00747	0.00654	0.01307	0.05331	0.08603	0.55903	0.03365	0.04005	0.01034	0.00793	0.00181	0.11610	0.00857	0.00553	0.00580
41	0.00791	0.00536	0.00635	0.00635	0.00649	0.00550	0.00380	0.00819	0.00805	0.01087	0.01681	0.03365	0.01894	0.69917	0.13577	0.00578	0.00661	0.00763	0.00325	0.00353
42	0.50178	0.27510	0.08113	0.00860	0.01280	0.01533	0.00825	0.01623	0.01006	0.02002	0.00778	0.00905	0.00635	0.00494	0.00357	0.00152	0.00508	0.00303	0.00294	0.00645

[dist]
# distance from previous block
# <min> <max>
0	4

[block]
# block no. 3 follows, 44 sequences, length 40
# corresponding to MSA columns:
# 411-450
name=unknown_D
#
# <colnr> <probs for GDERKNQSTAVLIFYWHMCP>
#	G	D	E	R	K	N	Q	S	T	A	V	L	I	F	Y	W	H	M	C	P
0	0.01145	0.12818	0.66384	0.01494	0.02250	0.01383	0.03845	0.01715	0.01149	0.01670	0.00953	0.01124	0.00695	0.00510	0.00500	0.00166	0.00780	0.00395	0.00232	0.00790
1	0.00722	0.00512	0.00653	0.00719	0.00751	0.00498	0.00471	0.00808	0.01023	0.01382	0.10508	0.49335	0.03260	0.23689	0.01291	0.00302	0.01933	0.01258	0.00462	0.00422
2	0.00681	0.00481	0.00628	0.00738	0.00766	0.00454	0.00484	0.00763	0.01012	0.01349	0.02841	0.70695	0.03399	0.11780	0.00960	0.00260	0.00343	0.01453	0.00484	0.00428
3	0.84691	0.01054	0.00801	0.00717	0.01054	0.01223	0.00590	0.01603	0.00928	0.02446	0.00759	0.00886	0.00590	0.00506	0.00337	0.00169	0.00422	0.00295	0.00337	0.00590
4	0.00786	0.00555	0.00729	0.00729	0.00775	0.00601	0.00498	0.00879	0.00833	0.01156	0.01595	0.02888	0.01687	0.44273	0.38939	0.00694	0.00972	0.00693	0.00312	0.00405
5	0.01098	0.00978	0.01377	0.01169	0.01443	0.01011	0.14970	0.05828	0.27421	0.01895	0.02686	0.21442	0.14284	0.01021	0.00620	0.00192	0.00481	0.00928	0.00481	0.00674
6	0.00791	0.00536	0.00630	0.00630	0.00643	0.00548	0.00375	0.00816	0.00803	0.01084	0.01685	0.03386	0.01903	0.71072	0.12436	0.00573	0.00647	0.00766	0.00325	0.00350
7	0.00691	0.00503	0.00654	0.00744	0.00809	0.00466	0.00520	0.00823	0.01149	0.01532	0.14400	0.58041	0.10349	0.01578	0.00687	0.00212	0.00314	0.05550	0.00520	0.00459
8	0.01394	0.01584	0.14590	0.02732	0.51384	0.01345	0.05947	0.10900	0.01394	0.01976	0.01058	0.01319	0.00841	0.00511	0.00543	0.00165	0.00683	0.00482	0.00298	0.00855
9	0.00693	0.00565	0.00620	0.00637	0.00807	0.00492	0.00498	0.00859	0.01270	0.01559	0.11148	0.05293	0.59154	0.01378	0.00662	0.00194	0.00311	0.12875	0.00514	0.00472
10	0.48943	0.02792	0.01131	0.00900	0.01279	0.01300	0.00746	0.21068	0.01454	0.14140	0.01114	0.01143	0.00796	0.00570	0.00424	0.00166	0.00478	0.00385	0.00441	0.00732
11	0.01438	0.01388	0.02338	0.01759	0.02183	0.01459	0.38113	0.15577	0.18144	0.02135	0.01351	0.01539	0.01021	0.00605	0.00715	0.00186	0.08286	0.00593	0.00384	0.00786
12	0.11717	0.04357	0.10900	0.14889	0.15715	0.03991	0.01135	0.01457	0.03911	0.01735	0.06839	0.04731	0.13657	0.00759	0.00536	0.00174	0.00555	0.01939	0.00350	0.00653
13	0.02695	0.11767	0.22621	0.04369	0.08425	0.01224	0.01218	0.08436	0.01271	0.01851	0.00978	0.01148	0.00771	0.00481	0.00458	0.00131	0.00590	0.00377	0.00299	0.30893
14	0.00737	0.00543	0.00690	0.00680	0.00800	0.00496	0.00500	0.00952	0.01422	0.01962	0.55531	0.16736	0.14434	0.01247	0.00652	0.00181	0.00269	0.01100	0.00572	0.00496
15	0.01143	0.25439	0.46181	0.01245	0.01872	0.01424	0.01494	0.01579	0.01150	0.01564	0.01492	0.01591	0.10433	0.00613	0.00485	0.00158	0.00673	0.00465	0.00266	0.00731
16	0.00951	0.00870	0.01511	0.01469	0.11088	0.00844	0.18770	0.01245	0.03895	0.01634	0.09694	0.28157	0.06393	0.01365	0.08149	0.00260	0.00613	0.02086	0.00411	0.00595
17	0.00801	0.00864	0.10677	0.00958	0.01149	0.00637	0.05016	0.01038	0.01205	0.01656	0.19065	0.41011	0.03367	0.01332	0.00665	0.00205	0.00420	0.08929	0.00478	0.00528
18	0.14812	0.01215	0.01974	0.06856	0.36914	0.01252	0.14720	0.01705	0.06293	0.01884	0.01201	0.01675	0.01014	0.00574	0.00541	0.00176	0.00640	0.05481	0.00315	0.00756
19	0.01070	0.01011	0.01709	0.69834	0.13133	0.01222	0.01534	0.01429	0.01109	0.01442	0.00976	0.01440	0.00744	0.00538	0.00544	0.00179	0.00717	0.00485	0.00246	0.00638
20	0.01111	0.01532	0.18974	0.04279	0.04714	0.01239	0.27593	0.01486	0.01142	0.01594	0.01585	0.01866	0.10529	0.00886	0.05258	0.00229	0.14404	0.00612	0.00288	0.00678
21	0.00812	0.00648	0.00761	0.00857	0.00941	0.04964	0.00644	0.00968	0.01174	0.01516	0.08136	0.46917	0.05367	0.01533	0.00696	0.00221	0.00403	0.22467	0.00499	0.00476
22	0.74085	0.01069	0.00856	0.00767	0.01101	0.01240	0.00625	0.01767	0.10541	0.02425	0.00945	0.01032	0.00727	0.00536	0.00365	0.00171	0.00423	0.00336	0.00365	0.00625
23	0.01338	0.00683	0.00910	0.00782	0.01010	0.00611	0.00611	0.01579	0.01549	0.27765	0.51786	0.03323	0.03861	0.00966	0.00611	0.00171	0.00327	0.00838	0.00625	0.00654
24	0.01478	0.00711	0.00866	0.00746	0.00973	0.00661	0.00569	0.04738	0.01328	0.29215	0.07339	0.05665	0.08201	0.13898	0.00892	0.00221	0.00394	0.00696	0.20768	0.00642
25	0.00743	0.00620	0.00760	0.10703	0.01204	0.00591	0.00654	0.00933	0.01222	0.01495	0.04344	0.06240	0.50604	0.01306	0.00655	0.00199	0.00382	0.16385	0.00472	0.00487
26	0.03838	0.01277	0.11011	0.01079	0.01503	0.01096	0.00968	0.10616	0.20919	0.34129	0.01870	0.01738	0.01284	0.00663	0.00531	0.00170	0.00501	0.00533	0.05411	0.00863
27	0.00708	0.00496	0.00617	0.00696	0.00721	0.00473	0.00442	0.00772	0.00962	0.01278	0.02631	0.51520	0.05207	0.29220	0.01417	0.00327	0.00389	0.01275	0.00445	0.00404
28	0.01578	0.01060	0.01183	0.00995	0.01318	0.01114	0.00791	0.22075	0.23075	0.16605	0.04179	0.06982	0.14884	0.00881	0.00577	0.00178	0.00446	0.00726	0.00564	0.00790
29	0.01172	0.01115	0.01893	0.45558	0.36613	0.01249	0.01585	0.01518	0.01158	0.01566	0.00994	0.01407	0.00788	0.00519	0.00543	0.00173	0.00691	0.00485	0.00255	0.00721
30	0.00972	0.00808	0.01181	0.01083	0.01161	0.01001	0.02815	0.01133	0.00916	0.03847	0.01426	0.11791	0.01427	0.03771	0.37162	0.00532	0.27449	0.00675	0.00314	0.00537
31	0.00789	0.00519	0.00559	0.00584	0.00697	0.00481	0.00412	0.00941	0.01116	0.01593	0.03323	0.19028	0.28369	0.10664	0.00821	0.00214	0.00307	0.00975	0.28153	0.00457
32	0.00891	0.00577	0.00758	0.00748	0.00854	0.00650	0.00579	0.01107	0.00983	0.01579	0.01560	0.02060	0.01352	0.02564	0.43882	0.00547	0.04035	0.00549	0.34224	0.00500
33	0.84691	0.01054	0.00801	0.00717	0.01054	0.01223	0.00590	0.01603	0.00928	0.02446	0.00759	0.00886	0.00590	0.00506	0.00337	0.00169	0.00422	0.00295	0.00337	0.00590
34	0.01747	0.00954	0.01195	0.00890	0.01341	0.00775	0.00723	0.02004	0.03002	0.37157	0.01546	0.01488	0.01079	0.00537	0.00474	0.00124	0.00432	0.00434	0.00492	0.43604
35	0.01930	0.17081	0.01787	0.01318	0.01633	0.64552	0.01031	0.02077	0.01464	0.01325	0.00827	0.00963	0.00702	0.00544	0.00465	0.00136	0.00909	0.00340	0.00272	0.00644
36	0.00655	0.00510	0.00596	0.00665	0.00766	0.00451	0.00464	0.00770	0.01134	0.01428	0.04147	0.46366	0.36987	0.01560	0.00672	0.00204	0.00298	0.01369	0.00506	0.00451
37	0.00853	0.00657	0.00973	0.00856	0.00942	0.00661	0.09948	0.00943	0.00869	0.01178	0.01599	0.03074	0.01737	0.58418	0.14561	0.00540	0.00726	0.00741	0.00317	0.00407
38	0.14485	0.00930	0.01079	0.00911	0.01229	0.00922	0.00724	0.10917	0.06087	0.34057	0.02194	0.16343	0.06037	0.00882	0.00549	0.00180	0.00434	0.00726	0.00559	0.00755
39	0.03894	0.00953	0.01076	0.00922	0.01205	0.00971	0.00724	0.22950	0.07920	0.14278	0.06131	0.16919	0.16379	0.01011	0.00589	0.00180	0.00425	0.00847	0.00545	0.02081

[dist]
# distance from previous block
# <min> <max>
1	4

[block]
# block no. 4 follows, 44 sequences, length 16
# corresponding to MSA columns:
# 455-470
name=unknown_E
#
# <colnr> <probs for GDERKNQSTAVLIFYWHMCP>
#	G	D	E	R	K	N	Q	S	T	A	V	L	I	F	Y	W	H	M	C	P
0	0.15767	0.01142	0.12516	0.00964	0.01295	0.00932	0.00896	0.04930	0.08736	0.02083	0.19625	0.02883	0.02338	0.00872	0.00557	0.00180	0.00464	0.15064	0.00446	0.08310
1	0.01307	0.01358	0.02635	0.06411	0.40697	0.01329	0.34632	0.01693	0.01255	0.01748	0.01057	0.01408	0.00841	0.00477	0.00586	0.00173	0.00773	0.00556	0.00271	0.00794
2	0.01390	0.01631	0.19893	0.01373	0.01837	0.09114	0.16604	0.08410	0.01455	0.10990	0.10720	0.02138	0.10563	0.00716	0.00577	0.00172	0.00659	0.00632	0.00404	0.00723
3	0.01455	0.09041	0.42746	0.01584	0.08884	0.16828	0.01593	0.01886	0.01271	0.08293	0.01040	0.01174	0.00767	0.00533	0.00503	0.00160	0.00778	0.00403	0.00283	0.00778
4	0.00775	0.00633	0.00848	0.00881	0.00925	0.00705	0.00646	0.00885	0.01011	0.01376	0.02695	0.52502	0.10022	0.01671	0.05676	0.00261	0.16334	0.01237	0.00439	0.00478
5	0.00683	0.00482	0.00627	0.00736	0.00763	0.00455	0.00481	0.00764	0.01008	0.01344	0.02820	0.69446	0.03373	0.13065	0.00994	0.00265	0.00347	0.01441	0.00481	0.00427
6	0.09498	0.01189	0.01290	0.09227	0.01664	0.01376	0.00929	0.12928	0.50841	0.02368	0.01819	0.01760	0.01358	0.00685	0.00531	0.00180	0.00485	0.00554	0.00500	0.00819
7	0.05739	0.11295	0.13705	0.01709	0.12763	0.09464	0.14456	0.09862	0.10636	0.01927	0.01182	0.02778	0.00937	0.00565	0.00522	0.00164	0.00698	0.00490	0.00334	0.00773
8	0.00822	0.00489	0.00577	0.00647	0.00721	0.00472	0.00450	0.00988	0.01088	0.01678	0.02457	0.45434	0.02619	0.01229	0.00555	0.00179	0.00288	0.01084	0.37749	0.00472
9	0.00695	0.00531	0.00641	0.00710	0.00816	0.00482	0.00522	0.00832	0.01159	0.01472	0.05997	0.36304	0.31622	0.03732	0.00741	0.00219	0.00333	0.12230	0.00503	0.00457
10	0.05206	0.15782	0.27798	0.01438	0.09576	0.06400	0.02962	0.04923	0.01243	0.06203	0.01299	0.12364	0.01171	0.00690	0.00511	0.00166	0.00648	0.00563	0.00323	0.00731
11	0.01258	0.00829	0.00878	0.00790	0.01023	0.00883	0.00615	0.07908	0.24861	0.06799	0.02289	0.02296	0.09304	0.00749	0.00486	0.00157	0.00353	0.00610	0.37237	0.00674
12	0.00813	0.00562	0.00843	0.00843	0.00921	0.00640	0.00640	0.00921	0.00843	0.01202	0.01357	0.02045	0.01279	0.03648	0.63322	0.17581	0.01262	0.00562	0.00281	0.00437
13	0.01143	0.01815	0.35682	0.28962	0.02659	0.01222	0.01625	0.08707	0.01277	0.01765	0.01205	0.01791	0.00980	0.00643	0.00555	0.00183	0.00726	0.08051	0.00293	0.00715
14	0.01409	0.11263	0.34401	0.05013	0.02028	0.09812	0.04727	0.05882	0.10912	0.06429	0.01220	0.01368	0.00915	0.00575	0.00514	0.00166	0.00717	0.01543	0.00328	0.00779
15	0.00827	0.00811	0.06733	0.00998	0.01129	0.00724	0.05652	0.01001	0.01031	0.01413	0.02269	0.42215	0.02576	0.09277	0.06341	0.00294	0.08066	0.07728	0.00413	0.00501

[dist]
# distance from previous block
# <min> <max>
4	9

[block]
# block no. 5 follows, 44 sequences, length 36
# corresponding to MSA columns:
# 480-515
name=unknown_F
#
# <colnr> <probs for GDERKNQSTAVLIFYWHMCP>
#	G	D	E	R	K	N	Q	S	T	A	V	L	I	F	Y	W	H	M	C	P
0	0.01187	0.01303	0.02772	0.02021	0.02490	0.01221	0.62302	0.01597	0.01288	0.01755	0.08020	0.08557	0.01452	0.00626	0.00648	0.00186	0.00808	0.00752	0.00325	0.00690
1	0.18936	0.01109	0.01181	0.00976	0.01337	0.01182	0.00790	0.18284	0.19001	0.21842	0.01988	0.01871	0.07756	0.00712	0.00514	0.00173	0.00461	0.00552	0.00534	0.00802
2	0.00812	0.00635	0.00790	0.00793	0.00936	0.00653	0.00609	0.01156	0.10189	0.01615	0.13935	0.11605	0.20672	0.03256	0.22874	0.00394	0.00657	0.07433	0.00462	0.00524
3	0.00813	0.00666	0.01001	0.00982	0.01060	0.00696	0.07110	0.00949	0.01037	0.01406	0.02440	0.50360	0.02830	0.08517	0.01013	0.00250	0.09956	0.07995	0.00438	0.00482
4	0.00711	0.00520	0.00675	0.00764	0.00843	0.00485	0.00557	0.00858	0.01168	0.01543	0.12704	0.48702	0.13236	0.01557	0.00692	0.00215	0.00335	0.13454	0.00517	0.00464
5	0.01093	0.02820	0.78016	0.01554	0.02360	0.01266	0.02014	0.01727	0.01151	0.01727	0.00978	0.01151	0.00691	0.00518	0.00518	0.00173	0.00806	0.00403	0.00230	0.00806
6	0.09556	0.00981	0.01291	0.10400	0.01664	0.00942	0.00882	0.06863	0.01509	0.57409	0.01834	0.01688	0.01182	0.00643	0.00529	0.00170	0.00500	0.00515	0.00585	0.00859
7	0.00721	0.00539	0.00678	0.00737	0.00844	0.00496	0.00553	0.00889	0.01236	0.01621	0.19093	0.32364	0.22017	0.01466	0.00683	0.00207	0.00328	0.14529	0.00525	0.00473
8	0.01115	0.01738	0.33065	0.01118	0.01735	0.00951	0.01214	0.01520	0.01139	0.01756	0.00973	0.01139	0.00759	0.00451	0.00451	0.00119	0.00571	0.00356	0.00284	0.49546
9	0.01231	0.01267	0.02047	0.25566	0.22468	0.08084	0.18157	0.01566	0.01189	0.01555	0.01062	0.01471	0.00860	0.00937	0.09945	0.00257	0.00860	0.00521	0.00267	0.00691
10	0.00690	0.00493	0.00662	0.00789	0.00831	0.00465	0.00551	0.00804	0.01069	0.01421	0.02991	0.71557	0.03550	0.01684	0.00703	0.00225	0.00339	0.10223	0.00506	0.00450
11	0.00683	0.00494	0.00646	0.00734	0.00792	0.00457	0.00503	0.00811	0.01148	0.01545	0.17032	0.62190	0.07785	0.01579	0.00683	0.00210	0.00303	0.01423	0.00524	0.00457
12	0.00699	0.00554	0.00628	0.00609	0.00770	0.00483	0.00457	0.00888	0.01371	0.01777	0.36082	0.04746	0.46469	0.01267	0.00644	0.00179	0.00268	0.01080	0.00546	0.00483
13	0.02044	0.02370	0.01564	0.01372	0.01687	0.62248	0.01050	0.17832	0.01762	0.01782	0.00942	0.01053	0.00750	0.00582	0.00503	0.00145	0.00901	0.00381	0.00337	0.00695
14	0.01605	0.01069	0.01239	0.10511	0.04649	0.09109	0.00894	0.03275	0.11855	0.26763	0.12917	0.09077	0.02006	0.00816	0.00572	0.00175	0.00513	0.01701	0.00518	0.00737
15	0.01207	0.27301	0.54531	0.01360	0.02060	0.01545	0.01676	0.01697	0.01137	0.01588	0.00909	0.01065	0.00693	0.00502	0.00465	0.00155	0.00736	0.00368	0.00231	0.00773
16	0.00712	0.00510	0.00682	0.00773	0.00836	0.00480	0.00553	0.00859	0.01172	0.01585	0.18300	0.55781	0.03867	0.01561	0.00692	0.00215	0.00326	0.10107	0.00525	0.00465
17	0.01302	0.01260	0.01996	0.26055	0.50076	0.04660	0.01582	0.03520	0.01243	0.01688	0.01008	0.01364	0.00817	0.00511	0.00539	0.00167	0.00685	0.00480	0.00269	0.00778
18	0.01412	0.01486	0.01704	0.41814	0.14873	0.21656	0.01388	0.06329	0.01327	0.01569	0.00966	0.01304	0.00755	0.00547	0.00530	0.00167	0.00774	0.00450	0.00276	0.00674
19	0.01403	0.01182	0.01397	0.01180	0.01488	0.08311	0.09765	0.02262	0.36128	0.10186	0.16533	0.02341	0.02151	0.00773	0.00581	0.00178	0.00513	0.02355	0.00516	0.00757
20	0.00910	0.00590	0.00762	0.00700	0.00859	0.00535	0.00531	0.01153	0.01520	0.08842	0.64484	0.03974	0.10853	0.01098	0.00635	0.00172	0.00277	0.00961	0.00599	0.00547
21	0.01107	0.01047	0.01578	0.03614	0.15061	0.02724	0.07635	0.01314	0.01110	0.01587	0.16717	0.02128	0.01819	0.10435	0.01286	0.00237	0.29023	0.00634	0.00334	0.00609
22	0.10491	0.02636	0.01118	0.01118	0.07903	0.05808	0.00775	0.07402	0.07755	0.12511	0.06840	0.27664	0.03741	0.01014	0.00573	0.00184	0.00453	0.00868	0.00483	0.00660
23	0.01906	0.01176	0.01451	0.01360	0.10598	0.01222	0.00976	0.18644	0.24152	0.29739	0.01851	0.01728	0.01293	0.00667	0.00549	0.00172	0.00506	0.00549	0.00562	0.00901
24	0.00662	0.00484	0.00623	0.00734	0.00784	0.00445	0.00495	0.00762	0.01068	0.01401	0.03307	0.71449	0.12446	0.01669	0.00690	0.00217	0.00311	0.01502	0.00506	0.00445
25	0.01336	0.40895	0.16641	0.01492	0.02047	0.01741	0.25467	0.01687	0.01174	0.01515	0.00911	0.01119	0.00740	0.00474	0.00476	0.00149	0.00733	0.00427	0.00247	0.00731
26	0.05006	0.10641	0.01489	0.07803	0.01598	0.01141	0.00888	0.09156	0.08169	0.43952	0.01749	0.01671	0.01193	0.02405	0.00566	0.00172	0.00511	0.00509	0.00542	0.00841
27	0.02067	0.01058	0.01289	0.01038	0.01421	0.01052	0.00840	0.12853	0.20283	0.46277	0.02077	0.04281	0.01439	0.00720	0.00554	0.00174	0.00470	0.00588	0.00622	0.00896
28	0.00932	0.00712	0.00846	0.00875	0.01000	0.00742	0.00627	0.07848	0.16749	0.01757	0.02692	0.57257	0.02967	0.01415	0.00653	0.00209	0.00365	0.01263	0.00520	0.00573
29	0.01208	0.20626	0.51655	0.01627	0.11156	0.01474	0.01725	0.01699	0.01152	0.01631	0.00933	0.01111	0.00713	0.00502	0.00482	0.00158	0.00736	0.00387	0.00236	0.00788
30	0.03237	0.01424	0.01825	0.21312	0.10671	0.17436	0.13208	0.01626	0.01194	0.01548	0.00996	0.01343	0.00806	0.00600	0.00726	0.00175	0.13228	0.00479	0.07515	0.00650
31	0.00664	0.00477	0.00630	0.00754	0.00789	0.00443	0.00504	0.00760	0.01049	0.01394	0.03072	0.78465	0.05582	0.01699	0.00694	0.00220	0.00315	0.01539	0.00506	0.00443
32	0.01199	0.01142	0.01942	0.39072	0.42886	0.01256	0.01599	0.01542	0.01170	0.01599	0.00999	0.01398	0.00799	0.00514	0.00542	0.00171	0.00685	0.00485	0.00257	0.00743
33	0.01247	0.15270	0.20653	0.08748	0.02568	0.01469	0.38927	0.01691	0.01207	0.01632	0.01003	0.01293	0.00764	0.00482	0.00555	0.00170	0.00818	0.00513	0.00255	0.00734
34	0.06230	0.27999	0.10799	0.00957	0.01320	0.01291	0.00908	0.04414	0.04505	0.06542	0.01942	0.15651	0.08580	0.00881	0.00514	0.00169	0.00506	0.05750	0.00386	0.00656
35	0.49984	0.01019	0.00938	0.00755	0.01153	0.01017	0.00614	0.01507	0.01012	0.02168	0.00846	0.00987	0.00681	0.00464	0.00365	0.00132	0.00414	0.00307	0.00331	0.35307

[dist]
# distance from previous block
# <min> <max>
0	1

[block]
# block no. 6 follows, 44 sequences, length 43
# corresponding to MSA columns:
# 517-559
name=unknown_G
#
# <colnr> <probs for GDERKNQSTAVLIFYWHMCP>
#	G	D	E	R	K	N	Q	S	T	A	V	L	I	F	Y	W	H	M	C	P
0	0.01236	0.01037	0.01418	0.01197	0.01369	0.01194	0.08182	0.19484	0.01348	0.01861	0.01560	0.19034	0.01602	0.11571	0.03845	0.00270	0.22004	0.00778	0.00391	0.00619
1	0.01213	0.01193	0.01996	0.01500	0.01920	0.03045	0.32871	0.04174	0.09676	0.01905	0.11252	0.03902	0.01605	0.00629	0.00577	0.00160	0.00631	0.02302	0.00380	0.19066
2	0.01066	0.01014	0.01668	0.65608	0.07017	0.01275	0.01480	0.01396	0.01064	0.01401	0.00939	0.01414	0.00732	0.00596	0.00708	0.00188	0.11090	0.00484	0.00243	0.00617
3	0.01886	0.01062	0.01216	0.00996	0.01331	0.05230	0.00803	0.16258	0.06987	0.35497	0.01897	0.01864	0.03422	0.01134	0.10772	0.00257	0.00624	0.00550	0.07413	0.00801
4	0.01193	0.01193	0.01670	0.01431	0.01431	0.01670	0.01193	0.01312	0.00835	0.01312	0.00716	0.01193	0.00716	0.00954	0.01789	0.00239	0.79843	0.00477	0.00239	0.00596
5	0.12988	0.01081	0.01264	0.00996	0.01389	0.01083	0.00818	0.20433	0.04875	0.42043	0.06100	0.01729	0.01378	0.00676	0.00526	0.00168	0.00479	0.00529	0.00589	0.00857
6	0.00686	0.00498	0.00626	0.00718	0.00770	0.00463	0.00484	0.00781	0.01047	0.01368	0.03184	0.57115	0.13677	0.12024	0.00963	0.00258	0.00345	0.04079	0.00483	0.00433
7	0.00712	0.00509	0.00686	0.00798	0.00855	0.00483	0.00575	0.00850	0.01125	0.01503	0.09298	0.60429	0.03651	0.01621	0.00702	0.00223	0.00345	0.14664	0.00513	0.00460
8	0.00769	0.00525	0.00620	0.00654	0.00674	0.00516	0.00405	0.00809	0.00886	0.01174	0.02156	0.18949	0.04467	0.57647	0.02169	0.00440	0.00478	0.05914	0.00382	0.00368
9	0.01118	0.00723	0.00904	0.00790	0.00990	0.00699	0.00613	0.10975	0.01679	0.10315	0.59315	0.03477	0.04192	0.01008	0.00620	0.00170	0.00324	0.00875	0.00601	0.00612
10	0.24482	0.01249	0.01378	0.11445	0.05887	0.01404	0.00977	0.33396	0.06105	0.04654	0.01184	0.01330	0.00887	0.02687	0.00547	0.00178	0.00555	0.00453	0.00432	0.00770
11	0.12496	0.01660	0.01422	0.01242	0.01449	0.29064	0.00985	0.09373	0.02864	0.01780	0.07151	0.01344	0.01100	0.00733	0.00886	0.00180	0.24842	0.00454	0.00335	0.00641
12	0.01349	0.01295	0.02213	0.03346	0.77440	0.01295	0.01673	0.01673	0.01241	0.01781	0.01025	0.01349	0.00864	0.00486	0.00540	0.00162	0.00648	0.00486	0.00270	0.00864
13	0.00734	0.00506	0.00621	0.00685	0.00703	0.00491	0.00430	0.00786	0.00925	0.01233	0.02363	0.40239	0.02787	0.40932	0.01728	0.00375	0.00427	0.03228	0.00419	0.00389
14	0.00726	0.00522	0.00688	0.00717	0.00804	0.00484	0.00511	0.00914	0.01330	0.01848	0.45549	0.36641	0.04488	0.01367	0.00666	0.00193	0.00282	0.01226	0.00560	0.00484
15	0.02243	0.03296	0.01338	0.01011	0.01421	0.00988	0.00833	0.08870	0.11447	0.59408	0.02048	0.01805	0.01336	0.00676	0.00543	0.00169	0.00475	0.00545	0.00635	0.00913
16	0.01162	0.00786	0.01025	0.11900	0.01423	0.00802	0.00771	0.11584	0.01521	0.10709	0.28142	0.12542	0.09367	0.01036	0.00617	0.00183	0.00417	0.04869	0.00526	0.00618
17	0.01565	0.01497	0.01222	0.01102	0.01338	0.31103	0.00851	0.09102	0.03295	0.07723	0.01306	0.01574	0.01072	0.01730	0.25740	0.00383	0.00983	0.00476	0.07308	0.00634
18	0.02028	0.01478	0.01591	0.01233	0.01659	0.01634	0.01014	0.67349	0.08441	0.05846	0.01410	0.01385	0.01000	0.00662	0.00546	0.00165	0.00582	0.00503	0.00550	0.00922
19	0.01719	0.01494	0.01428	0.01203	0.01557	0.11612	0.00954	0.30561	0.38435	0.02598	0.01691	0.01620	0.01257	0.00684	0.00543	0.00171	0.00568	0.00534	0.00515	0.00857
20	0.03283	0.01087	0.01813	0.50043	0.28954	0.01248	0.01540	0.01493	0.01134	0.01552	0.00979	0.01399	0.00770	0.00531	0.00559	0.00176	0.02013	0.00480	0.00254	0.00694
21	0.12295	0.01391	0.02404	0.01769	0.02236	0.03952	0.45069	0.09303	0.01345	0.01978	0.01076	0.02646	0.00843	0.00525	0.00614	0.00173	0.03892	0.00554	0.00318	0.07616
22	0.02446	0.00928	0.01265	0.00970	0.01392	0.00801	0.00801	0.02657	0.01560	0.77817	0.02151	0.01856	0.01350	0.00675	0.00548	0.00169	0.00464	0.00548	0.00675	0.00928
23	0.00917	0.00843	0.01483	0.01466	0.11350	0.00796	0.19153	0.01148	0.01173	0.01576	0.05413	0.38866	0.08688	0.01183	0.00658	0.00200	0.00509	0.03580	0.00422	0.00576
24	0.01330	0.11955	0.20413	0.01090	0.01635	0.01103	0.03584	0.04127	0.01229	0.09754	0.01128	0.02909	0.00887	0.00507	0.00459	0.00127	0.00555	0.00405	0.00335	0.36466
25	0.00693	0.00495	0.00657	0.00758	0.00806	0.00464	0.00522	0.00814	0.01114	0.01500	0.12682	0.64673	0.03742	0.03645	0.00745	0.00224	0.00324	0.05177	0.00514	0.00452
26	0.02195	0.01415	0.01504	0.01171	0.01590	0.07751	0.00959	0.45079	0.02143	0.28212	0.01553	0.01465	0.01050	0.00654	0.00542	0.00163	0.00586	0.00499	0.00567	0.00903
27	0.01669	0.00964	0.01190	0.00889	0.01339	0.00791	0.00720	0.01969	0.05431	0.32191	0.01510	0.01470	0.01071	0.00530	0.00470	0.00122	0.00429	0.00429	0.00476	0.46341
28	0.01767	0.01070	0.01327	0.11303	0.01691	0.01112	0.00915	0.24565	0.06433	0.25497	0.12245	0.01941	0.01677	0.00708	0.00552	0.00167	0.00502	0.00580	0.02656	0.03291
29	0.01458	0.81168	0.02857	0.00933	0.01399	0.02157	0.00933	0.01632	0.01108	0.01283	0.00758	0.00875	0.00700	0.00466	0.00350	0.00117	0.00583	0.00292	0.00233	0.00700
30	0.00707	0.00509	0.00675	0.00791	0.00848	0.00481	0.00568	0.00832	0.01089	0.01435	0.03091	0.60340	0.07514	0.03461	0.00752	0.00232	0.00355	0.15366	0.00501	0.00453
31	0.00711	0.00502	0.00638	0.00705	0.00747	0.00475	0.00464	0.00810	0.01068	0.01441	0.14578	0.48861	0.04814	0.20187	0.01175	0.00285	0.00356	0.01275	0.00480	0.00428
32	0.00845	0.00616	0.00736	0.00704	0.00704	0.00678	0.00443	0.00861	0.00798	0.01090	0.01586	0.03256	0.01816	0.70373	0.02646	0.00491	0.10921	0.00751	0.00318	0.00365
33	0.00662	0.00485	0.00622	0.00732	0.00784	0.00445	0.00494	0.00762	0.01070	0.01402	0.03335	0.70626	0.13252	0.01665	0.00689	0.00217	0.00311	0.01498	0.00506	0.00445
34	0.04175	0.01491	0.01605	0.01511	0.11544	0.14933	0.05108	0.21406	0.14482	0.13809	0.01556	0.01563	0.03044	0.00638	0.00539	0.00165	0.00628	0.00516	0.00462	0.00824
35	0.00684	0.00514	0.00639	0.00726	0.00812	0.00469	0.00520	0.00812	0.01135	0.01463	0.05891	0.49770	0.23815	0.01579	0.00686	0.00213	0.00323	0.08984	0.00508	0.00456
36	0.00724	0.00521	0.00695	0.00803	0.00857	0.00507	0.00574	0.00871	0.02405	0.01423	0.02821	0.58765	0.03289	0.05841	0.05084	0.00277	0.00422	0.13180	0.00486	0.00457
37	0.12584	0.01072	0.01135	0.00929	0.01261	0.01141	0.00752	0.29042	0.07166	0.14198	0.01869	0.01853	0.07371	0.00700	0.00496	0.00161	0.00451	0.00541	0.16521	0.00760
38	0.01136	0.01119	0.01973	0.50203	0.03225	0.01272	0.19669	0.01677	0.11014	0.01596	0.01166	0.01534	0.00874	0.00549	0.00571	0.00183	0.00736	0.00541	0.00291	0.00671
39	0.01768	0.01159	0.01601	0.01361	0.05782	0.01177	0.10704	0.23006	0.08762	0.22753	0.01813	0.02247	0.01417	0.00752	0.00584	0.00181	0.00569	0.10844	0.02698	0.00822
40	0.00840	0.00625	0.00808	0.00837	0.00921	0.00645	0.00607	0.07085	0.01224	0.01668	0.13576	0.50163	0.03272	0.02755	0.05972	0.00259	0.04652	0.03094	0.00492	0.00505
41	0.13685	0.06926	0.06261	0.01710	0.02181	0.07405	0.41398	0.03272	0.04017	0.01863	0.05216	0.01449	0.01036	0.00528	0.00555	0.00172	0.00761	0.00547	0.00314	0.00703
42	0.12398	0.01085	0.02776	0.30872	0.04864	0.01182	0.01140	0.15334	0.01433	0.13748	0.01380	0.03049	0.01091	0.00676	0.00537	0.00180	0.00596	0.06541	0.00404	0.00714

[dist]
# distance from previous block
# <min> <max>
1	18

[block]
# block no. 7 follows, 44 sequences, length 11
# corresponding to MSA columns:
# 578-588
name=unknown_H
#
# <colnr> <probs for GDERKNQSTAVLIFYWHMCP>
#	G	D	E	R	K	N	Q	S	T	A	V	L	I	F	Y	W	H	M	C	P
0	0.01447	0.01527	0.01636	0.01321	0.01654	0.23278	0.16706	0.13811	0.01540	0.01818	0.02266	0.02328	0.21886	0.00791	0.00618	0.00167	0.03427	0.00661	0.00385	0.02733
1	0.01336	0.05192	0.15472	0.26600	0.14684	0.01353	0.01433	0.17785	0.03246	0.02018	0.04850	0.01467	0.01026	0.00584	0.00535	0.00169	0.00663	0.00490	0.00336	0.00760
2	0.01850	0.01121	0.01264	0.01023	0.01378	0.01183	0.00828	0.28269	0.17468	0.23221	0.01806	0.01729	0.01274	0.00675	0.00521	0.00163	0.00470	0.00536	0.14378	0.00845
3	0.00980	0.00879	0.01382	0.03773	0.01408	0.00984	0.11347	0.01232	0.01262	0.01786	0.33020	0.03141	0.02923	0.01015	0.00962	0.00203	0.21680	0.11022	0.00432	0.00569
4	0.01594	0.00748	0.00974	0.00831	0.01115	0.00647	0.00649	0.01774	0.01378	0.40080	0.08511	0.19182	0.13705	0.01021	0.00594	0.00178	0.00385	0.00874	0.00589	0.05172
5	0.00733	0.00556	0.00675	0.00645	0.00791	0.00498	0.00484	0.00953	0.01451	0.01968	0.55218	0.04432	0.27214	0.01196	0.00643	0.00175	0.00263	0.01036	0.00571	0.00498
6	0.00790	0.00538	0.00641	0.00641	0.00657	0.00554	0.00388	0.00823	0.00807	0.01092	0.01675	0.03332	0.01880	0.68133	0.15342	0.00586	0.00683	0.00758	0.00324	0.00356
7	0.00664	0.00474	0.00633	0.00759	0.00791	0.00443	0.00506	0.00759	0.01044	0.01392	0.03005	0.80485	0.03606	0.01708	0.00696	0.00221	0.00316	0.01550	0.00506	0.00443
8	0.01298	0.01421	0.02888	0.02101	0.02612	0.01375	0.63109	0.01937	0.13732	0.01835	0.01288	0.01564	0.00966	0.00506	0.00629	0.00184	0.00838	0.00639	0.00322	0.00756
9	0.77470	0.01007	0.00776	0.00699	0.01018	0.01161	0.00572	0.01574	0.00946	0.02410	0.00847	0.00985	0.00660	0.00517	0.00341	0.00165	0.00407	0.00314	0.07546	0.00583
10	0.01169	0.00866	0.00930	0.00830	0.01031	0.06451	0.00637	0.12175	0.01619	0.07367	0.41719	0.08884	0.07534	0.01008	0.00601	0.00170	0.00380	0.00861	0.05165	0.00603

[dist]
# distance from previous block
# <min> <max>
0	4

[block]
# block no. 8 follows, 44 sequences, length 48
# corresponding to MSA columns:
# 593-640
name=unknown_I
#
# <colnr> <probs for GDERKNQSTAVLIFYWHMCP>
#	G	D	E	R	K	N	Q	S	T	A	V	L	I	F	Y	W	H	M	C	P
0	0.01403	0.01567	0.01832	0.01507	0.01757	0.23897	0.18643	0.01718	0.06268	0.01522	0.04451	0.03026	0.01117	0.01033	0.08411	0.00252	0.20105	0.00543	0.00307	0.00640
1	0.02023	0.01327	0.01551	0.01213	0.01576	0.01470	0.01004	0.45877	0.02041	0.21267	0.01419	0.01424	0.00996	0.00707	0.00746	0.00177	0.13276	0.00503	0.00528	0.00874
2	0.71235	0.00970	0.00768	0.00697	0.00981	0.01112	0.00549	0.01473	0.00906	0.02223	0.00913	0.01316	0.00814	0.13391	0.00728	0.00226	0.00439	0.00375	0.00336	0.00549
3	0.01016	0.00508	0.00508	0.00508	0.00635	0.00508	0.00381	0.01270	0.01143	0.02033	0.01778	0.02033	0.01397	0.00635	0.00381	0.00127	0.00254	0.00508	0.83867	0.00508
4	0.00728	0.00543	0.00677	0.00670	0.00794	0.00492	0.00492	0.00934	0.01400	0.01910	0.50325	0.16573	0.19925	0.01265	0.00652	0.00182	0.00271	0.01111	0.00565	0.00492
5	0.01130	0.00969	0.01130	0.00807	0.01292	0.00727	0.00646	0.01373	0.01130	0.01776	0.00969	0.01130	0.00807	0.00404	0.00404	0.00081	0.00404	0.00323	0.00323	0.84173
