[name]
unknown

[dist]
# distance from previous block
# <min> <max>
5	38

[block]
# block no. 0 follows, 37 sequences, length 35
# corresponding to MSA columns:
# 38-72
name=unknown_A
#
# <colnr> <probs for GDERKNQSTAVLIFYWHMCP>
#	G	D	E	R	K	N	Q	S	T	A	V	L	I	F	Y	W	H	M	C	P
0	0.02022	0.00929	0.01225	0.01009	0.01353	0.00873	0.00813	0.05757	0.03453	0.42789	0.12727	0.02485	0.02129	0.01407	0.12022	0.00307	0.00646	0.00689	0.06501	0.00863
1	0.00822	0.00611	0.00766	0.00755	0.00895	0.00554	0.00556	0.01059	0.01587	0.02175	0.51330	0.15923	0.17892	0.01406	0.00731	0.00204	0.00303	0.01236	0.00639	0.00554
2	0.01203	0.01080	0.01864	0.01414	0.01816	0.00962	0.25370	0.01548	0.01508	0.05259	0.24161	0.03024	0.11673	0.00869	0.00669	0.00180	0.00588	0.00841	0.00482	0.15489
3	0.01963	0.22916	0.02226	0.01751	0.12795	0.41850	0.01242	0.02231	0.04676	0.01605	0.01019	0.01185	0.00862	0.00598	0.00521	0.00156	0.00900	0.00412	0.00313	0.00780
4	0.01141	0.00571	0.00571	0.00571	0.00713	0.00571	0.00428	0.01426	0.01284	0.02282	0.01997	0.02282	0.01569	0.00713	0.00428	0.00143	0.00285	0.00571	0.81886	0.00571
5	0.08925	0.12071	0.05339	0.01246	0.01661	0.20802	0.01055	0.23419	0.03182	0.02382	0.01915	0.01944	0.12003	0.00783	0.00563	0.00175	0.00718	0.00572	0.00445	0.00802
6	0.01255	0.32555	0.02063	0.12552	0.01774	0.01606	0.01046	0.01452	0.01170	0.01495	0.01587	0.21788	0.01695	0.01149	0.03828	0.00227	0.10965	0.00779	0.00349	0.00667
7	0.01642	0.01332	0.02217	0.15408	0.52026	0.01355	0.01701	0.01994	0.01420	0.12977	0.01332	0.01620	0.01027	0.00588	0.00608	0.00187	0.00711	0.00556	0.00367	0.00933
8	0.00852	0.00650	0.00929	0.00929	0.01053	0.00728	0.00720	0.01061	0.01046	0.01456	0.02329	0.02932	0.12549	0.04131	0.64673	0.00866	0.01439	0.00752	0.00364	0.00542
9	0.20180	0.00931	0.00998	0.00892	0.01149	0.00980	0.00681	0.01891	0.14638	0.11956	0.23705	0.02910	0.02776	0.12626	0.00972	0.00255	0.00444	0.00754	0.00562	0.00699
10	0.01321	0.01291	0.01782	0.04572	0.01690	0.01694	0.01261	0.01487	0.00999	0.01556	0.00858	0.01341	0.00820	0.00959	0.01717	0.00238	0.62623	0.00510	0.00282	0.12999
11	0.02353	0.01414	0.01943	0.01504	0.03611	0.01412	0.11843	0.30787	0.02150	0.33750	0.01828	0.01759	0.01224	0.00707	0.00630	0.00190	0.00664	0.00604	0.00621	0.01007
12	0.22607	0.20340	0.23739	0.01164	0.01702	0.01535	0.01240	0.03511	0.03080	0.02170	0.12090	0.01664	0.01537	0.00675	0.00506	0.00177	0.00623	0.00498	0.00371	0.00768
13	0.02092	0.16294	0.08348	0.01436	0.01901	0.30293	0.01244	0.26890	0.02008	0.02352	0.01125	0.01226	0.00875	0.00644	0.00547	0.00165	0.00854	0.00442	0.00405	0.00856
14	0.00766	0.00605	0.00690	0.00705	0.00862	0.00529	0.00515	0.00947	0.01443	0.01850	0.23866	0.19392	0.42577	0.01541	0.00734	0.00211	0.00313	0.01329	0.00597	0.00529
15	0.02107	0.01555	0.01708	0.01344	0.01777	0.01727	0.01103	0.61814	0.02592	0.03489	0.01495	0.01611	0.01115	0.01318	0.12018	0.00305	0.00820	0.00567	0.00569	0.00966
16	0.00928	0.00676	0.00883	0.12247	0.01256	0.00730	0.00620	0.01017	0.00952	0.01272	0.01767	0.03453	0.01928	0.57763	0.11575	0.00582	0.00754	0.00809	0.00351	0.00439
17	0.01268	0.01231	0.01715	0.01481	0.01502	0.01679	0.01224	0.01425	0.01058	0.01622	0.11920	0.01828	0.01555	0.01099	0.01814	0.00256	0.65716	0.00622	0.00329	0.00656
18	0.13696	0.01303	0.02049	0.25422	0.42296	0.01414	0.01641	0.01772	0.01289	0.01981	0.01087	0.01472	0.00877	0.00569	0.00573	0.00190	0.00716	0.00513	0.00305	0.00836
19	0.00890	0.00593	0.00668	0.00668	0.00668	0.00593	0.00371	0.00890	0.00890	0.01187	0.01929	0.04006	0.02225	0.78487	0.03116	0.00593	0.00593	0.00890	0.00371	0.00371
20	0.01269	0.01088	0.01269	0.00907	0.01451	0.00816	0.00725	0.01541	0.01269	0.01995	0.01088	0.01269	0.00907	0.00453	0.00453	0.00091	0.00453	0.00363	0.00363	0.82229
21	0.00812	0.00561	0.00691	0.00768	0.00787	0.00541	0.00478	0.00870	0.01043	0.01390	0.02712	0.44144	0.03213	0.37002	0.01851	0.00407	0.00464	0.01351	0.00478	0.00439
22	0.01470	0.01408	0.02403	0.13023	0.65758	0.01442	0.01856	0.01839	0.01372	0.01945	0.01143	0.01530	0.00950	0.00554	0.00607	0.00185	0.00738	0.00545	0.00299	0.00933
23	0.01367	0.01327	0.01906	0.57114	0.12413	0.07807	0.01645	0.05961	0.01388	0.01749	0.01107	0.01563	0.00846	0.00613	0.00606	0.00196	0.00821	0.00532	0.00300	0.00739
24	0.01674	0.01394	0.05402	0.08717	0.27646	0.01260	0.09583	0.05077	0.01487	0.15098	0.01382	0.01586	0.01032	0.00579	0.00593	0.00172	0.00689	0.00541	0.00405	0.15684
25	0.01567	0.44918	0.26207	0.01364	0.02003	0.05206	0.04627	0.01942	0.01309	0.04394	0.01011	0.01158	0.00816	0.00555	0.00483	0.00158	0.00766	0.00399	0.00284	0.00832
26	0.00746	0.00533	0.00710	0.00852	0.00888	0.00497	0.00568	0.00852	0.01172	0.01563	0.03374	0.78088	0.04049	0.01918	0.00781	0.00249	0.00355	0.01740	0.00568	0.00497
27	0.00774	0.00551	0.00732	0.00867	0.00910	0.00520	0.00595	0.00890	0.01179	0.01568	0.03292	0.68280	0.03914	0.05626	0.00901	0.00268	0.00385	0.07692	0.00558	0.00497
28	0.01483	0.01649	0.08105	0.02919	0.34071	0.01487	0.31228	0.05376	0.01481	0.02061	0.01341	0.01676	0.02994	0.00573	0.00656	0.00194	0.00853	0.00634	0.00325	0.00896
29	0.01400	0.01889	0.21012	0.09329	0.38121	0.01454	0.14127	0.01881	0.01362	0.01940	0.01148	0.01492	0.00900	0.00555	0.00620	0.00191	0.00832	0.00552	0.00290	0.00904
30	0.01063	0.00532	0.00797	0.00797	0.00797	0.00532	0.00532	0.00797	0.00797	0.01063	0.01063	0.01861	0.01063	0.02127	0.02392	0.82190	0.00532	0.00532	0.00266	0.00266
31	0.01120	0.01588	0.21816	0.03220	0.20261	0.01077	0.05414	0.01507	0.01359	0.01865	0.06202	0.10913	0.19159	0.00979	0.00659	0.00201	0.00633	0.00866	0.00401	0.00759
32	0.04054	0.23434	0.18610	0.01564	0.05628	0.04825	0.10751	0.02185	0.01430	0.19883	0.01362	0.01443	0.00988	0.00600	0.00550	0.00175	0.00745	0.00492	0.00397	0.00883
33	0.00890	0.00593	0.00668	0.00668	0.00668	0.00593	0.00371	0.00890	0.00890	0.01187	0.01929	0.04006	0.02225	0.78487	0.03116	0.00593	0.00593	0.00890	0.00371	0.00371
34	0.01540	0.01071	0.01181	0.01044	0.01376	0.01126	0.00817	0.02549	0.39853	0.16342	0.03495	0.03236	0.21725	0.01014	0.00649	0.00204	0.00444	0.00842	0.00634	0.00859

[dist]
# distance from previous block
# <min> <max>
0	2

[block]
# block no. 1 follows, 37 sequences, length 45
# corresponding to MSA columns:
# 75-78,91-113,116-133
name=unknown_B
#
# <colnr> <probs for GDERKNQSTAVLIFYWHMCP>
#	G	D	E	R	K	N	Q	S	T	A	V	L	I	F	Y	W	H	M	C	P
0	0.17166	0.01685	0.05236	0.01993	0.02507	0.09597	0.43949	0.01914	0.01377	0.02036	0.01258	0.06121	0.01047	0.00627	0.00636	0.00200	0.00886	0.00664	0.00338	0.00764
1	0.01156	0.01088	0.01836	0.77016	0.04216	0.01360	0.01700	0.01564	0.01224	0.01564	0.01088	0.01632	0.00816	0.00612	0.00612	0.00204	0.00816	0.00544	0.00272	0.00680
2	0.34177	0.11038	0.05915	0.01185	0.01644	0.08245	0.02859	0.22111	0.03364	0.02723	0.01099	0.01202	0.00838	0.00621	0.00489	0.00179	0.00648	0.00425	0.00423	0.00815
3	0.26690	0.01402	0.07189	0.01114	0.01610	0.04141	0.04592	0.04171	0.03914	0.15472	0.01319	0.01388	0.00966	0.00586	0.00498	0.00163	0.00571	0.00443	0.00443	0.23328
4	0.04438	0.27164	0.02861	0.01751	0.03881	0.11192	0.25925	0.04817	0.01441	0.04902	0.01093	0.01330	0.00878	0.00587	0.00644	0.00176	0.05279	0.00512	0.00325	0.00804
5	0.01063	0.00532	0.00797	0.00797	0.00797	0.00532	0.00532	0.00797	0.00797	0.01063	0.01063	0.01861	0.01063	0.02127	0.02392	0.82190	0.00532	0.00532	0.00266	0.00266
6	0.01149	0.00993	0.01466	0.03979	0.01582	0.01110	0.08340	0.05001	0.01357	0.01827	0.05576	0.04252	0.10321	0.05758	0.01190	0.00269	0.18076	0.26671	0.00456	0.00628
7	0.01489	0.01081	0.01292	0.00934	0.01467	0.00828	0.00751	0.01756	0.01341	0.12868	0.01285	0.01390	0.00997	0.00499	0.00477	0.00105	0.00463	0.00400	0.00421	0.70153
8	0.02206	0.01654	0.01769	0.01384	0.01852	0.01842	0.01134	0.62196	0.13507	0.03663	0.01623	0.01592	0.01165	0.00749	0.00614	0.00187	0.00645	0.00572	0.00614	0.01030
9	0.01404	0.01341	0.02284	0.26391	0.52902	0.01425	0.01823	0.01781	0.01341	0.01865	0.01132	0.01551	0.00922	0.00566	0.00608	0.00189	0.00755	0.00545	0.00293	0.00880
10	0.01063	0.00532	0.00797	0.00797	0.00797	0.00532	0.00532	0.00797	0.00797	0.01063	0.01063	0.01861	0.01063	0.02127	0.02392	0.82190	0.00532	0.00532	0.00266	0.00266
11	0.02327	0.01715	0.01837	0.01408	0.01898	0.01898	0.01163	0.72628	0.02878	0.03858	0.01470	0.01470	0.01041	0.00735	0.00612	0.00184	0.00674	0.00551	0.00612	0.01041
12	0.02481	0.01135	0.01417	0.01101	0.01542	0.01078	0.00905	0.17787	0.01943	0.51808	0.02166	0.01973	0.01419	0.00748	0.00594	0.00183	0.00528	0.00597	0.09605	0.00990
13	0.00779	0.00594	0.00716	0.00744	0.00876	0.00531	0.00536	0.00964	0.01438	0.01895	0.28300	0.28345	0.28936	0.01566	0.00741	0.00215	0.00317	0.01372	0.00604	0.00531
14	0.01141	0.00571	0.00571	0.00571	0.00713	0.00571	0.00428	0.01426	0.01284	0.02282	0.01997	0.02282	0.01569	0.00713	0.00428	0.00143	0.00285	0.00571	0.81886	0.00571
15	0.02327	0.01715	0.01837	0.01408	0.01898	0.01898	0.01163	0.72628	0.02878	0.03858	0.01470	0.01470	0.01041	0.00735	0.00612	0.00184	0.00674	0.00551	0.00612	0.01041
16	0.01156	0.01088	0.01836	0.77016	0.04216	0.01360	0.01700	0.01564	0.01224	0.01564	0.01088	0.01632	0.00816	0.00612	0.00612	0.00204	0.00816	0.00544	0.00272	0.00680
17	0.01339	0.01339	0.01875	0.01607	0.01607	0.01875	0.01339	0.01473	0.00937	0.01473	0.00804	0.01339	0.00804	0.01071	0.02009	0.00268	0.77367	0.00536	0.00268	0.00670
18	0.00890	0.00593	0.00668	0.00668	0.00668	0.00593	0.00371	0.00890	0.00890	0.01187	0.01929	0.04006	0.02225	0.78487	0.03116	0.00593	0.00593	0.00890	0.00371	0.00371
19	0.02719	0.00935	0.01468	0.23108	0.10405	0.00991	0.05223	0.02872	0.01472	0.02037	0.28397	0.11377	0.04515	0.01002	0.00675	0.00202	0.00553	0.00907	0.00474	0.00667
20	0.01571	0.42096	0.15266	0.01141	0.01732	0.01768	0.01177	0.01877	0.01298	0.07466	0.01071	0.01187	0.00868	0.00537	0.00457	0.00138	0.00643	0.00380	0.00323	0.19004
21	0.03390	0.09977	0.29680	0.01450	0.02085	0.01654	0.01521	0.26441	0.07625	0.08250	0.01409	0.01456	0.01010	0.00662	0.00575	0.00185	0.00728	0.00503	0.00450	0.00950
22	0.01637	0.78856	0.03208	0.01047	0.01571	0.02422	0.01047	0.01833	0.01244	0.01440	0.00851	0.00982	0.00786	0.00524	0.00393	0.00131	0.00655	0.00327	0.00262	0.00786
23	0.00890	0.00593	0.00668	0.00668	0.00668	0.00593	0.00371	0.00890	0.00890	0.01187	0.01929	0.04006	0.02225	0.78487	0.03116	0.00593	0.00593	0.00890	0.00371	0.00371
24	0.01822	0.02011	0.01940	0.21538	0.19083	0.33563	0.01473	0.07946	0.01621	0.01826	0.01073	0.01364	0.00858	0.00615	0.00585	0.00177	0.00908	0.00480	0.00326	0.00789
25	0.07891	0.18297	0.01450	0.00947	0.04064	0.01280	0.00752	0.12156	0.01497	0.02354	0.01539	0.01739	0.01220	0.00656	0.00451	0.00151	0.00458	0.00493	0.41894	0.00712
26	0.01668	0.01045	0.01165	0.00988	0.01272	0.01104	0.00783	0.26526	0.01872	0.10190	0.02140	0.10813	0.04539	0.00909	0.00618	0.00181	0.03049	0.00731	0.29630	0.00777
27	0.02134	0.01890	0.01553	0.01403	0.04547	0.35362	0.01049	0.02335	0.01648	0.23373	0.06849	0.01880	0.04488	0.00770	0.00679	0.00177	0.05514	0.00562	0.00481	0.03306
28	0.04954	0.12708	0.12628	0.01313	0.01705	0.29032	0.01167	0.01974	0.01428	0.07414	0.01412	0.09761	0.01280	0.01207	0.09147	0.00267	0.00920	0.00586	0.00366	0.00732
29	0.01156	0.01088	0.01836	0.77016	0.04216	0.01360	0.01700	0.01564	0.01224	0.01564	0.01088	0.01632	0.00816	0.00612	0.00612	0.00204	0.00816	0.00544	0.00272	0.00680
30	0.01464	0.01402	0.02393	0.14158	0.64667	0.01441	0.01853	0.01834	0.01370	0.01938	0.01142	0.01532	0.00948	0.00555	0.00607	0.00185	0.00740	0.00545	0.00299	0.00928
31	0.01520	0.01522	0.01297	0.01184	0.01493	0.17933	0.00907	0.02557	0.41866	0.02127	0.02952	0.02803	0.17377	0.00942	0.00629	0.00196	0.00585	0.00756	0.00542	0.00813
32	0.00746	0.00533	0.00710	0.00852	0.00888	0.00497	0.00568	0.00852	0.01172	0.01563	0.03374	0.78088	0.04049	0.01918	0.00781	0.00249	0.00355	0.01740	0.00568	0.00497
33	0.01516	0.01375	0.02141	0.02972	0.52535	0.01420	0.01584	0.09552	0.04566	0.02148	0.01528	0.04849	0.03827	0.03445	0.00762	0.00205	0.03658	0.00639	0.00372	0.00909
34	0.01633	0.01398	0.02168	0.02956	0.52582	0.01387	0.01583	0.10569	0.01587	0.06449	0.01472	0.01708	0.04114	0.00616	0.00600	0.00176	0.00669	0.00567	0.00383	0.07379
35	0.02068	0.02067	0.01635	0.01416	0.01786	0.32824	0.01100	0.18587	0.24936	0.04967	0.01610	0.01598	0.01216	0.00723	0.00590	0.00181	0.00788	0.00533	0.00496	0.00879
36	0.02746	0.01042	0.01421	0.01089	0.01563	0.00900	0.00900	0.02983	0.01752	0.75093	0.02415	0.02083	0.01515	0.00758	0.00616	0.00189	0.00521	0.00616	0.00758	0.01042
37	0.00851	0.00625	0.00797	0.00754	0.00905	0.00571	0.00565	0.01125	0.01696	0.02367	0.66888	0.04717	0.13288	0.01284	0.00722	0.00194	0.00291	0.01127	0.00662	0.00571
38	0.01269	0.01088	0.01269	0.00907	0.01451	0.00816	0.00725	0.01541	0.01269	0.01995	0.01088	0.01269	0.00907	0.00453	0.00453	0.00091	0.00453	0.00363	0.00363	0.82229
39	0.02061	0.01526	0.01626	0.01293	0.01722	0.01695	0.01053	0.52926	0.15326	0.03464	0.01706	0.01698	0.01243	0.00750	0.00595	0.00184	0.00600	0.00578	0.08973	0.00980
40	0.00810	0.00603	0.00754	0.00759	0.00891	0.00547	0.00553	0.01031	0.01537	0.02091	0.44536	0.21778	0.18928	0.01464	0.00736	0.00208	0.00308	0.01289	0.00629	0.00547
41	0.01103	0.01000	0.01632	0.59398	0.03492	0.01222	0.01491	0.01453	0.01217	0.01573	0.01491	0.09201	0.01375	0.02855	0.00755	0.00227	0.03102	0.06443	0.00326	0.00645
42	0.05943	0.01127	0.05430	0.00966	0.01212	0.09517	0.00785	0.01527	0.05697	0.05825	0.28272	0.14049	0.13502	0.01193	0.00673	0.00201	0.00473	0.02403	0.00559	0.00644
43	0.01678	0.05948	0.01733	0.04607	0.06972	0.07372	0.06305	0.11009	0.03242	0.12074	0.03955	0.09394	0.01492	0.00752	0.00584	0.00166	0.00620	0.00641	0.00464	0.20993
44	0.03130	0.11836	0.19247	0.01584	0.11803	0.01393	0.01342	0.05860	0.03563	0.04463	0.04433	0.05644	0.04153	0.00753	0.00673	0.00180	0.06592	0.00591	0.03317	0.09443

[dist]
# distance from previous block
# <min> <max>
24	70

[block]
# block no. 2 follows, 37 sequences, length 12
# corresponding to MSA columns:
# 225-236
name=unknown_C
#
# <colnr> <probs for GDERKNQSTAVLIFYWHMCP>
#	G	D	E	R	K	N	Q	S	T	A	V	L	I	F	Y	W	H	M	C	P
0	0.29172	0.00956	0.00959	0.00884	0.01158	0.01005	0.00679	0.05497	0.07212	0.02367	0.11655	0.20897	0.02373	0.01021	0.00568	0.00194	0.00423	0.00840	0.03242	0.08898
1	0.01432	0.01116	0.01306	0.01106	0.01411	0.05940	0.04724	0.05807	0.12869	0.10663	0.20552	0.08392	0.08903	0.01003	0.00698	0.00190	0.03179	0.00850	0.00565	0.09295
2	0.01464	0.14192	0.08780	0.12655	0.47393	0.01597	0.01753	0.01835	0.01339	0.01847	0.01090	0.01424	0.00903	0.00554	0.00570	0.00177	0.00742	0.00502	0.00288	0.00896
3	0.04809	0.01042	0.01157	0.00970	0.01291	0.01057	0.00768	0.21063	0.04885	0.15141	0.05854	0.03174	0.21632	0.06224	0.03464	0.00246	0.00524	0.00812	0.05115	0.00773
4	0.01656	0.01603	0.01583	0.01631	0.11848	0.14735	0.01117	0.06469	0.42969	0.02312	0.02178	0.02121	0.05488	0.00789	0.00613	0.00194	0.00629	0.00644	0.00520	0.00902
5	0.01141	0.00571	0.00571	0.00571	0.00713	0.00571	0.00428	0.01426	0.01284	0.02282	0.01997	0.02282	0.01569	0.00713	0.00428	0.00143	0.00285	0.00571	0.81886	0.00571
6	0.01156	0.01088	0.01836	0.77016	0.04216	0.01360	0.01700	0.01564	0.01224	0.01564	0.01088	0.01632	0.00816	0.00612	0.00612	0.00204	0.00816	0.00544	0.00272	0.00680
7	0.00817	0.00575	0.00694	0.00745	0.00790	0.00548	0.00475	0.00898	0.01120	0.01488	0.09391	0.33185	0.09466	0.34969	0.01781	0.00389	0.00448	0.01277	0.00492	0.00451
8	0.01141	0.00571	0.00571	0.00571	0.00713	0.00571	0.00428	0.01426	0.01284	0.02282	0.01997	0.02282	0.01569	0.00713	0.00428	0.00143	0.00285	0.00571	0.81886	0.00571
9	0.82811	0.01184	0.00900	0.00805	0.01184	0.01373	0.00663	0.01799	0.01042	0.02746	0.00852	0.00994	0.00663	0.00568	0.00379	0.00189	0.00474	0.00331	0.00379	0.00663
10	0.01643	0.01553	0.08153	0.01270	0.01683	0.07430	0.04951	0.27089	0.07767	0.04490	0.11719	0.02718	0.15028	0.00923	0.00646	0.00191	0.00615	0.00758	0.00544	0.00829
11	0.01804	0.01108	0.01283	0.01056	0.01390	0.01142	0.00841	0.23779	0.08839	0.18175	0.20001	0.02628	0.02497	0.03897	0.00721	0.00201	0.00486	0.00732	0.08574	0.00847

[dist]
# distance from previous block
# <min> <max>
1	3

[block]
# block no. 3 follows, 37 sequences, length 7
# corresponding to MSA columns:
# 240-246
name=unknown_D
#
# <colnr> <probs for GDERKNQSTAVLIFYWHMCP>
#	G	D	E	R	K	N	Q	S	T	A	V	L	I	F	Y	W	H	M	C	P
0	0.01935	0.06963	0.01543	0.01152	0.01547	0.18950	0.00913	0.09198	0.01582	0.17620	0.01358	0.01484	0.01035	0.00818	0.00783	0.11118	0.00670	0.00464	0.00442	0.20425
1	0.01472	0.00764	0.00981	0.00996	0.06914	0.00719	0.00690	0.01753	0.01511	0.19033	0.19922	0.02741	0.02549	0.00843	0.00558	0.00169	0.00376	0.00712	0.36584	0.00713
2	0.01610	0.12128	0.06670	0.01263	0.01686	0.01280	0.10505	0.11524	0.03693	0.14875	0.22230	0.02606	0.05590	0.00853	0.00631	0.00185	0.00579	0.00740	0.00540	0.00812
3	0.12844	0.01640	0.01720	0.01640	0.11809	0.07676	0.01166	0.36580	0.13694	0.03054	0.01465	0.01514	0.01093	0.00693	0.00577	0.00186	0.00659	0.00531	0.00516	0.00942
4	0.00841	0.00573	0.00682	0.00730	0.00742	0.00561	0.00438	0.00877	0.00986	0.01314	0.02419	0.29156	0.02844	0.52492	0.02323	0.00476	0.00513	0.01179	0.00438	0.00414
5	0.06840	0.19988	0.06279	0.01016	0.01301	0.01242	0.00867	0.09171	0.01377	0.01893	0.02226	0.40506	0.02474	0.01267	0.00627	0.00205	0.00507	0.01083	0.00465	0.00666
6	0.01667	0.01378	0.01612	0.01740	0.17751	0.07757	0.01127	0.07480	0.24159	0.09897	0.11489	0.02167	0.01935	0.00766	0.00613	0.00184	0.00581	0.00648	0.00527	0.06522

[dist]
# distance from previous block
# <min> <max>
0	1

[block]
# block no. 4 follows, 37 sequences, length 20
# corresponding to MSA columns:
# 248-267
name=unknown_E
#
# <colnr> <probs for GDERKNQSTAVLIFYWHMCP>
#	G	D	E	R	K	N	Q	S	T	A	V	L	I	F	Y	W	H	M	C	P
0	0.01558	0.01453	0.01249	0.01153	0.01375	0.20961	0.00860	0.17704	0.01682	0.02068	0.01985	0.24997	0.02043	0.07293	0.06291	0.00284	0.00735	0.00906	0.04729	0.00676
1	0.01129	0.00857	0.01130	0.16190	0.01652	0.00942	0.00838	0.10850	0.01390	0.01881	0.13898	0.05250	0.02342	0.27330	0.11335	0.00433	0.00728	0.00805	0.00435	0.00586
2	0.01232	0.02540	0.52024	0.01661	0.02379	0.01365	0.07321	0.01810	0.01302	0.01939	0.06384	0.01560	0.01162	0.00660	0.00724	0.00194	0.07847	0.00521	0.00301	0.07074
3	0.01321	0.00969	0.01208	0.01113	0.01281	0.01082	0.00857	0.11118	0.06980	0.08684	0.02663	0.33804	0.08088	0.01368	0.00973	0.00232	0.15911	0.01118	0.00535	0.00693
4	0.01032	0.01125	0.13404	0.00990	0.01223	0.00862	0.00864	0.06599	0.01186	0.01631	0.02074	0.08138	0.06757	0.31373	0.19560	0.00538	0.00866	0.00820	0.00387	0.00572
5	0.37635	0.01421	0.13532	0.01028	0.01480	0.01189	0.00975	0.02018	0.06216	0.15207	0.07265	0.01930	0.06319	0.00741	0.00521	0.00193	0.00530	0.00551	0.00477	0.00775
6	0.01094	0.00708	0.00971	0.01014	0.02693	0.00673	0.00801	0.01365	0.01559	0.08794	0.32554	0.09964	0.04250	0.01414	0.00764	0.00232	0.00436	0.29474	0.00622	0.00618
7	0.00750	0.00610	0.00665	0.00676	0.00850	0.00524	0.00498	0.00922	0.01423	0.01777	0.17308	0.15106	0.53661	0.01548	0.00731	0.00210	0.00312	0.01319	0.00586	0.00524
8	0.18626	0.01339	0.02409	0.14558	0.02702	0.01374	0.36372	0.01773	0.01318	0.02045	0.01381	0.02163	0.01177	0.00690	0.00646	0.00212	0.00819	0.09314	0.00350	0.00734
9	0.01502	0.01441	0.02461	0.06398	0.72130	0.01451	0.01872	0.01867	0.01388	0.01984	0.01149	0.01519	0.00964	0.00548	0.00606	0.00183	0.00730	0.00545	0.00302	0.00959
10	0.01060	0.00596	0.00696	0.00696	0.00829	0.00630	0.00531	0.01325	0.01192	0.02020	0.01888	0.02319	0.01557	0.01893	0.23449	0.00399	0.00697	0.00596	0.57061	0.00563
11	0.00817	0.00563	0.00689	0.00761	0.00779	0.00545	0.00471	0.00871	0.01033	0.01377	0.02659	0.41457	0.03147	0.39779	0.01936	0.00419	0.00473	0.01320	0.00471	0.00435
12	0.01269	0.01088	0.01269	0.00907	0.01451	0.00816	0.00725	0.01541	0.01269	0.01995	0.01088	0.01269	0.00907	0.00453	0.00453	0.00091	0.00453	0.00363	0.00363	0.82229
13	0.01203	0.00950	0.01022	0.00953	0.01125	0.01053	0.00667	0.02058	0.36824	0.01866	0.02207	0.03154	0.02049	0.40089	0.01883	0.00403	0.00540	0.00792	0.00495	0.00667
14	0.00825	0.00589	0.00774	0.00824	0.00912	0.00553	0.00589	0.01016	0.01413	0.01944	0.34010	0.36177	0.04638	0.06693	0.00915	0.00250	0.00357	0.06391	0.00601	0.00528
15	0.02046	0.02556	0.02271	0.01863	0.02266	0.54759	0.21535	0.02306	0.01652	0.01630	0.01030	0.01260	0.00829	0.00598	0.00601	0.00172	0.01083	0.00488	0.00314	0.00743
16	0.00741	0.00575	0.00668	0.00739	0.00851	0.00510	0.00514	0.00866	0.01263	0.01589	0.04605	0.42315	0.36020	0.04747	0.00846	0.00243	0.00344	0.01503	0.00561	0.00501
17	0.01268	0.08948	0.24235	0.01555	0.02053	0.06364	0.15250	0.01760	0.06228	0.01807	0.01810	0.22407	0.01777	0.00949	0.00647	0.00204	0.00741	0.00858	0.00382	0.00758
18	0.01119	0.01119	0.01990	0.01740	0.07571	0.03204	0.28483	0.01411	0.01339	0.01760	0.02655	0.31265	0.11278	0.01184	0.00731	0.00219	0.00662	0.01158	0.00440	0.00670
19	0.01498	0.29690	0.11690	0.01120	0.01666	0.01596	0.01087	0.10532	0.01499	0.02053	0.06654	0.01445	0.01235	0.00592	0.00488	0.00138	0.00600	0.00442	0.00367	0.25607

[dist]
# distance from previous block
# <min> <max>
2	5

[block]
# block no. 5 follows, 37 sequences, length 34
# corresponding to MSA columns:
# 273-306
name=unknown_F
#
# <colnr> <probs for GDERKNQSTAVLIFYWHMCP>
#	G	D	E	R	K	N	Q	S	T	A	V	L	I	F	Y	W	H	M	C	P
0	0.01269	0.01088	0.01269	0.00907	0.01451	0.00816	0.00725	0.01541	0.01269	0.01995	0.01088	0.01269	0.00907	0.00453	0.00453	0.00091	0.00453	0.00363	0.00363	0.82229
1	0.01592	0.01392	0.02257	0.16057	0.52049	0.01448	0.01731	0.08185	0.01516	0.06060	0.01237	0.01562	0.00979	0.00585	0.00608	0.00186	0.00727	0.00549	0.00350	0.00930
2	0.01425	0.24452	0.17349	0.01998	0.24793	0.01578	0.01477	0.01787	0.01372	0.04208	0.08228	0.01872	0.05636	0.00678	0.00556	0.00172	0.00670	0.00560	0.00347	0.00841
3	0.00773	0.00617	0.00699	0.00737	0.00902	0.00543	0.00559	0.00948	0.01389	0.01729	0.11100	0.17769	0.47847	0.01604	0.00749	0.00222	0.00349	0.10362	0.00577	0.00525
4	0.01141	0.00571	0.00571	0.00571	0.00713	0.00571	0.00428	0.01426	0.01284	0.02282	0.01997	0.02282	0.01569	0.00713	0.00428	0.00143	0.00285	0.00571	0.81886	0.00571
5	0.17337	0.02845	0.01568	0.09794	0.11306	0.01203	0.04936	0.08158	0.01493	0.18353	0.03212	0.10480	0.01497	0.00799	0.00582	0.00194	0.00581	0.00676	0.04178	0.00808
6	0.01452	0.12097	0.20945	0.01483	0.01893	0.11636	0.03022	0.01879	0.06656	0.01713	0.01217	0.06197	0.01085	0.00811	0.00955	0.00201	0.21645	0.00553	0.00322	0.04240
7	0.01141	0.00571	0.00571	0.00571	0.00713	0.00571	0.00428	0.01426	0.01284	0.02282	0.01997	0.02282	0.01569	0.00713	0.00428	0.00143	0.00285	0.00571	0.81886	0.00571
8	0.01213	0.00832	0.00983	0.00933	0.01084	0.00908	0.00708	0.13512	0.01471	0.02181	0.02248	0.28159	0.02258	0.01390	0.05125	0.00247	0.07659	0.00972	0.27485	0.00634
9	0.01302	0.01211	0.02026	0.18180	0.46629	0.01260	0.01600	0.01631	0.01331	0.01850	0.03150	0.14048	0.01547	0.00798	0.00638	0.00197	0.00675	0.00752	0.00348	0.00825
10	0.01382	0.01353	0.02078	0.13176	0.05109	0.08008	0.22909	0.08283	0.01607	0.02099	0.15037	0.06114	0.02185	0.00868	0.00689	0.00205	0.00750	0.06980	0.00435	0.00734
11	0.00771	0.00567	0.00723	0.00800	0.00885	0.00519	0.00556	0.00928	0.01336	0.01786	0.20545	0.50371	0.14546	0.01708	0.00759	0.00229	0.00333	0.01526	0.00593	0.00519
12	0.01479	0.02656	0.40764	0.01869	0.02527	0.15443	0.16045	0.01997	0.01375	0.01820	0.01072	0.01333	0.00811	0.00620	0.00729	0.00196	0.07649	0.00503	0.00280	0.00832
13	0.20023	0.01527	0.11216	0.25500	0.02589	0.03656	0.06258	0.10132	0.03146	0.02202	0.01248	0.05887	0.01023	0.00698	0.00602	0.00200	0.02407	0.00565	0.00365	0.00755
14	0.00890	0.00593	0.00668	0.00668	0.00668	0.00593	0.00371	0.00890	0.00890	0.01187	0.01929	0.04006	0.02225	0.78487	0.03116	0.00593	0.00593	0.00890	0.00371	0.00371
15	0.17192	0.01594	0.01625	0.01274	0.01737	0.03942	0.01049	0.51383	0.02407	0.09807	0.01423	0.01425	0.01005	0.00703	0.00568	0.00184	0.00636	0.00512	0.00573	0.00961
16	0.01564	0.01489	0.06038	0.10422	0.15053	0.03775	0.22799	0.06162	0.07804	0.09122	0.01617	0.08483	0.01334	0.00727	0.00657	0.00201	0.00773	0.00715	0.00413	0.00852
17	0.00890	0.00593	0.00668	0.00668	0.00668	0.00593	0.00371	0.00890	0.00890	0.01187	0.01929	0.04006	0.02225	0.78487	0.03116	0.00593	0.00593	0.00890	0.00371	0.00371
18	0.00990	0.00711	0.00808	0.00761	0.00953	0.00693	0.00584	0.07193	0.01512	0.02093	0.18550	0.04064	0.29785	0.01698	0.11460	0.00301	0.00523	0.00964	0.15769	0.00588
19	0.01583	0.68920	0.12673	0.01139	0.01713	0.02291	0.01207	0.01847	0.01250	0.01506	0.00883	0.01023	0.00784	0.00531	0.00418	0.00139	0.00687	0.00344	0.00261	0.00801
20	0.01387	0.01290	0.01552	0.05039	0.22537	0.10852	0.01131	0.08540	0.01709	0.02257	0.29923	0.02875	0.06554	0.00904	0.00651	0.00185	0.00583	0.00783	0.00492	0.00755
21	0.00866	0.00626	0.00818	0.00770	0.00914	0.00578	0.00578	0.01155	0.01733	0.02455	0.74346	0.04572	0.05776	0.01251	0.00722	0.00193	0.00289	0.01107	0.00674	0.00578
22	0.00925	0.00703	0.01058	0.07919	0.01416	0.00701	0.04687	0.01108	0.01264	0.01661	0.06070	0.31520	0.07488	0.01625	0.00926	0.07905	0.00505	0.21483	0.00502	0.00534
23	0.01252	0.08432	0.10202	0.12293	0.08781	0.01325	0.17371	0.01762	0.08096	0.01892	0.07273	0.13028	0.01875	0.00863	0.00654	0.00203	0.00706	0.02833	0.00396	0.00762
24	0.02463	0.01105	0.01412	0.01125	0.01569	0.01044	0.00916	0.03046	0.18373	0.58305	0.02433	0.02130	0.01597	0.00774	0.00617	0.00194	0.00512	0.00633	0.00726	0.01025
25	0.01445	0.01651	0.03612	0.02580	0.03199	0.01548	0.72446	0.01961	0.01445	0.01961	0.01238	0.01651	0.00929	0.00516	0.00722	0.00206	0.01032	0.00722	0.00310	0.00826
26	0.05308	0.01657	0.08317	0.01332	0.01814	0.01634	0.01163	0.43978	0.13262	0.08421	0.05591	0.01770	0.01418	0.00758	0.00608	0.00189	0.00626	0.00589	0.00586	0.00977
27	0.01374	0.30315	0.49451	0.01495	0.02263	0.01780	0.01826	0.01901	0.01275	0.01760	0.01010	0.01181	0.00779	0.00561	0.00514	0.00171	0.00815	0.00407	0.00260	0.00862
28	0.00746	0.00533	0.00710	0.00852	0.00888	0.00497	0.00568	0.00852	0.01172	0.01563	0.03374	0.78088	0.04049	0.01918	0.00781	0.00249	0.00355	0.01740	0.00568	0.00497
29	0.01376	0.02130	0.26277	0.02316	0.03025	0.01508	0.50261	0.01954	0.01397	0.01954	0.01194	0.01538	0.00880	0.00537	0.00678	0.00202	0.00992	0.00637	0.00293	0.00851
30	0.01154	0.01077	0.01726	0.47975	0.08190	0.01332	0.01488	0.01468	0.01179	0.01578	0.01371	0.12535	0.01288	0.00874	0.00877	0.00220	0.13966	0.00714	0.00316	0.00672
31	0.01476	0.01434	0.02351	0.16347	0.60370	0.03620	0.01827	0.01841	0.01374	0.01910	0.01134	0.01523	0.00938	0.00559	0.00605	0.00185	0.00754	0.00541	0.00298	0.00912
32	0.00878	0.00642	0.00916	0.00916	0.01001	0.00728	0.00680	0.01049	0.00964	0.01371	0.01702	0.02749	0.01680	0.20502	0.60355	0.00900	0.01414	0.00706	0.00337	0.00509
33	0.01613	0.01306	0.01787	0.49352	0.07008	0.08630	0.01496	0.05133	0.01449	0.14384	0.01324	0.01645	0.00952	0.00641	0.00606	0.00195	0.00782	0.00542	0.00377	0.00776

[dist]
# distance from previous block
# <min> <max>
0	27

[block]
# block no. 6 follows, 37 sequences, length 10
# corresponding to MSA columns:
# 335-344
name=unknown_G
#
# <colnr> <probs for GDERKNQSTAVLIFYWHMCP>
#	G	D	E	R	K	N	Q	S	T	A	V	L	I	F	Y	W	H	M	C	P
0	0.01283	0.01198	0.01936	0.42141	0.24962	0.01297	0.01590	0.01655	0.01283	0.01768	0.01107	0.01536	0.00878	0.00565	0.00583	0.00178	0.00728	0.00514	0.00297	0.14502
1	0.01503	0.01322	0.02357	0.06633	0.08035	0.01199	0.30276	0.01888	0.01423	0.10282	0.04502	0.01704	0.01197	0.00566	0.00616	0.00168	0.00735	0.00597	0.00389	0.24607
2	0.00788	0.00580	0.00747	0.00857	0.00944	0.00539	0.00623	0.00941	0.01274	0.01664	0.07027	0.50838	0.15590	0.01789	0.00780	0.00245	0.00380	0.13306	0.00572	0.00515
3	0.01421	0.01352	0.02259	0.09112	0.59378	0.01395	0.01737	0.01764	0.01359	0.01917	0.01451	0.01925	0.04601	0.00667	0.00689	0.00193	0.04421	0.03142	0.00321	0.00896
4	0.00744	0.00621	0.00649	0.00642	0.00840	0.00526	0.00482	0.00919	0.01445	0.01771	0.16177	0.05698	0.64372	0.01507	0.00723	0.00205	0.00307	0.01265	0.00584	0.00526
5	0.01515	0.01454	0.02485	0.03757	0.74669	0.01454	0.01879	0.01879	0.01394	0.02000	0.01151	0.01515	0.00970	0.00545	0.00606	0.00182	0.00727	0.00545	0.00303	0.00970
6	0.01445	0.01651	0.03612	0.02580	0.03199	0.01548	0.72446	0.01961	0.01445	0.01961	0.01238	0.01651	0.00929	0.00516	0.00722	0.00206	0.01032	0.00722	0.00310	0.00826
7	0.01228	0.03166	0.75316	0.01745	0.02649	0.01422	0.02262	0.01939	0.01292	0.01939	0.01099	0.01292	0.00775	0.00582	0.00582	0.00194	0.00905	0.00452	0.00258	0.00905
8	0.01269	0.01088	0.01269	0.00907	0.01451	0.00816	0.00725	0.01541	0.01269	0.01995	0.01088	0.01269	0.00907	0.00453	0.00453	0.00091	0.00453	0.00363	0.00363	0.82229
9	0.00851	0.00626	0.00768	0.00803	0.00921	0.00591	0.00582	0.01096	0.04273	0.01897	0.24801	0.27265	0.16151	0.07553	0.00925	0.00250	0.00366	0.06692	0.03049	0.00541

[dist]
# distance from previous block
# <min> <max>
1	3

[block]
# block no. 7 follows, 37 sequences, length 7
# corresponding to MSA columns:
# 348-354
name=unknown_H
#
# <colnr> <probs for GDERKNQSTAVLIFYWHMCP>
#	G	D	E	R	K	N	Q	S	T	A	V	L	I	F	Y	W	H	M	C	P
0	0.01385	0.01462	0.01692	0.48403	0.03225	0.19026	0.01446	0.01707	0.01312	0.01528	0.01132	0.01615	0.00910	0.01175	0.11197	0.00303	0.01000	0.00524	0.00290	0.00668
1	0.00812	0.00624	0.00743	0.00713	0.00881	0.00555	0.00535	0.01051	0.01605	0.02152	0.48574	0.05071	0.31736	0.01364	0.00723	0.00198	0.00297	0.01177	0.00634	0.00555
2	0.01515	0.01454	0.02485	0.03757	0.74669	0.01454	0.01879	0.01879	0.01394	0.02000	0.01151	0.01515	0.00970	0.00545	0.00606	0.00182	0.00727	0.00545	0.00303	0.00970
3	0.01363	0.02224	0.30730	0.02264	0.02991	0.01500	0.45903	0.01952	0.01387	0.01952	0.01185	0.01515	0.00871	0.00541	0.00669	0.00202	0.00984	0.00620	0.00290	0.00855
4	0.01228	0.03166	0.75316	0.01745	0.02649	0.01422	0.02262	0.01939	0.01292	0.01939	0.01099	0.01292	0.00775	0.00582	0.00582	0.00194	0.00905	0.00452	0.00258	0.00905
5	0.01977	0.01076	0.01550	0.01679	0.18902	0.01011	0.01074	0.06480	0.01683	0.36272	0.12882	0.08680	0.02206	0.00877	0.00643	0.00193	0.00531	0.00763	0.00612	0.00909
6	0.01309	0.00812	0.00919	0.00811	0.01078	0.00761	0.00627	0.05063	0.07039	0.11424	0.09841	0.07657	0.17012	0.00998	0.00589	0.00174	0.00377	0.00833	0.23286	0.09390

[dist]
# distance from previous block
# <min> <max>
1	33

[block]
# block no. 8 follows, 37 sequences, length 12
# corresponding to MSA columns:
# 390-401
name=unknown_I
#
# <colnr> <probs for GDERKNQSTAVLIFYWHMCP>
#	G	D	E	R	K	N	Q	S	T	A	V	L	I	F	Y	W	H	M	C	P
0	0.06677	0.01844	0.01468	0.01272	0.01633	0.28454	0.00984	0.10166	0.19671	0.02248	0.07849	0.01758	0.01532	0.00720	0.00568	0.00169	0.00709	0.00541	0.00466	0.11271
1	0.05894	0.00666	0.00775	0.00763	0.00909	0.00625	0.00539	0.01167	0.01310	0.08198	0.16665	0.21014	0.19423	0.17881	0.01217	0.00294	0.00405	0.01157	0.00551	0.00547
2	0.01755	0.01189	0.01202	0.01067	0.01334	0.10586	0.00795	0.02266	0.18428	0.23581	0.02240	0.10875	0.01948	0.18543	0.01195	0.00288	0.00585	0.00792	0.00560	0.00769
3	0.01955	0.01934	0.01606	0.01329	0.01750	0.27514	0.01042	0.21763	0.12487	0.02419	0.01350	0.01416	0.01044	0.00649	0.00557	0.00157	0.00746	0.00474	0.00453	0.19356
4	0.01574	0.50231	0.24070	0.01296	0.01913	0.08520	0.01413	0.01917	0.01301	0.01590	0.00931	0.01083	0.00783	0.00550	0.00462	0.00152	0.00766	0.00370	0.00266	0.00814
5	0.01432	0.15501	0.34735	0.01972	0.18141	0.06233	0.01744	0.01898	0.01332	0.01845	0.01057	0.01274	0.00834	0.00554	0.00540	0.00168	0.00789	0.00439	0.00283	0.09230
6	0.01383	0.01491	0.01189	0.01176	0.01343	0.29700	0.00872	0.01545	0.01344	0.01507	0.01955	0.25347	0.02080	0.02153	0.21497	0.00418	0.01005	0.02995	0.00404	0.00595
7	0.13484	0.48935	0.02630	0.09175	0.11742	0.02027	0.01171	0.01807	0.01233	0.01721	0.00916	0.01123	0.00796	0.00542	0.00442	0.00154	0.00654	0.00380	0.00286	0.00782
8	0.08120	0.00740	0.00863	0.00863	0.01085	0.00697	0.00707	0.01325	0.01435	0.09375	0.10370	0.05295	0.31406	0.01404	0.00722	0.00227	0.00427	0.23757	0.00579	0.00604
9	0.31784	0.00894	0.00929	0.00874	0.01147	0.00935	0.00696	0.01597	0.01246	0.13241	0.02510	0.13043	0.12419	0.01436	0.08327	0.00290	0.00568	0.06908	0.00501	0.00656
10	0.01025	0.00625	0.00832	0.00882	0.00999	0.00609	0.00655	0.01214	0.01271	0.08179	0.07310	0.38040	0.03188	0.01986	0.11773	0.00338	0.00568	0.08927	0.11004	0.00574
11	0.01230	0.26744	0.23127	0.01103	0.01535	0.01427	0.01138	0.01500	0.01122	0.01487	0.01338	0.02238	0.01338	0.30600	0.01497	0.00327	0.00704	0.00581	0.00303	0.00660

[dist]
# distance from previous block
# <min> <max>
2	15

[block]
# block no. 9 follows, 37 sequences, length 8
# corresponding to MSA columns:
# 418-425
name=unknown_J
#
# <colnr> <probs for GDERKNQSTAVLIFYWHMCP>
#	G	D	E	R	K	N	Q	S	T	A	V	L	I	F	Y	W	H	M	C	P
0	0.01191	0.01189	0.02278	0.06650	0.02257	0.01176	0.34695	0.01584	0.01509	0.02096	0.29996	0.02779	0.02822	0.00850	0.00802	0.00205	0.05914	0.00850	0.00448	0.00708
1	0.16829	0.01508	0.01825	0.02190	0.30822	0.09821	0.01305	0.08702	0.01581	0.17653	0.01369	0.01489	0.01014	0.00621	0.00561	0.00182	0.00675	0.00504	0.00443	0.00906
2	0.01179	0.01036	0.01621	0.01546	0.09619	0.01083	0.13949	0.01698	0.15039	0.01738	0.01756	0.02591	0.01617	0.23259	0.19067	0.00494	0.00914	0.00728	0.00390	0.00677
3	0.01460	0.37656	0.23397	0.01525	0.02175	0.01866	0.14927	0.01867	0.01297	0.01717	0.01010	0.01216	0.00818	0.00534	0.00512	0.00160	0.00783	0.00440	0.00277	0.06362
4	0.18518	0.01261	0.01156	0.09422	0.01482	0.14383	0.00821	0.01491	0.01114	0.01642	0.01321	0.02324	0.01342	0.31822	0.01694	0.00355	0.08344	0.00610	0.00341	0.00557
5	0.18551	0.01093	0.01454	0.01171	0.01511	0.01147	0.15418	0.07870	0.08474	0.02476	0.01603	0.01812	0.01231	0.00655	0.00513	0.00175	0.00531	0.00562	0.33031	0.00722
6	0.01954	0.27209	0.04817	0.01488	0.01962	0.25638	0.09251	0.16963	0.01769	0.02043	0.01064	0.01209	0.00856	0.00603	0.00533	0.00161	0.00853	0.00445	0.00358	0.00824
7	0.09306	0.01045	0.01235	0.16969	0.01796	0.01176	0.00892	0.15597	0.08089	0.02077	0.01607	0.02548	0.01507	0.31822	0.01592	0.00355	0.00634	0.00677	0.00422	0.00653

[dist]
# distance from previous block
# <min> <max>
2	17

[block]
# block no. 10 follows, 37 sequences, length 26
# corresponding to MSA columns:
# 444-469
name=unknown_K
#
# <colnr> <probs for GDERKNQSTAVLIFYWHMCP>
#	G	D	E	R	K	N	Q	S	T	A	V	L	I	F	Y	W	H	M	C	P
0	0.02032	0.02435	0.01982	0.02296	0.25897	0.51432	0.01412	0.02258	0.01622	0.01664	0.01014	0.01239	0.00848	0.00603	0.00570	0.00166	0.00980	0.00444	0.00311	0.00795
1	0.02203	0.12690	0.01924	0.01509	0.01851	0.66558	0.01165	0.02366	0.01672	0.01491	0.00934	0.01088	0.00788	0.00617	0.00531	0.00154	0.01046	0.00386	0.00309	0.00719
2	0.01141	0.00571	0.00571	0.00571	0.00713	0.00571	0.00428	0.01426	0.01284	0.02282	0.01997	0.02282	0.01569	0.00713	0.00428	0.00143	0.00285	0.00571	0.81886	0.00571
3	0.01502	0.53891	0.26992	0.01277	0.01927	0.02092	0.01448	0.01868	0.01260	0.01605	0.00933	0.01084	0.00782	0.00543	0.00455	0.00152	0.00737	0.00369	0.00261	0.00825
4	0.00723	0.00620	0.00620	0.00620	0.00827	0.00517	0.00465	0.00878	0.01395	0.01654	0.06201	0.05891	0.74421	0.01550	0.00723	0.00207	0.00310	0.01292	0.00568	0.00517
5	0.00907	0.00648	0.00895	0.01037	0.01143	0.00636	0.00848	0.01131	0.01331	0.01743	0.03285	0.30384	0.03696	0.01766	0.00824	0.00271	0.00495	0.47853	0.00565	0.00542
6	0.01228	0.03166	0.75316	0.01745	0.02649	0.01422	0.02262	0.01939	0.01292	0.01939	0.01099	0.01292	0.00775	0.00582	0.00582	0.00194	0.00905	0.00452	0.00258	0.00905
7	0.00723	0.00620	0.00620	0.00620	0.00827	0.00517	0.00465	0.00878	0.01395	0.01654	0.06201	0.05891	0.74421	0.01550	0.00723	0.00207	0.00310	0.01292	0.00568	0.00517
8	0.00764	0.00617	0.00679	0.00674	0.00854	0.00532	0.00502	0.00952	0.01474	0.01867	0.24595	0.09686	0.51680	0.01490	0.00726	0.00205	0.00307	0.01267	0.00597	0.00532
9	0.02287	0.02917	0.01735	0.01577	0.01892	0.76030	0.01183	0.02444	0.01735	0.01498	0.00946	0.01104	0.00788	0.00631	0.00552	0.00158	0.01104	0.00394	0.00315	0.00710
10	0.00746	0.00533	0.00710	0.00852	0.00888	0.00497	0.00568	0.00852	0.01172	0.01563	0.03374	0.78088	0.04049	0.01918	0.00781	0.00249	0.00355	0.01740	0.00568	0.00497
11	0.01385	0.53063	0.02474	0.01026	0.01413	0.01876	0.00954	0.01589	0.01158	0.01434	0.01111	0.01451	0.01031	0.01865	0.25351	0.00412	0.00980	0.00436	0.00284	0.00707
12	0.01515	0.53205	0.02568	0.01001	0.01531	0.01892	0.00941	0.01737	0.01252	0.01623	0.00929	0.01077	0.00825	0.00500	0.00413	0.00118	0.00588	0.00339	0.00295	0.27649
13	0.01323	0.01086	0.01275	0.00913	0.01455	0.00819	0.00732	0.01594	0.01287	0.04673	0.01137	0.01299	0.00929	0.00464	0.00459	0.00094	0.00456	0.00372	0.00377	0.79254
14	0.00835	0.00602	0.00652	0.00652	0.00720	0.00568	0.00402	0.00886	0.01057	0.01341	0.03338	0.04628	0.26038	0.53111	0.02327	0.00466	0.00500	0.01023	0.00436	0.00419
15	0.00771	0.00622	0.00685	0.00670	0.00856	0.00537	0.00502	0.00970	0.01507	0.01918	0.28678	0.05456	0.51779	0.01452	0.00723	0.00202	0.00303	0.01231	0.00603	0.00537
16	0.02072	0.27965	0.02221	0.01402	0.01786	0.51751	0.01138	0.02243	0.01573	0.01479	0.00915	0.01064	0.00788	0.00595	0.00499	0.00149	0.00956	0.00372	0.00298	0.00735
17	0.00723	0.00620	0.00620	0.00620	0.00827	0.00517	0.00465	0.00878	0.01395	0.01654	0.06201	0.05891	0.74421	0.01550	0.00723	0.00207	0.00310	0.01292	0.00568	0.00517
18	0.01427	0.01188	0.01325	0.01063	0.01517	0.01133	0.00839	0.02346	0.33432	0.04464	0.01752	0.01745	0.01353	0.00630	0.00534	0.00146	0.00469	0.00517	0.00490	0.43631
19	0.01864	0.53412	0.02756	0.01166	0.01679	0.02249	0.01086	0.25184	0.01783	0.02238	0.01055	0.01143	0.00870	0.00593	0.00465	0.00148	0.00661	0.00401	0.00377	0.00870
20	0.02003	0.53190	0.02618	0.01061	0.01568	0.01920	0.00999	0.02212	0.01411	0.25734	0.01367	0.01345	0.01026	0.00601	0.00466	0.00150	0.00611	0.00422	0.00425	0.00870
21	0.01987	0.19641	0.01827	0.01132	0.01572	0.01489	0.00955	0.02767	0.28126	0.28661	0.02032	0.01872	0.01454	0.00720	0.00561	0.00179	0.00537	0.00568	0.00578	0.03341
22	0.01555	0.34796	0.01990	0.00995	0.01375	0.11106	0.00868	0.01751	0.01448	0.09632	0.09912	0.02599	0.17988	0.00870	0.00546	0.00164	0.00582	0.00666	0.00435	0.00721
23	0.01239	0.01140	0.01279	0.18159	0.01923	0.09200	0.00988	0.01877	0.18360	0.02174	0.33080	0.02998	0.03203	0.00941	0.00656	0.00195	0.00542	0.00806	0.00532	0.00706
24	0.24827	0.01865	0.25628	0.01262	0.01811	0.01391	0.01295	0.04104	0.20663	0.05450	0.03193	0.01587	0.01195	0.00669	0.00537	0.00193	0.00621	0.00505	0.00433	0.02772
25	0.05178	0.01344	0.01948	0.01534	0.01894	0.09290	0.24840	0.07052	0.03738	0.02263	0.27223	0.06403	0.02807	0.00887	0.00679	0.00196	0.00674	0.00841	0.00487	0.00722

[dist]
# distance from previous block
# <min> <max>
22	64

[block]
# block no. 11 follows, 37 sequences, length 7
# corresponding to MSA columns:
# 538-544
name=unknown_L
#
# <colnr> <probs for GDERKNQSTAVLIFYWHMCP>
#	G	D	E	R	K	N	Q	S	T	A	V	L	I	F	Y	W	H	M	C	P
0	0.00828	0.00611	0.00885	0.00936	0.01019	0.00668	0.00694	0.01006	0.01052	0.01472	0.02266	0.29741	0.02440	0.03625	0.48871	0.00718	0.01176	0.01048	0.00415	0.00529
1	0.01515	0.01454	0.02485	0.03757	0.74669	0.01454	0.01879	0.01879	0.01394	0.02000	0.01151	0.01515	0.00970	0.00545	0.00606	0.00182	0.00727	0.00545	0.00303	0.00970
2	0.01383	0.01187	0.01402	0.01460	0.10602	0.01314	0.01000	0.02637	0.49325	0.02468	0.17527	0.02672	0.02583	0.00884	0.00642	0.00201	0.00473	0.00761	0.00594	0.00886
3	0.01228	0.03166	0.75316	0.01745	0.02649	0.01422	0.02262	0.01939	0.01292	0.01939	0.01099	0.01292	0.00775	0.00582	0.00582	0.00194	0.00905	0.00452	0.00258	0.00905
4	0.01723	0.10280	0.02375	0.02912	0.48347	0.20348	0.01612	0.02016	0.01463	0.01812	0.01067	0.01353	0.00904	0.00565	0.00569	0.00170	0.00814	0.00483	0.00302	0.00884
5	0.01298	0.01050	0.01173	0.01069	0.01332	0.01152	0.00821	0.07299	0.38862	0.02525	0.25367	0.10086	0.03258	0.01060	0.00669	0.00205	0.00423	0.00913	0.00633	0.00805
6	0.01658	0.16970	0.34779	0.01399	0.02055	0.01525	0.01548	0.02339	0.13005	0.16594	0.01539	0.01551	0.01101	0.00646	0.00559	0.00183	0.00712	0.00500	0.00418	0.00920

[dist]
# distance from previous block
# <min> <max>
19	84

[block]
# block no. 12 follows, 37 sequences, length 6
# corresponding to MSA columns:
# 631-636
name=unknown_M
#
# <colnr> <probs for GDERKNQSTAVLIFYWHMCP>
#	G	D	E	R	K	N	Q	S	T	A	V	L	I	F	Y	W	H	M	C	P
0	0.06874	0.01047	0.01179	0.01059	0.01352	0.01118	0.00812	0.02466	0.34496	0.16885	0.07483	0.12740	0.02314	0.06387	0.00808	0.00234	0.00467	0.00838	0.00613	0.00830
1	0.34720	0.01920	0.01424	0.01224	0.01609	0.27536	0.00969	0.19637	0.01740	0.02588	0.01039	0.01151	0.00801	0.00631	0.00497	0.00177	0.00743	0.00408	0.00415	0.00773
