[name]
unknown

[dist]
# distance from previous block
# <min> <max>
0	1488

[block]
# block no. 0 follows, 48 sequences, length 44
# corresponding to MSA columns:
# 1524-1535,1539-1570
name=unknown_A
#
# <colnr> <probs for GDERKNQSTAVLIFYWHMCP>
#	G	D	E	R	K	N	Q	S	T	A	V	L	I	F	Y	W	H	M	C	P
0	0.01471	0.01298	0.01398	0.01446	0.15145	0.10093	0.00980	0.18279	0.31811	0.03975	0.01736	0.01785	0.05262	0.00664	0.00520	0.00162	0.00529	0.02227	0.00443	0.00775
1	0.00808	0.00577	0.00715	0.00657	0.00823	0.00518	0.00497	0.01050	0.03172	0.05287	0.51449	0.07459	0.16790	0.01043	0.00585	0.00160	0.00270	0.00908	0.00528	0.06703
2	0.01242	0.02178	0.53703	0.06113	0.07999	0.01227	0.01653	0.12618	0.01299	0.05712	0.01024	0.01169	0.00728	0.00513	0.00496	0.00161	0.00698	0.00408	0.00284	0.00774
3	0.01174	0.00988	0.01058	0.00933	0.01214	0.01080	0.00727	0.07091	0.51145	0.02081	0.09013	0.02347	0.11230	0.00773	0.00529	0.00164	0.00382	0.00644	0.00504	0.06922
4	0.00772	0.00604	0.00823	0.00918	0.09816	0.00562	0.00597	0.01004	0.01377	0.01913	0.58553	0.03700	0.15373	0.01018	0.00594	0.00162	0.00287	0.00896	0.00516	0.00515
5	0.01769	0.01169	0.09044	0.01123	0.01572	0.00939	0.10335	0.10429	0.01430	0.39483	0.01554	0.03492	0.01079	0.00578	0.00507	0.00149	0.00523	0.00499	0.00479	0.13848
6	0.01276	0.01102	0.01160	0.01044	0.01334	0.01276	0.00812	0.02727	0.77840	0.02146	0.02088	0.01914	0.01566	0.00696	0.00522	0.00174	0.00406	0.00580	0.00522	0.00812
7	0.01412	0.01169	0.01409	0.01495	0.17381	0.01293	0.00992	0.13602	0.48036	0.04899	0.01726	0.01673	0.01296	0.00633	0.00518	0.00166	0.00473	0.00535	0.00469	0.00823
8	0.00997	0.00849	0.00982	0.00733	0.01133	0.00658	0.00581	0.01246	0.03039	0.01675	0.06140	0.01691	0.09818	0.00533	0.00423	0.00095	0.00359	0.00437	0.00345	0.68268
9	0.00739	0.00525	0.00698	0.00698	0.00746	0.00573	0.00484	0.00835	0.00787	0.01098	0.01490	0.02655	0.01560	0.41037	0.43125	0.00669	0.00957	0.00643	0.00292	0.00388
10	0.01098	0.11264	0.69017	0.01385	0.02100	0.01272	0.01756	0.01637	0.01089	0.03527	0.00926	0.01072	0.00666	0.00486	0.00471	0.00157	0.00727	0.00371	0.00227	0.00750
11	0.81155	0.05275	0.00856	0.00685	0.01009	0.01197	0.00573	0.01510	0.00882	0.02244	0.00714	0.00833	0.00561	0.00474	0.00318	0.00156	0.00405	0.00278	0.00312	0.00561
12	0.01211	0.01384	0.03028	0.02163	0.02682	0.01298	0.76903	0.01644	0.01211	0.01644	0.01038	0.01384	0.00779	0.00433	0.00606	0.00173	0.00865	0.00606	0.00260	0.00692
13	0.01270	0.01219	0.02083	0.03149	0.78767	0.01219	0.01575	0.01575	0.01168	0.01676	0.00965	0.01270	0.00813	0.00457	0.00508	0.00152	0.00610	0.00457	0.00254	0.00813
14	0.01064	0.00912	0.01064	0.00760	0.01216	0.00684	0.00608	0.01292	0.01064	0.01672	0.00912	0.01064	0.00760	0.00380	0.00380	0.00076	0.00380	0.00304	0.00304	0.85104
15	0.85592	0.00992	0.00754	0.00675	0.00992	0.01151	0.00556	0.01508	0.00873	0.02302	0.00714	0.00834	0.00556	0.00476	0.00318	0.00159	0.00397	0.00278	0.00318	0.00556
16	0.01276	0.01102	0.01160	0.01044	0.01334	0.01276	0.00812	0.02727	0.77840	0.02146	0.02088	0.01914	0.01566	0.00696	0.00522	0.00174	0.00406	0.00580	0.00522	0.00812
17	0.01951	0.01437	0.01540	0.01181	0.01591	0.01591	0.00975	0.77056	0.02412	0.03234	0.01232	0.01232	0.00873	0.00616	0.00513	0.00154	0.00565	0.00462	0.00513	0.00873
18	0.85592	0.00992	0.00754	0.00675	0.00992	0.01151	0.00556	0.01508	0.00873	0.02302	0.00714	0.00834	0.00556	0.00476	0.00318	0.00159	0.00397	0.00278	0.00318	0.00556
19	0.00625	0.00447	0.00595	0.00714	0.00744	0.00417	0.00476	0.00714	0.00982	0.01310	0.02828	0.81633	0.03394	0.01608	0.00655	0.00208	0.00298	0.01459	0.00476	0.00417
20	0.00969	0.00912	0.01539	0.80734	0.03534	0.01140	0.01425	0.01311	0.01026	0.01311	0.00912	0.01368	0.00684	0.00513	0.00513	0.00171	0.00684	0.00456	0.00228	0.00570
21	0.01270	0.01219	0.02083	0.03149	0.78767	0.01219	0.01575	0.01575	0.01168	0.01676	0.00965	0.01270	0.00813	0.00457	0.00508	0.00152	0.00610	0.00457	0.00254	0.00813
22	0.01255	0.01197	0.02008	0.02974	0.73079	0.01180	0.01504	0.01554	0.01161	0.01676	0.00961	0.01255	0.00809	0.00452	0.00499	0.00147	0.00593	0.00446	0.00258	0.06994
23	0.00726	0.00524	0.00686	0.00646	0.00767	0.00484	0.00484	0.00968	0.01452	0.02058	0.78496	0.03833	0.04841	0.01049	0.00605	0.00161	0.00242	0.00928	0.00565	0.00484
24	0.07778	0.01176	0.01916	0.02797	0.67153	0.01180	0.01437	0.01638	0.01168	0.07404	0.01024	0.01272	0.00827	0.00472	0.00494	0.00153	0.00581	0.00448	0.00287	0.00798
25	0.00781	0.00669	0.04482	0.00714	0.00878	0.00576	0.00576	0.01129	0.07037	0.02043	0.69181	0.03561	0.04401	0.00996	0.00593	0.00162	0.00279	0.00876	0.00545	0.00521
26	0.00746	0.00497	0.00560	0.00560	0.00560	0.00497	0.00311	0.00746	0.00746	0.00995	0.01617	0.03358	0.01865	0.81967	0.02612	0.00497	0.00497	0.00746	0.00311	0.00311
27	0.01217	0.01032	0.01237	0.01090	0.01373	0.01148	0.06593	0.02363	0.58093	0.04027	0.03971	0.04088	0.03301	0.00779	0.00552	0.00180	0.00439	0.07269	0.00500	0.00750
28	0.07635	0.01449	0.08548	0.01997	0.02518	0.01278	0.65480	0.01632	0.01176	0.01692	0.01005	0.01320	0.00752	0.00440	0.00575	0.00171	0.00821	0.00564	0.00261	0.00687
29	0.07613	0.01018	0.01482	0.01612	0.25932	0.00922	0.06410	0.01448	0.01139	0.04881	0.06934	0.01375	0.01097	0.00477	0.00455	0.00124	0.00481	0.00429	0.00319	0.35852
30	0.01712	0.02114	0.01419	0.07109	0.01665	0.63672	0.01004	0.01863	0.01337	0.01254	0.00839	0.01052	0.00711	0.00802	0.06598	0.00193	0.05454	0.00363	0.00260	0.00581
31	0.00733	0.00550	0.00825	0.00825	0.00916	0.00641	0.00641	0.00916	0.00825	0.01191	0.01374	0.02016	0.01283	0.03848	0.79934	0.00825	0.01374	0.00550	0.00275	0.00458
32	0.01276	0.01102	0.01160	0.01044	0.01334	0.01276	0.00812	0.02727	0.77840	0.02146	0.02088	0.01914	0.01566	0.00696	0.00522	0.00174	0.00406	0.00580	0.00522	0.00812
33	0.01055	0.08728	0.73464	0.01418	0.02152	0.01256	0.01818	0.01618	0.01080	0.01593	0.00905	0.01063	0.00651	0.00484	0.00475	0.00158	0.00742	0.00371	0.00217	0.00751
34	0.01917	0.02445	0.01454	0.01322	0.01586	0.79907	0.00991	0.02049	0.01454	0.01256	0.00793	0.00925	0.00661	0.00529	0.00463	0.00132	0.00925	0.00330	0.00264	0.00595
35	0.00746	0.00497	0.00560	0.00560	0.00560	0.00497	0.00311	0.00746	0.00746	0.00995	0.01617	0.03358	0.01865	0.81967	0.02612	0.00497	0.00497	0.00746	0.00311	0.00311
36	0.00708	0.00524	0.00660	0.00626	0.00755	0.00476	0.00470	0.00933	0.01409	0.01955	0.67268	0.04002	0.16133	0.01087	0.00605	0.00163	0.00245	0.00952	0.00551	0.00476
37	0.01211	0.01384	0.03028	0.02163	0.02682	0.01298	0.76903	0.01644	0.01211	0.01644	0.01038	0.01384	0.00779	0.00433	0.00606	0.00173	0.00865	0.00606	0.00260	0.00692
38	0.01350	0.00594	0.00687	0.00605	0.00806	0.00559	0.00474	0.01577	0.01191	0.24489	0.01776	0.01864	0.01302	0.00609	0.00405	0.00131	0.00297	0.00489	0.60201	0.00594
39	0.00665	0.00566	0.00579	0.00567	0.00747	0.00502	0.00428	0.00904	0.07190	0.01481	0.08816	0.04643	0.68644	0.01239	0.00600	0.00173	0.00270	0.01035	0.00485	0.00466
40	0.00625	0.00447	0.00595	0.00714	0.00744	0.00417	0.00476	0.00714	0.00982	0.01310	0.02828	0.81633	0.03394	0.01608	0.00655	0.00208	0.00298	0.01459	0.00476	0.00417
41	0.01382	0.59091	0.17155	0.01005	0.01501	0.01783	0.01070	0.05086	0.01136	0.05485	0.00846	0.00940	0.00699	0.00467	0.00378	0.00124	0.00583	0.00316	0.00254	0.00699
42	0.02149	0.00909	0.01191	0.00922	0.01300	0.00825	0.00758	0.10447	0.01569	0.65267	0.07547	0.01844	0.01489	0.00663	0.00522	0.00158	0.00436	0.00540	0.00617	0.00845
43	0.01920	0.02151	0.01410	0.01249	0.01533	0.63536	0.00950	0.07781	0.01529	0.09175	0.03421	0.01123	0.00871	0.00563	0.00476	0.00137	0.00827	0.00378	0.00330	0.00640

[dist]
# distance from previous block
# <min> <max>
2	5

[block]
# block no. 1 follows, 48 sequences, length 110
# corresponding to MSA columns:
# 1576-1685
name=unknown_B
#
# <colnr> <probs for GDERKNQSTAVLIFYWHMCP>
#	G	D	E	R	K	N	Q	S	T	A	V	L	I	F	Y	W	H	M	C	P
0	0.02168	0.00921	0.01196	0.00924	0.01310	0.00837	0.00761	0.11319	0.01565	0.65819	0.02102	0.01859	0.05428	0.00669	0.00521	0.00159	0.00442	0.00540	0.00612	0.00849
1	0.00674	0.00501	0.00643	0.00701	0.00787	0.00449	0.00484	0.00793	0.01045	0.01419	0.10066	0.62574	0.07381	0.01424	0.00622	0.00190	0.00298	0.01281	0.00469	0.08198
2	0.01616	0.04081	0.05264	0.05566	0.10312	0.06814	0.00950	0.12993	0.04015	0.26025	0.13618	0.03474	0.01647	0.00671	0.00520	0.00156	0.00510	0.00556	0.00470	0.00743
3	0.77829	0.01145	0.07965	0.00747	0.01105	0.01155	0.00679	0.01519	0.00893	0.02240	0.00733	0.00856	0.00564	0.00477	0.00333	0.00159	0.00430	0.00287	0.00308	0.00574
4	0.01858	0.01321	0.01441	0.01116	0.01499	0.01441	0.00917	0.65764	0.02270	0.07510	0.08370	0.01500	0.01260	0.00657	0.00522	0.00155	0.00528	0.00508	0.00525	0.00837
5	0.01192	0.01028	0.01083	0.00990	0.01246	0.02510	0.00762	0.02416	0.64224	0.02067	0.09321	0.07353	0.01980	0.00787	0.00538	0.00174	0.00392	0.00667	0.00519	0.00751
6	0.00624	0.00451	0.00591	0.00703	0.00741	0.00418	0.00471	0.00716	0.00993	0.01314	0.02962	0.77309	0.07631	0.01590	0.00652	0.00206	0.00296	0.01437	0.00476	0.00418
7	0.00708	0.00524	0.00660	0.00626	0.00755	0.00476	0.00470	0.00933	0.01409	0.01954	0.67224	0.04003	0.16178	0.01088	0.00605	0.00163	0.00245	0.00952	0.00551	0.00476
8	0.00715	0.00516	0.00676	0.00653	0.00764	0.00477	0.00483	0.00941	0.01401	0.01976	0.70232	0.12329	0.04683	0.01110	0.00611	0.00167	0.00248	0.00986	0.00555	0.00477
9	0.85592	0.00992	0.00754	0.00675	0.00992	0.01151	0.00556	0.01508	0.00873	0.02302	0.00714	0.00834	0.00556	0.00476	0.00318	0.00159	0.00397	0.00278	0.00318	0.00556
10	0.85592	0.00992	0.00754	0.00675	0.00992	0.01151	0.00556	0.01508	0.00873	0.02302	0.00714	0.00834	0.00556	0.00476	0.00318	0.00159	0.00397	0.00278	0.00318	0.00556
11	0.01372	0.82276	0.02689	0.00878	0.01317	0.02030	0.00878	0.01536	0.01043	0.01207	0.00713	0.00823	0.00658	0.00439	0.00329	0.00110	0.00549	0.00274	0.00219	0.00658
12	0.85592	0.00992	0.00754	0.00675	0.00992	0.01151	0.00556	0.01508	0.00873	0.02302	0.00714	0.00834	0.00556	0.00476	0.00318	0.00159	0.00397	0.00278	0.00318	0.00556
13	0.00969	0.00912	0.01539	0.80734	0.03534	0.01140	0.01425	0.01311	0.01026	0.01311	0.00912	0.01368	0.00684	0.00513	0.00513	0.00171	0.00684	0.00456	0.00228	0.00570
14	0.00736	0.00538	0.00764	0.00764	0.00835	0.00609	0.00566	0.00878	0.00807	0.01147	0.01429	0.02320	0.01415	0.21582	0.62381	0.00750	0.01175	0.00594	0.00283	0.00425
15	0.00740	0.00523	0.00688	0.00688	0.00733	0.00567	0.00471	0.00829	0.00784	0.01090	0.01499	0.02706	0.01582	0.44014	0.40178	0.00656	0.00924	0.00651	0.00293	0.00382
16	0.01016	0.00563	0.00587	0.00565	0.00703	0.00575	0.00426	0.08114	0.01190	0.01977	0.01742	0.09368	0.01471	0.00695	0.00401	0.00131	0.00275	0.00569	0.69124	0.00509
17	0.01252	0.01201	0.02050	0.07801	0.74256	0.01214	0.01566	0.01559	0.01160	0.01654	0.00962	0.01276	0.00805	0.00461	0.00508	0.00154	0.00614	0.00457	0.00252	0.00798
18	0.01032	0.02494	0.72126	0.01398	0.02129	0.01145	0.01778	0.01594	0.01082	0.01629	0.00920	0.01082	0.00660	0.00478	0.00478	0.00155	0.00724	0.00372	0.00225	0.08501
19	0.02302	0.00873	0.01191	0.00913	0.01310	0.00754	0.00754	0.02501	0.01469	0.79122	0.02024	0.01746	0.01270	0.00635	0.00516	0.00159	0.00437	0.00516	0.00635	0.00873
20	0.01657	0.00780	0.00963	0.00785	0.01083	0.00716	0.00633	0.08892	0.01446	0.41248	0.08146	0.02434	0.14951	0.00774	0.00515	0.00155	0.00374	0.00635	0.13104	0.00709
21	0.01151	0.09980	0.62912	0.01413	0.02105	0.01249	0.05957	0.01672	0.01111	0.06419	0.00977	0.01117	0.00697	0.00489	0.00481	0.00158	0.00725	0.00391	0.00245	0.00752
22	0.00812	0.00542	0.00721	0.00836	0.05185	0.00496	0.00549	0.00931	0.01070	0.08487	0.03062	0.56409	0.16147	0.01400	0.00625	0.00195	0.00321	0.01250	0.00478	0.00484
23	0.00606	0.00520	0.00520	0.00520	0.00693	0.00433	0.00390	0.00736	0.01170	0.01386	0.05198	0.04938	0.78558	0.01299	0.00606	0.00173	0.00260	0.01083	0.00476	0.00433
24	0.00677	0.00522	0.00609	0.00587	0.00731	0.00462	0.00440	0.00870	0.01321	0.01758	0.44739	0.04287	0.37365	0.01152	0.00601	0.00166	0.00250	0.00989	0.02013	0.00462
25	0.08786	0.00977	0.01591	0.60282	0.13342	0.01157	0.03976	0.01376	0.01037	0.01462	0.00905	0.01306	0.00693	0.00499	0.00498	0.00167	0.00654	0.00445	0.00241	0.00605
26	0.00648	0.00506	0.00595	0.00655	0.00770	0.00453	0.00490	0.00781	0.01107	0.01384	0.03986	0.31419	0.40621	0.01424	0.00639	0.00195	0.00307	0.13109	0.00476	0.00434
27	0.01372	0.00733	0.00805	0.00688	0.00911	0.00744	0.00545	0.16491	0.01405	0.14693	0.01643	0.01751	0.01220	0.00607	0.00415	0.00133	0.00336	0.00481	0.54406	0.00621
28	0.02302	0.00873	0.01191	0.00913	0.01310	0.00754	0.00754	0.02501	0.01469	0.79122	0.02024	0.01746	0.01270	0.00635	0.00516	0.00159	0.00437	0.00516	0.00635	0.00873
29	0.19283	0.00898	0.01102	0.00864	0.01245	0.00835	0.00714	0.02298	0.01347	0.63461	0.01757	0.01560	0.01124	0.00603	0.00476	0.00159	0.00429	0.00467	0.00570	0.00808
30	0.01917	0.02445	0.01454	0.01322	0.01586	0.79907	0.00991	0.02049	0.01454	0.01256	0.00793	0.00925	0.00661	0.00529	0.00463	0.00132	0.00925	0.00330	0.00264	0.00595
31	0.80875	0.01074	0.00794	0.00711	0.01026	0.05591	0.00580	0.01539	0.00906	0.02243	0.00719	0.00839	0.00562	0.00479	0.00326	0.00157	0.00427	0.00281	0.00315	0.00558
32	0.00726	0.00524	0.00686	0.00646	0.00767	0.00484	0.00484	0.00968	0.01452	0.02058	0.78496	0.03833	0.04841	0.01049	0.00605	0.00161	0.00242	0.00928	0.00565	0.00484
33	0.18863	0.01075	0.01256	0.14954	0.01707	0.01165	0.00892	0.26135	0.01564	0.23174	0.01297	0.01333	0.00895	0.00574	0.00470	0.00158	0.00508	0.00439	0.02797	0.00744
34	0.01204	0.01151	0.01963	0.20255	0.62180	0.01202	0.01542	0.01517	0.01137	0.01596	0.00953	0.01292	0.00784	0.00469	0.00509	0.00156	0.00626	0.00457	0.00248	0.00759
35	0.00626	0.00464	0.00585	0.00674	0.00735	0.00423	0.00460	0.00729	0.01038	0.01356	0.06457	0.63632	0.17897	0.01525	0.00644	0.00200	0.00288	0.01364	0.00480	0.00423
36	0.00636	0.00454	0.00608	0.00727	0.00762	0.00426	0.00495	0.00733	0.00993	0.01322	0.02822	0.77506	0.03370	0.01597	0.00658	0.00210	0.00307	0.05477	0.00476	0.00420
37	0.00797	0.00532	0.00691	0.00667	0.00791	0.00486	0.00494	0.01003	0.01356	0.06511	0.56746	0.17316	0.08386	0.01135	0.00609	0.00170	0.00264	0.01004	0.00549	0.00493
38	0.77946	0.00981	0.00794	0.00697	0.01021	0.01115	0.00574	0.01599	0.00928	0.09354	0.00835	0.00917	0.00621	0.00491	0.00336	0.00159	0.00401	0.00300	0.00347	0.00585
39	0.01203	0.01360	0.02894	0.02088	0.02559	0.01323	0.69947	0.01606	0.01172	0.01606	0.01005	0.01360	0.00769	0.00475	0.00705	0.00178	0.08224	0.00591	0.00256	0.00680
40	0.01882	0.02372	0.01438	0.01307	0.01573	0.75629	0.00982	0.02086	0.05610	0.01304	0.00864	0.00979	0.00710	0.00538	0.00466	0.00134	0.00897	0.00344	0.00278	0.00607
41	0.80897	0.00986	0.00779	0.00688	0.01010	0.01129	0.00567	0.01564	0.00907	0.06633	0.00788	0.00885	0.00596	0.00485	0.00329	0.00159	0.00399	0.00291	0.00335	0.00574
42	0.00606	0.00520	0.00520	0.00520	0.00693	0.00433	0.00390	0.00736	0.01170	0.01386	0.05198	0.04938	0.78558	0.01299	0.00606	0.00173	0.00260	0.01083	0.00476	0.00433
43	0.00644	0.00460	0.00617	0.00736	0.00773	0.00433	0.00508	0.00746	0.01001	0.01331	0.02818	0.74670	0.03353	0.01590	0.00660	0.00211	0.00314	0.08238	0.00476	0.00422
44	0.01951	0.01437	0.01540	0.01181	0.01591	0.01591	0.00975	0.77056	0.02412	0.03234	0.01232	0.01232	0.00873	0.00616	0.00513	0.00154	0.00565	0.00462	0.00513	0.00873
45	0.01276	0.01102	0.01160	0.01044	0.01334	0.01276	0.00812	0.02727	0.77840	0.02146	0.02088	0.01914	0.01566	0.00696	0.00522	0.00174	0.00406	0.00580	0.00522	0.00812
46	0.01064	0.00912	0.01064	0.00760	0.01216	0.00684	0.00608	0.01292	0.01064	0.01672	0.00912	0.01064	0.00760	0.00380	0.00380	0.00076	0.00380	0.00304	0.00304	0.85104
47	0.02302	0.00873	0.01191	0.00913	0.01310	0.00754	0.00754	0.02501	0.01469	0.79122	0.02024	0.01746	0.01270	0.00635	0.00516	0.00159	0.00437	0.00516	0.00635	0.00873
48	0.00726	0.00524	0.00686	0.00646	0.00767	0.00484	0.00484	0.00968	0.01452	0.02058	0.78496	0.03833	0.04841	0.01049	0.00605	0.00161	0.00242	0.00928	0.00565	0.00484
49	0.01951	0.01437	0.01540	0.01181	0.01591	0.01591	0.00975	0.77056	0.02412	0.03234	0.01232	0.01232	0.00873	0.00616	0.00513	0.00154	0.00565	0.00462	0.00513	0.00873
50	0.04297	0.01440	0.01487	0.01155	0.01553	0.05931	0.00948	0.65176	0.02245	0.08749	0.01252	0.01242	0.00881	0.00609	0.00505	0.00153	0.00571	0.00453	0.00503	0.00848
51	0.00634	0.00454	0.00604	0.00708	0.00746	0.00423	0.00477	0.00738	0.01026	0.01378	0.09774	0.74491	0.03527	0.01556	0.00650	0.00204	0.00293	0.01410	0.00484	0.00423
52	0.00606	0.00520	0.00520	0.00520	0.00693	0.00433	0.00390	0.00736	0.01170	0.01386	0.05198	0.04938	0.78558	0.01299	0.00606	0.00173	0.00260	0.01083	0.00476	0.00433
53	0.00969	0.00912	0.01539	0.80734	0.03534	0.01140	0.01425	0.01311	0.01026	0.01311	0.00912	0.01368	0.00684	0.00513	0.00513	0.00171	0.00684	0.00456	0.00228	0.00570
54	0.01347	0.03926	0.01599	0.22971	0.07605	0.05227	0.02360	0.04548	0.01093	0.12761	0.00992	0.01279	0.00782	0.00670	0.00938	0.00183	0.30318	0.00452	0.00302	0.00647
55	0.01408	0.01612	0.01433	0.01279	0.01391	0.34132	0.01009	0.01527	0.01083	0.01250	0.00921	0.08431	0.00918	0.00809	0.01080	0.00185	0.40215	0.00492	0.00264	0.00562
56	0.01269	0.01223	0.02103	0.03128	0.77151	0.01221	0.03174	0.01576	0.01169	0.01676	0.00967	0.01272	0.00812	0.00457	0.00510	0.00153	0.00615	0.00460	0.00254	0.00810
57	0.02229	0.00852	0.01152	0.00889	0.01271	0.00739	0.00733	0.02430	0.01447	0.74921	0.02005	0.01756	0.01273	0.00633	0.00507	0.00157	0.00426	0.00514	0.05215	0.00852
58	0.00822	0.08152	0.00881	0.00793	0.00886	0.08074	0.00571	0.00927	0.01023	0.01289	0.02360	0.62115	0.02766	0.01525	0.05076	0.00227	0.00441	0.01192	0.00421	0.00458
59	0.85592	0.00992	0.00754	0.00675	0.00992	0.01151	0.00556	0.01508	0.00873	0.02302	0.00714	0.00834	0.00556	0.00476	0.00318	0.00159	0.00397	0.00278	0.00318	0.00556
60	0.85592	0.00992	0.00754	0.00675	0.00992	0.01151	0.00556	0.01508	0.00873	0.02302	0.00714	0.00834	0.00556	0.00476	0.00318	0.00159	0.00397	0.00278	0.00318	0.00556
61	0.00606	0.00520	0.00520	0.00520	0.00693	0.00433	0.00390	0.00736	0.01170	0.01386	0.05198	0.04938	0.78558	0.01299	0.00606	0.00173	0.00260	0.01083	0.00476	0.00433
62	0.00698	0.00519	0.00650	0.00626	0.00752	0.00471	0.00466	0.00911	0.01373	0.01890	0.60590	0.08424	0.18479	0.01127	0.00608	0.00166	0.00249	0.00987	0.00543	0.00471
63	0.00647	0.00454	0.00600	0.00715	0.00752	0.00427	0.00486	0.00748	0.00994	0.01343	0.02777	0.75270	0.03292	0.01559	0.00645	0.00206	0.00303	0.04517	0.03841	0.00422
64	0.01276	0.01102	0.01160	0.01044	0.01334	0.01276	0.00812	0.02727	0.77840	0.02146	0.02088	0.01914	0.01566	0.00696	0.00522	0.00174	0.00406	0.00580	0.00522	0.00812
65	0.02302	0.00873	0.01191	0.00913	0.01310	0.00754	0.00754	0.02501	0.01469	0.79122	0.02024	0.01746	0.01270	0.00635	0.00516	0.00159	0.00437	0.00516	0.00635	0.00873
66	0.01951	0.01437	0.01540	0.01181	0.01591	0.01591	0.00975	0.77056	0.02412	0.03234	0.01232	0.01232	0.00873	0.00616	0.00513	0.00154	0.00565	0.00462	0.00513	0.00873
67	0.01123	0.01123	0.01572	0.01347	0.01347	0.01572	0.01123	0.01235	0.00786	0.01235	0.00674	0.01123	0.00674	0.00898	0.01684	0.00225	0.81028	0.00449	0.00225	0.00561
68	0.01917	0.02445	0.01454	0.01322	0.01586	0.79907	0.00991	0.02049	0.01454	0.01256	0.00793	0.00925	0.00661	0.00529	0.00463	0.00132	0.00925	0.00330	0.00264	0.00595
69	0.01064	0.00912	0.01064	0.00760	0.01216	0.00684	0.00608	0.01292	0.01064	0.01672	0.00912	0.01064	0.00760	0.00380	0.00380	0.00076	0.00380	0.00304	0.00304	0.85104
70	0.85592	0.00992	0.00754	0.00675	0.00992	0.01151	0.00556	0.01508	0.00873	0.02302	0.00714	0.00834	0.00556	0.00476	0.00318	0.00159	0.00397	0.00278	0.00318	0.00556
71	0.85592	0.00992	0.00754	0.00675	0.00992	0.01151	0.00556	0.01508	0.00873	0.02302	0.00714	0.00834	0.00556	0.00476	0.00318	0.00159	0.00397	0.00278	0.00318	0.00556
72	0.01064	0.00912	0.01064	0.00760	0.01216	0.00684	0.00608	0.01292	0.01064	0.01672	0.00912	0.01064	0.00760	0.00380	0.00380	0.00076	0.00380	0.00304	0.00304	0.85104
73	0.01149	0.07735	0.60205	0.01476	0.02146	0.08416	0.08632	0.01659	0.01126	0.01566	0.00906	0.01079	0.00663	0.00483	0.00486	0.00157	0.00770	0.00389	0.00225	0.00731
74	0.09621	0.02189	0.01378	0.01235	0.01516	0.65507	0.00937	0.04619	0.01435	0.05810	0.00870	0.00974	0.00693	0.00533	0.00454	0.00137	0.00837	0.00341	0.00299	0.00617
75	0.01372	0.82276	0.02689	0.00878	0.01317	0.02030	0.00878	0.01536	0.01043	0.01207	0.00713	0.00823	0.00658	0.00439	0.00329	0.00110	0.00549	0.00274	0.00219	0.00658
76	0.00746	0.00497	0.00560	0.00560	0.00560	0.00497	0.00311	0.00746	0.00746	0.00995	0.01617	0.03358	0.01865	0.81967	0.02612	0.00497	0.00497	0.00746	0.00311	0.00311
77	0.85592	0.00992	0.00754	0.00675	0.00992	0.01151	0.00556	0.01508	0.00873	0.02302	0.00714	0.00834	0.00556	0.00476	0.00318	0.00159	0.00397	0.00278	0.00318	0.00556
78	0.00606	0.00520	0.00520	0.00520	0.00693	0.00433	0.00390	0.00736	0.01170	0.01386	0.05198	0.04938	0.78558	0.01299	0.00606	0.00173	0.00260	0.01083	0.00476	0.00433
79	0.01270	0.01219	0.02083	0.03149	0.78767	0.01219	0.01575	0.01575	0.01168	0.01676	0.00965	0.01270	0.00813	0.00457	0.00508	0.00152	0.00610	0.00457	0.00254	0.00813
80	0.00744	0.00505	0.00598	0.00598	0.00612	0.00518	0.00359	0.00771	0.00758	0.01024	0.01581	0.03162	0.01780	0.70546	0.13916	0.00545	0.00626	0.00717	0.00306	0.00332
81	0.01917	0.02445	0.01454	0.01322	0.01586	0.79907	0.00991	0.02049	0.01454	0.01256	0.00793	0.00925	0.00661	0.00529	0.00463	0.00132	0.00925	0.00330	0.00264	0.00595
82	0.00963	0.00491	0.00492	0.00490	0.00613	0.00495	0.00368	0.01228	0.02681	0.01918	0.01683	0.01913	0.01320	0.00600	0.00362	0.00121	0.00243	0.00480	0.83054	0.00485
83	0.03986	0.09906	0.69558	0.01382	0.02095	0.01267	0.01756	0.01613	0.01072	0.01610	0.00895	0.01051	0.00648	0.00483	0.00467	0.00158	0.00727	0.00366	0.00220	0.00742
84	0.01917	0.02445	0.01454	0.01322	0.01586	0.79907	0.00991	0.02049	0.01454	0.01256	0.00793	0.00925	0.00661	0.00529	0.00463	0.00132	0.00925	0.00330	0.00264	0.00595
85	0.85592	0.00992	0.00754	0.00675	0.00992	0.01151	0.00556	0.01508	0.00873	0.02302	0.00714	0.00834	0.00556	0.00476	0.00318	0.00159	0.00397	0.00278	0.00318	0.00556
86	0.85592	0.00992	0.00754	0.00675	0.00992	0.01151	0.00556	0.01508	0.00873	0.02302	0.00714	0.00834	0.00556	0.00476	0.00318	0.00159	0.00397	0.00278	0.00318	0.00556
87	0.01064	0.00912	0.01064	0.00760	0.01216	0.00684	0.00608	0.01292	0.01064	0.01672	0.00912	0.01064	0.00760	0.00380	0.00380	0.00076	0.00380	0.00304	0.00304	0.85104
88	0.02302	0.00873	0.01191	0.00913	0.01310	0.00754	0.00754	0.02501	0.01469	0.79122	0.02024	0.01746	0.01270	0.00635	0.00516	0.00159	0.00437	0.00516	0.00635	0.00873
89	0.01064	0.00912	0.01064	0.00760	0.01216	0.00684	0.00608	0.01292	0.01064	0.01672	0.00912	0.01064	0.00760	0.00380	0.00380	0.00076	0.00380	0.00304	0.00304	0.85104
90	0.01372	0.82276	0.02689	0.00878	0.01317	0.02030	0.00878	0.01536	0.01043	0.01207	0.00713	0.00823	0.00658	0.00439	0.00329	0.00110	0.00549	0.00274	0.00219	0.00658
91	0.02050	0.01130	0.01280	0.01027	0.01365	0.12560	0.02462	0.02274	0.03530	0.55286	0.04367	0.01647	0.01256	0.00651	0.00600	0.00161	0.06527	0.00501	0.00536	0.00790
92	0.00723	0.00502	0.00581	0.00580	0.00620	0.00485	0.00359	0.00785	0.00928	0.01244	0.16227	0.07849	0.09539	0.55228	0.01950	0.00390	0.00418	0.00849	0.00382	0.00360
93	0.01276	0.01102	0.01160	0.01044	0.01334	0.01276	0.00812	0.02727	0.77840	0.02146	0.02088	0.01914	0.01566	0.00696	0.00522	0.00174	0.00406	0.00580	0.00522	0.00812
94	0.01898	0.05207	0.01497	0.01307	0.01577	0.77214	0.00987	0.02031	0.01440	0.01254	0.00790	0.00922	0.00661	0.00526	0.00458	0.00131	0.00912	0.00329	0.00263	0.00597
95	0.01352	0.01415	0.01901	0.02222	0.36715	0.14722	0.08247	0.03989	0.01168	0.01542	0.00913	0.02482	0.00795	0.00594	0.00788	0.00169	0.19562	0.00464	0.00261	0.00701
96	0.00627	0.00526	0.00549	0.00560	0.00728	0.00448	0.00431	0.00767	0.01171	0.01400	0.04964	0.05018	0.71428	0.01311	0.00616	0.00179	0.00280	0.08083	0.00476	0.00437
97	0.00763	0.00583	0.00839	0.00823	0.00894	0.00687	0.00627	0.00914	0.00810	0.01165	0.01360	0.02150	0.01325	0.15210	0.62844	0.00733	0.06979	0.00572	0.00277	0.00444
98	0.01615	0.04492	0.08923	0.01882	0.24295	0.01097	0.17467	0.01929	0.01274	0.29796	0.01352	0.01433	0.00951	0.00519	0.00523	0.00158	0.00613	0.00496	0.00389	0.00798
99	0.00654	0.00502	0.00669	0.08027	0.00992	0.00486	0.00549	0.00773	0.01018	0.01323	0.03049	0.61406	0.15747	0.01455	0.00634	0.00199	0.00327	0.01304	0.00454	0.00434
100	0.01700	0.01313	0.01399	0.01130	0.01496	0.01474	0.00915	0.49462	0.30413	0.02830	0.01550	0.01485	0.01130	0.00646	0.00517	0.00161	0.00506	0.00506	0.00517	0.00850
101	0.22395	0.01064	0.01061	0.01020	0.04304	0.03357	0.00769	0.02198	0.46234	0.02089	0.01702	0.03199	0.01360	0.00680	0.00478	0.00171	0.00425	0.04572	0.02212	0.00709
102	0.05527	0.01962	0.47975	0.01344	0.06023	0.01084	0.01460	0.01800	0.06933	0.14358	0.04352	0.01430	0.02372	0.00562	0.00494	0.00162	0.00624	0.00450	0.00334	0.00757
103	0.00608	0.00513	0.00527	0.00538	0.00698	0.00432	0.00398	0.00734	0.01152	0.01379	0.04980	0.11978	0.71659	0.01328	0.00611	0.00176	0.00263	0.01117	0.00476	0.00432
104	0.01303	0.01224	0.02023	0.04354	0.71478	0.01240	0.01522	0.05849	0.02839	0.01768	0.01003	0.01283	0.00830	0.00472	0.00509	0.00153	0.00604	0.00460	0.00274	0.00812
105	0.01230	0.04298	0.42484	0.01653	0.03870	0.03806	0.24819	0.04572	0.01206	0.05710	0.01017	0.01208	0.00734	0.00483	0.00522	0.00163	0.00763	0.00456	0.00265	0.00741
106	0.00734	0.00547	0.00810	0.00810	0.00896	0.00633	0.00623	0.00907	0.00820	0.01180	0.01388	0.02091	0.01316	0.08252	0.75575	0.00806	0.01325	0.00561	0.00277	0.00450
107	0.01236	0.01182	0.02004	0.11854	0.68825	0.01211	0.01543	0.01567	0.02600	0.01644	0.00980	0.01293	0.00812	0.00468	0.00509	0.00155	0.00614	0.00459	0.00256	0.00785
108	0.00742	0.00603	0.00672	0.00689	0.00833	0.00587	0.00502	0.01109	0.15403	0.01528	0.06731	0.30617	0.35509	0.01283	0.00607	0.00185	0.00299	0.01112	0.00488	0.00500
109	0.01229	0.00631	0.00839	0.00737	0.00940	0.00565	0.00570	0.01441	0.01410	0.27107	0.45349	0.10313	0.04816	0.00970	0.00581	0.00165	0.00311	0.00845	0.00578	0.00604

[dist]
# distance from previous block
# <min> <max>
2	5

[block]
# block no. 2 follows, 48 sequences, length 16
# corresponding to MSA columns:
# 1691-1706
name=unknown_C
#
# <colnr> <probs for GDERKNQSTAVLIFYWHMCP>
#	G	D	E	R	K	N	Q	S	T	A	V	L	I	F	Y	W	H	M	C	P
0	0.01370	0.02904	0.09054	0.01430	0.01835	0.03860	0.26298	0.11213	0.04550	0.10866	0.02824	0.08394	0.01162	0.00641	0.00619	0.00165	0.05852	0.00591	0.00367	0.06007
1	0.00684	0.00523	0.00628	0.00602	0.00741	0.00466	0.00451	0.00887	0.01353	0.01823	0.52860	0.04219	0.30624	0.01137	0.00606	0.00166	0.00248	0.00982	0.00534	0.00466
2	0.01418	0.75531	0.02584	0.00915	0.01340	0.08610	0.00888	0.01580	0.01077	0.01211	0.00720	0.00832	0.00659	0.00447	0.00341	0.00112	0.00581	0.00279	0.00223	0.00653
3	0.00638	0.00503	0.00576	0.00596	0.00722	0.00441	0.00432	0.00784	0.01188	0.01520	0.21279	0.23397	0.43467	0.01318	0.00618	0.00179	0.00265	0.01139	0.00497	0.00441
4	0.14791	0.01380	0.07877	0.01075	0.01473	0.04024	0.00934	0.34410	0.15400	0.11517	0.01355	0.01329	0.00968	0.00597	0.00481	0.00159	0.00524	0.00449	0.00465	0.00793
5	0.01213	0.01148	0.01868	0.02742	0.65406	0.01155	0.01407	0.01599	0.07647	0.01691	0.01430	0.01645	0.07666	0.00551	0.00518	0.00156	0.00562	0.00522	0.00296	0.00780
6	0.00709	0.00537	0.00659	0.00639	0.00772	0.00489	0.00474	0.00938	0.03248	0.01811	0.49371	0.13699	0.20555	0.01149	0.00604	0.00168	0.00260	0.01005	0.00528	0.02384
7	0.80128	0.06265	0.00880	0.00688	0.01013	0.01208	0.00577	0.01510	0.00884	0.02231	0.00714	0.00833	0.00562	0.00474	0.00318	0.00156	0.00407	0.00278	0.00311	0.00562
8	0.00976	0.00835	0.03530	0.00988	0.07786	0.00796	0.00712	0.09292	0.12578	0.02054	0.39744	0.03119	0.13691	0.00917	0.00571	0.00163	0.00351	0.00791	0.00502	0.00603
9	0.01537	0.01572	0.01303	0.01158	0.01439	0.27119	0.00896	0.08621	0.43724	0.01911	0.01541	0.01504	0.01179	0.00642	0.00544	0.00160	0.03504	0.00484	0.00426	0.00737
10	0.01574	0.03095	0.06469	0.01307	0.07955	0.17435	0.01006	0.25588	0.17685	0.03471	0.08029	0.01533	0.01304	0.00628	0.00507	0.00154	0.00591	0.00492	0.00424	0.00753
11	0.01072	0.00646	0.00843	0.00773	0.00909	0.00675	0.00577	0.01251	0.04208	0.16327	0.01901	0.02557	0.08179	0.25165	0.28277	0.00488	0.04615	0.00643	0.00381	0.00514
12	0.01270	0.37553	0.25732	0.01185	0.04526	0.06661	0.01204	0.01729	0.10529	0.01494	0.03059	0.01141	0.00886	0.00508	0.00424	0.00138	0.00614	0.00372	0.00269	0.00705
13	0.00666	0.00514	0.00608	0.00602	0.00734	0.00456	0.00445	0.00846	0.01286	0.01702	0.40377	0.12905	0.34583	0.01213	0.00611	0.00171	0.00255	0.01050	0.00519	0.00456
14	0.10119	0.11539	0.13055	0.01146	0.01538	0.34755	0.01024	0.03371	0.01313	0.16056	0.01034	0.01087	0.00767	0.00528	0.00447	0.00142	0.00705	0.00363	0.00331	0.00680
15	0.67845	0.01258	0.00906	0.00806	0.01118	0.14548	0.00647	0.04791	0.01037	0.02164	0.00750	0.00866	0.00587	0.00491	0.00350	0.00154	0.00494	0.00295	0.00317	0.00576

[dist]
# distance from previous block
# <min> <max>
0	3

[block]
# block no. 3 follows, 48 sequences, length 34
# corresponding to MSA columns:
# 1710-1743
name=unknown_D
#
# <colnr> <probs for GDERKNQSTAVLIFYWHMCP>
#	G	D	E	R	K	N	Q	S	T	A	V	L	I	F	Y	W	H	M	C	P
0	0.08924	0.01245	0.02014	0.04442	0.53640	0.03762	0.11250	0.02924	0.01185	0.04327	0.00985	0.01252	0.00794	0.00468	0.00503	0.00156	0.00629	0.00458	0.00277	0.00764
1	0.01117	0.01093	0.06979	0.01025	0.03102	0.00844	0.07626	0.04618	0.03112	0.02841	0.01087	0.05609	0.00932	0.00493	0.00461	0.00110	0.01888	0.00424	0.00320	0.56320
2	0.00735	0.00496	0.00577	0.00588	0.00596	0.00498	0.00344	0.00753	0.00772	0.01034	0.01713	0.10342	0.01972	0.70473	0.06641	0.00489	0.00527	0.00800	0.00324	0.00328
3	0.01039	0.00858	0.00953	0.00871	0.01092	0.00940	0.00670	0.01975	0.45575	0.02082	0.31402	0.02769	0.05914	0.00855	0.00557	0.00169	0.00338	0.00733	0.00537	0.00672
4	0.00721	0.00520	0.00681	0.00649	0.00765	0.00480	0.00484	0.00954	0.01426	0.02016	0.74298	0.08149	0.04761	0.01080	0.00608	0.00164	0.00245	0.00957	0.00560	0.00480
5	0.01100	0.10939	0.68273	0.01396	0.02102	0.04368	0.01754	0.01632	0.01094	0.01567	0.00894	0.01050	0.00651	0.00484	0.00470	0.00156	0.00743	0.00366	0.00219	0.00741
6	0.00708	0.00524	0.00661	0.00626	0.00755	0.00476	0.00470	0.00933	0.01409	0.01955	0.67348	0.04001	0.16053	0.01087	0.00605	0.00163	0.00245	0.00952	0.00551	0.00476
7	0.00606	0.00520	0.00520	0.00520	0.00693	0.00433	0.00390	0.00736	0.01170	0.01386	0.05198	0.04938	0.78558	0.01299	0.00606	0.00173	0.00260	0.01083	0.00476	0.00433
8	0.01372	0.82276	0.02689	0.00878	0.01317	0.02030	0.00878	0.01536	0.01043	0.01207	0.00713	0.00823	0.00658	0.00439	0.00329	0.00110	0.00549	0.00274	0.00219	0.00658
9	0.01966	0.01413	0.01525	0.01169	0.01579	0.01555	0.00966	0.73831	0.02372	0.06517	0.01266	0.01254	0.00890	0.00617	0.00513	0.00154	0.00559	0.00464	0.00519	0.00873
10	0.00726	0.00524	0.00686	0.00646	0.00767	0.00484	0.00484	0.00968	0.01452	0.02058	0.78496	0.03833	0.04841	0.01049	0.00605	0.00161	0.00242	0.00928	0.00565	0.00484
11	0.01978	0.01237	0.13965	0.01036	0.01484	0.00947	0.00965	0.11795	0.04522	0.52292	0.03276	0.01621	0.01202	0.00619	0.00513	0.00159	0.00500	0.00498	0.00546	0.00844
12	0.01535	0.40859	0.01967	0.01035	0.01376	0.35100	0.00882	0.01683	0.01230	0.01244	0.01152	0.01238	0.07682	0.00555	0.00411	0.00125	0.00683	0.00371	0.00262	0.00611
13	0.00733	0.00550	0.00825	0.00825	0.00916	0.00641	0.00641	0.00916	0.00825	0.01191	0.01374	0.02016	0.01283	0.03848	0.79934	0.00825	0.01374	0.00550	0.00275	0.00458
14	0.00710	0.00512	0.00672	0.00656	0.00763	0.00474	0.00483	0.00929	0.01379	0.01941	0.66725	0.15936	0.04616	0.01136	0.00613	0.00169	0.00251	0.01011	0.00551	0.00474
15	0.01184	0.01166	0.07614	0.25388	0.05258	0.08060	0.09475	0.04493	0.02505	0.08164	0.01470	0.18463	0.01358	0.00754	0.00544	0.00172	0.00606	0.00677	0.02031	0.00618
16	0.00824	0.00686	0.00929	0.00919	0.00945	0.00826	0.00694	0.00932	0.00920	0.01328	0.01989	0.47605	0.02289	0.01285	0.00994	0.00208	0.28583	0.01033	0.06541	0.00472
17	0.00809	0.00578	0.00806	0.00924	0.01034	0.00575	0.00795	0.01032	0.01163	0.01515	0.02727	0.12626	0.02993	0.01435	0.00704	0.00234	0.00457	0.68655	0.00473	0.00467
18	0.01186	0.01628	0.24472	0.05766	0.51048	0.01211	0.04131	0.01581	0.01139	0.01646	0.00953	0.01224	0.00759	0.00467	0.00505	0.00157	0.00664	0.00439	0.00242	0.00783
19	0.01084	0.06845	0.63418	0.01389	0.02064	0.01251	0.03126	0.01764	0.11090	0.01670	0.01064	0.01183	0.00772	0.00511	0.00485	0.00161	0.00703	0.00404	0.00257	0.00759
20	0.00606	0.00520	0.00520	0.00520	0.00693	0.00433	0.00390	0.00736	0.01170	0.01386	0.05198	0.04938	0.78558	0.01299	0.00606	0.00173	0.00260	0.01083	0.00476	0.00433
21	0.00746	0.00497	0.00560	0.00560	0.00560	0.00497	0.00311	0.00746	0.00746	0.00995	0.01617	0.03358	0.01865	0.81967	0.02612	0.00497	0.00497	0.00746	0.00311	0.00311
22	0.01405	0.77425	0.02614	0.00905	0.01333	0.06762	0.00885	0.01568	0.01068	0.01210	0.00718	0.00829	0.00659	0.00444	0.00337	0.00111	0.00572	0.00278	0.00222	0.00655
23	0.00751	0.00504	0.00577	0.00585	0.00593	0.00504	0.00345	0.00767	0.00775	0.01030	0.01689	0.03517	0.01937	0.76699	0.02487	0.00480	0.00496	0.05623	0.00321	0.00321
24	0.23609	0.13298	0.20826	0.01040	0.01508	0.01174	0.05218	0.01771	0.01139	0.20787	0.04266	0.01271	0.00956	0.00533	0.00438	0.00153	0.00539	0.00406	0.00363	0.00704
25	0.01204	0.01178	0.02087	0.18295	0.55003	0.01213	0.10420	0.01531	0.01145	0.01601	0.00963	0.01303	0.00783	0.00465	0.00520	0.00158	0.00654	0.00474	0.00250	0.00751
26	0.00625	0.00447	0.00595	0.00714	0.00744	0.00417	0.00476	0.00714	0.00982	0.01310	0.02828	0.81633	0.03394	0.01608	0.00655	0.00208	0.00298	0.01459	0.00476	0.00417
27	0.01153	0.01104	0.01884	0.34846	0.39537	0.01210	0.05665	0.03055	0.01126	0.01543	0.00944	0.01311	0.00755	0.00496	0.00553	0.00164	0.03242	0.00465	0.00248	0.00700
28	0.04848	0.48633	0.11940	0.01220	0.08287	0.04991	0.04141	0.02976	0.01128	0.06378	0.00871	0.00988	0.00715	0.00467	0.00396	0.00129	0.00596	0.00338	0.00261	0.00696
29	0.00745	0.00500	0.00575	0.00575	0.00580	0.00506	0.00330	0.00756	0.00751	0.01006	0.01603	0.03281	0.01832	0.77475	0.07058	0.00516	0.00548	0.00735	0.00309	0.00319
30	0.00710	0.00512	0.00671	0.00657	0.00763	0.00473	0.00483	0.00927	0.01376	0.01936	0.66154	0.16522	0.04605	0.01140	0.00613	0.00169	0.00251	0.01015	0.00550	0.00473
31	0.03525	0.01344	0.01455	0.01126	0.01524	0.01468	0.00927	0.64306	0.05111	0.09973	0.01418	0.01383	0.02743	0.00634	0.00512	0.00156	0.00537	0.00482	0.00520	0.00854
32	0.75977	0.01073	0.02752	0.00740	0.01076	0.01192	0.00626	0.08322	0.01017	0.02370	0.00766	0.00876	0.00587	0.00489	0.00339	0.00158	0.00421	0.00297	0.00333	0.00589
33	0.01269	0.01391	0.11885	0.09714	0.53921	0.01241	0.01535	0.07894	0.03011	0.01778	0.01003	0.01266	0.00803	0.00485	0.00507	0.00156	0.00627	0.00450	0.00275	0.00789

[dist]
# distance from previous block
# <min> <max>
0	8

[block]
# block no. 4 follows, 48 sequences, length 186
# corresponding to MSA columns:
# 1752-1937
name=unknown_E
#
# <colnr> <probs for GDERKNQSTAVLIFYWHMCP>
#	G	D	E	R	K	N	Q	S	T	A	V	L	I	F	Y	W	H	M	C	P
0	0.01234	0.01182	0.02018	0.12438	0.69760	0.01210	0.01557	0.01543	0.01151	0.01633	0.00959	0.01282	0.00797	0.00464	0.00509	0.00155	0.00618	0.00457	0.00251	0.00784
1	0.00791	0.00576	0.00779	0.00882	0.01004	0.00564	0.00758	0.01008	0.01172	0.01508	0.03036	0.08630	0.12563	0.01410	0.00694	0.00227	0.00439	0.63022	0.00473	0.00465
2	0.00916	0.00840	0.01393	0.68355	0.03102	0.01028	0.01278	0.01219	0.01019	0.01311	0.01208	0.13785	0.01103	0.00682	0.00535	0.00177	0.00624	0.00611	0.00266	0.00546
3	0.00606	0.00520	0.00520	0.00520	0.00693	0.00433	0.00390	0.00736	0.01170	0.01386	0.05198	0.04938	0.78558	0.01299	0.00606	0.00173	0.00260	0.01083	0.00476	0.00433
4	0.01372	0.82276	0.02689	0.00878	0.01317	0.02030	0.00878	0.01536	0.01043	0.01207	0.00713	0.00823	0.00658	0.00439	0.00329	0.00110	0.00549	0.00274	0.00219	0.00658
5	0.02075	0.01237	0.01416	0.01086	0.01491	0.01294	0.00897	0.50596	0.02078	0.30166	0.01513	0.01415	0.01014	0.00623	0.00514	0.00156	0.00519	0.00481	0.00557	0.00873
6	0.00774	0.00553	0.00766	0.00884	0.00979	0.00545	0.00734	0.00971	0.01129	0.01476	0.02746	0.25785	0.03069	0.01468	0.00695	0.00229	0.00426	0.55841	0.00473	0.00458
7	0.01917	0.02445	0.01454	0.01322	0.01586	0.79907	0.00991	0.02049	0.01454	0.01256	0.00793	0.00925	0.00661	0.00529	0.00463	0.00132	0.00925	0.00330	0.00264	0.00595
8	0.85592	0.00992	0.00754	0.00675	0.00992	0.01151	0.00556	0.01508	0.00873	0.02302	0.00714	0.00834	0.00556	0.00476	0.00318	0.00159	0.00397	0.00278	0.00318	0.00556
9	0.00726	0.00524	0.00686	0.00646	0.00767	0.00484	0.00484	0.00968	0.01452	0.02058	0.78496	0.03833	0.04841	0.01049	0.00605	0.00161	0.00242	0.00928	0.00565	0.00484
10	0.01234	0.01054	0.01129	0.01035	0.01309	0.01212	0.00814	0.02571	0.70690	0.02089	0.02147	0.02276	0.01696	0.00763	0.00540	0.00180	0.00412	0.07550	0.00517	0.00780
11	0.85592	0.00992	0.00754	0.00675	0.00992	0.01151	0.00556	0.01508	0.00873	0.02302	0.00714	0.00834	0.00556	0.00476	0.00318	0.00159	0.00397	0.00278	0.00318	0.00556
12	0.01722	0.01270	0.01365	0.01038	0.01455	0.04319	0.00848	0.44980	0.01892	0.09767	0.01195	0.01219	0.00868	0.00545	0.00473	0.00131	0.00513	0.00416	0.00454	0.25533
13	0.00733	0.00550	0.00825	0.00825	0.00916	0.00641	0.00641	0.00916	0.00825	0.01191	0.01374	0.02016	0.01283	0.03848	0.79934	0.00825	0.01374	0.00550	0.00275	0.00458
14	0.00726	0.00524	0.00686	0.00646	0.00767	0.00484	0.00484	0.00968	0.01452	0.02058	0.78496	0.03833	0.04841	0.01049	0.00605	0.00161	0.00242	0.00928	0.00565	0.00484
15	0.01258	0.01453	0.06054	0.44463	0.12521	0.21352	0.02809	0.01558	0.01161	0.01368	0.00891	0.01226	0.00694	0.00507	0.00500	0.00158	0.00744	0.00422	0.00241	0.00620
16	0.01027	0.02466	0.70520	0.08870	0.02353	0.01189	0.03361	0.01596	0.01081	0.01596	0.00922	0.01116	0.00656	0.00489	0.00492	0.00164	0.00754	0.00391	0.00219	0.00739
17	0.00606	0.00520	0.00520	0.00520	0.00693	0.00433	0.00390	0.00736	0.01170	0.01386	0.05198	0.04938	0.78558	0.01299	0.00606	0.00173	0.00260	0.01083	0.00476	0.00433
18	0.00735	0.00493	0.00563	0.00574	0.00577	0.00490	0.00326	0.00743	0.00768	0.01024	0.01730	0.10658	0.02008	0.74473	0.02429	0.00470	0.00479	0.00813	0.00326	0.00321
19	0.00662	0.00479	0.00625	0.00680	0.00750	0.00442	0.00475	0.00809	0.01165	0.01590	0.30896	0.49258	0.07487	0.01387	0.00634	0.00189	0.00275	0.01245	0.00509	0.00442
20	0.03293	0.02274	0.08843	0.01527	0.08374	0.59979	0.05284	0.01936	0.01371	0.01367	0.00832	0.00993	0.00678	0.00512	0.00474	0.00139	0.00869	0.00360	0.00260	0.00634
21	0.01078	0.00907	0.08388	0.26518	0.01879	0.00830	0.05867	0.01393	0.01097	0.07083	0.01342	0.01614	0.01012	0.00552	0.00447	0.00146	0.00485	0.00473	0.38311	0.00575
22	0.00625	0.00447	0.00595	0.00714	0.00744	0.00417	0.00476	0.00714	0.00982	0.01310	0.02828	0.81633	0.03394	0.01608	0.00655	0.00208	0.00298	0.01459	0.00476	0.00417
23	0.77173	0.01028	0.00854	0.00802	0.04055	0.01181	0.00621	0.06152	0.00979	0.02335	0.00756	0.00875	0.00585	0.00484	0.00337	0.00158	0.00415	0.00296	0.00327	0.00585
24	0.02302	0.00873	0.01191	0.00913	0.01310	0.00754	0.00754	0.02501	0.01469	0.79122	0.02024	0.01746	0.01270	0.00635	0.00516	0.00159	0.00437	0.00516	0.00635	0.00873
25	0.01586	0.01127	0.01296	0.01025	0.01396	0.01155	0.02430	0.32013	0.15238	0.12209	0.01531	0.07217	0.01204	0.00653	0.00501	0.00147	0.00470	0.00533	0.00480	0.17789
26	0.01235	0.04354	0.43928	0.01666	0.17504	0.01162	0.01543	0.03294	0.05248	0.08921	0.02423	0.01269	0.00870	0.00513	0.00490	0.00156	0.00646	0.00423	0.00295	0.04059
27	0.01659	0.31244	0.09029	0.01079	0.01513	0.08367	0.03875	0.15183	0.02913	0.17322	0.02472	0.01208	0.00913	0.00537	0.00445	0.00139	0.00585	0.00401	0.00372	0.00744
28	0.30651	0.01214	0.01113	0.00916	0.01244	0.06392	0.00745	0.35404	0.01631	0.02597	0.01087	0.01171	0.00812	0.00560	0.00421	0.00149	0.00484	0.00392	0.12327	0.00690
29	0.00873	0.00557	0.00733	0.00670	0.00817	0.00509	0.00509	0.01111	0.01454	0.09245	0.71364	0.03638	0.04508	0.01010	0.00597	0.00161	0.00260	0.00890	0.00571	0.00520
30	0.00715	0.00524	0.00670	0.00634	0.00760	0.00479	0.00475	0.00947	0.01426	0.01995	0.71660	0.03936	0.11717	0.01072	0.00605	0.00162	0.00244	0.00942	0.00557	0.00479
31	0.01108	0.01103	0.01569	0.08751	0.01551	0.01531	0.01151	0.01242	0.00808	0.01242	0.00696	0.01145	0.00675	0.00862	0.01575	0.00220	0.73535	0.00450	0.00225	0.00562
32	0.01246	0.01044	0.01097	0.00991	0.01266	0.01202	0.00770	0.02584	0.70680	0.02125	0.02050	0.01914	0.01543	0.00687	0.00507	0.00169	0.00391	0.00571	0.08384	0.00781
