[name]
unknown

[dist]
# distance from previous block
# <min> <max>
0	60

[block]
# block no. 0 follows, 50 sequences, length 25
# corresponding to MSA columns:
# 63-87
name=unknown_A
#
# <colnr> <probs for GDERKNQSTAVLIFYWHMCP>
#	G	D	E	R	K	N	Q	S	T	A	V	L	I	F	Y	W	H	M	C	P
0	0.01113	0.31456	0.01543	0.00932	0.01179	0.09554	0.00839	0.01306	0.01125	0.01344	0.01715	0.03322	0.01801	0.00931	0.00526	0.00173	0.00533	0.39725	0.00346	0.00539
1	0.01604	0.03800	0.24092	0.11947	0.01842	0.01024	0.01164	0.07280	0.05029	0.35046	0.01421	0.01407	0.00952	0.00555	0.00488	0.00156	0.00558	0.00447	0.00420	0.00767
2	0.01401	0.21102	0.08742	0.01327	0.07009	0.21647	0.08113	0.01827	0.13911	0.03418	0.01098	0.01204	0.02091	0.00535	0.00507	0.00143	0.04557	0.00407	0.00293	0.00668
3	0.00805	0.00657	0.00911	0.00839	0.01005	0.00628	0.08365	0.07419	0.02957	0.01582	0.09946	0.32404	0.23602	0.01202	0.00603	0.00182	0.00365	0.05584	0.00453	0.00492
4	0.00663	0.00460	0.00575	0.00635	0.00655	0.00450	0.00403	0.00717	0.00848	0.01136	0.02171	0.44283	0.02556	0.36213	0.05631	0.00354	0.00427	0.01075	0.00384	0.00363
5	0.01414	0.01569	0.01480	0.04712	0.12024	0.32558	0.01061	0.05271	0.01166	0.01365	0.00889	0.04606	0.00813	0.00774	0.03613	0.00187	0.25198	0.00439	0.00263	0.00597
6	0.04328	0.04105	0.14074	0.01505	0.16536	0.04715	0.05115	0.02064	0.26846	0.13436	0.01426	0.01443	0.01052	0.00554	0.00487	0.00157	0.00542	0.00470	0.00385	0.00760
7	0.01231	0.01251	0.01536	0.01249	0.01540	0.17020	0.22122	0.01786	0.20704	0.01703	0.08537	0.04935	0.01461	0.00626	0.00509	0.00154	0.00580	0.00574	0.11858	0.00625
8	0.00839	0.00521	0.00567	0.00553	0.00607	0.00527	0.00351	0.04568	0.00903	0.01342	0.01597	0.04658	0.01644	0.52364	0.01746	0.00352	0.00408	0.00651	0.25425	0.00379
9	0.01338	0.25828	0.24460	0.01030	0.01487	0.04415	0.01077	0.04229	0.05152	0.14179	0.10877	0.01456	0.01295	0.00567	0.00448	0.00141	0.00545	0.00437	0.00346	0.00692
10	0.01082	0.08364	0.32743	0.01548	0.11555	0.04597	0.12942	0.01535	0.06131	0.01532	0.01268	0.10690	0.02590	0.00615	0.00503	0.00159	0.00641	0.00550	0.00277	0.00677
11	0.00607	0.00434	0.00578	0.00694	0.00723	0.00405	0.00463	0.00694	0.00954	0.01272	0.02747	0.82157	0.03297	0.01562	0.00636	0.00202	0.00289	0.01417	0.00463	0.00405
12	0.01171	0.01171	0.01900	0.34554	0.27907	0.06062	0.13919	0.04537	0.01151	0.01515	0.00928	0.01269	0.00726	0.00473	0.00509	0.00158	0.00680	0.00460	0.00248	0.00664
13	0.04955	0.04735	0.13019	0.02016	0.33167	0.05266	0.09979	0.07306	0.09523	0.01774	0.02822	0.01288	0.00911	0.00499	0.00488	0.00152	0.00613	0.00452	0.00297	0.00738
14	0.01086	0.00584	0.00726	0.00681	0.00868	0.00509	0.00513	0.01222	0.01171	0.24569	0.05262	0.28487	0.30037	0.01160	0.00578	0.00175	0.00315	0.01001	0.00511	0.00544
15	0.00708	0.00501	0.00567	0.00580	0.00649	0.00477	0.00394	0.00791	0.00930	0.01218	0.05760	0.03917	0.22618	0.43468	0.01603	0.00337	0.00397	0.10247	0.04473	0.00368
16	0.07460	0.20377	0.21006	0.01138	0.01611	0.04722	0.06619	0.10497	0.07220	0.13113	0.01115	0.01164	0.00817	0.00511	0.00443	0.00145	0.00586	0.00395	0.00338	0.00722
17	0.14124	0.27533	0.39906	0.01119	0.01671	0.05058	0.01292	0.01553	0.01025	0.01535	0.00795	0.00929	0.00621	0.00459	0.00399	0.00140	0.00627	0.00319	0.00228	0.00669
18	0.00674	0.00498	0.00566	0.00569	0.00702	0.00445	0.00427	0.00845	0.01192	0.01600	0.26343	0.10744	0.38437	0.01141	0.00569	0.00164	0.00256	0.03996	0.10390	0.00441
19	0.01301	0.00761	0.01071	0.01065	0.07964	0.00746	0.02975	0.06943	0.01198	0.24296	0.01910	0.18463	0.01807	0.09469	0.06844	0.00256	0.02354	0.09520	0.00448	0.00610
20	0.01221	0.05206	0.23897	0.09137	0.20371	0.02707	0.03029	0.01634	0.06155	0.11540	0.01367	0.06743	0.03616	0.00596	0.00496	0.00157	0.00584	0.00515	0.00319	0.00708
21	0.01028	0.00552	0.00747	0.00769	0.00895	0.00506	0.00571	0.01158	0.01093	0.20378	0.02544	0.53000	0.02741	0.01309	0.00610	0.00194	0.00343	0.10541	0.00500	0.00519
22	0.01234	0.01184	0.02023	0.03059	0.79373	0.01184	0.01530	0.01530	0.01135	0.01628	0.00938	0.01234	0.00790	0.00444	0.00493	0.00148	0.00592	0.00444	0.00247	0.00790
23	0.05345	0.01349	0.03659	0.01257	0.09569	0.12533	0.00931	0.27607	0.11042	0.14343	0.01540	0.01521	0.05834	0.00614	0.00489	0.00151	0.00545	0.00480	0.00438	0.00753
24	0.04560	0.18339	0.03913	0.01631	0.23077	0.09450	0.04408	0.16218	0.01392	0.10896	0.01032	0.01141	0.00792	0.00497	0.00452	0.00140	0.00590	0.00400	0.00333	0.00739

[dist]
# distance from previous block
# <min> <max>
2	12

[block]
# block no. 1 follows, 50 sequences, length 85
# corresponding to MSA columns:
# 100-184
name=unknown_B
#
# <colnr> <probs for GDERKNQSTAVLIFYWHMCP>
#	G	D	E	R	K	N	Q	S	T	A	V	L	I	F	Y	W	H	M	C	P
0	0.01295	0.13798	0.14911	0.05667	0.22813	0.01267	0.01208	0.13782	0.01317	0.05766	0.08203	0.01381	0.01122	0.00549	0.00509	0.00147	0.03229	0.00447	0.00322	0.02268
1	0.03576	0.00632	0.00699	0.00684	0.00843	0.00618	0.00509	0.07678	0.07766	0.02852	0.08295	0.25911	0.32995	0.02757	0.00616	0.00182	0.00314	0.02108	0.00470	0.00497
2	0.04973	0.25993	0.15764	0.01056	0.04958	0.01256	0.00983	0.02907	0.08051	0.20469	0.07790	0.01429	0.01209	0.00558	0.00441	0.00142	0.00503	0.00432	0.00374	0.00712
3	0.01031	0.11185	0.55711	0.01232	0.01821	0.01174	0.01484	0.03460	0.04638	0.01598	0.06134	0.04225	0.01070	0.02511	0.00521	0.00162	0.00638	0.00449	0.00265	0.00691
4	0.06862	0.01131	0.01855	0.03919	0.62127	0.01129	0.03305	0.01626	0.01148	0.10597	0.01040	0.01263	0.00821	0.00465	0.00485	0.00150	0.00567	0.00443	0.00293	0.00773
5	0.00911	0.00867	0.01506	0.58231	0.02872	0.01007	0.10205	0.01214	0.01020	0.01315	0.01332	0.11224	0.04905	0.00655	0.00530	0.00171	0.00620	0.00608	0.00266	0.00543
6	0.01057	0.00900	0.01165	0.01379	0.22488	0.00910	0.00841	0.12825	0.11385	0.01843	0.08841	0.02809	0.29832	0.00842	0.00538	0.00159	0.00407	0.00719	0.00422	0.00638
7	0.01342	0.06418	0.16468	0.01159	0.01551	0.01062	0.10821	0.09532	0.05225	0.17773	0.01498	0.07235	0.03566	0.00925	0.07663	0.00217	0.04336	0.00549	0.00378	0.02283
8	0.55853	0.00933	0.00883	0.00742	0.01071	0.01003	0.00610	0.03698	0.02358	0.25176	0.02779	0.01162	0.00858	0.00527	0.00380	0.00154	0.00398	0.00361	0.00413	0.00642
9	0.01734	0.01234	0.01348	0.01068	0.01427	0.01352	0.00870	0.52784	0.15873	0.09719	0.06214	0.01516	0.01241	0.00640	0.00506	0.00154	0.00490	0.00502	0.00514	0.00814
10	0.00633	0.00450	0.00600	0.00710	0.00747	0.00426	0.00490	0.00730	0.00964	0.01281	0.02682	0.70693	0.03185	0.05248	0.00729	0.00218	0.00315	0.09039	0.00455	0.00406
11	0.01020	0.00641	0.03269	0.00812	0.00980	0.00555	0.00667	0.01197	0.01142	0.17524	0.03801	0.29189	0.09858	0.01235	0.00615	0.00196	0.00383	0.25903	0.00487	0.00527
12	0.00701	0.00483	0.00550	0.00556	0.00583	0.00470	0.00332	0.00735	0.00826	0.01092	0.06850	0.09362	0.09824	0.63218	0.02078	0.00410	0.00430	0.00820	0.00346	0.00332
13	0.00727	0.00533	0.00685	0.00647	0.00769	0.00504	0.00485	0.01012	0.04926	0.01982	0.73349	0.05931	0.04516	0.01019	0.00586	0.00159	0.00244	0.00901	0.00544	0.00483
14	0.01274	0.00696	0.00991	0.01074	0.11045	0.00636	0.00713	0.01440	0.01166	0.28362	0.04590	0.35456	0.02206	0.01029	0.00564	0.00174	0.00383	0.04340	0.00485	0.03375
15	0.00610	0.00456	0.00569	0.00656	0.00722	0.00415	0.00454	0.00711	0.01005	0.01298	0.03299	0.60797	0.21595	0.01483	0.00627	0.00195	0.00286	0.03950	0.00463	0.00411
16	0.01234	0.01184	0.02023	0.03059	0.79373	0.01184	0.01530	0.01530	0.01135	0.01628	0.00938	0.01234	0.00790	0.00444	0.00493	0.00148	0.00592	0.00444	0.00247	0.00790
17	0.01186	0.01153	0.01859	0.02481	0.53579	0.01297	0.01385	0.01421	0.01012	0.01487	0.00844	0.01186	0.00745	0.00586	0.00871	0.00171	0.27349	0.00442	0.00237	0.00709
18	0.01112	0.00662	0.00819	0.00764	0.00939	0.00632	0.00573	0.11353	0.01315	0.17079	0.13211	0.36683	0.10551	0.01141	0.00580	0.00176	0.00339	0.00998	0.00510	0.00562
19	0.01862	0.02376	0.01413	0.01284	0.01541	0.80482	0.00963	0.01990	0.01413	0.01220	0.00770	0.00899	0.00642	0.00514	0.00449	0.00128	0.00899	0.00321	0.00257	0.00578
20	0.00941	0.00886	0.01495	0.81285	0.03433	0.01107	0.01384	0.01274	0.00997	0.01274	0.00886	0.01329	0.00664	0.00498	0.00498	0.00166	0.00664	0.00443	0.00221	0.00554
21	0.00799	0.02394	0.20781	0.01065	0.06032	0.00713	0.00938	0.01077	0.02989	0.01420	0.02101	0.43024	0.02322	0.01152	0.00585	0.00189	0.00450	0.11053	0.00382	0.00533
22	0.00974	0.35740	0.01499	0.00724	0.00974	0.01113	0.00634	0.01177	0.01240	0.01645	0.45531	0.02471	0.02963	0.00765	0.00473	0.00135	0.00363	0.00630	0.00405	0.00543
23	0.01234	0.01184	0.02023	0.03059	0.79373	0.01184	0.01530	0.01530	0.01135	0.01628	0.00938	0.01234	0.00790	0.00444	0.00493	0.00148	0.00592	0.00444	0.00247	0.00790
24	0.00800	0.00683	0.01040	0.13006	0.01354	0.00768	0.05113	0.01009	0.01045	0.01452	0.22216	0.10589	0.06837	0.01615	0.19998	0.00327	0.10569	0.00731	0.00360	0.00488
25	0.01242	0.01249	0.01685	0.37889	0.25366	0.13111	0.03806	0.06936	0.01202	0.01514	0.00910	0.01227	0.00714	0.00489	0.00492	0.00154	0.00676	0.00430	0.00255	0.00652
26	0.00614	0.00487	0.00551	0.00575	0.00698	0.00425	0.00416	0.00748	0.01135	0.01437	0.16945	0.24966	0.46641	0.01300	0.00601	0.00175	0.00259	0.01123	0.00477	0.00425
27	0.01091	0.00956	0.01581	0.45083	0.28207	0.01063	0.01324	0.01389	0.01078	0.06076	0.01254	0.01558	0.06141	0.00540	0.00503	0.00160	0.00598	0.00489	0.00270	0.00640
28	0.01749	0.11554	0.11731	0.01101	0.01521	0.11497	0.01000	0.28873	0.05178	0.19076	0.01246	0.01230	0.00882	0.00558	0.00468	0.00145	0.00582	0.00416	0.00421	0.00770
29	0.75076	0.00940	0.00796	0.08292	0.01185	0.01095	0.00613	0.01437	0.00869	0.02132	0.00744	0.00894	0.00576	0.00470	0.00328	0.00154	0.00407	0.00293	0.03160	0.00539
30	0.00947	0.00892	0.01506	0.79656	0.05014	0.01109	0.01387	0.01279	0.01000	0.01281	0.00887	0.01327	0.00667	0.00497	0.00498	0.00166	0.00663	0.00443	0.00222	0.00559
31	0.01213	0.52142	0.29793	0.01058	0.01589	0.01664	0.01199	0.01557	0.03291	0.01342	0.00803	0.00920	0.00663	0.00450	0.00379	0.00126	0.00601	0.00311	0.00221	0.00678
32	0.01402	0.08697	0.25254	0.01369	0.13836	0.02720	0.01177	0.03044	0.01207	0.23610	0.04187	0.06298	0.03778	0.00619	0.00488	0.00153	0.00547	0.00514	0.00373	0.00727
33	0.00607	0.00434	0.00578	0.00694	0.00723	0.00405	0.00463	0.00694	0.00954	0.01272	0.02747	0.82157	0.03297	0.01562	0.00636	0.00202	0.00289	0.01417	0.00463	0.00405
34	0.01181	0.01141	0.01864	0.01485	0.01636	0.01412	0.20479	0.01374	0.00908	0.05985	0.00822	0.01191	0.00715	0.00742	0.01302	0.00202	0.56238	0.00479	0.00251	0.00596
35	0.01235	0.00900	0.01402	0.11562	0.32208	0.00907	0.01065	0.04880	0.01175	0.15049	0.01600	0.22766	0.01518	0.00784	0.00533	0.00166	0.00490	0.00712	0.00376	0.00671
36	0.01042	0.02285	0.61585	0.01583	0.02264	0.01182	0.19862	0.01583	0.01082	0.01583	0.00922	0.01122	0.00661	0.00461	0.00501	0.00160	0.00761	0.00421	0.00220	0.00721
37	0.01234	0.01184	0.02023	0.03059	0.79373	0.01184	0.01530	0.01530	0.01135	0.01628	0.00938	0.01234	0.00790	0.00444	0.00493	0.00148	0.00592	0.00444	0.00247	0.00790
38	0.01069	0.00790	0.00871	0.00826	0.00992	0.03847	0.00623	0.17251	0.07644	0.03892	0.08938	0.35372	0.02397	0.01073	0.00557	0.00174	0.00377	0.04358	0.08386	0.00561
39	0.01111	0.01077	0.01533	0.24918	0.26267	0.08454	0.03873	0.04213	0.01128	0.01468	0.01264	0.13773	0.01214	0.00699	0.00563	0.00167	0.03323	0.04046	0.00292	0.00618
40	0.00811	0.00533	0.00700	0.00645	0.00781	0.00488	0.00488	0.01043	0.01412	0.07346	0.73803	0.03584	0.04464	0.00991	0.00582	0.00157	0.00248	0.00874	0.00553	0.00496
41	0.01333	0.82783	0.02612	0.00853	0.01279	0.01972	0.00853	0.01493	0.01013	0.01173	0.00693	0.00800	0.00640	0.00426	0.00320	0.00107	0.00533	0.00267	0.00213	0.00640
42	0.01399	0.01072	0.01111	0.00964	0.01212	0.06696	0.00754	0.37252	0.05214	0.04272	0.01757	0.25483	0.01693	0.00908	0.00534	0.00166	0.00466	0.03227	0.05160	0.00660
43	0.01873	0.02052	0.01440	0.01239	0.01543	0.54399	0.00958	0.27010	0.01720	0.01855	0.00911	0.00997	0.00710	0.00542	0.00466	0.00135	0.00783	0.00363	0.00337	0.00667
44	0.00955	0.00900	0.01519	0.77703	0.06910	0.01111	0.01391	0.01285	0.01003	0.01290	0.00888	0.01325	0.00670	0.00496	0.00498	0.00165	0.00661	0.00443	0.00223	0.00565
45	0.00607	0.00434	0.00578	0.00694	0.00723	0.00405	0.00463	0.00694	0.00954	0.01272	0.02747	0.82157	0.03297	0.01562	0.00636	0.00202	0.00289	0.01417	0.00463	0.00405
46	0.01155	0.01254	0.02467	0.04275	0.09977	0.01313	0.49334	0.01485	0.01067	0.01495	0.00912	0.01272	0.00732	0.00534	0.00829	0.00178	0.20296	0.00533	0.00242	0.00650
47	0.00607	0.00434	0.00578	0.00694	0.00723	0.00405	0.00463	0.00694	0.00954	0.01272	0.02747	0.82157	0.03297	0.01562	0.00636	0.00202	0.00289	0.01417	0.00463	0.00405
48	0.01176	0.01345	0.02941	0.02101	0.02605	0.01261	0.77563	0.01597	0.01176	0.01597	0.01008	0.01345	0.00756	0.00420	0.00588	0.00168	0.00840	0.00588	0.00252	0.00672
49	0.01863	0.02343	0.01415	0.01280	0.01541	0.77878	0.00963	0.04488	0.01443	0.01283	0.00785	0.00909	0.00649	0.00516	0.00451	0.00129	0.00887	0.00325	0.00265	0.00587
50	0.00607	0.00434	0.00578	0.00694	0.00723	0.00405	0.00463	0.00694	0.00954	0.01272	0.02747	0.82157	0.03297	0.01562	0.00636	0.00202	0.00289	0.01417	0.00463	0.00405
51	0.00605	0.00443	0.00569	0.00670	0.00717	0.00407	0.00452	0.00697	0.00978	0.01282	0.03043	0.72219	0.13044	0.01523	0.00630	0.00198	0.00284	0.01370	0.00463	0.00407
52	0.00712	0.00534	0.00801	0.00801	0.00890	0.00623	0.00623	0.00890	0.00801	0.01157	0.01335	0.01958	0.01246	0.03738	0.80507	0.00801	0.01335	0.00534	0.00267	0.00445
53	0.01011	0.05223	0.77351	0.01402	0.02128	0.01184	0.01809	0.01576	0.01051	0.01565	0.00888	0.01044	0.00632	0.00472	0.00468	0.00156	0.00730	0.00365	0.00211	0.00733
54	0.01325	0.00705	0.03178	0.00754	0.00997	0.00595	0.00615	0.01553	0.01407	0.32995	0.46045	0.02837	0.03200	0.00843	0.00550	0.00156	0.00325	0.00726	0.00566	0.00629
55	0.01588	0.22532	0.15398	0.01153	0.01583	0.20639	0.01083	0.26812	0.01556	0.01905	0.00913	0.00999	0.00708	0.00512	0.00437	0.00135	0.00662	0.00358	0.00318	0.00710
56	0.01033	0.01006	0.01416	0.01231	0.01245	0.01389	0.01019	0.01152	0.00769	0.01193	0.00758	0.01223	0.00745	0.01310	0.13668	0.00307	0.69331	0.00451	0.00226	0.00530
57	0.00607	0.00434	0.00578	0.00694	0.00723	0.00405	0.00463	0.00694	0.00954	0.01272	0.02747	0.82157	0.03297	0.01562	0.00636	0.00202	0.00289	0.01417	0.00463	0.00405
58	0.01214	0.01164	0.01988	0.08270	0.74315	0.01179	0.01520	0.01513	0.01126	0.01605	0.00934	0.01240	0.00781	0.00448	0.00494	0.00149	0.00597	0.00444	0.00245	0.00774
59	0.01089	0.01037	0.01762	0.41772	0.41791	0.01146	0.01458	0.01403	0.01067	0.01453	0.00912	0.01281	0.00728	0.00471	0.00496	0.00157	0.00628	0.00444	0.00234	0.00673
60	0.01000	0.02578	0.79900	0.01421	0.02157	0.01158	0.01842	0.01579	0.01052	0.01579	0.00895	0.01052	0.00631	0.00474	0.00474	0.00158	0.00737	0.00368	0.00210	0.00737
61	0.00621	0.00506	0.00549	0.00538	0.00693	0.00434	0.00403	0.00776	0.01210	0.01523	0.25084	0.04507	0.59026	0.01197	0.00589	0.00165	0.00248	0.01011	0.00486	0.00434
62	0.01064	0.01114	0.01670	0.14242	0.08227	0.11141	0.23865	0.01350	0.01223	0.01564	0.19039	0.02174	0.09796	0.00670	0.00548	0.00159	0.00601	0.00638	0.00336	0.00579
63	0.01002	0.00956	0.01595	0.45685	0.15110	0.01147	0.05093	0.01286	0.00976	0.01326	0.00906	0.01335	0.00739	0.00829	0.07777	0.00227	0.12735	0.00457	0.00231	0.00587
64	0.00929	0.00465	0.00465	0.00465	0.00581	0.00465	0.00348	0.01161	0.01045	0.01858	0.01626	0.01858	0.01278	0.00581	0.00348	0.00116	0.00232	0.00465	0.85250	0.00465
65	0.00888	0.00841	0.01527	0.01235	0.01449	0.00882	0.26043	0.01120	0.00944	0.01310	0.01469	0.05609	0.05814	0.07558	0.33306	0.00453	0.08127	0.00628	0.00281	0.00516
66	0.01186	0.01077	0.01785	0.04643	0.38128	0.01088	0.12717	0.11174	0.01275	0.01754	0.01366	0.10072	0.01290	0.00686	0.00546	0.00167	0.00579	0.09447	0.00326	0.00694
67	0.00722	0.00482	0.00544	0.00547	0.00548	0.00481	0.00306	0.00724	0.00730	0.00974	0.01599	0.05143	0.01848	0.80553	0.02492	0.00477	0.00479	0.00741	0.00306	0.00304
68	0.01226	0.01230	0.04552	0.03006	0.76866	0.01183	0.01540	0.01531	0.01132	0.01627	0.00936	0.01228	0.00784	0.00445	0.00493	0.00148	0.00597	0.00442	0.00246	0.00788
69	0.01895	0.01396	0.01496	0.01147	0.01546	0.01546	0.00947	0.77711	0.02344	0.03141	0.01197	0.01197	0.00848	0.00598	0.00499	0.00150	0.00548	0.00449	0.00499	0.00848
70	0.01065	0.01330	0.12283	0.31803	0.02859	0.01190	0.39177	0.01473	0.01093	0.01473	0.00948	0.01301	0.00706	0.00456	0.00540	0.00166	0.00761	0.00505	0.00235	0.00636
71	0.01333	0.82783	0.02612	0.00853	0.01279	0.01972	0.00853	0.01493	0.01013	0.01173	0.00693	0.00800	0.00640	0.00426	0.00320	0.00107	0.00533	0.00267	0.00213	0.00640
72	0.01112	0.02101	0.53920	0.01360	0.04421	0.01199	0.01526	0.05742	0.20222	0.01785	0.01191	0.01265	0.00867	0.00529	0.00484	0.00160	0.00638	0.00423	0.00300	0.00757
73	0.01222	0.36001	0.22754	0.01086	0.01518	0.07534	0.02740	0.04976	0.01079	0.01377	0.00864	0.01098	0.00740	0.03423	0.07374	0.00202	0.04776	0.00359	0.00238	0.00639
74	0.00595	0.00481	0.00529	0.00567	0.00690	0.00416	0.00406	0.00708	0.01076	0.01322	0.04289	0.30359	0.54100	0.01361	0.00605	0.00180	0.00265	0.01173	0.00463	0.00416
75	0.01094	0.23497	0.57286	0.01323	0.04321	0.01371	0.01574	0.01555	0.01045	0.01474	0.00843	0.00992	0.00638	0.00460	0.00434	0.00144	0.00679	0.00344	0.00212	0.00713
76	0.00605	0.00445	0.00567	0.00665	0.00715	0.00407	0.00450	0.00697	0.00982	0.01284	0.03098	0.70356	0.14871	0.01516	0.00629	0.00197	0.00284	0.01361	0.00463	0.00407
77	0.00686	0.00483	0.00629	0.00648	0.00736	0.00459	0.00469	0.00864	0.01176	0.01661	0.39869	0.29395	0.05890	0.01396	0.07091	0.00222	0.00343	0.01015	0.06522	0.00445
78	0.01426	0.01383	0.13277	0.01041	0.01500	0.01167	0.00953	0.35660	0.05997	0.02323	0.01091	0.01156	0.00815	0.00505	0.00451	0.00126	0.00507	0.00390	0.00385	0.29844
79	0.01002	0.16543	0.27583	0.01011	0.01450	0.01035	0.03466	0.01337	0.01140	0.02876	0.18218	0.02006	0.04328	0.00653	0.00478	0.00143	0.00510	0.05003	0.00327	0.10893
80	0.02738	0.18071	0.30265	0.03946	0.13113	0.02810	0.01308	0.02790	0.03741	0.08683	0.00988	0.01118	0.00751	0.00490	0.00476	0.00143	0.02971	0.00377	0.00275	0.04947
81	0.03289	0.06348	0.59596	0.01293	0.01920	0.01179	0.02601	0.08440	0.01171	0.01710	0.02610	0.03321	0.03277	0.00545	0.00475	0.00156	0.00665	0.00430	0.00261	0.00712
82	0.04658	0.04874	0.04949	0.00748	0.00877	0.00720	0.01890	0.01013	0.04688	0.01223	0.03395	0.02388	0.01488	0.36690	0.27794	0.00508	0.00771	0.00593	0.00297	0.00435
83	0.03513	0.00847	0.04599	0.01012	0.06306	0.00783	0.00779	0.08197	0.01205	0.24252	0.03228	0.08107	0.04027	0.01653	0.24495	0.00353	0.00713	0.03236	0.00421	0.02275
84	0.02536	0.07973	0.22427	0.01280	0.05553	0.05070	0.09423	0.15609	0.04140	0.04279	0.09381	0.01701	0.07221	0.00616	0.00499	0.00152	0.00582	0.00518	0.00351	0.00688

[dist]
# distance from previous block
# <min> <max>
1	13

[block]
# block no. 2 follows, 50 sequences, length 103
# corresponding to MSA columns:
# 198-300
name=unknown_C
#
# <colnr> <probs for GDERKNQSTAVLIFYWHMCP>
#	G	D	E	R	K	N	Q	S	T	A	V	L	I	F	Y	W	H	M	C	P
0	0.02420	0.07370	0.18666	0.01048	0.02653	0.01144	0.00982	0.07738	0.31631	0.04655	0.06520	0.01948	0.09738	0.00682	0.00496	0.00159	0.00472	0.00554	0.00413	0.00710
1	0.01141	0.07748	0.10621	0.06563	0.24109	0.05264	0.02339	0.08058	0.01200	0.01627	0.04253	0.15370	0.01333	0.00677	0.00496	0.00150	0.00540	0.00593	0.00314	0.07605
2	0.01007	0.08500	0.18439	0.01068	0.03686	0.06108	0.00968	0.02435	0.13438	0.01520	0.03512	0.24144	0.01793	0.00980	0.02670	0.00189	0.02578	0.06004	0.00363	0.00599
3	0.01499	0.40009	0.01941	0.00970	0.01348	0.01643	0.00865	0.32203	0.04122	0.02013	0.01118	0.05698	0.00973	0.00598	0.00428	0.00135	0.00519	0.02849	0.00360	0.00710
4	0.09694	0.12225	0.25741	0.01332	0.09310	0.02793	0.01223	0.25688	0.03939	0.02100	0.00983	0.01083	0.00736	0.00510	0.00448	0.00147	0.00594	0.00384	0.00326	0.00744
5	0.01091	0.01091	0.01527	0.01309	0.01309	0.01527	0.01091	0.01200	0.00763	0.01200	0.00654	0.01091	0.00654	0.00872	0.01636	0.00218	0.81570	0.00436	0.00218	0.00545
6	0.01692	0.01020	0.01533	0.01790	0.32689	0.00981	0.02393	0.06470	0.04478	0.36233	0.03155	0.01580	0.02520	0.00565	0.00503	0.00153	0.00498	0.00498	0.00446	0.00804
7	0.01044	0.03579	0.06232	0.25698	0.16367	0.01093	0.15115	0.02789	0.07317	0.01510	0.01286	0.13320	0.01164	0.00645	0.00528	0.00166	0.00604	0.00614	0.00295	0.00634
8	0.00997	0.00962	0.01507	0.51559	0.02643	0.01263	0.01275	0.01246	0.00910	0.01246	0.00800	0.01240	0.00661	0.00637	0.00921	0.00185	0.30736	0.00440	0.00220	0.00551
9	0.00664	0.00527	0.00679	0.00819	0.06611	0.00482	0.00538	0.00794	0.01055	0.01355	0.04896	0.41652	0.29878	0.01348	0.00612	0.00187	0.00310	0.06699	0.00448	0.00445
10	0.04021	0.00951	0.03606	0.00984	0.01276	0.00944	0.00831	0.06320	0.01264	0.48121	0.01543	0.01534	0.01065	0.00963	0.08582	0.00230	0.16067	0.00479	0.00479	0.00739
11	0.00941	0.00886	0.01495	0.81285	0.03433	0.01107	0.01384	0.01274	0.00997	0.01274	0.00886	0.01329	0.00664	0.00498	0.00498	0.00166	0.00664	0.00443	0.00221	0.00554
12	0.00607	0.00434	0.00578	0.00694	0.00723	0.00405	0.00463	0.00694	0.00954	0.01272	0.02747	0.82157	0.03297	0.01562	0.00636	0.00202	0.00289	0.01417	0.00463	0.00405
13	0.04134	0.16738	0.60244	0.04374	0.02007	0.01299	0.01601	0.01547	0.01036	0.01518	0.00851	0.01009	0.00631	0.00466	0.00441	0.00149	0.00685	0.00350	0.00215	0.00705
14	0.00881	0.00556	0.00778	0.19497	0.01267	0.00608	0.00612	0.00955	0.00857	0.01264	0.01195	0.01830	0.01078	0.13094	0.01232	0.28114	0.00437	0.00488	0.24876	0.00380
15	0.01000	0.02578	0.79900	0.01421	0.02157	0.01158	0.01842	0.01579	0.01052	0.01579	0.00895	0.01052	0.00631	0.00474	0.00474	0.00158	0.00737	0.00368	0.00210	0.00737
16	0.00607	0.00434	0.00578	0.00694	0.00723	0.00405	0.00463	0.00694	0.00954	0.01272	0.02747	0.82157	0.03297	0.01562	0.00636	0.00202	0.00289	0.01417	0.00463	0.00405
17	0.01244	0.01376	0.02153	0.24846	0.02585	0.14680	0.37505	0.03341	0.04440	0.01495	0.00980	0.01283	0.00745	0.00474	0.00533	0.00160	0.00774	0.00497	0.00260	0.00631
18	0.00855	0.00830	0.01606	0.01306	0.01542	0.00777	0.34002	0.01087	0.01051	0.01413	0.01991	0.47003	0.02192	0.01065	0.00615	0.00187	0.00529	0.01056	0.00371	0.00521
19	0.00941	0.00886	0.01495	0.81285	0.03433	0.01107	0.01384	0.01274	0.00997	0.01274	0.00886	0.01329	0.00664	0.00498	0.00498	0.00166	0.00664	0.00443	0.00221	0.00554
20	0.01234	0.01184	0.02023	0.03059	0.79373	0.01184	0.01530	0.01530	0.01135	0.01628	0.00938	0.01234	0.00790	0.00444	0.00493	0.00148	0.00592	0.00444	0.00247	0.00790
21	0.01124	0.17016	0.46227	0.01481	0.04406	0.01327	0.15682	0.01572	0.01072	0.02826	0.00894	0.01077	0.00672	0.00464	0.00489	0.00151	0.02189	0.00396	0.00227	0.00707
22	0.00623	0.00449	0.00611	0.00710	0.00748	0.00437	0.00486	0.00723	0.00932	0.01255	0.02538	0.70254	0.02992	0.01885	0.12491	0.00291	0.00444	0.01286	0.00434	0.00411
23	0.01660	0.43675	0.01988	0.00930	0.01336	0.01571	0.00844	0.18301	0.03809	0.19732	0.01137	0.01126	0.00849	0.00515	0.00406	0.00129	0.00507	0.00369	0.00377	0.00738
24	0.01645	0.09139	0.07623	0.01513	0.17199	0.13686	0.06767	0.03475	0.03533	0.26389	0.01272	0.01315	0.00914	0.00522	0.00475	0.00145	0.00595	0.00435	0.02617	0.00740
25	0.01125	0.13636	0.02353	0.01603	0.01946	0.01329	0.42153	0.01412	0.01053	0.01425	0.01087	0.07778	0.00995	0.00634	0.00758	0.00173	0.16407	0.03256	0.00264	0.00614
26	0.00795	0.00483	0.00603	0.00624	0.00715	0.00509	0.00465	0.00982	0.00943	0.01507	0.01727	0.16428	0.01632	0.01864	0.28465	0.00372	0.00629	0.00661	0.40149	0.00447
27	0.01491	0.01278	0.01816	0.02271	0.46480	0.05291	0.03989	0.20399	0.03428	0.07044	0.01090	0.01257	0.00842	0.00502	0.00497	0.00149	0.00590	0.00451	0.00340	0.00793
28	0.01396	0.12658	0.30541	0.01384	0.10497	0.03707	0.03987	0.03520	0.02500	0.19142	0.03137	0.01389	0.00969	0.00538	0.00474	0.00150	0.00602	0.02336	0.00336	0.00737
29	0.00607	0.00434	0.00578	0.00694	0.00723	0.00405	0.00463	0.00694	0.00954	0.01272	0.02747	0.82157	0.03297	0.01562	0.00636	0.00202	0.00289	0.01417	0.00463	0.00405
30	0.00789	0.00943	0.12830	0.01090	0.01317	0.00707	0.15519	0.01017	0.01013	0.01384	0.02095	0.51115	0.02351	0.01163	0.00623	0.00190	0.02018	0.02947	0.00380	0.00510
31	0.01587	0.01475	0.01371	0.01394	0.12969	0.25762	0.00960	0.08373	0.25010	0.10942	0.01422	0.01529	0.01099	0.00603	0.00492	0.00152	0.00599	0.03135	0.00401	0.00724
32	0.01469	0.06344	0.08954	0.01104	0.04204	0.01208	0.00924	0.33420	0.10695	0.09080	0.01572	0.15936	0.01368	0.00755	0.00511	0.00160	0.00491	0.00623	0.00449	0.00735
33	0.01234	0.01181	0.01995	0.02996	0.76942	0.01186	0.01507	0.01565	0.03543	0.01643	0.00972	0.01253	0.00812	0.00451	0.00494	0.00149	0.00586	0.00448	0.00255	0.00790
34	0.01285	0.08051	0.20170	0.01615	0.04019	0.03655	0.34552	0.01781	0.08654	0.09569	0.01145	0.01304	0.00839	0.00481	0.00517	0.00158	0.00702	0.00489	0.00301	0.00714
35	0.01272	0.06715	0.23247	0.01596	0.15154	0.03938	0.11792	0.01722	0.08011	0.11625	0.01313	0.03936	0.01066	0.00590	0.00508	0.00160	0.00616	0.05698	0.00327	0.00715
36	0.00655	0.00484	0.00612	0.00630	0.00726	0.00441	0.00453	0.00824	0.01217	0.01656	0.42208	0.29655	0.16128	0.01236	0.00604	0.00174	0.00256	0.01095	0.00507	0.00441
37	0.05829	0.00918	0.12085	0.00866	0.01110	0.00686	0.03700	0.01328	0.01035	0.20084	0.01837	0.23319	0.01814	0.20055	0.01008	0.00247	0.00462	0.02654	0.00409	0.00553
38	0.02798	0.02886	0.18362	0.08385	0.14876	0.07831	0.24674	0.01535	0.01089	0.01497	0.00889	0.01177	0.00700	0.00506	0.00648	0.00164	0.10622	0.00455	0.00237	0.00669
39	0.01240	0.41765	0.21621	0.01434	0.13157	0.01564	0.08230	0.01548	0.01064	0.02985	0.00834	0.00994	0.00683	0.00444	0.00412	0.00132	0.00618	0.00352	0.00229	0.00693
40	0.01056	0.01097	0.00844	0.00776	0.00990	0.22382	0.00590	0.08117	0.01322	0.01476	0.03528	0.03403	0.50556	0.00997	0.00543	0.00156	0.00456	0.00797	0.00410	0.00503
41	0.00731	0.00654	0.03477	0.02683	0.00882	0.02843	0.00540	0.03259	0.01216	0.01590	0.27010	0.23265	0.27658	0.01172	0.00587	0.00171	0.00312	0.01016	0.00470	0.00465
42	0.03879	0.01305	0.07154	0.03155	0.05568	0.09134	0.00934	0.28395	0.06612	0.15107	0.03823	0.10033	0.01283	0.00690	0.00505	0.00156	0.00531	0.00558	0.00445	0.00731
43	0.01184	0.01111	0.01938	0.02340	0.45319	0.01140	0.14429	0.01464	0.01125	0.04603	0.07016	0.04123	0.01168	0.00578	0.00656	0.00162	0.10112	0.00538	0.00289	0.00706
44	0.01408	0.00969	0.01215	0.04455	0.09773	0.01035	0.00892	0.06162	0.34695	0.18534	0.01900	0.02275	0.01516	0.00734	0.00531	0.00172	0.00451	0.12053	0.00483	0.00745
45	0.01197	0.07856	0.36924	0.01656	0.09900	0.04017	0.20555	0.01622	0.01125	0.06862	0.01027	0.03190	0.00787	0.00492	0.00498	0.00155	0.00706	0.00457	0.00260	0.00712
46	0.01258	0.01375	0.01541	0.46646	0.13099	0.25024	0.01277	0.01524	0.01141	0.01305	0.00858	0.01187	0.00675	0.00496	0.00483	0.00152	0.00725	0.00406	0.00236	0.00593
47	0.00637	0.00464	0.00641	0.00721	0.00770	0.00468	0.00507	0.00751	0.00914	0.01241	0.02386	0.57302	0.04282	0.02186	0.23785	0.00375	0.00592	0.01153	0.00406	0.00417
48	0.03264	0.28851	0.04614	0.03725	0.01278	0.02400	0.00794	0.08267	0.09050	0.11366	0.05476	0.09572	0.07977	0.00709	0.00458	0.00145	0.00459	0.00564	0.00384	0.00647
49	0.01795	0.01346	0.01440	0.01127	0.01508	0.01499	0.00923	0.66245	0.13973	0.02980	0.01324	0.01298	0.00951	0.00610	0.00500	0.00153	0.00525	0.00466	0.00500	0.00839
50	0.00668	0.00465	0.00555	0.00601	0.00625	0.00447	0.00372	0.00712	0.00848	0.01118	0.02302	0.34996	0.08193	0.43977	0.01630	0.00347	0.00388	0.01027	0.00378	0.00352
51	0.15952	0.00897	0.04212	0.00843	0.01183	0.00796	0.00711	0.03461	0.01267	0.50881	0.04425	0.04317	0.01300	0.03903	0.03450	0.00192	0.00457	0.00511	0.00514	0.00728
52	0.01034	0.00886	0.01034	0.00738	0.01181	0.00664	0.00591	0.01255	0.01034	0.01624	0.00886	0.01034	0.00738	0.00369	0.00369	0.00074	0.00369	0.00295	0.00295	0.85530
53	0.01569	0.00980	0.01239	0.24341	0.01871	0.03631	0.00923	0.19548	0.01458	0.24535	0.01380	0.01470	0.00964	0.00569	0.00475	0.00150	0.00510	0.00460	0.13231	0.00695
54	0.00607	0.00434	0.00578	0.00694	0.00723	0.00405	0.00463	0.00694	0.00954	0.01272	0.02747	0.82157	0.03297	0.01562	0.00636	0.00202	0.00289	0.01417	0.00463	0.00405
55	0.01011	0.01045	0.04541	0.58057	0.12777	0.01139	0.11620	0.01360	0.01040	0.01372	0.00909	0.01309	0.00691	0.00480	0.00509	0.00164	0.00682	0.00460	0.00228	0.00606
56	0.01303	0.13439	0.12482	0.01153	0.02984	0.07189	0.03710	0.06746	0.41759	0.01854	0.01474	0.01450	0.01121	0.00581	0.00473	0.00154	0.00529	0.00466	0.00389	0.00744
57	0.00617	0.00447	0.00583	0.00674	0.00722	0.00413	0.00458	0.00722	0.01016	0.01356	0.11139	0.68517	0.08528	0.01483	0.00628	0.00195	0.00281	0.01337	0.00472	0.00413
58	0.00726	0.00568	0.00888	0.00875	0.00984	0.00537	0.09979	0.00885	0.01019	0.01386	0.02497	0.54149	0.04782	0.01317	0.00615	0.00195	0.00374	0.11095	0.06680	0.00450
59	0.12683	0.04723	0.09120	0.01893	0.38619	0.01070	0.01150	0.03883	0.01149	0.04165	0.06513	0.01728	0.10073	0.00591	0.00476	0.00151	0.00506	0.00507	0.00315	0.00684
60	0.02095	0.00962	0.01215	0.00937	0.01314	0.00911	0.00772	0.19825	0.01639	0.58811	0.04916	0.01663	0.01285	0.00629	0.00504	0.00153	0.00445	0.00505	0.00587	0.00833
61	0.01240	0.01071	0.01127	0.01014	0.01296	0.01240	0.00789	0.02649	0.78473	0.02085	0.02029	0.01860	0.01522	0.00676	0.00507	0.00169	0.00394	0.00564	0.00507	0.00789
62	0.01043	0.00997	0.01711	0.53519	0.27953	0.01137	0.03818	0.01366	0.01047	0.01398	0.00906	0.01299	0.00708	0.00478	0.00500	0.00160	0.00647	0.00448	0.00231	0.00634
63	0.01034	0.00886	0.01034	0.00738	0.01181	0.00664	0.00591	0.01255	0.01034	0.01624	0.00886	0.01034	0.00738	0.00369	0.00369	0.00074	0.00369	0.00295	0.00295	0.85530
64	0.00609	0.00445	0.00574	0.00671	0.00718	0.00409	0.00454	0.00706	0.00992	0.01310	0.06092	0.70632	0.11539	0.01507	0.00629	0.00197	0.00283	0.01357	0.00466	0.00409
65	0.01152	0.01271	0.02531	0.01871	0.02229	0.01338	0.55398	0.01482	0.01057	0.01482	0.00906	0.01271	0.00727	0.00551	0.00892	0.00183	0.24239	0.00544	0.00242	0.00635
66	0.01163	0.32790	0.36331	0.01401	0.07559	0.01480	0.09797	0.01544	0.01057	0.01430	0.00834	0.01002	0.00660	0.00448	0.00429	0.00139	0.00660	0.00360	0.00219	0.00697
67	0.01996	0.00797	0.01066	0.00835	0.01186	0.00688	0.00684	0.02183	0.01394	0.68111	0.05282	0.02115	0.09928	0.00703	0.00514	0.00156	0.00398	0.00577	0.00597	0.00787
68	0.00607	0.00434	0.00578	0.00694	0.00723	0.00405	0.00463	0.00694	0.00954	0.01272	0.02747	0.82157	0.03297	0.01562	0.00636	0.00202	0.00289	0.01417	0.00463	0.00405
69	0.01232	0.12014	0.19272	0.01709	0.02226	0.09874	0.43332	0.01622	0.01155	0.01499	0.00918	0.01165	0.00702	0.00443	0.00515	0.00154	0.00786	0.00471	0.00239	0.00672
70	0.00714	0.00511	0.00699	0.00802	0.00881	0.00496	0.00636	0.00886	0.01089	0.01443	0.08942	0.37004	0.03195	0.01424	0.00659	0.00212	0.00371	0.39130	0.00468	0.00438
71	0.03798	0.01152	0.01173	0.00891	0.01299	0.08219	0.00714	0.19839	0.03175	0.01982	0.00971	0.01073	0.00768	0.00448	0.00409	0.00102	0.00462	0.00340	0.00346	0.52837
72	0.00654	0.00546	0.03041	0.00646	0.00747	0.00464	0.00479	0.00772	0.01010	0.01300	0.06405	0.31863	0.26931	0.15542	0.00951	0.00240	0.00337	0.07232	0.00430	0.00409
73	0.01123	0.32389	0.51173	0.01210	0.01831	0.01460	0.01474	0.01547	0.01038	0.01428	0.00820	0.00958	0.00634	0.00456	0.00416	0.00139	0.00661	0.00330	0.00211	0.00701
74	0.01091	0.00959	0.01619	0.08364	0.29840	0.00952	0.12732	0.04319	0.01260	0.04904	0.22310	0.03636	0.04495	0.00662	0.00540	0.00157	0.00514	0.00631	0.00363	0.00651
75	0.20671	0.05276	0.46385	0.01305	0.08547	0.01137	0.01377	0.01489	0.01016	0.01703	0.01112	0.01244	0.05707	0.00518	0.00438	0.00155	0.00603	0.00392	0.00253	0.00671
76	0.00866	0.00433	0.00649	0.00649	0.00649	0.00433	0.00433	0.00649	0.00649	0.00866	0.00866	0.01515	0.00866	0.01732	0.01948	0.85498	0.00433	0.00433	0.00216	0.00216
77	0.01150	0.01682	0.30020	0.02404	0.49076	0.01176	0.01618	0.01583	0.03591	0.01625	0.00957	0.01189	0.00756	0.00462	0.00487	0.00152	0.00638	0.00421	0.00242	0.00770
78	0.00652	0.00506	0.00598	0.00648	0.00747	0.00472	0.00458	0.00853	0.06289	0.01410	0.09557	0.45084	0.28180	0.01360	0.00608	0.00185	0.00280	0.01198	0.00473	0.00441
79	0.01317	0.06763	0.14835	0.07501	0.02043	0.02952	0.24411	0.22013	0.01418	0.01913	0.01062	0.04767	0.00850	0.00562	0.00581	0.00161	0.05333	0.00505	0.00314	0.00698
80	0.01512	0.01204	0.01783	0.04539	0.36225	0.07454	0.09771	0.07325	0.01295	0.18575	0.01189	0.01350	0.00890	0.00636	0.03866	0.00178	0.00639	0.00467	0.00347	0.00755
81	0.00868	0.00725	0.00933	0.01082	0.12866	0.00735	0.00688	0.01333	0.19049	0.01692	0.20036	0.20109	0.15873	0.01011	0.00565	0.00170	0.00341	0.00891	0.00460	0.00570
82	0.00894	0.00550	0.00720	0.00657	0.00798	0.00507	0.00494	0.01106	0.01349	0.11403	0.62272	0.03401	0.03990	0.06925	0.02571	0.00195	0.00302	0.00831	0.00533	0.00504
83	0.01068	0.01041	0.01771	0.39914	0.25051	0.01206	0.07616	0.01363	0.01016	0.01392	0.00876	0.01266	0.00707	0.00533	0.00678	0.00169	0.13017	0.00454	0.00231	0.00630
84	0.00655	0.00475	0.00663	0.00745	0.00799	0.00483	0.00539	0.00781	0.00927	0.01258	0.02328	0.52174	0.02665	0.02176	0.23791	0.00378	0.00607	0.07729	0.00406	0.00421
85	0.00607	0.00434	0.00578	0.00694	0.00723	0.00405	0.00463	0.00694	0.00954	0.01272	0.02747	0.82157	0.03297	0.01562	0.00636	0.00202	0.00289	0.01417	0.00463	0.00405
86	0.01062	0.00890	0.01087	0.00787	0.01214	0.00691	0.03068	0.02660	0.01089	0.03295	0.04854	0.01196	0.00951	0.00413	0.00392	0.00084	0.00382	0.00342	0.00317	0.75226
87	0.01126	0.01195	0.04525	0.21920	0.17316	0.01182	0.31090	0.03187	0.01117	0.01540	0.00940	0.01274	0.00732	0.00467	0.00576	0.00159	0.04445	0.00487	0.00249	0.06472
88	0.01204	0.01003	0.01092	0.00804	0.01231	0.05315	0.00643	0.06311	0.01162	0.06040	0.00959	0.01073	0.00767	0.00406	0.00389	0.00086	0.00414	0.00318	0.00324	0.70458
89	0.00607	0.00434	0.00578	0.00694	0.00723	0.00405	0.00463	0.00694	0.00954	0.01272	0.02747	0.82157	0.03297	0.01562	0.00636	0.00202	0.00289	0.01417	0.00463	0.00405
90	0.00712	0.00534	0.00801	0.00801	0.00890	0.00623	0.00623	0.00890	0.00801	0.01157	0.01335	0.01958	0.01246	0.03738	0.80507	0.00801	0.01335	0.00534	0.00267	0.00445
91	0.00656	0.00490	0.00620	0.00694	0.00784	0.00453	0.00522	0.00798	0.01081	0.01401	0.09572	0.39227	0.21751	0.01402	0.00633	0.00197	0.00315	0.18510	0.00469	0.00427
92	0.01179	0.00624	0.00802	0.00761	0.00926	0.00583	0.00559	0.02840	0.05581	0.25447	0.03827	0.41044	0.05122	0.07358	0.00727	0.00204	0.00354	0.00993	0.00503	0.00566
93	0.00716	0.00518	0.00718	0.00718	0.00779	0.00578	0.00520	0.00837	0.00777	0.01096	0.01411	0.02377	0.01428	0.29014	0.55481	0.00699	0.01062	0.00595	0.00278	0.00399
94	0.01199	0.00714	0.00857	0.00767	0.01001	0.00682	0.00613	0.03767	0.12770	0.22195	0.14710	0.03375	0.24577	0.00963	0.00563	0.00170	0.00349	0.09594	0.00524	0.00612
95	0.01674	0.02054	0.01438	0.01491	0.13028	0.62504	0.01005	0.01830	0.01359	0.01311	0.03522	0.01216	0.04346	0.00554	0.00467	0.00134	0.00803	0.00391	0.00274	0.00599
96	0.00730	0.00480	0.00635	0.00692	0.00767	0.00443	0.00487	0.00859	0.01087	0.06158	0.18422	0.56662	0.05953	0.01379	0.00618	0.00190	0.00290	0.03213	0.00490	0.00447
97	0.01132	0.01087	0.01829	0.13754	0.06770	0.01164	0.26239	0.07246	0.14013	0.01680	0.01430	0.07245	0.03197	0.00665	0.00642	0.00174	0.07241	0.03511	0.00333	0.00650
98	0.07099	0.00958	0.01174	0.00922	0.01283	0.00927	0.00754	0.20093	0.01578	0.51830	0.01758	0.06732	0.01234	0.00664	0.00498	0.00156	0.00443	0.00534	0.00560	0.00801
99	0.00654	0.00494	0.00662	0.00699	0.00782	0.00508	0.00513	0.00787	0.00916	0.01227	0.02546	0.28470	0.17624	0.04831	0.36338	0.00471	0.00754	0.00929	0.00371	0.00423
100	0.18758	0.01498	0.20107	0.01353	0.01841	0.01177	0.23252	0.12227	0.01275	0.12251	0.01070	0.01192	0.00758	0.00492	0.00480	0.00158	0.00627	0.00441	0.00336	0.00708
101	0.00947	0.06460	0.34002	0.24429	0.02225	0.01058	0.03713	0.01338	0.01036	0.01425	0.01251	0.10263	0.01148	0.00680	0.00513	0.00169	0.00632	0.07830	0.00266	0.00613
102	0.01427	0.02303	0.06065	0.00828	0.01118	0.00721	0.00702	0.02834	0.07574	0.34798	0.19986	0.09443	0.08380	0.00836	0.00536	0.00161	0.00377	0.00710	0.00531	0.00672

[dist]
# distance from previous block
# <min> <max>
2	6

[block]
# block no. 3 follows, 50 sequences, length 21
# corresponding to MSA columns:
# 307-327
name=unknown_D
#
# <colnr> <probs for GDERKNQSTAVLIFYWHMCP>
#	G	D	E	R	K	N	Q	S	T	A	V	L	I	F	Y	W	H	M	C	P
0	0.04901	0.10263	0.04446	0.05137	0.03966	0.06690	0.00798	0.11030	0.04894	0.03199	0.01591	0.21265	0.03813	0.04994	0.04113	0.00204	0.03941	0.00681	0.00360	0.03717
1	0.00681	0.00479	0.00586	0.00620	0.00664	0.00460	0.00408	0.00764	0.00943	0.01264	0.13715	0.27014	0.08030	0.35579	0.03062	0.00325	0.00389	0.04238	0.00404	0.00376
2	0.01421	0.04705	0.04486	0.01192	0.10686	0.03115	0.00874	0.11423	0.21020	0.15377	0.04224	0.01715	0.03386	0.02396	0.00565	0.00160	0.03269	0.00511	0.08755	0.00721
3	0.01227	0.00830	0.00952	0.00826	0.01069	0.00852	0.00647	0.15052	0.18117	0.13266	0.20665	0.08576	0.14043	0.00890	0.00546	0.00163	0.00359	0.00752	0.00521	0.00648
4	0.01412	0.01600	0.21280	0.01303	0.07956	0.06118	0.01151	0.33402	0.04835	0.02259	0.07796	0.01615	0.04238	0.00629	0.00504	0.00154	0.00575	0.02039	0.00392	0.00739
5	0.00658	0.00508	0.00601	0.00578	0.00716	0.00450	0.00433	0.00850	0.01300	0.01735	0.49184	0.04157	0.34794	0.01117	0.00588	0.00161	0.00242	0.00962	0.00514	0.00450
6	0.00990	0.08707	0.05418	0.01074	0.03813	0.03234	0.10569	0.01235	0.01210	0.04838	0.32537	0.07768	0.02628	0.00851	0.00653	0.00165	0.08001	0.05347	0.00404	0.00557
7	0.86003	0.00964	0.00733	0.00655	0.00964	0.01118	0.00540	0.01465	0.00848	0.02236	0.00694	0.00810	0.00540	0.00463	0.00308	0.00154	0.00386	0.00270	0.00308	0.00540
8	0.01208	0.32895	0.01754	0.00956	0.01238	0.07000	0.06452	0.08710	0.01105	0.01402	0.01027	0.01433	0.00941	0.10615	0.14952	0.00288	0.03087	0.00427	0.03936	0.00574
9	0.01000	0.02578	0.79900	0.01421	0.02157	0.01158	0.01842	0.01579	0.01052	0.01579	0.00895	0.01052	0.00631	0.00474	0.00474	0.00158	0.00737	0.00368	0.00210	0.00737
10	0.01382	0.31267	0.28870	0.01143	0.01660	0.06330	0.01222	0.19410	0.01362	0.01776	0.00885	0.00986	0.00686	0.00488	0.00422	0.00136	0.00629	0.00348	0.00282	0.00718
11	0.01069	0.19256	0.63829	0.01303	0.01975	0.01327	0.01636	0.01561	0.01044	0.01494	0.00853	0.01000	0.00633	0.00464	0.00442	0.00147	0.00694	0.00347	0.00211	0.00716
12	0.01758	0.00771	0.01085	0.00864	0.01177	0.00677	0.03809	0.01962	0.01384	0.54780	0.17972	0.05761	0.04216	0.00752	0.00531	0.00158	0.00391	0.00644	0.00577	0.00731
13	0.01094	0.01097	0.02011	0.25800	0.30120	0.01153	0.21178	0.01417	0.01087	0.01484	0.01088	0.03372	0.02947	0.00519	0.00565	0.00163	0.03471	0.00522	0.00251	0.00661
14	0.01077	0.04528	0.06561	0.01481	0.01835	0.05920	0.35185	0.01452	0.04603	0.01548	0.03863	0.04440	0.02767	0.00764	0.00587	0.00180	0.00660	0.21618	0.00334	0.00599
15	0.00823	0.00760	0.01332	0.01120	0.01337	0.00733	0.23227	0.01079	0.03309	0.01402	0.02368	0.23573	0.15176	0.01494	0.13822	0.00287	0.00634	0.06645	0.00369	0.00508
16	0.01175	0.04853	0.60508	0.01314	0.01950	0.04353	0.02939	0.01660	0.01126	0.10326	0.04450	0.01233	0.00881	0.00513	0.00478	0.00155	0.00681	0.00405	0.00274	0.00727
17	0.01263	0.04373	0.04183	0.00844	0.01076	0.04006	0.00688	0.04211	0.05140	0.23704	0.02387	0.28635	0.09076	0.01034	0.00558	0.00175	0.00407	0.07156	0.00480	0.00603
18	0.01237	0.01078	0.14086	0.01153	0.09332	0.00830	0.00915	0.09155	0.04252	0.17940	0.03389	0.28658	0.01838	0.03029	0.00596	0.00179	0.00457	0.00792	0.00434	0.00650
19	0.06957	0.00897	0.01199	0.12217	0.17489	0.03210	0.00904	0.04772	0.04901	0.15078	0.05821	0.14301	0.08619	0.00780	0.00518	0.00163	0.00460	0.00674	0.00404	0.00637
20	0.01340	0.07112	0.17968	0.01751	0.20262	0.16704	0.11597	0.04981	0.01222	0.04269	0.01073	0.01253	0.03088	0.00510	0.00506	0.00148	0.02432	0.00433	0.02662	0.00691

[dist]
# distance from previous block
# <min> <max>
4	51

[block]
# block no. 4 follows, 50 sequences, length 15
# corresponding to MSA columns:
# 388-402
name=unknown_E
#
# <colnr> <probs for GDERKNQSTAVLIFYWHMCP>
#	G	D	E	R	K	N	Q	S	T	A	V	L	I	F	Y	W	H	M	C	P
0	0.01240	0.08961	0.31906	0.05866	0.08012	0.08673	0.08574	0.10644	0.01248	0.01679	0.00964	0.03250	0.00762	0.00505	0.00473	0.00146	0.00672	0.00419	0.00269	0.05735
1	0.01321	0.01475	0.07886	0.03913	0.09695	0.15828	0.23523	0.13732	0.01363	0.01724	0.01291	0.10155	0.02825	0.00639	0.00535	0.00160	0.00685	0.02275	0.00320	0.00657
2	0.03496	0.08384	0.14695	0.14473	0.15860	0.03363	0.07125	0.10568	0.06635	0.01718	0.01217	0.03217	0.04148	0.00550	0.00483	0.00152	0.00599	0.00473	0.00299	0.02544
