[name]
unknown

[dist]
# distance from previous block
# <min> <max>
1	104

[block]
# block no. 0 follows, 43 sequences, length 8
# corresponding to MSA columns:
# 509-516
name=unknown_A
#
# <colnr> <probs for GDERKNQSTAVLIFYWHMCP>
#	G	D	E	R	K	N	Q	S	T	A	V	L	I	F	Y	W	H	M	C	P
0	0.24769	0.08070	0.12444	0.01227	0.05379	0.09344	0.01063	0.18168	0.04465	0.05480	0.01076	0.01165	0.00810	0.00564	0.00464	0.00160	0.00610	0.00400	0.00379	0.03963
1	0.04633	0.04344	0.01321	0.01259	0.10541	0.09198	0.00879	0.15880	0.06620	0.06567	0.17558	0.02444	0.08730	0.00810	0.00558	0.00167	0.00506	0.02287	0.04987	0.00713
2	0.01452	0.01766	0.22654	0.01944	0.24237	0.04730	0.01462	0.07690	0.19999	0.06399	0.01410	0.01499	0.01058	0.00594	0.00545	0.00173	0.00648	0.00501	0.00381	0.00859
3	0.00979	0.00775	0.01045	0.01257	0.15478	0.00750	0.00780	0.01322	0.08814	0.04975	0.18191	0.16497	0.22216	0.01139	0.00633	0.00188	0.00387	0.03457	0.00500	0.00617
4	0.00695	0.00545	0.00582	0.00598	0.00718	0.00483	0.00411	0.00795	0.01122	0.01379	0.04321	0.14077	0.48997	0.21411	0.01207	0.00280	0.00350	0.01127	0.00469	0.00432
5	0.01410	0.04720	0.01295	0.03175	0.01347	0.14251	0.00865	0.04637	0.07418	0.10890	0.21857	0.04879	0.04313	0.00901	0.00778	0.00182	0.13068	0.02890	0.00464	0.00658
6	0.01071	0.00687	0.00777	0.00710	0.00792	0.00699	0.00454	0.10052	0.01075	0.06217	0.01722	0.03233	0.01841	0.65676	0.02398	0.00468	0.00542	0.00752	0.00385	0.00448
7	0.06652	0.01445	0.01642	0.06146	0.15061	0.15266	0.07966	0.10365	0.15912	0.01966	0.01420	0.05966	0.01212	0.05728	0.00693	0.00196	0.00661	0.00578	0.00385	0.00739

[dist]
# distance from previous block
# <min> <max>
0	7

[block]
# block no. 1 follows, 43 sequences, length 45
# corresponding to MSA columns:
# 524-543,546-570
name=unknown_B
#
# <colnr> <probs for GDERKNQSTAVLIFYWHMCP>
#	G	D	E	R	K	N	Q	S	T	A	V	L	I	F	Y	W	H	M	C	P
0	0.01657	0.01029	0.01363	0.01231	0.09644	0.00924	0.02543	0.06597	0.06281	0.26874	0.06029	0.03879	0.01412	0.00629	0.00521	0.00144	0.00472	0.00534	0.00490	0.27746
1	0.13904	0.23414	0.17877	0.01238	0.01668	0.04052	0.07695	0.01635	0.01094	0.04166	0.00957	0.01243	0.00806	0.04194	0.03121	0.00206	0.11343	0.00420	0.00280	0.00688
2	0.01341	0.29366	0.34824	0.04119	0.07847	0.03225	0.05626	0.01753	0.01192	0.04543	0.00971	0.01141	0.00754	0.00510	0.00478	0.00155	0.00722	0.00398	0.00260	0.00776
3	0.01532	0.01520	0.06042	0.06691	0.40239	0.12057	0.02641	0.08868	0.01438	0.06342	0.01335	0.01541	0.04421	0.00582	0.00545	0.00164	0.00682	0.00508	0.02043	0.00808
4	0.01283	0.01435	0.03026	0.02193	0.02697	0.01385	0.66005	0.01756	0.03779	0.01756	0.01200	0.04077	0.00955	0.00546	0.00717	0.00191	0.05297	0.00673	0.00295	0.00734
5	0.01056	0.00786	0.01077	0.00942	0.01067	0.00907	0.06396	0.01279	0.01095	0.01776	0.04425	0.05492	0.04649	0.00902	0.02674	0.00191	0.22077	0.00613	0.42042	0.00553
6	0.01412	0.00882	0.00922	0.00784	0.01025	0.00941	0.00623	0.27448	0.01672	0.02569	0.01638	0.01805	0.01251	0.00652	0.00446	0.00142	0.00382	0.00510	0.54229	0.00667
7	0.00923	0.00800	0.01277	0.21101	0.01813	0.00869	0.09945	0.01131	0.01031	0.01369	0.04678	0.02717	0.08588	0.26532	0.12335	0.00398	0.02951	0.00709	0.00325	0.00508
8	0.01287	0.09146	0.21045	0.01797	0.23277	0.06099	0.01353	0.04841	0.01354	0.03565	0.12962	0.01850	0.04740	0.00652	0.00538	0.00161	0.00621	0.00548	0.00347	0.03817
9	0.00906	0.00731	0.00776	0.00736	0.00953	0.00715	0.00560	0.01421	0.20451	0.04087	0.09642	0.07055	0.47473	0.01207	0.00630	0.00187	0.00327	0.01014	0.00539	0.00590
10	0.08023	0.01374	0.01632	0.14678	0.19160	0.08812	0.01204	0.17155	0.13319	0.07242	0.01320	0.01451	0.00991	0.00601	0.00533	0.00171	0.00630	0.00491	0.00407	0.00807
11	0.10617	0.19700	0.01771	0.01138	0.01527	0.03745	0.05030	0.13594	0.31684	0.03494	0.01503	0.01488	0.01149	0.00626	0.00493	0.00165	0.00543	0.00487	0.00441	0.00805
12	0.01588	0.01772	0.01976	0.06598	0.34940	0.29349	0.07056	0.01857	0.01361	0.01619	0.00973	0.01236	0.00803	0.00517	0.00530	0.00154	0.00792	0.00445	0.00281	0.06152
13	0.01698	0.08125	0.01836	0.01619	0.08809	0.41659	0.04022	0.01868	0.01303	0.01405	0.00843	0.01102	0.00737	0.00659	0.00852	0.00171	0.21950	0.00411	0.00269	0.00664
14	0.00975	0.00792	0.00893	0.00828	0.01036	0.00824	0.00632	0.01689	0.28672	0.02117	0.35951	0.03611	0.17691	0.01045	0.00621	0.00182	0.00330	0.00897	0.00575	0.00641
15	0.01416	0.01364	0.01760	0.06696	0.36257	0.08126	0.01309	0.02221	0.30908	0.01948	0.01502	0.01619	0.01177	0.00606	0.00550	0.00173	0.00606	0.00534	0.00388	0.00841
16	0.00744	0.00565	0.00685	0.00655	0.00803	0.00506	0.00491	0.00967	0.01473	0.01996	0.54713	0.04507	0.27442	0.01216	0.00654	0.00178	0.00267	0.01053	0.00580	0.00506
17	0.00766	0.00578	0.00767	0.00842	0.04228	0.00546	0.00577	0.00953	0.01283	0.01750	0.32441	0.26065	0.13486	0.04154	0.06527	0.00258	0.00407	0.03350	0.00519	0.00502
18	0.21256	0.00901	0.00936	0.00810	0.01096	0.00951	0.00646	0.06668	0.12119	0.17343	0.06687	0.01843	0.01478	0.00671	0.00465	0.00161	0.00390	0.00520	0.24358	0.00701
19	0.08263	0.01475	0.01439	0.01166	0.01544	0.08158	0.00942	0.46473	0.13724	0.02939	0.01425	0.01437	0.01048	0.00657	0.00522	0.00165	0.00576	0.00492	0.06705	0.00848
20	0.39015	0.01350	0.12950	0.00959	0.01398	0.01160	0.00895	0.06527	0.06961	0.07085	0.01153	0.03697	0.00903	0.00578	0.00438	0.00161	0.00498	0.00417	0.00382	0.13471
21	0.78362	0.01076	0.00843	0.00747	0.01089	0.01239	0.00614	0.04749	0.01023	0.02498	0.00943	0.01054	0.02950	0.00548	0.00361	0.00172	0.00432	0.00335	0.00357	0.00610
22	0.03335	0.01213	0.01461	0.01745	0.25546	0.11177	0.01050	0.03566	0.07756	0.11435	0.19210	0.04402	0.04203	0.00764	0.00572	0.00169	0.00541	0.00659	0.00452	0.00743
23	0.01212	0.01212	0.01696	0.01454	0.01454	0.01696	0.01212	0.01333	0.00848	0.01333	0.00727	0.01212	0.00727	0.00969	0.01818	0.00242	0.79523	0.00485	0.00242	0.00606
24	0.01536	0.51856	0.02313	0.01014	0.01436	0.04437	0.00924	0.02087	0.21229	0.06405	0.01260	0.01271	0.01015	0.00565	0.00429	0.00141	0.00557	0.00403	0.00354	0.00768
25	0.01083	0.01036	0.01617	0.47727	0.02824	0.01349	0.01367	0.01350	0.01014	0.01386	0.01010	0.05770	0.00897	0.00764	0.01003	0.00207	0.28182	0.00550	0.00260	0.00603
26	0.84448	0.01071	0.00814	0.00728	0.01071	0.01242	0.00600	0.01628	0.00943	0.02485	0.00771	0.00900	0.00600	0.00514	0.00343	0.00171	0.00428	0.00300	0.00343	0.00600
27	0.02105	0.01551	0.01662	0.01274	0.01717	0.01717	0.01053	0.75235	0.02604	0.03490	0.01330	0.01330	0.00942	0.00665	0.00554	0.00166	0.00609	0.00499	0.00554	0.00942
28	0.02105	0.01551	0.01662	0.01274	0.01717	0.01717	0.01053	0.75235	0.02604	0.03490	0.01330	0.01330	0.00942	0.00665	0.00554	0.00166	0.00609	0.00499	0.00554	0.00942
29	0.01346	0.01290	0.02203	0.09249	0.71427	0.01309	0.01687	0.01678	0.01249	0.01779	0.01037	0.01379	0.00867	0.00498	0.00549	0.00166	0.00664	0.00493	0.00272	0.00857
30	0.00747	0.00565	0.00689	0.00658	0.00805	0.00507	0.00493	0.00973	0.01480	0.02013	0.56373	0.04479	0.25772	0.01210	0.00654	0.00178	0.00267	0.01050	0.00582	0.00507
31	0.01371	0.01316	0.02248	0.03399	0.77081	0.01316	0.01700	0.01700	0.01261	0.01809	0.01042	0.01371	0.00877	0.00493	0.00548	0.00164	0.00658	0.00493	0.00274	0.00877
32	0.00675	0.00482	0.00643	0.00771	0.00803	0.00450	0.00514	0.00771	0.01060	0.01414	0.03053	0.80175	0.03663	0.01735	0.00707	0.00225	0.00321	0.01574	0.00514	0.00450
33	0.01244	0.03526	0.01787	0.02446	0.49380	0.01093	0.01312	0.01538	0.01330	0.04759	0.16120	0.02362	0.05257	0.00723	0.00580	0.00171	0.00547	0.04680	0.00378	0.00767
34	0.02043	0.06131	0.01629	0.01405	0.01699	0.74915	0.01065	0.02187	0.01550	0.01353	0.00852	0.00994	0.00713	0.00566	0.00493	0.00142	0.00981	0.00354	0.00283	0.00645
35	0.00721	0.00566	0.00643	0.00635	0.00789	0.00500	0.00477	0.00901	0.01340	0.01728	0.29521	0.04874	0.43914	0.05965	0.00787	0.00207	0.00302	0.05114	0.00536	0.00481
36	0.00784	0.00566	0.00740	0.00697	0.00827	0.00523	0.00523	0.01045	0.01568	0.02221	0.76789	0.04137	0.05226	0.01132	0.00653	0.00174	0.00261	0.01002	0.00610	0.00523
37	0.01618	0.62742	0.02598	0.01052	0.01489	0.16364	0.00975	0.05046	0.01274	0.01410	0.00811	0.00929	0.00722	0.00500	0.00391	0.00125	0.00669	0.00316	0.00260	0.00708
38	0.00793	0.00585	0.00846	0.00846	0.00929	0.00668	0.00637	0.00960	0.00877	0.01253	0.01524	0.02401	0.01483	0.16052	0.66577	0.00835	0.01336	0.00626	0.00303	0.00470
39	0.01349	0.01293	0.02197	0.03313	0.74758	0.01290	0.01661	0.01672	0.01261	0.01800	0.01181	0.01491	0.03190	0.00521	0.00552	0.00165	0.00646	0.00514	0.00281	0.00865
40	0.00962	0.00481	0.00722	0.00722	0.00722	0.00481	0.00481	0.00722	0.00722	0.00962	0.00962	0.01684	0.00962	0.01924	0.02165	0.83886	0.00481	0.00481	0.00241	0.00241
41	0.01111	0.02865	0.77667	0.01579	0.02397	0.01286	0.02046	0.01754	0.01169	0.01754	0.00994	0.01169	0.00702	0.00526	0.00526	0.00175	0.00818	0.00409	0.00234	0.00818
42	0.01058	0.01035	0.01884	0.21504	0.02324	0.01107	0.24762	0.01387	0.01255	0.01721	0.19928	0.07380	0.02078	0.00793	0.00756	0.00192	0.09108	0.00742	0.00365	0.00622
43	0.01360	0.01305	0.02229	0.05825	0.74737	0.01313	0.01695	0.01691	0.01256	0.01797	0.01040	0.01374	0.00873	0.00495	0.00548	0.00165	0.00661	0.00493	0.00273	0.00869
44	0.01386	0.01511	0.01339	0.01225	0.01384	0.29088	0.00957	0.01635	0.06003	0.01388	0.01138	0.01528	0.01015	0.01926	0.28067	0.00430	0.18600	0.00486	0.00298	0.00598

[dist]
# distance from previous block
# <min> <max>
0	1

[block]
# block no. 2 follows, 43 sequences, length 22
# corresponding to MSA columns:
# 572-593
name=unknown_C
#
# <colnr> <probs for GDERKNQSTAVLIFYWHMCP>
#	G	D	E	R	K	N	Q	S	T	A	V	L	I	F	Y	W	H	M	C	P
0	0.00791	0.00593	0.00890	0.00890	0.00989	0.00692	0.00692	0.00989	0.00890	0.01286	0.01483	0.02176	0.01385	0.04154	0.78341	0.00890	0.01483	0.00593	0.00297	0.00494
1	0.01148	0.00984	0.01148	0.00820	0.01312	0.00738	0.00656	0.01395	0.01148	0.01805	0.00984	0.01148	0.00820	0.00410	0.00410	0.00082	0.00410	0.00328	0.00328	0.83922
2	0.77328	0.01060	0.00855	0.00751	0.01101	0.01205	0.00618	0.01721	0.00998	0.08998	0.00894	0.00985	0.00667	0.00529	0.00361	0.00171	0.00432	0.00322	0.00373	0.00630
3	0.01134	0.01104	0.01680	0.38119	0.02567	0.01477	0.01366	0.01372	0.00970	0.01372	0.00848	0.01337	0.00732	0.00773	0.01222	0.00215	0.42371	0.00488	0.00244	0.00610
4	0.00675	0.00482	0.00643	0.00771	0.00803	0.00450	0.00514	0.00771	0.01060	0.01414	0.03053	0.80175	0.03663	0.01735	0.00707	0.00225	0.00321	0.01574	0.00514	0.00450
5	0.00693	0.00563	0.00614	0.00601	0.00771	0.00484	0.00451	0.00869	0.01353	0.01710	0.26628	0.04978	0.55705	0.01323	0.00654	0.00183	0.00275	0.01119	0.00542	0.00484
6	0.02485	0.00943	0.01285	0.00985	0.01414	0.00814	0.00814	0.02699	0.01585	0.77465	0.02185	0.01885	0.01371	0.00685	0.00557	0.00171	0.00471	0.00557	0.00685	0.00943
7	0.00901	0.00543	0.00635	0.00612	0.00742	0.00520	0.00459	0.01161	0.01376	0.02147	0.41430	0.03160	0.03431	0.00903	0.00528	0.00153	0.00260	0.00773	0.39750	0.00520
8	0.01212	0.01212	0.01696	0.01454	0.01454	0.01696	0.01212	0.01333	0.00848	0.01333	0.00727	0.01212	0.00727	0.00969	0.01818	0.00242	0.79523	0.00485	0.00242	0.00606
9	0.03726	0.01134	0.01614	0.24934	0.29978	0.06587	0.01311	0.01465	0.01229	0.01620	0.01868	0.02353	0.13010	0.00739	0.00573	0.00179	0.00628	0.06044	0.00324	0.00682
10	0.01375	0.58575	0.24271	0.01128	0.01700	0.01933	0.01262	0.01686	0.01138	0.01432	0.00834	0.00969	0.00708	0.00489	0.00404	0.00135	0.00657	0.00328	0.00236	0.00742
11	0.48229	0.01135	0.10713	0.00774	0.01114	0.01027	0.00723	0.01542	0.01039	0.02262	0.01115	0.01289	0.00863	0.00556	0.00380	0.00159	0.00427	0.00380	0.25670	0.00603
12	0.01270	0.07953	0.02091	0.02629	0.51633	0.01266	0.06207	0.01552	0.01176	0.01647	0.01130	0.01622	0.01013	0.08264	0.07975	0.00264	0.00736	0.00525	0.00279	0.00769
13	0.00901	0.00777	0.01080	0.01036	0.01076	0.00956	0.00801	0.01037	0.00998	0.01432	0.08214	0.32134	0.02348	0.01783	0.13396	0.00332	0.29822	0.00967	0.00387	0.00521
14	0.00696	0.00524	0.00642	0.00722	0.00811	0.00477	0.00513	0.00822	0.01150	0.01480	0.06687	0.46194	0.25243	0.04239	0.00765	0.00225	0.00330	0.07510	0.00512	0.00459
15	0.02485	0.00943	0.01285	0.00985	0.01414	0.00814	0.00814	0.02699	0.01585	0.77465	0.02185	0.01885	0.01371	0.00685	0.00557	0.00171	0.00471	0.00557	0.00685	0.00943
16	0.00791	0.00593	0.00890	0.00890	0.00989	0.00692	0.00692	0.00989	0.00890	0.01286	0.01483	0.02176	0.01385	0.04154	0.78341	0.00890	0.01483	0.00593	0.00297	0.00494
17	0.09024	0.00987	0.01200	0.00956	0.01317	0.00956	0.00778	0.15731	0.01716	0.41397	0.17721	0.02175	0.02043	0.00762	0.00559	0.00171	0.00449	0.00619	0.00616	0.00824
18	0.00656	0.00556	0.00566	0.00575	0.00752	0.00466	0.00427	0.00793	0.01249	0.01491	0.05443	0.10217	0.72077	0.01424	0.00658	0.00189	0.00283	0.01195	0.00514	0.00466
19	0.01644	0.01880	0.01632	0.16128	0.13825	0.39804	0.01220	0.02044	0.11069	0.01560	0.01108	0.01317	0.00889	0.00680	0.02723	0.00181	0.00838	0.00445	0.00313	0.00700
20	0.00784	0.00566	0.00740	0.00697	0.00827	0.00523	0.00523	0.01045	0.01568	0.02221	0.76789	0.04137	0.05226	0.01132	0.00653	0.00174	0.00261	0.01002	0.00610	0.00523
21	0.01716	0.01950	0.01399	0.01266	0.01564	0.44301	0.00970	0.02306	0.24197	0.01700	0.01426	0.01677	0.01180	0.00677	0.00530	0.00159	0.00754	0.05203	0.00388	0.06636

[dist]
# distance from previous block
# <min> <max>
0	1

[block]
# block no. 3 follows, 43 sequences, length 38
# corresponding to MSA columns:
# 595-611,613-633
name=unknown_D
#
# <colnr> <probs for GDERKNQSTAVLIFYWHMCP>
#	G	D	E	R	K	N	Q	S	T	A	V	L	I	F	Y	W	H	M	C	P
0	0.01426	0.01331	0.02175	0.03138	0.67546	0.01366	0.01625	0.07893	0.01357	0.01931	0.01053	0.01361	0.00876	0.00528	0.00602	0.00168	0.03961	0.00494	0.00296	0.00871
1	0.01412	0.00962	0.01677	0.11149	0.01921	0.00920	0.20867	0.01709	0.01380	0.22572	0.17045	0.11982	0.02219	0.00832	0.00621	0.00184	0.00568	0.00793	0.00484	0.00701
2	0.01743	0.01318	0.01617	0.01272	0.01687	0.01401	0.08779	0.30226	0.26625	0.10352	0.01674	0.01634	0.01214	0.00655	0.00557	0.00169	0.00557	0.00550	0.00524	0.07445
3	0.25505	0.01128	0.01515	0.16350	0.26992	0.01239	0.01175	0.06140	0.04386	0.02092	0.07417	0.01514	0.01176	0.00586	0.00499	0.00172	0.00560	0.00486	0.00347	0.00721
4	0.01297	0.00932	0.01158	0.05832	0.01443	0.00960	0.00899	0.21211	0.01636	0.05483	0.07998	0.08579	0.02346	0.01089	0.00644	0.00200	0.00509	0.29722	0.00506	0.07554
5	0.01111	0.02865	0.77667	0.01579	0.02397	0.01286	0.02046	0.01754	0.01169	0.01754	0.00994	0.01169	0.00702	0.00526	0.00526	0.00175	0.00818	0.00409	0.00234	0.00818
6	0.72490	0.01141	0.00937	0.00808	0.01165	0.01311	0.00666	0.12318	0.01184	0.02631	0.00852	0.00962	0.00649	0.00536	0.00373	0.00171	0.00455	0.00329	0.00373	0.00649
7	0.00892	0.00637	0.00892	0.01020	0.01147	0.00637	0.00892	0.01147	0.01275	0.01657	0.02932	0.06247	0.03187	0.01530	0.00765	0.00255	0.00510	0.73354	0.00510	0.00510
8	0.00779	0.00566	0.00734	0.00692	0.00825	0.00521	0.00519	0.01036	0.01557	0.02196	0.74318	0.04178	0.07713	0.01142	0.00653	0.00175	0.00262	0.01007	0.00606	0.00521
9	0.01046	0.00984	0.01661	0.79205	0.03814	0.01230	0.01538	0.01415	0.01107	0.01415	0.00984	0.01477	0.00738	0.00554	0.00554	0.00185	0.00738	0.00492	0.00246	0.00615
10	0.00883	0.00649	0.00799	0.00758	0.00904	0.00584	0.00560	0.01095	0.01590	0.02220	0.66583	0.04388	0.14306	0.01229	0.00698	0.00196	0.00305	0.01049	0.00630	0.00574
11	0.01382	0.00677	0.00852	0.00753	0.00972	0.00627	0.00584	0.01648	0.03361	0.25269	0.25058	0.09241	0.02770	0.00902	0.00553	0.00166	0.00335	0.00770	0.23430	0.00653
12	0.01629	0.01828	0.01774	0.01634	0.07598	0.32282	0.05302	0.06466	0.01307	0.01542	0.00864	0.01162	0.00753	0.00725	0.01045	0.00188	0.32500	0.00445	0.00284	0.00671
13	0.00948	0.00671	0.00794	0.00813	0.00963	0.00661	0.00588	0.01346	0.15611	0.07582	0.03360	0.43470	0.18250	0.01394	0.00657	0.00206	0.00347	0.01228	0.00537	0.00575
14	0.05100	0.12885	0.07333	0.01397	0.01861	0.01389	0.20222	0.15349	0.05823	0.14208	0.07708	0.01647	0.01324	0.00618	0.00550	0.00168	0.00637	0.00554	0.00432	0.00796
15	0.01233	0.00985	0.01096	0.01118	0.06328	0.05335	0.00782	0.08558	0.20841	0.06590	0.06697	0.27264	0.08665	0.01102	0.00616	0.00192	0.00443	0.00956	0.00517	0.00683
16	0.24040	0.01145	0.01182	0.00938	0.01318	0.01185	0.00756	0.26487	0.01614	0.06758	0.05664	0.01513	0.01168	0.05505	0.00611	0.00173	0.00485	0.00460	0.00446	0.18551
17	0.01034	0.06442	0.27050	0.01396	0.01840	0.01056	0.15597	0.01423	0.01203	0.01659	0.04238	0.18284	0.01913	0.00952	0.00623	0.00198	0.00654	0.13419	0.00360	0.00659
18	0.01046	0.00984	0.01661	0.79205	0.03814	0.01230	0.01538	0.01415	0.01107	0.01415	0.00984	0.01477	0.00738	0.00554	0.00554	0.00185	0.00738	0.00492	0.00246	0.00615
19	0.18707	0.00992	0.01158	0.00950	0.01317	0.00947	0.00763	0.02342	0.06240	0.46820	0.06532	0.01959	0.01551	0.00735	0.00545	0.00185	0.00462	0.00561	0.06380	0.00854
20	0.00674	0.00486	0.00638	0.00759	0.00800	0.00451	0.00509	0.00772	0.01072	0.01418	0.03195	0.76001	0.07744	0.01717	0.00704	0.00223	0.00319	0.01552	0.00514	0.00451
21	0.00655	0.00561	0.00561	0.00561	0.00748	0.00468	0.00421	0.00795	0.01262	0.01496	0.05610	0.05330	0.76857	0.01403	0.00655	0.00187	0.00281	0.01169	0.00514	0.00468
22	0.01332	0.01276	0.02178	0.12477	0.68308	0.01306	0.01680	0.01666	0.01243	0.01762	0.01035	0.01383	0.00861	0.00501	0.00549	0.00167	0.00668	0.00493	0.00271	0.00846
23	0.84448	0.01071	0.00814	0.00728	0.01071	0.01242	0.00600	0.01628	0.00943	0.02485	0.00771	0.00900	0.00600	0.00514	0.00343	0.00171	0.00428	0.00300	0.00343	0.00600
24	0.00827	0.00591	0.00818	0.00946	0.01045	0.00581	0.00780	0.01035	0.01211	0.01585	0.02968	0.28317	0.03329	0.01591	0.00748	0.00246	0.00454	0.51925	0.00511	0.00492
25	0.02038	0.01540	0.01671	0.01440	0.08054	0.05577	0.01088	0.58608	0.04931	0.07415	0.01362	0.01373	0.00975	0.00650	0.00551	0.00166	0.00620	0.00499	0.00524	0.00919
26	0.49870	0.18382	0.01423	0.00905	0.01277	0.10715	0.00769	0.07919	0.01197	0.02182	0.00828	0.00945	0.00666	0.00525	0.00382	0.00156	0.00547	0.00323	0.00331	0.00657
27	0.01136	0.08275	0.72481	0.01535	0.02329	0.01349	0.01970	0.01747	0.01166	0.01723	0.00978	0.01150	0.00702	0.00523	0.00514	0.00171	0.00803	0.00401	0.00234	0.00811
28	0.00763	0.00570	0.00712	0.00688	0.00831	0.00518	0.00524	0.00998	0.01484	0.02030	0.56826	0.04527	0.20429	0.01216	0.00661	0.00182	0.00281	0.05667	0.00583	0.00510
29	0.00675	0.00482	0.00643	0.00771	0.00803	0.00450	0.00514	0.00771	0.01060	0.01414	0.03053	0.80175	0.03663	0.01735	0.00707	0.00225	0.00321	0.01574	0.00514	0.00450
30	0.01481	0.80869	0.02902	0.00948	0.01421	0.02191	0.00948	0.01658	0.01125	0.01303	0.00770	0.00888	0.00711	0.00474	0.00355	0.00118	0.00592	0.00296	0.00237	0.00711
31	0.00686	0.00501	0.00649	0.00762	0.00819	0.00464	0.00527	0.00798	0.01098	0.01439	0.03345	0.66673	0.12210	0.01683	0.00704	0.00222	0.00329	0.06120	0.00514	0.00456
32	0.01307	0.01494	0.03268	0.02334	0.02894	0.01401	0.75070	0.01774	0.01307	0.01774	0.01120	0.01494	0.00840	0.00467	0.00654	0.00187	0.00934	0.00654	0.00280	0.00747
33	0.00895	0.00603	0.00670	0.00666	0.00675	0.00590	0.00377	0.00873	0.00864	0.01160	0.01821	0.03710	0.02079	0.79504	0.02824	0.00548	0.00565	0.00828	0.00365	0.00384
34	0.02404	0.01073	0.01366	0.01047	0.01479	0.01007	0.00865	0.18227	0.01803	0.61629	0.02002	0.01766	0.01279	0.00681	0.00556	0.00170	0.00501	0.00544	0.00657	0.00942
35	0.01212	0.01212	0.01696	0.01454	0.01454	0.01696	0.01212	0.01333	0.00848	0.01333	0.00727	0.01212	0.00727	0.00969	0.01818	0.00242	0.79523	0.00485	0.00242	0.00606
36	0.01385	0.01353	0.01159	0.01042	0.01325	0.17617	0.00803	0.08912	0.31724	0.01984	0.02835	0.02709	0.23063	0.00892	0.00575	0.00176	0.00529	0.00713	0.00489	0.00715
37	0.01659	0.18330	0.22520	0.01284	0.01823	0.03862	0.01290	0.33354	0.06580	0.02430	0.01168	0.01233	0.00870	0.00591	0.00504	0.00160	0.00663	0.00437	0.00394	0.00848

[dist]
# distance from previous block
# <min> <max>
0	1

[block]
# block no. 4 follows, 43 sequences, length 54
# corresponding to MSA columns:
# 635-654,657-690
name=unknown_E
#
# <colnr> <probs for GDERKNQSTAVLIFYWHMCP>
#	G	D	E	R	K	N	Q	S	T	A	V	L	I	F	Y	W	H	M	C	P
0	0.01370	0.01211	0.01583	0.29445	0.11925	0.05008	0.01223	0.15186	0.07994	0.01983	0.01192	0.01455	0.00921	0.00667	0.02433	0.00182	0.02398	0.00483	0.02877	0.10466
1	0.01211	0.17189	0.53404	0.01635	0.07124	0.01465	0.07140	0.01734	0.01177	0.01675	0.00965	0.01154	0.00725	0.00510	0.00505	0.00165	0.00774	0.00411	0.00240	0.00797
2	0.01064	0.00845	0.01231	0.31471	0.02087	0.01020	0.01023	0.01328	0.01102	0.04041	0.04022	0.01993	0.06650	0.00975	0.05989	0.00229	0.14427	0.00571	0.19353	0.00580
3	0.00682	0.00543	0.00614	0.00667	0.00790	0.00483	0.00473	0.00839	0.03084	0.01481	0.04414	0.37736	0.43166	0.01530	0.00675	0.00203	0.00302	0.01331	0.00515	0.00470
4	0.00675	0.00482	0.00643	0.00771	0.00803	0.00450	0.00514	0.00771	0.01060	0.01414	0.03053	0.80175	0.03663	0.01735	0.00707	0.00225	0.00321	0.01574	0.00514	0.00450
5	0.36355	0.00996	0.01091	0.00879	0.01272	0.00991	0.00725	0.02256	0.01320	0.46481	0.01601	0.01478	0.01052	0.00615	0.00468	0.00171	0.00454	0.00451	0.00544	0.00801
6	0.01056	0.00809	0.00891	0.00781	0.01014	0.00796	0.00610	0.19368	0.01693	0.02222	0.27144	0.03957	0.35256	0.01133	0.00629	0.00178	0.00356	0.00949	0.00554	0.00603
7	0.00655	0.00561	0.00561	0.00561	0.00748	0.00468	0.00421	0.00795	0.01262	0.01496	0.05610	0.05330	0.76857	0.01403	0.00655	0.00187	0.00281	0.01169	0.00514	0.00468
8	0.01332	0.49566	0.32906	0.01201	0.01813	0.01828	0.01389	0.01697	0.01143	0.01484	0.00860	0.01001	0.00707	0.00495	0.00424	0.00141	0.00683	0.00342	0.00236	0.00754
9	0.01084	0.00841	0.01329	0.20425	0.06806	0.00858	0.06367	0.01374	0.01313	0.07655	0.21290	0.08707	0.02569	0.00935	0.00623	0.00188	0.00520	0.11930	0.00444	0.04741
10	0.01626	0.01521	0.01306	0.01132	0.01438	0.20935	0.00882	0.20799	0.23085	0.02288	0.06739	0.01979	0.06940	0.00749	0.00546	0.00166	0.00590	0.00582	0.05942	0.00757
11	0.02058	0.01361	0.01478	0.01175	0.01582	0.04305	0.00956	0.39073	0.16936	0.22556	0.01720	0.01609	0.01195	0.00684	0.00555	0.00171	0.00554	0.00534	0.00580	0.00918
12	0.00675	0.00482	0.00643	0.00771	0.00803	0.00450	0.00514	0.00771	0.01060	0.01414	0.03053	0.80175	0.03663	0.01735	0.00707	0.00225	0.00321	0.01574	0.00514	0.00450
13	0.00998	0.00879	0.01347	0.01150	0.01250	0.01035	0.10590	0.01147	0.00913	0.01319	0.01299	0.02251	0.01315	0.26857	0.18838	0.00468	0.24603	0.00634	0.02593	0.00512
14	0.00771	0.00566	0.00723	0.00684	0.00820	0.00517	0.00513	0.01021	0.01538	0.02151	0.69888	0.04253	0.12171	0.01158	0.00653	0.00175	0.00263	0.01018	0.00600	0.00517
15	0.01054	0.00979	0.01393	0.01242	0.01279	0.01319	0.01016	0.01204	0.00864	0.01315	0.01012	0.01574	0.00974	0.02167	0.30598	0.00486	0.50173	0.00526	0.00263	0.00564
16	0.01395	0.01397	0.04244	0.05251	0.52570	0.01359	0.16488	0.07066	0.01361	0.01912	0.01076	0.01391	0.00866	0.00503	0.00570	0.00170	0.00716	0.00524	0.00294	0.00846
17	0.00735	0.00564	0.00672	0.00645	0.00797	0.00502	0.00484	0.00950	0.01452	0.01946	0.49751	0.04590	0.32436	0.01235	0.00654	0.00179	0.00269	0.01065	0.00573	0.00502
18	0.01221	0.46999	0.02137	0.01099	0.06772	0.01553	0.02628	0.01400	0.01144	0.01427	0.05482	0.18523	0.01712	0.03182	0.00552	0.00165	0.00525	0.02507	0.00331	0.00641
19	0.00836	0.00841	0.06716	0.01022	0.01236	0.00678	0.11233	0.01083	0.01276	0.01733	0.23102	0.30281	0.11544	0.01253	0.00668	0.00199	0.00434	0.04834	0.00486	0.00544
20	0.00968	0.01026	0.06768	0.01489	0.20697	0.03721	0.03148	0.01220	0.01305	0.01711	0.15164	0.08247	0.30311	0.01022	0.00615	0.00179	0.00463	0.00891	0.00432	0.00622
21	0.18391	0.27275	0.24411	0.01168	0.01692	0.11309	0.01224	0.05763	0.01238	0.01804	0.00878	0.01012	0.00698	0.00520	0.00432	0.00152	0.00678	0.00349	0.00281	0.00724
22	0.37582	0.15151	0.22046	0.01062	0.01559	0.03730	0.01100	0.05928	0.03985	0.02104	0.00922	0.01042	0.00710	0.00530	0.00420	0.00163	0.00589	0.00354	0.00314	0.00709
23	0.01768	0.01903	0.04686	0.02166	0.31579	0.33209	0.01331	0.05552	0.03711	0.07284	0.01097	0.01266	0.00866	0.00557	0.00529	0.00157	0.00783	0.00442	0.00330	0.00785
24	0.00703	0.00511	0.00663	0.00735	0.00806	0.00471	0.00510	0.00848	0.01214	0.01641	0.23438	0.53892	0.09424	0.01546	0.00688	0.00208	0.00302	0.01388	0.00540	0.00471
25	0.00955	0.00791	0.01036	0.00972	0.01157	0.00815	0.06086	0.01552	0.23397	0.01869	0.16345	0.30005	0.07948	0.01212	0.00649	0.00200	0.00393	0.03474	0.00529	0.00614
26	0.01135	0.00716	0.00734	0.00697	0.00881	0.00771	0.00532	0.01780	0.23337	0.02139	0.01939	0.02065	0.01500	0.00677	0.00439	0.00146	0.00311	0.00549	0.59030	0.00623
27	0.01992	0.01755	0.01558	0.01467	0.09059	0.29951	0.01056	0.15367	0.10658	0.17780	0.01401	0.01412	0.01025	0.00634	0.00562	0.00163	0.02429	0.00472	0.00448	0.00809
28	0.00691	0.00493	0.00661	0.00789	0.00828	0.00464	0.00542	0.00799	0.01076	0.01432	0.03044	0.74788	0.03628	0.01720	0.00711	0.00227	0.00335	0.06805	0.00514	0.00454
29	0.00915	0.00773	0.01137	0.01483	0.23379	0.00735	0.00850	0.01147	0.01336	0.01831	0.28920	0.15993	0.17142	0.01093	0.00631	0.00182	0.00392	0.00976	0.00477	0.00605
30	0.00715	0.00525	0.00671	0.00716	0.00806	0.00481	0.00506	0.00882	0.01284	0.01741	0.32338	0.41197	0.13176	0.01458	0.00679	0.00200	0.00293	0.01300	0.00552	0.00481
31	0.01360	0.01305	0.02229	0.05912	0.74653	0.01313	0.01694	0.01690	0.01256	0.01796	0.01040	0.01374	0.00873	0.00495	0.00548	0.00165	0.00661	0.00493	0.00273	0.00869
32	0.00705	0.00563	0.00631	0.00614	0.00779	0.00489	0.00460	0.00892	0.01381	0.01779	0.33345	0.04865	0.48946	0.01297	0.00654	0.00182	0.00273	0.01104	0.00551	0.00489
33	0.01222	0.11891	0.35110	0.01239	0.01747	0.11853	0.01341	0.01689	0.05028	0.01786	0.19690	0.01887	0.01868	0.00686	0.00534	0.00164	0.00659	0.00545	0.00350	0.00711
34	0.01527	0.75031	0.02811	0.00972	0.01443	0.02157	0.00955	0.07075	0.01234	0.01464	0.00811	0.00921	0.00728	0.00488	0.00370	0.00122	0.00594	0.00311	0.00260	0.00728
35	0.01148	0.00984	0.01148	0.00820	0.01312	0.00738	0.00656	0.01395	0.01148	0.01805	0.00984	0.01148	0.00820	0.00410	0.00410	0.00082	0.00410	0.00328	0.00328	0.83922
36	0.00770	0.00585	0.00685	0.00761	0.00859	0.00517	0.00524	0.00855	0.01195	0.01535	0.04057	0.51600	0.30613	0.01658	0.00726	0.00228	0.00341	0.01439	0.00544	0.00508
37	0.01667	0.16673	0.20125	0.01110	0.01615	0.01219	0.01117	0.04067	0.05505	0.27530	0.03137	0.05217	0.01238	0.00648	0.00510	0.00159	0.00565	0.00514	0.00444	0.06941
38	0.32444	0.01965	0.01310	0.01196	0.02888	0.43446	0.00907	0.06751	0.01400	0.01920	0.00859	0.00991	0.00689	0.00555	0.00446	0.00155	0.00757	0.00348	0.00324	0.00650
39	0.00974	0.00862	0.01240	0.01135	0.01191	0.01128	0.00918	0.01138	0.00872	0.01306	0.01155	0.01757	0.01099	0.02771	0.45123	0.00609	0.35360	0.00546	0.00273	0.00543
40	0.01065	0.00859	0.01016	0.00894	0.01111	0.02814	0.03079	0.09039	0.14634	0.02284	0.46981	0.03399	0.08583	0.00999	0.00624	0.00176	0.00370	0.00867	0.00571	0.00634
41	0.01148	0.00984	0.01148	0.00820	0.01312	0.00738	0.00656	0.01395	0.01148	0.01805	0.00984	0.01148	0.00820	0.00410	0.00410	0.00082	0.00410	0.00328	0.00328	0.83922
42	0.01089	0.01563	0.25967	0.01764	0.22844	0.01051	0.01364	0.01579	0.06762	0.01913	0.20836	0.02331	0.07097	0.00748	0.00576	0.00174	0.00567	0.00652	0.00384	0.00740
43	0.00928	0.00638	0.00864	0.06496	0.01096	0.00738	0.00673	0.01150	0.00999	0.01575	0.01514	0.02048	0.01317	0.04219	0.37072	0.00508	0.06709	0.00555	0.30385	0.00516
44	0.01481	0.80869	0.02902	0.00948	0.01421	0.02191	0.00948	0.01658	0.01125	0.01303	0.00770	0.00888	0.00711	0.00474	0.00355	0.00118	0.00592	0.00296	0.00237	0.00711
45	0.01116	0.00997	0.01636	0.25073	0.31277	0.01069	0.01383	0.01428	0.01213	0.01636	0.01629	0.05401	0.01585	0.00847	0.00617	0.00198	0.00628	0.21245	0.00341	0.00681
46	0.00696	0.00563	0.00618	0.00604	0.00773	0.00485	0.00453	0.00874	0.01359	0.01726	0.28208	0.04951	0.54116	0.01317	0.00654	0.00183	0.00274	0.01116	0.00545	0.00485
47	0.01964	0.01538	0.01565	0.01248	0.01654	0.06789	0.01013	0.54070	0.17417	0.04720	0.01504	0.01469	0.01088	0.00677	0.00552	0.00169	0.00598	0.00516	0.00541	0.00908
48	0.00962	0.00481	0.00722	0.00722	0.00722	0.00481	0.00481	0.00722	0.00722	0.00962	0.00962	0.01684	0.00962	0.01924	0.02165	0.83886	0.00481	0.00481	0.00241	0.00241
49	0.01032	0.00516	0.00516	0.00516	0.00645	0.00516	0.00387	0.01290	0.01161	0.02065	0.01807	0.02065	0.01420	0.00645	0.00387	0.00129	0.00258	0.00516	0.83611	0.00516
50	0.01148	0.00984	0.01148	0.00820	0.01312	0.00738	0.00656	0.01395	0.01148	0.01805	0.00984	0.01148	0.00820	0.00410	0.00410	0.00082	0.00410	0.00328	0.00328	0.83922
51	0.00812	0.00574	0.00792	0.00792	0.00868	0.00641	0.00581	0.00965	0.00889	0.01290	0.01572	0.02528	0.01543	0.22874	0.53899	0.00747	0.01159	0.00640	0.06377	0.00457
52	0.00707	0.00535	0.00655	0.00699	0.00809	0.00483	0.00505	0.00867	0.01264	0.01659	0.22916	0.34022	0.26523	0.01467	0.00680	0.00202	0.00302	0.04689	0.00539	0.00477
53	0.10501	0.14788	0.07401	0.10096	0.01628	0.01318	0.00943	0.15078	0.06307	0.02139	0.01239	0.01397	0.00960	0.00575	0.00451	0.00149	0.00521	0.00434	0.17303	0.06772

[dist]
# distance from previous block
# <min> <max>
2	17

[block]
# block no. 5 follows, 43 sequences, length 31
# corresponding to MSA columns:
# 712-742
name=unknown_F
#
# <colnr> <probs for GDERKNQSTAVLIFYWHMCP>
#	G	D	E	R	K	N	Q	S	T	A	V	L	I	F	Y	W	H	M	C	P
0	0.19528	0.04798	0.12563	0.01100	0.01403	0.12173	0.02838	0.04953	0.01142	0.01741	0.02669	0.03335	0.01107	0.12638	0.07507	0.00288	0.08789	0.00502	0.00316	0.00611
1	0.03800	0.18457	0.27341	0.01180	0.01664	0.07698	0.01246	0.05614	0.01311	0.04890	0.06366	0.01982	0.08497	0.00722	0.00560	0.00167	0.03164	0.04287	0.00344	0.00711
2	0.01418	0.67670	0.15553	0.01054	0.01587	0.02038	0.01134	0.01675	0.01133	0.01379	0.00808	0.00936	0.00709	0.00483	0.00384	0.00128	0.00631	0.00315	0.00236	0.00729
3	0.01441	0.72438	0.10983	0.01016	0.01527	0.02094	0.01066	0.01669	0.01130	0.01352	0.00794	0.00919	0.00710	0.00479	0.00374	0.00125	0.00617	0.00308	0.00237	0.00722
4	0.01107	0.28555	0.19729	0.00983	0.01350	0.01297	0.00989	0.01342	0.01010	0.01336	0.01206	0.01953	0.01190	0.26102	0.09399	0.00345	0.00723	0.00515	0.00274	0.00595
5	0.01755	0.18273	0.30023	0.01206	0.01789	0.01300	0.01306	0.04071	0.01362	0.31527	0.01425	0.01397	0.00974	0.00582	0.00504	0.00162	0.00629	0.00446	0.00421	0.00848
6	0.01878	0.01798	0.01746	0.01832	0.20583	0.25311	0.01200	0.31960	0.01904	0.02365	0.01125	0.01259	0.00869	0.00592	0.00531	0.00157	0.00732	0.00454	0.02884	0.00820
7	0.01291	0.01609	0.09534	0.02271	0.02853	0.01391	0.68920	0.01772	0.01296	0.01772	0.01110	0.01467	0.00829	0.00472	0.00643	0.00186	0.00924	0.00633	0.00276	0.00753
8	0.00675	0.00482	0.00643	0.00771	0.00803	0.00450	0.00514	0.00771	0.01060	0.01414	0.03053	0.80175	0.03663	0.01735	0.00707	0.00225	0.00321	0.01574	0.00514	0.00450
9	0.00670	0.00499	0.00625	0.00726	0.00791	0.00454	0.00494	0.00776	0.01104	0.01432	0.03607	0.63938	0.19542	0.01663	0.00696	0.00217	0.00312	0.01486	0.00514	0.00454
10	0.00740	0.00562	0.00682	0.00657	0.00802	0.00503	0.00491	0.00959	0.01457	0.01971	0.52378	0.06940	0.27367	0.01235	0.00655	0.00180	0.00269	0.01072	0.00577	0.00503
11	0.00962	0.00481	0.00722	0.00722	0.00722	0.00481	0.00481	0.00722	0.00722	0.00962	0.00962	0.01684	0.00962	0.01924	0.02165	0.83886	0.00481	0.00481	0.00241	0.00241
12	0.01939	0.01279	0.01428	0.01154	0.01548	0.01383	0.00934	0.32546	0.28235	0.20653	0.01858	0.01721	0.01307	0.00700	0.00558	0.00175	0.00516	0.00557	0.00589	0.00919
13	0.01046	0.00984	0.01661	0.79205	0.03814	0.01230	0.01538	0.01415	0.01107	0.01415	0.00984	0.01477	0.00738	0.00554	0.00554	0.00185	0.00738	0.00492	0.00246	0.00615
14	0.56302	0.01235	0.01104	0.00915	0.01292	0.01405	0.00755	0.26788	0.01510	0.02829	0.00962	0.01047	0.00717	0.00566	0.00415	0.00170	0.00490	0.00368	0.00415	0.00717
15	0.07163	0.04744	0.01641	0.05584	0.07095	0.03506	0.01058	0.46325	0.06633	0.06450	0.01307	0.01352	0.00952	0.00625	0.00527	0.00164	0.00595	0.00479	0.00484	0.03316
16	0.01236	0.01221	0.01822	0.01459	0.01805	0.06064	0.26170	0.01977	0.25916	0.01954	0.11914	0.05368	0.05100	0.00799	0.00622	0.00188	0.00613	0.04606	0.00448	0.00718
17	0.00788	0.00530	0.00609	0.00626	0.00630	0.00526	0.00359	0.00801	0.00839	0.01118	0.01917	0.13668	0.02230	0.70197	0.02542	0.00496	0.00509	0.00906	0.00359	0.00351
18	0.01307	0.01494	0.03268	0.02334	0.02894	0.01401	0.75070	0.01774	0.01307	0.01774	0.01120	0.01494	0.00840	0.00467	0.00654	0.00187	0.00934	0.00654	0.00280	0.00747
19	0.01019	0.00519	0.00528	0.00526	0.00655	0.00517	0.00395	0.01277	0.01184	0.02073	0.05886	0.02178	0.01627	0.00672	0.00402	0.00132	0.00258	0.00543	0.79095	0.00517
20	0.00799	0.00561	0.00724	0.00724	0.00766	0.00602	0.00486	0.00883	0.00841	0.01163	0.01635	0.03015	0.01749	0.48410	0.34584	0.00685	0.00935	0.00716	0.00319	0.00402
21	0.01862	0.01787	0.01795	0.01449	0.01781	0.22878	0.08106	0.35066	0.01886	0.02357	0.01073	0.01233	0.00831	0.00674	0.00771	0.00175	0.14624	0.00472	0.00399	0.00781
22	0.00712	0.00563	0.00640	0.00621	0.00783	0.00492	0.00466	0.00906	0.01398	0.01817	0.37148	0.04801	0.45119	0.01283	0.00654	0.00181	0.00272	0.01095	0.00557	0.00492
23	0.01822	0.01732	0.01796	0.07432	0.22265	0.21603	0.01267	0.30985	0.01864	0.02329	0.01103	0.01265	0.00850	0.00586	0.00538	0.00161	0.00734	0.00460	0.00386	0.00823
24	0.01206	0.00773	0.00966	0.00936	0.01150	0.00774	0.00760	0.01701	0.16454	0.14431	0.13905	0.08810	0.08820	0.01176	0.00661	0.00208	0.00422	0.25631	0.00565	0.00651
25	0.00676	0.00537	0.00607	0.00643	0.00775	0.00468	0.00462	0.00816	0.01234	0.01553	0.12928	0.28778	0.45617	0.01477	0.00671	0.00197	0.00291	0.01278	0.00525	0.00468
26	0.01017	0.00738	0.00858	0.00778	0.00986	0.00725	0.00599	0.05675	0.12863	0.06464	0.39064	0.03827	0.22062	0.01089	0.00629	0.00179	0.00325	0.00931	0.00580	0.00611
27	0.01747	0.01322	0.01796	0.06893	0.25561	0.03640	0.04315	0.20739	0.10926	0.15209	0.01455	0.01535	0.01064	0.00607	0.00556	0.00171	0.00613	0.00525	0.00450	0.00876
28	0.01418	0.05190	0.42849	0.01471	0.04191	0.04081	0.01582	0.17113	0.05127	0.04319	0.01196	0.03517	0.00911	0.00622	0.00587	0.00175	0.04011	0.00476	0.00341	0.00823
29	0.01000	0.00872	0.01278	0.01144	0.01223	0.01113	0.03670	0.01182	0.00910	0.01384	0.01187	0.01750	0.01100	0.02449	0.38279	0.00541	0.33086	0.00545	0.06735	0.00551
30	0.60413	0.00946	0.00796	0.00721	0.01027	0.01042	0.00580	0.01519	0.01047	0.07483	0.01796	0.05821	0.13539	0.00738	0.00429	0.00177	0.00401	0.00529	0.00404	0.00594

[dist]
# distance from previous block
# <min> <max>
0	1

[block]
# block no. 6 follows, 43 sequences, length 19
# corresponding to MSA columns:
# 744-758,761-764
name=unknown_G
#
# <colnr> <probs for GDERKNQSTAVLIFYWHMCP>
#	G	D	E	R	K	N	Q	S	T	A	V	L	I	F	Y	W	H	M	C	P
0	0.01168	0.00938	0.01175	0.18377	0.01793	0.01015	0.00927	0.06826	0.20827	0.04905	0.05134	0.03037	0.15479	0.00913	0.00597	0.00187	0.00491	0.10133	0.00469	0.05608
1	0.53685	0.01075	0.00945	0.00837	0.01169	0.01219	0.00675	0.04662	0.17798	0.05481	0.01516	0.01524	0.06182	0.00641	0.00430	0.00176	0.00429	0.00451	0.00426	0.00679
2	0.01328	0.18840	0.15584	0.02072	0.28906	0.05991	0.08171	0.01674	0.01268	0.01700	0.08292	0.01487	0.01217	0.00559	0.00520	0.00158	0.00679	0.00492	0.00293	0.00771
3	0.00689	0.00525	0.00595	0.00648	0.00758	0.00466	0.00453	0.00808	0.01148	0.01463	0.04159	0.35944	0.38920	0.06118	0.00790	0.00220	0.00311	0.01286	0.04243	0.00455
4	0.01452	0.01411	0.03443	0.02152	0.21312	0.04388	0.25333	0.09072	0.06569	0.04467	0.01196	0.01458	0.00934	0.00596	0.00740	0.00182	0.10829	0.00551	0.03130	0.00786
5	0.10614	0.01174	0.07861	0.00967	0.01444	0.00926	0.00856	0.06264	0.01384	0.31495	0.01451	0.01422	0.01008	0.00554	0.00479	0.00139	0.00483	0.00431	0.00474	0.30573
6	0.09926	0.08457	0.01569	0.01308	0.08853	0.07264	0.00966	0.28103	0.07532	0.10513	0.01320	0.01392	0.00987	0.00692	0.00601	0.05119	0.00576	0.00466	0.03562	0.00796
7	0.01615	0.45287	0.02201	0.01124	0.06625	0.01617	0.00942	0.04759	0.01329	0.16941	0.06836	0.01699	0.01345	0.00637	0.00464	0.00146	0.00544	0.04749	0.00387	0.00753
8	0.00662	0.00531	0.00592	0.00641	0.00769	0.00461	0.00456	0.00786	0.01186	0.01465	0.04642	0.33659	0.49153	0.01528	0.00674	0.00201	0.00296	0.01322	0.00514	0.00461
9	0.01395	0.12850	0.30224	0.08482	0.15106	0.01479	0.01548	0.16629	0.01476	0.02037	0.03048	0.01303	0.00905	0.00560	0.00518	0.00165	0.00695	0.00449	0.00317	0.00813
10	0.03471	0.07158	0.29059	0.01279	0.01817	0.01362	0.01331	0.18253	0.12996	0.10684	0.01494	0.01711	0.01133	0.00667	0.00541	0.00176	0.00632	0.04974	0.00426	0.00837
11	0.78443	0.01065	0.00838	0.00744	0.01081	0.01228	0.00611	0.03916	0.01020	0.02506	0.03896	0.01046	0.00800	0.00544	0.00362	0.00171	0.00427	0.00335	0.00360	0.00607
12	0.38602	0.00804	0.00831	0.00792	0.00993	0.00927	0.00619	0.01262	0.00906	0.01809	0.01184	0.01725	0.01085	0.09162	0.36512	0.00534	0.00924	0.00479	0.00321	0.00528
13	0.00731	0.00516	0.00615	0.00670	0.00707	0.00491	0.00422	0.00790	0.00970	0.01270	0.02774	0.36447	0.11847	0.37309	0.01655	0.00361	0.00414	0.01177	0.00433	0.00400
14	0.01338	0.01275	0.02170	0.06720	0.70884	0.01286	0.01662	0.01666	0.01255	0.01786	0.01111	0.01562	0.00959	0.00536	0.00557	0.00169	0.00656	0.03276	0.00282	0.00851
15	0.01395	0.00857	0.01075	0.00915	0.01126	0.00897	0.00724	0.06616	0.01346	0.22579	0.09906	0.03021	0.21362	0.09492	0.01073	0.00228	0.15468	0.00768	0.00503	0.00649
16	0.01410	0.01837	0.25111	0.06643	0.04827	0.10573	0.04258	0.13886	0.05877	0.04328	0.03238	0.01564	0.01076	0.03766	0.08930	0.00260	0.00812	0.00503	0.00351	0.00751
17	0.01395	0.49787	0.25392	0.01174	0.01730	0.07163	0.01287	0.01713	0.01173	0.01452	0.00899	0.01117	0.00771	0.00523	0.00427	0.00141	0.00687	0.02189	0.00246	0.00733
18	0.26976	0.19506	0.19609	0.01269	0.08146	0.01485	0.01159	0.04716	0.06197	0.04822	0.01022	0.01134	0.00789	0.00534	0.00438	0.00161	0.00587	0.00381	0.00323	0.00745

[dist]
# distance from previous block
# <min> <max>
0	1

[block]
# block no. 7 follows, 43 sequences, length 33
# corresponding to MSA columns:
# 766-798
name=unknown_H
#
# <colnr> <probs for GDERKNQSTAVLIFYWHMCP>
#	G	D	E	R	K	N	Q	S	T	A	V	L	I	F	Y	W	H	M	C	P
0	0.01818	0.01142	0.01366	0.01186	0.06481	0.01152	0.00893	0.28071	0.06969	0.22503	0.07315	0.01946	0.05189	0.00713	0.00549	0.00162	0.00493	0.00579	0.03630	0.07843
1	0.00984	0.00805	0.00903	0.00904	0.01079	0.00864	0.00664	0.01738	0.34372	0.01824	0.03002	0.36642	0.11467	0.01259	0.00637	0.00204	0.00368	0.01106	0.00536	0.00641
2	0.00667	0.00562	0.00579	0.00575	0.00756	0.00473	0.00431	0.00820	0.01293	0.01568	0.12696	0.05211	0.69726	0.01376	0.00654	0.00186	0.00279	0.01152	0.00524	0.00473
3	0.01469	0.01235	0.01304	0.01146	0.01475	0.01420	0.00899	0.12042	0.66833	0.02464	0.02138	0.01974	0.01596	0.00740	0.00562	0.00185	0.00460	0.00610	0.00562	0.00885
4	0.32236	0.00714	0.00684	0.00651	0.00825	0.00778	0.00492	0.01262	0.00960	0.01922	0.01189	0.01525	0.00988	0.00944	0.00854	0.22936	0.00383	0.00426	0.29757	0.00472
5	0.01912	0.01017	0.01246	0.00991	0.01342	0.00997	0.00804	0.23298	0.01876	0.35524	0.22237	0.02337	0.02295	0.00801	0.00582	0.00171	0.00454	0.00661	0.00627	0.00828
6	0.01828	0.00817	0.01076	0.00873	0.01195	0.00723	0.00702	0.03894	0.01579	0.47368	0.24100	0.02814	0.08828	0.00875	0.00593	0.00173	0.00398	0.00736	0.00646	0.00781
7	0.00723	0.00505	0.00641	0.00721	0.00745	0.00489	0.00463	0.00792	0.00969	0.01296	0.02552	0.51459	0.03018	0.27912	0.04778	0.00357	0.00443	0.01277	0.00446	0.00414
8	0.02105	0.01551	0.01662	0.01274	0.01717	0.01717	0.01053	0.75235	0.02604	0.03490	0.01330	0.01330	0.00942	0.00665	0.00554	0.00166	0.00609	0.00499	0.00554	0.00942
9	0.05040	0.14454	0.01452	0.00865	0.01337	0.01018	0.00729	0.01661	0.01206	0.14023	0.01134	0.01213	0.00882	0.00470	0.00422	0.00107	0.00452	0.00359	0.00371	0.52809
10	0.01481	0.80869	0.02902	0.00948	0.01421	0.02191	0.00948	0.01658	0.01125	0.01303	0.00770	0.00888	0.00711	0.00474	0.00355	0.00118	0.00592	0.00296	0.00237	0.00711
11	0.84448	0.01071	0.00814	0.00728	0.01071	0.01242	0.00600	0.01628	0.00943	0.02485	0.00771	0.00900	0.00600	0.00514	0.00343	0.00171	0.00428	0.00300	0.00343	0.00600
12	0.01615	0.01308	0.01386	0.01175	0.01531	0.01489	0.00934	0.26563	0.52074	0.02700	0.01952	0.01826	0.01446	0.00723	0.00560	0.00181	0.00494	0.00584	0.00560	0.00898
13	0.01378	0.01190	0.01252	0.01127	0.01440	0.01378	0.00877	0.02943	0.76081	0.02317	0.02254	0.02066	0.01691	0.00751	0.00564	0.00188	0.00438	0.00626	0.00564	0.00877
14	0.00713	0.00512	0.00677	0.00745	0.00812	0.00476	0.00517	0.00868	0.01240	0.01699	0.29125	0.53289	0.04216	0.01522	0.00688	0.00207	0.00300	0.01372	0.00548	0.00476
