[name]
unknown

[dist]
# distance from previous block
# <min> <max>
9	145

[block]
# block no. 0 follows, 40 sequences, length 43
# corresponding to MSA columns:
# 806-848
name=unknown_A
#
# <colnr> <probs for GDERKNQSTAVLIFYWHMCP>
#	G	D	E	R	K	N	Q	S	T	A	V	L	I	F	Y	W	H	M	C	P
0	0.01571	0.01831	0.01257	0.01208	0.01415	0.44646	0.00882	0.01707	0.01425	0.01466	0.01788	0.30990	0.01940	0.01061	0.00604	0.00180	0.00751	0.00863	0.00394	0.04022
1	0.01166	0.03008	0.76550	0.01657	0.02517	0.01351	0.02149	0.01842	0.01228	0.01842	0.01044	0.01228	0.00737	0.00552	0.00552	0.00184	0.00859	0.00430	0.00246	0.00859
2	0.01417	0.01513	0.08349	0.03415	0.70009	0.01379	0.01814	0.01789	0.01316	0.01895	0.01090	0.01422	0.00906	0.00521	0.00574	0.00174	0.00704	0.00511	0.00284	0.00916
3	0.00757	0.00592	0.00686	0.00662	0.00828	0.00521	0.00497	0.00970	0.01490	0.01963	0.41776	0.04952	0.39571	0.01327	0.00687	0.00189	0.00284	0.01137	0.00592	0.00521
4	0.01098	0.01034	0.01744	0.78165	0.04005	0.01292	0.01615	0.01486	0.01163	0.01486	0.01034	0.01550	0.00775	0.00581	0.00581	0.00194	0.00775	0.00517	0.00258	0.00646
5	0.01183	0.02892	0.70648	0.01722	0.02559	0.01360	0.07934	0.01843	0.01239	0.01843	0.01054	0.01255	0.00748	0.00547	0.00563	0.00185	0.00869	0.00450	0.00249	0.00853
6	0.01218	0.01156	0.01961	0.51930	0.29303	0.01324	0.01675	0.01591	0.01220	0.01631	0.01055	0.01511	0.00827	0.00559	0.00579	0.00186	0.00746	0.00517	0.00269	0.00743
7	0.00937	0.00669	0.00937	0.01071	0.01205	0.00669	0.00937	0.01205	0.01339	0.01740	0.03079	0.06560	0.03347	0.01606	0.00803	0.00268	0.00535	0.72021	0.00535	0.00535
8	0.00835	0.00604	0.00840	0.00840	0.00911	0.00676	0.00609	0.00978	0.00907	0.01280	0.01644	0.02763	0.01662	0.28041	0.53863	0.00818	0.01245	0.00693	0.00324	0.00467
9	0.05580	0.01175	0.01478	0.01157	0.01576	0.01159	0.03926	0.24683	0.01908	0.40932	0.01990	0.08659	0.01459	0.00795	0.00593	0.00184	0.00544	0.00655	0.00628	0.00920
10	0.00709	0.00506	0.00675	0.00810	0.00843	0.00472	0.00540	0.00810	0.01113	0.01484	0.03205	0.79184	0.03846	0.01822	0.00742	0.00236	0.00337	0.01653	0.00540	0.00472
11	0.01098	0.01034	0.01744	0.78165	0.04005	0.01292	0.01615	0.01486	0.01163	0.01486	0.01034	0.01550	0.00775	0.00581	0.00581	0.00194	0.00775	0.00517	0.00258	0.00646
12	0.01297	0.01448	0.03117	0.02264	0.02789	0.01357	0.65470	0.01743	0.01343	0.01820	0.01408	0.10415	0.01220	0.00642	0.00693	0.00201	0.00907	0.00796	0.00322	0.00749
13	0.01446	0.01249	0.01315	0.01183	0.01512	0.01446	0.00920	0.03090	0.74885	0.02433	0.02367	0.02170	0.01775	0.00789	0.00592	0.00197	0.00460	0.00657	0.00592	0.00920
14	0.01010	0.00505	0.00758	0.00758	0.00758	0.00505	0.00505	0.00758	0.00758	0.01010	0.01010	0.01768	0.01010	0.02020	0.02273	0.83081	0.00505	0.00505	0.00253	0.00253
15	0.02172	0.02772	0.01648	0.01498	0.01798	0.77228	0.01124	0.02322	0.01648	0.01423	0.00899	0.01049	0.00749	0.00599	0.00524	0.00150	0.01049	0.00375	0.00300	0.00674
16	0.01243	0.18234	0.61997	0.01526	0.02314	0.01539	0.01920	0.01822	0.01219	0.01748	0.00997	0.01169	0.00739	0.00542	0.00517	0.00172	0.00812	0.00406	0.00246	0.00837
17	0.00823	0.00594	0.00777	0.00732	0.00869	0.00549	0.00549	0.01097	0.01646	0.02332	0.75629	0.04344	0.05487	0.01189	0.00686	0.00183	0.00274	0.01052	0.00640	0.00549
18	0.00846	0.00564	0.00634	0.00634	0.00634	0.00564	0.00352	0.00846	0.00846	0.01128	0.01832	0.03805	0.02114	0.79563	0.02960	0.00564	0.00564	0.00846	0.00352	0.00352
19	0.01346	0.01274	0.04490	0.01246	0.01784	0.01042	0.14738	0.09508	0.01406	0.02081	0.01101	0.01297	0.00875	0.00476	0.00501	0.00120	0.00574	0.00433	0.00357	0.55350
20	0.01564	0.01351	0.02160	0.01566	0.02095	0.01249	0.28256	0.16297	0.01606	0.07197	0.01244	0.01432	0.00933	0.00526	0.00567	0.00151	0.00684	0.00525	0.00398	0.30198
21	0.02066	0.01658	0.02166	0.01645	0.02141	0.01719	0.17393	0.49900	0.04194	0.03210	0.01490	0.01646	0.01116	0.00734	0.00659	0.00202	0.00746	0.00599	0.00548	0.06170
22	0.01425	0.01367	0.02335	0.06668	0.72947	0.01378	0.01778	0.01772	0.01317	0.01883	0.01091	0.01444	0.00915	0.00521	0.00576	0.00174	0.00694	0.00518	0.00287	0.00910
23	0.00800	0.00571	0.00779	0.00914	0.00988	0.00551	0.00698	0.00967	0.01203	0.01587	0.03155	0.50219	0.03647	0.01736	0.00767	0.00249	0.00416	0.29718	0.00538	0.00498
24	0.00832	0.00619	0.00915	0.00915	0.01013	0.00716	0.00703	0.01026	0.00929	0.01336	0.01575	0.02382	0.01496	0.09165	0.72513	0.00911	0.01494	0.00637	0.00314	0.00509
25	0.02273	0.01108	0.03282	0.01089	0.01518	0.01019	0.00905	0.02874	0.20459	0.55433	0.02281	0.02009	0.01508	0.00733	0.00586	0.00184	0.00495	0.00599	0.00675	0.00969
26	0.00708	0.00509	0.00671	0.00801	0.00841	0.00473	0.00536	0.00811	0.01122	0.01488	0.03315	0.76173	0.06786	0.01808	0.00740	0.00235	0.00336	0.01636	0.00540	0.00473
27	0.01555	0.79913	0.03047	0.00995	0.01493	0.02301	0.00995	0.01741	0.01182	0.01368	0.00808	0.00933	0.00746	0.00498	0.00373	0.00124	0.00622	0.00311	0.00249	0.00746
28	0.00804	0.00592	0.00753	0.00725	0.00865	0.00541	0.00544	0.01055	0.01576	0.02187	0.62131	0.07784	0.14057	0.01261	0.00691	0.00189	0.00286	0.02798	0.00621	0.00538
29	0.01408	0.01364	0.02368	0.09531	0.66201	0.01379	0.05653	0.01765	0.01314	0.01864	0.01093	0.01455	0.00907	0.00522	0.00582	0.00176	0.00713	0.00527	0.00286	0.00892
30	0.00780	0.00593	0.00718	0.00687	0.00843	0.00531	0.00515	0.01015	0.01545	0.02092	0.53670	0.04738	0.27596	0.01278	0.00686	0.00187	0.00281	0.01107	0.00609	0.00531
31	0.01664	0.01815	0.02115	0.02842	0.49851	0.25279	0.01558	0.01940	0.01410	0.01731	0.01020	0.01310	0.00861	0.00562	0.00609	0.00169	0.03668	0.00473	0.00290	0.00833
32	0.01506	0.01272	0.01817	0.45729	0.03118	0.01494	0.04475	0.27001	0.01716	0.02266	0.01159	0.01489	0.00855	0.00631	0.00624	0.00189	0.02986	0.00526	0.00374	0.00772
33	0.00725	0.00556	0.00670	0.00753	0.00861	0.00501	0.00545	0.00863	0.01220	0.01546	0.04233	0.42682	0.31667	0.01663	0.00728	0.00224	0.00342	0.09194	0.00539	0.00486
34	0.01555	0.79913	0.03047	0.00995	0.01493	0.02301	0.00995	0.01741	0.01182	0.01368	0.00808	0.00933	0.00746	0.00498	0.00373	0.00124	0.00622	0.00311	0.00249	0.00746
35	0.04422	0.02108	0.01467	0.01251	0.01629	0.47927	0.00955	0.02001	0.01472	0.01627	0.00943	0.01101	0.00785	0.00538	0.00486	0.00128	0.00812	0.00362	0.00317	0.29669
36	0.30836	0.02192	0.01369	0.01240	0.01561	0.50526	0.00950	0.02107	0.01416	0.01840	0.00868	0.01012	0.00707	0.00578	0.00466	0.00160	0.00838	0.00354	0.00321	0.00659
37	0.01010	0.00505	0.00758	0.00758	0.00758	0.00505	0.00505	0.00758	0.00758	0.01010	0.01010	0.01768	0.01010	0.02020	0.02273	0.83081	0.00505	0.00505	0.00253	0.00253
38	0.01206	0.01034	0.01206	0.00861	0.01378	0.00775	0.00689	0.01464	0.01206	0.01895	0.01034	0.01206	0.00861	0.00431	0.00431	0.00086	0.00431	0.00345	0.00345	0.83118
39	0.00687	0.00589	0.00589	0.00589	0.00785	0.00491	0.00442	0.00835	0.01325	0.01571	0.05891	0.05596	0.75700	0.01473	0.00687	0.00196	0.00295	0.01227	0.00540	0.00491
40	0.01446	0.01249	0.01315	0.01183	0.01512	0.01446	0.00920	0.03090	0.74885	0.02433	0.02367	0.02170	0.01775	0.00789	0.00592	0.00197	0.00460	0.00657	0.00592	0.00920
41	0.02609	0.00990	0.01350	0.01035	0.01484	0.00855	0.00855	0.02834	0.01664	0.76338	0.02294	0.01979	0.01439	0.00720	0.00585	0.00180	0.00495	0.00585	0.00720	0.00990
42	0.01375	0.01398	0.02608	0.11322	0.42353	0.01415	0.24406	0.01762	0.01306	0.01824	0.01101	0.01486	0.00887	0.00535	0.00661	0.00185	0.03683	0.00571	0.00285	0.00837

[dist]
# distance from previous block
# <min> <max>
1	11

[block]
# block no. 1 follows, 40 sequences, length 11
# corresponding to MSA columns:
# 860-870
name=unknown_B
#
# <colnr> <probs for GDERKNQSTAVLIFYWHMCP>
#	G	D	E	R	K	N	Q	S	T	A	V	L	I	F	Y	W	H	M	C	P
0	0.02275	0.01266	0.01655	0.01577	0.14627	0.01256	0.01099	0.25812	0.01953	0.39648	0.01792	0.01695	0.01202	0.00677	0.00582	0.00177	0.00576	0.00553	0.00599	0.00977
1	0.00687	0.00589	0.00589	0.00589	0.00785	0.00491	0.00442	0.00835	0.01325	0.01571	0.05891	0.05596	0.75700	0.01473	0.00687	0.00196	0.00295	0.01227	0.00540	0.00491
2	0.01272	0.01272	0.01781	0.01527	0.01527	0.01781	0.01272	0.01399	0.00891	0.01399	0.00763	0.01272	0.00763	0.01018	0.01908	0.00254	0.78499	0.00509	0.00254	0.00636
3	0.00810	0.00582	0.00756	0.00735	0.00852	0.00540	0.00536	0.01048	0.01534	0.02158	0.62460	0.13397	0.05088	0.05914	0.00828	0.00212	0.00299	0.01112	0.00611	0.00528
4	0.02172	0.02772	0.01648	0.01498	0.01798	0.77228	0.01124	0.02322	0.01648	0.01423	0.00899	0.01049	0.00749	0.00599	0.00524	0.00150	0.01049	0.00375	0.00300	0.00674
5	0.01206	0.01034	0.01206	0.00861	0.01378	0.00775	0.00689	0.01464	0.01206	0.01895	0.01034	0.01206	0.00861	0.00431	0.00431	0.00086	0.00431	0.00345	0.00345	0.83118
6	0.01458	0.34553	0.01965	0.01106	0.01433	0.18369	0.00974	0.01658	0.01340	0.01503	0.01801	0.02905	0.05901	0.00907	0.00553	0.00177	0.00672	0.21711	0.00362	0.00653
7	0.00846	0.00564	0.00634	0.00634	0.00634	0.00564	0.00352	0.00846	0.00846	0.01128	0.01832	0.03805	0.02114	0.79563	0.02960	0.00564	0.00564	0.00846	0.00352	0.00352
8	0.00709	0.00506	0.00675	0.00810	0.00843	0.00472	0.00540	0.00810	0.01113	0.01484	0.03205	0.79184	0.03846	0.01822	0.00742	0.00236	0.00337	0.01653	0.00540	0.00472
9	0.01439	0.01382	0.02360	0.03569	0.75936	0.01382	0.01785	0.01785	0.01324	0.01900	0.01094	0.01439	0.00921	0.00518	0.00576	0.00173	0.00691	0.00518	0.00288	0.00921
10	0.16467	0.01269	0.01352	0.01130	0.01498	0.05196	0.03338	0.04811	0.29327	0.11503	0.01652	0.01636	0.01233	0.00677	0.00603	0.00177	0.05073	0.00517	0.00487	0.12054

[dist]
# distance from previous block
# <min> <max>
0	18

[block]
# block no. 2 follows, 40 sequences, length 42
# corresponding to MSA columns:
# 889-930
name=unknown_C
#
# <colnr> <probs for GDERKNQSTAVLIFYWHMCP>
#	G	D	E	R	K	N	Q	S	T	A	V	L	I	F	Y	W	H	M	C	P
0	0.01251	0.02420	0.46676	0.01982	0.02730	0.01400	0.31433	0.01850	0.01287	0.01850	0.01098	0.01367	0.00796	0.00527	0.00607	0.00189	0.00909	0.00535	0.00265	0.00829
1	0.00990	0.00974	0.01654	0.01504	0.09799	0.00893	0.22483	0.01269	0.01340	0.01705	0.03779	0.03997	0.40591	0.01083	0.00682	0.00198	0.00558	0.05435	0.00439	0.00629
2	0.00709	0.00506	0.00675	0.00810	0.00843	0.00472	0.00540	0.00810	0.01113	0.01484	0.03205	0.79184	0.03846	0.01822	0.00742	0.00236	0.00337	0.01653	0.00540	0.00472
3	0.01290	0.01387	0.02827	0.26597	0.07965	0.01408	0.46298	0.01738	0.01303	0.01745	0.01126	0.01555	0.00851	0.00521	0.00646	0.00194	0.00897	0.00622	0.00282	0.00749
4	0.01984	0.33228	0.02034	0.01030	0.01452	0.01483	0.00919	0.02190	0.01418	0.36443	0.06199	0.01657	0.01369	0.00677	0.00586	0.00162	0.05338	0.00498	0.00494	0.00841
5	0.01439	0.01382	0.02360	0.03569	0.75936	0.01382	0.01785	0.01785	0.01324	0.01900	0.01094	0.01439	0.00921	0.00518	0.00576	0.00173	0.00691	0.00518	0.00288	0.00921
6	0.01404	0.01343	0.01978	0.01588	0.01951	0.01494	0.21834	0.02532	0.44791	0.02143	0.01830	0.01888	0.01396	0.00731	0.00780	0.00204	0.10152	0.00648	0.00465	0.00847
7	0.01098	0.01034	0.01744	0.78165	0.04005	0.01292	0.01615	0.01486	0.01163	0.01486	0.01034	0.01550	0.00775	0.00581	0.00581	0.00194	0.00775	0.00517	0.00258	0.00646
8	0.01166	0.03008	0.76550	0.01657	0.02517	0.01351	0.02149	0.01842	0.01228	0.01842	0.01044	0.01228	0.00737	0.00552	0.00552	0.00184	0.00859	0.00430	0.00246	0.00859
9	0.00709	0.00506	0.00675	0.00810	0.00843	0.00472	0.00540	0.00810	0.01113	0.01484	0.03205	0.79184	0.03846	0.01822	0.00742	0.00236	0.00337	0.01653	0.00540	0.00472
10	0.00709	0.00506	0.00675	0.00810	0.00843	0.00472	0.00540	0.00810	0.01113	0.01484	0.03205	0.79184	0.03846	0.01822	0.00742	0.00236	0.00337	0.01653	0.00540	0.00472
11	0.01189	0.02849	0.68459	0.01745	0.02575	0.01364	0.10080	0.01844	0.01244	0.01844	0.01058	0.01265	0.00753	0.00546	0.00567	0.00185	0.00873	0.00458	0.00251	0.00851
12	0.00709	0.00506	0.00675	0.00810	0.00843	0.00472	0.00540	0.00810	0.01113	0.01484	0.03205	0.79184	0.03846	0.01822	0.00742	0.00236	0.00337	0.01653	0.00540	0.00472
13	0.01412	0.01458	0.02798	0.03112	0.46152	0.01418	0.31217	0.01817	0.01344	0.01885	0.01128	0.01492	0.00905	0.00507	0.00621	0.00182	0.00809	0.00587	0.00290	0.00865
14	0.01843	0.01246	0.02011	0.02694	0.50235	0.01200	0.01464	0.02147	0.01442	0.27596	0.01508	0.01626	0.01100	0.00588	0.00579	0.00175	0.00623	0.00541	0.00437	0.00945
15	0.01142	0.01088	0.01869	0.68007	0.10937	0.01308	0.04426	0.01529	0.01187	0.01540	0.01045	0.01540	0.00793	0.00572	0.00585	0.00192	0.00775	0.00523	0.00263	0.00678
16	0.01439	0.01382	0.02360	0.03569	0.75936	0.01382	0.01785	0.01785	0.01324	0.01900	0.01094	0.01439	0.00921	0.00518	0.00576	0.00173	0.00691	0.00518	0.00288	0.00921
17	0.00709	0.00506	0.00675	0.00810	0.00843	0.00472	0.00540	0.00810	0.01113	0.01484	0.03205	0.79184	0.03846	0.01822	0.00742	0.00236	0.00337	0.01653	0.00540	0.00472
18	0.01166	0.03008	0.76550	0.01657	0.02517	0.01351	0.02149	0.01842	0.01228	0.01842	0.01044	0.01228	0.00737	0.00552	0.00552	0.00184	0.00859	0.00430	0.00246	0.00859
19	0.00709	0.00506	0.00675	0.00810	0.00843	0.00472	0.00540	0.00810	0.01113	0.01484	0.03205	0.79184	0.03846	0.01822	0.00742	0.00236	0.00337	0.01653	0.00540	0.00472
20	0.01166	0.03008	0.76550	0.01657	0.02517	0.01351	0.02149	0.01842	0.01228	0.01842	0.01044	0.01228	0.00737	0.00552	0.00552	0.00184	0.00859	0.00430	0.00246	0.00859
21	0.00709	0.00506	0.00675	0.00810	0.00843	0.00472	0.00540	0.00810	0.01113	0.01484	0.03205	0.79184	0.03846	0.01822	0.00742	0.00236	0.00337	0.01653	0.00540	0.00472
22	0.00994	0.02006	0.45545	0.01273	0.01815	0.01012	0.01469	0.01435	0.01176	0.01669	0.02073	0.14099	0.10715	0.08169	0.03786	0.00257	0.00709	0.00763	0.00340	0.00695
23	0.01807	0.01313	0.02337	0.01738	0.02232	0.01257	0.35706	0.02417	0.14879	0.27301	0.01774	0.01818	0.01235	0.00623	0.00635	0.00191	0.00720	0.00647	0.00493	0.00879
24	0.01446	0.01249	0.01315	0.01183	0.01512	0.01446	0.00920	0.03090	0.74885	0.02433	0.02367	0.02170	0.01775	0.00789	0.00592	0.00197	0.00460	0.00657	0.00592	0.00920
25	0.01464	0.01447	0.02277	0.08166	0.66721	0.06140	0.01732	0.01800	0.01334	0.01844	0.01078	0.01422	0.00901	0.00527	0.00573	0.00173	0.00719	0.00509	0.00287	0.00888
26	0.01339	0.01251	0.02106	0.07923	0.60403	0.01267	0.01640	0.01671	0.01311	0.01844	0.01384	0.03924	0.01280	0.00687	0.00608	0.00187	0.00669	0.09337	0.00322	0.00846
27	0.01327	0.01234	0.01764	0.27960	0.02416	0.01615	0.01370	0.10343	0.01211	0.01707	0.00934	0.01383	0.00795	0.00828	0.01287	0.00224	0.42109	0.00513	0.00296	0.00683
28	0.00700	0.00540	0.00640	0.00720	0.00820	0.00480	0.00500	0.00820	0.01200	0.01520	0.04302	0.49118	0.33203	0.01679	0.00720	0.00220	0.00320	0.01479	0.00540	0.00480
29	0.01209	0.02138	0.46460	0.01601	0.08244	0.01129	0.01686	0.01707	0.01269	0.07038	0.01649	0.10642	0.01497	0.00844	0.00611	0.00200	0.00718	0.10215	0.00354	0.00787
30	0.01179	0.02918	0.71957	0.01707	0.02550	0.01358	0.06651	0.01843	0.01237	0.01843	0.01052	0.01249	0.00746	0.00549	0.00561	0.00185	0.00867	0.00446	0.00249	0.00855
31	0.01373	0.01569	0.03431	0.02451	0.03039	0.01471	0.73824	0.01863	0.01373	0.01863	0.01176	0.01569	0.00882	0.00490	0.00686	0.00196	0.00980	0.00686	0.00294	0.00784
32	0.01214	0.12450	0.67526	0.01576	0.02391	0.01467	0.02007	0.01829	0.01222	0.01783	0.01015	0.01192	0.00738	0.00546	0.00530	0.00177	0.00830	0.00415	0.00246	0.00846
33	0.01300	0.01240	0.02110	0.33934	0.46656	0.01345	0.01716	0.01663	0.01258	0.01731	0.01069	0.01484	0.00862	0.00544	0.00578	0.00181	0.00725	0.00518	0.00276	0.00809
34	0.01326	0.01490	0.03199	0.02314	0.02847	0.01415	0.66712	0.01779	0.01340	0.01823	0.01295	0.06619	0.01072	0.00594	0.00729	0.00201	0.03432	0.00744	0.00309	0.00759
35	0.00720	0.00527	0.00680	0.00797	0.00859	0.00487	0.00552	0.00838	0.01156	0.01512	0.03555	0.64779	0.13387	0.01762	0.00739	0.00233	0.00344	0.06055	0.00540	0.00479
36	0.01959	0.01790	0.01745	0.01411	0.01787	0.19797	0.05682	0.39190	0.05973	0.02719	0.06113	0.01548	0.01245	0.00718	0.00665	0.00177	0.05617	0.00539	0.00480	0.00846
37	0.01238	0.03885	0.02117	0.01895	0.15556	0.01105	0.28056	0.01552	0.01341	0.06600	0.02597	0.09599	0.20102	0.00880	0.00654	0.00192	0.00651	0.00860	0.00404	0.00719
38	0.01730	0.01174	0.02019	0.06391	0.02109	0.01127	0.26062	0.02230	0.10156	0.28092	0.10841	0.02123	0.01742	0.00697	0.00633	0.00189	0.00649	0.00681	0.00519	0.00835
39	0.01667	0.01171	0.01297	0.01131	0.01481	0.01287	0.00890	0.02957	0.56747	0.18121	0.02474	0.02249	0.04282	0.00798	0.00594	0.00194	0.00462	0.00662	0.00617	0.00920
40	0.01811	0.31074	0.20365	0.01229	0.01778	0.10891	0.01256	0.02122	0.01376	0.21063	0.01265	0.01292	0.00925	0.00581	0.00491	0.00157	0.00699	0.00419	0.00377	0.00829
41	0.17270	0.01294	0.01413	0.01112	0.01546	0.01360	0.00914	0.31670	0.06561	0.25813	0.01614	0.01535	0.01107	0.00672	0.00537	0.00176	0.00541	0.00506	0.00576	0.03783

[dist]
# distance from previous block
# <min> <max>
23	99

[block]
# block no. 3 follows, 40 sequences, length 32
# corresponding to MSA columns:
# 1045-1058,1060-1077
name=unknown_D
#
# <colnr> <probs for GDERKNQSTAVLIFYWHMCP>
#	G	D	E	R	K	N	Q	S	T	A	V	L	I	F	Y	W	H	M	C	P
0	0.04506	0.01785	0.01397	0.01159	0.01555	0.34569	0.00898	0.02027	0.01470	0.11874	0.03327	0.01325	0.01019	0.00570	0.00498	0.00133	0.00708	0.00410	0.00385	0.30384
1	0.01402	0.01344	0.02294	0.11657	0.68137	0.01372	0.01766	0.01752	0.01307	0.01855	0.01087	0.01451	0.00905	0.00525	0.00576	0.00175	0.00700	0.00518	0.00285	0.00891
2	0.10448	0.01227	0.01328	0.01007	0.01480	0.01169	0.00816	0.22205	0.06448	0.02510	0.01200	0.01295	0.00932	0.00542	0.00476	0.00129	0.00494	0.00413	0.00430	0.45450
3	0.01276	0.01215	0.02066	0.39202	0.41576	0.01339	0.01704	0.01642	0.01247	0.01702	0.01065	0.01492	0.00851	0.00548	0.00578	0.00183	0.00731	0.00517	0.00274	0.00790
4	0.00764	0.00592	0.00695	0.00669	0.00832	0.00523	0.00502	0.00983	0.01506	0.01999	0.45154	0.04891	0.36170	0.01313	0.00686	0.00189	0.00283	0.01128	0.00596	0.00523
5	0.01948	0.01450	0.01531	0.01288	0.01531	0.17672	0.01040	0.02125	0.01391	0.29876	0.05700	0.01670	0.01290	0.00824	0.01037	0.00199	0.27652	0.00540	0.00463	0.00773
6	0.01206	0.01034	0.01206	0.00861	0.01378	0.00775	0.00689	0.01464	0.01206	0.01895	0.01034	0.01206	0.00861	0.00431	0.00431	0.00086	0.00431	0.00345	0.00345	0.83118
7	0.00855	0.00642	0.00810	0.00735	0.00918	0.00569	0.00556	0.01118	0.01575	0.02230	0.62506	0.04094	0.10055	0.01127	0.00658	0.00173	0.00293	0.00988	0.00601	0.09496
8	0.01864	0.02209	0.01507	0.01302	0.01665	0.52134	0.00990	0.02104	0.04415	0.01599	0.00996	0.01138	0.00822	0.00558	0.00500	0.00133	0.00847	0.00377	0.00324	0.24514
9	0.01477	0.01201	0.01839	0.01356	0.01855	0.01054	0.20013	0.08368	0.01449	0.10110	0.01375	0.01753	0.01104	0.00579	0.00553	0.00145	0.00608	0.05160	0.00406	0.39595
10	0.26165	0.01053	0.01221	0.00968	0.01392	0.01021	0.00799	0.05197	0.01509	0.52152	0.01829	0.01656	0.01187	0.00667	0.00519	0.00180	0.00487	0.00504	0.00610	0.00885
11	0.00838	0.00599	0.00824	0.00958	0.01049	0.00584	0.00766	0.01034	0.01241	0.01630	0.03133	0.37886	0.03562	0.01699	0.00777	0.00254	0.00450	0.41668	0.00537	0.00508
12	0.00707	0.00545	0.00647	0.00717	0.00822	0.00485	0.00501	0.00838	0.01232	0.01573	0.08895	0.45159	0.32510	0.01643	0.00717	0.00217	0.00316	0.01446	0.00546	0.00485
13	0.02174	0.02727	0.01652	0.01492	0.01798	0.74265	0.01123	0.05138	0.01691	0.01511	0.00918	0.01062	0.00758	0.00603	0.00527	0.00151	0.01033	0.00380	0.00311	0.00687
14	0.01431	0.01068	0.01238	0.01129	0.01398	0.01150	0.00925	0.27764	0.11286	0.02541	0.07641	0.11839	0.02500	0.01166	0.00681	0.00215	0.00523	0.24194	0.00567	0.00743
15	0.00993	0.00636	0.00806	0.00739	0.00921	0.00572	0.00563	0.01239	0.01591	0.10221	0.55370	0.04309	0.17440	0.01188	0.00675	0.00185	0.00302	0.01032	0.00631	0.00586
16	0.01247	0.01186	0.02013	0.45567	0.35438	0.01331	0.01689	0.01616	0.01233	0.01667	0.01060	0.01502	0.00839	0.00554	0.00579	0.00185	0.00738	0.00517	0.00271	0.00766
17	0.01450	0.01355	0.01991	0.01562	0.01929	0.01485	0.19910	0.09953	0.25562	0.02158	0.01495	0.01650	0.01162	0.00708	0.00856	0.00194	0.15911	0.00588	0.00421	0.09662
18	0.01098	0.01034	0.01744	0.78165	0.04005	0.01292	0.01615	0.01486	0.01163	0.01486	0.01034	0.01550	0.00775	0.00581	0.00581	0.00194	0.00775	0.00517	0.00258	0.00646
19	0.01555	0.79913	0.03047	0.00995	0.01493	0.02301	0.00995	0.01741	0.01182	0.01368	0.00808	0.00933	0.00746	0.00498	0.00373	0.00124	0.00622	0.00311	0.00249	0.00746
20	0.01206	0.01034	0.01206	0.00861	0.01378	0.00775	0.00689	0.01464	0.01206	0.01895	0.01034	0.01206	0.00861	0.00431	0.00431	0.00086	0.00431	0.00345	0.00345	0.83118
21	0.01098	0.01034	0.01744	0.78165	0.04005	0.01292	0.01615	0.01486	0.01163	0.01486	0.01034	0.01550	0.00775	0.00581	0.00581	0.00194	0.00775	0.00517	0.00258	0.00646
22	0.00709	0.00506	0.00675	0.00810	0.00843	0.00472	0.00540	0.00810	0.01113	0.01484	0.03205	0.79184	0.03846	0.01822	0.00742	0.00236	0.00337	0.01653	0.00540	0.00472
23	0.02609	0.00990	0.01350	0.01035	0.01484	0.00855	0.00855	0.02834	0.01664	0.76338	0.02294	0.01979	0.01439	0.00720	0.00585	0.00180	0.00495	0.00585	0.00720	0.00990
24	0.01210	0.01148	0.01947	0.53655	0.27640	0.01321	0.01671	0.01584	0.01216	0.01622	0.01053	0.01514	0.00823	0.00561	0.00580	0.00187	0.00747	0.00517	0.00268	0.00736
25	0.01373	0.01569	0.03431	0.02451	0.03039	0.01471	0.73824	0.01863	0.01373	0.01863	0.01176	0.01569	0.00882	0.00490	0.00686	0.00196	0.00980	0.00686	0.00294	0.00784
26	0.01215	0.01241	0.02498	0.01934	0.02344	0.01197	0.45802	0.01616	0.01346	0.01805	0.01837	0.03326	0.01751	0.00901	0.00765	0.00223	0.03205	0.25923	0.00378	0.00692
27	0.01910	0.01308	0.02477	0.01807	0.02319	0.01210	0.39970	0.02275	0.01487	0.34396	0.01654	0.01740	0.01123	0.00605	0.00675	0.00191	0.02869	0.00637	0.00479	0.00870
28	0.01688	0.01203	0.01733	0.01343	0.01762	0.01175	0.15491	0.17890	0.07747	0.16998	0.06698	0.04735	0.03308	0.00779	0.00615	0.00180	0.00592	0.05084	0.00523	0.10456
29	0.01661	0.01272	0.02272	0.01713	0.02160	0.03466	0.36238	0.02076	0.05615	0.23134	0.01842	0.12654	0.01507	0.00764	0.00655	0.00196	0.00723	0.00782	0.00468	0.00803
30	0.01830	0.06262	0.03791	0.01519	0.02013	0.03501	0.23942	0.10667	0.03780	0.23892	0.04418	0.01699	0.01246	0.00618	0.00591	0.00172	0.00682	0.00581	0.00476	0.08320
31	0.04010	0.01195	0.04666	0.01304	0.01688	0.01108	0.13360	0.17053	0.03088	0.16232	0.01980	0.18690	0.01796	0.00936	0.00630	0.00193	0.00585	0.04861	0.00511	0.06111

[dist]
# distance from previous block
# <min> <max>
12	55

[block]
# block no. 4 follows, 40 sequences, length 8
# corresponding to MSA columns:
# 1146-1153
name=unknown_E
#
# <colnr> <probs for GDERKNQSTAVLIFYWHMCP>
#	G	D	E	R	K	N	Q	S	T	A	V	L	I	F	Y	W	H	M	C	P
0	0.01519	0.01174	0.01395	0.12459	0.01799	0.02765	0.00985	0.27485	0.04990	0.05100	0.04158	0.15196	0.01681	0.04600	0.00783	0.00204	0.04767	0.00741	0.00480	0.07719
1	0.04806	0.01180	0.01173	0.01014	0.01299	0.12145	0.00795	0.11201	0.04006	0.12231	0.18432	0.02481	0.06617	0.01421	0.13095	0.00294	0.00700	0.00672	0.00502	0.05934
2	0.01314	0.08135	0.06879	0.24139	0.29893	0.01476	0.10139	0.01677	0.01230	0.01687	0.01032	0.01416	0.00836	0.00574	0.00681	0.00185	0.07137	0.00514	0.00272	0.00785
3	0.01455	0.18177	0.23362	0.13141	0.17084	0.13923	0.01593	0.01836	0.01297	0.01635	0.00980	0.01228	0.00783	0.00546	0.00520	0.00165	0.00795	0.00427	0.00265	0.00787
4	0.15013	0.01434	0.01690	0.19420	0.02259	0.09489	0.08337	0.22319	0.01640	0.02318	0.01226	0.06271	0.01015	0.00700	0.00622	0.00187	0.04361	0.00559	0.00393	0.00747
5	0.06834	0.05369	0.01331	0.01054	0.01338	0.01276	0.00836	0.33558	0.01849	0.02548	0.05501	0.20754	0.06641	0.04562	0.00763	0.00209	0.03470	0.00856	0.00517	0.00733
6	0.33171	0.01217	0.01391	0.16748	0.12802	0.04076	0.01068	0.11031	0.01390	0.02346	0.08492	0.01543	0.01241	0.00633	0.00504	0.00180	0.00579	0.00488	0.00384	0.00716
7	0.21539	0.01519	0.01475	0.05902	0.04748	0.12575	0.01009	0.26434	0.01819	0.15643	0.01307	0.01351	0.00932	0.00635	0.00521	0.00174	0.00640	0.00462	0.00480	0.00834

[dist]
# distance from previous block
# <min> <max>
19	57

[block]
# block no. 5 follows, 40 sequences, length 14
# corresponding to MSA columns:
# 1211,1214-1226
name=unknown_F
#
# <colnr> <probs for GDERKNQSTAVLIFYWHMCP>
#	G	D	E	R	K	N	Q	S	T	A	V	L	I	F	Y	W	H	M	C	P
0	0.01711	0.01386	0.01754	0.11362	0.18058	0.03059	0.01229	0.32418	0.01908	0.04211	0.03344	0.01483	0.01059	0.00614	0.00558	0.00162	0.00630	0.00506	0.00438	0.14111
1	0.01556	0.07212	0.05436	0.32305	0.17202	0.03161	0.01498	0.18465	0.01623	0.02155	0.01238	0.03198	0.00993	0.00669	0.00600	0.00194	0.00740	0.00546	0.00373	0.00835
2	0.01595	0.01385	0.02063	0.17501	0.40536	0.01486	0.01556	0.22520	0.01699	0.02327	0.01169	0.01449	0.00912	0.00582	0.00579	0.00177	0.00693	0.00519	0.00367	0.00887
3	0.01619	0.33337	0.25723	0.01314	0.01903	0.07935	0.01390	0.16805	0.01556	0.01997	0.01011	0.01131	0.00794	0.00565	0.00485	0.00156	0.00735	0.00397	0.00321	0.00826
4	0.01137	0.01074	0.01815	0.69612	0.12253	0.01302	0.01634	0.01520	0.01181	0.01533	0.01040	0.01538	0.00792	0.00574	0.00581	0.00191	0.00766	0.00517	0.00262	0.00678
5	0.01439	0.01382	0.02360	0.03569	0.75936	0.01382	0.01785	0.01785	0.01324	0.01900	0.01094	0.01439	0.00921	0.00518	0.00576	0.00173	0.00691	0.00518	0.00288	0.00921
6	0.01214	0.17228	0.31697	0.32715	0.02923	0.01512	0.01706	0.01677	0.01192	0.01604	0.00994	0.01302	0.00754	0.00554	0.00529	0.00176	0.00779	0.00442	0.00251	0.00750
7	0.01649	0.01800	0.16616	0.01610	0.02054	0.01661	0.11973	0.31146	0.01778	0.02477	0.01136	0.01357	0.00867	0.00719	0.00924	0.00200	0.20269	0.00525	0.00392	0.00845
8	0.01419	0.01875	0.31972	0.01326	0.01847	0.01232	0.01387	0.17554	0.01551	0.07594	0.01620	0.16551	0.01459	0.00861	0.00658	0.00190	0.04482	0.00700	0.00418	0.05303
9	0.02258	0.01553	0.01698	0.01302	0.01765	0.01691	0.01076	0.65544	0.02607	0.12297	0.01503	0.01465	0.01042	0.00701	0.00582	0.00175	0.00623	0.00531	0.00598	0.00989
10	0.01700	0.01412	0.01891	0.02154	0.31938	0.01431	0.01301	0.30390	0.01861	0.02600	0.01202	0.01377	0.00936	0.00572	0.00550	0.00157	0.00620	0.00486	0.00416	0.17007
11	0.05224	0.01640	0.01824	0.01763	0.16260	0.06946	0.01221	0.52094	0.02315	0.03123	0.01280	0.01363	0.00945	0.00650	0.00568	0.00173	0.00671	0.00504	0.00496	0.00940
12	0.02199	0.01578	0.01705	0.01315	0.01773	0.01736	0.01084	0.67051	0.05788	0.07581	0.01487	0.01461	0.01047	0.00703	0.00582	0.00176	0.00624	0.00533	0.00590	0.00986
13	0.01918	0.01347	0.01501	0.06566	0.01783	0.03382	0.01022	0.26128	0.29947	0.17184	0.01904	0.01807	0.01356	0.00726	0.00585	0.00185	0.00563	0.00582	0.00583	0.00931

[dist]
# distance from previous block
# <min> <max>
45	91

[block]
# block no. 6 follows, 40 sequences, length 12
# corresponding to MSA columns:
# 1357-1368
name=unknown_G
#
# <colnr> <probs for GDERKNQSTAVLIFYWHMCP>
#	G	D	E	R	K	N	Q	S	T	A	V	L	I	F	Y	W	H	M	C	P
0	0.16084	0.08803	0.01653	0.01456	0.11526	0.03460	0.01047	0.11475	0.17789	0.07454	0.01380	0.01462	0.01065	0.00670	0.00660	0.00180	0.08942	0.00488	0.00432	0.03975
1	0.02010	0.01577	0.01661	0.05159	0.03515	0.07023	0.01094	0.49431	0.09624	0.05756	0.01443	0.01466	0.01047	0.00674	0.00569	0.00171	0.00641	0.00517	0.00530	0.06092
2	0.01647	0.01361	0.01589	0.03221	0.09693	0.04853	0.02583	0.23695	0.07713	0.04861	0.01296	0.01401	0.00993	0.00572	0.00524	0.00142	0.00576	0.00464	0.00437	0.32377
3	0.01651	0.01507	0.05629	0.02752	0.48987	0.03138	0.01564	0.15338	0.05467	0.06378	0.01277	0.01481	0.00995	0.00580	0.00576	0.00175	0.00674	0.00523	0.00381	0.00929
4	0.34343	0.01233	0.01247	0.04692	0.01516	0.03530	0.02122	0.10200	0.18061	0.09161	0.03031	0.02781	0.01181	0.00688	0.00556	0.00187	0.03732	0.00504	0.00467	0.00769
5	0.10417	0.01135	0.01575	0.38192	0.06565	0.01284	0.01271	0.09754	0.06670	0.13433	0.01341	0.01563	0.00966	0.00618	0.00555	0.00184	0.00646	0.00512	0.00403	0.02914
6	0.19787	0.01927	0.16979	0.01296	0.01802	0.09749	0.01219	0.35569	0.01925	0.02816	0.01142	0.01225	0.00832	0.00623	0.00521	0.00175	0.00688	0.00443	0.00433	0.00850
7	0.10470	0.01160	0.01838	0.43954	0.26104	0.01336	0.01548	0.01602	0.01186	0.01739	0.01020	0.01440	0.00804	0.00570	0.00593	0.00187	0.02948	0.00494	0.00279	0.00730
8	0.02070	0.01456	0.01692	0.01505	0.09999	0.01565	0.01101	0.52983	0.02326	0.11136	0.01490	0.01636	0.01110	0.06316	0.00751	0.00203	0.00625	0.00553	0.00547	0.00936
9	0.01119	0.00998	0.01547	0.56859	0.03219	0.01172	0.01356	0.05882	0.01322	0.01734	0.09103	0.02058	0.05796	0.00698	0.00591	0.00186	0.00669	0.00607	0.00339	0.04744
10	0.01900	0.01541	0.05518	0.06036	0.01876	0.01598	0.01126	0.53729	0.06993	0.03145	0.01535	0.06999	0.01213	0.00761	0.00588	0.00179	0.00620	0.00602	0.00534	0.03508
11	0.01347	0.04861	0.25566	0.01479	0.10157	0.01204	0.01338	0.09886	0.01399	0.02059	0.01076	0.01250	0.00838	0.00512	0.00501	0.00139	0.00628	0.00410	0.00330	0.35019

[dist]
# distance from previous block
# <min> <max>
87	288

[block]
# block no. 7 follows, 40 sequences, length 9
# corresponding to MSA columns:
# 1828-1836
name=unknown_H
#
# <colnr> <probs for GDERKNQSTAVLIFYWHMCP>
#	G	D	E	R	K	N	Q	S	T	A	V	L	I	F	Y	W	H	M	C	P
0	0.09913	0.15247	0.07791	0.01033	0.01449	0.03358	0.00932	0.10054	0.04372	0.18450	0.14799	0.02031	0.03739	0.00738	0.00535	0.00167	0.00527	0.00578	0.00496	0.03792
1	0.43306	0.04543	0.10858	0.01180	0.08225	0.01229	0.00970	0.01851	0.01202	0.13677	0.04442	0.01492	0.03633	0.00626	0.00465	0.00178	0.00526	0.00453	0.00408	0.00738
2	0.01341	0.01957	0.28246	0.02847	0.46689	0.01375	0.05552	0.01808	0.01293	0.01878	0.01081	0.01372	0.00855	0.00529	0.00573	0.00178	0.00764	0.00496	0.00273	0.00893
3	0.01439	0.01382	0.02360	0.03569	0.75936	0.01382	0.01785	0.01785	0.01324	0.01900	0.01094	0.01439	0.00921	0.00518	0.00576	0.00173	0.00691	0.00518	0.00288	0.00921
4	0.01098	0.01034	0.01744	0.78165	0.04005	0.01292	0.01615	0.01486	0.01163	0.01486	0.01034	0.01550	0.00775	0.00581	0.00581	0.00194	0.00775	0.00517	0.00258	0.00646
5	0.01508	0.01162	0.01309	0.01020	0.01446	0.01104	0.00815	0.23209	0.08010	0.04911	0.04082	0.07056	0.03838	0.00707	0.00533	0.00142	0.00482	0.00577	0.00479	0.37609
6	0.02323	0.01351	0.01562	0.01208	0.01659	0.01404	0.00994	0.41354	0.06652	0.32566	0.01813	0.01675	0.01216	0.00712	0.00584	0.00178	0.00571	0.00556	0.00637	0.00985
7	0.05260	0.21864	0.04485	0.01103	0.01502	0.07427	0.00950	0.07621	0.27605	0.02083	0.05072	0.01799	0.04535	0.00697	0.00515	0.00164	0.00558	0.00535	0.00441	0.05783
8	0.06613	0.05465	0.03663	0.01187	0.01603	0.02990	0.06317	0.17368	0.10448	0.12498	0.04879	0.01863	0.05773	0.00712	0.00609	0.00169	0.03858	0.00568	0.00485	0.12931

[dist]
# distance from previous block
# <min> <max>
0	13

[block]
# block no. 8 follows, 40 sequences, length 33
# corresponding to MSA columns:
# 1850-1861,1863-1883
name=unknown_I
#
# <colnr> <probs for GDERKNQSTAVLIFYWHMCP>
#	G	D	E	R	K	N	Q	S	T	A	V	L	I	F	Y	W	H	M	C	P
0	0.03336	0.18030	0.20183	0.04090	0.24568	0.16869	0.01548	0.01888	0.01326	0.01686	0.00976	0.01198	0.00796	0.00541	0.00514	0.00162	0.00787	0.00421	0.00273	0.00807
1	0.01111	0.01632	0.29436	0.04379	0.01771	0.01036	0.02983	0.09546	0.01336	0.01894	0.01841	0.25455	0.01831	0.01310	0.07536	0.00265	0.00708	0.00850	0.04384	0.00698
2	0.01240	0.12542	0.35342	0.01785	0.05486	0.01422	0.21832	0.01725	0.01254	0.01750	0.01274	0.09319	0.01107	0.00657	0.00586	0.00184	0.00801	0.00615	0.00292	0.00786
3	0.01252	0.02262	0.44828	0.01533	0.02253	0.01240	0.10315	0.05271	0.01313	0.01947	0.01074	0.01271	0.00798	0.00521	0.00539	0.00160	0.00753	0.00443	0.00293	0.21933
4	0.01214	0.01060	0.01315	0.00939	0.01459	0.00809	0.04260	0.01484	0.01214	0.01893	0.01041	0.01224	0.00862	0.00434	0.00443	0.00092	0.00458	0.00361	0.00342	0.79098
5	0.01425	0.01412	0.02011	0.01602	0.01959	0.13128	0.28270	0.05109	0.08337	0.05499	0.05190	0.19704	0.01876	0.00897	0.00655	0.00196	0.00722	0.00863	0.00430	0.00716
6	0.01956	0.01439	0.02247	0.01673	0.02159	0.08169	0.30295	0.07345	0.01585	0.29655	0.01568	0.01640	0.01082	0.00610	0.00643	0.00181	0.02470	0.00591	0.00475	0.04219
7	0.01439	0.01382	0.02360	0.03569	0.75936	0.01382	0.01785	0.01785	0.01324	0.01900	0.01094	0.01439	0.00921	0.00518	0.00576	0.00173	0.00691	0.00518	0.00288	0.00921
8	0.01294	0.01234	0.02099	0.35266	0.45371	0.01344	0.01713	0.01658	0.01256	0.01724	0.01068	0.01486	0.00859	0.00545	0.00578	0.00182	0.00727	0.00518	0.00275	0.00804
9	0.02022	0.01501	0.01615	0.01253	0.01690	0.01633	0.01027	0.63809	0.02525	0.03384	0.01711	0.04269	0.05564	0.00770	0.00587	0.00174	0.00599	0.00596	0.00567	0.04704
10	0.01410	0.01352	0.02307	0.10014	0.69722	0.01374	0.01770	0.01759	0.01310	0.01864	0.01089	0.01449	0.00909	0.00524	0.00576	0.00175	0.00698	0.00518	0.00285	0.00897
11	0.02232	0.01462	0.01804	0.01366	0.01839	0.01534	0.07865	0.49333	0.02337	0.21771	0.01601	0.01559	0.01092	0.00684	0.00592	0.00178	0.00635	0.00554	0.00589	0.00970
12	0.01823	0.01763	0.27138	0.01293	0.01854	0.01195	0.01321	0.04615	0.19197	0.30874	0.01857	0.01751	0.01266	0.00678	0.00575	0.00185	0.00616	0.00547	0.00522	0.00928
13	0.01300	0.01198	0.01984	0.02915	0.57121	0.01193	0.01545	0.01619	0.01327	0.01851	0.01743	0.02675	0.05399	0.00785	0.00627	0.00193	0.00639	0.14715	0.00350	0.00822
14	0.00726	0.00535	0.00648	0.00730	0.00796	0.00491	0.00487	0.00821	0.01119	0.01447	0.03604	0.50018	0.20164	0.14290	0.01088	0.00280	0.00364	0.01424	0.00510	0.00457
15	0.01555	0.79913	0.03047	0.00995	0.01493	0.02301	0.00995	0.01741	0.01182	0.01368	0.00808	0.00933	0.00746	0.00498	0.00373	0.00124	0.00622	0.00311	0.00249	0.00746
16	0.06135	0.00981	0.01282	0.00990	0.01429	0.00853	0.00814	0.02594	0.01586	0.64282	0.02301	0.02042	0.04749	0.00725	0.00568	0.00174	0.00479	0.00585	0.00669	0.06763
17	0.00709	0.00506	0.00675	0.00810	0.00843	0.00472	0.00540	0.00810	0.01113	0.01484	0.03205	0.79184	0.03846	0.01822	0.00742	0.00236	0.00337	0.01653	0.00540	0.00472
18	0.00846	0.00564	0.00634	0.00634	0.00634	0.00564	0.00352	0.00846	0.00846	0.01128	0.01832	0.03805	0.02114	0.79563	0.02960	0.00564	0.00564	0.00846	0.00352	0.00352
19	0.83671	0.01125	0.00855	0.00765	0.01125	0.01305	0.00630	0.01709	0.00990	0.02609	0.00810	0.00945	0.00630	0.00540	0.00360	0.00180	0.00450	0.00315	0.00360	0.00630
20	0.02095	0.14553	0.01931	0.01323	0.01752	0.20851	0.01092	0.44309	0.02210	0.02730	0.01176	0.01234	0.00889	0.00641	0.00534	0.00160	0.00740	0.00452	0.00457	0.00871
21	0.01166	0.03008	0.76550	0.01657	0.02517	0.01351	0.02149	0.01842	0.01228	0.01842	0.01044	0.01228	0.00737	0.00552	0.00552	0.00184	0.00859	0.00430	0.00246	0.00859
22	0.01555	0.79913	0.03047	0.00995	0.01493	0.02301	0.00995	0.01741	0.01182	0.01368	0.00808	0.00933	0.00746	0.00498	0.00373	0.00124	0.00622	0.00311	0.00249	0.00746
23	0.00823	0.00594	0.00777	0.00732	0.00869	0.00549	0.00549	0.01097	0.01646	0.02332	0.75629	0.04344	0.05487	0.01189	0.00686	0.00183	0.00274	0.01052	0.00640	0.00549
24	0.01555	0.79913	0.03047	0.00995	0.01493	0.02301	0.00995	0.01741	0.01182	0.01368	0.00808	0.00933	0.00746	0.00498	0.00373	0.00124	0.00622	0.00311	0.00249	0.00746
25	0.00709	0.00506	0.00675	0.00810	0.00843	0.00472	0.00540	0.00810	0.01113	0.01484	0.03205	0.79184	0.03846	0.01822	0.00742	0.00236	0.00337	0.01653	0.00540	0.00472
26	0.01098	0.01034	0.01744	0.78165	0.04005	0.01292	0.01615	0.01486	0.01163	0.01486	0.01034	0.01550	0.00775	0.00581	0.00581	0.00194	0.00775	0.00517	0.00258	0.00646
27	0.01276	0.01268	0.02250	0.34547	0.11556	0.01381	0.23119	0.01892	0.13144	0.01799	0.01298	0.01643	0.00985	0.00580	0.00614	0.00193	0.00776	0.00590	0.00326	0.00763
28	0.03184	0.01414	0.27029	0.01076	0.01434	0.00822	0.01096	0.01318	0.01223	0.03556	0.09120	0.33870	0.02558	0.01153	0.00626	0.00201	0.00513	0.01006	0.08164	0.00637
29	0.01135	0.00844	0.00925	0.00837	0.01113	0.04366	0.00656	0.01327	0.01329	0.10285	0.03434	0.12906	0.28277	0.01166	0.00631	0.00181	0.00422	0.10311	0.00504	0.19350
30	0.08650	0.00920	0.01012	0.00796	0.01195	0.00764	0.00628	0.02900	0.01257	0.03748	0.02364	0.05557	0.19801	0.00774	0.00509	0.00133	0.00400	0.00628	0.00418	0.47545
31	0.22355	0.01013	0.01129	0.00893	0.01299	0.00948	0.00724	0.05113	0.01413	0.24302	0.11034	0.01785	0.01580	0.00654	0.00498	0.00154	0.00444	0.00508	0.00509	0.23646
32	0.19157	0.03272	0.01520	0.01374	0.08536	0.02953	0.12603	0.05074	0.03263	0.02186	0.19279	0.02796	0.07464	0.00862	0.00595	0.00190	0.00543	0.07209	0.00450	0.00674

[dist]
# distance from previous block
# <min> <max>
62	106

[block]
# block no. 9 follows, 40 sequences, length 43
# corresponding to MSA columns:
# 2025-2067
name=unknown_J
#
# <colnr> <probs for GDERKNQSTAVLIFYWHMCP>
#	G	D	E	R	K	N	Q	S	T	A	V	L	I	F	Y	W	H	M	C	P
0	0.01179	0.06006	0.01418	0.01109	0.01387	0.00898	0.11156	0.01508	0.07281	0.08986	0.05915	0.33423	0.02463	0.02676	0.00682	0.00198	0.00487	0.01020	0.00483	0.11725
1	0.01363	0.09341	0.15561	0.08085	0.25745	0.09238	0.07709	0.01719	0.01293	0.01701	0.01335	0.04436	0.04078	0.02887	0.00632	0.00183	0.00743	0.00557	0.00299	0.03093
2	0.07243	0.26988	0.03775	0.01012	0.01362	0.03051	0.00896	0.04880	0.06718	0.11055	0.07171	0.10646	0.01931	0.00900	0.00550	0.00180	0.00531	0.09937	0.00453	0.00721
3	0.01898	0.25696	0.08991	0.01352	0.01774	0.42601	0.01179	0.07137	0.01546	0.01603	0.00920	0.01055	0.00764	0.00572	0.00486	0.00147	0.00875	0.00371	0.00299	0.00735
4	0.01462	0.61596	0.20554	0.01153	0.01737	0.02075	0.01270	0.01765	0.01193	0.01481	0.00864	0.01003	0.00744	0.00511	0.00416	0.00139	0.00678	0.00339	0.00248	0.00773
5	0.01797	0.49760	0.02505	0.01185	0.01612	0.28570	0.01044	0.04796	0.01406	0.01478	0.00863	0.00992	0.00757	0.00541	0.00434	0.00135	0.00772	0.00342	0.00280	0.00731
6	0.02158	0.01646	0.01713	0.01334	0.01784	0.04588	0.01094	0.66598	0.07507	0.03499	0.01442	0.01435	0.01032	0.00700	0.00580	0.00175	0.00643	0.00527	0.00572	0.00973
7	0.01233	0.01281	0.02633	0.02009	0.02452	0.01214	0.50488	0.01652	0.01362	0.01824	0.01786	0.03167	0.01671	0.00848	0.00724	0.00219	0.00838	0.23525	0.00371	0.00705
8	0.01360	0.41357	0.39898	0.01327	0.02006	0.01824	0.01573	0.01792	0.01205	0.01606	0.00926	0.01081	0.00741	0.00525	0.00463	0.00154	0.00741	0.00370	0.00247	0.00803
9	0.08167	0.01204	0.01441	0.01113	0.01561	0.01190	0.00919	0.25538	0.01960	0.47900	0.01903	0.01720	0.01238	0.00700	0.00568	0.00178	0.00538	0.00546	0.00650	0.00964
10	0.01333	0.01355	0.01423	0.01343	0.01459	0.17364	0.01110	0.01519	0.01226	0.01538	0.01696	0.03288	0.01769	0.01159	0.01183	0.00237	0.31628	0.28392	0.00374	0.00605
11	0.01755	0.45374	0.02374	0.01177	0.01577	0.31447	0.01020	0.01932	0.01390	0.01443	0.05023	0.01169	0.01012	0.00576	0.00450	0.00138	0.00769	0.00377	0.00290	0.00707
12	0.01656	0.02291	0.47237	0.01449	0.02146	0.01268	0.01670	0.09234	0.03642	0.21612	0.01446	0.01469	0.00976	0.00618	0.00565	0.00182	0.00730	0.00486	0.00413	0.00908
13	0.01725	0.01924	0.02082	0.02761	0.47000	0.30985	0.01527	0.01994	0.01451	0.01714	0.01018	0.01287	0.00854	0.00550	0.00556	0.00164	0.00831	0.00462	0.00292	0.00825
14	0.00762	0.00605	0.00693	0.00707	0.00879	0.00536	0.00554	0.00958	0.01397	0.01767	0.20509	0.05499	0.47410	0.01435	0.00708	0.00206	0.00334	0.13968	0.00561	0.00511
15	0.01231	0.01169	0.01985	0.49051	0.32080	0.01327	0.01681	0.01602	0.01226	0.01647	0.01057	0.01507	0.00832	0.00557	0.00579	0.00186	0.00742	0.00517	0.00270	0.00753
16	0.01446	0.01249	0.01315	0.01183	0.01512	0.01446	0.00920	0.03090	0.74885	0.02433	0.02367	0.02170	0.01775	0.00789	0.00592	0.00197	0.00460	0.00657	0.00592	0.00920
17	0.00713	0.00597	0.00625	0.00639	0.00829	0.00509	0.00493	0.00873	0.01327	0.01589	0.05599	0.05697	0.68179	0.01487	0.00699	0.00204	0.00320	0.08586	0.00540	0.00496
18	0.00737	0.00558	0.00681	0.00720	0.00834	0.00501	0.00513	0.00905	0.01339	0.01769	0.26165	0.34457	0.25658	0.01525	0.00709	0.00208	0.00305	0.01343	0.00571	0.00501
19	0.02207	0.01232	0.01458	0.01139	0.01558	0.01252	0.00933	0.33095	0.05009	0.34653	0.09535	0.01983	0.01681	0.00762	0.00594	0.00179	0.00533	0.00610	0.00647	0.00941
20	0.01373	0.01569	0.03431	0.02451	0.03039	0.01471	0.73824	0.01863	0.01373	0.01863	0.01176	0.01569	0.00882	0.00490	0.00686	0.00196	0.00980	0.00686	0.00294	0.00784
21	0.02609	0.00990	0.01350	0.01035	0.01484	0.00855	0.00855	0.02834	0.01664	0.76338	0.02294	0.01979	0.01439	0.00720	0.00585	0.00180	0.00495	0.00585	0.00720	0.00990
22	0.01367	0.01552	0.03339	0.02399	0.02955	0.01488	0.69771	0.01837	0.01346	0.01837	0.01153	0.01552	0.00876	0.00520	0.00755	0.00199	0.05311	0.00676	0.00292	0.00776
23	0.01213	0.12289	0.67680	0.01578	0.02393	0.01465	0.02009	0.01830	0.01222	0.01784	0.01015	0.01192	0.00738	0.00546	0.00531	0.00177	0.00831	0.00415	0.00246	0.00846
24	0.01062	0.00972	0.01767	0.01502	0.01781	0.00939	0.26279	0.01429	0.04350	0.01757	0.02413	0.20054	0.02528	0.01229	0.00741	0.00233	0.00646	0.29240	0.00455	0.00625
