[name]
unknown

[dist]
# distance from previous block
# <min> <max>
0	30

[block]
# block no. 0 follows, 44 sequences, length 12
# corresponding to MSA columns:
# 38-49
name=unknown_A
#
# <colnr> <probs for GDERKNQSTAVLIFYWHMCP>
#	G	D	E	R	K	N	Q	S	T	A	V	L	I	F	Y	W	H	M	C	P
0	0.01400	0.01142	0.01529	0.38080	0.02582	0.01291	0.01213	0.27874	0.01633	0.02177	0.01240	0.01737	0.00994	0.00646	0.00548	0.00171	0.00634	0.06182	0.00378	0.08550
1	0.47877	0.01020	0.00948	0.00818	0.01129	0.01131	0.00661	0.12271	0.04775	0.05976	0.16734	0.01701	0.01663	0.00671	0.00450	0.00169	0.00416	0.00492	0.00447	0.00651
2	0.38570	0.01302	0.01248	0.01010	0.01397	0.01468	0.00831	0.39546	0.05241	0.02945	0.01108	0.01155	0.00812	0.00593	0.00454	0.00167	0.00513	0.00410	0.00454	0.00775
3	0.01188	0.01131	0.01922	0.41677	0.40366	0.01253	0.01593	0.01532	0.01165	0.01586	0.00997	0.01402	0.00795	0.00516	0.00542	0.00172	0.00687	0.00485	0.00256	0.00734
4	0.01218	0.01161	0.01976	0.34602	0.47209	0.01261	0.01608	0.01558	0.01179	0.01622	0.01002	0.01392	0.00807	0.00510	0.00542	0.00170	0.00680	0.00485	0.00259	0.00758
5	0.01030	0.00969	0.01635	0.79530	0.03755	0.01211	0.01514	0.01393	0.01090	0.01393	0.00969	0.01453	0.00727	0.00545	0.00545	0.00182	0.00727	0.00484	0.00242	0.00606
6	0.84691	0.01054	0.00801	0.00717	0.01054	0.01223	0.00590	0.01603	0.00928	0.02446	0.00759	0.00886	0.00590	0.00506	0.00337	0.00169	0.00422	0.00295	0.00337	0.00590
7	0.01030	0.00969	0.01635	0.79530	0.03755	0.01211	0.01514	0.01393	0.01090	0.01393	0.00969	0.01453	0.00727	0.00545	0.00545	0.00182	0.00727	0.00484	0.00242	0.00606
8	0.01130	0.00969	0.01130	0.00807	0.01292	0.00727	0.00646	0.01373	0.01130	0.01776	0.00969	0.01130	0.00807	0.00404	0.00404	0.00081	0.00404	0.00323	0.00323	0.84173
9	0.01130	0.00969	0.01130	0.00807	0.01292	0.00727	0.00646	0.01373	0.01130	0.01776	0.00969	0.01130	0.00807	0.00404	0.00404	0.00081	0.00404	0.00323	0.00323	0.84173
10	0.08567	0.01274	0.02091	0.03119	0.70825	0.01289	0.01579	0.01667	0.01214	0.01839	0.01002	0.01309	0.00840	0.00488	0.00522	0.00163	0.00628	0.00469	0.00276	0.00840
11	0.01420	0.01200	0.01320	0.07919	0.01655	0.01387	0.00942	0.12146	0.60399	0.02353	0.01993	0.01890	0.01488	0.00712	0.00553	0.00182	0.00479	0.00589	0.00526	0.00849

[dist]
# distance from previous block
# <min> <max>
5	10

[block]
# block no. 1 follows, 44 sequences, length 17
# corresponding to MSA columns:
# 60-76
name=unknown_B
#
# <colnr> <probs for GDERKNQSTAVLIFYWHMCP>
#	G	D	E	R	K	N	Q	S	T	A	V	L	I	F	Y	W	H	M	C	P
0	0.17813	0.01265	0.01369	0.01182	0.06762	0.01323	0.00891	0.33903	0.06535	0.02663	0.01160	0.01234	0.00876	0.00560	0.00472	0.00146	0.00512	0.00421	0.00434	0.20480
1	0.41188	0.01183	0.01302	0.01465	0.19198	0.01315	0.00943	0.09887	0.14668	0.02367	0.01142	0.01246	0.00883	0.00559	0.00446	0.00169	0.00496	0.00419	0.00383	0.00740
2	0.01215	0.01158	0.01971	0.35308	0.46526	0.01260	0.01606	0.01556	0.01178	0.01618	0.01002	0.01393	0.00806	0.00511	0.00542	0.00170	0.00681	0.00485	0.00258	0.00755
3	0.00793	0.00529	0.00595	0.00595	0.00595	0.00529	0.00330	0.00793	0.00793	0.01057	0.01718	0.03568	0.01982	0.80840	0.02775	0.00529	0.00529	0.00793	0.00330	0.00330
4	0.01760	0.07082	0.02177	0.01652	0.02045	0.42315	0.25164	0.08185	0.01519	0.01641	0.00961	0.01162	0.00762	0.00530	0.00536	0.00155	0.00905	0.00454	0.00298	0.00695
5	0.00779	0.00584	0.00876	0.00876	0.00974	0.00681	0.00681	0.00974	0.00876	0.01266	0.01460	0.02142	0.01363	0.04089	0.78680	0.00876	0.01460	0.00584	0.00292	0.00487
6	0.01313	0.01438	0.02397	0.01943	0.06874	0.07693	0.34952	0.01601	0.01123	0.01541	0.00921	0.01312	0.00775	0.00669	0.01086	0.00201	0.32678	0.00543	0.00261	0.00679
7	0.00728	0.00536	0.00690	0.00796	0.00854	0.00523	0.00549	0.00945	0.07105	0.01472	0.02937	0.71413	0.03432	0.01623	0.00687	0.00220	0.00332	0.04171	0.00510	0.00479
8	0.00715	0.00511	0.00691	0.00817	0.00871	0.00486	0.00594	0.00846	0.01094	0.01448	0.02977	0.62959	0.03495	0.01660	0.00709	0.00228	0.00360	0.18577	0.00505	0.00457
9	0.01349	0.01295	0.02213	0.03346	0.77440	0.01295	0.01673	0.01673	0.01241	0.01781	0.01025	0.01349	0.00864	0.00486	0.00540	0.00162	0.00648	0.00486	0.00270	0.00864
10	0.01349	0.01295	0.02213	0.03346	0.77440	0.01295	0.01673	0.01673	0.01241	0.01781	0.01025	0.01349	0.00864	0.00486	0.00540	0.00162	0.00648	0.00486	0.00270	0.00864
11	0.01130	0.00969	0.01130	0.00807	0.01292	0.00727	0.00646	0.01373	0.01130	0.01776	0.00969	0.01130	0.00807	0.00404	0.00404	0.00081	0.00404	0.00323	0.00323	0.84173
12	0.01349	0.01295	0.02213	0.03346	0.77440	0.01295	0.01673	0.01673	0.01241	0.01781	0.01025	0.01349	0.00864	0.00486	0.00540	0.00162	0.00648	0.00486	0.00270	0.00864
13	0.00779	0.00584	0.00876	0.00876	0.00974	0.00681	0.00681	0.00974	0.00876	0.01266	0.01460	0.02142	0.01363	0.04089	0.78680	0.00876	0.01460	0.00584	0.00292	0.00487
14	0.00664	0.00474	0.00633	0.00759	0.00791	0.00443	0.00506	0.00759	0.01044	0.01392	0.03005	0.80485	0.03606	0.01708	0.00696	0.00221	0.00316	0.01550	0.00506	0.00443
15	0.01747	0.01301	0.01284	0.01038	0.01367	0.07507	0.00837	0.46988	0.02047	0.02838	0.01415	0.01504	0.01053	0.00641	0.00491	0.00151	0.00525	0.00485	0.26006	0.00775
16	0.01260	0.10440	0.32058	0.02384	0.39811	0.01376	0.01728	0.01690	0.01192	0.01706	0.00978	0.01221	0.00778	0.00496	0.00511	0.00161	0.00703	0.00432	0.00250	0.00823

[dist]
# distance from previous block
# <min> <max>
3	9

[block]
# block no. 2 follows, 44 sequences, length 21
# corresponding to MSA columns:
# 86-106
name=unknown_C
#
# <colnr> <probs for GDERKNQSTAVLIFYWHMCP>
#	G	D	E	R	K	N	Q	S	T	A	V	L	I	F	Y	W	H	M	C	P
0	0.02072	0.01527	0.01636	0.01254	0.01691	0.01691	0.01036	0.75622	0.02563	0.03436	0.01309	0.01309	0.00927	0.00654	0.00545	0.00164	0.00600	0.00491	0.00545	0.00927
1	0.01356	0.01171	0.01233	0.01109	0.01418	0.01356	0.00863	0.02897	0.76455	0.02281	0.02219	0.02034	0.01664	0.00740	0.00555	0.00185	0.00431	0.00616	0.00555	0.00863
2	0.01130	0.00969	0.01130	0.00807	0.01292	0.00727	0.00646	0.01373	0.01130	0.01776	0.00969	0.01130	0.00807	0.00404	0.00404	0.00081	0.00404	0.00323	0.00323	0.84173
3	0.02072	0.01527	0.01636	0.01254	0.01691	0.01691	0.01036	0.75622	0.02563	0.03436	0.01309	0.01309	0.00927	0.00654	0.00545	0.00164	0.00600	0.00491	0.00545	0.00927
4	0.02275	0.00992	0.04806	0.00979	0.01400	0.00804	0.00839	0.02508	0.01540	0.69387	0.06941	0.01966	0.01564	0.00696	0.00553	0.00169	0.00466	0.00570	0.00649	0.00895
5	0.02072	0.01527	0.01636	0.01254	0.01691	0.01691	0.01036	0.75622	0.02563	0.03436	0.01309	0.01309	0.00927	0.00654	0.00545	0.00164	0.00600	0.00491	0.00545	0.00927
6	0.01030	0.00969	0.01635	0.79530	0.03755	0.01211	0.01514	0.01393	0.01090	0.01393	0.00969	0.01453	0.00727	0.00545	0.00545	0.00182	0.00727	0.00484	0.00242	0.00606
7	0.22217	0.00916	0.01077	0.00862	0.01234	0.00874	0.00708	0.02262	0.01365	0.51962	0.01776	0.01638	0.01171	0.00630	0.00480	0.00165	0.00433	0.00483	0.08942	0.00804
8	0.01550	0.01177	0.01246	0.01007	0.01351	0.01254	0.00815	0.46602	0.05553	0.02710	0.02795	0.02691	0.27090	0.00907	0.00580	0.00172	0.00481	0.00723	0.00532	0.00764
9	0.02072	0.01527	0.01636	0.01254	0.01691	0.01691	0.01036	0.75622	0.02563	0.03436	0.01309	0.01309	0.00927	0.00654	0.00545	0.00164	0.00600	0.00491	0.00545	0.00927
10	0.01130	0.00969	0.01130	0.00807	0.01292	0.00727	0.00646	0.01373	0.01130	0.01776	0.00969	0.01130	0.00807	0.00404	0.00404	0.00081	0.00404	0.00323	0.00323	0.84173
11	0.10903	0.01386	0.02734	0.02001	0.02455	0.01399	0.57045	0.01673	0.01186	0.01770	0.01012	0.01367	0.00785	0.00530	0.00759	0.00189	0.11245	0.00581	0.00278	0.00700
12	0.23004	0.05707	0.19551	0.01290	0.01802	0.01458	0.09737	0.27000	0.01591	0.02477	0.01038	0.01160	0.00762	0.00552	0.00487	0.00167	0.00638	0.00427	0.00371	0.00778
13	0.11400	0.28749	0.01958	0.01082	0.01517	0.01796	0.00949	0.41736	0.01876	0.02584	0.01057	0.01111	0.00810	0.00573	0.00454	0.00148	0.00574	0.00400	0.00414	0.00810
14	0.01292	0.21061	0.51556	0.01374	0.02057	0.01524	0.01648	0.10236	0.01304	0.01820	0.00965	0.01104	0.00720	0.00522	0.00482	0.00158	0.00730	0.00387	0.00267	0.00795
15	0.36567	0.01784	0.33477	0.01067	0.01576	0.03572	0.01182	0.01633	0.01068	0.02057	0.00978	0.01140	0.00734	0.00529	0.00424	0.00164	0.00581	0.00368	0.10426	0.00673
16	0.01959	0.01676	0.10454	0.01289	0.01768	0.01642	0.01149	0.67091	0.02400	0.03239	0.01271	0.01291	0.00900	0.00639	0.00542	0.00165	0.00624	0.00481	0.00509	0.00913
17	0.01221	0.01031	0.01617	0.66542	0.03398	0.01246	0.01423	0.10026	0.01284	0.05472	0.01068	0.01457	0.00781	0.00564	0.00545	0.00179	0.00699	0.00488	0.00299	0.00659
18	0.05775	0.01366	0.01382	0.01074	0.01489	0.06721	0.00871	0.42449	0.01950	0.02674	0.01459	0.01497	0.06244	0.00627	0.00502	0.00142	0.00545	0.00475	0.00457	0.22301
19	0.01804	0.01428	0.01484	0.01189	0.01543	0.06896	0.00968	0.54475	0.02154	0.02840	0.01558	0.01636	0.06321	0.01036	0.07928	0.00234	0.04670	0.00536	0.00485	0.00816
20	0.01406	0.01330	0.01435	0.03699	0.04481	0.11254	0.01011	0.10842	0.23081	0.01973	0.10082	0.01770	0.01531	0.00793	0.00897	0.00189	0.22530	0.00562	0.00415	0.00719

[dist]
# distance from previous block
# <min> <max>
12	39

[block]
# block no. 3 follows, 44 sequences, length 27
# corresponding to MSA columns:
# 154-180
name=unknown_D
#
# <colnr> <probs for GDERKNQSTAVLIFYWHMCP>
#	G	D	E	R	K	N	Q	S	T	A	V	L	I	F	Y	W	H	M	C	P
0	0.04123	0.01706	0.01540	0.01246	0.01624	0.21977	0.01001	0.41954	0.02063	0.13233	0.01273	0.01285	0.00912	0.00638	0.00562	0.00160	0.02934	0.00457	0.00480	0.00831
1	0.03073	0.00766	0.01176	0.24485	0.08379	0.00875	0.00968	0.01164	0.01040	0.01458	0.08443	0.02191	0.03660	0.06973	0.32457	0.00482	0.00942	0.00605	0.00314	0.00550
2	0.03980	0.01375	0.01805	0.02021	0.30783	0.01451	0.01250	0.39060	0.01927	0.09084	0.01257	0.01360	0.00930	0.00587	0.00538	0.00164	0.00602	0.00489	0.00445	0.00894
3	0.29767	0.01246	0.01219	0.08291	0.01563	0.09940	0.00854	0.13398	0.01458	0.23124	0.03349	0.01370	0.01002	0.00602	0.00473	0.00166	0.00549	0.00438	0.00454	0.00740
4	0.01066	0.01020	0.01445	0.43550	0.08331	0.07763	0.01238	0.01357	0.01077	0.01379	0.01109	0.01610	0.00925	0.01598	0.23828	0.00384	0.00962	0.00503	0.00263	0.00592
5	0.09244	0.01284	0.01791	0.08076	0.35562	0.01410	0.01317	0.18675	0.06618	0.02187	0.01116	0.01338	0.00884	0.00589	0.00632	0.00173	0.07462	0.00477	0.00354	0.00810
6	0.43068	0.00921	0.00893	0.00807	0.01066	0.01053	0.00650	0.09780	0.01117	0.02171	0.01119	0.01407	0.00929	0.01602	0.23715	0.00375	0.00737	0.00422	0.07578	0.00591
7	0.00903	0.00760	0.01087	0.01016	0.01076	0.00962	0.00802	0.01058	0.00856	0.01261	0.01262	0.01988	0.01226	0.10118	0.48876	0.00655	0.24738	0.00571	0.00280	0.00505
8	0.01152	0.15331	0.66014	0.01455	0.02206	0.01408	0.01842	0.01711	0.01144	0.01656	0.00943	0.01107	0.00692	0.00510	0.00491	0.00164	0.00770	0.00385	0.00231	0.00789
9	0.01951	0.01436	0.01549	0.01211	0.01613	0.01583	0.00990	0.69141	0.02432	0.03259	0.01456	0.08163	0.01159	0.00746	0.00558	0.00169	0.00575	0.00583	0.00542	0.00885
10	0.01093	0.02820	0.78016	0.01554	0.02360	0.01266	0.02014	0.01727	0.01151	0.01727	0.00978	0.01151	0.00691	0.00518	0.00518	0.00173	0.00806	0.00403	0.00230	0.00806
11	0.00779	0.00584	0.00876	0.00876	0.00974	0.00681	0.00681	0.00974	0.00876	0.01266	0.01460	0.02142	0.01363	0.04089	0.78680	0.00876	0.01460	0.00584	0.00292	0.00487
12	0.01193	0.01193	0.01670	0.01431	0.01431	0.01670	0.01193	0.01312	0.00835	0.01312	0.00716	0.01193	0.00716	0.00954	0.01789	0.00239	0.79843	0.00477	0.00239	0.00596
13	0.00779	0.00584	0.00876	0.00876	0.00974	0.00681	0.00681	0.00974	0.00876	0.01266	0.01460	0.02142	0.01363	0.04089	0.78680	0.00876	0.01460	0.00584	0.00292	0.00487
14	0.84691	0.01054	0.00801	0.00717	0.01054	0.01223	0.00590	0.01603	0.00928	0.02446	0.00759	0.00886	0.00590	0.00506	0.00337	0.00169	0.00422	0.00295	0.00337	0.00590
15	0.02072	0.01527	0.01636	0.01254	0.01691	0.01691	0.01036	0.75622	0.02563	0.03436	0.01309	0.01309	0.00927	0.00654	0.00545	0.00164	0.00600	0.00491	0.00545	0.00927
16	0.01458	0.81168	0.02857	0.00933	0.01399	0.02157	0.00933	0.01632	0.01108	0.01283	0.00758	0.00875	0.00700	0.00466	0.00350	0.00117	0.00583	0.00292	0.00233	0.00700
17	0.00793	0.00529	0.00595	0.00595	0.00595	0.00529	0.00330	0.00793	0.00793	0.01057	0.01718	0.03568	0.01982	0.80840	0.02775	0.00529	0.00529	0.00793	0.00330	0.00330
18	0.84691	0.01054	0.00801	0.00717	0.01054	0.01223	0.00590	0.01603	0.00928	0.02446	0.00759	0.00886	0.00590	0.00506	0.00337	0.00169	0.00422	0.00295	0.00337	0.00590
19	0.01443	0.78061	0.05837	0.00957	0.01437	0.02122	0.00976	0.01636	0.01109	0.01300	0.00767	0.00885	0.00699	0.00468	0.00356	0.00119	0.00592	0.00296	0.00233	0.00704
20	0.01805	0.21682	0.05366	0.01173	0.01622	0.01758	0.01038	0.46712	0.09103	0.02705	0.01241	0.01260	0.00928	0.00609	0.00496	0.00154	0.00589	0.00448	0.00453	0.00858
21	0.01669	0.18734	0.16776	0.01228	0.01728	0.01669	0.01186	0.37147	0.10356	0.02511	0.01230	0.01268	0.00916	0.00597	0.00499	0.00158	0.00617	0.00445	0.00418	0.00848
22	0.01290	0.45151	0.37407	0.01218	0.01841	0.01748	0.01430	0.01676	0.01128	0.01487	0.00859	0.01002	0.00695	0.00490	0.00427	0.00142	0.00685	0.00343	0.00232	0.00748
23	0.01323	0.23574	0.19116	0.02288	0.39984	0.01526	0.01545	0.01674	0.01185	0.01632	0.00942	0.01175	0.00780	0.00488	0.00483	0.00152	0.00665	0.00414	0.00251	0.00806
24	0.01774	0.01525	0.01864	0.02123	0.32656	0.08191	0.01298	0.39034	0.01935	0.02577	0.01153	0.01297	0.00882	0.00577	0.00538	0.00161	0.00653	0.00477	0.00410	0.00876
25	0.01614	0.41798	0.08828	0.01105	0.01577	0.01860	0.01053	0.25404	0.08293	0.02098	0.01083	0.01141	0.00858	0.00555	0.00445	0.00143	0.00594	0.00394	0.00361	0.00796
26	0.04855	0.38784	0.03598	0.00853	0.01207	0.01361	0.00769	0.01367	0.01110	0.03318	0.01701	0.16051	0.08408	0.00874	0.02486	0.00162	0.00500	0.00624	0.00338	0.11635

[dist]
# distance from previous block
# <min> <max>
4	7

[block]
# block no. 4 follows, 44 sequences, length 6
# corresponding to MSA columns:
# 188-193
name=unknown_E
#
# <colnr> <probs for GDERKNQSTAVLIFYWHMCP>
#	G	D	E	R	K	N	Q	S	T	A	V	L	I	F	Y	W	H	M	C	P
0	0.01947	0.01324	0.01461	0.01165	0.01564	0.01442	0.00948	0.43028	0.22244	0.16426	0.01704	0.01602	0.01201	0.00681	0.00548	0.00170	0.00530	0.00535	0.00571	0.00910
1	0.01590	0.01256	0.01270	0.01020	0.01403	0.12734	0.00809	0.02036	0.14737	0.17856	0.01409	0.01426	0.01054	0.00575	0.00550	0.00136	0.04837	0.00436	0.00428	0.34438
2	0.01820	0.15697	0.01774	0.01168	0.01584	0.01708	0.00983	0.47975	0.16951	0.02822	0.01391	0.01375	0.01033	0.00638	0.00512	0.00159	0.00563	0.00480	0.00491	0.00874
3	0.01300	0.47165	0.35476	0.01202	0.01816	0.01770	0.01402	0.01673	0.01127	0.01475	0.00854	0.00995	0.00696	0.00489	0.00423	0.00141	0.00680	0.00340	0.00232	0.00746
4	0.01447	0.22278	0.38583	0.01317	0.01938	0.01605	0.01479	0.21473	0.01518	0.02072	0.01011	0.01123	0.00756	0.00541	0.00483	0.00156	0.00694	0.00398	0.00315	0.00811
5	0.01224	0.30961	0.51020	0.01331	0.02015	0.01586	0.01626	0.01693	0.01135	0.01567	0.00899	0.01052	0.00694	0.00499	0.00458	0.00153	0.00726	0.00363	0.00231	0.00768

[dist]
# distance from previous block
# <min> <max>
3	7

[block]
# block no. 5 follows, 44 sequences, length 16
# corresponding to MSA columns:
# 201-216
name=unknown_F
#
# <colnr> <probs for GDERKNQSTAVLIFYWHMCP>
#	G	D	E	R	K	N	Q	S	T	A	V	L	I	F	Y	W	H	M	C	P
0	0.37577	0.01208	0.01085	0.00913	0.01267	0.12177	0.00736	0.02072	0.01286	0.31516	0.04324	0.01402	0.01081	0.00604	0.00453	0.00165	0.00512	0.00429	0.00470	0.00724
1	0.01637	0.13404	0.02080	0.01513	0.01815	0.37053	0.15319	0.01839	0.01287	0.01401	0.00854	0.01104	0.00729	0.00609	0.00766	0.00165	0.17081	0.00424	0.00264	0.00654
2	0.01344	0.02628	0.60508	0.01483	0.02181	0.12367	0.01773	0.01870	0.01242	0.08114	0.01058	0.01187	0.00748	0.00538	0.00517	0.00168	0.00802	0.00408	0.00275	0.00791
3	0.02067	0.01681	0.01623	0.01276	0.01690	0.12769	0.01039	0.65049	0.02417	0.03133	0.01242	0.01262	0.00895	0.00641	0.00538	0.00160	0.00655	0.00471	0.00507	0.00885
4	0.01245	0.35392	0.46770	0.01296	0.01960	0.01637	0.01565	0.01687	0.01133	0.01542	0.00887	0.01036	0.00694	0.00497	0.00448	0.00149	0.00713	0.00357	0.00231	0.00762
5	0.02072	0.01527	0.01636	0.01254	0.01691	0.01691	0.01036	0.75622	0.02563	0.03436	0.01309	0.01309	0.00927	0.00654	0.00545	0.00164	0.00600	0.00491	0.00545	0.00927
6	0.01312	0.49852	0.32898	0.01181	0.01783	0.01801	0.01365	0.01670	0.01125	0.01460	0.00846	0.00985	0.00696	0.00487	0.00417	0.00139	0.00672	0.00336	0.00232	0.00742
7	0.00800	0.00537	0.00618	0.00628	0.00638	0.00537	0.00375	0.00820	0.00830	0.01104	0.01813	0.03778	0.02076	0.74376	0.02610	0.00506	0.00526	0.06739	0.00344	0.00344
8	0.02072	0.01527	0.01636	0.01254	0.01691	0.01691	0.01036	0.75622	0.02563	0.03436	0.01309	0.01309	0.00927	0.00654	0.00545	0.00164	0.00600	0.00491	0.00545	0.00927
9	0.00764	0.00565	0.00726	0.00765	0.00889	0.00527	0.00601	0.00974	0.01332	0.01779	0.31660	0.15894	0.17528	0.01363	0.00683	0.00204	0.00341	0.22372	0.00541	0.00491
10	0.01243	0.00954	0.01125	0.00965	0.01192	0.04107	0.06988	0.12213	0.11833	0.02093	0.01903	0.08344	0.05271	0.00779	0.00579	0.00163	0.05176	0.00641	0.33793	0.00640
11	0.02072	0.01527	0.01636	0.01254	0.01691	0.01691	0.01036	0.75622	0.02563	0.03436	0.01309	0.01309	0.00927	0.00654	0.00545	0.00164	0.00600	0.00491	0.00545	0.00927
12	0.01025	0.00714	0.00795	0.00733	0.00819	0.00742	0.00479	0.14993	0.01149	0.01536	0.01745	0.09406	0.01914	0.59173	0.02182	0.00434	0.00525	0.00797	0.00385	0.00453
13	0.08869	0.01551	0.01416	0.01182	0.01544	0.15318	0.00941	0.32014	0.23746	0.05661	0.01478	0.01448	0.01090	0.00651	0.00521	0.00166	0.00599	0.00488	0.00488	0.00827
14	0.17188	0.01333	0.01887	0.01456	0.01833	0.12259	0.30579	0.01687	0.01325	0.06456	0.16790	0.01850	0.01688	0.00631	0.00558	0.00171	0.00670	0.00600	0.00379	0.00659
15	0.37891	0.01833	0.12230	0.01104	0.01501	0.25838	0.00983	0.07656	0.01300	0.03918	0.00895	0.01012	0.00685	0.00541	0.00434	0.00160	0.00670	0.00350	0.00329	0.00669

[dist]
# distance from previous block
# <min> <max>
2	11

[block]
# block no. 6 follows, 44 sequences, length 16
# corresponding to MSA columns:
# 228-243
name=unknown_G
#
# <colnr> <probs for GDERKNQSTAVLIFYWHMCP>
#	G	D	E	R	K	N	Q	S	T	A	V	L	I	F	Y	W	H	M	C	P
0	0.43480	0.01077	0.01102	0.01103	0.09186	0.01178	0.00785	0.05988	0.12660	0.11410	0.01507	0.01524	0.05709	0.00623	0.00448	0.00171	0.00453	0.00459	0.00426	0.00712
1	0.08328	0.00884	0.01328	0.42429	0.10412	0.01008	0.01152	0.01266	0.01110	0.01539	0.01928	0.11651	0.13220	0.00810	0.00560	0.00184	0.00570	0.00704	0.00328	0.00588
2	0.01086	0.00941	0.00976	0.00835	0.01118	0.08834	0.00641	0.01292	0.01117	0.01622	0.01410	0.10953	0.01323	0.01319	0.15502	0.00264	0.00636	0.00550	0.12299	0.37282
3	0.01246	0.01074	0.01268	0.01037	0.01366	0.08951	0.07884	0.05930	0.01279	0.06640	0.01666	0.24596	0.01666	0.00843	0.00540	0.00149	0.00504	0.00743	0.00404	0.32213
4	0.01148	0.01089	0.01848	0.51419	0.30944	0.01242	0.01573	0.01496	0.01146	0.01536	0.00990	0.01415	0.00777	0.00523	0.00543	0.00174	0.00698	0.00485	0.00252	0.00701
5	0.01149	0.16680	0.15001	0.00951	0.01451	0.01075	0.00929	0.01449	0.01173	0.01716	0.08929	0.01394	0.01221	0.00511	0.00439	0.00113	0.00494	0.00401	0.00318	0.44607
6	0.01130	0.00969	0.01130	0.00807	0.01292	0.00727	0.00646	0.01373	0.01130	0.01776	0.00969	0.01130	0.00807	0.00404	0.00404	0.00081	0.00404	0.00323	0.00323	0.84173
7	0.02072	0.01527	0.01636	0.01254	0.01691	0.01691	0.01036	0.75622	0.02563	0.03436	0.01309	0.01309	0.00927	0.00654	0.00545	0.00164	0.00600	0.00491	0.00545	0.00927
8	0.01130	0.00969	0.01130	0.00807	0.01292	0.00727	0.00646	0.01373	0.01130	0.01776	0.00969	0.01130	0.00807	0.00404	0.00404	0.00081	0.00404	0.00323	0.00323	0.84173
9	0.01330	0.53797	0.29114	0.01150	0.01735	0.01846	0.01311	0.01665	0.01123	0.01438	0.00835	0.00971	0.00696	0.00484	0.00409	0.00136	0.00661	0.00330	0.00232	0.00737
10	0.01130	0.00969	0.01130	0.00807	0.01292	0.00727	0.00646	0.01373	0.01130	0.01776	0.00969	0.01130	0.00807	0.00404	0.00404	0.00081	0.00404	0.00323	0.00323	0.84173
11	0.00698	0.00544	0.00633	0.00633	0.00775	0.00480	0.00466	0.00877	0.01336	0.01746	0.33691	0.14630	0.38906	0.01318	0.00651	0.00184	0.00274	0.01137	0.00544	0.00480
12	0.00947	0.00473	0.00710	0.00710	0.00710	0.00473	0.00473	0.00710	0.00710	0.00947	0.00947	0.01657	0.00947	0.01894	0.02131	0.84138	0.00473	0.00473	0.00237	0.00237
13	0.00664	0.00474	0.00633	0.00759	0.00791	0.00443	0.00506	0.00759	0.01044	0.01392	0.03005	0.80485	0.03606	0.01708	0.00696	0.00221	0.00316	0.01550	0.00506	0.00443
14	0.01287	0.01471	0.03217	0.02298	0.02849	0.01379	0.75460	0.01746	0.01287	0.01746	0.01103	0.01471	0.00827	0.00460	0.00643	0.00184	0.00919	0.00643	0.00276	0.00735
15	0.01261	0.37745	0.36253	0.01197	0.01817	0.01609	0.01386	0.01647	0.01129	0.01533	0.00879	0.01025	0.00707	0.00483	0.00431	0.00138	0.00664	0.00345	0.00241	0.09511

[dist]
# distance from previous block
# <min> <max>
0	1

[block]
# block no. 7 follows, 44 sequences, length 142
# corresponding to MSA columns:
# 245-298,300-387
name=unknown_H
#
# <colnr> <probs for GDERKNQSTAVLIFYWHMCP>
#	G	D	E	R	K	N	Q	S	T	A	V	L	I	F	Y	W	H	M	C	P
0	0.00998	0.00935	0.01547	0.73079	0.03508	0.01150	0.01424	0.01343	0.01103	0.01399	0.01341	0.01763	0.06975	0.00613	0.00553	0.00182	0.00690	0.00539	0.00264	0.00594
1	0.01194	0.04723	0.51834	0.01782	0.05583	0.01335	0.19850	0.04154	0.01233	0.01777	0.01015	0.01234	0.00739	0.00505	0.00545	0.00173	0.00813	0.00465	0.00253	0.00792
2	0.00769	0.00564	0.00796	0.00797	0.00886	0.00610	0.00595	0.00951	0.01030	0.01461	0.18475	0.09111	0.02449	0.10767	0.47472	0.00632	0.01007	0.00773	0.00382	0.00474
3	0.01578	0.10327	0.08843	0.00969	0.01458	0.01029	0.00879	0.05463	0.03548	0.22656	0.01323	0.01337	0.00964	0.00518	0.00460	0.00125	0.00490	0.00406	0.00418	0.37208
4	0.01595	0.01059	0.01253	0.00953	0.01386	0.03182	0.02397	0.07359	0.07533	0.22899	0.02970	0.01556	0.02589	0.00563	0.00484	0.00127	0.00460	0.00458	0.00462	0.40713
5	0.00664	0.00474	0.00633	0.00759	0.00791	0.00443	0.00506	0.00759	0.01044	0.01392	0.03005	0.80485	0.03606	0.01708	0.00696	0.00221	0.00316	0.01550	0.00506	0.00443
6	0.01181	0.11361	0.58249	0.01417	0.02105	0.04232	0.01720	0.01808	0.07323	0.01721	0.03272	0.01271	0.00901	0.00549	0.00505	0.00166	0.00741	0.00423	0.00270	0.00784
7	0.00673	0.00485	0.00639	0.00760	0.00803	0.00452	0.00518	0.00776	0.01063	0.01406	0.03122	0.73615	0.07165	0.01683	0.00696	0.00221	0.00322	0.04650	0.00506	0.00446
8	0.01130	0.00969	0.01130	0.00807	0.01292	0.00727	0.00646	0.01373	0.01130	0.01776	0.00969	0.01130	0.00807	0.00404	0.00404	0.00081	0.00404	0.00323	0.00323	0.84173
9	0.01289	0.26138	0.48310	0.01308	0.01978	0.01488	0.01572	0.01746	0.01163	0.06366	0.00985	0.01112	0.00738	0.00509	0.00466	0.00153	0.00705	0.00376	0.00262	0.03337
10	0.02072	0.01527	0.01636	0.01254	0.01691	0.01691	0.01036	0.75622	0.02563	0.03436	0.01309	0.01309	0.00927	0.00654	0.00545	0.00164	0.00600	0.00491	0.00545	0.00927
11	0.02072	0.01527	0.01636	0.01254	0.01691	0.01691	0.01036	0.75622	0.02563	0.03436	0.01309	0.01309	0.00927	0.00654	0.00545	0.00164	0.00600	0.00491	0.00545	0.00927
12	0.01268	0.08700	0.42209	0.04147	0.14668	0.06216	0.08063	0.01735	0.01195	0.03078	0.00984	0.01201	0.00746	0.00523	0.00555	0.00167	0.03079	0.00432	0.00253	0.00780
13	0.01458	0.81168	0.02857	0.00933	0.01399	0.02157	0.00933	0.01632	0.01108	0.01283	0.00758	0.00875	0.00700	0.00466	0.00350	0.00117	0.00583	0.00292	0.00233	0.00700
14	0.00664	0.00474	0.00633	0.00759	0.00791	0.00443	0.00506	0.00759	0.01044	0.01392	0.03005	0.80485	0.03606	0.01708	0.00696	0.00221	0.00316	0.01550	0.00506	0.00443
15	0.01002	0.00712	0.00851	0.00840	0.00968	0.00717	0.00596	0.14717	0.02674	0.03194	0.02426	0.50153	0.02730	0.12187	0.00937	0.00247	0.00405	0.01179	0.00488	0.02976
16	0.00727	0.00564	0.00669	0.00681	0.00831	0.00506	0.00530	0.00923	0.01338	0.01735	0.28934	0.07698	0.37958	0.01325	0.00664	0.00193	0.00309	0.13395	0.00537	0.00485
17	0.08413	0.10332	0.05638	0.01185	0.09858	0.01072	0.00907	0.04174	0.01259	0.17268	0.01185	0.01259	0.00891	0.00498	0.00447	0.00127	0.00493	0.00391	0.00382	0.34219
18	0.04274	0.02171	0.01526	0.01488	0.07808	0.54681	0.01057	0.04088	0.14574	0.01621	0.01107	0.01201	0.00885	0.00587	0.00503	0.00151	0.00834	0.00410	0.00336	0.00697
19	0.01471	0.17767	0.15605	0.01251	0.03881	0.07003	0.07155	0.04299	0.08106	0.13560	0.09354	0.01811	0.05110	0.00658	0.00521	0.00160	0.00602	0.00540	0.00400	0.00748
20	0.00920	0.00845	0.01208	0.01065	0.01180	0.00988	0.06623	0.01077	0.01013	0.01382	0.02478	0.07073	0.22968	0.06814	0.12422	0.00329	0.27823	0.02914	0.00354	0.00524
21	0.00924	0.00581	0.00759	0.00723	0.00868	0.00529	0.00538	0.01139	0.01434	0.10120	0.51129	0.18407	0.08356	0.01194	0.00643	0.00181	0.00292	0.01055	0.00585	0.00542
22	0.00695	0.00496	0.00665	0.00788	0.00832	0.00469	0.00552	0.00809	0.01067	0.01417	0.02964	0.69139	0.03512	0.03201	0.00743	0.00231	0.00345	0.11123	0.00502	0.00449
23	0.01285	0.07491	0.01986	0.33057	0.37392	0.04989	0.01506	0.01602	0.01192	0.03003	0.00995	0.01345	0.00798	0.00515	0.00525	0.00165	0.00686	0.00465	0.00264	0.00739
24	0.01849	0.00779	0.00991	0.00807	0.01112	0.00706	0.00650	0.03772	0.01450	0.45962	0.08140	0.02080	0.01665	0.00698	0.00503	0.00156	0.00384	0.00570	0.26966	0.00761
25	0.01232	0.00797	0.00960	0.00950	0.01122	0.00787	0.00688	0.01661	0.19067	0.14022	0.04185	0.46569	0.02867	0.01353	0.00681	0.00222	0.00406	0.01173	0.00580	0.00680
26	0.14405	0.01456	0.01512	0.01174	0.01596	0.01621	0.00970	0.64573	0.02319	0.03288	0.01227	0.01246	0.00877	0.00632	0.00514	0.00164	0.00573	0.00462	0.00514	0.00877
27	0.00661	0.00553	0.00576	0.00570	0.00747	0.00467	0.00428	0.00815	0.01283	0.01567	0.15032	0.05091	0.67650	0.01345	0.00644	0.00182	0.00274	0.01129	0.00519	0.00467
28	0.00779	0.00584	0.00876	0.00876	0.00974	0.00681	0.00681	0.00974	0.00876	0.01266	0.01460	0.02142	0.01363	0.04089	0.78680	0.00876	0.01460	0.00584	0.00292	0.00487
29	0.01093	0.02820	0.78016	0.01554	0.02360	0.01266	0.02014	0.01727	0.01151	0.01727	0.00978	0.01151	0.00691	0.00518	0.00518	0.00173	0.00806	0.00403	0.00230	0.00806
30	0.00731	0.00556	0.00673	0.00644	0.00790	0.00497	0.00483	0.00951	0.01448	0.01961	0.54507	0.04444	0.27929	0.01199	0.00643	0.00175	0.00263	0.01038	0.00570	0.00497
31	0.00668	0.00503	0.00604	0.00680	0.00758	0.00455	0.00463	0.00769	0.01086	0.01390	0.03696	0.50416	0.26745	0.08068	0.00849	0.00235	0.00321	0.01362	0.00492	0.00439
32	0.01030	0.00969	0.01635	0.79530	0.03755	0.01211	0.01514	0.01393	0.01090	0.01393	0.00969	0.01453	0.00727	0.00545	0.00545	0.00182	0.00727	0.00484	0.00242	0.00606
33	0.01030	0.00969	0.01635	0.79530	0.03755	0.01211	0.01514	0.01393	0.01090	0.01393	0.00969	0.01453	0.00727	0.00545	0.00545	0.00182	0.00727	0.00484	0.00242	0.00606
34	0.00793	0.00529	0.00595	0.00595	0.00595	0.00529	0.00330	0.00793	0.00793	0.01057	0.01718	0.03568	0.01982	0.80840	0.02775	0.00529	0.00529	0.00793	0.00330	0.00330
35	0.01056	0.00996	0.01682	0.73307	0.09773	0.01218	0.01527	0.01416	0.01102	0.01425	0.00974	0.01445	0.00738	0.00540	0.00545	0.00180	0.00720	0.00485	0.00245	0.00627
36	0.01253	0.01304	0.01788	0.01500	0.01563	0.06473	0.07250	0.01402	0.00916	0.01349	0.00755	0.01202	0.00724	0.00889	0.01614	0.00228	0.68452	0.00483	0.00244	0.00610
37	0.00772	0.00637	0.01046	0.01011	0.01128	0.00598	0.12139	0.00932	0.01093	0.01460	0.02704	0.64223	0.03150	0.01504	0.00691	0.00217	0.00420	0.05315	0.00470	0.00491
38	0.00761	0.00557	0.00714	0.00675	0.00808	0.00510	0.00506	0.01009	0.01519	0.02128	0.71301	0.04168	0.11031	0.01136	0.00643	0.00172	0.00259	0.00999	0.00592	0.00510
39	0.01030	0.00969	0.01635	0.79530	0.03755	0.01211	0.01514	0.01393	0.01090	0.01393	0.00969	0.01453	0.00727	0.00545	0.00545	0.00182	0.00727	0.00484	0.00242	0.00606
40	0.00664	0.00474	0.00633	0.00759	0.00791	0.00443	0.00506	0.00759	0.01044	0.01392	0.03005	0.80485	0.03606	0.01708	0.00696	0.00221	0.00316	0.01550	0.00506	0.00443
41	0.02014	0.01498	0.01603	0.01243	0.01668	0.01663	0.01022	0.69682	0.08599	0.03341	0.01383	0.01368	0.00987	0.00661	0.00546	0.00165	0.00586	0.00501	0.00546	0.00922
42	0.01130	0.00969	0.01130	0.00807	0.01292	0.00727	0.00646	0.01373	0.01130	0.01776	0.00969	0.01130	0.00807	0.00404	0.00404	0.00081	0.00404	0.00323	0.00323	0.84173
43	0.00793	0.00529	0.00595	0.00595	0.00595	0.00529	0.00330	0.00793	0.00793	0.01057	0.01718	0.03568	0.01982	0.80840	0.02775	0.00529	0.00529	0.00793	0.00330	0.00330
44	0.01139	0.01044	0.01700	0.78262	0.03790	0.01267	0.01546	0.01467	0.01158	0.01496	0.01077	0.01597	0.00830	0.00617	0.00591	0.00201	0.00759	0.00519	0.00280	0.00661
45	0.00768	0.00518	0.00602	0.00627	0.00633	0.00512	0.00364	0.00786	0.00842	0.01122	0.01968	0.18514	0.02298	0.65463	0.02371	0.00469	0.00487	0.00940	0.00364	0.00352
46	0.01093	0.02820	0.78016	0.01554	0.02360	0.01266	0.02014	0.01727	0.01151	0.01727	0.00978	0.01151	0.00691	0.00518	0.00518	0.00173	0.00806	0.00403	0.00230	0.00806
47	0.01458	0.81168	0.02857	0.00933	0.01399	0.02157	0.00933	0.01632	0.01108	0.01283	0.00758	0.00875	0.00700	0.00466	0.00350	0.00117	0.00583	0.00292	0.00233	0.00700
48	0.00783	0.00524	0.00598	0.00608	0.00610	0.00522	0.00344	0.00790	0.00813	0.01084	0.01820	0.09658	0.02111	0.74575	0.02610	0.00504	0.00512	0.00853	0.00344	0.00339
49	0.01225	0.00569	0.00619	0.00575	0.00745	0.00551	0.00442	0.01472	0.01204	0.13082	0.01833	0.02007	0.01390	0.00641	0.00405	0.00133	0.00285	0.00514	0.71738	0.00569
50	0.02305	0.00898	0.01209	0.00937	0.01340	0.00775	0.00771	0.02510	0.01535	0.71825	0.02415	0.02122	0.07304	0.00730	0.00556	0.00170	0.00449	0.00596	0.00662	0.00891
51	0.02446	0.00928	0.01265	0.00970	0.01392	0.00801	0.00801	0.02657	0.01560	0.77817	0.02151	0.01856	0.01350	0.00675	0.00548	0.00169	0.00464	0.00548	0.00675	0.00928
52	0.00669	0.00509	0.00615	0.00696	0.00783	0.00459	0.00488	0.00784	0.01116	0.01423	0.03833	0.50092	0.28627	0.03106	0.00721	0.00216	0.00315	0.04595	0.00503	0.00449
53	0.01488	0.00760	0.00994	0.00851	0.01085	0.00720	0.00665	0.06589	0.04353	0.27935	0.28028	0.02692	0.02638	0.01066	0.00863	0.14797	0.00403	0.02872	0.00554	0.00648
54	0.01410	0.00888	0.00929	0.00786	0.01029	0.00949	0.00625	0.29004	0.01673	0.02556	0.01603	0.01763	0.01222	0.00642	0.00442	0.00141	0.00383	0.00502	0.52788	0.00664
55	0.01282	0.43493	0.38999	0.01231	0.01861	0.01729	0.01453	0.01678	0.01129	0.01496	0.00864	0.01007	0.00695	0.00491	0.00431	0.00144	0.00690	0.00345	0.00232	0.00751
56	0.01145	0.13944	0.67345	0.01466	0.02223	0.01393	0.01861	0.01713	0.01145	0.01663	0.00947	0.01112	0.00692	0.00511	0.00494	0.00165	0.00774	0.00387	0.00231	0.00791
57	0.01287	0.01471	0.03217	0.02298	0.02849	0.01379	0.75460	0.01746	0.01287	0.01746	0.01103	0.01471	0.00827	0.00460	0.00643	0.00184	0.00919	0.00643	0.00276	0.00735
58	0.02072	0.01527	0.01636	0.01254	0.01691	0.01691	0.01036	0.75622	0.02563	0.03436	0.01309	0.01309	0.00927	0.00654	0.00545	0.00164	0.00600	0.00491	0.00545	0.00927
59	0.05523	0.00986	0.01265	0.00968	0.01394	0.00884	0.00798	0.08455	0.01577	0.61683	0.01917	0.01705	0.01235	0.00641	0.00526	0.00160	0.00468	0.00513	0.00618	0.08685
60	0.00664	0.00474	0.00633	0.00759	0.00791	0.00443	0.00506	0.00759	0.01044	0.01392	0.03005	0.80485	0.03606	0.01708	0.00696	0.00221	0.00316	0.01550	0.00506	0.00443
61	0.00662	0.00483	0.00624	0.00736	0.00785	0.00445	0.00496	0.00762	0.01066	0.01401	0.03285	0.72103	0.11806	0.01672	0.00690	0.00217	0.00312	0.01505	0.00506	0.00445
62	0.01583	0.01108	0.01232	0.01070	0.01399	0.01220	0.00843	0.04234	0.56849	0.18277	0.04483	0.02044	0.01690	0.00736	0.00556	0.00181	0.00436	0.00611	0.00581	0.00867
63	0.01260	0.38672	0.43624	0.01270	0.01920	0.01674	0.01519	0.01683	0.01131	0.01523	0.00877	0.01024	0.00695	0.00494	0.00441	0.00147	0.00704	0.00352	0.00232	0.00757
64	0.00704	0.00535	0.00633	0.00647	0.00763	0.00480	0.00462	0.00861	0.01263	0.01662	0.28869	0.21475	0.30305	0.07854	0.00829	0.00216	0.00299	0.01155	0.00524	0.00464
65	0.01193	0.01193	0.01670	0.01431	0.01431	0.01670	0.01193	0.01312	0.00835	0.01312	0.00716	0.01193	0.00716	0.00954	0.01789	0.00239	0.79843	0.00477	0.00239	0.00596
66	0.00649	0.00552	0.00559	0.00557	0.00739	0.00462	0.00418	0.00791	0.01254	0.01499	0.08140	0.05204	0.74584	0.01371	0.00644	0.00184	0.00275	0.01145	0.00510	0.00462
67	0.00924	0.00710	0.01079	0.01112	0.01277	0.00708	0.06970	0.01225	0.03192	0.01658	0.02724	0.05662	0.02911	0.01401	0.00739	0.00244	0.00534	0.65915	0.00485	0.00530
68	0.00664	0.00474	0.00633	0.00759	0.00791	0.00443	0.00506	0.00759	0.01044	0.01392	0.03005	0.80485	0.03606	0.01708	0.00696	0.00221	0.00316	0.01550	0.00506	0.00443
69	0.00671	0.00479	0.00641	0.00767	0.00802	0.00449	0.00518	0.00771	0.01051	0.01400	0.03001	0.78043	0.03590	0.01701	0.00698	0.00222	0.00322	0.03922	0.00506	0.00445
70	0.01349	0.01295	0.02213	0.03346	0.77440	0.01295	0.01673	0.01673	0.01241	0.01781	0.01025	0.01349	0.00864	0.00486	0.00540	0.00162	0.00648	0.00486	0.00270	0.00864
71	0.11903	0.00942	0.01212	0.00941	0.01353	0.00850	0.00777	0.02536	0.01488	0.69150	0.01991	0.01744	0.01262	0.00655	0.00524	0.00169	0.00459	0.00519	0.00636	0.00889
72	0.00646	0.00546	0.00559	0.00569	0.00741	0.00459	0.00422	0.00780	0.01226	0.01466	0.05317	0.11392	0.71206	0.01407	0.00649	0.00187	0.00279	0.01183	0.00506	0.00459
73	0.00664	0.00474	0.00633	0.00759	0.00791	0.00443	0.00506	0.00759	0.01044	0.01392	0.03005	0.80485	0.03606	0.01708	0.00696	0.00221	0.00316	0.01550	0.00506	0.00443
74	0.01030	0.00969	0.01635	0.79530	0.03755	0.01211	0.01514	0.01393	0.01090	0.01393	0.00969	0.01453	0.00727	0.00545	0.00545	0.00182	0.00727	0.00484	0.00242	0.00606
75	0.01093	0.02820	0.78016	0.01554	0.02360	0.01266	0.02014	0.01727	0.01151	0.01727	0.00978	0.01151	0.00691	0.00518	0.00518	0.00173	0.00806	0.00403	0.00230	0.00806
76	0.01093	0.02820	0.78016	0.01554	0.02360	0.01266	0.02014	0.01727	0.01151	0.01727	0.00978	0.01151	0.00691	0.00518	0.00518	0.00173	0.00806	0.00403	0.00230	0.00806
77	0.01458	0.81168	0.02857	0.00933	0.01399	0.02157	0.00933	0.01632	0.01108	0.01283	0.00758	0.00875	0.00700	0.00466	0.00350	0.00117	0.00583	0.00292	0.00233	0.00700
78	0.01942	0.01032	0.01259	0.00994	0.01353	0.01016	0.00809	0.25348	0.01873	0.36861	0.19181	0.02194	0.02091	0.00770	0.00569	0.00168	0.00459	0.00631	0.00617	0.00832
79	0.01287	0.01471	0.03217	0.02298	0.02849	0.01379	0.75460	0.01746	0.01287	0.01746	0.01103	0.01471	0.00827	0.00460	0.00643	0.00184	0.00919	0.00643	0.00276	0.00735
80	0.58324	0.01186	0.01565	0.01217	0.01622	0.01272	0.24259	0.01648	0.01041	0.02225	0.00868	0.01071	0.00665	0.00491	0.00434	0.00173	0.00579	0.00405	0.00318	0.00636
81	0.01356	0.01171	0.01233	0.01109	0.01418	0.01356	0.00863	0.02897	0.76455	0.02281	0.02219	0.02034	0.01664	0.00740	0.00555	0.00185	0.00431	0.00616	0.00555	0.00863
82	0.01200	0.01215	0.01796	0.01502	0.01547	0.01646	0.07259	0.01347	0.00872	0.01347	0.00747	0.01215	0.00725	0.00914	0.01696	0.00234	0.73396	0.00491	0.00242	0.00608
83	0.00793	0.00529	0.00595	0.00595	0.00595	0.00529	0.00330	0.00793	0.00793	0.01057	0.01718	0.03568	0.01982	0.80840	0.02775	0.00529	0.00529	0.00793	0.00330	0.00330
84	0.62761	0.01100	0.00974	0.00822	0.01184	0.01229	0.00678	0.11570	0.01229	0.12624	0.01018	0.01071	0.00736	0.00548	0.00393	0.00168	0.00451	0.00355	0.00410	0.00680
85	0.01130	0.00969	0.01130	0.00807	0.01292	0.00727	0.00646	0.01373	0.01130	0.01776	0.00969	0.01130	0.00807	0.00404	0.00404	0.00081	0.00404	0.00323	0.00323	0.84173
86	0.00715	0.00556	0.00844	0.00885	0.00959	0.00519	0.06628	0.00840	0.01064	0.01421	0.02849	0.74031	0.03379	0.01606	0.00692	0.00218	0.00366	0.01476	0.00487	0.00467
87	0.01458	0.81168	0.02857	0.00933	0.01399	0.02157	0.00933	0.01632	0.01108	0.01283	0.00758	0.00875	0.00700	0.00466	0.00350	0.00117	0.00583	0.00292	0.00233	0.00700
88	0.01279	0.01448	0.03091	0.02227	0.02733	0.01402	0.69393	0.01711	0.01250	0.01711	0.01071	0.01448	0.00818	0.00500	0.00737	0.00188	0.07366	0.00630	0.00273	0.00724
89	0.01349	0.01295	0.02213	0.03346	0.77440	0.01295	0.01673	0.01673	0.01241	0.01781	0.01025	0.01349	0.00864	0.00486	0.00540	0.00162	0.00648	0.00486	0.00270	0.00864
90	0.01458	0.81168	0.02857	0.00933	0.01399	0.02157	0.00933	0.01632	0.01108	0.01283	0.00758	0.00875	0.00700	0.00466	0.00350	0.00117	0.00583	0.00292	0.00233	0.00700
91	0.01716	0.01350	0.01435	0.01182	0.01555	0.01524	0.00950	0.39407	0.39358	0.02861	0.01762	0.01670	0.01294	0.00697	0.00550	0.00174	0.00516	0.00553	0.00550	0.00895
92	0.00761	0.00557	0.00714	0.00675	0.00808	0.00510	0.00506	0.01009	0.01519	0.02128	0.71301	0.04168	0.11031	0.01136	0.00643	0.00172	0.00259	0.00999	0.00592	0.00510
93	0.02037	0.02598	0.01545	0.01404	0.01685	0.78652	0.01053	0.02177	0.01545	0.01334	0.00843	0.00983	0.00702	0.00562	0.00492	0.00140	0.00983	0.00351	0.00281	0.00632
94	0.00644	0.00552	0.00552	0.00552	0.00736	0.00460	0.00414	0.00782	0.01243	0.01473	0.05523	0.05247	0.77218	0.01381	0.00644	0.00184	0.00276	0.01151	0.00506	0.00460
95	0.04258	0.01296	0.01464	0.01139	0.01557	0.01370	0.00936	0.44710	0.08240	0.26831	0.01635	0.01530	0.01112	0.00664	0.00542	0.00167	0.00539	0.00514	0.00582	0.00913
96	0.00664	0.00474	0.00633	0.00759	0.00791	0.00443	0.00506	0.00759	0.01044	0.01392	0.03005	0.80485	0.03606	0.01708	0.00696	0.00221	0.00316	0.01550	0.00506	0.00443
97	0.00779	0.00584	0.00876	0.00876	0.00974	0.00681	0.00681	0.00974	0.00876	0.01266	0.01460	0.02142	0.01363	0.04089	0.78680	0.00876	0.01460	0.00584	0.00292	0.00487
98	0.00664	0.00474	0.00633	0.00759	0.00791	0.00443	0.00506	0.00759	0.01044	0.01392	0.03005	0.80485	0.03606	0.01708	0.00696	0.00221	0.00316	0.01550	0.00506	0.00443
99	0.00656	0.00556	0.00568	0.00574	0.00755	0.00468	0.00437	0.00799	0.01243	0.01480	0.05395	0.05291	0.73616	0.01387	0.00650	0.00187	0.00287	0.04682	0.00506	0.00462
100	0.01458	0.81168	0.02857	0.00933	0.01399	0.02157	0.00933	0.01632	0.01108	0.01283	0.00758	0.00875	0.00700	0.00466	0.00350	0.00117	0.00583	0.00292	0.00233	0.00700
101	0.11110	0.01079	0.01362	0.01071	0.01445	0.01089	0.06879	0.17879	0.06574	0.29655	0.01634	0.01678	0.01165	0.03917	0.03727	0.00207	0.00552	0.00522	0.05220	0.03233
102	0.00669	0.00545	0.00567	0.00573	0.00723	0.00470	0.00411	0.00790	0.01182	0.01435	0.07008	0.09167	0.61197	0.11745	0.00925	0.00231	0.00311	0.01121	0.00486	0.00444
103	0.01356	0.01171	0.01233	0.01109	0.01418	0.01356	0.00863	0.02897	0.76455	0.02281	0.02219	0.02034	0.01664	0.00740	0.00555	0.00185	0.00431	0.00616	0.00555	0.00863
104	0.00947	0.00473	0.00710	0.00710	0.00710	0.00473	0.00473	0.00710	0.00710	0.00947	0.00947	0.01657	0.00947	0.01894	0.02131	0.84138	0.00473	0.00473	0.00237	0.00237
105	0.01130	0.00969	0.01130	0.00807	0.01292	0.00727	0.00646	0.01373	0.01130	0.01776	0.00969	0.01130	0.00807	0.00404	0.00404	0.00081	0.00404	0.00323	0.00323	0.84173
106	0.01093	0.02820	0.78016	0.01554	0.02360	0.01266	0.02014	0.01727	0.01151	0.01727	0.00978	0.01151	0.00691	0.00518	0.00518	0.00173	0.00806	0.00403	0.00230	0.00806
107	0.00763	0.00557	0.00717	0.00677	0.00809	0.00511	0.00508	0.01012	0.01523	0.02138	0.72295	0.04152	0.10031	0.01133	0.00643	0.00172	0.00258	0.00997	0.00594	0.00511
108	0.00671	0.00479	0.00640	0.00767	0.00801	0.00448	0.00517	0.00770	0.01050	0.01399	0.03001	0.78206	0.03591	0.01702	0.00698	0.00222	0.00322	0.03763	0.00506	0.00445
109	0.01030	0.00969	0.01635	0.79530	0.03755	0.01211	0.01514	0.01393	0.01090	0.01393	0.00969	0.01453	0.00727	0.00545	0.00545	0.00182	0.00727	0.00484	0.00242	0.00606
110	0.02001	0.01512	0.01557	0.01212	0.01621	0.05355	0.00994	0.67146	0.02420	0.03241	0.01317	0.01341	0.00947	0.00649	0.00532	0.00160	0.00596	0.00485	0.06028	0.00885
111	0.00779	0.00584	0.00876	0.00876	0.00974	0.00681	0.00681	0.00974	0.00876	0.01266	0.01460	0.02142	0.01363	0.04089	0.78680	0.00876	0.01460	0.00584	0.00292	0.00487
112	0.00729	0.00549	0.00674	0.00656	0.00792	0.00494	0.00487	0.00941	0.01422	0.01930	0.51934	0.10628	0.24299	0.01234	0.00648	0.00179	0.00267	0.01076	0.00567	0.00494
113	0.01093	0.02820	0.78016	0.01554	0.02360	0.01266	0.02014	0.01727	0.01151	0.01727	0.00978	0.01151	0.00691	0.00518	0.00518	0.00173	0.00806	0.00403	0.00230	0.00806
114	0.02072	0.01527	0.01636	0.01254	0.01691	0.01691	0.01036	0.75622	0.02563	0.03436	0.01309	0.01309	0.00927	0.00654	0.00545	0.00164	0.00600	0.00491	0.00545	0.00927
115	0.01467	0.65396	0.05605	0.01035	0.01462	0.08086	0.01006	0.01653	0.01121	0.01307	0.00770	0.00920	0.00701	0.00516	0.00485	0.00131	0.07097	0.00316	0.00237	0.00690
116	0.05680	0.03451	0.15556	0.07512	0.23340	0.01165	0.01294	0.05398	0.04564	0.06602	0.01116	0.01295	0.00860	0.00509	0.00492	0.00148	0.00590	0.00429	0.00327	0.19672
117	0.01542	0.03396	0.07058	0.01092	0.01445	0.06478	0.00924	0.24644	0.18310	0.08568	0.02161	0.10432	0.09873	0.00848	0.00564	0.00175	0.00526	0.00690	0.00500	0.00774
