[name]
unknown

[dist]
# distance from previous block
# <min> <max>
0	383

[block]
# block no. 0 follows, 46 sequences, length 25
# corresponding to MSA columns:
# 603-605,611,615-622,627-639
name=unknown_A
#
# <colnr> <probs for GDERKNQSTAVLIFYWHMCP>
#	G	D	E	R	K	N	Q	S	T	A	V	L	I	F	Y	W	H	M	C	P
0	0.00967	0.00712	0.00838	0.00838	0.00979	0.00728	0.00617	0.15528	0.05933	0.01820	0.02685	0.49555	0.08201	0.01338	0.00628	0.00198	0.00370	0.04427	0.03088	0.00551
1	0.13618	0.32246	0.22353	0.01112	0.01607	0.05975	0.01161	0.10915	0.01251	0.01785	0.00862	0.00988	0.00689	0.00513	0.00453	0.00145	0.02992	0.00344	0.00280	0.00711
2	0.07405	0.01182	0.03861	0.10166	0.53399	0.01169	0.01436	0.01615	0.01185	0.06422	0.01158	0.01625	0.00979	0.00557	0.00524	0.00166	0.00603	0.05473	0.00302	0.00773
3	0.01268	0.01208	0.02053	0.03093	0.73440	0.01206	0.01554	0.01569	0.01192	0.01704	0.01111	0.06137	0.00998	0.00543	0.00533	0.00161	0.00609	0.00533	0.00276	0.00813
4	0.00644	0.00460	0.00613	0.00736	0.00767	0.00429	0.00491	0.00736	0.01012	0.01350	0.02914	0.81076	0.03497	0.01656	0.00675	0.00215	0.00307	0.01503	0.00491	0.00429
5	0.01149	0.01018	0.01894	0.01466	0.01784	0.00979	0.35937	0.05000	0.01223	0.06852	0.01792	0.22939	0.03473	0.03531	0.00714	0.00195	0.03078	0.00849	0.05504	0.00622
6	0.77827	0.01027	0.00827	0.00724	0.01059	0.01173	0.00597	0.03653	0.00980	0.07055	0.00833	0.00928	0.00626	0.00505	0.00345	0.00163	0.00416	0.00306	0.00353	0.00601
7	0.00760	0.00517	0.00614	0.00620	0.00634	0.00527	0.00373	0.00790	0.00792	0.01069	0.01701	0.07501	0.01930	0.67116	0.12444	0.00540	0.00618	0.00783	0.00325	0.00346
8	0.01164	0.01212	0.02366	0.31955	0.16426	0.01261	0.34673	0.01551	0.01168	0.01569	0.01007	0.01399	0.00771	0.00482	0.00570	0.00174	0.00774	0.00538	0.00254	0.00687
9	0.00980	0.00997	0.02007	0.01566	0.01877	0.00934	0.42592	0.01268	0.01143	0.01541	0.01888	0.36785	0.01998	0.00983	0.00646	0.00194	0.00632	0.01014	0.00367	0.00587
10	0.00659	0.00537	0.00583	0.00571	0.00735	0.00461	0.00429	0.00825	0.01286	0.01620	0.25467	0.04772	0.57677	0.01267	0.00624	0.00175	0.00263	0.01071	0.00516	0.00461
11	0.02372	0.00900	0.01227	0.00941	0.01350	0.00777	0.00777	0.02576	0.01513	0.78489	0.02086	0.01799	0.01309	0.00654	0.00532	0.00164	0.00450	0.00532	0.00654	0.00900
12	0.01141	0.01255	0.02676	0.01964	0.02410	0.01176	0.62811	0.01524	0.01206	0.01633	0.01396	0.15515	0.01279	0.00660	0.00633	0.00185	0.00788	0.00779	0.00307	0.00663
13	0.01060	0.02735	0.78682	0.01507	0.02288	0.01228	0.01953	0.01674	0.01116	0.01674	0.00949	0.01116	0.00670	0.00502	0.00502	0.00167	0.00781	0.00391	0.00223	0.00781
14	0.01308	0.01256	0.02146	0.03245	0.78123	0.01256	0.01622	0.01622	0.01204	0.01727	0.00994	0.01308	0.00837	0.00471	0.00523	0.00157	0.00628	0.00471	0.00262	0.00837
15	0.00644	0.00460	0.00613	0.00736	0.00767	0.00429	0.00491	0.00736	0.01012	0.01350	0.02914	0.81076	0.03497	0.01656	0.00675	0.00215	0.00307	0.01503	0.00491	0.00429
16	0.01169	0.01509	0.16062	0.04172	0.02396	0.01191	0.49939	0.01613	0.01199	0.01720	0.01138	0.01449	0.00855	0.00483	0.00563	0.00168	0.00774	0.00559	0.12350	0.00690
17	0.01778	0.01463	0.01466	0.01228	0.01477	0.19220	0.00990	0.14440	0.06704	0.19509	0.01241	0.01334	0.00931	0.00712	0.00884	0.00178	0.24840	0.00462	0.00409	0.00732
18	0.00658	0.00537	0.00582	0.00571	0.00735	0.00460	0.00428	0.00823	0.01284	0.01615	0.24923	0.04780	0.58225	0.01269	0.00624	0.00175	0.00263	0.01073	0.00515	0.00460
19	0.00679	0.00486	0.00591	0.00660	0.00702	0.00457	0.00427	0.00749	0.00965	0.01262	0.02874	0.47002	0.13343	0.25795	0.01279	0.00300	0.00364	0.01227	0.00439	0.00399
20	0.03119	0.00526	0.00641	0.00660	0.00763	0.00556	0.00493	0.01057	0.01000	0.01624	0.01806	0.15969	0.01702	0.01912	0.26712	0.00382	0.00651	0.00690	0.39262	0.00477
21	0.01886	0.01428	0.01582	0.01338	0.06786	0.01578	0.01028	0.63270	0.10555	0.03101	0.01347	0.01349	0.00973	0.00633	0.00529	0.00161	0.00567	0.00489	0.00512	0.00888
22	0.00625	0.00536	0.00536	0.00536	0.00714	0.00446	0.00402	0.00759	0.01205	0.01428	0.05355	0.05088	0.77909	0.01339	0.00625	0.00179	0.00268	0.01116	0.00491	0.00446
23	0.01024	0.00858	0.01009	0.00765	0.01155	0.00661	0.00592	0.01228	0.01067	0.01637	0.01213	0.10506	0.01167	0.05484	0.00565	0.00121	0.00389	0.00479	0.00334	0.69748
24	0.53542	0.03035	0.01061	0.00860	0.01204	0.01305	0.00707	0.24191	0.01391	0.02583	0.01012	0.05189	0.00827	0.00595	0.00407	0.00164	0.00460	0.00407	0.00395	0.00667

[dist]
# distance from previous block
# <min> <max>
0	1

[block]
# block no. 1 follows, 46 sequences, length 40
# corresponding to MSA columns:
# 641-680
name=unknown_B
#
# <colnr> <probs for GDERKNQSTAVLIFYWHMCP>
#	G	D	E	R	K	N	Q	S	T	A	V	L	I	F	Y	W	H	M	C	P
0	0.01219	0.04151	0.18398	0.11929	0.46466	0.01272	0.05783	0.01604	0.01166	0.01653	0.00974	0.01271	0.00779	0.00483	0.00519	0.00161	0.00682	0.00456	0.00249	0.00784
1	0.01308	0.01256	0.02146	0.03245	0.78123	0.01256	0.01622	0.01622	0.01204	0.01727	0.00994	0.01308	0.00837	0.00471	0.00523	0.00157	0.00628	0.00471	0.00262	0.00837
2	0.01310	0.58572	0.25030	0.01081	0.01630	0.01838	0.01212	0.01610	0.01086	0.01370	0.00798	0.00927	0.00676	0.00467	0.00387	0.00129	0.00629	0.00314	0.00225	0.00709
3	0.00644	0.00460	0.00613	0.00736	0.00767	0.00429	0.00491	0.00736	0.01012	0.01350	0.02914	0.81076	0.03497	0.01656	0.00675	0.00215	0.00307	0.01503	0.00491	0.00429
4	0.00652	0.00537	0.00573	0.00564	0.00730	0.00458	0.00423	0.00811	0.01268	0.01578	0.21089	0.04841	0.62082	0.01283	0.00625	0.00176	0.00264	0.01081	0.00511	0.00458
5	0.00649	0.00511	0.00586	0.00622	0.00743	0.00448	0.00446	0.00785	0.01182	0.01501	0.14952	0.30502	0.42381	0.01409	0.00641	0.00189	0.00278	0.01223	0.00504	0.00448
6	0.01151	0.09467	0.67216	0.01436	0.02166	0.01329	0.01802	0.06433	0.01200	0.01743	0.00951	0.01103	0.00685	0.00506	0.00490	0.00162	0.00750	0.00387	0.00243	0.00780
7	0.01172	0.01019	0.01147	0.00849	0.01290	0.02753	0.00678	0.04771	0.05375	0.01799	0.01012	0.01150	0.00829	0.00438	0.00443	0.00093	0.02491	0.00341	0.00332	0.72017
8	0.03248	0.20567	0.13242	0.01004	0.01446	0.03171	0.00966	0.05244	0.03317	0.32712	0.04351	0.01503	0.01164	0.00592	0.00471	0.00149	0.00526	0.00455	0.05097	0.00776
9	0.00660	0.00471	0.00632	0.00754	0.00792	0.00443	0.00518	0.00763	0.01028	0.01367	0.02905	0.75362	0.03462	0.01641	0.00679	0.00217	0.00320	0.07061	0.00490	0.00434
10	0.00625	0.00536	0.00536	0.00536	0.00714	0.00446	0.00402	0.00759	0.01205	0.01428	0.05355	0.05088	0.77909	0.01339	0.00625	0.00179	0.00268	0.01116	0.00491	0.00446
11	0.01244	0.01190	0.02030	0.19206	0.62665	0.01239	0.01590	0.01566	0.01173	0.01649	0.00983	0.01329	0.00810	0.00483	0.00524	0.00161	0.00644	0.00471	0.00256	0.00785
12	0.01007	0.00856	0.00991	0.00740	0.01146	0.00655	0.00586	0.01228	0.01139	0.01708	0.06760	0.01848	0.11856	0.00571	0.00440	0.00098	0.00365	0.00469	0.00356	0.67180
13	0.00651	0.00463	0.00611	0.00727	0.00756	0.00434	0.00481	0.00738	0.00999	0.01332	0.02845	0.76776	0.03409	0.06075	0.00786	0.00231	0.00318	0.01462	0.00481	0.00423
14	0.01134	0.19131	0.62927	0.01382	0.02095	0.01407	0.01736	0.01655	0.01107	0.01585	0.00904	0.01060	0.00671	0.00492	0.00468	0.00156	0.00736	0.00368	0.00224	0.00760
15	0.01360	0.01268	0.01609	0.01351	0.01448	0.04142	0.01121	0.16883	0.01180	0.01700	0.00817	0.01173	0.00736	0.00853	0.01444	0.00213	0.61299	0.00461	0.00294	0.00646
16	0.00741	0.00534	0.00663	0.00634	0.00738	0.00497	0.00452	0.00927	0.01317	0.01826	0.55061	0.03957	0.11366	0.17780	0.01053	0.00239	0.00306	0.00933	0.00519	0.00457
17	0.01233	0.00585	0.00678	0.00613	0.00791	0.00553	0.00471	0.01462	0.01235	0.17841	0.12445	0.02262	0.01873	0.03430	0.00517	0.00151	0.00298	0.00575	0.52416	0.00572
18	0.26824	0.01272	0.01145	0.00984	0.01318	0.12100	0.00783	0.07265	0.23578	0.17397	0.01467	0.01414	0.01062	0.00607	0.00464	0.00164	0.00508	0.00447	0.00460	0.00743
19	0.02056	0.00839	0.01149	0.00947	0.01297	0.00742	0.00793	0.02269	0.01452	0.62528	0.02234	0.02664	0.01668	0.00822	0.00573	0.00180	0.00458	0.15897	0.00620	0.00814
20	0.01865	0.01409	0.01505	0.01187	0.01584	0.01572	0.00970	0.61095	0.17985	0.03099	0.01452	0.01415	0.01047	0.00652	0.00531	0.00163	0.00548	0.00501	0.00531	0.00886
21	0.00918	0.00459	0.00689	0.00689	0.00689	0.00459	0.00459	0.00689	0.00689	0.00918	0.00918	0.01607	0.00918	0.01837	0.02066	0.84619	0.00459	0.00459	0.00230	0.00230
22	0.00644	0.00460	0.00613	0.00736	0.00767	0.00429	0.00491	0.00736	0.01012	0.01350	0.02914	0.81076	0.03497	0.01656	0.00675	0.00215	0.00307	0.01503	0.00491	0.00429
23	0.01215	0.01161	0.01978	0.26323	0.55772	0.01232	0.01576	0.01541	0.01160	0.01614	0.00978	0.01339	0.00798	0.00488	0.00525	0.00163	0.00651	0.00471	0.00254	0.00762
24	0.01119	0.00900	0.01218	0.01467	0.19906	0.00928	0.00891	0.15862	0.06499	0.01887	0.02071	0.40621	0.02211	0.01103	0.00600	0.00187	0.00447	0.00989	0.00445	0.00649
25	0.01381	0.01395	0.02075	0.03039	0.69741	0.09808	0.01557	0.01676	0.01236	0.01680	0.00975	0.01270	0.00820	0.00479	0.00518	0.00155	0.00664	0.00457	0.00263	0.00813
26	0.85155	0.01022	0.00777	0.00695	0.01022	0.01186	0.00573	0.01554	0.00900	0.02372	0.00736	0.00859	0.00573	0.00491	0.00327	0.00164	0.00409	0.00286	0.00327	0.00573
27	0.00663	0.00531	0.00555	0.00552	0.00690	0.00463	0.00391	0.00776	0.01133	0.01388	0.09195	0.04677	0.57505	0.17943	0.01053	0.00247	0.00317	0.01034	0.00461	0.00423
28	0.01363	0.37806	0.02872	0.01582	0.02065	0.05997	0.37986	0.01667	0.01183	0.01468	0.00904	0.01138	0.00739	0.00454	0.00487	0.00146	0.00747	0.00454	0.00249	0.00692
29	0.01115	0.01059	0.01796	0.51222	0.31658	0.01205	0.01526	0.01453	0.01112	0.01492	0.00960	0.01371	0.00755	0.00507	0.00527	0.00169	0.00676	0.00470	0.00245	0.00681
30	0.00625	0.00536	0.00536	0.00536	0.00714	0.00446	0.00402	0.00759	0.01205	0.01428	0.05355	0.05088	0.77909	0.01339	0.00625	0.00179	0.00268	0.01116	0.00491	0.00446
31	0.00763	0.00536	0.00697	0.00697	0.00739	0.00578	0.00471	0.00846	0.00805	0.01114	0.01555	0.02848	0.01657	0.47179	0.36570	0.00662	0.00912	0.00679	0.00304	0.00387
32	0.01308	0.01256	0.02146	0.03245	0.78123	0.01256	0.01622	0.01622	0.01204	0.01727	0.00994	0.01308	0.00837	0.00471	0.00523	0.00157	0.00628	0.00471	0.00262	0.00837
33	0.00819	0.00649	0.00843	0.00830	0.00842	0.00751	0.00584	0.00882	0.00862	0.01198	0.01848	0.28958	0.02145	0.33683	0.03555	0.00353	0.19483	0.00938	0.00356	0.00422
34	0.01553	0.62893	0.02489	0.00982	0.01423	0.04131	0.00929	0.17117	0.01379	0.01679	0.00848	0.00938	0.00724	0.00493	0.00382	0.00123	0.00579	0.00324	0.00290	0.00722
35	0.04706	0.01158	0.03283	0.00994	0.01416	0.02976	0.00830	0.22688	0.02981	0.30363	0.03238	0.01472	0.01107	0.00587	0.00492	0.00142	0.00488	0.00460	0.00506	0.20114
36	0.01621	0.09881	0.06261	0.01998	0.33162	0.03333	0.01266	0.18380	0.04813	0.12356	0.01218	0.01326	0.00918	0.00544	0.00504	0.00155	0.00595	0.00458	0.00380	0.00834
37	0.01427	0.01652	0.01927	0.01515	0.01865	0.28730	0.26055	0.01678	0.01267	0.01492	0.01250	0.01466	0.06611	0.00592	0.00659	0.00156	0.09189	0.00503	0.00288	0.11679
38	0.01335	0.00968	0.01161	0.07451	0.01459	0.00864	0.00747	0.12794	0.01370	0.11774	0.01662	0.01713	0.10030	0.00586	0.00469	0.00122	0.00439	0.00474	0.00404	0.44176
39	0.00878	0.00723	0.00853	0.00726	0.01011	0.00578	0.00551	0.01059	0.01112	0.01588	0.05388	0.22710	0.15144	0.00932	0.00521	0.00138	0.00344	0.02149	0.00404	0.43190

[dist]
# distance from previous block
# <min> <max>
1	5

[block]
# block no. 2 follows, 46 sequences, length 28
# corresponding to MSA columns:
# 686-713
name=unknown_C
#
# <colnr> <probs for GDERKNQSTAVLIFYWHMCP>
#	G	D	E	R	K	N	Q	S	T	A	V	L	I	F	Y	W	H	M	C	P
0	0.01278	0.36451	0.02061	0.21550	0.01966	0.04667	0.01084	0.01640	0.09925	0.01391	0.00950	0.01174	0.00797	0.00576	0.00623	0.00155	0.12391	0.00397	0.00267	0.00656
1	0.01272	0.01390	0.05808	0.02403	0.26015	0.01284	0.42936	0.05215	0.01281	0.01770	0.01131	0.03634	0.00925	0.00516	0.00586	0.00172	0.00767	0.01856	0.00286	0.00752
2	0.00893	0.00778	0.01245	0.01020	0.01251	0.00741	0.16508	0.01281	0.07887	0.01984	0.49536	0.03336	0.09477	0.00936	0.00616	0.00171	0.00401	0.00868	0.00505	0.00569
3	0.01002	0.00951	0.01466	0.01234	0.01331	0.01145	0.12664	0.01144	0.00916	0.01308	0.01460	0.12423	0.05026	0.16695	0.01553	0.00273	0.37866	0.00717	0.00301	0.00523
4	0.00664	0.00518	0.00603	0.00623	0.00749	0.00457	0.00451	0.00819	0.01237	0.01601	0.24921	0.24110	0.38663	0.01348	0.00637	0.00184	0.00273	0.01170	0.00516	0.00457
5	0.00758	0.00554	0.00786	0.00786	0.00858	0.00626	0.00581	0.00903	0.00831	0.01180	0.01474	0.02400	0.01462	0.22095	0.61388	0.00771	0.01205	0.00614	0.00292	0.00437
6	0.00788	0.00554	0.00737	0.00831	0.00905	0.00548	0.00652	0.00943	0.01070	0.01404	0.02563	0.21533	0.02882	0.19917	0.01170	0.00299	0.00454	0.41864	0.00449	0.00436
7	0.00639	0.00531	0.00562	0.00582	0.00741	0.00453	0.00436	0.00774	0.01183	0.01427	0.04933	0.14040	0.65197	0.01383	0.00636	0.00186	0.00284	0.05076	0.00491	0.00446
8	0.01186	0.01073	0.01511	0.35789	0.02404	0.02492	0.03897	0.09307	0.11799	0.01676	0.01148	0.01510	0.00920	0.03750	0.03041	0.00211	0.13235	0.00498	0.00317	0.04238
9	0.02065	0.01359	0.01507	0.01159	0.01576	0.01462	0.00956	0.60172	0.04002	0.18083	0.01450	0.01390	0.00996	0.00640	0.00530	0.00160	0.00552	0.00490	0.00554	0.00898
10	0.01363	0.20282	0.01730	0.06585	0.10628	0.12003	0.03052	0.13411	0.01426	0.01792	0.12144	0.08857	0.01636	0.02200	0.00546	0.00159	0.00577	0.00583	0.00364	0.00663
11	0.00769	0.00495	0.00657	0.00740	0.00799	0.00459	0.00503	0.00871	0.01057	0.06495	0.06138	0.69159	0.03352	0.04875	0.00747	0.00222	0.00322	0.01384	0.00499	0.00459
12	0.21265	0.01152	0.15300	0.00911	0.01228	0.00909	0.00849	0.06021	0.05206	0.05325	0.02001	0.21598	0.08089	0.00929	0.00523	0.00181	0.00451	0.03900	0.03554	0.00607
13	0.01288	0.01114	0.01239	0.01105	0.02526	0.01251	0.03230	0.05715	0.63010	0.02167	0.02253	0.02109	0.06861	0.00736	0.00542	0.00175	0.00432	0.00620	0.00515	0.03110
14	0.00764	0.00517	0.00607	0.00610	0.00622	0.00527	0.00362	0.00787	0.00784	0.01055	0.01670	0.05271	0.01896	0.70934	0.11020	0.00542	0.00606	0.00765	0.00321	0.00340
15	0.01275	0.01309	0.02513	0.02462	0.30900	0.01281	0.38898	0.04459	0.03709	0.01759	0.01102	0.01428	0.00873	0.00659	0.04775	0.00205	0.00793	0.00557	0.00285	0.00758
16	0.01350	0.01173	0.01647	0.17168	0.05845	0.01332	0.10031	0.19634	0.19024	0.02067	0.01339	0.01540	0.01031	0.00905	0.07284	0.00233	0.06748	0.00527	0.00384	0.00737
17	0.00787	0.00535	0.00686	0.00684	0.00803	0.00487	0.00499	0.00976	0.01327	0.05698	0.44314	0.25640	0.13070	0.01252	0.00633	0.00181	0.00278	0.01107	0.00549	0.00493
18	0.00687	0.00482	0.00616	0.00712	0.00773	0.00451	0.00497	0.00811	0.01070	0.01451	0.05920	0.59953	0.10110	0.01510	0.00648	0.00204	0.00308	0.06220	0.07135	0.00442
19	0.01284	0.31441	0.06219	0.18667	0.11934	0.01462	0.06396	0.01559	0.01143	0.06538	0.01229	0.01549	0.04287	0.00568	0.00475	0.00152	0.00614	0.03515	0.00286	0.00683
20	0.01231	0.01376	0.02840	0.02072	0.02507	0.01389	0.62236	0.01615	0.01166	0.01615	0.01000	0.01376	0.00782	0.00535	0.00831	0.00188	0.15699	0.00594	0.00261	0.00688
21	0.00636	0.00518	0.00564	0.00599	0.00738	0.00447	0.00437	0.00762	0.01157	0.01413	0.04666	0.24339	0.56994	0.01423	0.00640	0.00189	0.00284	0.03261	0.00491	0.00443
22	0.01433	0.01353	0.03388	0.01887	0.13985	0.01405	0.27192	0.22256	0.04763	0.02108	0.01182	0.04417	0.00958	0.00620	0.00714	0.00177	0.10478	0.00568	0.00354	0.00763
23	0.14602	0.01211	0.15400	0.00909	0.01296	0.00896	0.00850	0.07518	0.01200	0.05558	0.06502	0.08894	0.04270	0.07073	0.00652	0.00176	0.00473	0.00564	0.00374	0.21583
24	0.00806	0.00535	0.00713	0.00748	0.00845	0.00517	0.00545	0.00953	0.01104	0.06569	0.13363	0.37766	0.09853	0.04435	0.14815	0.00326	0.00519	0.04639	0.00472	0.00479
25	0.01517	0.01496	0.16100	0.05729	0.07592	0.08153	0.17025	0.01891	0.03189	0.21260	0.01346	0.01489	0.00969	0.00772	0.05768	0.00210	0.00733	0.00502	0.03513	0.00746
26	0.01349	0.04197	0.09845	0.15903	0.04749	0.01235	0.01116	0.28320	0.04857	0.02172	0.01530	0.12446	0.01385	0.00794	0.00552	0.00176	0.00571	0.06454	0.01635	0.00713
27	0.01398	0.01439	0.12004	0.05234	0.09096	0.03358	0.26917	0.07371	0.05376	0.11324	0.03652	0.04132	0.01108	0.00599	0.00622	0.00174	0.04520	0.00573	0.00357	0.00746

[dist]
# distance from previous block
# <min> <max>
5	13

[block]
# block no. 3 follows, 46 sequences, length 110
# corresponding to MSA columns:
# 727-836
name=unknown_D
#
# <colnr> <probs for GDERKNQSTAVLIFYWHMCP>
#	G	D	E	R	K	N	Q	S	T	A	V	L	I	F	Y	W	H	M	C	P
0	0.08688	0.01249	0.04043	0.18499	0.01923	0.07996	0.01024	0.18979	0.01534	0.22279	0.03682	0.01487	0.01046	0.01877	0.00585	0.00171	0.03284	0.00478	0.00436	0.00742
1	0.00991	0.00884	0.00875	0.00868	0.00995	0.10677	0.00639	0.04597	0.07772	0.01530	0.06908	0.27271	0.09560	0.11481	0.03940	0.00258	0.03149	0.06656	0.00436	0.00512
2	0.04061	0.01220	0.02067	0.10967	0.66177	0.01247	0.03354	0.01594	0.01180	0.01709	0.00982	0.01307	0.00814	0.00477	0.00520	0.00160	0.00635	0.00468	0.00261	0.00800
3	0.01162	0.03705	0.09034	0.01363	0.01716	0.04237	0.22088	0.05752	0.01246	0.04313	0.01621	0.04551	0.01532	0.03823	0.07994	0.00258	0.00733	0.19677	0.00358	0.04837
4	0.00760	0.00545	0.00740	0.00739	0.00798	0.00600	0.00525	0.00877	0.00831	0.01167	0.03081	0.02654	0.01631	0.34080	0.47858	0.00704	0.01040	0.00653	0.00304	0.00413
5	0.01157	0.01157	0.01619	0.01388	0.01388	0.01619	0.01157	0.01272	0.00810	0.01272	0.00694	0.01157	0.00694	0.00925	0.01735	0.00231	0.80453	0.00463	0.00231	0.00578
6	0.00669	0.00541	0.00597	0.00593	0.00754	0.00469	0.00451	0.00839	0.01282	0.01618	0.24277	0.04834	0.54798	0.01277	0.00630	0.00179	0.00274	0.04941	0.00515	0.00462
7	0.00660	0.00523	0.00594	0.00614	0.00750	0.00458	0.00451	0.00811	0.01225	0.01555	0.19287	0.20231	0.46251	0.01355	0.00638	0.00185	0.00278	0.03170	0.00509	0.00454
8	0.00877	0.00515	0.00591	0.00572	0.00695	0.00496	0.00429	0.01125	0.01286	0.02039	0.36534	0.02875	0.03016	0.00828	0.00486	0.00143	0.00248	0.00705	0.46046	0.00496
9	0.00736	0.00531	0.00675	0.00674	0.00774	0.00496	0.00491	0.00923	0.01295	0.01784	0.47211	0.13641	0.09929	0.12100	0.00918	0.00226	0.00311	0.06303	0.00521	0.00461
10	0.01096	0.00940	0.01096	0.00783	0.01253	0.00705	0.00626	0.01331	0.01096	0.01723	0.00940	0.01096	0.00783	0.00392	0.00392	0.00078	0.00392	0.00313	0.00313	0.84653
11	0.01802	0.01466	0.01455	0.01178	0.01531	0.12744	0.02975	0.43401	0.11624	0.06626	0.01432	0.04091	0.01111	0.03627	0.00606	0.00173	0.00598	0.00524	0.02239	0.00799
12	0.00892	0.00534	0.00603	0.00601	0.00722	0.00528	0.00445	0.01182	0.05017	0.01946	0.23284	0.12511	0.02659	0.00883	0.00488	0.00150	0.00263	0.00756	0.46032	0.00504
13	0.00727	0.00520	0.00701	0.00738	0.00791	0.00544	0.00517	0.00843	0.00921	0.01269	0.06348	0.25961	0.02361	0.22967	0.30439	0.00525	0.00772	0.02257	0.00375	0.00422
14	0.05238	0.01026	0.01232	0.00993	0.01320	0.01063	0.00802	0.20105	0.08493	0.35251	0.01697	0.01753	0.01222	0.06596	0.05067	0.00229	0.04540	0.00529	0.02050	0.00792
15	0.01278	0.00979	0.01193	0.01027	0.01239	0.01125	0.00823	0.29030	0.03856	0.02086	0.05524	0.01832	0.01334	0.04783	0.33023	0.00462	0.08811	0.00552	0.00395	0.00649
16	0.00777	0.00514	0.00582	0.00582	0.00590	0.00517	0.00334	0.00793	0.00785	0.01070	0.01660	0.03354	0.01879	0.75590	0.05155	0.00508	0.00532	0.00751	0.03695	0.00332
17	0.01196	0.05713	0.23783	0.01786	0.09330	0.01371	0.23431	0.04082	0.01160	0.01655	0.04038	0.01340	0.00912	0.00595	0.00791	0.00180	0.17160	0.00502	0.00266	0.00712
18	0.01305	0.05416	0.01617	0.01275	0.01514	0.06829	0.11749	0.01818	0.19014	0.07383	0.06842	0.03719	0.02857	0.00795	0.00873	0.00188	0.21813	0.03929	0.00390	0.00675
19	0.00660	0.00474	0.00628	0.00738	0.00783	0.00443	0.00507	0.00769	0.01054	0.01403	0.06745	0.70691	0.06059	0.01606	0.00673	0.00213	0.00312	0.05309	0.00495	0.00436
20	0.00644	0.00460	0.00613	0.00736	0.00767	0.00429	0.00491	0.00736	0.01012	0.01350	0.02914	0.81076	0.03497	0.01656	0.00675	0.00215	0.00307	0.01503	0.00491	0.00429
21	0.01060	0.02735	0.78682	0.01507	0.02288	0.01228	0.01953	0.01674	0.01116	0.01674	0.00949	0.01116	0.00670	0.00502	0.00502	0.00167	0.00781	0.00391	0.00223	0.00781
22	0.01212	0.01955	0.35308	0.01781	0.04887	0.01314	0.29216	0.05851	0.06648	0.01796	0.01088	0.01308	0.00805	0.00520	0.00602	0.00174	0.03993	0.00502	0.00280	0.00760
23	0.01414	0.02155	0.54132	0.01334	0.01988	0.01097	0.01588	0.03452	0.01252	0.21680	0.01318	0.01471	0.00926	0.00579	0.00519	0.00169	0.00680	0.03093	0.00351	0.00804
24	0.85155	0.01022	0.00777	0.00695	0.01022	0.01186	0.00573	0.01554	0.00900	0.02372	0.00736	0.00859	0.00573	0.00491	0.00327	0.00164	0.00409	0.00286	0.00327	0.00573
25	0.00644	0.00460	0.00613	0.00736	0.00767	0.00429	0.00491	0.00736	0.01012	0.01350	0.02914	0.81076	0.03497	0.01656	0.00675	0.00215	0.00307	0.01503	0.00491	0.00429
26	0.01036	0.00697	0.00990	0.00913	0.00994	0.00822	0.00708	0.01118	0.00876	0.08542	0.01250	0.01832	0.01140	0.06698	0.32869	0.17416	0.17881	0.00528	0.03209	0.00479
27	0.80550	0.05461	0.00887	0.00707	0.01041	0.01236	0.00591	0.01556	0.00909	0.02310	0.00736	0.00858	0.00578	0.00489	0.00328	0.00161	0.00418	0.00286	0.00322	0.00578
28	0.00721	0.00550	0.00649	0.00675	0.00788	0.00513	0.00481	0.03342	0.02642	0.01555	0.14851	0.33417	0.28756	0.05470	0.02894	0.00225	0.00337	0.01175	0.00492	0.00465
29	0.00748	0.00540	0.00707	0.00665	0.00790	0.00499	0.00499	0.00998	0.01496	0.02120	0.77844	0.03949	0.04988	0.01081	0.00624	0.00166	0.00249	0.00956	0.00582	0.00499
30	0.08521	0.07249	0.27575	0.01673	0.02254	0.01368	0.33020	0.08785	0.01281	0.01872	0.00997	0.01221	0.00740	0.00487	0.00530	0.00167	0.00762	0.00481	0.00280	0.00739
31	0.00655	0.00468	0.00625	0.00748	0.00783	0.00438	0.00509	0.00754	0.01022	0.01361	0.02908	0.77312	0.03474	0.01646	0.00678	0.00216	0.00316	0.05164	0.00491	0.00432
32	0.01052	0.01002	0.01418	0.01247	0.01272	0.01368	0.01027	0.01186	0.00820	0.01260	0.00883	0.01398	0.00858	0.01721	0.22049	0.00393	0.59760	0.00490	0.00245	0.00550
33	0.01325	0.01389	0.01577	0.33045	0.02364	0.18563	0.01243	0.06036	0.01162	0.01433	0.00855	0.01220	0.00708	0.00664	0.00899	0.00184	0.26023	0.00439	0.00260	0.00609
34	0.00765	0.00529	0.00659	0.00659	0.00687	0.00557	0.00423	0.00821	0.00793	0.01086	0.01591	0.03044	0.01742	0.58147	0.25718	0.00614	0.00784	0.00708	0.00309	0.00366
35	0.01776	0.01927	0.01922	0.01536	0.01903	0.36801	0.19405	0.21676	0.01674	0.01931	0.00994	0.01160	0.00769	0.00558	0.00572	0.00156	0.03738	0.00450	0.00338	0.00712
36	0.00912	0.00461	0.00684	0.00684	0.00684	0.00461	0.00454	0.00692	0.00692	0.00923	0.00948	0.01681	0.00959	0.05034	0.02091	0.81240	0.00461	0.00472	0.00233	0.00233
37	0.01413	0.81739	0.02770	0.00905	0.01357	0.02092	0.00905	0.01583	0.01074	0.01244	0.00735	0.00848	0.00678	0.00452	0.00339	0.00113	0.00565	0.00283	0.00226	0.00678
38	0.00769	0.00513	0.00577	0.00577	0.00577	0.00513	0.00320	0.00769	0.00769	0.01025	0.01666	0.03460	0.01922	0.81421	0.02691	0.00513	0.00513	0.00769	0.00320	0.00320
39	0.00629	0.00519	0.00553	0.00580	0.00726	0.00443	0.00421	0.00754	0.01162	0.01411	0.04817	0.21836	0.61508	0.01409	0.00636	0.00186	0.00276	0.01201	0.00491	0.00443
40	0.01035	0.00806	0.01153	0.01224	0.10800	0.02395	0.03827	0.01298	0.04832	0.06125	0.01590	0.12902	0.01502	0.03547	0.29786	0.00431	0.06747	0.00668	0.06993	0.02340
41	0.00672	0.00484	0.00602	0.00676	0.00724	0.00452	0.00447	0.00760	0.01014	0.01337	0.07084	0.52280	0.12296	0.17345	0.01064	0.00266	0.00339	0.01281	0.00462	0.00414
42	0.01413	0.81739	0.02770	0.00905	0.01357	0.02092	0.00905	0.01583	0.01074	0.01244	0.00735	0.00848	0.00678	0.00452	0.00339	0.00113	0.00565	0.00283	0.00226	0.00678
43	0.01196	0.06363	0.20638	0.09388	0.06550	0.01335	0.39463	0.01702	0.04990	0.01658	0.01059	0.01339	0.00797	0.00482	0.00560	0.00171	0.00791	0.00525	0.00265	0.00728
44	0.50902	0.03558	0.01121	0.00919	0.01262	0.14112	0.00746	0.16587	0.01332	0.03951	0.00884	0.00976	0.00674	0.00531	0.00397	0.00157	0.00538	0.00338	0.00362	0.00654
45	0.00693	0.00516	0.00646	0.00661	0.00768	0.00468	0.00477	0.00874	0.01297	0.01758	0.41579	0.26917	0.18800	0.01301	0.00639	0.00183	0.00270	0.01149	0.00537	0.00468
46	0.00664	0.00475	0.00636	0.00752	0.00793	0.00446	0.00519	0.00775	0.01048	0.01399	0.05915	0.72128	0.03521	0.01618	0.00677	0.00215	0.00318	0.07171	0.00494	0.00437
47	0.01856	0.01369	0.01471	0.01157	0.01540	0.01514	0.00944	0.65016	0.07079	0.03106	0.01431	0.05726	0.01102	0.00695	0.00532	0.00162	0.00545	0.00541	0.03357	0.00856
48	0.00683	0.00488	0.00658	0.00781	0.00829	0.00463	0.00559	0.00804	0.01051	0.01393	0.02892	0.66897	0.03411	0.01619	0.00685	0.00220	0.00341	0.15295	0.00490	0.00440
49	0.01060	0.02735	0.78682	0.01507	0.02288	0.01228	0.01953	0.01674	0.01116	0.01674	0.00949	0.01116	0.00670	0.00502	0.00502	0.00167	0.00781	0.00391	0.00223	0.00781
50	0.00658	0.00486	0.00612	0.00696	0.00767	0.00444	0.00484	0.00768	0.01084	0.01413	0.07914	0.56210	0.19458	0.01550	0.00688	0.01704	0.00304	0.03835	0.00492	0.00436
51	0.01096	0.00940	0.01096	0.00783	0.01253	0.00705	0.00626	0.01331	0.01096	0.01723	0.00940	0.01096	0.00783	0.00392	0.00392	0.00078	0.00392	0.00313	0.00313	0.84653
52	0.01867	0.04088	0.01693	0.01526	0.05926	0.66997	0.07154	0.02039	0.01452	0.01349	0.00846	0.01009	0.00699	0.00531	0.00488	0.00140	0.00922	0.00369	0.00270	0.00635
53	0.00736	0.00543	0.00692	0.00709	0.00810	0.00516	0.00511	0.00992	0.05468	0.01814	0.43271	0.32191	0.07184	0.01282	0.00638	0.00185	0.00280	0.01143	0.00542	0.00490
54	0.00764	0.00533	0.00679	0.00679	0.00714	0.00568	0.00447	0.00834	0.00799	0.01101	0.01572	0.02943	0.01698	0.52501	0.31304	0.00638	0.00850	0.00693	0.00306	0.00377
55	0.04392	0.02897	0.24775	0.08446	0.04338	0.01197	0.05404	0.16833	0.01496	0.21639	0.02642	0.01408	0.00967	0.00575	0.00519	0.00165	0.00626	0.00471	0.00409	0.00802
56	0.02886	0.27012	0.07921	0.00966	0.01327	0.01356	0.04974	0.04679	0.18330	0.01813	0.01367	0.01463	0.01077	0.00566	0.00428	0.00141	0.00483	0.00443	0.22084	0.00683
57	0.00854	0.00570	0.00727	0.00723	0.00849	0.00535	0.00528	0.01103	0.05294	0.07469	0.37314	0.30395	0.09114	0.01247	0.00630	0.00184	0.00294	0.01106	0.00547	0.00519
58	0.00763	0.00536	0.00697	0.00697	0.00739	0.00578	0.00471	0.00846	0.00804	0.01114	0.01555	0.02849	0.01657	0.47210	0.36540	0.00661	0.00912	0.00679	0.00304	0.00387
59	0.00697	0.00511	0.00657	0.00701	0.00793	0.00472	0.00510	0.00866	0.01238	0.01674	0.32109	0.36321	0.13285	0.01380	0.00653	0.00194	0.00293	0.06657	0.00526	0.00463
60	0.01139	0.01193	0.02111	0.40719	0.06063	0.05326	0.28009	0.01498	0.01148	0.01484	0.01057	0.04596	0.00856	0.00549	0.00585	0.00176	0.02035	0.00559	0.00260	0.00637
61	0.19551	0.01477	0.07927	0.06031	0.25617	0.14268	0.01179	0.05891	0.01219	0.01829	0.01021	0.05345	0.00880	0.00584	0.00522	0.00162	0.03556	0.00457	0.01793	0.00691
62	0.01573	0.59279	0.02410	0.01034	0.01436	0.23981	0.00938	0.01733	0.01194	0.01258	0.00758	0.00878	0.00679	0.00479	0.00378	0.00120	0.00675	0.00299	0.00239	0.00660
63	0.03711	0.01254	0.01356	0.03979	0.11146	0.06795	0.00964	0.11155	0.45746	0.02184	0.01711	0.01685	0.01297	0.00648	0.00518	0.00168	0.00504	0.00532	0.03848	0.00799
64	0.01857	0.01405	0.01500	0.01185	0.01581	0.01568	0.00968	0.60149	0.18946	0.03085	0.01464	0.01424	0.01057	0.00653	0.00531	0.00163	0.00546	0.00503	0.00531	0.00885
65	0.02938	0.00683	0.00842	0.00766	0.00994	0.00578	0.00570	0.01105	0.01110	0.05827	0.07665	0.37463	0.02415	0.01064	0.00554	0.00158	0.00350	0.03374	0.00438	0.31106
66	0.00643	0.00463	0.00610	0.00728	0.00765	0.00430	0.00487	0.00737	0.01020	0.01353	0.03012	0.78011	0.06498	0.01643	0.00673	0.00213	0.00305	0.01487	0.00491	0.00430
67	0.20007	0.01057	0.01116	0.00856	0.01276	0.01001	0.00694	0.13937	0.05303	0.04977	0.01055	0.01144	0.00818	0.00481	0.00413	0.00119	0.00430	0.00357	0.00376	0.44581
68	0.02019	0.01227	0.01407	0.01084	0.01487	0.01272	0.00892	0.46366	0.02076	0.26696	0.05819	0.01579	0.01253	0.00657	0.00530	0.00158	0.00515	0.00515	0.00563	0.03885
69	0.00675	0.00538	0.00608	0.00610	0.00763	0.00471	0.00463	0.00846	0.01276	0.01625	0.25044	0.08639	0.49134	0.01292	0.00634	0.00181	0.00279	0.05944	0.00516	0.00463
70	0.02338	0.00954	0.01260	0.00966	0.01376	0.00857	0.00798	0.09437	0.01604	0.71501	0.02010	0.01750	0.01271	0.00652	0.00531	0.00163	0.00462	0.00526	0.00643	0.00900
71	0.01324	0.01437	0.02669	0.05143	0.02489	0.05667	0.54588	0.06999	0.02766	0.01741	0.01047	0.01371	0.00803	0.00522	0.00717	0.00180	0.08969	0.00575	0.00287	0.00704
72	0.02010	0.01481	0.01587	0.01216	0.01639	0.01639	0.01005	0.76360	0.02486	0.03332	0.01269	0.01269	0.00899	0.00635	0.00529	0.00159	0.00582	0.00476	0.00529	0.00899
73	0.00650	0.00474	0.00609	0.00707	0.00759	0.00437	0.00478	0.00753	0.01055	0.01394	0.07256	0.67154	0.11629	0.03081	0.00704	0.00214	0.00303	0.01417	0.00493	0.00433
74	0.01015	0.00957	0.01616	0.75921	0.07737	0.01179	0.01477	0.01366	0.01065	0.01371	0.00943	0.01404	0.00712	0.00525	0.00528	0.00175	0.00701	0.00470	0.00236	0.00601
75	0.00668	0.00513	0.00611	0.00638	0.00753	0.00457	0.00459	0.00823	0.01230	0.01609	0.26164	0.28908	0.32536	0.01363	0.00640	0.00186	0.00275	0.01191	0.00518	0.00457
76	0.00695	0.00481	0.00598	0.00671	0.00689	0.00463	0.00421	0.00749	0.00913	0.01217	0.02406	0.49471	0.02855	0.34136	0.01496	0.00336	0.00391	0.01204	0.00421	0.00385
77	0.01576	0.01956	0.04107	0.01816	0.02236	0.36986	0.40123	0.01884	0.01359	0.01510	0.00951	0.01203	0.00744	0.00492	0.00554	0.00159	0.00917	0.00489	0.00269	0.00669
78	0.00864	0.00581	0.00753	0.00813	0.00951	0.00544	0.00659	0.01048	0.01200	0.07092	0.04785	0.20566	0.20957	0.01405	0.00677	0.00215	0.00391	0.35503	0.00503	0.00496
79	0.00704	0.00531	0.00650	0.00636	0.00767	0.00478	0.00471	0.00906	0.01369	0.01854	0.50538	0.11820	0.24925	0.01208	0.00629	0.00174	0.00260	0.01054	0.00548	0.00478
80	0.01025	0.00628	0.00759	0.00748	0.00868	0.00685	0.00609	0.01271	0.02239	0.04332	0.01879	0.02852	0.01692	0.00867	0.00639	0.00169	0.10439	0.18844	0.48936	0.00521
81	0.76335	0.01042	0.00894	0.00870	0.05281	0.01212	0.00660	0.01544	0.00912	0.02281	0.00748	0.00898	0.00593	0.00511	0.00408	0.00167	0.04432	0.00305	0.00319	0.00587
82	0.01175	0.01192	0.03218	0.32998	0.29180	0.02916	0.13027	0.01518	0.01146	0.01556	0.00972	0.01342	0.00769	0.00496	0.00555	0.00165	0.02118	0.00482	0.00254	0.04925
83	0.01180	0.00937	0.01105	0.00793	0.01259	0.00709	0.00636	0.01413	0.01124	0.06790	0.01015	0.01143	0.00818	0.00409	0.00401	0.00084	0.00395	0.00328	0.00336	0.79124
84	0.01509	0.08487	0.12367	0.01357	0.07015	0.10366	0.01146	0.10789	0.04596	0.10481	0.01120	0.01328	0.00887	0.00649	0.00764	0.00167	0.18222	0.01949	0.00345	0.06458
85	0.00679	0.00498	0.00634	0.00694	0.00771	0.00458	0.00488	0.00820	0.01163	0.01558	0.22681	0.45963	0.13762	0.03935	0.00719	0.00207	0.00299	0.03713	0.00509	0.00448
86	0.00753	0.00598	0.00686	0.00669	0.00828	0.00563	0.00503	0.01078	0.09523	0.01773	0.32303	0.10224	0.34390	0.01201	0.00621	0.00178	0.00285	0.02784	0.00530	0.00508
87	0.00707	0.00501	0.00626	0.00691	0.00738	0.00477	0.00467	0.00800	0.01006	0.01333	0.08032	0.39844	0.08253	0.25692	0.01282	0.00301	0.00379	0.08017	0.00445	0.00408
88	0.01690	0.01322	0.01407	0.01152	0.01518	0.01490	0.00928	0.42554	0.36812	0.02817	0.01675	0.01592	0.01228	0.00673	0.00533	0.00168	0.00507	0.00532	0.00533	0.00870
89	0.00753	0.00513	0.00651	0.00680	0.00722	0.00531	0.00454	0.00843	0.00873	0.01226	0.01894	0.21037	0.02085	0.36111	0.22441	0.00503	0.00685	0.00865	0.06733	0.00399
90	0.85155	0.01022	0.00777	0.00695	0.01022	0.01186	0.00573	0.01554	0.00900	0.02372	0.00736	0.00859	0.00573	0.00491	0.00327	0.00164	0.00409	0.00286	0.00327	0.00573
91	0.01293	0.04957	0.44699	0.02596	0.05800	0.12264	0.01562	0.08439	0.01289	0.01744	0.04037	0.01229	0.00877	0.00571	0.00590	0.00165	0.06454	0.00421	0.00275	0.00739
92	0.01541	0.01801	0.01540	0.05509	0.01617	0.39743	0.01095	0.01681	0.01162	0.01286	0.00785	0.01092	0.00703	0.00790	0.02907	0.00196	0.35301	0.00405	0.00253	0.00593
93	0.02115	0.01312	0.01482	0.01136	0.01555	0.01389	0.00939	0.54962	0.02204	0.25129	0.01506	0.01423	0.01018	0.00640	0.00530	0.00160	0.00543	0.00492	0.00565	0.00899
94	0.03304	0.08504	0.33196	0.01244	0.01804	0.01206	0.04326	0.09301	0.04522	0.24227	0.01354	0.01384	0.00940	0.01705	0.00534	0.00167	0.00625	0.00452	0.00398	0.00808
95	0.01444	0.01600	0.02284	0.02440	0.34873	0.19372	0.25100	0.01784	0.02909	0.01626	0.01002	0.01278	0.00807	0.00485	0.00545	0.00159	0.00782	0.00492	0.00272	0.00746
96	0.00658	0.00505	0.00603	0.00645	0.00751	0.00450	0.00458	0.00798	0.01184	0.01536	0.19073	0.36464	0.32136	0.01418	0.00645	0.00191	0.00280	0.01244	0.00509	0.00450
97	0.00776	0.00522	0.00678	0.00719	0.00812	0.00482	0.00516	0.00929	0.01197	0.05449	0.24892	0.41782	0.09394	0.04052	0.00719	0.00207	0.00312	0.05569	0.00520	0.00474
98	0.03652	0.02945	0.07903	0.02020	0.16255	0.04545	0.30634	0.10689	0.01315	0.01831	0.00992	0.01279	0.00782	0.00551	0.00725	0.00175	0.12169	0.00511	0.00291	0.00736
99	0.00827	0.00592	0.00822	0.00941	0.01055	0.00587	0.00807	0.01053	0.01197	0.01556	0.02864	0.13334	0.04655	0.01477	0.00723	0.00239	0.00464	0.65839	0.00487	0.00480
100	0.00734	0.00522	0.00682	0.00727	0.00823	0.00485	0.00538	0.00909	0.01242	0.02809	0.30784	0.34951	0.10357	0.01376	0.00657	0.00197	0.00308	0.10903	0.00526	0.00471
101	0.01390	0.05448	0.02396	0.03606	0.12305	0.10209	0.38257	0.04016	0.01275	0.05856	0.01139	0.04549	0.00930	0.00618	0.02187	0.00183	0.04058	0.00569	0.00302	0.00708
102	0.01452	0.01032	0.01434	0.35202	0.08545	0.04219	0.01145	0.03399	0.10424	0.21185	0.01617	0.01741	0.05047	0.00624	0.00533	0.00170	0.00584	0.00530	0.00402	0.00717
103	0.00718	0.00535	0.00682	0.00775	0.00863	0.00510	0.00580	0.00908	0.03934	0.01453	0.03268	0.46431	0.15839	0.01519	0.00675	0.00215	0.00350	0.19793	0.00492	0.00462
104	0.40131	0.04488	0.33943	0.01091	0.01619	0.02929	0.01204	0.05938	0.01102	0.02071	0.00859	0.00993	0.00638	0.00504	0.00417	0.00163	0.00594	0.00343	0.00290	0.00684
105	0.01539	0.01249	0.01635	0.05744	0.26195	0.04361	0.02331	0.17428	0.12362	0.09351	0.01305	0.01407	0.00986	0.00553	0.00511	0.00152	0.00563	0.00473	0.00400	0.11455
106	0.06188	0.00920	0.00933	0.00891	0.02454	0.08532	0.00648	0.11559	0.01328	0.03024	0.11590	0.26010	0.05408	0.08714	0.00773	0.00206	0.00446	0.03163	0.00445	0.06770
107	0.04508	0.02663	0.01534	0.10568	0.24953	0.01003	0.02431	0.03007	0.01143	0.01720	0.00964	0.01214	0.00795	0.00524	0.02257	0.00139	0.00540	0.00392	0.00290	0.39354
108	0.01326	0.04036	0.13967	0.17378	0.28012	0.10937	0.05500	0.01661	0.01191	0.04745	0.00982	0.01256	0.00772	0.00519	0.00564	0.00162	0.04040	0.00444	0.00267	0.02242
109	0.02841	0.05769	0.02830	0.12338	0.05726	0.01144	0.00937	0.18606	0.06996	0.06095	0.07215	0.01499	0.01209	0.00570	0.00483	0.00139	0.00503	0.00463	0.00397	0.24241

[dist]
# distance from previous block
# <min> <max>
1	20

[block]
# block no. 4 follows, 46 sequences, length 46
# corresponding to MSA columns:
# 857-902
name=unknown_E
#
# <colnr> <probs for GDERKNQSTAVLIFYWHMCP>
#	G	D	E	R	K	N	Q	S	T	A	V	L	I	F	Y	W	H	M	C	P
0	0.01508	0.15438	0.05859	0.07109	0.15334	0.24395	0.04308	0.06931	0.05130	0.01612	0.01016	0.03096	0.00850	0.00543	0.00480	0.00145	0.00705	0.00427	0.00296	0.04820
1	0.01279	0.10364	0.19762	0.01053	0.01511	0.04263	0.01026	0.11417	0.07722	0.03244	0.03360	0.01483	0.01064	0.08162	0.00672	0.00170	0.00561	0.00440	0.00343	0.22104
2	0.01367	0.04353	0.04166	0.00915	0.01369	0.03919	0.00769	0.10221	0.05085	0.08495	0.01124	0.01206	0.00871	0.00471	0.00432	0.00107	0.00463	0.00368	0.00370	0.53930
3	0.01334	0.48925	0.23916	0.07208	0.01795	0.01707	0.01236	0.01644	0.01108	0.05550	0.00884	0.01018	0.00712	0.00483	0.00410	0.00136	0.00631	0.00341	0.00249	0.00712
4	0.00764	0.00530	0.00663	0.00663	0.00693	0.00559	0.00428	0.00824	0.00794	0.01089	0.01587	0.03022	0.01732	0.56911	0.26941	0.00619	0.00798	0.00705	0.00309	0.00368
5	0.29069	0.01226	0.01185	0.00980	0.01326	0.08557	0.00795	0.15410	0.07311	0.23758	0.01326	0.01304	0.00934	0.00604	0.00511	0.00164	0.03905	0.00426	0.00462	0.00748
6	0.15600	0.00952	0.01140	0.00912	0.01287	0.00922	0.00746	0.04385	0.10385	0.52993	0.01843	0.01658	0.01216	0.00634	0.00495	0.00164	0.00437	0.00497	0.02906	0.00828
7	0.00809	0.00540	0.00715	0.00770	0.00860	0.00520	0.00604	0.00878	0.01036	0.01325	0.02774	0.07283	0.18699	0.05322	0.01176	0.24143	0.00426	0.31320	0.00407	0.00395
8	0.00640	0.00475	0.00598	0.00697	0.00757	0.00433	0.00474	0.00740	0.01049	0.01365	0.03384	0.66440	0.17828	0.01595	0.00665	0.00208	0.00299	0.01428	0.00491	0.00433
9	0.00667	0.00542	0.00594	0.00595	0.00759	0.00469	0.00456	0.00832	0.01263	0.01577	0.19465	0.04931	0.57723	0.01297	0.00633	0.00181	0.00281	0.06768	0.00509	0.00460
10	0.00698	0.00546	0.00643	0.00683	0.00825	0.00491	0.00536	0.00867	0.01216	0.01531	0.12022	0.13919	0.42708	0.01379	0.00657	0.00198	0.00326	0.19795	0.00499	0.00460
11	0.01413	0.81739	0.02770	0.00905	0.01357	0.02092	0.00905	0.01583	0.01074	0.01244	0.00735	0.00848	0.00678	0.00452	0.00339	0.00113	0.00565	0.00283	0.00226	0.00678
12	0.00998	0.00940	0.01586	0.80150	0.03641	0.01175	0.01468	0.01351	0.01057	0.01351	0.00940	0.01409	0.00705	0.00529	0.00529	0.00176	0.00705	0.00470	0.00235	0.00587
13	0.01492	0.70876	0.02601	0.00959	0.01395	0.08597	0.00920	0.05507	0.01183	0.01356	0.00770	0.00879	0.00690	0.00470	0.00361	0.00117	0.00599	0.00298	0.00246	0.00684
14	0.01251	0.01136	0.01922	0.28565	0.50239	0.01209	0.01535	0.01573	0.01168	0.04868	0.01023	0.01363	0.00814	0.00498	0.00525	0.00164	0.00646	0.00473	0.00270	0.00757
15	0.01413	0.81739	0.02770	0.00905	0.01357	0.02092	0.00905	0.01583	0.01074	0.01244	0.00735	0.00848	0.00678	0.00452	0.00339	0.00113	0.00565	0.00283	0.00226	0.00678
16	0.00750	0.00557	0.00818	0.00825	0.00909	0.00639	0.00628	0.00921	0.00852	0.01220	0.01511	0.06271	0.01476	0.09220	0.69928	0.00793	0.01296	0.00629	0.00297	0.00459
17	0.01506	0.00916	0.01127	0.00836	0.01271	0.00733	0.00675	0.01756	0.02746	0.26854	0.04039	0.01444	0.01119	0.00508	0.00448	0.00111	0.00406	0.00413	0.00439	0.52652
18	0.02194	0.01185	0.01403	0.01076	0.01492	0.01200	0.00889	0.38760	0.01990	0.41632	0.01685	0.01539	0.01108	0.00645	0.00530	0.00161	0.00515	0.00504	0.00593	0.00899
19	0.01414	0.00933	0.01007	0.00823	0.01115	0.00957	0.00658	0.26062	0.05746	0.05615	0.01502	0.01609	0.01136	0.00597	0.00441	0.00133	0.00395	0.00469	0.36742	0.12646
20	0.00644	0.00460	0.00613	0.00736	0.00767	0.00429	0.00491	0.00736	0.01012	0.01350	0.02914	0.81076	0.03497	0.01656	0.00675	0.00215	0.00307	0.01503	0.00491	0.00429
21	0.00644	0.00460	0.00613	0.00736	0.00767	0.00429	0.00491	0.00736	0.01012	0.01350	0.02914	0.81076	0.03497	0.01656	0.00675	0.00215	0.00307	0.01503	0.00491	0.00429
22	0.01315	0.01136	0.01195	0.01076	0.01375	0.01315	0.00837	0.02809	0.77168	0.02211	0.02152	0.01972	0.01614	0.00717	0.00538	0.00179	0.00418	0.00598	0.00538	0.00837
23	0.01146	0.00969	0.01123	0.00806	0.01274	0.00755	0.00647	0.05389	0.01171	0.01810	0.00957	0.01106	0.00789	0.00405	0.00399	0.00083	0.00402	0.00322	0.00325	0.80123
24	0.01608	0.00782	0.01019	0.00837	0.01118	0.00718	0.00669	0.07571	0.01581	0.38070	0.36349	0.02732	0.02944	0.00846	0.00573	0.00164	0.00369	0.00720	0.00612	0.00718
25	0.00798	0.00660	0.00715	0.00679	0.00869	0.00638	0.00516	0.01241	0.16918	0.01764	0.22973	0.04159	0.43815	0.01146	0.00607	0.00176	0.00294	0.00969	0.00524	0.00540
26	0.00755	0.00566	0.00850	0.00850	0.00944	0.00661	0.00661	0.00944	0.00850	0.01227	0.01416	0.02077	0.01322	0.03965	0.79326	0.00850	0.01416	0.00566	0.00283	0.00472
27	0.01995	0.01059	0.01244	0.00973	0.01339	0.01067	0.00797	0.31319	0.01826	0.36024	0.01704	0.01620	0.01156	0.00640	0.00503	0.00155	0.00467	0.00503	0.14777	0.00831
28	0.82000	0.01018	0.00794	0.00705	0.01035	0.01170	0.00580	0.01593	0.00923	0.05273	0.00788	0.00895	0.00601	0.00497	0.00335	0.00164	0.00411	0.00296	0.00340	0.00585
29	0.00644	0.00460	0.00613	0.00736	0.00767	0.00429	0.00491	0.00736	0.01012	0.01350	0.02914	0.81076	0.03497	0.01656	0.00675	0.00215	0.00307	0.01503	0.00491	0.00429
30	0.00673	0.00480	0.00646	0.00769	0.00812	0.00454	0.00540	0.00785	0.01040	0.01381	0.02898	0.70792	0.03434	0.01629	0.00682	0.00219	0.00331	0.11506	0.00490	0.00437
31	0.00770	0.00509	0.00683	0.00766	0.00838	0.00476	0.00548	0.00903	0.01117	0.05466	0.11378	0.59518	0.03500	0.01516	0.00668	0.00210	0.00328	0.09828	0.00509	0.00468
32	0.01060	0.02735	0.78682	0.01507	0.02288	0.01228	0.01953	0.01674	0.01116	0.01674	0.00949	0.01116	0.00670	0.00502	0.00502	0.00167	0.00781	0.00391	0.00223	0.00781
33	0.00692	0.00528	0.00635	0.00630	0.00761	0.00471	0.00464	0.00880	0.01330	0.01777	0.42716	0.14899	0.29801	0.01248	0.00631	0.00177	0.00264	0.01086	0.00538	0.00471
