[name]
unknown

[dist]
# distance from previous block
# <min> <max>
0	228

[block]
# block no. 0 follows, 46 sequences, length 15
# corresponding to MSA columns:
# 260-274
name=unknown_A
#
# <colnr> <probs for GDERKNQSTAVLIFYWHMCP>
#	G	D	E	R	K	N	Q	S	T	A	V	L	I	F	Y	W	H	M	C	P
0	0.00852	0.00608	0.00852	0.00974	0.01095	0.00608	0.00852	0.01095	0.01217	0.01582	0.02799	0.05963	0.03042	0.01460	0.00730	0.00243	0.00487	0.74565	0.00487	0.00487
1	0.02372	0.00900	0.01227	0.00941	0.01350	0.00777	0.00777	0.02576	0.01513	0.78489	0.02086	0.01799	0.01309	0.00654	0.00532	0.00164	0.00450	0.00532	0.00654	0.00900
2	0.01060	0.02735	0.78682	0.01507	0.02288	0.01228	0.01953	0.01674	0.01116	0.01674	0.00949	0.01116	0.00670	0.00502	0.00502	0.00167	0.00781	0.00391	0.00223	0.00781
3	0.00644	0.00460	0.00613	0.00736	0.00767	0.00429	0.00491	0.00736	0.01012	0.01350	0.02914	0.81076	0.03497	0.01656	0.00675	0.00215	0.00307	0.01503	0.00491	0.00429
4	0.00852	0.00608	0.00852	0.00974	0.01095	0.00608	0.00852	0.01095	0.01217	0.01582	0.02799	0.05963	0.03042	0.01460	0.00730	0.00243	0.00487	0.74565	0.00487	0.00487
5	0.01200	0.01284	0.02328	0.01785	0.02038	0.01486	0.36636	0.01471	0.01017	0.01471	0.00872	0.01284	0.00745	0.00699	0.01210	0.00206	0.42839	0.00539	0.00248	0.00642
6	0.01248	0.01426	0.03119	0.02228	0.02763	0.01337	0.76203	0.01693	0.01248	0.01693	0.01070	0.01426	0.00802	0.00446	0.00624	0.00178	0.00891	0.00624	0.00267	0.00713
7	0.00852	0.00608	0.00852	0.00974	0.01095	0.00608	0.00852	0.01095	0.01217	0.01582	0.02799	0.05963	0.03042	0.01460	0.00730	0.00243	0.00487	0.74565	0.00487	0.00487
8	0.00998	0.00940	0.01586	0.80150	0.03641	0.01175	0.01468	0.01351	0.01057	0.01351	0.00940	0.01409	0.00705	0.00529	0.00529	0.00176	0.00705	0.00470	0.00235	0.00587
9	0.01442	0.77650	0.02705	0.00928	0.01371	0.06077	0.00911	0.01610	0.01096	0.01246	0.00739	0.00853	0.00679	0.00457	0.00346	0.00114	0.00585	0.00286	0.00229	0.00675
10	0.01096	0.00940	0.01096	0.00783	0.01253	0.00705	0.00626	0.01331	0.01096	0.01723	0.00940	0.01096	0.00783	0.00392	0.00392	0.00078	0.00392	0.00313	0.00313	0.84653
11	0.02372	0.00900	0.01227	0.00941	0.01350	0.00777	0.00777	0.02576	0.01513	0.78489	0.02086	0.01799	0.01309	0.00654	0.00532	0.00164	0.00450	0.00532	0.00654	0.00900
12	0.01275	0.01178	0.01493	0.01283	0.01405	0.01532	0.01051	0.08081	0.23172	0.01720	0.01167	0.01404	0.00979	0.00840	0.01284	0.00210	0.50396	0.00503	0.00346	0.00681
13	0.01064	0.00910	0.00958	0.00881	0.01131	0.00992	0.00680	0.02054	0.48646	0.01962	0.08007	0.03070	0.25600	0.00934	0.00570	0.00178	0.00361	0.00782	0.00526	0.00693
14	0.32397	0.00671	0.00675	0.00721	0.00863	0.00714	0.00521	0.01043	0.00970	0.01734	0.02096	0.50936	0.02398	0.01218	0.00544	0.00195	0.00345	0.01046	0.00429	0.00483

[dist]
# distance from previous block
# <min> <max>
0	1

[block]
# block no. 1 follows, 46 sequences, length 14
# corresponding to MSA columns:
# 276-289
name=unknown_B
#
# <colnr> <probs for GDERKNQSTAVLIFYWHMCP>
#	G	D	E	R	K	N	Q	S	T	A	V	L	I	F	Y	W	H	M	C	P
0	0.85155	0.01022	0.00777	0.00695	0.01022	0.01186	0.00573	0.01554	0.00900	0.02372	0.00736	0.00859	0.00573	0.00491	0.00327	0.00164	0.00409	0.00286	0.00327	0.00573
1	0.85155	0.01022	0.00777	0.00695	0.01022	0.01186	0.00573	0.01554	0.00900	0.02372	0.00736	0.00859	0.00573	0.00491	0.00327	0.00164	0.00409	0.00286	0.00327	0.00573
2	0.02010	0.01481	0.01587	0.01216	0.01639	0.01639	0.01005	0.76360	0.02486	0.03332	0.01269	0.01269	0.00899	0.00635	0.00529	0.00159	0.00582	0.00476	0.00529	0.00899
3	0.00754	0.00544	0.00715	0.00682	0.00807	0.00505	0.00518	0.01003	0.01481	0.02090	0.73679	0.04061	0.04880	0.01102	0.00629	0.00171	0.00263	0.05041	0.00577	0.00498
4	0.85155	0.01022	0.00777	0.00695	0.01022	0.01186	0.00573	0.01554	0.00900	0.02372	0.00736	0.00859	0.00573	0.00491	0.00327	0.00164	0.00409	0.00286	0.00327	0.00573
5	0.02008	0.01537	0.01582	0.01224	0.01639	0.05807	0.01006	0.72376	0.02433	0.03222	0.01245	0.01252	0.00887	0.00630	0.00526	0.00157	0.00602	0.00469	0.00515	0.00884
6	0.00625	0.00536	0.00536	0.00536	0.00714	0.00446	0.00402	0.00759	0.01205	0.01428	0.05355	0.05088	0.77909	0.01339	0.00625	0.00179	0.00268	0.01116	0.00491	0.00446
7	0.01096	0.00940	0.01096	0.00783	0.01253	0.00705	0.00626	0.01331	0.01096	0.01723	0.00940	0.01096	0.00783	0.00392	0.00392	0.00078	0.00392	0.00313	0.00313	0.84653
8	0.01248	0.01426	0.03119	0.02228	0.02763	0.01337	0.76203	0.01693	0.01248	0.01693	0.01070	0.01426	0.00802	0.00446	0.00624	0.00178	0.00891	0.00624	0.00267	0.00713
9	0.01554	0.01254	0.01330	0.01124	0.01466	0.01426	0.00895	0.28079	0.51510	0.02596	0.01849	0.01731	0.01368	0.00689	0.00535	0.00172	0.00475	0.00556	0.00535	0.00858
10	0.00652	0.00492	0.00582	0.00649	0.00727	0.00445	0.00441	0.00748	0.01050	0.01339	0.03609	0.46060	0.28881	0.10702	0.00889	0.00236	0.00317	0.01286	0.00471	0.00423
11	0.00696	0.00538	0.00634	0.00610	0.00757	0.00476	0.00457	0.00896	0.01372	0.01825	0.46891	0.04435	0.36125	0.01191	0.00624	0.00171	0.00257	0.01024	0.00543	0.00476
12	0.29958	0.01140	0.01200	0.00953	0.01340	0.01210	0.00787	0.27584	0.01642	0.27188	0.01353	0.01302	0.00922	0.00593	0.00462	0.00162	0.00481	0.00430	0.00502	0.00790
13	0.34545	0.01519	0.01237	0.01036	0.01386	0.19248	0.00831	0.27419	0.01604	0.05176	0.00986	0.01055	0.00736	0.00558	0.00438	0.00156	0.00595	0.00373	0.00396	0.00706

[dist]
# distance from previous block
# <min> <max>
10	20

[block]
# block no. 2 follows, 46 sequences, length 18
# corresponding to MSA columns:
# 310-327
name=unknown_C
#
# <colnr> <probs for GDERKNQSTAVLIFYWHMCP>
#	G	D	E	R	K	N	Q	S	T	A	V	L	I	F	Y	W	H	M	C	P
0	0.85155	0.01022	0.00777	0.00695	0.01022	0.01186	0.00573	0.01554	0.00900	0.02372	0.00736	0.00859	0.00573	0.00491	0.00327	0.00164	0.00409	0.00286	0.00327	0.00573
1	0.00637	0.00529	0.00557	0.00566	0.00725	0.00449	0.00418	0.00776	0.01210	0.01478	0.11104	0.12355	0.64680	0.01348	0.00630	0.00181	0.00270	0.01140	0.00498	0.00449
2	0.01157	0.01157	0.01619	0.01388	0.01388	0.01619	0.01157	0.01272	0.00810	0.01272	0.00694	0.01157	0.00694	0.00925	0.01735	0.00231	0.80453	0.00463	0.00231	0.00578
3	0.01994	0.01124	0.01316	0.01042	0.01427	0.01151	0.00850	0.27673	0.15014	0.36485	0.01951	0.01782	0.04320	0.00686	0.00536	0.00165	0.00482	0.00548	0.00585	0.00870
4	0.01315	0.01136	0.01195	0.01076	0.01375	0.01315	0.00837	0.02809	0.77168	0.02211	0.02152	0.01972	0.01614	0.00717	0.00538	0.00179	0.00418	0.00598	0.00538	0.00837
5	0.01096	0.00940	0.01096	0.00783	0.01253	0.00705	0.00626	0.01331	0.01096	0.01723	0.00940	0.01096	0.00783	0.00392	0.00392	0.00078	0.00392	0.00313	0.00313	0.84653
6	0.02372	0.00900	0.01227	0.00941	0.01350	0.00777	0.00777	0.02576	0.01513	0.78489	0.02086	0.01799	0.01309	0.00654	0.00532	0.00164	0.00450	0.00532	0.00654	0.00900
7	0.01581	0.01314	0.01342	0.01136	0.01476	0.04876	0.00902	0.27829	0.48385	0.02552	0.01792	0.01688	0.01329	0.00681	0.00532	0.00170	0.00498	0.00545	0.00523	0.00848
8	0.01975	0.02520	0.01498	0.01362	0.01634	0.79299	0.01021	0.02111	0.01498	0.01294	0.00817	0.00953	0.00681	0.00545	0.00477	0.00136	0.00953	0.00340	0.00272	0.00613
9	0.00644	0.00460	0.00613	0.00736	0.00767	0.00429	0.00491	0.00736	0.01012	0.01350	0.02914	0.81076	0.03497	0.01656	0.00675	0.00215	0.00307	0.01503	0.00491	0.00429
10	0.01308	0.01256	0.02146	0.03245	0.78123	0.01256	0.01622	0.01622	0.01204	0.01727	0.00994	0.01308	0.00837	0.00471	0.00523	0.00157	0.00628	0.00471	0.00262	0.00837
11	0.00732	0.00523	0.00714	0.00829	0.00901	0.00505	0.00637	0.00892	0.01114	0.01474	0.05815	0.47632	0.03371	0.01554	0.00695	0.00224	0.00377	0.31061	0.00493	0.00455
12	0.01998	0.01397	0.01523	0.01178	0.01591	0.01529	0.00970	0.63709	0.07603	0.10908	0.01414	0.01372	0.00991	0.00642	0.00530	0.00161	0.00557	0.00490	0.00542	0.00895
13	0.01060	0.02735	0.78682	0.01507	0.02288	0.01228	0.01953	0.01674	0.01116	0.01674	0.00949	0.01116	0.00670	0.00502	0.00502	0.00167	0.00781	0.00391	0.00223	0.00781
14	0.01989	0.01079	0.01871	0.01379	0.01831	0.00968	0.26466	0.02276	0.01423	0.52334	0.01740	0.01672	0.01136	0.00583	0.00563	0.00169	0.00600	0.00563	0.00523	0.00836
15	0.00787	0.00563	0.00774	0.00876	0.00975	0.00550	0.00718	0.00993	0.01199	0.01589	0.11951	0.24618	0.03393	0.01464	0.00703	0.00227	0.00413	0.47233	0.00499	0.00474
16	0.00998	0.00940	0.01586	0.80150	0.03641	0.01175	0.01468	0.01351	0.01057	0.01351	0.00940	0.01409	0.00705	0.00529	0.00529	0.00176	0.00705	0.00470	0.00235	0.00587
17	0.01586	0.01700	0.01636	0.01373	0.01626	0.31705	0.09418	0.14997	0.01431	0.01689	0.00979	0.01245	0.00818	0.01059	0.10792	0.00254	0.16282	0.00449	0.00311	0.00651

[dist]
# distance from previous block
# <min> <max>
0	1

[block]
# block no. 3 follows, 46 sequences, length 10
# corresponding to MSA columns:
# 329-338
name=unknown_D
#
# <colnr> <probs for GDERKNQSTAVLIFYWHMCP>
#	G	D	E	R	K	N	Q	S	T	A	V	L	I	F	Y	W	H	M	C	P
0	0.02307	0.00914	0.01225	0.00949	0.01351	0.00810	0.00781	0.02591	0.06186	0.73778	0.02090	0.01810	0.01327	0.00658	0.00532	0.00165	0.00448	0.00536	0.00647	0.00896
1	0.01243	0.01392	0.02914	0.02110	0.02591	0.01358	0.66840	0.01710	0.04601	0.01683	0.01088	0.01429	0.00830	0.00496	0.00709	0.00183	0.07231	0.00610	0.00277	0.00708
2	0.01157	0.01157	0.01619	0.01388	0.01388	0.01619	0.01157	0.01272	0.00810	0.01272	0.00694	0.01157	0.00694	0.00925	0.01735	0.00231	0.80453	0.00463	0.00231	0.00578
3	0.01391	0.76773	0.07542	0.00942	0.01415	0.02037	0.00970	0.01589	0.01077	0.01271	0.00748	0.00865	0.00678	0.00455	0.00349	0.00116	0.00579	0.00289	0.00226	0.00685
4	0.06574	0.01147	0.01321	0.01039	0.01435	0.01179	0.00850	0.28602	0.12633	0.34472	0.01697	0.01564	0.01151	0.00639	0.00516	0.00161	0.00488	0.00501	0.00565	0.03464
5	0.02008	0.01544	0.01581	0.01225	0.01639	0.06373	0.01006	0.71835	0.02425	0.03208	0.01242	0.01250	0.00886	0.00629	0.00526	0.00157	0.00604	0.00468	0.00513	0.00882
6	0.01096	0.00940	0.01096	0.00783	0.01253	0.00705	0.00626	0.01331	0.01096	0.01723	0.00940	0.01096	0.00783	0.00392	0.00392	0.00078	0.00392	0.00313	0.00313	0.84653
7	0.01605	0.01826	0.01309	0.01163	0.01462	0.43414	0.00885	0.02126	0.22174	0.01608	0.01458	0.01487	0.05359	0.00618	0.00491	0.00143	0.00696	0.00452	0.00363	0.11364
8	0.00915	0.00770	0.00984	0.00852	0.01110	0.00689	0.04891	0.01267	0.10805	0.01664	0.07849	0.26563	0.10725	0.00984	0.00554	0.00157	0.00373	0.00872	0.00434	0.27543
9	0.01375	0.00900	0.01112	0.00931	0.01187	0.08049	0.06675	0.01599	0.01436	0.24752	0.32728	0.06563	0.08649	0.00899	0.00585	0.00167	0.00431	0.00783	0.00538	0.00639

[dist]
# distance from previous block
# <min> <max>
0	34

[block]
# block no. 4 follows, 46 sequences, length 21
# corresponding to MSA columns:
# 373-393
name=unknown_E
#
# <colnr> <probs for GDERKNQSTAVLIFYWHMCP>
#	G	D	E	R	K	N	Q	S	T	A	V	L	I	F	Y	W	H	M	C	P
0	0.08914	0.01222	0.01410	0.01088	0.01490	0.01256	0.05449	0.39275	0.03945	0.02579	0.01267	0.06743	0.01036	0.00623	0.00493	0.00145	0.00515	0.00503	0.00439	0.21608
1	0.09288	0.01832	0.01482	0.01226	0.01583	0.30863	0.00973	0.41822	0.01974	0.02480	0.01052	0.01114	0.00788	0.00588	0.00492	0.00151	0.00707	0.00408	0.00415	0.00763
2	0.01140	0.01092	0.01864	0.43559	0.34954	0.01225	0.03516	0.01472	0.01117	0.01516	0.00960	0.01361	0.00763	0.00513	0.00561	0.00170	0.02802	0.00474	0.00247	0.00696
3	0.00747	0.00542	0.00727	0.00838	0.00928	0.00521	0.00665	0.00920	0.01133	0.01474	0.03070	0.36468	0.09793	0.01529	0.00698	0.00226	0.00394	0.38377	0.00489	0.00460
4	0.01781	0.01166	0.01745	0.02146	0.40175	0.01148	0.01238	0.13095	0.01502	0.28507	0.01413	0.01472	0.01010	0.00559	0.00527	0.00160	0.00560	0.00493	0.00437	0.00868
5	0.01927	0.01109	0.01295	0.01048	0.01422	0.01153	0.00848	0.18890	0.27885	0.35581	0.01929	0.01743	0.01324	0.00672	0.00533	0.00168	0.00468	0.00542	0.00586	0.00878
6	0.02010	0.01481	0.01587	0.01216	0.01639	0.01639	0.01005	0.76360	0.02486	0.03332	0.01269	0.01269	0.00899	0.00635	0.00529	0.00159	0.00582	0.00476	0.00529	0.00899
7	0.01308	0.01256	0.02146	0.03245	0.78123	0.01256	0.01622	0.01622	0.01204	0.01727	0.00994	0.01308	0.00837	0.00471	0.00523	0.00157	0.00628	0.00471	0.00262	0.00837
8	0.02010	0.01481	0.01587	0.01216	0.01639	0.01639	0.01005	0.76360	0.02486	0.03332	0.01269	0.01269	0.00899	0.00635	0.00529	0.00159	0.00582	0.00476	0.00529	0.00899
9	0.00756	0.00562	0.00826	0.00826	0.00912	0.00648	0.00631	0.00929	0.00843	0.01209	0.01438	0.02198	0.01374	0.10758	0.72605	0.00820	0.01337	0.00584	0.00286	0.00459
10	0.01659	0.01306	0.01389	0.01145	0.01506	0.01476	0.00920	0.39206	0.40212	0.02766	0.01715	0.01624	0.01260	0.00676	0.00533	0.00169	0.00499	0.00537	0.00533	0.00868
11	0.42723	0.01090	0.01202	0.01045	0.01207	0.01405	0.00868	0.01412	0.00854	0.01816	0.00715	0.01009	0.00634	0.00710	0.01038	0.00198	0.40844	0.00375	0.00279	0.00575
12	0.85155	0.01022	0.00777	0.00695	0.01022	0.01186	0.00573	0.01554	0.00900	0.02372	0.00736	0.00859	0.00573	0.00491	0.00327	0.00164	0.00409	0.00286	0.00327	0.00573
13	0.00644	0.00460	0.00613	0.00736	0.00767	0.00429	0.00491	0.00736	0.01012	0.01350	0.02914	0.81076	0.03497	0.01656	0.00675	0.00215	0.00307	0.01503	0.00491	0.00429
14	0.01992	0.01995	0.01543	0.01288	0.01637	0.40069	0.01013	0.39618	0.01997	0.02323	0.01046	0.01113	0.00791	0.00590	0.00503	0.00148	0.00766	0.00409	0.00402	0.00757
15	0.01600	0.01680	0.01572	0.01346	0.01520	0.27843	0.01081	0.16274	0.01371	0.01683	0.00848	0.01110	0.00730	0.00740	0.01074	0.00185	0.37963	0.00424	0.00304	0.00653
16	0.02010	0.01481	0.01587	0.01216	0.01639	0.01639	0.01005	0.76360	0.02486	0.03332	0.01269	0.01269	0.00899	0.00635	0.00529	0.00159	0.00582	0.00476	0.00529	0.00899
17	0.02095	0.01113	0.01333	0.01039	0.01433	0.01118	0.00852	0.29098	0.07651	0.42524	0.04839	0.01708	0.01332	0.00669	0.00535	0.00163	0.00487	0.00534	0.00597	0.00879
18	0.54131	0.01134	0.01037	0.00856	0.01219	0.01263	0.00705	0.21761	0.01376	0.07859	0.00980	0.01042	0.00719	0.00537	0.00398	0.00159	0.00458	0.00355	0.00404	0.03607
19	0.42801	0.01088	0.01047	0.00922	0.01242	0.01252	0.02994	0.02154	0.37122	0.02275	0.01418	0.01405	0.01074	0.00597	0.00436	0.00171	0.00428	0.00444	0.00425	0.00702
20	0.26567	0.00702	0.00750	0.00686	0.00884	0.00720	0.00533	0.01233	0.01315	0.05370	0.51172	0.02917	0.03488	0.00883	0.00529	0.00165	0.00306	0.00734	0.00507	0.00538

[dist]
# distance from previous block
# <min> <max>
0	11

[block]
# block no. 5 follows, 46 sequences, length 64
# corresponding to MSA columns:
# 405-468
name=unknown_F
#
# <colnr> <probs for GDERKNQSTAVLIFYWHMCP>
#	G	D	E	R	K	N	Q	S	T	A	V	L	I	F	Y	W	H	M	C	P
0	0.21249	0.01676	0.01296	0.01146	0.01373	0.35179	0.00900	0.01693	0.01179	0.01605	0.04467	0.01129	0.00870	0.00636	0.00731	0.00163	0.18879	0.00384	0.00293	0.05153
1	0.03072	0.00675	0.00733	0.00660	0.00908	0.00584	0.00515	0.01089	0.05068	0.04443	0.06022	0.03938	0.47699	0.01075	0.00570	0.00162	0.00322	0.05164	0.00463	0.16837
2	0.05530	0.01043	0.01286	0.00989	0.01409	0.00960	0.07344	0.01797	0.22825	0.01893	0.01287	0.01363	0.01011	0.00494	0.00450	0.00120	0.00444	0.00420	0.00374	0.48960
3	0.21610	0.01222	0.01159	0.01013	0.01335	0.05849	0.00802	0.11079	0.43424	0.04606	0.01628	0.01558	0.01216	0.00641	0.00482	0.00170	0.00467	0.00492	0.00474	0.00769
4	0.04422	0.01461	0.01532	0.01185	0.01599	0.04446	0.00975	0.65740	0.02328	0.09049	0.01300	0.01287	0.00913	0.00629	0.00521	0.00158	0.00580	0.00470	0.00523	0.00879
5	0.08391	0.01354	0.01303	0.01112	0.01447	0.08624	0.00881	0.23917	0.42357	0.02464	0.01658	0.01584	0.01236	0.00659	0.00512	0.00168	0.00514	0.00513	0.00494	0.00813
6	0.06284	0.01457	0.01545	0.01190	0.01608	0.01616	0.00983	0.72515	0.02404	0.03282	0.01242	0.01248	0.00882	0.00627	0.00518	0.00159	0.00573	0.00466	0.00518	0.00882
7	0.01639	0.00745	0.00948	0.00780	0.01086	0.00641	0.00626	0.01824	0.01408	0.45756	0.09865	0.03098	0.27480	0.00923	0.00571	0.00169	0.00371	0.00766	0.00593	0.00711
8	0.01572	0.01449	0.02467	0.01798	0.02285	0.01466	0.44202	0.33468	0.01775	0.02391	0.01155	0.01359	0.00843	0.00526	0.00583	0.00170	0.00760	0.00561	0.00379	0.00792
9	0.01957	0.01430	0.01530	0.01179	0.01587	0.01580	0.00972	0.72499	0.02415	0.03262	0.01293	0.01305	0.00922	0.00634	0.00521	0.00157	0.00564	0.00477	0.04838	0.00878
10	0.01990	0.02078	0.01536	0.01300	0.01636	0.46250	0.01014	0.33708	0.01918	0.02161	0.01010	0.01088	0.00774	0.00583	0.00499	0.00146	0.00795	0.00398	0.00382	0.00735
11	0.00644	0.00460	0.00613	0.00736	0.00767	0.00429	0.00491	0.00736	0.01012	0.01350	0.02914	0.81076	0.03497	0.01656	0.00675	0.00215	0.00307	0.01503	0.00491	0.00429
12	0.02027	0.01480	0.01566	0.01206	0.01624	0.03742	0.00994	0.70515	0.02408	0.07139	0.01299	0.01288	0.00914	0.00633	0.00528	0.00158	0.00585	0.00475	0.00528	0.00891
13	0.01225	0.00894	0.01028	0.00940	0.01138	0.00944	0.00710	0.32919	0.01639	0.02193	0.02214	0.47114	0.02391	0.01221	0.00613	0.00191	0.00424	0.01066	0.00507	0.00629
14	0.00644	0.00460	0.00613	0.00736	0.00767	0.00429	0.00491	0.00736	0.01012	0.01350	0.02914	0.81076	0.03497	0.01656	0.00675	0.00215	0.00307	0.01503	0.00491	0.00429
15	0.01794	0.00924	0.01170	0.00878	0.01309	0.00764	0.00715	0.02054	0.03841	0.43295	0.01600	0.01506	0.01095	0.00545	0.00472	0.00128	0.00424	0.00441	0.00505	0.36539
16	0.01413	0.81739	0.02770	0.00905	0.01357	0.02092	0.00905	0.01583	0.01074	0.01244	0.00735	0.00848	0.00678	0.00452	0.00339	0.00113	0.00565	0.00283	0.00226	0.00678
17	0.00625	0.00536	0.00536	0.00536	0.00714	0.00446	0.00402	0.00759	0.01205	0.01428	0.05355	0.05088	0.77909	0.01339	0.00625	0.00179	0.00268	0.01116	0.00491	0.00446
18	0.02010	0.01481	0.01587	0.01216	0.01639	0.01639	0.01005	0.76360	0.02486	0.03332	0.01269	0.01269	0.00899	0.00635	0.00529	0.00159	0.00582	0.00476	0.00529	0.00899
19	0.01639	0.00923	0.01152	0.00850	0.01294	0.00735	0.00691	0.01861	0.01274	0.34391	0.01427	0.01395	0.01007	0.00503	0.00451	0.00115	0.00416	0.00406	0.00458	0.49011
20	0.01975	0.02520	0.01498	0.01362	0.01634	0.79299	0.01021	0.02111	0.01498	0.01294	0.00817	0.00953	0.00681	0.00545	0.00477	0.00136	0.00953	0.00340	0.00272	0.00613
21	0.01505	0.01737	0.01568	0.01377	0.01493	0.34676	0.01099	0.01629	0.01103	0.01281	0.00746	0.01070	0.00688	0.00763	0.01199	0.00191	0.46622	0.00411	0.00249	0.00593
22	0.01611	0.01283	0.01362	0.01136	0.01487	0.01453	0.00908	0.34109	0.45387	0.02688	0.01776	0.01673	0.01310	0.00682	0.00534	0.00171	0.00488	0.00546	0.00534	0.00863
23	0.01195	0.01271	0.02258	0.01745	0.01973	0.01499	0.33093	0.01451	0.00996	0.01451	0.00854	0.01271	0.00740	0.00721	0.01262	0.00209	0.46595	0.00531	0.00247	0.00636
24	0.00769	0.00513	0.00577	0.00577	0.00577	0.00513	0.00320	0.00769	0.00769	0.01025	0.01666	0.03460	0.01922	0.81421	0.02691	0.00513	0.00513	0.00769	0.00320	0.00320
25	0.00769	0.00513	0.00577	0.00577	0.00577	0.00513	0.00320	0.00769	0.00769	0.01025	0.01666	0.03460	0.01922	0.81421	0.02691	0.00513	0.00513	0.00769	0.00320	0.00320
26	0.01060	0.02735	0.78682	0.01507	0.02288	0.01228	0.01953	0.01674	0.01116	0.01674	0.00949	0.01116	0.00670	0.00502	0.00502	0.00167	0.00781	0.00391	0.00223	0.00781
27	0.00748	0.00540	0.00707	0.00665	0.00790	0.00499	0.00499	0.00998	0.01496	0.02120	0.77844	0.03949	0.04988	0.01081	0.00624	0.00166	0.00249	0.00956	0.00582	0.00499
28	0.00763	0.00545	0.00750	0.00873	0.00955	0.00532	0.00698	0.00942	0.01130	0.01483	0.02848	0.37928	0.03236	0.01544	0.00707	0.00231	0.00410	0.43473	0.00488	0.00462
29	0.00755	0.00566	0.00850	0.00850	0.00944	0.00661	0.00661	0.00944	0.00850	0.01227	0.01416	0.02077	0.01322	0.03965	0.79326	0.00850	0.01416	0.00566	0.00283	0.00472
30	0.00744	0.00540	0.00700	0.00660	0.00787	0.00497	0.00495	0.00989	0.01486	0.02094	0.75150	0.03991	0.07699	0.01090	0.00624	0.00167	0.00250	0.00962	0.00579	0.00497
31	0.85155	0.01022	0.00777	0.00695	0.01022	0.01186	0.00573	0.01554	0.00900	0.02372	0.00736	0.00859	0.00573	0.00491	0.00327	0.00164	0.00409	0.00286	0.00327	0.00573
32	0.01308	0.01256	0.02146	0.03245	0.78123	0.01256	0.01622	0.01622	0.01204	0.01727	0.00994	0.01308	0.00837	0.00471	0.00523	0.00157	0.00628	0.00471	0.00262	0.00837
33	0.00625	0.00536	0.00536	0.00536	0.00714	0.00446	0.00402	0.00759	0.01205	0.01428	0.05355	0.05088	0.77909	0.01339	0.00625	0.00179	0.00268	0.01116	0.00491	0.00446
34	0.01130	0.01074	0.01824	0.47423	0.35337	0.01209	0.01534	0.01466	0.01119	0.01511	0.00963	0.01366	0.00761	0.00504	0.00526	0.00168	0.00672	0.00470	0.00246	0.00694
35	0.00748	0.00540	0.00707	0.00665	0.00790	0.00499	0.00499	0.00998	0.01496	0.02120	0.77844	0.03949	0.04988	0.01081	0.00624	0.00166	0.00249	0.00956	0.00582	0.00499
36	0.02010	0.01481	0.01587	0.01216	0.01639	0.01639	0.01005	0.76360	0.02486	0.03332	0.01269	0.01269	0.00899	0.00635	0.00529	0.00159	0.00582	0.00476	0.00529	0.00899
37	0.01190	0.01256	0.02172	0.01698	0.01895	0.01515	0.28819	0.01427	0.00971	0.01427	0.00832	0.01256	0.00734	0.00748	0.01325	0.00212	0.51127	0.00522	0.00245	0.00628
38	0.01308	0.01256	0.02146	0.03245	0.78123	0.01256	0.01622	0.01622	0.01204	0.01727	0.00994	0.01308	0.00837	0.00471	0.00523	0.00157	0.00628	0.00471	0.00262	0.00837
39	0.00998	0.00940	0.01586	0.80150	0.03641	0.01175	0.01468	0.01351	0.01057	0.01351	0.00940	0.01409	0.00705	0.00529	0.00529	0.00176	0.00705	0.00470	0.00235	0.00587
40	0.00748	0.00540	0.00707	0.00665	0.00790	0.00499	0.00499	0.00998	0.01496	0.02120	0.77844	0.03949	0.04988	0.01081	0.00624	0.00166	0.00249	0.00956	0.00582	0.00499
41	0.01096	0.00940	0.01096	0.00783	0.01253	0.00705	0.00626	0.01331	0.01096	0.01723	0.00940	0.01096	0.00783	0.00392	0.00392	0.00078	0.00392	0.00313	0.00313	0.84653
42	0.01291	0.03379	0.01076	0.00961	0.01131	0.29374	0.00714	0.04893	0.01184	0.01372	0.01394	0.01984	0.04024	0.17943	0.20425	0.00391	0.00872	0.00529	0.06547	0.00518
43	0.01477	0.01243	0.01285	0.01113	0.01437	0.03376	0.00877	0.18198	0.59591	0.02423	0.01933	0.01799	0.01440	0.00696	0.00534	0.00174	0.00466	0.00566	0.00529	0.00844
44	0.00769	0.00513	0.00577	0.00577	0.00577	0.00513	0.00320	0.00769	0.00769	0.01025	0.01666	0.03460	0.01922	0.81421	0.02691	0.00513	0.00513	0.00769	0.00320	0.00320
45	0.00625	0.00536	0.00536	0.00536	0.00714	0.00446	0.00402	0.00759	0.01205	0.01428	0.05355	0.05088	0.77909	0.01339	0.00625	0.00179	0.00268	0.01116	0.00491	0.00446
46	0.01413	0.81739	0.02770	0.00905	0.01357	0.02092	0.00905	0.01583	0.01074	0.01244	0.00735	0.00848	0.00678	0.00452	0.00339	0.00113	0.00565	0.00283	0.00226	0.00678
47	0.01395	0.77678	0.06672	0.00936	0.01405	0.02047	0.00958	0.01588	0.01076	0.01266	0.00746	0.00862	0.00678	0.00455	0.00348	0.00116	0.00576	0.00288	0.00226	0.00684
48	0.02372	0.00900	0.01227	0.00941	0.01350	0.00777	0.00777	0.02576	0.01513	0.78489	0.02086	0.01799	0.01309	0.00654	0.00532	0.00164	0.00450	0.00532	0.00654	0.00900
49	0.00644	0.00460	0.00613	0.00736	0.00767	0.00429	0.00491	0.00736	0.01012	0.01350	0.02914	0.81076	0.03497	0.01656	0.00675	0.00215	0.00307	0.01503	0.00491	0.00429
50	0.01096	0.00940	0.01096	0.00783	0.01253	0.00705	0.00626	0.01331	0.01096	0.01723	0.00940	0.01096	0.00783	0.00392	0.00392	0.00078	0.00392	0.00313	0.00313	0.84653
51	0.01308	0.01256	0.02146	0.03245	0.78123	0.01256	0.01622	0.01622	0.01204	0.01727	0.00994	0.01308	0.00837	0.00471	0.00523	0.00157	0.00628	0.00471	0.00262	0.00837
52	0.00769	0.00513	0.00577	0.00577	0.00577	0.00513	0.00320	0.00769	0.00769	0.01025	0.01666	0.03460	0.01922	0.81421	0.02691	0.00513	0.00513	0.00769	0.00320	0.00320
53	0.01301	0.01248	0.02132	0.05199	0.76230	0.01254	0.01619	0.01616	0.01200	0.01718	0.00993	0.01311	0.00834	0.00472	0.00523	0.00157	0.00630	0.00471	0.00261	0.00831
54	0.02372	0.00900	0.01227	0.00941	0.01350	0.00777	0.00777	0.02576	0.01513	0.78489	0.02086	0.01799	0.01309	0.00654	0.00532	0.00164	0.00450	0.00532	0.00654	0.00900
55	0.00755	0.00566	0.00850	0.00850	0.00944	0.00661	0.00661	0.00944	0.00850	0.01227	0.01416	0.02077	0.01322	0.03965	0.79326	0.00850	0.01416	0.00566	0.00283	0.00472
56	0.01413	0.81739	0.02770	0.00905	0.01357	0.02092	0.00905	0.01583	0.01074	0.01244	0.00735	0.00848	0.00678	0.00452	0.00339	0.00113	0.00565	0.00283	0.00226	0.00678
57	0.02328	0.00960	0.03791	0.00959	0.01381	0.00792	0.00816	0.02546	0.01500	0.75946	0.02048	0.01777	0.01287	0.00649	0.00531	0.00164	0.00461	0.00527	0.00640	0.00896
58	0.01185	0.01868	0.28617	0.01985	0.02603	0.01300	0.51149	0.01687	0.01203	0.01687	0.01029	0.01321	0.00757	0.00465	0.00583	0.00175	0.00854	0.00545	0.00252	0.00736
59	0.01130	0.01074	0.01824	0.47423	0.35337	0.01209	0.01534	0.01466	0.01119	0.01511	0.00963	0.01366	0.00761	0.00504	0.00526	0.00168	0.00672	0.00470	0.00246	0.00694
60	0.00841	0.00600	0.00803	0.00829	0.00938	0.00579	0.03286	0.02499	0.07096	0.05563	0.04267	0.58858	0.07439	0.01433	0.00649	0.00204	0.00350	0.02758	0.00497	0.00509
61	0.01026	0.00968	0.01635	0.73373	0.10205	0.01182	0.01482	0.01375	0.01070	0.01384	0.00944	0.01401	0.00716	0.00523	0.00528	0.00174	0.00698	0.00470	0.00237	0.00609
62	0.00900	0.00876	0.01675	0.01359	0.01613	0.00817	0.32705	0.01145	0.01124	0.01501	0.02281	0.42450	0.06982	0.01121	0.00650	0.00197	0.00553	0.01105	0.00396	0.00551
63	0.00957	0.00910	0.01738	0.01425	0.01692	0.00863	0.32795	0.01234	0.01156	0.01543	0.02059	0.25848	0.02184	0.03733	0.00734	0.00216	0.00607	0.19354	0.00389	0.00561

[dist]
# distance from previous block
# <min> <max>
44	121

[block]
# block no. 6 follows, 46 sequences, length 15
# corresponding to MSA columns:
# 616-630
name=unknown_G
#
# <colnr> <probs for GDERKNQSTAVLIFYWHMCP>
#	G	D	E	R	K	N	Q	S	T	A	V	L	I	F	Y	W	H	M	C	P
0	0.07972	0.01592	0.23448	0.04175	0.29555	0.01145	0.01400	0.04711	0.01182	0.01820	0.00960	0.01176	0.00756	0.00474	0.00475	0.00145	0.00606	0.00402	0.00277	0.17727
1	0.04999	0.00895	0.01264	0.28774	0.09409	0.03623	0.01016	0.01419	0.01270	0.09787	0.27207	0.02256	0.02231	0.00734	0.00583	0.00169	0.02717	0.00629	0.00405	0.00614
2	0.01050	0.00822	0.01143	0.15135	0.09515	0.00859	0.02231	0.01361	0.09022	0.05334	0.06255	0.02359	0.01572	0.30334	0.01342	0.00289	0.02039	0.00615	0.00352	0.08369
3	0.00842	0.00761	0.01341	0.06684	0.01498	0.00725	0.19878	0.01049	0.01079	0.01453	0.02221	0.51760	0.02498	0.01214	0.00639	0.00197	0.00487	0.01155	0.00408	0.04110
4	0.31837	0.00790	0.00957	0.00913	0.01120	0.00833	0.07451	0.01210	0.01041	0.01812	0.01918	0.26361	0.02068	0.01071	0.00556	0.00199	0.00440	0.18490	0.00409	0.00521
5	0.00998	0.00940	0.01586	0.80150	0.03641	0.01175	0.01468	0.01351	0.01057	0.01351	0.00940	0.01409	0.00705	0.00529	0.00529	0.00176	0.00705	0.00470	0.00235	0.00587
6	0.54197	0.00992	0.01074	0.29924	0.01986	0.01182	0.00902	0.01479	0.00958	0.01996	0.00811	0.01061	0.00621	0.00505	0.00401	0.00168	0.00518	0.00354	0.00293	0.00578
7	0.00894	0.00842	0.01459	0.01163	0.01422	0.00794	0.24520	0.01161	0.01275	0.01705	0.25237	0.03434	0.22040	0.04391	0.00754	0.00194	0.03074	0.04661	0.00431	0.00548
8	0.02010	0.01481	0.01587	0.01216	0.01639	0.01639	0.01005	0.76360	0.02486	0.03332	0.01269	0.01269	0.00899	0.00635	0.00529	0.00159	0.00582	0.00476	0.00529	0.00899
9	0.01239	0.01350	0.02663	0.01965	0.02383	0.01383	0.55513	0.01735	0.08953	0.01674	0.01116	0.01435	0.00867	0.00556	0.00807	0.00188	0.14588	0.00593	0.00289	0.00702
10	0.00839	0.00596	0.00693	0.00703	0.00806	0.00585	0.00497	0.01069	0.08411	0.04036	0.04821	0.14914	0.18246	0.30768	0.01393	0.00314	0.00411	0.10001	0.00440	0.00457
11	0.01202	0.34527	0.48134	0.01264	0.01913	0.01575	0.01531	0.01637	0.01099	0.01501	0.00863	0.01008	0.00673	0.00482	0.00437	0.00146	0.00694	0.00347	0.00224	0.00740
12	0.00639	0.00482	0.00591	0.00679	0.00752	0.00434	0.00465	0.00743	0.01067	0.01372	0.03609	0.59432	0.24692	0.01566	0.00661	0.00204	0.00296	0.01393	0.00491	0.00434
13	0.30574	0.01076	0.01032	0.00811	0.01214	0.04559	0.00652	0.05407	0.03610	0.02030	0.00920	0.01044	0.00738	0.00457	0.00385	0.00118	0.00434	0.00323	0.00335	0.44281
14	0.01231	0.01027	0.03999	0.01148	0.01372	0.01091	0.07691	0.04048	0.18210	0.10440	0.12588	0.12986	0.01990	0.00905	0.00843	0.00191	0.18396	0.00729	0.00446	0.00670

[dist]
# distance from previous block
# <min> <max>
0	79

[block]
# block no. 7 follows, 46 sequences, length 18
# corresponding to MSA columns:
# 719-736
name=unknown_H
#
# <colnr> <probs for GDERKNQSTAVLIFYWHMCP>
#	G	D	E	R	K	N	Q	S	T	A	V	L	I	F	Y	W	H	M	C	P
0	0.01030	0.26469	0.06438	0.01003	0.04985	0.01087	0.00833	0.01221	0.01105	0.03614	0.03972	0.31380	0.02200	0.01069	0.00552	0.00178	0.00464	0.11441	0.00385	0.00575
1	0.01150	0.22859	0.59346	0.01353	0.02051	0.01448	0.01686	0.01651	0.01105	0.01565	0.00894	0.01048	0.00672	0.00490	0.00461	0.00154	0.00726	0.00363	0.00224	0.00755
2	0.01601	0.21014	0.13021	0.01247	0.01625	0.37899	0.01118	0.01952	0.09011	0.01430	0.00947	0.01066	0.00774	0.00553	0.00517	0.00144	0.04759	0.00366	0.00279	0.00674
3	0.01255	0.00679	0.00821	0.00731	0.00975	0.00600	0.00572	0.01477	0.04469	0.27290	0.08790	0.09619	0.36223	0.01094	0.00597	0.00177	0.00343	0.03117	0.00554	0.00618
4	0.01096	0.00940	0.01096	0.00783	0.01253	0.00705	0.00626	0.01331	0.01096	0.01723	0.00940	0.01096	0.00783	0.00392	0.00392	0.00078	0.00392	0.00313	0.00313	0.84653
5	0.01074	0.00959	0.01559	0.08872	0.42275	0.00968	0.01210	0.01361	0.01265	0.01777	0.21743	0.04752	0.02201	0.00758	0.00573	0.00170	0.00512	0.06917	0.00371	0.00684
6	0.01030	0.01027	0.01963	0.28407	0.05725	0.01068	0.29378	0.01361	0.01135	0.01507	0.01463	0.16838	0.01400	0.00758	0.00602	0.00187	0.00685	0.04548	0.00310	0.00610
7	0.00998	0.00940	0.01586	0.80150	0.03641	0.01175	0.01468	0.01351	0.01057	0.01351	0.00940	0.01409	0.00705	0.00529	0.00529	0.00176	0.00705	0.00470	0.00235	0.00587
8	0.01413	0.81739	0.02770	0.00905	0.01357	0.02092	0.00905	0.01583	0.01074	0.01244	0.00735	0.00848	0.00678	0.00452	0.00339	0.00113	0.00565	0.00283	0.00226	0.00678
9	0.00998	0.00940	0.01586	0.80150	0.03641	0.01175	0.01468	0.01351	0.01057	0.01351	0.00940	0.01409	0.00705	0.00529	0.00529	0.00176	0.00705	0.00470	0.00235	0.00587
10	0.02010	0.01481	0.01587	0.01216	0.01639	0.01639	0.01005	0.76360	0.02486	0.03332	0.01269	0.01269	0.00899	0.00635	0.00529	0.00159	0.00582	0.00476	0.00529	0.00899
11	0.02372	0.00900	0.01227	0.00941	0.01350	0.00777	0.00777	0.02576	0.01513	0.78489	0.02086	0.01799	0.01309	0.00654	0.00532	0.00164	0.00450	0.00532	0.00654	0.00900
12	0.02010	0.01481	0.01587	0.01216	0.01639	0.01639	0.01005	0.76360	0.02486	0.03332	0.01269	0.01269	0.00899	0.00635	0.00529	0.00159	0.00582	0.00476	0.00529	0.00899
13	0.00893	0.00883	0.01596	0.01256	0.01550	0.00837	0.29384	0.01159	0.01137	0.01482	0.02786	0.02977	0.30336	0.01621	0.19280	0.00337	0.00778	0.00798	0.00356	0.00554
14	0.85155	0.01022	0.00777	0.00695	0.01022	0.01186	0.00573	0.01554	0.00900	0.02372	0.00736	0.00859	0.00573	0.00491	0.00327	0.00164	0.00409	0.00286	0.00327	0.00573
15	0.01397	0.00837	0.00890	0.00753	0.00990	0.00881	0.00599	0.25725	0.01579	0.06730	0.01597	0.01733	0.01204	0.00624	0.00430	0.00137	0.00367	0.00489	0.52388	0.00648
16	0.00626	0.00530	0.00541	0.00549	0.00718	0.00445	0.00408	0.00757	0.01192	0.01423	0.05191	0.10199	0.72903	0.01360	0.00628	0.00181	0.00270	0.01142	0.00491	0.00445
17	0.01096	0.00940	0.01096	0.00783	0.01253	0.00705	0.00626	0.01331	0.01096	0.01723	0.00940	0.01096	0.00783	0.00392	0.00392	0.00078	0.00392	0.00313	0.00313	0.84653

[dist]
# distance from previous block
# <min> <max>
0	1

[block]
# block no. 8 follows, 46 sequences, length 91
# corresponding to MSA columns:
# 738-794,800-833
name=unknown_I
#
# <colnr> <probs for GDERKNQSTAVLIFYWHMCP>
#	G	D	E	R	K	N	Q	S	T	A	V	L	I	F	Y	W	H	M	C	P
0	0.00755	0.00548	0.00753	0.00737	0.00829	0.00576	0.00547	0.00938	0.01086	0.01540	0.30875	0.03006	0.02824	0.14532	0.37476	0.00536	0.00831	0.00747	0.00404	0.00459
1	0.00952	0.00617	0.00795	0.00716	0.00880	0.00578	0.00548	0.04746	0.01545	0.08901	0.67508	0.03631	0.04468	0.01022	0.00611	0.00166	0.00283	0.00896	0.00586	0.00553
2	0.01060	0.02735	0.78682	0.01507	0.02288	0.01228	0.01953	0.01674	0.01116	0.01674	0.00949	0.01116	0.00670	0.00502	0.00502	0.00167	0.00781	0.00391	0.00223	0.00781
3	0.01248	0.01426	0.03119	0.02228	0.02763	0.01337	0.76203	0.01693	0.01248	0.01693	0.01070	0.01426	0.00802	0.00446	0.00624	0.00178	0.00891	0.00624	0.00267	0.00713
4	0.01975	0.02520	0.01498	0.01362	0.01634	0.79299	0.01021	0.02111	0.01498	0.01294	0.00817	0.00953	0.00681	0.00545	0.00477	0.00136	0.00953	0.00340	0.00272	0.00613
5	0.00998	0.00940	0.01586	0.80150	0.03641	0.01175	0.01468	0.01351	0.01057	0.01351	0.00940	0.01409	0.00705	0.00529	0.00529	0.00176	0.00705	0.00470	0.00235	0.00587
6	0.01315	0.01136	0.01195	0.01076	0.01375	0.01315	0.00837	0.02809	0.77168	0.02211	0.02152	0.01972	0.01614	0.00717	0.00538	0.00179	0.00418	0.00598	0.00538	0.00837
7	0.00852	0.00608	0.00852	0.00974	0.01095	0.00608	0.00852	0.01095	0.01217	0.01582	0.02799	0.05963	0.03042	0.01460	0.00730	0.00243	0.00487	0.74565	0.00487	0.00487
8	0.00748	0.00540	0.00707	0.00665	0.00790	0.00499	0.00499	0.00998	0.01496	0.02120	0.77844	0.03949	0.04988	0.01081	0.00624	0.00166	0.00249	0.00956	0.00582	0.00499
9	0.00769	0.00513	0.00577	0.00577	0.00577	0.00513	0.00320	0.00769	0.00769	0.01025	0.01666	0.03460	0.01922	0.81421	0.02691	0.00513	0.00513	0.00769	0.00320	0.00320
10	0.00644	0.00460	0.00613	0.00736	0.00767	0.00429	0.00491	0.00736	0.01012	0.01350	0.02914	0.81076	0.03497	0.01656	0.00675	0.00215	0.00307	0.01503	0.00491	0.00429
11	0.00701	0.00539	0.00641	0.00615	0.00761	0.00479	0.00461	0.00906	0.01384	0.01854	0.49940	0.04387	0.33059	0.01180	0.00624	0.00171	0.00256	0.01018	0.00547	0.00479
12	0.85155	0.01022	0.00777	0.00695	0.01022	0.01186	0.00573	0.01554	0.00900	0.02372	0.00736	0.00859	0.00573	0.00491	0.00327	0.00164	0.00409	0.00286	0.00327	0.00573
13	0.01126	0.01112	0.02123	0.50118	0.03263	0.01221	0.28113	0.01508	0.01138	0.03645	0.01018	0.01426	0.00756	0.00503	0.00563	0.00177	0.00764	0.00527	0.00258	0.00641
14	0.01635	0.01165	0.01236	0.01001	0.01326	0.01284	0.00810	0.45641	0.12763	0.02806	0.01518	0.01558	0.01124	0.00641	0.00487	0.00152	0.00468	0.00498	0.23106	0.00781
15	0.01413	0.81739	0.02770	0.00905	0.01357	0.02092	0.00905	0.01583	0.01074	0.01244	0.00735	0.00848	0.00678	0.00452	0.00339	0.00113	0.00565	0.00283	0.00226	0.00678
16	0.00644	0.00460	0.00613	0.00736	0.00767	0.00429	0.00491	0.00736	0.01012	0.01350	0.02914	0.81076	0.03497	0.01656	0.00675	0.00215	0.00307	0.01503	0.00491	0.00429
17	0.00998	0.00940	0.01586	0.80150	0.03641	0.01175	0.01468	0.01351	0.01057	0.01351	0.00940	0.01409	0.00705	0.00529	0.00529	0.00176	0.00705	0.00470	0.00235	0.00587
18	0.00644	0.00460	0.00613	0.00736	0.00767	0.00429	0.00491	0.00736	0.01012	0.01350	0.02914	0.81076	0.03497	0.01656	0.00675	0.00215	0.00307	0.01503	0.00491	0.00429
19	0.00625	0.00536	0.00536	0.00536	0.00714	0.00446	0.00402	0.00759	0.01205	0.01428	0.05355	0.05088	0.77909	0.01339	0.00625	0.00179	0.00268	0.01116	0.00491	0.00446
20	0.02010	0.01481	0.01587	0.01216	0.01639	0.01639	0.01005	0.76360	0.02486	0.03332	0.01269	0.01269	0.00899	0.00635	0.00529	0.00159	0.00582	0.00476	0.00529	0.00899
21	0.01096	0.00940	0.01096	0.00783	0.01253	0.00705	0.00626	0.01331	0.01096	0.01723	0.00940	0.01096	0.00783	0.00392	0.00392	0.00078	0.00392	0.00313	0.00313	0.84653
22	0.01413	0.81739	0.02770	0.00905	0.01357	0.02092	0.00905	0.01583	0.01074	0.01244	0.00735	0.00848	0.00678	0.00452	0.00339	0.00113	0.00565	0.00283	0.00226	0.00678
23	0.00998	0.00940	0.01586	0.80150	0.03641	0.01175	0.01468	0.01351	0.01057	0.01351	0.00940	0.01409	0.00705	0.00529	0.00529	0.00176	0.00705	0.00470	0.00235	0.00587
24	0.01308	0.01256	0.02146	0.03245	0.78123	0.01256	0.01622	0.01622	0.01204	0.01727	0.00994	0.01308	0.00837	0.00471	0.00523	0.00157	0.00628	0.00471	0.00262	0.00837
25	0.01248	0.01426	0.03119	0.02228	0.02763	0.01337	0.76203	0.01693	0.01248	0.01693	0.01070	0.01426	0.00802	0.00446	0.00624	0.00178	0.00891	0.00624	0.00267	0.00713
26	0.00751	0.00542	0.00711	0.00682	0.00804	0.00502	0.00516	0.00996	0.01471	0.02076	0.72450	0.05898	0.04859	0.01113	0.00630	0.00171	0.00262	0.04494	0.00575	0.00497
27	0.00644	0.00460	0.00613	0.00736	0.00767	0.00429	0.00491	0.00736	0.01012	0.01350	0.02914	0.81076	0.03497	0.01656	0.00675	0.00215	0.00307	0.01503	0.00491	0.00429
28	0.00644	0.00460	0.00613	0.00736	0.00767	0.00429	0.00491	0.00736	0.01012	0.01350	0.02914	0.81076	0.03497	0.01656	0.00675	0.00215	0.00307	0.01503	0.00491	0.00429
29	0.00910	0.00794	0.01146	0.01057	0.01115	0.01030	0.00852	0.01070	0.00834	0.01245	0.01138	0.01723	0.01080	0.02795	0.49457	0.00612	0.31842	0.00526	0.00263	0.00513
30	0.01309	0.01251	0.02109	0.03161	0.75142	0.01258	0.01592	0.01669	0.04154	0.01746	0.01039	0.01334	0.00868	0.00481	0.00524	0.00158	0.00620	0.00476	0.00272	0.00837
31	0.08870	0.50779	0.08274	0.00932	0.01394	0.01653	0.00921	0.01725	0.01131	0.13318	0.00973	0.01033	0.00772	0.00487	0.00384	0.00127	0.00540	0.00332	0.00306	0.06049
32	0.00769	0.00513	0.00577	0.00577	0.00577	0.00513	0.00320	0.00769	0.00769	0.01025	0.01666	0.03460	0.01922	0.81421	0.02691	0.00513	0.00513	0.00769	0.00320	0.00320
33	0.01189	0.01134	0.01930	0.32850	0.49451	0.01225	0.01563	0.01518	0.01147	0.01582	0.00973	0.01347	0.00786	0.00493	0.00525	0.00164	0.00658	0.00471	0.00251	0.00741
34	0.01413	0.81739	0.02770	0.00905	0.01357	0.02092	0.00905	0.01583	0.01074	0.01244	0.00735	0.00848	0.00678	0.00452	0.00339	0.00113	0.00565	0.00283	0.00226	0.00678
35	0.00748	0.00540	0.00707	0.00665	0.00790	0.00499	0.00499	0.00998	0.01496	0.02120	0.77844	0.03949	0.04988	0.01081	0.00624	0.00166	0.00249	0.00956	0.00582	0.00499
36	0.02294	0.00882	0.01202	0.00927	0.01323	0.00764	0.00764	0.02501	0.01512	0.74832	0.05714	0.01902	0.01485	0.00675	0.00536	0.00164	0.00440	0.00552	0.00651	0.00880
37	0.05991	0.01459	0.01548	0.01191	0.01610	0.01618	0.00984	0.72778	0.02410	0.03286	0.01244	0.01250	0.00883	0.00628	0.00519	0.00159	0.00573	0.00467	0.00519	0.00883
38	0.00985	0.00493	0.00493	0.00493	0.00616	0.00493	0.00370	0.01232	0.01109	0.01971	0.01725	0.01971	0.01355	0.00616	0.00370	0.00123	0.00246	0.00493	0.84356	0.00493
39	0.01342	0.00672	0.00897	0.00766	0.00995	0.00601	0.00601	0.01575	0.01503	0.30067	0.50120	0.03162	0.03642	0.00925	0.00590	0.00165	0.00323	0.00801	0.00608	0.00646
40	0.01190	0.01256	0.02175	0.01699	0.01897	0.01515	0.28945	0.01428	0.00972	0.01428	0.00833	0.01256	0.00734	0.00748	0.01324	0.00212	0.50993	0.00522	0.00245	0.00628
41	0.85155	0.01022	0.00777	0.00695	0.01022	0.01186	0.00573	0.01554	0.00900	0.02372	0.00736	0.00859	0.00573	0.00491	0.00327	0.00164	0.00409	0.00286	0.00327	0.00573
42	0.01219	0.01357	0.02804	0.02049	0.02481	0.01367	0.61457	0.01602	0.01163	0.01610	0.01015	0.01398	0.00798	0.00621	0.02905	0.00205	0.14409	0.00595	0.00262	0.00684
43	0.01308	0.01256	0.02146	0.03245	0.78123	0.01256	0.01622	0.01622	0.01204	0.01727	0.00994	0.01308	0.00837	0.00471	0.00523	0.00157	0.00628	0.00471	0.00262	0.00837
44	0.02007	0.02070	0.01516	0.01289	0.01622	0.47839	0.01003	0.28421	0.01848	0.05914	0.01041	0.01108	0.00790	0.00582	0.00498	0.00146	0.00796	0.00398	0.00382	0.00729
45	0.03439	0.00752	0.00964	0.00837	0.01103	0.00667	0.00643	0.04180	0.01281	0.31831	0.03951	0.31921	0.02121	0.01004	0.00563	0.00171	0.00386	0.00872	0.00529	0.12785
46	0.01413	0.81739	0.02770	0.00905	0.01357	0.02092	0.00905	0.01583	0.01074	0.01244	0.00735	0.00848	0.00678	0.00452	0.00339	0.00113	0.00565	0.00283	0.00226	0.00678
47	0.01157	0.01157	0.01619	0.01388	0.01388	0.01619	0.01157	0.01272	0.00810	0.01272	0.00694	0.01157	0.00694	0.00925	0.01735	0.00231	0.80453	0.00463	0.00231	0.00578
48	0.00769	0.00513	0.00577	0.00577	0.00577	0.00513	0.00320	0.00769	0.00769	0.01025	0.01666	0.03460	0.01922	0.81421	0.02691	0.00513	0.00513	0.00769	0.00320	0.00320
49	0.85155	0.01022	0.00777	0.00695	0.01022	0.01186	0.00573	0.01554	0.00900	0.02372	0.00736	0.00859	0.00573	0.00491	0.00327	0.00164	0.00409	0.00286	0.00327	0.00573
50	0.00631	0.00536	0.00544	0.00542	0.00718	0.00449	0.00406	0.00770	0.01219	0.01461	0.08827	0.05033	0.74417	0.01327	0.00625	0.00178	0.00267	0.01108	0.00495	0.00449
51	0.00625	0.00536	0.00536	0.00536	0.00714	0.00446	0.00402	0.00759	0.01205	0.01428	0.05355	0.05088	0.77909	0.01339	0.00625	0.00179	0.00268	0.01116	0.00491	0.00446
52	0.00985	0.00493	0.00493	0.00493	0.00616	0.00493	0.00370	0.01232	0.01109	0.01971	0.01725	0.01971	0.01355	0.00616	0.00370	0.00123	0.00246	0.00493	0.84356	0.00493
53	0.00998	0.00940	0.01586	0.80150	0.03641	0.01175	0.01468	0.01351	0.01057	0.01351	0.00940	0.01409	0.00705	0.00529	0.00529	0.00176	0.00705	0.00470	0.00235	0.00587
54	0.01196	0.33147	0.49460	0.01275	0.01930	0.01560	0.01550	0.01639	0.01100	0.01509	0.00866	0.01013	0.00673	0.00483	0.00439	0.00146	0.00698	0.00349	0.00224	0.00742
55	0.00890	0.00549	0.00732	0.00747	0.00861	0.00506	0.00548	0.01063	0.01263	0.10333	0.30968	0.38599	0.03783	0.01315	0.00643	0.00192	0.00312	0.05640	0.00543	0.00512
