[name]
unknown

[dist]
# distance from previous block
# <min> <max>
23	422

[block]
# block no. 0 follows, 46 sequences, length 100
# corresponding to MSA columns:
# 458-557
name=unknown_A
#
# <colnr> <probs for GDERKNQSTAVLIFYWHMCP>
#	G	D	E	R	K	N	Q	S	T	A	V	L	I	F	Y	W	H	M	C	P
0	0.01452	0.42047	0.21864	0.01140	0.01643	0.12602	0.01185	0.04164	0.03931	0.04242	0.00918	0.01019	0.00740	0.00501	0.00420	0.00136	0.00666	0.00345	0.00268	0.00716
1	0.00645	0.00496	0.00590	0.00652	0.00748	0.00442	0.00456	0.00766	0.01126	0.01441	0.09769	0.45124	0.32878	0.01486	0.00651	0.00197	0.00287	0.01308	0.00498	0.00442
2	0.01379	0.01027	0.05357	0.00967	0.01287	0.00967	0.02847	0.08353	0.25595	0.17703	0.13445	0.02615	0.14497	0.00833	0.00563	0.00172	0.00422	0.00701	0.00535	0.00735
3	0.03997	0.03584	0.01580	0.04802	0.13236	0.16062	0.03453	0.12455	0.03436	0.25281	0.01379	0.01489	0.01008	0.00611	0.00560	0.00161	0.03497	0.02197	0.00432	0.00779
4	0.45829	0.01224	0.01292	0.03485	0.20419	0.08077	0.00959	0.01584	0.01022	0.01973	0.00808	0.01025	0.00664	0.00538	0.00545	0.00167	0.09090	0.00361	0.00293	0.00643
5	0.02375	0.05712	0.01518	0.01735	0.29182	0.01059	0.01031	0.01732	0.09580	0.15993	0.05360	0.03833	0.05870	0.06802	0.02895	0.00209	0.03390	0.00593	0.00402	0.00730
6	0.00761	0.00704	0.06104	0.00871	0.00988	0.00665	0.00706	0.00942	0.00907	0.01284	0.01775	0.23435	0.01869	0.06259	0.46643	0.00595	0.03865	0.00813	0.00335	0.00479
7	0.01499	0.48728	0.05290	0.02663	0.01506	0.11664	0.00992	0.09066	0.06578	0.01544	0.00907	0.01021	0.00767	0.00532	0.00481	0.00135	0.05294	0.00350	0.00284	0.00699
8	0.00658	0.00534	0.00574	0.00579	0.00731	0.00462	0.00429	0.00801	0.01209	0.01497	0.14422	0.08312	0.58065	0.06012	0.00751	0.00200	0.00289	0.03537	0.00493	0.00446
9	0.05065	0.02864	0.05854	0.01060	0.01452	0.01216	0.00908	0.28398	0.14305	0.24060	0.07894	0.01722	0.01438	0.00673	0.00526	0.00164	0.00495	0.00535	0.00538	0.00832
10	0.01343	0.12204	0.20555	0.01301	0.06307	0.03355	0.04733	0.05610	0.05772	0.11988	0.08228	0.03920	0.01359	0.00857	0.05451	0.00206	0.05197	0.00526	0.00366	0.00722
11	0.00701	0.00492	0.00624	0.00677	0.00720	0.00467	0.00446	0.00803	0.01054	0.01433	0.19267	0.42872	0.03402	0.23133	0.01209	0.00285	0.00350	0.01182	0.00465	0.00415
12	0.01208	0.00629	0.00807	0.00708	0.00910	0.00569	0.00550	0.01439	0.01433	0.22356	0.43672	0.03150	0.06797	0.00913	0.00563	0.00160	0.00303	0.00785	0.12445	0.00602
13	0.04884	0.08334	0.68080	0.01411	0.02133	0.01272	0.01785	0.01643	0.01101	0.01668	0.00963	0.02700	0.00723	0.00521	0.00486	0.00164	0.00739	0.00401	0.00234	0.00757
14	0.01269	0.02081	0.42463	0.01832	0.11626	0.01282	0.18092	0.09177	0.01306	0.04316	0.01049	0.01245	0.00763	0.00504	0.00535	0.00168	0.00756	0.00465	0.00282	0.00789
15	0.00669	0.00478	0.00642	0.00764	0.00806	0.00451	0.00534	0.00779	0.01036	0.01377	0.02900	0.72151	0.03443	0.01633	0.00681	0.00218	0.00328	0.10184	0.00490	0.00436
16	0.75001	0.01094	0.00978	0.00836	0.01167	0.03350	0.05769	0.01572	0.00938	0.02268	0.00760	0.00908	0.00594	0.00500	0.00387	0.00166	0.02493	0.00315	0.00319	0.00583
17	0.00940	0.00733	0.00839	0.00691	0.00918	0.00632	0.00481	0.01106	0.03895	0.01391	0.01351	0.02317	0.01387	0.41095	0.01552	0.00300	0.00453	0.00553	0.00326	0.39038
18	0.02063	0.00836	0.01125	0.00892	0.01250	0.00724	0.00723	0.02262	0.01442	0.63309	0.05529	0.08538	0.01640	0.00746	0.00538	0.00163	0.00420	0.00623	0.03085	0.04093
19	0.00656	0.00469	0.00627	0.00750	0.00786	0.00440	0.00512	0.00757	0.01024	0.01363	0.02907	0.76678	0.03470	0.01645	0.00678	0.00216	0.00317	0.05781	0.00491	0.00433
20	0.01411	0.01183	0.01250	0.01095	0.01411	0.01360	0.00860	0.13005	0.66816	0.02367	0.02029	0.01875	0.01515	0.00706	0.00537	0.00176	0.00441	0.00581	0.00537	0.00845
21	0.01746	0.01403	0.01595	0.01272	0.01562	0.03290	0.01052	0.51633	0.01948	0.02654	0.01082	0.01228	0.00831	0.00722	0.00899	0.00181	0.25207	0.00469	0.00432	0.00794
22	0.01418	0.01149	0.01467	0.01397	0.12648	0.01170	0.05109	0.10793	0.30680	0.07599	0.01543	0.01554	0.01164	0.00579	0.00506	0.00150	0.00491	0.00498	0.00439	0.19647
23	0.01488	0.48849	0.09047	0.01064	0.01499	0.13514	0.01012	0.05917	0.10260	0.01519	0.00964	0.01044	0.00801	0.00512	0.00408	0.00132	0.00626	0.00349	0.00286	0.00709
24	0.01179	0.00760	0.00929	0.00866	0.01075	0.00766	0.00678	0.03690	0.18763	0.14813	0.21780	0.14301	0.06314	0.01057	0.00607	0.00186	0.00371	0.10669	0.00553	0.00641
25	0.04891	0.12977	0.41174	0.01274	0.01856	0.05931	0.01427	0.12515	0.03597	0.04930	0.03919	0.01240	0.00916	0.00551	0.00482	0.00157	0.00674	0.00414	0.00315	0.00761
26	0.00983	0.01281	0.15491	0.04478	0.04055	0.01006	0.23099	0.01323	0.01204	0.01642	0.12974	0.02553	0.19246	0.00798	0.00689	0.00178	0.07308	0.00720	0.00352	0.00620
27	0.00998	0.00940	0.01586	0.80150	0.03641	0.01175	0.01468	0.01351	0.01057	0.01351	0.00940	0.01409	0.00705	0.00529	0.00529	0.00176	0.00705	0.00470	0.00235	0.00587
28	0.01135	0.00666	0.00834	0.00753	0.00954	0.00615	0.00581	0.04496	0.03490	0.18268	0.34579	0.11583	0.15807	0.01074	0.00606	0.00175	0.00326	0.02897	0.00567	0.00594
29	0.03045	0.01179	0.01961	0.08803	0.34664	0.02783	0.13661	0.01891	0.01287	0.23471	0.01304	0.01460	0.00946	0.00526	0.00538	0.00164	0.00631	0.00507	0.00373	0.00804
30	0.74361	0.01026	0.00833	0.00738	0.01067	0.01178	0.00604	0.01706	0.07339	0.05803	0.00916	0.00995	0.00693	0.00517	0.00354	0.00165	0.00412	0.00324	0.00360	0.00610
31	0.01174	0.00989	0.01079	0.01007	0.01259	0.01115	0.00790	0.02339	0.57795	0.02065	0.06468	0.06016	0.04784	0.00890	0.00575	0.00188	0.00408	0.09783	0.00530	0.00744
32	0.01407	0.04930	0.07594	0.01547	0.13844	0.21045	0.05715	0.08707	0.09577	0.01713	0.01418	0.12426	0.01313	0.00768	0.00581	0.02482	0.00655	0.03240	0.00354	0.00682
33	0.00672	0.00473	0.00610	0.00708	0.00734	0.00449	0.00462	0.00748	0.00967	0.01289	0.02665	0.64543	0.03177	0.17469	0.01075	0.00274	0.00350	0.02470	0.00457	0.00409
34	0.00674	0.00478	0.00630	0.00730	0.00763	0.00459	0.00491	0.00765	0.00979	0.01308	0.02663	0.63828	0.03154	0.12285	0.05255	0.00290	0.00401	0.03971	0.00457	0.00419
35	0.01945	0.01449	0.01550	0.01203	0.01615	0.01609	0.00989	0.69521	0.09430	0.03228	0.01351	0.01335	0.00966	0.00642	0.00530	0.00161	0.00567	0.00487	0.00530	0.00893
36	0.01664	0.09773	0.07994	0.10726	0.03555	0.14189	0.01035	0.10408	0.03486	0.21382	0.01386	0.05020	0.01074	0.02462	0.03371	0.00190	0.00652	0.00499	0.00404	0.00729
37	0.00729	0.00533	0.00686	0.00669	0.00788	0.00490	0.00498	0.00953	0.01415	0.01969	0.62206	0.12109	0.10917	0.01171	0.00631	0.00174	0.00262	0.02749	0.00563	0.00487
38	0.00644	0.00460	0.00613	0.00736	0.00767	0.00429	0.00491	0.00736	0.01012	0.01350	0.02914	0.81076	0.03497	0.01656	0.00675	0.00215	0.00307	0.01503	0.00491	0.00429
39	0.01340	0.02162	0.01656	0.06973	0.16671	0.06628	0.13977	0.06153	0.03612	0.10537	0.12487	0.02113	0.06774	0.00682	0.00554	0.00164	0.00573	0.01726	0.04524	0.00694
40	0.04633	0.16786	0.08004	0.01158	0.01576	0.06706	0.07519	0.10206	0.03450	0.27165	0.01393	0.03690	0.01026	0.00611	0.00540	0.00158	0.03697	0.00480	0.00428	0.00772
41	0.00643	0.00463	0.00611	0.00729	0.00765	0.00430	0.00488	0.00737	0.01019	0.01352	0.03001	0.78357	0.06159	0.01645	0.00673	0.00213	0.00305	0.01489	0.00491	0.00430
42	0.01096	0.00940	0.01096	0.00783	0.01253	0.00705	0.00626	0.01331	0.01096	0.01723	0.00940	0.01096	0.00783	0.00392	0.00392	0.00078	0.00392	0.00313	0.00313	0.84653
43	0.04720	0.01377	0.06398	0.08508	0.25198	0.08567	0.09505	0.06201	0.03019	0.10276	0.02283	0.01353	0.00917	0.00520	0.00512	0.00154	0.00639	0.00465	0.00337	0.09053
44	0.01457	0.73351	0.04043	0.00949	0.01398	0.05292	0.00933	0.04991	0.01157	0.01348	0.00766	0.00876	0.00688	0.00465	0.00357	0.00117	0.00586	0.00296	0.00242	0.00688
45	0.04596	0.00649	0.00837	0.00807	0.00916	0.00690	0.02639	0.05047	0.01068	0.02646	0.06376	0.22258	0.02155	0.14904	0.15461	0.00362	0.04449	0.03712	0.09943	0.00486
46	0.00644	0.00460	0.00613	0.00736	0.00767	0.00429	0.00491	0.00736	0.01012	0.01350	0.02914	0.81076	0.03497	0.01656	0.00675	0.00215	0.00307	0.01503	0.00491	0.00429
47	0.03167	0.13216	0.03949	0.01426	0.04916	0.43497	0.08286	0.07123	0.02956	0.01542	0.00897	0.01053	0.00733	0.00534	0.00510	0.00143	0.03015	0.00383	0.00288	0.02366
48	0.05586	0.07636	0.17884	0.05830	0.01673	0.01114	0.01079	0.11707	0.01451	0.33826	0.03105	0.01496	0.01080	0.00596	0.00497	0.00159	0.00549	0.00468	0.03466	0.00800
49	0.01298	0.03918	0.19637	0.09982	0.25276	0.03425	0.06383	0.08156	0.01322	0.05293	0.07016	0.01477	0.01121	0.00552	0.00524	0.00160	0.00648	0.00490	0.00317	0.03004
50	0.01273	0.01510	0.09006	0.02125	0.02675	0.01308	0.67637	0.01724	0.01247	0.04455	0.01097	0.01415	0.00810	0.00458	0.00611	0.00177	0.00867	0.00602	0.00278	0.00725
51	0.00671	0.00482	0.00621	0.00706	0.00768	0.00446	0.00488	0.00796	0.01104	0.01487	0.13712	0.59812	0.10202	0.01514	0.00656	0.00203	0.00297	0.02788	0.02804	0.00444
52	0.04223	0.05510	0.48465	0.01701	0.14936	0.07100	0.01651	0.01749	0.05665	0.01700	0.01965	0.01203	0.00806	0.00518	0.00495	0.00162	0.00718	0.00412	0.00260	0.00766
53	0.00750	0.00512	0.00613	0.00624	0.00648	0.00509	0.00384	0.00803	0.00893	0.01211	0.11045	0.13339	0.02459	0.56972	0.06670	0.00452	0.00507	0.00873	0.00372	0.00365
54	0.00666	0.00500	0.00622	0.00701	0.00786	0.00456	0.00503	0.00794	0.01116	0.01444	0.08449	0.48275	0.23570	0.01514	0.00663	0.00205	0.00310	0.08487	0.00496	0.00444
55	0.01315	0.00886	0.00973	0.00847	0.01103	0.00931	0.00665	0.15799	0.20128	0.09955	0.08064	0.05740	0.12858	0.00832	0.00526	0.00163	0.00378	0.00687	0.17462	0.00686
56	0.01631	0.02999	0.04403	0.02578	0.04272	0.07635	0.03354	0.06450	0.38705	0.19437	0.01806	0.01703	0.01303	0.00650	0.00527	0.00168	0.00523	0.00534	0.00499	0.00822
57	0.00768	0.00516	0.00593	0.00593	0.00598	0.00521	0.00340	0.00779	0.00774	0.01037	0.01651	0.03379	0.01887	0.76886	0.07178	0.00532	0.00565	0.00757	0.00318	0.00329
58	0.00755	0.00566	0.00850	0.00850	0.00944	0.00661	0.00661	0.00944	0.00850	0.01227	0.01416	0.02077	0.01322	0.03965	0.79326	0.00850	0.01416	0.00566	0.00283	0.00472
59	0.01278	0.00776	0.00900	0.00822	0.01060	0.00784	0.00655	0.01841	0.22014	0.17626	0.07023	0.03006	0.12642	0.00889	0.00546	0.00173	0.00369	0.10188	0.16746	0.00663
60	0.01562	0.67301	0.02509	0.00936	0.01372	0.06453	0.00896	0.01734	0.01152	0.10611	0.00904	0.00970	0.00755	0.00482	0.00371	0.00121	0.00574	0.00316	0.00281	0.00701
61	0.05926	0.00944	0.01538	0.75498	0.03488	0.01175	0.01416	0.01363	0.01048	0.01411	0.00928	0.01377	0.00697	0.00526	0.00517	0.00175	0.00687	0.00459	0.00240	0.00586
62	0.01058	0.00715	0.00865	0.00858	0.01007	0.00730	0.00640	0.10800	0.09462	0.07457	0.02449	0.42327	0.02605	0.04903	0.00717	0.00213	0.00390	0.08727	0.03506	0.00571
63	0.01119	0.01044	0.01751	0.26027	0.43998	0.01111	0.01413	0.01415	0.01135	0.01562	0.01266	0.11625	0.01189	0.00663	0.00549	0.00172	0.00607	0.02363	0.00288	0.00702
64	0.01413	0.81739	0.02770	0.00905	0.01357	0.02092	0.00905	0.01583	0.01074	0.01244	0.00735	0.00848	0.00678	0.00452	0.00339	0.00113	0.00565	0.00283	0.00226	0.00678
65	0.01181	0.01204	0.01702	0.01435	0.01472	0.03449	0.05433	0.01316	0.00851	0.01297	0.00718	0.01167	0.00700	0.00889	0.01642	0.00226	0.74027	0.00469	0.00234	0.00587
66	0.01332	0.01389	0.01598	0.01375	0.01440	0.13851	0.01127	0.05461	0.01009	0.01387	0.00744	0.01131	0.00703	0.00850	0.01472	0.00212	0.63621	0.00444	0.00254	0.00601
67	0.06817	0.01754	0.01440	0.01204	0.01553	0.29767	0.00951	0.31907	0.09898	0.07763	0.01225	0.01243	0.00906	0.00604	0.00499	0.00153	0.00680	0.00432	0.00434	0.00769
68	0.00735	0.00540	0.00689	0.00652	0.00782	0.00493	0.00489	0.00973	0.01466	0.02048	0.70310	0.04067	0.12568	0.01108	0.00624	0.00168	0.00251	0.00973	0.00572	0.00493
69	0.00926	0.00699	0.00832	0.00826	0.01004	0.00710	0.00657	0.04003	0.14270	0.04170	0.08546	0.10480	0.23167	0.01458	0.07704	0.00256	0.00469	0.18771	0.00492	0.00559
70	0.01150	0.00971	0.01125	0.00808	0.01275	0.00759	0.00649	0.05724	0.01178	0.01817	0.00959	0.01106	0.00790	0.00406	0.00400	0.00083	0.00403	0.00323	0.00326	0.79749
71	0.01916	0.00981	0.01316	0.01076	0.01418	0.04399	0.05957	0.02207	0.05506	0.49681	0.02035	0.02436	0.01538	0.00787	0.00613	0.00180	0.03373	0.13233	0.00560	0.00788
72	0.00721	0.00561	0.00658	0.00639	0.00786	0.00512	0.00477	0.00974	0.04782	0.01816	0.42524	0.08807	0.32420	0.01196	0.00623	0.00174	0.00267	0.01032	0.00540	0.00490
73	0.00641	0.00513	0.00574	0.00607	0.00736	0.00446	0.00437	0.00772	0.01172	0.01464	0.10868	0.27854	0.49235	0.01412	0.00640	0.00188	0.00278	0.01218	0.00499	0.00446
74	0.04926	0.27017	0.17145	0.01011	0.01460	0.01357	0.01017	0.07773	0.05657	0.13063	0.08027	0.01695	0.06468	0.00638	0.00470	0.00150	0.00531	0.00489	0.00384	0.00723
75	0.85155	0.01022	0.00777	0.00695	0.01022	0.01186	0.00573	0.01554	0.00900	0.02372	0.00736	0.00859	0.00573	0.00491	0.00327	0.00164	0.00409	0.00286	0.00327	0.00573
76	0.00796	0.00598	0.00671	0.00682	0.00837	0.00557	0.00504	0.01064	0.09078	0.04970	0.04005	0.24007	0.41459	0.04195	0.00703	0.00202	0.00320	0.04355	0.00497	0.00500
77	0.04511	0.25014	0.14938	0.01100	0.01431	0.06946	0.02344	0.02948	0.01094	0.01490	0.03874	0.10771	0.01214	0.00809	0.02525	0.00180	0.14354	0.00531	0.03297	0.00627
78	0.02299	0.00916	0.01225	0.00950	0.01351	0.00814	0.00781	0.02592	0.06707	0.73252	0.02090	0.01811	0.01330	0.00659	0.00532	0.00165	0.00448	0.00536	0.00646	0.00895
79	0.00662	0.00487	0.00624	0.00722	0.00786	0.00449	0.00507	0.00778	0.01075	0.01406	0.05697	0.60421	0.15204	0.01572	0.00670	0.00210	0.00314	0.07485	0.00493	0.00439
80	0.00998	0.00680	0.00836	0.00767	0.00944	0.00668	0.00583	0.04644	0.11137	0.08504	0.48531	0.10964	0.06547	0.01044	0.00606	0.00173	0.00309	0.00913	0.00568	0.00585
81	0.01166	0.01311	0.10788	0.19782	0.13448	0.02538	0.01346	0.05771	0.01081	0.01531	0.00981	0.05554	0.00878	0.00732	0.00983	0.00193	0.30481	0.00512	0.00268	0.00654
82	0.00852	0.00608	0.00852	0.00974	0.01095	0.00608	0.00852	0.01095	0.01217	0.01582	0.02799	0.05963	0.03042	0.01460	0.00730	0.00243	0.00487	0.74565	0.00487	0.00487
83	0.01332	0.01366	0.08239	0.02118	0.35085	0.04030	0.05680	0.05961	0.20244	0.03332	0.06132	0.01624	0.01281	0.00587	0.00536	0.00165	0.00586	0.00532	0.00370	0.00800
84	0.01725	0.01876	0.10699	0.01324	0.01668	0.33261	0.05325	0.09404	0.01437	0.12821	0.01142	0.01356	0.00891	0.00756	0.03708	0.00189	0.08910	0.02461	0.00350	0.00697
85	0.00699	0.00490	0.00611	0.00681	0.00725	0.00465	0.00453	0.00791	0.01004	0.01348	0.07371	0.46724	0.07751	0.21672	0.01170	0.00283	0.00358	0.04076	0.02919	0.00411
86	0.01217	0.01040	0.04153	0.00850	0.01316	0.00797	0.00712	0.07375	0.01238	0.05395	0.03086	0.01220	0.00925	0.00446	0.00419	0.00094	0.00421	0.00357	0.00350	0.68589
87	0.13380	0.18739	0.10863	0.11515	0.01745	0.01327	0.01028	0.09422	0.01278	0.16482	0.01116	0.01206	0.00817	0.00536	0.00471	0.00149	0.02168	0.00394	0.00361	0.07003
88	0.15091	0.04996	0.23714	0.01377	0.09298	0.01243	0.03628	0.10444	0.08388	0.14972	0.01254	0.01305	0.00897	0.00554	0.00484	0.00163	0.00588	0.00437	0.00382	0.00785
89	0.01653	0.04555	0.10699	0.01149	0.01538	0.10095	0.06744	0.20181	0.01575	0.17328	0.01453	0.05419	0.01112	0.00690	0.01705	0.00166	0.00598	0.00520	0.12078	0.00743
90	0.01144	0.00649	0.00829	0.00719	0.00928	0.00575	0.00549	0.01350	0.01386	0.19849	0.42040	0.03310	0.10014	0.07710	0.00760	0.00190	0.00330	0.00811	0.00551	0.06307
91	0.00995	0.00756	0.00916	0.00756	0.01033	0.00660	0.00587	0.02816	0.06330	0.04742	0.40780	0.02655	0.03030	0.00783	0.00529	0.00135	0.00326	0.00675	0.00483	0.31013
92	0.08105	0.02452	0.05994	0.20737	0.14855	0.01036	0.06849	0.01424	0.05760	0.01644	0.03530	0.15778	0.01466	0.00755	0.00541	0.00174	0.00559	0.02834	0.00334	0.05174
93	0.00655	0.00501	0.00602	0.00660	0.00758	0.00448	0.00467	0.00785	0.01147	0.01480	0.13223	0.42282	0.30591	0.01465	0.00651	0.00196	0.00289	0.02853	0.00502	0.00445
94	0.00659	0.00469	0.00620	0.00735	0.00767	0.00441	0.00493	0.00751	0.01005	0.01338	0.02834	0.73668	0.03385	0.06500	0.00799	0.00234	0.00326	0.04073	0.00480	0.00425
95	0.01210	0.01354	0.04997	0.20952	0.08811	0.07709	0.34308	0.01574	0.01197	0.01556	0.01140	0.01735	0.00951	0.00579	0.00622	0.00179	0.03436	0.06752	0.00275	0.00663
96	0.01971	0.01221	0.01519	0.01186	0.01585	0.05436	0.08695	0.20018	0.14357	0.35682	0.01728	0.01617	0.01175	0.00632	0.00539	0.00165	0.00549	0.00529	0.00544	0.00854
97	0.00714	0.00498	0.00592	0.00638	0.00666	0.00479	0.00399	0.00763	0.00900	0.01185	0.02434	0.31381	0.08681	0.44790	0.01763	0.00374	0.00419	0.02553	0.00398	0.00373
98	0.00757	0.00511	0.00576	0.00582	0.00590	0.00506	0.00331	0.00767	0.00797	0.01056	0.01873	0.06799	0.05173	0.74703	0.02519	0.00486	0.00494	0.00814	0.00335	0.00330
99	0.01274	0.01649	0.27498	0.01632	0.10987	0.01134	0.15111	0.04892	0.08559	0.09753	0.01557	0.08088	0.04122	0.00658	0.00554	0.00173	0.00647	0.00601	0.00356	0.00756

[dist]
# distance from previous block
# <min> <max>
0	1

[block]
# block no. 1 follows, 46 sequences, length 33
# corresponding to MSA columns:
# 559-591
name=unknown_B
#
# <colnr> <probs for GDERKNQSTAVLIFYWHMCP>
#	G	D	E	R	K	N	Q	S	T	A	V	L	I	F	Y	W	H	M	C	P
0	0.04648	0.07216	0.01573	0.15121	0.01806	0.13255	0.05603	0.05649	0.01122	0.01486	0.01005	0.03671	0.00891	0.01134	0.11706	0.00271	0.20558	0.00481	0.02205	0.00598
1	0.01049	0.00853	0.00935	0.00845	0.01075	0.00905	0.00653	0.07781	0.31699	0.02103	0.25493	0.03194	0.19350	0.00956	0.00582	0.00174	0.00348	0.00809	0.00540	0.00655
2	0.01400	0.01199	0.01247	0.01029	0.01397	0.04563	0.00813	0.15006	0.39289	0.02225	0.01595	0.01557	0.01213	0.00602	0.00492	0.00145	0.00462	0.00484	0.00461	0.24822
3	0.01114	0.00560	0.00585	0.00551	0.00705	0.00560	0.00422	0.04557	0.01193	0.06689	0.01727	0.01930	0.01333	0.00619	0.00386	0.00127	0.00273	0.00494	0.75640	0.00535
4	0.01248	0.01426	0.03119	0.02228	0.02763	0.01337	0.76203	0.01693	0.01248	0.01693	0.01070	0.01426	0.00802	0.00446	0.00624	0.00178	0.00891	0.00624	0.00267	0.00713
5	0.01914	0.01398	0.01494	0.01159	0.01556	0.01545	0.00953	0.68705	0.04499	0.03199	0.01328	0.01341	0.00953	0.00636	0.00517	0.00157	0.00552	0.00481	0.06747	0.00867
6	0.01191	0.01320	0.02744	0.02011	0.02441	0.01305	0.61107	0.01569	0.01175	0.01615	0.01159	0.07300	0.00988	0.00596	0.00768	0.00188	0.10899	0.00669	0.00279	0.00675
7	0.01160	0.01056	0.01567	0.01715	0.21939	0.01103	0.10488	0.01897	0.29578	0.01900	0.10125	0.11663	0.01906	0.00772	0.00571	0.00176	0.00502	0.00718	0.00429	0.00734
8	0.01081	0.01024	0.01735	0.59580	0.23563	0.01196	0.01509	0.01423	0.01096	0.01451	0.00954	0.01382	0.00740	0.00513	0.00527	0.00171	0.00684	0.00470	0.00242	0.00654
9	0.34715	0.01164	0.01081	0.00870	0.01255	0.05861	0.00703	0.13705	0.04562	0.04069	0.00984	0.01076	0.00760	0.00500	0.00403	0.00135	0.00466	0.00348	0.00369	0.26975
10	0.01297	0.53694	0.26354	0.01149	0.01708	0.01790	0.04527	0.01616	0.01095	0.01397	0.00816	0.00957	0.00681	0.00468	0.00402	0.00133	0.00647	0.00331	0.00227	0.00712
11	0.00998	0.00940	0.01586	0.80150	0.03641	0.01175	0.01468	0.01351	0.01057	0.01351	0.00940	0.01409	0.00705	0.00529	0.00529	0.00176	0.00705	0.00470	0.00235	0.00587
12	0.08975	0.01175	0.08609	0.01022	0.01357	0.01126	0.00873	0.03640	0.41141	0.13191	0.01869	0.05425	0.01457	0.03983	0.03612	0.00214	0.00497	0.00584	0.00485	0.00765
13	0.01156	0.01134	0.01546	0.08247	0.35372	0.09590	0.02873	0.01445	0.04268	0.01588	0.04705	0.18302	0.05908	0.00814	0.00563	0.00171	0.00565	0.00736	0.00346	0.00669
14	0.00753	0.00555	0.00731	0.00750	0.00815	0.00582	0.00542	0.00830	0.00952	0.01272	0.04455	0.25244	0.16057	0.09720	0.16318	0.11022	0.06499	0.02099	0.00384	0.00419
15	0.00755	0.00515	0.00619	0.00631	0.00647	0.00526	0.00385	0.00791	0.00803	0.01085	0.01749	0.10634	0.01986	0.62807	0.13420	0.00532	0.00622	0.00810	0.00331	0.00352
16	0.01453	0.03704	0.15047	0.04846	0.12671	0.22846	0.12166	0.06332	0.04880	0.01643	0.00994	0.01216	0.00788	0.00608	0.01850	0.00174	0.07341	0.00446	0.00284	0.00711
17	0.00816	0.00674	0.00737	0.00732	0.00916	0.00663	0.00564	0.01273	0.18451	0.01655	0.08219	0.11015	0.41627	0.01224	0.00621	0.00188	0.00329	0.09247	0.00506	0.00541
18	0.00684	0.00516	0.00571	0.00595	0.00684	0.00470	0.00399	0.00766	0.01019	0.01277	0.03584	0.17668	0.36737	0.29398	0.01358	0.00303	0.00365	0.02773	0.00431	0.00400
19	0.01080	0.01224	0.09407	0.01973	0.22767	0.01039	0.24890	0.01420	0.01210	0.01673	0.07414	0.11401	0.05120	0.00764	0.00598	0.00180	0.00633	0.06194	0.00338	0.00675
20	0.01049	0.00863	0.04502	0.04365	0.01170	0.04097	0.00745	0.01345	0.07832	0.08535	0.08960	0.07536	0.01821	0.14813	0.24666	0.00435	0.05664	0.00671	0.00380	0.00551
21	0.00944	0.00619	0.00763	0.00786	0.00901	0.00604	0.00562	0.10104	0.01238	0.06772	0.02691	0.58486	0.05965	0.01393	0.00628	0.00198	0.00345	0.01240	0.05238	0.00522
22	0.01861	0.01242	0.01377	0.01098	0.01479	0.01338	0.00894	0.41021	0.19658	0.18181	0.01817	0.01705	0.04473	0.00688	0.00536	0.00165	0.00503	0.00543	0.00555	0.00865
23	0.02651	0.10550	0.30029	0.05750	0.03483	0.04749	0.07912	0.05144	0.03041	0.01714	0.09531	0.08117	0.03731	0.00688	0.00526	0.00165	0.00631	0.00584	0.00324	0.00681
24	0.01377	0.01451	0.01587	0.30468	0.04060	0.21310	0.04311	0.05194	0.12309	0.01565	0.01077	0.01336	0.00846	0.00608	0.00664	0.00172	0.10245	0.00461	0.00304	0.00654
25	0.00898	0.00710	0.01053	0.01316	0.19248	0.00746	0.00762	0.01051	0.00912	0.01294	0.01412	0.02382	0.01420	0.30558	0.31247	0.00546	0.00877	0.00614	0.02449	0.00506
26	0.04463	0.04884	0.10599	0.01545	0.12880	0.01097	0.15777	0.01650	0.12666	0.03218	0.09112	0.06423	0.01623	0.04371	0.00647	0.00185	0.00573	0.03605	0.00368	0.04313
27	0.01425	0.20655	0.09334	0.01456	0.14386	0.05755	0.04512	0.06306	0.08718	0.08014	0.04744	0.01369	0.01080	0.00542	0.00472	0.00142	0.00577	0.00441	0.00346	0.09726
28	0.01204	0.03733	0.54897	0.05873	0.05191	0.01136	0.01646	0.01708	0.01190	0.10688	0.06783	0.01425	0.01074	0.00562	0.00514	0.00166	0.00688	0.00455	0.00303	0.00764
29	0.00665	0.00462	0.00606	0.00721	0.00758	0.00433	0.00483	0.00766	0.01018	0.01387	0.02841	0.76259	0.03366	0.01593	0.00656	0.00209	0.00303	0.01441	0.05597	0.00433
30	0.01192	0.01268	0.08145	0.02177	0.34976	0.01160	0.12284	0.01746	0.15155	0.01798	0.05493	0.06827	0.01431	0.00659	0.00561	0.00172	0.00595	0.03253	0.00350	0.00758
31	0.01515	0.01415	0.14240	0.04290	0.07650	0.04669	0.14263	0.03384	0.13768	0.20835	0.02781	0.01681	0.01168	0.05143	0.00664	0.00188	0.00624	0.00540	0.00412	0.00769
32	0.00943	0.00642	0.00853	0.00902	0.01013	0.00663	0.00729	0.03824	0.08464	0.01514	0.02186	0.08817	0.02287	0.01471	0.01058	0.22800	0.00465	0.40481	0.00425	0.00463

[dist]
# distance from previous block
# <min> <max>
0	1

[block]
# block no. 2 follows, 46 sequences, length 35
# corresponding to MSA columns:
# 593-627
name=unknown_C
#
# <colnr> <probs for GDERKNQSTAVLIFYWHMCP>
#	G	D	E	R	K	N	Q	S	T	A	V	L	I	F	Y	W	H	M	C	P
0	0.39671	0.07941	0.01147	0.00838	0.01181	0.01181	0.00698	0.12151	0.03522	0.16186	0.09551	0.01457	0.01275	0.00608	0.00432	0.00159	0.00437	0.00439	0.00440	0.00686
1	0.01383	0.74959	0.09285	0.00956	0.01437	0.02018	0.00995	0.01591	0.01078	0.01281	0.00753	0.00871	0.00678	0.00457	0.00353	0.00118	0.00584	0.00292	0.00226	0.00687
2	0.00769	0.00513	0.00577	0.00577	0.00577	0.00513	0.00320	0.00769	0.00769	0.01025	0.01666	0.03460	0.01922	0.81421	0.02691	0.00513	0.00513	0.00769	0.00320	0.00320
3	0.00710	0.00530	0.00665	0.00688	0.00805	0.00485	0.00518	0.00899	0.01293	0.01732	0.36217	0.20925	0.21076	0.01309	0.00648	0.00189	0.00295	0.10016	0.00530	0.00471
4	0.00846	0.00672	0.01056	0.00966	0.01105	0.00747	0.07136	0.03884	0.00942	0.01336	0.01396	0.02073	0.01297	0.08185	0.64955	0.00745	0.01285	0.00580	0.00293	0.00500
5	0.81992	0.01079	0.00804	0.00721	0.01046	0.04156	0.00590	0.01575	0.00922	0.02331	0.00739	0.00862	0.00577	0.00493	0.00333	0.00163	0.00430	0.00288	0.00325	0.00574
6	0.00696	0.00506	0.00645	0.00675	0.00760	0.00467	0.00475	0.00856	0.01230	0.01679	0.36331	0.34586	0.11259	0.06409	0.00775	0.00209	0.00291	0.01176	0.00520	0.00455
7	0.00633	0.00536	0.00546	0.00544	0.00719	0.00450	0.00408	0.00774	0.01223	0.01472	0.09917	0.05016	0.73320	0.01323	0.00625	0.00178	0.00267	0.01106	0.00497	0.00450
8	0.19978	0.03715	0.04452	0.01241	0.01596	0.37880	0.07600	0.07720	0.01399	0.08360	0.00969	0.01076	0.00738	0.00537	0.00464	0.00151	0.00742	0.00381	0.00334	0.00668
9	0.02183	0.01203	0.01415	0.01085	0.01501	0.01227	0.00896	0.41086	0.02021	0.39263	0.01660	0.01523	0.01095	0.00644	0.00530	0.00161	0.00519	0.00503	0.00589	0.00899
10	0.00688	0.00599	0.02618	0.00675	0.00841	0.00499	0.00546	0.00855	0.01192	0.01475	0.06269	0.13121	0.50834	0.01369	0.00649	0.00195	0.00330	0.16295	0.00485	0.00463
11	0.01280	0.51964	0.31380	0.01132	0.01708	0.01766	0.01300	0.01617	0.01090	0.01406	0.00816	0.00949	0.00675	0.00471	0.00401	0.00134	0.00647	0.00323	0.00225	0.00717
12	0.85155	0.01022	0.00777	0.00695	0.01022	0.01186	0.00573	0.01554	0.00900	0.02372	0.00736	0.00859	0.00573	0.00491	0.00327	0.00164	0.00409	0.00286	0.00327	0.00573
13	0.01060	0.02735	0.78682	0.01507	0.02288	0.01228	0.01953	0.01674	0.01116	0.01674	0.00949	0.01116	0.00670	0.00502	0.00502	0.00167	0.00781	0.00391	0.00223	0.00781
14	0.01004	0.00948	0.01587	0.77275	0.03559	0.01191	0.01457	0.01348	0.01048	0.01348	0.00931	0.01400	0.00704	0.00543	0.00573	0.00178	0.03616	0.00470	0.00235	0.00587
15	0.01413	0.81739	0.02770	0.00905	0.01357	0.02092	0.00905	0.01583	0.01074	0.01244	0.00735	0.00848	0.00678	0.00452	0.00339	0.00113	0.00565	0.00283	0.00226	0.00678
16	0.01096	0.00940	0.01096	0.00783	0.01253	0.00705	0.00626	0.01331	0.01096	0.01723	0.00940	0.01096	0.00783	0.00392	0.00392	0.00078	0.00392	0.00313	0.00313	0.84653
17	0.00998	0.00940	0.01586	0.80150	0.03641	0.01175	0.01468	0.01351	0.01057	0.01351	0.00940	0.01409	0.00705	0.00529	0.00529	0.00176	0.00705	0.00470	0.00235	0.00587
18	0.01829	0.02298	0.01398	0.01284	0.01537	0.70700	0.00959	0.01962	0.01454	0.01304	0.01158	0.06204	0.04401	0.00651	0.00496	0.00143	0.00881	0.00449	0.00296	0.00594
19	0.00644	0.00460	0.00613	0.00736	0.00767	0.00429	0.00491	0.00736	0.01012	0.01350	0.02914	0.81076	0.03497	0.01656	0.00675	0.00215	0.00307	0.01503	0.00491	0.00429
20	0.01067	0.40263	0.04403	0.00903	0.01191	0.01310	0.03629	0.01239	0.01084	0.01366	0.05505	0.30594	0.01988	0.00950	0.00502	0.00160	0.00472	0.02447	0.00349	0.00578
21	0.00738	0.00569	0.00721	0.07463	0.00981	0.00580	0.00535	0.00869	0.00996	0.01297	0.07510	0.05257	0.25026	0.25943	0.18815	0.00429	0.00635	0.00832	0.00377	0.00429
22	0.00640	0.00506	0.00577	0.00623	0.00740	0.00443	0.00443	0.00765	0.01148	0.01443	0.09143	0.34820	0.43946	0.01446	0.00644	0.00192	0.00282	0.01257	0.00497	0.00443
23	0.00768	0.00514	0.00585	0.00585	0.00588	0.00517	0.00331	0.00774	0.00771	0.01031	0.01658	0.03418	0.01904	0.79078	0.05008	0.00523	0.00540	0.00763	0.00319	0.00325
24	0.01500	0.08808	0.25102	0.01246	0.01748	0.02931	0.01245	0.27894	0.19970	0.02335	0.01330	0.01350	0.00978	0.00597	0.00505	0.00162	0.00609	0.00460	0.00407	0.00823
25	0.00890	0.00723	0.00884	0.05787	0.00983	0.04010	0.03748	0.00948	0.00842	0.01108	0.01469	0.02925	0.01631	0.62006	0.02284	0.00435	0.07936	0.00697	0.00302	0.00390
26	0.00846	0.00606	0.00852	0.00966	0.01086	0.00612	0.00840	0.01086	0.01194	0.01560	0.02712	0.05718	0.02934	0.01619	0.05695	0.00282	0.00545	0.69890	0.00474	0.00486
27	0.01096	0.00940	0.01096	0.00783	0.01253	0.00705	0.00626	0.01331	0.01096	0.01723	0.00940	0.01096	0.00783	0.00392	0.00392	0.00078	0.00392	0.00313	0.00313	0.84653
28	0.03192	0.11899	0.23106	0.11848	0.11181	0.04339	0.04226	0.06836	0.08075	0.03402	0.01069	0.01246	0.00819	0.00532	0.00519	0.00158	0.02622	0.00428	0.00298	0.04204
29	0.00754	0.00511	0.00604	0.00625	0.00641	0.00507	0.00381	0.00791	0.00855	0.01145	0.05188	0.14413	0.02312	0.61967	0.03645	0.00451	0.00488	0.04008	0.00362	0.00353
30	0.00675	0.00532	0.00616	0.00660	0.00794	0.00473	0.00502	0.00826	0.01185	0.01481	0.08991	0.21136	0.45067	0.01410	0.00653	0.00196	0.00312	0.13542	0.00496	0.00453
31	0.01591	0.01433	0.08299	0.20553	0.14056	0.08438	0.04638	0.19599	0.01540	0.12937	0.01186	0.01350	0.00857	0.00558	0.00526	0.00163	0.00665	0.00469	0.00373	0.00770
32	0.01271	0.04199	0.01374	0.04902	0.01511	0.03870	0.05622	0.05479	0.41417	0.03551	0.02042	0.05536	0.06308	0.00797	0.00640	0.00182	0.06343	0.03767	0.00458	0.00731
33	0.00760	0.00546	0.00746	0.00746	0.00805	0.00605	0.00532	0.00878	0.00819	0.01151	0.01510	0.02599	0.01549	0.33240	0.50361	0.00722	0.01075	0.00643	0.00297	0.00415
34	0.01214	0.01074	0.03915	0.00865	0.01340	0.00845	0.00723	0.11101	0.01278	0.01930	0.00983	0.01119	0.00794	0.00427	0.00413	0.00092	0.00430	0.00337	0.00338	0.70782

[dist]
# distance from previous block
# <min> <max>
0	2

[block]
# block no. 3 follows, 46 sequences, length 108
# corresponding to MSA columns:
# 630-737
name=unknown_D
#
# <colnr> <probs for GDERKNQSTAVLIFYWHMCP>
#	G	D	E	R	K	N	Q	S	T	A	V	L	I	F	Y	W	H	M	C	P
0	0.00698	0.00499	0.00675	0.00798	0.00852	0.00476	0.00585	0.00829	0.01065	0.01410	0.02884	0.61563	0.03379	0.01605	0.00689	0.00222	0.00353	0.20483	0.00490	0.00444
1	0.17295	0.00705	0.00885	0.06414	0.01123	0.00788	0.02512	0.01035	0.00940	0.01507	0.01827	0.34752	0.02029	0.09242	0.09465	0.00301	0.07417	0.00907	0.00374	0.00482
2	0.01163	0.01156	0.01603	0.01376	0.01387	0.01607	0.01144	0.01333	0.03820	0.01309	0.00751	0.01189	0.00730	0.00917	0.01688	0.00229	0.77298	0.00468	0.00243	0.00588
3	0.00674	0.00464	0.00630	0.00736	0.00766	0.00441	0.00494	0.00740	0.00975	0.01304	0.02668	0.70522	0.03169	0.01764	0.03906	0.08141	0.00365	0.01368	0.00458	0.00412
4	0.06587	0.01046	0.01269	0.00996	0.01391	0.01027	0.00817	0.16778	0.10407	0.51132	0.01864	0.01667	0.01226	0.00649	0.00521	0.00164	0.00469	0.00515	0.00599	0.00875
5	0.01060	0.02735	0.78682	0.01507	0.02288	0.01228	0.01953	0.01674	0.01116	0.01674	0.00949	0.01116	0.00670	0.00502	0.00502	0.00167	0.00781	0.00391	0.00223	0.00781
6	0.01082	0.07689	0.73921	0.01469	0.02230	0.01282	0.01887	0.01668	0.01114	0.01647	0.00935	0.01099	0.00670	0.00499	0.00492	0.00164	0.00768	0.00384	0.00223	0.00775
7	0.00937	0.00620	0.00864	0.00960	0.01096	0.00610	0.00830	0.01171	0.01226	0.06394	0.02760	0.09294	0.02955	0.01419	0.00715	0.00237	0.00476	0.66428	0.00497	0.00510
8	0.00768	0.00513	0.00580	0.00579	0.00582	0.00512	0.00324	0.00774	0.00786	0.01050	0.03421	0.03471	0.01993	0.79570	0.02643	0.00505	0.00506	0.00773	0.00326	0.00324
9	0.01060	0.02735	0.78682	0.01507	0.02288	0.01228	0.01953	0.01674	0.01116	0.01674	0.00949	0.01116	0.00670	0.00502	0.00502	0.00167	0.00781	0.00391	0.00223	0.00781
10	0.00845	0.00693	0.00764	0.00719	0.00911	0.00689	0.00547	0.01371	0.21035	0.01861	0.28573	0.03901	0.33896	0.01092	0.00602	0.00175	0.00301	0.00928	0.00533	0.00565
11	0.00758	0.00510	0.00588	0.00594	0.00604	0.00505	0.00344	0.00781	0.00833	0.01118	0.06537	0.09357	0.02233	0.70353	0.02409	0.00468	0.00480	0.00836	0.00350	0.00340
12	0.02332	0.00964	0.01266	0.00971	0.01381	0.00872	0.00802	0.10684	0.01620	0.70230	0.01996	0.01741	0.01264	0.00652	0.00531	0.00163	0.00464	0.00526	0.00641	0.00900
13	0.00985	0.00493	0.00493	0.00493	0.00616	0.00493	0.00370	0.01232	0.01109	0.01971	0.01725	0.01971	0.01355	0.00616	0.00370	0.00123	0.00246	0.00493	0.84356	0.00493
14	0.00755	0.00566	0.00850	0.00850	0.00944	0.00661	0.00661	0.00944	0.00850	0.01227	0.01416	0.02077	0.01322	0.03965	0.79326	0.00850	0.01416	0.00566	0.00283	0.00472
15	0.00769	0.00513	0.00577	0.00577	0.00577	0.00513	0.00320	0.00769	0.00769	0.01025	0.01666	0.03460	0.01922	0.81421	0.02691	0.00513	0.00513	0.00769	0.00320	0.00320
16	0.01096	0.00940	0.01096	0.00783	0.01253	0.00705	0.00626	0.01331	0.01096	0.01723	0.00940	0.01096	0.00783	0.00392	0.00392	0.00078	0.00392	0.00313	0.00313	0.84653
17	0.00640	0.00535	0.00557	0.00555	0.00724	0.00452	0.00415	0.00787	0.01236	0.01509	0.13894	0.06323	0.67933	0.01314	0.00626	0.00178	0.00266	0.01104	0.00502	0.00452
18	0.01398	0.78267	0.06106	0.00931	0.01398	0.02054	0.00951	0.01587	0.01076	0.01263	0.00744	0.00860	0.00678	0.00454	0.00346	0.00115	0.00575	0.00287	0.00226	0.00683
19	0.00769	0.00513	0.00577	0.00577	0.00577	0.00513	0.00320	0.00769	0.00769	0.01025	0.01666	0.03460	0.01922	0.81421	0.02691	0.00513	0.00513	0.00769	0.00320	0.00320
20	0.01478	0.01652	0.01472	0.01302	0.01448	0.31433	0.01027	0.01789	0.11694	0.01401	0.00983	0.01284	0.00866	0.03980	0.01122	0.00199	0.35511	0.00447	0.00293	0.00617
21	0.01096	0.00940	0.01096	0.00783	0.01253	0.00705	0.00626	0.01331	0.01096	0.01723	0.00940	0.01096	0.00783	0.00392	0.00392	0.00078	0.00392	0.00313	0.00313	0.84653
22	0.01796	0.01598	0.01441	0.01168	0.01533	0.19935	0.00932	0.42607	0.06467	0.02554	0.05985	0.01387	0.01135	0.00623	0.00510	0.00147	0.00622	0.00466	0.00452	0.08642
23	0.01228	0.01064	0.01577	0.11008	0.32101	0.00982	0.01127	0.01507	0.01154	0.05230	0.01014	0.01250	0.00820	0.00451	0.00466	0.00125	0.00525	0.00404	0.00299	0.37669
24	0.03563	0.04814	0.10589	0.01562	0.01963	0.47051	0.19628	0.01929	0.01366	0.01458	0.00890	0.01082	0.00707	0.00511	0.00508	0.00150	0.00894	0.00413	0.00265	0.00658
25	0.01329	0.69184	0.07338	0.00920	0.01362	0.01889	0.00932	0.01534	0.01116	0.01353	0.07966	0.01155	0.01081	0.00514	0.00376	0.00121	0.00549	0.00352	0.00259	0.00668
26	0.01152	0.01059	0.04803	0.00844	0.01326	0.00788	0.00713	0.06053	0.01184	0.01821	0.00961	0.01108	0.00785	0.00412	0.00405	0.00088	0.00422	0.00327	0.00322	0.75426
27	0.01447	0.08510	0.14185	0.01344	0.08226	0.04812	0.06370	0.17213	0.03368	0.10229	0.17088	0.01835	0.01728	0.00662	0.00532	0.00159	0.00569	0.00557	0.00423	0.00744
28	0.01831	0.12060	0.01427	0.00960	0.01343	0.07755	0.00796	0.06424	0.05991	0.36431	0.04906	0.01588	0.01257	0.00712	0.03047	0.00166	0.00529	0.00473	0.00489	0.11815
29	0.00628	0.00534	0.00541	0.00542	0.00717	0.00447	0.00406	0.00764	0.01209	0.01444	0.07112	0.06315	0.74872	0.01338	0.00626	0.00179	0.00268	0.01118	0.00493	0.00447
30	0.01396	0.01176	0.01241	0.01092	0.01406	0.01353	0.00856	0.11371	0.68475	0.02342	0.02049	0.01891	0.01531	0.00708	0.00537	0.00177	0.00437	0.00584	0.00537	0.00844
31	0.00998	0.00940	0.01586	0.80150	0.03641	0.01175	0.01468	0.01351	0.01057	0.01351	0.00940	0.01409	0.00705	0.00529	0.00529	0.00176	0.00705	0.00470	0.00235	0.00587
32	0.01331	0.55687	0.20593	0.01151	0.01682	0.03539	0.06545	0.01624	0.01106	0.01378	0.00811	0.00955	0.00685	0.00466	0.00401	0.00131	0.00648	0.00334	0.00229	0.00704
33	0.06523	0.05348	0.16060	0.01391	0.05739	0.07468	0.14607	0.01866	0.10853	0.12476	0.04866	0.01722	0.04247	0.03789	0.00610	0.00178	0.00627	0.00536	0.00374	0.00720
34	0.00644	0.00460	0.00613	0.00736	0.00767	0.00429	0.00491	0.00736	0.01012	0.01350	0.02914	0.81076	0.03497	0.01656	0.00675	0.00215	0.00307	0.01503	0.00491	0.00429
35	0.02336	0.00957	0.01263	0.00968	0.01378	0.00863	0.00800	0.09896	0.01610	0.71034	0.02005	0.01747	0.01268	0.00652	0.00531	0.00163	0.00463	0.00526	0.00642	0.00900
36	0.03202	0.10380	0.38849	0.03197	0.02798	0.02592	0.01384	0.03957	0.02495	0.15500	0.05730	0.01465	0.02371	0.00594	0.00538	0.00163	0.03227	0.00458	0.00345	0.00756
37	0.01240	0.01289	0.05646	0.10451	0.54209	0.02945	0.04781	0.01552	0.01161	0.01633	0.01053	0.04803	0.00920	0.00558	0.00606	0.00167	0.05440	0.00516	0.00266	0.00766
38	0.00644	0.00460	0.00613	0.00736	0.00767	0.00429	0.00491	0.00736	0.01012	0.01350	0.02914	0.81076	0.03497	0.01656	0.00675	0.00215	0.00307	0.01503	0.00491	0.00429
39	0.01701	0.01104	0.01286	0.01130	0.04404	0.01173	0.00863	0.21162	0.28539	0.22122	0.01937	0.09128	0.01499	0.00758	0.00546	0.00172	0.00466	0.00629	0.00550	0.00831
40	0.01617	0.18587	0.01781	0.01319	0.05549	0.38753	0.04172	0.05370	0.04873	0.01490	0.04034	0.01234	0.00965	0.00795	0.05987	0.00190	0.01926	0.00408	0.00299	0.00652
41	0.00985	0.00493	0.00493	0.00493	0.00616	0.00493	0.00370	0.01232	0.01109	0.01971	0.01725	0.01971	0.01355	0.00616	0.00370	0.00123	0.00246	0.00493	0.84356	0.00493
42	0.00644	0.00460	0.00613	0.00736	0.00767	0.00429	0.00491	0.00736	0.01012	0.01350	0.02914	0.81076	0.03497	0.01656	0.00675	0.00215	0.00307	0.01503	0.00491	0.00429
43	0.00901	0.00575	0.00656	0.00626	0.00767	0.00571	0.00472	0.01263	0.08405	0.02047	0.36059	0.02937	0.04899	0.00852	0.00506	0.00149	0.00264	0.00726	0.36797	0.00527
44	0.03784	0.00941	0.01234	0.00952	0.01352	0.00851	0.00785	0.08915	0.01586	0.68275	0.04289	0.01802	0.01371	0.00663	0.00530	0.00163	0.00454	0.00535	0.00635	0.00882
45	0.01700	0.01509	0.01388	0.01172	0.01485	0.17808	0.00929	0.27557	0.25017	0.04808	0.01457	0.01461	0.01094	0.00659	0.00589	0.00163	0.05599	0.00487	0.04338	0.00781
46	0.01454	0.01606	0.13245	0.01462	0.11279	0.15582	0.06512	0.07146	0.03657	0.08056	0.04239	0.01337	0.01004	0.00528	0.00493	0.00139	0.00634	0.00437	0.00343	0.20848
47	0.01261	0.23941	0.44191	0.01380	0.02017	0.01510	0.08181	0.08601	0.01244	0.01713	0.00931	0.01085	0.00705	0.00496	0.00471	0.00153	0.00714	0.00390	0.00256	0.00758
48	0.00772	0.00525	0.00627	0.00659	0.00683	0.00522	0.00427	0.00822	0.00867	0.01149	0.01970	0.10657	0.02253	0.60666	0.02177	0.00440	0.00490	0.13571	0.00364	0.00359
49	0.01880	0.00791	0.01053	0.00848	0.01177	0.00688	0.00685	0.02080	0.01461	0.56017	0.14118	0.05056	0.10112	0.00825	0.00560	0.00167	0.00395	0.00691	0.00620	0.00774
50	0.01092	0.02310	0.60215	0.01434	0.02101	0.01163	0.06286	0.01708	0.05938	0.03653	0.08006	0.01462	0.01143	0.00568	0.00524	0.00169	0.00709	0.00473	0.00289	0.00758
51	0.08719	0.01831	0.05617	0.00734	0.00843	0.03795	0.00548	0.00981	0.00844	0.02485	0.03019	0.02318	0.01392	0.34729	0.04969	0.25371	0.00551	0.00578	0.00295	0.00382
52	0.01545	0.00825	0.00979	0.00844	0.01116	0.00828	0.00665	0.02128	0.23106	0.29485	0.07582	0.05490	0.01771	0.00738	0.00508	0.00161	0.00372	0.00615	0.20507	0.00735
53	0.00720	0.00531	0.00653	0.00635	0.00750	0.00486	0.00460	0.00910	0.01330	0.01818	0.50778	0.08952	0.18637	0.09995	0.00854	0.00210	0.00285	0.01001	0.00530	0.00465
54	0.01306	0.01003	0.01103	0.00851	0.01235	0.05677	0.00675	0.06308	0.02680	0.11055	0.14463	0.01693	0.01592	0.00574	0.00465	0.00114	0.00422	0.00468	0.00416	0.47901
55	0.00644	0.00460	0.00613	0.00736	0.00767	0.00429	0.00491	0.00736	0.01012	0.01350	0.02914	0.81076	0.03497	0.01656	0.00675	0.00215	0.00307	0.01503	0.00491	0.00429
56	0.01815	0.00758	0.01029	0.00875	0.01162	0.00665	0.00685	0.01983	0.01352	0.53613	0.02353	0.27365	0.02014	0.00977	0.00578	0.00180	0.00404	0.00845	0.00602	0.00748
57	0.00703	0.00526	0.00700	0.00740	0.00820	0.00492	0.02316	0.00864	0.02501	0.01531	0.19203	0.48182	0.10123	0.06456	0.00783	0.00219	0.00323	0.02568	0.00495	0.00454
58	0.01098	0.11121	0.70624	0.01443	0.02189	0.01319	0.01842	0.01665	0.01112	0.01629	0.00926	0.01088	0.00671	0.00497	0.00485	0.00162	0.00758	0.00379	0.00224	0.00770
59	0.01308	0.01256	0.02146	0.03245	0.78123	0.01256	0.01622	0.01622	0.01204	0.01727	0.00994	0.01308	0.00837	0.00471	0.00523	0.00157	0.00628	0.00471	0.00262	0.00837
60	0.00644	0.00460	0.00613	0.00736	0.00767	0.00429	0.00491	0.00736	0.01012	0.01350	0.02914	0.81076	0.03497	0.01656	0.00675	0.00215	0.00307	0.01503	0.00491	0.00429
61	0.01193	0.29958	0.48259	0.01339	0.01993	0.01532	0.05714	0.01644	0.01109	0.01527	0.00882	0.01041	0.00680	0.00482	0.00453	0.00149	0.00713	0.00366	0.00227	0.00742
62	0.04504	0.01453	0.01546	0.01195	0.01610	0.01613	0.00985	0.71140	0.05434	0.03258	0.01288	0.01285	0.00918	0.00634	0.00523	0.00160	0.00570	0.00475	0.00523	0.00887
63	0.01439	0.24427	0.24326	0.04799	0.01956	0.06465	0.09393	0.17784	0.01435	0.01875	0.00962	0.01110	0.00738	0.00514	0.00475	0.00150	0.00697	0.00404	0.00298	0.00751
64	0.00646	0.00470	0.00610	0.00714	0.00763	0.00434	0.00483	0.00749	0.01050	0.01388	0.06149	0.70868	0.10522	0.01603	0.00668	0.00209	0.00301	0.01445	0.00494	0.00434
65	0.00914	0.00767	0.00989	0.01189	0.14955	0.02249	0.00733	0.05794	0.04272	0.01711	0.14319	0.26490	0.21250	0.01152	0.00609	0.00182	0.00381	0.01014	0.00463	0.00568
66	0.00838	0.00731	0.05684	0.00759	0.00941	0.00609	0.00631	0.05004	0.01513	0.02134	0.65983	0.03709	0.04423	0.01036	0.00615	0.00169	0.00310	0.03818	0.00553	0.00537
67	0.02338	0.00954	0.01261	0.00966	0.01377	0.00858	0.00798	0.09483	0.01604	0.71454	0.02009	0.01750	0.01270	0.00652	0.00531	0.00163	0.00462	0.00526	0.00643	0.00900
68	0.01301	0.01248	0.02132	0.05108	0.76319	0.01254	0.01619	0.01616	0.01200	0.01718	0.00993	0.01311	0.00834	0.00472	0.00523	0.00157	0.00630	0.00471	0.00261	0.00831
69	0.00685	0.00487	0.00650	0.00734	0.00791	0.00455	0.01941	0.00803	0.01044	0.01428	0.04536	0.67684	0.06825	0.01519	0.00645	0.00204	0.00310	0.01372	0.07446	0.00442
70	0.01413	0.81739	0.02770	0.00905	0.01357	0.02092	0.00905	0.01583	0.01074	0.01244	0.00735	0.00848	0.00678	0.00452	0.00339	0.00113	0.00565	0.00283	0.00226	0.00678
