[name]
unknown

[dist]
# distance from previous block
# <min> <max>
4	76

[block]
# block no. 0 follows, 46 sequences, length 8
# corresponding to MSA columns:
# 234-241
name=unknown_A
#
# <colnr> <probs for GDERKNQSTAVLIFYWHMCP>
#	G	D	E	R	K	N	Q	S	T	A	V	L	I	F	Y	W	H	M	C	P
0	0.01172	0.01020	0.01148	0.08301	0.01450	0.04433	0.00782	0.07365	0.18174	0.01902	0.11431	0.01938	0.04648	0.03296	0.00614	0.00154	0.03333	0.00541	0.00410	0.27888
1	0.04211	0.07366	0.07081	0.01294	0.10546	0.04041	0.00981	0.20679	0.11931	0.08937	0.01853	0.09172	0.08125	0.00756	0.00527	0.00165	0.00520	0.00619	0.00441	0.00752
2	0.01319	0.07360	0.11862	0.01018	0.01354	0.06549	0.00927	0.05617	0.06106	0.12633	0.14605	0.02200	0.08562	0.00773	0.00645	0.00163	0.08297	0.02390	0.00423	0.07197
3	0.07846	0.15379	0.07222	0.01316	0.01678	0.49285	0.06905	0.01920	0.01338	0.01422	0.00827	0.00977	0.00681	0.00515	0.00456	0.00140	0.00833	0.00353	0.00265	0.00640
4	0.01072	0.00864	0.00925	0.00854	0.01070	0.03050	0.00651	0.07440	0.26641	0.04034	0.16690	0.14010	0.18488	0.01034	0.00589	0.00178	0.00369	0.00881	0.00524	0.00636
5	0.52873	0.00995	0.00926	0.00775	0.01119	0.01065	0.00634	0.07302	0.01172	0.13300	0.06977	0.01286	0.01065	0.00562	0.00401	0.00156	0.00414	0.00390	0.00408	0.08180
6	0.01118	0.00810	0.01001	0.00831	0.01093	0.00759	0.00651	0.01309	0.01079	0.08512	0.01494	0.16168	0.01409	0.00761	0.00646	0.00140	0.11859	0.00603	0.13256	0.36500
7	0.00974	0.03486	0.15658	0.00962	0.01224	0.12823	0.00866	0.01233	0.03488	0.01466	0.04462	0.31096	0.16062	0.01126	0.00589	0.00183	0.00503	0.02847	0.00403	0.00550

[dist]
# distance from previous block
# <min> <max>
0	1

[block]
# block no. 1 follows, 46 sequences, length 10
# corresponding to MSA columns:
# 243-245,274-280
name=unknown_B
#
# <colnr> <probs for GDERKNQSTAVLIFYWHMCP>
#	G	D	E	R	K	N	Q	S	T	A	V	L	I	F	Y	W	H	M	C	P
0	0.10293	0.01269	0.01914	0.20500	0.25498	0.04404	0.13386	0.13022	0.01352	0.01930	0.01001	0.01283	0.00776	0.00511	0.00519	0.00165	0.00671	0.00471	0.00305	0.00731
1	0.00850	0.01407	0.30837	0.01081	0.01457	0.00795	0.05057	0.01163	0.01095	0.01499	0.02436	0.26384	0.16046	0.01088	0.00650	0.03354	0.00525	0.03332	0.00366	0.00578
2	0.01083	0.06973	0.16544	0.01085	0.05324	0.03195	0.03073	0.01329	0.01103	0.09212	0.04947	0.10574	0.09234	0.12563	0.11148	0.00306	0.00655	0.00695	0.00363	0.00595
3	0.00962	0.00869	0.00909	0.00886	0.01000	0.13186	0.04396	0.01103	0.01052	0.01363	0.01914	0.30863	0.02065	0.11686	0.15722	0.00347	0.00669	0.00892	0.09641	0.00475
4	0.01001	0.00952	0.01729	0.01878	0.24448	0.00915	0.20682	0.01252	0.01131	0.01553	0.01856	0.36312	0.01994	0.00984	0.00616	0.00188	0.00556	0.00964	0.00364	0.00626
5	0.00937	0.10878	0.01475	0.21785	0.01847	0.01025	0.08456	0.01145	0.01038	0.01365	0.01750	0.35376	0.01904	0.01027	0.00680	0.00190	0.07331	0.00903	0.00346	0.00543
6	0.01262	0.01185	0.09515	0.35358	0.04900	0.01122	0.13511	0.01603	0.01156	0.13889	0.01258	0.06380	0.00991	0.00622	0.00615	0.00178	0.04897	0.00561	0.00323	0.00675
7	0.01987	0.00862	0.01140	0.00908	0.01233	0.00793	0.00729	0.09606	0.01477	0.53046	0.07119	0.01865	0.01462	0.00873	0.00785	0.13786	0.00451	0.00544	0.00568	0.00763
8	0.01498	0.14154	0.36087	0.01222	0.01793	0.01299	0.01345	0.07258	0.09601	0.18715	0.01321	0.01330	0.00931	0.00561	0.00490	0.00159	0.00621	0.00434	0.00375	0.00806
9	0.01030	0.01324	0.18980	0.01121	0.06083	0.08223	0.00966	0.05695	0.01259	0.01689	0.18330	0.12707	0.05309	0.10666	0.04086	0.00239	0.00571	0.00747	0.00387	0.00586

[dist]
# distance from previous block
# <min> <max>
0	1

[block]
# block no. 2 follows, 46 sequences, length 23
# corresponding to MSA columns:
# 282-304
name=unknown_C
#
# <colnr> <probs for GDERKNQSTAVLIFYWHMCP>
#	G	D	E	R	K	N	Q	S	T	A	V	L	I	F	Y	W	H	M	C	P
0	0.00902	0.00796	0.00854	0.00847	0.00950	0.10608	0.02455	0.01039	0.01003	0.01300	0.01953	0.22852	0.05364	0.13585	0.28009	0.00458	0.00810	0.00833	0.04916	0.00463
1	0.01465	0.09800	0.04602	0.16426	0.02000	0.24395	0.09309	0.06576	0.01366	0.05570	0.07341	0.04238	0.01213	0.00616	0.00512	0.00155	0.00703	0.00506	0.02560	0.00647
2	0.01431	0.05453	0.14592	0.15584	0.09874	0.25973	0.08161	0.05637	0.01336	0.01593	0.04736	0.01301	0.00935	0.00545	0.00512	0.00156	0.00770	0.00446	0.00283	0.00681
3	0.55235	0.03333	0.01233	0.04662	0.04936	0.13699	0.06911	0.01649	0.01049	0.02040	0.00797	0.00966	0.00629	0.00496	0.00394	0.00159	0.00563	0.00339	0.00304	0.00606
4	0.01755	0.16484	0.01736	0.10894	0.01830	0.55968	0.01055	0.01924	0.01369	0.01292	0.00817	0.00990	0.00683	0.00526	0.00458	0.00137	0.00854	0.00346	0.00260	0.00621
5	0.00955	0.01470	0.29606	0.01370	0.11077	0.00924	0.01235	0.01357	0.03692	0.01692	0.14727	0.13584	0.03863	0.00967	0.02598	0.00199	0.02955	0.06718	0.00368	0.00646
6	0.01150	0.04239	0.20814	0.14457	0.17232	0.01205	0.11585	0.05096	0.02603	0.01671	0.01252	0.07035	0.03011	0.00613	0.00568	0.00168	0.02799	0.00553	0.00289	0.03661
7	0.03622	0.10279	0.05309	0.03238	0.03292	0.13754	0.03655	0.10878	0.02737	0.06809	0.01057	0.01351	0.00885	0.04244	0.08070	0.00247	0.19139	0.00452	0.00321	0.00662
8	0.02195	0.01183	0.01402	0.01075	0.01491	0.01197	0.00888	0.38515	0.01987	0.41882	0.01688	0.01541	0.01109	0.00645	0.00530	0.00161	0.00514	0.00505	0.00593	0.00899
9	0.00639	0.00538	0.00556	0.00555	0.00729	0.00454	0.00419	0.00784	0.01227	0.01483	0.10707	0.05023	0.70720	0.01322	0.00627	0.00179	0.00272	0.02816	0.00498	0.00451
10	0.00741	0.00519	0.00667	0.00690	0.00725	0.00542	0.00456	0.00816	0.00839	0.01148	0.01824	0.17642	0.02035	0.42750	0.25722	0.00559	0.00750	0.00845	0.00341	0.00387
11	0.00815	0.00645	0.00926	0.00893	0.00961	0.00781	0.00689	0.00969	0.00833	0.01208	0.01343	0.02121	0.01308	0.13509	0.58145	0.00716	0.12810	0.00577	0.00280	0.00468
12	0.01326	0.01432	0.02963	0.02125	0.02648	0.01368	0.68518	0.09324	0.01374	0.01861	0.01090	0.01410	0.00812	0.00465	0.00614	0.00176	0.00860	0.00609	0.00294	0.00732
13	0.01042	0.00861	0.00954	0.00874	0.01098	0.00934	0.00672	0.01952	0.42291	0.02104	0.30138	0.02991	0.10081	0.00909	0.00577	0.00174	0.00342	0.00778	0.00550	0.00676
14	0.00987	0.01062	0.07598	0.20868	0.20648	0.00974	0.08405	0.01287	0.01147	0.01538	0.04647	0.10289	0.14556	0.00871	0.02661	0.00193	0.00596	0.00716	0.00328	0.00629
15	0.02051	0.01172	0.01369	0.01070	0.01458	0.01204	0.00875	0.41168	0.01986	0.33223	0.01720	0.07497	0.01259	0.00720	0.00541	0.00165	0.00508	0.00576	0.00576	0.00864
16	0.00774	0.00636	0.01035	0.00967	0.01080	0.00602	0.13129	0.00915	0.01017	0.01360	0.02385	0.51503	0.02757	0.15249	0.01017	0.00261	0.00447	0.03982	0.00424	0.00460
17	0.18734	0.00652	0.00684	0.00657	0.00793	0.00713	0.00482	0.03056	0.00953	0.01676	0.01418	0.02128	0.01317	0.22334	0.18923	0.00399	0.00625	0.00537	0.23448	0.00471
18	0.01527	0.01067	0.01945	0.01482	0.01852	0.01017	0.32110	0.01812	0.01274	0.27715	0.01702	0.12250	0.01414	0.00752	0.00683	0.00185	0.06342	0.03715	0.00435	0.00720
19	0.13410	0.01198	0.01400	0.01113	0.01480	0.01289	0.06971	0.33867	0.11769	0.11537	0.01491	0.05088	0.01132	0.00658	0.00508	0.00165	0.00515	0.00532	0.05092	0.00786
20	0.01527	0.01132	0.01425	0.03400	0.17769	0.01192	0.00990	0.24917	0.14323	0.10744	0.04757	0.02025	0.09106	0.03539	0.00619	0.00177	0.00506	0.00595	0.00471	0.00786
21	0.01338	0.22209	0.04751	0.17526	0.02203	0.04692	0.18219	0.05089	0.04645	0.04680	0.01003	0.01248	0.00792	0.00549	0.00622	0.00163	0.08845	0.00456	0.00285	0.00685
22	0.01074	0.05966	0.14762	0.05642	0.01839	0.01083	0.20552	0.04864	0.04644	0.01662	0.01642	0.18692	0.01598	0.00847	0.00612	0.00184	0.02691	0.07236	0.03773	0.00637

[dist]
# distance from previous block
# <min> <max>
4	53

[block]
# block no. 3 follows, 46 sequences, length 7
# corresponding to MSA columns:
# 466-472
name=unknown_D
#
# <colnr> <probs for GDERKNQSTAVLIFYWHMCP>
#	G	D	E	R	K	N	Q	S	T	A	V	L	I	F	Y	W	H	M	C	P
0	0.06108	0.13633	0.14402	0.03471	0.05949	0.37071	0.01178	0.09286	0.01413	0.01635	0.00881	0.01023	0.00704	0.00526	0.00462	0.00144	0.00779	0.00362	0.00285	0.00688
1	0.03836	0.26603	0.09510	0.03537	0.16969	0.01449	0.05828	0.05310	0.05555	0.09771	0.01112	0.01235	0.00864	0.00510	0.00458	0.00144	0.00585	0.00416	0.02104	0.04205
2	0.00738	0.00548	0.00645	0.00691	0.00766	0.00533	0.00471	0.00925	0.06695	0.01348	0.02952	0.34174	0.16957	0.24550	0.01240	0.00293	0.00377	0.05217	0.00445	0.00435
3	0.00752	0.00557	0.00663	0.00698	0.00804	0.00524	0.00509	0.03985	0.01148	0.01476	0.07479	0.27438	0.26679	0.11874	0.00957	0.02467	0.00357	0.10719	0.00468	0.00446
4	0.01300	0.01403	0.06766	0.10401	0.10894	0.03934	0.37088	0.11748	0.01374	0.01843	0.01197	0.07323	0.00999	0.00580	0.00581	0.00174	0.00752	0.00613	0.00313	0.00718
5	0.01374	0.01470	0.05526	0.01479	0.13326	0.21813	0.03563	0.10386	0.05546	0.01658	0.01232	0.03723	0.01079	0.05269	0.19834	0.00342	0.00892	0.00511	0.00324	0.00653
6	0.00878	0.00590	0.00699	0.00665	0.00838	0.00531	0.00501	0.01106	0.04354	0.09732	0.28281	0.13188	0.34263	0.01195	0.00617	0.00177	0.00291	0.01027	0.00540	0.00525

[dist]
# distance from previous block
# <min> <max>
7	29

[block]
# block no. 4 follows, 46 sequences, length 13
# corresponding to MSA columns:
# 505-517
name=unknown_E
#
# <colnr> <probs for GDERKNQSTAVLIFYWHMCP>
#	G	D	E	R	K	N	Q	S	T	A	V	L	I	F	Y	W	H	M	C	P
0	0.04358	0.02764	0.01023	0.00959	0.03276	0.02797	0.02993	0.10887	0.09575	0.03517	0.05064	0.32441	0.05236	0.08951	0.00800	0.00220	0.00434	0.03670	0.00460	0.00576
1	0.01253	0.09397	0.20437	0.05697	0.07864	0.01209	0.19186	0.05153	0.01250	0.07193	0.01491	0.01723	0.07623	0.00592	0.00532	0.00161	0.00661	0.02438	0.00319	0.05822
2	0.07715	0.31959	0.09804	0.01194	0.07285	0.08173	0.01027	0.10718	0.01311	0.06304	0.00950	0.01053	0.00757	0.00497	0.00420	0.00133	0.00591	0.00354	0.00311	0.09444
3	0.01132	0.00894	0.00986	0.00881	0.04033	0.04608	0.00651	0.07634	0.03694	0.07468	0.12319	0.07309	0.21525	0.00861	0.00534	0.00146	0.00394	0.00721	0.00451	0.23759
4	0.01238	0.02844	0.04302	0.03932	0.03161	0.01018	0.07261	0.10883	0.14744	0.04744	0.03559	0.01971	0.10783	0.02173	0.00548	0.00151	0.00480	0.00558	0.02581	0.23069
5	0.01389	0.25874	0.08798	0.06308	0.01649	0.10616	0.04090	0.10428	0.12863	0.01699	0.01213	0.04386	0.01032	0.03817	0.03498	0.00190	0.00652	0.00472	0.00332	0.00694
6	0.04665	0.01166	0.01168	0.03831	0.01353	0.13407	0.00766	0.01507	0.04136	0.04781	0.04823	0.07530	0.01215	0.00631	0.00579	0.00131	0.08024	0.00480	0.00346	0.39461
7	0.01148	0.02511	0.03456	0.06044	0.06015	0.02207	0.04481	0.12527	0.06625	0.03119	0.07616	0.11829	0.04319	0.01337	0.13494	0.00280	0.04928	0.00675	0.00392	0.06995
8	0.01421	0.20052	0.21520	0.01218	0.04105	0.07328	0.02842	0.11563	0.03035	0.08491	0.05308	0.01507	0.04076	0.00762	0.04384	0.00185	0.00662	0.00465	0.00347	0.00729
9	0.49369	0.15495	0.01310	0.00861	0.01223	0.07298	0.00731	0.11259	0.01209	0.05862	0.00875	0.00962	0.00677	0.00514	0.00376	0.00152	0.00502	0.00326	0.00347	0.00652
10	0.00797	0.00621	0.00716	0.00723	0.00794	0.04427	0.00502	0.00905	0.00997	0.01325	0.13247	0.15673	0.07055	0.26474	0.20925	0.02487	0.00671	0.00857	0.00383	0.00422
11	0.01535	0.10057	0.15189	0.02820	0.10166	0.05444	0.04564	0.07117	0.18478	0.15283	0.01416	0.01444	0.01038	0.00588	0.00536	0.00162	0.02490	0.00476	0.00400	0.00798
12	0.01256	0.37108	0.07917	0.21671	0.17201	0.01608	0.03459	0.01541	0.01104	0.01411	0.00864	0.01119	0.00719	0.00479	0.00444	0.00144	0.00639	0.00385	0.00236	0.00695

[dist]
# distance from previous block
# <min> <max>
11	21

[block]
# block no. 5 follows, 46 sequences, length 40
# corresponding to MSA columns:
# 539-578
name=unknown_F
#
# <colnr> <probs for GDERKNQSTAVLIFYWHMCP>
#	G	D	E	R	K	N	Q	S	T	A	V	L	I	F	Y	W	H	M	C	P
0	0.01256	0.00944	0.00995	0.00904	0.01156	0.01062	0.00701	0.02350	0.52869	0.04673	0.02027	0.01966	0.01530	0.00686	0.00489	0.00163	0.00370	0.00565	0.24555	0.00740
1	0.00725	0.00538	0.00668	0.00637	0.00767	0.00489	0.00473	0.00943	0.01413	0.01945	0.60902	0.04155	0.19186	0.04000	0.00698	0.00181	0.00262	0.00981	0.00555	0.00482
2	0.00678	0.00520	0.00608	0.00659	0.00754	0.00478	0.00456	0.00834	0.03802	0.01418	0.07430	0.40281	0.29827	0.08721	0.00833	0.00225	0.00313	0.01239	0.00482	0.00444
3	0.01233	0.01383	0.02986	0.02147	0.02646	0.01314	0.71170	0.01644	0.01214	0.01653	0.01052	0.01424	0.00803	0.00510	0.00710	0.03195	0.03345	0.00613	0.00265	0.00692
4	0.00641	0.00487	0.00590	0.00668	0.00750	0.00437	0.00461	0.00751	0.01090	0.01398	0.05923	0.53611	0.28218	0.01534	0.00657	0.00201	0.00292	0.01358	0.00493	0.00437
5	0.01440	0.00774	0.00860	0.00733	0.00971	0.00785	0.00581	0.15497	0.03880	0.16507	0.03402	0.01852	0.01350	0.00640	0.00440	0.00140	0.00352	0.00510	0.48627	0.00655
6	0.01308	0.01256	0.02146	0.03245	0.78123	0.01256	0.01622	0.01622	0.01204	0.01727	0.00994	0.01308	0.00837	0.00471	0.00523	0.00157	0.00628	0.00471	0.00262	0.00837
7	0.23898	0.05539	0.14450	0.01059	0.01472	0.11428	0.00986	0.21983	0.01486	0.03912	0.01046	0.01147	0.00784	0.00552	0.00440	0.00153	0.00584	0.00386	0.07987	0.00707
8	0.00825	0.00610	0.00764	0.00705	0.00824	0.00597	0.00490	0.00931	0.00856	0.01222	0.01448	0.02562	0.01511	0.40686	0.27656	0.00543	0.00789	0.00617	0.00307	0.16054
9	0.01656	0.01817	0.01398	0.13287	0.01837	0.43142	0.01015	0.02130	0.18207	0.05743	0.01352	0.01433	0.03487	0.00613	0.00506	0.00155	0.00746	0.00453	0.00354	0.00669
10	0.01281	0.00980	0.01133	0.00866	0.01291	0.00851	0.00690	0.01799	0.18459	0.09945	0.01337	0.01370	0.01028	0.00493	0.00440	0.00110	0.00404	0.00401	0.00400	0.56722
11	0.01257	0.02371	0.12917	0.09946	0.01550	0.00827	0.00967	0.03902	0.01271	0.19935	0.11150	0.14682	0.02095	0.01115	0.05535	0.00225	0.00553	0.08597	0.00454	0.00649
12	0.01611	0.01086	0.01204	0.01027	0.01332	0.03327	0.00813	0.14349	0.35199	0.18880	0.04049	0.01927	0.01479	0.00818	0.00680	0.07838	0.00467	0.02608	0.00526	0.00780
13	0.01310	0.01188	0.01157	0.01055	0.01326	0.08290	0.00811	0.04917	0.57945	0.02057	0.02196	0.09151	0.04661	0.00808	0.00548	0.00178	0.00456	0.00673	0.00507	0.00766
14	0.05791	0.00854	0.01009	0.00896	0.01099	0.00955	0.00706	0.22646	0.02929	0.01992	0.02805	0.01884	0.01272	0.07041	0.36865	0.00495	0.00909	0.00538	0.08714	0.00601
15	0.01582	0.01160	0.01293	0.01086	0.01390	0.01260	0.00878	0.51324	0.02022	0.02702	0.01801	0.18678	0.01706	0.00950	0.00584	0.00181	0.00512	0.09628	0.00516	0.00750
16	0.01034	0.00883	0.01210	0.03662	0.20446	0.00915	0.00900	0.01609	0.20737	0.01944	0.28352	0.05297	0.06925	0.00863	0.00579	0.00172	0.00410	0.02925	0.00470	0.00667
17	0.00909	0.00766	0.01036	0.00949	0.00976	0.00960	0.00721	0.01006	0.00825	0.01198	0.03389	0.02272	0.01402	0.29823	0.21562	0.00483	0.30371	0.00610	0.00285	0.00459
18	0.01388	0.06834	0.22015	0.03669	0.05278	0.18450	0.08027	0.07619	0.01318	0.01713	0.00984	0.01162	0.00765	0.00502	0.00477	0.00141	0.00702	0.00400	0.04665	0.13892
19	0.01175	0.09901	0.50629	0.01745	0.11615	0.03777	0.10575	0.01675	0.01151	0.01630	0.00944	0.01146	0.00707	0.00488	0.00503	0.00161	0.00760	0.00416	0.00235	0.00765
20	0.00674	0.00558	0.00669	0.00677	0.00833	0.00490	0.02914	0.00823	0.01172	0.01440	0.04473	0.19205	0.53092	0.01383	0.00646	0.00193	0.00320	0.09497	0.00483	0.00456
21	0.01053	0.00756	0.01069	0.00979	0.01103	0.00823	0.04302	0.02106	0.01122	0.11152	0.09207	0.26737	0.06830	0.04864	0.00979	0.00219	0.18255	0.07450	0.00444	0.00548
22	0.04317	0.01621	0.22638	0.16294	0.07927	0.07725	0.01315	0.08031	0.02923	0.16367	0.01222	0.01349	0.00869	0.00554	0.00503	0.00161	0.00647	0.00444	0.02781	0.02312
23	0.01424	0.01608	0.25240	0.01213	0.01665	0.01197	0.02868	0.29622	0.01621	0.07250	0.01449	0.11795	0.01234	0.01044	0.08088	0.00236	0.00686	0.00600	0.00408	0.00756
24	0.01545	0.31364	0.01949	0.04845	0.05412	0.20626	0.00964	0.10279	0.03137	0.01619	0.00903	0.01035	0.00751	0.00497	0.00425	0.00125	0.00642	0.00349	0.00295	0.13236
25	0.25621	0.01054	0.01095	0.00937	0.01275	0.01151	0.00751	0.04521	0.34046	0.21557	0.01704	0.01589	0.01218	0.00634	0.00476	0.00170	0.00428	0.00488	0.00507	0.00779
26	0.12668	0.06304	0.01236	0.00896	0.01267	0.03275	0.00740	0.12513	0.01437	0.32400	0.01481	0.01455	0.01038	0.00672	0.02680	0.00164	0.00487	0.00442	0.08102	0.10742
27	0.00642	0.00534	0.00561	0.00560	0.00726	0.00453	0.00418	0.00790	0.01238	0.01519	0.15079	0.07519	0.65512	0.01315	0.00626	0.00178	0.00267	0.01107	0.00503	0.00453
28	0.00985	0.00856	0.07972	0.00918	0.01095	0.00791	0.00774	0.10738	0.01047	0.01467	0.01235	0.01772	0.01110	0.02706	0.43334	0.20875	0.01020	0.00513	0.00297	0.00497
29	0.00704	0.00501	0.00658	0.00742	0.00799	0.00476	0.00527	0.00831	0.01087	0.01457	0.13051	0.49016	0.04875	0.10231	0.00895	0.00244	0.00348	0.12638	0.00484	0.00436
30	0.01444	0.01122	0.01203	0.01041	0.01357	0.01252	0.00821	0.14937	0.52374	0.07751	0.02290	0.02125	0.08398	0.00755	0.00544	0.00175	0.00434	0.00620	0.00540	0.00816
31	0.00675	0.00508	0.00627	0.00670	0.00770	0.00459	0.00481	0.00828	0.01208	0.01598	0.25006	0.36464	0.23624	0.01401	0.00649	0.00192	0.00286	0.03579	0.00517	0.00456
32	0.00692	0.00485	0.00595	0.00663	0.00690	0.00463	0.00420	0.00750	0.00928	0.01228	0.02565	0.46656	0.07037	0.32653	0.01456	0.00328	0.00385	0.01196	0.00424	0.00388
33	0.01178	0.01032	0.01713	0.50217	0.25363	0.01172	0.01449	0.02882	0.01151	0.05740	0.01061	0.02861	0.00832	0.00541	0.00530	0.00170	0.00659	0.00493	0.00276	0.00681
34	0.03552	0.00961	0.01298	0.01141	0.01184	0.01287	0.00937	0.01233	0.00871	0.01424	0.00969	0.01407	0.00886	0.01231	0.10995	0.00286	0.54002	0.00476	0.15310	0.00550
35	0.03535	0.00942	0.01038	0.00842	0.01144	0.00955	0.00677	0.27131	0.01656	0.11940	0.06678	0.01936	0.06417	0.00682	0.00479	0.00144	0.00405	0.00542	0.24536	0.08322
36	0.01351	0.20562	0.01831	0.43640	0.02623	0.08469	0.01211	0.04522	0.01198	0.08392	0.00996	0.01263	0.00759	0.00527	0.00479	0.00156	0.00666	0.00419	0.00286	0.00652
37	0.01614	0.01205	0.01324	0.01036	0.01419	0.01255	0.00841	0.42930	0.09469	0.05161	0.08425	0.01716	0.04345	0.00666	0.00517	0.00147	0.00483	0.00528	0.00497	0.16420
38	0.01205	0.03567	0.08202	0.05974	0.11298	0.00889	0.00886	0.06121	0.01228	0.05694	0.02657	0.01504	0.01058	0.00532	0.00438	0.00128	0.00450	0.00437	0.26201	0.21529
39	0.03248	0.20295	0.38978	0.03780	0.01922	0.01325	0.08225	0.01519	0.01102	0.01545	0.01180	0.10427	0.01070	0.00644	0.00498	0.00164	0.00668	0.02452	0.00269	0.00692

[dist]
# distance from previous block
# <min> <max>
1	6

[block]
# block no. 6 follows, 46 sequences, length 6
# corresponding to MSA columns:
# 586-591
name=unknown_G
#
# <colnr> <probs for GDERKNQSTAVLIFYWHMCP>
#	G	D	E	R	K	N	Q	S	T	A	V	L	I	F	Y	W	H	M	C	P
0	0.00750	0.00613	0.00676	0.00687	0.00852	0.00579	0.00523	0.01078	0.11324	0.01581	0.08946	0.15048	0.45523	0.01295	0.00630	0.00189	0.00314	0.08387	0.00503	0.00503
1	0.00927	0.00569	0.00674	0.00714	0.00832	0.00571	0.00558	0.05194	0.01190	0.01799	0.02258	0.21531	0.02271	0.01080	0.00544	0.00178	0.00341	0.19970	0.38302	0.00499
2	0.00651	0.00490	0.00603	0.00673	0.00755	0.00442	0.00468	0.00773	0.01121	0.01461	0.12301	0.51505	0.23833	0.01503	0.00655	0.00199	0.00289	0.01334	0.00501	0.00442
3	0.01069	0.06053	0.12494	0.39049	0.08043	0.01168	0.01329	0.01410	0.01085	0.01499	0.03636	0.01353	0.00871	0.00535	0.00559	0.00157	0.04918	0.00439	0.00259	0.14072
4	0.00697	0.00509	0.00589	0.00615	0.00684	0.00473	0.00404	0.00783	0.01025	0.01332	0.11288	0.23310	0.22766	0.31530	0.01415	0.00312	0.00368	0.01064	0.00437	0.00400
5	0.01556	0.20803	0.06548	0.01546	0.17689	0.08601	0.01120	0.14586	0.06950	0.07779	0.01150	0.01266	0.00900	0.00646	0.02684	0.00168	0.02497	0.00427	0.02317	0.00766

[dist]
# distance from previous block
# <min> <max>
3	9

[block]
# block no. 7 follows, 46 sequences, length 24
# corresponding to MSA columns:
# 601-624
name=unknown_H
#
# <colnr> <probs for GDERKNQSTAVLIFYWHMCP>
#	G	D	E	R	K	N	Q	S	T	A	V	L	I	F	Y	W	H	M	C	P
0	0.00959	0.00970	0.07392	0.01184	0.01445	0.00845	0.17165	0.05474	0.02016	0.01563	0.01791	0.22361	0.01844	0.06924	0.15834	0.00337	0.00732	0.06590	0.00365	0.04209
1	0.03719	0.05414	0.12658	0.01478	0.18145	0.01065	0.01093	0.08196	0.01311	0.11317	0.05242	0.01381	0.01068	0.00521	0.00474	0.00135	0.00525	0.00432	0.00360	0.25467
2	0.04568	0.11208	0.15473	0.01416	0.06392	0.44304	0.01190	0.04147	0.03873	0.01511	0.00897	0.01032	0.00722	0.00529	0.00467	0.00144	0.00812	0.00362	0.00276	0.00679
3	0.00690	0.00502	0.00648	0.00702	0.00763	0.00491	0.00484	0.00801	0.01004	0.01346	0.08661	0.40163	0.11265	0.14833	0.14761	0.00366	0.00525	0.01134	0.00434	0.00427
4	0.00768	0.00516	0.00592	0.00592	0.00598	0.00521	0.00340	0.00779	0.00773	0.01037	0.01651	0.03379	0.01887	0.76910	0.07154	0.00532	0.00565	0.00757	0.00318	0.00329
5	0.01240	0.01956	0.36804	0.14727	0.11772	0.05218	0.11364	0.04540	0.01222	0.04718	0.01019	0.01253	0.00748	0.00509	0.00526	0.00167	0.00752	0.00450	0.00267	0.00748
6	0.01244	0.01441	0.14780	0.02022	0.28167	0.01311	0.05491	0.06498	0.01199	0.03072	0.06941	0.01454	0.01105	0.00658	0.00859	0.00181	0.22047	0.00503	0.00297	0.00730
7	0.00761	0.00579	0.00713	0.00703	0.00824	0.00583	0.00520	0.04159	0.01094	0.01444	0.09405	0.09522	0.26683	0.12778	0.27338	0.00449	0.00701	0.00874	0.00408	0.00461
8	0.09969	0.01077	0.01202	0.00988	0.01312	0.02972	0.00794	0.23829	0.09487	0.24014	0.01573	0.01683	0.01170	0.05725	0.11529	0.00278	0.00631	0.00512	0.00494	0.00762
9	0.04928	0.01350	0.01463	0.01511	0.16424	0.10073	0.01014	0.23048	0.20639	0.05775	0.03223	0.01524	0.01166	0.00618	0.00510	0.00160	0.00554	0.00497	0.04726	0.00796
10	0.00644	0.00507	0.00584	0.00637	0.00751	0.00446	0.00457	0.00769	0.01136	0.01425	0.06773	0.36501	0.42164	0.01465	0.00649	0.00195	0.00290	0.03671	0.00494	0.00442
11	0.01254	0.01032	0.01026	0.00852	0.01144	0.12586	0.00661	0.04101	0.01406	0.10106	0.30369	0.02347	0.04512	0.00739	0.00519	0.00135	0.00432	0.00612	0.00458	0.25707
12	0.06477	0.10186	0.15114	0.08726	0.06105	0.08064	0.01112	0.08556	0.04070	0.06935	0.11589	0.01749	0.01483	0.02446	0.00571	0.00176	0.00601	0.00516	0.02792	0.02733
13	0.01159	0.01565	0.24390	0.32000	0.18616	0.01202	0.07025	0.01580	0.01138	0.04881	0.01013	0.01320	0.00755	0.00508	0.00527	0.00169	0.00714	0.00461	0.00258	0.00719
14	0.00813	0.00565	0.00666	0.00643	0.00741	0.00543	0.00440	0.00987	0.04385	0.04216	0.23543	0.06401	0.16105	0.33384	0.04047	0.00332	0.00413	0.00885	0.00449	0.00444
15	0.01175	0.01034	0.01682	0.41837	0.22225	0.01154	0.04324	0.01601	0.07777	0.05963	0.01356	0.01643	0.04795	0.00576	0.00537	0.00171	0.00631	0.00524	0.00307	0.00689
16	0.01407	0.05226	0.13638	0.18016	0.08731	0.15058	0.14539	0.11693	0.01375	0.01741	0.00976	0.01229	0.00748	0.00530	0.00556	0.00163	0.02923	0.00455	0.00287	0.00710
17	0.07099	0.00825	0.00923	0.00794	0.01032	0.00849	0.00619	0.13345	0.09095	0.13965	0.18359	0.02407	0.04612	0.07053	0.00678	0.00185	0.00381	0.00635	0.16496	0.00646
18	0.00679	0.00523	0.00612	0.00620	0.00743	0.00465	0.00448	0.00840	0.01252	0.01640	0.30516	0.18179	0.34796	0.05389	0.00739	0.00198	0.00281	0.01110	0.00515	0.00456
19	0.05208	0.03436	0.11357	0.01279	0.06644	0.16781	0.02116	0.05378	0.18009	0.14590	0.03356	0.01503	0.01142	0.01974	0.00538	0.00162	0.00604	0.00472	0.00410	0.05040
20	0.05374	0.01021	0.07009	0.00971	0.05011	0.06895	0.00756	0.07593	0.01385	0.05221	0.32259	0.02810	0.07875	0.08070	0.05264	0.00233	0.00501	0.00718	0.00453	0.00581
21	0.01446	0.37881	0.10287	0.04546	0.01618	0.11565	0.01076	0.07839	0.09796	0.01581	0.00977	0.01099	0.00803	0.00554	0.00529	0.00145	0.06886	0.00375	0.00292	0.00705
22	0.01220	0.04871	0.05690	0.05708	0.08177	0.07000	0.00934	0.01569	0.07137	0.03872	0.07031	0.01428	0.01165	0.00559	0.00568	0.00132	0.07226	0.00432	0.00334	0.34945
23	0.01308	0.01214	0.06638	0.02950	0.16624	0.07130	0.01032	0.17282	0.03623	0.04456	0.02730	0.17152	0.02777	0.04426	0.00668	0.00193	0.00553	0.08150	0.00413	0.00681

[dist]
# distance from previous block
# <min> <max>
5	19

[block]
# block no. 8 follows, 46 sequences, length 9
# corresponding to MSA columns:
# 644,646-653
name=unknown_I
#
# <colnr> <probs for GDERKNQSTAVLIFYWHMCP>
#	G	D	E	R	K	N	Q	S	T	A	V	L	I	F	Y	W	H	M	C	P
0	0.00795	0.00640	0.00935	0.01040	0.06848	0.00635	0.04479	0.03258	0.01096	0.01478	0.04601	0.59548	0.05985	0.01409	0.00702	0.00205	0.04125	0.01268	0.00453	0.00499
1	0.03328	0.13223	0.13101	0.01556	0.14875	0.21787	0.01198	0.06283	0.02799	0.01621	0.00964	0.01165	0.00791	0.00637	0.02394	0.00168	0.07877	0.00400	0.05140	0.00694
2	0.08275	0.11619	0.32259	0.01126	0.01656	0.01168	0.01226	0.05837	0.01267	0.20786	0.01529	0.04399	0.05360	0.00630	0.00490	0.00161	0.00585	0.00491	0.00381	0.00755
3	0.00774	0.00604	0.00660	0.00671	0.00742	0.04056	0.00450	0.00874	0.01051	0.01375	0.16778	0.19638	0.12556	0.31495	0.05667	0.00343	0.00457	0.00971	0.00423	0.00414
4	0.07506	0.27950	0.33172	0.01219	0.01766	0.13926	0.01328	0.04726	0.01203	0.01593	0.00856	0.00991	0.00676	0.00497	0.00434	0.00144	0.00704	0.00344	0.00252	0.00711
5	0.01497	0.08440	0.08294	0.01439	0.07272	0.10934	0.14096	0.07989	0.08718	0.12182	0.04444	0.04405	0.01239	0.04410	0.00654	0.00179	0.02149	0.00549	0.00383	0.00725
6	0.00801	0.00613	0.00847	0.00807	0.00863	0.00670	0.03225	0.00906	0.00894	0.01245	0.07218	0.12629	0.02037	0.35275	0.21889	0.00499	0.08027	0.00790	0.00341	0.00424
7	0.00683	0.00539	0.00693	0.00712	0.00832	0.00485	0.02988	0.00833	0.01176	0.01520	0.15352	0.34924	0.31092	0.01401	0.00649	0.00194	0.00311	0.04659	0.00497	0.00458
8	0.01580	0.01352	0.07601	0.05949	0.10172	0.01267	0.21689	0.15286	0.08090	0.16604	0.01355	0.01471	0.00971	0.00571	0.00597	0.00171	0.03539	0.00530	0.00404	0.00799

[dist]
# distance from previous block
# <min> <max>
0	20

[block]
# block no. 9 follows, 46 sequences, length 29
# corresponding to MSA columns:
# 674-702
name=unknown_J
#
# <colnr> <probs for GDERKNQSTAVLIFYWHMCP>
#	G	D	E	R	K	N	Q	S	T	A	V	L	I	F	Y	W	H	M	C	P
0	0.06175	0.09984	0.04106	0.01890	0.28474	0.01297	0.08292	0.12742	0.06326	0.01932	0.01440	0.08335	0.04132	0.00662	0.00523	0.00164	0.00573	0.01858	0.00351	0.00744
1	0.01275	0.00671	0.00867	0.00807	0.01008	0.00618	0.00614	0.01525	0.06204	0.26903	0.12485	0.30427	0.09418	0.01156	0.00610	0.00187	0.00357	0.03686	0.00559	0.00623
2	0.00712	0.00529	0.00630	0.00642	0.00758	0.00490	0.00469	0.00880	0.01228	0.01664	0.26478	0.23436	0.28425	0.01267	0.00641	0.00180	0.02187	0.01094	0.07826	0.00465
3	0.01669	0.04181	0.13547	0.01455	0.08990	0.08701	0.09086	0.13153	0.05156	0.21385	0.04595	0.03228	0.01184	0.00614	0.00531	0.00162	0.00624	0.00521	0.00427	0.00791
4	0.02687	0.32352	0.12633	0.20204	0.02028	0.05977	0.03446	0.01503	0.01105	0.03008	0.01092	0.09693	0.01002	0.00617	0.00464	0.00152	0.00628	0.00493	0.00271	0.00644
5	0.00788	0.00593	0.00714	0.00772	0.00847	0.00606	0.00526	0.01123	0.14984	0.01454	0.02565	0.53530	0.02887	0.14833	0.00987	0.00258	0.00362	0.01213	0.00471	0.00486
6	0.05703	0.01007	0.01471	0.25534	0.24811	0.01112	0.01177	0.03174	0.12823	0.01775	0.03975	0.01750	0.04925	0.00607	0.00511	0.00165	0.00542	0.00530	0.07720	0.00688
7	0.01535	0.14243	0.20405	0.04363	0.04353	0.13749	0.01211	0.17915	0.04006	0.06599	0.01193	0.05960	0.00969	0.00615	0.00494	0.00155	0.00663	0.00472	0.00352	0.00746
8	0.00763	0.00508	0.00608	0.00606	0.00663	0.00482	0.00395	0.00775	0.00944	0.01232	0.11337	0.05221	0.19914	0.33956	0.01782	0.18859	0.00408	0.00820	0.00375	0.00353
9	0.00678	0.00506	0.00588	0.00634	0.00714	0.00464	0.00431	0.00770	0.01034	0.01318	0.04805	0.31163	0.28807	0.21518	0.01164	0.00277	0.00351	0.03916	0.00450	0.00411
10	0.33117	0.00914	0.00934	0.03538	0.02716	0.01010	0.00655	0.12590	0.02976	0.05018	0.01332	0.06560	0.01252	0.18582	0.04736	0.00278	0.00518	0.02320	0.00381	0.00576
11	0.01096	0.00940	0.01096	0.00783	0.01253	0.00705	0.00626	0.01331	0.01096	0.01723	0.00940	0.01096	0.00783	0.00392	0.00392	0.00078	0.00392	0.00313	0.00313	0.84653
12	0.00861	0.00497	0.00745	0.00745	0.00779	0.00530	0.00530	0.00779	0.00745	0.01027	0.01093	0.01772	0.01060	0.02585	0.29252	0.55142	0.00796	0.00497	0.00248	0.00315
13	0.01664	0.01225	0.01221	0.02527	0.01351	0.09988	0.00804	0.34487	0.01828	0.11953	0.06225	0.02000	0.09074	0.03669	0.00601	0.00169	0.00521	0.00573	0.09395	0.00727
14	0.01047	0.00907	0.00781	0.00743	0.00835	0.15038	0.00501	0.02909	0.01062	0.01368	0.08690	0.02741	0.01860	0.43322	0.04435	0.00361	0.00566	0.00656	0.11743	0.00434
15	0.00812	0.00518	0.00694	0.00760	0.00842	0.00481	0.00543	0.00948	0.01141	0.07522	0.14259	0.57193	0.03517	0.01475	0.00660	0.00206	0.00323	0.07107	0.00517	0.00481
16	0.00744	0.00502	0.00584	0.00608	0.00614	0.00496	0.00354	0.00762	0.00817	0.01090	0.01914	0.18889	0.02235	0.65565	0.02290	0.00453	0.00472	0.00915	0.00354	0.00342
17	0.01101	0.00786	0.00907	0.00846	0.01025	0.00826	0.00627	0.05943	0.24361	0.07631	0.14524	0.16807	0.04175	0.14941	0.00955	0.00240	0.00398	0.02792	0.00505	0.00610
18	0.85155	0.01022	0.00777	0.00695	0.01022	0.01186	0.00573	0.01554	0.00900	0.02372	0.00736	0.00859	0.00573	0.00491	0.00327	0.00164	0.00409	0.00286	0.00327	0.00573
19	0.01262	0.01289	0.01845	0.02370	0.45477	0.10193	0.08410	0.01586	0.04415	0.01642	0.01783	0.01959	0.14169	0.00637	0.00546	0.00161	0.00620	0.00587	0.00315	0.00732
20	0.01076	0.00821	0.01119	0.28676	0.01874	0.00880	0.00846	0.07546	0.01096	0.05160	0.01299	0.02153	0.01224	0.31270	0.01332	0.00289	0.00567	0.00566	0.00323	0.11885
21	0.00973	0.00858	0.01263	0.17911	0.12231	0.02666	0.01003	0.01273	0.05368	0.01374	0.01244	0.01796	0.01109	0.05994	0.35953	0.00494	0.07103	0.00532	0.00282	0.00572
22	0.01657	0.20652	0.03363	0.01084	0.01484	0.04812	0.00938	0.36317	0.09156	0.04211	0.01411	0.01547	0.03668	0.00641	0.00488	0.00150	0.00556	0.03416	0.00432	0.04017
23	0.01207	0.04534	0.01260	0.14522	0.05273	0.02546	0.03960	0.07004	0.04323	0.05501	0.05840	0.01708	0.01262	0.03729	0.00552	0.00153	0.00477	0.00492	0.20057	0.15602
24	0.04216	0.02993	0.01362	0.05908	0.14509	0.02710	0.00924	0.12771	0.12584	0.10983	0.01592	0.04444	0.04048	0.07554	0.00694	0.00185	0.00508	0.00549	0.00416	0.11051
25	0.01705	0.22154	0.03273	0.01124	0.05109	0.02953	0.00921	0.19213	0.11024	0.18915	0.05672	0.01503	0.01236	0.00610	0.00482	0.00149	0.00519	0.00472	0.00453	0.02513
26	0.04012	0.00983	0.01526	0.01187	0.01512	0.03913	0.22522	0.01492	0.04207	0.09498	0.25649	0.02580	0.10020	0.00767	0.00576	0.00163	0.00509	0.00719	0.00444	0.07722
27	0.06198	0.04762	0.22677	0.01854	0.15088	0.01233	0.24886	0.01652	0.02554	0.04593	0.01266	0.01476	0.04513	0.00538	0.00555	0.00167	0.02245	0.00515	0.02498	0.00731
28	0.01267	0.01020	0.01422	0.03398	0.17030	0.06111	0.08739	0.04453	0.06257	0.11955	0.02095	0.24818	0.07288	0.00928	0.00584	0.00179	0.00520	0.00841	0.00427	0.00668

[dist]
# distance from previous block
# <min> <max>
0	6

[block]
# block no. 10 follows, 46 sequences, length 41
# corresponding to MSA columns:
# 709-731,733-750
name=unknown_K
#
# <colnr> <probs for GDERKNQSTAVLIFYWHMCP>
#	G	D	E	R	K	N	Q	S	T	A	V	L	I	F	Y	W	H	M	C	P
0	0.01170	0.01711	0.32193	0.01305	0.01798	0.01138	0.09667	0.06928	0.17032	0.03950	0.01764	0.03890	0.07263	0.04291	0.00646	0.00191	0.00620	0.03345	0.00368	0.00730
1	0.03031	0.01474	0.01733	0.09354	0.27097	0.20072	0.04226	0.05569	0.01335	0.12738	0.01107	0.01304	0.00853	0.00626	0.02162	0.00174	0.05621	0.00453	0.00332	0.00739
2	0.01217	0.01675	0.31291	0.01590	0.10837	0.01067	0.13135	0.03017	0.03160	0.10151	0.05681	0.06264	0.05727	0.00678	0.00556	0.00172	0.00640	0.02057	0.00351	0.00733
3	0.00919	0.00639	0.00775	0.06517	0.01067	0.00601	0.00583	0.01180	0.05859	0.10228	0.17952	0.10255	0.37689	0.01144	0.00608	0.00179	0.00333	0.02421	0.00510	0.00540
4	0.00920	0.00734	0.00909	0.09454	0.04879	0.05900	0.00660	0.00994	0.00877	0.01146	0.01320	0.02338	0.01351	0.31914	0.20972	0.13555	0.00782	0.00596	0.00282	0.00417
5	0.05448	0.06683	0.01589	0.09068	0.09982	0.17737	0.06100	0.05056	0.13413	0.11674	0.01315	0.01488	0.01019	0.04522	0.00606	0.00174	0.00635	0.00476	0.02303	0.00712
6	0.01295	0.01270	0.06064	0.25006	0.16358	0.04649	0.13940	0.06250	0.05929	0.06398	0.01227	0.05453	0.00989	0.00594	0.00572	0.00172	0.02249	0.00550	0.00322	0.00711
7	0.00708	0.00539	0.00650	0.00622	0.00765	0.00482	0.00467	0.00919	0.01401	0.01892	0.54008	0.04323	0.28966	0.01166	0.00624	0.00170	0.00255	0.01009	0.00552	0.00482
8	0.01282	0.50024	0.20806	0.01065	0.01549	0.05324	0.01136	0.01559	0.01079	0.01348	0.00866	0.01053	0.00748	0.00857	0.09113	0.00209	0.00730	0.00343	0.00234	0.00677
9	0.03379	0.26942	0.38886	0.01407	0.08582	0.01488	0.01453	0.01740	0.05854	0.04227	0.00995	0.01120	0.00765	0.00502	0.00452	0.00150	0.00657	0.00379	0.00265	0.00757
10	0.00760	0.00512	0.00591	0.00599	0.00605	0.00514	0.00346	0.00774	0.00788	0.01055	0.01735	0.08398	0.01997	0.72889	0.05920	0.00508	0.00539	0.00807	0.00330	0.00334
11	0.00957	0.00511	0.00538	0.00540	0.00660	0.00508	0.00401	0.02573	0.01149	0.01946	0.06518	0.09635	0.01775	0.00744	0.00417	0.00135	0.00259	0.00617	0.69620	0.00495
12	0.01125	0.13582	0.04451	0.01202	0.11847	0.09759	0.00852	0.05898	0.01324	0.01686	0.17852	0.14551	0.11994	0.00910	0.00546	0.00162	0.00483	0.00768	0.00404	0.00605
13	0.01256	0.02736	0.14177	0.01598	0.12093	0.03858	0.11310	0.08472	0.10279	0.03329	0.07277	0.06253	0.01426	0.00723	0.00704	0.00179	0.10526	0.02729	0.00361	0.00716
14	0.01297	0.01427	0.01481	0.12419	0.01762	0.25864	0.06142	0.01488	0.01109	0.01313	0.01034	0.04832	0.00947	0.01354	0.16505	0.00312	0.19370	0.00502	0.00269	0.00572
15	0.03762	0.01394	0.05488	0.18946	0.19641	0.07505	0.19589	0.07570	0.01276	0.03129	0.01000	0.01305	0.00777	0.00530	0.00616	0.00170	0.05813	0.00490	0.00285	0.00715
16	0.00837	0.00518	0.00726	0.06186	0.00914	0.00526	0.00527	0.00776	0.00837	0.01088	0.01868	0.05912	0.14350	0.07819	0.08017	0.47306	0.00519	0.00651	0.00298	0.00327
17	0.06817	0.07349	0.05734	0.01252	0.03913	0.23692	0.01017	0.27601	0.08941	0.06919	0.01179	0.01217	0.00881	0.00585	0.00488	0.00152	0.00665	0.00423	0.00406	0.00768
18	0.01401	0.09609	0.13820	0.12568	0.08738	0.13580	0.04227	0.13106	0.05597	0.01835	0.05759	0.01395	0.01062	0.00585	0.00541	0.00158	0.03111	0.00463	0.01730	0.00712
19	0.01225	0.03574	0.01957	0.08152	0.05149	0.05029	0.20815	0.02849	0.09170	0.01534	0.01051	0.01426	0.00888	0.03250	0.03627	0.00224	0.28619	0.00522	0.00286	0.00651
20	0.12901	0.06971	0.08908	0.01585	0.02064	0.01292	0.37951	0.07783	0.01294	0.07505	0.02308	0.01359	0.00885	0.00505	0.00527	0.00165	0.00697	0.00514	0.04072	0.00713
21	0.01072	0.01344	0.14068	0.47080	0.03162	0.01233	0.19561	0.01482	0.01106	0.01482	0.00966	0.01361	0.00722	0.00514	0.00577	0.00177	0.02709	0.00494	0.00241	0.00648
22	0.00853	0.00715	0.01051	0.14707	0.13416	0.00721	0.00827	0.01102	0.01297	0.01768	0.36432	0.08624	0.14491	0.00969	0.00595	0.00172	0.00394	0.00858	0.00452	0.00554
23	0.00643	0.00466	0.00607	0.00721	0.00763	0.00431	0.00484	0.00738	0.01027	0.01356	0.03102	0.75216	0.09235	0.01632	0.00671	0.00212	0.00304	0.01473	0.00491	0.00431
24	0.00670	0.00495	0.00622	0.00688	0.00766	0.00454	0.00482	0.00799	0.01131	0.01493	0.16199	0.47849	0.17866	0.04366	0.00731	0.00211	0.00303	0.03931	0.00500	0.00443
25	0.01851	0.01396	0.01542	0.01211	0.01570	0.01578	0.00996	0.64538	0.02232	0.03012	0.01287	0.05160	0.01004	0.00716	0.00666	0.00169	0.09210	0.00525	0.00495	0.00841
26	0.00855	0.00794	0.01459	0.01237	0.01448	0.00742	0.25844	0.01074	0.01110	0.01479	0.02411	0.47200	0.06213	0.01226	0.00658	0.00202	0.00509	0.04595	0.00416	0.00528
27	0.01586	0.00776	0.00992	0.00839	0.01120	0.00716	0.00663	0.01928	0.09911	0.39398	0.18922	0.09150	0.09890	0.00904	0.00573	0.00172	0.00373	0.00769	0.00596	0.00722
28	0.02288	0.00919	0.01218	0.00938	0.01336	0.00819	0.00774	0.07206	0.01557	0.70360	0.02018	0.01773	0.01285	0.00651	0.00524	0.00161	0.00449	0.00526	0.04315	0.00882
29	0.00925	0.00759	0.01130	0.28663	0.05652	0.00845	0.00964	0.06325	0.01149	0.01518	0.01912	0.30678	0.02035	0.03221	0.03808	0.00230	0.00549	0.08713	0.00380	0.00542
30	0.01252	0.01332	0.01594	0.36310	0.04374	0.16729	0.01280	0.01481	0.01065	0.01323	0.00835	0.01232	0.00700	0.00663	0.00922	0.00186	0.27444	0.00442	0.00242	0.00596
31	0.01529	0.00774	0.00985	0.00864	0.01122	0.00732	0.00669	0.01911	0.13262	0.35913	0.10926	0.21333	0.05711	0.00984	0.00582	0.00179	0.00380	0.00850	0.00581	0.00711
32	0.05290	0.40759	0.06251	0.01099	0.01469	0.27780	0.00987	0.01737	0.01196	0.01353	0.00796	0.00943	0.00691	0.00519	0.00474	0.00133	0.05275	0.00323	0.02277	0.00647
33	0.01079	0.00896	0.04590	0.24279	0.01861	0.00918	0.00958	0.11358	0.01253	0.06370	0.01882	0.35135	0.01949	0.01043	0.00638	0.00191	0.03696	0.00908	0.00408	0.00590
34	0.00656	0.00475	0.00621	0.00729	0.00778	0.00441	0.00500	0.00763	0.01053	0.01393	0.05777	0.69429	0.09001	0.01604	0.00672	0.00212	0.00310	0.04657	0.00494	0.00436
35	0.01553	0.19982	0.03094	0.01233	0.05708	0.04879	0.03264	0.24251	0.21445	0.02201	0.01310	0.01336	0.01008	0.00578	0.00479	0.00148	0.00554	0.00450	0.00409	0.06120
36	0.02865	0.15378	0.14244	0.02291	0.04572	0.06929	0.02426	0.05252	0.01191	0.08397	0.04666	0.09205	0.02521	0.00746	0.00732	0.00170	0.15699	0.00551	0.00335	0.01832
37	0.03884	0.03668	0.06074	0.02393	0.06704	0.00925	0.08987	0.06119	0.05684	0.13396	0.04149	0.18770	0.04170	0.06211	0.02036	0.00214	0.00524	0.05009	0.00434	0.00649
38	0.01278	0.18576	0.17967	0.01666	0.02194	0.02737	0.36657	0.01669	0.01193	0.04346	0.03570	0.01324	0.00903	0.00503	0.00568	0.00162	0.03197	0.00503	0.00273	0.00713
39	0.00662	0.00519	0.00605	0.00659	0.00780	0.00462	0.00488	0.00799	0.01152	0.01444	0.06670	0.30414	0.41793	0.01450	0.00654	0.00198	0.00306	0.10004	0.00493	0.00447
40	0.01055	0.01138	0.13254	0.01527	0.20466	0.00959	0.01054	0.01280	0.01006	0.04495	0.04608	0.02115	0.01368	0.25055	0.09188	0.00343	0.09613	0.00580	0.00302	0.00597

[dist]
# distance from previous block
# <min> <max>
12	20

[block]
# block no. 11 follows, 46 sequences, length 15
# corresponding to MSA columns:
# 772-786
name=unknown_L
#
# <colnr> <probs for GDERKNQSTAVLIFYWHMCP>
#	G	D	E	R	K	N	Q	S	T	A	V	L	I	F	Y	W	H	M	C	P
0	0.01104	0.00841	0.01220	0.10872	0.05268	0.00850	0.06929	0.01395	0.06578	0.07680	0.12865	0.17736	0.09755	0.01115	0.02377	0.00214	0.03224	0.05005	0.04343	0.00628
1	0.01467	0.06951	0.16705	0.01556	0.06415	0.09323	0.17840	0.10510	0.03920	0.09654	0.01254	0.06183	0.01009	0.00617	0.00589	0.00167	0.04214	0.00538	0.00348	0.00743
2	0.06443	0.07651	0.01211	0.00991	0.03030	0.09677	0.00773	0.09511	0.03036	0.19154	0.04607	0.16444	0.06188	0.00924	0.00551	0.00174	0.00491	0.08008	0.00474	0.00662
3	0.01233	0.00630	0.00846	0.00789	0.00972	0.00568	0.00598	0.01413	0.01323	0.26139	0.24859	0.30040	0.03225	0.01159	0.00616	0.00185	0.00342	0.03890	0.00570	0.00602
4	0.00993	0.00737	0.05250	0.00867	0.01038	0.00687	0.02786	0.01193	0.00982	0.10359	0.04160	0.02225	0.01483	0.13902	0.44594	0.00592	0.01006	0.00591	0.06027	0.00527
5	0.01367	0.41782	0.15195	0.01350	0.10548	0.01658	0.03756	0.01816	0.11262	0.05082	0.01064	0.01161	0.00854	0.00507	0.00433	0.00141	0.00595	0.00388	0.00293	0.00747
6	0.00722	0.00522	0.00696	0.00784	0.00830	0.00524	0.00563	0.00835	0.01001	0.01339	0.02572	0.49787	0.02994	0.12879	0.04951	0.00294	0.02972	0.14856	0.00447	0.00432
7	0.00644	0.00460	0.00613	0.00736	0.00767	0.00429	0.00491	0.00736	0.01012	0.01350	0.02914	0.81076	0.03497	0.01656	0.00675	0.00215	0.00307	0.01503	0.00491	0.00429
8	0.01384	0.01252	0.06802	0.07377	0.22138	0.05484	0.03661	0.09941	0.10246	0.09853	0.05695	0.10890	0.01492	0.00718	0.00549	0.00169	0.00565	0.00632	0.00405	0.00746
9	0.14648	0.08648	0.11537	0.01622	0.17529	0.04581	0.10783	0.08771	0.01235	0.01846	0.04333	0.01314	0.00946	0.00660	0.00648	0.08855	0.00616	0.00449	0.00302	0.00677
10	0.00738	0.00511	0.00620	0.00681	0.00770	0.00479	0.00498	0.00857	0.01066	0.01426	0.03157	0.29799	0.21578	0.08132	0.00884	0.04953	0.00345	0.13116	0.09960	0.00430
11	0.01570	0.01154	0.01974	0.15429	0.24515	0.01151	0.16955	0.06036	0.01344	0.22558	0.01312	0.01481	0.00939	0.00534	0.00548	0.00167	0.00645	0.00520	0.00380	0.00789
12	0.01426	0.03698	0.14510	0.07137	0.07739	0.11329	0.18386	0.15804	0.07376	0.01932	0.01169	0.03033	0.00923	0.02468	0.00589	0.00173	0.00724	0.00511	0.00333	0.00740
13	0.01447	0.12018	0.18772	0.01566	0.07985	0.01347	0.18103	0.11025	0.07066	0.10875	0.03809	0.01425	0.01033	0.00550	0.00524	0.00161	0.00657	0.00497	0.00360	0.00780
14	0.01152	0.00934	0.01466	0.01567	0.19394	0.03532	0.11143	0.03221	0.01047	0.03485	0.01147	0.01776	0.01048	0.05412	0.05114	0.27843	0.00626	0.03915	0.00288	0.05891

[dist]
# distance from previous block
# <min> <max>
3	21

[block]
# block no. 12 follows, 46 sequences, length 50
# corresponding to MSA columns:
# 808-857
name=unknown_M
#
# <colnr> <probs for GDERKNQSTAVLIFYWHMCP>
#	G	D	E	R	K	N	Q	S	T	A	V	L	I	F	Y	W	H	M	C	P
