[name]
unknown

[dist]
# distance from previous block
# <min> <max>
0	150

[block]
# block no. 0 follows, 43 sequences, length 17
# corresponding to MSA columns:
# 166-182
name=unknown_A
#
# <colnr> <probs for GDERKNQSTAVLIFYWHMCP>
#	G	D	E	R	K	N	Q	S	T	A	V	L	I	F	Y	W	H	M	C	P
0	0.00786	0.00579	0.00744	0.00738	0.00875	0.00536	0.00577	0.01030	0.01472	0.02018	0.53432	0.04689	0.14678	0.01243	0.00674	0.00191	0.00310	0.14340	0.00578	0.00513
1	0.01481	0.80869	0.02902	0.00948	0.01421	0.02191	0.00948	0.01658	0.01125	0.01303	0.00770	0.00888	0.00711	0.00474	0.00355	0.00118	0.00592	0.00296	0.00237	0.00711
2	0.00962	0.00481	0.00722	0.00722	0.00722	0.00481	0.00481	0.00722	0.00722	0.00962	0.00962	0.01684	0.00962	0.01924	0.02165	0.83886	0.00481	0.00481	0.00241	0.00241
3	0.00918	0.00765	0.01167	0.11723	0.01536	0.00812	0.04681	0.01163	0.00989	0.01424	0.01305	0.01857	0.01164	0.02783	0.49371	0.00609	0.01156	0.00534	0.00295	0.15748
4	0.01335	0.01529	0.12620	0.03149	0.66810	0.01312	0.01747	0.01707	0.01248	0.01802	0.01035	0.01343	0.00853	0.00498	0.00545	0.00166	0.00680	0.00482	0.00269	0.00869
5	0.01367	0.01477	0.02622	0.09825	0.28884	0.07600	0.36469	0.01750	0.01294	0.01719	0.01059	0.01409	0.00833	0.00493	0.00595	0.00175	0.00824	0.00558	0.00275	0.00772
6	0.01136	0.08137	0.72614	0.01536	0.02331	0.01347	0.01972	0.01747	0.01166	0.01723	0.00979	0.01150	0.00702	0.00523	0.00515	0.00172	0.00803	0.00402	0.00234	0.00811
7	0.00784	0.00566	0.00740	0.00697	0.00827	0.00523	0.00523	0.01045	0.01568	0.02221	0.76789	0.04137	0.05226	0.01132	0.00653	0.00174	0.00261	0.01002	0.00610	0.00523
8	0.00698	0.00497	0.00659	0.00763	0.00797	0.00479	0.00509	0.00793	0.01019	0.01367	0.02783	0.65537	0.03299	0.10480	0.07239	0.00313	0.00439	0.01411	0.00477	0.00441
9	0.00805	0.00537	0.00604	0.00604	0.00604	0.00537	0.00336	0.00805	0.00805	0.01074	0.01745	0.03624	0.02013	0.80536	0.02819	0.00537	0.00537	0.00805	0.00336	0.00336
10	0.01263	0.01305	0.01618	0.01405	0.01442	0.09321	0.01155	0.01393	0.00924	0.01331	0.00802	0.01269	0.00779	0.01190	0.07951	0.00285	0.65233	0.00481	0.00251	0.00600
11	0.00712	0.00531	0.00662	0.00698	0.00801	0.00481	0.00497	0.00880	0.01295	0.01736	0.31443	0.35357	0.20007	0.01436	0.00675	0.00198	0.00290	0.01271	0.00550	0.00481
12	0.01540	0.09766	0.02632	0.02092	0.12433	0.22356	0.37620	0.01871	0.01354	0.01618	0.01003	0.01282	0.00798	0.00499	0.00568	0.00165	0.00880	0.00515	0.00276	0.00732
13	0.02010	0.10509	0.01704	0.01379	0.01683	0.70655	0.01058	0.02156	0.01525	0.01350	0.00847	0.00988	0.00713	0.00561	0.00485	0.00140	0.00958	0.00351	0.00280	0.00649
14	0.02062	0.01119	0.01340	0.01062	0.01471	0.01113	0.00863	0.16427	0.19251	0.40665	0.01958	0.01773	0.01327	0.00678	0.00548	0.00168	0.00486	0.00547	0.00608	0.06535
15	0.00805	0.00537	0.00604	0.00604	0.00604	0.00537	0.00336	0.00805	0.00805	0.01074	0.01745	0.03624	0.02013	0.80536	0.02819	0.00537	0.00537	0.00805	0.00336	0.00336
16	0.01788	0.08593	0.16089	0.01343	0.01770	0.32675	0.03390	0.02192	0.08926	0.13800	0.01234	0.01293	0.00919	0.00600	0.00552	0.00160	0.03124	0.00434	0.00363	0.00755

[dist]
# distance from previous block
# <min> <max>
0	1

[block]
# block no. 1 follows, 43 sequences, length 26
# corresponding to MSA columns:
# 184-209
name=unknown_B
#
# <colnr> <probs for GDERKNQSTAVLIFYWHMCP>
#	G	D	E	R	K	N	Q	S	T	A	V	L	I	F	Y	W	H	M	C	P
0	0.34971	0.12108	0.36929	0.01153	0.01734	0.01384	0.01319	0.01691	0.01072	0.01993	0.00875	0.01024	0.00661	0.00515	0.00430	0.00166	0.00631	0.00350	0.00278	0.00716
1	0.01301	0.01612	0.12103	0.14818	0.18807	0.06611	0.29270	0.01705	0.01242	0.01670	0.01028	0.01375	0.00800	0.00526	0.00646	0.00180	0.04757	0.00533	0.00266	0.00749
2	0.01065	0.00949	0.01266	0.01137	0.01201	0.01223	0.00900	0.01369	0.10468	0.01405	0.01272	0.01948	0.01219	0.14666	0.20413	0.00441	0.37597	0.00581	0.00312	0.00569
3	0.01174	0.11272	0.01940	0.46069	0.14477	0.01327	0.05073	0.01506	0.01147	0.01517	0.00973	0.01354	0.00769	0.00516	0.00519	0.00163	0.00685	0.00459	0.00259	0.08800
4	0.01080	0.00711	0.00880	0.00840	0.00939	0.00770	0.00594	0.01434	0.24639	0.01402	0.01441	0.01977	0.01286	0.08505	0.01714	0.49958	0.00472	0.00556	0.00351	0.00451
5	0.00805	0.00537	0.00604	0.00604	0.00604	0.00537	0.00336	0.00805	0.00805	0.01074	0.01745	0.03624	0.02013	0.80536	0.02819	0.00537	0.00537	0.00805	0.00336	0.00336
6	0.09641	0.00870	0.01103	0.00953	0.01221	0.00915	0.00767	0.11068	0.01328	0.25162	0.01611	0.01854	0.01247	0.02284	0.36818	0.00506	0.00957	0.00541	0.00454	0.00700
7	0.00685	0.00514	0.00612	0.00683	0.00760	0.00467	0.00462	0.00783	0.01092	0.01396	0.03697	0.46643	0.26676	0.11702	0.00960	0.00253	0.00336	0.01347	0.00491	0.00441
8	0.84448	0.01071	0.00814	0.00728	0.01071	0.01242	0.00600	0.01628	0.00943	0.02485	0.00771	0.00900	0.00600	0.00514	0.00343	0.00171	0.00428	0.00300	0.00343	0.00600
9	0.00805	0.00537	0.00604	0.00604	0.00604	0.00537	0.00336	0.00805	0.00805	0.01074	0.01745	0.03624	0.02013	0.80536	0.02819	0.00537	0.00537	0.00805	0.00336	0.00336
10	0.02105	0.01551	0.01662	0.01274	0.01717	0.01717	0.01053	0.75235	0.02604	0.03490	0.01330	0.01330	0.00942	0.00665	0.00554	0.00166	0.00609	0.00499	0.00554	0.00942
11	0.04628	0.01250	0.02131	0.02605	0.46579	0.01207	0.13394	0.01740	0.01283	0.07966	0.03773	0.01491	0.01047	0.00520	0.00550	0.00162	0.00643	0.00520	0.00328	0.08183
12	0.01046	0.00984	0.01661	0.79205	0.03814	0.01230	0.01538	0.01415	0.01107	0.01415	0.00984	0.01477	0.00738	0.00554	0.00554	0.00185	0.00738	0.00492	0.00246	0.00615
13	0.84448	0.01071	0.00814	0.00728	0.01071	0.01242	0.00600	0.01628	0.00943	0.02485	0.00771	0.00900	0.00600	0.00514	0.00343	0.00171	0.00428	0.00300	0.00343	0.00600
14	0.20973	0.11106	0.37727	0.01350	0.01957	0.03448	0.07967	0.06221	0.01221	0.01973	0.00944	0.01108	0.00706	0.00522	0.00476	0.00168	0.00703	0.00396	0.00285	0.00751
15	0.00715	0.00552	0.00731	0.07965	0.01079	0.00533	0.00598	0.00858	0.01137	0.01479	0.07306	0.52079	0.18316	0.01522	0.00681	0.00211	0.00352	0.02917	0.00494	0.00474
16	0.18863	0.01387	0.11111	0.01290	0.08225	0.01227	0.01058	0.16902	0.06597	0.25755	0.01474	0.01446	0.01019	0.00613	0.00508	0.00171	0.00549	0.00473	0.00486	0.00846
17	0.11909	0.38258	0.02132	0.32671	0.02348	0.01680	0.01143	0.01556	0.01095	0.01500	0.00857	0.01128	0.00708	0.00511	0.00434	0.00152	0.00631	0.00376	0.00254	0.00658
18	0.01965	0.01077	0.01272	0.01040	0.01411	0.01102	0.00838	0.11962	0.27055	0.37503	0.02075	0.01888	0.01428	0.00703	0.00548	0.00174	0.00464	0.00570	0.06035	0.00892
19	0.01481	0.80869	0.02902	0.00948	0.01421	0.02191	0.00948	0.01658	0.01125	0.01303	0.00770	0.00888	0.00711	0.00474	0.00355	0.00118	0.00592	0.00296	0.00237	0.00711
20	0.00695	0.00535	0.00618	0.00651	0.00763	0.00477	0.00457	0.00827	0.01203	0.01541	0.15421	0.28046	0.35953	0.09182	0.00882	0.00231	0.00315	0.01233	0.00512	0.00458
21	0.01032	0.00516	0.00516	0.00516	0.00645	0.00516	0.00387	0.01290	0.01161	0.02065	0.01807	0.02065	0.01420	0.00645	0.00387	0.00129	0.00258	0.00516	0.83611	0.00516
22	0.00789	0.00556	0.00687	0.00672	0.00740	0.00548	0.00452	0.00914	0.01111	0.01531	0.28704	0.03705	0.06714	0.38569	0.11594	0.00436	0.00547	0.00866	0.00437	0.00429
23	0.00805	0.00537	0.00604	0.00604	0.00604	0.00537	0.00336	0.00805	0.00805	0.01074	0.01745	0.03624	0.02013	0.80536	0.02819	0.00537	0.00537	0.00805	0.00336	0.00336
24	0.01384	0.01994	0.36947	0.01324	0.01887	0.01322	0.01427	0.22653	0.10770	0.02375	0.10931	0.01704	0.01469	0.00670	0.00555	0.00174	0.00642	0.00537	0.00413	0.00823
25	0.01680	0.01799	0.01440	0.11217	0.01822	0.37176	0.01029	0.13853	0.08169	0.01783	0.01259	0.05341	0.01082	0.03991	0.05747	0.00224	0.00833	0.00515	0.00363	0.00677

[dist]
# distance from previous block
# <min> <max>
1	3

[block]
# block no. 2 follows, 43 sequences, length 16
# corresponding to MSA columns:
# 213-228
name=unknown_C
#
# <colnr> <probs for GDERKNQSTAVLIFYWHMCP>
#	G	D	E	R	K	N	Q	S	T	A	V	L	I	F	Y	W	H	M	C	P
0	0.09924	0.13847	0.01676	0.01218	0.01497	0.32095	0.00988	0.01769	0.01222	0.01509	0.00820	0.01039	0.00717	0.00624	0.00756	0.00158	0.18987	0.00368	0.00279	0.10507
1	0.52239	0.13427	0.01457	0.01092	0.05382	0.10522	0.05610	0.01715	0.01085	0.02089	0.00818	0.00974	0.00661	0.00511	0.00394	0.00161	0.00566	0.00339	0.00312	0.00646
2	0.00973	0.00917	0.12394	0.00835	0.01024	0.00649	0.00700	0.01129	0.01041	0.08953	0.02299	0.25001	0.07086	0.32776	0.01501	0.00334	0.00495	0.00963	0.00418	0.00511
3	0.00799	0.00562	0.00733	0.00733	0.00777	0.00607	0.00496	0.00888	0.00844	0.01169	0.01627	0.02972	0.01730	0.46153	0.36815	0.00696	0.00963	0.00710	0.00318	0.00407
4	0.01689	0.02039	0.01987	0.09431	0.02166	0.43709	0.18274	0.01926	0.01377	0.01456	0.00915	0.01187	0.00747	0.00592	0.00697	0.00169	0.10251	0.00454	0.00275	0.00659
5	0.01339	0.01404	0.13656	0.01613	0.02096	0.01094	0.34357	0.01763	0.02924	0.13634	0.13587	0.02176	0.06357	0.00680	0.00617	0.00181	0.00686	0.00688	0.00409	0.00738
6	0.01213	0.00661	0.00878	0.00770	0.00975	0.00596	0.00596	0.01462	0.01572	0.21195	0.57976	0.03569	0.04254	0.01020	0.00629	0.00173	0.00314	0.00889	0.00629	0.00628
7	0.01062	0.00918	0.01094	0.01016	0.01191	0.01074	0.00793	0.01772	0.30872	0.01749	0.02449	0.10264	0.13097	0.01609	0.15063	0.00329	0.13770	0.00774	0.00449	0.00657
8	0.01481	0.80869	0.02902	0.00948	0.01421	0.02191	0.00948	0.01658	0.01125	0.01303	0.00770	0.00888	0.00711	0.00474	0.00355	0.00118	0.00592	0.00296	0.00237	0.00711
9	0.01591	0.01235	0.01327	0.01142	0.01487	0.01395	0.00903	0.15727	0.57397	0.08245	0.02085	0.01922	0.01534	0.00731	0.00561	0.00183	0.00471	0.00598	0.00571	0.00893
10	0.00791	0.00593	0.00890	0.00890	0.00989	0.00692	0.00692	0.00989	0.00890	0.01286	0.01483	0.02176	0.01385	0.04154	0.78341	0.00890	0.01483	0.00593	0.00297	0.00494
11	0.01268	0.01094	0.01147	0.01041	0.01335	0.01239	0.00807	0.02616	0.64708	0.02192	0.02764	0.02562	0.13116	0.00850	0.00577	0.00188	0.00414	0.00709	0.00556	0.00814
12	0.14622	0.01478	0.01533	0.01191	0.01619	0.01645	0.00984	0.64046	0.02351	0.03338	0.01245	0.01264	0.00890	0.00642	0.00522	0.00167	0.00582	0.00468	0.00522	0.00890
13	0.01132	0.01002	0.01395	0.36119	0.02451	0.00991	0.01066	0.03730	0.01176	0.01682	0.00995	0.01302	0.00787	0.00483	0.00479	0.00131	0.00564	0.00407	0.00298	0.43808
14	0.01514	0.65218	0.02719	0.01276	0.10409	0.08145	0.01046	0.01707	0.01177	0.01367	0.00809	0.00954	0.00731	0.00484	0.00390	0.00126	0.00632	0.00324	0.00245	0.00725
15	0.34322	0.01032	0.01059	0.01164	0.12546	0.04165	0.00734	0.07132	0.01100	0.01947	0.01182	0.01913	0.01142	0.27076	0.01218	0.00290	0.00536	0.00515	0.00344	0.00583

[dist]
# distance from previous block
# <min> <max>
0	1

[block]
# block no. 3 follows, 43 sequences, length 56
# corresponding to MSA columns:
# 230-242,244-286
name=unknown_D
#
# <colnr> <probs for GDERKNQSTAVLIFYWHMCP>
#	G	D	E	R	K	N	Q	S	T	A	V	L	I	F	Y	W	H	M	C	P
0	0.01017	0.00798	0.01198	0.20298	0.06100	0.00948	0.00921	0.01082	0.00891	0.01220	0.01096	0.01919	0.01075	0.16623	0.03713	0.25130	0.14697	0.00551	0.00264	0.00460
1	0.00732	0.00543	0.00682	0.00691	0.00807	0.00494	0.00502	0.00928	0.01379	0.01878	0.44517	0.24218	0.17910	0.01339	0.00667	0.00190	0.00280	0.01182	0.00567	0.00494
2	0.00987	0.00870	0.01361	0.25794	0.02013	0.01032	0.06441	0.01254	0.03652	0.01358	0.01289	0.02102	0.01208	0.19267	0.18689	0.00429	0.10819	0.00601	0.00291	0.00544
3	0.01181	0.00995	0.01611	0.21017	0.32040	0.01040	0.01296	0.01492	0.01301	0.05640	0.16060	0.02502	0.01972	0.00757	0.00594	0.00182	0.00574	0.08658	0.00380	0.00707
4	0.01481	0.80869	0.02902	0.00948	0.01421	0.02191	0.00948	0.01658	0.01125	0.01303	0.00770	0.00888	0.00711	0.00474	0.00355	0.00118	0.00592	0.00296	0.00237	0.00711
5	0.01110	0.00878	0.01066	0.00988	0.01184	0.01006	0.00766	0.08706	0.25788	0.01823	0.01738	0.02144	0.01480	0.07206	0.40874	0.00569	0.01000	0.00608	0.00411	0.00654
6	0.01103	0.01328	0.09597	0.01804	0.02234	0.01111	0.46235	0.01478	0.01222	0.01666	0.01675	0.24539	0.01655	0.00844	0.00657	0.00197	0.00743	0.00900	0.00344	0.00667
7	0.01307	0.01494	0.03268	0.02334	0.02894	0.01401	0.75070	0.01774	0.01307	0.01774	0.01120	0.01494	0.00840	0.00467	0.00654	0.00187	0.00934	0.00654	0.00280	0.00747
8	0.01639	0.47513	0.02350	0.01154	0.01517	0.26339	0.01015	0.01800	0.01237	0.01323	0.00793	0.00958	0.00713	0.00557	0.00557	0.00139	0.09130	0.00335	0.00253	0.00678
9	0.01032	0.00516	0.00516	0.00516	0.00645	0.00516	0.00387	0.01290	0.01161	0.02065	0.01807	0.02065	0.01420	0.00645	0.00387	0.00129	0.00258	0.00516	0.83611	0.00516
10	0.01156	0.22039	0.47743	0.01292	0.01924	0.01401	0.01549	0.01627	0.01216	0.01709	0.11997	0.01532	0.01364	0.00602	0.00502	0.00161	0.00681	0.00467	0.00289	0.00748
11	0.00772	0.00564	0.00734	0.00724	0.00845	0.00513	0.00527	0.00987	0.01405	0.01975	0.52369	0.25174	0.04565	0.01263	0.00656	0.00184	0.00286	0.01127	0.00569	0.04762
12	0.00808	0.00568	0.00692	0.00740	0.00802	0.00556	0.00530	0.00910	0.01018	0.01324	0.02622	0.09150	0.10761	0.42341	0.01810	0.00391	0.00487	0.23657	0.00421	0.00412
13	0.01184	0.01106	0.01844	0.26078	0.41159	0.01208	0.01475	0.01491	0.01143	0.01589	0.01087	0.01571	0.00928	0.04172	0.08613	0.00263	0.03580	0.00516	0.00269	0.00727
14	0.00840	0.00618	0.00819	0.00910	0.01049	0.00597	0.00777	0.01074	0.01294	0.01668	0.08823	0.05921	0.17185	0.01477	0.00736	0.00236	0.00449	0.54506	0.00518	0.00503
15	0.01507	0.77425	0.02843	0.00969	0.01434	0.05543	0.00953	0.01683	0.01145	0.01305	0.00774	0.00893	0.00711	0.00478	0.00362	0.00120	0.00610	0.00299	0.00239	0.00708
16	0.01247	0.31509	0.50212	0.01347	0.02039	0.01619	0.01643	0.01719	0.01153	0.01588	0.00912	0.01066	0.00705	0.00507	0.00463	0.00154	0.00735	0.00368	0.00235	0.00779
17	0.01398	0.01470	0.01164	0.01071	0.01228	0.31105	0.00786	0.05851	0.01230	0.01384	0.01262	0.02039	0.01244	0.25034	0.16353	0.00412	0.05563	0.00552	0.00316	0.00538
18	0.01729	0.01364	0.01450	0.01198	0.01574	0.01542	0.00962	0.37890	0.40561	0.02884	0.01807	0.01710	0.01329	0.00710	0.00559	0.00177	0.00521	0.00565	0.00559	0.00908
19	0.00722	0.00522	0.00682	0.00729	0.00811	0.00483	0.00514	0.00893	0.01292	0.01772	0.35564	0.43469	0.07573	0.01456	0.00681	0.00201	0.00293	0.01305	0.00556	0.00483
20	0.02485	0.00943	0.01285	0.00985	0.01414	0.00814	0.00814	0.02699	0.01585	0.77465	0.02185	0.01885	0.01371	0.00685	0.00557	0.00171	0.00471	0.00557	0.00685	0.00943
21	0.00805	0.00537	0.00604	0.00604	0.00604	0.00537	0.00336	0.00805	0.00805	0.01074	0.01745	0.03624	0.02013	0.80536	0.02819	0.00537	0.00537	0.00805	0.00336	0.00336
22	0.01190	0.01131	0.01921	0.45635	0.36260	0.01268	0.01610	0.01541	0.01175	0.01590	0.01010	0.01430	0.00800	0.00527	0.00551	0.00176	0.00703	0.00493	0.00259	0.00731
23	0.01046	0.00984	0.01661	0.79205	0.03814	0.01230	0.01538	0.01415	0.01107	0.01415	0.00984	0.01477	0.00738	0.00554	0.00554	0.00185	0.00738	0.00492	0.00246	0.00615
24	0.01371	0.01316	0.02248	0.03399	0.77081	0.01316	0.01700	0.01700	0.01261	0.01809	0.01042	0.01371	0.00877	0.00493	0.00548	0.00164	0.00658	0.00493	0.00274	0.00877
25	0.00805	0.00537	0.00604	0.00604	0.00604	0.00537	0.00336	0.00805	0.00805	0.01074	0.01745	0.03624	0.02013	0.80536	0.02819	0.00537	0.00537	0.00805	0.00336	0.00336
26	0.01481	0.80869	0.02902	0.00948	0.01421	0.02191	0.00948	0.01658	0.01125	0.01303	0.00770	0.00888	0.00711	0.00474	0.00355	0.00118	0.00592	0.00296	0.00237	0.00711
27	0.01538	0.01287	0.01354	0.01202	0.01532	0.01456	0.00931	0.09883	0.68003	0.02505	0.02242	0.02114	0.01696	0.00803	0.00602	0.00203	0.00487	0.00642	0.00591	0.00928
28	0.01032	0.00516	0.00516	0.00516	0.00645	0.00516	0.00387	0.01290	0.01161	0.02065	0.01807	0.02065	0.01420	0.00645	0.00387	0.00129	0.00258	0.00516	0.83611	0.00516
29	0.01481	0.80869	0.02902	0.00948	0.01421	0.02191	0.00948	0.01658	0.01125	0.01303	0.00770	0.00888	0.00711	0.00474	0.00355	0.00118	0.00592	0.00296	0.00237	0.00711
30	0.01148	0.00984	0.01148	0.00820	0.01312	0.00738	0.00656	0.01395	0.01148	0.01805	0.00984	0.01148	0.00820	0.00410	0.00410	0.00082	0.00410	0.00328	0.00328	0.83922
31	0.01161	0.01106	0.02041	0.01590	0.01930	0.01070	0.36624	0.10665	0.01375	0.01850	0.01901	0.32176	0.01955	0.00987	0.00662	0.00199	0.00654	0.00993	0.00406	0.00656
32	0.01481	0.80869	0.02902	0.00948	0.01421	0.02191	0.00948	0.01658	0.01125	0.01303	0.00770	0.00888	0.00711	0.00474	0.00355	0.00118	0.00592	0.00296	0.00237	0.00711
33	0.00781	0.00567	0.00690	0.00713	0.00802	0.00538	0.00492	0.03890	0.01228	0.01645	0.21154	0.33764	0.13779	0.16102	0.01072	0.00263	0.00353	0.01191	0.00506	0.00469
34	0.01178	0.00997	0.01420	0.41360	0.02581	0.01105	0.01149	0.12743	0.01427	0.01938	0.14565	0.01879	0.01583	0.00652	0.00550	0.00164	0.00584	0.00559	0.00371	0.13193
35	0.00774	0.00548	0.00684	0.00755	0.00814	0.00530	0.00537	0.00881	0.01043	0.01363	0.02802	0.27176	0.09942	0.29622	0.01466	0.00340	0.00442	0.19405	0.00450	0.00426
36	0.01212	0.01212	0.01696	0.01454	0.01454	0.01696	0.01212	0.01333	0.00848	0.01333	0.00727	0.01212	0.00727	0.00969	0.01818	0.00242	0.79523	0.00485	0.00242	0.00606
37	0.15144	0.02154	0.45208	0.01326	0.01958	0.01295	0.01518	0.10047	0.06376	0.08199	0.01175	0.01261	0.00832	0.00568	0.00504	0.00174	0.00677	0.00428	0.00346	0.00810
38	0.84448	0.01071	0.00814	0.00728	0.01071	0.01242	0.00600	0.01628	0.00943	0.02485	0.00771	0.00900	0.00600	0.00514	0.00343	0.00171	0.00428	0.00300	0.00343	0.00600
39	0.01378	0.01190	0.01252	0.01127	0.01440	0.01378	0.00877	0.02943	0.76081	0.02317	0.02254	0.02066	0.01691	0.00751	0.00564	0.00188	0.00438	0.00626	0.00564	0.00877
40	0.00892	0.00637	0.00892	0.01020	0.01147	0.00637	0.00892	0.01147	0.01275	0.01657	0.02932	0.06247	0.03187	0.01530	0.00765	0.00255	0.00510	0.73354	0.00510	0.00510
41	0.00791	0.00593	0.00890	0.00890	0.00989	0.00692	0.00692	0.00989	0.00890	0.01286	0.01483	0.02176	0.01385	0.04154	0.78341	0.00890	0.01483	0.00593	0.00297	0.00494
42	0.00860	0.00577	0.00728	0.00704	0.00850	0.00520	0.00523	0.01068	0.01426	0.07222	0.45737	0.17100	0.18090	0.01254	0.00656	0.00185	0.00290	0.01099	0.00581	0.00529
43	0.00913	0.00600	0.00796	0.00776	0.00922	0.00558	0.00606	0.01157	0.01480	0.07305	0.52514	0.08866	0.06062	0.01213	0.00670	0.00192	0.00324	0.13912	0.00589	0.00544
44	0.00962	0.00481	0.00722	0.00722	0.00722	0.00481	0.00481	0.00722	0.00722	0.00962	0.00962	0.01684	0.00962	0.01924	0.02165	0.83886	0.00481	0.00481	0.00241	0.00241
45	0.01754	0.00785	0.01048	0.00896	0.01150	0.00722	0.00688	0.06150	0.01348	0.40724	0.02055	0.17286	0.01742	0.04042	0.00976	0.16195	0.00454	0.00748	0.00546	0.00689
46	0.01046	0.00984	0.01661	0.79205	0.03814	0.01230	0.01538	0.01415	0.01107	0.01415	0.00984	0.01477	0.00738	0.00554	0.00554	0.00185	0.00738	0.00492	0.00246	0.00615
47	0.57200	0.01125	0.00990	0.00856	0.01195	0.01281	0.00696	0.15109	0.06520	0.02608	0.04164	0.04025	0.01037	0.00627	0.00422	0.00174	0.00452	0.00433	0.00414	0.00673
48	0.03126	0.08213	0.39411	0.01603	0.09158	0.06535	0.01591	0.06145	0.04561	0.04556	0.01058	0.01230	0.00802	0.00593	0.00651	0.00175	0.09077	0.00431	0.00294	0.00791
49	0.01538	0.06321	0.15851	0.01624	0.14872	0.03433	0.01278	0.18737	0.22092	0.04712	0.03065	0.01552	0.01177	0.00630	0.00540	0.00170	0.00607	0.00513	0.00428	0.00859
50	0.01064	0.09116	0.30412	0.06807	0.01852	0.01125	0.04556	0.03102	0.05601	0.01691	0.04351	0.21665	0.01706	0.00866	0.00568	0.00181	0.00607	0.00749	0.00353	0.03630
51	0.00675	0.00482	0.00643	0.00771	0.00803	0.00450	0.00514	0.00771	0.01060	0.01414	0.03053	0.80175	0.03663	0.01735	0.00707	0.00225	0.00321	0.01574	0.00514	0.00450
52	0.01786	0.21220	0.19123	0.01261	0.01792	0.05933	0.07026	0.06714	0.01420	0.26488	0.01351	0.01360	0.00950	0.00572	0.00504	0.00158	0.00656	0.00452	0.00409	0.00824
53	0.00746	0.00490	0.00651	0.00736	0.00758	0.00469	0.00481	0.00768	0.00961	0.01281	0.02478	0.54348	0.02926	0.13935	0.01293	0.15203	0.00383	0.01261	0.00438	0.00395
54	0.09464	0.01820	0.29724	0.01535	0.11638	0.01251	0.01395	0.12807	0.04976	0.13411	0.01265	0.01342	0.00904	0.00569	0.00515	0.00167	0.00636	0.00451	0.00385	0.05746
55	0.01457	0.42519	0.02255	0.04132	0.08733	0.12347	0.01044	0.01741	0.06437	0.01448	0.01201	0.01343	0.05288	0.00608	0.00557	0.00148	0.07331	0.00421	0.00287	0.00702

[dist]
# distance from previous block
# <min> <max>
3	4

[block]
# block no. 4 follows, 43 sequences, length 6
# corresponding to MSA columns:
# 291-296
name=unknown_E
#
# <colnr> <probs for GDERKNQSTAVLIFYWHMCP>
#	G	D	E	R	K	N	Q	S	T	A	V	L	I	F	Y	W	H	M	C	P
0	0.01488	0.01282	0.05688	0.00987	0.01303	0.17401	0.00817	0.01713	0.01430	0.18653	0.15753	0.05702	0.10990	0.00867	0.00571	0.00164	0.00534	0.04025	0.00482	0.10153
1	0.00844	0.01054	0.17286	0.00981	0.01221	0.00696	0.00928	0.01099	0.01138	0.01530	0.02671	0.26567	0.09424	0.09682	0.00903	0.00252	0.00503	0.22252	0.00434	0.00536
2	0.01198	0.01029	0.01171	0.00886	0.01340	0.00876	0.00704	0.01728	0.17280	0.01915	0.01258	0.01346	0.01008	0.00484	0.00443	0.00105	0.00416	0.00392	0.00379	0.66044
3	0.01865	0.02027	0.01562	0.01496	0.08541	0.43070	0.01067	0.17867	0.08544	0.01953	0.01388	0.01462	0.05438	0.00650	0.00531	0.00157	0.00789	0.00473	0.00381	0.00739
4	0.01044	0.00845	0.01115	0.00989	0.01105	0.00988	0.00788	0.01346	0.06698	0.05443	0.39411	0.02955	0.06355	0.01041	0.01032	0.00198	0.26784	0.00788	0.00483	0.00593
5	0.09297	0.04856	0.01589	0.01228	0.01550	0.01643	0.01016	0.39324	0.12239	0.02675	0.01253	0.01348	0.00959	0.00720	0.00799	0.00184	0.17557	0.00486	0.00455	0.00819

[dist]
# distance from previous block
# <min> <max>
0	14

[block]
# block no. 5 follows, 43 sequences, length 20
# corresponding to MSA columns:
# 311-330
name=unknown_F
#
# <colnr> <probs for GDERKNQSTAVLIFYWHMCP>
#	G	D	E	R	K	N	Q	S	T	A	V	L	I	F	Y	W	H	M	C	P
0	0.01398	0.01397	0.09376	0.04997	0.10617	0.02649	0.10726	0.15203	0.06308	0.03854	0.01303	0.06022	0.01072	0.00602	0.00535	0.00153	0.00609	0.00535	0.00378	0.22264
1	0.01367	0.07381	0.02063	0.05921	0.03986	0.01558	0.15250	0.01587	0.01053	0.08687	0.00967	0.01324	0.00814	0.00772	0.01257	0.00210	0.44320	0.00510	0.00292	0.00681
2	0.01479	0.16857	0.40265	0.01417	0.02006	0.25664	0.01541	0.01881	0.01287	0.01547	0.00910	0.01065	0.00707	0.00531	0.00487	0.00155	0.00834	0.00372	0.00251	0.00744
3	0.05118	0.07278	0.01707	0.05015	0.01705	0.01235	0.11007	0.16915	0.01536	0.24746	0.01513	0.05205	0.01151	0.00898	0.04210	0.03933	0.05023	0.00566	0.00463	0.00775
4	0.84448	0.01071	0.00814	0.00728	0.01071	0.01242	0.00600	0.01628	0.00943	0.02485	0.00771	0.00900	0.00600	0.00514	0.00343	0.00171	0.00428	0.00300	0.00343	0.00600
5	0.00860	0.00637	0.00777	0.00742	0.00893	0.00606	0.00558	0.07268	0.01518	0.02067	0.45151	0.16050	0.16632	0.01242	0.00656	0.00185	0.00309	0.02739	0.00572	0.00537
6	0.01077	0.00983	0.01631	0.02063	0.32782	0.00989	0.07767	0.01326	0.01190	0.01640	0.02015	0.23422	0.05338	0.01022	0.00703	0.00199	0.04947	0.09858	0.00378	0.00671
7	0.00999	0.00782	0.00999	0.00937	0.01216	0.00680	0.00794	0.01251	0.01222	0.01719	0.02119	0.04119	0.02199	0.01062	0.00617	0.00183	0.00468	0.42870	0.00434	0.35329
8	0.00910	0.00588	0.00790	0.00813	0.00939	0.00551	0.00627	0.01120	0.01362	0.07678	0.33739	0.25546	0.04030	0.01356	0.00686	0.00206	0.00351	0.17610	0.00566	0.00532
9	0.01307	0.01494	0.03268	0.02334	0.02894	0.01401	0.75070	0.01774	0.01307	0.01774	0.01120	0.01494	0.00840	0.00467	0.00654	0.00187	0.00934	0.00654	0.00280	0.00747
10	0.00672	0.00493	0.00631	0.00742	0.00796	0.00452	0.00501	0.00774	0.01088	0.01425	0.03405	0.69873	0.13738	0.01689	0.00700	0.00220	0.00316	0.01519	0.00514	0.00452
11	0.00675	0.00482	0.00643	0.00771	0.00803	0.00450	0.00514	0.00771	0.01060	0.01414	0.03053	0.80175	0.03663	0.01735	0.00707	0.00225	0.00321	0.01574	0.00514	0.00450
12	0.01046	0.00984	0.01661	0.79205	0.03814	0.01230	0.01538	0.01415	0.01107	0.01415	0.00984	0.01477	0.00738	0.00554	0.00554	0.00185	0.00738	0.00492	0.00246	0.00615
13	0.02451	0.00997	0.01319	0.01011	0.01441	0.00895	0.00835	0.09196	0.01676	0.70839	0.02108	0.01835	0.01333	0.00684	0.00557	0.00171	0.00484	0.00552	0.00674	0.00942
14	0.01481	0.80869	0.02902	0.00948	0.01421	0.02191	0.00948	0.01658	0.01125	0.01303	0.00770	0.00888	0.00711	0.00474	0.00355	0.00118	0.00592	0.00296	0.00237	0.00711
15	0.01487	0.01327	0.02179	0.02870	0.55962	0.01339	0.07787	0.08583	0.05569	0.05665	0.01198	0.01441	0.00949	0.00531	0.00559	0.00168	0.00656	0.00518	0.00336	0.00875
16	0.00656	0.00555	0.00567	0.00577	0.00752	0.00466	0.00428	0.00793	0.01247	0.01490	0.05413	0.11109	0.71205	0.01428	0.00659	0.00190	0.00284	0.01200	0.00514	0.00466
17	0.04640	0.00723	0.00996	0.22514	0.01711	0.00796	0.00835	0.01217	0.08261	0.01613	0.08051	0.39812	0.04280	0.01205	0.00629	0.00203	0.00447	0.01073	0.00444	0.00549
18	0.00676	0.00562	0.00590	0.00583	0.00761	0.00476	0.00437	0.00835	0.01312	0.01614	0.17152	0.05137	0.65242	0.01359	0.00654	0.00185	0.00277	0.01142	0.00530	0.00476
19	0.01162	0.01029	0.01333	0.00952	0.01450	0.00796	0.07132	0.01428	0.01162	0.01802	0.00996	0.01179	0.00822	0.00415	0.00431	0.00091	0.00456	0.00356	0.00324	0.76684

[dist]
# distance from previous block
# <min> <max>
1	21

[block]
# block no. 6 follows, 43 sequences, length 35
# corresponding to MSA columns:
# 352-386
name=unknown_G
#
# <colnr> <probs for GDERKNQSTAVLIFYWHMCP>
#	G	D	E	R	K	N	Q	S	T	A	V	L	I	F	Y	W	H	M	C	P
0	0.03652	0.01491	0.01630	0.04102	0.03529	0.14095	0.10762	0.08296	0.41802	0.02141	0.01690	0.01689	0.01278	0.00658	0.00558	0.00177	0.00625	0.00559	0.00456	0.00810
1	0.01539	0.32723	0.17117	0.01187	0.03607	0.13579	0.01141	0.01818	0.01301	0.10682	0.07017	0.01478	0.03419	0.00604	0.00473	0.00148	0.00653	0.00445	0.00336	0.00732
2	0.00707	0.00515	0.00699	0.03911	0.00928	0.00493	0.00557	0.00840	0.01141	0.01539	0.14428	0.65196	0.03788	0.01594	0.00692	0.00215	0.00329	0.01442	0.00518	0.00468
3	0.01362	0.24688	0.07439	0.07350	0.38390	0.01549	0.03050	0.03974	0.01242	0.01670	0.01036	0.03961	0.00905	0.00542	0.00499	0.00156	0.00648	0.00471	0.00276	0.00792
4	0.01241	0.01244	0.04472	0.05990	0.11790	0.01344	0.13370	0.03877	0.12709	0.01798	0.06740	0.01852	0.01355	0.00758	0.00933	0.00197	0.22592	0.03665	0.00352	0.03721
5	0.00751	0.00564	0.00689	0.00709	0.00836	0.00517	0.00536	0.00937	0.01317	0.01739	0.29809	0.13586	0.26137	0.06901	0.00829	0.00222	0.00333	0.12570	0.00535	0.00482
6	0.01181	0.12542	0.59147	0.01591	0.02335	0.01414	0.10824	0.01744	0.01181	0.01699	0.00981	0.01173	0.00720	0.00512	0.00520	0.00170	0.00804	0.00425	0.00240	0.00796
7	0.00699	0.00563	0.00623	0.00608	0.00776	0.00487	0.00456	0.00882	0.01368	0.01748	0.30317	0.04916	0.51993	0.01309	0.00654	0.00183	0.00274	0.01111	0.00547	0.00487
8	0.01200	0.01067	0.01373	0.24268	0.04036	0.01266	0.01087	0.02127	0.38790	0.01880	0.01878	0.06283	0.03377	0.00790	0.00667	0.00194	0.06373	0.02174	0.00433	0.00738
9	0.00675	0.00482	0.00643	0.00771	0.00803	0.00450	0.00514	0.00771	0.01060	0.01414	0.03053	0.80175	0.03663	0.01735	0.00707	0.00225	0.00321	0.01574	0.00514	0.00450
10	0.01428	0.18870	0.17819	0.01858	0.15107	0.10181	0.14701	0.04874	0.01283	0.01669	0.00956	0.01193	0.00773	0.00542	0.00608	0.00164	0.06494	0.00447	0.00270	0.00763
11	0.01470	0.05710	0.17515	0.08850	0.17104	0.18698	0.10413	0.05505	0.01338	0.01687	0.00976	0.01235	0.00773	0.00558	0.00619	0.00169	0.05895	0.00455	0.00277	0.00751
12	0.01582	0.00743	0.00996	0.00832	0.01103	0.00659	0.00659	0.01821	0.01576	0.37534	0.41776	0.03080	0.03417	0.00923	0.00608	0.00173	0.00360	0.00793	0.00645	0.00720
13	0.01542	0.01099	0.03528	0.01000	0.01426	0.00968	0.02714	0.10208	0.11950	0.18176	0.08343	0.01735	0.01470	0.00616	0.00511	0.00139	0.00462	0.00510	0.00484	0.33121
14	0.00730	0.00564	0.00665	0.00640	0.00794	0.00500	0.00480	0.00940	0.01440	0.01918	0.47006	0.04636	0.35198	0.01245	0.00654	0.00180	0.00269	0.01072	0.00570	0.00500
15	0.01148	0.00984	0.01148	0.00820	0.01312	0.00738	0.00656	0.01395	0.01148	0.01805	0.00984	0.01148	0.00820	0.00410	0.00410	0.00082	0.00410	0.00328	0.00328	0.83922
16	0.02114	0.08519	0.01548	0.04279	0.03313	0.10676	0.00940	0.13179	0.05375	0.40206	0.03169	0.01628	0.01222	0.00651	0.00533	0.00164	0.00577	0.00508	0.00541	0.00858
17	0.04639	0.06687	0.14193	0.06482	0.24636	0.01260	0.16868	0.01680	0.01269	0.06189	0.07169	0.01692	0.03591	0.00586	0.00558	0.00171	0.00678	0.00558	0.00326	0.00767
18	0.01111	0.02865	0.77667	0.01579	0.02397	0.01286	0.02046	0.01754	0.01169	0.01754	0.00994	0.01169	0.00702	0.00526	0.00526	0.00175	0.00818	0.00409	0.00234	0.00818
19	0.01378	0.01190	0.01252	0.01127	0.01440	0.01378	0.00877	0.02943	0.76081	0.02317	0.02254	0.02066	0.01691	0.00751	0.00564	0.00188	0.00438	0.00626	0.00564	0.00877
20	0.01378	0.01190	0.01252	0.01127	0.01440	0.01378	0.00877	0.02943	0.76081	0.02317	0.02254	0.02066	0.01691	0.00751	0.00564	0.00188	0.00438	0.00626	0.00564	0.00877
21	0.00791	0.00593	0.00890	0.00890	0.00989	0.00692	0.00692	0.00989	0.00890	0.01286	0.01483	0.02176	0.01385	0.04154	0.78341	0.00890	0.01483	0.00593	0.00297	0.00494
22	0.00962	0.00481	0.00722	0.00722	0.00722	0.00481	0.00481	0.00722	0.00722	0.00962	0.00962	0.01684	0.00962	0.01924	0.02165	0.83886	0.00481	0.00481	0.00241	0.00241
23	0.01032	0.00516	0.00516	0.00516	0.00645	0.00516	0.00387	0.01290	0.01161	0.02065	0.01807	0.02065	0.01420	0.00645	0.00387	0.00129	0.00258	0.00516	0.83611	0.00516
24	0.01236	0.01217	0.01832	0.09091	0.20713	0.01558	0.01365	0.01433	0.00976	0.01460	0.00830	0.01276	0.00766	0.00811	0.01382	0.00217	0.52423	0.00488	0.00251	0.00675
25	0.00723	0.00564	0.00656	0.00633	0.00790	0.00497	0.00475	0.00927	0.01424	0.01880	0.43306	0.04698	0.38922	0.01259	0.00654	0.00180	0.00270	0.01080	0.00565	0.00497
26	0.01307	0.01494	0.03268	0.02334	0.02894	0.01401	0.75070	0.01774	0.01307	0.01774	0.01120	0.01494	0.00840	0.00467	0.00654	0.00187	0.00934	0.00654	0.00280	0.00747
27	0.01161	0.01129	0.01993	0.50500	0.23375	0.01272	0.09582	0.01530	0.01170	0.01560	0.01015	0.01450	0.00787	0.00528	0.00563	0.00179	0.00738	0.00510	0.00257	0.00700
28	0.00675	0.00482	0.00643	0.00771	0.00803	0.00450	0.00514	0.00771	0.01060	0.01414	0.03053	0.80175	0.03663	0.01735	0.00707	0.00225	0.00321	0.01574	0.00514	0.00450
29	0.06462	0.51755	0.23256	0.01157	0.01720	0.01857	0.03902	0.01687	0.01133	0.01516	0.00844	0.00988	0.00706	0.00490	0.00412	0.00140	0.00656	0.00340	0.00244	0.00735
30	0.15405	0.25520	0.13402	0.01044	0.01553	0.01448	0.03340	0.07622	0.01234	0.01897	0.00917	0.01057	0.00742	0.00487	0.00419	0.00133	0.00564	0.00350	0.00306	0.22558
31	0.01143	0.10152	0.01098	0.00817	0.00961	0.04894	0.00604	0.10052	0.01160	0.01485	0.06264	0.05864	0.05691	0.19435	0.01576	0.26822	0.00517	0.00649	0.00353	0.00463
32	0.00704	0.00512	0.00642	0.00712	0.00775	0.00474	0.00481	0.00819	0.01131	0.01502	0.14130	0.49697	0.13366	0.11223	0.00950	0.00251	0.00333	0.01342	0.00506	0.00449
33	0.01260	0.01031	0.01632	0.11961	0.14149	0.01062	0.12252	0.03079	0.11603	0.09450	0.08988	0.10437	0.07335	0.00824	0.00629	0.00185	0.02222	0.00754	0.00432	0.00716
34	0.01506	0.07182	0.01812	0.19268	0.06301	0.09920	0.08560	0.01891	0.08467	0.13380	0.01373	0.01566	0.03093	0.00664	0.00736	0.00181	0.12497	0.00520	0.00361	0.00724

[dist]
# distance from previous block
# <min> <max>
0	1

[block]
# block no. 7 follows, 43 sequences, length 13
# corresponding to MSA columns:
# 388-400
name=unknown_H
#
# <colnr> <probs for GDERKNQSTAVLIFYWHMCP>
#	G	D	E	R	K	N	Q	S	T	A	V	L	I	F	Y	W	H	M	C	P
0	0.01219	0.01161	0.01973	0.38887	0.42783	0.01276	0.01624	0.01566	0.01189	0.01625	0.01015	0.01420	0.00812	0.00522	0.00551	0.00174	0.00696	0.00493	0.00261	0.00755
1	0.01155	0.01146	0.01736	0.04028	0.01613	0.01496	0.08990	0.01323	0.00940	0.01401	0.01071	0.08849	0.01100	0.00993	0.01512	0.00233	0.58434	0.03096	0.00281	0.00603
2	0.01212	0.01212	0.01696	0.01454	0.01454	0.01696	0.01212	0.01333	0.00848	0.01333	0.00727	0.01212	0.00727	0.00969	0.01818	0.00242	0.79523	0.00485	0.00242	0.00606
3	0.00669	0.00562	0.00581	0.00576	0.00757	0.00474	0.00432	0.00823	0.01296	0.01577	0.13524	0.05197	0.68893	0.01373	0.00654	0.00186	0.00278	0.01150	0.00525	0.00474
4	0.00784	0.00566	0.00740	0.00697	0.00827	0.00523	0.00523	0.01045	0.01568	0.02221	0.76789	0.04137	0.05226	0.01132	0.00653	0.00174	0.00261	0.01002	0.00610	0.00523
5	0.01307	0.01494	0.03268	0.02334	0.02894	0.01401	0.75070	0.01774	0.01307	0.01774	0.01120	0.01494	0.00840	0.00467	0.00654	0.00187	0.00934	0.00654	0.00280	0.00747
6	0.00805	0.00537	0.00604	0.00604	0.00604	0.00537	0.00336	0.00805	0.00805	0.01074	0.01745	0.03624	0.02013	0.80536	0.02819	0.00537	0.00537	0.00805	0.00336	0.00336
7	0.01111	0.02865	0.77667	0.01579	0.02397	0.01286	0.02046	0.01754	0.01169	0.01754	0.00994	0.01169	0.00702	0.00526	0.00526	0.00175	0.00818	0.00409	0.00234	0.00818
8	0.01148	0.00984	0.01148	0.00820	0.01312	0.00738	0.00656	0.01395	0.01148	0.01805	0.00984	0.01148	0.00820	0.00410	0.00410	0.00082	0.00410	0.00328	0.00328	0.83922
9	0.00673	0.00522	0.00614	0.00675	0.00781	0.00463	0.00474	0.00800	0.01183	0.01505	0.09234	0.42454	0.35545	0.01549	0.00680	0.00205	0.00299	0.01359	0.00521	0.00463
10	0.00680	0.00562	0.00597	0.00588	0.00764	0.00479	0.00441	0.00845	0.01323	0.01641	0.19826	0.05092	0.62551	0.01349	0.00654	0.00184	0.00277	0.01135	0.00533	0.00479
11	0.01287	0.19525	0.01872	0.16813	0.17157	0.01460	0.01168	0.01942	0.23230	0.01745	0.01595	0.01815	0.04672	0.00650	0.00521	0.00168	0.00572	0.02689	0.00364	0.00757
12	0.05501	0.01549	0.01474	0.01254	0.01579	0.17409	0.03491	0.15711	0.31824	0.06539	0.01580	0.01569	0.01188	0.00689	0.00627	0.00177	0.06043	0.00519	0.00469	0.00808

[dist]
# distance from previous block
# <min> <max>
0	2

[block]
# block no. 8 follows, 43 sequences, length 16
# corresponding to MSA columns:
# 403-418
name=unknown_I
#
# <colnr> <probs for GDERKNQSTAVLIFYWHMCP>
#	G	D	E	R	K	N	Q	S	T	A	V	L	I	F	Y	W	H	M	C	P
0	0.08399	0.03798	0.10792	0.03283	0.01465	0.00896	0.00855	0.01479	0.01185	0.04326	0.08104	0.01435	0.01211	0.00517	0.00449	0.00117	0.00467	0.00410	0.00350	0.50462
1	0.46737	0.17186	0.04257	0.00912	0.01286	0.01460	0.00814	0.05858	0.01128	0.08523	0.00927	0.01039	0.00720	0.00564	0.00495	0.00166	0.06546	0.00350	0.00351	0.00679
2	0.00675	0.00522	0.00616	0.00676	0.00782	0.00463	0.00475	0.00803	0.01186	0.01513	0.10058	0.42452	0.34704	0.01546	0.00680	0.00205	0.00299	0.01357	0.00522	0.00463
3	0.00776	0.00566	0.00730	0.00689	0.00823	0.00519	0.00516	0.01030	0.01549	0.02177	0.72502	0.04209	0.09541	0.01149	0.00653	0.00175	0.00262	0.01012	0.00604	0.00519
4	0.01212	0.01212	0.01696	0.01454	0.01454	0.01696	0.01212	0.01333	0.00848	0.01333	0.00727	0.01212	0.00727	0.00969	0.01818	0.00242	0.79523	0.00485	0.00242	0.00606
5	0.01212	0.01212	0.01696	0.01454	0.01454	0.01696	0.01212	0.01333	0.00848	0.01333	0.00727	0.01212	0.00727	0.00969	0.01818	0.00242	0.79523	0.00485	0.00242	0.00606
6	0.00866	0.00618	0.00862	0.00989	0.01105	0.00614	0.00846	0.01101	0.01249	0.01628	0.02947	0.15307	0.03246	0.01555	0.00758	0.00251	0.00487	0.64557	0.00510	0.00503
7	0.01111	0.02865	0.77667	0.01579	0.02397	0.01286	0.02046	0.01754	0.01169	0.01754	0.00994	0.01169	0.00702	0.00526	0.00526	0.00175	0.00818	0.00409	0.00234	0.00818
8	0.00774	0.00566	0.00727	0.00687	0.00822	0.00519	0.00515	0.01027	0.01545	0.02167	0.71534	0.04225	0.10514	0.01152	0.00653	0.00175	0.00263	0.01014	0.00603	0.00519
9	0.00805	0.00537	0.00604	0.00604	0.00604	0.00537	0.00336	0.00805	0.00805	0.01074	0.01745	0.03624	0.02013	0.80536	0.02819	0.00537	0.00537	0.00805	0.00336	0.00336
10	0.01247	0.01317	0.02280	0.01781	0.01989	0.01586	0.28663	0.01497	0.01019	0.01497	0.00873	0.01317	0.00769	0.00783	0.01385	0.00222	0.50313	0.00547	0.00256	0.00658
11	0.01032	0.00516	0.00516	0.00516	0.00645	0.00516	0.00387	0.01290	0.01161	0.02065	0.01807	0.02065	0.01420	0.00645	0.00387	0.00129	0.00258	0.00516	0.83611	0.00516
12	0.01037	0.02066	0.49113	0.01284	0.01865	0.01076	0.01507	0.01649	0.07928	0.01907	0.19674	0.02136	0.04953	0.00728	0.00565	0.00177	0.00628	0.00603	0.00366	0.00738
13	0.04278	0.01046	0.01234	0.01047	0.01401	0.01084	0.00842	0.02696	0.36914	0.35310	0.02218	0.02188	0.01602	0.00759	0.00566	0.00184	0.00457	0.04688	0.00608	0.00877
14	0.29442	0.37872	0.05414	0.00953	0.01375	0.09126	0.00883	0.01748	0.03952	0.01777	0.00851	0.00967	0.00713	0.00508	0.00382	0.00143	0.00577	0.00322	0.00292	0.02704
15	0.04467	0.01693	0.27567	0.01366	0.08947	0.06154	0.01250	0.01651	0.01220	0.09393	0.06799	0.01510	0.01171	0.00705	0.00673	0.08419	0.00617	0.00462	0.00337	0.15601

[dist]
# distance from previous block
# <min> <max>
0	2

[block]
# block no. 9 follows, 43 sequences, length 183
# corresponding to MSA columns:
# 421-603
name=unknown_J
#
# <colnr> <probs for GDERKNQSTAVLIFYWHMCP>
#	G	D	E	R	K	N	Q	S	T	A	V	L	I	F	Y	W	H	M	C	P
0	0.01309	0.09847	0.18098	0.01014	0.01404	0.00984	0.00999	0.03522	0.03502	0.16549	0.25001	0.04568	0.05472	0.00864	0.00576	0.00174	0.00490	0.04434	0.00487	0.00706
1	0.01254	0.09448	0.56674	0.01617	0.07833	0.06552	0.01795	0.01780	0.01207	0.03116	0.00991	0.01161	0.00732	0.00522	0.00508	0.00165	0.00781	0.00403	0.00252	0.03209
2	0.00669	0.00561	0.00585	0.00599	0.00774	0.00476	0.00453	0.00814	0.01252	0.01501	0.05316	0.09458	0.68608	0.01428	0.00664	0.00193	0.00296	0.05369	0.00514	0.00469
3	0.01158	0.01015	0.01265	0.00910	0.01392	0.00797	0.04205	0.01411	0.01147	0.01790	0.00984	0.01167	0.00819	0.00429	0.00462	0.00092	0.02676	0.00348	0.00323	0.77613
4	0.00848	0.00643	0.02240	0.00840	0.00943	0.00607	0.00604	0.01163	0.11215	0.04385	0.05213	0.62801	0.03304	0.01521	0.00677	0.00215	0.00350	0.01368	0.00525	0.00535
5	0.00792	0.00592	0.00883	0.00883	0.00979	0.00688	0.00683	0.00984	0.00888	0.01280	0.01490	0.02213	0.01401	0.06096	0.76421	0.00881	0.01459	0.00599	0.00298	0.00490
6	0.01959	0.10275	0.05889	0.01388	0.01722	0.66655	0.01112	0.02132	0.01504	0.01372	0.00855	0.00997	0.00712	0.00559	0.00487	0.00142	0.00949	0.00354	0.00278	0.00658
7	0.78837	0.06468	0.00955	0.00743	0.01095	0.01307	0.00623	0.01630	0.00955	0.02405	0.00771	0.00899	0.00607	0.00511	0.00344	0.00168	0.00440	0.00300	0.00336	0.00607
8	0.01543	0.56090	0.02433	0.01007	0.01459	0.11350	0.00929	0.05741	0.01265	0.01498	0.00840	0.00961	0.00739	0.00488	0.00391	0.00119	0.00619	0.00319	0.00273	0.11936
9	0.01032	0.00516	0.00516	0.00516	0.00645	0.00516	0.00387	0.01290	0.01161	0.02065	0.01807	0.02065	0.01420	0.00645	0.00387	0.00129	0.00258	0.00516	0.83611	0.00516
10	0.03563	0.04442	0.39183	0.05970	0.11279	0.05047	0.07446	0.08241	0.04245	0.01917	0.02863	0.01331	0.00900	0.00555	0.00536	0.00172	0.00749	0.00465	0.00298	0.00797
11	0.01397	0.22066	0.07650	0.01976	0.09883	0.06780	0.38997	0.01765	0.01265	0.01627	0.00996	0.01272	0.00793	0.00482	0.00548	0.00163	0.00815	0.00510	0.00266	0.00748
12	0.00809	0.00578	0.00796	0.00924	0.01015	0.00565	0.00747	0.01002	0.01192	0.01563	0.02979	0.34759	0.03371	0.01609	0.00743	0.00243	0.00437	0.45671	0.00512	0.00487
13	0.01176	0.01000	0.01163	0.00833	0.01324	0.00766	0.00667	0.03486	0.01190	0.01852	0.00994	0.01154	0.00824	0.00417	0.00414	0.00084	0.00416	0.00333	0.00335	0.81571
14	0.01756	0.01110	0.04098	0.01028	0.01425	0.04590	0.03077	0.08775	0.01498	0.32377	0.04882	0.09313	0.01561	0.00745	0.00546	0.00157	0.00501	0.02504	0.00520	0.19535
15	0.01504	0.01704	0.26686	0.13798	0.08583	0.01214	0.02864	0.11768	0.03354	0.15485	0.03694	0.01507	0.01050	0.00594	0.00545	0.00171	0.00662	0.00494	0.00388	0.03935
16	0.23606	0.00969	0.01153	0.00914	0.01314	0.00919	0.00753	0.02391	0.01419	0.56688	0.03234	0.01673	0.01245	0.00650	0.00503	0.00171	0.00456	0.00499	0.00596	0.00846
17	0.01314	0.01262	0.02131	0.14245	0.62022	0.01326	0.01648	0.01637	0.01214	0.01724	0.01015	0.01377	0.00848	0.00530	0.00624	0.00172	0.05327	0.00493	0.00268	0.00823
18	0.00746	0.00557	0.00718	0.02969	0.00897	0.00517	0.00536	0.00953	0.01386	0.01897	0.46442	0.23118	0.14603	0.01303	0.00664	0.00189	0.00293	0.01152	0.00562	0.00500
19	0.01032	0.00516	0.00516	0.00516	0.00645	0.00516	0.00387	0.01290	0.01161	0.02065	0.01807	0.02065	0.01420	0.00645	0.00387	0.00129	0.00258	0.00516	0.83611	0.00516
20	0.02102	0.01664	0.01653	0.01290	0.01717	0.09616	0.01054	0.67704	0.02497	0.03270	0.01281	0.01296	0.00918	0.00655	0.00548	0.00164	0.00650	0.00484	0.00526	0.00911
21	0.01355	0.01300	0.02220	0.07044	0.73559	0.01312	0.01692	0.01686	0.01254	0.01790	0.01039	0.01376	0.00871	0.00496	0.00549	0.00165	0.00662	0.00493	0.00273	0.00865
22	0.00784	0.00566	0.00740	0.00697	0.00827	0.00523	0.00523	0.01045	0.01568	0.02221	0.76789	0.04137	0.05226	0.01132	0.00653	0.00174	0.00261	0.01002	0.00610	0.00523
23	0.00835	0.00616	0.00812	0.00898	0.01038	0.00593	0.00764	0.01068	0.01300	0.01678	0.10340	0.05868	0.18081	0.01468	0.00733	0.00234	0.00441	0.52213	0.00520	0.00503
24	0.01974	0.00951	0.01209	0.00961	0.01314	0.00896	0.00780	0.14979	0.01759	0.44837	0.21531	0.02376	0.02303	0.00799	0.00582	0.00171	0.00441	0.00663	0.00643	0.00833
