[name]
unknown

[dist]
# distance from previous block
# <min> <max>
1	186

[block]
# block no. 0 follows, 48 sequences, length 21
# corresponding to MSA columns:
# 226-246
name=unknown_A
#
# <colnr> <probs for GDERKNQSTAVLIFYWHMCP>
#	G	D	E	R	K	N	Q	S	T	A	V	L	I	F	Y	W	H	M	C	P
0	0.07378	0.00644	0.00753	0.00775	0.00932	0.00630	0.00610	0.06796	0.01185	0.01633	0.02921	0.27404	0.18612	0.01267	0.00610	0.00195	0.00372	0.22426	0.00458	0.04400
1	0.50074	0.00942	0.00969	0.00928	0.07080	0.00998	0.00683	0.01739	0.01101	0.22937	0.07086	0.01345	0.01099	0.00562	0.00408	0.00158	0.00412	0.00406	0.00417	0.00656
2	0.00705	0.06872	0.00768	0.00611	0.00792	0.00644	0.00484	0.00837	0.01130	0.01361	0.04502	0.04325	0.66522	0.01202	0.00668	0.00172	0.06533	0.00971	0.00437	0.00460
3	0.00987	0.00800	0.00903	0.00846	0.01037	0.02308	0.00657	0.05892	0.25688	0.01937	0.26457	0.07064	0.09215	0.01197	0.06721	0.00225	0.00435	0.06527	0.00501	0.00602
4	0.00688	0.00473	0.00577	0.00634	0.00648	0.00459	0.00391	0.00731	0.00860	0.01146	0.02200	0.41035	0.02601	0.43287	0.01670	0.00358	0.00401	0.01089	0.00391	0.00362
5	0.02053	0.00837	0.01127	0.00883	0.01251	0.00718	0.00717	0.02244	0.01393	0.66022	0.02012	0.08989	0.01425	0.00704	0.00518	0.00157	0.00420	0.00586	0.00595	0.07351
6	0.01103	0.15489	0.60895	0.01498	0.07978	0.01330	0.01706	0.01607	0.01083	0.01561	0.00891	0.01055	0.00664	0.00477	0.00463	0.00153	0.00713	0.00368	0.00220	0.00746
7	0.00969	0.00912	0.01539	0.80734	0.03534	0.01140	0.01425	0.01311	0.01026	0.01311	0.00912	0.01368	0.00684	0.00513	0.00513	0.00171	0.00684	0.00456	0.00228	0.00570
8	0.04888	0.01840	0.01311	0.01157	0.01434	0.46488	0.00885	0.11027	0.07704	0.01680	0.04987	0.04933	0.01102	0.00624	0.00501	0.00142	0.02172	0.00448	0.00345	0.06333
9	0.01311	0.68226	0.16209	0.00981	0.01476	0.01882	0.01058	0.01552	0.01050	0.01281	0.00750	0.00869	0.00657	0.00448	0.00357	0.00119	0.00586	0.00293	0.00219	0.00676
10	0.00631	0.00455	0.00598	0.00702	0.00744	0.00422	0.00473	0.00732	0.01022	0.01363	0.08031	0.73258	0.06553	0.01557	0.00650	0.00204	0.00292	0.01408	0.00482	0.00422
11	0.01871	0.01398	0.01495	0.01164	0.01561	0.01554	0.00956	0.68273	0.11325	0.03105	0.01333	0.01313	0.00955	0.00625	0.00514	0.00156	0.00546	0.00476	0.00514	0.00865
12	0.00736	0.00538	0.00766	0.00766	0.00837	0.00610	0.00568	0.00879	0.00807	0.01148	0.01428	0.02312	0.01412	0.21119	0.62840	0.00752	0.01181	0.00593	0.00283	0.00426
13	0.01064	0.00912	0.01064	0.00760	0.01216	0.00684	0.00608	0.01292	0.01064	0.01672	0.00912	0.01064	0.00760	0.00380	0.00380	0.00076	0.00380	0.00304	0.00304	0.85104
14	0.01064	0.00912	0.01064	0.00760	0.01216	0.00684	0.00608	0.01292	0.01064	0.01672	0.00912	0.01064	0.00760	0.00380	0.00380	0.00076	0.00380	0.00304	0.00304	0.85104
15	0.00768	0.00572	0.00724	0.00704	0.00840	0.00548	0.00547	0.01081	0.06546	0.01936	0.56759	0.04067	0.10355	0.01097	0.00614	0.00174	0.00287	0.11338	0.00542	0.00500
16	0.00660	0.00522	0.00594	0.00576	0.00726	0.00456	0.00432	0.00840	0.01295	0.01685	0.37794	0.04447	0.45776	0.01188	0.00606	0.00168	0.00252	0.01014	0.00516	0.00456
17	0.27606	0.01574	0.29173	0.01048	0.01551	0.01068	0.01112	0.04909	0.01184	0.24384	0.01190	0.01204	0.00810	0.00532	0.00444	0.00160	0.00545	0.00391	0.00381	0.00734
18	0.01952	0.01163	0.01337	0.01055	0.01437	0.01219	0.00861	0.34970	0.16595	0.31284	0.01692	0.01555	0.01154	0.00639	0.00516	0.00160	0.00486	0.00505	0.00560	0.00861
19	0.00618	0.00473	0.00568	0.00644	0.00726	0.00423	0.00445	0.00722	0.01050	0.01337	0.03681	0.54041	0.30435	0.01497	0.00637	0.00196	0.00284	0.01323	0.00476	0.00423
20	0.01934	0.01941	0.01497	0.01251	0.01589	0.40716	0.00983	0.39584	0.01934	0.02246	0.01013	0.01079	0.00767	0.00572	0.00488	0.00143	0.00745	0.00396	0.00389	0.00734

[dist]
# distance from previous block
# <min> <max>
0	2

[block]
# block no. 1 follows, 48 sequences, length 36
# corresponding to MSA columns:
# 249-284
name=unknown_B
#
# <colnr> <probs for GDERKNQSTAVLIFYWHMCP>
#	G	D	E	R	K	N	Q	S	T	A	V	L	I	F	Y	W	H	M	C	P
0	0.77044	0.01160	0.08695	0.00754	0.01116	0.01155	0.00691	0.01520	0.00894	0.02234	0.00735	0.00859	0.00565	0.00477	0.00335	0.00159	0.00433	0.00288	0.00307	0.00576
1	0.01093	0.01018	0.01318	0.01054	0.01282	0.01129	0.00866	0.01263	0.00925	0.01453	0.00792	0.01093	0.00717	0.00640	0.01034	0.00150	0.40809	0.00377	0.00264	0.42722
2	0.01843	0.00939	0.01083	0.00883	0.01193	0.08684	0.00706	0.02047	0.01463	0.50723	0.22269	0.02219	0.02160	0.00735	0.00534	0.00157	0.00434	0.00607	0.00579	0.00741
3	0.02213	0.00854	0.01162	0.00898	0.01279	0.00739	0.00739	0.02414	0.01468	0.74769	0.06344	0.01864	0.01472	0.00658	0.00521	0.00159	0.00426	0.00539	0.00631	0.00851
4	0.01352	0.77696	0.07096	0.00912	0.01369	0.01982	0.00937	0.01542	0.01045	0.01231	0.00725	0.00838	0.00658	0.00442	0.00338	0.00113	0.00561	0.00280	0.00219	0.00664
5	0.00709	0.00488	0.00583	0.00615	0.00633	0.00482	0.00376	0.00747	0.00826	0.01101	0.02029	0.24176	0.04448	0.53746	0.06480	0.00430	0.00488	0.00934	0.00358	0.00351
6	0.00625	0.00447	0.00595	0.00714	0.00744	0.00417	0.00476	0.00714	0.00982	0.01310	0.02828	0.81633	0.03394	0.01608	0.00655	0.00208	0.00298	0.01459	0.00476	0.00417
7	0.02230	0.00855	0.01165	0.00904	0.01285	0.00740	0.00742	0.02424	0.01448	0.75770	0.02059	0.05188	0.01362	0.00677	0.00522	0.00161	0.00431	0.00557	0.00628	0.00854
8	0.01114	0.00942	0.01091	0.00784	0.01237	0.00735	0.00629	0.05572	0.01140	0.01760	0.00930	0.01073	0.00766	0.00393	0.00388	0.00080	0.00390	0.00313	0.00316	0.80346
9	0.85592	0.00992	0.00754	0.00675	0.00992	0.01151	0.00556	0.01508	0.00873	0.02302	0.00714	0.00834	0.00556	0.00476	0.00318	0.00159	0.00397	0.00278	0.00318	0.00556
10	0.01372	0.82276	0.02689	0.00878	0.01317	0.02030	0.00878	0.01536	0.01043	0.01207	0.00713	0.00823	0.00658	0.00439	0.00329	0.00110	0.00549	0.00274	0.00219	0.00658
11	0.00969	0.00912	0.01539	0.80734	0.03534	0.01140	0.01425	0.01311	0.01026	0.01311	0.00912	0.01368	0.00684	0.00513	0.00513	0.00171	0.00684	0.00456	0.00228	0.00570
12	0.00621	0.00485	0.00563	0.00618	0.00721	0.00428	0.00435	0.00736	0.01093	0.01379	0.07264	0.41363	0.39601	0.01435	0.00629	0.00189	0.00277	0.01255	0.00480	0.00428
13	0.01123	0.01123	0.01572	0.01347	0.01347	0.01572	0.01123	0.01235	0.00786	0.01235	0.00674	0.01123	0.00674	0.00898	0.01684	0.00225	0.81028	0.00449	0.00225	0.00561
14	0.01211	0.01384	0.03028	0.02163	0.02682	0.01298	0.76903	0.01644	0.01211	0.01644	0.01038	0.01384	0.00779	0.00433	0.00606	0.00173	0.00865	0.00606	0.00260	0.00692
15	0.00639	0.00521	0.00565	0.00554	0.00713	0.00447	0.00415	0.00799	0.01246	0.01568	0.25094	0.04638	0.58548	0.01231	0.00606	0.00170	0.00255	0.01041	0.00500	0.00447
16	0.01372	0.82276	0.02689	0.00878	0.01317	0.02030	0.00878	0.01536	0.01043	0.01207	0.00713	0.00823	0.00658	0.00439	0.00329	0.00110	0.00549	0.00274	0.00219	0.00658
17	0.85592	0.00992	0.00754	0.00675	0.00992	0.01151	0.00556	0.01508	0.00873	0.02302	0.00714	0.00834	0.00556	0.00476	0.00318	0.00159	0.00397	0.00278	0.00318	0.00556
18	0.00636	0.00534	0.00554	0.00546	0.00716	0.00459	0.00410	0.00809	0.02985	0.01480	0.13491	0.04742	0.68355	0.01257	0.00604	0.00172	0.00261	0.01054	0.00488	0.00448
19	0.01951	0.01437	0.01540	0.01181	0.01591	0.01591	0.00975	0.77056	0.02412	0.03234	0.01232	0.01232	0.00873	0.00616	0.00513	0.00154	0.00565	0.00462	0.00513	0.00873
20	0.01276	0.01102	0.01160	0.01044	0.01334	0.01276	0.00812	0.02727	0.77840	0.02146	0.02088	0.01914	0.01566	0.00696	0.00522	0.00174	0.00406	0.00580	0.00522	0.00812
21	0.00626	0.00521	0.00547	0.00540	0.00705	0.00441	0.00405	0.00774	0.01215	0.01495	0.17046	0.04759	0.66643	0.01259	0.00606	0.00171	0.00257	0.01058	0.00491	0.00441
22	0.85592	0.00992	0.00754	0.00675	0.00992	0.01151	0.00556	0.01508	0.00873	0.02302	0.00714	0.00834	0.00556	0.00476	0.00318	0.00159	0.00397	0.00278	0.00318	0.00556
23	0.00624	0.00450	0.00592	0.00706	0.00742	0.00417	0.00473	0.00715	0.00990	0.01313	0.02930	0.78328	0.06632	0.01594	0.00653	0.00207	0.00296	0.01442	0.00476	0.00417
24	0.05183	0.01270	0.01338	0.01099	0.01452	0.01433	0.00885	0.40891	0.35810	0.02712	0.01590	0.01518	0.01167	0.00646	0.00509	0.00163	0.00487	0.00507	0.00509	0.00832
25	0.01917	0.02445	0.01454	0.01322	0.01586	0.79907	0.00991	0.02049	0.01454	0.01256	0.00793	0.00925	0.00661	0.00529	0.00463	0.00132	0.00925	0.00330	0.00264	0.00595
26	0.01258	0.01623	0.15342	0.01924	0.02462	0.05687	0.55842	0.01687	0.01210	0.04462	0.01038	0.01315	0.00768	0.00453	0.00570	0.00166	0.00825	0.00543	0.00268	0.02557
27	0.01188	0.01199	0.01988	0.02108	0.28526	0.01404	0.13697	0.01420	0.00989	0.01456	0.00835	0.01217	0.00739	0.00668	0.01098	0.00191	0.39888	0.00478	0.00241	0.00670
28	0.00666	0.00518	0.00605	0.00592	0.00732	0.00457	0.00441	0.00849	0.01298	0.01711	0.41022	0.08539	0.38341	0.01193	0.00608	0.00169	0.00253	0.01027	0.00520	0.00457
29	0.00780	0.00549	0.00731	0.00821	0.00898	0.00545	0.00655	0.00939	0.01049	0.01374	0.02466	0.15470	0.02750	0.20894	0.01161	0.00296	0.00455	0.47307	0.00434	0.00426
30	0.08541	0.01893	0.01428	0.01205	0.01535	0.40610	0.00945	0.32059	0.01792	0.03817	0.00989	0.01059	0.00751	0.00562	0.00473	0.00144	0.00729	0.00383	0.00376	0.00709
31	0.00718	0.00535	0.00687	0.00775	0.00885	0.00505	0.00623	0.00888	0.01127	0.01439	0.03396	0.24938	0.22890	0.01435	0.00668	0.00213	0.00372	0.36984	0.00475	0.00448
32	0.00625	0.00447	0.00595	0.00714	0.00744	0.00417	0.00476	0.00714	0.00982	0.01310	0.02828	0.81633	0.03394	0.01608	0.00655	0.00208	0.00298	0.01459	0.00476	0.00417
33	0.04140	0.00576	0.00620	0.00598	0.00743	0.00582	0.00451	0.06003	0.01155	0.06071	0.01805	0.14385	0.01584	0.00823	0.02072	0.00154	0.00309	0.00628	0.56784	0.00517
34	0.16023	0.01074	0.01214	0.01021	0.01233	0.05616	0.00837	0.07235	0.02655	0.20043	0.01176	0.01312	0.00890	0.00687	0.00861	0.00176	0.27938	0.00435	0.08918	0.00655
35	0.51709	0.04113	0.01059	0.00869	0.01179	0.12073	0.00707	0.09622	0.03588	0.04614	0.00949	0.01042	0.02145	0.00542	0.00435	0.00156	0.03896	0.00344	0.00343	0.00614

[dist]
# distance from previous block
# <min> <max>
0	22

[block]
# block no. 2 follows, 48 sequences, length 16
# corresponding to MSA columns:
# 309-324
name=unknown_C
#
# <colnr> <probs for GDERKNQSTAVLIFYWHMCP>
#	G	D	E	R	K	N	Q	S	T	A	V	L	I	F	Y	W	H	M	C	P
0	0.05394	0.35338	0.14824	0.01011	0.01459	0.05053	0.01002	0.03362	0.08035	0.16533	0.01181	0.02774	0.00911	0.00541	0.00425	0.00140	0.00555	0.00396	0.00344	0.00722
1	0.56317	0.01138	0.09906	0.04016	0.01272	0.01068	0.02440	0.01568	0.00983	0.08957	0.01035	0.01140	0.02629	0.00520	0.00379	0.00158	0.00452	0.00356	0.05063	0.00603
2	0.01093	0.00977	0.01064	0.00786	0.01211	0.05208	0.00623	0.01317	0.01109	0.01671	0.05404	0.01217	0.00991	0.00427	0.00398	0.00084	0.00403	0.00342	0.00317	0.75359
3	0.02129	0.00881	0.01165	0.00914	0.01288	0.00795	0.00748	0.02455	0.09151	0.67945	0.05437	0.01856	0.01459	0.00660	0.00521	0.00160	0.00425	0.00541	0.00621	0.00850
4	0.00676	0.00527	0.00617	0.00607	0.00752	0.00467	0.00463	0.00865	0.01300	0.01703	0.38546	0.04491	0.39652	0.01193	0.00613	0.00172	0.00266	0.06113	0.00517	0.00459
5	0.00687	0.00526	0.00631	0.00615	0.00755	0.00471	0.00467	0.00886	0.01331	0.01776	0.46769	0.04356	0.32477	0.01163	0.00611	0.00170	0.00261	0.05056	0.00527	0.00464
6	0.01029	0.02654	0.79309	0.01462	0.02221	0.01192	0.01896	0.01625	0.01083	0.01625	0.00921	0.01083	0.00650	0.00487	0.00487	0.00162	0.00758	0.00379	0.00217	0.00758
7	0.00606	0.00520	0.00520	0.00520	0.00693	0.00433	0.00390	0.00736	0.01170	0.01386	0.05198	0.04938	0.78558	0.01299	0.00606	0.00173	0.00260	0.01083	0.00476	0.00433
8	0.01029	0.02654	0.79309	0.01462	0.02221	0.01192	0.01896	0.01625	0.01083	0.01625	0.00921	0.01083	0.00650	0.00487	0.00487	0.00162	0.00758	0.00379	0.00217	0.00758
9	0.00733	0.00550	0.00825	0.00825	0.00916	0.00641	0.00641	0.00916	0.00825	0.01191	0.01374	0.02016	0.01283	0.03848	0.79934	0.00825	0.01374	0.00550	0.00275	0.00458
10	0.01864	0.01382	0.01484	0.01156	0.01545	0.01530	0.00948	0.70113	0.06486	0.03102	0.01339	0.04298	0.01006	0.00658	0.00519	0.00157	0.00546	0.00506	0.00512	0.00852
11	0.00661	0.00461	0.00585	0.00669	0.00690	0.00440	0.00428	0.00724	0.00913	0.01217	0.02472	0.58651	0.02945	0.25201	0.01229	0.00293	0.00356	0.01249	0.00428	0.00386
12	0.01020	0.00865	0.01017	0.00755	0.01169	0.00657	0.00595	0.01234	0.01056	0.01636	0.01105	0.09169	0.01025	0.00503	0.00408	0.00089	0.00372	0.00420	0.00321	0.76584
13	0.01069	0.11829	0.70480	0.01395	0.02117	0.01288	0.01778	0.01615	0.01079	0.01577	0.00897	0.01053	0.00651	0.00482	0.00469	0.00156	0.00734	0.00367	0.00217	0.00747
14	0.00770	0.00538	0.00767	0.00767	0.00863	0.00614	0.00594	0.00963	0.00866	0.01311	0.01424	0.01999	0.01288	0.03308	0.66719	0.00708	0.01186	0.00538	0.14315	0.00461
15	0.00985	0.00806	0.00858	0.00793	0.01013	0.00840	0.00607	0.10615	0.25704	0.01842	0.03405	0.13955	0.34412	0.01066	0.00575	0.00176	0.00349	0.00899	0.00495	0.00605

[dist]
# distance from previous block
# <min> <max>
0	22

[block]
# block no. 3 follows, 48 sequences, length 27
# corresponding to MSA columns:
# 347-373
name=unknown_D
#
# <colnr> <probs for GDERKNQSTAVLIFYWHMCP>
#	G	D	E	R	K	N	Q	S	T	A	V	L	I	F	Y	W	H	M	C	P
0	0.01951	0.01437	0.01540	0.01181	0.01591	0.01591	0.00975	0.77056	0.02412	0.03234	0.01232	0.01232	0.00873	0.00616	0.00513	0.00154	0.00565	0.00462	0.00513	0.00873
1	0.00631	0.00451	0.00600	0.00711	0.00745	0.00420	0.00477	0.00728	0.01008	0.01350	0.06900	0.77446	0.03472	0.01577	0.00652	0.00206	0.00295	0.01430	0.00481	0.00420
2	0.00932	0.00486	0.00515	0.00515	0.00632	0.00496	0.00389	0.01166	0.01049	0.01835	0.01642	0.01924	0.01312	0.00947	0.08912	0.00195	0.00361	0.00486	0.75728	0.00476
3	0.00726	0.00524	0.00686	0.00646	0.00767	0.00484	0.00484	0.00968	0.01452	0.02058	0.78496	0.03833	0.04841	0.01049	0.00605	0.00161	0.00242	0.00928	0.00565	0.00484
4	0.01325	0.01126	0.01187	0.01054	0.01353	0.01299	0.00824	0.08062	0.72426	0.02224	0.02027	0.01865	0.01517	0.00690	0.00521	0.00173	0.00417	0.00572	0.00521	0.00816
5	0.01598	0.01262	0.01342	0.01109	0.01457	0.01427	0.00890	0.38222	0.41820	0.02666	0.01679	0.01588	0.01235	0.00658	0.00518	0.00164	0.00482	0.00524	0.00518	0.00841
6	0.01270	0.01219	0.02083	0.03149	0.78767	0.01219	0.01575	0.01575	0.01168	0.01676	0.00965	0.01270	0.00813	0.00457	0.00508	0.00152	0.00610	0.00457	0.00254	0.00813
7	0.00620	0.00465	0.00576	0.00665	0.00731	0.00421	0.00455	0.00720	0.01030	0.01329	0.03425	0.62304	0.22337	0.01530	0.00643	0.00200	0.00288	0.01364	0.00476	0.00421
8	0.02266	0.00881	0.01190	0.00918	0.01311	0.00773	0.00756	0.02509	0.04167	0.76403	0.02027	0.01752	0.01281	0.00637	0.00516	0.00159	0.00436	0.00518	0.00631	0.00871
9	0.01211	0.01384	0.03028	0.02163	0.02682	0.01298	0.76903	0.01644	0.01211	0.01644	0.01038	0.01384	0.00779	0.00433	0.00606	0.00173	0.00865	0.00606	0.00260	0.00692
10	0.00616	0.00520	0.00533	0.00529	0.00699	0.00437	0.00397	0.00754	0.01191	0.01438	0.10841	0.04853	0.72883	0.01280	0.00606	0.00172	0.00259	0.01071	0.00483	0.00437
11	0.01295	0.01071	0.01143	0.01024	0.01311	0.01226	0.00797	0.02650	0.71959	0.05106	0.05027	0.01982	0.01681	0.00707	0.00525	0.00173	0.00401	0.00591	0.00528	0.00802
12	0.00722	0.00524	0.00680	0.00641	0.00764	0.00482	0.00481	0.00960	0.01442	0.02033	0.75805	0.03873	0.07548	0.01058	0.00605	0.00162	0.00243	0.00934	0.00562	0.00482
13	0.01029	0.02654	0.79309	0.01462	0.02221	0.01192	0.01896	0.01625	0.01083	0.01625	0.00921	0.01083	0.00650	0.00487	0.00487	0.00162	0.00758	0.00379	0.00217	0.00758
14	0.00969	0.00912	0.01539	0.80734	0.03534	0.01140	0.01425	0.01311	0.01026	0.01311	0.00912	0.01368	0.00684	0.00513	0.00513	0.00171	0.00684	0.00456	0.00228	0.00570
15	0.01029	0.02654	0.79309	0.01462	0.02221	0.01192	0.01896	0.01625	0.01083	0.01625	0.00921	0.01083	0.00650	0.00487	0.00487	0.00162	0.00758	0.00379	0.00217	0.00758
16	0.01898	0.01813	0.01508	0.01243	0.01578	0.31940	0.00989	0.44350	0.01963	0.02371	0.01035	0.01108	0.00781	0.00596	0.00550	0.00149	0.04565	0.00410	0.00403	0.00750
17	0.81091	0.01016	0.00796	0.00702	0.01025	0.01175	0.00578	0.05574	0.00956	0.02352	0.00742	0.00855	0.00573	0.00484	0.00328	0.00159	0.00406	0.00288	0.00328	0.00573
18	0.00956	0.00478	0.00478	0.00478	0.00598	0.00478	0.00359	0.01196	0.01076	0.01913	0.01674	0.01913	0.01315	0.00598	0.00359	0.00120	0.00239	0.00478	0.84816	0.00478
19	0.00625	0.00447	0.00595	0.00714	0.00744	0.00417	0.00476	0.00714	0.00982	0.01310	0.02828	0.81633	0.03394	0.01608	0.00655	0.00208	0.00298	0.01459	0.00476	0.00417
20	0.85592	0.00992	0.00754	0.00675	0.00992	0.01151	0.00556	0.01508	0.00873	0.02302	0.00714	0.00834	0.00556	0.00476	0.00318	0.00159	0.00397	0.00278	0.00318	0.00556
21	0.00625	0.00447	0.00595	0.00714	0.00744	0.00417	0.00476	0.00714	0.00982	0.01310	0.02828	0.81633	0.03394	0.01608	0.00655	0.00208	0.00298	0.01459	0.00476	0.00417
22	0.01276	0.01102	0.01160	0.01044	0.01334	0.01276	0.00812	0.02727	0.77840	0.02146	0.02088	0.01914	0.01566	0.00696	0.00522	0.00174	0.00406	0.00580	0.00522	0.00812
23	0.00625	0.00447	0.00595	0.00714	0.00744	0.00417	0.00476	0.00714	0.00982	0.01310	0.02828	0.81633	0.03394	0.01608	0.00655	0.00208	0.00298	0.01459	0.00476	0.00417
24	0.00969	0.00912	0.01539	0.80734	0.03534	0.01140	0.01425	0.01311	0.01026	0.01311	0.00912	0.01368	0.00684	0.00513	0.00513	0.00171	0.00684	0.00456	0.00228	0.00570
25	0.85592	0.00992	0.00754	0.00675	0.00992	0.01151	0.00556	0.01508	0.00873	0.02302	0.00714	0.00834	0.00556	0.00476	0.00318	0.00159	0.00397	0.00278	0.00318	0.00556
26	0.85592	0.00992	0.00754	0.00675	0.00992	0.01151	0.00556	0.01508	0.00873	0.02302	0.00714	0.00834	0.00556	0.00476	0.00318	0.00159	0.00397	0.00278	0.00318	0.00556

[dist]
# distance from previous block
# <min> <max>
0	1

[block]
# block no. 4 follows, 48 sequences, length 50
# corresponding to MSA columns:
# 375-424
name=unknown_E
#
# <colnr> <probs for GDERKNQSTAVLIFYWHMCP>
#	G	D	E	R	K	N	Q	S	T	A	V	L	I	F	Y	W	H	M	C	P
0	0.42127	0.00971	0.00997	0.00820	0.01173	0.01017	0.00673	0.05631	0.05912	0.33940	0.01362	0.01295	0.00927	0.00562	0.00421	0.00159	0.00422	0.00403	0.00470	0.00717
1	0.01229	0.48980	0.34729	0.01122	0.01695	0.01680	0.01304	0.01573	0.01060	0.01382	0.00800	0.00932	0.00655	0.00459	0.00395	0.00132	0.00636	0.00318	0.00218	0.00700
2	0.00735	0.00541	0.00780	0.00793	0.00871	0.00609	0.00603	0.00894	0.00844	0.01193	0.01558	0.06255	0.01561	0.13574	0.61374	0.00717	0.01155	0.05203	0.00301	0.00438
3	0.01064	0.00912	0.01064	0.00760	0.01216	0.00684	0.00608	0.01292	0.01064	0.01672	0.00912	0.01064	0.00760	0.00380	0.00380	0.00076	0.00380	0.00304	0.00304	0.85104
4	0.00623	0.00455	0.00587	0.00693	0.00739	0.00419	0.00467	0.00717	0.01003	0.01318	0.03088	0.73234	0.11625	0.01574	0.00650	0.00205	0.00294	0.01418	0.00476	0.00419
5	0.00641	0.00521	0.00568	0.00556	0.00714	0.00448	0.00417	0.00803	0.01251	0.01580	0.26412	0.04618	0.57223	0.01227	0.00606	0.00170	0.00255	0.01038	0.00502	0.00448
6	0.00719	0.00524	0.00676	0.00638	0.00762	0.00481	0.00478	0.00954	0.01435	0.02016	0.74001	0.03901	0.09362	0.01064	0.00605	0.00162	0.00243	0.00937	0.00559	0.00481
7	0.01276	0.01102	0.01160	0.01044	0.01334	0.01276	0.00812	0.02727	0.77840	0.02146	0.02088	0.01914	0.01566	0.00696	0.00522	0.00174	0.00406	0.00580	0.00522	0.00812
8	0.01512	0.01772	0.01514	0.01335	0.01464	0.39999	0.01058	0.01634	0.01114	0.01245	0.00732	0.01026	0.00667	0.00717	0.01085	0.00179	0.41735	0.00391	0.00244	0.00578
9	0.00722	0.00524	0.00681	0.00642	0.00764	0.00483	0.00481	0.00961	0.01443	0.02036	0.76162	0.03868	0.07189	0.01057	0.00605	0.00162	0.00243	0.00933	0.00562	0.00483
10	0.00969	0.00912	0.01539	0.80734	0.03534	0.01140	0.01425	0.01311	0.01026	0.01311	0.00912	0.01368	0.00684	0.00513	0.00513	0.00171	0.00684	0.00456	0.00228	0.00570
11	0.01039	0.00800	0.00976	0.00829	0.01149	0.00677	0.00673	0.01331	0.05815	0.05367	0.01663	0.09137	0.01619	0.00782	0.00503	0.00138	0.00401	0.19711	0.00391	0.47001
12	0.01288	0.01410	0.01491	0.01301	0.01391	0.21830	0.02696	0.01421	0.00973	0.01244	0.00789	0.01175	0.00739	0.01115	0.09912	0.00265	0.49724	0.00433	0.00241	0.00562
13	0.85592	0.00992	0.00754	0.00675	0.00992	0.01151	0.00556	0.01508	0.00873	0.02302	0.00714	0.00834	0.00556	0.00476	0.00318	0.00159	0.00397	0.00278	0.00318	0.00556
14	0.01064	0.00912	0.01064	0.00760	0.01216	0.00684	0.00608	0.01292	0.01064	0.01672	0.00912	0.01064	0.00760	0.00380	0.00380	0.00076	0.00380	0.00304	0.00304	0.85104
15	0.00899	0.00563	0.00741	0.00675	0.00826	0.00514	0.00514	0.01136	0.01454	0.10497	0.70122	0.03604	0.04450	0.01004	0.00595	0.00161	0.00263	0.00883	0.00573	0.00527
16	0.00738	0.00531	0.00732	0.00732	0.00792	0.00591	0.00526	0.00857	0.00797	0.01123	0.01459	0.02484	0.01486	0.31127	0.52934	0.00710	0.01068	0.00618	0.00287	0.00407
17	0.01252	0.01201	0.02050	0.07755	0.74301	0.01214	0.01566	0.01559	0.01160	0.01655	0.00962	0.01276	0.00805	0.00460	0.00508	0.00153	0.00614	0.00457	0.00252	0.00798
18	0.01269	0.01059	0.01124	0.01010	0.01292	0.01214	0.00786	0.02616	0.71336	0.03705	0.04576	0.01974	0.01660	0.00703	0.00519	0.00172	0.00396	0.00587	0.03210	0.00792
19	0.73692	0.01089	0.00863	0.00751	0.01077	0.03779	0.00616	0.09799	0.01061	0.02370	0.00774	0.00880	0.00594	0.00493	0.00344	0.00157	0.00433	0.00300	0.00337	0.00592
20	0.01046	0.01061	0.02010	0.55871	0.03264	0.01190	0.25309	0.01416	0.01085	0.01416	0.00952	0.01373	0.00714	0.00488	0.00542	0.00172	0.00741	0.00503	0.00238	0.00609
21	0.00607	0.00517	0.00523	0.00528	0.00695	0.00433	0.00393	0.00735	0.01162	0.01383	0.05102	0.08036	0.75523	0.01312	0.00608	0.00175	0.00261	0.01098	0.00476	0.00433
22	0.01270	0.01219	0.02083	0.03149	0.78767	0.01219	0.01575	0.01575	0.01168	0.01676	0.00965	0.01270	0.00813	0.00457	0.00508	0.00152	0.00610	0.00457	0.00254	0.00813
23	0.01064	0.00912	0.01064	0.00760	0.01216	0.00684	0.00608	0.01292	0.01064	0.01672	0.00912	0.01064	0.00760	0.00380	0.00380	0.00076	0.00380	0.00304	0.00304	0.85104
24	0.85592	0.00992	0.00754	0.00675	0.00992	0.01151	0.00556	0.01508	0.00873	0.02302	0.00714	0.00834	0.00556	0.00476	0.00318	0.00159	0.00397	0.00278	0.00318	0.00556
25	0.01372	0.82276	0.02689	0.00878	0.01317	0.02030	0.00878	0.01536	0.01043	0.01207	0.00713	0.00823	0.00658	0.00439	0.00329	0.00110	0.00549	0.00274	0.00219	0.00658
26	0.00969	0.00912	0.01539	0.80734	0.03534	0.01140	0.01425	0.01311	0.01026	0.01311	0.00912	0.01368	0.00684	0.00513	0.00513	0.00171	0.00684	0.00456	0.00228	0.00570
27	0.00668	0.00480	0.00634	0.00685	0.00754	0.00445	0.00480	0.00823	0.01183	0.01628	0.35058	0.48494	0.04010	0.01370	0.00634	0.00188	0.00274	0.01233	0.00514	0.00445
28	0.00625	0.00447	0.00595	0.00714	0.00744	0.00417	0.00476	0.00714	0.00982	0.01310	0.02828	0.81633	0.03394	0.01608	0.00655	0.00208	0.00298	0.01459	0.00476	0.00417
29	0.00969	0.00912	0.01539	0.80734	0.03534	0.01140	0.01425	0.01311	0.01026	0.01311	0.00912	0.01368	0.00684	0.00513	0.00513	0.00171	0.00684	0.00456	0.00228	0.00570
30	0.00723	0.00522	0.00683	0.00647	0.00766	0.00482	0.00484	0.00961	0.01439	0.02037	0.76408	0.05979	0.04801	0.01064	0.00607	0.00163	0.00244	0.00943	0.00562	0.00482
31	0.01372	0.82276	0.02689	0.00878	0.01317	0.02030	0.00878	0.01536	0.01043	0.01207	0.00713	0.00823	0.00658	0.00439	0.00329	0.00110	0.00549	0.00274	0.00219	0.00658
32	0.01917	0.02445	0.01454	0.01322	0.01586	0.79907	0.00991	0.02049	0.01454	0.01256	0.00793	0.00925	0.00661	0.00529	0.00463	0.00132	0.00925	0.00330	0.00264	0.00595
33	0.00711	0.00527	0.00622	0.00603	0.00748	0.00465	0.00450	0.00894	0.01301	0.03803	0.40121	0.09168	0.36361	0.01181	0.00606	0.00169	0.00259	0.01017	0.00523	0.00468
34	0.01951	0.01437	0.01540	0.01181	0.01591	0.01591	0.00975	0.77056	0.02412	0.03234	0.01232	0.01232	0.00873	0.00616	0.00513	0.00154	0.00565	0.00462	0.00513	0.00873
35	0.00625	0.00447	0.00595	0.00714	0.00744	0.00417	0.00476	0.00714	0.00982	0.01310	0.02828	0.81633	0.03394	0.01608	0.00655	0.00208	0.00298	0.01459	0.00476	0.00417
36	0.00625	0.00501	0.00559	0.00585	0.00715	0.00435	0.00423	0.00758	0.01154	0.01445	0.13215	0.24747	0.50335	0.01350	0.00619	0.00181	0.00268	0.01162	0.00487	0.00435
37	0.44470	0.01514	0.01103	0.00983	0.01249	0.28876	0.00777	0.01698	0.01085	0.04079	0.00776	0.00924	0.00627	0.00546	0.00524	0.00157	0.09414	0.00322	0.00298	0.00579
38	0.01270	0.01219	0.02083	0.03149	0.78767	0.01219	0.01575	0.01575	0.01168	0.01676	0.00965	0.01270	0.00813	0.00457	0.00508	0.00152	0.00610	0.00457	0.00254	0.00813
39	0.01547	0.01237	0.01313	0.01099	0.01438	0.01403	0.00878	0.32625	0.47500	0.02584	0.01744	0.01640	0.01287	0.00664	0.00519	0.00166	0.00470	0.00533	0.00519	0.00836
40	0.00625	0.00447	0.00595	0.00714	0.00744	0.00417	0.00476	0.00714	0.00982	0.01310	0.02828	0.81633	0.03394	0.01608	0.00655	0.00208	0.00298	0.01459	0.00476	0.00417
41	0.01967	0.01019	0.01241	0.00972	0.01350	0.00993	0.00793	0.21568	0.08028	0.44520	0.03271	0.04244	0.01301	0.00660	0.00514	0.00156	0.00455	0.00534	0.00568	0.05846
42	0.01029	0.02654	0.79309	0.01462	0.02221	0.01192	0.01896	0.01625	0.01083	0.01625	0.00921	0.01083	0.00650	0.00487	0.00487	0.00162	0.00758	0.00379	0.00217	0.00758
43	0.02302	0.00873	0.01191	0.00913	0.01310	0.00754	0.00754	0.02501	0.01469	0.79122	0.02024	0.01746	0.01270	0.00635	0.00516	0.00159	0.00437	0.00516	0.00635	0.00873
44	0.01211	0.01384	0.03028	0.02163	0.02682	0.01298	0.76903	0.01644	0.01211	0.01644	0.01038	0.01384	0.00779	0.00433	0.00606	0.00173	0.00865	0.00606	0.00260	0.00692
45	0.01174	0.01289	0.02565	0.06617	0.02389	0.01359	0.52941	0.01519	0.01091	0.01519	0.00937	0.01316	0.00746	0.00557	0.00877	0.00186	0.21462	0.00556	0.00249	0.00651
46	0.00606	0.00520	0.00520	0.00520	0.00693	0.00433	0.00390	0.00736	0.01170	0.01386	0.05198	0.04938	0.78558	0.01299	0.00606	0.00173	0.00260	0.01083	0.00476	0.00433
47	0.00616	0.00484	0.00557	0.00615	0.00718	0.00425	0.00432	0.00726	0.01078	0.01349	0.04035	0.42560	0.41687	0.01451	0.00630	0.00190	0.00278	0.01267	0.00476	0.00425
48	0.01270	0.01219	0.02083	0.03149	0.78767	0.01219	0.01575	0.01575	0.01168	0.01676	0.00965	0.01270	0.00813	0.00457	0.00508	0.00152	0.00610	0.00457	0.00254	0.00813
49	0.01089	0.15475	0.07251	0.00683	0.00923	0.04357	0.00617	0.01374	0.03347	0.01741	0.01414	0.01607	0.01122	0.00560	0.00373	0.00123	0.00372	0.00430	0.56595	0.00548

[dist]
# distance from previous block
# <min> <max>
2	5

[block]
# block no. 5 follows, 48 sequences, length 49
# corresponding to MSA columns:
# 430-478
name=unknown_F
#
# <colnr> <probs for GDERKNQSTAVLIFYWHMCP>
#	G	D	E	R	K	N	Q	S	T	A	V	L	I	F	Y	W	H	M	C	P
0	0.01026	0.00782	0.00854	0.00775	0.00961	0.05369	0.00595	0.08611	0.06497	0.06493	0.42574	0.08160	0.11880	0.00998	0.00582	0.00165	0.00346	0.02244	0.00526	0.00563
1	0.04874	0.01474	0.01500	0.01166	0.01564	0.06457	0.00957	0.68247	0.02280	0.04586	0.01202	0.01209	0.00856	0.00606	0.00503	0.00153	0.00579	0.00448	0.00493	0.00844
2	0.75286	0.00983	0.00792	0.00685	0.01020	0.01094	0.00562	0.01482	0.00896	0.02225	0.00739	0.00862	0.00581	0.00465	0.00325	0.00149	0.00395	0.00281	0.00316	0.10864
3	0.00726	0.00535	0.00774	0.00783	0.00859	0.00606	0.00588	0.00879	0.00828	0.01177	0.01522	0.08639	0.01525	0.13191	0.64075	0.00735	0.01180	0.00647	0.00296	0.00437
4	0.01237	0.01026	0.01077	0.00975	0.01244	0.01179	0.00757	0.02540	0.68481	0.02118	0.02038	0.01914	0.01536	0.00684	0.00502	0.00167	0.00386	0.00568	0.10799	0.00771
5	0.01879	0.02300	0.01441	0.01296	0.01571	0.70194	0.00979	0.06685	0.06289	0.01433	0.00901	0.01006	0.00731	0.00545	0.00469	0.00136	0.00871	0.00354	0.00296	0.00625
6	0.00625	0.00447	0.00595	0.00714	0.00744	0.00417	0.00476	0.00714	0.00982	0.01310	0.02828	0.81633	0.03394	0.01608	0.00655	0.00208	0.00298	0.01459	0.00476	0.00417
7	0.01264	0.01088	0.01151	0.01042	0.01327	0.01258	0.00813	0.02681	0.75756	0.02130	0.02105	0.02020	0.01604	0.00716	0.00527	0.00176	0.00408	0.02611	0.00521	0.00803
8	0.00614	0.00520	0.00531	0.00528	0.00698	0.00436	0.00396	0.00752	0.01188	0.01430	0.09986	0.04866	0.73743	0.01283	0.00606	0.00172	0.00259	0.01073	0.00482	0.00436
9	0.01029	0.02654	0.79309	0.01462	0.02221	0.01192	0.01896	0.01625	0.01083	0.01625	0.00921	0.01083	0.00650	0.00487	0.00487	0.00162	0.00758	0.00379	0.00217	0.00758
10	0.00733	0.00550	0.00825	0.00825	0.00916	0.00641	0.00641	0.00916	0.00825	0.01191	0.01374	0.02016	0.01283	0.03848	0.79934	0.00825	0.01374	0.00550	0.00275	0.00458
11	0.01330	0.72569	0.12030	0.00949	0.01427	0.01928	0.01002	0.01547	0.01048	0.01258	0.00739	0.00855	0.00657	0.00445	0.00349	0.00116	0.00574	0.00287	0.00219	0.00671
12	0.00726	0.00524	0.00686	0.00646	0.00767	0.00484	0.00484	0.00968	0.01452	0.02058	0.78496	0.03833	0.04841	0.01049	0.00605	0.00161	0.00242	0.00928	0.00565	0.00484
13	0.01951	0.01437	0.01540	0.01181	0.01591	0.01591	0.00975	0.77056	0.02412	0.03234	0.01232	0.01232	0.00873	0.00616	0.00513	0.00154	0.00565	0.00462	0.00513	0.00873
14	0.00713	0.00522	0.00669	0.00637	0.00760	0.00478	0.00476	0.00942	0.01416	0.01980	0.70194	0.05976	0.11149	0.01085	0.00607	0.00164	0.00245	0.00955	0.00555	0.00478
15	0.00771	0.00556	0.00749	0.00785	0.00906	0.00533	0.00645	0.01007	0.01316	0.01792	0.40535	0.04792	0.05879	0.01231	0.00654	0.00197	0.00352	0.36306	0.00519	0.00477
16	0.01211	0.01384	0.03028	0.02163	0.02682	0.01298	0.76903	0.01644	0.01211	0.01644	0.01038	0.01384	0.00779	0.00433	0.00606	0.00173	0.00865	0.00606	0.00260	0.00692
17	0.01750	0.01362	0.01425	0.01144	0.01515	0.03395	0.00927	0.53200	0.24753	0.02863	0.01475	0.01427	0.01073	0.00638	0.00515	0.00159	0.00526	0.00494	0.00510	0.00848
18	0.00718	0.00524	0.00675	0.00637	0.00762	0.00481	0.00478	0.00953	0.01434	0.02014	0.73703	0.03905	0.09661	0.01065	0.00605	0.00162	0.00243	0.00938	0.00559	0.00481
19	0.01029	0.02654	0.79309	0.01462	0.02221	0.01192	0.01896	0.01625	0.01083	0.01625	0.00921	0.01083	0.00650	0.00487	0.00487	0.00162	0.00758	0.00379	0.00217	0.00758
20	0.00712	0.00483	0.00570	0.00603	0.00612	0.00475	0.00358	0.00737	0.00813	0.01084	0.01960	0.25514	0.02298	0.59221	0.02058	0.00416	0.00441	0.00948	0.00358	0.00341
21	0.01951	0.01437	0.01540	0.01181	0.01591	0.01591	0.00975	0.77056	0.02412	0.03234	0.01232	0.01232	0.00873	0.00616	0.00513	0.00154	0.00565	0.00462	0.00513	0.00873
22	0.00802	0.00573	0.00799	0.00917	0.01024	0.00569	0.00784	0.01021	0.01157	0.01508	0.02730	0.15035	0.03007	0.01441	0.00702	0.00233	0.00451	0.66309	0.00473	0.00466
23	0.85592	0.00992	0.00754	0.00675	0.00992	0.01151	0.00556	0.01508	0.00873	0.02302	0.00714	0.00834	0.00556	0.00476	0.00318	0.00159	0.00397	0.00278	0.00318	0.00556
24	0.01064	0.00912	0.01064	0.00760	0.01216	0.00684	0.00608	0.01292	0.01064	0.01672	0.00912	0.01064	0.00760	0.00380	0.00380	0.00076	0.00380	0.00304	0.00304	0.85104
25	0.00625	0.00447	0.00595	0.00714	0.00744	0.00417	0.00476	0.00714	0.00982	0.01310	0.02828	0.81633	0.03394	0.01608	0.00655	0.00208	0.00298	0.01459	0.00476	0.00417
26	0.00624	0.00451	0.00590	0.00702	0.00741	0.00418	0.00471	0.00716	0.00995	0.01315	0.02983	0.76626	0.08301	0.01587	0.00652	0.00206	0.00295	0.01434	0.00476	0.00418
27	0.00612	0.00500	0.00540	0.00573	0.00707	0.00429	0.00413	0.00730	0.01119	0.01365	0.04552	0.25837	0.58076	0.01383	0.00620	0.00183	0.00270	0.01185	0.00476	0.00429
28	0.01029	0.02654	0.79309	0.01462	0.02221	0.01192	0.01896	0.01625	0.01083	0.01625	0.00921	0.01083	0.00650	0.00487	0.00487	0.00162	0.00758	0.00379	0.00217	0.00758
29	0.00606	0.00520	0.00520	0.00520	0.00693	0.00433	0.00390	0.00736	0.01170	0.01386	0.05198	0.04938	0.78558	0.01299	0.00606	0.00173	0.00260	0.01083	0.00476	0.00433
30	0.01029	0.02654	0.79309	0.01462	0.02221	0.01192	0.01896	0.01625	0.01083	0.01625	0.00921	0.01083	0.00650	0.00487	0.00487	0.00162	0.00758	0.00379	0.00217	0.00758
31	0.00969	0.00912	0.01539	0.80734	0.03534	0.01140	0.01425	0.01311	0.01026	0.01311	0.00912	0.01368	0.00684	0.00513	0.00513	0.00171	0.00684	0.00456	0.00228	0.00570
32	0.01243	0.00999	0.01147	0.00834	0.01281	0.00838	0.00673	0.14012	0.01300	0.03815	0.00993	0.01109	0.00791	0.00426	0.00406	0.00091	0.00412	0.00336	0.00347	0.68949
33	0.00777	0.00562	0.00768	0.00867	0.00974	0.00542	0.00711	0.00968	0.01116	0.01474	0.02668	0.28422	0.02986	0.01427	0.00678	0.00221	0.00416	0.49644	0.00466	0.04313
34	0.05731	0.02379	0.01422	0.01292	0.01559	0.76318	0.00972	0.02024	0.01428	0.01303	0.00790	0.00921	0.00656	0.00526	0.00456	0.00133	0.00901	0.00328	0.00267	0.00593
35	0.01212	0.45082	0.38480	0.01151	0.01739	0.01639	0.01353	0.01578	0.01062	0.01402	0.00810	0.00945	0.00655	0.00462	0.00403	0.00134	0.00647	0.00323	0.00218	0.00705
36	0.01234	0.01210	0.02145	0.10534	0.62213	0.01221	0.10744	0.01558	0.01160	0.01637	0.00969	0.01293	0.00796	0.00460	0.00520	0.00157	0.00648	0.00475	0.00252	0.00775
37	0.00650	0.00464	0.00624	0.00743	0.00783	0.00438	0.00519	0.00757	0.01007	0.01337	0.02814	0.72385	0.03340	0.01584	0.00661	0.00212	0.00319	0.10463	0.00476	0.00424
38	0.85592	0.00992	0.00754	0.00675	0.00992	0.01151	0.00556	0.01508	0.00873	0.02302	0.00714	0.00834	0.00556	0.00476	0.00318	0.00159	0.00397	0.00278	0.00318	0.00556
39	0.00624	0.00449	0.00593	0.00708	0.00742	0.00417	0.00473	0.00715	0.00989	0.01313	0.02912	0.78906	0.06066	0.01597	0.00653	0.00207	0.00296	0.01445	0.00476	0.00417
40	0.00689	0.00523	0.00635	0.00607	0.00744	0.00468	0.00455	0.00897	0.01365	0.01851	0.55917	0.04173	0.27550	0.01126	0.00606	0.00165	0.00248	0.00976	0.00538	0.00468
41	0.00625	0.00447	0.00595	0.00714	0.00744	0.00417	0.00476	0.00714	0.00982	0.01310	0.02828	0.81633	0.03394	0.01608	0.00655	0.00208	0.00298	0.01459	0.00476	0.00417
42	0.01308	0.00817	0.00854	0.00727	0.00949	0.00872	0.00577	0.28022	0.01549	0.02380	0.01518	0.01672	0.01159	0.00604	0.00413	0.00132	0.00354	0.00472	0.55004	0.00618
43	0.01868	0.02364	0.01461	0.01323	0.01572	0.75110	0.00999	0.01999	0.01413	0.01255	0.00786	0.00937	0.00662	0.00551	0.00537	0.00138	0.05831	0.00338	0.00262	0.00593
44	0.00805	0.00561	0.00826	0.00813	0.00913	0.00638	0.00627	0.00978	0.00849	0.04732	0.01418	0.02083	0.01317	0.08341	0.71722	0.00775	0.01280	0.00560	0.00293	0.00468
45	0.01516	0.01167	0.01252	0.01056	0.01385	0.03719	0.00855	0.27664	0.29342	0.07089	0.01731	0.02042	0.01385	0.00721	0.00528	0.00164	0.00484	0.09617	0.00494	0.07788
46	0.06854	0.01193	0.01284	0.00985	0.01393	0.03940	0.00803	0.33732	0.03525	0.14919	0.01240	0.01247	0.00894	0.00540	0.00461	0.00132	0.00489	0.00411	0.00451	0.25510
47	0.03363	0.00950	0.01108	0.00920	0.01235	0.06304	0.00730	0.05275	0.06817	0.49619	0.03826	0.14292	0.01638	0.00791	0.00533	0.00166	0.00447	0.00659	0.00564	0.00763
48	0.06485	0.00763	0.00962	0.00846	0.01067	0.00756	0.03343	0.10984	0.03308	0.12543	0.31134	0.09343	0.06719	0.00966	0.00576	0.00173	0.00375	0.08539	0.00519	0.00597

[dist]
# distance from previous block
# <min> <max>
7	36

[block]
# block no. 6 follows, 48 sequences, length 51
# corresponding to MSA columns:
# 517-567
name=unknown_G
#
# <colnr> <probs for GDERKNQSTAVLIFYWHMCP>
#	G	D	E	R	K	N	Q	S	T	A	V	L	I	F	Y	W	H	M	C	P
0	0.01374	0.01169	0.01834	0.01345	0.01776	0.01110	0.25610	0.14604	0.01359	0.08419	0.01085	0.01259	0.00822	0.00496	0.00581	0.00139	0.06312	0.00458	0.00348	0.29901
1	0.03333	0.20680	0.01596	0.00943	0.01348	0.01221	0.00814	0.13887	0.04848	0.41368	0.01530	0.01414	0.01045	0.00577	0.00463	0.00144	0.00480	0.00441	0.00495	0.03371
2	0.81350	0.02983	0.00819	0.00697	0.01016	0.03261	0.00575	0.01523	0.00893	0.02248	0.00717	0.00836	0.00561	0.00477	0.00322	0.00157	0.00415	0.00279	0.00314	0.00559
3	0.00746	0.00541	0.00624	0.00593	0.00756	0.00471	0.00448	0.00927	0.01303	0.05806	0.35415	0.04310	0.43880	0.01160	0.00601	0.00168	0.00262	0.00988	0.00522	0.00478
4	0.00742	0.00515	0.00649	0.00649	0.00680	0.00546	0.00422	0.00804	0.00773	0.01061	0.01535	0.02905	0.01669	0.55623	0.28688	0.00608	0.00793	0.00680	0.00299	0.00361
5	0.00606	0.00520	0.00520	0.00520	0.00693	0.00433	0.00390	0.00736	0.01170	0.01386	0.05198	0.04938	0.78558	0.01299	0.00606	0.00173	0.00260	0.01083	0.00476	0.00433
6	0.02270	0.00925	0.01223	0.00938	0.01336	0.00831	0.00774	0.09358	0.01555	0.72142	0.01951	0.01699	0.01234	0.00633	0.00516	0.00158	0.00448	0.00511	0.00624	0.00873
7	0.01946	0.01568	0.01529	0.01199	0.01591	0.11743	0.00977	0.67333	0.02288	0.02977	0.01175	0.01192	0.00845	0.00605	0.00507	0.00151	0.00611	0.00445	0.00481	0.00837
8	0.00606	0.00520	0.00520	0.00520	0.00693	0.00433	0.00390	0.00736	0.01170	0.01386	0.05198	0.04938	0.78558	0.01299	0.00606	0.00173	0.00260	0.01083	0.00476	0.00433
9	0.00632	0.00467	0.00594	0.00691	0.00751	0.00429	0.00479	0.00736	0.01027	0.01335	0.03254	0.63760	0.17050	0.01542	0.00649	0.00203	0.00300	0.05203	0.00476	0.00423
10	0.01064	0.00912	0.01064	0.00760	0.01216	0.00684	0.00608	0.01292	0.01064	0.01672	0.00912	0.01064	0.00760	0.00380	0.00380	0.00076	0.00380	0.00304	0.00304	0.85104
11	0.02302	0.00873	0.01191	0.00913	0.01310	0.00754	0.00754	0.02501	0.01469	0.79122	0.02024	0.01746	0.01270	0.00635	0.00516	0.00159	0.00437	0.00516	0.00635	0.00873
12	0.01890	0.01407	0.01506	0.01168	0.01568	0.01563	0.00961	0.70365	0.09202	0.03136	0.01309	0.01293	0.00935	0.00623	0.00514	0.00156	0.00550	0.00473	0.00514	0.00867
13	0.00608	0.00513	0.00527	0.00537	0.00698	0.00432	0.00398	0.00734	0.01153	0.01379	0.04985	0.11842	0.71792	0.01327	0.00611	0.00176	0.00263	0.01117	0.00476	0.00432
14	0.02284	0.00903	0.01209	0.00927	0.01325	0.00798	0.00766	0.06405	0.01518	0.75148	0.01983	0.01720	0.01249	0.00634	0.00516	0.00159	0.00443	0.00513	0.00629	0.00873
15	0.01372	0.82276	0.02689	0.00878	0.01317	0.02030	0.00878	0.01536	0.01043	0.01207	0.00713	0.00823	0.00658	0.00439	0.00329	0.00110	0.00549	0.00274	0.00219	0.00658
16	0.00969	0.00912	0.01539	0.80734	0.03534	0.01140	0.01425	0.01311	0.01026	0.01311	0.00912	0.01368	0.00684	0.00513	0.00513	0.00171	0.00684	0.00456	0.00228	0.00570
17	0.00985	0.00534	0.00540	0.00529	0.00664	0.00550	0.00400	0.01333	0.07986	0.01934	0.01711	0.01913	0.01338	0.00607	0.00373	0.00124	0.00254	0.00487	0.77228	0.00508
18	0.85592	0.00992	0.00754	0.00675	0.00992	0.01151	0.00556	0.01508	0.00873	0.02302	0.00714	0.00834	0.00556	0.00476	0.00318	0.00159	0.00397	0.00278	0.00318	0.00556
19	0.02302	0.00873	0.01191	0.00913	0.01310	0.00754	0.00754	0.02501	0.01469	0.79122	0.02024	0.01746	0.01270	0.00635	0.00516	0.00159	0.00437	0.00516	0.00635	0.00873
20	0.00625	0.00447	0.00595	0.00714	0.00744	0.00417	0.00476	0.00714	0.00982	0.01310	0.02828	0.81633	0.03394	0.01608	0.00655	0.00208	0.00298	0.01459	0.00476	0.00417
21	0.01868	0.01396	0.01493	0.01164	0.01560	0.01553	0.00955	0.67931	0.11672	0.03100	0.01337	0.01316	0.00958	0.00626	0.00514	0.00156	0.00545	0.00476	0.00514	0.00865
22	0.00709	0.00524	0.00662	0.00627	0.00756	0.00477	0.00470	0.00935	0.01411	0.01960	0.67823	0.03994	0.15576	0.01085	0.00605	0.00163	0.00245	0.00951	0.00552	0.00477
23	0.85592	0.00992	0.00754	0.00675	0.00992	0.01151	0.00556	0.01508	0.00873	0.02302	0.00714	0.00834	0.00556	0.00476	0.00318	0.00159	0.00397	0.00278	0.00318	0.00556
24	0.01372	0.82276	0.02689	0.00878	0.01317	0.02030	0.00878	0.01536	0.01043	0.01207	0.00713	0.00823	0.00658	0.00439	0.00329	0.00110	0.00549	0.00274	0.00219	0.00658
25	0.01216	0.01369	0.02943	0.02251	0.09530	0.01291	0.70122	0.01637	0.01207	0.01647	0.01031	0.01374	0.00782	0.00435	0.00597	0.00171	0.00842	0.00592	0.00259	0.00703
26	0.00666	0.00520	0.00604	0.00587	0.00731	0.00458	0.00439	0.00850	0.01304	0.01715	0.41304	0.06412	0.40204	0.01184	0.00607	0.00168	0.00252	0.01016	0.00520	0.00458
27	0.00678	0.00531	0.00814	0.00845	0.00919	0.00496	0.07356	0.00798	0.01003	0.01340	0.02667	0.74409	0.03158	0.01502	0.00650	0.00205	0.00349	0.01382	0.00457	0.00442
28	0.01916	0.01388	0.01497	0.01159	0.01560	0.01532	0.00954	0.68337	0.07930	0.06453	0.01329	0.01305	0.00941	0.00623	0.00514	0.00156	0.00547	0.00473	0.00519	0.00868
29	0.00634	0.00521	0.00558	0.00549	0.00710	0.00445	0.00412	0.00790	0.01235	0.01542	0.22159	0.04682	0.61501	0.01242	0.00606	0.00171	0.00256	0.01047	0.00497	0.00445
30	0.01372	0.82276	0.02689	0.00878	0.01317	0.02030	0.00878	0.01536	0.01043	0.01207	0.00713	0.00823	0.00658	0.00439	0.00329	0.00110	0.00549	0.00274	0.00219	0.00658
31	0.01218	0.46566	0.37053	0.01140	0.01722	0.01654	0.01334	0.01576	0.01061	0.01395	0.00806	0.00940	0.00655	0.00461	0.00400	0.00133	0.00643	0.00321	0.00218	0.00703
32	0.01333	0.01191	0.01124	0.01014	0.01288	0.11564	0.00790	0.05389	0.48577	0.05301	0.02279	0.02287	0.10678	0.00773	0.00532	0.00170	0.00468	0.04029	0.00485	0.00728
33	0.02571	0.00745	0.00790	0.00803	0.00950	0.07532	0.00639	0.03455	0.01292	0.01675	0.23413	0.11264	0.16615	0.01192	0.00622	0.00189	0.00398	0.24890	0.00478	0.00489
34	0.00661	0.00522	0.00595	0.00577	0.00726	0.00456	0.00433	0.00842	0.01298	0.01692	0.38540	0.04435	0.45026	0.01186	0.00606	0.00168	0.00252	0.01012	0.00517	0.00456
