[name]
unknown

[dist]
# distance from previous block
# <min> <max>
0	541

[block]
# block no. 0 follows, 49 sequences, length 25
# corresponding to MSA columns:
# 751-775
name=unknown_A
#
# <colnr> <probs for GDERKNQSTAVLIFYWHMCP>
#	G	D	E	R	K	N	Q	S	T	A	V	L	I	F	Y	W	H	M	C	P
0	0.65531	0.01313	0.16484	0.00918	0.04362	0.01145	0.00851	0.01512	0.00913	0.02111	0.00754	0.00888	0.00576	0.00471	0.00354	0.00157	0.00470	0.00301	0.00291	0.00598
1	0.00629	0.00512	0.00549	0.00541	0.00693	0.00440	0.00401	0.00775	0.01196	0.01493	0.20849	0.04569	0.59811	0.04486	0.00677	0.00181	0.00262	0.01021	0.00482	0.00433
2	0.00723	0.00540	0.00804	0.00804	0.00891	0.00627	0.00621	0.00897	0.00810	0.01167	0.01363	0.02033	0.01284	0.06522	0.77522	0.00801	0.01324	0.00549	0.00272	0.00446
3	0.00955	0.00899	0.01517	0.81013	0.03483	0.01123	0.01404	0.01292	0.01011	0.01292	0.00899	0.01348	0.00674	0.00506	0.00506	0.00169	0.00674	0.00449	0.00225	0.00562
4	0.00598	0.00512	0.00512	0.00512	0.00683	0.00427	0.00384	0.00726	0.01153	0.01366	0.05123	0.04866	0.78869	0.01281	0.00598	0.00171	0.00256	0.01067	0.00470	0.00427
5	0.00740	0.00505	0.00641	0.00619	0.00731	0.00471	0.00459	0.00966	0.01344	0.01951	0.62211	0.09556	0.04178	0.01015	0.00566	0.00157	0.00242	0.00893	0.12285	0.00471
6	0.00723	0.00538	0.00793	0.00793	0.00877	0.00622	0.00608	0.00891	0.00807	0.01160	0.01372	0.02084	0.01307	0.09584	0.74491	0.00789	0.01291	0.00556	0.00274	0.00441
7	0.01014	0.02616	0.79609	0.01441	0.02189	0.01174	0.01868	0.01601	0.01068	0.01601	0.00907	0.01068	0.00641	0.00480	0.00480	0.00160	0.00747	0.00374	0.00214	0.00747
8	0.01014	0.02616	0.79609	0.01441	0.02189	0.01174	0.01868	0.01601	0.01068	0.01601	0.00907	0.01068	0.00641	0.00480	0.00480	0.00160	0.00747	0.00374	0.00214	0.00747
9	0.00751	0.00554	0.00706	0.00662	0.00792	0.00528	0.00498	0.01067	0.06424	0.02033	0.73814	0.03654	0.04561	0.01011	0.00591	0.00160	0.00249	0.00892	0.00554	0.00498
10	0.01352	0.82533	0.02650	0.00865	0.01298	0.02001	0.00865	0.01514	0.01027	0.01190	0.00703	0.00811	0.00649	0.00433	0.00324	0.00108	0.00541	0.00270	0.00216	0.00649
11	0.01014	0.02616	0.79609	0.01441	0.02189	0.01174	0.01868	0.01601	0.01068	0.01601	0.00907	0.01068	0.00641	0.00480	0.00480	0.00160	0.00747	0.00374	0.00214	0.00747
12	0.01780	0.01345	0.01437	0.01135	0.01514	0.01501	0.00927	0.61343	0.18656	0.02957	0.01395	0.01359	0.01007	0.00624	0.00508	0.00156	0.00523	0.00480	0.00508	0.00847
13	0.01277	0.64787	0.19739	0.00993	0.01496	0.01817	0.01088	0.01534	0.01036	0.01281	0.00748	0.00868	0.00647	0.00443	0.00359	0.00120	0.00587	0.00293	0.00216	0.00671
14	0.00716	0.00517	0.00676	0.00636	0.00755	0.00477	0.00477	0.00954	0.01431	0.02028	0.78808	0.03777	0.04771	0.01034	0.00596	0.00159	0.00239	0.00914	0.00557	0.00477
15	0.01675	0.01215	0.01323	0.01046	0.01365	0.01360	0.00858	0.57160	0.02006	0.02790	0.01253	0.01332	0.00927	0.00625	0.00566	0.00151	0.06741	0.00457	0.16386	0.00763
16	0.00629	0.00464	0.00589	0.00663	0.00729	0.00424	0.00457	0.00747	0.01070	0.01419	0.15152	0.57468	0.15433	0.01450	0.00630	0.00193	0.00279	0.01297	0.00483	0.00424
17	0.00724	0.00536	0.00785	0.00785	0.00865	0.00617	0.00597	0.00885	0.00804	0.01153	0.01380	0.02128	0.01325	0.12168	0.71934	0.00778	0.01262	0.00562	0.00275	0.00436
18	0.01301	0.01117	0.01238	0.01198	0.07345	0.01274	0.00869	0.07460	0.67274	0.02149	0.01918	0.01794	0.01442	0.00663	0.00513	0.00169	0.00426	0.00555	0.00494	0.00804
19	0.00735	0.00491	0.00556	0.00554	0.00559	0.00490	0.00312	0.00743	0.00760	0.01017	0.04281	0.03325	0.01940	0.79403	0.02505	0.00479	0.00481	0.00742	0.00315	0.00312
20	0.01049	0.00899	0.01049	0.00749	0.01198	0.00674	0.00599	0.01273	0.01049	0.01648	0.00899	0.01049	0.00749	0.00374	0.00374	0.00075	0.00374	0.00300	0.00300	0.85320
21	0.01922	0.01416	0.01518	0.01163	0.01568	0.01568	0.00961	0.77388	0.02378	0.03187	0.01214	0.01214	0.00860	0.00607	0.00506	0.00152	0.00556	0.00455	0.00506	0.00860
22	0.01959	0.01250	0.01401	0.01086	0.01478	0.01335	0.00893	0.52627	0.08002	0.22421	0.01477	0.01395	0.01012	0.00618	0.00507	0.00154	0.00512	0.00478	0.00537	0.00856
23	0.01188	0.01180	0.01853	0.01473	0.01735	0.01361	0.24814	0.01867	0.28490	0.01663	0.01273	0.01465	0.01010	0.00671	0.00919	0.00188	0.27297	0.00537	0.00337	0.00682
24	0.04208	0.01045	0.01263	0.00967	0.01365	0.01013	0.00797	0.26387	0.01700	0.46968	0.01626	0.01483	0.01069	0.00596	0.00492	0.00149	0.00465	0.00469	0.00554	0.07384

[dist]
# distance from previous block
# <min> <max>
0	2

[block]
# block no. 1 follows, 49 sequences, length 62
# corresponding to MSA columns:
# 779-811,820-848
name=unknown_B
#
# <colnr> <probs for GDERKNQSTAVLIFYWHMCP>
#	G	D	E	R	K	N	Q	S	T	A	V	L	I	F	Y	W	H	M	C	P
0	0.61081	0.00952	0.00920	0.16529	0.01492	0.01116	0.00741	0.01494	0.05011	0.02037	0.00896	0.01183	0.00723	0.00526	0.00378	0.00163	0.00450	0.03435	0.00313	0.00560
1	0.04586	0.22717	0.39266	0.18890	0.02196	0.01374	0.01453	0.01506	0.01036	0.01455	0.00845	0.01054	0.00646	0.00473	0.00439	0.00148	0.00663	0.00360	0.00221	0.00673
2	0.04271	0.00604	0.00824	0.07918	0.01097	0.00649	0.00662	0.00997	0.01119	0.01589	0.29101	0.03249	0.06757	0.04441	0.20076	0.00344	0.03282	0.12136	0.00409	0.00474
3	0.01134	0.30917	0.52355	0.01237	0.01873	0.01467	0.01513	0.01571	0.01053	0.01456	0.00835	0.00977	0.00644	0.00463	0.00425	0.00142	0.00674	0.00337	0.00215	0.00712
4	0.01014	0.02616	0.79609	0.01441	0.02189	0.01174	0.01868	0.01601	0.01068	0.01601	0.00907	0.01068	0.00641	0.00480	0.00480	0.00160	0.00747	0.00374	0.00214	0.00747
5	0.00722	0.00542	0.00813	0.00813	0.00903	0.00632	0.00632	0.00903	0.00813	0.01174	0.01354	0.01987	0.01264	0.03792	0.80225	0.00813	0.01354	0.00542	0.00271	0.00451
6	0.00955	0.00899	0.01517	0.81013	0.03483	0.01123	0.01404	0.01292	0.01011	0.01292	0.00899	0.01348	0.00674	0.00506	0.00506	0.00169	0.00674	0.00449	0.00225	0.00562
7	0.00735	0.00490	0.00552	0.00552	0.00552	0.00490	0.00306	0.00735	0.00735	0.00980	0.01593	0.03309	0.01838	0.82229	0.02574	0.00490	0.00490	0.00735	0.00306	0.00306
8	0.01049	0.00899	0.01049	0.00749	0.01198	0.00674	0.00599	0.01273	0.01049	0.01648	0.00899	0.01049	0.00749	0.00374	0.00374	0.00075	0.00374	0.00300	0.00300	0.85320
9	0.00955	0.00899	0.01517	0.81013	0.03483	0.01123	0.01404	0.01292	0.01011	0.01292	0.00899	0.01348	0.00674	0.00506	0.00506	0.00169	0.00674	0.00449	0.00225	0.00562
10	0.01855	0.01013	0.01206	0.00980	0.01335	0.01036	0.00792	0.12000	0.29635	0.41516	0.01920	0.01718	0.01309	0.00646	0.00510	0.00161	0.00435	0.00525	0.00570	0.00838
11	0.85801	0.00978	0.00743	0.00665	0.00978	0.01134	0.00548	0.01486	0.00861	0.02269	0.00704	0.00821	0.00548	0.00469	0.00313	0.00156	0.00391	0.00274	0.00313	0.00548
12	0.01431	0.01132	0.01197	0.01020	0.01327	0.01282	0.00809	0.25233	0.48266	0.02420	0.01765	0.01682	0.01314	0.00653	0.00498	0.00161	0.00433	0.00527	0.08061	0.00789
13	0.01417	0.03252	0.01232	0.00890	0.01309	0.00832	0.04155	0.03148	0.08894	0.21844	0.01304	0.01317	0.00959	0.00479	0.00434	0.00112	0.00421	0.00396	0.00405	0.47198
14	0.01889	0.02410	0.01433	0.01303	0.01563	0.80199	0.00977	0.02019	0.01433	0.01238	0.00782	0.00912	0.00651	0.00521	0.00456	0.00130	0.00912	0.00326	0.00261	0.00586
15	0.02269	0.00861	0.01174	0.00900	0.01291	0.00743	0.00743	0.02464	0.01447	0.79425	0.01995	0.01721	0.01252	0.00626	0.00509	0.00156	0.00430	0.00509	0.00626	0.00861
16	0.01225	0.01174	0.02005	0.10062	0.72323	0.01195	0.01539	0.01529	0.01139	0.01620	0.00946	0.01260	0.00790	0.00455	0.00501	0.00152	0.00607	0.00450	0.00248	0.00780
17	0.01922	0.01416	0.01518	0.01163	0.01568	0.01568	0.00961	0.77388	0.02378	0.03187	0.01214	0.01214	0.00860	0.00607	0.00506	0.00152	0.00556	0.00455	0.00506	0.00860
18	0.01306	0.01175	0.01935	0.02826	0.68920	0.01182	0.01451	0.01688	0.07171	0.05779	0.01092	0.01326	0.00883	0.00478	0.00502	0.00152	0.00576	0.00463	0.00291	0.00804
19	0.00616	0.00440	0.00587	0.00704	0.00733	0.00411	0.00469	0.00704	0.00968	0.01291	0.02787	0.81899	0.03344	0.01584	0.00645	0.00205	0.00293	0.01438	0.00469	0.00411
20	0.01252	0.01201	0.02053	0.03104	0.79074	0.01201	0.01552	0.01552	0.01151	0.01652	0.00951	0.01252	0.00801	0.00451	0.00501	0.00150	0.00601	0.00451	0.00250	0.00801
21	0.00664	0.00479	0.00638	0.00745	0.00805	0.00453	0.00546	0.00792	0.01035	0.01364	0.04563	0.57996	0.07462	0.01511	0.00654	0.00209	0.00331	0.18856	0.00470	0.00426
22	0.00712	0.00517	0.00671	0.00633	0.00753	0.00476	0.00474	0.00948	0.01423	0.02009	0.76719	0.03808	0.06871	0.01041	0.00596	0.00159	0.00239	0.00919	0.00554	0.00476
23	0.01170	0.01527	0.12989	0.02041	0.02583	0.01265	0.67397	0.01617	0.01177	0.01617	0.01008	0.01325	0.00751	0.00433	0.00582	0.00169	0.00839	0.00568	0.00250	0.00691
24	0.00735	0.00490	0.00552	0.00552	0.00552	0.00490	0.00306	0.00735	0.00735	0.00980	0.01593	0.03309	0.01838	0.82229	0.02574	0.00490	0.00490	0.00735	0.00306	0.00306
25	0.00822	0.00776	0.05193	0.31838	0.01887	0.00764	0.00908	0.01115	0.01243	0.01705	0.42832	0.02716	0.04603	0.00805	0.00555	0.00163	0.00435	0.00709	0.00408	0.00523
26	0.00616	0.00440	0.00587	0.00704	0.00733	0.00411	0.00469	0.00704	0.00968	0.01291	0.02787	0.81899	0.03344	0.01584	0.00645	0.00205	0.00293	0.01438	0.00469	0.00411
27	0.01905	0.01944	0.01473	0.01237	0.01566	0.43306	0.00970	0.37381	0.01876	0.02152	0.00985	0.01054	0.00749	0.00561	0.00479	0.00140	0.00745	0.00386	0.00376	0.00715
28	0.01027	0.02534	0.75439	0.01419	0.02142	0.01179	0.01812	0.01659	0.05165	0.01629	0.00969	0.01111	0.00689	0.00491	0.00482	0.00161	0.00729	0.00384	0.00230	0.00750
29	0.01992	0.01415	0.01370	0.01098	0.01464	0.16780	0.00885	0.34323	0.05918	0.27413	0.01426	0.01354	0.00982	0.00600	0.00497	0.00150	0.00577	0.00453	0.00497	0.00803
30	0.00616	0.00440	0.00587	0.00704	0.00733	0.00411	0.00469	0.00704	0.00968	0.01291	0.02787	0.81899	0.03344	0.01584	0.00645	0.00205	0.00293	0.01438	0.00469	0.00411
31	0.01086	0.01135	0.02248	0.27997	0.11451	0.01165	0.39028	0.01447	0.01115	0.01495	0.01084	0.06378	0.00902	0.00527	0.00559	0.00170	0.00731	0.00584	0.00258	0.00639
32	0.00617	0.00513	0.00539	0.00532	0.00695	0.00435	0.00399	0.00763	0.01198	0.01473	0.17025	0.04691	0.66900	0.01241	0.00597	0.00169	0.00253	0.01043	0.00484	0.00435
33	0.01503	0.05509	0.01336	0.01034	0.01369	0.01358	0.00838	0.36486	0.31954	0.02496	0.03621	0.01791	0.07061	0.00689	0.00509	0.00159	0.00464	0.00548	0.00492	0.00784
34	0.01210	0.48829	0.35106	0.01108	0.01674	0.01652	0.01288	0.01551	0.01044	0.01363	0.00789	0.00919	0.00645	0.00453	0.00390	0.00130	0.00628	0.00314	0.00215	0.00690
35	0.00742	0.00535	0.00612	0.00581	0.00746	0.00464	0.00440	0.00915	0.01273	0.06299	0.32152	0.04275	0.46838	0.01150	0.00592	0.00166	0.00260	0.00977	0.00511	0.00471
36	0.01227	0.00624	0.00689	0.00618	0.00805	0.00625	0.00482	0.06409	0.04707	0.14321	0.01688	0.01818	0.01271	0.00671	0.02153	0.00144	0.00320	0.00482	0.60373	0.00573
37	0.00615	0.00513	0.00537	0.00531	0.00694	0.00434	0.00398	0.00760	0.01194	0.01465	0.16188	0.04703	0.67742	0.01244	0.00597	0.00169	0.00253	0.01044	0.00483	0.00434
38	0.01241	0.01190	0.02033	0.05967	0.76297	0.01199	0.01546	0.01542	0.01146	0.01639	0.00949	0.01255	0.00796	0.00453	0.00501	0.00151	0.00603	0.00451	0.00249	0.00792
39	0.01221	0.51549	0.32487	0.01089	0.01643	0.01680	0.01254	0.01548	0.01043	0.01349	0.00782	0.00911	0.00646	0.00451	0.00385	0.00128	0.00621	0.00310	0.00215	0.00687
40	0.00644	0.00460	0.00619	0.00736	0.00778	0.00435	0.00519	0.00753	0.00996	0.01323	0.02771	0.71044	0.03283	0.01558	0.00653	0.00209	0.00318	0.12013	0.00469	0.00419
41	0.01125	0.01100	0.01835	0.01324	0.01773	0.00973	0.30346	0.02912	0.01117	0.01644	0.00941	0.01177	0.00754	0.00426	0.00532	0.00121	0.04864	0.00425	0.00283	0.46329
42	0.00877	0.00624	0.00786	0.00765	0.00898	0.00706	0.00591	0.01302	0.15086	0.01530	0.01560	0.01942	0.01324	0.02398	0.45044	0.00516	0.00891	0.00529	0.22111	0.00521
43	0.01523	0.01180	0.01303	0.00974	0.01399	0.01160	0.00796	0.42644	0.01771	0.02484	0.01070	0.01139	0.00809	0.00501	0.00446	0.00117	0.00473	0.00384	0.00412	0.39414
44	0.00625	0.00446	0.00596	0.00714	0.00747	0.00418	0.00484	0.00719	0.00976	0.01300	0.02782	0.78656	0.03326	0.01576	0.00648	0.00207	0.00301	0.04596	0.00469	0.00413
45	0.01310	0.01181	0.01188	0.01055	0.01301	0.11437	0.02957	0.15957	0.31239	0.01970	0.01876	0.17264	0.03142	0.00850	0.00575	0.00172	0.03045	0.02345	0.00452	0.00682
46	0.03117	0.00635	0.00826	0.00729	0.00902	0.00606	0.00542	0.01390	0.01119	0.27230	0.15880	0.04338	0.02099	0.24577	0.13428	0.00355	0.00551	0.00668	0.00456	0.00551
47	0.01101	0.00603	0.00793	0.00705	0.00894	0.00547	0.00545	0.01309	0.01359	0.21794	0.45223	0.06474	0.10239	0.01120	0.04808	0.00196	0.00351	0.00826	0.00548	0.00567
48	0.00719	0.00483	0.00556	0.00573	0.00577	0.00479	0.00329	0.00731	0.00767	0.01023	0.01758	0.14152	0.02046	0.71103	0.02308	0.00451	0.00463	0.00832	0.00329	0.00321
49	0.01261	0.01045	0.01161	0.00853	0.01288	0.02451	0.00688	0.18317	0.01354	0.01984	0.00967	0.01083	0.00772	0.00429	0.00405	0.00093	0.00426	0.00335	0.00345	0.64744
50	0.00858	0.00453	0.00679	0.00679	0.00691	0.00464	0.00464	0.00691	0.00679	0.00917	0.00941	0.01596	0.00929	0.02023	0.12193	0.74258	0.00559	0.00453	0.00226	0.00250
51	0.00696	0.00469	0.00630	0.00733	0.00784	0.00439	0.00512	0.00801	0.01004	0.04183	0.02748	0.71760	0.03227	0.01531	0.00645	0.00206	0.00315	0.08411	0.00475	0.00432
52	0.01014	0.02616	0.79609	0.01441	0.02189	0.01174	0.01868	0.01601	0.01068	0.01601	0.00907	0.01068	0.00641	0.00480	0.00480	0.00160	0.00747	0.00374	0.00214	0.00747
53	0.00722	0.00542	0.00813	0.00813	0.00903	0.00632	0.00632	0.00903	0.00813	0.01174	0.01354	0.01987	0.01264	0.03792	0.80225	0.00813	0.01354	0.00542	0.00271	0.00451
54	0.00605	0.00513	0.00522	0.00520	0.00687	0.00430	0.00390	0.00739	0.01169	0.01405	0.09500	0.04802	0.74467	0.01266	0.00598	0.00170	0.00255	0.01058	0.00475	0.00430
55	0.00716	0.00517	0.00676	0.00636	0.00755	0.00477	0.00477	0.00954	0.01431	0.02028	0.78808	0.03777	0.04771	0.01034	0.00596	0.00159	0.00239	0.00914	0.00557	0.00477
56	0.00955	0.00899	0.01517	0.81013	0.03483	0.01123	0.01404	0.01292	0.01011	0.01292	0.00899	0.01348	0.00674	0.00506	0.00506	0.00169	0.00674	0.00449	0.00225	0.00562
57	0.00687	0.00516	0.00636	0.00606	0.00738	0.00465	0.00455	0.00899	0.01364	0.01868	0.60997	0.04041	0.22681	0.01093	0.00597	0.00162	0.00243	0.00951	0.00536	0.00465
58	0.85801	0.00978	0.00743	0.00665	0.00978	0.01134	0.00548	0.01486	0.00861	0.02269	0.00704	0.00821	0.00548	0.00469	0.00313	0.00156	0.00391	0.00274	0.00313	0.00548
59	0.00878	0.00439	0.00659	0.00659	0.00659	0.00439	0.00439	0.00659	0.00659	0.00878	0.00878	0.01537	0.00878	0.01757	0.01976	0.85288	0.00439	0.00439	0.00220	0.00220
60	0.01311	0.01074	0.01145	0.01022	0.01314	0.01231	0.00797	0.02675	0.74126	0.06182	0.02055	0.01878	0.01528	0.00683	0.00514	0.00171	0.00402	0.00568	0.00520	0.00804
61	0.01088	0.00972	0.01064	0.00782	0.01214	0.04855	0.00624	0.01308	0.01071	0.01623	0.00930	0.01139	0.00789	0.00404	0.00386	0.00081	0.00405	0.01885	0.00301	0.79080

[dist]
# distance from previous block
# <min> <max>
0	1

[block]
# block no. 2 follows, 49 sequences, length 26
# corresponding to MSA columns:
# 850-875
name=unknown_C
#
# <colnr> <probs for GDERKNQSTAVLIFYWHMCP>
#	G	D	E	R	K	N	Q	S	T	A	V	L	I	F	Y	W	H	M	C	P
0	0.02067	0.01184	0.01374	0.01053	0.01452	0.01223	0.00870	0.46066	0.01989	0.35058	0.01541	0.01426	0.01024	0.00615	0.00507	0.00154	0.00504	0.00478	0.00556	0.00860
1	0.01473	0.05460	0.01849	0.04292	0.46239	0.29053	0.01313	0.01708	0.01241	0.01475	0.00878	0.01114	0.00738	0.00476	0.00477	0.00142	0.00709	0.00398	0.00252	0.00712
2	0.00810	0.00630	0.00907	0.00872	0.00969	0.00752	0.00687	0.04497	0.00883	0.01271	0.01291	0.01877	0.01195	0.03402	0.69975	0.00733	0.07963	0.00529	0.00278	0.00479
3	0.00694	0.00516	0.00646	0.00613	0.00742	0.00468	0.00460	0.00912	0.01380	0.01905	0.65167	0.03979	0.18488	0.01079	0.00597	0.00161	0.00242	0.00943	0.00541	0.00468
4	0.00878	0.00439	0.00659	0.00659	0.00659	0.00439	0.00439	0.00659	0.00659	0.00878	0.00878	0.01537	0.00878	0.01757	0.01976	0.85288	0.00439	0.00439	0.00220	0.00220
5	0.01399	0.00698	0.00916	0.00811	0.01052	0.00641	0.00654	0.01667	0.05552	0.34326	0.20260	0.07360	0.08415	0.00951	0.00574	0.00174	0.00369	0.12976	0.00557	0.00646
6	0.01261	0.01365	0.04986	0.02029	0.02539	0.01240	0.69969	0.01676	0.01207	0.06887	0.01086	0.01380	0.00797	0.00441	0.00588	0.00169	0.00821	0.00585	0.00280	0.00696
7	0.39000	0.00714	0.00702	0.00702	0.00886	0.00761	0.00526	0.01190	0.00957	0.07716	0.01791	0.39343	0.01928	0.01010	0.00486	0.00180	0.00348	0.00844	0.00411	0.00507
8	0.00653	0.00466	0.00628	0.00740	0.00787	0.00442	0.00527	0.00770	0.01016	0.01353	0.05320	0.66547	0.03320	0.01534	0.00653	0.00208	0.00320	0.13822	0.00472	0.00422
9	0.01559	0.52092	0.02198	0.01017	0.01399	0.23648	0.00906	0.09339	0.01277	0.01405	0.00777	0.00880	0.00671	0.00475	0.00379	0.00119	0.00645	0.00304	0.00258	0.00653
10	0.00955	0.00899	0.01517	0.81013	0.03483	0.01123	0.01404	0.01292	0.01011	0.01292	0.00899	0.01348	0.00674	0.00506	0.00506	0.00169	0.00674	0.00449	0.00225	0.00562
11	0.01162	0.01131	0.01943	0.02257	0.42406	0.01061	0.16626	0.01465	0.01144	0.01643	0.02753	0.01405	0.03488	0.00469	0.00498	0.00139	0.00583	0.00478	0.00276	0.19072
12	0.01194	0.01364	0.02984	0.02131	0.02643	0.01279	0.77238	0.01620	0.01194	0.01620	0.01023	0.01364	0.00767	0.00426	0.00597	0.00171	0.00853	0.00597	0.00256	0.00682
13	0.01226	0.01413	0.02911	0.02093	0.02592	0.04961	0.73680	0.01638	0.01205	0.01602	0.01012	0.01343	0.00762	0.00431	0.00590	0.00169	0.00855	0.00584	0.00256	0.00678
14	0.00946	0.00876	0.01451	0.66949	0.07292	0.01068	0.01304	0.01247	0.00999	0.01295	0.01032	0.05785	0.00880	0.04428	0.00634	0.00186	0.02315	0.00516	0.00243	0.00554
15	0.00626	0.00447	0.00598	0.00716	0.00750	0.00419	0.00487	0.00722	0.00978	0.01302	0.02781	0.77999	0.03322	0.01575	0.00648	0.00207	0.00302	0.05237	0.00469	0.00414
16	0.01226	0.52743	0.31337	0.01080	0.01630	0.01693	0.01239	0.01547	0.01042	0.01343	0.00779	0.00907	0.00646	0.00450	0.00383	0.00128	0.00618	0.00309	0.00215	0.00686
17	0.00649	0.00466	0.00616	0.00682	0.00741	0.00433	0.00472	0.00787	0.01122	0.01536	0.28062	0.55926	0.03819	0.01401	0.00629	0.00190	0.00275	0.01264	0.00498	0.00433
18	0.00675	0.00509	0.00619	0.00627	0.00745	0.00462	0.00467	0.00847	0.01227	0.01630	0.35577	0.14655	0.27506	0.05021	0.00705	0.00191	0.00282	0.07314	0.00498	0.00444
19	0.00616	0.00440	0.00587	0.00704	0.00733	0.00411	0.00469	0.00704	0.00968	0.01291	0.02787	0.81899	0.03344	0.01584	0.00645	0.00205	0.00293	0.01438	0.00469	0.00411
20	0.00602	0.00497	0.00528	0.00554	0.00694	0.00423	0.00403	0.00721	0.01113	0.01350	0.04617	0.21559	0.62504	0.01346	0.00608	0.00178	0.00264	0.01147	0.00470	0.00423
21	0.01049	0.00899	0.01049	0.00749	0.01198	0.00674	0.00599	0.01273	0.01049	0.01648	0.00899	0.01049	0.00749	0.00374	0.00374	0.00075	0.00374	0.00300	0.00300	0.85320
22	0.00651	0.00471	0.00616	0.00678	0.00745	0.00436	0.00475	0.00791	0.01127	0.01530	0.26664	0.51587	0.07863	0.01392	0.00629	0.00190	0.00278	0.02947	0.00497	0.00434
23	0.01315	0.73834	0.11026	0.00928	0.01395	0.01911	0.00974	0.01524	0.01032	0.01235	0.00725	0.00839	0.00648	0.00438	0.00341	0.00114	0.00563	0.00282	0.00216	0.00660
24	0.01767	0.02198	0.01537	0.01341	0.01619	0.67838	0.08667	0.01933	0.01388	0.01312	0.00854	0.01011	0.00698	0.00515	0.00465	0.00134	0.00869	0.00361	0.04904	0.00590
25	0.00735	0.00490	0.00552	0.00552	0.00552	0.00490	0.00306	0.00735	0.00735	0.00980	0.01593	0.03309	0.01838	0.82229	0.02574	0.00490	0.00490	0.00735	0.00306	0.00306

[dist]
# distance from previous block
# <min> <max>
0	1

[block]
# block no. 3 follows, 49 sequences, length 13
# corresponding to MSA columns:
# 878-890
name=unknown_D
#
# <colnr> <probs for GDERKNQSTAVLIFYWHMCP>
#	G	D	E	R	K	N	Q	S	T	A	V	L	I	F	Y	W	H	M	C	P
0	0.00943	0.00471	0.00471	0.00471	0.00589	0.00471	0.00353	0.01178	0.01060	0.01885	0.01650	0.01885	0.01296	0.00589	0.00353	0.00118	0.00236	0.00471	0.85036	0.00471
1	0.01078	0.17772	0.65014	0.01332	0.02020	0.01331	0.01678	0.01585	0.01060	0.01523	0.00869	0.01019	0.00642	0.00471	0.00451	0.00150	0.00708	0.00354	0.00214	0.00729
2	0.01111	0.00870	0.00958	0.00827	0.01078	0.00894	0.00646	0.20761	0.15331	0.02107	0.17067	0.08656	0.19690	0.00912	0.00546	0.00159	0.00367	0.00765	0.00491	0.06765
3	0.00950	0.00708	0.00946	0.00879	0.01029	0.00810	0.00694	0.15408	0.01109	0.01556	0.01328	0.01840	0.01188	0.03188	0.65107	0.00687	0.01203	0.00525	0.00315	0.00529
4	0.01860	0.01489	0.01476	0.01166	0.01545	0.09632	0.00949	0.63010	0.08999	0.02891	0.01244	0.01243	0.00899	0.00605	0.00501	0.00151	0.00579	0.00452	0.00481	0.00827
5	0.01922	0.01416	0.01518	0.01163	0.01568	0.01568	0.00961	0.77388	0.02378	0.03187	0.01214	0.01214	0.00860	0.00607	0.00506	0.00152	0.00556	0.00455	0.00506	0.00860
6	0.01349	0.01257	0.03133	0.01210	0.01544	0.09255	0.16422	0.27408	0.05387	0.02063	0.02049	0.09234	0.15867	0.00779	0.00549	0.00163	0.00569	0.00680	0.00414	0.00667
7	0.01564	0.00956	0.01132	0.00901	0.01233	0.00939	0.00726	0.21829	0.08614	0.23829	0.18942	0.01970	0.01897	0.00683	0.00509	0.00146	0.00410	0.00562	0.00523	0.12635
8	0.01874	0.01248	0.01390	0.01073	0.01470	0.01322	0.00881	0.52062	0.07625	0.17452	0.01400	0.01347	0.00976	0.00599	0.00497	0.00148	0.00508	0.00462	0.00514	0.07151
9	0.01780	0.01537	0.01425	0.01162	0.01515	0.16416	0.00931	0.47815	0.17699	0.02598	0.01305	0.01294	0.00960	0.00607	0.00498	0.00152	0.00592	0.00455	0.00461	0.00796
10	0.17132	0.00948	0.01132	0.00834	0.01262	0.00805	0.06174	0.01339	0.01023	0.01763	0.00871	0.01028	0.00712	0.00396	0.00379	0.00097	0.00412	0.00316	0.00299	0.63076
11	0.05534	0.01480	0.09342	0.01139	0.01474	0.11654	0.00976	0.17560	0.35350	0.02108	0.01433	0.01429	0.01082	0.00631	0.00575	0.00164	0.06430	0.00472	0.00417	0.00749
12	0.18711	0.19347	0.01308	0.00780	0.01119	0.04974	0.00663	0.09266	0.01178	0.04780	0.01026	0.01143	0.00815	0.00488	0.00369	0.00121	0.00436	0.00346	0.16452	0.16678

[dist]
# distance from previous block
# <min> <max>
1	51

[block]
# block no. 4 follows, 49 sequences, length 11
# corresponding to MSA columns:
# 949-959
name=unknown_E
#
# <colnr> <probs for GDERKNQSTAVLIFYWHMCP>
#	G	D	E	R	K	N	Q	S	T	A	V	L	I	F	Y	W	H	M	C	P
0	0.15476	0.17473	0.08071	0.01001	0.01397	0.01390	0.02731	0.24731	0.08974	0.05081	0.06256	0.01311	0.01084	0.00566	0.00442	0.00146	0.00504	0.00425	0.00390	0.02551
1	0.01463	0.28007	0.06008	0.08529	0.15830	0.14916	0.01117	0.11372	0.03599	0.03357	0.00925	0.01074	0.00746	0.00494	0.00436	0.00136	0.00633	0.00372	0.00286	0.00700
2	0.01250	0.06788	0.07686	0.01265	0.01429	0.01539	0.01112	0.13160	0.04890	0.01595	0.00840	0.01139	0.00735	0.00770	0.01241	0.00196	0.53019	0.00434	0.00279	0.00635
3	0.18580	0.00960	0.01023	0.00880	0.01147	0.01051	0.00716	0.29951	0.01532	0.02282	0.08520	0.02211	0.09099	0.01214	0.12118	0.00258	0.00573	0.06827	0.00430	0.00627
4	0.00878	0.00439	0.00659	0.00659	0.00659	0.00439	0.00439	0.00659	0.00659	0.00878	0.00878	0.01537	0.00878	0.01757	0.01976	0.85288	0.00439	0.00439	0.00220	0.00220
5	0.01135	0.01094	0.01897	0.32809	0.46202	0.01176	0.05459	0.01456	0.01100	0.01513	0.00935	0.01294	0.00751	0.00470	0.00508	0.00158	0.00642	0.00458	0.00241	0.00703
6	0.01670	0.01253	0.01366	0.01055	0.01442	0.01322	0.00860	0.57905	0.02033	0.02770	0.01261	0.06650	0.01007	0.00630	0.00491	0.00141	0.00504	0.00493	0.00465	0.16683
7	0.01128	0.00920	0.01034	0.00832	0.01173	0.00853	0.00653	0.13675	0.12937	0.01898	0.01733	0.11508	0.08134	0.00689	0.00470	0.00127	0.00387	0.00574	0.00401	0.40873
8	0.00791	0.08665	0.00914	0.00760	0.00881	0.00713	0.00577	0.01041	0.07020	0.01427	0.15169	0.28168	0.02525	0.04770	0.23809	0.00372	0.00632	0.00879	0.00399	0.00484
9	0.01395	0.23510	0.08595	0.01184	0.09036	0.09753	0.00960	0.18681	0.01430	0.01885	0.07524	0.01360	0.01136	0.00557	0.00437	0.00135	0.00545	0.00424	0.10774	0.00678
10	0.01157	0.07846	0.01712	0.36060	0.26251	0.01215	0.01289	0.08900	0.01224	0.01640	0.07005	0.01450	0.01049	0.00534	0.00496	0.00155	0.00595	0.00472	0.00286	0.00666

[dist]
# distance from previous block
# <min> <max>
1	2

[block]
# block no. 5 follows, 49 sequences, length 11
# corresponding to MSA columns:
# 962-972
name=unknown_F
#
# <colnr> <probs for GDERKNQSTAVLIFYWHMCP>
#	G	D	E	R	K	N	Q	S	T	A	V	L	I	F	Y	W	H	M	C	P
0	0.00914	0.00723	0.00789	0.00733	0.00927	0.00734	0.00559	0.09445	0.17637	0.01843	0.16318	0.12065	0.30463	0.01050	0.00567	0.00169	0.00319	0.00891	0.03292	0.00561
1	0.01427	0.01171	0.01459	0.21993	0.08694	0.01334	0.01082	0.30173	0.23154	0.02263	0.01346	0.01441	0.00998	0.00589	0.00508	0.00162	0.00547	0.00486	0.00413	0.00761
2	0.01095	0.00941	0.01149	0.00824	0.01274	0.00740	0.03722	0.04787	0.01116	0.01717	0.00918	0.01069	0.00755	0.00387	0.00390	0.00082	0.00402	0.00319	0.00307	0.78006
3	0.00629	0.00472	0.00587	0.00672	0.00748	0.00430	0.00477	0.00741	0.01036	0.01331	0.03412	0.54153	0.23842	0.01485	0.00637	0.00198	0.00299	0.07962	0.00469	0.00420
4	0.01194	0.01364	0.02984	0.02131	0.02643	0.01279	0.77238	0.01620	0.01194	0.01620	0.01023	0.01364	0.00767	0.00426	0.00597	0.00171	0.00853	0.00597	0.00256	0.00682
5	0.00705	0.00516	0.00662	0.00625	0.00749	0.00473	0.00469	0.00934	0.01407	0.01971	0.72438	0.03871	0.11177	0.01055	0.00597	0.00160	0.00240	0.00928	0.00549	0.00473
6	0.00602	0.00496	0.00529	0.00555	0.00694	0.00423	0.00403	0.00721	0.01112	0.01349	0.04603	0.21994	0.62076	0.01348	0.00608	0.00178	0.00264	0.01150	0.00470	0.00423
7	0.00786	0.00627	0.00828	0.00822	0.00914	0.04508	0.00630	0.00942	0.00834	0.01159	0.01316	0.01961	0.01238	0.06198	0.70605	0.04119	0.01267	0.00534	0.00270	0.00444
8	0.01506	0.01176	0.01259	0.01064	0.01391	0.01328	0.00847	0.25394	0.51577	0.06006	0.01799	0.01674	0.01322	0.00659	0.00512	0.00165	0.00449	0.00533	0.00517	0.00821
9	0.01075	0.02189	0.53480	0.01677	0.02343	0.01210	0.27569	0.01608	0.01111	0.01608	0.00947	0.01169	0.00684	0.00462	0.00520	0.00164	0.00783	0.00450	0.00228	0.00725
10	0.01065	0.00959	0.01332	0.15856	0.01755	0.01072	0.10024	0.01876	0.37016	0.01766	0.07089	0.10756	0.03832	0.00766	0.00571	0.00175	0.02328	0.00682	0.00420	0.00661

[dist]
# distance from previous block
# <min> <max>
0	1

[block]
# block no. 6 follows, 49 sequences, length 18
# corresponding to MSA columns:
# 974-991
name=unknown_G
#
# <colnr> <probs for GDERKNQSTAVLIFYWHMCP>
#	G	D	E	R	K	N	Q	S	T	A	V	L	I	F	Y	W	H	M	C	P
0	0.01843	0.01363	0.01465	0.01139	0.01523	0.01507	0.00934	0.71616	0.04740	0.03069	0.01310	0.04794	0.00991	0.00653	0.00512	0.00155	0.00540	0.00502	0.00505	0.00838
1	0.01464	0.22776	0.19310	0.01283	0.06864	0.12579	0.02829	0.12926	0.04188	0.06276	0.00994	0.01088	0.00764	0.00501	0.00443	0.00137	0.00634	0.00374	0.00307	0.04263
2	0.01684	0.01371	0.01463	0.01170	0.01512	0.07297	0.04178	0.47846	0.15497	0.02621	0.01312	0.01341	0.00970	0.00621	0.00563	0.00157	0.04915	0.00472	0.04222	0.00788
3	0.00878	0.00439	0.00659	0.00659	0.00659	0.00439	0.00439	0.00659	0.00659	0.00878	0.00878	0.01537	0.00878	0.01757	0.01976	0.85288	0.00439	0.00439	0.00220	0.00220
4	0.00643	0.00514	0.00575	0.00560	0.00711	0.00446	0.00420	0.00813	0.01259	0.01618	0.33216	0.04451	0.50619	0.01187	0.00597	0.00166	0.00249	0.01009	0.00503	0.00446
5	0.01889	0.02410	0.01433	0.01303	0.01563	0.80199	0.00977	0.02019	0.01433	0.01238	0.00782	0.00912	0.00651	0.00521	0.00456	0.00130	0.00912	0.00326	0.00261	0.00586
6	0.00704	0.00516	0.00660	0.00624	0.00748	0.00472	0.00468	0.00932	0.01404	0.01963	0.71577	0.03884	0.12042	0.01058	0.00597	0.00160	0.00240	0.00929	0.00548	0.00472
7	0.01165	0.01203	0.01540	0.01326	0.01345	0.07396	0.01097	0.01277	0.00823	0.01218	0.00673	0.01092	0.00663	0.00858	0.01570	0.00214	0.75326	0.00434	0.00224	0.00556
8	0.01332	0.77863	0.07147	0.00899	0.01350	0.01953	0.00924	0.01519	0.01030	0.01214	0.00715	0.00826	0.00648	0.00435	0.00334	0.00111	0.00553	0.00276	0.00216	0.00655
9	0.00699	0.00508	0.00672	0.00748	0.00836	0.00481	0.00577	0.00867	0.01139	0.01513	0.17555	0.34436	0.10713	0.01388	0.00649	0.00202	0.00336	0.25753	0.00485	0.00443
10	0.00623	0.00443	0.00585	0.00695	0.00723	0.00415	0.00460	0.00706	0.00954	0.01273	0.02717	0.77281	0.03256	0.06323	0.00759	0.00222	0.00305	0.01396	0.00460	0.00405
11	0.00961	0.00984	0.06023	0.01216	0.01406	0.01048	0.14228	0.01259	0.05072	0.01366	0.01136	0.01581	0.00997	0.01949	0.33438	0.00444	0.22367	0.00514	0.03453	0.00556
12	0.00727	0.00492	0.00549	0.00549	0.00560	0.00486	0.00311	0.00735	0.00762	0.01005	0.01820	0.03409	0.06789	0.77027	0.02447	0.00470	0.00475	0.00757	0.00317	0.00314
13	0.00628	0.00459	0.00591	0.00673	0.00731	0.00422	0.00461	0.00742	0.01055	0.01404	0.13873	0.62120	0.12034	0.01472	0.00633	0.00195	0.00281	0.01321	0.00482	0.00422
14	0.01121	0.16265	0.63342	0.01321	0.02001	0.01299	0.01652	0.01620	0.01076	0.04564	0.00915	0.01049	0.00666	0.00478	0.00455	0.00151	0.00700	0.00361	0.00230	0.00735
15	0.00653	0.00488	0.00612	0.00671	0.00761	0.00447	0.00490	0.00795	0.01122	0.01473	0.17634	0.40063	0.21681	0.01387	0.00631	0.00191	0.00294	0.09690	0.00485	0.00433
16	0.04676	0.01505	0.01308	0.01120	0.01436	0.21396	0.00880	0.23413	0.32592	0.04244	0.01447	0.01408	0.01081	0.00613	0.00490	0.00155	0.00575	0.00464	0.00443	0.00755
17	0.01174	0.40333	0.43287	0.01169	0.01768	0.01564	0.01395	0.01560	0.01049	0.01407	0.00811	0.00947	0.00645	0.00458	0.00407	0.00136	0.00650	0.00325	0.00215	0.00701

[dist]
# distance from previous block
# <min> <max>
0	3

[block]
# block no. 7 follows, 49 sequences, length 21
# corresponding to MSA columns:
# 1004-1024
name=unknown_H
#
# <colnr> <probs for GDERKNQSTAVLIFYWHMCP>
#	G	D	E	R	K	N	Q	S	T	A	V	L	I	F	Y	W	H	M	C	P
0	0.02715	0.01238	0.01682	0.03149	0.08353	0.07959	0.18361	0.06036	0.28099	0.04984	0.01501	0.03045	0.01205	0.00642	0.00591	0.00170	0.04514	0.04653	0.00388	0.00715
1	0.02958	0.04256	0.22233	0.01330	0.06257	0.02636	0.05245	0.24838	0.13407	0.02110	0.01215	0.01401	0.00943	0.06006	0.00663	0.00181	0.02748	0.00466	0.00363	0.00745
2	0.00709	0.00517	0.00666	0.00629	0.00751	0.00474	0.00472	0.00941	0.01415	0.01988	0.74401	0.03842	0.09203	0.01049	0.00596	0.00160	0.00240	0.00924	0.00551	0.00474
3	0.01285	0.01207	0.05478	0.01126	0.01457	0.01275	0.05405	0.07545	0.64414	0.02130	0.01879	0.01767	0.01404	0.00654	0.00517	0.00170	0.00456	0.00555	0.00482	0.00794
4	0.00734	0.00496	0.00580	0.00580	0.00590	0.00506	0.00342	0.00754	0.00744	0.01002	0.01567	0.03165	0.01776	0.73670	0.11047	0.00525	0.00585	0.00714	0.00303	0.00322
5	0.00621	0.00461	0.00580	0.00661	0.00725	0.00420	0.00453	0.00730	0.01044	0.01369	0.09765	0.60108	0.18262	0.01478	0.00632	0.00195	0.00281	0.01320	0.00477	0.00420
6	0.00878	0.00439	0.00659	0.00659	0.00659	0.00439	0.00439	0.00659	0.00659	0.00878	0.00878	0.01537	0.00878	0.01757	0.01976	0.85288	0.00439	0.00439	0.00220	0.00220
7	0.02225	0.00931	0.01217	0.00933	0.01326	0.00847	0.00771	0.11906	0.01565	0.69818	0.01897	0.01657	0.01202	0.00623	0.00508	0.00156	0.00446	0.00502	0.00611	0.00860
8	0.01922	0.01416	0.01518	0.01163	0.01568	0.01568	0.00961	0.77388	0.02378	0.03187	0.01214	0.01214	0.00860	0.00607	0.00506	0.00152	0.00556	0.00455	0.00506	0.00860
9	0.01014	0.02616	0.79609	0.01441	0.02189	0.01174	0.01868	0.01601	0.01068	0.01601	0.00907	0.01068	0.00641	0.00480	0.00480	0.00160	0.00747	0.00374	0.00214	0.00747
10	0.01014	0.02616	0.79609	0.01441	0.02189	0.01174	0.01868	0.01601	0.01068	0.01601	0.00907	0.01068	0.00641	0.00480	0.00480	0.00160	0.00747	0.00374	0.00214	0.00747
11	0.01347	0.01131	0.01194	0.01047	0.01349	0.01300	0.00822	0.12769	0.67933	0.02260	0.01944	0.01796	0.01451	0.00675	0.00513	0.00169	0.00421	0.00556	0.00513	0.00808
12	0.85801	0.00978	0.00743	0.00665	0.00978	0.01134	0.00548	0.01486	0.00861	0.02269	0.00704	0.00821	0.00548	0.00469	0.00313	0.00156	0.00391	0.00274	0.00313	0.00548
13	0.00734	0.00495	0.00577	0.00577	0.00586	0.00504	0.00338	0.00752	0.00743	0.00999	0.01570	0.03181	0.01783	0.74610	0.10116	0.00522	0.00574	0.00717	0.00303	0.00320
14	0.00955	0.00899	0.01517	0.81013	0.03483	0.01123	0.01404	0.01292	0.01011	0.01292	0.00899	0.01348	0.00674	0.00506	0.00506	0.00169	0.00674	0.00449	0.00225	0.00562
15	0.01106	0.01106	0.01549	0.01328	0.01328	0.01549	0.01106	0.01217	0.00774	0.01217	0.00664	0.01106	0.00664	0.00885	0.01659	0.00221	0.81303	0.00443	0.00221	0.00553
16	0.00615	0.00443	0.00584	0.00697	0.00732	0.00411	0.00466	0.00705	0.00975	0.01294	0.02876	0.78957	0.06229	0.01573	0.00644	0.00204	0.00292	0.01423	0.00469	0.00411
17	0.00761	0.00572	0.00821	0.00814	0.00917	0.00664	0.00633	0.01018	0.05410	0.01253	0.01406	0.01977	0.01282	0.03504	0.72886	0.00752	0.01261	0.00541	0.03054	0.00473
18	0.00758	0.00642	0.00761	0.00823	0.00865	0.05289	0.00588	0.00856	0.00979	0.01287	0.02409	0.64653	0.02847	0.01430	0.00758	0.00204	0.10073	0.03910	0.00427	0.00440
19	0.00716	0.00539	0.00671	0.00623	0.00770	0.00481	0.00469	0.00936	0.01363	0.01897	0.62089	0.03794	0.16697	0.01035	0.00583	0.00156	0.00250	0.00903	0.00527	0.05503
20	0.01253	0.01068	0.01124	0.01003	0.01288	0.01221	0.00782	0.06988	0.68531	0.02129	0.02212	0.02045	0.06658	0.00721	0.00520	0.00170	0.00400	0.00598	0.00511	0.00779

[dist]
# distance from previous block
# <min> <max>
2	97

[block]
# block no. 8 follows, 49 sequences, length 78
# corresponding to MSA columns:
# 1122-1181,1195-1212
name=unknown_I
#
# <colnr> <probs for GDERKNQSTAVLIFYWHMCP>
#	G	D	E	R	K	N	Q	S	T	A	V	L	I	F	Y	W	H	M	C	P
0	0.10918	0.00755	0.04509	0.00705	0.00936	0.00666	0.00591	0.01226	0.05462	0.01855	0.21891	0.02717	0.08098	0.00797	0.00484	0.00148	0.00333	0.08352	0.17062	0.12493
1	0.00963	0.15647	0.21891	0.00958	0.01346	0.00989	0.04601	0.02930	0.01151	0.03591	0.04736	0.04328	0.28078	0.00853	0.00522	0.00161	0.00490	0.05823	0.00354	0.00588
2	0.27500	0.11398	0.07239	0.01112	0.01486	0.05040	0.13954	0.06486	0.01126	0.06694	0.00962	0.02159	0.00756	0.00523	0.00500	0.00152	0.05659	0.00400	0.03946	0.02907
3	0.03909	0.11716	0.06841	0.01026	0.01416	0.01344	0.00905	0.37636	0.07623	0.11318	0.06291	0.01586	0.04890	0.00639	0.00487	0.00150	0.00502	0.00494	0.00459	0.00768
4	0.01615	0.01257	0.01182	0.01034	0.01330	0.16648	0.00804	0.02402	0.39346	0.22043	0.01825	0.05488	0.01378	0.00681	0.00508	0.00161	0.00504	0.00548	0.00491	0.00755
5	0.00637	0.00462	0.00609	0.00706	0.00756	0.00423	0.00476	0.00731	0.00972	0.01308	0.02697	0.78022	0.03220	0.01526	0.00632	0.00199	0.00297	0.01383	0.00461	0.04482
6	0.01036	0.00963	0.01665	0.11039	0.12715	0.01007	0.19907	0.01344	0.03083	0.03820	0.15218	0.04732	0.06605	0.00751	0.00698	0.00175	0.09945	0.04342	0.00348	0.00606
7	0.01337	0.00898	0.01110	0.00808	0.01244	0.00700	0.01922	0.01558	0.01144	0.19881	0.01158	0.01212	0.00867	0.00434	0.00410	0.00096	0.00396	0.00354	0.00375	0.64096
8	0.00962	0.00909	0.01518	0.77193	0.03379	0.01144	0.01390	0.01288	0.01000	0.01288	0.00888	0.01337	0.00674	0.00524	0.00561	0.00171	0.04540	0.00449	0.00225	0.00561
9	0.00626	0.00519	0.00550	0.00552	0.00708	0.00448	0.00410	0.00790	0.02685	0.01455	0.13760	0.10499	0.62717	0.01262	0.00599	0.00172	0.00260	0.01067	0.00481	0.00439
10	0.00741	0.00553	0.00650	0.00628	0.00774	0.00507	0.00469	0.03103	0.03217	0.03453	0.35470	0.13794	0.32444	0.01166	0.00596	0.00169	0.00270	0.01007	0.00512	0.00477
11	0.01706	0.01925	0.01650	0.03937	0.16957	0.46461	0.05027	0.13253	0.01496	0.01634	0.00896	0.01060	0.00719	0.00515	0.00481	0.00141	0.00787	0.00387	0.00294	0.00674
12	0.01236	0.01185	0.02024	0.07287	0.75016	0.01197	0.01544	0.01538	0.01144	0.01633	0.00948	0.01257	0.00794	0.00454	0.00501	0.00151	0.00605	0.00450	0.00249	0.00788
13	0.00780	0.00590	0.00728	0.00681	0.00824	0.00575	0.00514	0.01166	0.11272	0.02007	0.65418	0.03587	0.07909	0.01001	0.00586	0.00161	0.00260	0.00878	0.00547	0.00516
14	0.02154	0.00887	0.01175	0.00904	0.01294	0.00782	0.00743	0.04552	0.04243	0.70077	0.01914	0.01675	0.01223	0.00613	0.00501	0.00152	0.00430	0.00498	0.00600	0.05582
15	0.00616	0.00440	0.00587	0.00704	0.00733	0.00411	0.00469	0.00704	0.00968	0.01291	0.02787	0.81899	0.03344	0.01584	0.00645	0.00205	0.00293	0.01438	0.00469	0.00411
16	0.01258	0.01086	0.01143	0.01029	0.01315	0.01258	0.00800	0.02687	0.78161	0.02115	0.02058	0.01887	0.01544	0.00686	0.00515	0.00172	0.00400	0.00572	0.00515	0.00800
17	0.09461	0.03199	0.01387	0.01065	0.01439	0.01399	0.00885	0.56301	0.03275	0.08835	0.01318	0.01480	0.00989	0.00637	0.00493	0.00156	0.00519	0.04648	0.01717	0.00798
18	0.85801	0.00978	0.00743	0.00665	0.00978	0.01134	0.00548	0.01486	0.00861	0.02269	0.00704	0.00821	0.00548	0.00469	0.00313	0.00156	0.00391	0.00274	0.00313	0.00548
19	0.01114	0.09383	0.54746	0.05339	0.02148	0.06224	0.08647	0.01597	0.01095	0.01530	0.00892	0.01076	0.00658	0.00472	0.00474	0.00153	0.00735	0.00384	0.00224	0.03108
20	0.00878	0.00439	0.00659	0.00659	0.00659	0.00439	0.00439	0.00659	0.00659	0.00878	0.00878	0.01537	0.00878	0.01757	0.01976	0.85288	0.00439	0.00439	0.00220	0.00220
21	0.01014	0.02616	0.79609	0.01441	0.02189	0.01174	0.01868	0.01601	0.01068	0.01601	0.00907	0.01068	0.00641	0.00480	0.00480	0.00160	0.00747	0.00374	0.00214	0.00747
22	0.00716	0.00517	0.00676	0.00636	0.00755	0.00477	0.00477	0.00954	0.01431	0.02028	0.78808	0.03777	0.04771	0.01034	0.00596	0.00159	0.00239	0.00914	0.00557	0.00477
23	0.00630	0.00450	0.00603	0.00721	0.00756	0.00423	0.00494	0.00729	0.00982	0.01307	0.02779	0.76375	0.03313	0.01571	0.00649	0.00207	0.00306	0.06819	0.00469	0.00415
24	0.57544	0.00954	0.00912	0.00771	0.01086	0.01053	0.00636	0.01739	0.01017	0.23428	0.01057	0.01087	0.00749	0.00538	0.00451	0.00161	0.05444	0.00349	0.00393	0.00634
25	0.01018	0.00963	0.01630	0.64553	0.19454	0.01140	0.01436	0.01347	0.01041	0.01368	0.00910	0.01328	0.00701	0.00494	0.00505	0.00165	0.00659	0.00450	0.00230	0.00612
26	0.01860	0.06862	0.01504	0.01274	0.01549	0.73476	0.00970	0.04242	0.01439	0.01293	0.00790	0.00915	0.00657	0.00519	0.00450	0.00130	0.00881	0.00326	0.00265	0.00598
27	0.00647	0.00483	0.00601	0.00637	0.00730	0.00438	0.00453	0.00796	0.01172	0.01565	0.29882	0.37068	0.21033	0.01323	0.00617	0.00181	0.00266	0.01170	0.00500	0.00438
28	0.00878	0.00439	0.00659	0.00659	0.00659	0.00439	0.00439	0.00659	0.00659	0.00878	0.00878	0.01537	0.00878	0.01757	0.01976	0.85288	0.00439	0.00439	0.00220	0.00220
29	0.00785	0.00573	0.00714	0.00690	0.00795	0.00548	0.00497	0.00934	0.01204	0.01671	0.41513	0.03573	0.12283	0.16495	0.15064	0.00350	0.00512	0.00852	0.00472	0.00475
30	0.01386	0.77468	0.02573	0.00893	0.01315	0.06944	0.00872	0.01546	0.01053	0.01193	0.00708	0.00818	0.00649	0.00438	0.00333	0.00110	0.00564	0.00274	0.00219	0.00645
31	0.01165	0.01139	0.02027	0.27912	0.39302	0.01200	0.14647	0.03628	0.01148	0.01574	0.00954	0.01301	0.00756	0.00468	0.00519	0.00160	0.00667	0.00476	0.00250	0.00705
32	0.01413	0.01140	0.10488	0.01192	0.07244	0.00938	0.06884	0.12368	0.04653	0.20609	0.15563	0.03450	0.04303	0.00675	0.00523	0.00153	0.00483	0.00585	0.00454	0.06881
33	0.01291	0.01447	0.01722	0.34574	0.03918	0.24671	0.12405	0.01552	0.01137	0.01322	0.00855	0.01190	0.00682	0.00544	0.00645	0.00164	0.10620	0.00434	0.00240	0.00590
34	0.01318	0.01510	0.02373	0.11728	0.10975	0.17959	0.43428	0.01657	0.01217	0.01502	0.00949	0.01254	0.00735	0.00459	0.00545	0.00159	0.00815	0.00505	0.00252	0.00660
35	0.00627	0.00448	0.00599	0.00716	0.00750	0.00420	0.00488	0.00723	0.00979	0.01303	0.02781	0.77808	0.03321	0.01574	0.00648	0.00207	0.00303	0.05423	0.00469	0.00414
36	0.00699	0.00516	0.00653	0.00619	0.00745	0.00470	0.00464	0.00922	0.01392	0.01934	0.68401	0.03931	0.15236	0.01069	0.00597	0.00161	0.00241	0.00936	0.00544	0.00470
37	0.00722	0.00542	0.00813	0.00813	0.00903	0.00632	0.00632	0.00903	0.00813	0.01174	0.01354	0.01987	0.01264	0.03792	0.80225	0.00813	0.01354	0.00542	0.00271	0.00451
38	0.00735	0.00490	0.00552	0.00552	0.00552	0.00490	0.00306	0.00735	0.00735	0.00980	0.01593	0.03309	0.01838	0.82229	0.02574	0.00490	0.00490	0.00735	0.00306	0.00306
39	0.00752	0.00544	0.00733	0.00802	0.00912	0.00525	0.00660	0.00963	0.01210	0.01612	0.22676	0.14079	0.08180	0.01317	0.00659	0.00207	0.00373	0.42847	0.00490	0.00460
40	0.67724	0.00991	0.00860	0.00734	0.01065	0.01107	0.00605	0.06848	0.01051	0.13703	0.00929	0.00981	0.00673	0.00502	0.00355	0.00156	0.00408	0.00321	0.00372	0.00615
41	0.00707	0.00531	0.00665	0.00750	0.00816	0.00530	0.00516	0.00984	0.11870	0.01407	0.02684	0.70598	0.03090	0.01457	0.00627	0.00201	0.00308	0.01315	0.00476	0.00466
42	0.01214	0.00891	0.01449	0.65218	0.03051	0.01048	0.01274	0.01523	0.01097	0.16697	0.01115	0.01422	0.00788	0.00529	0.00506	0.00166	0.00626	0.00461	0.00304	0.00621
43	0.01146	0.28085	0.37297	0.01252	0.01744	0.01518	0.03435	0.01498	0.01000	0.01393	0.00797	0.01000	0.00651	0.00543	0.00666	0.00156	0.16566	0.00360	0.00217	0.00676
