[name]
unknown

[dist]
# distance from previous block
# <min> <max>
6	36

[block]
# block no. 0 follows, 46 sequences, length 34
# corresponding to MSA columns:
# 37-70
name=unknown_A
#
# <colnr> <probs for GDERKNQSTAVLIFYWHMCP>
#	G	D	E	R	K	N	Q	S	T	A	V	L	I	F	Y	W	H	M	C	P
0	0.14457	0.05380	0.17967	0.01151	0.01565	0.10787	0.05786	0.04823	0.15976	0.03373	0.01385	0.01462	0.03927	0.00596	0.00496	0.00160	0.02010	0.00459	0.06115	0.02122
1	0.01314	0.11151	0.03593	0.01650	0.16166	0.05008	0.16048	0.05463	0.06889	0.06485	0.02920	0.04948	0.06244	0.00707	0.00551	0.00168	0.00605	0.07602	0.00367	0.02119
2	0.03231	0.09764	0.20861	0.01235	0.06324	0.04996	0.01127	0.02001	0.19544	0.12518	0.01633	0.01627	0.05660	0.00613	0.00494	0.00156	0.00557	0.00488	0.00390	0.06780
3	0.03050	0.05017	0.01400	0.24479	0.15052	0.01034	0.01034	0.06017	0.01135	0.07864	0.01284	0.03571	0.01136	0.15336	0.08299	0.00290	0.00663	0.00548	0.02174	0.00616
4	0.01376	0.01127	0.01230	0.01157	0.06176	0.03998	0.00857	0.13982	0.37523	0.03965	0.04479	0.02102	0.03225	0.00725	0.00530	0.00166	0.00461	0.05154	0.05231	0.06536
5	0.20979	0.38986	0.06573	0.01185	0.03130	0.01662	0.13563	0.01584	0.01054	0.01619	0.00807	0.00988	0.00678	0.00488	0.00471	0.00146	0.04806	0.00360	0.00258	0.00663
6	0.01089	0.09172	0.63517	0.01521	0.06844	0.01265	0.01769	0.01628	0.01138	0.01664	0.04905	0.01252	0.00904	0.00526	0.00496	0.00162	0.00726	0.00416	0.00244	0.00762
7	0.00645	0.00536	0.00564	0.00557	0.00727	0.00455	0.00418	0.00799	0.01254	0.01544	0.17488	0.04897	0.65704	0.01296	0.00625	0.00176	0.00265	0.01089	0.00506	0.00455
8	0.01314	0.35838	0.26596	0.01321	0.08102	0.06276	0.01285	0.05425	0.01223	0.01586	0.05733	0.01196	0.00973	0.00524	0.00442	0.00141	0.00644	0.00389	0.00269	0.00720
9	0.00644	0.00460	0.00613	0.00736	0.00767	0.00429	0.00491	0.00736	0.01012	0.01350	0.02914	0.81076	0.03497	0.01656	0.00675	0.00215	0.00307	0.01503	0.00491	0.00429
10	0.24359	0.01080	0.01054	0.00949	0.01249	0.01249	0.00747	0.02405	0.53348	0.02247	0.01746	0.01666	0.01318	0.00651	0.00474	0.00173	0.00409	0.00508	0.03617	0.00751
11	0.08728	0.34696	0.15596	0.01006	0.01492	0.01436	0.01022	0.01919	0.01209	0.26439	0.01211	0.01205	0.00872	0.00530	0.00430	0.00143	0.00553	0.00383	0.00373	0.00759
12	0.00995	0.01012	0.05308	0.65991	0.07859	0.01129	0.01431	0.01339	0.01066	0.01389	0.01085	0.07097	0.00911	0.00605	0.00537	0.00177	0.00675	0.00540	0.00254	0.00600
13	0.00746	0.00503	0.00583	0.00606	0.00612	0.00497	0.00352	0.00763	0.00814	0.01085	0.01897	0.17869	0.02214	0.66613	0.02316	0.00457	0.00474	0.00905	0.00352	0.00341
14	0.01936	0.01400	0.01515	0.01178	0.01576	0.01538	0.00966	0.69409	0.02364	0.05503	0.01396	0.06244	0.01073	0.00699	0.00538	0.00162	0.00561	0.00541	0.00530	0.00870
15	0.01636	0.06765	0.30693	0.01335	0.05359	0.01119	0.04955	0.03964	0.04189	0.31109	0.01465	0.01507	0.01013	0.00582	0.00516	0.00164	0.00615	0.01779	0.00417	0.00819
16	0.01330	0.41428	0.02946	0.01569	0.02063	0.01713	0.38699	0.01638	0.01161	0.01469	0.00903	0.01138	0.00741	0.00449	0.00482	0.00146	0.00729	0.00454	0.00247	0.00696
17	0.00813	0.00587	0.00792	0.00895	0.01009	0.00577	0.00756	0.01022	0.01176	0.01520	0.02969	0.10483	0.09781	0.06281	0.00835	0.00252	0.00457	0.58848	0.00477	0.00469
18	0.02235	0.01005	0.01333	0.01126	0.06244	0.00934	0.00862	0.12461	0.03135	0.61987	0.01908	0.01700	0.01230	0.00641	0.00531	0.00163	0.00478	0.00522	0.00610	0.00894
19	0.01267	0.01336	0.02384	0.26517	0.07438	0.06230	0.38932	0.06248	0.01278	0.01665	0.01021	0.01374	0.00772	0.00491	0.00573	0.00172	0.00802	0.00539	0.00273	0.00686
20	0.00644	0.00460	0.00613	0.00736	0.00767	0.00429	0.00491	0.00736	0.01012	0.01350	0.02914	0.81076	0.03497	0.01656	0.00675	0.00215	0.00307	0.01503	0.00491	0.00429
21	0.00957	0.00502	0.00537	0.00537	0.00656	0.00513	0.00406	0.01196	0.01077	0.01879	0.01686	0.01984	0.01351	0.01030	0.10122	0.00213	0.00391	0.00502	0.73972	0.00490
22	0.00826	0.00599	0.00813	0.00923	0.01032	0.00601	0.00766	0.01095	0.04872	0.01558	0.02794	0.23375	0.03079	0.01470	0.00708	0.00234	0.00441	0.53833	0.00490	0.00490
23	0.02010	0.01988	0.01522	0.01278	0.01622	0.41737	0.01002	0.34217	0.01926	0.06113	0.01077	0.01133	0.00807	0.00589	0.00502	0.00147	0.00767	0.00409	0.00403	0.00751
24	0.01345	0.16815	0.37159	0.01253	0.01825	0.05107	0.03651	0.05670	0.01228	0.09447	0.01065	0.01199	0.00797	0.00704	0.04920	0.00188	0.00719	0.00399	0.00297	0.06211
25	0.01396	0.31372	0.05780	0.21197	0.02071	0.15185	0.02727	0.06243	0.01232	0.01451	0.00913	0.01228	0.00774	0.00550	0.00501	0.00148	0.03674	0.02639	0.00264	0.00654
26	0.00755	0.00566	0.00850	0.00850	0.00944	0.00661	0.00661	0.00944	0.00850	0.01227	0.01416	0.02077	0.01322	0.03965	0.79326	0.00850	0.01416	0.00566	0.00283	0.00472
27	0.02121	0.01302	0.01476	0.01132	0.01550	0.01375	0.00935	0.53719	0.02187	0.26395	0.01520	0.01432	0.01025	0.00641	0.00530	0.00160	0.00541	0.00493	0.00567	0.00899
28	0.01413	0.81739	0.02770	0.00905	0.01357	0.02092	0.00905	0.01583	0.01074	0.01244	0.00735	0.00848	0.00678	0.00452	0.00339	0.00113	0.00565	0.00283	0.00226	0.00678
29	0.00748	0.00540	0.00707	0.00665	0.00790	0.00499	0.00499	0.00998	0.01496	0.02120	0.77844	0.03949	0.04988	0.01081	0.00624	0.00166	0.00249	0.00956	0.00582	0.00499
30	0.01247	0.01707	0.30196	0.01210	0.01687	0.01239	0.01236	0.04349	0.41164	0.03789	0.01654	0.01628	0.01221	0.00628	0.00516	0.00171	0.00551	0.00510	0.04495	0.00802
31	0.00769	0.00513	0.00577	0.00577	0.00577	0.00513	0.00320	0.00769	0.00769	0.01025	0.01666	0.03460	0.01922	0.81421	0.02691	0.00513	0.00513	0.00769	0.00320	0.00320
32	0.00657	0.00523	0.00586	0.00599	0.00736	0.00456	0.00436	0.00805	0.01222	0.01550	0.20055	0.18247	0.47727	0.03153	0.00680	0.00190	0.00276	0.01143	0.00506	0.00451
33	0.00748	0.00540	0.00707	0.00665	0.00790	0.00499	0.00499	0.00998	0.01496	0.02120	0.77844	0.03949	0.04988	0.01081	0.00624	0.00166	0.00249	0.00956	0.00582	0.00499

[dist]
# distance from previous block
# <min> <max>
2	2

[block]
# block no. 1 follows, 46 sequences, length 36
# corresponding to MSA columns:
# 78-102,106-116
name=unknown_B
#
# <colnr> <probs for GDERKNQSTAVLIFYWHMCP>
#	G	D	E	R	K	N	Q	S	T	A	V	L	I	F	Y	W	H	M	C	P
0	0.01220	0.01775	0.21758	0.01911	0.02469	0.06173	0.48919	0.01678	0.01244	0.01686	0.05092	0.01453	0.00983	0.00500	0.00584	0.00172	0.00834	0.00565	0.00273	0.00712
1	0.01060	0.01003	0.01698	0.57444	0.18610	0.01177	0.03309	0.01388	0.01079	0.01427	0.01003	0.03043	0.00815	0.02190	0.00606	0.00181	0.02584	0.00501	0.00248	0.00632
2	0.00639	0.00482	0.00591	0.00678	0.00752	0.00434	0.00465	0.00743	0.01068	0.01372	0.03617	0.59183	0.24935	0.01565	0.00660	0.00204	0.00295	0.01391	0.00491	0.00434
3	0.01154	0.00908	0.01069	0.00779	0.01212	0.00696	0.00615	0.01371	0.01100	0.06507	0.01062	0.01303	0.00894	0.05980	0.00558	0.00114	0.00404	0.00358	0.00335	0.73582
4	0.08044	0.00940	0.01216	0.00939	0.01343	0.00852	0.00775	0.06539	0.01524	0.69148	0.01948	0.01706	0.01236	0.00642	0.00517	0.00163	0.00454	0.00512	0.00625	0.00877
5	0.01157	0.01157	0.01619	0.01388	0.01388	0.01619	0.01157	0.01272	0.00810	0.01272	0.00694	0.01157	0.00694	0.00925	0.01735	0.00231	0.80453	0.00463	0.00231	0.00578
6	0.01056	0.00999	0.01690	0.65819	0.17521	0.01190	0.01497	0.01401	0.01084	0.01421	0.00950	0.01391	0.00729	0.00518	0.00528	0.00173	0.00690	0.00470	0.00240	0.00634
7	0.00931	0.00582	0.00757	0.00689	0.00851	0.00528	0.00525	0.01168	0.01480	0.11037	0.64392	0.03768	0.09146	0.01047	0.00613	0.00167	0.00274	0.00916	0.00585	0.00543
8	0.00658	0.00540	0.00581	0.00581	0.00747	0.00464	0.00442	0.00816	0.01254	0.01551	0.17168	0.04948	0.61814	0.01303	0.00630	0.00180	0.00277	0.05084	0.00506	0.00457
9	0.00644	0.00460	0.00613	0.00736	0.00767	0.00429	0.00491	0.00736	0.01012	0.01350	0.02914	0.81076	0.03497	0.01656	0.00675	0.00215	0.00307	0.01503	0.00491	0.00429
10	0.02372	0.00900	0.01227	0.00941	0.01350	0.00777	0.00777	0.02576	0.01513	0.78489	0.02086	0.01799	0.01309	0.00654	0.00532	0.00164	0.00450	0.00532	0.00654	0.00900
11	0.02321	0.00888	0.01210	0.00932	0.01332	0.00768	0.00768	0.02527	0.01513	0.76079	0.04477	0.01867	0.01425	0.00668	0.00535	0.00164	0.00444	0.00545	0.00652	0.00887
12	0.00998	0.00940	0.01586	0.80150	0.03641	0.01175	0.01468	0.01351	0.01057	0.01351	0.00940	0.01409	0.00705	0.00529	0.00529	0.00176	0.00705	0.00470	0.00235	0.00587
13	0.02010	0.01481	0.01587	0.01216	0.01639	0.01639	0.01005	0.76360	0.02486	0.03332	0.01269	0.01269	0.00899	0.00635	0.00529	0.00159	0.00582	0.00476	0.00529	0.00899
14	0.01199	0.15927	0.54600	0.01378	0.04170	0.01319	0.01620	0.01683	0.01131	0.05676	0.00973	0.01111	0.00717	0.00494	0.00470	0.00152	0.00698	0.00377	0.00253	0.06051
15	0.00755	0.00566	0.00850	0.00850	0.00944	0.00661	0.00661	0.00944	0.00850	0.01227	0.01416	0.02077	0.01322	0.03965	0.79326	0.00850	0.01416	0.00566	0.00283	0.00472
16	0.00769	0.00513	0.00577	0.00577	0.00577	0.00513	0.00320	0.00769	0.00769	0.01025	0.01666	0.03460	0.01922	0.81421	0.02691	0.00513	0.00513	0.00769	0.00320	0.00320
17	0.01050	0.01023	0.01581	0.75976	0.03535	0.05314	0.01444	0.01391	0.01080	0.01348	0.00933	0.01385	0.00703	0.00529	0.00526	0.00174	0.00718	0.00463	0.00237	0.00589
18	0.02372	0.00900	0.01227	0.00941	0.01350	0.00777	0.00777	0.02576	0.01513	0.78489	0.02086	0.01799	0.01309	0.00654	0.00532	0.00164	0.00450	0.00532	0.00654	0.00900
19	0.00671	0.00480	0.00645	0.00767	0.00810	0.00453	0.00538	0.00783	0.01039	0.01380	0.02899	0.71183	0.03437	0.01630	0.00682	0.00218	0.00330	0.11125	0.00490	0.00437
20	0.00653	0.00464	0.00611	0.00725	0.00754	0.00435	0.00479	0.00738	0.00995	0.01327	0.02828	0.75739	0.03388	0.07141	0.00813	0.00235	0.00321	0.01452	0.00479	0.00422
21	0.00757	0.00558	0.00807	0.00807	0.00886	0.00638	0.00607	0.00917	0.00837	0.01195	0.01455	0.02294	0.01416	0.16120	0.67299	0.00797	0.01274	0.00598	0.00289	0.00448
22	0.85155	0.01022	0.00777	0.00695	0.01022	0.01186	0.00573	0.01554	0.00900	0.02372	0.00736	0.00859	0.00573	0.00491	0.00327	0.00164	0.00409	0.00286	0.00327	0.00573
23	0.85155	0.01022	0.00777	0.00695	0.01022	0.01186	0.00573	0.01554	0.00900	0.02372	0.00736	0.00859	0.00573	0.00491	0.00327	0.00164	0.00409	0.00286	0.00327	0.00573
24	0.00752	0.00537	0.00737	0.00859	0.00937	0.00522	0.00678	0.00922	0.01118	0.01470	0.02854	0.42106	0.03261	0.01555	0.00704	0.00230	0.00400	0.39409	0.00489	0.00459
25	0.01823	0.01302	0.01658	0.01355	0.05698	0.05531	0.12187	0.34993	0.01847	0.17507	0.01407	0.01453	0.00996	0.00595	0.00524	0.00158	0.00591	0.00503	0.09060	0.00811
26	0.01060	0.02735	0.78682	0.01507	0.02288	0.01228	0.01953	0.01674	0.01116	0.01674	0.00949	0.01116	0.00670	0.00502	0.00502	0.00167	0.00781	0.00391	0.00223	0.00781
27	0.04085	0.01257	0.01351	0.01112	0.01474	0.01400	0.00895	0.33759	0.36790	0.09471	0.01734	0.01629	0.01256	0.00670	0.00528	0.00169	0.00490	0.00532	0.00538	0.00861
28	0.01340	0.01294	0.01485	0.11848	0.09262	0.10143	0.05018	0.02328	0.45392	0.01898	0.01637	0.01671	0.01249	0.00639	0.00559	0.00173	0.02339	0.00538	0.00420	0.00766
29	0.01219	0.01347	0.02849	0.02264	0.11944	0.01273	0.62462	0.01627	0.01228	0.01677	0.01171	0.06185	0.00968	0.00521	0.00615	0.00178	0.00824	0.00658	0.00280	0.00711
30	0.01522	0.08182	0.01616	0.30014	0.02295	0.14822	0.01144	0.16144	0.07654	0.07085	0.01134	0.01320	0.00851	0.00583	0.00546	0.00162	0.03426	0.00447	0.00351	0.00701
31	0.01139	0.07230	0.47566	0.04905	0.03901	0.01312	0.23196	0.01660	0.01151	0.01641	0.00970	0.01204	0.00713	0.00483	0.00528	0.00167	0.00793	0.00456	0.00237	0.00748
32	0.00632	0.00536	0.00545	0.00543	0.00718	0.00449	0.00407	0.00772	0.01221	0.01466	0.09317	0.05025	0.73923	0.01325	0.00625	0.00178	0.00267	0.01107	0.00496	0.00449
33	0.01225	0.01402	0.14286	0.03141	0.05768	0.01219	0.08642	0.05346	0.24767	0.01880	0.01367	0.01553	0.01075	0.00615	0.00641	0.00164	0.08794	0.02251	0.00365	0.15498
34	0.00663	0.00473	0.00635	0.00757	0.00796	0.00446	0.00523	0.00768	0.01031	0.01370	0.02903	0.74310	0.03456	0.01639	0.00680	0.00217	0.00323	0.08084	0.00490	0.00435
35	0.01306	0.08736	0.27657	0.05057	0.21002	0.12896	0.07561	0.01681	0.01179	0.01557	0.00915	0.01156	0.00727	0.00520	0.00580	0.00161	0.05905	0.00421	0.00245	0.00735

[dist]
# distance from previous block
# <min> <max>
0	1

[block]
# block no. 2 follows, 46 sequences, length 22
# corresponding to MSA columns:
# 118-139
name=unknown_C
#
# <colnr> <probs for GDERKNQSTAVLIFYWHMCP>
#	G	D	E	R	K	N	Q	S	T	A	V	L	I	F	Y	W	H	M	C	P
0	0.00784	0.00557	0.00666	0.00628	0.00789	0.00493	0.00475	0.00985	0.01383	0.05790	0.45453	0.04285	0.33449	0.01160	0.00619	0.00171	0.00267	0.00997	0.00550	0.00499
1	0.01139	0.00982	0.01220	0.06009	0.06872	0.00808	0.00764	0.04124	0.01153	0.01759	0.00956	0.01138	0.00786	0.00415	0.00415	0.00093	0.00435	0.00340	0.00313	0.70280
2	0.00703	0.00535	0.00727	0.00885	0.06253	0.00499	0.00564	0.00836	0.01109	0.01488	0.13095	0.57783	0.10612	0.01464	0.00652	0.00201	0.00318	0.01319	0.00487	0.00469
3	0.01214	0.35942	0.12990	0.01359	0.13832	0.01473	0.01113	0.01572	0.06339	0.01563	0.08574	0.03548	0.01431	0.00647	0.00471	0.00150	0.00554	0.06222	0.00313	0.00692
4	0.01890	0.00924	0.01178	0.00904	0.01307	0.00796	0.00734	0.07356	0.01437	0.47403	0.01769	0.06600	0.01276	0.00645	0.00502	0.00143	0.00434	0.00530	0.00542	0.23629
5	0.00769	0.00513	0.00577	0.00577	0.00577	0.00513	0.00320	0.00769	0.00769	0.01025	0.01666	0.03460	0.01922	0.81421	0.02691	0.00513	0.00513	0.00769	0.00320	0.00320
6	0.01272	0.01227	0.02116	0.11693	0.67439	0.01250	0.04050	0.01595	0.01189	0.01684	0.00991	0.01323	0.00822	0.00477	0.00527	0.00160	0.00645	0.00476	0.00259	0.00806
7	0.01313	0.00725	0.00880	0.00761	0.00996	0.00681	0.00596	0.09498	0.01484	0.22262	0.24144	0.07951	0.15204	0.00947	0.00564	0.00165	0.00345	0.00801	0.10049	0.00634
8	0.00642	0.00467	0.00606	0.00717	0.00762	0.00431	0.00482	0.00738	0.01031	0.01357	0.03147	0.73822	0.10600	0.01626	0.00670	0.00211	0.00303	0.01466	0.00491	0.00431
9	0.00644	0.00460	0.00613	0.00736	0.00767	0.00429	0.00491	0.00736	0.01012	0.01350	0.02914	0.81076	0.03497	0.01656	0.00675	0.00215	0.00307	0.01503	0.00491	0.00429
10	0.05071	0.01166	0.06631	0.45041	0.28980	0.01206	0.01510	0.01474	0.01104	0.01548	0.00949	0.01330	0.00742	0.00505	0.00516	0.00168	0.00669	0.00457	0.00248	0.00685
11	0.00755	0.00566	0.00850	0.00850	0.00944	0.00661	0.00661	0.00944	0.00850	0.01227	0.01416	0.02077	0.01322	0.03965	0.79326	0.00850	0.01416	0.00566	0.00283	0.00472
12	0.00625	0.00536	0.00536	0.00536	0.00714	0.00446	0.00402	0.00759	0.01205	0.01428	0.05355	0.05088	0.77909	0.01339	0.00625	0.00179	0.00268	0.01116	0.00491	0.00446
13	0.00755	0.00566	0.00850	0.00850	0.00944	0.00661	0.00661	0.00944	0.00850	0.01227	0.01416	0.02077	0.01322	0.03965	0.79326	0.00850	0.01416	0.00566	0.00283	0.00472
14	0.01867	0.01410	0.01506	0.01187	0.01585	0.01573	0.00970	0.61210	0.17869	0.03101	0.01451	0.01414	0.01046	0.00652	0.00531	0.00163	0.00548	0.00501	0.00531	0.00886
15	0.77253	0.01011	0.00820	0.00719	0.01054	0.01147	0.00592	0.01652	0.00958	0.09638	0.00865	0.00949	0.00643	0.00506	0.00347	0.00164	0.00413	0.00310	0.00358	0.00604
16	0.01441	0.01290	0.01435	0.10310	0.09113	0.09505	0.01036	0.18216	0.20948	0.02069	0.01462	0.01576	0.03214	0.00671	0.00658	0.00170	0.09872	0.00509	0.05769	0.00735
17	0.00720	0.00535	0.00687	0.00781	0.00882	0.00503	0.00610	0.00880	0.01136	0.01458	0.03438	0.34330	0.20657	0.01507	0.00685	0.00217	0.00367	0.29662	0.00489	0.00456
18	0.01500	0.01305	0.01265	0.01113	0.03519	0.14105	0.00838	0.31767	0.01708	0.02207	0.01573	0.22150	0.01527	0.00850	0.00540	0.00159	0.00547	0.00701	0.00439	0.12188
19	0.00644	0.00460	0.00613	0.00736	0.00767	0.00429	0.00491	0.00736	0.01012	0.01350	0.02914	0.81076	0.03497	0.01656	0.00675	0.00215	0.00307	0.01503	0.00491	0.00429
20	0.01656	0.01065	0.01343	0.08732	0.07022	0.01119	0.00949	0.22907	0.11295	0.21677	0.09987	0.02098	0.01652	0.00729	0.00553	0.00170	0.00500	0.05239	0.00518	0.00787
21	0.01270	0.01314	0.05862	0.01584	0.05461	0.02734	0.24340	0.04398	0.31174	0.01902	0.01582	0.01908	0.01268	0.00673	0.00666	0.00184	0.06721	0.05818	0.00393	0.00749

[dist]
# distance from previous block
# <min> <max>
0	2

[block]
# block no. 3 follows, 46 sequences, length 111
# corresponding to MSA columns:
# 142-159,161-253
name=unknown_D
#
# <colnr> <probs for GDERKNQSTAVLIFYWHMCP>
#	G	D	E	R	K	N	Q	S	T	A	V	L	I	F	Y	W	H	M	C	P
0	0.00872	0.00626	0.00831	0.00916	0.01031	0.00628	0.00749	0.06569	0.01246	0.01638	0.02722	0.29461	0.03027	0.01461	0.00698	0.00228	0.00437	0.45869	0.00491	0.00499
1	0.01344	0.35803	0.02562	0.02087	0.33742	0.01627	0.12650	0.01616	0.01155	0.01515	0.00895	0.01129	0.00764	0.00459	0.00460	0.00141	0.00641	0.00413	0.00247	0.00750
2	0.01029	0.02411	0.66852	0.01426	0.02107	0.01134	0.01786	0.01586	0.01131	0.01660	0.01230	0.01853	0.01030	0.00648	0.00537	0.00179	0.00737	0.11665	0.00263	0.00737
3	0.01314	0.40635	0.28686	0.01113	0.01647	0.03152	0.01235	0.07149	0.01204	0.01605	0.00927	0.01061	0.00744	0.00498	0.00415	0.00136	0.00624	0.00352	0.06790	0.00715
4	0.01688	0.07703	0.01436	0.01127	0.01375	0.25372	0.00901	0.05432	0.01355	0.19539	0.06953	0.07365	0.01368	0.00759	0.00735	0.00167	0.15110	0.00541	0.00402	0.00671
5	0.00680	0.00539	0.00613	0.00616	0.00759	0.00478	0.00454	0.00871	0.02884	0.01642	0.26839	0.16036	0.43111	0.01295	0.00630	0.00180	0.00271	0.01114	0.00519	0.00468
6	0.00648	0.00485	0.00589	0.00668	0.00738	0.00440	0.00453	0.00745	0.01049	0.01348	0.03512	0.53862	0.24415	0.07459	0.00810	0.00226	0.00311	0.01339	0.00478	0.00426
7	0.06772	0.76574	0.02643	0.00891	0.01335	0.02034	0.00883	0.01581	0.01063	0.01316	0.00735	0.00849	0.00672	0.00455	0.00338	0.00116	0.00555	0.00283	0.00233	0.00672
8	0.01098	0.00884	0.00997	0.00932	0.01153	0.00971	0.00721	0.02043	0.44513	0.03364	0.22374	0.08662	0.02751	0.00937	0.00585	0.00183	0.00371	0.06223	0.00544	0.00692
9	0.00644	0.00460	0.00613	0.00736	0.00767	0.00429	0.00491	0.00736	0.01012	0.01350	0.02914	0.81076	0.03497	0.01656	0.00675	0.00215	0.00307	0.01503	0.00491	0.00429
10	0.85155	0.01022	0.00777	0.00695	0.01022	0.01186	0.00573	0.01554	0.00900	0.02372	0.00736	0.00859	0.00573	0.00491	0.00327	0.00164	0.00409	0.00286	0.00327	0.00573
11	0.00752	0.00552	0.00724	0.00828	0.00905	0.00545	0.00618	0.00991	0.06696	0.01479	0.02825	0.54000	0.03229	0.01532	0.00680	0.00220	0.00366	0.22089	0.00493	0.00476
12	0.02223	0.00918	0.01216	0.00942	0.01331	0.00823	0.00774	0.08196	0.01587	0.66976	0.07647	0.01918	0.01550	0.00684	0.00538	0.00163	0.00445	0.00559	0.00639	0.00870
13	0.01933	0.08372	0.01592	0.01328	0.01614	0.73595	0.01013	0.02072	0.01467	0.01290	0.00811	0.00946	0.00681	0.00538	0.00467	0.00134	0.00925	0.00336	0.00269	0.00618
14	0.01156	0.01279	0.02739	0.02001	0.02460	0.01199	0.64695	0.01548	0.01212	0.01641	0.01350	0.13532	0.01212	0.00630	0.00632	0.00184	0.00802	0.00757	0.00301	0.00670
15	0.00758	0.00557	0.00804	0.00804	0.00882	0.00636	0.00603	0.00914	0.00836	0.01193	0.01458	0.02310	0.01423	0.17045	0.66384	0.00793	0.01263	0.00601	0.00289	0.00446
16	0.85155	0.01022	0.00777	0.00695	0.01022	0.01186	0.00573	0.01554	0.00900	0.02372	0.00736	0.00859	0.00573	0.00491	0.00327	0.00164	0.00409	0.00286	0.00327	0.00573
17	0.00756	0.00516	0.00621	0.00632	0.00649	0.00528	0.00387	0.00792	0.00803	0.01085	0.01739	0.10194	0.01972	0.62512	0.14158	0.00537	0.00631	0.00804	0.00330	0.00353
18	0.02852	0.04114	0.11724	0.01465	0.01901	0.08610	0.21183	0.11372	0.07061	0.15149	0.02536	0.01422	0.00988	0.00589	0.00629	0.00169	0.06581	0.00509	0.00384	0.00761
19	0.01303	0.54183	0.25332	0.01093	0.01635	0.01796	0.01214	0.01671	0.04857	0.01420	0.00869	0.00984	0.00722	0.00480	0.00398	0.00133	0.00622	0.00330	0.00241	0.00717
20	0.00644	0.00460	0.00613	0.00736	0.00767	0.00429	0.00491	0.00736	0.01012	0.01350	0.02914	0.81076	0.03497	0.01656	0.00675	0.00215	0.00307	0.01503	0.00491	0.00429
21	0.01112	0.02413	0.61467	0.01824	0.13850	0.01240	0.07388	0.01668	0.01139	0.01684	0.00965	0.01168	0.00705	0.00493	0.00514	0.00167	0.00766	0.00420	0.00232	0.00785
22	0.00926	0.12977	0.01190	0.00999	0.03534	0.00902	0.00813	0.01114	0.01122	0.01463	0.03662	0.18883	0.06558	0.01251	0.00738	0.00209	0.07776	0.34940	0.00419	0.00523
23	0.02154	0.01208	0.13017	0.01040	0.01507	0.00889	0.00967	0.06143	0.01502	0.63041	0.01872	0.01669	0.01191	0.00630	0.00527	0.00164	0.00507	0.00507	0.00582	0.00882
24	0.00625	0.00536	0.00536	0.00536	0.00714	0.00446	0.00402	0.00759	0.01205	0.01428	0.05355	0.05088	0.77909	0.01339	0.00625	0.00179	0.00268	0.01116	0.00491	0.00446
25	0.02010	0.01481	0.01587	0.01216	0.01639	0.01639	0.01005	0.76360	0.02486	0.03332	0.01269	0.01269	0.00899	0.00635	0.00529	0.00159	0.00582	0.00476	0.00529	0.00899
26	0.01522	0.27128	0.02167	0.01684	0.19051	0.17619	0.07985	0.01841	0.06870	0.05305	0.01013	0.01168	0.00828	0.00520	0.00504	0.00145	0.03225	0.00410	0.00292	0.00724
27	0.00757	0.00558	0.00808	0.00808	0.00888	0.00638	0.00609	0.00917	0.00837	0.01196	0.01454	0.02287	0.01413	0.15738	0.67678	0.00798	0.01279	0.00597	0.00289	0.00449
28	0.00644	0.00460	0.00613	0.00736	0.00767	0.00429	0.00491	0.00736	0.01012	0.01350	0.02914	0.81076	0.03497	0.01656	0.00675	0.00215	0.00307	0.01503	0.00491	0.00429
29	0.01075	0.01011	0.01643	0.59476	0.14704	0.01215	0.01433	0.01497	0.06692	0.01468	0.01028	0.01426	0.00792	0.00550	0.00577	0.00176	0.03856	0.00479	0.00261	0.00643
30	0.01392	0.04829	0.02685	0.04519	0.03579	0.17078	0.53068	0.01753	0.01276	0.01576	0.00993	0.01300	0.00768	0.00478	0.00600	0.00168	0.02443	0.00543	0.00265	0.00687
31	0.01099	0.00811	0.01010	0.00896	0.01090	0.00882	0.00708	0.21730	0.01491	0.02071	0.23973	0.02408	0.02289	0.02195	0.34355	0.00457	0.00841	0.00657	0.00439	0.00598
32	0.00644	0.00460	0.00613	0.00736	0.00767	0.00429	0.00491	0.00736	0.01012	0.01350	0.02914	0.81076	0.03497	0.01656	0.00675	0.00215	0.00307	0.01503	0.00491	0.00429
33	0.01981	0.02489	0.01595	0.01321	0.07266	0.01229	0.06793	0.29153	0.07403	0.32736	0.01613	0.01539	0.01098	0.00619	0.00535	0.00163	0.00545	0.00515	0.00534	0.00872
34	0.00644	0.00460	0.00613	0.00736	0.00767	0.00429	0.00491	0.00736	0.01012	0.01350	0.02914	0.81076	0.03497	0.01656	0.00675	0.00215	0.00307	0.01503	0.00491	0.00429
35	0.11103	0.08270	0.01608	0.01426	0.10967	0.31015	0.01020	0.23251	0.01637	0.02061	0.00969	0.01087	0.00763	0.00549	0.00468	0.00146	0.00702	0.00388	0.01850	0.00721
36	0.01975	0.02520	0.01498	0.01362	0.01634	0.79299	0.01021	0.02111	0.01498	0.01294	0.00817	0.00953	0.00681	0.00545	0.00477	0.00136	0.00953	0.00340	0.00272	0.00613
37	0.00760	0.00538	0.00696	0.00657	0.00781	0.00499	0.00492	0.01009	0.01477	0.02113	0.74073	0.03851	0.04808	0.01058	0.00611	0.00164	0.00249	0.00933	0.04732	0.00499
38	0.00985	0.00493	0.00493	0.00493	0.00616	0.00493	0.00370	0.01232	0.01109	0.01971	0.01725	0.01971	0.01355	0.00616	0.00370	0.00123	0.00246	0.00493	0.84356	0.00493
39	0.01762	0.01037	0.01124	0.00994	0.01280	0.12644	0.00815	0.01970	0.01426	0.39375	0.07691	0.03007	0.01975	0.00897	0.00586	0.00182	0.00522	0.21461	0.00544	0.00710
40	0.00674	0.00566	0.00590	0.00578	0.00756	0.00496	0.00435	0.00890	0.05005	0.01553	0.14205	0.04792	0.65067	0.01276	0.00620	0.00177	0.00273	0.01070	0.00505	0.00472
41	0.00656	0.00467	0.00618	0.00734	0.00766	0.00438	0.00492	0.00747	0.01005	0.01340	0.02849	0.75277	0.03407	0.05603	0.00776	0.00230	0.00322	0.03367	0.00482	0.00425
42	0.01413	0.81739	0.02770	0.00905	0.01357	0.02092	0.00905	0.01583	0.01074	0.01244	0.00735	0.00848	0.00678	0.00452	0.00339	0.00113	0.00565	0.00283	0.00226	0.00678
43	0.02372	0.00900	0.01227	0.00941	0.01350	0.00777	0.00777	0.02576	0.01513	0.78489	0.02086	0.01799	0.01309	0.00654	0.00532	0.00164	0.00450	0.00532	0.00654	0.00900
44	0.02317	0.00988	0.01282	0.00982	0.01394	0.00908	0.00812	0.13791	0.01661	0.67066	0.01962	0.01719	0.01246	0.00651	0.00531	0.00163	0.00470	0.00523	0.00635	0.00900
45	0.01021	0.00963	0.01627	0.74435	0.09177	0.01181	0.01480	0.01371	0.01068	0.01379	0.00944	0.01402	0.00715	0.00524	0.00528	0.00175	0.00699	0.00470	0.00237	0.00606
46	0.00644	0.00460	0.00613	0.00736	0.00767	0.00429	0.00491	0.00736	0.01012	0.01350	0.02914	0.81076	0.03497	0.01656	0.00675	0.00215	0.00307	0.01503	0.00491	0.00429
47	0.00849	0.00696	0.00826	0.00815	0.00898	0.06431	0.00598	0.00984	0.00876	0.01179	0.01438	0.02359	0.01433	0.24140	0.53291	0.00708	0.01144	0.00603	0.00292	0.00442
48	0.10323	0.04110	0.13144	0.04375	0.01694	0.40418	0.01089	0.02026	0.01353	0.15160	0.01057	0.01134	0.00780	0.00549	0.00474	0.00150	0.00762	0.00380	0.00336	0.00686
49	0.00644	0.00460	0.00613	0.00736	0.00767	0.00429	0.00491	0.00736	0.01012	0.01350	0.02914	0.81076	0.03497	0.01656	0.00675	0.00215	0.00307	0.01503	0.00491	0.00429
50	0.01270	0.29447	0.41132	0.01259	0.01853	0.07598	0.01442	0.01761	0.06778	0.01538	0.00955	0.01076	0.00744	0.00505	0.00448	0.00147	0.00694	0.00365	0.00251	0.00737
51	0.20171	0.08979	0.25196	0.01457	0.12860	0.01397	0.01280	0.19069	0.01396	0.02186	0.00963	0.01098	0.00727	0.00522	0.00458	0.00158	0.00609	0.00389	0.00324	0.00761
52	0.00644	0.00460	0.00613	0.00736	0.00767	0.00429	0.00491	0.00736	0.01012	0.01350	0.02914	0.81076	0.03497	0.01656	0.00675	0.00215	0.00307	0.01503	0.00491	0.00429
53	0.01321	0.01115	0.01173	0.01051	0.01346	0.01285	0.00819	0.05080	0.71014	0.02235	0.02102	0.01950	0.01578	0.00710	0.00529	0.00176	0.00415	0.00589	0.04690	0.00822
54	0.01501	0.05714	0.16334	0.03010	0.04754	0.11160	0.18495	0.14159	0.12005	0.05817	0.01228	0.01345	0.00910	0.00551	0.00531	0.00163	0.00711	0.00487	0.00357	0.00771
55	0.00866	0.00572	0.00743	0.00698	0.00848	0.00523	0.00538	0.01103	0.01454	0.07668	0.61040	0.04028	0.10242	0.01098	0.00625	0.00173	0.00283	0.06402	0.00573	0.00523
56	0.00985	0.00493	0.00493	0.00493	0.00616	0.00493	0.00370	0.01232	0.01109	0.01971	0.01725	0.01971	0.01355	0.00616	0.00370	0.00123	0.00246	0.00493	0.84356	0.00493
57	0.00824	0.00690	0.00961	0.00959	0.00996	0.00827	0.00733	0.00947	0.00935	0.01318	0.02002	0.40519	0.02283	0.01821	0.14255	0.00328	0.24081	0.04659	0.00379	0.00483
58	0.01523	0.01157	0.01227	0.01086	0.01372	0.07204	0.00885	0.24720	0.17775	0.09275	0.01938	0.05196	0.01706	0.00981	0.02785	0.00204	0.00554	0.19176	0.00504	0.00733
59	0.00768	0.00517	0.00598	0.00598	0.00605	0.00524	0.00347	0.00782	0.00775	0.01041	0.01646	0.03352	0.01875	0.75399	0.08649	0.00539	0.00583	0.00753	0.00317	0.00332
60	0.00796	0.00586	0.00777	0.00870	0.00998	0.00566	0.00739	0.01012	0.01214	0.01559	0.05679	0.09364	0.17111	0.01435	0.00704	0.00227	0.00430	0.54964	0.00491	0.00477
61	0.01413	0.81739	0.02770	0.00905	0.01357	0.02092	0.00905	0.01583	0.01074	0.01244	0.00735	0.00848	0.00678	0.00452	0.00339	0.00113	0.00565	0.00283	0.00226	0.00678
62	0.01076	0.06956	0.01758	0.62607	0.14793	0.01255	0.01450	0.01409	0.01081	0.01400	0.00933	0.01353	0.00723	0.00514	0.00514	0.00169	0.00683	0.00456	0.00238	0.00632
63	0.01975	0.02520	0.01498	0.01362	0.01634	0.79299	0.01021	0.02111	0.01498	0.01294	0.00817	0.00953	0.00681	0.00545	0.00477	0.00136	0.00953	0.00340	0.00272	0.00613
64	0.02354	0.00928	0.01245	0.00954	0.01364	0.00820	0.00788	0.06232	0.01561	0.74766	0.02045	0.01773	0.01288	0.00653	0.00531	0.00163	0.00456	0.00529	0.00648	0.00900
65	0.05143	0.01417	0.18551	0.03554	0.01630	0.01093	0.01074	0.12600	0.12954	0.26713	0.05393	0.01627	0.01269	0.00627	0.00516	0.00163	0.00532	0.00503	0.00479	0.04164
66	0.02845	0.54928	0.18498	0.01019	0.01515	0.01734	0.01090	0.01614	0.01109	0.05543	0.02329	0.03898	0.00888	0.00529	0.00401	0.00133	0.00587	0.00375	0.00266	0.00698
67	0.00636	0.00491	0.00582	0.00655	0.00745	0.00436	0.00455	0.00745	0.01091	0.01381	0.03906	0.50199	0.33733	0.01527	0.00654	0.00200	0.00291	0.01346	0.00491	0.00436
68	0.00644	0.00460	0.00613	0.00736	0.00767	0.00429	0.00491	0.00736	0.01012	0.01350	0.02914	0.81076	0.03497	0.01656	0.00675	0.00215	0.00307	0.01503	0.00491	0.00429
69	0.05403	0.01360	0.04046	0.02189	0.14955	0.01293	0.51566	0.01737	0.06852	0.01763	0.01158	0.03112	0.00912	0.00499	0.00585	0.00175	0.00774	0.00594	0.00293	0.00731
70	0.01149	0.01273	0.07312	0.01397	0.01454	0.01590	0.01215	0.01302	0.00832	0.01302	0.00713	0.01154	0.00692	0.00894	0.01644	0.00227	0.74568	0.00457	0.00231	0.00593
71	0.01209	0.25915	0.43796	0.01446	0.08788	0.03125	0.01527	0.01635	0.01119	0.01546	0.00886	0.01050	0.00693	0.00480	0.00450	0.00145	0.00688	0.00361	0.00233	0.04908
72	0.01842	0.01397	0.01492	0.01182	0.01575	0.01561	0.00964	0.58578	0.20542	0.03061	0.01483	0.01439	0.01072	0.00655	0.00531	0.00164	0.00542	0.00505	0.00531	0.00884
73	0.00760	0.00509	0.00579	0.00588	0.00591	0.00506	0.00333	0.00766	0.00787	0.01049	0.01758	0.09193	0.02038	0.75529	0.02542	0.00491	0.00497	0.00823	0.00333	0.00328
74	0.01294	0.01200	0.01845	0.20097	0.43304	0.02936	0.01430	0.08500	0.05032	0.01771	0.01062	0.01371	0.00858	0.00643	0.03090	0.00187	0.03850	0.00477	0.00294	0.00760
75	0.01330	0.01173	0.01115	0.01041	0.01244	0.16307	0.00809	0.05230	0.19353	0.07322	0.01852	0.09681	0.01727	0.07401	0.06641	0.00260	0.04426	0.12028	0.00431	0.00629
76	0.00644	0.00460	0.00613	0.00736	0.00767	0.00429	0.00491	0.00736	0.01012	0.01350	0.02914	0.81076	0.03497	0.01656	0.00675	0.00215	0.00307	0.01503	0.00491	0.00429
77	0.01819	0.01342	0.01475	0.01161	0.01534	0.01491	0.00953	0.64898	0.02237	0.03012	0.01292	0.01392	0.00963	0.01141	0.12505	0.00264	0.00709	0.00490	0.00492	0.00834
78	0.01090	0.01089	0.04831	0.10605	0.36648	0.01047	0.09042	0.01378	0.01140	0.01580	0.01490	0.16622	0.01485	0.02168	0.00635	0.00186	0.01955	0.06012	0.00317	0.00681
79	0.01236	0.42016	0.40938	0.01207	0.01825	0.01657	0.01432	0.01629	0.01095	0.01460	0.00842	0.00983	0.00674	0.00477	0.00421	0.00140	0.00674	0.00337	0.00225	0.00730
80	0.02029	0.01449	0.01567	0.01201	0.01624	0.01593	0.00993	0.72378	0.02433	0.07388	0.01313	0.01298	0.00921	0.00636	0.00529	0.00159	0.00575	0.00479	0.00536	0.00899
81	0.00643	0.00466	0.00608	0.00721	0.00763	0.00431	0.00484	0.00738	0.01026	0.01355	0.03095	0.75428	0.09027	0.01633	0.00671	0.00212	0.00304	0.01474	0.00491	0.00431
82	0.01117	0.01595	0.32010	0.01250	0.08201	0.00998	0.01207	0.09094	0.04321	0.03139	0.01996	0.02071	0.15080	0.00697	0.00508	0.00160	0.00541	0.00568	0.14753	0.00691
83	0.01217	0.01719	0.34347	0.01153	0.01635	0.01103	0.01237	0.21144	0.01504	0.02125	0.07265	0.07681	0.07320	0.00740	0.00530	0.00166	0.00571	0.00602	0.07226	0.00716
84	0.00692	0.00500	0.00654	0.00696	0.00776	0.00462	0.00491	0.00859	0.01246	0.01713	0.38071	0.42336	0.06779	0.01376	0.00649	0.00191	0.00279	0.01233	0.00533	0.00462
85	0.00644	0.00460	0.00613	0.00736	0.00767	0.00429	0.00491	0.00736	0.01012	0.01350	0.02914	0.81076	0.03497	0.01656	0.00675	0.00215	0.00307	0.01503	0.00491	0.00429
86	0.01211	0.01009	0.01618	0.35211	0.06246	0.01138	0.09700	0.09329	0.01249	0.07343	0.01361	0.12425	0.01210	0.00737	0.00652	0.00183	0.06523	0.01869	0.00341	0.00646
87	0.00998	0.00940	0.01586	0.80150	0.03641	0.01175	0.01468	0.01351	0.01057	0.01351	0.00940	0.01409	0.00705	0.00529	0.00529	0.00176	0.00705	0.00470	0.00235	0.00587
88	0.01413	0.81739	0.02770	0.00905	0.01357	0.02092	0.00905	0.01583	0.01074	0.01244	0.00735	0.00848	0.00678	0.00452	0.00339	0.00113	0.00565	0.00283	0.00226	0.00678
89	0.01752	0.01232	0.01311	0.01034	0.01382	0.01351	0.00845	0.57455	0.02139	0.02989	0.01384	0.01446	0.01014	0.00630	0.00489	0.00150	0.00497	0.00480	0.21623	0.00797
90	0.00769	0.00513	0.00577	0.00577	0.00577	0.00513	0.00320	0.00769	0.00769	0.01025	0.01666	0.03460	0.01922	0.81421	0.02691	0.00513	0.00513	0.00769	0.00320	0.00320
91	0.00767	0.00521	0.00617	0.00617	0.00631	0.00534	0.00371	0.00795	0.00781	0.01055	0.01629	0.03255	0.01833	0.69949	0.14041	0.00562	0.00646	0.00739	0.00315	0.00343
92	0.02246	0.00872	0.01186	0.00919	0.01306	0.00755	0.00755	0.02454	0.01512	0.72552	0.07976	0.01967	0.01595	0.00687	0.00539	0.00164	0.00434	0.00565	0.00649	0.00869
93	0.01170	0.06966	0.01341	0.12715	0.01658	0.00955	0.02010	0.01554	0.09153	0.04065	0.01090	0.01244	0.00868	0.00460	0.00432	0.00110	0.00464	0.00376	0.00329	0.53040
94	0.01060	0.02735	0.78682	0.01507	0.02288	0.01228	0.01953	0.01674	0.01116	0.01674	0.00949	0.01116	0.00670	0.00502	0.00502	0.00167	0.00781	0.00391	0.00223	0.00781
95	0.00762	0.00702	0.06453	0.00717	0.00895	0.00549	0.00599	0.01029	0.01446	0.02033	0.66528	0.03828	0.10339	0.01058	0.00615	0.00167	0.00290	0.00927	0.00548	0.00516
96	0.01278	0.04761	0.23991	0.01858	0.02414	0.09894	0.42207	0.01717	0.01219	0.01615	0.00985	0.01259	0.00744	0.00487	0.00598	0.00170	0.03325	0.00510	0.00253	0.00716
97	0.00625	0.00536	0.00536	0.00536	0.00714	0.00446	0.00402	0.00759	0.01205	0.01428	0.05355	0.05088	0.77909	0.01339	0.00625	0.00179	0.00268	0.01116	0.00491	0.00446
98	0.00769	0.00513	0.00577	0.00577	0.00577	0.00513	0.00320	0.00769	0.00769	0.01025	0.01666	0.03460	0.01922	0.81421	0.02691	0.00513	0.00513	0.00769	0.00320	0.00320
99	0.01069	0.01101	0.03420	0.01622	0.07469	0.04820	0.33826	0.01351	0.01178	0.03108	0.03237	0.30270	0.03265	0.00923	0.00623	0.00187	0.00629	0.00925	0.00365	0.00611
100	0.08487	0.00909	0.01194	0.00922	0.01325	0.00807	0.00762	0.02501	0.01468	0.72867	0.01986	0.01730	0.01254	0.00642	0.00517	0.00164	0.00447	0.00514	0.00630	0.00876
101	0.00739	0.00540	0.00693	0.00655	0.00784	0.00495	0.00491	0.00979	0.01474	0.02066	0.72208	0.04037	0.10658	0.01101	0.00624	0.00167	0.00251	0.00968	0.00575	0.00495
102	0.00991	0.00832	0.06931	0.00889	0.01005	0.02134	0.00716	0.06513	0.00938	0.01287	0.01208	0.07564	0.01199	0.06981	0.15332	0.36541	0.07661	0.00569	0.00287	0.00423
103	0.07822	0.29124	0.13642	0.01910	0.28944	0.01540	0.06880	0.01616	0.01126	0.01601	0.00884	0.01096	0.00735	0.00469	0.00449	0.00146	0.00632	0.00391	0.00249	0.00745
104	0.00918	0.00459	0.00689	0.00689	0.00689	0.00459	0.00459	0.00689	0.00689	0.00918	0.00918	0.01607	0.00918	0.01837	0.02066	0.84619	0.00459	0.00459	0.00230	0.00230
105	0.01296	0.00852	0.00889	0.00757	0.00996	0.00895	0.00601	0.27947	0.01614	0.02374	0.02114	0.02194	0.12828	0.00732	0.00465	0.00144	0.00369	0.00581	0.41721	0.00631
106	0.01156	0.07084	0.01850	0.47461	0.27243	0.03453	0.01463	0.01476	0.01118	0.01462	0.00939	0.01323	0.00745	0.00505	0.00511	0.00164	0.00677	0.00453	0.00244	0.00675
107	0.01296	0.00921	0.00965	0.00863	0.01051	0.08880	0.00671	0.11207	0.01266	0.09908	0.01481	0.01853	0.01224	0.06823	0.22805	0.00367	0.03682	0.00517	0.23632	0.00588
108	0.01900	0.02395	0.01509	0.01364	0.01612	0.72185	0.01034	0.02034	0.01435	0.01292	0.00806	0.00972	0.00682	0.00580	0.00592	0.00145	0.08234	0.00352	0.00269	0.00610
109	0.01548	0.01100	0.01268	0.01004	0.02804	0.01049	0.00793	0.19372	0.14425	0.14012	0.01401	0.01398	0.01034	0.00546	0.00473	0.00129	0.00454	0.00436	0.00454	0.36303
110	0.01562	0.36001	0.12639	0.01167	0.01588	0.30090	0.01087	0.01879	0.06856	0.01393	0.00899	0.01006	0.00747	0.00512	0.00426	0.00134	0.00726	0.00342	0.00266	0.00680

[dist]
# distance from previous block
# <min> <max>
4	8

[block]
# block no. 4 follows, 46 sequences, length 37
# corresponding to MSA columns:
# 263-285,289-302
name=unknown_E
#
# <colnr> <probs for GDERKNQSTAVLIFYWHMCP>
#	G	D	E	R	K	N	Q	S	T	A	V	L	I	F	Y	W	H	M	C	P
0	0.04559	0.03521	0.11853	0.01115	0.01521	0.03224	0.01004	0.31105	0.15934	0.08500	0.09228	0.01736	0.02982	0.00681	0.00525	0.00164	0.00531	0.00538	0.00482	0.00798
1	0.00728	0.00532	0.00683	0.00661	0.00781	0.00488	0.00490	0.00952	0.01425	0.01987	0.64527	0.11545	0.10909	0.01158	0.00629	0.00172	0.00257	0.01023	0.00566	0.00488
2	0.00765	0.00532	0.00705	0.00667	0.00780	0.00495	0.00495	0.00968	0.01418	0.02003	0.70363	0.03721	0.04592	0.01154	0.00764	0.08380	0.00270	0.00908	0.00548	0.00473
3	0.07115	0.12082	0.06232	0.01142	0.01564	0.07836	0.00999	0.43273	0.01926	0.09213	0.01215	0.01305	0.00902	0.00607	0.00490	0.00154	0.00597	0.02089	0.00447	0.00810
4	0.01048	0.00959	0.01325	0.01591	0.23875	0.07184	0.05025	0.01242	0.01082	0.01452	0.08774	0.03580	0.01678	0.21637	0.15289	0.00375	0.00737	0.02258	0.00321	0.00569
5	0.00738	0.00540	0.00693	0.00655	0.00784	0.00495	0.00491	0.00978	0.01473	0.02064	0.71975	0.04041	0.10893	0.01102	0.00624	0.00167	0.00251	0.00969	0.00575	0.00495
6	0.00998	0.00940	0.01586	0.80150	0.03641	0.01175	0.01468	0.01351	0.01057	0.01351	0.00940	0.01409	0.00705	0.00529	0.00529	0.00176	0.00705	0.00470	0.00235	0.00587
7	0.00684	0.00477	0.00602	0.00685	0.00706	0.00456	0.00436	0.00747	0.00935	0.01246	0.02516	0.56354	0.02995	0.27063	0.01317	0.00310	0.00372	0.01269	0.00436	0.00395
8	0.01359	0.01141	0.05886	0.00917	0.01392	0.00909	0.00786	0.14820	0.01378	0.08138	0.01090	0.01184	0.00839	0.00463	0.00434	0.00105	0.00454	0.00364	0.00373	0.57968
9	0.00644	0.00460	0.00613	0.00736	0.00767	0.00429	0.00491	0.00736	0.01012	0.01350	0.02914	0.81076	0.03497	0.01656	0.00675	0.00215	0.00307	0.01503	0.00491	0.00429
10	0.00821	0.00599	0.00809	0.00914	0.01043	0.00586	0.00791	0.01050	0.01215	0.01561	0.03147	0.05844	0.13217	0.01444	0.00716	0.00235	0.00457	0.64583	0.00487	0.00481
11	0.09973	0.01787	0.01475	0.01343	0.06613	0.31219	0.00995	0.29041	0.08697	0.02251	0.01107	0.01175	0.00845	0.00583	0.00490	0.00152	0.00695	0.00417	0.00394	0.00748
12	0.00699	0.00524	0.00655	0.00742	0.00811	0.00504	0.00510	0.00913	0.07210	0.01446	0.04959	0.65356	0.10618	0.01535	0.00658	0.00207	0.00311	0.01378	0.00497	0.00466
13	0.01080	0.10614	0.57141	0.01436	0.02110	0.01265	0.08940	0.01592	0.01132	0.01612	0.01295	0.01440	0.06938	0.00559	0.00507	0.00164	0.00728	0.00461	0.00249	0.00737
14	0.01299	0.25579	0.21559	0.01377	0.01802	0.09180	0.10666	0.01600	0.01087	0.01420	0.00829	0.01069	0.00696	0.00582	0.00750	0.00164	0.19027	0.00400	0.00236	0.00679
15	0.00644	0.00460	0.00613	0.00736	0.00767	0.00429	0.00491	0.00736	0.01012	0.01350	0.02914	0.81076	0.03497	0.01656	0.00675	0.00215	0.00307	0.01503	0.00491	0.00429
16	0.00662	0.00471	0.00620	0.00720	0.00758	0.00441	0.00482	0.00763	0.01045	0.01405	0.10128	0.69017	0.03549	0.06284	0.00788	0.00227	0.00313	0.01407	0.00490	0.00430
17	0.03345	0.01552	0.15781	0.01708	0.06518	0.01370	0.26053	0.07865	0.15042	0.01874	0.01194	0.01397	0.00915	0.00593	0.00727	0.00181	0.12288	0.00525	0.00326	0.00747
18	0.00760	0.02662	0.00747	0.00662	0.00807	0.00551	0.00503	0.01019	0.03098	0.02001	0.63948	0.03986	0.15102	0.01093	0.00614	0.00167	0.00264	0.00953	0.00559	0.00503
19	0.00748	0.00540	0.00707	0.00665	0.00790	0.00499	0.00499	0.00998	0.01496	0.02120	0.77844	0.03949	0.04988	0.01081	0.00624	0.00166	0.00249	0.00956	0.00582	0.00499
20	0.00998	0.00940	0.01586	0.80150	0.03641	0.01175	0.01468	0.01351	0.01057	0.01351	0.00940	0.01409	0.00705	0.00529	0.00529	0.00176	0.00705	0.00470	0.00235	0.00587
21	0.01158	0.00970	0.01123	0.00817	0.01271	0.00773	0.00653	0.07390	0.01206	0.01843	0.01021	0.03317	0.00867	0.00446	0.00410	0.00089	0.00405	0.00359	0.00336	0.75547
22	0.01722	0.01277	0.01375	0.01108	0.01458	0.01410	0.00895	0.54598	0.12411	0.02907	0.01576	0.09168	0.01276	0.00744	0.00535	0.00165	0.00513	0.00593	0.05449	0.00821
23	0.63659	0.01221	0.08528	0.01081	0.09924	0.01204	0.00838	0.01630	0.04401	0.02224	0.00850	0.00985	0.00659	0.00500	0.00376	0.00164	0.00470	0.00331	0.00319	0.00635
24	0.00626	0.00531	0.00540	0.00547	0.00717	0.00445	0.00407	0.00757	0.01194	0.01424	0.05212	0.09550	0.73539	0.01358	0.00628	0.00181	0.00270	0.01138	0.00491	0.00445
25	0.00644	0.00460	0.00613	0.00736	0.00767	0.00429	0.00491	0.00736	0.01012	0.01350	0.02914	0.81076	0.03497	0.01656	0.00675	0.00215	0.00307	0.01503	0.00491	0.00429
26	0.09541	0.45521	0.20711	0.01071	0.01581	0.04717	0.01137	0.07504	0.01195	0.01623	0.00832	0.00951	0.00683	0.00486	0.00397	0.00136	0.00618	0.00326	0.00261	0.00708
27	0.01486	0.00927	0.01136	0.00831	0.01282	0.00727	0.00672	0.01712	0.01224	0.25173	0.01290	0.01311	0.00944	0.00472	0.00434	0.00104	0.00409	0.00380	0.00417	0.59068
28	0.01450	0.58734	0.13097	0.01058	0.01528	0.13722	0.01068	0.01676	0.01145	0.01311	0.00777	0.00901	0.00678	0.00473	0.00383	0.00124	0.00654	0.00306	0.00233	0.00683
29	0.01169	0.01099	0.01788	0.28449	0.39471	0.01217	0.01434	0.01575	0.07269	0.01593	0.01080	0.01431	0.00876	0.00722	0.04909	0.00207	0.04228	0.00486	0.00275	0.00723
30	0.00636	0.00493	0.00579	0.00648	0.00744	0.00437	0.00452	0.00746	0.01097	0.01384	0.03987	0.47677	0.36202	0.01517	0.00653	0.00199	0.00290	0.01333	0.00491	0.00437
31	0.00644	0.00460	0.00613	0.00736	0.00767	0.00429	0.00491	0.00736	0.01012	0.01350	0.02914	0.81076	0.03497	0.01656	0.00675	0.00215	0.00307	0.01503	0.00491	0.00429
32	0.01413	0.81739	0.02770	0.00905	0.01357	0.02092	0.00905	0.01583	0.01074	0.01244	0.00735	0.00848	0.00678	0.00452	0.00339	0.00113	0.00565	0.00283	0.00226	0.00678
33	0.02372	0.00900	0.01227	0.00941	0.01350	0.00777	0.00777	0.02576	0.01513	0.78489	0.02086	0.01799	0.01309	0.00654	0.00532	0.00164	0.00450	0.00532	0.00654	0.00900
