[name]
unknown

[dist]
# distance from previous block
# <min> <max>
0	0

[block]
# block no. 0 follows, 50 sequences, length 8
# corresponding to MSA columns:
# 0-7
name=unknown_A
#
# <colnr> <probs for GDERKNQSTAVLIFYWHMCP>
#	G	D	E	R	K	N	Q	S	T	A	V	L	I	F	Y	W	H	M	C	P
0	0.00803	0.00574	0.00803	0.00918	0.01033	0.00574	0.00803	0.01033	0.01147	0.01492	0.02639	0.05622	0.02869	0.01377	0.00688	0.00229	0.00459	0.76018	0.00459	0.00459
1	0.59200	0.01102	0.00976	0.00812	0.01149	0.01254	0.00670	0.25763	0.01325	0.02525	0.00854	0.00933	0.00638	0.00506	0.00369	0.00153	0.00437	0.00327	0.00369	0.00638
2	0.00667	0.00490	0.00638	0.00734	0.00813	0.00461	0.00557	0.00806	0.01046	0.01355	0.03096	0.44889	0.15792	0.01453	0.00645	0.00205	0.00337	0.25130	0.00462	0.00425
3	0.00601	0.00456	0.00555	0.00634	0.00707	0.00410	0.00436	0.00701	0.01012	0.01296	0.03481	0.57504	0.27476	0.01466	0.00621	0.00192	0.00277	0.01301	0.00463	0.00410
4	0.01348	0.01022	0.01127	0.00975	0.01232	0.01119	0.00760	0.37548	0.17743	0.02326	0.01864	0.27135	0.01768	0.00922	0.00544	0.00170	0.00434	0.00781	0.00489	0.00694
5	0.01628	0.37987	0.01944	0.01093	0.01425	0.45711	0.00914	0.01770	0.01235	0.01199	0.00736	0.00855	0.00641	0.00475	0.00392	0.00119	0.00737	0.00297	0.00238	0.00605
6	0.01308	0.01049	0.01181	0.00868	0.01297	0.00945	0.00704	0.25620	0.01451	0.02108	0.00985	0.01086	0.00773	0.00442	0.00410	0.00098	0.00426	0.00344	0.00360	0.58544
7	0.01602	0.01280	0.01485	0.01191	0.01456	0.01522	0.00984	0.49104	0.06125	0.02463	0.01071	0.01200	0.00824	0.00690	0.00861	0.00173	0.26360	0.00451	0.00410	0.00748

[dist]
# distance from previous block
# <min> <max>
0	3

[block]
# block no. 1 follows, 50 sequences, length 82
# corresponding to MSA columns:
# 11-92
name=unknown_B
#
# <colnr> <probs for GDERKNQSTAVLIFYWHMCP>
#	G	D	E	R	K	N	Q	S	T	A	V	L	I	F	Y	W	H	M	C	P
0	0.00846	0.00659	0.00744	0.00715	0.00869	0.00655	0.00535	0.14413	0.01273	0.01634	0.03388	0.31548	0.35446	0.01237	0.00627	0.00179	0.03225	0.01053	0.00460	0.00495
1	0.01556	0.04128	0.10284	0.01199	0.01613	0.01417	0.06282	0.41824	0.21984	0.02519	0.01351	0.01351	0.00987	0.00587	0.00498	0.00155	0.00549	0.00473	0.00442	0.00801
2	0.01247	0.01207	0.01744	0.01551	0.12928	0.06554	0.21288	0.03148	0.19825	0.03326	0.01221	0.01352	0.00945	0.00487	0.00489	0.00139	0.00574	0.00468	0.00335	0.21172
3	0.01170	0.01190	0.02132	0.16252	0.39463	0.02614	0.21634	0.01490	0.01103	0.01524	0.00926	0.01265	0.00748	0.00476	0.00592	0.00161	0.05842	0.00479	0.00242	0.00698
4	0.09695	0.01333	0.01205	0.01013	0.01316	0.20472	0.00802	0.19153	0.04269	0.22675	0.01497	0.06939	0.03645	0.00669	0.00517	0.00153	0.03003	0.00505	0.00441	0.00697
5	0.01232	0.01189	0.02050	0.03031	0.77121	0.01187	0.03761	0.01532	0.01136	0.01627	0.00940	0.01237	0.00789	0.00443	0.00496	0.00149	0.00599	0.00448	0.00247	0.00786
6	0.00679	0.00495	0.00654	0.00681	0.00740	0.00516	0.00479	0.00785	0.00849	0.01152	0.02078	0.21265	0.09251	0.23590	0.33929	0.00518	0.00766	0.00839	0.00340	0.00396
7	0.21089	0.00662	0.00727	0.00765	0.06188	0.00678	0.00538	0.01188	0.01134	0.03801	0.25145	0.02448	0.07514	0.00749	0.00452	0.00148	0.00307	0.02956	0.22999	0.00513
8	0.01177	0.22243	0.01888	0.31906	0.21685	0.04894	0.01224	0.01519	0.06249	0.01388	0.00920	0.01184	0.00746	0.00479	0.00449	0.00145	0.00605	0.00400	0.00246	0.00652
9	0.12728	0.00923	0.01047	0.03534	0.15640	0.06064	0.00751	0.04539	0.08350	0.04387	0.03820	0.07025	0.11822	0.16245	0.00879	0.00220	0.00466	0.00631	0.00364	0.00566
10	0.00613	0.00444	0.00580	0.00676	0.00721	0.00411	0.00457	0.00714	0.01001	0.01333	0.08696	0.70889	0.08622	0.01500	0.00629	0.00197	0.00283	0.01353	0.00469	0.00411
11	0.01508	0.00948	0.01060	0.06952	0.01308	0.08177	0.00731	0.10314	0.03789	0.29346	0.18720	0.02349	0.11119	0.00762	0.00525	0.00155	0.00438	0.00628	0.00504	0.00666
12	0.01106	0.01094	0.03721	0.35695	0.45749	0.01152	0.01477	0.01424	0.01075	0.01479	0.00915	0.01269	0.00733	0.00467	0.00495	0.00156	0.00626	0.00442	0.00235	0.00690
13	0.00925	0.00843	0.01198	0.03380	0.01167	0.01118	0.00877	0.01058	0.00781	0.01170	0.00969	0.01558	0.00947	0.07514	0.29979	0.00444	0.44846	0.00491	0.00242	0.00493
14	0.02792	0.01372	0.01308	0.01223	0.06678	0.22256	0.00910	0.19627	0.01484	0.01883	0.16029	0.01804	0.01595	0.00729	0.00699	0.00161	0.14159	0.04293	0.00374	0.00624
15	0.09386	0.01184	0.01254	0.21777	0.01862	0.12568	0.00936	0.07952	0.17949	0.12516	0.01272	0.01352	0.00933	0.00551	0.00467	0.00151	0.00551	0.00433	0.00378	0.06526
16	0.01290	0.00981	0.01487	0.01955	0.40850	0.00969	0.01088	0.09432	0.01284	0.12673	0.03955	0.13648	0.06747	0.00724	0.00526	0.00159	0.00485	0.00653	0.00381	0.00712
17	0.00642	0.00498	0.00559	0.00556	0.00677	0.00442	0.00398	0.00777	0.01140	0.01465	0.24590	0.09392	0.42666	0.12961	0.00874	0.00213	0.00284	0.00988	0.00463	0.00416
18	0.05766	0.00580	0.00576	0.00539	0.00693	0.00603	0.00415	0.08366	0.01156	0.02000	0.01534	0.01738	0.01196	0.00576	0.00360	0.00121	0.00271	0.00452	0.72554	0.00505
19	0.00724	0.00478	0.00631	0.00669	0.00705	0.00485	0.00451	0.01853	0.00843	0.01152	0.01847	0.32175	0.02082	0.21582	0.15319	0.14671	0.00546	0.00891	0.02534	0.00363
20	0.05749	0.00714	0.00843	0.00799	0.00973	0.00730	0.00597	0.05501	0.15386	0.14440	0.06566	0.30134	0.02274	0.08691	0.00743	0.00208	0.00372	0.04224	0.00479	0.00576
21	0.00670	0.00451	0.00558	0.00630	0.00658	0.00433	0.00406	0.00744	0.00895	0.01235	0.02306	0.52131	0.02687	0.25041	0.01164	0.00277	0.00341	0.01132	0.07860	0.00380
22	0.00712	0.00534	0.00801	0.00801	0.00890	0.00623	0.00623	0.00890	0.00801	0.01157	0.01335	0.01958	0.01246	0.03738	0.80507	0.00801	0.01335	0.00534	0.00267	0.00445
23	0.00732	0.00534	0.00652	0.00669	0.00783	0.00505	0.00483	0.00982	0.07455	0.03872	0.25939	0.34875	0.18156	0.01242	0.00598	0.00178	0.00278	0.01096	0.00497	0.00472
24	0.01560	0.00710	0.00938	0.00810	0.01060	0.00639	0.00629	0.05087	0.01304	0.44326	0.06179	0.27802	0.04842	0.00964	0.00552	0.00170	0.00371	0.00834	0.00553	0.00671
25	0.71904	0.01036	0.00861	0.00738	0.01061	0.01190	0.00608	0.14246	0.01099	0.02388	0.00778	0.00875	0.00591	0.00485	0.00340	0.00153	0.00413	0.00300	0.00340	0.00591
26	0.00663	0.00496	0.00610	0.00606	0.00717	0.00449	0.00441	0.00841	0.01249	0.01693	0.46738	0.16371	0.21992	0.04074	0.00665	0.00178	0.00257	0.01012	0.00506	0.00442
27	0.24699	0.00721	0.00785	0.00687	0.00933	0.00708	0.00544	0.01434	0.01194	0.22601	0.21459	0.06045	0.14657	0.00822	0.00490	0.00159	0.00332	0.00668	0.00483	0.00579
28	0.00823	0.00454	0.00635	0.00635	0.00646	0.00462	0.00419	0.00702	0.00691	0.00942	0.01082	0.01942	0.01116	0.19324	0.09106	0.57039	0.00519	0.00506	0.02692	0.00263
29	0.00722	0.00482	0.00545	0.00548	0.00548	0.00481	0.00306	0.00724	0.00731	0.00974	0.01601	0.05296	0.01850	0.80397	0.02488	0.00476	0.00478	0.00743	0.00306	0.00305
30	0.14617	0.00604	0.00634	0.00616	0.00756	0.00625	0.00459	0.04503	0.01065	0.03778	0.08936	0.13075	0.01886	0.11866	0.00727	0.00196	0.00329	0.04434	0.30420	0.00474
31	0.01378	0.00649	0.00768	0.00663	0.00879	0.00620	0.00521	0.06799	0.01267	0.26299	0.05445	0.05868	0.01498	0.00663	0.00432	0.00137	0.00317	0.00543	0.44643	0.00608
32	0.00607	0.00434	0.00578	0.00694	0.00723	0.00405	0.00463	0.00694	0.00954	0.01272	0.02747	0.82157	0.03297	0.01562	0.00636	0.00202	0.00289	0.01417	0.00463	0.00405
33	0.11314	0.00992	0.01153	0.00881	0.01275	0.00939	0.00723	0.18708	0.01466	0.34487	0.01382	0.01320	0.00946	0.00533	0.00446	0.00133	0.00434	0.00412	0.00476	0.21979
34	0.00930	0.20203	0.03594	0.00894	0.01033	0.01098	0.00743	0.01052	0.00886	0.01196	0.01443	0.25006	0.01603	0.10314	0.08024	0.00266	0.20195	0.00721	0.00302	0.00496
35	0.02695	0.01152	0.01204	0.01045	0.07502	0.11741	0.00758	0.07931	0.02484	0.07594	0.02221	0.01146	0.00847	0.00450	0.00416	0.00104	0.00477	0.00353	0.00335	0.49545
36	0.01362	0.14013	0.31865	0.01391	0.05272	0.21757	0.06572	0.06949	0.03513	0.01553	0.00897	0.01038	0.00692	0.00487	0.00456	0.00143	0.00726	0.00371	0.00256	0.00689
37	0.00731	0.00507	0.00612	0.06119	0.00756	0.00520	0.00389	0.00760	0.00761	0.01011	0.01613	0.09112	0.01846	0.70697	0.02252	0.00440	0.00481	0.00758	0.00309	0.00327
38	0.01767	0.02087	0.01645	0.01383	0.01695	0.57809	0.12038	0.12693	0.01511	0.01547	0.00865	0.01006	0.00688	0.00512	0.00476	0.00137	0.00841	0.00378	0.00290	0.00630
39	0.01462	0.01317	0.01620	0.01306	0.01529	0.06943	0.07732	0.30507	0.03727	0.02002	0.00941	0.01163	0.00762	0.00698	0.00995	0.00180	0.35647	0.00450	0.00339	0.00681
40	0.53907	0.01123	0.01005	0.00962	0.07047	0.08506	0.00709	0.06479	0.01103	0.13711	0.00941	0.01007	0.00691	0.00498	0.00376	0.00151	0.00465	0.00334	0.00357	0.00628
41	0.01240	0.01071	0.01127	0.01014	0.01296	0.01240	0.00789	0.02649	0.78473	0.02085	0.02029	0.01860	0.01522	0.00676	0.00507	0.00169	0.00394	0.00564	0.00507	0.00789
42	0.00712	0.00534	0.00801	0.00801	0.00890	0.00623	0.00623	0.00890	0.00801	0.01157	0.01335	0.01958	0.01246	0.03738	0.80507	0.00801	0.01335	0.00534	0.00267	0.00445
43	0.00664	0.00457	0.00562	0.00622	0.00637	0.00442	0.00386	0.00709	0.00844	0.01126	0.02183	0.44321	0.02585	0.40369	0.01548	0.00337	0.00382	0.01085	0.00386	0.00356
44	0.01895	0.01396	0.01496	0.01147	0.01546	0.01546	0.00947	0.77711	0.02344	0.03141	0.01197	0.01197	0.00848	0.00598	0.00499	0.00150	0.00548	0.00449	0.00499	0.00848
45	0.01000	0.02578	0.79900	0.01421	0.02157	0.01158	0.01842	0.01579	0.01052	0.01579	0.00895	0.01052	0.00631	0.00474	0.00474	0.00158	0.00737	0.00368	0.00210	0.00737
46	0.01862	0.02376	0.01413	0.01284	0.01541	0.80482	0.00963	0.01990	0.01413	0.01220	0.00770	0.00899	0.00642	0.00514	0.00449	0.00128	0.00899	0.00321	0.00257	0.00578
47	0.02236	0.00848	0.01157	0.00887	0.01272	0.00733	0.00733	0.02429	0.01427	0.79719	0.01966	0.01697	0.01234	0.00617	0.00501	0.00154	0.00424	0.00501	0.00617	0.00848
48	0.00607	0.00434	0.00578	0.00694	0.00723	0.00405	0.00463	0.00694	0.00954	0.01272	0.02747	0.82157	0.03297	0.01562	0.00636	0.00202	0.00289	0.01417	0.00463	0.00405
49	0.01277	0.00935	0.01056	0.00930	0.01151	0.00999	0.00715	0.40776	0.01677	0.02245	0.01940	0.40023	0.02022	0.01060	0.00565	0.00175	0.00424	0.00913	0.00481	0.00635
50	0.01034	0.00886	0.01034	0.00738	0.01181	0.00664	0.00591	0.01255	0.01034	0.01624	0.00886	0.01034	0.00738	0.00369	0.00369	0.00074	0.00369	0.00295	0.00295	0.85530
51	0.86003	0.00964	0.00733	0.00655	0.00964	0.01118	0.00540	0.01465	0.00848	0.02236	0.00694	0.00810	0.00540	0.00463	0.00308	0.00154	0.00386	0.00270	0.00308	0.00540
52	0.00607	0.00434	0.00578	0.00694	0.00723	0.00405	0.00463	0.00694	0.00954	0.01272	0.02747	0.82157	0.03297	0.01562	0.00636	0.00202	0.00289	0.01417	0.00463	0.00405
53	0.00705	0.00510	0.00666	0.00627	0.00745	0.00470	0.00470	0.00941	0.01411	0.01999	0.79110	0.03723	0.04703	0.01019	0.00588	0.00157	0.00235	0.00901	0.00549	0.00470
54	0.01030	0.08678	0.01121	0.00930	0.01072	0.18032	0.00727	0.01177	0.00973	0.01192	0.01310	0.13158	0.01314	0.02218	0.38699	0.00464	0.06543	0.00584	0.00285	0.00493
55	0.01447	0.01131	0.01255	0.00934	0.01356	0.01087	0.00762	0.37921	0.01662	0.02352	0.01035	0.01112	0.00791	0.00479	0.00431	0.00110	0.00455	0.00369	0.00393	0.44919
56	0.01000	0.02578	0.79900	0.01421	0.02157	0.01158	0.01842	0.01579	0.01052	0.01579	0.00895	0.01052	0.00631	0.00474	0.00474	0.00158	0.00737	0.00368	0.00210	0.00737
57	0.00611	0.00489	0.00549	0.00589	0.00713	0.00428	0.00433	0.00735	0.01090	0.01346	0.05434	0.26869	0.51091	0.01352	0.00609	0.00182	0.00277	0.06319	0.00464	0.00420
58	0.09775	0.01313	0.16037	0.28104	0.30405	0.01137	0.01420	0.01469	0.01052	0.03414	0.00912	0.01199	0.00704	0.00473	0.00473	0.00157	0.00617	0.00413	0.00247	0.00678
59	0.00950	0.00825	0.01461	0.01208	0.01476	0.00772	0.26059	0.01221	0.01186	0.05444	0.07522	0.03729	0.16987	0.00977	0.00620	0.00189	0.00529	0.27897	0.00405	0.00542
60	0.01218	0.55177	0.29214	0.01048	0.01582	0.01692	0.01193	0.01522	0.01026	0.01312	0.00762	0.00887	0.00637	0.00443	0.00373	0.00124	0.00603	0.00302	0.00212	0.00673
61	0.01737	0.01127	0.01294	0.01047	0.01380	0.01229	0.00851	0.29294	0.24752	0.23743	0.01620	0.01525	0.01142	0.00646	0.00580	0.00161	0.06051	0.00497	0.00514	0.00809
62	0.01260	0.01241	0.01000	0.00901	0.01103	0.28304	0.00684	0.07479	0.01458	0.05221	0.35627	0.04132	0.07935	0.00820	0.00530	0.00148	0.00501	0.00667	0.00439	0.00550
63	0.01338	0.06895	0.01536	0.42853	0.02481	0.17705	0.01165	0.08959	0.01231	0.06200	0.00934	0.01202	0.00710	0.00530	0.00527	0.00154	0.04281	0.00409	0.00279	0.00611
64	0.00644	0.00446	0.00606	0.00702	0.00735	0.00430	0.00479	0.00716	0.00920	0.01232	0.02468	0.65797	0.02912	0.03635	0.06291	0.07061	0.00383	0.03725	0.00426	0.00392
65	0.01780	0.00751	0.01020	0.00833	0.01137	0.00662	0.00682	0.01985	0.01399	0.56061	0.18691	0.02479	0.02127	0.00771	0.00536	0.00161	0.00386	0.07218	0.00588	0.00732
66	0.00994	0.00975	0.01742	0.07928	0.27748	0.00950	0.21039	0.01274	0.01138	0.01537	0.06950	0.08939	0.15149	0.00720	0.00554	0.00163	0.00553	0.00702	0.00323	0.00622
67	0.01323	0.01185	0.01821	0.06922	0.01905	0.01249	0.26852	0.22756	0.19120	0.02084	0.01438	0.08515	0.01173	0.00633	0.00543	0.00166	0.00597	0.00607	0.00395	0.00716
68	0.00629	0.00454	0.00621	0.00717	0.00758	0.00446	0.00497	0.00735	0.00932	0.01257	0.02500	0.66725	0.02932	0.01936	0.14500	0.00307	0.00474	0.02738	0.00429	0.00413
69	0.01019	0.00707	0.00888	0.00850	0.00993	0.00747	0.00653	0.12657	0.03747	0.08038	0.04563	0.34636	0.06091	0.01419	0.08169	0.00246	0.06053	0.07533	0.00449	0.00542
70	0.06479	0.09916	0.39950	0.01203	0.01745	0.03998	0.04705	0.02927	0.06125	0.13902	0.03663	0.01262	0.00921	0.00523	0.00463	0.00152	0.00615	0.00412	0.00319	0.00720
71	0.01043	0.07982	0.67737	0.01525	0.08876	0.01216	0.01746	0.01568	0.01057	0.01555	0.00884	0.01051	0.00646	0.00468	0.00465	0.00153	0.00710	0.00368	0.00214	0.00735
72	0.00607	0.00434	0.00578	0.00694	0.00723	0.00405	0.00463	0.00694	0.00954	0.01272	0.02747	0.82157	0.03297	0.01562	0.00636	0.00202	0.00289	0.01417	0.00463	0.00405
73	0.05348	0.08276	0.16555	0.01767	0.04559	0.01282	0.46578	0.01539	0.01101	0.01568	0.00971	0.03120	0.00770	0.00478	0.00571	0.00163	0.03923	0.00515	0.00248	0.00667
74	0.01014	0.00928	0.01504	0.62770	0.04933	0.01172	0.01317	0.01302	0.00972	0.03642	0.00879	0.01296	0.00683	0.00566	0.00699	0.00174	0.14904	0.00444	0.00233	0.00567
75	0.01000	0.02578	0.79900	0.01421	0.02157	0.01158	0.01842	0.01579	0.01052	0.01579	0.00895	0.01052	0.00631	0.00474	0.00474	0.00158	0.00737	0.00368	0.00210	0.00737
76	0.00941	0.00886	0.01495	0.81285	0.03433	0.01107	0.01384	0.01274	0.00997	0.01274	0.00886	0.01329	0.00664	0.00498	0.00498	0.00166	0.00664	0.00443	0.00221	0.00554
77	0.01111	0.03772	0.39111	0.01704	0.19839	0.01176	0.03991	0.03505	0.13817	0.01688	0.01179	0.04846	0.00942	0.00549	0.00492	0.00158	0.00621	0.00471	0.00287	0.00741
78	0.01488	0.24367	0.05440	0.01162	0.01521	0.23761	0.07660	0.09296	0.09646	0.03822	0.01116	0.01399	0.00937	0.00568	0.00456	0.00141	0.00651	0.05591	0.00317	0.00660
79	0.00981	0.00929	0.01317	0.01162	0.01187	0.01265	0.00955	0.01110	0.00774	0.01187	0.00851	0.01342	0.00826	0.01702	0.24470	0.00387	0.58341	0.00465	0.00232	0.00516
80	0.01058	0.00982	0.01576	0.05525	0.36581	0.00924	0.07296	0.01315	0.01092	0.01567	0.03370	0.11446	0.03207	0.00602	0.00494	0.00140	0.00505	0.00569	0.00299	0.21454
81	0.01644	0.01242	0.01565	0.01651	0.23663	0.01329	0.01072	0.38924	0.12599	0.09226	0.01307	0.01344	0.00959	0.00567	0.00499	0.00152	0.00529	0.00468	0.00438	0.00823

[dist]
# distance from previous block
# <min> <max>
0	1

[block]
# block no. 2 follows, 50 sequences, length 118
# corresponding to MSA columns:
# 94-211
name=unknown_C
#
# <colnr> <probs for GDERKNQSTAVLIFYWHMCP>
#	G	D	E	R	K	N	Q	S	T	A	V	L	I	F	Y	W	H	M	C	P
0	0.01002	0.00826	0.00928	0.00902	0.01106	0.00907	0.00714	0.01858	0.43640	0.01803	0.05164	0.09840	0.09703	0.00984	0.00571	0.00186	0.00381	0.18362	0.00489	0.00632
1	0.01034	0.00886	0.01034	0.00738	0.01181	0.00664	0.00591	0.01255	0.01034	0.01624	0.00886	0.01034	0.00738	0.00369	0.00369	0.00074	0.00369	0.00295	0.00295	0.85530
2	0.00922	0.00824	0.01150	0.01044	0.01109	0.01075	0.00845	0.01166	0.06875	0.01249	0.01086	0.01563	0.01004	0.02220	0.39044	0.00491	0.37060	0.00493	0.00264	0.00517
3	0.04529	0.00884	0.01117	0.00843	0.01244	0.00754	0.00690	0.04851	0.01320	0.49986	0.01560	0.01442	0.01042	0.00534	0.00454	0.00129	0.00410	0.00428	0.00502	0.27280
4	0.00860	0.00437	0.00655	0.00655	0.00658	0.00440	0.00440	0.00658	0.00655	0.00877	0.00883	0.01532	0.00880	0.01807	0.04890	0.82326	0.00467	0.00437	0.00218	0.00225
5	0.00604	0.00482	0.00543	0.00589	0.00705	0.00421	0.00425	0.00720	0.01071	0.01325	0.04127	0.32685	0.48896	0.01375	0.00610	0.00183	0.00274	0.04085	0.00463	0.00417
6	0.01333	0.00771	0.01099	0.00945	0.01176	0.00734	0.07915	0.10834	0.01293	0.25893	0.02122	0.36314	0.02073	0.02721	0.00613	0.00184	0.00423	0.02444	0.00492	0.00622
7	0.02118	0.00873	0.01195	0.00930	0.01276	0.00815	0.00770	0.02302	0.01358	0.71594	0.01831	0.01634	0.01174	0.00643	0.00619	0.00161	0.08820	0.00495	0.00576	0.00817
8	0.01209	0.01329	0.10081	0.02890	0.71384	0.01182	0.01562	0.01535	0.01126	0.01623	0.00933	0.01215	0.00773	0.00447	0.00491	0.00149	0.00607	0.00436	0.00243	0.00784
9	0.00787	0.00558	0.00764	0.00864	0.00962	0.00557	0.00730	0.00984	0.01089	0.01420	0.02510	0.07819	0.02752	0.11415	0.00915	0.00260	0.00456	0.64279	0.00440	0.00438
10	0.01256	0.01355	0.01587	0.36114	0.18518	0.21728	0.01275	0.01505	0.01109	0.01326	0.00843	0.01173	0.00684	0.00529	0.00601	0.00158	0.08985	0.00411	0.00236	0.00608
11	0.01061	0.01704	0.31704	0.19113	0.06385	0.01185	0.28606	0.01516	0.01088	0.01521	0.00935	0.01225	0.00691	0.00459	0.00521	0.00163	0.00751	0.00466	0.00229	0.00677
12	0.00656	0.00494	0.00524	0.00524	0.00609	0.00452	0.00341	0.00720	0.00934	0.01159	0.03336	0.04041	0.41076	0.41259	0.01548	0.00323	0.00366	0.00891	0.00384	0.00362
13	0.86003	0.00964	0.00733	0.00655	0.00964	0.01118	0.00540	0.01465	0.00848	0.02236	0.00694	0.00810	0.00540	0.00463	0.00308	0.00154	0.00386	0.00270	0.00308	0.00540
14	0.00607	0.00434	0.00578	0.00694	0.00723	0.00405	0.00463	0.00694	0.00954	0.01272	0.02747	0.82157	0.03297	0.01562	0.00636	0.00202	0.00289	0.01417	0.00463	0.00405
15	0.01009	0.02524	0.76886	0.01484	0.05146	0.01159	0.01830	0.01577	0.01056	0.01580	0.00896	0.01059	0.00638	0.00472	0.00474	0.00157	0.00731	0.00371	0.00212	0.00739
16	0.01236	0.01001	0.01081	0.00968	0.01238	0.01134	0.00753	0.02461	0.66526	0.06079	0.10001	0.02044	0.01836	0.00709	0.00515	0.00167	0.00380	0.00595	0.00517	0.00759
17	0.00973	0.00898	0.01263	0.01119	0.01151	0.01212	0.00918	0.01109	0.00789	0.01221	0.00900	0.01380	0.00857	0.01682	0.24252	0.00380	0.54302	0.00466	0.04617	0.00512
18	0.03299	0.00848	0.00926	0.00849	0.01071	0.00932	0.00657	0.01929	0.46003	0.01995	0.25128	0.02687	0.08382	0.00832	0.00536	0.00166	0.00337	0.02263	0.00510	0.00653
19	0.01094	0.01100	0.01578	0.01337	0.01356	0.01517	0.03866	0.01214	0.00778	0.01214	0.00667	0.01100	0.00658	0.00856	0.01598	0.00216	0.78640	0.00442	0.00219	0.00550
20	0.01862	0.02376	0.01413	0.01284	0.01541	0.80482	0.00963	0.01990	0.01413	0.01220	0.00770	0.00899	0.00642	0.00514	0.00449	0.00128	0.00899	0.00321	0.00257	0.00578
21	0.00720	0.00504	0.00649	0.00649	0.00685	0.00540	0.00433	0.00792	0.00756	0.01044	0.01474	0.02730	0.01581	0.50334	0.34370	0.00613	0.00831	0.00647	0.00288	0.00360
22	0.01285	0.01093	0.01152	0.01023	0.01313	0.01261	0.00800	0.07805	0.73243	0.02158	0.01972	0.01814	0.01475	0.00671	0.00507	0.00168	0.00405	0.00556	0.00507	0.00793
23	0.00607	0.00434	0.00578	0.00694	0.00723	0.00405	0.00463	0.00694	0.00954	0.01272	0.02747	0.82157	0.03297	0.01562	0.00636	0.00202	0.00289	0.01417	0.00463	0.00405
24	0.01323	0.01522	0.01356	0.35215	0.02251	0.36792	0.01084	0.01537	0.01193	0.01255	0.01260	0.01489	0.08777	0.00592	0.00510	0.00150	0.02429	0.00451	0.00262	0.00551
25	0.00713	0.00531	0.00783	0.00783	0.00866	0.00613	0.00601	0.00879	0.00796	0.01144	0.01351	0.02048	0.01285	0.09175	0.75124	0.00779	0.01276	0.00547	0.00269	0.00435
26	0.01034	0.00886	0.01034	0.00738	0.01181	0.00664	0.00591	0.01255	0.01034	0.01624	0.00886	0.01034	0.00738	0.00369	0.00369	0.00074	0.00369	0.00295	0.00295	0.85530
27	0.00712	0.00482	0.00565	0.00576	0.00586	0.00485	0.00340	0.00733	0.00753	0.01010	0.01673	0.11114	0.01923	0.68921	0.07708	0.00477	0.00522	0.00781	0.00316	0.00322
28	0.66361	0.02925	0.00894	0.00730	0.01059	0.01124	0.00605	0.07802	0.01048	0.12257	0.00899	0.00955	0.00657	0.00493	0.00349	0.00153	0.00407	0.00314	0.00361	0.00607
29	0.64734	0.01182	0.09218	0.00841	0.03054	0.02607	0.00736	0.04541	0.02596	0.03858	0.00802	0.00909	0.00610	0.00476	0.00350	0.00153	0.00445	0.00304	0.00314	0.02271
30	0.86003	0.00964	0.00733	0.00655	0.00964	0.01118	0.00540	0.01465	0.00848	0.02236	0.00694	0.00810	0.00540	0.00463	0.00308	0.00154	0.00386	0.00270	0.00308	0.00540
31	0.01234	0.01184	0.02023	0.03059	0.79373	0.01184	0.01530	0.01530	0.01135	0.01628	0.00938	0.01234	0.00790	0.00444	0.00493	0.00148	0.00592	0.00444	0.00247	0.00790
32	0.00938	0.01582	0.36295	0.21685	0.02130	0.00993	0.03206	0.04171	0.01137	0.01570	0.09341	0.01910	0.11669	0.00645	0.00511	0.00161	0.00598	0.00542	0.00293	0.00623
33	0.00721	0.00498	0.00618	0.00618	0.00644	0.00524	0.00395	0.00773	0.00747	0.01022	0.01502	0.02885	0.01649	0.59729	0.25067	0.00575	0.00729	0.00670	0.00292	0.00343
34	0.01149	0.01214	0.04939	0.04530	0.25373	0.01333	0.14741	0.01462	0.04975	0.01463	0.00891	0.01225	0.00758	0.00625	0.00964	0.00181	0.32799	0.00470	0.00248	0.00662
35	0.86003	0.00964	0.00733	0.00655	0.00964	0.01118	0.00540	0.01465	0.00848	0.02236	0.00694	0.00810	0.00540	0.00463	0.00308	0.00154	0.00386	0.00270	0.00308	0.00540
36	0.01183	0.01487	0.18961	0.02703	0.62579	0.01178	0.01598	0.01540	0.01117	0.01618	0.00928	0.01194	0.00755	0.00451	0.00489	0.00150	0.00624	0.00428	0.00239	0.00778
37	0.01862	0.02376	0.01413	0.01284	0.01541	0.80482	0.00963	0.01990	0.01413	0.01220	0.00770	0.00899	0.00642	0.00514	0.00449	0.00128	0.00899	0.00321	0.00257	0.00578
38	0.00668	0.00508	0.00614	0.00588	0.00722	0.00454	0.00441	0.00868	0.01322	0.01787	0.55114	0.04071	0.28831	0.01098	0.00588	0.00161	0.00241	0.00950	0.00521	0.00454
39	0.00714	0.00525	0.00757	0.00757	0.00831	0.00599	0.00568	0.00862	0.00788	0.01124	0.01375	0.02182	0.01343	0.17237	0.67141	0.00747	0.01189	0.00567	0.00273	0.00421
40	0.86003	0.00964	0.00733	0.00655	0.00964	0.01118	0.00540	0.01465	0.00848	0.02236	0.00694	0.00810	0.00540	0.00463	0.00308	0.00154	0.00386	0.00270	0.00308	0.00540
41	0.00589	0.00505	0.00505	0.00505	0.00673	0.00421	0.00379	0.00715	0.01136	0.01347	0.05049	0.04797	0.79171	0.01262	0.00589	0.00168	0.00252	0.01052	0.00463	0.00421
42	0.00607	0.00434	0.00578	0.00694	0.00723	0.00405	0.00463	0.00694	0.00954	0.01272	0.02747	0.82157	0.03297	0.01562	0.00636	0.00202	0.00289	0.01417	0.00463	0.00405
43	0.00941	0.00886	0.01495	0.81285	0.03433	0.01107	0.01384	0.01274	0.00997	0.01274	0.00886	0.01329	0.00664	0.00498	0.00498	0.00166	0.00664	0.00443	0.00221	0.00554
44	0.05479	0.00853	0.01140	0.00878	0.01260	0.00748	0.00725	0.02392	0.01404	0.76719	0.01917	0.01662	0.01207	0.00611	0.00494	0.00154	0.00423	0.00492	0.00605	0.00836
45	0.01072	0.00885	0.01038	0.00743	0.01184	0.00667	0.00595	0.01293	0.01046	0.04124	0.00921	0.01055	0.00754	0.00377	0.00373	0.00076	0.00371	0.00302	0.00306	0.82819
46	0.00941	0.00886	0.01495	0.81285	0.03433	0.01107	0.01384	0.01274	0.00997	0.01274	0.00886	0.01329	0.00664	0.00498	0.00498	0.00166	0.00664	0.00443	0.00221	0.00554
47	0.00728	0.00624	0.00639	0.00615	0.00806	0.00594	0.00467	0.01126	0.17372	0.01516	0.06045	0.04157	0.61237	0.01134	0.00572	0.00168	0.00282	0.00946	0.00474	0.00499
48	0.21793	0.01026	0.01150	0.00904	0.01275	0.01046	0.00746	0.22882	0.01543	0.40508	0.01457	0.01351	0.00965	0.00576	0.00455	0.00153	0.00449	0.00433	0.00512	0.00776
49	0.01908	0.01375	0.01483	0.01137	0.01535	0.01514	0.00939	0.74797	0.02308	0.06105	0.01227	0.01216	0.00863	0.00599	0.00499	0.00150	0.00544	0.00451	0.00503	0.00848
50	0.01240	0.01071	0.01127	0.01014	0.01296	0.01240	0.00789	0.02649	0.78473	0.02085	0.02029	0.01860	0.01522	0.00676	0.00507	0.00169	0.00394	0.00564	0.00507	0.00789
51	0.01000	0.02578	0.79900	0.01421	0.02157	0.01158	0.01842	0.01579	0.01052	0.01579	0.00895	0.01052	0.00631	0.00474	0.00474	0.00158	0.00737	0.00368	0.00210	0.00737
52	0.48193	0.01049	0.01008	0.00825	0.01171	0.01148	0.00680	0.20717	0.01338	0.17990	0.01075	0.01084	0.00756	0.00528	0.00395	0.00153	0.00434	0.00361	0.00418	0.00679
53	0.00609	0.00500	0.00528	0.00532	0.00677	0.00428	0.00390	0.00737	0.01132	0.01390	0.12302	0.09690	0.62776	0.05245	0.00688	0.00185	0.00264	0.01044	0.00464	0.00419
54	0.00705	0.00510	0.00666	0.00627	0.00745	0.00470	0.00470	0.00941	0.01411	0.01999	0.79110	0.03723	0.04703	0.01019	0.00588	0.00157	0.00235	0.00901	0.00549	0.00470
55	0.00664	0.00490	0.00554	0.00565	0.00635	0.00465	0.00371	0.00732	0.00899	0.01146	0.02903	0.11079	0.29512	0.39517	0.08017	0.00370	0.00452	0.00891	0.00372	0.00366
56	0.01864	0.01283	0.01406	0.01096	0.01479	0.01399	0.00899	0.58596	0.11216	0.13437	0.01400	0.01343	0.00980	0.00610	0.00500	0.00153	0.00513	0.00469	0.00516	0.00841
57	0.01618	0.00713	0.00950	0.00775	0.01057	0.00625	0.00622	0.01820	0.01401	0.48679	0.27617	0.02579	0.07759	0.00794	0.00536	0.00156	0.00350	0.00671	0.00584	0.00694
58	0.01034	0.00886	0.01034	0.00738	0.01181	0.00664	0.00591	0.01255	0.01034	0.01624	0.00886	0.01034	0.00738	0.00369	0.00369	0.00074	0.00369	0.00295	0.00295	0.85530
59	0.00712	0.00534	0.00801	0.00801	0.00890	0.00623	0.00623	0.00890	0.00801	0.01157	0.01335	0.01958	0.01246	0.03738	0.80507	0.00801	0.01335	0.00534	0.00267	0.00445
60	0.00941	0.00886	0.01495	0.81285	0.03433	0.01107	0.01384	0.01274	0.00997	0.01274	0.00886	0.01329	0.00664	0.00498	0.00498	0.00166	0.00664	0.00443	0.00221	0.00554
61	0.01425	0.00877	0.01062	0.00826	0.01195	0.00761	0.00659	0.06983	0.06758	0.25162	0.01506	0.09697	0.01215	0.00605	0.00455	0.00123	0.00392	0.00503	0.00438	0.39358
62	0.01208	0.00853	0.01065	0.00787	0.01188	0.00671	0.02545	0.01431	0.01143	0.14962	0.09074	0.01429	0.01229	0.00479	0.00420	0.00098	0.00377	0.00400	0.00375	0.60267
63	0.02957	0.03539	0.23673	0.01267	0.01722	0.22679	0.03010	0.29395	0.03571	0.02066	0.00995	0.01082	0.00737	0.00532	0.00474	0.00146	0.00696	0.00391	0.00338	0.00729
64	0.01676	0.01287	0.01373	0.01103	0.01462	0.01443	0.00894	0.52604	0.27808	0.02788	0.01475	0.01418	0.01073	0.00624	0.00501	0.00156	0.00497	0.00487	0.00501	0.00828
65	0.00919	0.00569	0.00747	0.00674	0.00838	0.00514	0.00514	0.01139	0.01359	0.12201	0.59591	0.07333	0.03909	0.01016	0.02165	0.00168	0.00291	0.00838	0.00535	0.04681
66	0.01082	0.02598	0.01522	0.01284	0.01292	0.01505	0.01069	0.01191	0.00773	0.01201	0.00711	0.03262	0.00725	0.00883	0.01584	0.00216	0.77875	0.00459	0.00225	0.00543
67	0.01351	0.02787	0.01150	0.00973	0.01260	0.08256	0.00767	0.10430	0.41339	0.07669	0.08798	0.01995	0.04522	0.00699	0.00506	0.00157	0.00443	0.02235	0.00478	0.04187
68	0.01332	0.59037	0.10781	0.00936	0.01379	0.01747	0.00949	0.11538	0.01199	0.01486	0.01006	0.01086	0.04716	0.00497	0.00374	0.00121	0.00543	0.00342	0.00264	0.00666
69	0.00633	0.00507	0.00566	0.00551	0.00700	0.00440	0.00414	0.00801	0.01241	0.01595	0.33272	0.04388	0.50793	0.01170	0.00589	0.00164	0.00246	0.00995	0.00496	0.00440
70	0.01489	0.01135	0.01230	0.01030	0.01347	0.01261	0.00830	0.33910	0.34394	0.05345	0.05154	0.01925	0.03396	0.00707	0.00518	0.00163	0.00453	0.04431	0.00506	0.00776
71	0.01914	0.00881	0.01140	0.00860	0.01261	0.00750	0.00705	0.05348	0.01365	0.56475	0.01657	0.01506	0.01091	0.00553	0.00467	0.00133	0.00415	0.00446	0.00530	0.22502
72	0.26349	0.01258	0.01260	0.00999	0.01367	0.01410	0.00823	0.52709	0.04759	0.02838	0.01082	0.01109	0.00783	0.00562	0.00444	0.00152	0.00495	0.00401	0.00444	0.00756
73	0.00698	0.00508	0.00656	0.00622	0.00741	0.00467	0.00465	0.00924	0.01388	0.01951	0.73826	0.05284	0.08516	0.01042	0.00589	0.00158	0.00237	0.00919	0.00543	0.00467
74	0.01034	0.00886	0.01034	0.00738	0.01181	0.00664	0.00591	0.01255	0.01034	0.01624	0.00886	0.01034	0.00738	0.00369	0.00369	0.00074	0.00369	0.00295	0.00295	0.85530
75	0.00641	0.00467	0.00607	0.00681	0.00748	0.00433	0.00484	0.00773	0.01080	0.01445	0.18475	0.52834	0.10646	0.01408	0.00626	0.00192	0.00288	0.07267	0.00480	0.00424
76	0.00654	0.00472	0.00629	0.00737	0.00796	0.00447	0.00541	0.00778	0.01013	0.01331	0.02861	0.58741	0.07817	0.01498	0.00646	0.00207	0.00328	0.19624	0.00462	0.00419
77	0.00606	0.00437	0.00575	0.00684	0.00720	0.00406	0.00458	0.00695	0.00964	0.01276	0.02866	0.78168	0.07209	0.01546	0.00634	0.00201	0.00287	0.01398	0.00463	0.00406
78	0.02236	0.00848	0.01157	0.00887	0.01272	0.00733	0.00733	0.02429	0.01427	0.79719	0.01966	0.01697	0.01234	0.00617	0.00501	0.00154	0.00424	0.00501	0.00617	0.00848
79	0.00725	0.00483	0.00544	0.00544	0.00544	0.00483	0.00302	0.00725	0.00725	0.00966	0.01571	0.03262	0.01812	0.82483	0.02537	0.00483	0.00483	0.00725	0.00302	0.00302
80	0.02236	0.00848	0.01157	0.00887	0.01272	0.00733	0.00733	0.02429	0.01427	0.79719	0.01966	0.01697	0.01234	0.00617	0.00501	0.00154	0.00424	0.00501	0.00617	0.00848
81	0.01299	0.64078	0.16579	0.00978	0.01452	0.05873	0.01038	0.01534	0.01041	0.01249	0.00734	0.00851	0.00638	0.00439	0.00354	0.00117	0.00589	0.00288	0.00215	0.00654
82	0.00725	0.00483	0.00544	0.00544	0.00544	0.00483	0.00302	0.00725	0.00725	0.00966	0.01571	0.03262	0.01812	0.82483	0.02537	0.00483	0.00483	0.00725	0.00302	0.00302
83	0.02236	0.00848	0.01157	0.00887	0.01272	0.00733	0.00733	0.02429	0.01427	0.79719	0.01966	0.01697	0.01234	0.00617	0.00501	0.00154	0.00424	0.00501	0.00617	0.00848
84	0.00941	0.00886	0.01495	0.81285	0.03433	0.01107	0.01384	0.01274	0.00997	0.01274	0.00886	0.01329	0.00664	0.00498	0.00498	0.00166	0.00664	0.00443	0.00221	0.00554
85	0.01086	0.01034	0.01757	0.42546	0.41040	0.01145	0.01456	0.01400	0.01065	0.01449	0.00912	0.01282	0.00726	0.00471	0.00496	0.00157	0.00629	0.00444	0.00234	0.00670
86	0.01220	0.01222	0.02237	0.02836	0.61497	0.01202	0.19235	0.01545	0.01145	0.01621	0.00954	0.01259	0.00782	0.00439	0.00516	0.00153	0.00650	0.00478	0.00248	0.00762
87	0.01579	0.01839	0.01688	0.02084	0.36594	0.44769	0.01218	0.01783	0.01288	0.01404	0.00846	0.01050	0.00708	0.00482	0.00469	0.00137	0.00761	0.00376	0.00252	0.00673
88	0.00713	0.00531	0.00788	0.00788	0.00872	0.00616	0.00606	0.00882	0.00797	0.01147	0.01347	0.02025	0.01275	0.07799	0.76487	0.00785	0.01291	0.00544	0.00269	0.00438
89	0.00866	0.00433	0.00649	0.00649	0.00649	0.00433	0.00433	0.00649	0.00649	0.00866	0.00866	0.01515	0.00866	0.01732	0.01948	0.85498	0.00433	0.00433	0.00216	0.00216
90	0.02191	0.00921	0.01202	0.00921	0.01309	0.00840	0.00761	0.12381	0.01548	0.69595	0.01865	0.01630	0.01183	0.00614	0.00501	0.00154	0.00441	0.00494	0.00601	0.00848
91	0.01234	0.01184	0.02023	0.03059	0.79373	0.01184	0.01530	0.01530	0.01135	0.01628	0.00938	0.01234	0.00790	0.00444	0.00493	0.00148	0.00592	0.00444	0.00247	0.00790
92	0.01333	0.82783	0.02612	0.00853	0.01279	0.01972	0.00853	0.01493	0.01013	0.01173	0.00693	0.00800	0.00640	0.00426	0.00320	0.00107	0.00533	0.00267	0.00213	0.00640
93	0.00599	0.00466	0.00545	0.00609	0.00701	0.00412	0.00425	0.00704	0.01036	0.01306	0.03784	0.47326	0.37459	0.01427	0.00615	0.00187	0.00273	0.01253	0.00463	0.00412
94	0.00605	0.00506	0.00527	0.00522	0.00683	0.00428	0.00391	0.00746	0.01174	0.01436	0.15217	0.04650	0.68947	0.01229	0.00589	0.00167	0.00250	0.01031	0.00475	0.00428
95	0.00725	0.00483	0.00544	0.00544	0.00544	0.00483	0.00302	0.00725	0.00725	0.00966	0.01571	0.03262	0.01812	0.82483	0.02537	0.00483	0.00483	0.00725	0.00302	0.00302
96	0.00614	0.00439	0.00584	0.00689	0.00724	0.00409	0.00463	0.00711	0.00986	0.01323	0.08020	0.76742	0.03394	0.01524	0.00633	0.00199	0.00285	0.01381	0.00469	0.00409
97	0.00689	0.00509	0.00643	0.00609	0.00734	0.00463	0.00457	0.00908	0.01371	0.01905	0.68449	0.03878	0.15423	0.01054	0.00588	0.00158	0.00238	0.00923	0.00536	0.00463
98	0.01260	0.01081	0.01139	0.01019	0.01304	0.01249	0.00794	0.05020	0.76067	0.02118	0.02002	0.01839	0.01500	0.00674	0.00507	0.00168	0.00399	0.00560	0.00507	0.00791
99	0.01061	0.17317	0.65697	0.01316	0.01996	0.01307	0.01660	0.01563	0.01045	0.01504	0.00857	0.01006	0.00633	0.00465	0.00445	0.00148	0.00699	0.00350	0.00211	0.00719
100	0.01168	0.01318	0.02795	0.02019	0.02471	0.01288	0.69650	0.01556	0.01134	0.01556	0.00972	0.01318	0.00746	0.00467	0.00697	0.00173	0.09194	0.00573	0.00249	0.00659
101	0.01000	0.02578	0.79900	0.01421	0.02157	0.01158	0.01842	0.01579	0.01052	0.01579	0.00895	0.01052	0.00631	0.00474	0.00474	0.00158	0.00737	0.00368	0.00210	0.00737
102	0.01176	0.01345	0.02941	0.02101	0.02605	0.01261	0.77563	0.01597	0.01176	0.01597	0.01008	0.01345	0.00756	0.00420	0.00588	0.00168	0.00840	0.00588	0.00252	0.00672
103	0.00607	0.00434	0.00578	0.00694	0.00723	0.00405	0.00463	0.00694	0.00954	0.01272	0.02747	0.82157	0.03297	0.01562	0.00636	0.00202	0.00289	0.01417	0.00463	0.00405
104	0.86003	0.00964	0.00733	0.00655	0.00964	0.01118	0.00540	0.01465	0.00848	0.02236	0.00694	0.00810	0.00540	0.00463	0.00308	0.00154	0.00386	0.00270	0.00308	0.00540
105	0.00800	0.00571	0.00798	0.00908	0.01023	0.00570	0.00792	0.01029	0.01157	0.01509	0.05302	0.05556	0.02933	0.01364	0.00685	0.00227	0.00451	0.73402	0.00462	0.00459
106	0.01143	0.01429	0.10662	0.01895	0.02337	0.01295	0.56635	0.01527	0.01093	0.01527	0.00936	0.01271	0.00726	0.00503	0.00756	0.00176	0.14652	0.00539	0.00242	0.00657
107	0.02236	0.00848	0.01157	0.00887	0.01272	0.00733	0.00733	0.02429	0.01427	0.79719	0.01966	0.01697	0.01234	0.00617	0.00501	0.00154	0.00424	0.00501	0.00617	0.00848
108	0.00823	0.00448	0.00617	0.00617	0.00617	0.00448	0.00393	0.00672	0.00672	0.00896	0.01080	0.02047	0.01154	0.26329	0.02127	0.59602	0.00448	0.00522	0.00243	0.00243
109	0.00606	0.00437	0.00575	0.00685	0.00721	0.00406	0.00459	0.00695	0.00963	0.01276	0.02860	0.78370	0.07011	0.01547	0.00634	0.00201	0.00287	0.01399	0.00463	0.00406
110	0.03802	0.06578	0.67778	0.01347	0.02030	0.01226	0.01685	0.07011	0.01136	0.01690	0.00899	0.01042	0.00644	0.00480	0.00462	0.00155	0.00701	0.00366	0.00234	0.00733
111	0.02236	0.00848	0.01157	0.00887	0.01272	0.00733	0.00733	0.02429	0.01427	0.79719	0.01966	0.01697	0.01234	0.00617	0.00501	0.00154	0.00424	0.00501	0.00617	0.00848
112	0.00712	0.00534	0.00801	0.00801	0.00890	0.00623	0.00623	0.00890	0.00801	0.01157	0.01335	0.01958	0.01246	0.03738	0.80507	0.00801	0.01335	0.00534	0.00267	0.00445
113	0.00978	0.00910	0.01252	0.01100	0.01108	0.01222	0.00881	0.01071	0.00759	0.01147	0.00911	0.01628	0.00953	0.18271	0.09298	0.00329	0.56951	0.00506	0.00240	0.00485
114	0.39520	0.22492	0.10702	0.00891	0.01287	0.06860	0.00846	0.09411	0.01109	0.01907	0.00775	0.00882	0.00615	0.00472	0.00360	0.00140	0.00518	0.00303	0.00288	0.00623
115	0.50206	0.03306	0.15091	0.00887	0.01283	0.01195	0.00850	0.09298	0.08922	0.03491	0.00938	0.01014	0.00701	0.00502	0.00381	0.00155	0.00470	0.00339	0.00333	0.00639
116	0.12127	0.39840	0.31912	0.01044	0.01567	0.01523	0.01186	0.01510	0.01002	0.01465	0.00783	0.00921	0.00636	0.00517	0.02015	0.00147	0.00608	0.00311	0.00226	0.00660
117	0.03805	0.10548	0.18447	0.17384	0.06032	0.05546	0.01138	0.05328	0.01147	0.04029	0.01454	0.01798	0.08871	0.00620	0.00477	0.00151	0.00575	0.05659	0.00298	0.06694

[dist]
# distance from previous block
# <min> <max>
1	7

[block]
# block no. 3 follows, 50 sequences, length 28
# corresponding to MSA columns:
# 220-245,247,248
name=unknown_D
#
# <colnr> <probs for GDERKNQSTAVLIFYWHMCP>
#	G	D	E	R	K	N	Q	S	T	A	V	L	I	F	Y	W	H	M	C	P
0	0.01491	0.01250	0.01460	0.22652	0.14316	0.14328	0.01089	0.11806	0.04067	0.14071	0.01128	0.01277	0.00832	0.00520	0.00480	0.00145	0.00605	0.00425	0.00347	0.07711
1	0.00682	0.00563	0.00691	0.00670	0.00789	0.00582	0.00513	0.00821	0.00997	0.01291	0.07287	0.03495	0.41118	0.06394	0.24558	0.00377	0.07539	0.00819	0.00379	0.00435
2	0.00607	0.00434	0.00578	0.00694	0.00723	0.00405	0.00463	0.00694	0.00954	0.01272	0.02747	0.82157	0.03297	0.01562	0.00636	0.00202	0.00289	0.01417	0.00463	0.00405
3	0.01238	0.27955	0.05359	0.21691	0.03983	0.15580	0.07596	0.01478	0.01104	0.01296	0.02565	0.06168	0.00911	0.00546	0.00448	0.00141	0.00648	0.00443	0.00250	0.00599
4	0.01506	0.00975	0.01141	0.00903	0.01235	0.00978	0.00733	0.29573	0.01550	0.16156	0.01329	0.01431	0.00995	0.01063	0.13469	0.00238	0.00591	0.00442	0.07444	0.18249
5	0.86003	0.00964	0.00733	0.00655	0.00964	0.01118	0.00540	0.01465	0.00848	0.02236	0.00694	0.00810	0.00540	0.00463	0.00308	0.00154	0.00386	0.00270	0.00308	0.00540
6	0.01367	0.01402	0.01162	0.01069	0.01289	0.29260	0.00839	0.10541	0.14225	0.01629	0.01609	0.03645	0.05003	0.01095	0.09146	0.00232	0.03636	0.11879	0.00371	0.00600
7	0.00607	0.00434	0.00578	0.00694	0.00723	0.00405	0.00463	0.00694	0.00954	0.01272	0.02747	0.82157	0.03297	0.01562	0.00636	0.00202	0.00289	0.01417	0.00463	0.00405
8	0.05491	0.00988	0.04858	0.17913	0.01673	0.04116	0.00836	0.01270	0.01003	0.01505	0.00928	0.01196	0.00767	0.00835	0.10442	0.00195	0.00593	0.00360	0.00271	0.44761
9	0.29938	0.00887	0.01016	0.00810	0.01170	0.00860	0.00669	0.02110	0.01235	0.54096	0.01546	0.01403	0.01004	0.00566	0.00437	0.00154	0.00411	0.00425	0.00515	0.00746
10	0.00968	0.00913	0.01542	0.74260	0.10253	0.01114	0.01397	0.01297	0.01009	0.01305	0.00891	0.01320	0.00676	0.00493	0.00498	0.00164	0.00658	0.00443	0.00224	0.00575
11	0.02236	0.00848	0.01157	0.00887	0.01272	0.00733	0.00733	0.02429	0.01427	0.79719	0.01966	0.01697	0.01234	0.00617	0.00501	0.00154	0.00424	0.00501	0.00617	0.00848
12	0.86003	0.00964	0.00733	0.00655	0.00964	0.01118	0.00540	0.01465	0.00848	0.02236	0.00694	0.00810	0.00540	0.00463	0.00308	0.00154	0.00386	0.00270	0.00308	0.00540
13	0.01976	0.01337	0.01406	0.01093	0.01478	0.07425	0.00896	0.53322	0.02046	0.21870	0.01354	0.01297	0.00927	0.00596	0.00495	0.00149	0.00545	0.00452	0.00509	0.00827
14	0.00598	0.00470	0.00540	0.00596	0.00697	0.00413	0.00419	0.00705	0.01048	0.01311	0.03935	0.42242	0.42445	0.01407	0.00612	0.00185	0.00270	0.01229	0.00463	0.00413
15	0.01089	0.01205	0.02549	0.01846	0.02289	0.01125	0.64695	0.01470	0.01194	0.01613	0.08334	0.01824	0.07150	0.00539	0.00588	0.00167	0.00741	0.00652	0.00295	0.00635
16	0.02236	0.00848	0.01157	0.00887	0.01272	0.00733	0.00733	0.02429	0.01427	0.79719	0.01966	0.01697	0.01234	0.00617	0.00501	0.00154	0.00424	0.00501	0.00617	0.00848
17	0.02236	0.00848	0.01157	0.00887	0.01272	0.00733	0.00733	0.02429	0.01427	0.79719	0.01966	0.01697	0.01234	0.00617	0.00501	0.00154	0.00424	0.00501	0.00617	0.00848
18	0.00597	0.00472	0.00539	0.00591	0.00696	0.00413	0.00417	0.00706	0.01053	0.01313	0.03996	0.40206	0.44442	0.01399	0.00611	0.00184	0.00269	0.01219	0.00463	0.00413
19	0.01862	0.02376	0.01413	0.01284	0.01541	0.80482	0.00963	0.01990	0.01413	0.01220	0.00770	0.00899	0.00642	0.00514	0.00449	0.00128	0.00899	0.00321	0.00257	0.00578
20	0.00625	0.00469	0.00560	0.00624	0.00699	0.00427	0.00431	0.00720	0.00995	0.01270	0.03352	0.43842	0.27874	0.11250	0.00853	0.00227	0.00308	0.04629	0.00443	0.00400
21	0.01000	0.02578	0.79900	0.01421	0.02157	0.01158	0.01842	0.01579	0.01052	0.01579	0.00895	0.01052	0.00631	0.00474	0.00474	0.00158	0.00737	0.00368	0.00210	0.00737
22	0.00674	0.00507	0.00625	0.00609	0.00736	0.00458	0.00458	0.00874	0.01309	0.01777	0.53550	0.07805	0.23828	0.01121	0.00594	0.00165	0.00250	0.03688	0.00519	0.00454
23	0.01176	0.01345	0.02941	0.02101	0.02605	0.01261	0.77563	0.01597	0.01176	0.01597	0.01008	0.01345	0.00756	0.00420	0.00588	0.00168	0.00840	0.00588	0.00252	0.00672
24	0.03775	0.57306	0.02242	0.00932	0.01347	0.01827	0.00871	0.23286	0.01389	0.01764	0.00837	0.00913	0.00696	0.00477	0.00371	0.00120	0.00533	0.00319	0.00297	0.00696
25	0.00642	0.00448	0.00568	0.00650	0.00670	0.00428	0.00415	0.00703	0.00887	0.01182	0.02401	0.58922	0.02859	0.25393	0.01196	0.00285	0.00346	0.01213	0.00415	0.00375
26	0.01286	0.48457	0.26948	0.01081	0.01586	0.10437	0.01178	0.01575	0.01070	0.01306	0.00765	0.00891	0.00637	0.00451	0.00383	0.00125	0.00638	0.00305	0.00217	0.00663
27	0.00616	0.00503	0.00544	0.00541	0.00691	0.00431	0.00403	0.00764	0.01188	0.01487	0.21274	0.08244	0.59134	0.01223	0.00591	0.00167	0.00250	0.01036	0.00482	0.00431

[dist]
# distance from previous block
# <min> <max>
0	6

[block]
# block no. 4 follows, 50 sequences, length 45
# corresponding to MSA columns:
# 255-294,300-304
name=unknown_E
#
# <colnr> <probs for GDERKNQSTAVLIFYWHMCP>
#	G	D	E	R	K	N	Q	S	T	A	V	L	I	F	Y	W	H	M	C	P
0	0.01487	0.51978	0.07012	0.00999	0.01418	0.11743	0.00946	0.16278	0.01323	0.01584	0.00812	0.00904	0.00680	0.00474	0.00380	0.00121	0.00595	0.00315	0.00274	0.00678
