[name]
unknown

[dist]
# distance from previous block
# <min> <max>
0	25

[block]
# block no. 0 follows, 46 sequences, length 13
# corresponding to MSA columns:
# 25-37
name=unknown_A
#
# <colnr> <probs for GDERKNQSTAVLIFYWHMCP>
#	G	D	E	R	K	N	Q	S	T	A	V	L	I	F	Y	W	H	M	C	P
0	0.09875	0.00814	0.00950	0.00920	0.01139	0.00840	0.00752	0.06684	0.12424	0.05260	0.02155	0.11000	0.02151	0.04321	0.00682	0.00210	0.00449	0.31078	0.00467	0.07831
1	0.01325	0.00944	0.01101	0.08450	0.01338	0.00989	0.00716	0.26452	0.01447	0.05859	0.01408	0.02193	0.01310	0.33863	0.01405	0.00298	0.00538	0.00582	0.00399	0.09382
2	0.01402	0.01224	0.01622	0.01921	0.32971	0.04318	0.01133	0.19665	0.01487	0.02066	0.01207	0.08108	0.01063	0.00598	0.00507	0.00144	0.00551	0.00521	0.00358	0.19132
3	0.00804	0.00712	0.00715	0.00769	0.00893	0.08019	0.00577	0.00943	0.01166	0.01416	0.03569	0.31991	0.29885	0.01399	0.00648	0.00200	0.00388	0.14973	0.00469	0.00464
4	0.00964	0.00894	0.01493	0.72548	0.03366	0.01103	0.01375	0.01292	0.01053	0.01351	0.01129	0.09036	0.00972	0.00636	0.00543	0.00180	0.00667	0.00569	0.00259	0.00572
5	0.01085	0.01254	0.08825	0.48004	0.03238	0.01232	0.25746	0.01490	0.01124	0.01490	0.00983	0.01389	0.00733	0.00499	0.00557	0.00176	0.00772	0.00513	0.00244	0.00645
6	0.00998	0.00940	0.01586	0.80150	0.03641	0.01175	0.01468	0.01351	0.01057	0.01351	0.00940	0.01409	0.00705	0.00529	0.00529	0.00176	0.00705	0.00470	0.00235	0.00587
7	0.45110	0.01596	0.01137	0.00996	0.01318	0.27779	0.00786	0.12356	0.01328	0.02142	0.00839	0.00949	0.00656	0.00530	0.00407	0.00154	0.00618	0.00332	0.00337	0.00633
8	0.00961	0.00500	0.00530	0.00530	0.00650	0.00510	0.00400	0.01202	0.01082	0.01893	0.01692	0.01982	0.01352	0.00966	0.08620	0.00199	0.00369	0.00500	0.75571	0.00491
9	0.00706	0.00512	0.00678	0.00768	0.00835	0.00498	0.00564	0.00836	0.01037	0.01369	0.02860	0.45206	0.09573	0.07393	0.09041	0.00305	0.00471	0.16452	0.00456	0.00440
10	0.00705	0.00503	0.00672	0.00731	0.00772	0.00515	0.00499	0.00803	0.00909	0.01239	0.02196	0.40439	0.02510	0.21055	0.23447	0.00465	0.00670	0.01065	0.00392	0.00416
11	0.25786	0.00713	0.00728	0.00689	0.00897	0.00717	0.00526	0.01239	0.01104	0.11145	0.07209	0.14649	0.21019	0.07939	0.00715	0.00208	0.00365	0.03369	0.00453	0.00530
12	0.00903	0.00670	0.00747	0.00706	0.00873	0.00660	0.00517	0.01313	0.16633	0.05585	0.16989	0.07167	0.28652	0.15098	0.00964	0.00235	0.00349	0.00908	0.00496	0.00536

[dist]
# distance from previous block
# <min> <max>
0	1

[block]
# block no. 1 follows, 46 sequences, length 16
# corresponding to MSA columns:
# 39-54
name=unknown_B
#
# <colnr> <probs for GDERKNQSTAVLIFYWHMCP>
#	G	D	E	R	K	N	Q	S	T	A	V	L	I	F	Y	W	H	M	C	P
0	0.01249	0.00649	0.00823	0.00717	0.00920	0.00581	0.00542	0.01424	0.01332	0.26153	0.29223	0.03363	0.14936	0.14607	0.00945	0.00226	0.00361	0.00815	0.00546	0.00588
1	0.00704	0.00484	0.00603	0.00671	0.00735	0.00453	0.00459	0.00832	0.01086	0.01507	0.12661	0.50357	0.09369	0.06865	0.00766	0.00215	0.00303	0.01233	0.10259	0.00440
2	0.00712	0.00539	0.00656	0.00627	0.00767	0.00483	0.00470	0.00927	0.01410	0.01916	0.56431	0.04285	0.26529	0.01157	0.00624	0.00170	0.00255	0.01003	0.00555	0.00483
3	0.00674	0.00480	0.00640	0.00757	0.00797	0.00454	0.00525	0.00779	0.01025	0.01362	0.02845	0.68895	0.03374	0.05161	0.00770	0.00231	0.00337	0.09980	0.00483	0.00431
4	0.01096	0.00681	0.00813	0.00741	0.00952	0.00639	0.00568	0.01451	0.11371	0.16948	0.23447	0.11086	0.25944	0.01083	0.00599	0.00176	0.00323	0.00927	0.00554	0.00600
5	0.01096	0.00940	0.01096	0.00783	0.01253	0.00705	0.00626	0.01331	0.01096	0.01723	0.00940	0.01096	0.00783	0.00392	0.00392	0.00078	0.00392	0.00313	0.00313	0.84653
6	0.00928	0.00495	0.00514	0.00520	0.00615	0.00494	0.00366	0.01120	0.01038	0.01759	0.01767	0.05848	0.01562	0.16333	0.00834	0.00203	0.00301	0.00592	0.64255	0.00456
7	0.01024	0.00826	0.00892	0.00836	0.01060	0.00872	0.00637	0.01809	0.37254	0.04581	0.07902	0.11474	0.26626	0.01037	0.00585	0.00181	0.00349	0.00880	0.00525	0.00649
8	0.00681	0.00529	0.00619	0.00615	0.00753	0.00467	0.00454	0.00860	0.01310	0.01720	0.36660	0.13442	0.37464	0.01263	0.00630	0.00177	0.00264	0.01091	0.00531	0.00467
9	0.05173	0.00548	0.00637	0.00675	0.00791	0.00513	0.00497	0.00872	0.01148	0.01552	0.15279	0.25977	0.26820	0.07558	0.00795	0.00219	0.00328	0.09683	0.00483	0.00451
10	0.00680	0.00502	0.00625	0.00702	0.00777	0.00465	0.00498	0.00798	0.01078	0.01399	0.06731	0.44924	0.19811	0.08840	0.00852	0.00235	0.00335	0.09835	0.00479	0.00433
11	0.00759	0.00541	0.00720	0.00795	0.00880	0.00523	0.00616	0.00932	0.01164	0.01555	0.16952	0.26740	0.05122	0.09914	0.00900	0.00248	0.00388	0.30309	0.00488	0.00454
12	0.00706	0.00532	0.00631	0.00615	0.00739	0.00480	0.00445	0.00882	0.01297	0.01734	0.42098	0.07185	0.28758	0.10546	0.00867	0.00212	0.00288	0.01008	0.00518	0.00458
13	0.00727	0.00560	0.00682	0.00740	0.00880	0.00515	0.00600	0.00908	0.01209	0.01522	0.07942	0.11796	0.36898	0.01402	0.00672	0.00208	0.00360	0.31423	0.00494	0.00464
14	0.79206	0.01014	0.00809	0.00713	0.01046	0.01157	0.00587	0.01627	0.00944	0.07842	0.00833	0.00926	0.00625	0.00502	0.00342	0.00164	0.00412	0.00304	0.00351	0.00596
15	0.01148	0.00986	0.01120	0.00852	0.01281	0.00848	0.00676	0.01679	0.18986	0.01838	0.01225	0.01302	0.00978	0.00468	0.00426	0.00102	0.00398	0.00380	0.00366	0.64942

[dist]
# distance from previous block
# <min> <max>
0	3

[block]
# block no. 2 follows, 46 sequences, length 44
# corresponding to MSA columns:
# 58-101
name=unknown_C
#
# <colnr> <probs for GDERKNQSTAVLIFYWHMCP>
#	G	D	E	R	K	N	Q	S	T	A	V	L	I	F	Y	W	H	M	C	P
0	0.01465	0.01156	0.01215	0.01053	0.01370	0.03018	0.00830	0.13610	0.52910	0.08191	0.02219	0.02059	0.07042	0.00742	0.00541	0.00174	0.00446	0.00606	0.00536	0.00817
1	0.01060	0.02735	0.78682	0.01507	0.02288	0.01228	0.01953	0.01674	0.01116	0.01674	0.00949	0.01116	0.00670	0.00502	0.00502	0.00167	0.00781	0.00391	0.00223	0.00781
2	0.01250	0.01418	0.03066	0.02196	0.02725	0.01336	0.74122	0.01724	0.03344	0.01708	0.01099	0.01441	0.00825	0.00453	0.00622	0.00178	0.00878	0.00623	0.00275	0.00716
3	0.01876	0.01469	0.01489	0.01190	0.01576	0.07226	0.00965	0.53662	0.17657	0.05222	0.01441	0.01406	0.01042	0.00646	0.00527	0.00161	0.00572	0.00493	0.00516	0.00865
4	0.00703	0.00502	0.00681	0.00803	0.00860	0.00480	0.00593	0.00838	0.01070	0.01415	0.02881	0.59853	0.03368	0.01601	0.00690	0.00223	0.00358	0.22146	0.00490	0.00446
5	0.01780	0.01367	0.01457	0.01170	0.01552	0.01532	0.00949	0.52084	0.27135	0.02962	0.01560	0.01501	0.01135	0.00662	0.00532	0.00165	0.00528	0.00516	0.00532	0.00878
6	0.01248	0.01426	0.03119	0.02228	0.02763	0.01337	0.76203	0.01693	0.01248	0.01693	0.01070	0.01426	0.00802	0.00446	0.00624	0.00178	0.00891	0.00624	0.00267	0.00713
7	0.01045	0.01009	0.01773	0.67065	0.09004	0.01196	0.08636	0.01403	0.01086	0.01411	0.00956	0.01404	0.00724	0.00516	0.00537	0.00175	0.00717	0.00485	0.00240	0.00618
8	0.00696	0.00498	0.00671	0.00778	0.00836	0.00473	0.00565	0.00834	0.01100	0.01470	0.09989	0.58422	0.03545	0.01562	0.00681	0.00216	0.00338	0.16379	0.00499	0.00448
9	0.18165	0.00923	0.01141	0.00894	0.01287	0.00855	0.00738	0.02381	0.01396	0.63968	0.01828	0.01620	0.01168	0.00623	0.00493	0.00164	0.00442	0.00485	0.00592	0.00837
10	0.01060	0.02735	0.78682	0.01507	0.02288	0.01228	0.01953	0.01674	0.01116	0.01674	0.00949	0.01116	0.00670	0.00502	0.00502	0.00167	0.00781	0.00391	0.00223	0.00781
11	0.00918	0.00499	0.00519	0.00519	0.00604	0.00499	0.00354	0.01088	0.01003	0.01677	0.01706	0.02433	0.01531	0.25689	0.01090	0.00244	0.00329	0.00578	0.58281	0.00439
12	0.01176	0.01239	0.02191	0.09252	0.02131	0.01468	0.29960	0.01441	0.01001	0.01441	0.00861	0.01284	0.00736	0.00703	0.01193	0.00206	0.42312	0.00525	0.00245	0.00631
13	0.00834	0.00595	0.00812	0.00912	0.01024	0.00591	0.00776	0.01051	0.01184	0.01544	0.05432	0.05628	0.05081	0.09100	0.00911	0.00265	0.00475	0.62842	0.00474	0.00470
14	0.00998	0.00940	0.01586	0.80150	0.03641	0.01175	0.01468	0.01351	0.01057	0.01351	0.00940	0.01409	0.00705	0.00529	0.00529	0.00176	0.00705	0.00470	0.00235	0.00587
15	0.00701	0.00501	0.00677	0.00794	0.00851	0.00477	0.00583	0.00837	0.01082	0.01437	0.05698	0.59117	0.03437	0.01585	0.00687	0.00220	0.00350	0.20025	0.00493	0.00447
16	0.01248	0.01426	0.03119	0.02228	0.02763	0.01337	0.76203	0.01693	0.01248	0.01693	0.01070	0.01426	0.00802	0.00446	0.00624	0.00178	0.00891	0.00624	0.00267	0.00713
17	0.00755	0.00566	0.00850	0.00850	0.00944	0.00661	0.00661	0.00944	0.00850	0.01227	0.01416	0.02077	0.01322	0.03965	0.79326	0.00850	0.01416	0.00566	0.00283	0.00472
18	0.00644	0.00460	0.00613	0.00736	0.00767	0.00429	0.00491	0.00736	0.01012	0.01350	0.02914	0.81076	0.03497	0.01656	0.00675	0.00215	0.00307	0.01503	0.00491	0.00429
19	0.01060	0.02735	0.78682	0.01507	0.02288	0.01228	0.01953	0.01674	0.01116	0.01674	0.00949	0.01116	0.00670	0.00502	0.00502	0.00167	0.00781	0.00391	0.00223	0.00781
20	0.02015	0.01428	0.01548	0.01192	0.01610	0.01567	0.00983	0.68745	0.04669	0.08794	0.01356	0.01329	0.00951	0.00639	0.00529	0.00160	0.00567	0.00484	0.00538	0.00897
21	0.00849	0.00607	0.00848	0.00966	0.01087	0.00606	0.00843	0.01093	0.01224	0.01596	0.04748	0.05911	0.03093	0.01451	0.00727	0.00241	0.00481	0.72654	0.00489	0.00487
22	0.00859	0.00647	0.00911	0.00882	0.01005	0.00748	0.00690	0.06293	0.03126	0.01403	0.01427	0.02017	0.01300	0.03639	0.71562	0.00782	0.01329	0.00561	0.00308	0.00512
23	0.00998	0.00940	0.01586	0.80150	0.03641	0.01175	0.01468	0.01351	0.01057	0.01351	0.00940	0.01409	0.00705	0.00529	0.00529	0.00176	0.00705	0.00470	0.00235	0.00587
24	0.01812	0.01073	0.01246	0.01034	0.01390	0.01127	0.00829	0.09757	0.39205	0.33385	0.02040	0.01835	0.01421	0.00684	0.00534	0.00171	0.00447	0.00559	0.00584	0.00868
25	0.01100	0.01043	0.01769	0.55008	0.27991	0.01201	0.01519	0.01440	0.01105	0.01474	0.00958	0.01376	0.00748	0.00510	0.00527	0.00170	0.00680	0.00470	0.00244	0.00669
26	0.01248	0.01426	0.03119	0.02228	0.02763	0.01337	0.76203	0.01693	0.01248	0.01693	0.01070	0.01426	0.00802	0.00446	0.00624	0.00178	0.00891	0.00624	0.00267	0.00713
27	0.01060	0.02735	0.78682	0.01507	0.02288	0.01228	0.01953	0.01674	0.01116	0.01674	0.00949	0.01116	0.00670	0.00502	0.00502	0.00167	0.00781	0.00391	0.00223	0.00781
28	0.01413	0.81739	0.02770	0.00905	0.01357	0.02092	0.00905	0.01583	0.01074	0.01244	0.00735	0.00848	0.00678	0.00452	0.00339	0.00113	0.00565	0.00283	0.00226	0.00678
29	0.00748	0.00540	0.00707	0.00665	0.00790	0.00499	0.00499	0.00998	0.01496	0.02120	0.77844	0.03949	0.04988	0.01081	0.00624	0.00166	0.00249	0.00956	0.00582	0.00499
30	0.02241	0.01021	0.01291	0.01000	0.01405	0.00969	0.00823	0.16209	0.06266	0.60006	0.01939	0.01712	0.01251	0.00654	0.00531	0.00164	0.00472	0.00525	0.00624	0.00896
31	0.00635	0.00496	0.00576	0.00640	0.00742	0.00437	0.00448	0.00747	0.01105	0.01387	0.04084	0.44665	0.39152	0.01504	0.00651	0.00197	0.00288	0.01317	0.00491	0.00437
32	0.00644	0.00460	0.00613	0.00736	0.00767	0.00429	0.00491	0.00736	0.01012	0.01350	0.02914	0.81076	0.03497	0.01656	0.00675	0.00215	0.00307	0.01503	0.00491	0.00429
33	0.02022	0.01461	0.01574	0.01207	0.01629	0.01610	0.00997	0.73811	0.02452	0.05929	0.01297	0.01288	0.00913	0.00635	0.00529	0.00159	0.00577	0.00478	0.00533	0.00899
34	0.01248	0.01426	0.03119	0.02228	0.02763	0.01337	0.76203	0.01693	0.01248	0.01693	0.01070	0.01426	0.00802	0.00446	0.00624	0.00178	0.00891	0.00624	0.00267	0.00713
35	0.00755	0.00566	0.00850	0.00850	0.00944	0.00661	0.00661	0.00944	0.00850	0.01227	0.01416	0.02077	0.01322	0.03965	0.79326	0.00850	0.01416	0.00566	0.00283	0.00472
36	0.00651	0.00474	0.00604	0.00701	0.00751	0.00438	0.00471	0.00748	0.01038	0.01365	0.05224	0.65485	0.12932	0.05502	0.00766	0.00223	0.00310	0.01403	0.00485	0.00428
37	0.41456	0.00951	0.01030	0.17007	0.01582	0.01112	0.00817	0.03546	0.01036	0.04030	0.01492	0.01758	0.10681	0.00691	0.00567	0.00177	0.08124	0.03026	0.00341	0.00575
38	0.00921	0.00891	0.01681	0.01351	0.01614	0.00837	0.32467	0.01171	0.01119	0.01487	0.02232	0.27548	0.09516	0.07215	0.03073	0.00238	0.00607	0.05106	0.00377	0.00547
39	0.01187	0.00762	0.00923	0.00864	0.01056	0.00759	0.00646	0.12336	0.08912	0.13287	0.06599	0.41596	0.04106	0.01189	0.00606	0.00188	0.00378	0.01045	0.00525	0.03034
40	0.01687	0.01503	0.02290	0.01707	0.02159	0.14723	0.40123	0.08227	0.01454	0.18833	0.01268	0.01414	0.00902	0.00525	0.00570	0.00166	0.00778	0.00542	0.00376	0.00753
41	0.01582	0.01237	0.01302	0.01100	0.01392	0.15874	0.06216	0.13992	0.05078	0.18134	0.01864	0.17841	0.04291	0.00986	0.04033	0.00198	0.00603	0.00711	0.00462	0.03105
42	0.04409	0.01506	0.01302	0.01121	0.01405	0.27077	0.03019	0.11443	0.13716	0.09326	0.14223	0.01869	0.03763	0.00711	0.00559	0.00159	0.02707	0.00551	0.00443	0.00690
43	0.23411	0.01636	0.01328	0.01248	0.06946	0.28116	0.00914	0.14648	0.09076	0.06301	0.01090	0.01157	0.00829	0.00564	0.00459	0.00154	0.00644	0.00395	0.00377	0.00706

[dist]
# distance from previous block
# <min> <max>
6	32

[block]
# block no. 3 follows, 46 sequences, length 25
# corresponding to MSA columns:
# 138-162
name=unknown_D
#
# <colnr> <probs for GDERKNQSTAVLIFYWHMCP>
#	G	D	E	R	K	N	Q	S	T	A	V	L	I	F	Y	W	H	M	C	P
0	0.10743	0.01033	0.01174	0.00930	0.01294	0.04646	0.03812	0.12013	0.01421	0.21586	0.04751	0.05331	0.08664	0.00687	0.00497	0.00147	0.00461	0.00558	0.00463	0.19788
1	0.01274	0.01285	0.01052	0.00960	0.01160	0.25570	0.00713	0.06609	0.07148	0.01741	0.23263	0.10942	0.02427	0.08379	0.00751	0.00190	0.00546	0.00711	0.00429	0.04850
2	0.08529	0.01031	0.00970	0.00878	0.01114	0.13966	0.00664	0.03217	0.03358	0.12052	0.12858	0.23408	0.03607	0.00937	0.00541	0.00163	0.00455	0.00788	0.00455	0.11008
3	0.01716	0.19189	0.01700	0.01149	0.01498	0.31757	0.00932	0.11232	0.15540	0.05151	0.01164	0.01202	0.00912	0.00566	0.00463	0.00141	0.00678	0.00400	0.00362	0.04248
4	0.00667	0.00484	0.00632	0.00726	0.00785	0.00449	0.00506	0.00789	0.01094	0.01456	0.11421	0.61633	0.09824	0.01554	0.00668	0.00208	0.00308	0.05853	0.00501	0.00442
5	0.00644	0.00460	0.00613	0.00736	0.00767	0.00429	0.00491	0.00736	0.01012	0.01350	0.02914	0.81076	0.03497	0.01656	0.00675	0.00215	0.00307	0.01503	0.00491	0.00429
6	0.01319	0.56902	0.18087	0.03532	0.05543	0.01825	0.03388	0.01600	0.01094	0.01372	0.00807	0.00959	0.00689	0.00465	0.00396	0.00130	0.00626	0.00330	0.00229	0.00706
7	0.50599	0.01089	0.01037	0.00853	0.01218	0.01191	0.00704	0.16963	0.01353	0.18816	0.01132	0.01143	0.00796	0.00555	0.00412	0.00163	0.00453	0.00377	0.00438	0.00709
8	0.00644	0.00460	0.00613	0.00736	0.00767	0.00429	0.00491	0.00736	0.01012	0.01350	0.02914	0.81076	0.03497	0.01656	0.00675	0.00215	0.00307	0.01503	0.00491	0.00429
9	0.02010	0.01481	0.01587	0.01216	0.01639	0.01639	0.01005	0.76360	0.02486	0.03332	0.01269	0.01269	0.00899	0.00635	0.00529	0.00159	0.00582	0.00476	0.00529	0.00899
10	0.01313	0.01002	0.04122	0.00838	0.01309	0.00737	0.00704	0.01557	0.01168	0.14845	0.01136	0.01217	0.00868	0.00441	0.00420	0.00096	0.00417	0.00354	0.00368	0.67088
11	0.01156	0.24217	0.58041	0.01343	0.02035	0.01463	0.01668	0.01649	0.01105	0.01557	0.00891	0.01043	0.00672	0.00489	0.00458	0.00153	0.00723	0.00361	0.00224	0.00753
12	0.02143	0.01171	0.01383	0.01071	0.01479	0.01192	0.00881	0.35122	0.06883	0.40371	0.01730	0.01577	0.01148	0.00650	0.00531	0.00162	0.00506	0.00511	0.00591	0.00895
13	0.01039	0.00981	0.01660	0.69993	0.13478	0.01185	0.01489	0.01387	0.01076	0.01400	0.00947	0.01396	0.00722	0.00521	0.00528	0.00174	0.00695	0.00470	0.00238	0.00620
14	0.01643	0.01364	0.02332	0.01706	0.02183	0.01354	0.40426	0.25282	0.03466	0.12799	0.01298	0.01441	0.00921	0.00540	0.00579	0.00170	0.00722	0.00564	0.00409	0.00800
15	0.00645	0.00490	0.00596	0.00677	0.00760	0.00441	0.00473	0.00756	0.01083	0.01384	0.03722	0.53228	0.28242	0.01544	0.00660	0.00204	0.00300	0.03867	0.00491	0.00437
16	0.00635	0.00496	0.00576	0.00641	0.00742	0.00437	0.00448	0.00747	0.01104	0.01387	0.04074	0.44983	0.38841	0.01505	0.00651	0.00198	0.00288	0.01319	0.00491	0.00437
17	0.01067	0.01010	0.01710	0.63121	0.20134	0.01193	0.01502	0.01411	0.01090	0.01434	0.00952	0.01387	0.00734	0.00516	0.00527	0.00172	0.00688	0.00470	0.00241	0.00643
18	0.01975	0.02520	0.01498	0.01362	0.01634	0.79299	0.01021	0.02111	0.01498	0.01294	0.00817	0.00953	0.00681	0.00545	0.00477	0.00136	0.00953	0.00340	0.00272	0.00613
19	0.01701	0.00750	0.01016	0.00860	0.01143	0.00665	0.00692	0.01908	0.01437	0.46832	0.19892	0.10059	0.02521	0.00917	0.00584	0.00176	0.00393	0.07122	0.00608	0.00727
20	0.01663	0.01309	0.01392	0.01146	0.01507	0.01478	0.00921	0.39685	0.39725	0.02773	0.01709	0.01620	0.01255	0.00676	0.00533	0.00169	0.00500	0.00537	0.00533	0.00868
21	0.01386	0.01227	0.01686	0.01376	0.01599	0.04833	0.12512	0.15104	0.04262	0.06022	0.01371	0.01877	0.04025	0.00825	0.01041	0.00199	0.32187	0.07434	0.00362	0.00673
22	0.01461	0.00954	0.01087	0.00927	0.01210	0.00989	0.00730	0.19187	0.18347	0.17090	0.08552	0.08603	0.12293	0.04077	0.00652	0.00187	0.00424	0.01960	0.00543	0.00725
23	0.03184	0.01284	0.01384	0.01132	0.01432	0.09560	0.00919	0.26855	0.04079	0.17753	0.01318	0.01419	0.00984	0.01015	0.09000	0.00239	0.13241	0.00474	0.00442	0.04285
24	0.01322	0.01159	0.01809	0.31223	0.23210	0.03282	0.08328	0.05550	0.09586	0.07514	0.01200	0.01456	0.00905	0.00541	0.00536	0.00169	0.00651	0.00500	0.00326	0.00735

[dist]
# distance from previous block
# <min> <max>
2	13

[block]
# block no. 4 follows, 46 sequences, length 20
# corresponding to MSA columns:
# 176-195
name=unknown_E
#
# <colnr> <probs for GDERKNQSTAVLIFYWHMCP>
#	G	D	E	R	K	N	Q	S	T	A	V	L	I	F	Y	W	H	M	C	P
0	0.01598	0.01609	0.17786	0.01517	0.02042	0.01300	0.23375	0.23604	0.03840	0.13702	0.01283	0.01379	0.00902	0.00550	0.00548	0.00165	0.00684	0.00509	0.00402	0.03202
1	0.01818	0.01762	0.01405	0.01192	0.01508	0.34291	0.00932	0.28375	0.06453	0.05457	0.10279	0.01520	0.01354	0.00656	0.00519	0.00152	0.00684	0.00486	0.00433	0.00727
2	0.00643	0.00509	0.00578	0.00618	0.00739	0.00445	0.00442	0.00772	0.01163	0.01463	0.11047	0.31747	0.45111	0.01427	0.00642	0.00190	0.00280	0.01238	0.00499	0.00445
3	0.01096	0.01047	0.01726	0.50266	0.21363	0.01258	0.01461	0.01405	0.01057	0.01431	0.00918	0.01349	0.00735	0.00571	0.00700	0.00179	0.12080	0.00469	0.00241	0.00647
4	0.00658	0.00470	0.00630	0.00752	0.00789	0.00442	0.00515	0.00761	0.01026	0.01365	0.02906	0.75932	0.03465	0.01643	0.00679	0.00217	0.00319	0.06507	0.00490	0.00433
5	0.01096	0.00940	0.01096	0.00783	0.01253	0.00705	0.00626	0.01331	0.01096	0.01723	0.00940	0.01096	0.00783	0.00392	0.00392	0.00078	0.00392	0.00313	0.00313	0.84653
6	0.01510	0.01545	0.01285	0.01160	0.01451	0.24364	0.00891	0.02603	0.54803	0.01940	0.01757	0.01671	0.01338	0.00666	0.00520	0.00167	0.00576	0.00522	0.00459	0.00771
7	0.02347	0.00940	0.01252	0.00960	0.01370	0.00837	0.00793	0.07724	0.01581	0.73246	0.02029	0.01762	0.01280	0.00653	0.00531	0.00163	0.00459	0.00528	0.00646	0.00900
8	0.00761	0.00542	0.00726	0.00726	0.00778	0.00594	0.00507	0.00865	0.00813	0.01136	0.01529	0.02703	0.01593	0.39013	0.44649	0.00697	0.01007	0.00658	0.00300	0.00403
9	0.01371	0.01514	0.01588	0.01381	0.01452	0.21961	0.01121	0.01492	0.00990	0.01278	0.00726	0.01103	0.00691	0.00826	0.01405	0.00206	0.59635	0.00431	0.00242	0.00587
10	0.00767	0.00520	0.00616	0.00616	0.00629	0.00534	0.00369	0.00794	0.00780	0.01054	0.01630	0.03262	0.01836	0.70355	0.13640	0.00561	0.00642	0.00740	0.00315	0.00342
11	0.00644	0.00460	0.00613	0.00736	0.00767	0.00429	0.00491	0.00736	0.01012	0.01350	0.02914	0.81076	0.03497	0.01656	0.00675	0.00215	0.00307	0.01503	0.00491	0.00429
12	0.01096	0.00940	0.01096	0.00783	0.01253	0.00705	0.00626	0.01331	0.01096	0.01723	0.00940	0.01096	0.00783	0.00392	0.00392	0.00078	0.00392	0.00313	0.00313	0.84653
13	0.01135	0.01125	0.01578	0.01359	0.01364	0.01567	0.01130	0.01255	0.00812	0.01270	0.00733	0.01206	0.00728	0.01090	0.05929	0.00265	0.76181	0.00468	0.00234	0.00573
14	0.00644	0.00460	0.00613	0.00736	0.00767	0.00429	0.00491	0.00736	0.01012	0.01350	0.02914	0.81076	0.03497	0.01656	0.00675	0.00215	0.00307	0.01503	0.00491	0.00429
15	0.00737	0.00529	0.00679	0.00769	0.00826	0.00512	0.00526	0.05871	0.01112	0.01484	0.02802	0.75657	0.03320	0.01587	0.00665	0.00211	0.00325	0.01433	0.00493	0.00461
16	0.01413	0.81739	0.02770	0.00905	0.01357	0.02092	0.00905	0.01583	0.01074	0.01244	0.00735	0.00848	0.00678	0.00452	0.00339	0.00113	0.00565	0.00283	0.00226	0.00678
17	0.01413	0.81739	0.02770	0.00905	0.01357	0.02092	0.00905	0.01583	0.01074	0.01244	0.00735	0.00848	0.00678	0.00452	0.00339	0.00113	0.00565	0.00283	0.00226	0.00678
18	0.01802	0.01051	0.01261	0.00945	0.01381	0.00951	0.00773	0.19349	0.01582	0.31738	0.01459	0.01408	0.01013	0.00550	0.00478	0.00130	0.00458	0.00436	0.00495	0.32740
19	0.26648	0.01362	0.01174	0.00991	0.01336	0.19298	0.00790	0.06029	0.07065	0.28336	0.01353	0.01309	0.00946	0.00584	0.00459	0.00158	0.00560	0.00417	0.00453	0.00731

[dist]
# distance from previous block
# <min> <max>
0	1

[block]
# block no. 5 follows, 46 sequences, length 11
# corresponding to MSA columns:
# 197-207
name=unknown_F
#
# <colnr> <probs for GDERKNQSTAVLIFYWHMCP>
#	G	D	E	R	K	N	Q	S	T	A	V	L	I	F	Y	W	H	M	C	P
0	0.02010	0.01481	0.01587	0.01216	0.01639	0.01639	0.01005	0.76360	0.02486	0.03332	0.01269	0.01269	0.00899	0.00635	0.00529	0.00159	0.00582	0.00476	0.00529	0.00899
1	0.00644	0.00460	0.00613	0.00736	0.00767	0.00429	0.00491	0.00736	0.01012	0.01350	0.02914	0.81076	0.03497	0.01656	0.00675	0.00215	0.00307	0.01503	0.00491	0.00429
2	0.01083	0.01075	0.01970	0.55783	0.10858	0.01217	0.17521	0.01451	0.01113	0.01462	0.00973	0.01403	0.00739	0.00505	0.00548	0.00175	0.00737	0.00503	0.00245	0.00639
3	0.01096	0.00940	0.01096	0.00783	0.01253	0.00705	0.00626	0.01331	0.01096	0.01723	0.00940	0.01096	0.00783	0.00392	0.00392	0.00078	0.00392	0.00313	0.00313	0.84653
4	0.08782	0.01043	0.01274	0.00985	0.01390	0.01007	0.00813	0.19431	0.01688	0.55269	0.01792	0.01604	0.01157	0.00637	0.00515	0.00162	0.00477	0.00500	0.00600	0.00874
5	0.00736	0.00540	0.00771	0.00793	0.00864	0.00599	0.00585	0.00883	0.00869	0.01224	0.01725	0.16877	0.01802	0.13541	0.54871	0.00689	0.01094	0.00766	0.00326	0.00445
6	0.00645	0.00485	0.00588	0.00667	0.00741	0.00439	0.00455	0.00745	0.01057	0.01355	0.03576	0.54125	0.25666	0.05902	0.00770	0.00220	0.00306	0.01347	0.00482	0.00429
7	0.01128	0.01532	0.18780	0.16023	0.09477	0.01211	0.34090	0.01558	0.01170	0.01612	0.01157	0.04928	0.00958	0.00565	0.00578	0.00178	0.00770	0.03320	0.00269	0.00696
8	0.01929	0.01441	0.01541	0.01200	0.01609	0.01602	0.00985	0.67841	0.11136	0.03202	0.01371	0.01351	0.00982	0.00644	0.00530	0.00161	0.00563	0.00490	0.00530	0.00892
9	0.01237	0.01187	0.01997	0.18140	0.57900	0.01267	0.01558	0.01543	0.01146	0.01620	0.00962	0.01317	0.00801	0.00516	0.00614	0.00166	0.06536	0.00470	0.00254	0.00769
10	0.57807	0.01241	0.01152	0.01317	0.17636	0.09987	0.00848	0.01631	0.01032	0.02112	0.00801	0.00966	0.00642	0.00493	0.00386	0.00159	0.00517	0.00332	0.00307	0.00634

[dist]
# distance from previous block
# <min> <max>
0	3

[block]
# block no. 6 follows, 46 sequences, length 151
# corresponding to MSA columns:
# 211-344,346-362
name=unknown_G
#
# <colnr> <probs for GDERKNQSTAVLIFYWHMCP>
#	G	D	E	R	K	N	Q	S	T	A	V	L	I	F	Y	W	H	M	C	P
0	0.01011	0.00964	0.01662	0.76256	0.03597	0.01183	0.05203	0.01368	0.01067	0.01368	0.00946	0.01410	0.00710	0.00524	0.00533	0.00176	0.00714	0.00478	0.00237	0.00594
1	0.01576	0.01425	0.01988	0.01522	0.01942	0.05337	0.25831	0.28951	0.21325	0.02399	0.01409	0.01487	0.01041	0.00589	0.00560	0.00169	0.00660	0.00550	0.00432	0.00807
2	0.30848	0.46105	0.01958	0.00867	0.01265	0.05614	0.00798	0.04725	0.01093	0.01729	0.00762	0.00875	0.00651	0.00478	0.00350	0.00134	0.00531	0.00295	0.00277	0.00647
3	0.00740	0.00540	0.00695	0.00656	0.00785	0.00495	0.00492	0.00981	0.01477	0.02073	0.72947	0.04026	0.09915	0.01098	0.00624	0.00167	0.00251	0.00967	0.00576	0.00495
4	0.09921	0.01434	0.01586	0.01217	0.01637	0.01581	0.04722	0.65477	0.02272	0.03158	0.01208	0.01238	0.00863	0.00611	0.00514	0.00160	0.00581	0.00465	0.00496	0.00859
5	0.00661	0.00546	0.00586	0.00601	0.00770	0.00471	0.00468	0.00815	0.01219	0.01478	0.08033	0.05161	0.64521	0.01345	0.00639	0.00187	0.00297	0.11253	0.00494	0.00454
6	0.00736	0.00540	0.00690	0.00653	0.00783	0.00494	0.00490	0.00975	0.01469	0.02054	0.70914	0.04058	0.11960	0.01105	0.00624	0.00167	0.00251	0.00971	0.00573	0.00494
7	0.00648	0.00464	0.00610	0.00725	0.00759	0.00433	0.00483	0.00738	0.01010	0.01341	0.02940	0.76425	0.05507	0.04263	0.00739	0.00223	0.00312	0.01468	0.00485	0.00426
8	0.82716	0.01019	0.00790	0.00702	0.01032	0.01174	0.00579	0.01584	0.00918	0.04614	0.00776	0.00887	0.00594	0.00496	0.00333	0.00164	0.00410	0.00293	0.00337	0.00582
9	0.00678	0.00538	0.00609	0.00591	0.00747	0.00469	0.00443	0.00861	0.01330	0.01725	0.36453	0.04599	0.46626	0.01228	0.00624	0.00173	0.00260	0.01047	0.00530	0.00469
10	0.01096	0.00940	0.01096	0.00783	0.01253	0.00705	0.00626	0.01331	0.01096	0.01723	0.00940	0.01096	0.00783	0.00392	0.00392	0.00078	0.00392	0.00313	0.00313	0.84653
11	0.01315	0.01136	0.01195	0.01076	0.01375	0.01315	0.00837	0.02809	0.77168	0.02211	0.02152	0.01972	0.01614	0.00717	0.00538	0.00179	0.00418	0.00598	0.00538	0.00837
12	0.00748	0.00540	0.00707	0.00665	0.00790	0.00499	0.00499	0.00998	0.01496	0.02120	0.77844	0.03949	0.04988	0.01081	0.00624	0.00166	0.00249	0.00956	0.00582	0.00499
13	0.01164	0.01099	0.01847	0.30006	0.44557	0.01196	0.01496	0.01480	0.01146	0.01582	0.02714	0.01588	0.00967	0.00561	0.00577	0.00170	0.03323	0.03539	0.00268	0.00719
14	0.00998	0.00940	0.01586	0.80150	0.03641	0.01175	0.01468	0.01351	0.01057	0.01351	0.00940	0.01409	0.00705	0.00529	0.00529	0.00176	0.00705	0.00470	0.00235	0.00587
15	0.01207	0.35644	0.47061	0.01256	0.01900	0.01588	0.01516	0.01636	0.01099	0.01495	0.00860	0.01004	0.00673	0.00481	0.00434	0.00145	0.00691	0.00346	0.00224	0.00738
16	0.01308	0.01256	0.02146	0.03245	0.78123	0.01256	0.01622	0.01622	0.01204	0.01727	0.00994	0.01308	0.00837	0.00471	0.00523	0.00157	0.00628	0.00471	0.00262	0.00837
17	0.01248	0.01426	0.03119	0.02228	0.02763	0.01337	0.76203	0.01693	0.01248	0.01693	0.01070	0.01426	0.00802	0.00446	0.00624	0.00178	0.00891	0.00624	0.00267	0.00713
18	0.01957	0.01454	0.01557	0.01206	0.01619	0.01615	0.00992	0.70750	0.08182	0.03246	0.01337	0.01323	0.00954	0.00641	0.00530	0.00160	0.00569	0.00485	0.00530	0.00894
19	0.00755	0.00566	0.00850	0.00850	0.00944	0.00661	0.00661	0.00944	0.00850	0.01227	0.01416	0.02077	0.01322	0.03965	0.79326	0.00850	0.01416	0.00566	0.00283	0.00472
20	0.00643	0.00465	0.00609	0.00724	0.00764	0.00430	0.00485	0.00737	0.01024	0.01354	0.03059	0.76558	0.07921	0.01637	0.00672	0.00213	0.00304	0.01480	0.00491	0.00430
21	0.00686	0.00500	0.00648	0.00706	0.00785	0.00462	0.00503	0.00840	0.01195	0.01614	0.27047	0.45451	0.11064	0.01433	0.00656	0.00197	0.00294	0.04943	0.00520	0.00456
22	0.30789	0.01601	0.23526	0.01079	0.01570	0.01240	0.01096	0.18213	0.01399	0.13190	0.01107	0.01157	0.00777	0.00549	0.00451	0.00164	0.00560	0.00393	0.00388	0.00751
23	0.01315	0.01136	0.01195	0.01076	0.01375	0.01315	0.00837	0.02809	0.77168	0.02211	0.02152	0.01972	0.01614	0.00717	0.00538	0.00179	0.00418	0.00598	0.00538	0.00837
24	0.00646	0.00482	0.00601	0.00686	0.00756	0.00438	0.00471	0.00757	0.01086	0.01415	0.08075	0.59053	0.20512	0.01549	0.00660	0.00203	0.00294	0.01381	0.00496	0.00438
25	0.01333	0.29584	0.02149	0.01293	0.01527	0.09186	0.07930	0.01500	0.01008	0.01303	0.00755	0.01054	0.00697	0.00679	0.01023	0.00176	0.37535	0.00403	0.00237	0.00629
26	0.01975	0.02520	0.01498	0.01362	0.01634	0.79299	0.01021	0.02111	0.01498	0.01294	0.00817	0.00953	0.00681	0.00545	0.00477	0.00136	0.00953	0.00340	0.00272	0.00613
27	0.00644	0.00460	0.00613	0.00736	0.00767	0.00429	0.00491	0.00736	0.01012	0.01350	0.02914	0.81076	0.03497	0.01656	0.00675	0.00215	0.00307	0.01503	0.00491	0.00429
28	0.00625	0.00536	0.00536	0.00536	0.00714	0.00446	0.00402	0.00759	0.01205	0.01428	0.05355	0.05088	0.77909	0.01339	0.00625	0.00179	0.00268	0.01116	0.00491	0.00446
29	0.01608	0.01867	0.37050	0.01261	0.01834	0.01181	0.01364	0.14709	0.08439	0.23257	0.01428	0.01410	0.00972	0.00587	0.00518	0.00166	0.00622	0.00463	0.00423	0.00839
30	0.01975	0.02520	0.01498	0.01362	0.01634	0.79299	0.01021	0.02111	0.01498	0.01294	0.00817	0.00953	0.00681	0.00545	0.00477	0.00136	0.00953	0.00340	0.00272	0.00613
31	0.00852	0.00608	0.00852	0.00974	0.01095	0.00608	0.00852	0.01095	0.01217	0.01582	0.02799	0.05963	0.03042	0.01460	0.00730	0.00243	0.00487	0.74565	0.00487	0.00487
32	0.01750	0.34273	0.02008	0.01179	0.01523	0.48352	0.00975	0.01899	0.01328	0.01274	0.00784	0.00911	0.00680	0.00508	0.00422	0.00127	0.00798	0.00317	0.00254	0.00639
33	0.01182	0.29966	0.52516	0.01299	0.01967	0.01526	0.01592	0.01643	0.01102	0.01526	0.00875	0.01024	0.00673	0.00485	0.00446	0.00149	0.00707	0.00353	0.00224	0.00746
34	0.01099	0.11318	0.70435	0.01441	0.02187	0.01322	0.01839	0.01664	0.01112	0.01627	0.00925	0.01087	0.00671	0.00497	0.00485	0.00162	0.00758	0.00379	0.00224	0.00770
35	0.01060	0.02735	0.78682	0.01507	0.02288	0.01228	0.01953	0.01674	0.01116	0.01674	0.00949	0.01116	0.00670	0.00502	0.00502	0.00167	0.00781	0.00391	0.00223	0.00781
36	0.01307	0.01373	0.02938	0.05406	0.02712	0.01295	0.68406	0.01734	0.01256	0.06437	0.01127	0.01448	0.00829	0.00462	0.00614	0.00177	0.00856	0.00612	0.00290	0.00719
37	0.01975	0.02520	0.01498	0.01362	0.01634	0.79299	0.01021	0.02111	0.01498	0.01294	0.00817	0.00953	0.00681	0.00545	0.00477	0.00136	0.00953	0.00340	0.00272	0.00613
38	0.01187	0.31166	0.51364	0.01290	0.01953	0.01539	0.01576	0.01641	0.01101	0.01519	0.00872	0.01020	0.00673	0.00484	0.00444	0.00148	0.00704	0.00352	0.00224	0.00744
39	0.01315	0.01136	0.01195	0.01076	0.01375	0.01315	0.00837	0.02809	0.77168	0.02211	0.02152	0.01972	0.01614	0.00717	0.00538	0.00179	0.00418	0.00598	0.00538	0.00837
40	0.00736	0.00526	0.00719	0.00841	0.00912	0.00509	0.00651	0.00895	0.01103	0.01452	0.02863	0.47828	0.03296	0.01570	0.00699	0.00227	0.00386	0.33843	0.00489	0.00455
41	0.00625	0.00536	0.00536	0.00536	0.00714	0.00446	0.00402	0.00759	0.01205	0.01428	0.05355	0.05088	0.77909	0.01339	0.00625	0.00179	0.00268	0.01116	0.00491	0.00446
42	0.00689	0.00535	0.00627	0.00611	0.00755	0.00473	0.00456	0.00881	0.01347	0.01782	0.42688	0.07677	0.37140	0.01219	0.00626	0.00174	0.00260	0.01049	0.00538	0.00473
43	0.00738	0.00538	0.00694	0.00659	0.00784	0.00494	0.00493	0.00976	0.01465	0.02056	0.71312	0.06156	0.09429	0.01113	0.00625	0.00168	0.00252	0.00981	0.00574	0.00494
44	0.00761	0.00543	0.00732	0.00732	0.00786	0.00597	0.00514	0.00869	0.00815	0.01140	0.01523	0.02672	0.01580	0.37288	0.46356	0.00705	0.01027	0.00653	0.00299	0.00407
45	0.00659	0.00537	0.00583	0.00571	0.00735	0.00461	0.00429	0.00825	0.01286	0.01620	0.25464	0.04772	0.57680	0.01267	0.00624	0.00175	0.00263	0.01071	0.00516	0.00461
46	0.85155	0.01022	0.00777	0.00695	0.01022	0.01186	0.00573	0.01554	0.00900	0.02372	0.00736	0.00859	0.00573	0.00491	0.00327	0.00164	0.00409	0.00286	0.00327	0.00573
47	0.01060	0.02735	0.78682	0.01507	0.02288	0.01228	0.01953	0.01674	0.01116	0.01674	0.00949	0.01116	0.00670	0.00502	0.00502	0.00167	0.00781	0.00391	0.00223	0.00781
48	0.01397	0.01200	0.01232	0.01073	0.01388	0.04504	0.00840	0.12735	0.55792	0.02278	0.03712	0.03544	0.01548	0.00708	0.00530	0.00169	0.00455	0.00582	0.00512	0.05802
49	0.01321	0.61138	0.22565	0.01062	0.01600	0.01866	0.01178	0.01607	0.01085	0.01356	0.00791	0.00918	0.00676	0.00465	0.00382	0.00127	0.00622	0.00311	0.00225	0.00705
50	0.00931	0.00849	0.07987	0.00897	0.01100	0.00684	0.03173	0.06375	0.03074	0.04936	0.02480	0.42353	0.07588	0.06151	0.00745	0.00212	0.00421	0.04559	0.00450	0.05035
51	0.01248	0.34240	0.43706	0.01236	0.01860	0.01563	0.01466	0.01698	0.03392	0.03781	0.00933	0.01055	0.00720	0.00493	0.00439	0.00146	0.00674	0.00358	0.00247	0.00745
52	0.01332	0.00901	0.01096	0.00962	0.01195	0.02612	0.00765	0.13499	0.12037	0.14481	0.05337	0.02002	0.03220	0.02088	0.33587	0.00454	0.02753	0.00575	0.00437	0.00668
53	0.00748	0.00540	0.00707	0.00665	0.00790	0.00499	0.00499	0.00998	0.01496	0.02120	0.77844	0.03949	0.04988	0.01081	0.00624	0.00166	0.00249	0.00956	0.00582	0.00499
54	0.01237	0.01274	0.02264	0.07238	0.14432	0.03824	0.35810	0.03756	0.05889	0.01639	0.01136	0.01590	0.00948	0.08266	0.00888	0.00210	0.08053	0.00573	0.00290	0.00684
55	0.06033	0.00939	0.05908	0.08570	0.01463	0.02510	0.06928	0.01458	0.12631	0.06994	0.03860	0.34968	0.02174	0.02310	0.00621	0.00195	0.00470	0.00937	0.00435	0.00596
56	0.00687	0.00556	0.00613	0.00595	0.00760	0.00491	0.00447	0.00901	0.03652	0.01681	0.29229	0.04615	0.51433	0.01234	0.00622	0.00174	0.00266	0.01047	0.00522	0.00476
57	0.02233	0.00858	0.01175	0.00916	0.01286	0.00747	0.00747	0.02396	0.01434	0.71073	0.01974	0.01781	0.01271	0.00767	0.00678	0.08238	0.00451	0.00525	0.00614	0.00836
58	0.01257	0.01275	0.02081	0.18603	0.40883	0.06058	0.12685	0.01574	0.01169	0.01582	0.00975	0.01332	0.00797	0.00580	0.02182	0.00181	0.05315	0.00487	0.00256	0.00731
59	0.01295	0.01423	0.04904	0.06789	0.06747	0.01344	0.57949	0.07871	0.02850	0.01820	0.01093	0.01408	0.00819	0.00475	0.00600	0.00175	0.00828	0.00587	0.00291	0.00732
60	0.00644	0.00535	0.00564	0.00560	0.00727	0.00454	0.00419	0.00795	0.01246	0.01533	0.16510	0.06702	0.64877	0.01306	0.00626	0.00177	0.00266	0.01100	0.00505	0.00454
61	0.01107	0.02180	0.49876	0.19409	0.02550	0.06004	0.06351	0.01613	0.01143	0.01589	0.02767	0.01259	0.00789	0.00521	0.00517	0.00168	0.00769	0.00433	0.00240	0.00716
62	0.01271	0.00932	0.01052	0.00947	0.01194	0.01006	0.00730	0.10298	0.35678	0.09096	0.12945	0.16743	0.03953	0.00939	0.00575	0.00180	0.00392	0.00806	0.00544	0.00719
63	0.01577	0.01241	0.01520	0.37393	0.02512	0.08415	0.01184	0.23453	0.03234	0.12499	0.01208	0.01392	0.00862	0.00582	0.00525	0.00166	0.00651	0.00471	0.00388	0.00729
64	0.00769	0.00513	0.00577	0.00577	0.00577	0.00513	0.00320	0.00769	0.00769	0.01025	0.01666	0.03460	0.01922	0.81421	0.02691	0.00513	0.00513	0.00769	0.00320	0.00320
65	0.10553	0.05736	0.40878	0.01282	0.01886	0.01180	0.06034	0.04911	0.01221	0.14707	0.01127	0.01214	0.00792	0.00519	0.00482	0.00159	0.00649	0.00411	0.00328	0.05930
66	0.01520	0.01314	0.06629	0.01417	0.01856	0.01226	0.23062	0.21885	0.07414	0.11243	0.01342	0.01486	0.00991	0.00878	0.08078	0.00226	0.00721	0.00525	0.00407	0.07780
67	0.00924	0.00813	0.01224	0.01084	0.01166	0.01001	0.06202	0.01079	0.00853	0.01246	0.01192	0.01933	0.01168	0.14122	0.37025	0.00550	0.27080	0.00566	0.00271	0.00502
68	0.00705	0.00518	0.00625	0.00634	0.00753	0.00468	0.00462	0.00887	0.01283	0.01746	0.36259	0.21395	0.24658	0.01252	0.00620	0.00178	0.00267	0.01094	0.05726	0.00468
69	0.01185	0.30691	0.51820	0.01294	0.01959	0.01534	0.01582	0.01642	0.01101	0.01522	0.00873	0.01021	0.00673	0.00485	0.00445	0.00148	0.00705	0.00352	0.00224	0.00745
70	0.01846	0.01620	0.01454	0.01182	0.01529	0.21787	0.02705	0.45194	0.02015	0.02579	0.01207	0.01284	0.00900	0.00604	0.00496	0.00149	0.00642	0.00446	0.11595	0.00766
71	0.85155	0.01022	0.00777	0.00695	0.01022	0.01186	0.00573	0.01554	0.00900	0.02372	0.00736	0.00859	0.00573	0.00491	0.00327	0.00164	0.00409	0.00286	0.00327	0.00573
72	0.00680	0.00475	0.00603	0.00690	0.00712	0.00453	0.00442	0.00746	0.00942	0.01256	0.02553	0.58652	0.03042	0.24700	0.01257	0.00301	0.00366	0.01291	0.00442	0.00398
73	0.00629	0.00520	0.00551	0.00576	0.00725	0.00443	0.00419	0.00754	0.01166	0.01412	0.04868	0.20264	0.63047	0.01402	0.00635	0.00186	0.00276	0.01193	0.00491	0.00443
74	0.01235	0.41787	0.41159	0.01209	0.01828	0.01655	0.01435	0.01629	0.01095	0.01461	0.00843	0.00984	0.00674	0.00478	0.00422	0.00141	0.00675	0.00337	0.00225	0.00730
75	0.00651	0.00537	0.00573	0.00564	0.00730	0.00458	0.00423	0.00810	0.01268	0.01578	0.21018	0.04842	0.62153	0.01283	0.00625	0.00176	0.00264	0.01081	0.00511	0.00458
76	0.00644	0.00531	0.00558	0.00560	0.00718	0.00453	0.00412	0.00781	0.01205	0.01473	0.12009	0.08708	0.64042	0.04678	0.00714	0.00193	0.00278	0.01105	0.00492	0.00445
77	0.02306	0.01006	0.01292	0.00991	0.01402	0.00934	0.00819	0.16035	0.01690	0.64780	0.01937	0.01703	0.01234	0.00651	0.00531	0.00163	0.00474	0.00521	0.00631	0.00900
78	0.01096	0.00940	0.01096	0.00783	0.01253	0.00705	0.00626	0.01331	0.01096	0.01723	0.00940	0.01096	0.00783	0.00392	0.00392	0.00078	0.00392	0.00313	0.00313	0.84653
79	0.02098	0.01031	0.01284	0.00976	0.01397	0.00952	0.00803	0.18323	0.01659	0.50453	0.01733	0.01577	0.01139	0.00610	0.00509	0.00149	0.00469	0.00486	0.00575	0.13775
80	0.01505	0.00886	0.01084	0.00819	0.01231	0.00717	0.00660	0.01747	0.03049	0.29076	0.01860	0.01804	0.09430	0.00597	0.00470	0.00122	0.00399	0.00486	0.00460	0.43598
81	0.01990	0.01439	0.01552	0.01198	0.01614	0.01587	0.00987	0.69600	0.06177	0.06418	0.01347	0.01327	0.00952	0.00640	0.00529	0.00160	0.00568	0.00484	0.00535	0.00896
82	0.00756	0.00565	0.00843	0.00843	0.00935	0.00657	0.00653	0.00940	0.00848	0.01222	0.01422	0.02110	0.01336	0.05799	0.77511	0.00842	0.01395	0.00571	0.00284	0.00468
83	0.00755	0.00566	0.00850	0.00850	0.00944	0.00661	0.00661	0.00944	0.00850	0.01227	0.01416	0.02077	0.01322	0.03965	0.79326	0.00850	0.01416	0.00566	0.00283	0.00472
84	0.01096	0.00940	0.01096	0.00783	0.01253	0.00705	0.00626	0.01331	0.01096	0.01723	0.00940	0.01096	0.00783	0.00392	0.00392	0.00078	0.00392	0.00313	0.00313	0.84653
85	0.01852	0.19871	0.01777	0.01262	0.01574	0.62388	0.00996	0.01995	0.01405	0.01283	0.00799	0.00930	0.00680	0.00525	0.00447	0.00131	0.00868	0.00328	0.00262	0.00627
86	0.00798	0.00538	0.00679	0.00728	0.00771	0.00536	0.00520	0.00872	0.00931	0.01228	0.02083	0.09129	0.02340	0.44321	0.01859	0.05613	0.00487	0.25804	0.00382	0.00378
87	0.01561	0.16345	0.27094	0.01318	0.01785	0.35337	0.01305	0.01861	0.01276	0.03623	0.00878	0.01019	0.00695	0.00530	0.00504	0.00146	0.03422	0.00356	0.00258	0.00687
88	0.01383	0.01342	0.01632	0.37548	0.16569	0.15922	0.01312	0.06600	0.06250	0.04820	0.01075	0.01349	0.00822	0.00546	0.00519	0.00164	0.00700	0.00457	0.00303	0.00688
89	0.00644	0.00460	0.00613	0.00736	0.00767	0.00429	0.00491	0.00736	0.01012	0.01350	0.02914	0.81076	0.03497	0.01656	0.00675	0.00215	0.00307	0.01503	0.00491	0.00429
90	0.01029	0.00976	0.01617	0.68777	0.07148	0.01221	0.01446	0.01357	0.01041	0.01362	0.00919	0.01380	0.00710	0.00564	0.00644	0.00180	0.08325	0.00469	0.00236	0.00599
91	0.00973	0.00800	0.01304	0.01057	0.01333	0.00718	0.20195	0.01203	0.01249	0.08908	0.08119	0.09763	0.37020	0.01055	0.00624	0.00182	0.00459	0.04023	0.00454	0.00563
92	0.01315	0.01136	0.01195	0.01076	0.01375	0.01315	0.00837	0.02809	0.77168	0.02211	0.02152	0.01972	0.01614	0.00717	0.00538	0.00179	0.00418	0.00598	0.00538	0.00837
93	0.00644	0.00460	0.00613	0.00736	0.00767	0.00429	0.00491	0.00736	0.01012	0.01350	0.02914	0.81076	0.03497	0.01656	0.00675	0.00215	0.00307	0.01503	0.00491	0.00429
94	0.01908	0.02419	0.01647	0.01441	0.01738	0.72157	0.07909	0.02073	0.01475	0.01330	0.00840	0.00997	0.00692	0.00536	0.00490	0.00140	0.00948	0.00366	0.00272	0.00622
95	0.01413	0.81739	0.02770	0.00905	0.01357	0.02092	0.00905	0.01583	0.01074	0.01244	0.00735	0.00848	0.00678	0.00452	0.00339	0.00113	0.00565	0.00283	0.00226	0.00678
96	0.01700	0.01297	0.01420	0.01069	0.01508	0.01322	0.00876	0.50894	0.02014	0.02786	0.01157	0.01211	0.00860	0.00552	0.00482	0.00131	0.00517	0.00421	0.00456	0.29327
97	0.00850	0.00688	0.01104	0.00986	0.01161	0.00626	0.13226	0.01030	0.01114	0.03718	0.09467	0.48832	0.02834	0.03250	0.00682	0.00197	0.00417	0.01148	0.00446	0.08225
98	0.01070	0.04924	0.76579	0.01490	0.02262	0.01252	0.01924	0.01672	0.01115	0.01662	0.00943	0.01109	0.00670	0.00501	0.00498	0.00166	0.00775	0.00388	0.00223	0.00778
99	0.00998	0.00940	0.01586	0.80150	0.03641	0.01175	0.01468	0.01351	0.01057	0.01351	0.00940	0.01409	0.00705	0.00529	0.00529	0.00176	0.00705	0.00470	0.00235	0.00587
100	0.00748	0.00540	0.00707	0.00665	0.00790	0.00499	0.00499	0.00998	0.01496	0.02120	0.77844	0.03949	0.04988	0.01081	0.00624	0.00166	0.00249	0.00956	0.00582	0.00499
101	0.01216	0.01162	0.01979	0.26116	0.55973	0.01232	0.01577	0.01542	0.01160	0.01615	0.00978	0.01338	0.00798	0.00488	0.00525	0.00163	0.00651	0.00471	0.00254	0.00763
102	0.00918	0.00459	0.00689	0.00689	0.00689	0.00459	0.00459	0.00689	0.00689	0.00918	0.00918	0.01607	0.00918	0.01837	0.02066	0.84619	0.00459	0.00459	0.00230	0.00230
103	0.00998	0.00940	0.01586	0.80150	0.03641	0.01175	0.01468	0.01351	0.01057	0.01351	0.00940	0.01409	0.00705	0.00529	0.00529	0.00176	0.00705	0.00470	0.00235	0.00587
104	0.02010	0.01481	0.01587	0.01216	0.01639	0.01639	0.01005	0.76360	0.02486	0.03332	0.01269	0.01269	0.00899	0.00635	0.00529	0.00159	0.00582	0.00476	0.00529	0.00899
