[name]
unknown

[dist]
# distance from previous block
# <min> <max>
0	25

[block]
# block no. 0 follows, 46 sequences, length 26
# corresponding to MSA columns:
# 445-470
name=unknown_A
#
# <colnr> <probs for GDERKNQSTAVLIFYWHMCP>
#	G	D	E	R	K	N	Q	S	T	A	V	L	I	F	Y	W	H	M	C	P
0	0.10254	0.00923	0.01168	0.01276	0.15583	0.00936	0.00832	0.09527	0.08050	0.02148	0.29062	0.02479	0.02492	0.00774	0.00538	0.00160	0.00414	0.04253	0.00454	0.08677
1	0.00665	0.00540	0.00593	0.00599	0.00759	0.00468	0.00457	0.00827	0.01252	0.01561	0.17962	0.07155	0.56862	0.01312	0.00634	0.00183	0.00283	0.06921	0.00507	0.00458
2	0.01290	0.08656	0.01223	0.00885	0.01218	0.03317	0.00708	0.03058	0.18076	0.11291	0.11368	0.08713	0.01797	0.00710	0.00496	0.00141	0.00416	0.00590	0.00449	0.25597
3	0.01254	0.01201	0.02048	0.16683	0.65109	0.01242	0.01595	0.01575	0.01178	0.01661	0.00985	0.01326	0.00814	0.00481	0.00524	0.00160	0.00641	0.00471	0.00257	0.00794
4	0.01027	0.02554	0.72494	0.01446	0.02167	0.01164	0.01837	0.01600	0.01108	0.01648	0.01104	0.07454	0.00894	0.00594	0.00516	0.00171	0.00744	0.00479	0.00244	0.00753
5	0.01180	0.01157	0.01233	0.01447	0.20396	0.14153	0.00891	0.07412	0.04871	0.01734	0.09795	0.02882	0.28967	0.00877	0.00562	0.00163	0.00505	0.00732	0.00410	0.00632
6	0.00644	0.00460	0.00613	0.00736	0.00767	0.00429	0.00491	0.00736	0.01012	0.01350	0.02914	0.81076	0.03497	0.01656	0.00675	0.00215	0.00307	0.01503	0.00491	0.00429
7	0.01927	0.01483	0.01537	0.01206	0.01608	0.04757	0.00986	0.64796	0.11125	0.03119	0.01353	0.01338	0.00973	0.00641	0.00528	0.00160	0.00578	0.00485	0.00519	0.00880
8	0.01380	0.74197	0.10017	0.00962	0.01446	0.02009	0.01005	0.01592	0.01078	0.01285	0.00755	0.00874	0.00678	0.00457	0.00355	0.00118	0.00586	0.00293	0.00226	0.00688
9	0.00718	0.00562	0.00725	0.00735	0.00829	0.00588	0.00544	0.00851	0.00973	0.01290	0.02830	0.16864	0.24326	0.10467	0.30887	0.00477	0.04596	0.00908	0.00382	0.00447
10	0.01214	0.01160	0.01976	0.26604	0.55500	0.01231	0.01576	0.01540	0.01159	0.01613	0.00978	0.01339	0.00797	0.00488	0.00525	0.00163	0.00651	0.00471	0.00254	0.00761
11	0.01060	0.02735	0.78682	0.01507	0.02288	0.01228	0.01953	0.01674	0.01116	0.01674	0.00949	0.01116	0.00670	0.00502	0.00502	0.00167	0.00781	0.00391	0.00223	0.00781
12	0.00950	0.06940	0.16592	0.08929	0.14334	0.00945	0.03066	0.01236	0.01124	0.01544	0.08134	0.28603	0.03562	0.00951	0.00571	0.00179	0.00520	0.00849	0.00358	0.00613
13	0.00760	0.00547	0.00751	0.00751	0.00811	0.00607	0.00538	0.00881	0.00820	0.01154	0.01506	0.02577	0.01539	0.31990	0.51598	0.00728	0.01089	0.00640	0.00297	0.00417
14	0.01094	0.10277	0.71435	0.01449	0.02199	0.01310	0.01853	0.01665	0.01112	0.01633	0.00928	0.01091	0.00671	0.00497	0.00487	0.00162	0.00761	0.00380	0.00224	0.00771
15	0.01288	0.01349	0.05886	0.03024	0.64266	0.01266	0.11814	0.01635	0.01206	0.01720	0.01002	0.01315	0.00825	0.00469	0.00536	0.00160	0.00671	0.00488	0.00261	0.00818
16	0.02302	0.01012	0.01296	0.00994	0.01405	0.00943	0.00821	0.16790	0.01700	0.64011	0.01928	0.01697	0.01230	0.00651	0.00531	0.00163	0.00475	0.00521	0.00630	0.00900
17	0.01358	0.01452	0.01704	0.01390	0.01637	0.20804	0.17157	0.04602	0.02735	0.03446	0.04227	0.01867	0.12106	0.00769	0.00878	0.00180	0.22156	0.00583	0.00328	0.00620
18	0.01204	0.03681	0.02014	0.34526	0.35561	0.01246	0.09211	0.01540	0.01151	0.03391	0.00998	0.01359	0.00786	0.00496	0.00530	0.00166	0.00680	0.00482	0.00260	0.00719
19	0.00716	0.00542	0.00777	0.00957	0.07029	0.00535	0.00610	0.00842	0.01000	0.01359	0.02507	0.61370	0.02917	0.01949	0.13884	0.00317	0.00519	0.01262	0.00437	0.00469
20	0.00700	0.00545	0.00640	0.00634	0.00783	0.00485	0.00487	0.00895	0.01333	0.01744	0.36666	0.04676	0.39018	0.01238	0.00634	0.00179	0.00281	0.08058	0.00530	0.00473
21	0.01281	0.24675	0.47249	0.01320	0.01942	0.11910	0.01537	0.01707	0.01156	0.01504	0.00872	0.01020	0.00674	0.00494	0.00453	0.00148	0.00744	0.00354	0.00231	0.00730
22	0.01134	0.08769	0.63563	0.01520	0.02237	0.03774	0.08485	0.01683	0.01137	0.01630	0.00939	0.01118	0.00683	0.00495	0.00500	0.00163	0.00780	0.00402	0.00229	0.00762
23	0.01181	0.24418	0.40628	0.01163	0.01724	0.01367	0.01355	0.05158	0.01188	0.01691	0.04763	0.01289	0.00976	0.00536	0.00448	0.00146	0.00622	0.00404	0.10234	0.00710
24	0.01922	0.01515	0.01645	0.01496	0.12066	0.07717	0.01084	0.58052	0.02203	0.05218	0.01221	0.01266	0.00886	0.00606	0.00524	0.00157	0.00614	0.00466	0.00476	0.00868
25	0.01287	0.01113	0.01760	0.29411	0.35759	0.01208	0.01397	0.07532	0.04938	0.05523	0.04129	0.01500	0.01020	0.00549	0.00531	0.00166	0.00617	0.00499	0.00319	0.00745

[dist]
# distance from previous block
# <min> <max>
0	3

[block]
# block no. 1 follows, 46 sequences, length 28
# corresponding to MSA columns:
# 474-476,481-496,506-514
name=unknown_B
#
# <colnr> <probs for GDERKNQSTAVLIFYWHMCP>
#	G	D	E	R	K	N	Q	S	T	A	V	L	I	F	Y	W	H	M	C	P
0	0.01183	0.23128	0.01556	0.00816	0.01281	0.01086	0.00703	0.01400	0.01090	0.01591	0.00883	0.01028	0.00754	0.00408	0.00377	0.00088	0.00439	0.00305	0.00289	0.61592
1	0.07568	0.03304	0.02695	0.00874	0.01314	0.00932	0.00723	0.08366	0.07538	0.10090	0.01170	0.01235	0.00897	0.00479	0.00427	0.00112	0.00431	0.00373	0.00384	0.51088
2	0.01143	0.05082	0.01131	0.00981	0.01218	0.01126	0.00756	0.02190	0.52350	0.01918	0.02194	0.18667	0.01946	0.01107	0.05514	0.00226	0.00465	0.00771	0.00496	0.00719
3	0.01205	0.35062	0.47620	0.01260	0.01907	0.01581	0.01524	0.01637	0.01099	0.01498	0.00861	0.01006	0.00673	0.00482	0.00436	0.00145	0.00693	0.00346	0.00224	0.00739
4	0.01096	0.00940	0.01096	0.00783	0.01253	0.00705	0.00626	0.01331	0.01096	0.01723	0.00940	0.01096	0.00783	0.00392	0.00392	0.00078	0.00392	0.00313	0.00313	0.84653
5	0.00763	0.00534	0.00685	0.00685	0.00723	0.00571	0.00456	0.00838	0.00801	0.01105	0.01566	0.02910	0.01683	0.50632	0.33154	0.00647	0.00872	0.00688	0.00306	0.00381
6	0.01099	0.01043	0.01768	0.55095	0.27907	0.01201	0.01518	0.01439	0.01105	0.01473	0.00957	0.01377	0.00748	0.00510	0.00527	0.00170	0.00680	0.00470	0.00244	0.00669
7	0.02000	0.01766	0.01562	0.01256	0.01638	0.22965	0.01009	0.55971	0.02214	0.02772	0.01145	0.01182	0.00839	0.00610	0.00515	0.00152	0.00684	0.00439	0.00458	0.00820
8	0.01127	0.01113	0.01562	0.01348	0.01355	0.01548	0.01120	0.01248	0.00813	0.01269	0.00747	0.01225	0.00740	0.01150	0.07483	0.00277	0.74598	0.00470	0.00235	0.00570
9	0.00755	0.00566	0.00850	0.00850	0.00944	0.00661	0.00661	0.00944	0.00850	0.01227	0.01416	0.02077	0.01322	0.03965	0.79326	0.00850	0.01416	0.00566	0.00283	0.00472
10	0.01451	0.01183	0.03787	0.02063	0.32864	0.01131	0.11469	0.04747	0.10653	0.15565	0.01739	0.01823	0.07850	0.00615	0.00549	0.00166	0.00577	0.00574	0.00396	0.00798
11	0.02342	0.00948	0.01257	0.00963	0.01373	0.00848	0.00796	0.08674	0.01593	0.72278	0.02018	0.01756	0.01275	0.00653	0.00531	0.00163	0.00461	0.00527	0.00644	0.00900
12	0.01024	0.00966	0.01632	0.73794	0.09797	0.01181	0.01481	0.01373	0.01069	0.01382	0.00944	0.01401	0.00716	0.00524	0.00528	0.00175	0.00698	0.00470	0.00237	0.00608
13	0.01309	0.47850	0.31371	0.01155	0.01723	0.05717	0.01307	0.01644	0.01112	0.01409	0.00820	0.00955	0.00675	0.00476	0.00408	0.00135	0.00667	0.00326	0.00227	0.00714
14	0.00678	0.00525	0.00617	0.00621	0.00753	0.00465	0.00456	0.00851	0.01290	0.01694	0.34139	0.17278	0.36158	0.01288	0.00633	0.00180	0.00267	0.01116	0.00528	0.00465
15	0.00644	0.00460	0.00613	0.00736	0.00767	0.00429	0.00491	0.00736	0.01012	0.01350	0.02914	0.81076	0.03497	0.01656	0.00675	0.00215	0.00307	0.01503	0.00491	0.00429
16	0.02389	0.01300	0.07232	0.01242	0.03496	0.14953	0.11750	0.04372	0.01258	0.03753	0.07581	0.18684	0.10760	0.00932	0.00684	0.00179	0.07667	0.00792	0.00381	0.00595
17	0.08366	0.27404	0.12288	0.01156	0.01608	0.07272	0.08529	0.12850	0.01367	0.06323	0.02488	0.01386	0.05679	0.00573	0.00461	0.00148	0.00615	0.00443	0.00335	0.00711
18	0.01042	0.00593	0.00786	0.00805	0.00938	0.00549	0.00598	0.02811	0.01200	0.16573	0.07104	0.48426	0.05128	0.01373	0.00646	0.00203	0.00357	0.09796	0.00528	0.00543
19	0.01092	0.01499	0.22886	0.02163	0.36096	0.01073	0.05780	0.01448	0.01141	0.01628	0.01404	0.18631	0.01368	0.00736	0.00556	0.00174	0.00615	0.00682	0.00301	0.00726
20	0.03075	0.01355	0.11561	0.25582	0.22745	0.06927	0.01360	0.01663	0.06817	0.05299	0.07442	0.01569	0.01181	0.00576	0.00524	0.00165	0.00635	0.00499	0.00316	0.00707
21	0.01328	0.07448	0.07113	0.02321	0.33522	0.09114	0.21649	0.01697	0.03365	0.01642	0.01100	0.01515	0.00925	0.00530	0.00542	0.00163	0.00724	0.04276	0.00279	0.00748
22	0.00664	0.00486	0.00625	0.00697	0.00766	0.00447	0.00482	0.00796	0.01140	0.01527	0.19517	0.55325	0.12593	0.01494	0.00658	0.00200	0.00290	0.01338	0.00511	0.00447
23	0.01249	0.16342	0.26560	0.02268	0.40103	0.01399	0.01597	0.01632	0.01152	0.01623	0.00933	0.01164	0.00755	0.00478	0.00483	0.00152	0.00665	0.00411	0.00243	0.00791
24	0.01454	0.20642	0.04271	0.01594	0.18978	0.17684	0.01102	0.03375	0.18675	0.01652	0.01294	0.01469	0.02381	0.00586	0.00480	0.00151	0.00626	0.02519	0.00333	0.00735
25	0.01332	0.00953	0.01540	0.01237	0.01544	0.00915	0.21102	0.07358	0.07600	0.17986	0.02185	0.25919	0.06039	0.00943	0.00605	0.00185	0.00523	0.00885	0.00472	0.00676
26	0.02536	0.00647	0.00782	0.03942	0.01008	0.00620	0.00580	0.07489	0.01259	0.09472	0.05376	0.37309	0.24371	0.01291	0.00619	0.00190	0.00350	0.01124	0.00500	0.00534
27	0.01149	0.07427	0.28865	0.01021	0.01455	0.00964	0.01090	0.05581	0.01335	0.09721	0.21507	0.02312	0.08644	0.00752	0.00529	0.00160	0.00504	0.00618	0.05695	0.00671

[dist]
# distance from previous block
# <min> <max>
2	7

[block]
# block no. 2 follows, 46 sequences, length 29
# corresponding to MSA columns:
# 522-530,536-555
name=unknown_C
#
# <colnr> <probs for GDERKNQSTAVLIFYWHMCP>
#	G	D	E	R	K	N	Q	S	T	A	V	L	I	F	Y	W	H	M	C	P
0	0.02701	0.38725	0.13134	0.01041	0.01540	0.01556	0.03458	0.09846	0.01254	0.03357	0.00909	0.01026	0.00740	0.00472	0.00408	0.00123	0.00567	0.00343	0.00290	0.18513
1	0.32212	0.22263	0.04737	0.01036	0.01420	0.10506	0.07950	0.01728	0.05278	0.04676	0.00978	0.03382	0.00809	0.00536	0.00412	0.00151	0.00573	0.00390	0.00313	0.00649
2	0.34696	0.03495	0.07359	0.01043	0.04280	0.01311	0.00876	0.28382	0.01552	0.02577	0.06687	0.01301	0.01057	0.00588	0.00444	0.00160	0.00497	0.00425	0.02558	0.00712
3	0.01255	0.18520	0.26489	0.03468	0.06665	0.01441	0.19210	0.07225	0.01251	0.01715	0.03794	0.01270	0.00893	0.00518	0.00538	0.00158	0.02892	0.00459	0.00275	0.01964
4	0.01462	0.51714	0.02131	0.00898	0.01288	0.01625	0.00829	0.01783	0.09055	0.12718	0.10482	0.01481	0.01393	0.00586	0.00422	0.00134	0.00495	0.00434	0.00364	0.00705
5	0.01505	0.29347	0.13955	0.05856	0.10212	0.01356	0.01119	0.01774	0.01200	0.20721	0.01310	0.07201	0.01065	0.00607	0.00470	0.00150	0.00566	0.00485	0.00357	0.00744
6	0.00912	0.00706	0.00816	0.02167	0.00972	0.01932	0.00588	0.06566	0.14728	0.01627	0.05518	0.43470	0.02702	0.13619	0.00942	0.00246	0.00392	0.01096	0.00472	0.00528
7	0.01090	0.00813	0.00880	0.00806	0.01018	0.00879	0.00624	0.03039	0.31589	0.04079	0.10275	0.02683	0.15407	0.00844	0.00562	0.00165	0.03105	0.00692	0.20805	0.00643
8	0.00753	0.00544	0.00756	0.00753	0.00845	0.00577	0.00564	0.00940	0.01058	0.01513	0.24277	0.09045	0.02631	0.08589	0.41203	0.00546	0.00873	0.00770	0.03299	0.00466
9	0.01094	0.01070	0.01860	0.39896	0.18245	0.01201	0.12824	0.01447	0.02661	0.01513	0.03013	0.01612	0.04361	0.00586	0.00635	0.00176	0.06344	0.00537	0.00271	0.00653
10	0.01558	0.00955	0.01069	0.00873	0.01161	0.00990	0.00702	0.31184	0.01772	0.14175	0.11996	0.02048	0.04486	0.00719	0.00501	0.00151	0.00412	0.00577	0.23957	0.00715
11	0.00663	0.00521	0.00605	0.00663	0.00785	0.00463	0.00494	0.00798	0.01144	0.01424	0.04198	0.30077	0.43069	0.01460	0.00656	0.00199	0.00311	0.11533	0.00490	0.00446
12	0.00830	0.00729	0.01133	0.01057	0.01140	0.00802	0.09542	0.00969	0.00995	0.01373	0.02201	0.53842	0.02553	0.01350	0.00906	0.00214	0.18295	0.01167	0.00406	0.00496
13	0.27490	0.00937	0.01090	0.00866	0.01250	0.00901	0.00715	0.02266	0.01327	0.55394	0.01676	0.01514	0.01085	0.00605	0.00470	0.00164	0.00437	0.00457	0.00555	0.00800
14	0.01125	0.01117	0.00893	0.00852	0.00948	0.23948	0.00581	0.01195	0.00998	0.01136	0.01375	0.02501	0.01460	0.45418	0.13876	0.00453	0.00783	0.00610	0.00300	0.00431
15	0.00719	0.00566	0.00652	0.00626	0.00783	0.00514	0.00471	0.00975	0.04958	0.01810	0.41361	0.04372	0.37912	0.01181	0.00620	0.00172	0.00266	0.01011	0.00539	0.00491
16	0.00884	0.00601	0.00865	0.00794	0.00941	0.00584	0.09364	0.01101	0.01084	0.01680	0.02151	0.24280	0.05962	0.01174	0.06343	0.00212	0.00427	0.00830	0.40225	0.00497
17	0.01166	0.01112	0.01881	0.37640	0.42738	0.01229	0.01541	0.01491	0.01128	0.01547	0.00962	0.01350	0.00774	0.00509	0.00558	0.00168	0.02770	0.00470	0.00249	0.00719
18	0.01455	0.75876	0.02676	0.00938	0.01377	0.07806	0.00913	0.01622	0.01106	0.01247	0.00741	0.00856	0.00679	0.00459	0.00349	0.00115	0.00594	0.00287	0.00230	0.00674
19	0.00652	0.00500	0.00600	0.00664	0.00760	0.00447	0.00470	0.00777	0.01129	0.01446	0.09550	0.44067	0.31523	0.01486	0.00654	0.00198	0.00294	0.03843	0.00498	0.00443
20	0.65809	0.00994	0.00882	0.00753	0.01099	0.01090	0.00620	0.01793	0.01043	0.20160	0.01051	0.01079	0.00745	0.00529	0.00375	0.00164	0.00419	0.00344	0.00404	0.00649
21	0.01142	0.01104	0.01926	0.43242	0.33736	0.01220	0.07062	0.01486	0.01131	0.01528	0.00971	0.01370	0.00766	0.00499	0.00534	0.00169	0.00687	0.00482	0.00248	0.00698
22	0.00629	0.00530	0.00545	0.00553	0.00720	0.00446	0.00410	0.00762	0.01197	0.01438	0.06835	0.10686	0.70731	0.01356	0.00628	0.00181	0.00270	0.01141	0.00493	0.00446
23	0.01125	0.00920	0.01074	0.00982	0.01172	0.03870	0.00772	0.11032	0.20198	0.01773	0.01540	0.01863	0.01291	0.02344	0.40313	0.00513	0.04478	0.00547	0.03566	0.00628
24	0.00866	0.00688	0.00769	0.00729	0.00919	0.00673	0.00565	0.06751	0.11126	0.01854	0.22473	0.06271	0.36127	0.01160	0.00616	0.00180	0.00325	0.06841	0.00522	0.00546
25	0.00763	0.00534	0.00684	0.00684	0.00722	0.00571	0.00455	0.00838	0.00801	0.01105	0.01567	0.02914	0.01685	0.50864	0.32923	0.00646	0.00869	0.00689	0.00306	0.00380
26	0.01004	0.00799	0.00912	0.00838	0.01039	0.00855	0.00642	0.01797	0.34521	0.02154	0.41983	0.03013	0.03381	0.00905	0.00577	0.00170	0.00323	0.00782	0.03658	0.00646
27	0.01111	0.14026	0.67832	0.01421	0.02155	0.01351	0.01803	0.01661	0.01110	0.01613	0.00918	0.01078	0.00671	0.00495	0.00479	0.00160	0.00750	0.00375	0.00224	0.00767
28	0.01060	0.02735	0.78682	0.01507	0.02288	0.01228	0.01953	0.01674	0.01116	0.01674	0.00949	0.01116	0.00670	0.00502	0.00502	0.00167	0.00781	0.00391	0.00223	0.00781

[dist]
# distance from previous block
# <min> <max>
0	1

[block]
# block no. 3 follows, 46 sequences, length 64
# corresponding to MSA columns:
# 557-559,562-622
name=unknown_D
#
# <colnr> <probs for GDERKNQSTAVLIFYWHMCP>
#	G	D	E	R	K	N	Q	S	T	A	V	L	I	F	Y	W	H	M	C	P
0	0.05783	0.01339	0.03933	0.01053	0.01448	0.07451	0.00873	0.30722	0.06238	0.06926	0.01305	0.01382	0.02815	0.02140	0.00560	0.00148	0.02935	0.00443	0.00427	0.22079
1	0.01223	0.07614	0.19716	0.13084	0.03490	0.12757	0.07950	0.01730	0.12232	0.01575	0.01432	0.07542	0.04361	0.00667	0.00551	0.00168	0.02359	0.00557	0.00315	0.00677
2	0.72295	0.01003	0.00847	0.00733	0.01073	0.01122	0.00604	0.01713	0.00995	0.14197	0.00946	0.01005	0.00687	0.00516	0.00359	0.00164	0.00415	0.00324	0.00378	0.00623
3	0.01157	0.10100	0.60137	0.04129	0.04967	0.01270	0.01729	0.01678	0.01142	0.05338	0.02994	0.01214	0.00822	0.00520	0.00493	0.00162	0.00722	0.00407	0.00255	0.00765
4	0.01171	0.01181	0.05715	0.09403	0.18540	0.04536	0.10334	0.06801	0.10343	0.01852	0.13249	0.08472	0.04608	0.00742	0.00567	0.00171	0.00565	0.00678	0.00386	0.00689
5	0.00752	0.00546	0.00728	0.00786	0.00864	0.00551	0.00575	0.03701	0.01090	0.01475	0.08687	0.42918	0.04801	0.04822	0.17427	0.00356	0.00572	0.08437	0.00449	0.00464
6	0.00654	0.00466	0.00609	0.00719	0.00750	0.00436	0.00475	0.00739	0.00996	0.01325	0.02858	0.73337	0.04764	0.08139	0.00838	0.00238	0.00323	0.01436	0.00477	0.00421
7	0.01445	0.01698	0.06537	0.08236	0.33217	0.24653	0.10726	0.01741	0.01290	0.01573	0.03288	0.01293	0.00893	0.00515	0.00524	0.00156	0.00762	0.00461	0.00271	0.00722
8	0.01102	0.04618	0.39111	0.23995	0.14440	0.01251	0.05010	0.01573	0.01117	0.01577	0.00951	0.01233	0.00712	0.00501	0.00513	0.00167	0.00733	0.00432	0.00235	0.00729
9	0.03523	0.00811	0.00943	0.00773	0.01059	0.00785	0.00621	0.12702	0.01448	0.29318	0.01734	0.01749	0.01232	0.00621	0.00450	0.00142	0.00377	0.00493	0.37287	0.03932
10	0.00649	0.00474	0.00612	0.00714	0.00767	0.00437	0.00486	0.00754	0.01055	0.01391	0.05963	0.68356	0.12064	0.01596	0.00668	0.00209	0.00303	0.02573	0.00494	0.00435
11	0.03714	0.14161	0.50437	0.01374	0.02007	0.01293	0.07643	0.01631	0.01131	0.04467	0.02615	0.05208	0.00932	0.00565	0.00495	0.00162	0.00700	0.00463	0.00267	0.00735
12	0.00690	0.00495	0.00646	0.00752	0.00796	0.00470	0.00508	0.03294	0.01062	0.01417	0.02858	0.78377	0.03409	0.01622	0.00670	0.00213	0.00316	0.01468	0.00492	0.00445
13	0.00719	0.00554	0.00663	0.00674	0.00806	0.00511	0.00504	0.00953	0.04524	0.01710	0.31025	0.18980	0.28750	0.01287	0.00637	0.00185	0.00290	0.06221	0.00526	0.00482
14	0.03453	0.05343	0.39385	0.03947	0.10524	0.01234	0.04364	0.01843	0.14844	0.04090	0.02670	0.03771	0.01046	0.00584	0.00513	0.00168	0.00647	0.00489	0.00317	0.00767
15	0.07565	0.06095	0.09551	0.01128	0.03755	0.08062	0.07827	0.03507	0.01191	0.04699	0.01069	0.01212	0.02511	0.00473	0.00442	0.00120	0.00552	0.00384	0.00313	0.39543
16	0.01109	0.21287	0.10211	0.04902	0.04310	0.04206	0.01007	0.01308	0.01014	0.01354	0.04447	0.11413	0.01357	0.08103	0.03630	0.00227	0.18649	0.00588	0.00289	0.00589
17	0.01274	0.01218	0.02040	0.14335	0.52668	0.01299	0.05398	0.04663	0.01200	0.01693	0.00973	0.01313	0.00805	0.00528	0.00645	0.00168	0.08264	0.00478	0.00266	0.00772
18	0.10547	0.09762	0.17867	0.01345	0.05336	0.07110	0.09924	0.01624	0.06581	0.03283	0.01345	0.08796	0.01232	0.00725	0.00596	0.00176	0.05664	0.07098	0.00325	0.00665
19	0.01218	0.07828	0.09186	0.19124	0.27747	0.03877	0.01317	0.03612	0.08323	0.01678	0.01191	0.04267	0.00984	0.00569	0.00501	0.00160	0.00604	0.00494	0.06602	0.00717
20	0.06024	0.03479	0.15590	0.00962	0.01456	0.00930	0.00917	0.04259	0.04467	0.12012	0.02880	0.01281	0.00952	0.00492	0.00442	0.00121	0.00482	0.00387	0.00363	0.42503
21	0.01205	0.03990	0.36755	0.01528	0.08180	0.02926	0.11106	0.03497	0.01207	0.04675	0.03698	0.01286	0.00903	0.00501	0.00500	0.00149	0.00672	0.00436	0.00287	0.16499
22	0.28577	0.00926	0.00992	0.00833	0.01163	0.00953	0.00674	0.02083	0.12925	0.32383	0.04631	0.01737	0.04096	0.00651	0.00465	0.00164	0.00406	0.00499	0.05110	0.00731
23	0.00647	0.00533	0.00569	0.00566	0.00729	0.00455	0.00422	0.00800	0.01249	0.01547	0.18008	0.07825	0.62209	0.01306	0.00627	0.00178	0.00266	0.01103	0.00507	0.00455
24	0.01060	0.01159	0.00855	0.00823	0.01014	0.25506	0.00611	0.01194	0.01288	0.01401	0.06083	0.11386	0.43443	0.01110	0.00583	0.00168	0.00489	0.00903	0.00424	0.00499
25	0.06012	0.00800	0.00933	0.00740	0.01069	0.00689	0.00587	0.03131	0.01256	0.13560	0.15092	0.01930	0.03439	0.00622	0.00456	0.00123	0.00355	0.00510	0.13479	0.35218
26	0.00831	0.00675	0.00991	0.08624	0.01224	0.00819	0.00767	0.01002	0.00866	0.01233	0.01375	0.06434	0.01352	0.10515	0.48919	0.00629	0.12363	0.00614	0.00286	0.00481
27	0.00697	0.00539	0.00639	0.00642	0.00783	0.00481	0.00488	0.00884	0.01310	0.01716	0.34197	0.10241	0.36246	0.01269	0.00638	0.00182	0.00283	0.07769	0.00527	0.00470
28	0.43740	0.14115	0.25862	0.00996	0.01489	0.01349	0.01072	0.03108	0.01028	0.01994	0.00814	0.00947	0.00626	0.00491	0.00389	0.00157	0.00555	0.00323	0.00283	0.00662
29	0.01599	0.00801	0.00994	0.00823	0.01124	0.00735	0.00659	0.05483	0.07084	0.38556	0.15200	0.02913	0.19972	0.00889	0.00569	0.00168	0.00378	0.00741	0.00589	0.00723
30	0.00658	0.00494	0.00607	0.00675	0.00758	0.00447	0.00472	0.00779	0.01116	0.01452	0.11603	0.48545	0.23991	0.03262	0.00701	0.00207	0.00299	0.02997	0.00497	0.00440
31	0.01975	0.02520	0.01498	0.01362	0.01634	0.79299	0.01021	0.02111	0.01498	0.01294	0.00817	0.00953	0.00681	0.00545	0.00477	0.00136	0.00953	0.00340	0.00272	0.00613
32	0.01155	0.02071	0.40368	0.01873	0.02529	0.01283	0.39602	0.01684	0.01183	0.01684	0.01010	0.01273	0.00737	0.00474	0.00564	0.00173	0.00837	0.00509	0.00246	0.00747
33	0.00668	0.00482	0.00628	0.00733	0.00783	0.00451	0.00508	0.00774	0.01042	0.01376	0.04470	0.64389	0.08838	0.05029	0.00761	0.00226	0.00327	0.07597	0.00485	0.00432
34	0.56598	0.01180	0.01055	0.00874	0.01234	0.01342	0.00721	0.27247	0.01444	0.02702	0.00919	0.01000	0.00685	0.00540	0.00396	0.00162	0.00468	0.00351	0.00396	0.00685
35	0.00634	0.00533	0.00552	0.00565	0.00731	0.00451	0.00423	0.00768	0.01191	0.01428	0.05091	0.10650	0.69958	0.01366	0.00632	0.00183	0.00278	0.03628	0.00491	0.00446
36	0.00798	0.00546	0.00724	0.00753	0.00864	0.00511	0.00575	0.00998	0.01299	0.04669	0.37044	0.25236	0.06547	0.01306	0.00655	0.00195	0.00321	0.15930	0.00538	0.00491
37	0.01123	0.00773	0.02834	0.04087	0.01323	0.00720	0.12213	0.01282	0.01064	0.14895	0.01829	0.22542	0.01801	0.08394	0.11743	0.09800	0.00637	0.01999	0.00397	0.00544
38	0.09421	0.00872	0.01008	0.00819	0.01132	0.00858	0.00664	0.13518	0.01480	0.35557	0.01721	0.01686	0.01193	0.00624	0.00461	0.00150	0.00402	0.00488	0.27206	0.00740
39	0.01837	0.01910	0.01579	0.01580	0.13482	0.40435	0.01084	0.17757	0.08384	0.05268	0.01114	0.01203	0.00862	0.00572	0.00503	0.00149	0.00755	0.00421	0.00365	0.00741
40	0.01038	0.00989	0.01631	0.32750	0.16123	0.02574	0.09477	0.01348	0.02584	0.01502	0.04770	0.16094	0.01459	0.00763	0.00626	0.00182	0.04462	0.00698	0.00312	0.00618
41	0.08413	0.01648	0.18484	0.01393	0.01885	0.01391	0.14354	0.36176	0.01756	0.02490	0.01219	0.03383	0.00951	0.00617	0.00534	0.00169	0.00655	0.03297	0.00397	0.00787
42	0.01432	0.10855	0.40648	0.01445	0.04610	0.25016	0.01500	0.05645	0.01301	0.01601	0.00904	0.01053	0.00692	0.00516	0.00479	0.00151	0.00795	0.00371	0.00256	0.00727
43	0.00949	0.00740	0.00838	0.00799	0.00912	0.06456	0.00579	0.01117	0.03502	0.04537	0.01563	0.02458	0.02875	0.29171	0.37333	0.00590	0.00944	0.00617	0.00324	0.03696
44	0.01315	0.03353	0.20121	0.05482	0.33766	0.02176	0.05479	0.01718	0.03279	0.09426	0.05065	0.01454	0.01064	0.00534	0.00521	0.00159	0.00634	0.00483	0.00316	0.03657
45	0.01205	0.06289	0.27523	0.02339	0.37187	0.01279	0.10797	0.01619	0.01167	0.01667	0.01032	0.03631	0.00849	0.00513	0.00523	0.00162	0.00698	0.00484	0.00255	0.00782
46	0.14212	0.01214	0.01345	0.01046	0.01450	0.01277	0.00864	0.40132	0.01921	0.29027	0.01472	0.01392	0.00992	0.00620	0.00501	0.00161	0.00511	0.00468	0.00543	0.00852
47	0.01105	0.00906	0.01407	0.01833	0.32303	0.00908	0.03048	0.02947	0.03969	0.05558	0.04777	0.24096	0.01949	0.08066	0.00799	0.00211	0.02328	0.02753	0.00385	0.00650
48	0.03794	0.24821	0.28389	0.01421	0.05163	0.01439	0.14055	0.01670	0.04080	0.03662	0.05877	0.01324	0.01027	0.00526	0.00482	0.00153	0.00663	0.00447	0.00283	0.00723
49	0.00797	0.00609	0.00748	0.00765	0.00874	0.00634	0.00565	0.01090	0.10317	0.01400	0.02624	0.15232	0.15581	0.17422	0.20845	0.00424	0.00651	0.08534	0.00411	0.00478
50	0.00644	0.00460	0.00613	0.00736	0.00767	0.00429	0.00491	0.00736	0.01012	0.01350	0.02914	0.81076	0.03497	0.01656	0.00675	0.00215	0.00307	0.01503	0.00491	0.00429
51	0.00963	0.16523	0.10971	0.00906	0.01185	0.03598	0.03051	0.03978	0.01189	0.01526	0.08170	0.27352	0.16461	0.01064	0.00562	0.00173	0.00454	0.00910	0.00401	0.00562
52	0.01197	0.03450	0.18786	0.08843	0.21100	0.04585	0.25606	0.01596	0.01184	0.01619	0.01114	0.06408	0.00939	0.00553	0.00555	0.00170	0.00744	0.00559	0.00267	0.00724
53	0.02243	0.00994	0.01274	0.00981	0.01382	0.00927	0.00809	0.16214	0.01693	0.61647	0.04801	0.01782	0.01372	0.00667	0.00535	0.00163	0.00467	0.00537	0.00628	0.00884
54	0.02538	0.09697	0.45857	0.01871	0.22317	0.01289	0.01685	0.01657	0.01145	0.03580	0.01015	0.01283	0.00792	0.00518	0.00496	0.00161	0.00698	0.02370	0.00253	0.00778
55	0.01356	0.18619	0.14495	0.01925	0.25774	0.09671	0.08155	0.01820	0.10131	0.01625	0.01057	0.01232	0.00848	0.00507	0.00487	0.00152	0.00673	0.00433	0.00282	0.00760
56	0.05811	0.01072	0.01072	0.00910	0.01199	0.10204	0.00722	0.14788	0.03838	0.21902	0.11460	0.04075	0.12682	0.00819	0.00537	0.00163	0.00465	0.02275	0.05313	0.00691
57	0.00874	0.00589	0.00866	0.00841	0.00961	0.00656	0.00656	0.01069	0.00951	0.07017	0.07683	0.02209	0.01619	0.03485	0.67093	0.00743	0.01250	0.00596	0.00335	0.00506
58	0.01306	0.02918	0.25607	0.03587	0.17427	0.07294	0.03260	0.01670	0.02858	0.11278	0.01355	0.08026	0.01158	0.06798	0.00688	0.00191	0.00637	0.00555	0.02673	0.00715
59	0.03791	0.16131	0.47089	0.03615	0.06961	0.03584	0.03549	0.06399	0.01207	0.01711	0.00928	0.01095	0.00698	0.00500	0.00475	0.00156	0.00716	0.00386	0.00252	0.00756
60	0.01007	0.00639	0.00738	0.00689	0.00782	0.00648	0.00452	0.01251	0.11261	0.09299	0.07764	0.03124	0.02058	0.55795	0.02013	0.00404	0.00473	0.00736	0.00405	0.00464
61	0.01298	0.01282	0.01990	0.02860	0.63908	0.06785	0.03325	0.01586	0.01220	0.01679	0.02838	0.06629	0.01095	0.00568	0.00535	0.00160	0.00628	0.00545	0.00285	0.00784
62	0.04141	0.07970	0.30040	0.01471	0.11680	0.01225	0.01350	0.10087	0.02843	0.22202	0.01291	0.01327	0.00902	0.00553	0.00498	0.00160	0.00617	0.00440	0.00385	0.00820
63	0.06061	0.01139	0.03289	0.04081	0.01401	0.02827	0.00856	0.37527	0.03425	0.02399	0.01835	0.18716	0.04219	0.03906	0.00644	0.00191	0.00509	0.05809	0.00473	0.00694

[dist]
# distance from previous block
# <min> <max>
0	2

[block]
# block no. 4 follows, 46 sequences, length 18
# corresponding to MSA columns:
# 625-642
name=unknown_E
#
# <colnr> <probs for GDERKNQSTAVLIFYWHMCP>
#	G	D	E	R	K	N	Q	S	T	A	V	L	I	F	Y	W	H	M	C	P
0	0.49227	0.06368	0.08372	0.00979	0.03436	0.05999	0.02050	0.06297	0.01145	0.10473	0.00953	0.01037	0.00706	0.00518	0.00398	0.00159	0.00516	0.00348	0.00353	0.00666
1	0.04479	0.01239	0.14055	0.07721	0.09595	0.02593	0.10888	0.04852	0.01195	0.05248	0.05596	0.15744	0.04397	0.05860	0.00723	0.00198	0.02455	0.00720	0.01807	0.00634
2	0.03030	0.04571	0.15511	0.01390	0.09780	0.02667	0.10845	0.01539	0.08949	0.01773	0.14397	0.06271	0.05029	0.00705	0.00559	0.00160	0.02033	0.00624	0.00366	0.09802
3	0.01466	0.00874	0.01087	0.00830	0.01232	0.00699	0.00661	0.01675	0.01224	0.26866	0.01530	0.10019	0.01250	0.00615	0.00468	0.00121	0.00401	0.00514	0.00444	0.48023
4	0.00762	0.00586	0.00745	0.00813	0.00888	0.00602	0.00586	0.01028	0.09323	0.01492	0.05871	0.56417	0.06216	0.01466	0.00712	0.00210	0.04274	0.07032	0.00487	0.00489
5	0.05554	0.01019	0.01146	0.00971	0.01295	0.01086	0.00773	0.07863	0.37609	0.25196	0.03598	0.01860	0.01473	0.00681	0.00514	0.00167	0.00422	0.00554	0.07406	0.00813
6	0.00682	0.00542	0.00620	0.00649	0.00797	0.00480	0.00503	0.00845	0.01222	0.01528	0.13024	0.12400	0.48740	0.01362	0.00649	0.00192	0.00309	0.14494	0.00501	0.00458
7	0.01558	0.01282	0.04839	0.01309	0.05169	0.09570	0.11726	0.10288	0.13348	0.17272	0.01598	0.02002	0.01289	0.11724	0.00844	0.00216	0.00611	0.04196	0.00434	0.00724
8	0.01413	0.81739	0.02770	0.00905	0.01357	0.02092	0.00905	0.01583	0.01074	0.01244	0.00735	0.00848	0.00678	0.00452	0.00339	0.00113	0.00565	0.00283	0.00226	0.00678
9	0.00646	0.00496	0.00592	0.00654	0.00749	0.00442	0.00458	0.00768	0.01128	0.01448	0.10529	0.45395	0.31828	0.01485	0.00651	0.00197	0.00287	0.01307	0.00499	0.00442
10	0.00754	0.00511	0.00600	0.00613	0.00623	0.00514	0.00363	0.00778	0.00801	0.01075	0.01784	0.11797	0.02051	0.67261	0.07904	0.00504	0.00554	0.00834	0.00336	0.00343
11	0.34979	0.01507	0.01173	0.01003	0.01336	0.23514	0.00797	0.15558	0.01434	0.10503	0.01029	0.01092	0.00763	0.00554	0.00430	0.00154	0.00596	0.00369	0.02531	0.00678
12	0.01227	0.01049	0.01158	0.00935	0.01322	0.01022	0.00738	0.04211	0.37360	0.02002	0.01526	0.01518	0.01182	0.00554	0.00465	0.00129	0.00410	0.00453	0.00426	0.42313
13	0.01278	0.01241	0.04371	0.01352	0.15780	0.09400	0.00921	0.04651	0.01251	0.03466	0.05185	0.01300	0.01024	0.00481	0.00451	0.00113	0.00514	0.00396	0.00327	0.46497
14	0.01198	0.31796	0.37750	0.01183	0.01741	0.01485	0.01352	0.05626	0.01164	0.01570	0.01100	0.09715	0.00993	0.00616	0.00462	0.00152	0.00638	0.00476	0.00270	0.00711
15	0.01167	0.12341	0.61492	0.01501	0.05674	0.03341	0.01757	0.03911	0.01166	0.01664	0.00931	0.01093	0.00686	0.00500	0.00483	0.00159	0.00746	0.00382	0.00236	0.00770
16	0.17423	0.05465	0.05269	0.00824	0.01091	0.09368	0.00687	0.01383	0.04964	0.03602	0.20579	0.08055	0.13712	0.00861	0.00514	0.00161	0.00430	0.00696	0.00426	0.04489
17	0.01124	0.02091	0.47438	0.04930	0.02228	0.01208	0.15292	0.06610	0.01241	0.01779	0.05276	0.04622	0.01063	0.00589	0.00564	0.00172	0.02234	0.00520	0.00283	0.00735

[dist]
# distance from previous block
# <min> <max>
1	5

[block]
# block no. 5 follows, 46 sequences, length 94
# corresponding to MSA columns:
# 648-721,725-744
name=unknown_F
#
# <colnr> <probs for GDERKNQSTAVLIFYWHMCP>
#	G	D	E	R	K	N	Q	S	T	A	V	L	I	F	Y	W	H	M	C	P
0	0.52632	0.04606	0.04750	0.00880	0.02723	0.01167	0.00744	0.02898	0.02525	0.15111	0.02248	0.01132	0.00816	0.00549	0.00444	0.00163	0.03659	0.00364	0.00379	0.02212
1	0.05107	0.01181	0.03631	0.02324	0.47179	0.01132	0.01303	0.04521	0.03592	0.21125	0.01316	0.01440	0.00977	0.00535	0.00514	0.00159	0.00562	0.00481	0.02083	0.00836
2	0.81537	0.01042	0.00812	0.00718	0.01049	0.01206	0.00591	0.04809	0.00969	0.02414	0.00759	0.00877	0.00587	0.00497	0.00336	0.00163	0.00416	0.00295	0.00336	0.00587
3	0.03062	0.01159	0.06787	0.06966	0.05305	0.03458	0.09688	0.07855	0.09037	0.04852	0.02898	0.14002	0.01401	0.00708	0.00525	0.00155	0.00531	0.00629	0.02244	0.18738
4	0.01224	0.01418	0.12480	0.02386	0.46702	0.05623	0.01420	0.01635	0.07278	0.01683	0.01327	0.11957	0.01222	0.00657	0.00539	0.00167	0.00608	0.00600	0.00310	0.00762
5	0.00988	0.01663	0.38747	0.01144	0.01581	0.00932	0.01245	0.08128	0.01202	0.01719	0.01749	0.31029	0.01779	0.00951	0.00563	0.00182	0.00560	0.00819	0.04372	0.00647
6	0.00650	0.00462	0.00612	0.00729	0.00759	0.00433	0.00483	0.00738	0.01002	0.01335	0.02859	0.77699	0.03428	0.05127	0.00762	0.00228	0.00316	0.01471	0.00483	0.00425
7	0.01060	0.02735	0.78682	0.01507	0.02288	0.01228	0.01953	0.01674	0.01116	0.01674	0.00949	0.01116	0.00670	0.00502	0.00502	0.00167	0.00781	0.00391	0.00223	0.00781
8	0.03547	0.01507	0.01734	0.01854	0.25325	0.10000	0.01192	0.41658	0.01906	0.02541	0.01109	0.01235	0.00844	0.00578	0.00546	0.00158	0.02569	0.00455	0.00406	0.00834
9	0.01249	0.01302	0.01016	0.01002	0.01166	0.29283	0.00729	0.01524	0.10088	0.03302	0.02118	0.38333	0.04546	0.01107	0.00582	0.00180	0.00558	0.00938	0.00421	0.00556
10	0.00877	0.00729	0.01031	0.00971	0.01037	0.00913	0.00771	0.01039	0.00875	0.01300	0.01445	0.07196	0.03700	0.02623	0.43771	0.00559	0.24731	0.00611	0.05318	0.00501
11	0.01315	0.01136	0.01195	0.01076	0.01375	0.01315	0.00837	0.02809	0.77168	0.02211	0.02152	0.01972	0.01614	0.00717	0.00538	0.00179	0.00418	0.00598	0.00538	0.00837
12	0.00644	0.00460	0.00613	0.00736	0.00767	0.00429	0.00491	0.00736	0.01012	0.01350	0.02914	0.81076	0.03497	0.01656	0.00675	0.00215	0.00307	0.01503	0.00491	0.00429
13	0.01108	0.00832	0.00895	0.00825	0.01039	0.00915	0.00634	0.01995	0.40172	0.02123	0.16756	0.02357	0.02195	0.00758	0.00505	0.00160	0.00335	0.00637	0.25089	0.00670
14	0.01001	0.00688	0.00795	0.00777	0.00916	0.00725	0.00573	0.11573	0.08644	0.01838	0.02116	0.31494	0.02141	0.05185	0.07849	0.00253	0.00452	0.00898	0.21535	0.00549
15	0.00764	0.00533	0.00679	0.00679	0.00714	0.00568	0.00447	0.00834	0.00799	0.01101	0.01572	0.02943	0.01698	0.52498	0.31307	0.00638	0.00850	0.00693	0.00306	0.00377
16	0.00755	0.00566	0.00850	0.00850	0.00944	0.00661	0.00661	0.00944	0.00850	0.01227	0.01416	0.02077	0.01322	0.03965	0.79326	0.00850	0.01416	0.00566	0.00283	0.00472
17	0.00682	0.00487	0.00657	0.00779	0.00826	0.00462	0.00556	0.00801	0.01049	0.01392	0.02893	0.67475	0.03414	0.01621	0.00685	0.00220	0.00339	0.14733	0.00490	0.00440
18	0.02372	0.00900	0.01227	0.00941	0.01350	0.00777	0.00777	0.02576	0.01513	0.78489	0.02086	0.01799	0.01309	0.00654	0.00532	0.00164	0.00450	0.00532	0.00654	0.00900
19	0.01248	0.01426	0.03119	0.02228	0.02763	0.01337	0.76203	0.01693	0.01248	0.01693	0.01070	0.01426	0.00802	0.00446	0.00624	0.00178	0.00891	0.00624	0.00267	0.00713
20	0.00804	0.00589	0.00771	0.00780	0.00913	0.00570	0.00625	0.01106	0.04853	0.01933	0.48364	0.04537	0.06072	0.01193	0.00654	0.00192	0.00334	0.24653	0.00547	0.00509
21	0.00795	0.00595	0.00828	0.00807	0.00868	0.00684	0.00597	0.00920	0.00857	0.01220	0.05748	0.02452	0.01622	0.23488	0.46543	0.03191	0.07414	0.00629	0.00304	0.00436
22	0.80376	0.00992	0.00761	0.00684	0.00999	0.01147	0.00561	0.01536	0.00912	0.02349	0.00792	0.00922	0.00617	0.00498	0.00330	0.00161	0.00400	0.00298	0.05099	0.00568
23	0.01108	0.00960	0.01345	0.01154	0.01243	0.01195	0.05446	0.01348	0.07533	0.05015	0.01268	0.01928	0.02564	0.18929	0.07643	0.00329	0.39553	0.00575	0.00309	0.00557
24	0.00721	0.00502	0.00693	0.00771	0.00832	0.00467	0.01964	0.00839	0.01074	0.03771	0.08683	0.69473	0.03484	0.01553	0.00667	0.00209	0.00322	0.03022	0.00498	0.00456
25	0.56160	0.11336	0.14637	0.00887	0.01314	0.01327	0.00875	0.05154	0.01035	0.02157	0.00798	0.00922	0.00618	0.00495	0.00369	0.00158	0.00501	0.00313	0.00306	0.00638
26	0.01367	0.20835	0.40922	0.01372	0.03598	0.20231	0.01480	0.01757	0.01200	0.01485	0.00869	0.01019	0.00678	0.00500	0.00459	0.00147	0.00770	0.00355	0.00237	0.00718
27	0.05595	0.00653	0.00783	0.00755	0.00943	0.00574	0.00544	0.01005	0.02440	0.01539	0.02165	0.50288	0.02455	0.01181	0.00565	0.00169	0.00341	0.01049	0.00427	0.26529
28	0.01325	0.06695	0.51550	0.01308	0.01943	0.01186	0.01545	0.04662	0.04600	0.14216	0.05056	0.01398	0.01041	0.00568	0.00506	0.00164	0.00665	0.00448	0.00337	0.00787
29	0.03612	0.15495	0.06870	0.02203	0.42670	0.01330	0.01318	0.01770	0.05837	0.09724	0.03464	0.01375	0.01015	0.00523	0.00489	0.00152	0.00578	0.00457	0.00322	0.00795
30	0.01989	0.01470	0.01575	0.01212	0.01631	0.01630	0.01000	0.74151	0.04729	0.03298	0.01296	0.01290	0.00921	0.00637	0.00529	0.00159	0.00577	0.00480	0.00529	0.00897
31	0.08772	0.00912	0.01212	0.05419	0.01454	0.00832	0.00800	0.02427	0.01439	0.68153	0.01915	0.01704	0.01217	0.00634	0.00515	0.00164	0.00461	0.00509	0.00605	0.00856
32	0.01195	0.01190	0.02182	0.25491	0.18151	0.01260	0.27085	0.05730	0.01219	0.01653	0.01096	0.05181	0.00909	0.00568	0.00628	0.00177	0.04741	0.00572	0.00280	0.00691
33	0.00826	0.00539	0.00715	0.00715	0.00809	0.00596	0.00540	0.01015	0.00921	0.01434	0.01533	0.02176	0.01389	0.10289	0.48063	0.00597	0.00975	0.00563	0.25841	0.00464
34	0.00985	0.00493	0.00493	0.00493	0.00616	0.00493	0.00370	0.01232	0.01109	0.01971	0.01725	0.01971	0.01355	0.00616	0.00370	0.00123	0.00246	0.00493	0.84356	0.00493
35	0.01157	0.01157	0.01619	0.01388	0.01388	0.01619	0.01157	0.01272	0.00810	0.01272	0.00694	0.01157	0.00694	0.00925	0.01735	0.00231	0.80453	0.00463	0.00231	0.00578
36	0.00954	0.00829	0.01101	0.25441	0.03742	0.05255	0.00967	0.03956	0.01182	0.01500	0.02183	0.21483	0.06435	0.01104	0.00622	0.00201	0.00533	0.21585	0.00394	0.00533
37	0.01315	0.01136	0.01195	0.01076	0.01375	0.01315	0.00837	0.02809	0.77168	0.02211	0.02152	0.01972	0.01614	0.00717	0.00538	0.00179	0.00418	0.00598	0.00538	0.00837
38	0.00644	0.00460	0.00613	0.00736	0.00767	0.00429	0.00491	0.00736	0.01012	0.01350	0.02914	0.81076	0.03497	0.01656	0.00675	0.00215	0.00307	0.01503	0.00491	0.00429
39	0.01209	0.01192	0.01984	0.14218	0.36506	0.01363	0.08023	0.01479	0.01064	0.01527	0.00900	0.01287	0.00770	0.00618	0.00907	0.00185	0.25329	0.00482	0.00249	0.00709
40	0.00998	0.00940	0.01586	0.80150	0.03641	0.01175	0.01468	0.01351	0.01057	0.01351	0.00940	0.01409	0.00705	0.00529	0.00529	0.00176	0.00705	0.00470	0.00235	0.00587
41	0.01248	0.01426	0.03119	0.02228	0.02763	0.01337	0.76203	0.01693	0.01248	0.01693	0.01070	0.01426	0.00802	0.00446	0.00624	0.00178	0.00891	0.00624	0.00267	0.00713
42	0.00650	0.00469	0.00623	0.00734	0.00773	0.00441	0.00496	0.00751	0.01021	0.01362	0.04447	0.73786	0.05668	0.01735	0.04095	0.00240	0.00353	0.01439	0.00484	0.00433
43	0.01194	0.08056	0.51807	0.01653	0.06211	0.03381	0.13633	0.04929	0.01208	0.01711	0.00966	0.01159	0.00710	0.00495	0.00512	0.00164	0.00771	0.00427	0.00247	0.00767
44	0.01059	0.00723	0.00934	0.00870	0.01020	0.00785	0.00663	0.13870	0.01184	0.06514	0.01672	0.13080	0.01622	0.12036	0.40824	0.00560	0.00951	0.00703	0.00382	0.00548
45	0.01538	0.01804	0.05631	0.02399	0.41207	0.30018	0.06470	0.01810	0.01311	0.01563	0.00932	0.01176	0.00769	0.00498	0.00512	0.00151	0.00773	0.00429	0.00264	0.00744
46	0.01445	0.25294	0.16736	0.01155	0.01619	0.03150	0.02964	0.17871	0.18385	0.02023	0.01246	0.01291	0.00956	0.00567	0.00466	0.00150	0.00584	0.00431	0.02889	0.00775
47	0.00758	0.00557	0.00803	0.00803	0.00881	0.00636	0.00603	0.00914	0.00836	0.01193	0.01459	0.02312	0.01424	0.17163	0.66268	0.00792	0.01262	0.00601	0.00290	0.00446
48	0.01183	0.30216	0.52276	0.01297	0.01964	0.01528	0.01588	0.01642	0.01102	0.01524	0.00874	0.01023	0.00673	0.00485	0.00446	0.00149	0.00706	0.00353	0.00224	0.00746
49	0.01568	0.00994	0.01308	0.01030	0.01330	0.01020	0.00848	0.01754	0.01153	0.28811	0.01268	0.01365	0.00941	0.00654	0.00867	0.00157	0.25762	0.00438	0.00408	0.28323
50	0.00665	0.00537	0.00591	0.00578	0.00739	0.00463	0.00433	0.00836	0.01300	0.01653	0.28932	0.04717	0.54192	0.01255	0.00624	0.00175	0.00262	0.01064	0.00521	0.00463
51	0.01375	0.73149	0.11024	0.00970	0.01458	0.01998	0.01019	0.01593	0.01079	0.01291	0.00758	0.00877	0.00677	0.00458	0.00357	0.00119	0.00589	0.00294	0.00226	0.00690
52	0.00845	0.00485	0.00634	0.00634	0.00634	0.00485	0.00391	0.00728	0.00728	0.00970	0.01283	0.02510	0.01407	0.40626	0.02371	0.43625	0.00485	0.00610	0.00274	0.00274
53	0.02347	0.00940	0.01252	0.00960	0.01369	0.00836	0.00793	0.07649	0.01580	0.73322	0.02030	0.01763	0.01280	0.00653	0.00531	0.00163	0.00459	0.00528	0.00646	0.00900
54	0.00644	0.00460	0.00613	0.00736	0.00767	0.00429	0.00491	0.00736	0.01012	0.01350	0.02914	0.81076	0.03497	0.01656	0.00675	0.00215	0.00307	0.01503	0.00491	0.00429
55	0.01975	0.02520	0.01498	0.01362	0.01634	0.79299	0.01021	0.02111	0.01498	0.01294	0.00817	0.00953	0.00681	0.00545	0.00477	0.00136	0.00953	0.00340	0.00272	0.00613
56	0.01942	0.01083	0.01279	0.01036	0.01409	0.01114	0.00838	0.15579	0.27885	0.38909	0.01966	0.01766	0.01343	0.00673	0.00533	0.00168	0.00462	0.00545	0.00592	0.00878
57	0.02229	0.00868	0.01181	0.00916	0.01300	0.00753	0.00753	0.02437	0.01512	0.71764	0.08757	0.01989	0.01633	0.00692	0.00540	0.00164	0.00432	0.00569	0.00648	0.00864
58	0.01315	0.01136	0.01195	0.01076	0.01375	0.01315	0.00837	0.02809	0.77168	0.02211	0.02152	0.01972	0.01614	0.00717	0.00538	0.00179	0.00418	0.00598	0.00538	0.00837
59	0.00644	0.00460	0.00613	0.00736	0.00767	0.00429	0.00491	0.00736	0.01012	0.01350	0.02914	0.81076	0.03497	0.01656	0.00675	0.00215	0.00307	0.01503	0.00491	0.00429
60	0.02010	0.01481	0.01587	0.01216	0.01639	0.01639	0.01005	0.76360	0.02486	0.03332	0.01269	0.01269	0.00899	0.00635	0.00529	0.00159	0.00582	0.00476	0.00529	0.00899
61	0.01248	0.01426	0.03119	0.02228	0.02763	0.01337	0.76203	0.01693	0.01248	0.01693	0.01070	0.01426	0.00802	0.00446	0.00624	0.00178	0.00891	0.00624	0.00267	0.00713
62	0.00774	0.00538	0.00707	0.00707	0.00761	0.00585	0.00492	0.00882	0.00828	0.01179	0.01545	0.02690	0.01592	0.38466	0.40519	0.00657	0.00945	0.00653	0.05074	0.00405
63	0.00758	0.00556	0.00796	0.00796	0.00871	0.00631	0.00593	0.00909	0.00834	0.01187	0.01465	0.02350	0.01440	0.19290	0.64163	0.00783	0.01237	0.00606	0.00291	0.00442
64	0.00692	0.00521	0.00559	0.00566	0.00654	0.00476	0.00370	0.00762	0.00995	0.01240	0.03535	0.08661	0.39048	0.37859	0.01569	0.00333	0.00382	0.00980	0.00413	0.00388
65	0.49884	0.01090	0.00953	0.00784	0.01156	0.05474	0.00635	0.03538	0.01062	0.05785	0.00878	0.00989	0.00684	0.00477	0.00369	0.00137	0.00441	0.00314	0.00341	0.25009
66	0.01158	0.01748	0.29112	0.05077	0.24424	0.01194	0.17695	0.01595	0.01166	0.01674	0.01077	0.03336	0.00877	0.00525	0.00539	0.00165	0.00717	0.02135	0.00262	0.05523
67	0.01638	0.07022	0.24644	0.01469	0.05469	0.47877	0.01322	0.01927	0.01346	0.01425	0.00860	0.01013	0.00685	0.00523	0.00479	0.00145	0.00864	0.00358	0.00255	0.00678
68	0.00997	0.00884	0.01313	0.28494	0.02054	0.01096	0.01125	0.01314	0.05348	0.01436	0.01504	0.02704	0.01453	0.01144	0.06530	0.00257	0.20212	0.21247	0.00325	0.00563
69	0.00705	0.00486	0.00595	0.00658	0.00674	0.00470	0.00408	0.00752	0.00894	0.01191	0.02305	0.43245	0.02729	0.40534	0.01657	0.00360	0.00407	0.01145	0.00408	0.00376
