[name]
unknown

[dist]
# distance from previous block
# <min> <max>
0	281

[block]
# block no. 0 follows, 38 sequences, length 23
# corresponding to MSA columns:
# 355-377
name=unknown_A
#
# <colnr> <probs for GDERKNQSTAVLIFYWHMCP>
#	G	D	E	R	K	N	Q	S	T	A	V	L	I	F	Y	W	H	M	C	P
0	0.00969	0.00692	0.00969	0.01108	0.01246	0.00692	0.00969	0.01246	0.01385	0.01800	0.03185	0.06786	0.03462	0.01662	0.00831	0.00277	0.00554	0.71057	0.00554	0.00554
1	0.01222	0.10515	0.02148	0.60436	0.03727	0.01481	0.09017	0.01609	0.01228	0.01563	0.01057	0.01529	0.00810	0.00581	0.00587	0.00192	0.00805	0.00527	0.00270	0.00696
2	0.83108	0.01163	0.00884	0.00791	0.01163	0.01350	0.00651	0.01768	0.01024	0.02699	0.00838	0.00977	0.00651	0.00558	0.00372	0.00186	0.00465	0.00326	0.00372	0.00651
3	0.00851	0.00615	0.00804	0.00757	0.00899	0.00568	0.00568	0.01135	0.01703	0.02412	0.74788	0.04494	0.05676	0.01230	0.00710	0.00189	0.00284	0.01088	0.00662	0.00568
4	0.00807	0.00613	0.00743	0.00711	0.00872	0.00549	0.00533	0.01050	0.01599	0.02165	0.53229	0.04900	0.27389	0.01322	0.00710	0.00194	0.00290	0.01145	0.00630	0.00549
5	0.01608	0.01348	0.01423	0.01247	0.01607	0.01549	0.00979	0.13094	0.63939	0.02697	0.02306	0.02131	0.01721	0.00803	0.00611	0.00201	0.00502	0.00661	0.00611	0.00962
6	0.01243	0.00678	0.00690	0.00646	0.00822	0.00697	0.00496	0.08871	0.01425	0.02404	0.01908	0.02160	0.01488	0.00703	0.00439	0.00144	0.00320	0.00559	0.73697	0.00609
7	0.00875	0.00583	0.00656	0.00656	0.00656	0.00583	0.00365	0.00875	0.00875	0.01166	0.01895	0.03937	0.02187	0.78858	0.03062	0.00583	0.00583	0.00875	0.00365	0.00365
8	0.01496	0.01292	0.01360	0.01224	0.01564	0.01496	0.00952	0.03197	0.74019	0.02516	0.02448	0.02244	0.01836	0.00816	0.00612	0.00204	0.00476	0.00680	0.00612	0.00952
9	0.83108	0.01163	0.00884	0.00791	0.01163	0.01350	0.00651	0.01768	0.01024	0.02699	0.00838	0.00977	0.00651	0.00558	0.00372	0.00186	0.00465	0.00326	0.00372	0.00651
10	0.00729	0.00607	0.00636	0.00636	0.00825	0.00514	0.00474	0.00895	0.01402	0.01716	0.14235	0.08532	0.63724	0.01503	0.00713	0.00203	0.00304	0.01265	0.00571	0.00514
11	0.01136	0.01069	0.01804	0.77412	0.04143	0.01337	0.01671	0.01537	0.01203	0.01537	0.01069	0.01604	0.00802	0.00601	0.00601	0.00200	0.00802	0.00535	0.00267	0.00668
12	0.01489	0.01429	0.02442	0.03692	0.75106	0.01429	0.01846	0.01846	0.01370	0.01965	0.01132	0.01489	0.00953	0.00536	0.00596	0.00179	0.00715	0.00536	0.00298	0.00953
13	0.01452	0.01392	0.02375	0.11373	0.67713	0.01420	0.01828	0.01814	0.01352	0.01921	0.01125	0.01501	0.00937	0.00543	0.00596	0.00181	0.00724	0.00536	0.00295	0.00923
14	0.01566	0.71291	0.10715	0.01101	0.01654	0.02278	0.01154	0.01812	0.01227	0.01466	0.00862	0.00997	0.00771	0.00521	0.00405	0.00135	0.00669	0.00334	0.00257	0.00784
15	0.01207	0.03112	0.75741	0.01715	0.02604	0.01397	0.02223	0.01905	0.01270	0.01905	0.01080	0.01270	0.00762	0.00572	0.00572	0.00191	0.00889	0.00445	0.00254	0.00889
16	0.00733	0.00524	0.00698	0.00838	0.00873	0.00489	0.00558	0.00838	0.01152	0.01536	0.03316	0.78466	0.03979	0.01885	0.00768	0.00244	0.00349	0.01710	0.00558	0.00489
17	0.01415	0.01186	0.01277	0.01158	0.01461	0.01346	0.00894	0.06613	0.57365	0.02491	0.08899	0.09044	0.02320	0.00941	0.00634	0.00205	0.00458	0.00799	0.00611	0.00881
18	0.08559	0.01431	0.02040	0.12949	0.37839	0.08073	0.04366	0.01753	0.01290	0.01848	0.01166	0.05602	0.01036	0.00681	0.00730	0.00194	0.08755	0.00574	0.00312	0.00803
19	0.00992	0.00745	0.01168	0.01280	0.07744	0.00705	0.07040	0.01179	0.01250	0.05663	0.02874	0.53299	0.03253	0.01559	0.00745	0.00235	0.00470	0.08683	0.00523	0.00594
20	0.01071	0.00722	0.00999	0.01041	0.07423	0.00671	0.00707	0.01357	0.01676	0.08872	0.61932	0.04014	0.04892	0.01126	0.00690	0.00188	0.00342	0.00997	0.00638	0.00642
21	0.09032	0.04229	0.01620	0.01398	0.01604	0.39834	0.01087	0.01924	0.01335	0.01546	0.00963	0.01386	0.00891	0.07553	0.01150	0.00225	0.22798	0.00462	0.00305	0.00655
22	0.00816	0.00979	0.13908	0.00992	0.01177	0.00649	0.00851	0.01026	0.01173	0.01601	0.02922	0.64876	0.03413	0.01654	0.00733	0.00235	0.00444	0.01487	0.00505	0.00559

[dist]
# distance from previous block
# <min> <max>
0	22

[block]
# block no. 1 follows, 38 sequences, length 12
# corresponding to MSA columns:
# 400-411
name=unknown_B
#
# <colnr> <probs for GDERKNQSTAVLIFYWHMCP>
#	G	D	E	R	K	N	Q	S	T	A	V	L	I	F	Y	W	H	M	C	P
0	0.01226	0.00700	0.00808	0.00731	0.00940	0.00618	0.00532	0.01355	0.01317	0.18967	0.04052	0.04392	0.37391	0.22756	0.01337	0.00304	0.00431	0.01003	0.00549	0.00590
1	0.01436	0.01558	0.01534	0.01396	0.01490	0.22182	0.01094	0.01568	0.01193	0.01475	0.01426	0.19489	0.01539	0.01130	0.01293	0.00229	0.38226	0.00768	0.00346	0.00629
2	0.02031	0.02022	0.19283	0.01462	0.02040	0.01755	0.01399	0.56270	0.02460	0.03345	0.01358	0.01403	0.00961	0.00687	0.00595	0.00183	0.00716	0.00519	0.00520	0.00991
3	0.20360	0.00774	0.00862	0.00908	0.01063	0.00818	0.00727	0.01267	0.01158	0.01837	0.02273	0.04624	0.02445	0.22779	0.01340	0.00340	0.00541	0.34901	0.00459	0.00525
4	0.60331	0.01020	0.00907	0.00840	0.01139	0.01184	0.00679	0.01576	0.01008	0.02338	0.01052	0.01361	0.00888	0.01653	0.21447	0.00402	0.00783	0.00414	0.00358	0.00620
5	0.83108	0.01163	0.00884	0.00791	0.01163	0.01350	0.00651	0.01768	0.01024	0.02699	0.00838	0.00977	0.00651	0.00558	0.00372	0.00186	0.00465	0.00326	0.00372	0.00651
6	0.03684	0.01066	0.01517	0.22694	0.19403	0.01169	0.01202	0.10641	0.01463	0.02191	0.01421	0.01751	0.01107	0.00633	0.00534	0.00172	0.00581	0.00539	0.27489	0.00744
7	0.01167	0.01119	0.00917	0.00880	0.01052	0.18462	0.00642	0.01205	0.01287	0.01428	0.03475	0.03580	0.36906	0.01467	0.01125	0.22982	0.00549	0.00854	0.00417	0.00484
8	0.01168	0.01036	0.01589	0.20956	0.19205	0.01070	0.01231	0.01476	0.01187	0.01698	0.01234	0.01703	0.01053	0.01632	0.21575	0.00381	0.00921	0.00523	0.00311	0.20051
9	0.01491	0.01391	0.02142	0.03009	0.54740	0.01448	0.01599	0.02220	0.21489	0.02118	0.01496	0.01698	0.01198	0.00614	0.00600	0.00186	0.00649	0.00576	0.00385	0.00953
10	0.09557	0.31513	0.02587	0.01390	0.01921	0.01667	0.20826	0.01765	0.01263	0.01813	0.00997	0.01215	0.00827	0.00501	0.00488	0.00146	0.00682	0.00438	0.00305	0.20099
11	0.23789	0.00962	0.01237	0.01575	0.18605	0.01006	0.01003	0.01447	0.01233	0.02033	0.02077	0.18903	0.02199	0.01137	0.00635	0.00222	0.00525	0.20308	0.00444	0.00662

[dist]
# distance from previous block
# <min> <max>
2	5

[block]
# block no. 2 follows, 38 sequences, length 6
# corresponding to MSA columns:
# 417-422
name=unknown_C
#
# <colnr> <probs for GDERKNQSTAVLIFYWHMCP>
#	G	D	E	R	K	N	Q	S	T	A	V	L	I	F	Y	W	H	M	C	P
0	0.01251	0.00922	0.00970	0.00904	0.01111	0.01021	0.00667	0.02161	0.36584	0.02143	0.02184	0.02610	0.01825	0.17650	0.01085	0.00267	0.00441	0.00687	0.24808	0.00709
1	0.01595	0.01180	0.01569	0.01265	0.01524	0.01326	0.01043	0.01788	0.01191	0.17611	0.01215	0.01454	0.00971	0.00806	0.01224	0.00195	0.38083	0.00493	0.00395	0.25073
2	0.01183	0.01220	0.00997	0.01049	0.01166	0.23064	0.00738	0.01303	0.01316	0.01517	0.02607	0.55466	0.03027	0.01509	0.00701	0.00218	0.00568	0.01317	0.00485	0.00551
3	0.01192	0.00710	0.00895	0.00823	0.01051	0.00665	0.00642	0.01386	0.01343	0.17568	0.07334	0.03899	0.33798	0.02229	0.23207	0.00426	0.00737	0.00931	0.00534	0.00631
4	0.01228	0.00872	0.01045	0.06047	0.01368	0.00827	0.00773	0.07639	0.01416	0.02150	0.01856	0.02816	0.01668	0.00828	0.00545	0.00162	0.00457	0.15734	0.27596	0.24972
5	0.06905	0.01359	0.01109	0.01050	0.01280	0.20317	0.00784	0.09803	0.04837	0.01924	0.02878	0.25188	0.17809	0.01208	0.00644	0.00199	0.00579	0.00998	0.00489	0.00641

[dist]
# distance from previous block
# <min> <max>
0	6

[block]
# block no. 3 follows, 38 sequences, length 107
# corresponding to MSA columns:
# 429-471,480-518,523-547
name=unknown_D
#
# <colnr> <probs for GDERKNQSTAVLIFYWHMCP>
#	G	D	E	R	K	N	Q	S	T	A	V	L	I	F	Y	W	H	M	C	P
0	0.00986	0.03525	0.01188	0.01208	0.07040	0.03624	0.00864	0.01210	0.01035	0.01445	0.01521	0.02198	0.01408	0.03913	0.64986	0.00845	0.01487	0.00615	0.00318	0.00584
1	0.01371	0.01459	0.02885	0.18433	0.05801	0.01476	0.46835	0.01986	0.09707	0.01913	0.01324	0.01685	0.00997	0.00564	0.00671	0.00202	0.00896	0.00663	0.00331	0.00802
2	0.00859	0.00645	0.00967	0.00967	0.01074	0.00752	0.00752	0.01074	0.00967	0.01396	0.01611	0.02363	0.01504	0.04512	0.76474	0.00967	0.01611	0.00645	0.00322	0.00537
3	0.02699	0.01024	0.01396	0.01070	0.01536	0.00884	0.00884	0.02932	0.01722	0.75522	0.02373	0.02048	0.01489	0.00745	0.00605	0.00186	0.00512	0.00605	0.00745	0.01024
4	0.01382	0.01259	0.02000	0.02845	0.50509	0.01285	0.01552	0.01893	0.10553	0.02001	0.01723	0.02682	0.01584	0.00805	0.00646	0.00202	0.00651	0.15166	0.00391	0.00870
5	0.01496	0.01292	0.01360	0.01224	0.01564	0.01496	0.00952	0.03197	0.74019	0.02516	0.02448	0.02244	0.01836	0.00816	0.00612	0.00204	0.00476	0.00680	0.00612	0.00952
6	0.00875	0.00583	0.00656	0.00656	0.00656	0.00583	0.00365	0.00875	0.00875	0.01166	0.01895	0.03937	0.02187	0.78858	0.03062	0.00583	0.00583	0.00875	0.00365	0.00365
7	0.01136	0.01069	0.01804	0.77412	0.04143	0.01337	0.01671	0.01537	0.01203	0.01537	0.01069	0.01604	0.00802	0.00601	0.00601	0.00200	0.00802	0.00535	0.00267	0.00668
8	0.00733	0.00524	0.00698	0.00838	0.00873	0.00489	0.00558	0.00838	0.01152	0.01536	0.03316	0.78466	0.03979	0.01885	0.00768	0.00244	0.00349	0.01710	0.00558	0.00489
9	0.02012	0.01208	0.01398	0.01172	0.01569	0.01275	0.00936	0.06878	0.41716	0.31312	0.02365	0.02124	0.01656	0.00783	0.00609	0.00196	0.00500	0.00643	0.00664	0.00984
10	0.00810	0.00613	0.00747	0.00714	0.00873	0.00550	0.00535	0.01055	0.01605	0.02181	0.54610	0.04874	0.25998	0.01316	0.00710	0.00193	0.00290	0.01141	0.00632	0.00550
11	0.00810	0.00613	0.00747	0.00714	0.00873	0.00550	0.00535	0.01055	0.01605	0.02181	0.54610	0.04874	0.25998	0.01316	0.00710	0.00193	0.00290	0.01141	0.00632	0.00550
12	0.01159	0.01100	0.01809	0.67830	0.03819	0.01400	0.01626	0.01526	0.01167	0.01526	0.01034	0.01567	0.00800	0.00658	0.00775	0.00208	0.10527	0.00534	0.00267	0.00667
13	0.01310	0.01106	0.01281	0.00921	0.01452	0.00866	0.00739	0.05803	0.01342	0.02070	0.01092	0.01259	0.00899	0.00462	0.00455	0.00095	0.00458	0.00368	0.00371	0.77653
14	0.07265	0.05698	0.01605	0.01204	0.01633	0.13001	0.00986	0.17100	0.01856	0.38867	0.01740	0.01631	0.01174	0.00705	0.00606	0.00179	0.02713	0.00524	0.00586	0.00927
15	0.01045	0.00522	0.00784	0.00784	0.00784	0.00522	0.00522	0.00784	0.00784	0.01045	0.01045	0.01829	0.01045	0.02090	0.02351	0.82497	0.00522	0.00522	0.00261	0.00261
16	0.00851	0.00615	0.00804	0.00757	0.00899	0.00568	0.00568	0.01135	0.01703	0.02412	0.74788	0.04494	0.05676	0.01230	0.00710	0.00189	0.00284	0.01088	0.00662	0.00568
17	0.00921	0.00695	0.00915	0.00919	0.01028	0.00767	0.00675	0.01273	0.10244	0.01565	0.04963	0.15425	0.02237	0.15495	0.39330	0.00657	0.01038	0.00882	0.00419	0.00555
18	0.02169	0.01652	0.23307	0.01311	0.01900	0.01053	0.04140	0.02551	0.01577	0.49369	0.03530	0.01856	0.01344	0.00695	0.00602	0.00188	0.00638	0.00573	0.00581	0.00966
19	0.02699	0.01024	0.01396	0.01070	0.01536	0.00884	0.00884	0.02932	0.01722	0.75522	0.02373	0.02048	0.01489	0.00745	0.00605	0.00186	0.00512	0.00605	0.00745	0.01024
20	0.01045	0.00522	0.00784	0.00784	0.00784	0.00522	0.00522	0.00784	0.00784	0.01045	0.01045	0.01829	0.01045	0.02090	0.02351	0.82497	0.00522	0.00522	0.00261	0.00261
21	0.01624	0.06765	0.31794	0.01884	0.14393	0.01493	0.04507	0.15681	0.03528	0.08825	0.01350	0.03141	0.01015	0.00639	0.00584	0.00185	0.00750	0.00530	0.00390	0.00920
22	0.01605	0.17717	0.09834	0.25396	0.02641	0.14156	0.06501	0.01934	0.01353	0.08706	0.01124	0.01383	0.00861	0.00608	0.00606	0.00178	0.03839	0.00476	0.00320	0.00762
23	0.01146	0.01080	0.01823	0.75292	0.06185	0.01339	0.01676	0.01546	0.01208	0.01549	0.01071	0.01601	0.00806	0.00600	0.00601	0.00200	0.00799	0.00535	0.00268	0.00676
24	0.01788	0.24600	0.02166	0.01407	0.01686	0.33007	0.01169	0.01947	0.01334	0.01449	0.00862	0.01118	0.00778	0.00717	0.00918	0.00179	0.23478	0.00409	0.00281	0.00708
25	0.01741	0.29985	0.14130	0.01463	0.07063	0.03862	0.01309	0.22796	0.08124	0.02326	0.01218	0.01307	0.00950	0.00615	0.00518	0.00165	0.00690	0.00454	0.00393	0.00891
26	0.00985	0.00791	0.00957	0.00872	0.01133	0.00673	0.00640	0.01249	0.05200	0.01787	0.04306	0.39005	0.04695	0.01216	0.00626	0.00177	0.00392	0.01077	0.00482	0.33736
27	0.10363	0.06859	0.32286	0.01627	0.02225	0.19466	0.10964	0.02030	0.03350	0.01867	0.01052	0.01251	0.00804	0.00590	0.00590	0.00182	0.02948	0.00455	0.00297	0.00796
28	0.00869	0.00581	0.00658	0.00663	0.00664	0.00580	0.00372	0.00873	0.00885	0.01180	0.01949	0.06765	0.02255	0.75937	0.02975	0.00570	0.00574	0.00907	0.00372	0.00369
29	0.01661	0.23707	0.11292	0.14938	0.08372	0.01810	0.01388	0.22770	0.04609	0.02285	0.01175	0.01351	0.00907	0.00612	0.00537	0.00171	0.00706	0.00471	0.00377	0.00864
30	0.02699	0.01024	0.01396	0.01070	0.01536	0.00884	0.00884	0.02932	0.01722	0.75522	0.02373	0.02048	0.01489	0.00745	0.00605	0.00186	0.00512	0.00605	0.00745	0.01024
31	0.01554	0.01441	0.01377	0.01242	0.01571	0.09789	0.00960	0.03027	0.63138	0.02396	0.05125	0.02204	0.01869	0.00811	0.00608	0.00198	0.00536	0.00664	0.00581	0.00909
32	0.01433	0.01283	0.02082	0.01730	0.06399	0.01301	0.25861	0.02298	0.27575	0.07054	0.10517	0.02416	0.05675	0.00772	0.00661	0.00199	0.00648	0.00755	0.00498	0.00841
33	0.01345	0.22370	0.47908	0.01789	0.11495	0.01653	0.01870	0.01871	0.01270	0.01787	0.01024	0.01220	0.00789	0.00552	0.00527	0.00173	0.00804	0.00425	0.00260	0.00867
34	0.03571	0.12217	0.23416	0.01283	0.01786	0.10965	0.01287	0.06066	0.11918	0.01957	0.01701	0.03148	0.06443	0.00941	0.05097	0.00222	0.00754	0.00552	0.02669	0.04006
35	0.00875	0.00583	0.00656	0.00656	0.00656	0.00583	0.00365	0.00875	0.00875	0.01166	0.01895	0.03937	0.02187	0.78858	0.03062	0.00583	0.00583	0.00875	0.00365	0.00365
36	0.01702	0.01394	0.01476	0.01266	0.01643	0.01592	0.01002	0.21380	0.55500	0.02848	0.02187	0.02036	0.01625	0.00792	0.00609	0.00198	0.00524	0.00644	0.00609	0.00971
37	0.01522	0.11283	0.02415	0.10960	0.53115	0.04291	0.01675	0.04310	0.01397	0.01896	0.01091	0.01419	0.00910	0.00550	0.00568	0.00174	0.00727	0.00504	0.00300	0.00893
38	0.01547	0.06020	0.16699	0.10931	0.02102	0.03302	0.03216	0.09227	0.16364	0.10602	0.01756	0.09406	0.01432	0.00784	0.00598	0.00190	0.00650	0.00656	0.00458	0.04060
39	0.01316	0.01316	0.01843	0.01579	0.01579	0.01843	0.01316	0.01448	0.00921	0.01448	0.00790	0.01316	0.00790	0.01053	0.01974	0.00263	0.77757	0.00526	0.00263	0.00658
40	0.01249	0.01184	0.02008	0.53874	0.26801	0.01366	0.01727	0.01636	0.01256	0.01674	0.01089	0.01567	0.00850	0.00581	0.00600	0.00194	0.00774	0.00535	0.00277	0.00759
41	0.00748	0.00535	0.00711	0.00827	0.00876	0.00499	0.00560	0.00875	0.01221	0.01646	0.12348	0.69118	0.04193	0.01802	0.00760	0.00237	0.00341	0.01632	0.00572	0.00499
42	0.01489	0.01429	0.02442	0.03692	0.75106	0.01429	0.01846	0.01846	0.01370	0.01965	0.01132	0.01489	0.00953	0.00536	0.00596	0.00179	0.00715	0.00536	0.00298	0.00953
43	0.02612	0.01027	0.01387	0.01060	0.01529	0.00879	0.00874	0.02847	0.01693	0.71115	0.02295	0.02000	0.01453	0.00727	0.00595	0.00180	0.00508	0.00590	0.00721	0.05907
44	0.00875	0.00583	0.00656	0.00656	0.00656	0.00583	0.00365	0.00875	0.00875	0.01166	0.01895	0.03937	0.02187	0.78858	0.03062	0.00583	0.00583	0.00875	0.00365	0.00365
45	0.01257	0.12729	0.66568	0.01628	0.02470	0.01521	0.02072	0.01892	0.01264	0.01843	0.01049	0.01232	0.00763	0.00564	0.00548	0.00183	0.00858	0.00429	0.00254	0.00874
46	0.83108	0.01163	0.00884	0.00791	0.01163	0.01350	0.00651	0.01768	0.01024	0.02699	0.00838	0.00977	0.00651	0.00558	0.00372	0.00186	0.00465	0.00326	0.00372	0.00651
47	0.01343	0.01481	0.03121	0.02280	0.02789	0.01443	0.59511	0.01791	0.01333	0.01831	0.01241	0.01698	0.00980	0.01046	0.10360	0.00303	0.05687	0.00691	0.00304	0.00768
48	0.01489	0.01429	0.02442	0.03692	0.75106	0.01429	0.01846	0.01846	0.01370	0.01965	0.01132	0.01489	0.00953	0.00536	0.00596	0.00179	0.00715	0.00536	0.00298	0.00953
49	0.00762	0.00611	0.00681	0.00663	0.00844	0.00530	0.00498	0.00963	0.01493	0.01914	0.31265	0.05315	0.49511	0.01416	0.00710	0.00198	0.00297	0.01203	0.00597	0.00530
50	0.01121	0.00561	0.00561	0.00561	0.00701	0.00561	0.00421	0.01402	0.01262	0.02243	0.01962	0.02243	0.01542	0.00701	0.00421	0.00140	0.00280	0.00561	0.82198	0.00561
51	0.00875	0.00583	0.00656	0.00656	0.00656	0.00583	0.00365	0.00875	0.00875	0.01166	0.01895	0.03937	0.02187	0.78858	0.03062	0.00583	0.00583	0.00875	0.00365	0.00365
52	0.00875	0.00583	0.00656	0.00656	0.00656	0.00583	0.00365	0.00875	0.00875	0.01166	0.01895	0.03937	0.02187	0.78858	0.03062	0.00583	0.00583	0.00875	0.00365	0.00365
53	0.83108	0.01163	0.00884	0.00791	0.01163	0.01350	0.00651	0.01768	0.01024	0.02699	0.00838	0.00977	0.00651	0.00558	0.00372	0.00186	0.00465	0.00326	0.00372	0.00651
54	0.00875	0.00583	0.00656	0.00656	0.00656	0.00583	0.00365	0.00875	0.00875	0.01166	0.01895	0.03937	0.02187	0.78858	0.03062	0.00583	0.00583	0.00875	0.00365	0.00365
55	0.01298	0.01138	0.01541	0.01102	0.01645	0.00894	0.09841	0.01595	0.01279	0.03422	0.01114	0.01311	0.00906	0.00459	0.00482	0.00105	0.00519	0.00406	0.00358	0.70584
56	0.01993	0.04633	0.20340	0.01208	0.01774	0.01079	0.01202	0.02411	0.04630	0.39688	0.04345	0.01808	0.01367	0.00677	0.00573	0.00175	0.00596	0.00544	0.00547	0.10411
57	0.01362	0.32527	0.47686	0.01450	0.02194	0.01777	0.01761	0.01865	0.01252	0.01716	0.00986	0.01152	0.00766	0.00550	0.00500	0.00167	0.00794	0.00397	0.00255	0.00844
58	0.01231	0.07671	0.71393	0.01674	0.02540	0.01456	0.02151	0.01899	0.01267	0.01876	0.01065	0.01252	0.00763	0.00568	0.00560	0.00187	0.00874	0.00437	0.00254	0.00882
59	0.01358	0.01389	0.02242	0.02028	0.11167	0.01729	0.14953	0.01589	0.01072	0.01604	0.00914	0.01396	0.00834	0.00884	0.01560	0.00241	0.53477	0.00562	0.00275	0.00724
60	0.01405	0.01729	0.08697	0.02477	0.03105	0.01512	0.67880	0.01925	0.01409	0.01925	0.01207	0.01598	0.00902	0.00512	0.00700	0.00202	0.01005	0.00691	0.00301	0.00817
61	0.01316	0.01316	0.01843	0.01579	0.01579	0.01843	0.01316	0.01448	0.00921	0.01448	0.00790	0.01316	0.00790	0.01053	0.01974	0.00263	0.77757	0.00526	0.00263	0.00658
62	0.00969	0.00692	0.00969	0.01108	0.01246	0.00692	0.00969	0.01246	0.01385	0.01800	0.03185	0.06786	0.03462	0.01662	0.00831	0.00277	0.00554	0.71057	0.00554	0.00554
63	0.00806	0.00613	0.00741	0.00709	0.00871	0.00548	0.00532	0.01048	0.01596	0.02158	0.52634	0.04912	0.27989	0.01325	0.00710	0.00194	0.00291	0.01147	0.00629	0.00548
64	0.01572	0.72418	0.09640	0.01091	0.01639	0.02292	0.01136	0.01811	0.01227	0.01459	0.00858	0.00992	0.00771	0.00520	0.00403	0.00134	0.00665	0.00333	0.00257	0.00782
65	0.00848	0.00615	0.00799	0.00753	0.00896	0.00566	0.00565	0.01128	0.01694	0.02390	0.72874	0.04530	0.07604	0.01238	0.00710	0.00190	0.00284	0.01093	0.00659	0.00566
66	0.00733	0.00524	0.00698	0.00838	0.00873	0.00489	0.00558	0.00838	0.01152	0.01536	0.03316	0.78466	0.03979	0.01885	0.00768	0.00244	0.00349	0.01710	0.00558	0.00489
67	0.01054	0.01087	0.06837	0.05854	0.16109	0.00955	0.10149	0.01381	0.04110	0.01737	0.02363	0.39383	0.03996	0.01232	0.00696	0.00217	0.00572	0.01149	0.00440	0.00678
68	0.01663	0.02159	0.31738	0.01481	0.02090	0.01567	0.01543	0.29611	0.14053	0.02732	0.01534	0.01720	0.01150	0.00714	0.00600	0.00192	0.00719	0.03334	0.00460	0.00938
69	0.02247	0.02867	0.01705	0.01550	0.01860	0.76443	0.01162	0.02402	0.01705	0.01472	0.00930	0.01085	0.00775	0.00620	0.00542	0.00155	0.01085	0.00387	0.00310	0.00697
70	0.83108	0.01163	0.00884	0.00791	0.01163	0.01350	0.00651	0.01768	0.01024	0.02699	0.00838	0.00977	0.00651	0.00558	0.00372	0.00186	0.00465	0.00326	0.00372	0.00651
71	0.83108	0.01163	0.00884	0.00791	0.01163	0.01350	0.00651	0.01768	0.01024	0.02699	0.00838	0.00977	0.00651	0.00558	0.00372	0.00186	0.00465	0.00326	0.00372	0.00651
72	0.00853	0.00611	0.00729	0.00712	0.00871	0.00558	0.00542	0.01100	0.01536	0.02135	0.42164	0.04707	0.24290	0.01271	0.00681	0.00192	0.00305	0.05264	0.10930	0.00549
73	0.01181	0.00868	0.00993	0.00781	0.01154	0.00715	0.00614	0.01449	0.01236	0.02024	0.01411	0.01659	0.01153	0.00778	0.04992	0.00159	0.00458	0.00444	0.28704	0.49227
74	0.02323	0.01085	0.01370	0.01103	0.01526	0.01040	0.00894	0.02953	0.21208	0.53795	0.04423	0.02169	0.01700	0.00777	0.00610	0.00191	0.00496	0.00639	0.00707	0.00992
75	0.01307	0.19939	0.56699	0.01543	0.02328	0.01619	0.01908	0.01933	0.04120	0.01820	0.01079	0.01241	0.00807	0.00569	0.00532	0.00177	0.00818	0.00427	0.00269	0.00866
76	0.00733	0.00524	0.00698	0.00838	0.00873	0.00489	0.00558	0.00838	0.01152	0.01536	0.03316	0.78466	0.03979	0.01885	0.00768	0.00244	0.00349	0.01710	0.00558	0.00489
77	0.01415	0.40970	0.37534	0.01429	0.04108	0.01888	0.01618	0.01852	0.01249	0.01663	0.00960	0.01124	0.00772	0.00542	0.00480	0.00159	0.00762	0.00386	0.00257	0.00833
78	0.01608	0.79220	0.03152	0.01029	0.01544	0.02380	0.01029	0.01801	0.01222	0.01415	0.00836	0.00965	0.00772	0.00515	0.00386	0.00129	0.00643	0.00322	0.00257	0.00772
79	0.01247	0.01069	0.01247	0.00891	0.01426	0.00802	0.00713	0.01515	0.01247	0.01960	0.01069	0.01247	0.00891	0.00446	0.00446	0.00089	0.00446	0.00356	0.00356	0.82536
80	0.01257	0.12729	0.66568	0.01628	0.02470	0.01521	0.02072	0.01892	0.01264	0.01843	0.01049	0.01232	0.00763	0.00564	0.00548	0.00183	0.00858	0.00429	0.00254	0.00874
81	0.01121	0.00561	0.00561	0.00561	0.00701	0.00561	0.00421	0.01402	0.01262	0.02243	0.01962	0.02243	0.01542	0.00701	0.00421	0.00140	0.00280	0.00561	0.82198	0.00561
82	0.02187	0.01635	0.01749	0.01364	0.01827	0.01819	0.01119	0.64266	0.11825	0.03630	0.01571	0.01545	0.01126	0.00734	0.00603	0.00184	0.00638	0.00559	0.00603	0.01014
83	0.01316	0.01316	0.01843	0.01579	0.01579	0.01843	0.01316	0.01448	0.00921	0.01448	0.00790	0.01316	0.00790	0.01053	0.01974	0.00263	0.77757	0.00526	0.00263	0.00658
84	0.00851	0.00615	0.00804	0.00757	0.00899	0.00568	0.00568	0.01135	0.01703	0.02412	0.74788	0.04494	0.05676	0.01230	0.00710	0.00189	0.00284	0.01088	0.00662	0.00568
85	0.07430	0.00659	0.00811	0.00760	0.00920	0.00630	0.00574	0.01186	0.01649	0.02435	0.68874	0.04212	0.05274	0.01176	0.00683	0.00189	0.00298	0.01027	0.00639	0.00574
86	0.01005	0.06968	0.01122	0.01072	0.01244	0.00816	0.00943	0.01268	0.01371	0.01759	0.03172	0.06261	0.07524	0.01562	0.00788	0.00261	0.00546	0.61218	0.00530	0.00569
87	0.01257	0.01057	0.01234	0.00900	0.01401	0.00826	0.00718	0.04336	0.01347	0.02069	0.06980	0.01515	0.01279	0.00519	0.00473	0.00101	0.00441	0.00422	0.00391	0.72733
88	0.02043	0.07159	0.01772	0.01608	0.06987	0.60589	0.01156	0.02225	0.01652	0.01579	0.06846	0.01379	0.01179	0.00656	0.00550	0.00158	0.00968	0.00450	0.00334	0.00710
89	0.01473	0.01446	0.07374	0.01411	0.06053	0.01484	0.01107	0.03012	0.63848	0.02435	0.02260	0.02121	0.01698	0.00780	0.00608	0.00201	0.00523	0.00653	0.00565	0.00947
90	0.83108	0.01163	0.00884	0.00791	0.01163	0.01350	0.00651	0.01768	0.01024	0.02699	0.00838	0.00977	0.00651	0.00558	0.00372	0.00186	0.00465	0.00326	0.00372	0.00651
91	0.23408	0.01111	0.04177	0.00998	0.01430	0.01000	0.00852	0.02445	0.01521	0.47799	0.07714	0.01934	0.01577	0.00728	0.00551	0.00187	0.00497	0.00565	0.00622	0.00885
92	0.00994	0.00841	0.01164	0.01070	0.01151	0.01010	0.00845	0.01201	0.01266	0.01837	0.31213	0.08975	0.03165	0.01844	0.15431	0.00364	0.25711	0.00872	0.00460	0.00585
93	0.00870	0.00613	0.00762	0.06834	0.00983	0.00630	0.00512	0.00926	0.00952	0.01267	0.02075	0.16957	0.02379	0.57246	0.04114	0.00501	0.00582	0.00991	0.00390	0.00415
94	0.01442	0.01155	0.01322	0.01296	0.07296	0.01244	0.00925	0.11385	0.35911	0.05294	0.02802	0.10594	0.12583	0.00985	0.00636	0.00199	0.00481	0.00834	0.00571	0.03043
95	0.01828	0.21884	0.21366	0.01403	0.01975	0.12307	0.01398	0.26610	0.01859	0.02374	0.01123	0.01227	0.00857	0.00616	0.00531	0.00166	0.00775	0.00439	0.00383	0.00879
96	0.01785	0.01119	0.01301	0.01111	0.01474	0.01159	0.00875	0.04299	0.37252	0.24934	0.05738	0.07646	0.01986	0.00865	0.00615	0.00193	0.00471	0.00727	0.00636	0.05812
97	0.01505	0.01338	0.07288	0.04712	0.01668	0.01283	0.01033	0.26452	0.13965	0.02546	0.02234	0.12402	0.06740	0.03821	0.00725	0.00211	0.00567	0.05275	0.00525	0.05708
98	0.01589	0.01337	0.01365	0.01197	0.01545	0.08103	0.00958	0.15080	0.27259	0.04515	0.02092	0.05645	0.01808	0.00911	0.00623	0.00193	0.00570	0.12401	0.00539	0.12271
99	0.01925	0.01806	0.07488	0.01295	0.01749	0.17200	0.01095	0.29289	0.01981	0.07942	0.01441	0.06856	0.01171	0.00723	0.00571	0.00164	0.00697	0.00556	0.00476	0.15575
100	0.01631	0.01472	0.01490	0.01439	0.07454	0.10676	0.01041	0.13772	0.38752	0.02491	0.07367	0.04262	0.01891	0.00837	0.00618	0.00194	0.00584	0.02598	0.00549	0.00880
101	0.08090	0.18828	0.11302	0.01349	0.06973	0.06251	0.01149	0.07338	0.09734	0.05010	0.04211	0.01571	0.01219	0.00673	0.00596	0.00173	0.05238	0.00494	0.09003	0.00798
102	0.01685	0.03359	0.04431	0.07355	0.01838	0.15456	0.01081	0.15039	0.28345	0.02386	0.04601	0.01830	0.01455	0.00729	0.00578	0.00181	0.00649	0.00572	0.05387	0.03042
103	0.01828	0.13066	0.01907	0.01352	0.01740	0.20990	0.06761	0.16745	0.12157	0.05157	0.10775	0.01824	0.01643	0.00728	0.00579	0.00173	0.00716	0.00575	0.00467	0.00817
104	0.01631	0.02971	0.01440	0.01145	0.01552	0.13647	0.00902	0.18233	0.10186	0.02338	0.04367	0.07680	0.01445	0.00728	0.00552	0.00152	0.00594	0.00578	0.00461	0.29395
105	0.01731	0.01430	0.01749	0.01646	0.12369	0.06897	0.06820	0.19901	0.11510	0.07682	0.01626	0.06681	0.01318	0.00719	0.00589	0.00173	0.00630	0.00616	0.02758	0.13157
106	0.01816	0.08952	0.01779	0.03561	0.09115	0.11671	0.01098	0.17512	0.16574	0.07584	0.01490	0.01536	0.01132	0.00646	0.00551	0.00164	0.00645	0.00504	0.00465	0.13205

[dist]
# distance from previous block
# <min> <max>
28	108

[block]
# block no. 4 follows, 38 sequences, length 22
# corresponding to MSA columns:
# 680-701
name=unknown_E
#
# <colnr> <probs for GDERKNQSTAVLIFYWHMCP>
#	G	D	E	R	K	N	Q	S	T	A	V	L	I	F	Y	W	H	M	C	P
0	0.01562	0.20141	0.10670	0.01637	0.04189	0.05683	0.14018	0.10809	0.04011	0.01951	0.02994	0.01407	0.01002	0.00691	0.00847	0.00190	0.16541	0.00516	0.00337	0.00803
1	0.01385	0.17270	0.14215	0.04122	0.10607	0.06648	0.01324	0.05244	0.03948	0.01844	0.05241	0.06311	0.01657	0.00874	0.00698	0.00195	0.06359	0.10922	0.00376	0.00758
2	0.01357	0.23345	0.12157	0.01564	0.10756	0.06432	0.05505	0.03856	0.01349	0.01729	0.01686	0.15486	0.01713	0.00924	0.00597	0.00190	0.00675	0.09573	0.00369	0.00738
3	0.01834	0.18949	0.17504	0.01444	0.04352	0.13904	0.01338	0.23461	0.01838	0.04797	0.04248	0.01395	0.01082	0.00645	0.00543	0.00168	0.00755	0.00473	0.00404	0.00866
4	0.03774	0.08341	0.10182	0.01369	0.06646	0.10685	0.09735	0.01512	0.01396	0.01755	0.07112	0.03148	0.28874	0.00964	0.00645	0.00187	0.01779	0.00809	0.00412	0.00677
5	0.05139	0.13351	0.08179	0.01352	0.01782	0.06248	0.09077	0.02182	0.01437	0.28160	0.05581	0.01704	0.01315	0.00721	0.00756	0.00188	0.10969	0.00551	0.00468	0.00840
6	0.01397	0.15783	0.30040	0.01273	0.01804	0.05001	0.01354	0.08665	0.02539	0.04447	0.01616	0.03032	0.05913	0.11570	0.02873	0.00253	0.00744	0.00575	0.00355	0.00766
7	0.05198	0.42605	0.10165	0.01249	0.01734	0.24553	0.01174	0.02026	0.01380	0.03749	0.00936	0.01066	0.00788	0.00561	0.00459	0.00147	0.00791	0.00363	0.00292	0.00764
8	0.01474	0.53759	0.27436	0.01259	0.01899	0.02051	0.01429	0.01836	0.01238	0.01579	0.00918	0.01067	0.00769	0.00534	0.00448	0.00149	0.00726	0.00363	0.00256	0.00811
9	0.01585	0.18447	0.17333	0.09867	0.02062	0.24120	0.01323	0.01885	0.01383	0.04048	0.01322	0.11464	0.01224	0.00758	0.00554	0.00175	0.00802	0.00585	0.00330	0.00733
10	0.01616	0.34318	0.10647	0.01229	0.01651	0.24320	0.01129	0.01850	0.01392	0.01557	0.05204	0.09915	0.01399	0.00746	0.00515	0.00160	0.00752	0.00553	0.00329	0.00720
11	0.10162	0.33806	0.06841	0.01256	0.01657	0.01698	0.11538	0.01619	0.01164	0.01642	0.01205	0.07153	0.01175	0.09448	0.00901	0.00220	0.06939	0.00568	0.00311	0.00696
12	0.06402	0.16122	0.01461	0.01008	0.01300	0.23847	0.00806	0.01590	0.01452	0.01690	0.10828	0.05512	0.23817	0.00981	0.00580	0.00173	0.00613	0.00762	0.00427	0.00630
13	0.01327	0.01583	0.10418	0.01870	0.07399	0.05598	0.17701	0.01630	0.01153	0.01633	0.01078	0.01582	0.00950	0.03802	0.09408	0.00316	0.30969	0.00577	0.00286	0.00720
14	0.01212	0.00798	0.00804	0.00756	0.00849	0.06203	0.00489	0.01285	0.01080	0.09659	0.01886	0.03301	0.01923	0.54456	0.02267	0.00451	0.00574	0.00769	0.10750	0.00488
15	0.01855	0.46830	0.02361	0.01020	0.01481	0.01782	0.00940	0.02176	0.06736	0.21306	0.01448	0.01442	0.01098	0.00612	0.00464	0.00150	0.00569	0.00441	0.06451	0.00837
16	0.01235	0.11444	0.61198	0.01560	0.02357	0.01444	0.01952	0.01841	0.01286	0.01878	0.04842	0.01401	0.01020	0.00595	0.00554	0.00180	0.00815	0.00461	0.00279	0.03658
17	0.01193	0.01103	0.01799	0.57734	0.03530	0.01296	0.06746	0.06717	0.01356	0.01740	0.01671	0.02063	0.09127	0.00707	0.00622	0.00199	0.00752	0.00630	0.00327	0.00687
18	0.01131	0.00896	0.01071	0.09552	0.01466	0.03794	0.00817	0.14666	0.01497	0.01961	0.02617	0.52255	0.02938	0.01472	0.00709	0.00224	0.00488	0.01306	0.00524	0.00618
19	0.01381	0.01174	0.01060	0.00961	0.01133	0.14853	0.00683	0.07429	0.06110	0.05825	0.15948	0.03098	0.02448	0.33460	0.01641	0.00348	0.00614	0.00771	0.00469	0.00594
20	0.01013	0.00825	0.01180	0.09560	0.01511	0.00802	0.06051	0.01379	0.05295	0.02114	0.38040	0.03475	0.06004	0.05234	0.00784	0.00204	0.00449	0.02885	0.03405	0.09791
21	0.10470	0.23781	0.21630	0.05169	0.01794	0.01468	0.01236	0.01709	0.03706	0.04256	0.01489	0.15615	0.01419	0.00811	0.00533	0.00180	0.00627	0.00648	0.00357	0.03101

[dist]
# distance from previous block
# <min> <max>
20	117

[block]
# block no. 5 follows, 38 sequences, length 7
# corresponding to MSA columns:
# 842-848
name=unknown_F
#
# <colnr> <probs for GDERKNQSTAVLIFYWHMCP>
#	G	D	E	R	K	N	Q	S	T	A	V	L	I	F	Y	W	H	M	C	P
0	0.01465	0.01509	0.08108	0.08402	0.01915	0.11355	0.07790	0.06259	0.14822	0.07163	0.02653	0.02650	0.19045	0.00868	0.00625	0.00189	0.00647	0.00728	0.00466	0.03340
1	0.01969	0.01991	0.04569	0.05060	0.01857	0.32100	0.01142	0.22191	0.01865	0.06584	0.01283	0.01480	0.01005	0.01272	0.12639	0.00297	0.00993	0.00494	0.00416	0.00790
2	0.00847	0.00700	0.00786	0.00733	0.00976	0.00575	0.00544	0.01015	0.01288	0.01685	0.04203	0.22232	0.39785	0.01349	0.00660	0.00185	0.00350	0.01154	0.00509	0.20424
3	0.01732	0.01651	0.13270	0.01249	0.01727	0.01461	0.01148	0.44238	0.02227	0.02965	0.02516	0.02472	0.18914	0.00893	0.00624	0.00188	0.00611	0.00703	0.00536	0.00877
4	0.01220	0.00994	0.01166	0.00924	0.01332	0.00825	0.00716	0.08048	0.01372	0.02028	0.01650	0.20019	0.01653	0.00821	0.00538	0.00135	0.00442	0.00703	0.00428	0.54984
5	0.00967	0.00882	0.01244	0.13569	0.19385	0.00863	0.00987	0.01209	0.01344	0.01694	0.04090	0.04080	0.45138	0.01137	0.00666	0.00197	0.00483	0.00975	0.00449	0.00641
6	0.01381	0.00807	0.01164	0.01338	0.12844	0.00772	0.00853	0.01585	0.01313	0.19620	0.02416	0.31801	0.02381	0.01596	0.09594	0.00296	0.00589	0.01025	0.07920	0.00705

[dist]
# distance from previous block
# <min> <max>
13	80

[block]
# block no. 6 follows, 38 sequences, length 9
# corresponding to MSA columns:
# 934-942
name=unknown_G
#
# <colnr> <probs for GDERKNQSTAVLIFYWHMCP>
#	G	D	E	R	K	N	Q	S	T	A	V	L	I	F	Y	W	H	M	C	P
0	0.01066	0.00813	0.01152	0.01474	0.16618	0.00808	0.00900	0.05772	0.01345	0.01886	0.02559	0.39680	0.02800	0.01358	0.00687	0.00218	0.00462	0.09514	0.10250	0.00637
1	0.01224	0.00994	0.01334	0.01595	0.16819	0.01021	0.01041	0.10053	0.09722	0.02086	0.02805	0.17588	0.10406	0.01242	0.00704	0.00222	0.00527	0.19380	0.00514	0.00722
2	0.01879	0.01427	0.01545	0.01188	0.01647	0.01479	0.00971	0.49378	0.02321	0.03147	0.01920	0.01921	0.09809	0.00759	0.00582	0.00164	0.00574	0.00589	0.00545	0.18155
3	0.10329	0.00894	0.01196	0.01411	0.16626	0.00900	0.00872	0.01494	0.06366	0.02357	0.46078	0.03313	0.03856	0.00980	0.00641	0.00188	0.00408	0.00858	0.00549	0.00684
4	0.01338	0.46439	0.18068	0.01135	0.01628	0.01772	0.01184	0.01620	0.01218	0.01545	0.01411	0.17377	0.01446	0.00816	0.00506	0.00166	0.00633	0.00641	0.00320	0.00737
5	0.01665	0.01260	0.01333	0.01078	0.01450	0.01330	0.00872	0.44580	0.02253	0.02936	0.03280	0.03160	0.30175	0.01039	0.00645	0.00189	0.00521	0.00829	0.00585	0.00820
6	0.01400	0.01073	0.01321	0.17102	0.01862	0.01156	0.00931	0.22560	0.01583	0.02158	0.01478	0.02270	0.01348	0.24460	0.04621	0.00329	0.00673	0.00624	0.02608	0.10445
7	0.01608	0.00903	0.01075	0.00923	0.01242	0.00859	0.00729	0.02133	0.16863	0.28445	0.12699	0.03534	0.24342	0.01057	0.00652	0.00195	0.00413	0.00884	0.00650	0.00794
8	0.18488	0.00803	0.00898	0.00878	0.01073	0.00821	0.00651	0.01541	0.06054	0.12992	0.04791	0.30649	0.02576	0.10517	0.00924	0.00261	0.00442	0.04483	0.00531	0.00625

[dist]
# distance from previous block
# <min> <max>
5	26

[block]
# block no. 7 follows, 38 sequences, length 19
# corresponding to MSA columns:
# 970-988
name=unknown_H
#
# <colnr> <probs for GDERKNQSTAVLIFYWHMCP>
#	G	D	E	R	K	N	Q	S	T	A	V	L	I	F	Y	W	H	M	C	P
0	0.01139	0.00886	0.00999	0.00910	0.01141	0.00907	0.00697	0.12326	0.14526	0.02367	0.27546	0.11835	0.19905	0.01217	0.00683	0.00200	0.00387	0.01041	0.00609	0.00683
1	0.01521	0.01270	0.01745	0.40288	0.02945	0.01511	0.01392	0.25567	0.01756	0.02342	0.05820	0.01707	0.01183	0.00722	0.00730	0.00199	0.07547	0.00571	0.00404	0.00780
2	0.06405	0.00976	0.01039	0.00953	0.01166	0.01077	0.00697	0.02072	0.34157	0.04657	0.02446	0.03021	0.08320	0.27107	0.01458	0.00331	0.02149	0.00769	0.00506	0.00693
3	0.45710	0.05457	0.01045	0.00831	0.01140	0.01178	0.00676	0.06056	0.01377	0.02598	0.25742	0.02188	0.02371	0.00792	0.00501	0.00184	0.00427	0.00595	0.00478	0.00654
4	0.02425	0.01463	0.01668	0.01279	0.01755	0.01536	0.01056	0.49505	0.02456	0.27911	0.01757	0.01647	0.01180	0.00730	0.00603	0.00182	0.00612	0.00563	0.00650	0.01023
5	0.00878	0.01451	0.25873	0.00981	0.01415	0.00807	0.01051	0.01214	0.01337	0.01719	0.04408	0.04270	0.49945	0.01203	0.00664	0.00199	0.00501	0.00992	0.00456	0.00636
6	0.01647	0.01346	0.01551	0.01379	0.08129	0.01367	0.01008	0.23322	0.21912	0.02660	0.01569	0.01604	0.01198	0.00639	0.00552	0.00156	0.00542	0.00517	0.00495	0.28406
7	0.01001	0.00886	0.01432	0.51664	0.03043	0.01051	0.01297	0.01302	0.01186	0.01537	0.01825	0.27449	0.01870	0.01033	0.00657	0.00215	0.00650	0.00930	0.00365	0.00608
8	0.14286	0.01108	0.01197	0.01132	0.01423	0.01238	0.00929	0.09070	0.31187	0.02428	0.02345	0.03494	0.02117	0.01051	0.00647	0.00223	0.00519	0.24275	0.00554	0.00778
9	0.00987	0.00863	0.01250	0.01705	0.25800	0.00817	0.00944	0.01188	0.01289	0.01692	0.03507	0.22014	0.28533	0.05684	0.00820	0.00227	0.00469	0.01108	0.00460	0.00645
10	0.01351	0.01240	0.01825	0.32175	0.22161	0.01415	0.01476	0.02177	0.25732	0.01980	0.01550	0.01789	0.01190	0.00656	0.00603	0.00196	0.00669	0.00584	0.00391	0.00839
11	0.01001	0.00886	0.01432	0.51664	0.03043	0.01051	0.01297	0.01302	0.01186	0.01537	0.01825	0.27449	0.01870	0.01033	0.00657	0.00215	0.00650	0.00930	0.00365	0.00608
12	0.01900	0.01478	0.01805	0.26949	0.02631	0.01688	0.01321	0.49036	0.02282	0.03033	0.01318	0.01498	0.00949	0.00682	0.00602	0.00187	0.00709	0.00539	0.00489	0.00904
13	0.01037	0.00802	0.01026	0.00957	0.01230	0.00702	0.00794	0.01312	0.01409	0.01990	0.18352	0.04415	0.03089	0.01157	0.00674	0.00194	0.00458	0.31767	0.00512	0.28124
14	0.01900	0.01478	0.01805	0.26949	0.02631	0.01688	0.01321	0.49036	0.02282	0.03033	0.01318	0.01498	0.00949	0.00682	0.00602	0.00187	0.00709	0.00539	0.00489	0.00904
15	0.00963	0.00747	0.01042	0.26466	0.01829	0.00837	0.00804	0.01097	0.00985	0.01291	0.01618	0.03152	0.01721	0.52544	0.02235	0.00455	0.00657	0.00760	0.00332	0.00467
16	0.01538	0.01020	0.01206	0.01002	0.01294	0.01039	0.00796	0.25532	0.02083	0.10932	0.42146	0.03199	0.03650	0.01006	0.00662	0.00186	0.00436	0.00851	0.00651	0.00771
17	0.02379	0.01227	0.01488	0.01169	0.01606	0.01218	0.00954	0.26407	0.05510	0.43250	0.02124	0.06674	0.01506	0.00812	0.00615	0.00189	0.00550	0.00657	0.00678	0.00986
18	0.01005	0.06937	0.24220	0.01074	0.01481	0.00952	0.01121	0.01397	0.01483	0.02069	0.35701	0.03496	0.11323	0.01028	0.00650	0.00191	0.00512	0.04195	0.00490	0.00675

[dist]
# distance from previous block
# <min> <max>
0	4

[block]
# block no. 8 follows, 38 sequences, length 12
# corresponding to MSA columns:
# 993-1004
name=unknown_I
#
# <colnr> <probs for GDERKNQSTAVLIFYWHMCP>
#	G	D	E	R	K	N	Q	S	T	A	V	L	I	F	Y	W	H	M	C	P
0	0.01810	0.01260	0.01617	0.01650	0.16454	0.01256	0.01118	0.25168	0.01894	0.14948	0.02048	0.02436	0.07263	0.00818	0.00615	0.00182	0.00582	0.07900	0.00527	0.10454
1	0.01442	0.01301	0.01797	0.02387	0.39420	0.05317	0.01292	0.07900	0.07660	0.01940	0.01457	0.02155	0.01341	0.20615	0.01226	0.00283	0.00676	0.00628	0.00369	0.00795
2	0.01148	0.00894	0.01038	0.01015	0.01248	0.00924	0.00834	0.09907	0.14940	0.02153	0.07466	0.04946	0.21260	0.01337	0.00727	0.00229	0.00474	0.28213	0.00577	0.00671
3	0.21907	0.00801	0.00954	0.01156	0.09627	0.00830	0.00732	0.01207	0.01134	0.01868	0.02334	0.43054	0.02648	0.06169	0.00791	0.00244	0.00442	0.03055	0.00468	0.00579
4	0.01558	0.01317	0.01856	0.40848	0.11592	0.01522	0.01487	0.24162	0.05591	0.02348	0.01268	0.01574	0.00944	0.00643	0.00601	0.00192	0.00730	0.00545	0.00394	0.00828
5	0.01379	0.01655	0.20346	0.01208	0.01752	0.01159	0.01175	0.14040	0.07368	0.02260	0.01498	0.09986	0.01301	0.00716	0.00554	0.00157	0.00588	0.00588	0.00416	0.31854
6	0.01536	0.01058	0.01700	0.57885	0.03476	0.01221	0.01469	0.01894	0.01336	0.20462	0.01403	0.01717	0.00978	0.00638	0.00602	0.00197	0.00728	0.00553	0.00389	0.00759
7	0.01536	0.01058	0.01700	0.57885	0.03476	0.01221	0.01469	0.01894	0.01336	0.20462	0.01403	0.01717	0.00978	0.00638	0.00602	0.00197	0.00728	0.00553	0.00389	0.00759
8	0.02105	0.21758	0.02129	0.01327	0.01782	0.17165	0.01118	0.40484	0.02189	0.02712	0.01184	0.01249	0.00908	0.00648	0.00535	0.00162	0.00743	0.00454	0.00454	0.00893
9	0.02188	0.01944	0.01730	0.01409	0.01830	0.20900	0.01127	0.47215	0.10486	0.03056	0.01425	0.01442	0.01050	0.00706	0.00588	0.00177	0.00749	0.00518	0.00528	0.00932
10	0.01282	0.00972	0.01109	0.00973	0.01233	0.01008	0.00769	0.19754	0.10387	0.02635	0.34124	0.03759	0.13216	0.01116	0.00678	0.00196	0.00422	0.05027	0.00621	0.00720
11	0.01664	0.23105	0.01625	0.00904	0.01279	0.01176	0.00779	0.01871	0.01488	0.26996	0.11359	0.02983	0.20543	0.00935	0.00582	0.00175	0.00470	0.00751	0.00549	0.00767

[dist]
# distance from previous block
# <min> <max>
13	34

[block]
# block no. 9 follows, 38 sequences, length 11
# corresponding to MSA columns:
# 1042-1052
name=unknown_J
#
# <colnr> <probs for GDERKNQSTAVLIFYWHMCP>
#	G	D	E	R	K	N	Q	S	T	A	V	L	I	F	Y	W	H	M	C	P
0	0.01514	0.01539	0.01260	0.01142	0.01435	0.21995	0.00874	0.06218	0.27412	0.02072	0.07407	0.02897	0.19833	0.00958	0.00623	0.00188	0.00601	0.00763	0.00518	0.00751
1	0.01097	0.00886	0.01139	0.19868	0.01821	0.01001	0.00896	0.01708	0.21321	0.01779	0.02152	0.18748	0.02090	0.16440	0.01116	0.00283	0.00539	0.00896	0.05578	0.00642
2	0.01782	0.02012	0.01761	0.01898	0.19891	0.36881	0.01207	0.02018	0.01495	0.01730	0.01018	0.01230	0.00851	0.00551	0.00529	0.00143	0.00816	0.00416	0.00320	0.23452
3	0.23956	0.03932	0.28083	0.01311	0.01933	0.01274	0.07780	0.01770	0.01208	0.02128	0.01016	0.01207	0.00777	0.00529	0.00493	0.00164	0.00667	0.00411	0.00317	0.21046
4	0.01710	0.01349	0.01734	0.01869	0.21933	0.01423	0.01196	0.35510	0.02145	0.02943	0.19533	0.02212	0.02157	0.00796	0.00627	0.00182	0.00583	0.00675	0.00532	0.00891
5	0.00923	0.00789	0.01106	0.01450	0.19248	0.00736	0.00839	0.01124	0.01340	0.01756	0.10311	0.24758	0.30631	0.01352	0.00698	0.00207	0.00417	0.01194	0.00503	0.00618
6	0.01309	0.01681	0.20073	0.23791	0.14258	0.01390	0.01604	0.02134	0.21438	0.01986	0.01487	0.01697	0.01122	0.00646	0.00591	0.00194	0.00706	0.00554	0.02494	0.00844
7	0.01690	0.01480	0.02229	0.07217	0.50789	0.01545	0.01641	0.21585	0.01765	0.02447	0.01215	0.01483	0.00964	0.00591	0.00598	0.00180	0.00705	0.00537	0.00380	0.00956
8	0.01408	0.01105	0.01266	0.01015	0.01411	0.01019	0.00794	0.21196	0.01662	0.02363	0.01730	0.20438	0.01693	0.00879	0.00569	0.00153	0.00482	0.00743	0.00475	0.39602
9	0.00883	0.00726	0.00998	0.19712	0.01679	0.00742	0.00810	0.01159	0.01487	0.01977	0.37473	0.04137	0.23652	0.01156	0.00683	0.00196	0.00418	0.01001	0.00536	0.00576
10	0.01667	0.01546	0.02591	0.02800	0.37003	0.01563	0.21379	0.19526	0.01745	0.02407	0.01233	0.01515	0.00959	0.00574	0.00629	0.00186	0.00785	0.00586	0.00375	0.00931

[dist]
# distance from previous block
# <min> <max>
0	1

[block]
# block no. 10 follows, 38 sequences, length 16
# corresponding to MSA columns:
# 1054-1069
name=unknown_K
#
# <colnr> <probs for GDERKNQSTAVLIFYWHMCP>
#	G	D	E	R	K	N	Q	S	T	A	V	L	I	F	Y	W	H	M	C	P
