[name]
unknown

[dist]
# distance from previous block
# <min> <max>
5	746

[block]
# block no. 0 follows, 43 sequences, length 13
# corresponding to MSA columns:
# 746-758
name=unknown_A
#
# <colnr> <probs for GDERKNQSTAVLIFYWHMCP>
#	G	D	E	R	K	N	Q	S	T	A	V	L	I	F	Y	W	H	M	C	P
0	0.19902	0.03544	0.03622	0.13662	0.14716	0.01180	0.01088	0.01551	0.01173	0.07498	0.11095	0.01915	0.01502	0.00723	0.00681	0.00185	0.10371	0.04555	0.00367	0.00671
1	0.51130	0.15116	0.05764	0.11167	0.01583	0.01394	0.00876	0.01652	0.01033	0.04824	0.00863	0.01025	0.00671	0.00519	0.00391	0.00164	0.00522	0.00340	0.00318	0.00646
2	0.54993	0.01467	0.16740	0.00964	0.01418	0.01255	0.00948	0.07269	0.01162	0.07989	0.00964	0.01061	0.00704	0.00541	0.00412	0.00172	0.00526	0.00356	0.00362	0.00696
3	0.41356	0.00947	0.00984	0.10527	0.01424	0.01008	0.00723	0.01521	0.01147	0.06548	0.14921	0.01663	0.01547	0.00627	0.00449	0.00160	0.00436	0.00472	0.00398	0.13144
4	0.35167	0.01216	0.10893	0.01174	0.10667	0.01073	0.00913	0.05540	0.01240	0.02192	0.12940	0.02088	0.11412	0.00732	0.00491	0.00173	0.00473	0.00569	0.00395	0.00652
5	0.17036	0.45892	0.02185	0.11045	0.01700	0.11372	0.00974	0.01690	0.01144	0.01545	0.00809	0.00980	0.00694	0.00504	0.00396	0.00140	0.00631	0.00330	0.00264	0.00669
6	0.02041	0.11915	0.11665	0.01186	0.01644	0.17127	0.01076	0.11375	0.01595	0.32789	0.01466	0.01411	0.01009	0.00611	0.00515	0.00159	0.00658	0.00455	0.00469	0.00834
7	0.23054	0.50359	0.11671	0.00969	0.01452	0.01831	0.00994	0.01662	0.01083	0.01667	0.00798	0.00926	0.00681	0.00491	0.00373	0.00139	0.00578	0.00311	0.00264	0.00695
8	0.01357	0.54758	0.27929	0.01159	0.01748	0.01888	0.01315	0.01690	0.01140	0.01454	0.00845	0.00982	0.00708	0.00491	0.00413	0.00138	0.00668	0.00334	0.00236	0.00747
9	0.00908	0.11193	0.11122	0.00864	0.01059	0.00867	0.00744	0.01073	0.00954	0.01294	0.01681	0.15260	0.01812	0.30637	0.17726	0.00458	0.00745	0.00770	0.00331	0.00500
10	0.01286	0.47829	0.24358	0.01087	0.01600	0.01715	0.01188	0.01576	0.01097	0.01405	0.00961	0.01322	0.00876	0.10801	0.00722	0.00189	0.00651	0.00395	0.00249	0.00694
11	0.01877	0.01299	0.11112	0.01093	0.01506	0.01102	0.00971	0.17522	0.11249	0.33064	0.01807	0.01917	0.01316	0.10616	0.00835	0.00218	0.00549	0.00566	0.00541	0.00842
12	0.00950	0.00485	0.00713	0.00713	0.00713	0.00485	0.00470	0.00728	0.00728	0.00970	0.01020	0.01828	0.01040	0.07774	0.02213	0.77684	0.00485	0.00505	0.00248	0.00248

[dist]
# distance from previous block
# <min> <max>
0	1

[block]
# block no. 1 follows, 43 sequences, length 50
# corresponding to MSA columns:
# 760-809
name=unknown_B
#
# <colnr> <probs for GDERKNQSTAVLIFYWHMCP>
#	G	D	E	R	K	N	Q	S	T	A	V	L	I	F	Y	W	H	M	C	P
0	0.06176	0.01217	0.02015	0.22496	0.54000	0.01290	0.01594	0.01623	0.01203	0.01749	0.01011	0.01370	0.00826	0.00510	0.00538	0.00170	0.00665	0.00482	0.00271	0.00794
1	0.01888	0.01402	0.01551	0.05805	0.01742	0.01551	0.01023	0.62800	0.02348	0.03143	0.01497	0.09905	0.01226	0.00775	0.00571	0.00174	0.00586	0.00615	0.00532	0.00869
2	0.01125	0.01091	0.01927	0.59024	0.15147	0.01262	0.09553	0.01498	0.01153	0.01516	0.01008	0.01462	0.00771	0.00535	0.00564	0.00182	0.00747	0.00510	0.00254	0.00670
3	0.01314	0.01475	0.03157	0.02450	0.10955	0.01391	0.67098	0.01766	0.01302	0.01778	0.01112	0.01481	0.00844	0.00470	0.00642	0.00184	0.00904	0.00636	0.00279	0.00761
4	0.00757	0.00585	0.00824	0.00852	0.00959	0.00527	0.04116	0.00887	0.01082	0.01474	0.02735	0.67803	0.03218	0.01530	0.00672	0.00208	0.00360	0.01395	0.00483	0.09534
5	0.00731	0.00593	0.00834	0.00822	0.00952	0.00537	0.06252	0.00889	0.01200	0.01565	0.12723	0.43224	0.24662	0.01467	0.00681	0.00205	0.00350	0.01316	0.00508	0.00487
6	0.01316	0.01260	0.02149	0.16247	0.64664	0.01301	0.01672	0.01651	0.01235	0.01743	0.01032	0.01389	0.00854	0.00504	0.00549	0.00168	0.00672	0.00493	0.00269	0.00833
7	0.01148	0.00984	0.01148	0.00820	0.01312	0.00738	0.00656	0.01395	0.01148	0.01805	0.00984	0.01148	0.00820	0.00410	0.00410	0.00082	0.00410	0.00328	0.00328	0.83922
8	0.01430	0.70271	0.13060	0.01033	0.01554	0.02068	0.01097	0.01671	0.01131	0.01364	0.00800	0.00927	0.00709	0.00481	0.00379	0.00126	0.00623	0.00312	0.00236	0.00725
9	0.01482	0.75160	0.02812	0.00984	0.01430	0.03994	0.00963	0.01656	0.01123	0.01306	0.00770	0.00907	0.00712	0.00500	0.00429	0.00125	0.04399	0.00307	0.00238	0.00704
10	0.01307	0.01494	0.03268	0.02334	0.02894	0.01401	0.75070	0.01774	0.01307	0.01774	0.01120	0.01494	0.00840	0.00467	0.00654	0.00187	0.00934	0.00654	0.00280	0.00747
11	0.00705	0.00504	0.00678	0.00806	0.00852	0.00476	0.00567	0.00824	0.01090	0.01448	0.03036	0.69805	0.03596	0.01706	0.00715	0.00229	0.00348	0.11643	0.00514	0.00458
12	0.01423	0.68751	0.14517	0.01046	0.01573	0.02051	0.01118	0.01673	0.01132	0.01373	0.00805	0.00932	0.00709	0.00482	0.00382	0.00127	0.00627	0.00314	0.00236	0.00727
13	0.00675	0.00482	0.00643	0.00771	0.00803	0.00450	0.00514	0.00771	0.01060	0.01414	0.03053	0.80175	0.03663	0.01735	0.00707	0.00225	0.00321	0.01574	0.00514	0.00450
14	0.01453	0.01292	0.01291	0.01152	0.01470	0.05921	0.00896	0.06378	0.68162	0.02317	0.02127	0.01968	0.01597	0.00737	0.00559	0.00184	0.00480	0.00604	0.00547	0.00866
15	0.01218	0.11414	0.65709	0.01480	0.02242	0.01364	0.01865	0.01789	0.01184	0.05346	0.01026	0.01173	0.00735	0.00528	0.00509	0.00169	0.00777	0.00404	0.00256	0.00813
16	0.04248	0.01058	0.01323	0.01035	0.01451	0.01012	0.00849	0.12875	0.09807	0.57151	0.02039	0.01804	0.01327	0.00686	0.00552	0.00172	0.00486	0.00550	0.00646	0.00927
17	0.01111	0.02865	0.77667	0.01579	0.02397	0.01286	0.02046	0.01754	0.01169	0.01754	0.00994	0.01169	0.00702	0.00526	0.00526	0.00175	0.00818	0.00409	0.00234	0.00818
18	0.00675	0.00482	0.00643	0.00771	0.00803	0.00450	0.00514	0.00771	0.01060	0.01414	0.03053	0.80175	0.03663	0.01735	0.00707	0.00225	0.00321	0.01574	0.00514	0.00450
19	0.39273	0.01239	0.01085	0.00916	0.01262	0.09543	0.00740	0.13615	0.01413	0.15828	0.01226	0.01273	0.00887	0.00588	0.00436	0.00163	0.00510	0.00406	0.08887	0.00712
20	0.01075	0.02615	0.69308	0.01483	0.02226	0.01203	0.01881	0.01677	0.01213	0.01805	0.09230	0.01492	0.01193	0.00592	0.00540	0.00175	0.00758	0.00474	0.00275	0.00786
21	0.01111	0.02865	0.77667	0.01579	0.02397	0.01286	0.02046	0.01754	0.01169	0.01754	0.00994	0.01169	0.00702	0.00526	0.00526	0.00175	0.00818	0.00409	0.00234	0.00818
22	0.00694	0.00554	0.00621	0.00623	0.00777	0.00481	0.00460	0.00864	0.01328	0.01694	0.25647	0.13122	0.48460	0.01362	0.00660	0.00187	0.00279	0.01165	0.00541	0.00481
23	0.01254	0.01059	0.01176	0.01008	0.01360	0.01079	0.00802	0.04070	0.40135	0.02092	0.01959	0.02269	0.03083	0.00736	0.00537	0.00160	0.00438	0.08439	0.00480	0.27863
24	0.01316	0.01260	0.02149	0.16122	0.64785	0.01302	0.01673	0.01652	0.01235	0.01743	0.01032	0.01388	0.00854	0.00504	0.00549	0.00168	0.00671	0.00493	0.00269	0.00833
25	0.00847	0.00660	0.01000	0.00894	0.01062	0.00610	0.08630	0.01092	0.01420	0.03335	0.47453	0.18019	0.08551	0.01190	0.00664	0.00188	0.00357	0.02943	0.00549	0.00538
26	0.00675	0.00482	0.00643	0.00771	0.00803	0.00450	0.00514	0.00771	0.01060	0.01414	0.03053	0.80175	0.03663	0.01735	0.00707	0.00225	0.00321	0.01574	0.00514	0.00450
27	0.01564	0.01479	0.09677	0.01220	0.01626	0.01468	0.01056	0.24235	0.46169	0.02603	0.01843	0.01751	0.01361	0.00701	0.00557	0.00180	0.00530	0.00565	0.00525	0.00890
28	0.01315	0.01031	0.01149	0.00936	0.01318	0.00996	0.00737	0.02121	0.33035	0.06495	0.01662	0.01657	0.01272	0.00591	0.00482	0.00136	0.00413	0.00484	0.07232	0.36938
29	0.01262	0.01917	0.34429	0.01323	0.01856	0.01338	0.01384	0.02427	0.43556	0.02072	0.01707	0.01677	0.01261	0.00654	0.00547	0.00182	0.00603	0.00532	0.00420	0.00851
30	0.02069	0.02640	0.01569	0.01427	0.01712	0.78313	0.01070	0.02212	0.01569	0.01355	0.00856	0.00999	0.00713	0.00571	0.00499	0.00143	0.00999	0.00357	0.00285	0.00642
31	0.01268	0.01121	0.01387	0.20992	0.05259	0.01268	0.01056	0.02334	0.45730	0.02011	0.01742	0.01787	0.01320	0.00653	0.00544	0.00175	0.00521	0.00554	0.00445	0.09834
32	0.01885	0.02333	0.01597	0.01433	0.01657	0.61850	0.01101	0.02023	0.01414	0.01351	0.00828	0.01045	0.00716	0.00656	0.00783	0.00164	0.17872	0.00384	0.00276	0.00634
33	0.00742	0.00550	0.00709	0.00714	0.00828	0.00517	0.00524	0.00943	0.01340	0.01839	0.42257	0.20439	0.15045	0.01630	0.09106	0.00265	0.00410	0.01105	0.00541	0.00496
34	0.00908	0.00753	0.00923	0.00763	0.01057	0.00615	0.02481	0.01129	0.01287	0.01819	0.22758	0.08278	0.19713	0.00926	0.00559	0.00144	0.00347	0.00797	0.00459	0.34285
35	0.01104	0.01059	0.01758	0.37310	0.12997	0.01259	0.07357	0.01391	0.01082	0.01475	0.01173	0.09328	0.01081	0.02275	0.00877	0.00205	0.16734	0.00618	0.00281	0.00638
36	0.02069	0.02640	0.01569	0.01427	0.01712	0.78313	0.01070	0.02212	0.01569	0.01355	0.00856	0.00999	0.00713	0.00571	0.00499	0.00143	0.00999	0.00357	0.00285	0.00642
37	0.00675	0.00482	0.00643	0.00771	0.00803	0.00450	0.00514	0.00771	0.01060	0.01414	0.03053	0.80175	0.03663	0.01735	0.00707	0.00225	0.00321	0.01574	0.00514	0.00450
38	0.00784	0.00566	0.00740	0.00697	0.00827	0.00523	0.00523	0.01045	0.01568	0.02221	0.76789	0.04137	0.05226	0.01132	0.00653	0.00174	0.00261	0.01002	0.00610	0.00523
39	0.00759	0.00565	0.00706	0.00671	0.00812	0.00512	0.00503	0.00998	0.01510	0.02083	0.63249	0.04364	0.18852	0.01184	0.00653	0.00177	0.00265	0.01033	0.00592	0.00512
40	0.00793	0.00586	0.00851	0.00851	0.00937	0.00671	0.00644	0.00964	0.00879	0.01257	0.01519	0.02372	0.01470	0.14527	0.68085	0.00842	0.01355	0.00622	0.00302	0.00473
41	0.02007	0.13960	0.01853	0.01228	0.01671	0.04039	0.01037	0.61611	0.02343	0.03086	0.01228	0.01251	0.00899	0.00632	0.00521	0.00158	0.00618	0.00463	0.00497	0.00897
42	0.00805	0.00537	0.00604	0.00604	0.00604	0.00537	0.00336	0.00805	0.00805	0.01074	0.01745	0.03624	0.02013	0.80536	0.02819	0.00537	0.00537	0.00805	0.00336	0.00336
43	0.01294	0.01237	0.02109	0.21402	0.59682	0.01296	0.01661	0.01632	0.01225	0.01716	0.01028	0.01396	0.00844	0.00508	0.00550	0.00169	0.00677	0.00493	0.00267	0.00815
44	0.01272	0.17433	0.53084	0.01420	0.02092	0.09801	0.01689	0.01757	0.01201	0.01616	0.00997	0.03417	0.00791	0.00557	0.00496	0.00163	0.00781	0.00416	0.00248	0.00768
45	0.61101	0.01216	0.07924	0.00837	0.01194	0.01208	0.00740	0.07448	0.01082	0.02345	0.00942	0.01255	0.00790	0.09222	0.00646	0.00211	0.00491	0.00381	0.00349	0.00619
46	0.13185	0.01721	0.30361	0.01191	0.01750	0.01106	0.01263	0.03726	0.05862	0.32157	0.01522	0.01476	0.01020	0.00605	0.00516	0.00174	0.00599	0.00468	0.00456	0.00844
47	0.00799	0.00563	0.00735	0.00735	0.00780	0.00608	0.00499	0.00889	0.00844	0.01171	0.01625	0.02962	0.01726	0.45630	0.37332	0.00698	0.00969	0.00709	0.00318	0.00408
48	0.00751	0.00554	0.00702	0.00688	0.00813	0.00505	0.00507	0.00973	0.01456	0.02010	0.56829	0.14592	0.15062	0.01252	0.00661	0.00183	0.00272	0.01103	0.00583	0.00505
49	0.01131	0.00977	0.01304	0.01134	0.05935	0.00864	0.06688	0.04373	0.08485	0.01833	0.01589	0.18617	0.01538	0.00754	0.00524	0.00140	0.00458	0.00673	0.00394	0.42589

[dist]
# distance from previous block
# <min> <max>
0	21

[block]
# block no. 2 follows, 43 sequences, length 35
# corresponding to MSA columns:
# 831-865
name=unknown_C
#
# <colnr> <probs for GDERKNQSTAVLIFYWHMCP>
#	G	D	E	R	K	N	Q	S	T	A	V	L	I	F	Y	W	H	M	C	P
0	0.01400	0.00693	0.00899	0.00802	0.01037	0.00610	0.00616	0.01584	0.01404	0.31290	0.18130	0.20759	0.16208	0.01143	0.00628	0.00187	0.00360	0.00988	0.00600	0.00660
1	0.01148	0.00984	0.01148	0.00820	0.01312	0.00738	0.00656	0.01395	0.01148	0.01805	0.00984	0.01148	0.00820	0.00410	0.00410	0.00082	0.00410	0.00328	0.00328	0.83922
2	0.01001	0.00875	0.01233	0.07492	0.05440	0.00811	0.07088	0.01353	0.07318	0.01763	0.11422	0.14435	0.11249	0.00894	0.00575	0.00162	0.00451	0.02057	0.00423	0.23958
3	0.01460	0.00983	0.01174	0.00893	0.01329	0.00831	0.00715	0.01877	0.11359	0.18743	0.05007	0.01577	0.01268	0.00552	0.00475	0.00121	0.00421	0.00451	0.00453	0.50313
4	0.50944	0.01465	0.13810	0.00992	0.01431	0.01345	0.00939	0.15337	0.05242	0.02540	0.00990	0.01086	0.00737	0.00556	0.00424	0.00172	0.00527	0.00372	0.00375	0.00714
5	0.02069	0.02640	0.01569	0.01427	0.01712	0.78313	0.01070	0.02212	0.01569	0.01355	0.00856	0.00999	0.00713	0.00571	0.00499	0.00143	0.00999	0.00357	0.00285	0.00642
6	0.01298	0.01106	0.01183	0.01069	0.01358	0.01262	0.00829	0.02687	0.66044	0.02304	0.12294	0.02345	0.02167	0.00803	0.00576	0.00186	0.00414	0.00677	0.00570	0.00829
7	0.00806	0.00618	0.00744	0.00703	0.00862	0.00583	0.00530	0.01151	0.07858	0.02067	0.54486	0.04228	0.20969	0.01160	0.00646	0.00178	0.00281	0.01007	0.00584	0.00540
8	0.01327	0.01136	0.01209	0.01090	0.01388	0.01305	0.00846	0.02781	0.69722	0.02309	0.08615	0.02243	0.01992	0.00784	0.00571	0.00187	0.00423	0.00658	0.00567	0.00846
9	0.00672	0.00492	0.00632	0.00744	0.00796	0.00452	0.00502	0.00774	0.01087	0.01424	0.03384	0.70474	0.13150	0.01692	0.00700	0.00220	0.00316	0.01522	0.00514	0.00452
10	0.00761	0.00544	0.00649	0.00697	0.00790	0.00499	0.00488	0.00872	0.01116	0.03327	0.05779	0.31721	0.25468	0.17595	0.01120	0.00276	0.00370	0.06993	0.00485	0.00451
11	0.01570	0.03354	0.26702	0.01833	0.13167	0.01338	0.15142	0.15094	0.01525	0.13004	0.01252	0.01386	0.00893	0.00557	0.00559	0.00173	0.00724	0.00502	0.00371	0.00852
12	0.00842	0.00611	0.00770	0.00757	0.00793	0.00661	0.00521	0.00924	0.00926	0.01272	0.08128	0.03486	0.02192	0.49733	0.13095	0.00508	0.07128	0.06881	0.00360	0.00411
13	0.01409	0.10927	0.35229	0.01214	0.01825	0.01189	0.01344	0.03372	0.02512	0.14398	0.01205	0.01294	0.00878	0.00613	0.02305	0.00165	0.00652	0.00413	0.00344	0.18715
14	0.84448	0.01071	0.00814	0.00728	0.01071	0.01242	0.00600	0.01628	0.00943	0.02485	0.00771	0.00900	0.00600	0.00514	0.00343	0.00171	0.00428	0.00300	0.00343	0.00600
15	0.01851	0.01930	0.01486	0.01296	0.01625	0.36596	0.01003	0.18289	0.26106	0.02132	0.01415	0.01419	0.01082	0.00650	0.00532	0.00163	0.00731	0.00475	0.00434	0.00784
16	0.02066	0.01327	0.01493	0.01168	0.01573	0.01411	0.00954	0.52996	0.02249	0.19513	0.01664	0.08180	0.01268	0.00761	0.00568	0.00172	0.00555	0.00603	0.00579	0.00900
17	0.00668	0.00510	0.00614	0.00697	0.00784	0.00456	0.00481	0.00780	0.01132	0.01443	0.03957	0.53709	0.29545	0.01618	0.00688	0.00212	0.00307	0.01431	0.00514	0.00456
18	0.01212	0.01212	0.01696	0.01454	0.01454	0.01696	0.01212	0.01333	0.00848	0.01333	0.00727	0.01212	0.00727	0.00969	0.01818	0.00242	0.79523	0.00485	0.00242	0.00606
19	0.00838	0.00686	0.00934	0.01111	0.13519	0.00635	0.00688	0.01067	0.01402	0.01898	0.39450	0.07626	0.25784	0.01135	0.00639	0.00179	0.00336	0.00994	0.00521	0.00562
20	0.01401	0.64123	0.18953	0.01083	0.01631	0.01997	0.01183	0.01679	0.01135	0.01400	0.00818	0.00949	0.00709	0.00485	0.00392	0.00131	0.00641	0.00320	0.00236	0.00734
21	0.01984	0.01491	0.01594	0.01250	0.01671	0.01661	0.01023	0.63180	0.14857	0.03295	0.01484	0.01453	0.01067	0.00679	0.00556	0.00170	0.00581	0.00520	0.00556	0.00931
22	0.01506	0.25512	0.37460	0.01268	0.01885	0.03818	0.01439	0.01941	0.03105	0.15400	0.01172	0.01234	0.00851	0.00547	0.00481	0.00157	0.00685	0.00406	0.00327	0.00805
23	0.01141	0.04480	0.69556	0.01720	0.08748	0.01309	0.01992	0.01747	0.01176	0.01749	0.00993	0.01180	0.00717	0.00522	0.00524	0.00173	0.00800	0.00414	0.00237	0.00821
24	0.19940	0.00970	0.01185	0.00931	0.01341	0.00905	0.00768	0.02471	0.01448	0.61497	0.01884	0.01675	0.01207	0.00649	0.00511	0.00171	0.00462	0.00502	0.00612	0.00870
25	0.01245	0.01188	0.02021	0.32748	0.48716	0.01283	0.01637	0.01589	0.01202	0.01657	0.01020	0.01412	0.00823	0.00517	0.00550	0.00172	0.00689	0.00493	0.00263	0.00776
26	0.01380	0.01219	0.14060	0.21775	0.08526	0.00980	0.01211	0.01698	0.01254	0.21195	0.01976	0.03756	0.10671	0.02849	0.04837	0.00226	0.00644	0.00617	0.00405	0.00721
27	0.01307	0.01494	0.03268	0.02334	0.02894	0.01401	0.75070	0.01774	0.01307	0.01774	0.01120	0.01494	0.00840	0.00467	0.00654	0.00187	0.00934	0.00654	0.00280	0.00747
28	0.00771	0.00577	0.00677	0.00710	0.00864	0.00514	0.00551	0.00940	0.01267	0.03872	0.10005	0.16676	0.43001	0.01437	0.00682	0.00205	0.00338	0.15896	0.00526	0.00492
29	0.01536	0.04233	0.49236	0.01404	0.02081	0.01295	0.01629	0.14177	0.01483	0.15810	0.01261	0.01319	0.00864	0.00577	0.00532	0.00172	0.00715	0.00448	0.00370	0.00859
30	0.01104	0.02219	0.51141	0.24959	0.02779	0.01274	0.01838	0.01708	0.04692	0.01678	0.01051	0.01304	0.00759	0.00545	0.00536	0.00179	0.00776	0.00445	0.00253	0.00760
31	0.01521	0.11947	0.01739	0.08162	0.14282	0.01444	0.01129	0.26049	0.09700	0.02302	0.01529	0.02127	0.01313	0.00740	0.00555	0.00176	0.00584	0.11460	0.02450	0.00790
32	0.55950	0.23957	0.05847	0.00840	0.01248	0.01516	0.00783	0.01644	0.01008	0.02105	0.00784	0.00912	0.00637	0.00503	0.00357	0.00156	0.00498	0.00305	0.00306	0.00644
33	0.05575	0.04710	0.52094	0.01401	0.02056	0.01334	0.01642	0.02044	0.20041	0.01921	0.01293	0.01373	0.00946	0.00581	0.00521	0.00177	0.00695	0.00455	0.00323	0.00818
34	0.01001	0.18042	0.07758	0.00806	0.01138	0.01022	0.00737	0.05100	0.04371	0.01650	0.05783	0.03472	0.41691	0.01015	0.00560	0.00166	0.00422	0.00820	0.00430	0.04018

[dist]
# distance from previous block
# <min> <max>
14	84

[block]
# block no. 3 follows, 43 sequences, length 69
# corresponding to MSA columns:
# 969-1037
name=unknown_D
#
# <colnr> <probs for GDERKNQSTAVLIFYWHMCP>
#	G	D	E	R	K	N	Q	S	T	A	V	L	I	F	Y	W	H	M	C	P
0	0.14861	0.10359	0.18752	0.05187	0.08699	0.01209	0.02610	0.01798	0.01202	0.14539	0.01138	0.01251	0.00840	0.00522	0.00469	0.00151	0.00585	0.00407	0.00349	0.15072
1	0.04947	0.05756	0.06389	0.01020	0.01403	0.00980	0.04232	0.02080	0.11689	0.29925	0.18032	0.02187	0.02077	0.00734	0.00551	0.00166	0.00467	0.00617	0.00540	0.06208
2	0.01241	0.03746	0.01966	0.03136	0.01901	0.01084	0.29131	0.01674	0.07744	0.06311	0.08612	0.02047	0.08029	0.00648	0.00598	0.00161	0.02139	0.00634	0.00387	0.18814
3	0.01713	0.01059	0.01652	0.05797	0.01808	0.00926	0.15831	0.01998	0.01369	0.32818	0.03589	0.01622	0.01167	0.00563	0.00535	0.00148	0.00556	0.00516	0.00468	0.25865
4	0.01915	0.00984	0.01231	0.00982	0.01371	0.00836	0.00776	0.02144	0.03990	0.41494	0.13572	0.02370	0.04850	0.00807	0.00599	0.00177	0.00463	0.00640	0.00619	0.20180
5	0.11214	0.01032	0.04979	0.00975	0.01364	0.00882	0.03865	0.03721	0.04030	0.23281	0.10812	0.02232	0.03311	0.00723	0.00531	0.00160	0.00465	0.06262	0.00490	0.19671
6	0.07630	0.01298	0.13844	0.01053	0.01515	0.00984	0.00976	0.03600	0.11153	0.32528	0.01732	0.05488	0.01266	0.00664	0.00522	0.00163	0.00507	0.00536	0.00503	0.14041
7	0.04620	0.01262	0.13867	0.04959	0.01613	0.00980	0.03419	0.01985	0.14144	0.20215	0.14079	0.02093	0.03547	0.00709	0.00549	0.00167	0.00504	0.00596	0.00485	0.10208
8	0.19933	0.01482	0.13886	0.01094	0.01553	0.01294	0.01017	0.23702	0.09847	0.08437	0.01506	0.01518	0.04711	0.00637	0.00498	0.00166	0.00542	0.00479	0.00446	0.07251
9	0.37414	0.01229	0.01222	0.00980	0.01379	0.01338	0.00808	0.29668	0.01684	0.15258	0.01223	0.01232	0.00863	0.00597	0.00460	0.00167	0.00504	0.00418	0.00479	0.03077
10	0.01261	0.01174	0.01848	0.13067	0.44987	0.01136	0.01374	0.01572	0.01207	0.01754	0.01017	0.01321	0.00842	0.00478	0.00509	0.00143	0.00597	0.00445	0.00286	0.24982
11	0.01371	0.01316	0.02248	0.03399	0.77081	0.01316	0.01700	0.01700	0.01261	0.01809	0.01042	0.01371	0.00877	0.00493	0.00548	0.00164	0.00658	0.00493	0.00274	0.00877
12	0.01177	0.01118	0.01898	0.48649	0.33347	0.01265	0.01603	0.01530	0.01169	0.01574	0.01008	0.01434	0.00794	0.00529	0.00552	0.00176	0.00706	0.00493	0.00257	0.00721
13	0.01371	0.01316	0.02248	0.03399	0.77081	0.01316	0.01700	0.01700	0.01261	0.01809	0.01042	0.01371	0.00877	0.00493	0.00548	0.00164	0.00658	0.00493	0.00274	0.00877
14	0.00675	0.00482	0.00643	0.00771	0.00803	0.00450	0.00514	0.00771	0.01060	0.01414	0.03053	0.80175	0.03663	0.01735	0.00707	0.00225	0.00321	0.01574	0.00514	0.00450
15	0.00843	0.00716	0.00746	0.00725	0.00931	0.00701	0.00546	0.01347	0.20538	0.01701	0.04524	0.10948	0.51157	0.01263	0.00636	0.00191	0.00325	0.01064	0.00527	0.00571
16	0.02069	0.02640	0.01569	0.01427	0.01712	0.78313	0.01070	0.02212	0.01569	0.01355	0.00856	0.00999	0.00713	0.00571	0.00499	0.00143	0.00999	0.00357	0.00285	0.00642
17	0.01307	0.01494	0.03268	0.02334	0.02894	0.01401	0.75070	0.01774	0.01307	0.01774	0.01120	0.01494	0.00840	0.00467	0.00654	0.00187	0.00934	0.00654	0.00280	0.00747
18	0.00805	0.00537	0.00604	0.00604	0.00604	0.00537	0.00336	0.00805	0.00805	0.01074	0.01745	0.03624	0.02013	0.80536	0.02819	0.00537	0.00537	0.00805	0.00336	0.00336
19	0.02069	0.02640	0.01569	0.01427	0.01712	0.78313	0.01070	0.02212	0.01569	0.01355	0.00856	0.00999	0.00713	0.00571	0.00499	0.00143	0.00999	0.00357	0.00285	0.00642
20	0.00798	0.00564	0.00743	0.00743	0.00792	0.00613	0.00509	0.00895	0.00847	0.01177	0.01618	0.02918	0.01707	0.43307	0.39629	0.00709	0.00998	0.00702	0.00317	0.00413
21	0.01032	0.00516	0.00516	0.00516	0.00645	0.00516	0.00387	0.01290	0.01161	0.02065	0.01807	0.02065	0.01420	0.00645	0.00387	0.00129	0.00258	0.00516	0.83611	0.00516
22	0.01111	0.02865	0.77667	0.01579	0.02397	0.01286	0.02046	0.01754	0.01169	0.01754	0.00994	0.01169	0.00702	0.00526	0.00526	0.00175	0.00818	0.00409	0.00234	0.00818
23	0.01046	0.00984	0.01661	0.79205	0.03814	0.01230	0.01538	0.01415	0.01107	0.01415	0.00984	0.01477	0.00738	0.00554	0.00554	0.00185	0.00738	0.00492	0.00246	0.00615
24	0.16409	0.01017	0.01238	0.00967	0.01382	0.00965	0.00798	0.08777	0.01564	0.58312	0.01870	0.01669	0.01203	0.00655	0.00520	0.00171	0.00476	0.00508	0.00616	0.00884
25	0.02247	0.00958	0.01254	0.00991	0.01388	0.00877	0.00808	0.02650	0.11885	0.63330	0.05907	0.02022	0.01607	0.00717	0.00563	0.00174	0.00456	0.00589	0.00665	0.00913
26	0.00675	0.00482	0.00643	0.00771	0.00803	0.00450	0.00514	0.00771	0.01060	0.01414	0.03053	0.80175	0.03663	0.01735	0.00707	0.00225	0.00321	0.01574	0.00514	0.00450
27	0.01378	0.01190	0.01252	0.01127	0.01440	0.01378	0.00877	0.02943	0.76081	0.02317	0.02254	0.02066	0.01691	0.00751	0.00564	0.00188	0.00438	0.00626	0.00564	0.00877
28	0.00830	0.00644	0.00846	0.00832	0.00961	0.00709	0.00633	0.01145	0.08726	0.01431	0.04001	0.02850	0.14049	0.09502	0.49507	0.00656	0.01071	0.00719	0.00371	0.00517
29	0.01717	0.01426	0.01312	0.01137	0.01457	0.17433	0.00888	0.09660	0.33191	0.14659	0.09504	0.01952	0.01721	0.00733	0.00557	0.00172	0.00560	0.00584	0.00529	0.00808
30	0.02040	0.02517	0.01559	0.01404	0.01695	0.71328	0.01060	0.07027	0.01621	0.01495	0.00903	0.01050	0.00745	0.00665	0.02410	0.00163	0.00985	0.00372	0.00303	0.00658
31	0.01196	0.00983	0.01153	0.00826	0.01316	0.00741	0.00662	0.01441	0.01164	0.04504	0.01027	0.01175	0.00840	0.00420	0.00415	0.00085	0.00412	0.00336	0.00341	0.80961
32	0.01536	0.01314	0.01886	0.12432	0.37220	0.01412	0.01396	0.24336	0.06196	0.02289	0.01211	0.01441	0.00945	0.00690	0.03106	0.00193	0.00667	0.00506	0.00375	0.00850
33	0.01046	0.00984	0.01661	0.79205	0.03814	0.01230	0.01538	0.01415	0.01107	0.01415	0.00984	0.01477	0.00738	0.00554	0.00554	0.00185	0.00738	0.00492	0.00246	0.00615
34	0.02041	0.01911	0.01585	0.01312	0.01685	0.30104	0.01039	0.40426	0.08264	0.04362	0.01251	0.01281	0.00929	0.00638	0.00535	0.00159	0.00737	0.00458	0.00458	0.00825
35	0.00784	0.00566	0.00740	0.00697	0.00827	0.00523	0.00523	0.01045	0.01568	0.02221	0.76789	0.04137	0.05226	0.01132	0.00653	0.00174	0.00261	0.01002	0.00610	0.00523
36	0.01378	0.59126	0.23743	0.01124	0.01693	0.01939	0.01254	0.01685	0.01138	0.01429	0.00832	0.00967	0.00708	0.00488	0.00403	0.00134	0.00655	0.00328	0.00236	0.00741
37	0.01378	0.01190	0.01252	0.01127	0.01440	0.01378	0.00877	0.02943	0.76081	0.02317	0.02254	0.02066	0.01691	0.00751	0.00564	0.00188	0.00438	0.00626	0.00564	0.00877
38	0.01307	0.01494	0.03268	0.02334	0.02894	0.01401	0.75070	0.01774	0.01307	0.01774	0.01120	0.01494	0.00840	0.00467	0.00654	0.00187	0.00934	0.00654	0.00280	0.00747
39	0.01378	0.01190	0.01252	0.01127	0.01440	0.01378	0.00877	0.02943	0.76081	0.02317	0.02254	0.02066	0.01691	0.00751	0.00564	0.00188	0.00438	0.00626	0.00564	0.00877
40	0.00663	0.00561	0.00573	0.00570	0.00753	0.00471	0.00428	0.00811	0.01283	0.01544	0.10334	0.05251	0.72103	0.01385	0.00654	0.00186	0.00279	0.01158	0.00521	0.00471
41	0.01148	0.00984	0.01148	0.00820	0.01312	0.00738	0.00656	0.01395	0.01148	0.01805	0.00984	0.01148	0.00820	0.00410	0.00410	0.00082	0.00410	0.00328	0.00328	0.83922
42	0.01148	0.00984	0.01148	0.00820	0.01312	0.00738	0.00656	0.01395	0.01148	0.01805	0.00984	0.01148	0.00820	0.00410	0.00410	0.00082	0.00410	0.00328	0.00328	0.83922
43	0.01185	0.01006	0.01168	0.00838	0.01328	0.00776	0.00671	0.04220	0.01204	0.01869	0.00998	0.01155	0.00825	0.00420	0.00416	0.00085	0.00418	0.00335	0.00337	0.80747
44	0.01046	0.00984	0.01661	0.79205	0.03814	0.01230	0.01538	0.01415	0.01107	0.01415	0.00984	0.01477	0.00738	0.00554	0.00554	0.00185	0.00738	0.00492	0.00246	0.00615
45	0.02050	0.01498	0.01604	0.01236	0.01663	0.01656	0.01019	0.71455	0.02530	0.03418	0.01354	0.01367	0.00966	0.00664	0.00546	0.00164	0.00591	0.00500	0.04800	0.00920
46	0.01517	0.01471	0.02613	0.01917	0.02417	0.01478	0.47208	0.20436	0.10911	0.02274	0.01314	0.01524	0.00971	0.00552	0.00617	0.00182	0.00791	0.00611	0.00384	0.00812
47	0.00800	0.00559	0.00714	0.00714	0.00753	0.00597	0.00473	0.00876	0.00838	0.01156	0.01644	0.03065	0.01771	0.51059	0.31964	0.00673	0.00902	0.00724	0.00321	0.00397
48	0.84448	0.01071	0.00814	0.00728	0.01071	0.01242	0.00600	0.01628	0.00943	0.02485	0.00771	0.00900	0.00600	0.00514	0.00343	0.00171	0.00428	0.00300	0.00343	0.00600
49	0.15643	0.01040	0.01257	0.00981	0.01397	0.00997	0.00810	0.11708	0.01611	0.56020	0.01849	0.01656	0.01192	0.00655	0.00522	0.00171	0.00482	0.00508	0.00614	0.00887
50	0.02011	0.02358	0.01551	0.01375	0.01677	0.61772	0.01048	0.14238	0.01707	0.01705	0.00966	0.01112	0.00785	0.00765	0.04382	0.00184	0.00958	0.00392	0.00330	0.00684
51	0.00784	0.00566	0.00740	0.00697	0.00827	0.00523	0.00523	0.01045	0.01568	0.02221	0.76789	0.04137	0.05226	0.01132	0.00653	0.00174	0.00261	0.01002	0.00610	0.00523
52	0.00685	0.00490	0.00652	0.00764	0.00806	0.00457	0.00515	0.00796	0.01107	0.01488	0.09861	0.73154	0.03807	0.01679	0.00702	0.00220	0.00316	0.01522	0.00523	0.00457
53	0.01307	0.01494	0.03268	0.02334	0.02894	0.01401	0.75070	0.01774	0.01307	0.01774	0.01120	0.01494	0.00840	0.00467	0.00654	0.00187	0.00934	0.00654	0.00280	0.00747
54	0.00962	0.00481	0.00722	0.00722	0.00722	0.00481	0.00481	0.00722	0.00722	0.00962	0.00962	0.01684	0.00962	0.01924	0.02165	0.83886	0.00481	0.00481	0.00241	0.00241
55	0.00927	0.00811	0.00955	0.00971	0.05904	0.05813	0.00684	0.01154	0.01436	0.01947	0.49166	0.03658	0.14943	0.01079	0.00744	0.00180	0.07657	0.00903	0.00518	0.00553
56	0.00655	0.00561	0.00561	0.00561	0.00748	0.00468	0.00421	0.00795	0.01262	0.01496	0.05610	0.05330	0.76857	0.01403	0.00655	0.00187	0.00281	0.01169	0.00514	0.00468
57	0.00791	0.00593	0.00890	0.00890	0.00989	0.00692	0.00692	0.00989	0.00890	0.01286	0.01483	0.02176	0.01385	0.04154	0.78341	0.00890	0.01483	0.00593	0.00297	0.00494
58	0.01481	0.80869	0.02902	0.00948	0.01421	0.02191	0.00948	0.01658	0.01125	0.01303	0.00770	0.00888	0.00711	0.00474	0.00355	0.00118	0.00592	0.00296	0.00237	0.00711
59	0.02036	0.01517	0.01623	0.01260	0.01691	0.01685	0.01036	0.68356	0.09595	0.03379	0.01418	0.01400	0.01013	0.00673	0.00555	0.00168	0.00593	0.00511	0.00555	0.00936
60	0.00791	0.00593	0.00890	0.00890	0.00989	0.00692	0.00692	0.00989	0.00890	0.01286	0.01483	0.02176	0.01385	0.04154	0.78341	0.00890	0.01483	0.00593	0.00297	0.00494
61	0.01427	0.01018	0.01168	0.01044	0.01304	0.11206	0.06244	0.01630	0.01369	0.21427	0.02849	0.13082	0.16368	0.01101	0.00638	0.00196	0.00530	0.16246	0.00510	0.00643
62	0.01196	0.02623	0.65836	0.01635	0.02407	0.01277	0.10123	0.01800	0.01204	0.05268	0.01063	0.01239	0.00748	0.00527	0.00542	0.00176	0.00815	0.00443	0.00260	0.00816
63	0.01615	0.62951	0.02597	0.01057	0.01488	0.19627	0.00976	0.01785	0.01227	0.01315	0.00790	0.00914	0.00711	0.00496	0.00388	0.00124	0.00685	0.00310	0.00248	0.00695
64	0.00801	0.00556	0.00702	0.00702	0.00736	0.00590	0.00458	0.00868	0.00834	0.01146	0.01655	0.03128	0.01798	0.54385	0.28675	0.00658	0.00861	0.00733	0.00322	0.00390
65	0.01655	0.04963	0.37300	0.01488	0.05756	0.01159	0.07277	0.02094	0.01335	0.29401	0.01433	0.01456	0.00966	0.00576	0.00542	0.00172	0.00684	0.00482	0.00405	0.00857
66	0.03158	0.01813	0.26466	0.10680	0.09988	0.01299	0.30381	0.01772	0.01245	0.06215	0.01112	0.01386	0.00814	0.00512	0.00579	0.00179	0.00810	0.00529	0.00286	0.00776
67	0.01387	0.01455	0.02905	0.02105	0.02623	0.01406	0.60629	0.10901	0.04127	0.01994	0.01254	0.04243	0.00982	0.00546	0.00640	0.00186	0.00854	0.00666	0.00332	0.00765
68	0.01345	0.01534	0.06722	0.02430	0.15498	0.01395	0.55503	0.05126	0.01352	0.01858	0.01110	0.01449	0.00844	0.00483	0.00625	0.00181	0.00866	0.00607	0.00289	0.00782

[dist]
# distance from previous block
# <min> <max>
14	26

[block]
# block no. 4 follows, 43 sequences, length 117
# corresponding to MSA columns:
# 1064-1180
name=unknown_E
#
# <colnr> <probs for GDERKNQSTAVLIFYWHMCP>
#	G	D	E	R	K	N	Q	S	T	A	V	L	I	F	Y	W	H	M	C	P
0	0.05342	0.01253	0.01938	0.24846	0.44787	0.03413	0.01531	0.05112	0.03221	0.01808	0.01052	0.01384	0.00844	0.00529	0.00539	0.00171	0.00671	0.00484	0.00290	0.00785
1	0.10296	0.00953	0.01407	0.01683	0.24619	0.00976	0.06800	0.01382	0.04671	0.01620	0.01472	0.02532	0.01465	0.29282	0.03208	0.00325	0.00610	0.05758	0.00335	0.00608
2	0.01229	0.32483	0.08002	0.16170	0.16463	0.01513	0.01225	0.01496	0.01142	0.01473	0.01219	0.12899	0.01186	0.00684	0.00495	0.00160	0.00610	0.00570	0.00287	0.00694
3	0.01446	0.36216	0.13981	0.01495	0.12868	0.01578	0.06421	0.01741	0.01228	0.09933	0.03749	0.04836	0.01105	0.00587	0.00480	0.00151	0.00624	0.00479	0.00320	0.00762
4	0.01360	0.01304	0.02228	0.06012	0.74556	0.01313	0.01694	0.01690	0.01256	0.01796	0.01040	0.01374	0.00872	0.00496	0.00548	0.00165	0.00661	0.00493	0.00273	0.00868
5	0.01957	0.01254	0.01370	0.01125	0.01506	0.04971	0.00903	0.18875	0.30318	0.28608	0.01957	0.01788	0.01366	0.00701	0.00556	0.00175	0.00515	0.00561	0.00590	0.00903
6	0.01905	0.01072	0.01657	0.01891	0.29280	0.00995	0.03672	0.02165	0.01433	0.41626	0.01970	0.01926	0.06509	0.00658	0.00564	0.00170	0.00542	0.00580	0.00508	0.00878
7	0.01227	0.01066	0.06933	0.01251	0.01590	0.00914	0.17670	0.05029	0.01348	0.12552	0.02748	0.07035	0.19628	0.01091	0.02802	0.00217	0.02647	0.13140	0.00454	0.00658
8	0.02381	0.01060	0.01309	0.01025	0.01440	0.04621	0.00838	0.05050	0.06398	0.66562	0.02097	0.01836	0.01346	0.00683	0.00554	0.00171	0.00499	0.00550	0.00654	0.00924
9	0.01136	0.02717	0.70459	0.01753	0.09534	0.01289	0.02013	0.01749	0.01178	0.01759	0.00998	0.01189	0.00718	0.00523	0.00528	0.00174	0.00803	0.00417	0.00238	0.00824
10	0.01120	0.01896	0.33705	0.01741	0.02328	0.01193	0.31995	0.01603	0.01232	0.01731	0.03654	0.09172	0.04678	0.00676	0.00606	0.00185	0.00777	0.00674	0.00304	0.00729
11	0.00712	0.00500	0.00629	0.00716	0.00744	0.00475	0.00460	0.00782	0.00994	0.01319	0.02765	0.55593	0.05712	0.24373	0.01312	0.00313	0.00382	0.01339	0.00463	0.00418
12	0.02069	0.02640	0.01569	0.01427	0.01712	0.78313	0.01070	0.02212	0.01569	0.01355	0.00856	0.00999	0.00713	0.00571	0.00499	0.00143	0.00999	0.00357	0.00285	0.00642
13	0.01316	0.06840	0.02107	0.24224	0.49498	0.01342	0.01580	0.01643	0.01217	0.03544	0.01035	0.01379	0.00839	0.00514	0.00536	0.00167	0.00671	0.00481	0.00274	0.00794
14	0.01313	0.01257	0.02144	0.16812	0.64118	0.01301	0.01671	0.01649	0.01234	0.01740	0.01032	0.01389	0.00853	0.00504	0.00549	0.00168	0.00672	0.00493	0.00269	0.00831
15	0.00791	0.00593	0.00890	0.00890	0.00989	0.00692	0.00692	0.00989	0.00890	0.01286	0.01483	0.02176	0.01385	0.04154	0.78341	0.00890	0.01483	0.00593	0.00297	0.00494
16	0.00703	0.00498	0.00653	0.00764	0.00799	0.00471	0.00514	0.00801	0.01055	0.01407	0.04612	0.66177	0.03493	0.10418	0.00942	0.00260	0.00353	0.05142	0.00496	0.00442
17	0.01297	0.01321	0.02490	0.15354	0.40629	0.01330	0.25961	0.01678	0.01251	0.01734	0.01058	0.01429	0.00842	0.00494	0.00584	0.00175	0.00762	0.00546	0.00272	0.00792
18	0.01534	0.00782	0.00986	0.01008	0.09365	0.00756	0.00689	0.05959	0.01373	0.23026	0.01800	0.01896	0.01319	0.00641	0.00462	0.00147	0.00381	0.00524	0.46654	0.00699
19	0.00982	0.00491	0.00662	0.00662	0.00700	0.00491	0.00454	0.00885	0.00848	0.01279	0.01205	0.01793	0.01094	0.01556	0.01654	0.59813	0.00417	0.00491	0.24203	0.00320
20	0.01307	0.01494	0.03268	0.02334	0.02894	0.01401	0.75070	0.01774	0.01307	0.01774	0.01120	0.01494	0.00840	0.00467	0.00654	0.00187	0.00934	0.00654	0.00280	0.00747
21	0.00655	0.00561	0.00561	0.00561	0.00748	0.00468	0.00421	0.00795	0.01262	0.01496	0.05610	0.05330	0.76857	0.01403	0.00655	0.00187	0.00281	0.01169	0.00514	0.00468
22	0.00671	0.00496	0.00628	0.00734	0.00794	0.00453	0.00498	0.00775	0.01096	0.01428	0.03505	0.66933	0.16613	0.01676	0.00698	0.00218	0.00314	0.01503	0.00514	0.00453
23	0.01111	0.02865	0.77667	0.01579	0.02397	0.01286	0.02046	0.01754	0.01169	0.01754	0.00994	0.01169	0.00702	0.00526	0.00526	0.00175	0.00818	0.00409	0.00234	0.00818
24	0.01046	0.00984	0.01661	0.79205	0.03814	0.01230	0.01538	0.01415	0.01107	0.01415	0.00984	0.01477	0.00738	0.00554	0.00554	0.00185	0.00738	0.00492	0.00246	0.00615
25	0.00892	0.00637	0.00892	0.01020	0.01147	0.00637	0.00892	0.01147	0.01275	0.01657	0.02932	0.06247	0.03187	0.01530	0.00765	0.00255	0.00510	0.73354	0.00510	0.00510
26	0.00696	0.00563	0.00618	0.00604	0.00773	0.00485	0.00453	0.00875	0.01360	0.01728	0.28384	0.04948	0.53939	0.01316	0.00654	0.00183	0.00274	0.01115	0.00545	0.00485
27	0.02069	0.02640	0.01569	0.01427	0.01712	0.78313	0.01070	0.02212	0.01569	0.01355	0.00856	0.00999	0.00713	0.00571	0.00499	0.00143	0.00999	0.00357	0.00285	0.00642
28	0.01307	0.01494	0.03268	0.02334	0.02894	0.01401	0.75070	0.01774	0.01307	0.01774	0.01120	0.01494	0.00840	0.00467	0.00654	0.00187	0.00934	0.00654	0.00280	0.00747
29	0.02069	0.02640	0.01569	0.01427	0.01712	0.78313	0.01070	0.02212	0.01569	0.01355	0.00856	0.00999	0.00713	0.00571	0.00499	0.00143	0.00999	0.00357	0.00285	0.00642
30	0.00655	0.00561	0.00561	0.00561	0.00748	0.00468	0.00421	0.00795	0.01262	0.01496	0.05610	0.05330	0.76857	0.01403	0.00655	0.00187	0.00281	0.01169	0.00514	0.00468
31	0.00794	0.00582	0.00833	0.00833	0.00912	0.00661	0.00621	0.00952	0.00873	0.01243	0.01536	0.02464	0.01510	0.19379	0.63288	0.00820	0.01295	0.00636	0.00304	0.00463
32	0.01416	0.61082	0.10287	0.03992	0.10357	0.01966	0.01165	0.01664	0.01145	0.01411	0.00831	0.00993	0.00730	0.00484	0.00402	0.00132	0.00628	0.00337	0.00241	0.00738
33	0.01318	0.46580	0.35767	0.01225	0.01850	0.01794	0.01431	0.01700	0.01145	0.01501	0.00868	0.01012	0.00707	0.00497	0.00430	0.00143	0.00692	0.00346	0.00236	0.00758
34	0.00655	0.00561	0.00561	0.00561	0.00748	0.00468	0.00421	0.00795	0.01262	0.01496	0.05610	0.05330	0.76857	0.01403	0.00655	0.00187	0.00281	0.01169	0.00514	0.00468
35	0.10465	0.01014	0.01276	0.00988	0.01410	0.00943	0.00816	0.09609	0.01621	0.62978	0.01964	0.01735	0.01254	0.00667	0.00536	0.00171	0.00480	0.00526	0.00639	0.00909
36	0.01445	0.01633	0.01918	0.01587	0.01791	0.23647	0.16599	0.01647	0.01173	0.01444	0.01014	0.05146	0.00950	0.00800	0.01114	0.00201	0.34626	0.02346	0.00282	0.00636
37	0.01481	0.80869	0.02902	0.00948	0.01421	0.02191	0.00948	0.01658	0.01125	0.01303	0.00770	0.00888	0.00711	0.00474	0.00355	0.00118	0.00592	0.00296	0.00237	0.00711
38	0.00791	0.00593	0.00890	0.00890	0.00989	0.00692	0.00692	0.00989	0.00890	0.01286	0.01483	0.02176	0.01385	0.04154	0.78341	0.00890	0.01483	0.00593	0.00297	0.00494
39	0.01046	0.00984	0.01661	0.79205	0.03814	0.01230	0.01538	0.01415	0.01107	0.01415	0.00984	0.01477	0.00738	0.00554	0.00554	0.00185	0.00738	0.00492	0.00246	0.00615
40	0.00791	0.00593	0.00890	0.00890	0.00989	0.00692	0.00692	0.00989	0.00890	0.01286	0.01483	0.02176	0.01385	0.04154	0.78341	0.00890	0.01483	0.00593	0.00297	0.00494
41	0.00935	0.00499	0.00748	0.00748	0.00764	0.00515	0.00515	0.00764	0.00748	0.01013	0.01045	0.01762	0.01029	0.02278	0.14259	0.70709	0.00640	0.00499	0.00249	0.00281
42	0.01111	0.02865	0.77667	0.01579	0.02397	0.01286	0.02046	0.01754	0.01169	0.01754	0.00994	0.01169	0.00702	0.00526	0.00526	0.00175	0.00818	0.00409	0.00234	0.00818
43	0.01481	0.80869	0.02902	0.00948	0.01421	0.02191	0.00948	0.01658	0.01125	0.01303	0.00770	0.00888	0.00711	0.00474	0.00355	0.00118	0.00592	0.00296	0.00237	0.00711
44	0.01148	0.00984	0.01148	0.00820	0.01312	0.00738	0.00656	0.01395	0.01148	0.01805	0.00984	0.01148	0.00820	0.00410	0.00410	0.00082	0.00410	0.00328	0.00328	0.83922
45	0.02345	0.01167	0.01424	0.01092	0.01526	0.01147	0.00902	0.29408	0.01960	0.50226	0.01870	0.01681	0.01213	0.00678	0.00556	0.00169	0.00522	0.00535	0.00637	0.00942
46	0.01481	0.80869	0.02902	0.00948	0.01421	0.02191	0.00948	0.01658	0.01125	0.01303	0.00770	0.00888	0.00711	0.00474	0.00355	0.00118	0.00592	0.00296	0.00237	0.00711
47	0.01111	0.02865	0.77667	0.01579	0.02397	0.01286	0.02046	0.01754	0.01169	0.01754	0.00994	0.01169	0.00702	0.00526	0.00526	0.00175	0.00818	0.00409	0.00234	0.00818
48	0.00799	0.00562	0.00729	0.00729	0.00772	0.00605	0.00491	0.00886	0.00842	0.01166	0.01631	0.02992	0.01739	0.47207	0.35773	0.00691	0.00950	0.00713	0.00319	0.00405
49	0.01046	0.00984	0.01661	0.79205	0.03814	0.01230	0.01538	0.01415	0.01107	0.01415	0.00984	0.01477	0.00738	0.00554	0.00554	0.00185	0.00738	0.00492	0.00246	0.00615
50	0.01192	0.20028	0.61217	0.01440	0.02182	0.01485	0.01805	0.01733	0.01160	0.01655	0.00945	0.01107	0.00704	0.00515	0.00489	0.00163	0.00769	0.00384	0.00235	0.00795
51	0.36837	0.10380	0.21148	0.01160	0.01671	0.01329	0.08507	0.01791	0.01125	0.09981	0.01012	0.01131	0.00744	0.00526	0.00445	0.00168	0.00602	0.00390	0.00333	0.00719
52	0.01170	0.15249	0.65796	0.01478	0.02242	0.01430	0.01872	0.01739	0.01162	0.01682	0.00958	0.01125	0.00703	0.00518	0.00499	0.00166	0.00783	0.00391	0.00234	0.00801
53	0.84448	0.01071	0.00814	0.00728	0.01071	0.01242	0.00600	0.01628	0.00943	0.02485	0.00771	0.00900	0.00600	0.00514	0.00343	0.00171	0.00428	0.00300	0.00343	0.00600
54	0.01641	0.01742	0.01373	0.01241	0.01544	0.30708	0.00950	0.02664	0.47674	0.01950	0.01721	0.01659	0.01318	0.00683	0.00539	0.00171	0.00652	0.00523	0.00457	0.00787
55	0.00675	0.00482	0.00643	0.00771	0.00803	0.00450	0.00514	0.00771	0.01060	0.01414	0.03053	0.80175	0.03663	0.01735	0.00707	0.00225	0.00321	0.01574	0.00514	0.00450
56	0.00675	0.00482	0.00643	0.00771	0.00803	0.00450	0.00514	0.00771	0.01060	0.01414	0.03053	0.80175	0.03663	0.01735	0.00707	0.00225	0.00321	0.01574	0.00514	0.00450
57	0.01148	0.00984	0.01148	0.00820	0.01312	0.00738	0.00656	0.01395	0.01148	0.01805	0.00984	0.01148	0.00820	0.00410	0.00410	0.00082	0.00410	0.00328	0.00328	0.83922
58	0.00675	0.00482	0.00643	0.00771	0.00803	0.00450	0.00514	0.00771	0.01060	0.01414	0.03053	0.80175	0.03663	0.01735	0.00707	0.00225	0.00321	0.01574	0.00514	0.00450
59	0.00962	0.00481	0.00722	0.00722	0.00722	0.00481	0.00481	0.00722	0.00722	0.00962	0.00962	0.01684	0.00962	0.01924	0.02165	0.83886	0.00481	0.00481	0.00241	0.00241
60	0.01355	0.01300	0.02220	0.07059	0.73545	0.01312	0.01692	0.01686	0.01254	0.01790	0.01039	0.01376	0.00871	0.00496	0.00549	0.00165	0.00662	0.00493	0.00273	0.00865
61	0.00805	0.00537	0.00604	0.00604	0.00604	0.00537	0.00336	0.00805	0.00805	0.01074	0.01745	0.03624	0.02013	0.80536	0.02819	0.00537	0.00537	0.00805	0.00336	0.00336
62	0.01580	0.01613	0.02404	0.01814	0.02258	0.11848	0.37826	0.17327	0.09854	0.02116	0.01235	0.01442	0.00933	0.00578	0.00658	0.00179	0.04614	0.00570	0.00368	0.00781
63	0.00792	0.00591	0.00879	0.00879	0.00975	0.00687	0.00679	0.00982	0.00887	0.01278	0.01493	0.02230	0.01408	0.06995	0.75532	0.00877	0.01448	0.00601	0.00298	0.00489
64	0.01276	0.37618	0.44357	0.01297	0.01962	0.01690	0.01557	0.01711	0.01150	0.01553	0.00894	0.01044	0.00706	0.00503	0.00450	0.00150	0.00718	0.00359	0.00235	0.00770
65	0.01249	0.01191	0.02027	0.31906	0.49530	0.01284	0.01639	0.01593	0.01203	0.01661	0.01020	0.01411	0.00825	0.00516	0.00550	0.00172	0.00688	0.00493	0.00264	0.00779
66	0.01267	0.01052	0.01102	0.01003	0.01283	0.01191	0.00777	0.02545	0.60294	0.02207	0.02542	0.02394	0.09204	0.00805	0.00553	0.00181	0.00403	0.00668	0.09735	0.00796
67	0.01374	0.01294	0.02161	0.10905	0.66090	0.01327	0.01652	0.05221	0.01310	0.01851	0.01050	0.01379	0.00866	0.00508	0.00549	0.00167	0.00664	0.00494	0.00285	0.00854
68	0.01371	0.01316	0.02248	0.03399	0.77081	0.01316	0.01700	0.01700	0.01261	0.01809	0.01042	0.01371	0.00877	0.00493	0.00548	0.00164	0.00658	0.00493	0.00274	0.00877
69	0.00848	0.00606	0.00842	0.00969	0.01077	0.00599	0.00815	0.01071	0.01231	0.01608	0.02957	0.21299	0.03284	0.01572	0.00753	0.00249	0.00472	0.58739	0.00511	0.00498
