[name]
unknown

[dist]
# distance from previous block
# <min> <max>
0	18

[block]
# block no. 0 follows, 45 sequences, length 10
# corresponding to MSA columns:
# 18-27
name=unknown_A
#
# <colnr> <probs for GDERKNQSTAVLIFYWHMCP>
#	G	D	E	R	K	N	Q	S	T	A	V	L	I	F	Y	W	H	M	C	P
0	0.01401	0.00721	0.00997	0.00977	0.01202	0.00677	0.00839	0.01634	0.01340	0.28192	0.02591	0.04587	0.02478	0.01199	0.00671	0.00219	0.00481	0.48602	0.00553	0.00640
1	0.01933	0.01044	0.01504	0.01541	0.18545	0.01039	0.01031	0.06047	0.01430	0.44759	0.04492	0.01689	0.01264	0.00672	0.00691	0.00173	0.10262	0.00531	0.00513	0.00844
2	0.00928	0.00862	0.01370	0.62021	0.03029	0.01026	0.01247	0.01236	0.01107	0.01389	0.01962	0.02271	0.17989	0.00722	0.00559	0.00179	0.00616	0.00624	0.00297	0.00564
3	0.01086	0.01027	0.01406	0.01224	0.01224	0.01392	0.00984	0.01177	0.00813	0.01235	0.00926	0.01700	0.00985	0.18964	0.01980	0.00299	0.62254	0.00540	0.00255	0.00528
4	0.00661	0.00509	0.00582	0.00634	0.00729	0.00455	0.00435	0.00762	0.01085	0.01364	0.03921	0.36520	0.36939	0.11760	0.00926	0.00240	0.00320	0.01252	0.00476	0.00430
5	0.00805	0.00596	0.00781	0.00863	0.01000	0.00572	0.00733	0.01027	0.01256	0.01616	0.09571	0.05687	0.19992	0.01423	0.00708	0.00226	0.00424	0.51731	0.00503	0.00486
6	0.02010	0.00830	0.01088	0.00863	0.01225	0.00713	0.00703	0.02201	0.01466	0.60917	0.02864	0.02578	0.18465	0.00821	0.00561	0.00170	0.00415	0.00673	0.00627	0.00810
7	0.00760	0.00549	0.00718	0.00675	0.00802	0.00506	0.00506	0.01013	0.01519	0.02153	0.77503	0.04010	0.05065	0.01097	0.00633	0.00169	0.00253	0.00971	0.00591	0.00506
8	0.01001	0.00500	0.00500	0.00500	0.00625	0.00500	0.00375	0.01251	0.01126	0.02001	0.01751	0.02001	0.01376	0.00625	0.00375	0.00125	0.00250	0.00500	0.84115	0.00500
9	0.00760	0.00549	0.00718	0.00675	0.00802	0.00506	0.00506	0.01013	0.01519	0.02153	0.77503	0.04010	0.05065	0.01097	0.00633	0.00169	0.00253	0.00971	0.00591	0.00506

[dist]
# distance from previous block
# <min> <max>
0	1

[block]
# block no. 1 follows, 45 sequences, length 20
# corresponding to MSA columns:
# 29-48
name=unknown_B
#
# <colnr> <probs for GDERKNQSTAVLIFYWHMCP>
#	G	D	E	R	K	N	Q	S	T	A	V	L	I	F	Y	W	H	M	C	P
0	0.00761	0.00553	0.00744	0.00709	0.00830	0.00536	0.00536	0.01003	0.01401	0.01989	0.63784	0.03667	0.04393	0.01626	0.14769	0.00294	0.00467	0.00899	0.00536	0.00502
1	0.01001	0.00500	0.00500	0.00500	0.00625	0.00500	0.00375	0.01251	0.01126	0.02001	0.01751	0.02001	0.01376	0.00625	0.00375	0.00125	0.00250	0.00500	0.84115	0.00500
2	0.00777	0.00591	0.00729	0.00810	0.00890	0.00598	0.00562	0.01127	0.14697	0.01528	0.02819	0.66575	0.03205	0.01510	0.00660	0.00212	0.00332	0.01360	0.00507	0.00511
3	0.00673	0.00482	0.00640	0.00734	0.00783	0.00449	0.00500	0.00795	0.01116	0.01511	0.16404	0.66937	0.03823	0.01576	0.00676	0.00209	0.00301	0.01426	0.00515	0.00449
4	0.01001	0.00500	0.00500	0.00500	0.00625	0.00500	0.00375	0.01251	0.01126	0.02001	0.01751	0.02001	0.01376	0.00625	0.00375	0.00125	0.00250	0.00500	0.84115	0.00500
5	0.02408	0.00914	0.01246	0.00955	0.01370	0.00789	0.00789	0.02616	0.01536	0.78158	0.02118	0.01827	0.01329	0.00664	0.00540	0.00166	0.00457	0.00540	0.00664	0.00914
6	0.01266	0.30999	0.13960	0.01347	0.01700	0.01727	0.09924	0.01520	0.01020	0.01393	0.00804	0.01085	0.00708	0.00640	0.00917	0.00174	0.29497	0.00410	0.00236	0.00672
7	0.01020	0.00963	0.01447	0.31026	0.02163	0.01255	0.01172	0.01224	0.00954	0.01336	0.01206	0.15631	0.01222	0.00921	0.01103	0.00211	0.35636	0.00663	0.00284	0.00563
8	0.00680	0.00494	0.00643	0.00729	0.00792	0.00457	0.00508	0.00811	0.01137	0.01522	0.16038	0.58283	0.09725	0.01546	0.00674	0.00208	0.00306	0.04479	0.00514	0.00452
9	0.01362	0.01013	0.01313	0.03728	0.01414	0.01023	0.00854	0.01562	0.01101	0.15381	0.01089	0.01271	0.00862	0.00612	0.00836	0.00145	0.24263	0.00409	0.00353	0.41408
10	0.01255	0.00575	0.00635	0.00582	0.00760	0.00552	0.00450	0.01497	0.01200	0.15737	0.01817	0.01970	0.01367	0.00632	0.00405	0.00132	0.00287	0.00507	0.69063	0.00575
11	0.01258	0.01404	0.06772	0.02407	0.29138	0.01383	0.29424	0.01602	0.01149	0.01640	0.00971	0.01330	0.00796	0.00568	0.00829	0.00184	0.17612	0.00530	0.00259	0.00744
12	0.01228	0.28726	0.10377	0.01477	0.04622	0.01491	0.21148	0.01538	0.01155	0.01513	0.01245	0.02022	0.01162	0.00681	0.00615	0.00172	0.06129	0.13738	0.00290	0.00673
13	0.01090	0.01031	0.01440	0.01283	0.01314	0.01381	0.01073	0.01240	0.00944	0.01408	0.06354	0.02249	0.01434	0.01048	0.01500	0.00233	0.60308	0.13798	0.00306	0.00565
14	0.00878	0.07347	0.01265	0.00950	0.01151	0.00779	0.14073	0.01070	0.01181	0.01566	0.21202	0.12300	0.15316	0.17336	0.01043	0.00246	0.00461	0.00907	0.00423	0.00507
15	0.06064	0.05667	0.19200	0.01486	0.15309	0.01145	0.01204	0.10419	0.02920	0.14807	0.03810	0.01905	0.07254	0.00670	0.00525	0.00165	0.00565	0.03640	0.00402	0.02842
16	0.08549	0.32785	0.01937	0.01092	0.03173	0.11286	0.00923	0.14485	0.06232	0.07932	0.03227	0.01209	0.00958	0.00575	0.00487	0.00145	0.03511	0.00399	0.00362	0.00733
17	0.01133	0.13480	0.06863	0.00951	0.02843	0.03388	0.00781	0.04075	0.02798	0.09232	0.04762	0.35522	0.04973	0.01092	0.00572	0.00178	0.00447	0.02315	0.00439	0.04157
18	0.06864	0.12189	0.01264	0.00971	0.01190	0.19542	0.00753	0.04631	0.06384	0.01541	0.01631	0.21532	0.01688	0.06290	0.06956	0.00246	0.00641	0.03043	0.00371	0.02274
19	0.13741	0.02724	0.01297	0.01144	0.06953	0.02265	0.03398	0.11170	0.05349	0.20120	0.08780	0.04083	0.03380	0.00737	0.00597	0.02023	0.03404	0.02091	0.00468	0.06277

[dist]
# distance from previous block
# <min> <max>
10	83

[block]
# block no. 2 follows, 45 sequences, length 11
# corresponding to MSA columns:
# 134-144
name=unknown_C
#
# <colnr> <probs for GDERKNQSTAVLIFYWHMCP>
#	G	D	E	R	K	N	Q	S	T	A	V	L	I	F	Y	W	H	M	C	P
0	0.03666	0.01070	0.03053	0.03940	0.07301	0.06783	0.03457	0.12484	0.01294	0.06094	0.06153	0.01888	0.05624	0.01546	0.17082	0.10397	0.06639	0.00557	0.00362	0.00610
1	0.05870	0.04433	0.08435	0.03518	0.01687	0.22134	0.08339	0.17068	0.01569	0.06315	0.06122	0.06110	0.04690	0.00693	0.00532	0.00162	0.00676	0.00559	0.00390	0.00698
2	0.10567	0.10138	0.01569	0.03456	0.04522	0.03678	0.07765	0.10179	0.14346	0.11077	0.03309	0.03487	0.03877	0.00925	0.06661	0.00221	0.02539	0.00542	0.00417	0.00725
3	0.01435	0.16708	0.12008	0.05812	0.01698	0.09389	0.02827	0.18610	0.01497	0.01959	0.10103	0.01472	0.01273	0.00646	0.00626	0.00158	0.08832	0.00474	0.00353	0.04120
4	0.05261	0.07330	0.09929	0.06977	0.01748	0.12719	0.07392	0.06348	0.06794	0.06154	0.06022	0.03342	0.01183	0.00587	0.00496	0.00147	0.00612	0.00480	0.00358	0.16120
5	0.01213	0.09165	0.07248	0.03252	0.17488	0.05108	0.01054	0.01478	0.02909	0.03989	0.08041	0.04821	0.03464	0.00712	0.00695	0.03388	0.09031	0.00526	0.00328	0.16092
6	0.04542	0.00973	0.01288	0.12647	0.04595	0.01131	0.00950	0.10264	0.03806	0.01770	0.07814	0.12055	0.01574	0.02855	0.04069	0.00220	0.20164	0.00650	0.00365	0.08268
7	0.01120	0.00956	0.01437	0.40694	0.07435	0.01100	0.01193	0.05982	0.01220	0.04557	0.06899	0.02028	0.06736	0.00711	0.00662	0.00178	0.07857	0.03468	0.00334	0.05434
8	0.00959	0.00857	0.01254	0.45134	0.02493	0.00967	0.01077	0.03031	0.05523	0.01566	0.07578	0.02462	0.18266	0.00766	0.00557	0.00172	0.00544	0.00657	0.00352	0.05783
9	0.01014	0.02490	0.03459	0.09267	0.10897	0.00963	0.04578	0.02719	0.08063	0.01925	0.37849	0.02664	0.02911	0.00848	0.00695	0.00175	0.07686	0.00727	0.00445	0.00625
10	0.01288	0.01234	0.02105	0.13204	0.68196	0.01265	0.01627	0.01612	0.01203	0.01704	0.01002	0.01342	0.00833	0.00486	0.00532	0.00162	0.00648	0.00478	0.00262	0.00817

[dist]
# distance from previous block
# <min> <max>
10	36

[block]
# block no. 3 follows, 45 sequences, length 14
# corresponding to MSA columns:
# 181-194
name=unknown_D
#
# <colnr> <probs for GDERKNQSTAVLIFYWHMCP>
#	G	D	E	R	K	N	Q	S	T	A	V	L	I	F	Y	W	H	M	C	P
0	0.01239	0.01194	0.01476	0.08714	0.17729	0.08273	0.01021	0.01484	0.01141	0.01628	0.00929	0.01181	0.00781	0.00497	0.00586	0.00127	0.08664	0.00385	0.00287	0.42665
1	0.06794	0.13519	0.29121	0.01460	0.02049	0.01314	0.20662	0.01727	0.01179	0.08014	0.01044	0.01213	0.00774	0.00489	0.00498	0.00156	0.00701	0.00440	0.00290	0.08557
2	0.00980	0.00914	0.01231	0.01431	0.20329	0.04495	0.04743	0.01204	0.01251	0.01639	0.10398	0.06030	0.29509	0.00945	0.00584	0.00166	0.00453	0.04145	0.00408	0.09144
3	0.09662	0.00932	0.01008	0.00954	0.01190	0.01040	0.00748	0.02069	0.42713	0.02087	0.11852	0.09915	0.02333	0.00937	0.00573	0.00190	0.00400	0.10183	0.00519	0.00694
4	0.01345	0.17165	0.17252	0.05788	0.25038	0.01415	0.15929	0.01715	0.01202	0.06682	0.01035	0.01261	0.00804	0.00491	0.00512	0.00158	0.00699	0.00459	0.00277	0.00775
5	0.01287	0.03624	0.10345	0.03567	0.01827	0.04843	0.18354	0.09208	0.06899	0.04971	0.01238	0.01523	0.00987	0.01322	0.17692	0.00320	0.06078	0.00518	0.00332	0.05064
6	0.00984	0.00592	0.00773	0.00731	0.00829	0.00602	0.00515	0.01098	0.00980	0.11155	0.09396	0.02895	0.01993	0.37815	0.26760	0.00549	0.00780	0.00703	0.00384	0.00469
7	0.00726	0.00532	0.00691	0.00756	0.00852	0.00497	0.00570	0.00901	0.01229	0.01640	0.22993	0.34424	0.13168	0.01442	0.00677	0.00207	0.00331	0.17371	0.00522	0.00470
8	0.01135	0.04864	0.11868	0.21040	0.19275	0.01213	0.16270	0.01508	0.01196	0.01644	0.08107	0.01790	0.01267	0.00604	0.00590	0.00175	0.02575	0.03891	0.00293	0.00695
9	0.01324	0.01433	0.09948	0.11867	0.45121	0.01309	0.10699	0.08469	0.01321	0.01849	0.01033	0.01332	0.00818	0.00501	0.00543	0.00166	0.00691	0.00489	0.00284	0.00805
10	0.00641	0.00517	0.00572	0.00616	0.00744	0.00447	0.00440	0.00762	0.01154	0.01422	0.04557	0.32039	0.51264	0.01474	0.00652	0.00194	0.00286	0.01273	0.00498	0.00447
11	0.00805	0.00548	0.00665	0.00700	0.00735	0.00548	0.00478	0.00874	0.00909	0.01201	0.02017	0.04232	0.02274	0.58587	0.02169	0.00443	0.00513	0.21557	0.00373	0.00373
12	0.03739	0.01226	0.01541	0.01584	0.17266	0.08405	0.06473	0.08122	0.15314	0.13643	0.10104	0.03578	0.03178	0.00698	0.00582	0.00169	0.02568	0.00597	0.00449	0.00765
13	0.01187	0.01987	0.38640	0.07136	0.10182	0.01242	0.23687	0.01683	0.01188	0.04177	0.01094	0.03381	0.00836	0.00527	0.00556	0.00174	0.00782	0.00515	0.00266	0.00760

[dist]
# distance from previous block
# <min> <max>
1	11

[block]
# block no. 4 follows, 45 sequences, length 21
# corresponding to MSA columns:
# 206-226
name=unknown_E
#
# <colnr> <probs for GDERKNQSTAVLIFYWHMCP>
#	G	D	E	R	K	N	Q	S	T	A	V	L	I	F	Y	W	H	M	C	P
0	0.01405	0.01044	0.01410	0.01229	0.03884	0.01093	0.10367	0.05349	0.34531	0.14296	0.06441	0.10998	0.01883	0.00821	0.00582	0.00183	0.00484	0.02713	0.00517	0.00770
1	0.00797	0.00579	0.00773	0.00876	0.00986	0.00563	0.00724	0.00994	0.01181	0.01524	0.03139	0.18550	0.12386	0.04660	0.00797	0.00245	0.00437	0.49827	0.00489	0.00473
2	0.07554	0.18993	0.01696	0.01169	0.01490	0.36694	0.00944	0.04022	0.12242	0.01586	0.01012	0.01113	0.00831	0.00572	0.00518	0.00145	0.04934	0.00376	0.00316	0.03794
3	0.03678	0.00931	0.01039	0.00911	0.01147	0.03287	0.00711	0.18548	0.09209	0.09196	0.27332	0.10164	0.02801	0.04360	0.00680	0.00190	0.00421	0.04195	0.00539	0.00662
4	0.01706	0.09275	0.09000	0.01463	0.06848	0.05115	0.08973	0.31218	0.05639	0.08864	0.01227	0.01314	0.00906	0.00602	0.00597	0.00164	0.05378	0.00476	0.00414	0.00820
5	0.45959	0.06007	0.18568	0.00977	0.01427	0.01302	0.00976	0.12244	0.01223	0.02300	0.02706	0.01138	0.02125	0.00549	0.00415	0.00164	0.00529	0.00372	0.00341	0.00679
6	0.00771	0.00517	0.00588	0.00597	0.00600	0.00514	0.00338	0.00778	0.00799	0.01065	0.01784	0.09151	0.02068	0.75337	0.02583	0.00498	0.00505	0.00835	0.00338	0.00333
7	0.01208	0.12056	0.41910	0.07288	0.02315	0.05772	0.15146	0.01674	0.01156	0.01585	0.00939	0.01171	0.00710	0.00517	0.00570	0.00167	0.04410	0.00432	0.00239	0.00734
8	0.13017	0.04091	0.04402	0.18305	0.03970	0.09005	0.03450	0.21196	0.04054	0.10018	0.01156	0.01294	0.00845	0.00582	0.00526	0.00166	0.02346	0.00446	0.00388	0.00742
9	0.00763	0.00548	0.00720	0.00818	0.00899	0.00530	0.00633	0.00918	0.01107	0.01441	0.02958	0.30809	0.09517	0.11693	0.00967	0.00266	0.00417	0.34070	0.00474	0.00450
10	0.00713	0.00524	0.00680	0.00773	0.00858	0.00491	0.00580	0.00864	0.01146	0.01497	0.08367	0.44416	0.15067	0.01540	0.00688	0.00217	0.00349	0.20269	0.00504	0.00459
11	0.05143	0.03650	0.08097	0.10753	0.14012	0.02813	0.32892	0.01626	0.01193	0.03909	0.01149	0.03268	0.00950	0.00575	0.00628	0.00179	0.04431	0.03736	0.00290	0.00708
12	0.01237	0.04896	0.10067	0.09503	0.13284	0.01365	0.44874	0.01652	0.01203	0.01652	0.01020	0.01362	0.00787	0.00491	0.00635	0.00176	0.04256	0.00552	0.00260	0.00729
13	0.00652	0.00473	0.00616	0.00731	0.00774	0.00437	0.00491	0.00749	0.01044	0.01377	0.03163	0.74550	0.09653	0.01655	0.00681	0.00215	0.00308	0.01494	0.00498	0.00437
14	0.40698	0.05906	0.04637	0.01174	0.07161	0.19553	0.00903	0.10957	0.01298	0.02130	0.00863	0.00992	0.00679	0.00526	0.00417	0.00156	0.00608	0.00346	0.00329	0.00668
15	0.00691	0.00493	0.00665	0.00790	0.00837	0.00468	0.00562	0.00811	0.01064	0.01412	0.02938	0.67725	0.03470	0.01647	0.00695	0.00223	0.00343	0.14221	0.00498	0.00446
16	0.01257	0.01326	0.01568	0.06963	0.04955	0.17636	0.10744	0.01518	0.04350	0.01458	0.04647	0.03200	0.02564	0.06752	0.08377	0.00267	0.17644	0.00553	0.00304	0.03917
17	0.01366	0.04298	0.04678	0.18329	0.04860	0.01406	0.21883	0.15576	0.01382	0.03620	0.01037	0.01331	0.00798	0.00586	0.00736	0.00177	0.12836	0.00505	0.00317	0.04279
18	0.00690	0.00498	0.00665	0.00779	0.00834	0.00473	0.00557	0.00812	0.01064	0.01407	0.03006	0.63044	0.06849	0.01713	0.03261	0.00242	0.00375	0.12794	0.00491	0.00447
19	0.02442	0.00612	0.00749	0.00703	0.00876	0.00548	0.00527	0.01112	0.01287	0.09478	0.29540	0.14200	0.18275	0.07216	0.00773	0.00201	0.00329	0.04131	0.00519	0.06480
20	0.07548	0.03852	0.07761	0.06146	0.01806	0.07018	0.07251	0.32316	0.05934	0.04680	0.03595	0.01361	0.01002	0.00590	0.00512	0.00157	0.00617	0.00471	0.00419	0.06961

[dist]
# distance from previous block
# <min> <max>
0	34

[block]
# block no. 5 follows, 45 sequences, length 23
# corresponding to MSA columns:
# 262-284
name=unknown_F
#
# <colnr> <probs for GDERKNQSTAVLIFYWHMCP>
#	G	D	E	R	K	N	Q	S	T	A	V	L	I	F	Y	W	H	M	C	P
0	0.01740	0.27593	0.05696	0.01175	0.01586	0.14090	0.01040	0.31830	0.03327	0.02173	0.01018	0.01102	0.00800	0.00578	0.00517	0.00147	0.04051	0.00396	0.00368	0.00773
1	0.01731	0.14798	0.14548	0.01275	0.01701	0.37484	0.01149	0.12183	0.01508	0.03499	0.00939	0.01051	0.00740	0.00539	0.00471	0.00141	0.00784	0.00367	0.00308	0.04786
2	0.21013	0.06280	0.20539	0.05072	0.11579	0.06453	0.01171	0.06886	0.01182	0.01859	0.01106	0.06633	0.00983	0.06340	0.00633	0.00190	0.00612	0.00486	0.00308	0.00675
3	0.01455	0.01183	0.01456	0.01567	0.17520	0.01296	0.01046	0.14850	0.38880	0.05240	0.01839	0.02079	0.01461	0.00723	0.00558	0.00179	0.00505	0.06846	0.00486	0.00833
4	0.01001	0.00500	0.00500	0.00500	0.00625	0.00500	0.00375	0.01251	0.01126	0.02001	0.01751	0.02001	0.01376	0.00625	0.00375	0.00125	0.00250	0.00500	0.84115	0.00500
5	0.00717	0.00555	0.00661	0.00676	0.00823	0.00499	0.00527	0.00908	0.01309	0.01694	0.27364	0.08647	0.37628	0.01316	0.00656	0.00191	0.00309	0.14516	0.00527	0.00477
6	0.01722	0.01524	0.01443	0.08698	0.01746	0.18820	0.00971	0.27663	0.09117	0.06561	0.01228	0.01299	0.00918	0.00579	0.00501	0.00146	0.00630	0.00438	0.00419	0.15576
7	0.08220	0.15279	0.08182	0.01086	0.01489	0.01461	0.00980	0.29778	0.04705	0.10229	0.08251	0.01498	0.01273	0.00651	0.00556	0.00160	0.04496	0.00482	0.00444	0.00782
8	0.06626	0.02985	0.10896	0.01100	0.01503	0.08749	0.00978	0.29105	0.01743	0.11323	0.07028	0.05576	0.04589	0.00712	0.00525	0.00160	0.00565	0.00558	0.00460	0.04818
9	0.01390	0.30164	0.09788	0.20017	0.07762	0.07165	0.01211	0.01778	0.07637	0.06765	0.01061	0.01231	0.00832	0.00528	0.00462	0.00150	0.00642	0.00407	0.00295	0.00714
10	0.00713	0.00492	0.00605	0.00672	0.00688	0.00475	0.00417	0.00763	0.00912	0.01216	0.02367	0.44701	0.02804	0.38784	0.01641	0.00359	0.00409	0.01178	0.00417	0.00384
11	0.00716	0.00521	0.00677	0.00712	0.00806	0.00482	0.00517	0.00898	0.01289	0.01763	0.38681	0.34065	0.09781	0.01367	0.00660	0.00194	0.00292	0.05565	0.00542	0.00474
12	0.05458	0.04371	0.05351	0.14244	0.08622	0.04022	0.06994	0.10298	0.05720	0.01753	0.01015	0.01324	0.00831	0.00827	0.04723	0.00220	0.22764	0.00476	0.00303	0.00685
13	0.01124	0.01074	0.01683	0.24032	0.20594	0.01325	0.01326	0.01366	0.00995	0.01422	0.00926	0.01382	0.00810	0.01036	0.09196	0.00266	0.30067	0.00485	0.00249	0.00642
14	0.00740	0.00557	0.00690	0.00684	0.00825	0.00508	0.00531	0.00959	0.01395	0.01876	0.46379	0.04632	0.25176	0.01227	0.00649	0.00184	0.00294	0.11654	0.00551	0.00490
15	0.01433	0.01262	0.01959	0.01722	0.11266	0.01315	0.23998	0.06701	0.34386	0.07595	0.01644	0.01694	0.01222	0.00603	0.00570	0.00177	0.00611	0.00587	0.00435	0.00820
16	0.01196	0.01135	0.05167	0.01221	0.09641	0.00986	0.02649	0.07563	0.04912	0.01844	0.01355	0.01502	0.06405	0.00566	0.00576	0.00127	0.07282	0.00446	0.00342	0.45086
17	0.01229	0.05920	0.01437	0.01107	0.01311	0.05142	0.00906	0.07770	0.01137	0.01616	0.04809	0.01563	0.04298	0.04649	0.01131	0.00188	0.34713	0.00486	0.00315	0.20271
18	0.01339	0.18752	0.12695	0.07010	0.27855	0.08233	0.01350	0.04545	0.01238	0.01622	0.01042	0.01433	0.00898	0.00625	0.02246	0.00168	0.00680	0.04286	0.00277	0.03706
19	0.01159	0.01067	0.01128	0.02488	0.01224	0.09814	0.00784	0.11235	0.01336	0.01749	0.09571	0.14311	0.15297	0.00997	0.00813	0.00178	0.16511	0.00771	0.00411	0.09158
20	0.01195	0.01130	0.05066	0.12174	0.09031	0.04399	0.01024	0.07182	0.03671	0.04405	0.05361	0.06604	0.08347	0.02368	0.00781	0.00177	0.13632	0.00605	0.00360	0.12487
21	0.01519	0.01392	0.09874	0.01342	0.01631	0.01434	0.05598	0.20866	0.01418	0.10772	0.01142	0.03664	0.00921	0.00766	0.01039	0.00194	0.32932	0.00511	0.00374	0.02610
22	0.01241	0.10268	0.15629	0.02945	0.01795	0.05663	0.14670	0.05942	0.01230	0.03328	0.04628	0.06823	0.02736	0.00770	0.00769	0.00184	0.14481	0.05907	0.00325	0.00666

[dist]
# distance from previous block
# <min> <max>
11	129

[block]
# block no. 6 follows, 45 sequences, length 19
# corresponding to MSA columns:
# 432-450
name=unknown_G
#
# <colnr> <probs for GDERKNQSTAVLIFYWHMCP>
#	G	D	E	R	K	N	Q	S	T	A	V	L	I	F	Y	W	H	M	C	P
0	0.00903	0.00667	0.00777	0.00781	0.00907	0.00660	0.00558	0.13875	0.01305	0.01709	0.03031	0.46266	0.16927	0.08007	0.00819	0.00226	0.00370	0.01208	0.00491	0.00513
1	0.12964	0.07917	0.06629	0.16836	0.01985	0.05669	0.01097	0.30667	0.05753	0.03853	0.01123	0.01247	0.00830	0.00579	0.00489	0.00162	0.00613	0.00435	0.00393	0.00759
2	0.01397	0.28881	0.23142	0.05970	0.06176	0.01576	0.04004	0.08690	0.05980	0.05916	0.01060	0.01189	0.00817	0.00535	0.00497	0.00153	0.02541	0.00408	0.00305	0.00763
3	0.01321	0.16206	0.12310	0.24067	0.08599	0.03815	0.01289	0.14480	0.01356	0.01773	0.01132	0.01485	0.02459	0.03023	0.00600	0.00173	0.02657	0.02246	0.00305	0.00704
4	0.01536	0.52565	0.05492	0.01096	0.01487	0.20566	0.01012	0.01714	0.01174	0.01295	0.00772	0.00924	0.00690	0.00524	0.00503	0.00133	0.07287	0.00321	0.00241	0.00669
5	0.00949	0.00694	0.00845	0.00866	0.01004	0.00699	0.00665	0.13961	0.01351	0.01777	0.02847	0.38690	0.10311	0.03863	0.00731	0.00221	0.00407	0.19087	0.00499	0.00532
6	0.00853	0.00668	0.00889	0.00934	0.03301	0.00696	0.02523	0.01228	0.14243	0.01541	0.05500	0.35093	0.05278	0.04814	0.13960	0.02915	0.00562	0.04023	0.00447	0.00531
7	0.01465	0.01411	0.01350	0.02828	0.01422	0.21365	0.00945	0.15750	0.01396	0.04036	0.01351	0.15127	0.01309	0.01151	0.07348	0.00242	0.19868	0.00635	0.00367	0.00633
8	0.00698	0.00526	0.00651	0.00699	0.00808	0.00479	0.00517	0.00860	0.01227	0.01609	0.21622	0.31800	0.25199	0.01425	0.00665	0.00199	0.00307	0.09724	0.00520	0.00465
9	0.01246	0.00572	0.00630	0.00580	0.00755	0.00551	0.00447	0.01489	0.01197	0.15280	0.01815	0.01971	0.01368	0.00632	0.00404	0.00132	0.00286	0.00507	0.69564	0.00572
10	0.01169	0.14991	0.01409	0.00817	0.01291	0.00961	0.00685	0.01396	0.01109	0.01664	0.00918	0.01069	0.00777	0.00408	0.00388	0.00086	0.00428	0.00313	0.00303	0.69818
11	0.00939	0.00713	0.00816	0.00759	0.00950	0.00693	0.00591	0.13988	0.01525	0.02006	0.26064	0.10467	0.29794	0.01193	0.00630	0.00183	0.00344	0.07262	0.00533	0.00552
12	0.00958	0.00551	0.00725	0.00767	0.00877	0.00499	0.00542	0.01075	0.01132	0.14766	0.03013	0.60892	0.09158	0.01478	0.00656	0.00206	0.00334	0.01322	0.00527	0.00521
13	0.00790	0.14589	0.01005	0.00777	0.00883	0.00730	0.00572	0.00897	0.01039	0.01352	0.02573	0.66849	0.03051	0.01469	0.00626	0.00200	0.00357	0.01310	0.00451	0.00480
14	0.10379	0.00846	0.01160	0.14720	0.01573	0.01015	0.00901	0.04544	0.01023	0.07417	0.01216	0.01661	0.01036	0.02173	0.35938	0.00491	0.12507	0.00504	0.00316	0.00579
15	0.01115	0.01588	0.22488	0.18782	0.05242	0.01289	0.20360	0.01517	0.01090	0.01540	0.00985	0.01356	0.00776	0.00802	0.05972	0.00231	0.13437	0.00501	0.00247	0.00681
16	0.00785	0.00516	0.00674	0.00754	0.00834	0.00474	0.00532	0.00904	0.01106	0.06524	0.04961	0.61312	0.10851	0.01555	0.00673	0.00212	0.00327	0.06019	0.00511	0.00475
17	0.01202	0.00762	0.01038	0.02338	0.10607	0.00735	0.00751	0.04140	0.05998	0.17074	0.13245	0.30022	0.07655	0.01108	0.00610	0.00186	0.00394	0.00981	0.00516	0.00640
18	0.02033	0.01460	0.01465	0.01168	0.01557	0.11632	0.00945	0.41971	0.08383	0.19866	0.03081	0.01485	0.01125	0.00653	0.00533	0.00161	0.00589	0.00498	0.00533	0.00861

[dist]
# distance from previous block
# <min> <max>
0	5

[block]
# block no. 7 follows, 45 sequences, length 17
# corresponding to MSA columns:
# 457-473
name=unknown_H
#
# <colnr> <probs for GDERKNQSTAVLIFYWHMCP>
#	G	D	E	R	K	N	Q	S	T	A	V	L	I	F	Y	W	H	M	C	P
0	0.01447	0.11083	0.30089	0.01498	0.02081	0.05882	0.18081	0.08595	0.01351	0.09991	0.01111	0.01251	0.00807	0.00518	0.00518	0.00160	0.00733	0.00454	0.00319	0.04029
1	0.08613	0.04377	0.01489	0.28713	0.02223	0.09566	0.01103	0.18200	0.03829	0.06199	0.01320	0.01506	0.04931	0.00636	0.00579	0.00170	0.05010	0.00484	0.00364	0.00689
2	0.30644	0.03042	0.01237	0.01092	0.05766	0.09253	0.00819	0.16001	0.06757	0.14090	0.01239	0.01357	0.00938	0.04893	0.00575	0.00181	0.00535	0.00431	0.00426	0.00724
3	0.75867	0.01089	0.00879	0.00764	0.01107	0.01255	0.00629	0.09712	0.01090	0.02515	0.00807	0.00918	0.00618	0.00514	0.00355	0.00166	0.00434	0.00312	0.00355	0.00618
4	0.01001	0.00500	0.00500	0.00500	0.00625	0.00500	0.00375	0.01251	0.01126	0.02001	0.01751	0.02001	0.01376	0.00625	0.00375	0.00125	0.00250	0.00500	0.84115	0.00500
5	0.00659	0.00522	0.00569	0.00600	0.00719	0.00458	0.00419	0.00766	0.01115	0.01375	0.04312	0.23722	0.48892	0.12298	0.00933	0.00237	0.00316	0.01183	0.00475	0.00431
6	0.04221	0.24411	0.21473	0.01228	0.01672	0.09745	0.02708	0.01890	0.14278	0.03086	0.01089	0.01205	0.00865	0.00586	0.00601	0.00160	0.09343	0.00409	0.00302	0.00727
7	0.01319	0.01286	0.10210	0.01069	0.03898	0.03585	0.00907	0.14583	0.09742	0.05203	0.01748	0.04220	0.09394	0.00654	0.00499	0.00139	0.00493	0.00530	0.00407	0.30112
8	0.01658	0.22495	0.14082	0.01134	0.01614	0.03803	0.01086	0.27661	0.03435	0.09409	0.03334	0.01278	0.00979	0.00575	0.00476	0.00146	0.00593	0.00427	0.00401	0.05411
9	0.01236	0.01157	0.01140	0.00994	0.01226	0.16041	0.04730	0.13902	0.03531	0.02023	0.28567	0.09623	0.11726	0.00953	0.00590	0.00168	0.00496	0.00807	0.00483	0.00605
10	0.00686	0.00499	0.00612	0.00674	0.00734	0.00462	0.00450	0.00784	0.01061	0.01397	0.10491	0.45374	0.15898	0.17045	0.01070	0.00266	0.00340	0.01260	0.00474	0.00424
11	0.01452	0.05592	0.07675	0.03536	0.01463	0.01026	0.00884	0.16399	0.02559	0.14391	0.02582	0.06403	0.04157	0.01882	0.01586	0.00162	0.00507	0.04035	0.00435	0.23274
12	0.06645	0.17800	0.13703	0.01155	0.01597	0.01352	0.06416	0.09752	0.05504	0.07000	0.03145	0.01533	0.01066	0.00610	0.00557	0.00155	0.05408	0.04383	0.00354	0.11865
13	0.00871	0.00832	0.04899	0.00779	0.00966	0.04922	0.00617	0.07339	0.01307	0.01654	0.09766	0.28750	0.32708	0.01291	0.00627	0.00187	0.00377	0.01108	0.00483	0.00519
14	0.01396	0.39235	0.15711	0.01253	0.01744	0.04645	0.12341	0.05746	0.01236	0.05042	0.01076	0.06328	0.00936	0.00571	0.00464	0.00147	0.00656	0.00464	0.00292	0.00716
15	0.01342	0.01253	0.08985	0.04902	0.04942	0.06892	0.00964	0.14202	0.09045	0.08020	0.15389	0.09259	0.02009	0.05129	0.00747	0.00193	0.04910	0.00680	0.00449	0.00688
16	0.01477	0.01310	0.01281	0.03727	0.01425	0.16174	0.00901	0.14168	0.15010	0.05929	0.01497	0.02043	0.01299	0.08373	0.05160	0.02711	0.09633	0.06811	0.00406	0.00665

[dist]
# distance from previous block
# <min> <max>
3	21

[block]
# block no. 8 follows, 45 sequences, length 70
# corresponding to MSA columns:
# 495-564
name=unknown_I
#
# <colnr> <probs for GDERKNQSTAVLIFYWHMCP>
#	G	D	E	R	K	N	Q	S	T	A	V	L	I	F	Y	W	H	M	C	P
0	0.19133	0.10038	0.13449	0.01591	0.17133	0.03230	0.09700	0.01636	0.01180	0.05685	0.07977	0.01417	0.01149	0.00547	0.00480	0.00158	0.00592	0.00461	0.00323	0.04122
1	0.13894	0.21923	0.11819	0.01534	0.17475	0.07085	0.01175	0.01582	0.01133	0.01645	0.01103	0.01686	0.01014	0.00639	0.00539	0.00164	0.04789	0.09826	0.00290	0.00685
2	0.05657	0.07221	0.20172	0.04490	0.19056	0.03222	0.01362	0.20619	0.06793	0.04641	0.01150	0.01275	0.00863	0.00555	0.00505	0.00162	0.00637	0.00445	0.00358	0.00816
3	0.01516	0.48095	0.04222	0.01014	0.01439	0.03626	0.00943	0.18680	0.03239	0.01812	0.01159	0.01235	0.04715	0.00570	0.00461	0.00135	0.02975	0.00394	0.00326	0.03445
4	0.00906	0.04950	0.20842	0.14588	0.01743	0.00912	0.01090	0.01258	0.03474	0.01521	0.02741	0.03244	0.26679	0.03777	0.00657	0.00195	0.00538	0.09929	0.00366	0.00589
5	0.01248	0.00768	0.01014	0.01073	0.09241	0.00750	0.00710	0.06243	0.03566	0.16757	0.07778	0.12915	0.03865	0.23204	0.01194	0.00279	0.00467	0.07860	0.00469	0.00599
6	0.01313	0.03380	0.01085	0.00927	0.01122	0.00833	0.00736	0.03455	0.03575	0.22599	0.01732	0.10748	0.01510	0.02256	0.34117	0.02631	0.06280	0.00652	0.00423	0.00626
7	0.00760	0.00549	0.00718	0.00675	0.00802	0.00506	0.00506	0.01013	0.01519	0.02153	0.77503	0.04010	0.05065	0.01097	0.00633	0.00169	0.00253	0.00971	0.00591	0.00506
8	0.00932	0.00466	0.00699	0.00699	0.00699	0.00466	0.00466	0.00699	0.00699	0.00932	0.00932	0.01632	0.00932	0.01865	0.02098	0.84382	0.00466	0.00466	0.00233	0.00233
9	0.00699	0.00563	0.00628	0.00629	0.00786	0.00502	0.00472	0.00913	0.04029	0.01643	0.21989	0.11861	0.48205	0.01309	0.00639	0.00184	0.00285	0.03662	0.00522	0.00480
10	0.00767	0.00575	0.00863	0.00863	0.00959	0.00671	0.00671	0.00959	0.00863	0.01246	0.01438	0.02109	0.01342	0.04026	0.79008	0.00863	0.01438	0.00575	0.00288	0.00479
11	0.02217	0.01221	0.01436	0.01101	0.01524	0.01245	0.00909	0.40827	0.02051	0.39222	0.01686	0.01547	0.01112	0.00654	0.00538	0.00163	0.00526	0.00510	0.00598	0.00913
12	0.01223	0.00902	0.00978	0.00853	0.01025	0.00978	0.00609	0.21639	0.14906	0.01895	0.01670	0.02636	0.01612	0.44777	0.01742	0.00362	0.00522	0.00668	0.00423	0.00579
13	0.00835	0.00614	0.00701	0.00697	0.00852	0.00571	0.00511	0.05414	0.03931	0.04749	0.10721	0.27907	0.36266	0.02863	0.00677	0.00196	0.00319	0.01151	0.00514	0.00510
14	0.02115	0.01313	0.01484	0.01146	0.01565	0.01390	0.00944	0.50820	0.05797	0.25407	0.01577	0.01482	0.01070	0.00654	0.00538	0.00164	0.00543	0.00506	0.00575	0.00910
15	0.00703	0.00546	0.00639	0.00616	0.00767	0.00482	0.00462	0.00903	0.01385	0.01833	0.44742	0.04535	0.38026	0.01217	0.00634	0.00174	0.00262	0.01044	0.00549	0.00482
16	0.00722	0.00511	0.00606	0.00649	0.00693	0.00487	0.00418	0.00789	0.00965	0.01265	0.05523	0.28653	0.13046	0.38825	0.01637	0.00354	0.00408	0.03637	0.00421	0.00391
17	0.35087	0.00919	0.00993	0.00824	0.01172	0.00917	0.00671	0.02002	0.01242	0.39723	0.01773	0.06575	0.04570	0.00693	0.00470	0.00170	0.00423	0.00529	0.00514	0.00731
18	0.00948	0.00541	0.00628	0.00597	0.00737	0.00514	0.00451	0.01193	0.01315	0.05442	0.34203	0.02961	0.05607	0.00854	0.00502	0.00148	0.00261	0.00725	0.41855	0.00520
19	0.37489	0.01304	0.01259	0.01009	0.01397	0.01468	0.00833	0.44170	0.01835	0.02966	0.01057	0.01111	0.00771	0.00582	0.00449	0.00163	0.00516	0.00401	0.00449	0.00771
20	0.00650	0.00498	0.00592	0.00666	0.00753	0.00445	0.00459	0.00757	0.01096	0.01392	0.03871	0.49935	0.31743	0.03620	0.00719	0.00212	0.00302	0.01357	0.00494	0.00440
21	0.00829	0.00484	0.00561	0.00622	0.00701	0.00469	0.00436	0.01002	0.01077	0.01690	0.02348	0.40923	0.02450	0.01147	0.00528	0.00171	0.00280	0.01007	0.42806	0.00469
22	0.84927	0.01038	0.00789	0.00706	0.01038	0.01204	0.00581	0.01578	0.00914	0.02408	0.00747	0.00872	0.00581	0.00498	0.00332	0.00166	0.00415	0.00291	0.00332	0.00581
23	0.00654	0.00467	0.00623	0.00747	0.00779	0.00436	0.00498	0.00747	0.01028	0.01370	0.02959	0.80785	0.03550	0.01682	0.00685	0.00218	0.00311	0.01526	0.00498	0.00436
24	0.00716	0.00516	0.00667	0.00700	0.00783	0.00480	0.00496	0.00884	0.01257	0.01727	0.38073	0.34658	0.07452	0.06398	0.00789	0.00213	0.00300	0.02897	0.00531	0.00464
25	0.84927	0.01038	0.00789	0.00706	0.01038	0.01204	0.00581	0.01578	0.00914	0.02408	0.00747	0.00872	0.00581	0.00498	0.00332	0.00166	0.00415	0.00291	0.00332	0.00581
26	0.00760	0.00549	0.00718	0.00675	0.00802	0.00506	0.00506	0.01013	0.01519	0.02153	0.77503	0.04010	0.05065	0.01097	0.00633	0.00169	0.00253	0.00971	0.00591	0.00506
27	0.02096	0.00844	0.01146	0.00902	0.01263	0.00735	0.00735	0.02312	0.01533	0.63755	0.16403	0.02241	0.02037	0.00746	0.00557	0.00167	0.00418	0.00621	0.00650	0.00836
28	0.00698	0.00546	0.00632	0.00610	0.00764	0.00480	0.00458	0.00893	0.01373	0.01806	0.41901	0.04581	0.40884	0.01227	0.00634	0.00175	0.00262	0.01051	0.00545	0.00480
29	0.00634	0.00544	0.00544	0.00544	0.00725	0.00453	0.00408	0.00770	0.01224	0.01450	0.05438	0.05166	0.77569	0.01359	0.00634	0.00181	0.00272	0.01133	0.00498	0.00453
30	0.01113	0.00954	0.01113	0.00795	0.01272	0.00716	0.00636	0.01352	0.01113	0.01749	0.00954	0.01113	0.00795	0.00398	0.00398	0.00080	0.00398	0.00318	0.00318	0.84417
31	0.00845	0.00516	0.00551	0.00550	0.00623	0.00504	0.00359	0.00962	0.00984	0.01480	0.03854	0.03164	0.11494	0.38741	0.01527	0.00320	0.00381	0.00724	0.32009	0.00412
32	0.00865	0.00618	0.00865	0.00989	0.01112	0.00618	0.00865	0.01112	0.01236	0.01606	0.02842	0.06055	0.03089	0.01483	0.00741	0.00247	0.00494	0.74174	0.00494	0.00494
33	0.24714	0.23589	0.27124	0.01117	0.01629	0.10662	0.01191	0.01693	0.01106	0.01734	0.00828	0.00967	0.00656	0.00498	0.00412	0.00150	0.00649	0.00331	0.00263	0.00686
34	0.01666	0.01374	0.01873	0.05690	0.36876	0.01464	0.01331	0.38366	0.01859	0.02542	0.01145	0.01313	0.00875	0.00563	0.00534	0.00161	0.00618	0.00481	0.00399	0.00870
35	0.01093	0.01059	0.01642	0.43714	0.04986	0.01390	0.01359	0.01346	0.00970	0.01349	0.00848	0.01317	0.00715	0.00708	0.01064	0.00202	0.34926	0.00474	0.00238	0.00600
36	0.00774	0.00548	0.00725	0.00725	0.00773	0.00596	0.00499	0.00870	0.00822	0.01144	0.01564	0.02807	0.01645	0.42353	0.41095	0.00693	0.00982	0.00677	0.00306	0.00403
37	0.00767	0.00575	0.00863	0.00863	0.00959	0.00671	0.00671	0.00959	0.00863	0.01246	0.01438	0.02109	0.01342	0.04026	0.79008	0.00863	0.01438	0.00575	0.00288	0.00479
38	0.01286	0.01295	0.02050	0.02422	0.39284	0.03943	0.08567	0.01536	0.01085	0.01562	0.00896	0.01270	0.00787	0.00652	0.01004	0.00189	0.30698	0.00486	0.00255	0.00731
39	0.01037	0.00977	0.01425	0.01249	0.01300	0.01300	0.03441	0.01191	0.00851	0.01290	0.00969	0.01505	0.00928	0.01986	0.28302	0.00449	0.50481	0.00511	0.00254	0.00555
40	0.00951	0.00604	0.00704	0.00646	0.00849	0.00522	0.00496	0.01132	0.01357	0.13805	0.25410	0.04308	0.44864	0.01175	0.00619	0.00175	0.00296	0.00993	0.00551	0.00541
41	0.00643	0.00508	0.00580	0.00638	0.00750	0.00445	0.00450	0.00760	0.01133	0.01413	0.04291	0.40134	0.43340	0.01508	0.00658	0.00198	0.00290	0.01315	0.00498	0.00445
42	0.01267	0.01448	0.03167	0.02262	0.02805	0.01357	0.75837	0.01719	0.01267	0.01719	0.01086	0.01448	0.00814	0.00452	0.00633	0.00181	0.00905	0.00633	0.00271	0.00724
43	0.00775	0.00544	0.00704	0.00704	0.00745	0.00585	0.00473	0.00857	0.00816	0.01129	0.01583	0.02912	0.01691	0.48157	0.35353	0.00667	0.00913	0.00693	0.00309	0.00391
44	0.00662	0.00471	0.00620	0.00737	0.00766	0.00442	0.00487	0.00750	0.01011	0.01348	0.02874	0.75619	0.03443	0.06994	0.00822	0.00238	0.00325	0.01476	0.00487	0.00429
45	0.00760	0.00549	0.00718	0.00675	0.00802	0.00506	0.00506	0.01013	0.01519	0.02153	0.77503	0.04010	0.05065	0.01097	0.00633	0.00169	0.00253	0.00971	0.00591	0.00506
46	0.02316	0.01062	0.01337	0.01025	0.01444	0.01009	0.00847	0.21040	0.01784	0.59385	0.01910	0.01692	0.01224	0.00659	0.00539	0.00165	0.00490	0.00526	0.00632	0.00913
47	0.00654	0.00467	0.00623	0.00747	0.00779	0.00436	0.00498	0.00747	0.01028	0.01370	0.02959	0.80785	0.03550	0.01682	0.00685	0.00218	0.00311	0.01526	0.00498	0.00436
48	0.02408	0.00914	0.01246	0.00955	0.01370	0.00789	0.00789	0.02616	0.01536	0.78158	0.02118	0.01827	0.01329	0.00664	0.00540	0.00166	0.00457	0.00540	0.00664	0.00914
49	0.00735	0.00548	0.00683	0.00649	0.00787	0.00496	0.00487	0.00965	0.01461	0.02015	0.63357	0.04237	0.19298	0.01149	0.00633	0.00171	0.00257	0.01003	0.00573	0.00496
50	0.84927	0.01038	0.00789	0.00706	0.01038	0.01204	0.00581	0.01578	0.00914	0.02408	0.00747	0.00872	0.00581	0.00498	0.00332	0.00166	0.00415	0.00291	0.00332	0.00581
51	0.01335	0.01153	0.01214	0.01092	0.01396	0.01335	0.00850	0.02852	0.76817	0.02245	0.02185	0.02003	0.01639	0.00728	0.00546	0.00182	0.00425	0.00607	0.00546	0.00850
52	0.00758	0.00542	0.00742	0.00867	0.00943	0.00526	0.00679	0.00928	0.01130	0.01487	0.02901	0.43866	0.03323	0.01583	0.00713	0.00232	0.00402	0.37416	0.00496	0.00465
53	0.01356	0.00886	0.00963	0.00862	0.01118	0.00958	0.00672	0.02232	0.39095	0.12796	0.02114	0.02059	0.03454	0.00701	0.00491	0.00161	0.00367	0.00575	0.28408	0.00732
54	0.81752	0.01018	0.00778	0.00698	0.01022	0.01178	0.00574	0.01566	0.00922	0.02393	0.00785	0.00915	0.00611	0.00503	0.00334	0.00165	0.00409	0.00299	0.03502	0.00578
55	0.01410	0.78398	0.02739	0.00916	0.01362	0.02069	0.00909	0.01583	0.01082	0.01262	0.00772	0.00908	0.00714	0.00594	0.03321	0.00143	0.00607	0.00298	0.00232	0.00681
56	0.02408	0.00914	0.01246	0.00955	0.01370	0.00789	0.00789	0.02616	0.01536	0.78158	0.02118	0.01827	0.01329	0.00664	0.00540	0.00166	0.00457	0.00540	0.00664	0.00914
57	0.00654	0.00467	0.00623	0.00747	0.00779	0.00436	0.00498	0.00747	0.01028	0.01370	0.02959	0.80785	0.03550	0.01682	0.00685	0.00218	0.00311	0.01526	0.00498	0.00436
58	0.00654	0.00467	0.00623	0.00747	0.00779	0.00436	0.00498	0.00747	0.01028	0.01370	0.02959	0.80785	0.03550	0.01682	0.00685	0.00218	0.00311	0.01526	0.00498	0.00436
59	0.01174	0.01174	0.01644	0.01409	0.01409	0.01644	0.01174	0.01292	0.00822	0.01292	0.00705	0.01174	0.00705	0.00940	0.01762	0.00235	0.80153	0.00470	0.00235	0.00587
60	0.00654	0.00467	0.00623	0.00747	0.00779	0.00436	0.00498	0.00747	0.01028	0.01370	0.02959	0.80785	0.03550	0.01682	0.00685	0.00218	0.00311	0.01526	0.00498	0.00436
61	0.00684	0.00489	0.00658	0.00782	0.00826	0.00462	0.00551	0.00800	0.01058	0.01404	0.02942	0.70073	0.03484	0.01653	0.00693	0.00222	0.00338	0.11939	0.00498	0.00444
62	0.01113	0.00954	0.01113	0.00795	0.01272	0.00716	0.00636	0.01352	0.01113	0.01749	0.00954	0.01113	0.00795	0.00398	0.00398	0.00080	0.00398	0.00318	0.00318	0.84417
63	0.01174	0.01174	0.01644	0.01409	0.01409	0.01644	0.01174	0.01292	0.00822	0.01292	0.00705	0.01174	0.00705	0.00940	0.01762	0.00235	0.80153	0.00470	0.00235	0.00587
64	0.02227	0.01205	0.01426	0.01093	0.01516	0.01222	0.00903	0.38868	0.02024	0.41217	0.01708	0.01561	0.01123	0.00655	0.00538	0.00164	0.00523	0.00512	0.00601	0.00913
65	0.00761	0.00543	0.00745	0.00869	0.00947	0.00528	0.00684	0.00932	0.01133	0.01490	0.02900	0.42974	0.03317	0.01581	0.00714	0.00233	0.00404	0.38283	0.00496	0.00465
66	0.01580	0.00729	0.00993	0.00908	0.01152	0.00660	0.00732	0.01767	0.01326	0.39358	0.02474	0.19940	0.02284	0.03530	0.00690	0.00209	0.00437	0.19973	0.00574	0.00684
67	0.44536	0.01174	0.01088	0.00883	0.01265	0.03239	0.00722	0.20217	0.01396	0.06410	0.00988	0.01066	0.00739	0.00529	0.00408	0.00150	0.00473	0.00357	0.00397	0.13963
68	0.01348	0.03695	0.02207	0.01618	0.02034	0.01294	0.37862	0.18058	0.07848	0.02048	0.01633	0.06772	0.05970	0.04250	0.00693	0.00192	0.00691	0.00682	0.00383	0.00722
69	0.03959	0.27745	0.01735	0.01001	0.01330	0.03491	0.00854	0.22337	0.07510	0.02004	0.01614	0.13529	0.04863	0.00802	0.00538	0.00161	0.03117	0.02304	0.00405	0.00702

[dist]
# distance from previous block
# <min> <max>
1	10

[block]
# block no. 9 follows, 45 sequences, length 38
# corresponding to MSA columns:
# 575-612
name=unknown_J
#
# <colnr> <probs for GDERKNQSTAVLIFYWHMCP>
#	G	D	E	R	K	N	Q	S	T	A	V	L	I	F	Y	W	H	M	C	P
0	0.01284	0.23188	0.04832	0.20288	0.09712	0.01558	0.13889	0.05315	0.04127	0.01576	0.00966	0.01248	0.00782	0.00547	0.00620	0.00164	0.08481	0.00454	0.00271	0.00700
1	0.26445	0.01538	0.04955	0.01117	0.01472	0.19112	0.03919	0.10757	0.13924	0.07248	0.01256	0.01406	0.00971	0.00609	0.00475	0.00165	0.00608	0.02915	0.00399	0.00710
2	0.00865	0.00618	0.00865	0.00989	0.01112	0.00618	0.00865	0.01112	0.01236	0.01606	0.02842	0.06055	0.03089	0.01483	0.00741	0.00247	0.00494	0.74174	0.00494	0.00494
3	0.00816	0.00647	0.00761	0.00801	0.00971	0.00627	0.00658	0.01161	0.10034	0.01611	0.03932	0.05184	0.36386	0.01340	0.00671	0.00210	0.00386	0.32786	0.00502	0.00517
4	0.00823	0.00635	0.00860	0.00897	0.00986	0.02262	0.00708	0.01001	0.00991	0.01349	0.01981	0.12448	0.02088	0.08180	0.38307	0.00554	0.04039	0.21046	0.00370	0.00475
5	0.01278	0.01224	0.02087	0.15613	0.65864	0.01262	0.01622	0.01603	0.01198	0.01692	0.01001	0.01345	0.00829	0.00488	0.00532	0.00163	0.00650	0.00478	0.00261	0.00809
6	0.84927	0.01038	0.00789	0.00706	0.01038	0.01204	0.00581	0.01578	0.00914	0.02408	0.00747	0.00872	0.00581	0.00498	0.00332	0.00166	0.00415	0.00291	0.00332	0.00581
7	0.00654	0.00467	0.00623	0.00747	0.00779	0.00436	0.00498	0.00747	0.01028	0.01370	0.02959	0.80785	0.03550	0.01682	0.00685	0.00218	0.00311	0.01526	0.00498	0.00436
8	0.31794	0.00932	0.01018	0.00842	0.01186	0.00943	0.00686	0.02073	0.06507	0.36845	0.10411	0.01750	0.01517	0.00660	0.00477	0.00168	0.00416	0.00505	0.00528	0.00742
9	0.01761	0.00752	0.00926	0.00762	0.01048	0.00695	0.00612	0.04973	0.01392	0.40912	0.01919	0.01884	0.01333	0.00646	0.00466	0.00147	0.00369	0.00520	0.38156	0.00728
10	0.00878	0.00567	0.00761	0.00783	0.00903	0.00531	0.00600	0.01079	0.01316	0.07698	0.34032	0.27072	0.03916	0.01317	0.00664	0.00199	0.00336	0.16284	0.00549	0.00515
11	0.35790	0.00843	0.00827	0.00788	0.01002	0.00914	0.00597	0.10040	0.01163	0.04500	0.01767	0.32620	0.01873	0.04252	0.00600	0.00200	0.00401	0.00829	0.00432	0.00563
12	0.84927	0.01038	0.00789	0.00706	0.01038	0.01204	0.00581	0.01578	0.00914	0.02408	0.00747	0.00872	0.00581	0.00498	0.00332	0.00166	0.00415	0.00291	0.00332	0.00581
13	0.00634	0.00544	0.00544	0.00544	0.00725	0.00453	0.00408	0.00770	0.01224	0.01450	0.05438	0.05166	0.77569	0.01359	0.00634	0.00181	0.00272	0.01133	0.00498	0.00453
14	0.00706	0.00547	0.00643	0.00619	0.00769	0.00484	0.00464	0.00909	0.01393	0.01852	0.46700	0.04504	0.36056	0.01209	0.00634	0.00174	0.00261	0.01040	0.00551	0.00484
15	0.00781	0.00520	0.00585	0.00585	0.00585	0.00520	0.00325	0.00781	0.00781	0.01041	0.01691	0.03513	0.01952	0.81135	0.02732	0.00520	0.00520	0.00781	0.00325	0.00325
16	0.00781	0.00520	0.00585	0.00585	0.00585	0.00520	0.00325	0.00781	0.00781	0.01041	0.01691	0.03513	0.01952	0.81135	0.02732	0.00520	0.00520	0.00781	0.00325	0.00325
17	0.00768	0.00571	0.00841	0.00841	0.00930	0.00659	0.00644	0.00945	0.00856	0.01230	0.01457	0.02218	0.01389	0.10003	0.73096	0.00836	0.01367	0.00591	0.00290	0.00467
18	0.00883	0.00568	0.00691	0.00667	0.00766	0.00536	0.00467	0.01009	0.01141	0.07101	0.24350	0.03941	0.11835	0.35881	0.01547	0.00329	0.00406	0.06969	0.00462	0.00450
19	0.01079	0.00862	0.00989	0.00974	0.01165	0.00950	0.00771	0.01903	0.37807	0.01825	0.02338	0.03681	0.02203	0.13934	0.00967	0.00260	0.00465	0.26695	0.00492	0.00639
20	0.01077	0.02777	0.78354	0.01530	0.02323	0.01247	0.01983	0.01700	0.01133	0.01700	0.00963	0.01133	0.00680	0.00510	0.00510	0.00170	0.00793	0.00397	0.00227	0.00793
21	0.01086	0.01053	0.01625	0.44602	0.02669	0.01396	0.01349	0.01336	0.00960	0.01336	0.00842	0.01316	0.00711	0.00718	0.01087	0.00204	0.36409	0.00474	0.00237	0.00592
22	0.17323	0.00757	0.00830	0.00730	0.00937	0.00751	0.00535	0.03984	0.01120	0.21711	0.02045	0.05786	0.09313	0.30408	0.01324	0.00300	0.00452	0.00680	0.00448	0.00567
23	0.00672	0.00487	0.00639	0.00754	0.00806	0.00454	0.00526	0.00783	0.01062	0.01399	0.03140	0.67945	0.09244	0.01638	0.00686	0.00218	0.00325	0.08279	0.00498	0.00443
24	0.01299	0.01134	0.01176	0.01061	0.01347	0.03325	0.00823	0.02662	0.67781	0.02212	0.09182	0.02163	0.01933	0.00758	0.00553	0.00180	0.00423	0.00634	0.00543	0.00812
