[name]
unknown

[dist]
# distance from previous block
# <min> <max>
0	486

[block]
# block no. 0 follows, 45 sequences, length 9
# corresponding to MSA columns:
# 1230-1238
name=unknown_A
#
# <colnr> <probs for GDERKNQSTAVLIFYWHMCP>
#	G	D	E	R	K	N	Q	S	T	A	V	L	I	F	Y	W	H	M	C	P
0	0.00898	0.00762	0.01193	0.01269	0.09323	0.00729	0.09823	0.01144	0.01225	0.01587	0.03057	0.08346	0.20221	0.01233	0.00678	0.00213	0.00497	0.36811	0.00445	0.00547
1	0.01245	0.00767	0.00912	0.00804	0.01006	0.00766	0.00600	0.04791	0.15358	0.16913	0.24051	0.03028	0.06228	0.19871	0.01091	0.00254	0.00404	0.00760	0.00528	0.00622
2	0.01317	0.46984	0.07790	0.00962	0.01346	0.10903	0.00915	0.01538	0.01247	0.01512	0.18931	0.01639	0.01724	0.00625	0.00442	0.00135	0.00562	0.00464	0.00321	0.00646
3	0.01392	0.02336	0.60113	0.01394	0.02098	0.01138	0.01701	0.01917	0.01229	0.19788	0.01236	0.01297	0.00833	0.00547	0.00517	0.00169	0.00714	0.00431	0.00330	0.00822
4	0.01187	0.01075	0.01328	0.18513	0.10953	0.05791	0.01020	0.03839	0.26850	0.01947	0.19487	0.02190	0.02076	0.00731	0.00559	0.00172	0.00511	0.00630	0.00439	0.00701
5	0.01297	0.01158	0.01316	0.01167	0.01399	0.01408	0.00926	0.02483	0.58839	0.02020	0.01835	0.01807	0.01418	0.00778	0.00834	0.00195	0.19286	0.00574	0.00473	0.00788
6	0.01478	0.00979	0.01176	0.00861	0.01320	0.00793	0.00697	0.06385	0.01303	0.19929	0.01251	0.01293	0.00929	0.00476	0.00440	0.00105	0.00424	0.00381	0.00414	0.59366
7	0.00677	0.00493	0.00644	0.00755	0.00813	0.00460	0.00533	0.00794	0.01073	0.01407	0.03207	0.63810	0.11329	0.01624	0.00687	0.00218	0.00329	0.10206	0.00498	0.00445
8	0.01315	0.01149	0.01132	0.01019	0.01277	0.08537	0.00780	0.04218	0.48444	0.04114	0.14472	0.02309	0.02109	0.05869	0.00693	0.00196	0.00459	0.00648	0.00517	0.00741

[dist]
# distance from previous block
# <min> <max>
1	18

[block]
# block no. 1 follows, 45 sequences, length 13
# corresponding to MSA columns:
# 1262-1274
name=unknown_B
#
# <colnr> <probs for GDERKNQSTAVLIFYWHMCP>
#	G	D	E	R	K	N	Q	S	T	A	V	L	I	F	Y	W	H	M	C	P
0	0.08034	0.05851	0.01203	0.00941	0.01246	0.06404	0.00748	0.11394	0.11666	0.01888	0.01370	0.06486	0.01205	0.03091	0.16286	0.00293	0.00684	0.00515	0.00377	0.20320
1	0.03867	0.01246	0.01901	0.06391	0.01989	0.01274	0.24618	0.23215	0.08391	0.05592	0.03574	0.04580	0.02490	0.00641	0.00566	0.00169	0.00632	0.01844	0.00418	0.06602
2	0.57124	0.01140	0.01042	0.05826	0.01361	0.01310	0.00748	0.17738	0.05432	0.02545	0.00956	0.01059	0.00719	0.00545	0.00401	0.00167	0.00473	0.00361	0.00382	0.00669
3	0.01245	0.01181	0.01162	0.00951	0.01315	0.12236	0.00743	0.01729	0.16846	0.01725	0.01253	0.01403	0.01024	0.00948	0.10391	0.00208	0.00618	0.00415	0.00355	0.44254
4	0.01373	0.06644	0.09414	0.00990	0.01331	0.01103	0.00882	0.24461	0.04479	0.07829	0.32553	0.02423	0.02631	0.00808	0.00561	0.00163	0.00457	0.00669	0.00515	0.00716
5	0.00972	0.00879	0.01288	0.10014	0.01464	0.01154	0.00983	0.01151	0.00869	0.01280	0.01063	0.01625	0.00993	0.02286	0.36463	0.00512	0.35687	0.00518	0.00259	0.00540
6	0.01076	0.00860	0.01342	0.01116	0.01291	0.00929	0.11665	0.01310	0.01280	0.08652	0.35721	0.08030	0.02941	0.00966	0.00904	0.00190	0.19883	0.00799	0.00458	0.00590
7	0.00751	0.00544	0.00683	0.00716	0.00741	0.00558	0.00471	0.00821	0.00954	0.01296	0.08969	0.35970	0.02823	0.35160	0.01617	0.00343	0.05671	0.01091	0.00416	0.00406
8	0.01261	0.01117	0.01563	0.01800	0.31127	0.00999	0.01057	0.06603	0.01253	0.01863	0.00999	0.01209	0.00825	0.00446	0.00459	0.00116	0.00504	0.00392	0.00313	0.46094
9	0.57548	0.01148	0.01016	0.00853	0.01213	0.01296	0.00700	0.18806	0.05454	0.02595	0.00960	0.01041	0.00725	0.00540	0.00394	0.00162	0.00455	0.00354	0.00391	0.04349
10	0.28701	0.01080	0.01358	0.08363	0.08615	0.01360	0.01019	0.01404	0.00915	0.01707	0.00818	0.01174	0.00721	0.00919	0.06171	0.00242	0.34137	0.00419	0.00274	0.00604
11	0.00959	0.01694	0.38409	0.01185	0.01661	0.00926	0.05954	0.01381	0.01236	0.01793	0.26217	0.02312	0.02249	0.07937	0.00754	0.00199	0.00584	0.00632	0.00361	0.03557
12	0.01733	0.01364	0.01440	0.01129	0.01540	0.03579	0.00916	0.46248	0.15841	0.02804	0.01376	0.01377	0.01017	0.00610	0.00511	0.00149	0.00534	0.00470	0.00490	0.16873

[dist]
# distance from previous block
# <min> <max>
4	7

[block]
# block no. 2 follows, 45 sequences, length 32
# corresponding to MSA columns:
# 1282-1313
name=unknown_C
#
# <colnr> <probs for GDERKNQSTAVLIFYWHMCP>
#	G	D	E	R	K	N	Q	S	T	A	V	L	I	F	Y	W	H	M	C	P
0	0.01357	0.01447	0.02476	0.02661	0.39613	0.08006	0.29771	0.01703	0.01249	0.01684	0.01011	0.01337	0.00817	0.00494	0.00617	0.00169	0.04026	0.00526	0.00268	0.00772
1	0.01069	0.00658	0.00864	0.00858	0.01019	0.00634	0.00693	0.04379	0.01347	0.11974	0.20962	0.09464	0.04718	0.08106	0.00845	0.00234	0.00420	0.30677	0.00528	0.00552
2	0.01272	0.01309	0.02080	0.26851	0.33143	0.07961	0.13290	0.01601	0.01193	0.01573	0.00977	0.01342	0.00783	0.00517	0.00594	0.00170	0.03876	0.00491	0.00258	0.00721
3	0.01286	0.01394	0.02577	0.10309	0.02597	0.04952	0.51065	0.01904	0.14696	0.01757	0.01255	0.01522	0.00945	0.00515	0.00601	0.00179	0.00802	0.00599	0.00317	0.00728
4	0.00759	0.00511	0.00592	0.00613	0.00618	0.00506	0.00354	0.00775	0.00822	0.01096	0.01905	0.16512	0.02220	0.67769	0.02388	0.00470	0.00485	0.00906	0.00354	0.00344
5	0.01267	0.01448	0.03167	0.02262	0.02805	0.01357	0.75837	0.01719	0.01267	0.01719	0.01086	0.01448	0.00814	0.00452	0.00633	0.00181	0.00905	0.00633	0.00271	0.00724
6	0.00964	0.00503	0.00543	0.00543	0.00645	0.00507	0.00394	0.01146	0.01044	0.01784	0.01656	0.02103	0.01383	0.07829	0.04541	0.07927	0.00351	0.00525	0.65154	0.00460
7	0.00972	0.00491	0.00561	0.00561	0.00645	0.00491	0.00399	0.01073	0.00989	0.01655	0.01513	0.01957	0.01272	0.04281	0.00967	0.24360	0.00323	0.00502	0.56571	0.00416
8	0.00682	0.00541	0.00620	0.00663	0.00803	0.00479	0.00506	0.00833	0.01199	0.01490	0.07529	0.20244	0.47512	0.01433	0.00662	0.00199	0.00316	0.13329	0.00502	0.00459
9	0.34121	0.00764	0.00703	0.00651	0.00870	0.00834	0.00509	0.01481	0.05276	0.05359	0.01326	0.01517	0.01038	0.00689	0.00523	0.07394	0.00352	0.00423	0.35624	0.00547
10	0.01239	0.00883	0.00982	0.00873	0.01128	0.00906	0.00680	0.14888	0.18502	0.09910	0.06537	0.12735	0.25039	0.01048	0.00596	0.00182	0.00391	0.02271	0.00537	0.00673
11	0.16335	0.01116	0.01188	0.01009	0.01356	0.01224	0.00807	0.10336	0.38642	0.19497	0.01822	0.01689	0.01306	0.00665	0.00506	0.00173	0.00448	0.00523	0.00534	0.00824
12	0.00714	0.00531	0.00586	0.00587	0.00675	0.00488	0.00387	0.00803	0.01056	0.01351	0.12294	0.07647	0.32448	0.36352	0.01557	0.00330	0.00380	0.00976	0.00433	0.00403
13	0.00708	0.00522	0.00637	0.00685	0.00772	0.00483	0.00487	0.00838	0.01137	0.01489	0.15570	0.30502	0.21202	0.14078	0.00994	0.00252	0.00344	0.08377	0.00486	0.00440
14	0.21900	0.00879	0.00955	0.00830	0.01100	0.00908	0.00655	0.11398	0.04521	0.16704	0.19248	0.11604	0.05435	0.00874	0.00532	0.00174	0.00391	0.00716	0.00517	0.00659
15	0.01377	0.00725	0.00870	0.00740	0.01016	0.00636	0.00587	0.04655	0.01422	0.30661	0.10204	0.03638	0.39216	0.01043	0.00594	0.00174	0.00354	0.00867	0.00571	0.00652
16	0.00754	0.00534	0.00628	0.00612	0.00682	0.00506	0.00402	0.00863	0.01106	0.01496	0.29498	0.03911	0.13110	0.41714	0.01698	0.00349	0.00391	0.00896	0.00444	0.00408
17	0.02815	0.00593	0.00698	0.00660	0.00809	0.00540	0.00474	0.01090	0.01206	0.11844	0.19652	0.10924	0.25933	0.19106	0.01090	0.00256	0.00355	0.00956	0.00499	0.00499
18	0.01306	0.00712	0.00886	0.00813	0.01039	0.00660	0.00626	0.01611	0.09161	0.26439	0.07953	0.22474	0.18607	0.01137	0.00612	0.00188	0.00366	0.04203	0.00563	0.00645
19	0.07912	0.00957	0.01228	0.00956	0.01361	0.00878	0.00787	0.05425	0.05175	0.66450	0.01996	0.01750	0.01277	0.00655	0.00526	0.00167	0.00458	0.00524	0.00631	0.00888
20	0.00664	0.00493	0.00619	0.00697	0.00771	0.00449	0.00481	0.00786	0.01131	0.01488	0.13093	0.55577	0.18709	0.01541	0.00668	0.00204	0.00296	0.01375	0.00510	0.00449
21	0.09622	0.00579	0.00592	0.00595	0.00757	0.00545	0.00444	0.00964	0.01182	0.01718	0.12227	0.13994	0.38050	0.01153	0.00564	0.00173	0.00286	0.00967	0.15111	0.00479
22	0.00815	0.00555	0.00644	0.00654	0.00807	0.00482	0.00477	0.00950	0.01205	0.08725	0.07824	0.28779	0.43361	0.01383	0.00641	0.00191	0.00301	0.01194	0.00519	0.00494
23	0.02074	0.01029	0.01268	0.00998	0.01378	0.01004	0.00815	0.18941	0.08223	0.47278	0.07856	0.01897	0.01557	0.00699	0.00544	0.00166	0.00464	0.00566	0.02377	0.00867
24	0.00674	0.00508	0.00616	0.00668	0.00758	0.00463	0.00466	0.00799	0.01133	0.01475	0.13627	0.40031	0.26150	0.06765	0.03098	0.00239	0.00338	0.01255	0.00493	0.00445
25	0.01492	0.00870	0.01037	0.00871	0.01125	0.00880	0.00686	0.19824	0.04957	0.18265	0.20564	0.03863	0.02184	0.00905	0.00699	0.08517	0.00408	0.00644	0.11531	0.00677
26	0.00726	0.00525	0.00689	0.00727	0.00784	0.00541	0.00503	0.00831	0.00919	0.01244	0.02285	0.26704	0.08173	0.24151	0.28162	0.00519	0.00753	0.00965	0.00379	0.00422
27	0.01366	0.04330	0.01178	0.00935	0.01228	0.07208	0.00748	0.30106	0.05130	0.02315	0.13484	0.02860	0.25074	0.00918	0.00569	0.00166	0.00466	0.00740	0.00501	0.00679
28	0.09344	0.15214	0.10382	0.00858	0.01160	0.08716	0.00779	0.01264	0.01177	0.01565	0.08971	0.09922	0.23386	0.04298	0.00617	0.00179	0.00483	0.00743	0.00381	0.00562
29	0.01257	0.01303	0.16384	0.01059	0.01379	0.01070	0.00970	0.22415	0.07910	0.01979	0.01461	0.03710	0.01313	0.15438	0.08567	0.08101	0.00663	0.03991	0.00384	0.00645
30	0.42626	0.00881	0.00888	0.07566	0.01252	0.00976	0.00673	0.01428	0.05082	0.03787	0.01376	0.16754	0.01323	0.01020	0.06624	0.00227	0.00501	0.00596	0.00372	0.06047
31	0.13359	0.25944	0.05210	0.01048	0.01435	0.01491	0.04939	0.10472	0.09458	0.01870	0.01080	0.01239	0.00884	0.00886	0.08275	0.00217	0.03781	0.00408	0.00331	0.07675

[dist]
# distance from previous block
# <min> <max>
17	31

[block]
# block no. 3 follows, 45 sequences, length 18
# corresponding to MSA columns:
# 1362-1379
name=unknown_D
#
# <colnr> <probs for GDERKNQSTAVLIFYWHMCP>
#	G	D	E	R	K	N	Q	S	T	A	V	L	I	F	Y	W	H	M	C	P
0	0.00914	0.01274	0.20983	0.05119	0.03346	0.06384	0.01020	0.01174	0.01103	0.01465	0.02085	0.41027	0.02303	0.03853	0.00686	0.00208	0.00531	0.05576	0.00387	0.00561
1	0.01344	0.01505	0.13271	0.01191	0.06102	0.21458	0.00950	0.01550	0.01212	0.09642	0.03476	0.16286	0.01627	0.14981	0.00932	0.00229	0.00634	0.00691	0.00368	0.02548
2	0.03526	0.00837	0.03544	0.00865	0.01117	0.00737	0.01918	0.02872	0.07638	0.20284	0.02007	0.22869	0.01923	0.15080	0.00941	0.00232	0.00439	0.00808	0.00472	0.11891
3	0.01011	0.00772	0.00852	0.00734	0.01010	0.00699	0.00563	0.01412	0.14459	0.07276	0.05072	0.03296	0.34404	0.05947	0.00688	0.00178	0.00356	0.00782	0.00469	0.20021
4	0.01530	0.02692	0.01446	0.02984	0.13326	0.17233	0.00993	0.22671	0.09267	0.02087	0.03894	0.09169	0.03349	0.04868	0.00658	0.00184	0.00611	0.01901	0.00417	0.00720
5	0.06283	0.00880	0.02721	0.13693	0.04556	0.00918	0.05157	0.03864	0.10977	0.03467	0.01498	0.02438	0.01438	0.38128	0.01554	0.00336	0.00566	0.00633	0.00349	0.00543
6	0.01113	0.00954	0.01113	0.00795	0.01272	0.00716	0.00636	0.01352	0.01113	0.01749	0.00954	0.01113	0.00795	0.00398	0.00398	0.00080	0.00398	0.00318	0.00318	0.84417
7	0.00660	0.00494	0.00617	0.00711	0.00783	0.00450	0.00496	0.00772	0.01086	0.01402	0.03550	0.58598	0.21363	0.01594	0.00676	0.00211	0.00312	0.05285	0.00498	0.00443
8	0.01484	0.07985	0.01253	0.00861	0.01252	0.00887	0.00706	0.03306	0.04398	0.23904	0.04687	0.04245	0.06848	0.00647	0.00504	0.00132	0.01891	0.00521	0.00453	0.34038
9	0.01435	0.81458	0.02813	0.00918	0.01378	0.02124	0.00918	0.01607	0.01091	0.01263	0.00746	0.00861	0.00689	0.00459	0.00344	0.00115	0.00574	0.00287	0.00230	0.00689
10	0.01077	0.02777	0.78354	0.01530	0.02323	0.01247	0.01983	0.01700	0.01133	0.01700	0.00963	0.01133	0.00680	0.00510	0.00510	0.00170	0.00793	0.00397	0.00227	0.00793
11	0.01243	0.01093	0.05958	0.00900	0.01352	0.00849	0.00764	0.07975	0.05129	0.05943	0.01235	0.06248	0.01044	0.00538	0.00450	0.00111	0.00438	0.00440	0.00373	0.57915
12	0.01616	0.01359	0.15460	0.01113	0.01547	0.05017	0.04078	0.03556	0.10751	0.29182	0.05668	0.04338	0.03985	0.00700	0.00540	0.00164	0.00537	0.02055	0.00483	0.07850
13	0.06020	0.03080	0.01266	0.00963	0.01369	0.01043	0.00784	0.11056	0.16972	0.28729	0.01637	0.01547	0.01155	0.00595	0.00490	0.00146	0.00452	0.00472	0.00510	0.21712
14	0.01335	0.16274	0.20299	0.01336	0.01804	0.15009	0.12795	0.02853	0.03792	0.03033	0.03395	0.01690	0.05780	0.00674	0.01808	0.00169	0.00718	0.03443	0.00308	0.03484
15	0.00932	0.00466	0.00699	0.00699	0.00699	0.00466	0.00466	0.00699	0.00699	0.00932	0.00932	0.01632	0.00932	0.01865	0.02098	0.84382	0.00466	0.00466	0.00233	0.00233
16	0.02106	0.09035	0.01481	0.01063	0.01453	0.12344	0.00873	0.11972	0.08848	0.42691	0.01699	0.01557	0.01151	0.00632	0.00513	0.00158	0.00556	0.00487	0.00539	0.00844
17	0.15704	0.00669	0.02539	0.00745	0.00892	0.00629	0.00555	0.01044	0.02801	0.04681	0.02827	0.48715	0.13586	0.01334	0.00602	0.00199	0.00344	0.01162	0.00470	0.00502

[dist]
# distance from previous block
# <min> <max>
3	7

[block]
# block no. 4 follows, 45 sequences, length 72
# corresponding to MSA columns:
# 1387-1458
name=unknown_E
#
# <colnr> <probs for GDERKNQSTAVLIFYWHMCP>
#	G	D	E	R	K	N	Q	S	T	A	V	L	I	F	Y	W	H	M	C	P
0	0.17165	0.16944	0.02963	0.01112	0.01492	0.15474	0.03375	0.17762	0.12835	0.04333	0.01148	0.01197	0.00882	0.00570	0.00457	0.00153	0.00608	0.00409	0.00384	0.00738
1	0.01165	0.14489	0.30526	0.11551	0.02102	0.02564	0.05343	0.01536	0.01072	0.01507	0.02403	0.01208	0.00790	0.00603	0.00760	0.00173	0.17749	0.00426	0.00244	0.03789
2	0.04452	0.15451	0.20262	0.01346	0.01773	0.06522	0.11139	0.03781	0.08094	0.03527	0.01204	0.05846	0.01035	0.00669	0.00667	0.00173	0.10610	0.02435	0.00312	0.00704
3	0.01534	0.24121	0.29041	0.01301	0.01877	0.01390	0.10082	0.01906	0.01238	0.20785	0.01207	0.01269	0.00861	0.00528	0.00486	0.00155	0.00661	0.00430	0.00343	0.00786
4	0.23517	0.01085	0.02641	0.05839	0.16992	0.01130	0.00957	0.12299	0.05803	0.07968	0.01658	0.08120	0.06855	0.00725	0.00505	0.00173	0.00496	0.02123	0.00408	0.00707
5	0.01809	0.09211	0.09772	0.03311	0.15282	0.01069	0.01095	0.03695	0.01393	0.39216	0.05250	0.01773	0.01316	0.00635	0.00526	0.00163	0.00537	0.02639	0.00481	0.00828
6	0.01586	0.05020	0.12646	0.08891	0.05280	0.01115	0.19564	0.01954	0.04203	0.26910	0.01412	0.01528	0.00991	0.00636	0.00644	0.05285	0.00651	0.00521	0.00398	0.00763
7	0.02383	0.00955	0.01271	0.00975	0.01391	0.00850	0.00805	0.07743	0.01605	0.72934	0.02060	0.01789	0.01300	0.00663	0.00540	0.00166	0.00466	0.00536	0.00655	0.00913
8	0.00693	0.00537	0.00631	0.00627	0.00766	0.00475	0.00463	0.00876	0.01332	0.01754	0.37341	0.13663	0.36352	0.01281	0.00640	0.00180	0.00268	0.01107	0.00540	0.00475
9	0.07235	0.18344	0.01711	0.01065	0.01484	0.05067	0.00909	0.32172	0.01804	0.23077	0.01343	0.01303	0.00947	0.00597	0.00482	0.00152	0.00557	0.00438	0.00481	0.00831
10	0.01786	0.01559	0.29176	0.01140	0.01668	0.00931	0.01198	0.02149	0.01389	0.44019	0.08047	0.01759	0.01408	0.00645	0.00537	0.00168	0.00562	0.00524	0.00499	0.00836
11	0.84927	0.01038	0.00789	0.00706	0.01038	0.01204	0.00581	0.01578	0.00914	0.02408	0.00747	0.00872	0.00581	0.00498	0.00332	0.00166	0.00415	0.00291	0.00332	0.00581
12	0.00890	0.01335	0.24322	0.01301	0.13241	0.00830	0.01105	0.01207	0.01192	0.01580	0.03189	0.05253	0.36362	0.00980	0.00588	0.00179	0.00500	0.04948	0.00380	0.00620
13	0.01269	0.01353	0.08111	0.03000	0.67462	0.01227	0.01604	0.01602	0.01215	0.01732	0.01256	0.01530	0.05174	0.00531	0.00536	0.00161	0.00629	0.00509	0.00276	0.00823
14	0.02369	0.00968	0.03518	0.00972	0.01398	0.00802	0.00824	0.02589	0.01525	0.75906	0.02084	0.01807	0.01310	0.00660	0.00539	0.00166	0.00467	0.00536	0.00651	0.00910
15	0.00654	0.00467	0.00623	0.00747	0.00779	0.00436	0.00498	0.00747	0.01028	0.01370	0.02959	0.80785	0.03550	0.01682	0.00685	0.00218	0.00311	0.01526	0.00498	0.00436
16	0.84927	0.01038	0.00789	0.00706	0.01038	0.01204	0.00581	0.01578	0.00914	0.02408	0.00747	0.00872	0.00581	0.00498	0.00332	0.00166	0.00415	0.00291	0.00332	0.00581
17	0.01454	0.74113	0.05509	0.00967	0.01428	0.06437	0.00964	0.01641	0.01117	0.01282	0.00759	0.00877	0.00689	0.00466	0.00358	0.00118	0.00604	0.00294	0.00232	0.00689
18	0.01146	0.01089	0.01850	0.47598	0.34908	0.01227	0.01557	0.01488	0.01136	0.01532	0.00978	0.01388	0.00772	0.00512	0.00534	0.00171	0.00683	0.00478	0.00250	0.00703
19	0.01077	0.02777	0.78354	0.01530	0.02323	0.01247	0.01983	0.01700	0.01133	0.01700	0.00963	0.01133	0.00680	0.00510	0.00510	0.00170	0.00793	0.00397	0.00227	0.00793
20	0.00669	0.00523	0.00613	0.00675	0.00792	0.00466	0.00497	0.00802	0.01149	0.01438	0.04171	0.34487	0.40094	0.01499	0.00667	0.00203	0.00314	0.09991	0.00498	0.00451
21	0.00664	0.00481	0.00610	0.00707	0.00753	0.00446	0.00471	0.00753	0.01027	0.01348	0.03130	0.64233	0.12217	0.09395	0.00879	0.00243	0.00327	0.01406	0.00481	0.00427
22	0.01077	0.02777	0.78354	0.01530	0.02323	0.01247	0.01983	0.01700	0.01133	0.01700	0.00963	0.01133	0.00680	0.00510	0.00510	0.00170	0.00793	0.00397	0.00227	0.00793
23	0.01077	0.02777	0.78354	0.01530	0.02323	0.01247	0.01983	0.01700	0.01133	0.01700	0.00963	0.01133	0.00680	0.00510	0.00510	0.00170	0.00793	0.00397	0.00227	0.00793
24	0.29466	0.01156	0.01071	0.00925	0.01250	0.05584	0.00739	0.13144	0.21167	0.08143	0.01874	0.01822	0.10148	0.00699	0.00480	0.00170	0.00462	0.00525	0.00461	0.00714
25	0.00723	0.00595	0.00910	0.00894	0.01009	0.00547	0.09355	0.00865	0.01086	0.01424	0.03124	0.59658	0.14764	0.01487	0.00671	0.00208	0.00375	0.01360	0.00472	0.00473
26	0.01364	0.01363	0.06710	0.08429	0.02185	0.01319	0.29514	0.18319	0.13284	0.02096	0.01411	0.05992	0.01143	0.03576	0.00662	0.00190	0.00689	0.00623	0.00383	0.00748
27	0.01587	0.01012	0.01200	0.00944	0.01333	0.00936	0.00759	0.16377	0.06866	0.21249	0.01635	0.08818	0.01328	0.00684	0.00507	0.00142	0.00447	0.02587	0.00486	0.31103
28	0.01417	0.01341	0.01253	0.01022	0.01405	0.15906	0.00808	0.10395	0.14873	0.01935	0.01295	0.01544	0.01069	0.00576	0.00476	0.00128	0.00539	0.04570	0.00386	0.39060
29	0.01266	0.01250	0.15863	0.00942	0.01433	0.00803	0.00900	0.01571	0.01219	0.13843	0.07084	0.01602	0.04097	0.00551	0.00468	0.00121	0.00467	0.00448	0.00383	0.45690
30	0.00732	0.00546	0.00678	0.00672	0.00793	0.00503	0.00491	0.00959	0.02991	0.01871	0.48560	0.17678	0.17420	0.02836	0.00683	0.00187	0.00276	0.01085	0.00552	0.00488
31	0.01827	0.06501	0.01761	0.01446	0.01733	0.60278	0.08324	0.01996	0.01410	0.01349	0.00839	0.01028	0.00704	0.00574	0.00608	0.00150	0.08188	0.00382	0.00270	0.00633
32	0.01754	0.01361	0.01450	0.01177	0.01556	0.01531	0.00951	0.46298	0.32689	0.02921	0.01653	0.01579	0.01208	0.00678	0.00541	0.00170	0.00523	0.00533	0.00541	0.00887
33	0.01244	0.00955	0.01128	0.00818	0.01285	0.00737	0.00656	0.01510	0.02942	0.09202	0.01096	0.01204	0.00867	0.00431	0.00415	0.00090	0.00404	0.00346	0.00357	0.74311
34	0.01909	0.01204	0.01537	0.01203	0.01607	0.01247	0.08318	0.24415	0.21229	0.28745	0.01786	0.01675	0.01234	0.00654	0.00550	0.00170	0.00533	0.00550	0.00557	0.00878
35	0.00778	0.00533	0.00647	0.00647	0.00668	0.00554	0.00402	0.00820	0.00799	0.01086	0.01635	0.03201	0.01816	0.63998	0.19684	0.00596	0.00724	0.00735	0.00317	0.00359
36	0.01014	0.00954	0.01610	0.79845	0.03697	0.01193	0.01491	0.01371	0.01073	0.01371	0.00954	0.01431	0.00716	0.00537	0.00537	0.00179	0.00716	0.00477	0.00239	0.00596
37	0.01174	0.01174	0.01644	0.01409	0.01409	0.01644	0.01174	0.01292	0.00822	0.01292	0.00705	0.01174	0.00705	0.00940	0.01762	0.00235	0.80153	0.00470	0.00235	0.00587
38	0.01024	0.01024	0.02048	0.01583	0.01909	0.01024	0.39340	0.01350	0.01071	0.01490	0.01257	0.01769	0.01071	0.02188	0.38688	0.00512	0.01164	0.00605	0.00279	0.00605
39	0.01092	0.01034	0.01751	0.60810	0.22120	0.01213	0.01530	0.01440	0.01110	0.01467	0.00968	0.01406	0.00749	0.00522	0.00535	0.00174	0.00696	0.00477	0.00245	0.00659
40	0.02155	0.01320	0.01497	0.01148	0.01573	0.01393	0.00948	0.53193	0.02217	0.26620	0.01546	0.01456	0.01042	0.00651	0.00538	0.00163	0.00549	0.00501	0.00577	0.00913
41	0.00708	0.00509	0.00672	0.00710	0.00791	0.00472	0.00503	0.00884	0.01281	0.01773	0.41308	0.41288	0.04329	0.01381	0.00658	0.00193	0.00281	0.01240	0.00546	0.00472
42	0.20738	0.01399	0.01408	0.01108	0.01511	0.03418	0.00912	0.54299	0.02094	0.06285	0.01191	0.01210	0.00850	0.00610	0.00490	0.00162	0.00555	0.00439	0.00490	0.00831
43	0.01617	0.01119	0.01244	0.01070	0.01405	0.01231	0.00846	0.06957	0.55625	0.19421	0.02119	0.01923	0.01528	0.00709	0.00544	0.00177	0.00441	0.00585	0.00572	0.00868
44	0.09256	0.03776	0.01342	0.01164	0.01468	0.29912	0.00901	0.04678	0.37919	0.01927	0.01490	0.01467	0.01146	0.00633	0.00498	0.00162	0.00633	0.00470	0.00419	0.00739
45	0.01229	0.00912	0.01125	0.00935	0.02754	0.00844	0.00726	0.09041	0.01344	0.08760	0.14772	0.07965	0.01879	0.00745	0.00609	0.00141	0.06706	0.02717	0.00431	0.36366
46	0.01498	0.01805	0.39144	0.01235	0.01800	0.01006	0.03416	0.01936	0.02908	0.27675	0.04831	0.01764	0.04082	0.03748	0.00620	0.00183	0.00621	0.00524	0.00413	0.00790
47	0.02361	0.00990	0.01293	0.00991	0.01408	0.00902	0.00819	0.12111	0.01664	0.68483	0.02010	0.01757	0.01275	0.00662	0.00539	0.00165	0.00474	0.00532	0.00648	0.00913
48	0.01014	0.00954	0.01610	0.79845	0.03697	0.01193	0.01491	0.01371	0.01073	0.01371	0.00954	0.01431	0.00716	0.00537	0.00537	0.00179	0.00716	0.00477	0.00239	0.00596
49	0.01109	0.01051	0.01507	0.06502	0.38403	0.06919	0.01154	0.01337	0.01181	0.01581	0.04468	0.28777	0.01915	0.00925	0.00585	0.00179	0.00541	0.00847	0.00357	0.00663
50	0.01398	0.00690	0.00907	0.00839	0.01049	0.00627	0.00636	0.04255	0.01313	0.31479	0.04984	0.38441	0.06805	0.01205	0.00620	0.00193	0.00379	0.02968	0.00567	0.00645
51	0.08657	0.01062	0.01296	0.01002	0.01414	0.01026	0.00827	0.19752	0.01720	0.54800	0.01818	0.01627	0.01174	0.00647	0.00523	0.00165	0.00485	0.00507	0.00609	0.00888
52	0.01176	0.01119	0.01903	0.40464	0.41812	0.01235	0.01571	0.01513	0.01150	0.01568	0.00983	0.01378	0.00785	0.00507	0.00534	0.00169	0.00676	0.00478	0.00253	0.00727
53	0.00934	0.00829	0.01338	0.55933	0.02822	0.00983	0.01193	0.01255	0.01193	0.01584	0.21798	0.04557	0.01983	0.00724	0.00567	0.00177	0.00578	0.00643	0.00342	0.00567
54	0.84927	0.01038	0.00789	0.00706	0.01038	0.01204	0.00581	0.01578	0.00914	0.02408	0.00747	0.00872	0.00581	0.00498	0.00332	0.00166	0.00415	0.00291	0.00332	0.00581
55	0.00771	0.00559	0.00783	0.00783	0.00852	0.00628	0.00572	0.00908	0.00839	0.01187	0.01510	0.02511	0.01516	0.26090	0.57182	0.00765	0.01175	0.00634	0.00298	0.00435
56	0.00753	0.00548	0.00708	0.00668	0.00798	0.00503	0.00501	0.00999	0.01503	0.02113	0.73429	0.04075	0.09164	0.01112	0.00633	0.00170	0.00254	0.00980	0.00586	0.00503
57	0.01077	0.02777	0.78354	0.01530	0.02323	0.01247	0.01983	0.01700	0.01133	0.01700	0.00963	0.01133	0.00680	0.00510	0.00510	0.00170	0.00793	0.00397	0.00227	0.00793
58	0.01788	0.32639	0.02014	0.01206	0.01552	0.49678	0.00992	0.01939	0.01357	0.01294	0.00798	0.00927	0.00690	0.00517	0.00431	0.00129	0.00818	0.00323	0.00259	0.00648
59	0.01206	0.01252	0.04606	0.19454	0.08184	0.01400	0.21340	0.01502	0.01059	0.03606	0.00934	0.01334	0.00764	0.00661	0.01013	0.00198	0.30050	0.00516	0.00260	0.00662
60	0.02408	0.00914	0.01246	0.00955	0.01370	0.00789	0.00789	0.02616	0.01536	0.78158	0.02118	0.01827	0.01329	0.00664	0.00540	0.00166	0.00457	0.00540	0.00664	0.00914
61	0.01335	0.01153	0.01214	0.01092	0.01396	0.01335	0.00850	0.02852	0.76817	0.02245	0.02185	0.02003	0.01639	0.00728	0.00546	0.00182	0.00425	0.00607	0.00546	0.00850
62	0.01174	0.03701	0.01517	0.09414	0.24417	0.04647	0.03184	0.05709	0.08467	0.01718	0.01783	0.15047	0.02757	0.02211	0.00623	0.00191	0.00561	0.11824	0.00381	0.00674
63	0.01624	0.24104	0.01671	0.06720	0.01461	0.04876	0.00859	0.04307	0.05515	0.24600	0.01415	0.01653	0.01120	0.10218	0.03778	0.00223	0.04262	0.00482	0.00406	0.00708
64	0.00644	0.00508	0.00581	0.00640	0.00750	0.00445	0.00450	0.00760	0.01131	0.01413	0.04271	0.40766	0.42722	0.01511	0.00658	0.00199	0.00291	0.01318	0.00498	0.00445
65	0.01957	0.00808	0.01095	0.00887	0.01216	0.00707	0.00713	0.02162	0.01486	0.57728	0.15326	0.09603	0.02188	0.00835	0.00570	0.00171	0.00408	0.00707	0.00636	0.00798
66	0.01199	0.01337	0.10794	0.33300	0.24199	0.01237	0.14422	0.01588	0.01171	0.04110	0.01032	0.01384	0.00787	0.00507	0.00549	0.00172	0.00727	0.00497	0.00265	0.00723
67	0.02995	0.01105	0.01755	0.27114	0.34653	0.02648	0.02990	0.02853	0.01163	0.01604	0.01264	0.07041	0.03039	0.00656	0.00618	0.00177	0.05129	0.02210	0.00290	0.00696
68	0.00839	0.00628	0.00789	0.00783	0.00822	0.00684	0.00539	0.04042	0.00983	0.01345	0.05849	0.28784	0.02422	0.34454	0.04607	0.00364	0.10258	0.00980	0.00393	0.00434
69	0.05476	0.12098	0.01675	0.01345	0.04541	0.54181	0.01018	0.08399	0.01517	0.03775	0.00900	0.01017	0.00730	0.00547	0.00468	0.00140	0.00835	0.00359	0.00306	0.00671
70	0.00894	0.00742	0.00878	0.00870	0.00993	0.06287	0.00675	0.03209	0.01054	0.01395	0.05159	0.02912	0.07957	0.08952	0.46153	0.00605	0.01051	0.09371	0.00352	0.00491
71	0.01323	0.01199	0.01567	0.19905	0.08819	0.03678	0.06679	0.09405	0.34892	0.02017	0.01674	0.01757	0.03389	0.00645	0.00549	0.00176	0.00576	0.00562	0.00418	0.00768

[dist]
# distance from previous block
# <min> <max>
0	4

[block]
# block no. 5 follows, 45 sequences, length 16
# corresponding to MSA columns:
# 1467-1482
name=unknown_F
#
# <colnr> <probs for GDERKNQSTAVLIFYWHMCP>
#	G	D	E	R	K	N	Q	S	T	A	V	L	I	F	Y	W	H	M	C	P
0	0.31783	0.01068	0.01463	0.26137	0.13985	0.01234	0.05272	0.01495	0.01035	0.01832	0.00938	0.01344	0.00770	0.00570	0.00565	0.00178	0.06567	0.02843	0.00287	0.00634
1	0.05728	0.01014	0.01624	0.59319	0.10576	0.01251	0.01421	0.01401	0.01052	0.01458	0.00921	0.01362	0.00720	0.00573	0.00659	0.00182	0.09408	0.00466	0.00246	0.00619
2	0.19236	0.02445	0.01307	0.04694	0.05650	0.05084	0.00885	0.28755	0.01518	0.02261	0.01018	0.01258	0.00816	0.00893	0.02373	0.15244	0.05103	0.00430	0.00371	0.00658
3	0.01972	0.04026	0.01574	0.01299	0.01642	0.42645	0.01018	0.31407	0.05610	0.02178	0.01076	0.01143	0.00826	0.00596	0.00505	0.00149	0.00782	0.00412	0.00392	0.00750
4	0.00664	0.00545	0.00585	0.00575	0.00743	0.00466	0.00431	0.00828	0.01293	0.01616	0.22421	0.04893	0.60482	0.01298	0.00634	0.00178	0.00267	0.01095	0.00520	0.00466
5	0.84927	0.01038	0.00789	0.00706	0.01038	0.01204	0.00581	0.01578	0.00914	0.02408	0.00747	0.00872	0.00581	0.00498	0.00332	0.00166	0.00415	0.00291	0.00332	0.00581
6	0.01051	0.00958	0.01396	0.28449	0.12693	0.05982	0.04446	0.01242	0.01083	0.01394	0.03905	0.10397	0.06736	0.00954	0.00855	0.13740	0.03213	0.00651	0.00303	0.00550
7	0.79941	0.01066	0.00838	0.00738	0.01076	0.01232	0.00608	0.06054	0.01010	0.02467	0.00780	0.00897	0.00601	0.00507	0.00345	0.00166	0.00426	0.00302	0.00345	0.00601
8	0.01157	0.00969	0.01124	0.00824	0.01276	0.00770	0.00657	0.06681	0.01210	0.01848	0.01078	0.05103	0.00941	0.00479	0.00422	0.00092	0.00407	0.00390	0.00343	0.74229
9	0.01499	0.01080	0.01448	0.07357	0.14385	0.04080	0.04814	0.12835	0.04998	0.16821	0.09697	0.04968	0.02982	0.06473	0.00710	0.00190	0.00540	0.00619	0.00450	0.04054
10	0.00886	0.00721	0.00775	0.00746	0.00952	0.00706	0.00583	0.07466	0.12737	0.01747	0.04178	0.08237	0.47479	0.01234	0.00628	0.00189	0.00349	0.09323	0.00508	0.00556
11	0.01399	0.10322	0.07174	0.01517	0.16498	0.25088	0.01063	0.01693	0.04313	0.02965	0.18211	0.01912	0.04276	0.00682	0.00522	0.00153	0.00635	0.00548	0.00360	0.00670
12	0.00675	0.00483	0.00641	0.00733	0.00783	0.00450	0.00500	0.00799	0.01123	0.01522	0.17460	0.65850	0.03845	0.01568	0.00675	0.00208	0.00300	0.01418	0.00516	0.00450
13	0.01082	0.00917	0.01094	0.00904	0.04366	0.00746	0.00680	0.02856	0.04141	0.01782	0.04361	0.03331	0.06664	0.00588	0.00459	0.00109	0.00401	0.03779	0.00364	0.61376
14	0.01242	0.29893	0.05318	0.26503	0.16983	0.01584	0.01308	0.01516	0.01088	0.01413	0.00869	0.01172	0.00730	0.00533	0.00576	0.00157	0.07783	0.00405	0.00240	0.00686
15	0.01117	0.00993	0.01404	0.01250	0.07989	0.00944	0.09053	0.03123	0.09418	0.01829	0.11089	0.05796	0.01684	0.00697	0.00613	0.00148	0.06190	0.04187	0.00384	0.32091

[dist]
# distance from previous block
# <min> <max>
1	3

[block]
# block no. 6 follows, 45 sequences, length 24
# corresponding to MSA columns:
# 1486-1509
name=unknown_G
#
# <colnr> <probs for GDERKNQSTAVLIFYWHMCP>
#	G	D	E	R	K	N	Q	S	T	A	V	L	I	F	Y	W	H	M	C	P
0	0.01373	0.05242	0.01711	0.29033	0.17175	0.07236	0.01277	0.07882	0.06846	0.05826	0.01106	0.01366	0.00858	0.00581	0.00618	0.00168	0.07160	0.00465	0.00319	0.03757
1	0.04191	0.00767	0.00977	0.00876	0.01084	0.00747	0.06110	0.05854	0.09202	0.04525	0.05891	0.25951	0.18153	0.07234	0.00765	0.00209	0.00404	0.00980	0.00469	0.05610
2	0.01269	0.28776	0.09891	0.13094	0.12990	0.03134	0.07155	0.03204	0.05952	0.01590	0.05079	0.01452	0.03126	0.00559	0.00482	0.00152	0.00627	0.00466	0.00293	0.00710
3	0.01001	0.00500	0.00500	0.00500	0.00625	0.00500	0.00375	0.01251	0.01126	0.02001	0.01751	0.02001	0.01376	0.00625	0.00375	0.00125	0.00250	0.00500	0.84115	0.00500
4	0.05920	0.59439	0.08363	0.07558	0.01643	0.06685	0.01038	0.01626	0.01110	0.01371	0.00786	0.00937	0.00685	0.00478	0.00381	0.00129	0.00619	0.00315	0.00239	0.00679
5	0.00861	0.00621	0.00696	0.00676	0.00740	0.00634	0.00423	0.01086	0.11258	0.01261	0.01827	0.09180	0.01985	0.60626	0.02178	0.00432	0.00486	0.00795	0.00369	0.03865
6	0.01840	0.02282	0.01664	0.01553	0.06437	0.63469	0.07297	0.02022	0.01466	0.01391	0.00971	0.01305	0.00841	0.00590	0.00513	0.00149	0.00917	0.04368	0.00287	0.00638
7	0.08885	0.04018	0.05759	0.00976	0.01404	0.01004	0.00848	0.12005	0.02715	0.41374	0.04652	0.01606	0.01241	0.00618	0.00500	0.00154	0.00479	0.00486	0.00533	0.10744
8	0.01073	0.01005	0.01694	0.54642	0.21968	0.01173	0.01466	0.01408	0.01094	0.01457	0.01005	0.01458	0.00798	0.00792	0.06602	0.00227	0.00752	0.00485	0.00249	0.00651
9	0.00768	0.00571	0.00843	0.00843	0.00933	0.00661	0.00647	0.00946	0.00857	0.01232	0.01455	0.02206	0.01384	0.09377	0.73715	0.00839	0.01374	0.00589	0.00290	0.00469
10	0.01014	0.00954	0.01610	0.79845	0.03697	0.01193	0.01491	0.01371	0.01073	0.01371	0.00954	0.01431	0.00716	0.00537	0.00537	0.00179	0.00716	0.00477	0.00239	0.00596
11	0.01341	0.06199	0.01506	0.28320	0.02233	0.07829	0.01104	0.07904	0.33905	0.01894	0.01488	0.01593	0.01126	0.00624	0.00525	0.00172	0.00593	0.00511	0.00397	0.00738
12	0.01621	0.01129	0.01222	0.00986	0.01313	0.06757	0.00778	0.24337	0.01580	0.16576	0.01424	0.01721	0.01141	0.11059	0.11090	0.00283	0.00662	0.00504	0.00445	0.15373
13	0.01712	0.08529	0.01521	0.01225	0.01538	0.37849	0.00956	0.07989	0.29527	0.01813	0.01361	0.01368	0.01060	0.00617	0.00500	0.00154	0.00705	0.00448	0.00393	0.00734
14	0.84927	0.01038	0.00789	0.00706	0.01038	0.01204	0.00581	0.01578	0.00914	0.02408	0.00747	0.00872	0.00581	0.00498	0.00332	0.00166	0.00415	0.00291	0.00332	0.00581
15	0.01004	0.00844	0.01045	0.00923	0.01153	0.00882	0.05293	0.01758	0.31432	0.02073	0.33624	0.03200	0.12670	0.00944	0.00599	0.00176	0.00364	0.00826	0.00542	0.00650
16	0.01001	0.00500	0.00500	0.00500	0.00625	0.00500	0.00375	0.01251	0.01126	0.02001	0.01751	0.02001	0.01376	0.00625	0.00375	0.00125	0.00250	0.00500	0.84115	0.00500
17	0.02005	0.02558	0.01521	0.01383	0.01659	0.78980	0.01037	0.02143	0.01521	0.01314	0.00830	0.00968	0.00691	0.00553	0.00484	0.00138	0.00968	0.00346	0.00277	0.00622
18	0.02006	0.02520	0.01524	0.01378	0.01660	0.76184	0.01037	0.04814	0.01557	0.01389	0.00846	0.00980	0.00699	0.00556	0.00486	0.00139	0.00954	0.00351	0.00286	0.00633
19	0.01250	0.01185	0.02009	0.08539	0.66090	0.01200	0.01541	0.01553	0.01195	0.01695	0.01168	0.07955	0.01066	0.00583	0.00545	0.00166	0.00616	0.00565	0.00283	0.00798
20	0.01346	0.03511	0.25127	0.02212	0.29726	0.05130	0.13845	0.01753	0.01235	0.07518	0.01121	0.03063	0.00878	0.00528	0.00539	0.00166	0.00723	0.00497	0.00290	0.00793
21	0.01320	0.01423	0.01671	0.04837	0.01600	0.15523	0.03632	0.01463	0.00973	0.01313	0.00751	0.01157	0.00706	0.00836	0.01441	0.00213	0.59844	0.00453	0.00244	0.00598
22	0.01086	0.00923	0.01083	0.00786	0.01236	0.00699	0.00626	0.01325	0.01145	0.01780	0.06872	0.01337	0.01125	0.00452	0.00416	0.00086	0.00386	0.00368	0.00339	0.77930
23	0.00950	0.00846	0.01312	0.40788	0.02354	0.01049	0.01108	0.01190	0.00984	0.01331	0.03936	0.05093	0.01226	0.10532	0.12735	0.00331	0.12834	0.00587	0.00279	0.00536

[dist]
# distance from previous block
# <min> <max>
0	1

[block]
# block no. 7 follows, 45 sequences, length 29
# corresponding to MSA columns:
# 1511-1539
name=unknown_H
#
# <colnr> <probs for GDERKNQSTAVLIFYWHMCP>
#	G	D	E	R	K	N	Q	S	T	A	V	L	I	F	Y	W	H	M	C	P
0	0.00802	0.00548	0.00804	0.00804	0.00871	0.00615	0.00598	0.00889	0.00822	0.01163	0.01357	0.02139	0.01313	0.10598	0.56307	0.17949	0.01155	0.00571	0.00280	0.00415
1	0.84927	0.01038	0.00789	0.00706	0.01038	0.01204	0.00581	0.01578	0.00914	0.02408	0.00747	0.00872	0.00581	0.00498	0.00332	0.00166	0.00415	0.00291	0.00332	0.00581
2	0.01828	0.00914	0.01152	0.00926	0.01256	0.00873	0.00748	0.14026	0.04952	0.40933	0.23660	0.02375	0.02349	0.00788	0.00566	0.00167	0.00419	0.00657	0.00618	0.00794
3	0.02271	0.01133	0.01382	0.01059	0.01480	0.01115	0.00875	0.29958	0.01904	0.50297	0.01809	0.01626	0.01174	0.00657	0.00539	0.00164	0.00507	0.00519	0.00617	0.00913
4	0.00807	0.00583	0.00826	0.00919	0.01021	0.00602	0.00758	0.01016	0.01109	0.01479	0.02509	0.16923	0.02725	0.02150	0.20305	0.00396	0.00701	0.44244	0.00443	0.00481
5	0.00714	0.00571	0.00642	0.00624	0.00786	0.00513	0.00467	0.00955	0.04741	0.01749	0.32397	0.06660	0.44775	0.01241	0.00631	0.00178	0.00273	0.01059	0.00535	0.00491
6	0.01221	0.00981	0.01145	0.00826	0.01297	0.00769	0.00663	0.05360	0.01207	0.05284	0.01024	0.01155	0.00825	0.00423	0.00411	0.00088	0.00410	0.00337	0.00345	0.76227
7	0.00774	0.00548	0.00726	0.00726	0.00775	0.00597	0.00501	0.00871	0.00822	0.01145	0.01563	0.02800	0.01642	0.41998	0.41446	0.00694	0.00986	0.00676	0.00306	0.00403
8	0.01014	0.00954	0.01610	0.79845	0.03697	0.01193	0.01491	0.01371	0.01073	0.01371	0.00954	0.01431	0.00716	0.00537	0.00537	0.00179	0.00716	0.00477	0.00239	0.00596
9	0.01014	0.00954	0.01610	0.79845	0.03697	0.01193	0.01491	0.01371	0.01073	0.01371	0.00954	0.01431	0.00716	0.00537	0.00537	0.00179	0.00716	0.00477	0.00239	0.00596
10	0.10652	0.00907	0.01467	0.01261	0.01550	0.00887	0.18994	0.01518	0.01248	0.12237	0.02081	0.03773	0.02013	0.01010	0.00641	0.00211	0.00580	0.37908	0.00445	0.00617
11	0.00704	0.00506	0.00667	0.00713	0.00790	0.00469	0.00502	0.00873	0.01260	0.01739	0.38097	0.44595	0.04264	0.01406	0.00661	0.00195	0.00284	0.01264	0.00542	0.00469
12	0.01902	0.01710	0.04721	0.01188	0.01541	0.29286	0.00965	0.16899	0.10401	0.18593	0.06276	0.01540	0.01263	0.00649	0.00525	0.00157	0.00666	0.00488	0.00462	0.00769
13	0.01259	0.00950	0.01128	0.00813	0.01283	0.00724	0.00653	0.01494	0.01161	0.10364	0.01085	0.01194	0.00855	0.00428	0.00414	0.00089	0.00404	0.00343	0.00357	0.75002
14	0.01435	0.81458	0.02813	0.00918	0.01378	0.02124	0.00918	0.01607	0.01091	0.01263	0.00746	0.00861	0.00689	0.00459	0.00344	0.00115	0.00574	0.00287	0.00230	0.00689
15	0.00767	0.00575	0.00863	0.00863	0.00959	0.00671	0.00671	0.00959	0.00863	0.01246	0.01438	0.02109	0.01342	0.04026	0.79008	0.00863	0.01438	0.00575	0.00288	0.00479
16	0.27121	0.01016	0.06570	0.00835	0.01193	0.00910	0.00733	0.03701	0.01257	0.32161	0.01522	0.01509	0.01054	0.00594	0.00441	0.00158	0.00429	0.00444	0.17631	0.00719
17	0.01435	0.81458	0.02813	0.00918	0.01378	0.02124	0.00918	0.01607	0.01091	0.01263	0.00746	0.00861	0.00689	0.00459	0.00344	0.00115	0.00574	0.00287	0.00230	0.00689
18	0.79639	0.01030	0.00818	0.00722	0.01059	0.01178	0.00595	0.01644	0.00953	0.07262	0.00835	0.00933	0.00629	0.00509	0.00345	0.00166	0.00418	0.00307	0.00353	0.00603
19	0.00753	0.00563	0.00623	0.00598	0.00776	0.00483	0.00452	0.00923	0.01315	0.05379	0.23712	0.04707	0.55294	0.01258	0.00629	0.00177	0.00276	0.01062	0.00530	0.00489
20	0.06460	0.01220	0.01391	0.01092	0.01486	0.01278	0.00901	0.43006	0.02013	0.27085	0.01592	0.01681	0.01135	0.00715	0.00577	0.02330	0.00531	0.04093	0.00557	0.00858
21	0.01953	0.01126	0.01407	0.02637	0.01533	0.01143	0.03800	0.30939	0.03923	0.32564	0.03281	0.05214	0.01429	0.00754	0.00564	0.00173	0.00523	0.05626	0.00568	0.00841
22	0.01113	0.00954	0.01113	0.00795	0.01272	0.00716	0.00636	0.01352	0.01113	0.01749	0.00954	0.01113	0.00795	0.00398	0.00398	0.00080	0.00398	0.00318	0.00318	0.84417
23	0.01014	0.00954	0.01610	0.79845	0.03697	0.01193	0.01491	0.01371	0.01073	0.01371	0.00954	0.01431	0.00716	0.00537	0.00537	0.00179	0.00716	0.00477	0.00239	0.00596
24	0.10492	0.01097	0.13289	0.02394	0.01281	0.00842	0.00839	0.03153	0.04367	0.22586	0.12686	0.02065	0.04235	0.00699	0.00496	0.00160	0.00434	0.00564	0.17630	0.00691
25	0.01981	0.01395	0.05544	0.01164	0.01592	0.01401	0.00995	0.50471	0.05823	0.18595	0.04450	0.01532	0.01183	0.00663	0.00540	0.00164	0.00553	0.00515	0.00549	0.00888
26	0.01040	0.00981	0.01294	0.05062	0.06177	0.04505	0.00945	0.01203	0.01064	0.01501	0.16670	0.09347	0.05051	0.04911	0.01243	0.00220	0.37173	0.00706	0.00350	0.00558
27	0.05505	0.34298	0.05364	0.01146	0.04381	0.02899	0.00998	0.05664	0.04602	0.11336	0.02436	0.01228	0.00921	0.00681	0.02218	0.00171	0.14696	0.00408	0.00331	0.00716
28	0.63480	0.01152	0.01022	0.06289	0.04662	0.04280	0.00754	0.09542	0.01134	0.02371	0.00834	0.00978	0.00642	0.00518	0.00383	0.00165	0.00486	0.00334	0.00343	0.00631

[dist]
# distance from previous block
# <min> <max>
0	3

[block]
# block no. 8 follows, 45 sequences, length 57
# corresponding to MSA columns:
# 1543-1599
name=unknown_I
#
# <colnr> <probs for GDERKNQSTAVLIFYWHMCP>
#	G	D	E	R	K	N	Q	S	T	A	V	L	I	F	Y	W	H	M	C	P
0	0.01150	0.01613	0.25637	0.17275	0.09390	0.01179	0.16333	0.02878	0.01206	0.04009	0.06405	0.03885	0.01156	0.00601	0.00598	0.00176	0.03470	0.00551	0.01779	0.00708
1	0.00654	0.00467	0.00623	0.00747	0.00779	0.00436	0.00498	0.00747	0.01028	0.01370	0.02959	0.80785	0.03550	0.01682	0.00685	0.00218	0.00311	0.01526	0.00498	0.00436
2	0.01206	0.00951	0.01123	0.00807	0.01279	0.00721	0.00647	0.01442	0.01143	0.07209	0.01037	0.01164	0.00833	0.00417	0.00408	0.00086	0.00402	0.00334	0.00343	0.78450
3	0.01556	0.01216	0.01351	0.01005	0.01460	0.01169	0.00820	0.36994	0.01787	0.02529	0.01114	0.01197	0.00851	0.00515	0.00464	0.00118	0.00490	0.00397	0.00423	0.44544
4	0.02408	0.00914	0.01246	0.00955	0.01370	0.00789	0.00789	0.02616	0.01536	0.78158	0.02118	0.01827	0.01329	0.00664	0.00540	0.00166	0.00457	0.00540	0.00664	0.00914
5	0.01014	0.00954	0.01610	0.79845	0.03697	0.01193	0.01491	0.01371	0.01073	0.01371	0.00954	0.01431	0.00716	0.00537	0.00537	0.00179	0.00716	0.00477	0.00239	0.00596
6	0.01274	0.06501	0.12676	0.02071	0.11424	0.05218	0.42314	0.01670	0.01212	0.01637	0.01053	0.03413	0.00853	0.00531	0.00652	0.00175	0.05773	0.00562	0.00266	0.00725
7	0.00743	0.00548	0.00694	0.00658	0.00792	0.00499	0.00493	0.00981	0.01480	0.02059	0.67949	0.04163	0.14678	0.01132	0.00633	0.00170	0.00256	0.00992	0.00579	0.00499
8	0.02041	0.01504	0.01611	0.01235	0.01665	0.01665	0.01020	0.75997	0.02524	0.03383	0.01289	0.01289	0.00913	0.00644	0.00537	0.00161	0.00591	0.00483	0.00537	0.00913
9	0.00662	0.00482	0.00619	0.00717	0.00769	0.00445	0.00484	0.00767	0.01070	0.01416	0.07725	0.66051	0.11132	0.04024	0.00739	0.00220	0.00310	0.01429	0.00499	0.00439
10	0.01425	0.24146	0.07532	0.01788	0.22943	0.06417	0.05711	0.06508	0.15044	0.01772	0.01156	0.01287	0.00928	0.00534	0.00483	0.00152	0.00626	0.00443	0.00322	0.00782
11	0.00653	0.00542	0.00571	0.00569	0.00738	0.00460	0.00425	0.00804	0.01260	0.01547	0.15582	0.07300	0.65038	0.01332	0.00636	0.00181	0.00270	0.01122	0.00512	0.00460
12	0.01187	0.01197	0.01617	0.01392	0.01403	0.03918	0.01155	0.01307	0.00844	0.01291	0.00731	0.01197	0.00724	0.01022	0.04067	0.00251	0.75406	0.00469	0.00238	0.00585
13	0.01014	0.00954	0.01610	0.79845	0.03697	0.01193	0.01491	0.01371	0.01073	0.01371	0.00954	0.01431	0.00716	0.00537	0.00537	0.00179	0.00716	0.00477	0.00239	0.00596
14	0.01655	0.01156	0.01319	0.00988	0.01435	0.01091	0.00806	0.29213	0.03297	0.13778	0.01278	0.01304	0.00936	0.00536	0.00474	0.00125	0.00478	0.00418	0.00456	0.39258
15	0.02052	0.01486	0.01600	0.01227	0.01656	0.01638	0.01013	0.73805	0.02494	0.05617	0.01314	0.01305	0.00925	0.00645	0.00537	0.00161	0.00587	0.00485	0.00541	0.00913
16	0.00767	0.00575	0.00863	0.00863	0.00959	0.00671	0.00671	0.00959	0.00863	0.01246	0.01438	0.02109	0.01342	0.04026	0.79008	0.00863	0.01438	0.00575	0.00288	0.00479
17	0.01161	0.09426	0.33938	0.04594	0.01823	0.03276	0.01405	0.05164	0.01091	0.01550	0.00973	0.01348	0.00825	0.05790	0.06535	0.00250	0.19470	0.00446	0.00256	0.00677
