[name]
unknown

[dist]
# distance from previous block
# <min> <max>
0	29

[block]
# block no. 0 follows, 45 sequences, length 33
# corresponding to MSA columns:
# 509-541
name=unknown_A
#
# <colnr> <probs for GDERKNQSTAVLIFYWHMCP>
#	G	D	E	R	K	N	Q	S	T	A	V	L	I	F	Y	W	H	M	C	P
0	0.01852	0.02036	0.01449	0.01292	0.01583	0.49740	0.01009	0.19301	0.01716	0.01840	0.01223	0.01765	0.01084	0.00707	0.00533	0.00159	0.00812	0.10859	0.00368	0.00672
1	0.73037	0.01057	0.00910	0.00806	0.01091	0.01267	0.00666	0.01537	0.00901	0.02250	0.00741	0.00915	0.00599	0.00561	0.00535	0.00176	0.11735	0.00316	0.00318	0.00582
2	0.01437	0.62458	0.02743	0.01155	0.01599	0.06726	0.11571	0.01645	0.01133	0.01332	0.00798	0.00962	0.00707	0.00481	0.00443	0.00130	0.03409	0.00346	0.00239	0.00686
3	0.01482	0.01224	0.02046	0.02963	0.66938	0.01206	0.01526	0.01785	0.01267	0.12600	0.01167	0.01399	0.00918	0.00505	0.00533	0.00160	0.00612	0.00487	0.00322	0.00859
4	0.00863	0.00831	0.00730	0.00699	0.00879	0.11616	0.00524	0.01031	0.01346	0.01621	0.24330	0.04256	0.46990	0.01174	0.00613	0.00172	0.00366	0.00977	0.00492	0.00492
5	0.00902	0.00535	0.00706	0.00764	0.00859	0.00487	0.00534	0.01014	0.01112	0.12276	0.02992	0.64924	0.07788	0.01517	0.00661	0.00208	0.00330	0.01362	0.00522	0.00505
6	0.01981	0.01975	0.01545	0.01295	0.01646	0.37817	0.01018	0.36944	0.06625	0.02345	0.01129	0.01183	0.00854	0.00607	0.00513	0.00152	0.00757	0.00427	0.00416	0.00773
7	0.09898	0.01343	0.01404	0.01100	0.01485	0.01486	0.00904	0.60237	0.02208	0.03130	0.01290	0.01331	0.00934	0.00628	0.00499	0.00157	0.00535	0.00467	0.10131	0.00834
8	0.13012	0.02311	0.54941	0.01534	0.02220	0.01259	0.13966	0.01686	0.01124	0.01804	0.00953	0.01148	0.00688	0.00499	0.00505	0.00171	0.00758	0.00421	0.00249	0.00752
9	0.01167	0.00898	0.00858	0.00793	0.00902	0.11753	0.00539	0.04605	0.01047	0.08630	0.01565	0.02738	0.01600	0.50079	0.10208	0.00452	0.00679	0.00660	0.00357	0.00467
10	0.01311	0.01138	0.01527	0.01868	0.29408	0.01221	0.01111	0.09890	0.30377	0.02062	0.01768	0.12863	0.01543	0.00763	0.00560	0.00177	0.00505	0.00677	0.00435	0.00798
11	0.00752	0.00586	0.00840	0.01098	0.11705	0.00558	0.00654	0.00877	0.01057	0.01421	0.02746	0.65062	0.05866	0.03196	0.00705	0.00215	0.00361	0.01347	0.00462	0.00493
12	0.01632	0.01196	0.01339	0.01192	0.04547	0.01323	0.00908	0.17760	0.47837	0.13236	0.01944	0.01804	0.01414	0.00692	0.00543	0.00175	0.00472	0.00567	0.00550	0.00872
13	0.00750	0.00582	0.00844	0.01109	0.11711	0.00555	0.00661	0.00875	0.01055	0.01425	0.02682	0.69505	0.03167	0.01511	0.00663	0.00210	0.00358	0.01377	0.00465	0.00495
14	0.01878	0.01671	0.12491	0.01272	0.01748	0.01593	0.01151	0.62748	0.05070	0.03102	0.01276	0.01293	0.00907	0.00628	0.00533	0.00163	0.00613	0.00476	0.00493	0.00894
15	0.78036	0.01028	0.00827	0.00727	0.01066	0.01170	0.00599	0.01665	0.00966	0.08734	0.00862	0.00952	0.00644	0.00512	0.00350	0.00166	0.00419	0.00311	0.00360	0.00609
16	0.01955	0.01455	0.01564	0.01201	0.01629	0.01590	0.00989	0.68574	0.04846	0.03236	0.01295	0.01300	0.00929	0.00630	0.00528	0.00156	0.00572	0.00476	0.00522	0.06553
17	0.00730	0.00486	0.00650	0.00756	0.00804	0.00451	0.00511	0.00828	0.01050	0.04685	0.02922	0.77376	0.03454	0.01638	0.00679	0.00216	0.00318	0.01483	0.00505	0.00457
18	0.00658	0.00479	0.00622	0.00734	0.00783	0.00443	0.00500	0.00760	0.01052	0.01384	0.03194	0.71458	0.10662	0.01645	0.00682	0.00215	0.00313	0.03480	0.00498	0.00439
19	0.01014	0.00954	0.01610	0.79845	0.03697	0.01193	0.01491	0.01371	0.01073	0.01371	0.00954	0.01431	0.00716	0.00537	0.00537	0.00179	0.00716	0.00477	0.00239	0.00596
20	0.02408	0.00914	0.01246	0.00955	0.01370	0.00789	0.00789	0.02616	0.01536	0.78158	0.02118	0.01827	0.01329	0.00664	0.00540	0.00166	0.00457	0.00540	0.00664	0.00914
21	0.00654	0.00467	0.00623	0.00747	0.00779	0.00436	0.00498	0.00747	0.01028	0.01370	0.02959	0.80785	0.03550	0.01682	0.00685	0.00218	0.00311	0.01526	0.00498	0.00436
22	0.02005	0.02558	0.01521	0.01383	0.01659	0.78980	0.01037	0.02143	0.01521	0.01314	0.00830	0.00968	0.00691	0.00553	0.00484	0.00138	0.00968	0.00346	0.00277	0.00622
23	0.01435	0.81458	0.02813	0.00918	0.01378	0.02124	0.00918	0.01607	0.01091	0.01263	0.00746	0.00861	0.00689	0.00459	0.00344	0.00115	0.00574	0.00287	0.00230	0.00689
24	0.02073	0.01452	0.01579	0.01211	0.01639	0.01588	0.01000	0.69568	0.02437	0.09934	0.01361	0.01336	0.00949	0.00646	0.00537	0.00162	0.00579	0.00488	0.00548	0.00913
25	0.00775	0.00518	0.00587	0.00592	0.00594	0.00517	0.00333	0.00779	0.00791	0.01055	0.01746	0.06848	0.02021	0.77705	0.02644	0.00507	0.00511	0.00813	0.00333	0.00330
26	0.01689	0.01369	0.03174	0.01175	0.01554	0.01501	0.00962	0.40089	0.37245	0.02813	0.01700	0.01619	0.01247	0.00681	0.00541	0.00171	0.00518	0.00539	0.00534	0.00881
27	0.00654	0.00467	0.00623	0.00747	0.00779	0.00436	0.00498	0.00747	0.01028	0.01370	0.02959	0.80785	0.03550	0.01682	0.00685	0.00218	0.00311	0.01526	0.00498	0.00436
28	0.00634	0.00544	0.00544	0.00544	0.00725	0.00453	0.00408	0.00770	0.01224	0.01450	0.05438	0.05166	0.77569	0.01359	0.00634	0.00181	0.00272	0.01133	0.00498	0.00453
29	0.01415	0.00747	0.00958	0.00818	0.01071	0.00699	0.00643	0.01788	0.09855	0.29604	0.39578	0.03036	0.05694	0.00909	0.00590	0.00170	0.00346	0.00780	0.00609	0.00690
30	0.01435	0.81458	0.02813	0.00918	0.01378	0.02124	0.00918	0.01607	0.01091	0.01263	0.00746	0.00861	0.00689	0.00459	0.00344	0.00115	0.00574	0.00287	0.00230	0.00689
31	0.10234	0.01326	0.08947	0.01875	0.30156	0.01223	0.01203	0.14631	0.08467	0.02126	0.03007	0.01733	0.08438	0.00630	0.00518	0.00163	0.00549	0.00530	0.00373	0.03868
32	0.01714	0.08928	0.17644	0.01286	0.01685	0.42588	0.01163	0.01961	0.01372	0.09567	0.01132	0.06486	0.00950	0.00624	0.00497	0.00151	0.00799	0.00452	0.00318	0.00682

[dist]
# distance from previous block
# <min> <max>
2	21

[block]
# block no. 1 follows, 45 sequences, length 45
# corresponding to MSA columns:
# 563-607
name=unknown_B
#
# <colnr> <probs for GDERKNQSTAVLIFYWHMCP>
#	G	D	E	R	K	N	Q	S	T	A	V	L	I	F	Y	W	H	M	C	P
0	0.01471	0.03572	0.08782	0.01334	0.01773	0.03535	0.14170	0.19852	0.05408	0.05372	0.01139	0.01289	0.00868	0.00568	0.00639	0.00153	0.08802	0.00461	0.00370	0.20443
1	0.01176	0.03834	0.01508	0.01094	0.01491	0.00994	0.12055	0.06457	0.03942	0.01835	0.06889	0.02945	0.03246	0.00581	0.00584	0.00130	0.06871	0.00490	0.00353	0.43526
2	0.01241	0.01368	0.02799	0.02120	0.05743	0.01366	0.58577	0.01655	0.02873	0.01664	0.01109	0.03706	0.00898	0.00562	0.00783	0.00189	0.11733	0.00630	0.00279	0.00705
3	0.04718	0.01424	0.01382	0.01142	0.01504	0.11480	0.00913	0.30988	0.24192	0.12349	0.01675	0.01600	0.02842	0.00671	0.00528	0.00166	0.00560	0.00517	0.00514	0.00835
4	0.00781	0.00520	0.00585	0.00585	0.00585	0.00520	0.00325	0.00781	0.00781	0.01041	0.01691	0.03513	0.01952	0.81135	0.02732	0.00520	0.00520	0.00781	0.00325	0.00325
5	0.01217	0.01353	0.02903	0.02148	0.04740	0.01285	0.66014	0.01639	0.01224	0.01672	0.01120	0.01512	0.00870	0.00820	0.08681	0.00250	0.00952	0.00623	0.00273	0.00702
6	0.00760	0.00549	0.00718	0.00675	0.00802	0.00506	0.00506	0.01013	0.01519	0.02153	0.77503	0.04010	0.05065	0.01097	0.00633	0.00169	0.00253	0.00971	0.00591	0.00506
7	0.01005	0.00585	0.00758	0.00706	0.00861	0.00537	0.00532	0.01231	0.01419	0.12812	0.49604	0.13208	0.03965	0.01061	0.00600	0.00170	0.00289	0.00932	0.09169	0.00555
8	0.01329	0.01275	0.02179	0.03295	0.77787	0.01275	0.01647	0.01647	0.01222	0.01754	0.01010	0.01329	0.00850	0.00478	0.00531	0.00159	0.00638	0.00478	0.00266	0.00850
9	0.01158	0.00986	0.01136	0.00832	0.01294	0.00793	0.00665	0.03627	0.07317	0.01837	0.01064	0.01191	0.00867	0.00432	0.00414	0.00090	0.00405	0.00346	0.00343	0.75204
10	0.01165	0.01271	0.00979	0.00924	0.01117	0.27524	0.00707	0.01326	0.01350	0.01507	0.13658	0.03443	0.31780	0.01035	0.00642	0.00172	0.04180	0.06267	0.00423	0.00528
11	0.01879	0.02352	0.01439	0.01315	0.01568	0.70928	0.00981	0.02012	0.01449	0.01296	0.00905	0.01159	0.00790	0.04956	0.04547	0.00195	0.00968	0.00380	0.00280	0.00600
12	0.02281	0.01118	0.01372	0.01052	0.01472	0.01092	0.00869	0.28001	0.01878	0.52291	0.01831	0.01641	0.01185	0.00657	0.00539	0.00164	0.00503	0.00520	0.00620	0.00913
13	0.01284	0.01225	0.02057	0.14051	0.64005	0.01266	0.01591	0.01660	0.04446	0.01721	0.01052	0.01372	0.00865	0.00497	0.00533	0.00163	0.00640	0.00484	0.00274	0.00814
14	0.01971	0.01462	0.01574	0.01202	0.01635	0.01594	0.00992	0.70419	0.02418	0.03261	0.01264	0.01276	0.00904	0.00626	0.00527	0.00155	0.00576	0.00471	0.00521	0.07153
15	0.01578	0.32561	0.01954	0.01011	0.01457	0.04932	0.00888	0.25694	0.01579	0.02071	0.00976	0.01066	0.00787	0.00508	0.00426	0.00122	0.00553	0.00361	0.00353	0.21123
16	0.00760	0.00549	0.00718	0.00675	0.00802	0.00506	0.00506	0.01013	0.01519	0.02153	0.77503	0.04010	0.05065	0.01097	0.00633	0.00169	0.00253	0.00971	0.00591	0.00506
17	0.00781	0.00520	0.00585	0.00585	0.00585	0.00520	0.00325	0.00781	0.00781	0.01041	0.01691	0.03513	0.01952	0.81135	0.02732	0.00520	0.00520	0.00781	0.00325	0.00325
18	0.01163	0.00977	0.01362	0.39648	0.02460	0.01048	0.01087	0.08084	0.05386	0.04425	0.01483	0.01712	0.07514	0.00599	0.00512	0.00153	0.00564	0.00505	0.00339	0.20978
19	0.01410	0.75880	0.08169	0.00962	0.01445	0.02062	0.00994	0.01614	0.01094	0.01294	0.00762	0.00880	0.00688	0.00463	0.00356	0.00119	0.00590	0.00295	0.00229	0.00696
20	0.00653	0.00471	0.00619	0.00738	0.00776	0.00437	0.00494	0.00748	0.01037	0.01374	0.03072	0.77325	0.06937	0.01667	0.00683	0.00216	0.00310	0.01508	0.00498	0.00437
21	0.01267	0.01448	0.03167	0.02262	0.02805	0.01357	0.75837	0.01719	0.01267	0.01719	0.01086	0.01448	0.00814	0.00452	0.00633	0.00181	0.00905	0.00633	0.00271	0.00724
22	0.00696	0.00489	0.00606	0.00682	0.00711	0.00465	0.00435	0.00760	0.00954	0.01263	0.02659	0.50770	0.06845	0.28500	0.01374	0.00318	0.00380	0.01254	0.00440	0.00399
23	0.00689	0.00529	0.00631	0.00640	0.00767	0.00471	0.00467	0.00863	0.01301	0.01716	0.33892	0.20942	0.32508	0.01323	0.00645	0.00184	0.00273	0.01152	0.00536	0.00471
24	0.00959	0.00850	0.01200	0.01090	0.01131	0.01112	0.00871	0.01096	0.00835	0.01246	0.01120	0.01815	0.01106	0.10500	0.34967	0.00533	0.38238	0.00547	0.00267	0.00514
25	0.01435	0.81458	0.02813	0.00918	0.01378	0.02124	0.00918	0.01607	0.01091	0.01263	0.00746	0.00861	0.00689	0.00459	0.00344	0.00115	0.00574	0.00287	0.00230	0.00689
26	0.00781	0.00520	0.00585	0.00585	0.00585	0.00520	0.00325	0.00781	0.00781	0.01041	0.01691	0.03513	0.01952	0.81135	0.02732	0.00520	0.00520	0.00781	0.00325	0.00325
27	0.00754	0.00548	0.00710	0.00669	0.00798	0.00504	0.00502	0.01002	0.01506	0.02121	0.74274	0.04062	0.08314	0.01109	0.00633	0.00169	0.00254	0.00978	0.00587	0.00504
28	0.01267	0.01448	0.03167	0.02262	0.02805	0.01357	0.75837	0.01719	0.01267	0.01719	0.01086	0.01448	0.00814	0.00452	0.00633	0.00181	0.00905	0.00633	0.00271	0.00724
29	0.01329	0.01275	0.02179	0.03295	0.77787	0.01275	0.01647	0.01647	0.01222	0.01754	0.01010	0.01329	0.00850	0.00478	0.00531	0.00159	0.00638	0.00478	0.00266	0.00850
30	0.01373	0.01145	0.01215	0.01087	0.01395	0.01316	0.00847	0.02844	0.74130	0.04955	0.02182	0.01996	0.01628	0.00726	0.00546	0.00181	0.00426	0.00604	0.00550	0.00852
31	0.01188	0.00925	0.01126	0.00950	0.01247	0.00929	0.04577	0.03357	0.29626	0.07743	0.20290	0.02612	0.09718	0.00811	0.00558	0.00163	0.00395	0.00699	0.00514	0.12574
32	0.00702	0.00562	0.00705	0.00757	0.00828	0.00565	0.00542	0.00810	0.01063	0.01385	0.03438	0.50918	0.24488	0.01513	0.00781	0.00209	0.08501	0.01305	0.00471	0.00456
33	0.00661	0.00470	0.00621	0.00739	0.00769	0.00440	0.00489	0.00749	0.01015	0.01353	0.02893	0.76782	0.03467	0.05797	0.00791	0.00234	0.00322	0.01487	0.00489	0.00430
34	0.01504	0.01153	0.01514	0.05482	0.25804	0.01226	0.01082	0.29977	0.01689	0.02421	0.01299	0.01487	0.00999	0.00581	0.00495	0.00152	0.00526	0.00486	0.21348	0.00774
35	0.00662	0.00488	0.00619	0.00706	0.00772	0.00446	0.00484	0.00779	0.01111	0.01464	0.11033	0.60158	0.16177	0.01567	0.00671	0.00207	0.00299	0.01403	0.00508	0.00446
36	0.01465	0.01553	0.01199	0.01088	0.01337	0.31988	0.00827	0.07046	0.19476	0.01831	0.14316	0.06201	0.07805	0.00812	0.00549	0.00163	0.00606	0.00643	0.00439	0.00655
37	0.01080	0.01096	0.02056	0.01601	0.01873	0.01190	0.34224	0.01368	0.01032	0.01463	0.01123	0.01636	0.00978	0.03325	0.25389	0.00413	0.18694	0.00582	0.00269	0.00609
38	0.00779	0.00541	0.00683	0.00703	0.00740	0.00563	0.00473	0.00856	0.00860	0.01166	0.01814	0.07485	0.02003	0.50084	0.20973	0.00560	0.00730	0.08259	0.00342	0.00386
39	0.01066	0.00880	0.01065	0.00825	0.01173	0.00760	0.00658	0.01285	0.01169	0.04041	0.13423	0.01910	0.07370	0.00646	0.00597	0.00120	0.08559	0.00506	0.00377	0.53570
40	0.16709	0.01547	0.01286	0.01099	0.01429	0.20810	0.00868	0.24602	0.16267	0.02347	0.01441	0.01458	0.04242	0.00642	0.00488	0.00160	0.00598	0.00466	0.02803	0.00737
41	0.01280	0.47463	0.35451	0.01183	0.01786	0.01745	0.01379	0.01647	0.01109	0.01452	0.00840	0.00979	0.00685	0.00481	0.00416	0.00139	0.00669	0.00334	0.00228	0.00734
42	0.01122	0.28615	0.24449	0.01130	0.01532	0.01433	0.01179	0.01404	0.01057	0.01423	0.01380	0.14714	0.04474	0.00794	0.00683	0.00170	0.12909	0.00594	0.00287	0.00651
43	0.00980	0.00837	0.01239	0.01028	0.01279	0.00847	0.08421	0.02527	0.01010	0.01501	0.01209	0.01662	0.01072	0.02216	0.38621	0.00485	0.07439	0.00495	0.02536	0.24597
44	0.00828	0.00600	0.00737	0.00730	0.00792	0.00647	0.00493	0.01047	0.08627	0.01243	0.01721	0.06388	0.01803	0.45576	0.25899	0.00577	0.00784	0.00733	0.00344	0.00431

[dist]
# distance from previous block
# <min> <max>
0	1

[block]
# block no. 2 follows, 45 sequences, length 58
# corresponding to MSA columns:
# 609,615-671
name=unknown_C
#
# <colnr> <probs for GDERKNQSTAVLIFYWHMCP>
#	G	D	E	R	K	N	Q	S	T	A	V	L	I	F	Y	W	H	M	C	P
0	0.41867	0.10445	0.01002	0.00716	0.00957	0.01093	0.00557	0.04189	0.00965	0.03411	0.01113	0.01793	0.01082	0.27575	0.01152	0.00279	0.00477	0.00467	0.00332	0.00528
1	0.01795	0.01015	0.06066	0.01155	0.08679	0.00844	0.00878	0.02116	0.06468	0.44320	0.06676	0.02188	0.07314	0.04443	0.00647	0.00182	0.00468	0.00604	0.00546	0.03594
2	0.00696	0.00546	0.00629	0.00609	0.00763	0.00479	0.00456	0.00890	0.01369	0.01796	0.40967	0.04596	0.41823	0.01230	0.00634	0.00175	0.00263	0.01053	0.00544	0.00479
3	0.01435	0.81458	0.02813	0.00918	0.01378	0.02124	0.00918	0.01607	0.01091	0.01263	0.00746	0.00861	0.00689	0.00459	0.00344	0.00115	0.00574	0.00287	0.00230	0.00689
4	0.00637	0.00535	0.00553	0.00568	0.00731	0.00451	0.00419	0.00768	0.01200	0.01441	0.05143	0.14160	0.68765	0.01398	0.00640	0.00186	0.00277	0.01180	0.00498	0.00451
5	0.10026	0.01251	0.01335	0.01068	0.01448	0.02885	0.00870	0.36948	0.13286	0.18733	0.01560	0.01499	0.01097	0.00644	0.00510	0.00163	0.00511	0.00493	0.04828	0.00844
6	0.01409	0.01428	0.02101	0.03067	0.68732	0.10517	0.01575	0.01706	0.01258	0.01701	0.00988	0.01286	0.00831	0.00487	0.00526	0.00157	0.00677	0.00463	0.00267	0.00823
7	0.00781	0.00520	0.00585	0.00585	0.00585	0.00520	0.00325	0.00781	0.00781	0.01041	0.01691	0.03513	0.01952	0.81135	0.02732	0.00520	0.00520	0.00781	0.00325	0.00325
8	0.01017	0.00945	0.01578	0.75850	0.03558	0.01181	0.01451	0.01366	0.01070	0.01389	0.00973	0.01443	0.00735	0.00548	0.00557	0.00178	0.02351	0.00478	0.02740	0.00593
9	0.04957	0.01211	0.01360	0.01068	0.01471	0.05442	0.00873	0.25959	0.06362	0.42974	0.01741	0.01587	0.01155	0.00650	0.00529	0.00164	0.00524	0.00507	0.00584	0.00882
10	0.00653	0.00470	0.00620	0.00740	0.00777	0.00437	0.00495	0.00748	0.01035	0.01373	0.03047	0.78103	0.06176	0.01670	0.00683	0.00217	0.00310	0.01512	0.00498	0.00437
11	0.01051	0.01199	0.10784	0.60002	0.12125	0.01193	0.01548	0.01430	0.01097	0.01455	0.01002	0.02979	0.00784	0.00550	0.00536	0.00176	0.00708	0.00489	0.00246	0.00646
12	0.01171	0.01078	0.01618	0.41483	0.18654	0.01250	0.01343	0.01848	0.22492	0.01699	0.01313	0.01571	0.01005	0.00578	0.00538	0.00176	0.00617	0.00514	0.00331	0.00721
13	0.00654	0.00467	0.00623	0.00747	0.00779	0.00436	0.00498	0.00747	0.01028	0.01370	0.02959	0.80785	0.03550	0.01682	0.00685	0.00218	0.00311	0.01526	0.00498	0.00436
14	0.01077	0.02777	0.78354	0.01530	0.02323	0.01247	0.01983	0.01700	0.01133	0.01700	0.00963	0.01133	0.00680	0.00510	0.00510	0.00170	0.00793	0.00397	0.00227	0.00793
15	0.00715	0.00545	0.00657	0.00632	0.00775	0.00487	0.00473	0.00925	0.01409	0.01898	0.51531	0.05992	0.29610	0.01198	0.00635	0.00174	0.00261	0.01037	0.00558	0.00487
16	0.01427	0.01663	0.02475	0.01885	0.02258	0.20172	0.43317	0.01739	0.01242	0.01539	0.00950	0.01279	0.00763	0.00571	0.00816	0.00181	0.16251	0.00532	0.00266	0.00673
17	0.01314	0.01261	0.02152	0.06845	0.74350	0.01272	0.01640	0.01635	0.01215	0.01736	0.01007	0.01333	0.00844	0.00481	0.00532	0.00160	0.00641	0.00478	0.00264	0.00838
18	0.00711	0.00595	0.00625	0.00609	0.00792	0.00534	0.00459	0.00979	0.07508	0.01622	0.16051	0.04730	0.60353	0.01268	0.00627	0.00179	0.00282	0.01065	0.00516	0.00494
19	0.01592	0.03950	0.01421	0.01098	0.01494	0.26789	0.03239	0.09634	0.01423	0.06354	0.01026	0.01150	0.00814	0.00568	0.02041	0.00133	0.00653	0.00372	0.00344	0.35905
20	0.00657	0.00535	0.00582	0.00590	0.00744	0.00460	0.00435	0.00808	0.01249	0.01556	0.16996	0.13970	0.56840	0.01355	0.00640	0.00184	0.00274	0.01153	0.00514	0.00460
21	0.08931	0.01627	0.04996	0.20140	0.08192	0.27777	0.01127	0.08958	0.01374	0.01752	0.01015	0.01247	0.00793	0.00553	0.00482	0.00154	0.00711	0.00415	0.09101	0.00654
22	0.01274	0.01427	0.03050	0.02385	0.11724	0.01348	0.67013	0.01711	0.01262	0.01724	0.01077	0.01434	0.00819	0.00456	0.00621	0.00178	0.00873	0.00615	0.00271	0.00739
23	0.00704	0.00539	0.00624	0.00612	0.00742	0.00482	0.00443	0.00870	0.01282	0.01684	0.34290	0.08209	0.35343	0.10757	0.00886	0.00218	0.00296	0.01044	0.00516	0.00459
24	0.00896	0.00661	0.00931	0.05431	0.01130	0.00630	0.05116	0.01183	0.03486	0.05698	0.48296	0.03693	0.13925	0.01026	0.00616	0.00173	0.00344	0.03003	0.03216	0.00546
25	0.84927	0.01038	0.00789	0.00706	0.01038	0.01204	0.00581	0.01578	0.00914	0.02408	0.00747	0.00872	0.00581	0.00498	0.00332	0.00166	0.00415	0.00291	0.00332	0.00581
26	0.00648	0.00529	0.00575	0.00609	0.00752	0.00455	0.00447	0.00778	0.01178	0.01437	0.04756	0.22953	0.57336	0.01440	0.00650	0.00192	0.00290	0.04026	0.00498	0.00451
27	0.01212	0.01349	0.02872	0.02085	0.02559	0.01292	0.65675	0.01618	0.01215	0.01657	0.01165	0.04387	0.00953	0.02375	0.03656	0.00217	0.04081	0.00660	0.00280	0.00690
28	0.01215	0.00965	0.01496	0.24513	0.02115	0.01039	0.07881	0.01482	0.01093	0.11094	0.01154	0.01488	0.00912	0.01102	0.12669	0.00269	0.11036	0.00481	0.00318	0.17678
29	0.00673	0.00482	0.00644	0.00766	0.00808	0.00453	0.00530	0.00781	0.01050	0.01393	0.02993	0.72558	0.04852	0.01658	0.00689	0.00220	0.00327	0.08182	0.00498	0.00442
30	0.01025	0.00966	0.01631	0.76983	0.06467	0.01196	0.01497	0.01382	0.01079	0.01386	0.00956	0.01427	0.00721	0.00534	0.00536	0.00178	0.00713	0.00477	0.00240	0.00606
31	0.26489	0.02966	0.01235	0.00973	0.01349	0.07254	0.00796	0.17982	0.03615	0.28683	0.02770	0.01387	0.01032	0.00608	0.00471	0.00162	0.00511	0.00443	0.00495	0.00779
32	0.01263	0.01435	0.03097	0.02223	0.02741	0.01371	0.72374	0.01700	0.01246	0.01700	0.01068	0.01435	0.00809	0.00475	0.00686	0.00183	0.04580	0.00626	0.00270	0.00718
33	0.00660	0.00475	0.00628	0.00747	0.00787	0.00442	0.00507	0.00760	0.01042	0.01381	0.03050	0.75489	0.06374	0.01663	0.00685	0.00218	0.00316	0.03840	0.00498	0.00439
34	0.01271	0.01481	0.05160	0.02094	0.02592	0.04095	0.63442	0.01726	0.03335	0.01712	0.03285	0.01498	0.00946	0.00506	0.00672	0.00181	0.04387	0.00618	0.00285	0.00714
35	0.01207	0.14715	0.24846	0.01471	0.01868	0.01552	0.11642	0.01583	0.03934	0.01504	0.00898	0.01181	0.00746	0.00659	0.00957	0.00187	0.29663	0.00446	0.00249	0.00694
36	0.00650	0.00485	0.00605	0.00701	0.00766	0.00440	0.00478	0.00753	0.01072	0.01388	0.03524	0.63536	0.20434	0.01608	0.00674	0.00210	0.00302	0.01436	0.00498	0.00440
37	0.00970	0.00713	0.00787	0.00726	0.00945	0.00689	0.00558	0.01441	0.18156	0.08523	0.17527	0.03956	0.40730	0.01110	0.00606	0.00178	0.00319	0.00934	0.00541	0.00592
38	0.01001	0.00500	0.00500	0.00500	0.00625	0.00500	0.00375	0.01251	0.01126	0.02001	0.01751	0.02001	0.01376	0.00625	0.00375	0.00125	0.00250	0.00500	0.84115	0.00500
39	0.00795	0.00617	0.00715	0.00720	0.00857	0.03026	0.00558	0.01007	0.01356	0.01819	0.37871	0.09058	0.20518	0.01219	0.00639	0.00185	0.00326	0.13812	0.04412	0.00492
40	0.01195	0.01139	0.01938	0.35680	0.46442	0.01240	0.01581	0.01531	0.01159	0.01592	0.00986	0.01372	0.00793	0.00503	0.00534	0.00168	0.00671	0.00478	0.00254	0.00743
41	0.01925	0.01371	0.01471	0.01141	0.01535	0.01507	0.00938	0.65476	0.02336	0.04880	0.01362	0.01385	0.00977	0.00643	0.00518	0.00157	0.00547	0.00487	0.10480	0.00864
42	0.00647	0.00510	0.00584	0.00638	0.00751	0.00447	0.00451	0.00767	0.01145	0.01434	0.06314	0.38608	0.42818	0.01495	0.00657	0.00197	0.00289	0.01302	0.00501	0.00447
43	0.01710	0.01379	0.01524	0.03021	0.11292	0.08170	0.02333	0.31480	0.19326	0.07053	0.01487	0.01511	0.01100	0.00629	0.00526	0.00163	0.00571	0.00506	0.05387	0.00831
44	0.04827	0.20584	0.06239	0.01105	0.01477	0.12126	0.00974	0.25253	0.03853	0.03597	0.01109	0.01214	0.00866	0.00594	0.00536	0.00149	0.05610	0.00411	0.08740	0.00737
45	0.00756	0.00569	0.00702	0.00668	0.00809	0.00526	0.00501	0.01031	0.04269	0.02009	0.59739	0.05732	0.18400	0.01144	0.00631	0.00173	0.00264	0.00999	0.00570	0.00508
46	0.01301	0.25755	0.17499	0.10639	0.08796	0.01412	0.01209	0.04519	0.05974	0.06796	0.05718	0.01604	0.05410	0.00606	0.00484	0.00154	0.00589	0.00481	0.00330	0.00724
47	0.01386	0.60827	0.19005	0.01065	0.01594	0.01914	0.01152	0.05077	0.01166	0.01455	0.00818	0.00939	0.00697	0.00479	0.00389	0.00129	0.00622	0.00320	0.00243	0.00722
48	0.00687	0.00541	0.00620	0.00610	0.00760	0.00474	0.00454	0.00869	0.01334	0.01735	0.35015	0.08961	0.43490	0.01270	0.00637	0.00178	0.00266	0.01088	0.00537	0.00474
49	0.00640	0.00522	0.00566	0.00601	0.00740	0.00448	0.00433	0.00764	0.01168	0.01428	0.04738	0.26518	0.56669	0.01450	0.00649	0.00192	0.00283	0.01244	0.00498	0.00448
50	0.01138	0.00889	0.01006	0.05534	0.01269	0.00978	0.00723	0.01997	0.40280	0.05424	0.06606	0.10491	0.08427	0.08928	0.00785	0.00216	0.00413	0.00768	0.03451	0.00678
51	0.23290	0.10640	0.01541	0.24163	0.03330	0.01418	0.01064	0.07136	0.01113	0.04498	0.00894	0.01167	0.00714	0.00608	0.00701	0.00177	0.16199	0.00407	0.00300	0.00641
52	0.01001	0.00500	0.00500	0.00500	0.00625	0.00500	0.00375	0.01251	0.01126	0.02001	0.01751	0.02001	0.01376	0.00625	0.00375	0.00125	0.00250	0.00500	0.84115	0.00500
53	0.84927	0.01038	0.00789	0.00706	0.01038	0.01204	0.00581	0.01578	0.00914	0.02408	0.00747	0.00872	0.00581	0.00498	0.00332	0.00166	0.00415	0.00291	0.00332	0.00581
54	0.84927	0.01038	0.00789	0.00706	0.01038	0.01204	0.00581	0.01578	0.00914	0.02408	0.00747	0.00872	0.00581	0.00498	0.00332	0.00166	0.00415	0.00291	0.00332	0.00581
55	0.01435	0.81458	0.02813	0.00918	0.01378	0.02124	0.00918	0.01607	0.01091	0.01263	0.00746	0.00861	0.00689	0.00459	0.00344	0.00115	0.00574	0.00287	0.00230	0.00689
56	0.01759	0.02033	0.01702	0.01941	0.24799	0.47857	0.01215	0.06291	0.01478	0.01580	0.00987	0.01288	0.00843	0.00571	0.00511	0.00150	0.00828	0.03167	0.00297	0.00704
57	0.04178	0.01155	0.01279	0.01022	0.01366	0.01231	0.00829	0.43226	0.03694	0.14031	0.08006	0.04736	0.01490	0.00721	0.00526	0.00161	0.00482	0.00572	0.10494	0.00800

[dist]
# distance from previous block
# <min> <max>
0	1

[block]
# block no. 3 follows, 45 sequences, length 71
# corresponding to MSA columns:
# 673-743
name=unknown_D
#
# <colnr> <probs for GDERKNQSTAVLIFYWHMCP>
#	G	D	E	R	K	N	Q	S	T	A	V	L	I	F	Y	W	H	M	C	P
0	0.01763	0.21049	0.10844	0.01291	0.01671	0.51867	0.01120	0.01966	0.01375	0.01347	0.00826	0.00962	0.00689	0.00526	0.00454	0.00137	0.00855	0.00338	0.00260	0.00658
1	0.67264	0.01063	0.00980	0.07693	0.03456	0.01249	0.00741	0.04445	0.00993	0.02274	0.00791	0.00967	0.00620	0.00532	0.00446	0.00171	0.05056	0.00330	0.00325	0.00603
2	0.05849	0.00868	0.01016	0.01245	0.17604	0.06583	0.00683	0.01118	0.00940	0.01296	0.01423	0.02692	0.01537	0.52796	0.01944	0.00392	0.00573	0.00654	0.00309	0.00477
3	0.01000	0.00837	0.01217	0.00992	0.01257	0.00789	0.11525	0.05927	0.06981	0.02072	0.41068	0.07074	0.03241	0.00879	0.00590	0.00161	0.00405	0.00801	0.00493	0.12690
4	0.00932	0.00466	0.00699	0.00699	0.00699	0.00466	0.00466	0.00699	0.00699	0.00932	0.00932	0.01632	0.00932	0.01865	0.02098	0.84382	0.00466	0.00466	0.00233	0.00233
5	0.01656	0.01978	0.01513	0.26125	0.02266	0.51618	0.01157	0.01868	0.01366	0.01357	0.00902	0.01151	0.00723	0.00551	0.00497	0.00151	0.00863	0.00393	0.03258	0.00610
6	0.01415	0.02329	0.51383	0.01426	0.02092	0.01394	0.01645	0.27811	0.01622	0.02291	0.01078	0.01188	0.00762	0.00557	0.00519	0.00167	0.00722	0.00427	0.00336	0.00835
7	0.00654	0.00467	0.00623	0.00747	0.00779	0.00436	0.00498	0.00747	0.01028	0.01370	0.02959	0.80785	0.03550	0.01682	0.00685	0.00218	0.00311	0.01526	0.00498	0.00436
8	0.01261	0.01270	0.02339	0.14519	0.44831	0.01294	0.21144	0.01615	0.01201	0.01675	0.01013	0.01371	0.00817	0.00493	0.00592	0.00170	0.02843	0.00519	0.00262	0.00772
9	0.01733	0.01239	0.01330	0.01068	0.01423	0.02724	0.00865	0.45622	0.09679	0.09362	0.06050	0.03236	0.09178	0.00767	0.00550	0.00166	0.00503	0.00609	0.03088	0.00812
10	0.01795	0.00769	0.01023	0.00856	0.01158	0.00671	0.00677	0.01976	0.01405	0.51222	0.06611	0.17234	0.10313	0.00956	0.00583	0.00178	0.00398	0.00814	0.00611	0.00751
11	0.01725	0.41377	0.02157	0.01154	0.01521	0.41167	0.00979	0.01880	0.01309	0.01289	0.00789	0.00915	0.00690	0.00507	0.00415	0.00127	0.00774	0.00317	0.00253	0.00655
12	0.00763	0.00518	0.00586	0.00595	0.00608	0.00510	0.00343	0.00778	0.00824	0.01089	0.02001	0.09304	0.06426	0.70683	0.02460	0.00479	0.00491	0.00856	0.00348	0.00341
13	0.02149	0.01329	0.01503	0.01152	0.01577	0.01405	0.00952	0.54269	0.02231	0.25524	0.01534	0.01448	0.01036	0.00650	0.00538	0.00163	0.00551	0.00500	0.00575	0.00913
14	0.07771	0.00614	0.00857	0.00850	0.00965	0.00715	0.00664	0.01010	0.00867	0.01343	0.01380	0.02006	0.01279	0.03732	0.72460	0.00805	0.01353	0.00551	0.00291	0.00488
15	0.02005	0.02558	0.01521	0.01383	0.01659	0.78980	0.01037	0.02143	0.01521	0.01314	0.00830	0.00968	0.00691	0.00553	0.00484	0.00138	0.00968	0.00346	0.00277	0.00622
16	0.01359	0.01261	0.01125	0.01079	0.01296	0.20964	0.00876	0.14849	0.01526	0.01856	0.02100	0.06666	0.05177	0.01049	0.00612	0.00193	0.00603	0.31821	0.04988	0.00599
17	0.00660	0.00472	0.00630	0.00755	0.00789	0.00442	0.00509	0.00759	0.01034	0.01377	0.02955	0.78504	0.03536	0.01676	0.00687	0.00219	0.00317	0.03744	0.00498	0.00438
18	0.01259	0.31174	0.02316	0.25470	0.15211	0.01595	0.08827	0.01538	0.01112	0.01427	0.00887	0.01189	0.00738	0.00510	0.00536	0.00155	0.04706	0.00422	0.00243	0.00687
19	0.01357	0.01035	0.01345	0.07735	0.05670	0.01161	0.03211	0.27714	0.03020	0.03271	0.01332	0.01644	0.01077	0.01690	0.25099	0.00383	0.04248	0.00520	0.07797	0.00690
20	0.00715	0.00533	0.00665	0.00661	0.00782	0.00483	0.00484	0.00916	0.01371	0.01868	0.49358	0.17732	0.19947	0.01255	0.00643	0.00180	0.00267	0.01102	0.00555	0.00483
21	0.04688	0.78325	0.02734	0.00910	0.01364	0.02088	0.00905	0.01606	0.01084	0.01308	0.00746	0.00862	0.00685	0.00461	0.00344	0.00117	0.00568	0.00287	0.00234	0.00685
22	0.09870	0.01242	0.01290	0.07616	0.01586	0.04888	0.00900	0.26629	0.26537	0.03885	0.03500	0.01608	0.01238	0.00655	0.00509	0.00167	0.00512	0.00513	0.06075	0.00781
23	0.02191	0.01262	0.01461	0.01120	0.01544	0.01306	0.00925	0.45931	0.02119	0.34021	0.01628	0.01509	0.01083	0.00653	0.00538	0.00163	0.00536	0.00506	0.00589	0.00913
24	0.00666	0.00479	0.00635	0.00756	0.00798	0.00448	0.00518	0.00771	0.01047	0.01387	0.03027	0.73855	0.05776	0.01660	0.00687	0.00219	0.00322	0.06012	0.00498	0.00440
25	0.01088	0.02700	0.74014	0.01572	0.02351	0.01253	0.06246	0.01701	0.01141	0.01701	0.00970	0.01151	0.00688	0.00507	0.00517	0.00171	0.00800	0.00410	0.00229	0.00789
26	0.00771	0.00544	0.00694	0.03756	0.00815	0.00571	0.00471	0.00841	0.00840	0.01140	0.01755	0.12299	0.01953	0.50824	0.19934	0.00550	0.00714	0.00810	0.00334	0.00384
27	0.01933	0.00980	0.01206	0.00989	0.01349	0.00970	0.00795	0.02614	0.28619	0.46719	0.06237	0.02009	0.01643	0.00711	0.00547	0.00172	0.00434	0.00587	0.00618	0.00868
28	0.01253	0.01206	0.01999	0.01443	0.01926	0.01085	0.30936	0.07635	0.01281	0.01855	0.01026	0.01264	0.00809	0.00459	0.00552	0.00133	0.03444	0.00464	0.00314	0.40915
29	0.01064	0.00840	0.01024	0.00948	0.00976	0.07166	0.00706	0.00999	0.00815	0.01088	0.00952	0.01635	0.00957	0.08214	0.06074	0.43032	0.22390	0.00489	0.00248	0.00383
30	0.00654	0.00467	0.00623	0.00747	0.00779	0.00436	0.00498	0.00747	0.01028	0.01370	0.02959	0.80785	0.03550	0.01682	0.00685	0.00218	0.00311	0.01526	0.00498	0.00436
31	0.01186	0.02012	0.35105	0.01951	0.02601	0.01310	0.44466	0.01711	0.01210	0.01711	0.01034	0.01314	0.00757	0.00477	0.00581	0.00176	0.00858	0.00533	0.00252	0.00753
32	0.01174	0.01440	0.12737	0.01264	0.01448	0.10303	0.01128	0.01448	0.04163	0.01541	0.13816	0.04497	0.01572	0.00876	0.01151	0.00200	0.39735	0.00572	0.00320	0.00613
33	0.00653	0.00470	0.00620	0.00740	0.00777	0.00437	0.00495	0.00748	0.01035	0.01373	0.03045	0.78157	0.06123	0.01671	0.00683	0.00217	0.00310	0.01512	0.00498	0.00437
34	0.01918	0.05191	0.01524	0.01317	0.01604	0.66287	0.01002	0.05866	0.04751	0.01472	0.00997	0.01110	0.01954	0.00576	0.00485	0.00141	0.00887	0.00377	0.01899	0.00644
35	0.00654	0.00467	0.00623	0.00747	0.00779	0.00436	0.00498	0.00747	0.01028	0.01370	0.02959	0.80785	0.03550	0.01682	0.00685	0.00218	0.00311	0.01526	0.00498	0.00436
36	0.01598	0.01276	0.01652	0.33569	0.02530	0.01462	0.03212	0.43344	0.01894	0.02512	0.01146	0.01352	0.00829	0.00595	0.00539	0.00169	0.00650	0.00485	0.00407	0.00778
37	0.01174	0.01174	0.01644	0.01409	0.01409	0.01644	0.01174	0.01292	0.00822	0.01292	0.00705	0.01174	0.00705	0.00940	0.01762	0.00235	0.80153	0.00470	0.00235	0.00587
38	0.02005	0.02558	0.01521	0.01383	0.01659	0.78980	0.01037	0.02143	0.01521	0.01314	0.00830	0.00968	0.00691	0.00553	0.00484	0.00138	0.00968	0.00346	0.00277	0.00622
39	0.01291	0.01381	0.02786	0.02661	0.31757	0.01326	0.47191	0.01692	0.01250	0.01733	0.01057	0.01402	0.00828	0.00462	0.00594	0.00173	0.00802	0.00574	0.00269	0.00773
40	0.00652	0.00477	0.00613	0.00721	0.00772	0.00438	0.00487	0.00750	0.01053	0.01380	0.03275	0.71132	0.12999	0.01641	0.00679	0.00213	0.00306	0.01476	0.00498	0.00438
41	0.01075	0.01045	0.07543	0.07544	0.01461	0.04232	0.04877	0.01636	0.17274	0.05129	0.37242	0.02793	0.04211	0.00852	0.00586	0.00172	0.00447	0.00745	0.00493	0.00643
42	0.01924	0.01688	0.01641	0.01448	0.07984	0.17950	0.01085	0.49909	0.02106	0.02690	0.01135	0.01218	0.00849	0.00628	0.00596	0.00160	0.05266	0.00453	0.00442	0.00828
43	0.00870	0.00575	0.00740	0.00683	0.00837	0.00522	0.00518	0.01108	0.01491	0.07734	0.64726	0.03963	0.12003	0.01091	0.00626	0.00170	0.00270	0.00955	0.00587	0.00531
44	0.01621	0.05648	0.07891	0.04554	0.04488	0.01268	0.02211	0.24237	0.07102	0.14918	0.01400	0.02798	0.01081	0.06014	0.00735	0.00185	0.05151	0.00508	0.00439	0.07751
45	0.02272	0.01110	0.07689	0.01022	0.01470	0.00888	0.00904	0.07652	0.01572	0.66585	0.01964	0.01732	0.01246	0.00650	0.00537	0.00166	0.00494	0.00524	0.00619	0.00903
46	0.00652	0.00524	0.00582	0.00611	0.00747	0.00454	0.00442	0.00788	0.01200	0.01497	0.11799	0.25379	0.50603	0.01421	0.00648	0.00190	0.00281	0.01223	0.00507	0.00454
47	0.01192	0.01136	0.01932	0.36569	0.45582	0.01239	0.01579	0.01527	0.01158	0.01588	0.00986	0.01373	0.00792	0.00504	0.00534	0.00168	0.00672	0.00478	0.00254	0.00740
48	0.01141	0.00824	0.05370	0.00867	0.01010	0.00770	0.00677	0.16666	0.01145	0.01544	0.01216	0.08186	0.01173	0.03708	0.04322	0.49519	0.00535	0.00566	0.00323	0.00437
49	0.00654	0.00467	0.00623	0.00747	0.00779	0.00436	0.00498	0.00747	0.01028	0.01370	0.02959	0.80785	0.03550	0.01682	0.00685	0.00218	0.00311	0.01526	0.00498	0.00436
50	0.01113	0.00954	0.01113	0.00795	0.01272	0.00716	0.00636	0.01352	0.01113	0.01749	0.00954	0.01113	0.00795	0.00398	0.00398	0.00080	0.00398	0.00318	0.00318	0.84417
51	0.01648	0.01963	0.01574	0.01394	0.01552	0.45692	0.01096	0.01777	0.01220	0.01304	0.00776	0.01057	0.00697	0.00719	0.01034	0.00180	0.35052	0.00399	0.00259	0.00607
52	0.00654	0.00467	0.00623	0.00747	0.00779	0.00436	0.00498	0.00747	0.01028	0.01370	0.02959	0.80785	0.03550	0.01682	0.00685	0.00218	0.00311	0.01526	0.00498	0.00436
53	0.01195	0.01139	0.01937	0.35811	0.46315	0.01240	0.01581	0.01530	0.01159	0.01591	0.00986	0.01372	0.00793	0.00503	0.00534	0.00168	0.00671	0.00478	0.00254	0.00742
54	0.01059	0.00863	0.01019	0.00999	0.05248	0.00919	0.00720	0.04061	0.32193	0.02176	0.37287	0.03013	0.06402	0.00911	0.00589	0.00174	0.00355	0.00788	0.00549	0.00675
55	0.00667	0.00477	0.00634	0.00739	0.00781	0.00444	0.00499	0.00779	0.01086	0.01463	0.11808	0.71671	0.03730	0.01612	0.00679	0.00212	0.00305	0.01460	0.00509	0.00444
56	0.01723	0.41550	0.02160	0.01153	0.01520	0.40998	0.00979	0.01879	0.01308	0.01289	0.00788	0.00915	0.00690	0.00507	0.00415	0.00127	0.00773	0.00317	0.00253	0.00655
57	0.00668	0.00480	0.00635	0.00734	0.00781	0.00446	0.00498	0.00785	0.01099	0.01480	0.13318	0.68777	0.05115	0.01595	0.00677	0.00211	0.00303	0.01442	0.00511	0.00446
58	0.02041	0.01504	0.01611	0.01235	0.01665	0.01665	0.01020	0.75997	0.02524	0.03383	0.01289	0.01289	0.00913	0.00644	0.00537	0.00161	0.00591	0.00483	0.00537	0.00913
59	0.00769	0.00567	0.00820	0.00820	0.00901	0.00648	0.00617	0.00931	0.00850	0.01214	0.01477	0.02327	0.01437	0.16003	0.67160	0.00810	0.01295	0.00607	0.00293	0.00455
60	0.02005	0.02558	0.01521	0.01383	0.01659	0.78980	0.01037	0.02143	0.01521	0.01314	0.00830	0.00968	0.00691	0.00553	0.00484	0.00138	0.00968	0.00346	0.00277	0.00622
61	0.01042	0.00836	0.01115	0.36213	0.04426	0.05092	0.00960	0.01324	0.01119	0.01622	0.01422	0.08226	0.01208	0.00665	0.00484	0.00159	0.00515	0.00566	0.32453	0.00555
62	0.00654	0.00467	0.00623	0.00747	0.00779	0.00436	0.00498	0.00747	0.01028	0.01370	0.02959	0.80785	0.03550	0.01682	0.00685	0.00218	0.00311	0.01526	0.00498	0.00436
63	0.01652	0.01746	0.01597	0.01395	0.03708	0.30234	0.08665	0.10174	0.31188	0.01952	0.01442	0.01468	0.01104	0.00619	0.00531	0.00163	0.00699	0.00496	0.00409	0.00759
64	0.01277	0.01227	0.06063	0.01715	0.11717	0.01284	0.18695	0.01546	0.01081	0.07925	0.01098	0.01458	0.00903	0.02373	0.03780	0.00222	0.29173	0.00524	0.07262	0.00676
65	0.00681	0.00532	0.00621	0.00653	0.00784	0.00472	0.00485	0.00836	0.01230	0.01569	0.17447	0.23304	0.40584	0.01401	0.00655	0.00193	0.00297	0.07278	0.00515	0.00462
66	0.01113	0.00954	0.01113	0.00795	0.01272	0.00716	0.00636	0.01352	0.01113	0.01749	0.00954	0.01113	0.00795	0.00398	0.00398	0.00080	0.00398	0.00318	0.00318	0.84417
67	0.01529	0.01350	0.08503	0.05865	0.02178	0.01202	0.32593	0.09600	0.05023	0.18059	0.06122	0.01666	0.01219	0.00588	0.00602	0.00175	0.01957	0.00587	0.00409	0.00773
68	0.00839	0.00572	0.00642	0.00628	0.00658	0.00576	0.00374	0.04864	0.00900	0.01196	0.01834	0.07352	0.03996	0.70606	0.02453	0.00477	0.00507	0.00812	0.00350	0.00366
69	0.01145	0.01140	0.01584	0.01362	0.01372	0.01579	0.01133	0.01264	0.00844	0.01300	0.00962	0.01391	0.04880	0.00962	0.01700	0.00232	0.75814	0.00506	0.00249	0.00580
70	0.01033	0.00671	0.00863	0.00819	0.01015	0.00619	0.00659	0.03890	0.01389	0.10444	0.28454	0.09040	0.09272	0.01141	0.00633	0.00187	0.00373	0.21425	0.00534	0.07538

[dist]
# distance from previous block
# <min> <max>
0	2

[block]
# block no. 4 follows, 45 sequences, length 25
# corresponding to MSA columns:
# 746-770
name=unknown_E
#
# <colnr> <probs for GDERKNQSTAVLIFYWHMCP>
#	G	D	E	R	K	N	Q	S	T	A	V	L	I	F	Y	W	H	M	C	P
0	0.04428	0.00712	0.00839	0.00809	0.00986	0.00748	0.00652	0.07922	0.06644	0.05161	0.05280	0.02988	0.03417	0.01317	0.09696	0.03947	0.00513	0.17870	0.25505	0.00566
1	0.01178	0.01122	0.01908	0.39790	0.42465	0.01236	0.01573	0.01516	0.01151	0.01571	0.00983	0.01377	0.00786	0.00506	0.00534	0.00169	0.00675	0.00478	0.00253	0.00729
2	0.01132	0.01061	0.01799	0.47924	0.32013	0.01201	0.01518	0.01456	0.01118	0.01504	0.00975	0.01398	0.00774	0.00557	0.00585	0.02900	0.00678	0.00477	0.00249	0.00682
3	0.00682	0.00500	0.00647	0.00754	0.00820	0.00465	0.00539	0.00804	0.01086	0.01416	0.03293	0.59099	0.13984	0.01607	0.00686	0.00217	0.00333	0.12122	0.00498	0.00447
4	0.01236	0.01342	0.02749	0.06392	0.15578	0.01311	0.52978	0.01632	0.01220	0.01675	0.01124	0.04565	0.00919	0.00531	0.00662	0.00181	0.04281	0.00627	0.00276	0.00722
5	0.00932	0.00690	0.00827	0.00789	0.00948	0.00683	0.00597	0.12542	0.02985	0.02028	0.32272	0.23774	0.12601	0.01224	0.00636	0.00186	0.00339	0.04855	0.00541	0.00551
6	0.00668	0.00473	0.00619	0.00730	0.00758	0.00445	0.00480	0.00751	0.01001	0.01335	0.02822	0.72457	0.03378	0.10244	0.00906	0.00251	0.00334	0.01446	0.00480	0.00424
7	0.01558	0.01864	0.01489	0.01321	0.01546	0.46760	0.07746	0.01715	0.01325	0.01364	0.01401	0.14910	0.04462	0.00814	0.00676	0.00168	0.09354	0.00621	0.00319	0.00589
8	0.00692	0.00539	0.00638	0.00695	0.00822	0.00485	0.00530	0.00844	0.01186	0.01489	0.07076	0.25441	0.39700	0.01460	0.00670	0.00204	0.00327	0.16243	0.00501	0.00459
9	0.03658	0.01399	0.01543	0.04975	0.01711	0.01542	0.01015	0.63875	0.02315	0.07094	0.01371	0.01518	0.01011	0.00673	0.00542	0.00166	0.00582	0.03614	0.00523	0.00873
10	0.02005	0.02558	0.01521	0.01383	0.01659	0.78980	0.01037	0.02143	0.01521	0.01314	0.00830	0.00968	0.00691	0.00553	0.00484	0.00138	0.00968	0.00346	0.00277	0.00622
11	0.02005	0.02558	0.01521	0.01383	0.01659	0.78980	0.01037	0.02143	0.01521	0.01314	0.00830	0.00968	0.00691	0.00553	0.00484	0.00138	0.00968	0.00346	0.00277	0.00622
12	0.00758	0.00531	0.00681	0.00699	0.00735	0.00558	0.00463	0.00834	0.00842	0.01155	0.01788	0.13981	0.01978	0.44661	0.27407	0.00590	0.00791	0.00819	0.00337	0.00391
13	0.00696	0.00515	0.00650	0.00682	0.00779	0.00469	0.00486	0.00864	0.01270	0.01717	0.35098	0.35233	0.16808	0.01378	0.00654	0.00191	0.00280	0.01223	0.00538	0.00469
14	0.01077	0.02777	0.78354	0.01530	0.02323	0.01247	0.01983	0.01700	0.01133	0.01700	0.00963	0.01133	0.00680	0.00510	0.00510	0.00170	0.00793	0.00397	0.00227	0.00793
15	0.01361	0.47276	0.28831	0.01171	0.01730	0.08603	0.01297	0.01687	0.01143	0.01419	0.00829	0.00965	0.00686	0.00485	0.00414	0.00136	0.00685	0.00330	0.00233	0.00719
16	0.00663	0.00474	0.00631	0.00741	0.00781	0.00442	0.00499	0.00771	0.01071	0.01439	0.09537	0.74009	0.03684	0.01630	0.00681	0.00214	0.00306	0.01477	0.00506	0.00442
17	0.01111	0.03206	0.19566	0.01115	0.01453	0.01002	0.02549	0.14141	0.08032	0.01907	0.02022	0.27835	0.02060	0.01060	0.00604	0.00194	0.00527	0.10523	0.00433	0.00659
18	0.54285	0.30552	0.01532	0.00784	0.01163	0.01542	0.00705	0.01589	0.00979	0.01988	0.00747	0.00868	0.00621	0.00484	0.00337	0.00147	0.00474	0.00289	0.00295	0.00621
19	0.00702	0.00530	0.00651	0.00678	0.00794	0.00479	0.00500	0.00877	0.01280	0.01698	0.31122	0.25305	0.25697	0.01359	0.00655	0.00191	0.00291	0.06188	0.00532	0.00471
20	0.02001	0.01016	0.01249	0.00985	0.01358	0.00992	0.00804	0.16787	0.08424	0.44034	0.05875	0.01820	0.01442	0.00681	0.00552	0.00162	0.01906	0.00545	0.04959	0.04407
21	0.01177	0.00999	0.01528	0.10537	0.41126	0.02636	0.01176	0.01457	0.01154	0.01721	0.01249	0.01650	0.01046	0.04824	0.02525	0.00188	0.00560	0.00500	0.23263	0.00686
22	0.00663	0.00474	0.00633	0.00758	0.00793	0.00444	0.00514	0.00763	0.01037	0.01381	0.02953	0.77509	0.03530	0.01673	0.00688	0.00219	0.00319	0.04711	0.00498	0.00439
23	0.01487	0.38130	0.12122	0.01083	0.01524	0.04892	0.01045	0.21091	0.01484	0.01891	0.01159	0.09627	0.01055	0.00650	0.00459	0.00146	0.00595	0.00489	0.00341	0.00731
24	0.10722	0.00956	0.01064	0.00875	0.01177	0.04309	0.00708	0.08752	0.01412	0.35494	0.01667	0.01651	0.01163	0.00644	0.00535	0.00157	0.04592	0.00485	0.22899	0.00738

[dist]
# distance from previous block
# <min> <max>
0	1

[block]
# block no. 5 follows, 45 sequences, length 81
# corresponding to MSA columns:
# 772-852
name=unknown_F
#
# <colnr> <probs for GDERKNQSTAVLIFYWHMCP>
#	G	D	E	R	K	N	Q	S	T	A	V	L	I	F	Y	W	H	M	C	P
0	0.00654	0.00467	0.00623	0.00747	0.00779	0.00436	0.00498	0.00747	0.01028	0.01370	0.02959	0.80785	0.03550	0.01682	0.00685	0.00218	0.00311	0.01526	0.00498	0.00436
1	0.01540	0.01391	0.01393	0.04027	0.02942	0.13218	0.02452	0.21419	0.31339	0.02228	0.01568	0.01628	0.01206	0.01056	0.09896	0.00251	0.00696	0.00525	0.00450	0.00776
2	0.01476	0.22867	0.29637	0.01291	0.01808	0.19552	0.01344	0.08558	0.02587	0.01649	0.00953	0.01140	0.00765	0.00549	0.00496	0.00151	0.02508	0.01663	0.00277	0.00729
3	0.00674	0.00481	0.00646	0.00770	0.00810	0.00453	0.00533	0.00782	0.01047	0.01393	0.02948	0.73755	0.03507	0.01663	0.00690	0.00221	0.00329	0.08360	0.00498	0.00441
