[name]
unknown

[dist]
# distance from previous block
# <min> <max>
0	62

[block]
# block no. 0 follows, 42 sequences, length 30
# corresponding to MSA columns:
# 65-94
name=unknown_A
#
# <colnr> <probs for GDERKNQSTAVLIFYWHMCP>
#	G	D	E	R	K	N	Q	S	T	A	V	L	I	F	Y	W	H	M	C	P
0	0.05512	0.00614	0.00782	0.00861	0.00984	0.00597	0.00682	0.01061	0.01244	0.03263	0.10862	0.28792	0.10389	0.01490	0.00708	0.00228	0.00404	0.30491	0.00525	0.00510
1	0.00810	0.00607	0.00666	0.00646	0.00837	0.00529	0.00491	0.01013	0.03169	0.05689	0.16794	0.06927	0.55475	0.01337	0.00661	0.00190	0.00303	0.02787	0.00549	0.00521
2	0.00818	0.00546	0.00614	0.00614	0.00614	0.00546	0.00341	0.00818	0.00818	0.01091	0.01773	0.03683	0.02046	0.80222	0.02864	0.00546	0.00546	0.00818	0.00341	0.00341
3	0.01159	0.00683	0.00918	0.00942	0.01119	0.00651	0.00773	0.01415	0.03437	0.15567	0.08380	0.18282	0.06587	0.01376	0.00708	0.00227	0.00445	0.36173	0.00561	0.00598
4	0.01377	0.00696	0.00925	0.00888	0.01078	0.00638	0.00664	0.04097	0.01326	0.27399	0.02732	0.46892	0.02804	0.01350	0.00664	0.00209	0.00398	0.04630	0.00583	0.00649
5	0.00703	0.00519	0.00665	0.00762	0.00831	0.00471	0.00518	0.00812	0.01104	0.01462	0.03300	0.68483	0.11566	0.01671	0.00700	0.00218	0.00326	0.01503	0.00515	0.03871
6	0.00804	0.00603	0.00904	0.00904	0.01005	0.00703	0.00703	0.01005	0.00904	0.01306	0.01507	0.02211	0.01407	0.04221	0.77992	0.00904	0.01507	0.00603	0.00301	0.00502
7	0.00729	0.00560	0.00672	0.00736	0.00838	0.00521	0.00516	0.00937	0.05367	0.01577	0.09625	0.47813	0.24926	0.01560	0.00690	0.00211	0.00316	0.01380	0.00533	0.00493
8	0.00696	0.00549	0.00632	0.00686	0.00815	0.00485	0.00502	0.00838	0.01225	0.01532	0.07162	0.30840	0.43170	0.01541	0.00692	0.00208	0.00317	0.07110	0.00526	0.00474
9	0.01063	0.01000	0.01688	0.78870	0.03876	0.01250	0.01563	0.01438	0.01125	0.01438	0.01000	0.01500	0.00750	0.00563	0.00563	0.00188	0.00750	0.00500	0.00250	0.00625
10	0.03340	0.05021	0.00999	0.00949	0.01082	0.13810	0.00702	0.03906	0.01246	0.01554	0.02463	0.50016	0.02823	0.01401	0.00654	0.00208	0.00491	0.08338	0.00465	0.00533
11	0.01259	0.01200	0.02042	0.34096	0.47119	0.01302	0.01660	0.01610	0.01218	0.01676	0.01035	0.01437	0.00834	0.00526	0.00559	0.00175	0.00702	0.00501	0.00267	0.00783
12	0.00813	0.00569	0.00730	0.00730	0.00770	0.00609	0.00486	0.00893	0.00853	0.01177	0.01667	0.03095	0.01791	0.49869	0.32868	0.00689	0.00930	0.00732	0.00325	0.00405
13	0.44613	0.03559	0.01838	0.01434	0.04448	0.01368	0.26011	0.04016	0.04218	0.02243	0.00994	0.01199	0.00762	0.00519	0.00480	0.00178	0.00630	0.00454	0.00337	0.00696
14	0.01914	0.01280	0.01455	0.01097	0.01559	0.01263	0.00899	0.38416	0.01992	0.17124	0.01410	0.01403	0.01003	0.00600	0.00519	0.00144	0.00530	0.00465	0.00518	0.26411
15	0.01238	0.01833	0.35934	0.01563	0.11278	0.01125	0.01481	0.01671	0.01304	0.09475	0.18132	0.01972	0.01844	0.00727	0.00690	0.00182	0.07825	0.00585	0.00376	0.00764
16	0.01251	0.03664	0.36999	0.01613	0.02153	0.01427	0.13504	0.06025	0.03944	0.01827	0.03276	0.01377	0.00931	0.00650	0.00831	0.00191	0.17156	0.00500	0.00292	0.02390
17	0.00787	0.00656	0.00690	0.00692	0.00842	0.03683	0.00514	0.00953	0.01319	0.01662	0.21672	0.10114	0.39881	0.07716	0.00848	0.00222	0.00351	0.06392	0.00521	0.00487
18	0.14797	0.14779	0.29548	0.01256	0.01816	0.11618	0.02741	0.01913	0.01252	0.10993	0.01069	0.01170	0.00790	0.00545	0.00475	0.00160	0.00700	0.00393	0.00323	0.03661
19	0.01964	0.39191	0.04382	0.01024	0.01495	0.01586	0.00949	0.08024	0.01458	0.32637	0.01425	0.01363	0.01016	0.00587	0.00467	0.00148	0.00560	0.00430	0.00454	0.00841
20	0.01049	0.00525	0.00525	0.00525	0.00656	0.00525	0.00393	0.01311	0.01180	0.02098	0.01836	0.02098	0.01442	0.00656	0.00393	0.00131	0.00262	0.00525	0.83346	0.00525
21	0.01328	0.01518	0.03321	0.02372	0.02941	0.01423	0.74668	0.01803	0.01328	0.01803	0.01139	0.01518	0.00854	0.00474	0.00664	0.00190	0.00949	0.00664	0.00285	0.00759
22	0.00814	0.00562	0.00695	0.00695	0.00723	0.00590	0.00443	0.00871	0.00843	0.01152	0.01699	0.03270	0.01867	0.58917	0.23925	0.00646	0.00815	0.00758	0.00330	0.00386
23	0.01210	0.00999	0.01171	0.00839	0.01337	0.00753	0.00672	0.01459	0.01181	0.04224	0.01039	0.01191	0.00851	0.00426	0.00422	0.00086	0.00419	0.00341	0.00345	0.81036
24	0.01400	0.01209	0.01273	0.01145	0.01463	0.01400	0.00891	0.02990	0.75695	0.02354	0.02291	0.02100	0.01718	0.00764	0.00573	0.00191	0.00445	0.00636	0.00573	0.00891
25	0.01063	0.01000	0.01688	0.78870	0.03876	0.01250	0.01563	0.01438	0.01125	0.01438	0.01000	0.01500	0.00750	0.00563	0.00563	0.00188	0.00750	0.00500	0.00250	0.00625
26	0.01184	0.01360	0.05650	0.01271	0.01495	0.19963	0.12427	0.01385	0.01244	0.01496	0.02033	0.40603	0.02246	0.01169	0.00689	0.00200	0.03569	0.01038	0.00401	0.00580
27	0.00686	0.00490	0.00653	0.00784	0.00816	0.00457	0.00522	0.00784	0.01077	0.01437	0.03102	0.79855	0.03722	0.01763	0.00718	0.00229	0.00326	0.01600	0.00522	0.00457
28	0.01213	0.01148	0.01783	0.01273	0.01793	0.00943	0.21819	0.01527	0.01213	0.01825	0.01040	0.01267	0.00839	0.00433	0.00487	0.00114	0.00569	0.00428	0.00319	0.59966
29	0.01763	0.01158	0.01305	0.01112	0.01472	0.01255	0.00883	0.06953	0.50418	0.23786	0.02218	0.02005	0.01582	0.00739	0.00570	0.00185	0.00465	0.00609	0.00608	0.00914

[dist]
# distance from previous block
# <min> <max>
0	1

[block]
# block no. 1 follows, 42 sequences, length 140
# corresponding to MSA columns:
# 96-203,205-236
name=unknown_B
#
# <colnr> <probs for GDERKNQSTAVLIFYWHMCP>
#	G	D	E	R	K	N	Q	S	T	A	V	L	I	F	Y	W	H	M	C	P
0	0.01943	0.02423	0.01579	0.04407	0.01772	0.66132	0.01100	0.02098	0.01494	0.01375	0.00892	0.01100	0.00756	0.00763	0.03889	0.00186	0.06778	0.00387	0.00286	0.00642
1	0.23621	0.10268	0.02298	0.01606	0.02060	0.13295	0.33187	0.04050	0.01290	0.01931	0.00970	0.01206	0.00757	0.00510	0.00519	0.00170	0.00774	0.00477	0.00306	0.00705
2	0.00850	0.00667	0.00784	0.00770	0.00935	0.00650	0.00584	0.01268	0.12873	0.01946	0.32994	0.12660	0.23445	0.01259	0.00664	0.00194	0.00323	0.06005	0.00569	0.00563
3	0.00725	0.00522	0.00688	0.00753	0.00824	0.00484	0.00524	0.00885	0.01268	0.01735	0.29695	0.51219	0.05508	0.01536	0.00698	0.00209	0.00304	0.01382	0.00558	0.00484
4	0.01167	0.01000	0.01167	0.00834	0.01334	0.00750	0.00667	0.01417	0.01167	0.01834	0.01000	0.01167	0.00834	0.00417	0.00417	0.00083	0.00417	0.00333	0.00333	0.83663
5	0.07547	0.00986	0.01119	0.00920	0.01189	0.01011	0.00697	0.22286	0.01558	0.22424	0.01705	0.02351	0.01461	0.30650	0.01416	0.00313	0.00541	0.00626	0.00500	0.00700
6	0.01422	0.00712	0.00881	0.00775	0.00936	0.00672	0.00542	0.03257	0.01144	0.26466	0.01958	0.03141	0.01848	0.48816	0.01964	0.00402	0.00524	0.03500	0.00471	0.00568
7	0.00988	0.00912	0.01681	0.01344	0.01578	0.00885	0.28433	0.01211	0.01063	0.01443	0.01701	0.14417	0.01764	0.27230	0.12403	0.00414	0.00801	0.00850	0.00342	0.00539
8	0.02054	0.01534	0.01641	0.01277	0.01713	0.01705	0.01049	0.66507	0.11114	0.03408	0.01460	0.01438	0.01045	0.00686	0.00564	0.00171	0.00599	0.00522	0.00564	0.00949
9	0.00879	0.00723	0.00944	0.00936	0.01047	0.05162	0.00726	0.01077	0.00944	0.01310	0.01471	0.02142	0.01368	0.04011	0.73521	0.00861	0.01479	0.00589	0.00301	0.00511
10	0.00665	0.00570	0.00570	0.00570	0.00760	0.00475	0.00428	0.00808	0.01283	0.01520	0.05701	0.05416	0.76483	0.01425	0.00665	0.00190	0.00285	0.01188	0.00523	0.00475
11	0.01049	0.00525	0.00525	0.00525	0.00656	0.00525	0.00393	0.01311	0.01180	0.02098	0.01836	0.02098	0.01442	0.00656	0.00393	0.00131	0.00262	0.00525	0.83346	0.00525
12	0.01832	0.01424	0.01516	0.01233	0.01628	0.01602	0.00995	0.44995	0.32987	0.03051	0.01741	0.01662	0.01273	0.00712	0.00567	0.00178	0.00547	0.00560	0.00567	0.00930
13	0.00718	0.00542	0.00604	0.00637	0.00729	0.00492	0.00425	0.00805	0.01087	0.01366	0.03832	0.23596	0.35160	0.25888	0.01359	0.00310	0.00376	0.01177	0.00466	0.00429
14	0.01129	0.02911	0.77306	0.01604	0.02436	0.01307	0.02079	0.01782	0.01188	0.01782	0.01010	0.01188	0.00713	0.00535	0.00535	0.00178	0.00832	0.00416	0.00238	0.00832
15	0.02102	0.02682	0.01595	0.01450	0.01740	0.77963	0.01087	0.02247	0.01595	0.01377	0.00870	0.01015	0.00725	0.00580	0.00507	0.00145	0.01015	0.00362	0.00290	0.00652
16	0.01280	0.01793	0.22204	0.24149	0.21794	0.07691	0.09734	0.01711	0.01243	0.01667	0.01022	0.01351	0.00786	0.00531	0.00560	0.00177	0.00795	0.00485	0.00261	0.00765
17	0.01049	0.00525	0.00525	0.00525	0.00656	0.00525	0.00393	0.01311	0.01180	0.02098	0.01836	0.02098	0.01442	0.00656	0.00393	0.00131	0.00262	0.00525	0.83346	0.00525
18	0.08304	0.01236	0.01984	0.01647	0.06127	0.01260	0.27194	0.16210	0.06859	0.02189	0.01675	0.13091	0.01542	0.00822	0.00623	0.00195	0.00661	0.07225	0.00421	0.00738
19	0.01575	0.26413	0.05308	0.01331	0.10388	0.02956	0.01044	0.18244	0.01531	0.04357	0.01073	0.01195	0.00858	0.00528	0.00460	0.00134	0.00578	0.00398	0.02358	0.19272
20	0.03548	0.01032	0.01194	0.00998	0.01341	0.01050	0.00792	0.07347	0.28876	0.21311	0.15379	0.02253	0.02110	0.00768	0.00565	0.00171	0.00430	0.00638	0.00581	0.09616
21	0.01416	0.14270	0.14658	0.02035	0.23239	0.10066	0.07330	0.01792	0.04548	0.01642	0.00998	0.01256	0.00827	0.00597	0.00726	0.00174	0.12918	0.00458	0.00276	0.00775
22	0.01385	0.10532	0.09799	0.03039	0.01564	0.04499	0.00939	0.08099	0.03149	0.06222	0.06088	0.01423	0.01160	0.00544	0.00473	0.00125	0.00531	0.00425	0.00374	0.39631
23	0.00805	0.00598	0.00881	0.00881	0.00973	0.00691	0.00674	0.00990	0.00898	0.01289	0.01529	0.02329	0.01458	0.10340	0.71943	0.00876	0.01430	0.00620	0.00305	0.00489
24	0.01516	0.05376	0.54152	0.01418	0.02131	0.01214	0.01702	0.02035	0.01299	0.21877	0.01324	0.01371	0.00895	0.00576	0.00536	0.00175	0.00729	0.00452	0.00360	0.00861
25	0.01129	0.02911	0.77306	0.01604	0.02436	0.01307	0.02079	0.01782	0.01188	0.01782	0.01010	0.01188	0.00713	0.00535	0.00535	0.00178	0.00832	0.00416	0.00238	0.00832
26	0.01021	0.00829	0.01017	0.00966	0.01156	0.00945	0.00750	0.01749	0.29300	0.01765	0.05952	0.02458	0.06061	0.02589	0.40163	0.00555	0.00970	0.00671	0.00434	0.00649
27	0.01483	0.01755	0.24569	0.01293	0.01779	0.01354	0.01285	0.27932	0.14367	0.02512	0.05515	0.05269	0.01523	0.00783	0.00584	0.00185	0.00616	0.05902	0.00463	0.00832
28	0.01440	0.20140	0.12770	0.06060	0.19982	0.01609	0.01368	0.14025	0.01398	0.01901	0.01048	0.02440	0.00876	0.00746	0.03623	0.00197	0.08812	0.00463	0.00312	0.00790
29	0.00890	0.00504	0.00689	0.00709	0.00714	0.00499	0.00454	0.00764	0.00809	0.01079	0.01518	0.14301	0.01687	0.22825	0.02148	0.48566	0.00479	0.00748	0.00313	0.00303
30	0.01491	0.04730	0.07578	0.02254	0.29067	0.15950	0.13995	0.05990	0.01389	0.01783	0.01119	0.03732	0.00945	0.00723	0.03977	0.00198	0.00808	0.00522	0.00304	0.03445
31	0.05999	0.18257	0.19374	0.01860	0.21603	0.12375	0.03437	0.01816	0.01267	0.04879	0.01066	0.03711	0.00888	0.00565	0.00501	0.00160	0.00717	0.00452	0.00293	0.00778
32	0.02525	0.00958	0.01306	0.01001	0.01437	0.00827	0.00827	0.02743	0.01611	0.77102	0.02220	0.01915	0.01393	0.00697	0.00566	0.00174	0.00479	0.00566	0.00697	0.00958
33	0.01167	0.01000	0.01167	0.00834	0.01334	0.00750	0.00667	0.01417	0.01167	0.01834	0.01000	0.01167	0.00834	0.00417	0.00417	0.00083	0.00417	0.00333	0.00333	0.83663
34	0.00842	0.00560	0.00748	0.00799	0.00896	0.00522	0.00584	0.01019	0.01297	0.05676	0.26850	0.43001	0.04062	0.01485	0.00699	0.00212	0.00336	0.09335	0.00563	0.00514
35	0.01338	0.01251	0.01703	0.01879	0.21503	0.01499	0.01235	0.02070	0.29177	0.01860	0.01409	0.01602	0.01148	0.00773	0.01023	0.00204	0.28607	0.00549	0.00378	0.00793
36	0.01531	0.01204	0.01333	0.00988	0.01466	0.02901	0.00800	0.22536	0.01622	0.05792	0.01154	0.01251	0.00892	0.00508	0.00468	0.00114	0.00492	0.00395	0.00415	0.54140
37	0.00762	0.00574	0.00704	0.00671	0.00819	0.00516	0.00503	0.00994	0.01510	0.02061	0.57588	0.04526	0.24259	0.01224	0.00664	0.00180	0.00271	0.01063	0.00594	0.00516
38	0.00723	0.00564	0.00641	0.00636	0.00779	0.00498	0.00462	0.00891	0.01332	0.01723	0.28739	0.10527	0.41004	0.07953	0.00853	0.00218	0.00303	0.01132	0.00540	0.00481
39	0.01716	0.48457	0.05074	0.01169	0.01591	0.30738	0.01049	0.01900	0.01315	0.01360	0.00823	0.00955	0.00723	0.00520	0.00422	0.00132	0.00766	0.00328	0.00259	0.00700
40	0.00714	0.00572	0.00638	0.00622	0.00790	0.00496	0.00466	0.00903	0.01399	0.01796	0.32131	0.04963	0.49882	0.01323	0.00665	0.00185	0.00278	0.01124	0.00559	0.00496
41	0.01031	0.00629	0.00819	0.00741	0.00919	0.00569	0.00566	0.01282	0.01577	0.12694	0.61829	0.03955	0.08985	0.01103	0.00650	0.00177	0.00297	0.00965	0.00625	0.00587
42	0.01691	0.02064	0.02512	0.01940	0.02378	0.37300	0.40178	0.02011	0.01453	0.01603	0.01013	0.01282	0.00793	0.00524	0.00591	0.00169	0.00980	0.00523	0.00287	0.00709
43	0.01261	0.00771	0.00887	0.00786	0.01051	0.00719	0.00613	0.01671	0.13482	0.20517	0.11945	0.03876	0.37969	0.01107	0.00625	0.00185	0.00357	0.00925	0.00584	0.00669
44	0.00757	0.00543	0.00616	0.00637	0.00694	0.00512	0.00401	0.00819	0.01006	0.01301	0.05824	0.17723	0.20341	0.44252	0.01868	0.00389	0.00433	0.01054	0.00428	0.00401
45	0.00734	0.00542	0.00687	0.00715	0.00819	0.00495	0.00512	0.00918	0.01351	0.01834	0.37867	0.32903	0.15699	0.01424	0.00685	0.00198	0.00292	0.01263	0.00568	0.00495
46	0.01613	0.22788	0.01805	0.01177	0.01531	0.21851	0.00962	0.02445	0.36208	0.01821	0.01512	0.01493	0.01190	0.00640	0.00499	0.00160	0.00638	0.00474	0.00409	0.00783
47	0.01623	0.51235	0.10756	0.01163	0.01632	0.22350	0.01119	0.01846	0.01269	0.01389	0.00831	0.00964	0.00722	0.00514	0.00419	0.00133	0.00737	0.00330	0.00254	0.00716
48	0.01411	0.35651	0.25935	0.01563	0.11704	0.01671	0.05270	0.01778	0.01211	0.05670	0.00991	0.01149	0.00787	0.00510	0.00469	0.00150	0.00690	0.00397	0.00274	0.02718
49	0.04435	0.12292	0.01756	0.38767	0.05456	0.01280	0.03458	0.01556	0.01207	0.06945	0.08180	0.01643	0.01232	0.00613	0.00570	0.00169	0.03160	0.00511	0.00327	0.06442
50	0.00745	0.00532	0.00721	0.00851	0.00909	0.00508	0.00625	0.00885	0.01136	0.01503	0.03069	0.60284	0.03593	0.01708	0.00734	0.00237	0.00378	0.20589	0.00521	0.00473
51	0.00887	0.00700	0.00949	0.00907	0.00949	0.00835	0.00669	0.00996	0.00875	0.01246	0.01535	0.06618	0.01624	0.30400	0.32378	0.00613	0.16329	0.00710	0.00316	0.00465
52	0.01593	0.27418	0.04703	0.01868	0.19680	0.19128	0.09754	0.01877	0.02735	0.02982	0.00972	0.01175	0.00810	0.00531	0.00525	0.00152	0.02631	0.00424	0.00281	0.00759
53	0.02403	0.01001	0.03104	0.01011	0.01443	0.00848	0.00850	0.02676	0.03980	0.70614	0.04460	0.01974	0.01507	0.00709	0.00568	0.00175	0.00480	0.00578	0.00679	0.00940
54	0.00717	0.00565	0.00647	0.00642	0.00796	0.00495	0.00475	0.00903	0.01383	0.01794	0.32489	0.11489	0.42903	0.01350	0.00669	0.00188	0.00281	0.01159	0.00560	0.00495
55	0.00794	0.00623	0.00725	0.00697	0.00862	0.00580	0.00523	0.01119	0.07660	0.01962	0.41379	0.07440	0.31073	0.01243	0.00659	0.00185	0.00290	0.01071	0.00576	0.00538
56	0.01344	0.28661	0.35844	0.01545	0.06410	0.03759	0.08203	0.03410	0.02871	0.01674	0.00980	0.01153	0.00767	0.00519	0.00490	0.00158	0.00748	0.00410	0.00261	0.00791
57	0.00686	0.00490	0.00653	0.00784	0.00816	0.00457	0.00522	0.00784	0.01077	0.01437	0.03102	0.79855	0.03722	0.01763	0.00718	0.00229	0.00326	0.01600	0.00522	0.00457
58	0.01504	0.00990	0.01202	0.00875	0.01359	0.00769	0.00707	0.01746	0.01277	0.20538	0.01303	0.01353	0.00973	0.00486	0.00454	0.00106	0.00432	0.00391	0.00424	0.63110
59	0.01111	0.06781	0.48588	0.01419	0.05841	0.01173	0.01581	0.01625	0.02895	0.03632	0.06316	0.02078	0.13172	0.00718	0.00556	0.00176	0.00671	0.00582	0.00327	0.00758
60	0.01423	0.22478	0.02351	0.02535	0.48347	0.01582	0.01431	0.01855	0.09419	0.01758	0.01120	0.01340	0.00937	0.00525	0.00506	0.00157	0.00626	0.00463	0.00301	0.00846
61	0.04835	0.00984	0.01462	0.19462	0.06357	0.00972	0.03412	0.02175	0.01428	0.43703	0.04087	0.02041	0.01384	0.00699	0.00574	0.00182	0.00563	0.04328	0.00530	0.00821
62	0.02015	0.06757	0.06034	0.01433	0.01765	0.69590	0.01138	0.02191	0.01548	0.01398	0.00873	0.01019	0.00724	0.00572	0.00501	0.00146	0.00983	0.00362	0.00284	0.00666
63	0.00818	0.00546	0.00614	0.00614	0.00614	0.00546	0.00341	0.00818	0.00818	0.01091	0.01773	0.03683	0.02046	0.80222	0.02864	0.00546	0.00546	0.00818	0.00341	0.00341
64	0.00724	0.00572	0.00652	0.00632	0.00796	0.00500	0.00474	0.00922	0.01422	0.01852	0.37548	0.04870	0.44430	0.01302	0.00664	0.00184	0.00276	0.01111	0.00566	0.00500
65	0.06023	0.01627	0.01529	0.01225	0.01635	0.15676	0.00987	0.40655	0.06132	0.12162	0.01375	0.01369	0.00986	0.00643	0.00535	0.00162	0.00645	0.00475	0.00506	0.05653
66	0.02004	0.01019	0.01263	0.01019	0.01376	0.00990	0.00820	0.20050	0.03386	0.40447	0.10705	0.10608	0.02003	0.00863	0.00593	0.00180	0.00471	0.00719	0.00633	0.00852
67	0.00756	0.00574	0.00696	0.00666	0.00816	0.00514	0.00499	0.00984	0.01498	0.02031	0.54695	0.04576	0.27171	0.01235	0.00664	0.00181	0.00272	0.01070	0.00590	0.00514
68	0.01400	0.01209	0.01273	0.01145	0.01463	0.01400	0.00891	0.02990	0.75695	0.02354	0.02291	0.02100	0.01718	0.00764	0.00573	0.00191	0.00445	0.00636	0.00573	0.00891
69	0.01631	0.01186	0.01401	0.01376	0.09732	0.01295	0.00976	0.04791	0.51541	0.16415	0.02116	0.01967	0.01545	0.00720	0.00569	0.00185	0.00481	0.00605	0.00563	0.00905
70	0.00692	0.00524	0.00639	0.00710	0.00802	0.00471	0.00494	0.00822	0.01198	0.01554	0.12097	0.48651	0.26128	0.01591	0.00696	0.00211	0.00307	0.01409	0.00533	0.00471
71	0.00949	0.00614	0.00763	0.00705	0.00884	0.00547	0.00536	0.01173	0.01502	0.10267	0.48010	0.05698	0.23849	0.01185	0.00654	0.00181	0.00295	0.01024	0.00600	0.00562
72	0.01400	0.01209	0.01273	0.01145	0.01463	0.01400	0.00891	0.02990	0.75695	0.02354	0.02291	0.02100	0.01718	0.00764	0.00573	0.00191	0.00445	0.00636	0.00573	0.00891
73	0.10971	0.01562	0.01591	0.01326	0.01570	0.13450	0.01082	0.27749	0.01622	0.02271	0.00983	0.01205	0.00800	0.00760	0.01014	0.00195	0.30273	0.00456	0.00377	0.00742
74	0.10877	0.20867	0.01726	0.01131	0.07257	0.02575	0.00879	0.06880	0.01334	0.15045	0.01162	0.01232	0.00890	0.00521	0.00444	0.00132	0.00519	0.00388	0.00386	0.25755
75	0.01246	0.01207	0.01908	0.18492	0.30325	0.01454	0.01475	0.01504	0.01076	0.01553	0.00933	0.01372	0.00815	0.00792	0.02927	0.00220	0.31220	0.00500	0.00261	0.00719
76	0.00780	0.00530	0.00625	0.00663	0.00672	0.00520	0.00393	0.00808	0.00893	0.01191	0.02156	0.25622	0.02529	0.57624	0.02246	0.00454	0.00482	0.01043	0.00393	0.00374
77	0.01550	0.34559	0.05307	0.02002	0.29899	0.11706	0.01314	0.04591	0.01314	0.01628	0.00928	0.01130	0.00795	0.00511	0.00468	0.00145	0.00690	0.00397	0.00274	0.00790
78	0.00978	0.08294	0.30330	0.01160	0.01614	0.01020	0.06037	0.01334	0.01179	0.01593	0.03813	0.09564	0.20020	0.05660	0.04754	0.00241	0.00647	0.00765	0.00354	0.00644
79	0.00665	0.00570	0.00570	0.00570	0.00760	0.00475	0.00428	0.00808	0.01283	0.01520	0.05701	0.05416	0.76483	0.01425	0.00665	0.00190	0.00285	0.01188	0.00523	0.00475
80	0.01096	0.01736	0.30237	0.47412	0.03305	0.01277	0.03991	0.01579	0.01155	0.01579	0.01008	0.01383	0.00739	0.00549	0.00555	0.00184	0.00787	0.00473	0.00246	0.00707
81	0.01681	0.01487	0.01779	0.19671	0.04594	0.09741	0.07797	0.32127	0.09318	0.02442	0.01321	0.03162	0.01009	0.00648	0.00570	0.00176	0.00700	0.00541	0.00426	0.00809
82	0.02005	0.02390	0.01620	0.01436	0.01710	0.60600	0.01102	0.10264	0.01627	0.01617	0.00909	0.01078	0.00752	0.00638	0.00669	0.00159	0.10033	0.00394	0.00315	0.00682
83	0.23187	0.00752	0.00736	0.00675	0.00929	0.00729	0.00529	0.01269	0.01259	0.10156	0.10235	0.03722	0.41703	0.01080	0.00569	0.00183	0.00345	0.00869	0.00504	0.00569
84	0.15381	0.31455	0.13678	0.01119	0.01618	0.01765	0.01102	0.21064	0.04357	0.02221	0.01025	0.01113	0.00802	0.00559	0.00447	0.00154	0.00608	0.00386	0.00356	0.00789
85	0.01283	0.03574	0.21823	0.22419	0.14019	0.06929	0.04264	0.04922	0.01264	0.03484	0.01103	0.01433	0.00860	0.00952	0.09055	0.00255	0.00853	0.00482	0.00285	0.00740
86	0.00712	0.00540	0.00657	0.00695	0.00806	0.00485	0.00495	0.00874	0.01294	0.01706	0.25670	0.34236	0.26838	0.01476	0.00686	0.00201	0.00295	0.01299	0.00551	0.00485
87	0.00727	0.00575	0.00650	0.00643	0.00805	0.00505	0.00486	0.00911	0.01369	0.01755	0.28349	0.05021	0.46785	0.03875	0.00742	0.00201	0.00301	0.05260	0.00548	0.00491
88	0.03715	0.10686	0.02002	0.06000	0.26150	0.06675	0.01287	0.32244	0.01840	0.02457	0.01127	0.01288	0.00874	0.00581	0.00529	0.00162	0.00662	0.00466	0.00394	0.00863
89	0.00911	0.00781	0.00836	0.00932	0.01025	0.09031	0.00702	0.01068	0.01213	0.01525	0.04562	0.46940	0.03283	0.01555	0.00712	0.00227	0.00459	0.23239	0.00498	0.00499
90	0.00766	0.00549	0.00718	0.00737	0.00830	0.00512	0.00529	0.00962	0.01374	0.01909	0.46340	0.28389	0.04548	0.05922	0.00812	0.00217	0.00309	0.03510	0.00569	0.00496
91	0.01180	0.01020	0.01231	0.00985	0.05683	0.00784	0.00728	0.01435	0.01174	0.01834	0.01004	0.01180	0.00837	0.00422	0.00425	0.00088	0.00431	0.00343	0.00330	0.78886
92	0.03303	0.08315	0.53659	0.01632	0.02358	0.01382	0.13799	0.01833	0.03151	0.03867	0.01075	0.01258	0.00779	0.00531	0.00540	0.00176	0.00804	0.00455	0.00270	0.00811
93	0.00700	0.00571	0.00619	0.00607	0.00782	0.00490	0.00455	0.00875	0.01365	0.01716	0.24528	0.05093	0.57534	0.01352	0.00665	0.00187	0.00280	0.01142	0.00548	0.00490
94	0.01112	0.02133	0.45748	0.30756	0.02999	0.01290	0.04886	0.01653	0.01170	0.01653	0.01012	0.01319	0.00733	0.00543	0.00551	0.00182	0.00806	0.00458	0.00244	0.00751
95	0.01325	0.08581	0.07965	0.29827	0.31697	0.07944	0.01573	0.01669	0.01233	0.01605	0.00993	0.01339	0.00798	0.00531	0.00535	0.00169	0.00734	0.00464	0.00263	0.00756
96	0.01117	0.00941	0.01481	0.16104	0.19432	0.00976	0.05708	0.01446	0.05083	0.04518	0.02081	0.08929	0.07957	0.09786	0.00879	0.00237	0.00587	0.11702	0.00388	0.00649
97	0.00784	0.00578	0.00749	0.00811	0.00929	0.00543	0.00636	0.00987	0.01319	0.01745	0.22426	0.22833	0.16709	0.01477	0.00715	0.00219	0.00367	0.25128	0.00546	0.00500
98	0.33029	0.03941	0.01338	0.01171	0.01487	0.47247	0.00904	0.02010	0.01344	0.01809	0.00835	0.00974	0.00681	0.00556	0.00444	0.00155	0.00787	0.00339	0.00311	0.00638
99	0.35404	0.09265	0.06906	0.00924	0.01231	0.05165	0.00815	0.01466	0.01008	0.01851	0.01063	0.01402	0.00919	0.01842	0.28081	0.00428	0.00895	0.00422	0.00309	0.00602
100	0.01886	0.01530	0.01580	0.01300	0.03366	0.08935	0.02904	0.49627	0.08848	0.02875	0.01423	0.01647	0.01118	0.09403	0.00814	0.00210	0.00643	0.00543	0.00499	0.00847
101	0.00818	0.00546	0.00614	0.00614	0.00614	0.00546	0.00341	0.00818	0.00818	0.01091	0.01773	0.03683	0.02046	0.80222	0.02864	0.00546	0.00546	0.00818	0.00341	0.00341
102	0.01555	0.74044	0.02836	0.01004	0.01469	0.08565	0.00973	0.01732	0.01181	0.01328	0.00790	0.00912	0.00722	0.00490	0.00373	0.00122	0.00636	0.00306	0.00245	0.00716
103	0.00683	0.00571	0.00595	0.00589	0.00771	0.00483	0.00442	0.00843	0.01326	0.01623	0.15547	0.05247	0.66574	0.01387	0.00665	0.00188	0.00282	0.01164	0.00536	0.00483
104	0.01305	0.01350	0.05813	0.07425	0.32038	0.06897	0.07921	0.05636	0.05328	0.01815	0.01542	0.15825	0.01472	0.00787	0.00598	0.00184	0.00653	0.02296	0.00357	0.00757
105	0.01312	0.01342	0.02319	0.13578	0.30223	0.03228	0.19589	0.01637	0.01188	0.01658	0.00997	0.01396	0.00825	0.00608	0.00858	0.00192	0.17488	0.00536	0.00269	0.00756
106	0.00686	0.00490	0.00653	0.00784	0.00816	0.00457	0.00522	0.00784	0.01077	0.01437	0.03102	0.79855	0.03722	0.01763	0.00718	0.00229	0.00326	0.01600	0.00522	0.00457
107	0.00818	0.00546	0.00614	0.00614	0.00614	0.00546	0.00341	0.00818	0.00818	0.01091	0.01773	0.03683	0.02046	0.80222	0.02864	0.00546	0.00546	0.00818	0.00341	0.00341
108	0.02139	0.01576	0.01689	0.01295	0.01745	0.01745	0.01070	0.74835	0.02646	0.03547	0.01351	0.01351	0.00957	0.00676	0.00563	0.00169	0.00619	0.00507	0.00563	0.00957
109	0.01808	0.41175	0.02268	0.01203	0.01594	0.37556	0.01025	0.04761	0.01412	0.01434	0.00845	0.00972	0.00732	0.00535	0.00437	0.00134	0.00795	0.00338	0.00276	0.00699
110	0.01229	0.30986	0.02163	0.49508	0.02960	0.01618	0.01337	0.01531	0.01132	0.01395	0.00918	0.01275	0.00740	0.00532	0.00487	0.00162	0.00694	0.00425	0.00247	0.00662
111	0.01138	0.01817	0.31735	0.28820	0.13589	0.01262	0.06749	0.01612	0.01184	0.01657	0.01114	0.04791	0.00893	0.00589	0.00565	0.00183	0.00766	0.00526	0.00264	0.00747
112	0.01379	0.01216	0.01226	0.01101	0.01409	0.04554	0.00856	0.05689	0.61363	0.02270	0.02566	0.02387	0.09858	0.00825	0.00580	0.00188	0.00459	0.00680	0.00555	0.00838
113	0.00813	0.00543	0.00615	0.00621	0.00622	0.00542	0.00349	0.00817	0.00829	0.01106	0.01829	0.06908	0.02117	0.76900	0.02773	0.00532	0.00536	0.00851	0.00349	0.00346
114	0.01303	0.00953	0.01105	0.00929	0.01182	0.00989	0.00734	0.28866	0.01990	0.02743	0.48124	0.03129	0.03669	0.00971	0.00626	0.00174	0.00399	0.00825	0.00598	0.00692
115	0.01490	0.01464	0.02228	0.03135	0.64033	0.07478	0.03981	0.05990	0.01387	0.01899	0.01063	0.01364	0.00881	0.00517	0.00557	0.00166	0.00702	0.00496	0.00296	0.00872
116	0.01413	0.00867	0.01048	0.00956	0.01173	0.00871	0.00720	0.20916	0.01587	0.15805	0.02442	0.42844	0.02519	0.03152	0.00700	0.00210	0.00438	0.01101	0.00561	0.00679
117	0.84197	0.01088	0.00827	0.00740	0.01088	0.01262	0.00609	0.01654	0.00958	0.02525	0.00784	0.00914	0.00609	0.00522	0.00348	0.00174	0.00435	0.00305	0.00348	0.00609
118	0.01370	0.08061	0.01442	0.01368	0.11370	0.24520	0.00936	0.01678	0.06509	0.01717	0.19852	0.02271	0.05875	0.01164	0.09220	0.00244	0.00729	0.00625	0.00398	0.00651
119	0.00677	0.00522	0.00619	0.00697	0.00793	0.00464	0.00484	0.00793	0.01161	0.01471	0.04161	0.49526	0.33368	0.01625	0.00697	0.00213	0.00310	0.01432	0.00522	0.00464
120	0.00722	0.00520	0.00692	0.00811	0.00868	0.00489	0.00578	0.00852	0.01136	0.01505	0.05556	0.63003	0.06780	0.01697	0.00723	0.00230	0.00352	0.12491	0.00525	0.00470
121	0.01049	0.00525	0.00525	0.00525	0.00656	0.00525	0.00393	0.01311	0.01180	0.02098	0.01836	0.02098	0.01442	0.00656	0.00393	0.00131	0.00262	0.00525	0.83346	0.00525
122	0.79916	0.01171	0.00867	0.00777	0.01122	0.05262	0.00634	0.01685	0.00991	0.02465	0.00788	0.00919	0.00615	0.00525	0.00357	0.00173	0.00466	0.00308	0.00345	0.00612
123	0.01173	0.01135	0.01715	0.22319	0.10348	0.01480	0.01335	0.01392	0.00981	0.01426	0.00900	0.01393	0.00808	0.01057	0.06965	0.00270	0.43904	0.00504	0.00255	0.00640
124	0.01245	0.00998	0.01175	0.00843	0.01340	0.00755	0.00676	0.01494	0.01193	0.06177	0.01071	0.01210	0.00866	0.00433	0.00425	0.00089	0.00420	0.00347	0.00354	0.78890
125	0.00818	0.00546	0.00614	0.00614	0.00614	0.00546	0.00341	0.00818	0.00818	0.01091	0.01773	0.03683	0.02046	0.80222	0.02864	0.00546	0.00546	0.00818	0.00341	0.00341
126	0.01223	0.00998	0.01173	0.00840	0.01338	0.00753	0.00673	0.01472	0.01185	0.04946	0.01051	0.01198	0.00857	0.00428	0.00423	0.00087	0.00419	0.00343	0.00348	0.80243
127	0.01672	0.08211	0.01773	0.30538	0.02522	0.18272	0.01250	0.25173	0.01717	0.02091	0.01066	0.01296	0.00809	0.00596	0.00534	0.00167	0.00754	0.00455	0.00358	0.00746
128	0.01590	0.01266	0.01347	0.01140	0.01486	0.01416	0.00906	0.29800	0.39066	0.02698	0.02243	0.05374	0.07483	0.00825	0.00583	0.00184	0.00493	0.00672	0.00563	0.00864
129	0.01422	0.47765	0.28420	0.01221	0.01808	0.07829	0.01357	0.01762	0.01194	0.01486	0.00867	0.01010	0.00719	0.00507	0.00432	0.00142	0.00713	0.00345	0.00244	0.00754
130	0.01731	0.01709	0.01412	0.01228	0.01557	0.25839	0.00956	0.18955	0.29157	0.02245	0.01908	0.01860	0.07484	0.00740	0.00557	0.00171	0.00653	0.00565	0.00476	0.00795
131	0.00665	0.00570	0.00570	0.00570	0.00760	0.00475	0.00428	0.00808	0.01283	0.01520	0.05701	0.05416	0.76483	0.01425	0.00665	0.00190	0.00285	0.01188	0.00523	0.00475
132	0.01128	0.01000	0.01363	0.30244	0.02292	0.00939	0.01005	0.01425	0.01151	0.01685	0.01000	0.01293	0.00802	0.00472	0.00472	0.00123	0.00542	0.00396	0.00302	0.52367
133	0.00735	0.00515	0.00661	0.00742	0.00771	0.00503	0.00482	0.00811	0.00987	0.01323	0.02580	0.51032	0.03040	0.25394	0.07398	0.00376	0.00484	0.01288	0.00451	0.00426
134	0.00787	0.00575	0.00739	0.00698	0.00835	0.00527	0.00523	0.01043	0.01570	0.02202	0.71127	0.04294	0.10632	0.01171	0.00664	0.00178	0.00267	0.01030	0.00612	0.00527
135	0.01802	0.27460	0.10812	0.01297	0.01727	0.37574	0.01161	0.08995	0.01505	0.01616	0.00904	0.01031	0.00745	0.00552	0.00469	0.00143	0.00824	0.00363	0.00294	0.00725
136	0.01660	0.36726	0.16308	0.01266	0.01741	0.30599	0.01218	0.01915	0.01322	0.01430	0.00858	0.00998	0.00721	0.00528	0.00449	0.00140	0.00800	0.00346	0.00259	0.00716
137	0.00680	0.00571	0.00590	0.00585	0.00769	0.00481	0.00439	0.00836	0.01317	0.01601	0.13469	0.05283	0.68665	0.01395	0.00665	0.00189	0.00283	0.01169	0.00533	0.00481
138	0.00694	0.00504	0.00640	0.00745	0.00793	0.00466	0.00497	0.00789	0.01080	0.01418	0.03295	0.65031	0.12020	0.08105	0.00887	0.00250	0.00340	0.01489	0.00508	0.00450
139	0.00931	0.03299	0.26999	0.01144	0.01503	0.00946	0.01179	0.01286	0.01007	0.01469	0.01320	0.01831	0.01154	0.02875	0.49733	0.00638	0.01255	0.00532	0.00278	0.00620

[dist]
# distance from previous block
# <min> <max>
0	1

[block]
# block no. 2 follows, 42 sequences, length 8
# corresponding to MSA columns:
# 238-245
name=unknown_C
#
# <colnr> <probs for GDERKNQSTAVLIFYWHMCP>
#	G	D	E	R	K	N	Q	S	T	A	V	L	I	F	Y	W	H	M	C	P
0	0.01837	0.01426	0.01518	0.01234	0.01630	0.01604	0.00996	0.45428	0.32546	0.03059	0.01736	0.01657	0.01268	0.00712	0.00567	0.00178	0.00548	0.00560	0.00567	0.00930
1	0.01223	0.06157	0.40105	0.01400	0.02072	0.01218	0.08583	0.04888	0.01257	0.01854	0.01023	0.01206	0.00774	0.00497	0.00504	0.00147	0.00697	0.00413	0.00285	0.25697
2	0.01505	0.80561	0.02949	0.00963	0.01444	0.02227	0.00963	0.01685	0.01143	0.01324	0.00782	0.00903	0.00722	0.00481	0.00361	0.00120	0.00602	0.00301	0.00241	0.00722
3	0.00797	0.00558	0.00719	0.00735	0.00774	0.00589	0.00488	0.00878	0.00880	0.01208	0.01846	0.12604	0.02033	0.44342	0.28467	0.00630	0.00850	0.00841	0.00350	0.00411
4	0.02247	0.01466	0.01574	0.01220	0.01657	0.06006	0.01002	0.49982	0.02289	0.24381	0.01570	0.01492	0.01068	0.00676	0.00561	0.00169	0.00603	0.00515	0.00585	0.00939
5	0.29891	0.01561	0.16001	0.01620	0.10746	0.01300	0.17480	0.06010	0.01253	0.04424	0.01202	0.01384	0.03662	0.00560	0.00509	0.00178	0.00658	0.00482	0.00335	0.00744
6	0.01542	0.00960	0.01083	0.00900	0.01230	0.04143	0.00712	0.04251	0.11553	0.25459	0.13522	0.02801	0.16556	0.00871	0.00578	0.00166	0.00424	0.00721	0.00564	0.11965
7	0.01847	0.30633	0.02064	0.01257	0.01618	0.46356	0.01031	0.02087	0.05637	0.01414	0.00919	0.01036	0.00780	0.00555	0.00458	0.00139	0.00834	0.00356	0.00288	0.00691

[dist]
# distance from previous block
# <min> <max>
0	1

[block]
# block no. 3 follows, 42 sequences, length 8
# corresponding to MSA columns:
# 247-254
name=unknown_D
#
# <colnr> <probs for GDERKNQSTAVLIFYWHMCP>
#	G	D	E	R	K	N	Q	S	T	A	V	L	I	F	Y	W	H	M	C	P
0	0.01506	0.52727	0.02675	0.01725	0.23643	0.06328	0.01195	0.01730	0.01210	0.01479	0.00869	0.01054	0.00772	0.00493	0.00427	0.00136	0.00645	0.00364	0.00255	0.00768
1	0.01641	0.53158	0.02402	0.01103	0.05423	0.05003	0.00951	0.01841	0.01285	0.14291	0.07076	0.01369	0.01211	0.00577	0.00437	0.00138	0.00575	0.00416	0.00352	0.00753
2	0.01129	0.02911	0.77306	0.01604	0.02436	0.01307	0.02079	0.01782	0.01188	0.01782	0.01010	0.01188	0.00713	0.00535	0.00535	0.00178	0.00832	0.00416	0.00238	0.00832
3	0.00688	0.00511	0.00642	0.00735	0.00806	0.00465	0.00503	0.00804	0.01149	0.01501	0.07827	0.60144	0.18856	0.01658	0.00704	0.00218	0.00314	0.01481	0.00528	0.00465
4	0.01570	0.36876	0.12175	0.01578	0.12622	0.10119	0.05384	0.10364	0.01405	0.01751	0.00948	0.01110	0.00781	0.00524	0.00469	0.00147	0.00708	0.00396	0.00291	0.00783
5	0.01827	0.00863	0.01117	0.00906	0.01231	0.00787	0.00729	0.08045	0.01673	0.42450	0.26688	0.02806	0.06623	0.00882	0.00603	0.00175	0.00410	0.00742	0.00651	0.00792
6	0.00907	0.00648	0.00907	0.01036	0.01166	0.00648	0.00907	0.01166	0.01296	0.01684	0.02980	0.06348	0.03239	0.01555	0.00777	0.00259	0.00518	0.72924	0.00518	0.00518
7	0.01167	0.01000	0.01167	0.00834	0.01334	0.00750	0.00667	0.01417	0.01167	0.01834	0.01000	0.01167	0.00834	0.00417	0.00417	0.00083	0.00417	0.00333	0.00333	0.83663

[dist]
# distance from previous block
# <min> <max>
1	30

[block]
# block no. 4 follows, 42 sequences, length 170
# corresponding to MSA columns:
# 285-382,384-455
name=unknown_E
#
# <colnr> <probs for GDERKNQSTAVLIFYWHMCP>
#	G	D	E	R	K	N	Q	S	T	A	V	L	I	F	Y	W	H	M	C	P
0	0.01359	0.08589	0.01900	0.02167	0.38948	0.02474	0.01234	0.01642	0.01239	0.03548	0.01036	0.01270	0.00863	0.00474	0.00487	0.00132	0.00571	0.00420	0.00305	0.31341
1	0.00804	0.00603	0.00904	0.00904	0.01005	0.00703	0.00703	0.01005	0.00904	0.01306	0.01507	0.02211	0.01407	0.04221	0.77992	0.00904	0.01507	0.00603	0.00301	0.00502
2	0.01049	0.00525	0.00525	0.00525	0.00656	0.00525	0.00393	0.01311	0.01180	0.02098	0.01836	0.02098	0.01442	0.00656	0.00393	0.00131	0.00262	0.00525	0.83346	0.00525
3	0.01393	0.01337	0.02284	0.03454	0.76712	0.01337	0.01727	0.01727	0.01281	0.01839	0.01059	0.01393	0.00891	0.00501	0.00557	0.00167	0.00669	0.00501	0.00279	0.00891
4	0.01210	0.01276	0.02539	0.37167	0.06212	0.01341	0.38642	0.01634	0.01234	0.01638	0.01073	0.01505	0.00808	0.00516	0.00614	0.00188	0.00848	0.00583	0.00269	0.00703
5	0.00686	0.00490	0.00653	0.00784	0.00816	0.00457	0.00522	0.00784	0.01077	0.01437	0.03102	0.79855	0.03722	0.01763	0.00718	0.00229	0.00326	0.01600	0.00522	0.00457
6	0.00804	0.00603	0.00904	0.00904	0.01005	0.00703	0.00703	0.01005	0.00904	0.01306	0.01507	0.02211	0.01407	0.04221	0.77992	0.00904	0.01507	0.00603	0.00301	0.00502
7	0.00747	0.00570	0.00814	0.12629	0.01286	0.00581	0.00687	0.00890	0.01089	0.01441	0.02781	0.66668	0.03263	0.01577	0.00696	0.00223	0.00394	0.02700	0.00481	0.00484
8	0.01583	0.70401	0.02772	0.01026	0.01483	0.12107	0.00979	0.01758	0.01202	0.01331	0.00794	0.00917	0.00723	0.00494	0.00380	0.00124	0.00656	0.00309	0.00247	0.00713
9	0.00775	0.00574	0.00722	0.00685	0.00827	0.00522	0.00514	0.01020	0.01541	0.02134	0.64652	0.04405	0.17149	0.01196	0.00664	0.00179	0.00269	0.01046	0.00603	0.00522
10	0.01400	0.01209	0.01273	0.01145	0.01463	0.01400	0.00891	0.02990	0.75695	0.02354	0.02291	0.02100	0.01718	0.00764	0.00573	0.00191	0.00445	0.00636	0.00573	0.00891
11	0.02030	0.01919	0.01601	0.01330	0.01707	0.28605	0.01053	0.39839	0.11805	0.02625	0.01304	0.01330	0.00974	0.00653	0.00545	0.00163	0.00736	0.00473	0.00468	0.00841
12	0.01591	0.01376	0.01376	0.01194	0.01537	0.06356	0.00939	0.17171	0.56498	0.02528	0.02014	0.01882	0.01504	0.00734	0.00567	0.00184	0.00516	0.00593	0.00553	0.00889
13	0.02011	0.02490	0.01553	0.01410	0.01704	0.67975	0.01062	0.02344	0.11262	0.01505	0.01055	0.01156	0.00854	0.00604	0.00516	0.00151	0.00941	0.00398	0.00327	0.00684
14	0.01542	0.01768	0.02126	0.01693	0.02070	0.28344	0.29342	0.02010	0.11068	0.01659	0.01242	0.01507	0.00994	0.01042	0.10766	0.00268	0.00980	0.00546	0.00326	0.00705
15	0.84197	0.01088	0.00827	0.00740	0.01088	0.01262	0.00609	0.01654	0.00958	0.02525	0.00784	0.00914	0.00609	0.00522	0.00348	0.00174	0.00435	0.00305	0.00348	0.00609
16	0.01393	0.01337	0.02284	0.03454	0.76712	0.01337	0.01727	0.01727	0.01281	0.01839	0.01059	0.01393	0.00891	0.00501	0.00557	0.00167	0.00669	0.00501	0.00279	0.00891
17	0.00676	0.00529	0.00613	0.00680	0.00789	0.00466	0.00476	0.00795	0.01177	0.01477	0.04361	0.43789	0.38976	0.01599	0.00693	0.00210	0.00306	0.01400	0.00522	0.00466
18	0.01400	0.01209	0.01273	0.01145	0.01463	0.01400	0.00891	0.02990	0.75695	0.02354	0.02291	0.02100	0.01718	0.00764	0.00573	0.00191	0.00445	0.00636	0.00573	0.00891
19	0.00978	0.00489	0.00733	0.00733	0.00733	0.00489	0.00489	0.00733	0.00733	0.00978	0.00978	0.01711	0.00978	0.01955	0.02199	0.83627	0.00489	0.00489	0.00244	0.00244
20	0.01657	0.05150	0.08780	0.20768	0.10279	0.40847	0.01360	0.01927	0.01390	0.01477	0.00932	0.01187	0.00748	0.00559	0.00523	0.00160	0.00880	0.00414	0.00272	0.00690
21	0.00981	0.00763	0.00846	0.00804	0.00947	0.00806	0.00565	0.01553	0.24993	0.01746	0.14958	0.07057	0.08995	0.30845	0.01466	0.00324	0.00433	0.00863	0.00487	0.00566
22	0.00711	0.00543	0.00653	0.00686	0.00804	0.00485	0.00492	0.00874	0.01302	0.01708	0.25666	0.31335	0.29780	0.01463	0.00683	0.00200	0.00294	0.01283	0.00551	0.00485
23	0.01393	0.01337	0.02284	0.03454	0.76712	0.01337	0.01727	0.01727	0.01281	0.01839	0.01059	0.01393	0.00891	0.00501	0.00557	0.00167	0.00669	0.00501	0.00279	0.00891
24	0.01167	0.01000	0.01167	0.00834	0.01334	0.00750	0.00667	0.01417	0.01167	0.01834	0.01000	0.01167	0.00834	0.00417	0.00417	0.00083	0.00417	0.00333	0.00333	0.83663
25	0.00668	0.00560	0.00581	0.00598	0.00767	0.00473	0.00440	0.00805	0.01256	0.01509	0.05362	0.15127	0.66991	0.01469	0.00672	0.00195	0.00290	0.01241	0.00523	0.00473
26	0.00670	0.00550	0.00591	0.00623	0.00774	0.00471	0.00451	0.00802	0.01232	0.01500	0.05059	0.23790	0.58523	0.01509	0.00678	0.00200	0.00295	0.01289	0.00523	0.00471
27	0.01307	0.01454	0.02964	0.02172	0.02614	0.01490	0.58263	0.01703	0.01224	0.01703	0.01049	0.01454	0.00828	0.00588	0.00928	0.00202	0.18428	0.00626	0.00276	0.00727
28	0.84197	0.01088	0.00827	0.00740	0.01088	0.01262	0.00609	0.01654	0.00958	0.02525	0.00784	0.00914	0.00609	0.00522	0.00348	0.00174	0.00435	0.00305	0.00348	0.00609
29	0.01334	0.01277	0.02178	0.16911	0.63715	0.01322	0.01698	0.01676	0.01254	0.01767	0.01048	0.01412	0.00866	0.00512	0.00558	0.00171	0.00683	0.00501	0.00273	0.00844
30	0.00671	0.00570	0.00578	0.00576	0.00764	0.00478	0.00432	0.00819	0.01297	0.01554	0.08905	0.05361	0.73259	0.01413	0.00665	0.00189	0.00284	0.01180	0.00527	0.00478
31	0.00686	0.00490	0.00653	0.00784	0.00816	0.00457	0.00522	0.00784	0.01077	0.01437	0.03102	0.79855	0.03722	0.01763	0.00718	0.00229	0.00326	0.01600	0.00522	0.00457
32	0.00806	0.00595	0.00863	0.00863	0.00949	0.00681	0.00652	0.00978	0.00892	0.01276	0.01545	0.02422	0.01498	0.15106	0.67232	0.00853	0.01370	0.00634	0.00307	0.00479
33	0.35567	0.01094	0.01088	0.00944	0.01293	0.01210	0.00758	0.02345	0.28098	0.17717	0.01640	0.01578	0.01189	0.00733	0.02311	0.00197	0.00473	0.00485	0.00500	0.00780
34	0.01167	0.01000	0.01167	0.00834	0.01334	0.00750	0.00667	0.01417	0.01167	0.01834	0.01000	0.01167	0.00834	0.00417	0.00417	0.00083	0.00417	0.00333	0.00333	0.83663
35	0.01678	0.06675	0.01274	0.00961	0.01287	0.03943	0.00773	0.08341	0.09677	0.27932	0.16147	0.08637	0.04916	0.00868	0.00577	0.00172	0.00455	0.00723	0.00572	0.04391
36	0.01928	0.02058	0.01531	0.01337	0.01669	0.41474	0.01032	0.18227	0.21096	0.02103	0.01344	0.01370	0.01034	0.00648	0.00536	0.00162	0.00781	0.00465	0.00423	0.00781
37	0.06202	0.10315	0.37528	0.01249	0.01836	0.01220	0.01399	0.01953	0.04135	0.19036	0.06015	0.04117	0.01284	0.00652	0.00528	0.00173	0.00638	0.00516	0.00395	0.00808
38	0.01286	0.22486	0.16197	0.20315	0.02146	0.03242	0.01259	0.01603	0.01207	0.07382	0.04980	0.07157	0.03050	0.00712	0.00571	0.00172	0.03458	0.01754	0.00329	0.00694
39	0.01591	0.01568	0.01353	0.01218	0.01531	0.20289	0.00938	0.02803	0.56198	0.03330	0.01939	0.01829	0.01467	0.00717	0.00556	0.00179	0.00586	0.00568	0.00505	0.00833
40	0.01278	0.29736	0.27322	0.01403	0.07130	0.05583	0.03250	0.01629	0.01199	0.01562	0.01263	0.09635	0.01195	0.00702	0.00510	0.00166	0.00681	0.04737	0.00292	0.00728
41	0.04050	0.02024	0.26291	0.01384	0.01952	0.03392	0.01386	0.47327	0.02100	0.02893	0.01213	0.01278	0.00863	0.00623	0.00547	0.00172	0.00693	0.00468	0.00445	0.00900
42	0.00696	0.00571	0.00613	0.00603	0.00779	0.00488	0.00452	0.00868	0.01356	0.01695	0.22482	0.05128	0.59594	0.01360	0.00665	0.00187	0.00280	0.01147	0.00546	0.00488
43	0.00830	0.00608	0.00799	0.00842	0.00981	0.00578	0.00692	0.01076	0.01412	0.01890	0.32607	0.05367	0.14041	0.01376	0.00717	0.00217	0.00386	0.34505	0.00559	0.00517
44	0.01500	0.01366	0.02005	0.02624	0.47669	0.04954	0.04334	0.06267	0.14610	0.04906	0.01383	0.01651	0.01113	0.00595	0.00568	0.00174	0.00642	0.02397	0.00370	0.00872
45	0.00864	0.00642	0.00814	0.00813	0.00838	0.00708	0.00566	0.00934	0.00917	0.01250	0.01934	0.13645	0.02193	0.46265	0.06595	0.00453	0.10830	0.08947	0.00370	0.00421
46	0.02273	0.01161	0.01407	0.01101	0.01525	0.01155	0.00902	0.22663	0.11498	0.47122	0.01990	0.01784	0.01315	0.00699	0.00566	0.00175	0.00513	0.00559	0.00644	0.00949
47	0.02102	0.02682	0.01595	0.01450	0.01740	0.77963	0.01087	0.02247	0.01595	0.01377	0.00870	0.01015	0.00725	0.00580	0.00507	0.00145	0.01015	0.00362	0.00290	0.00652
48	0.08788	0.01278	0.01816	0.01477	0.05298	0.01329	0.15710	0.17658	0.11325	0.22483	0.01567	0.01592	0.01108	0.00649	0.00642	0.00182	0.05194	0.00553	0.00495	0.00857
49	0.01424	0.01221	0.01286	0.01150	0.01473	0.01411	0.00897	0.05358	0.73288	0.02393	0.02260	0.02075	0.01693	0.00761	0.00572	0.00190	0.00451	0.00632	0.00572	0.00893
50	0.00817	0.00549	0.00633	0.00647	0.00656	0.00547	0.00383	0.00837	0.00859	0.01142	0.01907	0.07483	0.02196	0.71881	0.02640	0.00514	0.00534	0.05061	0.00360	0.00357
