[name]
unknown

[dist]
# distance from previous block
# <min> <max>
0	367

[block]
# block no. 0 follows, 46 sequences, length 34
# corresponding to MSA columns:
# 367-400
name=unknown_A
#
# <colnr> <probs for GDERKNQSTAVLIFYWHMCP>
#	G	D	E	R	K	N	Q	S	T	A	V	L	I	F	Y	W	H	M	C	P
0	0.00852	0.00608	0.00852	0.00974	0.01095	0.00608	0.00852	0.01095	0.01217	0.01582	0.02799	0.05963	0.03042	0.01460	0.00730	0.00243	0.00487	0.74565	0.00487	0.00487
1	0.01133	0.00961	0.01116	0.00801	0.01268	0.00742	0.00642	0.04363	0.01152	0.01788	0.00953	0.01103	0.00788	0.00401	0.00397	0.00082	0.00399	0.00320	0.00322	0.81268
2	0.00985	0.00493	0.00493	0.00493	0.00616	0.00493	0.00370	0.01232	0.01109	0.01971	0.01725	0.01971	0.01355	0.00616	0.00370	0.00123	0.00246	0.00493	0.84356	0.00493
3	0.01060	0.02735	0.78682	0.01507	0.02288	0.01228	0.01953	0.01674	0.01116	0.01674	0.00949	0.01116	0.00670	0.00502	0.00502	0.00167	0.00781	0.00391	0.00223	0.00781
4	0.05449	0.10588	0.01913	0.05876	0.19334	0.01516	0.06422	0.36154	0.01770	0.04309	0.01109	0.01243	0.00838	0.00551	0.00503	0.00156	0.00608	0.00455	0.00393	0.00815
5	0.00985	0.00493	0.00493	0.00493	0.00616	0.00493	0.00370	0.01232	0.01109	0.01971	0.01725	0.01971	0.01355	0.00616	0.00370	0.00123	0.00246	0.00493	0.84356	0.00493
6	0.28000	0.01470	0.01353	0.01288	0.07045	0.21185	0.00961	0.03181	0.01091	0.03232	0.00800	0.01037	0.00679	0.00646	0.00831	0.00177	0.25738	0.00378	0.00289	0.00618
7	0.00854	0.00554	0.00699	0.00652	0.00795	0.00510	0.00492	0.01093	0.01434	0.06111	0.60420	0.03681	0.09056	0.01021	0.00590	0.00162	0.00261	0.00891	0.10210	0.00516
8	0.01200	0.01838	0.29780	0.02299	0.26956	0.01272	0.25586	0.01664	0.01187	0.01697	0.01002	0.01277	0.00766	0.00474	0.00548	0.00168	0.00767	0.00491	0.00250	0.00778
9	0.00769	0.00513	0.00577	0.00577	0.00577	0.00513	0.00320	0.00769	0.00769	0.01025	0.01666	0.03460	0.01922	0.81421	0.02691	0.00513	0.00513	0.00769	0.00320	0.00320
10	0.24435	0.01116	0.01093	0.00976	0.01286	0.01290	0.00769	0.04882	0.53701	0.02292	0.01733	0.01642	0.01303	0.00652	0.00480	0.00174	0.00421	0.00508	0.00480	0.00766
11	0.00710	0.00531	0.00659	0.00644	0.00770	0.00480	0.00476	0.00917	0.01380	0.01884	0.53770	0.12344	0.21092	0.01199	0.00629	0.00174	0.00260	0.01049	0.00552	0.00480
12	0.00722	0.00516	0.00567	0.00574	0.00625	0.00490	0.00352	0.00764	0.00902	0.01153	0.02750	0.07983	0.22982	0.55126	0.02015	0.00405	0.00434	0.00903	0.00376	0.00361
13	0.01131	0.01033	0.01509	0.47109	0.09735	0.01228	0.01275	0.01855	0.26077	0.01668	0.01343	0.01585	0.01016	0.00585	0.00531	0.00175	0.00604	0.00512	0.00337	0.00692
14	0.00994	0.00914	0.01538	0.75934	0.03484	0.01137	0.01415	0.01316	0.01038	0.01328	0.00938	0.01420	0.00716	0.00598	0.00610	0.04657	0.00692	0.00469	0.00235	0.00568
15	0.01308	0.01256	0.02146	0.03245	0.78123	0.01256	0.01622	0.01622	0.01204	0.01727	0.00994	0.01308	0.00837	0.00471	0.00523	0.00157	0.00628	0.00471	0.00262	0.00837
16	0.01101	0.01045	0.01772	0.54580	0.28406	0.01202	0.01519	0.01441	0.01106	0.01476	0.00958	0.01376	0.00749	0.00509	0.00527	0.00170	0.00679	0.00470	0.00244	0.00670
17	0.01976	0.01252	0.01403	0.01087	0.01484	0.01318	0.00894	0.51234	0.02129	0.21854	0.01838	0.01743	0.07902	0.00703	0.00538	0.00162	0.00521	0.00547	0.00557	0.00859
18	0.00985	0.00493	0.00493	0.00493	0.00616	0.00493	0.00370	0.01232	0.01109	0.01971	0.01725	0.01971	0.01355	0.00616	0.00370	0.00123	0.00246	0.00493	0.84356	0.00493
19	0.10700	0.00704	0.00829	0.00767	0.00907	0.00759	0.00560	0.06431	0.02815	0.07932	0.01496	0.02379	0.01440	0.32377	0.27130	0.00521	0.00794	0.00602	0.00357	0.00501
20	0.01285	0.46530	0.27640	0.01371	0.10488	0.01712	0.01332	0.01617	0.01103	0.01441	0.00835	0.00989	0.00694	0.00471	0.00414	0.00136	0.00644	0.00340	0.00229	0.00730
21	0.00985	0.00493	0.00493	0.00493	0.00616	0.00493	0.00370	0.01232	0.01109	0.01971	0.01725	0.01971	0.01355	0.00616	0.00370	0.00123	0.00246	0.00493	0.84356	0.00493
22	0.01204	0.01162	0.01899	0.20028	0.43777	0.01321	0.01481	0.01481	0.01080	0.01538	0.00913	0.01296	0.00775	0.00589	0.00804	0.00178	0.19035	0.00469	0.00249	0.00722
23	0.00998	0.00940	0.01586	0.80150	0.03641	0.01175	0.01468	0.01351	0.01057	0.01351	0.00940	0.01409	0.00705	0.00529	0.00529	0.00176	0.00705	0.00470	0.00235	0.00587
24	0.00721	0.00524	0.00732	0.00773	0.00833	0.00563	0.00556	0.00850	0.00891	0.01238	0.01944	0.28233	0.02123	0.14424	0.42387	0.00592	0.00921	0.00903	0.00357	0.00436
25	0.00755	0.00537	0.00720	0.00726	0.00777	0.00584	0.00505	0.00857	0.00824	0.01147	0.01606	0.07048	0.01699	0.37027	0.42128	0.00670	0.00967	0.00705	0.00311	0.00405
26	0.00985	0.00493	0.00493	0.00493	0.00616	0.00493	0.00370	0.01232	0.01109	0.01971	0.01725	0.01971	0.01355	0.00616	0.00370	0.00123	0.00246	0.00493	0.84356	0.00493
27	0.04719	0.01231	0.01491	0.23584	0.05585	0.08211	0.01111	0.17858	0.03507	0.18198	0.01247	0.01388	0.00897	0.00617	0.00628	0.00170	0.07946	0.00469	0.00403	0.00740
28	0.01867	0.15698	0.01709	0.01271	0.01582	0.60457	0.00997	0.05925	0.03273	0.01414	0.00859	0.00976	0.00714	0.00538	0.00458	0.00135	0.00856	0.00344	0.00284	0.00644
29	0.00985	0.00493	0.00493	0.00493	0.00616	0.00493	0.00370	0.01232	0.01109	0.01971	0.01725	0.01971	0.01355	0.00616	0.00370	0.00123	0.00246	0.00493	0.84356	0.00493
30	0.00639	0.00479	0.00594	0.00686	0.00754	0.00434	0.00469	0.00742	0.01060	0.01369	0.03521	0.62176	0.22004	0.01577	0.00662	0.00206	0.00297	0.01407	0.00491	0.00434
31	0.01687	0.04169	0.04947	0.01284	0.10224	0.01172	0.00963	0.22157	0.12415	0.21963	0.09830	0.01874	0.03547	0.00686	0.00535	0.00163	0.00495	0.00564	0.00511	0.00815
32	0.15078	0.01238	0.01505	0.01730	0.26567	0.06676	0.01067	0.10857	0.09575	0.16905	0.02875	0.01427	0.01051	0.00573	0.00494	0.00161	0.00545	0.00468	0.00417	0.00792
33	0.05781	0.01046	0.01426	0.42504	0.02567	0.01218	0.01164	0.13695	0.12834	0.08395	0.01379	0.01573	0.02953	0.00604	0.00522	0.00172	0.00593	0.00503	0.00375	0.00697

[dist]
# distance from previous block
# <min> <max>
1	16

[block]
# block no. 1 follows, 46 sequences, length 59
# corresponding to MSA columns:
# 417-428,430-476
name=unknown_B
#
# <colnr> <probs for GDERKNQSTAVLIFYWHMCP>
#	G	D	E	R	K	N	Q	S	T	A	V	L	I	F	Y	W	H	M	C	P
0	0.00985	0.00493	0.00493	0.00493	0.00616	0.00493	0.00370	0.01232	0.01109	0.01971	0.01725	0.01971	0.01355	0.00616	0.00370	0.00123	0.00246	0.00493	0.84356	0.00493
1	0.01198	0.06231	0.16411	0.07841	0.09032	0.01245	0.24266	0.03890	0.01179	0.01673	0.00970	0.01239	0.00759	0.00488	0.00583	0.00153	0.05212	0.00461	0.00269	0.16901
2	0.01261	0.01364	0.01443	0.46782	0.02691	0.23739	0.01210	0.03100	0.01232	0.01385	0.01403	0.01684	0.09296	0.00626	0.00524	0.00164	0.00726	0.00504	0.00281	0.00586
3	0.00985	0.00493	0.00493	0.00493	0.00616	0.00493	0.00370	0.01232	0.01109	0.01971	0.01725	0.01971	0.01355	0.00616	0.00370	0.00123	0.00246	0.00493	0.84356	0.00493
4	0.01388	0.00987	0.01252	0.01049	0.01331	0.01034	0.06483	0.16375	0.18499	0.13459	0.08345	0.14221	0.08596	0.00905	0.00619	0.00179	0.03272	0.00774	0.00514	0.00716
5	0.00654	0.00518	0.00588	0.00610	0.00742	0.00452	0.00442	0.00800	0.01215	0.01544	0.18932	0.23454	0.45447	0.01366	0.00637	0.00185	0.00274	0.01179	0.00509	0.00452
6	0.00766	0.00511	0.00578	0.00581	0.00581	0.00510	0.00325	0.00768	0.00775	0.01033	0.01698	0.05449	0.01962	0.79376	0.02639	0.00505	0.00507	0.00788	0.00325	0.00323
7	0.01967	0.01095	0.01292	0.01040	0.01418	0.01125	0.00843	0.18094	0.25245	0.39034	0.01935	0.01742	0.01318	0.00670	0.00533	0.00167	0.00468	0.00541	0.00592	0.00880
8	0.01258	0.01284	0.02427	0.10310	0.45035	0.01276	0.27247	0.01621	0.01205	0.01679	0.01015	0.01359	0.00812	0.00468	0.00558	0.00166	0.00726	0.00523	0.00261	0.00771
9	0.00998	0.00940	0.01586	0.80150	0.03641	0.01175	0.01468	0.01351	0.01057	0.01351	0.00940	0.01409	0.00705	0.00529	0.00529	0.00176	0.00705	0.00470	0.00235	0.00587
10	0.01096	0.00940	0.01096	0.00783	0.01253	0.00705	0.00626	0.01331	0.01096	0.01723	0.00940	0.01096	0.00783	0.00392	0.00392	0.00078	0.00392	0.00313	0.00313	0.84653
11	0.00644	0.00460	0.00613	0.00736	0.00767	0.00429	0.00491	0.00736	0.01012	0.01350	0.02914	0.81076	0.03497	0.01656	0.00675	0.00215	0.00307	0.01503	0.00491	0.00429
12	0.04315	0.01007	0.04097	0.01051	0.01300	0.00991	0.06555	0.27995	0.01558	0.02137	0.02028	0.40364	0.02144	0.01110	0.00599	0.00188	0.00472	0.00980	0.00471	0.00638
13	0.01035	0.00978	0.01645	0.70112	0.11378	0.01194	0.01476	0.01377	0.01066	0.01388	0.00939	0.01392	0.00718	0.00533	0.00558	0.00176	0.02712	0.00470	0.00238	0.00613
14	0.01352	0.01067	0.01140	0.00980	0.01280	0.01169	0.00775	0.20836	0.37516	0.04266	0.06830	0.02503	0.16322	0.00835	0.00557	0.00173	0.00422	0.00685	0.00532	0.00760
15	0.01413	0.81739	0.02770	0.00905	0.01357	0.02092	0.00905	0.01583	0.01074	0.01244	0.00735	0.00848	0.00678	0.00452	0.00339	0.00113	0.00565	0.00283	0.00226	0.00678
16	0.00644	0.00460	0.00613	0.00736	0.00767	0.00429	0.00491	0.00736	0.01012	0.01350	0.02914	0.81076	0.03497	0.01656	0.00675	0.00215	0.00307	0.01503	0.00491	0.00429
17	0.08513	0.00657	0.00822	0.00810	0.00980	0.00633	0.00616	0.01360	0.03994	0.18784	0.09721	0.37622	0.02775	0.01218	0.00608	0.00196	0.00366	0.09226	0.00523	0.00575
18	0.01291	0.10286	0.02623	0.02508	0.35533	0.01392	0.33604	0.01641	0.01200	0.01649	0.00991	0.01305	0.00801	0.00468	0.00572	0.00163	0.02438	0.00516	0.00260	0.00761
19	0.00667	0.00477	0.00640	0.00763	0.00803	0.00449	0.00531	0.00776	0.01035	0.01375	0.02901	0.72715	0.03446	0.01634	0.00681	0.00218	0.00327	0.09636	0.00490	0.00436
20	0.01308	0.01256	0.02146	0.03245	0.78123	0.01256	0.01622	0.01622	0.01204	0.01727	0.00994	0.01308	0.00837	0.00471	0.00523	0.00157	0.00628	0.00471	0.00262	0.00837
21	0.01200	0.01027	0.01100	0.00877	0.01231	0.05294	0.00691	0.09968	0.11384	0.02033	0.18290	0.01860	0.01838	0.00624	0.00483	0.00124	0.00417	0.00514	0.00425	0.40620
22	0.01289	0.01237	0.02111	0.07986	0.73531	0.01251	0.01613	0.01606	0.01195	0.01704	0.00991	0.01315	0.00829	0.00475	0.00524	0.00158	0.00633	0.00471	0.00260	0.00822
23	0.01403	0.79337	0.05078	0.00923	0.01385	0.02066	0.00936	0.01586	0.01075	0.01257	0.00741	0.00856	0.00678	0.00454	0.00344	0.00115	0.00572	0.00286	0.00226	0.00682
24	0.00644	0.00460	0.00613	0.00736	0.00767	0.00429	0.00491	0.00736	0.01012	0.01350	0.02914	0.81076	0.03497	0.01656	0.00675	0.00215	0.00307	0.01503	0.00491	0.00429
25	0.00625	0.00536	0.00536	0.00536	0.00714	0.00446	0.00402	0.00759	0.01205	0.01428	0.05355	0.05088	0.77909	0.01339	0.00625	0.00179	0.00268	0.01116	0.00491	0.00446
26	0.00769	0.00528	0.00613	0.00617	0.00620	0.00539	0.00363	0.00781	0.00793	0.01063	0.01753	0.10712	0.02032	0.71379	0.02471	0.00476	0.02991	0.00828	0.00334	0.00339
27	0.00755	0.00566	0.00850	0.00850	0.00944	0.00661	0.00661	0.00944	0.00850	0.01227	0.01416	0.02077	0.01322	0.03965	0.79326	0.00850	0.01416	0.00566	0.00283	0.00472
28	0.00644	0.00460	0.00613	0.00736	0.00767	0.00429	0.00491	0.00736	0.01012	0.01350	0.02914	0.81076	0.03497	0.01656	0.00675	0.00215	0.00307	0.01503	0.00491	0.00429
29	0.01248	0.01426	0.03119	0.02228	0.02763	0.01337	0.76203	0.01693	0.01248	0.01693	0.01070	0.01426	0.00802	0.00446	0.00624	0.00178	0.00891	0.00624	0.00267	0.00713
30	0.02010	0.01481	0.01587	0.01216	0.01639	0.01639	0.01005	0.76360	0.02486	0.03332	0.01269	0.01269	0.00899	0.00635	0.00529	0.00159	0.00582	0.00476	0.00529	0.00899
31	0.01308	0.01256	0.02146	0.03245	0.78123	0.01256	0.01622	0.01622	0.01204	0.01727	0.00994	0.01308	0.00837	0.00471	0.00523	0.00157	0.00628	0.00471	0.00262	0.00837
32	0.01157	0.01157	0.01619	0.01388	0.01388	0.01619	0.01157	0.01272	0.00810	0.01272	0.00694	0.01157	0.00694	0.00925	0.01735	0.00231	0.80453	0.00463	0.00231	0.00578
33	0.00634	0.00536	0.00549	0.00546	0.00720	0.00450	0.00409	0.00777	0.01228	0.01482	0.11022	0.04999	0.72209	0.01319	0.00625	0.00178	0.00266	0.01103	0.00498	0.00450
34	0.02010	0.01481	0.01587	0.01216	0.01639	0.01639	0.01005	0.76360	0.02486	0.03332	0.01269	0.01269	0.00899	0.00635	0.00529	0.00159	0.00582	0.00476	0.00529	0.00899
35	0.01315	0.01136	0.01195	0.01076	0.01375	0.01315	0.00837	0.02809	0.77168	0.02211	0.02152	0.01972	0.01614	0.00717	0.00538	0.00179	0.00418	0.00598	0.00538	0.00837
36	0.01656	0.04506	0.25205	0.01192	0.01697	0.01229	0.01198	0.15925	0.16662	0.22966	0.01550	0.01492	0.01075	0.00609	0.00516	0.00165	0.00574	0.00482	0.00460	0.00843
37	0.85155	0.01022	0.00777	0.00695	0.01022	0.01186	0.00573	0.01554	0.00900	0.02372	0.00736	0.00859	0.00573	0.00491	0.00327	0.00164	0.00409	0.00286	0.00327	0.00573
38	0.00985	0.00493	0.00493	0.00493	0.00616	0.00493	0.00370	0.01232	0.01109	0.01971	0.01725	0.01971	0.01355	0.00616	0.00370	0.00123	0.00246	0.00493	0.84356	0.00493
39	0.00712	0.00513	0.00675	0.00690	0.00782	0.00475	0.00496	0.00908	0.01330	0.01855	0.52084	0.30464	0.04475	0.01279	0.00641	0.00183	0.00269	0.01144	0.00551	0.00475
40	0.01060	0.02735	0.78682	0.01507	0.02288	0.01228	0.01953	0.01674	0.01116	0.01674	0.00949	0.01116	0.00670	0.00502	0.00502	0.00167	0.00781	0.00391	0.00223	0.00781
41	0.01308	0.01256	0.02146	0.03245	0.78123	0.01256	0.01622	0.01622	0.01204	0.01727	0.00994	0.01308	0.00837	0.00471	0.00523	0.00157	0.00628	0.00471	0.00262	0.00837
42	0.01206	0.35251	0.47438	0.01259	0.01905	0.01583	0.01522	0.01637	0.01099	0.01497	0.00861	0.01006	0.00673	0.00482	0.00435	0.00145	0.00692	0.00346	0.00224	0.00739
43	0.01243	0.43716	0.39305	0.01194	0.01805	0.01676	0.01409	0.01627	0.01094	0.01451	0.00838	0.00977	0.00674	0.00476	0.00418	0.00139	0.00669	0.00335	0.00225	0.00728
44	0.00644	0.00460	0.00613	0.00736	0.00767	0.00429	0.00491	0.00736	0.01012	0.01350	0.02914	0.81076	0.03497	0.01656	0.00675	0.00215	0.00307	0.01503	0.00491	0.00429
45	0.00680	0.00538	0.00612	0.00593	0.00748	0.00470	0.00445	0.00865	0.01334	0.01736	0.37567	0.04582	0.45505	0.01224	0.00624	0.00173	0.00260	0.01045	0.00531	0.00470
46	0.46457	0.09342	0.04085	0.00963	0.01304	0.25576	0.00804	0.03221	0.01142	0.01921	0.00780	0.00905	0.00627	0.00507	0.00385	0.00150	0.00611	0.00310	0.00301	0.00609
47	0.00644	0.00460	0.00613	0.00736	0.00767	0.00429	0.00491	0.00736	0.01012	0.01350	0.02914	0.81076	0.03497	0.01656	0.00675	0.00215	0.00307	0.01503	0.00491	0.00429
48	0.00744	0.00540	0.00701	0.00661	0.00787	0.00497	0.00495	0.00989	0.01486	0.02096	0.75286	0.03989	0.07562	0.01090	0.00624	0.00167	0.00250	0.00962	0.00579	0.00497
49	0.00650	0.00495	0.00600	0.00680	0.00768	0.00446	0.00481	0.00765	0.01091	0.01391	0.03758	0.50170	0.29410	0.01534	0.00661	0.00204	0.00304	0.05664	0.00491	0.00439
50	0.04029	0.01085	0.01586	0.05877	0.01752	0.01093	0.14851	0.04035	0.23649	0.33524	0.01794	0.01720	0.01239	0.00622	0.00545	0.00172	0.00539	0.00557	0.00512	0.00819
51	0.01117	0.01078	0.01503	0.01310	0.01325	0.01482	0.01091	0.01248	0.00846	0.01315	0.00883	0.01504	0.00880	0.01057	0.04488	0.00251	0.69818	0.04825	0.03412	0.00566
52	0.00777	0.05315	0.00813	0.00668	0.00817	0.00588	0.00514	0.01011	0.01446	0.02008	0.66976	0.03866	0.11106	0.01066	0.00607	0.00164	0.00270	0.00930	0.00553	0.00505
53	0.01923	0.01672	0.04623	0.01379	0.01770	0.28288	0.15220	0.06523	0.01484	0.28042	0.01330	0.01363	0.00932	0.00576	0.00556	0.00158	0.02522	0.00472	0.00415	0.00753
54	0.01453	0.01373	0.02165	0.07495	0.02193	0.05910	0.34400	0.24836	0.01661	0.02201	0.09653	0.01629	0.01284	0.00587	0.00579	0.00168	0.00713	0.00587	0.00382	0.00732
55	0.22506	0.00921	0.01047	0.00918	0.01188	0.00986	0.05112	0.07403	0.16146	0.04393	0.17197	0.02659	0.08030	0.00835	0.00533	0.00177	0.00419	0.08424	0.00471	0.00634
56	0.18369	0.49171	0.04809	0.00915	0.01338	0.06275	0.00868	0.01721	0.01114	0.09988	0.00896	0.00971	0.00726	0.00489	0.00372	0.00132	0.00552	0.00318	0.00296	0.00681
57	0.01618	0.01213	0.01471	0.24146	0.02137	0.03578	0.01081	0.33867	0.05733	0.10037	0.01325	0.01554	0.00987	0.00624	0.00527	0.00163	0.00592	0.03207	0.00435	0.05706
58	0.10589	0.06598	0.04161	0.01143	0.01556	0.08593	0.00969	0.48568	0.02016	0.08990	0.01195	0.01209	0.00857	0.00597	0.00491	0.00155	0.00593	0.00433	0.00465	0.00821

[dist]
# distance from previous block
# <min> <max>
10	54

[block]
# block no. 2 follows, 46 sequences, length 28
# corresponding to MSA columns:
# 537-564
name=unknown_C
#
# <colnr> <probs for GDERKNQSTAVLIFYWHMCP>
#	G	D	E	R	K	N	Q	S	T	A	V	L	I	F	Y	W	H	M	C	P
0	0.03127	0.11306	0.11486	0.29724	0.23950	0.01297	0.01407	0.03602	0.01137	0.01565	0.00958	0.01312	0.00777	0.03011	0.00559	0.00168	0.00649	0.00437	0.00255	0.03272
1	0.27836	0.04151	0.01297	0.01063	0.01403	0.29682	0.00844	0.15995	0.01471	0.07077	0.00963	0.01041	0.00733	0.00543	0.00436	0.00148	0.00647	0.00359	0.00363	0.03949
2	0.01249	0.01054	0.01593	0.01251	0.01542	0.05231	0.23838	0.11925	0.01304	0.04177	0.01369	0.01814	0.01137	0.09425	0.12592	0.00297	0.00740	0.00563	0.18283	0.00616
3	0.01839	0.01149	0.01293	0.01066	0.01418	0.03570	0.00857	0.15009	0.32314	0.30616	0.01901	0.01738	0.01329	0.00680	0.00563	0.00170	0.02526	0.00541	0.00564	0.00857
4	0.01886	0.02333	0.01457	0.01323	0.01599	0.68809	0.00997	0.02205	0.11676	0.01417	0.00997	0.01090	0.00806	0.00568	0.00485	0.00142	0.00881	0.00375	0.00308	0.00643
5	0.01362	0.01126	0.01280	0.01083	0.05233	0.01105	0.00817	0.17483	0.23480	0.02202	0.01363	0.01398	0.01051	0.00541	0.00469	0.00128	0.00451	0.00438	0.00421	0.38569
6	0.00741	0.00523	0.00591	0.00606	0.00653	0.00503	0.00386	0.00791	0.00903	0.01164	0.02560	0.07111	0.17616	0.55555	0.02033	0.00411	0.00452	0.06662	0.00375	0.00364
7	0.01363	0.70490	0.13579	0.00990	0.01489	0.01969	0.01054	0.01596	0.01080	0.01305	0.00765	0.00886	0.00677	0.00459	0.00362	0.00121	0.00596	0.00298	0.00226	0.00693
8	0.13561	0.01535	0.01933	0.01486	0.01884	0.12988	0.24170	0.27510	0.01639	0.02274	0.01033	0.01206	0.00779	0.00559	0.00588	0.00166	0.05117	0.00474	0.00365	0.00735
9	0.00639	0.00508	0.00565	0.00608	0.00726	0.00444	0.00429	0.00751	0.01116	0.01380	0.04316	0.31588	0.48059	0.05475	0.00746	0.00208	0.00294	0.01234	0.00482	0.00434
10	0.01308	0.01256	0.02146	0.03245	0.78123	0.01256	0.01622	0.01622	0.01204	0.01727	0.00994	0.01308	0.00837	0.00471	0.00523	0.00157	0.00628	0.00471	0.00262	0.00837
11	0.01426	0.01680	0.02542	0.01916	0.02326	0.21513	0.48857	0.01757	0.01266	0.01546	0.00965	0.01275	0.00759	0.00522	0.00703	0.00173	0.09303	0.00534	0.00265	0.00673
12	0.01568	0.01261	0.01338	0.01127	0.01471	0.01433	0.00898	0.29579	0.49986	0.02619	0.01831	0.01716	0.01354	0.00687	0.00535	0.00172	0.00478	0.00553	0.00535	0.00859
13	0.00985	0.00493	0.00493	0.00493	0.00616	0.00493	0.00370	0.01232	0.01109	0.01971	0.01725	0.01971	0.01355	0.00616	0.00370	0.00123	0.00246	0.00493	0.84356	0.00493
14	0.01248	0.01426	0.03119	0.02228	0.02763	0.01337	0.76203	0.01693	0.01248	0.01693	0.01070	0.01426	0.00802	0.00446	0.00624	0.00178	0.00891	0.00624	0.00267	0.00713
15	0.01975	0.02520	0.01498	0.01362	0.01634	0.79299	0.01021	0.02111	0.01498	0.01294	0.00817	0.00953	0.00681	0.00545	0.00477	0.00136	0.00953	0.00340	0.00272	0.00613
16	0.00730	0.00496	0.00588	0.00627	0.00636	0.00486	0.00374	0.00759	0.00845	0.01127	0.02057	0.27805	0.02416	0.56401	0.02058	0.00419	0.00448	0.00999	0.00374	0.00355
17	0.00769	0.00513	0.00577	0.00577	0.00577	0.00513	0.00320	0.00769	0.00769	0.01025	0.01666	0.03460	0.01922	0.81421	0.02691	0.00513	0.00513	0.00769	0.00320	0.00320
18	0.01746	0.01350	0.01438	0.01163	0.01539	0.01516	0.00941	0.48456	0.30820	0.02907	0.01604	0.01536	0.01170	0.00666	0.00532	0.00166	0.00520	0.00522	0.00532	0.00875
19	0.01862	0.01968	0.01467	0.01268	0.01587	0.42813	0.00982	0.23257	0.15851	0.02041	0.01193	0.01232	0.00916	0.00602	0.00503	0.00151	0.00749	0.00427	0.00394	0.00736
20	0.00680	0.00490	0.00588	0.00651	0.00698	0.00459	0.00422	0.00750	0.00969	0.01261	0.02941	0.43458	0.15846	0.26779	0.01302	0.00302	0.00365	0.01204	0.00437	0.00398
21	0.01790	0.01372	0.01463	0.01172	0.01556	0.01537	0.00952	0.53150	0.26053	0.02978	0.01548	0.01491	0.01125	0.00661	0.00532	0.00165	0.00530	0.00514	0.00532	0.00879
22	0.01306	0.57692	0.25875	0.01088	0.01640	0.01829	0.01224	0.01611	0.01087	0.01375	0.00800	0.00930	0.00676	0.00467	0.00389	0.00130	0.00631	0.00316	0.00225	0.00710
23	0.01707	0.02034	0.01688	0.08313	0.23402	0.50890	0.01228	0.01911	0.01379	0.01421	0.00877	0.01091	0.00727	0.00523	0.00494	0.00145	0.00841	0.00388	0.00266	0.00674
24	0.00646	0.00509	0.00565	0.00604	0.00717	0.00448	0.00422	0.00752	0.01099	0.01362	0.04202	0.29197	0.46456	0.09536	0.00850	0.00224	0.00305	0.01204	0.00474	0.00428
25	0.01996	0.01887	0.01552	0.01273	0.01637	0.32011	0.01011	0.47322	0.02099	0.02535	0.01092	0.01146	0.00814	0.00599	0.00508	0.00150	0.00727	0.00423	0.00429	0.00787
26	0.23487	0.50447	0.07948	0.00911	0.01354	0.01765	0.00902	0.05329	0.01102	0.01678	0.00778	0.00892	0.00661	0.00475	0.00358	0.00133	0.00541	0.00302	0.00268	0.00669
27	0.04464	0.28075	0.01938	0.01091	0.01516	0.01762	0.00951	0.46281	0.04875	0.02565	0.01109	0.01144	0.00843	0.00573	0.00460	0.00144	0.00564	0.00410	0.00422	0.00813

[dist]
# distance from previous block
# <min> <max>
1	24

[block]
# block no. 3 follows, 46 sequences, length 7
# corresponding to MSA columns:
# 589-595
name=unknown_D
#
# <colnr> <probs for GDERKNQSTAVLIFYWHMCP>
#	G	D	E	R	K	N	Q	S	T	A	V	L	I	F	Y	W	H	M	C	P
0	0.01245	0.39820	0.09616	0.00913	0.01406	0.01421	0.00892	0.01486	0.01088	0.01488	0.00843	0.00979	0.00722	0.00432	0.00377	0.00104	0.00514	0.00306	0.00263	0.36088
1	0.04495	0.01630	0.16432	0.06110	0.05191	0.09647	0.01158	0.23623	0.13537	0.04169	0.07594	0.01546	0.01265	0.00631	0.00520	0.00163	0.00607	0.00498	0.00414	0.00769
2	0.08464	0.01343	0.04539	0.09766	0.31075	0.10919	0.01225	0.01874	0.12818	0.07273	0.04684	0.01485	0.01116	0.00567	0.00508	0.00162	0.00602	0.00482	0.00349	0.00749
3	0.23545	0.01092	0.01300	0.01180	0.08628	0.01128	0.04105	0.18407	0.03423	0.17082	0.08731	0.01543	0.01293	0.00608	0.00481	0.00158	0.00481	0.00483	0.00456	0.05877
4	0.01544	0.01388	0.04027	0.23013	0.02046	0.18050	0.01055	0.12329	0.08197	0.10776	0.01280	0.01424	0.00944	0.00583	0.00498	0.00156	0.00635	0.00457	0.08730	0.02869
5	0.05306	0.01141	0.01279	0.01010	0.01373	0.05006	0.03347	0.20580	0.09382	0.19118	0.01468	0.01631	0.01122	0.09160	0.00726	0.00184	0.00514	0.00491	0.00464	0.16700
6	0.08468	0.08837	0.07185	0.05633	0.35117	0.01337	0.03413	0.12850	0.01376	0.09250	0.01090	0.01264	0.00836	0.00517	0.00493	0.00157	0.00602	0.00443	0.00337	0.00797

[dist]
# distance from previous block
# <min> <max>
3	26

[block]
# block no. 4 follows, 46 sequences, length 27
# corresponding to MSA columns:
# 622-648
name=unknown_E
#
# <colnr> <probs for GDERKNQSTAVLIFYWHMCP>
#	G	D	E	R	K	N	Q	S	T	A	V	L	I	F	Y	W	H	M	C	P
0	0.03725	0.05958	0.27017	0.03958	0.01953	0.03559	0.13823	0.11697	0.05363	0.03336	0.01128	0.01321	0.00854	0.00747	0.05420	0.00204	0.02287	0.00460	0.03400	0.03790
1	0.04091	0.04333	0.26129	0.03505	0.01765	0.01066	0.06791	0.03272	0.07941	0.15657	0.04063	0.01562	0.03659	0.00577	0.00501	0.00153	0.00577	0.00481	0.00377	0.13498
2	0.01332	0.17995	0.02051	0.01299	0.01726	0.06744	0.20914	0.01735	0.09528	0.04127	0.01083	0.01245	0.00864	0.00498	0.00532	0.00137	0.04329	0.00437	0.00312	0.23112
3	0.05874	0.01109	0.01442	0.17550	0.01942	0.01192	0.06780	0.16449	0.18256	0.07433	0.01414	0.01581	0.01065	0.00597	0.00510	0.00160	0.00542	0.02096	0.02746	0.11261
4	0.01319	0.01329	0.01461	0.01278	0.01374	0.14572	0.01029	0.09524	0.01135	0.01511	0.01073	0.11785	0.01088	0.00927	0.01250	0.00205	0.47653	0.00582	0.00305	0.00599
5	0.00726	0.00619	0.00722	0.00681	0.00822	0.00615	0.00526	0.00885	0.01223	0.01576	0.22415	0.04286	0.49833	0.01221	0.00772	0.00183	0.10949	0.00990	0.00479	0.00477
6	0.00973	0.00756	0.00874	0.00810	0.00895	0.00856	0.00565	0.03840	0.17772	0.01402	0.01643	0.02741	0.01657	0.48424	0.05601	0.00412	0.09246	0.00678	0.00364	0.00490
7	0.01255	0.08543	0.29792	0.01504	0.02055	0.01373	0.19511	0.06315	0.20604	0.01876	0.01285	0.01396	0.00956	0.00547	0.00529	0.00168	0.00686	0.00496	0.00332	0.00777
8	0.01248	0.01426	0.03119	0.02228	0.02763	0.01337	0.76203	0.01693	0.01248	0.01693	0.01070	0.01426	0.00802	0.00446	0.00624	0.00178	0.00891	0.00624	0.00267	0.00713
9	0.01096	0.00940	0.01096	0.00783	0.01253	0.00705	0.00626	0.01331	0.01096	0.01723	0.00940	0.01096	0.00783	0.00392	0.00392	0.00078	0.00392	0.00313	0.00313	0.84653
10	0.00998	0.00940	0.01586	0.80150	0.03641	0.01175	0.01468	0.01351	0.01057	0.01351	0.00940	0.01409	0.00705	0.00529	0.00529	0.00176	0.00705	0.00470	0.00235	0.00587
11	0.00740	0.00528	0.00629	0.00610	0.00690	0.00498	0.00411	0.00869	0.01150	0.01566	0.36030	0.03894	0.13412	0.35025	0.01496	0.00314	0.00363	0.00898	0.00459	0.00416
12	0.37052	0.01188	0.01161	0.00952	0.01318	0.01324	0.00779	0.28458	0.11070	0.10041	0.01233	0.01235	0.00890	0.00586	0.00445	0.00164	0.00476	0.00417	0.00457	0.00753
13	0.01499	0.01153	0.01248	0.01078	0.02704	0.01270	0.00842	0.25533	0.38126	0.06696	0.02279	0.02146	0.11527	0.00766	0.00546	0.00171	0.00455	0.00623	0.00530	0.00808
14	0.01410	0.01606	0.01549	0.46895	0.02794	0.34149	0.01280	0.01672	0.01243	0.01327	0.00888	0.01217	0.00695	0.00535	0.00507	0.00159	0.00810	0.00415	0.00251	0.00598
15	0.01355	0.13375	0.42739	0.01345	0.01906	0.23592	0.01478	0.01756	0.01237	0.01527	0.04372	0.01162	0.00870	0.00534	0.00478	0.00151	0.00777	0.00387	0.00254	0.00706
16	0.00679	0.00528	0.00618	0.00617	0.00753	0.00466	0.00455	0.00857	0.01302	0.01710	0.35626	0.14734	0.37214	0.01272	0.00631	0.00178	0.00265	0.01100	0.00529	0.00466
17	0.00952	0.00782	0.00992	0.00811	0.01122	0.00686	0.00641	0.01168	0.00992	0.01514	0.01141	0.01510	0.01010	0.01900	0.33708	0.00404	0.00824	0.00420	0.00301	0.49122
18	0.01272	0.01087	0.01271	0.01121	0.01319	0.01318	0.00887	0.06475	0.45023	0.01897	0.01594	0.01684	0.01262	0.00887	0.01009	0.09392	0.20827	0.00541	0.00426	0.00708
19	0.01074	0.00795	0.01013	0.00912	0.01095	0.00883	0.00721	0.20171	0.01375	0.01913	0.14162	0.02184	0.01827	0.02634	0.46083	0.00559	0.01008	0.00609	0.00396	0.00585
20	0.01834	0.05566	0.01264	0.09527	0.01503	0.00873	0.00814	0.02120	0.04954	0.48707	0.15104	0.02085	0.01862	0.00706	0.00536	0.00163	0.00448	0.00588	0.00566	0.00780
21	0.05683	0.26813	0.01848	0.01031	0.01460	0.01592	0.00900	0.34949	0.01753	0.12547	0.01165	0.01177	0.00862	0.00559	0.00452	0.00140	0.00540	0.00404	0.00428	0.05697
22	0.01705	0.01100	0.01486	0.06021	0.01654	0.01076	0.09046	0.22968	0.01599	0.24151	0.01432	0.01570	0.01046	0.05643	0.02361	0.00186	0.00566	0.00499	0.00462	0.15428
23	0.05460	0.01287	0.06425	0.07211	0.02035	0.01223	0.28120	0.20575	0.01576	0.03643	0.15326	0.01813	0.01586	0.00627	0.00569	0.00169	0.00642	0.00605	0.00398	0.00712
24	0.14412	0.01497	0.04231	0.01303	0.01672	0.16947	0.16713	0.16059	0.05743	0.04244	0.10734	0.01561	0.01342	0.00611	0.00519	0.00162	0.00647	0.00516	0.00391	0.00694
25	0.19466	0.02500	0.03804	0.28975	0.02302	0.03287	0.10843	0.05270	0.10930	0.03214	0.03720	0.01421	0.00969	0.00558	0.00496	0.00170	0.00608	0.00475	0.00332	0.00658
26	0.11697	0.02240	0.01446	0.01106	0.01495	0.01137	0.10945	0.15046	0.12834	0.06207	0.01313	0.04293	0.01052	0.02110	0.00551	0.00153	0.02194	0.00491	0.00403	0.23288

[dist]
# distance from previous block
# <min> <max>
31	94

[block]
# block no. 5 follows, 46 sequences, length 6
# corresponding to MSA columns:
# 781-786
name=unknown_F
#
# <colnr> <probs for GDERKNQSTAVLIFYWHMCP>
#	G	D	E	R	K	N	Q	S	T	A	V	L	I	F	Y	W	H	M	C	P
0	0.01254	0.03504	0.11553	0.01255	0.06897	0.13466	0.03795	0.05640	0.11386	0.04610	0.05776	0.21627	0.01802	0.00863	0.00553	0.00170	0.00560	0.00740	0.00401	0.04149
1	0.01451	0.07886	0.09720	0.05183	0.01554	0.07947	0.04053	0.09715	0.05351	0.16211	0.01837	0.12012	0.07319	0.00763	0.00527	0.00161	0.00546	0.00634	0.00423	0.06705
2	0.01312	0.05810	0.14290	0.04254	0.01811	0.12543	0.13034	0.09354	0.05156	0.01712	0.01313	0.08432	0.03375	0.00687	0.00656	0.00167	0.09015	0.00560	0.00324	0.06193
3	0.07666	0.06217	0.37360	0.01409	0.05011	0.04268	0.09038	0.01777	0.06611	0.08193	0.03289	0.01478	0.04242	0.00572	0.00506	0.00165	0.00663	0.00474	0.00319	0.00741
4	0.03276	0.11727	0.13498	0.10198	0.03342	0.05978	0.04880	0.07034	0.04577	0.07810	0.08392	0.01696	0.04274	0.00636	0.00543	0.00158	0.03560	0.00509	0.05872	0.02042
5	0.11478	0.09035	0.08745	0.08482	0.01610	0.07452	0.04981	0.01621	0.04148	0.10567	0.09293	0.01780	0.06753	0.00672	0.00589	0.00162	0.06825	0.00520	0.00367	0.04920

[dist]
# distance from previous block
# <min> <max>
0	2

[block]
# block no. 6 follows, 46 sequences, length 13
# corresponding to MSA columns:
# 789-801
name=unknown_G
#
# <colnr> <probs for GDERKNQSTAVLIFYWHMCP>
#	G	D	E	R	K	N	Q	S	T	A	V	L	I	F	Y	W	H	M	C	P
0	0.12909	0.04647	0.07243	0.05743	0.16844	0.13737	0.10493	0.01913	0.06112	0.13654	0.01168	0.01297	0.00870	0.00531	0.00496	0.00160	0.00655	0.00448	0.00346	0.00736
1	0.10774	0.13973	0.01591	0.01121	0.01470	0.17739	0.00925	0.28045	0.10285	0.02233	0.01181	0.01356	0.00945	0.00621	0.00506	0.00155	0.02612	0.03331	0.00399	0.00739
2	0.30620	0.32490	0.22258	0.00991	0.01487	0.01545	0.01067	0.01597	0.01024	0.01753	0.00792	0.00923	0.00639	0.00479	0.00378	0.00145	0.00568	0.00313	0.00261	0.00669
3	0.00985	0.00493	0.00493	0.00493	0.00616	0.00493	0.00370	0.01232	0.01109	0.01971	0.01725	0.01971	0.01355	0.00616	0.00370	0.00123	0.00246	0.00493	0.84356	0.00493
4	0.01151	0.13674	0.64645	0.01417	0.02129	0.04904	0.01765	0.01681	0.01128	0.01597	0.00913	0.01072	0.00671	0.00497	0.00478	0.00158	0.00759	0.00373	0.00226	0.00759
5	0.00985	0.00493	0.00493	0.00493	0.00616	0.00493	0.00370	0.01232	0.01109	0.01971	0.01725	0.01971	0.01355	0.00616	0.00370	0.00123	0.00246	0.00493	0.84356	0.00493
6	0.01570	0.01090	0.01178	0.00957	0.01251	0.01192	0.00769	0.46134	0.01896	0.02681	0.01426	0.01636	0.01109	0.05065	0.06458	0.00219	0.00548	0.00502	0.23595	0.00725
7	0.01431	0.53562	0.02248	0.00975	0.01383	0.01844	0.00893	0.07483	0.22144	0.01666	0.01165	0.01189	0.00953	0.00539	0.00408	0.00135	0.00526	0.00384	0.00335	0.00738
8	0.01337	0.64571	0.19266	0.01035	0.01559	0.01904	0.01132	0.01603	0.01083	0.01337	0.00781	0.00906	0.00677	0.00463	0.00375	0.00125	0.00612	0.00306	0.00226	0.00701
9	0.01170	0.27264	0.55113	0.01320	0.01999	0.01496	0.01628	0.01646	0.01103	0.01541	0.00882	0.01033	0.00672	0.00487	0.00452	0.00151	0.00714	0.00357	0.00224	0.00749
10	0.00836	0.01457	0.33867	0.00983	0.01389	0.00779	0.01077	0.01173	0.01126	0.01551	0.02818	0.16950	0.26947	0.00996	0.00566	0.00177	0.00492	0.00839	0.05385	0.00589
11	0.00956	0.21072	0.13786	0.00917	0.01237	0.01026	0.00908	0.01204	0.01152	0.01461	0.02655	0.07521	0.21455	0.01034	0.00566	0.00181	0.00488	0.21431	0.00381	0.00568
12	0.07821	0.07707	0.21302	0.01077	0.01533	0.08537	0.01067	0.01979	0.06822	0.26000	0.03912	0.01725	0.06969	0.00646	0.00499	0.00160	0.00567	0.00501	0.00426	0.00750

[dist]
# distance from previous block
# <min> <max>
33	73

[block]
# block no. 7 follows, 46 sequences, length 18
# corresponding to MSA columns:
# 903-920
name=unknown_H
#
# <colnr> <probs for GDERKNQSTAVLIFYWHMCP>
#	G	D	E	R	K	N	Q	S	T	A	V	L	I	F	Y	W	H	M	C	P
0	0.01583	0.01378	0.09059	0.05543	0.01541	0.11971	0.00945	0.17418	0.03141	0.15043	0.06250	0.01599	0.01236	0.02634	0.00581	0.00159	0.02491	0.00485	0.08582	0.08361
1	0.09814	0.09734	0.03587	0.01329	0.10917	0.10447	0.00984	0.26779	0.06310	0.07105	0.01207	0.01279	0.00909	0.00573	0.00471	0.00151	0.00574	0.00431	0.06633	0.00767
2	0.06552	0.03666	0.09673	0.12728	0.14436	0.01141	0.01161	0.10344	0.01382	0.26420	0.01329	0.01403	0.00932	0.00569	0.00536	0.00161	0.02711	0.00460	0.00414	0.03982
3	0.08741	0.30873	0.13701	0.01088	0.01556	0.01670	0.01059	0.23788	0.09167	0.02121	0.01069	0.01128	0.00828	0.00544	0.00439	0.00146	0.00575	0.00388	0.00355	0.00766
4	0.03618	0.11246	0.12494	0.01353	0.01801	0.01163	0.20631	0.01849	0.01269	0.24639	0.03897	0.01879	0.01241	0.00644	0.00584	0.00171	0.03367	0.07012	0.00402	0.00739
5	0.01675	0.01314	0.01398	0.01149	0.01512	0.01483	0.00924	0.40887	0.38505	0.02791	0.01695	0.01608	0.01244	0.00674	0.00533	0.00169	0.00503	0.00535	0.00533	0.00869
6	0.01570	0.01209	0.01329	0.01037	0.01432	0.01238	0.00837	0.41757	0.08391	0.02600	0.01381	0.07740	0.01137	0.00653	0.00501	0.00141	0.00489	0.00522	0.00463	0.25574
7	0.01608	0.01431	0.02262	0.01674	0.02113	0.01505	0.34023	0.37672	0.01810	0.02450	0.01136	0.01329	0.00840	0.00575	0.00666	0.00173	0.07010	0.00540	0.00391	0.00792
8	0.02010	0.01481	0.01587	0.01216	0.01639	0.01639	0.01005	0.76360	0.02486	0.03332	0.01269	0.01269	0.00899	0.00635	0.00529	0.00159	0.00582	0.00476	0.00529	0.00899
9	0.02010	0.01481	0.01587	0.01216	0.01639	0.01639	0.01005	0.76360	0.02486	0.03332	0.01269	0.01269	0.00899	0.00635	0.00529	0.00159	0.00582	0.00476	0.00529	0.00899
10	0.00769	0.00513	0.00577	0.00577	0.00577	0.00513	0.00320	0.00769	0.00769	0.01025	0.01666	0.03460	0.01922	0.81421	0.02691	0.00513	0.00513	0.00769	0.00320	0.00320
11	0.01231	0.40838	0.42070	0.01216	0.01839	0.01644	0.01447	0.01630	0.01096	0.01467	0.00846	0.00987	0.00674	0.00478	0.00424	0.00141	0.00677	0.00339	0.00225	0.00732
12	0.01165	0.26051	0.56278	0.01329	0.02013	0.01483	0.01644	0.01647	0.01104	0.01547	0.00886	0.01037	0.00672	0.00488	0.00454	0.00151	0.00718	0.00359	0.00224	0.00751
13	0.00644	0.00460	0.00613	0.00736	0.00767	0.00429	0.00491	0.00736	0.01012	0.01350	0.02914	0.81076	0.03497	0.01656	0.00675	0.00215	0.00307	0.01503	0.00491	0.00429
14	0.44530	0.00959	0.00787	0.00778	0.00987	0.08787	0.00587	0.01298	0.01003	0.01873	0.01575	0.31455	0.01698	0.00941	0.00475	0.00180	0.00425	0.00756	0.00384	0.00522
15	0.05352	0.00929	0.01194	0.00927	0.01329	0.00832	0.00759	0.02431	0.07966	0.61221	0.01923	0.01707	0.01253	0.00627	0.00510	0.00156	0.00440	0.00506	0.00597	0.09340
16	0.01030	0.19718	0.13987	0.00816	0.01177	0.00984	0.00806	0.01257	0.01187	0.08066	0.03279	0.03169	0.40714	0.00937	0.00531	0.00160	0.00437	0.00753	0.00400	0.00594
17	0.62958	0.01107	0.07496	0.00764	0.01116	0.01088	0.00687	0.01611	0.00987	0.08202	0.00959	0.01067	0.00717	0.00517	0.00362	0.00160	0.00428	0.00335	0.08830	0.00608

[dist]
# distance from previous block
# <min> <max>
13	33

[block]
# block no. 8 follows, 46 sequences, length 16
# corresponding to MSA columns:
# 956-971
name=unknown_I
#
# <colnr> <probs for GDERKNQSTAVLIFYWHMCP>
#	G	D	E	R	K	N	Q	S	T	A	V	L	I	F	Y	W	H	M	C	P
0	0.04794	0.01185	0.01276	0.01050	0.01379	0.01289	0.00851	0.48861	0.06386	0.02718	0.02014	0.09736	0.10053	0.00862	0.00559	0.00173	0.00498	0.05044	0.00511	0.00762
1	0.01798	0.20167	0.01805	0.01158	0.01548	0.16280	0.00969	0.38049	0.09208	0.02359	0.01147	0.01181	0.00876	0.00584	0.00476	0.00146	0.00632	0.00418	0.00412	0.00788
2	0.01540	0.31087	0.01918	0.01140	0.01433	0.28266	0.00959	0.01828	0.08929	0.01388	0.00934	0.01085	0.00800	0.00591	0.00626	0.00147	0.13192	0.00370	0.03116	0.00650
3	0.01037	0.00854	0.00957	0.00939	0.01136	0.00940	0.00716	0.01923	0.43199	0.01856	0.02609	0.25244	0.06335	0.01099	0.00602	0.00196	0.00386	0.08795	0.00516	0.00662
4	0.01276	0.51082	0.32227	0.01138	0.01718	0.01757	0.01311	0.01618	0.01090	0.01411	0.00818	0.00952	0.00675	0.00472	0.00402	0.00134	0.00649	0.00325	0.00225	0.00718
5	0.01271	0.01386	0.02838	0.02048	0.02535	0.01342	0.63438	0.05275	0.01269	0.01744	0.01046	0.01383	0.00798	0.00487	0.00689	0.00176	0.06644	0.00590	0.00280	0.04762
6	0.00918	0.00459	0.00689	0.00689	0.00689	0.00459	0.00459	0.00689	0.00689	0.00918	0.00918	0.01607	0.00918	0.01837	0.02066	0.84619	0.00459	0.00459	0.00230	0.00230
7	0.01248	0.01426	0.03119	0.02228	0.02763	0.01337	0.76203	0.01693	0.01248	0.01693	0.01070	0.01426	0.00802	0.00446	0.00624	0.00178	0.00891	0.00624	0.00267	0.00713
8	0.00684	0.00540	0.00621	0.00629	0.00778	0.00477	0.00481	0.00859	0.01277	0.01633	0.25154	0.09060	0.45643	0.01297	0.00638	0.00184	0.00288	0.08777	0.00516	0.00464
9	0.00657	0.00490	0.00612	0.00681	0.00759	0.00445	0.00473	0.00785	0.01135	0.01496	0.16069	0.51670	0.19816	0.01491	0.00655	0.00199	0.00289	0.01327	0.00506	0.00445
10	0.01447	0.22324	0.27318	0.01254	0.01731	0.24959	0.01276	0.04596	0.01285	0.01527	0.04849	0.01154	0.00909	0.00549	0.00493	0.00146	0.02842	0.00383	0.00269	0.00689
11	0.01156	0.01129	0.01258	0.01101	0.01335	0.13488	0.09961	0.01752	0.23624	0.01838	0.21774	0.14975	0.02552	0.00902	0.00583	0.00175	0.00500	0.00799	0.00466	0.00632
12	0.01539	0.01406	0.01449	0.01375	0.09245	0.16635	0.02986	0.18984	0.13972	0.04720	0.08748	0.04168	0.01450	0.00711	0.00643	0.00166	0.07924	0.00553	0.02600	0.00727
13	0.04091	0.27383	0.01808	0.16575	0.01789	0.01309	0.05700	0.04068	0.01232	0.12079	0.06703	0.02001	0.07200	0.00677	0.00493	0.00157	0.00544	0.05173	0.00364	0.00655
14	0.01287	0.06140	0.01327	0.01014	0.01324	0.04030	0.07185	0.12126	0.15280	0.07829	0.07672	0.10663	0.12775	0.00842	0.00549	0.00163	0.00466	0.00720	0.00464	0.08144
15	0.04194	0.05904	0.15935	0.01328	0.01783	0.19802	0.09827	0.16829	0.03953	0.06475	0.03147	0.01265	0.00922	0.00554	0.00501	0.00151	0.00703	0.00440	0.00355	0.05932

[dist]
# distance from previous block
# <min> <max>
25	75

[block]
# block no. 9 follows, 46 sequences, length 24
# corresponding to MSA columns:
# 1070-1093
name=unknown_J
#
# <colnr> <probs for GDERKNQSTAVLIFYWHMCP>
#	G	D	E	R	K	N	Q	S	T	A	V	L	I	F	Y	W	H	M	C	P
0	0.05946	0.00976	0.01341	0.38275	0.02389	0.01108	0.01089	0.07340	0.13269	0.10476	0.01422	0.07394	0.01136	0.00655	0.00523	0.00171	0.00559	0.00556	0.00381	0.04996
1	0.01390	0.00956	0.01091	0.00949	0.01230	0.01004	0.00744	0.09794	0.31880	0.14600	0.08184	0.06294	0.04203	0.05834	0.00688	0.00194	0.00425	0.04461	0.00527	0.05553
2	0.01401	0.01241	0.01742	0.02134	0.37582	0.01335	0.01253	0.14313	0.17690	0.02057	0.01258	0.01419	0.00998	0.00588	0.00631	0.00164	0.07847	0.00490	0.00366	0.05491
3	0.01214	0.00992	0.01638	0.02044	0.37466	0.00953	0.07957	0.01486	0.01280	0.09994	0.14800	0.06656	0.09718	0.00748	0.00569	0.00167	0.00513	0.00698	0.00396	0.00712
4	0.00771	0.00554	0.00684	0.00656	0.00804	0.00499	0.00501	0.00987	0.01402	0.04269	0.51526	0.04306	0.24640	0.01159	0.00627	0.00174	0.00274	0.05117	0.00554	0.00496
5	0.01454	0.01130	0.01266	0.01178	0.05679	0.01258	0.00875	0.10110	0.55071	0.09239	0.03630	0.01962	0.03323	0.00711	0.00539	0.00174	0.00443	0.00592	0.00532	0.00833
6	0.00998	0.00940	0.01586	0.80150	0.03641	0.01175	0.01468	0.01351	0.01057	0.01351	0.00940	0.01409	0.00705	0.00529	0.00529	0.00176	0.00705	0.00470	0.00235	0.00587
7	0.00997	0.00891	0.01466	0.71415	0.03309	0.01100	0.01348	0.01338	0.01063	0.01419	0.01026	0.01471	0.00776	0.00538	0.00511	0.00170	0.00654	0.00472	0.09460	0.00577
8	0.00998	0.00940	0.01586	0.80150	0.03641	0.01175	0.01468	0.01351	0.01057	0.01351	0.00940	0.01409	0.00705	0.00529	0.00529	0.00176	0.00705	0.00470	0.00235	0.00587
9	0.02010	0.01481	0.01587	0.01216	0.01639	0.01639	0.01005	0.76360	0.02486	0.03332	0.01269	0.01269	0.00899	0.00635	0.00529	0.00159	0.00582	0.00476	0.00529	0.00899
10	0.01346	0.66742	0.17181	0.01019	0.01534	0.01928	0.01104	0.01600	0.01082	0.01325	0.00776	0.00899	0.00677	0.00462	0.00370	0.00123	0.00606	0.00303	0.00226	0.00698
11	0.21286	0.01374	0.01399	0.01096	0.01496	0.01534	0.00905	0.59017	0.02118	0.03109	0.01146	0.01174	0.00823	0.00601	0.00482	0.00160	0.00542	0.00432	0.00482	0.00823
12	0.00757	0.00558	0.00805	0.00805	0.00884	0.00637	0.00606	0.00916	0.00837	0.01194	0.01457	0.02301	0.01419	0.16528	0.66896	0.00795	0.01269	0.00599	0.00289	0.00447
13	0.00642	0.00468	0.00606	0.00716	0.00761	0.00431	0.00482	0.00738	0.01032	0.01358	0.03162	0.73354	0.11058	0.01624	0.00670	0.00211	0.00303	0.01464	0.00491	0.00431
14	0.01297	0.01417	0.01060	0.01044	0.01207	0.35251	0.00774	0.03694	0.01316	0.01448	0.05941	0.32342	0.02215	0.01086	0.00585	0.00178	0.00613	0.07598	0.00400	0.00534
15	0.01381	0.01077	0.01548	0.38415	0.02553	0.01223	0.05048	0.20344	0.05552	0.08227	0.01357	0.01853	0.01070	0.00656	0.00553	0.00177	0.00627	0.07253	0.00384	0.00702
16	0.01176	0.08527	0.15951	0.20955	0.02270	0.01186	0.14686	0.05371	0.03437	0.05896	0.01579	0.06242	0.07991	0.00657	0.00540	0.00169	0.00644	0.00590	0.00324	0.01811
17	0.15797	0.01087	0.01266	0.22080	0.01845	0.08288	0.02109	0.05254	0.01088	0.01684	0.01005	0.01344	0.00823	0.00901	0.07259	0.00229	0.15895	0.00438	0.11027	0.00582
18	0.03361	0.01200	0.01490	0.01205	0.01452	0.08325	0.08893	0.09633	0.01190	0.01716	0.00997	0.01295	0.00843	0.00892	0.06721	0.00214	0.25648	0.00446	0.07234	0.17244
19	0.16189	0.01315	0.01531	0.08994	0.06147	0.09194	0.08667	0.22908	0.03554	0.10262	0.05270	0.01415	0.01068	0.00589	0.00503	0.00162	0.00600	0.00478	0.00413	0.00737
20	0.01599	0.01268	0.01512	0.05841	0.01667	0.09099	0.09075	0.22674	0.04957	0.13052	0.05739	0.01712	0.04731	0.02096	0.00621	0.00164	0.03995	0.00536	0.00438	0.09223
