[name]
unknown

[dist]
# distance from previous block
# <min> <max>
0	697

[block]
# block no. 0 follows, 47 sequences, length 38
# corresponding to MSA columns:
# 757-794
name=unknown_A
#
# <colnr> <probs for GDERKNQSTAVLIFYWHMCP>
#	G	D	E	R	K	N	Q	S	T	A	V	L	I	F	Y	W	H	M	C	P
0	0.01026	0.00894	0.00909	0.00963	0.01108	0.13528	0.00791	0.01227	0.01244	0.03655	0.06115	0.12712	0.05999	0.01266	0.00658	0.00211	0.00515	0.46219	0.00455	0.00504
1	0.01289	0.01237	0.02114	0.03196	0.78450	0.01237	0.01598	0.01598	0.01186	0.01701	0.00980	0.01289	0.00825	0.00464	0.00516	0.00155	0.00619	0.00464	0.00258	0.00825
2	0.01034	0.01025	0.01876	0.64191	0.03407	0.01190	0.17049	0.01401	0.01080	0.01401	0.00952	0.01392	0.00714	0.00504	0.00540	0.00174	0.00732	0.00494	0.00238	0.00604
3	0.01728	0.03508	0.01356	0.01052	0.01404	0.06068	0.00856	0.42297	0.08321	0.11786	0.08076	0.01878	0.07885	0.00719	0.00529	0.00158	0.00513	0.00565	0.00514	0.00787
4	0.01941	0.01184	0.03176	0.01276	0.01710	0.01128	0.16592	0.21042	0.05363	0.38550	0.01626	0.01560	0.01086	0.00597	0.00542	0.00164	0.00571	0.00529	0.00521	0.00843
5	0.01401	0.00691	0.00917	0.00776	0.01017	0.00623	0.00611	0.01660	0.03442	0.33248	0.45300	0.02980	0.03356	0.00885	0.00575	0.00163	0.00330	0.00763	0.00601	0.00660
6	0.01168	0.01114	0.01895	0.33796	0.48796	0.01206	0.01538	0.01492	0.01129	0.01554	0.00958	0.01328	0.00773	0.00486	0.00518	0.00162	0.00649	0.00464	0.00247	0.00727
7	0.01452	0.01562	0.14817	0.02208	0.38572	0.02794	0.01438	0.22902	0.03620	0.02135	0.01070	0.01254	0.00829	0.00533	0.00541	0.00159	0.02506	0.00453	0.00333	0.00823
8	0.00634	0.00453	0.00604	0.00725	0.00755	0.00423	0.00483	0.00725	0.00997	0.01329	0.02870	0.81358	0.03444	0.01632	0.00665	0.00211	0.00302	0.01480	0.00483	0.00423
9	0.00615	0.00528	0.00528	0.00528	0.00703	0.00440	0.00396	0.00747	0.01187	0.01407	0.05276	0.05012	0.78238	0.01319	0.00615	0.00176	0.00264	0.01099	0.00484	0.00440
10	0.01109	0.02230	0.52193	0.01741	0.04234	0.01251	0.24783	0.01645	0.01135	0.01648	0.00967	0.01199	0.00704	0.00486	0.00558	0.00169	0.02509	0.00459	0.00234	0.00746
11	0.01035	0.00978	0.01655	0.67474	0.16158	0.01170	0.01472	0.01376	0.01066	0.01393	0.00935	0.01372	0.00716	0.00511	0.00520	0.00170	0.00682	0.00463	0.00236	0.00620
12	0.00744	0.00558	0.00837	0.00837	0.00930	0.00651	0.00651	0.00930	0.00837	0.01209	0.01395	0.02046	0.01302	0.03906	0.79635	0.00837	0.01395	0.00558	0.00279	0.00465
13	0.00757	0.00505	0.00568	0.00568	0.00568	0.00505	0.00316	0.00757	0.00757	0.01010	0.01641	0.03408	0.01893	0.81698	0.02651	0.00505	0.00505	0.00757	0.00316	0.00316
14	0.00879	0.00750	0.01071	0.00994	0.01048	0.00958	0.00788	0.01025	0.00817	0.01207	0.01175	0.01853	0.01142	0.09394	0.46834	0.00603	0.28169	0.00540	0.00265	0.00488
15	0.01229	0.01405	0.03073	0.02195	0.02722	0.01317	0.76558	0.01668	0.01229	0.01668	0.01054	0.01405	0.00790	0.00439	0.00615	0.00176	0.00878	0.00615	0.00263	0.00702
16	0.00634	0.00453	0.00604	0.00725	0.00755	0.00423	0.00483	0.00725	0.00997	0.01329	0.02870	0.81358	0.03444	0.01632	0.00665	0.00211	0.00302	0.01480	0.00483	0.00423
17	0.01137	0.01138	0.02106	0.01626	0.02003	0.01124	0.41722	0.01741	0.17086	0.01784	0.06997	0.02504	0.01647	0.00720	0.00616	0.00187	0.00664	0.14146	0.00380	0.00672
18	0.01423	0.06942	0.05552	0.16150	0.02036	0.01358	0.11053	0.30004	0.07526	0.02267	0.09241	0.01590	0.01287	0.00614	0.00529	0.00162	0.00598	0.00528	0.00403	0.00737
19	0.85377	0.01007	0.00765	0.00685	0.01007	0.01168	0.00564	0.01531	0.00886	0.02336	0.00725	0.00846	0.00564	0.00483	0.00322	0.00161	0.00403	0.00282	0.00322	0.00564
20	0.00971	0.00485	0.00485	0.00485	0.00607	0.00485	0.00364	0.01213	0.01092	0.01942	0.01699	0.01942	0.01335	0.00607	0.00364	0.00121	0.00243	0.00485	0.84589	0.00485
21	0.75020	0.01126	0.00859	0.00757	0.01082	0.05985	0.00618	0.06309	0.01021	0.02331	0.00763	0.00877	0.00591	0.00496	0.00344	0.00159	0.00446	0.00297	0.00332	0.00587
22	0.01857	0.07233	0.01606	0.01469	0.08015	0.68324	0.01049	0.02008	0.01426	0.01307	0.00815	0.00962	0.00684	0.00525	0.00465	0.00134	0.00889	0.00343	0.00265	0.00626
23	0.01416	0.01230	0.14837	0.00988	0.01455	0.00854	0.02825	0.04652	0.03407	0.21864	0.07960	0.01546	0.01273	0.00551	0.00476	0.00130	0.00476	0.00455	0.00417	0.33190
24	0.01285	0.04483	0.02158	0.02404	0.40155	0.03267	0.15105	0.01561	0.01112	0.03191	0.00933	0.01259	0.00786	0.00568	0.00803	0.00173	0.19285	0.00480	0.00259	0.00733
25	0.00971	0.00485	0.00485	0.00485	0.00607	0.00485	0.00364	0.01213	0.01092	0.01942	0.01699	0.01942	0.01335	0.00607	0.00364	0.00121	0.00243	0.00485	0.84589	0.00485
26	0.06789	0.01198	0.01414	0.01204	0.04247	0.04502	0.08767	0.23344	0.22167	0.04523	0.01502	0.02900	0.01146	0.00630	0.00524	0.00161	0.02123	0.00520	0.11589	0.00748
27	0.01945	0.02482	0.01476	0.01342	0.01610	0.79608	0.01006	0.02079	0.01476	0.01275	0.00805	0.00939	0.00671	0.00537	0.00470	0.00134	0.00939	0.00335	0.00268	0.00604
28	0.01520	0.02456	0.03062	0.01954	0.32439	0.01037	0.09065	0.01858	0.04911	0.24037	0.07228	0.01753	0.03416	0.00592	0.00533	0.00159	0.00545	0.00549	0.00413	0.02476
29	0.01699	0.02082	0.01363	0.01247	0.01470	0.62187	0.00941	0.01836	0.01330	0.01256	0.00909	0.01180	0.00798	0.03366	0.12084	0.00251	0.04772	0.00385	0.00269	0.00574
30	0.00971	0.00485	0.00485	0.00485	0.00607	0.00485	0.00364	0.01213	0.01092	0.01942	0.01699	0.01942	0.01335	0.00607	0.00364	0.00121	0.00243	0.00485	0.84589	0.00485
31	0.02133	0.00836	0.01131	0.00892	0.01246	0.00728	0.00720	0.02315	0.01414	0.69170	0.02078	0.06735	0.01459	0.05820	0.00667	0.00186	0.00438	0.00597	0.00614	0.00822
32	0.01980	0.01459	0.01563	0.01198	0.01615	0.01615	0.00990	0.76713	0.02448	0.03282	0.01250	0.01250	0.00886	0.00625	0.00521	0.00156	0.00573	0.00469	0.00521	0.00886
33	0.01980	0.01459	0.01563	0.01198	0.01615	0.01615	0.00990	0.76713	0.02448	0.03282	0.01250	0.01250	0.00886	0.00625	0.00521	0.00156	0.00573	0.00469	0.00521	0.00886
34	0.85377	0.01007	0.00765	0.00685	0.01007	0.01168	0.00564	0.01531	0.00886	0.02336	0.00725	0.00846	0.00564	0.00483	0.00322	0.00161	0.00403	0.00282	0.00322	0.00564
35	0.01155	0.01123	0.02009	0.06540	0.48417	0.01114	0.14758	0.01454	0.01155	0.01616	0.01300	0.14443	0.01242	0.00654	0.00558	0.00169	0.00617	0.00657	0.00294	0.00725
36	0.00731	0.00527	0.00690	0.00660	0.00777	0.00487	0.00491	0.00966	0.01444	0.02040	0.73423	0.08779	0.04821	0.01100	0.00617	0.00167	0.00249	0.00976	0.00568	0.00487
37	0.10540	0.13571	0.15363	0.00999	0.01467	0.01111	0.00973	0.03866	0.02656	0.39222	0.01454	0.01378	0.00983	0.00562	0.00464	0.00151	0.00515	0.00428	0.00453	0.03843

[dist]
# distance from previous block
# <min> <max>
0	1

[block]
# block no. 1 follows, 47 sequences, length 25
# corresponding to MSA columns:
# 796-820
name=unknown_B
#
# <colnr> <probs for GDERKNQSTAVLIFYWHMCP>
#	G	D	E	R	K	N	Q	S	T	A	V	L	I	F	Y	W	H	M	C	P
0	0.01266	0.01063	0.01514	0.13090	0.18522	0.01007	0.04306	0.09651	0.01279	0.05311	0.02488	0.01288	0.00887	0.00475	0.00469	0.00127	0.00524	0.00418	0.00328	0.35987
1	0.00748	0.00534	0.00735	0.00855	0.00935	0.00521	0.00681	0.00922	0.01109	0.01457	0.02807	0.39409	0.03196	0.01524	0.00695	0.00227	0.00401	0.42307	0.00481	0.00454
2	0.01375	0.01205	0.01182	0.01052	0.01342	0.07296	0.00819	0.08282	0.60534	0.02177	0.01922	0.01812	0.01447	0.00680	0.00513	0.00168	0.00453	0.00553	0.06400	0.00788
3	0.13323	0.00935	0.01042	0.00768	0.01207	0.00767	0.00618	0.01414	0.01076	0.06248	0.00962	0.01086	0.00771	0.00415	0.00384	0.00094	0.00391	0.00317	0.00330	0.67852
4	0.01945	0.02482	0.01476	0.01342	0.01610	0.79608	0.01006	0.02079	0.01476	0.01275	0.00805	0.00939	0.00671	0.00537	0.00470	0.00134	0.00939	0.00335	0.00268	0.00604
5	0.01405	0.01899	0.40350	0.01465	0.02043	0.01147	0.14964	0.01843	0.01197	0.20749	0.01215	0.01324	0.00841	0.00553	0.00614	0.00171	0.06650	0.00466	0.00334	0.00772
6	0.01491	0.00704	0.00911	0.00761	0.01031	0.00614	0.00605	0.01692	0.01424	0.39286	0.26410	0.03086	0.17958	0.00912	0.00570	0.00165	0.00345	0.00770	0.00590	0.00673
7	0.02336	0.00886	0.01209	0.00927	0.01329	0.00765	0.00765	0.02538	0.01491	0.78810	0.02055	0.01773	0.01289	0.00645	0.00524	0.00161	0.00443	0.00524	0.00645	0.00886
8	0.01889	0.00791	0.01042	0.00831	0.01169	0.00683	0.00675	0.02082	0.01435	0.58254	0.09313	0.02537	0.15346	0.00802	0.00548	0.00164	0.00394	0.00663	0.00610	0.00772
9	0.01110	0.01055	0.01790	0.48483	0.34562	0.01190	0.01509	0.01441	0.01101	0.01484	0.00948	0.01347	0.00748	0.00497	0.00519	0.00166	0.00663	0.00463	0.00242	0.00680
10	0.02285	0.00969	0.01260	0.00966	0.01371	0.00888	0.00798	0.13247	0.01629	0.67906	0.01938	0.01697	0.01231	0.00642	0.00523	0.00160	0.00462	0.00516	0.00627	0.00886
11	0.00623	0.00499	0.00557	0.00603	0.00723	0.00433	0.00429	0.00739	0.01115	0.01377	0.04358	0.34138	0.49705	0.01438	0.00634	0.00189	0.00278	0.01245	0.00484	0.00433
12	0.01262	0.01380	0.02852	0.02179	0.08223	0.01340	0.63396	0.04992	0.01256	0.01719	0.01036	0.01374	0.00791	0.00476	0.00664	0.00176	0.05311	0.00588	0.00272	0.00712
13	0.00634	0.00453	0.00604	0.00725	0.00755	0.00423	0.00483	0.00725	0.00997	0.01329	0.02870	0.81358	0.03444	0.01632	0.00665	0.00211	0.00302	0.01480	0.00483	0.00423
14	0.00750	0.00517	0.00640	0.00644	0.00669	0.00541	0.00409	0.00802	0.00786	0.01072	0.01613	0.05390	0.01784	0.58728	0.22942	0.00584	0.00734	0.00726	0.00311	0.00358
15	0.01691	0.01264	0.01373	0.01092	0.01445	0.01391	0.00887	0.55138	0.11546	0.02950	0.14009	0.01770	0.01635	0.00707	0.00537	0.00160	0.00499	0.00561	0.00531	0.00813
16	0.01177	0.07220	0.15723	0.01904	0.02440	0.01303	0.54566	0.01606	0.01183	0.01616	0.01108	0.05622	0.00903	0.00513	0.00577	0.00171	0.00806	0.00599	0.00265	0.00696
17	0.01265	0.46759	0.25486	0.01256	0.01810	0.01700	0.12123	0.01602	0.01095	0.01415	0.00834	0.00996	0.00683	0.00459	0.00422	0.00137	0.00667	0.00359	0.00228	0.00703
18	0.02240	0.00865	0.01178	0.00910	0.01296	0.00749	0.00749	0.02444	0.01490	0.74190	0.06639	0.01900	0.01507	0.00670	0.00529	0.00161	0.00431	0.00549	0.00640	0.00862
19	0.01297	0.09603	0.12693	0.03839	0.25193	0.01273	0.24607	0.01660	0.01185	0.06714	0.01037	0.01274	0.00800	0.00467	0.00517	0.00154	0.00688	0.00475	0.00279	0.06247
20	0.00634	0.00453	0.00604	0.00725	0.00755	0.00423	0.00483	0.00725	0.00997	0.01329	0.02870	0.81358	0.03444	0.01632	0.00665	0.00211	0.00302	0.01480	0.00483	0.00423
21	0.00971	0.00485	0.00485	0.00485	0.00607	0.00485	0.00364	0.01213	0.01092	0.01942	0.01699	0.01942	0.01335	0.00607	0.00364	0.00121	0.00243	0.00485	0.84589	0.00485
22	0.01226	0.34954	0.26839	0.01069	0.01573	0.03812	0.01158	0.04398	0.01132	0.01509	0.02635	0.01187	0.00857	0.03839	0.02531	0.00164	0.00628	0.00370	0.02047	0.08074
23	0.02908	0.01432	0.14648	0.01032	0.01372	0.13103	0.00927	0.07247	0.11392	0.11792	0.02881	0.01992	0.08128	0.10786	0.02147	0.00213	0.02331	0.00549	0.01753	0.03364
24	0.01267	0.01086	0.06942	0.01082	0.04547	0.02344	0.00880	0.15005	0.07417	0.08509	0.08270	0.02051	0.06075	0.02472	0.13923	0.00280	0.06553	0.02463	0.00411	0.08424

[dist]
# distance from previous block
# <min> <max>
42	183

[block]
# block no. 2 follows, 47 sequences, length 55
# corresponding to MSA columns:
# 1043-1097
name=unknown_C
#
# <colnr> <probs for GDERKNQSTAVLIFYWHMCP>
#	G	D	E	R	K	N	Q	S	T	A	V	L	I	F	Y	W	H	M	C	P
0	0.01378	0.01190	0.03242	0.01288	0.07605	0.03451	0.06376	0.06227	0.44250	0.07882	0.01877	0.01814	0.04241	0.00651	0.00525	0.00164	0.00489	0.00558	0.00466	0.06323
1	0.01124	0.01003	0.03159	0.06762	0.06185	0.00883	0.00810	0.05427	0.10500	0.01812	0.05474	0.01430	0.01129	0.00646	0.03876	0.00145	0.00481	0.00420	0.00349	0.48384
2	0.01367	0.09414	0.03258	0.01169	0.05395	0.05273	0.00902	0.11019	0.45985	0.02089	0.03852	0.05138	0.01478	0.00694	0.00513	0.00165	0.00482	0.00568	0.00462	0.00777
3	0.01131	0.00796	0.00962	0.02449	0.02929	0.00804	0.00667	0.15557	0.07304	0.07302	0.04286	0.35991	0.02260	0.08201	0.00764	0.00208	0.00410	0.00944	0.00471	0.06566
4	0.01539	0.08190	0.07225	0.01344	0.08159	0.01183	0.10583	0.16877	0.03230	0.15307	0.01262	0.01408	0.00946	0.00538	0.00492	0.00142	0.00561	0.02216	0.00395	0.18405
5	0.04445	0.05681	0.24435	0.01074	0.01601	0.02253	0.03244	0.05986	0.03118	0.05952	0.03155	0.01218	0.00893	0.00484	0.00446	0.00126	0.00543	0.00383	0.00320	0.34642
6	0.03005	0.00693	0.03334	0.00730	0.00911	0.00624	0.00586	0.04401	0.05028	0.03843	0.56632	0.03619	0.10425	0.01018	0.00596	0.00167	0.00302	0.03006	0.00542	0.00539
7	0.01153	0.08008	0.21872	0.01507	0.05747	0.03739	0.21401	0.01572	0.04437	0.01615	0.01142	0.06525	0.00966	0.00563	0.00550	0.00154	0.03434	0.00517	0.03052	0.12045
8	0.01106	0.00837	0.01075	0.00936	0.01100	0.00934	0.03578	0.20279	0.01244	0.01717	0.01374	0.02117	0.01295	0.22644	0.31461	0.00511	0.05186	0.00582	0.01478	0.00549
9	0.00644	0.00463	0.00611	0.00713	0.00756	0.00430	0.00482	0.00750	0.01048	0.01404	0.10185	0.71959	0.05484	0.01569	0.00659	0.00206	0.00296	0.01419	0.00492	0.00430
10	0.01486	0.58822	0.08263	0.01028	0.01465	0.15704	0.00994	0.04533	0.01188	0.01345	0.00774	0.00890	0.00676	0.00472	0.00377	0.00121	0.00641	0.00304	0.00242	0.00673
11	0.01509	0.02043	0.51005	0.01284	0.01921	0.01050	0.01507	0.01969	0.01240	0.29417	0.01338	0.01342	0.00886	0.00549	0.00505	0.00164	0.00652	0.00435	0.00373	0.00812
12	0.04055	0.05012	0.10979	0.10234	0.01979	0.14930	0.13008	0.08178	0.05371	0.19283	0.01258	0.01343	0.00894	0.00550	0.00511	0.00159	0.00679	0.00463	0.00378	0.00737
13	0.01162	0.00949	0.01262	0.01505	0.21703	0.00989	0.00937	0.12963	0.13783	0.01956	0.05317	0.14855	0.07109	0.00900	0.00566	0.00176	0.00455	0.08076	0.04659	0.00679
14	0.00639	0.00461	0.00606	0.00720	0.00761	0.00429	0.00488	0.00736	0.01013	0.01340	0.03006	0.74930	0.07751	0.01608	0.00663	0.00210	0.00305	0.03424	0.00483	0.00425
15	0.01208	0.15779	0.13137	0.03574	0.07666	0.13852	0.08363	0.01479	0.01186	0.01465	0.04540	0.02093	0.10961	0.00718	0.00589	0.00162	0.05475	0.06821	0.00305	0.00628
16	0.05090	0.06356	0.46903	0.01264	0.01874	0.01193	0.01458	0.05657	0.06614	0.16844	0.01232	0.01273	0.00856	0.00542	0.00488	0.00162	0.00643	0.00420	0.00344	0.00788
17	0.00657	0.00469	0.00630	0.00751	0.00791	0.00442	0.00522	0.00764	0.01019	0.01354	0.02858	0.73143	0.03396	0.01611	0.00671	0.00215	0.00321	0.09476	0.00483	0.00429
18	0.00821	0.00653	0.00804	0.00807	0.00955	0.00695	0.00627	0.01236	0.15645	0.01492	0.02755	0.10214	0.19994	0.03367	0.27874	0.00420	0.00716	0.09981	0.00419	0.00524
19	0.01257	0.26262	0.42283	0.01306	0.05107	0.01424	0.01441	0.01717	0.04479	0.07129	0.01041	0.02560	0.00806	0.00519	0.00454	0.00149	0.00651	0.00395	0.00272	0.00746
20	0.01181	0.01447	0.23234	0.14548	0.05458	0.01040	0.17565	0.01537	0.01122	0.10443	0.01268	0.08182	0.01047	0.00796	0.03245	0.05650	0.00697	0.00570	0.00307	0.00665
21	0.11097	0.00548	0.00519	0.00509	0.00655	0.00567	0.00388	0.01252	0.01067	0.01989	0.01582	0.01810	0.01242	0.00592	0.00359	0.00126	0.00262	0.00461	0.74480	0.00495
22	0.01012	0.01190	0.13913	0.11603	0.14333	0.00977	0.07858	0.01435	0.07900	0.02808	0.12083	0.07180	0.12110	0.00778	0.00586	0.00172	0.02361	0.00690	0.00365	0.00647
23	0.01393	0.04663	0.08522	0.20918	0.19628	0.01135	0.10495	0.01754	0.03684	0.18020	0.01289	0.04043	0.00978	0.00561	0.00526	0.00165	0.00625	0.00517	0.00346	0.00739
24	0.03749	0.05373	0.15777	0.01074	0.03300	0.03101	0.00968	0.08933	0.07204	0.22027	0.01584	0.01838	0.03675	0.12819	0.03061	0.00232	0.03638	0.00524	0.00415	0.00707
25	0.22609	0.24618	0.02593	0.02428	0.11399	0.22619	0.00951	0.03194	0.01180	0.03024	0.00819	0.00961	0.00679	0.00491	0.00403	0.00139	0.00632	0.00331	0.00278	0.00653
26	0.01825	0.05828	0.01527	0.01177	0.01539	0.18611	0.00950	0.44766	0.12070	0.02556	0.01252	0.01270	0.00932	0.00607	0.00497	0.00151	0.00623	0.00446	0.02579	0.00794
27	0.00932	0.22497	0.01351	0.00849	0.01027	0.01050	0.00707	0.01097	0.00889	0.01200	0.01209	0.01792	0.01155	0.08685	0.49985	0.00597	0.03707	0.00494	0.00265	0.00512
28	0.01621	0.40994	0.05379	0.00950	0.01368	0.01516	0.00886	0.07997	0.06842	0.21203	0.05519	0.01368	0.01146	0.00566	0.00434	0.00138	0.00511	0.00420	0.00396	0.00747
29	0.01005	0.00898	0.01310	0.37522	0.06145	0.00909	0.01035	0.01281	0.01060	0.01495	0.01106	0.08565	0.00983	0.00565	0.00480	0.00138	0.00532	0.00494	0.00286	0.34189
30	0.00692	0.00520	0.00629	0.00689	0.00780	0.00482	0.00482	0.04033	0.01131	0.01467	0.06673	0.54010	0.23540	0.01479	0.00643	0.00197	0.00301	0.01311	0.00489	0.00450
31	0.00750	0.00577	0.00674	0.00651	0.00799	0.00554	0.02227	0.00938	0.03212	0.01493	0.03693	0.10589	0.43926	0.01351	0.06035	0.01885	0.03809	0.00921	0.15450	0.00466
32	0.01120	0.03757	0.01889	0.35572	0.04692	0.01364	0.14426	0.03129	0.01035	0.01417	0.00875	0.01290	0.00715	0.00627	0.00901	0.00188	0.25664	0.00481	0.00243	0.00614
33	0.01829	0.00946	0.01142	0.00939	0.01282	0.00942	0.00755	0.04889	0.26942	0.43256	0.02173	0.01964	0.04764	0.00692	0.00521	0.00165	0.00419	0.00567	0.04988	0.00825
34	0.00642	0.00503	0.00582	0.00617	0.00734	0.00442	0.00442	0.00779	0.01169	0.01494	0.16596	0.31285	0.40092	0.01385	0.00632	0.00186	0.00274	0.01205	0.00498	0.00442
35	0.53178	0.07080	0.01139	0.00974	0.05429	0.14776	0.00738	0.04863	0.01100	0.03554	0.00824	0.00946	0.00650	0.00501	0.00373	0.00151	0.00523	0.00318	0.02272	0.00611
36	0.01527	0.22501	0.14475	0.01131	0.03994	0.01316	0.01048	0.05718	0.03738	0.22352	0.02462	0.04801	0.01083	0.00728	0.02780	0.00176	0.08574	0.00476	0.00381	0.00737
37	0.00746	0.00557	0.00696	0.00657	0.00793	0.00519	0.00494	0.01030	0.04694	0.02007	0.65824	0.03947	0.13918	0.01081	0.00611	0.00166	0.00255	0.00946	0.00560	0.00499
38	0.00749	0.00512	0.00617	0.00624	0.00642	0.00526	0.00384	0.00786	0.00784	0.01062	0.01662	0.07246	0.01870	0.63740	0.16172	0.00548	0.00652	0.00760	0.00318	0.00348
39	0.04049	0.01266	0.01365	0.01064	0.01439	0.01371	0.00872	0.57317	0.02080	0.02889	0.01255	0.01327	0.00928	0.00770	0.04629	0.00182	0.00565	0.00456	0.07954	0.08223
40	0.01874	0.01449	0.01480	0.01174	0.01524	0.09460	0.00959	0.53881	0.02074	0.07697	0.01229	0.01277	0.00894	0.00642	0.00613	0.00159	0.07652	0.00458	0.04694	0.00809
41	0.00876	0.00745	0.00989	0.01072	0.10053	0.02988	0.00729	0.01090	0.01220	0.01693	0.33713	0.04606	0.10511	0.01419	0.12483	0.00271	0.07839	0.03977	0.00428	0.03299
42	0.01197	0.26519	0.27343	0.11884	0.05388	0.03208	0.11671	0.01575	0.01109	0.01483	0.00909	0.01130	0.00714	0.00479	0.00461	0.00149	0.00689	0.00399	0.02999	0.00693
43	0.07771	0.00973	0.01347	0.34533	0.09030	0.01106	0.01082	0.15639	0.01298	0.03940	0.01262	0.08851	0.01110	0.06825	0.00676	0.00195	0.00572	0.00568	0.02594	0.00629
44	0.00650	0.00471	0.00614	0.00700	0.00755	0.00435	0.00478	0.00768	0.01088	0.01457	0.15181	0.63345	0.09097	0.01518	0.00653	0.00201	0.00290	0.01366	0.00498	0.00435
45	0.03111	0.01147	0.01312	0.01036	0.01394	0.01199	0.00843	0.43808	0.01984	0.22944	0.08917	0.06884	0.01540	0.00736	0.00537	0.00162	0.00487	0.00592	0.00553	0.00813
46	0.01421	0.01175	0.01839	0.08705	0.44958	0.05315	0.06248	0.01699	0.01229	0.14352	0.01285	0.07164	0.01070	0.00585	0.00532	0.00162	0.00607	0.00550	0.00337	0.00766
47	0.01980	0.01459	0.01563	0.01198	0.01615	0.01615	0.00990	0.76713	0.02448	0.03282	0.01250	0.01250	0.00886	0.00625	0.00521	0.00156	0.00573	0.00469	0.00521	0.00886
48	0.00757	0.00505	0.00568	0.00568	0.00568	0.00505	0.00316	0.00757	0.00757	0.01010	0.01641	0.03408	0.01893	0.81698	0.02651	0.00505	0.00505	0.00757	0.00316	0.00316
49	0.00995	0.01004	0.01870	0.11325	0.07878	0.00986	0.31688	0.01307	0.01211	0.01617	0.12891	0.04688	0.16470	0.00758	0.00627	0.00175	0.02811	0.00745	0.00351	0.00604
50	0.00964	0.00821	0.01293	0.43952	0.12085	0.00944	0.01099	0.01219	0.01009	0.01380	0.01225	0.04879	0.01112	0.16094	0.00917	0.00231	0.00586	0.00561	0.09086	0.00544
51	0.01298	0.01078	0.01403	0.13121	0.12908	0.03228	0.04226	0.16460	0.05215	0.02010	0.01188	0.01386	0.00923	0.00524	0.00468	0.00137	0.00517	0.00443	0.14257	0.19210
52	0.01463	0.00990	0.02666	0.00877	0.01291	0.00846	0.00720	0.07646	0.09714	0.21253	0.02844	0.01578	0.04385	0.00558	0.00463	0.00123	0.00418	0.00452	0.00444	0.41268
53	0.10165	0.06520	0.16017	0.04666	0.10530	0.01001	0.01036	0.03743	0.01187	0.19395	0.01526	0.14189	0.01319	0.02071	0.00535	0.00170	0.00513	0.00600	0.04124	0.00694
54	0.01613	0.01247	0.04804	0.01158	0.01568	0.01209	0.08793	0.30728	0.11749	0.12141	0.03749	0.01502	0.01135	0.00593	0.00509	0.00150	0.00526	0.00496	0.03890	0.12439

[dist]
# distance from previous block
# <min> <max>
3	21

[block]
# block no. 3 follows, 47 sequences, length 27
# corresponding to MSA columns:
# 1119-1145
name=unknown_D
#
# <colnr> <probs for GDERKNQSTAVLIFYWHMCP>
#	G	D	E	R	K	N	Q	S	T	A	V	L	I	F	Y	W	H	M	C	P
0	0.00976	0.01590	0.32750	0.18959	0.03780	0.01089	0.01390	0.01370	0.01121	0.01598	0.15096	0.01829	0.04403	0.00689	0.00685	0.00175	0.11022	0.00542	0.00299	0.00639
1	0.01066	0.00752	0.01243	0.01157	0.05893	0.00698	0.14405	0.01258	0.01157	0.13883	0.07072	0.38722	0.05097	0.04190	0.00695	0.00200	0.00451	0.01033	0.00455	0.00573
2	0.00999	0.00965	0.07520	0.01229	0.06243	0.00769	0.14528	0.01240	0.01104	0.06189	0.01868	0.36158	0.01965	0.00967	0.00574	0.00170	0.00487	0.00903	0.00387	0.15734
3	0.17405	0.04245	0.03642	0.00850	0.01264	0.00931	0.00722	0.05904	0.02531	0.24690	0.01271	0.01277	0.00912	0.00511	0.00425	0.00129	0.00432	0.00386	0.02506	0.29968
4	0.14815	0.03275	0.03316	0.01773	0.24625	0.17132	0.03589	0.20079	0.01509	0.03693	0.00989	0.01139	0.00769	0.00524	0.00476	0.00152	0.00645	0.00411	0.00341	0.00747
5	0.01612	0.28641	0.01826	0.00986	0.01413	0.01523	0.00862	0.31510	0.01647	0.07034	0.01168	0.01208	0.02777	0.00541	0.00437	0.00128	0.00519	0.00396	0.00390	0.15382
6	0.00931	0.00828	0.00899	0.00823	0.03506	0.04954	0.00595	0.01158	0.04381	0.01542	0.02465	0.19809	0.20340	0.00914	0.00518	0.00141	0.00376	0.00779	0.00396	0.34644
7	0.02649	0.01607	0.17135	0.16286	0.24216	0.09860	0.05041	0.07613	0.05563	0.01746	0.02719	0.01320	0.00883	0.00527	0.00512	0.00161	0.00683	0.00456	0.00291	0.00732
8	0.04371	0.07188	0.07460	0.01105	0.01485	0.18478	0.02371	0.03444	0.21354	0.20005	0.01468	0.01425	0.01066	0.00585	0.00484	0.00151	0.00584	0.00450	0.00427	0.06098
9	0.00710	0.00513	0.00687	0.00800	0.00873	0.00490	0.00610	0.00859	0.01084	0.01420	0.02982	0.48304	0.08075	0.01539	0.00682	0.00220	0.00366	0.28860	0.00482	0.00445
10	0.01530	0.01694	0.01880	0.02516	0.50265	0.29984	0.01381	0.01775	0.01292	0.01545	0.00916	0.01161	0.00768	0.00491	0.00499	0.00147	0.00736	0.00417	0.00262	0.00744
11	0.01289	0.01237	0.02114	0.03196	0.78450	0.01237	0.01598	0.01598	0.01186	0.01701	0.00980	0.01289	0.00825	0.00464	0.00516	0.00155	0.00619	0.00464	0.00258	0.00825
12	0.01045	0.02694	0.79000	0.01484	0.02254	0.01209	0.01924	0.01649	0.01099	0.01649	0.00935	0.01099	0.00660	0.00495	0.00495	0.00165	0.00770	0.00385	0.00220	0.00770
13	0.01332	0.52445	0.02855	0.01369	0.01845	0.01788	0.28646	0.01599	0.01121	0.01388	0.00845	0.01044	0.00713	0.00443	0.00437	0.00135	0.00675	0.00402	0.00238	0.00681
14	0.00631	0.00466	0.00591	0.00692	0.00747	0.00426	0.00469	0.00729	0.01029	0.01342	0.03272	0.68605	0.15938	0.01579	0.00656	0.00206	0.00296	0.01417	0.00483	0.00426
15	0.00983	0.00926	0.01562	0.80447	0.03587	0.01157	0.01446	0.01331	0.01041	0.01331	0.00926	0.01388	0.00694	0.00521	0.00521	0.00174	0.00694	0.00463	0.00231	0.00579
16	0.01430	0.01177	0.01474	0.06116	0.01667	0.01327	0.08306	0.14336	0.44570	0.06605	0.01717	0.01690	0.01275	0.00664	0.00603	0.00175	0.05047	0.00553	0.00473	0.00796
17	0.00634	0.00453	0.00604	0.00725	0.00755	0.00423	0.00483	0.00725	0.00997	0.01329	0.02870	0.81358	0.03444	0.01632	0.00665	0.00211	0.00302	0.01480	0.00483	0.00423
18	0.01045	0.02694	0.79000	0.01484	0.02254	0.01209	0.01924	0.01649	0.01099	0.01649	0.00935	0.01099	0.00660	0.00495	0.00495	0.00165	0.00770	0.00385	0.00220	0.00770
19	0.69586	0.16238	0.01135	0.00724	0.01069	0.01336	0.00625	0.01536	0.00919	0.02128	0.00725	0.00844	0.00584	0.00476	0.00325	0.00152	0.00432	0.00281	0.00304	0.00584
20	0.01206	0.39614	0.43498	0.01208	0.01827	0.01606	0.01443	0.01607	0.01080	0.01452	0.00837	0.00977	0.00664	0.00472	0.00420	0.00140	0.00671	0.00335	0.00221	0.00722
21	0.01066	0.01370	0.20278	0.01219	0.01459	0.01200	0.01155	0.01397	0.06350	0.03973	0.01325	0.16912	0.01304	0.00914	0.01053	0.00200	0.35131	0.00647	0.00313	0.02733
22	0.01367	0.62255	0.02578	0.01455	0.20198	0.01859	0.01064	0.01569	0.01089	0.01342	0.00787	0.00946	0.00707	0.00450	0.00379	0.00122	0.00572	0.00324	0.00231	0.00707
23	0.01270	0.10989	0.11884	0.02707	0.59704	0.01331	0.01556	0.01600	0.01160	0.01638	0.00944	0.01211	0.00786	0.00466	0.00491	0.00151	0.00630	0.00432	0.00249	0.00799
24	0.01298	0.62402	0.12141	0.01024	0.01494	0.01813	0.05275	0.01540	0.01099	0.01358	0.05663	0.01094	0.00942	0.00490	0.00388	0.00125	0.00582	0.00353	0.00247	0.00672
25	0.01130	0.22094	0.60345	0.01339	0.02030	0.01418	0.01671	0.01627	0.01089	0.01546	0.00883	0.01035	0.00662	0.00483	0.00455	0.00152	0.00718	0.00359	0.00221	0.00745
26	0.01536	0.62309	0.02444	0.00966	0.01405	0.01952	0.00915	0.19941	0.01398	0.01728	0.00853	0.00937	0.00721	0.00489	0.00380	0.00122	0.00561	0.00325	0.00296	0.00721

[dist]
# distance from previous block
# <min> <max>
6	89

[block]
# block no. 4 follows, 47 sequences, length 27
# corresponding to MSA columns:
# 1255-1281
name=unknown_E
#
# <colnr> <probs for GDERKNQSTAVLIFYWHMCP>
#	G	D	E	R	K	N	Q	S	T	A	V	L	I	F	Y	W	H	M	C	P
0	0.01253	0.45642	0.11515	0.01080	0.06897	0.01508	0.00975	0.01486	0.01116	0.05087	0.04625	0.05949	0.05564	0.00608	0.00426	0.00134	0.00526	0.00466	0.01633	0.03508
1	0.01094	0.01114	0.11700	0.01150	0.05941	0.00872	0.07266	0.05921	0.07551	0.05719	0.14596	0.10569	0.06690	0.00810	0.00571	0.01660	0.00472	0.01876	0.00413	0.14013
2	0.01440	0.01165	0.01331	0.01222	0.08747	0.06735	0.03391	0.26484	0.03927	0.05036	0.01387	0.06587	0.01241	0.12969	0.00836	0.00202	0.00545	0.02341	0.00406	0.14008
3	0.01189	0.27127	0.13573	0.02530	0.01722	0.05795	0.17814	0.03545	0.01159	0.01476	0.01358	0.14923	0.03061	0.00701	0.00505	0.00158	0.00633	0.01792	0.00297	0.00642
4	0.01531	0.01289	0.01397	0.03335	0.01507	0.06932	0.00911	0.34016	0.01664	0.02275	0.01079	0.01309	0.00868	0.00612	0.00653	0.00145	0.11981	0.02706	0.00389	0.25400
5	0.03712	0.01260	0.01421	0.09591	0.05227	0.06775	0.00986	0.30345	0.08921	0.14532	0.01351	0.01409	0.00978	0.00628	0.00592	0.00163	0.06349	0.00474	0.04511	0.00775
6	0.10040	0.29328	0.08310	0.03954	0.01424	0.01416	0.03490	0.01375	0.00968	0.01420	0.00904	0.01203	0.00800	0.01238	0.17074	0.00291	0.11620	0.00390	0.00251	0.04505
7	0.01287	0.01133	0.01137	0.01028	0.01309	0.04957	0.00797	0.02591	0.67662	0.02097	0.02149	0.02003	0.04236	0.00715	0.00522	0.00172	0.00424	0.00590	0.04405	0.00785
8	0.01215	0.04904	0.01715	0.05170	0.11780	0.01102	0.17571	0.06728	0.14156	0.04818	0.01560	0.15419	0.01412	0.00759	0.00595	0.02732	0.00554	0.00678	0.00378	0.06755
9	0.00725	0.00530	0.00681	0.00648	0.00772	0.00486	0.00484	0.00958	0.01439	0.02016	0.70628	0.06318	0.10166	0.01100	0.00616	0.00166	0.00249	0.00969	0.00564	0.00486
10	0.01392	0.82012	0.02729	0.00891	0.01337	0.02061	0.00891	0.01559	0.01058	0.01225	0.00724	0.00835	0.00668	0.00446	0.00334	0.00111	0.00557	0.00278	0.00223	0.00668
11	0.00694	0.00491	0.00615	0.00655	0.00707	0.00464	0.00435	0.00802	0.01062	0.01441	0.22197	0.36547	0.06369	0.23701	0.01201	0.00279	0.00342	0.01125	0.00460	0.00412
12	0.01173	0.05023	0.36954	0.10480	0.02009	0.01075	0.04073	0.02713	0.01164	0.09127	0.05244	0.04178	0.01075	0.00572	0.00513	0.00154	0.01730	0.00472	0.00309	0.11962
13	0.36088	0.01229	0.01209	0.00967	0.01344	0.01366	0.00798	0.40171	0.01735	0.08821	0.01099	0.01126	0.00786	0.00569	0.00440	0.00159	0.00493	0.00397	0.00449	0.00754
14	0.00641	0.00463	0.00608	0.00710	0.00755	0.00429	0.00480	0.00746	0.01043	0.01391	0.08763	0.71804	0.07093	0.01573	0.00658	0.00206	0.00296	0.01421	0.00490	0.00429
15	0.00983	0.00926	0.01562	0.80447	0.03587	0.01157	0.01446	0.01331	0.01041	0.01331	0.00926	0.01388	0.00694	0.00521	0.00521	0.00174	0.00694	0.00463	0.00231	0.00579
16	0.01030	0.00967	0.01612	0.67714	0.03282	0.01193	0.04867	0.03166	0.01068	0.01400	0.00938	0.01379	0.00715	0.00549	0.00606	0.00176	0.06335	0.00470	0.01942	0.00589
17	0.01158	0.00798	0.00916	0.00788	0.01014	0.00804	0.00619	0.19630	0.04455	0.06977	0.35300	0.03073	0.14474	0.00924	0.00565	0.00161	0.00346	0.00779	0.06605	0.00616
18	0.01051	0.00990	0.01779	0.01950	0.26846	0.00961	0.20434	0.01329	0.01150	0.01569	0.01734	0.13069	0.03128	0.05526	0.00728	0.00206	0.00601	0.15976	0.00342	0.00632
19	0.01197	0.01172	0.01825	0.34941	0.38354	0.05380	0.02839	0.01570	0.04750	0.01547	0.01003	0.01344	0.00798	0.00502	0.00518	0.00163	0.00662	0.00465	0.00260	0.00709
20	0.01226	0.00832	0.03058	0.11594	0.15037	0.00790	0.00924	0.01470	0.03274	0.19490	0.02071	0.30481	0.03498	0.00986	0.00580	0.00183	0.00460	0.02959	0.00443	0.00644
21	0.00638	0.00455	0.00603	0.00721	0.00750	0.00425	0.00479	0.00726	0.00990	0.01320	0.02836	0.79155	0.03400	0.03894	0.00721	0.00220	0.00308	0.01460	0.00479	0.00420
22	0.00807	0.00592	0.00761	0.00735	0.00768	0.00671	0.00511	0.00887	0.00802	0.01141	0.01462	0.02674	0.01553	0.45450	0.25440	0.00555	0.09837	0.00651	0.04308	0.00397
23	0.30373	0.04838	0.13273	0.00999	0.01439	0.01087	0.04473	0.04729	0.01228	0.30876	0.01291	0.01274	0.00878	0.00547	0.00446	0.00160	0.00510	0.00411	0.00428	0.00740
24	0.01637	0.00887	0.01155	0.03272	0.07620	0.00869	0.00793	0.15593	0.01482	0.31756	0.01935	0.19457	0.01647	0.00840	0.00539	0.00168	0.00438	0.00718	0.08465	0.00731
25	0.01403	0.01448	0.01726	0.24904	0.11126	0.21847	0.10678	0.03379	0.01248	0.05068	0.00970	0.01236	0.00755	0.00511	0.00533	0.00151	0.02651	0.00435	0.00282	0.09648
26	0.01352	0.01163	0.01167	0.03642	0.02893	0.12267	0.02275	0.10550	0.10989	0.04510	0.01408	0.01504	0.03343	0.00560	0.00452	0.00128	0.00489	0.00444	0.15192	0.25674

[dist]
# distance from previous block
# <min> <max>
0	3

[block]
# block no. 5 follows, 47 sequences, length 16
# corresponding to MSA columns:
# 1285-1300
name=unknown_F
#
# <colnr> <probs for GDERKNQSTAVLIFYWHMCP>
#	G	D	E	R	K	N	Q	S	T	A	V	L	I	F	Y	W	H	M	C	P
0	0.14230	0.00932	0.00970	0.05839	0.01200	0.04641	0.00669	0.08042	0.14837	0.08710	0.03200	0.02179	0.04131	0.23370	0.04657	0.00290	0.00531	0.00576	0.00404	0.00591
1	0.18780	0.16164	0.46117	0.01191	0.01795	0.01332	0.01412	0.01645	0.01064	0.04865	0.00900	0.01028	0.00667	0.00490	0.00432	0.00155	0.00642	0.00350	0.00259	0.00714
2	0.01467	0.01152	0.04809	0.01612	0.22459	0.02793	0.04635	0.08281	0.01340	0.17501	0.01464	0.01686	0.04156	0.00578	0.00503	0.00144	0.00529	0.03875	0.00390	0.20628
3	0.00636	0.00479	0.00588	0.00665	0.00742	0.00432	0.00459	0.00748	0.01081	0.01399	0.08290	0.54984	0.24596	0.01508	0.00648	0.00198	0.00288	0.01339	0.00489	0.00432
4	0.01559	0.12696	0.01493	0.01137	0.01438	0.34259	0.00896	0.02247	0.32627	0.01643	0.01482	0.01472	0.03622	0.00620	0.00481	0.00150	0.00648	0.00457	0.00377	0.00698
5	0.01779	0.01851	0.05280	0.01209	0.01558	0.33614	0.00987	0.33300	0.04290	0.02177	0.01426	0.01461	0.07476	0.00645	0.00507	0.00150	0.00702	0.00468	0.00399	0.00723
6	0.01972	0.01384	0.01342	0.01072	0.01441	0.16022	0.00863	0.30545	0.01805	0.26286	0.01427	0.01388	0.00993	0.00600	0.00495	0.00147	0.00571	0.00453	0.05795	0.05401
7	0.00674	0.00511	0.00622	0.00635	0.00750	0.00458	0.00461	0.00846	0.01266	0.01689	0.37007	0.24153	0.26460	0.01286	0.00628	0.00180	0.00266	0.01127	0.00523	0.00458
8	0.00840	0.01020	0.11232	0.01086	0.01414	0.00762	0.18779	0.01121	0.01205	0.01554	0.08127	0.03640	0.39937	0.00996	0.00607	0.00178	0.00489	0.06061	0.00403	0.00551
9	0.05782	0.01091	0.03612	0.03151	0.06175	0.03174	0.26073	0.07558	0.02764	0.06070	0.01735	0.24231	0.02880	0.00856	0.00586	0.00181	0.00591	0.02469	0.00383	0.00637
10	0.00643	0.00459	0.00614	0.00735	0.00769	0.00430	0.00498	0.00740	0.01005	0.01339	0.02866	0.78205	0.03426	0.01623	0.00667	0.00213	0.00310	0.04550	0.00483	0.00425
11	0.19553	0.00981	0.01141	0.00911	0.01287	0.00971	0.00747	0.08198	0.09280	0.48974	0.01720	0.01555	0.01137	0.00616	0.00482	0.00162	0.00442	0.00476	0.00556	0.00812
12	0.01272	0.27634	0.39810	0.01272	0.03776	0.01496	0.01411	0.05843	0.07409	0.04006	0.01017	0.01118	0.00774	0.00507	0.00449	0.00148	0.00648	0.00378	0.00277	0.00753
13	0.01344	0.00969	0.01070	0.00937	0.01140	0.04181	0.00724	0.30983	0.03271	0.02038	0.01465	0.08125	0.01365	0.06267	0.03582	0.20804	0.00534	0.06643	0.03980	0.00577
14	0.00670	0.00515	0.00616	0.00645	0.00765	0.00462	0.00478	0.00831	0.01217	0.01583	0.24161	0.24199	0.33650	0.01339	0.00636	0.00187	0.00285	0.06801	0.00507	0.00452
15	0.01279	0.01134	0.01654	0.24275	0.06807	0.01336	0.07784	0.18725	0.03221	0.01872	0.03735	0.01489	0.02800	0.00669	0.00809	0.00180	0.19327	0.00511	0.01719	0.00671

[dist]
# distance from previous block
# <min> <max>
1	9

[block]
# block no. 6 follows, 47 sequences, length 22
# corresponding to MSA columns:
# 1310-1331
name=unknown_G
#
# <colnr> <probs for GDERKNQSTAVLIFYWHMCP>
#	G	D	E	R	K	N	Q	S	T	A	V	L	I	F	Y	W	H	M	C	P
0	0.01140	0.09002	0.09634	0.21041	0.05982	0.01177	0.04225	0.09061	0.10214	0.01690	0.01528	0.03993	0.04448	0.02122	0.03355	0.01973	0.00614	0.07810	0.00340	0.00650
1	0.01204	0.05058	0.07601	0.11117	0.17810	0.07402	0.07140	0.01620	0.09894	0.02614	0.01229	0.04472	0.01067	0.06306	0.00673	0.00178	0.01730	0.01717	0.00309	0.10858
2	0.01183	0.21209	0.26282	0.01108	0.01569	0.04655	0.01156	0.01586	0.06682	0.02974	0.01054	0.02337	0.00880	0.02822	0.07079	0.00208	0.05033	0.00407	0.00276	0.11501
3	0.01305	0.38093	0.19029	0.01218	0.01714	0.01567	0.12266	0.07014	0.01229	0.03743	0.05695	0.02906	0.01036	0.00537	0.00453	0.00142	0.00624	0.00438	0.00288	0.00701
4	0.00780	0.00472	0.00618	0.00646	0.00683	0.00452	0.00430	0.00725	0.00851	0.01121	0.02137	0.20828	0.13214	0.12685	0.01544	0.38589	0.00391	0.00830	0.02681	0.00323
5	0.01066	0.07565	0.74316	0.01448	0.02198	0.01262	0.01861	0.01644	0.01097	0.01623	0.00922	0.01083	0.00660	0.00492	0.00485	0.00162	0.00757	0.00378	0.00220	0.00763
6	0.01335	0.05255	0.11105	0.03256	0.23882	0.02796	0.22625	0.12224	0.01354	0.01873	0.01012	0.01248	0.00787	0.00477	0.00520	0.00153	0.00686	0.00472	0.00295	0.08644
7	0.00733	0.00533	0.00637	0.00616	0.00748	0.00479	0.00451	0.00911	0.01292	0.03632	0.41683	0.08282	0.28464	0.08283	0.00795	0.00200	0.00282	0.00995	0.00518	0.00465
8	0.00660	0.00504	0.00607	0.00635	0.00745	0.00450	0.00456	0.00814	0.01212	0.01595	0.27389	0.30807	0.29550	0.01346	0.00632	0.00184	0.00271	0.01180	0.00512	0.00450
9	0.01207	0.01082	0.01387	0.01202	0.01326	0.01390	0.00981	0.10040	0.17302	0.01672	0.01161	0.01461	0.00993	0.01292	0.13215	0.00302	0.42510	0.00501	0.00333	0.00643
10	0.00965	0.00526	0.00606	0.00574	0.00713	0.00504	0.00435	0.01207	0.01257	0.06543	0.29927	0.02650	0.02652	0.00778	0.00466	0.00139	0.00256	0.00656	0.48636	0.00511
11	0.00696	0.00488	0.00586	0.00632	0.00665	0.00466	0.00399	0.00756	0.00928	0.01229	0.06679	0.34500	0.08970	0.38820	0.01582	0.00342	0.00390	0.01083	0.00410	0.00378
12	0.00732	0.00532	0.00688	0.00649	0.00775	0.00489	0.00487	0.00972	0.01461	0.02057	0.74873	0.03941	0.08235	0.01076	0.00614	0.00164	0.00247	0.00949	0.00569	0.00489
13	0.00633	0.00532	0.00552	0.00557	0.00727	0.00451	0.00424	0.00775	0.01199	0.01443	0.08133	0.05014	0.71045	0.01315	0.00621	0.00179	0.00275	0.05194	0.00487	0.00444
14	0.01255	0.00590	0.00715	0.00656	0.00837	0.00550	0.00501	0.01462	0.01217	0.22127	0.09100	0.14975	0.01998	0.00826	0.00478	0.00150	0.00305	0.00700	0.40975	0.00582
15	0.00757	0.00505	0.00568	0.00568	0.00568	0.00505	0.00316	0.00757	0.00757	0.01010	0.01641	0.03408	0.01893	0.81698	0.02651	0.00505	0.00505	0.00757	0.00316	0.00316
16	0.01212	0.40833	0.42326	0.01199	0.01813	0.01619	0.01427	0.01606	0.01080	0.01445	0.00833	0.00972	0.00664	0.00471	0.00418	0.00139	0.00667	0.00334	0.00221	0.00721
17	0.00879	0.00692	0.00826	0.00852	0.01008	0.00716	0.00672	0.01400	0.21307	0.01705	0.09978	0.19333	0.13274	0.01232	0.00635	0.00202	0.00375	0.23856	0.00503	0.00555
18	0.01347	0.00703	0.00896	0.00816	0.01014	0.00664	0.00621	0.04900	0.04516	0.27839	0.06317	0.21113	0.04602	0.14155	0.00928	0.00237	0.00412	0.07789	0.00519	0.00611
19	0.01117	0.01043	0.01421	0.01217	0.01481	0.04704	0.16545	0.01891	0.34425	0.01778	0.02062	0.22903	0.01932	0.00920	0.00589	0.00186	0.00508	0.04162	0.00448	0.00667
20	0.01238	0.01287	0.00971	0.00896	0.01117	0.28692	0.00677	0.01497	0.07460	0.05000	0.13597	0.03013	0.30672	0.00925	0.00552	0.00159	0.00521	0.00738	0.00431	0.00556
21	0.33216	0.01027	0.00997	0.00883	0.01185	0.01162	0.00697	0.02187	0.37920	0.09358	0.01564	0.01577	0.01187	0.04260	0.00546	0.00184	0.00416	0.00474	0.00452	0.00709

[dist]
# distance from previous block
# <min> <max>
0	8

[block]
# block no. 7 follows, 47 sequences, length 56
# corresponding to MSA columns:
# 1340-1395
name=unknown_H
#
# <colnr> <probs for GDERKNQSTAVLIFYWHMCP>
#	G	D	E	R	K	N	Q	S	T	A	V	L	I	F	Y	W	H	M	C	P
0	0.01382	0.00832	0.00978	0.00907	0.01123	0.04987	0.00724	0.08235	0.02437	0.23432	0.05874	0.16249	0.03595	0.06276	0.00739	0.00211	0.00459	0.20425	0.00514	0.00622
1	0.08736	0.32096	0.33965	0.01145	0.01687	0.08503	0.01282	0.01629	0.01098	0.01528	0.00852	0.00992	0.00678	0.00483	0.00413	0.00140	0.00655	0.00335	0.03093	0.00689
2	0.00815	0.00599	0.00870	0.00814	0.00933	0.00633	0.04671	0.00997	0.00931	0.01366	0.05569	0.02435	0.01614	0.16270	0.42585	0.00572	0.00943	0.03291	0.10722	0.03370
3	0.00669	0.00479	0.00633	0.00740	0.00783	0.00453	0.00506	0.02072	0.01045	0.01396	0.05172	0.74688	0.03428	0.01589	0.00663	0.00210	0.00312	0.04240	0.00487	0.00435
4	0.01154	0.27598	0.55053	0.01298	0.01966	0.01477	0.01600	0.01621	0.01086	0.01516	0.00868	0.01017	0.00662	0.00479	0.00444	0.00148	0.00703	0.00351	0.00221	0.00738
5	0.13250	0.04059	0.01625	0.39967	0.02550	0.01120	0.14526	0.01369	0.01108	0.01624	0.10074	0.01702	0.03722	0.00587	0.00515	0.00169	0.00613	0.00533	0.00298	0.00587
6	0.01569	0.01150	0.01272	0.01023	0.01343	0.01244	0.00826	0.47698	0.07487	0.04175	0.24130	0.02091	0.02137	0.00762	0.00549	0.00160	0.00462	0.00619	0.00539	0.00764
7	0.00708	0.00503	0.00636	0.00704	0.00773	0.00484	0.00505	0.00832	0.01024	0.01374	0.05274	0.37364	0.12284	0.13274	0.06560	0.00292	0.00425	0.11645	0.04916	0.00426
8	0.01032	0.00872	0.01006	0.00748	0.01155	0.00680	0.00594	0.03561	0.01157	0.01731	0.05663	0.01724	0.10594	0.00545	0.00431	0.00097	0.00369	0.00446	0.00351	0.67244
9	0.01147	0.03371	0.01870	0.39693	0.40840	0.01223	0.01506	0.01470	0.01114	0.01512	0.00947	0.01323	0.00759	0.00490	0.00513	0.00162	0.00653	0.00458	0.00244	0.00704
10	0.00714	0.00565	0.00652	0.00695	0.00812	0.00539	0.00495	0.00996	0.10557	0.01490	0.06481	0.41932	0.29373	0.01386	0.00629	0.00193	0.00300	0.01216	0.00493	0.00481
11	0.00900	0.00479	0.00510	0.00536	0.00638	0.00472	0.00389	0.01110	0.01072	0.01812	0.01946	0.18707	0.01780	0.00823	0.00428	0.00140	0.00255	0.00695	0.66834	0.00472
12	0.04266	0.01022	0.01507	0.01199	0.01465	0.01100	0.10831	0.04412	0.01178	0.25906	0.01400	0.08434	0.01143	0.00758	0.00893	0.00180	0.25159	0.00570	0.00407	0.08167
13	0.02213	0.00953	0.01213	0.00943	0.01328	0.03037	0.00773	0.07686	0.01557	0.67119	0.06090	0.01827	0.01440	0.00663	0.00527	0.00160	0.00456	0.00537	0.00621	0.00857
14	0.01477	0.00749	0.00948	0.00800	0.01068	0.00695	0.00634	0.01832	0.10161	0.34826	0.27465	0.02841	0.10779	0.00862	0.00561	0.00165	0.00351	0.00730	0.02364	0.00693
15	0.01613	0.00915	0.01207	0.06592	0.01420	0.00934	0.03184	0.09525	0.08125	0.32447	0.10212	0.02125	0.07186	0.00745	0.00620	0.00167	0.06274	0.00602	0.05374	0.00732
16	0.04243	0.01074	0.01253	0.07630	0.01468	0.07743	0.02994	0.08589	0.09983	0.14611	0.12529	0.02088	0.05449	0.02248	0.02131	0.00192	0.12523	0.02154	0.00436	0.00662
17	0.00717	0.00515	0.00697	0.00814	0.00885	0.00495	0.00625	0.00869	0.01084	0.01425	0.02893	0.48541	0.05409	0.01544	0.00685	0.00222	0.00373	0.31276	0.00482	0.00446
18	0.01141	0.00962	0.01113	0.00800	0.01260	0.00757	0.00642	0.06454	0.01173	0.01805	0.00948	0.01091	0.00779	0.00402	0.00395	0.00083	0.00398	0.00319	0.00323	0.79153
19	0.00764	0.00574	0.00710	0.00674	0.00810	0.00546	0.00504	0.01083	0.07350	0.01975	0.60206	0.06807	0.12423	0.02480	0.00645	0.00174	0.00267	0.00948	0.00552	0.00506
20	0.03064	0.00844	0.01371	0.04917	0.07264	0.00815	0.13276	0.03231	0.01046	0.11428	0.03513	0.01540	0.01022	0.01037	0.01134	0.33436	0.01669	0.00488	0.00318	0.08588
21	0.08274	0.00907	0.01185	0.00915	0.01313	0.00813	0.00756	0.04085	0.01468	0.71686	0.01942	0.01695	0.01228	0.00633	0.00509	0.00161	0.00443	0.00505	0.00619	0.00863
22	0.01223	0.01385	0.02965	0.02135	0.02623	0.01337	0.71079	0.01638	0.01198	0.01638	0.01027	0.01385	0.00782	0.00473	0.00694	0.00179	0.06681	0.00603	0.00261	0.00693
