[name]
unknown

[dist]
# distance from previous block
# <min> <max>
36	342

[block]
# block no. 0 follows, 54 sequences, length 52
# corresponding to MSA columns:
# 360-411
name=unknown_A
#
# <colnr> <probs for GDERKNQSTAVLIFYWHMCP>
#	G	D	E	R	K	N	Q	S	T	A	V	L	I	F	Y	W	H	M	C	P
0	0.01212	0.07943	0.11335	0.02942	0.08710	0.08555	0.10191	0.12792	0.02504	0.04513	0.09076	0.02276	0.04352	0.00545	0.00459	0.00133	0.00539	0.00466	0.00324	0.11136
1	0.03087	0.19331	0.09158	0.01282	0.15462	0.04315	0.04246	0.11635	0.02219	0.01662	0.13472	0.06803	0.02952	0.00611	0.00451	0.00137	0.00489	0.00512	0.00322	0.01854
2	0.01129	0.03890	0.17062	0.01645	0.26856	0.04688	0.02383	0.09855	0.01193	0.03345	0.07407	0.04564	0.03013	0.00669	0.01926	0.00161	0.04255	0.05005	0.00305	0.00650
3	0.01231	0.13362	0.25554	0.01225	0.07383	0.16539	0.02761	0.05643	0.04560	0.05061	0.04684	0.06140	0.02734	0.00568	0.00447	0.00139	0.00597	0.00450	0.00289	0.00633
4	0.11560	0.04887	0.11424	0.01363	0.19842	0.02944	0.00980	0.08231	0.06716	0.12495	0.06875	0.01371	0.02125	0.00521	0.00437	0.00138	0.00476	0.00426	0.00347	0.06839
5	0.03559	0.09792	0.16886	0.03205	0.28730	0.07322	0.06490	0.05911	0.01130	0.04676	0.00914	0.01131	0.00728	0.00452	0.00441	0.00135	0.00591	0.01516	0.00259	0.06132
6	0.10800	0.04544	0.04117	0.02688	0.09557	0.08313	0.03097	0.19600	0.07119	0.04548	0.03627	0.01180	0.00892	0.00538	0.01693	0.00138	0.00508	0.00387	0.00342	0.16313
7	0.22531	0.02416	0.08798	0.01223	0.15683	0.03901	0.00891	0.07923	0.04222	0.17244	0.04886	0.01343	0.02862	0.00595	0.02256	0.00157	0.00482	0.00415	0.00361	0.01811
8	0.01038	0.07248	0.05136	0.01766	0.31926	0.03660	0.09273	0.01361	0.05522	0.01483	0.04619	0.03970	0.05536	0.00680	0.00508	0.00157	0.00526	0.14664	0.00308	0.00620
9	0.01295	0.04735	0.07720	0.02117	0.47637	0.04298	0.02480	0.08481	0.01202	0.09109	0.03623	0.01288	0.00914	0.02452	0.00508	0.00147	0.00551	0.00431	0.00295	0.00716
10	0.14496	0.15053	0.14663	0.01355	0.14090	0.03271	0.10550	0.01567	0.05831	0.08626	0.05409	0.01220	0.00942	0.00482	0.00426	0.00140	0.00535	0.00404	0.00295	0.00647
11	0.01268	0.08345	0.03363	0.01063	0.10108	0.05313	0.00775	0.12714	0.07033	0.13997	0.22061	0.04162	0.03672	0.01801	0.00505	0.00145	0.00422	0.00566	0.00423	0.02264
12	0.01096	0.01604	0.33441	0.01730	0.27544	0.04193	0.02974	0.03981	0.01115	0.05103	0.08146	0.02923	0.01103	0.02390	0.00514	0.00153	0.00585	0.00455	0.00274	0.00676
13	0.02917	0.01201	0.08496	0.10946	0.54291	0.01115	0.06422	0.03467	0.02489	0.01554	0.00927	0.01233	0.00758	0.00448	0.00471	0.00146	0.00584	0.01588	0.00243	0.00704
14	0.02570	0.05106	0.26197	0.01194	0.05255	0.03851	0.01135	0.34624	0.04453	0.02101	0.01148	0.03786	0.02490	0.00656	0.03191	0.00165	0.00590	0.00435	0.00345	0.00709
15	0.01052	0.08973	0.01456	0.01160	0.02624	0.05706	0.02015	0.01204	0.02887	0.01197	0.03451	0.06661	0.00946	0.00837	0.02403	0.00194	0.55990	0.00475	0.00243	0.00525
16	0.01120	0.01118	0.02842	0.04430	0.51530	0.02980	0.13139	0.03990	0.01118	0.01539	0.01279	0.01500	0.08506	0.00499	0.00486	0.00144	0.00569	0.00491	0.00262	0.02457
17	0.01160	0.06576	0.31685	0.01772	0.22435	0.04316	0.14711	0.01536	0.01071	0.07196	0.00967	0.02747	0.00749	0.00461	0.00467	0.00145	0.00643	0.00424	0.00249	0.00689
18	0.01588	0.15046	0.18500	0.01051	0.01487	0.02835	0.03908	0.16937	0.01354	0.28727	0.01212	0.01198	0.00838	0.00519	0.00470	0.00140	0.02678	0.00399	0.00387	0.00728
19	0.00595	0.00425	0.00570	0.00679	0.00716	0.00400	0.00473	0.00691	0.00922	0.01226	0.02588	0.74704	0.03075	0.01458	0.00607	0.00194	0.00291	0.09561	0.00437	0.00389
20	0.06733	0.10443	0.36736	0.01412	0.11918	0.01181	0.01320	0.04598	0.01193	0.17763	0.01173	0.01296	0.00867	0.00562	0.00490	0.00167	0.00613	0.00416	0.00346	0.00775
21	0.30637	0.01082	0.01346	0.15138	0.30820	0.05983	0.01037	0.05949	0.01041	0.01743	0.00804	0.01023	0.00641	0.00447	0.00405	0.00144	0.00519	0.00356	0.00264	0.00619
22	0.00574	0.00412	0.00546	0.00653	0.00683	0.00383	0.00436	0.00657	0.00906	0.01205	0.02643	0.81525	0.04687	0.01471	0.00601	0.00191	0.00273	0.01333	0.00438	0.00383
23	0.01128	0.03740	0.21927	0.02366	0.53401	0.03307	0.04435	0.01472	0.01059	0.01505	0.00869	0.01108	0.00700	0.00428	0.00460	0.00142	0.00610	0.00399	0.00224	0.00721
24	0.01192	0.35754	0.14965	0.01438	0.19013	0.03124	0.04477	0.04870	0.04731	0.01429	0.03000	0.01054	0.00793	0.00456	0.00419	0.00128	0.01892	0.00359	0.00244	0.00661
25	0.00822	0.00702	0.00735	0.00697	0.00893	0.00729	0.00530	0.01458	0.34687	0.01568	0.03393	0.09157	0.40841	0.00978	0.00527	0.00162	0.00299	0.00823	0.00456	0.00546
26	0.01261	0.83713	0.02471	0.00807	0.01210	0.01866	0.00807	0.01412	0.00958	0.01109	0.00656	0.00756	0.00605	0.00403	0.00303	0.00101	0.00504	0.00252	0.00202	0.00605
27	0.00978	0.00838	0.00978	0.00698	0.01117	0.00629	0.00559	0.01187	0.00978	0.01536	0.00838	0.00978	0.00698	0.00349	0.00349	0.00070	0.00349	0.00279	0.00279	0.86312
28	0.00946	0.02439	0.80987	0.01344	0.02041	0.01095	0.01742	0.01493	0.00995	0.01493	0.00846	0.00995	0.00597	0.00448	0.00448	0.00149	0.00697	0.00348	0.00199	0.00697
29	0.00638	0.00437	0.00528	0.00575	0.00587	0.00425	0.00351	0.00673	0.00779	0.01038	0.01962	0.37342	0.02315	0.48353	0.01630	0.00343	0.00379	0.00966	0.00351	0.00327
30	0.00677	0.00492	0.00692	0.00692	0.00753	0.00553	0.00507	0.00800	0.00738	0.01046	0.01323	0.02187	0.01324	0.25213	0.60083	0.00676	0.01044	0.00554	0.00262	0.00384
31	0.01473	0.33395	0.07831	0.01335	0.19114	0.02993	0.00991	0.01691	0.01108	0.24204	0.01071	0.01113	0.00798	0.00464	0.00402	0.00127	0.00509	0.00362	0.00320	0.00700
32	0.00684	0.00462	0.00541	0.00541	0.00550	0.00472	0.00319	0.00703	0.00694	0.00934	0.01461	0.02951	0.01656	0.74738	0.11011	0.00490	0.00545	0.00666	0.00282	0.00300
33	0.00574	0.00410	0.00547	0.00657	0.00684	0.00383	0.00438	0.00657	0.00903	0.01204	0.02599	0.83122	0.03119	0.01477	0.00602	0.00191	0.00274	0.01340	0.00438	0.00383
34	0.01140	0.01257	0.08985	0.02633	0.62895	0.01128	0.12074	0.01460	0.01072	0.01532	0.00892	0.01166	0.00729	0.00419	0.00477	0.00143	0.00604	0.00432	0.00231	0.00727
35	0.01148	0.04744	0.06863	0.04188	0.51406	0.02264	0.13770	0.01501	0.04728	0.01512	0.00924	0.01178	0.00751	0.00439	0.00499	0.00145	0.02559	0.00434	0.00241	0.00707
36	0.01761	0.02247	0.01336	0.01215	0.01458	0.81537	0.00911	0.01883	0.01336	0.01154	0.00729	0.00850	0.00607	0.00486	0.00425	0.00121	0.00850	0.00304	0.00243	0.00547
37	0.01261	0.83713	0.02471	0.00807	0.01210	0.01866	0.00807	0.01412	0.00958	0.01109	0.00656	0.00756	0.00605	0.00403	0.00303	0.00101	0.00504	0.00252	0.00202	0.00605
38	0.01137	0.03980	0.16887	0.04635	0.57405	0.01131	0.03563	0.01466	0.01058	0.03011	0.00891	0.01135	0.00718	0.00429	0.00461	0.00142	0.00589	0.00406	0.00232	0.00725
39	0.01133	0.04844	0.13580	0.02491	0.58140	0.01155	0.08902	0.01458	0.01061	0.01512	0.00878	0.01135	0.00716	0.00421	0.00466	0.00142	0.00600	0.00416	0.00228	0.00723
40	0.00574	0.00410	0.00547	0.00657	0.00684	0.00383	0.00438	0.00657	0.00903	0.01204	0.02599	0.83122	0.03119	0.01477	0.00602	0.00191	0.00274	0.01340	0.00438	0.00383
41	0.00574	0.00410	0.00547	0.00657	0.00684	0.00383	0.00438	0.00657	0.00903	0.01204	0.02599	0.83122	0.03119	0.01477	0.00602	0.00191	0.00274	0.01340	0.00438	0.00383
42	0.01269	0.26270	0.13205	0.07380	0.21531	0.18429	0.02844	0.01520	0.01075	0.01298	0.00776	0.00961	0.00644	0.00436	0.00408	0.00127	0.00635	0.00338	0.00219	0.00636
43	0.00686	0.00457	0.00514	0.00514	0.00514	0.00457	0.00286	0.00686	0.00686	0.00914	0.01486	0.03086	0.01714	0.83430	0.02400	0.00457	0.00457	0.00686	0.00286	0.00286
44	0.33500	0.01681	0.01081	0.00979	0.01241	0.47097	0.00752	0.01731	0.05383	0.01558	0.00766	0.00868	0.00616	0.00476	0.00378	0.00133	0.00643	0.00298	0.00274	0.00544
45	0.03305	0.00803	0.05060	0.01135	0.07956	0.00695	0.13359	0.01183	0.01043	0.11351	0.03586	0.32480	0.03838	0.00949	0.00545	0.00170	0.00438	0.08290	0.00387	0.03428
46	0.00802	0.14171	0.05920	0.00774	0.00928	0.00738	0.00660	0.02090	0.00954	0.01245	0.01933	0.30079	0.02162	0.09021	0.00786	0.04240	0.00410	0.22288	0.00358	0.00442
47	0.12832	0.49933	0.05722	0.00834	0.01198	0.05889	0.00791	0.06543	0.01068	0.03314	0.04603	0.03726	0.00887	0.00493	0.00352	0.00119	0.00491	0.00342	0.00266	0.00596
48	0.18689	0.06239	0.06086	0.00921	0.01269	0.03883	0.00799	0.37190	0.04626	0.05501	0.03466	0.01382	0.06821	0.00582	0.00431	0.00142	0.00469	0.00432	0.00398	0.00674
49	0.05863	0.44864	0.16519	0.00936	0.01366	0.01517	0.00959	0.14145	0.01172	0.03846	0.00886	0.04394	0.00754	0.00491	0.00374	0.00124	0.00522	0.00351	0.00271	0.00645
50	0.04707	0.45430	0.15741	0.00911	0.01345	0.04163	0.00933	0.06399	0.01069	0.03687	0.00880	0.01025	0.02049	0.00458	0.00363	0.00116	0.00522	0.01838	0.00250	0.08112
51	0.01358	0.33711	0.17383	0.01038	0.03094	0.03361	0.01011	0.22967	0.02762	0.04351	0.04126	0.01076	0.00850	0.00492	0.00403	0.00127	0.00538	0.00360	0.00308	0.00682

[dist]
# distance from previous block
# <min> <max>
3	53

[block]
# block no. 1 follows, 54 sequences, length 6
# corresponding to MSA columns:
# 465-470
name=unknown_B
#
# <colnr> <probs for GDERKNQSTAVLIFYWHMCP>
#	G	D	E	R	K	N	Q	S	T	A	V	L	I	F	Y	W	H	M	C	P
0	0.08178	0.27003	0.30838	0.01054	0.01522	0.12101	0.01131	0.05774	0.03347	0.01470	0.00913	0.01013	0.02854	0.00471	0.00393	0.00131	0.00600	0.00333	0.00243	0.00632
1	0.03985	0.41961	0.21149	0.01057	0.04633	0.05901	0.01050	0.05101	0.03054	0.06918	0.00853	0.00938	0.00675	0.00446	0.00375	0.00123	0.00558	0.00316	0.00253	0.00653
2	0.08185	0.37352	0.26515	0.01087	0.04785	0.09302	0.01106	0.01514	0.01013	0.04177	0.00775	0.00888	0.00621	0.00435	0.00372	0.00125	0.00585	0.00302	0.00227	0.00633
3	0.01174	0.19780	0.48103	0.01169	0.01727	0.05605	0.01358	0.06960	0.03795	0.04852	0.00898	0.00997	0.00667	0.00461	0.00419	0.00137	0.00628	0.00342	0.00247	0.00682
4	0.36335	0.04920	0.32822	0.03590	0.01553	0.03850	0.04986	0.01479	0.00943	0.04496	0.00797	0.00930	0.00589	0.00446	0.00384	0.00146	0.00550	0.00322	0.00255	0.00607
5	0.05241	0.06487	0.08154	0.01885	0.33803	0.10266	0.09201	0.06357	0.01175	0.08056	0.01009	0.01291	0.00816	0.00486	0.00460	0.00142	0.00595	0.03607	0.00285	0.00684

[dist]
# distance from previous block
# <min> <max>
3	6

[block]
# block no. 2 follows, 54 sequences, length 16
# corresponding to MSA columns:
# 477-492
name=unknown_C
#
# <colnr> <probs for GDERKNQSTAVLIFYWHMCP>
#	G	D	E	R	K	N	Q	S	T	A	V	L	I	F	Y	W	H	M	C	P
0	0.15610	0.18860	0.16585	0.01241	0.09010	0.05954	0.07545	0.09329	0.03691	0.05095	0.00883	0.01003	0.00682	0.00464	0.00427	0.00137	0.02201	0.00355	0.00278	0.00650
1	0.01212	0.28620	0.10996	0.01787	0.31307	0.02952	0.08766	0.03137	0.02804	0.02980	0.00856	0.01037	0.00702	0.00428	0.00419	0.00130	0.00577	0.00371	0.00237	0.00682
2	0.00618	0.04692	0.00643	0.00653	0.00698	0.00465	0.00445	0.00698	0.00888	0.01176	0.02411	0.72569	0.02878	0.07896	0.00728	0.00208	0.00300	0.01233	0.00414	0.00387
3	0.01285	0.09202	0.50314	0.01187	0.01764	0.01062	0.04167	0.01697	0.01089	0.22172	0.01098	0.01143	0.00751	0.00478	0.00446	0.00144	0.00606	0.00380	0.00301	0.00714
4	0.05932	0.04830	0.02680	0.00621	0.00774	0.00570	0.00497	0.00955	0.01267	0.01837	0.67176	0.03181	0.06138	0.00897	0.00524	0.00146	0.00258	0.00777	0.00479	0.00462
5	0.02044	0.00902	0.05948	0.00870	0.01254	0.00717	0.00757	0.02249	0.01328	0.75995	0.01799	0.01568	0.01133	0.00575	0.00473	0.00146	0.00419	0.00467	0.00560	0.00796
6	0.01792	0.01321	0.01415	0.01085	0.01462	0.01462	0.00896	0.78916	0.02217	0.02972	0.01132	0.01132	0.00802	0.00566	0.00472	0.00142	0.00519	0.00425	0.00472	0.00802
7	0.01261	0.83713	0.02471	0.00807	0.01210	0.01866	0.00807	0.01412	0.00958	0.01109	0.00656	0.00756	0.00605	0.00403	0.00303	0.00101	0.00504	0.00252	0.00202	0.00605
8	0.00946	0.02439	0.80987	0.01344	0.02041	0.01095	0.01742	0.01493	0.00995	0.01493	0.00846	0.00995	0.00597	0.00448	0.00448	0.00149	0.00697	0.00348	0.00199	0.00697
9	0.01792	0.01321	0.01415	0.01085	0.01462	0.01462	0.00896	0.78916	0.02217	0.02972	0.01132	0.01132	0.00802	0.00566	0.00472	0.00142	0.00519	0.00425	0.00472	0.00802
10	0.01243	0.79069	0.06957	0.00837	0.01258	0.01822	0.00860	0.01417	0.00960	0.01131	0.00666	0.00770	0.00605	0.00406	0.00311	0.00104	0.00515	0.00258	0.00202	0.00610
11	0.05599	0.00490	0.00565	0.00563	0.00594	0.00511	0.00351	0.00750	0.00710	0.01020	0.01431	0.04842	0.01596	0.63664	0.15001	0.00481	0.00577	0.00649	0.00285	0.00323
12	0.01013	0.19847	0.64169	0.01229	0.01863	0.01260	0.01542	0.01476	0.00987	0.01411	0.00805	0.00944	0.00599	0.00438	0.00417	0.00139	0.00656	0.00328	0.00200	0.00677
13	0.05750	0.35196	0.10024	0.00857	0.01268	0.08287	0.00818	0.01435	0.01020	0.05507	0.02349	0.00949	0.00729	0.00423	0.00355	0.00105	0.00494	0.00298	0.00257	0.23879
14	0.04875	0.42966	0.29342	0.01030	0.01512	0.10534	0.01128	0.01492	0.01007	0.01290	0.00730	0.00850	0.00599	0.00430	0.00366	0.00122	0.00604	0.00291	0.00209	0.00626
15	0.03763	0.22012	0.33488	0.01264	0.07940	0.07452	0.04554	0.01503	0.01024	0.06073	0.00879	0.01035	0.00685	0.00641	0.05615	0.00174	0.00663	0.00351	0.00237	0.00647

[dist]
# distance from previous block
# <min> <max>
2	36

[block]
# block no. 3 follows, 54 sequences, length 24
# corresponding to MSA columns:
# 529-552
name=unknown_D
#
# <colnr> <probs for GDERKNQSTAVLIFYWHMCP>
#	G	D	E	R	K	N	Q	S	T	A	V	L	I	F	Y	W	H	M	C	P
0	0.07037	0.02446	0.06608	0.02088	0.01260	0.05903	0.00781	0.11393	0.07960	0.18745	0.02220	0.06816	0.01117	0.00613	0.00497	0.00139	0.04262	0.03127	0.00392	0.16595
1	0.32086	0.10061	0.09005	0.09201	0.01397	0.01164	0.00829	0.01693	0.19355	0.06797	0.01065	0.01132	0.00804	0.00507	0.00422	0.00148	0.03030	0.00365	0.00324	0.00615
2	0.33972	0.04868	0.08950	0.01038	0.11859	0.00970	0.00792	0.02591	0.00965	0.03200	0.04058	0.01032	0.00783	0.00438	0.00363	0.00124	0.00424	0.00324	0.00285	0.22964
3	0.23559	0.03965	0.05500	0.01183	0.09674	0.01116	0.09481	0.09205	0.18439	0.05276	0.03285	0.01338	0.02942	0.00525	0.00430	0.00147	0.00467	0.00433	0.00352	0.02687
4	0.09578	0.01242	0.05201	0.10174	0.19639	0.08017	0.29313	0.01487	0.03741	0.01548	0.04811	0.01276	0.00887	0.00460	0.00483	0.00149	0.00641	0.00465	0.00260	0.00626
5	0.01151	0.01009	0.01638	0.04108	0.59374	0.01012	0.01227	0.05185	0.01167	0.04410	0.11169	0.01504	0.01253	0.00508	0.00475	0.00141	0.00500	0.00478	0.02993	0.00698
6	0.00605	0.00476	0.00546	0.00537	0.00668	0.00417	0.00400	0.00766	0.01175	0.01532	0.36718	0.08527	0.43728	0.01112	0.00559	0.00156	0.00234	0.00954	0.00472	0.00417
7	0.01223	0.01119	0.01089	0.00981	0.01246	0.08087	0.00760	0.02452	0.72900	0.01902	0.01817	0.01681	0.01368	0.00626	0.00475	0.00157	0.00414	0.00513	0.00459	0.00729
8	0.00603	0.00423	0.00539	0.00619	0.00640	0.00402	0.00398	0.00664	0.00846	0.01128	0.02308	0.62235	0.02752	0.22864	0.01071	0.00261	0.00321	0.01170	0.00398	0.00358
9	0.01383	0.01551	0.01636	0.09269	0.41644	0.33656	0.01218	0.01602	0.01168	0.01354	0.00819	0.01047	0.00680	0.00451	0.00450	0.00134	0.00684	0.00373	0.00235	0.00646
10	0.00671	0.00485	0.00654	0.00754	0.00834	0.00468	0.00601	0.00826	0.01012	0.01318	0.02710	0.36280	0.08755	0.01364	0.00624	0.00202	0.00355	0.41239	0.00436	0.00411
11	0.00579	0.00414	0.00551	0.00653	0.00685	0.00386	0.00438	0.00668	0.00924	0.01237	0.06422	0.79202	0.03184	0.01452	0.00600	0.00189	0.00271	0.01316	0.00442	0.00386
12	0.01040	0.00995	0.01660	0.35220	0.40544	0.01125	0.01347	0.01315	0.00983	0.01360	0.00839	0.01190	0.00685	0.00484	0.00582	0.00154	0.09207	0.00419	0.00221	0.00631
13	0.11161	0.03726	0.09412	0.01553	0.08966	0.01111	0.34108	0.07159	0.01171	0.13340	0.01080	0.01304	0.00803	0.00471	0.00484	0.00151	0.00619	0.02400	0.00312	0.00668
14	0.00806	0.00414	0.00604	0.00604	0.00604	0.00414	0.00397	0.00621	0.00621	0.00828	0.00885	0.01596	0.00907	0.09705	0.01898	0.77817	0.00414	0.00437	0.00213	0.00213
15	0.01101	0.01521	0.24894	0.01418	0.01882	0.01164	0.27104	0.03692	0.28695	0.01702	0.01266	0.01359	0.00937	0.00501	0.00496	0.00156	0.00612	0.00485	0.00317	0.00696
16	0.01208	0.04612	0.08126	0.09186	0.04437	0.13329	0.13746	0.03145	0.05479	0.10764	0.06764	0.07992	0.05563	0.00654	0.00496	0.00151	0.00564	0.02846	0.00341	0.00597
17	0.01224	0.24308	0.20154	0.01384	0.05416	0.06134	0.21248	0.10316	0.01177	0.01537	0.00881	0.02528	0.00707	0.00456	0.00441	0.00136	0.00644	0.00403	0.00250	0.00655
18	0.00582	0.00420	0.00553	0.00657	0.00695	0.00391	0.00448	0.00672	0.00920	0.01217	0.02708	0.75417	0.07151	0.01454	0.00602	0.00191	0.00279	0.04818	0.00438	0.00386
19	0.12737	0.01263	0.16380	0.04886	0.01606	0.02145	0.14691	0.03107	0.21758	0.05827	0.04864	0.01612	0.03666	0.00571	0.00471	0.00155	0.00521	0.02750	0.00347	0.00643
20	0.01304	0.03886	0.14009	0.01518	0.12903	0.07240	0.17242	0.06675	0.19041	0.09543	0.01222	0.01302	0.00905	0.00499	0.00478	0.00148	0.00590	0.00455	0.00335	0.00705
21	0.01117	0.20059	0.13455	0.00892	0.01225	0.02029	0.02630	0.02879	0.10091	0.09467	0.03353	0.10635	0.01322	0.08004	0.00616	0.00166	0.00466	0.03246	0.00335	0.08013
22	0.01248	0.03774	0.08993	0.04970	0.10629	0.25262	0.02053	0.01529	0.04718	0.01410	0.00858	0.01010	0.00695	0.00429	0.00409	0.00112	0.00583	0.00331	0.00259	0.30730
23	0.00649	0.00473	0.00610	0.00592	0.00697	0.00434	0.00438	0.00848	0.01267	0.01768	0.66002	0.12801	0.09578	0.01039	0.00561	0.00154	0.00229	0.00919	0.00504	0.00434

[dist]
# distance from previous block
# <min> <max>
0	1

[block]
# block no. 4 follows, 54 sequences, length 21
# corresponding to MSA columns:
# 554-574
name=unknown_E
#
# <colnr> <probs for GDERKNQSTAVLIFYWHMCP>
#	G	D	E	R	K	N	Q	S	T	A	V	L	I	F	Y	W	H	M	C	P
0	0.01458	0.01237	0.01416	0.01178	0.04449	0.07521	0.04552	0.40875	0.01590	0.02141	0.00976	0.01132	0.00763	0.00757	0.05724	0.00184	0.14751	0.00411	0.00357	0.08530
1	0.00709	0.00513	0.00619	0.00585	0.00735	0.00447	0.00437	0.00878	0.01168	0.05113	0.36462	0.14392	0.27479	0.01041	0.00543	0.00151	0.00252	0.00902	0.00467	0.07106
2	0.01196	0.37073	0.19819	0.01201	0.08175	0.05850	0.02526	0.03255	0.01007	0.03161	0.00783	0.00953	0.00655	0.00573	0.03104	0.00152	0.09334	0.00331	0.00224	0.00629
3	0.11038	0.00717	0.00777	0.00687	0.00916	0.00720	0.00538	0.03903	0.16966	0.12117	0.17633	0.02740	0.25149	0.00824	0.00490	0.00151	0.00311	0.00680	0.00460	0.03184
4	0.00591	0.00477	0.00526	0.00518	0.00659	0.00412	0.00387	0.00740	0.01148	0.01458	0.27464	0.06500	0.55203	0.01133	0.00558	0.00157	0.00235	0.00962	0.00462	0.00412
5	0.00923	0.00872	0.01474	0.72856	0.12431	0.01056	0.01326	0.01234	0.00958	0.01245	0.00844	0.01246	0.00643	0.00465	0.00471	0.00155	0.00620	0.00419	0.00212	0.00550
6	0.01454	0.01648	0.01626	0.01864	0.30743	0.38354	0.06199	0.03622	0.07303	0.01428	0.00904	0.01072	0.00735	0.00470	0.00455	0.00134	0.00694	0.00384	0.00263	0.00648
7	0.00674	0.00499	0.00603	0.00575	0.00704	0.00455	0.00430	0.00889	0.03382	0.03097	0.51864	0.05819	0.25626	0.02577	0.00589	0.00159	0.00240	0.00887	0.00490	0.00442
8	0.00711	0.00483	0.00494	0.00488	0.00629	0.00446	0.00367	0.00921	0.04002	0.01525	0.08052	0.03298	0.42160	0.00910	0.00466	0.00140	0.00235	0.00755	0.33486	0.00430
9	0.01079	0.01139	0.02071	0.09322	0.24263	0.05348	0.36490	0.01383	0.01073	0.01436	0.01108	0.10950	0.00996	0.00544	0.00522	0.00155	0.00655	0.00585	0.00258	0.00622
10	0.02115	0.00802	0.01094	0.00839	0.01204	0.00693	0.00693	0.02298	0.01350	0.80815	0.01860	0.01605	0.01167	0.00584	0.00474	0.00146	0.00401	0.00474	0.00584	0.00802
11	0.00672	0.00452	0.00518	0.00531	0.00534	0.00448	0.00304	0.00682	0.00711	0.00949	0.01618	0.12601	0.01881	0.73686	0.02186	0.00426	0.00435	0.00764	0.00304	0.00297
12	0.04660	0.01987	0.01333	0.01164	0.01440	0.60275	0.00894	0.19686	0.01522	0.01607	0.00820	0.00913	0.00649	0.00503	0.00431	0.00127	0.00757	0.00330	0.00298	0.00604
13	0.01792	0.01321	0.01415	0.01085	0.01462	0.01462	0.00896	0.78916	0.02217	0.02972	0.01132	0.01132	0.00802	0.00566	0.00472	0.00142	0.00519	0.00425	0.00472	0.00802
14	0.01947	0.00815	0.01073	0.00844	0.01187	0.00740	0.00690	0.02268	0.10657	0.68381	0.04906	0.01698	0.01327	0.00605	0.00478	0.00148	0.00391	0.00496	0.00569	0.00782
15	0.00571	0.00423	0.00535	0.00624	0.00675	0.00386	0.00423	0.00660	0.00934	0.01216	0.02993	0.68884	0.17102	0.01426	0.00594	0.00186	0.00267	0.01278	0.00438	0.00386
16	0.01158	0.00620	0.02041	0.04366	0.00994	0.00579	0.00584	0.01317	0.01046	0.27519	0.07873	0.16019	0.03106	0.10051	0.15005	0.00293	0.00524	0.00683	0.05685	0.00537
17	0.01496	0.01173	0.01248	0.01025	0.01349	0.01324	0.00824	0.42357	0.39259	0.02494	0.01509	0.01432	0.01107	0.00601	0.00476	0.00150	0.00449	0.00476	0.00476	0.00775
18	0.00599	0.00471	0.00541	0.00540	0.00667	0.00413	0.00399	0.00751	0.01148	0.01487	0.31651	0.13516	0.43849	0.01145	0.00562	0.00159	0.00237	0.00985	0.00467	0.00413
19	0.01574	0.01132	0.01232	0.01004	0.01334	0.01251	0.00810	0.38151	0.34187	0.11813	0.01545	0.01448	0.01109	0.00599	0.00475	0.00150	0.00445	0.00475	0.00488	0.00779
20	0.49994	0.00910	0.00881	0.00721	0.01051	0.00956	0.00593	0.07840	0.01073	0.22247	0.01020	0.01030	0.00720	0.00477	0.00358	0.00138	0.00385	0.00327	0.00380	0.08900

[dist]
# distance from previous block
# <min> <max>
3	39

[block]
# block no. 5 follows, 54 sequences, length 39
# corresponding to MSA columns:
# 614-652
name=unknown_F
#
# <colnr> <probs for GDERKNQSTAVLIFYWHMCP>
#	G	D	E	R	K	N	Q	S	T	A	V	L	I	F	Y	W	H	M	C	P
0	0.01273	0.01114	0.01032	0.00907	0.01128	0.21329	0.02971	0.09722	0.06130	0.10947	0.23395	0.06209	0.06439	0.00774	0.00507	0.00148	0.00475	0.04505	0.00428	0.00568
1	0.01226	0.00798	0.02278	0.02893	0.01146	0.00718	0.04297	0.05862	0.06196	0.24086	0.02518	0.02415	0.27221	0.00745	0.00513	0.00142	0.02423	0.00617	0.00435	0.13470
2	0.11915	0.00902	0.01070	0.00966	0.07796	0.00858	0.00703	0.08066	0.10437	0.17717	0.01279	0.04627	0.01004	0.00529	0.00418	0.00125	0.00395	0.01777	0.00387	0.29028
3	0.04757	0.01074	0.11715	0.00935	0.01335	0.00821	0.05348	0.05795	0.02283	0.29857	0.06650	0.01406	0.01116	0.00520	0.00466	0.00129	0.02290	0.00426	0.00403	0.22673
4	0.00679	0.00485	0.00654	0.00654	0.00703	0.00533	0.00460	0.00776	0.00727	0.01018	0.01358	0.02376	0.01406	0.37461	0.47947	0.00630	0.00921	0.00582	0.00267	0.00364
5	0.01040	0.00997	0.01681	0.24433	0.48479	0.01060	0.03587	0.01315	0.01027	0.01414	0.01154	0.01439	0.06586	0.00504	0.00513	0.00149	0.03266	0.00466	0.00241	0.00649
6	0.00767	0.00505	0.00657	0.00606	0.00738	0.00461	0.00459	0.00982	0.01325	0.07565	0.71371	0.03427	0.07435	0.00946	0.00550	0.00149	0.00236	0.00831	0.00520	0.00469
7	0.00887	0.01315	0.29715	0.01156	0.07093	0.00811	0.07468	0.02627	0.01192	0.03190	0.36639	0.02182	0.02367	0.00679	0.00508	0.00149	0.00473	0.00602	0.00361	0.00586
8	0.86760	0.00912	0.00693	0.00620	0.00912	0.01058	0.00511	0.01386	0.00802	0.02115	0.00657	0.00766	0.00511	0.00438	0.00292	0.00146	0.00365	0.00255	0.00292	0.00511
9	0.01904	0.01093	0.01270	0.00973	0.01346	0.01121	0.00803	0.45113	0.01824	0.35117	0.01425	0.01323	0.00950	0.00567	0.00469	0.00141	0.00466	0.00441	0.00513	0.03140
10	0.11127	0.00831	0.01062	0.00824	0.01181	0.00757	0.00680	0.04694	0.01319	0.69893	0.01708	0.01500	0.01085	0.00567	0.00455	0.00146	0.00401	0.00449	0.00549	0.00771
11	0.01152	0.00647	0.00801	0.00730	0.00937	0.00609	0.00575	0.03313	0.09112	0.25248	0.10889	0.15189	0.18740	0.00970	0.00539	0.00165	0.00332	0.08987	0.00495	0.00571
12	0.00686	0.00457	0.00514	0.00514	0.00514	0.00457	0.00286	0.00686	0.00686	0.00914	0.01486	0.03086	0.01714	0.83430	0.02400	0.00457	0.00457	0.00686	0.00286	0.00286
13	0.01761	0.02247	0.01336	0.01215	0.01458	0.81537	0.00911	0.01883	0.01336	0.01154	0.00729	0.00850	0.00607	0.00486	0.00425	0.00121	0.00850	0.00304	0.00243	0.00547
14	0.79257	0.00915	0.00736	0.00645	0.00944	0.01044	0.00532	0.03353	0.00872	0.07167	0.00745	0.00829	0.00560	0.00450	0.00308	0.00146	0.00371	0.00273	0.00315	0.00536
15	0.00625	0.00480	0.00572	0.00549	0.00679	0.00427	0.00412	0.00808	0.01235	0.01655	0.51360	0.03911	0.33476	0.01052	0.00557	0.00152	0.00229	0.00907	0.00488	0.00427
16	0.00607	0.00480	0.00547	0.00530	0.00667	0.00419	0.00397	0.00773	0.01192	0.01553	0.38925	0.04078	0.45974	0.01090	0.00557	0.00154	0.00231	0.00931	0.00475	0.00419
17	0.01113	0.01272	0.02782	0.01987	0.02464	0.01192	0.78776	0.01510	0.01113	0.01510	0.00954	0.01272	0.00715	0.00397	0.00556	0.00159	0.00795	0.00556	0.00238	0.00636
18	0.00777	0.00559	0.00686	0.00727	0.00824	0.00567	0.00515	0.01134	0.17663	0.05079	0.05448	0.58963	0.02723	0.01238	0.00568	0.00181	0.00299	0.01110	0.00457	0.00482
19	0.00879	0.00439	0.00439	0.00439	0.00549	0.00439	0.00330	0.01099	0.00989	0.01758	0.01538	0.01758	0.01209	0.00549	0.00330	0.00110	0.00220	0.00439	0.86047	0.00439
20	0.00667	0.00482	0.00630	0.00593	0.00704	0.00445	0.00445	0.00890	0.01335	0.01891	0.80239	0.03522	0.04449	0.00964	0.00556	0.00148	0.00222	0.00853	0.00519	0.00445
21	0.00576	0.00418	0.00545	0.00641	0.00681	0.00386	0.00432	0.00666	0.00930	0.01232	0.05339	0.74648	0.08889	0.01439	0.00597	0.00188	0.00269	0.01299	0.00440	0.00386
22	0.00953	0.00917	0.01294	0.01133	0.01151	0.01258	0.00935	0.01071	0.00730	0.01126	0.00759	0.01211	0.00741	0.01417	0.19011	0.00327	0.64822	0.00433	0.00216	0.00495
23	0.00573	0.00415	0.00543	0.00645	0.00681	0.00384	0.00433	0.00658	0.00913	0.01208	0.02735	0.78209	0.07944	0.01459	0.00599	0.00189	0.00271	0.01319	0.00438	0.00384
24	0.26124	0.01246	0.12020	0.04533	0.01845	0.01102	0.35793	0.01410	0.00989	0.01667	0.03873	0.01177	0.00786	0.00518	0.02128	0.00167	0.03333	0.00442	0.00258	0.00587
25	0.01144	0.01015	0.01117	0.02912	0.05264	0.06612	0.00690	0.10990	0.01163	0.01681	0.00869	0.01004	0.00705	0.00393	0.00379	0.00088	0.00424	0.00310	0.00297	0.62943
26	0.02115	0.00802	0.01094	0.00839	0.01204	0.00693	0.00693	0.02298	0.01350	0.80815	0.01860	0.01605	0.01167	0.00584	0.00474	0.00146	0.00401	0.00474	0.00584	0.00802
27	0.00599	0.00471	0.00541	0.00540	0.00667	0.00413	0.00399	0.00751	0.01149	0.01489	0.31787	0.13257	0.43972	0.01144	0.00562	0.00159	0.00237	0.00984	0.00467	0.00413
28	0.00782	0.00668	0.01013	0.25789	0.13854	0.00708	0.00835	0.00952	0.00958	0.01246	0.03369	0.18294	0.18849	0.03669	0.00680	0.06369	0.00433	0.00744	0.00316	0.00471
29	0.01244	0.01093	0.01490	0.40909	0.09502	0.05415	0.04403	0.24812	0.01370	0.01794	0.00947	0.01202	0.00708	0.00495	0.00469	0.00148	0.00598	0.00421	0.02350	0.00632
30	0.00656	0.00481	0.00638	0.00640	0.00714	0.00500	0.00463	0.00787	0.00889	0.01226	0.16044	0.08720	0.09958	0.19940	0.35690	0.00481	0.00725	0.00718	0.00340	0.00391
31	0.00574	0.00410	0.00547	0.00657	0.00684	0.00383	0.00438	0.00657	0.00903	0.01204	0.02599	0.83122	0.03119	0.01477	0.00602	0.00191	0.00274	0.01340	0.00438	0.00383
32	0.58379	0.00952	0.00943	0.06848	0.09049	0.02466	0.00705	0.04750	0.00959	0.08440	0.00846	0.01011	0.00651	0.00472	0.00354	0.00147	0.00423	0.01721	0.00313	0.00571
33	0.00603	0.00447	0.00564	0.00610	0.00688	0.00408	0.00433	0.00737	0.01067	0.01426	0.26084	0.43109	0.17717	0.01268	0.00581	0.00173	0.00256	0.02960	0.00462	0.00405
34	0.01416	0.03232	0.01421	0.08411	0.18113	0.19339	0.00999	0.14521	0.14093	0.06375	0.04193	0.01298	0.00989	0.00542	0.00493	0.00142	0.02980	0.00429	0.00343	0.00673
35	0.14945	0.11666	0.17773	0.00924	0.01356	0.03125	0.03168	0.09217	0.01115	0.04296	0.04030	0.01063	0.00810	0.00450	0.00387	0.00119	0.00483	0.00339	0.00292	0.24444
36	0.03144	0.01366	0.01567	0.15818	0.32848	0.22963	0.02564	0.07102	0.01191	0.01493	0.00866	0.01104	0.00700	0.00469	0.00469	0.00139	0.02073	0.00388	0.03100	0.00637
37	0.01447	0.01096	0.01453	0.20459	0.13253	0.01205	0.02841	0.32755	0.09015	0.09957	0.01171	0.01276	0.00848	0.00528	0.00474	0.00148	0.00531	0.00441	0.00382	0.00719
38	0.07710	0.01398	0.01641	0.01280	0.01638	0.17637	0.20988	0.24119	0.09342	0.07929	0.01103	0.01183	0.00810	0.00505	0.00472	0.00144	0.00623	0.00436	0.00361	0.00680

[dist]
# distance from previous block
# <min> <max>
0	1

[block]
# block no. 6 follows, 54 sequences, length 71
# corresponding to MSA columns:
# 654-724
name=unknown_G
#
# <colnr> <probs for GDERKNQSTAVLIFYWHMCP>
#	G	D	E	R	K	N	Q	S	T	A	V	L	I	F	Y	W	H	M	C	P
0	0.00976	0.00846	0.01347	0.04543	0.43354	0.00847	0.01030	0.01238	0.04794	0.03664	0.02605	0.27596	0.02570	0.00803	0.00516	0.00160	0.00447	0.01724	0.00328	0.00612
1	0.03998	0.32277	0.06740	0.00896	0.01303	0.03466	0.05392	0.01422	0.04137	0.03813	0.00837	0.00954	0.00691	0.00416	0.00388	0.00105	0.02468	0.00309	0.00258	0.30130
2	0.00607	0.00456	0.00573	0.00634	0.00714	0.00409	0.00444	0.00716	0.00965	0.01278	0.06862	0.58141	0.15832	0.01330	0.00579	0.00178	0.00276	0.04093	0.00432	0.05480
3	0.01081	0.01079	0.01733	0.04419	0.28475	0.01297	0.08688	0.01280	0.00887	0.01312	0.00750	0.01108	0.00672	0.00635	0.01049	0.00178	0.44104	0.00429	0.00219	0.00607
4	0.01280	0.01344	0.01774	0.05573	0.61085	0.17863	0.01330	0.01529	0.01123	0.01447	0.00852	0.01104	0.00713	0.00436	0.00458	0.00137	0.00623	0.00396	0.00234	0.00697
5	0.01059	0.21525	0.01315	0.00847	0.01025	0.07623	0.00704	0.01326	0.08881	0.01371	0.04735	0.09740	0.01254	0.00781	0.03189	0.00164	0.17091	0.00499	0.16341	0.00530
6	0.01110	0.01056	0.01794	0.15012	0.66143	0.01089	0.01390	0.01386	0.01041	0.01469	0.00898	0.01240	0.00759	0.03007	0.00528	0.00153	0.00567	0.00428	0.00231	0.00698
7	0.01086	0.01052	0.01723	0.30694	0.51252	0.03281	0.01384	0.01374	0.01035	0.01412	0.00865	0.01190	0.00702	0.00440	0.00467	0.00146	0.00592	0.00417	0.00225	0.00663
8	0.00756	0.00432	0.00567	0.00567	0.00567	0.00432	0.00351	0.00648	0.00648	0.00864	0.01132	0.02209	0.01239	0.40025	0.02104	0.46002	0.00432	0.00539	0.00243	0.00243
9	0.01284	0.01067	0.01188	0.01258	0.15780	0.11212	0.00830	0.12246	0.15230	0.09515	0.17927	0.05976	0.01798	0.00671	0.00489	0.00145	0.00454	0.00567	0.00416	0.01946
10	0.01161	0.01114	0.01903	0.04620	0.78809	0.01119	0.01444	0.01442	0.01071	0.01533	0.00886	0.01169	0.00744	0.00421	0.00467	0.00140	0.00562	0.00420	0.00233	0.00742
11	0.00635	0.00477	0.00590	0.00585	0.00699	0.00432	0.00439	0.00817	0.01212	0.01640	0.49265	0.12189	0.23160	0.01093	0.00566	0.00159	0.00243	0.04889	0.00486	0.00426
12	0.00981	0.00938	0.01616	0.55727	0.25936	0.01075	0.04450	0.01288	0.00988	0.01316	0.00857	0.01231	0.00667	0.00453	0.00473	0.00152	0.00615	0.00425	0.00218	0.00594
13	0.35784	0.01177	0.01041	0.00872	0.01176	0.13013	0.00705	0.16598	0.04787	0.16502	0.01035	0.01055	0.00746	0.00517	0.00427	0.00144	0.03053	0.00353	0.00378	0.00636
14	0.00941	0.00563	0.00599	0.00539	0.00704	0.00549	0.00415	0.08101	0.01135	0.01844	0.09188	0.01883	0.03863	0.00592	0.00373	0.00114	0.00260	0.00480	0.59099	0.08758
15	0.00592	0.00425	0.00565	0.00671	0.00711	0.00399	0.00466	0.00688	0.00926	0.01226	0.02657	0.73172	0.05477	0.01452	0.00605	0.00193	0.00288	0.08661	0.00437	0.00388
16	0.00966	0.00915	0.01551	0.60574	0.24378	0.01067	0.01347	0.01271	0.00979	0.01297	0.00851	0.01232	0.00661	0.00457	0.00470	0.00152	0.00610	0.00419	0.00216	0.00585
17	0.06156	0.00828	0.00953	0.00850	0.01059	0.00927	0.00674	0.18306	0.19569	0.03069	0.05560	0.01942	0.03563	0.04146	0.26786	0.00359	0.00686	0.03590	0.00388	0.00588
18	0.00674	0.00505	0.00758	0.00758	0.00842	0.00589	0.00589	0.00842	0.00758	0.01095	0.01263	0.01852	0.01179	0.03536	0.81561	0.00758	0.01263	0.00505	0.00253	0.00421
19	0.00599	0.00424	0.00551	0.00631	0.00662	0.00399	0.00417	0.00683	0.00914	0.01229	0.09935	0.64237	0.03050	0.12899	0.00849	0.00225	0.00294	0.01202	0.00424	0.00375
20	0.05628	0.00840	0.00889	0.00804	0.01032	0.00921	0.00622	0.05773	0.43750	0.03715	0.10086	0.05025	0.15489	0.02643	0.00537	0.00164	0.00341	0.00654	0.00463	0.00625
21	0.01261	0.83713	0.02471	0.00807	0.01210	0.01866	0.00807	0.01412	0.00958	0.01109	0.00656	0.00756	0.00605	0.00403	0.00303	0.00101	0.00504	0.00252	0.00202	0.00605
22	0.00580	0.00419	0.00550	0.00653	0.00691	0.00389	0.00444	0.00668	0.00919	0.01215	0.02724	0.75919	0.07677	0.01455	0.00601	0.00190	0.00277	0.03808	0.00438	0.00386
23	0.00942	0.00812	0.00846	0.00779	0.01005	0.00882	0.00601	0.01820	0.50181	0.01710	0.02990	0.02801	0.31006	0.00848	0.00509	0.00160	0.00323	0.00706	0.00464	0.00616
24	0.01274	0.01426	0.01481	0.31931	0.16905	0.30914	0.01169	0.01497	0.01098	0.01244	0.00792	0.01074	0.00642	0.00491	0.00526	0.00144	0.06216	0.00376	0.00226	0.00573
25	0.00573	0.00417	0.00540	0.00639	0.00679	0.00384	0.00430	0.00658	0.00919	0.01210	0.02809	0.75538	0.10566	0.01450	0.00598	0.00188	0.00270	0.01307	0.00438	0.00384
26	0.00600	0.00442	0.00562	0.00612	0.00683	0.00404	0.00428	0.00729	0.01057	0.01420	0.26195	0.47884	0.14683	0.01282	0.00582	0.00174	0.00253	0.01144	0.00462	0.00404
27	0.00963	0.06898	0.76679	0.01314	0.01995	0.01137	0.01691	0.01489	0.00993	0.01472	0.00836	0.00982	0.00598	0.00446	0.00440	0.00147	0.00686	0.00343	0.00199	0.00692
28	0.01461	0.01755	0.01958	0.01538	0.01887	0.41566	0.34712	0.04103	0.03831	0.01391	0.00878	0.01072	0.00687	0.00455	0.00485	0.00140	0.00800	0.00425	0.00256	0.00600
29	0.00659	0.00482	0.00619	0.00585	0.00700	0.00441	0.00439	0.00874	0.01316	0.01846	0.74765	0.03596	0.09951	0.00981	0.00556	0.00149	0.00224	0.00863	0.00513	0.00441
30	0.01770	0.01272	0.01375	0.01063	0.01433	0.01401	0.00875	0.69779	0.07164	0.07183	0.01223	0.01198	0.00863	0.00572	0.00472	0.00143	0.00503	0.00434	0.00478	0.00798
31	0.04392	0.01308	0.01393	0.01071	0.01445	0.01450	0.00884	0.76544	0.02174	0.02945	0.01117	0.01121	0.00793	0.00562	0.00466	0.00142	0.00514	0.00419	0.00466	0.00793
32	0.01518	0.01135	0.01166	0.00925	0.01273	0.09415	0.00742	0.24141	0.13284	0.16038	0.03464	0.01309	0.01018	0.00529	0.00440	0.00125	0.00460	0.00413	0.00422	0.22184
33	0.01439	0.09653	0.01486	0.01184	0.01351	0.43822	0.00946	0.01557	0.01069	0.01142	0.00681	0.00909	0.00611	0.00605	0.00834	0.00151	0.31452	0.00340	0.00225	0.00541
34	0.00564	0.00478	0.00487	0.00484	0.00641	0.00401	0.00363	0.00689	0.01090	0.01310	0.09246	0.04478	0.75804	0.01180	0.00557	0.00159	0.00238	0.00987	0.00443	0.00401
35	0.00638	0.00456	0.00620	0.00729	0.00784	0.00438	0.00548	0.00766	0.00965	0.01274	0.02564	0.56560	0.02980	0.01418	0.00619	0.00200	0.00328	0.27278	0.00436	0.00400
36	0.13646	0.01180	0.01110	0.00947	0.01225	0.11103	0.00756	0.32409	0.14081	0.02206	0.05990	0.06790	0.01301	0.00670	0.00464	0.00150	0.00477	0.04426	0.00418	0.00653
37	0.00662	0.00482	0.00622	0.00587	0.00701	0.00442	0.00440	0.00879	0.01321	0.01859	0.76342	0.03574	0.08367	0.00976	0.00556	0.00149	0.00223	0.00860	0.00515	0.00442
38	0.00578	0.00421	0.00546	0.00645	0.00687	0.00389	0.00439	0.00667	0.00925	0.01216	0.02808	0.73315	0.10614	0.01445	0.00599	0.00189	0.00275	0.03420	0.00438	0.00386
39	0.00574	0.00410	0.00547	0.00657	0.00684	0.00383	0.00438	0.00657	0.00903	0.01204	0.02599	0.83122	0.03119	0.01477	0.00602	0.00191	0.00274	0.01340	0.00438	0.00383
40	0.01167	0.01120	0.01914	0.02894	0.80488	0.01120	0.01447	0.01447	0.01074	0.01540	0.00887	0.01167	0.00747	0.00420	0.00467	0.00140	0.00560	0.00420	0.00233	0.00747
41	0.01032	0.01032	0.01444	0.01238	0.01238	0.01444	0.01032	0.01135	0.00722	0.01135	0.00619	0.01032	0.00619	0.00825	0.01547	0.00206	0.82567	0.00413	0.00206	0.00516
42	0.00573	0.00414	0.00543	0.00646	0.00681	0.00384	0.00433	0.00658	0.00913	0.01208	0.02728	0.78467	0.07690	0.01460	0.00599	0.00190	0.00271	0.01320	0.00438	0.00384
43	0.01032	0.01032	0.01444	0.01238	0.01238	0.01444	0.01032	0.01135	0.00722	0.01135	0.00619	0.01032	0.00619	0.00825	0.01547	0.00206	0.82567	0.00413	0.00206	0.00516
44	0.01108	0.01308	0.05212	0.01967	0.02451	0.01189	0.76382	0.01510	0.01109	0.01510	0.00951	0.01263	0.00712	0.00399	0.00553	0.00159	0.00792	0.00550	0.00237	0.00638
45	0.00770	0.00551	0.00679	0.00710	0.00804	0.00549	0.00555	0.05456	0.01015	0.01316	0.02362	0.04208	0.12184	0.29283	0.01226	0.00287	0.00422	0.36836	0.00386	0.00401
46	0.01749	0.00933	0.01120	0.00880	0.01210	0.00924	0.00719	0.27902	0.03753	0.40101	0.09353	0.01808	0.06055	0.00652	0.00486	0.00146	0.00413	0.00526	0.00528	0.00742
47	0.25659	0.01065	0.01059	0.00852	0.01178	0.03182	0.00690	0.31231	0.06482	0.03874	0.02126	0.01097	0.00800	0.00559	0.00472	0.04509	0.00436	0.00364	0.00375	0.13990
48	0.00727	0.00520	0.00639	0.00672	0.00809	0.00479	0.00550	0.00894	0.01093	0.04926	0.08310	0.04623	0.35109	0.04490	0.00668	0.00195	0.00339	0.34086	0.00442	0.00430
49	0.00638	0.00470	0.00590	0.00615	0.00696	0.00442	0.00434	0.00819	0.03917	0.01491	0.33421	0.35754	0.11145	0.06503	0.00691	0.00187	0.00265	0.01042	0.00462	0.00416
50	0.01107	0.00642	0.00800	0.00699	0.00899	0.00608	0.00544	0.06331	0.06216	0.21066	0.38896	0.07610	0.10885	0.00879	0.00529	0.00152	0.00299	0.00756	0.00516	0.00565
51	0.05682	0.00785	0.00908	0.04842	0.01111	0.00741	0.00597	0.11876	0.01202	0.15505	0.01248	0.01337	0.00928	0.00488	0.00385	0.00113	0.00358	0.00385	0.25278	0.26230
52	0.00680	0.00475	0.00604	0.00601	0.00639	0.00499	0.00399	0.00756	0.00772	0.01067	0.09013	0.02728	0.01805	0.49611	0.27845	0.00525	0.00695	0.00643	0.00297	0.00345
53	0.01309	0.01122	0.01503	0.03044	0.03468	0.01209	0.14554	0.25351	0.26214	0.02077	0.01336	0.01480	0.01030	0.00573	0.00534	0.00150	0.04189	0.03017	0.00393	0.07445
54	0.09818	0.01145	0.01163	0.00955	0.01247	0.10126	0.00769	0.24120	0.09734	0.18413	0.04549	0.03251	0.01082	0.00605	0.00537	0.00146	0.07003	0.00448	0.00424	0.04465
55	0.00716	0.00474	0.00573	0.00604	0.00716	0.00419	0.00431	0.00823	0.01013	0.08914	0.03378	0.44578	0.33058	0.01280	0.00572	0.00174	0.00272	0.01122	0.00452	0.00429
56	0.28922	0.00984	0.00959	0.00848	0.01122	0.01126	0.00671	0.11746	0.39613	0.02100	0.01451	0.06177	0.01157	0.00615	0.00425	0.00155	0.00383	0.00477	0.00415	0.00656
57	0.01161	0.01114	0.01903	0.04612	0.78817	0.01119	0.01444	0.01442	0.01071	0.01533	0.00886	0.01169	0.00744	0.00421	0.00467	0.00140	0.00562	0.00420	0.00233	0.00742
58	0.01072	0.00909	0.01013	0.00797	0.01155	0.00845	0.00632	0.06002	0.26716	0.01750	0.01353	0.01373	0.03880	0.00487	0.00406	0.00107	0.00363	0.00397	0.00361	0.50383
59	0.00585	0.00479	0.00517	0.00507	0.00654	0.00410	0.00380	0.00731	0.01141	0.01431	0.24022	0.04279	0.60954	0.01135	0.00557	0.00156	0.00235	0.00959	0.00459	0.00410
60	0.00574	0.00410	0.00547	0.00657	0.00684	0.00383	0.00438	0.00657	0.00903	0.01204	0.02599	0.83122	0.03119	0.01477	0.00602	0.00191	0.00274	0.01340	0.00438	0.00383
61	0.01167	0.01120	0.01914	0.02894	0.80488	0.01120	0.01447	0.01447	0.01074	0.01540	0.00887	0.01167	0.00747	0.00420	0.00467	0.00140	0.00560	0.00420	0.00233	0.00747
62	0.00890	0.00838	0.01414	0.82296	0.03247	0.01048	0.01309	0.01205	0.00943	0.01205	0.00838	0.01257	0.00629	0.00471	0.00471	0.00157	0.00629	0.00419	0.00210	0.00524
63	0.00584	0.00417	0.00558	0.00667	0.00699	0.00391	0.00454	0.00673	0.00912	0.01214	0.02594	0.79169	0.03098	0.01468	0.00604	0.00193	0.00282	0.05201	0.00438	0.00386
64	0.00585	0.00479	0.00516	0.00506	0.00654	0.00410	0.00380	0.00730	0.01139	0.01427	0.23571	0.04285	0.61407	0.01137	0.00557	0.00156	0.00235	0.00960	0.00458	0.00410
65	0.12467	0.00676	0.00882	0.00756	0.00941	0.00685	0.05489	0.03028	0.01217	0.09454	0.45411	0.02665	0.07522	0.00816	0.00575	0.00153	0.05615	0.00687	0.00451	0.00511
66	0.00573	0.00440	0.00521	0.00581	0.00661	0.00392	0.00402	0.00671	0.00974	0.01239	0.05174	0.48086	0.33574	0.03633	0.00633	0.00185	0.00264	0.01175	0.00435	0.00388
67	0.00819	0.00410	0.00614	0.00614	0.00614	0.00410	0.00410	0.00614	0.00614	0.00819	0.00819	0.01433	0.00819	0.01638	0.01843	0.86282	0.00410	0.00410	0.00205	0.00205
68	0.05136	0.01141	0.01286	0.00989	0.01359	0.01203	0.00817	0.51704	0.01888	0.27581	0.01344	0.01268	0.00906	0.00567	0.00466	0.00143	0.00476	0.00434	0.00500	0.00791
69	0.01243	0.01034	0.01095	0.00967	0.01245	0.01187	0.00758	0.08786	0.71654	0.03681	0.01853	0.01704	0.01381	0.00632	0.00479	0.00158	0.00386	0.00523	0.00481	0.00752
70	0.44147	0.01025	0.00977	0.00800	0.01127	0.03732	0.00657	0.19677	0.01279	0.20884	0.01054	0.01052	0.00737	0.00504	0.00381	0.00144	0.00425	0.00348	0.00401	0.00649

[dist]
# distance from previous block
# <min> <max>
1	2

[block]
# block no. 7 follows, 54 sequences, length 18
# corresponding to MSA columns:
# 727-744
name=unknown_H
#
# <colnr> <probs for GDERKNQSTAVLIFYWHMCP>
#	G	D	E	R	K	N	Q	S	T	A	V	L	I	F	Y	W	H	M	C	P
0	0.00953	0.02389	0.77644	0.01371	0.02059	0.01099	0.05034	0.01494	0.01000	0.01494	0.00851	0.01007	0.00602	0.00446	0.00453	0.00150	0.00701	0.00357	0.00201	0.00694
1	0.01340	0.01079	0.01169	0.01038	0.03477	0.01222	0.00798	0.19697	0.57706	0.04500	0.01711	0.01597	0.01268	0.00615	0.00477	0.00155	0.00412	0.00504	0.00474	0.00760
2	0.00626	0.00480	0.00573	0.00549	0.00679	0.00427	0.00412	0.00809	0.01236	0.01657	0.51691	0.03906	0.33143	0.01051	0.00557	0.00152	0.00229	0.00907	0.00488	0.00427
3	0.00890	0.00838	0.01414	0.82296	0.03247	0.01048	0.01309	0.01205	0.00943	0.01205	0.00838	0.01257	0.00629	0.00471	0.00471	0.00157	0.00629	0.00419	0.00210	0.00524
