[name]
unknown

[dist]
# distance from previous block
# <min> <max>
0	3

[block]
# block no. 0 follows, 46 sequences, length 22
# corresponding to MSA columns:
# 3-24
name=unknown_A
#
# <colnr> <probs for GDERKNQSTAVLIFYWHMCP>
#	G	D	E	R	K	N	Q	S	T	A	V	L	I	F	Y	W	H	M	C	P
0	0.00915	0.00656	0.00892	0.00987	0.01125	0.00665	0.00860	0.05217	0.01286	0.01678	0.02715	0.05706	0.02925	0.01415	0.00719	0.00239	0.00492	0.70507	0.00489	0.00509
1	0.06491	0.01420	0.01502	0.01173	0.01578	0.01581	0.00964	0.64613	0.10167	0.03163	0.01332	0.01320	0.00956	0.00635	0.00519	0.00161	0.00555	0.00478	0.00519	0.00875
2	0.44245	0.01159	0.01705	0.01297	0.01711	0.01195	0.28883	0.01724	0.01100	0.10879	0.01016	0.01179	0.00743	0.00493	0.00462	0.00169	0.00594	0.00441	0.00342	0.00663
3	0.01677	0.01896	0.01362	0.01233	0.01517	0.44146	0.00938	0.02426	0.35608	0.01707	0.01419	0.01413	0.01101	0.00623	0.00504	0.00156	0.00712	0.00456	0.00392	0.00714
4	0.00759	0.00609	0.00686	0.00658	0.00826	0.00573	0.00496	0.01104	0.10660	0.01794	0.33312	0.06212	0.38026	0.01169	0.00615	0.00175	0.00280	0.00999	0.00532	0.00514
5	0.01004	0.00926	0.01278	0.01118	0.01164	0.01200	0.00911	0.01170	0.01067	0.01589	0.29550	0.02201	0.02300	0.00983	0.01319	0.00207	0.50456	0.00647	0.00362	0.00549
6	0.53702	0.01663	0.29915	0.00999	0.01496	0.01202	0.01089	0.01599	0.00981	0.02111	0.00816	0.00955	0.00609	0.00495	0.00393	0.00165	0.00548	0.00325	0.00288	0.00651
7	0.00650	0.00473	0.00613	0.00712	0.00763	0.00436	0.00483	0.00757	0.01066	0.01412	0.08515	0.68178	0.10827	0.01584	0.00666	0.00208	0.00299	0.01426	0.00497	0.00436
8	0.01548	0.01248	0.01483	0.01207	0.01423	0.01502	0.00983	0.39576	0.01661	0.02296	0.01100	0.01479	0.00940	0.10041	0.01229	0.00227	0.30447	0.00505	0.00394	0.00712
9	0.00918	0.00459	0.00689	0.00689	0.00689	0.00459	0.00459	0.00689	0.00689	0.00918	0.00918	0.01607	0.00918	0.01837	0.02066	0.84619	0.00459	0.00459	0.00230	0.00230
10	0.00769	0.00513	0.00577	0.00577	0.00577	0.00513	0.00320	0.00769	0.00769	0.01025	0.01666	0.03460	0.01922	0.81421	0.02691	0.00513	0.00513	0.00769	0.00320	0.00320
11	0.01096	0.00940	0.01096	0.00783	0.01253	0.00705	0.00626	0.01331	0.01096	0.01723	0.00940	0.01096	0.00783	0.00392	0.00392	0.00078	0.00392	0.00313	0.00313	0.84653
12	0.01487	0.01674	0.01926	0.06046	0.26586	0.27906	0.10223	0.01725	0.01236	0.01481	0.00890	0.01181	0.00749	0.00571	0.00721	0.00166	0.14035	0.00443	0.00260	0.00690
13	0.00736	0.00529	0.00679	0.00693	0.00748	0.00552	0.00475	0.00830	0.00866	0.01174	0.02050	0.12023	0.08753	0.36026	0.30935	0.00574	0.00805	0.00809	0.00341	0.00401
14	0.01372	0.01083	0.01234	0.00924	0.01358	0.00989	0.00747	0.18892	0.06779	0.04920	0.01137	0.01225	0.00885	0.00493	0.00470	0.00111	0.02313	0.00382	0.00390	0.54296
15	0.01444	0.77358	0.02700	0.00930	0.01372	0.06361	0.00911	0.01612	0.01098	0.01247	0.00740	0.00854	0.00679	0.00457	0.00347	0.00114	0.00587	0.00286	0.00229	0.00675
16	0.01192	0.01138	0.01936	0.32009	0.50265	0.01226	0.01565	0.01521	0.01149	0.01586	0.00974	0.01346	0.00788	0.00493	0.00525	0.00164	0.00657	0.00471	0.00252	0.00744
17	0.00769	0.00513	0.00577	0.00577	0.00577	0.00513	0.00320	0.00769	0.00769	0.01025	0.01666	0.03460	0.01922	0.81421	0.02691	0.00513	0.00513	0.00769	0.00320	0.00320
18	0.00709	0.00510	0.00672	0.00692	0.00781	0.00473	0.00496	0.00900	0.01315	0.01832	0.49819	0.32796	0.04430	0.01296	0.00643	0.00184	0.00271	0.01161	0.00548	0.00473
19	0.01492	0.01192	0.01276	0.01093	0.01410	0.01345	0.00863	0.27897	0.44508	0.02517	0.01918	0.08995	0.01541	0.00775	0.00547	0.00175	0.00464	0.00639	0.00530	0.00821
20	0.01386	0.00641	0.00888	0.00793	0.00938	0.00616	0.00582	0.01411	0.06401	0.24483	0.01360	0.01691	0.01086	0.01399	0.01493	0.53032	0.00453	0.00491	0.00380	0.00476
21	0.54193	0.00976	0.00945	0.00787	0.01145	0.01033	0.00649	0.01936	0.01129	0.30841	0.01241	0.01211	0.00848	0.00552	0.00404	0.00164	0.00424	0.00378	0.00450	0.00695

[dist]
# distance from previous block
# <min> <max>
0	1

[block]
# block no. 1 follows, 46 sequences, length 10
# corresponding to MSA columns:
# 26-35
name=unknown_B
#
# <colnr> <probs for GDERKNQSTAVLIFYWHMCP>
#	G	D	E	R	K	N	Q	S	T	A	V	L	I	F	Y	W	H	M	C	P
0	0.01450	0.01441	0.02712	0.01959	0.02464	0.01417	0.56208	0.21547	0.01577	0.02129	0.01123	0.01384	0.00828	0.00496	0.00599	0.00173	0.00809	0.00585	0.00337	0.00762
1	0.01082	0.07597	0.74010	0.01470	0.02231	0.01281	0.01889	0.01669	0.01114	0.01648	0.00936	0.01100	0.00670	0.00499	0.00492	0.00164	0.00768	0.00384	0.00223	0.00775
2	0.00625	0.00536	0.00536	0.00536	0.00714	0.00446	0.00402	0.00759	0.01205	0.01428	0.05355	0.05088	0.77909	0.01339	0.00625	0.00179	0.00268	0.01116	0.00491	0.00446
3	0.01618	0.01826	0.01641	0.01730	0.17313	0.37806	0.01161	0.05110	0.06413	0.01529	0.00936	0.01153	0.00788	0.00627	0.00765	0.00165	0.18033	0.00417	0.00290	0.00679
4	0.00644	0.00460	0.00613	0.00736	0.00767	0.00429	0.00491	0.00736	0.01012	0.01350	0.02914	0.81076	0.03497	0.01656	0.00675	0.00215	0.00307	0.01503	0.00491	0.00429
5	0.00780	0.00604	0.00898	0.00883	0.00972	0.00721	0.00692	0.00965	0.00847	0.01230	0.01371	0.02019	0.01282	0.03774	0.74449	0.00811	0.06384	0.00560	0.00280	0.00479
6	0.01088	0.02229	0.52981	0.01638	0.02307	0.01204	0.21591	0.01631	0.01178	0.01711	0.06512	0.01402	0.01016	0.00529	0.00543	0.00170	0.00772	0.00493	0.00261	0.00743
7	0.00777	0.00590	0.00820	0.11317	0.01171	0.00586	0.00628	0.01033	0.01415	0.01981	0.64057	0.07196	0.04345	0.01034	0.00613	0.00170	0.00313	0.00916	0.00531	0.00507
8	0.07166	0.01045	0.01605	0.46046	0.20383	0.01213	0.01355	0.01624	0.11276	0.01627	0.01100	0.01422	0.00848	0.00538	0.00514	0.00171	0.00627	0.00474	0.00288	0.00678
9	0.01498	0.01604	0.01749	0.20906	0.04105	0.26024	0.11209	0.10501	0.04687	0.01661	0.00989	0.01241	0.00777	0.00573	0.00629	0.00164	0.07889	0.00451	0.00301	0.03040

[dist]
# distance from previous block
# <min> <max>
12	23

[block]
# block no. 2 follows, 46 sequences, length 25
# corresponding to MSA columns:
# 65-89
name=unknown_C
#
# <colnr> <probs for GDERKNQSTAVLIFYWHMCP>
#	G	D	E	R	K	N	Q	S	T	A	V	L	I	F	Y	W	H	M	C	P
0	0.01619	0.01222	0.01337	0.01065	0.01457	0.01290	0.00859	0.32573	0.26486	0.07202	0.01539	0.01495	0.01133	0.00613	0.00504	0.00149	0.00482	0.00486	0.00495	0.17993
1	0.04724	0.00778	0.01028	0.00835	0.01142	0.00694	0.00672	0.01986	0.01486	0.49011	0.28616	0.02520	0.02573	0.00798	0.00557	0.00165	0.00378	0.00672	0.00617	0.00748
2	0.01768	0.02042	0.01438	0.01336	0.04056	0.51348	0.00988	0.05513	0.22914	0.01656	0.01220	0.01267	0.00959	0.00595	0.00498	0.00150	0.00775	0.00423	0.00358	0.00696
3	0.00716	0.00510	0.00679	0.00726	0.00769	0.00529	0.00496	0.00813	0.00889	0.01215	0.02065	0.32859	0.02333	0.25660	0.26737	0.00507	0.00726	0.00986	0.00374	0.00411
4	0.00683	0.00641	0.05206	0.00780	0.02887	0.00506	0.00578	0.00829	0.01100	0.01426	0.05655	0.47337	0.27558	0.01438	0.00643	0.00197	0.00329	0.01269	0.00472	0.00468
5	0.02329	0.00968	0.01269	0.00973	0.01384	0.00878	0.00804	0.11251	0.01627	0.69653	0.01990	0.01737	0.01260	0.00652	0.00531	0.00163	0.00465	0.00525	0.00640	0.00900
6	0.01375	0.01445	0.01084	0.00990	0.01191	0.31116	0.00723	0.06226	0.12928	0.01506	0.01885	0.02349	0.11561	0.22095	0.01095	0.00250	0.00640	0.00606	0.00371	0.00565
7	0.01060	0.02735	0.78682	0.01507	0.02288	0.01228	0.01953	0.01674	0.01116	0.01674	0.00949	0.01116	0.00670	0.00502	0.00502	0.00167	0.00781	0.00391	0.00223	0.00781
8	0.01617	0.01493	0.01352	0.01167	0.01492	0.16657	0.00915	0.21035	0.43715	0.02312	0.01670	0.01597	0.01253	0.00663	0.00524	0.00166	0.00564	0.00517	0.00484	0.00808
9	0.01019	0.00967	0.01590	0.70034	0.03352	0.01232	0.01428	0.01341	0.01025	0.01341	0.00908	0.01377	0.00703	0.00580	0.00683	0.00183	0.10948	0.00469	0.00234	0.00586
10	0.00755	0.00566	0.00850	0.00850	0.00944	0.00661	0.00661	0.00944	0.00850	0.01227	0.01416	0.02077	0.01322	0.03965	0.79326	0.00850	0.01416	0.00566	0.00283	0.00472
11	0.01237	0.01503	0.07547	0.02186	0.02735	0.01331	0.71852	0.01692	0.01240	0.01692	0.01062	0.01408	0.00794	0.00449	0.00617	0.00178	0.00885	0.00610	0.00265	0.00717
12	0.00760	0.00549	0.00761	0.00761	0.00824	0.00612	0.00550	0.00887	0.00823	0.01161	0.01497	0.02528	0.01517	0.29212	0.54346	0.00740	0.01122	0.00632	0.00295	0.00423
13	0.01832	0.00782	0.01043	0.00840	0.01161	0.00682	0.00678	0.02041	0.01483	0.53537	0.20535	0.02598	0.08790	0.00816	0.00562	0.00166	0.00386	0.00684	0.00623	0.00764
14	0.00998	0.00940	0.01586	0.80150	0.03641	0.01175	0.01468	0.01351	0.01057	0.01351	0.00940	0.01409	0.00705	0.00529	0.00529	0.00176	0.00705	0.00470	0.00235	0.00587
15	0.01148	0.00743	0.00781	0.00712	0.00906	0.00796	0.00551	0.09642	0.17896	0.02182	0.08045	0.02059	0.01662	0.00678	0.00444	0.00143	0.00320	0.00552	0.50126	0.00612
16	0.00748	0.00540	0.00707	0.00665	0.00790	0.00499	0.00499	0.00998	0.01496	0.02120	0.77844	0.03949	0.04988	0.01081	0.00624	0.00166	0.00249	0.00956	0.00582	0.00499
17	0.02048	0.01051	0.01772	0.01311	0.01756	0.00938	0.22494	0.02322	0.01437	0.56378	0.01793	0.01692	0.01163	0.00594	0.00558	0.00168	0.00577	0.00558	0.00543	0.00846
18	0.01483	0.00963	0.01154	0.00864	0.01301	0.00806	0.00697	0.04018	0.08080	0.22288	0.01364	0.01368	0.01001	0.00498	0.00446	0.00112	0.00415	0.00402	0.00431	0.52308
19	0.02010	0.01481	0.01587	0.01216	0.01639	0.01639	0.01005	0.76360	0.02486	0.03332	0.01269	0.01269	0.00899	0.00635	0.00529	0.00159	0.00582	0.00476	0.00529	0.00899
20	0.00757	0.00560	0.00817	0.00817	0.00900	0.00643	0.00620	0.00923	0.00840	0.01203	0.01446	0.02243	0.01394	0.13258	0.70131	0.00809	0.01308	0.00591	0.00288	0.00454
21	0.01175	0.01189	0.01591	0.01371	0.01384	0.04484	0.01136	0.01294	0.00836	0.01272	0.00721	0.01177	0.00713	0.01004	0.04053	0.00247	0.75082	0.00461	0.00234	0.00576
22	0.23785	0.01285	0.01522	0.01659	0.23490	0.01400	0.01063	0.32937	0.03842	0.02584	0.01074	0.01192	0.00815	0.00552	0.00474	0.00160	0.00545	0.00428	0.00399	0.00793
23	0.21540	0.29169	0.04643	0.01029	0.01366	0.11539	0.00915	0.05285	0.05790	0.01701	0.00861	0.01007	0.00723	0.00567	0.00578	0.00153	0.11842	0.00349	0.00291	0.00655
24	0.28526	0.01154	0.01914	0.24164	0.02448	0.01241	0.30033	0.01549	0.01079	0.01816	0.00923	0.01236	0.00699	0.00484	0.00500	0.00173	0.00680	0.00469	0.00278	0.00631

[dist]
# distance from previous block
# <min> <max>
0	1

[block]
# block no. 3 follows, 46 sequences, length 19
# corresponding to MSA columns:
# 91-109
name=unknown_D
#
# <colnr> <probs for GDERKNQSTAVLIFYWHMCP>
#	G	D	E	R	K	N	Q	S	T	A	V	L	I	F	Y	W	H	M	C	P
0	0.00909	0.00779	0.00874	0.00685	0.01039	0.00602	0.00537	0.01104	0.01139	0.01606	0.02691	0.02679	0.31368	0.00767	0.00484	0.00118	0.00342	0.00631	0.00384	0.51260
1	0.00911	0.00918	0.00770	0.00757	0.00931	0.15310	0.00562	0.01082	0.03335	0.01399	0.03784	0.13796	0.45561	0.01422	0.06852	0.00229	0.00497	0.00962	0.00435	0.00488
2	0.00682	0.00526	0.00552	0.00552	0.00660	0.00473	0.00369	0.00763	0.01032	0.01268	0.03892	0.04442	0.47776	0.33096	0.01444	0.00311	0.00365	0.00978	0.00423	0.00396
3	0.02372	0.00900	0.01227	0.00941	0.01350	0.00777	0.00777	0.02576	0.01513	0.78489	0.02086	0.01799	0.01309	0.00654	0.00532	0.00164	0.00450	0.00532	0.00654	0.00900
4	0.01392	0.00683	0.00913	0.00774	0.01012	0.00609	0.00609	0.01624	0.01503	0.32405	0.47802	0.03097	0.03529	0.00912	0.00587	0.00165	0.00329	0.00788	0.00611	0.00658
5	0.85155	0.01022	0.00777	0.00695	0.01022	0.01186	0.00573	0.01554	0.00900	0.02372	0.00736	0.00859	0.00573	0.00491	0.00327	0.00164	0.00409	0.00286	0.00327	0.00573
6	0.00651	0.00463	0.00612	0.00728	0.00757	0.00434	0.00482	0.00738	0.01000	0.01333	0.02849	0.77043	0.03415	0.05801	0.00780	0.00230	0.00317	0.01465	0.00482	0.00424
7	0.25493	0.00951	0.01047	0.00808	0.01218	0.00865	0.00659	0.01791	0.01173	0.26322	0.01246	0.01252	0.00890	0.00503	0.00418	0.00130	0.00415	0.00375	0.00426	0.34019
8	0.01660	0.46989	0.02212	0.01105	0.01479	0.35959	0.00956	0.01815	0.01260	0.01266	0.00771	0.00894	0.00680	0.00493	0.00400	0.00123	0.00736	0.00308	0.00246	0.00650
9	0.85155	0.01022	0.00777	0.00695	0.01022	0.01186	0.00573	0.01554	0.00900	0.02372	0.00736	0.00859	0.00573	0.00491	0.00327	0.00164	0.00409	0.00286	0.00327	0.00573
10	0.01308	0.01256	0.02146	0.03245	0.78123	0.01256	0.01622	0.01622	0.01204	0.01727	0.00994	0.01308	0.00837	0.00471	0.00523	0.00157	0.00628	0.00471	0.00262	0.00837
11	0.00716	0.00539	0.00662	0.00631	0.00770	0.00485	0.00473	0.00935	0.01420	0.01938	0.58819	0.04248	0.24127	0.01149	0.00624	0.00169	0.00254	0.00998	0.00558	0.00485
12	0.52327	0.00974	0.00955	0.00793	0.01152	0.01024	0.00654	0.01959	0.01143	0.32557	0.01271	0.01232	0.00864	0.00556	0.00408	0.00164	0.00425	0.00384	0.00457	0.00702
13	0.00647	0.00506	0.00587	0.00631	0.00744	0.00446	0.00449	0.00778	0.01163	0.01480	0.13066	0.35085	0.39669	0.01434	0.00644	0.00191	0.00281	0.01250	0.00502	0.00446
14	0.01061	0.00566	0.00573	0.00546	0.00691	0.00577	0.00416	0.06777	0.01210	0.02071	0.01691	0.01919	0.01321	0.00617	0.00381	0.00126	0.00271	0.00491	0.78169	0.00523
15	0.01848	0.20398	0.01785	0.01259	0.01572	0.61874	0.00995	0.01992	0.01402	0.01283	0.00799	0.00930	0.00680	0.00524	0.00446	0.00131	0.00866	0.00327	0.00262	0.00628
16	0.00769	0.00513	0.00577	0.00577	0.00577	0.00513	0.00320	0.00769	0.00769	0.01025	0.01666	0.03460	0.01922	0.81421	0.02691	0.00513	0.00513	0.00769	0.00320	0.00320
17	0.01201	0.00900	0.01329	0.26194	0.01956	0.01078	0.01039	0.01438	0.01163	0.13718	0.19379	0.02004	0.01818	0.00793	0.00896	0.00188	0.23317	0.00593	0.00383	0.00613
18	0.05062	0.35927	0.12065	0.01016	0.01468	0.01525	0.00990	0.02034	0.16285	0.16817	0.01312	0.01295	0.00983	0.00553	0.00438	0.00146	0.00535	0.00409	0.00377	0.00763

[dist]
# distance from previous block
# <min> <max>
0	2

[block]
# block no. 4 follows, 46 sequences, length 53
# corresponding to MSA columns:
# 114-166
name=unknown_E
#
# <colnr> <probs for GDERKNQSTAVLIFYWHMCP>
#	G	D	E	R	K	N	Q	S	T	A	V	L	I	F	Y	W	H	M	C	P
0	0.01279	0.51645	0.31686	0.01134	0.01712	0.01763	0.01304	0.01618	0.01090	0.01408	0.00816	0.00950	0.00675	0.00471	0.00401	0.00134	0.00648	0.00324	0.00225	0.00718
1	0.01955	0.02063	0.01564	0.01400	0.05440	0.45948	0.01045	0.30262	0.01858	0.02089	0.00998	0.01091	0.00771	0.00575	0.00499	0.00146	0.00796	0.00398	0.00369	0.00733
2	0.01967	0.05861	0.01612	0.01255	0.01623	0.30732	0.01006	0.44848	0.02046	0.02465	0.01073	0.01130	0.00806	0.00592	0.00500	0.00148	0.00720	0.00416	0.00418	0.00781
3	0.00871	0.00510	0.00715	0.00686	0.00750	0.00484	0.00481	0.00823	0.00976	0.01356	0.26396	0.02357	0.02259	0.01514	0.01505	0.52445	0.00386	0.00616	0.00350	0.04517
4	0.01060	0.02735	0.78682	0.01507	0.02288	0.01228	0.01953	0.01674	0.01116	0.01674	0.00949	0.01116	0.00670	0.00502	0.00502	0.00167	0.00781	0.00391	0.00223	0.00781
5	0.00761	0.00543	0.00731	0.00731	0.00785	0.00596	0.00513	0.00868	0.00815	0.01139	0.01524	0.02677	0.01582	0.37578	0.46069	0.00703	0.01024	0.00654	0.00299	0.00406
6	0.01315	0.01136	0.01195	0.01076	0.01375	0.01315	0.00837	0.02809	0.77168	0.02211	0.02152	0.01972	0.01614	0.00717	0.00538	0.00179	0.00418	0.00598	0.00538	0.00837
7	0.01096	0.00940	0.01096	0.00783	0.01253	0.00705	0.00626	0.01331	0.01096	0.01723	0.00940	0.01096	0.00783	0.00392	0.00392	0.00078	0.00392	0.00313	0.00313	0.84653
8	0.00998	0.00940	0.01586	0.80150	0.03641	0.01175	0.01468	0.01351	0.01057	0.01351	0.00940	0.01409	0.00705	0.00529	0.00529	0.00176	0.00705	0.00470	0.00235	0.00587
9	0.01052	0.01128	0.02281	0.01688	0.02093	0.01045	0.51111	0.01402	0.01247	0.01657	0.08181	0.06480	0.16634	0.00737	0.00627	0.00179	0.00685	0.00794	0.00349	0.00628
10	0.01500	0.01444	0.02612	0.01893	0.02391	0.01437	0.51299	0.26422	0.01658	0.02236	0.01136	0.01374	0.00834	0.00508	0.00592	0.00172	0.00789	0.00575	0.00354	0.00775
11	0.00998	0.00940	0.01586	0.80150	0.03641	0.01175	0.01468	0.01351	0.01057	0.01351	0.00940	0.01409	0.00705	0.00529	0.00529	0.00176	0.00705	0.00470	0.00235	0.00587
12	0.01247	0.00708	0.00965	0.00949	0.01171	0.00658	0.00814	0.01480	0.01280	0.20510	0.02465	0.04524	0.02423	0.01171	0.00652	0.00210	0.00470	0.50028	0.00513	0.07761
13	0.01044	0.00549	0.00555	0.00534	0.00674	0.00558	0.00406	0.05530	0.01187	0.02049	0.01699	0.01931	0.01329	0.00617	0.00379	0.00125	0.00266	0.00492	0.79560	0.00516
14	0.01099	0.00915	0.01011	0.00973	0.01186	0.01026	0.00737	0.02129	0.51578	0.01933	0.02402	0.25047	0.02225	0.01024	0.00587	0.00193	0.00389	0.04322	0.00522	0.00703
15	0.01074	0.00578	0.00588	0.00555	0.00705	0.00592	0.00425	0.07746	0.01228	0.02089	0.01685	0.01910	0.01315	0.00618	0.00383	0.00126	0.00275	0.00491	0.77087	0.00528
16	0.00640	0.00477	0.00596	0.00691	0.00755	0.00433	0.00470	0.00741	0.01056	0.01367	0.03468	0.63812	0.20403	0.01584	0.00663	0.00206	0.00298	0.01415	0.00491	0.00433
17	0.02372	0.00900	0.01227	0.00941	0.01350	0.00777	0.00777	0.02576	0.01513	0.78489	0.02086	0.01799	0.01309	0.00654	0.00532	0.00164	0.00450	0.00532	0.00654	0.00900
18	0.00918	0.00459	0.00689	0.00689	0.00689	0.00459	0.00459	0.00689	0.00689	0.00918	0.00918	0.01607	0.00918	0.01837	0.02066	0.84619	0.00459	0.00459	0.00230	0.00230
19	0.01968	0.02062	0.01537	0.01304	0.01630	0.45737	0.01018	0.32233	0.01881	0.02121	0.00997	0.01087	0.00770	0.00591	0.00531	0.00148	0.02883	0.00399	0.00375	0.00728
20	0.01065	0.02701	0.76765	0.01525	0.02300	0.01231	0.03837	0.01675	0.01119	0.01675	0.00952	0.01124	0.00673	0.00501	0.00505	0.00168	0.00784	0.00397	0.00224	0.00780
21	0.00793	0.00659	0.00833	0.00864	0.00949	0.04459	0.04863	0.00975	0.04855	0.01392	0.02573	0.61100	0.02983	0.07221	0.00802	0.00229	0.00397	0.03128	0.00457	0.00469
22	0.01337	0.49898	0.27820	0.01137	0.01685	0.07337	0.01260	0.01651	0.01118	0.01390	0.00812	0.00944	0.00676	0.00475	0.00403	0.00133	0.00665	0.00323	0.00228	0.00708
23	0.01585	0.00938	0.01175	0.00914	0.01290	0.00845	0.00738	0.01902	0.07824	0.30845	0.01543	0.04806	0.01162	0.00614	0.00574	0.00137	0.06675	0.00482	0.00463	0.35486
24	0.01936	0.02368	0.01598	0.01399	0.01699	0.68220	0.05321	0.08415	0.01568	0.01490	0.00870	0.01007	0.00706	0.00547	0.00490	0.00141	0.00918	0.00368	0.00294	0.00643
25	0.00694	0.00527	0.00605	0.00617	0.00726	0.00481	0.00438	0.00819	0.01128	0.01448	0.16180	0.12790	0.35171	0.19313	0.02846	0.00273	0.00360	0.04694	0.00463	0.00428
26	0.00643	0.00463	0.00611	0.00729	0.00765	0.00430	0.00488	0.00737	0.01019	0.01352	0.02995	0.78533	0.05987	0.01646	0.00673	0.00213	0.00305	0.01490	0.00491	0.00430
27	0.02372	0.00900	0.01227	0.00941	0.01350	0.00777	0.00777	0.02576	0.01513	0.78489	0.02086	0.01799	0.01309	0.00654	0.00532	0.00164	0.00450	0.00532	0.00654	0.00900
28	0.00716	0.00564	0.00663	0.00709	0.00864	0.00511	0.00579	0.00895	0.01217	0.01505	0.06180	0.05399	0.47003	0.01380	0.00666	0.00203	0.00352	0.29639	0.00492	0.00463
29	0.85155	0.01022	0.00777	0.00695	0.01022	0.01186	0.00573	0.01554	0.00900	0.02372	0.00736	0.00859	0.00573	0.00491	0.00327	0.00164	0.00409	0.00286	0.00327	0.00573
30	0.01157	0.01157	0.01619	0.01388	0.01388	0.01619	0.01157	0.01272	0.00810	0.01272	0.00694	0.01157	0.00694	0.00925	0.01735	0.00231	0.80453	0.00463	0.00231	0.00578
31	0.01413	0.81739	0.02770	0.00905	0.01357	0.02092	0.00905	0.01583	0.01074	0.01244	0.00735	0.00848	0.00678	0.00452	0.00339	0.00113	0.00565	0.00283	0.00226	0.00678
32	0.01024	0.00966	0.01632	0.73738	0.09851	0.01181	0.01481	0.01373	0.01069	0.01382	0.00944	0.01401	0.00716	0.00524	0.00528	0.00175	0.00698	0.00470	0.00237	0.00608
33	0.01373	0.01527	0.01474	0.01306	0.01409	0.27214	0.01044	0.01505	0.01043	0.01273	0.00834	0.01215	0.00776	0.01215	0.11935	0.00284	0.43309	0.00436	0.00252	0.00575
34	0.01007	0.00949	0.01601	0.77981	0.05742	0.01177	0.01473	0.01358	0.01061	0.01361	0.00941	0.01407	0.00708	0.00527	0.00528	0.00176	0.00703	0.00470	0.00236	0.00594
35	0.02000	0.01756	0.01563	0.01255	0.01638	0.22204	0.01009	0.56699	0.02224	0.02792	0.01150	0.01186	0.00841	0.00611	0.00515	0.00153	0.00680	0.00440	0.00461	0.00823
36	0.01413	0.81739	0.02770	0.00905	0.01357	0.02092	0.00905	0.01583	0.01074	0.01244	0.00735	0.00848	0.00678	0.00452	0.00339	0.00113	0.00565	0.00283	0.00226	0.00678
37	0.01712	0.01585	0.01444	0.01217	0.01522	0.20616	0.00967	0.32115	0.17510	0.02302	0.01301	0.01374	0.01000	0.00845	0.05129	0.00203	0.07494	0.00472	0.00428	0.00764
38	0.00985	0.00493	0.00493	0.00493	0.00616	0.00493	0.00370	0.01232	0.01109	0.01971	0.01725	0.01971	0.01355	0.00616	0.00370	0.00123	0.00246	0.00493	0.84356	0.00493
39	0.00625	0.00536	0.00536	0.00536	0.00714	0.00446	0.00402	0.00759	0.01205	0.01428	0.05355	0.05088	0.77909	0.01339	0.00625	0.00179	0.00268	0.01116	0.00491	0.00446
40	0.01368	0.01124	0.01197	0.01069	0.01373	0.01288	0.00834	0.02798	0.73398	0.06013	0.02148	0.01964	0.01599	0.00714	0.00538	0.00179	0.00420	0.00594	0.00544	0.00840
41	0.00625	0.00536	0.00536	0.00536	0.00714	0.00446	0.00402	0.00759	0.01205	0.01428	0.05355	0.05088	0.77909	0.01339	0.00625	0.00179	0.00268	0.01116	0.00491	0.00446
42	0.00918	0.00459	0.00689	0.00689	0.00689	0.00459	0.00459	0.00689	0.00689	0.00918	0.00918	0.01607	0.00918	0.01837	0.02066	0.84619	0.00459	0.00459	0.00230	0.00230
43	0.01413	0.81739	0.02770	0.00905	0.01357	0.02092	0.00905	0.01583	0.01074	0.01244	0.00735	0.00848	0.00678	0.00452	0.00339	0.00113	0.00565	0.00283	0.00226	0.00678
44	0.00916	0.00789	0.00814	0.00763	0.00993	0.00813	0.00585	0.01624	0.33244	0.01759	0.04004	0.03774	0.45729	0.01077	0.00588	0.00179	0.00331	0.00897	0.00511	0.00611
45	0.01060	0.02735	0.78682	0.01507	0.02288	0.01228	0.01953	0.01674	0.01116	0.01674	0.00949	0.01116	0.00670	0.00502	0.00502	0.00167	0.00781	0.00391	0.00223	0.00781
46	0.01036	0.00994	0.01669	0.65929	0.03311	0.01233	0.05699	0.01392	0.02621	0.01380	0.00947	0.01396	0.00728	0.00569	0.00659	0.00182	0.08934	0.00481	0.00243	0.00599
47	0.85155	0.01022	0.00777	0.00695	0.01022	0.01186	0.00573	0.01554	0.00900	0.02372	0.00736	0.00859	0.00573	0.00491	0.00327	0.00164	0.00409	0.00286	0.00327	0.00573
48	0.00751	0.00549	0.00713	0.00681	0.00810	0.00500	0.00504	0.00978	0.01410	0.01995	0.63767	0.14360	0.04575	0.01125	0.00619	0.00169	0.00264	0.00999	0.00556	0.04674
49	0.01096	0.00940	0.01096	0.00783	0.01253	0.00705	0.00626	0.01331	0.01096	0.01723	0.00940	0.01096	0.00783	0.00392	0.00392	0.00078	0.00392	0.00313	0.00313	0.84653
50	0.01529	0.01675	0.01931	0.02621	0.52791	0.27102	0.01423	0.01784	0.01301	0.01584	0.00936	0.01191	0.00786	0.00495	0.00508	0.00150	0.00736	0.00428	0.00265	0.00763
51	0.01141	0.10296	0.41394	0.01636	0.02264	0.01311	0.26353	0.01632	0.01177	0.01662	0.05366	0.01353	0.00962	0.00511	0.00533	0.00165	0.00765	0.00489	0.00259	0.00732
52	0.01746	0.05921	0.01497	0.01135	0.01515	0.01507	0.00928	0.42241	0.28923	0.06559	0.01593	0.01522	0.01161	0.00655	0.00521	0.00164	0.00516	0.00511	0.00521	0.00864

[dist]
# distance from previous block
# <min> <max>
0	2

[block]
# block no. 5 follows, 46 sequences, length 18
# corresponding to MSA columns:
# 169-186
name=unknown_F
#
# <colnr> <probs for GDERKNQSTAVLIFYWHMCP>
#	G	D	E	R	K	N	Q	S	T	A	V	L	I	F	Y	W	H	M	C	P
0	0.01488	0.00808	0.01021	0.00844	0.01128	0.00744	0.00667	0.10478	0.01538	0.28839	0.28360	0.09497	0.02688	0.00865	0.00563	0.00160	0.00377	0.00739	0.00567	0.08627
1	0.01923	0.02044	0.01675	0.01386	0.01737	0.44111	0.07728	0.29062	0.01835	0.02070	0.01004	0.01110	0.00771	0.00569	0.00509	0.00148	0.00813	0.00415	0.00365	0.00726
2	0.00773	0.00527	0.00640	0.00679	0.00709	0.00524	0.00453	0.00835	0.00892	0.01180	0.02047	0.12586	0.02336	0.55450	0.02047	0.00422	0.00484	0.16672	0.00375	0.00368
3	0.00733	0.00520	0.00578	0.00574	0.00628	0.00495	0.00355	0.00786	0.00936	0.01215	0.09068	0.03891	0.20383	0.55367	0.02019	0.00403	0.00431	0.00868	0.00384	0.00366
4	0.85155	0.01022	0.00777	0.00695	0.01022	0.01186	0.00573	0.01554	0.00900	0.02372	0.00736	0.00859	0.00573	0.00491	0.00327	0.00164	0.00409	0.00286	0.00327	0.00573
5	0.00769	0.00614	0.00881	0.00856	0.00941	0.00632	0.04217	0.00938	0.01176	0.01637	0.29750	0.40255	0.03592	0.01307	0.00773	0.00197	0.09351	0.01145	0.00484	0.00485
6	0.22958	0.01284	0.01333	0.01047	0.01444	0.01405	0.00864	0.47234	0.01951	0.13607	0.01249	0.01240	0.00874	0.00601	0.00479	0.00161	0.00520	0.00436	0.00496	0.00817
7	0.01060	0.02735	0.78682	0.01507	0.02288	0.01228	0.01953	0.01674	0.01116	0.01674	0.00949	0.01116	0.00670	0.00502	0.00502	0.00167	0.00781	0.00391	0.00223	0.00781
8	0.01794	0.01264	0.01382	0.01116	0.01484	0.01388	0.00900	0.40562	0.26584	0.12708	0.01674	0.01632	0.01215	0.03079	0.00597	0.00177	0.00509	0.00532	0.00542	0.00862
9	0.02311	0.00882	0.01195	0.00921	0.01317	0.00764	0.00759	0.02517	0.01495	0.75124	0.02070	0.01807	0.01311	0.00653	0.00525	0.00162	0.00441	0.00530	0.04335	0.00882
10	0.01480	0.01700	0.01627	0.01409	0.01535	0.32002	0.03865	0.01616	0.01095	0.01296	0.00756	0.01087	0.00693	0.00759	0.01202	0.00192	0.46420	0.00421	0.00249	0.00597
11	0.02010	0.01481	0.01587	0.01216	0.01639	0.01639	0.01005	0.76360	0.02486	0.03332	0.01269	0.01269	0.00899	0.00635	0.00529	0.00159	0.00582	0.00476	0.00529	0.00899
12	0.00687	0.00515	0.00643	0.00696	0.00796	0.00470	0.00511	0.00844	0.01198	0.01577	0.21183	0.35301	0.22521	0.01419	0.00656	0.00197	0.00304	0.09514	0.00512	0.00456
13	0.00985	0.00493	0.00493	0.00493	0.00616	0.00493	0.00370	0.01232	0.01109	0.01971	0.01725	0.01971	0.01355	0.00616	0.00370	0.00123	0.00246	0.00493	0.84356	0.00493
14	0.00918	0.00459	0.00689	0.00689	0.00689	0.00459	0.00459	0.00689	0.00689	0.00918	0.00918	0.01607	0.00918	0.01837	0.02066	0.84619	0.00459	0.00459	0.00230	0.00230
15	0.01438	0.78302	0.02715	0.00924	0.01369	0.05442	0.00910	0.01606	0.01093	0.01246	0.00739	0.00853	0.00679	0.00456	0.00345	0.00114	0.00582	0.00285	0.00228	0.00676
16	0.01198	0.01151	0.01914	0.25371	0.46444	0.01280	0.01517	0.01498	0.01110	0.01558	0.00939	0.01318	0.00780	0.00547	0.00683	0.00172	0.11069	0.00470	0.00250	0.00731
17	0.01729	0.02017	0.01404	0.01270	0.01540	0.50937	0.00967	0.02305	0.26069	0.01591	0.01246	0.01292	0.00985	0.00616	0.00545	0.00154	0.03862	0.00429	0.00357	0.00684

[dist]
# distance from previous block
# <min> <max>
0	1

[block]
# block no. 6 follows, 46 sequences, length 20
# corresponding to MSA columns:
# 188-207
name=unknown_G
#
# <colnr> <probs for GDERKNQSTAVLIFYWHMCP>
#	G	D	E	R	K	N	Q	S	T	A	V	L	I	F	Y	W	H	M	C	P
0	0.01114	0.01053	0.01416	0.03952	0.01404	0.01267	0.00975	0.01279	0.00912	0.01418	0.00814	0.01187	0.00751	0.00875	0.04720	0.00208	0.48402	0.00420	0.00260	0.27573
1	0.01093	0.01122	0.02138	0.49409	0.03247	0.01248	0.28321	0.01471	0.01117	0.01471	0.00978	0.01407	0.00739	0.00513	0.00605	0.00179	0.03538	0.00525	0.00246	0.00632
2	0.00874	0.00673	0.00820	0.00783	0.00946	0.00681	0.00608	0.01379	0.17301	0.02049	0.50327	0.03817	0.06845	0.01059	0.00618	0.00179	0.00314	0.09604	0.00558	0.00566
3	0.00673	0.00482	0.00641	0.00730	0.00783	0.00450	0.00505	0.00804	0.01121	0.01519	0.18603	0.62244	0.03793	0.01529	0.00666	0.00206	0.00301	0.03993	0.00510	0.00446
4	0.00625	0.00536	0.00536	0.00536	0.00714	0.00446	0.00402	0.00759	0.01205	0.01428	0.05355	0.05088	0.77909	0.01339	0.00625	0.00179	0.00268	0.01116	0.00491	0.00446
5	0.02372	0.00900	0.01227	0.00941	0.01350	0.00777	0.00777	0.02576	0.01513	0.78489	0.02086	0.01799	0.01309	0.00654	0.00532	0.00164	0.00450	0.00532	0.00654	0.00900
6	0.85155	0.01022	0.00777	0.00695	0.01022	0.01186	0.00573	0.01554	0.00900	0.02372	0.00736	0.00859	0.00573	0.00491	0.00327	0.00164	0.00409	0.00286	0.00327	0.00573
7	0.00832	0.00598	0.00824	0.00924	0.01048	0.00591	0.00797	0.01072	0.01246	0.01634	0.10909	0.05715	0.06086	0.01415	0.00715	0.00233	0.00453	0.63924	0.00497	0.00487
8	0.02003	0.01684	0.01569	0.01245	0.01638	0.16820	0.01008	0.61846	0.02293	0.02933	0.01181	0.01207	0.00856	0.00617	0.00519	0.00154	0.00654	0.00449	0.00479	0.00843
9	0.01218	0.01340	0.02638	0.01958	0.02321	0.01428	0.52104	0.01558	0.01107	0.01558	0.00949	0.01340	0.00767	0.00600	0.00981	0.00195	0.26441	0.00572	0.00256	0.00670
10	0.01308	0.01256	0.02146	0.03245	0.78123	0.01256	0.01622	0.01622	0.01204	0.01727	0.00994	0.01308	0.00837	0.00471	0.00523	0.00157	0.00628	0.00471	0.00262	0.00837
11	0.01009	0.00929	0.01609	0.01344	0.01569	0.00988	0.22452	0.04075	0.01123	0.01540	0.01723	0.08206	0.03393	0.01631	0.18214	0.00351	0.11551	0.17374	0.00346	0.00571
12	0.00625	0.00536	0.00536	0.00536	0.00714	0.00446	0.00402	0.00759	0.01205	0.01428	0.05355	0.05088	0.77909	0.01339	0.00625	0.00179	0.00268	0.01116	0.00491	0.00446
13	0.01308	0.01256	0.02146	0.03245	0.78123	0.01256	0.01622	0.01622	0.01204	0.01727	0.00994	0.01308	0.00837	0.00471	0.00523	0.00157	0.00628	0.00471	0.00262	0.00837
14	0.00711	0.00508	0.00690	0.00812	0.00872	0.00487	0.00607	0.00851	0.01078	0.01424	0.02877	0.56955	0.03351	0.01593	0.00693	0.00224	0.00365	0.24965	0.00489	0.00448
15	0.00795	0.00547	0.00683	0.00722	0.00767	0.00553	0.00513	0.00885	0.00918	0.01217	0.02014	0.04175	0.02243	0.50776	0.06976	0.00448	0.00562	0.24454	0.00371	0.00384
16	0.01413	0.81739	0.02770	0.00905	0.01357	0.02092	0.00905	0.01583	0.01074	0.01244	0.00735	0.00848	0.00678	0.00452	0.00339	0.00113	0.00565	0.00283	0.00226	0.00678
17	0.00670	0.00474	0.00603	0.00695	0.00724	0.00448	0.00451	0.00744	0.00967	0.01283	0.02732	0.61889	0.05727	0.18670	0.01103	0.00277	0.00349	0.01333	0.00454	0.00407
18	0.01038	0.00980	0.01656	0.70438	0.13047	0.01185	0.01488	0.01385	0.01076	0.01398	0.00947	0.01397	0.00721	0.00521	0.00528	0.00174	0.00695	0.00470	0.00238	0.00619
19	0.01237	0.01405	0.03054	0.05540	0.02800	0.01330	0.73027	0.01679	0.01240	0.01679	0.01064	0.01425	0.00798	0.00449	0.00620	0.00178	0.00883	0.00617	0.00266	0.00708

[dist]
# distance from previous block
# <min> <max>
0	20

[block]
# block no. 7 follows, 46 sequences, length 22
# corresponding to MSA columns:
# 228-249
name=unknown_H
#
# <colnr> <probs for GDERKNQSTAVLIFYWHMCP>
#	G	D	E	R	K	N	Q	S	T	A	V	L	I	F	Y	W	H	M	C	P
0	0.11703	0.02026	0.01441	0.01239	0.01564	0.46317	0.00964	0.24854	0.01732	0.02046	0.00947	0.01039	0.00735	0.00566	0.00475	0.00146	0.00776	0.00376	0.00358	0.00696
1	0.01517	0.01660	0.01288	0.01087	0.01440	0.34879	0.00836	0.01937	0.15042	0.01625	0.01106	0.01193	0.00889	0.00517	0.00455	0.00122	0.00640	0.00377	0.00336	0.33055
2	0.01857	0.00913	0.01146	0.00922	0.01273	0.00861	0.00744	0.05928	0.14197	0.46288	0.11882	0.02138	0.03932	0.00725	0.00540	0.00163	0.00417	0.00601	0.00598	0.04874
3	0.01128	0.00958	0.01001	0.00906	0.01173	0.01048	0.00703	0.06348	0.47907	0.02018	0.03155	0.02957	0.26665	0.00917	0.00566	0.00178	0.00378	0.00761	0.00522	0.00712
4	0.01029	0.00669	0.00712	0.00681	0.00847	0.00710	0.00516	0.01602	0.21497	0.02022	0.10883	0.06094	0.01958	0.00749	0.00460	0.00148	0.00296	0.00625	0.47921	0.00582
5	0.01274	0.01314	0.02378	0.01784	0.02228	0.01328	0.47145	0.02124	0.30519	0.01893	0.01487	0.01637	0.01115	0.00550	0.00591	0.00179	0.00709	0.00614	0.00372	0.00761
6	0.01481	0.01095	0.01220	0.01003	0.01297	0.01178	0.00801	0.43666	0.05736	0.02746	0.24666	0.08688	0.02388	0.00858	0.00570	0.00167	0.00450	0.00712	0.00542	0.00736
7	0.01298	0.00676	0.00802	0.00692	0.00959	0.00574	0.00546	0.01460	0.01324	0.31139	0.04095	0.03820	0.48375	0.01075	0.00589	0.00173	0.00338	0.00891	0.00554	0.00621
8	0.01523	0.01830	0.02422	0.01842	0.02274	0.31373	0.44503	0.01841	0.01339	0.01540	0.00968	0.01232	0.00755	0.00482	0.00559	0.00158	0.00897	0.00503	0.00271	0.03689
9	0.01440	0.01108	0.01199	0.01060	0.01372	0.01251	0.00830	0.02782	0.68238	0.11215	0.02144	0.01952	0.01578	0.00710	0.00537	0.00177	0.00422	0.00590	0.00552	0.00844
10	0.01189	0.01134	0.01930	0.32896	0.49406	0.01225	0.01563	0.01518	0.01147	0.01582	0.00973	0.01347	0.00786	0.00493	0.00525	0.00164	0.00658	0.00471	0.00251	0.00741
11	0.01261	0.01074	0.01155	0.01064	0.01342	0.01232	0.00839	0.02609	0.68295	0.02138	0.02227	0.02439	0.01781	0.00804	0.00560	0.00187	0.00426	0.09239	0.00532	0.00796
12	0.00748	0.00540	0.00707	0.00665	0.00790	0.00499	0.00499	0.00998	0.01496	0.02120	0.77844	0.03949	0.04988	0.01081	0.00624	0.00166	0.00249	0.00956	0.00582	0.00499
13	0.01428	0.01661	0.01908	0.01546	0.01838	0.31306	0.24774	0.01670	0.01221	0.01406	0.00991	0.01330	0.00837	0.01177	0.14944	0.00290	0.10305	0.00485	0.00268	0.00615
14	0.85155	0.01022	0.00777	0.00695	0.01022	0.01186	0.00573	0.01554	0.00900	0.02372	0.00736	0.00859	0.00573	0.00491	0.00327	0.00164	0.00409	0.00286	0.00327	0.00573
15	0.00672	0.00482	0.00638	0.00717	0.00773	0.00448	0.00493	0.00806	0.01142	0.01556	0.22959	0.60444	0.03896	0.01502	0.00661	0.00202	0.00291	0.01357	0.00515	0.00448
16	0.09166	0.00929	0.01012	0.00829	0.01125	0.00964	0.00670	0.24234	0.01596	0.19466	0.01579	0.01621	0.01137	0.00619	0.00450	0.00147	0.00408	0.00478	0.32859	0.00713
17	0.00734	0.00540	0.00686	0.00650	0.00781	0.00493	0.00487	0.00969	0.01462	0.02038	0.69288	0.04083	0.13596	0.01111	0.00624	0.00168	0.00252	0.00975	0.00571	0.00493
18	0.02304	0.01008	0.01294	0.00992	0.01403	0.00938	0.00819	0.16310	0.01694	0.64500	0.01934	0.01701	0.01232	0.00651	0.00531	0.00163	0.00474	0.00521	0.00631	0.00900
19	0.01096	0.00940	0.01096	0.00783	0.01253	0.00705	0.00626	0.01331	0.01096	0.01723	0.00940	0.01096	0.00783	0.00392	0.00392	0.00078	0.00392	0.00313	0.00313	0.84653
20	0.01975	0.02520	0.01498	0.01362	0.01634	0.79299	0.01021	0.02111	0.01498	0.01294	0.00817	0.00953	0.00681	0.00545	0.00477	0.00136	0.00953	0.00340	0.00272	0.00613
21	0.81874	0.01040	0.00809	0.00716	0.01047	0.01204	0.00590	0.04506	0.00962	0.02410	0.00757	0.00875	0.00585	0.00496	0.00335	0.00163	0.00416	0.00294	0.00335	0.00585

[dist]
# distance from previous block
# <min> <max>
0	1

[block]
# block no. 8 follows, 46 sequences, length 64
# corresponding to MSA columns:
# 251-302,304-315
name=unknown_I
#
# <colnr> <probs for GDERKNQSTAVLIFYWHMCP>
#	G	D	E	R	K	N	Q	S	T	A	V	L	I	F	Y	W	H	M	C	P
0	0.00794	0.05410	0.00964	0.00853	0.00969	0.00746	0.00675	0.00982	0.00863	0.01228	0.01375	0.02004	0.01283	0.03755	0.74613	0.00806	0.01365	0.00549	0.00280	0.00484
1	0.00650	0.00464	0.00620	0.00743	0.00776	0.00434	0.00501	0.00746	0.01018	0.01356	0.02911	0.79015	0.03484	0.01651	0.00676	0.00215	0.00312	0.03508	0.00491	0.00431
2	0.01430	0.00669	0.00765	0.00662	0.00883	0.00646	0.00522	0.06573	0.01310	0.22851	0.01793	0.01878	0.01312	0.00628	0.00424	0.00137	0.00324	0.00502	0.56062	0.00630
3	0.02010	0.01481	0.01587	0.01216	0.01639	0.01639	0.01005	0.76360	0.02486	0.03332	0.01269	0.01269	0.00899	0.00635	0.00529	0.00159	0.00582	0.00476	0.00529	0.00899
4	0.00757	0.00557	0.00804	0.00804	0.00883	0.00636	0.00604	0.00915	0.00836	0.01193	0.01458	0.02308	0.01422	0.16913	0.66515	0.00793	0.01265	0.00600	0.00289	0.00447
5	0.00739	0.00526	0.00674	0.00659	0.00751	0.00493	0.00468	0.00929	0.01318	0.01846	0.56284	0.12951	0.04300	0.14579	0.00975	0.00230	0.00300	0.00989	0.00527	0.00461
6	0.01327	0.62415	0.21338	0.01052	0.01585	0.01880	0.01161	0.01605	0.01084	0.01349	0.00787	0.00914	0.00676	0.00465	0.00379	0.00126	0.00618	0.00309	0.00225	0.00704
7	0.01999	0.01811	0.01558	0.01263	0.01638	0.26347	0.01010	0.52737	0.02171	0.02683	0.01125	0.01169	0.00830	0.00606	0.00512	0.00152	0.00700	0.00433	0.00447	0.00808
8	0.00692	0.00533	0.00632	0.00619	0.00758	0.00473	0.00460	0.00885	0.01347	0.01792	0.43915	0.09700	0.33839	0.01223	0.00628	0.00174	0.00261	0.01057	0.00540	0.00473
9	0.00625	0.00536	0.00536	0.00536	0.00714	0.00446	0.00402	0.00759	0.01205	0.01428	0.05355	0.05088	0.77909	0.01339	0.00625	0.00179	0.00268	0.01116	0.00491	0.00446
10	0.01310	0.01307	0.01139	0.01114	0.01333	0.22802	0.00895	0.01914	0.24987	0.01698	0.02044	0.03319	0.01937	0.00973	0.00599	0.00193	0.00596	0.30767	0.00443	0.00631
11	0.00644	0.00462	0.00611	0.00730	0.00765	0.00430	0.00488	0.00737	0.01018	0.01352	0.02986	0.78815	0.05711	0.01647	0.00673	0.00214	0.00306	0.01491	0.00491	0.00430
12	0.00918	0.00459	0.00689	0.00689	0.00689	0.00459	0.00459	0.00689	0.00689	0.00918	0.00918	0.01607	0.00918	0.01837	0.02066	0.84619	0.00459	0.00459	0.00230	0.00230
13	0.01413	0.81739	0.02770	0.00905	0.01357	0.02092	0.00905	0.01583	0.01074	0.01244	0.00735	0.00848	0.00678	0.00452	0.00339	0.00113	0.00565	0.00283	0.00226	0.00678
14	0.00745	0.00565	0.00720	0.00742	0.00870	0.00491	0.00520	0.00876	0.01059	0.01474	0.06972	0.59749	0.03018	0.01357	0.00612	0.00183	0.00321	0.01221	0.00459	0.18046
15	0.00998	0.00940	0.01586	0.80150	0.03641	0.01175	0.01468	0.01351	0.01057	0.01351	0.00940	0.01409	0.00705	0.00529	0.00529	0.00176	0.00705	0.00470	0.00235	0.00587
16	0.01916	0.01393	0.01363	0.01106	0.01457	0.14700	0.00886	0.33936	0.04661	0.21155	0.08633	0.03547	0.01433	0.00693	0.00533	0.00159	0.00570	0.00540	0.00520	0.00799
17	0.00635	0.00497	0.00575	0.00637	0.00741	0.00438	0.00447	0.00747	0.01108	0.01388	0.04123	0.43447	0.40345	0.01499	0.00650	0.00197	0.00287	0.01311	0.00491	0.00438
18	0.01237	0.26991	0.34421	0.01786	0.22381	0.01505	0.01537	0.01632	0.01127	0.01554	0.00894	0.01084	0.00717	0.00478	0.00457	0.00148	0.00673	0.00379	0.00234	0.00764
19	0.01385	0.01207	0.01848	0.22795	0.26531	0.01347	0.05822	0.17172	0.01399	0.04287	0.01040	0.01331	0.00811	0.00578	0.00675	0.00173	0.10051	0.00482	0.00319	0.00748
20	0.01159	0.00955	0.01115	0.00801	0.01267	0.00736	0.00642	0.03690	0.01151	0.03854	0.00981	0.01121	0.00801	0.00406	0.00400	0.00083	0.00399	0.00324	0.00329	0.79787
21	0.00637	0.00486	0.00586	0.00666	0.00748	0.00435	0.00460	0.00744	0.01079	0.01377	0.03766	0.54545	0.29478	0.01545	0.00657	0.00202	0.00293	0.01368	0.00491	0.00435
22	0.01393	0.01183	0.01709	0.33063	0.22401	0.01326	0.01338	0.25272	0.01549	0.02079	0.01105	0.03220	0.00867	0.00574	0.00531	0.00167	0.00636	0.00496	0.00341	0.00748
23	0.01212	0.01353	0.02851	0.02058	0.02557	0.01279	0.67299	0.01694	0.05337	0.01704	0.01402	0.01689	0.05772	0.00517	0.00619	0.00178	0.00826	0.00654	0.00296	0.00703
24	0.00625	0.00536	0.00536	0.00536	0.00714	0.00446	0.00402	0.00759	0.01205	0.01428	0.05355	0.05088	0.77909	0.01339	0.00625	0.00179	0.00268	0.01116	0.00491	0.00446
25	0.01276	0.01413	0.03072	0.02196	0.02728	0.01323	0.74327	0.01715	0.01254	0.03604	0.01095	0.01435	0.00815	0.00451	0.00622	0.00178	0.00880	0.00622	0.00277	0.00718
26	0.01641	0.01203	0.01353	0.01139	0.01466	0.01311	0.00956	0.52414	0.02082	0.02775	0.01756	0.02763	0.01581	0.00897	0.00593	0.00186	0.00552	0.24048	0.00515	0.00768
27	0.11621	0.01312	0.01919	0.01431	0.01876	0.01346	0.24841	0.31459	0.01742	0.15262	0.01279	0.01359	0.00898	0.00561	0.00536	0.00166	0.00638	0.00510	0.00443	0.00802
28	0.01250	0.01197	0.02041	0.17686	0.64137	0.01241	0.01593	0.01571	0.01176	0.01656	0.00984	0.01327	0.00812	0.00482	0.00524	0.00161	0.00642	0.00471	0.00257	0.00790
29	0.01982	0.02306	0.01516	0.01332	0.01635	0.63327	0.01018	0.17382	0.01701	0.01713	0.00910	0.01018	0.00726	0.00563	0.00487	0.00141	0.00877	0.00368	0.00325	0.00672
30	0.00987	0.00959	0.01274	0.01117	0.01174	0.01246	0.00916	0.01109	0.00935	0.01322	0.02177	0.02407	0.25261	0.01057	0.01382	0.00215	0.54942	0.00670	0.00314	0.00536
31	0.01044	0.00771	0.00913	0.00897	0.01051	0.00805	0.00670	0.19414	0.06991	0.01916	0.02446	0.49801	0.02687	0.01322	0.00633	0.00201	0.00396	0.06958	0.00503	0.00579
32	0.01239	0.01400	0.02974	0.02147	0.02629	0.01364	0.68910	0.01652	0.01205	0.01652	0.01033	0.01400	0.00792	0.00492	0.00732	0.00183	0.08624	0.00608	0.00264	0.00700
33	0.00636	0.00492	0.00580	0.00650	0.00744	0.00437	0.00453	0.00746	0.01095	0.01383	0.03959	0.48562	0.35336	0.01520	0.00653	0.00199	0.00290	0.01337	0.00491	0.00437
34	0.06218	0.01255	0.01421	0.01094	0.01508	0.01315	0.00904	0.46871	0.02067	0.29582	0.01529	0.01435	0.01026	0.00634	0.00520	0.00161	0.00527	0.00486	0.00563	0.00883
35	0.00918	0.00459	0.00689	0.00689	0.00689	0.00459	0.00459	0.00689	0.00689	0.00918	0.00918	0.01607	0.00918	0.01837	0.02066	0.84619	0.00459	0.00459	0.00230	0.00230
36	0.00985	0.00493	0.00493	0.00493	0.00616	0.00493	0.00370	0.01232	0.01109	0.01971	0.01725	0.01971	0.01355	0.00616	0.00370	0.00123	0.00246	0.00493	0.84356	0.00493
37	0.01099	0.00951	0.01122	0.00813	0.01260	0.00751	0.00653	0.01328	0.01082	0.01700	0.00927	0.01099	0.00779	0.00418	0.00459	0.00086	0.04404	0.00321	0.00309	0.80439
38	0.01349	0.01153	0.01215	0.01083	0.01388	0.01331	0.00845	0.06420	0.73502	0.02266	0.02108	0.01938	0.01579	0.00713	0.00537	0.00178	0.00426	0.00592	0.00537	0.00840
39	0.00998	0.00940	0.01586	0.80150	0.03641	0.01175	0.01468	0.01351	0.01057	0.01351	0.00940	0.01409	0.00705	0.00529	0.00529	0.00176	0.00705	0.00470	0.00235	0.00587
40	0.01764	0.01422	0.01444	0.01176	0.01546	0.06159	0.00947	0.46093	0.28660	0.02817	0.01552	0.01497	0.01137	0.00658	0.00529	0.00165	0.00547	0.00511	0.00517	0.00860
41	0.02027	0.01452	0.01569	0.01203	0.01625	0.01597	0.00994	0.72738	0.02438	0.07021	0.01309	0.01295	0.00919	0.00636	0.00529	0.00159	0.00575	0.00479	0.00535	0.00899
