[name]
unknown

[dist]
# distance from previous block
# <min> <max>
18	392

[block]
# block no. 0 follows, 48 sequences, length 12
# corresponding to MSA columns:
# 404-415
name=unknown_A
#
# <colnr> <probs for GDERKNQSTAVLIFYWHMCP>
#	G	D	E	R	K	N	Q	S	T	A	V	L	I	F	Y	W	H	M	C	P
0	0.00879	0.06620	0.04577	0.00753	0.00955	0.00731	0.00608	0.09748	0.01250	0.01639	0.10213	0.28319	0.23426	0.03675	0.00639	0.00182	0.00362	0.00982	0.00446	0.03996
1	0.05204	0.20770	0.08612	0.11972	0.04968	0.08490	0.01081	0.22809	0.04903	0.01959	0.00991	0.01121	0.00768	0.00523	0.00449	0.00143	0.00607	0.00388	0.00329	0.03915
2	0.03787	0.01293	0.14834	0.07469	0.17294	0.04416	0.05458	0.01369	0.01077	0.01555	0.01184	0.10576	0.01107	0.05507	0.00616	0.00165	0.00565	0.00537	0.00290	0.20902
3	0.03907	0.16570	0.06802	0.10260	0.06535	0.11588	0.01006	0.11266	0.03660	0.11739	0.01177	0.04539	0.00954	0.02936	0.00525	0.00155	0.00590	0.00449	0.00349	0.04994
4	0.01020	0.01137	0.13482	0.00992	0.01266	0.06485	0.05416	0.06444	0.04958	0.03820	0.30244	0.17913	0.02827	0.00937	0.00573	0.00169	0.00457	0.00823	0.00448	0.00587
5	0.01206	0.02728	0.01254	0.03824	0.06767	0.04285	0.08048	0.09268	0.06489	0.10064	0.05294	0.12084	0.11373	0.06513	0.02977	0.05574	0.00516	0.00723	0.00412	0.00600
6	0.03776	0.15938	0.14515	0.06952	0.13045	0.03382	0.06469	0.07988	0.01266	0.15226	0.01178	0.04393	0.00920	0.00562	0.00504	0.00154	0.02198	0.00464	0.00339	0.00733
7	0.01083	0.01114	0.12853	0.21097	0.11549	0.00960	0.04529	0.01433	0.03324	0.08825	0.06203	0.01774	0.03604	0.01299	0.17790	0.00308	0.00771	0.00531	0.00317	0.00635
8	0.00729	0.00609	0.00662	0.00742	0.00813	0.06166	0.00518	0.00839	0.01067	0.01357	0.06337	0.60441	0.11850	0.01462	0.00635	0.00198	0.00343	0.04330	0.00465	0.00437
9	0.01687	0.12953	0.07521	0.01301	0.06693	0.40517	0.01026	0.07703	0.01409	0.07964	0.01206	0.01281	0.05443	0.00571	0.00466	0.00139	0.00731	0.00406	0.00317	0.00666
10	0.21027	0.04398	0.01296	0.19767	0.04339	0.01220	0.00929	0.19856	0.06564	0.07981	0.01410	0.01508	0.06428	0.00603	0.00467	0.00160	0.00512	0.00467	0.00387	0.00681
11	0.00774	0.00600	0.00676	0.00678	0.00809	0.00584	0.00491	0.05505	0.06655	0.01472	0.03375	0.22549	0.32856	0.13345	0.04650	0.00261	0.00392	0.03411	0.00448	0.00467

[dist]
# distance from previous block
# <min> <max>
0	1

[block]
# block no. 1 follows, 48 sequences, length 26
# corresponding to MSA columns:
# 417-442
name=unknown_B
#
# <colnr> <probs for GDERKNQSTAVLIFYWHMCP>
#	G	D	E	R	K	N	Q	S	T	A	V	L	I	F	Y	W	H	M	C	P
0	0.01511	0.01203	0.01297	0.01046	0.01417	0.01292	0.00840	0.32834	0.32307	0.02500	0.01513	0.01473	0.01128	0.00603	0.00491	0.00147	0.00466	0.00479	0.00477	0.16978
1	0.01532	0.09029	0.10311	0.02476	0.04543	0.04988	0.02505	0.19446	0.03957	0.15054	0.06857	0.02804	0.01213	0.00589	0.00483	0.00142	0.00532	0.00472	0.00414	0.12652
2	0.01629	0.12857	0.11834	0.01143	0.01570	0.09478	0.04718	0.18759	0.08514	0.16136	0.01323	0.03835	0.00998	0.00588	0.00483	0.00149	0.00585	0.00463	0.00407	0.04530
3	0.01449	0.16373	0.16484	0.01680	0.17245	0.27628	0.05056	0.01722	0.01209	0.01419	0.00844	0.01039	0.00696	0.00504	0.00520	0.00144	0.04686	0.00375	0.00243	0.00684
4	0.00775	0.00448	0.00639	0.00687	0.00703	0.00435	0.00460	0.00697	0.00823	0.01101	0.04054	0.35017	0.02055	0.01687	0.01400	0.47109	0.00378	0.00883	0.00339	0.00312
5	0.01087	0.01369	0.21468	0.01281	0.08222	0.07219	0.05685	0.01399	0.02541	0.07747	0.03344	0.22659	0.07238	0.00918	0.00565	0.00177	0.00551	0.05536	0.00374	0.00621
6	0.09879	0.16166	0.36070	0.08043	0.05800	0.01348	0.10774	0.01597	0.02910	0.01612	0.00907	0.01101	0.00690	0.00477	0.00460	0.00155	0.00675	0.00393	0.00243	0.00700
7	0.01466	0.07506	0.01057	0.00793	0.01017	0.00778	0.00609	0.04935	0.01172	0.32625	0.01823	0.10757	0.01632	0.24868	0.05226	0.00295	0.00504	0.01863	0.00461	0.00613
8	0.00673	0.00489	0.00634	0.00668	0.00752	0.00451	0.00475	0.00839	0.01223	0.01678	0.39731	0.38883	0.08963	0.01316	0.00628	0.00183	0.00268	0.01177	0.00519	0.00451
9	0.01473	0.26780	0.08088	0.11089	0.05007	0.20983	0.01077	0.04757	0.10169	0.04505	0.01016	0.01135	0.00806	0.00520	0.00442	0.00140	0.00658	0.00379	0.00296	0.00681
10	0.01151	0.07875	0.01157	0.06874	0.01244	0.01006	0.00725	0.18550	0.05199	0.03754	0.01452	0.07125	0.01370	0.19597	0.20261	0.00396	0.00725	0.00602	0.00365	0.00573
11	0.40693	0.01026	0.01050	0.00850	0.01212	0.01083	0.00701	0.15031	0.01358	0.30436	0.01282	0.01235	0.00871	0.00558	0.00424	0.00158	0.00441	0.00397	0.00467	0.00727
12	0.00838	0.01191	0.21996	0.00994	0.01325	0.00771	0.06705	0.01225	0.06922	0.01614	0.14114	0.17759	0.20500	0.00990	0.00577	0.00175	0.00456	0.00867	0.00407	0.00574
13	0.02717	0.32088	0.19556	0.01084	0.01524	0.01408	0.05547	0.01670	0.10625	0.05847	0.01230	0.03694	0.01064	0.05847	0.00589	0.00171	0.00575	0.03782	0.00308	0.00675
14	0.01527	0.01141	0.01212	0.00974	0.01294	0.03107	0.00788	0.47783	0.01990	0.04682	0.13143	0.02316	0.16186	0.00806	0.00543	0.00158	0.00466	0.00645	0.00511	0.00726
15	0.00878	0.04224	0.00832	0.00710	0.00857	0.03195	0.00529	0.05938	0.04935	0.01622	0.24371	0.04430	0.17460	0.17757	0.09757	0.00303	0.00487	0.00793	0.00433	0.00487
16	0.01448	0.08280	0.35088	0.01443	0.05979	0.34650	0.01400	0.01816	0.02662	0.01450	0.00875	0.01023	0.00681	0.00504	0.00467	0.00145	0.00799	0.00359	0.00245	0.00686
17	0.01166	0.01077	0.01877	0.37689	0.22750	0.01170	0.13610	0.05138	0.01181	0.03808	0.01082	0.01566	0.00870	0.00538	0.00536	0.00168	0.00671	0.04152	0.00277	0.00672
18	0.01453	0.03694	0.12540	0.01551	0.02026	0.01318	0.30728	0.26775	0.01588	0.05935	0.01242	0.06490	0.00983	0.00587	0.00550	0.00165	0.00684	0.00569	0.00370	0.00751
19	0.01240	0.01204	0.02088	0.04516	0.66721	0.01203	0.08043	0.01576	0.02834	0.01668	0.01117	0.01402	0.03065	0.00486	0.00520	0.00156	0.00619	0.00491	0.00266	0.00786
20	0.01105	0.00987	0.01515	0.66138	0.03161	0.01202	0.01332	0.10388	0.06163	0.01593	0.01026	0.01387	0.00763	0.00537	0.00514	0.00169	0.00652	0.00465	0.00281	0.00622
21	0.00731	0.00488	0.00658	0.00759	0.00819	0.00459	0.00543	0.00849	0.01035	0.04818	0.02775	0.66244	0.03230	0.01534	0.00657	0.00211	0.00331	0.12928	0.00483	0.00446
22	0.01029	0.02654	0.79309	0.01462	0.02221	0.01192	0.01896	0.01625	0.01083	0.01625	0.00921	0.01083	0.00650	0.00487	0.00487	0.00162	0.00758	0.00379	0.00217	0.00758
23	0.19381	0.13034	0.22407	0.01294	0.10418	0.01304	0.01151	0.09946	0.01184	0.04333	0.01011	0.04578	0.00831	0.00565	0.00497	0.00156	0.04472	0.00418	0.02330	0.00692
24	0.01800	0.01749	0.01390	0.06739	0.01643	0.39123	0.00967	0.16831	0.07716	0.11264	0.01236	0.01435	0.00964	0.00615	0.00499	0.00151	0.00714	0.04083	0.00387	0.00693
25	0.00620	0.00468	0.00573	0.00656	0.00729	0.00422	0.00450	0.00721	0.01038	0.01333	0.03538	0.58642	0.25925	0.01515	0.00640	0.00198	0.00286	0.01346	0.00476	0.00422

[dist]
# distance from previous block
# <min> <max>
0	2

[block]
# block no. 2 follows, 48 sequences, length 49
# corresponding to MSA columns:
# 445-493
name=unknown_C
#
# <colnr> <probs for GDERKNQSTAVLIFYWHMCP>
#	G	D	E	R	K	N	Q	S	T	A	V	L	I	F	Y	W	H	M	C	P
0	0.32003	0.01498	0.01303	0.05416	0.13160	0.24384	0.00936	0.10279	0.01288	0.04102	0.00881	0.01025	0.00688	0.00511	0.00427	0.00150	0.00620	0.00357	0.00319	0.00652
1	0.01819	0.01271	0.01467	0.11575	0.01791	0.01401	0.00994	0.52142	0.07535	0.12702	0.01354	0.01365	0.00949	0.00611	0.00514	0.00158	0.00552	0.00477	0.00492	0.00829
2	0.08526	0.25574	0.01837	0.27635	0.06983	0.06771	0.02652	0.01511	0.01071	0.04313	0.00867	0.01110	0.00700	0.00492	0.00467	0.00143	0.03069	0.00374	0.00258	0.05646
3	0.10093	0.00637	0.00717	0.04200	0.00940	0.00617	0.00526	0.02404	0.02976	0.05642	0.31065	0.03634	0.32631	0.01024	0.00562	0.00166	0.00305	0.00860	0.00490	0.00509
4	0.01180	0.01075	0.01508	0.01785	0.29174	0.01127	0.05540	0.04195	0.30658	0.01854	0.02112	0.02132	0.14016	0.00692	0.00536	0.00165	0.00487	0.00617	0.00402	0.00744
5	0.00705	0.00519	0.00659	0.00633	0.00756	0.00474	0.00472	0.00923	0.01388	0.01927	0.64555	0.08595	0.14258	0.01114	0.00608	0.00166	0.00248	0.00979	0.00548	0.00474
6	0.01152	0.03018	0.14748	0.08147	0.19063	0.04568	0.09785	0.01556	0.05773	0.05231	0.16869	0.01874	0.02951	0.00633	0.00558	0.00161	0.02318	0.00567	0.00345	0.00681
7	0.01622	0.05532	0.01644	0.12778	0.16740	0.48972	0.01162	0.01818	0.01310	0.01342	0.00838	0.01052	0.00694	0.00515	0.00492	0.00142	0.02085	0.00372	0.00255	0.00636
8	0.75089	0.01130	0.00846	0.00750	0.01067	0.07548	0.00610	0.04919	0.00989	0.02259	0.00744	0.00859	0.00578	0.00487	0.00338	0.00156	0.00447	0.00290	0.00322	0.00573
9	0.28923	0.01244	0.01230	0.00997	0.01359	0.01402	0.00815	0.41631	0.13048	0.02772	0.01191	0.01204	0.00872	0.00583	0.00451	0.00158	0.00487	0.00420	0.00451	0.00761
10	0.00961	0.00712	0.00795	0.00741	0.00936	0.00695	0.00560	0.12774	0.07284	0.05210	0.06722	0.23693	0.32886	0.01167	0.00589	0.00176	0.00338	0.00997	0.00493	0.02271
11	0.01820	0.01339	0.01442	0.01139	0.01523	0.01486	0.00930	0.57599	0.18743	0.06379	0.01453	0.01403	0.01041	0.00634	0.00515	0.00159	0.00525	0.00490	0.00521	0.00860
12	0.00988	0.00925	0.01314	0.01167	0.01198	0.01250	0.00956	0.01125	0.00799	0.01220	0.00916	0.01431	0.00884	0.01917	0.28711	0.00432	0.53516	0.00484	0.00242	0.00526
13	0.01748	0.00924	0.01142	0.02702	0.01285	0.03286	0.00768	0.05805	0.09712	0.42962	0.11396	0.02171	0.05347	0.00753	0.00608	0.00167	0.05515	0.02404	0.00550	0.00753
14	0.01204	0.01366	0.02856	0.02062	0.02549	0.03499	0.70346	0.01613	0.01196	0.01606	0.01050	0.01407	0.00804	0.00632	0.05173	0.00209	0.00896	0.00594	0.00261	0.00676
15	0.00697	0.00521	0.00634	0.00688	0.00774	0.00495	0.00481	0.04432	0.01077	0.01399	0.03191	0.50121	0.21689	0.05611	0.05441	0.00248	0.00375	0.01228	0.00458	0.00440
16	0.00619	0.00469	0.00573	0.00656	0.00729	0.00422	0.00450	0.00721	0.01039	0.01333	0.03544	0.58464	0.26100	0.01514	0.00640	0.00198	0.00286	0.01345	0.00476	0.00422
17	0.01320	0.70194	0.14316	0.00967	0.01454	0.01903	0.01032	0.01550	0.01049	0.01271	0.00745	0.00863	0.00657	0.00446	0.00353	0.00118	0.00581	0.00290	0.00219	0.00674
18	0.27613	0.01078	0.01079	0.00929	0.01253	0.01211	0.00744	0.10431	0.36829	0.11301	0.01561	0.01485	0.01143	0.00612	0.00457	0.00165	0.00424	0.00466	0.00471	0.00746
19	0.00695	0.00511	0.00696	0.00767	0.00820	0.00526	0.00543	0.02612	0.00974	0.01326	0.02387	0.58526	0.02758	0.02110	0.19884	0.00357	0.02452	0.01191	0.00423	0.00441
20	0.01128	0.00950	0.01098	0.00790	0.01243	0.00750	0.00635	0.06786	0.01162	0.01785	0.00935	0.01076	0.00768	0.00397	0.00390	0.00082	0.00393	0.00315	0.00319	0.78997
21	0.01726	0.01809	0.01382	0.01205	0.01509	0.38443	0.00932	0.18620	0.25348	0.01963	0.01290	0.01299	0.00988	0.00600	0.00492	0.00150	0.00686	0.00437	0.00399	0.00723
22	0.05709	0.04934	0.18485	0.02136	0.02793	0.10515	0.00966	0.04717	0.02209	0.03483	0.02538	0.17427	0.03499	0.00736	0.00488	0.00148	0.00535	0.00605	0.00338	0.17740
23	0.06059	0.15088	0.19886	0.01309	0.08439	0.01355	0.02392	0.21036	0.01486	0.16424	0.01166	0.01209	0.00835	0.00536	0.00468	0.00150	0.00583	0.00413	0.00380	0.00785
24	0.01806	0.01149	0.01299	0.01052	0.01415	0.01231	0.00851	0.28010	0.29774	0.25036	0.01778	0.01632	0.01243	0.00651	0.00517	0.00163	0.00469	0.00521	0.00552	0.00851
25	0.01227	0.01356	0.05882	0.04070	0.38231	0.02635	0.34061	0.01594	0.01182	0.01638	0.01026	0.02815	0.00834	0.00472	0.00551	0.00163	0.00728	0.00534	0.00259	0.00742
26	0.01057	0.01315	0.15904	0.16996	0.19700	0.02796	0.12487	0.01398	0.01111	0.01515	0.01318	0.08763	0.01225	0.00715	0.00591	0.02239	0.00649	0.09288	0.00287	0.00645
27	0.01254	0.41280	0.02555	0.03168	0.06789	0.01624	0.24499	0.01510	0.01094	0.01386	0.01055	0.01260	0.04579	0.00510	0.00525	0.00143	0.05418	0.00443	0.00247	0.00660
28	0.01683	0.35472	0.01986	0.01064	0.01456	0.14897	0.00925	0.31332	0.01651	0.02027	0.00950	0.01022	0.00756	0.00527	0.00425	0.00131	0.00612	0.00362	0.01994	0.00729
29	0.01156	0.13753	0.14530	0.04794	0.05549	0.03583	0.09137	0.11648	0.01265	0.01693	0.06166	0.12671	0.01431	0.02196	0.07956	0.00226	0.00662	0.00611	0.00331	0.00641
30	0.00649	0.00491	0.00600	0.00637	0.00736	0.00441	0.00453	0.00795	0.01175	0.01551	0.25632	0.36422	0.25847	0.01354	0.00626	0.00184	0.00270	0.01193	0.00502	0.00441
31	0.02262	0.00937	0.01230	0.00943	0.01342	0.00849	0.00779	0.10909	0.01575	0.70563	0.01935	0.01688	0.01225	0.00633	0.00516	0.00158	0.00451	0.00510	0.00621	0.00873
32	0.06422	0.06538	0.06682	0.29722	0.02179	0.01033	0.10948	0.02985	0.01078	0.01492	0.02519	0.20639	0.02538	0.00795	0.00539	0.00176	0.00573	0.02258	0.00316	0.00569
33	0.01298	0.05321	0.04082	0.02538	0.55739	0.04709	0.01389	0.01798	0.14701	0.01716	0.01142	0.01341	0.00927	0.00502	0.00499	0.00153	0.00589	0.00462	0.00299	0.00794
34	0.00651	0.00511	0.00588	0.00592	0.00726	0.00448	0.00435	0.00814	0.01241	0.01608	0.30299	0.15654	0.42091	0.01257	0.00613	0.00174	0.00259	0.01083	0.00507	0.00448
35	0.00625	0.00448	0.00594	0.00710	0.00743	0.00417	0.00474	0.00715	0.00986	0.01311	0.02879	0.79978	0.05015	0.01601	0.00654	0.00208	0.00297	0.01451	0.00476	0.00417
36	0.01319	0.01106	0.01849	0.21320	0.51850	0.01146	0.01443	0.01620	0.01170	0.10632	0.01076	0.01349	0.00836	0.00491	0.00510	0.00158	0.00607	0.00464	0.00292	0.00762
37	0.04657	0.01029	0.01253	0.00975	0.01359	0.01009	0.00802	0.22706	0.05315	0.49820	0.04420	0.01659	0.01278	0.00642	0.00513	0.00158	0.00462	0.00511	0.00584	0.00847
38	0.03751	0.01435	0.01488	0.01163	0.01557	0.04268	0.00953	0.66666	0.08550	0.03055	0.01276	0.01269	0.00915	0.00616	0.00508	0.00155	0.00560	0.00463	0.00501	0.00851
39	0.03028	0.00909	0.01050	0.01050	0.05704	0.03340	0.00743	0.23361	0.04779	0.01951	0.02032	0.42693	0.02179	0.01125	0.00621	0.00185	0.03216	0.00972	0.00457	0.00605
40	0.00825	0.00654	0.00732	0.00726	0.00791	0.05722	0.00503	0.00945	0.02350	0.01149	0.01579	0.05376	0.02830	0.38582	0.32603	0.00572	0.00851	0.00663	0.02142	0.00406
41	0.00866	0.00547	0.00671	0.00653	0.00766	0.00506	0.00467	0.00997	0.01131	0.09326	0.22151	0.12301	0.16528	0.24422	0.01186	0.00270	0.00360	0.05928	0.00467	0.00456
42	0.00706	0.00512	0.00701	0.00721	0.00793	0.00530	0.00521	0.00857	0.01003	0.01401	0.20085	0.22274	0.02724	0.12608	0.31640	0.00473	0.00728	0.00889	0.00398	0.00435
43	0.01841	0.02319	0.01465	0.01324	0.01563	0.72419	0.01004	0.01971	0.01390	0.01254	0.00782	0.00944	0.00662	0.00564	0.00579	0.00141	0.08582	0.00342	0.00261	0.00592
44	0.01580	0.01289	0.01449	0.20051	0.01984	0.06044	0.01042	0.43181	0.09700	0.02452	0.01297	0.05313	0.01012	0.00644	0.00518	0.00161	0.00585	0.00514	0.00430	0.00755
45	0.01097	0.01246	0.10613	0.01879	0.29154	0.05698	0.09242	0.01362	0.01042	0.01437	0.01120	0.01696	0.01024	0.14320	0.13766	0.00322	0.03567	0.00518	0.00263	0.00633
46	0.00956	0.00478	0.00478	0.00478	0.00598	0.00478	0.00359	0.01196	0.01076	0.01913	0.01674	0.01913	0.01315	0.00598	0.00359	0.00120	0.00239	0.00478	0.84816	0.00478
47	0.01140	0.00701	0.01005	0.01177	0.15042	0.00649	0.00733	0.01313	0.01194	0.19505	0.10137	0.33420	0.09702	0.01088	0.00586	0.00179	0.00377	0.00969	0.00482	0.00603
48	0.01139	0.00972	0.01157	0.00945	0.05850	0.00807	0.00700	0.05466	0.06616	0.01790	0.01016	0.01146	0.00827	0.00420	0.00405	0.00092	0.00405	0.00341	0.00328	0.69580

[dist]
# distance from previous block
# <min> <max>
0	1

[block]
# block no. 3 follows, 48 sequences, length 20
# corresponding to MSA columns:
# 495-514
name=unknown_D
#
# <colnr> <probs for GDERKNQSTAVLIFYWHMCP>
#	G	D	E	R	K	N	Q	S	T	A	V	L	I	F	Y	W	H	M	C	P
0	0.05670	0.01332	0.01378	0.03250	0.01445	0.20969	0.06838	0.05792	0.01213	0.09571	0.01457	0.09696	0.06294	0.00839	0.02272	0.00185	0.18652	0.00576	0.00346	0.02225
1	0.51376	0.04749	0.07188	0.04861	0.01307	0.08466	0.00776	0.05294	0.01053	0.05260	0.00874	0.01073	0.00695	0.04598	0.00488	0.00172	0.00510	0.00342	0.00319	0.00597
2	0.00733	0.00542	0.00583	0.00565	0.00743	0.00459	0.00426	0.00877	0.01211	0.06693	0.11918	0.07119	0.63840	0.01241	0.00602	0.00172	0.00271	0.01042	0.00496	0.00467
3	0.01609	0.17974	0.03814	0.01111	0.01530	0.11978	0.04731	0.30089	0.01638	0.03805	0.01007	0.01091	0.00778	0.00512	0.00448	0.00129	0.00593	0.00383	0.00363	0.16416
4	0.37843	0.10162	0.05923	0.00953	0.01341	0.04843	0.00839	0.28573	0.01480	0.02431	0.00915	0.00994	0.00690	0.00525	0.00405	0.00151	0.00518	0.00352	0.00369	0.00694
5	0.03722	0.25109	0.17911	0.01317	0.11483	0.03497	0.02980	0.01399	0.01016	0.01396	0.00988	0.01293	0.00855	0.01429	0.23131	0.00334	0.00850	0.00408	0.00244	0.00638
6	0.01208	0.17498	0.38007	0.05738	0.14326	0.01365	0.04791	0.03463	0.01129	0.04242	0.00931	0.01119	0.00713	0.00492	0.00502	0.00153	0.02946	0.00394	0.00248	0.00736
7	0.00956	0.00478	0.00478	0.00478	0.00598	0.00478	0.00359	0.01196	0.01076	0.01913	0.01674	0.01913	0.01315	0.00598	0.00359	0.00120	0.00239	0.00478	0.84816	0.00478
8	0.27837	0.01196	0.13764	0.24574	0.02023	0.01062	0.04877	0.01480	0.01072	0.06850	0.09551	0.01452	0.01143	0.00561	0.00462	0.00164	0.00549	0.00451	0.00320	0.00612
9	0.01127	0.01919	0.02851	0.03042	0.04694	0.02247	0.09703	0.06990	0.11091	0.09303	0.09573	0.26120	0.05497	0.01029	0.02210	0.00191	0.00473	0.00868	0.00451	0.00620
10	0.00855	0.00580	0.00782	0.00764	0.00857	0.00625	0.00573	0.00987	0.00902	0.06442	0.01874	0.02871	0.07749	0.24339	0.37695	0.00567	0.03981	0.06768	0.00339	0.00449
11	0.00639	0.00462	0.00608	0.00719	0.00765	0.00431	0.00497	0.00742	0.01010	0.01332	0.02980	0.70760	0.08433	0.01572	0.00656	0.00208	0.00308	0.06981	0.00476	0.00422
12	0.06694	0.01717	0.24111	0.02863	0.01756	0.01393	0.01211	0.42529	0.05667	0.05345	0.01175	0.01220	0.00834	0.00573	0.00494	0.00158	0.00601	0.00434	0.00414	0.00811
13	0.25475	0.05445	0.02847	0.01375	0.11005	0.13766	0.08494	0.05609	0.13799	0.01894	0.01044	0.01173	0.00821	0.00541	0.00509	0.00158	0.04632	0.00410	0.00328	0.00674
14	0.01103	0.01062	0.03960	0.02134	0.44388	0.01042	0.01191	0.01544	0.12426	0.01643	0.01731	0.04961	0.09966	0.01011	0.09352	0.00235	0.00617	0.00593	0.00329	0.00713
15	0.03612	0.07614	0.07382	0.01117	0.08032	0.01023	0.01951	0.07226	0.11790	0.07307	0.04491	0.06681	0.02934	0.00609	0.00468	0.00135	0.00458	0.00506	0.00380	0.26283
16	0.00634	0.00473	0.00590	0.00662	0.00736	0.00429	0.00458	0.00753	0.01087	0.01426	0.13349	0.54096	0.20509	0.01464	0.00637	0.00194	0.00282	0.01304	0.00488	0.00429
17	0.01064	0.00912	0.01064	0.00760	0.01216	0.00684	0.00608	0.01292	0.01064	0.01672	0.00912	0.01064	0.00760	0.00380	0.00380	0.00076	0.00380	0.00304	0.00304	0.85104
18	0.03852	0.07441	0.25272	0.10443	0.11797	0.01196	0.06652	0.06673	0.05155	0.04175	0.05382	0.01360	0.01006	0.00526	0.00487	0.00152	0.00613	0.00448	0.00304	0.07063
19	0.29775	0.05299	0.01249	0.03045	0.01371	0.13243	0.00808	0.23590	0.08201	0.05392	0.01076	0.01132	0.00806	0.00552	0.00429	0.00152	0.00539	0.00384	0.02267	0.00692

[dist]
# distance from previous block
# <min> <max>
1	2

[block]
# block no. 4 follows, 48 sequences, length 8
# corresponding to MSA columns:
# 517-524
name=unknown_E
#
# <colnr> <probs for GDERKNQSTAVLIFYWHMCP>
#	G	D	E	R	K	N	Q	S	T	A	V	L	I	F	Y	W	H	M	C	P
0	0.00629	0.00463	0.00580	0.00671	0.00724	0.00424	0.00451	0.00720	0.01002	0.01305	0.03179	0.63430	0.16676	0.06233	0.00760	0.00219	0.00303	0.01350	0.00467	0.00414
1	0.24064	0.00915	0.01132	0.21036	0.05462	0.01034	0.00888	0.06466	0.05651	0.08980	0.01336	0.13403	0.01189	0.00742	0.00561	0.02525	0.03070	0.00572	0.00365	0.00607
2	0.03364	0.17207	0.04315	0.09364	0.07573	0.04431	0.10207	0.08089	0.08984	0.07286	0.05055	0.05628	0.01237	0.00633	0.00528	0.00158	0.02694	0.02209	0.00353	0.00685
3	0.01135	0.06051	0.36599	0.06013	0.13648	0.01269	0.24754	0.01602	0.01130	0.01600	0.00952	0.01204	0.00716	0.00465	0.00520	0.00162	0.00755	0.00459	0.00236	0.00731
4	0.00956	0.00478	0.00478	0.00478	0.00598	0.00478	0.00359	0.01196	0.01076	0.01913	0.01674	0.01913	0.01315	0.00598	0.00359	0.00120	0.00239	0.00478	0.84816	0.00478
5	0.01051	0.06043	0.21913	0.19497	0.08164	0.05176	0.11146	0.01393	0.01079	0.01439	0.01230	0.12914	0.01146	0.04835	0.00633	0.00184	0.00661	0.00598	0.00273	0.00625
6	0.05160	0.01617	0.13681	0.12804	0.13303	0.15784	0.05132	0.13421	0.06971	0.01830	0.01118	0.03133	0.00901	0.00573	0.00503	0.00159	0.00673	0.02211	0.00320	0.00704
7	0.00745	0.00561	0.00684	0.00730	0.00838	0.00540	0.00537	0.04483	0.04594	0.01553	0.10674	0.42656	0.18533	0.01381	0.00633	0.00196	0.00321	0.09379	0.00488	0.00472

[dist]
# distance from previous block
# <min> <max>
1	6

[block]
# block no. 5 follows, 48 sequences, length 11
# corresponding to MSA columns:
# 531-541
name=unknown_F
#
# <colnr> <probs for GDERKNQSTAVLIFYWHMCP>
#	G	D	E	R	K	N	Q	S	T	A	V	L	I	F	Y	W	H	M	C	P
0	0.01323	0.09116	0.32705	0.01582	0.14015	0.15774	0.01409	0.03264	0.07658	0.03325	0.01021	0.01172	0.00790	0.00597	0.02376	0.00168	0.02305	0.00400	0.00274	0.00726
1	0.42960	0.03941	0.01041	0.00863	0.01130	0.07317	0.03222	0.05985	0.01031	0.04257	0.00972	0.01255	0.00818	0.04157	0.17053	0.00307	0.02418	0.00389	0.00318	0.00567
2	0.01275	0.06195	0.01509	0.01266	0.03094	0.18581	0.01008	0.03108	0.01022	0.01303	0.01074	0.03388	0.05464	0.00921	0.03988	0.00212	0.45274	0.00481	0.00264	0.00572
3	0.01253	0.22669	0.01729	0.01136	0.01309	0.13982	0.00961	0.01393	0.00966	0.01224	0.00814	0.01154	0.00764	0.01187	0.13555	0.00275	0.34415	0.00400	0.00238	0.00576
4	0.01691	0.01351	0.19236	0.01077	0.01552	0.00954	0.03569	0.10180	0.03593	0.36528	0.01743	0.01661	0.05689	0.00611	0.00505	0.00153	0.00522	0.00498	0.00470	0.08416
5	0.00733	0.00517	0.00674	0.00681	0.00721	0.00553	0.00460	0.00816	0.00793	0.01097	0.01587	0.07467	0.01710	0.44151	0.35173	0.00618	0.00856	0.00706	0.00306	0.00379
6	0.06271	0.00917	0.01490	0.75718	0.03375	0.01141	0.01371	0.01323	0.01016	0.01373	0.00900	0.01335	0.00676	0.00511	0.00501	0.00170	0.00666	0.00445	0.00234	0.00569
7	0.00969	0.00912	0.01539	0.80734	0.03534	0.01140	0.01425	0.01311	0.01026	0.01311	0.00912	0.01368	0.00684	0.00513	0.00513	0.00171	0.00684	0.00456	0.00228	0.00570
8	0.00625	0.00447	0.00595	0.00714	0.00744	0.00417	0.00476	0.00714	0.00982	0.01310	0.02828	0.81633	0.03394	0.01608	0.00655	0.00208	0.00298	0.01459	0.00476	0.00417
9	0.00659	0.00501	0.00736	0.00798	0.00856	0.00468	0.04902	0.00768	0.00996	0.01329	0.02724	0.76986	0.03242	0.01539	0.00652	0.00206	0.00331	0.01409	0.00464	0.00433
10	0.05571	0.07305	0.06934	0.00915	0.01347	0.04019	0.05326	0.01397	0.01125	0.03605	0.08283	0.01328	0.01131	0.00476	0.00422	0.00107	0.00460	0.00390	0.00321	0.49537

[dist]
# distance from previous block
# <min> <max>
0	1

[block]
# block no. 6 follows, 48 sequences, length 9
# corresponding to MSA columns:
# 543-551
name=unknown_G
#
# <colnr> <probs for GDERKNQSTAVLIFYWHMCP>
#	G	D	E	R	K	N	Q	S	T	A	V	L	I	F	Y	W	H	M	C	P
0	0.01647	0.00987	0.01357	0.25857	0.02038	0.01033	0.00999	0.13316	0.01400	0.31458	0.01376	0.01449	0.00945	0.00579	0.00554	0.00156	0.04263	0.00463	0.00435	0.09687
1	0.01172	0.06925	0.01416	0.04202	0.01325	0.03512	0.00942	0.08117	0.01062	0.04565	0.04015	0.12785	0.01291	0.01075	0.05533	0.00231	0.40326	0.00605	0.00319	0.00581
2	0.00733	0.00550	0.00825	0.00825	0.00916	0.00641	0.00641	0.00916	0.00825	0.01191	0.01374	0.02016	0.01283	0.03848	0.79934	0.00825	0.01374	0.00550	0.00275	0.00458
3	0.01216	0.18970	0.01998	0.14569	0.26676	0.04402	0.06933	0.01536	0.04755	0.01518	0.06577	0.01390	0.01070	0.00545	0.00558	0.00153	0.05712	0.00463	0.00276	0.00682
4	0.01497	0.64001	0.02406	0.00980	0.01379	0.19858	0.00904	0.01654	0.01137	0.01218	0.00732	0.00846	0.00659	0.00460	0.00360	0.00115	0.00635	0.00287	0.00230	0.00644
5	0.85592	0.00992	0.00754	0.00675	0.00992	0.01151	0.00556	0.01508	0.00873	0.02302	0.00714	0.00834	0.00556	0.00476	0.00318	0.00159	0.00397	0.00278	0.00318	0.00556
6	0.00692	0.00500	0.00572	0.00582	0.00647	0.00469	0.00377	0.00771	0.00985	0.01286	0.13657	0.13905	0.21903	0.39643	0.01566	0.00330	0.00375	0.00949	0.00410	0.00380
7	0.00928	0.00768	0.01069	0.00982	0.01068	0.00958	0.00783	0.06536	0.00926	0.01344	0.01183	0.01771	0.01111	0.06052	0.49639	0.00599	0.22968	0.00524	0.00280	0.00510
8	0.01396	0.06042	0.21234	0.06154	0.14447	0.03536	0.16728	0.07635	0.04118	0.12015	0.01150	0.01302	0.00838	0.00509	0.00514	0.00159	0.00675	0.00467	0.00323	0.00759

[dist]
# distance from previous block
# <min> <max>
3	11

[block]
# block no. 7 follows, 48 sequences, length 16
# corresponding to MSA columns:
# 567-582
name=unknown_H
#
# <colnr> <probs for GDERKNQSTAVLIFYWHMCP>
#	G	D	E	R	K	N	Q	S	T	A	V	L	I	F	Y	W	H	M	C	P
0	0.00693	0.00543	0.00808	0.00812	0.00900	0.00505	0.07016	0.00826	0.01053	0.01411	0.11425	0.57339	0.07365	0.05825	0.00749	0.00214	0.00349	0.01265	0.00459	0.00443
1	0.00994	0.00839	0.00985	0.00732	0.01128	0.00644	0.00580	0.01220	0.01124	0.01712	0.11986	0.01640	0.05104	0.00518	0.00423	0.00093	0.00355	0.00429	0.00349	0.69146
2	0.11000	0.07043	0.01404	0.01076	0.03613	0.06884	0.06284	0.13161	0.04488	0.19394	0.01424	0.09627	0.01164	0.00646	0.00481	0.00149	0.00509	0.00530	0.00425	0.10698
3	0.01624	0.00894	0.01121	0.00829	0.01258	0.00716	0.00674	0.01839	0.01247	0.36712	0.01415	0.01373	0.00991	0.00495	0.00442	0.00113	0.00406	0.00400	0.00454	0.46996
4	0.00855	0.00640	0.01006	0.25640	0.06610	0.00701	0.00831	0.00940	0.00911	0.01205	0.01517	0.26889	0.01616	0.01248	0.01018	0.26379	0.00483	0.00771	0.00307	0.00430
5	0.01351	0.04878	0.11597	0.01072	0.01417	0.06184	0.02531	0.27283	0.01581	0.03455	0.09053	0.07365	0.01575	0.00955	0.04918	0.02597	0.00591	0.06474	0.00410	0.04712
6	0.00638	0.00521	0.00564	0.00553	0.00713	0.00447	0.00415	0.00798	0.01244	0.01564	0.24593	0.04646	0.59052	0.01233	0.00606	0.00170	0.00255	0.01042	0.00500	0.00447
7	0.01951	0.01437	0.01540	0.01181	0.01591	0.01591	0.00975	0.77056	0.02412	0.03234	0.01232	0.01232	0.00873	0.00616	0.00513	0.00154	0.00565	0.00462	0.00513	0.00873
8	0.01434	0.06417	0.01682	0.07796	0.19990	0.05059	0.04992	0.18492	0.05161	0.06867	0.01335	0.01874	0.01135	0.00671	0.00593	0.00168	0.04992	0.10242	0.00373	0.00726
9	0.04811	0.05033	0.09038	0.14855	0.21738	0.01157	0.06104	0.07893	0.01299	0.21253	0.01224	0.01355	0.00877	0.00525	0.00500	0.00158	0.00594	0.00459	0.00364	0.00762
10	0.00668	0.00464	0.00583	0.00660	0.00679	0.00445	0.00418	0.00726	0.00899	0.01199	0.02402	0.54086	0.02856	0.29888	0.01344	0.00310	0.00368	0.01208	0.00418	0.00380
11	0.05650	0.00973	0.01346	0.01151	0.01282	0.05573	0.10105	0.01216	0.00906	0.01353	0.01056	0.01586	0.00976	0.06898	0.25164	0.00403	0.28419	0.00503	0.04912	0.00527
12	0.12100	0.10192	0.26437	0.01272	0.05860	0.11790	0.02911	0.05464	0.09184	0.04697	0.02829	0.01292	0.02747	0.00549	0.00461	0.00153	0.00625	0.00417	0.00315	0.00703
13	0.01309	0.00969	0.01191	0.08328	0.01458	0.07431	0.05379	0.08205	0.01274	0.15993	0.01819	0.23383	0.03609	0.00876	0.00574	0.00165	0.02625	0.02799	0.00425	0.12190
14	0.04703	0.19586	0.10555	0.06303	0.03035	0.07479	0.00958	0.08072	0.06138	0.07227	0.03154	0.03365	0.01017	0.02908	0.00652	0.06655	0.02160	0.00439	0.00326	0.05268
15	0.05481	0.04999	0.03999	0.08836	0.08872	0.13149	0.00951	0.10594	0.08561	0.03937	0.08415	0.07495	0.03751	0.00735	0.00532	0.00161	0.01776	0.04485	0.00383	0.02887

[dist]
# distance from previous block
# <min> <max>
2	20

[block]
# block no. 8 follows, 48 sequences, length 50
# corresponding to MSA columns:
# 603-652
name=unknown_I
#
# <colnr> <probs for GDERKNQSTAVLIFYWHMCP>
#	G	D	E	R	K	N	Q	S	T	A	V	L	I	F	Y	W	H	M	C	P
0	0.02982	0.49246	0.10817	0.03964	0.06724	0.07915	0.01056	0.07089	0.01183	0.01464	0.00859	0.03031	0.00754	0.00499	0.00397	0.00129	0.00602	0.00354	0.00255	0.00679
1	0.09800	0.03589	0.08787	0.12312	0.10612	0.11415	0.01098	0.19541	0.04768	0.07323	0.01138	0.02651	0.00887	0.03231	0.00551	0.00167	0.00612	0.00448	0.00359	0.00712
2	0.01371	0.07501	0.08924	0.05034	0.06647	0.22517	0.11126	0.03753	0.12177	0.01553	0.01169	0.03542	0.00986	0.00698	0.02699	0.00179	0.06238	0.02915	0.00307	0.00664
3	0.01079	0.00904	0.01338	0.30717	0.06598	0.01037	0.02520	0.09476	0.01159	0.03897	0.01405	0.20056	0.01370	0.00841	0.00708	0.01651	0.10140	0.00688	0.00334	0.04083
4	0.01871	0.01985	0.01457	0.01249	0.01565	0.46452	0.00970	0.27411	0.08614	0.02003	0.01057	0.01117	0.00813	0.00573	0.00485	0.00143	0.00757	0.00397	0.00371	0.00708
5	0.00705	0.00486	0.00645	0.00704	0.00774	0.00451	0.00495	0.00849	0.01147	0.03563	0.26497	0.53348	0.03781	0.01403	0.00637	0.00193	0.00288	0.03076	0.00508	0.00451
6	0.21542	0.00870	0.01021	0.00823	0.01160	0.00840	0.00672	0.05041	0.01355	0.46419	0.11268	0.01778	0.01536	0.00648	0.00477	0.00158	0.00403	0.00509	0.02741	0.00740
7	0.00709	0.00489	0.00625	0.00681	0.00764	0.00445	0.00476	0.00837	0.01117	0.04590	0.17271	0.52733	0.14514	0.01419	0.00633	0.00193	0.00287	0.01267	0.00499	0.00450
8	0.01099	0.00624	0.00799	0.00696	0.00905	0.00550	0.00540	0.01314	0.01398	0.20298	0.46184	0.03374	0.14531	0.00957	0.00574	0.00159	0.00297	0.00825	0.00557	0.04319
9	0.01211	0.01384	0.03028	0.02163	0.02682	0.01298	0.76903	0.01644	0.01211	0.01644	0.01038	0.01384	0.00779	0.00433	0.00606	0.00173	0.00865	0.00606	0.00260	0.00692
10	0.00875	0.00451	0.00656	0.00656	0.00656	0.00451	0.00431	0.00677	0.00677	0.00903	0.00971	0.01758	0.00999	0.10612	0.02072	0.75758	0.00451	0.00479	0.00233	0.00233
11	0.01963	0.01081	0.01279	0.01017	0.01392	0.01106	0.00828	0.22878	0.19815	0.40202	0.01823	0.01646	0.01232	0.00644	0.00517	0.00161	0.00464	0.00516	0.00575	0.00859
12	0.01211	0.01384	0.03028	0.02163	0.02682	0.01298	0.76903	0.01644	0.01211	0.01644	0.01038	0.01384	0.00779	0.00433	0.00606	0.00173	0.00865	0.00606	0.00260	0.00692
13	0.00746	0.00497	0.00560	0.00560	0.00560	0.00497	0.00311	0.00746	0.00746	0.00995	0.01617	0.03358	0.01865	0.81967	0.02612	0.00497	0.00497	0.00746	0.00311	0.00311
14	0.00659	0.00517	0.00596	0.00585	0.00728	0.00454	0.00435	0.00835	0.01280	0.01670	0.36497	0.09043	0.42450	0.01210	0.00609	0.00170	0.00255	0.01039	0.00514	0.00454
15	0.01138	0.02505	0.71902	0.01420	0.02144	0.01180	0.01795	0.04341	0.01153	0.06306	0.00998	0.01128	0.00695	0.00501	0.00490	0.00162	0.00732	0.00390	0.00252	0.00769
16	0.01203	0.01193	0.01607	0.01359	0.01408	0.04134	0.03255	0.05988	0.00921	0.01371	0.00723	0.01130	0.00688	0.00855	0.01541	0.00216	0.71128	0.00450	0.00245	0.00585
17	0.01372	0.82276	0.02689	0.00878	0.01317	0.02030	0.00878	0.01536	0.01043	0.01207	0.00713	0.00823	0.00658	0.00439	0.00329	0.00110	0.00549	0.00274	0.00219	0.00658
18	0.00635	0.00454	0.00607	0.00726	0.00760	0.00426	0.00494	0.00732	0.00992	0.01321	0.02822	0.77787	0.03371	0.01598	0.00658	0.00210	0.00307	0.05203	0.00476	0.00420
19	0.01999	0.01264	0.01396	0.01083	0.01472	0.03864	0.00889	0.49255	0.02060	0.25496	0.04858	0.01488	0.01158	0.00638	0.00516	0.00155	0.00524	0.00494	0.00543	0.00847
20	0.01297	0.01277	0.02078	0.03045	0.73504	0.04691	0.03390	0.01597	0.01182	0.01657	0.00959	0.01258	0.00805	0.00460	0.00508	0.00152	0.00630	0.00455	0.00255	0.00800
21	0.01190	0.01018	0.01123	0.00908	0.01283	0.00994	0.00716	0.04008	0.38169	0.01943	0.01489	0.01479	0.01152	0.00539	0.00452	0.00125	0.00398	0.00442	0.00415	0.42157
22	0.00888	0.00695	0.00826	0.00763	0.00934	0.00718	0.00581	0.01487	0.23979	0.02084	0.55964	0.03267	0.03876	0.00945	0.00581	0.00165	0.00290	0.00825	0.00552	0.00581
23	0.01164	0.00835	0.00975	0.00828	0.01051	0.00856	0.00651	0.26360	0.01755	0.04150	0.47357	0.04575	0.05495	0.00914	0.00574	0.00160	0.00356	0.00779	0.00545	0.00620
24	0.01183	0.01250	0.02447	0.05019	0.02338	0.01232	0.53716	0.01787	0.15512	0.01716	0.01360	0.01826	0.01092	0.00562	0.00594	0.00178	0.00741	0.06430	0.00324	0.00692
25	0.01648	0.01287	0.01369	0.01119	0.01476	0.01450	0.00902	0.43676	0.36285	0.02745	0.01617	0.01538	0.01184	0.00652	0.00517	0.00163	0.00493	0.00515	0.00517	0.00845
26	0.00827	0.00591	0.00827	0.00945	0.01063	0.00591	0.00827	0.01063	0.01181	0.01536	0.02717	0.05788	0.02953	0.01417	0.00709	0.00236	0.00472	0.75313	0.00472	0.00472
27	0.04315	0.01206	0.01425	0.08457	0.01605	0.03163	0.00991	0.35691	0.03609	0.04625	0.02711	0.01347	0.00937	0.00933	0.06996	0.00226	0.20191	0.00471	0.00391	0.00710
28	0.01622	0.39368	0.02007	0.01075	0.01434	0.31942	0.00918	0.09750	0.02704	0.01462	0.00940	0.01032	0.02728	0.00519	0.00411	0.00126	0.00686	0.00342	0.00280	0.00654
29	0.85592	0.00992	0.00754	0.00675	0.00992	0.01151	0.00556	0.01508	0.00873	0.02302	0.00714	0.00834	0.00556	0.00476	0.00318	0.00159	0.00397	0.00278	0.00318	0.00556
30	0.01730	0.01083	0.01288	0.01111	0.04771	0.01143	0.00856	0.25833	0.19674	0.25035	0.04269	0.01694	0.01316	0.00899	0.06680	0.00212	0.00544	0.00528	0.00523	0.00811
31	0.02945	0.21321	0.03676	0.00932	0.01340	0.01282	0.00818	0.16526	0.01301	0.01839	0.00918	0.01061	0.00757	0.00566	0.02431	0.00132	0.05921	0.00346	0.00317	0.35572
32	0.00606	0.00520	0.00520	0.00520	0.00693	0.00433	0.00390	0.00736	0.01170	0.01386	0.05198	0.04938	0.78558	0.01299	0.00606	0.00173	0.00260	0.01083	0.00476	0.00433
33	0.01029	0.02654	0.79309	0.01462	0.02221	0.01192	0.01896	0.01625	0.01083	0.01625	0.00921	0.01083	0.00650	0.00487	0.00487	0.00162	0.00758	0.00379	0.00217	0.00758
34	0.00956	0.00478	0.00478	0.00478	0.00598	0.00478	0.00359	0.01196	0.01076	0.01913	0.01674	0.01913	0.01315	0.00598	0.00359	0.00120	0.00239	0.00478	0.84816	0.00478
35	0.00956	0.00478	0.00478	0.00478	0.00598	0.00478	0.00359	0.01196	0.01076	0.01913	0.01674	0.01913	0.01315	0.00598	0.00359	0.00120	0.00239	0.00478	0.84816	0.00478
36	0.01685	0.18601	0.01684	0.01124	0.01481	0.20822	0.00926	0.27845	0.17065	0.02104	0.01188	0.01208	0.00915	0.00574	0.00464	0.00143	0.00618	0.00414	0.00392	0.00747
37	0.07934	0.01260	0.04863	0.27807	0.02187	0.10347	0.05616	0.13812	0.06259	0.04448	0.03262	0.01626	0.01040	0.00608	0.00508	0.00165	0.00625	0.04849	0.02132	0.00652
38	0.01334	0.41102	0.18324	0.05734	0.03475	0.12134	0.08370	0.01622	0.01124	0.01358	0.00814	0.00984	0.00673	0.00465	0.00420	0.00134	0.00681	0.00349	0.00230	0.00672
39	0.01434	0.01473	0.02011	0.01571	0.01874	0.16872	0.28015	0.09733	0.01276	0.05032	0.00980	0.01258	0.00785	0.00757	0.04591	0.00206	0.20690	0.00490	0.00296	0.00657
40	0.19744	0.01246	0.00998	0.00911	0.01122	0.22394	0.00697	0.05409	0.04540	0.01641	0.04603	0.01890	0.09391	0.08572	0.11513	0.00278	0.03656	0.00514	0.00339	0.00543
41	0.01467	0.03606	0.08960	0.04585	0.18916	0.26088	0.12352	0.04759	0.01296	0.03443	0.00941	0.01143	0.00745	0.00483	0.00490	0.00142	0.00733	0.00414	0.00278	0.09159
42	0.00705	0.00477	0.00623	0.00703	0.00767	0.00438	0.00483	0.00814	0.01054	0.04804	0.08701	0.66426	0.09087	0.01499	0.00641	0.00200	0.00297	0.01349	0.00490	0.00443
43	0.01029	0.01011	0.01930	0.01495	0.01822	0.00954	0.39804	0.05358	0.01200	0.01628	0.03374	0.27217	0.01808	0.00875	0.00611	0.00182	0.00614	0.04405	0.00361	0.04321
44	0.01064	0.00912	0.01064	0.00760	0.01216	0.00684	0.00608	0.01292	0.01064	0.01672	0.00912	0.01064	0.00760	0.00380	0.00380	0.00076	0.00380	0.00304	0.00304	0.85104
45	0.00969	0.00912	0.01539	0.80734	0.03534	0.01140	0.01425	0.01311	0.01026	0.01311	0.00912	0.01368	0.00684	0.00513	0.00513	0.00171	0.00684	0.00456	0.00228	0.00570
46	0.00861	0.00731	0.01039	0.00966	0.01018	0.00929	0.00762	0.01001	0.00803	0.01184	0.01173	0.01872	0.01148	0.11426	0.46003	0.00593	0.27216	0.00538	0.00262	0.00476
47	0.01021	0.00994	0.01445	0.36179	0.02266	0.04922	0.03591	0.01244	0.00955	0.01280	0.01048	0.08393	0.00985	0.03099	0.05299	0.00234	0.25691	0.00553	0.00256	0.00546
48	0.01123	0.01123	0.01572	0.01347	0.01347	0.01572	0.01123	0.01235	0.00786	0.01235	0.00674	0.01123	0.00674	0.00898	0.01684	0.00225	0.81028	0.00449	0.00225	0.00561
49	0.01064	0.00912	0.01064	0.00760	0.01216	0.00684	0.00608	0.01292	0.01064	0.01672	0.00912	0.01064	0.00760	0.00380	0.00380	0.00076	0.00380	0.00304	0.00304	0.85104

[dist]
# distance from previous block
# <min> <max>
0	1

[block]
# block no. 9 follows, 48 sequences, length 8
# corresponding to MSA columns:
# 654-661
name=unknown_J
#
# <colnr> <probs for GDERKNQSTAVLIFYWHMCP>
#	G	D	E	R	K	N	Q	S	T	A	V	L	I	F	Y	W	H	M	C	P
0	0.01871	0.00990	0.01200	0.00961	0.01295	0.00983	0.00777	0.27329	0.01701	0.38253	0.04335	0.08109	0.01506	0.05002	0.00645	0.00181	0.00467	0.03056	0.00557	0.00782
1	0.00956	0.00478	0.00478	0.00478	0.00598	0.00478	0.00359	0.01196	0.01076	0.01913	0.01674	0.01913	0.01315	0.00598	0.00359	0.00120	0.00239	0.00478	0.84816	0.00478
2	0.01828	0.01105	0.07727	0.01536	0.19473	0.00911	0.05071	0.02090	0.01333	0.47323	0.01672	0.05090	0.01182	0.00614	0.00523	0.00161	0.00519	0.00538	0.00486	0.00820
3	0.01064	0.00912	0.01064	0.00760	0.01216	0.00684	0.00608	0.01292	0.01064	0.01672	0.00912	0.01064	0.00760	0.00380	0.00380	0.00076	0.00380	0.00304	0.00304	0.85104
4	0.00661	0.00503	0.00618	0.00695	0.00793	0.00459	0.00520	0.00796	0.01090	0.01384	0.03639	0.38657	0.29758	0.01459	0.00649	0.00202	0.00321	0.16887	0.00476	0.00434
5	0.00836	0.00821	0.05259	0.03264	0.03312	0.00712	0.11658	0.01141	0.06525	0.01550	0.10014	0.31508	0.13436	0.01095	0.00599	0.00181	0.00428	0.02975	0.00423	0.04263
6	0.01024	0.00807	0.00940	0.02877	0.01077	0.02840	0.00676	0.16527	0.01433	0.01929	0.23376	0.03028	0.17044	0.01385	0.12046	0.00263	0.04819	0.04780	0.02570	0.00558
7	0.01319	0.01353	0.10087	0.10788	0.14493	0.05902	0.15412	0.05353	0.05409	0.08685	0.03223	0.01377	0.00951	0.00508	0.00508	0.00149	0.00629	0.00471	0.00326	0.13057

[dist]
# distance from previous block
# <min> <max>
5	10

[block]
# block no. 10 follows, 48 sequences, length 14
# corresponding to MSA columns:
# 672-685
name=unknown_K
#
# <colnr> <probs for GDERKNQSTAVLIFYWHMCP>
#	G	D	E	R	K	N	Q	S	T	A	V	L	I	F	Y	W	H	M	C	P
0	0.01325	0.11994	0.01248	0.00814	0.01162	0.00896	0.00674	0.01602	0.05440	0.19328	0.15880	0.01861	0.03808	0.00628	0.00495	0.00127	0.02519	0.00506	0.00431	0.29260
1	0.01597	0.01551	0.01338	0.01161	0.01461	0.23297	0.00907	0.18711	0.37677	0.02107	0.01496	0.01465	0.01135	0.00638	0.00540	0.00160	0.03083	0.00481	0.00439	0.00757
2	0.00956	0.00478	0.00478	0.00478	0.00598	0.00478	0.00359	0.01196	0.01076	0.01913	0.01674	0.01913	0.01315	0.00598	0.00359	0.00120	0.00239	0.00478	0.84816	0.00478
3	0.00632	0.00450	0.00593	0.00705	0.00733	0.00422	0.00466	0.00716	0.00968	0.01291	0.02755	0.76907	0.03301	0.06459	0.00773	0.00226	0.00310	0.01416	0.00466	0.00410
4	0.01840	0.02285	0.01419	0.01289	0.01556	0.70503	0.00970	0.02130	0.10590	0.01362	0.00948	0.01044	0.00769	0.00549	0.00470	0.00137	0.00863	0.00360	0.00295	0.00621
5	0.00733	0.00550	0.00825	0.00825	0.00916	0.00641	0.00641	0.00916	0.00825	0.01191	0.01374	0.02016	0.01283	0.03848	0.79934	0.00825	0.01374	0.00550	0.00275	0.00458
6	0.00726	0.00524	0.00686	0.00646	0.00767	0.00484	0.00484	0.00968	0.01452	0.02058	0.78496	0.03833	0.04841	0.01049	0.00605	0.00161	0.00242	0.00928	0.00565	0.00484
7	0.00969	0.00912	0.01539	0.80734	0.03534	0.01140	0.01425	0.01311	0.01026	0.01311	0.00912	0.01368	0.00684	0.00513	0.00513	0.00171	0.00684	0.00456	0.00228	0.00570
8	0.01951	0.01437	0.01540	0.01181	0.01591	0.01591	0.00975	0.77056	0.02412	0.03234	0.01232	0.01232	0.00873	0.00616	0.00513	0.00154	0.00565	0.00462	0.00513	0.00873
9	0.07897	0.00881	0.01161	0.00897	0.01289	0.00781	0.00741	0.02434	0.01429	0.73961	0.01936	0.01685	0.01222	0.00624	0.00503	0.00159	0.00434	0.00500	0.00614	0.00852
10	0.00662	0.00493	0.00668	0.06070	0.00932	0.00476	0.00537	0.00794	0.01065	0.01425	0.14115	0.60665	0.07312	0.01435	0.00635	0.00197	0.00313	0.01293	0.00473	0.00438
11	0.07490	0.05247	0.01330	0.00973	0.01365	0.01092	0.00809	0.21938	0.05619	0.46248	0.01668	0.01514	0.01104	0.00613	0.00493	0.00156	0.00472	0.00477	0.00555	0.00838
12	0.00754	0.00521	0.00664	0.00656	0.00775	0.00473	0.00481	0.00944	0.01307	0.05083	0.47906	0.21873	0.14249	0.01194	0.00613	0.00174	0.00266	0.01054	0.00536	0.00478
13	0.52727	0.04447	0.01042	0.00824	0.01166	0.06859	0.00679	0.09509	0.01186	0.15880	0.01005	0.01042	0.00727	0.00521	0.00384	0.00154	0.00466	0.00343	0.00386	0.00652

[dist]
# distance from previous block
# <min> <max>
0	3

[block]
# block no. 11 follows, 48 sequences, length 47
# corresponding to MSA columns:
# 689-735
name=unknown_L
#
# <colnr> <probs for GDERKNQSTAVLIFYWHMCP>
#	G	D	E	R	K	N	Q	S	T	A	V	L	I	F	Y	W	H	M	C	P
0	0.17182	0.13868	0.01660	0.06964	0.12173	0.13743	0.04146	0.14223	0.08079	0.01927	0.00995	0.01128	0.00783	0.00519	0.00444	0.00148	0.00601	0.00393	0.00327	0.00695
1	0.00956	0.00478	0.00478	0.00478	0.00598	0.00478	0.00359	0.01196	0.01076	0.01913	0.01674	0.01913	0.01315	0.00598	0.00359	0.00120	0.00239	0.00478	0.84816	0.00478
2	0.01436	0.01533	0.01485	0.08058	0.06293	0.25853	0.03934	0.03545	0.25967	0.01625	0.01230	0.01358	0.00975	0.00635	0.00694	0.00167	0.13725	0.00462	0.00342	0.00680
3	0.00717	0.00485	0.00568	0.00597	0.00605	0.00478	0.00351	0.00738	0.00804	0.01072	0.01911	0.22404	0.02237	0.62414	0.02136	0.00427	0.00449	0.00920	0.00351	0.00337
