[name]
unknown

[dist]
# distance from previous block
# <min> <max>
8	27

[block]
# block no. 0 follows, 46 sequences, length 6
# corresponding to MSA columns:
# 30-35
name=unknown_A
#
# <colnr> <probs for GDERKNQSTAVLIFYWHMCP>
#	G	D	E	R	K	N	Q	S	T	A	V	L	I	F	Y	W	H	M	C	P
0	0.43191	0.14528	0.11603	0.01016	0.01436	0.08380	0.05243	0.06134	0.01126	0.02019	0.00823	0.00957	0.00645	0.00497	0.00395	0.00154	0.00570	0.00335	0.00301	0.00649
1	0.10610	0.01285	0.01480	0.09324	0.08130	0.11928	0.08746	0.19968	0.01541	0.02162	0.10001	0.01596	0.01319	0.00612	0.00504	0.00157	0.00590	0.00508	0.08859	0.00680
2	0.10581	0.01139	0.05647	0.10507	0.25776	0.01055	0.01145	0.01766	0.05286	0.15630	0.01261	0.01487	0.00967	0.00544	0.00490	0.00154	0.00539	0.02566	0.00364	0.13099
3	0.00809	0.00654	0.00954	0.00899	0.01038	0.00637	0.08021	0.01138	0.09515	0.01713	0.25564	0.40955	0.03480	0.01258	0.00639	0.00192	0.00359	0.01150	0.00502	0.00523
4	0.01543	0.01511	0.06318	0.03785	0.04079	0.12939	0.20122	0.12270	0.06396	0.09666	0.01182	0.01332	0.00884	0.00558	0.00608	0.00159	0.05877	0.00483	0.00361	0.09929
5	0.00664	0.00506	0.00594	0.00634	0.00733	0.00454	0.00442	0.00787	0.01137	0.01466	0.15003	0.33357	0.32138	0.08601	0.00829	0.00220	0.00302	0.01206	0.00489	0.00437

[dist]
# distance from previous block
# <min> <max>
0	1

[block]
# block no. 1 follows, 46 sequences, length 7
# corresponding to MSA columns:
# 37-43
name=unknown_B
#
# <colnr> <probs for GDERKNQSTAVLIFYWHMCP>
#	G	D	E	R	K	N	Q	S	T	A	V	L	I	F	Y	W	H	M	C	P
0	0.01137	0.05449	0.14194	0.08124	0.14169	0.01135	0.10481	0.01439	0.01132	0.05949	0.06665	0.14130	0.01506	0.00778	0.00715	0.00181	0.11158	0.00667	0.00329	0.00665
1	0.00850	0.00507	0.00684	0.00678	0.00720	0.00511	0.00468	0.00807	0.00885	0.01226	0.10767	0.06041	0.07056	0.10961	0.05426	0.42900	0.02622	0.00657	0.05898	0.00336
2	0.01293	0.09984	0.08194	0.10582	0.09476	0.04578	0.11353	0.06576	0.04961	0.03556	0.01080	0.01343	0.00865	0.00515	0.00509	0.00143	0.01966	0.02011	0.00310	0.20706
3	0.15209	0.04796	0.25990	0.01366	0.07003	0.05682	0.06458	0.06685	0.04360	0.01828	0.01230	0.01414	0.04644	0.00857	0.07053	0.00222	0.03750	0.00456	0.00302	0.00692
4	0.23477	0.04224	0.07582	0.06628	0.07450	0.05161	0.00930	0.01488	0.06153	0.01854	0.14417	0.06810	0.01659	0.00734	0.00619	0.00173	0.09108	0.00560	0.00359	0.00614
5	0.01120	0.05133	0.01132	0.00887	0.01149	0.06335	0.00699	0.07521	0.05563	0.01729	0.13285	0.01943	0.01671	0.06663	0.16394	0.00299	0.03742	0.00531	0.00370	0.23835
6	0.08094	0.16318	0.12075	0.01118	0.05601	0.01106	0.05861	0.01435	0.01126	0.04044	0.06493	0.09909	0.01336	0.00627	0.00465	0.00138	0.00507	0.00525	0.00328	0.22895

[dist]
# distance from previous block
# <min> <max>
0	14

[block]
# block no. 2 follows, 46 sequences, length 7
# corresponding to MSA columns:
# 60-66
name=unknown_C
#
# <colnr> <probs for GDERKNQSTAVLIFYWHMCP>
#	G	D	E	R	K	N	Q	S	T	A	V	L	I	F	Y	W	H	M	C	P
0	0.01764	0.00953	0.01403	0.01593	0.25115	0.00873	0.00980	0.01991	0.01368	0.42386	0.02266	0.02169	0.13329	0.00706	0.00544	0.00164	0.00476	0.00606	0.00506	0.00808
1	0.00978	0.00775	0.01001	0.09347	0.01327	0.00803	0.03377	0.13561	0.05220	0.01815	0.08188	0.30405	0.15663	0.01170	0.00616	0.00190	0.00418	0.04112	0.00471	0.00566
2	0.01024	0.00929	0.01570	0.50056	0.10838	0.01066	0.07502	0.01331	0.01059	0.01429	0.01102	0.01683	0.00920	0.09983	0.00777	0.00210	0.00654	0.00520	0.06762	0.00586
3	0.00810	0.10022	0.00877	0.00683	0.00843	0.00654	0.00521	0.00954	0.01181	0.04428	0.15142	0.30385	0.29041	0.01278	0.00605	0.00181	0.00320	0.01104	0.00480	0.00493
4	0.01014	0.00558	0.00661	0.06740	0.00943	0.00554	0.00511	0.01230	0.01129	0.08012	0.02172	0.15586	0.07502	0.00844	0.00466	0.00150	0.00310	0.00713	0.50384	0.00519
5	0.27539	0.01042	0.01151	0.10136	0.01495	0.01177	0.00825	0.21048	0.01384	0.09865	0.01154	0.01367	0.00888	0.03163	0.07183	0.02182	0.03943	0.00437	0.03355	0.00666
6	0.00936	0.01235	0.16055	0.01014	0.01328	0.08059	0.06997	0.01245	0.03362	0.01597	0.12471	0.09797	0.27261	0.01014	0.00595	0.00178	0.00501	0.05375	0.00413	0.00567

[dist]
# distance from previous block
# <min> <max>
5	27

[block]
# block no. 3 follows, 46 sequences, length 11
# corresponding to MSA columns:
# 94-104
name=unknown_D
#
# <colnr> <probs for GDERKNQSTAVLIFYWHMCP>
#	G	D	E	R	K	N	Q	S	T	A	V	L	I	F	Y	W	H	M	C	P
0	0.01303	0.18776	0.01489	0.01017	0.01313	0.07636	0.00822	0.02216	0.44591	0.01815	0.01834	0.11893	0.01578	0.00767	0.00507	0.00166	0.00479	0.00625	0.00442	0.00731
1	0.01824	0.04067	0.01507	0.01379	0.12310	0.07148	0.04271	0.07475	0.12783	0.34106	0.06293	0.01732	0.01388	0.00637	0.00530	0.00162	0.00530	0.00535	0.00506	0.00819
2	0.01611	0.37055	0.05531	0.01270	0.06926	0.23742	0.01043	0.10184	0.05221	0.01594	0.00918	0.01026	0.00762	0.00516	0.00430	0.00134	0.00684	0.00355	0.00291	0.00708
3	0.30589	0.01364	0.01486	0.01386	0.08741	0.15961	0.11122	0.01581	0.01082	0.01766	0.00968	0.06705	0.00875	0.00645	0.00666	0.00174	0.13501	0.00474	0.00299	0.00615
4	0.01306	0.04954	0.06718	0.01082	0.04692	0.00999	0.04640	0.18175	0.03123	0.08723	0.11120	0.10422	0.03191	0.03264	0.04146	0.03272	0.00520	0.00670	0.08323	0.00660
5	0.00641	0.00470	0.00603	0.00709	0.00760	0.00432	0.00479	0.00739	0.01038	0.01360	0.03243	0.70843	0.13517	0.01613	0.00668	0.00210	0.00301	0.01451	0.00491	0.00432
6	0.00727	0.00526	0.00729	0.00771	0.00830	0.00562	0.00555	0.00855	0.00897	0.01240	0.01962	0.26456	0.02147	0.16938	0.39155	0.00576	0.00887	0.03392	0.00360	0.00433
7	0.01133	0.01276	0.14911	0.01214	0.01585	0.01017	0.16016	0.13911	0.03316	0.01871	0.02147	0.05905	0.16042	0.04909	0.00726	0.01892	0.02005	0.03177	0.06306	0.00640
8	0.45109	0.01025	0.01097	0.01042	0.08352	0.01075	0.00761	0.05540	0.01214	0.28281	0.01246	0.01241	0.00864	0.00552	0.00425	0.00163	0.00452	0.00396	0.00442	0.00724
9	0.01208	0.06900	0.08930	0.13837	0.15642	0.01238	0.06409	0.06128	0.02463	0.04666	0.13931	0.01731	0.01499	0.00670	0.00712	0.00172	0.12297	0.00546	0.00337	0.00685
10	0.03404	0.00826	0.01058	0.03048	0.03851	0.02156	0.03247	0.11671	0.01166	0.01615	0.01803	0.29077	0.01959	0.15772	0.06949	0.00300	0.08863	0.00881	0.00390	0.01966

[dist]
# distance from previous block
# <min> <max>
5	12

[block]
# block no. 4 follows, 46 sequences, length 12
# corresponding to MSA columns:
# 118-129
name=unknown_E
#
# <colnr> <probs for GDERKNQSTAVLIFYWHMCP>
#	G	D	E	R	K	N	Q	S	T	A	V	L	I	F	Y	W	H	M	C	P
0	0.01258	0.01597	0.17899	0.14150	0.07374	0.07704	0.12830	0.06627	0.15274	0.01781	0.01438	0.01598	0.05158	0.00603	0.00566	0.00171	0.02391	0.00526	0.00331	0.00725
1	0.00744	0.00517	0.00618	0.00677	0.00757	0.00501	0.00469	0.00931	0.04671	0.01474	0.02866	0.44457	0.13255	0.07506	0.04099	0.00242	0.00359	0.01144	0.14257	0.00455
2	0.00702	0.00560	0.00708	0.00748	0.00821	0.00565	0.00539	0.00820	0.01079	0.01424	0.09351	0.46899	0.22397	0.01451	0.00770	0.00203	0.08789	0.01249	0.00471	0.00455
3	0.01162	0.04102	0.12836	0.46519	0.10098	0.01212	0.08521	0.01541	0.01127	0.06404	0.01025	0.01365	0.00759	0.00517	0.00527	0.00170	0.00705	0.00470	0.00265	0.00673
4	0.11439	0.01354	0.09295	0.17519	0.04334	0.06757	0.02435	0.07995	0.24275	0.01957	0.01468	0.01563	0.03819	0.00611	0.00502	0.00167	0.00574	0.00492	0.00376	0.03069
5	0.14536	0.37319	0.04422	0.01052	0.03188	0.13874	0.03300	0.07278	0.01233	0.01681	0.00889	0.01024	0.00739	0.00501	0.00394	0.00134	0.00597	0.00342	0.06835	0.00662
6	0.00731	0.00536	0.00645	0.00618	0.00757	0.00484	0.00463	0.00949	0.01389	0.01921	0.52667	0.04120	0.24639	0.01118	0.00606	0.00167	0.00254	0.00967	0.06487	0.00484
7	0.01119	0.00888	0.05213	0.06152	0.07195	0.00807	0.03800	0.01471	0.07005	0.12916	0.28329	0.05489	0.11483	0.00904	0.00627	0.00174	0.03286	0.02028	0.00483	0.00631
8	0.01413	0.81739	0.02770	0.00905	0.01357	0.02092	0.00905	0.01583	0.01074	0.01244	0.00735	0.00848	0.00678	0.00452	0.00339	0.00113	0.00565	0.00283	0.00226	0.00678
9	0.00921	0.00579	0.00727	0.00698	0.00825	0.00540	0.00518	0.01087	0.01238	0.09549	0.31978	0.04000	0.11642	0.22027	0.01167	0.00268	0.00373	0.10878	0.00498	0.00486
10	0.01656	0.43646	0.02381	0.01155	0.01609	0.01613	0.13640	0.05973	0.01290	0.20597	0.01156	0.01205	0.00868	0.00511	0.00446	0.00139	0.00593	0.00413	0.00356	0.00751
11	0.00978	0.00737	0.00877	0.00829	0.00969	0.00825	0.00613	0.04846	0.20784	0.01579	0.01688	0.02365	0.01537	0.22906	0.29674	0.00504	0.00800	0.00618	0.06321	0.00548

[dist]
# distance from previous block
# <min> <max>
0	2

[block]
# block no. 5 follows, 46 sequences, length 9
# corresponding to MSA columns:
# 132-140
name=unknown_F
#
# <colnr> <probs for GDERKNQSTAVLIFYWHMCP>
#	G	D	E	R	K	N	Q	S	T	A	V	L	I	F	Y	W	H	M	C	P
0	0.15783	0.09075	0.23061	0.01190	0.01652	0.01316	0.06681	0.15724	0.01364	0.03861	0.05949	0.01485	0.04730	0.00621	0.00557	0.00165	0.05254	0.00474	0.00348	0.00710
1	0.18719	0.00906	0.00946	0.02445	0.01128	0.03742	0.00696	0.16237	0.01298	0.01951	0.01845	0.14888	0.05903	0.07161	0.11239	0.00297	0.00596	0.09023	0.00411	0.00569
2	0.07494	0.05945	0.01616	0.10969	0.05520	0.20363	0.09261	0.10093	0.03299	0.01786	0.01056	0.03189	0.00862	0.00544	0.00479	0.00145	0.00658	0.00441	0.04372	0.11909
3	0.01119	0.01236	0.17255	0.06136	0.01724	0.00922	0.15508	0.05501	0.01165	0.05764	0.06842	0.07925	0.01464	0.00993	0.00916	0.19135	0.00605	0.04871	0.00336	0.00581
4	0.00664	0.00503	0.00590	0.00635	0.00725	0.00454	0.00436	0.00776	0.01099	0.01414	0.11339	0.35158	0.30463	0.12159	0.00921	0.00236	0.00314	0.01208	0.00477	0.00428
5	0.00763	0.00535	0.00690	0.00690	0.00730	0.00574	0.00462	0.00842	0.00802	0.01109	0.01562	0.02883	0.01672	0.49121	0.34648	0.00653	0.00889	0.00684	0.00305	0.00384
6	0.00750	0.00517	0.00603	0.00606	0.00720	0.00476	0.00437	0.00930	0.01231	0.01735	0.30027	0.14748	0.21238	0.07258	0.00741	0.00194	0.00281	0.00971	0.16074	0.00462
7	0.00817	0.00557	0.00702	0.00660	0.00808	0.00503	0.00497	0.01036	0.01426	0.06425	0.57408	0.06950	0.17971	0.01125	0.00620	0.00170	0.00267	0.00981	0.00566	0.00510
8	0.01129	0.18075	0.07202	0.01425	0.15566	0.01218	0.03914	0.01635	0.17648	0.01622	0.01720	0.23304	0.01691	0.00848	0.00532	0.00170	0.00502	0.00743	0.00375	0.00683

[dist]
# distance from previous block
# <min> <max>
0	1

[block]
# block no. 6 follows, 46 sequences, length 11
# corresponding to MSA columns:
# 142-152
name=unknown_G
#
# <colnr> <probs for GDERKNQSTAVLIFYWHMCP>
#	G	D	E	R	K	N	Q	S	T	A	V	L	I	F	Y	W	H	M	C	P
0	0.05322	0.10367	0.12683	0.01022	0.01423	0.02710	0.00949	0.15738	0.13627	0.15186	0.03744	0.01550	0.01188	0.00614	0.00477	0.00154	0.00506	0.00476	0.11503	0.00762
1	0.01763	0.11725	0.09371	0.01467	0.08486	0.43588	0.01151	0.13243	0.01533	0.01674	0.00905	0.01037	0.00727	0.00537	0.00475	0.00142	0.00805	0.00371	0.00300	0.00701
2	0.85155	0.01022	0.00777	0.00695	0.01022	0.01186	0.00573	0.01554	0.00900	0.02372	0.00736	0.00859	0.00573	0.00491	0.00327	0.00164	0.00409	0.00286	0.00327	0.00573
3	0.03599	0.08138	0.10118	0.04634	0.04815	0.01341	0.07729	0.22310	0.15835	0.04945	0.01551	0.01695	0.04794	0.05387	0.00647	0.00184	0.00578	0.00532	0.00410	0.00759
4	0.00738	0.00540	0.00692	0.00654	0.00783	0.00494	0.00491	0.00978	0.01472	0.02062	0.71741	0.04045	0.11127	0.01102	0.00624	0.00167	0.00251	0.00970	0.00574	0.00494
5	0.00977	0.00942	0.03186	0.01277	0.01472	0.00963	0.23207	0.01172	0.01014	0.01414	0.07595	0.11335	0.01699	0.17758	0.05213	0.04412	0.14780	0.00739	0.00322	0.00523
6	0.01136	0.00967	0.01470	0.35712	0.15434	0.01110	0.01207	0.05100	0.05791	0.03986	0.03512	0.01941	0.01189	0.07845	0.00803	0.00207	0.05311	0.04671	0.01973	0.00636
7	0.04828	0.01329	0.02309	0.01709	0.02158	0.01341	0.43585	0.17194	0.11104	0.02141	0.01273	0.01472	0.00948	0.00531	0.00566	0.00170	0.00710	0.00569	0.05316	0.00748
8	0.01258	0.01067	0.01233	0.07684	0.14117	0.10814	0.00895	0.04798	0.06525	0.07520	0.07924	0.08452	0.02842	0.07128	0.06529	0.00236	0.00600	0.00626	0.04164	0.05588
9	0.01007	0.00937	0.00840	0.00814	0.00968	0.13866	0.00591	0.03455	0.08767	0.01540	0.11119	0.18750	0.21540	0.08322	0.00853	0.04326	0.00445	0.00912	0.00442	0.00507
10	0.31187	0.08426	0.11127	0.01220	0.09797	0.01213	0.03310	0.01639	0.07629	0.04475	0.03284	0.01667	0.04488	0.00637	0.00502	0.00169	0.03416	0.04806	0.00345	0.00663

[dist]
# distance from previous block
# <min> <max>
2	10

[block]
# block no. 7 follows, 46 sequences, length 7
# corresponding to MSA columns:
# 163-169
name=unknown_H
#
# <colnr> <probs for GDERKNQSTAVLIFYWHMCP>
#	G	D	E	R	K	N	Q	S	T	A	V	L	I	F	Y	W	H	M	C	P
0	0.03951	0.01066	0.08574	0.07648	0.01311	0.08196	0.00838	0.03814	0.01031	0.01446	0.03145	0.10324	0.01309	0.06018	0.01136	0.18820	0.10376	0.00587	0.09918	0.00492
1	0.01402	0.10483	0.17704	0.01351	0.10346	0.01264	0.01145	0.11215	0.15616	0.08503	0.01339	0.03262	0.01035	0.00575	0.00487	0.00149	0.00551	0.00465	0.00381	0.12725
2	0.03245	0.06357	0.07698	0.05136	0.06434	0.16834	0.05034	0.10392	0.01281	0.03658	0.00995	0.01383	0.00853	0.00693	0.00868	0.00179	0.24024	0.03962	0.00303	0.00672
3	0.01456	0.01058	0.01438	0.09764	0.01705	0.06548	0.11987	0.10101	0.05951	0.19284	0.01856	0.23046	0.01687	0.00875	0.00580	0.00179	0.00553	0.00785	0.00459	0.00686
4	0.00885	0.00471	0.00664	0.00664	0.00664	0.00471	0.00429	0.00706	0.00706	0.00942	0.01083	0.02016	0.01140	0.19389	0.02204	0.66069	0.00471	0.00527	0.00250	0.00250
5	0.01252	0.07949	0.04709	0.07733	0.07181	0.06093	0.30718	0.03438	0.03948	0.01632	0.01109	0.05279	0.00934	0.00553	0.00594	0.00160	0.04507	0.00541	0.00291	0.11377
6	0.01322	0.19551	0.12456	0.04853	0.01666	0.01381	0.05999	0.06787	0.23628	0.05400	0.01464	0.06598	0.01195	0.00637	0.00494	0.00158	0.00550	0.00527	0.00382	0.04950

[dist]
# distance from previous block
# <min> <max>
2	44

[block]
# block no. 8 follows, 46 sequences, length 17
# corresponding to MSA columns:
# 214-230
name=unknown_I
#
# <colnr> <probs for GDERKNQSTAVLIFYWHMCP>
#	G	D	E	R	K	N	Q	S	T	A	V	L	I	F	Y	W	H	M	C	P
0	0.17531	0.00937	0.01242	0.27566	0.09978	0.01077	0.01001	0.06941	0.02487	0.01824	0.04197	0.04944	0.01142	0.04944	0.00644	0.00186	0.03555	0.00518	0.08680	0.00604
1	0.00699	0.00537	0.00601	0.00604	0.00727	0.00485	0.00437	0.00830	0.01153	0.01464	0.16629	0.04582	0.41232	0.20224	0.01122	0.00261	0.00341	0.07179	0.00466	0.00429
2	0.01074	0.01239	0.14781	0.23015	0.14682	0.01030	0.07302	0.01436	0.01232	0.04763	0.20589	0.02002	0.01843	0.00661	0.00576	0.00170	0.02005	0.00595	0.00345	0.00661
3	0.01108	0.01251	0.10783	0.54070	0.06296	0.01231	0.10112	0.05992	0.01179	0.01564	0.00978	0.01364	0.00729	0.00520	0.00536	0.00174	0.00725	0.00479	0.00256	0.00654
4	0.00714	0.00539	0.00659	0.00629	0.00769	0.00484	0.00472	0.00931	0.01415	0.01928	0.57709	0.04265	0.25243	0.01152	0.00624	0.00170	0.00255	0.01000	0.00557	0.00484
5	0.01161	0.00753	0.00727	0.00668	0.00825	0.05455	0.00516	0.09101	0.01260	0.02035	0.01568	0.01793	0.01232	0.00630	0.00464	0.00133	0.04528	0.00480	0.66124	0.00547
6	0.05875	0.00598	0.00602	0.00568	0.00725	0.00616	0.00436	0.06696	0.01222	0.02102	0.06529	0.01983	0.01511	0.00640	0.00395	0.00131	0.00280	0.00509	0.68054	0.00527
7	0.02030	0.01911	0.01508	0.01257	0.01608	0.38133	0.00990	0.33893	0.01922	0.10004	0.01139	0.01174	0.00838	0.00594	0.00505	0.00149	0.00743	0.00418	0.00421	0.00764
8	0.12077	0.01653	0.06575	0.01204	0.01596	0.23736	0.05524	0.16274	0.03658	0.20759	0.01264	0.01276	0.00895	0.00578	0.00494	0.00156	0.00663	0.00434	0.00425	0.00756
9	0.01411	0.22398	0.12144	0.10644	0.02136	0.19915	0.18609	0.01754	0.03469	0.01457	0.00925	0.01140	0.00737	0.00496	0.00487	0.00150	0.00772	0.00421	0.00257	0.00678
10	0.79138	0.01013	0.00810	0.00713	0.01046	0.01156	0.00587	0.01628	0.00944	0.07905	0.00834	0.00927	0.00626	0.00503	0.00342	0.00164	0.00412	0.00304	0.00351	0.00596
11	0.00864	0.00612	0.00750	0.00709	0.00866	0.00583	0.00533	0.01207	0.09151	0.05962	0.48791	0.10617	0.15102	0.01110	0.00615	0.00174	0.00285	0.00969	0.00560	0.00540
12	0.00672	0.00498	0.00627	0.00677	0.00764	0.00454	0.00476	0.00819	0.01195	0.01597	0.25998	0.43555	0.17882	0.01423	0.00650	0.00193	0.00282	0.01265	0.00518	0.00454
13	0.00749	0.00512	0.00619	0.00663	0.00685	0.00505	0.00425	0.00801	0.00881	0.01169	0.02098	0.22100	0.02430	0.52847	0.01976	0.00409	0.00461	0.09922	0.00381	0.00366
14	0.00761	0.00581	0.00708	0.00716	0.00843	0.00559	0.00529	0.01074	0.08981	0.01779	0.34250	0.24716	0.16858	0.01259	0.00633	0.00186	0.00295	0.04233	0.00533	0.00505
15	0.12422	0.01225	0.01330	0.03238	0.01504	0.01342	0.00884	0.34822	0.19230	0.16244	0.01540	0.01477	0.01089	0.00636	0.00506	0.00165	0.00502	0.00490	0.00520	0.00835
16	0.10164	0.10219	0.16553	0.13424	0.01824	0.08091	0.01107	0.09236	0.01304	0.09562	0.04786	0.02884	0.01066	0.00645	0.01768	0.00168	0.00612	0.00456	0.05445	0.00684

[dist]
# distance from previous block
# <min> <max>
1	2

[block]
# block no. 9 follows, 46 sequences, length 11
# corresponding to MSA columns:
# 233-243
name=unknown_J
#
# <colnr> <probs for GDERKNQSTAVLIFYWHMCP>
#	G	D	E	R	K	N	Q	S	T	A	V	L	I	F	Y	W	H	M	C	P
0	0.47016	0.11602	0.01248	0.10550	0.01464	0.01340	0.00783	0.13086	0.01197	0.02228	0.00890	0.01041	0.00690	0.00519	0.00387	0.00156	0.00485	0.00348	0.04335	0.00635
1	0.01231	0.26167	0.34687	0.16270	0.02188	0.01458	0.01449	0.01665	0.03356	0.05501	0.00977	0.01152	0.00740	0.00506	0.00460	0.00153	0.00673	0.00387	0.00258	0.00721
2	0.00815	0.00658	0.00745	0.00770	0.00912	0.00667	0.00557	0.01287	0.21064	0.01598	0.03389	0.39297	0.23573	0.01322	0.00625	0.00195	0.00325	0.01158	0.00503	0.00541
3	0.00743	0.00552	0.00760	0.00760	0.00845	0.00607	0.00564	0.00888	0.00875	0.01211	0.01924	0.02699	0.10374	0.18821	0.55143	0.00705	0.01105	0.00670	0.00315	0.00439
4	0.11059	0.00686	0.00826	0.00720	0.00944	0.00652	0.00565	0.01514	0.01382	0.22520	0.38893	0.02762	0.03026	0.00839	0.00532	0.00160	0.00321	0.00705	0.11279	0.00614
5	0.00858	0.00741	0.01246	0.01132	0.01329	0.00702	0.17088	0.01095	0.01172	0.01530	0.02778	0.23203	0.12235	0.01272	0.00680	0.00214	0.00503	0.31264	0.00441	0.00517
6	0.85155	0.01022	0.00777	0.00695	0.01022	0.01186	0.00573	0.01554	0.00900	0.02372	0.00736	0.00859	0.00573	0.00491	0.00327	0.00164	0.00409	0.00286	0.00327	0.00573
7	0.01754	0.25473	0.01937	0.01310	0.06984	0.25800	0.01020	0.23907	0.03760	0.01938	0.00977	0.01069	0.00782	0.00544	0.00457	0.00139	0.00691	0.00380	0.00341	0.00739
8	0.00869	0.00510	0.00572	0.00572	0.00642	0.00522	0.00387	0.01010	0.00940	0.01498	0.01662	0.02580	0.01577	0.33345	0.11389	0.00372	0.00502	0.00612	0.40018	0.00421
9	0.60818	0.01228	0.09889	0.00816	0.01168	0.04614	0.00744	0.01522	0.01028	0.02210	0.10620	0.01288	0.01153	0.00570	0.00392	0.00163	0.00456	0.00386	0.00345	0.00589
10	0.01439	0.15236	0.24428	0.01226	0.01685	0.20450	0.01213	0.08964	0.10655	0.01768	0.07022	0.01371	0.01146	0.00588	0.00485	0.00151	0.00683	0.00438	0.00331	0.00719

[dist]
# distance from previous block
# <min> <max>
5	8

[block]
# block no. 10 follows, 46 sequences, length 9
# corresponding to MSA columns:
# 252-260
name=unknown_K
#
# <colnr> <probs for GDERKNQSTAVLIFYWHMCP>
#	G	D	E	R	K	N	Q	S	T	A	V	L	I	F	Y	W	H	M	C	P
0	0.01150	0.01617	0.19040	0.01883	0.02410	0.01255	0.49601	0.01587	0.01191	0.01643	0.01380	0.01650	0.07211	0.00560	0.00662	0.00179	0.05402	0.00606	0.00275	0.00698
1	0.00954	0.00788	0.00944	0.00768	0.01100	0.00618	0.00584	0.01143	0.01070	0.01605	0.01562	0.26326	0.01639	0.00790	0.00481	0.00121	0.00365	0.00688	0.00369	0.58084
2	0.01209	0.00974	0.01375	0.21514	0.17079	0.01056	0.01073	0.01809	0.21236	0.08860	0.08277	0.02181	0.09676	0.00712	0.00549	0.00171	0.00505	0.00619	0.00415	0.00709
3	0.01047	0.01359	0.18628	0.01524	0.13885	0.01140	0.01222	0.01312	0.01011	0.01493	0.01285	0.17827	0.01304	0.00860	0.00918	0.00187	0.25637	0.00651	0.00296	0.08411
4	0.00740	0.00547	0.00701	0.00714	0.00839	0.00507	0.00556	0.00955	0.01347	0.01826	0.43668	0.11484	0.16355	0.01254	0.00651	0.00189	0.00307	0.16342	0.00539	0.00482
5	0.01105	0.05085	0.11234	0.32047	0.09459	0.01319	0.01368	0.01404	0.01014	0.01427	0.00869	0.01245	0.00714	0.00615	0.00836	0.00178	0.22536	0.00438	0.00240	0.06866
6	0.00960	0.11746	0.15370	0.00963	0.01265	0.00890	0.06406	0.01223	0.01081	0.01567	0.01784	0.29620	0.01829	0.00918	0.00518	0.00164	0.00463	0.00805	0.17560	0.04867
7	0.00761	0.00530	0.00644	0.00631	0.00711	0.00520	0.00435	0.00897	0.01081	0.01510	0.26063	0.03494	0.10905	0.31231	0.11909	0.00384	0.00505	0.00818	0.06550	0.00423
8	0.04220	0.01515	0.21124	0.08460	0.27047	0.01164	0.01404	0.09578	0.01336	0.08991	0.06806	0.01510	0.01145	0.00657	0.02622	0.00181	0.00637	0.00489	0.00341	0.00771

[dist]
# distance from previous block
# <min> <max>
0	1

[block]
# block no. 11 follows, 46 sequences, length 25
# corresponding to MSA columns:
# 262-286
name=unknown_L
#
# <colnr> <probs for GDERKNQSTAVLIFYWHMCP>
#	G	D	E	R	K	N	Q	S	T	A	V	L	I	F	Y	W	H	M	C	P
0	0.28026	0.06303	0.01589	0.01283	0.06453	0.11092	0.10858	0.14465	0.01338	0.02100	0.00915	0.01077	0.00720	0.00521	0.00494	0.00153	0.03693	0.00391	0.00332	0.08198
1	0.01070	0.18249	0.05660	0.01579	0.25531	0.01113	0.01007	0.01290	0.01132	0.01505	0.07105	0.09325	0.09747	0.08890	0.00742	0.00196	0.00511	0.04381	0.00336	0.00629
2	0.01169	0.10230	0.23777	0.01428	0.09973	0.04271	0.06532	0.02854	0.01111	0.01617	0.01082	0.01378	0.00884	0.02449	0.04562	0.00201	0.10433	0.00447	0.14934	0.00667
3	0.00784	0.00543	0.00653	0.00651	0.00793	0.00480	0.00478	0.00948	0.01267	0.06809	0.26378	0.23033	0.32654	0.01292	0.00630	0.00183	0.00284	0.01123	0.00529	0.00489
4	0.00765	0.00663	0.01076	0.04328	0.01223	0.00623	0.13501	0.00943	0.01111	0.01461	0.06700	0.47291	0.15583	0.01318	0.00649	0.00198	0.00414	0.01215	0.00446	0.00491
5	0.01361	0.38057	0.09349	0.01567	0.06624	0.07118	0.25750	0.01666	0.01172	0.01462	0.00885	0.01097	0.00728	0.00462	0.00468	0.00143	0.00722	0.00420	0.00245	0.00704
6	0.00668	0.00488	0.00629	0.00699	0.00767	0.00448	0.00484	0.00803	0.01152	0.01549	0.21808	0.54334	0.11255	0.01481	0.00657	0.00199	0.00289	0.01328	0.00513	0.00448
7	0.01912	0.00947	0.01169	0.00998	0.04246	0.04740	0.00767	0.07000	0.01545	0.48609	0.16849	0.02133	0.01959	0.00723	0.00540	0.00161	0.00443	0.00598	0.03873	0.00788
8	0.11118	0.00895	0.01127	0.00929	0.01283	0.00844	0.00769	0.02293	0.07547	0.54104	0.02036	0.02247	0.01476	0.00745	0.00535	0.00175	0.00448	0.10036	0.00588	0.00806
9	0.85155	0.01022	0.00777	0.00695	0.01022	0.01186	0.00573	0.01554	0.00900	0.02372	0.00736	0.00859	0.00573	0.00491	0.00327	0.00164	0.00409	0.00286	0.00327	0.00573
10	0.01251	0.32409	0.08657	0.01165	0.09020	0.12447	0.00954	0.02709	0.01210	0.01422	0.02031	0.02069	0.21270	0.00711	0.00471	0.00144	0.00567	0.00545	0.00312	0.00636
11	0.01451	0.23556	0.26430	0.01328	0.01806	0.25526	0.04817	0.01761	0.01210	0.01419	0.00841	0.01012	0.00683	0.00525	0.00532	0.00148	0.05666	0.00362	0.00242	0.00686
12	0.00857	0.00659	0.00814	0.00761	0.00761	0.00765	0.00511	0.00883	0.00778	0.01081	0.01444	0.02935	0.01642	0.63094	0.02473	0.00449	0.18713	0.00699	0.00300	0.00379
13	0.01348	0.00656	0.00827	0.00719	0.00881	0.00607	0.00506	0.01450	0.01121	0.29228	0.10481	0.02913	0.02048	0.43009	0.01673	0.00347	0.00460	0.00704	0.00471	0.00551
14	0.00682	0.00533	0.00618	0.00607	0.00752	0.00469	0.00451	0.00864	0.01323	0.01733	0.37739	0.09696	0.40154	0.01244	0.00628	0.00175	0.00262	0.01070	0.00532	0.00469
15	0.00743	0.00525	0.00680	0.00718	0.00792	0.00502	0.00520	0.00899	0.01173	0.01602	0.29797	0.24246	0.03635	0.17866	0.01081	0.00263	0.00359	0.13667	0.00488	0.00442
16	0.01008	0.00732	0.00873	0.00864	0.00999	0.00752	0.00628	0.20881	0.01405	0.01878	0.02476	0.59817	0.02805	0.01384	0.00636	0.00200	0.00380	0.01229	0.00501	0.00554
17	0.00983	0.00681	0.00838	0.00807	0.00964	0.00682	0.00604	0.05250	0.12749	0.07276	0.30919	0.27967	0.03473	0.01168	0.00619	0.00186	0.00332	0.03379	0.00546	0.00576
18	0.01425	0.01120	0.02005	0.26755	0.02571	0.01168	0.26887	0.01842	0.06343	0.19086	0.01316	0.01531	0.00936	0.00558	0.00613	0.00177	0.04041	0.00545	0.00362	0.00718
19	0.01173	0.01124	0.01888	0.22347	0.31778	0.01120	0.10931	0.01495	0.01147	0.01625	0.00977	0.01301	0.00786	0.00464	0.00508	0.00147	0.00628	0.00454	0.00267	0.19840
20	0.01136	0.01020	0.01643	0.27991	0.09107	0.02833	0.11238	0.01509	0.06359	0.05379	0.01180	0.01570	0.00952	0.01289	0.17197	0.00320	0.07830	0.00519	0.00295	0.00635
21	0.01288	0.05412	0.01371	0.01206	0.05208	0.13336	0.06153	0.06786	0.20769	0.03111	0.01694	0.16668	0.01567	0.01161	0.07701	0.04190	0.00636	0.00690	0.00402	0.00651
22	0.01162	0.01302	0.08335	0.01634	0.21806	0.11205	0.03428	0.01407	0.01156	0.01555	0.01473	0.18711	0.03270	0.00766	0.00579	0.00157	0.03920	0.00661	0.00324	0.17149
23	0.01440	0.01116	0.06468	0.00935	0.01227	0.09167	0.00781	0.06354	0.09810	0.21057	0.25119	0.02548	0.06215	0.04587	0.00658	0.00180	0.00464	0.00675	0.00517	0.00681
24	0.01210	0.24630	0.15351	0.05882	0.01561	0.06551	0.02416	0.06648	0.01193	0.01529	0.03014	0.03203	0.04119	0.10186	0.02160	0.00203	0.00619	0.04363	0.00304	0.04858

[dist]
# distance from previous block
# <min> <max>
4	179

[block]
# block no. 12 follows, 46 sequences, length 29
# corresponding to MSA columns:
# 466-494
name=unknown_M
#
# <colnr> <probs for GDERKNQSTAVLIFYWHMCP>
#	G	D	E	R	K	N	Q	S	T	A	V	L	I	F	Y	W	H	M	C	P
0	0.00915	0.00804	0.07988	0.00800	0.00982	0.00646	0.00661	0.05524	0.01200	0.05807	0.14816	0.19045	0.12378	0.16545	0.04762	0.00280	0.00464	0.05419	0.00450	0.00514
1	0.06654	0.12560	0.18685	0.01363	0.08647	0.09798	0.02209	0.12845	0.02749	0.17774	0.01202	0.01247	0.00866	0.00550	0.00481	0.00154	0.00632	0.00420	0.00379	0.00784
2	0.07581	0.00960	0.01129	0.04200	0.01345	0.04220	0.00769	0.03518	0.12209	0.31391	0.05281	0.01774	0.01368	0.01146	0.12628	0.00263	0.00611	0.00517	0.00486	0.08604
3	0.01666	0.01898	0.06060	0.05531	0.01618	0.42570	0.00988	0.07240	0.10997	0.04763	0.01184	0.01430	0.00971	0.08096	0.00698	0.00183	0.00758	0.00444	0.02252	0.00652
4	0.00917	0.00690	0.00807	0.02388	0.01006	0.00695	0.00605	0.01392	0.19310	0.05573	0.12538	0.23798	0.22005	0.01197	0.00616	0.00189	0.00341	0.04847	0.00516	0.00569
5	0.07733	0.14034	0.16062	0.21963	0.06411	0.01377	0.22014	0.01570	0.01118	0.01586	0.00932	0.01225	0.00718	0.00483	0.00505	0.00163	0.00721	0.00455	0.00249	0.00683
6	0.01096	0.01539	0.24827	0.12963	0.10853	0.01216	0.05176	0.03633	0.01088	0.01580	0.01134	0.08742	0.01010	0.00709	0.00793	0.00184	0.17961	0.00550	0.04277	0.00669
7	0.00708	0.00541	0.00657	0.00727	0.00815	0.00518	0.00507	0.00946	0.08153	0.01481	0.06869	0.55872	0.17272	0.01482	0.00650	0.00202	0.00307	0.01320	0.00500	0.00474
8	0.01146	0.00859	0.01035	0.04981	0.04500	0.00897	0.00747	0.13952	0.15504	0.06102	0.02509	0.30533	0.10939	0.01082	0.00591	0.00184	0.00413	0.00941	0.00488	0.02601
9	0.01174	0.12717	0.01729	0.05776	0.13296	0.04590	0.07938	0.05804	0.01212	0.01590	0.06812	0.02104	0.15706	0.00777	0.00769	0.00172	0.16260	0.00606	0.00331	0.00636
10	0.00972	0.00955	0.01814	0.01431	0.01700	0.00960	0.33339	0.01240	0.01055	0.01447	0.01645	0.13024	0.05261	0.06412	0.20985	0.00379	0.05744	0.00756	0.00315	0.00567
11	0.85155	0.01022	0.00777	0.00695	0.01022	0.01186	0.00573	0.01554	0.00900	0.02372	0.00736	0.00859	0.00573	0.00491	0.00327	0.00164	0.00409	0.00286	0.00327	0.00573
12	0.01213	0.01064	0.01608	0.09971	0.01793	0.05826	0.17875	0.08418	0.01198	0.05812	0.01237	0.01649	0.01023	0.03068	0.26033	0.00396	0.06771	0.00537	0.03891	0.00617
13	0.01626	0.05112	0.05954	0.01009	0.01351	0.00994	0.00887	0.16514	0.04775	0.27559	0.02172	0.05556	0.06191	0.00888	0.00574	0.00181	0.00493	0.16897	0.00524	0.00744
14	0.00679	0.00526	0.00759	0.00809	0.00884	0.00486	0.05102	0.00797	0.01044	0.01378	0.03021	0.69362	0.10044	0.01554	0.00667	0.00209	0.00339	0.01414	0.00477	0.00448
15	0.00769	0.00625	0.00837	0.00858	0.00896	0.00703	0.00627	0.00874	0.00981	0.01348	0.05574	0.48763	0.07324	0.05694	0.04223	0.00256	0.17610	0.01156	0.00421	0.00461
16	0.01364	0.01558	0.08922	0.01801	0.09066	0.12344	0.25344	0.01656	0.01154	0.05721	0.00999	0.02714	0.00823	0.00636	0.00893	0.00184	0.23345	0.00514	0.00279	0.00683
17	0.01315	0.01136	0.01195	0.01076	0.01375	0.01315	0.00837	0.02809	0.77168	0.02211	0.02152	0.01972	0.01614	0.00717	0.00538	0.00179	0.00418	0.00598	0.00538	0.00837
18	0.19657	0.01428	0.14144	0.01575	0.02049	0.01178	0.38084	0.01570	0.01183	0.01895	0.10910	0.01579	0.01272	0.00547	0.00539	0.00172	0.00685	0.00556	0.00314	0.00665
19	0.00705	0.00526	0.00655	0.00650	0.00770	0.00476	0.00477	0.00903	0.01353	0.01844	0.49942	0.17247	0.20041	0.01232	0.00632	0.00177	0.00263	0.01082	0.00547	0.00476
20	0.01228	0.00610	0.00815	0.00742	0.00878	0.00598	0.00541	0.01294	0.00991	0.20979	0.01571	0.02224	0.01379	0.20625	0.17609	0.18017	0.00647	0.00576	0.08180	0.00497
21	0.01491	0.01145	0.01210	0.01027	0.01338	0.01288	0.00816	0.26903	0.40010	0.02543	0.01790	0.01739	0.01335	0.00673	0.00507	0.00163	0.00444	0.00540	0.14235	0.00801
22	0.00767	0.00516	0.00599	0.00615	0.00625	0.00514	0.00369	0.00790	0.00816	0.01085	0.01822	0.08261	0.02096	0.70908	0.02429	0.00475	0.00498	0.06132	0.00342	0.00339
23	0.77276	0.01183	0.08076	0.00771	0.01141	0.01190	0.00702	0.01565	0.00920	0.02307	0.00756	0.00883	0.00582	0.00492	0.00344	0.00164	0.00444	0.00296	0.00317	0.00592
24	0.01929	0.01178	0.01567	0.01621	0.21107	0.01188	0.01065	0.24310	0.06227	0.31909	0.01567	0.01526	0.01084	0.00605	0.00529	0.00161	0.00533	0.00503	0.00509	0.00880
25	0.01229	0.01044	0.05531	0.00896	0.01191	0.03226	0.00750	0.23225	0.02960	0.04876	0.21803	0.06150	0.18136	0.00917	0.00568	0.00163	0.00423	0.00762	0.00499	0.05652
26	0.01975	0.02520	0.01498	0.01362	0.01634	0.79299	0.01021	0.02111	0.01498	0.01294	0.00817	0.00953	0.00681	0.00545	0.00477	0.00136	0.00953	0.00340	0.00272	0.00613
27	0.13475	0.01460	0.01720	0.13873	0.38734	0.18822	0.01313	0.01682	0.01205	0.01666	0.00909	0.01179	0.00744	0.00499	0.00485	0.00156	0.00681	0.00415	0.00270	0.00712
28	0.77362	0.01163	0.00845	0.00758	0.01080	0.08504	0.00615	0.01606	0.00956	0.02271	0.00744	0.00868	0.00583	0.00496	0.00341	0.00161	0.00460	0.00291	0.00322	0.00576

[dist]
# distance from previous block
# <min> <max>
0	3

[block]
# block no. 13 follows, 46 sequences, length 12
# corresponding to MSA columns:
# 498-509
name=unknown_N
#
# <colnr> <probs for GDERKNQSTAVLIFYWHMCP>
#	G	D	E	R	K	N	Q	S	T	A	V	L	I	F	Y	W	H	M	C	P
0	0.01231	0.01040	0.01106	0.00992	0.01270	0.01171	0.00771	0.06348	0.58753	0.02184	0.09188	0.02427	0.09600	0.00808	0.00554	0.00177	0.00397	0.00676	0.00537	0.00770
1	0.77444	0.01015	0.00851	0.07975	0.01262	0.01185	0.00655	0.01535	0.00914	0.02278	0.00755	0.00909	0.00585	0.00494	0.00346	0.00165	0.00436	0.00303	0.00319	0.00574
2	0.01413	0.81739	0.02770	0.00905	0.01357	0.02092	0.00905	0.01583	0.01074	0.01244	0.00735	0.00848	0.00678	0.00452	0.00339	0.00113	0.00565	0.00283	0.00226	0.00678
3	0.01157	0.01157	0.01619	0.01388	0.01388	0.01619	0.01157	0.01272	0.00810	0.01272	0.00694	0.01157	0.00694	0.00925	0.01735	0.00231	0.80453	0.00463	0.00231	0.00578
4	0.00804	0.00569	0.00630	0.00596	0.00785	0.00486	0.00454	0.00966	0.01288	0.08440	0.18760	0.04579	0.57290	0.01229	0.00616	0.00175	0.00281	0.01033	0.00523	0.00497
5	0.01197	0.01167	0.01864	0.38028	0.41065	0.04579	0.01527	0.01520	0.01150	0.01538	0.00962	0.01339	0.00771	0.00500	0.00524	0.00165	0.00677	0.00465	0.00250	0.00714
6	0.00998	0.00940	0.01586	0.80150	0.03641	0.01175	0.01468	0.01351	0.01057	0.01351	0.00940	0.01409	0.00705	0.00529	0.00529	0.00176	0.00705	0.00470	0.00235	0.00587
7	0.01790	0.30586	0.01986	0.01356	0.13713	0.08927	0.00998	0.06887	0.01366	0.25679	0.01243	0.01258	0.00916	0.00540	0.00455	0.00141	0.00578	0.00409	0.00390	0.00782
8	0.01610	0.12134	0.01886	0.03542	0.15497	0.20398	0.06453	0.14166	0.08311	0.04117	0.01084	0.01231	0.00858	0.00570	0.00577	0.00155	0.05892	0.00439	0.00338	0.00742
9	0.00844	0.00580	0.00724	0.00700	0.00847	0.00545	0.00524	0.01087	0.04469	0.07199	0.34567	0.15500	0.20665	0.01439	0.07650	0.00238	0.00388	0.00995	0.00524	0.00517
10	0.01399	0.01008	0.01064	0.00954	0.01137	0.12110	0.00742	0.01593	0.03659	0.20184	0.08614	0.02693	0.04106	0.15722	0.04773	0.00274	0.09855	0.09080	0.00437	0.00596
11	0.01257	0.01079	0.07007	0.21617	0.02097	0.03328	0.12960	0.01568	0.01215	0.15216	0.11325	0.01872	0.01480	0.01033	0.10041	0.00252	0.02466	0.00572	0.02969	0.00649

[dist]
# distance from previous block
# <min> <max>
0	3

[block]
# block no. 14 follows, 46 sequences, length 37
# corresponding to MSA columns:
# 513-549
name=unknown_O
#
# <colnr> <probs for GDERKNQSTAVLIFYWHMCP>
#	G	D	E	R	K	N	Q	S	T	A	V	L	I	F	Y	W	H	M	C	P
0	0.00654	0.00467	0.00624	0.00743	0.00779	0.00437	0.00504	0.00755	0.01031	0.01377	0.04751	0.76506	0.03517	0.01635	0.00675	0.00215	0.00312	0.04091	0.00493	0.00433
1	0.04885	0.23916	0.08865	0.04655	0.20197	0.20609	0.01201	0.01788	0.01236	0.06704	0.00937	0.01096	0.00756	0.00502	0.00452	0.00142	0.00686	0.00376	0.00279	0.00717
2	0.10444	0.21895	0.06032	0.00879	0.01225	0.01243	0.00791	0.15139	0.01421	0.06282	0.12812	0.04587	0.13696	0.00772	0.00490	0.00154	0.00457	0.00606	0.00418	0.00656
3	0.00946	0.00712	0.00936	0.00857	0.01044	0.00703	0.06489	0.08498	0.01298	0.01779	0.06302	0.09451	0.21973	0.03564	0.00680	0.00193	0.02006	0.16198	0.15841	0.00529
4	0.53014	0.01526	0.01062	0.00942	0.01259	0.25792	0.00745	0.07104	0.01202	0.02102	0.00800	0.00918	0.00630	0.00518	0.00389	0.00155	0.00593	0.00317	0.00324	0.00609
5	0.00739	0.00540	0.00694	0.00655	0.00784	0.00495	0.00491	0.00979	0.01474	0.02067	0.72275	0.04036	0.10590	0.01101	0.00624	0.00167	0.00251	0.00968	0.00575	0.00495
6	0.01213	0.00875	0.07110	0.00743	0.00978	0.03460	0.00639	0.05389	0.04353	0.10222	0.08596	0.01994	0.01587	0.00765	0.03017	0.00163	0.00400	0.00531	0.47364	0.00599
7	0.07878	0.07474	0.01848	0.05068	0.29840	0.01432	0.04057	0.29117	0.01625	0.02291	0.01079	0.01303	0.00857	0.03175	0.00571	0.00168	0.00599	0.00460	0.00363	0.00796
8	0.00663	0.00538	0.00592	0.00603	0.00760	0.00466	0.00458	0.00820	0.01238	0.01539	0.15818	0.09495	0.56501	0.01329	0.00636	0.00184	0.00285	0.07114	0.00504	0.00456
9	0.02072	0.04224	0.01315	0.00984	0.01363	0.01014	0.00808	0.16079	0.07080	0.50324	0.01845	0.01745	0.01252	0.03620	0.03606	0.00200	0.00516	0.00526	0.00580	0.00849
10	0.01896	0.01081	0.01263	0.01002	0.01361	0.01109	0.00816	0.30432	0.08672	0.30813	0.08715	0.01822	0.01521	0.00689	0.00529	0.00161	0.00465	0.00553	0.06271	0.00829
11	0.70900	0.00933	0.00729	0.00661	0.00954	0.01069	0.00538	0.01499	0.00935	0.02304	0.00904	0.01047	0.00705	0.00512	0.00334	0.00157	0.00381	0.00321	0.14558	0.00559
12	0.01120	0.03977	0.01147	0.19355	0.08275	0.06800	0.00866	0.06390	0.01211	0.01716	0.01540	0.14776	0.01408	0.00746	0.00488	0.00157	0.00484	0.00633	0.28333	0.00578
13	0.01237	0.31070	0.37302	0.01326	0.01892	0.03999	0.06694	0.01624	0.01097	0.01476	0.00855	0.01039	0.00684	0.00516	0.00551	0.00153	0.07166	0.00372	0.00230	0.00718
14	0.00993	0.00915	0.01305	0.01168	0.01206	0.01227	0.00954	0.01138	0.00826	0.01254	0.00989	0.01533	0.00951	0.02168	0.33452	0.00484	0.48145	0.00505	0.00253	0.00535
15	0.01826	0.01280	0.01402	0.01129	0.01508	0.01405	0.00915	0.40723	0.27690	0.13827	0.01687	0.01585	0.01201	0.00666	0.00532	0.00166	0.00507	0.00525	0.00550	0.00878
16	0.01221	0.00792	0.00922	0.00796	0.01028	0.00787	0.00631	0.18512	0.01631	0.10354	0.30302	0.03154	0.14316	0.00939	0.00570	0.00165	0.00359	0.03715	0.09182	0.00624
17	0.01969	0.00823	0.01107	0.00879	0.01219	0.00726	0.00714	0.03602	0.01528	0.58429	0.20544	0.02313	0.02198	0.00758	0.00554	0.00164	0.00403	0.00634	0.00634	0.00802
18	0.00852	0.00734	0.01162	0.36288	0.07891	0.00824	0.01011	0.01077	0.01047	0.01379	0.01890	0.39574	0.02052	0.01065	0.00598	0.00193	0.00508	0.00965	0.00360	0.00531
19	0.01426	0.01167	0.01240	0.01087	0.01404	0.01335	0.00854	0.11072	0.66404	0.04724	0.02050	0.01888	0.01524	0.00706	0.00537	0.00176	0.00438	0.00582	0.00541	0.00846
20	0.00646	0.00500	0.00591	0.00656	0.00755	0.00445	0.00464	0.00766	0.01118	0.01418	0.06618	0.43614	0.35229	0.01494	0.00653	0.00198	0.00294	0.03604	0.00494	0.00441
21	0.01374	0.72851	0.11311	0.00972	0.01462	0.01995	0.01023	0.01593	0.01079	0.01292	0.00759	0.00878	0.00677	0.00458	0.00358	0.00119	0.00590	0.00295	0.00226	0.00690
22	0.85155	0.01022	0.00777	0.00695	0.01022	0.01186	0.00573	0.01554	0.00900	0.02372	0.00736	0.00859	0.00573	0.00491	0.00327	0.00164	0.00409	0.00286	0.00327	0.00573
23	0.01114	0.01122	0.02056	0.45972	0.03113	0.01243	0.26306	0.01616	0.09025	0.01554	0.01109	0.01473	0.00832	0.00521	0.00561	0.00177	0.00737	0.00534	0.00277	0.00655
24	0.00666	0.00472	0.00617	0.00714	0.00749	0.00444	0.00474	0.00761	0.01026	0.01379	0.08904	0.66715	0.03455	0.09894	0.00880	0.00242	0.00323	0.01382	0.00480	0.00424
25	0.00750	0.00541	0.00746	0.00756	0.00816	0.00596	0.00542	0.00873	0.00838	0.01175	0.01615	0.08956	0.01684	0.27662	0.49270	0.00694	0.01047	0.00705	0.00312	0.00422
26	0.00908	0.00806	0.01185	0.01072	0.01129	0.00968	0.06442	0.01027	0.00903	0.01284	0.01637	0.26823	0.01835	0.14543	0.07434	0.00316	0.30002	0.00861	0.00334	0.00491
27	0.00918	0.00459	0.00689	0.00689	0.00689	0.00459	0.00459	0.00689	0.00689	0.00918	0.00918	0.01607	0.00918	0.01837	0.02066	0.84619	0.00459	0.00459	0.00230	0.00230
28	0.85155	0.01022	0.00777	0.00695	0.01022	0.01186	0.00573	0.01554	0.00900	0.02372	0.00736	0.00859	0.00573	0.00491	0.00327	0.00164	0.00409	0.00286	0.00327	0.00573
29	0.01208	0.30900	0.01607	0.02250	0.01182	0.04401	0.00739	0.12644	0.01266	0.01582	0.01742	0.22850	0.05671	0.08859	0.00714	0.00192	0.00496	0.00736	0.00368	0.00594
30	0.01651	0.01814	0.01279	0.02932	0.01479	0.49568	0.00936	0.01815	0.01394	0.07189	0.01481	0.08567	0.01428	0.00825	0.00549	0.00167	0.00764	0.15205	0.00361	0.00594
31	0.08114	0.08036	0.01489	0.07139	0.01649	0.35932	0.00963	0.13233	0.11793	0.01842	0.04137	0.01278	0.01006	0.00591	0.00480	0.00150	0.00706	0.00421	0.00357	0.00682
32	0.01203	0.01223	0.01987	0.13914	0.23640	0.04315	0.14627	0.01474	0.01064	0.01486	0.00923	0.01323	0.00786	0.00788	0.04796	0.00219	0.24813	0.00495	0.00251	0.00673
33	0.02618	0.01791	0.10080	0.10735	0.04472	0.27233	0.16634	0.08822	0.01402	0.04603	0.01119	0.05987	0.00924	0.00594	0.00534	0.00162	0.00783	0.00512	0.00314	0.00682
34	0.01186	0.01459	0.08729	0.02045	0.02572	0.01261	0.64772	0.01621	0.01234	0.01672	0.01384	0.01679	0.06618	0.00517	0.00615	0.00177	0.00836	0.00643	0.00281	0.00698
35	0.01193	0.07274	0.00980	0.00801	0.01005	0.00725	0.00615	0.01434	0.06929	0.20825	0.02824	0.36332	0.13425	0.01186	0.00595	0.00186	0.00369	0.02186	0.00514	0.00602
36	0.21005	0.01076	0.01047	0.01032	0.06941	0.06792	0.00740	0.14691	0.09469	0.02077	0.02352	0.08332	0.20717	0.00849	0.00514	0.00170	0.00453	0.00676	0.00431	0.00638

[dist]
# distance from previous block
# <min> <max>
1	12

[block]
# block no. 15 follows, 46 sequences, length 6
# corresponding to MSA columns:
# 562-567
name=unknown_P
#
# <colnr> <probs for GDERKNQSTAVLIFYWHMCP>
#	G	D	E	R	K	N	Q	S	T	A	V	L	I	F	Y	W	H	M	C	P
0	0.02010	0.01481	0.01587	0.01216	0.01639	0.01639	0.01005	0.76360	0.02486	0.03332	0.01269	0.01269	0.00899	0.00635	0.00529	0.00159	0.00582	0.00476	0.00529	0.00899
1	0.01742	0.01253	0.01362	0.01101	0.01454	0.01380	0.00882	0.42335	0.24188	0.09541	0.01632	0.01692	0.01224	0.06904	0.00699	0.00193	0.00517	0.00539	0.00527	0.00836
2	0.01120	0.00961	0.01107	0.00815	0.01266	0.00772	0.00650	0.01495	0.09521	0.01777	0.01074	0.01193	0.00875	0.00428	0.00408	0.00089	0.00394	0.00345	0.00338	0.75371
3	0.01237	0.01004	0.01219	0.10194	0.06249	0.01123	0.00924	0.07716	0.37848	0.04259	0.02046	0.04675	0.03753	0.04625	0.00669	0.00201	0.00484	0.10584	0.00469	0.00721
4	0.01075	0.01909	0.47007	0.10270	0.02041	0.01023	0.01488	0.01537	0.01188	0.07512	0.11341	0.05543	0.04449	0.00680	0.00536	0.00171	0.00635	0.00566	0.00327	0.00701
5	0.00898	0.00595	0.00680	0.00662	0.00784	0.00586	0.00482	0.07667	0.01138	0.01574	0.02664	0.10157	0.22273	0.11042	0.04750	0.12722	0.00414	0.02967	0.17494	0.00450

[dist]
# distance from previous block
# <min> <max>
0	10

[block]
# block no. 16 follows, 46 sequences, length 30
# corresponding to MSA columns:
# 578-607
name=unknown_Q
#
# <colnr> <probs for GDERKNQSTAVLIFYWHMCP>
#	G	D	E	R	K	N	Q	S	T	A	V	L	I	F	Y	W	H	M	C	P
0	0.01161	0.01211	0.09896	0.01400	0.16161	0.04854	0.01003	0.09770	0.06864	0.01951	0.17478	0.05683	0.07493	0.00777	0.00547	0.00159	0.00493	0.03010	0.00413	0.09675
1	0.01374	0.03865	0.20538	0.16638	0.02066	0.13001	0.01260	0.07110	0.10894	0.07186	0.01363	0.01487	0.04298	0.00610	0.00556	0.00164	0.03678	0.00471	0.00340	0.03100
2	0.01311	0.07033	0.07105	0.03678	0.01876	0.04427	0.27994	0.16439	0.01368	0.01807	0.01203	0.01787	0.01057	0.19361	0.01049	0.00245	0.00708	0.00572	0.00326	0.00653
