[name]
unknown

[dist]
# distance from previous block
# <min> <max>
1	91

[block]
# block no. 0 follows, 42 sequences, length 136
# corresponding to MSA columns:
# 236-371
name=unknown_A
#
# <colnr> <probs for GDERKNQSTAVLIFYWHMCP>
#	G	D	E	R	K	N	Q	S	T	A	V	L	I	F	Y	W	H	M	C	P
0	0.01405	0.29581	0.04194	0.01099	0.01481	0.01664	0.00969	0.04177	0.28111	0.01835	0.01371	0.01423	0.01103	0.00638	0.00618	0.00159	0.09150	0.00456	0.00381	0.10186
1	0.01199	0.06131	0.35889	0.01508	0.01908	0.01562	0.01600	0.01565	0.01024	0.01546	0.00863	0.01195	0.00726	0.00756	0.01177	0.00209	0.39735	0.00448	0.00242	0.00719
2	0.00977	0.00875	0.01209	0.01137	0.01164	0.01107	0.00894	0.01105	0.01014	0.01464	0.07207	0.32061	0.02317	0.01319	0.01285	0.00235	0.40029	0.03666	0.00390	0.00545
3	0.04803	0.01185	0.01537	0.01273	0.01480	0.01436	0.01053	0.09829	0.06677	0.22814	0.01332	0.01486	0.01011	0.00838	0.01203	0.00211	0.40113	0.00518	0.00433	0.00768
4	0.01231	0.01231	0.01724	0.01477	0.01477	0.01724	0.01231	0.01354	0.00862	0.01354	0.00739	0.01231	0.00739	0.00985	0.01847	0.00246	0.79192	0.00492	0.00246	0.00616
5	0.43446	0.01331	0.01255	0.01016	0.01415	0.01502	0.00838	0.37997	0.01796	0.03032	0.01065	0.01131	0.00782	0.00598	0.00455	0.00172	0.00527	0.00405	0.00455	0.00782
6	0.00673	0.00539	0.00602	0.00653	0.00782	0.00468	0.00464	0.00798	0.01203	0.01488	0.04696	0.34192	0.48356	0.01556	0.00686	0.00205	0.00301	0.01347	0.00523	0.00468
7	0.01505	0.80561	0.02949	0.00963	0.01444	0.02227	0.00963	0.01685	0.01143	0.01324	0.00782	0.00903	0.00722	0.00481	0.00361	0.00120	0.00602	0.00301	0.00241	0.00722
8	0.00723	0.00521	0.00693	0.00808	0.00867	0.00490	0.00576	0.00856	0.01146	0.01522	0.07251	0.62072	0.06493	0.01686	0.00722	0.00229	0.00350	0.12000	0.00527	0.00471
9	0.01638	0.00957	0.01149	0.00981	0.01293	0.00974	0.00775	0.02404	0.30499	0.28560	0.21469	0.02580	0.02534	0.00840	0.00594	0.00181	0.00411	0.00710	0.00628	0.00821
10	0.01400	0.01209	0.01273	0.01145	0.01463	0.01400	0.00891	0.02990	0.75695	0.02354	0.02291	0.02100	0.01718	0.00764	0.00573	0.00191	0.00445	0.00636	0.00573	0.00891
11	0.01437	0.01201	0.01274	0.01140	0.01462	0.01381	0.00889	0.02982	0.73223	0.04848	0.02288	0.02093	0.01707	0.00761	0.00572	0.00190	0.00446	0.00634	0.00577	0.00893
12	0.00686	0.00490	0.00653	0.00784	0.00816	0.00457	0.00522	0.00784	0.01077	0.01437	0.03102	0.79855	0.03722	0.01763	0.00718	0.00229	0.00326	0.01600	0.00522	0.00457
13	0.01087	0.01025	0.01731	0.73418	0.09141	0.01257	0.01575	0.01459	0.01137	0.01467	0.01004	0.01493	0.00760	0.00558	0.00562	0.00186	0.00744	0.00500	0.00252	0.00644
14	0.02086	0.01550	0.01659	0.01284	0.01725	0.01720	0.01057	0.69642	0.07927	0.03460	0.01419	0.01405	0.01012	0.00682	0.00564	0.00170	0.00607	0.00516	0.00564	0.00952
15	0.01129	0.02911	0.77306	0.01604	0.02436	0.01307	0.02079	0.01782	0.01188	0.01782	0.01010	0.01188	0.00713	0.00535	0.00535	0.00178	0.00832	0.00416	0.00238	0.00832
16	0.00699	0.00499	0.00668	0.00799	0.00837	0.00469	0.00546	0.00807	0.01091	0.01452	0.03094	0.75427	0.03693	0.01751	0.00722	0.00230	0.00338	0.05897	0.00522	0.00461
17	0.02525	0.00958	0.01306	0.01001	0.01437	0.00827	0.00827	0.02743	0.01611	0.77102	0.02220	0.01915	0.01393	0.00697	0.00566	0.00174	0.00479	0.00566	0.00697	0.00958
18	0.02525	0.00958	0.01306	0.01001	0.01437	0.00827	0.00827	0.02743	0.01611	0.77102	0.02220	0.01915	0.01393	0.00697	0.00566	0.00174	0.00479	0.00566	0.00697	0.00958
19	0.01264	0.00915	0.01055	0.00972	0.01173	0.00962	0.00732	0.29562	0.01707	0.02302	0.04833	0.44685	0.02638	0.01290	0.00647	0.00201	0.00436	0.01126	0.02844	0.00656
20	0.01806	0.01492	0.01496	0.01239	0.01619	0.07101	0.00991	0.37513	0.35182	0.02857	0.01736	0.01661	0.01280	0.00708	0.00563	0.00177	0.00570	0.00554	0.00548	0.00905
21	0.00804	0.00603	0.00904	0.00904	0.01005	0.00703	0.00703	0.01005	0.00904	0.01306	0.01507	0.02211	0.01407	0.04221	0.77992	0.00904	0.01507	0.00603	0.00301	0.00502
22	0.01393	0.01337	0.02284	0.03454	0.76712	0.01337	0.01727	0.01727	0.01281	0.01839	0.01059	0.01393	0.00891	0.00501	0.00557	0.00167	0.00669	0.00501	0.00279	0.00891
23	0.01185	0.01125	0.01909	0.50921	0.30868	0.01282	0.01624	0.01545	0.01183	0.01586	0.01022	0.01461	0.00803	0.00540	0.00561	0.00180	0.00720	0.00501	0.00261	0.00724
24	0.01358	0.50277	0.31948	0.01213	0.01831	0.01868	0.01398	0.01723	0.01161	0.01503	0.00871	0.01014	0.00719	0.00502	0.00429	0.00143	0.00691	0.00346	0.00240	0.00765
25	0.01063	0.01000	0.01688	0.78870	0.03876	0.01250	0.01563	0.01438	0.01125	0.01438	0.01000	0.01500	0.00750	0.00563	0.00563	0.00188	0.00750	0.00500	0.00250	0.00625
26	0.00686	0.00490	0.00653	0.00784	0.00816	0.00457	0.00522	0.00784	0.01077	0.01437	0.03102	0.79855	0.03722	0.01763	0.00718	0.00229	0.00326	0.01600	0.00522	0.00457
27	0.01258	0.00913	0.01088	0.01060	0.01290	0.00979	0.00861	0.05841	0.29047	0.07903	0.02591	0.12216	0.02460	0.01169	0.00667	0.00219	0.00472	0.28701	0.00555	0.00708
28	0.32560	0.01495	0.01231	0.01041	0.01408	0.20983	0.00831	0.07260	0.01438	0.24835	0.01280	0.01273	0.00900	0.00601	0.00470	0.00166	0.00611	0.00413	0.00453	0.00750
29	0.01185	0.14618	0.66096	0.01507	0.02286	0.01446	0.01911	0.01768	0.01181	0.01713	0.00976	0.01145	0.00714	0.00527	0.00508	0.00169	0.00797	0.00399	0.00238	0.00815
30	0.00686	0.00490	0.00653	0.00784	0.00816	0.00457	0.00522	0.00784	0.01077	0.01437	0.03102	0.79855	0.03722	0.01763	0.00718	0.00229	0.00326	0.01600	0.00522	0.00457
31	0.11569	0.01213	0.01388	0.01087	0.01510	0.01247	0.00894	0.28669	0.06959	0.36991	0.01748	0.01611	0.01169	0.00674	0.00541	0.00173	0.00522	0.00520	0.00600	0.00913
32	0.01281	0.34445	0.47109	0.01344	0.02033	0.01681	0.01626	0.01743	0.01170	0.01596	0.00918	0.01072	0.00717	0.00513	0.00464	0.00155	0.00738	0.00369	0.00239	0.00787
33	0.01376	0.00937	0.01089	0.00972	0.01239	0.00990	0.00753	0.02251	0.36788	0.15252	0.22980	0.08275	0.02807	0.00932	0.00607	0.00187	0.00393	0.00800	0.00604	0.00771
34	0.01227	0.01168	0.01984	0.41417	0.40047	0.01293	0.01644	0.01582	0.01203	0.01637	0.01029	0.01447	0.00820	0.00532	0.00560	0.00177	0.00710	0.00501	0.00264	0.00757
35	0.12456	0.01309	0.01401	0.01129	0.01526	0.01432	0.00919	0.36374	0.18527	0.14406	0.03709	0.01628	0.01270	0.00692	0.00541	0.00175	0.00526	0.00533	0.00560	0.00886
36	0.08462	0.01298	0.01389	0.01099	0.01508	0.08518	0.00896	0.23319	0.01858	0.40540	0.04208	0.01667	0.01275	0.00681	0.00546	0.00170	0.00560	0.00525	0.00590	0.00888
37	0.00691	0.00492	0.00651	0.00777	0.00808	0.00461	0.00515	0.00785	0.01067	0.01423	0.03049	0.76834	0.03656	0.04875	0.00803	0.00241	0.00335	0.01569	0.00515	0.00452
38	0.01311	0.00653	0.00678	0.00626	0.00809	0.02725	0.00481	0.01563	0.01260	0.13919	0.01870	0.02039	0.01415	0.00660	0.00424	0.00138	0.00317	0.00527	0.67989	0.00596
39	0.07863	0.01167	0.01387	0.01075	0.01500	0.01163	0.00886	0.27462	0.01923	0.44227	0.04275	0.01729	0.01319	0.00693	0.00553	0.00172	0.00517	0.00543	0.00624	0.00920
40	0.01301	0.01243	0.02118	0.24522	0.56364	0.01313	0.01681	0.01646	0.01238	0.01727	0.01042	0.01423	0.00852	0.00519	0.00559	0.00173	0.00691	0.00501	0.00271	0.00817
41	0.01231	0.23946	0.57164	0.01430	0.02167	0.01556	0.01777	0.01756	0.01176	0.01658	0.00948	0.01111	0.00715	0.00520	0.00488	0.00163	0.00769	0.00385	0.00238	0.00802
42	0.10732	0.01503	0.01432	0.01155	0.01550	0.15235	0.00932	0.29446	0.01927	0.25426	0.04115	0.01517	0.01165	0.00665	0.00535	0.00167	0.00617	0.00496	0.00534	0.00851
43	0.01245	0.26921	0.54315	0.01406	0.02129	0.01591	0.01734	0.01752	0.01174	0.01641	0.00940	0.01100	0.00716	0.00518	0.00481	0.00160	0.00761	0.00380	0.00239	0.00798
44	0.00918	0.00543	0.00568	0.00562	0.00708	0.00513	0.00421	0.01151	0.01264	0.01977	0.13373	0.03220	0.20614	0.00917	0.00499	0.00152	0.00268	0.00759	0.51059	0.00513
45	0.01129	0.02911	0.77306	0.01604	0.02436	0.01307	0.02079	0.01782	0.01188	0.01782	0.01010	0.01188	0.00713	0.00535	0.00535	0.00178	0.00832	0.00416	0.00238	0.00832
46	0.02062	0.02041	0.01578	0.01338	0.01695	0.38708	0.01046	0.27905	0.09991	0.06305	0.01266	0.01299	0.00950	0.00640	0.00537	0.00160	0.00785	0.00454	0.00438	0.00802
47	0.00686	0.00490	0.00653	0.00784	0.00816	0.00457	0.00522	0.00784	0.01077	0.01437	0.03102	0.79855	0.03722	0.01763	0.00718	0.00229	0.00326	0.01600	0.00522	0.00457
48	0.01063	0.01000	0.01688	0.78870	0.03876	0.01250	0.01563	0.01438	0.01125	0.01438	0.01000	0.01500	0.00750	0.00563	0.00563	0.00188	0.00750	0.00500	0.00250	0.00625
49	0.02394	0.01055	0.01352	0.01049	0.01478	0.00986	0.00863	0.11958	0.07098	0.62314	0.02114	0.01857	0.01361	0.00699	0.00566	0.00175	0.00494	0.00563	0.00671	0.00953
50	0.01328	0.01518	0.03321	0.02372	0.02941	0.01423	0.74668	0.01803	0.01328	0.01803	0.01139	0.01518	0.00854	0.00474	0.00664	0.00190	0.00949	0.00664	0.00285	0.00759
51	0.10357	0.01183	0.01364	0.01080	0.01495	0.01214	0.00884	0.23416	0.12078	0.38212	0.01837	0.01679	0.01235	0.00682	0.00544	0.00175	0.00510	0.00533	0.00606	0.00914
52	0.02525	0.00958	0.01306	0.01001	0.01437	0.00827	0.00827	0.02743	0.01611	0.77102	0.02220	0.01915	0.01393	0.00697	0.00566	0.00174	0.00479	0.00566	0.00697	0.00958
53	0.01063	0.01000	0.01688	0.78870	0.03876	0.01250	0.01563	0.01438	0.01125	0.01438	0.01000	0.01500	0.00750	0.00563	0.00563	0.00188	0.00750	0.00500	0.00250	0.00625
54	0.01328	0.01518	0.03321	0.02372	0.02941	0.01423	0.74668	0.01803	0.01328	0.01803	0.01139	0.01518	0.00854	0.00474	0.00664	0.00190	0.00949	0.00664	0.00285	0.00759
55	0.01684	0.01350	0.01432	0.01203	0.01572	0.01532	0.00959	0.30560	0.47663	0.02812	0.01930	0.01812	0.01426	0.00730	0.00569	0.00182	0.00512	0.00587	0.00569	0.00916
56	0.02417	0.01130	0.01413	0.01083	0.01523	0.01083	0.00895	0.22830	0.01899	0.56606	0.01978	0.01758	0.01272	0.00691	0.00565	0.00173	0.00518	0.00549	0.00659	0.00958
57	0.00694	0.00496	0.00662	0.00793	0.00829	0.00464	0.00537	0.00798	0.01086	0.01446	0.03097	0.77108	0.03704	0.01755	0.00721	0.00230	0.00334	0.04266	0.00522	0.00459
58	0.00665	0.00570	0.00570	0.00570	0.00760	0.00475	0.00428	0.00808	0.01283	0.01520	0.05701	0.05416	0.76483	0.01425	0.00665	0.00190	0.00285	0.01188	0.00523	0.00475
59	0.41816	0.01137	0.01109	0.00951	0.01306	0.01255	0.00786	0.17346	0.06835	0.11749	0.01426	0.01803	0.01144	0.00705	0.00483	0.00183	0.00489	0.08269	0.00471	0.00736
60	0.02139	0.01576	0.01689	0.01295	0.01745	0.01745	0.01070	0.74835	0.02646	0.03547	0.01351	0.01351	0.00957	0.00676	0.00563	0.00169	0.00619	0.00507	0.00563	0.00957
61	0.00686	0.00490	0.00653	0.00784	0.00816	0.00457	0.00522	0.00784	0.01077	0.01437	0.03102	0.79855	0.03722	0.01763	0.00718	0.00229	0.00326	0.01600	0.00522	0.00457
62	0.01328	0.01518	0.03321	0.02372	0.02941	0.01423	0.74668	0.01803	0.01328	0.01803	0.01139	0.01518	0.00854	0.00474	0.00664	0.00190	0.00949	0.00664	0.00285	0.00759
63	0.04189	0.01532	0.02240	0.01670	0.02150	0.06092	0.29506	0.30886	0.03259	0.10757	0.01336	0.01459	0.00955	0.00592	0.00593	0.00177	0.00747	0.00562	0.00448	0.00851
64	0.01087	0.01025	0.01731	0.73418	0.09141	0.01257	0.01575	0.01459	0.01137	0.01467	0.01004	0.01493	0.00760	0.00558	0.00562	0.00186	0.00744	0.00500	0.00252	0.00644
65	0.00694	0.00496	0.00660	0.00778	0.00818	0.00462	0.00523	0.00804	0.01115	0.01496	0.08402	0.74386	0.03837	0.01719	0.00714	0.00225	0.00322	0.01558	0.00529	0.00462
66	0.04104	0.01366	0.02745	0.01982	0.02512	0.01270	0.54086	0.02032	0.01387	0.20554	0.01397	0.01599	0.00981	0.00531	0.00630	0.00185	0.00817	0.00629	0.00389	0.00804
67	0.02157	0.01505	0.01397	0.01167	0.01540	0.21656	0.00923	0.06589	0.17057	0.37281	0.01826	0.01682	0.01258	0.00678	0.00551	0.00170	0.00623	0.00523	0.00555	0.00862
68	0.02113	0.01102	0.01337	0.01074	0.01464	0.01100	0.00869	0.18365	0.14600	0.42675	0.02107	0.07458	0.01522	0.00781	0.00577	0.00180	0.00493	0.00640	0.00633	0.00910
69	0.01156	0.08524	0.71931	0.01558	0.02364	0.01373	0.01999	0.01775	0.01185	0.01749	0.00993	0.01168	0.00714	0.00531	0.00522	0.00174	0.00815	0.00408	0.00238	0.00824
70	0.01699	0.01561	0.02154	0.01648	0.02073	0.07254	0.24982	0.29919	0.12653	0.02486	0.01339	0.01481	0.01001	0.00638	0.00686	0.00183	0.06411	0.00565	0.00431	0.00836
71	0.01063	0.01000	0.01688	0.78870	0.03876	0.01250	0.01563	0.01438	0.01125	0.01438	0.01000	0.01500	0.00750	0.00563	0.00563	0.00188	0.00750	0.00500	0.00250	0.00625
72	0.01129	0.02911	0.77306	0.01604	0.02436	0.01307	0.02079	0.01782	0.01188	0.01782	0.01010	0.01188	0.00713	0.00535	0.00535	0.00178	0.00832	0.00416	0.00238	0.00832
73	0.01320	0.01379	0.02674	0.11143	0.31528	0.01383	0.35360	0.01715	0.01268	0.01758	0.01076	0.01456	0.00852	0.00516	0.00661	0.00183	0.04086	0.00576	0.00277	0.00790
74	0.01969	0.01550	0.03128	0.01213	0.01599	0.14805	0.00984	0.25370	0.20352	0.18240	0.03813	0.01674	0.01316	0.00695	0.00558	0.00172	0.00611	0.00539	0.00540	0.00872
75	0.00854	0.00607	0.00760	0.00772	0.00901	0.00576	0.00566	0.01140	0.06724	0.04669	0.31899	0.30758	0.12505	0.01366	0.00677	0.00200	0.00319	0.03597	0.00570	0.00540
76	0.01294	0.01417	0.02756	0.02055	0.02423	0.01530	0.48679	0.01644	0.01163	0.01644	0.00997	0.01417	0.00813	0.00655	0.01083	0.00210	0.28639	0.00603	0.00271	0.00708
77	0.02071	0.01216	0.01416	0.01134	0.01531	0.01263	0.00926	0.31825	0.13033	0.30510	0.01941	0.04964	0.01423	0.00771	0.00579	0.00180	0.00526	0.03169	0.00611	0.00912
78	0.01063	0.01000	0.01688	0.78870	0.03876	0.01250	0.01563	0.01438	0.01125	0.01438	0.01000	0.01500	0.00750	0.00563	0.00563	0.00188	0.00750	0.00500	0.00250	0.00625
79	0.01567	0.01077	0.01087	0.00908	0.01188	0.03969	0.00725	0.32963	0.04053	0.02701	0.01605	0.01737	0.01215	0.00665	0.00476	0.00150	0.00449	0.00514	0.42225	0.00726
80	0.01318	0.41999	0.39876	0.01281	0.01937	0.01770	0.01517	0.01733	0.01166	0.01552	0.00895	0.01044	0.00718	0.00508	0.00447	0.00149	0.00716	0.00358	0.00239	0.00777
81	0.04224	0.01543	0.01687	0.01350	0.01754	0.11001	0.08962	0.30639	0.21403	0.09199	0.01575	0.01561	0.01145	0.00662	0.00564	0.00175	0.00641	0.00539	0.00507	0.00870
82	0.01313	0.01014	0.01130	0.01013	0.01288	0.01116	0.00786	0.02435	0.49692	0.07730	0.22939	0.02673	0.02695	0.00866	0.00598	0.00186	0.00398	0.00737	0.00595	0.00795
83	0.00869	0.00682	0.00752	0.00700	0.00900	0.00633	0.00538	0.08908	0.01522	0.01960	0.25934	0.04641	0.45765	0.01266	0.00656	0.00185	0.00321	0.02669	0.00555	0.00545
84	0.05855	0.01527	0.03904	0.01686	0.01957	0.10020	0.22965	0.05746	0.02646	0.01704	0.00945	0.01298	0.00795	0.00732	0.01140	0.00207	0.35368	0.00521	0.00292	0.00691
85	0.01400	0.01209	0.01273	0.01145	0.01463	0.01400	0.00891	0.02990	0.75695	0.02354	0.02291	0.02100	0.01718	0.00764	0.00573	0.00191	0.00445	0.00636	0.00573	0.00891
86	0.00737	0.00538	0.00688	0.00734	0.00824	0.00496	0.00522	0.00903	0.01288	0.01743	0.30209	0.38228	0.12474	0.04425	0.00775	0.00218	0.00314	0.03849	0.00551	0.00484
87	0.01387	0.01581	0.02863	0.02120	0.02559	0.09026	0.54191	0.01766	0.01271	0.01680	0.01040	0.01417	0.00820	0.00577	0.00862	0.00196	0.15040	0.00603	0.00278	0.00723
88	0.01063	0.01000	0.01688	0.78870	0.03876	0.01250	0.01563	0.01438	0.01125	0.01438	0.01000	0.01500	0.00750	0.00563	0.00563	0.00188	0.00750	0.00500	0.00250	0.00625
89	0.01248	0.27449	0.53808	0.01401	0.02122	0.01598	0.01726	0.01752	0.01174	0.01637	0.00938	0.01098	0.00716	0.00518	0.00480	0.00160	0.00759	0.00380	0.00239	0.00797
90	0.01393	0.01337	0.02284	0.03454	0.76712	0.01337	0.01727	0.01727	0.01281	0.01839	0.01059	0.01393	0.00891	0.00501	0.00557	0.00167	0.00669	0.00501	0.00279	0.00891
91	0.14601	0.01122	0.01603	0.43041	0.12166	0.02934	0.01347	0.03156	0.01133	0.01714	0.00965	0.01360	0.00762	0.00601	0.00668	0.00187	0.09576	0.00466	0.01937	0.00661
92	0.07603	0.01224	0.01404	0.01155	0.01404	0.01445	0.00947	0.33364	0.01744	0.02565	0.06634	0.01597	0.01254	0.00782	0.00889	0.00186	0.22424	0.00527	0.12108	0.00745
93	0.01440	0.01053	0.01200	0.01067	0.01320	0.01125	0.00837	0.38099	0.01889	0.02524	0.02208	0.32825	0.02281	0.01194	0.00646	0.00202	0.00493	0.08338	0.00542	0.00715
94	0.01345	0.47612	0.34501	0.01235	0.01865	0.01836	0.01437	0.01726	0.01162	0.01518	0.00879	0.01024	0.00718	0.00504	0.00435	0.00145	0.00699	0.00350	0.00239	0.00769
95	0.01270	0.32133	0.49324	0.01363	0.02063	0.01653	0.01659	0.01746	0.01171	0.01610	0.00924	0.01081	0.00716	0.00515	0.00469	0.00156	0.00745	0.00373	0.00239	0.00790
96	0.01203	0.01143	0.01941	0.46869	0.34782	0.01287	0.01633	0.01561	0.01192	0.01608	0.01025	0.01455	0.00810	0.00537	0.00560	0.00179	0.00716	0.00501	0.00262	0.00738
97	0.01409	0.01604	0.01117	0.01033	0.01266	0.37558	0.00776	0.03408	0.01507	0.01609	0.13530	0.04556	0.26496	0.00969	0.00588	0.00167	0.00640	0.00760	0.00427	0.00580
98	0.01393	0.01337	0.02284	0.03454	0.76712	0.01337	0.01727	0.01727	0.01281	0.01839	0.01059	0.01393	0.00891	0.00501	0.00557	0.00167	0.00669	0.00501	0.00279	0.00891
99	0.01171	0.11667	0.68922	0.01532	0.02324	0.01411	0.01953	0.01771	0.01183	0.01731	0.00984	0.01156	0.00714	0.00529	0.00515	0.00172	0.00806	0.00403	0.00238	0.00819
100	0.00702	0.00502	0.00655	0.00771	0.00811	0.00471	0.00518	0.00800	0.01074	0.01423	0.03105	0.68967	0.06471	0.07415	0.00873	0.00251	0.00347	0.03884	0.00509	0.00451
101	0.04856	0.00910	0.01106	0.00939	0.01191	0.03811	0.08980	0.11598	0.01472	0.02058	0.09968	0.08951	0.23539	0.00984	0.00580	0.00175	0.00439	0.00844	0.16999	0.00602
102	0.19605	0.00843	0.00863	0.00744	0.01014	0.00875	0.00595	0.09617	0.01371	0.16386	0.01625	0.01724	0.01199	0.00636	0.00434	0.00153	0.00379	0.00482	0.40782	0.00671
103	0.01369	0.01313	0.02241	0.08906	0.71446	0.01331	0.01715	0.01706	0.01270	0.01810	0.01054	0.01401	0.00881	0.00506	0.00558	0.00169	0.00674	0.00501	0.00277	0.00872
104	0.00816	0.00664	0.00891	0.00844	0.01006	0.00622	0.05918	0.01021	0.03456	0.03375	0.09233	0.30122	0.34292	0.01399	0.00720	0.00204	0.03164	0.01222	0.00508	0.00522
105	0.01234	0.01313	0.02518	0.22945	0.02866	0.01444	0.38288	0.01603	0.01168	0.01603	0.01011	0.01449	0.00800	0.00613	0.00903	0.00202	0.18503	0.00581	0.00267	0.00690
106	0.01150	0.01124	0.01747	0.39935	0.02707	0.01481	0.03305	0.01407	0.01005	0.01407	0.00879	0.01372	0.00747	0.00762	0.01178	0.00216	0.38203	0.00501	0.00249	0.00624
107	0.00697	0.00499	0.00664	0.00776	0.00819	0.00465	0.00523	0.00813	0.01133	0.01524	0.10935	0.71772	0.03892	0.01698	0.00712	0.00223	0.00320	0.01538	0.00533	0.00465
108	0.01174	0.02597	0.60657	0.01777	0.02549	0.01333	0.18415	0.01787	0.01220	0.01787	0.01039	0.01262	0.00745	0.00521	0.00564	0.00181	0.00858	0.00472	0.00248	0.00815
109	0.09756	0.01105	0.01053	0.00937	0.01194	0.09697	0.02617	0.08990	0.15682	0.05592	0.01883	0.07721	0.03917	0.00762	0.00501	0.00165	0.00468	0.00612	0.26668	0.00679
110	0.01267	0.19005	0.23128	0.01443	0.01807	0.01703	0.04926	0.01567	0.01036	0.01488	0.00843	0.01161	0.00733	0.00725	0.01101	0.00197	0.36480	0.00438	0.00244	0.00706
111	0.00886	0.00555	0.00740	0.00793	0.00886	0.00511	0.00560	0.01034	0.01241	0.08705	0.18631	0.55005	0.03833	0.01529	0.00694	0.00213	0.00332	0.02773	0.00559	0.00521
112	0.02147	0.01116	0.01350	0.01084	0.01487	0.01120	0.00879	0.12876	0.23121	0.45278	0.02119	0.01890	0.01426	0.00713	0.00567	0.00178	0.00489	0.00578	0.00642	0.00938
113	0.02000	0.01389	0.01708	0.01767	0.20758	0.05521	0.01163	0.28641	0.06717	0.22240	0.01540	0.01540	0.01092	0.00637	0.00560	0.00170	0.00605	0.00521	0.00511	0.00920
114	0.01129	0.02911	0.77306	0.01604	0.02436	0.01307	0.02079	0.01782	0.01188	0.01782	0.01010	0.01188	0.00713	0.00535	0.00535	0.00178	0.00832	0.00416	0.00238	0.00832
115	0.01134	0.02875	0.75383	0.01624	0.02449	0.01310	0.03966	0.01783	0.01192	0.01783	0.01013	0.01197	0.00717	0.00533	0.00538	0.00179	0.00835	0.00422	0.00239	0.00830
116	0.24923	0.01571	0.01604	0.01273	0.01684	0.12782	0.09279	0.32440	0.01828	0.05818	0.01134	0.01222	0.00832	0.00597	0.00507	0.00169	0.00658	0.00449	0.00437	0.00793
117	0.01094	0.01115	0.02095	0.01654	0.01924	0.01165	0.34464	0.01368	0.01146	0.01586	0.01709	0.27571	0.01786	0.01012	0.00932	0.00215	0.17242	0.00940	0.00356	0.00628
118	0.01241	0.01182	0.02010	0.38088	0.43263	0.01297	0.01652	0.01594	0.01210	0.01655	0.01032	0.01442	0.00827	0.00530	0.00560	0.00177	0.00706	0.00501	0.00265	0.00769
119	0.01273	0.32767	0.48716	0.01358	0.02055	0.01661	0.01650	0.01745	0.01171	0.01606	0.00922	0.01078	0.00716	0.00514	0.00468	0.00156	0.00743	0.00372	0.00239	0.00790
120	0.01328	0.01518	0.03321	0.02372	0.02941	0.01423	0.74668	0.01803	0.01328	0.01803	0.01139	0.01518	0.00854	0.00474	0.00664	0.00190	0.00949	0.00664	0.00285	0.00759
121	0.02175	0.00902	0.01189	0.00939	0.01324	0.00790	0.00766	0.04447	0.01588	0.61038	0.05472	0.03848	0.11273	0.00827	0.00585	0.00177	0.00447	0.00680	0.00664	0.00870
122	0.01237	0.01188	0.02047	0.38430	0.40101	0.01300	0.04411	0.01596	0.01211	0.01651	0.01035	0.01448	0.00824	0.00529	0.00564	0.00177	0.00717	0.00507	0.00266	0.00763
123	0.12781	0.00920	0.01127	0.00914	0.01257	0.00892	0.03144	0.05059	0.05327	0.38421	0.04519	0.01880	0.01422	0.00676	0.00505	0.00166	0.00436	0.00543	0.19222	0.00789
124	0.01372	0.01510	0.03009	0.02193	0.02678	0.04171	0.61008	0.01784	0.01286	0.03531	0.01104	0.01473	0.00848	0.00548	0.00806	0.00195	0.10823	0.00629	0.00290	0.00742
125	0.00709	0.00504	0.00665	0.00777	0.00811	0.00481	0.00520	0.00805	0.01048	0.01400	0.02892	0.67144	0.03437	0.09831	0.04458	0.00292	0.00406	0.02878	0.00494	0.00449
126	0.01491	0.01458	0.02241	0.01743	0.02028	0.08079	0.26950	0.06348	0.01256	0.07161	0.01037	0.01371	0.00839	0.00731	0.01143	0.00208	0.34339	0.00548	0.00316	0.00716
127	0.01439	0.66949	0.15984	0.01075	0.01618	0.02066	0.01159	0.01702	0.01151	0.01404	0.00822	0.00953	0.00721	0.00491	0.00392	0.00131	0.00642	0.00321	0.00240	0.00741
128	0.00789	0.00567	0.00731	0.00818	0.00886	0.00547	0.00569	0.05345	0.01215	0.01628	0.07869	0.67589	0.03643	0.01649	0.00707	0.00222	0.00347	0.03851	0.00531	0.00495
129	0.00721	0.00528	0.00677	0.00732	0.00818	0.00484	0.00514	0.00881	0.01277	0.01725	0.28264	0.45259	0.13013	0.01515	0.00693	0.00206	0.00301	0.01353	0.00555	0.00484
130	0.01063	0.01000	0.01688	0.78870	0.03876	0.01250	0.01563	0.01438	0.01125	0.01438	0.01000	0.01500	0.00750	0.00563	0.00563	0.00188	0.00750	0.00500	0.00250	0.00625
131	0.01099	0.01037	0.01753	0.70702	0.11765	0.01260	0.01581	0.01469	0.01142	0.01481	0.01007	0.01489	0.00765	0.00556	0.00562	0.00185	0.00741	0.00500	0.00253	0.00654
132	0.00686	0.00490	0.00653	0.00784	0.00816	0.00457	0.00522	0.00784	0.01077	0.01437	0.03102	0.79855	0.03722	0.01763	0.00718	0.00229	0.00326	0.01600	0.00522	0.00457
133	0.07948	0.01041	0.01116	0.00911	0.01227	0.01100	0.00737	0.30221	0.01798	0.13678	0.01624	0.01691	0.01183	0.00659	0.00481	0.00155	0.00446	0.00507	0.32712	0.00763
134	0.00913	0.00632	0.00741	0.00745	0.00895	0.00607	0.00545	0.01245	0.09717	0.05530	0.16878	0.27809	0.20104	0.01287	0.00637	0.00193	0.00320	0.01122	0.09525	0.00556
135	0.06949	0.00760	0.00819	0.00733	0.00945	0.00775	0.00570	0.11704	0.02947	0.05835	0.18923	0.04368	0.07893	0.00848	0.00515	0.00160	0.00342	0.00697	0.33602	0.00615

[dist]
# distance from previous block
# <min> <max>
7	15

[block]
# block no. 1 follows, 42 sequences, length 96
# corresponding to MSA columns:
# 387-482
name=unknown_B
#
# <colnr> <probs for GDERKNQSTAVLIFYWHMCP>
#	G	D	E	R	K	N	Q	S	T	A	V	L	I	F	Y	W	H	M	C	P
0	0.01281	0.01270	0.01607	0.01381	0.01441	0.05813	0.01139	0.05707	0.01047	0.01501	0.01243	0.01615	0.07780	0.00985	0.01587	0.00231	0.62902	0.00551	0.00293	0.00625
1	0.01297	0.00663	0.00869	0.00833	0.01025	0.00587	0.00615	0.01442	0.01276	0.26287	0.03044	0.44719	0.10616	0.01349	0.00656	0.00204	0.00374	0.01190	0.00576	0.02378
2	0.01567	0.01292	0.01367	0.01179	0.01527	0.01478	0.00931	0.19265	0.59148	0.02624	0.02078	0.01930	0.01546	0.00744	0.00570	0.00186	0.00485	0.00607	0.00570	0.00906
3	0.01270	0.01030	0.01200	0.00865	0.01360	0.00807	0.00695	0.05417	0.01263	0.04741	0.01065	0.01205	0.00861	0.00441	0.00430	0.00091	0.00430	0.00351	0.00359	0.76119
4	0.01256	0.29217	0.52116	0.01387	0.02100	0.01619	0.01701	0.01749	0.01173	0.01627	0.00933	0.01091	0.00716	0.00517	0.00476	0.00159	0.00754	0.00377	0.00239	0.00795
5	0.01004	0.00527	0.00553	0.00557	0.00682	0.00521	0.00414	0.01257	0.01212	0.02074	0.08832	0.06901	0.01936	0.00767	0.00438	0.00141	0.00266	0.00634	0.70761	0.00521
6	0.00875	0.00597	0.00752	0.00700	0.00861	0.00538	0.00530	0.01115	0.01537	0.06557	0.59061	0.04290	0.18119	0.01174	0.00658	0.00179	0.00282	0.01022	0.00606	0.00546
7	0.00713	0.00522	0.00670	0.00738	0.00816	0.00479	0.00513	0.00861	0.01240	0.01667	0.23125	0.50687	0.12775	0.01558	0.00697	0.00210	0.00305	0.01394	0.00549	0.00479
8	0.06129	0.01536	0.01491	0.01201	0.01604	0.14060	0.00969	0.33344	0.08893	0.22695	0.01564	0.01495	0.01089	0.00666	0.00545	0.00169	0.00622	0.00501	0.00544	0.00884
9	0.01258	0.01199	0.02040	0.34369	0.46854	0.01302	0.01660	0.01609	0.01217	0.01674	0.01035	0.01437	0.00834	0.00527	0.00559	0.00176	0.00702	0.00501	0.00267	0.00782
10	0.02068	0.01016	0.01264	0.01031	0.01411	0.00993	0.00831	0.02726	0.25249	0.48991	0.06466	0.02104	0.01720	0.00744	0.00574	0.00180	0.00456	0.00614	0.00653	0.00912
11	0.36911	0.02033	0.32307	0.01200	0.01746	0.09546	0.01288	0.05708	0.01211	0.02152	0.00916	0.01061	0.00683	0.00542	0.00453	0.00172	0.00670	0.00367	0.00308	0.00724
12	0.01189	0.15430	0.65318	0.01501	0.02276	0.01455	0.01899	0.01767	0.01181	0.01708	0.00973	0.01142	0.00714	0.00526	0.00507	0.00169	0.00795	0.00397	0.00238	0.00814
13	0.00971	0.00781	0.00893	0.00840	0.01036	0.00809	0.00636	0.01651	0.26409	0.02118	0.35484	0.09414	0.14512	0.01108	0.00637	0.00188	0.00333	0.00959	0.00582	0.00638
14	0.00846	0.00619	0.00856	0.00856	0.00995	0.00589	0.02067	0.01113	0.01483	0.02046	0.49023	0.04911	0.04493	0.01281	0.00704	0.00206	0.00368	0.26438	0.00577	0.00531
15	0.06067	0.01098	0.01149	0.00982	0.01280	0.05078	0.00775	0.18943	0.14412	0.11281	0.18145	0.05607	0.10995	0.00911	0.00590	0.00179	0.00458	0.00748	0.00560	0.00744
16	0.01129	0.02911	0.77306	0.01604	0.02436	0.01307	0.02079	0.01782	0.01188	0.01782	0.01010	0.01188	0.00713	0.00535	0.00535	0.00178	0.00832	0.00416	0.00238	0.00832
17	0.00721	0.00511	0.00680	0.00763	0.00820	0.00476	0.00524	0.00853	0.01199	0.01632	0.21532	0.58908	0.04056	0.01613	0.00740	0.02219	0.00315	0.01426	0.00540	0.00471
18	0.01328	0.01518	0.03321	0.02372	0.02941	0.01423	0.74668	0.01803	0.01328	0.01803	0.01139	0.01518	0.00854	0.00474	0.00664	0.00190	0.00949	0.00664	0.00285	0.00759
19	0.01063	0.01000	0.01688	0.78870	0.03876	0.01250	0.01563	0.01438	0.01125	0.01438	0.01000	0.01500	0.00750	0.00563	0.00563	0.00188	0.00750	0.00500	0.00250	0.00625
20	0.01217	0.00753	0.00935	0.00922	0.01102	0.00752	0.00687	0.02867	0.16426	0.16002	0.02733	0.43577	0.02798	0.01327	0.00661	0.00211	0.00396	0.05416	0.00566	0.00652
21	0.01198	0.01138	0.01932	0.47955	0.33734	0.01286	0.01630	0.01556	0.01189	0.01602	0.01024	0.01456	0.00808	0.00538	0.00560	0.00179	0.00717	0.00501	0.00262	0.00734
22	0.02273	0.01126	0.01381	0.01085	0.01506	0.01107	0.00888	0.17951	0.13094	0.50257	0.02048	0.01825	0.01351	0.00702	0.00566	0.00176	0.00503	0.00564	0.00650	0.00947
23	0.01393	0.01337	0.02284	0.03454	0.76712	0.01337	0.01727	0.01727	0.01281	0.01839	0.01059	0.01393	0.00891	0.00501	0.00557	0.00167	0.00669	0.00501	0.00279	0.00891
24	0.00884	0.00567	0.00738	0.00754	0.00863	0.00521	0.00537	0.01051	0.01310	0.07914	0.30627	0.37708	0.07332	0.05532	0.00795	0.00220	0.00326	0.01237	0.00564	0.00521
25	0.02123	0.01223	0.01460	0.01154	0.01571	0.01262	0.02361	0.25781	0.18782	0.35168	0.01938	0.01770	0.01317	0.00701	0.00568	0.00177	0.00525	0.00565	0.00618	0.00938
26	0.24891	0.01255	0.01320	0.01055	0.01463	0.01351	0.00867	0.30597	0.07680	0.21855	0.01489	0.01433	0.01032	0.00645	0.00505	0.00173	0.00519	0.00476	0.00538	0.00856
27	0.01432	0.01202	0.01273	0.01141	0.01463	0.01383	0.00889	0.02983	0.73543	0.04526	0.02288	0.02094	0.01708	0.00762	0.00572	0.00190	0.00446	0.00634	0.00576	0.00893
28	0.01049	0.00525	0.00525	0.00525	0.00656	0.00525	0.00393	0.01311	0.01180	0.02098	0.01836	0.02098	0.01442	0.00656	0.00393	0.00131	0.00262	0.00525	0.83346	0.00525
29	0.01298	0.37844	0.43855	0.01316	0.01990	0.01721	0.01577	0.01739	0.01168	0.01576	0.00908	0.01060	0.00717	0.00511	0.00457	0.00152	0.00728	0.00364	0.00239	0.00782
30	0.01706	0.01612	0.01461	0.01264	0.01587	0.18166	0.00993	0.18573	0.39036	0.02345	0.01682	0.01647	0.01276	0.00717	0.00632	0.00179	0.05257	0.00540	0.00490	0.00837
31	0.00686	0.00490	0.00653	0.00784	0.00816	0.00457	0.00522	0.00784	0.01077	0.01437	0.03102	0.79855	0.03722	0.01763	0.00718	0.00229	0.00326	0.01600	0.00522	0.00457
32	0.01896	0.01556	0.01578	0.01281	0.01658	0.08044	0.01036	0.46298	0.20856	0.02935	0.01511	0.01504	0.01116	0.00708	0.00637	0.00177	0.05265	0.00526	0.00524	0.00895
33	0.06549	0.01718	0.01628	0.01289	0.01709	0.13309	0.01048	0.59860	0.02395	0.03162	0.01247	0.01276	0.00903	0.00653	0.00543	0.00166	0.00670	0.00474	0.00510	0.00892
34	0.01227	0.00767	0.00802	0.00748	0.00953	0.00823	0.00574	0.01921	0.25535	0.05405	0.02001	0.02091	0.01530	0.00693	0.00459	0.00152	0.00331	0.00563	0.52760	0.00663
35	0.01129	0.02911	0.77306	0.01604	0.02436	0.01307	0.02079	0.01782	0.01188	0.01782	0.01010	0.01188	0.00713	0.00535	0.00535	0.00178	0.00832	0.00416	0.00238	0.00832
36	0.02177	0.01945	0.01598	0.01318	0.01701	0.32863	0.01044	0.35198	0.02073	0.12739	0.01273	0.01291	0.00922	0.00639	0.00541	0.00160	0.00762	0.00456	0.00469	0.00832
37	0.01129	0.02911	0.77306	0.01604	0.02436	0.01307	0.02079	0.01782	0.01188	0.01782	0.01010	0.01188	0.00713	0.00535	0.00535	0.00178	0.00832	0.00416	0.00238	0.00832
38	0.00686	0.00490	0.00653	0.00784	0.00816	0.00457	0.00522	0.00784	0.01077	0.01437	0.03102	0.79855	0.03722	0.01763	0.00718	0.00229	0.00326	0.01600	0.00522	0.00457
39	0.00803	0.00640	0.00853	0.00909	0.00966	0.00690	0.00681	0.00932	0.01095	0.01467	0.02975	0.49030	0.10782	0.01573	0.00903	0.00232	0.13065	0.11434	0.00477	0.00493
40	0.06424	0.02034	0.01510	0.01296	0.01644	0.42852	0.01008	0.16480	0.06144	0.13433	0.01248	0.01276	0.00924	0.00624	0.00523	0.00158	0.00792	0.00435	0.00425	0.00770
41	0.00959	0.00756	0.00897	0.00924	0.01072	0.00800	0.00687	0.01591	0.26222	0.01847	0.09620	0.39095	0.03146	0.01349	0.00670	0.00214	0.00381	0.08607	0.00548	0.00616
42	0.01320	0.01263	0.02153	0.20082	0.60652	0.01318	0.01691	0.01663	0.01247	0.01750	0.01046	0.01417	0.00860	0.00515	0.00558	0.00172	0.00687	0.00501	0.00272	0.00833
43	0.02075	0.01691	0.01531	0.01259	0.01645	0.20892	0.01003	0.32210	0.14169	0.15466	0.01532	0.01486	0.01098	0.00669	0.00551	0.00167	0.00667	0.00501	0.00518	0.00869
44	0.01607	0.00850	0.01068	0.00955	0.01213	0.00823	0.00731	0.08335	0.10054	0.30941	0.02513	0.33837	0.02347	0.01140	0.00629	0.00198	0.00425	0.00993	0.00599	0.00745
45	0.02358	0.01081	0.01365	0.01062	0.01489	0.01028	0.00872	0.14389	0.08653	0.58306	0.02087	0.01842	0.01353	0.00699	0.00566	0.00175	0.00498	0.00563	0.00663	0.00951
46	0.02009	0.01962	0.01517	0.01292	0.01636	0.37040	0.01009	0.26283	0.08795	0.06187	0.01289	0.01338	0.00971	0.00639	0.00528	0.00158	0.00759	0.00456	0.05350	0.00784
47	0.01560	0.01019	0.01074	0.00910	0.01225	0.05450	0.00721	0.12516	0.09585	0.22818	0.03447	0.03234	0.32106	0.00992	0.00603	0.00180	0.00448	0.00808	0.00568	0.00734
48	0.01182	0.13900	0.66783	0.01513	0.02295	0.01437	0.01921	0.01768	0.01182	0.01717	0.00978	0.01148	0.00714	0.00527	0.00510	0.00170	0.00799	0.00400	0.00238	0.00816
49	0.01309	0.01252	0.02133	0.22612	0.58209	0.01315	0.01685	0.01654	0.01242	0.01737	0.01044	0.01420	0.00856	0.00517	0.00559	0.00172	0.00689	0.00501	0.00271	0.00824
50	0.01448	0.01367	0.02366	0.01877	0.06650	0.01383	0.38021	0.09842	0.20362	0.03852	0.01512	0.01682	0.01131	0.00586	0.00607	0.00183	0.00721	0.00621	0.04977	0.00813
51	0.01138	0.01117	0.01687	0.66390	0.03504	0.05531	0.01501	0.01474	0.01123	0.01426	0.00965	0.01445	0.00748	0.00608	0.00696	0.00191	0.09086	0.00492	0.00252	0.00626
52	0.00706	0.00504	0.00677	0.00807	0.00849	0.00475	0.00558	0.00819	0.01098	0.01460	0.03090	0.73033	0.03677	0.01744	0.00724	0.00231	0.00344	0.08219	0.00522	0.00463
53	0.01535	0.01412	0.01892	0.01511	0.01829	0.05631	0.16576	0.20539	0.16976	0.02221	0.01438	0.05826	0.01185	0.00774	0.00871	0.00197	0.17766	0.00616	0.00420	0.00783
54	0.02135	0.01132	0.01468	0.01155	0.01573	0.01119	0.05250	0.12187	0.19408	0.45170	0.02059	0.01862	0.01382	0.00697	0.00573	0.00178	0.00517	0.00581	0.00625	0.00930
55	0.01328	0.01518	0.03321	0.02372	0.02941	0.01423	0.74668	0.01803	0.01328	0.01803	0.01139	0.01518	0.00854	0.00474	0.00664	0.00190	0.00949	0.00664	0.00285	0.00759
56	0.00686	0.00538	0.00621	0.00670	0.00791	0.00473	0.00476	0.00821	0.01227	0.01554	0.11198	0.35818	0.40051	0.01538	0.00687	0.00205	0.00300	0.01341	0.00532	0.00473
57	0.01287	0.35602	0.46001	0.01334	0.02018	0.01694	0.01609	0.01741	0.01169	0.01589	0.00914	0.01068	0.00717	0.00512	0.00462	0.00154	0.00735	0.00367	0.00239	0.00786
58	0.52207	0.01174	0.01099	0.00907	0.01292	0.01295	0.00748	0.17975	0.01441	0.15440	0.01153	0.01181	0.00819	0.00586	0.00433	0.00173	0.00483	0.00394	0.00455	0.00745
59	0.01300	0.00653	0.00878	0.00859	0.01033	0.00588	0.00636	0.01448	0.01276	0.26298	0.04303	0.48206	0.04503	0.01385	0.00669	0.00210	0.00382	0.04164	0.00581	0.00626
60	0.28549	0.01306	0.02072	0.02011	0.20952	0.01347	0.25803	0.01832	0.07273	0.02094	0.01096	0.01336	0.00854	0.00521	0.00526	0.00179	0.00668	0.00503	0.00328	0.00754
61	0.02005	0.01970	0.01583	0.01334	0.01698	0.32934	0.01048	0.33496	0.13993	0.02465	0.01305	0.01334	0.00985	0.00651	0.00542	0.00163	0.00753	0.00468	0.00453	0.00821
62	0.00938	0.00851	0.01142	0.01075	0.01117	0.01054	0.00840	0.01055	0.01009	0.01411	0.02412	0.30964	0.14053	0.01344	0.01239	0.00231	0.37323	0.01014	0.00393	0.00534
63	0.01912	0.01883	0.01500	0.01296	0.01639	0.32834	0.01008	0.18849	0.25047	0.06081	0.01493	0.01477	0.01123	0.00665	0.00543	0.00166	0.00720	0.00491	0.00461	0.00811
64	0.01281	0.01480	0.09202	0.01736	0.02056	0.01532	0.25933	0.01808	0.13114	0.01706	0.01148	0.01464	0.00933	0.00736	0.01122	0.00212	0.32931	0.00566	0.00311	0.00728
65	0.37546	0.13892	0.30907	0.01122	0.01681	0.01437	0.01245	0.03292	0.01112	0.02076	0.00884	0.01028	0.00674	0.00524	0.00427	0.00167	0.00619	0.00352	0.00294	0.00721
66	0.00686	0.00490	0.00653	0.00784	0.00816	0.00457	0.00522	0.00784	0.01077	0.01437	0.03102	0.79855	0.03722	0.01763	0.00718	0.00229	0.00326	0.01600	0.00522	0.00457
67	0.01129	0.02911	0.77306	0.01604	0.02436	0.01307	0.02079	0.01782	0.01188	0.01782	0.01010	0.01188	0.00713	0.00535	0.00535	0.00178	0.00832	0.00416	0.00238	0.00832
68	0.54223	0.01105	0.01037	0.00867	0.01245	0.01205	0.00714	0.08751	0.03515	0.20764	0.01231	0.01234	0.00866	0.00586	0.00428	0.00174	0.00463	0.00397	0.00460	0.00735
69	0.01063	0.01000	0.01688	0.78870	0.03876	0.01250	0.01563	0.01438	0.01125	0.01438	0.01000	0.01500	0.00750	0.00563	0.00563	0.00188	0.00750	0.00500	0.00250	0.00625
70	0.01147	0.00725	0.00624	0.00610	0.00756	0.07711	0.00458	0.01398	0.01219	0.02031	0.01746	0.01998	0.01376	0.00649	0.00404	0.00132	0.00332	0.00509	0.75639	0.00536
71	0.01116	0.01055	0.01784	0.66711	0.15619	0.01264	0.01589	0.01484	0.01150	0.01502	0.01010	0.01483	0.00773	0.00553	0.00562	0.00184	0.00737	0.00500	0.00255	0.00668
72	0.01418	0.01507	0.03035	0.02190	0.02733	0.01456	0.62792	0.09616	0.05569	0.02018	0.01225	0.01532	0.00912	0.00512	0.00648	0.00188	0.00886	0.00646	0.00330	0.00787
73	0.01467	0.00809	0.01075	0.00965	0.01206	0.00834	0.00758	0.01888	0.13216	0.26957	0.02021	0.09299	0.01667	0.02251	0.32321	0.00481	0.00881	0.00688	0.00498	0.00714
74	0.01129	0.02911	0.77306	0.01604	0.02436	0.01307	0.02079	0.01782	0.01188	0.01782	0.01010	0.01188	0.00713	0.00535	0.00535	0.00178	0.00832	0.00416	0.00238	0.00832
75	0.01093	0.01032	0.01743	0.71871	0.10635	0.01258	0.01578	0.01465	0.01140	0.01475	0.01006	0.01490	0.00763	0.00557	0.00562	0.00186	0.00743	0.00500	0.00253	0.00650
76	0.01470	0.73355	0.09850	0.01022	0.01536	0.02141	0.01067	0.01694	0.01148	0.01367	0.00803	0.00929	0.00721	0.00486	0.00377	0.00126	0.00623	0.00312	0.00240	0.00732
77	0.00686	0.00490	0.00653	0.00784	0.00816	0.00457	0.00522	0.00784	0.01077	0.01437	0.03102	0.79855	0.03722	0.01763	0.00718	0.00229	0.00326	0.01600	0.00522	0.00457
78	0.01318	0.01486	0.03144	0.02273	0.02779	0.01456	0.66539	0.01753	0.01277	0.01753	0.01094	0.01486	0.00841	0.00531	0.00795	0.00196	0.09610	0.00645	0.00280	0.00743
79	0.00791	0.00578	0.00713	0.00750	0.00874	0.00534	0.00554	0.01004	0.03525	0.03438	0.21440	0.31508	0.22635	0.01454	0.00689	0.00207	0.00326	0.07920	0.00551	0.00510
80	0.01370	0.01336	0.02112	0.01648	0.02069	0.01409	0.31134	0.02504	0.45210	0.02128	0.01818	0.01861	0.01364	0.00645	0.00610	0.00190	0.00652	0.00648	0.00455	0.00837
81	0.01063	0.01000	0.01688	0.78870	0.03876	0.01250	0.01563	0.01438	0.01125	0.01438	0.01000	0.01500	0.00750	0.00563	0.00563	0.00188	0.00750	0.00500	0.00250	0.00625
82	0.01505	0.80561	0.02949	0.00963	0.01444	0.02227	0.00963	0.01685	0.01143	0.01324	0.00782	0.00903	0.00722	0.00481	0.00361	0.00120	0.00602	0.00301	0.00241	0.00722
83	0.01063	0.01000	0.01688	0.78870	0.03876	0.01250	0.01563	0.01438	0.01125	0.01438	0.01000	0.01500	0.00750	0.00563	0.00563	0.00188	0.00750	0.00500	0.00250	0.00625
84	0.00688	0.00492	0.00655	0.00782	0.00817	0.00459	0.00523	0.00790	0.01090	0.01456	0.04818	0.78084	0.03759	0.01749	0.00717	0.00227	0.00325	0.01586	0.00525	0.00459
85	0.01778	0.01124	0.01284	0.01097	0.01454	0.01207	0.00869	0.02907	0.50800	0.27472	0.02267	0.02038	0.01609	0.00741	0.00570	0.00185	0.00457	0.00613	0.00614	0.00913
86	0.01164	0.10117	0.70406	0.01544	0.02344	0.01392	0.01976	0.01773	0.01184	0.01740	0.00989	0.01162	0.00714	0.00530	0.00519	0.00173	0.00810	0.00405	0.00238	0.00822
87	0.01734	0.01397	0.01298	0.01084	0.01405	0.12419	0.00861	0.34429	0.11757	0.02673	0.01540	0.01608	0.01159	0.00668	0.00509	0.00158	0.00555	0.00508	0.23455	0.00784
88	0.01189	0.15430	0.65318	0.01501	0.02276	0.01455	0.01899	0.01767	0.01181	0.01708	0.00973	0.01142	0.00714	0.00526	0.00507	0.00169	0.00795	0.00397	0.00238	0.00814
89	0.00786	0.00614	0.00724	0.00737	0.00895	0.00572	0.00570	0.01063	0.05761	0.01792	0.24391	0.11942	0.33792	0.01362	0.00682	0.00201	0.00331	0.12712	0.00552	0.00520
90	0.21645	0.01848	0.01284	0.01148	0.01453	0.37762	0.00885	0.08022	0.09596	0.02004	0.01134	0.01237	0.00891	0.00601	0.00470	0.00158	0.00711	0.00405	0.08065	0.00681
91	0.64167	0.05774	0.01042	0.00802	0.01174	0.01239	0.00671	0.01858	0.01090	0.16269	0.01050	0.01099	0.00761	0.00552	0.00389	0.00171	0.00453	0.00353	0.00406	0.00681
92	0.01351	0.48730	0.33430	0.01226	0.01851	0.01850	0.01421	0.01725	0.01162	0.01512	0.00876	0.01020	0.00718	0.00503	0.00432	0.00144	0.00696	0.00348	0.00239	0.00767
93	0.01393	0.01337	0.02284	0.03454	0.76712	0.01337	0.01727	0.01727	0.01281	0.01839	0.01059	0.01393	0.00891	0.00501	0.00557	0.00167	0.00669	0.00501	0.00279	0.00891
94	0.00691	0.00494	0.00659	0.00790	0.00825	0.00462	0.00532	0.00793	0.01083	0.01443	0.03099	0.78089	0.03710	0.01758	0.00720	0.00229	0.00331	0.03313	0.00522	0.00459
95	0.01198	0.01138	0.01932	0.47955	0.33734	0.01286	0.01630	0.01556	0.01189	0.01602	0.01024	0.01456	0.00808	0.00538	0.00560	0.00179	0.00717	0.00501	0.00262	0.00734

[dist]
# distance from previous block
# <min> <max>
0	24

[block]
# block no. 2 follows, 42 sequences, length 62
# corresponding to MSA columns:
# 507-568
name=unknown_C
#
# <colnr> <probs for GDERKNQSTAVLIFYWHMCP>
#	G	D	E	R	K	N	Q	S	T	A	V	L	I	F	Y	W	H	M	C	P
0	0.01129	0.02911	0.77306	0.01604	0.02436	0.01307	0.02079	0.01782	0.01188	0.01782	0.01010	0.01188	0.00713	0.00535	0.00535	0.00178	0.00832	0.00416	0.00238	0.00832
1	0.01129	0.02911	0.77306	0.01604	0.02436	0.01307	0.02079	0.01782	0.01188	0.01782	0.01010	0.01188	0.00713	0.00535	0.00535	0.00178	0.00832	0.00416	0.00238	0.00832
2	0.00686	0.00490	0.00653	0.00784	0.00816	0.00457	0.00522	0.00784	0.01077	0.01437	0.03102	0.79855	0.03722	0.01763	0.00718	0.00229	0.00326	0.01600	0.00522	0.00457
3	0.01063	0.01000	0.01688	0.78870	0.03876	0.01250	0.01563	0.01438	0.01125	0.01438	0.01000	0.01500	0.00750	0.00563	0.00563	0.00188	0.00750	0.00500	0.00250	0.00625
4	0.84197	0.01088	0.00827	0.00740	0.01088	0.01262	0.00609	0.01654	0.00958	0.02525	0.00784	0.00914	0.00609	0.00522	0.00348	0.00174	0.00435	0.00305	0.00348	0.00609
5	0.00818	0.00546	0.00614	0.00614	0.00614	0.00546	0.00341	0.00818	0.00818	0.01091	0.01773	0.03683	0.02046	0.80222	0.02864	0.00546	0.00546	0.00818	0.00341	0.00341
6	0.01129	0.02911	0.77306	0.01604	0.02436	0.01307	0.02079	0.01782	0.01188	0.01782	0.01010	0.01188	0.00713	0.00535	0.00535	0.00178	0.00832	0.00416	0.00238	0.00832
7	0.02047	0.01508	0.01623	0.01262	0.01686	0.01664	0.01035	0.70146	0.02547	0.03413	0.01462	0.06322	0.01132	0.00744	0.00573	0.00173	0.00601	0.00576	0.00560	0.00925
