[name]
unknown

[dist]
# distance from previous block
# <min> <max>
0	349

[block]
# block no. 0 follows, 48 sequences, length 9
# corresponding to MSA columns:
# 349-357
name=unknown_A
#
# <colnr> <probs for GDERKNQSTAVLIFYWHMCP>
#	G	D	E	R	K	N	Q	S	T	A	V	L	I	F	Y	W	H	M	C	P
0	0.00784	0.00508	0.00587	0.00604	0.00636	0.00508	0.00390	0.00847	0.00849	0.01186	0.01780	0.03521	0.01951	0.60402	0.02061	0.00413	0.00462	0.11264	0.10893	0.00355
1	0.01108	0.12425	0.01294	0.00777	0.01230	0.00874	0.00646	0.01327	0.01061	0.01606	0.00884	0.01030	0.00746	0.00388	0.00373	0.00081	0.00404	0.00300	0.00292	0.73155
2	0.00677	0.00507	0.00602	0.00607	0.00729	0.00454	0.00444	0.00852	0.01252	0.01682	0.35809	0.18261	0.30045	0.01217	0.00604	0.00172	0.00258	0.01058	0.04317	0.00454
3	0.00650	0.00463	0.00582	0.00668	0.00701	0.00435	0.00435	0.00723	0.00945	0.01248	0.02735	0.59537	0.08319	0.18768	0.01070	0.00268	0.00338	0.01280	0.00441	0.00395
4	0.18367	0.16922	0.05026	0.01584	0.17443	0.08692	0.11683	0.09461	0.03169	0.01840	0.00915	0.01085	0.00731	0.00484	0.00445	0.00148	0.00616	0.00396	0.00294	0.00698
5	0.32271	0.07452	0.22020	0.01066	0.01487	0.14799	0.01057	0.01684	0.01075	0.06830	0.00866	0.00992	0.00660	0.00521	0.00482	0.00156	0.05311	0.00339	0.00290	0.00645
6	0.07025	0.01288	0.09877	0.01550	0.17192	0.07428	0.11754	0.05435	0.03877	0.07476	0.05632	0.03705	0.03827	0.00602	0.00498	0.00155	0.00564	0.00532	0.10903	0.00679
7	0.00994	0.01125	0.12029	0.00988	0.01229	0.08663	0.03429	0.07224	0.04842	0.01636	0.07950	0.30969	0.07297	0.01099	0.00591	0.00184	0.00482	0.08288	0.00422	0.00559
8	0.01402	0.07792	0.13816	0.01618	0.15881	0.02937	0.13124	0.04161	0.12621	0.13852	0.01395	0.01476	0.02661	0.00546	0.00504	0.00156	0.00595	0.00490	0.02392	0.02581

[dist]
# distance from previous block
# <min> <max>
1	17

[block]
# block no. 1 follows, 48 sequences, length 7
# corresponding to MSA columns:
# 375-381
name=unknown_B
#
# <colnr> <probs for GDERKNQSTAVLIFYWHMCP>
#	G	D	E	R	K	N	Q	S	T	A	V	L	I	F	Y	W	H	M	C	P
0	0.00979	0.00647	0.00809	0.00767	0.00925	0.00613	0.00567	0.09375	0.01325	0.08755	0.24383	0.37822	0.03174	0.01169	0.00595	0.00176	0.00329	0.01035	0.00509	0.06046
1	0.05032	0.10077	0.11039	0.17121	0.01775	0.01258	0.01087	0.07192	0.01060	0.01556	0.00977	0.01310	0.00813	0.01012	0.10465	0.00249	0.19087	0.00431	0.07858	0.00602
2	0.01013	0.01148	0.07793	0.20651	0.07405	0.06183	0.16513	0.01309	0.01137	0.01474	0.05352	0.10817	0.10869	0.00773	0.00597	0.00174	0.02891	0.02994	0.00319	0.00587
3	0.01222	0.09888	0.06905	0.07414	0.01706	0.01289	0.12605	0.01458	0.01044	0.09932	0.03920	0.05335	0.01143	0.00756	0.00941	0.00186	0.29115	0.04202	0.00310	0.00626
4	0.00852	0.00638	0.00821	0.00920	0.06097	0.00632	0.00612	0.10217	0.01213	0.01626	0.08408	0.49589	0.07027	0.05292	0.00719	0.00208	0.00361	0.03802	0.00464	0.00502
5	0.01141	0.01309	0.15134	0.01411	0.11922	0.04602	0.09568	0.11265	0.02882	0.03508	0.07117	0.11962	0.12574	0.00817	0.00558	0.00169	0.00549	0.02478	0.00382	0.00655
6	0.01300	0.21439	0.10672	0.09778	0.04151	0.07564	0.03055	0.12916	0.07537	0.01735	0.04083	0.01706	0.04706	0.00697	0.02169	0.00166	0.00607	0.04711	0.00334	0.00674

[dist]
# distance from previous block
# <min> <max>
0	2

[block]
# block no. 2 follows, 48 sequences, length 32
# corresponding to MSA columns:
# 384-415
name=unknown_C
#
# <colnr> <probs for GDERKNQSTAVLIFYWHMCP>
#	G	D	E	R	K	N	Q	S	T	A	V	L	I	F	Y	W	H	M	C	P
0	0.04267	0.01024	0.03244	0.06413	0.01300	0.08064	0.00766	0.13274	0.14820	0.01874	0.09259	0.25967	0.05677	0.00978	0.00558	0.00175	0.00452	0.00834	0.00449	0.00606
1	0.03127	0.00565	0.00661	0.00675	0.00807	0.00525	0.00489	0.04691	0.01184	0.05383	0.11013	0.38229	0.28112	0.01320	0.00611	0.00185	0.00303	0.01152	0.00491	0.00478
2	0.01400	0.38615	0.10666	0.01025	0.03068	0.01512	0.00965	0.08581	0.05794	0.08340	0.01054	0.02786	0.00858	0.00521	0.00440	0.00129	0.02386	0.00379	0.00317	0.11164
3	0.01090	0.04408	0.09523	0.02933	0.01320	0.00943	0.04000	0.03737	0.18691	0.07172	0.07598	0.04243	0.05858	0.05279	0.17404	0.00318	0.00667	0.00605	0.00395	0.03816
4	0.00691	0.00512	0.00621	0.00635	0.00736	0.00471	0.00459	0.00843	0.01176	0.01564	0.30175	0.16188	0.22764	0.13846	0.00934	0.00230	0.00313	0.06927	0.00482	0.00433
5	0.01138	0.00779	0.00969	0.02625	0.01126	0.02631	0.00704	0.03700	0.16279	0.12896	0.03807	0.02062	0.04617	0.02242	0.39138	0.00485	0.00889	0.00572	0.02735	0.00607
6	0.02463	0.03318	0.42163	0.04706	0.03645	0.01139	0.08205	0.05837	0.02780	0.19000	0.01212	0.01291	0.00834	0.00526	0.00503	0.00162	0.00664	0.00440	0.00338	0.00774
7	0.00952	0.00714	0.00825	0.04565	0.01045	0.00711	0.00600	0.12677	0.05640	0.03989	0.12916	0.11815	0.33560	0.01129	0.00647	0.03721	0.00356	0.03122	0.00478	0.00538
8	0.00658	0.00493	0.00581	0.00611	0.00699	0.00448	0.00421	0.00773	0.01088	0.01416	0.17138	0.28810	0.27942	0.15406	0.00971	0.00239	0.00310	0.01115	0.00464	0.00416
9	0.00980	0.17455	0.04609	0.02946	0.00956	0.02011	0.00608	0.02383	0.00887	0.01183	0.01243	0.04240	0.01291	0.32277	0.01574	0.14911	0.03137	0.00553	0.06323	0.00431
10	0.00977	0.00745	0.04111	0.00877	0.01051	0.00668	0.04298	0.07013	0.03246	0.08330	0.07553	0.33990	0.06549	0.08025	0.00785	0.00218	0.00412	0.10155	0.00465	0.00533
11	0.01151	0.02162	0.53190	0.01892	0.21232	0.01185	0.05366	0.01650	0.01127	0.04877	0.00984	0.01172	0.00723	0.00483	0.00499	0.00160	0.00713	0.00415	0.00245	0.00773
12	0.00758	0.00613	0.00653	0.00627	0.00803	0.00571	0.00470	0.06136	0.06058	0.01609	0.11526	0.10533	0.53019	0.03500	0.00655	0.00183	0.00298	0.01014	0.00486	0.00487
13	0.15385	0.14023	0.19098	0.01480	0.05125	0.01396	0.23274	0.11138	0.01251	0.01885	0.00930	0.01116	0.00708	0.00477	0.00473	0.00155	0.00666	0.00426	0.00286	0.00707
14	0.01575	0.01536	0.11196	0.08344	0.18074	0.07700	0.01242	0.31868	0.05044	0.05103	0.01131	0.01255	0.00841	0.00561	0.00529	0.00157	0.02231	0.00447	0.00377	0.00789
15	0.01136	0.00707	0.00834	0.00766	0.00959	0.00698	0.00580	0.02820	0.15800	0.16330	0.11419	0.10197	0.15187	0.12646	0.00863	0.00221	0.00373	0.04965	0.02910	0.00587
16	0.00698	0.00512	0.00611	0.00628	0.00747	0.00458	0.00456	0.00847	0.01187	0.03446	0.23965	0.24358	0.31949	0.04664	0.00703	0.00194	0.00286	0.03344	0.00497	0.00450
17	0.03241	0.00911	0.01554	0.51814	0.02800	0.01065	0.10778	0.01263	0.01030	0.01375	0.01280	0.08683	0.04205	0.00774	0.03578	0.00201	0.04030	0.00589	0.00269	0.00561
18	0.01540	0.08027	0.04478	0.03356	0.05162	0.33914	0.01036	0.11834	0.01342	0.01544	0.00906	0.01140	0.00765	0.00942	0.09186	0.00225	0.13287	0.00397	0.00286	0.00633
19	0.02221	0.00986	0.05737	0.01576	0.23023	0.00895	0.08541	0.01399	0.08619	0.01820	0.29191	0.02529	0.06646	0.03810	0.00635	0.00175	0.00465	0.00691	0.00405	0.00636
20	0.00760	0.00591	0.00703	0.00720	0.00842	0.00584	0.00521	0.01128	0.14208	0.01663	0.23177	0.34625	0.16018	0.01253	0.00611	0.00184	0.00295	0.01106	0.00508	0.00505
21	0.01005	0.00614	0.00795	0.00707	0.00880	0.00571	0.00544	0.04535	0.01497	0.13096	0.64193	0.03421	0.04158	0.00971	0.00588	0.00161	0.00284	0.00849	0.00573	0.00557
22	0.01061	0.00906	0.01053	0.00771	0.01203	0.00709	0.00614	0.01360	0.05509	0.01716	0.04394	0.01235	0.00986	0.00428	0.00398	0.00085	0.00375	0.00347	0.00328	0.76518
23	0.01176	0.04144	0.17809	0.08983	0.24079	0.03567	0.14566	0.03735	0.07068	0.01651	0.01190	0.07540	0.01013	0.00578	0.00527	0.00164	0.00658	0.00545	0.00289	0.00718
24	0.00746	0.00497	0.00560	0.00560	0.00560	0.00497	0.00311	0.00746	0.00746	0.00995	0.01617	0.03358	0.01865	0.81967	0.02612	0.00497	0.00497	0.00746	0.00311	0.00311
25	0.00891	0.00446	0.00668	0.00668	0.00668	0.00446	0.00446	0.00668	0.00668	0.00891	0.00891	0.01560	0.00891	0.01783	0.02005	0.85071	0.00446	0.00446	0.00223	0.00223
26	0.01538	0.01225	0.01709	0.11887	0.28401	0.01309	0.03231	0.30470	0.04530	0.06871	0.01211	0.03176	0.00934	0.00570	0.00518	0.00158	0.00583	0.00494	0.00388	0.00796
27	0.01216	0.01220	0.01462	0.11294	0.01625	0.12167	0.03178	0.04515	0.01038	0.01424	0.03388	0.01294	0.00877	0.00805	0.02750	0.00200	0.42386	0.00454	0.05608	0.03097
28	0.00735	0.00494	0.00561	0.00570	0.00576	0.00490	0.00324	0.00744	0.00772	0.01025	0.01774	0.09040	0.03478	0.74586	0.02431	0.00470	0.00478	0.00804	0.00326	0.00321
29	0.01218	0.01237	0.04248	0.02813	0.03187	0.06855	0.21158	0.03582	0.15315	0.03046	0.01331	0.02928	0.02667	0.03126	0.02969	0.00191	0.10767	0.00533	0.02409	0.10420
30	0.09147	0.05228	0.03609	0.03993	0.01382	0.01003	0.06352	0.06321	0.07666	0.08866	0.03662	0.09728	0.03024	0.00895	0.05148	0.00195	0.05614	0.02631	0.00381	0.15154
31	0.15527	0.03983	0.07557	0.09051	0.06035	0.17488	0.08117	0.07468	0.06993	0.03107	0.01052	0.02611	0.00850	0.03200	0.00536	0.00163	0.00638	0.00433	0.00316	0.04876

[dist]
# distance from previous block
# <min> <max>
1	20

[block]
# block no. 3 follows, 48 sequences, length 39
# corresponding to MSA columns:
# 436-474
name=unknown_D
#
# <colnr> <probs for GDERKNQSTAVLIFYWHMCP>
#	G	D	E	R	K	N	Q	S	T	A	V	L	I	F	Y	W	H	M	C	P
0	0.06809	0.14609	0.01425	0.02560	0.04449	0.07541	0.00798	0.05529	0.05601	0.27635	0.05883	0.01491	0.01204	0.00575	0.00455	0.00140	0.00485	0.00446	0.03604	0.08761
1	0.00977	0.04089	0.03981	0.01140	0.08382	0.02360	0.08131	0.06076	0.01183	0.03038	0.11988	0.21187	0.06564	0.07762	0.07350	0.00250	0.00540	0.00823	0.00391	0.03789
2	0.01410	0.02496	0.18748	0.01143	0.03813	0.00968	0.05406	0.05665	0.06971	0.19522	0.03569	0.01399	0.01040	0.00524	0.00475	0.00136	0.00522	0.00438	0.00390	0.25362
3	0.05388	0.26598	0.05303	0.05621	0.06595	0.01320	0.04522	0.08531	0.05907	0.04738	0.04282	0.12478	0.01377	0.00700	0.00475	0.00152	0.00514	0.02767	0.00349	0.02380
4	0.01261	0.04414	0.04314	0.06216	0.20206	0.04155	0.20360	0.06006	0.06952	0.03229	0.01260	0.01464	0.04401	0.00535	0.00562	0.00154	0.03818	0.00503	0.00309	0.09881
5	0.01306	0.05140	0.01393	0.15015	0.09777	0.29910	0.00997	0.01495	0.01155	0.01309	0.01108	0.08207	0.01042	0.04064	0.10536	0.00247	0.02772	0.00505	0.00277	0.03744
6	0.02287	0.02681	0.08046	0.12075	0.13344	0.00925	0.04994	0.01656	0.05591	0.19447	0.01537	0.10348	0.01263	0.00713	0.00567	0.03410	0.00511	0.00585	0.09345	0.00675
7	0.05778	0.01019	0.12263	0.04160	0.04817	0.00864	0.00902	0.08599	0.02227	0.01642	0.01933	0.37830	0.02099	0.01107	0.00665	0.00192	0.06525	0.06419	0.00395	0.00564
8	0.00741	0.00498	0.00558	0.00558	0.00565	0.00495	0.00314	0.00746	0.00762	0.01010	0.01751	0.03417	0.04744	0.78940	0.02536	0.00485	0.00489	0.00759	0.00317	0.00315
9	0.01084	0.01040	0.05740	0.01176	0.03644	0.01032	0.12240	0.04849	0.19567	0.03049	0.07003	0.04685	0.06513	0.15765	0.01065	0.00237	0.09652	0.00662	0.00385	0.00615
10	0.01192	0.01338	0.03600	0.14573	0.03803	0.12461	0.33566	0.01570	0.05058	0.01516	0.01526	0.01872	0.09115	0.00618	0.00597	0.00170	0.03061	0.03437	0.00297	0.00628
11	0.00745	0.00500	0.00574	0.00574	0.00580	0.00505	0.00329	0.00756	0.00751	0.01006	0.01603	0.03283	0.01833	0.77599	0.06935	0.00516	0.00546	0.00735	0.00309	0.00319
12	0.01057	0.00884	0.01473	0.10274	0.03992	0.00891	0.18700	0.01313	0.01207	0.09676	0.15508	0.02696	0.20798	0.00829	0.00685	0.00174	0.08122	0.00734	0.00398	0.00588
13	0.01518	0.18859	0.06314	0.04946	0.04501	0.17640	0.03223	0.14950	0.02664	0.05614	0.01016	0.01233	0.00827	0.00743	0.04586	0.00184	0.08441	0.01740	0.00317	0.00682
14	0.02230	0.00857	0.01168	0.00901	0.01285	0.00742	0.00742	0.02430	0.01468	0.75590	0.05529	0.01842	0.01434	0.00654	0.00520	0.00159	0.00428	0.00535	0.00632	0.00855
15	0.00683	0.00523	0.00626	0.00600	0.00740	0.00466	0.00450	0.00885	0.01351	0.01816	0.52114	0.04231	0.31374	0.01139	0.00606	0.00166	0.00248	0.00984	0.00533	0.00466
16	0.01432	0.12765	0.07922	0.04200	0.29742	0.17735	0.02532	0.06332	0.09409	0.01653	0.01026	0.01193	0.00826	0.00508	0.00476	0.00146	0.00661	0.00415	0.00292	0.00736
17	0.05983	0.04559	0.43897	0.05122	0.02158	0.11691	0.13922	0.03897	0.01177	0.01638	0.00914	0.01107	0.00676	0.00487	0.00491	0.00159	0.00762	0.00407	0.00245	0.00706
18	0.00625	0.00447	0.00595	0.00714	0.00744	0.00417	0.00476	0.00714	0.00982	0.01310	0.02828	0.81633	0.03394	0.01608	0.00655	0.00208	0.00298	0.01459	0.00476	0.00417
19	0.00910	0.12429	0.01320	0.00968	0.01120	0.00989	0.06334	0.01081	0.00872	0.01212	0.01193	0.01827	0.01141	0.10865	0.44951	0.00566	0.10936	0.00522	0.00263	0.00502
20	0.08569	0.22773	0.08611	0.06696	0.12785	0.07436	0.07506	0.01638	0.04125	0.06052	0.05893	0.01299	0.01021	0.00534	0.00490	0.00148	0.03023	0.00427	0.00298	0.00677
21	0.15902	0.03035	0.03667	0.19075	0.01912	0.13094	0.08256	0.07207	0.03521	0.03881	0.01027	0.01332	0.00826	0.03208	0.09745	0.00246	0.02716	0.00439	0.00301	0.00609
22	0.00733	0.00526	0.00700	0.00699	0.00757	0.00569	0.00492	0.00842	0.00829	0.01151	0.04490	0.02738	0.04478	0.35503	0.42547	0.00643	0.00934	0.00663	0.00308	0.00398
23	0.07875	0.01366	0.04579	0.09105	0.02110	0.09577	0.30321	0.10174	0.01363	0.15085	0.01197	0.02862	0.00881	0.00533	0.00531	0.00163	0.00697	0.00515	0.00357	0.00708
24	0.05574	0.00697	0.00835	0.03710	0.03898	0.01632	0.02732	0.07941	0.01075	0.01601	0.03936	0.08380	0.02840	0.29547	0.04867	0.00304	0.00482	0.00661	0.18811	0.00477
25	0.00665	0.00478	0.00618	0.00685	0.00730	0.00467	0.00462	0.00758	0.00942	0.01260	0.04795	0.48184	0.07846	0.17193	0.12108	0.00346	0.00482	0.01155	0.00419	0.00405
26	0.01113	0.01200	0.09822	0.20511	0.11799	0.03915	0.11445	0.05100	0.01172	0.02703	0.04187	0.02028	0.01226	0.00852	0.04346	0.02652	0.04369	0.10630	0.00304	0.00625
27	0.00990	0.01000	0.03917	0.22433	0.11381	0.01003	0.18557	0.01353	0.05537	0.01501	0.01729	0.15919	0.07080	0.00786	0.00589	0.00179	0.01771	0.03342	0.00326	0.00606
28	0.00999	0.00903	0.01441	0.01168	0.01436	0.00893	0.22298	0.05760	0.12621	0.01750	0.13110	0.08918	0.13447	0.06879	0.00747	0.00201	0.00504	0.05915	0.00424	0.00588
29	0.00870	0.03941	0.01124	0.02269	0.21590	0.00734	0.00833	0.01051	0.01086	0.01469	0.04539	0.37386	0.07551	0.01140	0.00592	0.00184	0.00413	0.09189	0.00400	0.03639
30	0.01187	0.01389	0.14347	0.01922	0.32924	0.03511	0.01274	0.03667	0.01151	0.01675	0.03722	0.01257	0.00904	0.00509	0.00576	0.00141	0.07484	0.00419	0.00277	0.21665
31	0.01030	0.00991	0.01644	0.66171	0.12125	0.02730	0.04151	0.01365	0.01060	0.01367	0.00947	0.01413	0.00735	0.00517	0.00518	0.00169	0.00684	0.01548	0.00236	0.00602
32	0.00689	0.00495	0.00643	0.00725	0.00780	0.00471	0.00497	0.03769	0.01092	0.01470	0.11216	0.69757	0.03455	0.01506	0.00644	0.00201	0.00302	0.01360	0.00488	0.00442
33	0.01242	0.13149	0.20078	0.04365	0.09795	0.09341	0.04661	0.01538	0.01180	0.08927	0.03687	0.04555	0.10442	0.02045	0.00539	0.00162	0.00599	0.02710	0.00327	0.00660
34	0.03676	0.01207	0.08368	0.07629	0.27690	0.02243	0.09936	0.04527	0.06236	0.03852	0.02684	0.02963	0.02600	0.01011	0.11417	0.00254	0.02184	0.00522	0.00307	0.00696
35	0.00648	0.00477	0.00608	0.00669	0.00743	0.00436	0.00466	0.00782	0.01129	0.01511	0.22461	0.50768	0.14572	0.01421	0.00635	0.00191	0.00278	0.01269	0.00499	0.00436
36	0.01187	0.04112	0.06387	0.05588	0.04957	0.07875	0.06721	0.10859	0.01311	0.03351	0.03357	0.06049	0.09650	0.00707	0.00486	0.00150	0.00491	0.01759	0.24403	0.00601
37	0.12117	0.01330	0.11268	0.03636	0.10152	0.05194	0.08074	0.05274	0.01128	0.01744	0.00953	0.03577	0.00799	0.00525	0.00556	0.00142	0.07476	0.00417	0.00290	0.25348
38	0.09422	0.01104	0.01496	0.11088	0.23399	0.03395	0.03833	0.10467	0.07480	0.09832	0.03651	0.03776	0.03458	0.00595	0.00499	0.00157	0.00535	0.00512	0.00373	0.04929

[dist]
# distance from previous block
# <min> <max>
2	21

[block]
# block no. 4 follows, 48 sequences, length 42
# corresponding to MSA columns:
# 496-537
name=unknown_E
#
# <colnr> <probs for GDERKNQSTAVLIFYWHMCP>
#	G	D	E	R	K	N	Q	S	T	A	V	L	I	F	Y	W	H	M	C	P
0	0.01267	0.08724	0.29243	0.02670	0.10366	0.01321	0.12006	0.16316	0.01346	0.01871	0.01077	0.04892	0.00874	0.00648	0.02582	0.00178	0.03100	0.00484	0.00299	0.00737
1	0.01069	0.01040	0.10010	0.01066	0.05109	0.02447	0.03796	0.06976	0.14083	0.06117	0.16543	0.20455	0.07242	0.00951	0.00570	0.00174	0.00433	0.00833	0.00459	0.00628
2	0.04303	0.14255	0.12583	0.06209	0.03859	0.01019	0.00890	0.05143	0.01062	0.06965	0.02633	0.05041	0.01306	0.16396	0.05579	0.06431	0.00588	0.04855	0.00320	0.00562
3	0.14334	0.09070	0.12815	0.07817	0.10938	0.14877	0.01105	0.06287	0.01220	0.03039	0.07161	0.01335	0.02088	0.00577	0.00529	0.00154	0.05271	0.00426	0.00304	0.00652
4	0.00726	0.00540	0.00629	0.03636	0.00784	0.00532	0.00434	0.00866	0.05109	0.01225	0.02662	0.20990	0.18770	0.39065	0.01548	0.00333	0.00403	0.00958	0.00392	0.00398
5	0.03334	0.05249	0.04673	0.01630	0.20321	0.15664	0.09726	0.04037	0.01178	0.01596	0.01081	0.01436	0.00918	0.06721	0.00709	0.00175	0.05906	0.00460	0.14550	0.00634
6	0.01565	0.04291	0.18031	0.05316	0.03144	0.22181	0.01156	0.13945	0.11591	0.08838	0.01267	0.01324	0.02444	0.00583	0.00513	0.00154	0.02131	0.00436	0.00362	0.00729
7	0.01107	0.00935	0.01194	0.01050	0.01250	0.03937	0.07943	0.10144	0.13054	0.01824	0.07439	0.11617	0.04597	0.01016	0.03070	0.00202	0.09429	0.11132	0.08460	0.00599
8	0.00682	0.00475	0.00587	0.00641	0.00671	0.00455	0.00408	0.00749	0.00932	0.01248	0.08729	0.41613	0.04911	0.33856	0.01436	0.00320	0.00372	0.01118	0.00417	0.00380
9	0.01014	0.00970	0.01561	0.33887	0.09830	0.01193	0.05408	0.01256	0.00967	0.01339	0.01073	0.09963	0.01009	0.00838	0.03307	0.00209	0.24764	0.00573	0.00259	0.00578
10	0.08353	0.16203	0.04513	0.03683	0.04085	0.10941	0.00861	0.15499	0.07010	0.07246	0.01319	0.01392	0.03439	0.00574	0.00437	0.00142	0.00528	0.00428	0.12667	0.00680
11	0.03383	0.01107	0.03602	0.01048	0.03449	0.01121	0.00839	0.20223	0.25409	0.22816	0.01921	0.01806	0.05458	0.00671	0.00509	0.00161	0.00452	0.00542	0.04684	0.00799
12	0.00638	0.00455	0.00610	0.00729	0.00764	0.00427	0.00498	0.00736	0.00995	0.01324	0.02821	0.76977	0.03367	0.01596	0.00658	0.00210	0.00308	0.05992	0.00476	0.00420
13	0.00674	0.00512	0.00690	0.00776	0.00803	0.00529	0.00539	0.00765	0.00963	0.01303	0.02618	0.73797	0.03129	0.01538	0.00755	0.00210	0.08155	0.01360	0.00452	0.00431
14	0.19104	0.00987	0.01158	0.00907	0.01290	0.00968	0.00749	0.14197	0.01499	0.51463	0.01633	0.01480	0.01062	0.00600	0.00475	0.00158	0.00449	0.00459	0.00551	0.00809
15	0.01212	0.01308	0.02722	0.01971	0.02440	0.01243	0.65466	0.06394	0.01261	0.01707	0.01167	0.05885	0.00963	0.02997	0.00664	0.00184	0.00803	0.00648	0.00289	0.00677
16	0.00657	0.00479	0.00645	0.03173	0.00853	0.00457	0.00529	0.00776	0.01035	0.01377	0.07686	0.65982	0.05878	0.01514	0.00650	0.00205	0.00318	0.06884	0.00474	0.00430
17	0.01111	0.00911	0.01069	0.00766	0.01220	0.00687	0.00614	0.01338	0.01079	0.04594	0.00954	0.01090	0.00779	0.00390	0.00385	0.00079	0.00382	0.00312	0.00316	0.81927
18	0.01213	0.08431	0.04112	0.00990	0.01346	0.01071	0.04998	0.03685	0.20607	0.06233	0.09710	0.01625	0.01423	0.00599	0.00547	0.00138	0.05600	0.00484	0.00394	0.26795
19	0.10471	0.17643	0.07795	0.01083	0.01398	0.08785	0.00960	0.07579	0.17494	0.04057	0.01121	0.01230	0.00895	0.00701	0.02816	0.00179	0.14361	0.00413	0.00336	0.00683
20	0.00746	0.00497	0.00560	0.00560	0.00560	0.00497	0.00311	0.00746	0.00746	0.00995	0.01617	0.03358	0.01865	0.81967	0.02612	0.00497	0.00497	0.00746	0.00311	0.00311
21	0.01841	0.06516	0.01534	0.01250	0.01554	0.49827	0.00977	0.20942	0.05171	0.01792	0.00955	0.01049	0.00756	0.00565	0.00508	0.00141	0.03234	0.00376	0.00335	0.00677
22	0.01267	0.14172	0.26841	0.07652	0.01776	0.15886	0.01218	0.06898	0.03502	0.01662	0.12974	0.01499	0.01349	0.00592	0.00482	0.00149	0.00647	0.00457	0.00311	0.00664
23	0.00804	0.00622	0.00677	0.00674	0.00792	0.04872	0.00484	0.00953	0.01207	0.04607	0.28752	0.23123	0.20464	0.08668	0.00792	0.00205	0.00329	0.01029	0.00486	0.00461
24	0.00720	0.00519	0.00680	0.00650	0.00765	0.00480	0.00484	0.00952	0.01422	0.02010	0.73650	0.08815	0.04749	0.01085	0.00608	0.00164	0.00246	0.00962	0.00559	0.00480
25	0.18175	0.00926	0.03117	0.00904	0.01092	0.03068	0.00739	0.11170	0.01086	0.01759	0.01189	0.04651	0.01066	0.03229	0.28770	0.00407	0.11031	0.00494	0.06573	0.00555
26	0.06043	0.15848	0.12386	0.09837	0.01679	0.01153	0.01003	0.06237	0.01286	0.32295	0.01325	0.01325	0.00916	0.00540	0.00459	0.00146	0.00531	0.00418	0.00412	0.06162
27	0.00739	0.00495	0.00562	0.00568	0.00570	0.00493	0.00320	0.00744	0.00759	0.01012	0.01684	0.07699	0.01950	0.77511	0.02503	0.00481	0.00486	0.00786	0.00320	0.00317
28	0.00733	0.00550	0.00825	0.00825	0.00916	0.00641	0.00641	0.00916	0.00825	0.01191	0.01374	0.02016	0.01283	0.03848	0.79934	0.00825	0.01374	0.00550	0.00275	0.00458
29	0.03187	0.01024	0.03224	0.01093	0.05401	0.01052	0.03137	0.26808	0.05724	0.10101	0.01301	0.01520	0.01014	0.02410	0.05700	0.15842	0.02496	0.00481	0.07831	0.00654
30	0.00715	0.00575	0.00779	0.00704	0.00865	0.00517	0.05347	0.00928	0.01330	0.01789	0.47259	0.06571	0.28481	0.01109	0.00607	0.00168	0.00290	0.00975	0.00514	0.00479
31	0.01880	0.01043	0.01366	0.01091	0.01368	0.01145	0.00904	0.14403	0.01413	0.42536	0.01476	0.01469	0.01020	0.00713	0.00877	0.00178	0.25366	0.00486	0.00488	0.00777
32	0.00745	0.00500	0.00574	0.00574	0.00579	0.00505	0.00329	0.00756	0.00751	0.01006	0.01603	0.03283	0.01833	0.77628	0.06906	0.00516	0.00546	0.00735	0.00309	0.00319
33	0.01065	0.01027	0.01805	0.43507	0.26176	0.01135	0.09551	0.01389	0.01087	0.01458	0.01064	0.06480	0.00907	0.00557	0.00531	0.00168	0.00656	0.00537	0.00255	0.00647
34	0.00682	0.00500	0.00640	0.00653	0.00752	0.00458	0.00472	0.00865	0.01277	0.01754	0.47203	0.27998	0.12345	0.01249	0.00621	0.00177	0.00261	0.01109	0.00528	0.00458
35	0.00756	0.00528	0.00621	0.00612	0.00635	0.00549	0.00382	0.00792	0.00790	0.01071	0.01786	0.03204	0.06659	0.63968	0.10010	0.00489	0.03728	0.00730	0.02341	0.00347
36	0.01102	0.00790	0.00866	0.00784	0.01004	0.00809	0.00594	0.06431	0.24917	0.10162	0.03071	0.08221	0.27661	0.10293	0.00798	0.00210	0.00374	0.00812	0.00491	0.00611
37	0.01102	0.01082	0.01689	0.01879	0.27336	0.07251	0.15401	0.01352	0.01085	0.01473	0.01292	0.10740	0.01226	0.03772	0.16276	0.00305	0.02903	0.00618	0.02592	0.00626
38	0.01478	0.13556	0.01387	0.00988	0.01287	0.05569	0.00808	0.17901	0.18241	0.12458	0.01771	0.14089	0.01565	0.00812	0.00520	0.00165	0.00483	0.05744	0.00464	0.00713
39	0.01258	0.01101	0.01488	0.03388	0.13425	0.01333	0.01066	0.17114	0.06327	0.01779	0.01098	0.04109	0.00967	0.01146	0.11012	0.00269	0.31623	0.00509	0.00324	0.00664
40	0.06375	0.01167	0.01473	0.01354	0.09776	0.03756	0.06579	0.23626	0.08233	0.10108	0.01490	0.06786	0.03828	0.00810	0.03239	0.00191	0.09502	0.00562	0.00417	0.00726
41	0.01169	0.16074	0.11693	0.01318	0.09437	0.06558	0.08473	0.08056	0.03237	0.01608	0.01525	0.22469	0.02415	0.00799	0.00516	0.00161	0.00559	0.00696	0.02598	0.00638

[dist]
# distance from previous block
# <min> <max>
8	30

[block]
# block no. 5 follows, 48 sequences, length 60
# corresponding to MSA columns:
# 568-611,623-628,638-647
name=unknown_F
#
# <colnr> <probs for GDERKNQSTAVLIFYWHMCP>
#	G	D	E	R	K	N	Q	S	T	A	V	L	I	F	Y	W	H	M	C	P
0	0.01350	0.25999	0.30091	0.01273	0.04569	0.12683	0.01290	0.06724	0.08480	0.01605	0.00974	0.01079	0.00761	0.00506	0.00443	0.00143	0.00668	0.00368	0.00274	0.00720
1	0.12471	0.06034	0.17828	0.06411	0.14153	0.01298	0.04711	0.11879	0.14790	0.03822	0.01167	0.01279	0.00878	0.00535	0.00477	0.00159	0.00580	0.00437	0.00342	0.00747
2	0.01210	0.04490	0.05973	0.07235	0.03701	0.19161	0.00856	0.07450	0.01247	0.04367	0.03926	0.27595	0.01847	0.05947	0.00676	0.00190	0.00563	0.02628	0.00376	0.00563
3	0.00959	0.06141	0.17663	0.14089	0.01868	0.00965	0.10997	0.01297	0.03093	0.01480	0.01501	0.24345	0.01500	0.00796	0.00533	0.00165	0.00559	0.00722	0.00318	0.11009
4	0.00956	0.00478	0.00478	0.00478	0.00598	0.00478	0.00359	0.01196	0.01076	0.01913	0.01674	0.01913	0.01315	0.00598	0.00359	0.00120	0.00239	0.00478	0.84816	0.00478
5	0.03052	0.00866	0.04648	0.01130	0.11310	0.00809	0.00804	0.06901	0.05245	0.06765	0.25795	0.07783	0.09399	0.00922	0.00607	0.00171	0.03376	0.06703	0.03110	0.00605
6	0.50802	0.00930	0.00918	0.00764	0.01105	0.00976	0.00628	0.01865	0.01121	0.31484	0.04091	0.01291	0.00986	0.00558	0.00404	0.00159	0.00406	0.00392	0.00447	0.00674
7	0.00956	0.00478	0.00478	0.00478	0.00598	0.00478	0.00359	0.01196	0.01076	0.01913	0.01674	0.01913	0.01315	0.00598	0.00359	0.00120	0.00239	0.00478	0.84816	0.00478
8	0.16045	0.17323	0.06435	0.01236	0.06212	0.35570	0.00986	0.07794	0.01312	0.01632	0.00818	0.00945	0.00668	0.00503	0.00421	0.00137	0.00704	0.00332	0.00281	0.00646
9	0.00975	0.00845	0.01156	0.04262	0.04115	0.05604	0.10750	0.03396	0.03657	0.01492	0.08232	0.08062	0.02097	0.22859	0.01146	0.00271	0.00537	0.17452	0.02589	0.00502
10	0.01221	0.21950	0.16731	0.01161	0.06708	0.02799	0.02829	0.06158	0.02627	0.06960	0.05199	0.06147	0.10632	0.00695	0.00527	0.00151	0.03619	0.00552	0.00340	0.02993
11	0.01248	0.00924	0.01126	0.00967	0.01215	0.02495	0.05410	0.16310	0.14948	0.09005	0.13621	0.14731	0.08280	0.00920	0.00582	0.00172	0.01593	0.03017	0.02782	0.00654
12	0.07595	0.06845	0.22473	0.01104	0.01530	0.13736	0.01079	0.11305	0.02871	0.09674	0.07951	0.06351	0.01295	0.00641	0.00485	0.00153	0.00595	0.00498	0.00368	0.03453
13	0.03922	0.11643	0.06902	0.03945	0.17254	0.04736	0.20339	0.12655	0.01341	0.05766	0.01110	0.04534	0.00903	0.00598	0.01968	0.00168	0.00671	0.00502	0.00317	0.00724
14	0.00956	0.00478	0.00478	0.00478	0.00598	0.00478	0.00359	0.01196	0.01076	0.01913	0.01674	0.01913	0.01315	0.00598	0.00359	0.00120	0.00239	0.00478	0.84816	0.00478
15	0.01129	0.01259	0.09802	0.01706	0.06660	0.01065	0.44697	0.01519	0.01160	0.01715	0.01191	0.01488	0.00910	0.00483	0.00523	0.00157	0.00673	0.00541	0.22673	0.00649
16	0.00956	0.00478	0.00478	0.00478	0.00598	0.00478	0.00359	0.01196	0.01076	0.01913	0.01674	0.01913	0.01315	0.00598	0.00359	0.00120	0.00239	0.00478	0.84816	0.00478
17	0.01116	0.01256	0.04069	0.01900	0.02348	0.01152	0.62587	0.01505	0.01204	0.01641	0.06821	0.09281	0.01322	0.00591	0.00608	0.00175	0.00763	0.00707	0.00302	0.00652
18	0.01498	0.05157	0.17507	0.09757	0.14228	0.01175	0.01244	0.15696	0.03456	0.17586	0.01354	0.01641	0.01031	0.00607	0.00513	0.00162	0.00587	0.05641	0.00389	0.00769
19	0.00629	0.00472	0.00578	0.00653	0.00726	0.00427	0.00448	0.00733	0.01048	0.01355	0.06937	0.54718	0.23854	0.04019	0.00701	0.00206	0.00291	0.01310	0.00475	0.00421
20	0.01458	0.05895	0.04017	0.00912	0.01203	0.00910	0.00757	0.03922	0.19622	0.27635	0.11536	0.12702	0.02072	0.00848	0.00543	0.00170	0.00411	0.04148	0.00527	0.00714
21	0.01358	0.17556	0.22528	0.01200	0.01645	0.19541	0.05029	0.09220	0.02914	0.01611	0.02298	0.01562	0.08679	0.00610	0.00478	0.00148	0.00673	0.01978	0.00302	0.00668
22	0.04338	0.00840	0.01047	0.00937	0.01213	0.00837	0.00768	0.04206	0.17356	0.32900	0.02204	0.07714	0.01873	0.00909	0.00570	0.00185	0.00434	0.20408	0.00545	0.00716
23	0.00713	0.00510	0.00590	0.00578	0.00648	0.00481	0.00379	0.00811	0.01042	0.01392	0.25538	0.03807	0.17616	0.41898	0.01617	0.00333	0.00374	0.00866	0.00420	0.00387
24	0.10315	0.01708	0.01265	0.01172	0.03424	0.37966	0.00876	0.05140	0.25599	0.01743	0.01421	0.01436	0.04555	0.00614	0.00476	0.00151	0.00653	0.00447	0.00371	0.00669
25	0.01451	0.01511	0.16433	0.08163	0.21512	0.01301	0.03070	0.29210	0.02797	0.04468	0.01270	0.01402	0.03933	0.00568	0.00513	0.00158	0.00611	0.00476	0.00364	0.00788
26	0.01163	0.00977	0.01055	0.00951	0.01207	0.01100	0.00737	0.04258	0.58199	0.02131	0.17210	0.02378	0.04836	0.00784	0.00541	0.00171	0.00373	0.00663	0.00529	0.00736
27	0.01917	0.02445	0.01454	0.01322	0.01586	0.79907	0.00991	0.02049	0.01454	0.01256	0.00793	0.00925	0.00661	0.00529	0.00463	0.00132	0.00925	0.00330	0.00264	0.00595
28	0.00985	0.01023	0.07743	0.21130	0.15134	0.00958	0.07913	0.01345	0.05386	0.01509	0.02728	0.09960	0.02752	0.05303	0.00686	0.00200	0.00581	0.13732	0.00331	0.00602
29	0.01156	0.00899	0.01464	0.01782	0.30510	0.00925	0.05707	0.01406	0.01072	0.09150	0.01294	0.01700	0.01087	0.01581	0.25408	0.00366	0.03441	0.01921	0.08476	0.00653
30	0.00629	0.00449	0.00600	0.00719	0.00750	0.00420	0.00483	0.00721	0.00986	0.01314	0.02826	0.80250	0.03386	0.01604	0.00656	0.00209	0.00301	0.02805	0.00476	0.00418
31	0.01267	0.00880	0.01043	0.06245	0.01245	0.05726	0.03076	0.10664	0.05981	0.13689	0.03633	0.14329	0.01733	0.17629	0.01082	0.06129	0.00500	0.04159	0.00422	0.00567
32	0.01085	0.05649	0.25350	0.04242	0.13441	0.01085	0.12699	0.01506	0.04056	0.03422	0.01459	0.07082	0.01345	0.00728	0.00555	0.00177	0.00636	0.14494	0.00315	0.00675
33	0.00791	0.00565	0.00786	0.00904	0.01006	0.00560	0.00764	0.01001	0.01146	0.01495	0.02737	0.19297	0.03031	0.01451	0.00699	0.00231	0.00441	0.62158	0.00473	0.00463
34	0.49841	0.04455	0.17450	0.00964	0.01368	0.15338	0.00927	0.01631	0.01028	0.01933	0.00772	0.00902	0.00598	0.00487	0.00380	0.00153	0.00573	0.00308	0.00283	0.00609
35	0.00635	0.00466	0.00599	0.00701	0.00757	0.00430	0.00486	0.00739	0.01021	0.01335	0.03154	0.66148	0.13925	0.01552	0.00651	0.00205	0.00303	0.05994	0.00476	0.00423
36	0.00649	0.00490	0.00604	0.00688	0.00763	0.00454	0.00480	0.00797	0.03488	0.01363	0.03353	0.58424	0.20847	0.01500	0.00641	0.00200	0.00299	0.04049	0.00478	0.00435
37	0.01352	0.63283	0.15552	0.01008	0.01488	0.07290	0.01058	0.01587	0.01078	0.01281	0.00754	0.00874	0.00657	0.00453	0.00365	0.00120	0.00610	0.00296	0.00222	0.00671
38	0.09376	0.04291	0.09373	0.46459	0.07472	0.03031	0.04332	0.01416	0.01046	0.01496	0.00891	0.01229	0.00683	0.00488	0.00477	0.00158	0.00645	0.00416	0.00244	0.06475
39	0.00629	0.00484	0.00554	0.00610	0.00713	0.00427	0.00429	0.00744	0.01078	0.01371	0.03941	0.40919	0.40081	0.01416	0.00619	0.00188	0.00277	0.01236	0.03856	0.00427
40	0.02034	0.01068	0.01283	0.01009	0.01392	0.01073	0.00825	0.23225	0.14458	0.45237	0.01815	0.01632	0.01209	0.00640	0.00516	0.00160	0.00467	0.00512	0.00582	0.00863
41	0.85592	0.00992	0.00754	0.00675	0.00992	0.01151	0.00556	0.01508	0.00873	0.02302	0.00714	0.00834	0.00556	0.00476	0.00318	0.00159	0.00397	0.00278	0.00318	0.00556
42	0.01252	0.01093	0.06218	0.01170	0.01452	0.01069	0.13686	0.21330	0.01340	0.05410	0.01287	0.01825	0.01121	0.16064	0.18479	0.00372	0.05304	0.00554	0.00352	0.00624
43	0.01690	0.01013	0.01159	0.00958	0.01288	0.01061	0.00769	0.16033	0.29222	0.28043	0.02001	0.01855	0.04405	0.00677	0.00509	0.00161	0.00426	0.00549	0.07381	0.00801
44	0.00659	0.00474	0.00618	0.00720	0.00769	0.00447	0.00505	0.00764	0.01004	0.01322	0.02889	0.60541	0.08437	0.07457	0.00802	0.00231	0.00333	0.11147	0.00464	0.00418
45	0.04757	0.07787	0.04176	0.01077	0.01393	0.14107	0.00876	0.02433	0.53462	0.01915	0.01671	0.01594	0.01273	0.00632	0.00488	0.00161	0.00514	0.00496	0.00437	0.00752
46	0.01693	0.01143	0.01494	0.01182	0.01512	0.08093	0.13480	0.14757	0.03279	0.28976	0.01638	0.10540	0.01320	0.04879	0.00689	0.00183	0.03328	0.00622	0.00467	0.00726
47	0.00625	0.00447	0.00595	0.00714	0.00744	0.00417	0.00476	0.00714	0.00982	0.01310	0.02828	0.81633	0.03394	0.01608	0.00655	0.00208	0.00298	0.01459	0.00476	0.00417
48	0.00758	0.00546	0.00615	0.00592	0.00764	0.00471	0.00451	0.00921	0.01251	0.06935	0.21761	0.06306	0.52362	0.01206	0.00604	0.00172	0.00275	0.03027	0.00508	0.00476
49	0.01188	0.01371	0.07747	0.02293	0.22710	0.01221	0.46618	0.01584	0.01189	0.01644	0.01127	0.01639	0.00930	0.00511	0.00579	0.00171	0.00763	0.05733	0.00270	0.00713
50	0.01026	0.09024	0.27340	0.01304	0.09092	0.08172	0.03031	0.01328	0.01100	0.01458	0.02763	0.26855	0.03673	0.00869	0.00534	0.00169	0.00575	0.00749	0.00321	0.00617
51	0.01073	0.01142	0.08719	0.36015	0.22866	0.01141	0.03875	0.01403	0.01061	0.01501	0.00987	0.01350	0.00779	0.00533	0.00592	0.00165	0.07138	0.00456	0.08559	0.00646
52	0.00606	0.00520	0.00520	0.00520	0.00693	0.00433	0.00390	0.00736	0.01170	0.01386	0.05198	0.04938	0.78558	0.01299	0.00606	0.00173	0.00260	0.01083	0.00476	0.00433
53	0.01365	0.25341	0.02140	0.02017	0.36921	0.04362	0.04013	0.08399	0.04792	0.01665	0.00977	0.01181	0.00816	0.00595	0.03185	0.00164	0.00625	0.00413	0.00281	0.00748
54	0.03947	0.01782	0.37639	0.01337	0.06564	0.03737	0.03422	0.01870	0.04779	0.22177	0.06643	0.01495	0.01158	0.00573	0.00503	0.00160	0.00610	0.00469	0.00374	0.00762
55	0.01179	0.01159	0.01766	0.02032	0.30766	0.01438	0.01294	0.01364	0.00931	0.01403	0.00784	0.01179	0.00726	0.00731	0.01237	0.00197	0.50470	0.00452	0.00236	0.00657
56	0.00645	0.00521	0.00573	0.00560	0.00716	0.00449	0.00420	0.00810	0.01260	0.01600	0.28524	0.04586	0.55099	0.01220	0.00606	0.00169	0.00254	0.01034	0.00505	0.00449
57	0.06782	0.06187	0.01664	0.01711	0.21455	0.30643	0.03700	0.08083	0.03358	0.03749	0.01026	0.01324	0.00862	0.00567	0.00522	0.00151	0.03360	0.03863	0.00308	0.00685
58	0.01248	0.32460	0.36495	0.01415	0.10115	0.07185	0.01413	0.01617	0.01104	0.01447	0.00838	0.00994	0.00672	0.00469	0.00428	0.00139	0.00675	0.00345	0.00225	0.00715
59	0.01276	0.01110	0.01218	0.01175	0.06161	0.01273	0.00860	0.02655	0.73060	0.02117	0.02018	0.01874	0.01519	0.00681	0.00521	0.00173	0.00419	0.00572	0.00505	0.00812

[dist]
# distance from previous block
# <min> <max>
0	1

[block]
# block no. 6 follows, 48 sequences, length 12
# corresponding to MSA columns:
# 649-660
name=unknown_G
#
# <colnr> <probs for GDERKNQSTAVLIFYWHMCP>
#	G	D	E	R	K	N	Q	S	T	A	V	L	I	F	Y	W	H	M	C	P
0	0.01075	0.00986	0.01592	0.07593	0.35015	0.01055	0.04738	0.01398	0.05378	0.01566	0.04035	0.08099	0.01438	0.00987	0.06696	0.00228	0.08346	0.08798	0.00318	0.00660
1	0.52169	0.01649	0.31803	0.00986	0.01478	0.01167	0.01085	0.01554	0.00956	0.02034	0.00796	0.00932	0.00593	0.00481	0.00385	0.00160	0.00540	0.00318	0.00278	0.00636
2	0.01306	0.08318	0.01163	0.00951	0.01186	0.38406	0.00735	0.01448	0.01305	0.01338	0.05250	0.02671	0.29735	0.00855	0.00518	0.00150	0.00608	0.03168	0.00357	0.00532
3	0.00782	0.00574	0.00725	0.00701	0.00722	0.00641	0.00470	0.00835	0.00768	0.01064	0.01464	0.02821	0.01609	0.55767	0.20167	0.00544	0.09009	0.00671	0.00294	0.00370
4	0.01613	0.50289	0.06769	0.00963	0.01409	0.01674	0.00929	0.12721	0.01326	0.16369	0.01051	0.01074	0.00806	0.00505	0.00401	0.00129	0.00542	0.00354	0.00341	0.00736
5	0.01129	0.01069	0.04695	0.33351	0.02191	0.04666	0.01061	0.04577	0.22640	0.04028	0.06627	0.01984	0.08465	0.00679	0.00527	0.00168	0.00541	0.00572	0.00379	0.00650
6	0.01832	0.01382	0.01549	0.01176	0.01595	0.01488	0.03862	0.66467	0.02229	0.03014	0.01192	0.01221	0.00858	0.00585	0.00503	0.00147	0.00557	0.00451	0.00482	0.09408
7	0.01091	0.01070	0.01487	0.01281	0.01281	0.01482	0.01054	0.01194	0.00782	0.01215	0.00753	0.01310	0.00774	0.07699	0.01762	0.00247	0.74272	0.00474	0.00232	0.00540
8	0.00675	0.00488	0.00635	0.00715	0.00780	0.00458	0.00513	0.00807	0.01082	0.01442	0.14143	0.48710	0.09167	0.05963	0.00761	0.00219	0.00324	0.12208	0.00480	0.00430
9	0.01319	0.15316	0.16497	0.06868	0.36226	0.01308	0.04636	0.01651	0.01152	0.08816	0.01013	0.01214	0.00790	0.00479	0.00479	0.00150	0.00626	0.00423	0.00275	0.00762
10	0.01570	0.01515	0.05476	0.01516	0.03403	0.13248	0.24903	0.19358	0.04244	0.08861	0.01139	0.01282	0.00843	0.00539	0.00581	0.00157	0.04500	0.00482	0.00361	0.06023
11	0.00625	0.00447	0.00595	0.00714	0.00744	0.00417	0.00476	0.00714	0.00982	0.01310	0.02828	0.81633	0.03394	0.01608	0.00655	0.00208	0.00298	0.01459	0.00476	0.00417

[dist]
# distance from previous block
# <min> <max>
0	21

[block]
# block no. 7 follows, 48 sequences, length 28
# corresponding to MSA columns:
# 682-695,702-715
name=unknown_H
#
# <colnr> <probs for GDERKNQSTAVLIFYWHMCP>
#	G	D	E	R	K	N	Q	S	T	A	V	L	I	F	Y	W	H	M	C	P
0	0.00975	0.02208	0.62294	0.01377	0.04747	0.01059	0.01615	0.01462	0.01050	0.01545	0.01171	0.09432	0.01030	0.07022	0.00673	0.00193	0.00686	0.00520	0.00252	0.00690
1	0.01225	0.01166	0.01532	0.05499	0.08051	0.06225	0.11939	0.04550	0.31559	0.01794	0.01717	0.04719	0.04003	0.00734	0.00653	0.00178	0.07837	0.05523	0.00396	0.00699
2	0.00891	0.00446	0.00668	0.00668	0.00668	0.00446	0.00446	0.00668	0.00668	0.00891	0.00891	0.01560	0.00891	0.01783	0.02005	0.85071	0.00446	0.00446	0.00223	0.00223
3	0.00623	0.00454	0.00587	0.00694	0.00739	0.00418	0.00467	0.00717	0.01002	0.01318	0.03077	0.73584	0.11281	0.01575	0.00650	0.00205	0.00294	0.01419	0.00476	0.00418
4	0.01685	0.22025	0.12263	0.01190	0.01593	0.34061	0.01072	0.13557	0.01452	0.05284	0.00917	0.01008	0.00721	0.00520	0.00443	0.00135	0.00730	0.00352	0.00303	0.00689
5	0.01325	0.41364	0.13230	0.01018	0.01453	0.01617	0.00999	0.01972	0.26040	0.04430	0.01239	0.01250	0.00975	0.00537	0.00422	0.00140	0.00529	0.00398	0.00333	0.00731
6	0.00792	0.00608	0.00735	0.00689	0.00841	0.00594	0.00521	0.01197	0.12553	0.01991	0.58710	0.03684	0.13063	0.01027	0.00593	0.00165	0.00268	0.00896	0.00548	0.00526
7	0.00669	0.00518	0.00609	0.00596	0.00734	0.00458	0.00443	0.00854	0.01303	0.01725	0.42554	0.09103	0.36206	0.01190	0.00609	0.00169	0.00253	0.01027	0.00522	0.00458
8	0.00715	0.00539	0.00671	0.00734	0.00854	0.00503	0.00587	0.00885	0.01147	0.01461	0.07985	0.15066	0.29082	0.05088	0.00748	0.00219	0.00364	0.32432	0.00472	0.00445
9	0.01339	0.05113	0.08573	0.01375	0.05160	0.06710	0.15734	0.14166	0.18680	0.01984	0.04385	0.01568	0.02633	0.00599	0.00551	0.00159	0.03248	0.00519	0.05112	0.02393
10	0.00891	0.00446	0.00668	0.00668	0.00668	0.00446	0.00446	0.00668	0.00668	0.00891	0.00891	0.01560	0.00891	0.01783	0.02005	0.85071	0.00446	0.00446	0.00223	0.00223
11	0.00624	0.00451	0.00591	0.00702	0.00741	0.00418	0.00471	0.00716	0.00994	0.01315	0.02974	0.76903	0.08029	0.01589	0.00652	0.00206	0.00295	0.01436	0.00476	0.00418
12	0.01116	0.01014	0.03027	0.17821	0.05409	0.01118	0.00976	0.02050	0.43490	0.01825	0.02030	0.02342	0.06545	0.00754	0.00543	0.00178	0.00479	0.08150	0.00433	0.00701
13	0.01362	0.07743	0.01751	0.26584	0.10801	0.16580	0.08832	0.10225	0.03102	0.01642	0.01002	0.01260	0.00782	0.00517	0.00488	0.00152	0.00683	0.00437	0.05400	0.00656
14	0.00625	0.00519	0.00538	0.00534	0.00694	0.00441	0.00395	0.00760	0.01178	0.01434	0.12209	0.04757	0.67810	0.04989	0.00699	0.00187	0.00269	0.01052	0.00478	0.00433
15	0.00742	0.00516	0.00652	0.00652	0.00684	0.00548	0.00427	0.00806	0.00774	0.01064	0.01532	0.02888	0.01661	0.54626	0.29675	0.00612	0.00804	0.00677	0.00298	0.00362
16	0.01586	0.01649	0.01437	0.01303	0.04490	0.29833	0.00988	0.13893	0.21424	0.01813	0.01186	0.01281	0.00939	0.00650	0.00708	0.00164	0.15151	0.00443	0.00363	0.00698
17	0.04585	0.03580	0.19892	0.05560	0.09732	0.11717	0.07841	0.05873	0.04710	0.04391	0.07110	0.01394	0.01090	0.00575	0.00579	0.00158	0.06218	0.00461	0.00312	0.04222
18	0.31661	0.07277	0.01005	0.00869	0.05310	0.04512	0.00629	0.01295	0.04141	0.01671	0.06258	0.01357	0.01044	0.00900	0.00855	0.24677	0.00444	0.00402	0.02276	0.03417
19	0.01453	0.01117	0.01493	0.01561	0.21516	0.01140	0.04565	0.28805	0.01632	0.05779	0.05700	0.01625	0.04165	0.00597	0.00497	0.00146	0.00504	0.00510	0.09790	0.07405
20	0.01223	0.01003	0.04179	0.01003	0.01260	0.00991	0.04267	0.29618	0.05991	0.02135	0.02053	0.31999	0.04621	0.01029	0.00576	0.00178	0.00454	0.03461	0.01643	0.02316
21	0.01353	0.11396	0.06794	0.03625	0.35106	0.04634	0.07650	0.04240	0.06076	0.05977	0.01045	0.01254	0.00836	0.00526	0.00589	0.00157	0.07250	0.00447	0.00293	0.00751
22	0.01118	0.34605	0.07799	0.00925	0.03869	0.01303	0.00819	0.06556	0.04398	0.01537	0.08507	0.06699	0.14628	0.04488	0.00564	0.00160	0.00470	0.00600	0.00347	0.00609
23	0.04329	0.18331	0.05409	0.01398	0.10496	0.03412	0.08448	0.23508	0.04472	0.03411	0.01045	0.01175	0.00814	0.00533	0.00518	0.00145	0.04347	0.00419	0.02311	0.05478
24	0.01061	0.05370	0.01064	0.00817	0.01102	0.00821	0.02315	0.04144	0.09892	0.06915	0.11574	0.04512	0.19207	0.00831	0.00563	0.00148	0.03519	0.04040	0.00432	0.21672
25	0.05308	0.09439	0.20533	0.01283	0.06793	0.06728	0.02200	0.15359	0.08843	0.06264	0.01178	0.03988	0.00928	0.00576	0.00503	0.00151	0.02541	0.00446	0.00350	0.06589
26	0.02527	0.14869	0.15292	0.01421	0.07724	0.10996	0.09383	0.04456	0.01152	0.01513	0.01150	0.01515	0.04349	0.00633	0.00679	0.00162	0.13695	0.04631	0.00274	0.03580
27	0.02671	0.06741	0.13428	0.03803	0.07133	0.01062	0.02142	0.04151	0.15185	0.04980	0.09576	0.04183	0.08448	0.00788	0.00597	0.00170	0.05003	0.07212	0.00395	0.02332

[dist]
# distance from previous block
# <min> <max>
3	8

[block]
# block no. 8 follows, 48 sequences, length 111
# corresponding to MSA columns:
# 955-1065
name=unknown_I
#
# <colnr> <probs for GDERKNQSTAVLIFYWHMCP>
#	G	D	E	R	K	N	Q	S	T	A	V	L	I	F	Y	W	H	M	C	P
0	0.02677	0.19981	0.22784	0.13705	0.08145	0.07437	0.05024	0.04045	0.01177	0.07892	0.00969	0.01141	0.00735	0.00493	0.00460	0.00147	0.00662	0.00392	0.00274	0.01858
1	0.01624	0.01195	0.01333	0.01164	0.06349	0.08246	0.03564	0.30216	0.01721	0.15505	0.05622	0.01979	0.12351	0.00716	0.00547	0.00156	0.02151	0.00575	0.03099	0.01887
