[name]
unknown

[dist]
# distance from previous block
# <min> <max>
0	161

[block]
# block no. 0 follows, 41 sequences, length 6
# corresponding to MSA columns:
# 186-191
name=unknown_A
#
# <colnr> <probs for GDERKNQSTAVLIFYWHMCP>
#	G	D	E	R	K	N	Q	S	T	A	V	L	I	F	Y	W	H	M	C	P
0	0.00820	0.00587	0.00799	0.00896	0.00993	0.00566	0.00707	0.01026	0.01298	0.01738	0.17557	0.32001	0.03884	0.01574	0.00746	0.00236	0.00406	0.33112	0.00549	0.00507
1	0.01357	0.01523	0.03259	0.02532	0.11097	0.01437	0.66239	0.01824	0.01345	0.01836	0.01148	0.01529	0.00872	0.00485	0.00663	0.00190	0.00933	0.00657	0.00289	0.00786
2	0.00810	0.00585	0.00765	0.00720	0.00855	0.00540	0.00540	0.01079	0.01619	0.02294	0.76028	0.04273	0.05397	0.01169	0.00675	0.00180	0.00270	0.01034	0.00630	0.00540
3	0.00716	0.00581	0.00634	0.00621	0.00797	0.00500	0.00466	0.00898	0.01397	0.01767	0.26621	0.05139	0.55133	0.01366	0.00676	0.00189	0.00284	0.01156	0.00560	0.00500
4	0.01080	0.01017	0.01716	0.78523	0.03940	0.01271	0.01589	0.01461	0.01144	0.01461	0.01017	0.01525	0.00762	0.00572	0.00572	0.00191	0.00762	0.00508	0.00254	0.00635
5	0.02075	0.01151	0.01473	0.01177	0.01589	0.01159	0.05219	0.09542	0.26343	0.40589	0.02133	0.01932	0.01452	0.00715	0.00583	0.00183	0.00517	0.00599	0.00628	0.00939

[dist]
# distance from previous block
# <min> <max>
4	15

[block]
# block no. 1 follows, 41 sequences, length 13
# corresponding to MSA columns:
# 207-219
name=unknown_B
#
# <colnr> <probs for GDERKNQSTAVLIFYWHMCP>
#	G	D	E	R	K	N	Q	S	T	A	V	L	I	F	Y	W	H	M	C	P
0	0.06504	0.01219	0.01663	0.47804	0.03038	0.01441	0.01361	0.26020	0.01653	0.02250	0.01123	0.01438	0.00824	0.00608	0.00559	0.00183	0.00698	0.00498	0.00367	0.00748
1	0.01139	0.00633	0.00865	0.00816	0.00872	0.00654	0.00570	0.09828	0.00985	0.01315	0.01040	0.01694	0.00991	0.01827	0.02030	0.73103	0.00513	0.00499	0.00288	0.00338
2	0.02093	0.01445	0.01664	0.10793	0.01998	0.01585	0.01115	0.55696	0.02356	0.13276	0.01449	0.01470	0.01007	0.00675	0.00573	0.00175	0.00626	0.00522	0.00551	0.00931
3	0.01692	0.01328	0.01516	0.13691	0.01965	0.01492	0.01066	0.40336	0.17646	0.02801	0.01950	0.01963	0.08461	0.00762	0.00584	0.00182	0.00580	0.00610	0.00519	0.00856
4	0.02144	0.01480	0.01626	0.01249	0.01703	0.01592	0.01028	0.59264	0.04871	0.12484	0.01494	0.01459	0.01046	0.00678	0.00565	0.00168	0.00595	0.00517	0.00577	0.05459
5	0.01896	0.01355	0.01433	0.01205	0.01570	0.07179	0.00985	0.31314	0.15493	0.15624	0.01936	0.02421	0.01555	0.00846	0.00606	0.00190	0.00586	0.12373	0.00569	0.00863
6	0.01580	0.01102	0.01233	0.01043	0.01354	0.01162	0.00824	0.30195	0.12512	0.10324	0.08005	0.14983	0.11178	0.01011	0.00620	0.00189	0.00472	0.00845	0.00580	0.00788
7	0.01642	0.01443	0.01595	0.01341	0.01637	0.07399	0.03678	0.24076	0.26310	0.02423	0.01605	0.01840	0.01282	0.00810	0.00849	0.00198	0.16362	0.04206	0.00477	0.00827
8	0.01848	0.01284	0.01461	0.01223	0.03999	0.01354	0.00953	0.30645	0.21506	0.14846	0.05517	0.01798	0.01460	0.00707	0.00566	0.00170	0.00523	0.00569	0.00567	0.09005
9	0.01539	0.01366	0.08704	0.01232	0.01628	0.01309	0.04727	0.11044	0.40993	0.10141	0.09243	0.02115	0.01835	0.00760	0.00590	0.00187	0.00523	0.00642	0.00551	0.00872
10	0.01459	0.01229	0.06251	0.01134	0.01473	0.01221	0.00946	0.08931	0.39480	0.09532	0.04866	0.09743	0.01908	0.00881	0.00628	0.00192	0.02366	0.03286	0.00549	0.03923
11	0.01539	0.01366	0.09850	0.08523	0.01881	0.01284	0.05159	0.20237	0.16620	0.09627	0.03664	0.04698	0.01400	0.01167	0.10085	0.00275	0.00725	0.00613	0.00473	0.00815
12	0.01590	0.01255	0.01562	0.03797	0.01701	0.01361	0.07428	0.26548	0.21689	0.05712	0.01835	0.12187	0.01549	0.00837	0.00647	0.00187	0.03559	0.00707	0.00515	0.05333

[dist]
# distance from previous block
# <min> <max>
54	643

[block]
# block no. 2 follows, 41 sequences, length 21
# corresponding to MSA columns:
# 1048-1068
name=unknown_C
#
# <colnr> <probs for GDERKNQSTAVLIFYWHMCP>
#	G	D	E	R	K	N	Q	S	T	A	V	L	I	F	Y	W	H	M	C	P
0	0.03151	0.01148	0.03212	0.01048	0.01396	0.01112	0.00847	0.29642	0.03539	0.02451	0.01831	0.22755	0.01791	0.00951	0.00582	0.00172	0.00494	0.03201	0.00492	0.20185
1	0.00714	0.00508	0.00656	0.00766	0.00800	0.00477	0.00503	0.00802	0.01067	0.01416	0.03062	0.66884	0.06019	0.12211	0.01020	0.00274	0.00360	0.01506	0.00506	0.00449
2	0.01546	0.01261	0.02486	0.01842	0.02300	0.01182	0.45090	0.01906	0.01370	0.19378	0.01671	0.12043	0.01383	0.00725	0.00693	0.00196	0.02963	0.00774	0.00419	0.00774
3	0.01080	0.01017	0.01716	0.78523	0.03940	0.01271	0.01589	0.01461	0.01144	0.01461	0.01017	0.01525	0.00762	0.00572	0.00572	0.00191	0.00762	0.00508	0.00254	0.00635
4	0.32337	0.01387	0.01374	0.01093	0.01512	0.01545	0.00902	0.43932	0.02003	0.06973	0.01206	0.01239	0.00865	0.00630	0.00492	0.00174	0.00553	0.00442	0.00499	0.00843
5	0.01200	0.01135	0.01880	0.36983	0.30150	0.01308	0.01547	0.01527	0.01158	0.01592	0.01052	0.01514	0.00867	0.00885	0.06775	0.00246	0.08671	0.00516	0.00269	0.00724
6	0.02174	0.01602	0.01717	0.01316	0.01774	0.01774	0.01087	0.74423	0.02689	0.03605	0.01373	0.01373	0.00973	0.00687	0.00572	0.00172	0.00629	0.00515	0.00572	0.00973
7	0.00936	0.00632	0.00689	0.00646	0.00869	0.00534	0.00495	0.01098	0.01365	0.11626	0.09148	0.04962	0.62273	0.01334	0.00662	0.00190	0.00315	0.01113	0.00560	0.00551
8	0.02174	0.01602	0.01717	0.01316	0.01774	0.01774	0.01087	0.74423	0.02689	0.03605	0.01373	0.01373	0.00973	0.00687	0.00572	0.00172	0.00629	0.00515	0.00572	0.00973
9	0.01147	0.00989	0.01030	0.00949	0.01224	0.01076	0.00732	0.02222	0.48019	0.02080	0.03606	0.03377	0.29156	0.01024	0.00617	0.00194	0.00393	0.00853	0.00563	0.00750
10	0.01388	0.51752	0.30254	0.01219	0.01840	0.01919	0.01397	0.01749	0.01179	0.01517	0.00880	0.01024	0.00731	0.00509	0.00432	0.00144	0.00698	0.00349	0.00244	0.00775
11	0.01478	0.69922	0.12871	0.01066	0.01603	0.02138	0.01130	0.01726	0.01168	0.01408	0.00826	0.00956	0.00733	0.00497	0.00391	0.00130	0.00643	0.00321	0.00244	0.00749
12	0.00697	0.00498	0.00664	0.00796	0.00830	0.00465	0.00531	0.00796	0.01095	0.01460	0.03153	0.79525	0.03783	0.01792	0.00730	0.00232	0.00332	0.01626	0.00531	0.00465
13	0.02227	0.01518	0.01665	0.01276	0.01732	0.01649	0.01054	0.64857	0.02549	0.13370	0.01491	0.01450	0.01032	0.00689	0.00573	0.00172	0.00610	0.00523	0.00590	0.00973
14	0.01898	0.02146	0.01583	0.01396	0.01721	0.46114	0.03294	0.08186	0.24103	0.01889	0.01370	0.01409	0.01066	0.00651	0.00545	0.00165	0.00822	0.00474	0.00404	0.00765
15	0.01233	0.32689	0.37991	0.01237	0.01856	0.01579	0.01448	0.01641	0.01203	0.01595	0.01573	0.01669	0.10794	0.00643	0.00493	0.00160	0.00680	0.00482	0.00281	0.00754
16	0.01161	0.00921	0.01076	0.19115	0.01624	0.10980	0.00824	0.01145	0.00977	0.01205	0.01057	0.01711	0.00978	0.05417	0.01583	0.45450	0.00625	0.00501	0.03242	0.00410
17	0.01382	0.38183	0.26803	0.01281	0.01835	0.07701	0.04858	0.01714	0.01204	0.01518	0.01023	0.05113	0.00903	0.00635	0.00537	0.03148	0.00719	0.00441	0.00265	0.00735
18	0.01305	0.01601	0.19453	0.20506	0.02484	0.01298	0.11277	0.15354	0.04923	0.02112	0.07407	0.01943	0.06417	0.00692	0.00595	0.00185	0.00699	0.00608	0.00380	0.00761
19	0.01647	0.18764	0.15189	0.04843	0.02039	0.20939	0.09429	0.11590	0.03326	0.01828	0.01021	0.01200	0.00807	0.00585	0.00583	0.00164	0.04529	0.00438	0.00314	0.00766
20	0.15701	0.14597	0.12118	0.01412	0.03785	0.29593	0.07533	0.03577	0.01374	0.04062	0.00956	0.01111	0.00757	0.00552	0.00487	0.00159	0.00799	0.00396	0.00308	0.00724

[dist]
# distance from previous block
# <min> <max>
1	9

[block]
# block no. 3 follows, 41 sequences, length 24
# corresponding to MSA columns:
# 1078-1101
name=unknown_D
#
# <colnr> <probs for GDERKNQSTAVLIFYWHMCP>
#	G	D	E	R	K	N	Q	S	T	A	V	L	I	F	Y	W	H	M	C	P
0	0.01384	0.31737	0.26290	0.01371	0.06571	0.08693	0.01353	0.03628	0.01311	0.01678	0.07218	0.01501	0.03799	0.00612	0.00492	0.00155	0.00691	0.00459	0.00301	0.00756
1	0.01325	0.01306	0.13642	0.01398	0.01814	0.00995	0.20527	0.01756	0.05238	0.14668	0.19543	0.11081	0.02399	0.00859	0.00639	0.00190	0.00600	0.00810	0.00477	0.00734
2	0.01178	0.02258	0.48617	0.01516	0.06621	0.01179	0.01656	0.01690	0.01198	0.01818	0.01019	0.01215	0.00772	0.00519	0.00546	0.00155	0.02787	0.00406	0.00272	0.24579
3	0.01240	0.00986	0.01133	0.00871	0.01274	0.00855	0.00691	0.09976	0.04731	0.02183	0.13641	0.01836	0.01705	0.00613	0.00488	0.00119	0.00411	0.00504	0.06793	0.49950
4	0.34613	0.01271	0.01134	0.00994	0.01335	0.10123	0.00791	0.02240	0.18969	0.15930	0.01486	0.01497	0.01099	0.00858	0.05169	0.00223	0.00588	0.00464	0.00464	0.00751
5	0.01248	0.13270	0.49127	0.01727	0.02460	0.01485	0.19236	0.01803	0.01235	0.01752	0.01026	0.01248	0.00760	0.00521	0.00551	0.00176	0.00842	0.00467	0.00253	0.00812
6	0.00994	0.00497	0.00745	0.00745	0.00745	0.00497	0.00497	0.00745	0.00745	0.00994	0.00994	0.01739	0.00994	0.01987	0.02235	0.83358	0.00497	0.00497	0.00248	0.00248
7	0.01195	0.01147	0.01986	0.51943	0.25632	0.01307	0.05506	0.01569	0.01202	0.01603	0.01042	0.01493	0.00811	0.00548	0.00576	0.00185	0.00748	0.00518	0.00265	0.00724
8	0.01080	0.01017	0.01716	0.78523	0.03940	0.01271	0.01589	0.01461	0.01144	0.01461	0.01017	0.01525	0.00762	0.00572	0.00572	0.00191	0.00762	0.00508	0.00254	0.00635
9	0.00810	0.00585	0.00765	0.00720	0.00855	0.00540	0.00540	0.01079	0.01619	0.02294	0.76028	0.04273	0.05397	0.01169	0.00675	0.00180	0.00270	0.01034	0.00630	0.00540
10	0.02174	0.01602	0.01717	0.01316	0.01774	0.01774	0.01087	0.74423	0.02689	0.03605	0.01373	0.01373	0.00973	0.00687	0.00572	0.00172	0.00629	0.00515	0.00572	0.00973
11	0.01412	0.01369	0.02378	0.03452	0.72427	0.01364	0.05614	0.01760	0.01305	0.01867	0.01080	0.01422	0.00904	0.00508	0.00572	0.00171	0.00695	0.00518	0.00283	0.00899
12	0.00691	0.00522	0.00638	0.00731	0.00812	0.00470	0.00502	0.00804	0.01158	0.01486	0.03946	0.57293	0.25503	0.01689	0.00714	0.00221	0.00319	0.01500	0.00531	0.00470
13	0.01080	0.01017	0.01716	0.78523	0.03940	0.01271	0.01589	0.01461	0.01144	0.01461	0.01017	0.01525	0.00762	0.00572	0.00572	0.00191	0.00762	0.00508	0.00254	0.00635
14	0.01080	0.01017	0.01716	0.78523	0.03940	0.01271	0.01589	0.01461	0.01144	0.01461	0.01017	0.01525	0.00762	0.00572	0.00572	0.00191	0.00762	0.00508	0.00254	0.00635
15	0.02174	0.01602	0.01717	0.01316	0.01774	0.01774	0.01087	0.74423	0.02689	0.03605	0.01373	0.01373	0.00973	0.00687	0.00572	0.00172	0.00629	0.00515	0.00572	0.00973
16	0.00791	0.00537	0.00636	0.00676	0.00686	0.00528	0.00402	0.00821	0.00911	0.01215	0.02208	0.26504	0.02591	0.56439	0.02256	0.00458	0.00488	0.01070	0.00402	0.00382
17	0.01350	0.01543	0.03375	0.02411	0.02989	0.01446	0.74253	0.01832	0.01350	0.01832	0.01157	0.01543	0.00868	0.00482	0.00675	0.00193	0.00964	0.00675	0.00289	0.00771
18	0.01770	0.01334	0.01384	0.01115	0.01428	0.04535	0.00865	0.49344	0.02087	0.02764	0.01482	0.02071	0.01295	0.24474	0.01272	0.00286	0.00624	0.00604	0.00493	0.00772
19	0.01510	0.01383	0.02197	0.01604	0.02119	0.01321	0.30156	0.19837	0.05460	0.02312	0.01229	0.01424	0.00933	0.00531	0.00569	0.00155	0.00692	0.00533	0.00390	0.25644
20	0.04903	0.29419	0.05478	0.19811	0.06701	0.06614	0.01223	0.10299	0.07153	0.01826	0.01069	0.01262	0.00853	0.00566	0.00486	0.00159	0.00672	0.00427	0.00321	0.00758
21	0.01373	0.01236	0.01751	0.02013	0.26170	0.01434	0.01273	0.09226	0.13724	0.01932	0.01289	0.01596	0.01081	0.01197	0.10955	0.00293	0.21770	0.00544	0.00357	0.00786
22	0.04271	0.01077	0.01317	0.01250	0.05238	0.01256	0.00941	0.06494	0.30631	0.06160	0.01728	0.01913	0.01383	0.01719	0.21461	0.00392	0.10973	0.00588	0.00448	0.00761
23	0.01621	0.01805	0.06482	0.02198	0.28909	0.21222	0.05143	0.05672	0.17424	0.01938	0.01312	0.01463	0.01034	0.00597	0.00561	0.00171	0.00744	0.00506	0.00362	0.00835

[dist]
# distance from previous block
# <min> <max>
3	18

[block]
# block no. 4 follows, 41 sequences, length 11
# corresponding to MSA columns:
# 1120-1130
name=unknown_E
#
# <colnr> <probs for GDERKNQSTAVLIFYWHMCP>
#	G	D	E	R	K	N	Q	S	T	A	V	L	I	F	Y	W	H	M	C	P
0	0.03125	0.01130	0.01329	0.28186	0.02212	0.08727	0.01038	0.06276	0.03824	0.05674	0.04027	0.07799	0.10303	0.00785	0.00567	0.00171	0.00594	0.00655	0.00393	0.13185
1	0.01248	0.01056	0.01408	0.30120	0.02348	0.01104	0.01076	0.04700	0.14713	0.03986	0.01394	0.04809	0.01123	0.00620	0.00531	0.00157	0.00563	0.00526	0.00379	0.28138
2	0.01088	0.01016	0.01706	0.65946	0.10882	0.01226	0.01535	0.01446	0.01156	0.01502	0.01165	0.06701	0.00978	0.00647	0.00582	0.00191	0.00726	0.00583	0.00275	0.00651
3	0.01247	0.01041	0.01206	0.00885	0.01365	0.00835	0.00706	0.07769	0.01312	0.01995	0.01157	0.05203	0.01008	0.00516	0.00452	0.00100	0.00437	0.00420	0.00369	0.71975
4	0.00811	0.00557	0.00720	0.00773	0.00857	0.00534	0.00540	0.00936	0.01121	0.04625	0.07048	0.42870	0.12915	0.10127	0.12438	0.00358	0.00532	0.01260	0.00491	0.00487
5	0.01502	0.74832	0.08173	0.01024	0.01539	0.02198	0.01058	0.01720	0.01165	0.01378	0.00811	0.00938	0.00733	0.00493	0.00379	0.00126	0.00628	0.00314	0.00244	0.00742
6	0.00697	0.00498	0.00664	0.00796	0.00830	0.00465	0.00531	0.00796	0.01095	0.01460	0.03153	0.79525	0.03783	0.01792	0.00730	0.00232	0.00332	0.01626	0.00531	0.00465
7	0.01186	0.01017	0.01186	0.00847	0.01356	0.00762	0.00678	0.01440	0.01186	0.01864	0.01017	0.01186	0.00847	0.00424	0.00424	0.00085	0.00424	0.00339	0.00339	0.83395
8	0.11803	0.01814	0.25469	0.01233	0.01747	0.06561	0.01247	0.13664	0.04042	0.15791	0.09683	0.01695	0.01433	0.00676	0.00544	0.00176	0.00632	0.00523	0.00451	0.00816
9	0.02097	0.02140	0.01604	0.01358	0.01713	0.41731	0.01061	0.32533	0.02048	0.02364	0.01141	0.01233	0.00874	0.00634	0.00533	0.00157	0.00823	0.00439	0.04732	0.00786
10	0.02137	0.01512	0.01642	0.01276	0.01719	0.01659	0.01048	0.61394	0.09498	0.09864	0.01541	0.01496	0.01085	0.00697	0.00573	0.00174	0.00600	0.00533	0.00585	0.00966

[dist]
# distance from previous block
# <min> <max>
0	1

[block]
# block no. 5 follows, 41 sequences, length 10
# corresponding to MSA columns:
# 1132-1141
name=unknown_F
#
# <colnr> <probs for GDERKNQSTAVLIFYWHMCP>
#	G	D	E	R	K	N	Q	S	T	A	V	L	I	F	Y	W	H	M	C	P
0	0.00810	0.00585	0.00765	0.00720	0.00855	0.00540	0.00540	0.01079	0.01619	0.02294	0.76028	0.04273	0.05397	0.01169	0.00675	0.00180	0.00270	0.01034	0.00630	0.00540
1	0.02168	0.01789	0.01701	0.01342	0.01773	0.14348	0.01090	0.62461	0.02512	0.03239	0.01292	0.01317	0.00934	0.00671	0.00563	0.00168	0.00696	0.00491	0.00526	0.00921
2	0.00810	0.00585	0.00765	0.00720	0.00855	0.00540	0.00540	0.01079	0.01619	0.02294	0.76028	0.04273	0.05397	0.01169	0.00675	0.00180	0.00270	0.01034	0.00630	0.00540
3	0.02116	0.01198	0.01419	0.01116	0.01493	0.01234	0.00903	0.37017	0.01997	0.28883	0.01621	0.01636	0.01132	0.00910	0.00849	0.13967	0.00557	0.00533	0.00566	0.00853
4	0.01201	0.01140	0.01934	0.51538	0.29981	0.01303	0.01649	0.01567	0.01201	0.01608	0.01038	0.01486	0.00814	0.00549	0.00570	0.00183	0.00733	0.00509	0.00265	0.00733
5	0.00707	0.00556	0.00643	0.00705	0.00832	0.00492	0.00516	0.00846	0.01227	0.01529	0.04545	0.33391	0.42170	0.01590	0.00707	0.00214	0.00328	0.07992	0.00531	0.00480
6	0.01120	0.00952	0.01528	0.51406	0.12508	0.01117	0.01344	0.01470	0.01177	0.01664	0.01215	0.01647	0.00939	0.00585	0.00533	0.00175	0.00641	0.00514	0.18818	0.00647
7	0.02092	0.01195	0.02126	0.01561	0.02056	0.01077	0.29466	0.02415	0.01525	0.47523	0.01828	0.01789	0.01202	0.00620	0.00614	0.00183	0.00673	0.00614	0.00545	0.00895
8	0.01260	0.25705	0.55174	0.01439	0.02179	0.01604	0.01779	0.01782	0.01194	0.01674	0.00958	0.01122	0.00727	0.00528	0.00492	0.00164	0.00777	0.00388	0.00242	0.00813
9	0.00693	0.00511	0.00650	0.00760	0.00820	0.00468	0.00515	0.00800	0.01130	0.01474	0.03591	0.67251	0.15774	0.01735	0.00721	0.00226	0.00325	0.01557	0.00531	0.00468

[dist]
# distance from previous block
# <min> <max>
0	3

[block]
# block no. 6 follows, 41 sequences, length 8
# corresponding to MSA columns:
# 1145-1152
name=unknown_G
#
# <colnr> <probs for GDERKNQSTAVLIFYWHMCP>
#	G	D	E	R	K	N	Q	S	T	A	V	L	I	F	Y	W	H	M	C	P
0	0.01147	0.02959	0.76934	0.01630	0.02476	0.01328	0.02113	0.01811	0.01208	0.01811	0.01026	0.01208	0.00725	0.00543	0.00543	0.00181	0.00845	0.00423	0.00242	0.00845
1	0.02145	0.02466	0.01643	0.01437	0.01770	0.60035	0.01101	0.18996	0.01868	0.01911	0.00997	0.01111	0.00791	0.00612	0.00529	0.00153	0.00938	0.00402	0.00359	0.00735
2	0.77340	0.01099	0.00910	0.06945	0.01332	0.01282	0.00697	0.01664	0.00987	0.02478	0.00814	0.00977	0.00631	0.00534	0.00371	0.00178	0.00468	0.00326	0.00346	0.00621
3	0.01080	0.01017	0.01716	0.78523	0.03940	0.01271	0.01589	0.01461	0.01144	0.01461	0.01017	0.01525	0.00762	0.00572	0.00572	0.00191	0.00762	0.00508	0.00254	0.00635
4	0.01101	0.01058	0.01845	0.72597	0.03866	0.01284	0.07247	0.01490	0.01160	0.01490	0.01028	0.01526	0.00771	0.00565	0.00580	0.00191	0.00778	0.00521	0.00257	0.00646
5	0.00697	0.00498	0.00664	0.00796	0.00830	0.00465	0.00531	0.00796	0.01095	0.01460	0.03153	0.79525	0.03783	0.01792	0.00730	0.00232	0.00332	0.01626	0.00531	0.00465
6	0.01826	0.01970	0.01624	0.01412	0.01665	0.35865	0.01111	0.14082	0.11676	0.01894	0.01129	0.01293	0.00917	0.00733	0.00872	0.00183	0.20176	0.00463	0.00369	0.00738
7	0.01491	0.01371	0.01325	0.01193	0.01514	0.08666	0.00924	0.02968	0.68291	0.02298	0.02191	0.02029	0.01650	0.00758	0.00576	0.00190	0.00508	0.00620	0.00555	0.00882

[dist]
# distance from previous block
# <min> <max>
1	9

[block]
# block no. 7 follows, 41 sequences, length 18
# corresponding to MSA columns:
# 1166-1183
name=unknown_H
#
# <colnr> <probs for GDERKNQSTAVLIFYWHMCP>
#	G	D	E	R	K	N	Q	S	T	A	V	L	I	F	Y	W	H	M	C	P
0	0.01097	0.00957	0.01023	0.01114	0.01269	0.11771	0.00948	0.01344	0.01361	0.01667	0.02719	0.05669	0.02923	0.01437	0.00750	0.00247	0.00600	0.62065	0.00493	0.00546
1	0.01252	0.01283	0.01736	0.63193	0.07681	0.12300	0.01528	0.01597	0.01222	0.01475	0.01001	0.01448	0.00767	0.00571	0.00563	0.00183	0.00797	0.00488	0.00262	0.00655
2	0.02034	0.02510	0.01574	0.01429	0.01728	0.66599	0.01076	0.02393	0.12262	0.01543	0.01093	0.01191	0.00883	0.00616	0.00525	0.00154	0.00948	0.00409	0.00336	0.00698
3	0.02137	0.02726	0.01621	0.01474	0.01768	0.77602	0.01105	0.02284	0.01621	0.01400	0.00884	0.01031	0.00737	0.00589	0.00516	0.00147	0.01031	0.00368	0.00295	0.00663
4	0.01366	0.01456	0.01832	0.10534	0.01919	0.12631	0.05904	0.01546	0.01045	0.01419	0.00827	0.01270	0.00758	0.00859	0.01452	0.00225	0.53564	0.00493	0.00260	0.00641
5	0.00794	0.00614	0.00728	0.00702	0.00861	0.00566	0.00525	0.01089	0.05568	0.02013	0.45304	0.08156	0.28435	0.01269	0.00673	0.00188	0.00289	0.01098	0.00590	0.00538
6	0.01617	0.69047	0.02799	0.01050	0.01511	0.13144	0.00997	0.01795	0.01228	0.01354	0.00808	0.00934	0.00734	0.00504	0.00388	0.00126	0.00672	0.00315	0.00252	0.00724
7	0.00741	0.00516	0.00651	0.00740	0.00762	0.00494	0.00470	0.00808	0.01008	0.01344	0.02707	0.54531	0.03221	0.27552	0.01449	0.00339	0.00405	0.01364	0.00470	0.00426
8	0.01742	0.00850	0.01102	0.00918	0.01225	0.00790	0.00730	0.02145	0.10216	0.38787	0.31279	0.02883	0.03020	0.00897	0.00615	0.00180	0.00397	0.00764	0.00662	0.00795
9	0.02566	0.00973	0.01327	0.01018	0.01460	0.00841	0.00841	0.02788	0.01637	0.76726	0.02257	0.01947	0.01416	0.00708	0.00575	0.00177	0.00487	0.00575	0.00708	0.00973
10	0.00696	0.00503	0.00658	0.00783	0.00826	0.00466	0.00525	0.00798	0.01108	0.01466	0.03320	0.74825	0.08374	0.01770	0.00727	0.00230	0.00329	0.01599	0.00531	0.00466
11	0.01621	0.58304	0.08919	0.01119	0.01612	0.10927	0.01097	0.07737	0.01344	0.01576	0.00872	0.00992	0.00753	0.00522	0.00416	0.00134	0.00682	0.00340	0.00277	0.00755
12	0.01984	0.01994	0.01578	0.01348	0.01705	0.33987	0.01053	0.27112	0.19106	0.02384	0.01387	0.01404	0.01052	0.00666	0.00550	0.00167	0.00760	0.00483	0.00456	0.00825
13	0.00677	0.00575	0.00584	0.00591	0.00776	0.00482	0.00440	0.00820	0.01292	0.01540	0.05648	0.09602	0.72095	0.01468	0.00679	0.00195	0.00292	0.01230	0.00531	0.00482
14	0.00697	0.00498	0.00664	0.00796	0.00830	0.00465	0.00531	0.00796	0.01095	0.01460	0.03153	0.79525	0.03783	0.01792	0.00730	0.00232	0.00332	0.01626	0.00531	0.00465
15	0.01733	0.02014	0.02067	0.02257	0.26479	0.37232	0.09859	0.01981	0.01422	0.01603	0.00968	0.01236	0.00809	0.00585	0.00665	0.00169	0.07419	0.00462	0.00287	0.00753
16	0.15371	0.01588	0.12281	0.01198	0.01652	0.03127	0.01083	0.27690	0.18294	0.07438	0.01613	0.01593	0.03226	0.00681	0.00536	0.00179	0.00580	0.00518	0.00492	0.00860
17	0.01393	0.10347	0.01489	0.01019	0.01416	0.03146	0.02902	0.12248	0.12670	0.03786	0.15172	0.01919	0.01841	0.00673	0.00522	0.00142	0.00484	0.00551	0.00457	0.27822

[dist]
# distance from previous block
# <min> <max>
2	29

[block]
# block no. 8 follows, 41 sequences, length 27
# corresponding to MSA columns:
# 1213-1239
name=unknown_I
#
# <colnr> <probs for GDERKNQSTAVLIFYWHMCP>
#	G	D	E	R	K	N	Q	S	T	A	V	L	I	F	Y	W	H	M	C	P
0	0.01525	0.05100	0.01897	0.03739	0.22880	0.03515	0.07167	0.07625	0.15176	0.07842	0.01439	0.03690	0.01151	0.00651	0.00652	0.00174	0.06164	0.00554	0.00402	0.08656
1	0.01575	0.13606	0.01582	0.01134	0.03777	0.04868	0.00897	0.26369	0.06988	0.05544	0.21045	0.06239	0.02304	0.00838	0.00573	0.00170	0.00519	0.00682	0.00518	0.00774
2	0.01715	0.01351	0.11012	0.01093	0.01566	0.03185	0.00985	0.10864	0.06995	0.24091	0.01769	0.04257	0.03208	0.00688	0.00543	0.00157	0.00537	0.02547	0.00496	0.22939
3	0.01318	0.01237	0.04163	0.02293	0.40342	0.01142	0.01300	0.06740	0.03389	0.01951	0.01384	0.11419	0.01285	0.00676	0.00556	0.00160	0.00574	0.00617	0.00355	0.19100
4	0.01245	0.01187	0.02000	0.39957	0.37629	0.01334	0.01651	0.01595	0.01206	0.01648	0.01032	0.01461	0.00829	0.00563	0.00629	0.00184	0.04314	0.00509	0.00268	0.00761
5	0.02101	0.01917	0.03724	0.01300	0.01680	0.31953	0.01045	0.22191	0.08467	0.15545	0.01423	0.01423	0.01033	0.00655	0.00545	0.00164	0.00746	0.00476	0.02785	0.00827
6	0.01802	0.11532	0.01690	0.01197	0.01603	0.01650	0.00988	0.32587	0.32138	0.06180	0.01730	0.01652	0.01279	0.00699	0.00550	0.00175	0.00548	0.00545	0.00540	0.00915
7	0.00845	0.00545	0.00617	0.00633	0.00655	0.00541	0.00376	0.00892	0.00911	0.01284	0.01976	0.12810	0.02209	0.60152	0.02321	0.00461	0.00490	0.00891	0.11006	0.00385
8	0.00711	0.00509	0.00677	0.00787	0.00833	0.00474	0.00532	0.00833	0.01162	0.01567	0.12523	0.69849	0.03991	0.01712	0.00723	0.00226	0.00324	0.01550	0.00544	0.00474
9	0.01423	0.01229	0.01293	0.01164	0.01487	0.01423	0.00905	0.03039	0.75297	0.02393	0.02328	0.02134	0.01746	0.00776	0.00582	0.00194	0.00453	0.00647	0.00582	0.00905
10	0.02566	0.00973	0.01327	0.01018	0.01460	0.00841	0.00841	0.02788	0.01637	0.76726	0.02257	0.01947	0.01416	0.00708	0.00575	0.00177	0.00487	0.00575	0.00708	0.00973
11	0.01243	0.06775	0.69119	0.01564	0.02370	0.01350	0.01987	0.01859	0.01228	0.05813	0.01081	0.01233	0.00762	0.00550	0.00536	0.00178	0.00814	0.00425	0.00267	0.00847
12	0.02136	0.01583	0.01695	0.01308	0.01759	0.01756	0.01078	0.70799	0.06375	0.03543	0.01422	0.01412	0.01012	0.00691	0.00573	0.00173	0.00620	0.00522	0.00573	0.00969
13	0.00697	0.00498	0.00664	0.00796	0.00830	0.00465	0.00531	0.00796	0.01095	0.01460	0.03153	0.79525	0.03783	0.01792	0.00730	0.00232	0.00332	0.01626	0.00531	0.00465
14	0.01294	0.01357	0.02673	0.23032	0.21235	0.01378	0.37038	0.01714	0.01283	0.01742	0.01100	0.01507	0.00849	0.00513	0.00621	0.00187	0.00840	0.00590	0.00278	0.00768
15	0.01147	0.02959	0.76934	0.01630	0.02476	0.01328	0.02113	0.01811	0.01208	0.01811	0.01026	0.01208	0.00725	0.00543	0.00543	0.00181	0.00845	0.00423	0.00242	0.00845
16	0.00676	0.00579	0.00579	0.00579	0.00773	0.00483	0.00435	0.00821	0.01304	0.01545	0.05794	0.05505	0.76098	0.01449	0.00676	0.00193	0.00290	0.01207	0.00531	0.00483
17	0.01080	0.01017	0.01716	0.78523	0.03940	0.01271	0.01589	0.01461	0.01144	0.01461	0.01017	0.01525	0.00762	0.00572	0.00572	0.00191	0.00762	0.00508	0.00254	0.00635
18	0.67479	0.01210	0.01009	0.10803	0.01517	0.06697	0.00779	0.01696	0.01041	0.02341	0.00831	0.01013	0.00646	0.00540	0.00393	0.00177	0.00525	0.00339	0.00337	0.00625
19	0.01242	0.01182	0.02008	0.42393	0.38807	0.01313	0.01669	0.01603	0.01220	0.01658	0.01045	0.01472	0.00832	0.00542	0.00569	0.00181	0.00723	0.00509	0.00268	0.00766
20	0.00697	0.00498	0.00664	0.00796	0.00830	0.00465	0.00531	0.00796	0.01095	0.01460	0.03153	0.79525	0.03783	0.01792	0.00730	0.00232	0.00332	0.01626	0.00531	0.00465
21	0.01283	0.01223	0.02082	0.33213	0.47666	0.01324	0.01689	0.01639	0.01240	0.01707	0.01052	0.01459	0.00849	0.00534	0.00568	0.00178	0.00712	0.00509	0.00272	0.00799
22	0.01317	0.01258	0.02143	0.25640	0.54975	0.01333	0.01706	0.01669	0.01256	0.01749	0.01058	0.01448	0.00864	0.00528	0.00568	0.00176	0.00704	0.00509	0.00275	0.00826
23	0.00697	0.00498	0.00664	0.00796	0.00830	0.00465	0.00531	0.00796	0.01095	0.01460	0.03153	0.79525	0.03783	0.01792	0.00730	0.00232	0.00332	0.01626	0.00531	0.00465
24	0.02170	0.01747	0.01704	0.01336	0.01773	0.11524	0.01089	0.65147	0.02552	0.03321	0.01310	0.01329	0.00942	0.00674	0.00565	0.00169	0.00681	0.00496	0.00537	0.00933
25	0.01775	0.49404	0.02465	0.01154	0.01588	0.22344	0.01026	0.11215	0.01481	0.01651	0.00893	0.01007	0.00765	0.00541	0.00433	0.00135	0.00726	0.00349	0.00300	0.00746
26	0.01274	0.02929	0.67250	0.01610	0.02385	0.11136	0.01984	0.01872	0.01261	0.01759	0.01008	0.01185	0.00726	0.00549	0.00540	0.00177	0.00869	0.00416	0.00248	0.00822

[dist]
# distance from previous block
# <min> <max>
0	5

[block]
# block no. 9 follows, 41 sequences, length 8
# corresponding to MSA columns:
# 1246-1253
name=unknown_J
#
# <colnr> <probs for GDERKNQSTAVLIFYWHMCP>
#	G	D	E	R	K	N	Q	S	T	A	V	L	I	F	Y	W	H	M	C	P
0	0.01529	0.80242	0.02997	0.00979	0.01468	0.02263	0.00979	0.01713	0.01162	0.01346	0.00795	0.00918	0.00734	0.00489	0.00367	0.00122	0.00612	0.00306	0.00245	0.00734
1	0.00858	0.00585	0.00711	0.00749	0.00788	0.00585	0.00515	0.00935	0.00974	0.01285	0.02161	0.04535	0.02434	0.57010	0.02291	0.00469	0.00546	0.21771	0.00399	0.00399
2	0.01206	0.00930	0.01130	0.01174	0.08707	0.00947	0.00799	0.22437	0.01664	0.02210	0.08695	0.28606	0.16725	0.01224	0.00653	0.00197	0.00441	0.01061	0.00526	0.00667
3	0.01687	0.00958	0.01152	0.00897	0.01302	0.00829	0.00724	0.09128	0.01534	0.30154	0.02622	0.02488	0.18446	0.00794	0.00554	0.00153	0.00437	0.00646	0.00546	0.24948
4	0.07164	0.01112	0.01355	0.01240	0.05125	0.05143	0.00947	0.11011	0.01365	0.18696	0.01485	0.04414	0.01212	0.01709	0.21053	0.00385	0.14857	0.00569	0.00430	0.00728
5	0.01348	0.15315	0.11528	0.01788	0.02258	0.01625	0.33102	0.01852	0.08640	0.01723	0.01127	0.01404	0.00896	0.00609	0.00803	0.00189	0.14185	0.00548	0.00299	0.00762
6	0.01543	0.21650	0.05298	0.01779	0.09554	0.01581	0.26184	0.06809	0.06482	0.07748	0.01226	0.01401	0.00942	0.00538	0.00547	0.00164	0.00719	0.00517	0.00350	0.04969
7	0.01568	0.01236	0.01644	0.03616	0.11685	0.07597	0.10323	0.05743	0.09564	0.15845	0.05478	0.09651	0.03732	0.00769	0.00590	0.00174	0.00593	0.00687	0.00466	0.09038

[dist]
# distance from previous block
# <min> <max>
21	74

[block]
# block no. 10 follows, 41 sequences, length 8
# corresponding to MSA columns:
# 1339-1346
name=unknown_K
#
# <colnr> <probs for GDERKNQSTAVLIFYWHMCP>
#	G	D	E	R	K	N	Q	S	T	A	V	L	I	F	Y	W	H	M	C	P
0	0.24172	0.01620	0.01526	0.01478	0.09241	0.20093	0.01078	0.09539	0.01323	0.01997	0.00896	0.01140	0.00751	0.00688	0.00853	0.00188	0.21971	0.00419	0.00327	0.00699
1	0.01888	0.01553	0.02170	0.05930	0.02227	0.01656	0.21103	0.50514	0.02237	0.03001	0.01294	0.01428	0.00932	0.00624	0.00600	0.00179	0.00728	0.00558	0.00477	0.00899
2	0.00966	0.00720	0.00879	0.00874	0.01030	0.00684	0.00627	0.10941	0.01325	0.01808	0.02618	0.58149	0.02998	0.01454	0.00667	0.00204	0.00385	0.01298	0.00510	0.11862
3	0.12664	0.02074	0.33980	0.01817	0.09947	0.01410	0.16006	0.11710	0.01416	0.02170	0.01073	0.01280	0.00791	0.00546	0.00550	0.00180	0.00767	0.00479	0.00316	0.00824
4	0.01735	0.01382	0.01728	0.01846	0.22014	0.01488	0.01193	0.39402	0.09815	0.02780	0.01577	0.09563	0.01327	0.00762	0.00588	0.00180	0.00594	0.00643	0.00490	0.00895
5	0.23975	0.01325	0.01512	0.34955	0.02572	0.10028	0.03812	0.09590	0.03662	0.02031	0.01026	0.01309	0.00778	0.00578	0.00510	0.00180	0.00689	0.00449	0.00332	0.00684
6	0.01367	0.01313	0.02291	0.06943	0.44992	0.01307	0.15815	0.06018	0.01379	0.01931	0.03118	0.05821	0.01165	0.00603	0.00595	0.00177	0.00699	0.00612	0.00324	0.03530
7	0.01401	0.01342	0.01812	0.14847	0.25648	0.09075	0.05383	0.01779	0.05321	0.03938	0.01137	0.01393	0.00907	0.00523	0.00530	0.00151	0.00658	0.00467	0.00324	0.23365

[dist]
# distance from previous block
# <min> <max>
3	7

[block]
# block no. 11 follows, 41 sequences, length 23
# corresponding to MSA columns:
# 1356-1378
name=unknown_L
#
# <colnr> <probs for GDERKNQSTAVLIFYWHMCP>
#	G	D	E	R	K	N	Q	S	T	A	V	L	I	F	Y	W	H	M	C	P
0	0.01185	0.01078	0.03432	0.01092	0.03600	0.02869	0.00825	0.03742	0.37429	0.02023	0.02685	0.19834	0.10417	0.01036	0.00612	0.00193	0.00442	0.00890	0.00522	0.06092
1	0.06634	0.04243	0.01588	0.01262	0.01656	0.27606	0.01009	0.27302	0.01945	0.19234	0.01356	0.01347	0.00965	0.00644	0.00535	0.00163	0.00725	0.00461	0.00486	0.00840
2	0.01891	0.01332	0.01494	0.01124	0.01597	0.01326	0.00921	0.41596	0.02063	0.11657	0.01358	0.01378	0.00983	0.00601	0.00523	0.00143	0.00544	0.00463	0.00510	0.28493
3	0.01724	0.30355	0.02057	0.01135	0.01567	0.01835	0.00987	0.29676	0.18059	0.02443	0.01512	0.01505	0.03455	0.00658	0.00502	0.00159	0.00573	0.00489	0.00453	0.00855
4	0.01311	0.36105	0.45223	0.01351	0.02043	0.01729	0.01627	0.01769	0.01188	0.01612	0.00927	0.01083	0.00729	0.00520	0.00468	0.00156	0.00745	0.00373	0.00243	0.00798
5	0.00994	0.00497	0.00745	0.00745	0.00745	0.00497	0.00497	0.00745	0.00745	0.00994	0.00994	0.01739	0.00994	0.01987	0.02235	0.83358	0.00497	0.00497	0.00248	0.00248
6	0.01366	0.01227	0.01715	0.01459	0.01498	0.01672	0.01216	0.01500	0.00943	0.07963	0.00882	0.01312	0.00809	0.00975	0.01763	0.00244	0.72001	0.00507	0.00290	0.00656
7	0.01421	0.01143	0.01171	0.01059	0.01293	0.07738	0.00804	0.30765	0.01794	0.02327	0.02315	0.38686	0.04630	0.01228	0.00646	0.00199	0.00512	0.01053	0.00527	0.00688
8	0.01080	0.01017	0.01716	0.78523	0.03940	0.01271	0.01589	0.01461	0.01144	0.01461	0.01017	0.01525	0.00762	0.00572	0.00572	0.00191	0.00762	0.00508	0.00254	0.00635
9	0.01080	0.01017	0.01716	0.78523	0.03940	0.01271	0.01589	0.01461	0.01144	0.01461	0.01017	0.01525	0.00762	0.00572	0.00572	0.00191	0.00762	0.00508	0.00254	0.00635
10	0.01416	0.01359	0.02322	0.03511	0.76330	0.01359	0.01755	0.01755	0.01302	0.01869	0.01076	0.01416	0.00906	0.00510	0.00566	0.00170	0.00680	0.00510	0.00283	0.00906
11	0.02174	0.01602	0.01717	0.01316	0.01774	0.01774	0.01087	0.74423	0.02689	0.03605	0.01373	0.01373	0.00973	0.00687	0.00572	0.00172	0.00629	0.00515	0.00572	0.00973
12	0.00817	0.00613	0.00919	0.00919	0.01021	0.00715	0.00715	0.01021	0.00919	0.01328	0.01532	0.02247	0.01430	0.04290	0.77631	0.00919	0.01532	0.00613	0.00306	0.00511
13	0.83938	0.01106	0.00841	0.00752	0.01106	0.01283	0.00619	0.01681	0.00973	0.02566	0.00796	0.00929	0.00619	0.00531	0.00354	0.00177	0.00442	0.00310	0.00354	0.00619
14	0.00832	0.00555	0.00624	0.00624	0.00624	0.00555	0.00347	0.00832	0.00832	0.01109	0.01802	0.03743	0.02080	0.79898	0.02911	0.00555	0.00555	0.00832	0.00347	0.00347
15	0.01147	0.02959	0.76934	0.01630	0.02476	0.01328	0.02113	0.01811	0.01208	0.01811	0.01026	0.01208	0.00725	0.00543	0.00543	0.00181	0.00845	0.00423	0.00242	0.00845
16	0.01320	0.01269	0.02187	0.24454	0.53652	0.01337	0.04113	0.01676	0.01260	0.01754	0.01062	0.01450	0.00865	0.00526	0.00571	0.00176	0.00712	0.00515	0.00275	0.00826
17	0.00922	0.00658	0.00922	0.01053	0.01185	0.00658	0.00922	0.01185	0.01317	0.01712	0.03029	0.06452	0.03292	0.01580	0.00790	0.00263	0.00527	0.72480	0.00527	0.00527
18	0.02030	0.01475	0.01599	0.01257	0.01673	0.01621	0.01025	0.63498	0.05025	0.05444	0.01587	0.08247	0.01258	0.00787	0.00586	0.00178	0.00593	0.00618	0.00573	0.00926
19	0.01246	0.01210	0.01990	0.01421	0.01955	0.01014	0.27686	0.01584	0.01246	0.01852	0.01068	0.01317	0.00855	0.00445	0.00516	0.00124	0.00622	0.00462	0.00321	0.53065
20	0.01232	0.01164	0.01798	0.01285	0.01812	0.00954	0.21255	0.01550	0.01232	0.01855	0.01056	0.01286	0.00853	0.00440	0.00494	0.00115	0.00575	0.00433	0.00325	0.60287
21	0.01295	0.11796	0.40087	0.01304	0.01977	0.01324	0.01483	0.08043	0.01326	0.01926	0.01026	0.01180	0.00782	0.00516	0.00491	0.00146	0.00680	0.00393	0.00298	0.23930
22	0.01329	0.23933	0.08348	0.01287	0.07799	0.12756	0.01026	0.04985	0.01285	0.01578	0.01587	0.23095	0.01658	0.01131	0.05534	0.00220	0.00683	0.00742	0.00355	0.00669

[dist]
# distance from previous block
# <min> <max>
0	6

[block]
# block no. 12 follows, 41 sequences, length 18
# corresponding to MSA columns:
# 1386-1403
name=unknown_M
#
# <colnr> <probs for GDERKNQSTAVLIFYWHMCP>
#	G	D	E	R	K	N	Q	S	T	A	V	L	I	F	Y	W	H	M	C	P
0	0.10082	0.01265	0.01438	0.01127	0.01557	0.01314	0.00926	0.32110	0.08102	0.33474	0.01760	0.01630	0.01185	0.00688	0.00553	0.00176	0.00538	0.00531	0.00608	0.00934
1	0.08751	0.00666	0.00777	0.00839	0.01011	0.00645	0.00697	0.01082	0.01271	0.01722	0.03847	0.08388	0.30076	0.01439	0.00704	0.00228	0.00423	0.36407	0.00512	0.00517
2	0.01353	0.00742	0.00991	0.00855	0.01036	0.00706	0.03983	0.01473	0.01157	0.23045	0.02306	0.06380	0.08902	0.36128	0.03883	0.00372	0.02791	0.00797	0.02517	0.00583
3	0.01176	0.01066	0.01771	0.48993	0.24484	0.01222	0.01516	0.01533	0.01195	0.01647	0.01120	0.01555	0.00875	0.00563	0.00553	0.00179	0.00688	0.00511	0.08650	0.00703
4	0.00849	0.00618	0.00823	0.00880	0.01015	0.00592	0.00725	0.01097	0.01412	0.01889	0.28840	0.08709	0.11003	0.01433	0.00736	0.00226	0.00406	0.37660	0.00563	0.00524
5	0.01493	0.72861	0.10059	0.01041	0.01564	0.02174	0.01087	0.01722	0.01167	0.01390	0.00817	0.00945	0.00733	0.00495	0.00384	0.00128	0.00634	0.00317	0.00244	0.00745
6	0.02311	0.09242	0.01646	0.01128	0.01581	0.01343	0.00949	0.30178	0.01993	0.41022	0.01770	0.01622	0.01177	0.00678	0.00553	0.00169	0.00554	0.00525	0.00609	0.00949
7	0.02174	0.01602	0.01717	0.01316	0.01774	0.01774	0.01087	0.74423	0.02689	0.03605	0.01373	0.01373	0.00973	0.00687	0.00572	0.00172	0.00629	0.00515	0.00572	0.00973
8	0.01423	0.01229	0.01293	0.01164	0.01487	0.01423	0.00905	0.03039	0.75297	0.02393	0.02328	0.02134	0.01746	0.00776	0.00582	0.00194	0.00453	0.00647	0.00582	0.00905
9	0.01529	0.80242	0.02997	0.00979	0.01468	0.02263	0.00979	0.01713	0.01162	0.01346	0.00795	0.00918	0.00734	0.00489	0.00367	0.00122	0.00612	0.00306	0.00245	0.00734
10	0.02174	0.01602	0.01717	0.01316	0.01774	0.01774	0.01087	0.74423	0.02689	0.03605	0.01373	0.01373	0.00973	0.00687	0.00572	0.00172	0.00629	0.00515	0.00572	0.00973
11	0.83938	0.01106	0.00841	0.00752	0.01106	0.01283	0.00619	0.01681	0.00973	0.02566	0.00796	0.00929	0.00619	0.00531	0.00354	0.00177	0.00442	0.00310	0.00354	0.00619
12	0.00806	0.00605	0.00721	0.00809	0.00898	0.00538	0.00552	0.00888	0.01224	0.01587	0.03986	0.56985	0.24689	0.01743	0.00757	0.00240	0.00359	0.01520	0.00564	0.00528
13	0.83938	0.01106	0.00841	0.00752	0.01106	0.01283	0.00619	0.01681	0.00973	0.02566	0.00796	0.00929	0.00619	0.00531	0.00354	0.00177	0.00442	0.00310	0.00354	0.00619
14	0.01080	0.01017	0.01716	0.78523	0.03940	0.01271	0.01589	0.01461	0.01144	0.01461	0.01017	0.01525	0.00762	0.00572	0.00572	0.00191	0.00762	0.00508	0.00254	0.00635
15	0.02174	0.01602	0.01717	0.01316	0.01774	0.01774	0.01087	0.74423	0.02689	0.03605	0.01373	0.01373	0.00973	0.00687	0.00572	0.00172	0.00629	0.00515	0.00572	0.00973
16	0.52551	0.01297	0.01177	0.00969	0.01362	0.01472	0.00799	0.29606	0.01632	0.02965	0.01018	0.01100	0.00755	0.00591	0.00438	0.00175	0.00514	0.00389	0.00438	0.00755
17	0.01276	0.28997	0.52023	0.01411	0.02136	0.01643	0.01731	0.01778	0.01192	0.01655	0.00949	0.01110	0.00728	0.00525	0.00484	0.00161	0.00767	0.00383	0.00243	0.00808

[dist]
# distance from previous block
# <min> <max>
0	1

[block]
# block no. 13 follows, 41 sequences, length 9
# corresponding to MSA columns:
# 1405-1413
name=unknown_N
#
# <colnr> <probs for GDERKNQSTAVLIFYWHMCP>
#	G	D	E	R	K	N	Q	S	T	A	V	L	I	F	Y	W	H	M	C	P
0	0.01193	0.00880	0.01030	0.00962	0.01162	0.00895	0.00715	0.23827	0.01599	0.02159	0.02444	0.49512	0.02695	0.01349	0.00659	0.00203	0.00431	0.01187	0.00530	0.06568
1	0.37193	0.01381	0.01577	0.01230	0.01660	0.01516	0.11324	0.32808	0.01761	0.02906	0.01095	0.01207	0.00806	0.00591	0.00493	0.00177	0.00597	0.00450	0.00438	0.00792
2	0.02150	0.02329	0.01655	0.01418	0.01770	0.50836	0.01099	0.27748	0.01998	0.02178	0.01057	0.01152	0.00820	0.00624	0.00536	0.00156	0.00890	0.00420	0.00393	0.00772
3	0.00994	0.00497	0.00745	0.00745	0.00745	0.00497	0.00497	0.00745	0.00745	0.00994	0.00994	0.01739	0.00994	0.01987	0.02235	0.83358	0.00497	0.00497	0.00248	0.00248
4	0.02174	0.01602	0.01717	0.01316	0.01774	0.01774	0.01087	0.74423	0.02689	0.03605	0.01373	0.01373	0.00973	0.00687	0.00572	0.00172	0.00629	0.00515	0.00572	0.00973
5	0.01495	0.01199	0.01352	0.00994	0.01486	0.01078	0.00806	0.24224	0.01655	0.02407	0.01128	0.01245	0.00886	0.00506	0.00470	0.00112	0.00488	0.00394	0.00412	0.57664
6	0.07636	0.01133	0.01242	0.01069	0.01420	0.01229	0.00847	0.05655	0.44671	0.20243	0.02378	0.02182	0.06197	0.00780	0.00569	0.00188	0.00457	0.00635	0.00592	0.00877
7	0.01778	0.01756	0.27752	0.01318	0.01880	0.01167	0.04561	0.11368	0.05735	0.28550	0.06960	0.01776	0.01399	0.00675	0.00576	0.00180	0.00633	0.00556	0.00497	0.00885
8	0.01592	0.13582	0.05030	0.19298	0.05274	0.01418	0.05268	0.05267	0.19124	0.16066	0.01558	0.01633	0.01137	0.00630	0.00547	0.00176	0.00618	0.00529	0.00433	0.00822

[dist]
# distance from previous block
# <min> <max>
1	20

[block]
# block no. 14 follows, 41 sequences, length 11
# corresponding to MSA columns:
# 1434-1444
name=unknown_O
#
# <colnr> <probs for GDERKNQSTAVLIFYWHMCP>
#	G	D	E	R	K	N	Q	S	T	A	V	L	I	F	Y	W	H	M	C	P
0	0.24230	0.01364	0.01493	0.30404	0.02419	0.13987	0.05295	0.05970	0.01309	0.01957	0.05654	0.01442	0.01027	0.00603	0.00515	0.00178	0.00692	0.00473	0.00333	0.00657
1	0.27287	0.01135	0.01268	0.07581	0.01613	0.01204	0.00880	0.13425	0.07428	0.30319	0.01572	0.01525	0.01074	0.00644	0.00507	0.00179	0.00516	0.00484	0.00530	0.00830
2	0.01341	0.01143	0.01223	0.01105	0.01403	0.01305	0.00857	0.02779	0.65504	0.02380	0.12124	0.02418	0.02231	0.00828	0.00594	0.00192	0.00428	0.00698	0.00588	0.00857
3	0.00713	0.00581	0.00631	0.00618	0.00795	0.00499	0.00464	0.00893	0.01391	0.01753	0.25327	0.05162	0.56436	0.01371	0.00676	0.00189	0.00284	0.01159	0.00559	0.00499
4	0.00748	0.00582	0.00679	0.00655	0.00817	0.00513	0.00491	0.00960	0.01473	0.01947	0.43506	0.04843	0.38135	0.01299	0.00675	0.00186	0.00279	0.01114	0.00584	0.00513
5	0.01277	0.01214	0.01618	0.11644	0.01822	0.01595	0.01199	0.01856	0.21866	0.01674	0.01230	0.01536	0.01033	0.00881	0.01339	0.00227	0.46398	0.00543	0.00344	0.00706
6	0.00783	0.00534	0.00638	0.00687	0.00699	0.00522	0.00414	0.00819	0.00928	0.01237	0.02294	0.31340	0.02700	0.51455	0.02117	0.00437	0.00473	0.01121	0.00414	0.00390
7	0.71625	0.01303	0.07767	0.00865	0.01269	0.01316	0.00782	0.05993	0.01096	0.02560	0.00851	0.00981	0.00650	0.00541	0.00384	0.00177	0.00490	0.00332	0.00357	0.00661
8	0.01217	0.08561	0.36455	0.31806	0.02923	0.01412	0.01748	0.06218	0.01272	0.01747	0.01025	0.01319	0.00756	0.00559	0.00542	0.00179	0.00780	0.00452	0.00267	0.00761
9	0.01564	0.06317	0.01935	0.19181	0.06582	0.07448	0.11784	0.14865	0.05377	0.06953	0.01285	0.03458	0.01001	0.00608	0.00559	0.00168	0.00695	0.00533	0.00383	0.09306
10	0.03692	0.01069	0.01410	0.08332	0.03655	0.01102	0.05291	0.15904	0.10480	0.16829	0.07216	0.15283	0.01911	0.00884	0.00603	0.00186	0.00523	0.00767	0.00527	0.04336

[dist]
# distance from previous block
# <min> <max>
8	41

[block]
# block no. 15 follows, 41 sequences, length 14
# corresponding to MSA columns:
# 1487-1500
name=unknown_P
#
# <colnr> <probs for GDERKNQSTAVLIFYWHMCP>
#	G	D	E	R	K	N	Q	S	T	A	V	L	I	F	Y	W	H	M	C	P
0	0.01421	0.16190	0.20874	0.01844	0.20540	0.01470	0.03267	0.04786	0.07441	0.05035	0.01166	0.01329	0.00912	0.00555	0.00548	0.00161	0.02648	0.00452	0.00325	0.09037
1	0.22985	0.08328	0.22366	0.01510	0.04131	0.01399	0.17496	0.05716	0.01274	0.03976	0.01132	0.01493	0.00900	0.00587	0.00524	0.00181	0.00705	0.04213	0.00328	0.00756
2	0.03762	0.13760	0.31286	0.01260	0.01772	0.01264	0.04502	0.01714	0.01174	0.11651	0.01294	0.01686	0.01059	0.10734	0.08458	0.00293	0.02763	0.00504	0.00329	0.00736
3	0.01027	0.18878	0.20752	0.01051	0.01421	0.01104	0.01044	0.01304	0.01162	0.01575	0.04512	0.35282	0.02225	0.01090	0.00584	0.00185	0.00528	0.00937	0.00387	0.04955
4	0.01517	0.01247	0.01323	0.01125	0.01460	0.07365	0.00916	0.27373	0.01769	0.02364	0.01754	0.09076	0.01673	0.00920	0.00632	0.00178	0.02737	0.16548	0.00474	0.19550
