[name]
unknown

[dist]
# distance from previous block
# <min> <max>
0	108

[block]
# block no. 0 follows, 43 sequences, length 17
# corresponding to MSA columns:
# 189-205
name=unknown_A
#
# <colnr> <probs for GDERKNQSTAVLIFYWHMCP>
#	G	D	E	R	K	N	Q	S	T	A	V	L	I	F	Y	W	H	M	C	P
0	0.04043	0.19550	0.04302	0.05492	0.06804	0.15018	0.03548	0.05839	0.01329	0.10314	0.01248	0.03646	0.02468	0.04143	0.00630	0.00168	0.03118	0.00473	0.00347	0.07520
1	0.01145	0.01110	0.05558	0.01342	0.09940	0.04476	0.02646	0.02600	0.03032	0.03109	0.01306	0.03833	0.01311	0.27197	0.05320	0.00342	0.21901	0.00616	0.00314	0.02901
2	0.04020	0.01005	0.01479	0.23194	0.14157	0.01109	0.04091	0.04124	0.13835	0.01865	0.07348	0.03877	0.01759	0.00814	0.00596	0.00192	0.00576	0.13467	0.01806	0.00687
3	0.00926	0.00677	0.00817	0.00844	0.00961	0.00676	0.00602	0.13952	0.01349	0.01788	0.02942	0.60536	0.08741	0.01520	0.00676	0.00212	0.00369	0.01353	0.00521	0.00538
4	0.01474	0.71363	0.08989	0.01018	0.01513	0.05134	0.01043	0.01688	0.01147	0.01342	0.00792	0.00916	0.00710	0.00482	0.00375	0.00124	0.00627	0.00308	0.00239	0.00717
5	0.00698	0.00492	0.00636	0.00742	0.00768	0.00465	0.00483	0.00777	0.01015	0.01354	0.02821	0.66627	0.03371	0.15681	0.01081	0.00280	0.00359	0.01438	0.00483	0.00430
6	0.03350	0.15510	0.01765	0.01214	0.03170	0.04320	0.00991	0.37235	0.20490	0.04271	0.01446	0.01428	0.01081	0.00643	0.00515	0.00162	0.00572	0.00487	0.00484	0.00867
7	0.03664	0.01603	0.17599	0.05340	0.11822	0.04293	0.11397	0.07565	0.15385	0.03423	0.03761	0.01652	0.02675	0.00628	0.00591	0.00176	0.03039	0.00544	0.04064	0.00780
8	0.00944	0.00483	0.00714	0.00720	0.00721	0.00481	0.00478	0.00726	0.00739	0.00985	0.01079	0.05191	0.01114	0.04397	0.02121	0.77582	0.00476	0.00539	0.00256	0.00253
9	0.01284	0.01350	0.02625	0.04721	0.18402	0.01260	0.43993	0.01680	0.01263	0.01776	0.01075	0.01406	0.00841	0.00465	0.00585	0.00163	0.00776	0.00557	0.00286	0.15491
10	0.01123	0.15122	0.01881	0.65355	0.03391	0.01401	0.01434	0.01458	0.01111	0.01395	0.00946	0.01372	0.00733	0.00540	0.00519	0.00173	0.00712	0.00457	0.00244	0.00632
11	0.00992	0.00520	0.00532	0.00532	0.00638	0.00520	0.00378	0.01205	0.01098	0.01889	0.01796	0.02341	0.01525	0.14784	0.00818	0.00201	0.00307	0.00567	0.68873	0.00484
12	0.01015	0.01126	0.13982	0.05432	0.09178	0.00842	0.05860	0.02698	0.01304	0.03053	0.15725	0.04509	0.16695	0.00854	0.00567	0.00170	0.00480	0.00743	0.15140	0.00629
13	0.00884	0.14775	0.01092	0.00722	0.00919	0.00807	0.00582	0.01107	0.01427	0.01922	0.50079	0.05997	0.15526	0.01076	0.00602	0.00168	0.00325	0.00920	0.00526	0.00545
14	0.00968	0.04678	0.15428	0.18867	0.05949	0.00972	0.04008	0.01315	0.02836	0.01651	0.13219	0.23680	0.02264	0.00960	0.00602	0.00189	0.00554	0.00856	0.00383	0.00622
15	0.01316	0.08285	0.18308	0.02820	0.01785	0.06476	0.13019	0.08008	0.06304	0.04349	0.03885	0.03649	0.01291	0.14769	0.00987	0.00237	0.02889	0.00584	0.00348	0.00691
16	0.00921	0.00998	0.14364	0.00882	0.01141	0.00685	0.00812	0.01231	0.03024	0.05590	0.34168	0.11557	0.11340	0.05863	0.00766	0.00207	0.00413	0.04954	0.00504	0.00578

[dist]
# distance from previous block
# <min> <max>
1	32

[block]
# block no. 1 follows, 43 sequences, length 16
# corresponding to MSA columns:
# 239-254
name=unknown_B
#
# <colnr> <probs for GDERKNQSTAVLIFYWHMCP>
#	G	D	E	R	K	N	Q	S	T	A	V	L	I	F	Y	W	H	M	C	P
0	0.03697	0.19383	0.08638	0.02755	0.01556	0.10988	0.04009	0.09623	0.04524	0.10278	0.12833	0.01721	0.01575	0.00655	0.00505	0.00154	0.00591	0.00515	0.03691	0.02311
1	0.07696	0.08855	0.05658	0.04664	0.15478	0.03182	0.01085	0.11734	0.05747	0.10578	0.04963	0.01468	0.01136	0.00593	0.00538	0.00155	0.02867	0.00469	0.00397	0.12737
2	0.02686	0.04208	0.33880	0.01497	0.08910	0.01147	0.04317	0.03094	0.07252	0.14397	0.03617	0.09774	0.01353	0.00710	0.00556	0.00178	0.00636	0.00604	0.00388	0.00795
3	0.01223	0.01270	0.06425	0.09245	0.19503	0.01226	0.16767	0.01906	0.21211	0.01849	0.01646	0.10654	0.01433	0.00729	0.00597	0.00187	0.00633	0.02352	0.00380	0.00764
4	0.07009	0.01021	0.01371	0.01319	0.11618	0.00971	0.00938	0.04600	0.07751	0.49520	0.01973	0.02028	0.01386	0.00707	0.00557	0.00177	0.00498	0.05092	0.00584	0.00881
5	0.01147	0.13022	0.07057	0.01639	0.22747	0.01137	0.03376	0.01521	0.06912	0.03168	0.15943	0.07051	0.11395	0.00822	0.00565	0.00169	0.00507	0.00718	0.00402	0.00702
6	0.00999	0.00523	0.00546	0.00541	0.00670	0.00517	0.00405	0.01257	0.01216	0.02086	0.11944	0.02345	0.01934	0.00711	0.00423	0.00135	0.00259	0.00582	0.72389	0.00517
7	0.01083	0.01021	0.01734	0.17638	0.03324	0.01148	0.18018	0.03532	0.01146	0.01590	0.05039	0.08498	0.03779	0.02970	0.09617	0.00283	0.15328	0.00685	0.02954	0.00612
8	0.00741	0.00810	0.11063	0.00875	0.01020	0.00568	0.00722	0.00923	0.01111	0.01517	0.08015	0.64090	0.03374	0.01529	0.00679	0.00215	0.00384	0.01376	0.00483	0.00505
9	0.01198	0.02396	0.08078	0.05198	0.04243	0.01196	0.28701	0.03875	0.11348	0.03121	0.01637	0.16247	0.01512	0.03600	0.00762	0.00206	0.04836	0.00775	0.00371	0.00700
10	0.23917	0.01129	0.01396	0.01079	0.01487	0.01128	0.09200	0.07437	0.05132	0.11703	0.01171	0.01279	0.00881	0.00552	0.00545	0.00151	0.05449	0.00425	0.00396	0.25543
11	0.01183	0.00982	0.01319	0.00968	0.01422	0.00782	0.09097	0.01438	0.01209	0.06493	0.01700	0.01799	0.11137	0.00568	0.00480	0.00114	0.00456	0.00493	0.00370	0.57989
12	0.01017	0.00594	0.00928	0.01084	0.11045	0.00594	0.00646	0.00854	0.00794	0.01077	0.00973	0.01641	0.00951	0.01731	0.01946	0.72568	0.00505	0.00483	0.00245	0.00327
13	0.01949	0.01978	0.01457	0.01260	0.01582	0.42575	0.00975	0.19788	0.06932	0.06745	0.01358	0.01409	0.03345	0.00644	0.00519	0.00154	0.00766	0.00457	0.05370	0.00736
14	0.05950	0.01187	0.01618	0.01370	0.03049	0.01376	0.10741	0.09905	0.20150	0.04294	0.04550	0.01939	0.01378	0.00806	0.00917	0.00201	0.22182	0.05110	0.02545	0.00733
15	0.01056	0.00760	0.00875	0.00865	0.01052	0.00792	0.00670	0.01664	0.23927	0.05358	0.06858	0.18117	0.11165	0.01140	0.00614	0.00196	0.00377	0.12241	0.11646	0.00626

[dist]
# distance from previous block
# <min> <max>
0	1

[block]
# block no. 2 follows, 43 sequences, length 16
# corresponding to MSA columns:
# 257-272
name=unknown_C
#
# <colnr> <probs for GDERKNQSTAVLIFYWHMCP>
#	G	D	E	R	K	N	Q	S	T	A	V	L	I	F	Y	W	H	M	C	P
0	0.07325	0.09020	0.06316	0.15934	0.04096	0.02756	0.06053	0.02930	0.02623	0.04840	0.03505	0.01385	0.00966	0.00598	0.00665	0.00161	0.11244	0.00454	0.03292	0.15837
1	0.00700	0.00540	0.00642	0.00691	0.00811	0.00483	0.00506	0.00852	0.01239	0.01589	0.15164	0.31201	0.34906	0.01488	0.00681	0.00204	0.00310	0.06994	0.00528	0.00473
2	0.01570	0.03354	0.10441	0.01705	0.14740	0.04558	0.11820	0.13238	0.08640	0.12877	0.09936	0.01784	0.01491	0.00647	0.00570	0.00171	0.00629	0.00576	0.00437	0.00817
3	0.01148	0.01226	0.13263	0.06072	0.05573	0.00942	0.04891	0.03415	0.04548	0.06044	0.16332	0.05750	0.05821	0.00756	0.00600	0.00161	0.03333	0.00646	0.00409	0.19070
4	0.66497	0.14711	0.04725	0.00805	0.01192	0.01406	0.00726	0.01639	0.00984	0.02250	0.00781	0.00910	0.00623	0.00508	0.00353	0.00163	0.00474	0.00304	0.00320	0.00629
5	0.03694	0.53678	0.02193	0.00903	0.01268	0.01675	0.00827	0.03632	0.01171	0.04326	0.01470	0.18064	0.03591	0.00786	0.00453	0.00148	0.00516	0.00612	0.00334	0.00660
6	0.00946	0.00783	0.00857	0.00822	0.01025	0.00811	0.00619	0.01627	0.28931	0.01909	0.15860	0.14162	0.27157	0.01162	0.00628	0.00190	0.00341	0.00996	0.00548	0.00625
7	0.00748	0.00556	0.00696	0.00678	0.00810	0.00504	0.00502	0.00968	0.01456	0.01997	0.55373	0.12267	0.18906	0.01247	0.00659	0.00182	0.00271	0.01093	0.00581	0.00504
8	0.02105	0.01551	0.01662	0.01274	0.01717	0.01717	0.01053	0.75235	0.02604	0.03490	0.01330	0.01330	0.00942	0.00665	0.00554	0.00166	0.00609	0.00499	0.00554	0.00942
9	0.00705	0.00518	0.00662	0.00721	0.00803	0.00474	0.00505	0.00857	0.01241	0.01670	0.25789	0.47376	0.13618	0.01509	0.00684	0.00205	0.00298	0.01348	0.00543	0.00474
10	0.01025	0.00864	0.01360	0.03391	0.18462	0.00849	0.07965	0.03355	0.03953	0.03459	0.02454	0.34658	0.08119	0.01173	0.00649	0.00202	0.00493	0.06506	0.00438	0.00626
11	0.15571	0.00921	0.01133	0.00897	0.01282	0.00854	0.00737	0.02387	0.01439	0.57900	0.01919	0.01744	0.01251	0.00654	0.00506	0.00167	0.00443	0.00511	0.08838	0.00845
12	0.04303	0.01171	0.07695	0.04750	0.21257	0.01079	0.08374	0.03677	0.07267	0.01896	0.15014	0.09800	0.02065	0.02581	0.00694	0.00193	0.03773	0.03314	0.00396	0.00699
13	0.01027	0.00685	0.01067	0.03683	0.17069	0.00695	0.00763	0.00970	0.00864	0.01180	0.01089	0.01854	0.01074	0.10842	0.04438	0.50937	0.00567	0.00526	0.00261	0.00407
14	0.01349	0.45490	0.10698	0.01291	0.01773	0.01758	0.15857	0.03519	0.01224	0.01562	0.05639	0.03651	0.01110	0.00573	0.00499	0.00149	0.02387	0.00471	0.00285	0.00714
15	0.01386	0.05124	0.11535	0.08694	0.01908	0.05894	0.07619	0.05895	0.01274	0.07716	0.01068	0.01267	0.00828	0.00550	0.00627	0.00147	0.08663	0.00427	0.00329	0.29049

[dist]
# distance from previous block
# <min> <max>
0	3

[block]
# block no. 3 follows, 43 sequences, length 49
# corresponding to MSA columns:
# 283-329,332,333
name=unknown_D
#
# <colnr> <probs for GDERKNQSTAVLIFYWHMCP>
#	G	D	E	R	K	N	Q	S	T	A	V	L	I	F	Y	W	H	M	C	P
0	0.25087	0.09572	0.07084	0.06645	0.01722	0.21984	0.05700	0.04922	0.01297	0.05662	0.01031	0.01288	0.00827	0.00577	0.00468	0.00162	0.00689	0.02794	0.01813	0.00676
1	0.01559	0.00984	0.01294	0.01059	0.01311	0.01067	0.05052	0.15038	0.01490	0.18598	0.07791	0.01887	0.01482	0.00915	0.04514	0.00209	0.14426	0.00568	0.20043	0.00715
2	0.00825	0.00613	0.00833	0.00817	0.00871	0.00699	0.00589	0.00941	0.00854	0.01207	0.01534	0.02673	0.01585	0.33588	0.43885	0.00709	0.06359	0.00668	0.00308	0.00440
3	0.00946	0.00701	0.00969	0.07812	0.07360	0.00706	0.00732	0.01267	0.05087	0.04442	0.40181	0.07627	0.06609	0.01214	0.05905	0.00224	0.00438	0.00860	0.06339	0.00582
4	0.00770	0.00566	0.00721	0.00682	0.00819	0.00517	0.00511	0.01018	0.01534	0.02141	0.68944	0.04268	0.13121	0.01162	0.00653	0.00176	0.00263	0.01020	0.00599	0.00517
5	0.01848	0.32438	0.02091	0.01224	0.01602	0.39641	0.01021	0.11099	0.01528	0.01601	0.00882	0.00998	0.00741	0.00545	0.00451	0.00136	0.00795	0.00351	0.00300	0.00706
6	0.05757	0.01374	0.01812	0.02215	0.37506	0.08812	0.02594	0.12162	0.01522	0.16284	0.01292	0.01427	0.00966	0.00566	0.00533	0.00163	0.00631	0.00487	0.03050	0.00848
7	0.01387	0.32382	0.26662	0.01343	0.01885	0.12256	0.07795	0.01740	0.01227	0.01521	0.01036	0.01423	0.00893	0.00578	0.00485	0.00156	0.00745	0.05494	0.00266	0.00725
8	0.03469	0.17607	0.09339	0.01452	0.01813	0.01503	0.20074	0.04726	0.01158	0.01638	0.01062	0.01487	0.00918	0.02860	0.05318	0.00231	0.18155	0.02204	0.04310	0.00678
9	0.84448	0.01071	0.00814	0.00728	0.01071	0.01242	0.00600	0.01628	0.00943	0.02485	0.00771	0.00900	0.00600	0.00514	0.00343	0.00171	0.00428	0.00300	0.00343	0.00600
10	0.00799	0.00562	0.00715	0.00743	0.00795	0.00580	0.00518	0.00896	0.00931	0.01251	0.02114	0.09097	0.05397	0.41804	0.20410	0.00544	0.00734	0.11325	0.00372	0.00413
11	0.00926	0.00534	0.00571	0.00580	0.00678	0.00526	0.00411	0.01100	0.01078	0.01707	0.02201	0.03083	0.08307	0.23285	0.01122	0.00258	0.00356	0.05762	0.47054	0.00461
12	0.00773	0.00566	0.00725	0.00685	0.00821	0.00518	0.00514	0.01024	0.01542	0.02159	0.70700	0.04239	0.11354	0.01155	0.00653	0.00175	0.00263	0.01016	0.00602	0.00518
13	0.01328	0.00998	0.01100	0.00964	0.01248	0.01064	0.00762	0.15378	0.28666	0.07111	0.13955	0.03057	0.16991	0.00951	0.00602	0.00184	0.00417	0.03917	0.00564	0.00743
14	0.01595	0.15753	0.03955	0.06862	0.01830	0.32546	0.05618	0.01787	0.01241	0.01380	0.00835	0.01104	0.00726	0.00651	0.00839	0.00171	0.21784	0.00409	0.00261	0.00654
15	0.01190	0.01009	0.01171	0.00840	0.01330	0.00781	0.00673	0.04597	0.01212	0.01878	0.00999	0.01156	0.00826	0.00421	0.00416	0.00086	0.00419	0.00336	0.00338	0.80323
16	0.01481	0.80869	0.02902	0.00948	0.01421	0.02191	0.00948	0.01658	0.01125	0.01303	0.00770	0.00888	0.00711	0.00474	0.00355	0.00118	0.00592	0.00296	0.00237	0.00711
17	0.00902	0.00727	0.01005	0.02896	0.01120	0.00749	0.06624	0.02405	0.09138	0.01527	0.05660	0.23750	0.09221	0.19985	0.05714	0.01733	0.02866	0.03030	0.00431	0.00516
18	0.00675	0.00482	0.00643	0.00771	0.00803	0.00450	0.00514	0.00771	0.01060	0.01414	0.03053	0.80175	0.03663	0.01735	0.00707	0.00225	0.00321	0.01574	0.00514	0.00450
19	0.00705	0.00563	0.00631	0.00614	0.00779	0.00489	0.00460	0.00892	0.01381	0.01777	0.33241	0.04867	0.49051	0.01298	0.00654	0.00182	0.00273	0.01104	0.00551	0.00489
20	0.02040	0.01513	0.01627	0.01243	0.01690	0.01651	0.01026	0.70204	0.02505	0.03376	0.01306	0.01317	0.00934	0.00647	0.00544	0.00160	0.00596	0.00487	0.00539	0.06595
21	0.60975	0.01132	0.01009	0.00848	0.01218	0.01265	0.00699	0.13559	0.01289	0.12047	0.01038	0.01092	0.00751	0.00560	0.00403	0.00171	0.00463	0.00364	0.00420	0.00698
22	0.01378	0.01190	0.01252	0.01127	0.01440	0.01378	0.00877	0.02943	0.76081	0.02317	0.02254	0.02066	0.01691	0.00751	0.00564	0.00188	0.00438	0.00626	0.00564	0.00877
23	0.01525	0.01232	0.01314	0.01139	0.01474	0.01402	0.00898	0.15885	0.58927	0.04647	0.03929	0.01980	0.01634	0.00743	0.00564	0.00183	0.00466	0.00611	0.00566	0.00881
24	0.00778	0.00561	0.00735	0.00701	0.00826	0.00518	0.00522	0.01029	0.01539	0.02175	0.72567	0.08491	0.05136	0.01167	0.00656	0.00177	0.00265	0.01034	0.00604	0.00518
25	0.00973	0.00766	0.00905	0.00851	0.01035	0.00800	0.00648	0.01648	0.25844	0.02180	0.45230	0.08851	0.03905	0.01061	0.00631	0.00184	0.00330	0.02940	0.00585	0.00633
26	0.76895	0.01115	0.00892	0.00778	0.01130	0.01286	0.00641	0.08380	0.01095	0.02577	0.00822	0.00939	0.00631	0.00528	0.00362	0.00171	0.00445	0.00318	0.00362	0.00631
27	0.07922	0.01449	0.01560	0.01203	0.01638	0.01582	0.00994	0.61864	0.02372	0.11793	0.01387	0.01362	0.00966	0.00657	0.00540	0.00167	0.00581	0.00491	0.00554	0.00918
28	0.00675	0.00482	0.00643	0.00771	0.00803	0.00450	0.00514	0.00771	0.01060	0.01414	0.03053	0.80175	0.03663	0.01735	0.00707	0.00225	0.00321	0.01574	0.00514	0.00450
29	0.00804	0.00542	0.00629	0.00629	0.00638	0.00551	0.00367	0.00821	0.00813	0.01092	0.01722	0.03498	0.01959	0.73858	0.09422	0.00568	0.00620	0.00787	0.00332	0.00349
30	0.01032	0.00516	0.00516	0.00516	0.00645	0.00516	0.00387	0.01290	0.01161	0.02065	0.01807	0.02065	0.01420	0.00645	0.00387	0.00129	0.00258	0.00516	0.83611	0.00516
31	0.01170	0.01082	0.01864	0.38255	0.09312	0.01218	0.14116	0.03590	0.01206	0.03763	0.01374	0.04411	0.03288	0.00705	0.00696	0.00193	0.07100	0.05685	0.00310	0.00662
32	0.01046	0.00984	0.01661	0.79205	0.03814	0.01230	0.01538	0.01415	0.01107	0.01415	0.00984	0.01477	0.00738	0.00554	0.00554	0.00185	0.00738	0.00492	0.00246	0.00615
33	0.01251	0.01193	0.02031	0.31388	0.50030	0.01284	0.01640	0.01595	0.01204	0.01664	0.01021	0.01410	0.00826	0.00516	0.00550	0.00172	0.00688	0.00493	0.00264	0.00781
34	0.32620	0.01117	0.01181	0.00952	0.01346	0.01170	0.00783	0.15972	0.05253	0.32109	0.01505	0.01426	0.01021	0.00622	0.00478	0.00171	0.00480	0.00455	0.00528	0.00813
35	0.00784	0.00566	0.00740	0.00697	0.00827	0.00523	0.00523	0.01045	0.01568	0.02221	0.76789	0.04137	0.05226	0.01132	0.00653	0.00174	0.00261	0.01002	0.00610	0.00523
36	0.00674	0.00485	0.00640	0.00764	0.00801	0.00450	0.00511	0.00772	0.01067	0.01417	0.03140	0.77604	0.06177	0.01724	0.00705	0.00224	0.00320	0.01561	0.00514	0.00450
37	0.01363	0.01498	0.03155	0.02260	0.02812	0.01423	0.69880	0.06925	0.01398	0.01894	0.01135	0.01482	0.00847	0.00481	0.00647	0.00185	0.00911	0.00643	0.00299	0.00761
38	0.01239	0.22397	0.47684	0.01448	0.02124	0.01513	0.08018	0.03784	0.01223	0.01705	0.03372	0.01225	0.00867	0.00531	0.00499	0.00162	0.00748	0.00423	0.00260	0.00779
39	0.01034	0.00975	0.01442	0.57156	0.03038	0.05484	0.01303	0.01338	0.01136	0.01425	0.01434	0.14856	0.01366	0.00808	0.00588	0.00193	0.00670	0.04862	0.00308	0.00583
40	0.00805	0.00540	0.00618	0.00618	0.00623	0.00544	0.00353	0.00814	0.00809	0.01084	0.01732	0.03554	0.01983	0.76842	0.06471	0.00554	0.00583	0.00795	0.00334	0.00343
41	0.03547	0.01043	0.01736	0.63996	0.16210	0.01245	0.01538	0.01470	0.01129	0.01514	0.00988	0.01442	0.00758	0.00542	0.00547	0.00181	0.00716	0.00487	0.00254	0.00659
42	0.60698	0.00963	0.00818	0.00756	0.01052	0.01076	0.00612	0.03641	0.01066	0.04221	0.01576	0.08053	0.08020	0.00761	0.00437	0.00182	0.00417	0.04666	0.00397	0.00589
43	0.00888	0.00682	0.00783	0.00753	0.00925	0.00651	0.00560	0.09619	0.03400	0.01887	0.19147	0.25578	0.28470	0.01313	0.00649	0.00190	0.00334	0.01136	0.00536	0.02499
44	0.05410	0.57877	0.17315	0.01104	0.01627	0.01938	0.02776	0.01669	0.01121	0.01459	0.00820	0.00966	0.00707	0.00500	0.00435	0.00137	0.02840	0.00331	0.00243	0.00724
45	0.01914	0.01088	0.01323	0.01117	0.03795	0.01090	0.00864	0.22458	0.10176	0.31705	0.01882	0.08872	0.01436	0.00826	0.00644	0.04345	0.00496	0.00625	0.00567	0.04776
46	0.20933	0.10924	0.20979	0.01185	0.01658	0.19381	0.01158	0.01990	0.05725	0.09686	0.01084	0.01163	0.00810	0.00558	0.00463	0.00161	0.00686	0.00387	0.00338	0.00730
47	0.02000	0.02100	0.01556	0.01342	0.01675	0.44753	0.01051	0.28940	0.01929	0.02160	0.01175	0.01488	0.00971	0.00673	0.00538	0.00159	0.00822	0.05527	0.00400	0.00743
48	0.01608	0.01335	0.04334	0.10275	0.22059	0.01343	0.10543	0.16779	0.12287	0.11643	0.01419	0.01547	0.01044	0.00593	0.00566	0.00174	0.00642	0.00539	0.00420	0.00852

[dist]
# distance from previous block
# <min> <max>
0	10

[block]
# block no. 4 follows, 43 sequences, length 17
# corresponding to MSA columns:
# 344-360
name=unknown_E
#
# <colnr> <probs for GDERKNQSTAVLIFYWHMCP>
#	G	D	E	R	K	N	Q	S	T	A	V	L	I	F	Y	W	H	M	C	P
0	0.00938	0.00976	0.06667	0.01162	0.01452	0.00820	0.18966	0.01301	0.04988	0.01876	0.30775	0.08227	0.14395	0.04066	0.00728	0.00197	0.00491	0.00912	0.00469	0.00595
1	0.00892	0.00637	0.00892	0.01020	0.01147	0.00637	0.00892	0.01147	0.01275	0.01657	0.02932	0.06247	0.03187	0.01530	0.00765	0.00255	0.00510	0.73354	0.00510	0.00510
2	0.00944	0.00722	0.00913	0.00847	0.00989	0.00764	0.00658	0.01265	0.07663	0.05159	0.38705	0.08713	0.14677	0.01151	0.00813	0.00193	0.11489	0.03232	0.00533	0.00569
3	0.00693	0.00559	0.00616	0.00609	0.00773	0.00483	0.00454	0.00866	0.01342	0.01702	0.26039	0.08205	0.53039	0.01339	0.00656	0.00185	0.00277	0.01138	0.00542	0.00483
4	0.84448	0.01071	0.00814	0.00728	0.01071	0.01242	0.00600	0.01628	0.00943	0.02485	0.00771	0.00900	0.00600	0.00514	0.00343	0.00171	0.00428	0.00300	0.00343	0.00600
5	0.01550	0.01276	0.01350	0.01162	0.01506	0.01458	0.00918	0.20103	0.58640	0.02595	0.02035	0.01891	0.01513	0.00731	0.00561	0.00183	0.00479	0.00596	0.00561	0.00892
6	0.00716	0.00536	0.00699	0.00829	0.03174	0.00498	0.00558	0.00841	0.01127	0.01478	0.06108	0.55556	0.15529	0.03549	0.00748	0.00225	0.00341	0.06511	0.00506	0.00470
7	0.01077	0.00680	0.00868	0.00775	0.00964	0.00645	0.00596	0.04113	0.05148	0.11816	0.60971	0.03648	0.04409	0.01040	0.00633	0.00174	0.00309	0.00909	0.00615	0.00608
8	0.01212	0.01212	0.01696	0.01454	0.01454	0.01696	0.01212	0.01333	0.00848	0.01333	0.00727	0.01212	0.00727	0.00969	0.01818	0.00242	0.79523	0.00485	0.00242	0.00606
9	0.01230	0.02338	0.56386	0.01397	0.02065	0.01217	0.01683	0.07706	0.03964	0.04553	0.01198	0.01357	0.00869	0.00696	0.03410	0.00197	0.00751	0.00446	0.07741	0.00796
10	0.00703	0.00525	0.00657	0.00738	0.00827	0.00480	0.00530	0.00842	0.01181	0.01537	0.10826	0.46862	0.21777	0.01574	0.00695	0.00214	0.00325	0.08716	0.00523	0.00467
11	0.00728	0.00504	0.00627	0.00703	0.00722	0.00485	0.00442	0.00785	0.00957	0.01276	0.02521	0.49083	0.02993	0.33741	0.01565	0.00352	0.00409	0.01262	0.00442	0.00403
12	0.01299	0.01550	0.06289	0.02304	0.02874	0.01396	0.72105	0.01773	0.01302	0.01773	0.01115	0.01481	0.00835	0.00469	0.00648	0.00186	0.00929	0.00644	0.00278	0.00750
13	0.01199	0.01163	0.01811	0.19462	0.23562	0.04340	0.11668	0.03074	0.08703	0.01713	0.01761	0.09821	0.07819	0.00741	0.00589	0.00182	0.00639	0.00692	0.00349	0.00712
14	0.00917	0.00608	0.00717	0.00679	0.00826	0.00599	0.00513	0.01297	0.08305	0.02181	0.46287	0.03293	0.03700	0.00944	0.00561	0.00161	0.00277	0.00814	0.26768	0.00553
15	0.00680	0.00495	0.00642	0.00747	0.00800	0.00456	0.00506	0.00792	0.01113	0.01475	0.08230	0.68301	0.10392	0.01665	0.00699	0.00218	0.00314	0.01499	0.00521	0.00456
16	0.03998	0.01139	0.05136	0.19997	0.02059	0.01161	0.06943	0.19003	0.06824	0.03597	0.08695	0.15561	0.01806	0.00850	0.00591	0.00186	0.00572	0.00746	0.00437	0.00700

[dist]
# distance from previous block
# <min> <max>
1	2

[block]
# block no. 5 follows, 43 sequences, length 59
# corresponding to MSA columns:
# 363-421
name=unknown_F
#
# <colnr> <probs for GDERKNQSTAVLIFYWHMCP>
#	G	D	E	R	K	N	Q	S	T	A	V	L	I	F	Y	W	H	M	C	P
0	0.06342	0.03776	0.01876	0.12479	0.24010	0.15255	0.05759	0.13308	0.03433	0.04933	0.01096	0.01313	0.00853	0.00567	0.00563	0.00167	0.02684	0.00468	0.00342	0.00777
1	0.00813	0.03030	0.00697	0.00695	0.00789	0.00561	0.00499	0.00965	0.01113	0.01603	0.02919	0.42983	0.13051	0.01320	0.00631	0.00190	0.02596	0.01148	0.23913	0.00484
2	0.01226	0.01154	0.06172	0.17549	0.11438	0.01163	0.03180	0.11246	0.14908	0.01926	0.01723	0.03972	0.05870	0.05390	0.07662	0.00262	0.00668	0.00613	0.03164	0.00712
3	0.01638	0.13519	0.03901	0.02742	0.02696	0.13258	0.05250	0.17749	0.20565	0.05397	0.02411	0.05815	0.01265	0.00689	0.00533	0.00166	0.00625	0.00553	0.00437	0.00791
4	0.01113	0.00844	0.01301	0.14059	0.17940	0.00862	0.02199	0.03636	0.01224	0.08263	0.02115	0.35082	0.02226	0.01116	0.00633	0.00200	0.00506	0.05613	0.00431	0.00636
5	0.03192	0.11207	0.21400	0.03994	0.16498	0.01417	0.06032	0.11154	0.04328	0.09712	0.01185	0.01328	0.00885	0.00565	0.00562	0.00167	0.03157	0.00463	0.00349	0.02404
6	0.05271	0.34312	0.07345	0.01345	0.01736	0.01746	0.14153	0.01673	0.01116	0.06276	0.00926	0.01153	0.00773	0.00608	0.00775	0.00169	0.19208	0.00428	0.00279	0.00709
7	0.00695	0.00561	0.00618	0.00608	0.00774	0.00484	0.00455	0.00872	0.01352	0.01719	0.27592	0.06727	0.52948	0.01327	0.00655	0.00184	0.00276	0.01127	0.00544	0.00484
8	0.01187	0.01733	0.24963	0.08965	0.11999	0.04243	0.18721	0.01678	0.04712	0.01760	0.07952	0.03953	0.01315	0.00698	0.02271	0.00195	0.02020	0.00586	0.00312	0.00739
9	0.01555	0.05076	0.04748	0.06906	0.20897	0.02719	0.01176	0.14353	0.18459	0.09890	0.01569	0.04834	0.01230	0.00663	0.00544	0.00171	0.00568	0.00561	0.03247	0.00833
10	0.01413	0.00910	0.06257	0.00905	0.03058	0.00726	0.00743	0.01709	0.05738	0.28878	0.08568	0.06247	0.30529	0.01018	0.00605	0.00181	0.00405	0.00852	0.00560	0.00699
11	0.09114	0.00823	0.01024	0.00898	0.01169	0.00780	0.00696	0.07233	0.01415	0.35759	0.04659	0.29750	0.02209	0.01057	0.00594	0.00190	0.00418	0.00907	0.00581	0.00723
12	0.03581	0.07102	0.19476	0.04843	0.09969	0.06504	0.26271	0.01803	0.05278	0.02722	0.03010	0.01408	0.00944	0.00552	0.00615	0.00176	0.04173	0.00521	0.00294	0.00756
13	0.03021	0.15560	0.22371	0.01613	0.11986	0.11568	0.04908	0.08778	0.06692	0.01823	0.01097	0.01276	0.00867	0.00763	0.05180	0.00203	0.00773	0.00439	0.00308	0.00773
14	0.00811	0.00557	0.00766	0.00848	0.00931	0.00543	0.00657	0.00951	0.01163	0.01550	0.12277	0.27754	0.05249	0.01686	0.03821	0.10753	0.00447	0.28295	0.00482	0.00458
15	0.00705	0.00509	0.00668	0.00784	0.00838	0.00478	0.00551	0.00822	0.01094	0.01441	0.03170	0.63335	0.08468	0.04020	0.00773	0.00235	0.00349	0.10794	0.00508	0.00455
16	0.03087	0.03978	0.01869	0.06188	0.20635	0.14221	0.07990	0.05863	0.08557	0.10240	0.01300	0.01470	0.02168	0.00629	0.00683	0.00175	0.09301	0.00506	0.00364	0.00776
17	0.02022	0.04725	0.01661	0.01238	0.01669	0.01676	0.01024	0.63004	0.09573	0.05624	0.01423	0.01400	0.01018	0.00666	0.00547	0.00167	0.00588	0.00504	0.00546	0.00926
18	0.01568	0.04635	0.05755	0.08270	0.13986	0.04216	0.06784	0.23487	0.01645	0.05988	0.02546	0.01395	0.00968	0.00654	0.02550	0.00173	0.00656	0.00479	0.00388	0.13858
19	0.07171	0.13110	0.10432	0.01676	0.17860	0.06661	0.02634	0.21938	0.01603	0.06078	0.01119	0.01260	0.00861	0.00670	0.02928	0.00180	0.00678	0.00441	0.00369	0.02331
20	0.00890	0.00686	0.00821	0.00868	0.01004	0.00705	0.00654	0.01371	0.18479	0.01727	0.05936	0.36073	0.10116	0.01381	0.00667	0.00213	0.00374	0.14319	0.03151	0.00566
21	0.01877	0.00842	0.01089	0.00885	0.01224	0.00751	0.00713	0.02170	0.06126	0.49740	0.13848	0.02770	0.13763	0.00868	0.00587	0.00175	0.00408	0.00723	0.00640	0.00802
22	0.01365	0.01182	0.01739	0.01377	0.01647	0.01319	0.16128	0.21860	0.01442	0.02002	0.01220	0.01729	0.01064	0.10440	0.13266	0.00340	0.17490	0.00572	0.00359	0.03457
23	0.01176	0.01096	0.08034	0.01122	0.01397	0.01002	0.04698	0.14418	0.13891	0.02067	0.06112	0.18002	0.02364	0.03586	0.00714	0.00216	0.00516	0.18426	0.00491	0.00670
24	0.00675	0.00482	0.00643	0.00771	0.00803	0.00450	0.00514	0.00771	0.01060	0.01414	0.03053	0.80175	0.03663	0.01735	0.00707	0.00225	0.00321	0.01574	0.00514	0.00450
25	0.00825	0.00640	0.00944	0.00925	0.01013	0.00766	0.00721	0.01010	0.00884	0.01282	0.01433	0.02148	0.01354	0.06450	0.69814	0.00827	0.07580	0.00592	0.00294	0.00498
26	0.07790	0.01095	0.04285	0.01024	0.01464	0.00963	0.00875	0.10790	0.01642	0.61201	0.01949	0.01729	0.01245	0.00666	0.00541	0.00171	0.00498	0.00528	0.00630	0.00915
27	0.14321	0.01300	0.01210	0.01036	0.01340	0.13273	0.00827	0.22198	0.03983	0.09517	0.04344	0.01721	0.01253	0.01113	0.10271	0.00255	0.00686	0.02718	0.07916	0.00717
28	0.09614	0.03799	0.01983	0.05790	0.14674	0.17103	0.20754	0.05419	0.01339	0.01798	0.01213	0.08371	0.01070	0.00633	0.00549	0.00170	0.00732	0.00581	0.03709	0.00699
29	0.00752	0.00547	0.00726	0.00841	0.00923	0.00520	0.00643	0.00911	0.01159	0.01511	0.03260	0.45829	0.10686	0.01628	0.00723	0.00232	0.00386	0.27737	0.00513	0.00474
30	0.01803	0.04181	0.01568	0.03323	0.04610	0.11401	0.01018	0.38777	0.18823	0.02683	0.01514	0.01524	0.02138	0.00666	0.00538	0.00166	0.00609	0.00512	0.03296	0.00849
31	0.01250	0.01252	0.06373	0.23702	0.10132	0.01255	0.13340	0.11956	0.06195	0.01914	0.03915	0.04203	0.07670	0.00702	0.00632	0.00183	0.03619	0.00629	0.00360	0.00718
32	0.04152	0.16243	0.14205	0.01279	0.04639	0.03677	0.07397	0.06341	0.01404	0.24241	0.03577	0.01553	0.03068	0.00600	0.00511	0.00158	0.00606	0.00489	0.00421	0.05439
33	0.01236	0.29356	0.52276	0.01364	0.02066	0.01594	0.01673	0.01721	0.01154	0.01601	0.00918	0.01074	0.00705	0.00508	0.00468	0.00156	0.00742	0.00371	0.00235	0.00782
34	0.01519	0.00772	0.00993	0.00887	0.01154	0.00712	0.00714	0.01826	0.07105	0.32974	0.11089	0.10251	0.13777	0.01078	0.00630	0.00194	0.00410	0.12613	0.00598	0.00706
35	0.01063	0.02973	0.23902	0.04275	0.02595	0.00932	0.01092	0.03766	0.06888	0.05284	0.04118	0.17160	0.06883	0.11219	0.00885	0.00236	0.00557	0.05126	0.00403	0.00642
36	0.03784	0.06205	0.07292	0.01342	0.11205	0.03243	0.05590	0.04362	0.07136	0.02793	0.01804	0.17866	0.02704	0.07228	0.00743	0.00205	0.00535	0.04907	0.04969	0.06086
37	0.01181	0.06528	0.30981	0.01489	0.02008	0.01173	0.18784	0.01590	0.01203	0.06731	0.01671	0.13869	0.05687	0.00777	0.00634	0.00185	0.03756	0.00699	0.00336	0.00717
38	0.00716	0.00531	0.00667	0.00739	0.00827	0.00489	0.00533	0.00860	0.01188	0.01557	0.13716	0.42154	0.19130	0.04764	0.00781	0.00226	0.00335	0.09801	0.00520	0.00466
39	0.07036	0.13590	0.12536	0.03072	0.01626	0.03837	0.10725	0.03873	0.01171	0.01648	0.03750	0.15551	0.01555	0.02824	0.05279	0.00234	0.07178	0.03539	0.00339	0.00637
40	0.01328	0.01296	0.03840	0.06568	0.23458	0.03380	0.11880	0.06551	0.04418	0.01897	0.01093	0.01328	0.00873	0.00490	0.00515	0.00141	0.00619	0.00459	0.00322	0.29543
41	0.00801	0.00555	0.00693	0.00693	0.00724	0.00585	0.00447	0.00863	0.00832	0.01140	0.01664	0.03173	0.01818	0.56751	0.26337	0.00647	0.00832	0.00739	0.00323	0.00385
42	0.00732	0.00545	0.00683	0.00697	0.00804	0.00510	0.00501	0.00905	0.01269	0.01713	0.32191	0.22312	0.19607	0.06937	0.07785	0.00278	0.00408	0.01124	0.00520	0.00478
43	0.04055	0.16961	0.20638	0.06241	0.15241	0.04999	0.01340	0.05934	0.01280	0.04615	0.01008	0.01186	0.00791	0.00510	0.00477	0.00147	0.00652	0.00400	0.00298	0.13229
44	0.01338	0.01623	0.15683	0.01607	0.13542	0.08048	0.08417	0.05460	0.06188	0.01872	0.01097	0.01276	0.00863	0.00500	0.00502	0.00139	0.00640	0.00431	0.00321	0.30455
45	0.00669	0.00562	0.00582	0.00577	0.00757	0.00474	0.00433	0.00824	0.01298	0.01580	0.13809	0.05193	0.68606	0.01371	0.00654	0.00186	0.00278	0.01150	0.00525	0.00474
46	0.01183	0.08617	0.09056	0.01055	0.01294	0.01148	0.00942	0.04459	0.02463	0.07788	0.19155	0.04690	0.08801	0.01063	0.04059	0.00217	0.20963	0.00687	0.01720	0.00640
47	0.01677	0.08270	0.01708	0.10981	0.04412	0.20823	0.05640	0.17885	0.06841	0.06765	0.01613	0.01696	0.07952	0.00669	0.00540	0.00163	0.00693	0.00529	0.00400	0.00743
48	0.00805	0.00537	0.00604	0.00604	0.00604	0.00537	0.00336	0.00805	0.00805	0.01074	0.01745	0.03624	0.02013	0.80536	0.02819	0.00537	0.00537	0.00805	0.00336	0.00336
49	0.00804	0.00574	0.00722	0.00729	0.00854	0.00532	0.00535	0.01040	0.03692	0.04045	0.38598	0.26113	0.14972	0.01332	0.00666	0.00193	0.00300	0.03216	0.00566	0.00516
50	0.01624	0.06161	0.11488	0.10965	0.10729	0.04329	0.13592	0.09348	0.04245	0.17623	0.01322	0.01460	0.00952	0.00584	0.00592	0.00173	0.03105	0.00511	0.00389	0.00810
51	0.01392	0.01548	0.02714	0.05570	0.19809	0.09915	0.43931	0.01773	0.01298	0.01703	0.01051	0.01398	0.00826	0.00509	0.00656	0.00179	0.04128	0.00570	0.00276	0.00754
52	0.00906	0.00762	0.01110	0.01044	0.01116	0.00966	0.00834	0.01083	0.00879	0.01299	0.01277	0.01913	0.01205	0.03285	0.57463	0.00713	0.22776	0.00564	0.00282	0.00525
53	0.00730	0.00545	0.00666	0.00681	0.00794	0.00496	0.00491	0.00902	0.01305	0.01744	0.33507	0.21904	0.23109	0.07442	0.00835	0.00219	0.00309	0.03304	0.00539	0.00477
54	0.01258	0.06587	0.08770	0.10669	0.20200	0.06074	0.05658	0.01547	0.01216	0.04467	0.06960	0.06492	0.03898	0.00752	0.00735	0.00183	0.11341	0.02165	0.00329	0.00700
55	0.40543	0.01369	0.06988	0.03425	0.01459	0.08963	0.03884	0.06681	0.01174	0.02117	0.01050	0.07384	0.00925	0.00652	0.00537	0.00173	0.05790	0.00464	0.00344	0.06078
56	0.06051	0.01658	0.21727	0.14964	0.21556	0.06231	0.04252	0.01672	0.03168	0.03691	0.02962	0.03768	0.04687	0.00622	0.00545	0.00174	0.00686	0.00536	0.00307	0.00744
57	0.03145	0.07800	0.10767	0.03608	0.04989	0.01155	0.04612	0.13253	0.06359	0.07694	0.03622	0.13173	0.02733	0.00802	0.00553	0.00170	0.00545	0.03825	0.00426	0.10769
58	0.03467	0.01163	0.03274	0.01133	0.06319	0.04636	0.02780	0.03900	0.12293	0.10177	0.01618	0.01660	0.06095	0.00584	0.00490	0.00132	0.00487	0.00480	0.00412	0.38899

[dist]
# distance from previous block
# <min> <max>
2	12

[block]
# block no. 6 follows, 43 sequences, length 37
# corresponding to MSA columns:
# 436-472
name=unknown_G
#
# <colnr> <probs for GDERKNQSTAVLIFYWHMCP>
#	G	D	E	R	K	N	Q	S	T	A	V	L	I	F	Y	W	H	M	C	P
0	0.04033	0.23116	0.36100	0.01275	0.03884	0.02945	0.01393	0.01702	0.01217	0.05905	0.07544	0.01383	0.01141	0.00566	0.00480	0.00153	0.00652	0.00431	0.00304	0.05777
1	0.01587	0.07846	0.03719	0.01423	0.10565	0.21332	0.01035	0.09534	0.12992	0.05875	0.08364	0.03172	0.01561	0.00721	0.00544	0.00164	0.00639	0.05082	0.00419	0.03424
2	0.01124	0.06996	0.07250	0.00951	0.01175	0.00966	0.03689	0.10003	0.01147	0.03993	0.01456	0.02387	0.01425	0.32996	0.17811	0.00462	0.02276	0.00621	0.00345	0.02926
3	0.01309	0.06131	0.06309	0.20228	0.12690	0.01372	0.20794	0.05184	0.10097	0.03513	0.01267	0.01639	0.00998	0.00593	0.00611	0.00181	0.03015	0.02987	0.00328	0.00752
4	0.49054	0.03187	0.00795	0.00699	0.00956	0.00970	0.00549	0.01312	0.01044	0.02067	0.05900	0.10045	0.15435	0.05204	0.00589	0.00198	0.00392	0.00654	0.00402	0.00545
5	0.01255	0.01180	0.06223	0.35026	0.09232	0.01237	0.04877	0.05258	0.12147	0.05203	0.01331	0.01741	0.01046	0.00686	0.00673	0.02883	0.04216	0.03413	0.01668	0.00707
6	0.00655	0.00561	0.00561	0.00561	0.00748	0.00468	0.00421	0.00795	0.01262	0.01496	0.05610	0.05330	0.76857	0.01403	0.00655	0.00187	0.00281	0.01169	0.00514	0.00468
7	0.03917	0.07624	0.14713	0.03526	0.01595	0.06111	0.07767	0.03689	0.02955	0.02904	0.07323	0.01743	0.01320	0.05500	0.00856	0.00195	0.13407	0.00530	0.13675	0.00650
8	0.01440	0.08801	0.30937	0.06167	0.04686	0.01384	0.10512	0.07328	0.03536	0.11622	0.01186	0.01344	0.00864	0.00589	0.00642	0.00177	0.07176	0.00475	0.00335	0.00800
9	0.00685	0.00562	0.00603	0.00592	0.00766	0.00480	0.00444	0.00853	0.01333	0.01664	0.22100	0.05054	0.60263	0.01340	0.00654	0.00184	0.00276	0.01130	0.00536	0.00480
10	0.01299	0.01763	0.18231	0.22963	0.04830	0.15670	0.12249	0.01668	0.01225	0.01568	0.01068	0.03677	0.00864	0.00604	0.00633	0.00177	0.06044	0.00506	0.04279	0.00681
11	0.01473	0.75834	0.02786	0.00951	0.01409	0.04560	0.00935	0.01649	0.01144	0.01311	0.00926	0.01033	0.03124	0.00506	0.00369	0.00121	0.00595	0.00326	0.00247	0.00701
12	0.00700	0.00601	0.00605	0.00597	0.00792	0.00525	0.00450	0.00931	0.06015	0.01548	0.05397	0.05123	0.72082	0.01361	0.00649	0.00187	0.00291	0.01134	0.00517	0.00494
13	0.01111	0.02865	0.77667	0.01579	0.02397	0.01286	0.02046	0.01754	0.01169	0.01754	0.00994	0.01169	0.00702	0.00526	0.00526	0.00175	0.00818	0.00409	0.00234	0.00818
14	0.01124	0.02773	0.72675	0.01629	0.02430	0.01294	0.06946	0.01755	0.01179	0.01755	0.01002	0.01191	0.00711	0.00522	0.00535	0.00176	0.00826	0.00426	0.00237	0.00814
15	0.02069	0.02640	0.01569	0.01427	0.01712	0.78313	0.01070	0.02212	0.01569	0.01355	0.00856	0.00999	0.00713	0.00571	0.00499	0.00143	0.00999	0.00357	0.00285	0.00642
16	0.00674	0.00521	0.00615	0.00677	0.00782	0.00463	0.00475	0.00801	0.01182	0.01507	0.09449	0.43183	0.34586	0.01552	0.00681	0.00205	0.00300	0.01362	0.00521	0.00463
17	0.00962	0.00481	0.00722	0.00722	0.00722	0.00481	0.00481	0.00722	0.00722	0.00962	0.00962	0.01684	0.00962	0.01924	0.02165	0.83886	0.00481	0.00481	0.00241	0.00241
18	0.00949	0.00565	0.00672	0.00635	0.00782	0.00531	0.00480	0.01200	0.01400	0.05595	0.41501	0.03319	0.07387	0.00943	0.00549	0.00158	0.00271	0.00808	0.31718	0.00537
19	0.01155	0.01045	0.01322	0.01035	0.01347	0.01057	0.00844	0.01358	0.01038	0.01626	0.00918	0.01210	0.00811	0.00746	0.03979	0.00168	0.26961	0.00391	0.00298	0.52690
20	0.01291	0.01457	0.03122	0.05840	0.02871	0.01406	0.68295	0.01737	0.01277	0.01737	0.01096	0.01480	0.00830	0.00494	0.00702	0.00189	0.04524	0.00638	0.00277	0.00734
21	0.00685	0.00489	0.00654	0.00783	0.00819	0.00459	0.00532	0.00789	0.01070	0.01425	0.03047	0.76760	0.03641	0.01726	0.00710	0.00226	0.00330	0.04890	0.00514	0.00453
22	0.84448	0.01071	0.00814	0.00728	0.01071	0.01242	0.00600	0.01628	0.00943	0.02485	0.00771	0.00900	0.00600	0.00514	0.00343	0.00171	0.00428	0.00300	0.00343	0.00600
23	0.00674	0.00507	0.00625	0.00711	0.00790	0.00458	0.00489	0.00790	0.01138	0.01473	0.07117	0.56587	0.23397	0.01618	0.00690	0.00212	0.00308	0.01439	0.00519	0.00458
24	0.01371	0.01316	0.02248	0.03399	0.77081	0.01316	0.01700	0.01700	0.01261	0.01809	0.01042	0.01371	0.00877	0.00493	0.00548	0.00164	0.00658	0.00493	0.00274	0.00877
25	0.84448	0.01071	0.00814	0.00728	0.01071	0.01242	0.00600	0.01628	0.00943	0.02485	0.00771	0.00900	0.00600	0.00514	0.00343	0.00171	0.00428	0.00300	0.00343	0.00600
26	0.01318	0.01262	0.02152	0.15774	0.65122	0.01302	0.01673	0.01653	0.01236	0.01745	0.01032	0.01388	0.00855	0.00503	0.00549	0.00168	0.00671	0.00493	0.00270	0.00834
27	0.00717	0.00564	0.00648	0.00627	0.00787	0.00494	0.00470	0.00916	0.01410	0.01848	0.40121	0.04752	0.42127	0.01272	0.00654	0.00181	0.00271	0.01088	0.00561	0.00494
28	0.01481	0.80869	0.02902	0.00948	0.01421	0.02191	0.00948	0.01658	0.01125	0.01303	0.00770	0.00888	0.00711	0.00474	0.00355	0.00118	0.00592	0.00296	0.00237	0.00711
29	0.01214	0.00661	0.00878	0.00770	0.00976	0.00596	0.00596	0.01464	0.01572	0.21263	0.57909	0.03567	0.04250	0.01019	0.00629	0.00173	0.00314	0.00889	0.00629	0.00629
30	0.01844	0.01398	0.01497	0.01210	0.01604	0.01563	0.00980	0.45976	0.30114	0.05256	0.01702	0.01622	0.01235	0.00698	0.00558	0.00174	0.00541	0.00548	0.00562	0.00917
31	0.00892	0.00591	0.00769	0.00710	0.00863	0.00540	0.00537	0.01145	0.01555	0.07236	0.68500	0.04041	0.08271	0.01115	0.00647	0.00175	0.00276	0.00979	0.00610	0.00548
32	0.01508	0.03950	0.04104	0.25058	0.13837	0.01489	0.01326	0.26858	0.06263	0.02242	0.01163	0.01397	0.00885	0.00624	0.00645	0.00177	0.06812	0.00493	0.00375	0.00792
33	0.00922	0.00594	0.00767	0.00716	0.00873	0.00539	0.00539	0.01155	0.01502	0.09111	0.57438	0.09803	0.11594	0.01162	0.00648	0.00179	0.00287	0.01019	0.00600	0.00551
34	0.01316	0.01124	0.03435	0.25967	0.20917	0.01188	0.03438	0.05126	0.10087	0.07726	0.07704	0.01780	0.01352	0.00636	0.00587	0.00176	0.02450	0.00560	0.03683	0.00748
35	0.03690	0.01472	0.01608	0.09938	0.09548	0.18075	0.07571	0.11196	0.09167	0.01959	0.01236	0.01435	0.00967	0.00600	0.00575	0.00161	0.04305	0.00481	0.10922	0.05094
36	0.01548	0.14492	0.04547	0.20976	0.06322	0.03963	0.09336	0.11394	0.04770	0.11794	0.01219	0.01396	0.00905	0.00570	0.00545	0.00165	0.01882	0.00481	0.00365	0.03330

[dist]
# distance from previous block
# <min> <max>
0	13

[block]
# block no. 7 follows, 43 sequences, length 35
# corresponding to MSA columns:
# 486-520
name=unknown_H
#
# <colnr> <probs for GDERKNQSTAVLIFYWHMCP>
#	G	D	E	R	K	N	Q	S	T	A	V	L	I	F	Y	W	H	M	C	P
0	0.01329	0.03319	0.20367	0.06788	0.10837	0.08423	0.01276	0.11764	0.06385	0.01941	0.07269	0.03452	0.01331	0.02720	0.04389	0.02227	0.00694	0.00535	0.00357	0.04596
1	0.01341	0.07133	0.29354	0.01698	0.10508	0.08037	0.11057	0.05313	0.01292	0.04964	0.01258	0.09453	0.01091	0.00675	0.00613	0.00177	0.04393	0.00574	0.00314	0.00757
2	0.01006	0.04157	0.00971	0.00828	0.03159	0.00720	0.00620	0.01299	0.06219	0.06756	0.19404	0.07376	0.23970	0.01156	0.04400	0.00197	0.00408	0.00837	0.00486	0.16030
3	0.00731	0.00566	0.00678	0.00735	0.00872	0.00513	0.00573	0.00901	0.01245	0.01568	0.08757	0.20305	0.38026	0.01486	0.00695	0.00212	0.00350	0.20789	0.00519	0.00479
4	0.01148	0.00984	0.01148	0.00820	0.01312	0.00738	0.00656	0.01395	0.01148	0.01805	0.00984	0.01148	0.00820	0.00410	0.00410	0.00082	0.00410	0.00328	0.00328	0.83922
5	0.00675	0.00482	0.00643	0.00771	0.00803	0.00450	0.00514	0.00771	0.01060	0.01414	0.03053	0.80175	0.03663	0.01735	0.00707	0.00225	0.00321	0.01574	0.00514	0.00450
6	0.01111	0.02865	0.77667	0.01579	0.02397	0.01286	0.02046	0.01754	0.01169	0.01754	0.00994	0.01169	0.00702	0.00526	0.00526	0.00175	0.00818	0.00409	0.00234	0.00818
7	0.00675	0.00482	0.00643	0.00771	0.00803	0.00450	0.00514	0.00771	0.01060	0.01414	0.03053	0.80175	0.03663	0.01735	0.00707	0.00225	0.00321	0.01574	0.00514	0.00450
8	0.01371	0.01316	0.02248	0.03399	0.77081	0.01316	0.01700	0.01700	0.01261	0.01809	0.01042	0.01371	0.00877	0.00493	0.00548	0.00164	0.00658	0.00493	0.00274	0.00877
9	0.01378	0.01190	0.01252	0.01127	0.01440	0.01378	0.00877	0.02943	0.76081	0.02317	0.02254	0.02066	0.01691	0.00751	0.00564	0.00188	0.00438	0.00626	0.00564	0.00877
10	0.84448	0.01071	0.00814	0.00728	0.01071	0.01242	0.00600	0.01628	0.00943	0.02485	0.00771	0.00900	0.00600	0.00514	0.00343	0.00171	0.00428	0.00300	0.00343	0.00600
11	0.01046	0.00984	0.01661	0.79205	0.03814	0.01230	0.01538	0.01415	0.01107	0.01415	0.00984	0.01477	0.00738	0.00554	0.00554	0.00185	0.00738	0.00492	0.00246	0.00615
12	0.02460	0.00982	0.01310	0.01004	0.01434	0.00873	0.00830	0.07453	0.01652	0.72616	0.02129	0.01849	0.01343	0.00684	0.00557	0.00171	0.00480	0.00553	0.00677	0.00942
13	0.01875	0.01425	0.01520	0.01210	0.01612	0.01585	0.00985	0.55313	0.19562	0.03133	0.01727	0.01671	0.04359	0.00716	0.00561	0.00172	0.00556	0.00557	0.00555	0.00906
14	0.00802	0.00550	0.00668	0.00668	0.00690	0.00572	0.00415	0.00846	0.00824	0.01121	0.01687	0.03302	0.01873	0.63519	0.19644	0.00616	0.00748	0.00758	0.00327	0.00371
15	0.02105	0.01551	0.01662	0.01274	0.01717	0.01717	0.01053	0.75235	0.02604	0.03490	0.01330	0.01330	0.00942	0.00665	0.00554	0.00166	0.00609	0.00499	0.00554	0.00942
16	0.00999	0.00650	0.00862	0.00906	0.01042	0.00627	0.00737	0.01188	0.01180	0.07309	0.02519	0.07725	0.02688	0.19019	0.01187	0.00302	0.00501	0.45481	0.00476	0.04600
17	0.01111	0.02865	0.77667	0.01579	0.02397	0.01286	0.02046	0.01754	0.01169	0.01754	0.00994	0.01169	0.00702	0.00526	0.00526	0.00175	0.00818	0.00409	0.00234	0.00818
18	0.01212	0.01212	0.01696	0.01454	0.01454	0.01696	0.01212	0.01333	0.00848	0.01333	0.00727	0.01212	0.00727	0.00969	0.01818	0.00242	0.79523	0.00485	0.00242	0.00606
19	0.01279	0.01167	0.01825	0.02569	0.51455	0.01191	0.01365	0.03706	0.11583	0.01916	0.07068	0.09435	0.01590	0.00704	0.00574	0.00174	0.00564	0.00656	0.00370	0.00810
20	0.84448	0.01071	0.00814	0.00728	0.01071	0.01242	0.00600	0.01628	0.00943	0.02485	0.00771	0.00900	0.00600	0.00514	0.00343	0.00171	0.00428	0.00300	0.00343	0.00600
21	0.01307	0.01494	0.03268	0.02334	0.02894	0.01401	0.75070	0.01774	0.01307	0.01774	0.01120	0.01494	0.00840	0.00467	0.00654	0.00187	0.00934	0.00654	0.00280	0.00747
