[name]
unknown

[dist]
# distance from previous block
# <min> <max>
0	425

[block]
# block no. 0 follows, 46 sequences, length 47
# corresponding to MSA columns:
# 425-471
name=unknown_A
#
# <colnr> <probs for GDERKNQSTAVLIFYWHMCP>
#	G	D	E	R	K	N	Q	S	T	A	V	L	I	F	Y	W	H	M	C	P
0	0.01558	0.01756	0.01261	0.01210	0.01433	0.46178	0.00957	0.05331	0.01441	0.01500	0.01578	0.02838	0.01573	0.00891	0.00574	0.00177	0.00761	0.28037	0.00365	0.00580
1	0.01584	0.01518	0.01322	0.01068	0.01453	0.27944	0.02882	0.03436	0.05961	0.10471	0.01114	0.01194	0.00862	0.00501	0.00455	0.00119	0.00612	0.00377	0.00355	0.36772
2	0.02028	0.00875	0.01158	0.00904	0.01289	0.00750	0.00734	0.02255	0.02970	0.59699	0.01988	0.08052	0.01415	0.00698	0.00523	0.00156	0.00429	0.00579	0.00590	0.12907
3	0.01290	0.00884	0.01100	0.00925	0.01155	0.00931	0.00738	0.10786	0.08020	0.13884	0.32917	0.02486	0.02670	0.00851	0.00732	0.00168	0.11883	0.00678	0.00511	0.07392
4	0.01413	0.81739	0.02770	0.00905	0.01357	0.02092	0.00905	0.01583	0.01074	0.01244	0.00735	0.00848	0.00678	0.00452	0.00339	0.00113	0.00565	0.00283	0.00226	0.00678
5	0.01514	0.00915	0.01129	0.00832	0.01272	0.00723	0.00673	0.01739	0.01248	0.27464	0.03582	0.01416	0.01083	0.00500	0.00445	0.00109	0.00407	0.00405	0.00435	0.54110
6	0.00887	0.00512	0.00668	0.00657	0.00669	0.00516	0.00417	0.02944	0.00775	0.01034	0.01244	0.02378	0.01341	0.35349	0.02284	0.46685	0.00485	0.00590	0.00277	0.00287
7	0.01296	0.00701	0.00899	0.00786	0.01018	0.00649	0.00620	0.01615	0.07213	0.26028	0.38324	0.03321	0.09855	0.00960	0.00593	0.00171	0.00338	0.04377	0.00589	0.00645
8	0.00686	0.00538	0.00620	0.00599	0.00751	0.00472	0.00450	0.00876	0.01349	0.01769	0.41091	0.04526	0.41961	0.01212	0.00624	0.00172	0.00259	0.01037	0.00536	0.00472
9	0.01315	0.01136	0.01195	0.01076	0.01375	0.01315	0.00837	0.02809	0.77168	0.02211	0.02152	0.01972	0.01614	0.00717	0.00538	0.00179	0.00418	0.00598	0.00538	0.00837
10	0.01574	0.01266	0.02038	0.01492	0.01962	0.01215	0.30557	0.20464	0.03658	0.13169	0.01272	0.01395	0.00918	0.00520	0.00542	0.00153	0.00645	0.00516	0.00404	0.16240
11	0.01043	0.00985	0.01666	0.69089	0.14354	0.01186	0.01490	0.01390	0.01078	0.01405	0.00948	0.01395	0.00724	0.00520	0.00528	0.00173	0.00694	0.00470	0.00239	0.00623
12	0.01060	0.02735	0.78682	0.01507	0.02288	0.01228	0.01953	0.01674	0.01116	0.01674	0.00949	0.01116	0.00670	0.00502	0.00502	0.00167	0.00781	0.00391	0.00223	0.00781
13	0.01153	0.01097	0.01864	0.41916	0.40671	0.01215	0.01545	0.01486	0.01130	0.01538	0.00967	0.01359	0.00771	0.00500	0.00526	0.00167	0.00667	0.00470	0.00248	0.00712
14	0.00755	0.00498	0.00644	0.00719	0.00774	0.00465	0.00485	0.00850	0.01030	0.05202	0.05358	0.59202	0.05795	0.13044	0.00955	0.00253	0.00344	0.02710	0.00477	0.00441
15	0.01264	0.01211	0.02065	0.14306	0.67410	0.01244	0.01600	0.01583	0.01183	0.01673	0.00987	0.01323	0.00818	0.00479	0.00524	0.00160	0.00639	0.00471	0.00258	0.00801
16	0.00757	0.00559	0.00810	0.00810	0.00891	0.00639	0.00612	0.00919	0.00838	0.01198	0.01452	0.02276	0.01408	0.15106	0.68303	0.00801	0.01286	0.00596	0.00289	0.00450
17	0.03084	0.06964	0.24433	0.01788	0.02356	0.01319	0.41931	0.01706	0.04880	0.01715	0.03918	0.01408	0.00946	0.00500	0.00560	0.00170	0.00781	0.00539	0.00278	0.00725
18	0.01138	0.13791	0.57010	0.01525	0.02224	0.01366	0.12484	0.01664	0.01129	0.01616	0.00936	0.01123	0.00690	0.00487	0.00497	0.00161	0.00766	0.00409	0.00230	0.00757
19	0.01248	0.01426	0.03119	0.02228	0.02763	0.01337	0.76203	0.01693	0.01248	0.01693	0.01070	0.01426	0.00802	0.00446	0.00624	0.00178	0.00891	0.00624	0.00267	0.00713
20	0.00769	0.00513	0.00577	0.00577	0.00577	0.00513	0.00320	0.00769	0.00769	0.01025	0.01666	0.03460	0.01922	0.81421	0.02691	0.00513	0.00513	0.00769	0.00320	0.00320
21	0.01385	0.01418	0.02018	0.07680	0.62564	0.12476	0.01527	0.01676	0.01237	0.01642	0.00966	0.01264	0.00807	0.00485	0.00517	0.00155	0.00680	0.00452	0.00262	0.00790
22	0.07300	0.01302	0.01338	0.01063	0.01451	0.12336	0.00863	0.22936	0.01743	0.41839	0.01594	0.01473	0.01059	0.00623	0.00510	0.00158	0.00556	0.00474	0.00544	0.00838
23	0.00644	0.00460	0.00613	0.00736	0.00767	0.00429	0.00491	0.00736	0.01012	0.01350	0.02914	0.81076	0.03497	0.01656	0.00675	0.00215	0.00307	0.01503	0.00491	0.00429
24	0.01248	0.01426	0.03119	0.02228	0.02763	0.01337	0.76203	0.01693	0.01248	0.01693	0.01070	0.01426	0.00802	0.00446	0.00624	0.00178	0.00891	0.00624	0.00267	0.00713
25	0.01096	0.00940	0.01096	0.00783	0.01253	0.00705	0.00626	0.01331	0.01096	0.01723	0.00940	0.01096	0.00783	0.00392	0.00392	0.00078	0.00392	0.00313	0.00313	0.84653
26	0.01048	0.01083	0.02171	0.01621	0.02000	0.01010	0.46652	0.01408	0.01311	0.01785	0.22353	0.02583	0.07895	0.00729	0.00628	0.00178	0.00652	0.03889	0.00379	0.00625
27	0.18249	0.06491	0.03064	0.01098	0.01437	0.36734	0.00883	0.02090	0.02783	0.20741	0.01140	0.01162	0.00833	0.00558	0.00455	0.00148	0.00685	0.00380	0.00379	0.00688
28	0.85155	0.01022	0.00777	0.00695	0.01022	0.01186	0.00573	0.01554	0.00900	0.02372	0.00736	0.00859	0.00573	0.00491	0.00327	0.00164	0.00409	0.00286	0.00327	0.00573
29	0.00762	0.00527	0.00649	0.00639	0.00683	0.00533	0.00414	0.00849	0.00948	0.01308	0.19089	0.03356	0.02531	0.50914	0.14179	0.00486	0.00593	0.00780	0.00375	0.00385
30	0.00743	0.00540	0.00699	0.00659	0.00786	0.00496	0.00495	0.00987	0.01484	0.02089	0.74633	0.03999	0.08218	0.01092	0.00624	0.00167	0.00250	0.00963	0.00578	0.00496
31	0.01315	0.01136	0.01195	0.01076	0.01375	0.01315	0.00837	0.02809	0.77168	0.02211	0.02152	0.01972	0.01614	0.00717	0.00538	0.00179	0.00418	0.00598	0.00538	0.00837
32	0.85155	0.01022	0.00777	0.00695	0.01022	0.01186	0.00573	0.01554	0.00900	0.02372	0.00736	0.00859	0.00573	0.00491	0.00327	0.00164	0.00409	0.00286	0.00327	0.00573
33	0.29140	0.00965	0.01173	0.00923	0.01312	0.00937	0.04367	0.02202	0.01301	0.50105	0.01599	0.01477	0.01046	0.00591	0.00470	0.00164	0.00458	0.00457	0.00530	0.00785
34	0.01248	0.01426	0.03119	0.02228	0.02763	0.01337	0.76203	0.01693	0.01248	0.01693	0.01070	0.01426	0.00802	0.00446	0.00624	0.00178	0.00891	0.00624	0.00267	0.00713
35	0.02372	0.00900	0.01227	0.00941	0.01350	0.00777	0.00777	0.02576	0.01513	0.78489	0.02086	0.01799	0.01309	0.00654	0.00532	0.00164	0.00450	0.00532	0.00654	0.00900
36	0.01293	0.01241	0.02119	0.06972	0.74513	0.01252	0.01615	0.01609	0.01197	0.01709	0.00992	0.01313	0.00831	0.00474	0.00524	0.00158	0.00632	0.00471	0.00260	0.00825
37	0.85155	0.01022	0.00777	0.00695	0.01022	0.01186	0.00573	0.01554	0.00900	0.02372	0.00736	0.00859	0.00573	0.00491	0.00327	0.00164	0.00409	0.00286	0.00327	0.00573
38	0.00769	0.00513	0.00577	0.00577	0.00577	0.00513	0.00320	0.00769	0.00769	0.01025	0.01666	0.03460	0.01922	0.81421	0.02691	0.00513	0.00513	0.00769	0.00320	0.00320
39	0.00769	0.00513	0.00577	0.00577	0.00577	0.00513	0.00320	0.00769	0.00769	0.01025	0.01666	0.03460	0.01922	0.81421	0.02691	0.00513	0.00513	0.00769	0.00320	0.00320
40	0.00644	0.00460	0.00613	0.00736	0.00767	0.00429	0.00491	0.00736	0.01012	0.01350	0.02914	0.81076	0.03497	0.01656	0.00675	0.00215	0.00307	0.01503	0.00491	0.00429
41	0.01233	0.01378	0.02937	0.08218	0.07942	0.01319	0.65464	0.01663	0.01230	0.01670	0.01055	0.01417	0.00797	0.00454	0.00610	0.00177	0.00859	0.00602	0.00265	0.00712
42	0.02010	0.01481	0.01587	0.01216	0.01639	0.01639	0.01005	0.76360	0.02486	0.03332	0.01269	0.01269	0.00899	0.00635	0.00529	0.00159	0.00582	0.00476	0.00529	0.00899
43	0.13316	0.01368	0.02783	0.02008	0.02513	0.01315	0.65325	0.01673	0.01198	0.01791	0.01022	0.01344	0.00769	0.00452	0.00581	0.00176	0.00822	0.00575	0.00276	0.00693
44	0.00644	0.00460	0.00613	0.00736	0.00767	0.00429	0.00491	0.00736	0.01012	0.01350	0.02914	0.81076	0.03497	0.01656	0.00675	0.00215	0.00307	0.01503	0.00491	0.00429
45	0.01228	0.01017	0.01167	0.00845	0.01308	0.00839	0.00681	0.12123	0.01296	0.01954	0.00987	0.01121	0.00800	0.00426	0.00411	0.00090	0.00419	0.00337	0.00344	0.72606
46	0.01096	0.00940	0.01096	0.00783	0.01253	0.00705	0.00626	0.01331	0.01096	0.01723	0.00940	0.01096	0.00783	0.00392	0.00392	0.00078	0.00392	0.00313	0.00313	0.84653

[dist]
# distance from previous block
# <min> <max>
0	11

[block]
# block no. 1 follows, 46 sequences, length 45
# corresponding to MSA columns:
# 483-527
name=unknown_B
#
# <colnr> <probs for GDERKNQSTAVLIFYWHMCP>
#	G	D	E	R	K	N	Q	S	T	A	V	L	I	F	Y	W	H	M	C	P
0	0.04975	0.00904	0.01213	0.00933	0.01339	0.00790	0.00771	0.02544	0.01494	0.76095	0.02043	0.01770	0.01285	0.00649	0.00525	0.00164	0.00449	0.00524	0.00644	0.00889
1	0.00644	0.00460	0.00613	0.00736	0.00767	0.00429	0.00491	0.00736	0.01012	0.01350	0.02914	0.81076	0.03497	0.01656	0.00675	0.00215	0.00307	0.01503	0.00491	0.00429
2	0.02372	0.00900	0.01227	0.00941	0.01350	0.00777	0.00777	0.02576	0.01513	0.78489	0.02086	0.01799	0.01309	0.00654	0.00532	0.00164	0.00450	0.00532	0.00654	0.00900
3	0.01413	0.81739	0.02770	0.00905	0.01357	0.02092	0.00905	0.01583	0.01074	0.01244	0.00735	0.00848	0.00678	0.00452	0.00339	0.00113	0.00565	0.00283	0.00226	0.00678
4	0.01315	0.01136	0.01195	0.01076	0.01375	0.01315	0.00837	0.02809	0.77168	0.02211	0.02152	0.01972	0.01614	0.00717	0.00538	0.00179	0.00418	0.00598	0.00538	0.00837
5	0.01413	0.81739	0.02770	0.00905	0.01357	0.02092	0.00905	0.01583	0.01074	0.01244	0.00735	0.00848	0.00678	0.00452	0.00339	0.00113	0.00565	0.00283	0.00226	0.00678
6	0.02139	0.01273	0.01458	0.01118	0.01536	0.01331	0.00923	0.50009	0.02138	0.30174	0.01561	0.01459	0.01045	0.00642	0.00530	0.00160	0.00535	0.00496	0.00574	0.00899
7	0.01413	0.81739	0.02770	0.00905	0.01357	0.02092	0.00905	0.01583	0.01074	0.01244	0.00735	0.00848	0.00678	0.00452	0.00339	0.00113	0.00565	0.00283	0.00226	0.00678
8	0.85155	0.01022	0.00777	0.00695	0.01022	0.01186	0.00573	0.01554	0.00900	0.02372	0.00736	0.00859	0.00573	0.00491	0.00327	0.00164	0.00409	0.00286	0.00327	0.00573
9	0.01242	0.01189	0.02026	0.19664	0.62222	0.01239	0.01590	0.01564	0.01172	0.01647	0.00983	0.01330	0.00809	0.00483	0.00524	0.00161	0.00644	0.00471	0.00256	0.00784
10	0.00852	0.00608	0.00852	0.00974	0.01095	0.00608	0.00852	0.01095	0.01217	0.01582	0.02799	0.05963	0.03042	0.01460	0.00730	0.00243	0.00487	0.74565	0.00487	0.00487
11	0.01808	0.02169	0.01421	0.01290	0.01569	0.59555	0.00975	0.02288	0.20656	0.01526	0.01155	0.01211	0.00917	0.00588	0.00492	0.00147	0.00818	0.00406	0.00340	0.00670
12	0.00630	0.00516	0.00555	0.00586	0.00727	0.00442	0.00424	0.00753	0.01156	0.01408	0.04737	0.24326	0.59070	0.01419	0.00637	0.00188	0.00278	0.01214	0.00491	0.00442
13	0.22878	0.05747	0.01287	0.01089	0.01378	0.46629	0.00843	0.03389	0.01319	0.01620	0.01236	0.01326	0.08031	0.00604	0.00447	0.00147	0.00724	0.00401	0.00310	0.00596
14	0.01060	0.02735	0.78682	0.01507	0.02288	0.01228	0.01953	0.01674	0.01116	0.01674	0.00949	0.01116	0.00670	0.00502	0.00502	0.00167	0.00781	0.00391	0.00223	0.00781
15	0.00769	0.00513	0.00577	0.00577	0.00577	0.00513	0.00320	0.00769	0.00769	0.01025	0.01666	0.03460	0.01922	0.81421	0.02691	0.00513	0.00513	0.00769	0.00320	0.00320
16	0.02010	0.01481	0.01587	0.01216	0.01639	0.01639	0.01005	0.76360	0.02486	0.03332	0.01269	0.01269	0.00899	0.00635	0.00529	0.00159	0.00582	0.00476	0.00529	0.00899
17	0.00636	0.00539	0.00551	0.00557	0.00732	0.00454	0.00423	0.00775	0.01206	0.01436	0.05232	0.05130	0.74301	0.01345	0.00630	0.00182	0.00278	0.04655	0.00491	0.00448
18	0.02372	0.00900	0.01227	0.00941	0.01350	0.00777	0.00777	0.02576	0.01513	0.78489	0.02086	0.01799	0.01309	0.00654	0.00532	0.00164	0.00450	0.00532	0.00654	0.00900
19	0.00985	0.00493	0.00493	0.00493	0.00616	0.00493	0.00370	0.01232	0.01109	0.01971	0.01725	0.01971	0.01355	0.00616	0.00370	0.00123	0.00246	0.00493	0.84356	0.00493
20	0.01308	0.01256	0.02146	0.03245	0.78123	0.01256	0.01622	0.01622	0.01204	0.01727	0.00994	0.01308	0.00837	0.00471	0.00523	0.00157	0.00628	0.00471	0.00262	0.00837
21	0.00644	0.00460	0.00613	0.00736	0.00767	0.00429	0.00491	0.00736	0.01012	0.01350	0.02914	0.81076	0.03497	0.01656	0.00675	0.00215	0.00307	0.01503	0.00491	0.00429
22	0.00625	0.00536	0.00536	0.00536	0.00714	0.00446	0.00402	0.00759	0.01205	0.01428	0.05355	0.05088	0.77909	0.01339	0.00625	0.00179	0.00268	0.01116	0.00491	0.00446
23	0.16773	0.02253	0.01370	0.01243	0.01525	0.65402	0.00942	0.02012	0.01392	0.01486	0.00803	0.00937	0.00662	0.00535	0.00450	0.00141	0.00856	0.00331	0.00282	0.00606
24	0.00774	0.00558	0.00706	0.00782	0.00850	0.00545	0.00540	0.07956	0.01153	0.01539	0.02757	0.73457	0.03249	0.01559	0.00661	0.00209	0.00333	0.01405	0.00494	0.00474
25	0.01299	0.01246	0.02128	0.05643	0.75801	0.01254	0.01618	0.01614	0.01199	0.01715	0.00993	0.01312	0.00833	0.00473	0.00524	0.00158	0.00630	0.00471	0.00261	0.00830
26	0.00644	0.00460	0.00613	0.00736	0.00767	0.00429	0.00491	0.00736	0.01012	0.01350	0.02914	0.81076	0.03497	0.01656	0.00675	0.00215	0.00307	0.01503	0.00491	0.00429
27	0.01028	0.00970	0.01639	0.72808	0.10752	0.01182	0.01483	0.01377	0.01071	0.01387	0.00945	0.01400	0.00717	0.00523	0.00528	0.00174	0.00697	0.00470	0.00237	0.00611
28	0.77214	0.01165	0.00846	0.00759	0.01081	0.08643	0.00615	0.01607	0.00957	0.02269	0.00744	0.00868	0.00583	0.00496	0.00341	0.00161	0.00461	0.00291	0.00322	0.00576
29	0.00791	0.00555	0.00726	0.00795	0.00870	0.00547	0.00614	0.00944	0.01083	0.01437	0.09636	0.14232	0.02946	0.25545	0.01304	0.00314	0.00450	0.36334	0.00446	0.00431
30	0.01130	0.18260	0.63765	0.01388	0.02105	0.01398	0.01747	0.01656	0.01108	0.01590	0.00907	0.01063	0.00671	0.00492	0.00470	0.00157	0.00739	0.00369	0.00224	0.00761
31	0.00733	0.00540	0.00686	0.00649	0.00780	0.00492	0.00487	0.00968	0.01460	0.02035	0.68898	0.04090	0.13988	0.01113	0.00624	0.00168	0.00252	0.00976	0.00571	0.00492
32	0.01096	0.00940	0.01096	0.00783	0.01253	0.00705	0.00626	0.01331	0.01096	0.01723	0.00940	0.01096	0.00783	0.00392	0.00392	0.00078	0.00392	0.00313	0.00313	0.84653
33	0.01308	0.01256	0.02146	0.03245	0.78123	0.01256	0.01622	0.01622	0.01204	0.01727	0.00994	0.01308	0.00837	0.00471	0.00523	0.00157	0.00628	0.00471	0.00262	0.00837
34	0.03379	0.00856	0.01188	0.00975	0.01263	0.00829	0.07875	0.01894	0.15254	0.25657	0.31547	0.02612	0.02735	0.00809	0.00573	0.00169	0.00407	0.00712	0.00560	0.00706
35	0.00643	0.00464	0.00609	0.00725	0.00764	0.00430	0.00486	0.00737	0.01022	0.01354	0.03044	0.77036	0.07453	0.01639	0.00672	0.00213	0.00305	0.01482	0.00491	0.00430
36	0.01096	0.00940	0.01096	0.00783	0.01253	0.00705	0.00626	0.01331	0.01096	0.01723	0.00940	0.01096	0.00783	0.00392	0.00392	0.00078	0.00392	0.00313	0.00313	0.84653
37	0.01127	0.00958	0.01113	0.00798	0.01266	0.00736	0.00639	0.03872	0.01143	0.01777	0.00951	0.01102	0.00787	0.00400	0.00396	0.00081	0.00398	0.00319	0.00321	0.81817
38	0.01510	0.01230	0.01306	0.01108	0.01448	0.01392	0.00880	0.24057	0.53436	0.02522	0.01863	0.01744	0.01384	0.00684	0.00531	0.00171	0.00465	0.00555	0.00529	0.03185
39	0.00654	0.00467	0.00625	0.00748	0.00783	0.00438	0.00508	0.00753	0.01022	0.01361	0.02908	0.77456	0.03475	0.01647	0.00677	0.00216	0.00315	0.05024	0.00491	0.00432
40	0.00650	0.00483	0.00606	0.00688	0.00758	0.00439	0.00473	0.00765	0.01097	0.01437	0.10353	0.58071	0.19178	0.01537	0.00660	0.00203	0.00293	0.01371	0.00499	0.00439
41	0.02256	0.00972	0.01259	0.00974	0.01374	0.00897	0.00801	0.11761	0.04196	0.64860	0.03637	0.01786	0.01348	0.00663	0.00533	0.00164	0.00461	0.00536	0.00633	0.00889
42	0.02010	0.01481	0.01587	0.01216	0.01639	0.01639	0.01005	0.76360	0.02486	0.03332	0.01269	0.01269	0.00899	0.00635	0.00529	0.00159	0.00582	0.00476	0.00529	0.00899
43	0.00644	0.00460	0.00613	0.00736	0.00767	0.00429	0.00491	0.00736	0.01012	0.01350	0.02914	0.81076	0.03497	0.01656	0.00675	0.00215	0.00307	0.01503	0.00491	0.00429
44	0.01440	0.01204	0.01441	0.04997	0.01632	0.03133	0.08072	0.14554	0.45878	0.05055	0.03316	0.01787	0.01403	0.00667	0.00540	0.00172	0.00510	0.00570	0.02825	0.00804

[dist]
# distance from previous block
# <min> <max>
1	7

[block]
# block no. 2 follows, 46 sequences, length 9
# corresponding to MSA columns:
# 535-543
name=unknown_C
#
# <colnr> <probs for GDERKNQSTAVLIFYWHMCP>
#	G	D	E	R	K	N	Q	S	T	A	V	L	I	F	Y	W	H	M	C	P
0	0.31911	0.06288	0.01407	0.01386	0.17297	0.03460	0.02915	0.04681	0.10705	0.04099	0.01060	0.01179	0.00832	0.00512	0.00428	0.00150	0.00500	0.00392	0.00345	0.10452
1	0.01347	0.01131	0.01202	0.01063	0.01363	0.01295	0.00832	0.09863	0.65066	0.02315	0.06890	0.02030	0.01759	0.00732	0.00542	0.00176	0.00424	0.00609	0.00540	0.00821
2	0.01096	0.00940	0.01096	0.00783	0.01253	0.00705	0.00626	0.01331	0.01096	0.01723	0.00940	0.01096	0.00783	0.00392	0.00392	0.00078	0.00392	0.00313	0.00313	0.84653
3	0.01436	0.01058	0.01142	0.00968	0.01281	0.01136	0.00769	0.22146	0.30927	0.09756	0.02695	0.02532	0.20170	0.00842	0.00556	0.00172	0.00428	0.00686	0.00535	0.00764
4	0.00794	0.00582	0.00823	0.06103	0.01156	0.00587	0.00775	0.00995	0.01140	0.01491	0.02714	0.30099	0.03036	0.01463	0.00699	0.00230	0.00443	0.45924	0.00472	0.00475
5	0.01315	0.01136	0.01195	0.01076	0.01375	0.01315	0.00837	0.02809	0.77168	0.02211	0.02152	0.01972	0.01614	0.00717	0.00538	0.00179	0.00418	0.00598	0.00538	0.00837
6	0.01096	0.00940	0.01096	0.00783	0.01253	0.00705	0.00626	0.01331	0.01096	0.01723	0.00940	0.01096	0.00783	0.00392	0.00392	0.00078	0.00392	0.00313	0.00313	0.84653
7	0.01166	0.01043	0.01379	0.38287	0.02441	0.01249	0.01134	0.02123	0.41352	0.01806	0.01581	0.01707	0.01186	0.00628	0.00534	0.00178	0.00553	0.00538	0.00395	0.00719
8	0.59553	0.01094	0.00968	0.00824	0.01170	0.01238	0.00675	0.13187	0.07704	0.07749	0.01032	0.01082	0.00762	0.00543	0.00390	0.00164	0.00439	0.00359	0.00399	0.00668

[dist]
# distance from previous block
# <min> <max>
0	3

[block]
# block no. 3 follows, 46 sequences, length 14
# corresponding to MSA columns:
# 547-560
name=unknown_D
#
# <colnr> <probs for GDERKNQSTAVLIFYWHMCP>
#	G	D	E	R	K	N	Q	S	T	A	V	L	I	F	Y	W	H	M	C	P
0	0.26412	0.01270	0.01302	0.01027	0.01420	0.01392	0.00848	0.44672	0.01892	0.13010	0.01221	0.01219	0.00858	0.00595	0.00470	0.00161	0.00514	0.00428	0.00486	0.00803
1	0.00766	0.00547	0.00753	0.00875	0.00959	0.00534	0.00702	0.00947	0.01132	0.01486	0.02847	0.37037	0.03230	0.01541	0.00707	0.00232	0.00412	0.44340	0.00488	0.00463
2	0.02010	0.01481	0.01587	0.01216	0.01639	0.01639	0.01005	0.76360	0.02486	0.03332	0.01269	0.01269	0.00899	0.00635	0.00529	0.00159	0.00582	0.00476	0.00529	0.00899
3	0.01096	0.00940	0.01096	0.00783	0.01253	0.00705	0.00626	0.01331	0.01096	0.01723	0.00940	0.01096	0.00783	0.00392	0.00392	0.00078	0.00392	0.00313	0.00313	0.84653
4	0.00981	0.00631	0.00797	0.00820	0.00958	0.00616	0.00611	0.01301	0.11227	0.11308	0.06624	0.43240	0.07430	0.01334	0.00639	0.00202	0.00356	0.09848	0.00522	0.00554
5	0.01314	0.54113	0.19582	0.01205	0.01741	0.01805	0.10676	0.01617	0.01105	0.01396	0.00825	0.00980	0.00692	0.00462	0.00411	0.00133	0.00654	0.00350	0.00231	0.00706
6	0.12502	0.01014	0.01132	0.00845	0.01283	0.00895	0.00685	0.11015	0.01296	0.11130	0.01091	0.01170	0.00832	0.00467	0.00417	0.00110	0.00425	0.00356	0.00383	0.52952
7	0.00864	0.00594	0.00748	0.00780	0.00897	0.00589	0.00563	0.01142	0.09732	0.07293	0.02875	0.45952	0.12256	0.01739	0.11064	0.00286	0.00472	0.01153	0.00481	0.00519
8	0.01397	0.01285	0.02075	0.02988	0.68433	0.01305	0.01544	0.11092	0.01366	0.01930	0.01029	0.01303	0.00845	0.00492	0.00524	0.00157	0.00622	0.00472	0.00296	0.00845
9	0.26715	0.01288	0.01434	0.01125	0.01506	0.05412	0.10773	0.30614	0.01619	0.02535	0.01077	0.01195	0.00806	0.00548	0.00459	0.00155	0.00555	0.00425	0.06768	0.04993
10	0.00778	0.00537	0.00655	0.00694	0.00803	0.00492	0.00507	0.00906	0.01119	0.05331	0.07533	0.29015	0.25643	0.12020	0.00925	0.00242	0.00352	0.11511	0.00481	0.00456
11	0.03132	0.00932	0.01141	0.00946	0.01230	0.00935	0.02976	0.22402	0.04398	0.15964	0.21833	0.13771	0.02441	0.00889	0.00568	0.00167	0.00421	0.00760	0.00538	0.04554
12	0.18127	0.01236	0.01155	0.00961	0.01315	0.12337	0.00764	0.06739	0.16172	0.18760	0.01410	0.01387	0.01026	0.00575	0.00458	0.00148	0.00502	0.00430	0.02593	0.13904
13	0.04505	0.00986	0.01367	0.01055	0.01433	0.00923	0.10712	0.10371	0.05238	0.30671	0.07042	0.02150	0.11075	0.00709	0.00540	0.00159	0.00478	0.00611	0.00511	0.09463

[dist]
# distance from previous block
# <min> <max>
31	179

[block]
# block no. 4 follows, 46 sequences, length 22
# corresponding to MSA columns:
# 790-811
name=unknown_E
#
# <colnr> <probs for GDERKNQSTAVLIFYWHMCP>
#	G	D	E	R	K	N	Q	S	T	A	V	L	I	F	Y	W	H	M	C	P
0	0.01340	0.01084	0.01227	0.00899	0.01356	0.00955	0.00728	0.21390	0.01468	0.02153	0.01028	0.01142	0.00814	0.00457	0.00428	0.00100	0.00442	0.00357	0.00371	0.62261
1	0.23740	0.01208	0.01560	0.01190	0.01603	0.01244	0.16133	0.19691	0.05769	0.02296	0.01056	0.01194	0.00805	0.00519	0.00494	0.00150	0.02366	0.00428	0.00371	0.18186
2	0.18355	0.01374	0.01409	0.01107	0.01506	0.01535	0.00912	0.58213	0.05638	0.03091	0.01205	0.01221	0.00868	0.00610	0.00490	0.00161	0.00540	0.00444	0.00490	0.00832
3	0.39522	0.01844	0.01173	0.01061	0.01358	0.44039	0.00819	0.01860	0.01228	0.01780	0.00781	0.00911	0.00632	0.00520	0.00409	0.00149	0.00708	0.00316	0.00297	0.00595
4	0.01303	0.01082	0.01202	0.00937	0.01349	0.01031	0.00747	0.13422	0.23835	0.02117	0.01350	0.01383	0.01047	0.00526	0.00456	0.00121	0.00429	0.00423	0.00413	0.46829
5	0.01302	0.00959	0.01223	0.00884	0.01347	0.00749	0.04633	0.01544	0.01169	0.13644	0.01124	0.01223	0.00866	0.00435	0.00426	0.00097	0.00427	0.00364	0.00364	0.67221
6	0.02018	0.01377	0.01633	0.01240	0.01669	0.01469	0.06283	0.58341	0.02230	0.16192	0.01396	0.01372	0.00963	0.00625	0.00536	0.00161	0.00581	0.00496	0.00532	0.00886
7	0.00998	0.00940	0.01586	0.80150	0.03641	0.01175	0.01468	0.01351	0.01057	0.01351	0.00940	0.01409	0.00705	0.00529	0.00529	0.00176	0.00705	0.00470	0.00235	0.00587
8	0.01619	0.01447	0.01560	0.01284	0.01519	0.10657	0.01050	0.33211	0.05148	0.02200	0.01025	0.01217	0.00824	0.00736	0.00992	0.00184	0.31867	0.00457	0.00378	0.02624
9	0.00870	0.00629	0.00865	0.00978	0.01106	0.00636	0.00851	0.01163	0.04201	0.01607	0.02774	0.05806	0.02986	0.01431	0.00723	0.00241	0.00484	0.71659	0.00489	0.00501
10	0.02010	0.01481	0.01587	0.01216	0.01639	0.01639	0.01005	0.76360	0.02486	0.03332	0.01269	0.01269	0.00899	0.00635	0.00529	0.00159	0.00582	0.00476	0.00529	0.00899
11	0.00655	0.00532	0.00552	0.00550	0.00697	0.00460	0.00395	0.00774	0.01155	0.01407	0.09093	0.04767	0.61771	0.13761	0.00946	0.00230	0.00305	0.01052	0.00470	0.00430
12	0.02010	0.01481	0.01587	0.01216	0.01639	0.01639	0.01005	0.76360	0.02486	0.03332	0.01269	0.01269	0.00899	0.00635	0.00529	0.00159	0.00582	0.00476	0.00529	0.00899
13	0.01095	0.10598	0.71127	0.01447	0.02195	0.01314	0.01849	0.01665	0.01112	0.01631	0.00927	0.01089	0.00671	0.00497	0.00486	0.00162	0.00760	0.00380	0.00224	0.00771
14	0.01063	0.01005	0.01702	0.64153	0.19135	0.01191	0.01500	0.01407	0.01088	0.01429	0.00951	0.01388	0.00732	0.00517	0.00527	0.00172	0.00689	0.00470	0.00240	0.00639
15	0.02034	0.00825	0.01119	0.00883	0.01233	0.00719	0.00719	0.02248	0.01510	0.62603	0.17845	0.02247	0.02074	0.00743	0.00551	0.00164	0.00408	0.00620	0.00639	0.00816
16	0.01096	0.00940	0.01096	0.00783	0.01253	0.00705	0.00626	0.01331	0.01096	0.01723	0.00940	0.01096	0.00783	0.00392	0.00392	0.00078	0.00392	0.00313	0.00313	0.84653
17	0.02010	0.01481	0.01587	0.01216	0.01639	0.01639	0.01005	0.76360	0.02486	0.03332	0.01269	0.01269	0.00899	0.00635	0.00529	0.00159	0.00582	0.00476	0.00529	0.00899
18	0.00638	0.00526	0.00561	0.00574	0.00728	0.00448	0.00422	0.00776	0.01204	0.01476	0.11190	0.15232	0.61679	0.01360	0.00631	0.00182	0.00271	0.01154	0.00499	0.00448
19	0.01095	0.08902	0.60438	0.01345	0.02051	0.01217	0.01662	0.01613	0.01110	0.01647	0.00930	0.01091	0.00688	0.00481	0.00472	0.00149	0.00703	0.00370	0.00237	0.13799
20	0.01872	0.01659	0.13551	0.01254	0.01732	0.01552	0.01146	0.62724	0.02246	0.05149	0.01242	0.01260	0.00875	0.00615	0.00525	0.00160	0.00609	0.00464	0.00485	0.00881
21	0.01148	0.00928	0.01072	0.00823	0.01203	0.00797	0.00652	0.12884	0.01364	0.01991	0.11345	0.06303	0.04503	0.00630	0.00469	0.00114	0.00393	0.00523	0.00399	0.52461

[dist]
# distance from previous block
# <min> <max>
0	7

[block]
# block no. 5 follows, 46 sequences, length 99
# corresponding to MSA columns:
# 819-917
name=unknown_F
#
# <colnr> <probs for GDERKNQSTAVLIFYWHMCP>
#	G	D	E	R	K	N	Q	S	T	A	V	L	I	F	Y	W	H	M	C	P
0	0.31425	0.00871	0.00861	0.00750	0.01033	0.00906	0.00604	0.10291	0.01319	0.11903	0.10778	0.02588	0.21406	0.00837	0.00497	0.00169	0.00382	0.02304	0.00467	0.00610
1	0.01091	0.09665	0.72022	0.01454	0.02206	0.01304	0.01861	0.01666	0.01112	0.01636	0.00930	0.01093	0.00670	0.00498	0.00488	0.00163	0.00762	0.00381	0.00223	0.00772
2	0.00918	0.00459	0.00689	0.00689	0.00689	0.00459	0.00459	0.00689	0.00689	0.00918	0.00918	0.01607	0.00918	0.01837	0.02066	0.84619	0.00459	0.00459	0.00230	0.00230
3	0.02372	0.00900	0.01227	0.00941	0.01350	0.00777	0.00777	0.02576	0.01513	0.78489	0.02086	0.01799	0.01309	0.00654	0.00532	0.00164	0.00450	0.00532	0.00654	0.00900
4	0.00698	0.00538	0.00638	0.00613	0.00759	0.00478	0.00460	0.00901	0.01379	0.01841	0.48583	0.04409	0.34424	0.01185	0.00624	0.00171	0.00257	0.01021	0.00545	0.00478
5	0.01258	0.01265	0.02307	0.02562	0.42784	0.01202	0.25435	0.01603	0.01202	0.01716	0.01011	0.01315	0.00818	0.00451	0.00537	0.00152	0.00678	0.00497	0.00271	0.12935
6	0.34304	0.01004	0.01257	0.00985	0.01376	0.00996	0.08856	0.02085	0.01247	0.40710	0.01453	0.01395	0.00969	0.00568	0.00462	0.00165	0.00482	0.00447	0.00486	0.00753
7	0.04845	0.00989	0.01179	0.00877	0.01317	0.00847	0.00713	0.09852	0.01372	0.26434	0.01333	0.01330	0.00955	0.00506	0.00449	0.00118	0.00431	0.00400	0.00446	0.45608
8	0.02047	0.01225	0.01987	0.01487	0.01944	0.01130	0.26417	0.10317	0.01596	0.42985	0.01752	0.01769	0.01197	0.00659	0.00613	0.00190	0.00655	0.00594	0.00544	0.00893
9	0.01308	0.01256	0.02146	0.03245	0.78123	0.01256	0.01622	0.01622	0.01204	0.01727	0.00994	0.01308	0.00837	0.00471	0.00523	0.00157	0.00628	0.00471	0.00262	0.00837
10	0.00856	0.00746	0.01194	0.48127	0.02482	0.00874	0.01074	0.01103	0.01039	0.01350	0.01736	0.33535	0.01830	0.00983	0.00588	0.00192	0.00544	0.00886	0.00338	0.00524
11	0.01308	0.01256	0.02146	0.03245	0.78123	0.01256	0.01622	0.01622	0.01204	0.01727	0.00994	0.01308	0.00837	0.00471	0.00523	0.00157	0.00628	0.00471	0.00262	0.00837
12	0.00755	0.00566	0.00850	0.00850	0.00944	0.00661	0.00661	0.00944	0.00850	0.01227	0.01416	0.02077	0.01322	0.03965	0.79326	0.00850	0.01416	0.00566	0.00283	0.00472
13	0.01376	0.01166	0.01230	0.01088	0.01398	0.01344	0.00852	0.09317	0.70561	0.02311	0.02074	0.01910	0.01551	0.00710	0.00537	0.00177	0.00433	0.00587	0.00537	0.00842
14	0.01248	0.01426	0.03119	0.02228	0.02763	0.01337	0.76203	0.01693	0.01248	0.01693	0.01070	0.01426	0.00802	0.00446	0.00624	0.00178	0.00891	0.00624	0.00267	0.00713
15	0.00729	0.00524	0.00695	0.00719	0.00816	0.00490	0.00535	0.00931	0.01323	0.01834	0.47616	0.26926	0.04338	0.01292	0.00650	0.00189	0.00292	0.09079	0.00545	0.00477
16	0.00769	0.00513	0.00577	0.00577	0.00577	0.00513	0.00320	0.00769	0.00769	0.01025	0.01666	0.03460	0.01922	0.81421	0.02691	0.00513	0.00513	0.00769	0.00320	0.00320
17	0.01975	0.02520	0.01498	0.01362	0.01634	0.79299	0.01021	0.02111	0.01498	0.01294	0.00817	0.00953	0.00681	0.00545	0.00477	0.00136	0.00953	0.00340	0.00272	0.00613
18	0.03886	0.00949	0.01173	0.00957	0.01313	0.00927	0.00772	0.02518	0.23823	0.49230	0.07008	0.01968	0.01621	0.00697	0.00535	0.00168	0.00427	0.00573	0.00608	0.00847
19	0.01659	0.01641	0.01313	0.01173	0.01471	0.30920	0.00902	0.02523	0.41701	0.08611	0.01638	0.01570	0.01232	0.00646	0.00514	0.00162	0.00625	0.00494	0.00447	0.00757
20	0.01413	0.81739	0.02770	0.00905	0.01357	0.02092	0.00905	0.01583	0.01074	0.01244	0.00735	0.00848	0.00678	0.00452	0.00339	0.00113	0.00565	0.00283	0.00226	0.00678
21	0.01032	0.00974	0.01646	0.71832	0.11697	0.01183	0.01485	0.01380	0.01073	0.01391	0.00946	0.01399	0.00719	0.00522	0.00528	0.00174	0.00696	0.00470	0.00238	0.00614
22	0.01614	0.01702	0.01337	0.01197	0.01492	0.32189	0.00919	0.06596	0.43102	0.01910	0.01575	0.01530	0.01205	0.00644	0.00513	0.00161	0.00639	0.00489	0.00432	0.00752
23	0.00998	0.00940	0.01586	0.80150	0.03641	0.01175	0.01468	0.01351	0.01057	0.01351	0.00940	0.01409	0.00705	0.00529	0.00529	0.00176	0.00705	0.00470	0.00235	0.00587
24	0.01908	0.01430	0.01529	0.01196	0.01601	0.01592	0.00980	0.65566	0.13446	0.03167	0.01399	0.01372	0.01004	0.00647	0.00530	0.00162	0.00558	0.00494	0.00530	0.00890
25	0.85155	0.01022	0.00777	0.00695	0.01022	0.01186	0.00573	0.01554	0.00900	0.02372	0.00736	0.00859	0.00573	0.00491	0.00327	0.00164	0.00409	0.00286	0.00327	0.00573
26	0.00767	0.00557	0.00753	0.00753	0.00805	0.00619	0.00534	0.00875	0.00824	0.01155	0.01563	0.06239	0.01639	0.34041	0.43588	0.00671	0.03211	0.00686	0.00306	0.00414
27	0.00644	0.00460	0.00613	0.00736	0.00767	0.00429	0.00491	0.00736	0.01012	0.01350	0.02914	0.81076	0.03497	0.01656	0.00675	0.00215	0.00307	0.01503	0.00491	0.00429
28	0.01315	0.01136	0.01195	0.01076	0.01375	0.01315	0.00837	0.02809	0.77168	0.02211	0.02152	0.01972	0.01614	0.00717	0.00538	0.00179	0.00418	0.00598	0.00538	0.00837
29	0.85155	0.01022	0.00777	0.00695	0.01022	0.01186	0.00573	0.01554	0.00900	0.02372	0.00736	0.00859	0.00573	0.00491	0.00327	0.00164	0.00409	0.00286	0.00327	0.00573
30	0.06132	0.00924	0.01128	0.00875	0.01262	0.00825	0.00709	0.06085	0.05592	0.35761	0.09752	0.01757	0.01506	0.00618	0.00490	0.00140	0.00415	0.00502	0.00517	0.25009
31	0.01248	0.01426	0.03119	0.02228	0.02763	0.01337	0.76203	0.01693	0.01248	0.01693	0.01070	0.01426	0.00802	0.00446	0.00624	0.00178	0.00891	0.00624	0.00267	0.00713
32	0.02372	0.00900	0.01227	0.00941	0.01350	0.00777	0.00777	0.02576	0.01513	0.78489	0.02086	0.01799	0.01309	0.00654	0.00532	0.00164	0.00450	0.00532	0.00654	0.00900
33	0.00998	0.00940	0.01586	0.80150	0.03641	0.01175	0.01468	0.01351	0.01057	0.01351	0.00940	0.01409	0.00705	0.00529	0.00529	0.00176	0.00705	0.00470	0.00235	0.00587
34	0.47884	0.01486	0.01118	0.00965	0.01298	0.20719	0.00770	0.16598	0.01365	0.02295	0.00863	0.00964	0.00665	0.00533	0.00405	0.00156	0.00579	0.00338	0.00354	0.00648
35	0.00675	0.00538	0.00605	0.00588	0.00745	0.00468	0.00441	0.00855	0.01323	0.01708	0.34645	0.04628	0.48445	0.01235	0.00624	0.00174	0.00260	0.01051	0.00528	0.00468
36	0.00702	0.00499	0.00671	0.00788	0.00840	0.00478	0.00573	0.00827	0.01052	0.01392	0.02828	0.58796	0.03311	0.05291	0.00782	0.00236	0.00361	0.19655	0.00482	0.00439
37	0.00732	0.00528	0.00692	0.00676	0.00786	0.00488	0.00498	0.00957	0.01422	0.02001	0.66280	0.15852	0.04758	0.01170	0.00631	0.00174	0.00258	0.01040	0.00568	0.00488
38	0.01248	0.01426	0.03119	0.02228	0.02763	0.01337	0.76203	0.01693	0.01248	0.01693	0.01070	0.01426	0.00802	0.00446	0.00624	0.00178	0.00891	0.00624	0.00267	0.00713
39	0.01729	0.01342	0.01429	0.01160	0.01533	0.01509	0.00937	0.46701	0.32601	0.02880	0.01625	0.01553	0.01187	0.00668	0.00533	0.00167	0.00516	0.00525	0.00533	0.00874
40	0.01411	0.01451	0.02046	0.02954	0.66318	0.13301	0.01530	0.01698	0.01249	0.01660	0.00967	0.01254	0.00813	0.00482	0.00516	0.00154	0.00678	0.00451	0.00263	0.00803
41	0.00655	0.00469	0.00624	0.00728	0.00769	0.00437	0.00492	0.00764	0.01065	0.01433	0.11018	0.72734	0.03658	0.01594	0.00669	0.00209	0.00301	0.01444	0.00501	0.00437
42	0.01096	0.00940	0.01096	0.00783	0.01253	0.00705	0.00626	0.01331	0.01096	0.01723	0.00940	0.01096	0.00783	0.00392	0.00392	0.00078	0.00392	0.00313	0.00313	0.84653
43	0.01248	0.01426	0.03119	0.02228	0.02763	0.01337	0.76203	0.01693	0.01248	0.01693	0.01070	0.01426	0.00802	0.00446	0.00624	0.00178	0.00891	0.00624	0.00267	0.00713
44	0.06089	0.00795	0.01095	0.00883	0.01187	0.00720	0.04144	0.01887	0.01462	0.42175	0.30478	0.02541	0.02631	0.00797	0.00560	0.00165	0.00393	0.00683	0.00592	0.00723
45	0.01183	0.01025	0.01075	0.01004	0.01261	0.03190	0.00789	0.02302	0.55448	0.02002	0.02563	0.04565	0.10067	0.00897	0.00574	0.00187	0.00423	0.10195	0.00518	0.00734
46	0.00644	0.00460	0.00613	0.00736	0.00767	0.00429	0.00491	0.00736	0.01012	0.01350	0.02914	0.81076	0.03497	0.01656	0.00675	0.00215	0.00307	0.01503	0.00491	0.00429
47	0.02372	0.00900	0.01227	0.00941	0.01350	0.00777	0.00777	0.02576	0.01513	0.78489	0.02086	0.01799	0.01309	0.00654	0.00532	0.00164	0.00450	0.00532	0.00654	0.00900
48	0.01257	0.01400	0.02969	0.02385	0.14394	0.01324	0.64693	0.01682	0.01241	0.01699	0.01058	0.01408	0.00808	0.00450	0.00608	0.00175	0.00851	0.00600	0.00267	0.00732
49	0.00625	0.00536	0.00536	0.00536	0.00714	0.00446	0.00402	0.00759	0.01205	0.01428	0.05355	0.05088	0.77909	0.01339	0.00625	0.00179	0.00268	0.01116	0.00491	0.00446
50	0.00918	0.00459	0.00689	0.00689	0.00689	0.00459	0.00459	0.00689	0.00689	0.00918	0.00918	0.01607	0.00918	0.01837	0.02066	0.84619	0.00459	0.00459	0.00230	0.00230
51	0.01656	0.01060	0.01206	0.01032	0.01367	0.01141	0.00817	0.02734	0.52761	0.26820	0.02130	0.01917	0.01515	0.00697	0.00536	0.00174	0.00429	0.00576	0.00575	0.00857
52	0.00644	0.00460	0.00613	0.00736	0.00767	0.00429	0.00491	0.00736	0.01012	0.01350	0.02914	0.81076	0.03497	0.01656	0.00675	0.00215	0.00307	0.01503	0.00491	0.00429
53	0.02131	0.01285	0.01466	0.01124	0.01542	0.01349	0.00928	0.51538	0.02158	0.28616	0.01544	0.01448	0.01037	0.00641	0.00530	0.00160	0.00537	0.00495	0.00571	0.00899
54	0.01413	0.81739	0.02770	0.00905	0.01357	0.02092	0.00905	0.01583	0.01074	0.01244	0.00735	0.00848	0.00678	0.00452	0.00339	0.00113	0.00565	0.00283	0.00226	0.00678
55	0.00750	0.00583	0.00779	0.09338	0.01164	0.00575	0.00682	0.00942	0.01178	0.01521	0.11317	0.22978	0.21868	0.01335	0.00657	0.00205	0.00387	0.22795	0.00472	0.00475
56	0.01413	0.81739	0.02770	0.00905	0.01357	0.02092	0.00905	0.01583	0.01074	0.01244	0.00735	0.00848	0.00678	0.00452	0.00339	0.00113	0.00565	0.00283	0.00226	0.00678
57	0.31584	0.01067	0.01062	0.00894	0.01227	0.01174	0.00723	0.15980	0.17459	0.14230	0.01432	0.01415	0.01037	0.00602	0.00445	0.00162	0.00435	0.00444	0.07895	0.00733
58	0.01413	0.81739	0.02770	0.00905	0.01357	0.02092	0.00905	0.01583	0.01074	0.01244	0.00735	0.00848	0.00678	0.00452	0.00339	0.00113	0.00565	0.00283	0.00226	0.00678
59	0.85155	0.01022	0.00777	0.00695	0.01022	0.01186	0.00573	0.01554	0.00900	0.02372	0.00736	0.00859	0.00573	0.00491	0.00327	0.00164	0.00409	0.00286	0.00327	0.00573
60	0.00998	0.00940	0.01586	0.80150	0.03641	0.01175	0.01468	0.01351	0.01057	0.01351	0.00940	0.01409	0.00705	0.00529	0.00529	0.00176	0.00705	0.00470	0.00235	0.00587
61	0.00644	0.00460	0.00613	0.00736	0.00767	0.00429	0.00491	0.00736	0.01012	0.01350	0.02914	0.81076	0.03497	0.01656	0.00675	0.00215	0.00307	0.01503	0.00491	0.00429
62	0.35532	0.01482	0.01244	0.01032	0.01390	0.15393	0.00833	0.32871	0.01669	0.02579	0.00973	0.01047	0.00728	0.00560	0.00438	0.00157	0.00579	0.00375	0.00401	0.00716
63	0.00985	0.00493	0.00493	0.00493	0.00616	0.00493	0.00370	0.01232	0.01109	0.01971	0.01725	0.01971	0.01355	0.00616	0.00370	0.00123	0.00246	0.00493	0.84356	0.00493
64	0.01229	0.40419	0.42473	0.01220	0.01844	0.01640	0.01453	0.01631	0.01096	0.01469	0.00847	0.00988	0.00674	0.00478	0.00424	0.00141	0.00678	0.00339	0.00225	0.00732
65	0.01060	0.02735	0.78682	0.01507	0.02288	0.01228	0.01953	0.01674	0.01116	0.01674	0.00949	0.01116	0.00670	0.00502	0.00502	0.00167	0.00781	0.00391	0.00223	0.00781
66	0.00769	0.00513	0.00577	0.00577	0.00577	0.00513	0.00320	0.00769	0.00769	0.01025	0.01666	0.03460	0.01922	0.81421	0.02691	0.00513	0.00513	0.00769	0.00320	0.00320
67	0.00675	0.00537	0.00605	0.00588	0.00745	0.00467	0.00441	0.00855	0.01323	0.01707	0.34586	0.04629	0.48504	0.01235	0.00624	0.00174	0.00260	0.01051	0.00528	0.00467
68	0.00644	0.00460	0.00613	0.00736	0.00767	0.00429	0.00491	0.00736	0.01012	0.01350	0.02914	0.81076	0.03497	0.01656	0.00675	0.00215	0.00307	0.01503	0.00491	0.00429
69	0.02372	0.00900	0.01227	0.00941	0.01350	0.00777	0.00777	0.02576	0.01513	0.78489	0.02086	0.01799	0.01309	0.00654	0.00532	0.00164	0.00450	0.00532	0.00654	0.00900
70	0.00829	0.00592	0.00826	0.00948	0.01060	0.00589	0.00813	0.01056	0.01195	0.01557	0.02811	0.14087	0.03092	0.01482	0.00724	0.00240	0.00467	0.66663	0.00487	0.00481
71	0.00763	0.00534	0.00687	0.00687	0.00725	0.00572	0.00458	0.00839	0.00801	0.01107	0.01565	0.02902	0.01680	0.50187	0.33594	0.00648	0.00877	0.00687	0.00305	0.00381
72	0.00644	0.00460	0.00613	0.00736	0.00767	0.00429	0.00491	0.00736	0.01012	0.01350	0.02914	0.81076	0.03497	0.01656	0.00675	0.00215	0.00307	0.01503	0.00491	0.00429
73	0.00985	0.00493	0.00493	0.00493	0.00616	0.00493	0.00370	0.01232	0.01109	0.01971	0.01725	0.01971	0.01355	0.00616	0.00370	0.00123	0.00246	0.00493	0.84356	0.00493
74	0.01249	0.44920	0.38148	0.01185	0.01791	0.01689	0.01393	0.01625	0.01094	0.01444	0.00835	0.00973	0.00674	0.00476	0.00415	0.00138	0.00666	0.00333	0.00225	0.00726
75	0.01081	0.00964	0.01574	0.02280	0.46994	0.00958	0.01237	0.01335	0.01167	0.01620	0.01746	0.18799	0.01821	0.00911	0.00595	0.00186	0.00534	0.15162	0.00353	0.00684
76	0.02197	0.00864	0.01186	0.00931	0.01306	0.00764	0.00764	0.02400	0.01441	0.70133	0.02013	0.01829	0.01310	0.01012	0.09054	0.00238	0.00554	0.00535	0.00614	0.00853
77	0.01351	0.00734	0.00990	0.00964	0.01182	0.00705	0.00819	0.05669	0.01363	0.24238	0.02511	0.08575	0.02440	0.01189	0.00658	0.00214	0.00471	0.44761	0.00539	0.00628
78	0.09390	0.01379	0.01375	0.01125	0.01488	0.18293	0.04951	0.08521	0.12688	0.33012	0.01573	0.01490	0.01088	0.00612	0.00507	0.00160	0.00588	0.00478	0.00492	0.00788
79	0.85155	0.01022	0.00777	0.00695	0.01022	0.01186	0.00573	0.01554	0.00900	0.02372	0.00736	0.00859	0.00573	0.00491	0.00327	0.00164	0.00409	0.00286	0.00327	0.00573
80	0.01087	0.02575	0.70404	0.01695	0.10490	0.01231	0.01917	0.01669	0.01126	0.01680	0.00954	0.01137	0.00688	0.00499	0.00505	0.00166	0.00765	0.00399	0.00227	0.00787
81	0.01334	0.01285	0.02225	0.03041	0.66441	0.01283	0.09661	0.05081	0.01268	0.01798	0.01015	0.01319	0.00836	0.00476	0.00534	0.00159	0.00654	0.00488	0.00275	0.00827
82	0.00658	0.00537	0.00582	0.00571	0.00735	0.00460	0.00428	0.00823	0.01284	0.01615	0.24924	0.04780	0.58223	0.01269	0.00624	0.00175	0.00263	0.01073	0.00515	0.00460
83	0.01096	0.00940	0.01096	0.00783	0.01253	0.00705	0.00626	0.01331	0.01096	0.01723	0.00940	0.01096	0.00783	0.00392	0.00392	0.00078	0.00392	0.00313	0.00313	0.84653
84	0.01146	0.00829	0.00975	0.00844	0.01100	0.00828	0.00656	0.03431	0.24778	0.09196	0.36033	0.02719	0.02982	0.00832	0.00557	0.00159	0.00346	0.00714	0.00540	0.11338
85	0.01415	0.01302	0.09638	0.01210	0.05019	0.01257	0.00992	0.07822	0.51383	0.08957	0.03918	0.01836	0.01488	0.00681	0.00534	0.00174	0.00477	0.00564	0.00502	0.00832
86	0.00644	0.00460	0.00613	0.00736	0.00767	0.00429	0.00491	0.00736	0.01012	0.01350	0.02914	0.81076	0.03497	0.01656	0.00675	0.00215	0.00307	0.01503	0.00491	0.00429
87	0.01096	0.00940	0.01096	0.00783	0.01253	0.00705	0.00626	0.01331	0.01096	0.01723	0.00940	0.01096	0.00783	0.00392	0.00392	0.00078	0.00392	0.00313	0.00313	0.84653
88	0.01008	0.00833	0.01188	0.00970	0.01265	0.00734	0.10175	0.01291	0.05165	0.04706	0.08523	0.24561	0.03569	0.00880	0.00566	0.00152	0.01919	0.00795	0.00410	0.31289
89	0.01295	0.55267	0.28206	0.01106	0.01669	0.01802	0.01256	0.01614	0.01088	0.01388	0.00807	0.00938	0.00675	0.00469	0.00394	0.00131	0.00638	0.00319	0.00225	0.00713
90	0.00813	0.00464	0.00665	0.00714	0.00729	0.00452	0.00482	0.00718	0.00825	0.01099	0.01720	0.31562	0.01945	0.01758	0.01507	0.50584	0.00403	0.02913	0.00335	0.00312
91	0.00686	0.00538	0.00620	0.00599	0.00751	0.00472	0.00450	0.00877	0.01349	0.01769	0.41103	0.04526	0.41948	0.01212	0.00624	0.00172	0.00259	0.01037	0.00536	0.00472
92	0.01096	0.00940	0.01096	0.00783	0.01253	0.00705	0.00626	0.01331	0.01096	0.01723	0.00940	0.01096	0.00783	0.00392	0.00392	0.00078	0.00392	0.00313	0.00313	0.84653
93	0.01096	0.00940	0.01096	0.00783	0.01253	0.00705	0.00626	0.01331	0.01096	0.01723	0.00940	0.01096	0.00783	0.00392	0.00392	0.00078	0.00392	0.00313	0.00313	0.84653
94	0.02000	0.01762	0.01563	0.01256	0.01638	0.22637	0.01009	0.56285	0.02219	0.02781	0.01147	0.01184	0.00840	0.00610	0.00515	0.00153	0.00682	0.00439	0.00460	0.00822
95	0.00724	0.00496	0.00601	0.00645	0.00659	0.00489	0.00395	0.00764	0.00859	0.01149	0.02102	0.31181	0.02461	0.49754	0.05057	0.00420	0.00475	0.01023	0.00380	0.00365
96	0.00998	0.00940	0.01586	0.80150	0.03641	0.01175	0.01468	0.01351	0.01057	0.01351	0.00940	0.01409	0.00705	0.00529	0.00529	0.00176	0.00705	0.00470	0.00235	0.00587
97	0.01339	0.01314	0.02116	0.03158	0.74591	0.04860	0.01595	0.01645	0.01217	0.01707	0.00986	0.01292	0.00830	0.00474	0.00521	0.00156	0.00643	0.00465	0.00262	0.00827
98	0.01218	0.00877	0.00995	0.00929	0.04640	0.02378	0.00688	0.09509	0.14152	0.12082	0.12597	0.03168	0.27662	0.00942	0.00572	0.00168	0.00388	0.02232	0.00513	0.04290

[dist]
