[name]
unknown

[dist]
# distance from previous block
# <min> <max>
6	641

[block]
# block no. 0 follows, 53 sequences, length 14
# corresponding to MSA columns:
# 642-655
name=unknown_A
#
# <colnr> <probs for GDERKNQSTAVLIFYWHMCP>
#	G	D	E	R	K	N	Q	S	T	A	V	L	I	F	Y	W	H	M	C	P
0	0.08440	0.01624	0.01293	0.01259	0.10243	0.39845	0.00880	0.07141	0.06953	0.05022	0.00932	0.01029	0.00736	0.00484	0.00424	0.00125	0.00641	0.00347	0.00303	0.12277
1	0.04905	0.08357	0.01826	0.01348	0.01697	0.31586	0.22820	0.15548	0.01399	0.01667	0.03759	0.01122	0.00820	0.00491	0.00466	0.00138	0.00714	0.00416	0.00296	0.00626
2	0.00582	0.00416	0.00555	0.00666	0.00693	0.00388	0.00444	0.00666	0.00915	0.01220	0.02634	0.82891	0.03161	0.01497	0.00610	0.00194	0.00277	0.01359	0.00444	0.00388
3	0.86579	0.00924	0.00702	0.00629	0.00924	0.01072	0.00518	0.01405	0.00813	0.02144	0.00666	0.00776	0.00518	0.00444	0.00296	0.00148	0.00370	0.00259	0.00296	0.00518
4	0.00934	0.00882	0.01491	0.73126	0.11973	0.01070	0.01343	0.01249	0.00971	0.01260	0.00855	0.01264	0.00651	0.00472	0.00477	0.00157	0.00629	0.00425	0.00215	0.00556
5	0.01588	0.01266	0.07092	0.01314	0.01737	0.01192	0.22917	0.29738	0.07229	0.18994	0.01292	0.01327	0.00900	0.00526	0.00502	0.00151	0.00581	0.00482	0.00417	0.00754
6	0.00582	0.00416	0.00555	0.00666	0.00693	0.00388	0.00444	0.00666	0.00915	0.01220	0.02634	0.82891	0.03161	0.01497	0.00610	0.00194	0.00277	0.01359	0.00444	0.00388
7	0.00577	0.00488	0.00501	0.00507	0.00666	0.00412	0.00387	0.00704	0.01090	0.01299	0.04708	0.04646	0.75556	0.01217	0.00570	0.00165	0.00254	0.05406	0.00444	0.00406
8	0.01239	0.01252	0.01852	0.06171	0.68002	0.10176	0.01400	0.01506	0.01113	0.01503	0.00879	0.01151	0.00736	0.00436	0.00469	0.00141	0.00604	0.00412	0.00237	0.00724
9	0.01418	0.61643	0.02207	0.00912	0.01294	0.13310	0.00844	0.11005	0.01184	0.01363	0.00735	0.00827	0.00638	0.00441	0.00346	0.00110	0.00564	0.00285	0.00244	0.00629
10	0.00903	0.00850	0.01434	0.82054	0.03292	0.01062	0.01327	0.01221	0.00956	0.01221	0.00850	0.01274	0.00637	0.00478	0.00478	0.00159	0.00637	0.00425	0.00212	0.00531
11	0.00695	0.00463	0.00521	0.00521	0.00521	0.00463	0.00290	0.00695	0.00695	0.00927	0.01506	0.03128	0.01738	0.83203	0.02433	0.00463	0.00463	0.00695	0.00290	0.00290
12	0.61662	0.01118	0.00966	0.00987	0.09972	0.09229	0.00697	0.07566	0.01013	0.02049	0.00737	0.00860	0.00578	0.00457	0.00344	0.00144	0.00454	0.00296	0.00299	0.00572
13	0.01188	0.01254	0.01664	0.04750	0.10433	0.12308	0.10388	0.03489	0.00956	0.01300	0.00737	0.01077	0.00658	0.00669	0.01095	0.00180	0.46626	0.00422	0.00229	0.00577

[dist]
# distance from previous block
# <min> <max>
2	9

[block]
# block no. 1 follows, 53 sequences, length 118
# corresponding to MSA columns:
# 665-782
name=unknown_B
#
# <colnr> <probs for GDERKNQSTAVLIFYWHMCP>
#	G	D	E	R	K	N	Q	S	T	A	V	L	I	F	Y	W	H	M	C	P
0	0.20605	0.43982	0.15418	0.02672	0.01363	0.06504	0.00930	0.01465	0.00965	0.01428	0.00707	0.00828	0.00591	0.00431	0.00341	0.00124	0.00537	0.00280	0.00228	0.00602
1	0.01538	0.01348	0.01287	0.01107	0.03106	0.13545	0.00860	0.33677	0.34050	0.02279	0.01410	0.01368	0.01049	0.00589	0.00474	0.00148	0.00517	0.00457	0.00441	0.00749
2	0.00779	0.00561	0.00777	0.00882	0.00996	0.00564	0.00770	0.01024	0.02813	0.01443	0.02518	0.05312	0.02722	0.01306	0.00656	0.00219	0.00439	0.75330	0.00441	0.00447
3	0.00587	0.00418	0.00553	0.00660	0.00686	0.00391	0.00437	0.00667	0.00906	0.01208	0.02587	0.79576	0.03102	0.04893	0.00686	0.00205	0.00285	0.01331	0.00437	0.00384
4	0.01046	0.01046	0.01464	0.01255	0.01255	0.01464	0.01046	0.01150	0.00732	0.01150	0.00627	0.01046	0.00627	0.00837	0.01569	0.00209	0.82328	0.00418	0.00209	0.00523
5	0.01111	0.00945	0.01013	0.00916	0.01162	0.01076	0.00710	0.02290	0.67440	0.01987	0.13866	0.02056	0.01925	0.00699	0.00498	0.00160	0.00355	0.00590	0.00492	0.00710
6	0.01335	0.00994	0.01085	0.00954	0.01239	0.01115	0.00748	0.02508	0.67442	0.14001	0.01936	0.01759	0.01417	0.00640	0.00485	0.00160	0.00383	0.00531	0.00502	0.00765
7	0.01007	0.14850	0.68775	0.01279	0.01940	0.01229	0.01621	0.01501	0.01003	0.01454	0.00828	0.00972	0.00607	0.00447	0.00432	0.00144	0.00677	0.00338	0.00202	0.00692
8	0.00608	0.00453	0.00566	0.00606	0.00689	0.00411	0.00429	0.00744	0.01089	0.01452	0.27176	0.41334	0.20147	0.01274	0.00586	0.00173	0.00254	0.01129	0.00469	0.00411
9	0.01128	0.01333	0.07511	0.02152	0.17576	0.01188	0.58730	0.01517	0.01113	0.01536	0.00947	0.01251	0.00724	0.00411	0.00540	0.00157	0.00753	0.00524	0.00238	0.00670
10	0.01278	0.83490	0.02505	0.00818	0.01227	0.01891	0.00818	0.01431	0.00971	0.01125	0.00664	0.00767	0.00613	0.00409	0.00307	0.00102	0.00511	0.00256	0.00204	0.00613
11	0.86579	0.00924	0.00702	0.00629	0.00924	0.01072	0.00518	0.01405	0.00813	0.02144	0.00666	0.00776	0.00518	0.00444	0.00296	0.00148	0.00370	0.00259	0.00296	0.00518
12	0.00683	0.00512	0.00768	0.00768	0.00853	0.00597	0.00597	0.00853	0.00768	0.01110	0.01280	0.01878	0.01195	0.03585	0.81308	0.00768	0.01280	0.00512	0.00256	0.00427
13	0.01278	0.83490	0.02505	0.00818	0.01227	0.01891	0.00818	0.01431	0.00971	0.01125	0.00664	0.00767	0.00613	0.00409	0.00307	0.00102	0.00511	0.00256	0.00204	0.00613
14	0.00830	0.00415	0.00623	0.00623	0.00623	0.00415	0.00415	0.00623	0.00623	0.00830	0.00830	0.01453	0.00830	0.01660	0.01868	0.86094	0.00415	0.00415	0.00208	0.00208
15	0.76398	0.00911	0.00752	0.00655	0.00960	0.01028	0.00540	0.01516	0.00880	0.11598	0.00813	0.00879	0.00598	0.00462	0.00318	0.00148	0.00374	0.00286	0.00331	0.00553
16	0.00928	0.00876	0.01480	0.74870	0.10277	0.01069	0.01340	0.01244	0.00968	0.01252	0.00854	0.01266	0.00648	0.00473	0.00477	0.00158	0.00631	0.00425	0.00215	0.00551
17	0.00582	0.00416	0.00555	0.00666	0.00693	0.00388	0.00444	0.00666	0.00915	0.01220	0.02634	0.82891	0.03161	0.01497	0.00610	0.00194	0.00277	0.01359	0.00444	0.00388
18	0.01785	0.02278	0.01354	0.01231	0.01478	0.81284	0.00924	0.01909	0.01354	0.01170	0.00739	0.00862	0.00616	0.00493	0.00431	0.00123	0.00862	0.00308	0.00246	0.00554
19	0.00582	0.00416	0.00555	0.00666	0.00693	0.00388	0.00444	0.00666	0.00915	0.01220	0.02634	0.82891	0.03161	0.01497	0.00610	0.00194	0.00277	0.01359	0.00444	0.00388
20	0.01585	0.01435	0.01907	0.01441	0.01836	0.15252	0.29842	0.29277	0.01591	0.09428	0.01078	0.01196	0.00780	0.00497	0.00502	0.00147	0.00678	0.00464	0.00360	0.00705
21	0.01817	0.01339	0.01434	0.01100	0.01482	0.01482	0.00908	0.78627	0.02247	0.03012	0.01148	0.01148	0.00813	0.00574	0.00478	0.00143	0.00526	0.00430	0.00478	0.00813
22	0.00665	0.00488	0.00624	0.00590	0.00707	0.00446	0.00442	0.00881	0.01327	0.01855	0.72513	0.03672	0.12004	0.01000	0.00564	0.00151	0.00227	0.00879	0.00518	0.00446
23	0.01189	0.01027	0.01081	0.00973	0.01243	0.01189	0.00757	0.02540	0.79357	0.01999	0.01945	0.01783	0.01459	0.00648	0.00486	0.00162	0.00378	0.00540	0.00486	0.00757
24	0.00959	0.02472	0.80726	0.01362	0.02069	0.01110	0.01766	0.01514	0.01009	0.01514	0.00858	0.01009	0.00605	0.00454	0.00454	0.00151	0.00706	0.00353	0.00202	0.00706
25	0.00959	0.02472	0.80726	0.01362	0.02069	0.01110	0.01766	0.01514	0.01009	0.01514	0.00858	0.01009	0.00605	0.00454	0.00454	0.00151	0.00706	0.00353	0.00202	0.00706
26	0.01735	0.13890	0.01598	0.01057	0.01443	0.01545	0.00895	0.66833	0.02052	0.02724	0.01074	0.01089	0.00782	0.00549	0.00452	0.00137	0.00524	0.00404	0.00436	0.00782
27	0.01817	0.01339	0.01434	0.01100	0.01482	0.01482	0.00908	0.78627	0.02247	0.03012	0.01148	0.01148	0.00813	0.00574	0.00478	0.00143	0.00526	0.00430	0.00478	0.00813
28	0.00695	0.00463	0.00521	0.00521	0.00521	0.00463	0.00290	0.00695	0.00695	0.00927	0.01506	0.03128	0.01738	0.83203	0.02433	0.00463	0.00463	0.00695	0.00290	0.00290
29	0.01178	0.01352	0.02565	0.01875	0.02292	0.08205	0.64451	0.01528	0.01111	0.01464	0.00915	0.01229	0.00706	0.00451	0.00647	0.00162	0.08475	0.00528	0.00239	0.00625
30	0.01399	0.12901	0.43462	0.01117	0.01670	0.01079	0.01281	0.01776	0.01124	0.27926	0.01176	0.01183	0.00800	0.00494	0.00443	0.00144	0.00580	0.00383	0.00333	0.00730
31	0.00695	0.00463	0.00521	0.00521	0.00521	0.00463	0.00290	0.00695	0.00695	0.00927	0.01506	0.03128	0.01738	0.83203	0.02433	0.00463	0.00463	0.00695	0.00290	0.00290
32	0.00582	0.00416	0.00555	0.00666	0.00693	0.00388	0.00444	0.00666	0.00915	0.01220	0.02634	0.82891	0.03161	0.01497	0.00610	0.00194	0.00277	0.01359	0.00444	0.00388
33	0.00903	0.00850	0.01434	0.82054	0.03292	0.01062	0.01327	0.01221	0.00956	0.01221	0.00850	0.01274	0.00637	0.00478	0.00478	0.00159	0.00637	0.00425	0.00212	0.00531
34	0.01188	0.01037	0.01159	0.01151	0.08414	0.01184	0.00821	0.02442	0.72251	0.01960	0.01850	0.01729	0.01395	0.00628	0.00485	0.00160	0.00395	0.00530	0.00464	0.00757
35	0.02144	0.00813	0.01109	0.00850	0.01220	0.00702	0.00702	0.02329	0.01368	0.80552	0.01886	0.01627	0.01183	0.00592	0.00481	0.00148	0.00407	0.00481	0.00592	0.00813
36	0.00959	0.02472	0.80726	0.01362	0.02069	0.01110	0.01766	0.01514	0.01009	0.01514	0.00858	0.01009	0.00605	0.00454	0.00454	0.00151	0.00706	0.00353	0.00202	0.00706
37	0.00582	0.00416	0.00555	0.00666	0.00693	0.00388	0.00444	0.00666	0.00915	0.01220	0.02634	0.82891	0.03161	0.01497	0.00610	0.00194	0.00277	0.01359	0.00444	0.00388
38	0.02144	0.00813	0.01109	0.00850	0.01220	0.00702	0.00702	0.02329	0.01368	0.80552	0.01886	0.01627	0.01183	0.00592	0.00481	0.00148	0.00407	0.00481	0.00592	0.00813
39	0.86579	0.00924	0.00702	0.00629	0.00924	0.01072	0.00518	0.01405	0.00813	0.02144	0.00666	0.00776	0.00518	0.00444	0.00296	0.00148	0.00370	0.00259	0.00296	0.00518
40	0.01189	0.01031	0.01116	0.01054	0.04525	0.01187	0.00786	0.02495	0.76105	0.01981	0.01902	0.01758	0.01430	0.00639	0.00486	0.00161	0.00386	0.00536	0.00476	0.00757
41	0.00959	0.02472	0.80726	0.01362	0.02069	0.01110	0.01766	0.01514	0.01009	0.01514	0.00858	0.01009	0.00605	0.00454	0.00454	0.00151	0.00706	0.00353	0.00202	0.00706
42	0.00695	0.00463	0.00521	0.00521	0.00521	0.00463	0.00290	0.00695	0.00695	0.00927	0.01506	0.03128	0.01738	0.83203	0.02433	0.00463	0.00463	0.00695	0.00290	0.00290
43	0.01149	0.01225	0.02541	0.01840	0.02289	0.01167	0.66598	0.01626	0.08245	0.03939	0.03628	0.01418	0.00927	0.00449	0.00555	0.00161	0.00736	0.00569	0.00284	0.00654
44	0.02144	0.00813	0.01109	0.00850	0.01220	0.00702	0.00702	0.02329	0.01368	0.80552	0.01886	0.01627	0.01183	0.00592	0.00481	0.00148	0.00407	0.00481	0.00592	0.00813
45	0.00959	0.02472	0.80726	0.01362	0.02069	0.01110	0.01766	0.01514	0.01009	0.01514	0.00858	0.01009	0.00605	0.00454	0.00454	0.00151	0.00706	0.00353	0.00202	0.00706
46	0.01183	0.01136	0.01940	0.02934	0.80221	0.01136	0.01467	0.01467	0.01088	0.01562	0.00899	0.01183	0.00757	0.00426	0.00473	0.00142	0.00568	0.00426	0.00237	0.00757
47	0.00582	0.00416	0.00555	0.00666	0.00693	0.00388	0.00444	0.00666	0.00915	0.01220	0.02634	0.82891	0.03161	0.01497	0.00610	0.00194	0.00277	0.01359	0.00444	0.00388
48	0.01785	0.02278	0.01354	0.01231	0.01478	0.81284	0.00924	0.01909	0.01354	0.01170	0.00739	0.00862	0.00616	0.00493	0.00431	0.00123	0.00862	0.00308	0.00246	0.00554
49	0.00565	0.00484	0.00484	0.00484	0.00646	0.00403	0.00363	0.00686	0.01089	0.01291	0.04842	0.04600	0.80027	0.01210	0.00565	0.00161	0.00242	0.01009	0.00444	0.00403
50	0.01313	0.01088	0.01390	0.01271	0.08576	0.01190	0.09234	0.11152	0.50065	0.06844	0.01648	0.01592	0.01224	0.00590	0.00492	0.00157	0.00461	0.00516	0.00443	0.00755
51	0.00692	0.00475	0.00581	0.00581	0.00601	0.00496	0.00364	0.00733	0.00713	0.00971	0.01451	0.02826	0.01607	0.63987	0.21469	0.00537	0.00661	0.00651	0.00282	0.00323
52	0.00647	0.00487	0.00598	0.00571	0.00696	0.00439	0.00428	0.00845	0.01284	0.01753	0.60309	0.03840	0.24272	0.01038	0.00564	0.00153	0.00230	0.00902	0.00505	0.00439
53	0.01785	0.02278	0.01354	0.01231	0.01478	0.81284	0.00924	0.01909	0.01354	0.01170	0.00739	0.00862	0.00616	0.00493	0.00431	0.00123	0.00862	0.00308	0.00246	0.00554
54	0.00978	0.00835	0.00976	0.00704	0.01115	0.00629	0.00562	0.01191	0.01006	0.01572	0.04138	0.01098	0.00866	0.00380	0.00363	0.00074	0.00349	0.00307	0.00293	0.82564
55	0.01177	0.01130	0.01929	0.04609	0.78592	0.01134	0.01464	0.01462	0.01086	0.01554	0.00898	0.01185	0.00755	0.00427	0.00473	0.00142	0.00569	0.00426	0.00236	0.00752
56	0.01521	0.01274	0.02021	0.01547	0.05167	0.01299	0.33796	0.37591	0.01665	0.07563	0.01111	0.01241	0.00798	0.00496	0.00515	0.00151	0.00638	0.00490	0.00376	0.00739
57	0.13918	0.04500	0.01481	0.29408	0.24326	0.06119	0.01138	0.04807	0.07009	0.01585	0.00918	0.01161	0.00721	0.00473	0.00440	0.00148	0.00562	0.00395	0.00266	0.00627
58	0.00751	0.00596	0.04469	0.00642	0.00791	0.00492	0.00515	0.00978	0.01302	0.05229	0.67445	0.03375	0.06201	0.04359	0.00633	0.00164	0.00267	0.00821	0.00501	0.00471
59	0.86579	0.00924	0.00702	0.00629	0.00924	0.01072	0.00518	0.01405	0.00813	0.02144	0.00666	0.00776	0.00518	0.00444	0.00296	0.00148	0.00370	0.00259	0.00296	0.00518
60	0.00593	0.00429	0.00563	0.00661	0.00704	0.00399	0.00453	0.00690	0.00951	0.01262	0.05972	0.71771	0.07663	0.01452	0.00608	0.00191	0.00280	0.04517	0.00447	0.00394
61	0.00582	0.00416	0.00555	0.00666	0.00693	0.00388	0.00444	0.00666	0.00915	0.01220	0.02634	0.82891	0.03161	0.01497	0.00610	0.00194	0.00277	0.01359	0.00444	0.00388
62	0.01590	0.01226	0.01306	0.01054	0.01396	0.01376	0.00853	0.51098	0.30146	0.02646	0.01436	0.01378	0.01047	0.00601	0.00481	0.00150	0.00473	0.00470	0.00481	0.00792
63	0.01104	0.04815	0.13548	0.08618	0.34537	0.02555	0.01240	0.01650	0.18546	0.01577	0.01218	0.06373	0.01022	0.00552	0.00474	0.00151	0.00537	0.00489	0.00297	0.00698
64	0.01528	0.01386	0.01223	0.01128	0.05082	0.24897	0.00837	0.07564	0.35050	0.12368	0.03014	0.01451	0.01153	0.00585	0.00469	0.00146	0.00542	0.00457	0.00418	0.00702
65	0.01036	0.01929	0.44964	0.01662	0.02266	0.01155	0.36983	0.01522	0.01064	0.01522	0.00908	0.01138	0.00660	0.00431	0.00505	0.00156	0.00752	0.00450	0.00220	0.00678
66	0.00939	0.01394	0.25619	0.34403	0.02519	0.01048	0.16626	0.01323	0.01001	0.01362	0.01094	0.01435	0.04478	0.04057	0.00576	0.00170	0.00665	0.00470	0.00229	0.00590
67	0.00993	0.01023	0.04078	0.05162	0.23233	0.00955	0.28910	0.01307	0.01153	0.01606	0.20098	0.04794	0.01767	0.00609	0.00536	0.00155	0.00565	0.02126	0.00318	0.00612
68	0.01187	0.01601	0.24363	0.14785	0.05759	0.11230	0.16434	0.01651	0.08713	0.06398	0.01069	0.02814	0.00812	0.00499	0.00485	0.00152	0.00669	0.00450	0.00275	0.00654
69	0.00827	0.00547	0.00688	0.00707	0.00862	0.00503	0.00585	0.01007	0.01147	0.09498	0.10343	0.04552	0.31075	0.01175	0.00598	0.00185	0.00345	0.34426	0.00465	0.00466
70	0.00912	0.01584	0.37169	0.01174	0.01545	0.01075	0.04155	0.01236	0.00950	0.01368	0.02788	0.01759	0.15902	0.00721	0.00818	0.00171	0.25314	0.00514	0.00257	0.00586
71	0.01150	0.08109	0.03738	0.10333	0.33253	0.01226	0.30670	0.02988	0.01102	0.01507	0.00904	0.01194	0.00719	0.00424	0.00494	0.00148	0.00662	0.00463	0.00238	0.00680
72	0.01100	0.01032	0.01739	0.02597	0.68085	0.01029	0.01326	0.01360	0.01071	0.01519	0.01159	0.09971	0.01105	0.00581	0.00496	0.00151	0.00531	0.04175	0.00268	0.00703
73	0.00999	0.01039	0.01756	0.01384	0.01566	0.01219	0.26133	0.01203	0.00915	0.01296	0.01382	0.01668	0.12790	0.00753	0.01088	0.00186	0.43267	0.00556	0.00256	0.00544
74	0.01110	0.12470	0.02769	0.06277	0.13483	0.11276	0.00846	0.01313	0.01163	0.06677	0.22553	0.02079	0.09380	0.00697	0.00549	0.00144	0.05731	0.00563	0.00351	0.00568
75	0.01170	0.34410	0.39867	0.01155	0.01709	0.01400	0.06133	0.01533	0.01024	0.06293	0.00852	0.00969	0.00652	0.00442	0.00404	0.00132	0.00617	0.00336	0.00230	0.00672
76	0.01098	0.01051	0.01361	0.01407	0.13728	0.07355	0.01012	0.03728	0.00958	0.01359	0.01044	0.01765	0.01014	0.00793	0.01056	0.00185	0.42835	0.12091	0.05605	0.00554
77	0.01070	0.01021	0.01750	0.27984	0.50192	0.01085	0.03674	0.01363	0.01049	0.01452	0.02470	0.02992	0.00842	0.00475	0.00482	0.00149	0.00584	0.00458	0.00239	0.00668
78	0.07082	0.57341	0.04642	0.00909	0.01289	0.16085	0.00851	0.04726	0.01084	0.01292	0.00704	0.00808	0.00615	0.00435	0.00340	0.00112	0.00572	0.00276	0.00229	0.00608
79	0.00893	0.00771	0.01258	0.01087	0.01271	0.00773	0.19093	0.09538	0.01127	0.01515	0.01970	0.41167	0.02157	0.01084	0.00634	0.00185	0.04193	0.10389	0.00388	0.00509
80	0.00582	0.00419	0.00552	0.00658	0.00691	0.00389	0.00440	0.00666	0.00923	0.01223	0.02730	0.79515	0.06475	0.01485	0.00608	0.00193	0.00276	0.01344	0.00444	0.00389
81	0.01184	0.01121	0.01824	0.02668	0.69513	0.01143	0.01371	0.01612	0.11700	0.01621	0.01041	0.01264	0.00852	0.00456	0.00475	0.00145	0.00542	0.00441	0.00270	0.00757
82	0.00577	0.00485	0.00501	0.00497	0.00653	0.00409	0.00372	0.00709	0.01117	0.01358	0.12832	0.04490	0.71996	0.01186	0.00565	0.00160	0.00240	0.00993	0.00453	0.00409
83	0.00991	0.00850	0.00991	0.00708	0.01133	0.00637	0.00566	0.01203	0.00991	0.01557	0.00850	0.00991	0.00708	0.00354	0.00354	0.00071	0.00354	0.00283	0.00283	0.86124
84	0.00903	0.00850	0.01434	0.82054	0.03292	0.01062	0.01327	0.01221	0.00956	0.01221	0.00850	0.01274	0.00637	0.00478	0.00478	0.00159	0.00637	0.00425	0.00212	0.00531
85	0.00903	0.00850	0.01434	0.82054	0.03292	0.01062	0.01327	0.01221	0.00956	0.01221	0.00850	0.01274	0.00637	0.00478	0.00478	0.00159	0.00637	0.00425	0.00212	0.00531
86	0.00991	0.00850	0.00991	0.00708	0.01133	0.00637	0.00566	0.01203	0.00991	0.01557	0.00850	0.00991	0.00708	0.00354	0.00354	0.00071	0.00354	0.00283	0.00283	0.86124
87	0.01172	0.01125	0.01921	0.05943	0.77295	0.01133	0.01462	0.01458	0.01083	0.01549	0.00897	0.01186	0.00753	0.00428	0.00473	0.00143	0.00570	0.00426	0.00236	0.00748
88	0.00830	0.00415	0.00623	0.00623	0.00623	0.00415	0.00415	0.00623	0.00623	0.00830	0.00830	0.01453	0.00830	0.01660	0.01868	0.86094	0.00415	0.00415	0.00208	0.00208
89	0.01400	0.09155	0.01318	0.01004	0.01312	0.07874	0.00808	0.18867	0.47292	0.03472	0.01549	0.01469	0.01163	0.00595	0.00463	0.00149	0.00463	0.00469	0.00440	0.00739
90	0.01258	0.01087	0.01683	0.03647	0.54985	0.01101	0.01242	0.04864	0.12219	0.06877	0.01119	0.01287	0.00882	0.00471	0.00469	0.00142	0.00518	0.00438	0.00307	0.05404
91	0.01094	0.19612	0.54184	0.01270	0.04035	0.06438	0.01469	0.01553	0.03549	0.01426	0.00845	0.00978	0.00640	0.00452	0.00423	0.00139	0.00660	0.00338	0.00215	0.00680
92	0.01166	0.01001	0.01064	0.00968	0.01229	0.01155	0.00757	0.02457	0.75172	0.01969	0.01977	0.01976	0.01528	0.00684	0.00496	0.00165	0.00382	0.04630	0.00484	0.00740
93	0.01384	0.01111	0.01203	0.02324	0.02640	0.01261	0.00820	0.24421	0.53070	0.03824	0.01680	0.01579	0.01243	0.00619	0.00484	0.00156	0.00429	0.00504	0.00478	0.00770
94	0.05098	0.00829	0.01058	0.00799	0.01182	0.00697	0.00655	0.01957	0.01234	0.53892	0.01528	0.01404	0.01015	0.00515	0.00436	0.00125	0.00390	0.00413	0.00488	0.26285
95	0.01001	0.07868	0.72274	0.01301	0.01969	0.01142	0.01655	0.01515	0.01021	0.03199	0.02306	0.01053	0.00689	0.00464	0.00447	0.00148	0.00678	0.00359	0.00216	0.00698
96	0.00964	0.13220	0.60816	0.01214	0.01804	0.01137	0.01494	0.01414	0.00999	0.01434	0.01035	0.07992	0.00890	0.00563	0.00454	0.00151	0.00635	0.02893	0.00230	0.00658
97	0.00582	0.00416	0.00555	0.00666	0.00693	0.00388	0.00444	0.00666	0.00915	0.01220	0.02634	0.82891	0.03161	0.01497	0.00610	0.00194	0.00277	0.01359	0.00444	0.00388
98	0.01030	0.01530	0.24649	0.03692	0.01851	0.08326	0.25074	0.01369	0.01057	0.01431	0.05730	0.11370	0.01192	0.00640	0.00624	0.00163	0.08831	0.00577	0.00268	0.00596
99	0.01021	0.00823	0.01373	0.35262	0.03555	0.00891	0.12075	0.01351	0.05931	0.10058	0.05723	0.16998	0.01455	0.00711	0.00521	0.00164	0.00528	0.00660	0.00337	0.00565
100	0.01756	0.01003	0.01112	0.00928	0.01223	0.13009	0.02913	0.03356	0.03648	0.48199	0.01802	0.11899	0.01418	0.00725	0.00501	0.00155	0.00474	0.04688	0.00497	0.00694
101	0.00959	0.02472	0.80726	0.01362	0.02069	0.01110	0.01766	0.01514	0.01009	0.01514	0.00858	0.01009	0.00605	0.00454	0.00454	0.00151	0.00706	0.00353	0.00202	0.00706
102	0.01662	0.02079	0.01365	0.12497	0.01730	0.70102	0.00980	0.01813	0.01299	0.01177	0.00754	0.00919	0.00619	0.00490	0.00438	0.00128	0.00831	0.00324	0.00242	0.00551
103	0.02911	0.11487	0.36250	0.03649	0.01804	0.01121	0.11386	0.01613	0.01079	0.16293	0.01111	0.01346	0.00833	0.00520	0.00495	0.00151	0.02927	0.04050	0.00294	0.00680
104	0.01924	0.01231	0.01287	0.01013	0.01372	0.10294	0.00825	0.37684	0.03980	0.33278	0.01414	0.01321	0.00954	0.00574	0.00474	0.00143	0.00513	0.00439	0.00496	0.00782
105	0.00695	0.00463	0.00521	0.00521	0.00521	0.00463	0.00290	0.00695	0.00695	0.00927	0.01506	0.03128	0.01738	0.83203	0.02433	0.00463	0.00463	0.00695	0.00290	0.00290
106	0.00582	0.00416	0.00555	0.00666	0.00693	0.00388	0.00444	0.00666	0.00915	0.01220	0.02634	0.82891	0.03161	0.01497	0.00610	0.00194	0.00277	0.01359	0.00444	0.00388
107	0.01215	0.29866	0.40030	0.01152	0.01678	0.14405	0.01294	0.02820	0.01073	0.01351	0.00778	0.00905	0.00613	0.00447	0.00401	0.00130	0.00663	0.00314	0.00214	0.00652
108	0.00830	0.00415	0.00623	0.00623	0.00623	0.00415	0.00415	0.00623	0.00623	0.00830	0.00830	0.01453	0.00830	0.01660	0.01868	0.86094	0.00415	0.00415	0.00208	0.00208
109	0.00903	0.00850	0.01434	0.82054	0.03292	0.01062	0.01327	0.01221	0.00956	0.01221	0.00850	0.01274	0.00637	0.00478	0.00478	0.00159	0.00637	0.00425	0.00212	0.00531
110	0.00903	0.00850	0.01434	0.82054	0.03292	0.01062	0.01327	0.01221	0.00956	0.01221	0.00850	0.01274	0.00637	0.00478	0.00478	0.00159	0.00637	0.00425	0.00212	0.00531
111	0.22008	0.34945	0.05461	0.00906	0.01271	0.14912	0.00821	0.11975	0.01172	0.01653	0.00752	0.00848	0.00617	0.00456	0.00355	0.00125	0.00547	0.00293	0.00270	0.00612
112	0.00582	0.00416	0.00555	0.00666	0.00693	0.00388	0.00444	0.00666	0.00915	0.01220	0.02634	0.82891	0.03161	0.01497	0.00610	0.00194	0.00277	0.01359	0.00444	0.00388
113	0.01813	0.00790	0.01039	0.00820	0.01137	0.00716	0.00668	0.08439	0.01439	0.57743	0.18008	0.01989	0.01842	0.00670	0.00498	0.00148	0.00379	0.00556	0.00568	0.00738
114	0.01006	0.00554	0.00741	0.00760	0.02413	0.00509	0.00541	0.02782	0.01087	0.20452	0.06144	0.51958	0.05117	0.01200	0.00571	0.00178	0.00319	0.02675	0.00480	0.00512
115	0.00581	0.00419	0.00551	0.00657	0.00691	0.00389	0.00440	0.00666	0.00923	0.01224	0.02740	0.79158	0.06826	0.01484	0.00608	0.00193	0.00276	0.01342	0.00444	0.00389
116	0.01220	0.01246	0.02665	0.01909	0.02382	0.01163	0.71423	0.01604	0.01150	0.08706	0.01050	0.01320	0.00767	0.00420	0.00556	0.00160	0.00770	0.00556	0.00274	0.00660
117	0.00959	0.02472	0.80726	0.01362	0.02069	0.01110	0.01766	0.01514	0.01009	0.01514	0.00858	0.01009	0.00605	0.00454	0.00454	0.00151	0.00706	0.00353	0.00202	0.00706

[dist]
# distance from previous block
# <min> <max>
0	1

[block]
# block no. 2 follows, 53 sequences, length 106
# corresponding to MSA columns:
# 784-889
name=unknown_C
#
# <colnr> <probs for GDERKNQSTAVLIFYWHMCP>
#	G	D	E	R	K	N	Q	S	T	A	V	L	I	F	Y	W	H	M	C	P
0	0.01268	0.43002	0.09202	0.01276	0.08734	0.08759	0.11541	0.02740	0.06788	0.01351	0.00852	0.00986	0.00706	0.00441	0.00397	0.00125	0.00596	0.00350	0.00241	0.00647
1	0.01061	0.23778	0.51678	0.01288	0.01892	0.01327	0.09743	0.01494	0.01012	0.01413	0.00818	0.00975	0.00620	0.00437	0.00427	0.00139	0.00665	0.00350	0.00207	0.00675
2	0.20725	0.19772	0.36057	0.01191	0.08197	0.01263	0.01213	0.01492	0.00974	0.04012	0.00806	0.00936	0.00618	0.00444	0.00388	0.00139	0.00565	0.00320	0.00239	0.00650
3	0.00621	0.00485	0.00573	0.00627	0.00744	0.00437	0.00485	0.00758	0.01051	0.01310	0.03734	0.23342	0.42269	0.01306	0.00600	0.00184	0.00301	0.20322	0.00443	0.00409
4	0.00616	0.00479	0.00659	0.00689	0.00773	0.00437	0.04158	0.00737	0.01007	0.01326	0.11589	0.55361	0.17718	0.01333	0.00594	0.00181	0.00290	0.01200	0.00443	0.00410
5	0.00710	0.00513	0.00697	0.00799	0.00893	0.00500	0.00661	0.00889	0.01055	0.01369	0.02725	0.24134	0.08497	0.01355	0.00641	0.00209	0.00386	0.53100	0.00441	0.00425
6	0.01189	0.01027	0.01081	0.00973	0.01243	0.01189	0.00757	0.02540	0.79357	0.01999	0.01945	0.01783	0.01459	0.00648	0.00486	0.00162	0.00378	0.00540	0.00486	0.00757
7	0.00991	0.00850	0.00991	0.00708	0.01133	0.00637	0.00566	0.01203	0.00991	0.01557	0.00850	0.00991	0.00708	0.00354	0.00354	0.00071	0.00354	0.00283	0.00283	0.86124
8	0.00683	0.00512	0.00768	0.00768	0.00853	0.00597	0.00597	0.00853	0.00768	0.01110	0.01280	0.01878	0.01195	0.03585	0.81308	0.00768	0.01280	0.00512	0.00256	0.00427
9	0.00959	0.02472	0.80726	0.01362	0.02069	0.01110	0.01766	0.01514	0.01009	0.01514	0.00858	0.01009	0.00605	0.00454	0.00454	0.00151	0.00706	0.00353	0.00202	0.00706
10	0.01161	0.01114	0.01901	0.09005	0.74318	0.01130	0.01456	0.01448	0.01078	0.01535	0.00895	0.01190	0.00748	0.00430	0.00474	0.00143	0.00573	0.00426	0.00235	0.00740
11	0.01785	0.02278	0.01354	0.01231	0.01478	0.81284	0.00924	0.01909	0.01354	0.01170	0.00739	0.00862	0.00616	0.00493	0.00431	0.00123	0.00862	0.00308	0.00246	0.00554
12	0.00581	0.00421	0.00550	0.00653	0.00690	0.00389	0.00438	0.00667	0.00927	0.01225	0.02791	0.77325	0.08625	0.01477	0.00607	0.00192	0.00275	0.01334	0.00444	0.00389
13	0.01072	0.31203	0.52987	0.01169	0.01770	0.01387	0.01430	0.01484	0.00996	0.01376	0.00789	0.00923	0.00608	0.00438	0.00402	0.00134	0.00637	0.00319	0.00203	0.00673
14	0.00695	0.00463	0.00521	0.00521	0.00521	0.00463	0.00290	0.00695	0.00695	0.00927	0.01506	0.03128	0.01738	0.83203	0.02433	0.00463	0.00463	0.00695	0.00290	0.00290
15	0.00830	0.00415	0.00623	0.00623	0.00623	0.00415	0.00415	0.00623	0.00623	0.00830	0.00830	0.01453	0.00830	0.01660	0.01868	0.86094	0.00415	0.00415	0.00208	0.00208
16	0.00903	0.00850	0.01434	0.82054	0.03292	0.01062	0.01327	0.01221	0.00956	0.01221	0.00850	0.01274	0.00637	0.00478	0.00478	0.00159	0.00637	0.00425	0.00212	0.00531
17	0.01128	0.01289	0.02820	0.02015	0.02498	0.01209	0.78485	0.01531	0.01128	0.01531	0.00967	0.01289	0.00725	0.00403	0.00564	0.00161	0.00806	0.00564	0.00242	0.00645
18	0.00591	0.00422	0.00565	0.00676	0.00707	0.00396	0.00459	0.00681	0.00924	0.01230	0.02629	0.79187	0.03142	0.01489	0.00612	0.00195	0.00285	0.04973	0.00444	0.00391
19	0.00830	0.00415	0.00623	0.00623	0.00623	0.00415	0.00415	0.00623	0.00623	0.00830	0.00830	0.01453	0.00830	0.01660	0.01868	0.86094	0.00415	0.00415	0.00208	0.00208
20	0.00903	0.00850	0.01434	0.82054	0.03292	0.01062	0.01327	0.01221	0.00956	0.01221	0.00850	0.01274	0.00637	0.00478	0.00478	0.00159	0.00637	0.00425	0.00212	0.00531
21	0.00676	0.00489	0.00639	0.00601	0.00714	0.00451	0.00451	0.00902	0.01353	0.01917	0.79969	0.03570	0.04510	0.00977	0.00564	0.00150	0.00225	0.00864	0.00526	0.00451
22	0.00650	0.00488	0.00602	0.00573	0.00698	0.00440	0.00430	0.00851	0.01290	0.01768	0.62084	0.03815	0.22488	0.01033	0.00564	0.00153	0.00229	0.00899	0.00507	0.00440
23	0.00959	0.02472	0.80726	0.01362	0.02069	0.01110	0.01766	0.01514	0.01009	0.01514	0.00858	0.01009	0.00605	0.00454	0.00454	0.00151	0.00706	0.00353	0.00202	0.00706
24	0.00923	0.00870	0.01470	0.76429	0.08761	0.01067	0.01337	0.01239	0.00965	0.01245	0.00853	0.01268	0.00646	0.00474	0.00478	0.00158	0.00632	0.00425	0.00214	0.00547
25	0.01817	0.01339	0.01434	0.01100	0.01482	0.01482	0.00908	0.78627	0.02247	0.03012	0.01148	0.01148	0.00813	0.00574	0.00478	0.00143	0.00526	0.00430	0.00478	0.00813
26	0.01278	0.83490	0.02505	0.00818	0.01227	0.01891	0.00818	0.01431	0.00971	0.01125	0.00664	0.00767	0.00613	0.00409	0.00307	0.00102	0.00511	0.00256	0.00204	0.00613
27	0.00648	0.00487	0.00600	0.00572	0.00697	0.00439	0.00429	0.00847	0.01286	0.01758	0.60958	0.03831	0.23619	0.01036	0.00564	0.00153	0.00230	0.00901	0.00505	0.00439
28	0.00655	0.00488	0.00609	0.00578	0.00701	0.00442	0.00434	0.00860	0.01302	0.01795	0.65322	0.03771	0.19233	0.01023	0.00564	0.00152	0.00229	0.00893	0.00510	0.00442
29	0.00673	0.00488	0.00634	0.00598	0.00712	0.00450	0.00448	0.00895	0.01345	0.01897	0.77646	0.03602	0.06844	0.00984	0.00564	0.00151	0.00226	0.00869	0.00524	0.00450
30	0.01128	0.01289	0.02820	0.02015	0.02498	0.01209	0.78485	0.01531	0.01128	0.01531	0.00967	0.01289	0.00725	0.00403	0.00564	0.00161	0.00806	0.00564	0.00242	0.00645
31	0.00565	0.00484	0.00484	0.00484	0.00646	0.00403	0.00363	0.00686	0.01089	0.01291	0.04842	0.04600	0.80027	0.01210	0.00565	0.00161	0.00242	0.01009	0.00444	0.00403
32	0.00676	0.00489	0.00639	0.00601	0.00714	0.00451	0.00451	0.00902	0.01353	0.01917	0.79969	0.03570	0.04510	0.00977	0.00564	0.00150	0.00225	0.00864	0.00526	0.00451
33	0.01278	0.83490	0.02505	0.00818	0.01227	0.01891	0.00818	0.01431	0.00971	0.01125	0.00664	0.00767	0.00613	0.00409	0.00307	0.00102	0.00511	0.00256	0.00204	0.00613
34	0.07285	0.00820	0.01084	0.00837	0.01202	0.00725	0.00691	0.02273	0.01334	0.75778	0.01811	0.01575	0.01143	0.00583	0.00469	0.00148	0.00404	0.00467	0.00574	0.00795
35	0.00903	0.00850	0.01434	0.82054	0.03292	0.01062	0.01327	0.01221	0.00956	0.01221	0.00850	0.01274	0.00637	0.00478	0.00478	0.00159	0.00637	0.00425	0.00212	0.00531
36	0.01785	0.02278	0.01354	0.01231	0.01478	0.81284	0.00924	0.01909	0.01354	0.01170	0.00739	0.00862	0.00616	0.00493	0.00431	0.00123	0.00862	0.00308	0.00246	0.00554
37	0.00991	0.00850	0.00991	0.00708	0.01133	0.00637	0.00566	0.01203	0.00991	0.01557	0.00850	0.00991	0.00708	0.00354	0.00354	0.00071	0.00354	0.00283	0.00283	0.86124
38	0.00582	0.00416	0.00555	0.00666	0.00693	0.00388	0.00444	0.00666	0.00915	0.01220	0.02634	0.82891	0.03161	0.01497	0.00610	0.00194	0.00277	0.01359	0.00444	0.00388
39	0.00593	0.00424	0.00567	0.00678	0.00711	0.00398	0.00463	0.00685	0.00926	0.01232	0.02628	0.78357	0.03137	0.01487	0.00613	0.00196	0.00287	0.05784	0.00443	0.00391
40	0.00695	0.00463	0.00521	0.00521	0.00521	0.00463	0.00290	0.00695	0.00695	0.00927	0.01506	0.03128	0.01738	0.83203	0.02433	0.00463	0.00463	0.00695	0.00290	0.00290
41	0.00903	0.00850	0.01434	0.82054	0.03292	0.01062	0.01327	0.01221	0.00956	0.01221	0.00850	0.01274	0.00637	0.00478	0.00478	0.00159	0.00637	0.00425	0.00212	0.00531
42	0.01680	0.01479	0.01344	0.01102	0.01432	0.18865	0.00880	0.46097	0.18024	0.02400	0.01223	0.01217	0.00904	0.00571	0.00470	0.00143	0.00569	0.00426	0.00429	0.00745
43	0.00876	0.04754	0.43923	0.01040	0.01484	0.00879	0.01185	0.01290	0.03374	0.02723	0.20825	0.11155	0.03070	0.00721	0.00497	0.00155	0.00509	0.00609	0.00328	0.00601
44	0.01278	0.83490	0.02505	0.00818	0.01227	0.01891	0.00818	0.01431	0.00971	0.01125	0.00664	0.00767	0.00613	0.00409	0.00307	0.00102	0.00511	0.00256	0.00204	0.00613
45	0.00582	0.00416	0.00555	0.00666	0.00693	0.00388	0.00444	0.00666	0.00915	0.01220	0.02634	0.82891	0.03161	0.01497	0.00610	0.00194	0.00277	0.01359	0.00444	0.00388
46	0.00971	0.05580	0.77726	0.01341	0.02036	0.01140	0.01730	0.01510	0.01008	0.01499	0.00850	0.01000	0.00606	0.00452	0.00448	0.00149	0.00699	0.00349	0.00202	0.00703
47	0.01062	0.01007	0.01711	0.39760	0.32754	0.01113	0.06768	0.04656	0.01070	0.01450	0.00919	0.02706	0.00743	0.00480	0.00501	0.00153	0.01819	0.00452	0.00239	0.00636
48	0.00683	0.00512	0.00768	0.00768	0.00853	0.00597	0.00597	0.00853	0.00768	0.01110	0.01280	0.01878	0.01195	0.03585	0.81308	0.00768	0.01280	0.00512	0.00256	0.00427
49	0.00676	0.00489	0.00639	0.00601	0.00714	0.00451	0.00451	0.00902	0.01353	0.01917	0.79969	0.03570	0.04510	0.00977	0.00564	0.00150	0.00225	0.00864	0.00526	0.00451
50	0.01175	0.01168	0.03572	0.02771	0.70897	0.01142	0.06087	0.01513	0.04102	0.01576	0.00943	0.01209	0.00779	0.00434	0.00479	0.00144	0.00578	0.00437	0.00246	0.00749
51	0.00959	0.02472	0.80726	0.01362	0.02069	0.01110	0.01766	0.01514	0.01009	0.01514	0.00858	0.01009	0.00605	0.00454	0.00454	0.00151	0.00706	0.00353	0.00202	0.00706
52	0.00672	0.00487	0.00634	0.00600	0.00712	0.00449	0.00449	0.00893	0.01339	0.01890	0.76905	0.05214	0.05971	0.00992	0.00565	0.00151	0.00227	0.00877	0.00523	0.00449
53	0.05514	0.40455	0.06413	0.01121	0.06250	0.30481	0.00936	0.01610	0.01112	0.01239	0.00717	0.00841	0.00618	0.00444	0.00370	0.00117	0.00646	0.00291	0.00226	0.00602
54	0.02827	0.01045	0.06065	0.00886	0.01316	0.00842	0.04431	0.13555	0.01234	0.10234	0.01010	0.01095	0.00766	0.00424	0.00402	0.00101	0.00430	0.00345	0.00340	0.52651
55	0.01538	0.13468	0.05354	0.03062	0.03298	0.37806	0.03732	0.07113	0.08200	0.05566	0.00937	0.01040	0.00741	0.00519	0.00502	0.00136	0.05711	0.00362	0.00290	0.00625
56	0.01183	0.01136	0.01940	0.02934	0.80221	0.01136	0.01467	0.01467	0.01088	0.01562	0.00899	0.01183	0.00757	0.00426	0.00473	0.00142	0.00568	0.00426	0.00237	0.00757
57	0.04893	0.00660	0.01025	0.00985	0.01156	0.00647	0.11906	0.01042	0.01078	0.01454	0.02418	0.09457	0.08906	0.01148	0.00618	0.00202	0.00462	0.51071	0.00405	0.00467
58	0.01785	0.02278	0.01354	0.01231	0.01478	0.81284	0.00924	0.01909	0.01354	0.01170	0.00739	0.00862	0.00616	0.00493	0.00431	0.00123	0.00862	0.00308	0.00246	0.00554
59	0.00741	0.00532	0.00736	0.00843	0.00944	0.00526	0.00719	0.00942	0.01077	0.01400	0.02600	0.15174	0.04686	0.01340	0.00652	0.00215	0.00415	0.65584	0.00441	0.00433
60	0.00567	0.00477	0.00492	0.00504	0.00651	0.00402	0.00372	0.00684	0.01070	0.01283	0.04598	0.13265	0.71520	0.01242	0.00570	0.00165	0.00246	0.01047	0.00444	0.00402
61	0.00582	0.00416	0.00555	0.00666	0.00693	0.00388	0.00444	0.00666	0.00915	0.01220	0.02634	0.82891	0.03161	0.01497	0.00610	0.00194	0.00277	0.01359	0.00444	0.00388
62	0.00627	0.00475	0.00578	0.00576	0.00690	0.00426	0.00423	0.00798	0.01201	0.01612	0.44448	0.16951	0.27185	0.01134	0.00572	0.00161	0.00239	0.00990	0.00488	0.00426
63	0.01785	0.02278	0.01354	0.01231	0.01478	0.81284	0.00924	0.01909	0.01354	0.01170	0.00739	0.00862	0.00616	0.00493	0.00431	0.00123	0.00862	0.00308	0.00246	0.00554
64	0.01183	0.01136	0.01940	0.02934	0.80221	0.01136	0.01467	0.01467	0.01088	0.01562	0.00899	0.01183	0.00757	0.00426	0.00473	0.00142	0.00568	0.00426	0.00237	0.00757
65	0.01874	0.01247	0.01378	0.01056	0.01436	0.01346	0.00872	0.65277	0.02093	0.16580	0.01277	0.01231	0.00878	0.00577	0.00479	0.00144	0.00505	0.00439	0.00498	0.00813
66	0.01278	0.83490	0.02505	0.00818	0.01227	0.01891	0.00818	0.01431	0.00971	0.01125	0.00664	0.00767	0.00613	0.00409	0.00307	0.00102	0.00511	0.00256	0.00204	0.00613
67	0.00656	0.00457	0.00581	0.00639	0.00669	0.00452	0.00429	0.00727	0.00836	0.01117	0.02069	0.36200	0.02398	0.34536	0.07247	0.00347	0.00444	0.09471	0.00368	0.00357
68	0.00582	0.00416	0.00555	0.00666	0.00693	0.00388	0.00444	0.00666	0.00915	0.01220	0.02634	0.82891	0.03161	0.01497	0.00610	0.00194	0.00277	0.01359	0.00444	0.00388
69	0.01235	0.01123	0.01102	0.00993	0.01261	0.07335	0.00769	0.02491	0.73372	0.01936	0.01853	0.01713	0.01394	0.00636	0.00482	0.00159	0.00415	0.00523	0.00468	0.00741
70	0.03434	0.21494	0.23162	0.01062	0.01510	0.01145	0.07419	0.01677	0.03528	0.22641	0.01262	0.07505	0.00995	0.00562	0.00444	0.00143	0.00535	0.00462	0.00340	0.00680
71	0.01075	0.11119	0.54470	0.01446	0.05790	0.06139	0.10448	0.01529	0.01044	0.01454	0.00844	0.01014	0.00628	0.00444	0.00450	0.00145	0.00699	0.00368	0.00211	0.00682
72	0.01128	0.01289	0.02820	0.02015	0.02498	0.01209	0.78485	0.01531	0.01128	0.01531	0.00967	0.01289	0.00725	0.00403	0.00564	0.00161	0.00806	0.00564	0.00242	0.00645
73	0.00903	0.00850	0.01434	0.82054	0.03292	0.01062	0.01327	0.01221	0.00956	0.01221	0.00850	0.01274	0.00637	0.00478	0.00478	0.00159	0.00637	0.00425	0.00212	0.00531
74	0.01055	0.00968	0.04310	0.19299	0.16306	0.00947	0.15279	0.01436	0.07142	0.07345	0.16596	0.01872	0.04131	0.00596	0.00512	0.00154	0.00528	0.00566	0.00339	0.00618
75	0.01083	0.00965	0.01326	0.01189	0.04980	0.04589	0.05509	0.01233	0.00900	0.07471	0.01302	0.01585	0.09011	0.01070	0.09422	0.00244	0.43822	0.00499	0.03260	0.00540
76	0.00830	0.00415	0.00623	0.00623	0.00623	0.00415	0.00415	0.00623	0.00623	0.00830	0.00830	0.01453	0.00830	0.01660	0.01868	0.86094	0.00415	0.00415	0.00208	0.00208
77	0.02144	0.00813	0.01109	0.00850	0.01220	0.00702	0.00702	0.02329	0.01368	0.80552	0.01886	0.01627	0.01183	0.00592	0.00481	0.00148	0.00407	0.00481	0.00592	0.00813
78	0.01144	0.06499	0.41159	0.05893	0.15144	0.01171	0.08662	0.06519	0.02570	0.05391	0.00952	0.01118	0.00701	0.00461	0.00464	0.00148	0.00645	0.00398	0.00254	0.00707
79	0.00684	0.00507	0.00740	0.00740	0.00816	0.00582	0.00563	0.00836	0.00760	0.01089	0.01306	0.02020	0.01257	0.12623	0.72354	0.00734	0.01188	0.00533	0.00260	0.00411
80	0.00695	0.00463	0.00521	0.00521	0.00521	0.00463	0.00290	0.00695	0.00695	0.00927	0.01506	0.03128	0.01738	0.83203	0.02433	0.00463	0.00463	0.00695	0.00290	0.00290
81	0.01258	0.74721	0.04293	0.00931	0.01353	0.01816	0.07400	0.01441	0.00985	0.01168	0.00694	0.00816	0.00623	0.00409	0.00332	0.00108	0.00540	0.00284	0.00208	0.00618
82	0.14609	0.01447	0.19617	0.01311	0.10953	0.07959	0.07781	0.10431	0.01213	0.11291	0.01050	0.01163	0.00768	0.00487	0.00435	0.00143	0.00561	0.00394	0.07720	0.00667
83	0.01019	0.01799	0.39542	0.05486	0.02274	0.01128	0.35943	0.01480	0.01057	0.01498	0.00964	0.03827	0.00744	0.00467	0.00509	0.00158	0.00733	0.00484	0.00228	0.00660
84	0.70903	0.01183	0.04616	0.00746	0.01055	0.12033	0.00633	0.01479	0.00897	0.01981	0.00685	0.00799	0.00535	0.00451	0.00322	0.00145	0.00453	0.00270	0.00285	0.00532
85	0.00579	0.00482	0.00505	0.00504	0.00655	0.00409	0.00376	0.00711	0.01114	0.01362	0.13565	0.07100	0.68611	0.01193	0.00566	0.00161	0.00241	0.01004	0.00453	0.00409
86	0.00929	0.00876	0.01481	0.74701	0.10441	0.01069	0.01340	0.01244	0.00968	0.01253	0.00854	0.01266	0.00648	0.00473	0.00477	0.00158	0.00631	0.00425	0.00215	0.00552
87	0.01003	0.00784	0.00889	0.00806	0.01011	0.00848	0.00621	0.01817	0.42243	0.05073	0.35978	0.02557	0.02779	0.00790	0.00520	0.00156	0.00313	0.00679	0.00508	0.00625
88	0.02016	0.00785	0.01068	0.00829	0.01176	0.00681	0.00681	0.02205	0.01367	0.73681	0.08708	0.01797	0.01474	0.00625	0.00488	0.00148	0.00391	0.00514	0.00586	0.00782
89	0.00695	0.00463	0.00521	0.00521	0.00521	0.00463	0.00290	0.00695	0.00695	0.00927	0.01506	0.03128	0.01738	0.83203	0.02433	0.00463	0.00463	0.00695	0.00290	0.00290
90	0.00689	0.00489	0.00653	0.00653	0.00699	0.00535	0.00454	0.00780	0.00734	0.01025	0.01385	0.02459	0.01447	0.40592	0.44646	0.00626	0.00901	0.00597	0.00272	0.00363
91	0.01817	0.01339	0.01434	0.01100	0.01482	0.01482	0.00908	0.78627	0.02247	0.03012	0.01148	0.01148	0.00813	0.00574	0.00478	0.00143	0.00526	0.00430	0.00478	0.00813
92	0.02144	0.00813	0.01109	0.00850	0.01220	0.00702	0.00702	0.02329	0.01368	0.80552	0.01886	0.01627	0.01183	0.00592	0.00481	0.00148	0.00407	0.00481	0.00592	0.00813
93	0.01053	0.00792	0.00908	0.02452	0.01072	0.00853	0.00641	0.03316	0.39059	0.07956	0.23781	0.08948	0.05506	0.00822	0.00520	0.00160	0.00332	0.00706	0.00495	0.00629
94	0.00699	0.00872	0.15956	0.00898	0.01090	0.00588	0.06010	0.00899	0.00955	0.01306	0.02179	0.58583	0.02493	0.01217	0.00579	0.00185	0.00401	0.04237	0.00384	0.00468
95	0.01562	0.00774	0.01051	0.00829	0.01132	0.00697	0.03712	0.07049	0.01388	0.43033	0.24934	0.02112	0.02094	0.00680	0.00499	0.00143	0.00373	0.00580	0.00528	0.06827
96	0.01321	0.08539	0.36362	0.04955	0.01673	0.01039	0.01206	0.01797	0.09295	0.23354	0.04871	0.01370	0.01035	0.00534	0.00459	0.00148	0.00548	0.00427	0.00355	0.00713
97	0.00996	0.05028	0.68873	0.01528	0.11201	0.01139	0.01699	0.01505	0.01017	0.01506	0.00856	0.01021	0.00624	0.00449	0.00451	0.00149	0.00684	0.00358	0.00206	0.00709
98	0.01070	0.08044	0.57430	0.01411	0.07636	0.01154	0.04501	0.05187	0.01084	0.03987	0.00955	0.03721	0.00733	0.00491	0.00456	0.00148	0.00654	0.00400	0.00239	0.00699
99	0.01132	0.04058	0.09215	0.00811	0.01038	0.00635	0.01936	0.01301	0.01063	0.25108	0.02141	0.39687	0.04470	0.04326	0.00614	0.00181	0.00385	0.00895	0.00444	0.00559
100	0.01234	0.05019	0.01824	0.02526	0.65188	0.01114	0.01316	0.01531	0.03515	0.07316	0.01143	0.01345	0.03843	0.00474	0.00470	0.00142	0.00535	0.00448	0.00277	0.00741
101	0.01033	0.01201	0.12379	0.34641	0.20035	0.03680	0.09078	0.01380	0.02500	0.02815	0.01019	0.06247	0.00849	0.00524	0.00489	0.00155	0.00624	0.00486	0.00247	0.00618
102	0.01080	0.01742	0.46201	0.01184	0.01703	0.00955	0.06060	0.04426	0.01108	0.10549	0.04389	0.01599	0.05105	0.00784	0.06327	0.00197	0.00653	0.03014	0.00298	0.02626
103	0.01506	0.08368	0.13380	0.01186	0.01602	0.05700	0.17183	0.05753	0.02530	0.29128	0.05270	0.03925	0.01132	0.00557	0.00484	0.00147	0.00563	0.00494	0.00392	0.00698
104	0.07742	0.08033	0.51858	0.01264	0.04594	0.01150	0.03190	0.07073	0.01115	0.04329	0.04668	0.01139	0.00828	0.00486	0.00442	0.00147	0.00617	0.00380	0.00260	0.00684
105	0.01461	0.04861	0.30666	0.01308	0.05986	0.05125	0.09659	0.04195	0.02997	0.27200	0.01226	0.01255	0.00841	0.00500	0.00470	0.00147	0.00600	0.00422	0.00352	0.00730

[dist]
# distance from previous block
# <min> <max>
1	75

[block]
# block no. 3 follows, 53 sequences, length 36
# corresponding to MSA columns:
# 965-1000
name=unknown_D
#
# <colnr> <probs for GDERKNQSTAVLIFYWHMCP>
#	G	D	E	R	K	N	Q	S	T	A	V	L	I	F	Y	W	H	M	C	P
0	0.03577	0.08452	0.23009	0.01216	0.07450	0.06919	0.01105	0.22482	0.03606	0.07737	0.05447	0.03448	0.01026	0.00554	0.00456	0.00142	0.00558	0.00435	0.00348	0.02036
