[name]
unknown

[dist]
# distance from previous block
# <min> <max>
0	7

[block]
# block no. 0 follows, 49 sequences, length 28
# corresponding to MSA columns:
# 7-34
name=unknown_A
#
# <colnr> <probs for GDERKNQSTAVLIFYWHMCP>
#	G	D	E	R	K	N	Q	S	T	A	V	L	I	F	Y	W	H	M	C	P
0	0.01022	0.00926	0.01448	0.17011	0.34557	0.00968	0.01170	0.01368	0.06494	0.01545	0.01889	0.05234	0.11480	0.00768	0.00550	0.00172	0.00525	0.11897	0.00333	0.00642
1	0.01445	0.01134	0.01251	0.01109	0.04000	0.01261	0.00845	0.34274	0.31515	0.02433	0.01769	0.13622	0.01497	0.00779	0.00530	0.00167	0.00458	0.00648	0.00495	0.00767
2	0.00715	0.00502	0.00621	0.00636	0.00741	0.00454	0.00454	0.00864	0.01178	0.04445	0.30070	0.29810	0.20646	0.05627	0.00716	0.00195	0.00281	0.01097	0.00497	0.00449
3	0.01173	0.22265	0.48788	0.01435	0.08999	0.01405	0.01537	0.06017	0.01142	0.01597	0.00879	0.01029	0.00670	0.00473	0.00445	0.00146	0.00671	0.00360	0.00235	0.00734
4	0.01122	0.12251	0.50322	0.04633	0.14755	0.01276	0.04196	0.01587	0.01085	0.02939	0.00912	0.01098	0.00684	0.00471	0.00470	0.00153	0.00693	0.00386	0.00229	0.00737
5	0.00607	0.00513	0.00525	0.00522	0.00689	0.00431	0.00391	0.00743	0.01174	0.01417	0.10753	0.04783	0.73208	0.01262	0.00598	0.00170	0.00255	0.01056	0.00476	0.00431
6	0.01227	0.01244	0.04217	0.06054	0.66204	0.01206	0.09274	0.01550	0.01148	0.01633	0.00955	0.01262	0.00788	0.00451	0.00510	0.00153	0.00633	0.00463	0.00249	0.00778
7	0.01446	0.01684	0.26235	0.01348	0.06737	0.13582	0.06644	0.03612	0.01257	0.19645	0.02846	0.10203	0.01186	0.00650	0.00514	0.00159	0.00633	0.00548	0.00364	0.00707
8	0.01203	0.03570	0.48210	0.01636	0.13600	0.08858	0.04192	0.06566	0.01205	0.01682	0.00951	0.01127	0.00710	0.00490	0.00479	0.00153	0.00709	0.00396	0.03532	0.00732
9	0.00727	0.00525	0.00727	0.00727	0.00787	0.00585	0.00525	0.00848	0.00787	0.01110	0.01433	0.02421	0.01453	0.29584	0.54692	0.00707	0.01070	0.00605	0.00283	0.00404
10	0.01049	0.00899	0.01049	0.00749	0.01198	0.00674	0.00599	0.01273	0.01049	0.01648	0.00899	0.01049	0.00749	0.00374	0.00374	0.00075	0.00374	0.00300	0.00300	0.85320
11	0.00612	0.00458	0.00569	0.00657	0.00721	0.00415	0.00449	0.00709	0.01013	0.01309	0.03355	0.63155	0.21721	0.01510	0.00634	0.00197	0.00284	0.01347	0.00469	0.00415
12	0.01106	0.01106	0.01549	0.01328	0.01328	0.01549	0.01106	0.01217	0.00774	0.01217	0.00664	0.01106	0.00664	0.00885	0.01659	0.00221	0.81303	0.00443	0.00221	0.00553
13	0.00856	0.00452	0.00668	0.00668	0.00677	0.00461	0.00451	0.00686	0.00678	0.00912	0.00963	0.01676	0.00967	0.06290	0.09571	0.72554	0.00530	0.00465	0.00229	0.00247
14	0.01017	0.00941	0.03265	0.01197	0.01306	0.01094	0.09697	0.01175	0.00927	0.05509	0.01452	0.26077	0.01546	0.01089	0.02887	0.00219	0.38964	0.00771	0.00324	0.00543
15	0.00669	0.00515	0.00611	0.00587	0.00727	0.00457	0.00440	0.00863	0.01320	0.01764	0.49475	0.04211	0.34268	0.01132	0.00597	0.00164	0.00246	0.00975	0.00522	0.00457
16	0.00878	0.00439	0.00659	0.00659	0.00659	0.00439	0.00439	0.00659	0.00659	0.00878	0.00878	0.01537	0.00878	0.01757	0.01976	0.85288	0.00439	0.00439	0.00220	0.00220
17	0.01555	0.01825	0.01589	0.01348	0.01586	0.44222	0.10258	0.06065	0.01302	0.01401	0.01104	0.01292	0.05959	0.00642	0.00737	0.00158	0.17640	0.00441	0.00280	0.00596
18	0.20070	0.02100	0.01284	0.01165	0.01436	0.63068	0.00884	0.01904	0.01309	0.01461	0.00765	0.00892	0.00629	0.00510	0.00425	0.00136	0.00799	0.00314	0.00272	0.00578
19	0.01498	0.36282	0.16807	0.01133	0.01570	0.26037	0.01098	0.07528	0.01265	0.01437	0.00806	0.00922	0.00664	0.00483	0.00409	0.00128	0.00696	0.00321	0.00252	0.00664
20	0.00797	0.00557	0.00763	0.00748	0.00845	0.00580	0.00562	0.00967	0.01086	0.05543	0.27431	0.19349	0.04490	0.04740	0.24430	0.00378	0.04970	0.00864	0.00428	0.00473
21	0.01132	0.17276	0.37669	0.04284	0.03948	0.01371	0.21195	0.01563	0.01082	0.01504	0.00890	0.01111	0.00681	0.00473	0.00527	0.00155	0.03793	0.00419	0.00227	0.00699
22	0.01080	0.02177	0.53517	0.01756	0.08659	0.01203	0.21203	0.01602	0.01107	0.01610	0.00941	0.01159	0.00686	0.00464	0.00512	0.00162	0.00762	0.00437	0.00227	0.00735
23	0.00616	0.00440	0.00587	0.00704	0.00733	0.00411	0.00469	0.00704	0.00968	0.01291	0.02787	0.81899	0.03344	0.01584	0.00645	0.00205	0.00293	0.01438	0.00469	0.00411
24	0.01151	0.01516	0.16035	0.08951	0.14949	0.01235	0.45415	0.01577	0.01149	0.01594	0.00981	0.01293	0.00743	0.00446	0.00553	0.00165	0.00778	0.00522	0.00245	0.00702
25	0.01429	0.01370	0.12860	0.08789	0.05030	0.05691	0.27840	0.01779	0.02615	0.20563	0.01273	0.03336	0.00934	0.00575	0.00586	0.03080	0.00676	0.00523	0.00346	0.00703
26	0.01659	0.01053	0.07874	0.01016	0.01373	0.05042	0.07834	0.01905	0.01355	0.42721	0.13919	0.05854	0.04639	0.00723	0.00535	0.00160	0.00479	0.00624	0.00513	0.00722
27	0.00612	0.00469	0.00561	0.00631	0.00715	0.00418	0.00438	0.00718	0.01048	0.01336	0.05473	0.51403	0.31446	0.01458	0.00626	0.00191	0.00278	0.01287	0.00472	0.00418

[dist]
# distance from previous block
# <min> <max>
0	3

[block]
# block no. 1 follows, 49 sequences, length 77
# corresponding to MSA columns:
# 38-114
name=unknown_B
#
# <colnr> <probs for GDERKNQSTAVLIFYWHMCP>
#	G	D	E	R	K	N	Q	S	T	A	V	L	I	F	Y	W	H	M	C	P
0	0.01407	0.18632	0.25084	0.01600	0.17388	0.20834	0.01325	0.01717	0.01184	0.05095	0.00894	0.01044	0.00706	0.00481	0.00448	0.00140	0.00701	0.00362	0.00253	0.00704
1	0.01220	0.01337	0.09256	0.06824	0.27334	0.01239	0.20752	0.04236	0.19031	0.01774	0.01227	0.01415	0.00944	0.00510	0.00527	0.00162	0.00635	0.00509	0.00316	0.00753
2	0.01082	0.01130	0.01139	0.01022	0.01137	0.16805	0.00811	0.01243	0.02416	0.01364	0.11053	0.02294	0.18763	0.01084	0.05593	0.00218	0.31369	0.00624	0.00333	0.00521
3	0.01344	0.80613	0.04499	0.00879	0.01319	0.01981	0.00889	0.01516	0.01028	0.01200	0.00708	0.00817	0.00649	0.00434	0.00328	0.00109	0.00546	0.00273	0.00216	0.00651
4	0.00975	0.00882	0.01401	0.02015	0.44636	0.00860	0.01063	0.01196	0.01125	0.01544	0.06183	0.20392	0.13893	0.00872	0.00554	0.00167	0.00457	0.00798	0.00351	0.00636
5	0.01014	0.02616	0.79609	0.01441	0.02189	0.01174	0.01868	0.01601	0.01068	0.01601	0.00907	0.01068	0.00641	0.00480	0.00480	0.00160	0.00747	0.00374	0.00214	0.00747
6	0.01455	0.01146	0.01857	0.02518	0.56769	0.01137	0.03316	0.04357	0.04982	0.15632	0.01202	0.01368	0.00919	0.00498	0.00505	0.00153	0.00566	0.00471	0.00339	0.00811
7	0.00617	0.00481	0.00561	0.00609	0.00712	0.00425	0.00431	0.00738	0.01099	0.01397	0.11259	0.38617	0.38473	0.01390	0.00619	0.00185	0.00271	0.01215	0.00478	0.00425
8	0.01352	0.82533	0.02650	0.00865	0.01298	0.02001	0.00865	0.01514	0.01027	0.01190	0.00703	0.00811	0.00649	0.00433	0.00324	0.00108	0.00541	0.00270	0.00216	0.00649
9	0.01123	0.00988	0.01071	0.00796	0.01219	0.05287	0.00632	0.01406	0.05200	0.02962	0.02385	0.01146	0.00867	0.00416	0.00393	0.00086	0.00405	0.00330	0.00319	0.72968
10	0.00959	0.00904	0.01517	0.79135	0.03432	0.01133	0.01397	0.01290	0.01006	0.01290	0.00893	0.01342	0.00674	0.00515	0.00533	0.00170	0.02574	0.00449	0.00225	0.00562
11	0.66337	0.01024	0.01034	0.02725	0.17497	0.01148	0.00776	0.01497	0.00925	0.02120	0.00760	0.00922	0.00603	0.00466	0.00356	0.00155	0.00441	0.00314	0.00298	0.00601
12	0.00955	0.00899	0.01517	0.81013	0.03483	0.01123	0.01404	0.01292	0.01011	0.01292	0.00899	0.01348	0.00674	0.00506	0.00506	0.00169	0.00674	0.00449	0.00225	0.00562
13	0.01258	0.01086	0.01143	0.01029	0.01315	0.01258	0.00800	0.02687	0.78161	0.02115	0.02058	0.01887	0.01544	0.00686	0.00515	0.00172	0.00400	0.00572	0.00515	0.00800
14	0.01049	0.00899	0.01049	0.00749	0.01198	0.00674	0.00599	0.01273	0.01049	0.01648	0.00899	0.01049	0.00749	0.00374	0.00374	0.00075	0.00374	0.00300	0.00300	0.85320
15	0.00616	0.00440	0.00587	0.00704	0.00733	0.00411	0.00469	0.00704	0.00968	0.01291	0.02787	0.81899	0.03344	0.01584	0.00645	0.00205	0.00293	0.01438	0.00469	0.00411
16	0.00809	0.00578	0.00808	0.00925	0.01039	0.00577	0.00805	0.01038	0.01159	0.01507	0.02680	0.07852	0.02922	0.01402	0.00697	0.00232	0.00461	0.73579	0.00466	0.00464
17	0.00620	0.00443	0.00591	0.00709	0.00740	0.00414	0.00476	0.00711	0.00972	0.01295	0.02785	0.80343	0.03336	0.01580	0.00647	0.00206	0.00297	0.02953	0.00469	0.00412
18	0.02269	0.00861	0.01174	0.00900	0.01291	0.00743	0.00743	0.02464	0.01447	0.79425	0.01995	0.01721	0.01252	0.00626	0.00509	0.00156	0.00430	0.00509	0.00626	0.00861
19	0.00716	0.00517	0.00676	0.00636	0.00755	0.00477	0.00477	0.00954	0.01431	0.02028	0.78808	0.03777	0.04771	0.01034	0.00596	0.00159	0.00239	0.00914	0.00557	0.00477
20	0.01061	0.00949	0.01558	0.29154	0.36741	0.01021	0.01262	0.01361	0.01123	0.01593	0.09135	0.01616	0.01225	0.00545	0.00497	0.00154	0.00549	0.00501	0.09305	0.00650
21	0.00621	0.00444	0.00591	0.00701	0.00735	0.00414	0.00470	0.00717	0.00992	0.01329	0.06725	0.77852	0.03418	0.01556	0.00643	0.00203	0.00291	0.01410	0.00474	0.00414
22	0.05213	0.01015	0.01175	0.00923	0.01270	0.01032	0.00756	0.31157	0.01725	0.33859	0.02882	0.01549	0.01138	0.00614	0.00478	0.00149	0.00445	0.00480	0.13359	0.00783
23	0.01362	0.01532	0.01511	0.01319	0.01404	0.27204	0.01064	0.01479	0.00989	0.01224	0.00702	0.01043	0.00660	0.00766	0.01267	0.00192	0.55080	0.00404	0.00234	0.00564
24	0.00677	0.00538	0.00827	0.00839	0.00922	0.00501	0.08282	0.00799	0.00993	0.01321	0.02668	0.69209	0.05831	0.03149	0.00679	0.00207	0.00353	0.01324	0.00444	0.00437
25	0.01214	0.06329	0.25297	0.01526	0.02083	0.01147	0.31611	0.01621	0.01144	0.08009	0.01030	0.01222	0.00760	0.00451	0.00503	0.00147	0.00691	0.00456	0.00279	0.14481
26	0.01045	0.00570	0.00581	0.00544	0.00691	0.00586	0.00417	0.09134	0.01198	0.02021	0.01604	0.01815	0.01251	0.00591	0.00369	0.00121	0.00269	0.00470	0.76212	0.00512
27	0.00712	0.00517	0.00671	0.00633	0.00753	0.00476	0.00475	0.00948	0.01424	0.02009	0.76731	0.03808	0.06860	0.01041	0.00596	0.00159	0.00239	0.00919	0.00554	0.00476
28	0.01252	0.01201	0.02053	0.03104	0.79074	0.01201	0.01552	0.01552	0.01151	0.01652	0.00951	0.01252	0.00801	0.00451	0.00501	0.00150	0.00601	0.00451	0.00250	0.00801
29	0.01236	0.00625	0.00714	0.00634	0.00823	0.02000	0.00493	0.03044	0.01262	0.19656	0.17977	0.02215	0.01998	0.00690	0.00445	0.00136	0.00300	0.00570	0.44611	0.00572
30	0.00616	0.00440	0.00587	0.00704	0.00733	0.00411	0.00469	0.00704	0.00968	0.01291	0.02787	0.81899	0.03344	0.01584	0.00645	0.00205	0.00293	0.01438	0.00469	0.00411
31	0.00616	0.00440	0.00587	0.00704	0.00733	0.00411	0.00469	0.00704	0.00968	0.01291	0.02787	0.81899	0.03344	0.01584	0.00645	0.00205	0.00293	0.01438	0.00469	0.00411
32	0.02049	0.00941	0.01195	0.00931	0.01299	0.00888	0.00763	0.15693	0.04366	0.57025	0.07864	0.01798	0.01468	0.00657	0.00515	0.00156	0.00437	0.00533	0.00595	0.00828
33	0.02228	0.00926	0.01214	0.00931	0.01323	0.00840	0.00769	0.11273	0.01557	0.70462	0.01903	0.01662	0.01206	0.00624	0.00508	0.00156	0.00445	0.00502	0.00612	0.00860
34	0.01252	0.01201	0.02053	0.03104	0.79074	0.01201	0.01552	0.01552	0.01151	0.01652	0.00951	0.01252	0.00801	0.00451	0.00501	0.00150	0.00601	0.00451	0.00250	0.00801
35	0.01138	0.00567	0.00605	0.00556	0.00719	0.00563	0.00429	0.05735	0.01177	0.10055	0.01660	0.01829	0.01266	0.00594	0.00379	0.00124	0.00275	0.00474	0.71320	0.00534
36	0.01881	0.04074	0.01472	0.01274	0.01558	0.67659	0.00972	0.12343	0.01553	0.01504	0.00839	0.00951	0.00680	0.00531	0.00460	0.00133	0.00855	0.00342	0.00293	0.00625
37	0.02056	0.00908	0.01167	0.00927	0.01296	0.00852	0.00755	0.02511	0.17627	0.63120	0.02008	0.01756	0.01313	0.00639	0.00510	0.00160	0.00424	0.00522	0.00602	0.00848
38	0.01416	0.01334	0.01158	0.01027	0.01283	0.19218	0.00784	0.11966	0.38201	0.01922	0.01584	0.01725	0.01267	0.09144	0.00706	0.00190	0.00537	0.00512	0.05338	0.00689
39	0.00869	0.00591	0.00804	0.00759	0.00883	0.00624	0.00580	0.04704	0.01109	0.06058	0.25184	0.02594	0.02369	0.09165	0.40794	0.00515	0.00847	0.00666	0.00394	0.00491
40	0.01014	0.02616	0.79609	0.01441	0.02189	0.01174	0.01868	0.01601	0.01068	0.01601	0.00907	0.01068	0.00641	0.00480	0.00480	0.00160	0.00747	0.00374	0.00214	0.00747
41	0.01069	0.00908	0.01159	0.01092	0.04850	0.02560	0.00834	0.01368	0.09325	0.01516	0.01170	0.01520	0.01007	0.03189	0.05001	0.00218	0.38006	0.00476	0.24175	0.00558
42	0.01296	0.32948	0.39354	0.01170	0.01740	0.06040	0.01343	0.01662	0.01104	0.07734	0.00910	0.01014	0.00694	0.00476	0.00422	0.00138	0.00652	0.00342	0.00251	0.00710
43	0.85801	0.00978	0.00743	0.00665	0.00978	0.01134	0.00548	0.01486	0.00861	0.02269	0.00704	0.00821	0.00548	0.00469	0.00313	0.00156	0.00391	0.00274	0.00313	0.00548
44	0.00878	0.00439	0.00659	0.00659	0.00659	0.00439	0.00439	0.00659	0.00659	0.00878	0.00878	0.01537	0.00878	0.01757	0.01976	0.85288	0.00439	0.00439	0.00220	0.00220
45	0.01782	0.01347	0.01439	0.01135	0.01515	0.01503	0.00927	0.61633	0.18361	0.02961	0.01392	0.01356	0.01004	0.00624	0.00508	0.00156	0.00523	0.00480	0.00508	0.00847
46	0.00653	0.00514	0.00589	0.00570	0.00717	0.00450	0.00428	0.00833	0.01283	0.01675	0.39556	0.04357	0.44243	0.01165	0.00597	0.00165	0.00248	0.00996	0.00510	0.00450
47	0.01007	0.00647	0.00817	0.00719	0.00897	0.00619	0.00556	0.09094	0.01532	0.10393	0.62526	0.03291	0.03988	0.00946	0.00578	0.00158	0.00292	0.00823	0.00559	0.00558
48	0.01194	0.01364	0.02984	0.02131	0.02643	0.01279	0.77238	0.01620	0.01194	0.01620	0.01023	0.01364	0.00767	0.00426	0.00597	0.00171	0.00853	0.00597	0.00256	0.00682
49	0.01014	0.02616	0.79609	0.01441	0.02189	0.01174	0.01868	0.01601	0.01068	0.01601	0.00907	0.01068	0.00641	0.00480	0.00480	0.00160	0.00747	0.00374	0.00214	0.00747
50	0.02269	0.00861	0.01174	0.00900	0.01291	0.00743	0.00743	0.02464	0.01447	0.79425	0.01995	0.01721	0.01252	0.00626	0.00509	0.00156	0.00430	0.00509	0.00626	0.00861
51	0.00716	0.00517	0.00676	0.00636	0.00755	0.00477	0.00477	0.00954	0.01431	0.02028	0.78808	0.03777	0.04771	0.01034	0.00596	0.00159	0.00239	0.00914	0.00557	0.00477
52	0.01202	0.00586	0.00639	0.00577	0.00753	0.00577	0.00448	0.05797	0.01196	0.13815	0.01677	0.01821	0.01264	0.00596	0.00386	0.00126	0.00284	0.00476	0.67226	0.00553
53	0.01732	0.01211	0.01328	0.01074	0.01433	0.01329	0.00869	0.38611	0.29954	0.14450	0.01642	0.01538	0.01170	0.00639	0.00509	0.00160	0.00480	0.00506	0.00527	0.00838
54	0.76975	0.01001	0.00880	0.00920	0.09130	0.01141	0.00652	0.01493	0.00891	0.02204	0.00730	0.00866	0.00574	0.00467	0.00333	0.00156	0.00413	0.00292	0.00306	0.00574
55	0.01389	0.74310	0.04167	0.00913	0.01338	0.08370	0.00895	0.01557	0.01061	0.01202	0.00714	0.00825	0.00649	0.00441	0.00338	0.00111	0.00575	0.00277	0.00220	0.00646
56	0.01049	0.01192	0.21881	0.00915	0.01296	0.00731	0.00907	0.01357	0.01207	0.11427	0.24102	0.10378	0.02234	0.00754	0.00513	0.00146	0.00433	0.00645	0.00411	0.18423
57	0.01524	0.42398	0.12637	0.01080	0.01500	0.25806	0.01029	0.01736	0.01182	0.05770	0.00829	0.00929	0.00683	0.00477	0.00397	0.00125	0.00676	0.00315	0.00253	0.00655
58	0.00598	0.00512	0.00512	0.00512	0.00683	0.00427	0.00384	0.00726	0.01153	0.01366	0.05123	0.04866	0.78869	0.01281	0.00598	0.00171	0.00256	0.01067	0.00470	0.00427
59	0.00620	0.00443	0.00590	0.00701	0.00734	0.00413	0.00470	0.00714	0.00987	0.01321	0.05883	0.78717	0.03403	0.01562	0.00643	0.00203	0.00291	0.01416	0.00473	0.00413
60	0.01258	0.01086	0.01143	0.01029	0.01315	0.01258	0.00800	0.02687	0.78161	0.02115	0.02058	0.01887	0.01544	0.00686	0.00515	0.00172	0.00400	0.00572	0.00515	0.00800
61	0.02234	0.00916	0.01208	0.00926	0.01318	0.00825	0.00765	0.09920	0.01540	0.71838	0.01917	0.01671	0.01213	0.00624	0.00508	0.00156	0.00443	0.00503	0.00614	0.00861
62	0.00601	0.00512	0.00517	0.00515	0.00685	0.00428	0.00387	0.00732	0.01160	0.01383	0.07036	0.04838	0.76945	0.01274	0.00598	0.00170	0.00256	0.01063	0.00472	0.00428
63	0.00605	0.00484	0.00541	0.00587	0.00703	0.00421	0.00417	0.00717	0.01081	0.01337	0.04215	0.34790	0.49531	0.01399	0.00616	0.00184	0.00271	0.01211	0.00470	0.00421
64	0.01206	0.02363	0.63139	0.01383	0.02058	0.01257	0.01677	0.17585	0.01344	0.01936	0.00972	0.01098	0.00687	0.00507	0.00486	0.00158	0.00707	0.00391	0.00275	0.00771
65	0.00720	0.00511	0.00650	0.00618	0.00712	0.00480	0.00441	0.00908	0.01285	0.01807	0.62523	0.03679	0.04153	0.18158	0.01013	0.00229	0.00292	0.00877	0.00504	0.00441
66	0.00955	0.00899	0.01517	0.81013	0.03483	0.01123	0.01404	0.01292	0.01011	0.01292	0.00899	0.01348	0.00674	0.00506	0.00506	0.00169	0.00674	0.00449	0.00225	0.00562
67	0.01352	0.82533	0.02650	0.00865	0.01298	0.02001	0.00865	0.01514	0.01027	0.01190	0.00703	0.00811	0.00649	0.00433	0.00324	0.00108	0.00541	0.00270	0.00216	0.00649
68	0.00616	0.00440	0.00587	0.00704	0.00733	0.00411	0.00469	0.00704	0.00968	0.01291	0.02787	0.81899	0.03344	0.01584	0.00645	0.00205	0.00293	0.01438	0.00469	0.00411
69	0.01127	0.01169	0.02493	0.01821	0.02224	0.01102	0.61041	0.01417	0.01081	0.01463	0.00993	0.01401	0.00791	0.00707	0.00888	0.18122	0.00765	0.00564	0.00248	0.00584
70	0.00955	0.00899	0.01517	0.81013	0.03483	0.01123	0.01404	0.01292	0.01011	0.01292	0.00899	0.01348	0.00674	0.00506	0.00506	0.00169	0.00674	0.00449	0.00225	0.00562
71	0.01125	0.01161	0.01851	0.01497	0.01605	0.01492	0.17163	0.01302	0.00863	0.01302	0.00740	0.01161	0.00686	0.00788	0.01435	0.00211	0.64336	0.00475	0.00229	0.00580
72	0.00799	0.00660	0.00925	0.01125	0.17255	0.00617	0.00680	0.01023	0.01302	0.01782	0.43807	0.03519	0.22619	0.00973	0.00577	0.00160	0.00319	0.00855	0.00470	0.00533
73	0.01357	0.01442	0.02453	0.02164	0.19888	0.09530	0.43851	0.09717	0.01335	0.01754	0.01002	0.01275	0.00773	0.00461	0.00550	0.00160	0.00770	0.00520	0.00282	0.00718
74	0.00940	0.00878	0.01475	0.77449	0.03361	0.01092	0.01363	0.01266	0.01009	0.01292	0.00983	0.04924	0.00793	0.00553	0.00512	0.00170	0.00657	0.00493	0.00236	0.00555
75	0.00985	0.00724	0.00870	0.00752	0.00947	0.00716	0.00585	0.17089	0.01614	0.02255	0.58984	0.03116	0.03768	0.00915	0.00567	0.00154	0.00312	0.00790	0.00535	0.04324
76	0.01242	0.01012	0.01071	0.00936	0.01214	0.01116	0.00735	0.19262	0.41169	0.02166	0.02544	0.05913	0.17776	0.00833	0.00536	0.00168	0.00401	0.00688	0.00501	0.00718

[dist]
# distance from previous block
# <min> <max>
6	37

[block]
# block no. 2 follows, 49 sequences, length 22
# corresponding to MSA columns:
# 152-173
name=unknown_C
#
# <colnr> <probs for GDERKNQSTAVLIFYWHMCP>
#	G	D	E	R	K	N	Q	S	T	A	V	L	I	F	Y	W	H	M	C	P
0	0.01210	0.01049	0.01134	0.05416	0.01405	0.01211	0.00814	0.02517	0.70262	0.02034	0.02139	0.01998	0.05154	0.00704	0.00518	0.00171	0.00408	0.00588	0.00496	0.00770
1	0.00734	0.00564	0.00833	0.00832	0.00911	0.00663	0.00644	0.00903	0.00824	0.01187	0.01443	0.08978	0.01414	0.03438	0.68881	0.00727	0.05670	0.00615	0.00286	0.00454
2	0.01167	0.01100	0.01826	0.11152	0.59755	0.01103	0.01392	0.01453	0.01117	0.01593	0.01042	0.05692	0.00923	0.00512	0.00498	0.00149	0.00572	0.00492	0.00264	0.08200
3	0.08211	0.00558	0.00682	0.00639	0.00775	0.00535	0.00483	0.01001	0.01381	0.02049	0.71927	0.03517	0.04399	0.00984	0.00571	0.00159	0.00252	0.00858	0.00535	0.00483
4	0.00725	0.00530	0.00753	0.00753	0.00823	0.00600	0.00558	0.00865	0.00795	0.01130	0.01409	0.02288	0.01395	0.21679	0.62518	0.00739	0.01157	0.00586	0.00279	0.00418
5	0.01196	0.01134	0.01923	0.02892	0.72173	0.01132	0.01457	0.01477	0.01135	0.01620	0.01113	0.08356	0.01025	0.00550	0.00513	0.00155	0.00574	0.00538	0.00270	0.00767
6	0.00955	0.00899	0.01517	0.81013	0.03483	0.01123	0.01404	0.01292	0.01011	0.01292	0.00899	0.01348	0.00674	0.00506	0.00506	0.00169	0.00674	0.00449	0.00225	0.00562
7	0.85801	0.00978	0.00743	0.00665	0.00978	0.01134	0.00548	0.01486	0.00861	0.02269	0.00704	0.00821	0.00548	0.00469	0.00313	0.00156	0.00391	0.00274	0.00313	0.00548
8	0.02140	0.01067	0.01301	0.00998	0.01394	0.01049	0.00824	0.30265	0.01792	0.51136	0.01705	0.01533	0.01106	0.00619	0.00508	0.00155	0.00477	0.00489	0.00581	0.00860
9	0.01714	0.02125	0.01346	0.01229	0.01455	0.67374	0.00923	0.01842	0.01328	0.01220	0.00862	0.01115	0.00756	0.04402	0.07342	0.00207	0.03572	0.00366	0.00262	0.00561
10	0.00716	0.00517	0.00676	0.00636	0.00755	0.00477	0.00477	0.00954	0.01431	0.02028	0.78808	0.03777	0.04771	0.01034	0.00596	0.00159	0.00239	0.00914	0.00557	0.00477
11	0.00955	0.00899	0.01517	0.81013	0.03483	0.01123	0.01404	0.01292	0.01011	0.01292	0.00899	0.01348	0.00674	0.00506	0.00506	0.00169	0.00674	0.00449	0.00225	0.00562
12	0.00598	0.00512	0.00512	0.00512	0.00683	0.00427	0.00384	0.00726	0.01153	0.01366	0.05123	0.04866	0.78869	0.01281	0.00598	0.00171	0.00256	0.01067	0.00470	0.00427
13	0.01352	0.82533	0.02650	0.00865	0.01298	0.02001	0.00865	0.01514	0.01027	0.01190	0.00703	0.00811	0.00649	0.00433	0.00324	0.00108	0.00541	0.00270	0.00216	0.00649
14	0.01258	0.01086	0.01143	0.01029	0.01315	0.01258	0.00800	0.02687	0.78161	0.02115	0.02058	0.01887	0.01544	0.00686	0.00515	0.00172	0.00400	0.00572	0.00515	0.00800
15	0.01258	0.01086	0.01143	0.01029	0.01315	0.01258	0.00800	0.02687	0.78161	0.02115	0.02058	0.01887	0.01544	0.00686	0.00515	0.00172	0.00400	0.00572	0.00515	0.00800
16	0.00616	0.00440	0.00587	0.00704	0.00733	0.00411	0.00469	0.00704	0.00968	0.01291	0.02787	0.81899	0.03344	0.01584	0.00645	0.00205	0.00293	0.01438	0.00469	0.00411
17	0.00620	0.00453	0.00583	0.00677	0.00729	0.00417	0.00459	0.00721	0.01017	0.01342	0.07443	0.68022	0.12628	0.01516	0.00637	0.00198	0.00286	0.01362	0.00474	0.00417
18	0.85801	0.00978	0.00743	0.00665	0.00978	0.01134	0.00548	0.01486	0.00861	0.02269	0.00704	0.00821	0.00548	0.00469	0.00313	0.00156	0.00391	0.00274	0.00313	0.00548
19	0.00735	0.00490	0.00552	0.00552	0.00552	0.00490	0.00306	0.00735	0.00735	0.00980	0.01593	0.03309	0.01838	0.82229	0.02574	0.00490	0.00490	0.00735	0.00306	0.00306
20	0.01367	0.73648	0.04670	0.00918	0.01338	0.06463	0.00905	0.01538	0.01045	0.01204	0.00712	0.00832	0.00649	0.00451	0.00370	0.00114	0.02629	0.00281	0.00219	0.00646
21	0.01809	0.02335	0.06000	0.01341	0.01647	0.68967	0.04380	0.05062	0.01440	0.01355	0.00817	0.00953	0.00664	0.00518	0.00466	0.00135	0.00885	0.00346	0.00268	0.00611

[dist]
# distance from previous block
# <min> <max>
0	1

[block]
# block no. 3 follows, 49 sequences, length 15
# corresponding to MSA columns:
# 175-189
name=unknown_D
#
# <colnr> <probs for GDERKNQSTAVLIFYWHMCP>
#	G	D	E	R	K	N	Q	S	T	A	V	L	I	F	Y	W	H	M	C	P
0	0.01805	0.02123	0.01401	0.01250	0.01529	0.61051	0.00951	0.09932	0.12213	0.01562	0.01004	0.01079	0.00797	0.00553	0.00469	0.00138	0.00804	0.00373	0.00321	0.00644
1	0.01436	0.01175	0.01244	0.01065	0.01383	0.01341	0.00844	0.22758	0.57799	0.02403	0.01831	0.01706	0.01360	0.00665	0.00512	0.00166	0.00442	0.00540	0.00512	0.00816
2	0.00878	0.00439	0.00659	0.00659	0.00659	0.00439	0.00439	0.00659	0.00659	0.00878	0.00878	0.01537	0.00878	0.01757	0.01976	0.85288	0.00439	0.00439	0.00220	0.00220
3	0.01194	0.01364	0.02984	0.02131	0.02643	0.01279	0.77238	0.01620	0.01194	0.01620	0.01023	0.01364	0.00767	0.00426	0.00597	0.00171	0.00853	0.00597	0.00256	0.00682
4	0.00955	0.00899	0.01517	0.81013	0.03483	0.01123	0.01404	0.01292	0.01011	0.01292	0.00899	0.01348	0.00674	0.00506	0.00506	0.00169	0.00674	0.00449	0.00225	0.00562
5	0.85801	0.00978	0.00743	0.00665	0.00978	0.01134	0.00548	0.01486	0.00861	0.02269	0.00704	0.00821	0.00548	0.00469	0.00313	0.00156	0.00391	0.00274	0.00313	0.00548
6	0.01889	0.02410	0.01433	0.01303	0.01563	0.80199	0.00977	0.02019	0.01433	0.01238	0.00782	0.00912	0.00651	0.00521	0.00456	0.00130	0.00912	0.00326	0.00261	0.00586
7	0.00955	0.00899	0.01517	0.81013	0.03483	0.01123	0.01404	0.01292	0.01011	0.01292	0.00899	0.01348	0.00674	0.00506	0.00506	0.00169	0.00674	0.00449	0.00225	0.00562
8	0.01922	0.01416	0.01518	0.01163	0.01568	0.01568	0.00961	0.77388	0.02378	0.03187	0.01214	0.01214	0.00860	0.00607	0.00506	0.00152	0.00556	0.00455	0.00506	0.00860
9	0.00722	0.00542	0.00813	0.00813	0.00903	0.00632	0.00632	0.00903	0.00813	0.01174	0.01354	0.01987	0.01264	0.03792	0.80225	0.00813	0.01354	0.00542	0.00271	0.00451
10	0.00600	0.00502	0.00523	0.00539	0.00690	0.00425	0.00396	0.00723	0.01127	0.01356	0.04797	0.15591	0.68355	0.01323	0.00604	0.00176	0.00261	0.01119	0.00470	0.00425
11	0.00732	0.00505	0.00628	0.00628	0.00654	0.00532	0.00402	0.00784	0.00758	0.01037	0.01523	0.02922	0.01670	0.59270	0.25302	0.00585	0.00743	0.00679	0.00296	0.00349
12	0.01252	0.01201	0.02053	0.03104	0.79074	0.01201	0.01552	0.01552	0.01151	0.01652	0.00951	0.01252	0.00801	0.00451	0.00501	0.00150	0.00601	0.00451	0.00250	0.00801
13	0.77134	0.00966	0.00788	0.00689	0.01010	0.01094	0.00568	0.01588	0.00921	0.10274	0.00838	0.00915	0.00621	0.00486	0.00333	0.00156	0.00395	0.00298	0.00345	0.00580
14	0.09328	0.01145	0.03416	0.01196	0.01568	0.03980	0.16506	0.13400	0.09390	0.25138	0.01564	0.08522	0.01206	0.00651	0.00518	0.00164	0.00543	0.00576	0.00454	0.00736

[dist]
# distance from previous block
# <min> <max>
0	1

[block]
# block no. 4 follows, 49 sequences, length 25
# corresponding to MSA columns:
# 191-215
name=unknown_E
#
# <colnr> <probs for GDERKNQSTAVLIFYWHMCP>
#	G	D	E	R	K	N	Q	S	T	A	V	L	I	F	Y	W	H	M	C	P
0	0.01512	0.06585	0.01781	0.06818	0.33467	0.20028	0.02766	0.10313	0.01354	0.05786	0.00976	0.01163	0.00776	0.00493	0.00477	0.00142	0.00657	0.00410	0.00300	0.04195
1	0.01249	0.27512	0.37340	0.01440	0.10898	0.10506	0.01414	0.01616	0.01107	0.01436	0.00834	0.00991	0.00663	0.00467	0.00431	0.00139	0.00684	0.00345	0.00224	0.00704
2	0.01395	0.01534	0.19285	0.01163	0.01589	0.01329	0.01093	0.24179	0.38387	0.02309	0.01548	0.01503	0.01137	0.00616	0.00504	0.00163	0.00525	0.00492	0.00443	0.00806
3	0.02269	0.00861	0.01174	0.00900	0.01291	0.00743	0.00743	0.02464	0.01447	0.79425	0.01995	0.01721	0.01252	0.00626	0.00509	0.00156	0.00430	0.00509	0.00626	0.00861
4	0.01344	0.01159	0.01446	0.01192	0.01484	0.01321	0.09096	0.17997	0.40550	0.02173	0.05550	0.01691	0.01375	0.00684	0.00665	0.00173	0.10344	0.00552	0.00451	0.00753
5	0.00797	0.00561	0.00754	0.00844	0.00934	0.00561	0.00698	0.00976	0.01066	0.01391	0.02428	0.05154	0.02664	0.19973	0.01129	0.00292	0.00471	0.58449	0.00429	0.00429
6	0.00626	0.00519	0.00581	0.00581	0.00734	0.00474	0.00441	0.00766	0.01074	0.01322	0.04257	0.04205	0.61034	0.01858	0.18897	0.00318	0.00509	0.00946	0.00424	0.00433
7	0.01014	0.02616	0.79609	0.01441	0.02189	0.01174	0.01868	0.01601	0.01068	0.01601	0.00907	0.01068	0.00641	0.00480	0.00480	0.00160	0.00747	0.00374	0.00214	0.00747
8	0.00606	0.00513	0.00524	0.00521	0.00688	0.00430	0.00391	0.00742	0.01172	0.01413	0.10345	0.04789	0.73617	0.01263	0.00598	0.00170	0.00255	0.01056	0.00476	0.00430
9	0.01352	0.82533	0.02650	0.00865	0.01298	0.02001	0.00865	0.01514	0.01027	0.01190	0.00703	0.00811	0.00649	0.00433	0.00324	0.00108	0.00541	0.00270	0.00216	0.00649
10	0.01106	0.01106	0.01549	0.01328	0.01328	0.01549	0.01106	0.01217	0.00774	0.01217	0.00664	0.01106	0.00664	0.00885	0.01659	0.00221	0.81303	0.00443	0.00221	0.00553
11	0.01330	0.79740	0.02583	0.00857	0.01279	0.01949	0.00852	0.01495	0.01041	0.01218	0.03363	0.00912	0.00789	0.00453	0.00334	0.00110	0.00530	0.00292	0.00228	0.00643
12	0.01471	0.01065	0.01170	0.01014	0.01325	0.01186	0.00799	0.06820	0.60583	0.15624	0.02000	0.01820	0.01455	0.00671	0.00513	0.00168	0.00414	0.00554	0.00533	0.00814
13	0.20575	0.01275	0.01462	0.06573	0.19288	0.12393	0.01079	0.02918	0.01018	0.01602	0.00781	0.01065	0.00671	0.00610	0.00823	0.00173	0.26424	0.00390	0.00260	0.00620
14	0.01014	0.02616	0.79609	0.01441	0.02189	0.01174	0.01868	0.01601	0.01068	0.01601	0.00907	0.01068	0.00641	0.00480	0.00480	0.00160	0.00747	0.00374	0.00214	0.00747
15	0.00717	0.00523	0.00707	0.00677	0.00789	0.00513	0.00513	0.00942	0.01289	0.01832	0.61008	0.03366	0.03965	0.01668	0.18896	0.00309	0.00495	0.00829	0.00491	0.00471
16	0.01328	0.00976	0.01138	0.01029	0.01284	0.01048	0.00870	0.36041	0.03779	0.02292	0.02054	0.03524	0.03894	0.01013	0.00603	0.00192	0.00500	0.37295	0.00485	0.00654
17	0.00776	0.00782	0.08968	0.00882	0.05843	0.00597	0.00702	0.01046	0.01337	0.01874	0.55126	0.03542	0.10197	0.00982	0.00584	0.00164	0.00329	0.05259	0.00489	0.00521
18	0.01054	0.02560	0.77119	0.01424	0.02160	0.01161	0.01833	0.01629	0.01080	0.04072	0.00942	0.01088	0.00660	0.00485	0.00481	0.00160	0.00737	0.00378	0.00227	0.00751
19	0.01021	0.01263	0.11467	0.01498	0.01841	0.01134	0.32997	0.01332	0.01088	0.01502	0.05698	0.02017	0.14827	0.00721	0.00825	0.00180	0.19053	0.00634	0.00296	0.00605
20	0.00815	0.00582	0.00815	0.00931	0.01048	0.00582	0.00815	0.01048	0.01164	0.01513	0.02677	0.05704	0.02910	0.01397	0.00698	0.00233	0.00466	0.75671	0.00466	0.00466
21	0.01508	0.01434	0.01564	0.28254	0.11666	0.18604	0.01186	0.26058	0.01562	0.01936	0.00981	0.01197	0.00745	0.00535	0.00494	0.00152	0.00679	0.00424	0.00326	0.00693
22	0.01784	0.20285	0.01758	0.01127	0.01505	0.19604	0.00943	0.42759	0.01852	0.02283	0.00998	0.01053	0.00764	0.00547	0.00453	0.00137	0.00634	0.00383	0.00383	0.00749
23	0.00959	0.33713	0.12515	0.00785	0.01142	0.01164	0.00786	0.01165	0.01090	0.01328	0.02756	0.02704	0.36467	0.00828	0.00472	0.00144	0.00440	0.00650	0.00332	0.00561
24	0.00869	0.19842	0.19049	0.00808	0.01169	0.00960	0.00835	0.01112	0.01111	0.01394	0.04754	0.03044	0.41430	0.00898	0.00508	0.00154	0.00433	0.00723	0.00355	0.00552

[dist]
# distance from previous block
# <min> <max>
0	2

[block]
# block no. 5 follows, 49 sequences, length 77
# corresponding to MSA columns:
# 230-306
name=unknown_F
#
# <colnr> <probs for GDERKNQSTAVLIFYWHMCP>
#	G	D	E	R	K	N	Q	S	T	A	V	L	I	F	Y	W	H	M	C	P
0	0.46826	0.01324	0.22198	0.00884	0.01262	0.01010	0.00893	0.01372	0.00937	0.01905	0.01148	0.16000	0.01094	0.00680	0.00421	0.00167	0.00470	0.00518	0.00315	0.00577
1	0.01387	0.47344	0.01946	0.00897	0.01212	0.17507	0.00778	0.01514	0.01074	0.04670	0.00943	0.01338	0.00898	0.15705	0.00779	0.00186	0.00602	0.00379	0.00260	0.00582
2	0.00734	0.00776	0.07846	0.00655	0.00895	0.00590	0.00569	0.04695	0.04691	0.01525	0.05843	0.04181	0.62893	0.01142	0.00579	0.00169	0.00322	0.00948	0.00452	0.00496
3	0.01103	0.23212	0.01348	0.00817	0.01051	0.15749	0.00672	0.01295	0.01309	0.01623	0.39774	0.02483	0.06112	0.00785	0.00496	0.00140	0.00447	0.00636	0.00405	0.00542
4	0.41982	0.00916	0.00969	0.00788	0.01142	0.00929	0.00650	0.01999	0.01168	0.42743	0.01381	0.01293	0.00917	0.00551	0.00416	0.00156	0.00412	0.00397	0.00477	0.00712
5	0.00598	0.00512	0.00512	0.00512	0.00683	0.00427	0.00384	0.00726	0.01153	0.01366	0.05123	0.04866	0.78869	0.01281	0.00598	0.00171	0.00256	0.01067	0.00470	0.00427
6	0.01031	0.00903	0.01167	0.20619	0.01767	0.00800	0.00803	0.01313	0.02963	0.01571	0.00928	0.01144	0.00750	0.00415	0.00410	0.00100	0.00449	0.00343	0.00286	0.62236
7	0.01049	0.00899	0.01049	0.00749	0.01198	0.00674	0.00599	0.01273	0.01049	0.01648	0.00899	0.01049	0.00749	0.00374	0.00374	0.00075	0.00374	0.00300	0.00300	0.85320
8	0.01733	0.01086	0.01261	0.00958	0.01366	0.01049	0.00783	0.29605	0.05261	0.24789	0.01387	0.01344	0.00973	0.00547	0.00468	0.00131	0.00459	0.00430	0.00480	0.25890
9	0.00872	0.00765	0.01143	0.17677	0.13807	0.00784	0.04280	0.04803	0.01137	0.01478	0.02603	0.23405	0.23247	0.00997	0.00571	0.00175	0.00448	0.00888	0.00377	0.00543
10	0.51144	0.12587	0.22489	0.00904	0.01352	0.01264	0.00951	0.01522	0.00940	0.01939	0.00759	0.00887	0.00587	0.00467	0.00360	0.00151	0.00509	0.00301	0.00273	0.00616
11	0.05502	0.01066	0.01223	0.00992	0.01348	0.01116	0.00803	0.19528	0.26749	0.33417	0.01782	0.01621	0.01228	0.00634	0.00501	0.00160	0.00447	0.00507	0.00548	0.00827
12	0.00700	0.00513	0.00657	0.00628	0.00748	0.00469	0.00468	0.00921	0.01383	0.01931	0.68288	0.07745	0.11495	0.01084	0.00599	0.00162	0.00243	0.00954	0.00544	0.00469
13	0.01261	0.01248	0.01777	0.41171	0.06071	0.13906	0.15418	0.01560	0.01140	0.06811	0.00972	0.01293	0.00733	0.00515	0.00562	0.00163	0.04052	0.00461	0.00265	0.00619
14	0.03223	0.00690	0.00927	0.00837	0.01073	0.00622	0.00662	0.01685	0.01243	0.42051	0.02317	0.27856	0.02137	0.01036	0.00575	0.00183	0.00391	0.11290	0.00547	0.00656
15	0.00955	0.00899	0.01517	0.81013	0.03483	0.01123	0.01404	0.01292	0.01011	0.01292	0.00899	0.01348	0.00674	0.00506	0.00506	0.00169	0.00674	0.00449	0.00225	0.00562
16	0.00616	0.00440	0.00587	0.00704	0.00733	0.00411	0.00469	0.00704	0.00968	0.01291	0.02787	0.81899	0.03344	0.01584	0.00645	0.00205	0.00293	0.01438	0.00469	0.00411
17	0.01602	0.01798	0.02122	0.01648	0.02035	0.37203	0.35946	0.01874	0.01324	0.08091	0.00996	0.01188	0.00756	0.00487	0.00525	0.00151	0.00844	0.00466	0.00290	0.00654
18	0.02080	0.00903	0.01168	0.00924	0.01295	0.00839	0.00754	0.02506	0.15746	0.65015	0.02007	0.01752	0.01306	0.00637	0.00510	0.00159	0.00425	0.00520	0.00605	0.00849
19	0.01049	0.00899	0.01049	0.00749	0.01198	0.00674	0.00599	0.01273	0.01049	0.01648	0.00899	0.01049	0.00749	0.00374	0.00374	0.00075	0.00374	0.00300	0.00300	0.85320
20	0.00694	0.00516	0.00645	0.00613	0.00742	0.00468	0.00460	0.00912	0.01379	0.01904	0.65073	0.03980	0.18582	0.01080	0.00597	0.00161	0.00242	0.00943	0.00540	0.00468
21	0.00598	0.00512	0.00512	0.00512	0.00683	0.00427	0.00384	0.00726	0.01153	0.01366	0.05123	0.04866	0.78869	0.01281	0.00598	0.00171	0.00256	0.01067	0.00470	0.00427
22	0.01296	0.00980	0.01030	0.00902	0.01164	0.01101	0.00709	0.16200	0.43032	0.02252	0.01790	0.01761	0.01349	0.00645	0.00469	0.00153	0.00384	0.00523	0.23538	0.00722
23	0.01889	0.02410	0.01433	0.01303	0.01563	0.80199	0.00977	0.02019	0.01433	0.01238	0.00782	0.00912	0.00651	0.00521	0.00456	0.00130	0.00912	0.00326	0.00261	0.00586
24	0.01698	0.01874	0.01480	0.01280	0.01505	0.43993	0.01006	0.17468	0.01463	0.01637	0.00842	0.01024	0.00698	0.00631	0.00770	0.00158	0.21154	0.00382	0.00302	0.00635
25	0.00598	0.00512	0.00512	0.00512	0.00683	0.00427	0.00384	0.00726	0.01153	0.01366	0.05123	0.04866	0.78869	0.01281	0.00598	0.00171	0.00256	0.01067	0.00470	0.00427
26	0.01169	0.39282	0.44299	0.01177	0.01780	0.01554	0.01408	0.01561	0.01049	0.01413	0.00814	0.00950	0.00644	0.00458	0.00409	0.00136	0.00653	0.00326	0.00215	0.00702
27	0.00770	0.00568	0.00753	0.00846	0.00973	0.00550	0.00727	0.00982	0.01162	0.01483	0.03177	0.05533	0.18434	0.01373	0.00678	0.00220	0.00423	0.60424	0.00466	0.00458
28	0.01198	0.46142	0.37694	0.01128	0.01703	0.01625	0.01322	0.01554	0.01046	0.01377	0.00796	0.00928	0.00645	0.00454	0.00395	0.00132	0.00635	0.00317	0.00215	0.00694
29	0.01252	0.01201	0.02053	0.03104	0.79074	0.01201	0.01552	0.01552	0.01151	0.01652	0.00951	0.01252	0.00801	0.00451	0.00501	0.00150	0.00601	0.00451	0.00250	0.00801
30	0.00598	0.00512	0.00512	0.00512	0.00683	0.00427	0.00384	0.00726	0.01153	0.01366	0.05123	0.04866	0.78869	0.01281	0.00598	0.00171	0.00256	0.01067	0.00470	0.00427
31	0.01922	0.01416	0.01518	0.01163	0.01568	0.01568	0.00961	0.77388	0.02378	0.03187	0.01214	0.01214	0.00860	0.00607	0.00506	0.00152	0.00556	0.00455	0.00506	0.00860
32	0.00735	0.00490	0.00552	0.00552	0.00552	0.00490	0.00306	0.00735	0.00735	0.00980	0.01593	0.03309	0.01838	0.82229	0.02574	0.00490	0.00490	0.00735	0.00306	0.00306
33	0.01014	0.02616	0.79609	0.01441	0.02189	0.01174	0.01868	0.01601	0.01068	0.01601	0.00907	0.01068	0.00641	0.00480	0.00480	0.00160	0.00747	0.00374	0.00214	0.00747
34	0.00955	0.00899	0.01517	0.81013	0.03483	0.01123	0.01404	0.01292	0.01011	0.01292	0.00899	0.01348	0.00674	0.00506	0.00506	0.00169	0.00674	0.00449	0.00225	0.00562
35	0.01889	0.02410	0.01433	0.01303	0.01563	0.80199	0.00977	0.02019	0.01433	0.01238	0.00782	0.00912	0.00651	0.00521	0.00456	0.00130	0.00912	0.00326	0.00261	0.00586
36	0.01252	0.01201	0.02053	0.03104	0.79074	0.01201	0.01552	0.01552	0.01151	0.01652	0.00951	0.01252	0.00801	0.00451	0.00501	0.00150	0.00601	0.00451	0.00250	0.00801
37	0.01763	0.01263	0.01348	0.01051	0.01409	0.01390	0.00862	0.65016	0.02164	0.02976	0.01285	0.01323	0.00931	0.00604	0.00481	0.00146	0.00504	0.00458	0.14229	0.00797
38	0.85801	0.00978	0.00743	0.00665	0.00978	0.01134	0.00548	0.01486	0.00861	0.02269	0.00704	0.00821	0.00548	0.00469	0.00313	0.00156	0.00391	0.00274	0.00313	0.00548
39	0.00687	0.00493	0.00550	0.00550	0.00643	0.00446	0.00373	0.00716	0.00947	0.01170	0.03370	0.03822	0.43348	0.23421	0.01393	0.16123	0.00354	0.00860	0.00379	0.00355
40	0.00852	0.00449	0.00639	0.00639	0.00639	0.00449	0.00414	0.00673	0.00673	0.00897	0.01012	0.01867	0.01057	0.16756	0.02088	0.69482	0.00449	0.00494	0.00236	0.00236
41	0.70231	0.00956	0.00823	0.00709	0.01036	0.01061	0.00584	0.01669	0.00970	0.16650	0.00945	0.00989	0.00679	0.00499	0.00349	0.00156	0.00398	0.00318	0.00371	0.00606
42	0.00878	0.00439	0.00659	0.00659	0.00659	0.00439	0.00439	0.00659	0.00659	0.00878	0.00878	0.01537	0.00878	0.01757	0.01976	0.85288	0.00439	0.00439	0.00220	0.00220
43	0.01010	0.00955	0.01617	0.66492	0.17572	0.01138	0.01432	0.01340	0.01037	0.01359	0.00909	0.01330	0.00698	0.00495	0.00505	0.00165	0.00660	0.00450	0.00229	0.00606
44	0.01918	0.01552	0.01506	0.01183	0.01567	0.12331	0.00963	0.67072	0.02248	0.02920	0.01155	0.01173	0.00831	0.00595	0.00499	0.00149	0.00605	0.00438	0.00472	0.00822
45	0.01014	0.02616	0.79609	0.01441	0.02189	0.01174	0.01868	0.01601	0.01068	0.01601	0.00907	0.01068	0.00641	0.00480	0.00480	0.00160	0.00747	0.00374	0.00214	0.00747
46	0.01252	0.01201	0.02053	0.03104	0.79074	0.01201	0.01552	0.01552	0.01151	0.01652	0.00951	0.01252	0.00801	0.00451	0.00501	0.00150	0.00601	0.00451	0.00250	0.00801
47	0.01587	0.01357	0.01273	0.01046	0.01346	0.15927	0.00832	0.42518	0.01944	0.02508	0.22271	0.01856	0.01887	0.00707	0.00521	0.00150	0.00536	0.00556	0.00474	0.00705
48	0.01014	0.02616	0.79609	0.01441	0.02189	0.01174	0.01868	0.01601	0.01068	0.01601	0.00907	0.01068	0.00641	0.00480	0.00480	0.00160	0.00747	0.00374	0.00214	0.00747
49	0.01188	0.00861	0.01050	0.00917	0.01145	0.02814	0.03823	0.18417	0.05356	0.08143	0.27764	0.08153	0.05320	0.00949	0.00580	0.00172	0.00413	0.11817	0.00507	0.00613
50	0.00621	0.00513	0.00545	0.00537	0.00697	0.00437	0.00403	0.00771	0.01208	0.01496	0.19649	0.04652	0.64262	0.01232	0.00597	0.00168	0.00253	0.01037	0.00487	0.00437
51	0.01889	0.02410	0.01433	0.01303	0.01563	0.80199	0.00977	0.02019	0.01433	0.01238	0.00782	0.00912	0.00651	0.00521	0.00456	0.00130	0.00912	0.00326	0.00261	0.00586
52	0.85801	0.00978	0.00743	0.00665	0.00978	0.01134	0.00548	0.01486	0.00861	0.02269	0.00704	0.00821	0.00548	0.00469	0.00313	0.00156	0.00391	0.00274	0.00313	0.00548
53	0.00722	0.00542	0.00813	0.00813	0.00903	0.00632	0.00632	0.00903	0.00813	0.01174	0.01354	0.01987	0.01264	0.03792	0.80225	0.00813	0.01354	0.00542	0.00271	0.00451
54	0.01506	0.10024	0.30008	0.01303	0.01760	0.40787	0.01287	0.03243	0.02992	0.01422	0.00857	0.00986	0.00671	0.00503	0.00455	0.00140	0.00799	0.00346	0.00249	0.00661
55	0.00943	0.00471	0.00471	0.00471	0.00589	0.00471	0.00353	0.01178	0.01060	0.01885	0.01650	0.01885	0.01296	0.00589	0.00353	0.00118	0.00236	0.00471	0.85036	0.00471
56	0.01196	0.01145	0.01953	0.17625	0.64985	0.01187	0.01524	0.01503	0.01125	0.01585	0.00941	0.01270	0.00777	0.00461	0.00502	0.00154	0.00614	0.00450	0.00246	0.00756
57	0.00716	0.00517	0.00676	0.00636	0.00755	0.00477	0.00477	0.00954	0.01431	0.02028	0.78808	0.03777	0.04771	0.01034	0.00596	0.00159	0.00239	0.00914	0.00557	0.00477
58	0.00722	0.00542	0.00813	0.00813	0.00903	0.00632	0.00632	0.00903	0.00813	0.01174	0.01354	0.01987	0.01264	0.03792	0.80225	0.00813	0.01354	0.00542	0.00271	0.00451
59	0.70160	0.01245	0.00872	0.00784	0.01087	0.15871	0.00628	0.01586	0.00967	0.02077	0.00719	0.00838	0.00567	0.00479	0.00340	0.00152	0.00488	0.00283	0.00303	0.00555
60	0.02269	0.00861	0.01174	0.00900	0.01291	0.00743	0.00743	0.02464	0.01447	0.79425	0.01995	0.01721	0.01252	0.00626	0.00509	0.00156	0.00430	0.00509	0.00626	0.00861
61	0.01922	0.01416	0.01518	0.01163	0.01568	0.01568	0.00961	0.77388	0.02378	0.03187	0.01214	0.01214	0.00860	0.00607	0.00506	0.00152	0.00556	0.00455	0.00506	0.00860
62	0.01889	0.02410	0.01433	0.01303	0.01563	0.80199	0.00977	0.02019	0.01433	0.01238	0.00782	0.00912	0.00651	0.00521	0.00456	0.00130	0.00912	0.00326	0.00261	0.00586
63	0.00716	0.00517	0.00676	0.00636	0.00755	0.00477	0.00477	0.00954	0.01431	0.02028	0.78808	0.03777	0.04771	0.01034	0.00596	0.00159	0.00239	0.00914	0.00557	0.00477
64	0.01073	0.02266	0.60416	0.01853	0.21215	0.01181	0.01790	0.01589	0.01088	0.01614	0.00918	0.01113	0.00680	0.00473	0.00485	0.00158	0.00711	0.00393	0.00223	0.00761
65	0.00735	0.00490	0.00552	0.00552	0.00552	0.00490	0.00306	0.00735	0.00735	0.00980	0.01593	0.03309	0.01838	0.82229	0.02574	0.00490	0.00490	0.00735	0.00306	0.00306
66	0.00644	0.00514	0.00576	0.00561	0.00711	0.00446	0.00420	0.00815	0.01261	0.01624	0.33856	0.04442	0.49975	0.01184	0.00597	0.00166	0.00249	0.01008	0.00504	0.00446
67	0.01258	0.01086	0.01143	0.01029	0.01315	0.01258	0.00800	0.02687	0.78161	0.02115	0.02058	0.01887	0.01544	0.00686	0.00515	0.00172	0.00400	0.00572	0.00515	0.00800
68	0.01102	0.01049	0.01782	0.42392	0.40955	0.01162	0.01477	0.01421	0.01081	0.01470	0.00925	0.01300	0.00737	0.00478	0.00503	0.00159	0.00638	0.00450	0.00237	0.00680
