[name]
unknown

[dist]
# distance from previous block
# <min> <max>
0	503

[block]
# block no. 0 follows, 45 sequences, length 6
# corresponding to MSA columns:
# 516-521
name=unknown_A
#
# <colnr> <probs for GDERKNQSTAVLIFYWHMCP>
#	G	D	E	R	K	N	Q	S	T	A	V	L	I	F	Y	W	H	M	C	P
0	0.01014	0.00769	0.01022	0.04684	0.11969	0.00788	0.00803	0.07519	0.03981	0.01728	0.02313	0.13141	0.08804	0.10774	0.00857	0.00230	0.00460	0.17701	0.10878	0.00567
1	0.00806	0.00668	0.00887	0.13485	0.05633	0.00664	0.00708	0.03579	0.01243	0.01604	0.14029	0.21220	0.31087	0.01188	0.00621	0.00186	0.00381	0.01034	0.00458	0.00518
2	0.00816	0.00843	0.08663	0.10386	0.01310	0.00681	0.04193	0.00976	0.01031	0.01329	0.02758	0.09130	0.26343	0.21164	0.01255	0.06958	0.00488	0.00844	0.00365	0.00467
3	0.04761	0.00997	0.07406	0.00951	0.01242	0.04239	0.05192	0.02967	0.01209	0.10481	0.07387	0.16160	0.12096	0.01335	0.10762	0.00257	0.00591	0.00775	0.00422	0.10768
4	0.00998	0.00901	0.01065	0.05811	0.09213	0.09161	0.00806	0.03120	0.01087	0.01421	0.01890	0.11753	0.09140	0.06622	0.29393	0.00446	0.02784	0.00710	0.03142	0.00539
5	0.19080	0.00627	0.00643	0.00658	0.00800	0.00626	0.00472	0.00966	0.01074	0.01657	0.10483	0.26359	0.22300	0.10923	0.00838	0.00229	0.00343	0.01007	0.00450	0.00466

[dist]
# distance from previous block
# <min> <max>
6	17

[block]
# block no. 1 follows, 45 sequences, length 13
# corresponding to MSA columns:
# 539-551
name=unknown_B
#
# <colnr> <probs for GDERKNQSTAVLIFYWHMCP>
#	G	D	E	R	K	N	Q	S	T	A	V	L	I	F	Y	W	H	M	C	P
0	0.06597	0.00709	0.00804	0.00752	0.00953	0.00691	0.00571	0.07827	0.03171	0.07656	0.06554	0.21780	0.22393	0.01348	0.06582	0.00229	0.00431	0.00927	0.05267	0.04758
1	0.01311	0.01276	0.02060	0.06808	0.04254	0.03646	0.31292	0.09976	0.13272	0.01968	0.04939	0.01669	0.03086	0.00573	0.00565	0.00163	0.00665	0.00577	0.00369	0.11532
2	0.01565	0.01493	0.01242	0.04578	0.01453	0.29144	0.00854	0.12840	0.01484	0.08448	0.01721	0.07740	0.08781	0.02801	0.07531	0.00225	0.00728	0.00585	0.00392	0.06397
3	0.13617	0.13452	0.06266	0.01080	0.01427	0.14575	0.02617	0.12664	0.13120	0.01982	0.05349	0.01575	0.03538	0.04153	0.00601	0.00174	0.02259	0.00479	0.00379	0.00692
4	0.01326	0.01150	0.01866	0.01429	0.01804	0.01147	0.26956	0.11494	0.08684	0.07158	0.01621	0.07738	0.04773	0.00882	0.05131	0.00211	0.05230	0.00647	0.00392	0.10361
5	0.04147	0.00952	0.01123	0.00888	0.01252	0.00883	0.00706	0.08637	0.11145	0.22399	0.09900	0.01883	0.01586	0.05233	0.00625	0.00161	0.00426	0.00527	0.00491	0.27036
6	0.01459	0.07327	0.03554	0.07660	0.18652	0.03633	0.01071	0.09284	0.12789	0.11770	0.04894	0.01741	0.05107	0.00628	0.00517	0.00156	0.00536	0.00526	0.00412	0.08285
7	0.00815	0.06833	0.00843	0.00670	0.00898	0.00705	0.00530	0.01127	0.09961	0.01576	0.07165	0.04241	0.53448	0.01161	0.00593	0.00173	0.00326	0.03476	0.00477	0.04982
8	0.05326	0.03155	0.09108	0.04174	0.01565	0.01270	0.00974	0.38468	0.01880	0.10072	0.05026	0.02023	0.13116	0.00749	0.00540	0.00166	0.00531	0.00589	0.00487	0.00780
9	0.01115	0.01928	0.39403	0.15177	0.16945	0.01232	0.05955	0.01585	0.01152	0.01659	0.04556	0.01376	0.00933	0.00551	0.00586	0.00173	0.04202	0.00470	0.00256	0.00744
10	0.01295	0.00627	0.00732	0.00647	0.00857	0.00591	0.00505	0.01531	0.01194	0.18411	0.01752	0.01911	0.01323	0.00878	0.06432	0.00187	0.00396	0.00502	0.53873	0.06357
11	0.01128	0.00919	0.01092	0.00810	0.01238	0.00729	0.00647	0.03316	0.01162	0.03797	0.04725	0.01353	0.01060	0.00723	0.06434	0.00148	0.00477	0.00379	0.00344	0.69517
12	0.43465	0.01072	0.01019	0.00834	0.01213	0.01126	0.00678	0.09608	0.08568	0.05990	0.01062	0.01132	0.00808	0.00520	0.00401	0.00146	0.00432	0.00361	0.00387	0.21178

[dist]
# distance from previous block
# <min> <max>
0	17

[block]
# block no. 2 follows, 45 sequences, length 11
# corresponding to MSA columns:
# 569-579
name=unknown_C
#
# <colnr> <probs for GDERKNQSTAVLIFYWHMCP>
#	G	D	E	R	K	N	Q	S	T	A	V	L	I	F	Y	W	H	M	C	P
0	0.29760	0.01081	0.03974	0.25002	0.06641	0.01206	0.01047	0.05394	0.06037	0.01907	0.01022	0.01309	0.00808	0.00896	0.08199	0.00242	0.04101	0.00429	0.00312	0.00635
1	0.01907	0.09368	0.06005	0.04484	0.01735	0.15100	0.03755	0.29930	0.03436	0.17113	0.01297	0.01314	0.00924	0.00597	0.00512	0.00156	0.00654	0.00454	0.00447	0.00812
2	0.00724	0.00521	0.00685	0.00700	0.00794	0.00482	0.00504	0.00922	0.01351	0.01885	0.52036	0.30239	0.04547	0.01297	0.00651	0.00186	0.00273	0.01160	0.00559	0.00482
3	0.18495	0.01161	0.01119	0.03415	0.01346	0.08467	0.00720	0.10468	0.01289	0.02006	0.01279	0.01387	0.06556	0.00540	0.00432	0.00124	0.00480	0.00402	0.00355	0.39959
4	0.01324	0.01430	0.09278	0.01521	0.03553	0.06285	0.24629	0.05719	0.16011	0.04620	0.01444	0.07860	0.01194	0.00643	0.00592	0.00168	0.02758	0.00605	0.00371	0.09994
5	0.00884	0.00727	0.00803	0.00778	0.00972	0.00737	0.00598	0.01457	0.23792	0.01810	0.15966	0.08841	0.32351	0.01158	0.00620	0.00187	0.00335	0.06873	0.00528	0.00582
6	0.01100	0.01123	0.02142	0.53340	0.03392	0.01249	0.26890	0.01490	0.01139	0.01490	0.00999	0.01437	0.00749	0.00508	0.00570	0.00180	0.00780	0.00530	0.00250	0.00640
7	0.01711	0.01179	0.01626	0.04931	0.05047	0.01251	0.10571	0.14224	0.22603	0.23216	0.01676	0.01658	0.01192	0.00656	0.00633	0.00176	0.05769	0.00551	0.00495	0.00833
8	0.06615	0.03911	0.31459	0.17927	0.12858	0.01280	0.15178	0.01618	0.01142	0.01678	0.00970	0.01254	0.00729	0.00499	0.00525	0.00171	0.00746	0.00458	0.00250	0.00731
9	0.01457	0.00754	0.00973	0.00838	0.01090	0.00707	0.00656	0.01828	0.10325	0.31540	0.33442	0.09129	0.03093	0.00934	0.00591	0.00173	0.00357	0.00806	0.00607	0.00699
10	0.03613	0.05448	0.16606	0.01311	0.01793	0.01351	0.09904	0.27369	0.08220	0.13106	0.01433	0.05005	0.01079	0.00641	0.00537	0.00168	0.00616	0.00536	0.00443	0.00822

[dist]
# distance from previous block
# <min> <max>
0	1

[block]
# block no. 3 follows, 45 sequences, length 57
# corresponding to MSA columns:
# 581-637
name=unknown_D
#
# <colnr> <probs for GDERKNQSTAVLIFYWHMCP>
#	G	D	E	R	K	N	Q	S	T	A	V	L	I	F	Y	W	H	M	C	P
0	0.01091	0.10002	0.11044	0.01189	0.04858	0.00998	0.10118	0.05958	0.01269	0.04842	0.15685	0.17467	0.02228	0.05501	0.05132	0.00232	0.00576	0.00787	0.00401	0.00621
1	0.05343	0.01215	0.01293	0.01061	0.01344	0.05553	0.00840	0.38441	0.01758	0.07740	0.01348	0.01744	0.01123	0.14405	0.09621	0.00302	0.05178	0.00530	0.00443	0.00718
2	0.01120	0.12215	0.69292	0.01457	0.02210	0.01352	0.01856	0.01689	0.01128	0.01648	0.00937	0.01101	0.00681	0.00504	0.00490	0.00163	0.00767	0.00384	0.00227	0.00781
3	0.00663	0.00511	0.00608	0.00670	0.00773	0.00456	0.00478	0.00792	0.01152	0.01468	0.09202	0.41062	0.33998	0.01500	0.00663	0.00201	0.00299	0.04549	0.00505	0.00451
4	0.02083	0.01436	0.01569	0.01203	0.01631	0.01565	0.00994	0.67608	0.02411	0.11931	0.01384	0.01350	0.00960	0.00647	0.00537	0.00162	0.00575	0.00490	0.00552	0.00913
5	0.05490	0.00535	0.00641	0.00696	0.00746	0.00527	0.00464	0.00850	0.00984	0.01387	0.08329	0.37547	0.02897	0.30285	0.01405	0.00322	0.00400	0.05649	0.00433	0.00413
6	0.00715	0.00532	0.00669	0.00689	0.00802	0.00485	0.00509	0.00904	0.01316	0.01777	0.39155	0.23990	0.18912	0.01325	0.00654	0.00189	0.00288	0.06072	0.00542	0.00477
7	0.00751	0.00511	0.00610	0.00650	0.00665	0.00503	0.00400	0.00789	0.00871	0.01159	0.02092	0.24380	0.02440	0.55651	0.02079	0.00425	0.00463	0.04818	0.00381	0.00364
8	0.00793	0.00607	0.00886	0.00872	0.00953	0.00718	0.00671	0.00963	0.00853	0.01230	0.01415	0.02177	0.01357	0.10781	0.67344	0.00793	0.06239	0.00587	0.00288	0.00472
9	0.00810	0.00639	0.00946	0.00921	0.01006	0.00775	0.00725	0.00994	0.00858	0.01251	0.01360	0.02009	0.01274	0.03698	0.70791	0.00796	0.09811	0.00564	0.00282	0.00491
10	0.01552	0.00777	0.01006	0.00846	0.01119	0.00724	0.00670	0.01927	0.09947	0.35736	0.35782	0.02821	0.03031	0.00865	0.00582	0.00169	0.00362	0.00740	0.00618	0.00725
11	0.01630	0.01283	0.01500	0.01117	0.01572	0.01271	0.05001	0.42302	0.01895	0.02643	0.01145	0.01228	0.00861	0.00536	0.00487	0.00130	0.00531	0.00426	0.00436	0.34006
12	0.00932	0.00466	0.00699	0.00699	0.00699	0.00466	0.00466	0.00699	0.00699	0.00932	0.00932	0.01632	0.00932	0.01865	0.02098	0.84382	0.00466	0.00466	0.00233	0.00233
13	0.01790	0.05684	0.01298	0.00967	0.01305	0.04701	0.00793	0.33547	0.01820	0.17396	0.01526	0.01551	0.01099	0.00628	0.00480	0.00149	0.00487	0.00482	0.23523	0.00774
14	0.01986	0.09925	0.10176	0.01128	0.01593	0.01336	0.01028	0.30919	0.03710	0.30482	0.01522	0.01442	0.01034	0.00619	0.00515	0.00160	0.00558	0.00477	0.00517	0.00874
15	0.01196	0.19524	0.58721	0.01389	0.02091	0.03235	0.01712	0.03385	0.01165	0.01636	0.00921	0.01075	0.00687	0.00503	0.00475	0.00157	0.00746	0.00374	0.00236	0.00770
16	0.02110	0.01207	0.01393	0.01076	0.01479	0.01247	0.00887	0.42555	0.02047	0.32104	0.01640	0.01545	0.01105	0.00651	0.00527	0.00161	0.00516	0.00506	0.06359	0.00885
17	0.01046	0.01048	0.01959	0.37690	0.05228	0.01118	0.25648	0.01398	0.01175	0.01547	0.05751	0.06221	0.06463	0.00659	0.00589	0.00181	0.00696	0.00659	0.00302	0.00622
18	0.01175	0.01253	0.06107	0.05847	0.10289	0.04120	0.22268	0.04958	0.04599	0.01619	0.01455	0.03799	0.05722	0.08074	0.06115	0.00259	0.10761	0.00617	0.00312	0.00653
19	0.02266	0.00985	0.01274	0.00983	0.01386	0.00909	0.00810	0.13816	0.01687	0.62687	0.05931	0.01858	0.01460	0.00684	0.00544	0.00165	0.00467	0.00554	0.00641	0.00892
20	0.00989	0.00910	0.01512	0.59774	0.10636	0.01082	0.01350	0.01301	0.01081	0.01409	0.01275	0.13888	0.01174	0.00711	0.00559	0.00183	0.00644	0.00642	0.00282	0.00596
21	0.01116	0.01078	0.06033	0.03581	0.20961	0.01036	0.05503	0.02608	0.07549	0.04025	0.01693	0.25130	0.01705	0.00920	0.00722	0.00186	0.09931	0.00799	0.00372	0.05050
22	0.01286	0.00716	0.00943	0.00825	0.01029	0.00690	0.00643	0.03597	0.02763	0.23600	0.41426	0.10374	0.03447	0.01002	0.00670	0.00176	0.04743	0.00853	0.00581	0.00637
23	0.00767	0.00573	0.00850	0.00850	0.00941	0.00664	0.00655	0.00950	0.00859	0.01237	0.01450	0.02174	0.01370	0.07627	0.75446	0.00847	0.01395	0.00585	0.00289	0.00472
24	0.01489	0.19433	0.34459	0.01347	0.01882	0.29586	0.01414	0.01841	0.01265	0.01467	0.00869	0.01016	0.00686	0.00515	0.00465	0.00147	0.00810	0.00355	0.00245	0.00709
25	0.29502	0.12078	0.01683	0.06364	0.01622	0.01444	0.10527	0.05478	0.01096	0.06517	0.00907	0.01128	0.00725	0.00604	0.00723	0.00177	0.18046	0.00411	0.00314	0.00654
26	0.00759	0.00540	0.00688	0.00689	0.00808	0.00493	0.00508	0.00958	0.01358	0.03613	0.46657	0.21778	0.14555	0.01268	0.00646	0.00184	0.00281	0.03169	0.00556	0.00492
27	0.02311	0.00981	0.01278	0.00986	0.01395	0.00899	0.00812	0.11089	0.03479	0.66340	0.03331	0.01807	0.01353	0.00671	0.00541	0.00166	0.00468	0.00542	0.00645	0.00905
28	0.01133	0.01224	0.06021	0.14671	0.08126	0.03228	0.12372	0.01401	0.01039	0.01475	0.04393	0.01471	0.00988	0.00991	0.07815	0.00253	0.29949	0.00517	0.00267	0.02666
29	0.00783	0.04239	0.00909	0.02521	0.00980	0.00709	0.00649	0.00931	0.00939	0.01294	0.01991	0.29820	0.03801	0.05230	0.37654	0.00526	0.05278	0.00909	0.00361	0.00476
30	0.00771	0.00558	0.00776	0.00776	0.00842	0.00624	0.00563	0.00903	0.00837	0.01182	0.01517	0.02549	0.01533	0.28177	0.55118	0.00755	0.01150	0.00639	0.00299	0.00431
31	0.05753	0.01064	0.01774	0.06384	0.09627	0.01187	0.19012	0.05576	0.01100	0.01613	0.01104	0.01549	0.00948	0.01659	0.24927	0.00396	0.14874	0.00534	0.00286	0.00633
32	0.01214	0.16688	0.26057	0.22061	0.08190	0.01456	0.03590	0.05766	0.01175	0.01601	0.00926	0.01196	0.00723	0.00543	0.00587	0.00166	0.06671	0.00420	0.00253	0.00716
33	0.01026	0.01577	0.30056	0.05535	0.01694	0.05746	0.01256	0.01382	0.01029	0.03068	0.01177	0.01587	0.00990	0.02091	0.35260	0.00478	0.04671	0.00483	0.00267	0.00626
34	0.03260	0.00808	0.01052	0.00845	0.01185	0.00704	0.00685	0.02087	0.01467	0.54608	0.10909	0.02660	0.15669	0.00836	0.00564	0.00169	0.00400	0.00691	0.00621	0.00780
35	0.01065	0.00998	0.05151	0.01032	0.01162	0.03973	0.00841	0.08835	0.01046	0.01461	0.01247	0.01995	0.01209	0.18846	0.28685	0.00499	0.20545	0.00565	0.00305	0.00540
36	0.00781	0.00520	0.00585	0.00585	0.00585	0.00520	0.00325	0.00781	0.00781	0.01041	0.01691	0.03513	0.01952	0.81135	0.02732	0.00520	0.00520	0.00781	0.00325	0.00325
37	0.34086	0.01003	0.01074	0.00872	0.01238	0.01027	0.00712	0.08283	0.03467	0.37670	0.01506	0.01483	0.01038	0.03643	0.00543	0.00180	0.00453	0.00450	0.00510	0.00761
38	0.02256	0.00931	0.01230	0.00963	0.01360	0.00841	0.00789	0.02604	0.09544	0.68339	0.03854	0.01896	0.01447	0.00681	0.00543	0.00168	0.00449	0.00557	0.00650	0.00897
39	0.00666	0.00545	0.00588	0.00577	0.00745	0.00467	0.00433	0.00832	0.01299	0.01629	0.23767	0.04872	0.59128	0.01293	0.00634	0.00178	0.00267	0.01092	0.00522	0.00467
40	0.01693	0.45716	0.02228	0.01129	0.01505	0.36941	0.00972	0.01850	0.01286	0.01286	0.00784	0.00910	0.00690	0.00502	0.00408	0.00125	0.00753	0.00314	0.00251	0.00659
41	0.01001	0.00500	0.00500	0.00500	0.00625	0.00500	0.00375	0.01251	0.01126	0.02001	0.01751	0.02001	0.01376	0.00625	0.00375	0.00125	0.00250	0.00500	0.84115	0.00500
42	0.00915	0.00478	0.00717	0.00717	0.00727	0.00488	0.00488	0.00727	0.00717	0.00966	0.00986	0.01682	0.00976	0.02095	0.10279	0.75498	0.00570	0.00478	0.00239	0.00259
43	0.01211	0.01283	0.02248	0.01747	0.01963	0.01531	0.30773	0.01461	0.00998	0.01461	0.00856	0.01283	0.00748	0.00746	0.01314	0.00214	0.48737	0.00535	0.00249	0.00641
44	0.00849	0.00667	0.00821	0.00762	0.00970	0.00556	0.00551	0.00998	0.01051	0.01506	0.02083	0.42659	0.02348	0.06097	0.00699	0.00183	0.00363	0.02700	0.00416	0.33723
45	0.28910	0.01204	0.01675	0.01299	0.01691	0.06479	0.24312	0.01829	0.01211	0.18571	0.01316	0.06941	0.01036	0.00608	0.00508	0.00173	0.00609	0.00544	0.00394	0.00691
46	0.21883	0.00783	0.00738	0.00661	0.00883	0.00848	0.00523	0.12503	0.01282	0.02308	0.01434	0.01616	0.01110	0.00597	0.00389	0.00141	0.00342	0.00446	0.50932	0.00582
47	0.01637	0.02645	0.31980	0.01441	0.01923	0.48164	0.01412	0.01968	0.01367	0.01467	0.00883	0.01034	0.00687	0.00536	0.00494	0.00151	0.00899	0.00366	0.00257	0.00690
48	0.01001	0.00500	0.00500	0.00500	0.00625	0.00500	0.00375	0.01251	0.01126	0.02001	0.01751	0.02001	0.01376	0.00625	0.00375	0.00125	0.00250	0.00500	0.84115	0.00500
49	0.01594	0.01266	0.01588	0.32390	0.02455	0.01459	0.01197	0.42275	0.06152	0.02521	0.01207	0.01386	0.00876	0.00606	0.00537	0.00169	0.00631	0.00488	0.00419	0.00784
50	0.01337	0.01232	0.01907	0.25734	0.14709	0.05868	0.15060	0.08999	0.01308	0.05763	0.01180	0.06249	0.00980	0.00631	0.00651	0.00178	0.06630	0.00566	0.00319	0.00700
51	0.01261	0.01178	0.01699	0.15954	0.02120	0.01313	0.16780	0.02339	0.46831	0.01972	0.01725	0.01780	0.01294	0.00635	0.00563	0.00181	0.00580	0.00588	0.00431	0.00776
52	0.00873	0.00743	0.01052	0.01006	0.01052	0.00928	0.00784	0.01011	0.00889	0.01287	0.01585	0.21552	0.01701	0.04332	0.32138	0.00487	0.26971	0.00784	0.00324	0.00500
53	0.03397	0.01082	0.01284	0.07887	0.05539	0.04052	0.02746	0.14210	0.21319	0.05045	0.06700	0.02693	0.06046	0.00845	0.00578	0.00183	0.00514	0.13180	0.00473	0.02226
54	0.01242	0.01135	0.01728	0.01958	0.31733	0.01073	0.08811	0.06094	0.05533	0.01827	0.01361	0.01627	0.05167	0.04179	0.00611	0.00158	0.00557	0.00507	0.00329	0.24371
55	0.01334	0.00908	0.00970	0.00853	0.01098	0.07619	0.00659	0.04982	0.07912	0.19131	0.25032	0.09569	0.13241	0.00965	0.00584	0.00169	0.00404	0.00815	0.00544	0.03209
56	0.03711	0.00993	0.01500	0.01161	0.01520	0.00910	0.17628	0.05215	0.01227	0.01784	0.05777	0.10316	0.05787	0.00739	0.00598	0.00151	0.04445	0.04476	0.00369	0.31692

[dist]
# distance from previous block
# <min> <max>
0	10

[block]
# block no. 4 follows, 45 sequences, length 7
# corresponding to MSA columns:
# 648-654
name=unknown_E
#
# <colnr> <probs for GDERKNQSTAVLIFYWHMCP>
#	G	D	E	R	K	N	Q	S	T	A	V	L	I	F	Y	W	H	M	C	P
0	0.01570	0.01267	0.01820	0.02299	0.42809	0.01314	0.01308	0.21683	0.07327	0.07777	0.01336	0.04732	0.01075	0.00606	0.00541	0.00165	0.00582	0.00538	0.00398	0.00854
1	0.00918	0.00476	0.00714	0.00714	0.00722	0.00484	0.00484	0.00722	0.00714	0.00960	0.00977	0.01674	0.00968	0.02055	0.08863	0.77036	0.00552	0.00476	0.00238	0.00255
2	0.01113	0.00954	0.01113	0.00795	0.01272	0.00716	0.00636	0.01352	0.01113	0.01749	0.00954	0.01113	0.00795	0.00398	0.00398	0.00080	0.00398	0.00318	0.00318	0.84417
3	0.01080	0.00901	0.00985	0.00902	0.01139	0.00983	0.00694	0.02055	0.45411	0.02117	0.24401	0.02986	0.12283	0.00915	0.00583	0.00178	0.00356	0.00779	0.00553	0.00700
4	0.00654	0.00467	0.00623	0.00747	0.00779	0.00436	0.00498	0.00747	0.01028	0.01370	0.02959	0.80785	0.03550	0.01682	0.00685	0.00218	0.00311	0.01526	0.00498	0.00436
5	0.00777	0.00578	0.00746	0.00810	0.00942	0.00547	0.00667	0.00989	0.01271	0.01652	0.16865	0.10092	0.21535	0.01396	0.00693	0.00215	0.00386	0.38845	0.00513	0.00483
6	0.01439	0.00700	0.00926	0.00783	0.01034	0.00621	0.00618	0.01665	0.01508	0.33771	0.41501	0.03174	0.08133	0.00934	0.00594	0.00168	0.00339	0.00802	0.00616	0.00673

[dist]
# distance from previous block
# <min> <max>
10	12

[block]
# block no. 5 follows, 45 sequences, length 47
# corresponding to MSA columns:
# 668-714
name=unknown_F
#
# <colnr> <probs for GDERKNQSTAVLIFYWHMCP>
#	G	D	E	R	K	N	Q	S	T	A	V	L	I	F	Y	W	H	M	C	P
0	0.01528	0.01756	0.02010	0.07386	0.04214	0.30102	0.20762	0.04308	0.01286	0.01503	0.00898	0.01197	0.00741	0.00616	0.00827	0.00176	0.19296	0.00468	0.00271	0.00655
1	0.55455	0.02703	0.03667	0.01122	0.01508	0.09129	0.16129	0.01668	0.01057	0.02116	0.00832	0.01008	0.00645	0.00494	0.00415	0.00166	0.00586	0.00370	0.00309	0.00623
2	0.01676	0.07029	0.05960	0.01019	0.01365	0.00900	0.05337	0.04010	0.03586	0.38163	0.04864	0.20085	0.01863	0.00880	0.00566	0.00176	0.00474	0.00763	0.00533	0.00750
3	0.00906	0.00476	0.00680	0.00680	0.00680	0.00476	0.00442	0.00713	0.00713	0.00951	0.01064	0.01959	0.01110	0.15643	0.02208	0.69806	0.00476	0.00521	0.00249	0.00249
4	0.01525	0.01422	0.01349	0.01176	0.01447	0.15550	0.00929	0.17607	0.31108	0.02148	0.04188	0.03709	0.02741	0.00771	0.00683	0.00178	0.09527	0.02731	0.00458	0.00753
5	0.01154	0.01209	0.13348	0.00953	0.01229	0.05360	0.00827	0.07085	0.11981	0.04608	0.04757	0.02318	0.01550	0.29409	0.06613	0.00335	0.00622	0.00604	0.00376	0.05661
6	0.03970	0.03249	0.23852	0.06755	0.09732	0.01249	0.01316	0.15346	0.08816	0.18341	0.01380	0.01421	0.00971	0.00585	0.00520	0.00167	0.00613	0.00472	0.00415	0.00830
7	0.01965	0.17435	0.10188	0.01111	0.01574	0.05946	0.03487	0.10126	0.01499	0.39104	0.01514	0.01435	0.01029	0.00590	0.00497	0.00155	0.00578	0.00459	0.00479	0.00831
8	0.00668	0.00479	0.00637	0.00759	0.00800	0.00449	0.00521	0.00773	0.01046	0.01388	0.03006	0.74035	0.05178	0.01661	0.00688	0.00219	0.00323	0.06431	0.00498	0.00440
9	0.01547	0.01039	0.01212	0.01011	0.01294	0.01130	0.00813	0.19640	0.18234	0.16615	0.12924	0.02207	0.06594	0.00806	0.00676	0.00175	0.08478	0.00632	0.04213	0.00760
10	0.01071	0.01032	0.01776	0.54098	0.12387	0.01184	0.09719	0.01468	0.04116	0.01496	0.01286	0.01661	0.05258	0.00576	0.00553	0.00177	0.00690	0.00538	0.00273	0.00643
11	0.00781	0.00520	0.00585	0.00585	0.00585	0.00520	0.00325	0.00781	0.00781	0.01041	0.01691	0.03513	0.01952	0.81135	0.02732	0.00520	0.00520	0.00781	0.00325	0.00325
12	0.00756	0.00566	0.00717	0.00753	0.00887	0.00527	0.00604	0.00967	0.01314	0.01731	0.28134	0.09603	0.23554	0.01335	0.00674	0.00202	0.00345	0.26320	0.00527	0.00484
13	0.01524	0.06498	0.05146	0.06323	0.07070	0.34491	0.15254	0.01853	0.05665	0.01491	0.01169	0.01384	0.03383	0.00777	0.05480	0.00200	0.00863	0.00472	0.00291	0.00665
14	0.01838	0.01786	0.01600	0.01324	0.01650	0.31199	0.05723	0.29615	0.01787	0.05144	0.01112	0.01259	0.00862	0.00896	0.07116	0.00216	0.05301	0.00449	0.00388	0.00735
15	0.00681	0.00489	0.00649	0.00750	0.00802	0.00457	0.00521	0.00805	0.01108	0.01488	0.12653	0.64802	0.05005	0.01588	0.00681	0.00213	0.00315	0.06036	0.00510	0.00449
16	0.00745	0.00557	0.00690	0.00764	0.00869	0.00527	0.00587	0.00917	0.02409	0.01454	0.03455	0.25445	0.23420	0.09531	0.00895	0.00248	0.00386	0.26164	0.00480	0.00456
17	0.01209	0.01328	0.04597	0.01684	0.07555	0.10846	0.28583	0.03637	0.01223	0.01587	0.01487	0.18247	0.01466	0.00960	0.04051	0.00217	0.07157	0.03196	0.00331	0.00639
18	0.01113	0.00954	0.01113	0.00795	0.01272	0.00716	0.00636	0.01352	0.01113	0.01749	0.00954	0.01113	0.00795	0.00398	0.00398	0.00080	0.00398	0.00318	0.00318	0.84417
19	0.00673	0.00505	0.00617	0.00678	0.00765	0.00458	0.00474	0.00801	0.01149	0.01499	0.14546	0.43881	0.24488	0.04642	0.00745	0.00213	0.00303	0.02609	0.00505	0.00448
20	0.01271	0.26608	0.23323	0.01408	0.01862	0.01643	0.12135	0.04054	0.01112	0.01527	0.00863	0.01109	0.00716	0.00592	0.00773	0.00169	0.19466	0.00417	0.00246	0.00706
21	0.01014	0.00954	0.01610	0.79845	0.03697	0.01193	0.01491	0.01371	0.01073	0.01371	0.00954	0.01431	0.00716	0.00537	0.00537	0.00179	0.00716	0.00477	0.00239	0.00596
22	0.00997	0.00585	0.00745	0.00720	0.00846	0.00540	0.00518	0.01142	0.01214	0.13581	0.23729	0.20223	0.08451	0.19439	0.01113	0.00264	0.00371	0.04501	0.00511	0.00510
23	0.08171	0.01193	0.01424	0.01203	0.01408	0.06230	0.04134	0.06826	0.13950	0.07645	0.05563	0.01548	0.01198	0.00911	0.04427	0.00221	0.29942	0.00513	0.00378	0.03118
24	0.03726	0.01456	0.01458	0.06209	0.04206	0.11942	0.00994	0.35870	0.17762	0.04793	0.03826	0.01562	0.02451	0.00661	0.00531	0.00164	0.00592	0.00513	0.00476	0.00810
25	0.02872	0.01093	0.01334	0.10974	0.04935	0.01048	0.00889	0.17045	0.06088	0.07282	0.01177	0.01298	0.00896	0.00510	0.00467	0.00126	0.00494	0.00412	0.00389	0.40671
26	0.15746	0.13103	0.10036	0.01323	0.01770	0.06053	0.18796	0.11220	0.01366	0.07873	0.04159	0.04046	0.01050	0.00582	0.00500	0.00162	0.00644	0.00500	0.00356	0.00716
27	0.01278	0.34989	0.43846	0.01260	0.01897	0.02889	0.01496	0.01696	0.01134	0.03741	0.00906	0.01039	0.00703	0.00494	0.00443	0.00147	0.00696	0.00355	0.00241	0.00751
28	0.00654	0.00467	0.00623	0.00747	0.00779	0.00436	0.00498	0.00747	0.01028	0.01370	0.02959	0.80785	0.03550	0.01682	0.00685	0.00218	0.00311	0.01526	0.00498	0.00436
29	0.06439	0.06278	0.01202	0.04611	0.08970	0.02742	0.00853	0.02984	0.01237	0.17295	0.02106	0.23325	0.02101	0.01055	0.00593	0.00193	0.00476	0.16441	0.00464	0.00635
30	0.04341	0.14913	0.23887	0.01510	0.09171	0.01329	0.11048	0.04972	0.04637	0.14755	0.03568	0.01391	0.01010	0.00550	0.00506	0.00161	0.00645	0.00469	0.00353	0.00784
31	0.00783	0.00657	0.00855	0.05750	0.01077	0.00710	0.00676	0.00928	0.01086	0.01421	0.05488	0.27996	0.25593	0.03249	0.00891	0.00216	0.13563	0.08144	0.00437	0.00481
32	0.00972	0.00828	0.01177	0.26907	0.07088	0.04161	0.01045	0.01198	0.01135	0.01445	0.02022	0.08087	0.06606	0.01102	0.00755	0.07408	0.00569	0.26601	0.00364	0.00529
33	0.01399	0.01082	0.01447	0.04044	0.19816	0.01174	0.01069	0.05647	0.27883	0.11110	0.01819	0.05588	0.01520	0.00782	0.00644	0.00185	0.05535	0.08017	0.00456	0.00782
34	0.27387	0.06326	0.09144	0.01166	0.04414	0.01310	0.04254	0.06556	0.03273	0.03759	0.01349	0.01610	0.07083	0.00708	0.00728	0.00182	0.16842	0.02920	0.00337	0.00652
35	0.01526	0.01206	0.01668	0.09714	0.23083	0.01343	0.01210	0.21509	0.06619	0.08825	0.01242	0.01447	0.00961	0.00847	0.05656	0.00218	0.11253	0.00499	0.00387	0.00788
36	0.01435	0.81458	0.02813	0.00918	0.01378	0.02124	0.00918	0.01607	0.01091	0.01263	0.00746	0.00861	0.00689	0.00459	0.00344	0.00115	0.00574	0.00287	0.00230	0.00689
37	0.02210	0.00905	0.01191	0.00927	0.01310	0.00811	0.00761	0.07081	0.01568	0.64545	0.05353	0.01902	0.01470	0.00679	0.00532	0.00163	0.00441	0.00552	0.06733	0.00865
38	0.00751	0.00548	0.00706	0.00666	0.00797	0.00503	0.00500	0.00997	0.01499	0.02105	0.72629	0.04088	0.09969	0.01115	0.00633	0.00170	0.00255	0.00982	0.00585	0.00503
39	0.00828	0.00566	0.00703	0.00664	0.00818	0.00508	0.00500	0.01041	0.01423	0.06740	0.51193	0.08016	0.22663	0.01164	0.00630	0.00174	0.00274	0.01012	0.00568	0.00515
40	0.00719	0.00516	0.00684	0.00729	0.00812	0.00482	0.00527	0.00899	0.01276	0.01759	0.38490	0.39128	0.04241	0.01390	0.00664	0.00197	0.00296	0.06175	0.00542	0.00474
41	0.35896	0.00936	0.01020	0.00840	0.01198	0.00936	0.00686	0.02075	0.01251	0.42465	0.01613	0.06425	0.01165	0.00661	0.00464	0.00169	0.00431	0.00501	0.00519	0.00748
42	0.00803	0.00526	0.00662	0.00686	0.00738	0.00511	0.00451	0.00892	0.01006	0.04614	0.12798	0.29678	0.02868	0.34621	0.06410	0.00374	0.00466	0.01038	0.00434	0.00423
43	0.00707	0.00507	0.00629	0.00676	0.00737	0.00475	0.00455	0.00818	0.01095	0.01466	0.18295	0.37267	0.11516	0.20325	0.01154	0.00276	0.00348	0.02350	0.00476	0.00427
44	0.02579	0.36984	0.19694	0.01265	0.05023	0.15635	0.02425	0.03211	0.01215	0.01488	0.00851	0.00996	0.00706	0.00489	0.00427	0.00134	0.00691	0.00343	0.00252	0.05591
45	0.01297	0.03372	0.01197	0.01080	0.04576	0.06295	0.00821	0.24402	0.01647	0.02161	0.14640	0.09855	0.07762	0.04414	0.00724	0.00196	0.02833	0.11609	0.00477	0.00644
46	0.02943	0.04522	0.09554	0.02466	0.01599	0.07820	0.05386	0.06317	0.08355	0.24501	0.01478	0.03759	0.01090	0.00594	0.00503	0.00149	0.00561	0.00486	0.00439	0.17478

[dist]
# distance from previous block
# <min> <max>
0	1

[block]
# block no. 6 follows, 45 sequences, length 39
# corresponding to MSA columns:
# 716-754
name=unknown_G
#
# <colnr> <probs for GDERKNQSTAVLIFYWHMCP>
#	G	D	E	R	K	N	Q	S	T	A	V	L	I	F	Y	W	H	M	C	P
0	0.01500	0.29689	0.11019	0.01163	0.01549	0.11719	0.01085	0.16676	0.01392	0.01753	0.00951	0.01142	0.00795	0.00893	0.07768	0.00215	0.09286	0.00393	0.00304	0.00708
1	0.04020	0.14128	0.04391	0.02957	0.04973	0.02699	0.15076	0.23051	0.02864	0.02187	0.05659	0.01426	0.01103	0.00564	0.00501	0.00149	0.00601	0.00486	0.04655	0.08512
2	0.03106	0.01093	0.01847	0.18288	0.27028	0.01126	0.12732	0.01446	0.01139	0.01619	0.01214	0.09385	0.01112	0.00642	0.00611	0.00169	0.04691	0.02070	0.00295	0.10387
3	0.01418	0.01504	0.24409	0.01157	0.01552	0.04967	0.02652	0.01756	0.03524	0.22226	0.04081	0.10889	0.02471	0.06744	0.00825	0.00206	0.07860	0.00638	0.00413	0.00709
4	0.00769	0.00567	0.00821	0.00821	0.00903	0.00649	0.00620	0.00932	0.00850	0.01216	0.01476	0.02318	0.01433	0.15492	0.67665	0.00812	0.01301	0.00606	0.00293	0.00456
5	0.01373	0.01385	0.02165	0.18962	0.29675	0.08494	0.18560	0.08446	0.01342	0.01766	0.01020	0.01339	0.00802	0.00514	0.00570	0.00168	0.01885	0.00502	0.00287	0.00748
6	0.01158	0.01042	0.01657	0.36875	0.10843	0.01151	0.09483	0.11983	0.01333	0.01751	0.01640	0.07272	0.08602	0.00715	0.00571	0.00179	0.00634	0.02119	0.00336	0.00656
7	0.00774	0.00547	0.00722	0.00722	0.00769	0.00595	0.00496	0.00868	0.00821	0.01142	0.01566	0.02820	0.01651	0.43112	0.40344	0.00689	0.00973	0.00679	0.00307	0.00401
8	0.00829	0.00660	0.00892	0.02145	0.00996	0.00745	0.00676	0.01054	0.04916	0.01497	0.14222	0.24552	0.04058	0.06388	0.18447	0.00372	0.11981	0.04652	0.00417	0.00499
9	0.03688	0.01128	0.01848	0.12611	0.02118	0.01115	0.21914	0.11256	0.01486	0.30119	0.01570	0.01827	0.01133	0.00629	0.00572	0.00176	0.00637	0.04931	0.00460	0.00782
10	0.02153	0.00971	0.01238	0.00988	0.01376	0.00919	0.00803	0.02672	0.19451	0.60093	0.02134	0.01869	0.01402	0.00680	0.00541	0.00170	0.00449	0.00556	0.00636	0.00898
11	0.18475	0.01151	0.01288	0.01007	0.01411	0.01186	0.00832	0.28866	0.01770	0.36332	0.01550	0.01446	0.01032	0.00625	0.00498	0.00164	0.00497	0.00471	0.00553	0.00848
12	0.00693	0.00508	0.00649	0.00698	0.00777	0.00474	0.00489	0.00837	0.01170	0.01576	0.23945	0.41393	0.13552	0.05658	0.04783	0.00248	0.00358	0.01232	0.00505	0.00454
13	0.01237	0.01178	0.01984	0.18300	0.50931	0.01265	0.03792	0.01548	0.01154	0.01644	0.01002	0.01365	0.00829	0.00536	0.00639	0.00169	0.07743	0.00483	0.03441	0.00759
14	0.00902	0.00477	0.00677	0.00677	0.00677	0.00477	0.00438	0.00715	0.00715	0.00954	0.01083	0.02006	0.01135	0.17634	0.02224	0.67700	0.00477	0.00529	0.00251	0.00251
15	0.00652	0.00474	0.00616	0.00729	0.00774	0.00438	0.00490	0.00750	0.01046	0.01378	0.03185	0.73869	0.10320	0.01652	0.00681	0.00215	0.00308	0.01490	0.00498	0.00438
16	0.01077	0.02777	0.78354	0.01530	0.02323	0.01247	0.01983	0.01700	0.01133	0.01700	0.00963	0.01133	0.00680	0.00510	0.00510	0.00170	0.00793	0.00397	0.00227	0.00793
17	0.01030	0.00931	0.01287	0.13092	0.19208	0.04256	0.00992	0.01338	0.07254	0.01516	0.04655	0.17793	0.04831	0.09416	0.05093	0.00256	0.05320	0.00774	0.00359	0.00601
18	0.01435	0.81458	0.02813	0.00918	0.01378	0.02124	0.00918	0.01607	0.01091	0.01263	0.00746	0.00861	0.00689	0.00459	0.00344	0.00115	0.00574	0.00287	0.00230	0.00689
19	0.01179	0.00952	0.01120	0.00803	0.01277	0.00719	0.00644	0.01416	0.01135	0.05666	0.01014	0.01150	0.00822	0.00411	0.00405	0.00084	0.00401	0.00329	0.00336	0.80136
20	0.00975	0.04074	0.31429	0.01119	0.04501	0.00927	0.01105	0.04411	0.01090	0.01521	0.04030	0.08287	0.06045	0.26769	0.01251	0.00285	0.00598	0.00672	0.00322	0.00589
21	0.08203	0.01243	0.01819	0.40878	0.06618	0.08458	0.14779	0.06635	0.01247	0.01674	0.01080	0.01418	0.02544	0.00544	0.00534	0.00172	0.00725	0.00494	0.00284	0.00652
22	0.01645	0.08312	0.28407	0.01377	0.01871	0.34511	0.01356	0.13118	0.01506	0.01758	0.00940	0.01066	0.00721	0.00545	0.00491	0.00151	0.00821	0.00380	0.00295	0.00731
23	0.00730	0.00553	0.00680	0.00680	0.00808	0.00518	0.00514	0.00914	0.01253	0.01666	0.30778	0.06322	0.27344	0.07858	0.09487	0.00286	0.00437	0.08209	0.00495	0.00469
24	0.13226	0.01004	0.01398	0.41812	0.02537	0.01155	0.02978	0.11100	0.01281	0.07791	0.01172	0.03885	0.00902	0.00592	0.00503	0.00170	0.00595	0.00492	0.05331	0.02078
25	0.00780	0.00524	0.00606	0.00606	0.00613	0.00531	0.00350	0.00794	0.00787	0.01056	0.01673	0.03410	0.01907	0.75507	0.08300	0.00545	0.00587	0.00766	0.00323	0.00336
26	0.22263	0.00922	0.01024	0.00861	0.01188	0.00935	0.00693	0.02104	0.14653	0.32608	0.10821	0.02077	0.06179	0.00727	0.00506	0.00170	0.00406	0.00576	0.00543	0.00745
27	0.00851	0.00601	0.00753	0.00706	0.00858	0.00567	0.00532	0.01172	0.06633	0.05146	0.59866	0.06805	0.11252	0.01101	0.00625	0.00173	0.00277	0.00964	0.00579	0.00539
28	0.01298	0.01220	0.01054	0.00958	0.01178	0.21454	0.00729	0.01756	0.16023	0.06661	0.33615	0.02698	0.06037	0.00915	0.01888	0.00175	0.00509	0.00708	0.00495	0.00626
29	0.00953	0.00725	0.00797	0.00768	0.00871	0.00782	0.00515	0.01463	0.25973	0.01470	0.01971	0.10080	0.01994	0.47252	0.01821	0.00381	0.00470	0.00791	0.00414	0.00509
30	0.75771	0.01032	0.00826	0.00731	0.01055	0.01186	0.00599	0.05262	0.01030	0.02442	0.05348	0.01080	0.00865	0.00541	0.00360	0.00166	0.00414	0.00341	0.00358	0.00593
31	0.01420	0.09621	0.14721	0.05374	0.19423	0.08816	0.16217	0.09657	0.01349	0.02867	0.01002	0.01239	0.00785	0.00530	0.00588	0.00164	0.04710	0.00465	0.00290	0.00762
32	0.01812	0.01312	0.01504	0.03945	0.01647	0.01394	0.03226	0.50021	0.06027	0.09157	0.01566	0.01562	0.04882	0.00653	0.00532	0.00157	0.00550	0.00516	0.00506	0.09032
33	0.02148	0.01137	0.01352	0.01136	0.04352	0.05651	0.00894	0.19006	0.01724	0.48202	0.01864	0.01944	0.01307	0.00706	0.00550	0.00169	0.00527	0.05882	0.00585	0.00863
34	0.01254	0.14702	0.01963	0.06678	0.30127	0.04677	0.07013	0.04293	0.02321	0.01632	0.04372	0.09436	0.01288	0.00833	0.04585	0.00199	0.03024	0.00585	0.00310	0.00707
35	0.01218	0.01076	0.04096	0.02531	0.15632	0.04927	0.06171	0.05426	0.08914	0.07591	0.02090	0.21970	0.06979	0.00932	0.00585	0.00179	0.00516	0.03784	0.00425	0.04958
36	0.04288	0.00811	0.04706	0.00805	0.00935	0.05282	0.00639	0.01042	0.01041	0.01369	0.02362	0.04111	0.11052	0.34975	0.01526	0.00341	0.00519	0.23360	0.00390	0.00444
37	0.36276	0.00723	0.00696	0.00706	0.00880	0.00773	0.00524	0.01122	0.01008	0.01841	0.06538	0.31025	0.07329	0.05186	0.00656	0.01483	0.00365	0.01952	0.00421	0.00495
38	0.01068	0.06452	0.01450	0.07125	0.27842	0.04112	0.01008	0.01323	0.01305	0.01778	0.30265	0.02583	0.05747	0.04880	0.00673	0.00180	0.00485	0.00690	0.00398	0.00638

[dist]
# distance from previous block
# <min> <max>
1	9

[block]
# block no. 7 follows, 45 sequences, length 8
# corresponding to MSA columns:
# 767-774
name=unknown_H
#
# <colnr> <probs for GDERKNQSTAVLIFYWHMCP>
#	G	D	E	R	K	N	Q	S	T	A	V	L	I	F	Y	W	H	M	C	P
0	0.01253	0.01037	0.01188	0.00861	0.01331	0.00859	0.00694	0.12608	0.01326	0.01996	0.01005	0.01140	0.00813	0.00435	0.00419	0.00092	0.00427	0.00343	0.00351	0.71824
1	0.01515	0.01462	0.02236	0.10998	0.02364	0.09211	0.34071	0.19354	0.05232	0.04139	0.03237	0.01466	0.00982	0.00555	0.00577	0.00171	0.00762	0.00556	0.00363	0.00749
2	0.00667	0.00501	0.00599	0.00663	0.00741	0.00454	0.00451	0.00771	0.01083	0.01395	0.07134	0.45171	0.26123	0.10579	0.00900	0.00239	0.00320	0.01294	0.00483	0.00432
3	0.00850	0.00928	0.10196	0.27631	0.01954	0.00806	0.01009	0.01135	0.01179	0.01595	0.19512	0.23269	0.05816	0.01004	0.00600	0.00186	0.00490	0.00890	0.00400	0.00550
4	0.00843	0.00542	0.00721	0.00748	0.00841	0.00519	0.00532	0.00986	0.01135	0.07752	0.17794	0.39760	0.05693	0.07473	0.11755	0.00314	0.00483	0.01134	0.00489	0.00488
5	0.00746	0.00637	0.00926	0.00850	0.01021	0.00616	0.08126	0.00927	0.01082	0.01399	0.03348	0.12723	0.35194	0.02210	0.27211	0.00417	0.00736	0.00940	0.00404	0.00487
6	0.01299	0.24491	0.01713	0.01072	0.01372	0.09192	0.05765	0.07006	0.16230	0.01681	0.01701	0.20508	0.01667	0.00862	0.00526	0.00167	0.00542	0.03144	0.00395	0.00665
7	0.01430	0.01245	0.01197	0.01074	0.01245	0.18110	0.00833	0.17824	0.01360	0.01676	0.01192	0.01888	0.01108	0.01167	0.01202	0.28727	0.08656	0.09186	0.00341	0.00536

[dist]
# distance from previous block
# <min> <max>
9	14

[block]
# block no. 8 follows, 45 sequences, length 15
# corresponding to MSA columns:
# 789-803
name=unknown_I
#
# <colnr> <probs for GDERKNQSTAVLIFYWHMCP>
#	G	D	E	R	K	N	Q	S	T	A	V	L	I	F	Y	W	H	M	C	P
0	0.00932	0.00466	0.00699	0.00699	0.00699	0.00466	0.00466	0.00699	0.00699	0.00932	0.00932	0.01632	0.00932	0.01865	0.02098	0.84382	0.00466	0.00466	0.00233	0.00233
1	0.01374	0.01350	0.01589	0.06809	0.22470	0.13132	0.04144	0.04307	0.27520	0.01862	0.03129	0.07199	0.01370	0.00682	0.00547	0.00171	0.00598	0.00593	0.00395	0.00759
2	0.01323	0.00953	0.01118	0.00890	0.01252	0.00876	0.00712	0.10660	0.11167	0.10616	0.15715	0.02061	0.01866	0.00673	0.00507	0.00135	0.00408	0.03351	0.00471	0.35246
3	0.01284	0.01096	0.01633	0.05737	0.04308	0.01114	0.17004	0.20274	0.05306	0.02086	0.01862	0.09727	0.05068	0.00857	0.00603	0.00183	0.00586	0.13910	0.00425	0.06938
4	0.03793	0.30858	0.26637	0.01201	0.01695	0.18803	0.01250	0.01698	0.01191	0.01455	0.00982	0.06309	0.00875	0.00579	0.00451	0.00146	0.00710	0.00418	0.00260	0.00688
5	0.00654	0.00528	0.00584	0.00625	0.00763	0.00459	0.00460	0.00785	0.01172	0.01438	0.04622	0.25307	0.53391	0.01453	0.00654	0.00195	0.00296	0.05666	0.00498	0.00451
6	0.00931	0.00807	0.00866	0.00845	0.00981	0.06812	0.00637	0.04014	0.06538	0.01733	0.22941	0.24635	0.14740	0.01221	0.00707	0.00191	0.05700	0.04679	0.00493	0.00532
7	0.01465	0.01153	0.01569	0.22531	0.11652	0.05086	0.03762	0.10059	0.09522	0.13600	0.01424	0.06798	0.01140	0.00689	0.00647	0.00178	0.07026	0.00570	0.00394	0.00734
8	0.00932	0.00466	0.00699	0.00699	0.00699	0.00466	0.00466	0.00699	0.00699	0.00932	0.00932	0.01632	0.00932	0.01865	0.02098	0.84382	0.00466	0.00466	0.00233	0.00233
9	0.00705	0.00529	0.00641	0.00648	0.00761	0.00478	0.00465	0.00876	0.01288	0.01725	0.37383	0.19891	0.24587	0.06632	0.00784	0.00206	0.00288	0.01116	0.00529	0.00465
10	0.01311	0.02782	0.01707	0.26514	0.08840	0.12787	0.08734	0.01566	0.01168	0.06558	0.03615	0.04366	0.01060	0.03358	0.00809	0.00191	0.13157	0.00537	0.00302	0.00639
11	0.01475	0.12377	0.08665	0.01707	0.20847	0.08015	0.01213	0.09738	0.02752	0.06860	0.01118	0.01293	0.02306	0.00596	0.00668	0.00158	0.11933	0.00439	0.00324	0.07517
12	0.01358	0.04304	0.07036	0.05633	0.11929	0.10914	0.13596	0.03349	0.17695	0.01706	0.01189	0.01397	0.00947	0.00633	0.00772	0.00180	0.15805	0.00502	0.00323	0.00730
13	0.00774	0.00646	0.00687	0.00730	0.00822	0.05905	0.00510	0.00903	0.01177	0.01513	0.17889	0.41400	0.16772	0.06753	0.00789	0.00216	0.00352	0.01214	0.00490	0.00458
14	0.01354	0.01475	0.02016	0.03732	0.18206	0.16661	0.18922	0.01616	0.01218	0.01573	0.07525	0.01482	0.01136	0.00653	0.00852	0.00180	0.19904	0.00529	0.00289	0.00676

[dist]
# distance from previous block
# <min> <max>
0	2

[block]
# block no. 9 follows, 45 sequences, length 9
# corresponding to MSA columns:
# 806-814
name=unknown_J
#
# <colnr> <probs for GDERKNQSTAVLIFYWHMCP>
#	G	D	E	R	K	N	Q	S	T	A	V	L	I	F	Y	W	H	M	C	P
0	0.01473	0.01116	0.01283	0.01044	0.01347	0.01210	0.00844	0.32315	0.08293	0.05310	0.11972	0.01985	0.05845	0.00981	0.05849	0.00210	0.08410	0.00587	0.00479	0.09446
1	0.01187	0.00990	0.01085	0.01011	0.01201	0.08372	0.03678	0.19368	0.01477	0.01894	0.02269	0.31794	0.04849	0.05454	0.00744	0.00215	0.00506	0.12852	0.00468	0.00586
2	0.01150	0.00940	0.01196	0.03702	0.01278	0.07032	0.09420	0.08439	0.08601	0.01506	0.01505	0.10088	0.02910	0.12131	0.01353	0.26684	0.00561	0.00658	0.00347	0.00498
3	0.01020	0.00722	0.00862	0.00850	0.01014	0.00723	0.00645	0.12814	0.05616	0.05479	0.06129	0.37223	0.13427	0.01323	0.00644	0.00201	0.00382	0.09838	0.00518	0.00569
4	0.01688	0.01265	0.01342	0.01140	0.01397	0.13351	0.00920	0.16011	0.04052	0.20146	0.01434	0.01696	0.01125	0.01312	0.14526	0.00298	0.13882	0.03262	0.00432	0.00720
5	0.44867	0.01143	0.07075	0.00807	0.01233	0.01013	0.00714	0.01497	0.01011	0.02089	0.00847	0.00989	0.00674	0.00459	0.00372	0.00132	0.00438	0.00310	0.00318	0.34011
6	0.00959	0.00798	0.01046	0.00909	0.01136	0.00824	0.00720	0.01243	0.05740	0.01482	0.01250	0.01676	0.01114	0.02295	0.40049	0.00495	0.08808	0.00480	0.00309	0.28666
7	0.56638	0.01359	0.01027	0.00903	0.01233	0.14923	0.00723	0.09120	0.06196	0.02302	0.00910	0.01005	0.00703	0.00538	0.00393	0.00162	0.00530	0.00340	0.00357	0.00639
8	0.06832	0.01357	0.01240	0.01074	0.01380	0.13953	0.00838	0.17400	0.31506	0.05368	0.04411	0.01916	0.05721	0.03865	0.00614	0.00182	0.00538	0.00565	0.00482	0.00756

[dist]
# distance from previous block
# <min> <max>
0	80

[block]
# block no. 10 follows, 45 sequences, length 21
# corresponding to MSA columns:
# 895-915
name=unknown_K
#
# <colnr> <probs for GDERKNQSTAVLIFYWHMCP>
#	G	D	E	R	K	N	Q	S	T	A	V	L	I	F	Y	W	H	M	C	P
0	0.01479	0.01161	0.01300	0.00971	0.01411	0.01098	0.00789	0.32194	0.01716	0.02444	0.04822	0.01327	0.01052	0.00534	0.00467	0.00118	0.00470	0.00418	0.00422	0.45807
1	0.01426	0.01072	0.01403	0.01636	0.23249	0.03981	0.01031	0.10379	0.09350	0.13217	0.04069	0.02694	0.09796	0.02554	0.00626	0.00186	0.00522	0.11613	0.00455	0.00742
2	0.01529	0.01403	0.04506	0.02716	0.09597	0.07718	0.01050	0.21271	0.35238	0.02338	0.01687	0.01840	0.01317	0.00695	0.00546	0.00174	0.00558	0.04524	0.00472	0.00822
3	0.00663	0.00510	0.00581	0.00630	0.00726	0.00456	0.00431	0.00763	0.01083	0.01360	0.03923	0.34630	0.37583	0.12997	0.00957	0.00245	0.00323	0.01236	0.00473	0.00428
4	0.02194	0.05948	0.01382	0.00984	0.01405	0.00997	0.00820	0.12313	0.03395	0.56928	0.01853	0.01656	0.01208	0.00634	0.00519	0.00157	0.00478	0.00505	0.00597	0.06029
5	0.01066	0.01009	0.05048	0.01005	0.01336	0.04189	0.08045	0.04115	0.01277	0.03241	0.11509	0.10045	0.08178	0.00860	0.00559	0.00156	0.00476	0.10246	0.00411	0.27228
6	0.03896	0.00930	0.01542	0.01913	0.31406	0.00963	0.07176	0.01294	0.01046	0.01524	0.01320	0.06595	0.01239	0.05144	0.31088	0.00452	0.00938	0.00599	0.00294	0.00640
7	0.01178	0.00628	0.00828	0.00813	0.00975	0.00574	0.00608	0.02457	0.01234	0.22249	0.06522	0.40737	0.06907	0.04030	0.00713	0.00212	0.00374	0.07839	0.00542	0.00579
8	0.01166	0.01141	0.01872	0.47519	0.28834	0.03876	0.04949	0.01508	0.01148	0.01516	0.00975	0.01381	0.00765	0.00513	0.00538	0.00171	0.00706	0.00480	0.00251	0.00690
9	0.01241	0.03693	0.02247	0.04890	0.05351	0.03316	0.33394	0.06061	0.01190	0.01633	0.01140	0.07842	0.01023	0.00807	0.03339	0.00214	0.21034	0.00623	0.00295	0.00666
10	0.45416	0.01031	0.01035	0.00895	0.01202	0.01146	0.03918	0.12217	0.06683	0.02389	0.09971	0.01876	0.01463	0.01902	0.00495	0.00180	0.00452	0.06677	0.00418	0.00634
11	0.01228	0.00982	0.01147	0.00827	0.01298	0.00771	0.00665	0.05468	0.01211	0.05668	0.01031	0.01158	0.00828	0.00424	0.00412	0.00088	0.00411	0.00338	0.00347	0.75697
12	0.01042	0.00609	0.00806	0.00726	0.00900	0.00553	0.00555	0.01282	0.01508	0.15276	0.62261	0.05901	0.04374	0.01040	0.00619	0.00170	0.00290	0.00913	0.00601	0.00575
13	0.00661	0.00472	0.00629	0.00743	0.00780	0.00441	0.00499	0.00765	0.01060	0.01421	0.07834	0.75764	0.03649	0.01644	0.00682	0.00215	0.00308	0.01490	0.00504	0.00441
14	0.06788	0.00715	0.00863	0.00781	0.01012	0.00666	0.00605	0.01548	0.04583	0.26421	0.07841	0.14371	0.19237	0.06526	0.00737	0.00207	0.00383	0.05554	0.00537	0.00623
15	0.00735	0.00531	0.00682	0.00758	0.00835	0.00504	0.00561	0.00877	0.01121	0.01477	0.10878	0.34339	0.11399	0.12534	0.00972	0.00258	0.00378	0.20231	0.00483	0.00445
