[name]
unknown

[dist]
# distance from previous block
# <min> <max>
0	204

[block]
# block no. 0 follows, 41 sequences, length 44
# corresponding to MSA columns:
# 222-265
name=unknown_A
#
# <colnr> <probs for GDERKNQSTAVLIFYWHMCP>
#	G	D	E	R	K	N	Q	S	T	A	V	L	I	F	Y	W	H	M	C	P
0	0.83938	0.01106	0.00841	0.00752	0.01106	0.01283	0.00619	0.01681	0.00973	0.02566	0.00796	0.00929	0.00619	0.00531	0.00354	0.00177	0.00442	0.00310	0.00354	0.00619
1	0.00876	0.00743	0.01124	0.35612	0.02203	0.00834	0.00982	0.01100	0.01119	0.01444	0.02365	0.31648	0.09613	0.06802	0.00810	0.00233	0.00537	0.01026	0.00394	0.00535
2	0.01147	0.02959	0.76934	0.01630	0.02476	0.01328	0.02113	0.01811	0.01208	0.01811	0.01026	0.01208	0.00725	0.00543	0.00543	0.00181	0.00845	0.00423	0.00242	0.00845
3	0.00769	0.00607	0.00927	0.00935	0.01034	0.00565	0.07490	0.00922	0.01175	0.01577	0.09952	0.62753	0.05885	0.01599	0.00718	0.00222	0.00384	0.01467	0.00517	0.00501
4	0.01608	0.01295	0.01617	0.24774	0.02341	0.01428	0.01170	0.34753	0.01844	0.02512	0.01166	0.01378	0.00874	0.00617	0.00608	0.00165	0.04468	0.00479	0.00415	0.16487
5	0.01701	0.01248	0.01447	0.01419	0.10568	0.03637	0.00999	0.10561	0.38195	0.16225	0.04403	0.02046	0.03451	0.00745	0.00581	0.00184	0.00514	0.00620	0.00559	0.00896
6	0.01733	0.01446	0.01505	0.01329	0.04587	0.05373	0.01016	0.29044	0.42110	0.02765	0.01857	0.01772	0.01379	0.00723	0.00574	0.00183	0.00555	0.00579	0.00552	0.00918
7	0.01211	0.19629	0.56429	0.01436	0.02162	0.01486	0.01775	0.01747	0.01222	0.01738	0.05333	0.01323	0.00998	0.00568	0.00513	0.00168	0.00761	0.00433	0.00265	0.00803
8	0.00697	0.00498	0.00664	0.00796	0.00830	0.00465	0.00531	0.00796	0.01095	0.01460	0.03153	0.79525	0.03783	0.01792	0.00730	0.00232	0.00332	0.01626	0.00531	0.00465
9	0.01593	0.08218	0.33585	0.01464	0.05697	0.01255	0.04977	0.04805	0.04339	0.21084	0.06244	0.01641	0.01270	0.00632	0.00556	0.00175	0.00671	0.00521	0.00417	0.00856
10	0.01247	0.01064	0.01241	0.00910	0.01388	0.00880	0.00731	0.05162	0.04057	0.01951	0.01073	0.01234	0.00884	0.00474	0.00498	0.00100	0.03729	0.00366	0.00356	0.72654
11	0.00897	0.00644	0.00770	0.00722	0.00897	0.00591	0.00545	0.04730	0.01546	0.04900	0.43491	0.08737	0.26890	0.01250	0.00669	0.00186	0.00306	0.01079	0.00593	0.00556
12	0.00690	0.00524	0.00637	0.00727	0.00811	0.00470	0.00500	0.00804	0.01162	0.01487	0.04000	0.55771	0.26990	0.01682	0.00713	0.00220	0.00318	0.01492	0.00531	0.00470
13	0.02103	0.01155	0.01418	0.01209	0.05165	0.01158	0.00930	0.20198	0.12968	0.38191	0.05791	0.02020	0.03518	0.00746	0.00583	0.00178	0.00510	0.00608	0.00626	0.00925
14	0.30686	0.01214	0.01252	0.08404	0.03609	0.01400	0.00913	0.11041	0.31208	0.02499	0.01513	0.01539	0.01138	0.00652	0.00499	0.00184	0.00506	0.00495	0.00461	0.00787
15	0.00697	0.00498	0.00664	0.00796	0.00830	0.00465	0.00531	0.00796	0.01095	0.01460	0.03153	0.79525	0.03783	0.01792	0.00730	0.00232	0.00332	0.01626	0.00531	0.00465
16	0.02080	0.01546	0.01666	0.01271	0.01734	0.01677	0.01048	0.67430	0.02545	0.03438	0.01339	0.01355	0.00961	0.00661	0.00558	0.00163	0.00610	0.00498	0.00550	0.08869
17	0.01474	0.01326	0.02011	0.10545	0.35674	0.03343	0.07506	0.16283	0.01598	0.02176	0.06105	0.01940	0.01346	0.00666	0.00598	0.00181	0.00675	0.05351	0.00378	0.00824
18	0.01355	0.04181	0.01336	0.01003	0.01399	0.01016	0.00829	0.07979	0.03650	0.06786	0.01398	0.01964	0.01228	0.00684	0.00634	0.00142	0.07874	0.09801	0.00403	0.46338
19	0.01232	0.01222	0.01714	0.01475	0.01480	0.01705	0.01227	0.01360	0.00878	0.01374	0.00786	0.01297	0.00782	0.01151	0.05332	0.00281	0.75325	0.00506	0.00253	0.00620
20	0.02566	0.00973	0.01327	0.01018	0.01460	0.00841	0.00841	0.02788	0.01637	0.76726	0.02257	0.01947	0.01416	0.00708	0.00575	0.00177	0.00487	0.00575	0.00708	0.00973
21	0.01268	0.10560	0.61207	0.01658	0.07101	0.01402	0.01918	0.01842	0.01229	0.05184	0.01062	0.01226	0.00769	0.00543	0.00529	0.00174	0.00795	0.00423	0.00266	0.00844
22	0.02403	0.00937	0.01275	0.00990	0.01404	0.00813	0.00813	0.02628	0.01635	0.69793	0.09128	0.02164	0.01787	0.00751	0.00584	0.00177	0.00467	0.00618	0.00701	0.00933
23	0.00736	0.00582	0.00662	0.00642	0.00809	0.00508	0.00482	0.00937	0.01445	0.01881	0.37284	0.04952	0.44399	0.01323	0.00675	0.00187	0.00281	0.01130	0.00575	0.00508
24	0.01300	0.01225	0.02047	0.06762	0.61401	0.01228	0.01558	0.01625	0.01325	0.01871	0.08440	0.01920	0.05529	0.00628	0.00583	0.00173	0.00623	0.00598	0.00328	0.00834
25	0.01286	0.01410	0.02919	0.02226	0.06244	0.01379	0.57115	0.01690	0.01274	0.01749	0.01273	0.07087	0.01094	0.02496	0.00835	0.00208	0.07954	0.00722	0.00304	0.00733
26	0.01044	0.00967	0.01616	0.71157	0.03645	0.01194	0.01488	0.01398	0.01139	0.01461	0.01219	0.08917	0.01049	0.00687	0.00587	0.00195	0.00722	0.00614	0.00280	0.00619
27	0.00810	0.00585	0.00765	0.00720	0.00855	0.00540	0.00540	0.01079	0.01619	0.02294	0.76028	0.04273	0.05397	0.01169	0.00675	0.00180	0.00270	0.01034	0.00630	0.00540
28	0.01232	0.01311	0.06760	0.37343	0.32554	0.03656	0.01617	0.01596	0.01234	0.01649	0.01271	0.01641	0.04512	0.00589	0.00571	0.00180	0.00720	0.00533	0.00280	0.00751
29	0.02284	0.00996	0.01285	0.01020	0.01431	0.00920	0.00831	0.02733	0.13844	0.60703	0.02442	0.02152	0.05134	0.00756	0.00581	0.00181	0.00471	0.00618	0.00678	0.00938
30	0.00697	0.00498	0.00664	0.00796	0.00830	0.00465	0.00531	0.00796	0.01095	0.01460	0.03153	0.79525	0.03783	0.01792	0.00730	0.00232	0.00332	0.01626	0.00531	0.00465
31	0.02137	0.02726	0.01621	0.01474	0.01768	0.77602	0.01105	0.02284	0.01621	0.01400	0.00884	0.01031	0.00737	0.00589	0.00516	0.00147	0.01031	0.00368	0.00295	0.00663
32	0.01220	0.01226	0.02175	0.36519	0.13428	0.01413	0.17656	0.01569	0.01161	0.01585	0.01006	0.01462	0.00804	0.00625	0.00841	0.00200	0.15601	0.00544	0.00265	0.00702
33	0.01423	0.01229	0.01293	0.01164	0.01487	0.01423	0.00905	0.03039	0.75297	0.02393	0.02328	0.02134	0.01746	0.00776	0.00582	0.00194	0.00453	0.00647	0.00582	0.00905
34	0.00810	0.00585	0.00765	0.00720	0.00855	0.00540	0.00540	0.01079	0.01619	0.02294	0.76028	0.04273	0.05397	0.01169	0.00675	0.00180	0.00270	0.01034	0.00630	0.00540
35	0.01080	0.01017	0.01716	0.78523	0.03940	0.01271	0.01589	0.01461	0.01144	0.01461	0.01017	0.01525	0.00762	0.00572	0.00572	0.00191	0.00762	0.00508	0.00254	0.00635
36	0.75277	0.01205	0.05755	0.00808	0.01185	0.01256	0.00713	0.01666	0.01014	0.02507	0.03808	0.01080	0.00817	0.00557	0.00379	0.00177	0.00462	0.00346	0.00358	0.00631
37	0.06435	0.01022	0.01659	0.73497	0.03756	0.01272	0.01526	0.01476	0.01133	0.01533	0.01002	0.01486	0.00753	0.00569	0.00558	0.00190	0.00742	0.00495	0.00261	0.00634
38	0.01479	0.01254	0.01365	0.06179	0.01676	0.01449	0.00968	0.10360	0.62954	0.02459	0.02144	0.02016	0.01602	0.00754	0.00580	0.00191	0.00491	0.00624	0.00560	0.00895
39	0.01265	0.01206	0.02050	0.37143	0.43873	0.01319	0.01681	0.01624	0.01231	0.01686	0.01049	0.01465	0.00842	0.00538	0.00569	0.00179	0.00717	0.00509	0.00270	0.00785
40	0.02022	0.02022	0.01541	0.01314	0.01647	0.39442	0.01026	0.25605	0.01911	0.05938	0.01393	0.01465	0.04578	0.00685	0.00582	0.00162	0.03234	0.00479	0.04191	0.00763
41	0.01080	0.01017	0.01716	0.78523	0.03940	0.01271	0.01589	0.01461	0.01144	0.01461	0.01017	0.01525	0.00762	0.00572	0.00572	0.00191	0.00762	0.00508	0.00254	0.00635
42	0.10309	0.01449	0.01838	0.01421	0.01804	0.03557	0.13088	0.34712	0.01828	0.02615	0.01154	0.01376	0.00898	0.02725	0.00820	0.00191	0.12883	0.00510	0.00424	0.06398
43	0.01516	0.01370	0.02047	0.02556	0.42905	0.01436	0.05937	0.11900	0.20093	0.02233	0.01436	0.01598	0.01124	0.00599	0.00578	0.00178	0.00633	0.00555	0.00398	0.00907

[dist]
# distance from previous block
# <min> <max>
2	3

[block]
# block no. 1 follows, 41 sequences, length 39
# corresponding to MSA columns:
# 269-307
name=unknown_B
#
# <colnr> <probs for GDERKNQSTAVLIFYWHMCP>
#	G	D	E	R	K	N	Q	S	T	A	V	L	I	F	Y	W	H	M	C	P
0	0.01186	0.01017	0.01186	0.00847	0.01356	0.00762	0.00678	0.01440	0.01186	0.01864	0.01017	0.01186	0.00847	0.00424	0.00424	0.00085	0.00424	0.00339	0.00339	0.83395
1	0.01529	0.80242	0.02997	0.00979	0.01468	0.02263	0.00979	0.01713	0.01162	0.01346	0.00795	0.00918	0.00734	0.00489	0.00367	0.00122	0.00612	0.00306	0.00245	0.00734
2	0.00687	0.00583	0.00595	0.00601	0.00791	0.00491	0.00457	0.00837	0.01304	0.01553	0.05669	0.05548	0.72791	0.01455	0.00681	0.00196	0.00300	0.04445	0.00531	0.00485
3	0.01080	0.01017	0.01716	0.78523	0.03940	0.01271	0.01589	0.01461	0.01144	0.01461	0.01017	0.01525	0.00762	0.00572	0.00572	0.00191	0.00762	0.00508	0.00254	0.00635
4	0.01532	0.74187	0.06311	0.01025	0.01524	0.04694	0.01034	0.01736	0.01179	0.01369	0.00809	0.00934	0.00734	0.00495	0.00380	0.00126	0.00636	0.00313	0.00246	0.00737
5	0.00805	0.00581	0.00761	0.00723	0.00854	0.00537	0.00539	0.01068	0.01598	0.02260	0.73101	0.07295	0.05332	0.01194	0.00677	0.00182	0.00272	0.01058	0.00626	0.00537
6	0.00832	0.00555	0.00624	0.00624	0.00624	0.00555	0.00347	0.00832	0.00832	0.01109	0.01802	0.03743	0.02080	0.79898	0.02911	0.00555	0.00555	0.00832	0.00347	0.00347
7	0.01088	0.01017	0.01679	0.73089	0.03759	0.01235	0.01525	0.01460	0.01147	0.01490	0.01017	0.01501	0.00768	0.00561	0.00561	0.00183	0.00739	0.00496	0.00260	0.06426
8	0.01487	0.71636	0.11231	0.01051	0.01580	0.02159	0.01105	0.01724	0.01167	0.01398	0.00821	0.00950	0.00733	0.00495	0.00387	0.00129	0.00638	0.00319	0.00244	0.00746
9	0.00937	0.00779	0.01270	0.01051	0.01210	0.00747	0.16900	0.01106	0.01125	0.01536	0.17395	0.06612	0.02583	0.42185	0.01846	0.00381	0.00576	0.00874	0.00401	0.00487
10	0.01484	0.71019	0.11822	0.01056	0.01588	0.02152	0.01114	0.01725	0.01168	0.01401	0.00823	0.00952	0.00733	0.00496	0.00388	0.00129	0.00640	0.00320	0.00244	0.00747
11	0.01509	0.02220	0.40931	0.01442	0.02076	0.01444	0.01581	0.20650	0.15587	0.04839	0.01401	0.01449	0.01004	0.00629	0.00559	0.00181	0.00704	0.00494	0.00406	0.00893
12	0.01874	0.01390	0.01614	0.05718	0.01780	0.01524	0.04914	0.54252	0.02266	0.03097	0.01419	0.01589	0.01064	0.04265	0.00663	0.00187	0.00608	0.00540	0.10375	0.00862
13	0.06548	0.01576	0.01670	0.01286	0.01738	0.01748	0.01062	0.70532	0.02598	0.03549	0.01342	0.01350	0.00954	0.00678	0.00561	0.00172	0.00619	0.00504	0.00561	0.00954
14	0.01423	0.01229	0.01293	0.01164	0.01487	0.01423	0.00905	0.03039	0.75297	0.02393	0.02328	0.02134	0.01746	0.00776	0.00582	0.00194	0.00453	0.00647	0.00582	0.00905
15	0.79492	0.01078	0.00837	0.00750	0.01093	0.01243	0.00615	0.01649	0.01008	0.02552	0.04821	0.01108	0.00875	0.00565	0.00371	0.00177	0.00433	0.00348	0.00369	0.00615
16	0.01512	0.01273	0.01344	0.01182	0.01522	0.01465	0.00927	0.11559	0.66631	0.02537	0.02214	0.02043	0.01654	0.00765	0.00581	0.00191	0.00474	0.00631	0.00581	0.00913
17	0.01080	0.01017	0.01716	0.78523	0.03940	0.01271	0.01589	0.01461	0.01144	0.01461	0.01017	0.01525	0.00762	0.00572	0.00572	0.00191	0.00762	0.00508	0.00254	0.00635
18	0.02174	0.01602	0.01717	0.01316	0.01774	0.01774	0.01087	0.74423	0.02689	0.03605	0.01373	0.01373	0.00973	0.00687	0.00572	0.00172	0.00629	0.00515	0.00572	0.00973
19	0.01080	0.01017	0.01716	0.78523	0.03940	0.01271	0.01589	0.01461	0.01144	0.01461	0.01017	0.01525	0.00762	0.00572	0.00572	0.00191	0.00762	0.00508	0.00254	0.00635
20	0.02174	0.01602	0.01717	0.01316	0.01774	0.01774	0.01087	0.74423	0.02689	0.03605	0.01373	0.01373	0.00973	0.00687	0.00572	0.00172	0.00629	0.00515	0.00572	0.00973
21	0.02566	0.00973	0.01327	0.01018	0.01460	0.00841	0.00841	0.02788	0.01637	0.76726	0.02257	0.01947	0.01416	0.00708	0.00575	0.00177	0.00487	0.00575	0.00708	0.00973
22	0.01423	0.01229	0.01293	0.01164	0.01487	0.01423	0.00905	0.03039	0.75297	0.02393	0.02328	0.02134	0.01746	0.00776	0.00582	0.00194	0.00453	0.00647	0.00582	0.00905
23	0.01186	0.01017	0.01186	0.00847	0.01356	0.00762	0.00678	0.01440	0.01186	0.01864	0.01017	0.01186	0.00847	0.00424	0.00424	0.00085	0.00424	0.00339	0.00339	0.83395
24	0.01529	0.80242	0.02997	0.00979	0.01468	0.02263	0.00979	0.01713	0.01162	0.01346	0.00795	0.00918	0.00734	0.00489	0.00367	0.00122	0.00612	0.00306	0.00245	0.00734
25	0.02174	0.01602	0.01717	0.01316	0.01774	0.01774	0.01087	0.74423	0.02689	0.03605	0.01373	0.01373	0.00973	0.00687	0.00572	0.00172	0.00629	0.00515	0.00572	0.00973
26	0.00697	0.00498	0.00664	0.00796	0.00830	0.00465	0.00531	0.00796	0.01095	0.01460	0.03153	0.79525	0.03783	0.01792	0.00730	0.00232	0.00332	0.01626	0.00531	0.00465
27	0.01529	0.80242	0.02997	0.00979	0.01468	0.02263	0.00979	0.01713	0.01162	0.01346	0.00795	0.00918	0.00734	0.00489	0.00367	0.00122	0.00612	0.00306	0.00245	0.00734
28	0.02174	0.01602	0.01717	0.01316	0.01774	0.01774	0.01087	0.74423	0.02689	0.03605	0.01373	0.01373	0.00973	0.00687	0.00572	0.00172	0.00629	0.00515	0.00572	0.00973
29	0.00698	0.00534	0.00641	0.00713	0.00811	0.00477	0.00497	0.00827	0.01210	0.01554	0.09655	0.47250	0.29833	0.01621	0.00706	0.00214	0.00312	0.01431	0.00539	0.00477
30	0.01312	0.01217	0.01960	0.01450	0.01882	0.01157	0.23052	0.01609	0.01199	0.05224	0.01067	0.01341	0.00862	0.00562	0.00776	0.00152	0.15139	0.00482	0.00325	0.39233
31	0.49642	0.10423	0.01093	0.00774	0.01107	0.01195	0.00648	0.01595	0.01153	0.07324	0.10184	0.01895	0.09647	0.00714	0.00444	0.00173	0.00429	0.00511	0.00417	0.00633
32	0.01473	0.65563	0.05982	0.01169	0.01674	0.02081	0.09758	0.01714	0.01199	0.01448	0.02879	0.01095	0.00876	0.00509	0.00419	0.00135	0.00654	0.00374	0.00260	0.00738
33	0.01351	0.40267	0.35302	0.01318	0.01959	0.01789	0.03813	0.01821	0.04590	0.01613	0.00978	0.01120	0.00781	0.00526	0.00464	0.00154	0.00718	0.00384	0.00260	0.00792
34	0.01678	0.04554	0.01457	0.01089	0.01425	0.00908	0.09511	0.03562	0.01580	0.33135	0.29534	0.02690	0.02779	0.00850	0.00645	0.00179	0.02317	0.00743	0.00594	0.00768
35	0.01005	0.00531	0.00791	0.00780	0.00780	0.00554	0.00531	0.00774	0.00751	0.01011	0.00982	0.01716	0.00982	0.01942	0.02219	0.79545	0.04092	0.00497	0.00248	0.00266
36	0.25640	0.01568	0.01264	0.01125	0.01405	0.24916	0.02825	0.01922	0.11668	0.01917	0.03555	0.03240	0.04097	0.00762	0.00667	0.03992	0.05953	0.00494	0.00373	0.02616
37	0.14710	0.02127	0.01417	0.01290	0.01595	0.48738	0.00985	0.02313	0.16130	0.01786	0.01209	0.01365	0.00980	0.00641	0.00510	0.00164	0.00813	0.02157	0.00367	0.00701
38	0.09678	0.01453	0.01398	0.03437	0.01600	0.13785	0.00924	0.20156	0.10079	0.16723	0.03812	0.01543	0.01190	0.00649	0.00528	0.00162	0.00597	0.00492	0.00496	0.11298

[dist]
# distance from previous block
# <min> <max>
0	27

[block]
# block no. 2 follows, 41 sequences, length 11
# corresponding to MSA columns:
# 335-345
name=unknown_C
#
# <colnr> <probs for GDERKNQSTAVLIFYWHMCP>
#	G	D	E	R	K	N	Q	S	T	A	V	L	I	F	Y	W	H	M	C	P
0	0.01708	0.01360	0.01702	0.01339	0.01683	0.01518	0.07425	0.42774	0.02041	0.02795	0.09841	0.01743	0.01459	0.00952	0.04783	0.00223	0.12578	0.00587	0.00485	0.03003
1	0.00743	0.00598	0.00670	0.00695	0.00858	0.00536	0.00528	0.00953	0.03659	0.01647	0.11299	0.15508	0.49148	0.01464	0.00693	0.00205	0.00326	0.09425	0.00541	0.00504
2	0.01366	0.01123	0.01283	0.00932	0.01432	0.00946	0.00752	0.14711	0.01459	0.02180	0.01081	0.01220	0.00870	0.00471	0.00451	0.00101	0.00461	0.00371	0.00381	0.68407
3	0.02000	0.01892	0.01561	0.03522	0.01727	0.29603	0.01041	0.36148	0.05562	0.02548	0.01270	0.01352	0.00958	0.00650	0.00537	0.00161	0.00742	0.00468	0.07450	0.00808
4	0.00832	0.00555	0.00624	0.00624	0.00624	0.00555	0.00347	0.00832	0.00832	0.01109	0.01802	0.03743	0.02080	0.79898	0.02911	0.00555	0.00555	0.00832	0.00347	0.00347
5	0.00960	0.00676	0.00851	0.00784	0.00955	0.00655	0.00595	0.01382	0.10090	0.05685	0.64205	0.03921	0.04796	0.01103	0.00659	0.00181	0.00301	0.00969	0.00628	0.00601
6	0.11446	0.01635	0.01560	0.04616	0.01762	0.12019	0.01039	0.45809	0.09624	0.02968	0.01321	0.01359	0.00969	0.00660	0.00540	0.00172	0.00651	0.00484	0.00496	0.00868
7	0.00982	0.00899	0.00834	0.00779	0.00977	0.10135	0.00589	0.04774	0.01530	0.01909	0.31098	0.04285	0.36690	0.01200	0.00650	0.00181	0.00391	0.01004	0.00541	0.00551
8	0.01007	0.00710	0.00845	0.00788	0.00881	0.00752	0.00540	0.10745	0.01153	0.01571	0.06649	0.03130	0.02009	0.47291	0.18986	0.00559	0.00762	0.00754	0.00387	0.00480
9	0.01358	0.42270	0.34941	0.01272	0.01906	0.01810	0.01466	0.01831	0.05387	0.01607	0.00982	0.01112	0.00787	0.00529	0.00456	0.00152	0.00704	0.00376	0.00262	0.00792
10	0.16086	0.06314	0.04992	0.01737	0.16792	0.27888	0.01206	0.01903	0.03216	0.01737	0.00927	0.01154	0.00778	0.00621	0.00694	0.00174	0.12353	0.00413	0.00299	0.00718

[dist]
# distance from previous block
# <min> <max>
7	23

[block]
# block no. 3 follows, 41 sequences, length 15
# corresponding to MSA columns:
# 371-385
name=unknown_D
#
# <colnr> <probs for GDERKNQSTAVLIFYWHMCP>
#	G	D	E	R	K	N	Q	S	T	A	V	L	I	F	Y	W	H	M	C	P
0	0.22329	0.00806	0.00998	0.02791	0.01187	0.00826	0.06412	0.02997	0.01173	0.04937	0.05041	0.36253	0.07767	0.03095	0.00661	0.00213	0.00434	0.01044	0.00467	0.00567
1	0.01416	0.01359	0.02322	0.03511	0.76330	0.01359	0.01755	0.01755	0.01302	0.01869	0.01076	0.01416	0.00906	0.00510	0.00566	0.00170	0.00680	0.00510	0.00283	0.00906
2	0.01336	0.01499	0.03172	0.02277	0.02824	0.01421	0.66538	0.01788	0.01318	0.01812	0.01130	0.01508	0.00861	0.00503	0.00717	0.00189	0.04621	0.00647	0.00290	0.05546
3	0.01533	0.05374	0.01918	0.08210	0.28048	0.21170	0.01363	0.01849	0.05571	0.01624	0.01144	0.01418	0.02795	0.00662	0.00784	0.00180	0.14818	0.00488	0.00300	0.00752
4	0.00701	0.00512	0.00661	0.00768	0.00825	0.00471	0.00521	0.00816	0.01149	0.01519	0.07819	0.66958	0.11739	0.01717	0.00721	0.00225	0.00324	0.01545	0.00537	0.00471
5	0.01080	0.01017	0.01716	0.78523	0.03940	0.01271	0.01589	0.01461	0.01144	0.01461	0.01017	0.01525	0.00762	0.00572	0.00572	0.00191	0.00762	0.00508	0.00254	0.00635
6	0.01080	0.01017	0.01716	0.78523	0.03940	0.01271	0.01589	0.01461	0.01144	0.01461	0.01017	0.01525	0.00762	0.00572	0.00572	0.00191	0.00762	0.00508	0.00254	0.00635
7	0.01472	0.01253	0.01321	0.01174	0.01506	0.01446	0.00917	0.07707	0.70549	0.02472	0.02266	0.02084	0.01695	0.00770	0.00581	0.00193	0.00464	0.00638	0.00581	0.00910
8	0.01186	0.01017	0.01186	0.00847	0.01356	0.00762	0.00678	0.01440	0.01186	0.01864	0.01017	0.01186	0.00847	0.00424	0.00424	0.00085	0.00424	0.00339	0.00339	0.83395
9	0.02174	0.01602	0.01717	0.01316	0.01774	0.01774	0.01087	0.74423	0.02689	0.03605	0.01373	0.01373	0.00973	0.00687	0.00572	0.00172	0.00629	0.00515	0.00572	0.00973
10	0.02463	0.01118	0.06816	0.01062	0.01534	0.00876	0.00933	0.02717	0.01606	0.71288	0.02167	0.01893	0.01366	0.00696	0.00573	0.00177	0.00513	0.00564	0.00674	0.00964
11	0.01186	0.01017	0.01186	0.00847	0.01356	0.00762	0.00678	0.01440	0.01186	0.01864	0.01017	0.01186	0.00847	0.00424	0.00424	0.00085	0.00424	0.00339	0.00339	0.83395
12	0.00737	0.00547	0.00703	0.00788	0.00871	0.00491	0.00538	0.00853	0.01115	0.01500	0.03129	0.68377	0.07878	0.01654	0.00701	0.00217	0.00337	0.01491	0.00515	0.07558
13	0.01286	0.01227	0.02087	0.32535	0.48321	0.01325	0.01691	0.01642	0.01241	0.01711	0.01053	0.01458	0.00850	0.00534	0.00568	0.00178	0.00712	0.00509	0.00272	0.00801
14	0.35224	0.01257	0.01201	0.00982	0.01358	0.01400	0.00805	0.34757	0.01794	0.02937	0.01492	0.01542	0.06315	0.00677	0.00480	0.00173	0.00505	0.00483	0.05852	0.00765

[dist]
# distance from previous block
# <min> <max>
4	6

[block]
# block no. 4 follows, 41 sequences, length 14
# corresponding to MSA columns:
# 396-409
name=unknown_E
#
# <colnr> <probs for GDERKNQSTAVLIFYWHMCP>
#	G	D	E	R	K	N	Q	S	T	A	V	L	I	F	Y	W	H	M	C	P
0	0.00832	0.00555	0.00624	0.00624	0.00624	0.00555	0.00347	0.00832	0.00832	0.01109	0.01802	0.03743	0.02080	0.79898	0.02911	0.00555	0.00555	0.00832	0.00347	0.00347
1	0.01080	0.01017	0.01716	0.78523	0.03940	0.01271	0.01589	0.01461	0.01144	0.01461	0.01017	0.01525	0.00762	0.00572	0.00572	0.00191	0.00762	0.00508	0.00254	0.00635
2	0.83938	0.01106	0.00841	0.00752	0.01106	0.01283	0.00619	0.01681	0.00973	0.02566	0.00796	0.00929	0.00619	0.00531	0.00354	0.00177	0.00442	0.00310	0.00354	0.00619
3	0.02111	0.01618	0.01678	0.01310	0.01750	0.04909	0.01073	0.65515	0.08643	0.03413	0.01432	0.01422	0.01027	0.00690	0.00571	0.00172	0.00632	0.00520	0.00561	0.00954
4	0.01321	0.01382	0.01932	0.01605	0.01692	0.06667	0.09723	0.01489	0.00980	0.01431	0.00807	0.01271	0.00764	0.00914	0.01649	0.00237	0.64724	0.00512	0.00258	0.00645
5	0.00765	0.00587	0.00703	0.00687	0.00844	0.00525	0.00524	0.00986	0.01477	0.01965	0.44024	0.04893	0.32680	0.01304	0.00683	0.00190	0.00294	0.05764	0.00585	0.00517
6	0.01080	0.01017	0.01716	0.78523	0.03940	0.01271	0.01589	0.01461	0.01144	0.01461	0.01017	0.01525	0.00762	0.00572	0.00572	0.00191	0.00762	0.00508	0.00254	0.00635
7	0.01066	0.00533	0.00533	0.00533	0.00666	0.00533	0.00400	0.01333	0.01200	0.02132	0.01866	0.02132	0.01466	0.00666	0.00400	0.00133	0.00267	0.00533	0.83073	0.00533
8	0.01529	0.80242	0.02997	0.00979	0.01468	0.02263	0.00979	0.01713	0.01162	0.01346	0.00795	0.00918	0.00734	0.00489	0.00367	0.00122	0.00612	0.00306	0.00245	0.00734
9	0.00677	0.00575	0.00584	0.00591	0.00776	0.00482	0.00440	0.00820	0.01293	0.01541	0.05653	0.09457	0.72237	0.01467	0.00679	0.00195	0.00292	0.01230	0.00531	0.00482
10	0.01186	0.01017	0.01186	0.00847	0.01356	0.00762	0.00678	0.01440	0.01186	0.01864	0.01017	0.01186	0.00847	0.00424	0.00424	0.00085	0.00424	0.00339	0.00339	0.83395
11	0.00828	0.00583	0.00725	0.00803	0.00911	0.00557	0.00623	0.01003	0.01200	0.01600	0.03353	0.21785	0.17503	0.09998	0.00944	0.00261	0.00413	0.27521	0.08903	0.00485
12	0.01011	0.00887	0.01154	0.01067	0.01120	0.03846	0.00826	0.01143	0.00912	0.01299	0.01310	0.02199	0.01322	0.19425	0.33786	0.00593	0.26670	0.00614	0.00296	0.00519
13	0.02055	0.01766	0.01574	0.01300	0.01688	0.21486	0.01034	0.35095	0.16386	0.09521	0.01511	0.01484	0.01102	0.00680	0.00560	0.00170	0.00687	0.00508	0.00514	0.00879

[dist]
# distance from previous block
# <min> <max>
0	1

[block]
# block no. 5 follows, 41 sequences, length 13
# corresponding to MSA columns:
# 411-423
name=unknown_F
#
# <colnr> <probs for GDERKNQSTAVLIFYWHMCP>
#	G	D	E	R	K	N	Q	S	T	A	V	L	I	F	Y	W	H	M	C	P
0	0.01267	0.20707	0.37913	0.01440	0.01958	0.01671	0.01598	0.01663	0.01102	0.01577	0.00893	0.01152	0.00734	0.00662	0.00884	0.00187	0.23173	0.00417	0.00245	0.00756
1	0.79092	0.01101	0.00892	0.05301	0.01272	0.01282	0.00676	0.01669	0.00983	0.02502	0.00809	0.00964	0.00628	0.00533	0.00367	0.00178	0.00461	0.00321	0.00348	0.00620
2	0.00729	0.00582	0.00653	0.00635	0.00805	0.00505	0.00476	0.00923	0.01428	0.01841	0.33573	0.05017	0.48134	0.01338	0.00675	0.00188	0.00282	0.01139	0.00570	0.00505
3	0.01177	0.02772	0.67878	0.01806	0.07930	0.01336	0.05589	0.01808	0.01222	0.01817	0.01036	0.01239	0.00745	0.00538	0.00551	0.00181	0.00839	0.00441	0.00247	0.00846
4	0.00697	0.00498	0.00664	0.00796	0.00830	0.00465	0.00531	0.00796	0.01095	0.01460	0.03153	0.79525	0.03783	0.01792	0.00730	0.00232	0.00332	0.01626	0.00531	0.00465
5	0.00703	0.00509	0.00664	0.00775	0.00827	0.00471	0.00524	0.00817	0.01145	0.01521	0.08111	0.69164	0.09205	0.01726	0.00722	0.00226	0.00325	0.01557	0.00537	0.00471
6	0.55978	0.01660	0.01107	0.00999	0.01332	0.27370	0.00785	0.01887	0.01195	0.02168	0.00826	0.00964	0.00660	0.00551	0.00409	0.00167	0.00644	0.00330	0.00334	0.00634
7	0.00826	0.00577	0.00739	0.00739	0.00779	0.00617	0.00490	0.00906	0.00866	0.01195	0.01697	0.03159	0.01826	0.50367	0.32096	0.00697	0.00936	0.00746	0.00331	0.00411
8	0.01853	0.01579	0.02363	0.01743	0.02248	0.01646	0.29619	0.46116	0.02167	0.02914	0.01289	0.01439	0.00932	0.00607	0.00612	0.00180	0.00760	0.00577	0.00462	0.00894
9	0.01098	0.01035	0.01748	0.74466	0.07855	0.01276	0.01598	0.01477	0.01152	0.01483	0.01020	0.01519	0.00770	0.00568	0.00572	0.00189	0.00758	0.00508	0.00256	0.00650
10	0.00684	0.00548	0.00612	0.00664	0.00795	0.00476	0.00472	0.00811	0.01222	0.01512	0.04764	0.34369	0.47898	0.01583	0.00697	0.00208	0.00306	0.01371	0.00531	0.00476
11	0.78945	0.01136	0.00894	0.00787	0.01147	0.01313	0.00648	0.06123	0.01078	0.02630	0.00832	0.00956	0.00641	0.00540	0.00367	0.00177	0.00454	0.00322	0.00367	0.00641
12	0.01423	0.01229	0.01293	0.01164	0.01487	0.01423	0.00905	0.03039	0.75297	0.02393	0.02328	0.02134	0.01746	0.00776	0.00582	0.00194	0.00453	0.00647	0.00582	0.00905

[dist]
# distance from previous block
# <min> <max>
6	14

[block]
# block no. 6 follows, 41 sequences, length 7
# corresponding to MSA columns:
# 440-446
name=unknown_G
#
# <colnr> <probs for GDERKNQSTAVLIFYWHMCP>
#	G	D	E	R	K	N	Q	S	T	A	V	L	I	F	Y	W	H	M	C	P
0	0.01080	0.01017	0.01716	0.78523	0.03940	0.01271	0.01589	0.01461	0.01144	0.01461	0.01017	0.01525	0.00762	0.00572	0.00572	0.00191	0.00762	0.00508	0.00254	0.00635
1	0.02174	0.01602	0.01717	0.01316	0.01774	0.01774	0.01087	0.74423	0.02689	0.03605	0.01373	0.01373	0.00973	0.00687	0.00572	0.00172	0.00629	0.00515	0.00572	0.00973
2	0.69768	0.08850	0.01047	0.00772	0.01123	0.01325	0.00649	0.01641	0.01039	0.02426	0.06287	0.01172	0.00979	0.00573	0.00379	0.00172	0.00447	0.00362	0.00363	0.00625
3	0.02174	0.01602	0.01717	0.01316	0.01774	0.01774	0.01087	0.74423	0.02689	0.03605	0.01373	0.01373	0.00973	0.00687	0.00572	0.00172	0.00629	0.00515	0.00572	0.00973
4	0.01529	0.80242	0.02997	0.00979	0.01468	0.02263	0.00979	0.01713	0.01162	0.01346	0.00795	0.00918	0.00734	0.00489	0.00367	0.00122	0.00612	0.00306	0.00245	0.00734
5	0.01186	0.01017	0.01186	0.00847	0.01356	0.00762	0.00678	0.01440	0.01186	0.01864	0.01017	0.01186	0.00847	0.00424	0.00424	0.00085	0.00424	0.00339	0.00339	0.83395
6	0.01863	0.01297	0.01416	0.01122	0.01464	0.01406	0.00885	0.51192	0.02153	0.07826	0.01540	0.02006	0.01280	0.20582	0.01160	0.00268	0.00601	0.00599	0.00525	0.00816

[dist]
# distance from previous block
# <min> <max>
37	85

[block]
# block no. 7 follows, 41 sequences, length 18
# corresponding to MSA columns:
# 563-580
name=unknown_H
#
# <colnr> <probs for GDERKNQSTAVLIFYWHMCP>
#	G	D	E	R	K	N	Q	S	T	A	V	L	I	F	Y	W	H	M	C	P
0	0.01116	0.00966	0.01266	0.23802	0.02042	0.00941	0.00941	0.04135	0.06154	0.01779	0.01764	0.08354	0.08506	0.00716	0.00534	0.00149	0.00512	0.00609	0.00374	0.35340
1	0.01631	0.01310	0.01512	0.04995	0.01707	0.06432	0.05839	0.32657	0.05861	0.04952	0.04701	0.06185	0.05623	0.00903	0.00621	0.00190	0.00606	0.11218	0.00510	0.02547
2	0.01806	0.04172	0.01731	0.01284	0.01719	0.04020	0.05854	0.39795	0.05651	0.04515	0.01278	0.01363	0.00958	0.00635	0.00625	0.00159	0.05696	0.00485	0.00468	0.17788
3	0.08001	0.06056	0.01298	0.26863	0.02022	0.03542	0.00979	0.01331	0.01071	0.01551	0.01310	0.05117	0.01182	0.06118	0.21523	0.00394	0.00864	0.00562	0.05622	0.04595
4	0.01630	0.30107	0.28571	0.01293	0.01870	0.13837	0.01380	0.01982	0.01315	0.11504	0.01084	0.01174	0.00821	0.00553	0.00481	0.00154	0.00745	0.00393	0.00313	0.00794
5	0.37159	0.00996	0.00971	0.00783	0.01175	0.00957	0.00630	0.01486	0.01141	0.02201	0.08584	0.01542	0.03979	0.00583	0.00428	0.00138	0.00412	0.00428	0.00382	0.36026
6	0.00764	0.00592	0.00707	0.00697	0.00854	0.00519	0.00511	0.00953	0.01368	0.01827	0.31090	0.21078	0.28788	0.01352	0.00671	0.00190	0.00300	0.01177	0.00555	0.06005
7	0.02174	0.01602	0.01717	0.01316	0.01774	0.01774	0.01087	0.74423	0.02689	0.03605	0.01373	0.01373	0.00973	0.00687	0.00572	0.00172	0.00629	0.00515	0.00572	0.00973
8	0.00832	0.00555	0.00624	0.00624	0.00624	0.00555	0.00347	0.00832	0.00832	0.01109	0.01802	0.03743	0.02080	0.79898	0.02911	0.00555	0.00555	0.00832	0.00347	0.00347
9	0.01147	0.02959	0.76934	0.01630	0.02476	0.01328	0.02113	0.01811	0.01208	0.01811	0.01026	0.01208	0.00725	0.00543	0.00543	0.00181	0.00845	0.00423	0.00242	0.00845
10	0.06134	0.01863	0.01650	0.01329	0.01740	0.20952	0.01069	0.52624	0.02335	0.02996	0.01221	0.01265	0.00896	0.00654	0.00547	0.00166	0.00722	0.00468	0.00491	0.00877
11	0.00823	0.00615	0.00801	0.00891	0.01024	0.00593	0.00734	0.01032	0.01259	0.01612	0.03649	0.15318	0.21749	0.01754	0.05855	0.00285	0.00508	0.40479	0.00514	0.00507
12	0.00928	0.00549	0.00552	0.00552	0.00701	0.00517	0.00410	0.01145	0.01223	0.01902	0.03185	0.03318	0.26588	0.03457	0.00573	0.00167	0.00284	0.00769	0.52672	0.00510
13	0.01149	0.01086	0.01839	0.63230	0.18698	0.01289	0.01623	0.01521	0.01176	0.01544	0.01029	0.01503	0.00792	0.00559	0.00571	0.00186	0.00746	0.00509	0.00260	0.00691
14	0.03220	0.28996	0.28194	0.01625	0.05025	0.01690	0.17377	0.01761	0.01209	0.01660	0.00962	0.01185	0.00765	0.00527	0.00557	0.00166	0.03603	0.00441	0.00258	0.00780
15	0.01664	0.01505	0.01419	0.01236	0.01581	0.11922	0.00968	0.16592	0.51317	0.02489	0.01948	0.01838	0.01460	0.00733	0.00571	0.00183	0.00566	0.00583	0.00541	0.00885
16	0.05142	0.01574	0.15035	0.01215	0.01645	0.01393	0.01115	0.33223	0.14006	0.02668	0.01605	0.06786	0.01304	0.03711	0.02752	0.00214	0.00616	0.00600	0.04564	0.00833
17	0.05855	0.01387	0.01599	0.01459	0.11492	0.01448	0.01046	0.43194	0.03799	0.02892	0.01454	0.01519	0.04172	0.00643	0.00539	0.00157	0.00571	0.00505	0.00480	0.15788

[dist]
# distance from previous block
# <min> <max>
8	20

[block]
# block no. 8 follows, 41 sequences, length 49
# corresponding to MSA columns:
# 601-633,637-652
name=unknown_I
#
# <colnr> <probs for GDERKNQSTAVLIFYWHMCP>
#	G	D	E	R	K	N	Q	S	T	A	V	L	I	F	Y	W	H	M	C	P
0	0.01304	0.13488	0.01806	0.20367	0.02142	0.03337	0.08903	0.13524	0.03808	0.01872	0.01657	0.20245	0.01622	0.00893	0.00593	0.00188	0.00627	0.02545	0.00394	0.00687
1	0.01291	0.02537	0.52419	0.01809	0.11878	0.08420	0.01849	0.01932	0.07202	0.01825	0.01171	0.01414	0.00891	0.00586	0.00553	0.00179	0.00802	0.02122	0.00286	0.00834
2	0.01029	0.00815	0.01075	0.00902	0.01155	0.00738	0.05552	0.05359	0.01259	0.01807	0.12461	0.13556	0.04063	0.14335	0.05975	0.00269	0.00521	0.00786	0.03837	0.24507
3	0.01098	0.00703	0.00763	0.02634	0.00928	0.02712	0.00555	0.05199	0.04481	0.01952	0.04084	0.04048	0.01623	0.07593	0.11175	0.02649	0.00529	0.00607	0.46115	0.00551
4	0.01512	0.01111	0.01243	0.05665	0.01485	0.01221	0.00863	0.31807	0.13607	0.02627	0.03376	0.15713	0.01757	0.00899	0.00575	0.00181	0.00488	0.00748	0.14354	0.00769
5	0.01529	0.80242	0.02997	0.00979	0.01468	0.02263	0.00979	0.01713	0.01162	0.01346	0.00795	0.00918	0.00734	0.00489	0.00367	0.00122	0.00612	0.00306	0.00245	0.00734
6	0.00688	0.00580	0.00596	0.00592	0.00780	0.00488	0.00444	0.00843	0.01331	0.01610	0.11886	0.05398	0.69966	0.01424	0.00676	0.00192	0.00288	0.01192	0.00540	0.00488
7	0.01626	0.42082	0.05245	0.01056	0.01478	0.09935	0.00971	0.08842	0.01473	0.08412	0.12313	0.01582	0.01519	0.00643	0.00475	0.00146	0.00606	0.00471	0.00381	0.00746
8	0.01414	0.08664	0.01845	0.01421	0.04014	0.03441	0.14941	0.14044	0.21197	0.02154	0.03396	0.15999	0.01734	0.00864	0.00629	0.00189	0.02047	0.00772	0.00461	0.00774
9	0.00700	0.00566	0.00624	0.00650	0.00804	0.00490	0.00478	0.00851	0.01292	0.01604	0.11832	0.20270	0.52826	0.01495	0.00690	0.00202	0.00303	0.03300	0.00540	0.00486
10	0.02015	0.01827	0.01573	0.01285	0.01673	0.24183	0.01023	0.41893	0.05154	0.02721	0.01277	0.01338	0.00957	0.00646	0.00538	0.00159	0.00709	0.00469	0.05404	0.05157
11	0.01147	0.02959	0.76934	0.01630	0.02476	0.01328	0.02113	0.01811	0.01208	0.01811	0.01026	0.01208	0.00725	0.00543	0.00543	0.00181	0.00845	0.00423	0.00242	0.00845
12	0.27014	0.01106	0.01050	0.00925	0.01247	0.03293	0.00733	0.08772	0.21780	0.06514	0.02360	0.04669	0.15067	0.00832	0.00527	0.00183	0.00450	0.00646	0.00494	0.02339
13	0.05740	0.41413	0.36005	0.01259	0.01900	0.01792	0.01468	0.01755	0.01173	0.01619	0.00899	0.01048	0.00724	0.00516	0.00445	0.00152	0.00707	0.00358	0.00249	0.00778
14	0.00865	0.00752	0.01263	0.04988	0.01428	0.00719	0.15165	0.01069	0.01177	0.01551	0.02850	0.45026	0.09796	0.03844	0.00779	0.00231	0.00497	0.07000	0.00463	0.00537
15	0.01416	0.01359	0.02322	0.03511	0.76330	0.01359	0.01755	0.01755	0.01302	0.01869	0.01076	0.01416	0.00906	0.00510	0.00566	0.00170	0.00680	0.00510	0.00283	0.00906
16	0.01169	0.01130	0.01802	0.62363	0.14359	0.03749	0.01585	0.01528	0.01173	0.01516	0.01012	0.01483	0.00782	0.00579	0.00616	0.00188	0.03527	0.00504	0.00260	0.00675
17	0.00696	0.00503	0.00659	0.00783	0.00826	0.00466	0.00525	0.00798	0.01108	0.01465	0.03310	0.75105	0.08101	0.01771	0.00727	0.00230	0.00329	0.01601	0.00531	0.00466
18	0.01350	0.01543	0.03375	0.02411	0.02989	0.01446	0.74253	0.01832	0.01350	0.01832	0.01157	0.01543	0.00868	0.00482	0.00675	0.00193	0.00964	0.00675	0.00289	0.00771
19	0.01609	0.01253	0.01438	0.01182	0.04220	0.01104	0.00886	0.09344	0.12436	0.06899	0.01521	0.01672	0.01216	0.00658	0.00564	0.00157	0.00531	0.00490	0.00486	0.52335
20	0.00771	0.00599	0.00708	0.00744	0.00870	0.00563	0.00533	0.01041	0.07281	0.01725	0.18114	0.35621	0.26358	0.01482	0.00690	0.00207	0.00316	0.01301	0.00554	0.00521
21	0.00740	0.00520	0.00647	0.00731	0.00760	0.00495	0.00467	0.00809	0.01018	0.01350	0.02826	0.51784	0.06284	0.27147	0.01436	0.00335	0.00402	0.01350	0.00471	0.00427
22	0.00994	0.00497	0.00745	0.00745	0.00745	0.00497	0.00497	0.00745	0.00745	0.00994	0.00994	0.01739	0.00994	0.01987	0.02235	0.83358	0.00497	0.00497	0.00248	0.00248
23	0.00697	0.00498	0.00664	0.00796	0.00830	0.00465	0.00531	0.00796	0.01095	0.01460	0.03153	0.79525	0.03783	0.01792	0.00730	0.00232	0.00332	0.01626	0.00531	0.00465
24	0.01147	0.02959	0.76934	0.01630	0.02476	0.01328	0.02113	0.01811	0.01208	0.01811	0.01026	0.01208	0.00725	0.00543	0.00543	0.00181	0.00845	0.00423	0.00242	0.00845
25	0.00703	0.00503	0.00669	0.00792	0.00831	0.00469	0.00531	0.00812	0.01125	0.01507	0.07248	0.75296	0.03874	0.01757	0.00727	0.00229	0.00328	0.01593	0.00537	0.00469
26	0.02566	0.00973	0.01327	0.01018	0.01460	0.00841	0.00841	0.02788	0.01637	0.76726	0.02257	0.01947	0.01416	0.00708	0.00575	0.00177	0.00487	0.00575	0.00708	0.00973
27	0.01971	0.01272	0.01432	0.01170	0.01567	0.01368	0.00943	0.24761	0.32624	0.23458	0.02017	0.01850	0.01418	0.00730	0.00577	0.00182	0.00516	0.00587	0.00614	0.00945
28	0.00689	0.00553	0.00616	0.00658	0.00795	0.00479	0.00471	0.00824	0.01248	0.01550	0.08011	0.29986	0.49015	0.01550	0.00694	0.00206	0.00303	0.01338	0.00535	0.00479
29	0.00832	0.00555	0.00624	0.00624	0.00624	0.00555	0.00347	0.00832	0.00832	0.01109	0.01802	0.03743	0.02080	0.79898	0.02911	0.00555	0.00555	0.00832	0.00347	0.00347
30	0.01529	0.80242	0.02997	0.00979	0.01468	0.02263	0.00979	0.01713	0.01162	0.01346	0.00795	0.00918	0.00734	0.00489	0.00367	0.00122	0.00612	0.00306	0.00245	0.00734
31	0.01235	0.01155	0.01924	0.49951	0.28796	0.01319	0.01628	0.04149	0.01253	0.01678	0.01050	0.01482	0.00819	0.00555	0.00570	0.00183	0.00729	0.00509	0.00275	0.00741
32	0.01953	0.02420	0.01648	0.01479	0.01713	0.61851	0.01136	0.02096	0.01466	0.01395	0.00856	0.01077	0.00740	0.00675	0.00798	0.00169	0.17191	0.00396	0.00285	0.00655
33	0.01377	0.01485	0.02314	0.01985	0.09275	0.08312	0.24582	0.01639	0.01134	0.01572	0.00924	0.01341	0.00802	0.00751	0.01246	0.00215	0.39528	0.00545	0.00270	0.00703
34	0.00780	0.00584	0.00724	0.00689	0.00837	0.00527	0.00517	0.01023	0.01550	0.02131	0.60730	0.04541	0.20797	0.01230	0.00675	0.00183	0.00274	0.01072	0.00608	0.00527
35	0.02018	0.01447	0.01719	0.01328	0.01757	0.04083	0.07840	0.47102	0.03673	0.13793	0.05987	0.03708	0.01372	0.00727	0.00591	0.00176	0.00621	0.00596	0.00558	0.00903
36	0.00716	0.00508	0.00667	0.00776	0.00813	0.00477	0.00515	0.00818	0.01105	0.01482	0.07671	0.68046	0.03735	0.08647	0.00919	0.00257	0.00348	0.01518	0.00521	0.00459
37	0.01529	0.80242	0.02997	0.00979	0.01468	0.02263	0.00979	0.01713	0.01162	0.01346	0.00795	0.00918	0.00734	0.00489	0.00367	0.00122	0.00612	0.00306	0.00245	0.00734
38	0.01380	0.01323	0.02258	0.11453	0.68666	0.01350	0.01738	0.01724	0.01286	0.01826	0.01070	0.01427	0.00891	0.00516	0.00567	0.00172	0.00688	0.00510	0.00280	0.00877
39	0.01080	0.01017	0.01716	0.78523	0.03940	0.01271	0.01589	0.01461	0.01144	0.01461	0.01017	0.01525	0.00762	0.00572	0.00572	0.00191	0.00762	0.00508	0.00254	0.00635
40	0.01416	0.01359	0.02322	0.03511	0.76330	0.01359	0.01755	0.01755	0.01302	0.01869	0.01076	0.01416	0.00906	0.00510	0.00566	0.00170	0.00680	0.00510	0.00283	0.00906
41	0.01186	0.01017	0.01186	0.00847	0.01356	0.00762	0.00678	0.01440	0.01186	0.01864	0.01017	0.01186	0.00847	0.00424	0.00424	0.00085	0.00424	0.00339	0.00339	0.83395
42	0.00829	0.00560	0.00649	0.00645	0.00662	0.00560	0.00380	0.00863	0.00909	0.01229	0.08729	0.03729	0.02362	0.69346	0.05858	0.00535	0.00569	0.00841	0.00371	0.00372
43	0.01428	0.01391	0.02281	0.05790	0.71759	0.03719	0.01730	0.01763	0.01307	0.01841	0.01068	0.01407	0.00896	0.00514	0.00565	0.00170	0.00693	0.00505	0.00283	0.00890
44	0.01277	0.01151	0.01831	0.76250	0.03997	0.01370	0.01645	0.01594	0.01266	0.01646	0.01211	0.01784	0.00950	0.00701	0.00654	0.00226	0.00820	0.00570	0.00323	0.00736
45	0.01227	0.01166	0.01980	0.45803	0.35517	0.01309	0.01661	0.01590	0.01213	0.01639	0.01042	0.01477	0.00825	0.00545	0.00569	0.00182	0.00726	0.00509	0.00267	0.00753
46	0.01100	0.01037	0.01752	0.74045	0.08262	0.01276	0.01598	0.01479	0.01153	0.01486	0.01020	0.01518	0.00771	0.00568	0.00572	0.00189	0.00758	0.00508	0.00256	0.00652
47	0.01416	0.01359	0.02322	0.03511	0.76330	0.01359	0.01755	0.01755	0.01302	0.01869	0.01076	0.01416	0.00906	0.00510	0.00566	0.00170	0.00680	0.00510	0.00283	0.00906
48	0.01147	0.02959	0.76934	0.01630	0.02476	0.01328	0.02113	0.01811	0.01208	0.01811	0.01026	0.01208	0.00725	0.00543	0.00543	0.00181	0.00845	0.00423	0.00242	0.00845

[dist]
# distance from previous block
# <min> <max>
2	2

[block]
# block no. 9 follows, 41 sequences, length 79
# corresponding to MSA columns:
# 660-738
name=unknown_J
#
# <colnr> <probs for GDERKNQSTAVLIFYWHMCP>
#	G	D	E	R	K	N	Q	S	T	A	V	L	I	F	Y	W	H	M	C	P
0	0.02111	0.02382	0.01663	0.01479	0.03381	0.55232	0.01118	0.20360	0.01866	0.01963	0.01008	0.01130	0.00800	0.00621	0.00561	0.00156	0.02649	0.00411	0.00363	0.00745
1	0.00743	0.00534	0.00705	0.00765	0.00840	0.00495	0.00535	0.00913	0.01311	0.01803	0.33119	0.48581	0.04447	0.01536	0.00707	0.00211	0.00306	0.01383	0.00572	0.00495
2	0.00832	0.00555	0.00624	0.00624	0.00624	0.00555	0.00347	0.00832	0.00832	0.01109	0.01802	0.03743	0.02080	0.79898	0.02911	0.00555	0.00555	0.00832	0.00347	0.00347
3	0.83938	0.01106	0.00841	0.00752	0.01106	0.01283	0.00619	0.01681	0.00973	0.02566	0.00796	0.00929	0.00619	0.00531	0.00354	0.00177	0.00442	0.00310	0.00354	0.00619
4	0.00802	0.00584	0.00754	0.00712	0.00850	0.00537	0.00534	0.01065	0.01602	0.02253	0.72204	0.04340	0.09247	0.01185	0.00675	0.00181	0.00271	0.01044	0.00624	0.00537
5	0.02174	0.01602	0.01717	0.01316	0.01774	0.01774	0.01087	0.74423	0.02689	0.03605	0.01373	0.01373	0.00973	0.00687	0.00572	0.00172	0.00629	0.00515	0.00572	0.00973
6	0.00694	0.00508	0.00653	0.00768	0.00822	0.00467	0.00518	0.00800	0.01122	0.01471	0.03495	0.69939	0.13148	0.01748	0.00723	0.00227	0.00326	0.01572	0.00531	0.00467
7	0.02139	0.02660	0.01627	0.01464	0.01769	0.73171	0.01104	0.06499	0.01683	0.01529	0.00913	0.01051	0.00751	0.00595	0.00519	0.00149	0.01008	0.00377	0.00311	0.00681
8	0.02566	0.00973	0.01327	0.01018	0.01460	0.00841	0.00841	0.02788	0.01637	0.76726	0.02257	0.01947	0.01416	0.00708	0.00575	0.00177	0.00487	0.00575	0.00708	0.00973
9	0.00697	0.00498	0.00664	0.00796	0.00830	0.00465	0.00531	0.00796	0.01095	0.01460	0.03153	0.79525	0.03783	0.01792	0.00730	0.00232	0.00332	0.01626	0.00531	0.00465
10	0.00728	0.00581	0.00651	0.00634	0.00804	0.00505	0.00475	0.00921	0.01426	0.01836	0.33095	0.05026	0.48616	0.01340	0.00675	0.00188	0.00282	0.01140	0.00569	0.00505
11	0.01080	0.01017	0.01716	0.78523	0.03940	0.01271	0.01589	0.01461	0.01144	0.01461	0.01017	0.01525	0.00762	0.00572	0.00572	0.00191	0.00762	0.00508	0.00254	0.00635
12	0.01080	0.01017	0.01716	0.78523	0.03940	0.01271	0.01589	0.01461	0.01144	0.01461	0.01017	0.01525	0.00762	0.00572	0.00572	0.00191	0.00762	0.00508	0.00254	0.00635
13	0.01529	0.80242	0.02997	0.00979	0.01468	0.02263	0.00979	0.01713	0.01162	0.01346	0.00795	0.00918	0.00734	0.00489	0.00367	0.00122	0.00612	0.00306	0.00245	0.00734
14	0.01350	0.01543	0.03375	0.02411	0.02989	0.01446	0.74253	0.01832	0.01350	0.01832	0.01157	0.01543	0.00868	0.00482	0.00675	0.00193	0.00964	0.00675	0.00289	0.00771
15	0.01350	0.01543	0.03375	0.02411	0.02989	0.01446	0.74253	0.01832	0.01350	0.01832	0.01157	0.01543	0.00868	0.00482	0.00675	0.00193	0.00964	0.00675	0.00289	0.00771
16	0.00803	0.00591	0.00707	0.00677	0.00839	0.00524	0.00508	0.01019	0.01486	0.03966	0.45563	0.06729	0.31941	0.01280	0.00674	0.00186	0.00285	0.01104	0.00592	0.00528
17	0.01479	0.01257	0.01325	0.01175	0.01509	0.01449	0.00919	0.08356	0.69889	0.02483	0.02257	0.02077	0.01688	0.00769	0.00581	0.00192	0.00466	0.00637	0.00581	0.00910
18	0.81955	0.01151	0.02663	0.00773	0.01139	0.01284	0.00655	0.01684	0.00979	0.02548	0.00802	0.00936	0.00622	0.00531	0.00359	0.00177	0.00452	0.00312	0.00351	0.00625
19	0.01238	0.01887	0.32516	0.06554	0.11363	0.01292	0.01553	0.02093	0.23671	0.01963	0.01621	0.02046	0.01309	0.00713	0.00584	0.00192	0.00669	0.07530	0.00378	0.00827
