[name]
unknown

[dist]
# distance from previous block
# <min> <max>
10	71

[block]
# block no. 0 follows, 48 sequences, length 13
# corresponding to MSA columns:
# 83-95
name=unknown_A
#
# <colnr> <probs for GDERKNQSTAVLIFYWHMCP>
#	G	D	E	R	K	N	Q	S	T	A	V	L	I	F	Y	W	H	M	C	P
0	0.09727	0.01061	0.03941	0.32732	0.07008	0.01132	0.01096	0.17327	0.01374	0.05316	0.07464	0.01597	0.03742	0.00597	0.00498	0.00160	0.00555	0.00494	0.00355	0.03823
1	0.04482	0.09955	0.05510	0.01499	0.04989	0.04992	0.26233	0.13140	0.05127	0.05566	0.01132	0.03706	0.00899	0.00544	0.00556	0.00155	0.03873	0.00500	0.00334	0.06808
2	0.01354	0.01322	0.04693	0.17131	0.18012	0.12359	0.01130	0.09416	0.09206	0.04551	0.01130	0.01371	0.00896	0.03841	0.00573	0.00161	0.00610	0.00443	0.00326	0.11475
3	0.02814	0.07376	0.12471	0.01100	0.05928	0.01020	0.00932	0.04000	0.14577	0.13724	0.08816	0.09913	0.05283	0.00783	0.00569	0.00165	0.03780	0.02541	0.00428	0.03780
4	0.01257	0.08986	0.01106	0.00844	0.01026	0.07200	0.00647	0.14391	0.01205	0.07308	0.01520	0.10421	0.05834	0.04746	0.02746	0.28807	0.00509	0.00591	0.00355	0.00501
5	0.04666	0.04196	0.01483	0.04267	0.06477	0.15202	0.11241	0.07685	0.04592	0.04322	0.01453	0.17698	0.01397	0.00872	0.03194	0.00185	0.02474	0.02353	0.00356	0.05886
6	0.01377	0.02988	0.03725	0.01321	0.11158	0.03823	0.04161	0.24167	0.05391	0.06215	0.05502	0.14175	0.02433	0.02070	0.00638	0.00172	0.05524	0.00658	0.03806	0.00695
7	0.03348	0.00886	0.01096	0.00918	0.01219	0.00887	0.00733	0.09562	0.15120	0.35247	0.04537	0.08289	0.01554	0.01135	0.10601	0.00247	0.00543	0.00607	0.00527	0.02944
8	0.01245	0.28722	0.11081	0.16011	0.05407	0.01441	0.14516	0.04633	0.01178	0.04550	0.05762	0.01312	0.00983	0.00511	0.00470	0.00147	0.00633	0.00444	0.00279	0.00673
9	0.01209	0.19455	0.31603	0.01432	0.04615	0.01406	0.14271	0.05252	0.10903	0.01673	0.01101	0.02925	0.00865	0.00523	0.00483	0.00154	0.00662	0.00450	0.00284	0.00732
10	0.01035	0.00750	0.01103	0.29644	0.04597	0.00812	0.00910	0.01341	0.06248	0.11315	0.07874	0.23896	0.06533	0.00927	0.00565	0.00179	0.00466	0.00821	0.00409	0.00576
11	0.00714	0.00527	0.00735	0.00750	0.00824	0.00577	0.00552	0.00852	0.00854	0.01187	0.01836	0.12513	0.06458	0.15782	0.52680	0.00654	0.01029	0.00729	0.00319	0.00428
12	0.03493	0.14400	0.16444	0.03945	0.15860	0.12376	0.03065	0.08519	0.01294	0.06200	0.04997	0.01321	0.00989	0.00555	0.00517	0.00151	0.03463	0.01393	0.00308	0.00710

[dist]
# distance from previous block
# <min> <max>
0	1

[block]
# block no. 1 follows, 48 sequences, length 20
# corresponding to MSA columns:
# 97-116
name=unknown_B
#
# <colnr> <probs for GDERKNQSTAVLIFYWHMCP>
#	G	D	E	R	K	N	Q	S	T	A	V	L	I	F	Y	W	H	M	C	P
0	0.02779	0.12367	0.04290	0.01153	0.07775	0.19160	0.02295	0.04559	0.01105	0.01344	0.04162	0.03085	0.01116	0.10395	0.04789	0.15340	0.03004	0.00474	0.00281	0.00527
1	0.01108	0.01076	0.01694	0.03585	0.17739	0.01301	0.09040	0.01381	0.05002	0.01414	0.00961	0.01365	0.00855	0.01189	0.13215	0.00292	0.37411	0.00490	0.00258	0.00625
2	0.05621	0.24832	0.36584	0.01198	0.01770	0.01373	0.05737	0.01541	0.01059	0.01541	0.00851	0.01012	0.00670	0.00464	0.00452	0.00137	0.02372	0.00349	0.00237	0.12199
3	0.01095	0.01137	0.05255	0.05998	0.24724	0.03081	0.01208	0.01300	0.00971	0.01400	0.01100	0.12162	0.01101	0.00890	0.03066	0.00208	0.33823	0.00586	0.00270	0.00625
4	0.00656	0.00518	0.00591	0.00581	0.00725	0.00453	0.00432	0.00829	0.01274	0.01653	0.34662	0.08505	0.44868	0.01214	0.00608	0.00170	0.00255	0.01040	0.00512	0.00453
5	0.00782	0.00656	0.00891	0.03754	0.01000	0.00758	0.00671	0.00911	0.00980	0.01355	0.10126	0.33742	0.09768	0.04325	0.07924	0.00267	0.20255	0.00978	0.00391	0.00466
6	0.00734	0.00545	0.00800	0.00800	0.00884	0.00628	0.00611	0.00901	0.00817	0.01173	0.01397	0.02139	0.01336	0.11011	0.72844	0.00795	0.01294	0.00568	0.00278	0.00445
7	0.01899	0.01509	0.01480	0.01164	0.01544	0.10628	0.00948	0.64753	0.02238	0.02942	0.01202	0.01229	0.00869	0.00605	0.00500	0.00150	0.00591	0.00447	0.04482	0.00822
8	0.01926	0.01533	0.01519	0.01191	0.01583	0.09807	0.00972	0.66861	0.04663	0.02992	0.01213	0.01221	0.00872	0.00609	0.00508	0.00152	0.00598	0.00452	0.00487	0.00842
9	0.00814	0.00636	0.00910	0.01044	0.11403	0.00663	0.00658	0.00981	0.01039	0.01466	0.23068	0.07715	0.02458	0.19687	0.21962	0.00415	0.03487	0.00741	0.00372	0.00482
10	0.00635	0.00463	0.00598	0.00686	0.00742	0.00426	0.00468	0.00747	0.01057	0.01406	0.11993	0.64607	0.11260	0.01510	0.00644	0.00199	0.00287	0.01358	0.00487	0.00426
11	0.01052	0.06316	0.72888	0.01461	0.02196	0.01235	0.04652	0.01622	0.01086	0.01606	0.00916	0.01082	0.00655	0.00483	0.00485	0.00160	0.00753	0.00383	0.00218	0.00751
12	0.01277	0.08146	0.12061	0.01226	0.05447	0.08101	0.05411	0.09997	0.14878	0.04609	0.07821	0.04596	0.04045	0.00887	0.05429	0.00202	0.02801	0.01997	0.00383	0.00686
13	0.06368	0.03327	0.02040	0.07161	0.12519	0.14128	0.28470	0.04551	0.03435	0.01615	0.01095	0.01396	0.02592	0.02822	0.02684	0.00188	0.04166	0.00503	0.00283	0.00658
14	0.01128	0.03831	0.05538	0.01167	0.09754	0.02217	0.03975	0.07382	0.13051	0.06253	0.11762	0.12586	0.09276	0.03108	0.00678	0.04421	0.00450	0.00728	0.00426	0.02271
15	0.08522	0.07483	0.17369	0.01294	0.14159	0.00946	0.02925	0.01310	0.01092	0.06028	0.02088	0.15740	0.15737	0.00854	0.00547	0.01739	0.00491	0.00708	0.00351	0.00617
16	0.01112	0.01026	0.01536	0.12666	0.19675	0.02558	0.07747	0.03796	0.03366	0.01541	0.01066	0.01522	0.00935	0.09428	0.05915	0.00226	0.06588	0.00475	0.00283	0.18540
17	0.00959	0.00709	0.00928	0.05172	0.03333	0.00724	0.00758	0.10300	0.01254	0.03384	0.02443	0.25779	0.07239	0.02614	0.00681	0.00205	0.01872	0.27642	0.00450	0.03552
18	0.23871	0.01229	0.05280	0.03791	0.06320	0.07972	0.00857	0.17726	0.03950	0.02035	0.01139	0.03396	0.00994	0.08869	0.03495	0.00215	0.02365	0.02488	0.00353	0.03654
19	0.01058	0.00892	0.03085	0.01317	0.14782	0.00879	0.03091	0.08975	0.02516	0.03184	0.01350	0.04283	0.01226	0.03979	0.32469	0.00429	0.00868	0.04069	0.00326	0.11223

[dist]
# distance from previous block
# <min> <max>
4	100

[block]
# block no. 2 follows, 48 sequences, length 19
# corresponding to MSA columns:
# 220-238
name=unknown_C
#
# <colnr> <probs for GDERKNQSTAVLIFYWHMCP>
#	G	D	E	R	K	N	Q	S	T	A	V	L	I	F	Y	W	H	M	C	P
0	0.01461	0.04379	0.06375	0.01563	0.17478	0.09731	0.05158	0.18082	0.10796	0.04570	0.04147	0.01370	0.01047	0.00547	0.00492	0.00144	0.00581	0.00457	0.00371	0.11250
1	0.01188	0.03475	0.10727	0.02371	0.04129	0.06682	0.03192	0.11652	0.03890	0.04363	0.05226	0.17421	0.05215	0.00803	0.00569	0.00156	0.03867	0.00670	0.00382	0.14022
2	0.00946	0.00713	0.00797	0.00736	0.00891	0.02656	0.00532	0.05884	0.08911	0.04152	0.12622	0.11120	0.11406	0.23002	0.07156	0.00303	0.00475	0.00787	0.00423	0.06488
3	0.04379	0.01012	0.01059	0.00827	0.01219	0.05144	0.00653	0.01581	0.15646	0.01746	0.01378	0.01441	0.05564	0.00507	0.00423	0.00107	0.00408	0.00404	0.00354	0.56151
4	0.25084	0.04498	0.21273	0.02979	0.11022	0.07230	0.03847	0.01525	0.01050	0.01744	0.01035	0.01207	0.04210	0.00534	0.00505	0.00155	0.05146	0.00393	0.00273	0.06290
5	0.04004	0.28671	0.14821	0.01145	0.01567	0.29254	0.01075	0.05747	0.01291	0.06775	0.00893	0.00988	0.00708	0.00503	0.00425	0.00134	0.00705	0.00338	0.00282	0.00676
6	0.00891	0.00446	0.00668	0.00668	0.00668	0.00446	0.00446	0.00668	0.00668	0.00891	0.00891	0.01560	0.00891	0.01783	0.02005	0.85071	0.00446	0.00446	0.00223	0.00223
7	0.00806	0.00575	0.00803	0.00921	0.01030	0.00572	0.00790	0.01027	0.01160	0.01512	0.02728	0.13744	0.02999	0.01437	0.00703	0.00233	0.00454	0.67566	0.00473	0.00467
8	0.01397	0.28251	0.24882	0.01312	0.06416	0.01573	0.03812	0.20096	0.04361	0.01906	0.00981	0.01088	0.00757	0.00507	0.00449	0.00143	0.00623	0.00385	0.00306	0.00757
9	0.01343	0.75679	0.09037	0.00926	0.01392	0.01961	0.00962	0.01544	0.01046	0.01242	0.00731	0.00845	0.00658	0.00443	0.00342	0.00114	0.00566	0.00283	0.00219	0.00667
10	0.00734	0.00547	0.00810	0.00810	0.00896	0.00633	0.00623	0.00907	0.00820	0.01180	0.01388	0.02091	0.01315	0.08205	0.75621	0.00806	0.01325	0.00561	0.00277	0.00450
11	0.01029	0.02654	0.79309	0.01462	0.02221	0.01192	0.01896	0.01625	0.01083	0.01625	0.00921	0.01083	0.00650	0.00487	0.00487	0.00162	0.00758	0.00379	0.00217	0.00758
12	0.00781	0.00577	0.00741	0.00728	0.00771	0.00643	0.00504	0.00911	0.03812	0.01140	0.01566	0.07479	0.01675	0.42776	0.27735	0.00556	0.06193	0.00699	0.00312	0.00402
13	0.00734	0.00546	0.00805	0.00805	0.00890	0.00631	0.00617	0.00904	0.00819	0.01177	0.01392	0.02113	0.01325	0.09517	0.74323	0.00801	0.01311	0.00564	0.00277	0.00447
14	0.01355	0.29607	0.21485	0.04059	0.08765	0.03676	0.11043	0.06242	0.01208	0.06635	0.00956	0.01107	0.00740	0.00480	0.00454	0.00143	0.00656	0.00394	0.00274	0.00724
15	0.47967	0.01732	0.35706	0.01025	0.01539	0.01169	0.01152	0.01560	0.00967	0.02001	0.00806	0.00945	0.00598	0.00481	0.00393	0.00160	0.00558	0.00323	0.00273	0.00646
16	0.04828	0.18195	0.01546	0.00986	0.01339	0.09752	0.00829	0.11569	0.08437	0.22995	0.03199	0.01361	0.01053	0.00587	0.00514	0.00144	0.04581	0.00429	0.01781	0.05875
17	0.01217	0.12563	0.26161	0.01543	0.11203	0.03421	0.12746	0.05915	0.01204	0.04382	0.03022	0.07489	0.01056	0.00590	0.00520	0.00156	0.01992	0.00516	0.01834	0.02471
18	0.05964	0.27565	0.22035	0.01418	0.09696	0.05746	0.07402	0.06543	0.01185	0.03817	0.00893	0.01052	0.00708	0.00493	0.00483	0.00145	0.03503	0.00376	0.00265	0.00710

[dist]
# distance from previous block
# <min> <max>
0	10

[block]
# block no. 3 follows, 48 sequences, length 32
# corresponding to MSA columns:
# 249-280
name=unknown_D
#
# <colnr> <probs for GDERKNQSTAVLIFYWHMCP>
#	G	D	E	R	K	N	Q	S	T	A	V	L	I	F	Y	W	H	M	C	P
0	0.01831	0.10314	0.01582	0.01147	0.01517	0.24637	0.00932	0.36609	0.03360	0.06567	0.01089	0.01130	0.00817	0.00560	0.00471	0.00139	0.00648	0.00399	0.00403	0.05850
1	0.01118	0.01122	0.03491	0.09442	0.19740	0.09255	0.07677	0.01362	0.02833	0.01427	0.01195	0.05092	0.01140	0.19494	0.00989	0.00226	0.00599	0.00544	0.00288	0.12963
2	0.00907	0.04422	0.01392	0.01194	0.04140	0.00927	0.13478	0.01118	0.00936	0.01314	0.01374	0.07969	0.01340	0.04038	0.38525	0.00499	0.10980	0.04631	0.00289	0.00526
3	0.85592	0.00992	0.00754	0.00675	0.00992	0.01151	0.00556	0.01508	0.00873	0.02302	0.00714	0.00834	0.00556	0.00476	0.00318	0.00159	0.00397	0.00278	0.00318	0.00556
4	0.01284	0.01101	0.01206	0.01150	0.05392	0.01258	0.00848	0.05912	0.67848	0.02142	0.02016	0.04549	0.01558	0.00711	0.00525	0.00173	0.00420	0.00598	0.00506	0.00801
5	0.01443	0.00978	0.04591	0.00838	0.01290	0.00728	0.00710	0.01678	0.01189	0.25460	0.01254	0.01274	0.00912	0.00463	0.00427	0.00105	0.00414	0.00372	0.00402	0.55470
6	0.01372	0.82276	0.02689	0.00878	0.01317	0.02030	0.00878	0.01536	0.01043	0.01207	0.00713	0.00823	0.00658	0.00439	0.00329	0.00110	0.00549	0.00274	0.00219	0.00658
7	0.01331	0.00969	0.01154	0.00952	0.04703	0.04062	0.02046	0.04566	0.01224	0.15912	0.01464	0.03634	0.05084	0.00562	0.00454	0.00116	0.00434	0.02973	0.00388	0.47973
8	0.03544	0.01512	0.03513	0.04334	0.06919	0.14498	0.01018	0.35696	0.16646	0.03755	0.01279	0.01316	0.00951	0.00601	0.00523	0.00156	0.02069	0.00457	0.00430	0.00783
9	0.00737	0.00918	0.14580	0.00781	0.01032	0.00623	0.00738	0.00975	0.01175	0.01538	0.15729	0.07763	0.39106	0.01178	0.02117	0.00190	0.02512	0.07369	0.00434	0.00505
10	0.01288	0.00985	0.01330	0.04935	0.01514	0.00830	0.08413	0.05814	0.01207	0.11982	0.01090	0.01211	0.00832	0.00439	0.00435	0.00106	0.00462	0.00379	0.00351	0.56395
11	0.01572	0.00939	0.01132	0.00880	0.01234	0.00875	0.00711	0.19407	0.01588	0.25489	0.18285	0.01915	0.01833	0.00659	0.00502	0.00138	0.00410	0.00542	0.00510	0.21379
12	0.01932	0.01397	0.01506	0.01163	0.01567	0.01540	0.00958	0.70219	0.06135	0.06365	0.01308	0.01288	0.00924	0.00621	0.00514	0.00155	0.00551	0.00470	0.00519	0.00870
13	0.01428	0.07140	0.05099	0.03135	0.21965	0.17689	0.04997	0.10267	0.12430	0.01755	0.01245	0.04543	0.02330	0.00599	0.00537	0.00155	0.03141	0.00491	0.00332	0.00720
14	0.00704	0.00524	0.00655	0.00622	0.00753	0.00475	0.00467	0.00925	0.01400	0.01932	0.64811	0.04039	0.18605	0.01096	0.00605	0.00164	0.00245	0.00957	0.00548	0.00475
15	0.01122	0.00910	0.01070	0.00767	0.01220	0.00687	0.00615	0.01349	0.01083	0.05302	0.00964	0.01096	0.00784	0.00392	0.00386	0.00080	0.00383	0.00314	0.00320	0.81156
16	0.00956	0.00478	0.00478	0.00478	0.00598	0.00478	0.00359	0.01196	0.01076	0.01913	0.01674	0.01913	0.01315	0.00598	0.00359	0.00120	0.00239	0.00478	0.84816	0.00478
17	0.26499	0.01681	0.01290	0.01146	0.03379	0.32250	0.00881	0.19604	0.01469	0.02042	0.00872	0.00990	0.00685	0.00551	0.00494	0.00150	0.04672	0.00355	0.00337	0.00653
18	0.85592	0.00992	0.00754	0.00675	0.00992	0.01151	0.00556	0.01508	0.00873	0.02302	0.00714	0.00834	0.00556	0.00476	0.00318	0.00159	0.00397	0.00278	0.00318	0.00556
19	0.00956	0.00478	0.00478	0.00478	0.00598	0.00478	0.00359	0.01196	0.01076	0.01913	0.01674	0.01913	0.01315	0.00598	0.00359	0.00120	0.00239	0.00478	0.84816	0.00478
20	0.85592	0.00992	0.00754	0.00675	0.00992	0.01151	0.00556	0.01508	0.00873	0.02302	0.00714	0.00834	0.00556	0.00476	0.00318	0.00159	0.00397	0.00278	0.00318	0.00556
21	0.02302	0.00873	0.01191	0.00913	0.01310	0.00754	0.00754	0.02501	0.01469	0.79122	0.02024	0.01746	0.01270	0.00635	0.00516	0.00159	0.00437	0.00516	0.00635	0.00873
22	0.01016	0.02560	0.01100	0.01012	0.01083	0.13123	0.00775	0.01119	0.00988	0.01263	0.01806	0.31643	0.06217	0.04921	0.01065	0.00212	0.28401	0.00857	0.00344	0.00495
23	0.00641	0.00456	0.00604	0.00718	0.00750	0.00429	0.00484	0.00732	0.00980	0.01305	0.02762	0.74174	0.03297	0.05607	0.00755	0.00224	0.00316	0.04884	0.00468	0.00414
24	0.01136	0.01162	0.01790	0.01469	0.01547	0.01530	0.12495	0.01296	0.00850	0.01296	0.00728	0.01162	0.00689	0.00828	0.01522	0.00217	0.68998	0.00473	0.00230	0.00581
25	0.00956	0.00478	0.00478	0.00478	0.00598	0.00478	0.00359	0.01196	0.01076	0.01913	0.01674	0.01913	0.01315	0.00598	0.00359	0.00120	0.00239	0.00478	0.84816	0.00478
26	0.01462	0.01073	0.01332	0.01231	0.08621	0.04452	0.04847	0.17071	0.09327	0.16204	0.04920	0.03681	0.14149	0.00785	0.00634	0.00168	0.06803	0.02069	0.00460	0.00711
27	0.03060	0.14282	0.18575	0.08912	0.03390	0.12974	0.09269	0.15012	0.01353	0.01752	0.00917	0.01106	0.00712	0.00532	0.00556	0.00154	0.06055	0.00406	0.00286	0.00698
28	0.03492	0.01116	0.05495	0.03206	0.01431	0.01064	0.02640	0.09158	0.16950	0.10723	0.01444	0.01497	0.03908	0.00606	0.00613	0.00146	0.09962	0.00462	0.00397	0.25691
29	0.01819	0.01492	0.01458	0.01171	0.01542	0.10726	0.00946	0.54199	0.16559	0.02796	0.01342	0.01325	0.00979	0.00621	0.00509	0.00155	0.00577	0.00469	0.00486	0.00829
30	0.00753	0.00608	0.00801	0.04346	0.07649	0.00589	0.00635	0.02690	0.02476	0.01450	0.04549	0.33031	0.26914	0.01399	0.04153	0.00217	0.00397	0.06414	0.00440	0.00488
31	0.01064	0.00912	0.01064	0.00760	0.01216	0.00684	0.00608	0.01292	0.01064	0.01672	0.00912	0.01064	0.00760	0.00380	0.00380	0.00076	0.00380	0.00304	0.00304	0.85104

[dist]
# distance from previous block
# <min> <max>
0	5

[block]
# block no. 4 follows, 48 sequences, length 46
# corresponding to MSA columns:
# 286-331
name=unknown_E
#
# <colnr> <probs for GDERKNQSTAVLIFYWHMCP>
#	G	D	E	R	K	N	Q	S	T	A	V	L	I	F	Y	W	H	M	C	P
0	0.01083	0.02275	0.56552	0.01671	0.02358	0.01223	0.24273	0.01631	0.01121	0.01631	0.00956	0.01173	0.00688	0.00471	0.00523	0.00166	0.00790	0.00447	0.00229	0.00739
1	0.00614	0.00491	0.00550	0.00596	0.00713	0.00427	0.00424	0.00728	0.01096	0.01356	0.04265	0.35142	0.48957	0.01421	0.00626	0.00187	0.00275	0.01231	0.00476	0.00427
2	0.00749	0.00507	0.00596	0.00600	0.00618	0.00510	0.00367	0.00786	0.00815	0.01097	0.06116	0.03448	0.02067	0.68662	0.06509	0.00481	0.00528	0.04874	0.00333	0.00338
3	0.05307	0.01149	0.01768	0.20245	0.49075	0.04584	0.01387	0.01504	0.01140	0.02978	0.01181	0.01462	0.04964	0.00522	0.00503	0.00157	0.00608	0.00477	0.00270	0.00717
4	0.69694	0.05127	0.05473	0.02374	0.01174	0.01181	0.02232	0.01507	0.00911	0.02150	0.00745	0.00879	0.00582	0.00471	0.00340	0.00154	0.00440	0.00295	0.00303	0.03969
5	0.01014	0.00962	0.01669	0.45789	0.20311	0.01078	0.07849	0.01322	0.01069	0.01423	0.01184	0.11793	0.01074	0.00636	0.00538	0.00172	0.00632	0.00600	0.00269	0.00616
6	0.01599	0.01370	0.01373	0.01149	0.01463	0.09134	0.00919	0.32466	0.34176	0.02428	0.01510	0.01483	0.01131	0.00663	0.00600	0.00166	0.06605	0.00498	0.00471	0.00796
7	0.01256	0.04082	0.14309	0.08141	0.28411	0.06842	0.10290	0.01613	0.03248	0.04673	0.02603	0.01362	0.02264	0.00549	0.00621	0.00163	0.08105	0.00473	0.00276	0.00716
8	0.01239	0.05274	0.23250	0.01608	0.12960	0.02698	0.13701	0.03190	0.16201	0.06344	0.01516	0.01661	0.05470	0.00589	0.00522	0.00164	0.00622	0.01910	0.00340	0.00743
9	0.01084	0.02033	0.44722	0.01695	0.02323	0.01194	0.31548	0.01596	0.01154	0.01656	0.05261	0.01355	0.00933	0.00497	0.00541	0.00167	0.00772	0.00499	0.00253	0.00717
10	0.00637	0.00455	0.00609	0.00728	0.00763	0.00427	0.00497	0.00735	0.00994	0.01323	0.02822	0.77241	0.03368	0.01597	0.00658	0.00210	0.00308	0.05735	0.00476	0.00420
11	0.01104	0.01092	0.01993	0.11445	0.19627	0.01110	0.27880	0.01528	0.08123	0.01602	0.01425	0.11115	0.01307	0.00689	0.00599	0.00178	0.02209	0.05991	0.00318	0.00665
12	0.01364	0.01189	0.01303	0.01120	0.01418	0.03749	0.03900	0.12788	0.56364	0.02185	0.01885	0.01796	0.03085	0.00693	0.00583	0.00172	0.04568	0.00562	0.00486	0.00788
13	0.00856	0.00700	0.00754	0.00711	0.00911	0.00693	0.00550	0.06047	0.16900	0.01747	0.12995	0.05465	0.43390	0.01115	0.00590	0.00175	0.00319	0.05038	0.00499	0.00546
14	0.00977	0.00873	0.00937	0.00855	0.01052	0.02888	0.00668	0.02772	0.29074	0.01701	0.06831	0.03129	0.33681	0.00986	0.00711	0.00178	0.10845	0.00781	0.00460	0.00601
15	0.00956	0.00478	0.00478	0.00478	0.00598	0.00478	0.00359	0.01196	0.01076	0.01913	0.01674	0.01913	0.01315	0.00598	0.00359	0.00120	0.00239	0.00478	0.84816	0.00478
16	0.01221	0.01357	0.02870	0.02327	0.15352	0.01285	0.64359	0.01632	0.01204	0.01649	0.01026	0.01365	0.00784	0.00437	0.00589	0.00170	0.00823	0.00581	0.00259	0.00712
17	0.00969	0.00912	0.01539	0.80734	0.03534	0.01140	0.01425	0.01311	0.01026	0.01311	0.00912	0.01368	0.00684	0.00513	0.00513	0.00171	0.00684	0.00456	0.00228	0.00570
18	0.00956	0.00478	0.00478	0.00478	0.00598	0.00478	0.00359	0.01196	0.01076	0.01913	0.01674	0.01913	0.01315	0.00598	0.00359	0.00120	0.00239	0.00478	0.84816	0.00478
19	0.01114	0.01109	0.01554	0.01335	0.01337	0.01550	0.01112	0.01228	0.00787	0.01234	0.00690	0.01143	0.00688	0.00966	0.03478	0.00238	0.79202	0.00451	0.00226	0.00559
20	0.00746	0.00497	0.00560	0.00560	0.00560	0.00497	0.00311	0.00746	0.00746	0.00995	0.01617	0.03358	0.01865	0.81967	0.02612	0.00497	0.00497	0.00746	0.00311	0.00311
21	0.00625	0.00447	0.00595	0.00714	0.00744	0.00417	0.00476	0.00714	0.00982	0.01310	0.02828	0.81633	0.03394	0.01608	0.00655	0.00208	0.00298	0.01459	0.00476	0.00417
22	0.01401	0.01402	0.03249	0.02444	0.50392	0.13086	0.02767	0.05998	0.01273	0.04155	0.01145	0.01370	0.03918	0.00539	0.00565	0.00155	0.04632	0.00466	0.00290	0.00754
23	0.01368	0.01520	0.01522	0.08472	0.01633	0.27100	0.02585	0.02992	0.01068	0.01294	0.00786	0.01131	0.00706	0.00871	0.04934	0.00216	0.40560	0.00419	0.00247	0.00577
24	0.00733	0.00550	0.00825	0.00825	0.00916	0.00641	0.00641	0.00916	0.00825	0.01191	0.01374	0.02016	0.01283	0.03848	0.79934	0.00825	0.01374	0.00550	0.00275	0.00458
25	0.01903	0.04442	0.01485	0.01311	0.01580	0.77960	0.00989	0.02036	0.01444	0.01255	0.00791	0.00923	0.00661	0.00527	0.00459	0.00132	0.00916	0.00329	0.00263	0.00596
26	0.00788	0.00661	0.00702	0.00670	0.00861	0.00646	0.00508	0.01256	0.19931	0.01668	0.15035	0.05569	0.47553	0.01122	0.00587	0.00172	0.00294	0.00945	0.00500	0.00533
27	0.02292	0.00890	0.01201	0.00921	0.01318	0.00779	0.00761	0.04707	0.01497	0.76876	0.02001	0.01731	0.01258	0.00635	0.00516	0.00159	0.00440	0.00514	0.00631	0.00873
28	0.00629	0.00478	0.00579	0.00643	0.00729	0.00429	0.00448	0.00746	0.01090	0.01407	0.10911	0.48664	0.28493	0.01451	0.00634	0.00192	0.00280	0.01283	0.00485	0.00429
29	0.01603	0.43493	0.02134	0.01181	0.05720	0.28304	0.00964	0.08510	0.01312	0.01432	0.00801	0.00919	0.00687	0.00486	0.00401	0.00124	0.00681	0.00320	0.00263	0.00665
30	0.00709	0.00524	0.00662	0.00627	0.00756	0.00477	0.00471	0.00935	0.01412	0.01961	0.67961	0.03992	0.15437	0.01085	0.00605	0.00163	0.00245	0.00950	0.00552	0.00477
31	0.01254	0.04280	0.38023	0.01311	0.01854	0.01295	0.05554	0.13541	0.22357	0.02012	0.02649	0.01391	0.01017	0.00570	0.00505	0.00163	0.00623	0.00466	0.00355	0.00779
32	0.00715	0.00524	0.00670	0.00633	0.00759	0.00479	0.00475	0.00946	0.01425	0.01992	0.71382	0.03940	0.11996	0.01073	0.00605	0.00163	0.00244	0.00943	0.00556	0.00479
33	0.01674	0.01282	0.01429	0.01334	0.11504	0.07134	0.00949	0.28764	0.15247	0.12681	0.01382	0.01382	0.01011	0.00575	0.00494	0.00146	0.00529	0.00460	0.00452	0.11569
34	0.06057	0.01019	0.04255	0.00854	0.01292	0.00823	0.00721	0.06935	0.01228	0.17551	0.01146	0.01204	0.00855	0.00466	0.00439	0.00109	0.01700	0.00362	0.00382	0.52605
35	0.01448	0.16751	0.33144	0.01285	0.01837	0.05840	0.05008	0.22335	0.01481	0.04732	0.01006	0.01106	0.00742	0.00519	0.00471	0.00149	0.00670	0.00396	0.00318	0.00763
36	0.01465	0.35979	0.06178	0.00980	0.01370	0.01567	0.00894	0.17922	0.13701	0.06445	0.02643	0.01371	0.01040	0.05674	0.00568	0.00161	0.00525	0.00426	0.00368	0.00722
37	0.00733	0.00550	0.00825	0.00825	0.00916	0.00641	0.00641	0.00916	0.00825	0.01191	0.01374	0.02016	0.01283	0.03848	0.79934	0.00825	0.01374	0.00550	0.00275	0.00458
38	0.00683	0.00523	0.00626	0.00601	0.00740	0.00466	0.00450	0.00885	0.01351	0.01817	0.52260	0.04228	0.31228	0.01139	0.00606	0.00166	0.00248	0.00983	0.00533	0.00466
39	0.07451	0.22520	0.33715	0.03074	0.01825	0.17138	0.04470	0.01672	0.01136	0.01488	0.00833	0.00987	0.00654	0.00481	0.00436	0.00143	0.00715	0.00347	0.00236	0.00679
40	0.01009	0.00835	0.00932	0.00909	0.01121	0.00908	0.00724	0.01846	0.40738	0.01813	0.02840	0.07503	0.15714	0.01034	0.00591	0.00192	0.00391	0.19765	0.00499	0.00638
41	0.00610	0.00505	0.00535	0.00559	0.00703	0.00430	0.00407	0.00732	0.01132	0.01371	0.04726	0.20204	0.63597	0.01361	0.00616	0.00180	0.00267	0.01158	0.00476	0.00430
42	0.01843	0.01404	0.05958	0.01148	0.01556	0.01434	0.00982	0.61091	0.03904	0.09139	0.01379	0.05378	0.01036	0.00662	0.00519	0.00158	0.00548	0.00515	0.00504	0.00841
43	0.01440	0.01225	0.01609	0.38033	0.06791	0.05866	0.03918	0.29027	0.01582	0.03992	0.01057	0.01297	0.00777	0.00549	0.00513	0.00161	0.00651	0.00458	0.00347	0.00707
44	0.00629	0.00527	0.00551	0.00562	0.00730	0.00449	0.00434	0.00769	0.01171	0.01401	0.04949	0.05023	0.70967	0.01311	0.00617	0.00180	0.00281	0.08536	0.00476	0.00437
45	0.01212	0.01241	0.02356	0.12335	0.42125	0.01238	0.28674	0.01567	0.01166	0.01620	0.00985	0.01323	0.00785	0.00455	0.00544	0.00162	0.00711	0.00510	0.00253	0.00739

[dist]
# distance from previous block
# <min> <max>
0	1

[block]
# block no. 5 follows, 48 sequences, length 63
# corresponding to MSA columns:
# 333-395
name=unknown_F
#
# <colnr> <probs for GDERKNQSTAVLIFYWHMCP>
#	G	D	E	R	K	N	Q	S	T	A	V	L	I	F	Y	W	H	M	C	P
0	0.01190	0.01670	0.26150	0.02556	0.50753	0.01220	0.04430	0.01587	0.01137	0.01651	0.00949	0.01213	0.00758	0.00474	0.00526	0.00158	0.02113	0.00438	0.00242	0.00787
1	0.00991	0.00833	0.01242	0.07609	0.20805	0.00903	0.02385	0.04418	0.04439	0.01409	0.01295	0.02064	0.01241	0.23889	0.20819	0.00420	0.03815	0.00568	0.00295	0.00558
2	0.02287	0.00897	0.01206	0.00924	0.01322	0.00790	0.00764	0.05677	0.01509	0.75889	0.01991	0.01725	0.01253	0.00634	0.00516	0.00159	0.00442	0.00514	0.00630	0.00873
3	0.00625	0.00447	0.00595	0.00714	0.00744	0.00417	0.00476	0.00714	0.00982	0.01310	0.02828	0.81633	0.03394	0.01608	0.00655	0.00208	0.00298	0.01459	0.00476	0.00417
4	0.02173	0.00845	0.01149	0.00891	0.01265	0.00732	0.00732	0.02375	0.01467	0.72803	0.08295	0.01918	0.01563	0.00669	0.00523	0.00159	0.00421	0.00550	0.00629	0.00841
5	0.00636	0.00511	0.00568	0.00574	0.00716	0.00443	0.00423	0.00786	0.01210	0.01530	0.21626	0.14621	0.51991	0.01282	0.00612	0.00175	0.00261	0.01096	0.00497	0.00443
6	0.00674	0.00500	0.00628	0.00644	0.00746	0.00454	0.00465	0.00849	0.01258	0.01708	0.42142	0.27722	0.17791	0.01265	0.00621	0.00178	0.00262	0.01118	0.00522	0.00454
7	0.00677	0.00506	0.00639	0.00721	0.00814	0.00469	0.00545	0.00821	0.01101	0.01418	0.06469	0.38924	0.22873	0.01456	0.00654	0.00205	0.00331	0.20460	0.00479	0.00438
8	0.00721	0.00524	0.00678	0.00640	0.00763	0.00482	0.00480	0.00958	0.01440	0.02027	0.75203	0.03882	0.08153	0.01060	0.00605	0.00162	0.00243	0.00935	0.00561	0.00482
9	0.01372	0.82276	0.02689	0.00878	0.01317	0.02030	0.00878	0.01536	0.01043	0.01207	0.00713	0.00823	0.00658	0.00439	0.00329	0.00110	0.00549	0.00274	0.00219	0.00658
10	0.00633	0.00454	0.00601	0.00705	0.00745	0.00422	0.00475	0.00735	0.01024	0.01370	0.08832	0.73803	0.05184	0.01557	0.00650	0.00204	0.00292	0.01409	0.00483	0.00422
11	0.00686	0.00508	0.00648	0.00745	0.00799	0.00497	0.00508	0.00902	0.08140	0.01388	0.02759	0.74208	0.03223	0.01523	0.00643	0.00205	0.00308	0.01377	0.00481	0.00454
12	0.01372	0.82276	0.02689	0.00878	0.01317	0.02030	0.00878	0.01536	0.01043	0.01207	0.00713	0.00823	0.00658	0.00439	0.00329	0.00110	0.00549	0.00274	0.00219	0.00658
13	0.00743	0.00496	0.00560	0.00563	0.00564	0.00496	0.00315	0.00745	0.00751	0.01002	0.01644	0.05094	0.01899	0.80185	0.02568	0.00491	0.00493	0.00762	0.00315	0.00313
14	0.01064	0.00912	0.01064	0.00760	0.01216	0.00684	0.00608	0.01292	0.01064	0.01672	0.00912	0.01064	0.00760	0.00380	0.00380	0.00076	0.00380	0.00304	0.00304	0.85104
15	0.01260	0.00771	0.00803	0.00693	0.00901	0.00818	0.00547	0.24380	0.01484	0.02317	0.01539	0.01705	0.01180	0.00603	0.00406	0.00130	0.00339	0.00473	0.59051	0.00599
16	0.01951	0.01437	0.01540	0.01181	0.01591	0.01591	0.00975	0.77056	0.02412	0.03234	0.01232	0.01232	0.00873	0.00616	0.00513	0.00154	0.00565	0.00462	0.00513	0.00873
17	0.00607	0.00516	0.00523	0.00529	0.00695	0.00432	0.00394	0.00735	0.01161	0.01383	0.05090	0.08435	0.75131	0.01314	0.00609	0.00175	0.00262	0.01100	0.00476	0.00432
18	0.00873	0.00452	0.00655	0.00655	0.00655	0.00452	0.00429	0.00678	0.00678	0.00904	0.00982	0.01785	0.01013	0.11827	0.02081	0.74477	0.00452	0.00483	0.00234	0.00234
19	0.01063	0.00978	0.04017	0.00787	0.01254	0.00703	0.00657	0.01305	0.01065	0.01670	0.00912	0.01065	0.00756	0.00384	0.00384	0.00079	0.00394	0.00307	0.00301	0.81921
20	0.71181	0.07879	0.04294	0.00755	0.01099	0.04817	0.00659	0.01540	0.00923	0.02135	0.00727	0.00847	0.00573	0.00476	0.00332	0.00154	0.00449	0.00284	0.00303	0.00575
21	0.00728	0.00526	0.00709	0.00816	0.00902	0.00507	0.00648	0.00898	0.01106	0.01445	0.04457	0.36118	0.08675	0.01478	0.00678	0.00219	0.00382	0.38787	0.00476	0.00447
22	0.06168	0.01203	0.01896	0.04704	0.01907	0.01225	0.27677	0.22994	0.01545	0.14887	0.01452	0.03422	0.04475	0.00607	0.00583	0.00167	0.03378	0.00563	0.00409	0.00738
23	0.02731	0.20692	0.23786	0.04581	0.05340	0.09650	0.10862	0.02711	0.01105	0.01463	0.00842	0.01067	0.00683	0.00532	0.00628	0.00157	0.11864	0.00394	0.00237	0.00675
24	0.00663	0.00516	0.00602	0.00594	0.00731	0.00455	0.00440	0.00841	0.01283	0.01687	0.38581	0.10857	0.38488	0.01211	0.00610	0.00171	0.00255	0.01043	0.00517	0.00455
25	0.00624	0.00451	0.00591	0.00702	0.00741	0.00418	0.00471	0.00716	0.00994	0.01315	0.02978	0.76786	0.08143	0.01588	0.00652	0.00206	0.00295	0.01435	0.00476	0.00418
26	0.85592	0.00992	0.00754	0.00675	0.00992	0.01151	0.00556	0.01508	0.00873	0.02302	0.00714	0.00834	0.00556	0.00476	0.00318	0.00159	0.00397	0.00278	0.00318	0.00556
27	0.01425	0.01059	0.01347	0.01128	0.04673	0.01083	0.04247	0.11968	0.15765	0.13882	0.04153	0.01484	0.01147	0.00606	0.00633	0.00147	0.10541	0.00471	0.00420	0.23821
28	0.01293	0.06259	0.01951	0.05940	0.44634	0.05042	0.05907	0.03642	0.09389	0.01667	0.01048	0.01290	0.00859	0.00521	0.00587	0.00157	0.06562	0.00458	0.00286	0.02508
29	0.00969	0.00912	0.01539	0.80734	0.03534	0.01140	0.01425	0.01311	0.01026	0.01311	0.00912	0.01368	0.00684	0.00513	0.00513	0.00171	0.00684	0.00456	0.00228	0.00570
30	0.01137	0.00955	0.01103	0.00794	0.01247	0.00758	0.00638	0.07504	0.01175	0.01800	0.00938	0.01078	0.00769	0.00399	0.00391	0.00082	0.00395	0.00317	0.00321	0.78197
31	0.00674	0.00520	0.00615	0.00597	0.00736	0.00461	0.00445	0.00864	0.01320	0.01757	0.45861	0.07167	0.34789	0.01172	0.00608	0.00168	0.00251	0.01011	0.00526	0.00461
32	0.00689	0.00505	0.00549	0.00552	0.00621	0.00470	0.00350	0.00748	0.00933	0.01182	0.05154	0.06255	0.30966	0.46883	0.01741	0.00357	0.00395	0.00899	0.00385	0.00365
33	0.00668	0.00493	0.00625	0.00654	0.00747	0.00450	0.00467	0.00833	0.01225	0.01662	0.37696	0.34752	0.15219	0.01307	0.00625	0.00182	0.00267	0.01161	0.00517	0.00450
34	0.00852	0.00552	0.00726	0.00667	0.00810	0.00506	0.00506	0.01090	0.01454	0.08185	0.72415	0.03667	0.04557	0.01016	0.00598	0.00161	0.00258	0.00895	0.00570	0.00515
35	0.85592	0.00992	0.00754	0.00675	0.00992	0.01151	0.00556	0.01508	0.00873	0.02302	0.00714	0.00834	0.00556	0.00476	0.00318	0.00159	0.00397	0.00278	0.00318	0.00556
36	0.01917	0.02445	0.01454	0.01322	0.01586	0.79907	0.00991	0.02049	0.01454	0.01256	0.00793	0.00925	0.00661	0.00529	0.00463	0.00132	0.00925	0.00330	0.00264	0.00595
37	0.01270	0.01219	0.02083	0.03149	0.78767	0.01219	0.01575	0.01575	0.01168	0.01676	0.00965	0.01270	0.00813	0.00457	0.00508	0.00152	0.00610	0.00457	0.00254	0.00813
38	0.00712	0.00524	0.00666	0.00631	0.00758	0.00478	0.00473	0.00941	0.01419	0.01978	0.69768	0.03964	0.13619	0.01079	0.00605	0.00163	0.00244	0.00946	0.00554	0.00478
39	0.01372	0.82276	0.02689	0.00878	0.01317	0.02030	0.00878	0.01536	0.01043	0.01207	0.00713	0.00823	0.00658	0.00439	0.00329	0.00110	0.00549	0.00274	0.00219	0.00658
40	0.00625	0.00447	0.00595	0.00714	0.00744	0.00417	0.00476	0.00714	0.00982	0.01310	0.02828	0.81633	0.03394	0.01608	0.00655	0.00208	0.00298	0.01459	0.00476	0.00417
41	0.00629	0.00466	0.00590	0.00686	0.00747	0.00426	0.00473	0.00732	0.01025	0.01333	0.03272	0.64273	0.17585	0.01542	0.00648	0.00203	0.00297	0.04175	0.00476	0.00422
42	0.01064	0.00912	0.01064	0.00760	0.01216	0.00684	0.00608	0.01292	0.01064	0.01672	0.00912	0.01064	0.00760	0.00380	0.00380	0.00076	0.00380	0.00304	0.00304	0.85104
43	0.01022	0.01005	0.01841	0.61383	0.03272	0.01158	0.18044	0.01381	0.01068	0.01400	0.00959	0.01385	0.00721	0.00497	0.00530	0.00170	0.00713	0.00490	0.02367	0.00595
44	0.01389	0.77623	0.02599	0.00875	0.01314	0.01955	0.00867	0.01556	0.01055	0.03399	0.00756	0.00856	0.00679	0.00443	0.00336	0.00110	0.00541	0.00282	0.00234	0.03132
45	0.01562	0.01125	0.01244	0.01004	0.01279	0.01274	0.00820	0.45795	0.01824	0.02602	0.01284	0.01410	0.00972	0.00647	0.00621	0.00153	0.10899	0.00465	0.24298	0.00721
46	0.05454	0.01793	0.01472	0.03540	0.01621	0.42394	0.07535	0.06429	0.01363	0.03085	0.00893	0.01041	0.00715	0.00490	0.00455	0.00127	0.00731	0.00361	0.00297	0.20203
47	0.32547	0.01372	0.01135	0.00973	0.01274	0.21016	0.04195	0.13157	0.02728	0.02040	0.05963	0.01558	0.08822	0.00631	0.00448	0.00154	0.00555	0.00460	0.00366	0.00608
48	0.00733	0.00550	0.00825	0.00825	0.00916	0.00641	0.00641	0.00916	0.00825	0.01191	0.01374	0.02016	0.01283	0.03848	0.79934	0.00825	0.01374	0.00550	0.00275	0.00458
49	0.00630	0.00450	0.00601	0.00720	0.00752	0.00421	0.00485	0.00723	0.00987	0.01315	0.02825	0.79838	0.03383	0.01603	0.00656	0.00209	0.00302	0.03206	0.00476	0.00418
50	0.01311	0.22778	0.24671	0.01353	0.01858	0.10592	0.14806	0.01821	0.11589	0.02964	0.01052	0.01177	0.00813	0.00501	0.00470	0.00149	0.00689	0.00417	0.00280	0.00711
51	0.01344	0.01482	0.01526	0.01331	0.01412	0.22909	0.01077	0.01504	0.03432	0.01270	0.00751	0.01094	0.00699	0.00791	0.01314	0.00198	0.56621	0.00421	0.00245	0.00578
52	0.00729	0.00529	0.00633	0.00613	0.00756	0.00469	0.00457	0.00914	0.01304	0.04550	0.41186	0.10987	0.32638	0.01178	0.00607	0.00170	0.00261	0.01018	0.00526	0.00473
53	0.01153	0.01098	0.01878	0.28503	0.49452	0.01171	0.03176	0.01470	0.01123	0.01550	0.01015	0.01475	0.00851	0.00511	0.00519	0.00162	0.00635	0.03285	0.00254	0.00718
54	0.01379	0.19090	0.15486	0.02687	0.05555	0.08985	0.18389	0.12968	0.02716	0.01731	0.00986	0.02639	0.00793	0.00528	0.00535	0.00153	0.03934	0.00447	0.00289	0.00710
55	0.01191	0.00779	0.00762	0.02225	0.00910	0.04693	0.00538	0.14380	0.04895	0.02107	0.01558	0.01736	0.01206	0.00600	0.00401	0.00130	0.00346	0.00472	0.60502	0.00569
56	0.00634	0.00453	0.00606	0.00725	0.00759	0.00425	0.00492	0.00730	0.00991	0.01320	0.02823	0.78225	0.03374	0.01599	0.00657	0.00210	0.00306	0.04777	0.00476	0.00419
57	0.01268	0.01194	0.05267	0.04595	0.25120	0.01174	0.12464	0.01988	0.27868	0.06375	0.01535	0.05036	0.01232	0.00616	0.00537	0.00168	0.00560	0.01856	0.00381	0.00764
58	0.01246	0.09976	0.06599	0.24793	0.19303	0.09379	0.17068	0.02862	0.01169	0.01495	0.00923	0.01228	0.00728	0.00478	0.00505	0.00156	0.00718	0.00451	0.00247	0.00677
59	0.01385	0.03371	0.35319	0.01461	0.02035	0.01331	0.15248	0.23289	0.05338	0.04586	0.01121	0.01239	0.00803	0.00528	0.00516	0.00161	0.00691	0.00457	0.00338	0.00783
60	0.00914	0.00563	0.00680	0.00663	0.00780	0.00523	0.00478	0.01026	0.01064	0.11051	0.09309	0.07457	0.19403	0.31884	0.01374	0.00304	0.00402	0.11234	0.00440	0.00451
61	0.00649	0.00506	0.00590	0.00614	0.00738	0.00448	0.00451	0.00800	0.01192	0.01533	0.21800	0.23043	0.40001	0.01319	0.00622	0.00182	0.00274	0.04299	0.00497	0.00443
62	0.01238	0.11984	0.17328	0.10945	0.26787	0.04268	0.14592	0.03994	0.01177	0.01593	0.00933	0.01193	0.00737	0.00470	0.00497	0.00154	0.00694	0.00439	0.00249	0.00728

[dist]
# distance from previous block
# <min> <max>
0	1

[block]
# block no. 6 follows, 48 sequences, length 34
# corresponding to MSA columns:
# 397-430
name=unknown_G
#
# <colnr> <probs for GDERKNQSTAVLIFYWHMCP>
#	G	D	E	R	K	N	Q	S	T	A	V	L	I	F	Y	W	H	M	C	P
0	0.26331	0.00955	0.00971	0.00834	0.01123	0.01037	0.00683	0.20166	0.05752	0.10791	0.01444	0.01781	0.01149	0.00655	0.00445	0.00158	0.00419	0.07616	0.17030	0.00660
1	0.85592	0.00992	0.00754	0.00675	0.00992	0.01151	0.00556	0.01508	0.00873	0.02302	0.00714	0.00834	0.00556	0.00476	0.00318	0.00159	0.00397	0.00278	0.00318	0.00556
2	0.18744	0.00602	0.00601	0.00586	0.00658	0.00633	0.00368	0.00907	0.00788	0.01288	0.01531	0.04529	0.03320	0.61171	0.02039	0.00412	0.00467	0.00669	0.00320	0.00368
3	0.01551	0.36661	0.05886	0.01155	0.04409	0.07729	0.04454	0.13981	0.09392	0.08542	0.01097	0.01148	0.00853	0.00521	0.00433	0.00137	0.00583	0.00390	0.00342	0.00735
4	0.17906	0.01120	0.04775	0.24110	0.20283	0.01166	0.01164	0.08577	0.04623	0.08285	0.01075	0.01281	0.00806	0.00521	0.00470	0.00160	0.00560	0.00429	0.01992	0.00695
5	0.01180	0.01087	0.01086	0.01111	0.05683	0.18633	0.03614	0.04560	0.04711	0.06247	0.02033	0.38698	0.02176	0.01096	0.00584	0.00181	0.00516	0.05825	0.00420	0.00560
6	0.01837	0.02286	0.01405	0.01276	0.01529	0.72313	0.00957	0.04017	0.01435	0.01299	0.00853	0.01050	0.00728	0.03186	0.03525	0.00170	0.00919	0.00355	0.00273	0.00588
7	0.00613	0.00518	0.00530	0.00531	0.00698	0.00435	0.00397	0.00748	0.01179	0.01419	0.08935	0.06804	0.72855	0.01294	0.00608	0.00174	0.00260	0.01084	0.00481	0.00435
8	0.01244	0.01188	0.02024	0.06919	0.73080	0.01199	0.01548	0.01549	0.01162	0.01655	0.01007	0.01390	0.00861	0.00484	0.00513	0.00155	0.00610	0.02362	0.00258	0.00792
9	0.01338	0.01488	0.01539	0.01335	0.01433	0.24548	0.03284	0.01469	0.00997	0.01251	0.00757	0.01121	0.00706	0.00935	0.05525	0.00228	0.50812	0.00424	0.00240	0.00569
10	0.00700	0.00523	0.00650	0.00618	0.00751	0.00473	0.00464	0.00918	0.01391	0.01913	0.62680	0.04071	0.20747	0.01103	0.00605	0.00164	0.00246	0.00961	0.00546	0.00473
11	0.09298	0.01292	0.01392	0.01079	0.01471	0.01404	0.00890	0.57909	0.02108	0.13596	0.01309	0.01288	0.00913	0.00606	0.00492	0.00154	0.00523	0.00454	0.02989	0.00833
12	0.00625	0.00447	0.00595	0.00714	0.00744	0.00417	0.00476	0.00714	0.00982	0.01310	0.02828	0.81633	0.03394	0.01608	0.00655	0.00208	0.00298	0.01459	0.00476	0.00417
13	0.00612	0.00520	0.00528	0.00526	0.00697	0.00436	0.00394	0.00748	0.01183	0.01419	0.08812	0.04884	0.74923	0.01287	0.00606	0.00173	0.00259	0.01075	0.00481	0.00436
14	0.01951	0.01437	0.01540	0.01181	0.01591	0.01591	0.00975	0.77056	0.02412	0.03234	0.01232	0.01232	0.00873	0.00616	0.00513	0.00154	0.00565	0.00462	0.00513	0.00873
15	0.02302	0.00873	0.01191	0.00913	0.01310	0.00754	0.00754	0.02501	0.01469	0.79122	0.02024	0.01746	0.01270	0.00635	0.00516	0.00159	0.00437	0.00516	0.00635	0.00873
16	0.03868	0.01275	0.01817	0.07272	0.49830	0.06053	0.01348	0.11632	0.04668	0.05691	0.01080	0.01289	0.00851	0.00506	0.00502	0.00154	0.00604	0.00453	0.00319	0.00788
17	0.01276	0.01102	0.01160	0.01044	0.01334	0.01276	0.00812	0.02727	0.77840	0.02146	0.02088	0.01914	0.01566	0.00696	0.00522	0.00174	0.00406	0.00580	0.00522	0.00812
18	0.78005	0.01003	0.00848	0.00834	0.05780	0.01144	0.00624	0.01541	0.00909	0.04484	0.00768	0.00887	0.00592	0.00480	0.00335	0.00158	0.00411	0.00296	0.00323	0.00581
19	0.00735	0.00543	0.00792	0.00792	0.00873	0.00624	0.00601	0.00895	0.00815	0.01167	0.01404	0.02180	0.01354	0.13427	0.70453	0.00785	0.01267	0.00574	0.00279	0.00440
20	0.85592	0.00992	0.00754	0.00675	0.00992	0.01151	0.00556	0.01508	0.00873	0.02302	0.00714	0.00834	0.00556	0.00476	0.00318	0.00159	0.00397	0.00278	0.00318	0.00556
21	0.00659	0.00522	0.00592	0.00575	0.00725	0.00455	0.00431	0.00837	0.01293	0.01679	0.37141	0.04456	0.46432	0.01190	0.00606	0.00168	0.00252	0.01015	0.00515	0.00455
22	0.01029	0.02654	0.79309	0.01462	0.02221	0.01192	0.01896	0.01625	0.01083	0.01625	0.00921	0.01083	0.00650	0.00487	0.00487	0.00162	0.00758	0.00379	0.00217	0.00758
23	0.02776	0.02491	0.69664	0.01460	0.02178	0.01220	0.05061	0.06258	0.01166	0.01738	0.00941	0.01100	0.00667	0.00493	0.00491	0.00162	0.00744	0.00392	0.00239	0.00758
24	0.00631	0.00451	0.00602	0.00721	0.00754	0.00422	0.00487	0.00725	0.00988	0.01317	0.02825	0.79365	0.03380	0.01602	0.00657	0.00209	0.00303	0.03666	0.00476	0.00418
25	0.00611	0.00520	0.00526	0.00524	0.00696	0.00435	0.00393	0.00744	0.01179	0.01409	0.07730	0.04900	0.76012	0.01291	0.00606	0.00173	0.00259	0.01078	0.00480	0.00435
26	0.01276	0.01102	0.01160	0.01044	0.01334	0.01276	0.00812	0.02727	0.77840	0.02146	0.02088	0.01914	0.01566	0.00696	0.00522	0.00174	0.00406	0.00580	0.00522	0.00812
27	0.01265	0.01370	0.02527	0.05795	0.30087	0.06092	0.41879	0.01630	0.01203	0.01617	0.00991	0.01314	0.00780	0.00451	0.00558	0.00163	0.00769	0.00529	0.00256	0.00724
28	0.00621	0.00463	0.00579	0.00672	0.00733	0.00420	0.00457	0.00719	0.01023	0.01327	0.03349	0.64785	0.19905	0.01540	0.00644	0.00201	0.00289	0.01376	0.00476	0.00420
29	0.01103	0.01109	0.01710	0.01405	0.01486	0.01435	0.12875	0.01256	0.00849	0.01278	0.00813	0.01359	0.00794	0.07929	0.01597	0.00240	0.61464	0.00499	0.00238	0.00560
30	0.01553	0.06679	0.01891	0.02183	0.38087	0.30967	0.04120	0.05614	0.01334	0.01567	0.00901	0.01115	0.00748	0.00490	0.00484	0.00143	0.00732	0.00404	0.00269	0.00720
31	0.00842	0.00727	0.00789	0.00795	0.04158	0.03432	0.00569	0.01261	0.15632	0.01739	0.26394	0.03742	0.35878	0.01048	0.00581	0.00168	0.00320	0.00889	0.00495	0.00541
32	0.00891	0.00446	0.00668	0.00668	0.00668	0.00446	0.00446	0.00668	0.00668	0.00891	0.00891	0.01560	0.00891	0.01783	0.02005	0.85071	0.00446	0.00446	0.00223	0.00223
33	0.31336	0.01058	0.02763	0.01082	0.06633	0.01053	0.04385	0.09096	0.03308	0.32432	0.01350	0.01319	0.00922	0.00554	0.00449	0.00159	0.00472	0.00426	0.00457	0.00745

[dist]
# distance from previous block
# <min> <max>
0	1

[block]
# block no. 7 follows, 48 sequences, length 75
# corresponding to MSA columns:
# 432-506
name=unknown_H
#
# <colnr> <probs for GDERKNQSTAVLIFYWHMCP>
#	G	D	E	R	K	N	Q	S	T	A	V	L	I	F	Y	W	H	M	C	P
0	0.01212	0.03408	0.01927	0.26035	0.49281	0.04825	0.02945	0.01518	0.01137	0.01535	0.00936	0.01273	0.00763	0.00476	0.00504	0.00156	0.00649	0.00449	0.00246	0.00724
1	0.85592	0.00992	0.00754	0.00675	0.00992	0.01151	0.00556	0.01508	0.00873	0.02302	0.00714	0.00834	0.00556	0.00476	0.00318	0.00159	0.00397	0.00278	0.00318	0.00556
2	0.01438	0.72602	0.02539	0.00932	0.01350	0.11468	0.00892	0.01599	0.01092	0.01213	0.00723	0.00835	0.00659	0.00450	0.00345	0.00112	0.00594	0.00281	0.00225	0.00651
3	0.00722	0.00524	0.00680	0.00641	0.00764	0.00482	0.00481	0.00960	0.01442	0.02032	0.75740	0.03874	0.07613	0.01058	0.00605	0.00162	0.00243	0.00934	0.00562	0.00482
4	0.00733	0.00550	0.00825	0.00825	0.00916	0.00641	0.00641	0.00916	0.00825	0.01191	0.01374	0.02016	0.01283	0.03848	0.79934	0.00825	0.01374	0.00550	0.00275	0.00458
5	0.00625	0.00447	0.00595	0.00714	0.00744	0.00417	0.00476	0.00714	0.00982	0.01310	0.02828	0.81633	0.03394	0.01608	0.00655	0.00208	0.00298	0.01459	0.00476	0.00417
