[name]
unknown

[dist]
# distance from previous block
# <min> <max>
4	557

[block]
# block no. 0 follows, 42 sequences, length 19
# corresponding to MSA columns:
# 559-577
name=unknown_A
#
# <colnr> <probs for GDERKNQSTAVLIFYWHMCP>
#	G	D	E	R	K	N	Q	S	T	A	V	L	I	F	Y	W	H	M	C	P
0	0.01427	0.01308	0.01815	0.01916	0.23060	0.05499	0.08498	0.14509	0.04276	0.02108	0.09541	0.04635	0.01495	0.00707	0.00711	0.00174	0.09069	0.00598	0.00389	0.08265
1	0.01168	0.07335	0.48592	0.01807	0.14944	0.01289	0.04310	0.01687	0.01251	0.01816	0.09364	0.01551	0.01258	0.00592	0.00546	0.00173	0.00730	0.00498	0.00289	0.00799
2	0.00760	0.00576	0.00710	0.00799	0.00880	0.00561	0.00552	0.01024	0.09130	0.01545	0.03302	0.63238	0.11569	0.01618	0.00697	0.00220	0.00335	0.01450	0.00528	0.00506
3	0.01130	0.01816	0.31675	0.01402	0.08004	0.09266	0.01324	0.01574	0.03939	0.01857	0.21644	0.10033	0.02313	0.00836	0.00589	0.00179	0.00620	0.00708	0.00391	0.00700
4	0.01597	0.06099	0.19276	0.01412	0.06565	0.18044	0.01248	0.12726	0.05392	0.04557	0.01127	0.01241	0.00863	0.00555	0.00505	0.00148	0.00704	0.00417	0.00352	0.17172
5	0.00725	0.00498	0.00634	0.00742	0.00795	0.00466	0.00502	0.00844	0.01101	0.01515	0.03117	0.66780	0.07827	0.01620	0.00679	0.00215	0.00317	0.01456	0.09700	0.00466
6	0.09947	0.00594	0.00660	0.00721	0.00849	0.00565	0.00524	0.00913	0.01150	0.01602	0.03741	0.40476	0.28659	0.01495	0.00663	0.00211	0.00336	0.05907	0.00503	0.00484
7	0.01657	0.01400	0.01523	0.01526	0.13754	0.09575	0.01042	0.35613	0.04238	0.02554	0.05838	0.12118	0.04983	0.00844	0.00587	0.00176	0.00591	0.00699	0.00483	0.00800
8	0.01009	0.00521	0.00539	0.00553	0.00673	0.00517	0.00408	0.01253	0.01169	0.02025	0.01976	0.10715	0.01695	0.00778	0.00429	0.00142	0.00269	0.00644	0.74168	0.00517
9	0.26682	0.06526	0.01482	0.01135	0.01483	0.09627	0.00935	0.28551	0.05585	0.02563	0.01075	0.01182	0.00829	0.00646	0.00622	0.00175	0.09302	0.00423	0.00414	0.00764
10	0.05967	0.00702	0.00926	0.05787	0.01177	0.00720	0.05376	0.05027	0.01220	0.01878	0.02169	0.30018	0.02205	0.01080	0.00566	0.00185	0.00404	0.05063	0.28982	0.00549
11	0.01049	0.00525	0.00525	0.00525	0.00656	0.00525	0.00393	0.01311	0.01180	0.02098	0.01836	0.02098	0.01442	0.00656	0.00393	0.00131	0.00262	0.00525	0.83346	0.00525
12	0.12135	0.01305	0.01626	0.13420	0.06617	0.07916	0.01221	0.01505	0.01003	0.01553	0.00816	0.01224	0.00732	0.00795	0.01259	0.00214	0.45298	0.00459	0.00266	0.00637
13	0.00981	0.00815	0.01190	0.30119	0.02079	0.00936	0.00999	0.07318	0.01216	0.01611	0.02031	0.39351	0.02204	0.01177	0.00712	0.00209	0.05042	0.01032	0.00408	0.00571
14	0.01131	0.03771	0.01226	0.08834	0.01540	0.00891	0.00775	0.01534	0.10016	0.01806	0.03708	0.10137	0.01385	0.00647	0.00489	0.00127	0.00446	0.00547	0.00380	0.50608
15	0.00811	0.00573	0.00753	0.00753	0.00801	0.00621	0.00515	0.00908	0.00860	0.01194	0.01646	0.02978	0.01740	0.43823	0.38845	0.00717	0.01006	0.00715	0.00322	0.00418
16	0.01873	0.26843	0.01938	0.01206	0.01561	0.41936	0.00988	0.04790	0.01467	0.05840	0.01000	0.01113	0.00817	0.00564	0.00460	0.00139	0.00791	0.00371	0.05606	0.00695
17	0.01055	0.26149	0.10470	0.00915	0.01216	0.01177	0.00844	0.01318	0.03977	0.01550	0.11001	0.18811	0.07030	0.09518	0.00800	0.00213	0.00496	0.02466	0.00394	0.00601
18	0.06954	0.03520	0.11312	0.04257	0.05289	0.18261	0.01121	0.03738	0.24543	0.10128	0.01573	0.04298	0.01217	0.00677	0.00537	0.00174	0.00650	0.00530	0.00430	0.00792

[dist]
# distance from previous block
# <min> <max>
0	2

[block]
# block no. 1 follows, 42 sequences, length 25
# corresponding to MSA columns:
# 580-604
name=unknown_B
#
# <colnr> <probs for GDERKNQSTAVLIFYWHMCP>
#	G	D	E	R	K	N	Q	S	T	A	V	L	I	F	Y	W	H	M	C	P
0	0.16948	0.31748	0.02018	0.18468	0.04572	0.12251	0.01078	0.04220	0.01224	0.01675	0.00872	0.01086	0.00722	0.00528	0.00438	0.00152	0.00664	0.00369	0.00282	0.00684
1	0.03433	0.00861	0.01109	0.08489	0.01427	0.00877	0.00794	0.07983	0.05286	0.23423	0.10246	0.19304	0.06668	0.03752	0.00736	0.00204	0.03302	0.00869	0.00542	0.00697
2	0.00899	0.00661	0.00991	0.00933	0.01078	0.00621	0.07616	0.01138	0.03561	0.05683	0.26200	0.41887	0.03773	0.01359	0.00683	0.00204	0.00378	0.01242	0.00541	0.00549
3	0.01167	0.01000	0.01167	0.00834	0.01334	0.00750	0.00667	0.01417	0.01167	0.01834	0.01000	0.01167	0.00834	0.00417	0.00417	0.00083	0.00417	0.00333	0.00333	0.83663
4	0.01388	0.01377	0.02274	0.10382	0.61218	0.04643	0.07029	0.01728	0.01284	0.01778	0.01051	0.01396	0.00868	0.00509	0.00563	0.00170	0.00712	0.00507	0.00277	0.00846
5	0.01001	0.01540	0.29635	0.01223	0.01626	0.00928	0.04980	0.05446	0.01253	0.01733	0.02178	0.25886	0.05462	0.03469	0.00708	0.00216	0.00596	0.11073	0.00400	0.00647
6	0.00738	0.00516	0.00656	0.00748	0.00777	0.00495	0.00491	0.00817	0.01013	0.01349	0.02700	0.52852	0.03195	0.25076	0.01360	0.00325	0.00403	0.05596	0.00468	0.00426
7	0.05795	0.07492	0.05673	0.01062	0.01446	0.01322	0.00912	0.31368	0.07693	0.04738	0.12940	0.04370	0.06570	0.00789	0.00553	0.00167	0.00508	0.00630	0.00505	0.05467
8	0.01049	0.00525	0.00525	0.00525	0.00656	0.00525	0.00393	0.01311	0.01180	0.02098	0.01836	0.02098	0.01442	0.00656	0.00393	0.00131	0.00262	0.00525	0.83346	0.00525
9	0.01208	0.01214	0.02258	0.41548	0.19921	0.01316	0.21142	0.01600	0.01214	0.01625	0.01050	0.01481	0.00810	0.00525	0.00589	0.00184	0.00785	0.00544	0.00266	0.00721
10	0.01231	0.01231	0.01724	0.01477	0.01477	0.01724	0.01231	0.01354	0.00862	0.01354	0.00739	0.01231	0.00739	0.00985	0.01847	0.00246	0.79192	0.00492	0.00246	0.00616
11	0.01211	0.00903	0.01108	0.00979	0.01162	0.01021	0.00773	0.18669	0.03977	0.01976	0.06013	0.02271	0.09103	0.01945	0.22535	0.09421	0.09524	0.00634	0.06166	0.00609
12	0.00807	0.00556	0.00655	0.00655	0.00682	0.00565	0.00401	0.00846	0.00859	0.01149	0.01966	0.03563	0.06362	0.64058	0.14094	0.00579	0.00676	0.00808	0.00346	0.00373
13	0.01049	0.00525	0.00525	0.00525	0.00656	0.00525	0.00393	0.01311	0.01180	0.02098	0.01836	0.02098	0.01442	0.00656	0.00393	0.00131	0.00262	0.00525	0.83346	0.00525
14	0.13050	0.06187	0.12170	0.03912	0.05952	0.00958	0.00917	0.04409	0.01178	0.01782	0.06083	0.32629	0.02241	0.05187	0.00701	0.00212	0.00490	0.00928	0.00411	0.00603
15	0.05039	0.11869	0.24948	0.02118	0.29477	0.09305	0.01573	0.01846	0.01273	0.05987	0.01043	0.01239	0.00815	0.00529	0.00512	0.00163	0.00725	0.00431	0.00289	0.00819
16	0.01049	0.00525	0.00525	0.00525	0.00656	0.00525	0.00393	0.01311	0.01180	0.02098	0.01836	0.02098	0.01442	0.00656	0.00393	0.00131	0.00262	0.00525	0.83346	0.00525
17	0.00786	0.00584	0.00736	0.00744	0.00862	0.00553	0.00540	0.01064	0.05572	0.01952	0.44085	0.27273	0.10454	0.01338	0.00675	0.00195	0.00296	0.01188	0.00579	0.00524
18	0.01557	0.10689	0.14080	0.01275	0.01674	0.20039	0.04198	0.06637	0.07462	0.07821	0.01624	0.03758	0.05602	0.00892	0.04056	0.00205	0.03088	0.04236	0.00380	0.00728
19	0.06070	0.05735	0.01996	0.20037	0.07565	0.01406	0.17014	0.18213	0.05430	0.02169	0.05182	0.01701	0.03721	0.00628	0.00570	0.00178	0.00675	0.00572	0.00380	0.00756
20	0.01287	0.01263	0.06425	0.05419	0.01463	0.11168	0.00909	0.16046	0.05427	0.02115	0.17945	0.14791	0.07333	0.01021	0.00619	0.00186	0.00536	0.04899	0.00488	0.00661
21	0.01083	0.00842	0.01163	0.01061	0.01271	0.00854	0.08834	0.01653	0.21926	0.06957	0.04490	0.38207	0.06832	0.01236	0.00657	0.00207	0.00435	0.01120	0.00524	0.00648
22	0.05638	0.09293	0.01064	0.05609	0.01125	0.00880	0.00668	0.03287	0.01171	0.01642	0.11436	0.23344	0.08166	0.12619	0.00991	0.00244	0.04511	0.03602	0.04183	0.00527
23	0.10382	0.01258	0.09676	0.14600	0.23623	0.01159	0.03088	0.01595	0.04998	0.03674	0.01247	0.06835	0.01083	0.00846	0.03014	0.05994	0.02881	0.00556	0.00319	0.03172
24	0.21696	0.10884	0.07512	0.01088	0.01499	0.12416	0.00956	0.14079	0.05693	0.13066	0.05074	0.01401	0.01121	0.00623	0.00483	0.00164	0.00599	0.00448	0.00431	0.00766

[dist]
# distance from previous block
# <min> <max>
0	21

[block]
# block no. 2 follows, 42 sequences, length 13
# corresponding to MSA columns:
# 626-638
name=unknown_C
#
# <colnr> <probs for GDERKNQSTAVLIFYWHMCP>
#	G	D	E	R	K	N	Q	S	T	A	V	L	I	F	Y	W	H	M	C	P
0	0.01217	0.04395	0.38555	0.01507	0.05936	0.01284	0.03360	0.01626	0.01152	0.06125	0.05908	0.01641	0.01172	0.06996	0.00990	0.00219	0.16362	0.00518	0.00303	0.00736
1	0.00953	0.00552	0.00658	0.00668	0.00775	0.00521	0.00471	0.01088	0.01151	0.06468	0.08782	0.22766	0.10900	0.10387	0.00966	0.06618	0.00346	0.00951	0.24490	0.00487
2	0.00871	0.10027	0.07051	0.00815	0.01040	0.00808	0.00708	0.01080	0.01193	0.01562	0.14252	0.06592	0.24382	0.08407	0.14537	0.00341	0.00615	0.04756	0.00427	0.00536
3	0.01049	0.00525	0.00525	0.00525	0.00656	0.00525	0.00393	0.01311	0.01180	0.02098	0.01836	0.02098	0.01442	0.00656	0.00393	0.00131	0.00262	0.00525	0.83346	0.00525
4	0.07536	0.00874	0.00997	0.04181	0.01238	0.03605	0.00676	0.01410	0.01275	0.10540	0.14642	0.11078	0.08974	0.01048	0.04790	0.00195	0.00474	0.00719	0.00457	0.25292
5	0.01090	0.01204	0.05841	0.05173	0.01510	0.09939	0.06793	0.01290	0.01158	0.01499	0.04776	0.21568	0.12849	0.01114	0.00957	0.00208	0.21188	0.00884	0.00377	0.00581
6	0.01049	0.00525	0.00525	0.00525	0.00656	0.00525	0.00393	0.01311	0.01180	0.02098	0.01836	0.02098	0.01442	0.00656	0.00393	0.00131	0.00262	0.00525	0.83346	0.00525
7	0.39247	0.01167	0.07679	0.01129	0.01469	0.01095	0.15159	0.01452	0.00990	0.01916	0.00923	0.01264	0.00762	0.00890	0.00911	0.22070	0.00583	0.00432	0.00299	0.00561
8	0.06130	0.01059	0.01740	0.02111	0.33412	0.01048	0.09672	0.01528	0.01316	0.04821	0.17111	0.02479	0.02057	0.03651	0.03768	0.00222	0.00613	0.06145	0.00393	0.00723
9	0.01268	0.01217	0.05742	0.38475	0.02739	0.01329	0.05665	0.11212	0.09969	0.01908	0.03162	0.01613	0.01046	0.00649	0.00669	0.00187	0.07230	0.00536	0.04673	0.00710
10	0.01330	0.01113	0.01174	0.01049	0.01338	0.01254	0.00808	0.08568	0.55028	0.02257	0.02566	0.02547	0.10340	0.07142	0.00764	0.00217	0.00449	0.00704	0.00548	0.00804
11	0.07839	0.10804	0.22066	0.10654	0.09172	0.01372	0.10074	0.01642	0.01172	0.04626	0.02710	0.05985	0.01047	0.00653	0.00654	0.00182	0.07781	0.00536	0.00301	0.00731
12	0.00802	0.00584	0.00732	0.00801	0.00889	0.00561	0.00575	0.04850	0.01221	0.01609	0.06955	0.49664	0.11918	0.06625	0.00845	0.00242	0.00371	0.09749	0.00517	0.00490

[dist]
# distance from previous block
# <min> <max>
8	20

[block]
# block no. 3 follows, 42 sequences, length 10
# corresponding to MSA columns:
# 664-673
name=unknown_D
#
# <colnr> <probs for GDERKNQSTAVLIFYWHMCP>
#	G	D	E	R	K	N	Q	S	T	A	V	L	I	F	Y	W	H	M	C	P
0	0.00869	0.00727	0.01187	0.01047	0.01212	0.00765	0.11560	0.01077	0.00993	0.01371	0.01913	0.02637	0.08999	0.13942	0.48312	0.00677	0.01168	0.00701	0.00327	0.00515
1	0.00683	0.00502	0.00641	0.00752	0.00808	0.00460	0.00508	0.00787	0.01108	0.01449	0.03486	0.68850	0.14479	0.01713	0.00710	0.00223	0.00320	0.01539	0.00522	0.00460
2	0.01176	0.00847	0.00978	0.00897	0.01128	0.00835	0.00676	0.13905	0.09380	0.06854	0.02838	0.33870	0.13573	0.01214	0.00628	0.00190	0.00402	0.01053	0.00527	0.09030
3	0.03244	0.01368	0.04464	0.18321	0.10981	0.01366	0.32376	0.06605	0.08878	0.04851	0.01261	0.01541	0.00942	0.00550	0.00601	0.00184	0.00770	0.00580	0.00340	0.00778
4	0.01768	0.02491	0.16362	0.01542	0.01922	0.49786	0.05999	0.02030	0.01418	0.01480	0.00900	0.01105	0.00732	0.00609	0.00671	0.00166	0.09648	0.00406	0.00275	0.00690
5	0.00786	0.00535	0.00688	0.00765	0.00833	0.00513	0.00547	0.00938	0.01167	0.01623	0.13647	0.41516	0.03469	0.10234	0.00924	0.00251	0.00364	0.11845	0.08884	0.00471
6	0.01592	0.09272	0.01532	0.05259	0.01576	0.08342	0.00921	0.10244	0.07294	0.13013	0.01525	0.01596	0.05229	0.00665	0.00651	0.00154	0.09275	0.00486	0.00416	0.20959
7	0.11056	0.01339	0.01260	0.01098	0.01422	0.16718	0.00881	0.11417	0.04459	0.25373	0.01842	0.07241	0.01541	0.00845	0.00570	0.00184	0.00596	0.10884	0.00516	0.00759
8	0.00889	0.00836	0.00770	0.00824	0.00937	0.11920	0.00580	0.01007	0.01210	0.01451	0.03480	0.47922	0.23100	0.01496	0.00673	0.00206	0.00417	0.01305	0.00488	0.00491
9	0.01564	0.01714	0.10516	0.01514	0.10652	0.19657	0.02766	0.14080	0.09857	0.03705	0.08721	0.04883	0.02905	0.00738	0.00566	0.00171	0.00667	0.01894	0.02669	0.00760

[dist]
# distance from previous block
# <min> <max>
15	172

[block]
# block no. 4 follows, 42 sequences, length 8
# corresponding to MSA columns:
# 893-900
name=unknown_E
#
# <colnr> <probs for GDERKNQSTAVLIFYWHMCP>
#	G	D	E	R	K	N	Q	S	T	A	V	L	I	F	Y	W	H	M	C	P
0	0.01570	0.08601	0.09237	0.01270	0.05845	0.23128	0.02470	0.01900	0.05300	0.11077	0.14407	0.01987	0.04200	0.00715	0.00539	0.00161	0.00641	0.00567	0.05679	0.00708
1	0.07867	0.01223	0.01126	0.05570	0.01398	0.15232	0.00784	0.10503	0.01526	0.10770	0.09141	0.04698	0.20897	0.00890	0.00567	0.00169	0.00531	0.00710	0.00472	0.05926
2	0.09907	0.03024	0.03598	0.01261	0.06249	0.04555	0.05447	0.15724	0.03864	0.16966	0.01439	0.01525	0.01054	0.00637	0.00593	0.00166	0.05732	0.00492	0.13292	0.04476
3	0.01202	0.00976	0.01106	0.00974	0.01210	0.09665	0.05738	0.01538	0.06816	0.10069	0.32213	0.03610	0.15008	0.01036	0.00637	0.00183	0.00458	0.06396	0.00540	0.00623
4	0.15108	0.08048	0.09456	0.01233	0.01643	0.30331	0.01067	0.12044	0.03786	0.10605	0.01127	0.01190	0.00843	0.00590	0.00490	0.00159	0.00739	0.00405	0.00382	0.00753
5	0.09996	0.01533	0.01409	0.09633	0.01741	0.19824	0.01001	0.21494	0.07150	0.02213	0.05771	0.07927	0.01372	0.00769	0.00629	0.00178	0.05638	0.00580	0.00422	0.00719
6	0.14466	0.00860	0.00909	0.00822	0.01005	0.00919	0.00591	0.10341	0.10300	0.06358	0.04507	0.09064	0.01866	0.33903	0.01505	0.00335	0.00492	0.00734	0.00444	0.00579
7	0.01325	0.11067	0.15503	0.01491	0.13508	0.10601	0.01161	0.01655	0.04550	0.07345	0.01820	0.21674	0.04191	0.00898	0.00570	0.00179	0.00608	0.00762	0.00384	0.00709

[dist]
# distance from previous block
# <min> <max>
0	1

[block]
# block no. 5 follows, 42 sequences, length 31
# corresponding to MSA columns:
# 902-932
name=unknown_F
#
# <colnr> <probs for GDERKNQSTAVLIFYWHMCP>
#	G	D	E	R	K	N	Q	S	T	A	V	L	I	F	Y	W	H	M	C	P
0	0.01484	0.00971	0.01515	0.16491	0.06626	0.00979	0.09107	0.01868	0.07151	0.23240	0.02157	0.08653	0.05695	0.00879	0.00622	0.00196	0.00576	0.10573	0.00481	0.00736
1	0.10822	0.01517	0.01563	0.05725	0.12878	0.12971	0.01096	0.26178	0.12929	0.03969	0.01373	0.04109	0.01082	0.00664	0.00537	0.00172	0.00634	0.00520	0.00442	0.00818
2	0.06399	0.10078	0.01740	0.01625	0.18523	0.08277	0.01096	0.20187	0.01618	0.05132	0.01271	0.01658	0.01064	0.00633	0.00517	0.00157	0.00608	0.06093	0.01927	0.11395
3	0.27670	0.05389	0.01313	0.01004	0.01381	0.05475	0.00825	0.22511	0.06100	0.14967	0.03947	0.01440	0.01112	0.00637	0.00480	0.00168	0.00522	0.00461	0.03815	0.00784
4	0.10252	0.02711	0.68907	0.01509	0.02288	0.01302	0.01918	0.01768	0.01163	0.01864	0.00985	0.01158	0.00702	0.00533	0.00514	0.00178	0.00788	0.00404	0.00250	0.00807
5	0.01714	0.02020	0.01630	0.01445	0.01620	0.43235	0.01135	0.01926	0.05152	0.01419	0.00891	0.01159	0.00782	0.00753	0.01051	0.00188	0.32514	0.00429	0.00287	0.00650
6	0.01049	0.00525	0.00525	0.00525	0.00656	0.00525	0.00393	0.01311	0.01180	0.02098	0.01836	0.02098	0.01442	0.00656	0.00393	0.00131	0.00262	0.00525	0.83346	0.00525
7	0.00805	0.00593	0.00759	0.00805	0.00890	0.00577	0.00590	0.00945	0.01138	0.01529	0.10887	0.31031	0.08300	0.16674	0.01161	0.00282	0.03131	0.15648	0.00480	0.03774
8	0.00998	0.00828	0.00885	0.00842	0.01047	0.00871	0.00626	0.01732	0.32342	0.01852	0.07263	0.10487	0.26812	0.09819	0.00873	0.00232	0.00383	0.00945	0.00529	0.00635
9	0.01231	0.01231	0.01724	0.01477	0.01477	0.01724	0.01231	0.01354	0.00862	0.01354	0.00739	0.01231	0.00739	0.00985	0.01847	0.00246	0.79192	0.00492	0.00246	0.00616
10	0.18512	0.09749	0.01407	0.00957	0.01381	0.01102	0.00808	0.05162	0.01470	0.51260	0.01746	0.01585	0.01148	0.00638	0.00500	0.00168	0.00489	0.00483	0.00573	0.00863
11	0.00953	0.00728	0.01073	0.04342	0.09543	0.00735	0.00993	0.01219	0.01290	0.01703	0.05497	0.08484	0.02981	0.01393	0.00738	0.00242	0.00527	0.56512	0.00485	0.00561
12	0.01167	0.01000	0.01167	0.00834	0.01334	0.00750	0.00667	0.01417	0.01167	0.01834	0.01000	0.01167	0.00834	0.00417	0.00417	0.00083	0.00417	0.00333	0.00333	0.83663
13	0.02074	0.02445	0.01615	0.01426	0.01730	0.62595	0.01090	0.13958	0.01736	0.01727	0.00943	0.01078	0.00763	0.00612	0.00570	0.00153	0.04063	0.00391	0.00332	0.00700
14	0.01942	0.01307	0.01451	0.01176	0.01573	0.01420	0.00951	0.32450	0.29980	0.18693	0.01890	0.01753	0.01336	0.00713	0.00567	0.00178	0.00524	0.00568	0.00595	0.00932
15	0.00888	0.00700	0.00827	0.00875	0.01012	0.00720	0.00646	0.01389	0.20057	0.01707	0.03220	0.42384	0.12616	0.01443	0.00681	0.00217	0.00372	0.09135	0.00535	0.00576
16	0.00978	0.00489	0.00733	0.00733	0.00733	0.00489	0.00489	0.00733	0.00733	0.00978	0.00978	0.01711	0.00978	0.01955	0.02199	0.83627	0.00489	0.00489	0.00244	0.00244
17	0.01049	0.00525	0.00525	0.00525	0.00656	0.00525	0.00393	0.01311	0.01180	0.02098	0.01836	0.02098	0.01442	0.00656	0.00393	0.00131	0.00262	0.00525	0.83346	0.00525
18	0.01227	0.01182	0.01441	0.01277	0.01368	0.08439	0.03529	0.07020	0.01141	0.01556	0.01477	0.22235	0.01598	0.03855	0.01316	0.00234	0.39359	0.00793	0.00353	0.00599
19	0.01641	0.03205	0.01702	0.01903	0.24151	0.22323	0.01190	0.07873	0.20077	0.03647	0.05580	0.01622	0.01313	0.00642	0.00550	0.00167	0.00676	0.00524	0.00405	0.00809
20	0.01049	0.00525	0.00525	0.00525	0.00656	0.00525	0.00393	0.01311	0.01180	0.02098	0.01836	0.02098	0.01442	0.00656	0.00393	0.00131	0.00262	0.00525	0.83346	0.00525
21	0.01637	0.04266	0.02222	0.07953	0.06147	0.26112	0.24962	0.10646	0.01523	0.01804	0.01105	0.04011	0.00909	0.00604	0.00623	0.00173	0.03710	0.00541	0.00322	0.00728
22	0.01076	0.01006	0.05934	0.27600	0.02125	0.01016	0.01072	0.01577	0.13509	0.05171	0.07519	0.10514	0.13174	0.00932	0.00657	0.00194	0.03691	0.02161	0.00424	0.00648
23	0.00973	0.00594	0.00769	0.00801	0.00922	0.00550	0.00571	0.01161	0.03806	0.11916	0.11311	0.52496	0.08969	0.01489	0.00682	0.00211	0.00342	0.01329	0.00559	0.00550
24	0.00721	0.00523	0.00686	0.00783	0.00850	0.00488	0.00555	0.00861	0.01184	0.01578	0.13196	0.56733	0.09303	0.01634	0.00713	0.00222	0.00334	0.08625	0.00535	0.00475
25	0.01049	0.00525	0.00525	0.00525	0.00656	0.00525	0.00393	0.01311	0.01180	0.02098	0.01836	0.02098	0.01442	0.00656	0.00393	0.00131	0.00262	0.00525	0.83346	0.00525
26	0.01161	0.01168	0.01634	0.67286	0.03519	0.09645	0.01466	0.01502	0.01183	0.01434	0.01171	0.01601	0.03727	0.00598	0.00561	0.00183	0.00761	0.00512	0.00265	0.00622
27	0.17518	0.01171	0.01250	0.01002	0.01406	0.09379	0.00816	0.02488	0.01489	0.55052	0.01807	0.01632	0.01175	0.00652	0.00519	0.00171	0.00530	0.00495	0.00588	0.00860
28	0.01049	0.00525	0.00525	0.00525	0.00656	0.00525	0.00393	0.01311	0.01180	0.02098	0.01836	0.02098	0.01442	0.00656	0.00393	0.00131	0.00262	0.00525	0.83346	0.00525
29	0.02199	0.01235	0.01398	0.01089	0.01519	0.06139	0.00887	0.19565	0.05657	0.42636	0.01796	0.01651	0.01202	0.00657	0.00545	0.00162	0.00539	0.00517	0.00592	0.10017
30	0.07585	0.15340	0.14464	0.01149	0.01607	0.04481	0.01088	0.20893	0.01622	0.15321	0.01479	0.09921	0.01221	0.00726	0.00523	0.00169	0.00598	0.00566	0.00444	0.00803

[dist]
# distance from previous block
# <min> <max>
0	1

[block]
# block no. 6 follows, 42 sequences, length 90
# corresponding to MSA columns:
# 934-1023
name=unknown_G
#
# <colnr> <probs for GDERKNQSTAVLIFYWHMCP>
#	G	D	E	R	K	N	Q	S	T	A	V	L	I	F	Y	W	H	M	C	P
0	0.01467	0.09226	0.19087	0.01167	0.01671	0.01150	0.04407	0.07297	0.05891	0.14788	0.04341	0.07369	0.01342	0.00670	0.00528	0.00157	0.00570	0.00556	0.00419	0.17897
1	0.01216	0.12128	0.30729	0.01261	0.01749	0.01229	0.04043	0.05246	0.07453	0.05270	0.01648	0.16603	0.01532	0.00992	0.04050	0.00216	0.00671	0.02859	0.00371	0.00735
2	0.01231	0.01231	0.01724	0.01477	0.01477	0.01724	0.01231	0.01354	0.00862	0.01354	0.00739	0.01231	0.00739	0.00985	0.01847	0.00246	0.79192	0.00492	0.00246	0.00616
3	0.01200	0.01083	0.01680	0.37465	0.07178	0.01269	0.06542	0.08639	0.04642	0.01770	0.06812	0.03637	0.01304	0.04592	0.00839	0.00209	0.09535	0.00598	0.00337	0.00669
4	0.11483	0.22361	0.20267	0.01287	0.01796	0.09945	0.06344	0.09249	0.03725	0.03158	0.01109	0.01395	0.00906	0.00594	0.00490	0.00163	0.00697	0.03952	0.00326	0.00753
5	0.01231	0.01231	0.01724	0.01477	0.01477	0.01724	0.01231	0.01354	0.00862	0.01354	0.00739	0.01231	0.00739	0.00985	0.01847	0.00246	0.79192	0.00492	0.00246	0.00616
6	0.01095	0.04089	0.07239	0.23019	0.10347	0.01099	0.04579	0.01578	0.10739	0.01741	0.08196	0.09603	0.07011	0.00791	0.00579	0.00179	0.00573	0.00700	0.00378	0.06465
7	0.00856	0.00623	0.00787	0.00803	0.00924	0.00601	0.00596	0.06519	0.01424	0.01935	0.31004	0.34040	0.08485	0.01409	0.00688	0.00205	0.00340	0.07670	0.00562	0.00530
8	0.01386	0.01311	0.06291	0.01938	0.26299	0.01267	0.04975	0.14101	0.16527	0.02303	0.15713	0.02057	0.01898	0.00708	0.00586	0.00176	0.00563	0.00631	0.00448	0.00823
9	0.02699	0.01415	0.01552	0.32245	0.02466	0.16094	0.01226	0.09144	0.11274	0.01797	0.01188	0.01460	0.00924	0.00656	0.00688	0.00182	0.09608	0.00490	0.04199	0.00693
10	0.01305	0.01424	0.02631	0.02087	0.07036	0.04317	0.43804	0.01645	0.01196	0.01649	0.01104	0.05008	0.00951	0.00679	0.00978	0.00204	0.22347	0.00639	0.00285	0.00710
11	0.01031	0.00762	0.00936	0.00913	0.01069	0.05549	0.04399	0.01196	0.01271	0.09766	0.10077	0.40975	0.12490	0.01391	0.00677	0.00207	0.00420	0.05794	0.00523	0.00553
12	0.01370	0.37530	0.38419	0.01306	0.01941	0.07508	0.01506	0.01774	0.01199	0.01547	0.00898	0.01048	0.00718	0.00514	0.00455	0.00150	0.00743	0.00361	0.00243	0.00769
13	0.01659	0.00822	0.01102	0.00944	0.01206	0.00810	0.00744	0.07321	0.01348	0.34889	0.01912	0.05951	0.01539	0.09233	0.27340	0.00461	0.00841	0.00648	0.00510	0.00721
14	0.01405	0.10943	0.02028	0.16113	0.25126	0.10082	0.03572	0.05034	0.01260	0.01636	0.01036	0.04286	0.00912	0.00653	0.00748	0.00179	0.13458	0.00507	0.00288	0.00733
15	0.01248	0.27555	0.45062	0.01394	0.02050	0.01591	0.04753	0.01711	0.01185	0.01641	0.03753	0.01225	0.00895	0.00552	0.00531	0.00162	0.03247	0.00415	0.00255	0.00775
16	0.01048	0.00777	0.01052	0.00981	0.01126	0.00794	0.05730	0.09521	0.04825	0.04849	0.04453	0.43510	0.02726	0.11568	0.01005	0.00255	0.03563	0.01161	0.00489	0.00570
17	0.00728	0.00556	0.00691	0.00746	0.00860	0.00519	0.00555	0.00887	0.01202	0.01557	0.10787	0.30421	0.28160	0.01841	0.09341	0.00290	0.00460	0.09409	0.00507	0.00482
18	0.01184	0.01163	0.02018	0.47102	0.06838	0.01374	0.14710	0.03625	0.01173	0.01571	0.00998	0.01452	0.00780	0.00613	0.00780	0.00196	0.12960	0.00529	0.00266	0.00670
19	0.08768	0.01646	0.02395	0.01819	0.02261	0.15393	0.39003	0.06395	0.08382	0.03218	0.01181	0.01413	0.00901	0.00563	0.00642	0.00181	0.04196	0.00557	0.00340	0.00748
20	0.00988	0.21575	0.06662	0.09636	0.01460	0.01079	0.00890	0.01189	0.01124	0.01450	0.02110	0.39569	0.02365	0.01195	0.00600	0.00195	0.00495	0.06445	0.00399	0.00575
21	0.00702	0.00535	0.00638	0.00688	0.00791	0.00479	0.00482	0.00839	0.01222	0.01584	0.15910	0.37778	0.29633	0.05073	0.00787	0.00221	0.00312	0.01324	0.00530	0.00470
22	0.05928	0.11957	0.01883	0.01419	0.07344	0.06896	0.09223	0.19596	0.03732	0.20542	0.01485	0.05028	0.01130	0.00657	0.00540	0.00168	0.00624	0.00544	0.00468	0.00835
23	0.01713	0.01666	0.01820	0.01533	0.05435	0.20439	0.14306	0.27131	0.03687	0.02300	0.04463	0.04666	0.06822	0.00724	0.00585	0.00171	0.00726	0.00614	0.00429	0.00770
24	0.01204	0.15204	0.59844	0.01560	0.02316	0.01463	0.07385	0.01768	0.01192	0.01711	0.00983	0.01167	0.00725	0.00522	0.00517	0.00170	0.00804	0.00416	0.00242	0.00809
25	0.00730	0.00524	0.00688	0.00797	0.00854	0.00494	0.00564	0.00854	0.01124	0.01488	0.05939	0.57629	0.07333	0.06448	0.00852	0.00248	0.00364	0.12091	0.00514	0.00463
26	0.08241	0.12104	0.09935	0.03371	0.06563	0.01069	0.00946	0.04373	0.01297	0.15382	0.04228	0.18695	0.09695	0.00935	0.00561	0.00180	0.00499	0.00782	0.00448	0.00697
27	0.06446	0.01133	0.01824	0.02429	0.43825	0.01157	0.05755	0.03335	0.02601	0.01819	0.01496	0.15937	0.01467	0.00937	0.04060	0.00217	0.02549	0.01910	0.00345	0.00757
28	0.00729	0.00583	0.00663	0.00702	0.00865	0.00517	0.00553	0.00900	0.01281	0.01576	0.06991	0.10782	0.51554	0.01472	0.00696	0.00209	0.00344	0.18573	0.00524	0.00486
29	0.01334	0.05074	0.08338	0.05090	0.32778	0.01425	0.30124	0.01731	0.01260	0.01760	0.01055	0.01399	0.00843	0.00519	0.00655	0.00179	0.04808	0.00549	0.00274	0.00805
30	0.06724	0.04860	0.07585	0.12625	0.30037	0.07695	0.04127	0.07362	0.01369	0.01920	0.05614	0.01499	0.01105	0.00584	0.00559	0.00169	0.02080	0.00500	0.02819	0.00768
31	0.01709	0.01335	0.07121	0.01256	0.04994	0.01292	0.01016	0.25087	0.22652	0.14799	0.02045	0.07705	0.04826	0.00800	0.00580	0.00182	0.00529	0.00658	0.00545	0.00867
32	0.01329	0.00668	0.00865	0.00815	0.01009	0.00605	0.00618	0.01504	0.01318	0.25436	0.09303	0.27073	0.08301	0.05072	0.00741	0.00213	0.00384	0.05964	0.08156	0.00628
33	0.07720	0.10410	0.06149	0.01365	0.10806	0.08987	0.01022	0.10574	0.12994	0.08047	0.09387	0.03566	0.05183	0.00726	0.00536	0.00169	0.00565	0.00582	0.00443	0.00770
34	0.07546	0.17793	0.27531	0.04617	0.11077	0.01544	0.11844	0.01698	0.01161	0.01705	0.00946	0.01197	0.00752	0.00552	0.00625	0.00173	0.07777	0.00440	0.00259	0.00763
35	0.01474	0.00797	0.01024	0.00920	0.01167	0.00763	0.00726	0.03849	0.09850	0.27119	0.21685	0.15043	0.03000	0.01082	0.00639	0.00195	0.00404	0.08939	0.00612	0.00713
36	0.01599	0.11303	0.10763	0.01681	0.04288	0.08686	0.25380	0.10886	0.10273	0.07668	0.01297	0.01434	0.00966	0.00568	0.00565	0.00172	0.00757	0.00529	0.00373	0.00811
37	0.01344	0.01833	0.27598	0.01456	0.01836	0.06014	0.04726	0.01686	0.01166	0.08822	0.06716	0.01506	0.01142	0.00768	0.01051	0.00202	0.30579	0.00513	0.00319	0.00725
38	0.00713	0.00513	0.00660	0.00750	0.00795	0.00490	0.00501	0.00807	0.01040	0.01380	0.02975	0.56725	0.08788	0.13964	0.06831	0.00325	0.00445	0.01374	0.00478	0.00444
39	0.01813	0.00918	0.01314	0.01162	0.05919	0.00844	0.04601	0.05678	0.01593	0.40323	0.20201	0.03997	0.02434	0.00860	0.00611	0.00182	0.00470	0.05672	0.00609	0.00801
40	0.05393	0.01065	0.01177	0.08609	0.01479	0.05601	0.00838	0.09314	0.18237	0.07087	0.07368	0.10421	0.01883	0.13124	0.01009	0.00245	0.05292	0.00723	0.00464	0.00674
41	0.01252	0.01073	0.01738	0.33395	0.27139	0.01196	0.01414	0.01553	0.01198	0.07283	0.01459	0.06426	0.04900	0.00702	0.00676	0.00187	0.06758	0.00607	0.00323	0.00719
42	0.01297	0.18909	0.28770	0.01806	0.02447	0.01555	0.33853	0.01770	0.01240	0.01693	0.01018	0.01273	0.00777	0.00497	0.00555	0.00171	0.00834	0.00501	0.00259	0.00776
43	0.00946	0.00793	0.01228	0.30721	0.06695	0.00877	0.01114	0.01223	0.01200	0.01564	0.03823	0.16077	0.05568	0.01133	0.00665	0.00216	0.00568	0.24613	0.00405	0.00570
44	0.06689	0.32174	0.08847	0.01119	0.01564	0.12711	0.01034	0.08421	0.09397	0.08992	0.01301	0.01335	0.03001	0.00597	0.00466	0.00151	0.00636	0.00424	0.00369	0.00770
45	0.00764	0.00533	0.00656	0.00723	0.00758	0.00515	0.00475	0.00837	0.00993	0.01312	0.02621	0.35896	0.06210	0.36330	0.01668	0.00370	0.00440	0.08046	0.00442	0.00413
46	0.00712	0.00498	0.00666	0.00787	0.00821	0.00469	0.00532	0.00799	0.01064	0.01416	0.02961	0.70891	0.03527	0.04125	0.00852	0.03991	0.00349	0.04588	0.00504	0.00447
47	0.00916	0.00797	0.01241	0.39118	0.02364	0.00938	0.01082	0.01163	0.01122	0.01488	0.06955	0.30831	0.02169	0.01079	0.00716	0.00206	0.05940	0.00945	0.00377	0.00555
48	0.01295	0.07804	0.12765	0.08279	0.31486	0.01383	0.21505	0.01699	0.01273	0.01770	0.04553	0.01499	0.01038	0.00532	0.00573	0.00173	0.00749	0.00542	0.00285	0.00797
49	0.00697	0.00538	0.00639	0.00700	0.00811	0.00480	0.00501	0.00836	0.01219	0.01557	0.10876	0.38899	0.33877	0.01558	0.00694	0.00209	0.00312	0.04590	0.00531	0.00474
50	0.00900	0.00543	0.00625	0.00670	0.00755	0.00534	0.00466	0.03245	0.01144	0.01754	0.02374	0.36519	0.02491	0.08741	0.00778	0.00215	0.00328	0.01026	0.36403	0.00490
51	0.01217	0.10364	0.67259	0.01519	0.02302	0.01378	0.01924	0.01809	0.01200	0.04553	0.01033	0.01188	0.00739	0.00536	0.00519	0.00172	0.00796	0.00410	0.00255	0.00826
52	0.10199	0.01044	0.01242	0.00995	0.01386	0.01031	0.00811	0.10415	0.12224	0.45965	0.01969	0.01795	0.01319	0.00684	0.00533	0.00173	0.00470	0.00541	0.06319	0.00884
53	0.01136	0.00608	0.00617	0.00586	0.00742	0.00621	0.00447	0.07147	0.01297	0.02213	0.01797	0.02039	0.01404	0.00657	0.00407	0.00134	0.00291	0.00523	0.76776	0.00559
54	0.01237	0.01000	0.01094	0.00983	0.01168	0.04357	0.00752	0.10019	0.20671	0.01966	0.07333	0.02325	0.01750	0.14642	0.11235	0.00338	0.08130	0.00639	0.09711	0.00650
55	0.01663	0.01234	0.01675	0.06553	0.01812	0.04168	0.10257	0.10730	0.14035	0.19157	0.01608	0.05153	0.01243	0.00842	0.02488	0.00210	0.15313	0.00605	0.00462	0.00791
56	0.00778	0.00574	0.00735	0.00784	0.00874	0.00554	0.00553	0.01048	0.06895	0.01793	0.28681	0.47523	0.04126	0.01473	0.00688	0.00208	0.00314	0.01323	0.00560	0.00516
57	0.01357	0.01438	0.02864	0.02849	0.35475	0.01385	0.42500	0.01769	0.01308	0.01818	0.01103	0.01463	0.00870	0.00486	0.00617	0.00180	0.00825	0.00592	0.00282	0.00817
58	0.01144	0.01003	0.01235	0.01211	0.04995	0.04555	0.06358	0.05491	0.25776	0.01891	0.02393	0.36814	0.02426	0.01164	0.00641	0.00203	0.00476	0.01045	0.00500	0.00679
59	0.01229	0.01266	0.02134	0.01697	0.01897	0.01516	0.24736	0.01531	0.04509	0.01551	0.01118	0.07303	0.01047	0.00870	0.01323	0.00224	0.44454	0.00638	0.00295	0.00662
60	0.00813	0.00579	0.00703	0.00685	0.00837	0.00516	0.00509	0.01015	0.01426	0.05123	0.40659	0.14091	0.28373	0.01299	0.00667	0.00188	0.00289	0.01128	0.00579	0.00522
61	0.05309	0.02017	0.35350	0.05932	0.31292	0.01323	0.07330	0.01740	0.01221	0.01826	0.01027	0.01294	0.00789	0.00518	0.00545	0.00175	0.00754	0.00466	0.00263	0.00829
62	0.01311	0.01200	0.01586	0.35270	0.06037	0.05281	0.01280	0.03028	0.22298	0.04093	0.01370	0.01615	0.01051	0.00681	0.00737	0.00193	0.11345	0.00533	0.00363	0.00728
63	0.03696	0.02281	0.56182	0.01363	0.02007	0.01114	0.01658	0.01584	0.01240	0.01848	0.12132	0.05148	0.04381	0.00729	0.00565	0.00182	0.00690	0.02131	0.00324	0.00746
64	0.00770	0.00579	0.00730	0.00821	0.00927	0.00550	0.00623	0.00980	0.04036	0.01559	0.03607	0.39979	0.19477	0.01592	0.00718	0.00227	0.00376	0.21429	0.00523	0.00495
65	0.00795	0.00613	0.00803	0.00815	0.00936	0.00573	0.03366	0.04653	0.01278	0.01682	0.12979	0.47266	0.19104	0.01507	0.00690	0.00209	0.00349	0.01345	0.00528	0.00508
66	0.05446	0.05777	0.24835	0.01410	0.01883	0.36253	0.04128	0.01985	0.05019	0.01625	0.01278	0.01398	0.05362	0.00615	0.00521	0.00162	0.00839	0.00448	0.00302	0.00713
67	0.01296	0.01354	0.01908	0.01583	0.01669	0.06310	0.10035	0.01462	0.00962	0.01410	0.00795	0.01253	0.00752	0.00899	0.01624	0.00233	0.65063	0.00505	0.00254	0.00635
68	0.01336	0.01133	0.03269	0.07121	0.20690	0.01186	0.05126	0.09691	0.01372	0.07557	0.05105	0.12368	0.04078	0.00893	0.00804	0.00197	0.12737	0.04207	0.00402	0.00728
69	0.01279	0.01109	0.01288	0.00966	0.01421	0.05477	0.04487	0.03615	0.01255	0.04704	0.01201	0.06625	0.01052	0.00540	0.00466	0.00108	0.00482	0.00453	0.00362	0.63110
70	0.01839	0.01371	0.01479	0.01209	0.01600	0.01529	0.00974	0.38150	0.34829	0.08083	0.01826	0.01720	0.01323	0.00716	0.00567	0.00179	0.00533	0.00568	0.00576	0.00928
71	0.05885	0.00623	0.00765	0.00834	0.00930	0.00622	0.00618	0.04120	0.01174	0.01630	0.04536	0.39791	0.05124	0.12021	0.00987	0.00270	0.00419	0.18673	0.00491	0.00489
72	0.01063	0.06292	0.26293	0.07004	0.01758	0.00996	0.04939	0.01452	0.01343	0.05525	0.24473	0.02717	0.12166	0.00842	0.00591	0.00177	0.00557	0.00719	0.00417	0.00674
73	0.01459	0.00831	0.01006	0.00872	0.01146	0.00784	0.00694	0.12408	0.01613	0.23753	0.14630	0.09303	0.22039	0.01096	0.00633	0.00188	0.00407	0.05849	0.00593	0.00696
74	0.01742	0.09841	0.01343	0.00945	0.01259	0.01088	0.00774	0.13409	0.04583	0.27280	0.06936	0.05592	0.01655	0.04650	0.00692	0.00185	0.03471	0.00612	0.13175	0.00767
75	0.01347	0.05638	0.28081	0.01705	0.04248	0.08208	0.18620	0.04001	0.09158	0.01799	0.01197	0.01503	0.00944	0.00623	0.00693	0.00185	0.08285	0.02682	0.00309	0.00775
76	0.00839	0.00620	0.00816	0.00918	0.01054	0.00597	0.00776	0.01062	0.01278	0.01632	0.03579	0.11205	0.19186	0.01541	0.00749	0.00242	0.00454	0.52429	0.00519	0.00505
77	0.01184	0.01146	0.01564	0.49647	0.07496	0.07883	0.01355	0.01659	0.09738	0.01601	0.03477	0.01993	0.03327	0.00683	0.00577	0.00187	0.00693	0.04802	0.00326	0.00661
78	0.36236	0.25313	0.13591	0.01011	0.01488	0.01618	0.01003	0.10654	0.01257	0.02173	0.00888	0.01007	0.00702	0.00531	0.00408	0.00158	0.00570	0.00346	0.00325	0.00721
79	0.01298	0.01098	0.01011	0.00948	0.01079	0.17477	0.00685	0.04515	0.09421	0.01366	0.01442	0.01842	0.06201	0.01431	0.01474	0.46819	0.00590	0.00527	0.00324	0.00452
80	0.00939	0.00765	0.01114	0.04525	0.01246	0.00833	0.06272	0.03850	0.01114	0.01523	0.02287	0.35561	0.05566	0.07324	0.01101	0.04327	0.12637	0.05426	0.03071	0.00518
81	0.10414	0.00970	0.01378	0.12471	0.10089	0.01032	0.07858	0.04890	0.09356	0.01963	0.08377	0.13502	0.05113	0.00884	0.00584	0.00188	0.00520	0.04114	0.05638	0.00659
82	0.01223	0.01190	0.01810	0.39788	0.27395	0.05896	0.01510	0.01546	0.01201	0.01575	0.01162	0.03935	0.01008	0.00647	0.00628	0.00186	0.04082	0.04230	0.00283	0.00704
83	0.02054	0.00978	0.01231	0.01000	0.01352	0.00934	0.00796	0.11600	0.08141	0.47466	0.02183	0.10695	0.01671	0.06293	0.00741	0.00207	0.00481	0.00698	0.00625	0.00853
84	0.01257	0.01929	0.31801	0.12940	0.23943	0.01316	0.13597	0.01743	0.01238	0.03373	0.01069	0.01359	0.00807	0.00523	0.00567	0.00178	0.00785	0.00495	0.00269	0.00811
85	0.00929	0.00821	0.01272	0.11067	0.04804	0.00854	0.09795	0.01266	0.08257	0.01591	0.02575	0.39812	0.09149	0.01243	0.00709	0.00210	0.03494	0.01127	0.00443	0.00583
86	0.01221	0.23704	0.06201	0.01022	0.01325	0.01290	0.06398	0.04627	0.04603	0.01694	0.01475	0.05746	0.01358	0.08663	0.03478	0.00224	0.04594	0.03920	0.17823	0.00635
87	0.00706	0.00516	0.00656	0.00759	0.00820	0.00478	0.00524	0.00816	0.01108	0.01445	0.03404	0.58927	0.14533	0.06455	0.00845	0.00244	0.00347	0.06451	0.00511	0.00457
88	0.14972	0.03293	0.14124	0.01342	0.01765	0.22827	0.06691	0.12382	0.07731	0.02091	0.04480	0.01352	0.01037	0.00620	0.00555	0.00170	0.02999	0.00460	0.00366	0.00741
89	0.01027	0.00903	0.01497	0.26835	0.02269	0.00968	0.11826	0.04102	0.01285	0.01683	0.05444	0.11541	0.05669	0.01034	0.00665	0.00212	0.00618	0.21422	0.00403	0.00597

[dist]
# distance from previous block
# <min> <max>
2	6

[block]
# block no. 7 follows, 42 sequences, length 42
# corresponding to MSA columns:
# 1030-1071
name=unknown_H
#
# <colnr> <probs for GDERKNQSTAVLIFYWHMCP>
#	G	D	E	R	K	N	Q	S	T	A	V	L	I	F	Y	W	H	M	C	P
0	0.01467	0.01687	0.12469	0.03974	0.10557	0.10985	0.26071	0.06854	0.01425	0.06291	0.05130	0.04932	0.01210	0.00639	0.00647	0.00181	0.03768	0.00605	0.00347	0.00762
1	0.01038	0.01023	0.01644	0.01359	0.01610	0.05803	0.24204	0.01280	0.01223	0.01626	0.07402	0.36829	0.02449	0.01128	0.00717	0.00200	0.03989	0.01066	0.00417	0.04995
2	0.14651	0.01401	0.01360	0.01140	0.01513	0.06372	0.00911	0.26997	0.31683	0.02702	0.01596	0.01556	0.01190	0.00671	0.00524	0.00174	0.00538	0.00511	0.00507	0.04002
3	0.25291	0.05121	0.01122	0.00814	0.01223	0.00983	0.00662	0.01535	0.04557	0.02076	0.08840	0.01439	0.01269	0.00543	0.00427	0.00126	0.00417	0.00409	0.00374	0.42773
4	0.01935	0.01170	0.01526	0.01337	0.06614	0.05450	0.05667	0.08288	0.08878	0.36425	0.01762	0.01767	0.01245	0.01076	0.09230	0.00260	0.05443	0.00558	0.00524	0.00845
5	0.01305	0.26503	0.39933	0.01537	0.05688	0.01631	0.06882	0.03797	0.01215	0.01676	0.00949	0.01141	0.00743	0.00537	0.00552	0.00164	0.04297	0.00409	0.00254	0.00789
6	0.01346	0.00702	0.00942	0.00921	0.01122	0.00649	0.00742	0.01537	0.01320	0.25035	0.02855	0.19120	0.07120	0.06357	0.00827	0.00241	0.00456	0.27516	0.00563	0.00629
7	0.00915	0.00693	0.00975	0.04322	0.01147	0.00778	0.00761	0.01090	0.01123	0.04410	0.12229	0.29379	0.02765	0.01920	0.15738	0.00353	0.12895	0.07531	0.00444	0.00532
8	0.01343	0.06749	0.02577	0.16390	0.25415	0.04745	0.29542	0.01716	0.01267	0.01688	0.01045	0.01407	0.00830	0.00514	0.00610	0.00177	0.02403	0.00544	0.00273	0.00765
9	0.00704	0.00503	0.00672	0.00789	0.00834	0.00471	0.00540	0.00822	0.01126	0.01510	0.08626	0.70826	0.03820	0.01707	0.00717	0.00226	0.00331	0.04780	0.00530	0.00465
10	0.00823	0.00598	0.00797	0.00846	0.00925	0.00623	0.00605	0.05597	0.01109	0.01512	0.02412	0.46064	0.02719	0.06641	0.25425	0.00457	0.00733	0.01171	0.00445	0.00497
11	0.12919	0.01099	0.01371	0.04883	0.11467	0.01145	0.00964	0.11439	0.11842	0.25068	0.01823	0.01824	0.04576	0.00927	0.05958	0.00227	0.00587	0.00552	0.00504	0.00824
12	0.01387	0.01486	0.07349	0.13592	0.07456	0.08991	0.16171	0.10577	0.08178	0.01992	0.10559	0.01781	0.01456	0.00672	0.00672	0.00182	0.05793	0.00591	0.00375	0.00740
13	0.00907	0.00565	0.00727	0.00765	0.00873	0.00514	0.00538	0.01042	0.01217	0.09928	0.12893	0.49229	0.12136	0.04927	0.00781	0.00225	0.00340	0.01326	0.00547	0.00519
14	0.01575	0.01350	0.01513	0.01357	0.06042	0.14401	0.05929	0.11257	0.03610	0.11528	0.09870	0.02044	0.06901	0.00931	0.03726	0.00209	0.13345	0.00611	0.03083	0.00718
15	0.07919	0.11887	0.15175	0.01341	0.09578	0.02731	0.04746	0.02975	0.03287	0.09149	0.05951	0.05355	0.13488	0.00805	0.00553	0.00175	0.00565	0.03204	0.00401	0.00716
16	0.01226	0.02077	0.35362	0.07613	0.07138	0.01355	0.33488	0.01763	0.01250	0.01770	0.01068	0.01366	0.00787	0.00509	0.00594	0.00183	0.00867	0.00535	0.00261	0.00789
17	0.01315	0.01325	0.01824	0.25742	0.33817	0.11397	0.01444	0.01623	0.01297	0.01686	0.09360	0.01682	0.01311	0.00618	0.00605	0.00174	0.03202	0.00540	0.00308	0.00730
18	0.01383	0.01195	0.02229	0.18212	0.10824	0.01196	0.30885	0.03794	0.01325	0.10641	0.01409	0.06865	0.01132	0.00626	0.00604	0.00183	0.00728	0.00650	0.05381	0.00740
19	0.01151	0.01212	0.07245	0.35436	0.25259	0.01206	0.04281	0.01562	0.04589	0.01639	0.01316	0.10160	0.01168	0.00681	0.00581	0.00186	0.00678	0.00629	0.00304	0.00719
20	0.00785	0.00535	0.00661	0.00702	0.00731	0.00538	0.00448	0.00854	0.00926	0.01271	0.02153	0.27097	0.02455	0.42140	0.12211	0.00477	0.00595	0.01020	0.03991	0.00407
21	0.01242	0.03165	0.20839	0.06417	0.09201	0.04234	0.22874	0.01744	0.06242	0.01720	0.01278	0.01691	0.01990	0.00850	0.05636	0.00234	0.06314	0.03283	0.00300	0.00746
22	0.10416	0.04732	0.01592	0.09872	0.10063	0.01205	0.07786	0.13896	0.04811	0.10501	0.03681	0.11676	0.01488	0.04982	0.00685	0.00200	0.00574	0.00672	0.00434	0.00735
23	0.01277	0.01301	0.02496	0.02611	0.34759	0.01258	0.32603	0.01631	0.01254	0.01743	0.01280	0.06843	0.01147	0.06318	0.00780	0.00208	0.00756	0.00667	0.00302	0.00766
24	0.00910	0.00761	0.01101	0.01037	0.01140	0.00852	0.05694	0.01174	0.06426	0.01538	0.06476	0.32872	0.02453	0.04859	0.15266	0.00358	0.13507	0.01017	0.02015	0.00544
25	0.04394	0.03319	0.01709	0.06814	0.11112	0.08674	0.15002	0.05347	0.04731	0.01851	0.09915	0.14894	0.02029	0.00895	0.00617	0.00190	0.00626	0.06803	0.00406	0.00671
26	0.01156	0.05961	0.53682	0.01624	0.02302	0.01346	0.11987	0.01699	0.01166	0.01705	0.01037	0.01297	0.00784	0.00816	0.06203	0.00234	0.05506	0.00463	0.00249	0.00780
27	0.00912	0.00749	0.00848	0.00885	0.01026	0.06145	0.00710	0.01141	0.01401	0.01822	0.28373	0.10837	0.11516	0.01348	0.00702	0.00213	0.00428	0.29883	0.00537	0.00523
28	0.01033	0.00957	0.01368	0.01201	0.01289	0.03533	0.08543	0.01175	0.00971	0.01361	0.01523	0.16519	0.01644	0.16722	0.11460	0.00376	0.28671	0.00790	0.00329	0.00535
29	0.00916	0.00770	0.00929	0.05844	0.01108	0.06194	0.05032	0.01010	0.01005	0.01284	0.02033	0.26901	0.02317	0.40160	0.01747	0.00374	0.00549	0.00999	0.00384	0.00443
30	0.01303	0.01674	0.11957	0.02260	0.02847	0.01417	0.64388	0.01789	0.01301	0.01789	0.01114	0.01472	0.00835	0.00494	0.00677	0.00190	0.02820	0.00631	0.00278	0.00764
31	0.01075	0.00589	0.00632	0.00611	0.00755	0.00610	0.00467	0.05090	0.01222	0.02076	0.01770	0.02073	0.01413	0.01095	0.09945	0.00228	0.00434	0.00533	0.68837	0.00544
32	0.01290	0.01308	0.02168	0.33924	0.30655	0.05833	0.13414	0.01652	0.01244	0.01642	0.01037	0.01435	0.00818	0.00527	0.00574	0.00178	0.00768	0.00519	0.00269	0.00747
33	0.00782	0.00558	0.00763	0.00894	0.00968	0.00540	0.00690	0.00950	0.01172	0.01544	0.03049	0.47879	0.03512	0.01672	0.00744	0.00242	0.00410	0.32626	0.00521	0.00484
34	0.01328	0.16454	0.06106	0.39619	0.06305	0.06668	0.07805	0.06302	0.01286	0.01616	0.00988	0.01324	0.00770	0.00544	0.00528	0.00169	0.00749	0.00463	0.00275	0.00702
35	0.02001	0.16501	0.15771	0.01188	0.01714	0.01218	0.05557	0.02307	0.01427	0.44214	0.01658	0.01564	0.01107	0.00612	0.00527	0.00166	0.00596	0.00494	0.00500	0.00878
36	0.04868	0.00692	0.00860	0.00797	0.01018	0.00625	0.00614	0.01461	0.01365	0.23772	0.14364	0.20945	0.20291	0.01215	0.00640	0.00195	0.00367	0.04702	0.00580	0.00629
