[name]
unknown

[dist]
# distance from previous block
# <min> <max>
0	48

[block]
# block no. 0 follows, 47 sequences, length 45
# corresponding to MSA columns:
# 51-95
name=unknown_A
#
# <colnr> <probs for GDERKNQSTAVLIFYWHMCP>
#	G	D	E	R	K	N	Q	S	T	A	V	L	I	F	Y	W	H	M	C	P
0	0.01155	0.00950	0.01194	0.06217	0.03570	0.03644	0.05618	0.18784	0.07671	0.02010	0.12691	0.21061	0.05424	0.00996	0.00592	0.00181	0.00472	0.06684	0.00464	0.00623
1	0.00652	0.00536	0.00562	0.00563	0.00717	0.00467	0.00412	0.00812	0.02955	0.01442	0.10189	0.08904	0.61366	0.07178	0.00765	0.00201	0.00286	0.01071	0.00479	0.00442
2	0.03000	0.00620	0.02859	0.00711	0.00861	0.00541	0.00544	0.01059	0.03331	0.07213	0.32105	0.27494	0.15271	0.01208	0.00610	0.00180	0.00303	0.01060	0.00519	0.00509
3	0.01362	0.41261	0.22029	0.01292	0.07864	0.09798	0.01225	0.03456	0.04629	0.01469	0.00883	0.01011	0.00726	0.00485	0.00417	0.00135	0.00650	0.00345	0.00251	0.00712
4	0.01507	0.10127	0.01340	0.01016	0.01268	0.18859	0.00803	0.15780	0.09690	0.05877	0.03993	0.01617	0.01155	0.00923	0.00855	0.19865	0.00585	0.03764	0.00370	0.00606
5	0.01223	0.01345	0.02826	0.02309	0.15024	0.01275	0.61267	0.01633	0.01221	0.01669	0.01110	0.01566	0.00885	0.00483	0.00603	0.00175	0.00820	0.03583	0.00271	0.00713
6	0.00656	0.00479	0.00610	0.00706	0.00762	0.00445	0.00489	0.00759	0.01025	0.01339	0.03124	0.59436	0.13916	0.06678	0.00789	0.00227	0.00324	0.07340	0.00472	0.00423
7	0.01732	0.01427	0.06436	0.01159	0.01554	0.04152	0.00983	0.40811	0.25558	0.08335	0.01543	0.01483	0.01112	0.00640	0.00520	0.00163	0.00539	0.00500	0.00504	0.00849
8	0.00704	0.00501	0.00661	0.00762	0.00817	0.00481	0.00555	0.00825	0.01026	0.01353	0.02752	0.49067	0.05247	0.11704	0.00929	0.00255	0.00374	0.21098	0.00461	0.00425
9	0.03339	0.01084	0.01579	0.24216	0.29192	0.04295	0.01249	0.05511	0.07367	0.01635	0.01130	0.01490	0.00929	0.02428	0.12094	0.00267	0.00739	0.00483	0.00293	0.00681
10	0.01140	0.01434	0.20628	0.06364	0.07934	0.01006	0.01115	0.04199	0.10993	0.01778	0.01097	0.01239	0.00852	0.00478	0.00455	0.00127	0.00530	0.00392	0.00313	0.37924
11	0.75465	0.01045	0.00829	0.00740	0.01046	0.03340	0.00605	0.03448	0.00939	0.02260	0.00766	0.00913	0.00607	0.00634	0.03476	0.00188	0.02504	0.00304	0.00322	0.00570
12	0.01777	0.01269	0.01383	0.01117	0.01488	0.01400	0.00904	0.41498	0.29188	0.11809	0.01656	0.01560	0.01185	0.00657	0.00524	0.00164	0.00500	0.00518	0.00539	0.00864
13	0.00724	0.00542	0.00707	0.00763	0.00836	0.00561	0.00541	0.00949	0.07155	0.01349	0.02444	0.45187	0.06019	0.07342	0.21894	0.00393	0.00615	0.01097	0.00422	0.00461
14	0.00639	0.00458	0.00608	0.00726	0.00762	0.00427	0.00490	0.00734	0.01006	0.01336	0.02919	0.77978	0.05031	0.01620	0.00665	0.00211	0.00305	0.03176	0.00483	0.00425
15	0.01050	0.00982	0.01070	0.02999	0.01140	0.12373	0.00767	0.04108	0.00977	0.01275	0.01203	0.01912	0.01169	0.16612	0.34654	0.00518	0.15874	0.00536	0.00283	0.00497
16	0.01396	0.01458	0.01592	0.29205	0.18302	0.25509	0.01254	0.01644	0.01210	0.04835	0.00997	0.02863	0.00816	0.00671	0.03266	0.00182	0.03433	0.00450	0.00273	0.00644
17	0.00654	0.00468	0.00622	0.00712	0.00760	0.00436	0.00485	0.00774	0.01088	0.01475	0.17284	0.66530	0.03726	0.01523	0.00655	0.00202	0.00291	0.01377	0.00501	0.00436
18	0.00898	0.00456	0.00685	0.00685	0.00688	0.00460	0.00460	0.00688	0.00685	0.00917	0.00924	0.01601	0.00920	0.01891	0.05078	0.81555	0.00489	0.00456	0.00228	0.00236
19	0.01005	0.01073	0.09525	0.04269	0.19738	0.00912	0.10590	0.06014	0.01176	0.01618	0.01822	0.36117	0.01942	0.00984	0.00591	0.00184	0.00529	0.00917	0.00369	0.00624
20	0.01269	0.04057	0.01660	0.02115	0.41549	0.06196	0.01178	0.06069	0.01235	0.04244	0.06188	0.07685	0.01372	0.06388	0.02761	0.00202	0.04218	0.00582	0.00327	0.00702
21	0.01080	0.00926	0.01080	0.00771	0.01234	0.00694	0.00617	0.01311	0.01080	0.01697	0.00926	0.01080	0.00771	0.00386	0.00386	0.00077	0.00386	0.00309	0.00309	0.84882
22	0.01137	0.00960	0.01111	0.00799	0.01258	0.00753	0.00641	0.06120	0.01167	0.01798	0.00946	0.01091	0.00779	0.00401	0.00394	0.00082	0.00398	0.00319	0.00322	0.79525
23	0.00644	0.00467	0.00608	0.00703	0.00754	0.00431	0.00477	0.00753	0.01061	0.01414	0.10811	0.67474	0.09382	0.01549	0.00656	0.00204	0.00293	0.01395	0.00493	0.00431
24	0.01244	0.33196	0.37240	0.01178	0.01744	0.03739	0.01345	0.06371	0.01204	0.01607	0.05878	0.01183	0.00954	0.00522	0.00441	0.00143	0.00646	0.00384	0.00264	0.00715
25	0.00722	0.00529	0.00678	0.00646	0.00770	0.00484	0.00482	0.00953	0.01432	0.02000	0.68966	0.06580	0.11598	0.01107	0.00616	0.00166	0.00249	0.00974	0.00562	0.00484
26	0.00751	0.00532	0.00704	0.00704	0.00751	0.00579	0.00485	0.00845	0.00798	0.01110	0.01517	0.02719	0.01594	0.42376	0.41564	0.00673	0.00955	0.00657	0.00297	0.00391
27	0.00633	0.00524	0.00546	0.00557	0.00711	0.00448	0.00411	0.00758	0.01148	0.01382	0.04803	0.09889	0.65991	0.06469	0.00752	0.00201	0.00289	0.03584	0.00473	0.00432
28	0.01683	0.01630	0.01464	0.01394	0.09090	0.25405	0.01007	0.24848	0.20546	0.02163	0.01367	0.01529	0.01079	0.00637	0.00515	0.00158	0.00646	0.03660	0.00418	0.00760
29	0.00705	0.00531	0.00651	0.00621	0.00758	0.00478	0.00466	0.00920	0.01397	0.01906	0.58684	0.04190	0.24518	0.01133	0.00615	0.00167	0.00251	0.00984	0.00549	0.00478
30	0.00744	0.00556	0.00828	0.00828	0.00917	0.00646	0.00639	0.00924	0.00834	0.01202	0.01403	0.02093	0.01322	0.06579	0.76989	0.00826	0.01364	0.00565	0.00280	0.00460
31	0.00778	0.00565	0.00756	0.00820	0.00940	0.00544	0.00679	0.01000	0.01263	0.01680	0.24285	0.10052	0.10191	0.01335	0.00677	0.00211	0.00383	0.42859	0.00507	0.00476
32	0.00757	0.00505	0.00568	0.00568	0.00568	0.00505	0.00316	0.00757	0.00757	0.01010	0.01641	0.03408	0.01893	0.81698	0.02651	0.00505	0.00505	0.00757	0.00316	0.00316
33	0.01945	0.02482	0.01476	0.01342	0.01610	0.79608	0.01006	0.02079	0.01476	0.01275	0.00805	0.00939	0.00671	0.00537	0.00470	0.00134	0.00939	0.00335	0.00268	0.00604
34	0.00725	0.00541	0.00729	0.00709	0.00826	0.00546	0.00540	0.00934	0.01198	0.01672	0.40214	0.03328	0.12467	0.02172	0.30554	0.00420	0.00683	0.00815	0.00451	0.00475
35	0.01313	0.01127	0.01187	0.01063	0.01361	0.01304	0.00829	0.04668	0.75580	0.02207	0.02097	0.01925	0.01572	0.00704	0.00530	0.00176	0.00416	0.00586	0.00530	0.00826
36	0.01945	0.02482	0.01476	0.01342	0.01610	0.79608	0.01006	0.02079	0.01476	0.01275	0.00805	0.00939	0.00671	0.00537	0.00470	0.00134	0.00939	0.00335	0.00268	0.00604
37	0.06447	0.00724	0.00926	0.00904	0.05902	0.00689	0.00642	0.04137	0.01266	0.06199	0.31414	0.09996	0.02735	0.01250	0.10549	0.00238	0.00477	0.00726	0.00450	0.14328
38	0.01245	0.49186	0.27638	0.01135	0.01678	0.01687	0.04652	0.01571	0.01096	0.01418	0.03842	0.01067	0.00837	0.00486	0.00410	0.00134	0.00629	0.00355	0.00237	0.00696
39	0.01839	0.08896	0.16554	0.07586	0.05197	0.01027	0.01096	0.02132	0.01323	0.46706	0.01571	0.01500	0.01039	0.00578	0.00500	0.00158	0.00546	0.00466	0.00471	0.00815
40	0.00757	0.00507	0.00577	0.00577	0.00580	0.00510	0.00327	0.00763	0.00760	0.01016	0.01633	0.03362	0.01873	0.79084	0.05238	0.00516	0.00535	0.00751	0.00314	0.00321
41	0.00990	0.00736	0.00873	0.00863	0.01049	0.00752	0.00695	0.07452	0.14786	0.04443	0.08068	0.12601	0.17776	0.01188	0.00629	0.00198	0.00396	0.25426	0.00505	0.00574
42	0.01665	0.07690	0.03784	0.23063	0.02144	0.04904	0.03620	0.29539	0.01667	0.15031	0.01218	0.01330	0.00864	0.00571	0.00507	0.00158	0.00616	0.00458	0.00410	0.00762
43	0.85377	0.01007	0.00765	0.00685	0.01007	0.01168	0.00564	0.01531	0.00886	0.02336	0.00725	0.00846	0.00564	0.00483	0.00322	0.00161	0.00403	0.00282	0.00322	0.00564
44	0.00987	0.01319	0.20251	0.17099	0.11323	0.01008	0.03170	0.01465	0.09730	0.01631	0.08137	0.04455	0.14539	0.00745	0.00563	0.00171	0.01773	0.00639	0.00344	0.00651

[dist]
# distance from previous block
# <min> <max>
0	1

[block]
# block no. 1 follows, 47 sequences, length 25
# corresponding to MSA columns:
# 97-121
name=unknown_B
#
# <colnr> <probs for GDERKNQSTAVLIFYWHMCP>
#	G	D	E	R	K	N	Q	S	T	A	V	L	I	F	Y	W	H	M	C	P
0	0.01539	0.06705	0.18575	0.01281	0.05769	0.03845	0.01148	0.16226	0.22757	0.12888	0.01462	0.01447	0.01061	0.00605	0.00530	0.00162	0.02290	0.00475	0.00427	0.00810
1	0.01233	0.01180	0.02013	0.17342	0.64742	0.01223	0.01570	0.01549	0.01159	0.01633	0.00970	0.01307	0.00801	0.00474	0.00516	0.00158	0.00632	0.00464	0.00253	0.00780
2	0.00676	0.00494	0.00645	0.00751	0.00818	0.00463	0.00549	0.00804	0.01064	0.01388	0.03142	0.55755	0.12558	0.01552	0.00670	0.00213	0.00335	0.17203	0.00483	0.00437
3	0.01155	0.01112	0.01930	0.20452	0.41512	0.01164	0.10217	0.01502	0.02810	0.01651	0.08567	0.01591	0.01205	0.00548	0.00564	0.00164	0.02320	0.00531	0.00289	0.00716
4	0.00685	0.00508	0.00654	0.00676	0.00774	0.00477	0.00490	0.00856	0.01210	0.01647	0.34590	0.29441	0.15347	0.01569	0.08383	0.00247	0.00380	0.01106	0.00501	0.00458
5	0.01245	0.03287	0.20467	0.01652	0.02167	0.01176	0.37627	0.03224	0.04750	0.08186	0.09649	0.01646	0.01291	0.00554	0.00567	0.00169	0.00712	0.00577	0.00336	0.00719
6	0.01045	0.02694	0.79000	0.01484	0.02254	0.01209	0.01924	0.01649	0.01099	0.01649	0.00935	0.01099	0.00660	0.00495	0.00495	0.00165	0.00770	0.00385	0.00220	0.00770
7	0.00737	0.00535	0.00651	0.00628	0.00769	0.00478	0.00469	0.00934	0.01350	0.03990	0.47742	0.09806	0.27650	0.01173	0.00616	0.00171	0.00261	0.01018	0.00541	0.00481
8	0.85377	0.01007	0.00765	0.00685	0.01007	0.01168	0.00564	0.01531	0.00886	0.02336	0.00725	0.00846	0.00564	0.00483	0.00322	0.00161	0.00403	0.00282	0.00322	0.00564
9	0.01080	0.00926	0.01080	0.00771	0.01234	0.00694	0.00617	0.01311	0.01080	0.01697	0.00926	0.01080	0.00771	0.00386	0.00386	0.00077	0.00386	0.00309	0.00309	0.84882
10	0.00744	0.00558	0.00837	0.00837	0.00930	0.00651	0.00651	0.00930	0.00837	0.01209	0.01395	0.02046	0.01302	0.03906	0.79635	0.00837	0.01395	0.00558	0.00279	0.00465
11	0.00887	0.00567	0.00737	0.00675	0.00828	0.00515	0.00513	0.01123	0.01460	0.09578	0.66771	0.03743	0.08517	0.01037	0.00605	0.00164	0.00266	0.00909	0.00575	0.00527
12	0.00745	0.00553	0.00811	0.00811	0.00894	0.00637	0.00618	0.00913	0.00829	0.01189	0.01419	0.02179	0.01360	0.11538	0.72082	0.00804	0.01308	0.00578	0.00283	0.00450
13	0.01212	0.01305	0.02658	0.12303	0.20557	0.01278	0.49534	0.01609	0.01195	0.01633	0.01020	0.01376	0.00786	0.00455	0.00580	0.00170	0.00794	0.00560	0.00258	0.00715
14	0.01045	0.02694	0.79000	0.01484	0.02254	0.01209	0.01924	0.01649	0.01099	0.01649	0.00935	0.01099	0.00660	0.00495	0.00495	0.00165	0.00770	0.00385	0.00220	0.00770
15	0.00815	0.00610	0.00779	0.00728	0.00846	0.00603	0.02943	0.01088	0.08644	0.01635	0.32512	0.03537	0.09674	0.23308	0.02888	0.03885	0.00399	0.04187	0.00455	0.00466
16	0.00634	0.00453	0.00604	0.00725	0.00755	0.00423	0.00483	0.00725	0.00997	0.01329	0.02870	0.81358	0.03444	0.01632	0.00665	0.00211	0.00302	0.01480	0.00483	0.00423
17	0.01343	0.02041	0.42421	0.01321	0.01899	0.01334	0.01449	0.21671	0.17325	0.02190	0.01264	0.01314	0.00912	0.00573	0.00509	0.00165	0.00644	0.00449	0.00364	0.00812
18	0.01798	0.02236	0.01498	0.01346	0.01565	0.65323	0.01031	0.01928	0.01352	0.01271	0.00783	0.00976	0.00673	0.00605	0.00697	0.00151	0.15552	0.00357	0.00261	0.00597
19	0.01165	0.01175	0.01648	0.17465	0.01934	0.05830	0.08294	0.01488	0.08451	0.01392	0.00947	0.01356	0.00823	0.03356	0.01208	0.00210	0.41901	0.00488	0.00267	0.00603
20	0.01925	0.05403	0.01522	0.01325	0.01600	0.76759	0.01002	0.02060	0.01460	0.01273	0.00802	0.00935	0.00671	0.00533	0.00465	0.00133	0.00925	0.00333	0.00267	0.00606
21	0.01394	0.00824	0.00994	0.00827	0.01091	0.00801	0.00658	0.18033	0.01659	0.21336	0.33585	0.02916	0.11895	0.00894	0.00571	0.00163	0.00369	0.00752	0.00569	0.00670
22	0.01182	0.01005	0.01068	0.00979	0.01239	0.01134	0.00753	0.04368	0.60492	0.02049	0.02479	0.10009	0.09272	0.00855	0.00551	0.00179	0.00391	0.00723	0.00521	0.00749
23	0.00745	0.00527	0.00684	0.00684	0.00719	0.00538	0.02189	0.00806	0.00824	0.01117	0.01785	0.16112	0.02013	0.51467	0.17084	0.00512	0.00651	0.00836	0.00335	0.00371
24	0.01725	0.02115	0.01508	0.01349	0.01544	0.58269	0.01043	0.01854	0.01290	0.01269	0.00772	0.00994	0.00674	0.00639	0.00809	0.00160	0.22768	0.00368	0.00257	0.00594

[dist]
# distance from previous block
# <min> <max>
0	1

[block]
# block no. 2 follows, 47 sequences, length 110
# corresponding to MSA columns:
# 123-232
name=unknown_C
#
# <colnr> <probs for GDERKNQSTAVLIFYWHMCP>
#	G	D	E	R	K	N	Q	S	T	A	V	L	I	F	Y	W	H	M	C	P
0	0.03128	0.18165	0.01673	0.01218	0.10294	0.02942	0.02247	0.09077	0.01381	0.30142	0.02965	0.02599	0.01077	0.00572	0.00486	0.00142	0.01635	0.00453	0.00434	0.09370
1	0.01945	0.02482	0.01476	0.01342	0.01610	0.79608	0.01006	0.02079	0.01476	0.01275	0.00805	0.00939	0.00671	0.00537	0.00470	0.00134	0.00939	0.00335	0.00268	0.00604
2	0.26649	0.06986	0.01398	0.01274	0.07880	0.44781	0.00917	0.01843	0.01250	0.01623	0.00791	0.00934	0.00652	0.00509	0.00421	0.00142	0.00729	0.00327	0.00281	0.00615
3	0.01295	0.01119	0.01178	0.01060	0.01354	0.01295	0.00824	0.02767	0.77509	0.02178	0.02120	0.01943	0.01590	0.00707	0.00530	0.00177	0.00412	0.00589	0.00530	0.00824
4	0.00670	0.00507	0.00618	0.00637	0.00749	0.00455	0.00460	0.00835	0.01246	0.01657	0.33800	0.27250	0.26602	0.01310	0.00630	0.00182	0.00268	0.01149	0.00520	0.00455
5	0.01532	0.01236	0.01311	0.01108	0.01444	0.01406	0.00882	0.28353	0.51537	0.02560	0.01819	0.01703	0.01346	0.00678	0.00527	0.00170	0.00468	0.00547	0.00527	0.00846
6	0.00751	0.00530	0.00696	0.00696	0.00740	0.00574	0.00475	0.00839	0.00795	0.01104	0.01524	0.02760	0.01612	0.44706	0.39259	0.00663	0.00928	0.00663	0.00298	0.00387
7	0.01216	0.01097	0.01090	0.03828	0.01295	0.10121	0.00775	0.06595	0.35907	0.02055	0.23963	0.02488	0.03713	0.00809	0.00553	0.00168	0.00444	0.02702	0.00499	0.00681
8	0.01026	0.00879	0.01016	0.00743	0.01173	0.00665	0.00591	0.01246	0.01092	0.01663	0.01430	0.01536	0.09751	0.00494	0.00412	0.00089	0.00372	0.00400	0.00329	0.75094
9	0.01022	0.00948	0.01558	0.19613	0.27507	0.01008	0.05931	0.01303	0.01185	0.01635	0.17551	0.04753	0.07120	0.00728	0.00633	0.00170	0.05709	0.00651	0.00340	0.00635
10	0.00983	0.00926	0.01562	0.80447	0.03587	0.01157	0.01446	0.01331	0.01041	0.01331	0.00926	0.01388	0.00694	0.00521	0.00521	0.00174	0.00694	0.00463	0.00231	0.00579
11	0.01218	0.01629	0.26929	0.24838	0.02386	0.01254	0.04109	0.15304	0.10617	0.01908	0.01292	0.01466	0.03594	0.00579	0.00520	0.00168	0.00654	0.00482	0.00327	0.00726
12	0.00866	0.00732	0.01265	0.01061	0.01260	0.00742	0.17334	0.01129	0.01115	0.01604	0.22058	0.02394	0.02166	0.02122	0.34814	0.00455	0.00883	0.00668	0.06808	0.00526
13	0.00897	0.00805	0.02450	0.09926	0.22694	0.00772	0.00903	0.01150	0.01270	0.01733	0.30702	0.03078	0.18541	0.02106	0.00606	0.00170	0.00414	0.00778	0.00420	0.00585
14	0.00755	0.00504	0.00569	0.00571	0.00572	0.00503	0.00319	0.00757	0.00763	0.01017	0.01668	0.05145	0.01928	0.79915	0.02606	0.00498	0.00500	0.00773	0.00319	0.00318
15	0.01076	0.10065	0.01030	0.03591	0.01037	0.00756	0.00610	0.03238	0.01358	0.13808	0.34814	0.08095	0.16558	0.00977	0.00565	0.00163	0.00344	0.00832	0.00509	0.00574
16	0.01022	0.00888	0.01157	0.22917	0.01830	0.00820	0.00832	0.03951	0.01129	0.01610	0.01485	0.03416	0.09793	0.00568	0.00461	0.00121	0.00462	0.00475	0.00319	0.46744
17	0.03292	0.07270	0.72491	0.01429	0.02168	0.01258	0.01828	0.01641	0.01091	0.01643	0.00917	0.01077	0.00658	0.00492	0.00481	0.00162	0.00748	0.00376	0.00223	0.00758
18	0.01017	0.00951	0.01598	0.59020	0.18221	0.01117	0.01403	0.01337	0.01067	0.01404	0.01085	0.07489	0.00931	0.00594	0.00531	0.00173	0.00649	0.00541	0.00256	0.00615
19	0.01980	0.01459	0.01563	0.01198	0.01615	0.01615	0.00990	0.76713	0.02448	0.03282	0.01250	0.01250	0.00886	0.00625	0.00521	0.00156	0.00573	0.00469	0.00521	0.00886
20	0.00854	0.00639	0.00758	0.00689	0.00858	0.00610	0.00527	0.09708	0.01522	0.02072	0.52749	0.03838	0.21052	0.01071	0.00604	0.00166	0.00288	0.00923	0.00547	0.00525
21	0.85377	0.01007	0.00765	0.00685	0.01007	0.01168	0.00564	0.01531	0.00886	0.02336	0.00725	0.00846	0.00564	0.00483	0.00322	0.00161	0.00403	0.00282	0.00322	0.00564
22	0.01392	0.82012	0.02729	0.00891	0.01337	0.02061	0.00891	0.01559	0.01058	0.01225	0.00724	0.00835	0.00668	0.00446	0.00334	0.00111	0.00557	0.00278	0.00223	0.00668
23	0.01026	0.00879	0.01016	0.00743	0.01173	0.00665	0.00591	0.01246	0.01092	0.01663	0.01430	0.01536	0.09751	0.00494	0.00412	0.00089	0.00372	0.00400	0.00329	0.75094
24	0.01298	0.01283	0.01795	0.06320	0.46511	0.10263	0.02836	0.03365	0.04194	0.01646	0.01220	0.03606	0.01106	0.00633	0.00589	0.00168	0.04128	0.08009	0.00301	0.00731
25	0.01028	0.03379	0.14644	0.01202	0.09940	0.00937	0.02313	0.09959	0.01405	0.01951	0.30904	0.02680	0.11816	0.00843	0.00619	0.00166	0.04453	0.00708	0.00427	0.00629
26	0.01392	0.82012	0.02729	0.00891	0.01337	0.02061	0.00891	0.01559	0.01058	0.01225	0.00724	0.00835	0.00668	0.00446	0.00334	0.00111	0.00557	0.00278	0.00223	0.00668
27	0.01141	0.01120	0.01502	0.34533	0.16455	0.10201	0.01228	0.02953	0.01108	0.01414	0.01127	0.05572	0.01024	0.04794	0.04182	0.00219	0.07353	0.03197	0.00274	0.00603
28	0.00636	0.00527	0.00557	0.00553	0.00717	0.00448	0.00413	0.00786	0.01230	0.01518	0.17278	0.06424	0.64550	0.01283	0.00616	0.00175	0.00262	0.01081	0.00498	0.00448
29	0.00800	0.00663	0.00937	0.24665	0.01667	0.00700	0.00829	0.01032	0.01178	0.01506	0.13461	0.03911	0.25893	0.01080	0.00635	0.01594	0.00444	0.18096	0.00415	0.00494
30	0.01777	0.00820	0.01042	0.00849	0.01175	0.00746	0.00684	0.02118	0.10249	0.49769	0.09498	0.02537	0.14792	0.00805	0.00548	0.00166	0.00391	0.00667	0.00597	0.00767
31	0.01105	0.00948	0.01091	0.00805	0.01248	0.00764	0.00641	0.01480	0.09939	0.01753	0.01064	0.01180	0.00866	0.00423	0.00402	0.00089	0.00389	0.00341	0.00334	0.75138
32	0.01945	0.02482	0.01476	0.01342	0.01610	0.79608	0.01006	0.02079	0.01476	0.01275	0.00805	0.00939	0.00671	0.00537	0.00470	0.00134	0.00939	0.00335	0.00268	0.00604
33	0.00643	0.00529	0.00571	0.00596	0.00752	0.00457	0.00455	0.00784	0.01170	0.01417	0.04755	0.12380	0.62396	0.01363	0.00632	0.00187	0.00292	0.09695	0.00483	0.00443
34	0.01399	0.00868	0.01054	0.00789	0.01201	0.00686	0.00635	0.01610	0.01214	0.24579	0.01765	0.01741	0.09905	0.00571	0.00453	0.00114	0.00389	0.00464	0.00429	0.50132
35	0.00679	0.00494	0.00692	0.00764	0.00817	0.00512	0.00543	0.00804	0.00931	0.01276	0.02281	0.49399	0.02594	0.04365	0.30720	0.00456	0.00722	0.01113	0.00402	0.00436
36	0.00725	0.00518	0.00708	0.00829	0.00899	0.00501	0.00641	0.00882	0.01087	0.01431	0.02820	0.47882	0.03246	0.01546	0.00689	0.00224	0.00381	0.34061	0.00482	0.00448
37	0.79021	0.00998	0.00799	0.00703	0.01032	0.01137	0.00579	0.01608	0.00933	0.08190	0.00827	0.00917	0.00619	0.00496	0.00338	0.00161	0.00406	0.00300	0.00347	0.00589
38	0.01263	0.00651	0.00852	0.00734	0.00956	0.00579	0.00574	0.01483	0.01453	0.27783	0.45770	0.03284	0.10585	0.00947	0.00584	0.00164	0.00314	0.00816	0.00589	0.00619
39	0.01513	0.01160	0.01315	0.01113	0.01398	0.01322	0.00904	0.29656	0.26895	0.06226	0.03699	0.03822	0.01459	0.00790	0.00684	0.00180	0.09784	0.06814	0.00493	0.00773
40	0.01662	0.01274	0.01364	0.01122	0.01479	0.01430	0.00902	0.38308	0.38690	0.05466	0.01699	0.01604	0.01240	0.00665	0.00525	0.00166	0.00491	0.00529	0.00530	0.00856
41	0.01590	0.00767	0.01138	0.00963	0.01235	0.00685	0.07012	0.01774	0.01284	0.42256	0.02284	0.29917	0.02069	0.01004	0.00588	0.00183	0.00431	0.03579	0.00550	0.00693
42	0.02321	0.00911	0.01224	0.00938	0.01342	0.00802	0.00775	0.05772	0.01532	0.75517	0.02019	0.01750	0.01272	0.00644	0.00524	0.00161	0.00449	0.00521	0.00639	0.00886
43	0.01750	0.01151	0.01331	0.01068	0.01407	0.01246	0.00872	0.45117	0.03990	0.15872	0.01445	0.01535	0.01067	0.01355	0.17977	0.00308	0.00727	0.00501	0.00489	0.00791
44	0.09618	0.04998	0.01636	0.18998	0.16757	0.01349	0.02400	0.26234	0.04298	0.07079	0.01130	0.01290	0.00840	0.00550	0.00494	0.00159	0.00582	0.00450	0.00377	0.00760
45	0.00765	0.00592	0.00790	0.00833	0.00900	0.00636	0.00638	0.00900	0.01002	0.01340	0.02557	0.29643	0.10323	0.09626	0.09480	0.00313	0.09803	0.18997	0.00414	0.00449
46	0.01980	0.01459	0.01563	0.01198	0.01615	0.01615	0.00990	0.76713	0.02448	0.03282	0.01250	0.01250	0.00886	0.00625	0.00521	0.00156	0.00573	0.00469	0.00521	0.00886
47	0.01030	0.00768	0.00918	0.00905	0.01099	0.00807	0.00735	0.01660	0.26403	0.05660	0.12671	0.03981	0.09008	0.02972	0.00670	0.00206	0.00407	0.28980	0.00513	0.00608
48	0.00737	0.00497	0.00578	0.00594	0.00613	0.00486	0.00355	0.00753	0.00833	0.01100	0.03595	0.14086	0.07841	0.59127	0.02155	0.04639	0.00451	0.00870	0.00352	0.00339
49	0.02133	0.00932	0.01202	0.00953	0.01334	0.00869	0.00777	0.02583	0.16371	0.63810	0.02067	0.01806	0.01348	0.00657	0.00525	0.00164	0.00437	0.00536	0.00622	0.00874
50	0.01982	0.01208	0.10269	0.01040	0.01471	0.01002	0.00938	0.18901	0.03292	0.46505	0.01888	0.01804	0.04169	0.00669	0.00528	0.00163	0.00503	0.02268	0.00555	0.00844
51	0.00700	0.00496	0.00636	0.00723	0.00771	0.00476	0.00507	0.00800	0.00990	0.01303	0.02689	0.45656	0.06737	0.19817	0.01125	0.00282	0.00380	0.15059	0.00444	0.00410
52	0.49922	0.00956	0.00955	0.00788	0.01145	0.00996	0.00650	0.01961	0.01144	0.34988	0.01293	0.01242	0.00874	0.00552	0.00408	0.00161	0.00420	0.00385	0.00460	0.00702
53	0.00833	0.00607	0.00748	0.00789	0.00883	0.00547	0.00553	0.00946	0.01290	0.01763	0.30922	0.42617	0.11202	0.01463	0.00702	0.00217	0.00335	0.02488	0.00563	0.00532
54	0.05077	0.01350	0.01437	0.07454	0.01679	0.07930	0.00958	0.43293	0.03958	0.19557	0.01368	0.01353	0.00948	0.00610	0.00510	0.00158	0.00574	0.00465	0.00497	0.00824
55	0.02136	0.00931	0.01203	0.00952	0.01334	0.00867	0.00777	0.02582	0.16121	0.64062	0.02067	0.01805	0.01347	0.00656	0.00525	0.00164	0.00437	0.00536	0.00622	0.00874
56	0.01009	0.00566	0.00725	0.00727	0.00872	0.00504	0.00528	0.01138	0.01160	0.18464	0.05602	0.45820	0.18187	0.01332	0.00622	0.00192	0.00324	0.01175	0.00522	0.00531
57	0.01196	0.00907	0.01017	0.00944	0.01176	0.00996	0.00719	0.02160	0.48272	0.08573	0.08101	0.19599	0.02227	0.00933	0.00566	0.00182	0.00378	0.00807	0.00533	0.00716
58	0.01230	0.01148	0.01897	0.28690	0.48926	0.01234	0.01511	0.06104	0.01215	0.01675	0.00978	0.01320	0.00785	0.00493	0.00518	0.00161	0.00641	0.00464	0.00265	0.00747
59	0.01252	0.01170	0.01891	0.16297	0.13560	0.01171	0.20232	0.10300	0.07135	0.01843	0.01095	0.01336	0.00846	0.00488	0.00515	0.00148	0.00626	0.00478	0.00317	0.19301
60	0.00656	0.00468	0.00608	0.00711	0.00748	0.00440	0.00478	0.00745	0.00987	0.01308	0.02820	0.66903	0.05949	0.10219	0.00879	0.00243	0.00330	0.04628	0.00465	0.00415
61	0.23086	0.04592	0.04904	0.01506	0.09665	0.29897	0.14226	0.01762	0.01206	0.01674	0.00846	0.01041	0.00680	0.00501	0.00485	0.00153	0.02471	0.00387	0.00276	0.00642
62	0.01709	0.01106	0.01329	0.01105	0.01405	0.01202	0.00925	0.34951	0.01771	0.19292	0.01694	0.02373	0.01417	0.00842	0.00703	0.00184	0.09817	0.16911	0.00505	0.00760
63	0.01436	0.01330	0.06292	0.04080	0.37108	0.01233	0.21186	0.08296	0.01336	0.10830	0.01145	0.01365	0.00864	0.00495	0.00542	0.00162	0.00672	0.00507	0.00325	0.00797
64	0.01188	0.00957	0.01104	0.00831	0.01261	0.00804	0.00662	0.01636	0.14509	0.06124	0.01199	0.01270	0.00944	0.00457	0.00419	0.00099	0.00394	0.00370	0.00366	0.65408
65	0.00746	0.00560	0.00705	0.00780	0.00905	0.00529	0.00640	0.00927	0.01157	0.01464	0.03538	0.11245	0.27718	0.05416	0.00777	0.00230	0.00396	0.41339	0.00473	0.00454
66	0.00636	0.00471	0.00596	0.00693	0.00754	0.00431	0.00476	0.00739	0.01039	0.01350	0.03330	0.64681	0.17827	0.01566	0.00657	0.00205	0.00299	0.03338	0.00483	0.00428
67	0.01482	0.10398	0.28060	0.03598	0.03505	0.34990	0.04753	0.01802	0.01252	0.01424	0.00855	0.01031	0.00676	0.00520	0.00518	0.00149	0.03698	0.00370	0.00244	0.00674
68	0.00705	0.00536	0.00663	0.00726	0.00848	0.00494	0.00573	0.00873	0.01171	0.01492	0.09294	0.21659	0.31101	0.01408	0.00661	0.00204	0.00344	0.26304	0.00489	0.00453
69	0.01634	0.01287	0.01368	0.01128	0.01483	0.01453	0.00906	0.39341	0.40384	0.02724	0.01690	0.01600	0.01241	0.00666	0.00525	0.00167	0.00492	0.00529	0.00525	0.00855
70	0.00832	0.00632	0.00778	0.00724	0.00876	0.00629	0.00548	0.01287	0.14458	0.02104	0.65187	0.03558	0.04346	0.01003	0.00600	0.00166	0.00274	0.00882	0.00566	0.00548
71	0.01261	0.01219	0.01565	0.01332	0.01394	0.04973	0.01103	0.10027	0.01020	0.01488	0.00774	0.01168	0.00723	0.00944	0.03659	0.00232	0.65791	0.00455	0.00265	0.00605
72	0.01270	0.54117	0.29552	0.01100	0.01659	0.01761	0.01254	0.01591	0.01073	0.01374	0.00798	0.00928	0.00665	0.00463	0.00391	0.00130	0.00632	0.00316	0.00222	0.00704
73	0.00721	0.00531	0.00765	0.00792	0.00864	0.00589	0.00588	0.00872	0.00866	0.01220	0.01739	0.19649	0.01820	0.09358	0.56319	0.00674	0.01086	0.00777	0.00327	0.00444
74	0.00707	0.00505	0.00688	0.00808	0.00871	0.00486	0.00610	0.00851	0.01069	0.01411	0.02830	0.54467	0.03285	0.01563	0.00684	0.00222	0.00365	0.27652	0.00482	0.00443
75	0.00886	0.00465	0.00697	0.00697	0.00708	0.00475	0.00475	0.00708	0.00697	0.00940	0.00961	0.01637	0.00951	0.02052	0.11030	0.75110	0.00562	0.00465	0.00232	0.00254
76	0.85377	0.01007	0.00765	0.00685	0.01007	0.01168	0.00564	0.01531	0.00886	0.02336	0.00725	0.00846	0.00564	0.00483	0.00322	0.00161	0.00403	0.00282	0.00322	0.00564
77	0.00790	0.00625	0.00925	0.00898	0.00981	0.00760	0.00708	0.00967	0.00832	0.01214	0.01312	0.01941	0.01230	0.03559	0.70602	0.00766	0.10593	0.00546	0.00273	0.00477
78	0.01138	0.15016	0.63762	0.01386	0.02083	0.04760	0.01723	0.01654	0.01109	0.01567	0.00896	0.01051	0.00662	0.00489	0.00469	0.00155	0.00744	0.00366	0.00222	0.00747
79	0.01392	0.82012	0.02729	0.00891	0.01337	0.02061	0.00891	0.01559	0.01058	0.01225	0.00724	0.00835	0.00668	0.00446	0.00334	0.00111	0.00557	0.00278	0.00223	0.00668
80	0.01303	0.05951	0.01481	0.11526	0.01690	0.19421	0.02122	0.01499	0.01101	0.01419	0.00831	0.01093	0.00712	0.00567	0.00735	0.00142	0.19518	0.00373	0.00264	0.28252
81	0.00634	0.00456	0.00601	0.00716	0.00753	0.00424	0.00480	0.00726	0.01005	0.01333	0.02977	0.77977	0.06757	0.01618	0.00663	0.00210	0.00300	0.01464	0.00483	0.00424
82	0.00725	0.00523	0.00685	0.00663	0.00775	0.00483	0.00490	0.00953	0.01419	0.02000	0.69446	0.12870	0.04743	0.01130	0.00620	0.00169	0.00252	0.01004	0.00563	0.00483
83	0.01162	0.10790	0.16649	0.19438	0.04857	0.03173	0.09629	0.06126	0.01125	0.01527	0.00951	0.01280	0.00770	0.00890	0.08481	0.00235	0.11556	0.00449	0.00256	0.00655
84	0.00636	0.00470	0.00596	0.00688	0.00748	0.00429	0.00469	0.00742	0.01053	0.01380	0.07036	0.64458	0.16290	0.01550	0.00654	0.00203	0.00293	0.01388	0.00488	0.00429
85	0.11962	0.00900	0.01157	0.00899	0.01292	0.00812	0.00742	0.02421	0.01420	0.69946	0.01900	0.01665	0.01205	0.00626	0.00500	0.00161	0.00438	0.00496	0.00607	0.00849
86	0.01941	0.01428	0.01468	0.01160	0.01549	0.07443	0.00944	0.53350	0.10957	0.12245	0.01415	0.01371	0.01000	0.00630	0.00518	0.00158	0.00567	0.00479	0.00518	0.00857
87	0.01361	0.01387	0.01667	0.19817	0.29750	0.16321	0.01282	0.03349	0.16566	0.01663	0.01168	0.01375	0.00921	0.00543	0.00511	0.00159	0.00655	0.00464	0.00314	0.00728
88	0.00700	0.00489	0.00590	0.00632	0.00666	0.00468	0.00399	0.00763	0.00937	0.01248	0.08784	0.32946	0.07983	0.39211	0.01591	0.00343	0.00390	0.01069	0.00412	0.00379
89	0.00693	0.00507	0.00652	0.00674	0.00771	0.00466	0.00488	0.00875	0.01278	0.01752	0.43644	0.30125	0.11615	0.01290	0.00634	0.00183	0.00273	0.03084	0.00532	0.00463
90	0.01080	0.00926	0.01080	0.00771	0.01234	0.00694	0.00617	0.01311	0.01080	0.01697	0.00926	0.01080	0.00771	0.00386	0.00386	0.00077	0.00386	0.00309	0.00309	0.84882
91	0.01642	0.08969	0.07866	0.01232	0.01607	0.19182	0.07014	0.32142	0.01700	0.02117	0.01106	0.01392	0.00908	0.09961	0.00745	0.00190	0.00687	0.00460	0.00368	0.00712
92	0.00905	0.00540	0.00676	0.00658	0.00780	0.00488	0.00472	0.00967	0.01090	0.10319	0.12551	0.16185	0.26147	0.06467	0.01050	0.18560	0.00345	0.00913	0.00447	0.00441
93	0.00697	0.00596	0.00606	0.00592	0.00780	0.00540	0.00447	0.00986	0.10040	0.01510	0.06334	0.04634	0.67921	0.01243	0.00606	0.00176	0.00281	0.01037	0.00491	0.00485
94	0.01364	0.25716	0.01824	0.01127	0.01385	0.15506	0.00956	0.01615	0.06901	0.01371	0.00855	0.01067	0.00756	0.00628	0.00830	0.00155	0.26907	0.00374	0.00266	0.10398
95	0.00757	0.00505	0.00568	0.00568	0.00568	0.00505	0.00316	0.00757	0.00757	0.01010	0.01641	0.03408	0.01893	0.81698	0.02651	0.00505	0.00505	0.00757	0.00316	0.00316
96	0.01344	0.03017	0.27105	0.05716	0.07057	0.01334	0.22030	0.17721	0.04702	0.03266	0.01103	0.01285	0.00806	0.00517	0.00535	0.00165	0.00720	0.00484	0.00319	0.00772
97	0.01409	0.01216	0.01782	0.23147	0.34126	0.01327	0.01360	0.23403	0.03521	0.02075	0.01074	0.01321	0.00828	0.00532	0.00519	0.00161	0.00620	0.00468	0.00334	0.00777
98	0.00719	0.00495	0.00573	0.00601	0.00620	0.00482	0.00359	0.00749	0.00842	0.01110	0.02174	0.21257	0.07561	0.57883	0.02057	0.00415	0.00442	0.00946	0.00365	0.00349
99	0.85377	0.01007	0.00765	0.00685	0.01007	0.01168	0.00564	0.01531	0.00886	0.02336	0.00725	0.00846	0.00564	0.00483	0.00322	0.00161	0.00403	0.00282	0.00322	0.00564
100	0.00635	0.00504	0.00570	0.00605	0.00728	0.00440	0.00434	0.00765	0.01156	0.01455	0.12289	0.29494	0.46302	0.01392	0.00631	0.00186	0.00274	0.01205	0.00493	0.00440
101	0.00740	0.00524	0.00704	0.00811	0.00877	0.00511	0.00622	0.00886	0.01059	0.01394	0.02678	0.38836	0.03066	0.10827	0.00919	0.00258	0.00404	0.33987	0.00462	0.00436
102	0.01194	0.36780	0.46223	0.01229	0.01860	0.01575	0.01480	0.01611	0.01082	0.01467	0.00844	0.00986	0.00663	0.00474	0.00426	0.00142	0.00678	0.00339	0.00221	0.00726
103	0.01109	0.01080	0.01912	0.46879	0.27227	0.01201	0.10201	0.01455	0.01109	0.01487	0.00958	0.01359	0.00747	0.00493	0.00530	0.00168	0.00692	0.00481	0.00243	0.00671
104	0.00735	0.00526	0.00695	0.00794	0.00868	0.00509	0.00610	0.00881	0.01067	0.01395	0.02832	0.35249	0.07820	0.10810	0.00915	0.00255	0.00399	0.32739	0.00462	0.00436
105	0.00755	0.00508	0.00583	0.00578	0.00592	0.00503	0.00336	0.00783	0.00840	0.01135	0.10512	0.03464	0.02243	0.72352	0.02415	0.00465	0.00475	0.00779	0.00345	0.00336
106	0.01315	0.37725	0.02142	0.26439	0.11020	0.10659	0.01162	0.01552	0.01116	0.01320	0.00827	0.01075	0.00695	0.00482	0.00430	0.00139	0.00652	0.00365	0.00235	0.00650
107	0.01114	0.19989	0.53196	0.10506	0.02206	0.01391	0.01641	0.01592	0.01084	0.01519	0.00887	0.01075	0.00666	0.00487	0.00462	0.00154	0.00714	0.00370	0.00222	0.00725
108	0.75601	0.01203	0.09834	0.00778	0.01152	0.01173	0.00722	0.01545	0.00911	0.02257	0.00749	0.00875	0.00575	0.00485	0.00342	0.00162	0.00445	0.00294	0.00310	0.00588
109	0.01298	0.03241	0.15242	0.01199	0.01433	0.26036	0.01057	0.01486	0.01064	0.01280	0.00975	0.01540	0.00932	0.17181	0.02618	0.00252	0.21880	0.00465	0.00258	0.00565

[dist]
# distance from previous block
# <min> <max>
0	2

[block]
# block no. 3 follows, 47 sequences, length 9
# corresponding to MSA columns:
# 235-243
name=unknown_D
#
# <colnr> <probs for GDERKNQSTAVLIFYWHMCP>
#	G	D	E	R	K	N	Q	S	T	A	V	L	I	F	Y	W	H	M	C	P
0	0.01654	0.16615	0.01574	0.01148	0.01438	0.52543	0.00903	0.01850	0.04518	0.01319	0.01395	0.01463	0.10258	0.00623	0.00465	0.00137	0.00765	0.00430	0.00297	0.00604
1	0.00879	0.00917	0.10422	0.00838	0.01079	0.00739	0.00739	0.01402	0.16516	0.01972	0.44198	0.03334	0.10170	0.00960	0.00587	0.00170	0.00354	0.03627	0.00510	0.00587
2	0.00742	0.00526	0.00668	0.00636	0.00732	0.00494	0.00453	0.00933	0.01317	0.01851	0.61355	0.03784	0.04250	0.18786	0.01062	0.00239	0.00303	0.00901	0.00517	0.00453
3	0.01623	0.01703	0.01335	0.01187	0.01482	0.33005	0.00914	0.09531	0.39604	0.01918	0.01505	0.01471	0.01151	0.00630	0.00505	0.00158	0.00641	0.00475	0.00423	0.00741
4	0.00773	0.00568	0.00754	0.00852	0.00971	0.00549	0.00715	0.00975	0.01172	0.01503	0.03228	0.15010	0.16704	0.01441	0.00694	0.00225	0.00419	0.52502	0.00481	0.00465
5	0.01501	0.01702	0.01517	0.01540	0.12465	0.36778	0.03945	0.01841	0.10660	0.01478	0.01299	0.01612	0.04421	0.00748	0.02487	0.00179	0.10658	0.04210	0.00314	0.00645
6	0.00634	0.00453	0.00604	0.00725	0.00755	0.00423	0.00483	0.00725	0.00997	0.01329	0.02870	0.81358	0.03444	0.01632	0.00665	0.00211	0.00302	0.01480	0.00483	0.00423
7	0.01178	0.01077	0.01114	0.03040	0.01304	0.10423	0.00693	0.01386	0.01135	0.03720	0.03116	0.07114	0.01076	0.00540	0.00466	0.00105	0.02657	0.00430	0.00328	0.59099
8	0.06042	0.04446	0.53096	0.01532	0.05751	0.03401	0.07889	0.08698	0.01238	0.01824	0.00955	0.01122	0.00695	0.00500	0.00493	0.00162	0.00731	0.00405	0.00261	0.00759

[dist]
# distance from previous block
# <min> <max>
0	80

[block]
# block no. 4 follows, 47 sequences, length 24
# corresponding to MSA columns:
# 327-350
name=unknown_E
#
# <colnr> <probs for GDERKNQSTAVLIFYWHMCP>
#	G	D	E	R	K	N	Q	S	T	A	V	L	I	F	Y	W	H	M	C	P
0	0.01459	0.01183	0.10119	0.04284	0.03139	0.01026	0.00938	0.18050	0.07532	0.16493	0.03322	0.02811	0.01187	0.03346	0.10726	0.00248	0.00629	0.00503	0.00427	0.12578
1	0.00908	0.09467	0.01067	0.04051	0.01134	0.00768	0.00642	0.01096	0.01064	0.01460	0.02165	0.11481	0.16494	0.01247	0.10664	0.00228	0.00519	0.05706	0.00358	0.29480
2	0.00989	0.00926	0.01532	0.75477	0.03440	0.01128	0.01395	0.01329	0.01044	0.01353	0.00926	0.01369	0.00699	0.00512	0.00512	0.00168	0.00675	0.00453	0.00236	0.05836
3	0.19578	0.40945	0.12235	0.00945	0.01396	0.04177	0.00946	0.01708	0.01096	0.11460	0.00925	0.00996	0.00724	0.00489	0.00382	0.00136	0.00550	0.00327	0.00299	0.00685
4	0.00748	0.00541	0.00751	0.00751	0.00815	0.00604	0.00544	0.00875	0.00812	0.01146	0.01473	0.02479	0.01490	0.28664	0.55133	0.00731	0.01112	0.00621	0.00291	0.00417
5	0.01907	0.01293	0.01426	0.01124	0.01514	0.01405	0.00918	0.49324	0.17050	0.16140	0.01561	0.01477	0.01094	0.00645	0.00523	0.00161	0.00519	0.00502	0.00544	0.00874
6	0.00641	0.00512	0.00574	0.00593	0.00728	0.00445	0.00432	0.00784	0.01197	0.01511	0.17655	0.21287	0.49126	0.01341	0.00626	0.00181	0.00269	0.01154	0.00499	0.00445
7	0.01483	0.53956	0.07563	0.01061	0.01464	0.19899	0.01001	0.01669	0.01144	0.01267	0.00755	0.00893	0.00669	0.00495	0.00449	0.00126	0.04910	0.00308	0.00233	0.00655
8	0.01452	0.01224	0.01207	0.01041	0.01316	0.09638	0.00814	0.27596	0.23341	0.02297	0.09095	0.06710	0.01758	0.06283	0.00688	0.00191	0.00511	0.03637	0.00483	0.00717
9	0.00815	0.00479	0.00640	0.00637	0.00693	0.00452	0.00440	0.00720	0.00875	0.01130	0.08068	0.02674	0.21774	0.01621	0.01547	0.55762	0.00386	0.00662	0.00322	0.00303
10	0.01945	0.02482	0.01476	0.01342	0.01610	0.79608	0.01006	0.02079	0.01476	0.01275	0.00805	0.00939	0.00671	0.00537	0.00470	0.00134	0.00939	0.00335	0.00268	0.00604
11	0.65343	0.01147	0.00865	0.00786	0.01076	0.11185	0.00630	0.01535	0.00957	0.02076	0.00809	0.00990	0.00659	0.00867	0.09074	0.00232	0.00581	0.00319	0.00311	0.00558
12	0.10982	0.04268	0.35842	0.04754	0.10187	0.01338	0.01436	0.21456	0.01437	0.02140	0.00992	0.01135	0.00728	0.00524	0.00481	0.00160	0.00650	0.00404	0.00316	0.00772
13	0.01106	0.01009	0.01510	0.26995	0.19942	0.01037	0.02810	0.01532	0.09357	0.01652	0.05098	0.01474	0.01064	0.00518	0.00492	0.00144	0.00545	0.00464	0.00309	0.22944
14	0.55814	0.05272	0.01020	0.00812	0.01135	0.01252	0.00670	0.11757	0.08555	0.02314	0.00977	0.01088	0.00763	0.00755	0.05760	0.00205	0.00502	0.00356	0.00361	0.00631
15	0.00683	0.00503	0.00561	0.00585	0.00652	0.00466	0.00377	0.00747	0.00956	0.01212	0.03163	0.19280	0.29095	0.37658	0.01544	0.00331	0.00380	0.01020	0.00408	0.00380
16	0.01463	0.01191	0.01766	0.04496	0.43089	0.03915	0.01286	0.04695	0.02729	0.13707	0.01135	0.01335	0.00886	0.00553	0.00642	0.00159	0.09654	0.00460	0.00333	0.06506
17	0.14581	0.01086	0.01206	0.18657	0.01689	0.11849	0.00937	0.01325	0.00965	0.01422	0.00978	0.01463	0.00878	0.06408	0.18409	0.00345	0.16544	0.00455	0.00266	0.00536
18	0.00905	0.00452	0.00678	0.00678	0.00678	0.00452	0.00452	0.00678	0.00678	0.00905	0.00905	0.01583	0.00905	0.01809	0.02035	0.84848	0.00452	0.00452	0.00226	0.00226
19	0.20258	0.11249	0.17485	0.01303	0.06843	0.01356	0.08348	0.05783	0.18877	0.01966	0.01168	0.01256	0.00891	0.00535	0.00459	0.00160	0.00568	0.00428	0.00338	0.00727
20	0.01020	0.06397	0.01207	0.01168	0.09934	0.08168	0.00819	0.03881	0.01019	0.01367	0.01222	0.01706	0.01109	0.02701	0.51739	0.00589	0.01136	0.00494	0.00282	0.04043
21	0.04389	0.25526	0.01679	0.08227	0.01505	0.19705	0.00893	0.08485	0.01321	0.01611	0.12919	0.01514	0.01392	0.00834	0.05865	0.00189	0.02551	0.00453	0.00324	0.00618
22	0.19692	0.07050	0.25032	0.16512	0.03644	0.02623	0.01238	0.01718	0.01116	0.15192	0.01067	0.01201	0.00760	0.00520	0.00456	0.00161	0.00603	0.00395	0.00321	0.00699
23	0.05843	0.05655	0.13899	0.03454	0.24479	0.06101	0.04019	0.07086	0.02903	0.14027	0.01442	0.01537	0.06119	0.00577	0.00502	0.00157	0.00600	0.00485	0.00355	0.00759

[dist]
# distance from previous block
# <min> <max>
0	7

[block]
# block no. 5 follows, 47 sequences, length 46
# corresponding to MSA columns:
# 359-404
name=unknown_F
#
# <colnr> <probs for GDERKNQSTAVLIFYWHMCP>
#	G	D	E	R	K	N	Q	S	T	A	V	L	I	F	Y	W	H	M	C	P
0	0.01752	0.01978	0.01500	0.16413	0.01982	0.49485	0.01083	0.14705	0.03325	0.01649	0.00935	0.01101	0.00733	0.00553	0.00489	0.00146	0.00818	0.00388	0.00311	0.00652
1	0.31554	0.01416	0.01053	0.02570	0.01240	0.27847	0.00756	0.01534	0.01121	0.01672	0.01372	0.10769	0.07185	0.00740	0.00552	0.00165	0.07051	0.00525	0.00326	0.00552
2	0.01332	0.01129	0.01190	0.01055	0.01356	0.01296	0.00825	0.08852	0.68978	0.02247	0.02142	0.01978	0.03834	0.00718	0.00532	0.00175	0.00421	0.00594	0.00528	0.00818
3	0.01220	0.01238	0.01284	0.07475	0.01564	0.19027	0.05682	0.01448	0.01197	0.01521	0.01349	0.03848	0.01292	0.00705	0.00536	0.00146	0.02101	0.16969	0.00330	0.31066
4	0.00971	0.00485	0.00485	0.00485	0.00607	0.00485	0.00364	0.01213	0.01092	0.01942	0.01699	0.01942	0.01335	0.00607	0.00364	0.00121	0.00243	0.00485	0.84589	0.00485
5	0.01891	0.02373	0.01488	0.01404	0.04668	0.73097	0.01022	0.02090	0.04746	0.01331	0.00869	0.00996	0.00717	0.00541	0.00474	0.00137	0.00904	0.00351	0.00279	0.00622
6	0.05371	0.01018	0.01465	0.37154	0.02427	0.01178	0.07185	0.05744	0.22469	0.01811	0.07696	0.01718	0.01306	0.00615	0.00529	0.00172	0.00572	0.00541	0.00366	0.00665
7	0.00634	0.00501	0.00571	0.00611	0.00729	0.00439	0.00437	0.00762	0.01146	0.01444	0.11333	0.32526	0.44211	0.01408	0.00633	0.00188	0.00276	0.01222	0.00492	0.00439
8	0.01126	0.00946	0.01655	0.12240	0.01838	0.00992	0.23312	0.09745	0.01112	0.01500	0.01031	0.01496	0.00871	0.01262	0.08597	0.27847	0.03116	0.00514	0.00277	0.00524
9	0.85377	0.01007	0.00765	0.00685	0.01007	0.01168	0.00564	0.01531	0.00886	0.02336	0.00725	0.00846	0.00564	0.00483	0.00322	0.00161	0.00403	0.00282	0.00322	0.00564
10	0.03819	0.01255	0.01369	0.01102	0.01475	0.01377	0.00894	0.40477	0.26033	0.14129	0.01632	0.01537	0.01161	0.00650	0.00519	0.00164	0.00499	0.00510	0.00537	0.00859
11	0.00888	0.00757	0.01062	0.00980	0.01023	0.00964	0.00767	0.01016	0.00809	0.01190	0.01183	0.01960	0.01184	0.16500	0.38129	0.00560	0.29728	0.00556	0.00267	0.00476
12	0.01392	0.82012	0.02729	0.00891	0.01337	0.02061	0.00891	0.01559	0.01058	0.01225	0.00724	0.00835	0.00668	0.00446	0.00334	0.00111	0.00557	0.00278	0.00223	0.00668
13	0.52626	0.00942	0.00914	0.00766	0.01106	0.00996	0.00629	0.01849	0.01123	0.28562	0.05080	0.01317	0.01032	0.00568	0.00406	0.00161	0.00409	0.00398	0.00445	0.00671
14	0.01419	0.01152	0.01223	0.01054	0.01355	0.01310	0.00824	0.20714	0.52934	0.02354	0.01868	0.01892	0.01442	0.07221	0.00699	0.00198	0.00459	0.00573	0.00510	0.00798
15	0.00650	0.00468	0.00617	0.00708	0.00757	0.00434	0.00482	0.00767	0.01079	0.01454	0.15057	0.66602	0.05928	0.01531	0.00655	0.00203	0.00292	0.01382	0.00498	0.00434
16	0.00757	0.00505	0.00568	0.00568	0.00568	0.00505	0.00316	0.00757	0.00757	0.01010	0.01641	0.03408	0.01893	0.81698	0.02651	0.00505	0.00505	0.00757	0.00316	0.00316
17	0.01152	0.00969	0.01119	0.00806	0.01265	0.00768	0.00647	0.07395	0.01190	0.01825	0.00952	0.01094	0.00781	0.00405	0.00397	0.00084	0.00401	0.00321	0.00326	0.78105
18	0.00981	0.00909	0.01497	0.45742	0.15138	0.01061	0.02581	0.01259	0.01043	0.01392	0.01294	0.16731	0.01245	0.00750	0.00630	0.00181	0.06030	0.00661	0.00284	0.00591
19	0.01595	0.38381	0.02104	0.07729	0.01684	0.31610	0.03248	0.05526	0.01292	0.01370	0.00808	0.00959	0.00686	0.00495	0.00419	0.00129	0.00725	0.00335	0.00257	0.00648
20	0.00713	0.00550	0.00650	0.00688	0.00826	0.00503	0.00547	0.00880	0.01178	0.01480	0.10001	0.05081	0.40452	0.08019	0.00820	0.00224	0.00356	0.26110	0.00475	0.00447
21	0.01576	0.16632	0.09103	0.01290	0.05434	0.15110	0.01085	0.22388	0.11729	0.01992	0.01098	0.01190	0.00860	0.00592	0.00580	0.00154	0.07669	0.00417	0.00355	0.00746
22	0.01227	0.01668	0.25622	0.04738	0.51540	0.01217	0.01677	0.01625	0.01161	0.03209	0.00986	0.01243	0.00780	0.00479	0.00509	0.00158	0.00663	0.00441	0.00253	0.00802
