[name]
unknown

[dist]
# distance from previous block
# <min> <max>
0	3

[block]
# block no. 0 follows, 42 sequences, length 9
# corresponding to MSA columns:
# 3-11
name=unknown_A
#
# <colnr> <probs for GDERKNQSTAVLIFYWHMCP>
#	G	D	E	R	K	N	Q	S	T	A	V	L	I	F	Y	W	H	M	C	P
0	0.00927	0.00851	0.07773	0.01087	0.01280	0.00707	0.01012	0.01221	0.01286	0.01693	0.02803	0.05884	0.03012	0.01463	0.00755	0.00252	0.00546	0.66408	0.00493	0.00546
1	0.08011	0.01252	0.01279	0.01096	0.01452	0.08087	0.00867	0.02745	0.39804	0.26137	0.02028	0.01855	0.01442	0.00708	0.00548	0.00180	0.00506	0.00564	0.00570	0.00870
2	0.01185	0.09608	0.57380	0.01439	0.02129	0.01331	0.01746	0.06649	0.01272	0.01825	0.01232	0.09413	0.01046	0.00668	0.00540	0.00178	0.00743	0.00536	0.00290	0.00791
3	0.01896	0.02285	0.06716	0.01393	0.01734	0.49182	0.01124	0.10337	0.14110	0.01808	0.01167	0.01253	0.00917	0.00630	0.00566	0.00161	0.03189	0.00432	0.00363	0.00737
4	0.01265	0.01831	0.31683	0.06493	0.05084	0.01226	0.08139	0.15710	0.01508	0.02109	0.08420	0.10945	0.01573	0.00761	0.00589	0.00184	0.00676	0.00663	0.00377	0.00765
5	0.01174	0.00983	0.01282	0.10899	0.08664	0.00910	0.00890	0.09003	0.01308	0.01879	0.01490	0.18013	0.01457	0.00757	0.00528	0.00144	0.00484	0.00658	0.00382	0.39092
6	0.00765	0.00591	0.00716	0.00773	0.00893	0.00546	0.00553	0.00981	0.05622	0.01549	0.03521	0.49182	0.20182	0.01534	0.00683	0.00211	0.00340	0.05426	0.00514	0.05421
7	0.01751	0.07495	0.04047	0.01216	0.01546	0.32403	0.00985	0.21571	0.01833	0.02167	0.17563	0.01803	0.01792	0.00722	0.00547	0.00158	0.00708	0.00543	0.00431	0.00719
8	0.03987	0.14716	0.25908	0.01595	0.10828	0.18398	0.01424	0.01886	0.01294	0.06936	0.02622	0.01239	0.00883	0.00583	0.00582	0.00164	0.05471	0.00421	0.00299	0.00765

[dist]
# distance from previous block
# <min> <max>
10	64

[block]
# block no. 1 follows, 42 sequences, length 10
# corresponding to MSA columns:
# 76-85
name=unknown_B
#
# <colnr> <probs for GDERKNQSTAVLIFYWHMCP>
#	G	D	E	R	K	N	Q	S	T	A	V	L	I	F	Y	W	H	M	C	P
0	0.01064	0.01439	0.23519	0.01399	0.11578	0.00918	0.02992	0.01455	0.01381	0.03622	0.32653	0.02501	0.02695	0.00778	0.00583	0.00166	0.00523	0.00680	0.00425	0.09629
1	0.01701	0.16712	0.01757	0.01327	0.10107	0.11565	0.00974	0.05146	0.09793	0.15664	0.01332	0.01372	0.01012	0.00562	0.00485	0.00141	0.00585	0.00435	0.00407	0.18922
2	0.12192	0.01156	0.09863	0.01181	0.09426	0.00882	0.00904	0.01386	0.01134	0.01834	0.01438	0.18349	0.01427	0.00748	0.00502	0.00147	0.00474	0.00634	0.00360	0.35965
3	0.01307	0.01342	0.16361	0.01047	0.01425	0.01036	0.00979	0.22165	0.01574	0.02275	0.01725	0.18596	0.01595	0.00855	0.00543	0.00168	0.00507	0.00713	0.16765	0.09020
4	0.01359	0.17115	0.11743	0.08897	0.01753	0.01195	0.08926	0.01679	0.01218	0.11771	0.01379	0.01601	0.01059	0.00888	0.07152	0.00219	0.00665	0.00490	0.20194	0.00696
5	0.08416	0.01418	0.16100	0.27523	0.02425	0.01186	0.01291	0.04299	0.09771	0.07423	0.01234	0.01431	0.00910	0.00567	0.00517	0.00167	0.00627	0.00461	0.00350	0.13884
6	0.01745	0.30789	0.02064	0.18369	0.02039	0.09245	0.01088	0.08202	0.01416	0.18205	0.01205	0.01308	0.00896	0.00573	0.00483	0.00154	0.00651	0.00427	0.00376	0.00766
7	0.01280	0.00875	0.01143	0.01146	0.09781	0.00842	0.00793	0.01571	0.05587	0.16633	0.14340	0.03071	0.23052	0.00949	0.00702	0.00176	0.07165	0.00777	0.00503	0.09615
8	0.08203	0.01198	0.11347	0.01108	0.01306	0.01167	0.00979	0.01437	0.07509	0.01761	0.17884	0.02283	0.02011	0.12193	0.01315	0.00253	0.26413	0.00642	0.00378	0.00610
9	0.14824	0.12482	0.19786	0.01110	0.01594	0.04516	0.01111	0.08181	0.01427	0.18480	0.09879	0.01617	0.01395	0.00645	0.00504	0.00166	0.00584	0.00490	0.00430	0.00777

[dist]
# distance from previous block
# <min> <max>
0	1

[block]
# block no. 2 follows, 42 sequences, length 48
# corresponding to MSA columns:
# 87-134
name=unknown_C
#
# <colnr> <probs for GDERKNQSTAVLIFYWHMCP>
#	G	D	E	R	K	N	Q	S	T	A	V	L	I	F	Y	W	H	M	C	P
0	0.01442	0.07965	0.02023	0.02325	0.36817	0.13323	0.01389	0.01674	0.01211	0.01589	0.01103	0.01407	0.03709	0.00671	0.00867	0.00181	0.20784	0.00488	0.00278	0.00754
1	0.01153	0.06749	0.71442	0.01594	0.02401	0.01356	0.04134	0.01778	0.01190	0.01760	0.01002	0.01183	0.00717	0.00530	0.00530	0.00176	0.00824	0.00417	0.00239	0.00824
2	0.01167	0.01000	0.01167	0.00834	0.01334	0.00750	0.00667	0.01417	0.01167	0.01834	0.01000	0.01167	0.00834	0.00417	0.00417	0.00083	0.00417	0.00333	0.00333	0.83663
3	0.01167	0.01000	0.01167	0.00834	0.01334	0.00750	0.00667	0.01417	0.01167	0.01834	0.01000	0.01167	0.00834	0.00417	0.00417	0.00083	0.00417	0.00333	0.00333	0.83663
4	0.01505	0.80561	0.02949	0.00963	0.01444	0.02227	0.00963	0.01685	0.01143	0.01324	0.00782	0.00903	0.00722	0.00481	0.00361	0.00120	0.00602	0.00301	0.00241	0.00722
5	0.79512	0.01116	0.00876	0.00772	0.01126	0.01290	0.00636	0.05833	0.01054	0.02583	0.00816	0.00939	0.00629	0.00531	0.00361	0.00174	0.00446	0.00316	0.00361	0.00629
6	0.84197	0.01088	0.00827	0.00740	0.01088	0.01262	0.00609	0.01654	0.00958	0.02525	0.00784	0.00914	0.00609	0.00522	0.00348	0.00174	0.00435	0.00305	0.00348	0.00609
7	0.01660	0.00896	0.01120	0.00993	0.01287	0.00884	0.00805	0.02205	0.19351	0.32279	0.05542	0.03258	0.04949	0.05488	0.00753	0.00219	0.00467	0.16473	0.00598	0.00774
8	0.01063	0.01000	0.01688	0.78870	0.03876	0.01250	0.01563	0.01438	0.01125	0.01438	0.01000	0.01500	0.00750	0.00563	0.00563	0.00188	0.00750	0.00500	0.00250	0.00625
9	0.02525	0.00958	0.01306	0.01001	0.01437	0.00827	0.00827	0.02743	0.01611	0.77102	0.02220	0.01915	0.01393	0.00697	0.00566	0.00174	0.00479	0.00566	0.00697	0.00958
10	0.00937	0.00500	0.00743	0.00754	0.00766	0.00507	0.00512	0.00763	0.00778	0.01046	0.01202	0.08146	0.01243	0.02155	0.09309	0.68917	0.00573	0.00590	0.00273	0.00286
11	0.00821	0.00577	0.00716	0.00791	0.00872	0.00558	0.00553	0.06014	0.01212	0.01648	0.03022	0.62177	0.07486	0.01573	0.00679	0.00215	0.00343	0.02948	0.07296	0.00500
12	0.00796	0.00575	0.00752	0.00708	0.00841	0.00531	0.00531	0.01062	0.01593	0.02257	0.76415	0.04204	0.05310	0.01150	0.00664	0.00177	0.00265	0.01018	0.00619	0.00531
13	0.00999	0.00665	0.00930	0.01034	0.01181	0.00658	0.00902	0.01256	0.01314	0.05990	0.02936	0.06095	0.03133	0.01506	0.00765	0.00254	0.00516	0.68793	0.00528	0.00543
14	0.00780	0.00588	0.00707	0.00676	0.00817	0.00540	0.00498	0.01026	0.03372	0.01972	0.49962	0.04422	0.23498	0.07676	0.00842	0.00211	0.00298	0.01036	0.00570	0.00510
15	0.15696	0.01375	0.01422	0.01120	0.01522	0.01519	0.00921	0.53318	0.02192	0.05616	0.01331	0.01368	0.00960	0.00649	0.00511	0.00166	0.00550	0.00477	0.08429	0.00858
16	0.02525	0.00958	0.01306	0.01001	0.01437	0.00827	0.00827	0.02743	0.01611	0.77102	0.02220	0.01915	0.01393	0.00697	0.00566	0.00174	0.00479	0.00566	0.00697	0.00958
17	0.00818	0.00546	0.00614	0.00614	0.00614	0.00546	0.00341	0.00818	0.00818	0.01091	0.01773	0.03683	0.02046	0.80222	0.02864	0.00546	0.00546	0.00818	0.00341	0.00341
18	0.00690	0.00506	0.00649	0.00749	0.00810	0.00465	0.00510	0.00806	0.01140	0.01504	0.08461	0.64598	0.13693	0.01675	0.00707	0.00220	0.00317	0.01504	0.00529	0.00465
19	0.01049	0.00525	0.00525	0.00525	0.00656	0.00525	0.00393	0.01311	0.01180	0.02098	0.01836	0.02098	0.01442	0.00656	0.00393	0.00131	0.00262	0.00525	0.83346	0.00525
20	0.02102	0.02682	0.01595	0.01450	0.01740	0.77963	0.01087	0.02247	0.01595	0.01377	0.00870	0.01015	0.00725	0.00580	0.00507	0.00145	0.01015	0.00362	0.00290	0.00652
21	0.77490	0.01128	0.00898	0.00785	0.01142	0.01302	0.00647	0.07636	0.01096	0.02608	0.00830	0.00950	0.00638	0.00535	0.00366	0.00174	0.00450	0.00321	0.00366	0.00638
22	0.00742	0.00573	0.00677	0.00651	0.00807	0.00508	0.00488	0.00956	0.01464	0.01951	0.47051	0.04707	0.34865	0.01265	0.00664	0.00182	0.00274	0.01088	0.00579	0.00508
23	0.00669	0.00554	0.00587	0.00613	0.00771	0.00472	0.00446	0.00803	0.01242	0.01504	0.05185	0.20203	0.62029	0.01492	0.00676	0.00198	0.00293	0.01270	0.00523	0.00472
24	0.00818	0.00546	0.00614	0.00614	0.00614	0.00546	0.00341	0.00818	0.00818	0.01091	0.01773	0.03683	0.02046	0.80222	0.02864	0.00546	0.00546	0.00818	0.00341	0.00341
25	0.84197	0.01088	0.00827	0.00740	0.01088	0.01262	0.00609	0.01654	0.00958	0.02525	0.00784	0.00914	0.00609	0.00522	0.00348	0.00174	0.00435	0.00305	0.00348	0.00609
26	0.00759	0.00581	0.00649	0.00650	0.00769	0.00538	0.00451	0.00938	0.04113	0.01560	0.16562	0.12168	0.34213	0.22120	0.01245	0.00285	0.00361	0.01081	0.00494	0.00464
27	0.00665	0.00570	0.00570	0.00570	0.00760	0.00475	0.00428	0.00808	0.01283	0.01520	0.05701	0.05416	0.76483	0.01425	0.00665	0.00190	0.00285	0.01188	0.00523	0.00475
28	0.02102	0.02682	0.01595	0.01450	0.01740	0.77963	0.01087	0.02247	0.01595	0.01377	0.00870	0.01015	0.00725	0.00580	0.00507	0.00145	0.01015	0.00362	0.00290	0.00652
29	0.01400	0.01209	0.01273	0.01145	0.01463	0.01400	0.00891	0.02990	0.75695	0.02354	0.02291	0.02100	0.01718	0.00764	0.00573	0.00191	0.00445	0.00636	0.00573	0.00891
30	0.00804	0.00603	0.00904	0.00904	0.01005	0.00703	0.00703	0.01005	0.00904	0.01306	0.01507	0.02211	0.01407	0.04221	0.77992	0.00904	0.01507	0.00603	0.00301	0.00502
31	0.60068	0.01232	0.01081	0.00903	0.01281	0.01404	0.00745	0.23174	0.01454	0.02825	0.00950	0.01043	0.00712	0.00567	0.00411	0.00173	0.00489	0.00364	0.00411	0.00712
32	0.00831	0.00626	0.00774	0.00728	0.00883	0.00596	0.00549	0.01191	0.07616	0.02182	0.62400	0.04168	0.13023	0.01150	0.00656	0.00180	0.00282	0.01006	0.00605	0.00554
33	0.00686	0.00548	0.00615	0.00647	0.00786	0.00476	0.00467	0.00830	0.01260	0.01582	0.13189	0.26510	0.47444	0.01490	0.00680	0.00200	0.00295	0.01285	0.00534	0.00476
34	0.01015	0.00913	0.01309	0.01187	0.01238	0.01207	0.00964	0.01177	0.00883	0.01330	0.01128	0.01727	0.01077	0.02624	0.40419	0.00580	0.39841	0.00548	0.00274	0.00558
35	0.01564	0.01140	0.01528	0.01451	0.10446	0.01176	0.06969	0.27293	0.05170	0.10468	0.01951	0.24550	0.01836	0.00965	0.00617	0.00190	0.00543	0.00853	0.00509	0.00783
36	0.01125	0.00995	0.07210	0.00996	0.01213	0.00894	0.00805	0.20318	0.03909	0.02047	0.02446	0.50364	0.02688	0.01346	0.00658	0.00208	0.00448	0.01186	0.00511	0.00633
37	0.00686	0.00490	0.00653	0.00784	0.00816	0.00457	0.00522	0.00784	0.01077	0.01437	0.03102	0.79855	0.03722	0.01763	0.00718	0.00229	0.00326	0.01600	0.00522	0.00457
38	0.01520	0.01466	0.01948	0.01581	0.03406	0.09597	0.22626	0.07447	0.35978	0.04028	0.03271	0.01787	0.01356	0.00654	0.00593	0.00183	0.00668	0.00610	0.00455	0.00825
39	0.02968	0.32572	0.21323	0.04802	0.22623	0.01681	0.01474	0.03541	0.01226	0.01665	0.00939	0.01144	0.00771	0.00509	0.00471	0.00153	0.00681	0.00398	0.00261	0.00797
40	0.01226	0.01290	0.02160	0.50046	0.03426	0.07572	0.23021	0.01611	0.01223	0.01540	0.01030	0.01466	0.00779	0.00538	0.00588	0.00185	0.00830	0.00537	0.00263	0.00667
41	0.00692	0.00494	0.00660	0.00791	0.00826	0.00462	0.00533	0.00794	0.01083	0.01443	0.03098	0.77818	0.03709	0.01757	0.00720	0.00229	0.00332	0.03577	0.00522	0.00459
42	0.01413	0.03855	0.04665	0.01616	0.11982	0.02739	0.10891	0.02291	0.33842	0.07283	0.06013	0.03867	0.01584	0.00721	0.00645	0.00186	0.04496	0.00631	0.00459	0.00821
43	0.01729	0.10613	0.21811	0.01642	0.13301	0.01276	0.06727	0.03701	0.04304	0.27174	0.01466	0.01495	0.01025	0.00586	0.00541	0.00170	0.00651	0.00495	0.00422	0.00871
44	0.01325	0.00985	0.01599	0.01282	0.01595	0.00938	0.20668	0.10303	0.01473	0.13585	0.07681	0.24533	0.09444	0.01042	0.00652	0.00195	0.00545	0.00974	0.00497	0.00684
45	0.77487	0.01219	0.00890	0.00798	0.01142	0.07532	0.00649	0.01703	0.01010	0.02431	0.00791	0.00922	0.00619	0.00527	0.00361	0.00172	0.00483	0.00309	0.00343	0.00613
46	0.01490	0.77515	0.05866	0.00988	0.01483	0.02191	0.01007	0.01689	0.01145	0.01342	0.00791	0.00914	0.00722	0.00484	0.00368	0.00123	0.00611	0.00305	0.00241	0.00726
47	0.03670	0.06013	0.04516	0.01465	0.11755	0.11965	0.02392	0.10171	0.17280	0.06786	0.01365	0.01428	0.01047	0.00583	0.00511	0.00151	0.00603	0.00465	0.00410	0.17425

[dist]
# distance from previous block
# <min> <max>
0	1

[block]
# block no. 3 follows, 42 sequences, length 56
# corresponding to MSA columns:
# 136-141,186-235
name=unknown_D
#
# <colnr> <probs for GDERKNQSTAVLIFYWHMCP>
#	G	D	E	R	K	N	Q	S	T	A	V	L	I	F	Y	W	H	M	C	P
0	0.01320	0.06147	0.63089	0.01517	0.02267	0.06139	0.01866	0.01885	0.01246	0.07862	0.01090	0.01224	0.00769	0.00548	0.00528	0.00173	0.00804	0.00420	0.00278	0.00826
1	0.02525	0.00958	0.01306	0.01001	0.01437	0.00827	0.00827	0.02743	0.01611	0.77102	0.02220	0.01915	0.01393	0.00697	0.00566	0.00174	0.00479	0.00566	0.00697	0.00958
2	0.02135	0.01712	0.01677	0.01314	0.01745	0.11125	0.01072	0.65902	0.02517	0.03280	0.01292	0.01310	0.00928	0.00664	0.00556	0.00166	0.00668	0.00489	0.00529	0.00920
3	0.04567	0.01562	0.01663	0.01278	0.01726	0.01731	0.01056	0.72670	0.02596	0.03516	0.01334	0.01338	0.00947	0.00671	0.00557	0.00169	0.00614	0.00501	0.00557	0.00947
4	0.01393	0.01337	0.02284	0.03454	0.76712	0.01337	0.01727	0.01727	0.01281	0.01839	0.01059	0.01393	0.00891	0.00501	0.00557	0.00167	0.00669	0.00501	0.00279	0.00891
5	0.02525	0.00958	0.01306	0.01001	0.01437	0.00827	0.00827	0.02743	0.01611	0.77102	0.02220	0.01915	0.01393	0.00697	0.00566	0.00174	0.00479	0.00566	0.00697	0.00958
6	0.02503	0.00992	0.01327	0.01018	0.01454	0.00878	0.00841	0.06775	0.01669	0.72987	0.02172	0.01884	0.01369	0.00695	0.00566	0.00174	0.00487	0.00563	0.00689	0.00958
7	0.00686	0.00490	0.00653	0.00784	0.00816	0.00457	0.00522	0.00784	0.01077	0.01437	0.03102	0.79855	0.03722	0.01763	0.00718	0.00229	0.00326	0.01600	0.00522	0.00457
8	0.00766	0.00574	0.00710	0.00676	0.00822	0.00518	0.00507	0.01003	0.01521	0.02085	0.59937	0.04486	0.21895	0.01215	0.00664	0.00180	0.00270	0.01057	0.00597	0.00518
9	0.84197	0.01088	0.00827	0.00740	0.01088	0.01262	0.00609	0.01654	0.00958	0.02525	0.00784	0.00914	0.00609	0.00522	0.00348	0.00174	0.00435	0.00305	0.00348	0.00609
10	0.02194	0.01489	0.01635	0.01253	0.01702	0.01616	0.01035	0.64670	0.02500	0.13919	0.01474	0.01431	0.01019	0.00679	0.00563	0.00170	0.00599	0.00515	0.00582	0.00957
11	0.00686	0.00490	0.00653	0.00784	0.00816	0.00457	0.00522	0.00784	0.01077	0.01437	0.03102	0.79855	0.03722	0.01763	0.00718	0.00229	0.00326	0.01600	0.00522	0.00457
12	0.01839	0.01111	0.01286	0.01089	0.01453	0.01176	0.00866	0.02894	0.46795	0.31513	0.02263	0.02028	0.01591	0.00737	0.00570	0.00184	0.00458	0.00609	0.00621	0.00917
13	0.00665	0.00570	0.00570	0.00570	0.00760	0.00475	0.00428	0.00808	0.01283	0.01520	0.05701	0.05416	0.76483	0.01425	0.00665	0.00190	0.00285	0.01188	0.00523	0.00475
14	0.84197	0.01088	0.00827	0.00740	0.01088	0.01262	0.00609	0.01654	0.00958	0.02525	0.00784	0.00914	0.00609	0.00522	0.00348	0.00174	0.00435	0.00305	0.00348	0.00609
15	0.01566	0.01172	0.01277	0.01124	0.01459	0.01315	0.00881	0.02954	0.64767	0.13380	0.02280	0.02072	0.01670	0.00754	0.00572	0.00188	0.00450	0.00626	0.00591	0.00901
16	0.01400	0.01209	0.01273	0.01145	0.01463	0.01400	0.00891	0.02990	0.75695	0.02354	0.02291	0.02100	0.01718	0.00764	0.00573	0.00191	0.00445	0.00636	0.00573	0.00891
17	0.00818	0.00546	0.00614	0.00614	0.00614	0.00546	0.00341	0.00818	0.00818	0.01091	0.01773	0.03683	0.02046	0.80222	0.02864	0.00546	0.00546	0.00818	0.00341	0.00341
18	0.00716	0.00502	0.00644	0.00745	0.00770	0.00477	0.00481	0.00791	0.01019	0.01358	0.02800	0.62583	0.03342	0.19554	0.01205	0.00300	0.00376	0.01423	0.00481	0.00431
19	0.00752	0.00518	0.00633	0.00699	0.00715	0.00501	0.00432	0.00801	0.00948	0.01264	0.02439	0.41854	0.02886	0.40905	0.01789	0.00387	0.00436	0.01210	0.00432	0.00399
20	0.02139	0.01576	0.01689	0.01295	0.01745	0.01745	0.01070	0.74835	0.02646	0.03547	0.01351	0.01351	0.00957	0.00676	0.00563	0.00169	0.00619	0.00507	0.00563	0.00957
21	0.01234	0.01060	0.01197	0.00923	0.01371	0.00937	0.00731	0.01869	0.22558	0.01983	0.01371	0.01435	0.01087	0.00516	0.00462	0.00114	0.00425	0.00420	0.00402	0.59906
22	0.00799	0.00584	0.00756	0.00737	0.00874	0.00541	0.00568	0.01054	0.01532	0.02128	0.61784	0.04562	0.10799	0.01222	0.00678	0.00188	0.00298	0.09773	0.00599	0.00525
23	0.02394	0.01169	0.01436	0.01101	0.01542	0.01140	0.00910	0.27310	0.01964	0.52036	0.01924	0.01723	0.01244	0.00689	0.00565	0.00172	0.00527	0.00546	0.00651	0.00957
24	0.84197	0.01088	0.00827	0.00740	0.01088	0.01262	0.00609	0.01654	0.00958	0.02525	0.00784	0.00914	0.00609	0.00522	0.00348	0.00174	0.00435	0.00305	0.00348	0.00609
25	0.00882	0.00547	0.00573	0.00567	0.00718	0.00509	0.00425	0.01104	0.01275	0.01924	0.13913	0.03533	0.27573	0.00989	0.00525	0.00158	0.00270	0.00822	0.43187	0.00509
26	0.00686	0.00490	0.00653	0.00784	0.00816	0.00457	0.00522	0.00784	0.01077	0.01437	0.03102	0.79855	0.03722	0.01763	0.00718	0.00229	0.00326	0.01600	0.00522	0.00457
27	0.01328	0.01134	0.01211	0.01093	0.01389	0.01296	0.00848	0.02761	0.66880	0.02343	0.11108	0.02350	0.02145	0.00810	0.00583	0.00189	0.00424	0.00682	0.00578	0.00848
28	0.01505	0.80561	0.02949	0.00963	0.01444	0.02227	0.00963	0.01685	0.01143	0.01324	0.00782	0.00903	0.00722	0.00481	0.00361	0.00120	0.00602	0.00301	0.00241	0.00722
29	0.01379	0.01323	0.02260	0.06521	0.73750	0.01334	0.01720	0.01715	0.01275	0.01822	0.01056	0.01397	0.00886	0.00504	0.00557	0.00168	0.00672	0.00501	0.00277	0.00881
30	0.00668	0.00561	0.00580	0.00595	0.00767	0.00473	0.00439	0.00805	0.01258	0.01510	0.05392	0.14271	0.67828	0.01465	0.00671	0.00195	0.00290	0.01237	0.00523	0.00473
31	0.84197	0.01088	0.00827	0.00740	0.01088	0.01262	0.00609	0.01654	0.00958	0.02525	0.00784	0.00914	0.00609	0.00522	0.00348	0.00174	0.00435	0.00305	0.00348	0.00609
32	0.00686	0.00490	0.00653	0.00784	0.00816	0.00457	0.00522	0.00784	0.01077	0.01437	0.03102	0.79855	0.03722	0.01763	0.00718	0.00229	0.00326	0.01600	0.00522	0.00457
33	0.01063	0.01000	0.01688	0.78870	0.03876	0.01250	0.01563	0.01438	0.01125	0.01438	0.01000	0.01500	0.00750	0.00563	0.00563	0.00188	0.00750	0.00500	0.00250	0.00625
34	0.00813	0.00641	0.00909	0.16504	0.01485	0.00679	0.00772	0.01058	0.05272	0.01501	0.02628	0.55998	0.02988	0.01455	0.00682	0.00220	0.00428	0.04979	0.00470	0.00518
35	0.01400	0.01209	0.01273	0.01145	0.01463	0.01400	0.00891	0.02990	0.75695	0.02354	0.02291	0.02100	0.01718	0.00764	0.00573	0.00191	0.00445	0.00636	0.00573	0.00891
36	0.01400	0.01209	0.01273	0.01145	0.01463	0.01400	0.00891	0.02990	0.75695	0.02354	0.02291	0.02100	0.01718	0.00764	0.00573	0.00191	0.00445	0.00636	0.00573	0.00891
37	0.00789	0.00533	0.00623	0.00652	0.00659	0.00526	0.00382	0.00811	0.00876	0.01169	0.02071	0.20740	0.02421	0.62653	0.02384	0.00475	0.00497	0.00993	0.00382	0.00367
38	0.01242	0.00681	0.00807	0.00728	0.00976	0.00582	0.00562	0.01403	0.01360	0.24858	0.04327	0.12899	0.44916	0.01239	0.00641	0.00190	0.00350	0.01043	0.00576	0.00622
39	0.84197	0.01088	0.00827	0.00740	0.01088	0.01262	0.00609	0.01654	0.00958	0.02525	0.00784	0.00914	0.00609	0.00522	0.00348	0.00174	0.00435	0.00305	0.00348	0.00609
40	0.84197	0.01088	0.00827	0.00740	0.01088	0.01262	0.00609	0.01654	0.00958	0.02525	0.00784	0.00914	0.00609	0.00522	0.00348	0.00174	0.00435	0.00305	0.00348	0.00609
41	0.00803	0.00586	0.00752	0.00776	0.00892	0.00553	0.00581	0.03074	0.01403	0.01911	0.36878	0.27486	0.10559	0.01396	0.00692	0.00204	0.00327	0.10044	0.00568	0.00514
42	0.00686	0.00490	0.00653	0.00784	0.00816	0.00457	0.00522	0.00784	0.01077	0.01437	0.03102	0.79855	0.03722	0.01763	0.00718	0.00229	0.00326	0.01600	0.00522	0.00457
43	0.01921	0.01368	0.01492	0.01205	0.01606	0.01508	0.00976	0.40170	0.28744	0.12171	0.01795	0.01689	0.01284	0.00710	0.00567	0.00177	0.00540	0.00560	0.00583	0.00933
44	0.01999	0.01044	0.01242	0.00997	0.01361	0.01043	0.00809	0.18832	0.10590	0.36562	0.04987	0.01931	0.01500	0.00712	0.00543	0.00168	0.00464	0.00573	0.13780	0.00863
45	0.49988	0.01160	0.01047	0.00887	0.01242	0.01309	0.00724	0.18891	0.06567	0.04546	0.01239	0.01305	0.02635	0.00609	0.00430	0.00172	0.00466	0.00416	0.05658	0.00711
46	0.84197	0.01088	0.00827	0.00740	0.01088	0.01262	0.00609	0.01654	0.00958	0.02525	0.00784	0.00914	0.00609	0.00522	0.00348	0.00174	0.00435	0.00305	0.00348	0.00609
47	0.00761	0.00544	0.00740	0.00870	0.00935	0.00522	0.00653	0.00914	0.01152	0.01521	0.03060	0.54806	0.03557	0.01692	0.00738	0.00239	0.00392	0.25905	0.00521	0.00478
48	0.00732	0.00513	0.00659	0.00758	0.00789	0.00491	0.00502	0.00816	0.01028	0.01368	0.02771	0.56687	0.03284	0.20841	0.01244	0.00308	0.00392	0.05905	0.00478	0.00433
49	0.00701	0.00501	0.00670	0.00801	0.00840	0.00470	0.00549	0.00810	0.01092	0.01454	0.03093	0.74820	0.03689	0.01749	0.00722	0.00231	0.00340	0.06485	0.00522	0.00461
50	0.02139	0.01576	0.01689	0.01295	0.01745	0.01745	0.01070	0.74835	0.02646	0.03547	0.01351	0.01351	0.00957	0.00676	0.00563	0.00169	0.00619	0.00507	0.00563	0.00957
51	0.02164	0.01537	0.01665	0.01276	0.01726	0.01687	0.01054	0.70292	0.02581	0.08182	0.01406	0.01387	0.00985	0.00677	0.00563	0.00169	0.00610	0.00510	0.00571	0.00957
52	0.00815	0.00557	0.00673	0.00673	0.00694	0.00578	0.00415	0.00856	0.00836	0.01135	0.01719	0.03382	0.01915	0.64694	0.18214	0.00619	0.00742	0.00774	0.00333	0.00374
53	0.01017	0.00680	0.00776	0.00729	0.00815	0.00722	0.00504	0.08062	0.01151	0.01686	0.06467	0.08168	0.02032	0.37813	0.01690	0.00344	0.05407	0.00762	0.20691	0.00482
54	0.01421	0.01157	0.01235	0.01099	0.01409	0.01317	0.00858	0.06464	0.62750	0.04470	0.06369	0.02174	0.01860	0.00774	0.00570	0.00186	0.00438	0.00645	0.03944	0.00861
55	0.01259	0.18704	0.26904	0.01380	0.01834	0.03642	0.06391	0.03372	0.04183	0.01617	0.01142	0.06685	0.01014	0.00856	0.04012	0.00213	0.15259	0.00522	0.00288	0.00724

[dist]
# distance from previous block
# <min> <max>
0	6

[block]
# block no. 4 follows, 42 sequences, length 99
# corresponding to MSA columns:
# 242-337,339-341
name=unknown_E
#
# <colnr> <probs for GDERKNQSTAVLIFYWHMCP>
#	G	D	E	R	K	N	Q	S	T	A	V	L	I	F	Y	W	H	M	C	P
0	0.02066	0.02357	0.01658	0.01540	0.06375	0.56520	0.01123	0.18126	0.01806	0.01881	0.00987	0.01112	0.00786	0.00596	0.00523	0.00152	0.00907	0.00403	0.00349	0.00734
1	0.00753	0.00606	0.00675	0.00652	0.00827	0.00545	0.00490	0.01017	0.05329	0.01837	0.31718	0.04792	0.46166	0.01289	0.00660	0.00185	0.00286	0.01096	0.00561	0.00518
2	0.13040	0.01398	0.01490	0.01277	0.03690	0.08885	0.06200	0.21070	0.21941	0.04201	0.06036	0.01715	0.01380	0.02588	0.00629	0.00186	0.02452	0.00551	0.00475	0.00796
3	0.02215	0.00904	0.01221	0.00980	0.01357	0.00799	0.00802	0.04062	0.01585	0.62301	0.06879	0.06597	0.01860	0.00832	0.00592	0.00182	0.00463	0.04821	0.00669	0.00878
4	0.00706	0.00504	0.00676	0.00806	0.00848	0.00474	0.00557	0.00818	0.01097	0.01459	0.03091	0.73199	0.03678	0.01744	0.00724	0.00231	0.00344	0.08058	0.00522	0.00463
5	0.00833	0.00594	0.00859	0.00859	0.00963	0.00682	0.00666	0.01042	0.00937	0.01401	0.01547	0.02197	0.01411	0.03795	0.68723	0.00812	0.01359	0.00594	0.10221	0.00505
6	0.00775	0.00533	0.00626	0.00660	0.00681	0.00518	0.00399	0.00815	0.00931	0.01236	0.04380	0.24268	0.06051	0.53261	0.02124	0.00434	0.00467	0.01051	0.00406	0.00384
7	0.01447	0.01232	0.01299	0.01155	0.01481	0.01422	0.00902	0.07598	0.71011	0.02431	0.02230	0.02052	0.01669	0.00758	0.00572	0.00189	0.00457	0.00628	0.00572	0.00895
8	0.00804	0.00603	0.00904	0.00904	0.01005	0.00703	0.00703	0.01005	0.00904	0.01306	0.01507	0.02211	0.01407	0.04221	0.77992	0.00904	0.01507	0.00603	0.00301	0.00502
9	0.84197	0.01088	0.00827	0.00740	0.01088	0.01262	0.00609	0.01654	0.00958	0.02525	0.00784	0.00914	0.00609	0.00522	0.00348	0.00174	0.00435	0.00305	0.00348	0.00609
10	0.00679	0.00564	0.00594	0.00601	0.00772	0.00479	0.00445	0.00830	0.01295	0.01584	0.12233	0.11494	0.63637	0.01427	0.00669	0.00192	0.00287	0.01206	0.00532	0.00479
11	0.00893	0.00638	0.00891	0.01021	0.01144	0.00636	0.00883	0.01142	0.01282	0.01669	0.02987	0.10891	0.03269	0.01567	0.00774	0.00257	0.00506	0.68516	0.00518	0.00514
12	0.00818	0.00546	0.00614	0.00614	0.00614	0.00546	0.00341	0.00818	0.00818	0.01091	0.01773	0.03683	0.02046	0.80222	0.02864	0.00546	0.00546	0.00818	0.00341	0.00341
13	0.84197	0.01088	0.00827	0.00740	0.01088	0.01262	0.00609	0.01654	0.00958	0.02525	0.00784	0.00914	0.00609	0.00522	0.00348	0.00174	0.00435	0.00305	0.00348	0.00609
14	0.00789	0.00584	0.00728	0.00814	0.00879	0.00582	0.00555	0.01058	0.09968	0.01516	0.02867	0.61458	0.03303	0.09617	0.00920	0.00257	0.00367	0.02729	0.00510	0.00498
15	0.84197	0.01088	0.00827	0.00740	0.01088	0.01262	0.00609	0.01654	0.00958	0.02525	0.00784	0.00914	0.00609	0.00522	0.00348	0.00174	0.00435	0.00305	0.00348	0.00609
16	0.11787	0.00973	0.01252	0.00972	0.01397	0.00876	0.00802	0.02619	0.01537	0.68644	0.02057	0.01802	0.01304	0.00677	0.00541	0.00174	0.00474	0.00536	0.00657	0.00918
17	0.02525	0.00958	0.01306	0.01001	0.01437	0.00827	0.00827	0.02743	0.01611	0.77102	0.02220	0.01915	0.01393	0.00697	0.00566	0.00174	0.00479	0.00566	0.00697	0.00958
18	0.00686	0.00490	0.00653	0.00784	0.00816	0.00457	0.00522	0.00784	0.01077	0.01437	0.03102	0.79855	0.03722	0.01763	0.00718	0.00229	0.00326	0.01600	0.00522	0.00457
19	0.02525	0.00958	0.01306	0.01001	0.01437	0.00827	0.00827	0.02743	0.01611	0.77102	0.02220	0.01915	0.01393	0.00697	0.00566	0.00174	0.00479	0.00566	0.00697	0.00958
20	0.00804	0.00603	0.00904	0.00904	0.01005	0.00703	0.00703	0.01005	0.00904	0.01306	0.01507	0.02211	0.01407	0.04221	0.77992	0.00904	0.01507	0.00603	0.00301	0.00502
21	0.01400	0.01209	0.01273	0.01145	0.01463	0.01400	0.00891	0.02990	0.75695	0.02354	0.02291	0.02100	0.01718	0.00764	0.00573	0.00191	0.00445	0.00636	0.00573	0.00891
22	0.01167	0.01000	0.01167	0.00834	0.01334	0.00750	0.00667	0.01417	0.01167	0.01834	0.01000	0.01167	0.00834	0.00417	0.00417	0.00083	0.00417	0.00333	0.00333	0.83663
23	0.01545	0.01281	0.01354	0.01175	0.01519	0.01467	0.00926	0.17063	0.61387	0.02588	0.02107	0.01953	0.01569	0.00746	0.00571	0.00187	0.00479	0.00611	0.00571	0.00904
24	0.00686	0.00490	0.00653	0.00784	0.00816	0.00457	0.00522	0.00784	0.01077	0.01437	0.03102	0.79855	0.03722	0.01763	0.00718	0.00229	0.00326	0.01600	0.00522	0.00457
25	0.02525	0.00958	0.01306	0.01001	0.01437	0.00827	0.00827	0.02743	0.01611	0.77102	0.02220	0.01915	0.01393	0.00697	0.00566	0.00174	0.00479	0.00566	0.00697	0.00958
26	0.00665	0.00570	0.00570	0.00570	0.00760	0.00475	0.00428	0.00808	0.01283	0.01520	0.05701	0.05416	0.76483	0.01425	0.00665	0.00190	0.00285	0.01188	0.00523	0.00475
27	0.00686	0.00490	0.00653	0.00784	0.00816	0.00457	0.00522	0.00784	0.01077	0.01437	0.03102	0.79855	0.03722	0.01763	0.00718	0.00229	0.00326	0.01600	0.00522	0.00457
28	0.82278	0.01086	0.00847	0.02544	0.01153	0.01262	0.00631	0.01649	0.00962	0.02500	0.00789	0.00928	0.00613	0.00523	0.00353	0.00174	0.00443	0.00309	0.00346	0.00610
29	0.01231	0.01231	0.01724	0.01477	0.01477	0.01724	0.01231	0.01354	0.00862	0.01354	0.00739	0.01231	0.00739	0.00985	0.01847	0.00246	0.79192	0.00492	0.00246	0.00616
30	0.00804	0.00603	0.00904	0.00904	0.01005	0.00703	0.00703	0.01005	0.00904	0.01306	0.01507	0.02211	0.01407	0.04221	0.77992	0.00904	0.01507	0.00603	0.00301	0.00502
31	0.00818	0.00546	0.00614	0.00614	0.00614	0.00546	0.00341	0.00818	0.00818	0.01091	0.01773	0.03683	0.02046	0.80222	0.02864	0.00546	0.00546	0.00818	0.00341	0.00341
32	0.01393	0.01337	0.02284	0.03454	0.76712	0.01337	0.01727	0.01727	0.01281	0.01839	0.01059	0.01393	0.00891	0.00501	0.00557	0.00167	0.00669	0.00501	0.00279	0.00891
33	0.01100	0.01038	0.01756	0.70322	0.12132	0.01260	0.01582	0.01471	0.01143	0.01483	0.01007	0.01488	0.00766	0.00556	0.00562	0.00185	0.00741	0.00500	0.00253	0.00655
34	0.00840	0.00648	0.00990	0.01062	0.05684	0.00743	0.00767	0.01050	0.00928	0.01339	0.01480	0.02160	0.01375	0.03991	0.73206	0.00859	0.01456	0.00597	0.00300	0.00527
35	0.00686	0.00490	0.00653	0.00784	0.00816	0.00457	0.00522	0.00784	0.01077	0.01437	0.03102	0.79855	0.03722	0.01763	0.00718	0.00229	0.00326	0.01600	0.00522	0.00457
36	0.84197	0.01088	0.00827	0.00740	0.01088	0.01262	0.00609	0.01654	0.00958	0.02525	0.00784	0.00914	0.00609	0.00522	0.00348	0.00174	0.00435	0.00305	0.00348	0.00609
37	0.01138	0.01039	0.01675	0.02431	0.48585	0.01020	0.01266	0.01397	0.01253	0.01738	0.06312	0.15482	0.10499	0.02864	0.00661	0.00190	0.00539	0.00807	0.00370	0.00734
38	0.00796	0.00575	0.00752	0.00708	0.00841	0.00531	0.00531	0.01062	0.01593	0.02257	0.76415	0.04204	0.05310	0.01150	0.00664	0.00177	0.00265	0.01018	0.00619	0.00531
39	0.02128	0.01925	0.01659	0.01344	0.01743	0.25779	0.01075	0.51946	0.02314	0.02863	0.01199	0.01245	0.00884	0.00645	0.00545	0.00161	0.00744	0.00461	0.00477	0.00861
40	0.84197	0.01088	0.00827	0.00740	0.01088	0.01262	0.00609	0.01654	0.00958	0.02525	0.00784	0.00914	0.00609	0.00522	0.00348	0.00174	0.00435	0.00305	0.00348	0.00609
41	0.00790	0.00548	0.00621	0.00625	0.00660	0.00531	0.00376	0.00833	0.00947	0.01250	0.07885	0.08323	0.11423	0.60245	0.02310	0.00457	0.00480	0.00923	0.00394	0.00378
42	0.00796	0.00575	0.00752	0.00708	0.00841	0.00531	0.00531	0.01062	0.01593	0.02257	0.76415	0.04204	0.05310	0.01150	0.00664	0.00177	0.00265	0.01018	0.00619	0.00531
43	0.01400	0.01209	0.01273	0.01145	0.01463	0.01400	0.00891	0.02990	0.75695	0.02354	0.02291	0.02100	0.01718	0.00764	0.00573	0.00191	0.00445	0.00636	0.00573	0.00891
44	0.02444	0.00934	0.01263	0.00975	0.01394	0.00810	0.00803	0.02664	0.01587	0.72966	0.02199	0.01926	0.01396	0.00694	0.00556	0.00172	0.00467	0.00564	0.05254	0.00934
45	0.84197	0.01088	0.00827	0.00740	0.01088	0.01262	0.00609	0.01654	0.00958	0.02525	0.00784	0.00914	0.00609	0.00522	0.00348	0.00174	0.00435	0.00305	0.00348	0.00609
46	0.02139	0.01576	0.01689	0.01295	0.01745	0.01745	0.01070	0.74835	0.02646	0.03547	0.01351	0.01351	0.00957	0.00676	0.00563	0.00169	0.00619	0.00507	0.00563	0.00957
47	0.02139	0.01576	0.01689	0.01295	0.01745	0.01745	0.01070	0.74835	0.02646	0.03547	0.01351	0.01351	0.00957	0.00676	0.00563	0.00169	0.00619	0.00507	0.00563	0.00957
48	0.00796	0.00575	0.00752	0.00708	0.00841	0.00531	0.00531	0.01062	0.01593	0.02257	0.76415	0.04204	0.05310	0.01150	0.00664	0.00177	0.00265	0.01018	0.00619	0.00531
49	0.00818	0.00546	0.00614	0.00614	0.00614	0.00546	0.00341	0.00818	0.00818	0.01091	0.01773	0.03683	0.02046	0.80222	0.02864	0.00546	0.00546	0.00818	0.00341	0.00341
50	0.01400	0.01209	0.01273	0.01145	0.01463	0.01400	0.00891	0.02990	0.75695	0.02354	0.02291	0.02100	0.01718	0.00764	0.00573	0.00191	0.00445	0.00636	0.00573	0.00891
51	0.01317	0.00690	0.00902	0.00784	0.01004	0.00619	0.00604	0.01544	0.01533	0.24925	0.45319	0.03542	0.07840	0.05915	0.00770	0.00200	0.00349	0.00877	0.00620	0.00646
52	0.00666	0.00565	0.00575	0.00582	0.00763	0.00474	0.00433	0.00806	0.01271	0.01515	0.05551	0.09707	0.72289	0.01445	0.00668	0.00192	0.00287	0.01211	0.00523	0.00474
53	0.00729	0.00521	0.00703	0.00833	0.00885	0.00494	0.00598	0.00858	0.01120	0.01485	0.03078	0.65457	0.03627	0.01722	0.00730	0.00235	0.00364	0.15570	0.00522	0.00469
54	0.01167	0.01000	0.01167	0.00834	0.01334	0.00750	0.00667	0.01417	0.01167	0.01834	0.01000	0.01167	0.00834	0.00417	0.00417	0.00083	0.00417	0.00333	0.00333	0.83663
55	0.05937	0.01001	0.01267	0.01060	0.05492	0.00863	0.05282	0.04761	0.02880	0.01953	0.07164	0.03826	0.08541	0.00636	0.00496	0.00127	0.00448	0.00541	0.00388	0.47338
56	0.24562	0.00792	0.00778	0.00706	0.00929	0.00837	0.00545	0.06385	0.01240	0.08328	0.05711	0.05948	0.01550	0.06916	0.00631	0.00189	0.00378	0.00570	0.32409	0.00595
57	0.00711	0.00508	0.00682	0.00812	0.00856	0.00479	0.00566	0.00827	0.01102	0.01465	0.03088	0.71504	0.03667	0.01739	0.00725	0.00232	0.00348	0.09703	0.00522	0.00464
58	0.01514	0.57281	0.05971	0.01061	0.01515	0.07736	0.01011	0.01960	0.14196	0.01529	0.01063	0.01133	0.00896	0.00541	0.00417	0.00137	0.00616	0.00369	0.00302	0.00751
59	0.01113	0.00914	0.01378	0.01652	0.21839	0.01007	0.01022	0.07240	0.01134	0.01611	0.01296	0.01864	0.01177	0.04712	0.38565	0.06062	0.05911	0.00559	0.00311	0.00632
60	0.00730	0.00534	0.00682	0.00785	0.00852	0.00500	0.00547	0.02484	0.01151	0.01509	0.03365	0.64720	0.12322	0.01685	0.00712	0.00224	0.00340	0.05861	0.00523	0.00474
61	0.00759	0.00802	0.09823	0.00851	0.01010	0.00574	0.00703	0.00959	0.01207	0.01645	0.17405	0.50115	0.09074	0.01471	0.00682	0.00210	0.00372	0.01314	0.00507	0.00518
62	0.14889	0.01386	0.13505	0.14989	0.18048	0.01178	0.08756	0.01675	0.01236	0.07995	0.05553	0.01744	0.05433	0.00623	0.00544	0.00178	0.00638	0.00546	0.00346	0.00738
63	0.22722	0.03400	0.09498	0.01181	0.01526	0.05895	0.01052	0.22517	0.01512	0.02350	0.02468	0.01407	0.04421	0.00718	0.00768	0.00186	0.16793	0.00470	0.00384	0.00731
64	0.00932	0.00745	0.00980	0.00959	0.01101	0.02220	0.00747	0.01371	0.13721	0.01496	0.01666	0.02273	0.01493	0.03497	0.61430	0.00753	0.01292	0.02398	0.00353	0.00572
65	0.80329	0.03298	0.00902	0.00757	0.01111	0.01298	0.00628	0.03063	0.00995	0.02511	0.00794	0.00922	0.00619	0.00524	0.00353	0.00173	0.00443	0.00309	0.00349	0.00619
66	0.00692	0.00494	0.00660	0.00791	0.00826	0.00462	0.00533	0.00794	0.01084	0.01444	0.03098	0.77774	0.03708	0.01757	0.00720	0.00229	0.00332	0.03619	0.00522	0.00459
67	0.01426	0.02223	0.47256	0.01890	0.17056	0.01234	0.03845	0.01937	0.01283	0.14712	0.01231	0.01363	0.00869	0.00554	0.00548	0.00176	0.00742	0.00466	0.00326	0.00863
68	0.18536	0.01191	0.01237	0.01155	0.05702	0.05919	0.00858	0.02438	0.30316	0.20029	0.03491	0.01846	0.03500	0.00699	0.00525	0.00179	0.00491	0.00551	0.00522	0.00815
69	0.01498	0.01182	0.01258	0.01099	0.01415	0.01337	0.00871	0.18496	0.47339	0.02555	0.02061	0.02129	0.01587	0.00767	0.00558	0.00182	0.00465	0.03899	0.10456	0.00845
70	0.00719	0.00504	0.00643	0.00741	0.00765	0.00479	0.00477	0.00792	0.01012	0.01350	0.02768	0.60735	0.03301	0.21457	0.01257	0.00308	0.00381	0.01404	0.00477	0.00428
71	0.01049	0.00995	0.01736	0.58614	0.03326	0.01161	0.10230	0.01390	0.01145	0.01474	0.01403	0.06055	0.05299	0.00707	0.00636	0.02547	0.00717	0.00620	0.00285	0.00613
72	0.00828	0.00626	0.00729	0.00724	0.00898	0.00576	0.00562	0.01102	0.05656	0.03916	0.23588	0.08354	0.38055	0.01327	0.00674	0.00197	0.00328	0.10772	0.00555	0.00532
73	0.00837	0.00603	0.00824	0.00947	0.01055	0.00590	0.00783	0.01049	0.01240	0.01612	0.03161	0.24932	0.07400	0.01600	0.00756	0.00248	0.00457	0.50886	0.00520	0.00500
74	0.06601	0.01382	0.01514	0.01197	0.01612	0.01498	0.00989	0.51700	0.06531	0.13923	0.01600	0.01760	0.01186	0.00730	0.00565	0.00177	0.00573	0.04987	0.00568	0.00907
75	0.00837	0.00588	0.00732	0.00771	0.00869	0.00557	0.00541	0.04969	0.01275	0.03588	0.16008	0.47721	0.11738	0.06055	0.00814	0.00229	0.00344	0.01321	0.00536	0.00505
76	0.02726	0.00651	0.00767	0.00765	0.00934	0.00615	0.00604	0.05058	0.01433	0.01901	0.25448	0.09221	0.29995	0.01329	0.00679	0.00201	0.00353	0.16242	0.00548	0.00529
77	0.02155	0.01403	0.01554	0.01198	0.01629	0.01505	0.00988	0.57170	0.02371	0.17531	0.01543	0.01498	0.01066	0.00679	0.00555	0.00168	0.00574	0.00519	0.04962	0.00934
78	0.02004	0.01111	0.01304	0.01053	0.01425	0.01134	0.00862	0.25239	0.10283	0.31976	0.01948	0.02025	0.01400	0.00740	0.00556	0.00174	0.00495	0.04540	0.10859	0.00872
79	0.00817	0.00547	0.00621	0.00619	0.00626	0.00545	0.00351	0.00832	0.00861	0.01155	0.05889	0.03711	0.02226	0.75862	0.02743	0.00525	0.00530	0.00829	0.00356	0.00351
80	0.00708	0.00572	0.00630	0.00615	0.00786	0.00493	0.00461	0.00891	0.01384	0.01761	0.28786	0.05020	0.53249	0.01336	0.00665	0.00186	0.00279	0.01132	0.00554	0.00493
81	0.00665	0.00570	0.00570	0.00570	0.00760	0.00475	0.00428	0.00808	0.01283	0.01520	0.05701	0.05416	0.76483	0.01425	0.00665	0.00190	0.00285	0.01188	0.00523	0.00475
82	0.00877	0.00576	0.00721	0.00724	0.00833	0.00533	0.00513	0.01030	0.01263	0.06739	0.26971	0.23398	0.12420	0.16812	0.01107	0.00267	0.00362	0.03827	0.00530	0.00497
83	0.01049	0.00525	0.00525	0.00525	0.00656	0.00525	0.00393	0.01311	0.01180	0.02098	0.01836	0.02098	0.01442	0.00656	0.00393	0.00131	0.00262	0.00525	0.83346	0.00525
84	0.02282	0.01347	0.01547	0.01186	0.01631	0.01405	0.00980	0.48127	0.02262	0.30796	0.01673	0.01560	0.01119	0.00683	0.00564	0.00171	0.00567	0.00529	0.00612	0.00957
85	0.00781	0.00536	0.00628	0.00661	0.00683	0.00523	0.00402	0.00818	0.00917	0.01211	0.02339	0.21620	0.06757	0.55457	0.02186	0.00444	0.00479	0.02779	0.00398	0.00380
86	0.00767	0.00558	0.00722	0.00714	0.00831	0.00513	0.00523	0.00992	0.01473	0.02051	0.57684	0.19097	0.09398	0.01287	0.00675	0.00188	0.00279	0.01142	0.00594	0.00513
87	0.00804	0.00603	0.00904	0.00904	0.01005	0.00703	0.00703	0.01005	0.00904	0.01306	0.01507	0.02211	0.01407	0.04221	0.77992	0.00904	0.01507	0.00603	0.00301	0.00502
88	0.01393	0.01337	0.02284	0.03454	0.76712	0.01337	0.01727	0.01727	0.01281	0.01839	0.01059	0.01393	0.00891	0.00501	0.00557	0.00167	0.00669	0.00501	0.00279	0.00891
89	0.01167	0.01000	0.01167	0.00834	0.01334	0.00750	0.00667	0.01417	0.01167	0.01834	0.01000	0.01167	0.00834	0.00417	0.00417	0.00083	0.00417	0.00333	0.00333	0.83663
90	0.00686	0.00490	0.00653	0.00784	0.00816	0.00457	0.00522	0.00784	0.01077	0.01437	0.03102	0.79855	0.03722	0.01763	0.00718	0.00229	0.00326	0.01600	0.00522	0.00457
91	0.01262	0.01331	0.02314	0.03995	0.02087	0.01599	0.28446	0.01523	0.01042	0.01523	0.00894	0.01345	0.00782	0.00784	0.01372	0.00224	0.47990	0.00556	0.00261	0.00669
92	0.01085	0.00919	0.01076	0.00813	0.01243	0.00702	0.00637	0.01312	0.01163	0.01771	0.01498	0.10325	0.05332	0.00625	0.00465	0.00106	0.00399	0.00524	0.00365	0.69640
93	0.01167	0.01000	0.01167	0.00834	0.01334	0.00750	0.00667	0.01417	0.01167	0.01834	0.01000	0.01167	0.00834	0.00417	0.00417	0.00083	0.00417	0.00333	0.00333	0.83663
94	0.01095	0.00921	0.01088	0.00819	0.01248	0.00707	0.00643	0.01332	0.01192	0.01831	0.07110	0.08491	0.01445	0.00596	0.00463	0.00104	0.00397	0.00501	0.00373	0.69645
95	0.01224	0.04941	0.27679	0.01173	0.01719	0.01069	0.03285	0.01606	0.01185	0.05654	0.01233	0.01399	0.02988	0.00558	0.00570	0.00142	0.05783	0.00429	0.05891	0.31473
96	0.01216	0.01035	0.01245	0.01019	0.05994	0.00839	0.00751	0.04893	0.03043	0.01945	0.04273	0.01342	0.01055	0.00474	0.00447	0.00099	0.00436	0.00388	0.00359	0.69148
97	0.01199	0.01045	0.01303	0.01154	0.10341	0.00836	0.00799	0.01491	0.02926	0.01847	0.01037	0.01216	0.00861	0.00435	0.00437	0.00096	0.00448	0.00361	0.00332	0.71837
98	0.01335	0.01425	0.06721	0.10479	0.53266	0.01341	0.13700	0.01715	0.01269	0.01791	0.01063	0.01412	0.00861	0.00505	0.00574	0.00173	0.00732	0.00523	0.00274	0.00840

[dist]
# distance from previous block
# <min> <max>
0	1

[block]
# block no. 5 follows, 42 sequences, length 209
# corresponding to MSA columns:
# 343-551
name=unknown_F
#
# <colnr> <probs for GDERKNQSTAVLIFYWHMCP>
#	G	D	E	R	K	N	Q	S	T	A	V	L	I	F	Y	W	H	M	C	P
0	0.01381	0.01321	0.02251	0.03396	0.74892	0.01321	0.01707	0.01714	0.01282	0.01835	0.01105	0.01512	0.00948	0.00527	0.00562	0.00169	0.00665	0.02246	0.00284	0.00882
1	0.01297	0.02648	0.03075	0.03504	0.01462	0.02333	0.00767	0.05750	0.01288	0.05955	0.01265	0.01389	0.03845	0.00499	0.00451	0.00105	0.00463	0.00397	0.00366	0.63140
2	0.76993	0.03835	0.00940	0.00786	0.01135	0.05439	0.00647	0.01687	0.00998	0.02423	0.00788	0.00919	0.00619	0.00524	0.00357	0.00171	0.00472	0.00308	0.00342	0.00616
3	0.01086	0.01046	0.01833	0.72077	0.03793	0.01266	0.08054	0.01470	0.01143	0.01470	0.01013	0.01502	0.00759	0.00555	0.00572	0.00188	0.00768	0.00515	0.00253	0.00637
4	0.02139	0.01576	0.01689	0.01295	0.01745	0.01745	0.01070	0.74835	0.02646	0.03547	0.01351	0.01351	0.00957	0.00676	0.00563	0.00169	0.00619	0.00507	0.00563	0.00957
5	0.01511	0.01108	0.01797	0.40752	0.15169	0.01209	0.05638	0.05759	0.01351	0.18226	0.01304	0.01567	0.00932	0.00583	0.00568	0.00180	0.00682	0.00525	0.00372	0.00768
6	0.01093	0.00721	0.00818	0.00765	0.00960	0.00701	0.00566	0.01498	0.14550	0.11470	0.09680	0.11224	0.25661	0.11878	0.00924	0.00236	0.00375	0.00947	0.05337	0.00599
7	0.01977	0.02272	0.01515	0.01356	0.01646	0.58757	0.01032	0.09281	0.01622	0.04570	0.01042	0.01217	0.00851	0.01002	0.09192	0.00234	0.01010	0.00412	0.00334	0.00678
8	0.01080	0.00972	0.00972	0.00997	0.01160	0.11146	0.00775	0.01516	0.14581	0.01752	0.10197	0.23540	0.05416	0.01290	0.00674	0.00213	0.00489	0.22135	0.00509	0.00587
9	0.00786	0.00548	0.00662	0.00684	0.00725	0.00542	0.00440	0.00858	0.00977	0.01308	0.08461	0.16236	0.07580	0.46661	0.08798	0.00463	0.00554	0.02907	0.00407	0.00404
10	0.00790	0.00577	0.00741	0.00835	0.00912	0.00565	0.00610	0.01007	0.05446	0.01535	0.04565	0.47153	0.06512	0.08757	0.00915	0.00259	0.00393	0.17431	0.00510	0.00488
11	0.01080	0.01002	0.01616	0.69354	0.03559	0.01237	0.01468	0.01554	0.07745	0.01519	0.01185	0.04177	0.00936	0.00621	0.00569	0.00189	0.00709	0.00549	0.00288	0.00643
12	0.02139	0.01576	0.01689	0.01295	0.01745	0.01745	0.01070	0.74835	0.02646	0.03547	0.01351	0.01351	0.00957	0.00676	0.00563	0.00169	0.00619	0.00507	0.00563	0.00957
13	0.03525	0.00590	0.00635	0.00638	0.00778	0.00541	0.00453	0.00919	0.03012	0.01578	0.13053	0.13179	0.42047	0.15332	0.01047	0.00255	0.00342	0.01106	0.00498	0.00471
