[name]
unknown

[dist]
# distance from previous block
# <min> <max>
0	652

[block]
# block no. 0 follows, 47 sequences, length 21
# corresponding to MSA columns:
# 662-682
name=unknown_A
#
# <colnr> <probs for GDERKNQSTAVLIFYWHMCP>
#	G	D	E	R	K	N	Q	S	T	A	V	L	I	F	Y	W	H	M	C	P
0	0.01194	0.01083	0.09448	0.06207	0.01583	0.00859	0.08228	0.03517	0.02542	0.11650	0.01522	0.13932	0.01388	0.00727	0.00549	0.00151	0.02513	0.05131	0.00379	0.27398
1	0.01060	0.00919	0.04083	0.01013	0.08257	0.00852	0.00732	0.10938	0.12649	0.03905	0.07259	0.03090	0.31260	0.05739	0.00682	0.00184	0.00404	0.00763	0.00452	0.05760
2	0.00772	0.00577	0.00798	0.00784	0.00842	0.00662	0.00574	0.00895	0.00809	0.01148	0.01430	0.02423	0.01452	0.28401	0.50460	0.00694	0.05952	0.00615	0.00287	0.00424
3	0.03587	0.01019	0.01686	0.54686	0.23271	0.01195	0.01449	0.01405	0.01066	0.01456	0.00925	0.01337	0.00725	0.00519	0.00557	0.00170	0.03607	0.00457	0.00241	0.00643
4	0.00769	0.00500	0.00686	0.00746	0.00808	0.00481	0.00553	0.00824	0.01018	0.01351	0.10823	0.27810	0.07343	0.01555	0.01059	0.24288	0.00377	0.18199	0.00419	0.00389
5	0.00971	0.00485	0.00485	0.00485	0.00607	0.00485	0.00364	0.01213	0.01092	0.01942	0.01699	0.01942	0.01335	0.00607	0.00364	0.00121	0.00243	0.00485	0.84589	0.00485
6	0.00737	0.00532	0.00696	0.00655	0.00778	0.00491	0.00491	0.00983	0.01474	0.02088	0.78175	0.03890	0.04914	0.01065	0.00614	0.00164	0.00246	0.00942	0.00573	0.00491
7	0.01080	0.00926	0.01080	0.00771	0.01234	0.00694	0.00617	0.01311	0.01080	0.01697	0.00926	0.01080	0.00771	0.00386	0.00386	0.00077	0.00386	0.00309	0.00309	0.84882
8	0.01420	0.01280	0.07113	0.03954	0.05764	0.01208	0.29143	0.10041	0.01348	0.14272	0.06119	0.03330	0.01180	0.00626	0.00711	0.00176	0.10648	0.00577	0.00370	0.00723
9	0.01087	0.01437	0.23526	0.01449	0.11331	0.00978	0.12169	0.05882	0.01259	0.05669	0.02425	0.02528	0.24993	0.00774	0.00560	0.00169	0.00574	0.02159	0.00358	0.00671
10	0.00779	0.00537	0.00729	0.00743	0.00847	0.00543	0.00551	0.00935	0.01035	0.05383	0.11606	0.25216	0.11946	0.04092	0.32042	0.00453	0.00736	0.00937	0.00418	0.00472
11	0.00793	0.00559	0.00752	0.00774	0.00856	0.00565	0.01876	0.00983	0.04780	0.03846	0.07973	0.34758	0.02644	0.16248	0.15828	0.00375	0.00569	0.04934	0.00425	0.00459
12	0.01500	0.26232	0.11020	0.05265	0.09134	0.03466	0.05764	0.14171	0.02485	0.09692	0.01062	0.01171	0.00811	0.00509	0.00457	0.00141	0.00603	0.00403	0.00332	0.05782
13	0.01522	0.32638	0.17483	0.00989	0.01453	0.01323	0.01013	0.01791	0.01228	0.24421	0.06310	0.01568	0.04963	0.00597	0.00455	0.00144	0.00532	0.00456	0.00383	0.00731
14	0.00971	0.00485	0.00485	0.00485	0.00607	0.00485	0.00364	0.01213	0.01092	0.01942	0.01699	0.01942	0.01335	0.00607	0.00364	0.00121	0.00243	0.00485	0.84589	0.00485
15	0.03175	0.01278	0.07544	0.03847	0.01701	0.12547	0.21914	0.01517	0.03188	0.07246	0.11942	0.18246	0.01921	0.00815	0.00576	0.00173	0.00613	0.00760	0.00383	0.00616
16	0.01267	0.14555	0.12806	0.23989	0.06432	0.04863	0.14287	0.01709	0.07468	0.06131	0.01080	0.01304	0.00817	0.00511	0.00501	0.00159	0.00683	0.00456	0.00286	0.00694
17	0.00634	0.00453	0.00604	0.00725	0.00755	0.00423	0.00483	0.00725	0.00997	0.01329	0.02870	0.81358	0.03444	0.01632	0.00665	0.00211	0.00302	0.01480	0.00483	0.00423
18	0.00913	0.00660	0.00812	0.00841	0.00974	0.00677	0.00630	0.01370	0.19071	0.05469	0.09521	0.40663	0.02971	0.01285	0.00629	0.00201	0.00356	0.11892	0.00510	0.00555
19	0.05817	0.01168	0.02825	0.22263	0.14879	0.07857	0.01127	0.04917	0.05861	0.26081	0.01356	0.01450	0.00956	0.00565	0.00507	0.00162	0.00588	0.00469	0.00403	0.00749
20	0.01530	0.40165	0.02096	0.01278	0.12610	0.04686	0.00968	0.06299	0.08347	0.11452	0.01106	0.01166	0.00875	0.00509	0.00422	0.00132	0.00545	0.00381	0.00334	0.05099

[dist]
# distance from previous block
# <min> <max>
1	6

[block]
# block no. 1 follows, 47 sequences, length 112
# corresponding to MSA columns:
# 689-800
name=unknown_B
#
# <colnr> <probs for GDERKNQSTAVLIFYWHMCP>
#	G	D	E	R	K	N	Q	S	T	A	V	L	I	F	Y	W	H	M	C	P
0	0.01295	0.01264	0.09080	0.24096	0.06687	0.05958	0.09492	0.01648	0.04010	0.11739	0.01175	0.03797	0.00913	0.00571	0.00585	0.00160	0.05442	0.00488	0.00321	0.11280
1	0.00748	0.00560	0.00702	0.00759	0.00886	0.00527	0.00618	0.00934	0.01187	0.01521	0.11381	0.06983	0.26535	0.07236	0.00816	0.00231	0.00386	0.37058	0.00479	0.00455
2	0.14012	0.14530	0.36765	0.01402	0.01990	0.01374	0.16582	0.04601	0.01140	0.01756	0.00906	0.01087	0.00682	0.00479	0.00469	0.00158	0.00695	0.00402	0.00257	0.00714
3	0.00971	0.00485	0.00485	0.00485	0.00607	0.00485	0.00364	0.01213	0.01092	0.01942	0.01699	0.01942	0.01335	0.00607	0.00364	0.00121	0.00243	0.00485	0.84589	0.00485
4	0.00716	0.00532	0.00667	0.00633	0.00765	0.00483	0.00475	0.00943	0.01425	0.01972	0.65777	0.04081	0.17384	0.01108	0.00614	0.00166	0.00249	0.00969	0.00558	0.00483
5	0.18748	0.00919	0.01074	0.00855	0.01210	0.00883	0.00698	0.08842	0.01423	0.40336	0.11702	0.01764	0.01546	0.00646	0.00484	0.00155	0.00416	0.00509	0.00533	0.07259
6	0.79565	0.00999	0.00796	0.00702	0.01030	0.01140	0.00578	0.01601	0.00929	0.07688	0.00818	0.00911	0.00615	0.00495	0.00336	0.00161	0.00406	0.00299	0.00345	0.00587
7	0.00903	0.00833	0.01336	0.62693	0.02948	0.00997	0.01217	0.01200	0.01064	0.01344	0.01774	0.05938	0.14261	0.00713	0.00544	0.00176	0.00600	0.00623	0.00287	0.00547
8	0.01392	0.82012	0.02729	0.00891	0.01337	0.02061	0.00891	0.01559	0.01058	0.01225	0.00724	0.00835	0.00668	0.00446	0.00334	0.00111	0.00557	0.00278	0.00223	0.00668
9	0.00983	0.00926	0.01562	0.80447	0.03587	0.01157	0.01446	0.01331	0.01041	0.01331	0.00926	0.01388	0.00694	0.00521	0.00521	0.00174	0.00694	0.00463	0.00231	0.00579
10	0.00697	0.00526	0.00659	0.00687	0.00804	0.00488	0.00521	0.00875	0.01221	0.01617	0.27360	0.20090	0.24684	0.01472	0.05321	0.00227	0.00363	0.11430	0.00499	0.00460
11	0.01295	0.56556	0.21564	0.01133	0.01664	0.01796	0.06679	0.01589	0.01081	0.01362	0.00800	0.00942	0.00675	0.00457	0.00394	0.00129	0.00633	0.00329	0.00225	0.00696
12	0.00971	0.00485	0.00485	0.00485	0.00607	0.00485	0.00364	0.01213	0.01092	0.01942	0.01699	0.01942	0.01335	0.00607	0.00364	0.00121	0.00243	0.00485	0.84589	0.00485
13	0.00634	0.00453	0.00604	0.00725	0.00755	0.00423	0.00483	0.00725	0.00997	0.01329	0.02870	0.81358	0.03444	0.01632	0.00665	0.00211	0.00302	0.01480	0.00483	0.00423
14	0.01166	0.33065	0.32206	0.18805	0.02194	0.01528	0.01417	0.01544	0.01071	0.01414	0.00851	0.01061	0.00671	0.00481	0.00438	0.00146	0.00670	0.00361	0.00224	0.00688
15	0.00949	0.00821	0.01284	0.01754	0.32125	0.00803	0.02316	0.01155	0.01111	0.01506	0.02201	0.22427	0.09384	0.06934	0.00753	0.00211	0.00480	0.12819	0.00376	0.00593
16	0.00662	0.00529	0.00592	0.00576	0.00732	0.00459	0.00432	0.00837	0.01296	0.01666	0.32995	0.04585	0.50358	0.01222	0.00615	0.00171	0.00257	0.01039	0.00518	0.00459
17	0.01357	0.02095	0.28014	0.07521	0.08707	0.23435	0.18190	0.01748	0.01238	0.01528	0.00927	0.01159	0.00708	0.00494	0.00518	0.00158	0.00823	0.00434	0.00247	0.00698
18	0.01440	0.01611	0.07034	0.04939	0.15369	0.16791	0.31748	0.03596	0.03229	0.05905	0.01059	0.01298	0.00809	0.00502	0.00571	0.00163	0.02424	0.00501	0.00293	0.00718
19	0.07169	0.00960	0.01593	0.69978	0.03347	0.01167	0.05832	0.01365	0.01041	0.01424	0.00919	0.01350	0.00690	0.00513	0.00512	0.00173	0.00684	0.00459	0.00240	0.00585
20	0.09315	0.03358	0.19770	0.05695	0.34240	0.02808	0.08100	0.01558	0.01112	0.01675	0.00970	0.01255	0.00781	0.00726	0.06282	0.00209	0.00721	0.00441	0.00256	0.00731
21	0.02336	0.00886	0.01209	0.00927	0.01329	0.00765	0.00765	0.02538	0.01491	0.78810	0.02055	0.01773	0.01289	0.00645	0.00524	0.00161	0.00443	0.00524	0.00645	0.00886
22	0.01392	0.82012	0.02729	0.00891	0.01337	0.02061	0.00891	0.01559	0.01058	0.01225	0.00724	0.00835	0.00668	0.00446	0.00334	0.00111	0.00557	0.00278	0.00223	0.00668
23	0.00727	0.00527	0.00683	0.00670	0.00763	0.00518	0.00484	0.00899	0.01168	0.01623	0.39232	0.08108	0.08923	0.16306	0.16702	0.00363	0.00526	0.00875	0.00456	0.00446
24	0.06863	0.00517	0.00648	0.00732	0.00804	0.00502	0.00520	0.00849	0.01072	0.01528	0.13257	0.58383	0.03403	0.01452	0.00637	0.00203	0.00316	0.07382	0.00484	0.00448
25	0.08042	0.00841	0.01081	0.00876	0.01209	0.00771	0.00716	0.05062	0.01456	0.53124	0.13379	0.04064	0.01897	0.00757	0.00535	0.00166	0.00414	0.04244	0.00594	0.00773
26	0.01567	0.00993	0.01146	0.00952	0.01243	0.01037	0.00751	0.24478	0.15807	0.19394	0.13867	0.06816	0.01968	0.06702	0.00702	0.00191	0.00442	0.00659	0.00541	0.00743
27	0.01230	0.44977	0.38341	0.01168	0.01765	0.01663	0.01373	0.01601	0.01077	0.01423	0.00822	0.00959	0.00664	0.00469	0.00409	0.00136	0.00656	0.00328	0.00221	0.00716
28	0.01080	0.00926	0.01080	0.00771	0.01234	0.00694	0.00617	0.01311	0.01080	0.01697	0.00926	0.01080	0.00771	0.00386	0.00386	0.00077	0.00386	0.00309	0.00309	0.84882
29	0.01045	0.02694	0.79000	0.01484	0.02254	0.01209	0.01924	0.01649	0.01099	0.01649	0.00935	0.01099	0.00660	0.00495	0.00495	0.00165	0.00770	0.00385	0.00220	0.00770
30	0.01392	0.82012	0.02729	0.00891	0.01337	0.02061	0.00891	0.01559	0.01058	0.01225	0.00724	0.00835	0.00668	0.00446	0.00334	0.00111	0.00557	0.00278	0.00223	0.00668
31	0.00782	0.00560	0.00767	0.00852	0.00957	0.00545	0.00701	0.00997	0.01226	0.01637	0.19539	0.18247	0.03499	0.01388	0.00687	0.00218	0.00397	0.46025	0.00501	0.00473
32	0.00744	0.00558	0.00837	0.00837	0.00930	0.00651	0.00651	0.00930	0.00837	0.01209	0.01395	0.02046	0.01302	0.03906	0.79635	0.00837	0.01395	0.00558	0.00279	0.00465
33	0.00703	0.00535	0.00651	0.00646	0.00783	0.00482	0.00494	0.00905	0.01333	0.01781	0.43617	0.07357	0.28981	0.01208	0.00627	0.00177	0.00277	0.08440	0.00531	0.00470
34	0.02336	0.00886	0.01209	0.00927	0.01329	0.00765	0.00765	0.02538	0.01491	0.78810	0.02055	0.01773	0.01289	0.00645	0.00524	0.00161	0.00443	0.00524	0.00645	0.00886
35	0.01179	0.00871	0.01075	0.00950	0.01152	0.00979	0.00752	0.27791	0.01411	0.01941	0.01409	0.04783	0.01258	0.05745	0.45570	0.00559	0.01027	0.00569	0.00374	0.00607
36	0.01155	0.01142	0.01665	0.01665	0.14442	0.01512	0.01206	0.01304	0.00864	0.01328	0.00751	0.01186	0.00722	0.00907	0.03376	0.00230	0.65239	0.00460	0.00234	0.00610
37	0.01023	0.00864	0.01241	0.30730	0.09429	0.00978	0.01019	0.04772	0.10620	0.01518	0.01552	0.02496	0.02755	0.18711	0.01020	0.00253	0.00571	0.09537	0.00337	0.00574
38	0.06366	0.18504	0.01983	0.02031	0.38323	0.03139	0.04582	0.01637	0.01181	0.09691	0.01336	0.01485	0.06480	0.00543	0.00477	0.00148	0.00567	0.00470	0.00312	0.00743
39	0.01897	0.02391	0.01522	0.01477	0.07229	0.73877	0.01049	0.02044	0.01455	0.01306	0.00818	0.00965	0.00682	0.00531	0.00473	0.00136	0.00916	0.00345	0.00268	0.00620
40	0.01264	0.07896	0.40665	0.01612	0.02240	0.01274	0.25517	0.03265	0.01200	0.08570	0.01064	0.01241	0.00763	0.00489	0.00524	0.00164	0.00755	0.00464	0.00278	0.00754
41	0.01385	0.76105	0.02684	0.01060	0.06976	0.02000	0.00943	0.01562	0.01067	0.01260	0.00743	0.00869	0.00680	0.00447	0.00347	0.00115	0.00561	0.00292	0.00225	0.00680
42	0.00751	0.00529	0.00689	0.00689	0.00731	0.00571	0.00466	0.00835	0.00793	0.01099	0.01530	0.02795	0.01627	0.46698	0.37287	0.00654	0.00905	0.00668	0.00299	0.00383
43	0.01129	0.00931	0.01297	0.38073	0.03862	0.01060	0.01061	0.13273	0.07452	0.03692	0.11906	0.02177	0.10486	0.00720	0.00545	0.00169	0.00535	0.00614	0.00387	0.00631
44	0.00735	0.00532	0.00693	0.00653	0.00777	0.00490	0.00490	0.00978	0.01469	0.02075	0.76765	0.03912	0.06332	0.01070	0.00614	0.00164	0.00246	0.00945	0.00572	0.00490
45	0.00694	0.00521	0.00576	0.00573	0.00671	0.00477	0.00390	0.00794	0.01062	0.01356	0.14529	0.04242	0.35751	0.32668	0.01412	0.00304	0.00361	0.02788	0.00431	0.00400
46	0.01980	0.01342	0.01476	0.01144	0.01549	0.01456	0.00941	0.59124	0.08370	0.15012	0.01446	0.01388	0.01006	0.00635	0.00522	0.00159	0.00540	0.00487	0.00541	0.00881
47	0.01104	0.16159	0.66052	0.01384	0.02098	0.01354	0.01749	0.01634	0.01092	0.01577	0.00899	0.01055	0.00661	0.00486	0.00467	0.00156	0.00734	0.00367	0.00220	0.00752
48	0.00631	0.00509	0.00548	0.00575	0.00704	0.00441	0.00409	0.00743	0.01110	0.01357	0.04447	0.21851	0.55439	0.07890	0.00791	0.00210	0.00292	0.01156	0.00470	0.00426
49	0.00983	0.00926	0.01562	0.80447	0.03587	0.01157	0.01446	0.01331	0.01041	0.01331	0.00926	0.01388	0.00694	0.00521	0.00521	0.00174	0.00694	0.00463	0.00231	0.00579
50	0.01404	0.01173	0.01239	0.01082	0.01396	0.01346	0.00851	0.14545	0.65553	0.02354	0.01981	0.01833	0.01478	0.00694	0.00528	0.00173	0.00438	0.00570	0.00528	0.00834
51	0.01449	0.01142	0.02067	0.02166	0.31607	0.01085	0.23769	0.01759	0.01268	0.18827	0.04401	0.05586	0.01213	0.00580	0.00558	0.00166	0.00627	0.00593	0.00369	0.00768
52	0.01174	0.16770	0.46080	0.01532	0.02180	0.01381	0.19091	0.01653	0.01129	0.02954	0.00944	0.01135	0.00703	0.00476	0.00494	0.00158	0.00750	0.00421	0.00238	0.00738
53	0.01160	0.41056	0.31449	0.01095	0.01608	0.01520	0.01230	0.01483	0.01066	0.01400	0.01088	0.11595	0.01032	0.00621	0.00439	0.00145	0.00604	0.00478	0.00256	0.00674
54	0.01205	0.01434	0.14783	0.01991	0.35571	0.04586	0.01290	0.01530	0.01148	0.01672	0.00946	0.01169	0.00772	0.00446	0.00465	0.00129	0.00579	0.00391	0.00269	0.29624
55	0.01317	0.33196	0.09772	0.04469	0.17971	0.04200	0.01155	0.01854	0.18095	0.01586	0.01120	0.01229	0.00907	0.00518	0.00444	0.00144	0.00577	0.00406	0.00300	0.00741
56	0.02315	0.00920	0.01230	0.00943	0.01346	0.00816	0.00779	0.06933	0.01547	0.74336	0.02007	0.01742	0.01265	0.00643	0.00524	0.00161	0.00451	0.00520	0.00637	0.00886
57	0.01294	0.13063	0.29889	0.01286	0.05363	0.04263	0.04781	0.01659	0.01170	0.10823	0.01184	0.01534	0.00954	0.00560	0.00481	0.00147	0.00620	0.06283	0.00312	0.14334
58	0.00756	0.00512	0.00604	0.00604	0.00616	0.00524	0.00360	0.00780	0.00768	0.01036	0.01608	0.03228	0.01815	0.71400	0.12841	0.00549	0.00623	0.00731	0.00311	0.00335
59	0.01024	0.00967	0.01635	0.70221	0.13497	0.01168	0.01466	0.01366	0.01060	0.01380	0.00933	0.01375	0.00712	0.00513	0.00520	0.00171	0.00684	0.00463	0.00235	0.00611
60	0.00744	0.00558	0.00837	0.00837	0.00930	0.00651	0.00651	0.00930	0.00837	0.01209	0.01395	0.02046	0.01302	0.03906	0.79635	0.00837	0.01395	0.00558	0.00279	0.00465
61	0.01045	0.02694	0.79000	0.01484	0.02254	0.01209	0.01924	0.01649	0.01099	0.01649	0.00935	0.01099	0.00660	0.00495	0.00495	0.00165	0.00770	0.00385	0.00220	0.00770
62	0.85377	0.01007	0.00765	0.00685	0.01007	0.01168	0.00564	0.01531	0.00886	0.02336	0.00725	0.00846	0.00564	0.00483	0.00322	0.00161	0.00403	0.00282	0.00322	0.00564
63	0.00622	0.00528	0.00536	0.00534	0.00707	0.00442	0.00401	0.00760	0.01202	0.01443	0.09136	0.04952	0.74355	0.01305	0.00615	0.00175	0.00263	0.01091	0.00488	0.00442
64	0.00679	0.00544	0.00618	0.00651	0.00806	0.00483	0.00518	0.00842	0.01195	0.01470	0.07268	0.07508	0.53522	0.01350	0.00644	0.00193	0.00321	0.20449	0.00486	0.00452
65	0.00636	0.00466	0.00598	0.00703	0.00754	0.00428	0.00478	0.00735	0.01026	0.01344	0.03187	0.69853	0.13337	0.01587	0.00659	0.00207	0.00300	0.02791	0.00483	0.00426
66	0.00939	0.00579	0.00750	0.00681	0.00845	0.00523	0.00520	0.01169	0.01453	0.12188	0.62080	0.03702	0.10487	0.01030	0.00602	0.00164	0.00273	0.00899	0.00575	0.00539
67	0.01144	0.01092	0.01842	0.38262	0.41337	0.01215	0.01511	0.01463	0.01105	0.01515	0.00943	0.01328	0.00760	0.00508	0.00565	0.00166	0.03834	0.00463	0.00245	0.00703
68	0.01551	0.01216	0.01884	0.02608	0.57838	0.04672	0.01386	0.01829	0.01267	0.18821	0.01211	0.01381	0.00921	0.00507	0.00515	0.00155	0.00594	0.00471	0.00344	0.00829
69	0.05183	0.11318	0.01595	0.01142	0.01514	0.19127	0.00935	0.36513	0.07936	0.07982	0.01194	0.01208	0.00884	0.00586	0.00480	0.00148	0.00624	0.00422	0.00430	0.00778
70	0.01849	0.25803	0.01869	0.01069	0.01493	0.01638	0.00930	0.44111	0.01900	0.12657	0.01197	0.01194	0.00873	0.00573	0.00465	0.00143	0.00551	0.00418	0.00447	0.00820
71	0.15833	0.04809	0.01305	0.01110	0.04443	0.32912	0.00833	0.01807	0.04683	0.05372	0.00945	0.01054	0.00755	0.00496	0.00425	0.00128	0.00633	0.00343	0.00315	0.21798
72	0.00658	0.00521	0.00540	0.00540	0.00662	0.00459	0.00371	0.00750	0.01057	0.01286	0.04174	0.04526	0.55094	0.25686	0.01232	0.00276	0.00337	0.00995	0.00433	0.00402
73	0.01223	0.01253	0.01799	0.23941	0.22547	0.08955	0.06178	0.01500	0.02420	0.01439	0.00891	0.01260	0.00746	0.00613	0.00849	0.00180	0.22841	0.00461	0.00248	0.00656
74	0.01806	0.01365	0.01517	0.01197	0.01586	0.02926	0.04185	0.50797	0.19861	0.07027	0.01480	0.01441	0.01064	0.00636	0.00526	0.00162	0.00548	0.00504	0.00514	0.00858
75	0.00648	0.00463	0.00620	0.00735	0.00773	0.00434	0.00503	0.00752	0.01022	0.01365	0.05145	0.74988	0.03465	0.01604	0.00666	0.00212	0.00310	0.05380	0.00486	0.00428
76	0.03512	0.01229	0.04331	0.01622	0.13380	0.04187	0.18997	0.06831	0.03317	0.34928	0.01491	0.01509	0.01022	0.00556	0.00537	0.00163	0.00610	0.00518	0.00449	0.00810
77	0.01322	0.53201	0.13210	0.01244	0.01750	0.01784	0.16508	0.02972	0.01124	0.01412	0.00830	0.00996	0.00696	0.00454	0.00417	0.00133	0.00652	0.00365	0.00236	0.00693
78	0.00634	0.00453	0.00604	0.00725	0.00755	0.00423	0.00483	0.00725	0.00997	0.01329	0.02870	0.81358	0.03444	0.01632	0.00665	0.00211	0.00302	0.01480	0.00483	0.00423
79	0.01047	0.01004	0.01698	0.60393	0.13274	0.01211	0.04422	0.01373	0.01047	0.01386	0.00917	0.01355	0.00714	0.00543	0.00625	0.00176	0.07496	0.00468	0.00236	0.00615
80	0.85377	0.01007	0.00765	0.00685	0.01007	0.01168	0.00564	0.01531	0.00886	0.02336	0.00725	0.00846	0.00564	0.00483	0.00322	0.00161	0.00403	0.00282	0.00322	0.00564
81	0.01690	0.01098	0.01726	0.02232	0.45493	0.01060	0.01245	0.02010	0.04750	0.31193	0.01442	0.01503	0.01037	0.00544	0.00519	0.00158	0.00542	0.00492	0.00418	0.00848
82	0.01195	0.01141	0.01943	0.27060	0.55324	0.01213	0.01551	0.01516	0.01141	0.01587	0.00963	0.01320	0.00785	0.00482	0.00517	0.00161	0.00642	0.00464	0.00250	0.00749
83	0.01980	0.01459	0.01563	0.01198	0.01615	0.01615	0.00990	0.76713	0.02448	0.03282	0.01250	0.01250	0.00886	0.00625	0.00521	0.00156	0.00573	0.00469	0.00521	0.00886
84	0.00971	0.00485	0.00485	0.00485	0.00607	0.00485	0.00364	0.01213	0.01092	0.01942	0.01699	0.01942	0.01335	0.00607	0.00364	0.00121	0.00243	0.00485	0.84589	0.00485
85	0.01139	0.01139	0.01595	0.01367	0.01367	0.01595	0.01139	0.01253	0.00798	0.01253	0.00684	0.01139	0.00684	0.00911	0.01709	0.00228	0.80745	0.00456	0.00228	0.00570
86	0.01295	0.01119	0.01178	0.01060	0.01354	0.01295	0.00824	0.02767	0.77509	0.02178	0.02120	0.01943	0.01590	0.00707	0.00530	0.00177	0.00412	0.00589	0.00530	0.00824
87	0.85377	0.01007	0.00765	0.00685	0.01007	0.01168	0.00564	0.01531	0.00886	0.02336	0.00725	0.00846	0.00564	0.00483	0.00322	0.00161	0.00403	0.00282	0.00322	0.00564
88	0.00753	0.00524	0.00663	0.00663	0.00696	0.00556	0.00434	0.00818	0.00785	0.01080	0.01554	0.02928	0.01685	0.54278	0.29786	0.00622	0.00819	0.00687	0.00303	0.00368
89	0.85377	0.01007	0.00765	0.00685	0.01007	0.01168	0.00564	0.01531	0.00886	0.02336	0.00725	0.00846	0.00564	0.00483	0.00322	0.00161	0.00403	0.00282	0.00322	0.00564
90	0.00983	0.00926	0.01562	0.80447	0.03587	0.01157	0.01446	0.01331	0.01041	0.01331	0.00926	0.01388	0.00694	0.00521	0.00521	0.00174	0.00694	0.00463	0.00231	0.00579
91	0.01968	0.02209	0.01427	0.01274	0.01561	0.65634	0.00966	0.02171	0.04912	0.11579	0.01030	0.01095	0.00794	0.00559	0.00479	0.00140	0.00850	0.00372	0.00330	0.00651
92	0.00737	0.00532	0.00696	0.00655	0.00778	0.00491	0.00491	0.00983	0.01474	0.02088	0.78175	0.03890	0.04914	0.01065	0.00614	0.00164	0.00246	0.00942	0.00573	0.00491
93	0.85377	0.01007	0.00765	0.00685	0.01007	0.01168	0.00564	0.01531	0.00886	0.02336	0.00725	0.00846	0.00564	0.00483	0.00322	0.00161	0.00403	0.00282	0.00322	0.00564
94	0.00744	0.00558	0.00837	0.00837	0.00930	0.00651	0.00651	0.00930	0.00837	0.01209	0.01395	0.02046	0.01302	0.03906	0.79635	0.00837	0.01395	0.00558	0.00279	0.00465
95	0.01254	0.01202	0.02051	0.11997	0.69921	0.01228	0.01581	0.01568	0.01169	0.01659	0.00973	0.01300	0.00810	0.00470	0.00516	0.00157	0.00627	0.00464	0.00255	0.00797
96	0.00632	0.00528	0.00550	0.00544	0.00713	0.00446	0.00408	0.00779	0.01225	0.01497	0.14926	0.04863	0.68532	0.01285	0.00615	0.00174	0.00261	0.01078	0.00495	0.00446
97	0.01080	0.00926	0.01080	0.00771	0.01234	0.00694	0.00617	0.01311	0.01080	0.01697	0.00926	0.01080	0.00771	0.00386	0.00386	0.00077	0.00386	0.00309	0.00309	0.84882
98	0.00643	0.00525	0.00568	0.00565	0.00722	0.00450	0.00421	0.00799	0.01242	0.01555	0.21370	0.08211	0.58563	0.01276	0.00617	0.00175	0.00261	0.01081	0.00504	0.00450
99	0.01233	0.01025	0.01102	0.01012	0.01274	0.01167	0.00778	0.02491	0.65552	0.03909	0.02217	0.12451	0.01828	0.00827	0.00548	0.00181	0.00398	0.00705	0.00526	0.00773
100	0.01221	0.01168	0.01991	0.20366	0.61810	0.01219	0.01564	0.01539	0.01154	0.01619	0.00968	0.01311	0.00796	0.00477	0.00517	0.00159	0.00635	0.00464	0.00252	0.00770
101	0.00634	0.00453	0.00604	0.00725	0.00755	0.00423	0.00483	0.00725	0.00997	0.01329	0.02870	0.81358	0.03444	0.01632	0.00665	0.00211	0.00302	0.01480	0.00483	0.00423
102	0.01263	0.01262	0.02305	0.06040	0.58646	0.01252	0.18253	0.01603	0.01190	0.01679	0.00994	0.01319	0.00812	0.00461	0.00538	0.00160	0.00679	0.00497	0.00258	0.00788
103	0.01585	0.01771	0.01643	0.19354	0.20464	0.39414	0.01239	0.03689	0.01335	0.03411	0.00917	0.01152	0.00734	0.00521	0.00495	0.00149	0.00786	0.00403	0.00274	0.00665
104	0.01633	0.01073	0.01285	0.01082	0.01351	0.02505	0.00872	0.07931	0.27945	0.26400	0.01748	0.04625	0.01311	0.00754	0.00770	0.00181	0.16695	0.00561	0.00498	0.00778
105	0.45120	0.01313	0.01249	0.01116	0.03776	0.14318	0.05360	0.01571	0.00995	0.01860	0.00757	0.00974	0.00630	0.00584	0.00677	0.00172	0.18297	0.00355	0.00287	0.00589
106	0.00689	0.00515	0.00640	0.00642	0.00757	0.00466	0.00469	0.00877	0.01310	0.01779	0.46332	0.20563	0.20568	0.01240	0.00625	0.00177	0.00262	0.01090	0.00535	0.00466
107	0.00665	0.00466	0.00595	0.00686	0.00708	0.00444	0.00441	0.00733	0.00937	0.01249	0.02562	0.61820	0.03056	0.21700	0.01162	0.00285	0.00353	0.01299	0.00441	0.00396
108	0.01286	0.01245	0.02157	0.03151	0.75029	0.01241	0.04984	0.01601	0.01188	0.01700	0.00983	0.01294	0.00823	0.00463	0.00520	0.00156	0.00630	0.00471	0.00258	0.00819
109	0.00856	0.00763	0.00760	0.00764	0.00877	0.10939	0.00552	0.01029	0.01298	0.01690	0.38822	0.30110	0.07160	0.01201	0.00612	0.00177	0.00358	0.01053	0.00498	0.00480
110	0.01709	0.14969	0.01625	0.01029	0.01460	0.01417	0.00872	0.41196	0.01831	0.08690	0.01154	0.01184	0.00856	0.00543	0.00459	0.00131	0.00518	0.00405	0.00433	0.19518
111	0.03504	0.05823	0.06924	0.00998	0.01342	0.00962	0.02668	0.06538	0.12101	0.32041	0.03782	0.11600	0.01683	0.00815	0.00544	0.00173	0.00468	0.06774	0.00514	0.00745

[dist]
# distance from previous block
# <min> <max>
0	2

[block]
# block no. 2 follows, 47 sequences, length 38
# corresponding to MSA columns:
# 803-840
name=unknown_C
#
# <colnr> <probs for GDERKNQSTAVLIFYWHMCP>
#	G	D	E	R	K	N	Q	S	T	A	V	L	I	F	Y	W	H	M	C	P
0	0.01418	0.78275	0.02670	0.00912	0.01349	0.05704	0.00896	0.01584	0.01078	0.01228	0.00728	0.00840	0.00668	0.00450	0.00341	0.00112	0.00575	0.00281	0.00225	0.00665
1	0.15895	0.00934	0.01042	0.03880	0.01278	0.00838	0.00661	0.04714	0.03298	0.06266	0.01138	0.06664	0.00975	0.00528	0.00417	0.00116	0.00407	0.00418	0.00355	0.50176
2	0.01424	0.03767	0.27781	0.01498	0.02037	0.05834	0.18230	0.19565	0.09048	0.03971	0.01169	0.01288	0.00851	0.00539	0.00527	0.00163	0.00709	0.00475	0.00345	0.00778
3	0.00641	0.00491	0.00587	0.00658	0.00748	0.00441	0.00465	0.00753	0.01075	0.01364	0.03758	0.46202	0.32068	0.03387	0.00696	0.00206	0.00302	0.05250	0.00479	0.00430
4	0.01901	0.01383	0.01491	0.01165	0.01564	0.01528	0.00956	0.62681	0.12933	0.06852	0.01412	0.01373	0.01004	0.00638	0.00522	0.00159	0.00544	0.00488	0.00528	0.00877
5	0.01733	0.00933	0.01166	0.00868	0.01299	0.00774	0.00707	0.05624	0.01346	0.39134	0.01489	0.01424	0.01028	0.00523	0.00459	0.00122	0.00423	0.00421	0.00482	0.40047
6	0.01109	0.00906	0.00999	0.00912	0.01142	0.00995	0.00701	0.07140	0.42669	0.02112	0.20696	0.10294	0.06307	0.00908	0.00567	0.00175	0.00365	0.00778	0.00533	0.00690
7	0.01067	0.07741	0.74146	0.01447	0.02196	0.01264	0.01858	0.01643	0.01097	0.01622	0.00921	0.01083	0.00660	0.00492	0.00485	0.00162	0.00756	0.00378	0.00220	0.00763
8	0.01028	0.00972	0.01643	0.69073	0.14609	0.01169	0.01469	0.01370	0.01063	0.01385	0.00934	0.01374	0.00713	0.00512	0.00520	0.00171	0.00683	0.00463	0.00235	0.00615
9	0.01045	0.02694	0.79000	0.01484	0.02254	0.01209	0.01924	0.01649	0.01099	0.01649	0.00935	0.01099	0.00660	0.00495	0.00495	0.00165	0.00770	0.00385	0.00220	0.00770
10	0.00633	0.00458	0.00599	0.00711	0.00752	0.00424	0.00477	0.00727	0.01010	0.01335	0.03036	0.76088	0.08608	0.01610	0.00661	0.00209	0.00299	0.01454	0.00483	0.00424
11	0.01513	0.01162	0.01920	0.02712	0.61980	0.01137	0.01420	0.01799	0.01251	0.18169	0.01209	0.01392	0.00924	0.00503	0.00517	0.00156	0.00581	0.00477	0.00340	0.00838
12	0.32169	0.01069	0.01126	0.00906	0.01278	0.01126	0.00746	0.18783	0.05059	0.30717	0.01398	0.01329	0.00951	0.00585	0.00451	0.00161	0.00456	0.00427	0.00495	0.00767
13	0.00650	0.00460	0.00600	0.00705	0.00732	0.00433	0.00462	0.00729	0.00967	0.01289	0.02715	0.71515	0.03248	0.11742	0.00915	0.00249	0.00328	0.01389	0.00462	0.00409
14	0.01980	0.01459	0.01563	0.01198	0.01615	0.01615	0.00990	0.76713	0.02448	0.03282	0.01250	0.01250	0.00886	0.00625	0.00521	0.00156	0.00573	0.00469	0.00521	0.00886
15	0.01086	0.12165	0.69893	0.01413	0.02144	0.01311	0.01801	0.01638	0.01095	0.01599	0.00909	0.01068	0.00661	0.00489	0.00476	0.00159	0.00744	0.00372	0.00220	0.00758
16	0.00709	0.00485	0.00582	0.00629	0.00641	0.00473	0.00381	0.00745	0.00851	0.01134	0.02119	0.33752	0.02497	0.50531	0.01878	0.00391	0.00426	0.01039	0.00381	0.00357
17	0.00757	0.00505	0.00568	0.00568	0.00568	0.00505	0.00316	0.00757	0.00757	0.01010	0.01641	0.03408	0.01893	0.81698	0.02651	0.00505	0.00505	0.00757	0.00316	0.00316
18	0.09779	0.01199	0.01275	0.01098	0.03034	0.01342	0.00858	0.32863	0.30730	0.03783	0.02871	0.06111	0.01339	0.00704	0.00515	0.00168	0.00473	0.00562	0.00500	0.00797
19	0.01526	0.01423	0.10949	0.01873	0.11826	0.01206	0.35109	0.09192	0.01384	0.18303	0.01264	0.01419	0.00896	0.00511	0.00560	0.00167	0.00710	0.00536	0.00364	0.00783
20	0.01995	0.01434	0.01547	0.01186	0.01602	0.01578	0.00980	0.73474	0.02407	0.06580	0.01285	0.01273	0.00903	0.00626	0.00521	0.00156	0.00567	0.00471	0.00526	0.00886
21	0.00971	0.00485	0.00485	0.00485	0.00607	0.00485	0.00364	0.01213	0.01092	0.01942	0.01699	0.01942	0.01335	0.00607	0.00364	0.00121	0.00243	0.00485	0.84589	0.00485
22	0.00644	0.00460	0.00615	0.00736	0.00771	0.00431	0.00500	0.00742	0.01007	0.01340	0.02865	0.77812	0.03423	0.01622	0.00667	0.00213	0.00310	0.04932	0.00483	0.00426
23	0.00810	0.00616	0.00778	0.00680	0.00875	0.00535	0.00518	0.01053	0.01390	0.02005	0.61677	0.03290	0.04029	0.00920	0.00565	0.00145	0.00276	0.00807	0.00517	0.18514
24	0.85377	0.01007	0.00765	0.00685	0.01007	0.01168	0.00564	0.01531	0.00886	0.02336	0.00725	0.00846	0.00564	0.00483	0.00322	0.00161	0.00403	0.00282	0.00322	0.00564
25	0.01606	0.01518	0.01576	0.01694	0.20954	0.17499	0.01100	0.21597	0.23003	0.02159	0.01334	0.01390	0.01024	0.00589	0.00512	0.00157	0.00615	0.00474	0.00405	0.00795
26	0.00753	0.00552	0.00828	0.00828	0.00916	0.00640	0.00640	0.00916	0.00828	0.01191	0.01367	0.02019	0.01279	0.03786	0.75193	0.05646	0.01341	0.00552	0.00276	0.00451
27	0.01980	0.01459	0.01563	0.01198	0.01615	0.01615	0.00990	0.76713	0.02448	0.03282	0.01250	0.01250	0.00886	0.00625	0.00521	0.00156	0.00573	0.00469	0.00521	0.00886
28	0.01478	0.01074	0.01221	0.00970	0.01356	0.01053	0.00787	0.20973	0.17080	0.10873	0.01506	0.01708	0.01179	0.00614	0.00488	0.00138	0.00452	0.05583	0.00458	0.31008
29	0.01370	0.18718	0.01673	0.01168	0.01360	0.25093	0.00964	0.01514	0.01065	0.01246	0.00849	0.01167	0.00781	0.01204	0.14199	0.00278	0.26122	0.00399	0.00248	0.00583
30	0.03575	0.12861	0.01358	0.00847	0.01258	0.00967	0.00710	0.01576	0.01144	0.16358	0.03005	0.01243	0.00947	0.00493	0.00483	0.00111	0.04919	0.00368	0.00362	0.47413
31	0.17310	0.21398	0.35936	0.01124	0.01666	0.03025	0.01270	0.04984	0.01139	0.01769	0.05276	0.01150	0.00897	0.00520	0.00430	0.00150	0.00613	0.00374	0.00275	0.00692
32	0.01011	0.00819	0.00920	0.00848	0.01052	0.00882	0.00646	0.03398	0.36644	0.02051	0.31413	0.06804	0.07334	0.03050	0.00629	0.00182	0.00340	0.00799	0.00536	0.00643
33	0.01559	0.57996	0.02350	0.01027	0.01419	0.25478	0.00926	0.01716	0.01184	0.01240	0.00748	0.00867	0.00669	0.00473	0.00375	0.00118	0.00672	0.00296	0.00237	0.00649
34	0.01039	0.01164	0.11366	0.64539	0.03282	0.01166	0.03245	0.01411	0.01060	0.03582	0.00956	0.01357	0.00709	0.00528	0.00547	0.00173	0.02558	0.00458	0.00242	0.00614
35	0.00861	0.00668	0.00927	0.01152	0.12858	0.00660	0.00703	0.07960	0.01162	0.01569	0.02426	0.61484	0.02800	0.01357	0.00628	0.00198	0.00376	0.01229	0.00452	0.00528
36	0.00649	0.00463	0.00620	0.00741	0.00778	0.00435	0.00508	0.00750	0.01011	0.01345	0.02862	0.76148	0.03413	0.01618	0.00668	0.00213	0.00314	0.06552	0.00483	0.00427
37	0.01309	0.01244	0.02097	0.03137	0.76161	0.01249	0.01580	0.03836	0.01223	0.01748	0.00988	0.01288	0.00827	0.00469	0.00516	0.00155	0.00617	0.00464	0.00266	0.00827

[dist]
# distance from previous block
# <min> <max>
0	8

[block]
# block no. 3 follows, 47 sequences, length 55
# corresponding to MSA columns:
# 849-903
name=unknown_D
#
# <colnr> <probs for GDERKNQSTAVLIFYWHMCP>
#	G	D	E	R	K	N	Q	S	T	A	V	L	I	F	Y	W	H	M	C	P
0	0.11029	0.04011	0.04422	0.04587	0.54581	0.04207	0.04646	0.03425	0.01184	0.01769	0.00942	0.01210	0.00775	0.00474	0.00489	0.00155	0.00620	0.00436	0.00269	0.00769
1	0.01245	0.01148	0.01852	0.28864	0.44385	0.01244	0.01471	0.07932	0.03648	0.01726	0.01020	0.01340	0.00810	0.00504	0.00518	0.00162	0.00634	0.00468	0.00280	0.00747
2	0.00744	0.00558	0.00837	0.00837	0.00930	0.00651	0.00651	0.00930	0.00837	0.01209	0.01395	0.02046	0.01302	0.03906	0.79635	0.00837	0.01395	0.00558	0.00279	0.00465
3	0.04619	0.01133	0.01318	0.01004	0.01420	0.01116	0.00826	0.32893	0.01795	0.31727	0.01483	0.01406	0.01009	0.00586	0.00492	0.00144	0.00485	0.00456	0.00525	0.15563
4	0.01946	0.02458	0.01478	0.01338	0.01610	0.77764	0.01006	0.03844	0.01499	0.01322	0.00815	0.00946	0.00676	0.00539	0.00471	0.00135	0.00930	0.00339	0.00274	0.00610
5	0.00634	0.00453	0.00604	0.00725	0.00755	0.00423	0.00483	0.00725	0.00997	0.01329	0.02870	0.81358	0.03444	0.01632	0.00665	0.00211	0.00302	0.01480	0.00483	0.00423
6	0.00971	0.00485	0.00485	0.00485	0.00607	0.00485	0.00364	0.01213	0.01092	0.01942	0.01699	0.01942	0.01335	0.00607	0.00364	0.00121	0.00243	0.00485	0.84589	0.00485
7	0.01918	0.01365	0.19349	0.01230	0.04535	0.00942	0.06024	0.04028	0.01395	0.51223	0.01671	0.01562	0.01084	0.00589	0.00523	0.00163	0.00557	0.00494	0.00504	0.00845
8	0.00737	0.00598	0.00918	0.19168	0.01482	0.00626	0.03560	0.00900	0.01016	0.01342	0.02354	0.59913	0.02710	0.01331	0.00630	0.00201	0.00414	0.01213	0.00417	0.00469
9	0.00971	0.00485	0.00485	0.00485	0.00607	0.00485	0.00364	0.01213	0.01092	0.01942	0.01699	0.01942	0.01335	0.00607	0.00364	0.00121	0.00243	0.00485	0.84589	0.00485
10	0.01254	0.10586	0.58800	0.01365	0.02037	0.05090	0.01653	0.04544	0.01193	0.07355	0.01001	0.01120	0.00716	0.00508	0.00480	0.00157	0.00725	0.00385	0.00265	0.00764
11	0.01284	0.07385	0.07796	0.09508	0.36434	0.06999	0.19873	0.01627	0.01189	0.01590	0.00958	0.01254	0.00770	0.00469	0.00522	0.00158	0.00719	0.00472	0.00252	0.00741
12	0.01080	0.00926	0.01080	0.00771	0.01234	0.00694	0.00617	0.01311	0.01080	0.01697	0.00926	0.01080	0.00771	0.00386	0.00386	0.00077	0.00386	0.00309	0.00309	0.84882
13	0.01320	0.10940	0.36132	0.01436	0.04361	0.01217	0.13828	0.03640	0.01219	0.13321	0.04377	0.01415	0.01002	0.02846	0.00569	0.00169	0.00675	0.00470	0.00318	0.00745
14	0.01154	0.01228	0.02474	0.17596	0.13743	0.01217	0.45829	0.01540	0.01196	0.01619	0.04533	0.01577	0.02727	0.00506	0.00582	0.00172	0.00762	0.00589	0.00275	0.00680
15	0.00971	0.00485	0.00485	0.00485	0.00607	0.00485	0.00364	0.01213	0.01092	0.01942	0.01699	0.01942	0.01335	0.00607	0.00364	0.00121	0.00243	0.00485	0.84589	0.00485
16	0.07806	0.20361	0.01656	0.01104	0.01444	0.39238	0.00898	0.02023	0.02689	0.16644	0.01050	0.01091	0.00801	0.00536	0.00440	0.00137	0.00706	0.00360	0.00340	0.00675
17	0.00890	0.00740	0.01179	0.01470	0.21719	0.00808	0.00905	0.01109	0.00930	0.01341	0.01284	0.01843	0.01174	0.02983	0.58417	0.00654	0.01187	0.00533	0.00273	0.00561
18	0.01152	0.20018	0.04074	0.00823	0.01292	0.01032	0.00725	0.01381	0.01075	0.01585	0.00879	0.01023	0.00743	0.00403	0.00377	0.00088	0.00439	0.00304	0.00285	0.62301
19	0.01392	0.82012	0.02729	0.00891	0.01337	0.02061	0.00891	0.01559	0.01058	0.01225	0.00724	0.00835	0.00668	0.00446	0.00334	0.00111	0.00557	0.00278	0.00223	0.00668
20	0.01175	0.01134	0.01848	0.28204	0.48768	0.03030	0.01481	0.01484	0.01146	0.01557	0.01150	0.01479	0.04234	0.00522	0.00521	0.00161	0.00635	0.00489	0.00260	0.00722
21	0.00749	0.00527	0.00686	0.00689	0.00730	0.00567	0.00466	0.00832	0.00797	0.01104	0.01560	0.04519	0.01668	0.45909	0.36290	0.00644	0.00890	0.00686	0.00303	0.00383
22	0.02075	0.01305	0.01468	0.01125	0.01538	0.01387	0.00930	0.56821	0.02192	0.23537	0.01466	0.01390	0.00994	0.00630	0.00522	0.00158	0.00538	0.00484	0.00554	0.00886
23	0.85377	0.01007	0.00765	0.00685	0.01007	0.01168	0.00564	0.01531	0.00886	0.02336	0.00725	0.00846	0.00564	0.00483	0.00322	0.00161	0.00403	0.00282	0.00322	0.00564
24	0.00744	0.00558	0.00837	0.00837	0.00930	0.00651	0.00651	0.00930	0.00837	0.01209	0.01395	0.02046	0.01302	0.03906	0.79635	0.00837	0.01395	0.00558	0.00279	0.00465
25	0.01299	0.60740	0.23183	0.01050	0.01583	0.01832	0.01168	0.01583	0.01069	0.01339	0.00780	0.00906	0.00666	0.00459	0.00377	0.00126	0.00614	0.00307	0.00222	0.00695
26	0.85377	0.01007	0.00765	0.00685	0.01007	0.01168	0.00564	0.01531	0.00886	0.02336	0.00725	0.00846	0.00564	0.00483	0.00322	0.00161	0.00403	0.00282	0.00322	0.00564
27	0.02306	0.00935	0.01239	0.00950	0.01354	0.00838	0.00784	0.08844	0.01572	0.72389	0.01986	0.01728	0.01255	0.00643	0.00523	0.00161	0.00454	0.00519	0.00634	0.00886
28	0.00616	0.00524	0.00531	0.00536	0.00706	0.00439	0.00399	0.00746	0.01179	0.01403	0.05172	0.08293	0.75024	0.01332	0.00618	0.00177	0.00265	0.01115	0.00484	0.00439
29	0.00943	0.00871	0.01450	0.71158	0.03257	0.01071	0.01334	0.01260	0.01036	0.01330	0.01152	0.10706	0.01015	0.00650	0.00537	0.00178	0.00649	0.00581	0.00261	0.00560
30	0.00971	0.00485	0.00485	0.00485	0.00607	0.00485	0.00364	0.01213	0.01092	0.01942	0.01699	0.01942	0.01335	0.00607	0.00364	0.00121	0.00243	0.00485	0.84589	0.00485
31	0.00634	0.00453	0.00604	0.00725	0.00755	0.00423	0.00483	0.00725	0.00997	0.01329	0.02870	0.81358	0.03444	0.01632	0.00665	0.00211	0.00302	0.01480	0.00483	0.00423
32	0.01194	0.48952	0.01925	0.00807	0.01133	0.01435	0.00740	0.01391	0.01228	0.04802	0.28962	0.01986	0.02239	0.00679	0.00444	0.00133	0.00439	0.00530	0.00368	0.00613
33	0.01190	0.01829	0.33323	0.02501	0.47520	0.01226	0.01730	0.01619	0.01151	0.01680	0.00961	0.01212	0.00758	0.00476	0.00507	0.00159	0.00680	0.00432	0.00242	0.00802
34	0.45279	0.01680	0.01125	0.01053	0.03489	0.36613	0.00793	0.01781	0.01161	0.01839	0.00768	0.00901	0.00620	0.00507	0.00394	0.00149	0.00651	0.00311	0.00296	0.00589
35	0.36070	0.01267	0.01747	0.03643	0.17568	0.06499	0.21248	0.03103	0.01115	0.01948	0.00887	0.01115	0.00695	0.00475	0.00459	0.00162	0.00622	0.00421	0.00291	0.00664
36	0.85377	0.01007	0.00765	0.00685	0.01007	0.01168	0.00564	0.01531	0.00886	0.02336	0.00725	0.00846	0.00564	0.00483	0.00322	0.00161	0.00403	0.00282	0.00322	0.00564
37	0.01254	0.49696	0.32255	0.01147	0.01719	0.01716	0.02809	0.01596	0.01078	0.01398	0.00812	0.00949	0.00667	0.00464	0.00402	0.00133	0.00646	0.00326	0.00222	0.00708
38	0.00737	0.00532	0.00696	0.00655	0.00778	0.00491	0.00491	0.00983	0.01474	0.02088	0.78175	0.03890	0.04914	0.01065	0.00614	0.00164	0.00246	0.00942	0.00573	0.00491
39	0.02336	0.00886	0.01209	0.00927	0.01329	0.00765	0.00765	0.02538	0.01491	0.78810	0.02055	0.01773	0.01289	0.00645	0.00524	0.00161	0.00443	0.00524	0.00645	0.00886
40	0.00757	0.00505	0.00568	0.00568	0.00568	0.00505	0.00316	0.00757	0.00757	0.01010	0.01641	0.03408	0.01893	0.81698	0.02651	0.00505	0.00505	0.00757	0.00316	0.00316
41	0.01593	0.01266	0.01345	0.01120	0.01468	0.01434	0.00896	0.34906	0.44886	0.02658	0.01742	0.01642	0.01284	0.00671	0.00526	0.00168	0.00482	0.00537	0.00526	0.00851
42	0.01289	0.01237	0.02114	0.03196	0.78450	0.01237	0.01598	0.01598	0.01186	0.01701	0.00980	0.01289	0.00825	0.00464	0.00516	0.00155	0.00619	0.00464	0.00258	0.00825
43	0.00887	0.00690	0.00825	0.00764	0.00933	0.00707	0.00581	0.01461	0.21865	0.02112	0.57779	0.03368	0.04022	0.00969	0.00592	0.00167	0.00290	0.00847	0.00562	0.00581
44	0.00962	0.01013	0.01927	0.07345	0.01967	0.00949	0.40049	0.01269	0.01198	0.01537	0.02758	0.02868	0.32221	0.00802	0.00608	0.00176	0.00615	0.00800	0.00350	0.00586
45	0.00987	0.00931	0.00904	0.00877	0.00985	0.16401	0.00647	0.01121	0.00947	0.01177	0.01332	0.02130	0.01308	0.20682	0.46542	0.00622	0.01104	0.00558	0.00285	0.00459
46	0.00677	0.00530	0.00613	0.00592	0.00741	0.00466	0.00444	0.00866	0.01332	0.01751	0.42105	0.04445	0.41194	0.01190	0.00615	0.00170	0.00255	0.01020	0.00529	0.00466
47	0.01225	0.01230	0.01945	0.27533	0.40557	0.06496	0.07072	0.01536	0.01146	0.01533	0.00944	0.01299	0.00764	0.00504	0.00572	0.00164	0.04053	0.00466	0.00249	0.00712
48	0.01267	0.01215	0.02075	0.08636	0.73179	0.01232	0.01588	0.01579	0.01176	0.01675	0.00976	0.01296	0.00816	0.00468	0.00516	0.00156	0.00624	0.00464	0.00256	0.00808
49	0.00744	0.00558	0.00837	0.00837	0.00930	0.00651	0.00651	0.00930	0.00837	0.01209	0.01395	0.02046	0.01302	0.03906	0.79635	0.00837	0.01395	0.00558	0.00279	0.00465
50	0.00757	0.00505	0.00568	0.00568	0.00568	0.00505	0.00316	0.00757	0.00757	0.01010	0.01641	0.03408	0.01893	0.81698	0.02651	0.00505	0.00505	0.00757	0.00316	0.00316
51	0.83254	0.01004	0.00777	0.00691	0.01015	0.01158	0.00569	0.01557	0.00902	0.04291	0.00759	0.00870	0.00583	0.00488	0.00327	0.00161	0.00404	0.00288	0.00331	0.00572
52	0.00649	0.00464	0.00621	0.00742	0.00779	0.00436	0.00509	0.00751	0.01012	0.01346	0.02862	0.75877	0.03412	0.01618	0.00669	0.00214	0.00315	0.06815	0.00483	0.00427
53	0.01157	0.00929	0.01063	0.00811	0.01219	0.00785	0.00645	0.02940	0.12851	0.05879	0.01547	0.01588	0.07551	0.00533	0.00437	0.00107	0.00386	0.00433	0.00379	0.58760
54	0.27880	0.00775	0.00795	0.00690	0.00947	0.00767	0.00542	0.02992	0.01221	0.02082	0.33164	0.02433	0.07540	0.00766	0.00478	0.00148	0.00330	0.00618	0.00439	0.15393

[dist]
# distance from previous block
# <min> <max>
1	10

[block]
# block no. 4 follows, 47 sequences, length 23
# corresponding to MSA columns:
# 914-936
name=unknown_E
#
# <colnr> <probs for GDERKNQSTAVLIFYWHMCP>
#	G	D	E	R	K	N	Q	S	T	A	V	L	I	F	Y	W	H	M	C	P
0	0.01184	0.00871	0.00999	0.00853	0.01144	0.00845	0.00662	0.06528	0.22006	0.09402	0.10356	0.12347	0.08585	0.00828	0.00528	0.00153	0.00374	0.00704	0.00481	0.21151
1	0.01452	0.01730	0.11964	0.01219	0.04250	0.27918	0.02708	0.01855	0.10309	0.05108	0.03896	0.01285	0.00995	0.00531	0.00471	0.00132	0.00648	0.00407	0.00331	0.22793
2	0.01861	0.00901	0.01160	0.00868	0.01293	0.00738	0.00709	0.02073	0.01335	0.49610	0.01627	0.01510	0.01093	0.00547	0.00471	0.00129	0.00421	0.00442	0.00517	0.32692
3	0.01383	0.04485	0.39677	0.01524	0.02096	0.20222	0.14157	0.04997	0.01281	0.03990	0.00965	0.01132	0.00714	0.00504	0.00506	0.00157	0.00805	0.00416	0.00265	0.00724
4	0.50491	0.00966	0.00950	0.00792	0.01143	0.01022	0.00651	0.01963	0.04396	0.31141	0.01286	0.01242	0.00881	0.00554	0.00407	0.00162	0.00418	0.00386	0.00453	0.00697
5	0.01436	0.20871	0.01851	0.28487	0.07803	0.28482	0.01173	0.01663	0.01206	0.01313	0.00840	0.01094	0.00689	0.00504	0.00458	0.00144	0.00741	0.00375	0.00244	0.00627
6	0.01422	0.00906	0.01094	0.00847	0.01236	0.00774	0.00675	0.03794	0.08875	0.22402	0.03682	0.06917	0.01295	0.00598	0.00466	0.00123	0.00399	0.00496	0.00446	0.43552
7	0.01402	0.14807	0.41041	0.01328	0.01917	0.08640	0.03761	0.14558	0.01379	0.05035	0.00994	0.01106	0.00731	0.00518	0.00477	0.00152	0.00708	0.00391	0.00295	0.00761
8	0.03069	0.51622	0.17309	0.01180	0.04583	0.08969	0.03878	0.01630	0.01112	0.01369	0.00794	0.00935	0.00675	0.00465	0.00395	0.00129	0.00644	0.00324	0.00231	0.00687
9	0.00752	0.00527	0.00678	0.00678	0.00716	0.00565	0.00453	0.00828	0.00790	0.01091	0.01540	0.02850	0.01651	0.49824	0.34194	0.00641	0.00870	0.00676	0.00301	0.00377
10	0.01087	0.04867	0.49417	0.01208	0.01762	0.01014	0.01419	0.01537	0.01191	0.08614	0.14735	0.07861	0.01679	0.00695	0.00526	0.00166	0.00604	0.00576	0.00341	0.00701
