[name]
unknown

[dist]
# distance from previous block
# <min> <max>
0	558

[block]
# block no. 0 follows, 35 sequences, length 35
# corresponding to MSA columns:
# 625-659
name=unknown_A
#
# <colnr> <probs for GDERKNQSTAVLIFYWHMCP>
#	G	D	E	R	K	N	Q	S	T	A	V	L	I	F	Y	W	H	M	C	P
0	0.00855	0.00620	0.00845	0.02812	0.01117	0.00600	0.00740	0.01027	0.01294	0.01703	0.03481	0.53093	0.05914	0.01875	0.00823	0.00265	0.00441	0.21373	0.00580	0.00540
1	0.02214	0.11214	0.18420	0.01524	0.07769	0.01365	0.01373	0.07017	0.01687	0.38356	0.01822	0.01742	0.01224	0.00694	0.00600	0.00189	0.00675	0.00552	0.00556	0.01008
2	0.06335	0.02230	0.24373	0.01650	0.02029	0.13092	0.01613	0.03730	0.01274	0.01825	0.00972	0.01317	0.00819	0.00842	0.01250	0.00229	0.34841	0.00494	0.00299	0.00786
3	0.01139	0.00880	0.00949	0.00899	0.01042	0.00947	0.00610	0.01782	0.26169	0.01770	0.02564	0.03683	0.07969	0.44492	0.02119	0.00442	0.00551	0.00884	0.00493	0.00615
4	0.01444	0.02214	0.29829	0.02876	0.33598	0.01513	0.15353	0.01987	0.01415	0.02041	0.01190	0.01510	0.00921	0.00574	0.00642	0.00198	0.00883	0.00564	0.00298	0.00951
5	0.01593	0.01622	0.02134	0.13673	0.41200	0.13542	0.01630	0.02027	0.06111	0.01997	0.07115	0.01827	0.01416	0.00669	0.00631	0.00190	0.00778	0.00596	0.00364	0.00884
6	0.00805	0.00677	0.00704	0.00714	0.00915	0.00599	0.00528	0.01062	0.05894	0.01761	0.05817	0.14812	0.60285	0.01608	0.00751	0.00220	0.00339	0.01358	0.00593	0.00562
7	0.00827	0.00587	0.00763	0.00836	0.00900	0.00551	0.00567	0.00978	0.01345	0.01836	0.23269	0.47633	0.04475	0.11056	0.01088	0.00285	0.00379	0.01508	0.00595	0.00523
8	0.01918	0.02428	0.33303	0.01611	0.02304	0.01753	0.01699	0.41485	0.02271	0.03137	0.01357	0.01444	0.00960	0.00693	0.00621	0.00195	0.00802	0.00527	0.00476	0.01018
9	0.01585	0.44887	0.02979	0.12405	0.18655	0.02068	0.05805	0.01880	0.01335	0.01678	0.01013	0.01283	0.00872	0.00560	0.00511	0.00163	0.00744	0.00448	0.00286	0.00845
10	0.00871	0.00697	0.00789	0.00799	0.00977	0.00649	0.00593	0.01208	0.08191	0.01957	0.18910	0.19594	0.37203	0.01554	0.00755	0.00222	0.00351	0.03473	0.00616	0.00590
11	0.00760	0.00624	0.00669	0.00697	0.00873	0.00534	0.00508	0.00915	0.01411	0.01723	0.08133	0.20562	0.57051	0.01674	0.00762	0.00223	0.00330	0.01427	0.00593	0.00534
12	0.01198	0.01128	0.01903	0.76180	0.04369	0.01409	0.01762	0.01621	0.01268	0.01621	0.01128	0.01691	0.00846	0.00634	0.00634	0.00211	0.00846	0.00564	0.00282	0.00705
13	0.01324	0.12435	0.65719	0.01720	0.02609	0.01600	0.02190	0.01996	0.01333	0.01946	0.01107	0.01300	0.00805	0.00595	0.00579	0.00193	0.00906	0.00453	0.00268	0.00922
14	0.02126	0.08817	0.01950	0.01596	0.01877	0.55155	0.01246	0.02288	0.01597	0.01543	0.00944	0.01181	0.00820	0.00733	0.00849	0.00183	0.15619	0.00431	0.00313	0.00734
15	0.00820	0.00581	0.00764	0.00893	0.00938	0.00553	0.00615	0.00939	0.01208	0.01605	0.03297	0.60117	0.03901	0.11225	0.01114	0.00305	0.00424	0.09631	0.00563	0.00507
16	0.01509	0.01445	0.02464	0.15790	0.62330	0.01491	0.01916	0.01893	0.01416	0.01998	0.01182	0.01590	0.00979	0.00577	0.00629	0.00192	0.00769	0.00565	0.00309	0.00955
17	0.02304	0.02927	0.01751	0.01594	0.01916	0.72131	0.01196	0.02467	0.01783	0.01559	0.01202	0.01345	0.03765	0.00692	0.00579	0.00165	0.01111	0.00446	0.00338	0.00727
18	0.82186	0.01227	0.00932	0.00834	0.01227	0.01423	0.00687	0.01865	0.01080	0.02846	0.00883	0.01031	0.00687	0.00589	0.00393	0.00196	0.00491	0.00344	0.00393	0.00687
19	0.82186	0.01227	0.00932	0.00834	0.01227	0.01423	0.00687	0.01865	0.01080	0.02846	0.00883	0.01031	0.00687	0.00589	0.00393	0.00196	0.00491	0.00344	0.00393	0.00687
20	0.00761	0.00599	0.00688	0.00759	0.00887	0.00526	0.00534	0.00897	0.01334	0.01668	0.05008	0.40558	0.39953	0.01791	0.00779	0.00235	0.00344	0.01564	0.00589	0.00526
21	0.01538	0.02023	0.09908	0.01226	0.01576	0.34110	0.01036	0.01768	0.01591	0.01676	0.03357	0.03315	0.32283	0.01060	0.00653	0.00190	0.00763	0.00819	0.00433	0.00673
22	0.00898	0.00648	0.00848	0.00798	0.00948	0.00599	0.00599	0.01197	0.01796	0.02544	0.73413	0.04739	0.05986	0.01297	0.00748	0.00200	0.00299	0.01147	0.00698	0.00599
23	0.01420	0.01342	0.02274	0.22387	0.49865	0.01424	0.01805	0.01796	0.01364	0.01907	0.01217	0.01677	0.01011	0.00924	0.06697	0.00262	0.00854	0.00574	0.00308	0.00891
24	0.00906	0.00680	0.01020	0.01020	0.01133	0.00793	0.00793	0.01133	0.01020	0.01473	0.01699	0.02492	0.01586	0.04758	0.75191	0.01020	0.01699	0.00680	0.00340	0.00566
25	0.00916	0.00640	0.00820	0.00820	0.00864	0.00685	0.00544	0.01005	0.00960	0.01325	0.01882	0.03504	0.02025	0.49224	0.31326	0.00773	0.01038	0.00828	0.00367	0.00455
26	0.02225	0.01678	0.01756	0.03201	0.01924	0.05790	0.01152	0.44973	0.18705	0.09211	0.01806	0.01751	0.01295	0.00777	0.00634	0.00196	0.00668	0.00601	0.00624	0.01034
27	0.01102	0.00551	0.00826	0.00826	0.00826	0.00551	0.00551	0.00826	0.00826	0.01102	0.01102	0.01928	0.01102	0.02204	0.02479	0.81543	0.00551	0.00551	0.00275	0.00275
28	0.02082	0.02031	0.01664	0.01443	0.01826	0.27829	0.01123	0.17467	0.30102	0.05177	0.01786	0.01746	0.01344	0.00763	0.00617	0.00191	0.00773	0.00574	0.00535	0.00927
29	0.08018	0.01586	0.02025	0.01692	0.07850	0.01663	0.09502	0.40565	0.02322	0.13392	0.01547	0.01597	0.01096	0.00700	0.00625	0.00191	0.00701	0.00578	0.00566	0.03786
30	0.00812	0.00645	0.00729	0.00708	0.00895	0.00562	0.00531	0.01031	0.01593	0.02063	0.34621	0.05530	0.45077	0.01476	0.00749	0.00208	0.00312	0.01258	0.00635	0.00562
31	0.01749	0.01993	0.01936	0.35425	0.11462	0.33354	0.01551	0.02054	0.01518	0.01644	0.01072	0.01440	0.00852	0.00635	0.00607	0.00188	0.00964	0.00497	0.00305	0.00753
32	0.00771	0.00561	0.00727	0.00861	0.00914	0.00517	0.00579	0.00886	0.01236	0.01628	0.03774	0.70558	0.10750	0.01951	0.00804	0.00254	0.00364	0.01760	0.00589	0.00517
33	0.01494	0.01430	0.02438	0.18622	0.59613	0.01487	0.01909	0.01880	0.01409	0.01981	0.01180	0.01595	0.00972	0.00579	0.00629	0.00193	0.00772	0.00565	0.00307	0.00944
34	0.01409	0.01343	0.02284	0.35194	0.43707	0.01465	0.01867	0.01806	0.01368	0.01877	0.01165	0.01623	0.00936	0.00595	0.00631	0.00198	0.00793	0.00565	0.00300	0.00875

[dist]
# distance from previous block
# <min> <max>
0	4

[block]
# block no. 1 follows, 35 sequences, length 49
# corresponding to MSA columns:
# 681-722,735-741
name=unknown_B
#
# <colnr> <probs for GDERKNQSTAVLIFYWHMCP>
#	G	D	E	R	K	N	Q	S	T	A	V	L	I	F	Y	W	H	M	C	P
0	0.01990	0.00890	0.01198	0.00983	0.01324	0.00786	0.00786	0.02259	0.01807	0.42687	0.33681	0.03293	0.03512	0.01010	0.00686	0.00198	0.00434	0.00862	0.00747	0.00868
1	0.00833	0.00635	0.00779	0.00871	0.01004	0.00582	0.00667	0.01012	0.01369	0.01731	0.04561	0.31287	0.30121	0.01780	0.00805	0.00251	0.00410	0.20173	0.00588	0.00542
2	0.01908	0.01527	0.01621	0.01358	0.01776	0.01732	0.01084	0.30432	0.45003	0.03187	0.02162	0.02032	0.01597	0.00821	0.00641	0.00205	0.00580	0.00659	0.00641	0.01034
3	0.00877	0.00648	0.00819	0.00776	0.00935	0.00590	0.00582	0.01156	0.01746	0.02426	0.63913	0.04933	0.15559	0.01341	0.00748	0.00202	0.00302	0.01174	0.00683	0.00590
4	0.01809	0.01355	0.01511	0.01316	0.01686	0.01496	0.01076	0.27095	0.28675	0.06344	0.02377	0.03128	0.01998	0.01021	0.00693	0.00223	0.00592	0.16031	0.00635	0.00940
5	0.02005	0.44631	0.02680	0.01280	0.01777	0.14686	0.01142	0.20944	0.01835	0.02183	0.01073	0.01176	0.00887	0.00621	0.00497	0.00155	0.00763	0.00414	0.00379	0.00873
6	0.01183	0.00591	0.00591	0.00591	0.00739	0.00591	0.00443	0.01478	0.01330	0.02365	0.02069	0.02365	0.01626	0.00739	0.00443	0.00148	0.00296	0.00591	0.81227	0.00591
7	0.01440	0.06124	0.45144	0.02438	0.25998	0.01516	0.02109	0.02018	0.01387	0.04315	0.01188	0.01426	0.00895	0.00593	0.00603	0.00194	0.00852	0.00500	0.00300	0.00958
8	0.04610	0.02617	0.01782	0.01557	0.01928	0.53249	0.01196	0.18256	0.05109	0.02193	0.01170	0.01280	0.00921	0.00685	0.00584	0.00173	0.00996	0.00457	0.00412	0.00824
9	0.01578	0.01363	0.01434	0.01291	0.01650	0.01578	0.01004	0.03371	0.72602	0.02654	0.02582	0.02367	0.01937	0.00861	0.00646	0.00215	0.00502	0.00717	0.00646	0.01004
10	0.01084	0.00559	0.00831	0.00845	0.00853	0.00558	0.00574	0.00851	0.00873	0.01162	0.01312	0.05541	0.01357	0.02173	0.02331	0.74183	0.00544	0.03764	0.00304	0.00300
11	0.01858	0.22147	0.06795	0.04392	0.16635	0.23109	0.09039	0.02161	0.01518	0.05118	0.01116	0.01335	0.00905	0.00596	0.00566	0.00172	0.00885	0.00478	0.00326	0.00851
12	0.00864	0.00627	0.00705	0.00713	0.00798	0.00588	0.00466	0.00956	0.01197	0.01544	0.10399	0.08689	0.24094	0.41121	0.02044	0.00426	0.00483	0.03329	0.00493	0.00464
13	0.00910	0.00666	0.00948	0.00948	0.01037	0.00754	0.00704	0.01087	0.00998	0.01420	0.01765	0.02854	0.01743	0.20664	0.59500	0.00931	0.01463	0.00733	0.00350	0.00527
14	0.01462	0.08109	0.09912	0.17127	0.30656	0.01592	0.18228	0.01906	0.01399	0.01921	0.01170	0.01557	0.00928	0.00573	0.00636	0.00196	0.00858	0.00579	0.00301	0.00889
15	0.02061	0.07131	0.15529	0.01490	0.02006	0.21439	0.01363	0.21152	0.08015	0.09033	0.01449	0.01515	0.01074	0.00825	0.02945	0.00210	0.00862	0.00515	0.00465	0.00920
16	0.02073	0.01305	0.01488	0.01252	0.01667	0.01397	0.00998	0.09256	0.42959	0.26566	0.02463	0.02224	0.01740	0.00827	0.00642	0.00207	0.00532	0.00678	0.00691	0.01036
17	0.01417	0.01261	0.02413	0.16572	0.02754	0.01243	0.32467	0.01841	0.01552	0.09094	0.18390	0.02593	0.02244	0.00787	0.00718	0.00210	0.00781	0.02429	0.00453	0.00781
18	0.06580	0.01783	0.19095	0.19767	0.09854	0.01417	0.16135	0.04995	0.01442	0.05351	0.01474	0.04957	0.02938	0.00693	0.00645	0.00207	0.00827	0.00643	0.00357	0.00840
19	0.01696	0.02465	0.30472	0.01570	0.02166	0.15639	0.01591	0.07553	0.24261	0.03846	0.01626	0.01660	0.01204	0.00710	0.00614	0.00197	0.00812	0.00547	0.00437	0.00933
20	0.02133	0.01803	0.01873	0.19056	0.02520	0.13600	0.01331	0.41868	0.02352	0.05254	0.01373	0.01522	0.00997	0.00715	0.00625	0.00191	0.00800	0.00545	0.00507	0.00936
21	0.00785	0.00608	0.00715	0.00765	0.00898	0.00538	0.00544	0.00949	0.01415	0.01820	0.16826	0.34090	0.34370	0.01704	0.00773	0.00229	0.00336	0.01490	0.00608	0.00538
22	0.00821	0.00587	0.00771	0.00846	0.00919	0.00547	0.00583	0.00989	0.01395	0.01910	0.26686	0.49884	0.04707	0.05147	0.00898	0.00254	0.00356	0.01546	0.00616	0.00537
23	0.00872	0.00650	0.00865	0.00979	0.01064	0.00643	0.00743	0.01043	0.01300	0.01708	0.03625	0.46102	0.10635	0.01842	0.00879	0.00265	0.03723	0.21943	0.00574	0.00546
24	0.00805	0.00635	0.00727	0.00786	0.00940	0.00565	0.00591	0.00970	0.01377	0.01706	0.05100	0.22959	0.43632	0.04178	0.00864	0.00250	0.00384	0.12417	0.00582	0.00534
25	0.02703	0.01310	0.01615	0.01238	0.01734	0.01275	0.01023	0.25751	0.02202	0.50983	0.02179	0.01949	0.01408	0.00777	0.00637	0.00194	0.00592	0.00616	0.00735	0.01079
26	0.00757	0.00643	0.00652	0.00650	0.00861	0.00538	0.00487	0.00924	0.01462	0.01753	0.09557	0.06041	0.70336	0.01592	0.00750	0.00214	0.00320	0.01330	0.00594	0.00538
27	0.01578	0.01363	0.01434	0.01291	0.01650	0.01578	0.01004	0.03371	0.72602	0.02654	0.02582	0.02367	0.01937	0.00861	0.00646	0.00215	0.00502	0.00717	0.00646	0.01004
28	0.01696	0.78087	0.03324	0.01085	0.01628	0.02510	0.01085	0.01900	0.01289	0.01493	0.00882	0.01018	0.00814	0.00543	0.00407	0.00136	0.00678	0.00339	0.00271	0.00814
29	0.02149	0.01433	0.01625	0.01245	0.01750	0.01437	0.01017	0.33756	0.08592	0.17786	0.01720	0.01677	0.01222	0.00702	0.00595	0.00169	0.00590	0.00549	0.00601	0.21385
30	0.01791	0.67562	0.03110	0.01162	0.01675	0.12696	0.01105	0.01988	0.01360	0.01501	0.00896	0.01035	0.00815	0.00558	0.00430	0.00140	0.00744	0.00349	0.00279	0.00803
31	0.01183	0.00591	0.00591	0.00591	0.00739	0.00591	0.00443	0.01478	0.01330	0.02365	0.02069	0.02365	0.01626	0.00739	0.00443	0.00148	0.00296	0.00591	0.81227	0.00591
32	0.01287	0.01098	0.01285	0.00937	0.01473	0.00828	0.00743	0.01560	0.01310	0.02044	0.01251	0.05273	0.01109	0.00549	0.00488	0.00102	0.00465	0.00450	0.00387	0.77361
33	0.01198	0.01128	0.01903	0.76180	0.04369	0.01409	0.01762	0.01621	0.01268	0.01621	0.01128	0.01691	0.00846	0.00634	0.00634	0.00211	0.00846	0.00564	0.00282	0.00705
34	0.00773	0.00552	0.00736	0.00883	0.00920	0.00515	0.00589	0.00883	0.01215	0.01619	0.03497	0.77291	0.04196	0.01987	0.00810	0.00258	0.00368	0.01803	0.00589	0.00515
35	0.01315	0.01128	0.01315	0.00940	0.01503	0.00846	0.00752	0.01597	0.01315	0.02067	0.01128	0.01315	0.00940	0.00470	0.00470	0.00094	0.00470	0.00376	0.00376	0.81583
36	0.01189	0.00798	0.00991	0.00993	0.01153	0.00800	0.00723	0.09834	0.05142	0.07711	0.05083	0.49428	0.05354	0.01832	0.05509	0.00288	0.00510	0.01402	0.00600	0.00660
37	0.11258	0.06201	0.06410	0.01531	0.01899	0.55469	0.01237	0.02350	0.01627	0.01724	0.00968	0.01149	0.00802	0.00659	0.00614	0.00173	0.04450	0.00409	0.00326	0.00745
38	0.04035	0.06843	0.08420	0.34344	0.05400	0.23827	0.04773	0.01986	0.01447	0.01696	0.01070	0.01429	0.00837	0.00623	0.00596	0.00190	0.00930	0.00496	0.00300	0.00757
39	0.07850	0.01102	0.01436	0.01117	0.01596	0.00993	0.00920	0.03026	0.05011	0.66359	0.02403	0.02097	0.01531	0.00776	0.00623	0.00197	0.00535	0.00623	0.00754	0.01051
40	0.00776	0.00612	0.00704	0.00773	0.00911	0.00540	0.00559	0.00925	0.01354	0.01688	0.05053	0.34792	0.41176	0.01769	0.00782	0.00237	0.00357	0.05873	0.00589	0.00530
41	0.01022	0.00730	0.01022	0.01168	0.01314	0.00730	0.01022	0.01314	0.01460	0.01899	0.03359	0.07156	0.03651	0.01752	0.00876	0.00292	0.00584	0.69478	0.00584	0.00584
42	0.00825	0.00657	0.00681	0.00667	0.00886	0.00552	0.00503	0.00997	0.01478	0.04080	0.10108	0.05901	0.67353	0.01563	0.00746	0.00213	0.00327	0.01306	0.00602	0.00557
43	0.01315	0.01128	0.01315	0.00940	0.01503	0.00846	0.00752	0.01597	0.01315	0.02067	0.01128	0.01315	0.00940	0.00470	0.00470	0.00094	0.00470	0.00376	0.00376	0.81583
44	0.01067	0.00899	0.01261	0.18882	0.08912	0.00937	0.01061	0.04312	0.01435	0.01833	0.03496	0.09084	0.25468	0.04698	0.00844	0.00245	0.00569	0.13870	0.00482	0.00646
45	0.01360	0.01066	0.01176	0.01037	0.01291	0.04461	0.00815	0.17842	0.05731	0.02782	0.43419	0.03883	0.05891	0.01156	0.00716	0.00203	0.00461	0.05320	0.00653	0.00736
46	0.12395	0.34928	0.13482	0.01169	0.01704	0.01863	0.01170	0.08182	0.05999	0.03959	0.01670	0.01726	0.07987	0.00708	0.00510	0.00173	0.00646	0.00510	0.00388	0.00832
47	0.20372	0.01599	0.11800	0.08184	0.04028	0.04260	0.04413	0.01741	0.01220	0.02048	0.01240	0.01527	0.03965	0.00733	0.00869	0.00200	0.17186	0.00502	0.00338	0.13776
48	0.52081	0.01330	0.01201	0.01018	0.01435	0.01498	0.00831	0.14187	0.10653	0.06229	0.01293	0.01347	0.00963	0.00659	0.00480	0.00195	0.00530	0.00445	0.00484	0.03140

[dist]
# distance from previous block
# <min> <max>
0	4

[block]
# block no. 2 follows, 35 sequences, length 30
# corresponding to MSA columns:
# 747-776
name=unknown_C
#
# <colnr> <probs for GDERKNQSTAVLIFYWHMCP>
#	G	D	E	R	K	N	Q	S	T	A	V	L	I	F	Y	W	H	M	C	P
0	0.01527	0.40170	0.26252	0.01667	0.05825	0.02007	0.10719	0.01955	0.01340	0.01759	0.01033	0.01240	0.00840	0.00562	0.00526	0.00170	0.00817	0.00446	0.00279	0.00869
1	0.01272	0.03281	0.74418	0.01808	0.02746	0.01473	0.02344	0.02009	0.01339	0.02009	0.01138	0.01339	0.00804	0.00603	0.00603	0.00201	0.00938	0.00469	0.00268	0.00938
2	0.00858	0.00601	0.00735	0.00776	0.00827	0.00574	0.00500	0.00961	0.01213	0.01636	0.16292	0.29632	0.06909	0.33537	0.01808	0.00394	0.00456	0.01289	0.00524	0.00477
3	0.01750	0.01385	0.01548	0.01146	0.01687	0.01290	0.00932	0.29332	0.01976	0.02832	0.01284	0.01398	0.00995	0.00585	0.00535	0.00132	0.00560	0.00453	0.00478	0.49703
4	0.01497	0.01711	0.03743	0.02674	0.03316	0.01604	0.71444	0.02032	0.01497	0.02032	0.01283	0.01711	0.00963	0.00535	0.00749	0.00214	0.01070	0.00749	0.00321	0.00856
5	0.00824	0.00649	0.00751	0.00767	0.00943	0.00575	0.00588	0.01034	0.01521	0.01945	0.23124	0.11093	0.42159	0.01573	0.00770	0.00223	0.00352	0.09937	0.00617	0.00556
6	0.00777	0.00642	0.00684	0.00697	0.00891	0.00549	0.00525	0.00952	0.01460	0.01783	0.11433	0.10624	0.60145	0.01614	0.00760	0.00220	0.00336	0.04770	0.00598	0.00542
7	0.00805	0.00573	0.00764	0.00906	0.00953	0.00542	0.00626	0.00930	0.01229	0.01634	0.03425	0.67144	0.04066	0.04866	0.00909	0.00275	0.00400	0.08855	0.00581	0.00517
8	0.01696	0.78087	0.03324	0.01085	0.01628	0.02510	0.01085	0.01900	0.01289	0.01493	0.00882	0.01018	0.00814	0.00543	0.00407	0.00136	0.00678	0.00339	0.00271	0.00814
9	0.01910	0.00946	0.01222	0.01077	0.01418	0.00872	0.00898	0.06750	0.01724	0.35432	0.03381	0.04285	0.14824	0.01213	0.00728	0.00227	0.00525	0.21049	0.00681	0.00838
10	0.01570	0.01507	0.02575	0.03894	0.73748	0.01507	0.01947	0.01947	0.01444	0.02073	0.01193	0.01570	0.01005	0.00565	0.00628	0.00188	0.00754	0.00565	0.00314	0.01005
11	0.01515	0.01005	0.01202	0.01020	0.01305	0.01016	0.00803	0.18142	0.06185	0.11012	0.44322	0.03551	0.04094	0.01087	0.00703	0.00198	0.00432	0.00929	0.00690	0.00790
12	0.01643	0.01585	0.02902	0.07128	0.02858	0.01585	0.42871	0.18336	0.01828	0.02454	0.01547	0.02236	0.01264	0.00722	0.00728	0.00216	0.00916	0.07890	0.00420	0.00870
13	0.10944	0.01484	0.02280	0.29810	0.14154	0.07129	0.16451	0.01851	0.01343	0.01911	0.01111	0.01537	0.00874	0.00630	0.00721	0.00207	0.05904	0.00565	0.00311	0.00783
14	0.01475	0.00785	0.00945	0.00836	0.01127	0.00673	0.00651	0.01670	0.01579	0.26435	0.09346	0.09719	0.39595	0.01333	0.00716	0.00210	0.00398	0.01120	0.00663	0.00724
15	0.00786	0.00593	0.00697	0.00772	0.00866	0.00536	0.00523	0.00898	0.01254	0.01597	0.04308	0.42127	0.28117	0.12535	0.01130	0.00293	0.00387	0.01517	0.00560	0.00504
16	0.10580	0.15062	0.06925	0.11530	0.14792	0.17105	0.01376	0.06030	0.01501	0.01996	0.01063	0.01304	0.00863	0.00598	0.00540	0.00172	0.00793	0.00448	0.00334	0.06988
17	0.01102	0.00551	0.00826	0.00826	0.00826	0.00551	0.00551	0.00826	0.00826	0.01102	0.01102	0.01928	0.01102	0.02204	0.02479	0.81543	0.00551	0.00551	0.00275	0.00275
18	0.01572	0.01550	0.02361	0.08808	0.53609	0.05935	0.01789	0.01981	0.04727	0.01980	0.01204	0.01572	0.01008	0.00645	0.00774	0.00199	0.08466	0.00562	0.00324	0.00935
19	0.01841	0.01493	0.01583	0.01344	0.01750	0.01701	0.01068	0.24904	0.50640	0.03078	0.02248	0.02101	0.01666	0.00829	0.00642	0.00207	0.00564	0.00671	0.00642	0.01028
20	0.02565	0.01017	0.01382	0.01081	0.01523	0.00884	0.00884	0.02819	0.01813	0.63862	0.12723	0.02531	0.02207	0.00859	0.00654	0.00197	0.00505	0.00711	0.00773	0.01010
21	0.01351	0.00885	0.01059	0.00946	0.01209	0.00874	0.00732	0.01975	0.18443	0.13941	0.36328	0.03950	0.13416	0.01154	0.00707	0.00205	0.00389	0.00990	0.00685	0.00763
22	0.00911	0.00627	0.00819	0.00850	0.00969	0.00578	0.00616	0.01123	0.01527	0.04570	0.35982	0.34354	0.08880	0.01596	0.00774	0.00227	0.00348	0.04027	0.00646	0.00577
23	0.00823	0.00585	0.00732	0.00829	0.00875	0.00554	0.00548	0.00917	0.01167	0.01537	0.03316	0.48954	0.08953	0.22021	0.01450	0.00351	0.00441	0.04928	0.00534	0.00486
24	0.00901	0.00659	0.00925	0.00946	0.01066	0.00683	0.00730	0.01145	0.01362	0.01906	0.26238	0.13602	0.03666	0.02853	0.31075	0.00553	0.00914	0.09681	0.00524	0.00573
25	0.01696	0.78087	0.03324	0.01085	0.01628	0.02510	0.01085	0.01900	0.01289	0.01493	0.00882	0.01018	0.00814	0.00543	0.00407	0.00136	0.00678	0.00339	0.00271	0.00814
26	0.01528	0.06501	0.15824	0.02363	0.03029	0.06535	0.50722	0.02054	0.01478	0.01965	0.01215	0.01569	0.00917	0.00555	0.00692	0.00204	0.01029	0.00654	0.00309	0.00859
27	0.01961	0.01521	0.01513	0.01289	0.01680	0.09529	0.01018	0.15735	0.35210	0.14082	0.04601	0.02289	0.04991	0.00855	0.00642	0.00201	0.00600	0.00686	0.00630	0.00966
28	0.00819	0.00635	0.00723	0.00734	0.00866	0.00595	0.00516	0.00947	0.01231	0.01549	0.04352	0.10473	0.39112	0.20862	0.13355	0.00446	0.00619	0.01166	0.00499	0.00502
29	0.07845	0.22301	0.04845	0.00971	0.01228	0.01196	0.00816	0.01323	0.01274	0.01775	0.07777	0.40725	0.02945	0.01353	0.00649	0.00212	0.00485	0.01164	0.00478	0.00638

[dist]
# distance from previous block
# <min> <max>
1	30

[block]
# block no. 3 follows, 35 sequences, length 13
# corresponding to MSA columns:
# 810-822
name=unknown_D
#
# <colnr> <probs for GDERKNQSTAVLIFYWHMCP>
#	G	D	E	R	K	N	Q	S	T	A	V	L	I	F	Y	W	H	M	C	P
0	0.01408	0.15734	0.30839	0.01465	0.02060	0.09527	0.05055	0.03655	0.01459	0.01867	0.02081	0.02519	0.11909	0.00852	0.00620	0.00196	0.00791	0.06799	0.00364	0.00802
1	0.01649	0.01899	0.01294	0.01191	0.01468	0.38628	0.00897	0.04421	0.01709	0.01780	0.08515	0.03301	0.28637	0.01066	0.00655	0.00186	0.00753	0.00821	0.00465	0.00663
2	0.02145	0.01498	0.01625	0.01260	0.01748	0.04758	0.01024	0.33220	0.07482	0.16429	0.03580	0.01727	0.01322	0.00718	0.00600	0.00171	0.00613	0.00559	0.00594	0.18928
3	0.01209	0.01140	0.04139	0.35430	0.11369	0.01220	0.01444	0.01736	0.08808	0.01941	0.10130	0.05786	0.02083	0.00928	0.00686	0.00220	0.00685	0.09878	0.00424	0.00744
4	0.01141	0.00746	0.00866	0.00881	0.01021	0.00755	0.00637	0.11605	0.01513	0.02200	0.02769	0.43249	0.02951	0.01426	0.00672	0.00214	0.00395	0.01252	0.25084	0.00622
5	0.00847	0.00646	0.00777	0.00745	0.00916	0.00577	0.00558	0.01098	0.01675	0.02258	0.50359	0.05209	0.29218	0.01404	0.00749	0.00205	0.00307	0.01213	0.00661	0.00577
6	0.01150	0.01487	0.17802	0.02037	0.24906	0.01059	0.01412	0.01505	0.01381	0.01930	0.07635	0.24044	0.08775	0.01132	0.00695	0.00214	0.00611	0.01014	0.00436	0.00776
7	0.02530	0.01586	0.01786	0.01369	0.01872	0.01684	0.01131	0.52894	0.02664	0.23187	0.01791	0.01697	0.01213	0.00768	0.00636	0.00192	0.00655	0.00589	0.00676	0.01079
8	0.00800	0.00603	0.00740	0.00793	0.00910	0.00543	0.00562	0.00975	0.01435	0.01894	0.23050	0.37963	0.24034	0.01696	0.00776	0.00230	0.00337	0.01498	0.00618	0.00543
9	0.01225	0.00891	0.01069	0.00980	0.01184	0.00902	0.00741	0.17946	0.01916	0.02632	0.36604	0.24335	0.04310	0.01363	0.00738	0.00214	0.00414	0.01194	0.00652	0.00690
10	0.01353	0.01760	0.17478	0.08712	0.12855	0.01683	0.01683	0.01680	0.01155	0.01723	0.01065	0.03907	0.00963	0.00906	0.01377	0.00241	0.39800	0.00580	0.00291	0.00787
11	0.01401	0.25998	0.52829	0.01589	0.02406	0.01788	0.01962	0.01976	0.01324	0.01852	0.01061	0.01242	0.00807	0.00585	0.00543	0.00181	0.00859	0.00429	0.00269	0.00900
12	0.06037	0.01562	0.01741	0.17330	0.02328	0.04997	0.01225	0.43679	0.02282	0.03073	0.01425	0.01754	0.01108	0.07649	0.00853	0.00232	0.00732	0.00582	0.00511	0.00901

[dist]
# distance from previous block
# <min> <max>
0	4

[block]
# block no. 4 follows, 35 sequences, length 35
# corresponding to MSA columns:
# 828-862
name=unknown_E
#
# <colnr> <probs for GDERKNQSTAVLIFYWHMCP>
#	G	D	E	R	K	N	Q	S	T	A	V	L	I	F	Y	W	H	M	C	P
0	0.02025	0.02927	0.25011	0.01665	0.02213	0.41121	0.01580	0.12279	0.01821	0.02049	0.01109	0.01261	0.00850	0.00653	0.00591	0.00179	0.01014	0.00451	0.00352	0.00849
1	0.20070	0.08475	0.01884	0.01650	0.09065	0.10418	0.01239	0.01799	0.01171	0.01886	0.00903	0.01263	0.00814	0.00830	0.01216	0.00224	0.35570	0.00471	0.00313	0.00740
2	0.00809	0.00650	0.00725	0.00722	0.00914	0.00566	0.00552	0.01017	0.01542	0.01952	0.24383	0.05809	0.50238	0.01533	0.00758	0.00216	0.00334	0.06105	0.00618	0.00556
3	0.01407	0.01165	0.01599	0.17682	0.13523	0.01233	0.01211	0.02142	0.21016	0.05961	0.10207	0.05925	0.01990	0.00816	0.00637	0.00193	0.00583	0.00715	0.00490	0.11504
4	0.01393	0.01173	0.01357	0.00976	0.01536	0.00925	0.00784	0.06550	0.01433	0.02204	0.01156	0.01330	0.00949	0.00490	0.00481	0.00101	0.00486	0.00390	0.00394	0.75891
5	0.00783	0.00596	0.00693	0.00763	0.00866	0.00536	0.00520	0.00899	0.01269	0.01607	0.04466	0.39647	0.31445	0.11570	0.01097	0.00286	0.00381	0.01506	0.00563	0.00506
6	0.02297	0.01684	0.01812	0.01420	0.01903	0.01864	0.01163	0.58083	0.13971	0.06581	0.01730	0.01682	0.01234	0.00778	0.00636	0.00195	0.00661	0.00597	0.00642	0.01067
7	0.00792	0.00567	0.00753	0.00870	0.00924	0.00528	0.00590	0.00932	0.01304	0.01762	0.14266	0.66116	0.04472	0.01881	0.00800	0.00249	0.00357	0.01702	0.00606	0.00528
8	0.01312	0.01045	0.01153	0.01043	0.01320	0.01114	0.00809	0.15291	0.20211	0.02386	0.05474	0.10967	0.23527	0.01648	0.09438	0.00308	0.00607	0.00992	0.00586	0.00766
9	0.00885	0.01187	0.17615	0.01070	0.01332	0.00737	0.00980	0.01144	0.01267	0.01719	0.03260	0.52507	0.10598	0.01631	0.00756	0.00240	0.00494	0.01449	0.00515	0.00614
10	0.00911	0.00659	0.00915	0.00915	0.00992	0.00736	0.00662	0.01066	0.00989	0.01395	0.01795	0.03022	0.01816	0.28060	0.52204	0.00890	0.01353	0.00757	0.00354	0.00508
11	0.04818	0.01514	0.03646	0.19351	0.38969	0.03805	0.06804	0.07331	0.01535	0.04396	0.01232	0.01583	0.00968	0.00605	0.00627	0.00196	0.00791	0.00566	0.00350	0.00913
12	0.00771	0.00637	0.00676	0.00680	0.00873	0.00542	0.00505	0.00946	0.01475	0.01815	0.14957	0.10961	0.59785	0.01593	0.00754	0.00215	0.00322	0.01347	0.00603	0.00542
13	0.01818	0.29212	0.08914	0.09183	0.02136	0.28217	0.01348	0.02071	0.01443	0.01577	0.00961	0.01197	0.00819	0.00651	0.00667	0.00173	0.08126	0.00420	0.00293	0.00774
14	0.01878	0.33166	0.22223	0.01350	0.01987	0.01889	0.01424	0.13341	0.01659	0.13559	0.01312	0.01368	0.00974	0.00633	0.00534	0.00172	0.00730	0.00459	0.00410	0.00933
15	0.01694	0.01430	0.01742	0.04257	0.04134	0.01552	0.03913	0.20444	0.20956	0.02643	0.01594	0.01701	0.01231	0.00747	0.00792	0.00188	0.10481	0.00570	0.00496	0.19436
16	0.01085	0.00886	0.01079	0.01075	0.01260	0.00932	0.02965	0.01811	0.26399	0.02012	0.03308	0.41384	0.08182	0.01511	0.00748	0.00239	0.00440	0.03383	0.00600	0.00702
17	0.01241	0.01195	0.01948	0.39940	0.05792	0.01481	0.06472	0.01560	0.01204	0.01641	0.01305	0.09437	0.01203	0.00896	0.01059	0.00234	0.21668	0.00703	0.00316	0.00704
18	0.28593	0.09390	0.01631	0.01181	0.01615	0.01716	0.00997	0.32242	0.04814	0.03114	0.01453	0.01849	0.01188	0.00775	0.00553	0.00197	0.00609	0.06695	0.00513	0.00874
19	0.01324	0.01202	0.02434	0.01838	0.02206	0.01135	0.39246	0.01508	0.01208	0.01640	0.01202	0.01791	0.01021	0.01239	0.01472	0.34616	0.00831	0.00653	0.00303	0.03130
20	0.01521	0.02295	0.26802	0.05373	0.22144	0.09148	0.19562	0.02038	0.01453	0.01970	0.01173	0.01489	0.00901	0.00582	0.00644	0.00197	0.00939	0.00563	0.00300	0.00905
21	0.01532	0.01468	0.02505	0.11383	0.66560	0.01497	0.01928	0.01913	0.01426	0.02026	0.01186	0.01583	0.00988	0.00572	0.00629	0.00191	0.00763	0.00565	0.00311	0.00974
22	0.01198	0.01128	0.01903	0.76180	0.04369	0.01409	0.01762	0.01621	0.01268	0.01621	0.01128	0.01691	0.00846	0.00634	0.00634	0.00211	0.00846	0.00564	0.00282	0.00705
23	0.01649	0.01397	0.02171	0.02571	0.34539	0.02814	0.09654	0.04990	0.11015	0.09553	0.05723	0.02308	0.05072	0.00760	0.00665	0.00200	0.00690	0.02832	0.00462	0.00935
24	0.02177	0.01550	0.18102	0.01239	0.01764	0.01059	0.01194	0.05878	0.01655	0.43398	0.04083	0.02253	0.01584	0.10027	0.00945	0.00248	0.00641	0.00645	0.00608	0.00950
25	0.00765	0.00613	0.00684	0.00730	0.00882	0.00532	0.00523	0.00916	0.01387	0.01724	0.08766	0.29608	0.47211	0.01717	0.00770	0.00228	0.00336	0.01483	0.00594	0.00532
26	0.01198	0.01128	0.01903	0.76180	0.04369	0.01409	0.01762	0.01621	0.01268	0.01621	0.01128	0.01691	0.00846	0.00634	0.00634	0.00211	0.00846	0.00564	0.00282	0.00705
27	0.01523	0.04129	0.11159	0.17777	0.17985	0.01603	0.23126	0.09121	0.01554	0.02127	0.01216	0.01584	0.00933	0.00608	0.00695	0.00203	0.02836	0.00603	0.00335	0.00883
28	0.01946	0.01024	0.01285	0.01119	0.01463	0.01004	0.00894	0.02584	0.19895	0.34537	0.09110	0.10734	0.02545	0.01073	0.00692	0.00217	0.00495	0.07774	0.00701	0.00908
29	0.00773	0.00552	0.00736	0.00883	0.00920	0.00515	0.00589	0.00883	0.01215	0.01619	0.03497	0.77291	0.04196	0.01987	0.00810	0.00258	0.00368	0.01803	0.00589	0.00515
30	0.03745	0.01113	0.01397	0.01412	0.08896	0.04699	0.03736	0.09635	0.03806	0.15224	0.05598	0.26215	0.07473	0.01226	0.00705	0.00218	0.00551	0.02992	0.00578	0.00783
31	0.24181	0.01577	0.02065	0.01581	0.02066	0.08562	0.22430	0.09205	0.01543	0.05889	0.01322	0.01521	0.02673	0.00630	0.00617	0.00188	0.02708	0.00545	0.00408	0.10288
32	0.00854	0.00609	0.00689	0.00718	0.00774	0.00577	0.00446	0.00912	0.01099	0.01416	0.03304	0.18776	0.18989	0.45586	0.02192	0.00454	0.00500	0.01189	0.00471	0.00444
33	0.01913	0.01287	0.01934	0.01424	0.01963	0.01137	0.16274	0.08886	0.01666	0.24255	0.01685	0.03777	0.01241	0.00650	0.00607	0.00165	0.00641	0.00595	0.00520	0.29379
34	0.01513	0.09160	0.01646	0.04076	0.04569	0.01403	0.01000	0.02495	0.34329	0.04107	0.01873	0.01974	0.01476	0.00711	0.00572	0.00170	0.00537	0.02406	0.00500	0.25483

[dist]
# distance from previous block
# <min> <max>
2	10

[block]
# block no. 5 follows, 35 sequences, length 67
# corresponding to MSA columns:
# 873-939
name=unknown_F
#
# <colnr> <probs for GDERKNQSTAVLIFYWHMCP>
#	G	D	E	R	K	N	Q	S	T	A	V	L	I	F	Y	W	H	M	C	P
0	0.36601	0.01553	0.11698	0.08834	0.02190	0.01399	0.16538	0.01859	0.03190	0.02327	0.01289	0.07518	0.01098	0.00704	0.00564	0.00208	0.00704	0.00600	0.00372	0.00755
1	0.01466	0.01510	0.06529	0.20979	0.23811	0.04924	0.01572	0.02263	0.21552	0.02085	0.01680	0.02111	0.01358	0.00741	0.00645	0.00207	0.00726	0.04540	0.00413	0.00888
2	0.01936	0.02071	0.01767	0.17803	0.04354	0.35639	0.01288	0.08881	0.01697	0.04428	0.01160	0.01411	0.00917	0.00774	0.02860	0.00199	0.02345	0.00478	0.00368	0.09624
3	0.01227	0.01177	0.01995	0.12358	0.02200	0.03626	0.24696	0.01481	0.01199	0.01583	0.01542	0.02739	0.01521	0.34265	0.01872	0.00390	0.04395	0.00777	0.00341	0.00616
4	0.01214	0.01300	0.02305	0.01756	0.02183	0.04599	0.37170	0.01564	0.01472	0.01864	0.03303	0.08745	0.27609	0.01036	0.00745	0.00215	0.00750	0.01024	0.00438	0.00709
5	0.01622	0.00787	0.00987	0.00859	0.01048	0.00729	0.00599	0.01733	0.01311	0.27901	0.07341	0.03468	0.02304	0.44166	0.02106	0.00432	0.00565	0.00835	0.00553	0.00653
6	0.00765	0.00613	0.00686	0.00742	0.00892	0.00534	0.00534	0.00912	0.01365	0.01685	0.05308	0.31267	0.47117	0.01745	0.00774	0.00232	0.00345	0.03364	0.00589	0.00530
7	0.00883	0.00648	0.00828	0.00783	0.00939	0.00592	0.00587	0.01169	0.01761	0.02462	0.66838	0.04873	0.12612	0.01327	0.00748	0.00201	0.00301	0.01166	0.00688	0.00592
8	0.01326	0.01297	0.01119	0.01076	0.01277	0.16994	0.00785	0.01835	0.17057	0.01918	0.11929	0.18779	0.10864	0.09702	0.00975	0.00255	0.00579	0.01027	0.00536	0.00669
9	0.02034	0.01425	0.01593	0.01312	0.01723	0.01540	0.01080	0.41344	0.11137	0.10124	0.04952	0.02783	0.04256	0.00969	0.00680	0.00210	0.00614	0.10618	0.00644	0.00961
10	0.02037	0.01511	0.09221	0.03961	0.27302	0.01283	0.06921	0.02482	0.05176	0.30894	0.01787	0.01837	0.01251	0.00671	0.00640	0.00197	0.00700	0.00607	0.00514	0.01010
11	0.01150	0.00883	0.00966	0.00924	0.01057	0.00959	0.00625	0.01812	0.27054	0.01777	0.02319	0.08785	0.02308	0.44244	0.02113	0.00444	0.00556	0.00911	0.00494	0.00620
12	0.01049	0.00870	0.01216	0.01195	0.01260	0.01057	0.00951	0.01232	0.01143	0.01631	0.02205	0.22608	0.02400	0.02252	0.17753	0.00436	0.24172	0.12891	0.03085	0.00596
13	0.01392	0.06805	0.46205	0.01695	0.02437	0.01568	0.06914	0.02362	0.20068	0.02151	0.01514	0.01618	0.01113	0.00662	0.00614	0.00202	0.00818	0.00547	0.00371	0.00942
14	0.01351	0.44301	0.02245	0.01027	0.01372	0.01716	0.00899	0.01636	0.06414	0.01623	0.01957	0.28899	0.02127	0.01092	0.00571	0.00186	0.00553	0.00900	0.00414	0.00719
15	0.00781	0.00619	0.00695	0.00728	0.00879	0.00541	0.00522	0.00940	0.01412	0.01778	0.14080	0.24562	0.44136	0.04345	0.00853	0.00238	0.00341	0.01422	0.00596	0.00533
16	0.00890	0.00682	0.00838	0.00895	0.01070	0.00630	0.00735	0.01128	0.01503	0.01914	0.14776	0.06366	0.33242	0.01625	0.00805	0.00246	0.00433	0.31054	0.00603	0.00566
17	0.01294	0.07059	0.70828	0.01772	0.02689	0.01526	0.02280	0.02004	0.01337	0.01983	0.01126	0.01323	0.00804	0.00600	0.00593	0.00198	0.00924	0.00462	0.00268	0.00931
18	0.00774	0.00649	0.00676	0.00683	0.00890	0.00551	0.00522	0.00950	0.01463	0.01765	0.09385	0.06108	0.65867	0.01601	0.00758	0.00218	0.00337	0.05666	0.00594	0.00542
19	0.04957	0.01267	0.01570	0.01207	0.01700	0.01218	0.00997	0.21063	0.02102	0.53748	0.02200	0.01960	0.01416	0.00773	0.00630	0.00195	0.00580	0.00612	0.00735	0.01068
20	0.01630	0.06922	0.27935	0.07796	0.28493	0.01469	0.01873	0.02108	0.01438	0.12411	0.01339	0.01547	0.00992	0.00614	0.00607	0.00192	0.00790	0.00527	0.00361	0.00958
21	0.01779	0.24996	0.12003	0.01367	0.01872	0.12451	0.01265	0.10255	0.23532	0.02209	0.01526	0.01552	0.01189	0.00689	0.00556	0.00179	0.00728	0.00509	0.00435	0.00908
22	0.00843	0.00602	0.00816	0.00963	0.01031	0.00576	0.00710	0.01004	0.01283	0.01698	0.03458	0.57628	0.04043	0.01922	0.00828	0.00267	0.00429	0.20777	0.00588	0.00535
23	0.01825	0.09446	0.02300	0.11711	0.32565	0.20627	0.01581	0.08842	0.01648	0.02013	0.01132	0.01416	0.00925	0.00613	0.00593	0.00180	0.00853	0.00503	0.00340	0.00887
24	0.00903	0.00645	0.00885	0.01032	0.01125	0.00627	0.00814	0.01108	0.01343	0.01765	0.03425	0.40791	0.03912	0.01865	0.00844	0.00276	0.00481	0.37023	0.00586	0.00551
25	0.00911	0.00632	0.00771	0.00749	0.00818	0.00614	0.00492	0.01049	0.01307	0.01812	0.33161	0.04352	0.03888	0.41908	0.04558	0.00447	0.00514	0.01013	0.00520	0.00484
26	0.04619	0.02011	0.01826	0.01605	0.01763	0.30126	0.01281	0.02021	0.04952	0.01641	0.00981	0.01331	0.00878	0.00903	0.01367	0.00228	0.40923	0.00499	0.00319	0.00726
27	0.01191	0.00895	0.01090	0.00901	0.01232	0.00775	0.00699	0.01589	0.06737	0.05751	0.38627	0.03199	0.03647	0.00940	0.00634	0.00162	0.00387	0.00811	0.00581	0.30150
28	0.16870	0.01234	0.01138	0.01145	0.04615	0.12917	0.00794	0.05483	0.01283	0.01874	0.01653	0.09923	0.01685	0.21506	0.14814	0.00455	0.00860	0.00737	0.00400	0.00614
29	0.02447	0.02385	0.01786	0.01513	0.01917	0.43070	0.01180	0.23403	0.02157	0.12136	0.01350	0.01396	0.00998	0.00704	0.00600	0.00176	0.00928	0.00489	0.00482	0.00885
30	0.01502	0.01699	0.03672	0.02748	0.07620	0.01598	0.67196	0.02027	0.01494	0.02035	0.01278	0.01703	0.00965	0.00537	0.00741	0.00212	0.01050	0.00737	0.00320	0.00865
31	0.01102	0.00551	0.00826	0.00826	0.00826	0.00551	0.00551	0.00826	0.00826	0.01102	0.01102	0.01928	0.01102	0.02204	0.02479	0.81543	0.00551	0.00551	0.00275	0.00275
32	0.00870	0.00621	0.00827	0.00936	0.01019	0.00595	0.00698	0.01048	0.01339	0.01785	0.11848	0.41619	0.05569	0.07299	0.00995	0.00285	0.00439	0.21088	0.00586	0.00536
33	0.00908	0.00644	0.00833	0.00833	0.00891	0.00689	0.00567	0.01014	0.00986	0.01356	0.02049	0.03507	0.04897	0.42758	0.34540	0.00775	0.01076	0.00834	0.00373	0.00470
34	0.00879	0.00604	0.00731	0.00761	0.00796	0.00586	0.00475	0.00960	0.01151	0.01561	0.14805	0.23467	0.03442	0.44534	0.02162	0.00449	0.00495	0.01193	0.00493	0.00456
35	0.00849	0.00639	0.00786	0.00765	0.00922	0.00575	0.00568	0.01097	0.01657	0.02253	0.50358	0.11179	0.23155	0.01434	0.00754	0.00208	0.00311	0.01252	0.00661	0.00575
36	0.01236	0.00941	0.01112	0.01004	0.01269	0.00885	0.00745	0.14725	0.01574	0.02185	0.02451	0.40661	0.02686	0.03475	0.00754	0.00212	0.00465	0.01166	0.00536	0.21917
37	0.01797	0.28316	0.20771	0.01451	0.02003	0.26514	0.01434	0.03957	0.01540	0.01758	0.04289	0.01324	0.01054	0.00635	0.00534	0.00166	0.00884	0.00438	0.00318	0.00816
38	0.01570	0.08622	0.21136	0.01770	0.10882	0.01630	0.02854	0.09772	0.27143	0.02408	0.01775	0.01973	0.01385	0.00748	0.00621	0.00202	0.00699	0.03391	0.00462	0.00958
39	0.01408	0.08003	0.25590	0.01427	0.01915	0.09170	0.02754	0.05406	0.05116	0.02084	0.13627	0.06289	0.02070	0.00902	0.00750	0.00203	0.06580	0.03696	0.00420	0.02589
40	0.03299	0.01314	0.02040	0.22310	0.13651	0.03553	0.10386	0.02001	0.06992	0.10597	0.01586	0.07812	0.01323	0.00810	0.00821	0.00216	0.09356	0.00698	0.00409	0.00823
41	0.03177	0.05545	0.13228	0.34460	0.03075	0.06386	0.03523	0.02137	0.05386	0.14886	0.01436	0.01675	0.01028	0.00662	0.00613	0.00200	0.00797	0.00550	0.00397	0.00837
42	0.04556	0.27319	0.03951	0.10591	0.02149	0.17238	0.04754	0.12650	0.03811	0.02033	0.01360	0.01518	0.04194	0.00671	0.00548	0.00173	0.00797	0.00497	0.00372	0.00818
43	0.08909	0.01237	0.01228	0.01075	0.01274	0.08667	0.00795	0.15354	0.01485	0.05310	0.01605	0.02615	0.01562	0.33231	0.06226	0.00423	0.07226	0.00689	0.00435	0.00654
44	0.01870	0.58740	0.02931	0.01227	0.01714	0.21235	0.01122	0.02063	0.01420	0.01508	0.00907	0.01050	0.00815	0.00571	0.00450	0.00143	0.00798	0.00357	0.00286	0.00794
45	0.03938	0.00897	0.01109	0.00927	0.01232	0.00811	0.00708	0.01909	0.01434	0.30996	0.02886	0.06548	0.14239	0.17671	0.01248	0.00285	0.02791	0.00837	0.00588	0.08945
46	0.12306	0.01304	0.01289	0.01154	0.01461	0.07038	0.00916	0.18604	0.12145	0.04840	0.04008	0.06593	0.06063	0.07644	0.00878	0.00250	0.00600	0.11572	0.00552	0.00782
47	0.04706	0.01354	0.01494	0.01260	0.01659	0.01478	0.01002	0.20612	0.34247	0.15962	0.02304	0.07480	0.01770	0.00894	0.00645	0.00208	0.00549	0.00731	0.00655	0.00991
48	0.01066	0.00800	0.01072	0.03231	0.01225	0.00805	0.02691	0.04076	0.04921	0.03951	0.50668	0.04070	0.07066	0.03761	0.05342	0.00266	0.02694	0.01020	0.00625	0.00648
49	0.01855	0.01477	0.01627	0.01373	0.01744	0.01706	0.01100	0.23404	0.41963	0.05696	0.02087	0.02009	0.01556	0.00854	0.00788	0.00213	0.08285	0.00654	0.00610	0.00998
50	0.01514	0.01295	0.01888	0.01486	0.01911	0.01299	0.18881	0.12807	0.17162	0.05658	0.02885	0.03047	0.17495	0.02189	0.00735	0.00213	0.00642	0.03393	0.00534	0.04967
51	0.01665	0.01974	0.01304	0.01228	0.01486	0.42583	0.00913	0.01822	0.01619	0.01612	0.03033	0.11197	0.24862	0.01112	0.00656	0.00190	0.00790	0.00866	0.00441	0.00646
52	0.00763	0.00592	0.00695	0.00778	0.00893	0.00524	0.00542	0.00895	0.01316	0.01661	0.04775	0.46218	0.34443	0.01821	0.00784	0.00239	0.00348	0.01601	0.00589	0.00524
53	0.04808	0.25649	0.13577	0.01450	0.01988	0.21153	0.04614	0.09280	0.01653	0.08581	0.01180	0.01290	0.00912	0.00627	0.00541	0.00170	0.00842	0.00448	0.00376	0.00861
54	0.01272	0.03281	0.74418	0.01808	0.02746	0.01473	0.02344	0.02009	0.01339	0.02009	0.01138	0.01339	0.00804	0.00603	0.00603	0.00201	0.00938	0.00469	0.00268	0.00938
55	0.82186	0.01227	0.00932	0.00834	0.01227	0.01423	0.00687	0.01865	0.01080	0.02846	0.00883	0.01031	0.00687	0.00589	0.00393	0.00196	0.00491	0.00344	0.00393	0.00687
56	0.02333	0.29284	0.02169	0.01157	0.01649	0.06900	0.01013	0.02630	0.04955	0.39092	0.01806	0.01680	0.01258	0.00691	0.00549	0.00173	0.00632	0.00516	0.00558	0.00954
57	0.02370	0.03023	0.01798	0.01634	0.01961	0.75158	0.01226	0.02533	0.01798	0.01553	0.00981	0.01144	0.00817	0.00654	0.00572	0.00163	0.01144	0.00409	0.00327	0.00735
58	0.00799	0.00645	0.00711	0.00695	0.00887	0.00557	0.00521	0.01006	0.01563	0.01992	0.28863	0.05648	0.50881	0.01503	0.00749	0.00209	0.00314	0.01275	0.00626	0.00557
59	0.02782	0.01065	0.01452	0.01118	0.01597	0.00921	0.00921	0.03029	0.01815	0.71835	0.04831	0.02244	0.01715	0.00802	0.00642	0.00196	0.00532	0.00655	0.00782	0.01064
60	0.00923	0.00615	0.00692	0.00692	0.00692	0.00615	0.00384	0.00923	0.00923	0.01230	0.01999	0.04151	0.02306	0.77705	0.03229	0.00615	0.00615	0.00923	0.00384	0.00384
61	0.01598	0.00808	0.01055	0.00909	0.01192	0.00716	0.00717	0.01859	0.01748	0.28746	0.36722	0.04034	0.13171	0.01161	0.00711	0.00203	0.00398	0.02772	0.00713	0.00767
62	0.00831	0.00608	0.00860	0.00943	0.01013	0.00636	0.00678	0.00992	0.01129	0.01555	0.02712	0.44641	0.03057	0.03197	0.33278	0.00590	0.00949	0.01313	0.00480	0.00538
63	0.02370	0.03023	0.01798	0.01634	0.01961	0.75158	0.01226	0.02533	0.01798	0.01553	0.00981	0.01144	0.00817	0.00654	0.00572	0.00163	0.01144	0.00409	0.00327	0.00735
64	0.01537	0.02271	0.32021	0.01575	0.04419	0.09978	0.01575	0.08876	0.11271	0.03886	0.01684	0.05878	0.01437	0.06361	0.00824	0.00234	0.00793	0.04098	0.00417	0.00863
65	0.07092	0.01303	0.01559	0.08905	0.01969	0.01454	0.04246	0.02990	0.46698	0.13318	0.02250	0.02148	0.01643	0.00793	0.00631	0.00211	0.00568	0.00666	0.00598	0.00957
66	0.01558	0.04833	0.07224	0.10699	0.05637	0.18546	0.02333	0.09669	0.01633	0.02011	0.08116	0.13650	0.03429	0.01048	0.02101	0.00218	0.04210	0.01907	0.00430	0.00747

[dist]
# distance from previous block
# <min> <max>
5	12

[block]
# block no. 6 follows, 35 sequences, length 56
# corresponding to MSA columns:
# 953-1008
name=unknown_G
#
# <colnr> <probs for GDERKNQSTAVLIFYWHMCP>
#	G	D	E	R	K	N	Q	S	T	A	V	L	I	F	Y	W	H	M	C	P
0	0.08627	0.01636	0.01778	0.01441	0.01863	0.04987	0.04742	0.34683	0.23168	0.03142	0.01704	0.01717	0.01267	0.00782	0.00712	0.00204	0.05410	0.00597	0.00566	0.00974
1	0.00865	0.00648	0.00811	0.00862	0.00982	0.00612	0.00625	0.01139	0.05128	0.01988	0.25370	0.36584	0.14452	0.01648	0.00778	0.00234	0.00361	0.05716	0.00625	0.00573
2	0.01701	0.01958	0.01465	0.01543	0.07494	0.40490	0.01057	0.01868	0.01554	0.01631	0.01957	0.27817	0.02108	0.01149	0.00670	0.00203	0.00822	0.03410	0.00426	0.00676
3	0.01183	0.00591	0.00591	0.00591	0.00739	0.00591	0.00443	0.01478	0.01330	0.02365	0.02069	0.02365	0.01626	0.00739	0.00443	0.00148	0.00296	0.00591	0.81227	0.00591
4	0.01305	0.01103	0.01317	0.01218	0.01453	0.01307	0.00955	0.02361	0.39266	0.02108	0.02100	0.02334	0.01711	0.02375	0.29332	0.00529	0.07229	0.00689	0.00498	0.00811
