[name]
unknown

[dist]
# distance from previous block
# <min> <max>
5	106

[block]
# block no. 0 follows, 41 sequences, length 19
# corresponding to MSA columns:
# 783-801
name=unknown_A
#
# <colnr> <probs for GDERKNQSTAVLIFYWHMCP>
#	G	D	E	R	K	N	Q	S	T	A	V	L	I	F	Y	W	H	M	C	P
0	0.04434	0.00943	0.01093	0.00904	0.01229	0.00902	0.02065	0.09789	0.11428	0.07495	0.20194	0.02864	0.14933	0.00880	0.00578	0.00163	0.00406	0.00737	0.00526	0.18439
1	0.01452	0.18436	0.01779	0.04090	0.01567	0.07091	0.05392	0.03564	0.01267	0.10228	0.01526	0.03949	0.06218	0.00968	0.06591	0.00214	0.08570	0.00529	0.00365	0.16205
2	0.01244	0.14615	0.43509	0.01613	0.10134	0.01417	0.01648	0.03920	0.05175	0.01839	0.05266	0.04744	0.01193	0.00635	0.00536	0.00173	0.00710	0.00513	0.00308	0.00808
3	0.10296	0.01232	0.08903	0.47549	0.02987	0.01321	0.01439	0.01481	0.01088	0.01605	0.01034	0.04385	0.00857	0.00678	0.00752	0.00199	0.12754	0.00520	0.00274	0.00646
4	0.00785	0.00579	0.00728	0.00756	0.00870	0.00544	0.00565	0.00970	0.01310	0.01751	0.27676	0.17408	0.18054	0.09629	0.04407	0.00276	0.00410	0.12256	0.00534	0.00493
5	0.01132	0.01350	0.13765	0.32262	0.21017	0.01180	0.03623	0.01528	0.01266	0.01748	0.11842	0.03978	0.01542	0.00668	0.00588	0.00184	0.00679	0.00606	0.00322	0.00721
6	0.09536	0.01281	0.10001	0.09478	0.01738	0.01104	0.01000	0.14418	0.02837	0.12939	0.01557	0.01794	0.04430	0.07121	0.03063	0.00215	0.00595	0.00522	0.00427	0.15943
7	0.00868	0.00638	0.00782	0.00774	0.00818	0.02073	0.00525	0.00954	0.00894	0.01234	0.01695	0.05187	0.01819	0.45811	0.27929	0.00639	0.03737	0.00752	0.02443	0.00426
8	0.08059	0.07417	0.01577	0.02587	0.01629	0.26880	0.00978	0.17798	0.05316	0.15053	0.03581	0.01414	0.01091	0.00640	0.00521	0.00160	0.00700	0.00462	0.00452	0.03686
9	0.01832	0.03634	0.01641	0.01369	0.01652	0.29340	0.01089	0.21322	0.10406	0.02100	0.01269	0.01399	0.02676	0.00740	0.00820	0.00181	0.16883	0.00486	0.00398	0.00764
10	0.01693	0.15943	0.01729	0.01115	0.01526	0.01561	0.00935	0.36240	0.09875	0.02675	0.08083	0.04294	0.01491	0.00712	0.00534	0.00158	0.00542	0.00556	0.00491	0.09847
11	0.02975	0.03488	0.12164	0.01180	0.01568	0.01145	0.06240	0.11655	0.12355	0.15093	0.09742	0.05105	0.03765	0.08505	0.00840	0.00220	0.02017	0.00679	0.00492	0.00772
12	0.01283	0.11618	0.48870	0.01389	0.02056	0.01292	0.03544	0.01780	0.01264	0.09035	0.04375	0.01697	0.06286	0.00721	0.02222	0.00191	0.00739	0.00513	0.00325	0.00798
13	0.00895	0.00639	0.00891	0.01023	0.01143	0.00635	0.00875	0.01139	0.01290	0.01682	0.03043	0.15117	0.03350	0.01605	0.00783	0.00260	0.00504	0.64078	0.00527	0.00519
14	0.01114	0.05452	0.23522	0.01566	0.02083	0.01158	0.26698	0.01553	0.01351	0.01866	0.17062	0.02420	0.10105	0.00749	0.00623	0.00183	0.00695	0.00718	0.00371	0.00711
15	0.01010	0.00876	0.01400	0.11662	0.16987	0.00916	0.06065	0.01226	0.01145	0.01560	0.04765	0.23543	0.02196	0.13850	0.01083	0.00265	0.04352	0.06118	0.00387	0.00595
16	0.01591	0.21110	0.17922	0.01214	0.01668	0.01465	0.01206	0.02082	0.11434	0.18389	0.01530	0.01796	0.01202	0.00720	0.00674	0.00181	0.09133	0.05461	0.00414	0.00808
17	0.00796	0.00584	0.00767	0.00870	0.00975	0.00555	0.00685	0.00982	0.01251	0.01627	0.07484	0.32813	0.14624	0.01615	0.00745	0.00237	0.00406	0.31953	0.00535	0.00498
18	0.01017	0.02169	0.51538	0.01402	0.01993	0.01070	0.03874	0.01505	0.01178	0.01706	0.01675	0.24950	0.01656	0.00920	0.00604	0.00197	0.00693	0.00795	0.00331	0.00728

[dist]
# distance from previous block
# <min> <max>
1	3

[block]
# block no. 1 follows, 41 sequences, length 13
# corresponding to MSA columns:
# 805-817
name=unknown_B
#
# <colnr> <probs for GDERKNQSTAVLIFYWHMCP>
#	G	D	E	R	K	N	Q	S	T	A	V	L	I	F	Y	W	H	M	C	P
0	0.01365	0.01222	0.03802	0.19739	0.20386	0.01219	0.01264	0.08563	0.11322	0.04127	0.01342	0.03884	0.01077	0.00605	0.00545	0.00163	0.00599	0.00527	0.00374	0.17875
1	0.25651	0.05839	0.17214	0.01246	0.01694	0.05673	0.07913	0.07958	0.01278	0.05549	0.01145	0.03782	0.00928	0.00971	0.08001	0.00250	0.03360	0.00478	0.00348	0.00721
2	0.01525	0.13377	0.01536	0.01116	0.01399	0.19568	0.00895	0.17655	0.01578	0.01894	0.01863	0.11524	0.09312	0.01311	0.10171	0.00264	0.03258	0.00673	0.00403	0.00678
3	0.07473	0.00584	0.00585	0.00578	0.00715	0.00603	0.00429	0.01302	0.01137	0.02040	0.01760	0.02178	0.01449	0.07405	0.04603	0.00212	0.00370	0.00545	0.65510	0.00523
4	0.00830	0.00575	0.00713	0.00711	0.00759	0.00584	0.00471	0.00925	0.01009	0.01385	0.14910	0.03722	0.02617	0.49488	0.14874	0.00535	0.00666	0.04412	0.00399	0.00417
5	0.39798	0.01044	0.01103	0.00902	0.01299	0.01065	0.00742	0.02290	0.04116	0.39947	0.01590	0.01488	0.01064	0.00629	0.00474	0.00178	0.00465	0.00456	0.00541	0.00809
6	0.00735	0.00582	0.00661	0.00641	0.00809	0.00508	0.00481	0.00934	0.01442	0.01874	0.36627	0.04964	0.45060	0.01326	0.00675	0.00187	0.00281	0.01131	0.00574	0.00508
7	0.03982	0.04789	0.01624	0.01312	0.01634	0.29459	0.04913	0.16861	0.01670	0.08947	0.04311	0.01503	0.01132	0.01113	0.10182	0.00260	0.04674	0.00495	0.00403	0.00737
8	0.00832	0.00555	0.00624	0.00624	0.00624	0.00555	0.00347	0.00832	0.00832	0.01109	0.01802	0.03743	0.02080	0.79898	0.02911	0.00555	0.00555	0.00832	0.00347	0.00347
9	0.01309	0.10613	0.10089	0.07978	0.06062	0.09242	0.16382	0.01604	0.01190	0.01560	0.01219	0.10965	0.01153	0.00780	0.00855	0.00194	0.17180	0.00633	0.00298	0.00691
10	0.01609	0.01779	0.03457	0.10190	0.09005	0.28160	0.12716	0.05906	0.02821	0.03046	0.01128	0.01556	0.00959	0.08704	0.00898	0.00214	0.06317	0.00520	0.00318	0.00696
11	0.01181	0.00962	0.00953	0.00878	0.01083	0.10989	0.00655	0.01399	0.03622	0.08353	0.16793	0.11938	0.11329	0.11023	0.04916	0.00262	0.00534	0.03624	0.00481	0.09029
12	0.01534	0.01319	0.04701	0.01130	0.01592	0.01222	0.04460	0.29532	0.06573	0.02530	0.01740	0.01785	0.08741	0.00661	0.00534	0.00146	0.00535	0.00536	0.00457	0.30272

[dist]
# distance from previous block
# <min> <max>
1	6

[block]
# block no. 2 follows, 41 sequences, length 35
# corresponding to MSA columns:
# 824-834,837-860
name=unknown_C
#
# <colnr> <probs for GDERKNQSTAVLIFYWHMCP>
#	G	D	E	R	K	N	Q	S	T	A	V	L	I	F	Y	W	H	M	C	P
0	0.47672	0.01286	0.07499	0.09739	0.06679	0.01276	0.03436	0.04414	0.03792	0.02271	0.00963	0.01163	0.00745	0.00579	0.00485	0.02215	0.00553	0.00393	0.00340	0.04501
1	0.06476	0.03708	0.01676	0.17862	0.18127	0.06672	0.01234	0.07092	0.04699	0.01868	0.02896	0.01564	0.01043	0.00802	0.04226	0.00208	0.07799	0.01955	0.00334	0.09758
2	0.00742	0.00522	0.00652	0.00731	0.00764	0.00496	0.00470	0.00819	0.01040	0.01384	0.05502	0.50278	0.06015	0.26201	0.01409	0.00330	0.00398	0.01340	0.00477	0.00431
3	0.01420	0.01549	0.11112	0.20303	0.21778	0.04830	0.09570	0.14074	0.01506	0.02026	0.02326	0.04648	0.01035	0.00622	0.00584	0.00181	0.00738	0.00565	0.00337	0.00796
4	0.00819	0.00604	0.00875	0.00875	0.00962	0.00691	0.00660	0.00993	0.00906	0.01295	0.01572	0.02470	0.01527	0.15579	0.66475	0.00865	0.01386	0.00646	0.00312	0.00486
5	0.01568	0.01174	0.01283	0.01069	0.01398	0.01272	0.00853	0.31400	0.21026	0.05009	0.16503	0.02543	0.08962	0.00873	0.00601	0.00180	0.00471	0.00715	0.02282	0.00818
6	0.00693	0.00554	0.00621	0.00659	0.00797	0.00482	0.00473	0.00833	0.01263	0.01577	0.10464	0.28799	0.47704	0.01535	0.00693	0.00204	0.00301	0.01326	0.00539	0.00482
7	0.03230	0.01176	0.01535	0.29468	0.02399	0.01364	0.01185	0.31260	0.01728	0.02336	0.01263	0.01597	0.00981	0.01374	0.16242	0.00331	0.00858	0.00528	0.00397	0.00748
8	0.01820	0.01374	0.01478	0.01220	0.01609	0.01538	0.00980	0.33868	0.39273	0.07609	0.01911	0.01794	0.01391	0.00733	0.00577	0.00183	0.00531	0.00585	0.00586	0.00939
9	0.01815	0.02056	0.01854	0.02187	0.29022	0.40323	0.01326	0.05070	0.07661	0.01743	0.01094	0.01277	0.00892	0.00580	0.00542	0.00160	0.00838	0.00449	0.00326	0.00785
10	0.01619	0.01830	0.02097	0.19948	0.02572	0.29302	0.19877	0.06276	0.03142	0.01679	0.01040	0.01338	0.00814	0.00592	0.00655	0.00178	0.05529	0.00503	0.00304	0.00706
11	0.01325	0.01397	0.01121	0.01127	0.01323	0.28774	0.00901	0.01526	0.01433	0.01596	0.05925	0.06518	0.11234	0.01190	0.00669	0.00208	0.00665	0.32052	0.00447	0.00570
12	0.01471	0.01618	0.01750	0.38621	0.14404	0.26388	0.01423	0.01762	0.01317	0.01500	0.01001	0.01372	0.00801	0.00704	0.03379	0.00200	0.00866	0.00466	0.00274	0.00682
13	0.00881	0.00673	0.00728	0.00735	0.00836	0.02486	0.00501	0.05730	0.01179	0.01502	0.03174	0.23044	0.21843	0.30166	0.01500	0.00335	0.00445	0.03315	0.00460	0.00467
14	0.01623	0.01319	0.01740	0.29745	0.09005	0.01515	0.01320	0.35933	0.01874	0.02505	0.01239	0.03667	0.00960	0.00675	0.00636	0.00184	0.04286	0.00543	0.00415	0.00813
15	0.01293	0.01113	0.01235	0.00991	0.01415	0.01061	0.00781	0.02164	0.34738	0.02103	0.01610	0.01615	0.01254	0.00583	0.00495	0.00134	0.00437	0.00478	0.00449	0.46050
16	0.04347	0.14926	0.18167	0.10270	0.27145	0.03416	0.05434	0.04704	0.01289	0.01796	0.01024	0.01296	0.00821	0.00615	0.02278	0.00185	0.00745	0.00457	0.00280	0.00806
17	0.01421	0.01494	0.14248	0.02326	0.34248	0.01231	0.07821	0.01843	0.04359	0.10396	0.06665	0.03396	0.01390	0.00666	0.00650	0.00183	0.04270	0.02185	0.00371	0.00836
18	0.00969	0.00869	0.01378	0.48488	0.02781	0.01000	0.02676	0.01296	0.01281	0.01677	0.19389	0.02690	0.11592	0.00825	0.00612	0.00188	0.00589	0.00727	0.00380	0.00596
19	0.00821	0.00596	0.00834	0.00834	0.00906	0.00668	0.00608	0.00966	0.00894	0.01264	0.01610	0.02681	0.01618	0.26207	0.55972	0.00814	0.01249	0.00676	0.00318	0.00463
20	0.01309	0.00957	0.01113	0.00938	0.01191	0.00991	0.00740	0.27910	0.02011	0.02773	0.48717	0.03212	0.03778	0.00993	0.00637	0.00177	0.00401	0.00844	0.00609	0.00698
21	0.04128	0.01881	0.01713	0.20767	0.02346	0.36066	0.07430	0.02157	0.14639	0.01665	0.01196	0.01393	0.00931	0.00607	0.00550	0.00171	0.00837	0.00478	0.00337	0.00707
22	0.01568	0.75322	0.02910	0.01010	0.01487	0.07045	0.00987	0.01749	0.01191	0.01349	0.00801	0.00925	0.00734	0.00496	0.00376	0.00124	0.00638	0.00310	0.00248	0.00730
23	0.01206	0.04750	0.31289	0.01212	0.01685	0.05508	0.01280	0.10336	0.01536	0.02122	0.25475	0.07075	0.02459	0.00842	0.00593	0.00179	0.00603	0.00699	0.00429	0.00723
24	0.00951	0.01606	0.33311	0.01182	0.01586	0.00912	0.03313	0.01307	0.01108	0.01584	0.05094	0.17912	0.01883	0.14391	0.10985	0.00349	0.00759	0.00796	0.00346	0.00626
25	0.12848	0.10410	0.01195	0.00852	0.01156	0.01129	0.00698	0.15377	0.06405	0.02174	0.09131	0.03108	0.29294	0.01065	0.02587	0.00196	0.00457	0.00773	0.00486	0.00660
26	0.05920	0.01859	0.01572	0.01295	0.01681	0.27751	0.01030	0.35030	0.02059	0.12093	0.01296	0.01332	0.00944	0.00748	0.02660	0.00185	0.00766	0.00465	0.00477	0.00837
27	0.08116	0.01064	0.01365	0.02647	0.01388	0.01329	0.00980	0.14341	0.01229	0.01858	0.01157	0.01616	0.01028	0.02101	0.29206	0.00474	0.28592	0.00529	0.00337	0.00645
28	0.01188	0.01129	0.02127	0.04501	0.04016	0.01093	0.35984	0.04928	0.01294	0.03872	0.01907	0.11444	0.07636	0.08375	0.07560	0.00292	0.00800	0.00821	0.00369	0.00663
29	0.01531	0.01381	0.02166	0.03038	0.60917	0.01409	0.01600	0.14729	0.01551	0.02170	0.01259	0.01520	0.02984	0.00567	0.00570	0.00171	0.00660	0.00530	0.00342	0.00906
30	0.01441	0.37476	0.02642	0.20008	0.02409	0.06504	0.16440	0.03964	0.01273	0.01549	0.00948	0.01216	0.00776	0.00520	0.00496	0.00157	0.00748	0.00442	0.00270	0.00721
31	0.01627	0.55484	0.02590	0.08415	0.01769	0.05167	0.01061	0.14719	0.01452	0.01763	0.00923	0.01061	0.00780	0.00537	0.00429	0.00139	0.00646	0.00365	0.00306	0.00764
32	0.01722	0.37739	0.02265	0.11467	0.01920	0.29670	0.01111	0.05246	0.01398	0.01485	0.00884	0.01061	0.00750	0.00546	0.00458	0.00143	0.00786	0.00365	0.00279	0.00706
33	0.01327	0.37359	0.41418	0.01324	0.01993	0.01748	0.01567	0.01809	0.03684	0.01623	0.00967	0.01110	0.00763	0.00527	0.00466	0.00155	0.00728	0.00378	0.00254	0.00798
34	0.00817	0.00613	0.00919	0.00919	0.01021	0.00715	0.00715	0.01021	0.00919	0.01328	0.01532	0.02247	0.01430	0.04290	0.77631	0.00919	0.01532	0.00613	0.00306	0.00511

[dist]
# distance from previous block
# <min> <max>
0	2

[block]
# block no. 3 follows, 41 sequences, length 20
# corresponding to MSA columns:
# 863-882
name=unknown_D
#
# <colnr> <probs for GDERKNQSTAVLIFYWHMCP>
#	G	D	E	R	K	N	Q	S	T	A	V	L	I	F	Y	W	H	M	C	P
0	0.03808	0.01542	0.06883	0.01515	0.10204	0.03985	0.01171	0.41392	0.03693	0.12704	0.02797	0.01725	0.01192	0.00705	0.00575	0.00177	0.00626	0.03879	0.00519	0.00908
1	0.67334	0.10144	0.01165	0.00835	0.01195	0.01437	0.00708	0.05070	0.01071	0.02427	0.00821	0.00962	0.00654	0.00553	0.00428	0.00174	0.03699	0.00327	0.00347	0.00649
2	0.00832	0.00555	0.00624	0.00624	0.00624	0.00555	0.00347	0.00832	0.00832	0.01109	0.01802	0.03743	0.02080	0.79898	0.02911	0.00555	0.00555	0.00832	0.00347	0.00347
3	0.00720	0.00525	0.00677	0.00789	0.00850	0.00488	0.00551	0.00838	0.01135	0.01484	0.03431	0.61056	0.12722	0.04047	0.00794	0.00240	0.00352	0.08309	0.00525	0.00469
4	0.01809	0.01181	0.01522	0.01594	0.16582	0.01230	0.01060	0.04397	0.34794	0.26384	0.02030	0.01910	0.01451	0.00698	0.00576	0.00183	0.00514	0.00593	0.00562	0.00929
5	0.00697	0.00498	0.00664	0.00796	0.00830	0.00465	0.00531	0.00796	0.01095	0.01460	0.03153	0.79525	0.03783	0.01792	0.00730	0.00232	0.00332	0.01626	0.00531	0.00465
6	0.01350	0.01543	0.03375	0.02411	0.02989	0.01446	0.74253	0.01832	0.01350	0.01832	0.01157	0.01543	0.00868	0.00482	0.00675	0.00193	0.00964	0.00675	0.00289	0.00771
7	0.01445	0.01592	0.01612	0.01419	0.01533	0.24064	0.02742	0.01593	0.01120	0.01390	0.00974	0.03899	0.00932	0.01295	0.10649	0.00299	0.42024	0.00516	0.00280	0.00621
8	0.05904	0.00980	0.01122	0.00939	0.01260	0.00979	0.00749	0.16493	0.08751	0.22634	0.12865	0.05721	0.17271	0.00956	0.00604	0.00183	0.00434	0.00788	0.00597	0.00770
9	0.00700	0.00561	0.00626	0.00652	0.00798	0.00487	0.00473	0.00853	0.01300	0.01633	0.15346	0.23047	0.48533	0.01490	0.00689	0.00201	0.00297	0.01282	0.00545	0.00487
10	0.01508	0.65456	0.13225	0.01095	0.01624	0.06041	0.01143	0.01756	0.01192	0.01413	0.00832	0.00964	0.00733	0.00502	0.00399	0.00132	0.00666	0.00325	0.00247	0.00746
11	0.01157	0.01093	0.01931	0.21633	0.25559	0.01136	0.13484	0.01491	0.01259	0.01709	0.04323	0.11326	0.01640	0.00818	0.00635	0.00197	0.00674	0.08881	0.00347	0.00706
12	0.01809	0.08272	0.02228	0.01545	0.02020	0.01401	0.26001	0.20045	0.03949	0.19208	0.04269	0.01771	0.03442	0.00647	0.00597	0.00177	0.00682	0.00608	0.00479	0.00851
13	0.00824	0.00584	0.00775	0.00775	0.00828	0.00637	0.00536	0.00929	0.00877	0.01221	0.01664	0.02976	0.01746	0.41122	0.41232	0.00742	0.01056	0.00720	0.00326	0.00431
14	0.00874	0.00674	0.00815	0.00837	0.00998	0.00658	0.00665	0.01245	0.09778	0.01849	0.20714	0.08989	0.22427	0.03975	0.00777	0.00226	0.00387	0.23006	0.00552	0.00552
15	0.01539	0.04308	0.08134	0.12969	0.18351	0.04212	0.09654	0.10677	0.12107	0.08189	0.03280	0.01611	0.01139	0.00613	0.00575	0.00178	0.00683	0.00548	0.00396	0.00836
16	0.00974	0.00959	0.05241	0.04174	0.01532	0.03565	0.11866	0.01245	0.01156	0.01545	0.02097	0.12872	0.04733	0.02237	0.27011	0.00459	0.00946	0.16431	0.00383	0.00574
17	0.01175	0.01092	0.01954	0.03851	0.01927	0.01080	0.30285	0.05219	0.01374	0.04518	0.08357	0.11089	0.13381	0.00958	0.00764	0.00203	0.06330	0.05358	0.00421	0.00662
18	0.06317	0.06284	0.11171	0.03866	0.03369	0.09411	0.06185	0.10338	0.16888	0.08346	0.04433	0.01820	0.04760	0.00819	0.03327	0.00203	0.00671	0.00562	0.00436	0.00793
19	0.08044	0.10251	0.07890	0.03900	0.03122	0.07822	0.03633	0.08369	0.01338	0.03480	0.01960	0.25141	0.05939	0.02764	0.00628	0.00192	0.00563	0.00835	0.00410	0.03719

[dist]
# distance from previous block
# <min> <max>
1	11

[block]
# block no. 4 follows, 41 sequences, length 14
# corresponding to MSA columns:
# 894-907
name=unknown_E
#
# <colnr> <probs for GDERKNQSTAVLIFYWHMCP>
#	G	D	E	R	K	N	Q	S	T	A	V	L	I	F	Y	W	H	M	C	P
0	0.01351	0.09262	0.03050	0.08293	0.05645	0.08007	0.04744	0.04528	0.08004	0.04776	0.10209	0.01981	0.06581	0.00678	0.00535	0.00151	0.00564	0.00565	0.00402	0.20673
1	0.01516	0.10164	0.04312	0.11951	0.11400	0.25014	0.01167	0.03738	0.08752	0.01653	0.01382	0.11626	0.01273	0.00740	0.00549	0.00169	0.00722	0.00597	0.00349	0.02926
2	0.00832	0.00630	0.00805	0.00784	0.00925	0.00601	0.00573	0.00994	0.01109	0.01536	0.10872	0.17626	0.10622	0.14485	0.21460	0.00437	0.00692	0.03170	0.00428	0.11419
3	0.01373	0.11882	0.31199	0.01581	0.07462	0.03105	0.04957	0.04403	0.07921	0.05776	0.01288	0.03924	0.01049	0.00682	0.00689	0.00184	0.09014	0.02378	0.00333	0.00801
4	0.00773	0.00553	0.00708	0.00733	0.00810	0.00527	0.00507	0.00929	0.01250	0.01719	0.31677	0.28320	0.06690	0.16233	0.05674	0.00311	0.00418	0.01169	0.00522	0.00476
5	0.01378	0.01239	0.14497	0.09963	0.01901	0.00940	0.10205	0.01687	0.01274	0.20064	0.03508	0.19008	0.01757	0.01182	0.06265	0.02504	0.00676	0.00798	0.00441	0.00712
6	0.00777	0.00583	0.00751	0.00750	0.00864	0.00580	0.00552	0.00955	0.01193	0.01618	0.22438	0.09756	0.18852	0.11143	0.26083	0.00471	0.00724	0.00958	0.00463	0.00490
7	0.32274	0.07342	0.06928	0.01243	0.07116	0.09060	0.00995	0.15912	0.01501	0.08543	0.03435	0.01270	0.00953	0.00598	0.00471	0.00169	0.00596	0.00423	0.00406	0.00765
8	0.01725	0.01380	0.01676	0.01360	0.01602	0.01675	0.01126	0.36383	0.01806	0.05405	0.04372	0.01468	0.01084	0.00847	0.01150	0.00207	0.34962	0.00534	0.00439	0.00802
9	0.00813	0.00618	0.00770	0.00827	0.00983	0.00575	0.00684	0.01033	0.01354	0.01731	0.14349	0.05787	0.31112	0.01473	0.00731	0.00225	0.00401	0.35480	0.00543	0.00512
10	0.01160	0.00989	0.01158	0.00844	0.01327	0.00746	0.00670	0.01406	0.01181	0.01842	0.01131	0.05397	0.01005	0.00497	0.00440	0.00093	0.00419	0.00408	0.00349	0.78938
11	0.01276	0.01311	0.01090	0.01032	0.01204	0.24534	0.00768	0.01571	0.07502	0.01759	0.25363	0.12047	0.02876	0.06969	0.03493	0.00235	0.02855	0.03065	0.00464	0.00586
12	0.06009	0.20205	0.01328	0.00871	0.01099	0.01016	0.00720	0.01284	0.01203	0.07018	0.02649	0.29849	0.10812	0.01245	0.00611	0.00198	0.00445	0.12388	0.00462	0.00589
13	0.14526	0.16671	0.25040	0.11802	0.02049	0.01423	0.01329	0.01887	0.05740	0.10328	0.01179	0.01323	0.00877	0.00677	0.02738	0.00192	0.00681	0.00431	0.00337	0.00768

[dist]
# distance from previous block
# <min> <max>
0	1

[block]
# block no. 5 follows, 41 sequences, length 85
# corresponding to MSA columns:
# 909-927,929-994
name=unknown_F
#
# <colnr> <probs for GDERKNQSTAVLIFYWHMCP>
#	G	D	E	R	K	N	Q	S	T	A	V	L	I	F	Y	W	H	M	C	P
0	0.15295	0.01010	0.01591	0.14284	0.04456	0.01034	0.16401	0.01584	0.01322	0.09856	0.18175	0.07291	0.03732	0.00791	0.00593	0.00187	0.00570	0.00723	0.00436	0.00670
1	0.42614	0.01317	0.07360	0.09103	0.01594	0.05826	0.00905	0.06726	0.02208	0.06474	0.03645	0.01609	0.07225	0.00660	0.00470	0.00178	0.00543	0.00474	0.00392	0.00677
2	0.03224	0.01197	0.01267	0.01003	0.01407	0.05842	0.00794	0.14570	0.09577	0.02139	0.01288	0.01498	0.01055	0.03467	0.08408	0.00218	0.00619	0.00449	0.00402	0.41577
3	0.01239	0.01106	0.02059	0.01596	0.01955	0.01052	0.35383	0.02975	0.03292	0.06638	0.02065	0.03081	0.07763	0.11447	0.01018	0.02087	0.00714	0.13475	0.00399	0.00656
4	0.11036	0.29198	0.22792	0.01400	0.05130	0.03235	0.05801	0.01771	0.03829	0.01711	0.00946	0.01138	0.00772	0.00573	0.00603	0.00167	0.08465	0.00403	0.00275	0.00755
5	0.01906	0.01508	0.01501	0.01163	0.01613	0.11518	0.00939	0.35029	0.01977	0.10259	0.01289	0.01329	0.00948	0.00595	0.00519	0.00142	0.00605	0.00447	0.00477	0.26235
6	0.01548	0.01542	0.11697	0.01359	0.01731	0.06701	0.07198	0.13086	0.10395	0.09906	0.04830	0.01771	0.03743	0.00910	0.04217	0.00221	0.14572	0.00570	0.00425	0.03578
7	0.01333	0.01163	0.04224	0.37551	0.09226	0.01181	0.14492	0.01695	0.01275	0.11668	0.01554	0.01838	0.06256	0.00625	0.00592	0.00184	0.00712	0.00589	0.00346	0.03496
8	0.12000	0.00808	0.00791	0.00784	0.00979	0.03712	0.00584	0.01326	0.12059	0.01824	0.07950	0.22360	0.30218	0.01262	0.00626	0.00198	0.00372	0.01065	0.00512	0.00569
9	0.00978	0.00835	0.00880	0.00854	0.01035	0.04113	0.00633	0.01519	0.21006	0.01795	0.11856	0.15557	0.22864	0.06368	0.06833	0.00276	0.00484	0.00997	0.00517	0.00601
10	0.01166	0.04490	0.04296	0.01157	0.01372	0.09601	0.06718	0.01500	0.08908	0.01621	0.10770	0.05589	0.07171	0.02539	0.13651	0.07213	0.10562	0.00691	0.00381	0.00602
11	0.01069	0.00670	0.00804	0.00760	0.00869	0.00660	0.00515	0.04368	0.04484	0.09217	0.15677	0.14255	0.02801	0.39341	0.01748	0.00369	0.00462	0.00934	0.00482	0.00514
12	0.44864	0.00970	0.00892	0.00822	0.01104	0.01078	0.00660	0.06110	0.06853	0.02396	0.10243	0.06751	0.04930	0.00829	0.00492	0.00187	0.00420	0.05770	0.04001	0.00628
13	0.09082	0.01009	0.01094	0.01004	0.01271	0.01112	0.00791	0.08009	0.32021	0.02151	0.02345	0.05233	0.08078	0.04652	0.08528	0.00284	0.00570	0.08345	0.00500	0.03923
14	0.01023	0.00625	0.00822	0.00840	0.00972	0.00587	0.00616	0.01256	0.04487	0.11945	0.20759	0.42766	0.03737	0.01436	0.00693	0.00212	0.00355	0.05715	0.00581	0.00575
15	0.00820	0.00540	0.00667	0.00722	0.00777	0.00533	0.00490	0.00942	0.01055	0.01507	0.05553	0.32792	0.02777	0.23758	0.07667	0.00363	0.00489	0.04097	0.13999	0.00452
16	0.07644	0.04617	0.01448	0.01084	0.01496	0.01310	0.00895	0.34786	0.01934	0.15956	0.01583	0.05111	0.01240	0.00722	0.00539	0.00164	0.00532	0.03559	0.03464	0.11914
17	0.00819	0.00598	0.00689	0.00657	0.00831	0.00524	0.00492	0.01013	0.01429	0.05171	0.33846	0.04787	0.41611	0.04091	0.00750	0.00200	0.00300	0.01096	0.00572	0.00523
18	0.03909	0.00663	0.00756	0.00758	0.00883	0.00669	0.00533	0.01304	0.10734	0.04641	0.10184	0.24971	0.07540	0.17748	0.01097	0.00270	0.00386	0.01012	0.11400	0.00540
19	0.00880	0.00615	0.00713	0.00710	0.00758	0.00625	0.00456	0.01048	0.06359	0.01378	0.09762	0.03912	0.02508	0.59217	0.02327	0.00464	0.00515	0.06923	0.00409	0.00423
20	0.01450	0.01278	0.01217	0.01166	0.05735	0.15906	0.00842	0.10312	0.11865	0.06988	0.21489	0.04981	0.10970	0.00917	0.00602	0.00176	0.00528	0.00756	0.02116	0.00706
21	0.01045	0.00629	0.00810	0.00764	0.00930	0.00570	0.00572	0.01255	0.01464	0.13196	0.40998	0.15909	0.12058	0.04660	0.00768	0.00207	0.00332	0.02652	0.00601	0.00578
22	0.01169	0.00710	0.00887	0.00854	0.01038	0.00677	0.00657	0.07594	0.01462	0.13022	0.15989	0.26473	0.10821	0.01296	0.00666	0.00203	0.00386	0.10004	0.05480	0.00611
23	0.01120	0.08966	0.01092	0.00881	0.01067	0.00913	0.00684	0.14357	0.01431	0.01956	0.02505	0.37598	0.05684	0.01265	0.00618	0.00196	0.00418	0.06253	0.12397	0.00600
24	0.00971	0.03388	0.03155	0.00901	0.01103	0.00867	0.00694	0.01600	0.25599	0.01792	0.03310	0.33317	0.18450	0.01305	0.00653	0.00206	0.00387	0.01136	0.00530	0.00634
25	0.01428	0.01053	0.01216	0.01033	0.01290	0.01158	0.00812	0.34432	0.01741	0.02350	0.01807	0.02298	0.06731	0.13189	0.26308	0.00474	0.00892	0.00642	0.00450	0.00696
26	0.01354	0.00967	0.01086	0.00996	0.01263	0.01031	0.00763	0.03240	0.39410	0.12679	0.02918	0.18030	0.11712	0.01056	0.00623	0.00199	0.00415	0.00903	0.00583	0.00773
27	0.00797	0.00576	0.00771	0.00785	0.00828	0.00560	0.03718	0.00866	0.00970	0.01297	0.02343	0.35986	0.02736	0.40962	0.03891	0.00411	0.00504	0.01158	0.00422	0.00420
28	0.00731	0.00531	0.00678	0.00746	0.00818	0.00490	0.00513	0.00871	0.01229	0.01653	0.21388	0.49218	0.10921	0.06393	0.00845	0.00235	0.00326	0.01391	0.00544	0.00478
29	0.00768	0.00553	0.00728	0.00748	0.00845	0.00512	0.00536	0.00976	0.01427	0.01988	0.49327	0.31844	0.04806	0.01397	0.00695	0.00199	0.00293	0.01251	0.00593	0.00512
30	0.01149	0.00975	0.01145	0.00840	0.01311	0.00740	0.00665	0.01396	0.01200	0.01864	0.04270	0.04795	0.01169	0.00516	0.00448	0.00095	0.00413	0.00425	0.00360	0.76223
31	0.00783	0.00559	0.00715	0.00797	0.00861	0.00542	0.00571	0.00903	0.01090	0.01431	0.02951	0.35017	0.09410	0.21028	0.04618	0.00345	0.00478	0.16973	0.00475	0.00453
32	0.00810	0.00585	0.00765	0.00720	0.00855	0.00540	0.00540	0.01079	0.01619	0.02294	0.76028	0.04273	0.05397	0.01169	0.00675	0.00180	0.00270	0.01034	0.00630	0.00540
33	0.01147	0.02959	0.76934	0.01630	0.02476	0.01328	0.02113	0.01811	0.01208	0.01811	0.01026	0.01208	0.00725	0.00543	0.00543	0.00181	0.00845	0.00423	0.00242	0.00845
34	0.01211	0.15945	0.64510	0.01521	0.02306	0.01485	0.01923	0.01795	0.01200	0.01733	0.00988	0.01159	0.00726	0.00534	0.00514	0.00171	0.00806	0.00403	0.00242	0.00827
35	0.01293	0.01234	0.02100	0.30995	0.49807	0.01327	0.01694	0.01648	0.01244	0.01719	0.01054	0.01456	0.00853	0.00532	0.00568	0.00177	0.00710	0.00509	0.00273	0.00807
36	0.01849	0.01209	0.02191	0.07220	0.02245	0.01151	0.31163	0.02187	0.01435	0.34592	0.01635	0.01726	0.01115	0.00616	0.00667	0.00186	0.04103	0.00607	0.03267	0.00836
37	0.01975	0.12705	0.01748	0.01311	0.01654	0.45766	0.01036	0.16066	0.04231	0.01894	0.01074	0.01185	0.00859	0.00606	0.00502	0.00149	0.00833	0.00407	0.05267	0.00733
38	0.83938	0.01106	0.00841	0.00752	0.01106	0.01283	0.00619	0.01681	0.00973	0.02566	0.00796	0.00929	0.00619	0.00531	0.00354	0.00177	0.00442	0.00310	0.00354	0.00619
39	0.00798	0.00594	0.00765	0.00864	0.00983	0.00561	0.00691	0.00986	0.01251	0.01600	0.03749	0.26697	0.21488	0.01607	0.00745	0.00237	0.00413	0.34945	0.00529	0.00498
40	0.01511	0.01589	0.02071	0.15762	0.48369	0.17422	0.01590	0.01817	0.01343	0.01701	0.01025	0.01353	0.00846	0.00537	0.00557	0.00169	0.00768	0.00480	0.00281	0.00809
41	0.01209	0.02872	0.73647	0.01604	0.02431	0.01307	0.02058	0.01854	0.01226	0.05069	0.01080	0.01240	0.00755	0.00551	0.00545	0.00181	0.00830	0.00429	0.00262	0.00851
42	0.00909	0.00701	0.00895	0.00850	0.00866	0.00815	0.00589	0.00967	0.00864	0.01209	0.01610	0.06274	0.01793	0.50005	0.13134	0.00531	0.16462	0.00768	0.00329	0.00431
43	0.00697	0.00498	0.00664	0.00796	0.00830	0.00465	0.00531	0.00796	0.01095	0.01460	0.03153	0.79525	0.03783	0.01792	0.00730	0.00232	0.00332	0.01626	0.00531	0.00465
44	0.01757	0.01683	0.01853	0.02321	0.36836	0.24992	0.01338	0.02045	0.03090	0.11756	0.05796	0.01558	0.01215	0.00607	0.00559	0.00165	0.00733	0.00510	0.00371	0.00817
45	0.00683	0.00551	0.00608	0.00654	0.00792	0.00477	0.00468	0.00812	0.01232	0.01516	0.04886	0.30967	0.51222	0.01567	0.00695	0.00207	0.00304	0.01351	0.00531	0.00477
46	0.02019	0.00852	0.01152	0.00925	0.01271	0.00747	0.00747	0.02255	0.01632	0.53539	0.25238	0.02671	0.02656	0.00852	0.00606	0.00178	0.00419	0.00718	0.00684	0.00838
47	0.01465	0.01199	0.01263	0.01118	0.01436	0.01372	0.00875	0.10255	0.60518	0.02493	0.02184	0.02055	0.01639	0.00756	0.00563	0.00186	0.00453	0.00622	0.08674	0.00876
48	0.01285	0.00983	0.01231	0.00957	0.01359	0.00833	0.03846	0.08442	0.01370	0.07339	0.04433	0.15448	0.01604	0.00746	0.00524	0.00134	0.00449	0.00645	0.00431	0.47940
49	0.01100	0.01112	0.11133	0.01281	0.01586	0.00886	0.12920	0.03982	0.01312	0.04689	0.02258	0.14851	0.02288	0.01292	0.03992	0.00250	0.00640	0.28199	0.05598	0.00632
50	0.02171	0.01695	0.01709	0.01329	0.01773	0.08062	0.01089	0.68441	0.02601	0.03422	0.01333	0.01345	0.00953	0.00679	0.00568	0.00170	0.00663	0.00503	0.00549	0.00947
51	0.00823	0.00590	0.00803	0.00803	0.00865	0.00652	0.00570	0.00947	0.00885	0.01242	0.01639	0.02837	0.01686	0.34113	0.48159	0.00775	0.01147	0.00699	0.00322	0.00446
52	0.00837	0.00497	0.00702	0.00772	0.00790	0.00480	0.00515	0.00772	0.00930	0.01240	0.02134	0.42833	0.02467	0.01884	0.01440	0.39443	0.00410	0.01093	0.00398	0.00363
53	0.01915	0.05725	0.01871	0.02005	0.21996	0.53629	0.01276	0.02116	0.01515	0.01525	0.00932	0.01131	0.00783	0.00563	0.00523	0.00152	0.00918	0.00404	0.00289	0.00732
54	0.44885	0.01980	0.36735	0.01166	0.01752	0.01304	0.01324	0.01743	0.01084	0.02210	0.00905	0.01061	0.00669	0.00537	0.00443	0.00179	0.00633	0.00363	0.00301	0.00726
55	0.00765	0.00546	0.00691	0.00736	0.00823	0.00508	0.00519	0.00930	0.01281	0.01753	0.27767	0.35766	0.10810	0.07851	0.00874	0.00235	0.00330	0.03844	0.03482	0.00487
56	0.03932	0.01140	0.01363	0.01097	0.01505	0.01152	0.00890	0.13069	0.23086	0.43177	0.02120	0.01897	0.01431	0.00721	0.00572	0.00181	0.00496	0.00582	0.00644	0.00946
57	0.00770	0.00541	0.00637	0.00676	0.00715	0.00518	0.00422	0.00830	0.01004	0.01321	0.05892	0.27246	0.11756	0.42986	0.01873	0.00396	0.00442	0.01130	0.00438	0.00408
58	0.00866	0.00591	0.00693	0.00682	0.00708	0.00609	0.00416	0.02837	0.00893	0.01206	0.01755	0.03479	0.01963	0.67646	0.12850	0.00593	0.00687	0.00794	0.00347	0.00385
59	0.04490	0.00638	0.00763	0.00774	0.00918	0.00601	0.00560	0.04230	0.01316	0.07323	0.13958	0.39493	0.18834	0.02487	0.00705	0.00212	0.00346	0.01259	0.00550	0.00544
60	0.00710	0.00575	0.00634	0.00653	0.00815	0.00498	0.00490	0.00872	0.01316	0.01635	0.13767	0.14712	0.53943	0.01466	0.00690	0.00201	0.00307	0.05683	0.00543	0.00490
61	0.01579	0.01823	0.01671	0.42178	0.02915	0.37277	0.01361	0.01849	0.01369	0.01432	0.00954	0.01292	0.00750	0.00580	0.00545	0.00170	0.00889	0.00442	0.00273	0.00648
62	0.00842	0.00584	0.00683	0.00708	0.00747	0.00577	0.00442	0.04089	0.01018	0.01351	0.02382	0.28028	0.05650	0.48061	0.02015	0.00419	0.00475	0.01088	0.00423	0.00418
63	0.02200	0.00613	0.00751	0.00740	0.00888	0.00563	0.00549	0.01125	0.01347	0.08476	0.26694	0.16855	0.19777	0.08982	0.00892	0.00233	0.00353	0.06273	0.02154	0.00535
64	0.01101	0.00969	0.01658	0.01343	0.01575	0.01014	0.23263	0.01373	0.01185	0.01747	0.03974	0.11319	0.04087	0.04782	0.00930	0.00214	0.13463	0.05166	0.20235	0.00603
65	0.00798	0.00575	0.00787	0.00813	0.00873	0.00622	0.00576	0.00925	0.00928	0.01291	0.01916	0.17368	0.02060	0.25097	0.41970	0.00686	0.01029	0.00867	0.00360	0.00456
66	0.06935	0.00991	0.01121	0.00968	0.01260	0.01035	0.00771	0.16336	0.12895	0.16300	0.06609	0.04367	0.07369	0.05700	0.03458	0.00233	0.00504	0.05885	0.06516	0.00749
67	0.07821	0.00752	0.00902	0.00822	0.01047	0.00722	0.00631	0.01606	0.06765	0.19635	0.23235	0.13469	0.10705	0.04518	0.00721	0.00206	0.00378	0.03004	0.02412	0.00650
68	0.00794	0.03233	0.00780	0.00727	0.00832	0.00600	0.00519	0.00944	0.01197	0.01605	0.22457	0.18597	0.15876	0.17509	0.11425	0.00364	0.00523	0.01057	0.00481	0.00479
69	0.01082	0.00741	0.00901	0.00896	0.01057	0.00739	0.00671	0.08870	0.07525	0.07306	0.08413	0.37128	0.09153	0.04032	0.00761	0.00226	0.00405	0.08939	0.00553	0.00601
70	0.00998	0.06419	0.00949	0.00800	0.00973	0.00734	0.00610	0.01254	0.06078	0.07627	0.14968	0.20741	0.18195	0.08278	0.04093	0.00260	0.00436	0.05504	0.00518	0.00565
71	0.00914	0.00615	0.00726	0.00707	0.00856	0.00575	0.00524	0.03205	0.01363	0.05071	0.24350	0.11809	0.23058	0.08447	0.02843	0.00239	0.00369	0.03600	0.10200	0.00529
72	0.01112	0.00749	0.00787	0.00731	0.00907	0.03856	0.00556	0.04547	0.06664	0.03874	0.29381	0.02924	0.04703	0.00878	0.00537	0.00159	0.00334	0.00736	0.35970	0.00594
73	0.00722	0.00523	0.00676	0.00773	0.00829	0.00493	0.00529	0.00835	0.01117	0.01480	0.06357	0.58155	0.10350	0.07677	0.04126	0.00280	0.00399	0.03702	0.00512	0.00465
74	0.01327	0.00838	0.00982	0.00859	0.01123	0.00815	0.00671	0.07617	0.12581	0.17169	0.23279	0.05606	0.22658	0.01070	0.00634	0.00186	0.00377	0.00904	0.00604	0.00699
75	0.01015	0.00670	0.00788	0.00725	0.00942	0.00591	0.00552	0.01258	0.04085	0.11802	0.23709	0.10023	0.35639	0.01232	0.00652	0.00186	0.00326	0.01050	0.00575	0.04182
76	0.14018	0.01044	0.01272	0.01007	0.01426	0.01001	0.00826	0.05733	0.08798	0.55754	0.02018	0.01796	0.01316	0.00689	0.00544	0.00178	0.00483	0.00542	0.00639	0.00916
77	0.08764	0.00740	0.00890	0.00841	0.01017	0.00777	0.00638	0.01445	0.09729	0.08661	0.14685	0.10176	0.07249	0.05091	0.16827	0.05417	0.01650	0.00792	0.04024	0.00587
78	0.11217	0.00860	0.01051	0.01021	0.04957	0.03253	0.03712	0.03380	0.01274	0.13044	0.10862	0.17805	0.07015	0.12389	0.04279	0.00274	0.00516	0.00875	0.01604	0.00611
79	0.06197	0.00883	0.01134	0.01015	0.01227	0.00994	0.00811	0.14304	0.01311	0.09749	0.01504	0.01940	0.01271	0.02911	0.48045	0.00636	0.04452	0.00569	0.00396	0.00653
80	0.34297	0.01603	0.04755	0.01554	0.12291	0.16310	0.08171	0.04985	0.01289	0.04998	0.00978	0.01163	0.00764	0.00569	0.00539	0.00175	0.04079	0.00418	0.00340	0.00722
81	0.01793	0.00889	0.01120	0.00934	0.01251	0.00844	0.00740	0.04041	0.11040	0.39489	0.08380	0.02715	0.10897	0.06440	0.06520	0.00262	0.00528	0.00716	0.00606	0.00794
82	0.00855	0.00507	0.00707	0.00766	0.00784	0.00493	0.00512	0.00788	0.00915	0.01219	0.02018	0.34203	0.02310	0.08354	0.01623	0.39471	0.00434	0.03302	0.00382	0.00355
83	0.35807	0.27536	0.09716	0.01087	0.04163	0.03926	0.00990	0.07758	0.01234	0.02110	0.00881	0.01012	0.00712	0.00532	0.00409	0.00158	0.00582	0.00346	0.00320	0.00722
84	0.01567	0.01036	0.02841	0.01034	0.01330	0.04241	0.02972	0.09038	0.11724	0.22957	0.10249	0.19582	0.06882	0.01035	0.00627	0.00192	0.00472	0.00891	0.00578	0.00753

[dist]
# distance from previous block
# <min> <max>
1	3

[block]
# block no. 6 follows, 41 sequences, length 49
# corresponding to MSA columns:
# 998-1046
name=unknown_G
#
# <colnr> <probs for GDERKNQSTAVLIFYWHMCP>
#	G	D	E	R	K	N	Q	S	T	A	V	L	I	F	Y	W	H	M	C	P
0	0.06377	0.01108	0.01817	0.02504	0.04287	0.01034	0.24743	0.03168	0.01254	0.01911	0.01397	0.07356	0.01233	0.00700	0.01666	0.00171	0.02156	0.03376	0.10332	0.23410
1	0.00926	0.00685	0.03503	0.00755	0.00904	0.00581	0.00574	0.01088	0.01248	0.07376	0.19030	0.14744	0.18787	0.20930	0.01236	0.00289	0.00409	0.05914	0.00509	0.00512
2	0.08796	0.00682	0.00784	0.00720	0.00907	0.00644	0.00537	0.01243	0.02358	0.09043	0.34403	0.05101	0.17981	0.11531	0.00926	0.00231	0.00355	0.00920	0.00546	0.02292
3	0.00877	0.00634	0.00891	0.00881	0.00987	0.00719	0.00672	0.03631	0.00997	0.01441	0.01628	0.05152	0.01557	0.10394	0.61245	0.00791	0.01300	0.00661	0.05029	0.00513
4	0.00926	0.00592	0.00757	0.00763	0.00900	0.00536	0.00558	0.01108	0.01369	0.09385	0.28643	0.32263	0.15733	0.01408	0.00688	0.00203	0.00323	0.02715	0.00583	0.00546
5	0.01142	0.00696	0.00845	0.00776	0.00947	0.00681	0.00572	0.03932	0.04413	0.12769	0.14356	0.05103	0.14334	0.19712	0.11578	0.00367	0.00564	0.00837	0.05801	0.00575
6	0.00778	0.00603	0.00711	0.00728	0.00866	0.00561	0.00533	0.01041	0.06012	0.01788	0.24898	0.23838	0.28635	0.03157	0.00737	0.00210	0.00319	0.03509	0.00558	0.00520
7	0.00697	0.00498	0.00664	0.00796	0.00830	0.00465	0.00531	0.00796	0.01095	0.01460	0.03153	0.79525	0.03783	0.01792	0.00730	0.00232	0.00332	0.01626	0.00531	0.00465
8	0.13396	0.00839	0.00933	0.00849	0.01046	0.00894	0.00633	0.09000	0.07127	0.07697	0.08162	0.07579	0.05176	0.21343	0.12517	0.00387	0.00627	0.00739	0.00456	0.00599
9	0.00941	0.00664	0.00794	0.00814	0.00938	0.00657	0.00579	0.01282	0.12238	0.05630	0.08611	0.34497	0.11870	0.13771	0.01034	0.00267	0.00391	0.03946	0.00526	0.00549
10	0.00776	0.00553	0.00709	0.00794	0.00848	0.00530	0.00535	0.03672	0.01173	0.01575	0.08729	0.63175	0.03637	0.09286	0.00931	0.00257	0.00360	0.01459	0.00522	0.00479
11	0.00826	0.00576	0.00731	0.00731	0.00769	0.00613	0.00481	0.00901	0.00864	0.01189	0.01704	0.03198	0.01843	0.52360	0.30126	0.00687	0.00911	0.00752	0.00332	0.00406
12	0.00788	0.00618	0.00720	0.00718	0.00880	0.00569	0.00546	0.01067	0.05634	0.01867	0.30224	0.10815	0.35078	0.01348	0.00684	0.00197	0.00314	0.06834	0.00569	0.00529
13	0.01103	0.00665	0.00834	0.00824	0.00996	0.00618	0.00612	0.01363	0.06336	0.15283	0.11908	0.35280	0.16251	0.01384	0.00678	0.00208	0.00361	0.04116	0.00578	0.00601
14	0.02118	0.05044	0.01527	0.01204	0.01573	0.26431	0.00960	0.23008	0.01870	0.20262	0.01450	0.01455	0.01041	0.00649	0.00528	0.00159	0.00691	0.00474	0.08736	0.00817
15	0.01248	0.00915	0.01075	0.01022	0.01234	0.03575	0.02393	0.08733	0.14789	0.08878	0.04927	0.29309	0.05859	0.01262	0.00670	0.00212	0.00463	0.12219	0.00549	0.00668
16	0.00822	0.00634	0.00776	0.00838	0.01001	0.00595	0.00696	0.01066	0.02997	0.01679	0.07124	0.05858	0.34773	0.01489	0.00731	0.00228	0.00412	0.37230	0.00534	0.00517
17	0.01976	0.01396	0.01518	0.01214	0.01622	0.01534	0.00987	0.45241	0.21532	0.11037	0.01737	0.01663	0.01242	0.00712	0.00568	0.00177	0.00554	0.00557	0.03797	0.00938
18	0.00825	0.00583	0.00766	0.00766	0.00815	0.00631	0.00523	0.00923	0.00874	0.01214	0.01673	0.03026	0.01768	0.43631	0.38753	0.00729	0.01023	0.00727	0.00327	0.00425
19	0.01783	0.01246	0.01361	0.01154	0.01501	0.04346	0.00918	0.11063	0.40530	0.20316	0.04947	0.02006	0.01641	0.00766	0.00630	0.00187	0.03508	0.00613	0.00589	0.00895
20	0.00824	0.00585	0.00780	0.00780	0.00834	0.00639	0.00541	0.00932	0.00878	0.01225	0.01660	0.02953	0.01736	0.39953	0.42387	0.00747	0.01071	0.00716	0.00325	0.00433
21	0.00750	0.00520	0.00648	0.00729	0.00749	0.00500	0.00459	0.00810	0.00992	0.01322	0.02623	0.49786	0.03115	0.32443	0.01586	0.00359	0.00419	0.01314	0.00459	0.00418
22	0.00701	0.00564	0.00629	0.00674	0.00820	0.00492	0.00498	0.00843	0.01250	0.01536	0.04882	0.24994	0.51361	0.01549	0.00699	0.00209	0.00320	0.06966	0.00531	0.00482
23	0.02150	0.01590	0.01703	0.01311	0.01765	0.01763	0.01081	0.72131	0.05020	0.03566	0.01404	0.01398	0.00998	0.00690	0.00573	0.00172	0.00624	0.00519	0.00573	0.00971
24	0.01205	0.00828	0.00981	0.00875	0.01109	0.00835	0.00677	0.04724	0.19611	0.10860	0.40498	0.03471	0.09937	0.01025	0.00637	0.00184	0.00356	0.00881	0.00616	0.00692
25	0.01102	0.00794	0.00852	0.00817	0.00977	0.00863	0.00587	0.01785	0.28648	0.01899	0.02150	0.10273	0.01959	0.21153	0.01145	0.00274	0.00416	0.00761	0.22928	0.00617
26	0.00788	0.00542	0.00664	0.00721	0.00747	0.00528	0.00462	0.00852	0.00989	0.01320	0.04777	0.31802	0.02900	0.43021	0.01885	0.00403	0.00462	0.06291	0.00436	0.00409
27	0.01356	0.02291	0.37170	0.01537	0.01993	0.13975	0.01613	0.03050	0.01187	0.01621	0.00935	0.01246	0.00766	0.02264	0.01021	0.00205	0.26323	0.00449	0.00261	0.00736
28	0.01927	0.01637	0.07966	0.01310	0.01772	0.01661	0.01135	0.53020	0.18109	0.03194	0.01548	0.01522	0.01117	0.00694	0.00572	0.00177	0.00610	0.00535	0.00546	0.00948
29	0.01222	0.00827	0.01072	0.00893	0.01156	0.00773	0.03109	0.09953	0.01690	0.10541	0.48317	0.03242	0.03783	0.00956	0.00624	0.00168	0.00376	0.00834	0.00588	0.09877
30	0.01245	0.00843	0.00944	0.00861	0.01028	0.00896	0.00603	0.01844	0.27319	0.10430	0.02042	0.02962	0.01884	0.42569	0.01812	0.00382	0.00510	0.00736	0.00472	0.00618
31	0.00857	0.00714	0.00947	0.00902	0.01018	0.00804	0.00713	0.01042	0.01140	0.01555	0.13586	0.03466	0.23196	0.02333	0.27942	0.00459	0.14625	0.03756	0.00417	0.00528
32	0.02541	0.01014	0.01352	0.01037	0.01480	0.00901	0.00857	0.07385	0.01705	0.72033	0.02200	0.01910	0.01387	0.00707	0.00575	0.00177	0.00496	0.00571	0.00699	0.00973
33	0.01479	0.01327	0.01870	0.02416	0.41050	0.01417	0.01369	0.08019	0.30450	0.02212	0.01591	0.01694	0.01241	0.00628	0.00573	0.00179	0.00587	0.00564	0.00423	0.00911
34	0.01462	0.00779	0.00947	0.00814	0.01100	0.00701	0.00642	0.01775	0.07388	0.29701	0.16621	0.03695	0.29892	0.01070	0.00631	0.00185	0.00372	0.00897	0.00618	0.00709
35	0.31257	0.00830	0.00815	0.00742	0.00986	0.00868	0.00578	0.04219	0.01303	0.07140	0.20490	0.06002	0.11055	0.03772	0.00608	0.00192	0.00376	0.00717	0.07455	0.00596
36	0.38444	0.01063	0.01092	0.00901	0.01270	0.01115	0.00737	0.10779	0.01468	0.26208	0.10151	0.01698	0.01475	0.00681	0.00488	0.00177	0.00459	0.00504	0.00525	0.00765
37	0.00949	0.00754	0.00916	0.00805	0.01061	0.00627	0.00586	0.01114	0.01099	0.01602	0.01912	0.30073	0.02091	0.10682	0.04186	0.00231	0.00454	0.00879	0.00408	0.39569
38	0.00820	0.00596	0.00717	0.00698	0.00847	0.00532	0.00509	0.01005	0.01367	0.03913	0.32999	0.14680	0.25786	0.07939	0.00861	0.00220	0.00323	0.02108	0.00553	0.03524
39	0.00870	0.00571	0.00705	0.00759	0.00878	0.00535	0.00573	0.01060	0.01265	0.04019	0.11836	0.29578	0.14854	0.01392	0.00662	0.00206	0.00346	0.14046	0.15330	0.00515
40	0.00805	0.00603	0.00805	0.00835	0.00883	0.00645	0.00589	0.00926	0.01055	0.01458	0.10938	0.35296	0.02959	0.17526	0.15024	0.00414	0.07202	0.01123	0.00442	0.00472
41	0.00803	0.00564	0.00623	0.00616	0.00703	0.00530	0.00403	0.00905	0.01110	0.01486	0.13177	0.04197	0.24212	0.39374	0.01736	0.00361	0.00413	0.00945	0.07413	0.00429
42	0.25419	0.00827	0.00855	0.00774	0.01045	0.00830	0.00613	0.01549	0.04386	0.14778	0.13810	0.06480	0.22241	0.01004	0.00567	0.00188	0.00381	0.03094	0.00526	0.00633
43	0.01186	0.01017	0.01186	0.00847	0.01356	0.00762	0.00678	0.01440	0.01186	0.01864	0.01017	0.01186	0.00847	0.00424	0.00424	0.00085	0.00424	0.00339	0.00339	0.83395
44	0.00790	0.00579	0.00802	0.00831	0.00919	0.00609	0.00616	0.00963	0.01084	0.01503	0.12836	0.19951	0.05698	0.09433	0.36931	0.00574	0.00911	0.04057	0.00424	0.00490
45	0.01070	0.00680	0.00821	0.00776	0.00950	0.00641	0.00575	0.01360	0.07576	0.12149	0.22293	0.12933	0.19022	0.12640	0.00989	0.00247	0.00378	0.03760	0.00559	0.00581
46	0.00764	0.00526	0.00644	0.00710	0.00727	0.00510	0.00439	0.00814	0.00963	0.01285	0.02477	0.41637	0.02931	0.40842	0.01821	0.00393	0.00443	0.01229	0.00439	0.00406
47	0.01829	0.01244	0.01471	0.04597	0.04345	0.01339	0.00991	0.40218	0.04698	0.13391	0.04333	0.08262	0.01489	0.01125	0.07720	0.00249	0.00656	0.00649	0.00542	0.00852
