[name]
unknown

[dist]
# distance from previous block
# <min> <max>
23	113

[block]
# block no. 0 follows, 51 sequences, length 82
# corresponding to MSA columns:
# 129-210
name=unknown_A
#
# <colnr> <probs for GDERKNQSTAVLIFYWHMCP>
#	G	D	E	R	K	N	Q	S	T	A	V	L	I	F	Y	W	H	M	C	P
0	0.01309	0.09684	0.23376	0.01162	0.01564	0.19727	0.02697	0.12065	0.01270	0.01599	0.01101	0.07373	0.02759	0.00607	0.00534	0.00145	0.05860	0.00453	0.00290	0.06426
1	0.01344	0.16848	0.15172	0.06616	0.01629	0.12714	0.01106	0.11199	0.06190	0.03877	0.00921	0.01083	0.00734	0.00574	0.00666	0.00153	0.16582	0.00381	0.00284	0.01927
2	0.01130	0.05386	0.53412	0.01222	0.01831	0.03001	0.01443	0.02646	0.06076	0.06699	0.01014	0.01116	0.00735	0.00476	0.00451	0.00142	0.00630	0.00370	0.00268	0.11951
3	0.00889	0.00725	0.06011	0.00838	0.01020	0.00678	0.00700	0.01142	0.04175	0.08068	0.01398	0.05028	0.01249	0.02782	0.56815	0.00597	0.01058	0.00534	0.00309	0.05983
4	0.01341	0.10509	0.01316	0.01060	0.06535	0.01173	0.00793	0.12986	0.33463	0.09347	0.06434	0.01742	0.02548	0.03225	0.00621	0.04812	0.00436	0.00517	0.00438	0.00704
5	0.02855	0.08953	0.17463	0.03283	0.01512	0.09734	0.01015	0.12502	0.08757	0.18825	0.05850	0.01408	0.01116	0.00576	0.00488	0.00147	0.02194	0.00442	0.02169	0.00712
6	0.06811	0.01714	0.36488	0.01503	0.06925	0.01084	0.20906	0.02555	0.03167	0.01670	0.08111	0.01515	0.04266	0.00538	0.00502	0.00158	0.00645	0.00497	0.00278	0.00667
7	0.01169	0.00825	0.00997	0.00738	0.01130	0.00644	0.00591	0.01385	0.01123	0.14028	0.10028	0.01426	0.01252	0.00476	0.00409	0.00095	0.00357	0.00392	0.00370	0.62566
8	0.01108	0.01479	0.29332	0.02882	0.04628	0.00949	0.18372	0.01482	0.01140	0.11304	0.10786	0.01824	0.05570	0.03981	0.02821	0.00188	0.00625	0.00551	0.00327	0.00650
9	0.00702	0.00527	0.00790	0.00790	0.00878	0.00614	0.00614	0.00878	0.00790	0.01141	0.01316	0.01931	0.01229	0.03686	0.80782	0.00790	0.01316	0.00527	0.00263	0.00439
10	0.01019	0.00873	0.01019	0.00728	0.01165	0.00655	0.00582	0.01237	0.01019	0.01601	0.00873	0.01019	0.00728	0.00364	0.00364	0.00073	0.00364	0.00291	0.00291	0.85734
11	0.01215	0.01503	0.31335	0.01047	0.01570	0.00868	0.03235	0.01583	0.02220	0.15992	0.03404	0.01301	0.02145	0.00486	0.00445	0.00127	0.00520	0.00397	0.00329	0.30279
12	0.00582	0.00495	0.00501	0.00505	0.00666	0.00414	0.00377	0.00704	0.01113	0.01325	0.04887	0.07858	0.76395	0.01256	0.00583	0.00167	0.00250	0.01052	0.00456	0.00414
13	0.01026	0.01100	0.04564	0.13982	0.13083	0.01074	0.34119	0.01345	0.01087	0.01493	0.06178	0.10941	0.01270	0.00629	0.00621	0.00169	0.05789	0.00637	0.00283	0.00612
14	0.01333	0.72665	0.06911	0.00903	0.01329	0.07540	0.00904	0.01511	0.01029	0.01182	0.00700	0.00810	0.00630	0.00429	0.00333	0.00110	0.00563	0.00272	0.00213	0.00632
15	0.00791	0.03587	0.00924	0.00857	0.03158	0.00615	0.04448	0.01000	0.04112	0.01448	0.08767	0.42873	0.02540	0.01113	0.00559	0.00168	0.00356	0.07015	0.00411	0.15258
16	0.04894	0.01328	0.01416	0.01099	0.01481	0.01472	0.00904	0.68560	0.07465	0.04549	0.01233	0.01221	0.00878	0.00591	0.00485	0.00149	0.00522	0.00445	0.00488	0.00821
17	0.00704	0.00498	0.00635	0.00641	0.00675	0.00524	0.00426	0.00777	0.00805	0.01108	0.06606	0.12219	0.01972	0.45428	0.22688	0.00500	0.02357	0.00751	0.00321	0.00362
18	0.01114	0.03317	0.06774	0.18931	0.40804	0.01121	0.02544	0.01449	0.03455	0.01517	0.00924	0.01205	0.00750	0.00461	0.00504	0.00143	0.03110	0.00416	0.00248	0.11215
19	0.08044	0.00890	0.01137	0.00877	0.01254	0.00815	0.00724	0.08643	0.01435	0.66606	0.01767	0.01558	0.01127	0.00591	0.00478	0.00150	0.00425	0.00470	0.00571	0.02439
20	0.01011	0.00962	0.01663	0.50529	0.24394	0.01088	0.06274	0.01324	0.01031	0.01381	0.00972	0.04239	0.00798	0.00511	0.00499	0.00160	0.00627	0.00481	0.01443	0.00611
21	0.05431	0.01216	0.06930	0.02585	0.60590	0.01126	0.06611	0.01472	0.01103	0.01617	0.01092	0.01435	0.03261	0.00493	0.00491	0.00151	0.00585	0.02819	0.00258	0.00733
22	0.06538	0.01209	0.11473	0.04748	0.25682	0.01021	0.18829	0.01447	0.01093	0.07114	0.01393	0.07421	0.06011	0.00685	0.03014	0.00178	0.00615	0.00566	0.00299	0.00664
23	0.01059	0.03174	0.01639	0.57157	0.10290	0.03366	0.06616	0.04754	0.03248	0.01409	0.00920	0.01282	0.00703	0.00495	0.00509	0.00160	0.01934	0.00442	0.00243	0.00598
24	0.01180	0.12515	0.37093	0.04015	0.15314	0.04717	0.01396	0.05543	0.04674	0.03858	0.02641	0.01241	0.02691	0.00507	0.00459	0.00147	0.00625	0.00407	0.00269	0.00709
25	0.01631	0.00979	0.01396	0.12911	0.11555	0.00991	0.04923	0.09984	0.10513	0.34524	0.01644	0.01622	0.03866	0.00588	0.00501	0.00155	0.00498	0.00505	0.00457	0.00756
26	0.02299	0.01262	0.20141	0.01168	0.03554	0.02533	0.11425	0.04771	0.02414	0.17399	0.06562	0.16968	0.01601	0.04864	0.00627	0.00180	0.00532	0.00673	0.00387	0.00640
27	0.01446	0.18395	0.18719	0.01275	0.03447	0.08011	0.10399	0.20232	0.05628	0.06326	0.01039	0.01127	0.00777	0.00502	0.00457	0.00142	0.00627	0.00404	0.00325	0.00723
28	0.00849	0.00428	0.00637	0.00637	0.00637	0.00428	0.00423	0.00643	0.00643	0.00857	0.00875	0.01547	0.00882	0.04208	0.01939	0.83072	0.00428	0.00436	0.00216	0.00216
29	0.01072	0.01078	0.01571	0.01325	0.01356	0.01470	0.05581	0.01199	0.00777	0.01205	0.00681	0.01109	0.00664	0.00897	0.03326	0.00225	0.75263	0.00441	0.00218	0.00543
30	0.01071	0.13128	0.52996	0.01530	0.07039	0.01267	0.13192	0.01544	0.01056	0.01508	0.00875	0.01059	0.00652	0.00451	0.00465	0.00150	0.00706	0.00387	0.00216	0.00707
31	0.01089	0.04993	0.33256	0.11476	0.28963	0.01187	0.09091	0.01503	0.01070	0.01523	0.00899	0.01150	0.00692	0.00453	0.00482	0.00152	0.00671	0.00415	0.00225	0.00713
32	0.00586	0.00492	0.00509	0.00518	0.00670	0.00415	0.00383	0.00710	0.01113	0.01341	0.07080	0.11392	0.70587	0.01263	0.00585	0.00168	0.00252	0.01064	0.00459	0.00415
33	0.04625	0.01000	0.04419	0.32811	0.16433	0.01014	0.08952	0.01502	0.01093	0.14020	0.01233	0.01589	0.02641	0.00631	0.02723	0.00178	0.00614	0.03571	0.00308	0.00643
34	0.01181	0.01220	0.02226	0.11702	0.42409	0.03408	0.27504	0.01514	0.01125	0.01543	0.00938	0.01255	0.00749	0.00438	0.00518	0.00154	0.00684	0.00483	0.00242	0.00706
35	0.00807	0.00519	0.00656	0.00648	0.00768	0.00481	0.00475	0.01014	0.03258	0.08014	0.37048	0.26664	0.10102	0.01114	0.00570	0.00166	0.00268	0.00983	0.05967	0.00479
36	0.08740	0.01012	0.01132	0.00849	0.01255	0.00938	0.00691	0.22289	0.01402	0.11741	0.01072	0.01124	0.00801	0.00464	0.00410	0.00110	0.00420	0.00355	0.00386	0.44809
37	0.01373	0.01130	0.01196	0.01031	0.01335	0.01293	0.00814	0.20195	0.60948	0.02299	0.01809	0.01681	0.01345	0.00649	0.00498	0.00162	0.00424	0.00529	0.00498	0.00791
38	0.00676	0.00502	0.00629	0.00597	0.00722	0.00455	0.00448	0.00889	0.01344	0.01859	0.66424	0.03855	0.17687	0.01046	0.00580	0.00157	0.00235	0.00915	0.00526	0.00455
39	0.00986	0.02542	0.80183	0.01401	0.02127	0.01141	0.01816	0.01556	0.01038	0.01556	0.00882	0.01038	0.00623	0.00467	0.00467	0.00156	0.00726	0.00363	0.00208	0.00726
40	0.00986	0.02542	0.80183	0.01401	0.02127	0.01141	0.01816	0.01556	0.01038	0.01556	0.00882	0.01038	0.00623	0.00467	0.00467	0.00156	0.00726	0.00363	0.00208	0.00726
41	0.01216	0.01168	0.01995	0.03016	0.79664	0.01168	0.01508	0.01508	0.01119	0.01605	0.00924	0.01216	0.00778	0.00438	0.00487	0.00146	0.00584	0.00438	0.00243	0.00778
42	0.00640	0.00468	0.00611	0.00710	0.00776	0.00439	0.00522	0.00763	0.01007	0.01313	0.02974	0.55079	0.12882	0.01461	0.00633	0.00201	0.00318	0.18335	0.00455	0.00413
43	0.00613	0.00487	0.00526	0.00539	0.00654	0.00433	0.00379	0.00712	0.01009	0.01241	0.03912	0.13623	0.52534	0.16672	0.04263	0.00254	0.00340	0.00999	0.00419	0.00392
44	0.06412	0.01704	0.33198	0.02222	0.43745	0.01153	0.01570	0.01523	0.01069	0.01623	0.00892	0.01119	0.00701	0.00451	0.00467	0.00150	0.00628	0.00397	0.00233	0.00742
45	0.00601	0.00496	0.00529	0.00537	0.00688	0.00424	0.00404	0.00736	0.01133	0.01386	0.11415	0.09834	0.64590	0.01247	0.00588	0.00170	0.00258	0.04081	0.00464	0.00420
46	0.01836	0.02342	0.01393	0.01266	0.01519	0.80756	0.00950	0.01962	0.01393	0.01203	0.00760	0.00886	0.00633	0.00506	0.00443	0.00127	0.00886	0.00317	0.00253	0.00570
47	0.00759	0.00555	0.00747	0.00842	0.00964	0.00542	0.00728	0.00970	0.01130	0.01449	0.02967	0.05418	0.14603	0.01340	0.00664	0.00217	0.00421	0.64783	0.00453	0.00447
48	0.01019	0.00873	0.01019	0.00728	0.01165	0.00655	0.00582	0.01237	0.01019	0.01601	0.00873	0.01019	0.00728	0.00364	0.00364	0.00073	0.00364	0.00291	0.00291	0.85734
49	0.01014	0.00962	0.01630	0.58000	0.26257	0.01115	0.01408	0.01331	0.01024	0.01361	0.00889	0.01282	0.00692	0.00475	0.00490	0.00158	0.00634	0.00437	0.00226	0.00616
50	0.00702	0.00527	0.00790	0.00790	0.00878	0.00614	0.00614	0.00878	0.00790	0.01141	0.01316	0.01931	0.01229	0.03686	0.80782	0.00790	0.01316	0.00527	0.00263	0.00439
51	0.00702	0.00525	0.00782	0.00782	0.00867	0.00610	0.00604	0.00872	0.00787	0.01135	0.01324	0.01970	0.01246	0.06140	0.78351	0.00780	0.01290	0.00532	0.00264	0.00434
52	0.86201	0.00950	0.00722	0.00646	0.00950	0.01102	0.00532	0.01445	0.00836	0.02205	0.00684	0.00798	0.00532	0.00456	0.00304	0.00152	0.00380	0.00266	0.00304	0.00532
53	0.00711	0.00515	0.00752	0.00752	0.00824	0.00588	0.00566	0.00846	0.00773	0.01104	0.01321	0.02064	0.01277	0.13169	0.67333	0.05014	0.01170	0.00544	0.00265	0.00410
54	0.01210	0.01161	0.01983	0.04725	0.78004	0.01166	0.01505	0.01503	0.01116	0.01598	0.00923	0.01218	0.00776	0.00439	0.00487	0.00146	0.00585	0.00438	0.00243	0.00773
55	0.00973	0.00567	0.00707	0.00647	0.00806	0.00537	0.00501	0.02385	0.03419	0.12015	0.46369	0.03012	0.03259	0.00861	0.00519	0.00149	0.00273	0.03874	0.18602	0.00524
56	0.00935	0.00849	0.00829	0.00775	0.00908	0.13408	0.00584	0.03882	0.01320	0.01745	0.46535	0.11964	0.05042	0.00953	0.00606	0.00157	0.04693	0.00802	0.03522	0.00489
57	0.01105	0.24673	0.04706	0.01027	0.02428	0.09877	0.05372	0.01385	0.06086	0.01373	0.01711	0.06844	0.06004	0.00835	0.00536	0.00164	0.02681	0.22298	0.00333	0.00563
58	0.00636	0.00450	0.00570	0.00652	0.00685	0.00427	0.00433	0.00711	0.00908	0.01199	0.02551	0.55500	0.06936	0.20583	0.01068	0.00264	0.00337	0.05292	0.00419	0.00379
59	0.04575	0.06901	0.05351	0.01139	0.01431	0.29863	0.00937	0.12912	0.20977	0.01740	0.01122	0.01184	0.00878	0.00583	0.00563	0.00149	0.08282	0.00403	0.00343	0.00668
60	0.06771	0.66377	0.06563	0.00886	0.01302	0.05777	0.00877	0.01540	0.03811	0.01280	0.00745	0.00845	0.00655	0.00438	0.00336	0.00114	0.00540	0.00282	0.00229	0.00632
61	0.03092	0.03921	0.24064	0.06596	0.12649	0.08100	0.06167	0.17716	0.08289	0.03150	0.01054	0.01184	0.00786	0.00509	0.00477	0.00151	0.00636	0.00419	0.00314	0.00727
62	0.01096	0.01010	0.01695	0.14324	0.53395	0.01039	0.03129	0.01367	0.01065	0.01516	0.01084	0.05531	0.00967	0.04641	0.00589	0.00166	0.00557	0.00505	0.05647	0.00677
63	0.00700	0.00524	0.00626	0.00635	0.00719	0.00522	0.00443	0.00888	0.06229	0.01300	0.10996	0.16203	0.18142	0.25709	0.12830	0.00354	0.00488	0.01889	0.00393	0.00412
64	0.01019	0.00873	0.01019	0.00728	0.01165	0.00655	0.00582	0.01237	0.01019	0.01601	0.00873	0.01019	0.00728	0.00364	0.00364	0.00073	0.00364	0.00291	0.00291	0.85734
65	0.00702	0.00525	0.00782	0.00782	0.00867	0.00610	0.00604	0.00872	0.00787	0.01135	0.01324	0.01971	0.01246	0.06188	0.78304	0.00780	0.01290	0.00532	0.00264	0.00434
66	0.01802	0.07524	0.01469	0.01239	0.01503	0.75694	0.00943	0.01931	0.01367	0.01200	0.00755	0.00880	0.00633	0.00501	0.00435	0.00125	0.00863	0.00313	0.00250	0.00574
67	0.01392	0.04065	0.00942	0.00743	0.01003	0.00786	0.00597	0.09306	0.10200	0.25379	0.06958	0.02170	0.11613	0.00704	0.00466	0.00144	0.00350	0.00573	0.21962	0.00648
68	0.00774	0.00621	0.00892	0.01164	0.16264	0.00614	0.00689	0.00985	0.05971	0.01368	0.02250	0.54210	0.02562	0.05335	0.00688	0.00202	0.00367	0.04139	0.00409	0.00495
69	0.05761	0.06153	0.01106	0.00735	0.01162	0.00765	0.00601	0.01300	0.01020	0.04050	0.00884	0.01012	0.00726	0.00380	0.00362	0.00082	0.00377	0.00294	0.00297	0.72934
70	0.01002	0.00544	0.00689	0.00660	0.00765	0.00506	0.00454	0.01094	0.01007	0.18361	0.10137	0.25437	0.03627	0.31963	0.01301	0.00289	0.00380	0.00884	0.00438	0.00463
71	0.00992	0.00808	0.00839	0.00799	0.00985	0.05710	0.00612	0.01536	0.25992	0.05792	0.10771	0.11032	0.18615	0.05086	0.00652	0.00187	0.00376	0.08186	0.00466	0.00564
72	0.01168	0.01302	0.02764	0.02213	0.14166	0.01231	0.66390	0.01564	0.01154	0.01579	0.00984	0.01309	0.00751	0.00418	0.00566	0.00163	0.00792	0.00559	0.00248	0.00680
73	0.00893	0.00803	0.01139	0.01029	0.01067	0.01060	0.00830	0.01023	0.00766	0.01150	0.00989	0.01574	0.00966	0.07163	0.35554	0.00477	0.42306	0.00489	0.00241	0.00480
74	0.01224	0.00684	0.00927	0.00824	0.01023	0.00712	0.00655	0.06332	0.03906	0.23500	0.05436	0.01891	0.01382	0.02283	0.43664	0.00494	0.00893	0.00529	0.03053	0.00590
75	0.01222	0.01056	0.01111	0.01000	0.01278	0.01222	0.00778	0.02611	0.78776	0.02056	0.02000	0.01833	0.01500	0.00667	0.00500	0.00167	0.00389	0.00556	0.00500	0.00778
76	0.01025	0.01019	0.01500	0.69583	0.08123	0.07964	0.01338	0.01333	0.01027	0.01274	0.00867	0.01268	0.00661	0.00489	0.00487	0.00159	0.00670	0.00426	0.00223	0.00563
77	0.01222	0.01056	0.01111	0.01000	0.01278	0.01222	0.00778	0.02611	0.78776	0.02056	0.02000	0.01833	0.01500	0.00667	0.00500	0.00167	0.00389	0.00556	0.00500	0.00778
78	0.00890	0.06082	0.07740	0.00815	0.02845	0.00768	0.00681	0.06388	0.01247	0.01774	0.34563	0.07317	0.07818	0.02064	0.01936	0.00168	0.05498	0.00714	0.10167	0.00525
79	0.00689	0.00486	0.00601	0.00640	0.00675	0.00489	0.00420	0.00788	0.02983	0.01132	0.02029	0.29257	0.03811	0.39874	0.10531	0.00396	0.00500	0.03967	0.00361	0.00369
80	0.01045	0.01971	0.46679	0.01597	0.03751	0.01199	0.22755	0.01507	0.01043	0.01518	0.00923	0.01218	0.00708	0.00514	0.00632	0.00166	0.09863	0.02001	0.00226	0.00683
81	0.01174	0.16768	0.32664	0.02664	0.15805	0.05855	0.01334	0.05346	0.04397	0.01576	0.03764	0.02447	0.00890	0.00504	0.00448	0.00142	0.00614	0.00402	0.00262	0.02945

[dist]
# distance from previous block
# <min> <max>
6	21

[block]
# block no. 1 follows, 51 sequences, length 30
# corresponding to MSA columns:
# 232-261
name=unknown_B
#
# <colnr> <probs for GDERKNQSTAVLIFYWHMCP>
#	G	D	E	R	K	N	Q	S	T	A	V	L	I	F	Y	W	H	M	C	P
0	0.03437	0.23286	0.10671	0.01653	0.23432	0.03394	0.07841	0.06021	0.01163	0.07260	0.01050	0.01287	0.02110	0.00509	0.00477	0.00142	0.02629	0.02659	0.00283	0.00697
1	0.06471	0.04361	0.40474	0.01485	0.12579	0.01097	0.06625	0.02782	0.03731	0.02626	0.02225	0.02866	0.00894	0.02233	0.00512	0.00158	0.00618	0.02637	0.00265	0.05360
2	0.01312	0.07039	0.20247	0.04360	0.21958	0.03351	0.04598	0.15078	0.04367	0.06454	0.02704	0.01372	0.03901	0.00534	0.00481	0.00149	0.00590	0.00452	0.00322	0.00731
3	0.01265	0.03328	0.07727	0.00888	0.01155	0.00745	0.04580	0.07474	0.01249	0.24453	0.10146	0.23399	0.05284	0.05194	0.00644	0.00182	0.00419	0.00792	0.00465	0.00611
4	0.01321	0.24354	0.24937	0.01281	0.09574	0.03218	0.01183	0.08829	0.09387	0.08069	0.02698	0.01187	0.00886	0.00507	0.00437	0.00140	0.00571	0.00391	0.00310	0.00721
5	0.03239	0.02781	0.06172	0.11029	0.16521	0.07449	0.04597	0.12705	0.03319	0.19025	0.06242	0.01445	0.01104	0.00551	0.00487	0.00149	0.00558	0.00466	0.00382	0.01778
6	0.00734	0.01594	0.00821	0.00771	0.00893	0.00607	0.04983	0.01875	0.04628	0.01327	0.04921	0.24390	0.19858	0.09537	0.15402	0.00321	0.02630	0.03870	0.00389	0.00449
7	0.00815	0.00544	0.00678	0.00688	0.00785	0.00529	0.00484	0.01057	0.08611	0.07098	0.20958	0.36916	0.04191	0.13276	0.00871	0.00223	0.00320	0.01022	0.00468	0.00468
8	0.03489	0.05115	0.28335	0.01728	0.21297	0.10566	0.07040	0.01734	0.08305	0.06222	0.01039	0.01180	0.00786	0.00485	0.00472	0.00149	0.00650	0.00411	0.00278	0.00718
9	0.01447	0.01000	0.03146	0.01086	0.06371	0.02225	0.02503	0.15795	0.18414	0.20920	0.04242	0.10710	0.06014	0.00771	0.00523	0.00162	0.00441	0.03035	0.00484	0.00714
10	0.01075	0.00610	0.00757	0.00701	0.00899	0.00552	0.00551	0.01295	0.04535	0.21977	0.15688	0.12032	0.27070	0.01059	0.00570	0.00171	0.00322	0.09074	0.00511	0.00551
11	0.01052	0.01021	0.01776	0.45690	0.23479	0.01139	0.11280	0.01442	0.05524	0.01436	0.00968	0.01317	0.00748	0.00477	0.00502	0.00159	0.00643	0.00462	0.00245	0.00636
12	0.26155	0.04423	0.12464	0.01083	0.05354	0.05080	0.00935	0.20920	0.06647	0.10879	0.01082	0.01121	0.00784	0.00523	0.00425	0.00149	0.00515	0.00380	0.00376	0.00705
13	0.01299	0.42130	0.25780	0.03581	0.01654	0.03491	0.04705	0.01601	0.01068	0.09251	0.00892	0.00996	0.00693	0.00457	0.00400	0.00130	0.00602	0.00338	0.00253	0.00678
14	0.00676	0.00499	0.00595	0.00611	0.00729	0.00451	0.00443	0.00849	0.02999	0.03610	0.24089	0.28667	0.31501	0.01242	0.00591	0.00173	0.00264	0.01084	0.00484	0.00443
15	0.00917	0.01413	0.28814	0.01288	0.06789	0.00879	0.15197	0.01265	0.01109	0.03542	0.04704	0.04993	0.25493	0.00753	0.00534	0.00161	0.00549	0.00672	0.00324	0.00605
16	0.01174	0.48712	0.35662	0.01080	0.01630	0.01602	0.01256	0.01508	0.01015	0.01327	0.00768	0.00895	0.00627	0.00440	0.00380	0.00127	0.00611	0.00306	0.00209	0.00671
17	0.01826	0.00866	0.01095	0.00884	0.01215	0.00829	0.00715	0.04352	0.18639	0.52785	0.09666	0.01895	0.01611	0.00660	0.00504	0.00155	0.00396	0.00546	0.00574	0.00786
18	0.00610	0.00471	0.00557	0.00594	0.00697	0.00418	0.00423	0.00740	0.01102	0.01423	0.18431	0.34982	0.35163	0.01314	0.00599	0.00177	0.00260	0.01150	0.00473	0.00418
19	0.12085	0.01974	0.54290	0.01183	0.01764	0.01034	0.01415	0.01596	0.01054	0.11786	0.03291	0.01184	0.00814	0.00548	0.00510	0.03501	0.00616	0.00386	0.00282	0.00688
20	0.00748	0.00543	0.00663	0.00652	0.00679	0.00588	0.00427	0.00844	0.03776	0.01082	0.03373	0.08741	0.01799	0.55549	0.12552	0.00460	0.06128	0.00719	0.00313	0.00363
21	0.01436	0.01565	0.33990	0.01087	0.01577	0.00959	0.01164	0.09457	0.03843	0.27161	0.08778	0.01654	0.03894	0.00608	0.00494	0.00154	0.00535	0.00492	0.00415	0.00740
22	0.00874	0.00788	0.00968	0.00926	0.00972	0.05614	0.00712	0.00987	0.00889	0.01243	0.01674	0.31623	0.03691	0.02935	0.09816	0.00265	0.29492	0.00816	0.05249	0.00465
23	0.03259	0.50905	0.05609	0.04081	0.01421	0.01676	0.00903	0.14210	0.07168	0.05236	0.00940	0.01005	0.00756	0.00481	0.00380	0.00125	0.00524	0.00337	0.00299	0.00684
24	0.20095	0.00827	0.00804	0.00759	0.00922	0.08677	0.00581	0.04245	0.00970	0.02867	0.03693	0.04536	0.01229	0.09121	0.30760	0.00416	0.00776	0.00496	0.07740	0.00484
25	0.00793	0.00591	0.00842	0.00860	0.04488	0.00654	0.02063	0.03216	0.00858	0.01239	0.01345	0.02109	0.01295	0.19493	0.50046	0.00608	0.02301	0.00554	0.06203	0.00444
26	0.04218	0.01252	0.03876	0.22940	0.21553	0.08248	0.01178	0.23177	0.01429	0.01930	0.00992	0.01212	0.00759	0.00509	0.00472	0.00148	0.00598	0.00421	0.04398	0.00689
27	0.01148	0.01160	0.01508	0.11539	0.05947	0.10762	0.05344	0.01316	0.00929	0.03135	0.00894	0.05848	0.00840	0.00844	0.03581	0.00207	0.43708	0.00487	0.00248	0.00559
28	0.01159	0.02995	0.06062	0.01355	0.14126	0.00871	0.11273	0.07688	0.01198	0.12282	0.05331	0.24841	0.01759	0.04150	0.00619	0.00177	0.00486	0.00762	0.00390	0.02476
29	0.04909	0.03402	0.12805	0.00964	0.03414	0.00818	0.00841	0.02618	0.00980	0.08128	0.03340	0.09528	0.01505	0.08951	0.22108	0.00366	0.06271	0.08186	0.00332	0.00536

[dist]
# distance from previous block
# <min> <max>
1	8

[block]
# block no. 2 follows, 51 sequences, length 62
# corresponding to MSA columns:
# 270-331
name=unknown_C
#
# <colnr> <probs for GDERKNQSTAVLIFYWHMCP>
#	G	D	E	R	K	N	Q	S	T	A	V	L	I	F	Y	W	H	M	C	P
0	0.01518	0.29356	0.10869	0.01053	0.01474	0.06034	0.00985	0.29914	0.09250	0.03503	0.01048	0.01088	0.00803	0.00521	0.00427	0.00135	0.00559	0.00377	0.00353	0.00733
1	0.05219	0.01854	0.01098	0.03645	0.04701	0.00784	0.00689	0.06651	0.01163	0.16424	0.02225	0.04055	0.00994	0.02655	0.02505	0.00137	0.00431	0.00412	0.00368	0.43990
2	0.04678	0.00994	0.09685	0.01079	0.02656	0.03583	0.16803	0.01207	0.01227	0.03424	0.33732	0.06140	0.08446	0.00817	0.00553	0.00161	0.00460	0.03400	0.00407	0.00547
3	0.01219	0.12379	0.52621	0.01290	0.03014	0.02358	0.03603	0.03065	0.03369	0.11089	0.01025	0.01117	0.00731	0.00485	0.00456	0.00149	0.00653	0.00380	0.00273	0.00728
4	0.02385	0.01056	0.08602	0.44106	0.17995	0.01047	0.02473	0.02646	0.01044	0.01410	0.01264	0.05207	0.06450	0.00585	0.00514	0.00162	0.01681	0.00517	0.00257	0.00599
5	0.03977	0.05049	0.67506	0.01281	0.01925	0.01101	0.01610	0.01471	0.01029	0.01542	0.01139	0.04791	0.04387	0.00548	0.00468	0.00156	0.00666	0.00433	0.00234	0.00687
6	0.01097	0.08956	0.24296	0.26432	0.08659	0.05399	0.12471	0.02808	0.01076	0.01431	0.00892	0.01190	0.00689	0.01950	0.00515	0.00158	0.00690	0.00420	0.00229	0.00643
7	0.01092	0.00805	0.02830	0.00946	0.02337	0.00762	0.08830	0.02740	0.10722	0.15714	0.06330	0.15573	0.22056	0.00948	0.00611	0.00171	0.04516	0.01976	0.00451	0.00588
8	0.00759	0.00552	0.00761	0.03700	0.07292	0.00532	0.00567	0.00910	0.01080	0.04151	0.24278	0.31740	0.07218	0.11015	0.02980	0.00227	0.00361	0.00983	0.00435	0.00459
9	0.04361	0.00974	0.01095	0.00930	0.01228	0.01047	0.00739	0.11008	0.40048	0.20827	0.10610	0.01893	0.01678	0.00675	0.00500	0.00159	0.00395	0.00556	0.00523	0.00755
10	0.01349	0.01154	0.02028	0.23343	0.03982	0.01194	0.32428	0.15887	0.01354	0.10685	0.01102	0.01331	0.00792	0.00491	0.00528	0.00160	0.00676	0.00503	0.00327	0.00685
11	0.07290	0.00866	0.00932	0.04473	0.01140	0.02368	0.00649	0.23090	0.02641	0.09029	0.04035	0.10496	0.29204	0.00911	0.00524	0.00161	0.00393	0.00747	0.00457	0.00595
12	0.00604	0.00475	0.00543	0.00575	0.00687	0.00417	0.00411	0.00728	0.01091	0.01382	0.14071	0.29700	0.43413	0.02820	0.00631	0.00181	0.00263	0.01128	0.00465	0.00414
13	0.00668	0.00482	0.00631	0.00634	0.00727	0.00446	0.00460	0.00858	0.01266	0.01767	0.57526	0.24749	0.05639	0.01152	0.00592	0.00167	0.00246	0.01027	0.00517	0.00446
14	0.01015	0.01670	0.39138	0.10958	0.12197	0.01023	0.03485	0.01482	0.04776	0.03960	0.07621	0.04386	0.01241	0.00603	0.00503	0.00161	0.00607	0.04215	0.00289	0.00669
15	0.03197	0.01293	0.06159	0.01834	0.02301	0.01163	0.61250	0.01614	0.01156	0.09122	0.01120	0.03886	0.00857	0.00480	0.00581	0.00166	0.02285	0.00577	0.00288	0.00669
16	0.00612	0.00454	0.00571	0.00638	0.00707	0.00413	0.00442	0.00730	0.01052	0.01390	0.16184	0.54247	0.17978	0.01393	0.00610	0.00186	0.00269	0.01242	0.00471	0.00413
17	0.01787	0.02261	0.01400	0.01268	0.01505	0.75666	0.00958	0.01912	0.01352	0.01201	0.00752	0.00898	0.00634	0.00529	0.00518	0.00132	0.06085	0.00324	0.00251	0.00568
18	0.00928	0.00873	0.01474	0.81548	0.03385	0.01092	0.01365	0.01256	0.00983	0.01256	0.00873	0.01310	0.00655	0.00491	0.00491	0.00164	0.00655	0.00437	0.00218	0.00546
19	0.01399	0.00905	0.03145	0.00870	0.01158	0.00886	0.00708	0.07648	0.27277	0.24849	0.16804	0.02304	0.08381	0.00750	0.00519	0.00158	0.00377	0.00627	0.00527	0.00708
20	0.00695	0.00470	0.00592	0.00653	0.00735	0.00424	0.00454	0.00800	0.01023	0.06038	0.05663	0.58041	0.19786	0.01402	0.00608	0.00188	0.00283	0.01248	0.00468	0.00431
21	0.00829	0.00641	0.00752	0.00727	0.00887	0.00634	0.01916	0.04698	0.15049	0.03854	0.10340	0.28416	0.27057	0.01149	0.00574	0.00174	0.00313	0.01000	0.00474	0.00516
22	0.01642	0.02039	0.01785	0.01548	0.05726	0.57635	0.19450	0.01846	0.01323	0.01312	0.00824	0.01008	0.00667	0.00481	0.00478	0.00137	0.00857	0.00386	0.00252	0.00603
23	0.08797	0.00916	0.01018	0.00836	0.01116	0.04733	0.00667	0.16657	0.01501	0.28876	0.23023	0.02114	0.03153	0.03689	0.00573	0.00163	0.00410	0.00581	0.00510	0.00669
24	0.00617	0.00440	0.00591	0.00705	0.00741	0.00415	0.00487	0.00715	0.00959	0.01275	0.02699	0.75288	0.03211	0.01523	0.00632	0.00202	0.00301	0.08341	0.00456	0.00404
25	0.14342	0.01091	0.01218	0.00954	0.01307	0.01154	0.02478	0.38747	0.01720	0.22418	0.01334	0.01311	0.00924	0.00569	0.00453	0.00147	0.00464	0.00434	0.08181	0.00753
26	0.05741	0.01302	0.18641	0.01106	0.05184	0.00939	0.02933	0.08238	0.04402	0.27536	0.02650	0.01336	0.00966	0.00519	0.00458	0.00138	0.00498	0.00421	0.00404	0.16589
27	0.01275	0.40635	0.22665	0.01266	0.06486	0.08528	0.07228	0.04170	0.01108	0.01392	0.00798	0.00944	0.00654	0.00446	0.00404	0.00129	0.00638	0.00336	0.00228	0.00669
28	0.00848	0.00708	0.00861	0.00814	0.00869	0.05073	0.00607	0.00957	0.00805	0.01129	0.01247	0.02105	0.01261	0.27153	0.33517	0.00516	0.15986	0.00552	0.04571	0.00422
29	0.05622	0.01086	0.01418	0.04129	0.10203	0.04701	0.08926	0.12415	0.07304	0.04179	0.03350	0.05613	0.01082	0.00592	0.00559	0.00143	0.06701	0.01818	0.00345	0.19816
30	0.01075	0.01075	0.01505	0.01290	0.01290	0.01505	0.01075	0.01183	0.00753	0.01183	0.00645	0.01075	0.00645	0.00860	0.01613	0.00215	0.81830	0.00430	0.00215	0.00538
31	0.00601	0.00429	0.00572	0.00683	0.00713	0.00401	0.00456	0.00690	0.00951	0.01271	0.04477	0.80594	0.03282	0.01527	0.00626	0.00199	0.00284	0.01385	0.00458	0.00401
32	0.01557	0.10673	0.06371	0.02933	0.01707	0.14808	0.13806	0.15639	0.01417	0.06507	0.01225	0.03301	0.01034	0.04642	0.06473	0.00240	0.06064	0.00513	0.00370	0.00721
33	0.01075	0.10559	0.68717	0.01320	0.01999	0.01203	0.01667	0.01587	0.01051	0.05149	0.00911	0.01042	0.00651	0.00469	0.00453	0.00150	0.00692	0.00359	0.00226	0.00722
34	0.00909	0.00604	0.00732	0.00678	0.00840	0.00571	0.00514	0.06833	0.03109	0.09356	0.35502	0.13350	0.19005	0.03340	0.00625	0.00173	0.00299	0.02543	0.00506	0.00512
35	0.01064	0.21639	0.61768	0.01268	0.01922	0.01332	0.01584	0.01536	0.01028	0.01461	0.00835	0.00978	0.00624	0.00456	0.00431	0.00144	0.00679	0.00339	0.00208	0.00704
36	0.00843	0.00689	0.00811	0.00733	0.00924	0.00692	0.02673	0.04016	0.20123	0.01828	0.33381	0.03389	0.26046	0.00963	0.00558	0.00161	0.00303	0.00828	0.00496	0.00544
37	0.01314	0.83025	0.02575	0.00841	0.01261	0.01945	0.00841	0.01472	0.00999	0.01156	0.00683	0.00788	0.00631	0.00420	0.00315	0.00105	0.00526	0.00263	0.00210	0.00631
38	0.00720	0.00546	0.00715	0.00720	0.00801	0.01938	0.00530	0.01993	0.00909	0.01251	0.09471	0.13370	0.05846	0.14466	0.43817	0.00548	0.00872	0.00729	0.00335	0.00422
39	0.01615	0.34697	0.01998	0.01209	0.03619	0.31875	0.04505	0.06080	0.06910	0.01469	0.00952	0.01091	0.00804	0.00543	0.00446	0.00142	0.00700	0.00366	0.00298	0.00682
40	0.01060	0.00882	0.01030	0.00738	0.01173	0.00672	0.00592	0.02634	0.01051	0.03336	0.00902	0.01036	0.00740	0.00373	0.00369	0.00076	0.00368	0.00298	0.00302	0.82367
41	0.00928	0.00873	0.01474	0.81548	0.03385	0.01092	0.01365	0.01256	0.00983	0.01256	0.00873	0.01310	0.00655	0.00491	0.00491	0.00164	0.00655	0.00437	0.00218	0.00546
42	0.01058	0.01049	0.01466	0.01259	0.01265	0.01458	0.01047	0.01171	0.00782	0.01219	0.04247	0.01194	0.00828	0.00867	0.01565	0.00212	0.78098	0.00451	0.00230	0.00534
43	0.00998	0.05466	0.77363	0.01380	0.02095	0.01170	0.01780	0.01553	0.01036	0.01542	0.00875	0.01028	0.00623	0.00465	0.00461	0.00154	0.00719	0.00359	0.00208	0.00723
44	0.02197	0.00849	0.01149	0.00881	0.01261	0.00742	0.00727	0.04238	0.01429	0.78130	0.01920	0.01661	0.01207	0.00608	0.00494	0.00152	0.00421	0.00493	0.00605	0.00836
45	0.00747	0.00502	0.00562	0.00553	0.00564	0.00506	0.00316	0.02880	0.00759	0.01013	0.01538	0.03159	0.01760	0.80429	0.02445	0.00467	0.00478	0.00707	0.00303	0.00313
46	0.00854	0.00427	0.00640	0.00640	0.00640	0.00427	0.00427	0.00640	0.00640	0.00854	0.00854	0.01494	0.00854	0.01707	0.01921	0.85702	0.00427	0.00427	0.00213	0.00213
47	0.01471	0.00763	0.00925	0.00772	0.00989	0.00746	0.00575	0.10420	0.06611	0.32526	0.03008	0.02283	0.01480	0.33734	0.01305	0.00283	0.00451	0.00588	0.00461	0.00609
48	0.00671	0.00483	0.00635	0.00635	0.00729	0.00447	0.00462	0.00865	0.01275	0.01786	0.59608	0.23994	0.04279	0.01143	0.00592	0.00166	0.00246	0.01020	0.00519	0.00447
49	0.86201	0.00950	0.00722	0.00646	0.00950	0.01102	0.00532	0.01445	0.00836	0.02205	0.00684	0.00798	0.00532	0.00456	0.00304	0.00152	0.00380	0.00266	0.00304	0.00532
50	0.82314	0.00960	0.00780	0.00755	0.04550	0.01105	0.00577	0.01447	0.00849	0.02177	0.00695	0.00817	0.00543	0.00455	0.00312	0.00152	0.00389	0.00274	0.00301	0.00543
51	0.00617	0.00501	0.00549	0.00541	0.00692	0.00432	0.00409	0.00774	0.01193	0.01504	0.24896	0.04468	0.57251	0.01183	0.00583	0.00165	0.00250	0.03083	0.00479	0.00429
52	0.01209	0.22059	0.07387	0.01298	0.09778	0.09613	0.11021	0.02862	0.01102	0.04098	0.04539	0.01299	0.00970	0.00981	0.13119	0.00234	0.00720	0.00419	0.00272	0.07019
53	0.01114	0.00897	0.01047	0.00755	0.01187	0.00702	0.00606	0.05175	0.01101	0.05123	0.00936	0.01056	0.00755	0.00386	0.00376	0.00080	0.00375	0.00308	0.00315	0.77705
54	0.01029	0.00883	0.01024	0.00742	0.01170	0.00684	0.00592	0.01307	0.04955	0.01624	0.00930	0.01060	0.00767	0.00379	0.00371	0.00078	0.00365	0.00305	0.00302	0.81434
55	0.05011	0.04045	0.01790	0.06495	0.54093	0.03644	0.02471	0.05504	0.03425	0.03470	0.01048	0.04919	0.00898	0.00511	0.00480	0.00149	0.00564	0.00471	0.00282	0.00729
56	0.01324	0.01535	0.01153	0.07709	0.04861	0.44086	0.00845	0.01461	0.01197	0.01242	0.01422	0.27964	0.01509	0.00845	0.00510	0.00155	0.00655	0.00690	0.00317	0.00520
57	0.00687	0.00501	0.00638	0.00605	0.00720	0.00460	0.00449	0.00900	0.01339	0.01873	0.69810	0.03738	0.10694	0.04639	0.00665	0.00170	0.00244	0.00893	0.00523	0.00452
58	0.00878	0.00904	0.06420	0.19336	0.08250	0.00829	0.13207	0.01181	0.01202	0.01654	0.33583	0.02448	0.06595	0.00726	0.00545	0.00158	0.00485	0.00674	0.00371	0.00554
59	0.01298	0.01318	0.01882	0.07446	0.61512	0.12109	0.02486	0.03257	0.01175	0.01562	0.00905	0.01177	0.00752	0.00454	0.00482	0.00145	0.00632	0.00423	0.00249	0.00735
60	0.04323	0.01022	0.01170	0.01015	0.04808	0.01072	0.03550	0.39953	0.01715	0.02283	0.02463	0.02547	0.26862	0.00823	0.00526	0.00158	0.00447	0.04152	0.00451	0.00659
61	0.01122	0.01061	0.01798	0.17535	0.59541	0.01101	0.01413	0.01409	0.01086	0.01520	0.01044	0.05115	0.00927	0.00525	0.00499	0.00154	0.00580	0.02608	0.00254	0.00708

[dist]
# distance from previous block
# <min> <max>
0	2

[block]
# block no. 3 follows, 51 sequences, length 13
# corresponding to MSA columns:
# 334-346
name=unknown_D
#
# <colnr> <probs for GDERKNQSTAVLIFYWHMCP>
#	G	D	E	R	K	N	Q	S	T	A	V	L	I	F	Y	W	H	M	C	P
0	0.01256	0.03507	0.37298	0.01794	0.23997	0.09105	0.01493	0.11144	0.02764	0.01729	0.00937	0.01102	0.00712	0.00481	0.00471	0.00148	0.00668	0.00391	0.00263	0.00738
1	0.60232	0.01149	0.01045	0.01176	0.16293	0.10059	0.00769	0.01515	0.00954	0.01976	0.00739	0.00889	0.00591	0.00458	0.00355	0.00148	0.00477	0.00305	0.00287	0.00584
2	0.01093	0.00976	0.04211	0.25189	0.05114	0.01037	0.05234	0.12996	0.09935	0.01792	0.08496	0.02829	0.04673	0.00648	0.00546	0.00159	0.04029	0.01639	0.08789	0.00613
3	0.06346	0.10246	0.32643	0.01723	0.25804	0.01174	0.01393	0.01608	0.01086	0.10024	0.00976	0.01120	0.00733	0.00465	0.00448	0.00145	0.00598	0.00382	0.00270	0.02817
4	0.00837	0.00438	0.00657	0.00657	0.00667	0.00448	0.00448	0.00667	0.00657	0.00886	0.00905	0.01543	0.00896	0.01928	0.10735	0.76212	0.00526	0.00438	0.00219	0.00239
5	0.01142	0.01096	0.02239	0.01655	0.02038	0.01027	0.54177	0.01461	0.01114	0.07979	0.01321	0.07308	0.01163	0.09748	0.00795	0.00204	0.00702	0.03914	0.00307	0.00609
6	0.01156	0.01151	0.04508	0.02732	0.69226	0.01100	0.01427	0.01446	0.01117	0.01583	0.01206	0.01599	0.04728	0.00524	0.00500	0.00151	0.00566	0.04273	0.00263	0.00743
7	0.01211	0.20387	0.27699	0.01410	0.09445	0.10179	0.08921	0.01538	0.01085	0.03499	0.00946	0.04551	0.00794	0.00552	0.01582	0.00150	0.02303	0.00414	0.00246	0.03088
8	0.00976	0.14096	0.09846	0.01120	0.09908	0.00961	0.01877	0.02917	0.01001	0.03997	0.01559	0.04815	0.06610	0.06801	0.22444	0.00349	0.02209	0.07656	0.00302	0.00555
9	0.01999	0.00923	0.01320	0.01302	0.16528	0.00842	0.00884	0.05331	0.01388	0.61583	0.01710	0.01564	0.01116	0.00574	0.00493	0.00151	0.00455	0.00481	0.00532	0.00825
10	0.01472	0.16050	0.01622	0.01408	0.13750	0.35693	0.00996	0.05989	0.01263	0.01394	0.01013	0.01493	0.00929	0.00678	0.02642	0.00159	0.03716	0.08842	0.00279	0.00611
11	0.01259	0.47793	0.26698	0.01090	0.01591	0.09488	0.03141	0.01549	0.01054	0.01296	0.00761	0.00890	0.00631	0.00443	0.00382	0.00125	0.00632	0.00308	0.00215	0.00655
12	0.01354	0.01145	0.01218	0.00957	0.03440	0.06443	0.00746	0.26080	0.01464	0.02057	0.00966	0.01067	0.00758	0.00449	0.00414	0.00103	0.00463	0.00346	0.00352	0.50178

[dist]
# distance from previous block
# <min> <max>
0	1

[block]
# block no. 4 follows, 51 sequences, length 26
# corresponding to MSA columns:
# 348-373
name=unknown_E
#
# <colnr> <probs for GDERKNQSTAVLIFYWHMCP>
#	G	D	E	R	K	N	Q	S	T	A	V	L	I	F	Y	W	H	M	C	P
0	0.00763	0.00561	0.00737	0.00703	0.00821	0.00586	0.00536	0.05425	0.01130	0.01582	0.30370	0.02825	0.09070	0.06225	0.34177	0.00436	0.00717	0.00706	0.02168	0.00463
1	0.01371	0.74150	0.02445	0.00888	0.01290	0.10614	0.00853	0.01526	0.01042	0.01161	0.00692	0.00799	0.00631	0.00430	0.00329	0.00107	0.00565	0.00269	0.00215	0.00624
2	0.00928	0.00873	0.01474	0.81548	0.03385	0.01092	0.01365	0.01256	0.00983	0.01256	0.00873	0.01310	0.00655	0.00491	0.00491	0.00164	0.00655	0.00437	0.00218	0.00546
3	0.00999	0.00987	0.00931	0.01010	0.08160	0.18620	0.00658	0.01118	0.01043	0.01275	0.01806	0.32828	0.04228	0.12734	0.00813	0.00204	0.00486	0.02012	0.00350	0.09738
4	0.00695	0.00514	0.00632	0.00660	0.00766	0.00482	0.00510	0.00852	0.01111	0.01453	0.20828	0.06471	0.23506	0.15380	0.00945	0.00236	0.00347	0.23747	0.00447	0.00417
5	0.01160	0.01326	0.02900	0.02071	0.02568	0.01243	0.77879	0.01574	0.01160	0.01574	0.00994	0.01326	0.00746	0.00414	0.00580	0.00166	0.00829	0.00580	0.00249	0.00663
6	0.00703	0.00524	0.00777	0.00777	0.00861	0.00607	0.00599	0.00869	0.00786	0.01131	0.01328	0.01994	0.01256	0.07614	0.76892	0.00774	0.01275	0.00536	0.00265	0.00432
7	0.01123	0.00909	0.01114	0.09159	0.07553	0.00987	0.00807	0.17245	0.21061	0.02052	0.21698	0.04903	0.07761	0.00772	0.00527	0.00159	0.00409	0.00659	0.00455	0.00647
8	0.75275	0.00981	0.00805	0.00697	0.01012	0.01120	0.00575	0.07909	0.00986	0.05850	0.00783	0.00870	0.00589	0.00474	0.00329	0.00152	0.00395	0.00291	0.00334	0.00572
9	0.01372	0.01302	0.08371	0.03563	0.38673	0.03571	0.05420	0.10695	0.08991	0.09074	0.01142	0.01294	0.00872	0.00511	0.00524	0.00152	0.02930	0.00453	0.00328	0.00762
10	0.01019	0.00873	0.01019	0.00728	0.01165	0.00655	0.00582	0.01237	0.01019	0.01601	0.00873	0.01019	0.00728	0.00364	0.00364	0.00073	0.00364	0.00291	0.00291	0.85734
11	0.00711	0.00526	0.00748	0.00762	0.00831	0.00591	0.00576	0.00854	0.00818	0.01149	0.01561	0.09296	0.01606	0.15692	0.53278	0.00631	0.02865	0.06792	0.00299	0.00417
12	0.00637	0.00460	0.00610	0.00709	0.00765	0.00433	0.00511	0.00757	0.01009	0.01336	0.07087	0.60479	0.07265	0.01462	0.00631	0.00200	0.00310	0.14466	0.00460	0.00413
13	0.01972	0.00886	0.01125	0.00881	0.01231	0.00832	0.00721	0.12695	0.05353	0.57748	0.04972	0.01704	0.01320	0.00623	0.00489	0.00150	0.00415	0.00504	0.05584	0.00796
14	0.00602	0.00448	0.00562	0.00641	0.00704	0.00407	0.00440	0.00707	0.01012	0.01325	0.09068	0.60432	0.18982	0.01438	0.00614	0.00189	0.00274	0.01284	0.00463	0.00407
15	0.00928	0.00873	0.01474	0.81548	0.03385	0.01092	0.01365	0.01256	0.00983	0.01256	0.00873	0.01310	0.00655	0.00491	0.00491	0.00164	0.00655	0.00437	0.00218	0.00546
16	0.01079	0.01087	0.01569	0.01326	0.01349	0.01493	0.04600	0.01201	0.00771	0.01201	0.00661	0.01087	0.00650	0.00840	0.01565	0.00213	0.78112	0.00437	0.00217	0.00543
17	0.01022	0.01054	0.05301	0.37526	0.24938	0.01110	0.06869	0.01330	0.01039	0.01424	0.04826	0.03264	0.00953	0.00547	0.00587	0.00163	0.06687	0.00488	0.00249	0.00622
18	0.01159	0.01199	0.01474	0.03787	0.14227	0.15360	0.07946	0.03007	0.01025	0.01321	0.01111	0.11430	0.01120	0.09205	0.01037	0.00205	0.23979	0.00575	0.00274	0.00559
19	0.01040	0.01060	0.01980	0.01451	0.01867	0.00940	0.42508	0.01347	0.01085	0.01541	0.01181	0.11931	0.01071	0.00546	0.00516	0.00140	0.00606	0.00594	0.00290	0.28307
20	0.00598	0.00430	0.00568	0.00677	0.00711	0.00400	0.00453	0.00685	0.00947	0.01257	0.02792	0.79563	0.06042	0.01529	0.00626	0.00198	0.00284	0.01384	0.00456	0.00400
21	0.04189	0.17351	0.13888	0.01226	0.06938	0.01232	0.09020	0.08390	0.09595	0.12683	0.01193	0.02365	0.00904	0.00514	0.00446	0.00140	0.00536	0.00427	0.03045	0.05916
22	0.01131	0.00918	0.01059	0.00780	0.01193	0.00762	0.00625	0.08729	0.04940	0.03805	0.03543	0.01177	0.00916	0.00428	0.00393	0.00089	0.00379	0.00343	0.00337	0.68454
23	0.00763	0.00439	0.00604	0.00630	0.00640	0.00431	0.00410	0.00674	0.00749	0.01003	0.04032	0.20627	0.01714	0.17252	0.01688	0.46646	0.00397	0.00722	0.00297	0.00281
24	0.01149	0.01141	0.11141	0.01994	0.41305	0.00959	0.01208	0.01482	0.04714	0.08776	0.05673	0.11135	0.03425	0.00677	0.00515	0.00158	0.00510	0.03001	0.00337	0.00696
25	0.05866	0.10574	0.11100	0.01069	0.01452	0.10389	0.02922	0.15370	0.22140	0.08020	0.02649	0.01320	0.01016	0.00556	0.00456	0.00145	0.00539	0.00430	0.00387	0.03601

[dist]
# distance from previous block
# <min> <max>
9	17

[block]
# block no. 5 follows, 51 sequences, length 29
# corresponding to MSA columns:
# 392-420
name=unknown_F
#
# <colnr> <probs for GDERKNQSTAVLIFYWHMCP>
#	G	D	E	R	K	N	Q	S	T	A	V	L	I	F	Y	W	H	M	C	P
0	0.00989	0.11765	0.15656	0.40277	0.02381	0.01125	0.01215	0.01372	0.05119	0.02704	0.07753	0.04177	0.02321	0.00579	0.00478	0.00155	0.00579	0.00488	0.00276	0.00592
1	0.00768	0.00539	0.00666	0.00649	0.00702	0.00568	0.00436	0.04924	0.00865	0.01185	0.05588	0.05504	0.01778	0.48828	0.24406	0.00521	0.00698	0.00679	0.00317	0.00379
2	0.01177	0.01366	0.12114	0.20235	0.23529	0.10698	0.01253	0.05624	0.06152	0.01555	0.01086	0.06607	0.00923	0.00555	0.00484	0.00150	0.00610	0.00477	0.00280	0.05128
3	0.00777	0.00632	0.00889	0.00853	0.00913	0.00763	0.00664	0.00918	0.00837	0.01199	0.05608	0.07883	0.02985	0.10959	0.40836	0.00523	0.18393	0.03628	0.00296	0.00444
4	0.01314	0.83025	0.02575	0.00841	0.01261	0.01945	0.00841	0.01472	0.00999	0.01156	0.00683	0.00788	0.00631	0.00420	0.00315	0.00105	0.00526	0.00263	0.00210	0.00631
5	0.01177	0.00846	0.01016	0.00743	0.01153	0.00654	0.00596	0.01392	0.01099	0.13293	0.05640	0.01272	0.01030	0.00438	0.00396	0.00089	0.00364	0.00356	0.00353	0.68093
6	0.00921	0.00760	0.01148	0.41453	0.02154	0.00888	0.00981	0.01217	0.05102	0.05579	0.07255	0.16882	0.06598	0.00813	0.00604	0.00173	0.05907	0.00696	0.00337	0.00531
7	0.01405	0.00981	0.01075	0.00930	0.01216	0.01081	0.00734	0.09049	0.50676	0.14848	0.01873	0.01750	0.01368	0.00640	0.00481	0.00157	0.00389	0.00525	0.10066	0.00757
8	0.00607	0.00441	0.00576	0.00681	0.00725	0.00409	0.00467	0.00703	0.00965	0.01272	0.02886	0.72126	0.09360	0.01506	0.00626	0.00198	0.00291	0.05301	0.00456	0.00403
9	0.86201	0.00950	0.00722	0.00646	0.00950	0.01102	0.00532	0.01445	0.00836	0.02205	0.00684	0.00798	0.00532	0.00456	0.00304	0.00152	0.00380	0.00266	0.00304	0.00532
10	0.00713	0.00510	0.00728	0.00728	0.00792	0.00575	0.00537	0.00830	0.00766	0.01085	0.01341	0.02182	0.01328	0.20456	0.59832	0.05284	0.01089	0.00561	0.00268	0.00397
11	0.01256	0.01041	0.01092	0.03564	0.01231	0.08918	0.00766	0.20237	0.10511	0.05118	0.13566	0.03653	0.09248	0.04073	0.00702	0.00177	0.07406	0.06394	0.00434	0.00613
12	0.01312	0.01061	0.01125	0.04743	0.03356	0.05293	0.00794	0.08530	0.48998	0.06676	0.03435	0.01720	0.01370	0.00633	0.00482	0.00156	0.00428	0.00519	0.08643	0.00727
13	0.07742	0.11517	0.14536	0.01461	0.16666	0.13329	0.01123	0.16390	0.06013	0.01857	0.04156	0.01184	0.00906	0.00518	0.00448	0.00142	0.00596	0.00399	0.00315	0.00700
14	0.00919	0.00841	0.01234	0.01074	0.01128	0.01072	0.05781	0.01044	0.00781	0.01155	0.01005	0.01707	0.01012	0.16835	0.21636	0.00405	0.41133	0.00517	0.00245	0.00476
15	0.01027	0.01040	0.02020	0.41929	0.02846	0.01115	0.34242	0.01385	0.01062	0.01431	0.00974	0.01352	0.00734	0.00464	0.00520	0.00161	0.00701	0.00500	0.05906	0.00590
16	0.01066	0.01065	0.01523	0.01297	0.01314	0.01470	0.03260	0.01184	0.00765	0.01193	0.00676	0.01109	0.00666	0.00937	0.04087	0.00232	0.76964	0.00437	0.00218	0.00538
17	0.32207	0.00832	0.00926	0.00766	0.01081	0.00823	0.00622	0.01860	0.01169	0.42616	0.05575	0.06958	0.01287	0.00638	0.00439	0.00155	0.00386	0.00494	0.00485	0.00678
18	0.01172	0.00976	0.01051	0.00935	0.01193	0.01101	0.00729	0.08402	0.57824	0.02110	0.15119	0.02153	0.03616	0.00730	0.00515	0.00163	0.00372	0.00613	0.00505	0.00722
19	0.01540	0.01661	0.01213	0.01090	0.01347	0.40831	0.00832	0.06917	0.28009	0.01675	0.01292	0.01320	0.01003	0.00573	0.00456	0.00141	0.00631	0.00420	0.08401	0.00648
20	0.00639	0.00497	0.00581	0.00566	0.00701	0.00439	0.00422	0.00816	0.01249	0.01648	0.42315	0.07282	0.38809	0.01136	0.00582	0.00162	0.00242	0.00977	0.00499	0.00439
21	0.01146	0.00869	0.01032	0.00744	0.01174	0.00662	0.00597	0.01361	0.01060	0.09975	0.00987	0.01089	0.00780	0.00390	0.00378	0.00081	0.00370	0.00313	0.00325	0.76667
22	0.86201	0.00950	0.00722	0.00646	0.00950	0.01102	0.00532	0.01445	0.00836	0.02205	0.00684	0.00798	0.00532	0.00456	0.00304	0.00152	0.00380	0.00266	0.00304	0.00532
