[name]
unknown

[dist]
# distance from previous block
# <min> <max>
2	71

[block]
# block no. 0 follows, 46 sequences, length 16
# corresponding to MSA columns:
# 77-92
name=unknown_A
#
# <colnr> <probs for GDERKNQSTAVLIFYWHMCP>
#	G	D	E	R	K	N	Q	S	T	A	V	L	I	F	Y	W	H	M	C	P
0	0.00707	0.00489	0.00625	0.00700	0.00744	0.00466	0.00473	0.00814	0.01035	0.01413	0.10922	0.49751	0.03236	0.16973	0.01049	0.00264	0.00348	0.05338	0.04233	0.00422
1	0.34263	0.00875	0.00948	0.00796	0.01114	0.00880	0.00644	0.01865	0.01248	0.34256	0.12467	0.05509	0.01654	0.00699	0.00472	0.00166	0.00398	0.00543	0.00509	0.00693
2	0.00862	0.00575	0.00721	0.00766	0.00867	0.00547	0.00540	0.06620	0.01177	0.06700	0.02976	0.62091	0.10568	0.01479	0.00649	0.00203	0.00333	0.01321	0.00505	0.00498
3	0.00849	0.00470	0.00659	0.00671	0.00700	0.00454	0.00454	0.00703	0.00795	0.01034	0.01754	0.10026	0.12219	0.01747	0.01721	0.64095	0.00416	0.00657	0.00293	0.00281
4	0.01173	0.00937	0.01016	0.00913	0.01138	0.01029	0.00690	0.12283	0.36450	0.02057	0.09792	0.07863	0.07834	0.13363	0.00895	0.00229	0.00420	0.00743	0.00501	0.00675
5	0.00918	0.00459	0.00689	0.00689	0.00689	0.00459	0.00459	0.00689	0.00689	0.00918	0.00918	0.01607	0.00918	0.01837	0.02066	0.84619	0.00459	0.00459	0.00230	0.00230
6	0.35078	0.00894	0.00961	0.00795	0.01131	0.00895	0.00649	0.01919	0.01253	0.36563	0.09847	0.01801	0.04793	0.00665	0.00464	0.00165	0.00404	0.00505	0.00509	0.00706
7	0.00726	0.00525	0.00614	0.00619	0.00679	0.00518	0.00404	0.00794	0.00897	0.01170	0.02562	0.07131	0.20050	0.45826	0.14820	0.00475	0.00595	0.00851	0.00363	0.00381
8	0.00679	0.00487	0.00617	0.00685	0.00738	0.00455	0.00459	0.00786	0.01071	0.01435	0.15421	0.50632	0.09173	0.13643	0.00968	0.00249	0.00325	0.01271	0.00480	0.00426
9	0.00806	0.10596	0.06248	0.00776	0.00993	0.00787	0.00675	0.01003	0.01051	0.01364	0.05211	0.03066	0.30455	0.02211	0.31915	0.00437	0.00796	0.00741	0.00361	0.00509
10	0.01504	0.20533	0.05174	0.01081	0.01462	0.01549	0.00943	0.25637	0.25927	0.02234	0.01422	0.01450	0.01098	0.00871	0.06621	0.00209	0.00599	0.00472	0.00426	0.00788
11	0.01706	0.01569	0.01444	0.01280	0.04971	0.18858	0.00968	0.28921	0.28197	0.02374	0.01455	0.01441	0.01094	0.00630	0.00517	0.00159	0.00605	0.00484	0.00457	0.02869
12	0.01383	0.01221	0.01620	0.01325	0.01575	0.01445	0.09472	0.14220	0.26086	0.03595	0.01344	0.01483	0.01056	0.00733	0.00953	0.00190	0.28038	0.00524	0.00396	0.03339
13	0.05300	0.00984	0.01220	0.07386	0.12442	0.03645	0.00882	0.10658	0.09165	0.11453	0.18618	0.02394	0.09744	0.00867	0.02761	0.00185	0.00488	0.00654	0.00466	0.00688
14	0.07120	0.13428	0.01418	0.00996	0.01311	0.09061	0.00808	0.13250	0.20093	0.07547	0.01412	0.01578	0.01134	0.06343	0.08415	0.00244	0.00624	0.00476	0.00408	0.04335
15	0.07544	0.05416	0.09213	0.04630	0.01469	0.01105	0.04382	0.06704	0.03799	0.04513	0.07451	0.07801	0.07023	0.00770	0.00713	0.00167	0.13836	0.00593	0.00364	0.12507

[dist]
# distance from previous block
# <min> <max>
14	25

[block]
# block no. 1 follows, 46 sequences, length 16
# corresponding to MSA columns:
# 119-134
name=unknown_B
#
# <colnr> <probs for GDERKNQSTAVLIFYWHMCP>
#	G	D	E	R	K	N	Q	S	T	A	V	L	I	F	Y	W	H	M	C	P
0	0.17198	0.01324	0.07210	0.01081	0.01385	0.13048	0.04421	0.10125	0.03954	0.04623	0.01144	0.01409	0.00936	0.01544	0.23360	0.00359	0.02997	0.00447	0.00335	0.03100
1	0.01288	0.01373	0.02007	0.25117	0.21347	0.12975	0.15641	0.01588	0.01166	0.01491	0.00930	0.01289	0.00751	0.00548	0.00681	0.00172	0.10226	0.00479	0.00253	0.00676
2	0.01244	0.01355	0.04068	0.05050	0.12124	0.06795	0.17585	0.01482	0.01023	0.01440	0.00841	0.01231	0.00736	0.00706	0.01162	0.00199	0.41573	0.00489	0.00246	0.00651
3	0.01030	0.01501	0.26717	0.01065	0.01432	0.07738	0.01077	0.06221	0.01302	0.01775	0.21840	0.07648	0.05661	0.01251	0.11135	0.00259	0.00671	0.00675	0.00382	0.00618
4	0.18895	0.01229	0.05946	0.01076	0.01350	0.01331	0.00918	0.27582	0.01436	0.02225	0.01065	0.01390	0.00892	0.06548	0.09534	0.00275	0.16810	0.00459	0.00367	0.00672
5	0.00663	0.00489	0.00605	0.00674	0.00743	0.00448	0.00459	0.00773	0.01086	0.01426	0.11867	0.50330	0.18594	0.08259	0.00829	0.00227	0.00310	0.01300	0.00487	0.00432
6	0.00655	0.00486	0.00615	0.00713	0.00780	0.00446	0.00499	0.00767	0.01066	0.01383	0.03399	0.60163	0.18523	0.01578	0.00669	0.00209	0.00312	0.06808	0.00490	0.00437
7	0.01204	0.01330	0.02751	0.02007	0.02434	0.01321	0.61112	0.01576	0.01157	0.01593	0.01058	0.01523	0.00861	0.05816	0.00909	0.00207	0.11595	0.00612	0.00266	0.00669
8	0.01206	0.01151	0.01960	0.28769	0.53404	0.01229	0.01571	0.01532	0.01155	0.01602	0.00976	0.01342	0.00793	0.00490	0.00525	0.00163	0.00653	0.00471	0.00253	0.00754
9	0.00642	0.00467	0.00607	0.00719	0.00762	0.00431	0.00483	0.00738	0.01029	0.01356	0.03128	0.74415	0.10020	0.01628	0.00670	0.00212	0.00303	0.01469	0.00491	0.00431
10	0.41862	0.00821	0.00745	0.00667	0.00949	0.00849	0.00535	0.01389	0.01098	0.12233	0.02676	0.02595	0.30110	0.00836	0.00468	0.00169	0.00361	0.00635	0.00433	0.00568
11	0.01213	0.00879	0.05558	0.00820	0.01042	0.00782	0.00656	0.14600	0.01397	0.12776	0.17214	0.06595	0.08925	0.23828	0.01177	0.00267	0.00448	0.00763	0.00475	0.00586
12	0.06826	0.06956	0.01966	0.01483	0.01778	0.18627	0.24428	0.01579	0.01129	0.01472	0.00955	0.01297	0.00813	0.01098	0.12873	0.00276	0.15082	0.00478	0.00266	0.00618
13	0.14526	0.15031	0.14211	0.01161	0.01642	0.01211	0.11085	0.01986	0.01245	0.30951	0.01329	0.01333	0.00917	0.00542	0.00475	0.00158	0.00576	0.00441	0.00410	0.00768
14	0.01498	0.07016	0.04868	0.23289	0.12453	0.31034	0.01262	0.05240	0.01302	0.01475	0.00889	0.01153	0.00719	0.00548	0.00562	0.00156	0.05208	0.00405	0.00265	0.00659
15	0.01215	0.21615	0.13739	0.31276	0.02430	0.01469	0.04009	0.03319	0.01099	0.04240	0.00915	0.01205	0.00722	0.00556	0.00623	0.00165	0.10072	0.00418	0.00254	0.00662

[dist]
# distance from previous block
# <min> <max>
1	41

[block]
# block no. 2 follows, 46 sequences, length 6
# corresponding to MSA columns:
# 176-181
name=unknown_C
#
# <colnr> <probs for GDERKNQSTAVLIFYWHMCP>
#	G	D	E	R	K	N	Q	S	T	A	V	L	I	F	Y	W	H	M	C	P
0	0.01706	0.01548	0.09046	0.01154	0.01512	0.15831	0.00983	0.32676	0.01784	0.11337	0.01544	0.15582	0.01350	0.00790	0.00543	0.00166	0.00606	0.00633	0.00458	0.00749
1	0.46357	0.01362	0.15492	0.00945	0.01355	0.01200	0.00901	0.01910	0.17874	0.06308	0.01162	0.01204	0.00861	0.00552	0.00418	0.00168	0.00483	0.00388	0.00372	0.00688
2	0.20553	0.01163	0.01108	0.18426	0.01704	0.14978	0.00838	0.01422	0.01118	0.01653	0.01467	0.08090	0.08482	0.00670	0.00469	0.00151	0.00547	0.00524	0.00324	0.16314
3	0.05908	0.00702	0.00800	0.00765	0.00929	0.00726	0.00571	0.01410	0.19844	0.01952	0.35633	0.14539	0.08642	0.04389	0.00678	0.00192	0.00321	0.00911	0.00526	0.00565
4	0.01270	0.01346	0.01665	0.49084	0.16376	0.18501	0.01396	0.01567	0.01181	0.01405	0.00922	0.01291	0.00723	0.00522	0.00516	0.00164	0.00746	0.00441	0.00248	0.00637
5	0.00796	0.00561	0.00642	0.00623	0.00682	0.00558	0.00398	0.03842	0.00965	0.01280	0.08610	0.03538	0.12480	0.54973	0.07516	0.00447	0.00523	0.00806	0.00372	0.00387

[dist]
# distance from previous block
# <min> <max>
0	1

[block]
# block no. 3 follows, 46 sequences, length 8
# corresponding to MSA columns:
# 183-190
name=unknown_D
#
# <colnr> <probs for GDERKNQSTAVLIFYWHMCP>
#	G	D	E	R	K	N	Q	S	T	A	V	L	I	F	Y	W	H	M	C	P
0	0.00908	0.00555	0.00727	0.00712	0.00830	0.00511	0.00513	0.01081	0.01284	0.10733	0.38896	0.27819	0.03824	0.08165	0.00808	0.00211	0.00314	0.01061	0.00539	0.00509
1	0.01321	0.01177	0.01786	0.20398	0.38277	0.01225	0.01354	0.13549	0.01362	0.01898	0.01019	0.01297	0.00809	0.00500	0.00508	0.00151	0.00607	0.00450	0.00305	0.12008
2	0.01160	0.01017	0.01278	0.01218	0.13641	0.00875	0.00815	0.01576	0.11295	0.01789	0.01111	0.01248	0.00903	0.00448	0.00432	0.00104	0.00433	0.00377	0.00335	0.59945
3	0.01356	0.14164	0.01726	0.01210	0.01571	0.01459	0.10943	0.06120	0.51046	0.02042	0.01735	0.01683	0.01319	0.00634	0.00517	0.00167	0.00513	0.00544	0.00451	0.00798
4	0.07862	0.01278	0.01906	0.01695	0.13920	0.04192	0.21912	0.16422	0.03193	0.08917	0.01246	0.04817	0.00985	0.00567	0.00531	0.00159	0.00630	0.00534	0.00378	0.08857
5	0.14647	0.01245	0.01302	0.03218	0.04363	0.06577	0.00883	0.25280	0.11780	0.15442	0.01615	0.01596	0.05535	0.00664	0.00545	0.00166	0.03400	0.00500	0.00472	0.00772
6	0.24926	0.01238	0.01355	0.01546	0.22622	0.09288	0.00960	0.08008	0.03888	0.02012	0.03172	0.04482	0.00995	0.00561	0.00454	0.00149	0.00531	0.00443	0.00340	0.13029
7	0.01259	0.01017	0.01297	0.11852	0.12631	0.03114	0.00941	0.16364	0.04567	0.05109	0.07120	0.14030	0.06132	0.00798	0.00544	0.00161	0.00494	0.00687	0.00417	0.11465

[dist]
# distance from previous block
# <min> <max>
2	21

[block]
# block no. 4 follows, 46 sequences, length 18
# corresponding to MSA columns:
# 212-229
name=unknown_E
#
# <colnr> <probs for GDERKNQSTAVLIFYWHMCP>
#	G	D	E	R	K	N	Q	S	T	A	V	L	I	F	Y	W	H	M	C	P
0	0.01074	0.00799	0.00916	0.00819	0.01037	0.00790	0.00611	0.11004	0.11644	0.04838	0.02289	0.20063	0.10846	0.12839	0.04880	0.00251	0.00458	0.00823	0.00446	0.13574
1	0.01389	0.07715	0.01444	0.01343	0.13024	0.28454	0.00910	0.01594	0.01318	0.01585	0.12875	0.01662	0.04578	0.00607	0.00483	0.00131	0.00611	0.00476	0.00333	0.19469
2	0.07622	0.33608	0.09324	0.00883	0.01213	0.01278	0.00839	0.01355	0.01121	0.03820	0.11122	0.10495	0.02904	0.05442	0.00605	0.00176	0.00490	0.06756	0.00351	0.00598
3	0.15061	0.02767	0.00912	0.00782	0.00934	0.00801	0.00584	0.11199	0.01053	0.06494	0.03301	0.01501	0.00999	0.01319	0.01387	0.49232	0.00463	0.00448	0.00324	0.00439
4	0.01437	0.31112	0.33190	0.01212	0.01774	0.09619	0.01334	0.04877	0.01232	0.08270	0.00971	0.01068	0.00739	0.00507	0.00444	0.00144	0.00684	0.00362	0.00280	0.00742
5	0.03846	0.01290	0.01442	0.01386	0.12572	0.08061	0.00972	0.30491	0.07078	0.14739	0.11178	0.01714	0.01502	0.00665	0.00532	0.00160	0.00542	0.00538	0.00490	0.00801
6	0.00671	0.00537	0.00635	0.00645	0.00779	0.00510	0.00480	0.00811	0.01066	0.01344	0.03838	0.10316	0.46025	0.05887	0.23605	0.00392	0.00616	0.00971	0.00423	0.00446
7	0.00716	0.00509	0.00684	0.00799	0.00855	0.00490	0.00590	0.00849	0.01059	0.01400	0.02796	0.52871	0.03253	0.06858	0.00825	0.00243	0.00376	0.23908	0.00478	0.00440
8	0.00957	0.00902	0.01690	0.01322	0.01560	0.00858	0.33402	0.01166	0.01017	0.01368	0.01607	0.15053	0.01687	0.33324	0.01466	0.00319	0.00644	0.00824	0.00325	0.00509
9	0.01248	0.44787	0.38275	0.01186	0.01792	0.01688	0.01395	0.01626	0.01094	0.01445	0.00835	0.00973	0.00674	0.00476	0.00415	0.00138	0.00666	0.00333	0.00225	0.00727
10	0.01148	0.08382	0.11122	0.32280	0.13816	0.01329	0.17511	0.01518	0.01116	0.01504	0.00947	0.01303	0.00738	0.00512	0.00587	0.00170	0.04617	0.00477	0.00243	0.00681
11	0.01282	0.19859	0.37897	0.01226	0.01788	0.01381	0.01372	0.01924	0.16002	0.07567	0.01288	0.01447	0.00989	0.00579	0.00483	0.00160	0.00626	0.03034	0.00328	0.00768
12	0.07648	0.26130	0.17024	0.34209	0.02471	0.01468	0.01321	0.01501	0.01062	0.01460	0.00863	0.01137	0.00680	0.00497	0.00450	0.00154	0.00654	0.00383	0.00237	0.00652
13	0.05268	0.10977	0.15720	0.01454	0.18364	0.01004	0.01066	0.01253	0.01072	0.01527	0.01723	0.33229	0.01859	0.02396	0.00586	0.00183	0.00507	0.00843	0.00346	0.00621
14	0.22902	0.01344	0.12742	0.08270	0.31241	0.01156	0.01259	0.01553	0.01087	0.01855	0.00909	0.01145	0.00727	0.00475	0.00453	0.00152	0.00570	0.00391	0.00277	0.11491
15	0.01089	0.00987	0.01273	0.11868	0.19155	0.04156	0.00964	0.10650	0.01338	0.01713	0.02826	0.02878	0.33105	0.00889	0.00627	0.00172	0.04559	0.00736	0.00387	0.00626
16	0.01019	0.00929	0.01273	0.01184	0.04434	0.06837	0.13119	0.07113	0.01240	0.01614	0.02224	0.39827	0.05091	0.01153	0.00622	0.00190	0.00504	0.06551	0.00422	0.04654
17	0.01282	0.08063	0.39346	0.05186	0.01982	0.05285	0.03445	0.11240	0.03979	0.03672	0.01188	0.03398	0.02820	0.00610	0.00592	0.00168	0.06236	0.00465	0.00303	0.00742

[dist]
# distance from previous block
# <min> <max>
7	23

[block]
# block no. 5 follows, 46 sequences, length 35
# corresponding to MSA columns:
# 254-288
name=unknown_F
#
# <colnr> <probs for GDERKNQSTAVLIFYWHMCP>
#	G	D	E	R	K	N	Q	S	T	A	V	L	I	F	Y	W	H	M	C	P
0	0.01098	0.12055	0.30402	0.01076	0.01535	0.06446	0.01152	0.05782	0.03604	0.01701	0.10683	0.02317	0.18508	0.00766	0.00523	0.00160	0.00567	0.00611	0.00355	0.00658
1	0.01600	0.27844	0.11737	0.01033	0.01464	0.01391	0.00989	0.11121	0.05335	0.20877	0.01319	0.01373	0.00985	0.00949	0.09517	0.00226	0.00656	0.00432	0.00393	0.00759
2	0.01432	0.40052	0.30555	0.01132	0.01699	0.01569	0.01272	0.01771	0.01158	0.13368	0.01023	0.01094	0.00773	0.00502	0.00429	0.00141	0.00627	0.00361	0.00291	0.00751
3	0.01042	0.01738	0.34547	0.41307	0.03004	0.01208	0.06784	0.01512	0.01095	0.01512	0.00952	0.01286	0.00696	0.00512	0.00524	0.00173	0.00750	0.00447	0.00232	0.00679
4	0.00852	0.00625	0.00835	0.00936	0.01056	0.00635	0.00781	0.01174	0.07750	0.01592	0.02765	0.20152	0.03007	0.01434	0.00703	0.00232	0.00446	0.54027	0.00492	0.00506
5	0.00849	0.00718	0.01123	0.22217	0.13978	0.00764	0.00940	0.01049	0.01059	0.01415	0.02079	0.45570	0.02319	0.01162	0.00613	0.00196	0.00468	0.02558	0.00386	0.00538
6	0.01281	0.00997	0.01099	0.00967	0.01238	0.01074	0.00779	0.24585	0.21907	0.02322	0.11045	0.03083	0.14844	0.00945	0.00587	0.00181	0.00434	0.11406	0.00525	0.00701
7	0.02164	0.01233	0.01433	0.01099	0.01516	0.01272	0.00908	0.44915	0.02071	0.35362	0.01617	0.01495	0.01074	0.00643	0.00530	0.00161	0.00526	0.00500	0.00582	0.00899
8	0.02090	0.01036	0.07886	0.00968	0.01382	0.00808	0.00856	0.03980	0.01499	0.62624	0.09458	0.01941	0.01608	0.00683	0.00538	0.00164	0.00462	0.00560	0.00607	0.00850
9	0.01117	0.15441	0.66473	0.01410	0.02138	0.01367	0.01785	0.01660	0.01109	0.01605	0.00914	0.01073	0.00671	0.00494	0.00476	0.00159	0.00747	0.00373	0.00224	0.00765
10	0.01046	0.00989	0.01673	0.68215	0.15200	0.01187	0.01492	0.01393	0.01080	0.01409	0.00948	0.01394	0.00725	0.00520	0.00528	0.00173	0.00693	0.00470	0.00239	0.00626
11	0.01248	0.01426	0.03119	0.02228	0.02763	0.01337	0.76203	0.01693	0.01248	0.01693	0.01070	0.01426	0.00802	0.00446	0.00624	0.00178	0.00891	0.00624	0.00267	0.00713
12	0.01663	0.01281	0.01293	0.01095	0.01432	0.08191	0.00868	0.19201	0.39962	0.13622	0.01931	0.01801	0.03852	0.00695	0.00532	0.00168	0.00502	0.00555	0.00528	0.00827
13	0.01233	0.01327	0.02565	0.02169	0.14519	0.01399	0.44295	0.01570	0.01124	0.01587	0.00958	0.01336	0.00779	0.00577	0.00903	0.00189	0.21960	0.00557	0.00257	0.00697
14	0.00755	0.00566	0.00850	0.00850	0.00944	0.00661	0.00661	0.00944	0.00850	0.01227	0.01416	0.02077	0.01322	0.03965	0.79326	0.00850	0.01416	0.00566	0.00283	0.00472
15	0.01060	0.02735	0.78682	0.01507	0.02288	0.01228	0.01953	0.01674	0.01116	0.01674	0.00949	0.01116	0.00670	0.00502	0.00502	0.00167	0.00781	0.00391	0.00223	0.00781
16	0.04878	0.01184	0.01578	0.03066	0.01451	0.01593	0.01120	0.10123	0.01016	0.01564	0.00769	0.01163	0.00713	0.00864	0.01506	0.00219	0.65850	0.00457	0.00271	0.00616
17	0.01103	0.05392	0.63773	0.01601	0.02331	0.01277	0.13857	0.01674	0.01136	0.01662	0.00960	0.01156	0.00691	0.00491	0.00516	0.00167	0.00791	0.00424	0.00230	0.00767
18	0.00644	0.00460	0.00613	0.00736	0.00767	0.00429	0.00491	0.00736	0.01012	0.01350	0.02914	0.81076	0.03497	0.01656	0.00675	0.00215	0.00307	0.01503	0.00491	0.00429
19	0.01204	0.01243	0.02417	0.02490	0.34651	0.01198	0.35720	0.01553	0.01202	0.01668	0.01249	0.10526	0.01127	0.00596	0.00587	0.00173	0.00712	0.00660	0.00291	0.00733
20	0.01076	0.01019	0.01725	0.60965	0.22222	0.01195	0.01507	0.01419	0.01094	0.01445	0.00953	0.01384	0.00738	0.00514	0.00527	0.00171	0.00686	0.00470	0.00242	0.00650
21	0.00828	0.00591	0.00824	0.00946	0.01058	0.00588	0.00810	0.01054	0.01193	0.01555	0.02812	0.14592	0.03095	0.01483	0.00724	0.00240	0.00466	0.66171	0.00487	0.00480
22	0.85155	0.01022	0.00777	0.00695	0.01022	0.01186	0.00573	0.01554	0.00900	0.02372	0.00736	0.00859	0.00573	0.00491	0.00327	0.00164	0.00409	0.00286	0.00327	0.00573
23	0.00717	0.00539	0.00664	0.00633	0.00771	0.00486	0.00474	0.00938	0.01423	0.01946	0.59621	0.04235	0.23320	0.01146	0.00624	0.00169	0.00254	0.00996	0.00559	0.00486
24	0.01096	0.00940	0.01096	0.00783	0.01253	0.00705	0.00626	0.01331	0.01096	0.01723	0.00940	0.01096	0.00783	0.00392	0.00392	0.00078	0.00392	0.00313	0.00313	0.84653
25	0.00870	0.00594	0.00754	0.00696	0.00850	0.00556	0.00528	0.01175	0.05515	0.06749	0.64539	0.03785	0.09248	0.01052	0.00613	0.00168	0.00272	0.00921	0.00578	0.00538
26	0.00671	0.00537	0.00599	0.00584	0.00742	0.00466	0.00438	0.00848	0.01314	0.01686	0.32350	0.04664	0.50753	0.01243	0.00624	0.00174	0.00261	0.01056	0.00525	0.00466
27	0.02070	0.00843	0.01139	0.00891	0.01256	0.00730	0.00727	0.02283	0.01497	0.63753	0.14234	0.02123	0.01884	0.00715	0.00542	0.00161	0.00416	0.00593	0.00632	0.03512
28	0.85155	0.01022	0.00777	0.00695	0.01022	0.01186	0.00573	0.01554	0.00900	0.02372	0.00736	0.00859	0.00573	0.00491	0.00327	0.00164	0.00409	0.00286	0.00327	0.00573
29	0.00630	0.00515	0.00557	0.00590	0.00728	0.00442	0.00426	0.00753	0.01153	0.01407	0.04693	0.25715	0.57709	0.01425	0.00638	0.00188	0.00278	0.01221	0.00491	0.00442
30	0.85155	0.01022	0.00777	0.00695	0.01022	0.01186	0.00573	0.01554	0.00900	0.02372	0.00736	0.00859	0.00573	0.00491	0.00327	0.00164	0.00409	0.00286	0.00327	0.00573
31	0.01096	0.00940	0.01096	0.00783	0.01253	0.00705	0.00626	0.01331	0.01096	0.01723	0.00940	0.01096	0.00783	0.00392	0.00392	0.00078	0.00392	0.00313	0.00313	0.84653
32	0.23668	0.30712	0.06422	0.00969	0.01365	0.04913	0.00887	0.08374	0.13407	0.01911	0.01026	0.01095	0.00820	0.00536	0.00425	0.00147	0.01930	0.00363	0.00332	0.00697
33	0.64522	0.01273	0.00929	0.00835	0.01151	0.13760	0.00668	0.01752	0.07596	0.02185	0.00872	0.00970	0.00680	0.00519	0.00369	0.00161	0.00497	0.00322	0.00337	0.00602
34	0.06183	0.00975	0.01317	0.27652	0.02079	0.01008	0.00982	0.03698	0.01132	0.09870	0.01038	0.01274	0.00796	0.00526	0.00572	0.00141	0.07606	0.00406	0.00323	0.32420

[dist]
# distance from previous block
# <min> <max>
0	1

[block]
# block no. 6 follows, 46 sequences, length 43
# corresponding to MSA columns:
# 290-307,329-353
name=unknown_G
#
# <colnr> <probs for GDERKNQSTAVLIFYWHMCP>
#	G	D	E	R	K	N	Q	S	T	A	V	L	I	F	Y	W	H	M	C	P
0	0.01132	0.01010	0.01531	0.33760	0.18483	0.01033	0.01195	0.01428	0.01107	0.03329	0.00973	0.01286	0.00773	0.00481	0.00505	0.00140	0.02136	0.00419	0.00277	0.29003
1	0.04858	0.00940	0.01143	0.00847	0.01288	0.00770	0.00688	0.03399	0.01272	0.30135	0.01362	0.01350	0.00971	0.00498	0.00444	0.00115	0.00418	0.00396	0.00444	0.48663
2	0.01096	0.00940	0.01096	0.00783	0.01253	0.00705	0.00626	0.01331	0.01096	0.01723	0.00940	0.01096	0.00783	0.00392	0.00392	0.00078	0.00392	0.00313	0.00313	0.84653
3	0.01758	0.01419	0.11171	0.01280	0.08559	0.14210	0.01023	0.02081	0.05134	0.33276	0.10009	0.01745	0.01480	0.00651	0.00550	0.00160	0.02187	0.00521	0.00470	0.02317
4	0.01214	0.02262	0.45050	0.01742	0.02388	0.08903	0.27490	0.01724	0.01199	0.01644	0.00978	0.01207	0.00717	0.00487	0.00542	0.00168	0.00836	0.00466	0.00243	0.00741
5	0.00978	0.00907	0.01513	0.73579	0.03405	0.01119	0.01388	0.01322	0.01093	0.01414	0.07298	0.01619	0.01059	0.00574	0.00536	0.00175	0.00667	0.00510	0.00264	0.00580
6	0.00649	0.00462	0.00612	0.00730	0.00760	0.00433	0.00484	0.00737	0.01003	0.01337	0.02866	0.78107	0.03436	0.04708	0.00752	0.00226	0.00315	0.01475	0.00484	0.00425
7	0.00744	0.00540	0.00700	0.00660	0.00787	0.00497	0.00495	0.00988	0.01485	0.02093	0.75071	0.03993	0.07778	0.01091	0.00624	0.00167	0.00250	0.00962	0.00578	0.00497
8	0.01157	0.01157	0.01619	0.01388	0.01388	0.01619	0.01157	0.01272	0.00810	0.01272	0.00694	0.01157	0.00694	0.00925	0.01735	0.00231	0.80453	0.00463	0.00231	0.00578
9	0.00692	0.00480	0.00599	0.00675	0.00694	0.00461	0.00425	0.00749	0.00918	0.01225	0.02433	0.51207	0.02891	0.32352	0.01451	0.00329	0.00386	0.01220	0.00425	0.00387
10	0.01413	0.81739	0.02770	0.00905	0.01357	0.02092	0.00905	0.01583	0.01074	0.01244	0.00735	0.00848	0.00678	0.00452	0.00339	0.00113	0.00565	0.00283	0.00226	0.00678
11	0.00644	0.00460	0.00613	0.00736	0.00767	0.00429	0.00491	0.00736	0.01012	0.01350	0.02914	0.81076	0.03497	0.01656	0.00675	0.00215	0.00307	0.01503	0.00491	0.00429
12	0.01308	0.01256	0.02146	0.03245	0.78123	0.01256	0.01622	0.01622	0.01204	0.01727	0.00994	0.01308	0.00837	0.00471	0.00523	0.00157	0.00628	0.00471	0.00262	0.00837
13	0.85155	0.01022	0.00777	0.00695	0.01022	0.01186	0.00573	0.01554	0.00900	0.02372	0.00736	0.00859	0.00573	0.00491	0.00327	0.00164	0.00409	0.00286	0.00327	0.00573
14	0.06769	0.00906	0.01203	0.00928	0.01332	0.00799	0.00766	0.02522	0.01481	0.74446	0.02014	0.01749	0.01270	0.00646	0.00521	0.00164	0.00448	0.00519	0.00637	0.00882
15	0.01096	0.00940	0.01096	0.00783	0.01253	0.00705	0.00626	0.01331	0.01096	0.01723	0.00940	0.01096	0.00783	0.00392	0.00392	0.00078	0.00392	0.00313	0.00313	0.84653
16	0.01127	0.00862	0.01039	0.00806	0.01200	0.00675	0.00643	0.01347	0.01129	0.07430	0.01372	0.09376	0.01275	0.00623	0.00458	0.00112	0.00395	0.06585	0.00371	0.63176
17	0.01299	0.01246	0.02128	0.05702	0.75744	0.01253	0.01618	0.01614	0.01199	0.01715	0.00993	0.01312	0.00833	0.00473	0.00524	0.00158	0.00630	0.00471	0.00261	0.00829
18	0.00736	0.00562	0.00684	0.00715	0.00824	0.00539	0.00512	0.01017	0.08634	0.01667	0.24597	0.38332	0.16508	0.01346	0.00638	0.00191	0.00295	0.01192	0.00521	0.00492
19	0.06379	0.01393	0.01487	0.01161	0.01566	0.01539	0.00954	0.61517	0.09424	0.07151	0.01368	0.01342	0.00971	0.00636	0.00519	0.00161	0.00550	0.00480	0.00526	0.00876
20	0.00763	0.00536	0.00698	0.00698	0.00739	0.00578	0.00471	0.00846	0.00805	0.01115	0.01555	0.02847	0.01656	0.47108	0.36640	0.00662	0.00913	0.00679	0.00304	0.00388
21	0.00647	0.00473	0.00601	0.00702	0.00751	0.00435	0.00471	0.00741	0.01027	0.01346	0.03190	0.67287	0.13531	0.05180	0.00758	0.00223	0.00311	0.01417	0.00483	0.00427
22	0.01125	0.01048	0.01755	0.18506	0.48941	0.01090	0.01387	0.01407	0.01139	0.01582	0.01330	0.15728	0.01290	0.00697	0.00552	0.00171	0.00586	0.00657	0.00298	0.00713
23	0.01172	0.01258	0.04237	0.28426	0.16617	0.01265	0.34247	0.01590	0.02870	0.01596	0.01034	0.01404	0.00791	0.00485	0.00569	0.00173	0.00768	0.00538	0.00260	0.00698
24	0.00655	0.00480	0.00619	0.00725	0.00781	0.00443	0.00502	0.00763	0.01051	0.01375	0.03235	0.65949	0.13480	0.01601	0.00672	0.00212	0.00313	0.06219	0.00491	0.00435
25	0.00692	0.00494	0.00668	0.00791	0.00843	0.00471	0.00574	0.00819	0.01059	0.01403	0.02887	0.63760	0.03392	0.01611	0.00688	0.00221	0.00348	0.18347	0.00490	0.00443
26	0.01168	0.00979	0.01127	0.00831	0.01276	0.00801	0.00663	0.07583	0.04637	0.01867	0.01081	0.03541	0.00911	0.00464	0.00418	0.00094	0.00406	0.00375	0.00346	0.71432
27	0.00756	0.00568	0.00717	0.00758	0.00898	0.00530	0.00621	0.00968	0.01289	0.01681	0.23856	0.05155	0.26084	0.01321	0.00670	0.00203	0.00357	0.32576	0.00514	0.00478
28	0.00662	0.00483	0.00627	0.00735	0.00792	0.00449	0.00515	0.00773	0.01055	0.01381	0.03199	0.64643	0.12488	0.01599	0.00674	0.00213	0.00319	0.08466	0.00490	0.00437
29	0.01217	0.01163	0.01981	0.25837	0.56243	0.01232	0.01577	0.01543	0.01161	0.01617	0.00978	0.01338	0.00798	0.00488	0.00525	0.00163	0.00651	0.00471	0.00254	0.00764
30	0.01702	0.01104	0.03134	0.01086	0.02927	0.01131	0.00864	0.04875	0.44859	0.29141	0.02049	0.01856	0.01446	0.00682	0.00534	0.00172	0.00447	0.00563	0.00566	0.00859
31	0.00644	0.00460	0.00613	0.00736	0.00767	0.00429	0.00491	0.00736	0.01012	0.01350	0.02914	0.81076	0.03497	0.01656	0.00675	0.00215	0.00307	0.01503	0.00491	0.00429
32	0.85155	0.01022	0.00777	0.00695	0.01022	0.01186	0.00573	0.01554	0.00900	0.02372	0.00736	0.00859	0.00573	0.00491	0.00327	0.00164	0.00409	0.00286	0.00327	0.00573
33	0.02372	0.00900	0.01227	0.00941	0.01350	0.00777	0.00777	0.02576	0.01513	0.78489	0.02086	0.01799	0.01309	0.00654	0.00532	0.00164	0.00450	0.00532	0.00654	0.00900
34	0.01315	0.01136	0.01195	0.01076	0.01375	0.01315	0.00837	0.02809	0.77168	0.02211	0.02152	0.01972	0.01614	0.00717	0.00538	0.00179	0.00418	0.00598	0.00538	0.00837
35	0.85155	0.01022	0.00777	0.00695	0.01022	0.01186	0.00573	0.01554	0.00900	0.02372	0.00736	0.00859	0.00573	0.00491	0.00327	0.00164	0.00409	0.00286	0.00327	0.00573
36	0.00636	0.00494	0.00579	0.00647	0.00743	0.00437	0.00451	0.00746	0.01098	0.01384	0.03995	0.47414	0.36461	0.01516	0.00653	0.00199	0.00289	0.01331	0.00491	0.00437
37	0.00642	0.00467	0.00606	0.00718	0.00762	0.00431	0.00483	0.00738	0.01030	0.01357	0.03135	0.74187	0.10243	0.01627	0.00670	0.00211	0.00303	0.01468	0.00491	0.00431
38	0.00633	0.00502	0.00570	0.00624	0.00737	0.00439	0.00441	0.00749	0.01120	0.01393	0.04274	0.38750	0.44945	0.01479	0.00647	0.00195	0.00285	0.01287	0.00491	0.00439
39	0.01060	0.02735	0.78682	0.01507	0.02288	0.01228	0.01953	0.01674	0.01116	0.01674	0.00949	0.01116	0.00670	0.00502	0.00502	0.00167	0.00781	0.00391	0.00223	0.00781
40	0.00755	0.00566	0.00850	0.00850	0.00944	0.00661	0.00661	0.00944	0.00850	0.01227	0.01416	0.02077	0.01322	0.03965	0.79326	0.00850	0.01416	0.00566	0.00283	0.00472
41	0.01060	0.02735	0.78682	0.01507	0.02288	0.01228	0.01953	0.01674	0.01116	0.01674	0.00949	0.01116	0.00670	0.00502	0.00502	0.00167	0.00781	0.00391	0.00223	0.00781
42	0.01531	0.80246	0.02822	0.00988	0.01444	0.02138	0.00953	0.01664	0.01152	0.01364	0.00863	0.01025	0.00798	0.00536	0.00395	0.00137	0.00606	0.00326	0.00270	0.00741

[dist]
# distance from previous block
# <min> <max>
0	4

[block]
# block no. 7 follows, 46 sequences, length 8
# corresponding to MSA columns:
# 358-365
name=unknown_H
#
# <colnr> <probs for GDERKNQSTAVLIFYWHMCP>
#	G	D	E	R	K	N	Q	S	T	A	V	L	I	F	Y	W	H	M	C	P
0	0.01002	0.00752	0.00960	0.01034	0.01193	0.00776	0.00874	0.01455	0.15147	0.01755	0.02725	0.05272	0.02818	0.01357	0.00720	0.00242	0.00495	0.60323	0.00516	0.00584
1	0.00835	0.00561	0.00625	0.00622	0.00628	0.00552	0.00351	0.00818	0.00811	0.01088	0.01722	0.03523	0.01970	0.80662	0.02696	0.00521	0.00533	0.00786	0.00342	0.00356
2	0.01096	0.00940	0.01096	0.00783	0.01253	0.00705	0.00626	0.01331	0.01096	0.01723	0.00940	0.01096	0.00783	0.00392	0.00392	0.00078	0.00392	0.00313	0.00313	0.84653
3	0.00759	0.00552	0.00777	0.00777	0.00846	0.00621	0.00570	0.00897	0.00828	0.01173	0.01483	0.02446	0.01482	0.24655	0.58855	0.00760	0.01175	0.00620	0.00293	0.00431
4	0.15367	0.04560	0.23171	0.01187	0.01674	0.04141	0.01175	0.27641	0.11987	0.02408	0.01177	0.01229	0.00863	0.00575	0.00481	0.00162	0.00599	0.00426	0.00391	0.00786
5	0.69891	0.08466	0.01024	0.00776	0.01109	0.08485	0.00644	0.01608	0.00971	0.02170	0.00743	0.00867	0.00592	0.00492	0.00342	0.00156	0.00473	0.00291	0.00313	0.00586
6	0.01434	0.01187	0.01340	0.01087	0.01411	0.12037	0.09293	0.10786	0.09956	0.12467	0.14361	0.02275	0.10932	0.00748	0.00548	0.00157	0.00524	0.00635	0.00466	0.08357
7	0.00642	0.00470	0.00604	0.00711	0.00760	0.00432	0.00480	0.00739	0.01036	0.01359	0.03220	0.71533	0.12841	0.01616	0.00668	0.00210	0.00302	0.01454	0.00491	0.00432

[dist]
# distance from previous block
# <min> <max>
0	1

[block]
# block no. 8 follows, 46 sequences, length 21
# corresponding to MSA columns:
# 367-387
name=unknown_I
#
# <colnr> <probs for GDERKNQSTAVLIFYWHMCP>
#	G	D	E	R	K	N	Q	S	T	A	V	L	I	F	Y	W	H	M	C	P
0	0.05175	0.01182	0.01239	0.00954	0.01374	0.06540	0.00767	0.17854	0.07270	0.10783	0.01215	0.01260	0.00915	0.00514	0.00451	0.00121	0.00482	0.00396	0.00413	0.41097
1	0.00639	0.00478	0.00595	0.00688	0.00754	0.00433	0.00469	0.00742	0.01058	0.01368	0.03500	0.62845	0.21349	0.01580	0.00663	0.00206	0.00297	0.01410	0.00491	0.00433
2	0.02224	0.01050	0.01313	0.01004	0.01419	0.00994	0.00829	0.21380	0.01744	0.55960	0.01827	0.01633	0.01181	0.00638	0.00525	0.00159	0.00481	0.00508	0.00607	0.04523
3	0.02372	0.00900	0.01227	0.00941	0.01350	0.00777	0.00777	0.02576	0.01513	0.78489	0.02086	0.01799	0.01309	0.00654	0.00532	0.00164	0.00450	0.00532	0.00654	0.00900
4	0.01205	0.01117	0.01779	0.23358	0.33755	0.01289	0.01396	0.01530	0.04460	0.03549	0.01031	0.02967	0.00870	0.00629	0.00802	0.00181	0.18604	0.00497	0.00275	0.00705
5	0.01975	0.02520	0.01498	0.01362	0.01634	0.79299	0.01021	0.02111	0.01498	0.01294	0.00817	0.00953	0.00681	0.00545	0.00477	0.00136	0.00953	0.00340	0.00272	0.00613
6	0.02372	0.00900	0.01227	0.00941	0.01350	0.00777	0.00777	0.02576	0.01513	0.78489	0.02086	0.01799	0.01309	0.00654	0.00532	0.00164	0.00450	0.00532	0.00654	0.00900
7	0.00755	0.00566	0.00850	0.00850	0.00944	0.00661	0.00661	0.00944	0.00850	0.01227	0.01416	0.02077	0.01322	0.03965	0.79326	0.00850	0.01416	0.00566	0.00283	0.00472
8	0.01633	0.01603	0.01832	0.02253	0.39586	0.19683	0.01310	0.19702	0.03776	0.02024	0.01052	0.01235	0.00838	0.00535	0.00514	0.00153	0.00687	0.00445	0.00336	0.00799
9	0.01151	0.01447	0.20473	0.22712	0.26024	0.01131	0.03793	0.01540	0.01180	0.04825	0.06636	0.01679	0.01163	0.00582	0.00538	0.00169	0.00654	0.03292	0.00293	0.00719
10	0.01353	0.40009	0.24535	0.01449	0.12408	0.01618	0.03598	0.01682	0.01138	0.06405	0.00930	0.01069	0.00742	0.00482	0.00433	0.00140	0.00639	0.00367	0.00259	0.00746
11	0.01224	0.10606	0.60291	0.01426	0.02103	0.12236	0.01718	0.01726	0.01165	0.01578	0.00909	0.01067	0.00672	0.00503	0.00482	0.00158	0.00784	0.00373	0.00230	0.00747
12	0.00648	0.00493	0.00598	0.00671	0.00759	0.00443	0.00470	0.00766	0.01106	0.01418	0.07242	0.49612	0.28880	0.01516	0.00657	0.00201	0.00296	0.03290	0.00495	0.00440
13	0.00968	0.00880	0.01446	0.19856	0.26658	0.00913	0.04613	0.01212	0.01110	0.01495	0.01937	0.27313	0.07552	0.00931	0.00586	0.00183	0.00527	0.00859	0.00347	0.00613
14	0.01243	0.43584	0.39431	0.01195	0.01807	0.01675	0.01411	0.01627	0.01094	0.01452	0.00838	0.00978	0.00674	0.00476	0.00418	0.00139	0.00670	0.00335	0.00225	0.00728
15	0.00709	0.00507	0.00574	0.00599	0.00649	0.00480	0.00375	0.00760	0.00923	0.01188	0.02807	0.19781	0.20476	0.45836	0.01781	0.00371	0.00412	0.01003	0.00396	0.00373
16	0.00668	0.00498	0.00711	0.00794	0.00844	0.00465	0.03431	0.00773	0.01021	0.01363	0.02842	0.77982	0.03392	0.01609	0.00673	0.00213	0.00329	0.01469	0.00482	0.00440
17	0.01231	0.01898	0.34808	0.02052	0.21893	0.01247	0.17034	0.01781	0.06674	0.04632	0.01115	0.01317	0.00833	0.00504	0.00536	0.00168	0.00726	0.00480	0.00281	0.00790
18	0.01546	0.01096	0.01188	0.01010	0.01324	0.01211	0.00802	0.19369	0.40755	0.11005	0.01882	0.01792	0.01379	0.00677	0.00511	0.00165	0.00435	0.00547	0.12497	0.00809
19	0.01973	0.00798	0.01061	0.00845	0.01179	0.00703	0.00687	0.02188	0.01459	0.58242	0.12311	0.02113	0.01814	0.00707	0.00523	0.00159	0.00396	0.00584	0.11465	0.00793
20	0.01437	0.00851	0.01007	0.00951	0.05442	0.05765	0.00656	0.04977	0.01228	0.25245	0.10005	0.02435	0.01790	0.25559	0.04725	0.05716	0.00538	0.00629	0.00448	0.00595

[dist]
# distance from previous block
# <min> <max>
0	1

[block]
# block no. 9 follows, 46 sequences, length 64
# corresponding to MSA columns:
# 389-452
name=unknown_J
#
# <colnr> <probs for GDERKNQSTAVLIFYWHMCP>
#	G	D	E	R	K	N	Q	S	T	A	V	L	I	F	Y	W	H	M	C	P
0	0.01362	0.00957	0.09710	0.00977	0.01253	0.00751	0.02910	0.04560	0.01275	0.27110	0.04725	0.32492	0.02227	0.01072	0.00631	0.00189	0.02689	0.03942	0.00506	0.00661
1	0.00927	0.00840	0.01193	0.01098	0.01130	0.01058	0.03092	0.01041	0.00898	0.01298	0.01622	0.31081	0.01840	0.05835	0.05281	0.00270	0.39776	0.00877	0.00337	0.00507
2	0.77292	0.06358	0.00928	0.00728	0.01062	0.03473	0.00607	0.01572	0.00928	0.02267	0.00738	0.00861	0.00583	0.00490	0.00332	0.00159	0.00435	0.00288	0.00319	0.00581
3	0.00664	0.00469	0.00607	0.00710	0.00736	0.00443	0.00463	0.00741	0.00973	0.01297	0.02711	0.68487	0.03241	0.14594	0.01002	0.00263	0.00340	0.01384	0.00463	0.00412
4	0.01742	0.01518	0.01535	0.01435	0.10377	0.12965	0.01034	0.37527	0.21763	0.02553	0.01402	0.01411	0.01047	0.00624	0.00523	0.00161	0.00599	0.00487	0.00463	0.00833
5	0.00721	0.00539	0.00669	0.00637	0.00773	0.00487	0.00478	0.00945	0.01433	0.01968	0.61942	0.04199	0.20985	0.01137	0.00624	0.00169	0.00253	0.00991	0.00562	0.00487
6	0.00765	0.00581	0.00732	0.00807	0.00950	0.00547	0.00681	0.00967	0.01212	0.01524	0.03772	0.05630	0.31530	0.01414	0.00690	0.00219	0.00403	0.46617	0.00488	0.00471
7	0.01096	0.00940	0.01096	0.00783	0.01253	0.00705	0.00626	0.01331	0.01096	0.01723	0.00940	0.01096	0.00783	0.00392	0.00392	0.00078	0.00392	0.00313	0.00313	0.84653
8	0.00644	0.00460	0.00613	0.00736	0.00767	0.00429	0.00491	0.00736	0.01012	0.01350	0.02914	0.81076	0.03497	0.01656	0.00675	0.00215	0.00307	0.01503	0.00491	0.00429
9	0.00741	0.00537	0.00698	0.00664	0.00787	0.00495	0.00496	0.00981	0.01471	0.02072	0.73047	0.06700	0.07106	0.01109	0.00625	0.00168	0.00252	0.00980	0.00576	0.00495
10	0.01248	0.01426	0.03119	0.02228	0.02763	0.01337	0.76203	0.01693	0.01248	0.01693	0.01070	0.01426	0.00802	0.00446	0.00624	0.00178	0.00891	0.00624	0.00267	0.00713
11	0.01315	0.01136	0.01195	0.01076	0.01375	0.01315	0.00837	0.02809	0.77168	0.02211	0.02152	0.01972	0.01614	0.00717	0.00538	0.00179	0.00418	0.00598	0.00538	0.00837
12	0.00769	0.00513	0.00577	0.00577	0.00577	0.00513	0.00320	0.00769	0.00769	0.01025	0.01666	0.03460	0.01922	0.81421	0.02691	0.00513	0.00513	0.00769	0.00320	0.00320
13	0.85155	0.01022	0.00777	0.00695	0.01022	0.01186	0.00573	0.01554	0.00900	0.02372	0.00736	0.00859	0.00573	0.00491	0.00327	0.00164	0.00409	0.00286	0.00327	0.00573
14	0.01157	0.01157	0.01619	0.01388	0.01388	0.01619	0.01157	0.01272	0.00810	0.01272	0.00694	0.01157	0.00694	0.00925	0.01735	0.00231	0.80453	0.00463	0.00231	0.00578
15	0.00713	0.00515	0.00681	0.00788	0.00858	0.00490	0.00590	0.00852	0.01082	0.01416	0.03025	0.48094	0.09351	0.04844	0.00771	0.00233	0.00369	0.24402	0.00483	0.00444
16	0.01060	0.02735	0.78682	0.01507	0.02288	0.01228	0.01953	0.01674	0.01116	0.01674	0.00949	0.01116	0.00670	0.00502	0.00502	0.00167	0.00781	0.00391	0.00223	0.00781
17	0.00760	0.00548	0.00756	0.00756	0.00818	0.00610	0.00544	0.00884	0.00822	0.01158	0.01501	0.02550	0.01527	0.30468	0.53104	0.00734	0.01107	0.00636	0.00296	0.00420
18	0.01746	0.00761	0.01026	0.00834	0.01134	0.00670	0.00670	0.01968	0.01507	0.49042	0.31297	0.02628	0.02727	0.00819	0.00567	0.00165	0.00373	0.00695	0.00626	0.00745
19	0.00644	0.00460	0.00613	0.00736	0.00767	0.00429	0.00491	0.00736	0.01012	0.01350	0.02914	0.81076	0.03497	0.01656	0.00675	0.00215	0.00307	0.01503	0.00491	0.00429
20	0.01308	0.01256	0.02146	0.03245	0.78123	0.01256	0.01622	0.01622	0.01204	0.01727	0.00994	0.01308	0.00837	0.00471	0.00523	0.00157	0.00628	0.00471	0.00262	0.00837
21	0.00644	0.00460	0.00613	0.00736	0.00767	0.00429	0.00491	0.00736	0.01012	0.01350	0.02914	0.81076	0.03497	0.01656	0.00675	0.00215	0.00307	0.01503	0.00491	0.00429
22	0.01492	0.03014	0.07528	0.02134	0.23527	0.01369	0.27034	0.19803	0.01535	0.05640	0.01129	0.01340	0.00848	0.00512	0.00555	0.00165	0.00708	0.00518	0.00343	0.00806
23	0.28363	0.05649	0.50069	0.01217	0.01836	0.01252	0.01459	0.01631	0.01044	0.01882	0.00870	0.01021	0.00639	0.00496	0.00438	0.00164	0.00651	0.00352	0.00257	0.00709
24	0.00768	0.00514	0.00585	0.00585	0.00588	0.00517	0.00330	0.00774	0.00771	0.01031	0.01658	0.03418	0.01904	0.79115	0.04972	0.00523	0.00539	0.00763	0.00319	0.00325
25	0.01497	0.01860	0.37538	0.01380	0.01962	0.01136	0.10453	0.09717	0.01375	0.21265	0.02840	0.01433	0.00981	0.00682	0.03329	0.00191	0.00702	0.00481	0.00379	0.00799
26	0.03203	0.01386	0.02120	0.01758	0.07198	0.08359	0.27077	0.05802	0.03674	0.03519	0.00971	0.01285	0.00794	0.00655	0.00988	0.00190	0.29540	0.00511	0.00289	0.00680
27	0.00688	0.00494	0.00662	0.00781	0.00836	0.00468	0.00566	0.00814	0.01062	0.01402	0.02959	0.62744	0.05540	0.01605	0.00685	0.00220	0.00344	0.17197	0.00490	0.00442
28	0.00998	0.00940	0.01586	0.80150	0.03641	0.01175	0.01468	0.01351	0.01057	0.01351	0.00940	0.01409	0.00705	0.00529	0.00529	0.00176	0.00705	0.00470	0.00235	0.00587
29	0.01060	0.02735	0.78682	0.01507	0.02288	0.01228	0.01953	0.01674	0.01116	0.01674	0.00949	0.01116	0.00670	0.00502	0.00502	0.00167	0.00781	0.00391	0.00223	0.00781
30	0.00816	0.00545	0.00682	0.00698	0.00819	0.00496	0.00504	0.00995	0.02688	0.07585	0.23951	0.36820	0.18732	0.01338	0.00637	0.00189	0.00296	0.01181	0.00529	0.00496
31	0.01392	0.05172	0.17443	0.01083	0.01593	0.00988	0.05209	0.03955	0.02520	0.16617	0.01186	0.01265	0.00873	0.00497	0.00490	0.00128	0.02392	0.00401	0.00362	0.36434
32	0.01157	0.28323	0.48617	0.01279	0.01915	0.01471	0.02883	0.01598	0.01105	0.01520	0.01054	0.02840	0.03034	0.00534	0.00459	0.00151	0.00688	0.00405	0.00239	0.00729
33	0.01964	0.01369	0.01490	0.01150	0.01557	0.01486	0.00948	0.64766	0.02316	0.10551	0.01587	0.01543	0.05419	0.00678	0.00535	0.00160	0.00551	0.00519	0.00539	0.00873
34	0.01096	0.00940	0.01096	0.00783	0.01253	0.00705	0.00626	0.01331	0.01096	0.01723	0.00940	0.01096	0.00783	0.00392	0.00392	0.00078	0.00392	0.00313	0.00313	0.84653
35	0.01240	0.01480	0.06222	0.02199	0.02743	0.01332	0.73155	0.01693	0.01242	0.01693	0.01065	0.01413	0.00797	0.00448	0.00619	0.00178	0.00887	0.00614	0.00266	0.00716
36	0.02102	0.01333	0.01495	0.01146	0.01566	0.01420	0.00947	0.57565	0.02238	0.22477	0.01477	0.01404	0.01003	0.00640	0.00530	0.00160	0.00548	0.00490	0.00561	0.00899
37	0.00632	0.00508	0.00564	0.00608	0.00733	0.00440	0.00434	0.00751	0.01136	0.01400	0.04477	0.32420	0.51143	0.01453	0.00643	0.00192	0.00282	0.01255	0.00491	0.00440
38	0.00985	0.00493	0.00493	0.00493	0.00616	0.00493	0.00370	0.01232	0.01109	0.01971	0.01725	0.01971	0.01355	0.00616	0.00370	0.00123	0.00246	0.00493	0.84356	0.00493
39	0.01096	0.00940	0.01096	0.00783	0.01253	0.00705	0.00626	0.01331	0.01096	0.01723	0.00940	0.01096	0.00783	0.00392	0.00392	0.00078	0.00392	0.00313	0.00313	0.84653
40	0.02010	0.01481	0.01587	0.01216	0.01639	0.01639	0.01005	0.76360	0.02486	0.03332	0.01269	0.01269	0.00899	0.00635	0.00529	0.00159	0.00582	0.00476	0.00529	0.00899
41	0.01061	0.01104	0.02253	0.05414	0.03776	0.01074	0.46466	0.01402	0.01131	0.01543	0.01386	0.12749	0.01274	0.01274	0.15241	0.00308	0.00892	0.00726	0.00300	0.00625
42	0.01506	0.03886	0.01639	0.04071	0.11561	0.30140	0.08076	0.01735	0.01284	0.03650	0.00939	0.01124	0.00763	0.00477	0.00469	0.00126	0.00695	0.00383	0.00291	0.27184
43	0.01632	0.11168	0.04138	0.04108	0.02056	0.01345	0.30451	0.16112	0.01505	0.17998	0.01268	0.01386	0.00904	0.00529	0.00539	0.00160	0.00677	0.00515	0.00392	0.03116
44	0.04300	0.01468	0.01564	0.01202	0.01622	0.01627	0.00993	0.74299	0.02442	0.03305	0.01255	0.01258	0.00890	0.00631	0.00523	0.00159	0.00577	0.00471	0.00523	0.00890
45	0.00798	0.00593	0.00749	0.00820	0.00938	0.00582	0.00660	0.01039	0.05059	0.01493	0.03141	0.13837	0.17393	0.10808	0.00924	0.00256	0.00423	0.39544	0.00471	0.00471
46	0.04275	0.07330	0.01219	0.00895	0.01216	0.03017	0.00724	0.05915	0.07383	0.39658	0.10652	0.05345	0.03922	0.05257	0.00649	0.00182	0.00445	0.00620	0.00546	0.00749
47	0.00722	0.00493	0.00590	0.00636	0.00647	0.00482	0.00384	0.00757	0.00859	0.01146	0.02130	0.32328	0.02508	0.51754	0.01941	0.00402	0.00436	0.01042	0.00384	0.00361
48	0.00655	0.00498	0.00604	0.00660	0.00754	0.00446	0.00463	0.00786	0.01153	0.01501	0.15945	0.43958	0.27747	0.01460	0.00650	0.00195	0.00285	0.01289	0.00506	0.00446
49	0.01129	0.04634	0.62350	0.01636	0.04995	0.03612	0.10982	0.01685	0.01146	0.01655	0.00955	0.01149	0.00692	0.00494	0.00513	0.00166	0.00789	0.00418	0.00232	0.00767
50	0.01376	0.02022	0.33438	0.01676	0.03848	0.10796	0.23718	0.01808	0.01231	0.09683	0.01077	0.01266	0.00782	0.00526	0.00596	0.00169	0.04480	0.00474	0.00289	0.00745
51	0.00780	0.00558	0.00768	0.00882	0.00975	0.00546	0.00719	0.00976	0.01166	0.01535	0.06622	0.29872	0.03286	0.01504	0.00707	0.00230	0.00417	0.47496	0.00493	0.00469
52	0.00652	0.00466	0.00621	0.00731	0.00769	0.00435	0.00491	0.00756	0.01049	0.01409	0.08651	0.75170	0.03611	0.01612	0.00671	0.00211	0.00302	0.01461	0.00498	0.00435
53	0.01385	0.06766	0.03094	0.07369	0.01594	0.03540	0.00928	0.06318	0.55362	0.04982	0.01846	0.01760	0.01382	0.00668	0.00520	0.00171	0.00484	0.00545	0.00482	0.00804
54	0.01248	0.01426	0.03119	0.02228	0.02763	0.01337	0.76203	0.01693	0.01248	0.01693	0.01070	0.01426	0.00802	0.00446	0.00624	0.00178	0.00891	0.00624	0.00267	0.00713
55	0.00729	0.00540	0.00680	0.00645	0.00778	0.00491	0.00484	0.00960	0.01451	0.02012	0.66579	0.04126	0.16320	0.01121	0.00624	0.00168	0.00252	0.00981	0.00568	0.00491
56	0.00636	0.00536	0.00552	0.00548	0.00721	0.00451	0.00411	0.00781	0.01232	0.01493	0.12144	0.04981	0.71080	0.01315	0.00625	0.00177	0.00266	0.01101	0.00499	0.00451
57	0.01107	0.04770	0.70081	0.01455	0.02180	0.05272	0.01829	0.01672	0.01147	0.01658	0.03465	0.01194	0.00813	0.00522	0.00501	0.00164	0.00767	0.00404	0.00238	0.00761
58	0.00730	0.00504	0.00638	0.00683	0.00716	0.00509	0.00448	0.00806	0.00886	0.01210	0.02085	0.30603	0.02379	0.36509	0.14834	0.00449	0.00585	0.02239	0.02795	0.00392
