[name]
unknown

[dist]
# distance from previous block
# <min> <max>
0	1812

[block]
# block no. 0 follows, 41 sequences, length 9
# corresponding to MSA columns:
# 2167-2175
name=unknown_A
#
# <colnr> <probs for GDERKNQSTAVLIFYWHMCP>
#	G	D	E	R	K	N	Q	S	T	A	V	L	I	F	Y	W	H	M	C	P
0	0.00836	0.00602	0.00802	0.00799	0.00933	0.00568	0.00631	0.01105	0.01547	0.02155	0.58594	0.04793	0.04894	0.01267	0.00702	0.00200	0.00331	0.18098	0.00605	0.00537
1	0.00851	0.00612	0.00822	0.00842	0.00975	0.00583	0.00679	0.01118	0.01508	0.02081	0.49323	0.05070	0.04627	0.01320	0.00717	0.00210	0.00364	0.27171	0.00592	0.00535
2	0.02174	0.01602	0.01717	0.01316	0.01774	0.01774	0.01087	0.74423	0.02689	0.03605	0.01373	0.01373	0.00973	0.00687	0.00572	0.00172	0.00629	0.00515	0.00572	0.00973
3	0.01350	0.01543	0.03375	0.02411	0.02989	0.01446	0.74253	0.01832	0.01350	0.01832	0.01157	0.01543	0.00868	0.00482	0.00675	0.00193	0.00964	0.00675	0.00289	0.00771
4	0.64034	0.20220	0.01362	0.00807	0.01194	0.01520	0.00706	0.01689	0.01019	0.02272	0.00796	0.00926	0.00647	0.00521	0.00357	0.00164	0.00483	0.00309	0.00328	0.00647
5	0.02472	0.01125	0.01421	0.01090	0.01536	0.01066	0.00900	0.20089	0.01891	0.59065	0.02043	0.01808	0.01309	0.00703	0.00574	0.00176	0.00521	0.00561	0.00675	0.00973
6	0.01368	0.01467	0.02872	0.02110	0.02627	0.01441	0.56537	0.02124	0.19210	0.01968	0.01440	0.01686	0.01080	0.00553	0.00653	0.00193	0.00841	0.00668	0.00360	0.00804
7	0.01242	0.01072	0.01121	0.01023	0.01315	0.01196	0.00792	0.02504	0.57425	0.02188	0.03165	0.02948	0.19704	0.00938	0.00605	0.00194	0.00413	0.00782	0.00570	0.00803
8	0.02137	0.02726	0.01621	0.01474	0.01768	0.77602	0.01105	0.02284	0.01621	0.01400	0.00884	0.01031	0.00737	0.00589	0.00516	0.00147	0.01031	0.00368	0.00295	0.00663

[dist]
# distance from previous block
# <min> <max>
4	7

[block]
# block no. 1 follows, 41 sequences, length 13
# corresponding to MSA columns:
# 2188-2200
name=unknown_B
#
# <colnr> <probs for GDERKNQSTAVLIFYWHMCP>
#	G	D	E	R	K	N	Q	S	T	A	V	L	I	F	Y	W	H	M	C	P
0	0.01316	0.01257	0.02142	0.25788	0.54832	0.01333	0.01706	0.01668	0.01255	0.01748	0.01058	0.01448	0.00863	0.00528	0.00568	0.00176	0.00704	0.00509	0.00275	0.00826
1	0.01471	0.01281	0.02086	0.02945	0.60046	0.01235	0.01534	0.01790	0.01312	0.07587	0.01158	0.01424	0.00937	0.00513	0.00547	0.00158	0.00629	0.00491	0.00323	0.12533
2	0.00697	0.00498	0.00664	0.00796	0.00830	0.00465	0.00531	0.00796	0.01095	0.01460	0.03153	0.79525	0.03783	0.01792	0.00730	0.00232	0.00332	0.01626	0.00531	0.00465
3	0.01663	0.01128	0.01276	0.01121	0.01460	0.01230	0.00891	0.02850	0.52427	0.20236	0.02360	0.02389	0.01774	0.00816	0.00595	0.00195	0.00466	0.05622	0.00608	0.00895
4	0.01416	0.01359	0.02322	0.03511	0.76330	0.01359	0.01755	0.01755	0.01302	0.01869	0.01076	0.01416	0.00906	0.00510	0.00566	0.00170	0.00680	0.00510	0.00283	0.00906
5	0.02174	0.01602	0.01717	0.01316	0.01774	0.01774	0.01087	0.74423	0.02689	0.03605	0.01373	0.01373	0.00973	0.00687	0.00572	0.00172	0.00629	0.00515	0.00572	0.00973
6	0.00712	0.00508	0.00678	0.00794	0.00830	0.00486	0.00532	0.00813	0.01068	0.01431	0.02970	0.70151	0.03533	0.06553	0.05743	0.00295	0.00421	0.01515	0.00506	0.00461
7	0.02174	0.01602	0.01717	0.01316	0.01774	0.01774	0.01087	0.74423	0.02689	0.03605	0.01373	0.01373	0.00973	0.00687	0.00572	0.00172	0.00629	0.00515	0.00572	0.00973
8	0.01191	0.02651	0.60950	0.01800	0.02587	0.01354	0.17789	0.01816	0.01239	0.01816	0.01055	0.01280	0.00756	0.00530	0.00572	0.00184	0.00871	0.00478	0.00252	0.00829
9	0.01287	0.00713	0.00871	0.00806	0.01061	0.00625	0.00654	0.01479	0.01405	0.23906	0.04181	0.04641	0.39113	0.01255	0.00669	0.00203	0.00396	0.15514	0.00583	0.00637
10	0.27028	0.01058	0.01091	0.00846	0.01291	0.00974	0.00682	0.01678	0.06288	0.05000	0.01087	0.01201	0.00861	0.00492	0.00419	0.00125	0.00434	0.00360	0.00375	0.48710
11	0.01805	0.19932	0.01842	0.01268	0.01606	0.39988	0.01019	0.06409	0.11326	0.01644	0.01134	0.01265	0.00937	0.00880	0.06386	0.00208	0.00874	0.00418	0.00339	0.00718
12	0.36159	0.07047	0.01292	0.23891	0.01975	0.01226	0.00953	0.01608	0.01160	0.06794	0.08673	0.01727	0.01311	0.00657	0.00483	0.00181	0.00539	0.03307	0.00373	0.00644

[dist]
# distance from previous block
# <min> <max>
7	21

[block]
# block no. 2 follows, 41 sequences, length 19
# corresponding to MSA columns:
# 2222-2240
name=unknown_C
#
# <colnr> <probs for GDERKNQSTAVLIFYWHMCP>
#	G	D	E	R	K	N	Q	S	T	A	V	L	I	F	Y	W	H	M	C	P
0	0.28851	0.01344	0.01362	0.22259	0.05205	0.12313	0.01059	0.06471	0.06169	0.05920	0.03271	0.01383	0.00963	0.00603	0.00495	0.00177	0.00635	0.00451	0.00370	0.00699
1	0.09482	0.01414	0.01580	0.01267	0.01638	0.11191	0.09721	0.24141	0.04919	0.11619	0.11929	0.01983	0.01682	0.02533	0.00630	0.00185	0.00625	0.02171	0.00501	0.00787
2	0.03427	0.01106	0.01155	0.00981	0.01259	0.09663	0.02830	0.07364	0.01367	0.08235	0.02509	0.02862	0.20204	0.08732	0.03380	0.00232	0.05947	0.03765	0.00434	0.14546
3	0.00953	0.00766	0.00971	0.00906	0.01037	0.04217	0.04235	0.01109	0.01065	0.03548	0.02397	0.09156	0.14492	0.17859	0.27152	0.00511	0.04594	0.00822	0.03702	0.00509
4	0.01338	0.31944	0.08517	0.00975	0.01478	0.01425	0.00920	0.04479	0.01222	0.01691	0.00985	0.01217	0.00858	0.04384	0.00541	0.00134	0.00548	0.00365	0.00304	0.36675
5	0.01251	0.01251	0.01752	0.01502	0.01502	0.01752	0.01251	0.01377	0.00876	0.01377	0.00751	0.01251	0.00751	0.01001	0.01877	0.00250	0.78851	0.00501	0.00250	0.00626
6	0.04357	0.08573	0.61657	0.01535	0.02285	0.08464	0.01880	0.01843	0.01234	0.01767	0.00988	0.01159	0.00722	0.00543	0.00521	0.00174	0.00830	0.00405	0.00251	0.00812
7	0.00941	0.00661	0.00917	0.00914	0.01070	0.00612	0.03737	0.01137	0.01273	0.06199	0.11623	0.28205	0.09980	0.05176	0.00813	0.00234	0.00426	0.20946	0.00524	0.04614
8	0.00702	0.00548	0.00637	0.00683	0.00806	0.00483	0.00486	0.00845	0.01262	0.01609	0.13881	0.34586	0.38339	0.01548	0.00697	0.00207	0.00304	0.01350	0.00544	0.00483
9	0.00950	0.00766	0.01093	0.01030	0.01109	0.00960	0.00821	0.01140	0.00935	0.01415	0.01366	0.01985	0.01262	0.03121	0.51297	0.00677	0.20921	0.00577	0.08031	0.00542
10	0.01080	0.01017	0.01716	0.78523	0.03940	0.01271	0.01589	0.01461	0.01144	0.01461	0.01017	0.01525	0.00762	0.00572	0.00572	0.00191	0.00762	0.00508	0.00254	0.00635
11	0.01423	0.01229	0.01293	0.01164	0.01487	0.01423	0.00905	0.03039	0.75297	0.02393	0.02328	0.02134	0.01746	0.00776	0.00582	0.00194	0.00453	0.00647	0.00582	0.00905
12	0.01350	0.01543	0.03375	0.02411	0.02989	0.01446	0.74253	0.01832	0.01350	0.01832	0.01157	0.01543	0.00868	0.00482	0.00675	0.00193	0.00964	0.00675	0.00289	0.00771
13	0.02174	0.01602	0.01717	0.01316	0.01774	0.01774	0.01087	0.74423	0.02689	0.03605	0.01373	0.01373	0.00973	0.00687	0.00572	0.00172	0.00629	0.00515	0.00572	0.00973
14	0.01219	0.02457	0.50855	0.01907	0.02658	0.01370	0.27689	0.01819	0.01258	0.01819	0.01073	0.01326	0.00775	0.00522	0.00590	0.00185	0.00888	0.00512	0.00258	0.00819
15	0.01318	0.37584	0.43808	0.01338	0.02024	0.01747	0.01605	0.01767	0.01187	0.01603	0.00923	0.01078	0.00729	0.00519	0.00464	0.00155	0.00741	0.00370	0.00243	0.00795
16	0.01145	0.00918	0.01086	0.00846	0.01217	0.00778	0.00667	0.08136	0.01480	0.02179	0.27644	0.02298	0.02472	0.00713	0.00526	0.00127	0.00388	0.00602	0.00464	0.46313
17	0.01182	0.01000	0.01148	0.00896	0.01312	0.00870	0.00706	0.01727	0.16910	0.02037	0.12035	0.01828	0.01689	0.00605	0.00493	0.00121	0.00408	0.00504	0.00432	0.54097
18	0.01277	0.01180	0.01816	0.15294	0.37467	0.01133	0.01345	0.01594	0.01234	0.01798	0.01045	0.01353	0.00861	0.00490	0.00517	0.00143	0.00603	0.00449	0.00298	0.30105

[dist]
# distance from previous block
# <min> <max>
38	144

[block]
# block no. 3 follows, 41 sequences, length 11
# corresponding to MSA columns:
# 2483-2488,2492-2496
name=unknown_D
#
# <colnr> <probs for GDERKNQSTAVLIFYWHMCP>
#	G	D	E	R	K	N	Q	S	T	A	V	L	I	F	Y	W	H	M	C	P
0	0.01889	0.09505	0.01775	0.01434	0.01683	0.54262	0.01125	0.02035	0.01417	0.01390	0.00847	0.01069	0.00740	0.00670	0.00797	0.00167	0.17861	0.00391	0.00281	0.00661
1	0.02210	0.01545	0.01681	0.01289	0.01745	0.01688	0.01065	0.67863	0.02593	0.10301	0.01454	0.01426	0.01013	0.00689	0.00572	0.00172	0.00616	0.00520	0.00585	0.00973
2	0.00697	0.00498	0.00664	0.00796	0.00830	0.00465	0.00531	0.00796	0.01095	0.01460	0.03153	0.79525	0.03783	0.01792	0.00730	0.00232	0.00332	0.01626	0.00531	0.00465
3	0.01186	0.01017	0.01186	0.00847	0.01356	0.00762	0.00678	0.01440	0.01186	0.01864	0.01017	0.01186	0.00847	0.00424	0.00424	0.00085	0.00424	0.00339	0.00339	0.83395
4	0.01080	0.01017	0.01716	0.78523	0.03940	0.01271	0.01589	0.01461	0.01144	0.01461	0.01017	0.01525	0.00762	0.00572	0.00572	0.00191	0.00762	0.00508	0.00254	0.00635
5	0.01080	0.01017	0.01716	0.78523	0.03940	0.01271	0.01589	0.01461	0.01144	0.01461	0.01017	0.01525	0.00762	0.00572	0.00572	0.00191	0.00762	0.00508	0.00254	0.00635
6	0.01840	0.01205	0.01365	0.01234	0.04933	0.04137	0.00930	0.02865	0.43926	0.27705	0.02191	0.01995	0.01556	0.00733	0.00576	0.00185	0.00497	0.00605	0.00600	0.00919
7	0.01134	0.00598	0.00605	0.00581	0.00734	0.00609	0.00442	0.05792	0.01290	0.02222	0.01836	0.02086	0.01436	0.00668	0.00410	0.00136	0.00289	0.00532	0.78040	0.00560
8	0.13563	0.01037	0.01040	0.00925	0.01231	0.01121	0.00726	0.08507	0.32359	0.02248	0.03038	0.02893	0.24402	0.00927	0.00571	0.00185	0.00416	0.00747	0.00523	0.03540
9	0.01511	0.01212	0.01479	0.01237	0.01445	0.01457	0.01002	0.31320	0.01627	0.02261	0.01249	0.01708	0.01088	0.08216	0.16216	0.00374	0.24917	0.00557	0.00402	0.00722
10	0.01226	0.01216	0.01747	0.12993	0.01865	0.01680	0.01302	0.01389	0.00916	0.01389	0.00791	0.01292	0.00753	0.00937	0.01682	0.00241	0.67201	0.00502	0.00251	0.00627

[dist]
# distance from previous block
# <min> <max>
4	8

[block]
# block no. 4 follows, 41 sequences, length 7
# corresponding to MSA columns:
# 2505-2511
name=unknown_E
#
# <colnr> <probs for GDERKNQSTAVLIFYWHMCP>
#	G	D	E	R	K	N	Q	S	T	A	V	L	I	F	Y	W	H	M	C	P
0	0.01660	0.01277	0.01382	0.01150	0.01481	0.01429	0.00907	0.36160	0.26696	0.02727	0.01759	0.01989	0.01404	0.11044	0.06061	0.00278	0.00621	0.00606	0.00529	0.00839
1	0.01757	0.02094	0.01677	0.01486	0.01654	0.45100	0.01168	0.01895	0.01302	0.01390	0.00827	0.01126	0.00743	0.00766	0.01099	0.00191	0.34377	0.00425	0.00276	0.00647
2	0.01980	0.01505	0.01607	0.01277	0.01700	0.01683	0.01040	0.55931	0.21498	0.03291	0.01621	0.01570	0.01173	0.00710	0.00575	0.00177	0.00584	0.00549	0.00575	0.00955
3	0.00697	0.00498	0.00664	0.00796	0.00830	0.00465	0.00531	0.00796	0.01095	0.01460	0.03153	0.79525	0.03783	0.01792	0.00730	0.00232	0.00332	0.01626	0.00531	0.00465
4	0.01186	0.01017	0.01186	0.00847	0.01356	0.00762	0.00678	0.01440	0.01186	0.01864	0.01017	0.01186	0.00847	0.00424	0.00424	0.00085	0.00424	0.00339	0.00339	0.83395
5	0.01080	0.01017	0.01716	0.78523	0.03940	0.01271	0.01589	0.01461	0.01144	0.01461	0.01017	0.01525	0.00762	0.00572	0.00572	0.00191	0.00762	0.00508	0.00254	0.00635
6	0.01143	0.01086	0.01801	0.60726	0.13462	0.01331	0.01577	0.01493	0.01138	0.01508	0.00998	0.01483	0.00781	0.00606	0.00701	0.00194	0.08536	0.00508	0.00258	0.00671

[dist]
# distance from previous block
# <min> <max>
53	220

[block]
# block no. 5 follows, 41 sequences, length 7
# corresponding to MSA columns:
# 2765-2771
name=unknown_F
#
# <colnr> <probs for GDERKNQSTAVLIFYWHMCP>
#	G	D	E	R	K	N	Q	S	T	A	V	L	I	F	Y	W	H	M	C	P
0	0.01390	0.14897	0.01758	0.01596	0.18482	0.01391	0.01053	0.13759	0.09545	0.01937	0.01436	0.02019	0.01295	0.12337	0.09328	0.00307	0.02931	0.03418	0.00378	0.00741
1	0.01218	0.01022	0.01200	0.01378	0.16295	0.06890	0.00850	0.01618	0.10731	0.01794	0.01558	0.02049	0.01353	0.12298	0.09339	0.00291	0.00630	0.00562	0.20007	0.08916
2	0.01344	0.01034	0.01305	0.18090	0.01855	0.01130	0.00961	0.26672	0.01886	0.02566	0.33517	0.02658	0.02836	0.00870	0.00616	0.00179	0.00504	0.00738	0.00527	0.00711
3	0.01323	0.01104	0.01373	0.01538	0.17819	0.01159	0.00981	0.16468	0.19139	0.02226	0.02743	0.11124	0.18652	0.00965	0.00614	0.00188	0.00488	0.00826	0.00497	0.00774
4	0.09790	0.00914	0.00976	0.00836	0.01105	0.00956	0.00663	0.19976	0.01602	0.12122	0.01786	0.07850	0.01432	0.00751	0.00487	0.00161	0.00409	0.00597	0.36884	0.00704
5	0.20053	0.04888	0.10072	0.09426	0.01442	0.01060	0.00839	0.06468	0.01091	0.01753	0.01315	0.02250	0.01296	0.34139	0.01499	0.00336	0.00594	0.00580	0.00337	0.00563
6	0.07073	0.06584	0.01635	0.18237	0.02115	0.13950	0.01096	0.23040	0.01706	0.07837	0.01164	0.01313	0.00868	0.00593	0.00518	0.00159	0.00677	0.00446	0.00404	0.10585

[dist]
# distance from previous block
# <min> <max>
0	47

[block]
# block no. 6 follows, 41 sequences, length 23
# corresponding to MSA columns:
# 2819-2826,2832-2846
name=unknown_G
#
# <colnr> <probs for GDERKNQSTAVLIFYWHMCP>
#	G	D	E	R	K	N	Q	S	T	A	V	L	I	F	Y	W	H	M	C	P
0	0.03047	0.08619	0.06536	0.05712	0.01576	0.01133	0.00968	0.13845	0.04163	0.07375	0.06868	0.02741	0.06188	0.00852	0.00575	0.00174	0.00532	0.13911	0.00458	0.14726
1	0.20379	0.01322	0.07206	0.24586	0.07657	0.01354	0.01208	0.19119	0.01484	0.03776	0.01129	0.01461	0.00880	0.05349	0.00660	0.00202	0.00639	0.00479	0.00369	0.00738
2	0.01403	0.53441	0.26297	0.01229	0.01833	0.01943	0.03626	0.01748	0.01182	0.01508	0.00879	0.01028	0.00735	0.00506	0.00432	0.00143	0.00696	0.00354	0.00245	0.00770
3	0.01147	0.02959	0.76934	0.01630	0.02476	0.01328	0.02113	0.01811	0.01208	0.01811	0.01026	0.01208	0.00725	0.00543	0.00543	0.00181	0.00845	0.00423	0.00242	0.00845
4	0.01340	0.01412	0.04522	0.13769	0.40154	0.01374	0.25425	0.01740	0.01293	0.01797	0.01093	0.01467	0.00868	0.00510	0.00602	0.00181	0.00789	0.00561	0.00280	0.00822
5	0.01147	0.02959	0.76934	0.01630	0.02476	0.01328	0.02113	0.01811	0.01208	0.01811	0.01026	0.01208	0.00725	0.00543	0.00543	0.00181	0.00845	0.00423	0.00242	0.00845
6	0.00676	0.00579	0.00579	0.00579	0.00773	0.00483	0.00435	0.00821	0.01304	0.01545	0.05794	0.05505	0.76098	0.01449	0.00676	0.00193	0.00290	0.01207	0.00531	0.00483
7	0.00803	0.00559	0.00616	0.00616	0.00651	0.00541	0.00363	0.00830	0.00919	0.01190	0.02544	0.04070	0.15832	0.65322	0.02496	0.00487	0.00505	0.00902	0.00381	0.00372
8	0.00676	0.00579	0.00579	0.00579	0.00773	0.00483	0.00435	0.00821	0.01304	0.01545	0.05794	0.05505	0.76098	0.01449	0.00676	0.00193	0.00290	0.01207	0.00531	0.00483
9	0.01529	0.80242	0.02997	0.00979	0.01468	0.02263	0.00979	0.01713	0.01162	0.01346	0.00795	0.00918	0.00734	0.00489	0.00367	0.00122	0.00612	0.00306	0.00245	0.00734
10	0.00832	0.00555	0.00624	0.00624	0.00624	0.00555	0.00347	0.00832	0.00832	0.01109	0.01802	0.03743	0.02080	0.79898	0.02911	0.00555	0.00555	0.00832	0.00347	0.00347
11	0.01416	0.01359	0.02322	0.03511	0.76330	0.01359	0.01755	0.01755	0.01302	0.01869	0.01076	0.01416	0.00906	0.00510	0.00566	0.00170	0.00680	0.00510	0.00283	0.00906
12	0.01186	0.01017	0.01186	0.00847	0.01356	0.00762	0.00678	0.01440	0.01186	0.01864	0.01017	0.01186	0.00847	0.00424	0.00424	0.00085	0.00424	0.00339	0.00339	0.83395
13	0.01291	0.01283	0.01571	0.18204	0.01992	0.10908	0.01199	0.05222	0.01129	0.01504	0.01003	0.01475	0.00889	0.01451	0.15430	0.00345	0.33683	0.00507	0.00284	0.00629
14	0.00958	0.00731	0.00877	0.00798	0.00974	0.00726	0.00613	0.09771	0.01623	0.02211	0.45379	0.06930	0.20303	0.01190	0.00719	0.00187	0.03840	0.01009	0.00580	0.00580
15	0.02085	0.01556	0.01617	0.01286	0.01703	0.06666	0.01059	0.58892	0.02435	0.07682	0.01539	0.01831	0.01187	0.00760	0.00588	0.00178	0.00639	0.06827	0.00558	0.00913
16	0.01303	0.01165	0.01459	0.01117	0.01570	0.05979	0.09522	0.01640	0.04641	0.04595	0.01336	0.01828	0.01154	0.00586	0.00510	0.00128	0.00543	0.07782	0.00374	0.52767
17	0.06766	0.01178	0.01668	0.02242	0.40504	0.03778	0.01231	0.01677	0.07462	0.01974	0.12336	0.02188	0.08243	0.00709	0.00568	0.00170	0.00548	0.00630	0.00388	0.05741
18	0.01275	0.06244	0.01408	0.01113	0.05863	0.00913	0.04566	0.01572	0.04373	0.08567	0.04279	0.13747	0.01563	0.00720	0.00519	0.00138	0.00466	0.00627	0.00411	0.41636
19	0.01917	0.01421	0.01494	0.01184	0.01591	0.05370	0.00957	0.46843	0.05553	0.09014	0.01736	0.06795	0.04380	0.00769	0.00571	0.00169	0.00577	0.00605	0.00543	0.08510
20	0.01519	0.01302	0.01357	0.01175	0.05318	0.12981	0.00884	0.01809	0.04624	0.11103	0.01315	0.01631	0.01084	0.00613	0.00590	0.00137	0.05767	0.04738	0.00391	0.41660
21	0.14613	0.01261	0.01758	0.01948	0.25078	0.06199	0.10234	0.06522	0.01345	0.06485	0.04135	0.05607	0.01262	0.01081	0.09747	0.00266	0.00753	0.00583	0.00369	0.00752
22	0.01376	0.00986	0.01485	0.01553	0.15293	0.00971	0.08502	0.04474	0.08480	0.15310	0.02327	0.22576	0.07020	0.04603	0.00762	0.00213	0.01943	0.00909	0.00485	0.00731

[dist]
# distance from previous block
# <min> <max>
29	81

[block]
# block no. 7 follows, 41 sequences, length 6
# corresponding to MSA columns:
# 2949-2954
name=unknown_H
#
# <colnr> <probs for GDERKNQSTAVLIFYWHMCP>
#	G	D	E	R	K	N	Q	S	T	A	V	L	I	F	Y	W	H	M	C	P
0	0.01493	0.11513	0.21413	0.09661	0.01876	0.01153	0.01223	0.01836	0.01279	0.21735	0.05583	0.01815	0.01324	0.04271	0.11080	0.00288	0.00760	0.00534	0.00403	0.00760
1	0.01662	0.09617	0.17066	0.07456	0.02083	0.07445	0.06982	0.20934	0.04634	0.07620	0.01223	0.01351	0.00904	0.00610	0.00594	0.00170	0.03771	0.00476	0.00390	0.05012
2	0.05946	0.13519	0.23437	0.08084	0.24104	0.06300	0.07312	0.01777	0.01248	0.01750	0.00995	0.01251	0.00789	0.00525	0.00524	0.00168	0.00754	0.00448	0.00269	0.00801
3	0.04192	0.06894	0.01528	0.01167	0.01501	0.01295	0.06605	0.21444	0.18099	0.07693	0.06631	0.16676	0.01956	0.00914	0.00597	0.00187	0.00519	0.00785	0.00527	0.00789
4	0.01285	0.12056	0.25384	0.01436	0.04892	0.01317	0.09282	0.07783	0.03712	0.01888	0.01258	0.06992	0.01077	0.00779	0.03842	0.00192	0.00709	0.00534	0.00329	0.15254
5	0.01358	0.01423	0.05052	0.01454	0.01843	0.13014	0.23564	0.01799	0.08694	0.06227	0.08469	0.02611	0.14601	0.00807	0.00624	0.00182	0.00678	0.03215	0.00423	0.03964

[dist]
# distance from previous block
# <min> <max>
42	81

[block]
# block no. 8 follows, 41 sequences, length 7
# corresponding to MSA columns:
# 3065-3071
name=unknown_I
#
# <colnr> <probs for GDERKNQSTAVLIFYWHMCP>
#	G	D	E	R	K	N	Q	S	T	A	V	L	I	F	Y	W	H	M	C	P
0	0.01560	0.01229	0.01419	0.12357	0.01841	0.01290	0.00972	0.35282	0.05076	0.02586	0.01986	0.02039	0.12713	0.00743	0.00560	0.00162	0.00549	0.00594	0.00475	0.16565
1	0.04999	0.01091	0.01259	0.01027	0.01405	0.01102	0.00830	0.16155	0.17351	0.32499	0.02602	0.02396	0.13064	0.00828	0.00584	0.00182	0.00474	0.00668	0.00614	0.00869
2	0.14475	0.01228	0.01311	0.00990	0.01457	0.01184	0.00806	0.26035	0.01659	0.02560	0.01102	0.01209	0.00854	0.00529	0.00463	0.00128	0.00496	0.00394	0.00420	0.42701
3	0.14509	0.01019	0.01170	0.00878	0.01344	0.00865	0.00712	0.01836	0.01272	0.21841	0.01311	0.01348	0.00962	0.00516	0.00453	0.00124	0.00443	0.00397	0.00439	0.48561
4	0.29686	0.01435	0.01422	0.01126	0.01549	0.01609	0.00930	0.49947	0.02112	0.03255	0.01179	0.01224	0.00854	0.00634	0.00499	0.00173	0.00567	0.00446	0.00499	0.00854
5	0.13510	0.01021	0.01163	0.00866	0.01339	0.00853	0.00700	0.01732	0.01241	0.16246	0.01221	0.01294	0.00922	0.00493	0.00442	0.00116	0.00438	0.00380	0.00411	0.55610
6	0.01394	0.16076	0.01575	0.01009	0.01317	0.01227	0.08509	0.17355	0.01514	0.02193	0.01564	0.06960	0.01332	0.03280	0.00565	0.00166	0.00499	0.00585	0.32199	0.00682

[dist]
# distance from previous block
# <min> <max>
1	14

[block]
# block no. 9 follows, 41 sequences, length 8
# corresponding to MSA columns:
# 3086-3093
name=unknown_J
#
# <colnr> <probs for GDERKNQSTAVLIFYWHMCP>
#	G	D	E	R	K	N	Q	S	T	A	V	L	I	F	Y	W	H	M	C	P
0	0.09206	0.13357	0.17367	0.06197	0.01924	0.29652	0.01267	0.05870	0.01399	0.01728	0.00930	0.01105	0.00743	0.00569	0.00526	0.00158	0.02953	0.00385	0.00295	0.04371
1	0.16678	0.00835	0.01015	0.07941	0.01333	0.00866	0.00740	0.01560	0.01389	0.17028	0.29785	0.02883	0.09587	0.00920	0.00651	0.00185	0.04678	0.00746	0.00530	0.00649
2	0.02019	0.01519	0.01716	0.12288	0.02082	0.01702	0.01158	0.64054	0.02470	0.03300	0.01323	0.01395	0.00943	0.00670	0.00572	0.00174	0.00648	0.00514	0.00527	0.00925
3	0.01391	0.01150	0.01263	0.01055	0.01427	0.01183	0.00827	0.12489	0.35494	0.02318	0.01866	0.08824	0.01548	0.00748	0.00546	0.00161	0.00458	0.00623	0.00502	0.26128
4	0.00825	0.00581	0.00760	0.00760	0.00807	0.00628	0.00516	0.00919	0.00872	0.01210	0.01678	0.03055	0.01781	0.45106	0.37294	0.00722	0.01004	0.00731	0.00328	0.00422
5	0.01506	0.01051	0.01402	0.01079	0.01449	0.00998	0.03942	0.01737	0.01261	0.19284	0.05739	0.01577	0.01233	0.00655	0.00781	0.00150	0.16455	0.00483	0.00422	0.38795
6	0.02174	0.01602	0.01717	0.01316	0.01774	0.01774	0.01087	0.74423	0.02689	0.03605	0.01373	0.01373	0.00973	0.00687	0.00572	0.00172	0.00629	0.00515	0.00572	0.00973
7	0.02211	0.01544	0.01681	0.01288	0.01745	0.01687	0.01064	0.67783	0.02592	0.10382	0.01455	0.01426	0.01014	0.00689	0.00572	0.00172	0.00616	0.00521	0.00585	0.00973

[dist]
# distance from previous block
# <min> <max>
3	7

[block]
# block no. 10 follows, 41 sequences, length 19
# corresponding to MSA columns:
# 3101-3119
name=unknown_K
#
# <colnr> <probs for GDERKNQSTAVLIFYWHMCP>
#	G	D	E	R	K	N	Q	S	T	A	V	L	I	F	Y	W	H	M	C	P
0	0.01423	0.01229	0.01293	0.01164	0.01487	0.01423	0.00905	0.03039	0.75297	0.02393	0.02328	0.02134	0.01746	0.00776	0.00582	0.00194	0.00453	0.00647	0.00582	0.00905
1	0.01080	0.01017	0.01716	0.78523	0.03940	0.01271	0.01589	0.01461	0.01144	0.01461	0.01017	0.01525	0.00762	0.00572	0.00572	0.00191	0.00762	0.00508	0.00254	0.00635
2	0.01529	0.80242	0.02997	0.00979	0.01468	0.02263	0.00979	0.01713	0.01162	0.01346	0.00795	0.00918	0.00734	0.00489	0.00367	0.00122	0.00612	0.00306	0.00245	0.00734
3	0.01335	0.01315	0.01633	0.01418	0.01511	0.05229	0.01160	0.01826	0.19143	0.01627	0.01143	0.01457	0.00994	0.00927	0.01496	0.00232	0.55995	0.00530	0.00334	0.00696
4	0.02174	0.01602	0.01717	0.01316	0.01774	0.01774	0.01087	0.74423	0.02689	0.03605	0.01373	0.01373	0.00973	0.00687	0.00572	0.00172	0.00629	0.00515	0.00572	0.00973
5	0.01494	0.73101	0.09830	0.01039	0.01561	0.02177	0.01084	0.01722	0.01166	0.01389	0.00817	0.00944	0.00733	0.00494	0.00383	0.00128	0.00633	0.00317	0.00244	0.00744
6	0.83938	0.01106	0.00841	0.00752	0.01106	0.01283	0.00619	0.01681	0.00973	0.02566	0.00796	0.00929	0.00619	0.00531	0.00354	0.00177	0.00442	0.00310	0.00354	0.00619
7	0.01225	0.01346	0.01147	0.01047	0.01225	0.22768	0.00814	0.01366	0.01296	0.01465	0.03232	0.03249	0.37242	0.01100	0.00907	0.00193	0.18607	0.00805	0.00399	0.00567
8	0.00994	0.00497	0.00745	0.00745	0.00745	0.00497	0.00497	0.00745	0.00745	0.00994	0.00994	0.01739	0.00994	0.01987	0.02235	0.83358	0.00497	0.00497	0.00248	0.00248
9	0.02137	0.02726	0.01621	0.01474	0.01768	0.77602	0.01105	0.02284	0.01621	0.01400	0.00884	0.01031	0.00737	0.00589	0.00516	0.00147	0.01031	0.00368	0.00295	0.00663
10	0.01147	0.02959	0.76934	0.01630	0.02476	0.01328	0.02113	0.01811	0.01208	0.01811	0.01026	0.01208	0.00725	0.00543	0.00543	0.00181	0.00845	0.00423	0.00242	0.00845
11	0.02174	0.01602	0.01717	0.01316	0.01774	0.01774	0.01087	0.74423	0.02689	0.03605	0.01373	0.01373	0.00973	0.00687	0.00572	0.00172	0.00629	0.00515	0.00572	0.00973
12	0.01322	0.01738	0.13531	0.02303	0.02918	0.01430	0.64293	0.01829	0.01330	0.01829	0.01139	0.01497	0.00848	0.00491	0.00657	0.00191	0.00948	0.00640	0.00283	0.00782
13	0.01475	0.00732	0.00978	0.00833	0.01084	0.00654	0.00654	0.01727	0.01626	0.30498	0.48074	0.03391	0.03888	0.00995	0.00637	0.00179	0.00352	0.00860	0.00659	0.00704
14	0.01423	0.01229	0.01293	0.01164	0.01487	0.01423	0.00905	0.03039	0.75297	0.02393	0.02328	0.02134	0.01746	0.00776	0.00582	0.00194	0.00453	0.00647	0.00582	0.00905
15	0.00771	0.00583	0.00711	0.00679	0.00831	0.00523	0.00509	0.01004	0.01527	0.02075	0.55528	0.04632	0.26034	0.01251	0.00675	0.00184	0.00276	0.01085	0.00601	0.00523
16	0.00763	0.00545	0.00739	0.00871	0.00933	0.00521	0.00645	0.00910	0.01160	0.01534	0.03116	0.58196	0.03640	0.01730	0.00748	0.00241	0.00389	0.22308	0.00530	0.00483
17	0.01379	0.01200	0.01353	0.01181	0.01524	0.01334	0.03833	0.02773	0.62676	0.02296	0.02186	0.02186	0.01686	0.00762	0.00579	0.00186	0.00473	0.03339	0.00546	0.08508
18	0.01962	0.01001	0.01321	0.04678	0.01550	0.00964	0.03216	0.02496	0.17205	0.43170	0.03988	0.05103	0.01608	0.00749	0.00573	0.00178	0.00483	0.00631	0.04373	0.04751

[dist]
# distance from previous block
# <min> <max>
6	16

[block]
# block no. 11 follows, 41 sequences, length 14
# corresponding to MSA columns:
# 3136-3149
name=unknown_L
#
# <colnr> <probs for GDERKNQSTAVLIFYWHMCP>
#	G	D	E	R	K	N	Q	S	T	A	V	L	I	F	Y	W	H	M	C	P
0	0.00883	0.00728	0.01079	0.01395	0.16056	0.00742	0.00831	0.01033	0.01120	0.01536	0.02554	0.57912	0.02976	0.01475	0.00784	0.00221	0.06333	0.01317	0.00460	0.00565
1	0.00998	0.00723	0.00878	0.00902	0.01022	0.00732	0.00644	0.15812	0.01420	0.01898	0.02790	0.63586	0.03210	0.01567	0.00698	0.00220	0.00393	0.01399	0.00539	0.00568
2	0.01712	0.01205	0.01332	0.01146	0.01503	0.01330	0.00906	0.08323	0.54848	0.17643	0.02242	0.02039	0.01621	0.00755	0.00580	0.00189	0.00473	0.00622	0.00607	0.00924
3	0.01388	0.01136	0.01294	0.00943	0.01441	0.00969	0.00761	0.16325	0.01493	0.02219	0.01089	0.01224	0.00873	0.00477	0.00454	0.00102	0.00466	0.00375	0.00386	0.66585
4	0.01927	0.01479	0.01578	0.01266	0.01680	0.01658	0.01027	0.50976	0.26538	0.03207	0.01687	0.01623	0.01227	0.00716	0.00575	0.00179	0.00571	0.00558	0.00575	0.00951
5	0.01692	0.01259	0.01379	0.01161	0.01496	0.01384	0.00918	0.38493	0.21114	0.05350	0.02013	0.17528	0.01761	0.00936	0.00607	0.00190	0.00518	0.00778	0.00571	0.00852
6	0.01313	0.01254	0.02135	0.26572	0.54075	0.01332	0.01704	0.01665	0.01254	0.01743	0.01058	0.01449	0.00862	0.00529	0.00568	0.00176	0.00705	0.00509	0.00274	0.00823
7	0.01080	0.01017	0.01716	0.78523	0.03940	0.01271	0.01589	0.01461	0.01144	0.01461	0.01017	0.01525	0.00762	0.00572	0.00572	0.00191	0.00762	0.00508	0.00254	0.00635
8	0.01416	0.01359	0.02322	0.03511	0.76330	0.01359	0.01755	0.01755	0.01302	0.01869	0.01076	0.01416	0.00906	0.00510	0.00566	0.00170	0.00680	0.00510	0.00283	0.00906
9	0.01770	0.02053	0.01587	0.01417	0.01644	0.43138	0.01101	0.02212	0.16461	0.01597	0.01145	0.01311	0.00946	0.00730	0.00869	0.00183	0.20333	0.00458	0.00342	0.00703
10	0.00830	0.00711	0.01217	0.01126	0.01270	0.00665	0.15566	0.01008	0.01147	0.01536	0.02746	0.63621	0.03189	0.01525	0.00719	0.00224	0.00461	0.01432	0.00482	0.00527
11	0.00880	0.00692	0.00825	0.00859	0.00999	0.00684	0.00611	0.01304	0.16251	0.01687	0.03024	0.52295	0.08611	0.01457	0.00673	0.00210	0.00360	0.01298	0.00527	0.06754
12	0.00780	0.00611	0.00827	0.00902	0.00931	0.00658	0.00639	0.00884	0.01062	0.01448	0.02792	0.67762	0.03327	0.01673	0.00902	0.00235	0.12132	0.01457	0.00489	0.00489
13	0.01350	0.01543	0.03375	0.02411	0.02989	0.01446	0.74253	0.01832	0.01350	0.01832	0.01157	0.01543	0.00868	0.00482	0.00675	0.00193	0.00964	0.00675	0.00289	0.00771

[dist]
# distance from previous block
# <min> <max>
0	2

[block]
# block no. 12 follows, 41 sequences, length 14
# corresponding to MSA columns:
# 3161-3174
name=unknown_M
#
# <colnr> <probs for GDERKNQSTAVLIFYWHMCP>
#	G	D	E	R	K	N	Q	S	T	A	V	L	I	F	Y	W	H	M	C	P
0	0.01350	0.01543	0.03375	0.02411	0.02989	0.01446	0.74253	0.01832	0.01350	0.01832	0.01157	0.01543	0.00868	0.00482	0.00675	0.00193	0.00964	0.00675	0.00289	0.00771
1	0.01100	0.01044	0.01720	0.69611	0.03657	0.01326	0.01550	0.01452	0.01113	0.01452	0.00986	0.01493	0.00761	0.00622	0.00723	0.00198	0.09799	0.00507	0.00254	0.00634
2	0.02174	0.01602	0.01717	0.01316	0.01774	0.01774	0.01087	0.74423	0.02689	0.03605	0.01373	0.01373	0.00973	0.00687	0.00572	0.00172	0.00629	0.00515	0.00572	0.00973
3	0.02174	0.01602	0.01717	0.01316	0.01774	0.01774	0.01087	0.74423	0.02689	0.03605	0.01373	0.01373	0.00973	0.00687	0.00572	0.00172	0.00629	0.00515	0.00572	0.00973
4	0.00811	0.00587	0.00776	0.00797	0.00918	0.00551	0.00615	0.01050	0.01465	0.02018	0.47097	0.16187	0.07197	0.01360	0.00707	0.00206	0.00334	0.16211	0.00589	0.00524
5	0.01529	0.80242	0.02997	0.00979	0.01468	0.02263	0.00979	0.01713	0.01162	0.01346	0.00795	0.00918	0.00734	0.00489	0.00367	0.00122	0.00612	0.00306	0.00245	0.00734
6	0.01236	0.01056	0.01121	0.01021	0.01304	0.01177	0.00790	0.02471	0.55546	0.02239	0.10086	0.02915	0.14747	0.00929	0.00607	0.00192	0.00407	0.00780	0.00578	0.00798
7	0.01453	0.64908	0.17668	0.01108	0.01668	0.02078	0.01204	0.01732	0.01171	0.01438	0.00841	0.00975	0.00732	0.00500	0.00402	0.00134	0.00658	0.00329	0.00244	0.00756
8	0.02349	0.00925	0.01258	0.00981	0.01385	0.00804	0.00804	0.02577	0.01635	0.67538	0.11363	0.02234	0.01907	0.00765	0.00587	0.00177	0.00460	0.00632	0.00698	0.00920
9	0.00695	0.00506	0.00656	0.00775	0.00824	0.00466	0.00522	0.00799	0.01115	0.01468	0.03410	0.72325	0.10817	0.01759	0.00725	0.00228	0.00328	0.01585	0.00531	0.00466
10	0.01485	0.71299	0.11553	0.01054	0.01585	0.02155	0.01110	0.01724	0.01167	0.01400	0.00822	0.00951	0.00733	0.00496	0.00387	0.00129	0.00639	0.00319	0.00244	0.00747
11	0.00801	0.00571	0.00715	0.00766	0.00843	0.00546	0.00551	0.00939	0.01174	0.01560	0.15381	0.21846	0.10487	0.24547	0.01369	0.00321	0.00424	0.16207	0.00493	0.00458
12	0.01147	0.02959	0.76934	0.01630	0.02476	0.01328	0.02113	0.01811	0.01208	0.01811	0.01026	0.01208	0.00725	0.00543	0.00543	0.00181	0.00845	0.00423	0.00242	0.00845
13	0.01366	0.47299	0.34514	0.01256	0.01898	0.01865	0.01462	0.01755	0.01182	0.01544	0.00894	0.01041	0.00730	0.00512	0.00442	0.00147	0.00711	0.00356	0.00243	0.00781

[dist]
# distance from previous block
# <min> <max>
28	71

[block]
# block no. 13 follows, 41 sequences, length 12
# corresponding to MSA columns:
# 3262-3273
name=unknown_N
#
# <colnr> <probs for GDERKNQSTAVLIFYWHMCP>
#	G	D	E	R	K	N	Q	S	T	A	V	L	I	F	Y	W	H	M	C	P
0	0.01563	0.01185	0.01323	0.01107	0.01478	0.01238	0.00890	0.21455	0.26862	0.06829	0.01920	0.05674	0.01587	0.00803	0.00575	0.00174	0.00498	0.07447	0.00532	0.16861
1	0.01186	0.01017	0.01186	0.00847	0.01356	0.00762	0.00678	0.01440	0.01186	0.01864	0.01017	0.01186	0.00847	0.00424	0.00424	0.00085	0.00424	0.00339	0.00339	0.83395
2	0.02230	0.01323	0.01524	0.01184	0.01613	0.01378	0.00971	0.45498	0.02236	0.28891	0.01778	0.05858	0.01281	0.00755	0.00582	0.00177	0.00564	0.00597	0.00617	0.00945
3	0.00676	0.00579	0.00579	0.00579	0.00773	0.00483	0.00435	0.00821	0.01304	0.01545	0.05794	0.05505	0.76098	0.01449	0.00676	0.00193	0.00290	0.01207	0.00531	0.00483
4	0.02055	0.01611	0.25045	0.01218	0.01780	0.01028	0.01244	0.02496	0.05787	0.48901	0.01875	0.01726	0.01218	0.00660	0.00566	0.00179	0.00597	0.00532	0.00554	0.00929
5	0.00795	0.00584	0.00745	0.00705	0.00846	0.00534	0.00528	0.01052	0.01585	0.02214	0.68537	0.04404	0.12938	0.01199	0.00675	0.00181	0.00272	0.01053	0.00619	0.00534
6	0.01203	0.01352	0.13210	0.01101	0.01477	0.01186	0.00987	0.02320	0.46004	0.02100	0.02938	0.02781	0.19123	0.00898	0.00598	0.00192	0.00477	0.00743	0.00516	0.00796
7	0.01243	0.01053	0.01241	0.00927	0.01372	0.00896	0.00743	0.07126	0.01278	0.01946	0.01135	0.05186	0.00999	0.00554	0.00553	0.00111	0.05928	0.00429	0.00361	0.66921
8	0.01926	0.01449	0.01546	0.01220	0.01633	0.01595	0.00996	0.58197	0.11060	0.03243	0.01957	0.01903	0.09076	0.00778	0.00584	0.00177	0.00572	0.00604	0.00569	0.00913
9	0.05255	0.01046	0.01305	0.01076	0.01405	0.01040	0.07126	0.18225	0.08133	0.05833	0.04551	0.17925	0.10871	0.00965	0.00598	0.00179	0.00485	0.00834	0.00499	0.12651
10	0.10690	0.14274	0.01715	0.01180	0.01576	0.19618	0.00969	0.27906	0.01819	0.05892	0.01210	0.04750	0.00984	0.00655	0.00503	0.00158	0.00672	0.00470	0.00425	0.04535
11	0.09959	0.04652	0.01675	0.01306	0.01646	0.01099	0.20709	0.01668	0.13097	0.01917	0.04961	0.06526	0.12548	0.00933	0.00625	0.00198	0.00573	0.12309	0.00439	0.03160

[dist]
# distance from previous block
# <min> <max>
48	143

[block]
# block no. 14 follows, 41 sequences, length 9
# corresponding to MSA columns:
# 3442-3450
name=unknown_O
#
# <colnr> <probs for GDERKNQSTAVLIFYWHMCP>
#	G	D	E	R	K	N	Q	S	T	A	V	L	I	F	Y	W	H	M	C	P
0	0.32115	0.04836	0.01449	0.26095	0.04714	0.15544	0.01096	0.04877	0.01242	0.01962	0.00918	0.01175	0.00717	0.00559	0.00471	0.00173	0.00679	0.00400	0.00313	0.00663
1	0.26170	0.01511	0.01385	0.04801	0.01624	0.12830	0.00951	0.25383	0.08018	0.07178	0.01225	0.01294	0.00908	0.00642	0.00551	0.00176	0.03672	0.00447	0.00448	0.00787
2	0.26224	0.01029	0.01132	0.00942	0.01312	0.01055	0.00763	0.02370	0.15143	0.34981	0.07816	0.01870	0.01565	0.00706	0.00519	0.00180	0.00450	0.00547	0.00574	0.00821
3	0.01835	0.56850	0.02505	0.00990	0.01466	0.01843	0.00938	0.02030	0.01302	0.23591	0.01226	0.01221	0.00935	0.00554	0.00428	0.00138	0.00575	0.00385	0.00381	0.00805
4	0.23223	0.00812	0.00769	0.00733	0.00952	0.03754	0.00573	0.01212	0.01325	0.02055	0.25674	0.03776	0.26589	0.01090	0.00590	0.00187	0.00368	0.05266	0.00504	0.00547
5	0.02174	0.01602	0.01717	0.01316	0.01774	0.01774	0.01087	0.74423	0.02689	0.03605	0.01373	0.01373	0.00973	0.00687	0.00572	0.00172	0.00629	0.00515	0.00572	0.00973
6	0.01147	0.02959	0.76934	0.01630	0.02476	0.01328	0.02113	0.01811	0.01208	0.01811	0.01026	0.01208	0.00725	0.00543	0.00543	0.00181	0.00845	0.00423	0.00242	0.00845
7	0.37338	0.00784	0.00668	0.00629	0.00859	0.00861	0.00496	0.01485	0.01101	0.02322	0.01398	0.01606	0.01096	0.00607	0.00380	0.00152	0.00344	0.00435	0.46869	0.00571
8	0.02174	0.01602	0.01717	0.01316	0.01774	0.01774	0.01087	0.74423	0.02689	0.03605	0.01373	0.01373	0.00973	0.00687	0.00572	0.00172	0.00629	0.00515	0.00572	0.00973

[dist]
# distance from previous block
# <min> <max>
1	6

[block]
# block no. 15 follows, 41 sequences, length 14
# corresponding to MSA columns:
# 3457-3470
name=unknown_P
#
# <colnr> <probs for GDERKNQSTAVLIFYWHMCP>
#	G	D	E	R	K	N	Q	S	T	A	V	L	I	F	Y	W	H	M	C	P
0	0.01423	0.01229	0.01293	0.01164	0.01487	0.01423	0.00905	0.03039	0.75297	0.02393	0.02328	0.02134	0.01746	0.00776	0.00582	0.00194	0.00453	0.00647	0.00582	0.00905
1	0.01396	0.53289	0.28783	0.01206	0.01819	0.01937	0.01374	0.01747	0.01178	0.01508	0.00876	0.01019	0.00731	0.00508	0.00429	0.00143	0.00693	0.00347	0.00244	0.00773
2	0.01312	0.36347	0.44991	0.01349	0.02040	0.01732	0.01623	0.01769	0.01188	0.01610	0.00927	0.01082	0.00729	0.00520	0.00467	0.00156	0.00744	0.00372	0.00243	0.00797
3	0.00817	0.00613	0.00919	0.00919	0.01021	0.00715	0.00715	0.01021	0.00919	0.01328	0.01532	0.02247	0.01430	0.04290	0.77631	0.00919	0.01532	0.00613	0.00306	0.00511
4	0.10764	0.00962	0.01122	0.00944	0.01270	0.03399	0.00757	0.02185	0.09299	0.36730	0.21077	0.02573	0.02428	0.00840	0.00583	0.00181	0.00442	0.03037	0.00616	0.00791
5	0.01423	0.01229	0.01293	0.01164	0.01487	0.01423	0.00905	0.03039	0.75297	0.02393	0.02328	0.02134	0.01746	0.00776	0.00582	0.00194	0.00453	0.00647	0.00582	0.00905
6	0.01066	0.00533	0.00533	0.00533	0.00666	0.00533	0.00400	0.01333	0.01200	0.02132	0.01866	0.02132	0.01466	0.00666	0.00400	0.00133	0.00267	0.00533	0.83073	0.00533
7	0.01423	0.01229	0.01293	0.01164	0.01487	0.01423	0.00905	0.03039	0.75297	0.02393	0.02328	0.02134	0.01746	0.00776	0.00582	0.00194	0.00453	0.00647	0.00582	0.00905
8	0.01489	0.72112	0.10776	0.01047	0.01574	0.02165	0.01098	0.01723	0.01167	0.01395	0.00820	0.00948	0.00733	0.00495	0.00386	0.00129	0.00636	0.00318	0.00244	0.00746
9	0.01843	0.01831	0.01435	0.01279	0.01602	0.33352	0.00982	0.02696	0.36608	0.09796	0.01714	0.01651	0.01287	0.00691	0.00553	0.00173	0.00699	0.00522	0.00475	0.00811
10	0.02174	0.01602	0.01717	0.01316	0.01774	0.01774	0.01087	0.74423	0.02689	0.03605	0.01373	0.01373	0.00973	0.00687	0.00572	0.00172	0.00629	0.00515	0.00572	0.00973
11	0.01356	0.01298	0.02214	0.16895	0.63413	0.01343	0.01726	0.01703	0.01274	0.01796	0.01065	0.01435	0.00880	0.00521	0.00567	0.00174	0.00694	0.00509	0.00278	0.00858
12	0.01080	0.01017	0.01716	0.78523	0.03940	0.01271	0.01589	0.01461	0.01144	0.01461	0.01017	0.01525	0.00762	0.00572	0.00572	0.00191	0.00762	0.00508	0.00254	0.00635
13	0.18909	0.01109	0.01125	0.01025	0.01326	0.01266	0.00807	0.02462	0.48427	0.02389	0.09787	0.02294	0.01959	0.00801	0.00552	0.00192	0.00435	0.03810	0.00536	0.00789

[dist]
# distance from previous block
# <min> <max>
10	68

[block]
# block no. 16 follows, 41 sequences, length 14
# corresponding to MSA columns:
# 3543-3556
name=unknown_Q
#
# <colnr> <probs for GDERKNQSTAVLIFYWHMCP>
#	G	D	E	R	K	N	Q	S	T	A	V	L	I	F	Y	W	H	M	C	P
0	0.69986	0.01418	0.13665	0.00900	0.01337	0.01291	0.00871	0.01703	0.01013	0.02439	0.00835	0.00976	0.00637	0.00533	0.00386	0.00178	0.00510	0.00329	0.00335	0.00658
1	0.02174	0.01602	0.01717	0.01316	0.01774	0.01774	0.01087	0.74423	0.02689	0.03605	0.01373	0.01373	0.00973	0.00687	0.00572	0.00172	0.00629	0.00515	0.00572	0.00973
2	0.02174	0.01602	0.01717	0.01316	0.01774	0.01774	0.01087	0.74423	0.02689	0.03605	0.01373	0.01373	0.00973	0.00687	0.00572	0.00172	0.00629	0.00515	0.00572	0.00973
3	0.00832	0.00555	0.00624	0.00624	0.00624	0.00555	0.00347	0.00832	0.00832	0.01109	0.01802	0.03743	0.02080	0.79898	0.02911	0.00555	0.00555	0.00832	0.00347	0.00347
4	0.01147	0.02959	0.76934	0.01630	0.02476	0.01328	0.02113	0.01811	0.01208	0.01811	0.01026	0.01208	0.00725	0.00543	0.00543	0.00181	0.00845	0.00423	0.00242	0.00845
5	0.02174	0.01602	0.01717	0.01316	0.01774	0.01774	0.01087	0.74423	0.02689	0.03605	0.01373	0.01373	0.00973	0.00687	0.00572	0.00172	0.00629	0.00515	0.00572	0.00973
6	0.02566	0.00973	0.01327	0.01018	0.01460	0.00841	0.00841	0.02788	0.01637	0.76726	0.02257	0.01947	0.01416	0.00708	0.00575	0.00177	0.00487	0.00575	0.00708	0.00973
7	0.02174	0.01602	0.01717	0.01316	0.01774	0.01774	0.01087	0.74423	0.02689	0.03605	0.01373	0.01373	0.00973	0.00687	0.00572	0.00172	0.00629	0.00515	0.00572	0.00973
8	0.02174	0.01602	0.01717	0.01316	0.01774	0.01774	0.01087	0.74423	0.02689	0.03605	0.01373	0.01373	0.00973	0.00687	0.00572	0.00172	0.00629	0.00515	0.00572	0.00973
9	0.00706	0.00520	0.00642	0.00734	0.00797	0.00477	0.00493	0.00805	0.01113	0.01443	0.03569	0.56652	0.18659	0.09424	0.00934	0.00256	0.00345	0.01461	0.00513	0.00457
10	0.00860	0.00676	0.01001	0.00977	0.01069	0.00817	0.00768	0.01056	0.00915	0.01333	0.01455	0.02149	0.01363	0.03966	0.70160	0.00853	0.09158	0.00602	0.00301	0.00522
11	0.02174	0.01602	0.01717	0.01316	0.01774	0.01774	0.01087	0.74423	0.02689	0.03605	0.01373	0.01373	0.00973	0.00687	0.00572	0.00172	0.00629	0.00515	0.00572	0.00973
12	0.00923	0.00682	0.00873	0.00955	0.01074	0.00693	0.00744	0.04633	0.08344	0.01748	0.02942	0.40186	0.03266	0.01561	0.00732	0.00238	0.00433	0.28884	0.00536	0.00555
13	0.01656	0.01059	0.01682	0.38818	0.15273	0.01135	0.01356	0.01974	0.01343	0.27812	0.01460	0.01654	0.01015	0.00609	0.00572	0.00182	0.00652	0.00532	0.00418	0.00799

[dist]
# distance from previous block
# <min> <max>
0	1

[block]
# block no. 17 follows, 41 sequences, length 9
# corresponding to MSA columns:
# 3558-3566
name=unknown_R
#
# <colnr> <probs for GDERKNQSTAVLIFYWHMCP>
#	G	D	E	R	K	N	Q	S	T	A	V	L	I	F	Y	W	H	M	C	P
0	0.26583	0.01603	0.28297	0.01050	0.01513	0.01051	0.01127	0.01514	0.01252	0.02159	0.21521	0.02207	0.06450	0.00763	0.00528	0.00180	0.00532	0.00600	0.00398	0.00671
1	0.01344	0.42852	0.38769	0.01294	0.01956	0.01811	0.01528	0.01760	0.01184	0.01571	0.00907	0.01058	0.00729	0.00516	0.00452	0.00151	0.00725	0.00362	0.00243	0.00788
2	0.01426	0.00819	0.00959	0.00899	0.01114	0.05426	0.00684	0.01598	0.01387	0.26442	0.09304	0.30741	0.10101	0.01258	0.00659	0.00202	0.00429	0.05313	0.00583	0.00657
3	0.00757	0.00572	0.00705	0.00770	0.00866	0.00541	0.00539	0.00988	0.05962	0.01664	0.14843	0.49951	0.16576	0.01570	0.00703	0.00215	0.00323	0.01398	0.00550	0.00508
4	0.01392	0.01176	0.01826	0.01424	0.01745	0.01262	0.22632	0.15172	0.06694	0.02197	0.01437	0.01710	0.01124	0.00853	0.04703	0.00218	0.10620	0.00580	0.22510	0.00723
5	0.01203	0.12369	0.49897	0.01494	0.02100	0.01505	0.01746	0.01683	0.01126	0.01648	0.00964	0.01220	0.00759	0.00774	0.03841	0.00216	0.16001	0.00430	0.00246	0.00775
6	0.11915	0.49631	0.22374	0.01123	0.01690	0.01890	0.01235	0.01735	0.01150	0.01625	0.00857	0.00996	0.00717	0.00509	0.00412	0.00145	0.00652	0.00337	0.00258	0.00749
7	0.01294	0.09504	0.16061	0.01127	0.01523	0.01207	0.01075	0.06415	0.14226	0.06637	0.08920	0.06367	0.07051	0.00871	0.00654	0.00183	0.05180	0.05251	0.00448	0.06006
8	0.01249	0.03760	0.01555	0.03421	0.17182	0.01075	0.05552	0.10742	0.05832	0.02014	0.06139	0.21050	0.01927	0.00891	0.00591	0.00173	0.00522	0.00802	0.00428	0.15098

[dist]
# distance from previous block
# <min> <max>
2	28

[block]
# block no. 18 follows, 41 sequences, length 13
# corresponding to MSA columns:
# 3597-3609
name=unknown_S
#
# <colnr> <probs for GDERKNQSTAVLIFYWHMCP>
#	G	D	E	R	K	N	Q	S	T	A	V	L	I	F	Y	W	H	M	C	P
