[name]
unknown

[dist]
# distance from previous block
# <min> <max>
47	946

[block]
# block no. 0 follows, 47 sequences, length 11
# corresponding to MSA columns:
# 1158-1168
name=unknown_A
#
# <colnr> <probs for GDERKNQSTAVLIFYWHMCP>
#	G	D	E	R	K	N	Q	S	T	A	V	L	I	F	Y	W	H	M	C	P
0	0.03927	0.01194	0.01779	0.05998	0.03456	0.01221	0.20621	0.18950	0.13794	0.15959	0.03356	0.01552	0.01121	0.00581	0.00538	0.00164	0.00591	0.00536	0.00442	0.04220
1	0.01339	0.01100	0.01619	0.20054	0.29422	0.01175	0.01242	0.07667	0.14552	0.08271	0.01322	0.01577	0.01028	0.00569	0.00519	0.00162	0.00566	0.02503	0.00361	0.04950
2	0.01295	0.01192	0.01602	0.05140	0.24126	0.08542	0.07621	0.07953	0.03447	0.04016	0.05573	0.06299	0.01322	0.00633	0.00523	0.00151	0.00573	0.04235	0.00350	0.15409
3	0.00893	0.00749	0.01122	0.08791	0.12322	0.00726	0.04564	0.01087	0.01056	0.01441	0.01990	0.23847	0.04897	0.11580	0.00858	0.00222	0.00475	0.11773	0.00371	0.11236
4	0.01041	0.00815	0.01171	0.00981	0.01247	0.00734	0.10536	0.07596	0.01201	0.05886	0.01925	0.38053	0.02040	0.01000	0.00563	0.00163	0.00431	0.00912	0.00420	0.23287
5	0.01352	0.01122	0.01538	0.08376	0.08286	0.01200	0.10837	0.15470	0.26560	0.05904	0.01822	0.06421	0.05753	0.00700	0.00547	0.00170	0.00531	0.00622	0.00440	0.02351
6	0.01048	0.01011	0.01770	0.62711	0.14224	0.01182	0.07883	0.01398	0.01078	0.01412	0.00944	0.01376	0.00721	0.00506	0.00528	0.00171	0.00699	0.00476	0.00238	0.00624
7	0.06770	0.01834	0.01441	0.01204	0.01543	0.34789	0.00950	0.37678	0.01896	0.02301	0.01181	0.01235	0.03672	0.00605	0.00491	0.00148	0.00708	0.00425	0.00400	0.00730
8	0.28921	0.01785	0.01163	0.01048	0.01328	0.43861	0.00806	0.05127	0.01294	0.01766	0.00876	0.01010	0.00703	0.00529	0.00415	0.00143	0.00689	0.00337	0.07605	0.00593
9	0.01580	0.33643	0.15276	0.01066	0.01497	0.01468	0.01064	0.01826	0.01160	0.24360	0.01150	0.01199	0.00853	0.00574	0.00598	0.00151	0.11056	0.00393	0.00348	0.00738
10	0.00633	0.00460	0.00598	0.00708	0.00751	0.00424	0.00476	0.00727	0.01014	0.01336	0.03079	0.74718	0.09950	0.01604	0.00660	0.00208	0.00299	0.01447	0.00483	0.00424

[dist]
# distance from previous block
# <min> <max>
0	2

[block]
# block no. 1 follows, 47 sequences, length 31
# corresponding to MSA columns:
# 1171-1201
name=unknown_B
#
# <colnr> <probs for GDERKNQSTAVLIFYWHMCP>
#	G	D	E	R	K	N	Q	S	T	A	V	L	I	F	Y	W	H	M	C	P
0	0.00634	0.00453	0.00604	0.00725	0.00755	0.00423	0.00483	0.00725	0.00997	0.01329	0.02870	0.81358	0.03444	0.01632	0.00665	0.00211	0.00302	0.01480	0.00483	0.00423
1	0.14648	0.00749	0.00818	0.00729	0.00972	0.00746	0.00570	0.03603	0.07515	0.20808	0.04322	0.10930	0.13146	0.00837	0.00492	0.00162	0.00350	0.00684	0.17297	0.00621
2	0.01217	0.01366	0.02894	0.02078	0.02576	0.01297	0.68792	0.01629	0.01200	0.01649	0.01029	0.01374	0.00784	0.00459	0.00656	0.00173	0.04779	0.00590	0.00264	0.05194
3	0.01804	0.01315	0.01403	0.01102	0.01474	0.01455	0.00902	0.61657	0.08483	0.03032	0.01375	0.01389	0.00997	0.00630	0.00503	0.00154	0.00521	0.00481	0.10491	0.00833
4	0.01831	0.01400	0.01479	0.01152	0.01555	0.03144	0.00942	0.60820	0.10918	0.02990	0.01315	0.01310	0.00953	0.00614	0.00510	0.00152	0.00548	0.00467	0.00500	0.07398
5	0.01416	0.01137	0.01215	0.01065	0.01377	0.01296	0.00836	0.09606	0.66368	0.06500	0.02035	0.01869	0.01508	0.00696	0.00529	0.00174	0.00429	0.00574	0.00535	0.00833
6	0.01078	0.10431	0.71560	0.01426	0.02164	0.01292	0.01823	0.01640	0.01095	0.01608	0.00914	0.01074	0.00661	0.00490	0.00479	0.00160	0.00749	0.00374	0.00220	0.00760
7	0.01441	0.01120	0.01389	0.01465	0.16654	0.01208	0.00983	0.18261	0.29965	0.07621	0.08016	0.02048	0.01623	0.00710	0.00543	0.00170	0.00480	0.05026	0.00482	0.00794
8	0.00634	0.00453	0.00604	0.00725	0.00755	0.00423	0.00483	0.00725	0.00997	0.01329	0.02870	0.81358	0.03444	0.01632	0.00665	0.00211	0.00302	0.01480	0.00483	0.00423
9	0.00624	0.00493	0.00563	0.00619	0.00727	0.00432	0.00436	0.00737	0.01099	0.01371	0.04161	0.40387	0.43583	0.01464	0.00638	0.00192	0.00282	0.01276	0.00484	0.00432
10	0.07703	0.26805	0.49611	0.01241	0.01877	0.01466	0.01503	0.01613	0.01070	0.01573	0.00854	0.00999	0.00655	0.00479	0.00432	0.00148	0.00676	0.00344	0.00229	0.00723
11	0.00753	0.00538	0.00740	0.00861	0.00943	0.00525	0.00689	0.00930	0.01114	0.01462	0.02805	0.37659	0.03185	0.01520	0.00696	0.00228	0.00405	0.44011	0.00481	0.00456
12	0.00634	0.00453	0.00604	0.00725	0.00755	0.00423	0.00483	0.00725	0.00997	0.01329	0.02870	0.81358	0.03444	0.01632	0.00665	0.00211	0.00302	0.01480	0.00483	0.00423
13	0.01289	0.01237	0.02114	0.03196	0.78450	0.01237	0.01598	0.01598	0.01186	0.01701	0.00980	0.01289	0.00825	0.00464	0.00516	0.00155	0.00619	0.00464	0.00258	0.00825
14	0.03751	0.01533	0.20133	0.01501	0.02031	0.01132	0.26674	0.07726	0.01369	0.26827	0.01357	0.01426	0.00923	0.00534	0.00542	0.00167	0.00676	0.00511	0.00398	0.00788
15	0.00994	0.00922	0.01303	0.01159	0.01189	0.01240	0.00944	0.01126	0.00808	0.01228	0.00958	0.01537	0.00939	0.05607	0.26934	0.00437	0.51400	0.00503	0.00248	0.00524
16	0.02086	0.01130	0.01373	0.05543	0.01575	0.01150	0.00898	0.32959	0.03823	0.41405	0.01662	0.01541	0.01097	0.00631	0.00523	0.00160	0.00510	0.00499	0.00567	0.00867
17	0.85377	0.01007	0.00765	0.00685	0.01007	0.01168	0.00564	0.01531	0.00886	0.02336	0.00725	0.00846	0.00564	0.00483	0.00322	0.00161	0.00403	0.00282	0.00322	0.00564
18	0.00645	0.00474	0.00604	0.00687	0.00750	0.00434	0.00471	0.00761	0.01085	0.01436	0.12710	0.60288	0.14714	0.01514	0.00651	0.00200	0.00289	0.01356	0.00495	0.00434
19	0.01289	0.01237	0.02114	0.03196	0.78450	0.01237	0.01598	0.01598	0.01186	0.01701	0.00980	0.01289	0.00825	0.00464	0.00516	0.00155	0.00619	0.00464	0.00258	0.00825
20	0.01167	0.30716	0.52054	0.01275	0.01930	0.01510	0.01559	0.01617	0.01085	0.01499	0.00860	0.01006	0.00663	0.00477	0.00438	0.00146	0.00694	0.00347	0.00221	0.00734
21	0.00971	0.00485	0.00485	0.00485	0.00607	0.00485	0.00364	0.01213	0.01092	0.01942	0.01699	0.01942	0.01335	0.00607	0.00364	0.00121	0.00243	0.00485	0.84589	0.00485
22	0.01726	0.14545	0.01656	0.01132	0.01510	0.09519	0.00938	0.40268	0.19073	0.02496	0.01316	0.01308	0.00988	0.00605	0.00487	0.00151	0.00571	0.00452	0.00449	0.00808
23	0.03304	0.34209	0.34172	0.01148	0.01709	0.04193	0.01296	0.01707	0.01140	0.09702	0.02426	0.01107	0.00809	0.00503	0.00431	0.00142	0.00637	0.00363	0.00277	0.00726
24	0.01246	0.02427	0.62308	0.01423	0.02116	0.01297	0.01723	0.17830	0.01390	0.02001	0.01003	0.01132	0.00708	0.00523	0.00500	0.00163	0.00727	0.00403	0.00285	0.00795
25	0.01266	0.01093	0.01149	0.01037	0.01326	0.01258	0.00806	0.02680	0.74197	0.02145	0.02257	0.02076	0.04916	0.00733	0.00534	0.00177	0.00406	0.00611	0.00528	0.00808
26	0.01060	0.00721	0.01141	0.00934	0.01162	0.00661	0.12228	0.01329	0.01439	0.13908	0.54527	0.03180	0.03718	0.00903	0.00600	0.00165	0.00373	0.00827	0.00537	0.00585
27	0.01633	0.01499	0.01911	0.01489	0.01879	0.18882	0.26466	0.08581	0.13848	0.14375	0.01394	0.03324	0.01046	0.00582	0.00546	0.00163	0.00705	0.00540	0.00398	0.00739
28	0.01144	0.01154	0.01674	0.01411	0.01440	0.01580	0.05169	0.01275	0.00821	0.01275	0.00703	0.01154	0.00689	0.00886	0.01651	0.00225	0.76478	0.00464	0.00230	0.00577
29	0.00623	0.00512	0.00548	0.00573	0.00716	0.00437	0.00417	0.00749	0.01154	0.01408	0.06635	0.21337	0.60332	0.01379	0.00626	0.00183	0.00272	0.01177	0.00486	0.00437
30	0.01745	0.02009	0.01411	0.01251	0.01515	0.54110	0.02944	0.12060	0.03507	0.01570	0.01077	0.05471	0.00955	0.04477	0.03474	0.00186	0.00836	0.00456	0.00323	0.00622

[dist]
# distance from previous block
# <min> <max>
0	10

[block]
# block no. 2 follows, 47 sequences, length 13
# corresponding to MSA columns:
# 1212-1224
name=unknown_C
#
# <colnr> <probs for GDERKNQSTAVLIFYWHMCP>
#	G	D	E	R	K	N	Q	S	T	A	V	L	I	F	Y	W	H	M	C	P
0	0.14826	0.01048	0.01233	0.01066	0.04642	0.01071	0.00838	0.21646	0.04087	0.33469	0.01667	0.01898	0.01237	0.00690	0.00512	0.00168	0.00481	0.08106	0.00525	0.00790
1	0.00615	0.00528	0.00528	0.00528	0.00703	0.00440	0.00396	0.00747	0.01187	0.01407	0.05276	0.05012	0.78238	0.01319	0.00615	0.00176	0.00264	0.01099	0.00484	0.00440
2	0.00634	0.00453	0.00604	0.00725	0.00755	0.00423	0.00483	0.00725	0.00997	0.01329	0.02870	0.81358	0.03444	0.01632	0.00665	0.00211	0.00302	0.01480	0.00483	0.00423
3	0.06153	0.01098	0.01572	0.01278	0.01542	0.06966	0.20805	0.05105	0.06458	0.06390	0.06408	0.18462	0.04501	0.00865	0.00706	0.00183	0.09739	0.00762	0.00391	0.00619
4	0.01045	0.02694	0.79000	0.01484	0.02254	0.01209	0.01924	0.01649	0.01099	0.01649	0.00935	0.01099	0.00660	0.00495	0.00495	0.00165	0.00770	0.00385	0.00220	0.00770
5	0.00634	0.00453	0.00604	0.00725	0.00755	0.00423	0.00483	0.00725	0.00997	0.01329	0.02870	0.81358	0.03444	0.01632	0.00665	0.00211	0.00302	0.01480	0.00483	0.00423
6	0.00762	0.00578	0.00842	0.00832	0.00912	0.00677	0.00638	0.00926	0.00827	0.01191	0.01389	0.02145	0.01335	0.11694	0.68442	0.00777	0.04724	0.00574	0.00280	0.00454
7	0.01333	0.01166	0.03868	0.01091	0.01399	0.06469	0.07078	0.14167	0.25180	0.06394	0.15801	0.02386	0.06808	0.00782	0.00558	0.00169	0.00490	0.03661	0.00487	0.00712
8	0.00983	0.00926	0.01562	0.80447	0.03587	0.01157	0.01446	0.01331	0.01041	0.01331	0.00926	0.01388	0.00694	0.00521	0.00521	0.00174	0.00694	0.00463	0.00231	0.00579
9	0.00725	0.00523	0.00685	0.00663	0.00775	0.00483	0.00490	0.00953	0.01419	0.02000	0.69436	0.12880	0.04743	0.01130	0.00620	0.00169	0.00252	0.01004	0.00563	0.00483
10	0.01149	0.01106	0.01808	0.30157	0.35611	0.01285	0.01447	0.01430	0.01052	0.01475	0.00898	0.01292	0.00749	0.00579	0.00770	0.00177	0.17627	0.00462	0.00242	0.00684
11	0.22215	0.13383	0.04507	0.05043	0.42140	0.01340	0.01240	0.01567	0.01084	0.01772	0.00874	0.01108	0.00726	0.00469	0.00440	0.00151	0.00564	0.00388	0.00266	0.00725
12	0.01610	0.01558	0.01834	0.01435	0.01814	0.19553	0.21076	0.20533	0.09407	0.05551	0.01339	0.01442	0.03730	0.00589	0.00568	0.00158	0.03042	0.00508	0.00382	0.03868

[dist]
# distance from previous block
# <min> <max>
0	1

[block]
# block no. 3 follows, 47 sequences, length 81
# corresponding to MSA columns:
# 1226-1306
name=unknown_D
#
# <colnr> <probs for GDERKNQSTAVLIFYWHMCP>
#	G	D	E	R	K	N	Q	S	T	A	V	L	I	F	Y	W	H	M	C	P
0	0.01172	0.04474	0.06684	0.29714	0.44758	0.01241	0.01537	0.01507	0.01125	0.01551	0.00948	0.01293	0.00763	0.00485	0.00509	0.00160	0.00652	0.00451	0.00245	0.00730
1	0.30715	0.01487	0.01172	0.01019	0.01298	0.24152	0.00809	0.14675	0.01348	0.02002	0.01237	0.01340	0.07515	0.00639	0.00562	0.00160	0.08481	0.00419	0.00346	0.00621
2	0.04465	0.05869	0.01067	0.00840	0.01036	0.01020	0.00634	0.22008	0.08038	0.01859	0.01455	0.02213	0.01372	0.31965	0.10907	0.00370	0.00614	0.00582	0.03116	0.00573
3	0.01213	0.01072	0.01665	0.02175	0.42537	0.05009	0.05804	0.04131	0.01103	0.01502	0.01038	0.04460	0.00941	0.00889	0.00945	0.23527	0.00591	0.00503	0.00268	0.00628
4	0.01025	0.00968	0.01637	0.69901	0.13806	0.01168	0.01467	0.01367	0.01061	0.01381	0.00933	0.01375	0.00712	0.00513	0.00520	0.00171	0.00684	0.00463	0.00235	0.00612
5	0.68535	0.01036	0.00888	0.00759	0.01099	0.01166	0.00626	0.08640	0.01098	0.10785	0.00919	0.00985	0.00673	0.00514	0.00363	0.00161	0.00423	0.00326	0.00376	0.00629
6	0.01307	0.00898	0.07756	0.00811	0.01028	0.00756	0.00648	0.07682	0.04088	0.21092	0.01670	0.02552	0.01535	0.44038	0.01660	0.00346	0.00515	0.00635	0.00416	0.00568
7	0.00642	0.00529	0.00564	0.00555	0.00720	0.00451	0.00417	0.00799	0.01250	0.01556	0.21236	0.04766	0.62185	0.01263	0.00615	0.00173	0.00260	0.01065	0.00503	0.00451
8	0.00634	0.00453	0.00604	0.00725	0.00755	0.00423	0.00483	0.00725	0.00997	0.01329	0.02870	0.81358	0.03444	0.01632	0.00665	0.00211	0.00302	0.01480	0.00483	0.00423
9	0.75919	0.00998	0.00789	0.00699	0.01013	0.01149	0.00573	0.05350	0.00979	0.02360	0.00812	0.00934	0.00628	0.00498	0.00335	0.00158	0.00402	0.00304	0.05524	0.00576
10	0.46722	0.00973	0.00973	0.00803	0.01153	0.01023	0.00661	0.06508	0.01225	0.30233	0.04242	0.01326	0.01016	0.00573	0.00419	0.00161	0.00422	0.00407	0.00462	0.00698
11	0.00634	0.00453	0.00604	0.00725	0.00755	0.00423	0.00483	0.00725	0.00997	0.01329	0.02870	0.81358	0.03444	0.01632	0.00665	0.00211	0.00302	0.01480	0.00483	0.00423
12	0.00744	0.00558	0.00837	0.00837	0.00930	0.00651	0.00651	0.00930	0.00837	0.01209	0.01395	0.02046	0.01302	0.03906	0.79635	0.00837	0.01395	0.00558	0.00279	0.00465
13	0.85377	0.01007	0.00765	0.00685	0.01007	0.01168	0.00564	0.01531	0.00886	0.02336	0.00725	0.00846	0.00564	0.00483	0.00322	0.00161	0.00403	0.00282	0.00322	0.00564
14	0.00634	0.00453	0.00604	0.00725	0.00755	0.00423	0.00483	0.00725	0.00997	0.01329	0.02870	0.81358	0.03444	0.01632	0.00665	0.00211	0.00302	0.01480	0.00483	0.00423
15	0.00737	0.00532	0.00696	0.00655	0.00778	0.00491	0.00491	0.00983	0.01474	0.02088	0.78175	0.03890	0.04914	0.01065	0.00614	0.00164	0.00246	0.00942	0.00573	0.00491
16	0.01045	0.02694	0.79000	0.01484	0.02254	0.01209	0.01924	0.01649	0.01099	0.01649	0.00935	0.01099	0.00660	0.00495	0.00495	0.00165	0.00770	0.00385	0.00220	0.00770
17	0.01308	0.00603	0.00685	0.00609	0.00804	0.00578	0.00476	0.03305	0.01226	0.19931	0.03615	0.01933	0.01400	0.00627	0.00411	0.00132	0.00297	0.00505	0.60966	0.00589
18	0.01818	0.01509	0.01423	0.01169	0.01527	0.14993	0.00934	0.39493	0.21887	0.07641	0.01454	0.01412	0.01060	0.00632	0.00515	0.00158	0.00586	0.00481	0.00488	0.00821
19	0.02011	0.01408	0.01531	0.01174	0.01589	0.01539	0.00970	0.70099	0.02363	0.10017	0.01322	0.01297	0.00922	0.00627	0.00521	0.00157	0.00561	0.00474	0.00532	0.00886
20	0.01441	0.01025	0.01194	0.00878	0.01323	0.00887	0.00712	0.16425	0.01411	0.13206	0.01154	0.01214	0.00869	0.00471	0.00433	0.00105	0.00431	0.00372	0.00399	0.56049
21	0.01168	0.04239	0.01911	0.34781	0.44768	0.01236	0.01509	0.01487	0.01122	0.01531	0.00948	0.01312	0.00765	0.00487	0.00511	0.00161	0.00647	0.00456	0.00246	0.00718
22	0.00647	0.00529	0.00571	0.00560	0.00723	0.00453	0.00420	0.00808	0.01261	0.01582	0.24060	0.04723	0.59345	0.01253	0.00615	0.00173	0.00259	0.01059	0.00507	0.00453
23	0.00634	0.00453	0.00604	0.00725	0.00755	0.00423	0.00483	0.00725	0.00997	0.01329	0.02870	0.81358	0.03444	0.01632	0.00665	0.00211	0.00302	0.01480	0.00483	0.00423
24	0.00634	0.00453	0.00604	0.00725	0.00755	0.00423	0.00483	0.00725	0.00997	0.01329	0.02870	0.81358	0.03444	0.01632	0.00665	0.00211	0.00302	0.01480	0.00483	0.00423
25	0.08205	0.00930	0.01144	0.00926	0.01266	0.00895	0.00746	0.15618	0.01541	0.47085	0.01939	0.14266	0.01505	0.00786	0.00531	0.00168	0.00441	0.00648	0.00572	0.00788
26	0.00724	0.00530	0.00679	0.00646	0.00771	0.00485	0.00483	0.00956	0.01437	0.02010	0.69915	0.05870	0.11346	0.01101	0.00616	0.00166	0.00249	0.00969	0.00563	0.00485
27	0.02327	0.00902	0.01218	0.00934	0.01337	0.00789	0.00772	0.04571	0.01517	0.76740	0.02032	0.01758	0.01278	0.00644	0.00524	0.00161	0.00447	0.00522	0.00641	0.00886
28	0.03267	0.00982	0.01500	0.64732	0.03142	0.01192	0.01321	0.11399	0.01227	0.01640	0.00994	0.01378	0.00741	0.00537	0.00510	0.00169	0.00653	0.00460	0.03540	0.00616
29	0.00713	0.00531	0.00663	0.00630	0.00763	0.00481	0.00472	0.00936	0.01417	0.01954	0.63757	0.04112	0.19416	0.01115	0.00614	0.00166	0.00249	0.00973	0.00556	0.00481
30	0.00737	0.00532	0.00696	0.00655	0.00778	0.00491	0.00491	0.00983	0.01474	0.02088	0.78175	0.03890	0.04914	0.01065	0.00614	0.00164	0.00246	0.00942	0.00573	0.00491
31	0.00642	0.00456	0.00602	0.00715	0.00744	0.00428	0.00473	0.00727	0.00982	0.01310	0.02795	0.76556	0.03349	0.06564	0.00787	0.00230	0.00315	0.01436	0.00473	0.00416
32	0.06576	0.00892	0.01186	0.00914	0.01313	0.00786	0.00755	0.02486	0.01460	0.74906	0.01987	0.01725	0.01252	0.00636	0.00513	0.00161	0.00441	0.00511	0.00628	0.00870
33	0.00675	0.00482	0.00651	0.00771	0.00819	0.00458	0.00554	0.00795	0.01037	0.01375	0.02848	0.66429	0.03356	0.01593	0.00675	0.00217	0.00337	0.16010	0.00483	0.00434
34	0.06136	0.01482	0.01489	0.43668	0.02619	0.28320	0.01225	0.01596	0.01168	0.01364	0.00858	0.01187	0.00678	0.00548	0.00565	0.00163	0.05694	0.00408	0.00249	0.00586
35	0.00737	0.00532	0.00696	0.00655	0.00778	0.00491	0.00491	0.00983	0.01474	0.02088	0.78175	0.03890	0.04914	0.01065	0.00614	0.00164	0.00246	0.00942	0.00573	0.00491
36	0.01481	0.01211	0.01282	0.01097	0.01425	0.01382	0.00869	0.22790	0.57184	0.02477	0.01884	0.01755	0.01399	0.00684	0.00527	0.00171	0.00456	0.00556	0.00527	0.00841
37	0.85377	0.01007	0.00765	0.00685	0.01007	0.01168	0.00564	0.01531	0.00886	0.02336	0.00725	0.00846	0.00564	0.00483	0.00322	0.00161	0.00403	0.00282	0.00322	0.00564
38	0.01980	0.01459	0.01563	0.01198	0.01615	0.01615	0.00990	0.76713	0.02448	0.03282	0.01250	0.01250	0.00886	0.00625	0.00521	0.00156	0.00573	0.00469	0.00521	0.00886
39	0.01945	0.02482	0.01476	0.01342	0.01610	0.79608	0.01006	0.02079	0.01476	0.01275	0.00805	0.00939	0.00671	0.00537	0.00470	0.00134	0.00939	0.00335	0.00268	0.00604
40	0.00634	0.00453	0.00604	0.00725	0.00755	0.00423	0.00483	0.00725	0.00997	0.01329	0.02870	0.81358	0.03444	0.01632	0.00665	0.00211	0.00302	0.01480	0.00483	0.00423
41	0.01295	0.01119	0.01178	0.01060	0.01354	0.01295	0.00824	0.02767	0.77509	0.02178	0.02120	0.01943	0.01590	0.00707	0.00530	0.00177	0.00412	0.00589	0.00530	0.00824
42	0.85377	0.01007	0.00765	0.00685	0.01007	0.01168	0.00564	0.01531	0.00886	0.02336	0.00725	0.00846	0.00564	0.00483	0.00322	0.00161	0.00403	0.00282	0.00322	0.00564
43	0.02336	0.00886	0.01209	0.00927	0.01329	0.00765	0.00765	0.02538	0.01491	0.78810	0.02055	0.01773	0.01289	0.00645	0.00524	0.00161	0.00443	0.00524	0.00645	0.00886
44	0.00971	0.00485	0.00485	0.00485	0.00607	0.00485	0.00364	0.01213	0.01092	0.01942	0.01699	0.01942	0.01335	0.00607	0.00364	0.00121	0.00243	0.00485	0.84589	0.00485
45	0.01289	0.01237	0.02114	0.03196	0.78450	0.01237	0.01598	0.01598	0.01186	0.01701	0.00980	0.01289	0.00825	0.00464	0.00516	0.00155	0.00619	0.00464	0.00258	0.00825
46	0.00634	0.00453	0.00604	0.00725	0.00755	0.00423	0.00483	0.00725	0.00997	0.01329	0.02870	0.81358	0.03444	0.01632	0.00665	0.00211	0.00302	0.01480	0.00483	0.00423
47	0.00672	0.00530	0.00606	0.00587	0.00738	0.00464	0.00440	0.00857	0.01320	0.01723	0.39136	0.04491	0.44180	0.01201	0.00615	0.00170	0.00255	0.01026	0.00525	0.00464
48	0.00765	0.00513	0.00592	0.00602	0.00613	0.00513	0.00362	0.00786	0.00796	0.01058	0.01739	0.03625	0.01991	0.74618	0.02480	0.00481	0.00503	0.07302	0.00330	0.00330
49	0.01350	0.01257	0.02065	0.03020	0.71672	0.01271	0.01545	0.08224	0.01297	0.01841	0.01003	0.01285	0.00830	0.00478	0.00516	0.00155	0.00615	0.00464	0.00281	0.00830
50	0.00706	0.00531	0.00653	0.00622	0.00759	0.00478	0.00467	0.00922	0.01400	0.01913	0.59391	0.04179	0.23808	0.01130	0.00615	0.00167	0.00250	0.00982	0.00550	0.00478
51	0.02336	0.00886	0.01209	0.00927	0.01329	0.00765	0.00765	0.02538	0.01491	0.78810	0.02055	0.01773	0.01289	0.00645	0.00524	0.00161	0.00443	0.00524	0.00645	0.00886
52	0.00983	0.00926	0.01562	0.80447	0.03587	0.01157	0.01446	0.01331	0.01041	0.01331	0.00926	0.01388	0.00694	0.00521	0.00521	0.00174	0.00694	0.00463	0.00231	0.00579
53	0.01712	0.02046	0.01514	0.01343	0.01539	0.53504	0.01044	0.05030	0.01319	0.01354	0.00789	0.01011	0.00684	0.00650	0.00833	0.00162	0.24215	0.00376	0.00267	0.00606
54	0.01045	0.02694	0.79000	0.01484	0.02254	0.01209	0.01924	0.01649	0.01099	0.01649	0.00935	0.01099	0.00660	0.00495	0.00495	0.00165	0.00770	0.00385	0.00220	0.00770
55	0.01268	0.01386	0.02127	0.06502	0.02116	0.14432	0.38435	0.05275	0.01315	0.01658	0.08547	0.04859	0.05211	0.00639	0.00624	0.00170	0.03842	0.00634	0.00323	0.00638
56	0.01709	0.02088	0.01511	0.01349	0.01539	0.56694	0.01045	0.01837	0.01277	0.01268	0.00769	0.00998	0.00675	0.00647	0.00834	0.00162	0.24379	0.00371	0.00256	0.00594
57	0.01392	0.82012	0.02729	0.00891	0.01337	0.02061	0.00891	0.01559	0.01058	0.01225	0.00724	0.00835	0.00668	0.00446	0.00334	0.00111	0.00557	0.00278	0.00223	0.00668
58	0.08381	0.01209	0.01489	0.02641	0.01567	0.09673	0.11973	0.13953	0.05235	0.22918	0.04212	0.01563	0.01151	0.00949	0.08815	0.00233	0.02362	0.00508	0.00439	0.00728
59	0.00634	0.00453	0.00604	0.00725	0.00755	0.00423	0.00483	0.00725	0.00997	0.01329	0.02870	0.81358	0.03444	0.01632	0.00665	0.00211	0.00302	0.01480	0.00483	0.00423
60	0.00757	0.00505	0.00568	0.00568	0.00568	0.00505	0.00316	0.00757	0.00757	0.01010	0.01641	0.03408	0.01893	0.81698	0.02651	0.00505	0.00505	0.00757	0.00316	0.00316
61	0.01100	0.00861	0.01159	0.01029	0.01139	0.01042	0.00846	0.01250	0.01031	0.10766	0.05073	0.02650	0.17664	0.01251	0.07210	0.00254	0.37283	0.07459	0.00373	0.00561
62	0.01304	0.49220	0.29472	0.01127	0.01676	0.06538	0.01261	0.01623	0.01098	0.01377	0.00803	0.00935	0.00665	0.00468	0.00399	0.00132	0.00655	0.00319	0.00225	0.00700
63	0.01671	0.01579	0.01485	0.01237	0.01494	0.21377	0.00996	0.33621	0.01698	0.02134	0.01239	0.01374	0.05544	0.00719	0.00820	0.00170	0.21288	0.00470	0.00379	0.00705
64	0.01392	0.82012	0.02729	0.00891	0.01337	0.02061	0.00891	0.01559	0.01058	0.01225	0.00724	0.00835	0.00668	0.00446	0.00334	0.00111	0.00557	0.00278	0.00223	0.00668
65	0.00713	0.00524	0.00668	0.00648	0.00767	0.00479	0.00480	0.00931	0.01395	0.01937	0.62541	0.11638	0.13042	0.01149	0.00619	0.00170	0.00253	0.01013	0.00554	0.00479
66	0.00919	0.00670	0.00833	0.00756	0.00984	0.00553	0.00555	0.01073	0.01061	0.06251	0.02037	0.44113	0.02235	0.01069	0.00544	0.00154	0.00344	0.00949	0.00423	0.34478
67	0.01065	0.07287	0.74583	0.01450	0.02201	0.01259	0.01864	0.01644	0.01097	0.01625	0.00922	0.01084	0.00660	0.00492	0.00485	0.00162	0.00757	0.00379	0.00220	0.00764
68	0.00666	0.00495	0.00665	0.00765	0.00793	0.00495	0.00524	0.00758	0.00985	0.01325	0.02736	0.76417	0.03274	0.01587	0.00729	0.00213	0.05258	0.01417	0.00468	0.00432
69	0.00634	0.00453	0.00604	0.00725	0.00755	0.00423	0.00483	0.00725	0.00997	0.01329	0.02870	0.81358	0.03444	0.01632	0.00665	0.00211	0.00302	0.01480	0.00483	0.00423
70	0.00676	0.00530	0.00612	0.00591	0.00741	0.00465	0.00443	0.00865	0.01330	0.01747	0.41704	0.04451	0.41597	0.01192	0.00615	0.00170	0.00255	0.01020	0.00528	0.00465
71	0.01410	0.75454	0.05066	0.00933	0.01379	0.05993	0.00929	0.01589	0.01081	0.01241	0.00735	0.00849	0.00668	0.00452	0.00346	0.00114	0.00583	0.00285	0.00225	0.00668
72	0.73319	0.00990	0.00830	0.00720	0.01054	0.01110	0.00593	0.01677	0.00974	0.13441	0.00918	0.00981	0.00669	0.00507	0.00352	0.00161	0.00409	0.00317	0.00369	0.00611
73	0.00634	0.00453	0.00604	0.00725	0.00755	0.00423	0.00483	0.00725	0.00997	0.01329	0.02870	0.81358	0.03444	0.01632	0.00665	0.00211	0.00302	0.01480	0.00483	0.00423
74	0.85377	0.01007	0.00765	0.00685	0.01007	0.01168	0.00564	0.01531	0.00886	0.02336	0.00725	0.00846	0.00564	0.00483	0.00322	0.00161	0.00403	0.00282	0.00322	0.00564
75	0.01078	0.01025	0.01623	0.50012	0.09991	0.01293	0.01367	0.03166	0.01024	0.01392	0.00874	0.01309	0.00708	0.00623	0.00839	0.00186	0.22182	0.00461	0.00240	0.00607
76	0.02104	0.00835	0.01134	0.00887	0.01249	0.00726	0.00726	0.02312	0.01488	0.67670	0.13108	0.02080	0.01815	0.00706	0.00537	0.00162	0.00414	0.00584	0.00634	0.00829
77	0.01938	0.01530	0.01533	0.01203	0.01600	0.08477	0.00982	0.65915	0.06641	0.03042	0.01261	0.01262	0.00907	0.00622	0.00517	0.00155	0.00596	0.00464	0.00499	0.00857
78	0.01080	0.00926	0.01080	0.00771	0.01234	0.00694	0.00617	0.01311	0.01080	0.01697	0.00926	0.01080	0.00771	0.00386	0.00386	0.00077	0.00386	0.00309	0.00309	0.84882
79	0.00827	0.00595	0.00704	0.00735	0.00863	0.00574	0.00527	0.01136	0.12186	0.06113	0.03336	0.45257	0.22446	0.01357	0.00624	0.00194	0.00317	0.01195	0.00500	0.00513
80	0.01455	0.53229	0.18858	0.01023	0.01532	0.01690	0.01094	0.01721	0.01130	0.12582	0.00962	0.01028	0.00757	0.00485	0.00396	0.00130	0.00586	0.00337	0.00283	0.00722

[dist]
# distance from previous block
# <min> <max>
0	2

[block]
# block no. 4 follows, 47 sequences, length 18
# corresponding to MSA columns:
# 1309-1326
name=unknown_E
#
# <colnr> <probs for GDERKNQSTAVLIFYWHMCP>
#	G	D	E	R	K	N	Q	S	T	A	V	L	I	F	Y	W	H	M	C	P
0	0.01268	0.53587	0.30062	0.01104	0.01665	0.01756	0.01261	0.01592	0.01073	0.01377	0.00799	0.00930	0.00665	0.00463	0.00392	0.00131	0.00633	0.00317	0.00222	0.00705
1	0.01234	0.10938	0.01344	0.00841	0.01296	0.00980	0.00699	0.11017	0.01253	0.01842	0.00943	0.01072	0.00773	0.00424	0.00397	0.00091	0.00431	0.00325	0.00325	0.63776
2	0.01045	0.02694	0.79000	0.01484	0.02254	0.01209	0.01924	0.01649	0.01099	0.01649	0.00935	0.01099	0.00660	0.00495	0.00495	0.00165	0.00770	0.00385	0.00220	0.00770
3	0.02336	0.00886	0.01209	0.00927	0.01329	0.00765	0.00765	0.02538	0.01491	0.78810	0.02055	0.01773	0.01289	0.00645	0.00524	0.00161	0.00443	0.00524	0.00645	0.00886
4	0.01099	0.00542	0.00605	0.00590	0.00741	0.00529	0.00465	0.01337	0.01147	0.10049	0.01866	0.02406	0.01534	0.00713	0.00425	0.00140	0.00293	0.09621	0.65369	0.00527
5	0.00630	0.00528	0.00548	0.00543	0.00713	0.00446	0.00407	0.00776	0.01222	0.01490	0.14216	0.04874	0.69246	0.01288	0.00615	0.00174	0.00262	0.01080	0.00495	0.00446
6	0.00744	0.00558	0.00837	0.00837	0.00930	0.00651	0.00651	0.00930	0.00837	0.01209	0.01395	0.02046	0.01302	0.03906	0.79635	0.00837	0.01395	0.00558	0.00279	0.00465
7	0.55909	0.00964	0.00923	0.00771	0.01121	0.01025	0.00635	0.01888	0.01101	0.29474	0.01197	0.01175	0.00821	0.00541	0.00394	0.00161	0.00417	0.00368	0.00437	0.00678
8	0.00744	0.00558	0.00837	0.00837	0.00930	0.00651	0.00651	0.00930	0.00837	0.01209	0.01395	0.02046	0.01302	0.03906	0.79635	0.00837	0.01395	0.00558	0.00279	0.00465
9	0.75025	0.00943	0.00731	0.00660	0.00958	0.01085	0.00539	0.01492	0.00912	0.02288	0.00845	0.00980	0.00659	0.00499	0.00327	0.00156	0.00383	0.00307	0.10657	0.00554
10	0.01829	0.00894	0.01066	0.00852	0.01171	0.00876	0.00693	0.19346	0.01589	0.37375	0.01757	0.01704	0.01210	0.00628	0.00473	0.00148	0.00411	0.00499	0.26718	0.00761
11	0.00651	0.00529	0.00577	0.00565	0.00725	0.00455	0.00424	0.00816	0.01271	0.01607	0.26669	0.04683	0.56721	0.01244	0.00615	0.00172	0.00258	0.01053	0.00510	0.00455
12	0.00983	0.00926	0.01562	0.80447	0.03587	0.01157	0.01446	0.01331	0.01041	0.01331	0.00926	0.01388	0.00694	0.00521	0.00521	0.00174	0.00694	0.00463	0.00231	0.00579
13	0.00757	0.00505	0.00568	0.00568	0.00568	0.00505	0.00316	0.00757	0.00757	0.01010	0.01641	0.03408	0.01893	0.81698	0.02651	0.00505	0.00505	0.00757	0.00316	0.00316
14	0.00634	0.00453	0.00604	0.00725	0.00755	0.00423	0.00483	0.00725	0.00997	0.01329	0.02870	0.81358	0.03444	0.01632	0.00665	0.00211	0.00302	0.01480	0.00483	0.00423
15	0.01618	0.01047	0.01187	0.01019	0.01346	0.01131	0.00806	0.02696	0.53956	0.25921	0.02099	0.01890	0.01497	0.00687	0.00528	0.00172	0.00422	0.00569	0.00565	0.00843
16	0.20886	0.01110	0.01050	0.00891	0.01205	0.10597	0.00711	0.05153	0.12059	0.27249	0.01525	0.01485	0.01080	0.00597	0.00450	0.00154	0.00468	0.00447	0.12170	0.00714
17	0.02069	0.01350	0.01470	0.01135	0.01543	0.04156	0.00934	0.55350	0.02172	0.22279	0.01438	0.01371	0.00980	0.00627	0.00520	0.00157	0.00553	0.00478	0.00543	0.00876

[dist]
# distance from previous block
# <min> <max>
6	53

[block]
# block no. 5 follows, 47 sequences, length 63
# corresponding to MSA columns:
# 1388-1450
name=unknown_F
#
# <colnr> <probs for GDERKNQSTAVLIFYWHMCP>
#	G	D	E	R	K	N	Q	S	T	A	V	L	I	F	Y	W	H	M	C	P
0	0.11198	0.06004	0.11012	0.22094	0.03458	0.01103	0.13380	0.01496	0.02376	0.07425	0.05251	0.01836	0.09953	0.00626	0.00514	0.00166	0.00594	0.00549	0.00328	0.00637
1	0.04384	0.11943	0.02050	0.02351	0.47121	0.06687	0.05793	0.01640	0.01184	0.04399	0.00964	0.01198	0.00795	0.00466	0.00478	0.00143	0.00616	0.00424	0.00274	0.07090
2	0.00900	0.00718	0.00854	0.00846	0.00947	0.02684	0.00627	0.06265	0.06887	0.01623	0.09064	0.41288	0.06165	0.01310	0.02690	0.00209	0.09756	0.01047	0.05603	0.00518
3	0.06488	0.01389	0.01322	0.01241	0.07169	0.16175	0.00906	0.26456	0.15202	0.02195	0.01540	0.07327	0.03935	0.00896	0.05232	0.00201	0.00626	0.00555	0.00424	0.00723
4	0.24822	0.01127	0.01503	0.07251	0.31367	0.03922	0.03611	0.01583	0.01106	0.06425	0.01007	0.03193	0.00824	0.00507	0.00454	0.00151	0.00540	0.00426	0.00309	0.09872
5	0.01304	0.01355	0.02640	0.01924	0.02370	0.01355	0.56277	0.11717	0.01360	0.01860	0.03814	0.01447	0.00941	0.00533	0.00709	0.00178	0.08614	0.00591	0.00306	0.00707
6	0.01265	0.11582	0.02360	0.18170	0.22337	0.06836	0.26863	0.01596	0.01175	0.01524	0.00949	0.01266	0.00756	0.00470	0.00524	0.00159	0.00737	0.00482	0.00251	0.00698
7	0.01623	0.01217	0.02922	0.01077	0.01421	0.01309	0.00872	0.30089	0.35360	0.10637	0.01736	0.01737	0.01295	0.05495	0.00652	0.00187	0.00488	0.00543	0.00519	0.00822
8	0.00634	0.00456	0.00602	0.00718	0.00753	0.00424	0.00480	0.00726	0.01004	0.01332	0.02956	0.78631	0.06116	0.01620	0.00663	0.00210	0.00301	0.01467	0.00483	0.00424
9	0.01559	0.00738	0.00974	0.00804	0.01075	0.00664	0.00641	0.04456	0.01511	0.39517	0.36849	0.02785	0.04468	0.00849	0.00567	0.00162	0.00354	0.00724	0.00604	0.00697
10	0.01237	0.00927	0.06441	0.00980	0.05708	0.00833	0.00766	0.14824	0.01409	0.11490	0.13206	0.05225	0.07424	0.04050	0.09778	0.00248	0.00533	0.00647	0.13640	0.00634
11	0.00983	0.00926	0.01562	0.80447	0.03587	0.01157	0.01446	0.01331	0.01041	0.01331	0.00926	0.01388	0.00694	0.00521	0.00521	0.00174	0.00694	0.00463	0.00231	0.00579
12	0.00634	0.00453	0.00604	0.00725	0.00755	0.00423	0.00483	0.00725	0.00997	0.01329	0.02870	0.81358	0.03444	0.01632	0.00665	0.00211	0.00302	0.01480	0.00483	0.00423
13	0.01907	0.00828	0.01086	0.00864	0.01201	0.00739	0.00702	0.06129	0.01516	0.55444	0.15626	0.02360	0.07686	0.00768	0.00546	0.00162	0.00402	0.00637	0.00613	0.00783
14	0.01095	0.05849	0.01788	0.53776	0.24702	0.01234	0.01456	0.01420	0.01083	0.01430	0.00929	0.01327	0.00730	0.00500	0.00508	0.00164	0.00665	0.00452	0.00238	0.00654
15	0.01146	0.01168	0.01792	0.04135	0.01624	0.01543	0.11270	0.01312	0.00864	0.01312	0.00741	0.01183	0.00698	0.00835	0.01522	0.00219	0.67338	0.00477	0.00233	0.00588
16	0.85377	0.01007	0.00765	0.00685	0.01007	0.01168	0.00564	0.01531	0.00886	0.02336	0.00725	0.00846	0.00564	0.00483	0.00322	0.00161	0.00403	0.00282	0.00322	0.00564
17	0.03124	0.00709	0.00920	0.00812	0.01061	0.00635	0.00627	0.01715	0.03262	0.40635	0.02676	0.28573	0.10929	0.01049	0.00578	0.00180	0.00374	0.00905	0.00563	0.00673
18	0.00777	0.00513	0.00614	0.00601	0.00723	0.00479	0.00446	0.00997	0.01304	0.01914	0.43918	0.09328	0.12370	0.01016	0.00552	0.00158	0.00251	0.00880	0.22681	0.00479
19	0.01153	0.01819	0.29463	0.01840	0.02446	0.01233	0.44765	0.01635	0.01173	0.01664	0.01002	0.01274	0.00743	0.00454	0.00555	0.00164	0.00803	0.00511	0.00252	0.07051
20	0.00634	0.00453	0.00604	0.00725	0.00755	0.00423	0.00483	0.00725	0.00997	0.01329	0.02870	0.81358	0.03444	0.01632	0.00665	0.00211	0.00302	0.01480	0.00483	0.00423
21	0.00839	0.00599	0.00839	0.00959	0.01079	0.00599	0.00839	0.01079	0.01199	0.01558	0.02757	0.05874	0.02997	0.01439	0.00719	0.00240	0.00480	0.74945	0.00480	0.00480
22	0.00659	0.00529	0.00588	0.00574	0.00730	0.00458	0.00430	0.00832	0.01291	0.01653	0.31563	0.04607	0.51797	0.01227	0.00615	0.00172	0.00257	0.01042	0.00516	0.00458
23	0.00646	0.00462	0.00615	0.00717	0.00758	0.00431	0.00484	0.00755	0.01052	0.01417	0.11609	0.72368	0.03615	0.01566	0.00659	0.00206	0.00296	0.01418	0.00494	0.00431
24	0.01139	0.01139	0.01595	0.01367	0.01367	0.01595	0.01139	0.01253	0.00798	0.01253	0.00684	0.01139	0.00684	0.00911	0.01709	0.00228	0.80745	0.00456	0.00228	0.00570
25	0.00634	0.00453	0.00604	0.00725	0.00755	0.00423	0.00483	0.00725	0.00997	0.01329	0.02870	0.81358	0.03444	0.01632	0.00665	0.00211	0.00302	0.01480	0.00483	0.00423
26	0.01249	0.01349	0.02754	0.02528	0.27878	0.01290	0.51657	0.01645	0.01215	0.01679	0.01029	0.01366	0.00802	0.00447	0.00582	0.00169	0.00792	0.00565	0.00262	0.00743
27	0.00792	0.00582	0.00775	0.00873	0.01001	0.00565	0.00747	0.01008	0.01191	0.01524	0.03229	0.07682	0.17004	0.01421	0.00699	0.00227	0.00435	0.59293	0.00480	0.00471
28	0.00628	0.00478	0.00578	0.00658	0.00738	0.00429	0.00454	0.00733	0.01061	0.01356	0.03684	0.55517	0.28760	0.01526	0.00648	0.00199	0.00289	0.01351	0.00483	0.00429
29	0.01945	0.02482	0.01476	0.01342	0.01610	0.79608	0.01006	0.02079	0.01476	0.01275	0.00805	0.00939	0.00671	0.00537	0.00470	0.00134	0.00939	0.00335	0.00268	0.00604
30	0.01069	0.08205	0.73700	0.01443	0.02190	0.01269	0.01852	0.01643	0.01097	0.01620	0.00920	0.01081	0.00660	0.00491	0.00484	0.00161	0.00755	0.00377	0.00220	0.00763
31	0.01577	0.00727	0.00943	0.00803	0.01065	0.00656	0.00630	0.01763	0.02867	0.42449	0.02590	0.08149	0.14488	0.10236	0.05738	0.00251	0.00470	0.03387	0.00538	0.00673
32	0.63509	0.00975	0.00882	0.00748	0.01092	0.01062	0.00617	0.01796	0.01045	0.22475	0.01075	0.01090	0.00755	0.00526	0.00375	0.00161	0.00413	0.00346	0.00407	0.00649
33	0.02177	0.01143	0.01367	0.01048	0.01457	0.01146	0.00866	0.35786	0.01920	0.44955	0.01694	0.01538	0.01108	0.00636	0.00522	0.00159	0.00501	0.00499	0.00589	0.00886
34	0.01465	0.01114	0.03212	0.01043	0.01365	0.01190	0.00843	0.07020	0.55224	0.14157	0.04617	0.01991	0.01615	0.00712	0.00534	0.00173	0.00431	0.01937	0.00540	0.00819
35	0.01303	0.01231	0.05055	0.12837	0.22363	0.01255	0.13294	0.03964	0.19739	0.06551	0.01315	0.01492	0.01002	0.00572	0.00610	0.00171	0.05620	0.00518	0.00349	0.00758
36	0.01240	0.01205	0.02136	0.22546	0.39377	0.01256	0.16793	0.06023	0.01233	0.01694	0.00997	0.01336	0.00788	0.00483	0.00537	0.00164	0.00688	0.00495	0.00268	0.00741
37	0.00633	0.00458	0.00600	0.00713	0.00752	0.00424	0.00478	0.00726	0.01008	0.01334	0.03014	0.76806	0.07904	0.01613	0.00662	0.00209	0.00300	0.01458	0.00483	0.00424
38	0.01553	0.01350	0.04584	0.01330	0.01726	0.02676	0.17078	0.36076	0.13587	0.02492	0.01421	0.01501	0.02255	0.00605	0.00545	0.00162	0.01739	0.00525	0.08014	0.00780
39	0.79111	0.01041	0.00825	0.00723	0.01053	0.01202	0.00596	0.07180	0.01004	0.02408	0.00765	0.00876	0.00588	0.00494	0.00337	0.00161	0.00416	0.00296	0.00337	0.00588
40	0.01348	0.01130	0.01446	0.01056	0.01513	0.01023	0.09534	0.22378	0.01479	0.02136	0.01031	0.01165	0.00805	0.00459	0.00450	0.00111	0.00495	0.00389	0.00363	0.51691
41	0.01160	0.00977	0.01122	0.00821	0.01270	0.00799	0.00657	0.07064	0.05740	0.01845	0.01021	0.01144	0.00829	0.00423	0.00404	0.00089	0.00401	0.00337	0.00338	0.73558
42	0.00634	0.00453	0.00604	0.00725	0.00755	0.00423	0.00483	0.00725	0.00997	0.01329	0.02870	0.81358	0.03444	0.01632	0.00665	0.00211	0.00302	0.01480	0.00483	0.00423
43	0.01139	0.01139	0.01595	0.01367	0.01367	0.01595	0.01139	0.01253	0.00798	0.01253	0.00684	0.01139	0.00684	0.00911	0.01709	0.00228	0.80745	0.00456	0.00228	0.00570
44	0.01945	0.01112	0.01299	0.01040	0.01416	0.01152	0.00845	0.23407	0.23012	0.36201	0.01847	0.01674	0.01260	0.00656	0.00525	0.00164	0.00471	0.00527	0.00578	0.00869
45	0.00634	0.00453	0.00604	0.00725	0.00755	0.00423	0.00483	0.00725	0.00997	0.01329	0.02870	0.81358	0.03444	0.01632	0.00665	0.00211	0.00302	0.01480	0.00483	0.00423
46	0.00749	0.00537	0.00731	0.00731	0.00787	0.00593	0.00519	0.00862	0.00806	0.01130	0.01492	0.02583	0.01535	0.34607	0.49252	0.00706	0.01044	0.00637	0.00293	0.00406
47	0.01229	0.01405	0.03073	0.02195	0.02722	0.01317	0.76558	0.01668	0.01229	0.01668	0.01054	0.01405	0.00790	0.00439	0.00615	0.00176	0.00878	0.00615	0.00263	0.00702
48	0.00634	0.00453	0.00604	0.00725	0.00755	0.00423	0.00483	0.00725	0.00997	0.01329	0.02870	0.81358	0.03444	0.01632	0.00665	0.00211	0.00302	0.01480	0.00483	0.00423
49	0.01904	0.01386	0.01482	0.01145	0.01539	0.01530	0.00943	0.71040	0.02347	0.03181	0.01284	0.01302	0.00919	0.00624	0.00509	0.00154	0.00548	0.00470	0.06838	0.00856
50	0.34345	0.00976	0.01064	0.00854	0.01227	0.00985	0.00705	0.07723	0.01329	0.43633	0.01481	0.01376	0.00979	0.00581	0.00446	0.00161	0.00437	0.00426	0.00511	0.00762
51	0.02336	0.00886	0.01209	0.00927	0.01329	0.00765	0.00765	0.02538	0.01491	0.78810	0.02055	0.01773	0.01289	0.00645	0.00524	0.00161	0.00443	0.00524	0.00645	0.00886
52	0.00683	0.00488	0.00660	0.00781	0.00832	0.00465	0.00568	0.00809	0.01045	0.01384	0.02843	0.63460	0.03338	0.01586	0.00678	0.00218	0.00344	0.18900	0.00482	0.00436
53	0.00983	0.00926	0.01562	0.80447	0.03587	0.01157	0.01446	0.01331	0.01041	0.01331	0.00926	0.01388	0.00694	0.00521	0.00521	0.00174	0.00694	0.00463	0.00231	0.00579
54	0.01742	0.00902	0.01114	0.00924	0.01246	0.00888	0.00739	0.02354	0.25630	0.41803	0.14646	0.02176	0.01983	0.00734	0.00541	0.00166	0.00401	0.00613	0.00596	0.00801
55	0.00643	0.00459	0.00600	0.00708	0.00740	0.00429	0.00469	0.00728	0.00985	0.01308	0.02846	0.73571	0.05373	0.07481	0.00809	0.00232	0.00316	0.01417	0.00471	0.00416
56	0.02243	0.01036	0.01301	0.00997	0.01404	0.00987	0.00824	0.21909	0.01741	0.59086	0.01844	0.01636	0.01184	0.00639	0.00523	0.00160	0.00477	0.00509	0.00612	0.00886
57	0.36739	0.38089	0.03913	0.01003	0.07022	0.03150	0.00837	0.01563	0.01005	0.01741	0.00751	0.00883	0.00636	0.00466	0.00350	0.00137	0.00510	0.00298	0.00268	0.00638
58	0.01178	0.01079	0.00975	0.00864	0.01080	0.15845	0.00665	0.15373	0.01601	0.02023	0.34575	0.03049	0.17758	0.00931	0.00569	0.00159	0.00444	0.00768	0.00487	0.00577
59	0.01309	0.00994	0.01376	0.26680	0.02081	0.01043	0.04955	0.17372	0.01394	0.08182	0.01294	0.07382	0.01054	0.00613	0.00501	0.00150	0.00539	0.00527	0.06309	0.16245
60	0.01219	0.01095	0.01907	0.01509	0.04661	0.01062	0.34051	0.10929	0.04110	0.05061	0.02070	0.02422	0.14663	0.00723	0.00583	0.00173	0.00613	0.06247	0.06238	0.00664
61	0.01008	0.00918	0.01417	0.05861	0.01522	0.00942	0.18860	0.06959	0.09263	0.01613	0.02410	0.02736	0.22094	0.11970	0.06693	0.00269	0.03782	0.00732	0.00376	0.00575
62	0.07911	0.07167	0.01715	0.02558	0.01633	0.01159	0.19964	0.14917	0.05506	0.10984	0.11581	0.03897	0.04365	0.00660	0.00531	0.00160	0.00546	0.00596	0.00425	0.03726

[dist]
# distance from previous block
# <min> <max>
0	38

[block]
# block no. 6 follows, 47 sequences, length 62
# corresponding to MSA columns:
# 1489-1550
name=unknown_G
#
# <colnr> <probs for GDERKNQSTAVLIFYWHMCP>
#	G	D	E	R	K	N	Q	S	T	A	V	L	I	F	Y	W	H	M	C	P
0	0.01075	0.09221	0.20453	0.01153	0.01502	0.07568	0.09143	0.01430	0.06254	0.03036	0.01613	0.23034	0.01624	0.08034	0.02350	0.00215	0.00607	0.00744	0.00339	0.00605
1	0.01281	0.19803	0.02020	0.04038	0.03211	0.07861	0.21269	0.10618	0.01345	0.01689	0.04674	0.05565	0.08710	0.00698	0.00530	0.00159	0.00626	0.04914	0.00341	0.00647
2	0.01010	0.00723	0.00923	0.04595	0.07877	0.00714	0.00689	0.01379	0.13481	0.10658	0.03079	0.26848	0.23705	0.01124	0.00593	0.00183	0.00371	0.00980	0.00479	0.00590
3	0.01212	0.01354	0.02792	0.02038	0.02464	0.01370	0.62221	0.01589	0.01147	0.01589	0.00983	0.01354	0.00770	0.00529	0.00823	0.00186	0.16061	0.00584	0.00257	0.00677
4	0.00641	0.00471	0.00601	0.00690	0.00750	0.00431	0.00471	0.00751	0.01066	0.01407	0.09850	0.63530	0.14355	0.01537	0.00653	0.00202	0.00292	0.01378	0.00491	0.00431
5	0.01089	0.05724	0.45551	0.01600	0.02224	0.01218	0.24437	0.01592	0.01170	0.01674	0.07765	0.01426	0.01074	0.00526	0.00534	0.00166	0.00747	0.00499	0.00264	0.00720
6	0.00785	0.00698	0.01133	0.01023	0.01162	0.00692	0.14457	0.00947	0.01049	0.01396	0.02686	0.48826	0.13323	0.01305	0.00741	0.00201	0.07488	0.01178	0.00421	0.00489
7	0.02320	0.00912	0.01225	0.00939	0.01342	0.00804	0.00776	0.05916	0.01534	0.75371	0.02018	0.01749	0.01271	0.00644	0.00524	0.00161	0.00449	0.00521	0.00639	0.00886
8	0.25246	0.00644	0.00605	0.00574	0.00753	0.00683	0.00445	0.01263	0.01103	0.02082	0.15420	0.01983	0.01768	0.00655	0.00398	0.00141	0.00289	0.00510	0.44929	0.00509
9	0.01138	0.00981	0.01225	0.04381	0.09057	0.00810	0.00767	0.04774	0.01151	0.01754	0.00946	0.01121	0.00779	0.00410	0.00410	0.00093	0.00430	0.00338	0.00310	0.69125
10	0.01018	0.00974	0.01356	0.01212	0.01220	0.01312	0.00981	0.01126	0.00846	0.01272	0.01211	0.20495	0.01350	0.01085	0.01457	0.00224	0.61335	0.00703	0.00290	0.00534
11	0.00634	0.00453	0.00604	0.00725	0.00755	0.00423	0.00483	0.00725	0.00997	0.01329	0.02870	0.81358	0.03444	0.01632	0.00665	0.00211	0.00302	0.01480	0.00483	0.00423
12	0.00673	0.00530	0.00608	0.00588	0.00739	0.00464	0.00441	0.00859	0.01324	0.01731	0.39982	0.04478	0.43329	0.01198	0.00615	0.00170	0.00255	0.01024	0.00526	0.00464
13	0.01024	0.00967	0.01635	0.70260	0.13459	0.01168	0.01466	0.01366	0.01060	0.01379	0.00933	0.01375	0.00711	0.00513	0.00520	0.00171	0.00684	0.00463	0.00235	0.00611
14	0.02305	0.00937	0.01240	0.00950	0.01355	0.00840	0.00785	0.09071	0.01575	0.72158	0.01984	0.01727	0.01254	0.00643	0.00523	0.00161	0.00455	0.00519	0.00634	0.00886
15	0.02336	0.00886	0.01209	0.00927	0.01329	0.00765	0.00765	0.02538	0.01491	0.78810	0.02055	0.01773	0.01289	0.00645	0.00524	0.00161	0.00443	0.00524	0.00645	0.00886
16	0.01045	0.02694	0.79000	0.01484	0.02254	0.01209	0.01924	0.01649	0.01099	0.01649	0.00935	0.01099	0.00660	0.00495	0.00495	0.00165	0.00770	0.00385	0.00220	0.00770
