[name]
unknown

[dist]
# distance from previous block
# <min> <max>
18	113

[block]
# block no. 0 follows, 43 sequences, length 7
# corresponding to MSA columns:
# 129-135
name=unknown_A
#
# <colnr> <probs for GDERKNQSTAVLIFYWHMCP>
#	G	D	E	R	K	N	Q	S	T	A	V	L	I	F	Y	W	H	M	C	P
0	0.01601	0.20555	0.21703	0.01241	0.01769	0.01626	0.01250	0.24371	0.13254	0.05475	0.01290	0.01322	0.00959	0.00598	0.00501	0.00161	0.00627	0.00450	0.00403	0.00845
1	0.01448	0.09910	0.17584	0.06818	0.01754	0.01298	0.01140	0.16869	0.10461	0.07642	0.04602	0.01596	0.01207	0.00790	0.04186	0.00195	0.00621	0.00497	0.06714	0.04667
2	0.01280	0.36385	0.13109	0.07940	0.01740	0.01501	0.01065	0.01565	0.01138	0.01542	0.00891	0.01066	0.00748	0.00468	0.00416	0.00121	0.00579	0.00340	0.00267	0.27840
3	0.12518	0.03992	0.01354	0.01298	0.08174	0.21334	0.00949	0.13770	0.01502	0.01983	0.05292	0.02243	0.03950	0.01082	0.07444	0.00237	0.00726	0.11095	0.00393	0.00665
4	0.01534	0.27604	0.12936	0.01140	0.01535	0.20845	0.01049	0.10005	0.01358	0.01592	0.01049	0.01459	0.00952	0.13760	0.00846	0.00207	0.00720	0.00435	0.00301	0.00673
5	0.01667	0.01380	0.08078	0.01065	0.01498	0.04808	0.00930	0.30549	0.01783	0.09284	0.01342	0.01414	0.00989	0.00587	0.00491	0.00141	0.00536	0.00452	0.12567	0.20438
6	0.01483	0.18623	0.34178	0.01273	0.01852	0.01462	0.01394	0.16675	0.01481	0.08797	0.01269	0.06840	0.01024	0.00644	0.00512	0.00165	0.00662	0.00500	0.00360	0.00806

[dist]
# distance from previous block
# <min> <max>
0	1

[block]
# block no. 1 follows, 43 sequences, length 21
# corresponding to MSA columns:
# 137-157
name=unknown_B
#
# <colnr> <probs for GDERKNQSTAVLIFYWHMCP>
#	G	D	E	R	K	N	Q	S	T	A	V	L	I	F	Y	W	H	M	C	P
0	0.37263	0.01730	0.25387	0.01376	0.01907	0.01305	0.17821	0.01691	0.01093	0.02063	0.00918	0.01127	0.00689	0.00521	0.00514	0.00178	0.03005	0.00419	0.00292	0.00701
1	0.01139	0.01351	0.11335	0.35824	0.02887	0.01288	0.16313	0.01516	0.01124	0.01556	0.00978	0.01374	0.00761	0.00576	0.00730	0.00182	0.11571	0.00498	0.00259	0.08740
2	0.01111	0.02865	0.77667	0.01579	0.02397	0.01286	0.02046	0.01754	0.01169	0.01754	0.00994	0.01169	0.00702	0.00526	0.00526	0.00175	0.00818	0.00409	0.00234	0.00818
3	0.01371	0.01316	0.02248	0.03399	0.77081	0.01316	0.01700	0.01700	0.01261	0.01809	0.01042	0.01371	0.00877	0.00493	0.00548	0.00164	0.00658	0.00493	0.00274	0.00877
4	0.01889	0.01137	0.01262	0.01079	0.01424	0.06883	0.00870	0.04594	0.26745	0.35691	0.02168	0.02356	0.01622	0.00794	0.00578	0.00184	0.00508	0.08778	0.00590	0.00849
5	0.01481	0.80869	0.02902	0.00948	0.01421	0.02191	0.00948	0.01658	0.01125	0.01303	0.00770	0.00888	0.00711	0.00474	0.00355	0.00118	0.00592	0.00296	0.00237	0.00711
6	0.01240	0.00929	0.01015	0.00918	0.01146	0.01030	0.00711	0.10232	0.31567	0.02275	0.11263	0.08132	0.02095	0.00843	0.00577	0.00173	0.02754	0.00698	0.21694	0.00708
7	0.01556	0.01278	0.01353	0.01163	0.01508	0.01461	0.00920	0.20694	0.58038	0.02605	0.02027	0.01885	0.01507	0.00730	0.00561	0.00183	0.00480	0.00595	0.00561	0.00893
8	0.01148	0.00984	0.01148	0.00820	0.01312	0.00738	0.00656	0.01395	0.01148	0.01805	0.00984	0.01148	0.00820	0.00410	0.00410	0.00082	0.00410	0.00328	0.00328	0.83922
9	0.01111	0.02865	0.77667	0.01579	0.02397	0.01286	0.02046	0.01754	0.01169	0.01754	0.00994	0.01169	0.00702	0.00526	0.00526	0.00175	0.00818	0.00409	0.00234	0.00818
10	0.01894	0.02383	0.01445	0.01320	0.01593	0.68691	0.00990	0.02036	0.01532	0.01373	0.01444	0.01534	0.10125	0.00674	0.00519	0.00148	0.00910	0.00457	0.00314	0.00620
11	0.01317	0.00996	0.01076	0.00923	0.01198	0.01032	0.00725	0.34581	0.01835	0.02386	0.03204	0.17072	0.29138	0.01128	0.00618	0.00184	0.00437	0.00938	0.00532	0.00680
12	0.01457	0.01479	0.02164	0.03156	0.67766	0.10833	0.01622	0.01763	0.01299	0.01753	0.01019	0.01325	0.00857	0.00503	0.00542	0.00162	0.00700	0.00477	0.00276	0.00848
13	0.01371	0.01316	0.02248	0.03399	0.77081	0.01316	0.01700	0.01700	0.01261	0.01809	0.01042	0.01371	0.00877	0.00493	0.00548	0.00164	0.00658	0.00493	0.00274	0.00877
14	0.01229	0.00984	0.01143	0.01161	0.10515	0.00990	0.00802	0.25507	0.01706	0.02198	0.03553	0.03546	0.40210	0.01050	0.00611	0.00179	0.00443	0.02999	0.00498	0.00676
15	0.01783	0.43511	0.02176	0.01004	0.01443	0.01691	0.00912	0.11088	0.06797	0.20622	0.03156	0.01355	0.01084	0.00586	0.00452	0.00144	0.00545	0.00427	0.00420	0.00804
16	0.05655	0.18158	0.28062	0.01317	0.01860	0.16912	0.01356	0.16931	0.01524	0.01977	0.00980	0.01099	0.00750	0.00552	0.00483	0.00155	0.00747	0.00389	0.00316	0.00776
17	0.01231	0.14693	0.01311	0.00856	0.01153	0.01128	0.00710	0.21944	0.01678	0.02170	0.17893	0.03198	0.27944	0.00980	0.00574	0.00167	0.00423	0.00796	0.00497	0.00654
18	0.00954	0.00800	0.00896	0.00801	0.01087	0.00726	0.00637	0.01388	0.14138	0.01749	0.03324	0.03729	0.31331	0.01030	0.00587	0.00168	0.00379	0.11775	0.00470	0.24032
19	0.03956	0.18281	0.27163	0.01254	0.01775	0.12359	0.01292	0.13804	0.01437	0.01890	0.01133	0.07092	0.00972	0.00630	0.00494	0.00157	0.00694	0.00474	0.00324	0.04820
20	0.19894	0.14125	0.11151	0.01162	0.01633	0.03219	0.08708	0.14185	0.01407	0.03962	0.04709	0.01281	0.00988	0.00553	0.00468	0.00153	0.00591	0.00429	0.00360	0.11022

[dist]
# distance from previous block
# <min> <max>
9	60

[block]
# block no. 2 follows, 43 sequences, length 10
# corresponding to MSA columns:
# 233-242
name=unknown_C
#
# <colnr> <probs for GDERKNQSTAVLIFYWHMCP>
#	G	D	E	R	K	N	Q	S	T	A	V	L	I	F	Y	W	H	M	C	P
0	0.17709	0.06014	0.01776	0.04705	0.35212	0.07581	0.01235	0.06168	0.01332	0.11596	0.01119	0.01287	0.00862	0.00539	0.00495	0.00163	0.00613	0.00442	0.00354	0.00798
1	0.05901	0.01086	0.01190	0.05328	0.01472	0.05458	0.00803	0.06966	0.06605	0.07017	0.01527	0.02002	0.03370	0.00657	0.00500	0.00140	0.00493	0.09154	0.00406	0.39925
2	0.00955	0.06060	0.00967	0.00777	0.00985	0.00685	0.00588	0.01134	0.01212	0.04249	0.20790	0.21476	0.02899	0.10581	0.00852	0.00209	0.00386	0.04954	0.00461	0.19778
3	0.01613	0.01271	0.06310	0.00998	0.01375	0.09816	0.00841	0.08034	0.10384	0.18219	0.01601	0.03577	0.01206	0.00631	0.00494	0.00146	0.00510	0.00499	0.14602	0.17873
4	0.11513	0.01518	0.01798	0.02089	0.31092	0.15794	0.06406	0.12669	0.01482	0.02063	0.02743	0.02976	0.00994	0.00580	0.00522	0.00163	0.00675	0.00491	0.03663	0.00769
5	0.07116	0.01401	0.08941	0.01356	0.10579	0.01269	0.01051	0.31833	0.01762	0.02506	0.01635	0.01701	0.09319	0.00654	0.00520	0.00153	0.00549	0.00518	0.00427	0.16709
6	0.01417	0.00966	0.01320	0.01229	0.08746	0.00936	0.06003	0.14854	0.01527	0.14846	0.12527	0.09637	0.06439	0.10105	0.00848	0.00213	0.00496	0.00753	0.00490	0.06651
7	0.11655	0.08324	0.17421	0.01397	0.07144	0.01582	0.01241	0.39872	0.01890	0.02709	0.01126	0.01211	0.00827	0.00590	0.00506	0.00165	0.00633	0.00439	0.00416	0.00852
8	0.01087	0.01012	0.06689	0.03559	0.16798	0.00912	0.01054	0.10068	0.01368	0.01840	0.02380	0.21497	0.07491	0.01156	0.00651	0.00206	0.00520	0.20625	0.00442	0.00645
9	0.11418	0.08529	0.04997	0.01429	0.01828	0.05523	0.24727	0.01770	0.01262	0.14627	0.01516	0.09474	0.01320	0.00735	0.00609	0.00184	0.03139	0.05818	0.00389	0.00706

[dist]
# distance from previous block
# <min> <max>
9	117

[block]
# block no. 3 follows, 43 sequences, length 19
# corresponding to MSA columns:
# 376-394
name=unknown_D
#
# <colnr> <probs for GDERKNQSTAVLIFYWHMCP>
#	G	D	E	R	K	N	Q	S	T	A	V	L	I	F	Y	W	H	M	C	P
0	0.06239	0.12478	0.11839	0.01214	0.01660	0.01488	0.04665	0.18826	0.24388	0.07133	0.01549	0.03604	0.01183	0.00658	0.00523	0.00171	0.00572	0.00527	0.00452	0.00832
1	0.01324	0.05619	0.17160	0.01182	0.01557	0.08643	0.01106	0.12907	0.15691	0.02033	0.05879	0.12045	0.01851	0.00900	0.00585	0.00186	0.00590	0.09577	0.00440	0.00725
2	0.01681	0.09293	0.01494	0.07673	0.01639	0.12909	0.00956	0.14094	0.12818	0.15264	0.06468	0.04140	0.01589	0.00770	0.00556	0.00173	0.00589	0.06655	0.00479	0.00760
3	0.01650	0.18294	0.03747	0.01062	0.01471	0.03977	0.00907	0.06869	0.29099	0.16524	0.01657	0.01581	0.01226	0.00627	0.00499	0.00156	0.00515	0.00489	0.00474	0.09175
4	0.01835	0.09404	0.07999	0.01167	0.01614	0.01455	0.01030	0.29698	0.18725	0.16439	0.01601	0.01535	0.01143	0.00650	0.00530	0.00165	0.00555	0.00505	0.00515	0.03435
5	0.01216	0.01038	0.01052	0.00954	0.01192	0.08909	0.00735	0.01929	0.28225	0.05173	0.33833	0.02935	0.03099	0.00905	0.00596	0.00175	0.00424	0.03182	0.00548	0.03880
6	0.01312	0.01307	0.01978	0.30714	0.44184	0.07759	0.01588	0.01640	0.01231	0.01628	0.01005	0.01378	0.00813	0.00522	0.00546	0.00170	0.00716	0.00481	0.00265	0.00762
7	0.01724	0.01759	0.02252	0.08284	0.02343	0.27595	0.32344	0.02033	0.01422	0.13059	0.01180	0.01382	0.00869	0.00543	0.00578	0.00169	0.00870	0.00524	0.00340	0.00730
8	0.02275	0.01280	0.01494	0.01145	0.01582	0.01314	0.00946	0.42872	0.02149	0.36495	0.01711	0.01577	0.01133	0.00674	0.00555	0.00169	0.00548	0.00525	0.00613	0.00942
9	0.00771	0.00523	0.00668	0.00740	0.00788	0.00518	0.00509	0.00883	0.01009	0.01401	0.02445	0.39945	0.02775	0.20907	0.09231	0.00363	0.00504	0.07222	0.08361	0.00438
10	0.02460	0.00983	0.01310	0.01005	0.01434	0.00874	0.00830	0.07505	0.01653	0.72564	0.02128	0.01848	0.01343	0.00684	0.00557	0.00171	0.00480	0.00553	0.00677	0.00942
11	0.00805	0.00537	0.00604	0.00604	0.00604	0.00537	0.00336	0.00805	0.00805	0.01074	0.01745	0.03624	0.02013	0.80536	0.02819	0.00537	0.00537	0.00805	0.00336	0.00336
12	0.01378	0.01190	0.01252	0.01127	0.01440	0.01378	0.00877	0.02943	0.76081	0.02317	0.02254	0.02066	0.01691	0.00751	0.00564	0.00188	0.00438	0.00626	0.00564	0.00877
13	0.00655	0.00561	0.00561	0.00561	0.00748	0.00468	0.00421	0.00795	0.01262	0.01496	0.05610	0.05330	0.76857	0.01403	0.00655	0.00187	0.00281	0.01169	0.00514	0.00468
14	0.01444	0.73048	0.10399	0.01011	0.01519	0.02101	0.01058	0.01668	0.01130	0.01348	0.00792	0.00917	0.00710	0.00479	0.00372	0.00124	0.00615	0.00307	0.00237	0.00722
15	0.01245	0.01233	0.01203	0.01081	0.01154	0.17211	0.00804	0.03528	0.01034	0.01293	0.01206	0.02199	0.01279	0.34773	0.01930	0.00345	0.27079	0.00595	0.00300	0.00508
16	0.28181	0.00813	0.00779	0.00712	0.00868	0.00885	0.00494	0.08536	0.01030	0.01776	0.01386	0.02507	0.01446	0.46462	0.01785	0.00381	0.00509	0.00610	0.00360	0.00482
17	0.01622	0.44502	0.13008	0.01179	0.01653	0.20233	0.01140	0.07991	0.01362	0.01563	0.00869	0.00991	0.00730	0.00520	0.00431	0.00136	0.00723	0.00344	0.00275	0.00729
18	0.37114	0.21547	0.01499	0.00870	0.01270	0.01366	0.00759	0.01982	0.03179	0.23945	0.01221	0.01214	0.00881	0.00560	0.00414	0.00158	0.00483	0.00382	0.00421	0.00735

[dist]
# distance from previous block
# <min> <max>
0	5

[block]
# block no. 4 follows, 43 sequences, length 34
# corresponding to MSA columns:
# 400-416,426-442
name=unknown_E
#
# <colnr> <probs for GDERKNQSTAVLIFYWHMCP>
#	G	D	E	R	K	N	Q	S	T	A	V	L	I	F	Y	W	H	M	C	P
0	0.01729	0.01229	0.01710	0.01965	0.30672	0.01219	0.01188	0.16077	0.07859	0.18729	0.01442	0.01507	0.01059	0.00580	0.00536	0.00158	0.00560	0.00500	0.00449	0.10831
1	0.02024	0.01241	0.10558	0.01144	0.01638	0.00935	0.06528	0.04850	0.01486	0.49119	0.01758	0.01643	0.01156	0.00609	0.00539	0.00160	0.00543	0.00511	0.00544	0.13012
2	0.01704	0.00786	0.01030	0.00851	0.01153	0.00699	0.00679	0.01965	0.03705	0.42653	0.27322	0.02985	0.10244	0.00908	0.00599	0.00174	0.00381	0.00768	0.00640	0.00753
3	0.01515	0.32070	0.02890	0.01638	0.02149	0.01636	0.37579	0.01840	0.01270	0.10641	0.01112	0.01307	0.00854	0.00496	0.00527	0.00159	0.00747	0.00504	0.00312	0.00756
4	0.02077	0.01248	0.07192	0.01367	0.10573	0.01096	0.01049	0.16746	0.04297	0.43150	0.01901	0.01775	0.03566	0.00671	0.00556	0.00171	0.00540	0.00548	0.00567	0.00908
5	0.02030	0.01155	0.02051	0.01506	0.01985	0.01040	0.29479	0.02342	0.01478	0.48246	0.01774	0.01734	0.01166	0.00601	0.00594	0.00177	0.00650	0.00594	0.00529	0.00867
6	0.01093	0.01033	0.01747	0.68105	0.14543	0.01243	0.01562	0.01457	0.01130	0.01473	0.00993	0.01461	0.00759	0.00545	0.00553	0.00182	0.00727	0.00492	0.00250	0.00654
7	0.00954	0.00832	0.01201	0.01108	0.01168	0.01080	0.00893	0.01122	0.00874	0.01304	0.01191	0.01804	0.01131	0.02924	0.48801	0.00640	0.31609	0.00551	0.00276	0.00537
8	0.01290	0.01797	0.25693	0.02833	0.53865	0.01307	0.01807	0.01717	0.01233	0.01792	0.01027	0.01308	0.00823	0.00504	0.00541	0.00168	0.00708	0.00467	0.00262	0.00859
9	0.01843	0.01900	0.01797	0.01991	0.25136	0.31952	0.01256	0.21494	0.03737	0.02090	0.01077	0.01231	0.00851	0.00577	0.00531	0.00157	0.00774	0.00444	0.00361	0.00801
10	0.00876	0.00626	0.00874	0.01001	0.01122	0.00623	0.00864	0.01119	0.01259	0.01639	0.02941	0.11804	0.03223	0.01545	0.00761	0.00253	0.00496	0.67958	0.00510	0.00505
11	0.00808	0.00577	0.00796	0.00924	0.01015	0.00565	0.00746	0.01002	0.01192	0.01563	0.02979	0.34786	0.03371	0.01609	0.00743	0.00243	0.00437	0.45645	0.00512	0.00487
12	0.01111	0.02865	0.77667	0.01579	0.02397	0.01286	0.02046	0.01754	0.01169	0.01754	0.00994	0.01169	0.00702	0.00526	0.00526	0.00175	0.00818	0.00409	0.00234	0.00818
13	0.01046	0.00984	0.01661	0.79205	0.03814	0.01230	0.01538	0.01415	0.01107	0.01415	0.00984	0.01477	0.00738	0.00554	0.00554	0.00185	0.00738	0.00492	0.00246	0.00615
14	0.00798	0.00538	0.00602	0.00602	0.00611	0.00534	0.00340	0.00805	0.00827	0.01093	0.01924	0.03703	0.05477	0.76874	0.02719	0.00521	0.00525	0.00822	0.00344	0.00342
15	0.01307	0.01494	0.03268	0.02334	0.02894	0.01401	0.75070	0.01774	0.01307	0.01774	0.01120	0.01494	0.00840	0.00467	0.00654	0.00187	0.00934	0.00654	0.00280	0.00747
16	0.02156	0.01750	0.01541	0.01260	0.01633	0.26768	0.01005	0.30926	0.01955	0.20806	0.01362	0.01352	0.00964	0.00649	0.00579	0.00162	0.03347	0.00466	0.00487	0.00832
17	0.01046	0.00984	0.01661	0.79205	0.03814	0.01230	0.01538	0.01415	0.01107	0.01415	0.00984	0.01477	0.00738	0.00554	0.00554	0.00185	0.00738	0.00492	0.00246	0.00615
18	0.01212	0.01212	0.01696	0.01454	0.01454	0.01696	0.01212	0.01333	0.00848	0.01333	0.00727	0.01212	0.00727	0.00969	0.01818	0.00242	0.79523	0.00485	0.00242	0.00606
19	0.01223	0.01165	0.01981	0.37941	0.43697	0.01277	0.01626	0.01570	0.01191	0.01630	0.01016	0.01419	0.00814	0.00521	0.00551	0.00174	0.00695	0.00493	0.00261	0.00758
20	0.01046	0.00984	0.01661	0.79205	0.03814	0.01230	0.01538	0.01415	0.01107	0.01415	0.00984	0.01477	0.00738	0.00554	0.00554	0.00185	0.00738	0.00492	0.00246	0.00615
21	0.84448	0.01071	0.00814	0.00728	0.01071	0.01242	0.00600	0.01628	0.00943	0.02485	0.00771	0.00900	0.00600	0.00514	0.00343	0.00171	0.00428	0.00300	0.00343	0.00600
22	0.01840	0.00878	0.03775	0.00905	0.01243	0.00728	0.00755	0.02085	0.01564	0.48402	0.28324	0.02650	0.02700	0.00837	0.00590	0.00172	0.00410	0.00708	0.00643	0.00791
23	0.02105	0.01551	0.01662	0.01274	0.01717	0.01717	0.01053	0.75235	0.02604	0.03490	0.01330	0.01330	0.00942	0.00665	0.00554	0.00166	0.00609	0.00499	0.00554	0.00942
24	0.00790	0.00564	0.00775	0.00903	0.00986	0.00549	0.00715	0.00971	0.01174	0.01543	0.02989	0.40994	0.03411	0.01626	0.00738	0.00241	0.00421	0.39617	0.00512	0.00482
25	0.02105	0.01551	0.01662	0.01274	0.01717	0.01717	0.01053	0.75235	0.02604	0.03490	0.01330	0.01330	0.00942	0.00665	0.00554	0.00166	0.00609	0.00499	0.00554	0.00942
26	0.01371	0.01316	0.02248	0.03399	0.77081	0.01316	0.01700	0.01700	0.01261	0.01809	0.01042	0.01371	0.00877	0.00493	0.00548	0.00164	0.00658	0.00493	0.00274	0.00877
27	0.00683	0.00488	0.00650	0.00766	0.00805	0.00455	0.00515	0.00792	0.01098	0.01474	0.08595	0.74459	0.03780	0.01690	0.00703	0.00221	0.00317	0.01531	0.00521	0.00455
28	0.01149	0.10979	0.69890	0.01513	0.02296	0.01380	0.01932	0.01744	0.01165	0.01707	0.00971	0.01140	0.00703	0.00521	0.00508	0.00169	0.00795	0.00397	0.00234	0.00807
29	0.01891	0.07441	0.01644	0.01322	0.06104	0.08371	0.01016	0.33687	0.18906	0.11611	0.01541	0.01503	0.01122	0.00654	0.00536	0.00166	0.00590	0.00506	0.00507	0.00879
30	0.19113	0.19603	0.25919	0.01148	0.01684	0.01513	0.01219	0.13244	0.03339	0.04760	0.01046	0.01147	0.00788	0.00548	0.00452	0.00159	0.00615	0.00388	0.02552	0.00765
31	0.07692	0.17614	0.07070	0.02951	0.14737	0.05691	0.01145	0.19597	0.01543	0.02113	0.03857	0.04137	0.01225	0.00689	0.00541	0.00167	0.02146	0.05955	0.00374	0.00758
32	0.08175	0.18228	0.01626	0.01023	0.01410	0.06156	0.00862	0.20712	0.09436	0.12850	0.03232	0.01453	0.01126	0.00616	0.00476	0.00151	0.00534	0.00458	0.06707	0.04768
33	0.07605	0.07461	0.01494	0.01130	0.01507	0.15950	0.00913	0.19213	0.15310	0.17339	0.03084	0.01503	0.01167	0.00644	0.00514	0.00161	0.00597	0.00483	0.00487	0.03437

[dist]
# distance from previous block
# <min> <max>
17	58

[block]
# block no. 5 follows, 43 sequences, length 18
# corresponding to MSA columns:
# 505-522
name=unknown_F
#
# <colnr> <probs for GDERKNQSTAVLIFYWHMCP>
#	G	D	E	R	K	N	Q	S	T	A	V	L	I	F	Y	W	H	M	C	P
0	0.10152	0.06919	0.07052	0.01370	0.03405	0.01415	0.13789	0.09477	0.31876	0.04757	0.01606	0.01694	0.01221	0.00642	0.00542	0.00178	0.00584	0.02068	0.00441	0.00811
1	0.26888	0.04994	0.04244	0.00901	0.01290	0.01099	0.00774	0.10680	0.02917	0.23954	0.01967	0.01896	0.11534	0.00705	0.00488	0.00167	0.00465	0.00531	0.00485	0.04020
2	0.01494	0.06722	0.03277	0.18458	0.02208	0.08767	0.11373	0.01809	0.04291	0.10120	0.06342	0.01696	0.01272	0.00634	0.00567	0.00170	0.00667	0.00529	0.00393	0.19210
3	0.01487	0.12219	0.01471	0.00968	0.01391	0.02825	0.00806	0.11898	0.08992	0.10069	0.03999	0.01659	0.01236	0.00601	0.00481	0.00132	0.00485	0.03997	0.00426	0.34858
4	0.09379	0.01035	0.04281	0.01055	0.01394	0.00958	0.09649	0.04187	0.13841	0.05852	0.27457	0.02394	0.02495	0.00760	0.00559	0.00164	0.00454	0.00667	0.00482	0.12938
5	0.10057	0.01146	0.01801	0.01709	0.17099	0.01095	0.14718	0.02230	0.05047	0.36958	0.01619	0.01620	0.01112	0.00592	0.00552	0.00174	0.00589	0.00540	0.00487	0.00856
6	0.00784	0.00566	0.00740	0.00697	0.00827	0.00523	0.00523	0.01045	0.01568	0.02221	0.76789	0.04137	0.05226	0.01132	0.00653	0.00174	0.00261	0.01002	0.00610	0.00523
7	0.01273	0.01216	0.02072	0.26129	0.55113	0.01290	0.01651	0.01614	0.01215	0.01691	0.01025	0.01402	0.00836	0.00512	0.00550	0.00171	0.00682	0.00493	0.00266	0.00799
8	0.00730	0.00522	0.00706	0.00835	0.00891	0.00498	0.00611	0.00867	0.01115	0.01476	0.03022	0.61292	0.03542	0.01683	0.00722	0.00233	0.00370	0.19909	0.00513	0.00465
9	0.01046	0.00984	0.01661	0.79205	0.03814	0.01230	0.01538	0.01415	0.01107	0.01415	0.00984	0.01477	0.00738	0.00554	0.00554	0.00185	0.00738	0.00492	0.00246	0.00615
10	0.01108	0.12520	0.25586	0.01033	0.01453	0.01019	0.01088	0.01476	0.01380	0.07372	0.36666	0.02576	0.02877	0.00815	0.00564	0.00167	0.00500	0.00682	0.00443	0.00673
11	0.01195	0.01136	0.01930	0.44489	0.37368	0.01270	0.01612	0.01545	0.01178	0.01596	0.01011	0.01428	0.00802	0.00526	0.00551	0.00175	0.00701	0.00493	0.00259	0.00735
12	0.01560	0.29174	0.17094	0.01198	0.01697	0.15064	0.01170	0.12063	0.04821	0.01802	0.00996	0.01104	0.00797	0.00534	0.00457	0.00140	0.00686	0.00376	0.00313	0.08955
13	0.01135	0.01129	0.02073	0.54822	0.10827	0.01276	0.17737	0.01522	0.01167	0.01533	0.01020	0.01470	0.00774	0.00529	0.00575	0.00183	0.00773	0.00528	0.00256	0.00670
14	0.01848	0.01359	0.01607	0.18395	0.02138	0.01524	0.01131	0.48894	0.07325	0.08108	0.01378	0.01452	0.00979	0.00648	0.00555	0.00172	0.00616	0.00510	0.00496	0.00865
15	0.01929	0.01194	0.01363	0.01115	0.01499	0.01270	0.00898	0.20464	0.33013	0.27999	0.02006	0.01826	0.01400	0.00708	0.00559	0.00177	0.00491	0.00572	0.00602	0.00915
16	0.01653	0.01264	0.01638	0.12126	0.01952	0.01367	0.08304	0.41446	0.02040	0.05626	0.15019	0.01898	0.01699	0.00716	0.00582	0.00172	0.00591	0.00607	0.00499	0.00801
17	0.16295	0.12085	0.01565	0.43311	0.02594	0.01274	0.01157	0.01473	0.01094	0.04498	0.01165	0.09056	0.01021	0.00657	0.00503	0.00176	0.00610	0.00539	0.00306	0.00622

[dist]
# distance from previous block
# <min> <max>
1	8

[block]
# block no. 6 follows, 43 sequences, length 17
# corresponding to MSA columns:
# 531-547
name=unknown_G
#
# <colnr> <probs for GDERKNQSTAVLIFYWHMCP>
#	G	D	E	R	K	N	Q	S	T	A	V	L	I	F	Y	W	H	M	C	P
0	0.02195	0.00938	0.01235	0.00968	0.01367	0.00838	0.00790	0.02532	0.08064	0.61509	0.07676	0.02031	0.01658	0.00711	0.00557	0.00169	0.00450	0.00585	0.00651	0.05078
1	0.06047	0.01425	0.01458	0.01173	0.01564	0.05215	0.00951	0.46170	0.16582	0.07021	0.01728	0.01674	0.05049	0.00709	0.00548	0.00171	0.00561	0.00545	0.00537	0.00873
2	0.01371	0.01316	0.02248	0.03399	0.77081	0.01316	0.01700	0.01700	0.01261	0.01809	0.01042	0.01371	0.00877	0.00493	0.00548	0.00164	0.00658	0.00493	0.00274	0.00877
3	0.01046	0.00984	0.01661	0.79205	0.03814	0.01230	0.01538	0.01415	0.01107	0.01415	0.00984	0.01477	0.00738	0.00554	0.00554	0.00185	0.00738	0.00492	0.00246	0.00615
4	0.01212	0.01212	0.01696	0.01454	0.01454	0.01696	0.01212	0.01333	0.00848	0.01333	0.00727	0.01212	0.00727	0.00969	0.01818	0.00242	0.79523	0.00485	0.00242	0.00606
5	0.02105	0.01551	0.01662	0.01274	0.01717	0.01717	0.01053	0.75235	0.02604	0.03490	0.01330	0.01330	0.00942	0.00665	0.00554	0.00166	0.00609	0.00499	0.00554	0.00942
6	0.00962	0.00481	0.00722	0.00722	0.00722	0.00481	0.00481	0.00722	0.00722	0.00962	0.00962	0.01684	0.00962	0.01924	0.02165	0.83886	0.00481	0.00481	0.00241	0.00241
7	0.02105	0.01551	0.01662	0.01274	0.01717	0.01717	0.01053	0.75235	0.02604	0.03490	0.01330	0.01330	0.00942	0.00665	0.00554	0.00166	0.00609	0.00499	0.00554	0.00942
8	0.01148	0.00984	0.01148	0.00820	0.01312	0.00738	0.00656	0.01395	0.01148	0.01805	0.00984	0.01148	0.00820	0.00410	0.00410	0.00082	0.00410	0.00328	0.00328	0.83922
9	0.01046	0.00984	0.01661	0.79205	0.03814	0.01230	0.01538	0.01415	0.01107	0.01415	0.00984	0.01477	0.00738	0.00554	0.00554	0.00185	0.00738	0.00492	0.00246	0.00615
10	0.01891	0.01445	0.01541	0.01231	0.01636	0.01617	0.01001	0.53920	0.24269	0.03144	0.01602	0.01547	0.01163	0.00690	0.00557	0.00173	0.00559	0.00536	0.00557	0.00923
11	0.02105	0.01551	0.01662	0.01274	0.01717	0.01717	0.01053	0.75235	0.02604	0.03490	0.01330	0.01330	0.00942	0.00665	0.00554	0.00166	0.00609	0.00499	0.00554	0.00942
12	0.07934	0.00885	0.01052	0.00948	0.01225	0.00897	0.00767	0.04165	0.17771	0.23082	0.10494	0.07145	0.05891	0.00981	0.00603	0.00194	0.00432	0.14235	0.00570	0.00727
13	0.01694	0.01728	0.01631	0.01377	0.01698	0.26799	0.08253	0.16631	0.19578	0.02084	0.03369	0.01717	0.01243	0.00707	0.00637	0.00175	0.05473	0.04030	0.00421	0.00756
14	0.04952	0.06284	0.45646	0.01340	0.01982	0.01265	0.01540	0.04253	0.09313	0.16155	0.01343	0.01379	0.00937	0.00581	0.00520	0.00173	0.00678	0.00453	0.00369	0.00837
15	0.03583	0.03106	0.08144	0.01103	0.01502	0.04086	0.02680	0.13011	0.10672	0.09010	0.03661	0.02360	0.01524	0.00762	0.00552	0.00166	0.00540	0.13807	0.00452	0.19277
16	0.23369	0.01608	0.16719	0.01220	0.01692	0.07235	0.08305	0.06838	0.08582	0.05899	0.01209	0.01427	0.00936	0.00583	0.00491	0.00166	0.00617	0.02981	0.00368	0.09756

[dist]
# distance from previous block
# <min> <max>
6	66

[block]
# block no. 7 follows, 43 sequences, length 15
# corresponding to MSA columns:
# 616-630
name=unknown_H
#
# <colnr> <probs for GDERKNQSTAVLIFYWHMCP>
#	G	D	E	R	K	N	Q	S	T	A	V	L	I	F	Y	W	H	M	C	P
0	0.01483	0.01178	0.02179	0.20927	0.10333	0.01186	0.28047	0.01832	0.01295	0.18551	0.01389	0.04885	0.01054	0.00605	0.00625	0.00183	0.02509	0.00611	0.00371	0.00756
1	0.00930	0.00718	0.01008	0.01265	0.17716	0.00731	0.00686	0.01029	0.00918	0.01266	0.01554	0.02933	0.01678	0.52737	0.12142	0.00500	0.00687	0.00708	0.00317	0.00477
2	0.01949	0.01036	0.01256	0.01047	0.01415	0.01048	0.00844	0.02743	0.33434	0.42384	0.02244	0.02132	0.01578	0.00746	0.00568	0.00182	0.00459	0.03411	0.00627	0.00898
3	0.01200	0.01030	0.01172	0.00889	0.01341	0.00881	0.00705	0.01740	0.17866	0.01919	0.01268	0.01353	0.01014	0.00486	0.00444	0.00106	0.00416	0.00395	0.00381	0.65395
4	0.01182	0.01100	0.01751	0.35278	0.28810	0.01150	0.01398	0.01510	0.01170	0.01639	0.01004	0.01366	0.00805	0.00501	0.00520	0.00155	0.00637	0.00456	0.00274	0.19292
5	0.01835	0.01347	0.01490	0.01218	0.01590	0.01477	0.01017	0.58706	0.02307	0.03081	0.01687	0.02427	0.01443	0.00858	0.00601	0.00186	0.00587	0.16753	0.00544	0.00846
6	0.01520	0.01118	0.01370	0.18522	0.01969	0.01260	0.01018	0.09955	0.37501	0.13510	0.04950	0.01917	0.01499	0.00704	0.00563	0.00182	0.00521	0.00588	0.00512	0.00820
7	0.01950	0.01126	0.01720	0.01321	0.01751	0.01083	0.17396	0.02553	0.19810	0.42131	0.01964	0.01842	0.01331	0.00653	0.00580	0.00179	0.00566	0.00595	0.00565	0.00883
8	0.00760	0.00543	0.00740	0.00868	0.00937	0.00523	0.00661	0.00918	0.01144	0.01509	0.03006	0.51393	0.03478	0.01655	0.00730	0.00237	0.00395	0.29520	0.00512	0.00473
9	0.01774	0.01371	0.02423	0.01767	0.02268	0.01327	0.40329	0.18390	0.01665	0.20737	0.01428	0.01553	0.00993	0.00565	0.00608	0.00178	0.00748	0.00595	0.00441	0.00838
10	0.01021	0.00989	0.00890	0.00958	0.01062	0.17851	0.00699	0.01153	0.01209	0.01440	0.02543	0.50535	0.02928	0.01442	0.00670	0.00211	0.00503	0.12931	0.00462	0.00502
11	0.02485	0.00943	0.01285	0.00985	0.01414	0.00814	0.00814	0.02699	0.01585	0.77465	0.02185	0.01885	0.01371	0.00685	0.00557	0.00171	0.00471	0.00557	0.00685	0.00943
12	0.00688	0.00488	0.00639	0.00754	0.00783	0.00459	0.00496	0.00775	0.01034	0.01379	0.02917	0.72267	0.03493	0.09876	0.00925	0.00257	0.00344	0.01495	0.00496	0.00438
13	0.01169	0.10192	0.37607	0.21898	0.07605	0.01379	0.09270	0.01654	0.01169	0.01625	0.00984	0.01267	0.00738	0.00520	0.00530	0.00172	0.00776	0.00450	0.00245	0.00751
14	0.03863	0.01336	0.02656	0.19454	0.08362	0.01371	0.46179	0.01655	0.01218	0.01690	0.01048	0.01444	0.00805	0.00522	0.00689	0.00188	0.05951	0.00584	0.00272	0.00713

[dist]
# distance from previous block
# <min> <max>
1	36

[block]
# block no. 8 follows, 43 sequences, length 15
# corresponding to MSA columns:
# 667-681
name=unknown_I
#
# <colnr> <probs for GDERKNQSTAVLIFYWHMCP>
#	G	D	E	R	K	N	Q	S	T	A	V	L	I	F	Y	W	H	M	C	P
0	0.24806	0.24510	0.29084	0.01148	0.01695	0.07247	0.01253	0.01725	0.01122	0.01802	0.00857	0.01001	0.00676	0.00511	0.00424	0.00156	0.00657	0.00342	0.00269	0.00713
1	0.00752	0.00558	0.00676	0.00734	0.00830	0.00525	0.00542	0.00881	0.01111	0.01418	0.03460	0.21343	0.25024	0.18860	0.03338	0.00307	0.00433	0.18291	0.00468	0.00446
2	0.00975	0.00680	0.00865	0.00829	0.01032	0.00585	0.00621	0.01140	0.01145	0.07190	0.02351	0.40169	0.02581	0.03519	0.00680	0.00194	0.00388	0.10539	0.00469	0.24048
3	0.01032	0.00516	0.00516	0.00516	0.00645	0.00516	0.00387	0.01290	0.01161	0.02065	0.01807	0.02065	0.01420	0.00645	0.00387	0.00129	0.00258	0.00516	0.83611	0.00516
4	0.01092	0.00795	0.00970	0.00806	0.01126	0.00639	0.00613	0.01288	0.01186	0.08468	0.05688	0.25143	0.04410	0.00900	0.00532	0.00141	0.00377	0.00783	0.00436	0.44606
5	0.01238	0.01822	0.23269	0.01988	0.02529	0.01417	0.43378	0.01698	0.01196	0.01698	0.01023	0.01360	0.00784	0.00563	0.00805	0.00193	0.13473	0.00560	0.00261	0.00744
6	0.01449	0.00975	0.01179	0.00857	0.01335	0.00755	0.00692	0.01688	0.01247	0.18826	0.01254	0.01314	0.00944	0.00472	0.00443	0.00102	0.00424	0.00380	0.00409	0.65254
7	0.01148	0.00984	0.01148	0.00820	0.01312	0.00738	0.00656	0.01395	0.01148	0.01805	0.00984	0.01148	0.00820	0.00410	0.00410	0.00082	0.00410	0.00328	0.00328	0.83922
8	0.00675	0.00482	0.00643	0.00771	0.00803	0.00450	0.00514	0.00771	0.01060	0.01414	0.03053	0.80175	0.03663	0.01735	0.00707	0.00225	0.00321	0.01574	0.00514	0.00450
9	0.04915	0.06577	0.28596	0.01209	0.01759	0.03505	0.01265	0.04439	0.05519	0.32618	0.03197	0.01547	0.01132	0.00619	0.00526	0.00170	0.00615	0.00484	0.00460	0.00849
10	0.01648	0.44004	0.11037	0.01191	0.01637	0.29218	0.01118	0.01867	0.01289	0.01374	0.00826	0.00960	0.00711	0.00514	0.00426	0.00134	0.00763	0.00331	0.00254	0.00699
11	0.16036	0.02342	0.00785	0.06509	0.01016	0.00738	0.00552	0.01048	0.00968	0.01508	0.02021	0.14581	0.07051	0.33901	0.01484	0.00335	0.00472	0.04945	0.03252	0.00455
12	0.01276	0.01362	0.07745	0.20284	0.52675	0.01297	0.04045	0.01642	0.01221	0.01715	0.01028	0.01384	0.00832	0.00509	0.00551	0.00171	0.00697	0.00492	0.00265	0.00810
13	0.04456	0.01365	0.01568	0.01623	0.17740	0.11241	0.01079	0.11607	0.04528	0.09774	0.01240	0.04308	0.01016	0.00653	0.00686	0.00162	0.10948	0.00493	0.00384	0.15131
14	0.01334	0.01012	0.05652	0.01119	0.01399	0.00933	0.07103	0.08344	0.03279	0.15959	0.03876	0.20973	0.01899	0.01358	0.09652	0.00272	0.06480	0.03309	0.00462	0.05585

[dist]
# distance from previous block
# <min> <max>
1	13

[block]
# block no. 9 follows, 43 sequences, length 31
# corresponding to MSA columns:
# 695-725
name=unknown_J
#
# <colnr> <probs for GDERKNQSTAVLIFYWHMCP>
#	G	D	E	R	K	N	Q	S	T	A	V	L	I	F	Y	W	H	M	C	P
0	0.04542	0.26532	0.16657	0.01171	0.01657	0.17299	0.01140	0.02056	0.01337	0.20923	0.01193	0.01221	0.00875	0.00559	0.00469	0.00150	0.00683	0.00397	0.00365	0.00773
1	0.01481	0.80869	0.02902	0.00948	0.01421	0.02191	0.00948	0.01658	0.01125	0.01303	0.00770	0.00888	0.00711	0.00474	0.00355	0.00118	0.00592	0.00296	0.00237	0.00711
2	0.01870	0.19435	0.13660	0.01208	0.01690	0.11193	0.05150	0.05832	0.01451	0.29263	0.03121	0.01439	0.01072	0.00596	0.00507	0.00157	0.00647	0.00462	0.00433	0.00812
3	0.00807	0.00576	0.00717	0.00676	0.00828	0.00519	0.00509	0.01040	0.01501	0.04343	0.58841	0.04332	0.20894	0.01178	0.00651	0.00177	0.00272	0.01025	0.00591	0.00523
4	0.02105	0.01551	0.01662	0.01274	0.01717	0.01717	0.01053	0.75235	0.02604	0.03490	0.01330	0.01330	0.00942	0.00665	0.00554	0.00166	0.00609	0.00499	0.00554	0.00942
5	0.01124	0.05542	0.75101	0.01557	0.02364	0.01317	0.02009	0.01751	0.01168	0.01738	0.00986	0.01160	0.00702	0.00524	0.00520	0.00173	0.00811	0.00405	0.00234	0.00815
6	0.02219	0.01002	0.01277	0.01019	0.01420	0.00949	0.00829	0.02758	0.19484	0.59410	0.02202	0.01929	0.01448	0.00701	0.00559	0.00175	0.00463	0.00574	0.00656	0.00927
7	0.84448	0.01071	0.00814	0.00728	0.01071	0.01242	0.00600	0.01628	0.00943	0.02485	0.00771	0.00900	0.00600	0.00514	0.00343	0.00171	0.00428	0.00300	0.00343	0.00600
8	0.01378	0.01190	0.01252	0.01127	0.01440	0.01378	0.00877	0.02943	0.76081	0.02317	0.02254	0.02066	0.01691	0.00751	0.00564	0.00188	0.00438	0.00626	0.00564	0.00877
9	0.00791	0.00593	0.00890	0.00890	0.00989	0.00692	0.00692	0.00989	0.00890	0.01286	0.01483	0.02176	0.01385	0.04154	0.78341	0.00890	0.01483	0.00593	0.00297	0.00494
10	0.01378	0.01190	0.01252	0.01127	0.01440	0.01378	0.00877	0.02943	0.76081	0.02317	0.02254	0.02066	0.01691	0.00751	0.00564	0.00188	0.00438	0.00626	0.00564	0.00877
11	0.00670	0.00499	0.00625	0.00725	0.00791	0.00454	0.00494	0.00776	0.01105	0.01432	0.03612	0.63814	0.19663	0.01662	0.00695	0.00217	0.00312	0.01486	0.00514	0.00454
12	0.01481	0.80869	0.02902	0.00948	0.01421	0.02191	0.00948	0.01658	0.01125	0.01303	0.00770	0.00888	0.00711	0.00474	0.00355	0.00118	0.00592	0.00296	0.00237	0.00711
13	0.79893	0.05452	0.00929	0.00740	0.01090	0.01295	0.00619	0.01630	0.00953	0.02420	0.00771	0.00899	0.00606	0.00512	0.00343	0.00168	0.00437	0.00300	0.00337	0.00606
14	0.01755	0.59009	0.02460	0.00958	0.01419	0.01815	0.00911	0.01943	0.01251	0.22134	0.01157	0.01161	0.00891	0.00532	0.00410	0.00133	0.00559	0.00367	0.00360	0.00774
15	0.02069	0.02640	0.01569	0.01427	0.01712	0.78313	0.01070	0.02212	0.01569	0.01355	0.00856	0.00999	0.00713	0.00571	0.00499	0.00143	0.00999	0.00357	0.00285	0.00642
16	0.00791	0.00593	0.00890	0.00890	0.00989	0.00692	0.00692	0.00989	0.00890	0.01286	0.01483	0.02176	0.01385	0.04154	0.78341	0.00890	0.01483	0.00593	0.00297	0.00494
17	0.01378	0.01190	0.01252	0.01127	0.01440	0.01378	0.00877	0.02943	0.76081	0.02317	0.02254	0.02066	0.01691	0.00751	0.00564	0.00188	0.00438	0.00626	0.00564	0.00877
18	0.01111	0.02865	0.77667	0.01579	0.02397	0.01286	0.02046	0.01754	0.01169	0.01754	0.00994	0.01169	0.00702	0.00526	0.00526	0.00175	0.00818	0.00409	0.00234	0.00818
19	0.01111	0.02865	0.77667	0.01579	0.02397	0.01286	0.02046	0.01754	0.01169	0.01754	0.00994	0.01169	0.00702	0.00526	0.00526	0.00175	0.00818	0.00409	0.00234	0.00818
20	0.01300	0.01546	0.06111	0.02305	0.02875	0.01396	0.72280	0.01773	0.01302	0.01773	0.01116	0.01482	0.00835	0.00469	0.00649	0.00186	0.00929	0.00644	0.00278	0.00750
21	0.01371	0.01316	0.02248	0.03399	0.77081	0.01316	0.01700	0.01700	0.01261	0.01809	0.01042	0.01371	0.00877	0.00493	0.00548	0.00164	0.00658	0.00493	0.00274	0.00877
22	0.01349	0.53003	0.29611	0.01173	0.01770	0.01868	0.01340	0.01693	0.01141	0.01464	0.00850	0.00989	0.00707	0.00493	0.00416	0.00139	0.00673	0.00337	0.00236	0.00749
23	0.00824	0.00684	0.01035	0.24618	0.05899	0.00734	0.00884	0.01018	0.01096	0.01440	0.02443	0.48359	0.06240	0.01293	0.00649	0.00208	0.00464	0.01168	0.00420	0.00524
24	0.00892	0.00637	0.00892	0.01020	0.01147	0.00637	0.00892	0.01147	0.01275	0.01657	0.02932	0.06247	0.03187	0.01530	0.00765	0.00255	0.00510	0.73354	0.00510	0.00510
25	0.02069	0.02640	0.01569	0.01427	0.01712	0.78313	0.01070	0.02212	0.01569	0.01355	0.00856	0.00999	0.00713	0.00571	0.00499	0.00143	0.00999	0.00357	0.00285	0.00642
26	0.00655	0.00561	0.00561	0.00561	0.00748	0.00468	0.00421	0.00795	0.01262	0.01496	0.05610	0.05330	0.76857	0.01403	0.00655	0.00187	0.00281	0.01169	0.00514	0.00468
27	0.01481	0.80869	0.02902	0.00948	0.01421	0.02191	0.00948	0.01658	0.01125	0.01303	0.00770	0.00888	0.00711	0.00474	0.00355	0.00118	0.00592	0.00296	0.00237	0.00711
28	0.01147	0.01087	0.01843	0.55652	0.26579	0.01257	0.01588	0.01503	0.01155	0.01538	0.01002	0.01444	0.00781	0.00535	0.00552	0.00178	0.00713	0.00493	0.00255	0.00697
29	0.01550	0.01649	0.01260	0.01156	0.01388	0.35385	0.00887	0.12497	0.01545	0.01726	0.03770	0.10223	0.08524	0.03185	0.04509	0.00219	0.02775	0.06734	0.00398	0.00620
30	0.37883	0.01063	0.01066	0.00883	0.01250	0.03598	0.00717	0.06020	0.01308	0.29959	0.01471	0.06013	0.01099	0.00655	0.00463	0.00169	0.00466	0.00484	0.00488	0.04947

[dist]
# distance from previous block
# <min> <max>
8	69

[block]
# block no. 10 follows, 43 sequences, length 20
# corresponding to MSA columns:
# 801-820
name=unknown_K
#
# <colnr> <probs for GDERKNQSTAVLIFYWHMCP>
#	G	D	E	R	K	N	Q	S	T	A	V	L	I	F	Y	W	H	M	C	P
0	0.05729	0.00819	0.03492	0.00854	0.01113	0.00724	0.00703	0.01574	0.01446	0.22762	0.36435	0.04883	0.05041	0.00950	0.00644	0.00176	0.03404	0.03714	0.00567	0.04970
1	0.01437	0.01431	0.08103	0.02217	0.36118	0.05971	0.01374	0.08341	0.03350	0.05767	0.04118	0.03667	0.01191	0.00660	0.00673	0.00173	0.08105	0.02483	0.00350	0.04470
2	0.06995	0.01794	0.26239	0.01222	0.01749	0.04202	0.01240	0.23690	0.01667	0.08384	0.08349	0.01529	0.01261	0.00627	0.00525	0.00162	0.00617	0.00487	0.00419	0.08841
3	0.01697	0.01647	0.01746	0.06670	0.23649	0.21311	0.01250	0.17715	0.06713	0.04195	0.01254	0.01416	0.02630	0.00624	0.00611	0.00167	0.05058	0.00485	0.00371	0.00792
4	0.01249	0.01313	0.01643	0.63751	0.03397	0.16546	0.01445	0.01573	0.01199	0.01403	0.00959	0.01382	0.00733	0.00557	0.00543	0.00176	0.00790	0.00465	0.00254	0.00621
5	0.18016	0.01204	0.01604	0.17197	0.22900	0.01299	0.01203	0.16405	0.01458	0.08520	0.01127	0.01324	0.00846	0.00556	0.00505	0.00167	0.00593	0.00454	0.00375	0.04247
6	0.03380	0.01547	0.01642	0.06766	0.06717	0.12658	0.01138	0.32718	0.08092	0.02387	0.01167	0.01325	0.00905	0.00697	0.00791	0.00181	0.16202	0.00481	0.00411	0.00794
7	0.02069	0.02640	0.01569	0.01427	0.01712	0.78313	0.01070	0.02212	0.01569	0.01355	0.00856	0.00999	0.00713	0.00571	0.00499	0.00143	0.00999	0.00357	0.00285	0.00642
8	0.00750	0.00565	0.00693	0.00661	0.00807	0.00508	0.00496	0.00979	0.01488	0.02031	0.58099	0.04450	0.24035	0.01203	0.00654	0.00178	0.00266	0.01046	0.00585	0.00508
9	0.00675	0.00482	0.00643	0.00771	0.00803	0.00450	0.00514	0.00771	0.01060	0.01414	0.03053	0.80175	0.03663	0.01735	0.00707	0.00225	0.00321	0.01574	0.00514	0.00450
10	0.01111	0.02865	0.77667	0.01579	0.02397	0.01286	0.02046	0.01754	0.01169	0.01754	0.00994	0.01169	0.00702	0.00526	0.00526	0.00175	0.00818	0.00409	0.00234	0.00818
11	0.00784	0.00566	0.00740	0.00697	0.00827	0.00523	0.00523	0.01045	0.01568	0.02221	0.76789	0.04137	0.05226	0.01132	0.00653	0.00174	0.00261	0.01002	0.00610	0.00523
12	0.01972	0.02138	0.01532	0.01326	0.01648	0.48204	0.01024	0.23285	0.04974	0.02066	0.05693	0.01331	0.01096	0.00640	0.00527	0.00153	0.00818	0.00448	0.00394	0.00731
13	0.00793	0.00587	0.00859	0.00859	0.00947	0.00675	0.00654	0.00969	0.00881	0.01263	0.01512	0.02333	0.01453	0.12447	0.70141	0.00852	0.01381	0.00616	0.00301	0.00477
14	0.00796	0.00575	0.00797	0.00797	0.00863	0.00642	0.00576	0.00929	0.00862	0.01217	0.01569	0.02648	0.01590	0.29080	0.53696	0.00775	0.01175	0.00663	0.00309	0.00443
15	0.01212	0.01212	0.01696	0.01454	0.01454	0.01696	0.01212	0.01333	0.00848	0.01333	0.00727	0.01212	0.00727	0.00969	0.01818	0.00242	0.79523	0.00485	0.00242	0.00606
16	0.04581	0.20366	0.52744	0.01451	0.02155	0.01497	0.06531	0.01729	0.01159	0.01683	0.00942	0.01116	0.00709	0.00510	0.00488	0.00163	0.00759	0.00395	0.00242	0.00781
17	0.01553	0.01230	0.06283	0.01049	0.01487	0.01104	0.00890	0.10190	0.26038	0.15025	0.01645	0.01597	0.01206	0.00605	0.00509	0.00147	0.00478	0.00489	0.00485	0.27992
18	0.05495	0.01543	0.19336	0.01140	0.01683	0.01104	0.03199	0.13684	0.04549	0.09358	0.01204	0.01289	0.00891	0.00526	0.00485	0.00138	0.00562	0.00417	0.00386	0.33010
19	0.07396	0.00960	0.04289	0.01002	0.01351	0.00807	0.07888	0.01569	0.03359	0.16238	0.04122	0.16457	0.08515	0.00884	0.00562	0.00167	0.00463	0.03467	0.00461	0.20042

[dist]
# distance from previous block
# <min> <max>
3	19

[block]
# block no. 11 follows, 43 sequences, length 21
# corresponding to MSA columns:
# 840-860
name=unknown_L
#
# <colnr> <probs for GDERKNQSTAVLIFYWHMCP>
#	G	D	E	R	K	N	Q	S	T	A	V	L	I	F	Y	W	H	M	C	P
0	0.01492	0.01450	0.01849	0.15829	0.02212	0.12758	0.15687	0.17101	0.08745	0.02058	0.07642	0.01641	0.01271	0.00664	0.00677	0.00179	0.07069	0.00561	0.00384	0.00730
1	0.01595	0.01140	0.01500	0.15027	0.03420	0.01330	0.01092	0.12079	0.14183	0.18217	0.01575	0.01685	0.03213	0.00758	0.00876	0.00194	0.20349	0.00547	0.00445	0.00774
2	0.01650	0.03972	0.07523	0.02166	0.26646	0.12650	0.12524	0.22092	0.01673	0.02184	0.01095	0.01296	0.00848	0.00550	0.00552	0.00165	0.00745	0.00488	0.00350	0.00832
3	0.02054	0.01310	0.01509	0.01221	0.03786	0.01368	0.00973	0.44180	0.06108	0.22317	0.01618	0.01644	0.01148	0.00680	0.00553	0.00166	0.00552	0.02594	0.00566	0.05654
4	0.01680	0.01183	0.01602	0.01842	0.26246	0.01229	0.01137	0.05157	0.30145	0.21034	0.01805	0.01765	0.01316	0.00647	0.00557	0.00175	0.00525	0.00561	0.00499	0.00896
5	0.53640	0.01161	0.01470	0.01163	0.01547	0.01249	0.19679	0.04748	0.01134	0.02299	0.03853	0.03876	0.00956	0.00573	0.00455	0.00177	0.00556	0.00469	0.00352	0.00644
6	0.02288	0.01126	0.01386	0.01068	0.01488	0.01098	0.00880	0.26412	0.01918	0.50006	0.05081	0.01799	0.01394	0.00698	0.00560	0.00170	0.00508	0.00557	0.00639	0.00924
7	0.00791	0.00593	0.00890	0.00890	0.00989	0.00692	0.00692	0.00989	0.00890	0.01286	0.01483	0.02176	0.01385	0.04154	0.78341	0.00890	0.01483	0.00593	0.00297	0.00494
8	0.00677	0.00506	0.00632	0.00731	0.00802	0.00460	0.00505	0.00789	0.01115	0.01441	0.03644	0.60245	0.20698	0.01651	0.00697	0.00217	0.00318	0.03902	0.00514	0.00456
9	0.01205	0.17041	0.53843	0.01565	0.02285	0.01468	0.11716	0.01739	0.01180	0.01674	0.00970	0.01161	0.00722	0.00509	0.00512	0.00166	0.00792	0.00421	0.00241	0.00789
10	0.01344	0.01391	0.02678	0.02951	0.45819	0.01352	0.32618	0.01731	0.01281	0.01794	0.01075	0.01423	0.00862	0.00482	0.00593	0.00174	0.00774	0.00561	0.00277	0.00822
11	0.00670	0.00502	0.00622	0.00718	0.00789	0.00454	0.00491	0.00777	0.01111	0.01434	0.03694	0.61411	0.22013	0.01652	0.00694	0.00215	0.00311	0.01473	0.00514	0.00454
12	0.01371	0.01316	0.02248	0.03399	0.77081	0.01316	0.01700	0.01700	0.01261	0.01809	0.01042	0.01371	0.00877	0.00493	0.00548	0.00164	0.00658	0.00493	0.00274	0.00877
13	0.02009	0.01492	0.01601	0.01248	0.01669	0.01653	0.01023	0.67927	0.07482	0.03343	0.01449	0.03982	0.01082	0.00706	0.00560	0.00170	0.00588	0.00543	0.00553	0.00921
14	0.01046	0.00984	0.01661	0.79205	0.03814	0.01230	0.01538	0.01415	0.01107	0.01415	0.00984	0.01477	0.00738	0.00554	0.00554	0.00185	0.00738	0.00492	0.00246	0.00615
15	0.00874	0.00599	0.00801	0.00793	0.00934	0.00564	0.00632	0.01132	0.01490	0.04786	0.54400	0.04619	0.04543	0.01222	0.00680	0.00196	0.00335	0.20282	0.00586	0.00534
16	0.00917	0.00765	0.01183	0.01638	0.25828	0.00744	0.00917	0.01104	0.01160	0.01594	0.06234	0.47680	0.02814	0.01289	0.00654	0.00204	0.00435	0.03803	0.00440	0.00596
17	0.01334	0.01451	0.01586	0.43923	0.02783	0.22933	0.01314	0.01596	0.01204	0.01388	0.01025	0.05414	0.00882	0.00670	0.00698	0.00182	0.10222	0.00510	0.00271	0.00613
18	0.01300	0.01417	0.01671	0.05405	0.01801	0.20339	0.20018	0.04258	0.01385	0.01633	0.02392	0.02638	0.22302	0.00813	0.00594	0.00170	0.00686	0.04069	0.00370	0.06739
