[name]
unknown

[dist]
# distance from previous block
# <min> <max>
0	63

[block]
# block no. 0 follows, 46 sequences, length 34
# corresponding to MSA columns:
# 63-96
name=unknown_A
#
# <colnr> <probs for GDERKNQSTAVLIFYWHMCP>
#	G	D	E	R	K	N	Q	S	T	A	V	L	I	F	Y	W	H	M	C	P
0	0.00852	0.00608	0.00852	0.00974	0.01095	0.00608	0.00852	0.01095	0.01217	0.01582	0.02799	0.05963	0.03042	0.01460	0.00730	0.00243	0.00487	0.74565	0.00487	0.00487
1	0.00644	0.00460	0.00613	0.00736	0.00767	0.00429	0.00491	0.00736	0.01012	0.01350	0.02914	0.81076	0.03497	0.01656	0.00675	0.00215	0.00307	0.01503	0.00491	0.00429
2	0.01219	0.01341	0.02644	0.01962	0.02327	0.01426	0.52420	0.01560	0.01109	0.01560	0.00951	0.01341	0.00768	0.00598	0.00976	0.00195	0.26105	0.00573	0.00256	0.00670
3	0.00755	0.00566	0.00850	0.00850	0.00944	0.00661	0.00661	0.00944	0.00850	0.01227	0.01416	0.02077	0.01322	0.03965	0.79326	0.00850	0.01416	0.00566	0.00283	0.00472
4	0.02010	0.01481	0.01587	0.01216	0.01639	0.01639	0.01005	0.76360	0.02486	0.03332	0.01269	0.01269	0.00899	0.00635	0.00529	0.00159	0.00582	0.00476	0.00529	0.00899
5	0.01308	0.01256	0.02146	0.03245	0.78123	0.01256	0.01622	0.01622	0.01204	0.01727	0.00994	0.01308	0.00837	0.00471	0.00523	0.00157	0.00628	0.00471	0.00262	0.00837
6	0.01157	0.01157	0.01619	0.01388	0.01388	0.01619	0.01157	0.01272	0.00810	0.01272	0.00694	0.01157	0.00694	0.00925	0.01735	0.00231	0.80453	0.00463	0.00231	0.00578
7	0.85155	0.01022	0.00777	0.00695	0.01022	0.01186	0.00573	0.01554	0.00900	0.02372	0.00736	0.00859	0.00573	0.00491	0.00327	0.00164	0.00409	0.00286	0.00327	0.00573
8	0.01060	0.02735	0.78682	0.01507	0.02288	0.01228	0.01953	0.01674	0.01116	0.01674	0.00949	0.01116	0.00670	0.00502	0.00502	0.00167	0.00781	0.00391	0.00223	0.00781
9	0.00985	0.00493	0.00493	0.00493	0.00616	0.00493	0.00370	0.01232	0.01109	0.01971	0.01725	0.01971	0.01355	0.00616	0.00370	0.00123	0.00246	0.00493	0.84356	0.00493
10	0.00625	0.00536	0.00536	0.00536	0.00714	0.00446	0.00402	0.00759	0.01205	0.01428	0.05355	0.05088	0.77909	0.01339	0.00625	0.00179	0.00268	0.01116	0.00491	0.00446
11	0.00644	0.00460	0.00613	0.00736	0.00767	0.00429	0.00491	0.00736	0.01012	0.01350	0.02914	0.81076	0.03497	0.01656	0.00675	0.00215	0.00307	0.01503	0.00491	0.00429
12	0.01280	0.01336	0.02602	0.02768	0.42811	0.01294	0.36570	0.01656	0.01224	0.01711	0.01030	0.01364	0.00821	0.00459	0.00570	0.00167	0.00751	0.00543	0.00264	0.00779
13	0.01060	0.02735	0.78682	0.01507	0.02288	0.01228	0.01953	0.01674	0.01116	0.01674	0.00949	0.01116	0.00670	0.00502	0.00502	0.00167	0.00781	0.00391	0.00223	0.00781
14	0.00625	0.00536	0.00536	0.00536	0.00714	0.00446	0.00402	0.00759	0.01205	0.01428	0.05355	0.05088	0.77909	0.01339	0.00625	0.00179	0.00268	0.01116	0.00491	0.00446
15	0.85155	0.01022	0.00777	0.00695	0.01022	0.01186	0.00573	0.01554	0.00900	0.02372	0.00736	0.00859	0.00573	0.00491	0.00327	0.00164	0.00409	0.00286	0.00327	0.00573
16	0.02372	0.00900	0.01227	0.00941	0.01350	0.00777	0.00777	0.02576	0.01513	0.78489	0.02086	0.01799	0.01309	0.00654	0.00532	0.00164	0.00450	0.00532	0.00654	0.00900
17	0.02372	0.00900	0.01227	0.00941	0.01350	0.00777	0.00777	0.02576	0.01513	0.78489	0.02086	0.01799	0.01309	0.00654	0.00532	0.00164	0.00450	0.00532	0.00654	0.00900
18	0.00763	0.00510	0.00578	0.00584	0.00586	0.00509	0.00329	0.00767	0.00780	0.01041	0.01726	0.07188	0.01998	0.77589	0.02594	0.00498	0.00503	0.00804	0.00329	0.00326
19	0.01013	0.00955	0.01613	0.76456	0.07219	0.01178	0.01476	0.01364	0.01064	0.01369	0.00942	0.01405	0.00711	0.00526	0.00528	0.00175	0.00701	0.00470	0.00236	0.00599
20	0.85155	0.01022	0.00777	0.00695	0.01022	0.01186	0.00573	0.01554	0.00900	0.02372	0.00736	0.00859	0.00573	0.00491	0.00327	0.00164	0.00409	0.00286	0.00327	0.00573
21	0.01060	0.02735	0.78682	0.01507	0.02288	0.01228	0.01953	0.01674	0.01116	0.01674	0.00949	0.01116	0.00670	0.00502	0.00502	0.00167	0.00781	0.00391	0.00223	0.00781
22	0.01157	0.01157	0.01619	0.01388	0.01388	0.01619	0.01157	0.01272	0.00810	0.01272	0.00694	0.01157	0.00694	0.00925	0.01735	0.00231	0.80453	0.00463	0.00231	0.00578
23	0.01509	0.00946	0.01215	0.00889	0.01342	0.00752	0.03570	0.01743	0.01235	0.26233	0.01311	0.01333	0.00952	0.00477	0.00445	0.00109	0.00429	0.00395	0.00420	0.54694
24	0.01984	0.00986	0.01215	0.00990	0.01359	0.00975	0.00799	0.02662	0.29304	0.50469	0.02110	0.01863	0.01421	0.00677	0.00534	0.00169	0.00438	0.00556	0.00612	0.00877
25	0.01413	0.81739	0.02770	0.00905	0.01357	0.02092	0.00905	0.01583	0.01074	0.01244	0.00735	0.00848	0.00678	0.00452	0.00339	0.00113	0.00565	0.00283	0.00226	0.00678
26	0.00644	0.00460	0.00613	0.00736	0.00767	0.00429	0.00491	0.00736	0.01012	0.01350	0.02914	0.81076	0.03497	0.01656	0.00675	0.00215	0.00307	0.01503	0.00491	0.00429
27	0.01088	0.00950	0.04875	0.00963	0.01189	0.00953	0.00759	0.01955	0.41507	0.04780	0.02378	0.31977	0.02270	0.01061	0.00588	0.00192	0.00395	0.00929	0.00509	0.00682
28	0.00632	0.00507	0.00565	0.00612	0.00734	0.00440	0.00436	0.00750	0.01132	0.01398	0.04428	0.33959	0.49636	0.01459	0.00644	0.00192	0.00283	0.01263	0.00491	0.00440
29	0.00690	0.00538	0.00626	0.00604	0.00754	0.00474	0.00453	0.00886	0.01360	0.01796	0.43877	0.04483	0.39157	0.01202	0.00624	0.00172	0.00258	0.01031	0.00539	0.00474
30	0.00985	0.00493	0.00493	0.00493	0.00616	0.00493	0.00370	0.01232	0.01109	0.01971	0.01725	0.01971	0.01355	0.00616	0.00370	0.00123	0.00246	0.00493	0.84356	0.00493
31	0.01240	0.34955	0.44692	0.01255	0.01883	0.04637	0.01489	0.01654	0.01114	0.01484	0.00856	0.01000	0.00674	0.00484	0.00435	0.00144	0.00700	0.00345	0.00226	0.00733
32	0.37659	0.01885	0.04211	0.01081	0.01397	0.42698	0.00865	0.01855	0.01226	0.01772	0.00788	0.00919	0.00634	0.00520	0.00413	0.00149	0.00713	0.00319	0.00294	0.00602
33	0.01343	0.01254	0.02075	0.09420	0.63204	0.01285	0.03495	0.08227	0.01306	0.01837	0.01016	0.01316	0.00831	0.00490	0.00527	0.00159	0.00637	0.00475	0.00283	0.00819

[dist]
# distance from previous block
# <min> <max>
0	1

[block]
# block no. 1 follows, 46 sequences, length 25
# corresponding to MSA columns:
# 98-122
name=unknown_B
#
# <colnr> <probs for GDERKNQSTAVLIFYWHMCP>
#	G	D	E	R	K	N	Q	S	T	A	V	L	I	F	Y	W	H	M	C	P
0	0.01008	0.01618	0.34476	0.01089	0.01522	0.03615	0.01178	0.06263	0.01397	0.01978	0.36948	0.02446	0.02706	0.00783	0.00560	0.00165	0.00525	0.00659	0.00413	0.00651
1	0.01350	0.01184	0.01641	0.02086	0.37287	0.01268	0.01202	0.02245	0.38907	0.04721	0.01608	0.01655	0.01240	0.00600	0.00531	0.00168	0.00518	0.00536	0.00413	0.00839
2	0.00674	0.00483	0.00640	0.00716	0.00773	0.00449	0.00493	0.00812	0.01152	0.01572	0.24563	0.58792	0.03927	0.01490	0.00660	0.00201	0.00290	0.01345	0.00517	0.00449
3	0.01091	0.01078	0.01718	0.37351	0.02520	0.01395	0.07022	0.01340	0.00956	0.01340	0.00835	0.01292	0.00707	0.00708	0.01100	0.00202	0.38037	0.00478	0.00236	0.00593
4	0.02372	0.00900	0.01227	0.00941	0.01350	0.00777	0.00777	0.02576	0.01513	0.78489	0.02086	0.01799	0.01309	0.00654	0.00532	0.00164	0.00450	0.00532	0.00654	0.00900
5	0.01157	0.01157	0.01619	0.01388	0.01388	0.01619	0.01157	0.01272	0.00810	0.01272	0.00694	0.01157	0.00694	0.00925	0.01735	0.00231	0.80453	0.00463	0.00231	0.00578
6	0.01285	0.01232	0.02103	0.09110	0.72442	0.01250	0.01611	0.01602	0.01193	0.01698	0.00990	0.01316	0.00827	0.00475	0.00524	0.00158	0.00634	0.00471	0.00260	0.00818
7	0.00644	0.00460	0.00613	0.00736	0.00767	0.00429	0.00491	0.00736	0.01012	0.01350	0.02914	0.81076	0.03497	0.01656	0.00675	0.00215	0.00307	0.01503	0.00491	0.00429
8	0.00748	0.00540	0.00707	0.00665	0.00790	0.00499	0.00499	0.00998	0.01496	0.02120	0.77844	0.03949	0.04988	0.01081	0.00624	0.00166	0.00249	0.00956	0.00582	0.00499
9	0.00644	0.00460	0.00613	0.00736	0.00767	0.00429	0.00491	0.00736	0.01012	0.01350	0.02914	0.81076	0.03497	0.01656	0.00675	0.00215	0.00307	0.01503	0.00491	0.00429
10	0.02372	0.00900	0.01227	0.00941	0.01350	0.00777	0.00777	0.02576	0.01513	0.78489	0.02086	0.01799	0.01309	0.00654	0.00532	0.00164	0.00450	0.00532	0.00654	0.00900
11	0.02372	0.00900	0.01227	0.00941	0.01350	0.00777	0.00777	0.02576	0.01513	0.78489	0.02086	0.01799	0.01309	0.00654	0.00532	0.00164	0.00450	0.00532	0.00654	0.00900
12	0.02372	0.00900	0.01227	0.00941	0.01350	0.00777	0.00777	0.02576	0.01513	0.78489	0.02086	0.01799	0.01309	0.00654	0.00532	0.00164	0.00450	0.00532	0.00654	0.00900
13	0.02010	0.01481	0.01587	0.01216	0.01639	0.01639	0.01005	0.76360	0.02486	0.03332	0.01269	0.01269	0.00899	0.00635	0.00529	0.00159	0.00582	0.00476	0.00529	0.00899
14	0.01096	0.00940	0.01096	0.00783	0.01253	0.00705	0.00626	0.01331	0.01096	0.01723	0.00940	0.01096	0.00783	0.00392	0.00392	0.00078	0.00392	0.00313	0.00313	0.84653
15	0.00644	0.00460	0.00613	0.00736	0.00767	0.00429	0.00491	0.00736	0.01012	0.01350	0.02914	0.81076	0.03497	0.01656	0.00675	0.00215	0.00307	0.01503	0.00491	0.00429
16	0.00633	0.00536	0.00547	0.00544	0.00719	0.00450	0.00408	0.00775	0.01224	0.01474	0.10197	0.05012	0.73039	0.01322	0.00625	0.00178	0.00267	0.01105	0.00497	0.00450
17	0.01019	0.00961	0.01623	0.75014	0.08615	0.01180	0.01478	0.01369	0.01067	0.01376	0.00943	0.01403	0.00714	0.00525	0.00528	0.00175	0.00700	0.00470	0.00237	0.00604
18	0.01383	0.01472	0.01215	0.06432	0.01526	0.31579	0.00957	0.01813	0.14722	0.01565	0.01785	0.02993	0.01710	0.00909	0.00584	0.00186	0.00672	0.27501	0.00395	0.00605
19	0.00635	0.00495	0.00577	0.00643	0.00742	0.00437	0.00449	0.00747	0.01102	0.01386	0.04050	0.45721	0.38119	0.01509	0.00652	0.00198	0.00289	0.01323	0.00491	0.00437
20	0.00644	0.00460	0.00613	0.00736	0.00767	0.00429	0.00491	0.00736	0.01012	0.01350	0.02914	0.81076	0.03497	0.01656	0.00675	0.00215	0.00307	0.01503	0.00491	0.00429
21	0.01085	0.02583	0.70578	0.01661	0.08086	0.01233	0.04155	0.01671	0.01127	0.01679	0.00956	0.01140	0.00686	0.00498	0.00508	0.00167	0.00773	0.00404	0.00227	0.00784
22	0.01288	0.53728	0.29684	0.01118	0.01687	0.01785	0.01276	0.01615	0.01089	0.01396	0.00811	0.00943	0.00675	0.00470	0.00397	0.00132	0.00642	0.00321	0.00225	0.00715
23	0.01340	0.01075	0.01160	0.01036	0.01328	0.01218	0.00807	0.02656	0.66539	0.07102	0.07921	0.02112	0.01852	0.00741	0.00544	0.00177	0.00408	0.00621	0.00549	0.00815
24	0.01135	0.01072	0.01512	0.01162	0.01473	0.01100	0.09433	0.01352	0.01012	0.01560	0.00868	0.01155	0.00754	0.00587	0.00893	0.00144	0.28782	0.00402	0.00279	0.45326

[dist]
# distance from previous block
# <min> <max>
0	3

[block]
# block no. 2 follows, 46 sequences, length 34
# corresponding to MSA columns:
# 126-159
name=unknown_C
#
# <colnr> <probs for GDERKNQSTAVLIFYWHMCP>
#	G	D	E	R	K	N	Q	S	T	A	V	L	I	F	Y	W	H	M	C	P
0	0.00811	0.00556	0.00715	0.00771	0.00871	0.00531	0.00563	0.01033	0.05580	0.05604	0.13139	0.47694	0.08675	0.01425	0.00655	0.00204	0.00331	0.09833	0.00514	0.00495
1	0.01342	0.01144	0.01103	0.00986	0.01216	0.12096	0.00755	0.28893	0.01638	0.02076	0.02198	0.27466	0.10278	0.01211	0.04868	0.00213	0.00556	0.00864	0.00463	0.00633
2	0.01291	0.54446	0.28995	0.01113	0.01679	0.01793	0.01267	0.01615	0.01089	0.01392	0.00809	0.00941	0.00675	0.00470	0.00396	0.00132	0.00640	0.00320	0.00225	0.00714
3	0.44624	0.00825	0.00704	0.00640	0.00886	0.00918	0.00512	0.05777	0.01081	0.02258	0.01186	0.01354	0.00923	0.00552	0.00357	0.00146	0.00350	0.00385	0.35965	0.00558
4	0.01271	0.01380	0.19273	0.01064	0.01457	0.01063	0.01025	0.20723	0.10102	0.05934	0.09496	0.05963	0.13281	0.00854	0.00565	0.00174	0.00507	0.04694	0.00460	0.00714
5	0.01315	0.01136	0.01195	0.01076	0.01375	0.01315	0.00837	0.02809	0.77168	0.02211	0.02152	0.01972	0.01614	0.00717	0.00538	0.00179	0.00418	0.00598	0.00538	0.00837
6	0.01315	0.01136	0.01195	0.01076	0.01375	0.01315	0.00837	0.02809	0.77168	0.02211	0.02152	0.01972	0.01614	0.00717	0.00538	0.00179	0.00418	0.00598	0.00538	0.00837
7	0.00724	0.00539	0.00673	0.00640	0.00775	0.00489	0.00480	0.00951	0.01440	0.01985	0.63724	0.04171	0.19192	0.01131	0.00624	0.00169	0.00253	0.00987	0.00564	0.00489
8	0.00857	0.00716	0.01044	0.00986	0.01056	0.00903	0.00786	0.01027	0.00839	0.01239	0.01233	0.01844	0.01163	0.03196	0.59690	0.00693	0.21418	0.00540	0.00270	0.00499
9	0.00769	0.00513	0.00577	0.00577	0.00577	0.00513	0.00320	0.00769	0.00769	0.01025	0.01666	0.03460	0.01922	0.81421	0.02691	0.00513	0.00513	0.00769	0.00320	0.00320
10	0.01096	0.00940	0.01096	0.00783	0.01253	0.00705	0.00626	0.01331	0.01096	0.01723	0.00940	0.01096	0.00783	0.00392	0.00392	0.00078	0.00392	0.00313	0.00313	0.84653
11	0.01400	0.78723	0.05668	0.00928	0.01392	0.02059	0.00945	0.01586	0.01076	0.01260	0.00743	0.00858	0.00678	0.00454	0.00345	0.00115	0.00574	0.00287	0.00226	0.00682
12	0.00724	0.00539	0.00673	0.00640	0.00775	0.00489	0.00480	0.00951	0.01440	0.01985	0.63724	0.04171	0.19192	0.01131	0.00624	0.00169	0.00253	0.00987	0.00564	0.00489
13	0.01536	0.01912	0.06154	0.01755	0.05856	0.34421	0.25998	0.01806	0.01283	0.01465	0.00899	0.01165	0.00730	0.00560	0.00708	0.00166	0.12202	0.00461	0.00262	0.00661
14	0.01599	0.00732	0.00961	0.00794	0.01078	0.00640	0.00634	0.01808	0.01464	0.42878	0.27017	0.02961	0.13379	0.00889	0.00575	0.00167	0.00359	0.00752	0.00608	0.00706
15	0.01402	0.01009	0.01123	0.01054	0.05678	0.01107	0.00777	0.15535	0.33631	0.06338	0.01800	0.01797	0.01350	0.00656	0.00487	0.00157	0.00413	0.00535	0.24396	0.00753
16	0.00757	0.00559	0.00811	0.00811	0.00892	0.00640	0.00612	0.00919	0.00838	0.01199	0.01451	0.02273	0.01407	0.14969	0.68439	0.00802	0.01288	0.00595	0.00288	0.00450
17	0.00769	0.00513	0.00577	0.00577	0.00577	0.00513	0.00320	0.00769	0.00769	0.01025	0.01666	0.03460	0.01922	0.81421	0.02691	0.00513	0.00513	0.00769	0.00320	0.00320
18	0.01124	0.01111	0.03725	0.47501	0.33335	0.01208	0.01542	0.01467	0.01117	0.01509	0.00962	0.01362	0.00757	0.00505	0.00526	0.00168	0.00676	0.00468	0.00245	0.00692
19	0.00789	0.00551	0.00672	0.00717	0.00764	0.00546	0.00481	0.04772	0.01007	0.01339	0.02287	0.36612	0.02648	0.35402	0.01527	0.00341	0.00426	0.08285	0.00420	0.00414
20	0.00644	0.00460	0.00613	0.00736	0.00767	0.00429	0.00491	0.00736	0.01012	0.01350	0.02914	0.81076	0.03497	0.01656	0.00675	0.00215	0.00307	0.01503	0.00491	0.00429
21	0.00656	0.00469	0.00627	0.00750	0.00786	0.00440	0.00512	0.00757	0.01024	0.01363	0.02907	0.76699	0.03470	0.01645	0.00678	0.00216	0.00317	0.05761	0.00491	0.00433
22	0.01413	0.81739	0.02770	0.00905	0.01357	0.02092	0.00905	0.01583	0.01074	0.01244	0.00735	0.00848	0.00678	0.00452	0.00339	0.00113	0.00565	0.00283	0.00226	0.00678
23	0.00769	0.00513	0.00577	0.00577	0.00577	0.00513	0.00320	0.00769	0.00769	0.01025	0.01666	0.03460	0.01922	0.81421	0.02691	0.00513	0.00513	0.00769	0.00320	0.00320
24	0.00644	0.00460	0.00613	0.00736	0.00767	0.00429	0.00491	0.00736	0.01012	0.01350	0.02914	0.81076	0.03497	0.01656	0.00675	0.00215	0.00307	0.01503	0.00491	0.00429
25	0.00755	0.00566	0.00850	0.00850	0.00944	0.00661	0.00661	0.00944	0.00850	0.01227	0.01416	0.02077	0.01322	0.03965	0.79326	0.00850	0.01416	0.00566	0.00283	0.00472
26	0.02010	0.01481	0.01587	0.01216	0.01639	0.01639	0.01005	0.76360	0.02486	0.03332	0.01269	0.01269	0.00899	0.00635	0.00529	0.00159	0.00582	0.00476	0.00529	0.00899
27	0.85155	0.01022	0.00777	0.00695	0.01022	0.01186	0.00573	0.01554	0.00900	0.02372	0.00736	0.00859	0.00573	0.00491	0.00327	0.00164	0.00409	0.00286	0.00327	0.00573
28	0.01248	0.01426	0.03119	0.02228	0.02763	0.01337	0.76203	0.01693	0.01248	0.01693	0.01070	0.01426	0.00802	0.00446	0.00624	0.00178	0.00891	0.00624	0.00267	0.00713
29	0.01132	0.00943	0.01038	0.00943	0.01186	0.01051	0.00728	0.02224	0.52730	0.02182	0.26597	0.02611	0.02704	0.00835	0.00566	0.00175	0.00364	0.00713	0.00552	0.00728
30	0.00880	0.00522	0.00632	0.00632	0.00733	0.00556	0.00472	0.01081	0.00980	0.01605	0.01606	0.02155	0.01398	0.09751	0.29588	0.00428	0.00702	0.00547	0.45264	0.00468
31	0.00696	0.00538	0.00634	0.00610	0.00758	0.00477	0.00458	0.00896	0.01373	0.01827	0.47110	0.04432	0.35905	0.01190	0.00624	0.00171	0.00257	0.01024	0.00543	0.00477
32	0.01180	0.01023	0.01182	0.07930	0.01516	0.01005	0.00790	0.01960	0.33346	0.01897	0.01454	0.01495	0.01128	0.00542	0.00466	0.00130	0.00431	0.00448	0.00402	0.41678
33	0.01956	0.01146	0.01337	0.01043	0.01419	0.01179	0.00854	0.40164	0.02009	0.29124	0.12430	0.01833	0.01621	0.00705	0.00543	0.00161	0.00489	0.00563	0.00580	0.00842

[dist]
# distance from previous block
# <min> <max>
0	1

[block]
# block no. 3 follows, 46 sequences, length 28
# corresponding to MSA columns:
# 161-188
name=unknown_D
#
# <colnr> <probs for GDERKNQSTAVLIFYWHMCP>
#	G	D	E	R	K	N	Q	S	T	A	V	L	I	F	Y	W	H	M	C	P
0	0.01444	0.29453	0.06433	0.25797	0.02189	0.14406	0.01161	0.06631	0.01257	0.05310	0.00928	0.01132	0.00733	0.00517	0.00453	0.00145	0.00681	0.00382	0.00278	0.00671
1	0.01406	0.31316	0.32799	0.01254	0.01795	0.20123	0.01351	0.01745	0.01192	0.01428	0.00840	0.00980	0.00676	0.00494	0.00437	0.00140	0.00744	0.00340	0.00236	0.00704
2	0.00742	0.00542	0.00745	0.00731	0.00838	0.00546	0.00551	0.00959	0.01247	0.01768	0.46944	0.09643	0.03678	0.02063	0.26144	0.00392	0.00632	0.00874	0.00478	0.00484
3	0.01677	0.01777	0.14537	0.05313	0.01723	0.25600	0.01175	0.01917	0.01257	0.19730	0.01119	0.01252	0.00833	0.00650	0.00785	0.00172	0.19009	0.00429	0.00344	0.00700
4	0.00912	0.00846	0.01243	0.01085	0.01201	0.01018	0.06953	0.01082	0.00952	0.01330	0.02060	0.02402	0.19277	0.01934	0.25623	0.00408	0.30174	0.00664	0.00312	0.00525
5	0.00961	0.00950	0.00824	0.00885	0.00973	0.19202	0.00617	0.01063	0.01128	0.01336	0.02415	0.62005	0.02826	0.01392	0.00628	0.00196	0.00461	0.01226	0.00439	0.00473
6	0.01190	0.01254	0.02162	0.01692	0.01886	0.01517	0.28314	0.01425	0.00968	0.01425	0.00830	0.01254	0.00733	0.00752	0.01333	0.00212	0.51662	0.00521	0.00244	0.00627
7	0.01547	0.62884	0.02467	0.01013	0.01423	0.20468	0.00932	0.01709	0.01175	0.01256	0.00755	0.00873	0.00679	0.00474	0.00372	0.00119	0.00658	0.00296	0.00237	0.00663
8	0.00743	0.01001	0.19195	0.00920	0.01129	0.00619	0.00839	0.00959	0.01037	0.01427	0.02446	0.62044	0.02824	0.01382	0.00634	0.00203	0.00420	0.01238	0.00427	0.00513
9	0.00644	0.00460	0.00613	0.00736	0.00767	0.00429	0.00491	0.00736	0.01012	0.01350	0.02914	0.81076	0.03497	0.01656	0.00675	0.00215	0.00307	0.01503	0.00491	0.00429
10	0.01481	0.04812	0.01081	0.00837	0.01145	0.00717	0.00658	0.01655	0.01235	0.32255	0.02004	0.26354	0.01836	0.00895	0.00533	0.00157	0.00397	0.00771	0.00501	0.20676
11	0.00969	0.00703	0.00845	0.00850	0.00974	0.00717	0.00613	0.18736	0.01363	0.01821	0.02522	0.62081	0.02878	0.01413	0.00640	0.00201	0.00372	0.01258	0.00500	0.00541
12	0.00827	0.19806	0.01127	0.00776	0.00907	0.00825	0.00589	0.00938	0.01027	0.01324	0.02395	0.61980	0.02826	0.01370	0.00595	0.00191	0.00368	0.01212	0.00428	0.00489
13	0.01287	0.20542	0.03036	0.01913	0.02428	0.01517	0.58281	0.01667	0.01206	0.01586	0.00990	0.01288	0.00773	0.00447	0.00556	0.00163	0.00814	0.00543	0.00258	0.00705
14	0.00625	0.00536	0.00536	0.00536	0.00714	0.00446	0.00402	0.00759	0.01205	0.01428	0.05355	0.05088	0.77909	0.01339	0.00625	0.00179	0.00268	0.01116	0.00491	0.00446
15	0.01333	0.20412	0.02294	0.02688	0.59852	0.01455	0.01452	0.01613	0.01173	0.01612	0.00933	0.01199	0.00800	0.00467	0.00480	0.00147	0.00613	0.00426	0.00253	0.00800
16	0.01492	0.01105	0.01261	0.00932	0.01382	0.01003	0.00758	0.24881	0.01566	0.08842	0.01141	0.01211	0.00865	0.00490	0.00446	0.00111	0.00456	0.00383	0.00410	0.51266
17	0.09195	0.26463	0.01793	0.01020	0.01428	0.07880	0.00883	0.22812	0.01593	0.20317	0.01213	0.01202	0.00881	0.00562	0.00448	0.00144	0.00560	0.00401	0.00426	0.00778
18	0.01229	0.01078	0.01027	0.00903	0.01167	0.08760	0.00704	0.17499	0.19613	0.02067	0.09626	0.03022	0.29274	0.00939	0.00569	0.00169	0.00437	0.00765	0.00496	0.00657
19	0.00848	0.00477	0.00652	0.00652	0.00695	0.00456	0.00445	0.00705	0.00812	0.01040	0.01974	0.02435	0.19243	0.01718	0.01723	0.64521	0.00414	0.00615	0.00292	0.00281
20	0.01256	0.01202	0.02051	0.16269	0.65509	0.01242	0.01596	0.01576	0.01179	0.01663	0.00985	0.01326	0.00815	0.00481	0.00524	0.00160	0.00641	0.00471	0.00257	0.00795
21	0.01722	0.01634	0.01405	0.01201	0.01532	0.23269	0.00942	0.26129	0.32090	0.02313	0.01496	0.01462	0.01124	0.00642	0.00518	0.00161	0.00620	0.00487	0.00461	0.00794
22	0.17155	0.04610	0.19707	0.01132	0.01585	0.01372	0.01093	0.18741	0.25143	0.02328	0.01348	0.01360	0.00998	0.00595	0.00480	0.00166	0.00545	0.00451	0.00410	0.00782
23	0.01277	0.54045	0.10619	0.19831	0.02000	0.01781	0.01151	0.01537	0.01075	0.01315	0.00807	0.01010	0.00684	0.00476	0.00402	0.00134	0.00622	0.00339	0.00228	0.00668
24	0.03889	0.05609	0.01237	0.01092	0.07923	0.05109	0.00794	0.25372	0.07245	0.02210	0.02279	0.02282	0.19308	0.00772	0.00510	0.00156	0.00464	0.00616	0.12445	0.00686
25	0.02039	0.01215	0.01400	0.01241	0.07712	0.07200	0.00924	0.19015	0.11292	0.39702	0.01723	0.01597	0.01168	0.00634	0.00527	0.00162	0.00529	0.00508	0.00550	0.00864
26	0.07922	0.01294	0.04231	0.20097	0.10280	0.18344	0.01065	0.01454	0.01123	0.01465	0.01218	0.03234	0.03888	0.01304	0.17277	0.00304	0.00844	0.00485	0.00282	0.03889
27	0.01308	0.25585	0.06138	0.01076	0.05131	0.01324	0.00889	0.19149	0.01419	0.03515	0.03063	0.24286	0.01654	0.00863	0.00511	0.00160	0.00498	0.00717	0.00394	0.02320

[dist]
# distance from previous block
# <min> <max>
88	303

[block]
# block no. 4 follows, 46 sequences, length 21
# corresponding to MSA columns:
# 546-566
name=unknown_E
#
# <colnr> <probs for GDERKNQSTAVLIFYWHMCP>
#	G	D	E	R	K	N	Q	S	T	A	V	L	I	F	Y	W	H	M	C	P
0	0.01712	0.17510	0.13298	0.01262	0.01671	0.37371	0.01129	0.14074	0.04229	0.01706	0.00943	0.01046	0.00748	0.00542	0.00465	0.00142	0.00774	0.00368	0.00307	0.00705
1	0.01625	0.04517	0.01345	0.01100	0.01412	0.24743	0.00864	0.21220	0.13632	0.05204	0.04021	0.05172	0.07983	0.00725	0.00520	0.00155	0.00604	0.00558	0.00435	0.04166
2	0.01392	0.01359	0.01096	0.01009	0.01239	0.26909	0.00765	0.06658	0.12458	0.06421	0.08301	0.14099	0.12716	0.00925	0.00560	0.00168	0.00559	0.02302	0.00445	0.00619
3	0.08007	0.05166	0.01519	0.24367	0.02143	0.33639	0.01100	0.08626	0.01382	0.06208	0.00958	0.01159	0.00737	0.00555	0.00509	0.00155	0.02417	0.00398	0.00309	0.00648
4	0.11908	0.01808	0.04336	0.08378	0.09600	0.35269	0.01078	0.13005	0.01490	0.05168	0.02603	0.01172	0.00837	0.00557	0.00482	0.00152	0.00733	0.00402	0.00334	0.00688
5	0.09099	0.01540	0.01427	0.35090	0.02394	0.29815	0.01140	0.06254	0.01300	0.01550	0.01120	0.01369	0.04597	0.00579	0.00496	0.00159	0.00739	0.00439	0.00288	0.00607
6	0.05549	0.01471	0.01484	0.28152	0.02231	0.21171	0.01135	0.18504	0.01469	0.01830	0.01134	0.01364	0.03917	0.00623	0.00616	0.00166	0.07745	0.00455	0.00326	0.00657
7	0.09066	0.01270	0.01370	0.28039	0.02147	0.12016	0.01050	0.21092	0.01491	0.01978	0.01450	0.01628	0.08860	0.00643	0.00532	0.00162	0.02232	0.00498	0.00356	0.04121
8	0.09522	0.01383	0.01462	0.01124	0.01543	0.01502	0.00926	0.61799	0.02198	0.03078	0.01187	0.01214	0.00857	0.00596	0.00496	0.00151	0.00546	0.00442	0.00488	0.09485
9	0.13175	0.01281	0.01365	0.01084	0.01473	0.01404	0.00887	0.44175	0.13780	0.13843	0.01452	0.01400	0.01025	0.00631	0.00503	0.00163	0.00514	0.00477	0.00521	0.00845
10	0.01229	0.00924	0.01012	0.00881	0.01127	0.00957	0.00686	0.33234	0.01721	0.02254	0.05855	0.21475	0.24284	0.01102	0.00595	0.00178	0.00411	0.00927	0.00511	0.00639
11	0.01712	0.36499	0.02035	0.01156	0.01507	0.43581	0.00965	0.01907	0.03797	0.01302	0.00826	0.00942	0.00710	0.00511	0.00420	0.00128	0.00769	0.00324	0.00261	0.00648
12	0.01096	0.00940	0.01096	0.00783	0.01253	0.00705	0.00626	0.01331	0.01096	0.01723	0.00940	0.01096	0.00783	0.00392	0.00392	0.00078	0.00392	0.00313	0.00313	0.84653
13	0.00748	0.00540	0.00707	0.00665	0.00790	0.00499	0.00499	0.00998	0.01496	0.02120	0.77844	0.03949	0.04988	0.01081	0.00624	0.00166	0.00249	0.00956	0.00582	0.00499
14	0.01975	0.02520	0.01498	0.01362	0.01634	0.79299	0.01021	0.02111	0.01498	0.01294	0.00817	0.00953	0.00681	0.00545	0.00477	0.00136	0.00953	0.00340	0.00272	0.00613
15	0.00644	0.00460	0.00613	0.00736	0.00767	0.00429	0.00491	0.00736	0.01012	0.01350	0.02914	0.81076	0.03497	0.01656	0.00675	0.00215	0.00307	0.01503	0.00491	0.00429
16	0.02010	0.01481	0.01587	0.01216	0.01639	0.01639	0.01005	0.76360	0.02486	0.03332	0.01269	0.01269	0.00899	0.00635	0.00529	0.00159	0.00582	0.00476	0.00529	0.00899
17	0.00637	0.00487	0.00585	0.00663	0.00748	0.00436	0.00458	0.00744	0.01082	0.01378	0.03798	0.53559	0.30442	0.01541	0.00657	0.00202	0.00293	0.01363	0.00491	0.00436
18	0.32014	0.29830	0.01472	0.00762	0.01079	0.01323	0.00671	0.01412	0.01126	0.01898	0.21853	0.01701	0.01820	0.00639	0.00413	0.00146	0.00421	0.00468	0.00361	0.00590
19	0.00939	0.00851	0.01131	0.01467	0.22039	0.05192	0.00857	0.01147	0.03409	0.01479	0.02450	0.36584	0.12425	0.01260	0.03566	0.00213	0.03010	0.01007	0.00401	0.00572
20	0.01097	0.01087	0.01967	0.51970	0.09910	0.01225	0.18491	0.01520	0.04606	0.01502	0.01030	0.01430	0.00780	0.00513	0.00550	0.00175	0.00727	0.00511	0.00259	0.00649

[dist]
# distance from previous block
# <min> <max>
30	47

[block]
# block no. 5 follows, 46 sequences, length 8
# corresponding to MSA columns:
# 617-624
name=unknown_F
#
# <colnr> <probs for GDERKNQSTAVLIFYWHMCP>
#	G	D	E	R	K	N	Q	S	T	A	V	L	I	F	Y	W	H	M	C	P
0	0.32938	0.00970	0.01034	0.00855	0.01201	0.01005	0.00697	0.05829	0.08952	0.32704	0.07465	0.01608	0.01332	0.00632	0.00463	0.00165	0.00422	0.00477	0.00509	0.00740
1	0.00823	0.00607	0.00789	0.00812	0.00887	0.00645	0.00582	0.07338	0.01063	0.01450	0.02174	0.42653	0.02447	0.11336	0.20431	0.00402	0.03616	0.01058	0.00413	0.00473
2	0.00761	0.00541	0.00723	0.00723	0.00774	0.00592	0.00503	0.00863	0.00812	0.01134	0.01532	0.02717	0.01600	0.39819	0.43852	0.00694	0.00998	0.00660	0.00300	0.00402
3	0.00900	0.00725	0.00833	0.00758	0.00872	0.00782	0.00559	0.08461	0.01122	0.01459	0.02936	0.03509	0.31885	0.28153	0.01493	0.00298	0.13564	0.00827	0.00395	0.00471
4	0.01341	0.33464	0.05010	0.01126	0.01462	0.10425	0.03491	0.01530	0.01067	0.01367	0.00787	0.01008	0.00704	0.00574	0.00731	0.00144	0.20712	0.00355	0.00248	0.14456
5	0.01792	0.01291	0.01423	0.01089	0.01513	0.01342	0.00892	0.48885	0.07138	0.09038	0.01323	0.01322	0.00955	0.00588	0.00500	0.00143	0.00518	0.00453	0.00492	0.19304
6	0.01456	0.25068	0.09672	0.01104	0.01451	0.01464	0.01029	0.01739	0.05111	0.16033	0.01094	0.01221	0.00860	0.00634	0.00789	0.00161	0.22413	0.00409	0.00332	0.07959
7	0.01536	0.10611	0.10587	0.05508	0.31711	0.01312	0.01317	0.10364	0.05476	0.14641	0.01233	0.01352	0.00922	0.00538	0.00503	0.00156	0.00595	0.00458	0.00363	0.00819

[dist]
# distance from previous block
# <min> <max>
1	4

[block]
# block no. 6 follows, 46 sequences, length 6
# corresponding to MSA columns:
# 629-634
name=unknown_G
#
# <colnr> <probs for GDERKNQSTAVLIFYWHMCP>
#	G	D	E	R	K	N	Q	S	T	A	V	L	I	F	Y	W	H	M	C	P
0	0.01125	0.00779	0.00973	0.00839	0.01061	0.00764	0.03775	0.16001	0.01558	0.08144	0.28829	0.12233	0.15666	0.01020	0.00591	0.00171	0.00368	0.00882	0.04618	0.00601
1	0.00907	0.00581	0.00764	0.00829	0.00935	0.00561	0.00619	0.01135	0.06145	0.09253	0.02755	0.51984	0.03055	0.01452	0.00663	0.00213	0.00367	0.16757	0.00510	0.00516
2	0.01308	0.01256	0.02146	0.03245	0.78123	0.01256	0.01622	0.01622	0.01204	0.01727	0.00994	0.01308	0.00837	0.00471	0.00523	0.00157	0.00628	0.00471	0.00262	0.00837
3	0.01342	0.01020	0.01175	0.00885	0.01306	0.00896	0.00709	0.18074	0.01425	0.06742	0.01239	0.07492	0.01055	0.00562	0.00453	0.00112	0.00431	0.00457	0.00396	0.54229
4	0.00811	0.00601	0.00759	0.00794	0.00912	0.00562	0.00572	0.06193	0.01143	0.01553	0.02553	0.59984	0.02954	0.01418	0.00635	0.00197	0.00350	0.07044	0.00472	0.10493
5	0.01389	0.12296	0.13513	0.01213	0.01664	0.01304	0.09411	0.19743	0.01444	0.04658	0.01174	0.06838	0.00988	0.00610	0.00561	0.00148	0.05036	0.00495	0.00355	0.17159

[dist]
# distance from previous block
# <min> <max>
6	9

[block]
# block no. 7 follows, 46 sequences, length 22
# corresponding to MSA columns:
# 644-665
name=unknown_H
#
# <colnr> <probs for GDERKNQSTAVLIFYWHMCP>
#	G	D	E	R	K	N	Q	S	T	A	V	L	I	F	Y	W	H	M	C	P
0	0.02023	0.01509	0.01567	0.01212	0.01627	0.05466	0.00996	0.69652	0.02397	0.06303	0.01280	0.01275	0.00905	0.00631	0.00526	0.00158	0.00595	0.00472	0.00521	0.00885
1	0.01147	0.00938	0.01101	0.00789	0.01257	0.00708	0.00632	0.01381	0.01113	0.04769	0.00985	0.01124	0.00804	0.00402	0.00397	0.00082	0.00394	0.00322	0.00327	0.81329
2	0.01223	0.39132	0.43709	0.01229	0.01859	0.01626	0.01470	0.01632	0.01097	0.01476	0.00850	0.00993	0.00674	0.00479	0.00427	0.00142	0.00682	0.00341	0.00225	0.00734
3	0.01975	0.02520	0.01498	0.01362	0.01634	0.79299	0.01021	0.02111	0.01498	0.01294	0.00817	0.00953	0.00681	0.00545	0.00477	0.00136	0.00953	0.00340	0.00272	0.00613
4	0.00746	0.00558	0.00831	0.00841	0.00930	0.00643	0.00647	0.00928	0.00862	0.01237	0.01534	0.08291	0.01493	0.03783	0.73139	0.00800	0.01329	0.00640	0.00300	0.00469
5	0.00756	0.00546	0.00718	0.00689	0.00814	0.00507	0.00527	0.01005	0.01474	0.02078	0.71941	0.04107	0.04835	0.01111	0.00632	0.00172	0.00268	0.06746	0.00574	0.00498
6	0.00748	0.00540	0.00707	0.00665	0.00790	0.00499	0.00499	0.00998	0.01496	0.02120	0.77844	0.03949	0.04988	0.01081	0.00624	0.00166	0.00249	0.00956	0.00582	0.00499
7	0.01315	0.01136	0.01195	0.01076	0.01375	0.01315	0.00837	0.02809	0.77168	0.02211	0.02152	0.01972	0.01614	0.00717	0.00538	0.00179	0.00418	0.00598	0.00538	0.00837
8	0.01096	0.00940	0.01096	0.00783	0.01253	0.00705	0.00626	0.01331	0.01096	0.01723	0.00940	0.01096	0.00783	0.00392	0.00392	0.00078	0.00392	0.00313	0.00313	0.84653
9	0.01157	0.01157	0.01619	0.01388	0.01388	0.01619	0.01157	0.01272	0.00810	0.01272	0.00694	0.01157	0.00694	0.00925	0.01735	0.00231	0.80453	0.00463	0.00231	0.00578
10	0.00998	0.00940	0.01586	0.80150	0.03641	0.01175	0.01468	0.01351	0.01057	0.01351	0.00940	0.01409	0.00705	0.00529	0.00529	0.00176	0.00705	0.00470	0.00235	0.00587
11	0.01308	0.01256	0.02146	0.03245	0.78123	0.01256	0.01622	0.01622	0.01204	0.01727	0.00994	0.01308	0.00837	0.00471	0.00523	0.00157	0.00628	0.00471	0.00262	0.00837
12	0.00998	0.00940	0.01586	0.80150	0.03641	0.01175	0.01468	0.01351	0.01057	0.01351	0.00940	0.01409	0.00705	0.00529	0.00529	0.00176	0.00705	0.00470	0.00235	0.00587
13	0.00998	0.00940	0.01586	0.80150	0.03641	0.01175	0.01468	0.01351	0.01057	0.01351	0.00940	0.01409	0.00705	0.00529	0.00529	0.00176	0.00705	0.00470	0.00235	0.00587
14	0.01096	0.00940	0.01096	0.00783	0.01253	0.00705	0.00626	0.01331	0.01096	0.01723	0.00940	0.01096	0.00783	0.00392	0.00392	0.00078	0.00392	0.00313	0.00313	0.84653
15	0.85155	0.01022	0.00777	0.00695	0.01022	0.01186	0.00573	0.01554	0.00900	0.02372	0.00736	0.00859	0.00573	0.00491	0.00327	0.00164	0.00409	0.00286	0.00327	0.00573
16	0.00769	0.00513	0.00577	0.00577	0.00577	0.00513	0.00320	0.00769	0.00769	0.01025	0.01666	0.03460	0.01922	0.81421	0.02691	0.00513	0.00513	0.00769	0.00320	0.00320
17	0.01160	0.01167	0.01679	0.01421	0.01443	0.01608	0.04148	0.01289	0.00827	0.01289	0.00709	0.01167	0.00698	0.00906	0.01691	0.00229	0.77282	0.00469	0.00233	0.00584
18	0.01869	0.02282	0.01486	0.01331	0.01587	0.65558	0.01014	0.06690	0.01494	0.01425	0.00966	0.01110	0.02921	0.00605	0.00591	0.00147	0.07628	0.00382	0.00291	0.00623
19	0.01750	0.01352	0.01440	0.01164	0.01540	0.01518	0.00942	0.48835	0.30434	0.02913	0.01599	0.01532	0.01167	0.00666	0.00532	0.00166	0.00521	0.00522	0.00532	0.00876
20	0.01230	0.01167	0.01895	0.01360	0.01851	0.01020	0.28942	0.07807	0.01270	0.01848	0.01016	0.01234	0.00800	0.00432	0.00490	0.00122	0.00595	0.00443	0.00314	0.46162
21	0.02094	0.01205	0.01362	0.01063	0.01457	0.03837	0.00871	0.35282	0.05019	0.36018	0.01667	0.01550	0.01120	0.00643	0.00522	0.00159	0.00515	0.00501	0.04246	0.00869

[dist]
# distance from previous block
# <min> <max>
0	1

[block]
# block no. 8 follows, 46 sequences, length 8
# corresponding to MSA columns:
# 667-674
name=unknown_I
#
# <colnr> <probs for GDERKNQSTAVLIFYWHMCP>
#	G	D	E	R	K	N	Q	S	T	A	V	L	I	F	Y	W	H	M	C	P
0	0.01858	0.02324	0.01515	0.01366	0.01599	0.68173	0.01041	0.01991	0.01400	0.01291	0.00800	0.00982	0.00683	0.00599	0.00657	0.00150	0.12340	0.00358	0.00267	0.00608
1	0.01199	0.01218	0.02217	0.01829	0.12987	0.01087	0.37035	0.01547	0.01184	0.01709	0.01010	0.01285	0.00800	0.00429	0.00522	0.00138	0.00665	0.00485	0.00284	0.32369
2	0.01096	0.00940	0.01096	0.00783	0.01253	0.00705	0.00626	0.01331	0.01096	0.01723	0.00940	0.01096	0.00783	0.00392	0.00392	0.00078	0.00392	0.00313	0.00313	0.84653
3	0.00769	0.00513	0.00577	0.00577	0.00577	0.00513	0.00320	0.00769	0.00769	0.01025	0.01666	0.03460	0.01922	0.81421	0.02691	0.00513	0.00513	0.00769	0.00320	0.00320
4	0.01110	0.00806	0.00944	0.00851	0.01068	0.00845	0.00656	0.01847	0.31398	0.08627	0.41517	0.02986	0.03343	0.00901	0.00582	0.00171	0.00333	0.00778	0.00571	0.00666
5	0.01619	0.01218	0.01349	0.01027	0.01456	0.01217	0.00836	0.37931	0.08752	0.06104	0.01264	0.01293	0.00940	0.00551	0.00478	0.00130	0.00489	0.00428	0.00454	0.32461
6	0.01234	0.00916	0.01131	0.00990	0.01210	0.01035	0.00792	0.29750	0.01474	0.02031	0.01360	0.01768	0.01160	0.02693	0.49229	0.00586	0.01097	0.00532	0.00377	0.00635
7	0.04408	0.01048	0.01775	0.01378	0.01715	0.04079	0.29404	0.01361	0.01068	0.01531	0.01158	0.01581	0.00984	0.01787	0.30630	0.00417	0.00996	0.00528	0.00283	0.13869

[dist]
# distance from previous block
# <min> <max>
9	16

[block]
# block no. 9 follows, 46 sequences, length 6
# corresponding to MSA columns:
# 695-700
name=unknown_J
#
# <colnr> <probs for GDERKNQSTAVLIFYWHMCP>
#	G	D	E	R	K	N	Q	S	T	A	V	L	I	F	Y	W	H	M	C	P
0	0.01312	0.04143	0.01029	0.00839	0.01062	0.00987	0.00638	0.13415	0.21714	0.08443	0.01743	0.02189	0.01469	0.21651	0.01056	0.00248	0.00444	0.00585	0.16387	0.00646
1	0.01022	0.00775	0.00888	0.00864	0.01010	0.00826	0.00630	0.11734	0.18571	0.01773	0.02268	0.32881	0.02381	0.16429	0.01009	0.00257	0.00420	0.05218	0.00474	0.00570
2	0.01723	0.01234	0.01357	0.01101	0.01441	0.01343	0.00884	0.53235	0.07155	0.06799	0.01683	0.16492	0.01461	0.00835	0.00557	0.00171	0.00512	0.00682	0.00529	0.00806
3	0.01734	0.01028	0.01237	0.00923	0.01361	0.00908	0.00753	0.16026	0.01512	0.29987	0.01420	0.01385	0.00996	0.00533	0.00469	0.00125	0.00449	0.00424	0.00478	0.38252
4	0.01176	0.00784	0.00952	0.00784	0.01098	0.00668	0.00633	0.01374	0.01219	0.16196	0.05266	0.02896	0.22253	0.00850	0.00577	0.00147	0.03614	0.07849	0.00450	0.31212
5	0.01455	0.01093	0.01238	0.00942	0.01352	0.01037	0.00762	0.26781	0.05597	0.06637	0.08348	0.01506	0.01287	0.00570	0.00475	0.00124	0.00447	0.00455	0.00442	0.39452

[dist]
# distance from previous block
# <min> <max>
39	63

[block]
# block no. 10 follows, 46 sequences, length 13
# corresponding to MSA columns:
# 781-793
name=unknown_K
#
# <colnr> <probs for GDERKNQSTAVLIFYWHMCP>
#	G	D	E	R	K	N	Q	S	T	A	V	L	I	F	Y	W	H	M	C	P
0	0.01158	0.00650	0.00837	0.00795	0.00985	0.00584	0.00601	0.03280	0.01244	0.20706	0.07164	0.36652	0.10374	0.01220	0.00613	0.00187	0.00360	0.06210	0.00526	0.05855
1	0.22129	0.00886	0.00962	0.00780	0.01109	0.00847	0.00624	0.07121	0.01312	0.11107	0.22240	0.01919	0.01960	0.00655	0.00466	0.00140	0.00378	0.00522	0.00447	0.24396
2	0.01465	0.00969	0.01281	0.00939	0.01392	0.00788	0.06111	0.01744	0.03487	0.22889	0.01301	0.01340	0.00954	0.00478	0.00451	0.00112	0.00444	0.00404	0.00411	0.53039
3	0.01282	0.01228	0.02070	0.01489	0.01982	0.01109	0.34684	0.11143	0.01343	0.01916	0.01040	0.01267	0.00807	0.00447	0.00514	0.00134	0.00641	0.00474	0.00320	0.36110
4	0.00939	0.00649	0.00727	0.00683	0.00747	0.00670	0.00434	0.11791	0.01039	0.01389	0.01712	0.09613	0.01904	0.62987	0.02207	0.00436	0.00505	0.00787	0.00365	0.00414
5	0.00861	0.00575	0.00735	0.00673	0.00812	0.00526	0.00495	0.01071	0.01374	0.06410	0.58940	0.03627	0.04142	0.12743	0.00910	0.00213	0.00306	0.00876	0.00536	0.04176
6	0.00755	0.00566	0.00850	0.00850	0.00944	0.00661	0.00661	0.00944	0.00850	0.01227	0.01416	0.02077	0.01322	0.03965	0.79326	0.00850	0.01416	0.00566	0.00283	0.00472
7	0.01164	0.01159	0.02007	0.01433	0.01932	0.00989	0.34635	0.01494	0.01164	0.01709	0.00998	0.01245	0.00792	0.00416	0.00496	0.00123	0.00616	0.00453	0.00293	0.46881
8	0.00918	0.00459	0.00689	0.00689	0.00689	0.00459	0.00459	0.00689	0.00689	0.00918	0.00918	0.01607	0.00918	0.01837	0.02066	0.84619	0.00459	0.00459	0.00230	0.00230
9	0.01212	0.01215	0.02168	0.01552	0.02054	0.01071	0.39949	0.04561	0.01231	0.01773	0.01021	0.01275	0.00798	0.00430	0.00518	0.00134	0.00659	0.00481	0.00298	0.37601
10	0.01648	0.01331	0.01597	0.01255	0.01608	0.01489	0.06242	0.42427	0.13974	0.02609	0.01286	0.01362	0.00967	0.00658	0.00702	0.00168	0.12212	0.00491	0.00451	0.07525
11	0.06998	0.01384	0.01253	0.01060	0.01373	0.21697	0.00836	0.04564	0.12977	0.22933	0.06783	0.01580	0.01308	0.00648	0.00570	0.00156	0.05241	0.00482	0.00453	0.07706
12	0.01580	0.01174	0.01952	0.01468	0.01866	0.01159	0.28464	0.12389	0.03281	0.21168	0.01469	0.07052	0.01142	0.00653	0.00667	0.00173	0.07287	0.00608	0.00424	0.06026

[dist]
# distance from previous block
# <min> <max>
0	15

[block]
# block no. 11 follows, 46 sequences, length 6
# corresponding to MSA columns:
# 809-814
name=unknown_L
#
# <colnr> <probs for GDERKNQSTAVLIFYWHMCP>
#	G	D	E	R	K	N	Q	S	T	A	V	L	I	F	Y	W	H	M	C	P
0	0.01341	0.01084	0.01227	0.00899	0.01356	0.00955	0.00728	0.21396	0.01468	0.02153	0.01028	0.01142	0.00814	0.00457	0.00428	0.00100	0.00442	0.00357	0.00371	0.62255
1	0.32157	0.01511	0.01306	0.01207	0.05771	0.21017	0.00911	0.14218	0.01320	0.02051	0.00854	0.01024	0.00689	0.00596	0.00632	0.00166	0.13217	0.00370	0.00328	0.00654
2	0.22583	0.00769	0.00891	0.00857	0.01000	0.00861	0.00655	0.01235	0.01004	0.09963	0.01893	0.38492	0.02039	0.01126	0.00748	0.00199	0.13810	0.00911	0.00423	0.00542
3	0.01215	0.01237	0.02213	0.01618	0.02094	0.01151	0.41744	0.01776	0.13955	0.01789	0.01214	0.01423	0.00933	0.00476	0.00542	0.00150	0.00668	0.00530	0.00326	0.24947
4	0.11296	0.01123	0.01298	0.01022	0.01394	0.01169	0.00840	0.24085	0.06318	0.29718	0.01480	0.01431	0.01026	0.00629	0.00587	0.00160	0.06583	0.00465	0.00508	0.08868
5	0.23929	0.24753	0.01658	0.16712	0.01743	0.01413	0.00914	0.06985	0.01198	0.14688	0.01041	0.01153	0.00777	0.00525	0.00420	0.00151	0.00533	0.00377	0.00348	0.00685

[dist]
# distance from previous block
# <min> <max>
2	3

[block]
# block no. 12 follows, 46 sequences, length 7
# corresponding to MSA columns:
# 818-824
name=unknown_M
#
# <colnr> <probs for GDERKNQSTAVLIFYWHMCP>
#	G	D	E	R	K	N	Q	S	T	A	V	L	I	F	Y	W	H	M	C	P
0	0.22242	0.01212	0.01280	0.01017	0.01404	0.01309	0.00836	0.36113	0.07116	0.20252	0.01389	0.01340	0.00964	0.00610	0.00481	0.00162	0.00498	0.00451	0.00509	0.00816
1	0.00697	0.00514	0.00658	0.00713	0.00806	0.00475	0.00524	0.00861	0.01210	0.01617	0.25267	0.37264	0.15542	0.01413	0.00659	0.00198	0.00306	0.10301	0.00517	0.00459
2	0.01478	0.01119	0.01262	0.00954	0.01388	0.01053	0.00772	0.23926	0.09655	0.07463	0.01245	0.01289	0.00942	0.00517	0.00458	0.00119	0.00455	0.00407	0.00425	0.45075
3	0.05645	0.11028	0.04168	0.01224	0.01499	0.01254	0.13266	0.05462	0.01056	0.01549	0.01024	0.01402	0.00896	0.01535	0.22629	0.00357	0.17644	0.00472	0.00279	0.07612
4	0.01037	0.00744	0.00841	0.00775	0.00981	0.00725	0.00599	0.16839	0.01479	0.06023	0.10008	0.19302	0.32348	0.01201	0.00615	0.00183	0.00361	0.04852	0.00515	0.00569
5	0.11071	0.01568	0.01472	0.01331	0.05720	0.24128	0.01013	0.13447	0.01380	0.09988	0.00990	0.01159	0.00782	0.00666	0.00826	0.00173	0.22835	0.00417	0.00347	0.00687
6	0.08534	0.00704	0.00863	0.00805	0.01006	0.00667	0.00604	0.05480	0.01255	0.20480	0.09220	0.39307	0.02568	0.01139	0.00583	0.00184	0.00365	0.00994	0.00518	0.04726

[dist]
# distance from previous block
# <min> <max>
11	246

[block]
# block no. 13 follows, 46 sequences, length 71
# corresponding to MSA columns:
# 1071-1141
name=unknown_N
#
# <colnr> <probs for GDERKNQSTAVLIFYWHMCP>
#	G	D	E	R	K	N	Q	S	T	A	V	L	I	F	Y	W	H	M	C	P
0	0.25483	0.01640	0.01188	0.03106	0.01401	0.34872	0.00827	0.05562	0.04125	0.08054	0.04603	0.01382	0.04466	0.00609	0.00458	0.00153	0.00651	0.00423	0.00364	0.00634
1	0.32773	0.00995	0.00909	0.00828	0.01093	0.06650	0.00648	0.06905	0.04930	0.07484	0.01826	0.16772	0.07650	0.00851	0.00487	0.00172	0.00436	0.03544	0.00422	0.04625
2	0.30369	0.01153	0.01164	0.00938	0.01315	0.04675	0.00768	0.18933	0.03366	0.28383	0.01359	0.01309	0.00932	0.00585	0.00456	0.00160	0.00487	0.00423	0.00486	0.02739
3	0.49670	0.01266	0.01022	0.00890	0.01211	0.12221	0.00712	0.11211	0.05815	0.05840	0.02907	0.03237	0.00912	0.00583	0.00412	0.00161	0.00504	0.00397	0.00383	0.00645
4	0.05454	0.01195	0.01223	0.01042	0.01309	0.10080	0.03541	0.30132	0.03394	0.02262	0.07310	0.17650	0.07312	0.00906	0.00583	0.00171	0.02333	0.00746	0.02689	0.00669
