[name]
unknown

[dist]
# distance from previous block
# <min> <max>
10	109

[block]
# block no. 0 follows, 43 sequences, length 22
# corresponding to MSA columns:
# 131-152
name=unknown_A
#
# <colnr> <probs for GDERKNQSTAVLIFYWHMCP>
#	G	D	E	R	K	N	Q	S	T	A	V	L	I	F	Y	W	H	M	C	P
0	0.08544	0.12137	0.01492	0.01011	0.01409	0.08432	0.00832	0.08679	0.13023	0.01965	0.01142	0.01242	0.00919	0.00551	0.00520	0.00134	0.04850	0.00395	0.00366	0.32356
1	0.01349	0.30362	0.14831	0.07026	0.01725	0.01571	0.01122	0.10626	0.11540	0.01891	0.09138	0.01667	0.03667	0.00646	0.00492	0.00156	0.00579	0.00499	0.00367	0.00745
2	0.00953	0.13205	0.01211	0.00825	0.00954	0.00881	0.06857	0.01034	0.00904	0.01184	0.01521	0.02916	0.01667	0.55989	0.07338	0.00465	0.00643	0.00698	0.00313	0.00440
3	0.64229	0.01196	0.07448	0.00846	0.01190	0.01222	0.00758	0.01551	0.00979	0.02254	0.01161	0.01290	0.06522	0.00620	0.00499	0.00179	0.06716	0.00391	0.00339	0.00609
4	0.01429	0.26216	0.18166	0.01147	0.01603	0.03517	0.01134	0.16842	0.08009	0.01922	0.01198	0.01460	0.00997	0.07040	0.06823	0.00241	0.00707	0.00456	0.00344	0.00748
5	0.07877	0.08250	0.19301	0.01379	0.11841	0.01151	0.01159	0.03046	0.09402	0.09481	0.12503	0.02159	0.07378	0.00731	0.00540	0.00172	0.00540	0.01929	0.00415	0.00746
6	0.01440	0.01025	0.01120	0.00947	0.01176	0.01110	0.00702	0.27927	0.13761	0.05560	0.01699	0.02470	0.01548	0.35313	0.01538	0.00331	0.00544	0.00655	0.00467	0.00668
7	0.00896	0.00718	0.01073	0.01148	0.06960	0.00699	0.07035	0.06827	0.01219	0.01640	0.02595	0.61089	0.02990	0.01446	0.00678	0.00212	0.00423	0.01327	0.00479	0.00547
8	0.01065	0.00876	0.01017	0.00768	0.01141	0.00689	0.00579	0.01252	0.01065	0.01628	0.01169	0.01748	0.01109	0.19824	0.00994	0.00192	0.00441	0.00444	0.00330	0.63670
9	0.01021	0.00741	0.00890	0.00893	0.01025	0.00757	0.00645	0.18813	0.01434	0.01917	0.02635	0.61072	0.03004	0.01476	0.00670	0.00211	0.00391	0.01314	0.00524	0.00569
10	0.01046	0.00984	0.01661	0.79205	0.03814	0.01230	0.01538	0.01415	0.01107	0.01415	0.00984	0.01477	0.00738	0.00554	0.00554	0.00185	0.00738	0.00492	0.00246	0.00615
11	0.02145	0.01484	0.01569	0.01223	0.01649	0.05940	0.01002	0.54414	0.05373	0.17239	0.01501	0.01445	0.01040	0.00667	0.00552	0.00167	0.00599	0.00507	0.00564	0.00922
12	0.02485	0.00943	0.01285	0.00985	0.01414	0.00814	0.00814	0.02699	0.01585	0.77465	0.02185	0.01885	0.01371	0.00685	0.00557	0.00171	0.00471	0.00557	0.00685	0.00943
13	0.00784	0.00566	0.00740	0.00697	0.00827	0.00523	0.00523	0.01045	0.01568	0.02221	0.76789	0.04137	0.05226	0.01132	0.00653	0.00174	0.00261	0.01002	0.00610	0.00523
14	0.01111	0.02865	0.77667	0.01579	0.02397	0.01286	0.02046	0.01754	0.01169	0.01754	0.00994	0.01169	0.00702	0.00526	0.00526	0.00175	0.00818	0.00409	0.00234	0.00818
15	0.02104	0.01593	0.01659	0.01280	0.01717	0.04672	0.01053	0.72419	0.02564	0.03408	0.01311	0.01317	0.00933	0.00661	0.00552	0.00165	0.00624	0.00493	0.00544	0.00930
16	0.00877	0.00597	0.00710	0.00663	0.00844	0.00524	0.00504	0.01082	0.01436	0.08532	0.39211	0.04458	0.36091	0.01211	0.00645	0.00180	0.00288	0.01035	0.00575	0.00536
17	0.01148	0.00984	0.01148	0.00820	0.01312	0.00738	0.00656	0.01395	0.01148	0.01805	0.00984	0.01148	0.00820	0.00410	0.00410	0.00082	0.00410	0.00328	0.00328	0.83922
18	0.01788	0.01129	0.01414	0.13372	0.03693	0.01203	0.00998	0.21530	0.14792	0.24381	0.08325	0.01892	0.01542	0.00706	0.00565	0.00175	0.00530	0.00581	0.00544	0.00841
19	0.01239	0.01190	0.01055	0.00964	0.01201	0.15961	0.00729	0.05439	0.20656	0.01897	0.15064	0.09029	0.15279	0.03351	0.00654	0.00184	0.00491	0.00793	0.00487	0.04336
20	0.02709	0.02736	0.01038	0.00961	0.01145	0.22149	0.00715	0.05028	0.01366	0.01656	0.13870	0.25241	0.08869	0.01317	0.05969	0.00227	0.00601	0.00906	0.00439	0.03060
21	0.01245	0.01261	0.17711	0.01213	0.04343	0.00871	0.08485	0.01617	0.02918	0.15911	0.28297	0.06393	0.05629	0.00860	0.00605	0.00178	0.00510	0.00764	0.00488	0.00701

[dist]
# distance from previous block
# <min> <max>
0	11

[block]
# block no. 1 follows, 43 sequences, length 19
# corresponding to MSA columns:
# 164-182
name=unknown_B
#
# <colnr> <probs for GDERKNQSTAVLIFYWHMCP>
#	G	D	E	R	K	N	Q	S	T	A	V	L	I	F	Y	W	H	M	C	P
0	0.13856	0.26053	0.01789	0.00996	0.01429	0.01585	0.00864	0.20784	0.09228	0.02238	0.01107	0.01172	0.00875	0.00547	0.00436	0.00139	0.00524	0.00389	0.00385	0.15605
1	0.11226	0.03572	0.15759	0.04296	0.01557	0.01004	0.08621	0.03043	0.01187	0.01776	0.09846	0.15877	0.09770	0.01100	0.04629	0.00225	0.04733	0.00784	0.00382	0.00615
2	0.01038	0.00972	0.01659	0.57687	0.05702	0.01174	0.05807	0.01378	0.01083	0.01427	0.01064	0.01574	0.00849	0.01115	0.12619	0.00295	0.03169	0.00517	0.00257	0.00613
3	0.01376	0.05274	0.01414	0.01133	0.01389	0.01247	0.04648	0.27685	0.08596	0.02245	0.01980	0.27511	0.03504	0.01051	0.00722	0.00194	0.07966	0.00876	0.00481	0.00709
4	0.00944	0.00717	0.00824	0.00691	0.00890	0.00618	0.00465	0.01043	0.00944	0.01369	0.01438	0.02626	0.01532	0.48232	0.01848	0.00354	0.00486	0.00613	0.00333	0.34035
5	0.00702	0.00529	0.00649	0.00691	0.00795	0.00476	0.00491	0.00859	0.01267	0.01677	0.25746	0.36910	0.24263	0.01464	0.00676	0.00199	0.00292	0.01292	0.00543	0.00476
6	0.01046	0.00984	0.01661	0.79205	0.03814	0.01230	0.01538	0.01415	0.01107	0.01415	0.00984	0.01477	0.00738	0.00554	0.00554	0.00185	0.00738	0.00492	0.00246	0.00615
7	0.01615	0.63860	0.02636	0.01018	0.01485	0.02090	0.00970	0.17436	0.01442	0.01772	0.00890	0.00983	0.00760	0.00515	0.00398	0.00129	0.00596	0.00340	0.00305	0.00760
8	0.02327	0.01196	0.01442	0.01106	0.01540	0.01191	0.00914	0.32955	0.02010	0.46609	0.01828	0.01653	0.01192	0.00677	0.00556	0.00169	0.00529	0.00533	0.00631	0.00942
9	0.00767	0.00565	0.00717	0.00679	0.00817	0.00515	0.00509	0.01013	0.01528	0.02127	0.67580	0.04291	0.14493	0.01167	0.00653	0.00176	0.00264	0.01023	0.00597	0.00515
10	0.01111	0.02865	0.77667	0.01579	0.02397	0.01286	0.02046	0.01754	0.01169	0.01754	0.00994	0.01169	0.00702	0.00526	0.00526	0.00175	0.00818	0.00409	0.00234	0.00818
11	0.01695	0.01031	0.01227	0.01005	0.01276	0.01092	0.00786	0.27172	0.01636	0.21012	0.01631	0.02120	0.01350	0.20903	0.09218	0.00338	0.04692	0.00599	0.00490	0.00728
12	0.01170	0.01160	0.02791	0.25201	0.02107	0.12877	0.06120	0.01466	0.03719	0.03318	0.08652	0.14522	0.01827	0.05709	0.00723	0.00202	0.00631	0.02630	0.00369	0.04808
13	0.01026	0.00879	0.01002	0.00756	0.01172	0.00671	0.00598	0.01245	0.01177	0.01728	0.02134	0.02188	0.19724	0.00657	0.00471	0.00108	0.00378	0.00537	0.00374	0.63174
14	0.14869	0.04341	0.02742	0.01024	0.04268	0.05879	0.00775	0.14543	0.03555	0.05626	0.06974	0.23045	0.08190	0.01000	0.00564	0.00183	0.00471	0.00832	0.00468	0.00651
15	0.01369	0.48635	0.12110	0.01016	0.01463	0.05116	0.01016	0.05972	0.01268	0.01566	0.06926	0.01564	0.05396	0.03851	0.00535	0.00155	0.00596	0.00449	0.00306	0.00692
16	0.03339	0.21939	0.33300	0.01302	0.04252	0.01340	0.01400	0.01556	0.01175	0.01626	0.01426	0.02384	0.01341	0.00846	0.02362	0.00197	0.00684	0.18520	0.00309	0.00703
17	0.01425	0.45336	0.14008	0.01563	0.12763	0.06125	0.08523	0.01721	0.01195	0.01494	0.00883	0.01067	0.00747	0.00489	0.00447	0.00142	0.00692	0.00380	0.00249	0.00751
18	0.06553	0.27299	0.14380	0.01184	0.01578	0.10554	0.06410	0.01574	0.01135	0.01482	0.01229	0.01572	0.05408	0.08870	0.00835	0.00198	0.08336	0.00471	0.00279	0.00652

[dist]
# distance from previous block
# <min> <max>
14	47

[block]
# block no. 2 follows, 43 sequences, length 17
# corresponding to MSA columns:
# 236-252
name=unknown_C
#
# <colnr> <probs for GDERKNQSTAVLIFYWHMCP>
#	G	D	E	R	K	N	Q	S	T	A	V	L	I	F	Y	W	H	M	C	P
0	0.06194	0.28419	0.08088	0.15991	0.02063	0.03078	0.05338	0.12244	0.05586	0.04660	0.01071	0.01232	0.00832	0.00546	0.00474	0.00155	0.00641	0.00422	0.00330	0.02637
1	0.02946	0.02880	0.01263	0.16048	0.01741	0.07332	0.00868	0.07351	0.01361	0.08018	0.12371	0.03484	0.01627	0.05638	0.00659	0.00168	0.00532	0.00548	0.00400	0.24766
2	0.03741	0.00755	0.01232	0.01036	0.01209	0.00717	0.14915	0.01044	0.00948	0.01339	0.01426	0.13370	0.01479	0.13469	0.03262	0.30213	0.00568	0.00706	0.00316	0.08257
3	0.01575	0.01200	0.01497	0.01192	0.01566	0.01247	0.08871	0.26957	0.17845	0.08494	0.01997	0.04949	0.07393	0.03425	0.00648	0.00184	0.00538	0.02000	0.00505	0.07917
4	0.06129	0.00764	0.01031	0.11769	0.10050	0.00799	0.00783	0.01211	0.04365	0.01730	0.22728	0.03092	0.11786	0.15095	0.06110	0.00287	0.00522	0.00773	0.00422	0.00555
5	0.01781	0.04250	0.06791	0.01525	0.02001	0.07626	0.20736	0.28095	0.07149	0.10936	0.01353	0.01434	0.00974	0.00594	0.00566	0.00169	0.00708	0.00529	0.00441	0.02344
6	0.01450	0.52945	0.02270	0.00990	0.01353	0.13941	0.00893	0.01609	0.01172	0.01314	0.01067	0.01646	0.01057	0.09632	0.00690	0.00181	0.00644	0.06228	0.00278	0.00641
7	0.05162	0.10276	0.02144	0.07070	0.54866	0.01412	0.01489	0.01776	0.07229	0.01802	0.01093	0.01356	0.00903	0.00516	0.00519	0.00163	0.00627	0.00473	0.00295	0.00831
8	0.00780	0.00573	0.00821	0.00836	0.00913	0.00643	0.00621	0.00938	0.00897	0.01270	0.01698	0.11207	0.01732	0.14784	0.58777	0.00764	0.01217	0.00735	0.00327	0.00467
9	0.12654	0.01176	0.09867	0.01020	0.01482	0.00921	0.00926	0.02457	0.01457	0.59454	0.01872	0.01680	0.01198	0.00646	0.00526	0.00172	0.00505	0.00508	0.00591	0.00885
10	0.02464	0.00976	0.01306	0.01001	0.01430	0.00863	0.00827	0.06628	0.01640	0.73458	0.02139	0.01855	0.01348	0.00684	0.00557	0.00171	0.00479	0.00554	0.00678	0.00942
11	0.00796	0.00574	0.00792	0.00792	0.00857	0.00639	0.00570	0.00926	0.00861	0.01213	0.01573	0.02673	0.01601	0.30389	0.52402	0.00769	0.01158	0.00666	0.00310	0.00440
12	0.00918	0.00671	0.00777	0.00714	0.00907	0.00626	0.00550	0.07969	0.01536	0.04683	0.36710	0.04324	0.33453	0.01191	0.00644	0.00180	0.00315	0.02709	0.00566	0.00554
13	0.01178	0.04980	0.00915	0.00773	0.00964	0.00655	0.00584	0.01326	0.01260	0.19786	0.09966	0.25631	0.17953	0.08682	0.00836	0.00224	0.00383	0.02789	0.00532	0.00584
14	0.01229	0.01038	0.01209	0.03468	0.01433	0.00866	0.00728	0.06861	0.05935	0.01946	0.01089	0.01230	0.00881	0.00455	0.00435	0.00098	0.00437	0.00365	0.00357	0.69940
15	0.19431	0.01339	0.01319	0.01123	0.02857	0.07749	0.00899	0.34662	0.01857	0.08798	0.03681	0.01932	0.03753	0.00743	0.00531	0.00175	0.00563	0.07325	0.00488	0.00775
16	0.01457	0.01466	0.01770	0.09885	0.10520	0.18809	0.12231	0.06233	0.02983	0.04621	0.02212	0.06086	0.01108	0.00947	0.06904	0.00230	0.07062	0.00562	0.00335	0.04581

[dist]
# distance from previous block
# <min> <max>
2	7

[block]
# block no. 3 follows, 43 sequences, length 19
# corresponding to MSA columns:
# 260-278
name=unknown_D
#
# <colnr> <probs for GDERKNQSTAVLIFYWHMCP>
#	G	D	E	R	K	N	Q	S	T	A	V	L	I	F	Y	W	H	M	C	P
0	0.01211	0.05237	0.02803	0.03534	0.07443	0.09930	0.00863	0.08261	0.08844	0.01667	0.04044	0.04529	0.03634	0.13727	0.21412	0.00414	0.00838	0.00622	0.00367	0.00619
1	0.04460	0.11712	0.01720	0.05884	0.06897	0.09025	0.07364	0.11434	0.01326	0.01756	0.01368	0.13382	0.01324	0.01154	0.08579	0.00253	0.09442	0.01907	0.00349	0.00664
2	0.01243	0.00981	0.01158	0.00832	0.01320	0.00744	0.00667	0.01487	0.01179	0.07175	0.01070	0.01201	0.00859	0.00430	0.00421	0.00088	0.00414	0.00344	0.00353	0.78032
3	0.01173	0.01363	0.09440	0.01992	0.09517	0.01173	0.40542	0.01580	0.01254	0.01718	0.01505	0.02493	0.01359	0.00951	0.06009	0.00246	0.00846	0.15814	0.00324	0.00699
4	0.01211	0.00993	0.01153	0.00861	0.01289	0.00833	0.00681	0.09698	0.01274	0.01913	0.01107	0.01404	0.00952	0.06196	0.05477	0.00174	0.00509	0.00397	0.00352	0.63527
5	0.00794	0.00583	0.00835	0.00835	0.00915	0.00663	0.00624	0.00954	0.00874	0.01245	0.01534	0.02453	0.01505	0.18781	0.63878	0.00822	0.01302	0.00634	0.00304	0.00464
6	0.01046	0.00984	0.01661	0.79205	0.03814	0.01230	0.01538	0.01415	0.01107	0.01415	0.00984	0.01477	0.00738	0.00554	0.00554	0.00185	0.00738	0.00492	0.00246	0.00615
7	0.01922	0.01110	0.01276	0.01029	0.01384	0.03650	0.00829	0.22799	0.07032	0.32849	0.07213	0.02149	0.06267	0.03332	0.04364	0.00217	0.00550	0.00617	0.00581	0.00829
8	0.62008	0.22654	0.01379	0.00788	0.01166	0.01499	0.00694	0.01636	0.00992	0.02165	0.00771	0.00897	0.00630	0.00503	0.00346	0.00157	0.00473	0.00299	0.00314	0.00630
9	0.02105	0.01551	0.01662	0.01274	0.01717	0.01717	0.01053	0.75235	0.02604	0.03490	0.01330	0.01330	0.00942	0.00665	0.00554	0.00166	0.00609	0.00499	0.00554	0.00942
10	0.01228	0.00982	0.01157	0.00830	0.01319	0.00743	0.00666	0.01472	0.01174	0.06302	0.01056	0.01192	0.00853	0.00427	0.00419	0.00087	0.00414	0.00342	0.00349	0.78989
11	0.00906	0.00752	0.01069	0.01003	0.01062	0.00942	0.00784	0.01057	0.00867	0.01270	0.01315	0.02112	0.01293	0.13646	0.47484	0.00668	0.22387	0.00593	0.00287	0.00503
12	0.01307	0.01494	0.03268	0.02334	0.02894	0.01401	0.75070	0.01774	0.01307	0.01774	0.01120	0.01494	0.00840	0.00467	0.00654	0.00187	0.00934	0.00654	0.00280	0.00747
13	0.01269	0.01758	0.17616	0.02189	0.02799	0.01379	0.60987	0.01770	0.01281	0.01770	0.01096	0.01431	0.00814	0.00478	0.00629	0.00185	0.00911	0.00606	0.00271	0.00761
14	0.00672	0.00492	0.00632	0.00744	0.00796	0.00452	0.00502	0.00774	0.01087	0.01425	0.03389	0.70326	0.13295	0.01691	0.00700	0.00220	0.00316	0.01521	0.00514	0.00452
15	0.00708	0.00520	0.00664	0.00719	0.00804	0.00476	0.00505	0.00864	0.01253	0.01689	0.27575	0.45386	0.13807	0.01494	0.00682	0.00203	0.00296	0.01333	0.00545	0.00476
16	0.01553	0.23389	0.06515	0.02143	0.34796	0.05254	0.01365	0.15124	0.01478	0.01952	0.01008	0.01202	0.00826	0.00525	0.00493	0.00152	0.00656	0.00429	0.00313	0.00829
17	0.04395	0.02541	0.04695	0.01067	0.01467	0.01145	0.02281	0.25134	0.06337	0.21832	0.03725	0.02222	0.09238	0.00772	0.00559	0.00170	0.00511	0.04445	0.00535	0.06927
18	0.01275	0.01343	0.11459	0.04059	0.16846	0.07055	0.03620	0.08026	0.03139	0.04468	0.19704	0.02483	0.02159	0.02346	0.00628	0.00182	0.00577	0.06430	0.03495	0.00707

[dist]
# distance from previous block
# <min> <max>
16	64

[block]
# block no. 4 follows, 43 sequences, length 22
# corresponding to MSA columns:
# 347-368
name=unknown_E
#
# <colnr> <probs for GDERKNQSTAVLIFYWHMCP>
#	G	D	E	R	K	N	Q	S	T	A	V	L	I	F	Y	W	H	M	C	P
0	0.04209	0.04807	0.02196	0.05184	0.51416	0.07371	0.08582	0.04438	0.01313	0.01812	0.01070	0.03146	0.00907	0.00534	0.00544	0.00165	0.00694	0.00508	0.00291	0.00814
1	0.01810	0.11604	0.01968	0.01434	0.03944	0.18400	0.14929	0.14230	0.01592	0.16372	0.01401	0.07350	0.01131	0.00663	0.00548	0.00164	0.00708	0.00564	0.00417	0.00770
2	0.05056	0.04882	0.01167	0.08456	0.04566	0.00933	0.00777	0.08792	0.01264	0.12751	0.07359	0.04592	0.03849	0.18325	0.14484	0.00373	0.00686	0.00657	0.00417	0.00615
3	0.04282	0.05693	0.01596	0.01600	0.16589	0.28878	0.01056	0.07679	0.02868	0.07469	0.01364	0.07312	0.03254	0.00667	0.00520	0.00154	0.00691	0.00524	0.00367	0.07436
4	0.15723	0.03005	0.01364	0.01258	0.06412	0.15909	0.00945	0.18859	0.10612	0.04921	0.05198	0.02019	0.01416	0.00743	0.00535	0.00175	0.00601	0.09121	0.00446	0.00738
5	0.04023	0.18072	0.13407	0.01133	0.01622	0.01465	0.01077	0.22038	0.07477	0.14540	0.02847	0.01392	0.01053	0.00600	0.00495	0.00154	0.00575	0.00454	0.00439	0.07138
6	0.01067	0.00898	0.01188	0.01168	0.09097	0.00877	0.00816	0.02936	0.07457	0.01672	0.01383	0.06234	0.01253	0.01790	0.26298	0.00383	0.03725	0.00541	0.00345	0.30873
7	0.01329	0.01562	0.14256	0.03109	0.65191	0.01311	0.01755	0.01708	0.01246	0.01801	0.01034	0.01339	0.00849	0.00499	0.00545	0.00166	0.00684	0.00480	0.00268	0.00868
8	0.00774	0.00566	0.00727	0.00686	0.00821	0.00518	0.00515	0.01026	0.01545	0.02166	0.71397	0.04227	0.10652	0.01153	0.00653	0.00175	0.00263	0.01014	0.00602	0.00518
9	0.00700	0.00510	0.00660	0.00745	0.00813	0.00471	0.00518	0.00836	0.01180	0.01578	0.16863	0.56640	0.11016	0.01586	0.00694	0.00213	0.00312	0.03668	0.00532	0.00467
10	0.01032	0.00516	0.00516	0.00516	0.00645	0.00516	0.00387	0.01290	0.01161	0.02065	0.01807	0.02065	0.01420	0.00645	0.00387	0.00129	0.00258	0.00516	0.83611	0.00516
11	0.00994	0.00892	0.01279	0.01162	0.01214	0.01177	0.00943	0.01155	0.00870	0.01308	0.01118	0.01710	0.01067	0.02616	0.41385	0.00577	0.39172	0.00541	0.00270	0.00548
12	0.00858	0.00652	0.00821	0.00875	0.01031	0.00638	0.00729	0.01187	0.07016	0.01748	0.13725	0.05420	0.20748	0.01386	0.00708	0.00223	0.00416	0.40763	0.00529	0.00530
13	0.01583	0.01292	0.01368	0.01169	0.01518	0.01473	0.00926	0.23336	0.55353	0.02648	0.01993	0.01859	0.01479	0.00727	0.00561	0.00182	0.00487	0.00590	0.00561	0.00895
14	0.02071	0.02590	0.01574	0.01420	0.01712	0.74828	0.01069	0.05534	0.01617	0.01453	0.00878	0.01014	0.00724	0.00575	0.00502	0.00144	0.00981	0.00363	0.00298	0.00656
15	0.00962	0.00481	0.00722	0.00722	0.00722	0.00481	0.00481	0.00722	0.00722	0.00962	0.00962	0.01684	0.00962	0.01924	0.02165	0.83886	0.00481	0.00481	0.00241	0.00241
16	0.22268	0.01074	0.01233	0.00971	0.01381	0.01067	0.00801	0.14396	0.01597	0.47117	0.01702	0.01555	0.01114	0.00641	0.00505	0.00171	0.00484	0.00485	0.00581	0.00859
17	0.00805	0.00537	0.00604	0.00604	0.00604	0.00537	0.00336	0.00805	0.00805	0.01074	0.01745	0.03624	0.02013	0.80536	0.02819	0.00537	0.00537	0.00805	0.00336	0.00336
18	0.00791	0.00593	0.00890	0.00890	0.00989	0.00692	0.00692	0.00989	0.00890	0.01286	0.01483	0.02176	0.01385	0.04154	0.78341	0.00890	0.01483	0.00593	0.00297	0.00494
19	0.01046	0.00984	0.01661	0.79205	0.03814	0.01230	0.01538	0.01415	0.01107	0.01415	0.00984	0.01477	0.00738	0.00554	0.00554	0.00185	0.00738	0.00492	0.00246	0.00615
20	0.01419	0.01324	0.02126	0.02931	0.59498	0.01374	0.03566	0.07526	0.07013	0.01953	0.01142	0.01415	0.00935	0.00550	0.00619	0.00171	0.04747	0.00508	0.00316	0.00865
21	0.39664	0.06109	0.01273	0.01081	0.07017	0.04740	0.00814	0.05147	0.01282	0.26150	0.01268	0.01270	0.00892	0.00573	0.00443	0.00166	0.00504	0.00407	0.00446	0.00753

[dist]
# distance from previous block
# <min> <max>
0	2

[block]
# block no. 5 follows, 43 sequences, length 8
# corresponding to MSA columns:
# 371-378
name=unknown_F
#
# <colnr> <probs for GDERKNQSTAVLIFYWHMCP>
#	G	D	E	R	K	N	Q	S	T	A	V	L	I	F	Y	W	H	M	C	P
0	0.01300	0.06311	0.02647	0.02150	0.13120	0.01522	0.38654	0.01629	0.01157	0.01623	0.00974	0.01358	0.00805	0.00615	0.00954	0.00195	0.23436	0.00560	0.00266	0.00723
1	0.00805	0.00537	0.00604	0.00604	0.00604	0.00537	0.00336	0.00805	0.00805	0.01074	0.01745	0.03624	0.02013	0.80536	0.02819	0.00537	0.00537	0.00805	0.00336	0.00336
2	0.00913	0.00598	0.00765	0.00705	0.00868	0.00541	0.00535	0.01155	0.01532	0.08535	0.61785	0.04090	0.13609	0.01127	0.00645	0.00176	0.00281	0.00984	0.00605	0.00552
3	0.01247	0.00981	0.01159	0.00833	0.01320	0.00744	0.00668	0.01491	0.01181	0.07406	0.01073	0.01203	0.00861	0.00431	0.00421	0.00089	0.00415	0.00345	0.00355	0.77779
4	0.01111	0.02865	0.77667	0.01579	0.02397	0.01286	0.02046	0.01754	0.01169	0.01754	0.00994	0.01169	0.00702	0.00526	0.00526	0.00175	0.00818	0.00409	0.00234	0.00818
5	0.01438	0.01630	0.02096	0.09811	0.06864	0.23950	0.25729	0.01716	0.01265	0.01505	0.01051	0.01491	0.00892	0.05929	0.05252	0.00240	0.07673	0.00531	0.00279	0.00658
6	0.00675	0.00509	0.00625	0.00708	0.00789	0.00459	0.00488	0.00793	0.01145	0.01481	0.07807	0.54903	0.24397	0.01608	0.00689	0.00211	0.00307	0.01429	0.00519	0.00459
7	0.01506	0.61576	0.07464	0.01237	0.07970	0.06219	0.01093	0.04722	0.01225	0.01468	0.00835	0.00972	0.00734	0.00492	0.00399	0.00129	0.00635	0.00332	0.00256	0.00738

[dist]
# distance from previous block
# <min> <max>
0	1

[block]
# block no. 6 follows, 43 sequences, length 41
# corresponding to MSA columns:
# 380-420
name=unknown_G
#
# <colnr> <probs for GDERKNQSTAVLIFYWHMCP>
#	G	D	E	R	K	N	Q	S	T	A	V	L	I	F	Y	W	H	M	C	P
0	0.03312	0.01145	0.01310	0.02792	0.08788	0.06650	0.00849	0.06616	0.04474	0.10781	0.01250	0.01452	0.00999	0.04004	0.04440	0.00178	0.00566	0.00433	0.00384	0.39576
1	0.04951	0.01458	0.01796	0.09863	0.28179	0.08238	0.01295	0.30433	0.01795	0.02426	0.03491	0.01400	0.00999	0.00594	0.00542	0.00166	0.00656	0.00492	0.00395	0.00833
2	0.00675	0.00482	0.00643	0.00771	0.00803	0.00450	0.00514	0.00771	0.01060	0.01414	0.03053	0.80175	0.03663	0.01735	0.00707	0.00225	0.00321	0.01574	0.00514	0.00450
3	0.01032	0.00516	0.00516	0.00516	0.00645	0.00516	0.00387	0.01290	0.01161	0.02065	0.01807	0.02065	0.01420	0.00645	0.00387	0.00129	0.00258	0.00516	0.83611	0.00516
4	0.01633	0.01316	0.01396	0.01179	0.01537	0.01497	0.00938	0.28289	0.50319	0.02728	0.01930	0.01808	0.01428	0.00721	0.00560	0.00180	0.00498	0.00581	0.00560	0.00899
5	0.01523	0.01111	0.01560	0.01488	0.10345	0.01326	0.01096	0.03391	0.04643	0.19620	0.07790	0.01686	0.01337	0.00843	0.01181	0.00206	0.39163	0.00555	0.00405	0.00731
6	0.00664	0.00556	0.00578	0.00583	0.00757	0.00470	0.00433	0.00810	0.01270	0.01539	0.10206	0.09954	0.67470	0.01405	0.00658	0.00189	0.00282	0.01183	0.00521	0.00470
7	0.00673	0.00562	0.00587	0.00580	0.00759	0.00475	0.00435	0.00831	0.01306	0.01600	0.15810	0.05159	0.66593	0.01364	0.00654	0.00185	0.00278	0.01145	0.00528	0.00475
8	0.00791	0.00593	0.00890	0.00890	0.00989	0.00692	0.00692	0.00989	0.00890	0.01286	0.01483	0.02176	0.01385	0.04154	0.78341	0.00890	0.01483	0.00593	0.00297	0.00494
9	0.02105	0.01551	0.01662	0.01274	0.01717	0.01717	0.01053	0.75235	0.02604	0.03490	0.01330	0.01330	0.00942	0.00665	0.00554	0.00166	0.00609	0.00499	0.00554	0.00942
10	0.00805	0.00540	0.00618	0.00618	0.00623	0.00545	0.00353	0.00815	0.00810	0.01084	0.01732	0.03552	0.01982	0.76738	0.06574	0.00554	0.00584	0.00795	0.00334	0.00343
11	0.06443	0.00949	0.01263	0.00973	0.01397	0.00835	0.00804	0.02647	0.01554	0.73844	0.02117	0.01837	0.01334	0.00677	0.00547	0.00171	0.00469	0.00545	0.00669	0.00926
12	0.01817	0.01345	0.01457	0.01190	0.01574	0.01495	0.00963	0.40102	0.31255	0.08108	0.01790	0.01777	0.01320	0.00721	0.00563	0.00177	0.00530	0.02343	0.00566	0.00906
13	0.00675	0.00482	0.00643	0.00771	0.00803	0.00450	0.00514	0.00771	0.01060	0.01414	0.03053	0.80175	0.03663	0.01735	0.00707	0.00225	0.00321	0.01574	0.00514	0.00450
14	0.01464	0.77302	0.06322	0.00976	0.01466	0.02150	0.00998	0.01663	0.01127	0.01324	0.00780	0.00901	0.00710	0.00476	0.00363	0.00121	0.00603	0.00301	0.00237	0.00716
15	0.01155	0.00991	0.01152	0.00830	0.01316	0.00758	0.00663	0.01442	0.03432	0.01820	0.01023	0.01176	0.00847	0.00421	0.00415	0.00085	0.00411	0.00337	0.00335	0.81391
16	0.03382	0.45624	0.09131	0.01022	0.01488	0.01706	0.00998	0.09723	0.01367	0.13103	0.03035	0.03173	0.02926	0.00601	0.00445	0.00143	0.00571	0.00437	0.00363	0.00761
17	0.01347	0.01251	0.01712	0.01420	0.01624	0.01538	0.09402	0.09142	0.23616	0.01889	0.01312	0.01541	0.01070	0.00917	0.03579	0.00232	0.36748	0.00551	0.00375	0.00733
18	0.00687	0.00487	0.00639	0.00756	0.00785	0.00458	0.00498	0.00774	0.01037	0.01383	0.02933	0.73198	0.03513	0.08918	0.00899	0.00253	0.00341	0.01504	0.00498	0.00439
19	0.01318	0.01314	0.04671	0.01107	0.01408	0.10303	0.00901	0.02387	0.48260	0.02021	0.02488	0.02661	0.10531	0.00867	0.00583	0.00188	0.00510	0.07213	0.00505	0.00765
20	0.00764	0.00596	0.00713	0.00772	0.00931	0.00546	0.00637	0.00957	0.01268	0.01570	0.04382	0.05751	0.43058	0.01461	0.00705	0.00218	0.00386	0.34286	0.00512	0.00487
21	0.01231	0.01144	0.01897	0.26840	0.44555	0.01224	0.01519	0.04077	0.01241	0.01708	0.01217	0.08585	0.01090	0.00631	0.00565	0.00176	0.00651	0.00592	0.00297	0.00758
22	0.01175	0.05158	0.69009	0.01532	0.02287	0.01318	0.01929	0.01763	0.01167	0.04347	0.01015	0.01187	0.00726	0.00551	0.00584	0.00177	0.04600	0.00414	0.00250	0.00809
23	0.00805	0.00537	0.00604	0.00604	0.00604	0.00537	0.00336	0.00805	0.00805	0.01074	0.01745	0.03624	0.02013	0.80536	0.02819	0.00537	0.00537	0.00805	0.00336	0.00336
24	0.01481	0.80869	0.02902	0.00948	0.01421	0.02191	0.00948	0.01658	0.01125	0.01303	0.00770	0.00888	0.00711	0.00474	0.00355	0.00118	0.00592	0.00296	0.00237	0.00711
25	0.01512	0.01210	0.01391	0.01112	0.05121	0.01128	0.00853	0.28663	0.01691	0.02427	0.01115	0.01226	0.00868	0.00508	0.00470	0.00117	0.00496	0.00399	0.00409	0.49285
26	0.00962	0.00481	0.00722	0.00722	0.00722	0.00481	0.00481	0.00722	0.00722	0.00962	0.00962	0.01684	0.00962	0.01924	0.02165	0.83886	0.00481	0.00481	0.00241	0.00241
27	0.05365	0.00756	0.00985	0.00826	0.01099	0.00685	0.00655	0.01806	0.01547	0.35615	0.40214	0.02990	0.03304	0.00906	0.00596	0.00173	0.00362	0.00772	0.00631	0.00712
28	0.01481	0.80869	0.02902	0.00948	0.01421	0.02191	0.00948	0.01658	0.01125	0.01303	0.00770	0.00888	0.00711	0.00474	0.00355	0.00118	0.00592	0.00296	0.00237	0.00711
29	0.00689	0.00539	0.00617	0.00645	0.00773	0.00475	0.00462	0.00834	0.01246	0.01590	0.17663	0.25645	0.41151	0.04191	0.00744	0.00207	0.00297	0.01238	0.00525	0.00468
30	0.01312	0.45356	0.36941	0.01235	0.01866	0.01779	0.01448	0.01702	0.01145	0.01508	0.00872	0.01016	0.00707	0.00498	0.00433	0.00144	0.00695	0.00348	0.00236	0.00760
31	0.02069	0.02640	0.01569	0.01427	0.01712	0.78313	0.01070	0.02212	0.01569	0.01355	0.00856	0.00999	0.00713	0.00571	0.00499	0.00143	0.00999	0.00357	0.00285	0.00642
32	0.01530	0.05621	0.02644	0.02089	0.09219	0.22775	0.42295	0.01871	0.01355	0.01627	0.01012	0.01309	0.00799	0.00512	0.00618	0.00171	0.03017	0.00535	0.00278	0.00724
33	0.00791	0.00573	0.00806	0.00874	0.00956	0.00604	0.00675	0.00964	0.01033	0.01405	0.02302	0.23034	0.02509	0.08848	0.31271	0.00518	0.00846	0.21103	0.00414	0.00475
34	0.00791	0.00593	0.00890	0.00890	0.00989	0.00692	0.00692	0.00989	0.00890	0.01286	0.01483	0.02176	0.01385	0.04154	0.78341	0.00890	0.01483	0.00593	0.00297	0.00494
35	0.01468	0.01279	0.01836	0.14818	0.21848	0.08149	0.09377	0.09265	0.01373	0.09119	0.01221	0.01528	0.00960	0.01091	0.11964	0.00277	0.02816	0.00520	0.00342	0.00748
36	0.01046	0.00984	0.01661	0.79205	0.03814	0.01230	0.01538	0.01415	0.01107	0.01415	0.00984	0.01477	0.00738	0.00554	0.00554	0.00185	0.00738	0.00492	0.00246	0.00615
37	0.01410	0.00936	0.01083	0.00950	0.01232	0.00980	0.00743	0.02264	0.36427	0.17968	0.21902	0.02770	0.07181	0.00877	0.00591	0.00181	0.00389	0.00743	0.00598	0.00773
38	0.00903	0.00720	0.00828	0.00774	0.00962	0.00723	0.00588	0.01462	0.20021	0.02085	0.42600	0.03885	0.20110	0.01097	0.00631	0.00180	0.00310	0.00945	0.00577	0.00598
39	0.01893	0.01507	0.06717	0.04616	0.05565	0.04949	0.04356	0.36288	0.11255	0.14891	0.01502	0.01501	0.01062	0.00644	0.00555	0.00171	0.00619	0.00518	0.00504	0.00887
40	0.01380	0.00859	0.01034	0.00951	0.01172	0.00873	0.00718	0.15356	0.10823	0.16589	0.02463	0.40549	0.02465	0.01209	0.00631	0.00199	0.00419	0.01058	0.00561	0.00690

[dist]
# distance from previous block
# <min> <max>
0	3

[block]
# block no. 7 follows, 43 sequences, length 88
# corresponding to MSA columns:
# 424-511
name=unknown_H
#
# <colnr> <probs for GDERKNQSTAVLIFYWHMCP>
#	G	D	E	R	K	N	Q	S	T	A	V	L	I	F	Y	W	H	M	C	P
0	0.45437	0.16234	0.04575	0.00926	0.01330	0.02973	0.00822	0.13594	0.03258	0.05050	0.00961	0.01046	0.00738	0.00545	0.00403	0.00161	0.00517	0.00355	0.00369	0.00705
1	0.00834	0.00647	0.00885	0.00976	0.09091	0.00603	0.00639	0.01090	0.01502	0.02100	0.61039	0.03963	0.12335	0.01092	0.00642	0.00174	0.00306	0.00964	0.00563	0.00555
2	0.01148	0.00984	0.01148	0.00820	0.01312	0.00738	0.00656	0.01395	0.01148	0.01805	0.00984	0.01148	0.00820	0.00410	0.00410	0.00082	0.00410	0.00328	0.00328	0.83922
3	0.00784	0.00566	0.00740	0.00697	0.00827	0.00523	0.00523	0.01045	0.01568	0.02221	0.76789	0.04137	0.05226	0.01132	0.00653	0.00174	0.00261	0.01002	0.00610	0.00523
4	0.00680	0.00486	0.00649	0.00778	0.00812	0.00455	0.00524	0.00781	0.01066	0.01420	0.03049	0.78264	0.03651	0.01730	0.00708	0.00226	0.00326	0.03430	0.00514	0.00451
5	0.00665	0.00521	0.00603	0.00668	0.00776	0.00459	0.00468	0.00783	0.01160	0.01454	0.04310	0.43382	0.39644	0.01572	0.00681	0.00206	0.00301	0.01375	0.00514	0.00459
6	0.35007	0.00994	0.01098	0.00883	0.01278	0.00984	0.00729	0.02274	0.01330	0.47713	0.01624	0.01494	0.01065	0.00617	0.00472	0.00171	0.00454	0.00455	0.00549	0.00807
7	0.00736	0.00540	0.00703	0.00803	0.00889	0.00507	0.00603	0.00891	0.01175	0.01535	0.07372	0.45206	0.14339	0.01599	0.00712	0.00225	0.00363	0.20812	0.00518	0.00473
8	0.84448	0.01071	0.00814	0.00728	0.01071	0.01242	0.00600	0.01628	0.00943	0.02485	0.00771	0.00900	0.00600	0.00514	0.00343	0.00171	0.00428	0.00300	0.00343	0.00600
9	0.84448	0.01071	0.00814	0.00728	0.01071	0.01242	0.00600	0.01628	0.00943	0.02485	0.00771	0.00900	0.00600	0.00514	0.00343	0.00171	0.00428	0.00300	0.00343	0.00600
10	0.00962	0.00481	0.00722	0.00722	0.00722	0.00481	0.00481	0.00722	0.00722	0.00962	0.00962	0.01684	0.00962	0.01924	0.02165	0.83886	0.00481	0.00481	0.00241	0.00241
11	0.01378	0.01190	0.01252	0.01127	0.01440	0.01378	0.00877	0.02943	0.76081	0.02317	0.02254	0.02066	0.01691	0.00751	0.00564	0.00188	0.00438	0.00626	0.00564	0.00877
12	0.01481	0.80869	0.02902	0.00948	0.01421	0.02191	0.00948	0.01658	0.01125	0.01303	0.00770	0.00888	0.00711	0.00474	0.00355	0.00118	0.00592	0.00296	0.00237	0.00711
13	0.02105	0.01551	0.01662	0.01274	0.01717	0.01717	0.01053	0.75235	0.02604	0.03490	0.01330	0.01330	0.00942	0.00665	0.00554	0.00166	0.00609	0.00499	0.00554	0.00942
14	0.01614	0.01111	0.01219	0.01016	0.01323	0.04556	0.00805	0.22601	0.14965	0.15579	0.24560	0.02440	0.02461	0.02435	0.00630	0.00180	0.00466	0.00684	0.00579	0.00777
15	0.79955	0.01157	0.00855	0.00766	0.01106	0.05447	0.00625	0.01660	0.00977	0.02423	0.00776	0.00905	0.00606	0.00517	0.00351	0.00170	0.00460	0.00303	0.00340	0.00602
16	0.01693	0.48432	0.05081	0.01136	0.01567	0.23250	0.01031	0.09166	0.01398	0.01552	0.00858	0.00973	0.00734	0.00522	0.00421	0.00132	0.00715	0.00337	0.00282	0.00719
17	0.01371	0.01316	0.02248	0.03399	0.77081	0.01316	0.01700	0.01700	0.01261	0.01809	0.01042	0.01371	0.00877	0.00493	0.00548	0.00164	0.00658	0.00493	0.00274	0.00877
18	0.00791	0.00593	0.00890	0.00890	0.00989	0.00692	0.00692	0.00989	0.00890	0.01286	0.01483	0.02176	0.01385	0.04154	0.78341	0.00890	0.01483	0.00593	0.00297	0.00494
19	0.02064	0.01531	0.01639	0.01266	0.01702	0.01698	0.01043	0.71104	0.06802	0.03423	0.01382	0.01372	0.00985	0.00670	0.00555	0.00167	0.00600	0.00506	0.00555	0.00938
20	0.01164	0.03209	0.20120	0.45548	0.10261	0.01301	0.01622	0.05275	0.03177	0.01660	0.01038	0.01388	0.00777	0.00550	0.00543	0.00178	0.00733	0.00472	0.00269	0.00715
21	0.00741	0.00529	0.00719	0.00847	0.00908	0.00507	0.00629	0.00886	0.01126	0.01488	0.03016	0.57708	0.03518	0.01673	0.00725	0.00234	0.00379	0.23388	0.00513	0.00468
22	0.01381	0.00716	0.00943	0.00810	0.01048	0.00652	0.00634	0.01673	0.04238	0.27704	0.48861	0.03300	0.03794	0.00967	0.00617	0.00174	0.00339	0.00838	0.00634	0.00677
23	0.45483	0.01214	0.01199	0.05864	0.03008	0.01363	0.00840	0.25056	0.01533	0.08172	0.01070	0.01153	0.00779	0.00576	0.00443	0.00170	0.00513	0.00398	0.00427	0.00740
24	0.01769	0.38643	0.05400	0.01150	0.01607	0.09512	0.01047	0.30676	0.01753	0.02188	0.01008	0.01085	0.00802	0.00561	0.00455	0.00142	0.00649	0.00387	0.00366	0.00799
25	0.01515	0.10903	0.22512	0.05607	0.07539	0.04475	0.01277	0.09065	0.01382	0.12838	0.01169	0.01277	0.00862	0.00535	0.00493	0.00147	0.00633	0.00419	0.00356	0.16996
26	0.01306	0.00932	0.01199	0.05626	0.09551	0.00923	0.02767	0.13315	0.05260	0.12831	0.03220	0.08004	0.30787	0.00997	0.00606	0.00181	0.00456	0.00846	0.00500	0.00692
27	0.01554	0.01634	0.01759	0.08092	0.34495	0.27347	0.01308	0.01793	0.01346	0.04738	0.01240	0.09823	0.01134	0.00667	0.00550	0.00165	0.00735	0.00567	0.00319	0.00734
28	0.01046	0.00984	0.01661	0.79205	0.03814	0.01230	0.01538	0.01415	0.01107	0.01415	0.00984	0.01477	0.00738	0.00554	0.00554	0.00185	0.00738	0.00492	0.00246	0.00615
29	0.01296	0.01095	0.01891	0.41390	0.21508	0.01196	0.08868	0.01638	0.01216	0.09799	0.01216	0.04310	0.00956	0.00587	0.00568	0.00180	0.00694	0.00554	0.00314	0.00723
30	0.01487	0.01700	0.01194	0.01096	0.01311	0.43073	0.00822	0.01683	0.01569	0.01748	0.35255	0.02420	0.02758	0.00825	0.00569	0.00157	0.00665	0.00649	0.00432	0.00588
31	0.00805	0.00537	0.00604	0.00604	0.00604	0.00537	0.00336	0.00805	0.00805	0.01074	0.01745	0.03624	0.02013	0.80536	0.02819	0.00537	0.00537	0.00805	0.00336	0.00336
32	0.01408	0.00734	0.00883	0.00754	0.01036	0.00638	0.00597	0.03473	0.01446	0.30884	0.09800	0.03805	0.40146	0.01086	0.00614	0.00179	0.00361	0.00902	0.00589	0.00667
33	0.01797	0.10008	0.01664	0.04431	0.01677	0.01616	0.00999	0.43178	0.20146	0.04799	0.01590	0.01564	0.02675	0.00676	0.00537	0.00168	0.00561	0.00523	0.00512	0.00878
34	0.02022	0.02206	0.01604	0.05823	0.01834	0.50084	0.01091	0.24880	0.01865	0.02023	0.01011	0.01129	0.00786	0.00599	0.00519	0.00152	0.00863	0.00409	0.00367	0.00734
35	0.01767	0.00773	0.01045	0.00879	0.01169	0.00682	0.00693	0.01972	0.01491	0.46397	0.20215	0.15842	0.02688	0.00972	0.00606	0.00181	0.00395	0.00838	0.00638	0.00757
36	0.01221	0.00741	0.00888	0.00791	0.01032	0.00690	0.00625	0.06095	0.05063	0.18050	0.23046	0.03936	0.28476	0.01110	0.00630	0.00184	0.00360	0.05848	0.00580	0.00636
37	0.30631	0.00986	0.00988	0.00830	0.01157	0.01022	0.00665	0.10846	0.06085	0.05438	0.17254	0.02037	0.06104	0.00720	0.00485	0.00160	0.00407	0.00557	0.00461	0.13165
38	0.00805	0.00537	0.00604	0.00604	0.00604	0.00537	0.00336	0.00805	0.00805	0.01074	0.01745	0.03624	0.02013	0.80536	0.02819	0.00537	0.00537	0.00805	0.00336	0.00336
39	0.00687	0.00491	0.00657	0.00785	0.00823	0.00461	0.00536	0.00793	0.01073	0.01428	0.03046	0.75951	0.03636	0.01723	0.00710	0.00227	0.00332	0.05676	0.00514	0.00453
40	0.01261	0.01329	0.05464	0.13316	0.41125	0.01273	0.19394	0.01630	0.01239	0.01725	0.01175	0.04802	0.01008	0.00571	0.00585	0.00178	0.00725	0.02133	0.00285	0.00782
41	0.01131	0.01075	0.01803	0.58346	0.13730	0.01263	0.05711	0.01592	0.06868	0.01559	0.01097	0.01508	0.00836	0.00556	0.00559	0.00182	0.00715	0.00512	0.00276	0.00679
42	0.01159	0.01143	0.01441	0.01276	0.01321	0.07365	0.01033	0.01293	0.00912	0.01310	0.00967	0.01548	0.00948	0.05967	0.19482	0.00400	0.51086	0.00517	0.00263	0.00568
43	0.71074	0.01062	0.00951	0.11542	0.01457	0.01251	0.00743	0.01592	0.00963	0.02311	0.00799	0.00986	0.00622	0.00530	0.00405	0.00175	0.02277	0.00331	0.00327	0.00602
44	0.00805	0.00537	0.00604	0.00604	0.00604	0.00537	0.00336	0.00805	0.00805	0.01074	0.01745	0.03624	0.02013	0.80536	0.02819	0.00537	0.00537	0.00805	0.00336	0.00336
45	0.02122	0.01430	0.01602	0.04478	0.01756	0.01552	0.01035	0.60500	0.02378	0.15291	0.01453	0.01425	0.01002	0.00664	0.00554	0.00168	0.00593	0.00508	0.00562	0.00928
46	0.84448	0.01071	0.00814	0.00728	0.01071	0.01242	0.00600	0.01628	0.00943	0.02485	0.00771	0.00900	0.00600	0.00514	0.00343	0.00171	0.00428	0.00300	0.00343	0.00600
47	0.00672	0.00493	0.00631	0.00741	0.00795	0.00452	0.00501	0.00775	0.01089	0.01426	0.03420	0.69427	0.14174	0.01687	0.00699	0.00219	0.00315	0.01516	0.00514	0.00452
48	0.01212	0.01212	0.01696	0.01454	0.01454	0.01696	0.01212	0.01333	0.00848	0.01333	0.00727	0.01212	0.00727	0.00969	0.01818	0.00242	0.79523	0.00485	0.00242	0.00606
49	0.00763	0.00540	0.00714	0.00804	0.00868	0.00520	0.00589	0.00906	0.01136	0.01518	0.11019	0.41025	0.03470	0.13155	0.01026	0.00273	0.00396	0.20324	0.00497	0.00457
50	0.01481	0.80869	0.02902	0.00948	0.01421	0.02191	0.00948	0.01658	0.01125	0.01303	0.00770	0.00888	0.00711	0.00474	0.00355	0.00118	0.00592	0.00296	0.00237	0.00711
51	0.00962	0.00481	0.00722	0.00722	0.00722	0.00481	0.00481	0.00722	0.00722	0.00962	0.00962	0.01684	0.00962	0.01924	0.02165	0.83886	0.00481	0.00481	0.00241	0.00241
52	0.02069	0.02640	0.01569	0.01427	0.01712	0.78313	0.01070	0.02212	0.01569	0.01355	0.00856	0.00999	0.00713	0.00571	0.00499	0.00143	0.00999	0.00357	0.00285	0.00642
53	0.00791	0.00593	0.00890	0.00890	0.00989	0.00692	0.00692	0.00989	0.00890	0.01286	0.01483	0.02176	0.01385	0.04154	0.78341	0.00890	0.01483	0.00593	0.00297	0.00494
54	0.01148	0.00984	0.01148	0.00820	0.01312	0.00738	0.00656	0.01395	0.01148	0.01805	0.00984	0.01148	0.00820	0.00410	0.00410	0.00082	0.00410	0.00328	0.00328	0.83922
55	0.01198	0.00991	0.01544	0.02073	0.38617	0.00977	0.01140	0.01562	0.05482	0.06081	0.31226	0.02534	0.02674	0.00771	0.00591	0.00170	0.00479	0.00706	0.00445	0.00740
56	0.01032	0.00516	0.00516	0.00516	0.00645	0.00516	0.00387	0.01290	0.01161	0.02065	0.01807	0.02065	0.01420	0.00645	0.00387	0.00129	0.00258	0.00516	0.83611	0.00516
57	0.00982	0.00536	0.00768	0.00732	0.00786	0.00509	0.00500	0.00795	0.00768	0.01053	0.00964	0.01625	0.00947	0.01760	0.01974	0.74795	0.00473	0.00464	0.00250	0.09319
58	0.01305	0.01487	0.03229	0.02313	0.02859	0.01408	0.73251	0.01763	0.01296	0.01763	0.01111	0.01487	0.00838	0.00479	0.00682	0.00188	0.02869	0.00649	0.00279	0.00743
59	0.02105	0.01551	0.01662	0.01274	0.01717	0.01717	0.01053	0.75235	0.02604	0.03490	0.01330	0.01330	0.00942	0.00665	0.00554	0.00166	0.00609	0.00499	0.00554	0.00942
60	0.01481	0.80869	0.02902	0.00948	0.01421	0.02191	0.00948	0.01658	0.01125	0.01303	0.00770	0.00888	0.00711	0.00474	0.00355	0.00118	0.00592	0.00296	0.00237	0.00711
61	0.01032	0.00516	0.00516	0.00516	0.00645	0.00516	0.00387	0.01290	0.01161	0.02065	0.01807	0.02065	0.01420	0.00645	0.00387	0.00129	0.00258	0.00516	0.83611	0.00516
62	0.01906	0.01462	0.01717	0.09205	0.10095	0.01619	0.01167	0.58493	0.03802	0.03079	0.01283	0.01364	0.00930	0.00637	0.00554	0.00168	0.00624	0.00500	0.00493	0.00901
63	0.01366	0.01225	0.02035	0.09263	0.55757	0.01240	0.04145	0.01753	0.05304	0.06108	0.01420	0.01667	0.05081	0.00572	0.00560	0.00170	0.00631	0.00547	0.00324	0.00832
64	0.84448	0.01071	0.00814	0.00728	0.01071	0.01242	0.00600	0.01628	0.00943	0.02485	0.00771	0.00900	0.00600	0.00514	0.00343	0.00171	0.00428	0.00300	0.00343	0.00600
65	0.01491	0.05546	0.01413	0.00991	0.01456	0.05329	0.00808	0.22644	0.01588	0.02237	0.01065	0.01178	0.00843	0.00495	0.00453	0.00111	0.00509	0.00377	0.00386	0.51077
66	0.01774	0.19437	0.10571	0.01064	0.01541	0.01317	0.00996	0.12085	0.05540	0.25969	0.04190	0.01508	0.01180	0.00605	0.00495	0.00150	0.00542	0.00467	0.00464	0.10105
67	0.01984	0.01542	0.01632	0.01374	0.05743	0.05815	0.01063	0.57149	0.11295	0.04610	0.01416	0.01413	0.01025	0.00661	0.00552	0.00168	0.00610	0.00507	0.00528	0.00914
68	0.01481	0.80869	0.02902	0.00948	0.01421	0.02191	0.00948	0.01658	0.01125	0.01303	0.00770	0.00888	0.00711	0.00474	0.00355	0.00118	0.00592	0.00296	0.00237	0.00711
69	0.01254	0.01197	0.02037	0.30674	0.50720	0.01285	0.01642	0.01597	0.01206	0.01667	0.01021	0.01409	0.00827	0.00515	0.00550	0.00172	0.00687	0.00493	0.00264	0.00783
70	0.01349	0.01118	0.05546	0.00944	0.01397	0.00902	0.00803	0.06298	0.10539	0.10159	0.01557	0.01712	0.04271	0.00586	0.00484	0.00126	0.00454	0.03051	0.00419	0.48284
71	0.02035	0.07109	0.01646	0.01399	0.01696	0.73964	0.01063	0.02180	0.01544	0.01352	0.00851	0.00992	0.00713	0.00565	0.00491	0.00141	0.00976	0.00353	0.00283	0.00646
72	0.00736	0.00508	0.00624	0.00693	0.00710	0.00491	0.00430	0.00787	0.00940	0.01254	0.02437	0.44151	0.02887	0.38818	0.01701	0.00372	0.00423	0.01213	0.00430	0.00396
73	0.01766	0.01235	0.01361	0.01138	0.01505	0.01358	0.00909	0.21059	0.43769	0.16585	0.02009	0.01848	0.01443	0.00717	0.00560	0.00179	0.00487	0.00581	0.00584	0.00905
74	0.01368	0.01362	0.02298	0.07965	0.61746	0.04073	0.09627	0.01708	0.01267	0.01765	0.01040	0.01377	0.00859	0.00497	0.00558	0.00167	0.00705	0.00506	0.00273	0.00838
75	0.00702	0.00493	0.00635	0.00737	0.00762	0.00468	0.00477	0.00778	0.01007	0.01343	0.02781	0.64303	0.03321	0.18073	0.01145	0.00290	0.00366	0.01415	0.00477	0.00426
76	0.00695	0.00542	0.00636	0.00693	0.00816	0.00483	0.00512	0.00840	0.01210	0.01525	0.08266	0.31341	0.39309	0.01518	0.00685	0.00207	0.00319	0.09414	0.00519	0.00469
77	0.01164	0.01187	0.02281	0.39933	0.09247	0.01272	0.29475	0.01561	0.01204	0.01596	0.01139	0.01714	0.00911	0.00565	0.00602	0.00187	0.00795	0.04211	0.00275	0.00681
78	0.01124	0.04367	0.74628	0.01557	0.02358	0.01306	0.02001	0.01776	0.02704	0.01757	0.01015	0.01182	0.00722	0.00530	0.00524	0.00175	0.00806	0.00411	0.00241	0.00818
79	0.00685	0.00528	0.00631	0.00703	0.00808	0.00473	0.00505	0.00815	0.01169	0.01482	0.05532	0.42653	0.33365	0.01573	0.00689	0.00211	0.00318	0.06883	0.00516	0.00463
80	0.01178	0.01137	0.01861	0.52205	0.18452	0.02887	0.05224	0.03082	0.01175	0.01552	0.00993	0.01428	0.00775	0.00564	0.00629	0.00183	0.05236	0.00497	0.00261	0.00682
81	0.03423	0.03025	0.01691	0.09742	0.15133	0.10390	0.04660	0.17241	0.12631	0.09356	0.02986	0.01726	0.01198	0.00656	0.00555	0.00173	0.00639	0.03542	0.00430	0.00804
82	0.01667	0.02047	0.41736	0.01388	0.02030	0.01187	0.04698	0.10029	0.01464	0.26200	0.01417	0.01430	0.00948	0.00590	0.00545	0.00174	0.00690	0.00477	0.00415	0.00869
83	0.00778	0.00525	0.00612	0.00639	0.00646	0.00519	0.00373	0.00798	0.00859	0.01145	0.02020	0.19744	0.02361	0.63943	0.02374	0.00471	0.00492	0.00967	0.00373	0.00360
84	0.01577	0.16171	0.06548	0.01749	0.11995	0.04897	0.20178	0.10422	0.06023	0.09852	0.01262	0.02926	0.00981	0.00579	0.00570	0.00167	0.02417	0.00524	0.00365	0.00799
