[name]
unknown

[dist]
# distance from previous block
# <min> <max>
2	104

[block]
# block no. 0 follows, 41 sequences, length 8
# corresponding to MSA columns:
# 123-130
name=unknown_A
#
# <colnr> <probs for GDERKNQSTAVLIFYWHMCP>
#	G	D	E	R	K	N	Q	S	T	A	V	L	I	F	Y	W	H	M	C	P
0	0.00975	0.16290	0.01351	0.01137	0.10099	0.00965	0.00771	0.01152	0.01190	0.01570	0.11176	0.28237	0.09724	0.04047	0.08493	0.00273	0.00546	0.00992	0.00428	0.00582
1	0.09538	0.01662	0.01391	0.09006	0.01729	0.29361	0.00963	0.10670	0.01548	0.16531	0.01328	0.01621	0.01052	0.10212	0.00815	0.00212	0.00737	0.00491	0.00417	0.00716
2	0.32034	0.01098	0.01114	0.00915	0.01293	0.01125	0.00735	0.15917	0.01437	0.10005	0.01389	0.10683	0.01201	0.00709	0.00479	0.00163	0.00466	0.00542	0.00451	0.18244
3	0.00846	0.00654	0.00743	0.00731	0.00896	0.00609	0.00540	0.07683	0.01440	0.01861	0.18496	0.23864	0.36712	0.01411	0.00680	0.00199	0.00328	0.01217	0.00554	0.00535
4	0.01507	0.01259	0.01632	0.16485	0.02024	0.01542	0.01193	0.28338	0.01604	0.02211	0.01126	0.01469	0.00916	0.01193	0.10172	0.00289	0.25401	0.00521	0.00377	0.00742
5	0.01620	0.01568	0.01363	0.01162	0.01510	0.21667	0.00899	0.16046	0.16133	0.02132	0.01566	0.10845	0.01374	0.00754	0.00545	0.00158	0.00621	0.00597	0.00443	0.18998
6	0.01246	0.01270	0.02454	0.02500	0.29661	0.01221	0.32995	0.01600	0.01282	0.01773	0.01519	0.16806	0.01454	0.00749	0.00646	0.00192	0.00735	0.00801	0.00334	0.00761
7	0.00695	0.00550	0.00618	0.00664	0.00790	0.00481	0.00469	0.00823	0.01224	0.01527	0.07458	0.31637	0.44779	0.04631	0.00783	0.00221	0.00314	0.01334	0.00528	0.00473

[dist]
# distance from previous block
# <min> <max>
0	1

[block]
# block no. 1 follows, 41 sequences, length 12
# corresponding to MSA columns:
# 132-143
name=unknown_B
#
# <colnr> <probs for GDERKNQSTAVLIFYWHMCP>
#	G	D	E	R	K	N	Q	S	T	A	V	L	I	F	Y	W	H	M	C	P
0	0.01231	0.00883	0.07977	0.01003	0.01234	0.00689	0.00868	0.01460	0.01296	0.18596	0.02714	0.32259	0.02813	0.01366	0.00696	0.00225	0.00474	0.23038	0.00543	0.00634
1	0.01904	0.01196	0.01311	0.01062	0.01409	0.07001	0.00853	0.24884	0.01963	0.26390	0.23081	0.02363	0.02368	0.00825	0.00598	0.00174	0.00512	0.00672	0.00611	0.00824
2	0.01005	0.00742	0.00880	0.00842	0.01010	0.00739	0.00632	0.13362	0.03009	0.02109	0.24099	0.27901	0.13797	0.01380	0.02187	0.00213	0.00388	0.02930	0.02188	0.00587
3	0.01909	0.01501	0.01727	0.01369	0.01696	0.01768	0.01134	0.53422	0.02168	0.02964	0.01194	0.01338	0.00909	0.00777	0.00947	0.00194	0.23118	0.00511	0.00480	0.00873
4	0.25210	0.01107	0.01129	0.00988	0.01281	0.01215	0.00775	0.30016	0.01687	0.02622	0.01775	0.26184	0.01768	0.00995	0.00560	0.00193	0.00481	0.00811	0.00496	0.00709
5	0.01707	0.01358	0.01630	0.23482	0.02338	0.01558	0.01194	0.38971	0.16968	0.02743	0.01464	0.01571	0.01069	0.00672	0.00574	0.00182	0.00632	0.00540	0.00483	0.00862
6	0.25394	0.25580	0.08490	0.01079	0.01550	0.01743	0.01010	0.24914	0.01599	0.02459	0.01000	0.01092	0.00776	0.00569	0.00444	0.00159	0.00589	0.00384	0.00380	0.00787
7	0.25682	0.01460	0.01465	0.01154	0.01582	0.01633	0.00953	0.53510	0.02196	0.03306	0.01207	0.01246	0.00871	0.00642	0.00509	0.00173	0.00576	0.00456	0.00509	0.00871
8	0.01528	0.25619	0.10475	0.01287	0.01654	0.01835	0.01199	0.16494	0.08280	0.01962	0.01068	0.01251	0.00880	0.00709	0.00882	0.00182	0.23120	0.00449	0.00344	0.00780
9	0.01085	0.18960	0.08679	0.23310	0.02096	0.01282	0.01156	0.01378	0.01066	0.01415	0.01170	0.01642	0.01015	0.02013	0.30838	0.00461	0.01039	0.00496	0.00271	0.00628
10	0.25006	0.00920	0.00864	0.00797	0.01055	0.01033	0.00624	0.01978	0.24779	0.02340	0.01706	0.01787	0.01312	0.00662	0.00445	0.00165	0.00377	0.00505	0.32969	0.00677
11	0.01472	0.32739	0.19114	0.01211	0.01730	0.01765	0.01224	0.08870	0.22628	0.01962	0.01342	0.01375	0.01045	0.00602	0.00488	0.00161	0.00620	0.00450	0.00371	0.00831

[dist]
# distance from previous block
# <min> <max>
7	55

[block]
# block no. 2 follows, 41 sequences, length 37
# corresponding to MSA columns:
# 201-237
name=unknown_C
#
# <colnr> <probs for GDERKNQSTAVLIFYWHMCP>
#	G	D	E	R	K	N	Q	S	T	A	V	L	I	F	Y	W	H	M	C	P
0	0.01278	0.31949	0.46281	0.01351	0.02036	0.01651	0.01628	0.01747	0.01206	0.01654	0.03730	0.01213	0.00902	0.00546	0.00482	0.00159	0.00736	0.00401	0.00257	0.00792
1	0.01787	0.07460	0.01563	0.01183	0.01553	0.01503	0.00966	0.20456	0.35735	0.14230	0.01871	0.01771	0.01367	0.00734	0.00635	0.00183	0.04976	0.00568	0.00554	0.00903
2	0.00885	0.00762	0.00987	0.22344	0.01731	0.00794	0.00815	0.05204	0.01308	0.01622	0.03880	0.03907	0.45014	0.01383	0.06658	0.00248	0.00538	0.00927	0.00439	0.00555
3	0.24447	0.53816	0.06605	0.00953	0.01425	0.01937	0.00943	0.01710	0.01112	0.01712	0.00809	0.00937	0.00702	0.00504	0.00373	0.00141	0.00578	0.00314	0.00275	0.00708
4	0.01042	0.07548	0.22286	0.01144	0.01504	0.01067	0.01146	0.05473	0.01119	0.01593	0.01325	0.01804	0.01153	0.02745	0.45746	0.00609	0.01218	0.00530	0.00299	0.00648
5	0.01318	0.01188	0.01418	0.01258	0.01456	0.01478	0.01006	0.02324	0.44530	0.01969	0.01737	0.01847	0.01388	0.01126	0.07041	0.00270	0.26822	0.00595	0.00449	0.00781
6	0.01355	0.01366	0.02565	0.02950	0.45865	0.01334	0.25996	0.01737	0.01320	0.01844	0.01256	0.01852	0.01080	0.00584	0.00620	0.00185	0.00763	0.06193	0.00304	0.00831
7	0.00676	0.00579	0.00579	0.00579	0.00773	0.00483	0.00435	0.00821	0.01304	0.01545	0.05794	0.05505	0.76098	0.01449	0.00676	0.00193	0.00290	0.01207	0.00531	0.00483
8	0.01529	0.80242	0.02997	0.00979	0.01468	0.02263	0.00979	0.01713	0.01162	0.01346	0.00795	0.00918	0.00734	0.00489	0.00367	0.00122	0.00612	0.00306	0.00245	0.00734
9	0.00824	0.00584	0.00775	0.00775	0.00827	0.00637	0.00535	0.00929	0.00876	0.01221	0.01664	0.02979	0.01748	0.41270	0.41086	0.00741	0.01054	0.00720	0.00326	0.00430
10	0.01147	0.02959	0.76934	0.01630	0.02476	0.01328	0.02113	0.01811	0.01208	0.01811	0.01026	0.01208	0.00725	0.00543	0.00543	0.00181	0.00845	0.00423	0.00242	0.00845
11	0.27305	0.00864	0.00903	0.00840	0.01066	0.00906	0.00631	0.08204	0.01247	0.12227	0.01960	0.27799	0.01998	0.10562	0.00839	0.00241	0.00442	0.00869	0.00481	0.00616
12	0.01080	0.01017	0.01716	0.78523	0.03940	0.01271	0.01589	0.01461	0.01144	0.01461	0.01017	0.01525	0.00762	0.00572	0.00572	0.00191	0.00762	0.00508	0.00254	0.00635
13	0.01080	0.01017	0.01716	0.78523	0.03940	0.01271	0.01589	0.01461	0.01144	0.01461	0.01017	0.01525	0.00762	0.00572	0.00572	0.00191	0.00762	0.00508	0.00254	0.00635
14	0.01382	0.00714	0.00931	0.00803	0.01048	0.00634	0.00628	0.01621	0.01587	0.27158	0.42826	0.03641	0.12587	0.01048	0.00641	0.00181	0.00345	0.00901	0.00644	0.00678
15	0.01416	0.01359	0.02322	0.03511	0.76330	0.01359	0.01755	0.01755	0.01302	0.01869	0.01076	0.01416	0.00906	0.00510	0.00566	0.00170	0.00680	0.00510	0.00283	0.00906
16	0.01980	0.01794	0.32588	0.01271	0.01880	0.01042	0.01367	0.02384	0.01460	0.45752	0.01748	0.01641	0.01130	0.00640	0.00562	0.00179	0.00635	0.00512	0.00515	0.00920
17	0.01080	0.01017	0.01716	0.78523	0.03940	0.01271	0.01589	0.01461	0.01144	0.01461	0.01017	0.01525	0.00762	0.00572	0.00572	0.00191	0.00762	0.00508	0.00254	0.00635
18	0.01080	0.01017	0.01716	0.78523	0.03940	0.01271	0.01589	0.01461	0.01144	0.01461	0.01017	0.01525	0.00762	0.00572	0.00572	0.00191	0.00762	0.00508	0.00254	0.00635
19	0.02566	0.00973	0.01327	0.01018	0.01460	0.00841	0.00841	0.02788	0.01637	0.76726	0.02257	0.01947	0.01416	0.00708	0.00575	0.00177	0.00487	0.00575	0.00708	0.00973
20	0.01251	0.01251	0.01752	0.01502	0.01502	0.01752	0.01251	0.01377	0.00876	0.01377	0.00751	0.01251	0.00751	0.01001	0.01877	0.00250	0.78851	0.00501	0.00250	0.00626
21	0.01147	0.02959	0.76934	0.01630	0.02476	0.01328	0.02113	0.01811	0.01208	0.01811	0.01026	0.01208	0.00725	0.00543	0.00543	0.00181	0.00845	0.00423	0.00242	0.00845
22	0.01147	0.02959	0.76934	0.01630	0.02476	0.01328	0.02113	0.01811	0.01208	0.01811	0.01026	0.01208	0.00725	0.00543	0.00543	0.00181	0.00845	0.00423	0.00242	0.00845
23	0.00721	0.00581	0.00642	0.00626	0.00800	0.00502	0.00470	0.00908	0.01409	0.01796	0.29342	0.05092	0.52394	0.01355	0.00676	0.00189	0.00283	0.01149	0.00564	0.00502
24	0.00685	0.00546	0.00614	0.00669	0.00796	0.00475	0.00474	0.00811	0.01217	0.01510	0.04702	0.36109	0.46199	0.01591	0.00698	0.00209	0.00307	0.01380	0.00531	0.00475
25	0.02174	0.01602	0.01717	0.01316	0.01774	0.01774	0.01087	0.74423	0.02689	0.03605	0.01373	0.01373	0.00973	0.00687	0.00572	0.00172	0.00629	0.00515	0.00572	0.00973
26	0.80002	0.01130	0.00883	0.00779	0.01138	0.01307	0.00642	0.05184	0.01056	0.02616	0.00824	0.00951	0.00636	0.00538	0.00364	0.00177	0.00451	0.00320	0.00364	0.00636
27	0.01080	0.01017	0.01716	0.78523	0.03940	0.01271	0.01589	0.01461	0.01144	0.01461	0.01017	0.01525	0.00762	0.00572	0.00572	0.00191	0.00762	0.00508	0.00254	0.00635
28	0.00819	0.00605	0.00878	0.00878	0.00965	0.00692	0.00663	0.00995	0.00907	0.01297	0.01570	0.02458	0.01522	0.14961	0.67086	0.00868	0.01394	0.00644	0.00312	0.00488
29	0.01080	0.01017	0.01716	0.78523	0.03940	0.01271	0.01589	0.01461	0.01144	0.01461	0.01017	0.01525	0.00762	0.00572	0.00572	0.00191	0.00762	0.00508	0.00254	0.00635
30	0.01542	0.01805	0.02364	0.01846	0.02226	0.26915	0.35154	0.01850	0.01352	0.01591	0.01079	0.01434	0.00883	0.01018	0.09995	0.00270	0.07145	0.00551	0.00290	0.00692
31	0.01186	0.01017	0.01186	0.00847	0.01356	0.00762	0.00678	0.01440	0.01186	0.01864	0.01017	0.01186	0.00847	0.00424	0.00424	0.00085	0.00424	0.00339	0.00339	0.83395
32	0.02231	0.02140	0.01517	0.01315	0.01661	0.51863	0.01011	0.02404	0.01610	0.23938	0.01299	0.01311	0.00944	0.00619	0.00530	0.00154	0.00847	0.00429	0.00420	0.03758
33	0.00740	0.00523	0.00644	0.00722	0.00756	0.00496	0.00462	0.00810	0.01023	0.01349	0.02906	0.48330	0.08866	0.27952	0.01457	0.00337	0.00403	0.01327	0.00469	0.00426
34	0.02190	0.01129	0.01365	0.01072	0.01479	0.01106	0.00875	0.26547	0.01936	0.42419	0.02284	0.06066	0.07230	0.00815	0.00590	0.00179	0.00511	0.00659	0.00639	0.00908
35	0.01208	0.01095	0.01376	0.01067	0.01405	0.01094	0.00870	0.01419	0.01082	0.01700	0.00928	0.01208	0.00815	0.00617	0.00911	0.00140	0.26718	0.00393	0.00309	0.55645
36	0.00988	0.00880	0.01390	0.51041	0.02887	0.01012	0.01228	0.01284	0.01135	0.01497	0.01581	0.22096	0.01568	0.00881	0.00600	0.00192	0.00618	0.00788	0.00335	0.07998

[dist]
# distance from previous block
# <min> <max>
8	68

[block]
# block no. 3 follows, 41 sequences, length 12
# corresponding to MSA columns:
# 312-323
name=unknown_D
#
# <colnr> <probs for GDERKNQSTAVLIFYWHMCP>
#	G	D	E	R	K	N	Q	S	T	A	V	L	I	F	Y	W	H	M	C	P
0	0.01662	0.10201	0.12566	0.01356	0.01739	0.01484	0.06782	0.14346	0.01448	0.16322	0.01284	0.01530	0.00998	0.05319	0.01013	0.00212	0.20029	0.00517	0.00400	0.00791
1	0.01286	0.26636	0.11852	0.20512	0.02305	0.01654	0.05876	0.01594	0.01127	0.01506	0.00910	0.01221	0.00759	0.00600	0.00724	0.00171	0.14180	0.00430	0.00257	0.06400
2	0.00932	0.00835	0.05640	0.05354	0.01218	0.00707	0.00736	0.05400	0.01516	0.02125	0.45333	0.14271	0.05819	0.01112	0.00645	0.00181	0.00375	0.00976	0.00544	0.06284
3	0.06910	0.01486	0.01432	0.01181	0.01558	0.10819	0.00947	0.33827	0.15542	0.02735	0.06621	0.01806	0.01439	0.00723	0.00555	0.00169	0.00588	0.03075	0.00508	0.08076
4	0.01611	0.02153	0.34673	0.01477	0.02048	0.01576	0.01557	0.33602	0.01817	0.02544	0.01145	0.01286	0.00837	0.00663	0.00721	0.00186	0.10373	0.00473	0.00388	0.00874
5	0.01247	0.01114	0.01488	0.31366	0.02410	0.01360	0.01195	0.02109	0.33612	0.01837	0.01558	0.01769	0.01203	0.00782	0.00817	0.04187	0.10246	0.00567	0.00397	0.00734
6	0.06632	0.01099	0.01266	0.01045	0.01438	0.01112	0.00835	0.02662	0.33846	0.30293	0.02045	0.01873	0.01442	0.00691	0.00546	0.00173	0.00461	0.00561	0.00585	0.11394
7	0.01092	0.00984	0.01347	0.27882	0.02195	0.00995	0.01017	0.01365	0.01158	0.01640	0.01582	0.01843	0.10091	0.00654	0.00638	0.00150	0.07650	0.00520	0.00325	0.36872
8	0.02174	0.01602	0.01717	0.01316	0.01774	0.01774	0.01087	0.74423	0.02689	0.03605	0.01373	0.01373	0.00973	0.00687	0.00572	0.00172	0.00629	0.00515	0.00572	0.00973
9	0.01652	0.22731	0.02048	0.01332	0.01590	0.20137	0.01123	0.10695	0.01355	0.01649	0.00872	0.01124	0.00770	0.00727	0.00986	0.00182	0.29602	0.00419	0.00299	0.00706
10	0.02174	0.01602	0.01717	0.01316	0.01774	0.01774	0.01087	0.74423	0.02689	0.03605	0.01373	0.01373	0.00973	0.00687	0.00572	0.00172	0.00629	0.00515	0.00572	0.00973
11	0.00684	0.00547	0.00613	0.00666	0.00795	0.00476	0.00473	0.00811	0.01220	0.01511	0.04739	0.35073	0.47210	0.01586	0.00698	0.00209	0.00307	0.01375	0.00531	0.00476

[dist]
# distance from previous block
# <min> <max>
0	2

[block]
# block no. 4 follows, 41 sequences, length 6
# corresponding to MSA columns:
# 326-331
name=unknown_E
#
# <colnr> <probs for GDERKNQSTAVLIFYWHMCP>
#	G	D	E	R	K	N	Q	S	T	A	V	L	I	F	Y	W	H	M	C	P
0	0.01346	0.43228	0.38408	0.01291	0.01951	0.01816	0.01522	0.01760	0.01184	0.01569	0.00906	0.01056	0.00730	0.00515	0.00452	0.00151	0.00724	0.00362	0.00243	0.00787
1	0.01451	0.01048	0.01185	0.01039	0.01277	0.01124	0.00815	0.34310	0.01794	0.02391	0.01954	0.08360	0.01945	0.22336	0.01260	0.00298	0.00568	0.15671	0.00499	0.00676
2	0.01678	0.01336	0.01716	0.36365	0.02757	0.01545	0.01315	0.41302	0.01988	0.02632	0.01211	0.01442	0.00877	0.00635	0.00572	0.00180	0.00690	0.00512	0.00428	0.00820
3	0.01556	0.01759	0.01707	0.01492	0.01594	0.27885	0.01201	0.01689	0.01133	0.01385	0.00797	0.01176	0.00746	0.00859	0.01408	0.00215	0.52039	0.00455	0.00266	0.00639
4	0.01943	0.01379	0.01470	0.01153	0.01543	0.01515	0.00944	0.59193	0.02379	0.03298	0.01476	0.01531	0.01076	0.00682	0.00536	0.00164	0.00554	0.00519	0.17763	0.00881
5	0.39279	0.01757	0.01287	0.01113	0.01469	0.27156	0.00881	0.17042	0.01550	0.02389	0.00946	0.01056	0.00733	0.00583	0.00454	0.00166	0.00680	0.00372	0.00379	0.00708

[dist]
# distance from previous block
# <min> <max>
35	64

[block]
# block no. 5 follows, 41 sequences, length 7
# corresponding to MSA columns:
# 403-409
name=unknown_F
#
# <colnr> <probs for GDERKNQSTAVLIFYWHMCP>
#	G	D	E	R	K	N	Q	S	T	A	V	L	I	F	Y	W	H	M	C	P
0	0.13826	0.05885	0.10375	0.00843	0.01143	0.00885	0.00768	0.01332	0.04502	0.02065	0.32529	0.03332	0.18438	0.00992	0.00586	0.00179	0.00401	0.00820	0.00492	0.00606
1	0.16274	0.01207	0.02097	0.01563	0.02015	0.01157	0.33861	0.01957	0.01388	0.20918	0.10284	0.01861	0.01501	0.00630	0.00593	0.00184	0.00668	0.00628	0.00447	0.00768
2	0.14835	0.00937	0.01061	0.00863	0.01154	0.00914	0.00666	0.01383	0.01080	0.05089	0.04968	0.01889	0.01318	0.17590	0.01138	0.00229	0.09787	0.00505	0.00363	0.34233
3	0.01225	0.01052	0.01204	0.00900	0.01377	0.00872	0.00715	0.01705	0.13433	0.01951	0.01233	0.01343	0.00996	0.00482	0.00450	0.00103	0.00428	0.00390	0.00379	0.69763
4	0.01279	0.00935	0.01121	0.01041	0.01234	0.01028	0.00814	0.16705	0.16628	0.02031	0.01963	0.11797	0.01873	0.01475	0.05362	0.18068	0.02979	0.12568	0.00468	0.00633
5	0.23229	0.09159	0.24411	0.01132	0.01611	0.01207	0.01192	0.01742	0.01196	0.10846	0.01445	0.02111	0.01239	0.00908	0.04278	0.00223	0.00654	0.12316	0.00377	0.00721
6	0.09884	0.01255	0.05461	0.28057	0.31467	0.01283	0.01480	0.03484	0.03062	0.04683	0.01135	0.01454	0.00880	0.00558	0.00540	0.00178	0.00662	0.00491	0.03212	0.00773

[dist]
# distance from previous block
# <min> <max>
12	46

[block]
# block no. 6 follows, 41 sequences, length 6
# corresponding to MSA columns:
# 456-461
name=unknown_G
#
# <colnr> <probs for GDERKNQSTAVLIFYWHMCP>
#	G	D	E	R	K	N	Q	S	T	A	V	L	I	F	Y	W	H	M	C	P
0	0.02174	0.01602	0.01717	0.01316	0.01774	0.01774	0.01087	0.74423	0.02689	0.03605	0.01373	0.01373	0.00973	0.00687	0.00572	0.00172	0.00629	0.00515	0.00572	0.00973
1	0.01651	0.01073	0.01211	0.01047	0.01388	0.01137	0.00827	0.02683	0.44912	0.23362	0.02753	0.02514	0.11196	0.00843	0.00592	0.00189	0.00441	0.00698	0.00611	0.00870
2	0.01321	0.00964	0.01111	0.01000	0.01222	0.01014	0.00761	0.31163	0.01823	0.02456	0.12261	0.37170	0.02843	0.01253	0.00658	0.00200	0.00446	0.01088	0.00561	0.00684
3	0.01423	0.01229	0.01293	0.01164	0.01487	0.01423	0.00905	0.03039	0.75297	0.02393	0.02328	0.02134	0.01746	0.00776	0.00582	0.00194	0.00453	0.00647	0.00582	0.00905
4	0.02174	0.01602	0.01717	0.01316	0.01774	0.01774	0.01087	0.74423	0.02689	0.03605	0.01373	0.01373	0.00973	0.00687	0.00572	0.00172	0.00629	0.00515	0.00572	0.00973
5	0.00991	0.23427	0.11115	0.00955	0.01222	0.01086	0.00861	0.01187	0.01129	0.01473	0.02211	0.47182	0.02526	0.01262	0.00603	0.00195	0.00477	0.01097	0.00413	0.00590

[dist]
# distance from previous block
# <min> <max>
7	11

[block]
# block no. 7 follows, 41 sequences, length 33
# corresponding to MSA columns:
# 475-507
name=unknown_H
#
# <colnr> <probs for GDERKNQSTAVLIFYWHMCP>
#	G	D	E	R	K	N	Q	S	T	A	V	L	I	F	Y	W	H	M	C	P
0	0.28277	0.01044	0.01079	0.00823	0.01278	0.00936	0.00665	0.01571	0.01134	0.04979	0.00992	0.01131	0.00795	0.00470	0.00407	0.00118	0.00432	0.00338	0.00358	0.53172
1	0.01947	0.01489	0.01589	0.01270	0.01687	0.01668	0.01032	0.52819	0.24664	0.03238	0.01662	0.01604	0.01207	0.00714	0.00575	0.00178	0.00576	0.00555	0.00575	0.00952
2	0.03502	0.00600	0.00762	0.00845	0.00962	0.00580	0.00666	0.01041	0.01262	0.01732	0.10893	0.27784	0.11596	0.01495	0.00709	0.00226	0.00395	0.28738	0.05704	0.00508
3	0.01147	0.02959	0.76934	0.01630	0.02476	0.01328	0.02113	0.01811	0.01208	0.01811	0.01026	0.01208	0.00725	0.00543	0.00543	0.00181	0.00845	0.00423	0.00242	0.00845
4	0.02174	0.01602	0.01717	0.01316	0.01774	0.01774	0.01087	0.74423	0.02689	0.03605	0.01373	0.01373	0.00973	0.00687	0.00572	0.00172	0.00629	0.00515	0.00572	0.00973
5	0.01759	0.01396	0.01483	0.01232	0.01616	0.01580	0.00987	0.35017	0.42771	0.02936	0.01900	0.01793	0.01400	0.00736	0.00578	0.00184	0.00532	0.00588	0.00578	0.00936
6	0.01414	0.56852	0.25374	0.01176	0.01773	0.01980	0.01322	0.01743	0.01176	0.01487	0.00865	0.01005	0.00731	0.00506	0.00420	0.00140	0.00682	0.00341	0.00244	0.00768
7	0.00885	0.00497	0.00715	0.00764	0.00776	0.00485	0.00509	0.00764	0.00873	0.01164	0.01782	0.30152	0.02013	0.01916	0.01686	0.52994	0.00437	0.00909	0.00352	0.00327
8	0.01193	0.01132	0.01920	0.53255	0.28324	0.01301	0.01645	0.01560	0.01197	0.01599	0.01037	0.01488	0.00811	0.00551	0.00570	0.00184	0.00735	0.00509	0.00264	0.00727
9	0.01388	0.01470	0.01400	0.01309	0.01445	0.23976	0.01063	0.01571	0.01278	0.01542	0.06195	0.02949	0.01807	0.01064	0.01067	0.00219	0.27006	0.22279	0.00371	0.00602
10	0.00891	0.00533	0.00668	0.00668	0.00668	0.00533	0.00401	0.00800	0.00800	0.01067	0.01507	0.03011	0.01683	0.51439	0.02664	0.30801	0.00533	0.00709	0.00311	0.00311
11	0.00691	0.00584	0.00601	0.00609	0.00798	0.00494	0.00465	0.00844	0.01305	0.01556	0.05621	0.05564	0.71538	0.01457	0.00683	0.00198	0.00305	0.05671	0.00531	0.00486
12	0.01080	0.01017	0.01716	0.78523	0.03940	0.01271	0.01589	0.01461	0.01144	0.01461	0.01017	0.01525	0.00762	0.00572	0.00572	0.00191	0.00762	0.00508	0.00254	0.00635
13	0.02174	0.01602	0.01717	0.01316	0.01774	0.01774	0.01087	0.74423	0.02689	0.03605	0.01373	0.01373	0.00973	0.00687	0.00572	0.00172	0.00629	0.00515	0.00572	0.00973
14	0.01147	0.02959	0.76934	0.01630	0.02476	0.01328	0.02113	0.01811	0.01208	0.01811	0.01026	0.01208	0.00725	0.00543	0.00543	0.00181	0.00845	0.00423	0.00242	0.00845
15	0.02174	0.01602	0.01717	0.01316	0.01774	0.01774	0.01087	0.74423	0.02689	0.03605	0.01373	0.01373	0.00973	0.00687	0.00572	0.00172	0.00629	0.00515	0.00572	0.00973
16	0.01255	0.01911	0.25474	0.02069	0.02700	0.01354	0.47803	0.01779	0.01324	0.01855	0.05807	0.01612	0.01108	0.00544	0.00635	0.00189	0.00885	0.00621	0.00296	0.00779
17	0.02137	0.02726	0.01621	0.01474	0.01768	0.77602	0.01105	0.02284	0.01621	0.01400	0.00884	0.01031	0.00737	0.00589	0.00516	0.00147	0.01031	0.00368	0.00295	0.00663
18	0.02174	0.01602	0.01717	0.01316	0.01774	0.01774	0.01087	0.74423	0.02689	0.03605	0.01373	0.01373	0.00973	0.00687	0.00572	0.00172	0.00629	0.00515	0.00572	0.00973
19	0.00810	0.00585	0.00765	0.00720	0.00855	0.00540	0.00540	0.01079	0.01619	0.02294	0.76028	0.04273	0.05397	0.01169	0.00675	0.00180	0.00270	0.01034	0.00630	0.00540
20	0.01186	0.01017	0.01186	0.00847	0.01356	0.00762	0.00678	0.01440	0.01186	0.01864	0.01017	0.01186	0.00847	0.00424	0.00424	0.00085	0.00424	0.00339	0.00339	0.83395
21	0.02174	0.01602	0.01717	0.01316	0.01774	0.01774	0.01087	0.74423	0.02689	0.03605	0.01373	0.01373	0.00973	0.00687	0.00572	0.00172	0.00629	0.00515	0.00572	0.00973
22	0.00994	0.00497	0.00745	0.00745	0.00745	0.00497	0.00497	0.00745	0.00745	0.00994	0.00994	0.01739	0.00994	0.01987	0.02235	0.83358	0.00497	0.00497	0.00248	0.00248
23	0.02566	0.00973	0.01327	0.01018	0.01460	0.00841	0.00841	0.02788	0.01637	0.76726	0.02257	0.01947	0.01416	0.00708	0.00575	0.00177	0.00487	0.00575	0.00708	0.00973
24	0.02174	0.01602	0.01717	0.01316	0.01774	0.01774	0.01087	0.74423	0.02689	0.03605	0.01373	0.01373	0.00973	0.00687	0.00572	0.00172	0.00629	0.00515	0.00572	0.00973
25	0.02174	0.01602	0.01717	0.01316	0.01774	0.01774	0.01087	0.74423	0.02689	0.03605	0.01373	0.01373	0.00973	0.00687	0.00572	0.00172	0.00629	0.00515	0.00572	0.00973
26	0.00676	0.00579	0.00579	0.00579	0.00773	0.00483	0.00435	0.00821	0.01304	0.01545	0.05794	0.05505	0.76098	0.01449	0.00676	0.00193	0.00290	0.01207	0.00531	0.00483
27	0.02174	0.01602	0.01717	0.01316	0.01774	0.01774	0.01087	0.74423	0.02689	0.03605	0.01373	0.01373	0.00973	0.00687	0.00572	0.00172	0.00629	0.00515	0.00572	0.00973
28	0.00697	0.00498	0.00664	0.00796	0.00830	0.00465	0.00531	0.00796	0.01095	0.01460	0.03153	0.79525	0.03783	0.01792	0.00730	0.00232	0.00332	0.01626	0.00531	0.00465
29	0.01529	0.80242	0.02997	0.00979	0.01468	0.02263	0.00979	0.01713	0.01162	0.01346	0.00795	0.00918	0.00734	0.00489	0.00367	0.00122	0.00612	0.00306	0.00245	0.00734
30	0.01471	0.00924	0.00965	0.00819	0.01071	0.00986	0.00651	0.28031	0.01744	0.02670	0.01686	0.01855	0.01286	0.00674	0.00463	0.00147	0.00399	0.00526	0.52937	0.00694
31	0.01179	0.01209	0.02322	0.50721	0.03592	0.01335	0.28131	0.01597	0.01219	0.01597	0.01068	0.01532	0.00801	0.00539	0.00610	0.00191	0.00836	0.00569	0.00267	0.00685
32	0.02264	0.01184	0.01429	0.01111	0.01533	0.01179	0.00912	0.28844	0.04397	0.42428	0.07080	0.01906	0.01542	0.00735	0.00581	0.00176	0.00523	0.00588	0.00649	0.00941

[dist]
# distance from previous block
# <min> <max>
0	1

[block]
# block no. 8 follows, 41 sequences, length 19
# corresponding to MSA columns:
# 509-527
name=unknown_I
#
# <colnr> <probs for GDERKNQSTAVLIFYWHMCP>
#	G	D	E	R	K	N	Q	S	T	A	V	L	I	F	Y	W	H	M	C	P
0	0.01147	0.02959	0.76934	0.01630	0.02476	0.01328	0.02113	0.01811	0.01208	0.01811	0.01026	0.01208	0.00725	0.00543	0.00543	0.00181	0.00845	0.00423	0.00242	0.00845
1	0.01147	0.02959	0.76934	0.01630	0.02476	0.01328	0.02113	0.01811	0.01208	0.01811	0.01026	0.01208	0.00725	0.00543	0.00543	0.00181	0.00845	0.00423	0.00242	0.00845
2	0.01494	0.00974	0.01189	0.00879	0.01343	0.00765	0.00707	0.01741	0.01328	0.20118	0.06945	0.01603	0.01327	0.00549	0.00479	0.00114	0.00427	0.00449	0.00451	0.57119
3	0.00781	0.00584	0.00725	0.00690	0.00837	0.00528	0.00517	0.01024	0.01552	0.02134	0.61053	0.04535	0.20472	0.01229	0.00675	0.00183	0.00274	0.01071	0.00609	0.00528
4	0.01187	0.01085	0.01794	0.02647	0.52290	0.01074	0.01366	0.01450	0.01236	0.01739	0.01737	0.26286	0.01822	0.00918	0.00618	0.00190	0.00569	0.00865	0.00362	0.00765
5	0.01240	0.21769	0.58938	0.01472	0.02230	0.01556	0.01837	0.01787	0.01197	0.01698	0.00970	0.01137	0.00727	0.00530	0.00500	0.00167	0.00788	0.00394	0.00242	0.00818
6	0.00832	0.00555	0.00624	0.00624	0.00624	0.00555	0.00347	0.00832	0.00832	0.01109	0.01802	0.03743	0.02080	0.79898	0.02911	0.00555	0.00555	0.00832	0.00347	0.00347
7	0.00922	0.00658	0.00922	0.01053	0.01185	0.00658	0.00922	0.01185	0.01317	0.01712	0.03029	0.06452	0.03292	0.01580	0.00790	0.00263	0.00527	0.72480	0.00527	0.00527
8	0.01364	0.01306	0.02228	0.15094	0.65152	0.01345	0.01730	0.01710	0.01278	0.01806	0.01067	0.01433	0.00884	0.00519	0.00567	0.00173	0.00692	0.00509	0.00279	0.00864
9	0.01107	0.01054	0.01644	0.46541	0.02876	0.01368	0.01392	0.01380	0.01050	0.01433	0.01097	0.07626	0.00998	0.00813	0.01022	0.00214	0.26897	0.00594	0.00275	0.00619
10	0.00832	0.00555	0.00624	0.00624	0.00624	0.00555	0.00347	0.00832	0.00832	0.01109	0.01802	0.03743	0.02080	0.79898	0.02911	0.00555	0.00555	0.00832	0.00347	0.00347
11	0.01131	0.00938	0.01034	0.00960	0.01198	0.01022	0.00733	0.02128	0.42778	0.02210	0.22108	0.08847	0.10491	0.01025	0.00627	0.00193	0.00379	0.00880	0.00585	0.00733
12	0.01520	0.05924	0.25334	0.16993	0.05546	0.01286	0.05618	0.02032	0.06847	0.18589	0.01387	0.01521	0.00981	0.00611	0.00603	0.00182	0.03320	0.00505	0.00379	0.00822
13	0.00958	0.00675	0.00805	0.00813	0.00973	0.00652	0.00599	0.01325	0.12024	0.07372	0.12494	0.32875	0.21092	0.01397	0.00679	0.00208	0.00350	0.03564	0.00564	0.00582
14	0.00695	0.00506	0.00656	0.00776	0.00824	0.00466	0.00522	0.00799	0.01115	0.01468	0.03406	0.72431	0.10714	0.01759	0.00725	0.00229	0.00328	0.01586	0.00531	0.00466
15	0.00832	0.00555	0.00624	0.00624	0.00624	0.00555	0.00347	0.00832	0.00832	0.01109	0.01802	0.03743	0.02080	0.79898	0.02911	0.00555	0.00555	0.00832	0.00347	0.00347
16	0.19991	0.07230	0.01501	0.06346	0.01571	0.08469	0.00998	0.09634	0.05611	0.01952	0.01081	0.03339	0.00936	0.01025	0.06974	0.00251	0.21589	0.00480	0.00344	0.00678
17	0.20364	0.17846	0.04929	0.01204	0.01590	0.35182	0.01012	0.08566	0.01463	0.01869	0.00897	0.01024	0.00731	0.00563	0.00456	0.00153	0.00770	0.00358	0.00321	0.00703
18	0.02154	0.01355	0.01536	0.01192	0.01628	0.01422	0.00977	0.46502	0.05540	0.22933	0.01696	0.04171	0.01215	0.00722	0.00572	0.00172	0.00565	0.00567	0.00598	0.04483

[dist]
# distance from previous block
# <min> <max>
0	1

[block]
# block no. 9 follows, 41 sequences, length 145
# corresponding to MSA columns:
# 529-607,609-674
name=unknown_J
#
# <colnr> <probs for GDERKNQSTAVLIFYWHMCP>
#	G	D	E	R	K	N	Q	S	T	A	V	L	I	F	Y	W	H	M	C	P
0	0.14591	0.01516	0.01379	0.01136	0.01513	0.15827	0.00910	0.25926	0.05893	0.17751	0.01460	0.01453	0.01042	0.00652	0.00517	0.00167	0.00613	0.00477	0.06351	0.00825
1	0.02175	0.01179	0.01369	0.01085	0.01485	0.03337	0.00883	0.22546	0.08719	0.39706	0.04938	0.01884	0.01468	0.00721	0.00566	0.00174	0.00516	0.00575	0.05761	0.00913
2	0.00725	0.00579	0.00648	0.00635	0.00804	0.00503	0.00475	0.00913	0.01412	0.01813	0.31022	0.06927	0.48813	0.01357	0.00677	0.00189	0.00284	0.01156	0.00567	0.00503
3	0.12552	0.30918	0.01958	0.01113	0.01504	0.18708	0.00946	0.05185	0.16904	0.03446	0.01193	0.01241	0.00957	0.00590	0.00457	0.00153	0.00648	0.00407	0.00365	0.00754
4	0.00697	0.00498	0.00664	0.00796	0.00830	0.00465	0.00531	0.00796	0.01095	0.01460	0.03153	0.79525	0.03783	0.01792	0.00730	0.00232	0.00332	0.01626	0.00531	0.00465
5	0.01188	0.02674	0.62165	0.01787	0.02579	0.01352	0.16598	0.01816	0.01236	0.01816	0.01053	0.01275	0.00753	0.00531	0.00570	0.00183	0.00869	0.00473	0.00251	0.00831
6	0.00852	0.00613	0.00774	0.00851	0.00929	0.00602	0.00589	0.08510	0.01262	0.01685	0.02966	0.71337	0.03489	0.01676	0.00714	0.00226	0.00363	0.01510	0.00535	0.00518
7	0.01416	0.01359	0.02322	0.03511	0.76330	0.01359	0.01755	0.01755	0.01302	0.01869	0.01076	0.01416	0.00906	0.00510	0.00566	0.00170	0.00680	0.00510	0.00283	0.00906
8	0.02226	0.01519	0.01665	0.01277	0.01732	0.01651	0.01055	0.64982	0.02551	0.13241	0.01490	0.01449	0.01031	0.00689	0.00573	0.00172	0.00611	0.00523	0.00590	0.00973
9	0.01236	0.20864	0.59804	0.01479	0.02242	0.01545	0.01850	0.01789	0.01197	0.01704	0.00973	0.01140	0.00727	0.00531	0.00503	0.00168	0.00791	0.00396	0.00242	0.00820
10	0.00828	0.00553	0.00625	0.00628	0.00629	0.00552	0.00351	0.00831	0.00838	0.01118	0.01836	0.05638	0.02122	0.77946	0.02857	0.00546	0.00549	0.00852	0.00351	0.00350
11	0.83938	0.01106	0.00841	0.00752	0.01106	0.01283	0.00619	0.01681	0.00973	0.02566	0.00796	0.00929	0.00619	0.00531	0.00354	0.00177	0.00442	0.00310	0.00354	0.00619
12	0.01533	0.00975	0.01659	0.01277	0.01636	0.00885	0.20803	0.01841	0.01543	0.26675	0.29399	0.02792	0.04694	0.00837	0.00642	0.00183	0.00532	0.00789	0.00560	0.00745
13	0.00768	0.00552	0.00759	0.00861	0.00924	0.00552	0.00632	0.00914	0.01093	0.01468	0.02765	0.47827	0.03173	0.05594	0.15334	0.00382	0.00605	0.14838	0.00480	0.00480
14	0.01581	0.00754	0.00990	0.00894	0.01141	0.00680	0.00681	0.01809	0.04533	0.35833	0.05012	0.33082	0.08154	0.01211	0.00647	0.00201	0.00403	0.01057	0.00617	0.00719
15	0.01080	0.01017	0.01716	0.78523	0.03940	0.01271	0.01589	0.01461	0.01144	0.01461	0.01017	0.01525	0.00762	0.00572	0.00572	0.00191	0.00762	0.00508	0.00254	0.00635
16	0.00916	0.00749	0.00840	0.00883	0.01018	0.02590	0.00636	0.01405	0.19635	0.01709	0.03237	0.46659	0.12719	0.01459	0.00682	0.00216	0.00379	0.03149	0.00538	0.00583
17	0.01238	0.21240	0.59444	0.01476	0.02237	0.01550	0.01845	0.01788	0.01197	0.01701	0.00972	0.01139	0.00727	0.00531	0.00502	0.00167	0.00790	0.00395	0.00242	0.00819
18	0.01201	0.00806	0.00907	0.00836	0.01097	0.00779	0.00661	0.01711	0.18506	0.14816	0.04113	0.04196	0.38967	0.01177	0.00648	0.00197	0.00384	0.07755	0.00573	0.00670
19	0.83938	0.01106	0.00841	0.00752	0.01106	0.01283	0.00619	0.01681	0.00973	0.02566	0.00796	0.00929	0.00619	0.00531	0.00354	0.00177	0.00442	0.00310	0.00354	0.00619
20	0.01080	0.01017	0.01716	0.78523	0.03940	0.01271	0.01589	0.01461	0.01144	0.01461	0.01017	0.01525	0.00762	0.00572	0.00572	0.00191	0.00762	0.00508	0.00254	0.00635
21	0.00912	0.00842	0.01557	0.01328	0.01541	0.00788	0.24824	0.01138	0.01179	0.01583	0.02495	0.53828	0.02822	0.01360	0.00712	0.00219	0.00540	0.01313	0.00451	0.00566
22	0.00994	0.00497	0.00745	0.00745	0.00745	0.00497	0.00497	0.00745	0.00745	0.00994	0.00994	0.01739	0.00994	0.01987	0.02235	0.83358	0.00497	0.00497	0.00248	0.00248
23	0.00832	0.00555	0.00624	0.00624	0.00624	0.00555	0.00347	0.00832	0.00832	0.01109	0.01802	0.03743	0.02080	0.79898	0.02911	0.00555	0.00555	0.00832	0.00347	0.00347
24	0.01571	0.01271	0.01360	0.01164	0.01507	0.01437	0.00921	0.22387	0.48582	0.02715	0.08919	0.02125	0.01874	0.00788	0.00588	0.00187	0.00484	0.00647	0.00584	0.00890
25	0.01080	0.01017	0.01716	0.78523	0.03940	0.01271	0.01589	0.01461	0.01144	0.01461	0.01017	0.01525	0.00762	0.00572	0.00572	0.00191	0.00762	0.00508	0.00254	0.00635
26	0.00795	0.00539	0.00635	0.00671	0.00680	0.00530	0.00397	0.00822	0.00904	0.01205	0.02172	0.24476	0.02546	0.58529	0.02315	0.00466	0.00494	0.01049	0.00397	0.00379
27	0.00728	0.00522	0.00691	0.00775	0.00836	0.00485	0.00533	0.00874	0.01238	0.01688	0.23091	0.58936	0.04225	0.01622	0.00715	0.00218	0.00315	0.01464	0.00558	0.00485
28	0.01474	0.01446	0.01231	0.01143	0.01383	0.21994	0.00859	0.10703	0.21966	0.01995	0.05193	0.24038	0.02117	0.01022	0.00609	0.00189	0.00590	0.00852	0.00490	0.00705
29	0.01579	0.09014	0.46162	0.01446	0.02137	0.01282	0.05301	0.02071	0.01328	0.22268	0.01350	0.01402	0.00922	0.00581	0.00544	0.00176	0.00733	0.00467	0.00372	0.00867
30	0.01350	0.01543	0.03375	0.02411	0.02989	0.01446	0.74253	0.01832	0.01350	0.01832	0.01157	0.01543	0.00868	0.00482	0.00675	0.00193	0.00964	0.00675	0.00289	0.00771
31	0.01191	0.01129	0.01915	0.53805	0.27794	0.01300	0.01644	0.01558	0.01196	0.01596	0.01036	0.01489	0.00810	0.00551	0.00570	0.00184	0.00735	0.00509	0.00264	0.00725
32	0.01930	0.01704	0.01501	0.01290	0.01555	0.30264	0.01019	0.04241	0.05315	0.20873	0.06456	0.01603	0.01293	0.00760	0.00839	0.00182	0.17477	0.00514	0.00437	0.00748
33	0.01416	0.01359	0.02322	0.03511	0.76330	0.01359	0.01755	0.01755	0.01302	0.01869	0.01076	0.01416	0.00906	0.00510	0.00566	0.00170	0.00680	0.00510	0.00283	0.00906
34	0.01929	0.01444	0.01554	0.01243	0.01651	0.01604	0.01009	0.50593	0.21705	0.05208	0.04828	0.01712	0.01376	0.00731	0.00579	0.00178	0.00564	0.00573	0.00581	0.00937
35	0.01416	0.01359	0.02322	0.03511	0.76330	0.01359	0.01755	0.01755	0.01302	0.01869	0.01076	0.01416	0.00906	0.00510	0.00566	0.00170	0.00680	0.00510	0.00283	0.00906
36	0.01062	0.00983	0.01642	0.71964	0.03693	0.01214	0.01516	0.01434	0.01171	0.01507	0.04296	0.01848	0.01066	0.00640	0.00585	0.00193	0.00732	0.03547	0.00282	0.00627
37	0.00765	0.00557	0.00722	0.00751	0.00854	0.00514	0.00545	0.00965	0.01397	0.01917	0.41767	0.31011	0.10103	0.01428	0.00699	0.00203	0.00305	0.04406	0.00583	0.00508
38	0.01426	0.52794	0.23778	0.01177	0.01748	0.05158	0.01292	0.01747	0.01208	0.01507	0.03034	0.01101	0.00866	0.00529	0.00432	0.00142	0.00686	0.00363	0.00257	0.00757
39	0.01464	0.02375	0.47030	0.01487	0.02163	0.01463	0.01684	0.22033	0.10540	0.02377	0.01279	0.01365	0.00916	0.00611	0.00556	0.00180	0.00738	0.00475	0.00374	0.00888
40	0.01191	0.00869	0.01025	0.00924	0.01141	0.00881	0.00702	0.18177	0.06704	0.03925	0.26796	0.25520	0.03332	0.01168	0.00646	0.00190	0.00396	0.01018	0.00571	0.04826
41	0.01423	0.01229	0.01293	0.01164	0.01487	0.01423	0.00905	0.03039	0.75297	0.02393	0.02328	0.02134	0.01746	0.00776	0.00582	0.00194	0.00453	0.00647	0.00582	0.00905
42	0.00832	0.00555	0.00624	0.00624	0.00624	0.00555	0.00347	0.00832	0.00832	0.01109	0.01802	0.03743	0.02080	0.79898	0.02911	0.00555	0.00555	0.00832	0.00347	0.00347
43	0.17546	0.01232	0.01328	0.01188	0.01329	0.10511	0.00960	0.02713	0.01028	0.01639	0.01000	0.01436	0.00913	0.01753	0.22116	0.00405	0.31523	0.00478	0.00297	0.00604
44	0.18919	0.01325	0.01389	0.01117	0.01508	0.01447	0.00909	0.44953	0.02069	0.10061	0.01524	0.09523	0.01236	0.00772	0.00544	0.00180	0.00546	0.00595	0.00536	0.00847
45	0.00700	0.00500	0.00666	0.00795	0.00830	0.00466	0.00531	0.00803	0.01108	0.01481	0.04952	0.77667	0.03823	0.01777	0.00729	0.00231	0.00330	0.01611	0.00533	0.00466
46	0.01333	0.00730	0.00905	0.00774	0.01047	0.00628	0.00607	0.01547	0.01495	0.25065	0.25730	0.03761	0.26835	0.01071	0.00629	0.00177	0.00353	0.00905	0.00604	0.05803
47	0.01350	0.01543	0.03375	0.02411	0.02989	0.01446	0.74253	0.01832	0.01350	0.01832	0.01157	0.01543	0.00868	0.00482	0.00675	0.00193	0.00964	0.00675	0.00289	0.00771
48	0.00903	0.00739	0.01084	0.01034	0.01116	0.00920	0.00821	0.01092	0.00911	0.01337	0.01378	0.02050	0.01296	0.03640	0.62652	0.00787	0.16821	0.00591	0.00295	0.00533
49	0.00832	0.00555	0.00624	0.00624	0.00624	0.00555	0.00347	0.00832	0.00832	0.01109	0.01802	0.03743	0.02080	0.79898	0.02911	0.00555	0.00555	0.00832	0.00347	0.00347
50	0.02566	0.00973	0.01327	0.01018	0.01460	0.00841	0.00841	0.02788	0.01637	0.76726	0.02257	0.01947	0.01416	0.00708	0.00575	0.00177	0.00487	0.00575	0.00708	0.00973
51	0.00685	0.00544	0.00616	0.00675	0.00798	0.00475	0.00477	0.00810	0.01212	0.01508	0.04633	0.38035	0.44317	0.01600	0.00700	0.00210	0.00308	0.01391	0.00531	0.00475
52	0.01509	0.00736	0.00973	0.00828	0.01071	0.00661	0.00639	0.01731	0.01544	0.31711	0.38973	0.03294	0.03469	0.09234	0.00869	0.00218	0.00386	0.00831	0.00631	0.00692
53	0.00697	0.00498	0.00664	0.00796	0.00830	0.00465	0.00531	0.00796	0.01095	0.01460	0.03153	0.79525	0.03783	0.01792	0.00730	0.00232	0.00332	0.01626	0.00531	0.00465
54	0.00832	0.00555	0.00624	0.00624	0.00624	0.00555	0.00347	0.00832	0.00832	0.01109	0.01802	0.03743	0.02080	0.79898	0.02911	0.00555	0.00555	0.00832	0.00347	0.00347
55	0.01147	0.02959	0.76934	0.01630	0.02476	0.01328	0.02113	0.01811	0.01208	0.01811	0.01026	0.01208	0.00725	0.00543	0.00543	0.00181	0.00845	0.00423	0.00242	0.00845
56	0.01066	0.00533	0.00533	0.00533	0.00666	0.00533	0.00400	0.01333	0.01200	0.02132	0.01866	0.02132	0.01466	0.00666	0.00400	0.00133	0.00267	0.00533	0.83073	0.00533
57	0.32851	0.01275	0.01271	0.01042	0.01421	0.04568	0.00857	0.22204	0.01639	0.19912	0.01365	0.01473	0.00994	0.00669	0.00550	0.00180	0.03818	0.02615	0.00495	0.00799
58	0.01147	0.02959	0.76934	0.01630	0.02476	0.01328	0.02113	0.01811	0.01208	0.01811	0.01026	0.01208	0.00725	0.00543	0.00543	0.00181	0.00845	0.00423	0.00242	0.00845
59	0.01484	0.00936	0.00979	0.00828	0.01084	0.01001	0.00659	0.28869	0.01761	0.02687	0.01680	0.01846	0.01280	0.00674	0.00465	0.00148	0.00403	0.00526	0.51992	0.00699
60	0.01199	0.02890	0.73145	0.01614	0.02440	0.01351	0.02062	0.05469	0.01282	0.01902	0.01044	0.01216	0.00737	0.00551	0.00545	0.00181	0.00834	0.00427	0.00258	0.00852
61	0.01517	0.76878	0.02944	0.01001	0.01470	0.02241	0.00990	0.01698	0.01150	0.01347	0.00793	0.00932	0.00735	0.00511	0.00431	0.00128	0.03944	0.00314	0.00245	0.00729
62	0.00831	0.00616	0.00873	0.00867	0.00943	0.00705	0.00645	0.00987	0.00898	0.01279	0.01574	0.02561	0.01560	0.21344	0.58802	0.00820	0.03243	0.00660	0.00314	0.00476
63	0.24853	0.01206	0.01288	0.01009	0.01441	0.01233	0.00829	0.23818	0.01703	0.23107	0.01403	0.01380	0.00978	0.00610	0.00490	0.00162	0.00508	0.00449	0.00514	0.13020
64	0.01186	0.01017	0.01186	0.00847	0.01356	0.00762	0.00678	0.01440	0.01186	0.01864	0.01017	0.01186	0.00847	0.00424	0.00424	0.00085	0.00424	0.00339	0.00339	0.83395
65	0.02566	0.00973	0.01327	0.01018	0.01460	0.00841	0.00841	0.02788	0.01637	0.76726	0.02257	0.01947	0.01416	0.00708	0.00575	0.00177	0.00487	0.00575	0.00708	0.00973
66	0.05436	0.01107	0.01583	0.01709	0.21935	0.01049	0.01101	0.06830	0.01568	0.44924	0.01859	0.01952	0.01311	0.00689	0.00574	0.00179	0.00549	0.04165	0.00560	0.00918
67	0.00967	0.00768	0.00873	0.00819	0.01017	0.00776	0.00621	0.04521	0.18615	0.02121	0.32715	0.09858	0.21753	0.01176	0.00654	0.00190	0.00337	0.01012	0.00584	0.00623
68	0.00709	0.00529	0.00662	0.00756	0.00836	0.00482	0.00529	0.00836	0.01180	0.01534	0.07395	0.55120	0.20410	0.01672	0.00718	0.00222	0.00329	0.05070	0.00536	0.00476
69	0.00922	0.00658	0.00922	0.01053	0.01185	0.00658	0.00922	0.01185	0.01317	0.01712	0.03029	0.06452	0.03292	0.01580	0.00790	0.00263	0.00527	0.72480	0.00527	0.00527
70	0.02137	0.02726	0.01621	0.01474	0.01768	0.77602	0.01105	0.02284	0.01621	0.01400	0.00884	0.01031	0.00737	0.00589	0.00516	0.00147	0.01031	0.00368	0.00295	0.00663
71	0.00796	0.00587	0.00762	0.00870	0.00958	0.00571	0.00651	0.01025	0.05165	0.01586	0.03280	0.49596	0.09178	0.01653	0.00734	0.00236	0.00388	0.20926	0.00533	0.00507
72	0.01122	0.00587	0.00593	0.00573	0.00722	0.00596	0.00434	0.05015	0.01275	0.02207	0.01841	0.02094	0.01441	0.00667	0.00409	0.00135	0.00285	0.00532	0.78917	0.00555
73	0.00832	0.00555	0.00624	0.00624	0.00624	0.00555	0.00347	0.00832	0.00832	0.01109	0.01802	0.03743	0.02080	0.79898	0.02911	0.00555	0.00555	0.00832	0.00347	0.00347
74	0.00919	0.00728	0.00852	0.00874	0.01025	0.00749	0.00644	0.01470	0.21501	0.01847	0.12685	0.35645	0.12271	0.01380	0.00679	0.00212	0.00362	0.05000	0.00558	0.00600
75	0.00832	0.00555	0.00624	0.00624	0.00624	0.00555	0.00347	0.00832	0.00832	0.01109	0.01802	0.03743	0.02080	0.79898	0.02911	0.00555	0.00555	0.00832	0.00347	0.00347
76	0.00817	0.00613	0.00919	0.00919	0.01021	0.00715	0.00715	0.01021	0.00919	0.01328	0.01532	0.02247	0.01430	0.04290	0.77631	0.00919	0.01532	0.00613	0.00306	0.00511
77	0.01311	0.01360	0.01731	0.16728	0.02012	0.09623	0.01303	0.01489	0.01007	0.01396	0.00817	0.01282	0.00752	0.00873	0.01476	0.00228	0.55237	0.00488	0.00256	0.00632
78	0.01252	0.24103	0.56706	0.01452	0.02200	0.01584	0.01803	0.01784	0.01195	0.01684	0.00963	0.01128	0.00727	0.00529	0.00495	0.00165	0.00781	0.00391	0.00242	0.00815
79	0.00736	0.00582	0.00663	0.00643	0.00810	0.00508	0.00482	0.00937	0.01446	0.01882	0.37440	0.04950	0.44241	0.01323	0.00675	0.00187	0.00281	0.01129	0.00576	0.00508
80	0.01314	0.34248	0.43761	0.01346	0.02025	0.01712	0.01602	0.01823	0.04294	0.01647	0.00987	0.01129	0.00771	0.00531	0.00473	0.00158	0.00734	0.00385	0.00257	0.00803
81	0.00810	0.00585	0.00765	0.00720	0.00855	0.00540	0.00540	0.01079	0.01619	0.02294	0.76028	0.04273	0.05397	0.01169	0.00675	0.00180	0.00270	0.01034	0.00630	0.00540
82	0.01186	0.01017	0.01186	0.00847	0.01356	0.00762	0.00678	0.01440	0.01186	0.01864	0.01017	0.01186	0.00847	0.00424	0.00424	0.00085	0.00424	0.00339	0.00339	0.83395
83	0.83938	0.01106	0.00841	0.00752	0.01106	0.01283	0.00619	0.01681	0.00973	0.02566	0.00796	0.00929	0.00619	0.00531	0.00354	0.00177	0.00442	0.00310	0.00354	0.00619
84	0.01050	0.00535	0.00535	0.00535	0.00671	0.00531	0.00401	0.01311	0.01204	0.02108	0.02031	0.02274	0.04593	0.00699	0.00411	0.00136	0.00268	0.00561	0.79615	0.00531
85	0.01451	0.64422	0.18133	0.01112	0.01674	0.02072	0.01211	0.01733	0.01172	0.01441	0.00843	0.00977	0.00732	0.00500	0.00403	0.00134	0.00660	0.00330	0.00244	0.00757
86	0.01280	0.01014	0.01196	0.00859	0.01363	0.00768	0.00689	0.01532	0.01217	0.06939	0.01101	0.01238	0.00886	0.00443	0.00434	0.00091	0.00428	0.00355	0.00364	0.77807
87	0.00817	0.00613	0.00919	0.00919	0.01021	0.00715	0.00715	0.01021	0.00919	0.01328	0.01532	0.02247	0.01430	0.04290	0.77631	0.00919	0.01532	0.00613	0.00306	0.00511
88	0.01080	0.01017	0.01716	0.78523	0.03940	0.01271	0.01589	0.01461	0.01144	0.01461	0.01017	0.01525	0.00762	0.00572	0.00572	0.00191	0.00762	0.00508	0.00254	0.00635
