[name]
unknown

[dist]
# distance from previous block
# <min> <max>
0	254

[block]
# block no. 0 follows, 43 sequences, length 7
# corresponding to MSA columns:
# 256-262
name=unknown_A
#
# <colnr> <probs for GDERKNQSTAVLIFYWHMCP>
#	G	D	E	R	K	N	Q	S	T	A	V	L	I	F	Y	W	H	M	C	P
0	0.01325	0.00773	0.01001	0.00941	0.01158	0.00750	0.00766	0.09883	0.01527	0.18404	0.18077	0.14126	0.03027	0.01192	0.00665	0.00206	0.00436	0.24523	0.00575	0.00648
1	0.01521	0.45423	0.20589	0.01180	0.01718	0.07910	0.01235	0.11508	0.01367	0.01706	0.00905	0.01023	0.00739	0.00519	0.00434	0.00140	0.00681	0.00355	0.00282	0.00762
2	0.01756	0.09263	0.01569	0.01074	0.01521	0.04866	0.00890	0.31548	0.04985	0.10115	0.01273	0.01303	0.00947	0.00569	0.00488	0.00136	0.00543	0.00431	0.00455	0.26266
3	0.01896	0.12342	0.01781	0.01351	0.05051	0.22517	0.01053	0.34038	0.10467	0.02410	0.01219	0.01267	0.00932	0.00616	0.00514	0.00156	0.00695	0.00448	0.00427	0.00819
4	0.01329	0.25693	0.09367	0.25809	0.02225	0.01502	0.01196	0.12174	0.01285	0.01656	0.00967	0.01272	0.00786	0.00725	0.00704	0.11290	0.00648	0.00423	0.00286	0.00662
5	0.01479	0.15811	0.26482	0.01242	0.01778	0.01522	0.01287	0.25043	0.08966	0.02258	0.01572	0.01608	0.07272	0.00657	0.00519	0.00165	0.00630	0.00503	0.00392	0.00815
6	0.01297	0.28420	0.10757	0.00967	0.01369	0.01349	0.00921	0.09528	0.03650	0.05749	0.05388	0.08662	0.14528	0.00815	0.00512	0.00157	0.00510	0.00648	0.00397	0.04376

[dist]
# distance from previous block
# <min> <max>
8	33

[block]
# block no. 1 follows, 43 sequences, length 21
# corresponding to MSA columns:
# 297-317
name=unknown_B
#
# <colnr> <probs for GDERKNQSTAVLIFYWHMCP>
#	G	D	E	R	K	N	Q	S	T	A	V	L	I	F	Y	W	H	M	C	P
0	0.01550	0.07446	0.01584	0.01391	0.08127	0.26513	0.05676	0.08952	0.01463	0.04777	0.04047	0.10590	0.02724	0.04718	0.00667	0.00184	0.00690	0.04695	0.00380	0.03826
1	0.01751	0.12189	0.01582	0.01105	0.01477	0.10391	0.00903	0.28450	0.10823	0.09633	0.01660	0.04864	0.04713	0.03090	0.00593	0.00170	0.00579	0.00552	0.00472	0.05003
2	0.08395	0.05102	0.01653	0.01561	0.14829	0.12140	0.07487	0.14942	0.02671	0.07733	0.09208	0.04500	0.05977	0.00714	0.00549	0.00167	0.00608	0.00600	0.00422	0.00743
3	0.03926	0.01541	0.01406	0.01286	0.07517	0.24376	0.02672	0.08377	0.06191	0.07339	0.01224	0.01338	0.00950	0.00556	0.00483	0.00137	0.00630	0.00425	0.08382	0.21245
4	0.15616	0.01231	0.01505	0.34686	0.02487	0.11154	0.07044	0.01638	0.04872	0.03764	0.01438	0.01689	0.07470	0.00640	0.00558	0.00178	0.02550	0.00522	0.00322	0.00635
5	0.01295	0.01195	0.01739	0.03547	0.01826	0.01231	0.20428	0.02257	0.38316	0.02054	0.01695	0.01755	0.01288	0.00611	0.00553	0.00168	0.00563	0.00577	0.05063	0.13840
6	0.05325	0.01486	0.12949	0.27543	0.08263	0.03428	0.21084	0.01779	0.09346	0.01737	0.01150	0.01452	0.00866	0.00542	0.00565	0.00181	0.00755	0.00525	0.00296	0.00727
7	0.02069	0.02640	0.01569	0.01427	0.01712	0.78313	0.01070	0.02212	0.01569	0.01355	0.00856	0.00999	0.00713	0.00571	0.00499	0.00143	0.00999	0.00357	0.00285	0.00642
8	0.00706	0.00511	0.00652	0.00720	0.00795	0.00468	0.00499	0.00826	0.01175	0.01562	0.17641	0.49675	0.15674	0.01574	0.00756	0.04131	0.00311	0.01347	0.00520	0.00457
9	0.03160	0.00666	0.00857	0.00800	0.00982	0.00625	0.00606	0.01421	0.04937	0.17153	0.37985	0.20906	0.03771	0.01156	0.00637	0.00188	0.00335	0.02616	0.00592	0.00609
10	0.01182	0.01251	0.02090	0.05595	0.06984	0.07912	0.32092	0.01469	0.01203	0.01578	0.01577	0.23066	0.01592	0.00882	0.00761	0.00197	0.08742	0.00845	0.00339	0.00644
11	0.01197	0.01081	0.01785	0.09336	0.47572	0.01102	0.01440	0.01507	0.01252	0.01729	0.01611	0.02862	0.01567	0.00814	0.00615	0.00194	0.00620	0.22633	0.00343	0.00743
12	0.00702	0.00518	0.00657	0.00718	0.00801	0.00473	0.00502	0.00850	0.01232	0.01649	0.23746	0.47510	0.15573	0.01517	0.00684	0.00205	0.00298	0.01353	0.00540	0.00473
13	0.00762	0.00553	0.00760	0.00819	0.00906	0.00575	0.00616	0.00929	0.01034	0.01424	0.02536	0.30113	0.08422	0.02637	0.32845	0.00496	0.00817	0.08981	0.04294	0.00479
14	0.01725	0.26074	0.02187	0.01522	0.08346	0.34415	0.08197	0.04924	0.04840	0.01550	0.00955	0.01108	0.00793	0.00537	0.00480	0.00144	0.00798	0.00397	0.00293	0.00716
15	0.01046	0.00984	0.01661	0.79205	0.03814	0.01230	0.01538	0.01415	0.01107	0.01415	0.00984	0.01477	0.00738	0.00554	0.00554	0.00185	0.00738	0.00492	0.00246	0.00615
16	0.01120	0.02802	0.74256	0.01613	0.02420	0.01291	0.05394	0.01755	0.01176	0.01755	0.01000	0.01184	0.00708	0.00523	0.00532	0.00176	0.00824	0.00420	0.00236	0.00815
17	0.01024	0.00944	0.01467	0.37125	0.02419	0.01217	0.01225	0.01280	0.00979	0.01358	0.01045	0.01588	0.00906	0.01619	0.21445	0.00387	0.22617	0.00517	0.00258	0.00581
18	0.01541	0.01197	0.01310	0.01141	0.01461	0.01336	0.00927	0.28811	0.33140	0.02613	0.02028	0.02568	0.01685	0.00860	0.00591	0.00190	0.00508	0.13961	0.03310	0.00821
19	0.66420	0.07739	0.01096	0.07673	0.01371	0.04910	0.00733	0.01639	0.01001	0.02240	0.00794	0.00954	0.00626	0.00517	0.00370	0.00167	0.00496	0.00319	0.00323	0.00612
20	0.01218	0.01247	0.01328	0.01297	0.07349	0.20428	0.07328	0.01387	0.01108	0.01339	0.01305	0.02077	0.01262	0.20611	0.26273	0.00485	0.02532	0.00579	0.00299	0.00549

[dist]
# distance from previous block
# <min> <max>
2	9

[block]
# block no. 2 follows, 43 sequences, length 51
# corresponding to MSA columns:
# 327-377
name=unknown_C
#
# <colnr> <probs for GDERKNQSTAVLIFYWHMCP>
#	G	D	E	R	K	N	Q	S	T	A	V	L	I	F	Y	W	H	M	C	P
0	0.01814	0.05420	0.01833	0.06338	0.22646	0.10556	0.01236	0.27172	0.01766	0.10923	0.01221	0.01348	0.00915	0.00605	0.00586	0.00165	0.03723	0.00476	0.00414	0.00845
1	0.04974	0.01436	0.09782	0.03501	0.02038	0.01386	0.24600	0.05701	0.04896	0.01795	0.01081	0.01463	0.00889	0.00662	0.00912	0.00190	0.22448	0.02423	0.00307	0.09516
2	0.01273	0.01396	0.04568	0.14948	0.20798	0.01358	0.41853	0.01686	0.01248	0.01713	0.01066	0.01446	0.00826	0.00502	0.00640	0.00182	0.02892	0.00579	0.00271	0.00755
3	0.01050	0.01136	0.09792	0.06482	0.01734	0.00919	0.15037	0.04580	0.01208	0.01708	0.01735	0.27717	0.01776	0.00916	0.00613	0.00175	0.02198	0.00843	0.02556	0.17823
4	0.01347	0.00857	0.01046	0.00820	0.01178	0.00696	0.00630	0.01535	0.01187	0.18575	0.01581	0.09954	0.01416	0.12328	0.00826	0.00184	0.00433	0.00580	0.00429	0.44399
5	0.00791	0.00564	0.00758	0.00765	0.00819	0.00615	0.00535	0.00902	0.00863	0.01204	0.01670	0.06636	0.01760	0.35930	0.42967	0.00710	0.01031	0.00730	0.00324	0.00426
6	0.01451	0.30252	0.07608	0.06026	0.01981	0.09474	0.17035	0.05478	0.08777	0.01687	0.02539	0.01293	0.00940	0.00539	0.00496	0.00153	0.00706	0.00456	0.00309	0.02801
7	0.01365	0.01717	0.24646	0.23516	0.02641	0.04658	0.13760	0.05827	0.01334	0.10265	0.04101	0.01507	0.01000	0.00575	0.00564	0.00177	0.00751	0.00516	0.00330	0.00751
8	0.00781	0.00564	0.00737	0.00699	0.00827	0.00520	0.00522	0.01037	0.01553	0.02197	0.74643	0.06350	0.05180	0.01150	0.00655	0.00176	0.00263	0.01018	0.00607	0.00520
9	0.01148	0.00984	0.01148	0.00820	0.01312	0.00738	0.00656	0.01395	0.01148	0.01805	0.00984	0.01148	0.00820	0.00410	0.00410	0.00082	0.00410	0.00328	0.00328	0.83922
10	0.01749	0.02407	0.19914	0.01639	0.09752	0.43715	0.01354	0.04174	0.04786	0.03970	0.01026	0.01163	0.00798	0.00566	0.00517	0.00156	0.00867	0.00406	0.00304	0.00737
11	0.01106	0.01089	0.01902	0.57828	0.03374	0.01316	0.12330	0.01457	0.01103	0.01457	0.00971	0.01445	0.00752	0.00595	0.00732	0.00192	0.10952	0.00515	0.00251	0.00633
12	0.00675	0.00482	0.00643	0.00771	0.00803	0.00450	0.00514	0.00771	0.01060	0.01414	0.03053	0.80175	0.03663	0.01735	0.00707	0.00225	0.00321	0.01574	0.00514	0.00450
13	0.01442	0.01341	0.02256	0.17742	0.29204	0.01402	0.19173	0.16795	0.01518	0.02069	0.01109	0.01413	0.00854	0.00534	0.00576	0.00174	0.00730	0.00533	0.00328	0.00807
14	0.00761	0.00521	0.00629	0.00672	0.00687	0.00515	0.00411	0.00802	0.00894	0.01197	0.02171	0.29178	0.02538	0.50850	0.05391	0.00448	0.00506	0.01054	0.00394	0.00381
15	0.00977	0.00579	0.00690	0.00675	0.00788	0.00636	0.00521	0.01210	0.01068	0.01807	0.01653	0.02044	0.01368	0.01628	0.21870	0.00345	0.05363	0.00535	0.55728	0.00516
16	0.00688	0.00488	0.00639	0.00754	0.00782	0.00459	0.00495	0.00775	0.01034	0.01378	0.02916	0.72155	0.03490	0.09991	0.00928	0.00258	0.00344	0.01494	0.00495	0.00438
17	0.01353	0.01298	0.02216	0.07594	0.73027	0.01311	0.01691	0.01684	0.01253	0.01788	0.01039	0.01377	0.00870	0.00497	0.00549	0.00166	0.00662	0.00493	0.00273	0.00863
18	0.01512	0.52062	0.06892	0.01057	0.01495	0.07654	0.01010	0.11012	0.01326	0.01611	0.00934	0.01101	0.00808	0.00883	0.08337	0.00208	0.00729	0.00363	0.00287	0.00719
19	0.00700	0.00554	0.00630	0.00630	0.00781	0.00484	0.00465	0.00876	0.01342	0.01729	0.29142	0.13340	0.44662	0.01349	0.00660	0.00187	0.00279	0.01158	0.00546	0.00484
20	0.00756	0.00552	0.00714	0.00725	0.00838	0.00510	0.00538	0.00970	0.01407	0.01939	0.49041	0.21458	0.10776	0.01318	0.00673	0.00192	0.00294	0.06225	0.00573	0.00501
21	0.01596	0.00970	0.01194	0.00876	0.01346	0.00764	0.00709	0.01831	0.01295	0.27123	0.01386	0.01395	0.01005	0.00502	0.00459	0.00112	0.00431	0.00405	0.00448	0.56154
22	0.01493	0.01193	0.01390	0.01307	0.08474	0.04416	0.00952	0.32111	0.05871	0.02381	0.05095	0.01745	0.01307	0.01708	0.23884	0.00380	0.00857	0.00545	0.00433	0.04457
23	0.06126	0.01386	0.01279	0.01079	0.01356	0.21999	0.08288	0.13182	0.01501	0.02089	0.01346	0.01537	0.01048	0.00603	0.00468	0.00147	0.00593	0.00472	0.34857	0.00645
24	0.00930	0.00571	0.00734	0.00737	0.00818	0.00565	0.00507	0.01042	0.01033	0.08266	0.07884	0.23132	0.02494	0.29251	0.15432	0.00440	0.00612	0.00947	0.04133	0.00472
25	0.00733	0.00524	0.00709	0.00838	0.00895	0.00500	0.00615	0.00872	0.01118	0.01479	0.03020	0.60412	0.03536	0.01680	0.00722	0.00233	0.00372	0.20763	0.00513	0.00466
26	0.01384	0.16573	0.24821	0.01686	0.04528	0.07021	0.22965	0.07320	0.01327	0.01760	0.01011	0.01243	0.00785	0.00608	0.02384	0.00183	0.02888	0.00472	0.00279	0.00763
27	0.84448	0.01071	0.00814	0.00728	0.01071	0.01242	0.00600	0.01628	0.00943	0.02485	0.00771	0.00900	0.00600	0.00514	0.00343	0.00171	0.00428	0.00300	0.00343	0.00600
28	0.01226	0.01253	0.01926	0.01583	0.01665	0.01653	0.12013	0.01397	0.00915	0.01397	0.00785	0.01253	0.00744	0.00896	0.01647	0.00234	0.68030	0.00509	0.00248	0.00626
29	0.00740	0.00579	0.00679	0.00696	0.00856	0.00519	0.00550	0.00936	0.01343	0.01717	0.23206	0.05226	0.42413	0.01361	0.00678	0.00199	0.00326	0.16946	0.00538	0.00491
30	0.00805	0.00537	0.00604	0.00604	0.00604	0.00537	0.00336	0.00805	0.00805	0.01074	0.01745	0.03624	0.02013	0.80536	0.02819	0.00537	0.00537	0.00805	0.00336	0.00336
31	0.00892	0.00637	0.00892	0.01020	0.01147	0.00637	0.00892	0.01147	0.01275	0.01657	0.02932	0.06247	0.03187	0.01530	0.00765	0.00255	0.00510	0.73354	0.00510	0.00510
32	0.84448	0.01071	0.00814	0.00728	0.01071	0.01242	0.00600	0.01628	0.00943	0.02485	0.00771	0.00900	0.00600	0.00514	0.00343	0.00171	0.00428	0.00300	0.00343	0.00600
33	0.00675	0.00482	0.00643	0.00771	0.00803	0.00450	0.00514	0.00771	0.01060	0.01414	0.03053	0.80175	0.03663	0.01735	0.00707	0.00225	0.00321	0.01574	0.00514	0.00450
34	0.01613	0.01307	0.01385	0.01175	0.01530	0.01487	0.00934	0.26308	0.52332	0.02696	0.01955	0.01828	0.01449	0.00723	0.00560	0.00181	0.00494	0.00585	0.00560	0.00898
35	0.02169	0.01107	0.01351	0.01064	0.01457	0.01091	0.00866	0.27713	0.01886	0.44016	0.01976	0.09658	0.01455	0.00785	0.00571	0.00175	0.00504	0.00640	0.00622	0.00892
36	0.01032	0.00516	0.00516	0.00516	0.00645	0.00516	0.00387	0.01290	0.01161	0.02065	0.01807	0.02065	0.01420	0.00645	0.00387	0.00129	0.00258	0.00516	0.83611	0.00516
37	0.84448	0.01071	0.00814	0.00728	0.01071	0.01242	0.00600	0.01628	0.00943	0.02485	0.00771	0.00900	0.00600	0.00514	0.00343	0.00171	0.00428	0.00300	0.00343	0.00600
38	0.01307	0.01494	0.03268	0.02334	0.02894	0.01401	0.75070	0.01774	0.01307	0.01774	0.01120	0.01494	0.00840	0.00467	0.00654	0.00187	0.00934	0.00654	0.00280	0.00747
39	0.00801	0.00556	0.00700	0.00700	0.00733	0.00589	0.00455	0.00867	0.00834	0.01145	0.01657	0.03140	0.01803	0.54976	0.28091	0.00655	0.00854	0.00734	0.00323	0.00389
40	0.00748	0.00534	0.00726	0.00854	0.00918	0.00513	0.00641	0.00897	0.01132	0.01495	0.03012	0.55436	0.03504	0.01666	0.00726	0.00235	0.00384	0.25594	0.00513	0.00470
41	0.00676	0.00496	0.00636	0.00740	0.00797	0.00455	0.00502	0.00785	0.01107	0.01456	0.06255	0.67257	0.13470	0.01667	0.00698	0.00218	0.00314	0.01498	0.00518	0.00455
42	0.02105	0.01551	0.01662	0.01274	0.01717	0.01717	0.01053	0.75235	0.02604	0.03490	0.01330	0.01330	0.00942	0.00665	0.00554	0.00166	0.00609	0.00499	0.00554	0.00942
43	0.00932	0.00800	0.01160	0.01079	0.01145	0.01028	0.00866	0.01104	0.00876	0.01301	0.01230	0.01853	0.01165	0.03088	0.52734	0.00673	0.27598	0.00557	0.00279	0.00532
44	0.01323	0.01215	0.01967	0.31842	0.41714	0.01324	0.01573	0.09074	0.01340	0.01831	0.01049	0.01407	0.00831	0.00534	0.00551	0.00172	0.00683	0.00494	0.00292	0.00785
45	0.00865	0.00571	0.00748	0.00724	0.00848	0.00527	0.00530	0.01081	0.01438	0.06498	0.54941	0.18485	0.04555	0.04754	0.00754	0.00200	0.00298	0.01076	0.00584	0.00525
46	0.01291	0.00958	0.03759	0.00885	0.01138	0.00953	0.00729	0.22456	0.06606	0.02462	0.18015	0.04082	0.02214	0.00908	0.02580	0.00182	0.00434	0.03376	0.26299	0.00672
47	0.01086	0.00644	0.00728	0.00687	0.00842	0.00685	0.00532	0.08963	0.01246	0.02023	0.01677	0.02015	0.01361	0.01508	0.19520	0.00320	0.00595	0.00533	0.54480	0.00555
48	0.01881	0.22304	0.05472	0.01290	0.01671	0.44004	0.01082	0.12949	0.01593	0.01679	0.00911	0.01028	0.00746	0.00558	0.00472	0.00142	0.00829	0.00365	0.00311	0.00712
49	0.01241	0.46871	0.11838	0.01017	0.01427	0.01640	0.01014	0.01478	0.01074	0.01376	0.01055	0.04900	0.00988	0.01299	0.16311	0.00290	0.02628	0.00436	0.00264	0.02854
50	0.03717	0.14550	0.12667	0.01305	0.01752	0.27255	0.01174	0.27167	0.01784	0.02164	0.01023	0.01117	0.00787	0.00580	0.00496	0.00152	0.00762	0.00402	0.00364	0.00780

[dist]
# distance from previous block
# <min> <max>
11	20

[block]
# block no. 3 follows, 43 sequences, length 34
# corresponding to MSA columns:
# 398-431
name=unknown_D
#
# <colnr> <probs for GDERKNQSTAVLIFYWHMCP>
#	G	D	E	R	K	N	Q	S	T	A	V	L	I	F	Y	W	H	M	C	P
0	0.00718	0.00575	0.00682	0.00750	0.03579	0.00508	0.00509	0.00862	0.01215	0.01551	0.11879	0.27318	0.40159	0.04218	0.00737	0.00206	0.00317	0.01215	0.00505	0.02498
1	0.00797	0.00569	0.00768	0.00768	0.00825	0.00626	0.00540	0.00911	0.00854	0.01195	0.01595	0.02793	0.01653	0.36727	0.46135	0.00739	0.01080	0.00684	0.00313	0.00427
2	0.01216	0.01376	0.05430	0.25530	0.03083	0.01360	0.46457	0.01643	0.01219	0.01643	0.01055	0.01463	0.00799	0.00520	0.00677	0.00188	0.04785	0.00587	0.00266	0.00703
3	0.01148	0.00984	0.01148	0.00820	0.01312	0.00738	0.00656	0.01395	0.01148	0.01805	0.00984	0.01148	0.00820	0.00410	0.00410	0.00082	0.00410	0.00328	0.00328	0.83922
4	0.01161	0.01135	0.01554	0.01339	0.01367	0.03392	0.03119	0.01281	0.00876	0.01310	0.00912	0.01573	0.00929	0.11157	0.06172	0.00312	0.61049	0.00533	0.00259	0.00570
5	0.01190	0.01123	0.03638	0.02528	0.51261	0.01076	0.01361	0.01492	0.01291	0.01830	0.14549	0.02398	0.01899	0.04732	0.00700	0.00193	0.00573	0.07056	0.00356	0.00754
6	0.01121	0.00962	0.01372	0.15475	0.16625	0.00960	0.01025	0.07186	0.01249	0.01753	0.01586	0.22989	0.01606	0.00849	0.00586	0.00166	0.02192	0.00750	0.00370	0.21178
7	0.00675	0.00482	0.00643	0.00771	0.00803	0.00450	0.00514	0.00771	0.01060	0.01414	0.03053	0.80175	0.03663	0.01735	0.00707	0.00225	0.00321	0.01574	0.00514	0.00450
8	0.01414	0.01285	0.01674	0.50090	0.05696	0.08190	0.01381	0.20000	0.01529	0.01944	0.01062	0.01394	0.00792	0.00581	0.00549	0.00176	0.00726	0.00482	0.00328	0.00709
9	0.03648	0.01190	0.01706	0.04171	0.27155	0.03380	0.03826	0.12542	0.01319	0.01865	0.01243	0.01601	0.03053	0.01384	0.16948	0.00330	0.13060	0.00529	0.00324	0.00728
10	0.00800	0.00557	0.00707	0.00707	0.00743	0.00593	0.00464	0.00872	0.00836	0.01150	0.01651	0.03101	0.01786	0.52962	0.30083	0.00664	0.00879	0.00729	0.00322	0.00393
11	0.00803	0.00547	0.00657	0.00657	0.00675	0.00566	0.00401	0.00839	0.00821	0.01113	0.01697	0.03357	0.01897	0.66447	0.16750	0.00602	0.00712	0.00766	0.00328	0.00365
12	0.01559	0.01364	0.01886	0.01848	0.17728	0.01568	0.07161	0.25528	0.08817	0.02263	0.01168	0.01389	0.00931	0.00708	0.00924	0.00191	0.23255	0.00518	0.00384	0.00810
13	0.00953	0.00720	0.01049	0.31958	0.01971	0.00803	0.00892	0.01257	0.01278	0.01859	0.26923	0.02533	0.02439	0.00774	0.00544	0.00167	0.00451	0.00671	0.22201	0.00558
14	0.01038	0.00703	0.00973	0.31897	0.01909	0.00801	0.00846	0.01340	0.01140	0.01806	0.01479	0.01830	0.01148	0.00609	0.00454	0.00151	0.00450	0.00507	0.50366	0.00556
15	0.00675	0.00482	0.00643	0.00771	0.00803	0.00450	0.00514	0.00771	0.01060	0.01414	0.03053	0.80175	0.03663	0.01735	0.00707	0.00225	0.00321	0.01574	0.00514	0.00450
16	0.00805	0.00537	0.00604	0.00604	0.00604	0.00537	0.00336	0.00805	0.00805	0.01074	0.01745	0.03624	0.02013	0.80536	0.02819	0.00537	0.00537	0.00805	0.00336	0.00336
17	0.01481	0.80869	0.02902	0.00948	0.01421	0.02191	0.00948	0.01658	0.01125	0.01303	0.00770	0.00888	0.00711	0.00474	0.00355	0.00118	0.00592	0.00296	0.00237	0.00711
18	0.01481	0.80869	0.02902	0.00948	0.01421	0.02191	0.00948	0.01658	0.01125	0.01303	0.00770	0.00888	0.00711	0.00474	0.00355	0.00118	0.00592	0.00296	0.00237	0.00711
19	0.01212	0.01212	0.01696	0.01454	0.01454	0.01696	0.01212	0.01333	0.00848	0.01333	0.00727	0.01212	0.00727	0.00969	0.01818	0.00242	0.79523	0.00485	0.00242	0.00606
20	0.42654	0.00865	0.00878	0.08685	0.01281	0.00962	0.00699	0.01369	0.01152	0.02167	0.19159	0.05437	0.03726	0.00835	0.00501	0.00184	0.00421	0.08036	0.00423	0.00565
21	0.00784	0.00566	0.00740	0.00697	0.00827	0.00523	0.00523	0.01045	0.01568	0.02221	0.76789	0.04137	0.05226	0.01132	0.00653	0.00174	0.00261	0.01002	0.00610	0.00523
22	0.09079	0.73562	0.02711	0.00928	0.01389	0.02105	0.00916	0.01656	0.01109	0.01411	0.00770	0.00889	0.00701	0.00478	0.00354	0.00123	0.00577	0.00296	0.00247	0.00701
23	0.06097	0.06553	0.19628	0.01402	0.01826	0.52218	0.01271	0.02045	0.01420	0.01506	0.00880	0.01028	0.00705	0.00552	0.00490	0.00151	0.00906	0.00363	0.00274	0.00685
24	0.00746	0.00604	0.00673	0.00694	0.00857	0.00555	0.00527	0.01007	0.06843	0.01614	0.09755	0.16526	0.47068	0.01399	0.00667	0.00199	0.00322	0.08914	0.00524	0.00504
25	0.01350	0.01295	0.02210	0.08287	0.72358	0.01310	0.01689	0.01681	0.01251	0.01784	0.01038	0.01378	0.00868	0.00497	0.00549	0.00166	0.00663	0.00493	0.00272	0.00860
26	0.01679	0.01585	0.05799	0.01522	0.11172	0.10442	0.01125	0.26127	0.29898	0.02491	0.01567	0.01565	0.01176	0.00657	0.00549	0.00172	0.00608	0.00524	0.00473	0.00867
27	0.00784	0.00566	0.00740	0.00697	0.00827	0.00523	0.00523	0.01045	0.01568	0.02221	0.76789	0.04137	0.05226	0.01132	0.00653	0.00174	0.00261	0.01002	0.00610	0.00523
28	0.01869	0.01434	0.01529	0.01227	0.01627	0.01607	0.00996	0.51773	0.26450	0.03110	0.01630	0.01569	0.01185	0.00693	0.00557	0.00173	0.00554	0.00540	0.00557	0.00921
29	0.00802	0.00604	0.00756	0.00830	0.00971	0.00571	0.00689	0.01000	0.01240	0.01563	0.03806	0.05753	0.29247	0.06579	0.00858	0.00249	0.00430	0.43068	0.00500	0.00484
30	0.01260	0.01087	0.01140	0.01035	0.01327	0.01229	0.00802	0.02593	0.63901	0.02183	0.02801	0.02598	0.13927	0.00857	0.00578	0.00188	0.00413	0.00715	0.00556	0.00810
31	0.01307	0.01494	0.03268	0.02334	0.02894	0.01401	0.75070	0.01774	0.01307	0.01774	0.01120	0.01494	0.00840	0.00467	0.00654	0.00187	0.00934	0.00654	0.00280	0.00747
32	0.00962	0.00481	0.00722	0.00722	0.00722	0.00481	0.00481	0.00722	0.00722	0.00962	0.00962	0.01684	0.00962	0.01924	0.02165	0.83886	0.00481	0.00481	0.00241	0.00241
33	0.01371	0.01316	0.02248	0.03399	0.77081	0.01316	0.01700	0.01700	0.01261	0.01809	0.01042	0.01371	0.00877	0.00493	0.00548	0.00164	0.00658	0.00493	0.00274	0.00877

[dist]
# distance from previous block
# <min> <max>
0	1

[block]
# block no. 4 follows, 43 sequences, length 39
# corresponding to MSA columns:
# 433-471
name=unknown_E
#
# <colnr> <probs for GDERKNQSTAVLIFYWHMCP>
#	G	D	E	R	K	N	Q	S	T	A	V	L	I	F	Y	W	H	M	C	P
0	0.01753	0.01118	0.01262	0.01065	0.01414	0.01201	0.00848	0.10847	0.41989	0.23858	0.02103	0.01932	0.01499	0.00716	0.00550	0.00177	0.00456	0.00585	0.05745	0.00880
1	0.04448	0.47361	0.12670	0.01346	0.01879	0.01845	0.17884	0.03897	0.01210	0.01578	0.00896	0.01076	0.00742	0.00486	0.00451	0.00145	0.00694	0.00398	0.00260	0.00736
2	0.06472	0.01225	0.01653	0.01452	0.09056	0.01322	0.07767	0.16308	0.01378	0.02071	0.01022	0.01272	0.00836	0.00633	0.00831	0.00165	0.20818	0.00454	0.03261	0.22006
3	0.01221	0.01327	0.02741	0.27548	0.03196	0.01345	0.50951	0.01656	0.01242	0.01656	0.01076	0.01488	0.00807	0.00495	0.00621	0.00186	0.00870	0.00601	0.00269	0.00704
4	0.00668	0.00532	0.00600	0.00645	0.00772	0.00464	0.00460	0.00798	0.01202	0.01499	0.07966	0.32938	0.46482	0.01513	0.00674	0.00200	0.00295	0.01311	0.00519	0.00464
5	0.00675	0.00482	0.00643	0.00771	0.00803	0.00450	0.00514	0.00771	0.01060	0.01414	0.03053	0.80175	0.03663	0.01735	0.00707	0.00225	0.00321	0.01574	0.00514	0.00450
6	0.00703	0.00563	0.00628	0.00612	0.00778	0.00488	0.00459	0.00889	0.01377	0.01768	0.32287	0.04883	0.50011	0.01301	0.00654	0.00182	0.00273	0.01106	0.00550	0.00488
7	0.00850	0.00582	0.00754	0.00702	0.00848	0.00532	0.00530	0.01103	0.01552	0.05431	0.69647	0.04105	0.09004	0.01128	0.00649	0.00175	0.00271	0.00992	0.00608	0.00538
8	0.01212	0.01212	0.01696	0.01454	0.01454	0.01696	0.01212	0.01333	0.00848	0.01333	0.00727	0.01212	0.00727	0.00969	0.01818	0.00242	0.79523	0.00485	0.00242	0.00606
9	0.84448	0.01071	0.00814	0.00728	0.01071	0.01242	0.00600	0.01628	0.00943	0.02485	0.00771	0.00900	0.00600	0.00514	0.00343	0.00171	0.00428	0.00300	0.00343	0.00600
10	0.18170	0.03811	0.01278	0.00955	0.01369	0.01008	0.00794	0.07538	0.01517	0.55209	0.01804	0.01622	0.01170	0.00644	0.00509	0.00169	0.00477	0.00494	0.00595	0.00869
11	0.02201	0.01472	0.01414	0.01139	0.01527	0.18644	0.00914	0.21704	0.01824	0.35828	0.01616	0.01530	0.01099	0.00647	0.00533	0.00160	0.00617	0.00490	0.04134	0.02508
12	0.01081	0.01541	0.26197	0.01199	0.01612	0.01071	0.03379	0.01868	0.25972	0.01877	0.04745	0.17145	0.05151	0.00931	0.00597	0.00193	0.00545	0.03735	0.00435	0.00727
13	0.01457	0.10629	0.34992	0.03978	0.09832	0.23833	0.01567	0.01847	0.01278	0.01572	0.00926	0.01122	0.00726	0.00547	0.00549	0.00161	0.03587	0.00396	0.00254	0.00748
14	0.01148	0.10752	0.70107	0.01515	0.02298	0.01378	0.01935	0.01744	0.01165	0.01708	0.00971	0.01141	0.00702	0.00521	0.00509	0.00170	0.00796	0.00398	0.00234	0.00808
15	0.25033	0.21449	0.10997	0.01116	0.01538	0.19684	0.01028	0.08603	0.01315	0.01907	0.00869	0.00999	0.00701	0.00542	0.00454	0.00153	0.02260	0.00348	0.00307	0.00696
16	0.01427	0.02304	0.49575	0.01474	0.02144	0.01338	0.04106	0.19145	0.01542	0.06780	0.01226	0.01461	0.00901	0.00606	0.00548	0.00176	0.00740	0.03315	0.00349	0.00841
17	0.01381	0.59907	0.22994	0.01117	0.01684	0.01948	0.01243	0.01684	0.01137	0.01424	0.00830	0.00964	0.00708	0.00488	0.00401	0.00134	0.00653	0.00327	0.00236	0.00740
18	0.02076	0.01575	0.01629	0.01262	0.01690	0.05239	0.01036	0.69960	0.02519	0.03355	0.01320	0.01333	0.00943	0.00660	0.00547	0.00164	0.00619	0.00492	0.02662	0.00917
19	0.00791	0.00593	0.00890	0.00890	0.00989	0.00692	0.00692	0.00989	0.00890	0.01286	0.01483	0.02176	0.01385	0.04154	0.78341	0.00890	0.01483	0.00593	0.00297	0.00494
20	0.00703	0.00560	0.00630	0.00619	0.00779	0.00487	0.00462	0.00886	0.01368	0.01761	0.31826	0.07611	0.47719	0.01315	0.00656	0.00184	0.00275	0.01122	0.00550	0.00487
21	0.01378	0.01190	0.01252	0.01127	0.01440	0.01378	0.00877	0.02943	0.76081	0.02317	0.02254	0.02066	0.01691	0.00751	0.00564	0.00188	0.00438	0.00626	0.00564	0.00877
22	0.00806	0.00600	0.00860	0.00887	0.01000	0.00653	0.00711	0.01019	0.01053	0.01454	0.07529	0.03472	0.06693	0.03147	0.49654	0.00645	0.01092	0.17844	0.00383	0.00499
23	0.00773	0.00566	0.00725	0.00686	0.00821	0.00518	0.00514	0.01024	0.01542	0.02161	0.70886	0.04236	0.11166	0.01155	0.00653	0.00175	0.00263	0.01015	0.00602	0.00518
24	0.01251	0.01193	0.02031	0.31418	0.50001	0.01284	0.01640	0.01594	0.01204	0.01664	0.01021	0.01410	0.00826	0.00516	0.00550	0.00172	0.00688	0.00493	0.00264	0.00780
25	0.00784	0.00566	0.00740	0.00697	0.00827	0.00523	0.00523	0.01045	0.01568	0.02221	0.76789	0.04137	0.05226	0.01132	0.00653	0.00174	0.00261	0.01002	0.00610	0.00523
26	0.01148	0.00984	0.01148	0.00820	0.01312	0.00738	0.00656	0.01395	0.01148	0.01805	0.00984	0.01148	0.00820	0.00410	0.00410	0.00082	0.00410	0.00328	0.00328	0.83922
27	0.01357	0.01302	0.02223	0.06622	0.73966	0.01312	0.01693	0.01688	0.01255	0.01793	0.01039	0.01375	0.00871	0.00496	0.00549	0.00165	0.00661	0.00493	0.00273	0.00866
28	0.00675	0.00482	0.00643	0.00771	0.00803	0.00450	0.00514	0.00771	0.01060	0.01414	0.03053	0.80175	0.03663	0.01735	0.00707	0.00225	0.00321	0.01574	0.00514	0.00450
29	0.84448	0.01071	0.00814	0.00728	0.01071	0.01242	0.00600	0.01628	0.00943	0.02485	0.00771	0.00900	0.00600	0.00514	0.00343	0.00171	0.00428	0.00300	0.00343	0.00600
30	0.01032	0.00516	0.00516	0.00516	0.00645	0.00516	0.00387	0.01290	0.01161	0.02065	0.01807	0.02065	0.01420	0.00645	0.00387	0.00129	0.00258	0.00516	0.83611	0.00516
31	0.00694	0.00496	0.00664	0.00787	0.00829	0.00466	0.00542	0.00808	0.01093	0.01459	0.05535	0.72254	0.03681	0.01700	0.00709	0.00225	0.00333	0.06751	0.00517	0.00457
32	0.01291	0.40763	0.41342	0.01272	0.01923	0.01726	0.01512	0.01708	0.01148	0.01535	0.00885	0.01033	0.00706	0.00501	0.00443	0.00148	0.00709	0.00354	0.00235	0.00766
33	0.01032	0.00516	0.00516	0.00516	0.00645	0.00516	0.00387	0.01290	0.01161	0.02065	0.01807	0.02065	0.01420	0.00645	0.00387	0.00129	0.00258	0.00516	0.83611	0.00516
34	0.01270	0.01204	0.02031	0.16037	0.58715	0.01243	0.01593	0.01596	0.01236	0.01725	0.01271	0.01739	0.03524	0.00580	0.00562	0.00173	0.00652	0.03758	0.00288	0.00803
35	0.01317	0.01333	0.02488	0.02917	0.49551	0.01300	0.24927	0.01683	0.01284	0.01801	0.03162	0.01585	0.02961	0.00525	0.00587	0.00172	0.00725	0.00575	0.00291	0.00816
36	0.00763	0.00576	0.00816	0.00846	0.00934	0.00554	0.03280	0.00937	0.01234	0.01687	0.24828	0.46053	0.03908	0.01472	0.00722	0.00212	0.02340	0.07818	0.00527	0.00492
37	0.01302	0.01369	0.01511	0.49955	0.02911	0.21443	0.01288	0.01596	0.01238	0.01455	0.01156	0.01514	0.03064	0.00591	0.00529	0.00169	0.00754	0.00479	0.07067	0.00610
38	0.07962	0.69492	0.04589	0.00954	0.01420	0.02062	0.00946	0.01709	0.04059	0.01447	0.00834	0.00943	0.00740	0.00489	0.00367	0.00127	0.00579	0.00312	0.00258	0.00711

[dist]
# distance from previous block
# <min> <max>
4	37

[block]
# block no. 5 follows, 43 sequences, length 61
# corresponding to MSA columns:
# 509-569
name=unknown_F
#
# <colnr> <probs for GDERKNQSTAVLIFYWHMCP>
#	G	D	E	R	K	N	Q	S	T	A	V	L	I	F	Y	W	H	M	C	P
0	0.03842	0.01320	0.09651	0.01256	0.01615	0.01190	0.14188	0.25639	0.01558	0.04878	0.01404	0.02085	0.01247	0.26194	0.01288	0.00290	0.00656	0.00612	0.00400	0.00690
1	0.05525	0.00896	0.01268	0.41716	0.02412	0.01050	0.01046	0.08290	0.01143	0.01559	0.01256	0.02138	0.01170	0.26854	0.01287	0.00298	0.00643	0.00585	0.00310	0.00554
2	0.01043	0.00972	0.01855	0.16726	0.02178	0.01020	0.26937	0.01315	0.01058	0.01442	0.01193	0.01738	0.01014	0.01877	0.26359	0.10821	0.01020	0.00581	0.00274	0.00575
3	0.07041	0.24500	0.01955	0.01259	0.01546	0.31216	0.03148	0.01785	0.01225	0.01419	0.00826	0.01055	0.00732	0.00728	0.03112	0.00182	0.16975	0.00378	0.00267	0.00650
4	0.01512	0.00839	0.01011	0.00869	0.01163	0.00785	0.00707	0.11986	0.01579	0.27432	0.07480	0.03653	0.27584	0.01058	0.00621	0.00187	0.00419	0.09831	0.00582	0.00703
5	0.00851	0.00722	0.00989	0.00996	0.01017	0.00860	0.00743	0.00956	0.00991	0.01387	0.02288	0.54218	0.02698	0.01483	0.01072	0.00231	0.26356	0.01216	0.00425	0.00501
6	0.01032	0.00516	0.00516	0.00516	0.00645	0.00516	0.00387	0.01290	0.01161	0.02065	0.01807	0.02065	0.01420	0.00645	0.00387	0.00129	0.00258	0.00516	0.83611	0.00516
7	0.00666	0.00518	0.00606	0.00676	0.00778	0.00458	0.00472	0.00782	0.01152	0.01451	0.04207	0.46396	0.36696	0.01585	0.00683	0.00208	0.00303	0.01391	0.00514	0.00458
8	0.21198	0.01705	0.01613	0.01873	0.25698	0.25998	0.01156	0.09650	0.02822	0.02010	0.00972	0.01150	0.00782	0.00546	0.00485	0.00160	0.00704	0.00407	0.00329	0.00744
9	0.01032	0.00516	0.00516	0.00516	0.00645	0.00516	0.00387	0.01290	0.01161	0.02065	0.01807	0.02065	0.01420	0.00645	0.00387	0.00129	0.00258	0.00516	0.83611	0.00516
10	0.01816	0.02219	0.01607	0.01435	0.01636	0.55752	0.01112	0.01953	0.01357	0.01349	0.00818	0.01061	0.00717	0.00688	0.00888	0.00172	0.24121	0.00394	0.00273	0.00631
11	0.00751	0.00537	0.00730	0.00858	0.00924	0.00516	0.00647	0.00903	0.01136	0.01499	0.03010	0.54227	0.03496	0.01663	0.00727	0.00235	0.00388	0.26768	0.00513	0.00471
12	0.01378	0.01190	0.01252	0.01127	0.01440	0.01378	0.00877	0.02943	0.76081	0.02317	0.02254	0.02066	0.01691	0.00751	0.00564	0.00188	0.00438	0.00626	0.00564	0.00877
13	0.00726	0.00564	0.00660	0.00636	0.00792	0.00498	0.00477	0.00933	0.01431	0.01896	0.44890	0.04672	0.37328	0.01253	0.00654	0.00180	0.00270	0.01077	0.00567	0.00498
14	0.01212	0.01212	0.01696	0.01454	0.01454	0.01696	0.01212	0.01333	0.00848	0.01333	0.00727	0.01212	0.00727	0.00969	0.01818	0.00242	0.79523	0.00485	0.00242	0.00606
15	0.01239	0.01032	0.01149	0.01096	0.01357	0.01166	0.00881	0.02430	0.54708	0.02128	0.02448	0.03261	0.02118	0.00974	0.00621	0.00207	0.00459	0.21406	0.00548	0.00772
16	0.01371	0.01316	0.02248	0.03399	0.77081	0.01316	0.01700	0.01700	0.01261	0.01809	0.01042	0.01371	0.00877	0.00493	0.00548	0.00164	0.00658	0.00493	0.00274	0.00877
17	0.00791	0.00593	0.00890	0.00890	0.00989	0.00692	0.00692	0.00989	0.00890	0.01286	0.01483	0.02176	0.01385	0.04154	0.78341	0.00890	0.01483	0.00593	0.00297	0.00494
18	0.01693	0.01332	0.01639	0.28619	0.02438	0.01528	0.01213	0.45303	0.06166	0.02697	0.01260	0.01422	0.00912	0.00631	0.00554	0.00174	0.00645	0.00503	0.00446	0.00824
19	0.10220	0.01523	0.01482	0.01188	0.01591	0.08733	0.00962	0.46752	0.12574	0.02931	0.01340	0.01349	0.00984	0.00639	0.00521	0.00163	0.00593	0.00474	0.00496	0.05487
20	0.01489	0.01301	0.01306	0.01150	0.01475	0.05681	0.00900	0.11494	0.61721	0.02388	0.02131	0.01982	0.02993	0.00744	0.00561	0.00183	0.00487	0.00606	0.00546	0.00863
21	0.01252	0.32560	0.49205	0.01338	0.02026	0.01631	0.01628	0.01718	0.01153	0.01582	0.00909	0.01062	0.00705	0.00506	0.00461	0.00154	0.00732	0.00366	0.00235	0.00777
22	0.01882	0.01424	0.01524	0.01222	0.01623	0.01591	0.00992	0.50780	0.25891	0.04670	0.01641	0.01575	0.01188	0.00693	0.00557	0.00173	0.00552	0.00540	0.00560	0.00921
23	0.30634	0.48509	0.02095	0.00897	0.01315	0.06093	0.00832	0.01678	0.01086	0.01721	0.00775	0.00899	0.00672	0.00493	0.00359	0.00138	0.00557	0.00301	0.00277	0.00668
24	0.01096	0.00916	0.01100	0.05229	0.01374	0.00730	0.00679	0.01338	0.01139	0.01764	0.01204	0.07846	0.01087	0.00542	0.00442	0.00102	0.00413	0.00452	0.04972	0.67574
25	0.04198	0.01151	0.01804	0.28708	0.33861	0.01244	0.01430	0.08069	0.01353	0.06808	0.05154	0.01568	0.01090	0.00576	0.00550	0.00173	0.00640	0.00518	0.00336	0.00769
26	0.00805	0.00537	0.00604	0.00604	0.00604	0.00537	0.00336	0.00805	0.00805	0.01074	0.01745	0.03624	0.02013	0.80536	0.02819	0.00537	0.00537	0.00805	0.00336	0.00336
27	0.01645	0.19485	0.21910	0.01418	0.01900	0.37072	0.05769	0.01946	0.01353	0.01474	0.00890	0.01050	0.00717	0.00532	0.00485	0.00149	0.00860	0.00375	0.00261	0.00709
28	0.01200	0.01015	0.01176	0.00845	0.01334	0.00791	0.00677	0.05339	0.01226	0.01895	0.01003	0.01158	0.00827	0.00424	0.00418	0.00087	0.00421	0.00337	0.00340	0.79489
29	0.01408	0.01484	0.01654	0.06274	0.26093	0.21304	0.01228	0.01730	0.06361	0.01556	0.01128	0.01467	0.00966	0.01287	0.15657	0.00309	0.08610	0.00485	0.00297	0.00701
30	0.00783	0.00614	0.00692	0.00691	0.00826	0.00597	0.00502	0.01024	0.07388	0.01462	0.05065	0.06320	0.36799	0.20074	0.10372	0.00356	0.00510	0.04994	0.00453	0.00477
31	0.01901	0.02360	0.01594	0.01432	0.01662	0.63295	0.01098	0.02039	0.01428	0.01351	0.00831	0.01040	0.00716	0.00649	0.00758	0.00162	0.16390	0.00382	0.00277	0.00635
32	0.00675	0.00482	0.00643	0.00771	0.00803	0.00450	0.00514	0.00771	0.01060	0.01414	0.03053	0.80175	0.03663	0.01735	0.00707	0.00225	0.00321	0.01574	0.00514	0.00450
33	0.01159	0.01258	0.00949	0.00952	0.01109	0.27783	0.00687	0.01282	0.01287	0.01413	0.02886	0.34689	0.19933	0.01248	0.00622	0.00187	0.00549	0.01051	0.00434	0.00521
34	0.01032	0.00516	0.00516	0.00516	0.00645	0.00516	0.00387	0.01290	0.01161	0.02065	0.01807	0.02065	0.01420	0.00645	0.00387	0.00129	0.00258	0.00516	0.83611	0.00516
35	0.01148	0.00984	0.01148	0.00820	0.01312	0.00738	0.00656	0.01395	0.01148	0.01805	0.00984	0.01148	0.00820	0.00410	0.00410	0.00082	0.00410	0.00328	0.00328	0.83922
36	0.30361	0.02235	0.50693	0.01280	0.01932	0.01271	0.01539	0.01710	0.01090	0.02010	0.00916	0.01075	0.00666	0.00522	0.00462	0.00174	0.00682	0.00371	0.00272	0.00742
37	0.00957	0.00844	0.01376	0.51703	0.02803	0.01034	0.01223	0.01256	0.01027	0.01359	0.01173	0.01795	0.00997	0.05689	0.24028	0.00414	0.00952	0.00538	0.00266	0.00565
38	0.00694	0.00560	0.00617	0.00608	0.00773	0.00484	0.00454	0.00870	0.01349	0.01713	0.27028	0.06951	0.53298	0.01330	0.00656	0.00184	0.00276	0.01129	0.00543	0.00484
39	0.00668	0.00510	0.00614	0.00697	0.00784	0.00456	0.00481	0.00779	0.01131	0.01443	0.03950	0.53905	0.29353	0.01618	0.00689	0.00212	0.00307	0.01432	0.00514	0.00456
40	0.00739	0.00586	0.00680	0.00728	0.00890	0.00527	0.00589	0.00918	0.01261	0.01550	0.04595	0.07875	0.48826	0.01457	0.00695	0.00212	0.00362	0.26517	0.00513	0.00482
41	0.01180	0.00965	0.00968	0.00838	0.01099	0.04861	0.00658	0.23194	0.01723	0.02188	0.14103	0.03741	0.40117	0.01101	0.00616	0.00177	0.00413	0.00903	0.00528	0.00626
42	0.01777	0.01978	0.28318	0.01365	0.01939	0.01516	0.01388	0.45409	0.02044	0.06996	0.01259	0.01304	0.00881	0.00617	0.00544	0.00170	0.00675	0.00471	0.00449	0.00899
43	0.02069	0.02640	0.01569	0.01427	0.01712	0.78313	0.01070	0.02212	0.01569	0.01355	0.00856	0.00999	0.00713	0.00571	0.00499	0.00143	0.00999	0.00357	0.00285	0.00642
44	0.55547	0.01240	0.01112	0.00920	0.01298	0.01409	0.00759	0.27463	0.01526	0.02838	0.00967	0.01051	0.00720	0.00567	0.00417	0.00170	0.00492	0.00370	0.00417	0.00720
45	0.00786	0.00540	0.00599	0.00599	0.00623	0.00528	0.00347	0.00804	0.00864	0.01128	0.02243	0.03844	0.11650	0.70348	0.02540	0.00492	0.00504	0.00852	0.00359	0.00353
46	0.00792	0.00591	0.00720	0.00777	0.00901	0.00558	0.00618	0.00957	0.01178	0.01486	0.03640	0.05411	0.28814	0.16971	0.01129	0.00286	0.00435	0.33798	0.00477	0.00461
47	0.01212	0.01212	0.01696	0.01454	0.01454	0.01696	0.01212	0.01333	0.00848	0.01333	0.00727	0.01212	0.00727	0.00969	0.01818	0.00242	0.79523	0.00485	0.00242	0.00606
48	0.01063	0.00831	0.01019	0.01058	0.01250	0.00897	0.00887	0.01778	0.27531	0.01889	0.02694	0.04780	0.02662	0.01257	0.00694	0.00231	0.00485	0.47827	0.00529	0.00639
49	0.00694	0.00531	0.00643	0.00722	0.00825	0.00480	0.00526	0.00827	0.01164	0.01475	0.04011	0.42494	0.31468	0.01583	0.00694	0.00214	0.00329	0.10342	0.00514	0.00464
50	0.01328	0.01412	0.01658	0.28859	0.02351	0.17451	0.03304	0.01556	0.01114	0.01405	0.00895	0.01299	0.00756	0.00714	0.01013	0.00196	0.30328	0.00466	0.03277	0.00617
51	0.00685	0.00562	0.00603	0.00593	0.00767	0.00480	0.00445	0.00854	0.01334	0.01666	0.22339	0.05050	0.60021	0.01339	0.00654	0.00184	0.00276	0.01130	0.00537	0.00480
52	0.10478	0.27772	0.19326	0.10398	0.11689	0.01605	0.04017	0.05745	0.01219	0.01752	0.00924	0.01129	0.00739	0.00512	0.00462	0.00156	0.00664	0.00394	0.00273	0.00748
53	0.02237	0.00555	0.00701	0.00772	0.00863	0.00528	0.00559	0.00948	0.03501	0.01649	0.17399	0.46597	0.11049	0.01513	0.00687	0.00212	0.00331	0.08882	0.00531	0.00488
54	0.01310	0.56202	0.10886	0.01039	0.02906	0.01775	0.01026	0.01546	0.01165	0.01442	0.05298	0.05348	0.02977	0.00654	0.00440	0.00143	0.00576	0.04289	0.00292	0.00687
55	0.01327	0.01108	0.01455	0.01282	0.05380	0.01144	0.09168	0.04311	0.36508	0.05911	0.07803	0.04919	0.01785	0.00739	0.00568	0.00172	0.00491	0.02693	0.00489	0.12746
56	0.06039	0.01104	0.01438	0.07067	0.09353	0.01034	0.03429	0.09758	0.04939	0.15642	0.01297	0.01390	0.00962	0.00530	0.00489	0.00137	0.00513	0.00441	0.00416	0.34023
57	0.01585	0.03302	0.03475	0.24159	0.02097	0.07456	0.01036	0.01885	0.02828	0.25488	0.10387	0.01832	0.01495	0.00650	0.00540	0.00162	0.00575	0.00538	0.00446	0.10065
58	0.05449	0.01109	0.01365	0.01397	0.13913	0.06966	0.04829	0.10553	0.03538	0.06366	0.21908	0.02193	0.02151	0.00742	0.00586	0.00164	0.02924	0.00626	0.10170	0.03051
59	0.01470	0.05842	0.06388	0.01619	0.06103	0.02717	0.24340	0.11161	0.15387	0.06112	0.02847	0.01545	0.01108	0.00570	0.00559	0.00165	0.00663	0.00545	0.00396	0.10464
60	0.01421	0.01468	0.09331	0.10157	0.02024	0.06803	0.11791	0.14258	0.11294	0.03972	0.03491	0.01735	0.03185	0.00661	0.00629	0.00172	0.05041	0.02526	0.00391	0.09650

[dist]
# distance from previous block
# <min> <max>
40	82

[block]
# block no. 6 follows, 43 sequences, length 27
# corresponding to MSA columns:
# 672-698
name=unknown_G
#
# <colnr> <probs for GDERKNQSTAVLIFYWHMCP>
#	G	D	E	R	K	N	Q	S	T	A	V	L	I	F	Y	W	H	M	C	P
0	0.15239	0.17472	0.01799	0.01561	0.17060	0.22871	0.01058	0.05951	0.01357	0.05165	0.02430	0.03725	0.00950	0.00585	0.00470	0.00153	0.00673	0.00432	0.00329	0.00719
1	0.04888	0.01775	0.01545	0.01266	0.01638	0.30287	0.05101	0.23129	0.01762	0.06464	0.03127	0.03609	0.01038	0.00625	0.00520	0.00150	0.00717	0.00473	0.00408	0.11477
2	0.01405	0.02301	0.42167	0.01627	0.04532	0.09988	0.08740	0.08802	0.01354	0.04916	0.01048	0.01236	0.00774	0.00585	0.00660	0.00178	0.08148	0.00451	0.00295	0.00791
3	0.01181	0.01194	0.01682	0.01385	0.01662	0.10568	0.22760	0.06211	0.01335	0.01680	0.02318	0.18417	0.13109	0.01025	0.00726	0.00198	0.05816	0.07720	0.00401	0.00613
4	0.02139	0.01732	0.01599	0.01277	0.01682	0.19135	0.01030	0.50406	0.02253	0.11290	0.01317	0.01316	0.00938	0.00646	0.00542	0.00161	0.00683	0.00473	0.00507	0.00873
5	0.00884	0.00672	0.00780	0.00719	0.00900	0.00635	0.00547	0.09262	0.01562	0.02088	0.41571	0.07113	0.28801	0.01194	0.00645	0.00180	0.00309	0.01023	0.00568	0.00548
6	0.01263	0.00677	0.00866	0.00755	0.00986	0.00598	0.00588	0.01486	0.01510	0.24459	0.39981	0.03712	0.18783	0.01055	0.00625	0.00176	0.00328	0.00904	0.00613	0.00636
7	0.01938	0.06064	0.20057	0.01307	0.01837	0.06159	0.09455	0.02277	0.01427	0.41437	0.01612	0.01554	0.01070	0.00603	0.00545	0.00169	0.00648	0.00504	0.00480	0.00858
8	0.01306	0.01233	0.02139	0.42938	0.03180	0.01365	0.23332	0.14211	0.01424	0.01879	0.01084	0.01456	0.00804	0.00547	0.00583	0.00182	0.00774	0.00541	0.00309	0.00711
9	0.00655	0.00561	0.00561	0.00561	0.00748	0.00468	0.00421	0.00795	0.01262	0.01496	0.05610	0.05330	0.76857	0.01403	0.00655	0.00187	0.00281	0.01169	0.00514	0.00468
10	0.00655	0.00561	0.00561	0.00561	0.00748	0.00468	0.00421	0.00795	0.01262	0.01496	0.05610	0.05330	0.76857	0.01403	0.00655	0.00187	0.00281	0.01169	0.00514	0.00468
11	0.02201	0.13209	0.08890	0.01037	0.01510	0.01068	0.00953	0.02451	0.01476	0.58656	0.01856	0.01665	0.01207	0.00638	0.00524	0.00164	0.00523	0.00503	0.00574	0.00896
12	0.01481	0.80869	0.02902	0.00948	0.01421	0.02191	0.00948	0.01658	0.01125	0.01303	0.00770	0.00888	0.00711	0.00474	0.00355	0.00118	0.00592	0.00296	0.00237	0.00711
13	0.00805	0.00537	0.00604	0.00604	0.00604	0.00537	0.00336	0.00805	0.00805	0.01074	0.01745	0.03624	0.02013	0.80536	0.02819	0.00537	0.00537	0.00805	0.00336	0.00336
14	0.02261	0.01221	0.01451	0.01110	0.01548	0.01222	0.00916	0.35649	0.02032	0.40886	0.01749	0.01604	0.01154	0.00665	0.00550	0.00166	0.00532	0.00522	0.00612	0.04150
15	0.01371	0.57661	0.25147	0.01135	0.01712	0.01922	0.01275	0.01687	0.01138	0.01437	0.00837	0.00972	0.00708	0.00489	0.00406	0.00135	0.00660	0.00330	0.00236	0.00743
16	0.00722	0.00567	0.00671	0.00670	0.00800	0.00547	0.00492	0.00862	0.01092	0.01392	0.05985	0.04097	0.40888	0.14175	0.24096	0.00449	0.00677	0.00938	0.00425	0.00457
17	0.01111	0.02865	0.77667	0.01579	0.02397	0.01286	0.02046	0.01754	0.01169	0.01754	0.00994	0.01169	0.00702	0.00526	0.00526	0.00175	0.00818	0.00409	0.00234	0.00818
18	0.01505	0.01320	0.01320	0.01163	0.01489	0.06083	0.00909	0.11385	0.62936	0.02396	0.02061	0.01915	0.01543	0.00730	0.00559	0.00183	0.00492	0.00595	0.00546	0.00870
19	0.01351	0.53591	0.29048	0.01168	0.01763	0.01875	0.01332	0.01692	0.01141	0.01461	0.00848	0.00987	0.00708	0.00492	0.00415	0.00138	0.00671	0.00336	0.00236	0.00748
20	0.01455	0.01242	0.01787	0.01423	0.01757	0.01337	0.17402	0.26638	0.05876	0.02310	0.03595	0.04623	0.03839	0.00849	0.00771	0.00195	0.10468	0.11091	0.00442	0.02898
