[name]
unknown

[dist]
# distance from previous block
# <min> <max>
3	38

[block]
# block no. 0 follows, 42 sequences, length 32
# corresponding to MSA columns:
# 55-86
name=unknown_A
#
# <colnr> <probs for GDERKNQSTAVLIFYWHMCP>
#	G	D	E	R	K	N	Q	S	T	A	V	L	I	F	Y	W	H	M	C	P
0	0.00799	0.00624	0.00698	0.00713	0.00864	0.00588	0.00523	0.01065	0.10036	0.01547	0.04173	0.19221	0.42636	0.01476	0.00840	0.09568	0.00342	0.03293	0.00497	0.00496
1	0.01828	0.01437	0.01634	0.01507	0.10581	0.01593	0.01094	0.44480	0.24503	0.02984	0.01599	0.01582	0.01179	0.00681	0.00565	0.00175	0.00573	0.00545	0.00532	0.00929
2	0.01609	0.01433	0.10378	0.01185	0.01599	0.01355	0.01039	0.19690	0.37428	0.10017	0.02123	0.02004	0.06084	0.00750	0.00571	0.00182	0.00526	0.00607	0.00540	0.00880
3	0.00765	0.00569	0.00693	0.00711	0.00848	0.00524	0.00528	0.00934	0.01261	0.03415	0.18200	0.21054	0.33327	0.01766	0.09880	0.00283	0.00449	0.03775	0.00519	0.00498
4	0.00773	0.00520	0.00643	0.00704	0.00781	0.00488	0.00488	0.00928	0.01193	0.01692	0.16997	0.44015	0.08136	0.05319	0.00757	0.00216	0.00312	0.01245	0.14317	0.00478
5	0.61072	0.01091	0.00954	0.00841	0.01170	0.01256	0.00686	0.09767	0.04833	0.02485	0.01007	0.01176	0.00798	0.00991	0.09622	0.00261	0.00584	0.00379	0.00378	0.00649
6	0.06161	0.00931	0.09879	0.00829	0.01090	0.00713	0.00732	0.01301	0.05191	0.05732	0.37329	0.07309	0.18494	0.01081	0.00622	0.00183	0.00370	0.00922	0.00534	0.00596
7	0.01536	0.00732	0.00978	0.00842	0.01097	0.00650	0.00657	0.01758	0.01531	0.34910	0.33266	0.12237	0.05357	0.01032	0.00627	0.00182	0.00367	0.00894	0.00639	0.00708
8	0.01021	0.00595	0.00696	0.00660	0.00712	0.00579	0.00399	0.01047	0.00913	0.10136	0.01826	0.03472	0.01968	0.70759	0.02591	0.00501	0.00538	0.00788	0.00383	0.00414
9	0.00771	0.00533	0.00687	0.00780	0.00850	0.00496	0.00547	0.00887	0.01120	0.03734	0.03258	0.56397	0.11562	0.07207	0.00865	0.00248	0.00361	0.08711	0.00514	0.00472
10	0.24027	0.01106	0.01054	0.00890	0.01219	0.10057	0.00712	0.02068	0.01361	0.31812	0.05388	0.01687	0.01311	0.00652	0.00477	0.00164	0.00484	0.00488	0.14307	0.00734
11	0.00803	0.00600	0.00886	0.00881	0.00985	0.00683	0.00683	0.01012	0.00986	0.01419	0.10421	0.02448	0.01871	0.03855	0.68790	0.00818	0.01360	0.00652	0.00339	0.00506
12	0.00678	0.00561	0.00595	0.00607	0.00773	0.00477	0.00447	0.00825	0.01283	0.01569	0.11066	0.14177	0.62114	0.01443	0.00671	0.00194	0.00288	0.01223	0.00530	0.00477
13	0.20624	0.00863	0.00978	0.00860	0.01140	0.00859	0.00673	0.06542	0.01365	0.27377	0.05842	0.21562	0.01980	0.00947	0.00549	0.00185	0.00415	0.00785	0.05754	0.00701
14	0.01163	0.01136	0.01547	0.01356	0.01384	0.03463	0.01116	0.01303	0.00890	0.01345	0.00905	0.01433	0.00880	0.01659	0.17907	0.00383	0.60768	0.00513	0.00259	0.00593
15	0.02139	0.01576	0.01689	0.01295	0.01745	0.01745	0.01070	0.74835	0.02646	0.03547	0.01351	0.01351	0.00957	0.00676	0.00563	0.00169	0.00619	0.00507	0.00563	0.00957
16	0.00893	0.00708	0.00834	0.00863	0.01047	0.00702	0.00706	0.01330	0.13689	0.01763	0.07623	0.05183	0.30511	0.01354	0.00695	0.00218	0.00406	0.30375	0.00534	0.00565
17	0.00867	0.00557	0.00815	0.00815	0.00869	0.00611	0.00591	0.00889	0.00835	0.01168	0.01345	0.02178	0.01317	0.10943	0.43504	0.30385	0.01049	0.00584	0.00285	0.00394
18	0.01229	0.01148	0.01795	0.01450	0.01797	0.01193	0.24057	0.02124	0.33283	0.02082	0.12411	0.04858	0.02140	0.00824	0.00636	0.00196	0.00581	0.06960	0.00482	0.00754
19	0.00810	0.00584	0.00757	0.00841	0.00936	0.00563	0.00656	0.00979	0.01185	0.01545	0.06921	0.21676	0.11975	0.14186	0.01080	0.00286	0.00440	0.33610	0.00496	0.00472
20	0.02073	0.01164	0.01403	0.01111	0.01497	0.01200	0.00910	0.33350	0.01937	0.32962	0.01729	0.01723	0.01208	0.01274	0.13452	0.00293	0.00710	0.00547	0.00574	0.00882
21	0.01258	0.01340	0.02713	0.02029	0.02482	0.01307	0.54217	0.01750	0.05974	0.01796	0.01498	0.02345	0.01300	0.00697	0.00734	0.00204	0.04614	0.12681	0.00340	0.00720
22	0.00686	0.00490	0.00653	0.00784	0.00816	0.00457	0.00522	0.00784	0.01077	0.01437	0.03102	0.79855	0.03722	0.01763	0.00718	0.00229	0.00326	0.01600	0.00522	0.00457
23	0.00818	0.00546	0.00614	0.00614	0.00614	0.00546	0.00341	0.00818	0.00818	0.01091	0.01773	0.03683	0.02046	0.80222	0.02864	0.00546	0.00546	0.00818	0.00341	0.00341
24	0.01306	0.01186	0.01427	0.28083	0.02308	0.03903	0.01130	0.02428	0.47388	0.02004	0.01796	0.01856	0.01349	0.00688	0.00567	0.00188	0.00570	0.00580	0.00451	0.00791
25	0.03285	0.01204	0.01394	0.05031	0.07050	0.02823	0.00978	0.08197	0.42397	0.17047	0.03189	0.01915	0.01505	0.00713	0.00565	0.00183	0.00505	0.00590	0.00550	0.00880
26	0.00766	0.00575	0.00739	0.00792	0.00902	0.00506	0.00546	0.00889	0.01092	0.01503	0.02752	0.66758	0.03241	0.01539	0.00668	0.00204	0.00342	0.01389	0.00491	0.14306
27	0.01315	0.01760	0.18280	0.02180	0.13705	0.03103	0.32778	0.03333	0.01248	0.01757	0.01031	0.01367	0.00810	0.00584	0.00816	0.00192	0.14148	0.00548	0.00274	0.00772
28	0.01049	0.00525	0.00525	0.00525	0.00656	0.00525	0.00393	0.01311	0.01180	0.02098	0.01836	0.02098	0.01442	0.00656	0.00393	0.00131	0.00262	0.00525	0.83346	0.00525
29	0.01852	0.01433	0.01527	0.01237	0.01636	0.01611	0.01000	0.46899	0.31050	0.03083	0.01716	0.01642	0.01253	0.00710	0.00567	0.00177	0.00552	0.00557	0.00567	0.00931
30	0.17097	0.54874	0.02363	0.00954	0.01405	0.01940	0.00901	0.08502	0.01268	0.05071	0.00898	0.00991	0.00752	0.00517	0.00386	0.00137	0.00567	0.00332	0.00311	0.00733
31	0.01233	0.01204	0.06328	0.13103	0.15302	0.01181	0.05942	0.07096	0.19232	0.02077	0.15246	0.04689	0.03391	0.00763	0.00594	0.00182	0.00560	0.00682	0.00438	0.00757

[dist]
# distance from previous block
# <min> <max>
0	1

[block]
# block no. 1 follows, 42 sequences, length 26
# corresponding to MSA columns:
# 88-113
name=unknown_B
#
# <colnr> <probs for GDERKNQSTAVLIFYWHMCP>
#	G	D	E	R	K	N	Q	S	T	A	V	L	I	F	Y	W	H	M	C	P
0	0.01178	0.01016	0.01210	0.06160	0.01516	0.00834	0.00745	0.01539	0.06852	0.01847	0.01099	0.01261	0.00895	0.00453	0.00439	0.00099	0.00442	0.00368	0.00346	0.71703
1	0.01049	0.00525	0.00525	0.00525	0.00656	0.00525	0.00393	0.01311	0.01180	0.02098	0.01836	0.02098	0.01442	0.00656	0.00393	0.00131	0.00262	0.00525	0.83346	0.00525
2	0.00806	0.00597	0.00873	0.00873	0.00963	0.00686	0.00664	0.00985	0.00895	0.01283	0.01536	0.02370	0.01476	0.12432	0.69875	0.00866	0.01403	0.00626	0.00306	0.00485
3	0.01357	0.01361	0.04585	0.18324	0.04079	0.05834	0.12341	0.06833	0.26165	0.01944	0.01474	0.01664	0.01132	0.00813	0.04107	0.00220	0.06050	0.00564	0.00388	0.00765
4	0.02075	0.01621	0.01648	0.01293	0.01721	0.06895	0.01056	0.63908	0.08671	0.03300	0.01397	0.01391	0.01005	0.00676	0.00560	0.00169	0.00632	0.00508	0.00545	0.00931
5	0.00902	0.00728	0.01146	0.00977	0.01092	0.00706	0.14855	0.01006	0.00949	0.01272	0.01810	0.12449	0.02016	0.55209	0.02176	0.00438	0.00598	0.00883	0.00352	0.00437
6	0.00686	0.00490	0.00653	0.00784	0.00816	0.00457	0.00522	0.00784	0.01077	0.01437	0.03102	0.79855	0.03722	0.01763	0.00718	0.00229	0.00326	0.01600	0.00522	0.00457
7	0.05137	0.01398	0.01381	0.01145	0.01524	0.13695	0.00913	0.12901	0.21494	0.31630	0.01842	0.01701	0.01280	0.00686	0.00550	0.00173	0.00576	0.00533	0.00565	0.00877
8	0.01462	0.25555	0.12405	0.04895	0.30789	0.10562	0.01442	0.01804	0.03132	0.01621	0.00976	0.01195	0.00813	0.00518	0.00490	0.00153	0.00708	0.00417	0.00269	0.00795
9	0.17685	0.01541	0.01611	0.23472	0.16448	0.19848	0.01248	0.08489	0.01376	0.01905	0.00970	0.01235	0.00763	0.00558	0.00506	0.00169	0.00725	0.00430	0.00313	0.00710
10	0.01208	0.01066	0.01400	0.03612	0.16104	0.00879	0.00900	0.01478	0.01188	0.01823	0.01012	0.01221	0.00842	0.00438	0.00448	0.00103	0.00476	0.00371	0.00320	0.65111
11	0.01101	0.01006	0.01653	0.42808	0.19747	0.01148	0.03065	0.01390	0.01099	0.01468	0.01161	0.01895	0.01037	0.16088	0.01043	0.00254	0.02561	0.00566	0.00275	0.00633
12	0.00769	0.00549	0.00748	0.00878	0.00947	0.00529	0.00667	0.00927	0.01159	0.01529	0.03056	0.52302	0.03541	0.01685	0.00740	0.00240	0.00398	0.28335	0.00521	0.00480
13	0.01328	0.01518	0.03321	0.02372	0.02941	0.01423	0.74668	0.01803	0.01328	0.01803	0.01139	0.01518	0.00854	0.00474	0.00664	0.00190	0.00949	0.00664	0.00285	0.00759
14	0.00686	0.00490	0.00653	0.00784	0.00816	0.00457	0.00522	0.00784	0.01077	0.01437	0.03102	0.79855	0.03722	0.01763	0.00718	0.00229	0.00326	0.01600	0.00522	0.00457
15	0.02414	0.01222	0.01405	0.01096	0.01522	0.07443	0.00896	0.16757	0.01811	0.56441	0.01938	0.01730	0.01252	0.00683	0.00560	0.00171	0.00551	0.00537	0.00637	0.00932
16	0.00687	0.00499	0.00649	0.00764	0.00812	0.00461	0.00515	0.00793	0.01108	0.01465	0.05222	0.71679	0.09835	0.01719	0.00712	0.00224	0.00321	0.01550	0.00525	0.00461
17	0.00822	0.00555	0.00675	0.00675	0.00695	0.00574	0.00417	0.00851	0.00832	0.01129	0.01691	0.03320	0.01880	0.62399	0.17487	0.03805	0.00731	0.00764	0.00330	0.00369
18	0.01492	0.01209	0.01291	0.01110	0.01439	0.01357	0.00877	0.21142	0.45968	0.02599	0.08454	0.02296	0.06626	0.00816	0.00584	0.00184	0.00465	0.00670	0.00571	0.00851
19	0.02139	0.01576	0.01689	0.01295	0.01745	0.01745	0.01070	0.74835	0.02646	0.03547	0.01351	0.01351	0.00957	0.00676	0.00563	0.00169	0.00619	0.00507	0.00563	0.00957
20	0.01245	0.00991	0.01348	0.04636	0.01511	0.01038	0.07750	0.01816	0.20280	0.09168	0.04879	0.14759	0.07713	0.00931	0.00733	0.00187	0.08976	0.00787	0.00468	0.10783
21	0.01630	0.01378	0.01321	0.01155	0.01452	0.12632	0.00905	0.23615	0.23176	0.05216	0.01879	0.07849	0.01631	0.06656	0.00755	0.00211	0.00587	0.06671	0.00508	0.00775
22	0.01550	0.01130	0.01400	0.25027	0.02162	0.07455	0.01054	0.01953	0.09067	0.20453	0.04498	0.03772	0.01283	0.00668	0.00596	0.00168	0.03604	0.00544	0.00433	0.13183
23	0.01962	0.07651	0.01742	0.01412	0.01725	0.53169	0.03050	0.11454	0.04398	0.01697	0.00977	0.01118	0.00796	0.00616	0.00599	0.00156	0.06039	0.00404	0.00329	0.00705
24	0.01167	0.01000	0.01167	0.00834	0.01334	0.00750	0.00667	0.01417	0.01167	0.01834	0.01000	0.01167	0.00834	0.00417	0.00417	0.00083	0.00417	0.00333	0.00333	0.83663
25	0.00830	0.00689	0.00728	0.00688	0.00907	0.00623	0.00520	0.04634	0.06761	0.01695	0.04633	0.12207	0.54432	0.01301	0.00641	0.00185	0.00327	0.01094	0.00514	0.06591

[dist]
# distance from previous block
# <min> <max>
0	1

[block]
# block no. 2 follows, 42 sequences, length 47
# corresponding to MSA columns:
# 115-161
name=unknown_C
#
# <colnr> <probs for GDERKNQSTAVLIFYWHMCP>
#	G	D	E	R	K	N	Q	S	T	A	V	L	I	F	Y	W	H	M	C	P
0	0.06591	0.01219	0.01422	0.01110	0.01537	0.01245	0.00912	0.29809	0.08431	0.38992	0.01824	0.01667	0.01216	0.00685	0.00554	0.00174	0.00526	0.00536	0.00617	0.00933
1	0.02053	0.01517	0.01603	0.01408	0.07520	0.09650	0.01056	0.39189	0.11503	0.16351	0.01553	0.01516	0.01103	0.00667	0.00558	0.00170	0.00618	0.00518	0.00537	0.00911
2	0.01213	0.08664	0.56016	0.01935	0.17675	0.01385	0.01919	0.01763	0.01204	0.01758	0.01002	0.01208	0.00750	0.00524	0.00526	0.00171	0.00780	0.00425	0.00246	0.00835
3	0.00796	0.00575	0.00752	0.00708	0.00841	0.00531	0.00531	0.01062	0.01593	0.02257	0.76415	0.04204	0.05310	0.01150	0.00664	0.00177	0.00265	0.01018	0.00619	0.00531
4	0.01586	0.01286	0.01622	0.16216	0.05996	0.07290	0.06750	0.07003	0.25410	0.13515	0.01637	0.01744	0.01216	0.02432	0.00670	0.00191	0.03615	0.00563	0.00452	0.00803
5	0.01449	0.27148	0.04865	0.05021	0.43365	0.01644	0.01449	0.05622	0.01301	0.01747	0.00981	0.01228	0.00829	0.00507	0.00493	0.00153	0.00652	0.00434	0.00279	0.00829
6	0.00696	0.00519	0.00648	0.00727	0.00807	0.00471	0.00503	0.00826	0.01191	0.01564	0.13466	0.53538	0.19776	0.01608	0.00699	0.00213	0.00309	0.01432	0.00535	0.00471
7	0.22579	0.05307	0.09772	0.00917	0.01195	0.01000	0.00817	0.01396	0.03499	0.03656	0.06464	0.01942	0.01419	0.08854	0.28371	0.00466	0.00872	0.00535	0.00347	0.00592
8	0.01611	0.01450	0.01733	0.02006	0.28405	0.09221	0.01227	0.20704	0.17032	0.02368	0.07266	0.01709	0.01407	0.00659	0.00565	0.00171	0.00614	0.00557	0.00440	0.00855
9	0.01233	0.00853	0.04405	0.00855	0.01117	0.00746	0.00697	0.01672	0.13004	0.17817	0.24548	0.09662	0.18953	0.01075	0.00628	0.00186	0.00374	0.00919	0.00582	0.00673
10	0.01619	0.01745	0.03608	0.10333	0.37824	0.23164	0.03431	0.08240	0.01473	0.01814	0.01026	0.01292	0.00831	0.00545	0.00546	0.00164	0.00782	0.00465	0.00303	0.00797
11	0.01572	0.01701	0.01557	0.25505	0.03946	0.30927	0.01162	0.07074	0.01430	0.01658	0.00976	0.01230	0.00776	0.00546	0.00511	0.00148	0.00773	0.00413	0.00306	0.17789
12	0.00818	0.00546	0.00614	0.00614	0.00614	0.00546	0.00341	0.00818	0.00818	0.01091	0.01773	0.03683	0.02046	0.80222	0.02864	0.00546	0.00546	0.00818	0.00341	0.00341
13	0.01545	0.72276	0.02828	0.01079	0.03899	0.07764	0.00997	0.01728	0.01181	0.01345	0.00798	0.00927	0.00728	0.00489	0.00378	0.00124	0.00634	0.00312	0.00246	0.00723
14	0.00879	0.00685	0.00959	0.00890	0.01073	0.00713	0.00696	0.01090	0.00959	0.01415	0.01403	0.01996	0.01289	0.03436	0.61995	0.00735	0.01282	0.00547	0.00308	0.17651
15	0.02923	0.09566	0.04118	0.08436	0.01460	0.01162	0.00859	0.16401	0.02769	0.05657	0.01439	0.08004	0.01365	0.17306	0.01299	0.10850	0.04761	0.00629	0.00383	0.00613
16	0.01245	0.04086	0.10600	0.09386	0.12091	0.10706	0.17216	0.01568	0.01270	0.01610	0.01966	0.02162	0.16400	0.00740	0.00682	0.00182	0.06437	0.00644	0.00321	0.00688
17	0.04530	0.02000	0.29684	0.01325	0.01898	0.08053	0.02742	0.17396	0.01539	0.06021	0.01118	0.01239	0.00824	0.00565	0.00549	0.00157	0.02859	0.00425	0.00359	0.16718
18	0.00787	0.00548	0.00693	0.00720	0.00752	0.00566	0.00468	0.00857	0.00893	0.01215	0.01982	0.19028	0.02234	0.45330	0.20920	0.00569	0.00737	0.00926	0.00369	0.00405
19	0.01376	0.12998	0.36634	0.01629	0.09878	0.08109	0.04232	0.06591	0.03158	0.03411	0.01187	0.06151	0.00983	0.00621	0.00531	0.00169	0.00741	0.00502	0.00306	0.00794
20	0.01289	0.03103	0.03535	0.25705	0.18182	0.07564	0.02843	0.01555	0.01112	0.01501	0.00912	0.01328	0.00775	0.00690	0.00988	0.00198	0.27289	0.00484	0.00258	0.00690
21	0.01466	0.39602	0.14196	0.01349	0.08209	0.04287	0.01201	0.05587	0.15665	0.01752	0.01165	0.01248	0.00940	0.00559	0.00461	0.00150	0.00628	0.00414	0.00325	0.00796
22	0.00814	0.00563	0.00701	0.00701	0.00731	0.00593	0.00449	0.00874	0.00844	0.01155	0.01694	0.03243	0.01855	0.57518	0.25307	0.00653	0.00833	0.00754	0.00329	0.00389
23	0.01342	0.02023	0.32682	0.03634	0.08477	0.03906	0.12666	0.07743	0.16714	0.02031	0.02453	0.01503	0.01046	0.00592	0.00568	0.00180	0.00735	0.00523	0.00351	0.00832
24	0.00710	0.00558	0.00642	0.00652	0.00796	0.00490	0.00477	0.00884	0.01345	0.01739	0.27662	0.18175	0.41070	0.01398	0.00674	0.00193	0.00286	0.01207	0.00553	0.00490
25	0.01543	0.37558	0.07306	0.01537	0.13758	0.08217	0.03207	0.07642	0.10914	0.01761	0.01098	0.01216	0.00899	0.00548	0.00468	0.00149	0.00653	0.00415	0.00320	0.00792
26	0.00747	0.00549	0.00699	0.00712	0.00823	0.00502	0.00515	0.00947	0.01401	0.01920	0.45717	0.26575	0.14074	0.01366	0.00680	0.00194	0.00286	0.01211	0.00578	0.00502
27	0.01167	0.01000	0.01167	0.00834	0.01334	0.00750	0.00667	0.01417	0.01167	0.01834	0.01000	0.01167	0.00834	0.00417	0.00417	0.00083	0.00417	0.00333	0.00333	0.83663
28	0.01184	0.00831	0.01240	0.01590	0.22522	0.00801	0.00925	0.03822	0.01260	0.11828	0.02342	0.44365	0.02509	0.01224	0.00647	0.00202	0.00454	0.01111	0.00478	0.00665
29	0.01368	0.01605	0.17632	0.05240	0.52484	0.01274	0.01706	0.01761	0.01285	0.05861	0.03659	0.01477	0.01027	0.00543	0.00557	0.00171	0.00681	0.00505	0.00303	0.00862
30	0.01400	0.01209	0.01273	0.01145	0.01463	0.01400	0.00891	0.02990	0.75695	0.02354	0.02291	0.02100	0.01718	0.00764	0.00573	0.00191	0.00445	0.00636	0.00573	0.00891
31	0.01147	0.01045	0.01688	0.72798	0.03709	0.01289	0.01524	0.07182	0.01244	0.01603	0.01028	0.01489	0.00766	0.00571	0.00563	0.00186	0.00740	0.00501	0.00275	0.00651
32	0.01296	0.01101	0.01677	0.62864	0.03428	0.01326	0.01454	0.14520	0.01409	0.03968	0.01097	0.01486	0.00805	0.00587	0.00563	0.00184	0.00719	0.00503	0.00318	0.00694
33	0.02102	0.02682	0.01595	0.01450	0.01740	0.77963	0.01087	0.02247	0.01595	0.01377	0.00870	0.01015	0.00725	0.00580	0.00507	0.00145	0.01015	0.00362	0.00290	0.00652
34	0.84197	0.01088	0.00827	0.00740	0.01088	0.01262	0.00609	0.01654	0.00958	0.02525	0.00784	0.00914	0.00609	0.00522	0.00348	0.00174	0.00435	0.00305	0.00348	0.00609
35	0.01670	0.01343	0.01425	0.01200	0.01566	0.01526	0.00956	0.29237	0.49009	0.02790	0.01947	0.01826	0.01440	0.00731	0.00569	0.00183	0.00509	0.00589	0.00569	0.00915
36	0.00713	0.00509	0.00685	0.00815	0.00860	0.00481	0.00570	0.00831	0.01105	0.01467	0.03087	0.70719	0.03662	0.01737	0.00726	0.00232	0.00350	0.10464	0.00522	0.00465
37	0.00874	0.00700	0.00933	0.00914	0.01000	0.03257	0.00694	0.01039	0.00912	0.01280	0.01480	0.02329	0.01439	0.15078	0.59860	0.00787	0.06009	0.00620	0.00304	0.00490
38	0.00781	0.00546	0.00717	0.00821	0.00878	0.00529	0.00598	0.00912	0.01096	0.01461	0.02802	0.43326	0.03234	0.15691	0.01112	0.00292	0.00420	0.22049	0.02282	0.00455
39	0.01127	0.01099	0.01820	0.01470	0.01626	0.01300	0.19793	0.01323	0.00977	0.01410	0.01133	0.01910	0.01106	0.17525	0.09535	0.00361	0.35007	0.00615	0.00281	0.00584
40	0.01193	0.00681	0.00898	0.00809	0.01012	0.00628	0.00634	0.01485	0.03639	0.18294	0.52662	0.03821	0.04206	0.01074	0.00649	0.00183	0.00336	0.06538	0.00627	0.00632
41	0.03483	0.00592	0.00755	0.00709	0.00849	0.00555	0.00534	0.01081	0.01573	0.02265	0.73979	0.04098	0.05159	0.01130	0.00654	0.00177	0.00271	0.00995	0.00611	0.00534
42	0.00689	0.00496	0.00654	0.00773	0.00815	0.00460	0.00519	0.00795	0.01104	0.01469	0.05856	0.74394	0.06435	0.01729	0.00714	0.00225	0.00323	0.01564	0.00526	0.00460
43	0.02158	0.00980	0.01256	0.01008	0.01395	0.00922	0.00817	0.02662	0.16886	0.55830	0.08042	0.02133	0.01767	0.00746	0.00575	0.00178	0.00455	0.00616	0.00665	0.00911
44	0.01102	0.00880	0.01117	0.01398	0.16592	0.06738	0.00839	0.01265	0.01213	0.08132	0.02515	0.48226	0.05110	0.01306	0.00653	0.00203	0.00463	0.01172	0.00469	0.00606
45	0.18355	0.19063	0.39652	0.01350	0.01986	0.01504	0.07374	0.01737	0.01142	0.01839	0.00925	0.01097	0.00705	0.00516	0.00469	0.00166	0.00710	0.00388	0.00265	0.00757
46	0.52413	0.09193	0.01213	0.00874	0.01227	0.01307	0.00739	0.01858	0.01104	0.17689	0.01076	0.01144	0.00793	0.00590	0.00512	0.00174	0.06625	0.00373	0.00401	0.00693

[dist]
# distance from previous block
# <min> <max>
0	1

[block]
# block no. 3 follows, 42 sequences, length 40
# corresponding to MSA columns:
# 163-202
name=unknown_D
#
# <colnr> <probs for GDERKNQSTAVLIFYWHMCP>
#	G	D	E	R	K	N	Q	S	T	A	V	L	I	F	Y	W	H	M	C	P
0	0.11697	0.02190	0.39755	0.01901	0.16978	0.05318	0.07391	0.05049	0.01275	0.01946	0.01009	0.01218	0.00758	0.00530	0.00526	0.00174	0.00759	0.00440	0.00281	0.00806
1	0.01552	0.01185	0.01343	0.00992	0.01472	0.01076	0.00806	0.25251	0.01669	0.06298	0.01177	0.01265	0.00903	0.00515	0.00472	0.00116	0.00486	0.00402	0.00427	0.52596
2	0.00694	0.00496	0.00648	0.00766	0.00801	0.00463	0.00508	0.00787	0.01067	0.01417	0.03095	0.72617	0.05841	0.06860	0.00856	0.00248	0.00339	0.01536	0.00511	0.00450
3	0.01253	0.28651	0.52658	0.01391	0.02107	0.01612	0.01709	0.01750	0.01173	0.01630	0.00934	0.01094	0.00716	0.00517	0.00477	0.00159	0.00756	0.00378	0.00239	0.00795
4	0.00978	0.00489	0.00733	0.00733	0.00733	0.00489	0.00489	0.00733	0.00733	0.00978	0.00978	0.01711	0.00978	0.01955	0.02199	0.83627	0.00489	0.00489	0.00244	0.00244
5	0.01260	0.16916	0.02211	0.37335	0.23707	0.01480	0.06248	0.01592	0.01186	0.01551	0.00982	0.01353	0.00791	0.00524	0.00528	0.00169	0.00711	0.00472	0.00258	0.00728
6	0.01640	0.05088	0.10056	0.01266	0.01678	0.01577	0.01116	0.29626	0.31750	0.02626	0.01626	0.01607	0.01212	0.00707	0.00638	0.00182	0.05687	0.00539	0.00495	0.00884
7	0.00728	0.00515	0.00667	0.00742	0.00789	0.00486	0.00496	0.00844	0.01139	0.01545	0.17441	0.52898	0.03774	0.13946	0.01044	0.00268	0.00349	0.01362	0.00513	0.00454
8	0.01183	0.01161	0.02085	0.48977	0.21014	0.01298	0.13067	0.01564	0.01194	0.01590	0.01036	0.01478	0.00800	0.00534	0.00577	0.00183	0.00762	0.00526	0.00262	0.00709
9	0.01276	0.01115	0.01688	0.63476	0.03453	0.01349	0.01465	0.16002	0.01427	0.01856	0.01070	0.01471	0.00791	0.00585	0.00563	0.00184	0.00724	0.00501	0.00312	0.00691
10	0.01434	0.57464	0.10121	0.01304	0.01836	0.01980	0.15695	0.01718	0.01184	0.01463	0.00875	0.01052	0.00747	0.00485	0.00438	0.00140	0.00693	0.00384	0.00249	0.00740
11	0.67914	0.01185	0.00998	0.00850	0.01219	0.01358	0.00701	0.16176	0.01293	0.02728	0.00896	0.01001	0.00678	0.00553	0.00391	0.00173	0.00472	0.00345	0.00391	0.00678
12	0.01182	0.01008	0.01154	0.00892	0.01326	0.00860	0.00702	0.01688	0.15950	0.01911	0.01393	0.06474	0.01197	0.00573	0.00467	0.00114	0.00417	0.00476	0.00393	0.61822
13	0.01532	0.01269	0.01341	0.01163	0.01505	0.01450	0.00917	0.17203	0.59706	0.02574	0.02173	0.02018	0.03068	0.00759	0.00573	0.00186	0.00477	0.00622	0.00570	0.00896
14	0.00799	0.00591	0.00747	0.00705	0.00849	0.00548	0.00530	0.01086	0.03477	0.02184	0.67286	0.04273	0.12477	0.01169	0.00662	0.00179	0.00272	0.01025	0.00608	0.00535
15	0.00703	0.00563	0.00628	0.00631	0.00788	0.00488	0.00466	0.00873	0.01344	0.01709	0.24459	0.13308	0.49282	0.01389	0.00671	0.00191	0.00284	0.01187	0.00549	0.00488
16	0.01285	0.01316	0.02189	0.02068	0.16731	0.01580	0.17627	0.01528	0.01049	0.01550	0.00891	0.01327	0.00795	0.00776	0.01328	0.00218	0.46247	0.00532	0.00261	0.00702
17	0.01387	0.01198	0.01589	0.18844	0.16929	0.01346	0.01207	0.12163	0.29560	0.02206	0.06395	0.01859	0.01465	0.00680	0.00572	0.00182	0.00570	0.00586	0.00444	0.00818
18	0.00866	0.00665	0.00775	0.00801	0.00919	0.00671	0.00575	0.01249	0.14668	0.01621	0.07509	0.26995	0.14845	0.17039	0.01111	0.00278	0.00400	0.07985	0.00501	0.00526
19	0.16202	0.01423	0.01498	0.13736	0.01948	0.07051	0.01049	0.38484	0.01937	0.09521	0.01240	0.01326	0.00886	0.00626	0.00522	0.00172	0.00625	0.00466	0.00467	0.00821
20	0.00690	0.00504	0.00651	0.00766	0.00820	0.00465	0.00523	0.00798	0.01108	0.01454	0.03404	0.68853	0.12280	0.01717	0.00714	0.00225	0.00327	0.03717	0.00522	0.00461
21	0.01364	0.01138	0.01195	0.01081	0.01380	0.01309	0.00839	0.02817	0.68004	0.02328	0.02244	0.02099	0.01689	0.00752	0.00554	0.00185	0.00426	0.00625	0.09116	0.00853
22	0.01365	0.30457	0.23705	0.01403	0.01894	0.01760	0.08464	0.06058	0.01208	0.01640	0.00907	0.01135	0.00750	0.00607	0.00746	0.00171	0.16296	0.00419	0.00265	0.00750
23	0.00805	0.00597	0.00874	0.00874	0.00964	0.00687	0.00666	0.00986	0.00896	0.01284	0.01535	0.02363	0.01473	0.12100	0.70203	0.00867	0.01408	0.00625	0.00306	0.00486
24	0.00880	0.00655	0.00855	0.00946	0.01091	0.00647	0.00801	0.01181	0.05153	0.01690	0.04713	0.09219	0.15645	0.01494	0.00743	0.00241	0.00462	0.52533	0.00524	0.00528
25	0.00899	0.00867	0.06925	0.00924	0.01151	0.00717	0.05505	0.01307	0.07720	0.02138	0.53910	0.07894	0.05670	0.01066	0.00649	0.00182	0.00373	0.00952	0.00557	0.00594
26	0.01167	0.01000	0.01167	0.00834	0.01334	0.00750	0.00667	0.01417	0.01167	0.01834	0.01000	0.01167	0.00834	0.00417	0.00417	0.00083	0.00417	0.00333	0.00333	0.83663
27	0.01223	0.01183	0.02067	0.41079	0.34538	0.01300	0.07335	0.01588	0.01207	0.01635	0.01036	0.01456	0.00818	0.00530	0.00568	0.00179	0.00731	0.00513	0.00265	0.00748
28	0.02006	0.05938	0.08692	0.01033	0.01486	0.00989	0.00927	0.02401	0.09052	0.47876	0.02168	0.01979	0.06111	0.00703	0.00548	0.00168	0.00500	0.00567	0.00577	0.06277
29	0.01700	0.02045	0.42439	0.01409	0.02066	0.01122	0.05945	0.02168	0.01366	0.31927	0.01502	0.01499	0.00994	0.00596	0.00555	0.00177	0.00698	0.00491	0.00424	0.00878
30	0.01837	0.01045	0.01240	0.01053	0.01401	0.01078	0.00834	0.02715	0.37549	0.34899	0.03654	0.06735	0.01762	0.00801	0.00580	0.00186	0.00450	0.00670	0.00624	0.00887
31	0.00787	0.00555	0.00626	0.00626	0.00671	0.00543	0.00384	0.00830	0.00917	0.01192	0.02533	0.03921	0.16771	0.59107	0.07844	0.00501	0.00563	0.00876	0.00374	0.00379
32	0.02072	0.02631	0.01644	0.01510	0.03320	0.74842	0.02572	0.02228	0.01583	0.01395	0.00879	0.01033	0.00731	0.00576	0.00512	0.00146	0.01006	0.00371	0.00290	0.00660
33	0.00686	0.00490	0.00653	0.00784	0.00816	0.00457	0.00522	0.00784	0.01077	0.01437	0.03102	0.79855	0.03722	0.01763	0.00718	0.00229	0.00326	0.01600	0.00522	0.00457
34	0.00685	0.00494	0.00648	0.00772	0.00813	0.00458	0.00517	0.00785	0.01089	0.01441	0.03244	0.75785	0.07701	0.01745	0.00715	0.00226	0.00324	0.01577	0.00522	0.00458
35	0.38081	0.03332	0.06321	0.02725	0.01608	0.28144	0.05374	0.05241	0.01302	0.02034	0.00880	0.01035	0.00692	0.00547	0.00449	0.00164	0.00713	0.00367	0.00323	0.00666
36	0.01319	0.39902	0.37765	0.01340	0.01990	0.01752	0.05515	0.01737	0.01174	0.01565	0.00908	0.01070	0.00725	0.00506	0.00459	0.00151	0.00728	0.00375	0.00242	0.00775
37	0.10729	0.06395	0.01862	0.01822	0.20102	0.17564	0.05755	0.17854	0.04399	0.06573	0.01155	0.01288	0.00888	0.00576	0.00521	0.00164	0.00700	0.00459	0.00384	0.00810
38	0.19454	0.10362	0.27936	0.05183	0.06804	0.02871	0.01334	0.02955	0.09543	0.04543	0.03292	0.01339	0.00977	0.00577	0.00487	0.00171	0.00634	0.00436	0.00335	0.00766
39	0.01584	0.06126	0.03674	0.02043	0.29885	0.07433	0.03079	0.08239	0.15586	0.08614	0.03551	0.01579	0.01194	0.00603	0.00545	0.00165	0.00617	0.00519	0.00405	0.04561

[dist]
# distance from previous block
# <min> <max>
2	41

[block]
# block no. 4 follows, 42 sequences, length 34
# corresponding to MSA columns:
# 244-277
name=unknown_E
#
# <colnr> <probs for GDERKNQSTAVLIFYWHMCP>
#	G	D	E	R	K	N	Q	S	T	A	V	L	I	F	Y	W	H	M	C	P
0	0.03166	0.01256	0.01707	0.11100	0.31762	0.07073	0.01264	0.07307	0.02587	0.11064	0.07592	0.04189	0.01393	0.00646	0.00558	0.00167	0.00611	0.00566	0.00394	0.05599
1	0.03026	0.05936	0.01902	0.12974	0.29440	0.07479	0.03752	0.07066	0.04975	0.05072	0.01139	0.01367	0.00900	0.00537	0.00524	0.00156	0.00652	0.00467	0.00335	0.12303
2	0.06189	0.06559	0.08932	0.04970	0.27065	0.10776	0.05705	0.10793	0.05487	0.06488	0.01172	0.01346	0.00903	0.00562	0.00534	0.00167	0.00699	0.00475	0.00352	0.00825
3	0.06319	0.01363	0.01628	0.07311	0.23417	0.10662	0.01172	0.11173	0.06752	0.17653	0.01649	0.01713	0.05394	0.00651	0.00550	0.00171	0.00621	0.00537	0.00439	0.00825
4	0.01777	0.01216	0.01398	0.01214	0.04742	0.06169	0.02904	0.23783	0.07627	0.20033	0.08728	0.11491	0.01839	0.00837	0.00587	0.00176	0.00534	0.00702	0.00549	0.03696
5	0.04144	0.01120	0.01348	0.03330	0.11945	0.03807	0.00945	0.17255	0.10695	0.09103	0.19009	0.06300	0.02260	0.00831	0.00586	0.00176	0.00497	0.02467	0.00514	0.03669
6	0.08148	0.01722	0.08114	0.01300	0.04438	0.20191	0.01060	0.20627	0.05846	0.12824	0.02381	0.01469	0.01056	0.02588	0.03904	0.00205	0.00721	0.00478	0.00439	0.02490
7	0.20197	0.06093	0.04299	0.03734	0.05813	0.06579	0.17220	0.05311	0.01338	0.11288	0.04920	0.04598	0.04916	0.00663	0.00535	0.00175	0.00630	0.00576	0.00394	0.00719
8	0.01259	0.01196	0.02030	0.28235	0.50017	0.01278	0.01631	0.01599	0.01223	0.01692	0.01111	0.04190	0.00944	0.00566	0.00565	0.00176	0.00683	0.00540	0.00278	0.00788
9	0.01213	0.00998	0.01270	0.15284	0.01809	0.00846	0.00840	0.01485	0.01181	0.05398	0.01059	0.01265	0.00845	0.00457	0.00451	0.00107	0.00481	0.00376	0.00336	0.64298
10	0.01302	0.01025	0.01275	0.01292	0.11600	0.01075	0.00885	0.22870	0.05842	0.02452	0.28132	0.02868	0.10899	0.01011	0.02753	0.00197	0.02505	0.00770	0.00524	0.00720
11	0.01704	0.01141	0.01282	0.01106	0.01456	0.01245	0.00874	0.02923	0.55673	0.22555	0.02272	0.02050	0.01630	0.00745	0.00571	0.00186	0.00454	0.00617	0.00606	0.00909
12	0.01231	0.01231	0.01724	0.01477	0.01477	0.01724	0.01231	0.01354	0.00862	0.01354	0.00739	0.01231	0.00739	0.00985	0.01847	0.00246	0.79192	0.00492	0.00246	0.00616
13	0.00694	0.00562	0.00599	0.00615	0.00779	0.00481	0.00457	0.00815	0.01235	0.01488	0.05113	0.11264	0.63426	0.01488	0.00763	0.05028	0.00309	0.03915	0.00506	0.00462
14	0.01081	0.00970	0.01595	0.46005	0.15936	0.01113	0.01426	0.01420	0.01196	0.01570	0.01511	0.02706	0.01404	0.00803	0.00616	0.00202	0.00677	0.18801	0.00323	0.00645
15	0.01846	0.01489	0.01912	0.01450	0.01910	0.01588	0.14647	0.48656	0.10868	0.02985	0.01401	0.01459	0.01020	0.00634	0.00574	0.00170	0.00648	0.00541	0.00499	0.05703
16	0.01762	0.09017	0.07517	0.01825	0.14939	0.43726	0.05514	0.01998	0.01415	0.01507	0.00914	0.01125	0.00761	0.00571	0.00589	0.00157	0.05258	0.00410	0.00277	0.00718
17	0.00774	0.00574	0.00721	0.00684	0.00827	0.00521	0.00513	0.01019	0.01540	0.02131	0.64356	0.04410	0.17447	0.01197	0.00664	0.00179	0.00269	0.01047	0.00603	0.00521
18	0.00878	0.00686	0.00943	0.00903	0.00955	0.00817	0.00672	0.01001	0.00870	0.01245	0.01469	0.02526	0.01505	0.28128	0.41557	0.00683	0.13733	0.00654	0.00305	0.00469
19	0.00751	0.00569	0.00692	0.00670	0.00815	0.00510	0.00499	0.00970	0.01472	0.01991	0.51176	0.08455	0.26844	0.01265	0.00667	0.00184	0.00275	0.01099	0.00585	0.00510
20	0.01543	0.01377	0.01436	0.01236	0.01508	0.08208	0.00984	0.17295	0.35420	0.02322	0.06547	0.01827	0.01528	0.00796	0.00807	0.00192	0.15093	0.00584	0.00488	0.00809
21	0.00691	0.00523	0.00640	0.00731	0.00817	0.00472	0.00513	0.00811	0.01152	0.01475	0.03898	0.53100	0.26160	0.01648	0.00705	0.00218	0.00324	0.05134	0.00522	0.00466
22	0.00682	0.00505	0.00638	0.00744	0.00806	0.00460	0.00505	0.00788	0.01115	0.01452	0.03583	0.66078	0.17188	0.01701	0.00708	0.00221	0.00319	0.01524	0.00522	0.00460
23	0.01421	0.01254	0.01282	0.01154	0.01472	0.03721	0.00897	0.02968	0.73448	0.02325	0.02247	0.02067	0.01688	0.00758	0.00571	0.00189	0.00463	0.00628	0.00564	0.00884
24	0.01435	0.66190	0.16711	0.01082	0.01628	0.02057	0.01170	0.01703	0.01152	0.01409	0.00824	0.00956	0.00720	0.00491	0.00393	0.00131	0.00644	0.00322	0.00240	0.00742
25	0.01216	0.10698	0.01536	0.05263	0.08313	0.00993	0.07459	0.01430	0.01209	0.10851	0.02022	0.30221	0.02089	0.01054	0.00638	0.00189	0.02457	0.05395	0.00431	0.06536
26	0.00979	0.00603	0.00698	0.00663	0.00766	0.00569	0.00438	0.01050	0.01033	0.10109	0.02805	0.03841	0.20747	0.47230	0.05767	0.00430	0.00520	0.00871	0.00427	0.00455
27	0.02183	0.01506	0.01645	0.01261	0.01710	0.01640	0.01042	0.66605	0.02528	0.11944	0.01450	0.01416	0.01007	0.00678	0.00563	0.00169	0.00603	0.00513	0.00578	0.00957
28	0.00755	0.00545	0.00717	0.00756	0.00850	0.00507	0.00549	0.00949	0.01356	0.01867	0.39970	0.34912	0.06576	0.01432	0.00693	0.00204	0.00307	0.05984	0.00571	0.00499
29	0.02139	0.01576	0.01689	0.01295	0.01745	0.01745	0.01070	0.74835	0.02646	0.03547	0.01351	0.01351	0.00957	0.00676	0.00563	0.00169	0.00619	0.00507	0.00563	0.00957
30	0.01454	0.01326	0.02158	0.01727	0.08298	0.03484	0.29476	0.06622	0.05698	0.07497	0.01242	0.01438	0.00944	0.00509	0.00557	0.00152	0.00681	0.00522	0.00364	0.25851
31	0.01776	0.01133	0.04151	0.15831	0.08594	0.01066	0.11615	0.02166	0.05731	0.34770	0.06002	0.01857	0.01378	0.00648	0.00584	0.00180	0.00610	0.00588	0.00493	0.00829
32	0.01505	0.80561	0.02949	0.00963	0.01444	0.02227	0.00963	0.01685	0.01143	0.01324	0.00782	0.00903	0.00722	0.00481	0.00361	0.00120	0.00602	0.00301	0.00241	0.00722
33	0.00777	0.00570	0.00729	0.00699	0.00832	0.00521	0.00521	0.01021	0.01532	0.02137	0.65238	0.08881	0.12015	0.01214	0.00667	0.00181	0.00271	0.01069	0.00604	0.00521

[dist]
# distance from previous block
# <min> <max>
0	2

[block]
# block no. 5 follows, 42 sequences, length 177
# corresponding to MSA columns:
# 280-383,408-480
name=unknown_F
#
# <colnr> <probs for GDERKNQSTAVLIFYWHMCP>
#	G	D	E	R	K	N	Q	S	T	A	V	L	I	F	Y	W	H	M	C	P
0	0.01218	0.00979	0.01155	0.00836	0.01317	0.00744	0.00669	0.01467	0.01208	0.05621	0.04446	0.01341	0.01062	0.00464	0.00435	0.00092	0.00413	0.00376	0.00364	0.75791
1	0.01421	0.00992	0.01193	0.00865	0.01353	0.00765	0.00697	0.01665	0.01250	0.15894	0.01228	0.01307	0.00938	0.00469	0.00445	0.00100	0.00428	0.00377	0.00401	0.68213
2	0.01129	0.02911	0.77306	0.01604	0.02436	0.01307	0.02079	0.01782	0.01188	0.01782	0.01010	0.01188	0.00713	0.00535	0.00535	0.00178	0.00832	0.00416	0.00238	0.00832
3	0.00791	0.00569	0.00768	0.00889	0.00975	0.00549	0.00696	0.00966	0.01187	0.01552	0.03156	0.40173	0.07199	0.02900	0.00778	0.00246	0.00418	0.35186	0.00518	0.00485
4	0.02525	0.00958	0.01306	0.01001	0.01437	0.00827	0.00827	0.02743	0.01611	0.77102	0.02220	0.01915	0.01393	0.00697	0.00566	0.00174	0.00479	0.00566	0.00697	0.00958
5	0.01194	0.01144	0.01912	0.31329	0.16082	0.01154	0.13084	0.01543	0.01197	0.01679	0.01033	0.01391	0.00815	0.00497	0.00537	0.00155	0.00675	0.00480	0.00284	0.23815
6	0.00877	0.15476	0.01127	0.00844	0.00974	0.00833	0.00649	0.01010	0.01082	0.01410	0.02445	0.47259	0.02821	0.05541	0.07896	0.00289	0.00516	0.07999	0.00440	0.00511
7	0.00792	0.00621	0.00641	0.00620	0.00828	0.00538	0.00470	0.01011	0.05024	0.05233	0.05361	0.05080	0.69094	0.01357	0.00656	0.00189	0.00302	0.01130	0.00534	0.00519
8	0.01117	0.01088	0.01837	0.57855	0.03350	0.01353	0.07864	0.01454	0.01094	0.01454	0.00964	0.01452	0.00757	0.00633	0.00810	0.00199	0.15319	0.00513	0.00252	0.00635
9	0.00759	0.00577	0.00701	0.00680	0.00831	0.00519	0.00516	0.00985	0.01477	0.01989	0.49749	0.04705	0.28346	0.01260	0.00670	0.00185	0.00285	0.04672	0.00583	0.00512
10	0.01939	0.02230	0.01527	0.01363	0.01675	0.52705	0.01039	0.09207	0.19245	0.01811	0.01251	0.01303	0.00982	0.00632	0.00528	0.00158	0.00843	0.00441	0.00382	0.00737
11	0.01160	0.01134	0.01737	0.53259	0.03205	0.05107	0.08121	0.01509	0.01176	0.01542	0.01006	0.01415	0.00774	0.00528	0.00542	0.00166	0.00720	0.00477	0.00271	0.16151
12	0.01301	0.16055	0.01771	0.01440	0.08878	0.10945	0.04834	0.01583	0.04556	0.01556	0.01605	0.02704	0.02655	0.01095	0.05071	0.00236	0.12790	0.19923	0.00351	0.00652
13	0.08820	0.01622	0.02347	0.11029	0.04328	0.17602	0.35170	0.01859	0.01317	0.05092	0.01061	0.01357	0.00812	0.00547	0.00641	0.00180	0.04666	0.00532	0.00304	0.00713
14	0.01153	0.01479	0.13316	0.01890	0.02372	0.01189	0.46607	0.01568	0.01240	0.01706	0.01506	0.16140	0.01398	0.00916	0.04621	0.00232	0.00844	0.00800	0.00323	0.00700
15	0.00712	0.00568	0.00610	0.00602	0.00754	0.00496	0.00434	0.00857	0.01274	0.01596	0.18347	0.04941	0.52505	0.12682	0.00980	0.00239	0.00319	0.01103	0.00515	0.00466
16	0.00758	0.00541	0.00736	0.00866	0.00930	0.00519	0.00647	0.00908	0.01148	0.01517	0.03062	0.55957	0.03565	0.01695	0.00737	0.00238	0.00389	0.24788	0.00521	0.00477
17	0.01167	0.01000	0.01167	0.00834	0.01334	0.00750	0.00667	0.01417	0.01167	0.01834	0.01000	0.01167	0.00834	0.00417	0.00417	0.00083	0.00417	0.00333	0.00333	0.83663
18	0.00700	0.00581	0.00618	0.00637	0.00818	0.00500	0.00496	0.00859	0.01285	0.01544	0.05310	0.05550	0.65972	0.01444	0.00681	0.00200	0.00319	0.11483	0.00522	0.00481
19	0.00710	0.00535	0.00660	0.00725	0.00824	0.00485	0.00518	0.00857	0.01231	0.01607	0.15758	0.42409	0.24543	0.01556	0.00698	0.00211	0.00315	0.05341	0.00538	0.00478
20	0.01294	0.01366	0.02700	0.16939	0.23191	0.01374	0.39608	0.01705	0.01268	0.01735	0.01083	0.01475	0.00842	0.00509	0.00641	0.00184	0.02459	0.00586	0.00276	0.00767
21	0.01673	0.01612	0.01409	0.01239	0.01570	0.19678	0.00963	0.13124	0.47569	0.02293	0.01817	0.01734	0.01372	0.00707	0.00556	0.00177	0.00606	0.00552	0.00504	0.00844
22	0.01590	0.69384	0.02755	0.01033	0.01487	0.13096	0.00981	0.01766	0.01208	0.01332	0.00795	0.00919	0.00723	0.00496	0.00382	0.00124	0.00661	0.00310	0.00248	0.00712
23	0.01013	0.00749	0.00825	0.00785	0.00917	0.00783	0.00546	0.02838	0.19568	0.03442	0.02533	0.03592	0.12674	0.41471	0.01767	0.00375	0.00482	0.04660	0.00447	0.00533
24	0.01084	0.00656	0.00778	0.00740	0.00829	0.00647	0.00485	0.06348	0.01091	0.10075	0.02053	0.18150	0.02219	0.50081	0.02017	0.00414	0.00501	0.00919	0.00433	0.00479
25	0.01815	0.02152	0.01827	0.06082	0.26614	0.48718	0.01323	0.02034	0.01467	0.01533	0.00939	0.01165	0.00781	0.00553	0.00527	0.00154	0.00887	0.00415	0.00284	0.00730
26	0.01281	0.01746	0.26360	0.01274	0.01757	0.01332	0.01265	0.02504	0.48118	0.02132	0.02003	0.01931	0.04366	0.00714	0.00564	0.00187	0.00567	0.00585	0.00460	0.00855
27	0.01124	0.01063	0.01799	0.64782	0.17482	0.01267	0.01594	0.01492	0.01154	0.01513	0.01011	0.01480	0.00777	0.00551	0.00562	0.00184	0.00735	0.00500	0.00255	0.00675
28	0.00862	0.00589	0.00758	0.00805	0.00918	0.00536	0.00578	0.00993	0.01126	0.05264	0.02851	0.48650	0.06670	0.08875	0.00888	0.00244	0.00385	0.10351	0.00496	0.08162
29	0.01742	0.01297	0.01932	0.02553	0.48009	0.04656	0.01404	0.03896	0.05030	0.21702	0.01423	0.01547	0.01058	0.00573	0.00558	0.00169	0.00622	0.00519	0.00410	0.00900
30	0.01495	0.52791	0.02418	0.01083	0.01448	0.13206	0.00984	0.01666	0.01157	0.01333	0.00862	0.01083	0.00792	0.00918	0.08196	0.00215	0.09059	0.00360	0.00255	0.00679
31	0.00703	0.00500	0.00663	0.00787	0.00823	0.00471	0.00532	0.00804	0.01075	0.01431	0.03029	0.72472	0.03615	0.05680	0.00829	0.00246	0.00347	0.05025	0.00513	0.00454
32	0.00783	0.00575	0.00734	0.00694	0.00833	0.00525	0.00521	0.01037	0.01562	0.02183	0.69354	0.04325	0.12417	0.01178	0.00664	0.00178	0.00267	0.01035	0.00610	0.00525
33	0.01305	0.01911	0.34616	0.01582	0.08945	0.01122	0.08925	0.01758	0.01242	0.08315	0.01129	0.01297	0.00837	0.00506	0.00519	0.00151	0.00680	0.00439	0.00313	0.24408
34	0.00753	0.00569	0.00695	0.00673	0.00816	0.00511	0.00501	0.00975	0.01478	0.02004	0.52473	0.08429	0.25542	0.01260	0.00667	0.00183	0.00274	0.01096	0.00587	0.00511
35	0.01509	0.14847	0.07106	0.02727	0.03414	0.08531	0.01052	0.07733	0.42581	0.02107	0.01694	0.01652	0.01295	0.00666	0.00527	0.00172	0.00575	0.00524	0.00453	0.00836
36	0.01252	0.01218	0.05534	0.34450	0.15584	0.01225	0.01353	0.06964	0.08159	0.01836	0.01155	0.01448	0.00893	0.00550	0.00534	0.00163	0.00640	0.00478	0.00322	0.16242
37	0.01975	0.04080	0.01735	0.01765	0.13909	0.63947	0.01189	0.02151	0.01535	0.01451	0.00899	0.01074	0.00752	0.00565	0.00512	0.00148	0.00950	0.00384	0.00287	0.00693
38	0.01423	0.01033	0.01225	0.01196	0.05222	0.01118	0.00904	0.02419	0.42810	0.12617	0.05859	0.04412	0.02120	0.00925	0.00616	0.00200	0.00464	0.14066	0.00566	0.00806
39	0.01427	0.01207	0.01311	0.01227	0.04240	0.01383	0.00920	0.02938	0.71141	0.04159	0.02243	0.02069	0.01679	0.00752	0.00572	0.00190	0.00454	0.00630	0.00565	0.00892
40	0.01247	0.02629	0.63240	0.01533	0.02281	0.01356	0.01875	0.08640	0.08265	0.01998	0.01161	0.01288	0.00829	0.00569	0.00541	0.00179	0.00776	0.00445	0.00299	0.00849
41	0.01127	0.00631	0.00759	0.00709	0.00816	0.00600	0.00475	0.01198	0.01036	0.15365	0.02281	0.03626	0.08931	0.52654	0.03421	0.00434	0.00524	0.04500	0.00433	0.00481
42	0.01525	0.05327	0.05247	0.01244	0.03605	0.10059	0.01000	0.11840	0.41198	0.02243	0.01868	0.01887	0.03132	0.00715	0.00550	0.00174	0.00562	0.02253	0.00484	0.05088
43	0.00747	0.00547	0.00635	0.00653	0.00736	0.00506	0.00435	0.00854	0.01140	0.01493	0.17071	0.19090	0.23243	0.28693	0.01436	0.00318	0.00380	0.01108	0.00478	0.00436
44	0.01628	0.01698	0.12409	0.02801	0.06963	0.08546	0.01200	0.22927	0.31067	0.02467	0.01602	0.01598	0.01193	0.00667	0.00557	0.00177	0.00623	0.00531	0.00470	0.00874
45	0.00796	0.00557	0.00662	0.00665	0.00712	0.00550	0.00426	0.00870	0.00985	0.01319	0.11102	0.07251	0.09408	0.51107	0.09189	0.00481	0.00566	0.02554	0.00400	0.00400
46	0.01328	0.01384	0.01611	0.01407	0.01473	0.12560	0.01147	0.01536	0.04808	0.01405	0.00904	0.01330	0.00845	0.01197	0.08216	0.00286	0.57174	0.00491	0.00274	0.00625
47	0.00805	0.00598	0.00877	0.00877	0.00968	0.00689	0.00670	0.00988	0.00896	0.01286	0.01532	0.02348	0.01466	0.11302	0.70992	0.00871	0.01418	0.00623	0.00305	0.00487
48	0.01703	0.01323	0.01894	0.10791	0.31156	0.07089	0.05401	0.05308	0.05028	0.19668	0.01378	0.01533	0.01017	0.00597	0.00611	0.00175	0.03560	0.00521	0.00401	0.00845
49	0.01167	0.01000	0.01167	0.00834	0.01334	0.00750	0.00667	0.01417	0.01167	0.01834	0.01000	0.01167	0.00834	0.00417	0.00417	0.00083	0.00417	0.00333	0.00333	0.83663
50	0.01220	0.00912	0.01035	0.00901	0.01151	0.00930	0.00720	0.25383	0.01843	0.02462	0.28692	0.03737	0.19869	0.01094	0.00641	0.00185	0.00410	0.07588	0.00569	0.00658
51	0.49613	0.01294	0.01190	0.00974	0.01365	0.01466	0.00803	0.32497	0.01669	0.02956	0.01023	0.01098	0.00756	0.00587	0.00439	0.00172	0.00513	0.00390	0.00439	0.00756
52	0.00824	0.00634	0.00761	0.00722	0.00886	0.00600	0.00547	0.01183	0.08358	0.02085	0.51852	0.04329	0.21416	0.01186	0.00658	0.00183	0.00291	0.02343	0.00591	0.00551
53	0.84197	0.01088	0.00827	0.00740	0.01088	0.01262	0.00609	0.01654	0.00958	0.02525	0.00784	0.00914	0.00609	0.00522	0.00348	0.00174	0.00435	0.00305	0.00348	0.00609
54	0.01375	0.01319	0.02252	0.07475	0.72828	0.01332	0.01718	0.01712	0.01273	0.01817	0.01055	0.01399	0.00884	0.00505	0.00557	0.00168	0.00673	0.00501	0.00277	0.00877
55	0.00701	0.00513	0.00632	0.00719	0.00777	0.00473	0.00479	0.00793	0.01079	0.01403	0.03397	0.55018	0.17074	0.12960	0.01016	0.00267	0.00350	0.01411	0.00496	0.00444
56	0.01124	0.01063	0.01799	0.64782	0.17482	0.01267	0.01594	0.01492	0.01154	0.01513	0.01011	0.01480	0.00777	0.00551	0.00562	0.00184	0.00735	0.00500	0.00255	0.00675
