[name]
unknown

[dist]
# distance from previous block
# <min> <max>
2	85

[block]
# block no. 0 follows, 48 sequences, length 15
# corresponding to MSA columns:
# 85-99
name=unknown_A
#
# <colnr> <probs for GDERKNQSTAVLIFYWHMCP>
#	G	D	E	R	K	N	Q	S	T	A	V	L	I	F	Y	W	H	M	C	P
0	0.01303	0.05668	0.01387	0.01073	0.01380	0.01008	0.11217	0.01948	0.27610	0.15461	0.04692	0.16058	0.01746	0.00789	0.00539	0.00167	0.00456	0.00706	0.00467	0.06324
1	0.01119	0.09118	0.01943	0.02774	0.01747	0.01077	0.33522	0.04063	0.01198	0.01701	0.05791	0.01979	0.01321	0.00680	0.02227	0.00172	0.01993	0.07539	0.16775	0.03263
2	0.01205	0.01176	0.01053	0.00999	0.01147	0.20989	0.00746	0.12692	0.01305	0.01582	0.01909	0.38947	0.03862	0.01104	0.00686	0.00181	0.08559	0.00910	0.00403	0.00546
3	0.01154	0.05852	0.01389	0.12808	0.01557	0.11834	0.02945	0.01414	0.08142	0.01290	0.01081	0.01697	0.01026	0.18930	0.01339	0.00253	0.25959	0.00507	0.00278	0.00544
4	0.00685	0.00503	0.00673	0.00714	0.00778	0.00520	0.00507	0.00801	0.00902	0.01221	0.02301	0.30254	0.09826	0.15046	0.32286	0.00494	0.00751	0.00950	0.00371	0.00418
5	0.01061	0.01541	0.28496	0.01146	0.01681	0.00922	0.08670	0.01439	0.02928	0.01615	0.00955	0.01155	0.00751	0.00519	0.00546	0.05471	0.00565	0.00376	0.00269	0.39895
6	0.00793	0.00633	0.00865	0.04691	0.01035	0.00650	0.03261	0.00945	0.01090	0.03765	0.13638	0.31441	0.19857	0.02702	0.00776	0.00194	0.09877	0.01034	0.00437	0.02315
7	0.69332	0.01167	0.01047	0.00884	0.01217	0.08539	0.08220	0.01572	0.00961	0.02138	0.00754	0.00897	0.00588	0.00477	0.00360	0.00158	0.00493	0.00315	0.00307	0.00573
8	0.01375	0.00946	0.01082	0.00927	0.01203	0.01009	0.00731	0.12847	0.32780	0.14438	0.24132	0.02347	0.02371	0.00777	0.00544	0.00165	0.00386	0.00654	0.00551	0.00735
9	0.00969	0.00912	0.01539	0.80734	0.03534	0.01140	0.01425	0.01311	0.01026	0.01311	0.00912	0.01368	0.00684	0.00513	0.00513	0.00171	0.00684	0.00456	0.00228	0.00570
10	0.00632	0.00521	0.00555	0.00546	0.00709	0.00444	0.00410	0.00785	0.01229	0.01528	0.20642	0.04705	0.63026	0.01247	0.00606	0.00171	0.00256	0.01050	0.00495	0.00444
11	0.01202	0.01150	0.01961	0.20570	0.61874	0.01201	0.01541	0.01516	0.01136	0.01594	0.00953	0.01292	0.00784	0.00470	0.00509	0.00157	0.00626	0.00457	0.00248	0.00758
12	0.00673	0.00518	0.00615	0.00600	0.00736	0.00460	0.00447	0.00861	0.01312	0.01747	0.44939	0.09167	0.33706	0.01183	0.00609	0.00169	0.00253	0.01022	0.00525	0.00460
13	0.64875	0.01110	0.00887	0.00772	0.01097	0.08463	0.00627	0.01712	0.01020	0.14087	0.00924	0.00983	0.00676	0.00506	0.00362	0.00156	0.00453	0.00320	0.00362	0.00608
14	0.01399	0.20414	0.11250	0.01330	0.01716	0.16310	0.14572	0.09688	0.01299	0.01618	0.05761	0.01240	0.00967	0.00569	0.00611	0.00152	0.09710	0.00437	0.00289	0.00665

[dist]
# distance from previous block
# <min> <max>
0	1

[block]
# block no. 1 follows, 48 sequences, length 10
# corresponding to MSA columns:
# 101-110
name=unknown_B
#
# <colnr> <probs for GDERKNQSTAVLIFYWHMCP>
#	G	D	E	R	K	N	Q	S	T	A	V	L	I	F	Y	W	H	M	C	P
0	0.01542	0.25827	0.01814	0.01168	0.01418	0.37067	0.00961	0.01675	0.01163	0.01227	0.00773	0.01025	0.00706	0.03515	0.00763	0.00159	0.18003	0.00354	0.00244	0.00596
1	0.00817	0.00571	0.00735	0.00721	0.00796	0.00621	0.00514	0.05198	0.00911	0.01291	0.01546	0.06402	0.01577	0.31509	0.38261	0.00591	0.00883	0.00656	0.05972	0.00428
2	0.85592	0.00992	0.00754	0.00675	0.00992	0.01151	0.00556	0.01508	0.00873	0.02302	0.00714	0.00834	0.00556	0.00476	0.00318	0.00159	0.00397	0.00278	0.00318	0.00556
3	0.01229	0.01073	0.01219	0.13307	0.01673	0.01255	0.00906	0.02509	0.66019	0.02018	0.01907	0.01830	0.01431	0.00668	0.00521	0.00174	0.00449	0.00561	0.00477	0.00775
4	0.00687	0.00523	0.00631	0.00604	0.00742	0.00467	0.00453	0.00891	0.01359	0.01835	0.54212	0.04199	0.29264	0.01132	0.00606	0.00165	0.00248	0.00979	0.00536	0.00467
5	0.01000	0.00929	0.01535	0.44986	0.22287	0.01068	0.01304	0.01283	0.01045	0.01401	0.01210	0.13683	0.01133	0.00684	0.00586	0.00174	0.04199	0.00610	0.00273	0.00608
6	0.00734	0.00545	0.00800	0.00800	0.00883	0.00628	0.00610	0.00900	0.00817	0.01173	0.01397	0.02142	0.01337	0.11175	0.72682	0.00794	0.01292	0.00568	0.00278	0.00444
7	0.00730	0.00532	0.00676	0.00669	0.00784	0.00496	0.00510	0.00935	0.01312	0.01799	0.51090	0.04218	0.12855	0.08724	0.00809	0.00206	0.00304	0.12375	0.00517	0.00460
8	0.85592	0.00992	0.00754	0.00675	0.00992	0.01151	0.00556	0.01508	0.00873	0.02302	0.00714	0.00834	0.00556	0.00476	0.00318	0.00159	0.00397	0.00278	0.00318	0.00556
9	0.01042	0.02330	0.63931	0.01385	0.02086	0.01118	0.04979	0.01575	0.01086	0.01633	0.00925	0.01093	0.00673	0.00469	0.00476	0.00150	0.00705	0.00377	0.00232	0.13735

[dist]
# distance from previous block
# <min> <max>
0	22

[block]
# block no. 2 follows, 48 sequences, length 32
# corresponding to MSA columns:
# 133-164
name=unknown_C
#
# <colnr> <probs for GDERKNQSTAVLIFYWHMCP>
#	G	D	E	R	K	N	Q	S	T	A	V	L	I	F	Y	W	H	M	C	P
0	0.00711	0.00521	0.00667	0.00637	0.00759	0.00477	0.00475	0.00936	0.01407	0.01965	0.68649	0.07360	0.11327	0.01096	0.00607	0.00165	0.00246	0.00965	0.00553	0.00477
1	0.01523	0.01194	0.04663	0.01167	0.08221	0.06379	0.00884	0.18782	0.07943	0.14001	0.01410	0.03056	0.01095	0.00597	0.00480	0.00140	0.00497	0.03042	0.06995	0.17929
2	0.57285	0.06699	0.01065	0.00853	0.01168	0.20467	0.00689	0.01670	0.01043	0.04083	0.00770	0.00880	0.00608	0.00491	0.00359	0.00149	0.00537	0.00297	0.00307	0.00581
3	0.01017	0.00907	0.01196	0.01081	0.01185	0.01157	0.00869	0.01482	0.19653	0.01442	0.01278	0.01645	0.01116	0.01935	0.30221	0.00433	0.31964	0.00518	0.00316	0.00585
4	0.01293	0.04252	0.21291	0.01368	0.07634	0.08704	0.06218	0.08364	0.06993	0.06855	0.01540	0.02212	0.02501	0.00717	0.00537	0.00171	0.00618	0.14966	0.03074	0.00691
5	0.85592	0.00992	0.00754	0.00675	0.00992	0.01151	0.00556	0.01508	0.00873	0.02302	0.00714	0.00834	0.00556	0.00476	0.00318	0.00159	0.00397	0.00278	0.00318	0.00556
6	0.01084	0.02804	0.18714	0.01030	0.01366	0.02588	0.00960	0.08855	0.25116	0.01828	0.02130	0.21484	0.08067	0.00907	0.00548	0.00176	0.00475	0.00770	0.00426	0.00670
7	0.00881	0.00452	0.00679	0.00679	0.00685	0.00459	0.00459	0.00685	0.00679	0.00911	0.00923	0.01590	0.00917	0.01919	0.07139	0.79522	0.00507	0.00452	0.00226	0.00238
8	0.00632	0.00480	0.00583	0.00645	0.00731	0.00431	0.00450	0.00754	0.01102	0.01431	0.13405	0.47517	0.27107	0.01439	0.00633	0.00191	0.00279	0.01272	0.00488	0.00431
9	0.85592	0.00992	0.00754	0.00675	0.00992	0.01151	0.00556	0.01508	0.00873	0.02302	0.00714	0.00834	0.00556	0.00476	0.00318	0.00159	0.00397	0.00278	0.00318	0.00556
10	0.00649	0.00521	0.00579	0.00564	0.00719	0.00451	0.00423	0.00818	0.01270	0.01624	0.31149	0.04547	0.52459	0.01211	0.00606	0.00169	0.00254	0.01028	0.00508	0.00451
11	0.01029	0.02654	0.79309	0.01462	0.02221	0.01192	0.01896	0.01625	0.01083	0.01625	0.00921	0.01083	0.00650	0.00487	0.00487	0.00162	0.00758	0.00379	0.00217	0.00758
12	0.00891	0.00446	0.00668	0.00668	0.00668	0.00446	0.00446	0.00668	0.00668	0.00891	0.00891	0.01560	0.00891	0.01783	0.02005	0.85071	0.00446	0.00446	0.00223	0.00223
13	0.01372	0.82276	0.02689	0.00878	0.01317	0.02030	0.00878	0.01536	0.01043	0.01207	0.00713	0.00823	0.00658	0.00439	0.00329	0.00110	0.00549	0.00274	0.00219	0.00658
14	0.01408	0.77018	0.02607	0.00907	0.01335	0.07160	0.00885	0.01570	0.01070	0.01210	0.00719	0.00830	0.00659	0.00445	0.00338	0.00111	0.00574	0.00278	0.00222	0.00654
15	0.25837	0.00982	0.01016	0.00772	0.01184	0.00901	0.00625	0.08086	0.01128	0.01995	0.00883	0.01012	0.00710	0.00429	0.00374	0.00107	0.00401	0.00310	0.00327	0.52921
16	0.00985	0.03879	0.18606	0.10439	0.10391	0.00998	0.13441	0.01359	0.03690	0.01534	0.02987	0.19120	0.01614	0.00825	0.00567	0.00180	0.00596	0.07839	0.00326	0.00625
17	0.00969	0.00912	0.01539	0.80734	0.03534	0.01140	0.01425	0.01311	0.01026	0.01311	0.00912	0.01368	0.00684	0.00513	0.00513	0.00171	0.00684	0.00456	0.00228	0.00570
18	0.85592	0.00992	0.00754	0.00675	0.00992	0.01151	0.00556	0.01508	0.00873	0.02302	0.00714	0.00834	0.00556	0.00476	0.00318	0.00159	0.00397	0.00278	0.00318	0.00556
19	0.01257	0.01206	0.02059	0.06530	0.75489	0.01216	0.01568	0.01563	0.01162	0.01660	0.00963	0.01274	0.00807	0.00460	0.00508	0.00153	0.00613	0.00457	0.00253	0.00802
20	0.01123	0.01123	0.01572	0.01347	0.01347	0.01572	0.01123	0.01235	0.00786	0.01235	0.00674	0.01123	0.00674	0.00898	0.01684	0.00225	0.81028	0.00449	0.00225	0.00561
21	0.01926	0.02168	0.01478	0.01283	0.01588	0.58365	0.00987	0.22681	0.01718	0.01800	0.00914	0.01010	0.00719	0.00553	0.00477	0.00138	0.00826	0.00367	0.00333	0.00671
22	0.85592	0.00992	0.00754	0.00675	0.00992	0.01151	0.00556	0.01508	0.00873	0.02302	0.00714	0.00834	0.00556	0.00476	0.00318	0.00159	0.00397	0.00278	0.00318	0.00556
23	0.01053	0.00799	0.00850	0.00772	0.00994	0.00838	0.00605	0.11888	0.21968	0.01989	0.07646	0.03037	0.25026	0.00906	0.00531	0.00163	0.00346	0.04210	0.15770	0.00609
24	0.00720	0.00542	0.00688	0.00659	0.00782	0.00511	0.00500	0.00936	0.01365	0.01886	0.59571	0.05860	0.16716	0.01112	0.00643	0.00169	0.02710	0.03619	0.00535	0.00476
25	0.01648	0.32381	0.07624	0.01161	0.01532	0.42277	0.01015	0.04356	0.01305	0.01331	0.00787	0.00909	0.00666	0.00495	0.00416	0.00127	0.00760	0.00317	0.00252	0.00640
26	0.75689	0.03447	0.07788	0.00751	0.01111	0.01180	0.00684	0.01519	0.00897	0.02211	0.00733	0.00855	0.00567	0.00476	0.00333	0.00158	0.00433	0.00287	0.00306	0.00577
27	0.00984	0.00928	0.03984	0.09233	0.34559	0.00877	0.01068	0.01257	0.01218	0.01699	0.20614	0.02495	0.13831	0.00745	0.00540	0.00158	0.00461	0.00667	0.04045	0.00634
28	0.01117	0.01220	0.05172	0.24866	0.07485	0.03661	0.23389	0.01418	0.01036	0.01412	0.00924	0.01370	0.00767	0.04125	0.00903	0.00196	0.19576	0.00504	0.00242	0.00617
29	0.00724	0.00539	0.00798	0.00808	0.00892	0.00618	0.00619	0.00894	0.00837	0.01197	0.01509	0.09121	0.01484	0.05521	0.71038	0.00762	0.01258	0.00635	0.00294	0.00451
30	0.00745	0.00502	0.00583	0.00583	0.00591	0.00510	0.00340	0.00761	0.00753	0.01012	0.01595	0.03239	0.01814	0.75027	0.09481	0.00527	0.00575	0.00729	0.00308	0.00324
31	0.01129	0.08547	0.10803	0.01650	0.02045	0.01294	0.39375	0.01457	0.01056	0.01466	0.00973	0.01336	0.00797	0.00932	0.09549	0.02953	0.13242	0.00516	0.00246	0.00635

[dist]
# distance from previous block
# <min> <max>
0	10

[block]
# block no. 3 follows, 48 sequences, length 21
# corresponding to MSA columns:
# 175-195
name=unknown_D
#
# <colnr> <probs for GDERKNQSTAVLIFYWHMCP>
#	G	D	E	R	K	N	Q	S	T	A	V	L	I	F	Y	W	H	M	C	P
0	0.01056	0.00958	0.01539	0.73710	0.03362	0.01180	0.01385	0.07999	0.01148	0.01481	0.00940	0.01356	0.00701	0.00522	0.00513	0.00169	0.00673	0.00457	0.00253	0.00597
1	0.05188	0.01112	0.01198	0.00893	0.01324	0.03345	0.00722	0.23028	0.01453	0.02136	0.00991	0.01097	0.00780	0.00456	0.00418	0.00104	0.00450	0.00349	0.00363	0.54591
2	0.48340	0.08157	0.29196	0.00975	0.01461	0.01237	0.01064	0.01553	0.00963	0.01970	0.00789	0.00923	0.00598	0.00477	0.00380	0.00156	0.00539	0.00314	0.00273	0.00637
3	0.01270	0.01219	0.02083	0.03149	0.78767	0.01219	0.01575	0.01575	0.01168	0.01676	0.00965	0.01270	0.00813	0.00457	0.00508	0.00152	0.00610	0.00457	0.00254	0.00813
4	0.00642	0.00490	0.00590	0.00631	0.00731	0.00438	0.00448	0.00780	0.01155	0.01507	0.20922	0.37105	0.29964	0.01373	0.00627	0.00185	0.00272	0.01206	0.00497	0.00438
5	0.34608	0.03562	0.01020	0.04252	0.01230	0.01047	0.00684	0.01834	0.16960	0.13541	0.08087	0.01500	0.01276	0.00588	0.00429	0.00154	0.00407	0.00443	0.00421	0.07958
6	0.01193	0.01240	0.10309	0.01530	0.22587	0.00967	0.01051	0.07953	0.01211	0.01803	0.00955	0.01137	0.00772	0.00434	0.00439	0.00114	0.00502	0.00368	0.00298	0.45138
7	0.00798	0.00499	0.00569	0.00569	0.00610	0.00509	0.00361	0.00880	0.00839	0.01251	0.01604	0.02836	0.01659	0.52313	0.10857	0.00438	0.00532	0.00655	0.21850	0.00370
8	0.01408	0.08700	0.25066	0.01408	0.01917	0.01125	0.22754	0.01752	0.01174	0.20350	0.01201	0.01348	0.00859	0.00615	0.00645	0.07495	0.00665	0.00473	0.00331	0.00712
9	0.01548	0.01354	0.01305	0.01116	0.01439	0.10338	0.00881	0.24527	0.46926	0.02365	0.01689	0.01601	0.01259	0.00653	0.00513	0.00163	0.00512	0.00517	0.00490	0.00805
10	0.00637	0.00455	0.00606	0.00707	0.00747	0.00424	0.00477	0.00743	0.01036	0.01395	0.11459	0.72759	0.03559	0.01544	0.00649	0.00203	0.00291	0.01398	0.00486	0.00424
11	0.01104	0.02111	0.56744	0.10388	0.02164	0.01083	0.01619	0.01599	0.01122	0.08437	0.04451	0.04772	0.01008	0.00576	0.00505	0.00165	0.00679	0.00470	0.00281	0.00720
12	0.09838	0.21492	0.13365	0.01329	0.01796	0.03070	0.21785	0.04592	0.09918	0.05047	0.01143	0.01267	0.02135	0.00509	0.00471	0.00152	0.00633	0.00448	0.00309	0.00701
13	0.02203	0.01011	0.07250	0.00956	0.01380	0.00788	0.00843	0.02433	0.01439	0.73111	0.01939	0.01695	0.01222	0.00624	0.00514	0.00159	0.00462	0.00505	0.00603	0.00864
14	0.01280	0.00659	0.00792	0.00680	0.00940	0.00562	0.00538	0.01442	0.01300	0.32076	0.07109	0.03632	0.44894	0.01027	0.00571	0.00167	0.00329	0.00853	0.00543	0.00609
15	0.01102	0.01306	0.17216	0.36036	0.02494	0.01164	0.03758	0.01629	0.12344	0.05361	0.04653	0.01501	0.01027	0.00596	0.00618	0.00173	0.07573	0.00487	0.00305	0.00658
16	0.01082	0.11577	0.54551	0.01431	0.08689	0.01211	0.01573	0.01561	0.01085	0.01614	0.00986	0.01164	0.00741	0.00492	0.00456	0.00151	0.00661	0.00385	0.09870	0.00720
17	0.01068	0.01013	0.01717	0.55295	0.28202	0.01166	0.01474	0.01397	0.01073	0.01431	0.00929	0.01336	0.00726	0.00495	0.00511	0.00165	0.00660	0.00456	0.00237	0.00650
18	0.00733	0.00550	0.00825	0.00825	0.00916	0.00641	0.00641	0.00916	0.00825	0.01191	0.01374	0.02016	0.01283	0.03848	0.79934	0.00825	0.01374	0.00550	0.00275	0.00458
19	0.00729	0.00561	0.00667	0.00707	0.00814	0.00542	0.00503	0.02852	0.08689	0.01535	0.11076	0.46141	0.20533	0.01365	0.00622	0.00191	0.00301	0.01206	0.00491	0.00478
20	0.10517	0.04472	0.01013	0.00884	0.01076	0.19980	0.00678	0.05156	0.01272	0.04155	0.18561	0.09482	0.02213	0.10115	0.00763	0.00201	0.00517	0.08009	0.00404	0.00531

[dist]
# distance from previous block
# <min> <max>
0	3

[block]
# block no. 4 follows, 48 sequences, length 56
# corresponding to MSA columns:
# 199-254
name=unknown_E
#
# <colnr> <probs for GDERKNQSTAVLIFYWHMCP>
#	G	D	E	R	K	N	Q	S	T	A	V	L	I	F	Y	W	H	M	C	P
0	0.08723	0.03643	0.23575	0.01271	0.01754	0.01325	0.09021	0.19370	0.20577	0.03720	0.01296	0.01342	0.00948	0.00564	0.00496	0.00163	0.00593	0.00463	0.00383	0.00774
1	0.03655	0.01257	0.01285	0.01241	0.09066	0.13968	0.00877	0.27699	0.01627	0.10973	0.01611	0.21330	0.01500	0.00832	0.00535	0.00165	0.00543	0.00691	0.00446	0.00699
2	0.01423	0.01340	0.01342	0.18226	0.01853	0.20887	0.02365	0.10035	0.10126	0.06392	0.01183	0.01376	0.00920	0.00898	0.08739	0.00218	0.02044	0.00443	0.02180	0.08008
3	0.00669	0.00481	0.00635	0.00684	0.00754	0.00446	0.00480	0.00825	0.01187	0.01636	0.35825	0.47706	0.04025	0.01364	0.00633	0.00188	0.00273	0.01227	0.00515	0.00446
4	0.01382	0.80728	0.02665	0.00887	0.01322	0.03540	0.00880	0.01546	0.01051	0.01208	0.00715	0.00825	0.00659	0.00441	0.00332	0.00110	0.00556	0.00275	0.00220	0.00657
5	0.01538	0.10032	0.18556	0.01322	0.04564	0.10311	0.08442	0.16099	0.04525	0.12943	0.02441	0.04722	0.01020	0.00591	0.00500	0.00154	0.00636	0.00485	0.00373	0.00746
6	0.01442	0.11229	0.29329	0.01372	0.01905	0.08276	0.10484	0.23438	0.04190	0.02029	0.01031	0.01148	0.00764	0.00523	0.00490	0.00153	0.00694	0.00421	0.00323	0.00759
7	0.00676	0.00483	0.00653	0.00772	0.00824	0.00460	0.00564	0.00802	0.01032	0.01366	0.02800	0.62676	0.03284	0.01560	0.00668	0.00215	0.00341	0.19917	0.00475	0.00431
8	0.00644	0.00510	0.00586	0.00636	0.00762	0.00452	0.00478	0.00779	0.01121	0.01388	0.04186	0.25843	0.46928	0.01401	0.00635	0.00192	0.00302	0.12246	0.00476	0.00435
9	0.00986	0.00943	0.01623	0.51867	0.11694	0.01069	0.09276	0.01306	0.01083	0.01405	0.01451	0.01914	0.08875	0.00617	0.00540	0.00172	0.00642	0.03673	0.00270	0.00593
10	0.01475	0.01837	0.39526	0.01419	0.02014	0.01071	0.15835	0.01911	0.01232	0.26659	0.01300	0.01355	0.00875	0.00525	0.00519	0.00163	0.00675	0.00467	0.00360	0.00783
11	0.01628	0.00788	0.01016	0.00841	0.01130	0.00736	0.00671	0.02016	0.12131	0.42395	0.27808	0.02473	0.02515	0.00783	0.00547	0.00162	0.00367	0.00664	0.00596	0.00734
12	0.01191	0.01321	0.02791	0.10392	0.09398	0.01274	0.62518	0.01603	0.01188	0.01612	0.01019	0.01372	0.00772	0.00443	0.00587	0.00171	0.00824	0.00577	0.00256	0.00690
13	0.01481	0.09737	0.15463	0.10809	0.21156	0.01150	0.05622	0.01801	0.01208	0.23407	0.01258	0.02622	0.00921	0.00534	0.00497	0.00156	0.00599	0.00465	0.00352	0.00763
14	0.01662	0.01477	0.02061	0.01643	0.06452	0.11943	0.28692	0.26105	0.02874	0.10144	0.01182	0.01312	0.00858	0.00531	0.00540	0.00159	0.00710	0.00504	0.00385	0.00765
15	0.00654	0.00480	0.00619	0.00707	0.00775	0.00444	0.00504	0.00779	0.01072	0.01411	0.09738	0.55653	0.13970	0.01495	0.00650	0.00203	0.00307	0.09626	0.00484	0.00431
16	0.01277	0.01291	0.02319	0.02056	0.17609	0.01381	0.34873	0.09344	0.01221	0.01713	0.00952	0.01280	0.00769	0.00573	0.00846	0.00180	0.20818	0.00522	0.00276	0.00702
17	0.02302	0.00873	0.01191	0.00913	0.01310	0.00754	0.00754	0.02501	0.01469	0.79122	0.02024	0.01746	0.01270	0.00635	0.00516	0.00159	0.00437	0.00516	0.00635	0.00873
18	0.01728	0.01305	0.01421	0.01075	0.01497	0.01364	0.00883	0.58053	0.02074	0.02842	0.01152	0.01190	0.00844	0.00557	0.00480	0.00134	0.00518	0.00422	0.00461	0.21999
19	0.00647	0.00463	0.00582	0.00668	0.00704	0.00434	0.00437	0.00722	0.00953	0.01256	0.02802	0.59942	0.09648	0.16990	0.01026	0.00261	0.00333	0.01289	0.00445	0.00398
20	0.00755	0.00507	0.00587	0.00600	0.00612	0.00507	0.00364	0.00779	0.00791	0.01051	0.01731	0.03610	0.01978	0.73619	0.02414	0.00470	0.00495	0.08475	0.00328	0.00328
21	0.01054	0.02505	0.71305	0.01637	0.10155	0.01194	0.01863	0.01620	0.01092	0.01630	0.00925	0.01103	0.00667	0.00484	0.00490	0.00161	0.00743	0.00387	0.00221	0.00764
22	0.00704	0.00518	0.00624	0.00601	0.00709	0.00476	0.00429	0.00873	0.01248	0.01696	0.46975	0.03978	0.20318	0.17454	0.01011	0.00232	0.00298	0.00925	0.00494	0.00438
23	0.00726	0.00524	0.00686	0.00646	0.00767	0.00484	0.00484	0.00968	0.01452	0.02058	0.78496	0.03833	0.04841	0.01049	0.00605	0.00161	0.00242	0.00928	0.00565	0.00484
24	0.75974	0.01159	0.00835	0.00749	0.01061	0.10204	0.00606	0.01570	0.00940	0.02182	0.00723	0.00844	0.00568	0.00482	0.00334	0.00156	0.00458	0.00284	0.00311	0.00560
25	0.01006	0.09996	0.01059	0.00921	0.01095	0.00760	0.00805	0.01222	0.01178	0.08243	0.02433	0.09424	0.02569	0.01248	0.00645	0.00213	0.00468	0.55733	0.00458	0.00525
26	0.01298	0.41478	0.32976	0.01161	0.01707	0.10649	0.01295	0.01631	0.01106	0.01379	0.00805	0.00938	0.00655	0.00469	0.00407	0.00133	0.00675	0.00322	0.00224	0.00691
27	0.01235	0.01184	0.02020	0.12068	0.70119	0.01210	0.01558	0.01544	0.01152	0.01634	0.00959	0.01281	0.00798	0.00464	0.00509	0.00155	0.00618	0.00457	0.00251	0.00785
28	0.00782	0.00725	0.00674	0.00680	0.00821	0.09573	0.00496	0.00922	0.01207	0.01469	0.16738	0.22468	0.39105	0.01241	0.00601	0.00175	0.00342	0.01059	0.00467	0.00457
29	0.22727	0.00941	0.01297	0.09273	0.01597	0.00942	0.09534	0.01906	0.01219	0.36193	0.01529	0.01789	0.01121	0.00628	0.00493	0.00168	0.00505	0.06976	0.00456	0.00707
30	0.22203	0.10502	0.09615	0.34861	0.09043	0.01261	0.02849	0.01449	0.01012	0.01618	0.00848	0.01134	0.00659	0.00486	0.00442	0.00158	0.00602	0.00386	0.00251	0.00620
31	0.01239	0.01187	0.02026	0.11191	0.70969	0.01211	0.01559	0.01547	0.01154	0.01638	0.00960	0.01280	0.00799	0.00463	0.00508	0.00154	0.00617	0.00457	0.00251	0.00788
32	0.01190	0.01530	0.11796	0.02082	0.02629	0.01285	0.68281	0.01641	0.01196	0.01641	0.01025	0.01350	0.00764	0.00439	0.00592	0.00172	0.00853	0.00580	0.00255	0.00700
33	0.01951	0.01437	0.01540	0.01181	0.01591	0.01591	0.00975	0.77056	0.02412	0.03234	0.01232	0.01232	0.00873	0.00616	0.00513	0.00154	0.00565	0.00462	0.00513	0.00873
34	0.01472	0.01656	0.01911	0.04143	0.34135	0.29080	0.09984	0.01714	0.01237	0.01476	0.00886	0.01151	0.00740	0.00519	0.00606	0.00154	0.07758	0.00429	0.00255	0.00694
35	0.00727	0.00529	0.00696	0.09838	0.00985	0.00542	0.00513	0.00819	0.00923	0.01235	0.08661	0.30847	0.02529	0.37142	0.01504	0.00328	0.00426	0.00981	0.00382	0.00393
36	0.01132	0.02169	0.51278	0.01775	0.11065	0.01239	0.16040	0.04775	0.01168	0.01695	0.00957	0.01169	0.00703	0.00486	0.00535	0.00164	0.02221	0.00436	0.00242	0.00753
37	0.01069	0.01312	0.11157	0.04210	0.02158	0.01124	0.45578	0.01418	0.01093	0.01505	0.01241	0.09728	0.01134	0.09040	0.00867	0.00212	0.05586	0.00667	0.00279	0.00620
38	0.00625	0.00447	0.00595	0.00714	0.00744	0.00417	0.00476	0.00714	0.00982	0.01310	0.02828	0.81633	0.03394	0.01608	0.00655	0.00208	0.00298	0.01459	0.00476	0.00417
39	0.01270	0.01357	0.19307	0.01055	0.01439	0.01071	0.01005	0.14263	0.22693	0.07976	0.20767	0.02075	0.02035	0.00718	0.00533	0.00164	0.00476	0.00596	0.00469	0.00732
40	0.01144	0.40389	0.33704	0.01075	0.01614	0.01504	0.01237	0.01481	0.01074	0.01398	0.01313	0.01402	0.09609	0.00558	0.00426	0.00139	0.00601	0.00410	0.00248	0.00673
41	0.00692	0.00524	0.00639	0.00613	0.00750	0.00471	0.00462	0.00901	0.01363	0.01848	0.55256	0.04197	0.26865	0.01130	0.00607	0.00166	0.00251	0.02259	0.00537	0.00469
42	0.01861	0.01383	0.01479	0.01152	0.01545	0.01536	0.00946	0.67843	0.10204	0.03095	0.01329	0.01316	0.00953	0.00624	0.00511	0.00155	0.00542	0.00475	0.02191	0.00858
43	0.00702	0.00515	0.00658	0.00640	0.00756	0.00471	0.00473	0.00915	0.01369	0.01902	0.62201	0.12890	0.12316	0.01139	0.00611	0.00168	0.00250	0.01005	0.00546	0.00471
44	0.01380	0.30771	0.03053	0.17453	0.01706	0.01274	0.00901	0.01610	0.01126	0.16097	0.01128	0.01256	0.00859	0.00502	0.00414	0.00130	0.00508	0.00384	0.09078	0.10370
45	0.06339	0.01570	0.11829	0.01229	0.01518	0.24364	0.09886	0.01525	0.01112	0.01456	0.01016	0.01321	0.00851	0.01223	0.16628	0.00291	0.09197	0.00436	0.07624	0.00585
46	0.01444	0.01005	0.01069	0.00899	0.01177	0.01103	0.00719	0.30745	0.19744	0.04271	0.01626	0.01706	0.01228	0.00641	0.00466	0.00148	0.00412	0.01622	0.29257	0.00718
47	0.01322	0.01249	0.01166	0.00916	0.01313	0.16771	0.00719	0.02930	0.09139	0.04732	0.01059	0.01154	0.00846	0.00457	0.00419	0.00102	0.00498	0.00349	0.00335	0.54522
48	0.00736	0.00573	0.00675	0.00641	0.00793	0.00537	0.00483	0.01048	0.08017	0.01854	0.48740	0.04014	0.27788	0.01097	0.00598	0.00166	0.00262	0.00946	0.00533	0.00497
49	0.01856	0.02333	0.01593	0.01392	0.01682	0.71492	0.07604	0.03515	0.01452	0.01329	0.00823	0.00971	0.00675	0.00522	0.00476	0.00136	0.00913	0.00357	0.00269	0.00609
50	0.01888	0.01223	0.06001	0.01152	0.01563	0.04091	0.08768	0.18563	0.08277	0.38078	0.03898	0.01603	0.01204	0.00615	0.00524	0.00160	0.00538	0.00516	0.00519	0.00820
51	0.02274	0.00874	0.01188	0.00909	0.01308	0.00753	0.00751	0.02474	0.01460	0.77388	0.01999	0.01731	0.01259	0.00629	0.00513	0.00157	0.00435	0.00511	0.00628	0.02759
52	0.85592	0.00992	0.00754	0.00675	0.00992	0.01151	0.00556	0.01508	0.00873	0.02302	0.00714	0.00834	0.00556	0.00476	0.00318	0.00159	0.00397	0.00278	0.00318	0.00556
53	0.01091	0.33476	0.02999	0.01109	0.09183	0.04027	0.00859	0.01281	0.00972	0.01253	0.01044	0.01435	0.00964	0.03570	0.34135	0.00427	0.00920	0.00423	0.00250	0.00582
54	0.00625	0.00447	0.00595	0.00714	0.00744	0.00417	0.00476	0.00714	0.00982	0.01310	0.02828	0.81633	0.03394	0.01608	0.00655	0.00208	0.00298	0.01459	0.00476	0.00417
55	0.01477	0.01259	0.01723	0.03549	0.38270	0.04279	0.02178	0.26418	0.01594	0.03467	0.01309	0.01729	0.02710	0.00618	0.00529	0.00161	0.00589	0.06991	0.00370	0.00781

[dist]
# distance from previous block
# <min> <max>
0	1

[block]
# block no. 5 follows, 48 sequences, length 47
# corresponding to MSA columns:
# 256-302
name=unknown_F
#
# <colnr> <probs for GDERKNQSTAVLIFYWHMCP>
#	G	D	E	R	K	N	Q	S	T	A	V	L	I	F	Y	W	H	M	C	P
0	0.00698	0.00477	0.00574	0.00622	0.00633	0.00465	0.00377	0.00733	0.00841	0.01121	0.02101	0.34664	0.02477	0.49827	0.01829	0.00382	0.00418	0.01031	0.00377	0.00353
1	0.06518	0.01151	0.02711	0.01143	0.05693	0.08961	0.04928	0.04641	0.32271	0.04981	0.14860	0.02030	0.01851	0.00697	0.00517	0.00163	0.00473	0.01788	0.03928	0.00696
2	0.01533	0.01595	0.01685	0.03231	0.01713	0.30954	0.17217	0.06408	0.01370	0.07931	0.08212	0.01592	0.03136	0.00643	0.00652	0.00161	0.09206	0.01786	0.00341	0.00635
3	0.00625	0.00447	0.00595	0.00714	0.00744	0.00417	0.00476	0.00714	0.00982	0.01310	0.02828	0.81633	0.03394	0.01608	0.00655	0.00208	0.00298	0.01459	0.00476	0.00417
4	0.01173	0.01089	0.02907	0.12291	0.01855	0.01164	0.15586	0.02100	0.41627	0.03340	0.04891	0.06749	0.01518	0.00686	0.00548	0.00175	0.00527	0.00632	0.00426	0.00717
5	0.01318	0.01057	0.01261	0.01101	0.01394	0.01165	0.05554	0.12642	0.44703	0.05333	0.02067	0.02510	0.03023	0.00803	0.00560	0.00181	0.00467	0.13613	0.00500	0.00750
6	0.00629	0.00450	0.00599	0.00712	0.00745	0.00420	0.00477	0.00725	0.01002	0.01341	0.05942	0.78431	0.03453	0.01585	0.00653	0.00206	0.00295	0.01437	0.00480	0.00420
7	0.01658	0.28613	0.01781	0.01106	0.01416	0.47699	0.00902	0.01810	0.01287	0.01294	0.00839	0.00973	0.00714	0.00505	0.00410	0.00124	0.00745	0.00324	0.07194	0.00606
8	0.00684	0.00496	0.00646	0.00666	0.00755	0.00457	0.00477	0.00865	0.01268	0.01755	0.47630	0.32537	0.07317	0.01265	0.00624	0.00179	0.00263	0.01130	0.00529	0.00457
9	0.01870	0.01423	0.01651	0.01257	0.01673	0.01558	0.07206	0.68720	0.04488	0.03072	0.01241	0.01264	0.00885	0.00603	0.00521	0.00156	0.00585	0.00477	0.00493	0.00856
10	0.04865	0.01165	0.01455	0.01184	0.01401	0.01399	0.00982	0.24776	0.01424	0.17388	0.01115	0.01269	0.00849	0.00743	0.01039	0.00187	0.37181	0.00460	0.00398	0.00719
11	0.01374	0.01151	0.01215	0.01064	0.01371	0.01322	0.00836	0.13449	0.66959	0.02303	0.01965	0.01816	0.01466	0.00685	0.00521	0.00171	0.00429	0.00563	0.00521	0.00821
12	0.00652	0.00449	0.00586	0.00695	0.00732	0.00422	0.00467	0.00754	0.00990	0.01359	0.02733	0.75085	0.03223	0.01525	0.00631	0.00201	0.00293	0.01378	0.07403	0.00422
13	0.00619	0.00505	0.00548	0.00570	0.00709	0.00433	0.00415	0.00749	0.01151	0.01420	0.10108	0.21040	0.57257	0.01346	0.00617	0.00180	0.00267	0.01151	0.00483	0.00433
14	0.01061	0.00549	0.00766	0.00710	0.00790	0.00532	0.00500	0.03876	0.00836	0.07479	0.01016	0.01539	0.00923	0.01530	0.01688	0.67663	0.00441	0.00444	0.02078	0.05580
15	0.01878	0.02340	0.01438	0.01302	0.01571	0.73336	0.00980	0.03707	0.06220	0.01354	0.00883	0.00993	0.00722	0.00541	0.00467	0.00135	0.00885	0.00349	0.00286	0.00614
16	0.00891	0.00446	0.00668	0.00668	0.00668	0.00446	0.00446	0.00668	0.00668	0.00891	0.00891	0.01560	0.00891	0.01783	0.02005	0.85071	0.00446	0.00446	0.00223	0.00223
17	0.01240	0.05142	0.27925	0.05000	0.15693	0.06163	0.11287	0.04665	0.14485	0.01734	0.01141	0.01296	0.00865	0.00518	0.00506	0.00160	0.00676	0.00456	0.00297	0.00751
18	0.00739	0.00616	0.00737	0.00679	0.00861	0.00572	0.03422	0.01055	0.09365	0.01689	0.27915	0.04131	0.44074	0.01123	0.00597	0.00170	0.00293	0.00962	0.00501	0.00499
19	0.00704	0.00519	0.00659	0.00634	0.00756	0.00473	0.00471	0.00923	0.01387	0.01925	0.64338	0.08808	0.14263	0.01116	0.00608	0.00166	0.00248	0.00981	0.00548	0.00473
20	0.14898	0.01020	0.01146	0.00910	0.01284	0.07315	0.00744	0.02313	0.01377	0.61080	0.01725	0.01541	0.01112	0.00602	0.00482	0.00157	0.00471	0.00465	0.00556	0.00802
21	0.01639	0.33253	0.05278	0.01154	0.01571	0.15041	0.05282	0.27391	0.01591	0.01949	0.00931	0.01022	0.00738	0.00516	0.00437	0.00134	0.00645	0.00371	0.00329	0.00727
22	0.00612	0.00521	0.00527	0.00530	0.00702	0.00437	0.00400	0.00744	0.01170	0.01390	0.05139	0.04958	0.76769	0.01302	0.00609	0.00175	0.00265	0.02839	0.00476	0.00434
23	0.01505	0.00753	0.00919	0.00781	0.01041	0.00729	0.00618	0.01941	0.14780	0.32622	0.15937	0.02198	0.01986	0.00712	0.00495	0.00152	0.00347	0.00593	0.21196	0.00695
24	0.03364	0.01544	0.19788	0.13064	0.14215	0.01217	0.28300	0.04731	0.01205	0.06072	0.01038	0.01296	0.00767	0.00480	0.00535	0.00165	0.00728	0.00491	0.00278	0.00723
25	0.01211	0.01384	0.03028	0.02163	0.02682	0.01298	0.76903	0.01644	0.01211	0.01644	0.01038	0.01384	0.00779	0.00433	0.00606	0.00173	0.00865	0.00606	0.00260	0.00692
26	0.00638	0.00491	0.00584	0.00624	0.00729	0.00437	0.00444	0.00774	0.01151	0.01491	0.19065	0.35817	0.33164	0.01374	0.00626	0.00185	0.00272	0.01204	0.00494	0.00437
27	0.01100	0.00933	0.01083	0.00777	0.01231	0.00721	0.00623	0.04372	0.01119	0.01735	0.00925	0.01071	0.00765	0.00390	0.00385	0.00079	0.00388	0.00310	0.00313	0.81680
28	0.01479	0.01160	0.01320	0.04469	0.06275	0.01295	0.00918	0.29794	0.33053	0.03673	0.01688	0.04525	0.01327	0.00697	0.00523	0.00167	0.00482	0.03127	0.03240	0.00789
29	0.00625	0.00447	0.00595	0.00714	0.00744	0.00417	0.00476	0.00714	0.00982	0.01310	0.02828	0.81633	0.03394	0.01608	0.00655	0.00208	0.00298	0.01459	0.00476	0.00417
30	0.01227	0.02530	0.14024	0.14148	0.10059	0.07927	0.09943	0.09191	0.09246	0.01755	0.04504	0.03238	0.02584	0.00642	0.00557	0.00168	0.02246	0.04997	0.00332	0.00683
31	0.01383	0.11577	0.22286	0.01150	0.01551	0.23664	0.01115	0.10254	0.01315	0.01635	0.02095	0.01276	0.01894	0.00883	0.08662	0.00212	0.00766	0.00405	0.07227	0.00651
32	0.00625	0.00449	0.00593	0.00708	0.00743	0.00417	0.00473	0.00715	0.00989	0.01312	0.02907	0.79078	0.05897	0.01597	0.00653	0.00207	0.00296	0.01446	0.00476	0.00417
33	0.01829	0.15267	0.01652	0.01251	0.01543	0.67400	0.00973	0.01967	0.01388	0.01248	0.00780	0.00909	0.00661	0.00514	0.00441	0.00129	0.00865	0.00321	0.00257	0.00605
34	0.00625	0.00447	0.00595	0.00714	0.00744	0.00417	0.00476	0.00714	0.00982	0.01310	0.02828	0.81633	0.03394	0.01608	0.00655	0.00208	0.00298	0.01459	0.00476	0.00417
35	0.05151	0.01420	0.01510	0.01161	0.01568	0.01574	0.00959	0.74165	0.02354	0.03198	0.01212	0.01217	0.00860	0.00611	0.00506	0.00154	0.00558	0.00455	0.00506	0.00860
36	0.03843	0.01240	0.01136	0.05904	0.01334	0.19446	0.03866	0.18786	0.01441	0.01949	0.01260	0.01557	0.01022	0.07253	0.00622	0.00168	0.00554	0.00460	0.27559	0.00599
37	0.01917	0.02445	0.01454	0.01322	0.01586	0.79907	0.00991	0.02049	0.01454	0.01256	0.00793	0.00925	0.00661	0.00529	0.00463	0.00132	0.00925	0.00330	0.00264	0.00595
38	0.00975	0.00923	0.01573	0.78916	0.03514	0.01144	0.03172	0.01319	0.01030	0.01319	0.00915	0.01368	0.00686	0.00511	0.00515	0.00171	0.00688	0.00459	0.00229	0.00573
39	0.00664	0.00466	0.00594	0.00670	0.00699	0.00443	0.00435	0.00743	0.00961	0.01291	0.08735	0.55386	0.03125	0.21948	0.01147	0.00278	0.00344	0.01234	0.00442	0.00395
40	0.00828	0.00586	0.00782	0.05673	0.01004	0.00571	0.00592	0.01110	0.04317	0.05054	0.56193	0.07912	0.05195	0.01050	0.00604	0.00171	0.00306	0.07009	0.00531	0.00513
41	0.00997	0.17833	0.01188	0.05322	0.01118	0.00900	0.00664	0.01245	0.07373	0.07774	0.05394	0.42223	0.03784	0.01115	0.00553	0.00176	0.00390	0.00973	0.00429	0.00550
42	0.01060	0.00912	0.01083	0.04011	0.01310	0.00703	0.00641	0.01293	0.01062	0.01657	0.00912	0.01076	0.00757	0.00385	0.00385	0.00080	0.00392	0.00310	0.00301	0.81668
43	0.01321	0.01069	0.01176	0.01057	0.02548	0.03431	0.00819	0.19362	0.35577	0.03276	0.01720	0.04556	0.01391	0.01377	0.17282	0.00307	0.00663	0.01887	0.00455	0.00726
44	0.01246	0.28805	0.29731	0.01090	0.01598	0.01406	0.01189	0.05880	0.08657	0.05666	0.02762	0.01485	0.07260	0.00583	0.00453	0.00146	0.00576	0.00443	0.00313	0.00711
45	0.01452	0.01786	0.28641	0.01322	0.05661	0.07079	0.01260	0.25635	0.05231	0.06532	0.01290	0.07931	0.01040	0.00640	0.00510	0.00160	0.00621	0.00512	0.00378	0.02319
46	0.01202	0.14192	0.12821	0.01865	0.04285	0.01378	0.51735	0.01603	0.01162	0.01567	0.01008	0.02943	0.00799	0.00466	0.00545	0.00162	0.00783	0.00538	0.00252	0.00693

[dist]
# distance from previous block
# <min> <max>
2	5

[block]
# block no. 6 follows, 48 sequences, length 47
# corresponding to MSA columns:
# 308-354
name=unknown_G
#
# <colnr> <probs for GDERKNQSTAVLIFYWHMCP>
#	G	D	E	R	K	N	Q	S	T	A	V	L	I	F	Y	W	H	M	C	P
0	0.01166	0.01065	0.01606	0.01227	0.03369	0.00951	0.20282	0.08220	0.05857	0.01807	0.01187	0.07171	0.01019	0.00526	0.00482	0.00125	0.00522	0.00501	0.00336	0.42581
1	0.01717	0.01158	0.01638	0.01877	0.31694	0.01188	0.01147	0.18856	0.04308	0.24673	0.01360	0.01416	0.00980	0.00578	0.00576	0.00159	0.04932	0.00479	0.00432	0.00830
2	0.00746	0.00497	0.00560	0.00560	0.00560	0.00497	0.00311	0.00746	0.00746	0.00995	0.01617	0.03358	0.01865	0.81967	0.02612	0.00497	0.00497	0.00746	0.00311	0.00311
3	0.01213	0.15058	0.02047	0.34566	0.08023	0.04556	0.15752	0.02649	0.01113	0.03992	0.00928	0.01248	0.00728	0.00510	0.00568	0.00161	0.05544	0.00450	0.00254	0.00641
4	0.01605	0.01933	0.01760	0.01588	0.07406	0.46751	0.12449	0.01791	0.01264	0.01341	0.00819	0.01059	0.00692	0.00582	0.00730	0.00158	0.16793	0.00405	0.00255	0.00619
5	0.00626	0.00470	0.00581	0.00661	0.00732	0.00425	0.00455	0.00734	0.01057	0.01371	0.07643	0.57590	0.22800	0.01497	0.00640	0.00197	0.00285	0.01333	0.00481	0.00425
6	0.01200	0.07175	0.02197	0.19736	0.41429	0.01277	0.16517	0.01528	0.01136	0.01555	0.00949	0.01281	0.00766	0.00463	0.00515	0.00157	0.00672	0.00473	0.00247	0.00724
7	0.01186	0.05569	0.01513	0.14598	0.23581	0.05437	0.01091	0.06988	0.03708	0.01611	0.01202	0.07179	0.01082	0.04274	0.02514	0.00191	0.08522	0.00532	0.08582	0.00641
8	0.00609	0.00508	0.00532	0.00551	0.00701	0.00431	0.00404	0.00733	0.01139	0.01374	0.04816	0.17310	0.66434	0.01349	0.00614	0.00179	0.00266	0.01144	0.00476	0.00431
9	0.01404	0.01692	0.01088	0.01008	0.01237	0.48800	0.00756	0.01535	0.01343	0.01307	0.02517	0.02496	0.31151	0.00830	0.00519	0.00148	0.00665	0.00625	0.00347	0.00532
10	0.00625	0.00447	0.00595	0.00714	0.00744	0.00417	0.00476	0.00714	0.00982	0.01310	0.02828	0.81633	0.03394	0.01608	0.00655	0.00208	0.00298	0.01459	0.00476	0.00417
11	0.06518	0.01113	0.01557	0.47680	0.17106	0.06990	0.01307	0.06675	0.01172	0.01587	0.00943	0.01288	0.00728	0.00511	0.00492	0.00161	0.00650	0.00437	0.02450	0.00635
12	0.02948	0.08731	0.03625	0.07770	0.06379	0.31717	0.01055	0.26849	0.01662	0.01974	0.00967	0.01092	0.00749	0.00544	0.00472	0.00143	0.00713	0.00390	0.01515	0.00706
13	0.00956	0.00478	0.00478	0.00478	0.00598	0.00478	0.00359	0.01196	0.01076	0.01913	0.01674	0.01913	0.01315	0.00598	0.00359	0.00120	0.00239	0.00478	0.84816	0.00478
14	0.54642	0.03948	0.00987	0.00797	0.01130	0.05410	0.00657	0.04272	0.03266	0.17400	0.01075	0.01165	0.00795	0.00540	0.00386	0.00157	0.00446	0.01895	0.00389	0.00640
15	0.00683	0.00485	0.00599	0.00647	0.00686	0.00475	0.00421	0.00751	0.00891	0.01181	0.02424	0.34621	0.09923	0.33343	0.10179	0.00386	0.00491	0.01042	0.00389	0.00381
16	0.22865	0.01340	0.01261	0.09336	0.03581	0.13370	0.00897	0.20561	0.15728	0.04505	0.01177	0.01242	0.00880	0.00568	0.00458	0.00157	0.00558	0.00418	0.00395	0.00706
17	0.01596	0.39470	0.03307	0.03253	0.01583	0.06524	0.05102	0.29745	0.01588	0.01999	0.00938	0.01031	0.00746	0.00513	0.00428	0.00134	0.00602	0.00372	0.00334	0.00735
18	0.00883	0.00449	0.00662	0.00662	0.00662	0.00449	0.00438	0.00673	0.00673	0.00897	0.00932	0.01660	0.00945	0.06239	0.02039	0.80371	0.00449	0.00462	0.00228	0.00228
19	0.03795	0.01250	0.01551	0.02640	0.19217	0.07011	0.05656	0.25897	0.04386	0.06567	0.01269	0.04098	0.01031	0.03483	0.00577	0.00164	0.00568	0.01515	0.03481	0.05846
20	0.01361	0.38511	0.26056	0.01243	0.05705	0.10884	0.01242	0.01663	0.01124	0.04840	0.00858	0.00987	0.00692	0.00485	0.00443	0.00136	0.02493	0.00338	0.00244	0.00697
21	0.00735	0.00518	0.00674	0.00669	0.00780	0.00477	0.00495	0.00939	0.01331	0.03457	0.54625	0.19863	0.08500	0.01182	0.00617	0.00174	0.00267	0.03682	0.00540	0.00475
22	0.00750	0.00554	0.00718	0.00759	0.00878	0.00529	0.00605	0.00989	0.03320	0.01689	0.29903	0.14704	0.13043	0.01277	0.00647	0.00197	0.00340	0.28118	0.00508	0.00474
23	0.01092	0.01127	0.02127	0.29685	0.02682	0.01212	0.35021	0.01526	0.06765	0.01516	0.01143	0.05780	0.00939	0.00578	0.00647	0.00178	0.06487	0.00586	0.00277	0.00633
24	0.00990	0.00819	0.00908	0.00879	0.01069	0.00898	0.00656	0.01845	0.43600	0.01820	0.06725	0.27555	0.08015	0.01049	0.00575	0.00184	0.00352	0.00915	0.00507	0.00641
25	0.02302	0.00873	0.01191	0.00913	0.01310	0.00754	0.00754	0.02501	0.01469	0.79122	0.02024	0.01746	0.01270	0.00635	0.00516	0.00159	0.00437	0.00516	0.00635	0.00873
26	0.00927	0.00842	0.01396	0.45877	0.14249	0.00960	0.02612	0.01197	0.01039	0.01373	0.01438	0.22957	0.01435	0.00798	0.00552	0.00178	0.00572	0.00729	0.00299	0.00568
27	0.00695	0.00497	0.00676	0.00794	0.00855	0.00477	0.00598	0.00835	0.01051	0.01388	0.02789	0.55327	0.03241	0.01542	0.00674	0.00218	0.00358	0.27074	0.00475	0.00436
28	0.00888	0.00451	0.00648	0.00648	0.00657	0.00451	0.00432	0.00712	0.00703	0.00973	0.00989	0.01686	0.00977	0.06152	0.01917	0.74093	0.00433	0.00465	0.06479	0.00247
29	0.01064	0.00912	0.01064	0.00760	0.01216	0.00684	0.00608	0.01292	0.01064	0.01672	0.00912	0.01064	0.00760	0.00380	0.00380	0.00076	0.00380	0.00304	0.00304	0.85104
30	0.01601	0.12517	0.01516	0.01093	0.01375	0.21983	0.06218	0.01758	0.01218	0.21274	0.01300	0.03970	0.01068	0.02806	0.06982	0.04933	0.04705	0.02686	0.00363	0.00633
31	0.00613	0.00508	0.00536	0.00554	0.00703	0.00432	0.00406	0.00739	0.01148	0.01393	0.06901	0.16978	0.64639	0.01341	0.00614	0.00178	0.00265	0.01138	0.00479	0.00432
32	0.00949	0.01904	0.49330	0.07162	0.01974	0.01007	0.05015	0.01409	0.01115	0.01598	0.07517	0.08497	0.03575	0.00714	0.00537	0.00173	0.00644	0.05921	0.00295	0.00661
33	0.01378	0.01317	0.11231	0.01061	0.01390	0.06085	0.00942	0.33922	0.01653	0.02244	0.08789	0.01664	0.01336	0.01417	0.19717	0.00315	0.00764	0.00511	0.03577	0.00687
34	0.00632	0.00457	0.00586	0.00686	0.00726	0.00424	0.00456	0.00719	0.00982	0.01293	0.02951	0.68978	0.10015	0.07518	0.00795	0.00227	0.00309	0.01372	0.00464	0.00410
35	0.29270	0.01204	0.01218	0.00974	0.01340	0.01326	0.00800	0.42525	0.01769	0.10304	0.01194	0.03825	0.00892	0.00605	0.00454	0.00158	0.00488	0.00440	0.00460	0.00754
36	0.00629	0.00454	0.00595	0.00701	0.00742	0.00421	0.00472	0.00727	0.01014	0.01347	0.06331	0.73977	0.07562	0.01566	0.00650	0.00204	0.00293	0.01415	0.00480	0.00421
37	0.01212	0.01730	0.27009	0.01895	0.08030	0.01207	0.40649	0.01667	0.01176	0.05871	0.01045	0.01289	0.00766	0.00461	0.00548	0.00164	0.00772	0.00507	0.00268	0.03734
38	0.03338	0.08195	0.39035	0.01588	0.02183	0.05638	0.26507	0.01613	0.01141	0.01588	0.01083	0.01285	0.03462	0.00496	0.00513	0.00161	0.00760	0.00466	0.00246	0.00703
39	0.01917	0.02445	0.01454	0.01322	0.01586	0.79907	0.00991	0.02049	0.01454	0.01256	0.00793	0.00925	0.00661	0.00529	0.00463	0.00132	0.00925	0.00330	0.00264	0.00595
40	0.08394	0.17404	0.08958	0.00984	0.01427	0.06914	0.00896	0.17990	0.01391	0.06463	0.00983	0.01066	0.00760	0.00487	0.00418	0.00124	0.00533	0.00352	0.00342	0.24116
41	0.00631	0.00496	0.00547	0.00581	0.00689	0.00437	0.00404	0.00731	0.01056	0.01309	0.04012	0.26805	0.46136	0.12721	0.00902	0.00229	0.00304	0.01144	0.00453	0.00411
42	0.18365	0.01378	0.08605	0.03850	0.07223	0.05137	0.00988	0.28564	0.09086	0.07560	0.01199	0.01253	0.00876	0.00565	0.00465	0.00156	0.00540	0.00426	0.03009	0.00753
43	0.00981	0.01322	0.19955	0.01327	0.01669	0.01022	0.19702	0.01360	0.05258	0.01447	0.01277	0.06518	0.01165	0.10626	0.16503	0.00343	0.08052	0.00593	0.00283	0.00596
44	0.00634	0.00473	0.00590	0.00662	0.00736	0.00429	0.00458	0.00752	0.01085	0.01423	0.13032	0.54412	0.20513	0.01467	0.00638	0.00194	0.00282	0.01306	0.00488	0.00429
45	0.01693	0.09655	0.19095	0.01170	0.01652	0.01240	0.05234	0.20083	0.06166	0.25595	0.02493	0.01400	0.01015	0.00576	0.00497	0.00155	0.00570	0.00462	0.00441	0.00806
46	0.01101	0.28262	0.25171	0.00979	0.01429	0.01228	0.01053	0.01416	0.01169	0.04373	0.18357	0.01837	0.05777	0.00639	0.00463	0.00141	0.00515	0.00505	0.00329	0.05256

[dist]
# distance from previous block
# <min> <max>
0	5

[block]
# block no. 7 follows, 48 sequences, length 49
# corresponding to MSA columns:
# 360-408
name=unknown_H
#
# <colnr> <probs for GDERKNQSTAVLIFYWHMCP>
#	G	D	E	R	K	N	Q	S	T	A	V	L	I	F	Y	W	H	M	C	P
0	0.03315	0.00842	0.01055	0.12065	0.01410	0.00982	0.00800	0.11007	0.13964	0.01791	0.01402	0.01700	0.01141	0.01565	0.23618	0.00353	0.06035	0.00504	0.15854	0.00599
1	0.01256	0.04201	0.06330	0.03746	0.19460	0.09379	0.03925	0.08641	0.05476	0.06443	0.02288	0.02313	0.22900	0.00744	0.00529	0.00158	0.00537	0.00626	0.00376	0.00671
2	0.00951	0.05529	0.21390	0.06763	0.15312	0.00928	0.01125	0.02284	0.01166	0.01631	0.18225	0.13881	0.04103	0.03734	0.00615	0.00177	0.00510	0.00706	0.00353	0.00616
3	0.01357	0.00733	0.00882	0.00742	0.01009	0.00665	0.00590	0.08619	0.01438	0.29367	0.15304	0.03275	0.31994	0.00958	0.00565	0.00164	0.00349	0.00798	0.00550	0.00640
4	0.00694	0.00475	0.00575	0.00627	0.00639	0.00463	0.00382	0.00732	0.00848	0.01131	0.02140	0.37182	0.02526	0.47242	0.01766	0.00373	0.00411	0.01054	0.00382	0.00357
