[name]
unknown

[dist]
# distance from previous block
# <min> <max>
0	263

[block]
# block no. 0 follows, 48 sequences, length 194
# corresponding to MSA columns:
# 355-392,395-407,410,412-432,435-491,494-551,553-558
name=unknown_A
#
# <colnr> <probs for GDERKNQSTAVLIFYWHMCP>
#	G	D	E	R	K	N	Q	S	T	A	V	L	I	F	Y	W	H	M	C	P
0	0.25868	0.01232	0.01213	0.00991	0.01345	0.05722	0.00816	0.35815	0.01704	0.12986	0.01269	0.01487	0.00968	0.00629	0.00468	0.00160	0.00513	0.05617	0.00457	0.00738
1	0.01191	0.25850	0.51556	0.01282	0.01913	0.06913	0.01536	0.01629	0.01097	0.01477	0.00851	0.00996	0.00653	0.00476	0.00440	0.00145	0.00709	0.00345	0.00221	0.00718
2	0.06254	0.01216	0.01214	0.01058	0.01342	0.09089	0.00835	0.07688	0.44783	0.10444	0.03653	0.01680	0.01357	0.00678	0.00588	0.00169	0.06194	0.00522	0.00476	0.00761
3	0.79772	0.01023	0.00809	0.00710	0.01034	0.01182	0.00585	0.06765	0.00980	0.02367	0.00750	0.00861	0.00578	0.00486	0.00331	0.00158	0.00409	0.00291	0.00331	0.00578
4	0.00956	0.00478	0.00478	0.00478	0.00598	0.00478	0.00359	0.01196	0.01076	0.01913	0.01674	0.01913	0.01315	0.00598	0.00359	0.00120	0.00239	0.00478	0.84816	0.00478
5	0.01173	0.06593	0.01605	0.26080	0.19438	0.01059	0.05418	0.03362	0.01240	0.08825	0.18201	0.01886	0.01696	0.00623	0.00525	0.00159	0.00544	0.00562	0.00355	0.00655
6	0.01123	0.01123	0.01572	0.01347	0.01347	0.01572	0.01123	0.01235	0.00786	0.01235	0.00674	0.01123	0.00674	0.00898	0.01684	0.00225	0.81028	0.00449	0.00225	0.00561
7	0.00735	0.00511	0.00643	0.00650	0.00680	0.00537	0.00422	0.00797	0.00784	0.01073	0.01611	0.07381	0.01772	0.53291	0.26376	0.00582	0.00757	0.00726	0.00309	0.00362
8	0.03491	0.01233	0.05854	0.01595	0.02039	0.01114	0.41483	0.01882	0.10094	0.17200	0.07404	0.01681	0.01274	0.00555	0.00565	0.00169	0.00661	0.00591	0.00388	0.00726
9	0.01824	0.01124	0.01372	0.06605	0.01582	0.01177	0.02888	0.34285	0.08161	0.26807	0.07462	0.01664	0.01345	0.00650	0.00524	0.00159	0.00503	0.00528	0.00530	0.00812
10	0.00734	0.00545	0.00799	0.00799	0.00882	0.00627	0.00609	0.00900	0.00817	0.01172	0.01398	0.02146	0.01340	0.11457	0.72403	0.00793	0.01289	0.00569	0.00278	0.00444
11	0.00703	0.00516	0.00649	0.00630	0.00743	0.00473	0.00461	0.00904	0.01336	0.01846	0.58090	0.10419	0.14368	0.05716	0.00723	0.00186	0.00264	0.00982	0.00531	0.00462
12	0.01270	0.01219	0.02083	0.03149	0.78767	0.01219	0.01575	0.01575	0.01168	0.01676	0.00965	0.01270	0.00813	0.00457	0.00508	0.00152	0.00610	0.00457	0.00254	0.00813
13	0.01029	0.02654	0.79309	0.01462	0.02221	0.01192	0.01896	0.01625	0.01083	0.01625	0.00921	0.01083	0.00650	0.00487	0.00487	0.00162	0.00758	0.00379	0.00217	0.00758
14	0.01029	0.01003	0.01298	0.01138	0.01238	0.08927	0.06633	0.01183	0.00896	0.01229	0.01063	0.01666	0.01019	0.09618	0.30570	0.00460	0.29745	0.00515	0.00258	0.00513
15	0.41595	0.01283	0.01163	0.00949	0.01307	0.05822	0.00777	0.36994	0.01629	0.02680	0.00962	0.01026	0.00710	0.00545	0.00418	0.00155	0.00506	0.00367	0.00406	0.00707
16	0.00732	0.00560	0.00803	0.05312	0.01026	0.00595	0.00627	0.00895	0.00907	0.01272	0.01817	0.29339	0.01940	0.02646	0.42587	0.00523	0.00895	0.00840	0.00344	0.06340
17	0.01347	0.62232	0.16546	0.01015	0.01500	0.07296	0.01071	0.01588	0.01079	0.01287	0.00757	0.00878	0.00657	0.00454	0.00367	0.00121	0.00613	0.00297	0.00222	0.00672
18	0.01537	0.01173	0.01271	0.01052	0.01401	0.01285	0.00840	0.25477	0.42536	0.07795	0.01717	0.01618	0.01261	0.00639	0.00506	0.00158	0.00455	0.00515	0.00508	0.08256
19	0.00741	0.00517	0.00660	0.00660	0.00695	0.00552	0.00437	0.00811	0.00776	0.01069	0.01525	0.02848	0.01644	0.52273	0.32003	0.00622	0.00831	0.00672	0.00297	0.00367
20	0.01339	0.01182	0.01517	0.48208	0.02728	0.06760	0.01235	0.23832	0.04807	0.01912	0.01050	0.01321	0.00777	0.00553	0.00510	0.00163	0.00653	0.00454	0.00328	0.00672
21	0.00701	0.00523	0.00650	0.00624	0.00748	0.00483	0.00463	0.00900	0.01309	0.01791	0.52731	0.03941	0.21080	0.05869	0.05727	0.00225	0.00332	0.00929	0.00512	0.00461
22	0.00654	0.00520	0.00587	0.00574	0.00723	0.00453	0.00429	0.00828	0.01277	0.01650	0.34171	0.06274	0.47627	0.01207	0.00607	0.00169	0.00254	0.01030	0.00511	0.00453
23	0.01301	0.44566	0.02162	0.01095	0.01345	0.06258	0.00984	0.01442	0.00961	0.01221	0.00702	0.00951	0.00665	0.00632	0.00891	0.00158	0.33479	0.00349	0.00224	0.00615
24	0.13356	0.00889	0.01133	0.00881	0.01268	0.00807	0.00728	0.02369	0.01390	0.68927	0.01850	0.01625	0.01175	0.00614	0.00490	0.00159	0.00431	0.00484	0.00593	0.00831
25	0.00740	0.00540	0.00765	0.00765	0.00859	0.00608	0.00586	0.00913	0.00861	0.01243	0.01675	0.02288	0.06695	0.07877	0.64578	0.00712	0.01169	0.00593	0.06084	0.00449
26	0.00746	0.00497	0.00560	0.00560	0.00560	0.00497	0.00311	0.00746	0.00746	0.00995	0.01617	0.03358	0.01865	0.81967	0.02612	0.00497	0.00497	0.00746	0.00311	0.00311
27	0.02054	0.01272	0.01438	0.01102	0.01509	0.01346	0.00910	0.55198	0.02136	0.25483	0.01464	0.01383	0.00989	0.00622	0.00514	0.00155	0.00527	0.00478	0.00549	0.00873
28	0.02256	0.00875	0.01185	0.00911	0.01302	0.00764	0.00752	0.03910	0.01487	0.75729	0.03914	0.01788	0.01351	0.00645	0.00518	0.00159	0.00434	0.00525	0.00631	0.00864
29	0.00956	0.00478	0.00478	0.00478	0.00598	0.00478	0.00359	0.01196	0.01076	0.01913	0.01674	0.01913	0.01315	0.00598	0.00359	0.00120	0.00239	0.00478	0.84816	0.00478
30	0.00670	0.00522	0.00608	0.00587	0.00732	0.00460	0.00440	0.00860	0.01320	0.01743	0.44157	0.04351	0.39377	0.01166	0.00606	0.00167	0.00250	0.01001	0.00523	0.00460
31	0.04050	0.02119	0.01461	0.01265	0.01573	0.55419	0.00976	0.23574	0.01715	0.01850	0.00917	0.01011	0.00719	0.00552	0.00474	0.00139	0.00808	0.00367	0.00337	0.00674
32	0.01158	0.01121	0.01954	0.30824	0.46571	0.01196	0.06762	0.01485	0.01120	0.01543	0.00951	0.01313	0.00764	0.00475	0.00517	0.00160	0.00654	0.00467	0.00245	0.00718
33	0.01229	0.49198	0.34520	0.01121	0.01692	0.01682	0.01301	0.01573	0.01059	0.01381	0.00800	0.00931	0.00655	0.00459	0.00395	0.00132	0.00636	0.00318	0.00218	0.00700
34	0.02302	0.00873	0.01191	0.00913	0.01310	0.00754	0.00754	0.02501	0.01469	0.79122	0.02024	0.01746	0.01270	0.00635	0.00516	0.00159	0.00437	0.00516	0.00635	0.00873
35	0.00969	0.00912	0.01539	0.80734	0.03534	0.01140	0.01425	0.01311	0.01026	0.01311	0.00912	0.01368	0.00684	0.00513	0.00513	0.00171	0.00684	0.00456	0.00228	0.00570
36	0.00958	0.01695	0.38809	0.33280	0.02577	0.01080	0.01540	0.01392	0.01048	0.01462	0.01140	0.10612	0.00984	0.00629	0.00517	0.00171	0.00675	0.00536	0.00252	0.00643
37	0.01124	0.01091	0.01915	0.39354	0.36587	0.01189	0.08419	0.01458	0.01106	0.01502	0.00947	0.01326	0.00749	0.00481	0.00519	0.00163	0.00668	0.00470	0.00242	0.00688
38	0.01270	0.01219	0.02083	0.03149	0.78767	0.01219	0.01575	0.01575	0.01168	0.01676	0.00965	0.01270	0.00813	0.00457	0.00508	0.00152	0.00610	0.00457	0.00254	0.00813
39	0.02295	0.00885	0.01198	0.00918	0.01316	0.00772	0.00759	0.04054	0.01488	0.77541	0.02008	0.01736	0.01262	0.00635	0.00516	0.00159	0.00439	0.00515	0.00633	0.00873
40	0.00665	0.00515	0.00611	0.00677	0.00769	0.00482	0.00473	0.00861	0.06388	0.01392	0.03508	0.52404	0.26476	0.01449	0.00631	0.00195	0.00294	0.01282	0.00480	0.00449
41	0.01643	0.01393	0.01516	0.01233	0.01497	0.07579	0.01010	0.42490	0.07308	0.02386	0.01088	0.01224	0.00845	0.00702	0.00871	0.00176	0.25426	0.00456	0.00406	0.00751
42	0.00956	0.00478	0.00478	0.00478	0.00598	0.00478	0.00359	0.01196	0.01076	0.01913	0.01674	0.01913	0.01315	0.00598	0.00359	0.00120	0.00239	0.00478	0.84816	0.00478
43	0.01053	0.00980	0.00811	0.00827	0.00945	0.20568	0.00595	0.02472	0.01141	0.01461	0.01969	0.38773	0.02109	0.01177	0.03607	0.00192	0.00489	0.00900	0.19444	0.00485
44	0.00956	0.00478	0.00478	0.00478	0.00598	0.00478	0.00359	0.01196	0.01076	0.01913	0.01674	0.01913	0.01315	0.00598	0.00359	0.00120	0.00239	0.00478	0.84816	0.00478
45	0.00792	0.00597	0.00776	0.00746	0.00774	0.00685	0.00521	0.00863	0.00776	0.01087	0.01417	0.02648	0.01528	0.47148	0.26283	0.00562	0.11475	0.00646	0.00288	0.00390
46	0.01104	0.01931	0.43196	0.03833	0.26235	0.01165	0.01628	0.01641	0.06470	0.01694	0.05414	0.01363	0.01003	0.00525	0.00504	0.00160	0.00656	0.00451	0.00270	0.00759
47	0.00956	0.00478	0.00478	0.00478	0.00598	0.00478	0.00359	0.01196	0.01076	0.01913	0.01674	0.01913	0.01315	0.00598	0.00359	0.00120	0.00239	0.00478	0.84816	0.00478
48	0.85592	0.00992	0.00754	0.00675	0.00992	0.01151	0.00556	0.01508	0.00873	0.02302	0.00714	0.00834	0.00556	0.00476	0.00318	0.00159	0.00397	0.00278	0.00318	0.00556
49	0.14754	0.01432	0.01414	0.01112	0.01499	0.06416	0.00912	0.60804	0.02117	0.02968	0.01125	0.01152	0.00811	0.00589	0.00480	0.00153	0.00561	0.00426	0.00468	0.00807
50	0.01362	0.00970	0.01144	0.00966	0.01209	0.01073	0.00767	0.36411	0.01581	0.05140	0.01358	0.01779	0.01151	0.10281	0.31901	0.00453	0.00871	0.00528	0.00404	0.00652
51	0.80736	0.01007	0.00793	0.00699	0.01022	0.01160	0.00576	0.04453	0.00944	0.03830	0.00760	0.00867	0.00582	0.00485	0.00329	0.00159	0.00404	0.00290	0.00331	0.00574
52	0.00822	0.00691	0.00785	0.00661	0.00944	0.00547	0.00505	0.00992	0.01092	0.01508	0.02840	0.14875	0.30828	0.00919	0.00508	0.00133	0.00322	0.00778	0.00396	0.39854
53	0.01211	0.01384	0.03028	0.02163	0.02682	0.01298	0.76903	0.01644	0.01211	0.01644	0.01038	0.01384	0.00779	0.00433	0.00606	0.00173	0.00865	0.00606	0.00260	0.00692
54	0.00630	0.00465	0.00589	0.00676	0.00737	0.00425	0.00462	0.00738	0.01051	0.01380	0.09008	0.62449	0.16491	0.01512	0.00643	0.00199	0.00287	0.01353	0.00483	0.00425
55	0.00738	0.00541	0.00774	0.00777	0.00851	0.00612	0.00583	0.00887	0.00819	0.01162	0.01456	0.02374	0.01439	0.18843	0.62940	0.00746	0.01182	0.02559	0.00287	0.00430
56	0.02096	0.01043	0.01266	0.00978	0.01362	0.01026	0.00806	0.28198	0.01770	0.48007	0.01728	0.01579	0.01136	0.00626	0.00505	0.00155	0.00468	0.00495	0.05908	0.00848
57	0.00956	0.00478	0.00478	0.00478	0.00598	0.00478	0.00359	0.01196	0.01076	0.01913	0.01674	0.01913	0.01315	0.00598	0.00359	0.00120	0.00239	0.00478	0.84816	0.00478
58	0.00625	0.00447	0.00595	0.00714	0.00744	0.00417	0.00476	0.00714	0.00982	0.01310	0.02828	0.81633	0.03394	0.01608	0.00655	0.00208	0.00298	0.01459	0.00476	0.00417
59	0.01073	0.01049	0.01476	0.01280	0.01292	0.01452	0.01061	0.01194	0.00791	0.01229	0.00763	0.01237	0.00752	0.01277	0.11724	0.00302	0.70808	0.00462	0.00231	0.00548
60	0.00956	0.00478	0.00478	0.00478	0.00598	0.00478	0.00359	0.01196	0.01076	0.01913	0.01674	0.01913	0.01315	0.00598	0.00359	0.00120	0.00239	0.00478	0.84816	0.00478
61	0.00606	0.00520	0.00520	0.00520	0.00693	0.00433	0.00390	0.00736	0.01170	0.01386	0.05198	0.04938	0.78558	0.01299	0.00606	0.00173	0.00260	0.01083	0.00476	0.00433
62	0.00733	0.00550	0.00825	0.00825	0.00916	0.00641	0.00641	0.00916	0.00825	0.01191	0.01374	0.02016	0.01283	0.03848	0.79934	0.00825	0.01374	0.00550	0.00275	0.00458
63	0.00746	0.00497	0.00560	0.00560	0.00560	0.00497	0.00311	0.00746	0.00746	0.00995	0.01617	0.03358	0.01865	0.81967	0.02612	0.00497	0.00497	0.00746	0.00311	0.00311
64	0.67401	0.00966	0.00850	0.00727	0.01062	0.01064	0.00599	0.01725	0.01003	0.19079	0.01001	0.01033	0.00712	0.00511	0.00361	0.00159	0.00406	0.00330	0.00387	0.00625
65	0.00956	0.00478	0.00478	0.00478	0.00598	0.00478	0.00359	0.01196	0.01076	0.01913	0.01674	0.01913	0.01315	0.00598	0.00359	0.00120	0.00239	0.00478	0.84816	0.00478
66	0.01092	0.01038	0.01761	0.49009	0.34298	0.01172	0.01486	0.01419	0.01084	0.01460	0.00934	0.01328	0.00737	0.00490	0.00511	0.00163	0.00654	0.00456	0.00239	0.00669
67	0.85592	0.00992	0.00754	0.00675	0.00992	0.01151	0.00556	0.01508	0.00873	0.02302	0.00714	0.00834	0.00556	0.00476	0.00318	0.00159	0.00397	0.00278	0.00318	0.00556
68	0.02090	0.01017	0.01377	0.01042	0.01453	0.00945	0.06086	0.16395	0.01605	0.55067	0.01744	0.01586	0.01132	0.00603	0.00514	0.00154	0.00487	0.00500	0.00567	0.05636
69	0.01123	0.01123	0.01572	0.01347	0.01347	0.01572	0.01123	0.01235	0.00786	0.01235	0.00674	0.01123	0.00674	0.00898	0.01684	0.00225	0.81028	0.00449	0.00225	0.00561
70	0.00623	0.00521	0.00534	0.00538	0.00700	0.00443	0.00402	0.00749	0.01146	0.01370	0.04900	0.04881	0.71324	0.05877	0.00724	0.00194	0.00281	0.03898	0.00467	0.00428
71	0.03563	0.05288	0.01373	0.01133	0.01413	0.22650	0.05146	0.02132	0.31143	0.07593	0.01639	0.07109	0.03056	0.00698	0.00552	0.00162	0.03694	0.00554	0.00410	0.00691
72	0.01494	0.11183	0.28847	0.01231	0.01754	0.01471	0.01270	0.34544	0.09279	0.02328	0.01148	0.01200	0.00839	0.00558	0.00484	0.00154	0.00615	0.00423	0.00376	0.00802
73	0.01123	0.01123	0.01572	0.01347	0.01347	0.01572	0.01123	0.01235	0.00786	0.01235	0.00674	0.01123	0.00674	0.00898	0.01684	0.00225	0.81028	0.00449	0.00225	0.00561
74	0.00703	0.00495	0.00678	0.00756	0.00820	0.00503	0.00557	0.00847	0.00972	0.01349	0.02342	0.45032	0.02624	0.02113	0.21912	0.00371	0.00604	0.10471	0.06412	0.00439
75	0.01131	0.01167	0.07135	0.44381	0.28861	0.01196	0.01483	0.05716	0.01157	0.01566	0.00949	0.01307	0.00736	0.00498	0.00510	0.00163	0.00657	0.00451	0.00252	0.00683
76	0.01741	0.01093	0.01585	0.01236	0.01569	0.01137	0.12991	0.18722	0.01505	0.31383	0.01541	0.03734	0.01160	0.00708	0.00725	0.00176	0.12993	0.04772	0.00471	0.00762
77	0.01311	0.01192	0.01739	0.02323	0.48116	0.01260	0.01282	0.06245	0.27256	0.01924	0.01361	0.01486	0.01072	0.00547	0.00513	0.00160	0.00538	0.00499	0.00360	0.00816
78	0.01249	0.01198	0.02045	0.08548	0.73532	0.01214	0.01564	0.01556	0.01158	0.01651	0.00961	0.01277	0.00804	0.00461	0.00508	0.00154	0.00615	0.00457	0.00252	0.00796
79	0.01123	0.01123	0.01572	0.01347	0.01347	0.01572	0.01123	0.01235	0.00786	0.01235	0.00674	0.01123	0.00674	0.00898	0.01684	0.00225	0.81028	0.00449	0.00225	0.00561
80	0.01343	0.01292	0.01177	0.01045	0.01225	0.22315	0.00806	0.16411	0.01301	0.01608	0.01151	0.01643	0.01044	0.12187	0.22483	0.00382	0.09581	0.00487	0.01948	0.00570
81	0.00682	0.00536	0.00624	0.00641	0.00791	0.00479	0.00507	0.00860	0.01235	0.01568	0.20941	0.04880	0.45506	0.01270	0.00629	0.00185	0.00303	0.17415	0.00495	0.00453
82	0.02182	0.00861	0.01163	0.00900	0.01278	0.00754	0.00740	0.04116	0.01489	0.71893	0.07438	0.01883	0.01515	0.00664	0.00522	0.00159	0.00426	0.00544	0.00627	0.00846
83	0.00625	0.00447	0.00595	0.00714	0.00744	0.00417	0.00476	0.00714	0.00982	0.01310	0.02828	0.81633	0.03394	0.01608	0.00655	0.00208	0.00298	0.01459	0.00476	0.00417
84	0.01029	0.02654	0.79309	0.01462	0.02221	0.01192	0.01896	0.01625	0.01083	0.01625	0.00921	0.01083	0.00650	0.00487	0.00487	0.00162	0.00758	0.00379	0.00217	0.00758
85	0.00625	0.00447	0.00595	0.00714	0.00744	0.00417	0.00476	0.00714	0.00982	0.01310	0.02828	0.81633	0.03394	0.01608	0.00655	0.00208	0.00298	0.01459	0.00476	0.00417
86	0.01638	0.01136	0.01206	0.00960	0.01279	0.01241	0.00781	0.53203	0.01992	0.02818	0.01371	0.01446	0.01012	0.00610	0.00465	0.00143	0.00462	0.00467	0.27020	0.00749
87	0.00942	0.00852	0.01205	0.01085	0.01122	0.01128	0.00876	0.01075	0.00798	0.01201	0.01017	0.01632	0.00998	0.07707	0.32737	0.00481	0.43880	0.00510	0.00250	0.00503
88	0.80850	0.01018	0.00799	0.00703	0.01026	0.01176	0.00579	0.05791	0.00960	0.02355	0.00744	0.00856	0.00574	0.00484	0.00329	0.00158	0.00406	0.00288	0.00329	0.00574
89	0.01067	0.00864	0.01005	0.00998	0.01208	0.00957	0.00819	0.01952	0.42147	0.01862	0.02381	0.03718	0.02212	0.01032	0.00609	0.00203	0.00437	0.35376	0.00499	0.00654
90	0.00621	0.00461	0.00580	0.00676	0.00734	0.00420	0.00459	0.00719	0.01019	0.01325	0.03296	0.66501	0.18223	0.01547	0.00645	0.00201	0.00290	0.01385	0.00476	0.00420
91	0.00733	0.00548	0.00818	0.00818	0.00907	0.00638	0.00633	0.00912	0.00823	0.01186	0.01381	0.02051	0.01298	0.05908	0.77895	0.00816	0.01351	0.00555	0.00276	0.00454
92	0.00956	0.00478	0.00478	0.00478	0.00598	0.00478	0.00359	0.01196	0.01076	0.01913	0.01674	0.01913	0.01315	0.00598	0.00359	0.00120	0.00239	0.00478	0.84816	0.00478
93	0.01049	0.01034	0.01083	0.01014	0.01123	0.16608	0.00795	0.01210	0.00949	0.01231	0.01133	0.01626	0.01044	0.02541	0.47141	0.00554	0.16381	0.00485	0.02493	0.00505
94	0.03522	0.01186	0.01883	0.01441	0.03671	0.01180	0.24842	0.18937	0.01542	0.29694	0.01405	0.01450	0.00966	0.00574	0.00605	0.00166	0.05173	0.00522	0.00450	0.00790
95	0.00956	0.00478	0.00478	0.00478	0.00598	0.00478	0.00359	0.01196	0.01076	0.01913	0.01674	0.01913	0.01315	0.00598	0.00359	0.00120	0.00239	0.00478	0.84816	0.00478
96	0.01002	0.00956	0.01649	0.71466	0.08837	0.01153	0.05045	0.01346	0.01045	0.01353	0.00922	0.01362	0.00698	0.00505	0.00517	0.00170	0.00687	0.00463	0.00231	0.00593
97	0.01372	0.82276	0.02689	0.00878	0.01317	0.02030	0.00878	0.01536	0.01043	0.01207	0.00713	0.00823	0.00658	0.00439	0.00329	0.00110	0.00549	0.00274	0.00219	0.00658
98	0.00740	0.00497	0.00573	0.00578	0.00584	0.00500	0.00333	0.00752	0.00761	0.01018	0.01664	0.07044	0.01914	0.74808	0.05801	0.00498	0.00525	0.00772	0.00317	0.00322
99	0.00637	0.00547	0.00549	0.00544	0.00723	0.00472	0.00409	0.00828	0.04706	0.01421	0.05055	0.04799	0.75008	0.01272	0.00603	0.00173	0.00267	0.01060	0.00479	0.00451
100	0.00733	0.00550	0.00825	0.00825	0.00916	0.00641	0.00641	0.00916	0.00825	0.01191	0.01374	0.02016	0.01283	0.03848	0.79934	0.00825	0.01374	0.00550	0.00275	0.00458
101	0.01343	0.60543	0.02385	0.01000	0.01336	0.03896	0.00937	0.03112	0.01026	0.01258	0.00718	0.00901	0.00666	0.00547	0.00636	0.00137	0.18372	0.00318	0.00228	0.00640
102	0.03751	0.01149	0.01338	0.09354	0.01635	0.02916	0.00899	0.32351	0.05804	0.25563	0.01530	0.01495	0.02786	0.00609	0.00502	0.00153	0.00514	0.00480	0.00495	0.06675
103	0.01039	0.01474	0.24349	0.44118	0.16205	0.01169	0.01588	0.01448	0.01067	0.01466	0.00924	0.01268	0.00696	0.00496	0.00505	0.00165	0.00693	0.00434	0.00229	0.00667
104	0.01309	0.00819	0.00855	0.00728	0.00950	0.00873	0.00578	0.28121	0.01550	0.02382	0.01517	0.01671	0.01158	0.00604	0.00414	0.00132	0.00355	0.00472	0.54894	0.00618
105	0.01048	0.01074	0.02079	0.44058	0.03014	0.01168	0.31262	0.01415	0.01085	0.01434	0.00994	0.01419	0.00763	0.00713	0.06076	0.00217	0.00804	0.00522	0.00244	0.00611
106	0.01337	0.05247	0.44119	0.01200	0.01770	0.01081	0.01367	0.01881	0.09328	0.19715	0.01591	0.01584	0.06313	0.00599	0.00499	0.00161	0.00602	0.00477	0.00365	0.00764
107	0.00646	0.00527	0.00616	0.00618	0.00763	0.00497	0.00470	0.00791	0.01059	0.01324	0.03963	0.05803	0.52966	0.02094	0.25102	0.00375	0.00605	0.00927	0.00414	0.00440
108	0.02302	0.00873	0.01191	0.00913	0.01310	0.00754	0.00754	0.02501	0.01469	0.79122	0.02024	0.01746	0.01270	0.00635	0.00516	0.00159	0.00437	0.00516	0.00635	0.00873
109	0.05546	0.01546	0.32982	0.05612	0.01645	0.00972	0.01184	0.09176	0.02992	0.05319	0.03259	0.22004	0.03947	0.00838	0.00534	0.00174	0.00547	0.00708	0.00362	0.00652
110	0.00869	0.00783	0.01203	0.22542	0.12573	0.00808	0.05200	0.01145	0.02506	0.01583	0.19421	0.02966	0.24658	0.00855	0.00566	0.00167	0.00456	0.00757	0.00387	0.00556
111	0.01547	0.01830	0.01509	0.01334	0.01475	0.43434	0.01052	0.01670	0.01143	0.01246	0.00737	0.01017	0.00667	0.00701	0.01031	0.00175	0.38222	0.00386	0.00246	0.00579
112	0.00808	0.00700	0.01094	0.43463	0.02231	0.00804	0.00977	0.01035	0.01019	0.01316	0.01972	0.33292	0.07284	0.01001	0.00576	0.00186	0.00501	0.00896	0.00344	0.00500
113	0.01101	0.01013	0.01706	0.33679	0.39554	0.01103	0.01402	0.01384	0.01081	0.01474	0.01039	0.01583	0.00888	0.00617	0.00616	0.05526	0.00621	0.04700	0.00254	0.00660
114	0.00798	0.00659	0.01011	0.18767	0.12330	0.00691	0.00839	0.00977	0.01020	0.01373	0.02120	0.51057	0.02392	0.01184	0.00597	0.00191	0.00426	0.01077	0.01984	0.00508
115	0.01029	0.02654	0.79309	0.01462	0.02221	0.01192	0.01896	0.01625	0.01083	0.01625	0.00921	0.01083	0.00650	0.00487	0.00487	0.00162	0.00758	0.00379	0.00217	0.00758
116	0.02275	0.00879	0.01190	0.00916	0.01310	0.00768	0.00756	0.02507	0.03483	0.77092	0.02026	0.01751	0.01278	0.00637	0.00516	0.00159	0.00436	0.00518	0.00632	0.00872
117	0.01159	0.01108	0.01870	0.29966	0.48977	0.01209	0.01501	0.01467	0.01101	0.01529	0.00933	0.01297	0.00761	0.00498	0.00566	0.00162	0.04481	0.00456	0.00244	0.00717
118	0.01618	0.44615	0.02129	0.01002	0.01421	0.01800	0.00909	0.34902	0.01649	0.02119	0.00965	0.01030	0.00769	0.00521	0.00411	0.00130	0.00548	0.00362	0.02352	0.00749
119	0.00633	0.00453	0.00602	0.00709	0.00746	0.00422	0.00477	0.00734	0.01018	0.01367	0.08642	0.75655	0.03505	0.01565	0.00651	0.00205	0.00293	0.01418	0.00483	0.00422
120	0.01478	0.15712	0.02371	0.01603	0.02019	0.24382	0.35734	0.05731	0.01313	0.01545	0.00935	0.01157	0.00741	0.00475	0.00505	0.00148	0.00797	0.00457	0.02232	0.00662
121	0.01270	0.01219	0.02083	0.03149	0.78767	0.01219	0.01575	0.01575	0.01168	0.01676	0.00965	0.01270	0.00813	0.00457	0.00508	0.00152	0.00610	0.00457	0.00254	0.00813
122	0.01951	0.01437	0.01540	0.01181	0.01591	0.01591	0.00975	0.77056	0.02412	0.03234	0.01232	0.01232	0.00873	0.00616	0.00513	0.00154	0.00565	0.00462	0.00513	0.00873
123	0.00620	0.00466	0.00575	0.00663	0.00731	0.00421	0.00453	0.00720	0.01032	0.01330	0.03458	0.61255	0.23365	0.01526	0.00642	0.00199	0.00288	0.01359	0.00476	0.00421
124	0.27748	0.01268	0.01280	0.02713	0.01435	0.01419	0.00846	0.48676	0.03630	0.04628	0.01103	0.01139	0.00796	0.00573	0.00453	0.00156	0.00509	0.00409	0.00450	0.00767
125	0.00891	0.00446	0.00668	0.00668	0.00668	0.00446	0.00446	0.00668	0.00668	0.00891	0.00891	0.01560	0.00891	0.01783	0.02005	0.85071	0.00446	0.00446	0.00223	0.00223
126	0.01048	0.01024	0.01791	0.38413	0.02665	0.01128	0.21992	0.01561	0.12571	0.01565	0.05031	0.05293	0.02406	0.00607	0.00552	0.00173	0.00647	0.00594	0.00312	0.00626
127	0.01064	0.00912	0.01064	0.00760	0.01216	0.00684	0.00608	0.01292	0.01064	0.01672	0.00912	0.01064	0.00760	0.00380	0.00380	0.00076	0.00380	0.00304	0.00304	0.85104
128	0.00891	0.00446	0.00668	0.00668	0.00668	0.00446	0.00446	0.00668	0.00668	0.00891	0.00891	0.01560	0.00891	0.01783	0.02005	0.85071	0.00446	0.00446	0.00223	0.00223
129	0.01123	0.00877	0.00953	0.02541	0.01124	0.00905	0.00668	0.25215	0.08552	0.02096	0.08495	0.03380	0.35805	0.01000	0.00573	0.00170	0.00390	0.05024	0.00493	0.00616
130	0.01079	0.00925	0.01071	0.00780	0.01224	0.00725	0.00622	0.01392	0.06406	0.01705	0.00994	0.01123	0.00816	0.00402	0.00390	0.00083	0.00382	0.00323	0.00319	0.79239
131	0.01599	0.01263	0.01342	0.01109	0.01457	0.01427	0.00890	0.38302	0.41739	0.02667	0.01678	0.01588	0.01234	0.00658	0.00518	0.00164	0.00482	0.00524	0.00518	0.00841
132	0.01461	0.01018	0.01484	0.15193	0.15286	0.00976	0.04632	0.06954	0.02504	0.20816	0.01243	0.01362	0.00903	0.00503	0.00481	0.00138	0.00523	0.00439	0.00380	0.23704
133	0.01006	0.01019	0.06874	0.02062	0.42544	0.00905	0.01163	0.01258	0.01126	0.01587	0.07760	0.26852	0.01939	0.00870	0.00561	0.00172	0.00492	0.00806	0.00347	0.00658
134	0.06925	0.04149	0.70616	0.01432	0.03750	0.01207	0.01775	0.01614	0.01070	0.01665	0.00903	0.01065	0.00647	0.00485	0.00473	0.00161	0.00726	0.00372	0.00225	0.00743
135	0.00985	0.00838	0.00879	0.00810	0.01045	0.00893	0.00624	0.03345	0.40603	0.01853	0.07674	0.03245	0.33221	0.00961	0.00561	0.00173	0.00340	0.00803	0.00506	0.00640
136	0.01566	0.17012	0.23780	0.01281	0.01717	0.43410	0.01228	0.01835	0.01274	0.01352	0.00815	0.00952	0.00657	0.00501	0.00445	0.00137	0.00809	0.00334	0.00243	0.00653
137	0.00632	0.00452	0.00602	0.00710	0.00746	0.00421	0.00477	0.00732	0.01015	0.01362	0.08093	0.76219	0.03494	0.01569	0.00651	0.00205	0.00294	0.01422	0.00482	0.00421
138	0.00658	0.00470	0.00634	0.00752	0.00797	0.00445	0.00534	0.00772	0.01015	0.01347	0.02810	0.69137	0.03321	0.01576	0.00664	0.00213	0.00326	0.13626	0.00476	0.00426
139	0.00652	0.00483	0.00669	0.06977	0.00963	0.00473	0.00551	0.00761	0.00986	0.01310	0.02678	0.75350	0.03182	0.01522	0.00644	0.00205	0.00328	0.01380	0.00457	0.00429
140	0.01854	0.01115	0.01636	0.01782	0.27705	0.05437	0.06344	0.02101	0.01348	0.43037	0.01526	0.01513	0.01046	0.00555	0.00516	0.00156	0.00553	0.00492	0.00459	0.00824
141	0.01789	0.02239	0.01417	0.01289	0.01526	0.69951	0.00974	0.01924	0.01372	0.01250	0.00827	0.01012	0.00705	0.00781	0.06061	0.00186	0.05498	0.00352	0.00263	0.00583
142	0.01377	0.00906	0.01098	0.00804	0.01242	0.00714	0.00649	0.01623	0.02764	0.20984	0.01214	0.01252	0.00904	0.00450	0.00417	0.00099	0.00395	0.00363	0.00391	0.62356
143	0.01096	0.01042	0.01769	0.47963	0.35312	0.01173	0.01488	0.01422	0.01086	0.01465	0.00934	0.01327	0.00738	0.00489	0.00511	0.00163	0.00653	0.00456	0.00239	0.00673
144	0.00969	0.00912	0.01539	0.80734	0.03534	0.01140	0.01425	0.01311	0.01026	0.01311	0.00912	0.01368	0.00684	0.00513	0.00513	0.00171	0.00684	0.00456	0.00228	0.00570
145	0.00969	0.00912	0.01539	0.80734	0.03534	0.01140	0.01425	0.01311	0.01026	0.01311	0.00912	0.01368	0.00684	0.00513	0.00513	0.00171	0.00684	0.00456	0.00228	0.00570
146	0.00948	0.00890	0.01163	0.05295	0.01234	0.04684	0.00874	0.01075	0.00910	0.01271	0.01524	0.28296	0.01697	0.01319	0.06636	0.00254	0.38029	0.03075	0.00322	0.00505
147	0.00722	0.00524	0.00680	0.00641	0.00764	0.00482	0.00481	0.00960	0.01442	0.02033	0.75847	0.03873	0.07506	0.01058	0.00605	0.00162	0.00243	0.00934	0.00562	0.00482
148	0.01189	0.01055	0.01443	0.35885	0.10048	0.01233	0.01166	0.07168	0.31557	0.01812	0.01405	0.01565	0.01059	0.00587	0.00516	0.00169	0.00558	0.00506	0.00367	0.00711
149	0.01850	0.00887	0.01144	0.00857	0.01276	0.00729	0.00701	0.02059	0.01321	0.50817	0.01618	0.01497	0.01084	0.00542	0.00466	0.00129	0.00416	0.00439	0.00514	0.31657
150	0.01340	0.01525	0.01056	0.01020	0.01179	0.42913	0.00738	0.01454	0.01223	0.01282	0.03450	0.25467	0.01726	0.08392	0.02735	0.00206	0.00676	0.00731	0.02382	0.00506
151	0.01270	0.01574	0.19408	0.01498	0.01977	0.01296	0.24569	0.09848	0.29043	0.01986	0.01412	0.01492	0.01044	0.00559	0.00539	0.00169	0.00644	0.00530	0.00371	0.00769
152	0.01543	0.01235	0.01311	0.01098	0.01436	0.01401	0.00877	0.32163	0.47969	0.02577	0.01749	0.01644	0.01292	0.00664	0.00519	0.00166	0.00469	0.00533	0.00519	0.00836
153	0.00609	0.00511	0.00529	0.00544	0.00699	0.00431	0.00400	0.00734	0.01147	0.01377	0.04906	0.14371	0.69314	0.01337	0.00612	0.00178	0.00265	0.01129	0.00476	0.00431
154	0.85592	0.00992	0.00754	0.00675	0.00992	0.01151	0.00556	0.01508	0.00873	0.02302	0.00714	0.00834	0.00556	0.00476	0.00318	0.00159	0.00397	0.00278	0.00318	0.00556
155	0.00625	0.00447	0.00595	0.00714	0.00744	0.00417	0.00476	0.00714	0.00982	0.01310	0.02828	0.81633	0.03394	0.01608	0.00655	0.00208	0.00298	0.01459	0.00476	0.00417
156	0.00969	0.00912	0.01539	0.80734	0.03534	0.01140	0.01425	0.01311	0.01026	0.01311	0.00912	0.01368	0.00684	0.00513	0.00513	0.00171	0.00684	0.00456	0.00228	0.00570
157	0.85592	0.00992	0.00754	0.00675	0.00992	0.01151	0.00556	0.01508	0.00873	0.02302	0.00714	0.00834	0.00556	0.00476	0.00318	0.00159	0.00397	0.00278	0.00318	0.00556
158	0.00625	0.00447	0.00595	0.00714	0.00744	0.00417	0.00476	0.00714	0.00982	0.01310	0.02828	0.81633	0.03394	0.01608	0.00655	0.00208	0.00298	0.01459	0.00476	0.00417
159	0.00636	0.00477	0.00593	0.00683	0.00748	0.00440	0.00467	0.00766	0.02806	0.01345	0.03291	0.64258	0.18564	0.01524	0.00642	0.00200	0.00293	0.01362	0.00477	0.00429
160	0.01917	0.02445	0.01454	0.01322	0.01586	0.79907	0.00991	0.02049	0.01454	0.01256	0.00793	0.00925	0.00661	0.00529	0.00463	0.00132	0.00925	0.00330	0.00264	0.00595
161	0.00625	0.00448	0.00594	0.00710	0.00743	0.00417	0.00474	0.00715	0.00987	0.01312	0.02883	0.79851	0.05140	0.01600	0.00654	0.00208	0.00297	0.01450	0.00476	0.00417
162	0.85592	0.00992	0.00754	0.00675	0.00992	0.01151	0.00556	0.01508	0.00873	0.02302	0.00714	0.00834	0.00556	0.00476	0.00318	0.00159	0.00397	0.00278	0.00318	0.00556
163	0.02021	0.01251	0.01463	0.01210	0.05879	0.01312	0.00941	0.49756	0.02051	0.26578	0.01461	0.01393	0.00992	0.00613	0.00514	0.00155	0.00528	0.00478	0.00536	0.00869
164	0.01276	0.01102	0.01160	0.01044	0.01334	0.01276	0.00812	0.02727	0.77840	0.02146	0.02088	0.01914	0.01566	0.00696	0.00522	0.00174	0.00406	0.00580	0.00522	0.00812
165	0.00956	0.00478	0.00478	0.00478	0.00598	0.00478	0.00359	0.01196	0.01076	0.01913	0.01674	0.01913	0.01315	0.00598	0.00359	0.00120	0.00239	0.00478	0.84816	0.00478
166	0.00746	0.00497	0.00560	0.00560	0.00560	0.00497	0.00311	0.00746	0.00746	0.00995	0.01617	0.03358	0.01865	0.81967	0.02612	0.00497	0.00497	0.00746	0.00311	0.00311
167	0.00827	0.00591	0.00827	0.00945	0.01063	0.00591	0.00827	0.01063	0.01181	0.01536	0.02717	0.05788	0.02953	0.01417	0.00709	0.00236	0.00472	0.75313	0.00472	0.00472
168	0.01917	0.02445	0.01454	0.01322	0.01586	0.79907	0.00991	0.02049	0.01454	0.01256	0.00793	0.00925	0.00661	0.00529	0.00463	0.00132	0.00925	0.00330	0.00264	0.00595
169	0.00956	0.00478	0.00478	0.00478	0.00598	0.00478	0.00359	0.01196	0.01076	0.01913	0.01674	0.01913	0.01315	0.00598	0.00359	0.00120	0.00239	0.00478	0.84816	0.00478
170	0.00606	0.00520	0.00520	0.00520	0.00693	0.00433	0.00390	0.00736	0.01170	0.01386	0.05198	0.04938	0.78558	0.01299	0.00606	0.00173	0.00260	0.01083	0.00476	0.00433
171	0.00728	0.00523	0.00677	0.00640	0.00752	0.00485	0.00472	0.00953	0.01403	0.01984	0.73147	0.03800	0.04634	0.06679	0.00745	0.00185	0.00260	0.00915	0.00547	0.00472
172	0.01211	0.01384	0.03028	0.02163	0.02682	0.01298	0.76903	0.01644	0.01211	0.01644	0.01038	0.01384	0.00779	0.00433	0.00606	0.00173	0.00865	0.00606	0.00260	0.00692
173	0.02302	0.00873	0.01191	0.00913	0.01310	0.00754	0.00754	0.02501	0.01469	0.79122	0.02024	0.01746	0.01270	0.00635	0.00516	0.00159	0.00437	0.00516	0.00635	0.00873
174	0.00625	0.00447	0.00595	0.00714	0.00744	0.00417	0.00476	0.00714	0.00982	0.01310	0.02828	0.81633	0.03394	0.01608	0.00655	0.00208	0.00298	0.01459	0.00476	0.00417
175	0.00643	0.00521	0.00571	0.00559	0.00716	0.00449	0.00419	0.00808	0.01257	0.01593	0.27831	0.04597	0.55796	0.01222	0.00606	0.00170	0.00254	0.01035	0.00504	0.00449
176	0.01123	0.01123	0.01572	0.01347	0.01347	0.01572	0.01123	0.01235	0.00786	0.01235	0.00674	0.01123	0.00674	0.00898	0.01684	0.00225	0.81028	0.00449	0.00225	0.00561
177	0.01276	0.01102	0.01160	0.01044	0.01334	0.01276	0.00812	0.02727	0.77840	0.02146	0.02088	0.01914	0.01566	0.00696	0.00522	0.00174	0.00406	0.00580	0.00522	0.00812
178	0.01064	0.00912	0.01064	0.00760	0.01216	0.00684	0.00608	0.01292	0.01064	0.01672	0.00912	0.01064	0.00760	0.00380	0.00380	0.00076	0.00380	0.00304	0.00304	0.85104
179	0.00625	0.00447	0.00595	0.00714	0.00744	0.00417	0.00476	0.00714	0.00982	0.01310	0.02828	0.81633	0.03394	0.01608	0.00655	0.00208	0.00298	0.01459	0.00476	0.00417
180	0.00625	0.00447	0.00595	0.00714	0.00744	0.00417	0.00476	0.00714	0.00982	0.01310	0.02828	0.81633	0.03394	0.01608	0.00655	0.00208	0.00298	0.01459	0.00476	0.00417
181	0.01481	0.01185	0.01517	0.32681	0.02321	0.01386	0.01149	0.40036	0.01719	0.02303	0.01077	0.01294	0.00794	0.00594	0.00591	0.00165	0.06203	0.00459	0.02323	0.00722
182	0.01336	0.74765	0.04389	0.06448	0.01492	0.01949	0.00940	0.01523	0.01042	0.01224	0.00732	0.00867	0.00660	0.00445	0.00346	0.00115	0.00563	0.00289	0.00220	0.00655
183	0.00733	0.00550	0.00825	0.00825	0.00916	0.00641	0.00641	0.00916	0.00825	0.01191	0.01374	0.02016	0.01283	0.03848	0.79934	0.00825	0.01374	0.00550	0.00275	0.00458
184	0.00746	0.00497	0.00560	0.00560	0.00560	0.00497	0.00311	0.00746	0.00746	0.00995	0.01617	0.03358	0.01865	0.81967	0.02612	0.00497	0.00497	0.00746	0.00311	0.00311
185	0.00701	0.00501	0.00683	0.00802	0.00865	0.00483	0.00609	0.00846	0.01058	0.01395	0.02786	0.52936	0.03227	0.01536	0.00675	0.00219	0.00364	0.29402	0.00475	0.00438
186	0.02028	0.01313	0.01463	0.01122	0.01529	0.01407	0.00927	0.60618	0.02204	0.19966	0.01407	0.01345	0.00960	0.00620	0.00514	0.00155	0.00536	0.00474	0.00540	0.00873
187	0.01160	0.33015	0.50093	0.01240	0.01876	0.01511	0.01508	0.01591	0.01068	0.01466	0.00842	0.00984	0.00653	0.00469	0.00427	0.00142	0.00678	0.00339	0.00218	0.00720
188	0.00894	0.00805	0.01317	0.54866	0.07050	0.00950	0.01179	0.01166	0.01022	0.01331	0.01429	0.22898	0.01418	0.00804	0.00551	0.00180	0.00576	0.00725	0.00296	0.00543
189	0.01123	0.01123	0.01572	0.01347	0.01347	0.01572	0.01123	0.01235	0.00786	0.01235	0.00674	0.01123	0.00674	0.00898	0.01684	0.00225	0.81028	0.00449	0.00225	0.00561
190	0.01135	0.27239	0.55650	0.01282	0.01942	0.01451	0.01582	0.01598	0.01071	0.01496	0.00857	0.01003	0.00653	0.00473	0.00439	0.00146	0.00694	0.00347	0.00218	0.00727
191	0.00956	0.00478	0.00478	0.00478	0.00598	0.00478	0.00359	0.01196	0.01076	0.01913	0.01674	0.01913	0.01315	0.00598	0.00359	0.00120	0.00239	0.00478	0.84816	0.00478
192	0.27495	0.01344	0.01127	0.00994	0.01300	0.15381	0.00782	0.09874	0.32608	0.02147	0.01344	0.01333	0.01020	0.00590	0.00447	0.00160	0.00513	0.00430	0.00412	0.00700
193	0.01805	0.01108	0.01315	0.01116	0.05606	0.01126	0.00856	0.29246	0.11509	0.27824	0.01791	0.01689	0.05485	0.00646	0.00511	0.00154	0.00474	0.00519	0.00524	0.06698

[dist]
# distance from previous block
# <min> <max>
0	1

[block]
# block no. 1 follows, 48 sequences, length 70
# corresponding to MSA columns:
# 561-630
name=unknown_B
#
# <colnr> <probs for GDERKNQSTAVLIFYWHMCP>
#	G	D	E	R	K	N	Q	S	T	A	V	L	I	F	Y	W	H	M	C	P
0	0.01704	0.01324	0.01377	0.01119	0.01471	0.04611	0.00901	0.48450	0.22485	0.04314	0.01546	0.05745	0.01194	0.00688	0.00521	0.00162	0.00520	0.00543	0.00506	0.00821
1	0.02015	0.01229	0.01398	0.01083	0.01481	0.01296	0.00891	0.47317	0.07664	0.27848	0.01553	0.01450	0.01053	0.00628	0.00515	0.00157	0.00511	0.00488	0.00554	0.00868
2	0.01379	0.00822	0.01126	0.00991	0.01164	0.00898	0.00802	0.01537	0.01126	0.27747	0.03599	0.18124	0.01773	0.00994	0.00902	0.00194	0.23876	0.08873	0.00452	0.03623
3	0.01292	0.01260	0.02062	0.03088	0.76165	0.03871	0.01555	0.01591	0.01178	0.01662	0.00959	0.01258	0.00808	0.00460	0.00506	0.00152	0.00620	0.00453	0.00254	0.00805
4	0.00956	0.00478	0.00478	0.00478	0.00598	0.00478	0.00359	0.01196	0.01076	0.01913	0.01674	0.01913	0.01315	0.00598	0.00359	0.00120	0.00239	0.00478	0.84816	0.00478
5	0.00625	0.00447	0.00595	0.00714	0.00744	0.00417	0.00476	0.00714	0.00982	0.01310	0.02828	0.81633	0.03394	0.01608	0.00655	0.00208	0.00298	0.01459	0.00476	0.00417
6	0.00726	0.00524	0.00686	0.00646	0.00767	0.00484	0.00484	0.00968	0.01452	0.02058	0.78496	0.03833	0.04841	0.01049	0.00605	0.00161	0.00242	0.00928	0.00565	0.00484
7	0.00956	0.00478	0.00478	0.00478	0.00598	0.00478	0.00359	0.01196	0.01076	0.01913	0.01674	0.01913	0.01315	0.00598	0.00359	0.00120	0.00239	0.00478	0.84816	0.00478
8	0.01029	0.02654	0.79309	0.01462	0.02221	0.01192	0.01896	0.01625	0.01083	0.01625	0.00921	0.01083	0.00650	0.00487	0.00487	0.00162	0.00758	0.00379	0.00217	0.00758
9	0.00720	0.00524	0.00677	0.00639	0.00763	0.00481	0.00479	0.00956	0.01437	0.02021	0.74546	0.03892	0.08814	0.01062	0.00605	0.00162	0.00243	0.00936	0.00560	0.00481
10	0.01959	0.01423	0.01531	0.01174	0.01584	0.01570	0.00970	0.75204	0.02389	0.05119	0.01252	0.01245	0.00882	0.00616	0.00513	0.00154	0.00561	0.00463	0.00516	0.00873
11	0.00969	0.00912	0.01539	0.80734	0.03534	0.01140	0.01425	0.01311	0.01026	0.01311	0.00912	0.01368	0.00684	0.00513	0.00513	0.00171	0.00684	0.00456	0.00228	0.00570
12	0.00625	0.00447	0.00595	0.00714	0.00744	0.00417	0.00476	0.00714	0.00982	0.01310	0.02828	0.81633	0.03394	0.01608	0.00655	0.00208	0.00298	0.01459	0.00476	0.00417
13	0.00746	0.00497	0.00560	0.00560	0.00560	0.00497	0.00311	0.00746	0.00746	0.00995	0.01617	0.03358	0.01865	0.81967	0.02612	0.00497	0.00497	0.00746	0.00311	0.00311
14	0.01211	0.01384	0.03028	0.02163	0.02682	0.01298	0.76903	0.01644	0.01211	0.01644	0.01038	0.01384	0.00779	0.00433	0.00606	0.00173	0.00865	0.00606	0.00260	0.00692
15	0.01029	0.02654	0.79309	0.01462	0.02221	0.01192	0.01896	0.01625	0.01083	0.01625	0.00921	0.01083	0.00650	0.00487	0.00487	0.00162	0.00758	0.00379	0.00217	0.00758
16	0.00746	0.00497	0.00560	0.00560	0.00560	0.00497	0.00311	0.00746	0.00746	0.00995	0.01617	0.03358	0.01865	0.81967	0.02612	0.00497	0.00497	0.00746	0.00311	0.00311
17	0.00733	0.00550	0.00825	0.00825	0.00916	0.00641	0.00641	0.00916	0.00825	0.01191	0.01374	0.02016	0.01283	0.03848	0.79934	0.00825	0.01374	0.00550	0.00275	0.00458
18	0.01951	0.01437	0.01540	0.01181	0.01591	0.01591	0.00975	0.77056	0.02412	0.03234	0.01232	0.01232	0.00873	0.00616	0.00513	0.00154	0.00565	0.00462	0.00513	0.00873
19	0.85592	0.00992	0.00754	0.00675	0.00992	0.01151	0.00556	0.01508	0.00873	0.02302	0.00714	0.00834	0.00556	0.00476	0.00318	0.00159	0.00397	0.00278	0.00318	0.00556
20	0.01922	0.01172	0.04475	0.01043	0.01426	0.01136	0.00879	0.37639	0.01853	0.32469	0.01681	0.09199	0.01262	0.00714	0.00527	0.00161	0.00497	0.00576	0.00545	0.00824
21	0.00992	0.00936	0.01581	0.74758	0.09329	0.01146	0.01437	0.01331	0.01037	0.01339	0.00916	0.01360	0.00694	0.00509	0.00513	0.00170	0.00678	0.00456	0.00230	0.00589
22	0.32186	0.01186	0.01172	0.00958	0.01315	0.01327	0.00783	0.33068	0.13591	0.07791	0.01231	0.01229	0.00893	0.00579	0.00444	0.00159	0.00470	0.00417	0.00452	0.00748
23	0.01064	0.00912	0.01064	0.00760	0.01216	0.00684	0.00608	0.01292	0.01064	0.01672	0.00912	0.01064	0.00760	0.00380	0.00380	0.00076	0.00380	0.00304	0.00304	0.85104
24	0.00624	0.00450	0.00591	0.00704	0.00741	0.00418	0.00472	0.00716	0.00992	0.01314	0.02956	0.77500	0.07444	0.01591	0.00652	0.00206	0.00296	0.01438	0.00476	0.00418
25	0.01951	0.01437	0.01540	0.01181	0.01591	0.01591	0.00975	0.77056	0.02412	0.03234	0.01232	0.01232	0.00873	0.00616	0.00513	0.00154	0.00565	0.00462	0.00513	0.00873
26	0.00625	0.00447	0.00595	0.00714	0.00744	0.00417	0.00476	0.00714	0.00982	0.01310	0.02828	0.81633	0.03394	0.01608	0.00655	0.00208	0.00298	0.01459	0.00476	0.00417
27	0.01131	0.03858	0.01609	0.01331	0.01346	0.01587	0.01114	0.01245	0.00794	0.01234	0.00675	0.01112	0.00673	0.00883	0.01638	0.00221	0.78316	0.00443	0.00224	0.00565
28	0.00976	0.00921	0.01540	0.77363	0.03441	0.01158	0.01412	0.01308	0.01016	0.01308	0.00902	0.01358	0.00684	0.00529	0.00563	0.00173	0.04096	0.00456	0.00228	0.00570
29	0.00625	0.00447	0.00595	0.00714	0.00744	0.00417	0.00476	0.00714	0.00982	0.01310	0.02828	0.81633	0.03394	0.01608	0.00655	0.00208	0.00298	0.01459	0.00476	0.00417
30	0.00625	0.00447	0.00595	0.00714	0.00744	0.00417	0.00476	0.00714	0.00982	0.01310	0.02828	0.81633	0.03394	0.01608	0.00655	0.00208	0.00298	0.01459	0.00476	0.00417
31	0.01123	0.01123	0.01572	0.01347	0.01347	0.01572	0.01123	0.01235	0.00786	0.01235	0.00674	0.01123	0.00674	0.00898	0.01684	0.00225	0.81028	0.00449	0.00225	0.00561
32	0.00625	0.00447	0.00595	0.00714	0.00744	0.00417	0.00476	0.00714	0.00982	0.01310	0.02828	0.81633	0.03394	0.01608	0.00655	0.00208	0.00298	0.01459	0.00476	0.00417
33	0.00606	0.00520	0.00520	0.00520	0.00693	0.00433	0.00390	0.00736	0.01170	0.01386	0.05198	0.04938	0.78558	0.01299	0.00606	0.00173	0.00260	0.01083	0.00476	0.00433
34	0.00891	0.00446	0.00668	0.00668	0.00668	0.00446	0.00446	0.00668	0.00668	0.00891	0.00891	0.01560	0.00891	0.01783	0.02005	0.85071	0.00446	0.00446	0.00223	0.00223
35	0.01874	0.02356	0.01434	0.01303	0.01569	0.74659	0.00979	0.02094	0.06552	0.01315	0.00880	0.00991	0.00721	0.00540	0.00467	0.00135	0.00891	0.00347	0.00282	0.00609
36	0.01123	0.01123	0.01572	0.01347	0.01347	0.01572	0.01123	0.01235	0.00786	0.01235	0.00674	0.01123	0.00674	0.00898	0.01684	0.00225	0.81028	0.00449	0.00225	0.00561
37	0.02287	0.00897	0.01206	0.00924	0.01322	0.00790	0.00764	0.05666	0.01509	0.75900	0.01991	0.01725	0.01253	0.00634	0.00516	0.00159	0.00442	0.00514	0.00630	0.00873
38	0.01151	0.01101	0.01852	0.31151	0.46330	0.01214	0.01490	0.01456	0.01091	0.01514	0.00926	0.01296	0.00757	0.00507	0.00588	0.00164	0.06004	0.00456	0.00243	0.00708
39	0.01123	0.01123	0.01572	0.01347	0.01347	0.01572	0.01123	0.01235	0.00786	0.01235	0.00674	0.01123	0.00674	0.00898	0.01684	0.00225	0.81028	0.00449	0.00225	0.00561
40	0.00625	0.00447	0.00595	0.00714	0.00744	0.00417	0.00476	0.00714	0.00982	0.01310	0.02828	0.81633	0.03394	0.01608	0.00655	0.00208	0.00298	0.01459	0.00476	0.00417
41	0.02302	0.00873	0.01191	0.00913	0.01310	0.00754	0.00754	0.02501	0.01469	0.79122	0.02024	0.01746	0.01270	0.00635	0.00516	0.00159	0.00437	0.00516	0.00635	0.00873
42	0.85592	0.00992	0.00754	0.00675	0.00992	0.01151	0.00556	0.01508	0.00873	0.02302	0.00714	0.00834	0.00556	0.00476	0.00318	0.00159	0.00397	0.00278	0.00318	0.00556
43	0.00733	0.00550	0.00825	0.00825	0.00916	0.00641	0.00641	0.00916	0.00825	0.01191	0.01374	0.02016	0.01283	0.03848	0.79934	0.00825	0.01374	0.00550	0.00275	0.00458
44	0.01029	0.02654	0.79309	0.01462	0.02221	0.01192	0.01896	0.01625	0.01083	0.01625	0.00921	0.01083	0.00650	0.00487	0.00487	0.00162	0.00758	0.00379	0.00217	0.00758
45	0.01211	0.01384	0.03028	0.02163	0.02682	0.01298	0.76903	0.01644	0.01211	0.01644	0.01038	0.01384	0.00779	0.00433	0.00606	0.00173	0.00865	0.00606	0.00260	0.00692
46	0.01211	0.01384	0.03028	0.02163	0.02682	0.01298	0.76903	0.01644	0.01211	0.01644	0.01038	0.01384	0.00779	0.00433	0.00606	0.00173	0.00865	0.00606	0.00260	0.00692
