[name]
unknown

[dist]
# distance from previous block
# <min> <max>
0	622

[block]
# block no. 0 follows, 45 sequences, length 34
# corresponding to MSA columns:
# 640-666,668-674
name=unknown_A
#
# <colnr> <probs for GDERKNQSTAVLIFYWHMCP>
#	G	D	E	R	K	N	Q	S	T	A	V	L	I	F	Y	W	H	M	C	P
0	0.00865	0.00618	0.00865	0.00989	0.01112	0.00618	0.00865	0.01112	0.01236	0.01606	0.02842	0.06055	0.03089	0.01483	0.00741	0.00247	0.00494	0.74174	0.00494	0.00494
1	0.01108	0.09739	0.71669	0.01476	0.02240	0.01324	0.01889	0.01692	0.01130	0.01661	0.00944	0.01109	0.00681	0.00505	0.00495	0.00165	0.00774	0.00387	0.00227	0.00784
2	0.01084	0.02726	0.75490	0.01558	0.02342	0.01251	0.04796	0.01701	0.01138	0.01701	0.00968	0.01145	0.00685	0.00508	0.00515	0.00170	0.00798	0.00406	0.00228	0.00791
3	0.00652	0.00474	0.00616	0.00729	0.00774	0.00438	0.00490	0.00749	0.01045	0.01377	0.03178	0.74093	0.10100	0.01653	0.00681	0.00215	0.00308	0.01491	0.00498	0.00438
4	0.01217	0.01253	0.02405	0.24234	0.27927	0.01284	0.30500	0.01599	0.01198	0.01634	0.01024	0.01404	0.00799	0.00485	0.00573	0.00173	0.00764	0.00538	0.00260	0.00730
5	0.01375	0.68171	0.15570	0.01022	0.01537	0.01976	0.01098	0.01623	0.01098	0.01337	0.00783	0.00907	0.00687	0.00468	0.00372	0.00124	0.00611	0.00306	0.00229	0.00707
6	0.09376	0.01031	0.01219	0.00991	0.01367	0.01039	0.00803	0.07225	0.23380	0.44715	0.01964	0.01760	0.01326	0.00667	0.00523	0.00170	0.00452	0.00534	0.00593	0.00866
7	0.02041	0.01504	0.01611	0.01235	0.01665	0.01665	0.01020	0.75997	0.02524	0.03383	0.01289	0.01289	0.00913	0.00644	0.00537	0.00161	0.00591	0.00483	0.00537	0.00913
8	0.00634	0.00544	0.00544	0.00544	0.00725	0.00453	0.00408	0.00770	0.01224	0.01450	0.05438	0.05166	0.77569	0.01359	0.00634	0.00181	0.00272	0.01133	0.00498	0.00453
9	0.01174	0.01174	0.01644	0.01409	0.01409	0.01644	0.01174	0.01292	0.00822	0.01292	0.00705	0.01174	0.00705	0.00940	0.01762	0.00235	0.80153	0.00470	0.00235	0.00587
10	0.01185	0.01182	0.01682	0.01544	0.06883	0.01618	0.01208	0.01317	0.00851	0.01325	0.00727	0.01185	0.00715	0.00906	0.01673	0.00229	0.74454	0.00470	0.00237	0.00606
11	0.01155	0.00948	0.01080	0.01053	0.01287	0.01060	0.00856	0.02184	0.47802	0.02000	0.02437	0.03558	0.02195	0.01018	0.00621	0.00207	0.00451	0.28848	0.00526	0.00713
12	0.02054	0.00993	0.01235	0.01000	0.01379	0.00969	0.00809	0.02694	0.26393	0.53093	0.02140	0.01885	0.01431	0.00685	0.00542	0.00171	0.00446	0.00562	0.00625	0.00892
13	0.01503	0.00827	0.01212	0.01020	0.01293	0.00764	0.08926	0.06976	0.01369	0.31465	0.02429	0.31854	0.05876	0.01060	0.00610	0.00188	0.00451	0.00950	0.00541	0.00689
14	0.01246	0.01191	0.02029	0.23430	0.58298	0.01254	0.01606	0.01575	0.01183	0.01653	0.00995	0.01356	0.00815	0.00494	0.00533	0.00165	0.00658	0.00478	0.00259	0.00783
15	0.00708	0.00501	0.00645	0.00698	0.00753	0.00472	0.00472	0.00834	0.01136	0.01554	0.25532	0.44266	0.03743	0.14921	0.01015	0.00254	0.00329	0.01230	0.00497	0.00439
16	0.01415	0.00819	0.00944	0.00805	0.01098	0.00773	0.00638	0.07104	0.11869	0.26885	0.03598	0.03352	0.36500	0.00992	0.00584	0.00175	0.00377	0.00818	0.00562	0.00692
17	0.03016	0.03425	0.32901	0.01254	0.01768	0.09076	0.01316	0.07703	0.06428	0.16883	0.04968	0.01550	0.03013	0.00634	0.00568	0.00168	0.03678	0.00485	0.00390	0.00777
18	0.01909	0.31563	0.05673	0.00978	0.01422	0.01350	0.00901	0.02202	0.05812	0.40695	0.01544	0.01437	0.01072	0.00583	0.00465	0.00148	0.00516	0.00441	0.00471	0.00819
19	0.00664	0.00545	0.00584	0.00574	0.00743	0.00466	0.00431	0.00827	0.01293	0.01614	0.22263	0.04896	0.60641	0.01298	0.00634	0.00178	0.00268	0.01095	0.00520	0.00466
20	0.01329	0.01275	0.02179	0.03295	0.77787	0.01275	0.01647	0.01647	0.01222	0.01754	0.01010	0.01329	0.00850	0.00478	0.00531	0.00159	0.00638	0.00478	0.00266	0.00850
21	0.01729	0.01572	0.01667	0.01359	0.01725	0.21912	0.13569	0.09137	0.25842	0.13520	0.01547	0.01542	0.01134	0.00618	0.00543	0.00166	0.00670	0.00521	0.00445	0.00784
22	0.01046	0.00763	0.00950	0.00984	0.01161	0.00804	0.00809	0.01627	0.22423	0.05559	0.02637	0.14495	0.02655	0.01257	0.00669	0.00221	0.00449	0.40365	0.00518	0.00607
23	0.01377	0.01367	0.02132	0.03158	0.72331	0.06844	0.01604	0.01683	0.01244	0.01722	0.00997	0.01303	0.00839	0.00484	0.00528	0.00158	0.00661	0.00469	0.00266	0.00834
24	0.01295	0.06920	0.01114	0.00911	0.01131	0.17975	0.00702	0.13795	0.01447	0.01824	0.04466	0.19254	0.11604	0.00942	0.00533	0.00162	0.00504	0.00769	0.14061	0.00590
25	0.00767	0.00575	0.00863	0.00863	0.00959	0.00671	0.00671	0.00959	0.00863	0.01246	0.01438	0.02109	0.01342	0.04026	0.79008	0.00863	0.01438	0.00575	0.00288	0.00479
26	0.21365	0.07733	0.34254	0.01200	0.01734	0.08627	0.01296	0.07344	0.06642	0.01973	0.01012	0.01127	0.00758	0.00536	0.00455	0.00161	0.00651	0.00382	0.02023	0.00726
27	0.01516	0.07568	0.09904	0.01131	0.01562	0.31224	0.00976	0.04824	0.01331	0.01608	0.00906	0.01048	0.00740	0.00485	0.00445	0.00118	0.00683	0.00342	0.00295	0.33295
28	0.00650	0.00498	0.00596	0.00669	0.00759	0.00444	0.00465	0.00764	0.01115	0.01423	0.06050	0.50272	0.31280	0.01544	0.00665	0.00203	0.00295	0.01363	0.00501	0.00444
29	0.00771	0.00560	0.00788	0.00788	0.00858	0.00631	0.00578	0.00911	0.00841	0.01191	0.01506	0.02486	0.01506	0.24719	0.58539	0.00771	0.01192	0.00630	0.00298	0.00438
30	0.01336	0.01357	0.04478	0.03165	0.71461	0.03180	0.03815	0.01663	0.01228	0.01740	0.01006	0.01317	0.00840	0.00480	0.00533	0.00160	0.00658	0.00477	0.00265	0.00839
31	0.01240	0.01776	0.26759	0.01496	0.10075	0.11320	0.01339	0.01888	0.18062	0.01757	0.01610	0.02342	0.01411	0.00761	0.00565	0.00183	0.00655	0.15668	0.00364	0.00728
32	0.00719	0.00522	0.00678	0.00693	0.00790	0.00481	0.00499	0.00913	0.01342	0.01859	0.49306	0.29417	0.08171	0.01303	0.00650	0.00186	0.00273	0.01162	0.00556	0.00481
33	0.01267	0.01448	0.03167	0.02262	0.02805	0.01357	0.75837	0.01719	0.01267	0.01719	0.01086	0.01448	0.00814	0.00452	0.00633	0.00181	0.00905	0.00633	0.00271	0.00724

[dist]
# distance from previous block
# <min> <max>
0	25

[block]
# block no. 1 follows, 45 sequences, length 47
# corresponding to MSA columns:
# 700-746
name=unknown_B
#
# <colnr> <probs for GDERKNQSTAVLIFYWHMCP>
#	G	D	E	R	K	N	Q	S	T	A	V	L	I	F	Y	W	H	M	C	P
0	0.01220	0.01169	0.01985	0.17828	0.56425	0.01206	0.03428	0.01537	0.01195	0.01659	0.01298	0.01609	0.05977	0.00548	0.00542	0.00165	0.00635	0.00526	0.00276	0.00771
1	0.00654	0.00467	0.00623	0.00747	0.00779	0.00436	0.00498	0.00747	0.01028	0.01370	0.02959	0.80785	0.03550	0.01682	0.00685	0.00218	0.00311	0.01526	0.00498	0.00436
2	0.01648	0.00923	0.01129	0.00920	0.01224	0.00910	0.00738	0.19496	0.04629	0.28313	0.30824	0.02542	0.02674	0.00828	0.00575	0.00167	0.00409	0.00694	0.00601	0.00755
3	0.01093	0.00527	0.00549	0.00530	0.00674	0.00519	0.00402	0.01340	0.01153	0.06982	0.01775	0.01990	0.01373	0.00628	0.00386	0.00128	0.00264	0.00503	0.78657	0.00527
4	0.02031	0.01796	0.01586	0.01276	0.01663	0.23094	0.01025	0.55527	0.02246	0.02809	0.01162	0.01200	0.00852	0.00619	0.00522	0.00155	0.00695	0.00445	0.00465	0.00832
5	0.01113	0.00954	0.01113	0.00795	0.01272	0.00716	0.00636	0.01352	0.01113	0.01749	0.00954	0.01113	0.00795	0.00398	0.00398	0.00080	0.00398	0.00318	0.00318	0.84417
6	0.14623	0.10198	0.25556	0.01215	0.01719	0.12468	0.01228	0.16814	0.04463	0.05406	0.01053	0.01137	0.00781	0.00552	0.00470	0.00158	0.00666	0.00394	0.00345	0.00757
7	0.00760	0.00549	0.00718	0.00675	0.00802	0.00506	0.00506	0.01013	0.01519	0.02153	0.77503	0.04010	0.05065	0.01097	0.00633	0.00169	0.00253	0.00971	0.00591	0.00506
8	0.01387	0.70127	0.02593	0.03905	0.04322	0.01951	0.00932	0.01577	0.01097	0.01334	0.00830	0.00975	0.00741	0.00474	0.00361	0.00120	0.00561	0.00315	0.05721	0.00679
9	0.01328	0.01262	0.01843	0.07032	0.48955	0.04215	0.01379	0.01922	0.19103	0.01831	0.01275	0.01470	0.01020	0.00540	0.00527	0.00161	0.00593	0.00496	0.00333	0.04715
10	0.01505	0.34950	0.02042	0.01157	0.01439	0.24805	0.00991	0.01652	0.01161	0.01294	0.00979	0.01168	0.04270	0.00644	0.00739	0.00154	0.19769	0.00388	0.00257	0.00634
11	0.01435	0.81458	0.02813	0.00918	0.01378	0.02124	0.00918	0.01607	0.01091	0.01263	0.00746	0.00861	0.00689	0.00459	0.00344	0.00115	0.00574	0.00287	0.00230	0.00689
12	0.00845	0.00604	0.00843	0.00966	0.01081	0.00601	0.00831	0.01078	0.01216	0.01585	0.02853	0.12983	0.03132	0.01501	0.00736	0.00244	0.00477	0.67439	0.00495	0.00489
13	0.01144	0.01061	0.01782	0.43395	0.34336	0.01187	0.01491	0.01479	0.01138	0.01567	0.01024	0.01422	0.00810	0.00518	0.00525	0.00168	0.00656	0.00479	0.05122	0.00696
14	0.01686	0.02055	0.01935	0.01597	0.01889	0.47116	0.18885	0.01895	0.01340	0.01407	0.00869	0.01118	0.00723	0.00596	0.00740	0.00165	0.14641	0.00436	0.00268	0.00640
15	0.01379	0.01175	0.01238	0.01101	0.01412	0.01355	0.00860	0.07347	0.72252	0.02315	0.02130	0.01959	0.01594	0.00723	0.00546	0.00181	0.00435	0.00599	0.00546	0.00854
16	0.00654	0.00467	0.00623	0.00747	0.00779	0.00436	0.00498	0.00747	0.01028	0.01370	0.02959	0.80785	0.03550	0.01682	0.00685	0.00218	0.00311	0.01526	0.00498	0.00436
17	0.01077	0.02777	0.78354	0.01530	0.02323	0.01247	0.01983	0.01700	0.01133	0.01700	0.00963	0.01133	0.00680	0.00510	0.00510	0.00170	0.00793	0.00397	0.00227	0.00793
18	0.04630	0.33402	0.14741	0.01215	0.01690	0.09662	0.08824	0.05716	0.02639	0.08163	0.01080	0.04065	0.00887	0.00556	0.00459	0.00147	0.00658	0.00431	0.00312	0.00723
19	0.02395	0.00936	0.01259	0.00965	0.01381	0.00822	0.00798	0.05349	0.01573	0.75374	0.02087	0.01807	0.01313	0.00664	0.00540	0.00166	0.00462	0.00538	0.00660	0.00914
20	0.00667	0.00554	0.00589	0.00606	0.00779	0.00476	0.00472	0.00818	0.01225	0.01472	0.05073	0.05291	0.67102	0.01377	0.00649	0.00191	0.00303	0.11398	0.00498	0.00459
21	0.01303	0.01249	0.02132	0.09594	0.71689	0.01269	0.01635	0.01625	0.01210	0.01722	0.01005	0.01337	0.00839	0.00483	0.00532	0.00161	0.00644	0.00478	0.00263	0.00829
22	0.12369	0.01303	0.06124	0.07071	0.06710	0.03833	0.01019	0.24773	0.03092	0.24387	0.03175	0.01461	0.01061	0.00614	0.00511	0.00165	0.00556	0.00478	0.00481	0.00816
23	0.02064	0.01564	0.01388	0.01165	0.01494	0.28293	0.00921	0.06894	0.08523	0.34562	0.01529	0.01467	0.01068	0.00648	0.00602	0.00162	0.05921	0.00470	0.00482	0.00784
24	0.84927	0.01038	0.00789	0.00706	0.01038	0.01204	0.00581	0.01578	0.00914	0.02408	0.00747	0.00872	0.00581	0.00498	0.00332	0.00166	0.00415	0.00291	0.00332	0.00581
25	0.00653	0.00473	0.00617	0.00733	0.00775	0.00437	0.00492	0.00749	0.01042	0.01376	0.03134	0.75441	0.08781	0.01659	0.00682	0.00215	0.00309	0.01498	0.00498	0.00437
26	0.01077	0.02777	0.78354	0.01530	0.02323	0.01247	0.01983	0.01700	0.01133	0.01700	0.00963	0.01133	0.00680	0.00510	0.00510	0.00170	0.00793	0.00397	0.00227	0.00793
27	0.01216	0.01046	0.01102	0.01001	0.01280	0.01181	0.00775	0.02494	0.63479	0.02132	0.05558	0.02516	0.12232	0.00830	0.00562	0.00181	0.00397	0.00693	0.00541	0.00782
28	0.01105	0.08979	0.72399	0.01482	0.02249	0.01316	0.01899	0.01693	0.01130	0.01666	0.00946	0.01112	0.00681	0.00506	0.00497	0.00166	0.00776	0.00388	0.00227	0.00785
29	0.00634	0.00544	0.00544	0.00544	0.00725	0.00453	0.00408	0.00770	0.01224	0.01450	0.05438	0.05166	0.77569	0.01359	0.00634	0.00181	0.00272	0.01133	0.00498	0.00453
30	0.01014	0.00954	0.01610	0.79845	0.03697	0.01193	0.01491	0.01371	0.01073	0.01371	0.00954	0.01431	0.00716	0.00537	0.00537	0.00179	0.00716	0.00477	0.00239	0.00596
31	0.02005	0.02558	0.01521	0.01383	0.01659	0.78980	0.01037	0.02143	0.01521	0.01314	0.00830	0.00968	0.00691	0.00553	0.00484	0.00138	0.00968	0.00346	0.00277	0.00622
32	0.00693	0.00547	0.00629	0.00635	0.00786	0.00483	0.00483	0.00871	0.01301	0.01668	0.26501	0.09548	0.44836	0.01312	0.00647	0.00186	0.00289	0.07589	0.00526	0.00472
33	0.00704	0.00547	0.00640	0.00617	0.00768	0.00483	0.00463	0.00905	0.01388	0.01840	0.45478	0.04524	0.37286	0.01214	0.00634	0.00174	0.00262	0.01043	0.00550	0.00483
34	0.00773	0.00551	0.00742	0.00742	0.00796	0.00605	0.00521	0.00881	0.00827	0.01157	0.01548	0.02720	0.01607	0.37574	0.45823	0.00714	0.01039	0.00665	0.00304	0.00412
35	0.01489	0.01706	0.01692	0.01452	0.01588	0.30381	0.05711	0.01635	0.01109	0.01326	0.00775	0.01114	0.00706	0.00766	0.01217	0.00196	0.45841	0.00434	0.00253	0.00609
36	0.00654	0.00467	0.00623	0.00747	0.00779	0.00436	0.00498	0.00747	0.01028	0.01370	0.02959	0.80785	0.03550	0.01682	0.00685	0.00218	0.00311	0.01526	0.00498	0.00436
37	0.00700	0.00546	0.00635	0.00613	0.00765	0.00481	0.00459	0.00897	0.01378	0.01817	0.43100	0.04562	0.39678	0.01223	0.00634	0.00175	0.00262	0.01048	0.00547	0.00481
38	0.01014	0.00954	0.01610	0.79845	0.03697	0.01193	0.01491	0.01371	0.01073	0.01371	0.00954	0.01431	0.00716	0.00537	0.00537	0.00179	0.00716	0.00477	0.00239	0.00596
39	0.01983	0.02020	0.01543	0.01302	0.01647	0.40972	0.01019	0.34292	0.06218	0.02266	0.01106	0.01166	0.00841	0.00603	0.00511	0.00151	0.00773	0.00420	0.00405	0.00761
40	0.01547	0.01269	0.01564	0.30556	0.06789	0.06121	0.01196	0.25444	0.11356	0.06880	0.01286	0.01449	0.00941	0.00601	0.00535	0.00169	0.00633	0.00492	0.00403	0.00766
41	0.00752	0.00538	0.00681	0.00733	0.00823	0.00507	0.00516	0.00960	0.04942	0.03419	0.20296	0.49959	0.10966	0.01444	0.00658	0.00200	0.00303	0.01291	0.00526	0.00486
42	0.03403	0.01195	0.03525	0.07360	0.42438	0.01186	0.01308	0.09264	0.05701	0.09595	0.01529	0.01686	0.06243	0.00598	0.00532	0.00164	0.00571	0.00532	0.02369	0.00803
43	0.04443	0.01253	0.01570	0.10609	0.21380	0.04176	0.01131	0.24449	0.08617	0.03647	0.02912	0.01644	0.05711	0.00627	0.00527	0.00161	0.00570	0.00521	0.00405	0.05647
44	0.01228	0.25714	0.26981	0.01112	0.01636	0.03105	0.01186	0.04471	0.06699	0.01646	0.01281	0.04868	0.04277	0.00590	0.00460	0.00142	0.00593	0.00453	0.00302	0.13257
45	0.01262	0.23188	0.13759	0.05878	0.01605	0.01366	0.01029	0.01906	0.22216	0.04596	0.09207	0.01641	0.01439	0.00615	0.00480	0.00150	0.00522	0.00488	0.00379	0.08273
46	0.01211	0.15163	0.04847	0.20486	0.26970	0.01248	0.01256	0.01498	0.01188	0.05081	0.06418	0.03458	0.05859	0.00619	0.00513	0.00158	0.00582	0.00537	0.00312	0.02596

[dist]
# distance from previous block
# <min> <max>
3	14

[block]
# block no. 2 follows, 45 sequences, length 88
# corresponding to MSA columns:
# 761-821,837-863
name=unknown_C
#
# <colnr> <probs for GDERKNQSTAVLIFYWHMCP>
#	G	D	E	R	K	N	Q	S	T	A	V	L	I	F	Y	W	H	M	C	P
0	0.01621	0.01194	0.01573	0.01252	0.01602	0.05965	0.12395	0.03790	0.20816	0.22851	0.01634	0.03526	0.01216	0.00669	0.00673	0.00171	0.09070	0.00553	0.00463	0.08967
1	0.03848	0.01115	0.01408	0.01136	0.01456	0.01184	0.09639	0.28486	0.14775	0.02518	0.20734	0.05101	0.04611	0.00806	0.00577	0.00172	0.00489	0.00698	0.00512	0.00736
2	0.01952	0.01536	0.01498	0.01196	0.01579	0.12524	0.00967	0.51201	0.07009	0.08754	0.05313	0.01472	0.01176	0.00662	0.00535	0.00160	0.00606	0.00501	0.00513	0.00846
3	0.01435	0.81458	0.02813	0.00918	0.01378	0.02124	0.00918	0.01607	0.01091	0.01263	0.00746	0.00861	0.00689	0.00459	0.00344	0.00115	0.00574	0.00287	0.00230	0.00689
4	0.01165	0.00952	0.01118	0.00801	0.01276	0.00719	0.00642	0.01402	0.01130	0.04818	0.01001	0.01142	0.00817	0.00408	0.00403	0.00083	0.00400	0.00327	0.00332	0.81063
5	0.00654	0.00467	0.00623	0.00747	0.00779	0.00436	0.00498	0.00747	0.01028	0.01370	0.02959	0.80785	0.03550	0.01682	0.00685	0.00218	0.00311	0.01526	0.00498	0.00436
6	0.26451	0.01603	0.01200	0.01050	0.01358	0.31580	0.00821	0.07248	0.01386	0.12817	0.05042	0.01296	0.01023	0.00746	0.04047	0.00187	0.00689	0.00410	0.00384	0.00660
7	0.00767	0.00575	0.00863	0.00863	0.00959	0.00671	0.00671	0.00959	0.00863	0.01246	0.01438	0.02109	0.01342	0.04026	0.79008	0.00863	0.01438	0.00575	0.00288	0.00479
8	0.00654	0.00467	0.00623	0.00747	0.00779	0.00436	0.00498	0.00747	0.01028	0.01370	0.02959	0.80785	0.03550	0.01682	0.00685	0.00218	0.00311	0.01526	0.00498	0.00436
9	0.01141	0.01084	0.01840	0.48952	0.33597	0.01226	0.01554	0.01483	0.01133	0.01526	0.00977	0.01390	0.00770	0.00513	0.00535	0.00171	0.00684	0.00478	0.00249	0.00699
10	0.01014	0.00954	0.01610	0.79845	0.03697	0.01193	0.01491	0.01371	0.01073	0.01371	0.00954	0.01431	0.00716	0.00537	0.00537	0.00179	0.00716	0.00477	0.00239	0.00596
11	0.02369	0.00977	0.01285	0.00985	0.01402	0.00883	0.00814	0.10467	0.01642	0.70158	0.02029	0.01769	0.01284	0.00662	0.00540	0.00166	0.00471	0.00534	0.00651	0.00913
12	0.76098	0.01025	0.00838	0.00733	0.01074	0.01160	0.00604	0.01689	0.00980	0.10513	0.00894	0.00974	0.00661	0.00516	0.00354	0.00166	0.00420	0.00317	0.00368	0.00617
13	0.00796	0.00566	0.00677	0.00638	0.00801	0.00500	0.00482	0.01001	0.01404	0.05833	0.45193	0.04352	0.33429	0.01178	0.00629	0.00174	0.00271	0.01012	0.00558	0.00507
14	0.01058	0.01113	0.02298	0.01745	0.02113	0.01043	0.50108	0.01388	0.01185	0.01600	0.01725	0.28542	0.01749	0.00872	0.00651	0.00194	0.00702	0.00938	0.00349	0.00626
15	0.00932	0.00466	0.00699	0.00699	0.00699	0.00466	0.00466	0.00699	0.00699	0.00932	0.00932	0.01632	0.00932	0.01865	0.02098	0.84382	0.00466	0.00466	0.00233	0.00233
16	0.01278	0.47045	0.35853	0.01186	0.01791	0.01740	0.01384	0.01648	0.01109	0.01454	0.00841	0.00980	0.00685	0.00481	0.00417	0.00139	0.00670	0.00335	0.00228	0.00735
17	0.01014	0.00954	0.01610	0.79845	0.03697	0.01193	0.01491	0.01371	0.01073	0.01371	0.00954	0.01431	0.00716	0.00537	0.00537	0.00179	0.00716	0.00477	0.00239	0.00596
18	0.01014	0.00954	0.01610	0.79845	0.03697	0.01193	0.01491	0.01371	0.01073	0.01371	0.00954	0.01431	0.00716	0.00537	0.00537	0.00179	0.00716	0.00477	0.00239	0.00596
19	0.00760	0.00549	0.00718	0.00675	0.00802	0.00506	0.00506	0.01013	0.01519	0.02153	0.77503	0.04010	0.05065	0.01097	0.00633	0.00169	0.00253	0.00971	0.00591	0.00506
20	0.01014	0.00954	0.01610	0.79845	0.03697	0.01193	0.01491	0.01371	0.01073	0.01371	0.00954	0.01431	0.00716	0.00537	0.00537	0.00179	0.00716	0.00477	0.00239	0.00596
21	0.01329	0.01275	0.02179	0.03295	0.77787	0.01275	0.01647	0.01647	0.01222	0.01754	0.01010	0.01329	0.00850	0.00478	0.00531	0.00159	0.00638	0.00478	0.00266	0.00850
22	0.02041	0.01504	0.01611	0.01235	0.01665	0.01665	0.01020	0.75997	0.02524	0.03383	0.01289	0.01289	0.00913	0.00644	0.00537	0.00161	0.00591	0.00483	0.00537	0.00913
23	0.00654	0.00467	0.00623	0.00747	0.00779	0.00436	0.00498	0.00747	0.01028	0.01370	0.02959	0.80785	0.03550	0.01682	0.00685	0.00218	0.00311	0.01526	0.00498	0.00436
24	0.01962	0.02486	0.01528	0.01384	0.01646	0.74954	0.01044	0.02099	0.01485	0.01313	0.00823	0.00979	0.00692	0.00573	0.00551	0.00143	0.05090	0.00352	0.00274	0.00620
25	0.02162	0.01112	0.01345	0.01053	0.01457	0.01109	0.00863	0.23448	0.11782	0.46913	0.01892	0.01698	0.01252	0.00667	0.00540	0.00167	0.00490	0.00533	0.00613	0.00905
26	0.00865	0.00618	0.00865	0.00989	0.01112	0.00618	0.00865	0.01112	0.01236	0.01606	0.02842	0.06055	0.03089	0.01483	0.00741	0.00247	0.00494	0.74174	0.00494	0.00494
27	0.01077	0.00574	0.00582	0.00554	0.00702	0.00586	0.00423	0.06752	0.01229	0.02103	0.01717	0.01949	0.01342	0.00627	0.00387	0.00128	0.00275	0.00499	0.77964	0.00531
28	0.07356	0.01248	0.01361	0.01101	0.01482	0.01360	0.00893	0.33870	0.25509	0.17530	0.01695	0.01590	0.01199	0.00665	0.00527	0.00169	0.00501	0.00520	0.00551	0.00871
29	0.01077	0.02777	0.78354	0.01530	0.02323	0.01247	0.01983	0.01700	0.01133	0.01700	0.00963	0.01133	0.00680	0.00510	0.00510	0.00170	0.00793	0.00397	0.00227	0.00793
30	0.01047	0.00761	0.00903	0.00886	0.01030	0.00784	0.00646	0.22078	0.01452	0.01941	0.02485	0.58251	0.02803	0.01388	0.00643	0.00202	0.00391	0.01230	0.00509	0.00571
31	0.01405	0.01300	0.02118	0.03074	0.69642	0.01317	0.01580	0.09602	0.01362	0.01928	0.01040	0.01324	0.00857	0.00496	0.00532	0.00160	0.00633	0.00479	0.00295	0.00857
32	0.01398	0.00762	0.00985	0.00873	0.01116	0.00727	0.00705	0.04610	0.07564	0.26292	0.31883	0.03394	0.03105	0.00978	0.00611	0.00182	0.00386	0.13161	0.00592	0.00677
33	0.01237	0.01088	0.01699	0.01248	0.01706	0.00950	0.21981	0.01634	0.07250	0.06497	0.01188	0.01376	0.00930	0.00645	0.04578	0.00163	0.00601	0.00458	0.00343	0.44429
34	0.00869	0.00542	0.00708	0.00775	0.00856	0.00509	0.00538	0.03344	0.01125	0.08444	0.02792	0.68685	0.03198	0.01524	0.00658	0.00209	0.00332	0.01372	0.03024	0.00497
35	0.01206	0.01268	0.02167	0.01702	0.01888	0.01546	0.26794	0.01439	0.00975	0.01439	0.00835	0.01268	0.00742	0.00772	0.01374	0.00216	0.52960	0.00526	0.00247	0.00634
36	0.84927	0.01038	0.00789	0.00706	0.01038	0.01204	0.00581	0.01578	0.00914	0.02408	0.00747	0.00872	0.00581	0.00498	0.00332	0.00166	0.00415	0.00291	0.00332	0.00581
37	0.01267	0.01448	0.03167	0.02262	0.02805	0.01357	0.75837	0.01719	0.01267	0.01719	0.01086	0.01448	0.00814	0.00452	0.00633	0.00181	0.00905	0.00633	0.00271	0.00724
38	0.00971	0.00787	0.00964	0.00835	0.01149	0.00646	0.00676	0.01192	0.01142	0.01653	0.01894	0.11830	0.04754	0.00890	0.00537	0.00147	0.00410	0.21424	0.00396	0.47703
39	0.01014	0.00954	0.01610	0.79845	0.03697	0.01193	0.01491	0.01371	0.01073	0.01371	0.00954	0.01431	0.00716	0.00537	0.00537	0.00179	0.00716	0.00477	0.00239	0.00596
40	0.01291	0.00949	0.01062	0.01047	0.07282	0.03927	0.00744	0.05199	0.21551	0.14394	0.05608	0.03086	0.29774	0.00933	0.00577	0.00174	0.00414	0.00777	0.00516	0.00696
41	0.01857	0.01297	0.07664	0.01173	0.01605	0.01180	0.06464	0.31147	0.01858	0.26537	0.09654	0.01744	0.01459	0.00667	0.00549	0.00163	0.00546	0.00552	0.00532	0.03353
42	0.01882	0.01129	0.01454	0.01144	0.01536	0.01131	0.06883	0.24901	0.09128	0.30783	0.01900	0.02050	0.03549	0.00722	0.00561	0.00171	0.00526	0.06260	0.00552	0.03737
43	0.01380	0.69348	0.14440	0.01013	0.01523	0.01989	0.01082	0.01622	0.01097	0.01330	0.00780	0.00903	0.00687	0.00467	0.00370	0.00123	0.00608	0.00304	0.00229	0.00705
44	0.01051	0.00992	0.01678	0.70713	0.12535	0.01202	0.01509	0.01404	0.01091	0.01417	0.00961	0.01419	0.00732	0.00530	0.00536	0.00177	0.00706	0.00477	0.00242	0.00627
45	0.01145	0.17813	0.63918	0.01413	0.02143	0.01414	0.01780	0.01682	0.01125	0.01616	0.00922	0.01081	0.00682	0.00500	0.00478	0.00159	0.00751	0.00376	0.00227	0.00773
46	0.01199	0.29647	0.52556	0.01321	0.02000	0.01546	0.01620	0.01668	0.01119	0.01551	0.00889	0.01040	0.00683	0.00493	0.00453	0.00151	0.00718	0.00359	0.00228	0.00758
47	0.00692	0.00507	0.00588	0.00634	0.00697	0.00470	0.00414	0.00765	0.00999	0.01280	0.03229	0.32961	0.23986	0.28724	0.01370	0.00311	0.00372	0.01160	0.00439	0.00403
48	0.00852	0.00631	0.00786	0.00832	0.00957	0.00623	0.00641	0.06988	0.03893	0.01699	0.09050	0.35483	0.12792	0.01423	0.00673	0.00211	0.00378	0.21065	0.00509	0.00512
49	0.05300	0.01391	0.01390	0.01122	0.01504	0.12512	0.00904	0.27836	0.11622	0.28434	0.01601	0.01503	0.01104	0.00643	0.00523	0.00162	0.00571	0.00491	0.00536	0.00850
50	0.01329	0.01275	0.02179	0.03295	0.77787	0.01275	0.01647	0.01647	0.01222	0.01754	0.01010	0.01329	0.00850	0.00478	0.00531	0.00159	0.00638	0.00478	0.00266	0.00850
51	0.00932	0.00466	0.00699	0.00699	0.00699	0.00466	0.00466	0.00699	0.00699	0.00932	0.00932	0.01632	0.00932	0.01865	0.02098	0.84382	0.00466	0.00466	0.00233	0.00233
52	0.01649	0.36560	0.10277	0.01169	0.01587	0.31187	0.01070	0.01912	0.04318	0.04457	0.00914	0.01016	0.00753	0.00519	0.00431	0.00134	0.00737	0.00344	0.00277	0.00690
53	0.01077	0.02777	0.78354	0.01530	0.02323	0.01247	0.01983	0.01700	0.01133	0.01700	0.00963	0.01133	0.00680	0.00510	0.00510	0.00170	0.00793	0.00397	0.00227	0.00793
54	0.00654	0.00467	0.00623	0.00747	0.00779	0.00436	0.00498	0.00747	0.01028	0.01370	0.02959	0.80785	0.03550	0.01682	0.00685	0.00218	0.00311	0.01526	0.00498	0.00436
55	0.02041	0.01504	0.01611	0.01235	0.01665	0.01665	0.01020	0.75997	0.02524	0.03383	0.01289	0.01289	0.00913	0.00644	0.00537	0.00161	0.00591	0.00483	0.00537	0.00913
56	0.01846	0.02224	0.01448	0.01314	0.01597	0.60519	0.00993	0.02312	0.19424	0.01535	0.01152	0.01214	0.00917	0.00595	0.00499	0.00149	0.00839	0.00408	0.00341	0.00676
57	0.00769	0.00567	0.00820	0.00820	0.00901	0.00648	0.00618	0.00931	0.00850	0.01215	0.01477	0.02325	0.01436	0.15894	0.67268	0.00810	0.01297	0.00607	0.00293	0.00456
58	0.01575	0.01713	0.02131	0.01662	0.02068	0.23665	0.31123	0.09986	0.16862	0.01887	0.01258	0.01406	0.00958	0.00558	0.00563	0.00167	0.00792	0.00529	0.00357	0.00741
59	0.00739	0.00570	0.00689	0.00723	0.00873	0.00520	0.00584	0.00937	0.01289	0.01648	0.19395	0.05231	0.37199	0.01348	0.00671	0.00201	0.00344	0.26043	0.00516	0.00478
60	0.01435	0.81458	0.02813	0.00918	0.01378	0.02124	0.00918	0.01607	0.01091	0.01263	0.00746	0.00861	0.00689	0.00459	0.00344	0.00115	0.00574	0.00287	0.00230	0.00689
61	0.00654	0.00467	0.00623	0.00747	0.00779	0.00436	0.00498	0.00747	0.01028	0.01370	0.02959	0.80785	0.03550	0.01682	0.00685	0.00218	0.00311	0.01526	0.00498	0.00436
62	0.02176	0.01219	0.01426	0.01101	0.01518	0.01251	0.00907	0.39220	0.05469	0.37401	0.01707	0.01567	0.01136	0.00657	0.00539	0.00164	0.00522	0.00515	0.00595	0.00910
63	0.01918	0.02373	0.01445	0.01312	0.01582	0.70983	0.00986	0.03854	0.01517	0.01403	0.01008	0.01138	0.02724	0.00580	0.00484	0.00139	0.00903	0.00378	0.04653	0.00619
64	0.00767	0.00574	0.00856	0.00856	0.00949	0.00667	0.00662	0.00954	0.00861	0.01241	0.01444	0.02145	0.01358	0.06023	0.77032	0.00854	0.01414	0.00580	0.00289	0.00475
65	0.01014	0.00954	0.01610	0.79845	0.03697	0.01193	0.01491	0.01371	0.01073	0.01371	0.00954	0.01431	0.00716	0.00537	0.00537	0.00179	0.00716	0.00477	0.00239	0.00596
66	0.01113	0.00954	0.01113	0.00795	0.01272	0.00716	0.00636	0.01352	0.01113	0.01749	0.00954	0.01113	0.00795	0.00398	0.00398	0.00080	0.00398	0.00318	0.00318	0.84417
67	0.00760	0.00549	0.00718	0.00675	0.00802	0.00506	0.00506	0.01013	0.01519	0.02153	0.77503	0.04010	0.05065	0.01097	0.00633	0.00169	0.00253	0.00971	0.00591	0.00506
68	0.00767	0.00575	0.00863	0.00863	0.00959	0.00671	0.00671	0.00959	0.00863	0.01246	0.01438	0.02109	0.01342	0.04026	0.79008	0.00863	0.01438	0.00575	0.00288	0.00479
69	0.02408	0.00914	0.01246	0.00955	0.01370	0.00789	0.00789	0.02616	0.01536	0.78158	0.02118	0.01827	0.01329	0.00664	0.00540	0.00166	0.00457	0.00540	0.00664	0.00914
70	0.01113	0.00954	0.01113	0.00795	0.01272	0.00716	0.00636	0.01352	0.01113	0.01749	0.00954	0.01113	0.00795	0.00398	0.00398	0.00080	0.00398	0.00318	0.00318	0.84417
71	0.01329	0.01275	0.02179	0.03295	0.77787	0.01275	0.01647	0.01647	0.01222	0.01754	0.01010	0.01329	0.00850	0.00478	0.00531	0.00159	0.00638	0.00478	0.00266	0.00850
72	0.01435	0.81458	0.02813	0.00918	0.01378	0.02124	0.00918	0.01607	0.01091	0.01263	0.00746	0.00861	0.00689	0.00459	0.00344	0.00115	0.00574	0.00287	0.00230	0.00689
73	0.00653	0.00472	0.00618	0.00735	0.00775	0.00437	0.00493	0.00749	0.01040	0.01375	0.03112	0.76092	0.08144	0.01662	0.00682	0.00216	0.00309	0.01502	0.00498	0.00437
74	0.00654	0.00467	0.00623	0.00747	0.00779	0.00436	0.00498	0.00747	0.01028	0.01370	0.02959	0.80785	0.03550	0.01682	0.00685	0.00218	0.00311	0.01526	0.00498	0.00436
75	0.01258	0.42478	0.40238	0.01221	0.01846	0.01689	0.01446	0.01653	0.01112	0.01479	0.00854	0.00996	0.00684	0.00484	0.00426	0.00142	0.00683	0.00341	0.00228	0.00741
76	0.00760	0.00549	0.00718	0.00675	0.00802	0.00506	0.00506	0.01013	0.01519	0.02153	0.77503	0.04010	0.05065	0.01097	0.00633	0.00169	0.00253	0.00971	0.00591	0.00506
77	0.00654	0.00467	0.00623	0.00747	0.00779	0.00436	0.00498	0.00747	0.01028	0.01370	0.02959	0.80785	0.03550	0.01682	0.00685	0.00218	0.00311	0.01526	0.00498	0.00436
78	0.00658	0.00470	0.00627	0.00745	0.00780	0.00439	0.00499	0.00758	0.01047	0.01402	0.05952	0.77702	0.03611	0.01658	0.00683	0.00216	0.00309	0.01504	0.00502	0.00439
79	0.02041	0.01504	0.01611	0.01235	0.01665	0.01665	0.01020	0.75997	0.02524	0.03383	0.01289	0.01289	0.00913	0.00644	0.00537	0.00161	0.00591	0.00483	0.00537	0.00913
80	0.00665	0.00475	0.00635	0.00760	0.00796	0.00445	0.00517	0.00766	0.01039	0.01383	0.02953	0.76894	0.03526	0.01671	0.00688	0.00220	0.00321	0.05308	0.00498	0.00439
81	0.01329	0.01275	0.02179	0.03295	0.77787	0.01275	0.01647	0.01647	0.01222	0.01754	0.01010	0.01329	0.00850	0.00478	0.00531	0.00159	0.00638	0.00478	0.00266	0.00850
82	0.84927	0.01038	0.00789	0.00706	0.01038	0.01204	0.00581	0.01578	0.00914	0.02408	0.00747	0.00872	0.00581	0.00498	0.00332	0.00166	0.00415	0.00291	0.00332	0.00581
83	0.01113	0.00954	0.01113	0.00795	0.01272	0.00716	0.00636	0.01352	0.01113	0.01749	0.00954	0.01113	0.00795	0.00398	0.00398	0.00080	0.00398	0.00318	0.00318	0.84417
84	0.01677	0.00935	0.01347	0.01107	0.01449	0.00880	0.08833	0.05984	0.07058	0.34672	0.05525	0.02838	0.01836	0.00846	0.00595	0.00183	0.00506	0.18067	0.00545	0.05117
85	0.08036	0.01291	0.01896	0.07850	0.57122	0.06940	0.01442	0.01614	0.01210	0.01733	0.01202	0.01472	0.04802	0.00535	0.00518	0.00161	0.00630	0.00487	0.00282	0.00774
86	0.01344	0.01122	0.01716	0.01314	0.01716	0.01092	0.22031	0.01984	0.22061	0.10443	0.01651	0.01720	0.04099	0.00597	0.00577	0.00157	0.03308	0.00554	0.02926	0.19588
87	0.01405	0.24177	0.05729	0.01123	0.04078	0.14194	0.00937	0.03278	0.19329	0.01710	0.05881	0.01420	0.01210	0.00576	0.00460	0.00138	0.00572	0.00436	0.00355	0.12993

[dist]
# distance from previous block
# <min> <max>
2	26

[block]
# block no. 3 follows, 45 sequences, length 35
# corresponding to MSA columns:
# 890-924
name=unknown_D
#
# <colnr> <probs for GDERKNQSTAVLIFYWHMCP>
#	G	D	E	R	K	N	Q	S	T	A	V	L	I	F	Y	W	H	M	C	P
0	0.01327	0.54279	0.05357	0.00923	0.01318	0.03877	0.00883	0.05691	0.01277	0.01591	0.17137	0.01570	0.01633	0.00610	0.00427	0.00132	0.00527	0.00450	0.00325	0.00665
1	0.01058	0.01084	0.03648	0.01565	0.03904	0.01019	0.38270	0.01346	0.01145	0.01574	0.11555	0.02342	0.01695	0.22777	0.01251	0.00274	0.03878	0.00704	0.00327	0.00584
2	0.00675	0.00524	0.00615	0.00637	0.00761	0.00463	0.00461	0.00832	0.01253	0.01626	0.25082	0.25662	0.36737	0.01374	0.00648	0.00188	0.00278	0.01195	0.00524	0.00463
3	0.01113	0.00954	0.01113	0.00795	0.01272	0.00716	0.00636	0.01352	0.01113	0.01749	0.00954	0.01113	0.00795	0.00398	0.00398	0.00080	0.00398	0.00318	0.00318	0.84417
4	0.01344	0.01428	0.02335	0.08746	0.38303	0.09874	0.24753	0.01683	0.01253	0.01655	0.01054	0.03141	0.00872	0.00510	0.00562	0.00167	0.00757	0.00536	0.00272	0.00756
5	0.00932	0.00466	0.00699	0.00699	0.00699	0.00466	0.00466	0.00699	0.00699	0.00932	0.00932	0.01632	0.00932	0.01865	0.02098	0.84382	0.00466	0.00466	0.00233	0.00233
6	0.01077	0.02777	0.78354	0.01530	0.02323	0.01247	0.01983	0.01700	0.01133	0.01700	0.00963	0.01133	0.00680	0.00510	0.00510	0.00170	0.00793	0.00397	0.00227	0.00793
7	0.00781	0.00520	0.00585	0.00585	0.00585	0.00520	0.00325	0.00781	0.00781	0.01041	0.01691	0.03513	0.01952	0.81135	0.02732	0.00520	0.00520	0.00781	0.00325	0.00325
8	0.02041	0.01504	0.01611	0.01235	0.01665	0.01665	0.01020	0.75997	0.02524	0.03383	0.01289	0.01289	0.00913	0.00644	0.00537	0.00161	0.00591	0.00483	0.00537	0.00913
9	0.01174	0.01174	0.01644	0.01409	0.01409	0.01644	0.01174	0.01292	0.00822	0.01292	0.00705	0.01174	0.00705	0.00940	0.01762	0.00235	0.80153	0.00470	0.00235	0.00587
10	0.00634	0.00544	0.00544	0.00544	0.00725	0.00453	0.00408	0.00770	0.01224	0.01450	0.05438	0.05166	0.77569	0.01359	0.00634	0.00181	0.00272	0.01133	0.00498	0.00453
11	0.02027	0.01341	0.09903	0.01110	0.01577	0.01158	0.00995	0.29571	0.01825	0.36264	0.01595	0.01497	0.01063	0.00620	0.00525	0.00158	0.00539	0.00486	0.00543	0.07202
12	0.00654	0.00467	0.00623	0.00747	0.00779	0.00436	0.00498	0.00747	0.01028	0.01370	0.02959	0.80785	0.03550	0.01682	0.00685	0.00218	0.00311	0.01526	0.00498	0.00436
13	0.01225	0.01016	0.01219	0.01049	0.07075	0.00885	0.00761	0.01724	0.16262	0.04892	0.01250	0.01336	0.00989	0.00480	0.00443	0.00109	0.00423	0.00397	0.00373	0.58089
14	0.00760	0.00549	0.00718	0.00675	0.00802	0.00506	0.00506	0.01013	0.01519	0.02153	0.77503	0.04010	0.05065	0.01097	0.00633	0.00169	0.00253	0.00971	0.00591	0.00506
15	0.01312	0.01259	0.02149	0.07286	0.73924	0.01271	0.01639	0.01633	0.01215	0.01734	0.01007	0.01334	0.00843	0.00481	0.00532	0.00160	0.00642	0.00478	0.00264	0.00837
16	0.01954	0.02462	0.01571	0.01527	0.07405	0.73116	0.01083	0.02106	0.01499	0.01347	0.00843	0.00995	0.00703	0.00548	0.00488	0.00140	0.00943	0.00356	0.00276	0.00640
17	0.00654	0.00467	0.00623	0.00747	0.00779	0.00436	0.00498	0.00747	0.01028	0.01370	0.02959	0.80785	0.03550	0.01682	0.00685	0.00218	0.00311	0.01526	0.00498	0.00436
18	0.00855	0.00590	0.00775	0.00704	0.00767	0.00583	0.06295	0.00931	0.00875	0.01251	0.01653	0.03103	0.01768	0.61648	0.02182	0.00429	0.00507	0.00723	0.13972	0.00385
19	0.01138	0.12538	0.62295	0.01517	0.02247	0.01366	0.08309	0.01690	0.01140	0.01647	0.00947	0.01127	0.00693	0.00499	0.00500	0.00164	0.00776	0.00404	0.00231	0.00774
20	0.00654	0.00467	0.00623	0.00747	0.00779	0.00436	0.00498	0.00747	0.01028	0.01370	0.02959	0.80785	0.03550	0.01682	0.00685	0.00218	0.00311	0.01526	0.00498	0.00436
21	0.07346	0.00960	0.01548	0.73873	0.03496	0.01193	0.01422	0.01387	0.01061	0.01450	0.00938	0.01389	0.00705	0.00534	0.00521	0.00178	0.00693	0.00463	0.00246	0.00595
22	0.02908	0.00990	0.01051	0.00937	0.01193	0.06209	0.00725	0.03468	0.28800	0.15525	0.20578	0.08771	0.04788	0.00885	0.00572	0.00175	0.00415	0.00748	0.00550	0.00713
23	0.01061	0.01011	0.01408	0.01248	0.01266	0.01358	0.01019	0.01190	0.00918	0.01381	0.07236	0.12483	0.01513	0.01069	0.01494	0.00228	0.60533	0.02721	0.00307	0.00557
24	0.00775	0.00545	0.00708	0.00708	0.00751	0.00587	0.00478	0.00859	0.00817	0.01132	0.01579	0.02892	0.01682	0.47024	0.36475	0.00672	0.00926	0.00690	0.00309	0.00393
25	0.02210	0.01375	0.01425	0.01123	0.01524	0.12329	0.00913	0.30604	0.01912	0.38557	0.01616	0.01498	0.01078	0.00641	0.00531	0.00160	0.00581	0.00490	0.00560	0.00872
26	0.01248	0.40458	0.42176	0.01237	0.01870	0.01667	0.01473	0.01656	0.01113	0.01491	0.00859	0.01003	0.00684	0.00486	0.00431	0.00144	0.00688	0.00344	0.00228	0.00743
27	0.00662	0.00478	0.00627	0.00731	0.00778	0.00443	0.00494	0.00772	0.01081	0.01443	0.09607	0.70128	0.07542	0.01614	0.00678	0.00212	0.00304	0.01457	0.00506	0.00443
28	0.00677	0.00479	0.00629	0.00739	0.00771	0.00453	0.00494	0.00766	0.01009	0.01344	0.02814	0.69172	0.03354	0.10466	0.00914	0.00253	0.00342	0.04420	0.00479	0.00426
29	0.01014	0.00954	0.01610	0.79845	0.03697	0.01193	0.01491	0.01371	0.01073	0.01371	0.00954	0.01431	0.00716	0.00537	0.00537	0.00179	0.00716	0.00477	0.00239	0.00596
30	0.05131	0.02023	0.07350	0.01512	0.10077	0.38415	0.01132	0.19932	0.03693	0.01966	0.01130	0.01237	0.02882	0.00588	0.00504	0.00152	0.00771	0.00424	0.00350	0.00731
31	0.01326	0.57449	0.25864	0.01105	0.01666	0.01856	0.01243	0.01636	0.01104	0.01396	0.00812	0.00944	0.00686	0.00475	0.00395	0.00132	0.00641	0.00320	0.00229	0.00721
32	0.12831	0.01505	0.01262	0.01112	0.01409	0.24089	0.00886	0.14951	0.10303	0.04182	0.03705	0.01950	0.01307	0.00729	0.00551	0.00167	0.02793	0.10392	0.00412	0.05465
33	0.01250	0.01269	0.01132	0.01064	0.01260	0.22728	0.00817	0.01747	0.19388	0.01506	0.01448	0.01764	0.01232	0.02259	0.38105	0.00496	0.01062	0.00519	0.00347	0.00609
34	0.07642	0.00760	0.00837	0.00816	0.00953	0.02486	0.00583	0.06141	0.11593	0.04761	0.02068	0.28906	0.02175	0.20536	0.07019	0.00322	0.00509	0.00916	0.00439	0.00536

[dist]
# distance from previous block
# <min> <max>
1	4

[block]
# block no. 4 follows, 45 sequences, length 41
# corresponding to MSA columns:
# 929-969
name=unknown_E
#
# <colnr> <probs for GDERKNQSTAVLIFYWHMCP>
#	G	D	E	R	K	N	Q	S	T	A	V	L	I	F	Y	W	H	M	C	P
0	0.01435	0.81458	0.02813	0.00918	0.01378	0.02124	0.00918	0.01607	0.01091	0.01263	0.00746	0.00861	0.00689	0.00459	0.00344	0.00115	0.00574	0.00287	0.00230	0.00689
1	0.00835	0.00521	0.00703	0.00750	0.00794	0.00512	0.00517	0.03213	0.02320	0.01277	0.02126	0.37921	0.05139	0.01689	0.01274	0.35751	0.00393	0.03501	0.00388	0.00376
2	0.01777	0.01427	0.01394	0.01135	0.01514	0.12040	0.00907	0.29430	0.22172	0.10714	0.01518	0.01475	0.01110	0.00628	0.00516	0.00155	0.00561	0.00485	0.00492	0.10550
3	0.01210	0.00777	0.00940	0.00843	0.01070	0.00779	0.00655	0.01784	0.21715	0.16058	0.35590	0.05806	0.06723	0.00961	0.00597	0.00176	0.00346	0.02721	0.00582	0.00668
4	0.01296	0.01323	0.02343	0.01768	0.02210	0.01348	0.44176	0.02198	0.33166	0.01942	0.01550	0.01682	0.01162	0.00569	0.00597	0.00181	0.00702	0.00622	0.00387	0.00777
5	0.01001	0.00500	0.00500	0.00500	0.00625	0.00500	0.00375	0.01251	0.01126	0.02001	0.01751	0.02001	0.01376	0.00625	0.00375	0.00125	0.00250	0.00500	0.84115	0.00500
6	0.01229	0.01745	0.21002	0.02207	0.11395	0.01321	0.49593	0.01706	0.01230	0.01719	0.01048	0.01359	0.00787	0.00469	0.00592	0.00176	0.00847	0.00559	0.00260	0.00755
7	0.01107	0.01049	0.01767	0.51538	0.28514	0.01197	0.01508	0.01445	0.01128	0.01503	0.01118	0.01517	0.03248	0.00544	0.00538	0.00172	0.00675	0.00499	0.00256	0.00677
8	0.00685	0.00567	0.00603	0.00590	0.00765	0.00496	0.00444	0.00895	0.04035	0.01621	0.19870	0.04817	0.60165	0.01284	0.00631	0.00179	0.00274	0.01081	0.00519	0.00478
9	0.00662	0.00473	0.00633	0.00757	0.00792	0.00443	0.00513	0.00762	0.01036	0.01380	0.02954	0.77804	0.03532	0.01674	0.00687	0.00219	0.00319	0.04423	0.00498	0.00438
10	0.01431	0.13865	0.29629	0.01769	0.20770	0.01373	0.01476	0.07810	0.04890	0.10286	0.01154	0.01272	0.00860	0.00533	0.00498	0.00158	0.00650	0.00433	0.00325	0.00817
11	0.15022	0.01155	0.01240	0.01149	0.05093	0.01296	0.00873	0.15155	0.39515	0.05900	0.01779	0.01920	0.01384	0.00711	0.00522	0.00178	0.00468	0.05346	0.00498	0.00797
12	0.01115	0.01059	0.01787	0.54105	0.26580	0.01230	0.01531	0.01455	0.01113	0.01488	0.00965	0.01393	0.00757	0.00529	0.00567	0.00174	0.02753	0.00477	0.00247	0.00675
13	0.01194	0.01230	0.01759	0.01470	0.01548	0.05051	0.09798	0.01350	0.00917	0.01347	0.00880	0.05620	0.00875	0.00907	0.01513	0.00223	0.62926	0.00542	0.00256	0.00596
14	0.02395	0.00936	0.01259	0.00966	0.01381	0.00822	0.00798	0.05370	0.01573	0.75352	0.02087	0.01807	0.01313	0.00664	0.00540	0.00166	0.00462	0.00538	0.00660	0.00914
15	0.01114	0.00952	0.01105	0.00810	0.01262	0.00748	0.00645	0.01437	0.06090	0.01797	0.03961	0.01282	0.01014	0.00446	0.00416	0.00090	0.00394	0.00362	0.00343	0.75733
16	0.00716	0.00512	0.00694	0.00818	0.00877	0.00490	0.00606	0.00855	0.01089	0.01440	0.02924	0.58765	0.03414	0.01623	0.00702	0.00227	0.00365	0.22932	0.00497	0.00453
17	0.00991	0.00501	0.00504	0.00504	0.00624	0.00501	0.00373	0.01229	0.01110	0.01958	0.01748	0.02070	0.01402	0.04276	0.00482	0.00143	0.00262	0.00513	0.80316	0.00492
18	0.01267	0.01448	0.03167	0.02262	0.02805	0.01357	0.75837	0.01719	0.01267	0.01719	0.01086	0.01448	0.00814	0.00452	0.00633	0.00181	0.00905	0.00633	0.00271	0.00724
19	0.01242	0.01374	0.02756	0.02032	0.02429	0.01435	0.55680	0.01604	0.01147	0.01604	0.00983	0.01374	0.00785	0.00584	0.00938	0.00196	0.22300	0.00589	0.00262	0.00687
20	0.01150	0.00627	0.00775	0.00717	0.00871	0.00583	0.00516	0.01259	0.01099	0.20387	0.02662	0.09022	0.16950	0.30744	0.07035	0.00357	0.00505	0.03757	0.00461	0.00523
21	0.00654	0.00467	0.00623	0.00747	0.00779	0.00436	0.00498	0.00747	0.01028	0.01370	0.02959	0.80785	0.03550	0.01682	0.00685	0.00218	0.00311	0.01526	0.00498	0.00436
22	0.01306	0.01252	0.02138	0.08842	0.72417	0.01269	0.01636	0.01627	0.01211	0.01726	0.01006	0.01336	0.00841	0.00483	0.00532	0.00161	0.00643	0.00478	0.00264	0.00832
23	0.01319	0.01266	0.02162	0.05517	0.75636	0.01273	0.01643	0.01639	0.01218	0.01743	0.01008	0.01332	0.00846	0.00480	0.00532	0.00160	0.00640	0.00478	0.00265	0.00843
24	0.84927	0.01038	0.00789	0.00706	0.01038	0.01204	0.00581	0.01578	0.00914	0.02408	0.00747	0.00872	0.00581	0.00498	0.00332	0.00166	0.00415	0.00291	0.00332	0.00581
25	0.01099	0.00902	0.00925	0.05077	0.05953	0.11445	0.00685	0.03452	0.01304	0.03567	0.17975	0.15949	0.05138	0.00913	0.00535	0.00161	0.00425	0.00777	0.23162	0.00554
26	0.01291	0.01108	0.01175	0.01070	0.01355	0.01276	0.00827	0.02714	0.71850	0.02188	0.02236	0.07165	0.01764	0.00791	0.00555	0.00184	0.00417	0.00667	0.00543	0.00823
27	0.01113	0.00954	0.01113	0.00795	0.01272	0.00716	0.00636	0.01352	0.01113	0.01749	0.00954	0.01113	0.00795	0.00398	0.00398	0.00080	0.00398	0.00318	0.00318	0.84417
28	0.01744	0.00901	0.01175	0.00994	0.04738	0.00780	0.00762	0.02028	0.04956	0.40922	0.06885	0.02082	0.04601	0.00682	0.00522	0.00149	0.00429	0.03474	0.00536	0.21639
29	0.01109	0.00947	0.01100	0.00813	0.01260	0.00745	0.00644	0.01425	0.06071	0.01766	0.01116	0.04408	0.00962	0.00471	0.00419	0.00092	0.00396	0.00386	0.00340	0.75529
30	0.00720	0.00527	0.00725	0.00772	0.00837	0.00555	0.00554	0.00850	0.00932	0.01278	0.02227	0.31910	0.05850	0.11973	0.37081	0.00549	0.00854	0.00982	0.00381	0.00444
31	0.01014	0.00954	0.01610	0.79845	0.03697	0.01193	0.01491	0.01371	0.01073	0.01371	0.00954	0.01431	0.00716	0.00537	0.00537	0.00179	0.00716	0.00477	0.00239	0.00596
32	0.81002	0.01060	0.00828	0.00731	0.01068	0.01226	0.00602	0.05102	0.00990	0.02455	0.00773	0.00892	0.00597	0.00505	0.00342	0.00166	0.00424	0.00300	0.00342	0.00597
