[name]
unknown

[dist]
# distance from previous block
# <min> <max>
0	475

[block]
# block no. 0 follows, 44 sequences, length 11
# corresponding to MSA columns:
# 534-544
name=unknown_A
#
# <colnr> <probs for GDERKNQSTAVLIFYWHMCP>
#	G	D	E	R	K	N	Q	S	T	A	V	L	I	F	Y	W	H	M	C	P
0	0.01022	0.00864	0.01100	0.00871	0.01240	0.00693	0.03715	0.01243	0.01115	0.01674	0.01467	0.16699	0.01467	0.00855	0.03713	0.00152	0.00456	0.03613	0.00362	0.57680
1	0.01257	0.01339	0.04500	0.05130	0.02456	0.01270	0.51868	0.01803	0.10125	0.03623	0.01336	0.01768	0.01058	0.03993	0.03932	0.00228	0.00835	0.02436	0.00325	0.00719
2	0.00767	0.00569	0.00782	0.00782	0.00869	0.00625	0.00579	0.00915	0.00900	0.01246	0.01971	0.02785	0.10027	0.19605	0.54251	0.00727	0.01135	0.00691	0.00324	0.00452
3	0.00664	0.00474	0.00633	0.00759	0.00791	0.00443	0.00506	0.00759	0.01044	0.01392	0.03005	0.80485	0.03606	0.01708	0.00696	0.00221	0.00316	0.01550	0.00506	0.00443
4	0.00839	0.00673	0.00993	0.00958	0.01041	0.00826	0.00756	0.01023	0.00870	0.01272	0.01351	0.02003	0.01268	0.03629	0.67409	0.00783	0.12949	0.00568	0.00284	0.00503
5	0.01093	0.02820	0.78016	0.01554	0.02360	0.01266	0.02014	0.01727	0.01151	0.01727	0.00978	0.01151	0.00691	0.00518	0.00518	0.00173	0.00806	0.00403	0.00230	0.00806
6	0.00888	0.00634	0.00893	0.01022	0.09381	0.00667	0.00619	0.00925	0.00864	0.01191	0.01506	0.08758	0.01622	0.32914	0.15934	0.17135	0.03614	0.00706	0.00309	0.00419
7	0.84691	0.01054	0.00801	0.00717	0.01054	0.01223	0.00590	0.01603	0.00928	0.02446	0.00759	0.00886	0.00590	0.00506	0.00337	0.00169	0.00422	0.00295	0.00337	0.00590
8	0.00903	0.00502	0.00753	0.00753	0.00778	0.00527	0.00527	0.00778	0.00753	0.01030	0.01080	0.01783	0.01055	0.02463	0.21965	0.62564	0.00729	0.00502	0.00251	0.00302
9	0.01376	0.01154	0.01611	0.01364	0.01425	0.01543	0.01135	0.01509	0.00941	0.12526	0.00926	0.01290	0.00809	0.00913	0.01607	0.00228	0.68207	0.00488	0.00302	0.00645
10	0.01640	0.12933	0.01548	0.01084	0.01454	0.01461	0.00892	0.19858	0.36969	0.10882	0.01891	0.01779	0.03817	0.00693	0.00525	0.00168	0.00492	0.00549	0.00517	0.00848

[dist]
# distance from previous block
# <min> <max>
0	12

[block]
# block no. 1 follows, 44 sequences, length 31
# corresponding to MSA columns:
# 557-571,573-588
name=unknown_B
#
# <colnr> <probs for GDERKNQSTAVLIFYWHMCP>
#	G	D	E	R	K	N	Q	S	T	A	V	L	I	F	Y	W	H	M	C	P
0	0.01309	0.01254	0.02140	0.12953	0.68148	0.01285	0.01653	0.01638	0.01222	0.01732	0.01018	0.01362	0.00846	0.00493	0.00540	0.00164	0.00658	0.00486	0.00266	0.00831
1	0.74174	0.01107	0.01106	0.00916	0.01281	0.01243	0.10032	0.01621	0.00973	0.02358	0.00802	0.00959	0.00620	0.00500	0.00376	0.00171	0.00484	0.00339	0.00330	0.00609
2	0.00715	0.00693	0.06839	0.00788	0.00921	0.00529	0.00627	0.00870	0.01103	0.01441	0.03349	0.48972	0.19777	0.04545	0.00753	0.00223	0.00368	0.06534	0.00477	0.00476
3	0.00644	0.00552	0.00552	0.00552	0.00736	0.00460	0.00414	0.00782	0.01243	0.01473	0.05523	0.05247	0.77218	0.01381	0.00644	0.00184	0.00276	0.01151	0.00506	0.00460
4	0.84691	0.01054	0.00801	0.00717	0.01054	0.01223	0.00590	0.01603	0.00928	0.02446	0.00759	0.00886	0.00590	0.00506	0.00337	0.00169	0.00422	0.00295	0.00337	0.00590
5	0.00676	0.00546	0.00601	0.00603	0.00760	0.00471	0.00446	0.00838	0.01295	0.01633	0.22090	0.11888	0.53548	0.01348	0.00649	0.00185	0.00275	0.01149	0.00528	0.00471
6	0.01356	0.01171	0.01233	0.01109	0.01418	0.01356	0.00863	0.02897	0.76455	0.02281	0.02219	0.02034	0.01664	0.00740	0.00555	0.00185	0.00431	0.00616	0.00555	0.00863
7	0.01141	0.02485	0.59439	0.01739	0.02481	0.01294	0.20255	0.01731	0.01185	0.01731	0.01009	0.01230	0.00725	0.00503	0.00549	0.00175	0.00834	0.00463	0.00242	0.00788
8	0.01130	0.00969	0.01130	0.00807	0.01292	0.00727	0.00646	0.01373	0.01130	0.01776	0.00969	0.01130	0.00807	0.00404	0.00404	0.00081	0.00404	0.00323	0.00323	0.84173
9	0.01030	0.00969	0.01635	0.79530	0.03755	0.01211	0.01514	0.01393	0.01090	0.01393	0.00969	0.01453	0.00727	0.00545	0.00545	0.00182	0.00727	0.00484	0.00242	0.00606
10	0.01030	0.00969	0.01635	0.79530	0.03755	0.01211	0.01514	0.01393	0.01090	0.01393	0.00969	0.01453	0.00727	0.00545	0.00545	0.00182	0.00727	0.00484	0.00242	0.00606
11	0.00693	0.00554	0.00620	0.00603	0.00766	0.00481	0.00452	0.00876	0.01357	0.01745	0.32835	0.04799	0.49736	0.01279	0.00644	0.00179	0.00269	0.01088	0.00542	0.00481
12	0.02135	0.01427	0.01574	0.01207	0.01641	0.01543	0.00997	0.63471	0.02396	0.15822	0.01449	0.01400	0.00997	0.00658	0.00546	0.00164	0.00577	0.00500	0.00567	0.00927
13	0.02085	0.01008	0.01254	0.01016	0.01400	0.00985	0.00822	0.02736	0.26345	0.52820	0.02173	0.01915	0.01454	0.00696	0.00550	0.00174	0.00453	0.00571	0.00635	0.00906
14	0.00680	0.00550	0.00603	0.00597	0.00760	0.00474	0.00445	0.00848	0.01316	0.01663	0.24835	0.07969	0.54708	0.01322	0.00646	0.00182	0.00273	0.01122	0.00532	0.00474
15	0.01446	0.01216	0.01284	0.01128	0.01452	0.01398	0.00885	0.12068	0.67137	0.02426	0.02104	0.01943	0.01571	0.00729	0.00554	0.00182	0.00453	0.00601	0.00554	0.00871
16	0.00664	0.00474	0.00633	0.00759	0.00791	0.00443	0.00506	0.00759	0.01044	0.01392	0.03005	0.80485	0.03606	0.01708	0.00696	0.00221	0.00316	0.01550	0.00506	0.00443
17	0.02446	0.00928	0.01265	0.00970	0.01392	0.00801	0.00801	0.02657	0.01560	0.77817	0.02151	0.01856	0.01350	0.00675	0.00548	0.00169	0.00464	0.00548	0.00675	0.00928
18	0.01626	0.23838	0.01824	0.01286	0.06264	0.37389	0.00978	0.01901	0.06654	0.01522	0.10550	0.01440	0.01339	0.00613	0.00479	0.00142	0.00721	0.00442	0.00326	0.00667
19	0.01030	0.00969	0.01635	0.79530	0.03755	0.01211	0.01514	0.01393	0.01090	0.01393	0.00969	0.01453	0.00727	0.00545	0.00545	0.00182	0.00727	0.00484	0.00242	0.00606
20	0.00772	0.00557	0.00729	0.00686	0.00814	0.00514	0.00514	0.01029	0.01543	0.02186	0.77152	0.04072	0.05144	0.01115	0.00643	0.00171	0.00257	0.00986	0.00600	0.00514
21	0.02373	0.01045	0.01338	0.01026	0.01450	0.00976	0.00847	0.16971	0.01757	0.63225	0.01986	0.01748	0.01267	0.00671	0.00548	0.00168	0.00491	0.00537	0.00649	0.00928
22	0.01240	0.01797	0.27514	0.01574	0.02100	0.02848	0.21644	0.04637	0.20402	0.01907	0.01496	0.05624	0.01204	0.00654	0.00578	0.00183	0.00704	0.02760	0.00360	0.00774
23	0.01093	0.02820	0.78016	0.01554	0.02360	0.01266	0.02014	0.01727	0.01151	0.01727	0.00978	0.01151	0.00691	0.00518	0.00518	0.00173	0.00806	0.00403	0.00230	0.00806
24	0.00990	0.00880	0.01439	0.59164	0.03074	0.01060	0.01349	0.01325	0.01133	0.01455	0.01466	0.02671	0.01352	0.00794	0.00599	0.00200	0.00668	0.19491	0.00310	0.00579
25	0.74268	0.01249	0.00895	0.00804	0.01134	0.10987	0.00649	0.01675	0.01006	0.02306	0.00770	0.00898	0.00605	0.00513	0.00357	0.00165	0.00493	0.00302	0.00330	0.00596
26	0.01091	0.07939	0.58277	0.01448	0.02128	0.01241	0.06389	0.01633	0.01206	0.01755	0.10577	0.01520	0.01261	0.00586	0.00530	0.00169	0.00728	0.00484	0.00280	0.00757
27	0.00765	0.00812	0.10432	0.00856	0.01016	0.00594	0.00710	0.01013	0.03794	0.01635	0.18550	0.51432	0.03499	0.01397	0.00657	0.00203	0.00369	0.01252	0.00493	0.00519
28	0.00910	0.00609	0.00716	0.00687	0.00827	0.00585	0.00506	0.06298	0.01374	0.03484	0.30125	0.15894	0.13175	0.06152	0.00729	0.00195	0.00314	0.00954	0.15945	0.00521
29	0.84691	0.01054	0.00801	0.00717	0.01054	0.01223	0.00590	0.01603	0.00928	0.02446	0.00759	0.00886	0.00590	0.00506	0.00337	0.00169	0.00422	0.00295	0.00337	0.00590
30	0.04306	0.31741	0.25545	0.11066	0.02013	0.01623	0.01333	0.10197	0.01299	0.04815	0.00972	0.01123	0.00749	0.00524	0.00456	0.00151	0.00661	0.00384	0.00291	0.00752

[dist]
# distance from previous block
# <min> <max>
0	1

[block]
# block no. 2 follows, 44 sequences, length 16
# corresponding to MSA columns:
# 590-605
name=unknown_C
#
# <colnr> <probs for GDERKNQSTAVLIFYWHMCP>
#	G	D	E	R	K	N	Q	S	T	A	V	L	I	F	Y	W	H	M	C	P
0	0.01398	0.01383	0.09143	0.01234	0.01622	0.01357	0.06241	0.13449	0.49025	0.02322	0.02034	0.01947	0.04929	0.00715	0.00560	0.00180	0.00521	0.00603	0.00499	0.00839
1	0.00772	0.00557	0.00729	0.00686	0.00814	0.00514	0.00514	0.01029	0.01543	0.02186	0.77152	0.04072	0.05144	0.01115	0.00643	0.00171	0.00257	0.00986	0.00600	0.00514
2	0.84691	0.01054	0.00801	0.00717	0.01054	0.01223	0.00590	0.01603	0.00928	0.02446	0.00759	0.00886	0.00590	0.00506	0.00337	0.00169	0.00422	0.00295	0.00337	0.00590
3	0.00777	0.00565	0.00773	0.00753	0.00854	0.00584	0.00562	0.00980	0.01190	0.01689	0.38184	0.03236	0.03265	0.11151	0.32437	0.00496	0.00774	0.00802	0.00446	0.00483
4	0.01567	0.00978	0.01160	0.00946	0.01242	0.00993	0.00758	0.28109	0.01913	0.17498	0.35204	0.02645	0.02886	0.00863	0.00589	0.00168	0.00421	0.00722	0.00595	0.00744
5	0.00821	0.00572	0.00678	0.00640	0.00805	0.00508	0.00484	0.01030	0.01409	0.05775	0.42162	0.04307	0.32344	0.01170	0.00626	0.00174	0.00275	0.01003	0.04704	0.00515
6	0.01065	0.01005	0.01699	0.71089	0.11919	0.01221	0.01532	0.01424	0.01107	0.01436	0.00975	0.01442	0.00742	0.00538	0.00544	0.00179	0.00718	0.00485	0.00245	0.00634
7	0.00793	0.00529	0.00595	0.00595	0.00595	0.00529	0.00330	0.00793	0.00793	0.01057	0.01718	0.03568	0.01982	0.80840	0.02775	0.00529	0.00529	0.00793	0.00330	0.00330
8	0.00731	0.00706	0.06171	0.00814	0.00963	0.00552	0.03280	0.00899	0.01138	0.01497	0.08841	0.43088	0.20837	0.05152	0.00764	0.00219	0.00373	0.03014	0.00477	0.00485
9	0.01576	0.02282	0.40966	0.01415	0.02025	0.09203	0.01534	0.27826	0.01701	0.04707	0.01118	0.01212	0.00796	0.00575	0.00526	0.00166	0.00740	0.00433	0.00360	0.00835
10	0.01237	0.01153	0.01915	0.24826	0.48144	0.01226	0.01521	0.04327	0.01234	0.01705	0.01160	0.06955	0.01020	0.00595	0.00552	0.00172	0.00645	0.00561	0.00289	0.00763
11	0.00949	0.00634	0.00705	0.00700	0.00843	0.00654	0.00531	0.01339	0.12093	0.01775	0.04322	0.03190	0.12008	0.11136	0.06309	0.00262	0.00431	0.09104	0.32486	0.00529
12	0.01675	0.29132	0.01945	0.01127	0.01521	0.12358	0.00959	0.21666	0.20470	0.02112	0.01283	0.01296	0.01003	0.00598	0.00473	0.00150	0.00605	0.00434	0.00403	0.00792
13	0.03482	0.04124	0.18683	0.01282	0.08271	0.03725	0.01118	0.06776	0.05581	0.10050	0.03660	0.01372	0.01029	0.00535	0.00483	0.00138	0.00559	0.00428	0.00368	0.28335
14	0.03546	0.14662	0.28619	0.01234	0.01766	0.10785	0.02886	0.02018	0.03963	0.20377	0.01287	0.01325	0.00918	0.00564	0.00490	0.00158	0.00667	0.00429	0.03526	0.00782
15	0.01320	0.01328	0.07038	0.05494	0.01867	0.01332	0.14935	0.05853	0.46990	0.02145	0.04473	0.01874	0.01479	0.00671	0.00571	0.00182	0.00566	0.00607	0.00464	0.00812

[dist]
# distance from previous block
# <min> <max>
0	1

[block]
# block no. 3 follows, 44 sequences, length 76
# corresponding to MSA columns:
# 688-707,715-770
name=unknown_D
#
# <colnr> <probs for GDERKNQSTAVLIFYWHMCP>
#	G	D	E	R	K	N	Q	S	T	A	V	L	I	F	Y	W	H	M	C	P
0	0.01502	0.08618	0.02126	0.04262	0.51168	0.01324	0.03920	0.01790	0.01252	0.12813	0.01150	0.01377	0.00907	0.00537	0.00594	0.00164	0.04854	0.00482	0.00324	0.00834
1	0.00650	0.00553	0.00560	0.00558	0.00740	0.00463	0.00419	0.00793	0.01256	0.01504	0.08655	0.05195	0.74067	0.01369	0.00644	0.00184	0.00275	0.01143	0.00510	0.00463
2	0.01349	0.01295	0.02213	0.03346	0.77440	0.01295	0.01673	0.01673	0.01241	0.01781	0.01025	0.01349	0.00864	0.00486	0.00540	0.00162	0.00648	0.00486	0.00270	0.00864
3	0.00786	0.00557	0.00740	0.00740	0.00791	0.00608	0.00512	0.00886	0.00836	0.01165	0.01584	0.02829	0.01661	0.41078	0.42099	0.00709	0.01011	0.00685	0.00311	0.00411
4	0.00879	0.00628	0.00879	0.01004	0.01130	0.00628	0.00879	0.01130	0.01255	0.01632	0.02887	0.06150	0.03138	0.01506	0.00753	0.00251	0.00502	0.73770	0.00502	0.00502
5	0.01356	0.01171	0.01233	0.01109	0.01418	0.01356	0.00863	0.02897	0.76455	0.02281	0.02219	0.02034	0.01664	0.00740	0.00555	0.00185	0.00431	0.00616	0.00555	0.00863
6	0.01093	0.02820	0.78016	0.01554	0.02360	0.01266	0.02014	0.01727	0.01151	0.01727	0.00978	0.01151	0.00691	0.00518	0.00518	0.00173	0.00806	0.00403	0.00230	0.00806
7	0.84691	0.01054	0.00801	0.00717	0.01054	0.01223	0.00590	0.01603	0.00928	0.02446	0.00759	0.00886	0.00590	0.00506	0.00337	0.00169	0.00422	0.00295	0.00337	0.00590
8	0.00644	0.00552	0.00552	0.00552	0.00736	0.00460	0.00414	0.00782	0.01243	0.01473	0.05523	0.05247	0.77218	0.01381	0.00644	0.00184	0.00276	0.01151	0.00506	0.00460
9	0.00663	0.00480	0.00626	0.00743	0.00787	0.00444	0.00499	0.00761	0.01059	0.01398	0.03199	0.74695	0.09270	0.01683	0.00692	0.00219	0.00313	0.01519	0.00506	0.00444
10	0.00679	0.00493	0.00644	0.00759	0.00812	0.00459	0.00526	0.00790	0.01078	0.01418	0.03228	0.67810	0.10374	0.01662	0.00695	0.00220	0.00327	0.07070	0.00506	0.00449
11	0.01030	0.00969	0.01635	0.79530	0.03755	0.01211	0.01514	0.01393	0.01090	0.01393	0.00969	0.01453	0.00727	0.00545	0.00545	0.00182	0.00727	0.00484	0.00242	0.00606
12	0.01093	0.02820	0.78016	0.01554	0.02360	0.01266	0.02014	0.01727	0.01151	0.01727	0.00978	0.01151	0.00691	0.00518	0.00518	0.00173	0.00806	0.00403	0.00230	0.00806
13	0.00753	0.00548	0.00727	0.00836	0.00925	0.00522	0.00650	0.00920	0.01163	0.01515	0.04663	0.39892	0.11654	0.01577	0.00713	0.00229	0.00387	0.31349	0.00506	0.00471
14	0.00694	0.00493	0.00652	0.00769	0.00807	0.00466	0.00527	0.00796	0.01044	0.01388	0.02895	0.67695	0.03438	0.07778	0.00861	0.00248	0.00350	0.08167	0.00492	0.00440
15	0.04064	0.01121	0.01276	0.01025	0.01415	0.08088	0.00829	0.02624	0.12491	0.58044	0.02009	0.01780	0.01319	0.00670	0.00539	0.00168	0.00506	0.00534	0.00613	0.00884
16	0.01537	0.70428	0.02677	0.00997	0.01438	0.12614	0.00949	0.01707	0.01168	0.01290	0.00770	0.00889	0.00700	0.00479	0.00369	0.00120	0.00638	0.00300	0.00240	0.00690
17	0.01130	0.00969	0.01130	0.00807	0.01292	0.00727	0.00646	0.01373	0.01130	0.01776	0.00969	0.01130	0.00807	0.00404	0.00404	0.00081	0.00404	0.00323	0.00323	0.84173
18	0.00664	0.00474	0.00633	0.00759	0.00791	0.00443	0.00506	0.00759	0.01044	0.01392	0.03005	0.80485	0.03606	0.01708	0.00696	0.00221	0.00316	0.01550	0.00506	0.00443
19	0.00664	0.00474	0.00633	0.00759	0.00791	0.00443	0.00506	0.00759	0.01044	0.01392	0.03005	0.80485	0.03606	0.01708	0.00696	0.00221	0.00316	0.01550	0.00506	0.00443
20	0.01384	0.01140	0.01236	0.01114	0.01413	0.01295	0.00889	0.12580	0.55363	0.02344	0.02192	0.02536	0.01779	0.00840	0.00582	0.00192	0.00465	0.11291	0.00546	0.00819
21	0.01302	0.01540	0.10476	0.13413	0.02825	0.01372	0.50275	0.08522	0.01362	0.01849	0.01090	0.01421	0.00808	0.00496	0.00607	0.00181	0.00850	0.00582	0.00291	0.00741
22	0.00779	0.00584	0.00876	0.00876	0.00974	0.00681	0.00681	0.00974	0.00876	0.01266	0.01460	0.02142	0.01363	0.04089	0.78680	0.00876	0.01460	0.00584	0.00292	0.00487
23	0.37416	0.01219	0.01214	0.00975	0.01366	0.01334	0.00804	0.31145	0.01688	0.16135	0.01223	0.01225	0.00858	0.00595	0.00457	0.00167	0.00500	0.00417	0.00479	0.00783
24	0.00767	0.00557	0.00723	0.00681	0.00812	0.00513	0.00511	0.01020	0.01533	0.02162	0.74673	0.04113	0.07639	0.01124	0.00643	0.00172	0.00258	0.00992	0.00597	0.00513
25	0.00665	0.00553	0.00581	0.00574	0.00749	0.00469	0.00431	0.00823	0.01292	0.01589	0.17223	0.05055	0.65445	0.01337	0.00644	0.00182	0.00273	0.01124	0.00522	0.00469
26	0.00740	0.00578	0.00686	0.00721	0.00878	0.00523	0.00582	0.00933	0.01291	0.01629	0.15120	0.05373	0.42207	0.01383	0.00680	0.00204	0.00348	0.25121	0.00519	0.00482
27	0.00726	0.00552	0.00668	0.00647	0.00789	0.00494	0.00482	0.00938	0.01425	0.01923	0.50986	0.07880	0.28052	0.01226	0.00646	0.00178	0.00266	0.01064	0.00566	0.00494
28	0.01458	0.81168	0.02857	0.00933	0.01399	0.02157	0.00933	0.01632	0.01108	0.01283	0.00758	0.00875	0.00700	0.00466	0.00350	0.00117	0.00583	0.00292	0.00233	0.00700
29	0.01093	0.02820	0.78016	0.01554	0.02360	0.01266	0.02014	0.01727	0.01151	0.01727	0.00978	0.01151	0.00691	0.00518	0.00518	0.00173	0.00806	0.00403	0.00230	0.00806
30	0.02291	0.00894	0.01216	0.00944	0.01338	0.00775	0.00775	0.02506	0.01559	0.70826	0.09084	0.02061	0.01700	0.00715	0.00557	0.00169	0.00445	0.00589	0.00668	0.00890
31	0.01193	0.01193	0.01670	0.01431	0.01431	0.01670	0.01193	0.01312	0.00835	0.01312	0.00716	0.01193	0.00716	0.00954	0.01789	0.00239	0.79843	0.00477	0.00239	0.00596
32	0.01093	0.02820	0.78016	0.01554	0.02360	0.01266	0.02014	0.01727	0.01151	0.01727	0.00978	0.01151	0.00691	0.00518	0.00518	0.00173	0.00806	0.00403	0.00230	0.00806
33	0.01032	0.00969	0.01624	0.77769	0.03700	0.01200	0.01495	0.01392	0.01091	0.01402	0.00969	0.01446	0.00729	0.00542	0.00542	0.00179	0.00720	0.00481	0.00244	0.02475
34	0.02048	0.02249	0.01575	0.01355	0.01687	0.53525	0.01048	0.26156	0.01877	0.02020	0.00995	0.01090	0.00776	0.00592	0.00509	0.00148	0.00858	0.00397	0.00367	0.00728
35	0.00932	0.00720	0.00885	0.00919	0.01069	0.00753	0.00723	0.01482	0.20838	0.01831	0.14800	0.23193	0.03196	0.01293	0.00669	0.00214	0.00398	0.24969	0.00533	0.00583
36	0.00787	0.00688	0.00699	0.00773	0.00861	0.07676	0.00536	0.00895	0.01134	0.01404	0.03367	0.56350	0.19760	0.01529	0.00665	0.00206	0.00369	0.01350	0.00485	0.00464
37	0.01356	0.01171	0.01233	0.01109	0.01418	0.01356	0.00863	0.02897	0.76455	0.02281	0.02219	0.02034	0.01664	0.00740	0.00555	0.00185	0.00431	0.00616	0.00555	0.00863
38	0.01458	0.81168	0.02857	0.00933	0.01399	0.02157	0.00933	0.01632	0.01108	0.01283	0.00758	0.00875	0.00700	0.00466	0.00350	0.00117	0.00583	0.00292	0.00233	0.00700
39	0.00978	0.00751	0.00850	0.00855	0.01046	0.00783	0.00687	0.01581	0.23477	0.01836	0.03169	0.05688	0.20148	0.01135	0.00616	0.00198	0.00390	0.23299	0.11915	0.00598
40	0.01165	0.00643	0.00815	0.00736	0.00943	0.00568	0.00564	0.01363	0.01418	0.21625	0.31872	0.12420	0.21448	0.01132	0.00625	0.00179	0.00322	0.00976	0.00586	0.00601
41	0.00681	0.00500	0.00644	0.00752	0.00814	0.00462	0.00527	0.00797	0.01092	0.01426	0.03362	0.62617	0.14321	0.01641	0.00694	0.00219	0.00328	0.08167	0.00506	0.00451
42	0.77054	0.01098	0.00878	0.00767	0.01113	0.01266	0.00632	0.08445	0.01079	0.02538	0.00810	0.00925	0.00622	0.00520	0.00357	0.00168	0.00438	0.00313	0.00357	0.00622
43	0.00664	0.00474	0.00633	0.00759	0.00791	0.00443	0.00506	0.00759	0.01044	0.01392	0.03005	0.80485	0.03606	0.01708	0.00696	0.00221	0.00316	0.01550	0.00506	0.00443
44	0.00664	0.00474	0.00633	0.00759	0.00791	0.00443	0.00506	0.00759	0.01044	0.01392	0.03005	0.80485	0.03606	0.01708	0.00696	0.00221	0.00316	0.01550	0.00506	0.00443
45	0.01349	0.01295	0.02213	0.03346	0.77440	0.01295	0.01673	0.01673	0.01241	0.01781	0.01025	0.01349	0.00864	0.00486	0.00540	0.00162	0.00648	0.00486	0.00270	0.00864
46	0.01349	0.01295	0.02213	0.03346	0.77440	0.01295	0.01673	0.01673	0.01241	0.01781	0.01025	0.01349	0.00864	0.00486	0.00540	0.00162	0.00648	0.00486	0.00270	0.00864
47	0.00663	0.00553	0.00578	0.00572	0.00748	0.00468	0.00429	0.00818	0.01287	0.01577	0.15991	0.05075	0.66685	0.01342	0.00644	0.00182	0.00273	0.01127	0.00520	0.00468
48	0.01449	0.00690	0.00913	0.00820	0.01049	0.00610	0.00626	0.01621	0.01359	0.34570	0.13705	0.28355	0.09659	0.01144	0.00620	0.00188	0.00368	0.00997	0.00593	0.00665
49	0.01221	0.01216	0.01703	0.57781	0.13440	0.09975	0.01468	0.03994	0.01211	0.01507	0.00974	0.01381	0.00749	0.00543	0.00538	0.00174	0.00741	0.00470	0.00260	0.00654
50	0.01349	0.01295	0.02213	0.03346	0.77440	0.01295	0.01673	0.01673	0.01241	0.01781	0.01025	0.01349	0.00864	0.00486	0.00540	0.00162	0.00648	0.00486	0.00270	0.00864
51	0.01030	0.00969	0.01635	0.79530	0.03755	0.01211	0.01514	0.01393	0.01090	0.01393	0.00969	0.01453	0.00727	0.00545	0.00545	0.00182	0.00727	0.00484	0.00242	0.00606
52	0.01560	0.01376	0.07257	0.01074	0.01541	0.02912	0.00929	0.32095	0.05593	0.03911	0.01308	0.01366	0.02820	0.00566	0.00489	0.00133	0.00528	0.00439	0.00430	0.33671
53	0.07283	0.10876	0.01704	0.01254	0.01624	0.26933	0.05355	0.18771	0.12212	0.07008	0.01227	0.01271	0.00930	0.00594	0.00499	0.00155	0.00699	0.00440	0.00403	0.00762
54	0.00668	0.00480	0.00628	0.00744	0.00782	0.00447	0.00496	0.00761	0.01044	0.01384	0.03070	0.74532	0.06768	0.04433	0.00766	0.00230	0.00322	0.01506	0.00500	0.00440
55	0.01329	0.01275	0.02176	0.08156	0.72787	0.01290	0.01663	0.01655	0.01232	0.01757	0.01022	0.01356	0.00855	0.00489	0.00540	0.00163	0.00653	0.00486	0.00268	0.00847
56	0.00660	0.00512	0.00601	0.00665	0.00768	0.00453	0.00466	0.00780	0.01151	0.01459	0.07051	0.44225	0.36185	0.01540	0.00671	0.00203	0.00296	0.01351	0.00510	0.00453
57	0.00659	0.00553	0.00572	0.00567	0.00745	0.00466	0.00426	0.00810	0.01277	0.01553	0.13603	0.05114	0.69087	0.01351	0.00644	0.00183	0.00274	0.01132	0.00517	0.00466
58	0.00657	0.00551	0.00571	0.00569	0.00745	0.00465	0.00426	0.00806	0.01267	0.01539	0.12337	0.06673	0.68805	0.01362	0.00645	0.00184	0.00275	0.01143	0.00515	0.00465
59	0.02072	0.01527	0.01636	0.01254	0.01691	0.01691	0.01036	0.75622	0.02563	0.03436	0.01309	0.01309	0.00927	0.00654	0.00545	0.00164	0.00600	0.00491	0.00545	0.00927
60	0.02072	0.01527	0.01636	0.01254	0.01691	0.01691	0.01036	0.75622	0.02563	0.03436	0.01309	0.01309	0.00927	0.00654	0.00545	0.00164	0.00600	0.00491	0.00545	0.00927
61	0.02446	0.00928	0.01265	0.00970	0.01392	0.00801	0.00801	0.02657	0.01560	0.77817	0.02151	0.01856	0.01350	0.00675	0.00548	0.00169	0.00464	0.00548	0.00675	0.00928
62	0.01356	0.01171	0.01233	0.01109	0.01418	0.01356	0.00863	0.02897	0.76455	0.02281	0.02219	0.02034	0.01664	0.00740	0.00555	0.00185	0.00431	0.00616	0.00555	0.00863
63	0.00708	0.00552	0.00648	0.00664	0.00807	0.00491	0.00503	0.00888	0.01308	0.01690	0.26122	0.14550	0.38983	0.01356	0.00662	0.00192	0.00299	0.08566	0.00534	0.00478
64	0.01458	0.81168	0.02857	0.00933	0.01399	0.02157	0.00933	0.01632	0.01108	0.01283	0.00758	0.00875	0.00700	0.00466	0.00350	0.00117	0.00583	0.00292	0.00233	0.00700
65	0.04058	0.00986	0.01290	0.00991	0.01413	0.00892	0.00819	0.09380	0.01640	0.69433	0.02045	0.01786	0.01295	0.00670	0.00544	0.00168	0.00476	0.00538	0.00656	0.00921
66	0.17237	0.20953	0.27247	0.01336	0.07551	0.01542	0.01301	0.13520	0.01332	0.02035	0.00940	0.01075	0.00725	0.00523	0.00449	0.00156	0.00634	0.00376	0.00305	0.00763
67	0.00817	0.00601	0.00719	0.00767	0.00833	0.00613	0.00517	0.01099	0.11992	0.01422	0.02461	0.40381	0.02767	0.27584	0.01362	0.00318	0.00411	0.04409	0.00455	0.00470
68	0.00779	0.00531	0.00591	0.00591	0.00608	0.00522	0.00338	0.00792	0.00834	0.01096	0.02069	0.03723	0.08937	0.73495	0.02578	0.00497	0.00505	0.00826	0.00347	0.00342
69	0.01639	0.01133	0.01532	0.24865	0.05189	0.01240	0.03727	0.27058	0.01687	0.14924	0.01375	0.01536	0.00984	0.00683	0.02199	0.00182	0.00615	0.00507	0.08152	0.00773
70	0.01315	0.45249	0.30172	0.01382	0.08778	0.01753	0.01395	0.01670	0.01136	0.01490	0.00863	0.01019	0.00711	0.00487	0.00429	0.00141	0.00670	0.00350	0.00236	0.00753
71	0.00792	0.00534	0.00621	0.00621	0.00630	0.00543	0.00363	0.00810	0.00801	0.01076	0.01694	0.03436	0.01925	0.73746	0.09791	0.00561	0.00615	0.00774	0.00327	0.00345
72	0.00792	0.00533	0.00616	0.00616	0.00623	0.00540	0.00357	0.00806	0.00799	0.01073	0.01698	0.03461	0.01936	0.75088	0.08464	0.00555	0.00598	0.00777	0.00327	0.00342
73	0.01947	0.02079	0.01671	0.01642	0.12758	0.43732	0.01139	0.24639	0.01813	0.02044	0.01012	0.01137	0.00795	0.00579	0.00515	0.00151	0.00817	0.00414	0.00360	0.00756
74	0.01008	0.00678	0.00996	0.00913	0.01028	0.00673	0.07456	0.03873	0.05892	0.04709	0.01824	0.25239	0.01927	0.12324	0.01426	0.27854	0.00477	0.00864	0.00384	0.00453
75	0.01292	0.01277	0.01563	0.09759	0.26717	0.12333	0.01121	0.01560	0.01262	0.01712	0.08011	0.01486	0.01203	0.00534	0.00498	0.00135	0.00588	0.00459	0.00317	0.28172

[dist]
# distance from previous block
# <min> <max>
0	11

[block]
# block no. 4 follows, 44 sequences, length 68
# corresponding to MSA columns:
# 782-790,796-826,829-856
name=unknown_E
#
# <colnr> <probs for GDERKNQSTAVLIFYWHMCP>
#	G	D	E	R	K	N	Q	S	T	A	V	L	I	F	Y	W	H	M	C	P
0	0.01243	0.01012	0.01158	0.08283	0.01480	0.01122	0.00832	0.14083	0.33299	0.02279	0.18189	0.04305	0.08668	0.00863	0.00582	0.00179	0.00434	0.00728	0.00529	0.00732
1	0.02206	0.01313	0.01504	0.01153	0.01584	0.01374	0.00952	0.49616	0.02206	0.29946	0.01609	0.01504	0.01078	0.00662	0.00546	0.00165	0.00551	0.00511	0.00591	0.00927
2	0.00800	0.00618	0.00739	0.00712	0.00872	0.00586	0.00546	0.01144	0.08411	0.01966	0.45883	0.04342	0.23871	0.01178	0.00643	0.00182	0.00296	0.06116	0.00564	0.00532
3	0.00882	0.00790	0.01100	0.01459	0.25283	0.00732	0.00826	0.01090	0.01270	0.01638	0.10747	0.03891	0.46086	0.01070	0.00611	0.00176	0.00393	0.00923	0.00439	0.00594
4	0.00664	0.00474	0.00633	0.00759	0.00791	0.00443	0.00506	0.00759	0.01044	0.01392	0.03005	0.80485	0.03606	0.01708	0.00696	0.00221	0.00316	0.01550	0.00506	0.00443
5	0.01577	0.01247	0.01327	0.01117	0.01445	0.01407	0.00879	0.30431	0.41242	0.02607	0.01825	0.01900	0.01413	0.08158	0.00758	0.00209	0.00505	0.00585	0.00530	0.00838
6	0.00731	0.00556	0.00672	0.00643	0.00789	0.00497	0.00482	0.00950	0.01447	0.01958	0.54236	0.04448	0.28203	0.01200	0.00643	0.00176	0.00263	0.01039	0.00570	0.00497
7	0.01093	0.02820	0.78016	0.01554	0.02360	0.01266	0.02014	0.01727	0.01151	0.01727	0.00978	0.01151	0.00691	0.00518	0.00518	0.00173	0.00806	0.00403	0.00230	0.00806
8	0.84691	0.01054	0.00801	0.00717	0.01054	0.01223	0.00590	0.01603	0.00928	0.02446	0.00759	0.00886	0.00590	0.00506	0.00337	0.00169	0.00422	0.00295	0.00337	0.00590
9	0.01030	0.00969	0.01635	0.79530	0.03755	0.01211	0.01514	0.01393	0.01090	0.01393	0.00969	0.01453	0.00727	0.00545	0.00545	0.00182	0.00727	0.00484	0.00242	0.00606
10	0.00978	0.00741	0.00952	0.01026	0.01189	0.00779	0.00875	0.01497	0.16904	0.01767	0.02748	0.05293	0.02831	0.01347	0.00712	0.00237	0.00487	0.58547	0.00513	0.00577
11	0.00960	0.00842	0.01189	0.01085	0.01129	0.01094	0.00863	0.01100	0.00849	0.01262	0.01166	0.01893	0.01153	0.11574	0.36481	0.00559	0.35449	0.00562	0.00273	0.00516
12	0.01557	0.01329	0.16210	0.01013	0.01540	0.00875	0.00970	0.03310	0.01298	0.25799	0.01351	0.01367	0.00958	0.00517	0.00474	0.00128	0.00505	0.00413	0.00420	0.39965
13	0.01084	0.01105	0.01448	0.01187	0.01445	0.13245	0.18608	0.01353	0.01400	0.01796	0.33000	0.02949	0.11419	0.01112	0.06200	0.00221	0.00621	0.00792	0.00438	0.00578
14	0.01562	0.15405	0.26767	0.01327	0.01882	0.05637	0.04225	0.27362	0.04360	0.02245	0.01098	0.01194	0.00819	0.00561	0.00500	0.00156	0.00685	0.00426	0.00359	0.03431
15	0.01051	0.01076	0.00946	0.00877	0.01052	0.17260	0.00671	0.01258	0.03564	0.01622	0.21196	0.03527	0.33112	0.01078	0.00732	0.00178	0.08959	0.00853	0.00454	0.00536
16	0.00796	0.00534	0.00620	0.00620	0.00633	0.00543	0.00366	0.00821	0.00809	0.01099	0.01694	0.03394	0.01909	0.71571	0.10181	0.00554	0.00614	0.00766	0.02128	0.00350
17	0.00780	0.00581	0.00860	0.00860	0.00952	0.00673	0.00662	0.00963	0.00871	0.01254	0.01475	0.02222	0.01398	0.08429	0.74387	0.00857	0.01408	0.00596	0.00294	0.00478
18	0.00705	0.00508	0.00661	0.00762	0.00813	0.00479	0.00517	0.02687	0.01114	0.01487	0.06838	0.72224	0.05889	0.01641	0.00688	0.00216	0.00319	0.01482	0.00512	0.00459
19	0.01745	0.05151	0.08666	0.08621	0.02085	0.35382	0.11825	0.15099	0.01596	0.03302	0.01009	0.01182	0.00774	0.00557	0.00526	0.00157	0.00841	0.00436	0.00325	0.00721
20	0.01268	0.07183	0.56391	0.01558	0.02253	0.10224	0.08649	0.01793	0.01214	0.03146	0.00984	0.01159	0.00718	0.00518	0.00517	0.00167	0.00817	0.00416	0.00249	0.00775
21	0.01130	0.00969	0.01130	0.00807	0.01292	0.00727	0.00646	0.01373	0.01130	0.01776	0.00969	0.01130	0.00807	0.00404	0.00404	0.00081	0.00404	0.00323	0.00323	0.84173
22	0.01048	0.00570	0.00576	0.00564	0.00708	0.00587	0.00426	0.01422	0.08149	0.02056	0.01819	0.02033	0.01422	0.00645	0.00397	0.00132	0.00271	0.00518	0.76117	0.00541
23	0.02061	0.00940	0.01226	0.00922	0.01363	0.00779	0.00756	0.02281	0.01435	0.55556	0.01805	0.01643	0.01191	0.00595	0.00506	0.00143	0.00446	0.00482	0.00572	0.25298
24	0.01511	0.73860	0.02735	0.00977	0.01426	0.09273	0.00944	0.01683	0.01148	0.01287	0.00766	0.00885	0.00700	0.00475	0.00363	0.00119	0.00620	0.00297	0.00238	0.00693
25	0.00779	0.00584	0.00876	0.00876	0.00974	0.00681	0.00681	0.00974	0.00876	0.01266	0.01460	0.02142	0.01363	0.04089	0.78680	0.00876	0.01460	0.00584	0.00292	0.00487
26	0.00754	0.00549	0.00710	0.00685	0.00808	0.00505	0.00508	0.00990	0.01480	0.02072	0.66204	0.11247	0.09077	0.01185	0.00648	0.00177	0.00264	0.01048	0.00586	0.00505
27	0.01346	0.01364	0.02143	0.16615	0.51180	0.07897	0.08221	0.01673	0.01245	0.01671	0.01007	0.01347	0.00822	0.00500	0.00546	0.00166	0.00715	0.00488	0.00266	0.00786
28	0.01305	0.02529	0.64481	0.01471	0.02210	0.01248	0.01817	0.07168	0.01296	0.09791	0.01125	0.01236	0.00776	0.00544	0.00523	0.00172	0.00755	0.00424	0.00299	0.00827
29	0.01583	0.01120	0.01239	0.01080	0.01412	0.01241	0.00850	0.02847	0.60869	0.18000	0.02205	0.01997	0.01599	0.00726	0.00553	0.00182	0.00438	0.00602	0.00580	0.00876
30	0.00772	0.00557	0.00729	0.00686	0.00814	0.00514	0.00514	0.01029	0.01543	0.02186	0.77152	0.04072	0.05144	0.01115	0.00643	0.00171	0.00257	0.00986	0.00600	0.00514
31	0.01513	0.12478	0.36806	0.01436	0.02029	0.13972	0.08367	0.04454	0.01321	0.11042	0.01095	0.01210	0.00796	0.00537	0.00508	0.00160	0.00767	0.00423	0.00309	0.00776
32	0.01356	0.01171	0.01233	0.01109	0.01418	0.01356	0.00863	0.02897	0.76455	0.02281	0.02219	0.02034	0.01664	0.00740	0.00555	0.00185	0.00431	0.00616	0.00555	0.00863
33	0.00808	0.00569	0.00717	0.00672	0.00821	0.00515	0.00507	0.01043	0.01491	0.04727	0.61919	0.04201	0.17677	0.01146	0.00640	0.00174	0.00268	0.00999	0.00586	0.00519
34	0.00867	0.00542	0.00751	0.00806	0.00879	0.00529	0.00624	0.00883	0.01005	0.01300	0.02377	0.08287	0.11422	0.01671	0.01336	0.36732	0.00451	0.28772	0.00387	0.00378
35	0.01349	0.01295	0.02213	0.03346	0.77440	0.01295	0.01673	0.01673	0.01241	0.01781	0.01025	0.01349	0.00864	0.00486	0.00540	0.00162	0.00648	0.00486	0.00270	0.00864
36	0.00651	0.00527	0.00578	0.00618	0.00754	0.00455	0.00444	0.00775	0.01179	0.01447	0.04717	0.29317	0.53668	0.01485	0.00661	0.00196	0.00289	0.01278	0.00506	0.00455
37	0.01193	0.01193	0.01670	0.01431	0.01431	0.01670	0.01193	0.01312	0.00835	0.01312	0.00716	0.01193	0.00716	0.00954	0.01789	0.00239	0.79843	0.00477	0.00239	0.00596
38	0.01202	0.01377	0.09316	0.29333	0.11541	0.01336	0.25192	0.03887	0.01199	0.01638	0.01007	0.01391	0.00777	0.00549	0.00685	0.00184	0.07891	0.00527	0.00264	0.00705
39	0.01510	0.01325	0.01849	0.06381	0.42920	0.05130	0.01362	0.10293	0.15529	0.06225	0.01332	0.01489	0.01033	0.00570	0.00542	0.00167	0.00612	0.00508	0.00376	0.00849
40	0.01070	0.02577	0.69184	0.01481	0.02206	0.01200	0.03458	0.01640	0.01121	0.01665	0.01050	0.01383	0.00814	0.07989	0.00731	0.00206	0.00782	0.00444	0.00241	0.00760
41	0.06863	0.01018	0.01285	0.00937	0.01408	0.00836	0.06019	0.03209	0.01210	0.10734	0.01110	0.01227	0.00860	0.00452	0.00436	0.00106	0.00453	0.00374	0.00367	0.61095
42	0.01309	0.01261	0.01796	0.10126	0.17388	0.08252	0.13829	0.01604	0.01227	0.04213	0.01076	0.03036	0.00884	0.00498	0.00507	0.00137	0.00631	0.00466	0.00307	0.31453
43	0.84691	0.01054	0.00801	0.00717	0.01054	0.01223	0.00590	0.01603	0.00928	0.02446	0.00759	0.00886	0.00590	0.00506	0.00337	0.00169	0.00422	0.00295	0.00337	0.00590
44	0.01458	0.81168	0.02857	0.00933	0.01399	0.02157	0.00933	0.01632	0.01108	0.01283	0.00758	0.00875	0.00700	0.00466	0.00350	0.00117	0.00583	0.00292	0.00233	0.00700
45	0.00690	0.00554	0.00615	0.00600	0.00764	0.00479	0.00450	0.00870	0.01350	0.01726	0.30991	0.04829	0.51592	0.01286	0.00644	0.00180	0.00269	0.01092	0.00540	0.00479
46	0.00664	0.00474	0.00633	0.00759	0.00791	0.00443	0.00506	0.00759	0.01044	0.01392	0.03005	0.80485	0.03606	0.01708	0.00696	0.00221	0.00316	0.01550	0.00506	0.00443
47	0.02098	0.00851	0.01154	0.00911	0.01272	0.00742	0.00742	0.02318	0.01557	0.62079	0.17758	0.02317	0.02139	0.00766	0.00568	0.00169	0.00421	0.00639	0.00659	0.00842
48	0.00793	0.00529	0.00595	0.00595	0.00595	0.00529	0.00330	0.00793	0.00793	0.01057	0.01718	0.03568	0.01982	0.80840	0.02775	0.00529	0.00529	0.00793	0.00330	0.00330
49	0.00664	0.00474	0.00633	0.00759	0.00791	0.00443	0.00506	0.00759	0.01044	0.01392	0.03005	0.80485	0.03606	0.01708	0.00696	0.00221	0.00316	0.01550	0.00506	0.00443
50	0.01356	0.01171	0.01233	0.01109	0.01418	0.01356	0.00863	0.02897	0.76455	0.02281	0.02219	0.02034	0.01664	0.00740	0.00555	0.00185	0.00431	0.00616	0.00555	0.00863
51	0.84691	0.01054	0.00801	0.00717	0.01054	0.01223	0.00590	0.01603	0.00928	0.02446	0.00759	0.00886	0.00590	0.00506	0.00337	0.00169	0.00422	0.00295	0.00337	0.00590
52	0.01331	0.01474	0.03128	0.02239	0.02784	0.01396	0.71251	0.05924	0.01359	0.01842	0.01115	0.01461	0.00833	0.00471	0.00638	0.00183	0.00901	0.00635	0.00291	0.00746
53	0.01114	0.07150	0.73862	0.01520	0.02307	0.01315	0.01955	0.01721	0.01149	0.01702	0.00966	0.01136	0.00691	0.00515	0.00509	0.00170	0.00793	0.00397	0.00230	0.00800
54	0.01093	0.02820	0.78016	0.01554	0.02360	0.01266	0.02014	0.01727	0.01151	0.01727	0.00978	0.01151	0.00691	0.00518	0.00518	0.00173	0.00806	0.00403	0.00230	0.00806
55	0.00760	0.00557	0.00713	0.00674	0.00807	0.00510	0.00505	0.01007	0.01516	0.02122	0.70716	0.04178	0.11620	0.01138	0.00643	0.00173	0.00259	0.01001	0.00592	0.00510
56	0.00835	0.00818	0.08016	0.00936	0.01095	0.00664	0.03619	0.05199	0.03655	0.01578	0.02572	0.60478	0.02940	0.01531	0.03106	0.00231	0.00441	0.01287	0.00469	0.00531
57	0.01127	0.01850	0.33511	0.27561	0.08280	0.01271	0.15443	0.01616	0.01163	0.01624	0.01002	0.01324	0.00740	0.00514	0.00552	0.00177	0.00789	0.00480	0.00245	0.00731
58	0.02248	0.00903	0.01214	0.00949	0.01339	0.00796	0.00777	0.02515	0.04482	0.67833	0.09130	0.02069	0.01715	0.00718	0.00557	0.00170	0.00443	0.00592	0.00663	0.00887
59	0.00793	0.00605	0.00768	0.03546	0.00986	0.00596	0.00601	0.01101	0.08258	0.01757	0.26663	0.31724	0.11400	0.01337	0.00660	0.00200	0.00335	0.07624	0.00531	0.00517
60	0.01575	0.49088	0.05062	0.08117	0.01726	0.07325	0.01053	0.17050	0.01441	0.01760	0.00905	0.01034	0.00749	0.00521	0.00424	0.00136	0.00635	0.00358	0.00302	0.00738
61	0.00783	0.00622	0.00932	0.00947	0.01053	0.00601	0.07537	0.01010	0.05353	0.01500	0.02771	0.60994	0.03189	0.01516	0.00689	0.00219	0.00398	0.08898	0.00487	0.00500
62	0.00744	0.00555	0.00702	0.00799	0.00863	0.00548	0.00547	0.01005	0.09722	0.01494	0.02914	0.71457	0.03382	0.01597	0.00680	0.00217	0.00330	0.01442	0.00512	0.00491
63	0.01099	0.01030	0.01743	0.49784	0.22464	0.01175	0.04052	0.01422	0.01108	0.01474	0.01058	0.01624	0.00882	0.07996	0.00755	0.00209	0.00695	0.00519	0.00259	0.00651
64	0.01182	0.21778	0.59829	0.01404	0.02127	0.01482	0.01753	0.01704	0.01141	0.01619	0.00925	0.01084	0.00693	0.00505	0.00477	0.00159	0.00752	0.00376	0.00231	0.00780
65	0.00974	0.00871	0.01251	0.01138	0.01190	0.01148	0.00923	0.01133	0.00857	0.01287	0.01109	0.01694	0.01057	0.02609	0.42389	0.00575	0.38455	0.00534	0.00267	0.00538
66	0.01022	0.00797	0.01275	0.01133	0.03132	0.00734	0.15217	0.01266	0.01290	0.08717	0.08363	0.09839	0.24823	0.01151	0.00663	0.00200	0.00485	0.18836	0.00477	0.00580
67	0.01581	0.07338	0.32405	0.10136	0.02076	0.05443	0.01419	0.04142	0.01306	0.23311	0.01286	0.01364	0.00892	0.00589	0.00576	0.00170	0.04352	0.00449	0.00371	0.00795

[dist]
# distance from previous block
# <min> <max>
1	9

[block]
# block no. 5 follows, 44 sequences, length 170
# corresponding to MSA columns:
# 866-875,877-1036
name=unknown_F
#
# <colnr> <probs for GDERKNQSTAVLIFYWHMCP>
#	G	D	E	R	K	N	Q	S	T	A	V	L	I	F	Y	W	H	M	C	P
0	0.01209	0.13247	0.11567	0.04484	0.22677	0.01313	0.14063	0.01634	0.06273	0.01667	0.04086	0.03484	0.01177	0.00935	0.08426	0.00238	0.00749	0.01735	0.00303	0.00734
1	0.01375	0.14068	0.37421	0.01573	0.09589	0.11833	0.02892	0.01913	0.08559	0.04211	0.01094	0.01223	0.00830	0.00539	0.00498	0.00160	0.00735	0.00418	0.00289	0.00781
2	0.01595	0.23910	0.07970	0.01525	0.09374	0.28625	0.07473	0.01984	0.09647	0.01535	0.01023	0.01161	0.00834	0.00535	0.00479	0.00147	0.00759	0.00407	0.00293	0.00722
3	0.00723	0.00517	0.00700	0.00827	0.00884	0.00494	0.00609	0.00861	0.01102	0.01458	0.02972	0.59973	0.03477	0.01652	0.00712	0.00230	0.00368	0.21478	0.00505	0.00459
4	0.01235	0.01228	0.02284	0.02574	0.40711	0.01196	0.25493	0.01559	0.01203	0.01678	0.01240	0.04979	0.01123	0.08659	0.00810	0.00210	0.00707	0.02076	0.00292	0.00743
5	0.00802	0.00597	0.00718	0.00665	0.00845	0.00520	0.00501	0.01013	0.01395	0.03890	0.43414	0.07064	0.27237	0.01149	0.00623	0.00170	0.00283	0.00992	0.00546	0.07578
6	0.00685	0.00489	0.00654	0.00771	0.00815	0.00459	0.00531	0.00799	0.01086	0.01453	0.07258	0.71174	0.03663	0.01661	0.00697	0.00220	0.00325	0.06297	0.00511	0.00451
7	0.01130	0.00969	0.01130	0.00807	0.01292	0.00727	0.00646	0.01373	0.01130	0.01776	0.00969	0.01130	0.00807	0.00404	0.00404	0.00081	0.00404	0.00323	0.00323	0.84173
8	0.00857	0.00612	0.00854	0.00979	0.01095	0.00609	0.00841	0.01092	0.01234	0.01607	0.02898	0.13653	0.03185	0.01526	0.00747	0.00248	0.00483	0.66481	0.00502	0.00496
9	0.00846	0.00683	0.01005	0.00966	0.01048	0.00842	0.00764	0.01028	0.00869	0.01273	0.01340	0.01988	0.01258	0.03580	0.66211	0.00773	0.14171	0.00567	0.00283	0.00505
10	0.73173	0.01037	0.00866	0.00752	0.01102	0.01164	0.00620	0.01750	0.01016	0.13001	0.00954	0.01021	0.00697	0.00530	0.00367	0.00169	0.00428	0.00331	0.00385	0.00638
11	0.01875	0.01429	0.01525	0.01214	0.01615	0.01598	0.00988	0.55554	0.22953	0.03117	0.01560	0.01509	0.01131	0.00678	0.00548	0.00169	0.00553	0.00525	0.00548	0.00909
12	0.00739	0.00528	0.00719	0.00845	0.00909	0.00507	0.00636	0.00889	0.01118	0.01476	0.02963	0.54462	0.03442	0.01637	0.00716	0.00232	0.00381	0.26832	0.00505	0.00464
13	0.01574	0.01216	0.01334	0.01064	0.01468	0.01259	0.00854	0.25503	0.28356	0.06261	0.01579	0.01544	0.01177	0.00616	0.00509	0.00148	0.00479	0.00492	0.00493	0.24073
14	0.01860	0.01671	0.01583	0.01315	0.01588	0.22832	0.01060	0.27700	0.01709	0.09784	0.01103	0.01242	0.00850	0.00713	0.00870	0.00178	0.22329	0.00454	0.00402	0.00755
15	0.01614	0.01474	0.01561	0.01495	0.09959	0.14928	0.02538	0.11898	0.26506	0.07126	0.01456	0.01519	0.01119	0.00694	0.00742	0.00179	0.13464	0.00512	0.00425	0.00790
16	0.01417	0.72481	0.11191	0.01002	0.01506	0.02058	0.01053	0.01643	0.01113	0.01332	0.00782	0.00905	0.00699	0.00472	0.00368	0.00123	0.00608	0.00304	0.00233	0.00711
17	0.01287	0.01471	0.03217	0.02298	0.02849	0.01379	0.75460	0.01746	0.01287	0.01746	0.01103	0.01471	0.00827	0.00460	0.00643	0.00184	0.00919	0.00643	0.00276	0.00735
18	0.00664	0.00474	0.00633	0.00759	0.00791	0.00443	0.00506	0.00759	0.01044	0.01392	0.03005	0.80485	0.03606	0.01708	0.00696	0.00221	0.00316	0.01550	0.00506	0.00443
19	0.01674	0.01157	0.01828	0.11998	0.41674	0.01158	0.01360	0.05724	0.01386	0.24538	0.01369	0.01511	0.00995	0.00558	0.00543	0.00166	0.00600	0.00505	0.00402	0.00854
20	0.00772	0.00557	0.00729	0.00686	0.00814	0.00514	0.00514	0.01029	0.01543	0.02186	0.77152	0.04072	0.05144	0.01115	0.00643	0.00171	0.00257	0.00986	0.00600	0.00514
21	0.00793	0.00529	0.00595	0.00595	0.00595	0.00529	0.00330	0.00793	0.00793	0.01057	0.01718	0.03568	0.01982	0.80840	0.02775	0.00529	0.00529	0.00793	0.00330	0.00330
22	0.00843	0.00624	0.00859	0.00767	0.00822	0.00614	0.07914	0.00889	0.00843	0.01127	0.01656	0.03356	0.01865	0.72727	0.02560	0.00494	0.00568	0.00778	0.00325	0.00371
23	0.01477	0.01163	0.01333	0.01159	0.01429	0.01365	0.00923	0.05587	0.51323	0.10528	0.01900	0.01831	0.01426	0.00768	0.00778	0.00192	0.14906	0.00578	0.00510	0.00824
24	0.01581	0.00927	0.01130	0.00875	0.01259	0.00804	0.00692	0.03885	0.07773	0.28033	0.04490	0.01822	0.01356	0.08679	0.00719	0.00171	0.00439	0.00503	0.00482	0.34379
25	0.01230	0.01216	0.09698	0.00929	0.01443	0.00863	0.00831	0.07159	0.01253	0.03722	0.01025	0.01164	0.00817	0.00442	0.00431	0.00099	0.00465	0.00350	0.00338	0.66525
26	0.01265	0.01209	0.02061	0.23391	0.58053	0.01273	0.01631	0.01599	0.01202	0.01679	0.01011	0.01377	0.00828	0.00501	0.00541	0.00167	0.00668	0.00485	0.00263	0.00796
27	0.62951	0.01261	0.01014	0.00870	0.01221	0.07271	0.00709	0.15423	0.01280	0.02545	0.00868	0.00972	0.00662	0.00538	0.00388	0.00166	0.00498	0.00336	0.00372	0.00656
28	0.00895	0.00690	0.00834	0.00781	0.00950	0.00695	0.00597	0.01420	0.17477	0.02160	0.55888	0.03754	0.07174	0.01058	0.00628	0.00177	0.00303	0.03347	0.00583	0.00586
29	0.01030	0.00969	0.01635	0.79530	0.03755	0.01211	0.01514	0.01393	0.01090	0.01393	0.00969	0.01453	0.00727	0.00545	0.00545	0.00182	0.00727	0.00484	0.00242	0.00606
30	0.01349	0.01295	0.02213	0.03346	0.77440	0.01295	0.01673	0.01673	0.01241	0.01781	0.01025	0.01349	0.00864	0.00486	0.00540	0.00162	0.00648	0.00486	0.00270	0.00864
31	0.00757	0.00557	0.00709	0.00671	0.00806	0.00508	0.00503	0.01001	0.01509	0.02105	0.68958	0.04207	0.13389	0.01145	0.00643	0.00173	0.00259	0.01005	0.00589	0.00508
32	0.00732	0.00556	0.00673	0.00644	0.00790	0.00497	0.00483	0.00951	0.01449	0.01962	0.54624	0.04442	0.27812	0.01198	0.00643	0.00175	0.00263	0.01038	0.00571	0.00497
