[name]
unknown

[dist]
# distance from previous block
# <min> <max>
0	237

[block]
# block no. 0 follows, 55 sequences, length 7
# corresponding to MSA columns:
# 238-244
name=unknown_A
#
# <colnr> <probs for GDERKNQSTAVLIFYWHMCP>
#	G	D	E	R	K	N	Q	S	T	A	V	L	I	F	Y	W	H	M	C	P
0	0.10443	0.00996	0.10266	0.00961	0.01204	0.03401	0.03311	0.06756	0.07593	0.03832	0.01773	0.03008	0.04491	0.00881	0.00594	0.00179	0.05883	0.33516	0.00370	0.00541
1	0.01254	0.01094	0.01431	0.14135	0.24478	0.06109	0.02930	0.22597	0.03865	0.01879	0.06950	0.01352	0.01040	0.00516	0.00458	0.00137	0.00519	0.00442	0.04585	0.04228
2	0.01194	0.01135	0.11825	0.01057	0.06320	0.00971	0.00878	0.21365	0.12966	0.05196	0.01403	0.11256	0.01227	0.00654	0.00466	0.00140	0.00448	0.04748	0.00380	0.16371
3	0.12695	0.00807	0.00909	0.00767	0.01026	0.00810	0.00604	0.15031	0.07832	0.15045	0.14522	0.13917	0.01789	0.00723	0.00460	0.00142	0.00355	0.00601	0.00439	0.11528
4	0.12578	0.13544	0.01378	0.01037	0.01315	0.48777	0.00819	0.06028	0.07885	0.01421	0.00821	0.00906	0.00667	0.00479	0.00392	0.00124	0.00671	0.00312	0.00272	0.00573
5	0.00768	0.00521	0.00607	0.00583	0.00630	0.00545	0.00376	0.06604	0.00818	0.01131	0.01409	0.02634	0.01512	0.60078	0.14451	0.00454	0.00565	0.00615	0.05350	0.00350
6	0.00954	0.00829	0.04393	0.00852	0.01045	0.00801	0.07214	0.17372	0.06100	0.01580	0.02029	0.16191	0.14191	0.20562	0.00994	0.00230	0.03051	0.00739	0.00372	0.00505

[dist]
# distance from previous block
# <min> <max>
0	1

[block]
# block no. 1 follows, 55 sequences, length 15
# corresponding to MSA columns:
# 246-260
name=unknown_B
#
# <colnr> <probs for GDERKNQSTAVLIFYWHMCP>
#	G	D	E	R	K	N	Q	S	T	A	V	L	I	F	Y	W	H	M	C	P
0	0.16977	0.00976	0.02829	0.00781	0.01033	0.11587	0.00630	0.08110	0.02513	0.18583	0.18242	0.05393	0.09072	0.00705	0.00458	0.00144	0.00408	0.00562	0.00425	0.00573
1	0.00707	0.00453	0.00617	0.00686	0.00749	0.00433	0.00487	0.00813	0.00921	0.07392	0.02361	0.63410	0.02699	0.01594	0.09211	0.00246	0.00393	0.05986	0.00423	0.00417
2	0.00955	0.01023	0.04656	0.10066	0.01903	0.01023	0.36827	0.03086	0.00989	0.01361	0.01170	0.14484	0.01099	0.00875	0.06984	0.00213	0.11845	0.00626	0.00265	0.00549
3	0.01400	0.01170	0.11575	0.01390	0.14489	0.01039	0.07656	0.04639	0.17686	0.24518	0.01351	0.01372	0.00969	0.00549	0.00567	0.00153	0.07923	0.00455	0.00383	0.00718
4	0.11737	0.01080	0.07326	0.01079	0.04756	0.04782	0.09103	0.03737	0.14397	0.29448	0.01468	0.06728	0.01102	0.00584	0.00459	0.00149	0.00473	0.00495	0.00416	0.00681
5	0.00662	0.00450	0.00531	0.00536	0.00558	0.00441	0.00325	0.00709	0.00812	0.01101	0.15438	0.11647	0.02311	0.60425	0.01861	0.00370	0.00391	0.00774	0.00338	0.00320
6	0.01062	0.01242	0.20171	0.01123	0.04213	0.00973	0.07020	0.04456	0.29890	0.06283	0.01629	0.17024	0.01421	0.00712	0.00494	0.00159	0.00471	0.00625	0.00378	0.00653
7	0.04767	0.11858	0.25268	0.03915	0.27570	0.06277	0.01263	0.03037	0.02809	0.02956	0.05326	0.01167	0.00882	0.00468	0.00430	0.00137	0.00571	0.00386	0.00251	0.00662
8	0.01353	0.00848	0.00960	0.00796	0.01074	0.00857	0.00638	0.20503	0.14990	0.22463	0.05970	0.02395	0.23606	0.00767	0.00495	0.00149	0.00366	0.00627	0.00488	0.00654
9	0.00567	0.00405	0.00540	0.00648	0.00675	0.00378	0.00432	0.00648	0.00891	0.01188	0.02564	0.83347	0.03077	0.01457	0.00594	0.00189	0.00270	0.01323	0.00432	0.00378
10	0.01043	0.04145	0.33894	0.10249	0.21165	0.08306	0.03244	0.01423	0.02782	0.01402	0.00988	0.07450	0.00844	0.00522	0.00458	0.00146	0.00618	0.00447	0.00235	0.00641
11	0.01072	0.03573	0.17075	0.20434	0.17980	0.10670	0.09745	0.01377	0.01035	0.02823	0.01022	0.09178	0.00895	0.00542	0.00472	0.00148	0.00622	0.00487	0.00245	0.00603
12	0.05962	0.00889	0.01106	0.00863	0.01214	0.00850	0.00709	0.13671	0.07535	0.59598	0.01677	0.01487	0.01088	0.00571	0.00459	0.00144	0.00409	0.00455	0.00538	0.00774
13	0.00697	0.04167	0.04495	0.00599	0.00717	0.00569	0.00453	0.00845	0.04181	0.01140	0.05630	0.03061	0.23151	0.37333	0.10707	0.00350	0.00484	0.00706	0.00329	0.00386
14	0.01390	0.01284	0.07664	0.01712	0.27395	0.12586	0.10467	0.03032	0.05848	0.18117	0.01306	0.01389	0.04646	0.00509	0.00471	0.00142	0.00572	0.00454	0.00330	0.00687

[dist]
# distance from previous block
# <min> <max>
1	4

[block]
# block no. 2 follows, 55 sequences, length 14
# corresponding to MSA columns:
# 265-278
name=unknown_C
#
# <colnr> <probs for GDERKNQSTAVLIFYWHMCP>
#	G	D	E	R	K	N	Q	S	T	A	V	L	I	F	Y	W	H	M	C	P
0	0.09414	0.02706	0.11903	0.10195	0.06985	0.27891	0.09350	0.03113	0.01154	0.06518	0.05738	0.01172	0.00883	0.00490	0.00442	0.00138	0.00648	0.00393	0.00276	0.00591
1	0.01292	0.41758	0.03956	0.01133	0.10800	0.15220	0.00887	0.06416	0.06405	0.01347	0.01066	0.01146	0.05811	0.00491	0.00381	0.00119	0.00543	0.00356	0.00260	0.00615
2	0.00753	0.00490	0.00592	0.00562	0.00689	0.00443	0.00414	0.00915	0.01145	0.07827	0.37702	0.08548	0.22896	0.08399	0.00694	0.00176	0.00261	0.00836	0.06220	0.00437
3	0.01179	0.11354	0.42099	0.01353	0.05373	0.06596	0.10784	0.06294	0.01109	0.06600	0.00897	0.01034	0.00661	0.00455	0.00463	0.00141	0.02317	0.00372	0.00247	0.00672
4	0.08627	0.00763	0.05833	0.00966	0.08141	0.00649	0.06199	0.01063	0.01023	0.06789	0.09068	0.25118	0.14824	0.00927	0.00513	0.00159	0.00374	0.04203	0.00382	0.04378
5	0.00563	0.00421	0.00523	0.00605	0.00664	0.00381	0.00413	0.00653	0.00931	0.01204	0.03079	0.64430	0.21661	0.01391	0.00583	0.00181	0.00262	0.01241	0.00432	0.00381
6	0.00945	0.00926	0.05055	0.14582	0.36713	0.00895	0.01086	0.01271	0.05516	0.01543	0.18670	0.05508	0.04072	0.00624	0.00489	0.00147	0.00463	0.00569	0.00316	0.00608
7	0.01340	0.04807	0.11970	0.01881	0.35432	0.01060	0.08799	0.03393	0.06094	0.18890	0.01145	0.01252	0.00843	0.00467	0.00462	0.00142	0.00544	0.00430	0.00321	0.00727
8	0.01189	0.16359	0.24537	0.01139	0.01570	0.01194	0.11298	0.12753	0.03441	0.07621	0.01272	0.05181	0.05719	0.00569	0.00497	0.00144	0.04100	0.00467	0.00304	0.00647
9	0.00669	0.00481	0.00658	0.00658	0.00710	0.00533	0.00470	0.00773	0.00721	0.01014	0.01328	0.02281	0.01360	0.33357	0.52209	0.00637	0.00950	0.00565	0.00261	0.00366
10	0.01343	0.39568	0.11634	0.01137	0.06772	0.22691	0.00992	0.05023	0.01102	0.01265	0.00724	0.00855	0.00616	0.00451	0.00419	0.00120	0.04157	0.00299	0.00224	0.00607
11	0.10239	0.10405	0.01438	0.02648	0.01407	0.22253	0.04193	0.28792	0.01513	0.11347	0.00987	0.01032	0.00727	0.00501	0.00421	0.00132	0.00580	0.00364	0.00358	0.00663
12	0.01099	0.00753	0.00833	0.00740	0.00890	0.09364	0.03820	0.01202	0.00984	0.18754	0.04100	0.09676	0.08538	0.31169	0.05784	0.00293	0.00498	0.00664	0.00372	0.00468
13	0.16737	0.10215	0.06490	0.14376	0.14779	0.03419	0.00957	0.04407	0.08841	0.05482	0.00946	0.01088	0.00732	0.00455	0.00400	0.00133	0.00491	0.00358	0.00286	0.09409

[dist]
# distance from previous block
# <min> <max>
1	5

[block]
# block no. 3 follows, 55 sequences, length 16
# corresponding to MSA columns:
# 284-299
name=unknown_D
#
# <colnr> <probs for GDERKNQSTAVLIFYWHMCP>
#	G	D	E	R	K	N	Q	S	T	A	V	L	I	F	Y	W	H	M	C	P
0	0.01394	0.01376	0.01309	0.01131	0.01299	0.25191	0.00904	0.07816	0.12897	0.07532	0.00969	0.01123	0.00784	0.00649	0.00875	0.00162	0.33289	0.00399	0.00304	0.00596
1	0.01183	0.68075	0.17764	0.00899	0.01353	0.01693	0.00975	0.01409	0.00952	0.01168	0.00683	0.00792	0.00596	0.00407	0.00326	0.00109	0.00534	0.00267	0.00199	0.00615
2	0.01151	0.01105	0.01888	0.02855	0.80748	0.01105	0.01428	0.01428	0.01059	0.01520	0.00875	0.01151	0.00737	0.00415	0.00461	0.00138	0.00553	0.00415	0.00230	0.00737
3	0.01069	0.01021	0.01739	0.27015	0.57235	0.01084	0.01387	0.01355	0.01020	0.01419	0.00860	0.01178	0.00702	0.00430	0.00462	0.00143	0.00573	0.00414	0.00223	0.00670
4	0.01346	0.00987	0.01092	0.00921	0.01190	0.01070	0.00727	0.37868	0.18943	0.06189	0.01653	0.20439	0.01478	0.00779	0.00494	0.00153	0.00413	0.00651	0.00459	0.03146
5	0.01520	0.00847	0.01041	0.00786	0.01160	0.00731	0.00639	0.07696	0.04981	0.36706	0.01439	0.01371	0.02881	0.00497	0.00419	0.00114	0.00378	0.00400	0.00436	0.35956
6	0.00644	0.00475	0.00619	0.00698	0.00786	0.00449	0.00549	0.00795	0.01021	0.01326	0.07671	0.32136	0.17019	0.01305	0.00603	0.00191	0.00326	0.32547	0.00435	0.00405
7	0.01113	0.43773	0.21266	0.01029	0.01399	0.01554	0.01074	0.01345	0.00897	0.01192	0.00683	0.00870	0.00599	0.00511	0.00636	0.00137	0.20815	0.00311	0.00200	0.00597
8	0.01120	0.01250	0.02201	0.01659	0.01956	0.07412	0.47345	0.01396	0.00988	0.01341	0.00815	0.01145	0.00666	0.00538	0.00862	0.00169	0.27846	0.00483	0.00225	0.00582
9	0.01978	0.00767	0.01044	0.00809	0.01150	0.00665	0.00665	0.02161	0.01330	0.74988	0.07877	0.01729	0.01400	0.00605	0.00474	0.00144	0.00382	0.00497	0.00571	0.00765
10	0.00650	0.00440	0.00515	0.00541	0.00548	0.00433	0.00318	0.00670	0.00728	0.00971	0.01732	0.22485	0.02027	0.63752	0.01938	0.00388	0.00407	0.00833	0.00318	0.00305
11	0.00879	0.00827	0.01395	0.82532	0.03204	0.01034	0.01292	0.01189	0.00930	0.01189	0.00827	0.01240	0.00620	0.00465	0.00465	0.00155	0.00620	0.00413	0.00207	0.00517
12	0.01036	0.31270	0.34801	0.00999	0.01459	0.05290	0.01122	0.01359	0.01045	0.01390	0.14784	0.01329	0.01261	0.00518	0.00408	0.00129	0.00545	0.00395	0.00255	0.00604
13	0.00665	0.00492	0.00674	0.00716	0.00806	0.00472	0.02181	0.00854	0.02849	0.01450	0.23468	0.34916	0.05606	0.01226	0.00590	0.00182	0.00311	0.21671	0.00449	0.00422
14	0.00565	0.00414	0.00531	0.00624	0.00669	0.00380	0.00421	0.00650	0.00913	0.01197	0.02851	0.72824	0.13415	0.01420	0.00588	0.00185	0.00265	0.01277	0.00432	0.00380
15	0.00647	0.00473	0.00625	0.00718	0.00799	0.00451	0.00565	0.00793	0.00995	0.01289	0.02814	0.37259	0.13544	0.01341	0.00610	0.00196	0.00337	0.35711	0.00430	0.00403

[dist]
# distance from previous block
# <min> <max>
1	3

[block]
# block no. 4 follows, 55 sequences, length 132
# corresponding to MSA columns:
# 303-434
name=unknown_E
#
# <colnr> <probs for GDERKNQSTAVLIFYWHMCP>
#	G	D	E	R	K	N	Q	S	T	A	V	L	I	F	Y	W	H	M	C	P
0	0.00762	0.00623	0.00906	0.01149	0.17721	0.00644	0.00694	0.00904	0.00934	0.01312	0.03251	0.44549	0.06472	0.01075	0.00634	0.00171	0.08456	0.02211	0.07057	0.00474
1	0.01230	0.07627	0.08530	0.00930	0.02439	0.05283	0.00799	0.22455	0.17357	0.05166	0.03831	0.01973	0.17579	0.00733	0.01866	0.00154	0.00459	0.00545	0.00401	0.00644
2	0.07928	0.34121	0.23441	0.01051	0.03469	0.10697	0.01056	0.07086	0.04642	0.01461	0.00802	0.00903	0.00643	0.00444	0.00375	0.00125	0.00574	0.00310	0.00242	0.00631
3	0.01253	0.64769	0.09548	0.00993	0.05672	0.08688	0.00925	0.01443	0.00987	0.01157	0.00683	0.00798	0.00604	0.00410	0.00331	0.00108	0.00548	0.00271	0.00204	0.00608
4	0.00658	0.00513	0.00605	0.00596	0.00728	0.00479	0.00454	0.00914	0.06938	0.01582	0.37684	0.08690	0.30561	0.01063	0.00553	0.00159	0.00255	0.06658	0.00470	0.00440
5	0.01063	0.04356	0.26105	0.01366	0.07928	0.03553	0.17749	0.03756	0.04081	0.01530	0.00897	0.01069	0.00691	0.00413	0.00436	0.00125	0.00586	0.00379	0.00249	0.23666
6	0.01436	0.00960	0.01347	0.18037	0.12471	0.05368	0.05221	0.07698	0.01219	0.28268	0.04113	0.04089	0.01086	0.00575	0.00513	0.00149	0.03382	0.01752	0.01659	0.00658
7	0.00588	0.00473	0.00524	0.00511	0.00652	0.00409	0.00383	0.00741	0.01149	0.01468	0.31016	0.04129	0.54125	0.01099	0.00549	0.00153	0.00230	0.00933	0.00460	0.00409
8	0.43538	0.01597	0.37019	0.01007	0.01485	0.01067	0.05377	0.01422	0.00894	0.01778	0.00748	0.00885	0.00553	0.00434	0.00372	0.00146	0.00531	0.00310	0.00244	0.00593
9	0.14437	0.15403	0.08870	0.12382	0.11551	0.01126	0.00962	0.05891	0.02381	0.21176	0.01057	0.01132	0.00764	0.00475	0.00407	0.00137	0.00492	0.00370	0.00329	0.00659
10	0.00613	0.00430	0.00553	0.00629	0.00656	0.00415	0.00420	0.00685	0.00843	0.01123	0.02225	0.53407	0.02621	0.23781	0.03149	0.00276	0.00356	0.07074	0.00386	0.00357
11	0.00604	0.00473	0.00546	0.00528	0.00661	0.00416	0.00396	0.00772	0.01187	0.01558	0.42250	0.03981	0.42834	0.01066	0.00549	0.00152	0.00228	0.00912	0.00472	0.00416
12	0.01192	0.01238	0.07469	0.28535	0.18927	0.08924	0.02302	0.13257	0.09406	0.01621	0.00981	0.01193	0.00751	0.00489	0.00475	0.00146	0.01756	0.00412	0.00281	0.00644
13	0.00605	0.00426	0.00535	0.00607	0.00634	0.00406	0.00396	0.00668	0.00840	0.01113	0.02320	0.53635	0.05712	0.25821	0.01120	0.00266	0.00328	0.03829	0.00387	0.00352
14	0.01856	0.01163	0.01310	0.01004	0.01373	0.01235	0.00829	0.58183	0.01954	0.24277	0.01313	0.01244	0.00890	0.00563	0.00466	0.00141	0.00480	0.00432	0.00496	0.00791
15	0.00698	0.00503	0.00621	0.00580	0.00712	0.00461	0.00438	0.02864	0.01286	0.03625	0.60861	0.03579	0.20072	0.00980	0.00545	0.00148	0.00234	0.00851	0.00496	0.00447
16	0.04119	0.18841	0.20959	0.01148	0.05988	0.15172	0.02449	0.05933	0.03563	0.13921	0.01023	0.03140	0.00788	0.00496	0.00416	0.00133	0.00582	0.00375	0.00299	0.00654
17	0.01785	0.00848	0.01060	0.00839	0.01161	0.00802	0.00683	0.18621	0.01461	0.51992	0.01953	0.08074	0.07183	0.00686	0.00483	0.00148	0.00399	0.00562	0.00530	0.00729
18	0.01224	0.00696	0.00807	0.00703	0.00919	0.00707	0.00552	0.04754	0.20087	0.20690	0.15932	0.01989	0.01799	0.00646	0.00440	0.00137	0.00308	0.00537	0.26468	0.00606
19	0.00899	0.00848	0.01432	0.76553	0.09023	0.01039	0.01302	0.01207	0.00940	0.01213	0.00830	0.01234	0.00629	0.00461	0.00465	0.00154	0.00615	0.00414	0.00208	0.00533
20	0.01537	0.00876	0.01295	0.01318	0.18371	0.02676	0.06912	0.01759	0.02507	0.41572	0.01854	0.07237	0.08659	0.00642	0.00488	0.00148	0.00446	0.00566	0.00442	0.00695
21	0.01060	0.35669	0.49088	0.01110	0.01679	0.01391	0.01342	0.01441	0.00967	0.01319	0.00758	0.00886	0.00592	0.00424	0.00383	0.00128	0.00610	0.00305	0.00197	0.00651
22	0.00621	0.00493	0.00570	0.00611	0.00742	0.00446	0.00485	0.00784	0.02360	0.01302	0.03788	0.12379	0.48556	0.01228	0.00580	0.00177	0.00298	0.23740	0.00432	0.00408
23	0.00889	0.00661	0.00773	0.00706	0.00882	0.00680	0.00541	0.01450	0.26570	0.06206	0.44896	0.02891	0.09281	0.00845	0.00520	0.00151	0.00278	0.00730	0.00497	0.00550
24	0.01481	0.01097	0.01203	0.00961	0.01266	0.01198	0.00784	0.56865	0.06258	0.02614	0.16756	0.01759	0.01597	0.00665	0.00488	0.00145	0.00444	0.03237	0.00474	0.00706
25	0.01509	0.01128	0.01031	0.00863	0.01138	0.22799	0.00675	0.03467	0.02768	0.28661	0.18268	0.01751	0.02884	0.00613	0.00459	0.00130	0.00473	0.00488	0.00429	0.10466
26	0.01083	0.00919	0.00987	0.00898	0.01127	0.01059	0.00689	0.02209	0.67790	0.01800	0.01812	0.01845	0.01422	0.07318	0.06725	0.00225	0.00441	0.00536	0.00442	0.00677
27	0.00815	0.00630	0.00679	0.00652	0.00833	0.02230	0.00524	0.10037	0.01210	0.04317	0.03621	0.04071	0.49918	0.01093	0.00554	0.00166	0.00328	0.17420	0.00436	0.00464
28	0.00965	0.00827	0.00965	0.00689	0.01102	0.00620	0.00551	0.01171	0.00965	0.01516	0.00827	0.00965	0.00689	0.00345	0.00345	0.00069	0.00345	0.00276	0.00276	0.86494
29	0.00658	0.00476	0.00622	0.00585	0.00695	0.00439	0.00439	0.00878	0.01317	0.01866	0.80503	0.03475	0.04390	0.00951	0.00549	0.00146	0.00219	0.00841	0.00512	0.00439
30	0.00740	0.00540	0.00675	0.00618	0.00750	0.00515	0.00469	0.06974	0.01372	0.01919	0.70603	0.03340	0.07839	0.00932	0.00542	0.00146	0.00243	0.00815	0.00505	0.00464
31	0.00567	0.00405	0.00540	0.00648	0.00675	0.00378	0.00432	0.00648	0.00891	0.01188	0.02564	0.83347	0.03077	0.01457	0.00594	0.00189	0.00270	0.01323	0.00432	0.00378
32	0.00577	0.00412	0.00551	0.00659	0.00691	0.00387	0.00449	0.00665	0.00901	0.01199	0.02559	0.79045	0.03055	0.01448	0.00596	0.00190	0.00279	0.05525	0.00432	0.00381
33	0.50318	0.00765	0.00676	0.00612	0.00847	0.00836	0.00491	0.05438	0.01013	0.01935	0.15289	0.01992	0.15451	0.00677	0.00396	0.00148	0.00323	0.01940	0.00365	0.00487
34	0.01244	0.83930	0.02438	0.00796	0.01194	0.01841	0.00796	0.01393	0.00945	0.01095	0.00647	0.00746	0.00597	0.00398	0.00299	0.00100	0.00498	0.00249	0.00199	0.00597
35	0.00780	0.00637	0.00691	0.00649	0.00825	0.00647	0.00495	0.01304	0.25935	0.01647	0.23195	0.03260	0.33269	0.00925	0.00518	0.00153	0.00273	0.00783	0.03499	0.00514
36	0.00677	0.00451	0.00507	0.00507	0.00507	0.00451	0.00282	0.00677	0.00677	0.00902	0.01466	0.03044	0.01691	0.83650	0.02368	0.00451	0.00451	0.00677	0.00282	0.00282
37	0.01203	0.73129	0.12879	0.00866	0.01303	0.01740	0.00918	0.01404	0.00950	0.01145	0.00672	0.00778	0.00596	0.00404	0.00318	0.00106	0.00523	0.00261	0.00199	0.00609
38	0.01313	0.00666	0.00861	0.00729	0.00959	0.00621	0.00575	0.01636	0.10112	0.35156	0.37032	0.04127	0.02669	0.00768	0.00507	0.00147	0.00311	0.00659	0.00533	0.00619
39	0.00760	0.00610	0.02210	0.00798	0.06774	0.00566	0.00563	0.04086	0.04333	0.01859	0.64536	0.03127	0.06201	0.00881	0.00534	0.00146	0.00271	0.00776	0.00479	0.00490
40	0.01157	0.00999	0.01052	0.00947	0.01210	0.01157	0.00736	0.02472	0.79908	0.01946	0.01893	0.01736	0.01420	0.00631	0.00473	0.00158	0.00368	0.00526	0.00473	0.00736
41	0.00567	0.00405	0.00540	0.00648	0.00675	0.00378	0.00432	0.00648	0.00891	0.01188	0.02564	0.83347	0.03077	0.01457	0.00594	0.00189	0.00270	0.01323	0.00432	0.00378
42	0.01273	0.79062	0.02371	0.00820	0.01209	0.06604	0.00802	0.01421	0.00968	0.01097	0.00651	0.00752	0.00597	0.00403	0.00306	0.00101	0.00518	0.00252	0.00201	0.00594
43	0.01016	0.00973	0.01683	0.21964	0.41351	0.01031	0.09331	0.01277	0.00982	0.01360	0.00966	0.04248	0.00858	0.06967	0.00666	0.00173	0.03824	0.00481	0.00235	0.00614
44	0.01130	0.00511	0.00573	0.00519	0.00681	0.00488	0.00403	0.01339	0.01052	0.18854	0.01586	0.01702	0.01184	0.00549	0.00356	0.00116	0.00255	0.00441	0.67750	0.00511
45	0.00963	0.02116	0.62390	0.01456	0.02083	0.01090	0.18904	0.01463	0.01006	0.01472	0.00888	0.02457	0.00658	0.00448	0.00468	0.00150	0.00702	0.00406	0.00209	0.00669
46	0.01064	0.04350	0.17348	0.14338	0.15270	0.07376	0.25516	0.01405	0.01042	0.01385	0.00961	0.06023	0.00804	0.00487	0.00484	0.00149	0.00665	0.00482	0.00233	0.00617
47	0.00555	0.00453	0.00490	0.00521	0.00641	0.00389	0.00375	0.00662	0.01013	0.01237	0.04111	0.26551	0.58874	0.01256	0.00562	0.00166	0.00245	0.01077	0.00432	0.00389
48	0.00677	0.00451	0.00507	0.00507	0.00507	0.00451	0.00282	0.00677	0.00677	0.00902	0.01466	0.03044	0.01691	0.83650	0.02368	0.00451	0.00451	0.00677	0.00282	0.00282
49	0.01222	0.01150	0.01383	0.09468	0.13659	0.11270	0.07606	0.10284	0.25810	0.01723	0.01345	0.01639	0.01088	0.00580	0.00476	0.00150	0.00531	0.06241	0.03722	0.00651
50	0.00668	0.00475	0.00627	0.00627	0.00671	0.00515	0.00433	0.00753	0.00720	0.00998	0.01423	0.02466	0.03049	0.41938	0.41987	0.00593	0.00844	0.00594	0.00269	0.00351
51	0.00658	0.00476	0.00622	0.00585	0.00695	0.00439	0.00439	0.00878	0.01317	0.01866	0.80503	0.03475	0.04390	0.00951	0.00549	0.00146	0.00219	0.00841	0.00512	0.00439
52	0.00933	0.02406	0.81240	0.01326	0.02014	0.01080	0.01719	0.01473	0.00982	0.01473	0.00835	0.00982	0.00589	0.00442	0.00442	0.00147	0.00688	0.00344	0.00196	0.00688
53	0.06013	0.07082	0.34268	0.01326	0.07605	0.25097	0.03030	0.07633	0.01172	0.01502	0.00806	0.00942	0.00618	0.00456	0.00424	0.00135	0.00681	0.00336	0.00239	0.00638
54	0.01206	0.01354	0.00989	0.00981	0.01137	0.41507	0.00752	0.01343	0.01154	0.01217	0.01606	0.20931	0.01720	0.00918	0.00519	0.00161	0.00599	0.21099	0.00334	0.00473
55	0.00658	0.00476	0.00622	0.00585	0.00695	0.00439	0.00439	0.00878	0.01317	0.01866	0.80503	0.03475	0.04390	0.00951	0.00549	0.00146	0.00219	0.00841	0.00512	0.00439
56	0.01316	0.07007	0.35702	0.01086	0.01550	0.07335	0.01163	0.06410	0.05066	0.19142	0.01310	0.01328	0.05174	0.00543	0.00488	0.00144	0.03814	0.00413	0.00327	0.00679
57	0.00666	0.00510	0.00615	0.00583	0.00714	0.00476	0.00439	0.00936	0.06541	0.01728	0.57368	0.03594	0.22128	0.00983	0.00544	0.00150	0.00233	0.00853	0.00491	0.00448
58	0.00788	0.00411	0.00591	0.00591	0.00591	0.00411	0.00385	0.00617	0.00617	0.00822	0.00909	0.01664	0.00943	0.14168	0.01902	0.73304	0.00411	0.00446	0.00214	0.00214
59	0.01151	0.01105	0.01888	0.02855	0.80748	0.01105	0.01428	0.01428	0.01059	0.01520	0.00875	0.01151	0.00737	0.00415	0.00461	0.00138	0.00553	0.00415	0.00230	0.00737
60	0.04330	0.02347	0.78058	0.01298	0.01970	0.01079	0.01671	0.01469	0.00975	0.01498	0.00827	0.00973	0.00586	0.00442	0.00436	0.00147	0.00675	0.00340	0.00200	0.00680
61	0.01099	0.13914	0.59364	0.01214	0.01810	0.05632	0.01469	0.04496	0.01056	0.04609	0.00852	0.00970	0.00621	0.00448	0.00422	0.00139	0.00650	0.00336	0.00225	0.00675
62	0.00685	0.00542	0.00650	0.00622	0.00704	0.00567	0.00459	0.00776	0.00930	0.01236	0.11357	0.08345	0.33571	0.15078	0.01069	0.04967	0.12914	0.00791	0.04351	0.00387
63	0.00674	0.00450	0.00508	0.00511	0.00511	0.00449	0.00285	0.00676	0.00681	0.00909	0.01491	0.04877	0.01723	0.81775	0.02327	0.00445	0.00447	0.00691	0.00285	0.00284
64	0.00677	0.00451	0.00507	0.00507	0.00507	0.00451	0.00282	0.00677	0.00677	0.00902	0.01466	0.03044	0.01691	0.83650	0.02368	0.00451	0.00451	0.00677	0.00282	0.00282
65	0.03522	0.00992	0.01119	0.00926	0.01241	0.01064	0.00744	0.17354	0.38606	0.26643	0.01696	0.01545	0.01193	0.00595	0.00466	0.00150	0.00405	0.00481	0.00499	0.00759
66	0.01703	0.01052	0.01213	0.00920	0.01297	0.01047	0.00756	0.40148	0.01681	0.26302	0.01276	0.01227	0.00880	0.00521	0.00442	0.00127	0.00443	0.00405	0.00460	0.18101
67	0.00867	0.00434	0.00434	0.00434	0.00542	0.00434	0.00325	0.01084	0.00976	0.01734	0.01518	0.01734	0.01192	0.00542	0.00325	0.00108	0.00217	0.00434	0.86233	0.00434
68	0.01151	0.01105	0.01888	0.02855	0.80748	0.01105	0.01428	0.01428	0.01059	0.01520	0.00875	0.01151	0.00737	0.00415	0.00461	0.00138	0.00553	0.00415	0.00230	0.00737
69	0.01560	0.01920	0.01345	0.01204	0.01385	0.61881	0.00928	0.01675	0.01168	0.01134	0.00692	0.00883	0.00602	0.00562	0.00694	0.00141	0.21138	0.00326	0.00231	0.00532
70	0.01686	0.02056	0.01332	0.01190	0.01422	0.69489	0.00907	0.07832	0.01341	0.01277	0.00742	0.00874	0.00615	0.00511	0.00506	0.00128	0.06964	0.00317	0.00255	0.00557
71	0.00561	0.00436	0.00510	0.00567	0.00654	0.00386	0.00396	0.00661	0.00975	0.01230	0.04835	0.46322	0.38165	0.01323	0.00573	0.00174	0.00254	0.01160	0.00433	0.00386
72	0.00567	0.00405	0.00540	0.00648	0.00675	0.00378	0.00432	0.00648	0.00891	0.01188	0.02564	0.83347	0.03077	0.01457	0.00594	0.00189	0.00270	0.01323	0.00432	0.00378
73	0.00879	0.00827	0.01395	0.82532	0.03204	0.01034	0.01292	0.01189	0.00930	0.01189	0.00827	0.01240	0.00620	0.00465	0.00465	0.00155	0.00620	0.00413	0.00207	0.00517
74	0.00750	0.00535	0.00750	0.00857	0.00964	0.00535	0.00750	0.00964	0.01071	0.01392	0.02463	0.05248	0.02677	0.01285	0.00643	0.00214	0.00428	0.77617	0.00428	0.00428
75	0.00867	0.00434	0.00434	0.00434	0.00542	0.00434	0.00325	0.01084	0.00976	0.01734	0.01518	0.01734	0.01192	0.00542	0.00325	0.00108	0.00217	0.00434	0.86233	0.00434
76	0.01738	0.02217	0.01318	0.01199	0.01438	0.81783	0.00899	0.01858	0.01318	0.01139	0.00719	0.00839	0.00599	0.00479	0.00419	0.00120	0.00839	0.00300	0.00240	0.00539
77	0.01244	0.83930	0.02438	0.00796	0.01194	0.01841	0.00796	0.01393	0.00945	0.01095	0.00647	0.00746	0.00597	0.00398	0.00299	0.00100	0.00498	0.00249	0.00199	0.00597
78	0.00567	0.00405	0.00540	0.00648	0.00675	0.00378	0.00432	0.00648	0.00891	0.01188	0.02564	0.83347	0.03077	0.01457	0.00594	0.00189	0.00270	0.01323	0.00432	0.00378
79	0.00567	0.00405	0.00540	0.00648	0.00675	0.00378	0.00432	0.00648	0.00891	0.01188	0.02564	0.83347	0.03077	0.01457	0.00594	0.00189	0.00270	0.01323	0.00432	0.00378
80	0.00894	0.00842	0.01423	0.78144	0.07475	0.01038	0.01299	0.01202	0.00937	0.01207	0.00830	0.01235	0.00627	0.00462	0.00465	0.00154	0.00616	0.00413	0.00208	0.00529
81	0.00879	0.00827	0.01395	0.82532	0.03204	0.01034	0.01292	0.01189	0.00930	0.01189	0.00827	0.01240	0.00620	0.00465	0.00465	0.00155	0.00620	0.00413	0.00207	0.00517
82	0.00573	0.00407	0.00538	0.00640	0.00666	0.00382	0.00424	0.00649	0.00879	0.01172	0.02504	0.78924	0.03001	0.05985	0.00692	0.00203	0.00280	0.01287	0.00424	0.00373
83	0.01768	0.01303	0.01396	0.01070	0.01443	0.01443	0.00884	0.79197	0.02187	0.02932	0.01117	0.01117	0.00791	0.00558	0.00465	0.00140	0.00512	0.00419	0.00465	0.00791
84	0.00879	0.00827	0.01395	0.82532	0.03204	0.01034	0.01292	0.01189	0.00930	0.01189	0.00827	0.01240	0.00620	0.00465	0.00465	0.00155	0.00620	0.00413	0.00207	0.00517
85	0.01651	0.01087	0.01213	0.00974	0.01309	0.01174	0.00790	0.36923	0.26443	0.21037	0.01531	0.01422	0.01074	0.00585	0.00468	0.00146	0.00439	0.00464	0.00494	0.00774
86	0.01098	0.01255	0.02745	0.01961	0.02431	0.01176	0.79059	0.01490	0.01098	0.01490	0.00941	0.01255	0.00706	0.00392	0.00549	0.00157	0.00784	0.00549	0.00235	0.00627
87	0.01738	0.02217	0.01318	0.01199	0.01438	0.81783	0.00899	0.01858	0.01318	0.01139	0.00719	0.00839	0.00599	0.00479	0.00419	0.00120	0.00839	0.00300	0.00240	0.00539
88	0.01157	0.00999	0.01052	0.00947	0.01210	0.01157	0.00736	0.02472	0.79908	0.01946	0.01893	0.01736	0.01420	0.00631	0.00473	0.00158	0.00368	0.00526	0.00473	0.00736
89	0.00658	0.00476	0.00622	0.00585	0.00695	0.00439	0.00439	0.00878	0.01317	0.01866	0.80503	0.03475	0.04390	0.00951	0.00549	0.00146	0.00219	0.00841	0.00512	0.00439
90	0.00677	0.00451	0.00507	0.00507	0.00507	0.00451	0.00282	0.00677	0.00677	0.00902	0.01466	0.03044	0.01691	0.83650	0.02368	0.00451	0.00451	0.00677	0.00282	0.00282
91	0.00867	0.00434	0.00434	0.00434	0.00542	0.00434	0.00325	0.01084	0.00976	0.01734	0.01518	0.01734	0.01192	0.00542	0.00325	0.00108	0.00217	0.00434	0.86233	0.00434
92	0.86937	0.00900	0.00684	0.00612	0.00900	0.01044	0.00504	0.01368	0.00792	0.02087	0.00648	0.00756	0.00504	0.00432	0.00288	0.00144	0.00360	0.00252	0.00288	0.00504
93	0.00879	0.00827	0.01395	0.82532	0.03204	0.01034	0.01292	0.01189	0.00930	0.01189	0.00827	0.01240	0.00620	0.00465	0.00465	0.00155	0.00620	0.00413	0.00207	0.00517
94	0.00550	0.00471	0.00471	0.00471	0.00628	0.00393	0.00353	0.00668	0.01060	0.01257	0.04713	0.04477	0.80560	0.01178	0.00550	0.00157	0.00236	0.00982	0.00432	0.00393
95	0.00645	0.00531	0.00866	0.00842	0.00935	0.00496	0.12073	0.00773	0.00921	0.01232	0.02324	0.71192	0.02726	0.01300	0.00587	0.00184	0.00346	0.01208	0.00403	0.00415
96	0.00581	0.00415	0.00556	0.00664	0.00697	0.00390	0.00457	0.00672	0.00905	0.01204	0.02556	0.77258	0.03046	0.01444	0.00598	0.00191	0.00282	0.07271	0.00432	0.00382
97	0.00677	0.00451	0.00507	0.00507	0.00507	0.00451	0.00282	0.00677	0.00677	0.00902	0.01466	0.03044	0.01691	0.83650	0.02368	0.00451	0.00451	0.00677	0.00282	0.00282
98	0.00567	0.00405	0.00540	0.00648	0.00675	0.00378	0.00432	0.00648	0.00891	0.01188	0.02564	0.83347	0.03077	0.01457	0.00594	0.00189	0.00270	0.01323	0.00432	0.00378
99	0.01929	0.01045	0.01236	0.00948	0.01314	0.01060	0.00783	0.40369	0.01755	0.42370	0.01480	0.01352	0.00973	0.00567	0.00467	0.00142	0.00453	0.00444	0.00521	0.00791
100	0.01152	0.01100	0.01842	0.02750	0.76367	0.01108	0.01390	0.01485	0.05402	0.01543	0.00931	0.01184	0.00775	0.00426	0.00461	0.00139	0.00543	0.00421	0.00244	0.00737
101	0.00677	0.00451	0.00507	0.00507	0.00507	0.00451	0.00282	0.00677	0.00677	0.00902	0.01466	0.03044	0.01691	0.83650	0.02368	0.00451	0.00451	0.00677	0.00282	0.00282
102	0.00677	0.00451	0.00507	0.00507	0.00507	0.00451	0.00282	0.00677	0.00677	0.00902	0.01466	0.03044	0.01691	0.83650	0.02368	0.00451	0.00451	0.00677	0.00282	0.00282
103	0.00965	0.00827	0.00965	0.00689	0.01102	0.00620	0.00551	0.01171	0.00965	0.01516	0.00827	0.00965	0.00689	0.00345	0.00345	0.00069	0.00345	0.00276	0.00276	0.86494
104	0.00677	0.00451	0.00507	0.00507	0.00507	0.00451	0.00282	0.00677	0.00677	0.00902	0.01466	0.03044	0.01691	0.83650	0.02368	0.00451	0.00451	0.00677	0.00282	0.00282
105	0.01768	0.01303	0.01396	0.01070	0.01443	0.01443	0.00884	0.79197	0.02187	0.02932	0.01117	0.01117	0.00791	0.00558	0.00465	0.00140	0.00512	0.00419	0.00465	0.00791
106	0.00933	0.02406	0.81240	0.01326	0.02014	0.01080	0.01719	0.01473	0.00982	0.01473	0.00835	0.00982	0.00589	0.00442	0.00442	0.00147	0.00688	0.00344	0.00196	0.00688
107	0.00879	0.00827	0.01395	0.82532	0.03204	0.01034	0.01292	0.01189	0.00930	0.01189	0.00827	0.01240	0.00620	0.00465	0.00465	0.00155	0.00620	0.00413	0.00207	0.00517
108	0.01768	0.01303	0.01396	0.01070	0.01443	0.01443	0.00884	0.79197	0.02187	0.02932	0.01117	0.01117	0.00791	0.00558	0.00465	0.00140	0.00512	0.00419	0.00465	0.00791
109	0.86937	0.00900	0.00684	0.00612	0.00900	0.01044	0.00504	0.01368	0.00792	0.02087	0.00648	0.00756	0.00504	0.00432	0.00288	0.00144	0.00360	0.00252	0.00288	0.00504
110	0.00567	0.00405	0.00540	0.00648	0.00675	0.00378	0.00432	0.00648	0.00891	0.01188	0.02564	0.83347	0.03077	0.01457	0.00594	0.00189	0.00270	0.01323	0.00432	0.00378
111	0.01738	0.02217	0.01318	0.01199	0.01438	0.81783	0.00899	0.01858	0.01318	0.01139	0.00719	0.00839	0.00599	0.00479	0.00419	0.00120	0.00839	0.00300	0.00240	0.00539
112	0.00550	0.00471	0.00471	0.00471	0.00628	0.00393	0.00353	0.00668	0.01060	0.01257	0.04713	0.04477	0.80560	0.01178	0.00550	0.00157	0.00236	0.00982	0.00432	0.00393
113	0.00623	0.00474	0.00573	0.00548	0.00674	0.00424	0.00411	0.00810	0.01234	0.01669	0.56045	0.03798	0.28970	0.01024	0.00549	0.00150	0.00225	0.00887	0.00486	0.00424
114	0.01768	0.01303	0.01396	0.01070	0.01443	0.01443	0.00884	0.79197	0.02187	0.02932	0.01117	0.01117	0.00791	0.00558	0.00465	0.00140	0.00512	0.00419	0.00465	0.00791
115	0.00933	0.02406	0.81240	0.01326	0.02014	0.01080	0.01719	0.01473	0.00982	0.01473	0.00835	0.00982	0.00589	0.00442	0.00442	0.00147	0.00688	0.00344	0.00196	0.00688
116	0.00677	0.00451	0.00507	0.00507	0.00507	0.00451	0.00282	0.00677	0.00677	0.00902	0.01466	0.03044	0.01691	0.83650	0.02368	0.00451	0.00451	0.00677	0.00282	0.00282
117	0.01738	0.02217	0.01318	0.01199	0.01438	0.81783	0.00899	0.01858	0.01318	0.01139	0.00719	0.00839	0.00599	0.00479	0.00419	0.00120	0.00839	0.00300	0.00240	0.00539
118	0.00577	0.00416	0.00546	0.00634	0.00675	0.00385	0.00430	0.00675	0.00946	0.01267	0.11488	0.71166	0.06294	0.01389	0.00587	0.00183	0.00263	0.01254	0.00441	0.00385
119	0.01067	0.37454	0.47363	0.01098	0.01661	0.01407	0.01322	0.01439	0.00966	0.01310	0.00754	0.00881	0.00593	0.00423	0.00380	0.00127	0.00606	0.00303	0.00198	0.00649
120	0.01738	0.02217	0.01318	0.01199	0.01438	0.81783	0.00899	0.01858	0.01318	0.01139	0.00719	0.00839	0.00599	0.00479	0.00419	0.00120	0.00839	0.00300	0.00240	0.00539
121	0.00620	0.00463	0.00549	0.00547	0.00639	0.00428	0.00385	0.00744	0.01029	0.01363	0.28334	0.11356	0.27156	0.19086	0.05040	0.00250	0.00331	0.00879	0.00416	0.00384
122	0.01157	0.00999	0.01052	0.00947	0.01210	0.01157	0.00736	0.02472	0.79908	0.01946	0.01893	0.01736	0.01420	0.00631	0.00473	0.00158	0.00368	0.00526	0.00473	0.00736
123	0.00949	0.06573	0.77213	0.01299	0.01972	0.01119	0.01672	0.01469	0.00980	0.01454	0.00825	0.00970	0.00590	0.00440	0.00435	0.00145	0.00678	0.00339	0.00197	0.00683
124	0.00667	0.00489	0.00702	0.00702	0.00770	0.00557	0.00525	0.00802	0.00734	0.01046	0.01288	0.02057	0.01263	0.18624	0.66808	0.00692	0.01096	0.00532	0.00255	0.00390
125	0.71341	0.05610	0.07096	0.00700	0.01029	0.01110	0.00633	0.05188	0.00883	0.02026	0.00685	0.00791	0.00530	0.00437	0.00309	0.00142	0.00400	0.00267	0.00285	0.00537
126	0.00854	0.00559	0.00724	0.02248	0.00879	0.00551	0.00562	0.04116	0.04965	0.08699	0.18829	0.27073	0.02770	0.07546	0.00708	0.00198	0.00340	0.17464	0.00449	0.00468
127	0.01176	0.53767	0.14173	0.00897	0.01298	0.06430	0.00912	0.01479	0.07158	0.01279	0.06770	0.01070	0.00945	0.00469	0.00360	0.00116	0.00516	0.00332	0.00246	0.00606
128	0.45927	0.07301	0.01084	0.00803	0.01128	0.04306	0.00670	0.25780	0.01290	0.06591	0.00863	0.00917	0.00640	0.00479	0.00359	0.00138	0.00438	0.00318	0.00351	0.00618
129	0.07769	0.02570	0.01537	0.03207	0.43306	0.17180	0.01111	0.04020	0.01159	0.07740	0.05291	0.01215	0.00923	0.00476	0.00442	0.00136	0.00564	0.00404	0.00286	0.00664
130	0.01132	0.51973	0.22963	0.00930	0.01377	0.05443	0.01009	0.01380	0.00982	0.01209	0.01017	0.01104	0.06829	0.00474	0.00362	0.00118	0.00544	0.00333	0.00218	0.00602
131	0.00964	0.18167	0.05243	0.00976	0.02408	0.02951	0.00839	0.02608	0.03724	0.01267	0.01407	0.16682	0.01491	0.00892	0.00777	0.00173	0.22938	0.15674	0.00303	0.00514

[dist]
# distance from previous block
# <min> <max>
5	21

[block]
# block no. 5 follows, 55 sequences, length 63
# corresponding to MSA columns:
# 456-518
name=unknown_F
#
# <colnr> <probs for GDERKNQSTAVLIFYWHMCP>
#	G	D	E	R	K	N	Q	S	T	A	V	L	I	F	Y	W	H	M	C	P
0	0.04771	0.00796	0.00947	0.00799	0.01065	0.00788	0.00635	0.12235	0.12907	0.32475	0.07219	0.11489	0.09232	0.00771	0.00492	0.00153	0.00365	0.01705	0.00498	0.00657
1	0.00957	0.02248	0.73737	0.01271	0.01915	0.01045	0.01613	0.02969	0.01031	0.03072	0.05198	0.01132	0.00811	0.00475	0.00449	0.00147	0.00653	0.00375	0.00226	0.00678
2	0.01220	0.51876	0.24919	0.00976	0.01445	0.06890	0.01063	0.01481	0.00996	0.04318	0.00752	0.00853	0.00617	0.00423	0.00354	0.00116	0.00571	0.00288	0.00216	0.00627
3	0.01093	0.01032	0.02164	0.00776	0.01007	0.17035	0.00610	0.10836	0.09911	0.05756	0.02942	0.02821	0.40464	0.00857	0.00499	0.00147	0.00422	0.00688	0.00406	0.00535
4	0.01176	0.01002	0.01484	0.01363	0.16768	0.00901	0.13313	0.10256	0.01164	0.06068	0.00943	0.01099	0.00738	0.00403	0.00420	0.00109	0.00477	0.00373	0.00299	0.41644
5	0.00584	0.00430	0.00551	0.00642	0.00699	0.00397	0.00454	0.00685	0.00938	0.01221	0.02901	0.62120	0.15576	0.01394	0.00592	0.00187	0.00282	0.09532	0.00431	0.00386
6	0.01134	0.01096	0.01894	0.07155	0.70900	0.01106	0.05636	0.01435	0.02364	0.01507	0.00893	0.01172	0.00740	0.00420	0.00466	0.00140	0.00566	0.00424	0.00233	0.00719
7	0.00568	0.00472	0.00496	0.00490	0.00639	0.00400	0.00367	0.00702	0.01102	0.01356	0.17088	0.04314	0.68123	0.01141	0.00550	0.00155	0.00233	0.00959	0.00445	0.00400
8	0.01244	0.83930	0.02438	0.00796	0.01194	0.01841	0.00796	0.01393	0.00945	0.01095	0.00647	0.00746	0.00597	0.00398	0.00299	0.00100	0.00498	0.00249	0.00199	0.00597
9	0.00779	0.00630	0.00987	0.05954	0.05503	0.00710	0.04853	0.04587	0.00862	0.01219	0.01178	0.01691	0.01065	0.02832	0.64210	0.00618	0.01111	0.00488	0.00255	0.00468
10	0.01460	0.22178	0.01618	0.01104	0.01331	0.44612	0.00899	0.01583	0.01095	0.01124	0.00678	0.00855	0.00601	0.00532	0.00629	0.00133	0.18489	0.00310	0.00222	0.00547
11	0.00567	0.00405	0.00540	0.00648	0.00675	0.00378	0.00432	0.00648	0.00891	0.01188	0.02564	0.83347	0.03077	0.01457	0.00594	0.00189	0.00270	0.01323	0.00432	0.00378
12	0.00665	0.00498	0.00748	0.00748	0.00831	0.00582	0.00582	0.00831	0.00748	0.01080	0.01246	0.01828	0.01163	0.03489	0.81807	0.00748	0.01246	0.00498	0.00249	0.00415
13	0.00873	0.00496	0.00530	0.00527	0.00646	0.00499	0.00401	0.06201	0.01057	0.01711	0.01812	0.10878	0.05174	0.00718	0.00394	0.00128	0.00256	0.05283	0.61967	0.00449
14	0.01133	0.01087	0.01856	0.08151	0.75595	0.01101	0.01419	0.01412	0.01051	0.01498	0.00872	0.01157	0.00729	0.00418	0.00461	0.00139	0.00557	0.00414	0.00229	0.00722
15	0.00677	0.00451	0.00507	0.00507	0.00507	0.00451	0.00282	0.00677	0.00677	0.00902	0.01466	0.03044	0.01691	0.83650	0.02368	0.00451	0.00451	0.00677	0.00282	0.00282
16	0.00808	0.00404	0.00606	0.00606	0.00606	0.00404	0.00404	0.00606	0.00606	0.00808	0.00808	0.01414	0.00808	0.01616	0.01818	0.86465	0.00404	0.00404	0.00202	0.00202
17	0.07134	0.01042	0.01206	0.00930	0.01292	0.01068	0.00768	0.38916	0.01707	0.38951	0.01420	0.01310	0.00940	0.00559	0.00456	0.00142	0.00449	0.00431	0.00505	0.00774
18	0.00567	0.00405	0.00540	0.00648	0.00675	0.00378	0.00432	0.00648	0.00891	0.01188	0.02564	0.83347	0.03077	0.01457	0.00594	0.00189	0.00270	0.01323	0.00432	0.00378
19	0.01098	0.01255	0.02745	0.01961	0.02431	0.01176	0.79059	0.01490	0.01098	0.01490	0.00941	0.01255	0.00706	0.00392	0.00549	0.00157	0.00784	0.00549	0.00235	0.00627
20	0.01168	0.63973	0.21729	0.00926	0.01395	0.01655	0.01022	0.01413	0.00954	0.01187	0.00693	0.00804	0.00595	0.00409	0.00334	0.00111	0.00544	0.00272	0.00198	0.00619
21	0.00677	0.00451	0.00507	0.00507	0.00507	0.00451	0.00282	0.00677	0.00677	0.00902	0.01466	0.03044	0.01691	0.83650	0.02368	0.00451	0.00451	0.00677	0.00282	0.00282
22	0.00676	0.00454	0.00523	0.00523	0.00529	0.00460	0.00302	0.00687	0.00681	0.00914	0.01451	0.02964	0.01656	0.78323	0.07647	0.00471	0.00504	0.00665	0.00280	0.00291
23	0.00879	0.00827	0.01395	0.82532	0.03204	0.01034	0.01292	0.01189	0.00930	0.01189	0.00827	0.01240	0.00620	0.00465	0.00465	0.00155	0.00620	0.00413	0.00207	0.00517
24	0.01549	0.01831	0.01127	0.01033	0.01244	0.64180	0.00775	0.01690	0.01244	0.01268	0.00892	0.01033	0.00728	0.00493	0.00399	0.00117	0.00704	0.00329	0.18847	0.00516
25	0.00965	0.00827	0.00965	0.00689	0.01102	0.00620	0.00551	0.01171	0.00965	0.01516	0.00827	0.00965	0.00689	0.00345	0.00345	0.00069	0.00345	0.00276	0.00276	0.86494
26	0.01622	0.02012	0.01258	0.01147	0.01372	0.71300	0.00864	0.03370	0.01275	0.01170	0.00785	0.00952	0.00664	0.00807	0.09237	0.00188	0.00876	0.00324	0.00245	0.00531
27	0.01052	0.01192	0.02305	0.01683	0.02091	0.05993	0.62062	0.01385	0.01106	0.01432	0.01513	0.01729	0.13086	0.00519	0.00541	0.00155	0.00703	0.00601	0.00266	0.00586
28	0.00867	0.00434	0.00434	0.00434	0.00542	0.00434	0.00325	0.01084	0.00976	0.01734	0.01518	0.01734	0.01192	0.00542	0.00325	0.00108	0.00217	0.00434	0.86233	0.00434
29	0.00665	0.00498	0.00748	0.00748	0.00831	0.00582	0.00582	0.00831	0.00748	0.01080	0.01246	0.01828	0.01163	0.03489	0.81807	0.00748	0.01246	0.00498	0.00249	0.00415
30	0.04236	0.24999	0.01640	0.01026	0.01354	0.31219	0.00853	0.26222	0.01472	0.01724	0.00823	0.00898	0.00656	0.00480	0.00396	0.00121	0.00624	0.00322	0.00301	0.00634
31	0.01127	0.01004	0.01676	0.02470	0.66788	0.00997	0.01257	0.01369	0.01037	0.05182	0.01068	0.06750	0.00970	0.05591	0.00587	0.00161	0.00520	0.00493	0.00263	0.00688
32	0.01443	0.00984	0.09643	0.00840	0.01152	0.06073	0.00740	0.01739	0.06093	0.37469	0.24195	0.02004	0.01987	0.00660	0.00482	0.00142	0.00403	0.00549	0.00480	0.02922
33	0.01209	0.01302	0.02400	0.01906	0.10728	0.06556	0.56278	0.08994	0.01205	0.01601	0.00929	0.01198	0.00708	0.00425	0.00543	0.00152	0.02458	0.00502	0.00257	0.00647
34	0.00794	0.00409	0.00595	0.00595	0.00595	0.00409	0.00391	0.00614	0.00614	0.00818	0.00879	0.01591	0.00904	0.10503	0.01878	0.77147	0.00409	0.00434	0.00211	0.00211
35	0.01133	0.01087	0.01856	0.08151	0.75595	0.01101	0.01419	0.01412	0.01051	0.01498	0.00872	0.01157	0.00729	0.00418	0.00461	0.00139	0.00557	0.00414	0.00229	0.00722
36	0.00964	0.00812	0.01147	0.01444	0.23591	0.00851	0.00938	0.01469	0.20613	0.01566	0.01873	0.03218	0.01817	0.00877	0.00549	0.00179	0.00449	0.36668	0.00384	0.00592
37	0.00677	0.00451	0.00507	0.00507	0.00507	0.00451	0.00282	0.00677	0.00677	0.00902	0.01466	0.03044	0.01691	0.83650	0.02368	0.00451	0.00451	0.00677	0.00282	0.00282
38	0.01276	0.01293	0.12338	0.01408	0.01822	0.01129	0.32175	0.15212	0.09806	0.09804	0.03217	0.01445	0.00976	0.00525	0.00537	0.00154	0.03145	0.02719	0.00342	0.00678
39	0.05844	0.00952	0.01032	0.00920	0.01178	0.03332	0.00750	0.17344	0.30053	0.10244	0.01808	0.02381	0.02698	0.00757	0.00501	0.00164	0.00425	0.18504	0.00455	0.00658
40	0.00992	0.00972	0.01390	0.01188	0.01235	0.01306	0.04605	0.01189	0.05586	0.01183	0.00774	0.01161	0.00725	0.01073	0.10113	0.00258	0.65077	0.00431	0.00227	0.00518
41	0.01773	0.00865	0.01068	0.00853	0.01182	0.00837	0.00694	0.10513	0.16429	0.52195	0.01960	0.01754	0.06441	0.00625	0.00474	0.00147	0.00392	0.00508	0.00535	0.00755
42	0.15422	0.04976	0.18252	0.03731	0.18231	0.01167	0.02106	0.09527	0.18779	0.01814	0.01071	0.01163	0.00816	0.00487	0.00425	0.00145	0.00506	0.00392	0.00309	0.00679
43	0.01463	0.14761	0.05864	0.01029	0.01369	0.15853	0.00878	0.27279	0.23220	0.01961	0.01168	0.01171	0.00888	0.00532	0.00431	0.00135	0.00538	0.00395	0.00369	0.00694
44	0.00624	0.00474	0.00574	0.00549	0.00674	0.00424	0.00412	0.00812	0.01236	0.01674	0.56611	0.03791	0.28401	0.01023	0.00549	0.00150	0.00225	0.00886	0.00487	0.00424
45	0.00567	0.00405	0.00540	0.00648	0.00675	0.00378	0.00432	0.00648	0.00891	0.01188	0.02564	0.83347	0.03077	0.01457	0.00594	0.00189	0.00270	0.01323	0.00432	0.00378
46	0.01454	0.01328	0.14579	0.01286	0.01722	0.01122	0.21947	0.21291	0.09939	0.18609	0.01259	0.01297	0.00879	0.00506	0.00485	0.00148	0.00574	0.00464	0.00384	0.00725
47	0.01978	0.00968	0.01188	0.00911	0.01275	0.00945	0.00753	0.28723	0.01626	0.54199	0.01588	0.01423	0.01028	0.00570	0.00467	0.00142	0.00436	0.00451	0.00538	0.00792
48	0.00677	0.00451	0.00507	0.00507	0.00507	0.00451	0.00282	0.00677	0.00677	0.00902	0.01466	0.03044	0.01691	0.83650	0.02368	0.00451	0.00451	0.00677	0.00282	0.00282
49	0.06200	0.06639	0.01490	0.01483	0.22819	0.07909	0.00971	0.34554	0.01549	0.05686	0.02203	0.03345	0.00868	0.00526	0.00442	0.00136	0.00521	0.00421	0.01533	0.00706
50	0.06406	0.01281	0.01357	0.01045	0.01413	0.01421	0.00864	0.74959	0.02111	0.02886	0.01091	0.01097	0.00776	0.00552	0.00456	0.00140	0.00504	0.00410	0.00456	0.00776
