[name]
unknown

[dist]
# distance from previous block
# <min> <max>
7	96

[block]
# block no. 0 follows, 42 sequences, length 7
# corresponding to MSA columns:
# 106-112
name=unknown_A
#
# <colnr> <probs for GDERKNQSTAVLIFYWHMCP>
#	G	D	E	R	K	N	Q	S	T	A	V	L	I	F	Y	W	H	M	C	P
0	0.01696	0.05782	0.42571	0.01345	0.01998	0.01212	0.01527	0.06860	0.01427	0.27978	0.01441	0.01437	0.00965	0.00597	0.00539	0.00173	0.00685	0.00468	0.00418	0.00878
1	0.02102	0.02682	0.01595	0.01450	0.01740	0.77963	0.01087	0.02247	0.01595	0.01377	0.00870	0.01015	0.00725	0.00580	0.00507	0.00145	0.01015	0.00362	0.00290	0.00652
2	0.01056	0.00644	0.00904	0.00847	0.00999	0.00665	0.00652	0.01263	0.01185	0.12684	0.21449	0.02793	0.02480	0.07970	0.41131	0.00581	0.00963	0.00722	0.00446	0.00566
3	0.01835	0.01425	0.01518	0.01233	0.01629	0.01603	0.00996	0.45266	0.32710	0.03056	0.01738	0.01659	0.01270	0.00712	0.00567	0.00178	0.00548	0.00560	0.00567	0.00930
4	0.01835	0.01425	0.01518	0.01233	0.01629	0.01603	0.00996	0.45266	0.32710	0.03056	0.01738	0.01659	0.01270	0.00712	0.00567	0.00178	0.00548	0.00560	0.00567	0.00930
5	0.01475	0.01115	0.01229	0.01019	0.01327	0.01194	0.00813	0.34944	0.11840	0.02779	0.24808	0.02754	0.10459	0.00912	0.00606	0.00177	0.00453	0.00752	0.00577	0.00767
6	0.01545	0.00773	0.01034	0.00975	0.03540	0.00708	0.00723	0.04808	0.01434	0.32767	0.09191	0.28863	0.05820	0.01160	0.00639	0.00197	0.00414	0.04106	0.00596	0.00708

[dist]
# distance from previous block
# <min> <max>
1	4

[block]
# block no. 1 follows, 42 sequences, length 7
# corresponding to MSA columns:
# 117-123
name=unknown_B
#
# <colnr> <probs for GDERKNQSTAVLIFYWHMCP>
#	G	D	E	R	K	N	Q	S	T	A	V	L	I	F	Y	W	H	M	C	P
0	0.01252	0.45733	0.04981	0.00922	0.01277	0.04664	0.00856	0.01466	0.01283	0.01612	0.22014	0.08148	0.02238	0.00776	0.00487	0.00148	0.00512	0.00611	0.00370	0.00649
1	0.01890	0.01477	0.01736	0.01672	0.15576	0.01618	0.01164	0.50477	0.13403	0.03051	0.01439	0.01472	0.01060	0.00657	0.00563	0.00172	0.00602	0.00525	0.00512	0.00935
2	0.01167	0.01000	0.01167	0.00834	0.01334	0.00750	0.00667	0.01417	0.01167	0.01834	0.01000	0.01167	0.00834	0.00417	0.00417	0.00083	0.00417	0.00333	0.00333	0.83663
3	0.02101	0.01488	0.01623	0.01240	0.01693	0.01605	0.01023	0.64146	0.02463	0.09121	0.01394	0.01382	0.00982	0.00659	0.00553	0.00163	0.00594	0.00499	0.00557	0.06712
4	0.01232	0.01137	0.01804	0.02539	0.49618	0.01162	0.01353	0.01622	0.07144	0.01862	0.10229	0.07843	0.05011	0.00754	0.00645	0.00179	0.04028	0.00684	0.00369	0.00786
5	0.01214	0.00665	0.00871	0.00812	0.00931	0.00668	0.00582	0.01340	0.11900	0.11314	0.01738	0.02163	0.07129	0.04607	0.01649	0.50528	0.00467	0.00588	0.00378	0.00456
6	0.29787	0.01412	0.01204	0.01064	0.01400	0.12376	0.00839	0.08747	0.33158	0.02377	0.01490	0.01474	0.01131	0.00647	0.00486	0.00177	0.00539	0.00473	0.00455	0.00766

[dist]
# distance from previous block
# <min> <max>
1	6

[block]
# block no. 2 follows, 42 sequences, length 7
# corresponding to MSA columns:
# 130-136
name=unknown_C
#
# <colnr> <probs for GDERKNQSTAVLIFYWHMCP>
#	G	D	E	R	K	N	Q	S	T	A	V	L	I	F	Y	W	H	M	C	P
0	0.01465	0.01852	0.23098	0.02456	0.39829	0.07601	0.01658	0.01933	0.05361	0.07630	0.01186	0.01383	0.00912	0.00547	0.00548	0.00170	0.00716	0.00478	0.00316	0.00860
1	0.27627	0.01568	0.01368	0.22868	0.02117	0.24818	0.01055	0.05057	0.01310	0.05992	0.00974	0.01183	0.00742	0.00568	0.00479	0.00169	0.00712	0.00400	0.00331	0.00661
2	0.00969	0.00808	0.01291	0.01618	0.22198	0.00881	0.00990	0.01207	0.01010	0.01455	0.01382	0.01982	0.01263	0.03180	0.56316	0.00698	0.01273	0.00575	0.00295	0.00611
3	0.01846	0.00884	0.01124	0.00909	0.01244	0.00809	0.00733	0.09623	0.01674	0.42392	0.20084	0.02831	0.11575	0.00892	0.00601	0.00176	0.00419	0.00743	0.00643	0.00797
4	0.00804	0.00603	0.00904	0.00904	0.01005	0.00703	0.00703	0.01005	0.00904	0.01306	0.01507	0.02211	0.01407	0.04221	0.77992	0.00904	0.01507	0.00603	0.00301	0.00502
5	0.01393	0.01337	0.02284	0.03454	0.76712	0.01337	0.01727	0.01727	0.01281	0.01839	0.01059	0.01393	0.00891	0.00501	0.00557	0.00167	0.00669	0.00501	0.00279	0.00891
6	0.01450	0.01313	0.01885	0.02310	0.37145	0.01398	0.04970	0.07887	0.31158	0.02175	0.01578	0.01679	0.01225	0.00618	0.00569	0.00178	0.00589	0.00564	0.00418	0.00890

[dist]
# distance from previous block
# <min> <max>
0	2

[block]
# block no. 3 follows, 42 sequences, length 10
# corresponding to MSA columns:
# 139-148
name=unknown_D
#
# <colnr> <probs for GDERKNQSTAVLIFYWHMCP>
#	G	D	E	R	K	N	Q	S	T	A	V	L	I	F	Y	W	H	M	C	P
0	0.01954	0.01474	0.01832	0.01879	0.22610	0.01578	0.01239	0.50278	0.02206	0.07348	0.01320	0.01396	0.00964	0.00628	0.00562	0.00169	0.00625	0.00509	0.00492	0.00939
1	0.00804	0.00603	0.00904	0.00904	0.01005	0.00703	0.00703	0.01005	0.00904	0.01306	0.01507	0.02211	0.01407	0.04221	0.77992	0.00904	0.01507	0.00603	0.00301	0.00502
2	0.01276	0.01896	0.23871	0.02220	0.07049	0.01386	0.50246	0.01793	0.01287	0.01799	0.01098	0.01419	0.00817	0.00493	0.00622	0.00185	0.00900	0.00586	0.00271	0.00787
3	0.00804	0.00603	0.00904	0.00904	0.01005	0.00703	0.00703	0.01005	0.00904	0.01306	0.01507	0.02211	0.01407	0.04221	0.77992	0.00904	0.01507	0.00603	0.00301	0.00502
4	0.01955	0.01472	0.01832	0.01879	0.22610	0.01576	0.01238	0.50108	0.02203	0.07521	0.01322	0.01397	0.00965	0.00628	0.00562	0.00169	0.00625	0.00509	0.00492	0.00939
5	0.02004	0.01732	0.01598	0.01300	0.01696	0.16787	0.01042	0.48067	0.15031	0.02911	0.01418	0.01414	0.01042	0.00672	0.00554	0.00168	0.00668	0.00500	0.00511	0.00885
6	0.05756	0.01409	0.01543	0.01203	0.01634	0.01526	0.00989	0.51846	0.09243	0.16673	0.01571	0.01504	0.01092	0.00681	0.00555	0.00172	0.00569	0.00521	0.00579	0.00936
7	0.72796	0.01121	0.00925	0.00801	0.01162	0.01278	0.00660	0.07771	0.01134	0.06820	0.00912	0.01007	0.00682	0.00545	0.00378	0.00174	0.00453	0.00336	0.00386	0.00658
8	0.18789	0.24120	0.01840	0.01105	0.01513	0.13617	0.00941	0.25026	0.04416	0.02323	0.01033	0.01109	0.00811	0.00577	0.00453	0.00153	0.00632	0.00389	0.00385	0.00769
9	0.22036	0.01874	0.01427	0.01288	0.04574	0.34828	0.00970	0.15774	0.01627	0.09065	0.01072	0.01152	0.00809	0.00592	0.00487	0.00160	0.00737	0.00400	0.00392	0.00737

[dist]
# distance from previous block
# <min> <max>
9	24

[block]
# block no. 4 follows, 42 sequences, length 21
# corresponding to MSA columns:
# 174-194
name=unknown_E
#
# <colnr> <probs for GDERKNQSTAVLIFYWHMCP>
#	G	D	E	R	K	N	Q	S	T	A	V	L	I	F	Y	W	H	M	C	P
0	0.01450	0.56068	0.03064	0.01400	0.01908	0.01978	0.23802	0.01722	0.01201	0.01472	0.00893	0.01093	0.00763	0.00479	0.00455	0.00142	0.00709	0.00413	0.00254	0.00734
1	0.01258	0.01338	0.04697	0.26091	0.14683	0.01350	0.30329	0.01805	0.09283	0.01754	0.01204	0.01546	0.00917	0.00539	0.00602	0.00185	0.00785	0.00577	0.00303	0.00755
2	0.02102	0.02682	0.01595	0.01450	0.01740	0.77963	0.01087	0.02247	0.01595	0.01377	0.00870	0.01015	0.00725	0.00580	0.00507	0.00145	0.01015	0.00362	0.00290	0.00652
3	0.00674	0.00570	0.00582	0.00579	0.00765	0.00479	0.00434	0.00824	0.01303	0.01569	0.10379	0.05336	0.71775	0.01407	0.00665	0.00189	0.00284	0.01176	0.00529	0.00479
4	0.01690	0.56429	0.02529	0.01114	0.01536	0.25695	0.01001	0.01859	0.01283	0.01341	0.00809	0.00937	0.00723	0.00512	0.00406	0.00128	0.00730	0.00320	0.00256	0.00701
5	0.01328	0.01518	0.03321	0.02372	0.02941	0.01423	0.74668	0.01803	0.01328	0.01803	0.01139	0.01518	0.00854	0.00474	0.00664	0.00190	0.00949	0.00664	0.00285	0.00759
6	0.00686	0.00490	0.00653	0.00784	0.00816	0.00457	0.00522	0.00784	0.01077	0.01437	0.03102	0.79855	0.03722	0.01763	0.00718	0.00229	0.00326	0.01600	0.00522	0.00457
7	0.01505	0.80561	0.02949	0.00963	0.01444	0.02227	0.00963	0.01685	0.01143	0.01324	0.00782	0.00903	0.00722	0.00481	0.00361	0.00120	0.00602	0.00301	0.00241	0.00722
8	0.02176	0.01036	0.01296	0.01046	0.01445	0.01005	0.00847	0.02819	0.24567	0.53940	0.02242	0.01973	0.01494	0.00717	0.00568	0.00179	0.00468	0.00588	0.00658	0.00937
9	0.00686	0.00490	0.00653	0.00784	0.00816	0.00457	0.00522	0.00784	0.01077	0.01437	0.03102	0.79855	0.03722	0.01763	0.00718	0.00229	0.00326	0.01600	0.00522	0.00457
10	0.00686	0.00490	0.00653	0.00784	0.00816	0.00457	0.00522	0.00784	0.01077	0.01437	0.03102	0.79855	0.03722	0.01763	0.00718	0.00229	0.00326	0.01600	0.00522	0.00457
11	0.01432	0.02792	0.53850	0.01549	0.02220	0.21731	0.01771	0.05097	0.01360	0.01752	0.00988	0.01149	0.00727	0.00553	0.00529	0.00169	0.00871	0.00406	0.00266	0.00789
12	0.01505	0.80561	0.02949	0.00963	0.01444	0.02227	0.00963	0.01685	0.01143	0.01324	0.00782	0.00903	0.00722	0.00481	0.00361	0.00120	0.00602	0.00301	0.00241	0.00722
13	0.00686	0.00490	0.00653	0.00784	0.00816	0.00457	0.00522	0.00784	0.01077	0.01437	0.03102	0.79855	0.03722	0.01763	0.00718	0.00229	0.00326	0.01600	0.00522	0.00457
14	0.01311	0.01825	0.25531	0.02881	0.53696	0.01328	0.01836	0.01744	0.01253	0.01821	0.01043	0.01329	0.00836	0.00512	0.00550	0.00171	0.00719	0.00475	0.00266	0.00873
15	0.01373	0.01529	0.02281	0.25785	0.02811	0.15306	0.28530	0.01708	0.01249	0.01551	0.00992	0.01382	0.00782	0.00591	0.00767	0.00189	0.11689	0.00535	0.00270	0.00678
16	0.01129	0.02911	0.77306	0.01604	0.02436	0.01307	0.02079	0.01782	0.01188	0.01782	0.01010	0.01188	0.00713	0.00535	0.00535	0.00178	0.00832	0.00416	0.00238	0.00832
17	0.01063	0.01000	0.01688	0.78870	0.03876	0.01250	0.01563	0.01438	0.01125	0.01438	0.01000	0.01500	0.00750	0.00563	0.00563	0.00188	0.00750	0.00500	0.00250	0.00625
18	0.01363	0.26152	0.10726	0.01857	0.02426	0.01660	0.44451	0.01764	0.01257	0.01652	0.01015	0.01294	0.00799	0.00483	0.00557	0.00167	0.00829	0.00526	0.00266	0.00755
19	0.01216	0.00996	0.01026	0.00898	0.01148	0.04321	0.00703	0.23839	0.01690	0.02149	0.05863	0.10947	0.37190	0.01161	0.00683	0.00187	0.03884	0.00945	0.00516	0.00638
20	0.01691	0.01354	0.01437	0.01204	0.01574	0.01536	0.00961	0.31300	0.46911	0.02824	0.01920	0.01805	0.01418	0.00729	0.00569	0.00182	0.00514	0.00585	0.00569	0.00917

[dist]
# distance from previous block
# <min> <max>
12	26

[block]
# block no. 5 follows, 42 sequences, length 15
# corresponding to MSA columns:
# 224-227,229-239
name=unknown_F
#
# <colnr> <probs for GDERKNQSTAVLIFYWHMCP>
#	G	D	E	R	K	N	Q	S	T	A	V	L	I	F	Y	W	H	M	C	P
0	0.06869	0.01395	0.01527	0.01191	0.01616	0.01507	0.00978	0.52858	0.05532	0.16310	0.01558	0.03505	0.01119	0.00703	0.00556	0.00173	0.00569	0.00540	0.00573	0.00921
1	0.78039	0.07007	0.00985	0.00757	0.01115	0.01334	0.00636	0.01657	0.00972	0.02435	0.00784	0.00913	0.00618	0.00519	0.00349	0.00170	0.00448	0.00304	0.00340	0.00618
2	0.01298	0.01088	0.01150	0.01067	0.01316	0.03602	0.00810	0.10416	0.43442	0.02191	0.02375	0.24560	0.02183	0.01038	0.00612	0.00198	0.00449	0.00893	0.00548	0.00765
3	0.00864	0.00697	0.00924	0.00859	0.00960	0.00757	0.00663	0.01079	0.01382	0.01958	0.50358	0.10681	0.08586	0.01191	0.00903	0.00196	0.15896	0.00978	0.00531	0.00538
4	0.01313	0.05954	0.19229	0.01237	0.01674	0.01380	0.01175	0.02529	0.49766	0.02124	0.01946	0.02064	0.01514	0.00740	0.00564	0.00188	0.00549	0.04735	0.00472	0.00846
5	0.01326	0.01159	0.01830	0.20111	0.38015	0.01151	0.01390	0.01643	0.01237	0.05896	0.01095	0.01393	0.00873	0.00506	0.00526	0.00153	0.00618	0.00465	0.00308	0.20304
6	0.25553	0.01204	0.01187	0.01039	0.01383	0.01378	0.00825	0.09966	0.44253	0.04790	0.01754	0.01673	0.01308	0.00682	0.00506	0.00183	0.00461	0.00525	0.00510	0.00818
7	0.01357	0.01103	0.01204	0.01098	0.01390	0.01248	0.00863	0.02680	0.60830	0.05239	0.07867	0.02616	0.02104	0.00858	0.00597	0.00195	0.00440	0.06902	0.00576	0.00834
8	0.01154	0.01093	0.01853	0.58007	0.24025	0.01274	0.01608	0.01518	0.01168	0.01549	0.01016	0.01471	0.00789	0.00546	0.00561	0.00182	0.00728	0.00500	0.00258	0.00699
9	0.00766	0.00574	0.00710	0.00676	0.00822	0.00518	0.00507	0.01004	0.01522	0.02088	0.60165	0.04482	0.21665	0.01214	0.00664	0.00180	0.00270	0.01057	0.00597	0.00518
10	0.00734	0.00584	0.00666	0.00677	0.00844	0.00516	0.00529	0.00924	0.01356	0.01717	0.21587	0.05286	0.48276	0.01383	0.00683	0.00198	0.00318	0.12684	0.00544	0.00495
11	0.01393	0.01331	0.02238	0.03349	0.73273	0.01340	0.01689	0.01785	0.04683	0.01862	0.01115	0.01425	0.00929	0.00513	0.00558	0.00168	0.00658	0.00508	0.00292	0.00891
12	0.01400	0.01209	0.01273	0.01145	0.01463	0.01400	0.00891	0.02990	0.75695	0.02354	0.02291	0.02100	0.01718	0.00764	0.00573	0.00191	0.00445	0.00636	0.00573	0.00891
13	0.05167	0.01373	0.01446	0.01197	0.01578	0.01553	0.00961	0.36008	0.38975	0.02910	0.01796	0.01706	0.01322	0.00713	0.00559	0.00180	0.00525	0.00563	0.00559	0.00910
14	0.01453	0.01479	0.02157	0.02330	0.30258	0.09237	0.18139	0.02165	0.22933	0.01933	0.01415	0.01588	0.01106	0.00579	0.00581	0.00177	0.00704	0.00564	0.00367	0.00836

[dist]
# distance from previous block
# <min> <max>
2	12

[block]
# block no. 6 follows, 42 sequences, length 12
# corresponding to MSA columns:
# 252-263
name=unknown_G
#
# <colnr> <probs for GDERKNQSTAVLIFYWHMCP>
#	G	D	E	R	K	N	Q	S	T	A	V	L	I	F	Y	W	H	M	C	P
0	0.15708	0.01068	0.01155	0.00859	0.01328	0.00929	0.00693	0.08083	0.01264	0.02109	0.00994	0.01140	0.00806	0.00459	0.00418	0.00107	0.00438	0.00344	0.00357	0.61743
1	0.15432	0.00708	0.00794	0.00756	0.00918	0.00729	0.00556	0.01277	0.05338	0.06065	0.25205	0.11746	0.05282	0.15614	0.06926	0.00306	0.00470	0.00851	0.00485	0.00542
2	0.01261	0.01340	0.01425	0.03870	0.01545	0.20691	0.11446	0.05016	0.01350	0.01588	0.02425	0.21826	0.16181	0.01059	0.00713	0.00191	0.06179	0.00898	0.00402	0.00596
3	0.01405	0.62666	0.02665	0.18486	0.01991	0.02007	0.01098	0.01630	0.01139	0.01350	0.00831	0.01037	0.00728	0.00500	0.00406	0.00135	0.00635	0.00346	0.00243	0.00700
4	0.01353	0.49268	0.32915	0.01221	0.01844	0.01856	0.01413	0.01724	0.01161	0.01509	0.00874	0.01018	0.00718	0.00503	0.00431	0.00144	0.00694	0.00347	0.00239	0.00766
5	0.01111	0.00682	0.00852	0.00794	0.00979	0.00635	0.00597	0.06419	0.01492	0.13596	0.30486	0.23267	0.14382	0.01244	0.00656	0.00191	0.00342	0.01086	0.00588	0.00600
6	0.01147	0.22579	0.40743	0.01230	0.01816	0.01370	0.01437	0.01585	0.01256	0.01742	0.15207	0.01839	0.04470	0.00670	0.00519	0.00163	0.00645	0.00528	0.00321	0.00733
7	0.03792	0.00896	0.00983	0.03390	0.01178	0.00971	0.00683	0.09970	0.24492	0.01931	0.02548	0.14763	0.11714	0.18852	0.01114	0.00273	0.00458	0.00868	0.00488	0.00636
8	0.00948	0.18539	0.01179	0.00755	0.00880	0.00927	0.00553	0.01029	0.00946	0.01227	0.01747	0.15924	0.01962	0.40195	0.10501	0.00437	0.00630	0.00811	0.00345	0.00465
9	0.01853	0.01673	0.01518	0.01200	0.01627	0.19440	0.00959	0.36777	0.01976	0.02547	0.01138	0.01219	0.00867	0.00579	0.00508	0.00139	0.00655	0.00423	0.00433	0.24469
10	0.01410	0.01160	0.01257	0.00999	0.01423	0.03561	0.00792	0.06474	0.27379	0.06107	0.01534	0.01539	0.01177	0.00574	0.00491	0.00133	0.00462	0.00463	0.00449	0.42618
11	0.01793	0.01620	0.01542	0.03065	0.04450	0.16486	0.01034	0.31543	0.19081	0.02526	0.01509	0.01535	0.02667	0.00678	0.00585	0.00167	0.02919	0.00512	0.00470	0.05818

[dist]
# distance from previous block
# <min> <max>
0	1

[block]
# block no. 7 follows, 42 sequences, length 9
# corresponding to MSA columns:
# 265-273
name=unknown_H
#
# <colnr> <probs for GDERKNQSTAVLIFYWHMCP>
#	G	D	E	R	K	N	Q	S	T	A	V	L	I	F	Y	W	H	M	C	P
0	0.01671	0.34616	0.17297	0.01235	0.01758	0.09500	0.01229	0.22722	0.01628	0.02058	0.01000	0.01099	0.00788	0.00558	0.00468	0.00148	0.00694	0.00389	0.00337	0.00804
1	0.00804	0.00603	0.00904	0.00904	0.01005	0.00703	0.00703	0.01005	0.00904	0.01306	0.01507	0.02211	0.01407	0.04221	0.77992	0.00904	0.01507	0.00603	0.00301	0.00502
2	0.01866	0.06005	0.19566	0.01364	0.01892	0.08252	0.01304	0.47625	0.02135	0.02830	0.01200	0.01261	0.00867	0.00624	0.00541	0.00167	0.00703	0.00462	0.00446	0.00889
3	0.01227	0.01027	0.01123	0.01020	0.01285	0.01151	0.00788	0.02438	0.54461	0.02326	0.23531	0.02703	0.02747	0.00874	0.00599	0.00187	0.00394	0.00746	0.00586	0.00788
4	0.00803	0.00643	0.00958	0.23153	0.01695	0.00691	0.00821	0.00995	0.01136	0.01508	0.08834	0.50866	0.03008	0.01366	0.00669	0.00212	0.00443	0.01234	0.00453	0.00512
5	0.01271	0.01371	0.02804	0.21196	0.11523	0.01371	0.48536	0.01705	0.01273	0.01718	0.01096	0.01500	0.00833	0.00499	0.00627	0.00187	0.00868	0.00606	0.00275	0.00741
6	0.02139	0.01576	0.01689	0.01295	0.01745	0.01745	0.01070	0.74835	0.02646	0.03547	0.01351	0.01351	0.00957	0.00676	0.00563	0.00169	0.00619	0.00507	0.00563	0.00957
7	0.01590	0.01699	0.01564	0.23617	0.04983	0.28759	0.01193	0.05713	0.21597	0.01781	0.01323	0.01478	0.01019	0.00627	0.00545	0.00172	0.00753	0.00488	0.00368	0.00733
8	0.30029	0.01283	0.01286	0.01031	0.01436	0.04423	0.00847	0.26993	0.01743	0.23634	0.01382	0.01347	0.00952	0.00626	0.00489	0.00171	0.00534	0.00449	0.00516	0.00827

[dist]
# distance from previous block
# <min> <max>
23	50

[block]
# block no. 8 follows, 42 sequences, length 12
# corresponding to MSA columns:
# 351-362
name=unknown_I
#
# <colnr> <probs for GDERKNQSTAVLIFYWHMCP>
#	G	D	E	R	K	N	Q	S	T	A	V	L	I	F	Y	W	H	M	C	P
0	0.07390	0.18673	0.08446	0.01297	0.05060	0.14285	0.01089	0.12953	0.21466	0.02086	0.01319	0.01358	0.01024	0.00611	0.00495	0.00162	0.00642	0.00451	0.00395	0.00800
1	0.01356	0.01925	0.25025	0.02647	0.41637	0.06673	0.09101	0.01788	0.01280	0.01786	0.01039	0.01317	0.00822	0.00514	0.00558	0.00171	0.00770	0.00482	0.00268	0.00843
2	0.00730	0.00569	0.00710	0.00723	0.00854	0.00550	0.00540	0.00902	0.01184	0.01553	0.14554	0.15130	0.32595	0.02279	0.24054	0.00410	0.00658	0.01046	0.00470	0.00489
3	0.00804	0.00603	0.00904	0.00904	0.01005	0.00703	0.00703	0.01005	0.00904	0.01306	0.01507	0.02211	0.01407	0.04221	0.77992	0.00904	0.01507	0.00603	0.00301	0.00502
4	0.01211	0.02396	0.54316	0.01465	0.02142	0.01335	0.01720	0.02148	0.23717	0.01955	0.01397	0.01464	0.01017	0.00604	0.00546	0.00182	0.00715	0.00482	0.00339	0.00850
5	0.01834	0.01980	0.24554	0.01388	0.01954	0.01613	0.01375	0.52746	0.02205	0.03013	0.01248	0.01302	0.00883	0.00633	0.00554	0.00172	0.00683	0.00479	0.00465	0.00919
6	0.01891	0.02191	0.01501	0.01351	0.01656	0.51668	0.01027	0.05467	0.24044	0.01762	0.01319	0.01357	0.01035	0.00639	0.00529	0.00160	0.00826	0.00451	0.00387	0.00737
7	0.01062	0.00967	0.01606	0.73371	0.03650	0.01199	0.01481	0.01429	0.01129	0.01484	0.01059	0.01542	0.00799	0.00569	0.00551	0.00184	0.00716	0.00502	0.06083	0.00618
8	0.01415	0.01199	0.01229	0.01077	0.01388	0.04059	0.00844	0.14883	0.45682	0.02409	0.07681	0.02507	0.11467	0.00854	0.00587	0.00184	0.00463	0.00702	0.00558	0.00815
9	0.00695	0.00553	0.00624	0.00645	0.00789	0.00482	0.00469	0.00852	0.01296	0.01644	0.18864	0.22103	0.46098	0.01449	0.00677	0.00196	0.00291	0.01248	0.00541	0.00482
10	0.01918	0.20640	0.01911	0.01277	0.01651	0.37076	0.01039	0.18712	0.07248	0.01932	0.01065	0.01146	0.00851	0.00592	0.00491	0.00148	0.00785	0.00401	0.00362	0.00756
11	0.01673	0.01649	0.01546	0.09131	0.07190	0.23522	0.01049	0.18953	0.01643	0.02065	0.01049	0.01216	0.00827	0.00546	0.00502	0.00138	0.00690	0.00411	0.00363	0.25838

[dist]
# distance from previous block
# <min> <max>
15	24

[block]
# block no. 9 follows, 42 sequences, length 34
# corresponding to MSA columns:
# 389-422
name=unknown_J
#
# <colnr> <probs for GDERKNQSTAVLIFYWHMCP>
#	G	D	E	R	K	N	Q	S	T	A	V	L	I	F	Y	W	H	M	C	P
0	0.01634	0.31747	0.23045	0.01289	0.01864	0.01549	0.08576	0.01984	0.01289	0.20130	0.01234	0.01292	0.00898	0.00548	0.00489	0.00156	0.00669	0.00434	0.00356	0.00814
1	0.01522	0.01860	0.11806	0.05353	0.46121	0.20171	0.01610	0.01852	0.01341	0.01704	0.01004	0.01277	0.00822	0.00527	0.00542	0.00164	0.00778	0.00456	0.00275	0.00816
2	0.01180	0.29852	0.32135	0.01157	0.01692	0.01442	0.01303	0.01571	0.01272	0.01737	0.19470	0.01828	0.01847	0.00667	0.00505	0.00157	0.00611	0.00523	0.00333	0.00719
3	0.00693	0.00493	0.00651	0.00774	0.00805	0.00462	0.00512	0.00786	0.01063	0.01417	0.03025	0.75463	0.03625	0.06287	0.00842	0.00247	0.00339	0.01555	0.00512	0.00450
4	0.05285	0.01500	0.06257	0.02210	0.12100	0.01460	0.43590	0.05394	0.01295	0.01861	0.01056	0.01406	0.00828	0.00569	0.00801	0.00193	0.12559	0.00581	0.00293	0.00761
5	0.01874	0.33490	0.02164	0.01210	0.01623	0.25229	0.01032	0.23410	0.01724	0.01995	0.00977	0.01069	0.00792	0.00569	0.00465	0.00142	0.00733	0.00380	0.00351	0.00770
6	0.00669	0.00556	0.00584	0.00607	0.00770	0.00472	0.00444	0.00804	0.01247	0.01506	0.05254	0.18215	0.63973	0.01483	0.00674	0.00197	0.00292	0.01259	0.00523	0.00472
7	0.01869	0.01006	0.01249	0.00957	0.01401	0.00872	0.00775	0.02276	0.11035	0.39132	0.01771	0.01658	0.01225	0.00600	0.00511	0.00142	0.00451	0.00488	0.00544	0.32038
8	0.00689	0.00498	0.00652	0.00768	0.00814	0.00461	0.00517	0.00797	0.01111	0.01476	0.06325	0.72392	0.07984	0.01718	0.00713	0.00224	0.00322	0.01552	0.00526	0.00461
9	0.10047	0.01561	0.01524	0.01228	0.01631	0.08309	0.00995	0.48802	0.15108	0.03049	0.01417	0.01409	0.01035	0.00667	0.00539	0.00171	0.00606	0.00497	0.00520	0.00885
10	0.01383	0.55366	0.27076	0.01171	0.01766	0.01928	0.01325	0.01717	0.01158	0.01473	0.00856	0.00995	0.00719	0.00499	0.00417	0.00139	0.00676	0.00338	0.00240	0.00758
11	0.34610	0.42650	0.01994	0.00912	0.01325	0.07813	0.00831	0.01717	0.01105	0.01808	0.00790	0.00916	0.00677	0.00506	0.00368	0.00144	0.00568	0.00307	0.00288	0.00672
12	0.00665	0.00570	0.00570	0.00570	0.00760	0.00475	0.00428	0.00808	0.01283	0.01520	0.05701	0.05416	0.76483	0.01425	0.00665	0.00190	0.00285	0.01188	0.00523	0.00475
13	0.00686	0.00490	0.00653	0.00784	0.00816	0.00457	0.00522	0.00784	0.01077	0.01437	0.03102	0.79855	0.03722	0.01763	0.00718	0.00229	0.00326	0.01600	0.00522	0.00457
14	0.01167	0.01000	0.01167	0.00834	0.01334	0.00750	0.00667	0.01417	0.01167	0.01834	0.01000	0.01167	0.00834	0.00417	0.00417	0.00083	0.00417	0.00333	0.00333	0.83663
15	0.01492	0.00839	0.01197	0.20054	0.01821	0.00846	0.00904	0.04281	0.01480	0.27660	0.23999	0.08694	0.02569	0.00883	0.00606	0.00182	0.00475	0.00764	0.00545	0.00709
16	0.01167	0.01000	0.01167	0.00834	0.01334	0.00750	0.00667	0.01417	0.01167	0.01834	0.01000	0.01167	0.00834	0.00417	0.00417	0.00083	0.00417	0.00333	0.00333	0.83663
17	0.64012	0.01480	0.01016	0.00915	0.01249	0.20122	0.00727	0.01800	0.01114	0.02243	0.00805	0.00939	0.00638	0.00537	0.00387	0.00167	0.00578	0.00319	0.00334	0.00620
18	0.01400	0.01209	0.01273	0.01145	0.01463	0.01400	0.00891	0.02990	0.75695	0.02354	0.02291	0.02100	0.01718	0.00764	0.00573	0.00191	0.00445	0.00636	0.00573	0.00891
19	0.01393	0.01337	0.02284	0.03454	0.76712	0.01337	0.01727	0.01727	0.01281	0.01839	0.01059	0.01393	0.00891	0.00501	0.00557	0.00167	0.00669	0.00501	0.00279	0.00891
20	0.00796	0.00575	0.00752	0.00708	0.00841	0.00531	0.00531	0.01062	0.01593	0.02257	0.76415	0.04204	0.05310	0.01150	0.00664	0.00177	0.00265	0.01018	0.00619	0.00531
21	0.01400	0.01209	0.01273	0.01145	0.01463	0.01400	0.00891	0.02990	0.75695	0.02354	0.02291	0.02100	0.01718	0.00764	0.00573	0.00191	0.00445	0.00636	0.00573	0.00891
22	0.01400	0.01209	0.01273	0.01145	0.01463	0.01400	0.00891	0.02990	0.75695	0.02354	0.02291	0.02100	0.01718	0.00764	0.00573	0.00191	0.00445	0.00636	0.00573	0.00891
23	0.01400	0.01209	0.01273	0.01145	0.01463	0.01400	0.00891	0.02990	0.75695	0.02354	0.02291	0.02100	0.01718	0.00764	0.00573	0.00191	0.00445	0.00636	0.00573	0.00891
24	0.00796	0.00575	0.00752	0.00708	0.00841	0.00531	0.00531	0.01062	0.01593	0.02257	0.76415	0.04204	0.05310	0.01150	0.00664	0.00177	0.00265	0.01018	0.00619	0.00531
25	0.01063	0.01000	0.01688	0.78870	0.03876	0.01250	0.01563	0.01438	0.01125	0.01438	0.01000	0.01500	0.00750	0.00563	0.00563	0.00188	0.00750	0.00500	0.00250	0.00625
26	0.01400	0.01209	0.01273	0.01145	0.01463	0.01400	0.00891	0.02990	0.75695	0.02354	0.02291	0.02100	0.01718	0.00764	0.00573	0.00191	0.00445	0.00636	0.00573	0.00891
27	0.00804	0.00603	0.00904	0.00904	0.01005	0.00703	0.00703	0.01005	0.00904	0.01306	0.01507	0.02211	0.01407	0.04221	0.77992	0.00904	0.01507	0.00603	0.00301	0.00502
28	0.01400	0.01209	0.01273	0.01145	0.01463	0.01400	0.00891	0.02990	0.75695	0.02354	0.02291	0.02100	0.01718	0.00764	0.00573	0.00191	0.00445	0.00636	0.00573	0.00891
29	0.00804	0.00603	0.00904	0.00904	0.01005	0.00703	0.00703	0.01005	0.00904	0.01306	0.01507	0.02211	0.01407	0.04221	0.77992	0.00904	0.01507	0.00603	0.00301	0.00502
30	0.01129	0.02911	0.77306	0.01604	0.02436	0.01307	0.02079	0.01782	0.01188	0.01782	0.01010	0.01188	0.00713	0.00535	0.00535	0.00178	0.00832	0.00416	0.00238	0.00832
31	0.00687	0.00551	0.00614	0.00641	0.00784	0.00478	0.00464	0.00835	0.01273	0.01595	0.14256	0.23562	0.49339	0.01473	0.00678	0.00198	0.00293	0.01267	0.00535	0.00478
32	0.01167	0.01000	0.01167	0.00834	0.01334	0.00750	0.00667	0.01417	0.01167	0.01834	0.01000	0.01167	0.00834	0.00417	0.00417	0.00083	0.00417	0.00333	0.00333	0.83663
33	0.02127	0.01030	0.01307	0.00986	0.01440	0.00897	0.00809	0.09507	0.01595	0.49897	0.01811	0.01661	0.01202	0.00620	0.00526	0.00150	0.00476	0.00498	0.00587	0.22873

[dist]
# distance from previous block
# <min> <max>
32	61

[block]
# block no. 10 follows, 42 sequences, length 20
# corresponding to MSA columns:
# 490-509
name=unknown_K
#
# <colnr> <probs for GDERKNQSTAVLIFYWHMCP>
#	G	D	E	R	K	N	Q	S	T	A	V	L	I	F	Y	W	H	M	C	P
0	0.01768	0.01822	0.01562	0.01311	0.01616	0.30301	0.01038	0.18860	0.04673	0.01989	0.01035	0.01203	0.00839	0.00663	0.00768	0.00162	0.15948	0.00428	0.00363	0.13651
1	0.01242	0.00995	0.01325	0.01058	0.01345	0.01008	0.03757	0.01495	0.02900	0.08774	0.14755	0.01941	0.03582	0.00759	0.00871	0.00161	0.21122	0.00561	0.00404	0.31943
2	0.20852	0.00792	0.00860	0.00768	0.01010	0.00795	0.00606	0.05067	0.01447	0.10826	0.34718	0.03237	0.13147	0.00973	0.00576	0.00179	0.00357	0.02632	0.00545	0.00612
3	0.01315	0.01109	0.01241	0.00963	0.01406	0.01023	0.00766	0.07914	0.23256	0.02128	0.01409	0.01457	0.01104	0.00540	0.00475	0.00122	0.00442	0.00437	0.00423	0.52469
4	0.01316	0.01367	0.02608	0.05939	0.27272	0.01316	0.36528	0.01704	0.01272	0.01790	0.01079	0.01427	0.00856	0.00494	0.00627	0.00171	0.02912	0.00559	0.00286	0.10476
5	0.01400	0.01209	0.01273	0.01145	0.01463	0.01400	0.00891	0.02990	0.75695	0.02354	0.02291	0.02100	0.01718	0.00764	0.00573	0.00191	0.00445	0.00636	0.00573	0.00891
6	0.00796	0.00575	0.00752	0.00708	0.00841	0.00531	0.00531	0.01062	0.01593	0.02257	0.76415	0.04204	0.05310	0.01150	0.00664	0.00177	0.00265	0.01018	0.00619	0.00531
7	0.00771	0.00558	0.00733	0.00756	0.00862	0.00519	0.00561	0.00985	0.01409	0.01946	0.46329	0.25787	0.07122	0.01371	0.00690	0.00200	0.00307	0.08009	0.00579	0.00507
8	0.00791	0.00582	0.00825	0.00825	0.00924	0.00625	0.00622	0.00992	0.01111	0.01578	0.22798	0.10201	0.02754	0.06318	0.45690	0.00620	0.01005	0.00824	0.00414	0.00499
9	0.01835	0.02175	0.01855	0.02205	0.29999	0.49081	0.01328	0.02051	0.01477	0.01551	0.00941	0.01157	0.00788	0.00550	0.00526	0.00153	0.00884	0.00415	0.00286	0.00742
10	0.01650	0.01755	0.01411	0.04529	0.01669	0.30252	0.00993	0.02645	0.44628	0.01947	0.01701	0.01666	0.01303	0.00686	0.00548	0.00173	0.00673	0.00527	0.00453	0.00790
11	0.01129	0.02911	0.77306	0.01604	0.02436	0.01307	0.02079	0.01782	0.01188	0.01782	0.01010	0.01188	0.00713	0.00535	0.00535	0.00178	0.00832	0.00416	0.00238	0.00832
12	0.01989	0.01501	0.01604	0.01264	0.01688	0.01675	0.01033	0.60195	0.17531	0.03304	0.01543	0.01504	0.01112	0.00693	0.00565	0.00173	0.00584	0.00533	0.00565	0.00944
13	0.00809	0.00581	0.00795	0.00795	0.00857	0.00644	0.00567	0.00935	0.00872	0.01225	0.01608	0.02766	0.01648	0.32868	0.49674	0.00769	0.01145	0.00684	0.00316	0.00442
14	0.02125	0.01993	0.01653	0.01353	0.01743	0.30474	0.01076	0.47475	0.02250	0.02729	0.01170	0.01224	0.00870	0.00640	0.00542	0.00160	0.00768	0.00452	0.00460	0.00842
15	0.01400	0.01209	0.01273	0.01145	0.01463	0.01400	0.00891	0.02990	0.75695	0.02354	0.02291	0.02100	0.01718	0.00764	0.00573	0.00191	0.00445	0.00636	0.00573	0.00891
16	0.01244	0.00948	0.01051	0.00995	0.01200	0.02987	0.00743	0.15023	0.20352	0.05088	0.02481	0.40530	0.02534	0.01236	0.00641	0.00204	0.00435	0.01081	0.00543	0.00684
17	0.02022	0.02398	0.01620	0.01433	0.01715	0.60688	0.01099	0.11492	0.01658	0.01654	0.00919	0.01079	0.00756	0.00632	0.00646	0.00158	0.08631	0.00394	0.00321	0.00688
18	0.01549	0.01731	0.01824	0.28083	0.23936	0.30190	0.01431	0.01826	0.01347	0.01530	0.00968	0.01287	0.00781	0.00552	0.00540	0.00166	0.00827	0.00449	0.00273	0.00712
19	0.14333	0.02779	0.01054	0.00860	0.01159	0.05592	0.00677	0.03152	0.07239	0.02134	0.29484	0.02335	0.02547	0.00766	0.00547	0.00151	0.01962	0.00619	0.00461	0.22150

[dist]
# distance from previous block
# <min> <max>
18	52

[block]
# block no. 11 follows, 42 sequences, length 13
# corresponding to MSA columns:
# 568-580
name=unknown_L
#
# <colnr> <probs for GDERKNQSTAVLIFYWHMCP>
#	G	D	E	R	K	N	Q	S	T	A	V	L	I	F	Y	W	H	M	C	P
0	0.01301	0.01261	0.01836	0.34221	0.30122	0.06064	0.01489	0.01837	0.12861	0.01724	0.01215	0.01524	0.00952	0.00573	0.00559	0.00178	0.00689	0.00513	0.00313	0.00766
1	0.01400	0.01209	0.01273	0.01145	0.01463	0.01400	0.00891	0.02990	0.75695	0.02354	0.02291	0.02100	0.01718	0.00764	0.00573	0.00191	0.00445	0.00636	0.00573	0.00891
2	0.00719	0.00572	0.00644	0.00626	0.00793	0.00498	0.00470	0.00911	0.01409	0.01820	0.34488	0.04922	0.47510	0.01313	0.00665	0.00185	0.00277	0.01119	0.00562	0.00498
3	0.00834	0.00645	0.00781	0.00742	0.00909	0.00631	0.00569	0.05691	0.01370	0.01820	0.25812	0.03984	0.31247	0.01994	0.20025	0.00364	0.00607	0.00946	0.00499	0.00530
4	0.00804	0.00603	0.00904	0.00904	0.01005	0.00703	0.00703	0.01005	0.00904	0.01306	0.01507	0.02211	0.01407	0.04221	0.77992	0.00904	0.01507	0.00603	0.00301	0.00502
5	0.01796	0.02102	0.01892	0.02315	0.34097	0.44892	0.01363	0.02023	0.01460	0.01576	0.00951	0.01178	0.00797	0.00546	0.00529	0.00155	0.00865	0.00422	0.00285	0.00756
6	0.00878	0.00768	0.01042	0.01339	0.19818	0.00709	0.00796	0.01091	0.01319	0.01697	0.12628	0.04327	0.44526	0.01170	0.00645	0.00187	0.00394	0.05605	0.00473	0.00589
7	0.01594	0.21589	0.01987	0.01339	0.01558	0.27570	0.01115	0.01738	0.01180	0.01354	0.00794	0.01076	0.00730	0.00722	0.01023	0.00181	0.33135	0.00401	0.00260	0.00655
8	0.01550	0.01579	0.01729	0.02093	0.30239	0.18087	0.01253	0.02346	0.31125	0.01944	0.01510	0.01593	0.01186	0.00623	0.00552	0.00172	0.00655	0.00525	0.00399	0.00839
9	0.01474	0.01279	0.01569	0.01739	0.20339	0.01420	0.01119	0.10069	0.49539	0.02348	0.01885	0.01846	0.01433	0.00689	0.00568	0.00183	0.00519	0.00589	0.00498	0.00898
10	0.01345	0.29308	0.15745	0.01248	0.01636	0.01754	0.01217	0.01905	0.17353	0.01639	0.01142	0.01298	0.00942	0.00679	0.00811	0.00178	0.20293	0.00443	0.00314	0.00752
11	0.01795	0.01812	0.01572	0.01350	0.01632	0.27893	0.01067	0.20423	0.17894	0.02130	0.01276	0.01376	0.01002	0.00720	0.00786	0.00180	0.15424	0.00483	0.00412	0.00774
12	0.01145	0.00944	0.01036	0.00941	0.01190	0.01024	0.00726	0.04625	0.40672	0.02259	0.25662	0.03149	0.12358	0.00965	0.00612	0.00186	0.00375	0.00820	0.00580	0.00728

[dist]
# distance from previous block
# <min> <max>
29	50

[block]
# block no. 12 follows, 42 sequences, length 9
# corresponding to MSA columns:
# 654-662
name=unknown_M
#
# <colnr> <probs for GDERKNQSTAVLIFYWHMCP>
#	G	D	E	R	K	N	Q	S	T	A	V	L	I	F	Y	W	H	M	C	P
0	0.35318	0.01036	0.01027	0.00795	0.01233	0.00961	0.00643	0.01515	0.01081	0.02118	0.00911	0.01063	0.00741	0.00460	0.00389	0.00121	0.00424	0.00322	0.00340	0.49503
1	0.33164	0.01548	0.01206	0.01075	0.01404	0.20325	0.00842	0.06269	0.24829	0.02243	0.01313	0.01338	0.01008	0.00621	0.00470	0.00172	0.00592	0.00435	0.00417	0.00728
2	0.01424	0.01394	0.01203	0.01098	0.01352	0.20105	0.00842	0.06143	0.29495	0.02017	0.14085	0.02616	0.05293	0.05217	0.00713	0.00200	0.00570	0.05037	0.00492	0.00707
3	0.01728	0.01789	0.01690	0.01432	0.01742	0.30569	0.09659	0.02361	0.24363	0.07670	0.01431	0.01504	0.01101	0.00680	0.00704	0.00178	0.09724	0.00513	0.00404	0.00758
4	0.01185	0.01096	0.01638	0.48059	0.09264	0.01326	0.01388	0.01841	0.19586	0.01693	0.01307	0.01622	0.01001	0.00636	0.00651	0.00191	0.05939	0.00533	0.00332	0.00713
5	0.00804	0.00603	0.00904	0.00904	0.01005	0.00703	0.00703	0.01005	0.00904	0.01306	0.01507	0.02211	0.01407	0.04221	0.77992	0.00904	0.01507	0.00603	0.00301	0.00502
6	0.00734	0.00582	0.00712	0.00709	0.00852	0.00569	0.00535	0.00900	0.01137	0.01467	0.08590	0.04033	0.39668	0.06183	0.30234	0.00478	0.00762	0.00936	0.00436	0.00483
7	0.00805	0.00597	0.00873	0.00873	0.00963	0.00687	0.00665	0.00985	0.00895	0.01283	0.01536	0.02368	0.01475	0.12351	0.69955	0.00866	0.01404	0.00626	0.00306	0.00485
8	0.01354	0.01328	0.02039	0.21880	0.50000	0.05962	0.01602	0.01756	0.05350	0.01740	0.01100	0.01435	0.00892	0.00536	0.00556	0.00172	0.00697	0.00500	0.00288	0.00811

[dist]
# distance from previous block
# <min> <max>
5	7

[block]
# block no. 13 follows, 42 sequences, length 10
# corresponding to MSA columns:
# 672-681
name=unknown_N
#
# <colnr> <probs for GDERKNQSTAVLIFYWHMCP>
#	G	D	E	R	K	N	Q	S	T	A	V	L	I	F	Y	W	H	M	C	P
0	0.00973	0.00744	0.00886	0.00809	0.00997	0.00750	0.00618	0.05900	0.14266	0.02301	0.54271	0.03754	0.09367	0.01074	0.00642	0.00180	0.00319	0.00933	0.00601	0.00615
1	0.02102	0.02682	0.01595	0.01450	0.01740	0.77963	0.01087	0.02247	0.01595	0.01377	0.00870	0.01015	0.00725	0.00580	0.00507	0.00145	0.01015	0.00362	0.00290	0.00652
2	0.01791	0.01795	0.01467	0.01281	0.01615	0.28175	0.00995	0.16891	0.35450	0.02248	0.01610	0.01574	0.01222	0.00682	0.00548	0.00171	0.00678	0.00515	0.00472	0.00821
3	0.00792	0.00685	0.00871	0.18764	0.01515	0.00687	0.00720	0.01040	0.03665	0.01573	0.09207	0.09980	0.46033	0.01210	0.00642	0.00192	0.00400	0.01030	0.00468	0.00526
4	0.01132	0.01086	0.01534	0.01345	0.01368	0.01487	0.01109	0.01273	0.00872	0.01343	0.00917	0.01458	0.00894	0.01735	0.19497	0.00399	0.61185	0.00518	0.00259	0.00589
5	0.67240	0.01157	0.01005	0.05095	0.01340	0.01335	0.00731	0.12713	0.01222	0.02620	0.00881	0.01012	0.00670	0.00548	0.00392	0.00174	0.00480	0.00346	0.00375	0.00663
6	0.10938	0.01229	0.01335	0.01008	0.01469	0.01193	0.00822	0.29644	0.01731	0.06112	0.01168	0.01244	0.00882	0.00541	0.00472	0.00131	0.00499	0.00408	0.00440	0.38734
7	0.06342	0.01013	0.01161	0.00854	0.01332	0.00818	0.00685	0.01598	0.04714	0.07146	0.01133	0.01248	0.00901	0.00459	0.00430	0.00100	0.00424	0.00362	0.00371	0.68910
8	0.21950	0.01464	0.01116	0.00996	0.01267	0.26050	0.00768	0.05717	0.01477	0.02090	0.25629	0.02060	0.02216	0.00751	0.00518	0.00161	0.00578	0.00570	0.00429	0.04194
9	0.38959	0.01038	0.01040	0.03695	0.01322	0.01006	0.00683	0.01599	0.01095	0.06323	0.00970	0.01106	0.00760	0.00486	0.00399	0.00134	0.00441	0.00340	0.00357	0.38248

[dist]
# distance from previous block
# <min> <max>
18	49

[block]
# block no. 14 follows, 42 sequences, length 11
# corresponding to MSA columns:
# 742-752
name=unknown_O
#
# <colnr> <probs for GDERKNQSTAVLIFYWHMCP>
#	G	D	E	R	K	N	Q	S	T	A	V	L	I	F	Y	W	H	M	C	P
0	0.01602	0.01507	0.01740	0.01424	0.01787	0.10840	0.12798	0.15868	0.37441	0.02315	0.01680	0.01692	0.01268	0.00690	0.00642	0.00184	0.04634	0.00576	0.00474	0.00839
1	0.00789	0.00586	0.00796	0.00773	0.00898	0.00593	0.00589	0.01019	0.01301	0.01828	0.41568	0.03532	0.09681	0.02362	0.30604	0.00460	0.00748	0.00871	0.00488	0.00515
2	0.01622	0.01319	0.01397	0.01190	0.01548	0.01503	0.00944	0.24549	0.53775	0.02712	0.02009	0.01875	0.01490	0.00737	0.00570	0.00184	0.00498	0.00597	0.00570	0.00911
3	0.00804	0.00603	0.00904	0.00904	0.01005	0.00703	0.00703	0.01005	0.00904	0.01306	0.01507	0.02211	0.01407	0.04221	0.77992	0.00904	0.01507	0.00603	0.00301	0.00502
4	0.01460	0.01480	0.02168	0.03092	0.63068	0.09901	0.01621	0.01759	0.01287	0.01753	0.01015	0.01339	0.00862	0.00544	0.00642	0.00170	0.06231	0.00485	0.00278	0.00845
5	0.00804	0.00603	0.00904	0.00904	0.01005	0.00703	0.00703	0.01005	0.00904	0.01306	0.01507	0.02211	0.01407	0.04221	0.77992	0.00904	0.01507	0.00603	0.00301	0.00502
6	0.02044	0.01529	0.01635	0.01276	0.01709	0.01701	0.01047	0.65555	0.12082	0.03393	0.01472	0.01448	0.01055	0.00687	0.00564	0.00172	0.00597	0.00523	0.00564	0.00948
7	0.02139	0.01576	0.01689	0.01295	0.01745	0.01745	0.01070	0.74835	0.02646	0.03547	0.01351	0.01351	0.00957	0.00676	0.00563	0.00169	0.00619	0.00507	0.00563	0.00957
8	0.01536	0.01277	0.01349	0.01173	0.01515	0.01463	0.00924	0.16224	0.62240	0.02574	0.02117	0.01962	0.01578	0.00747	0.00571	0.00187	0.00477	0.00612	0.00571	0.00903
9	0.01576	0.01296	0.01372	0.01181	0.01530	0.01482	0.00933	0.20099	0.58300	0.02638	0.02067	0.01921	0.01537	0.00743	0.00570	0.00186	0.00487	0.00605	0.00570	0.00907
10	0.01672	0.01779	0.01397	0.01263	0.01570	0.31044	0.00967	0.02703	0.47005	0.01976	0.01740	0.01680	0.01333	0.00692	0.00547	0.00173	0.00666	0.00530	0.00463	0.00798

[dist]
# distance from previous block
# <min> <max>
13	22

[block]
# block no. 15 follows, 42 sequences, length 6
# corresponding to MSA columns:
# 780-785
name=unknown_P
#
# <colnr> <probs for GDERKNQSTAVLIFYWHMCP>
#	G	D	E	R	K	N	Q	S	T	A	V	L	I	F	Y	W	H	M	C	P
0	0.01338	0.00995	0.01185	0.00855	0.01347	0.00760	0.00687	0.01584	0.01223	0.11332	0.01154	0.01261	0.00904	0.00452	0.00436	0.00095	0.00425	0.00363	0.00379	0.73226
1	0.00818	0.00546	0.00614	0.00614	0.00614	0.00546	0.00341	0.00818	0.00818	0.01091	0.01773	0.03683	0.02046	0.80222	0.02864	0.00546	0.00546	0.00818	0.00341	0.00341
2	0.01167	0.01000	0.01167	0.00834	0.01334	0.00750	0.00667	0.01417	0.01167	0.01834	0.01000	0.01167	0.00834	0.00417	0.00417	0.00083	0.00417	0.00333	0.00333	0.83663
3	0.00972	0.00763	0.00903	0.00855	0.01033	0.00795	0.00643	0.01633	0.24817	0.02183	0.43780	0.13179	0.03979	0.01107	0.00642	0.00188	0.00330	0.00972	0.00592	0.00635
4	0.01505	0.80561	0.02949	0.00963	0.01444	0.02227	0.00963	0.01685	0.01143	0.01324	0.00782	0.00903	0.00722	0.00481	0.00361	0.00120	0.00602	0.00301	0.00241	0.00722
5	0.84197	0.01088	0.00827	0.00740	0.01088	0.01262	0.00609	0.01654	0.00958	0.02525	0.00784	0.00914	0.00609	0.00522	0.00348	0.00174	0.00435	0.00305	0.00348	0.00609

[dist]
# distance from previous block
# <min> <max>
5	8

[block]
# block no. 16 follows, 42 sequences, length 17
# corresponding to MSA columns:
# 795-811
name=unknown_Q
#
# <colnr> <probs for GDERKNQSTAVLIFYWHMCP>
#	G	D	E	R	K	N	Q	S	T	A	V	L	I	F	Y	W	H	M	C	P
0	0.01892	0.25116	0.02022	0.01414	0.05579	0.52067	0.01085	0.02058	0.01448	0.01386	0.00854	0.01002	0.00733	0.00547	0.00468	0.00139	0.00877	0.00352	0.00275	0.00685
1	0.42065	0.01209	0.01180	0.00965	0.01356	0.01328	0.00793	0.22659	0.05308	0.16244	0.01279	0.01278	0.00905	0.00609	0.00460	0.00173	0.00496	0.00426	0.00483	0.00785
2	0.02107	0.02528	0.01608	0.01428	0.01741	0.67344	0.01085	0.12361	0.01741	0.01680	0.00937	0.01062	0.00757	0.00593	0.00515	0.00148	0.00960	0.00383	0.00328	0.00695
3	0.01167	0.01000	0.01167	0.00834	0.01334	0.00750	0.00667	0.01417	0.01167	0.01834	0.01000	0.01167	0.00834	0.00417	0.00417	0.00083	0.00417	0.00333	0.00333	0.83663
4	0.01167	0.01000	0.01167	0.00834	0.01334	0.00750	0.00667	0.01417	0.01167	0.01834	0.01000	0.01167	0.00834	0.00417	0.00417	0.00083	0.00417	0.00333	0.00333	0.83663
5	0.01295	0.01420	0.02960	0.14128	0.11049	0.01388	0.55669	0.01739	0.01292	0.01751	0.01109	0.01502	0.00842	0.00491	0.00637	0.00187	0.00888	0.00622	0.00279	0.00753
6	0.01118	0.01057	0.01788	0.66188	0.16124	0.01265	0.01591	0.01487	0.01152	0.01505	0.01010	0.01482	0.00774	0.00552	0.00562	0.00184	0.00736	0.00500	0.00255	0.00670
7	0.00768	0.00553	0.00726	0.00728	0.00834	0.00512	0.00529	0.00990	0.01459	0.02043	0.57344	0.23883	0.04897	0.01310	0.00678	0.00190	0.00281	0.01169	0.00594	0.00512
8	0.01444	0.67959	0.15016	0.01067	0.01605	0.02077	0.01144	0.01701	0.01151	0.01398	0.00819	0.00949	0.00721	0.00490	0.00389	0.00130	0.00639	0.00320	0.00240	0.00740
9	0.01421	0.63382	0.19399	0.01105	0.01664	0.02023	0.01210	0.01707	0.01153	0.01425	0.00833	0.00966	0.00720	0.00493	0.00399	0.00133	0.00653	0.00326	0.00240	0.00746
10	0.00686	0.00490	0.00653	0.00784	0.00816	0.00457	0.00522	0.00784	0.01077	0.01437	0.03102	0.79855	0.03722	0.01763	0.00718	0.00229	0.00326	0.01600	0.00522	0.00457
11	0.00907	0.00648	0.00907	0.01036	0.01166	0.00648	0.00907	0.01166	0.01296	0.01684	0.02980	0.06348	0.03239	0.01555	0.00777	0.00259	0.00518	0.72924	0.00518	0.00518
12	0.01640	0.01372	0.02797	0.02015	0.02550	0.01268	0.55460	0.02047	0.01402	0.21390	0.01420	0.01621	0.00994	0.00532	0.00639	0.00186	0.00827	0.00639	0.00392	0.00811
13	0.01907	0.01461	0.01558	0.01248	0.01657	0.01637	0.01014	0.52302	0.25557	0.03173	0.01646	0.01586	0.01196	0.00703	0.00566	0.00176	0.00565	0.00547	0.00566	0.00936
14	0.00800	0.00538	0.00619	0.00637	0.00642	0.00533	0.00366	0.00814	0.00854	0.01139	0.01957	0.14194	0.02277	0.69395	0.02568	0.00502	0.00515	0.00926	0.00366	0.00357
15	0.75764	0.01106	0.00895	0.00782	0.01139	0.01263	0.00644	0.05336	0.01076	0.06566	0.00889	0.00989	0.00669	0.00539	0.00371	0.00174	0.00447	0.00329	0.00378	0.00645
