[name]
unknown

[dist]
# distance from previous block
# <min> <max>
0	148

[block]
# block no. 0 follows, 45 sequences, length 110
# corresponding to MSA columns:
# 163-272
name=unknown_A
#
# <colnr> <probs for GDERKNQSTAVLIFYWHMCP>
#	G	D	E	R	K	N	Q	S	T	A	V	L	I	F	Y	W	H	M	C	P
0	0.00944	0.00805	0.01245	0.03642	0.01340	0.00832	0.13028	0.01287	0.10382	0.03128	0.04931	0.39270	0.02432	0.05832	0.00844	0.00220	0.06372	0.01049	0.00433	0.01987
1	0.01009	0.00738	0.00850	0.00783	0.00939	0.02325	0.02022	0.11767	0.01351	0.01882	0.14154	0.16941	0.14552	0.05396	0.00787	0.03412	0.03294	0.00870	0.16398	0.00532
2	0.01390	0.01240	0.01771	0.06186	0.01808	0.03411	0.15269	0.19503	0.01433	0.03398	0.05022	0.01509	0.02289	0.00782	0.02521	0.01558	0.22118	0.00528	0.00355	0.07908
3	0.00993	0.00777	0.02388	0.05523	0.01181	0.00798	0.02148	0.02937	0.11044	0.06156	0.03715	0.20736	0.13554	0.09996	0.05137	0.00264	0.06205	0.02248	0.03641	0.00559
4	0.01451	0.00842	0.00972	0.00825	0.01094	0.00842	0.00654	0.12361	0.11528	0.20446	0.14338	0.02534	0.10488	0.00809	0.00531	0.00161	0.00374	0.00668	0.18383	0.00700
5	0.01601	0.04351	0.09418	0.02702	0.06409	0.21774	0.01166	0.20776	0.02843	0.01928	0.01006	0.01210	0.00811	0.00811	0.04724	0.00203	0.15219	0.00433	0.00334	0.02283
6	0.41377	0.01161	0.01146	0.00927	0.01307	0.01266	0.00765	0.25583	0.01557	0.18374	0.01204	0.01203	0.00842	0.00579	0.00441	0.00164	0.00480	0.00404	0.00466	0.00756
7	0.00767	0.00575	0.00863	0.00863	0.00959	0.00671	0.00671	0.00959	0.00863	0.01246	0.01438	0.02109	0.01342	0.04026	0.79008	0.00863	0.01438	0.00575	0.00288	0.00479
8	0.00718	0.00513	0.00697	0.00821	0.00880	0.00491	0.00610	0.00859	0.01091	0.01442	0.02923	0.57982	0.03410	0.01621	0.00702	0.00227	0.00367	0.23694	0.00497	0.00454
9	0.00653	0.00545	0.00570	0.00564	0.00737	0.00461	0.00423	0.00807	0.01268	0.01556	0.16267	0.04992	0.66674	0.01320	0.00634	0.00179	0.00269	0.01109	0.00512	0.00461
10	0.00665	0.00545	0.00586	0.00576	0.00744	0.00466	0.00432	0.00830	0.01296	0.01623	0.23149	0.04882	0.59750	0.01295	0.00634	0.00178	0.00267	0.01093	0.00521	0.00466
11	0.01105	0.00622	0.00825	0.00739	0.00922	0.00563	0.00566	0.01340	0.01497	0.18307	0.57429	0.07675	0.04187	0.01037	0.00616	0.00171	0.00300	0.00909	0.00602	0.00589
12	0.03328	0.10102	0.01677	0.01255	0.01455	0.09041	0.01045	0.20496	0.01359	0.01847	0.00923	0.01209	0.00797	0.00982	0.06574	0.00236	0.36229	0.00445	0.00321	0.00677
13	0.01094	0.06557	0.74725	0.01501	0.02278	0.01289	0.01932	0.01696	0.01131	0.01679	0.00953	0.01120	0.00680	0.00508	0.00502	0.00167	0.00783	0.00391	0.00227	0.00788
14	0.01470	0.47884	0.08727	0.01451	0.13550	0.10356	0.03677	0.04578	0.01224	0.01479	0.00847	0.01005	0.00727	0.00484	0.00420	0.00133	0.00657	0.00352	0.00254	0.00725
15	0.01388	0.25582	0.01657	0.00990	0.01332	0.01457	0.00833	0.02280	0.41073	0.07425	0.08937	0.01833	0.01654	0.00677	0.00492	0.00159	0.00456	0.00539	0.00462	0.00772
16	0.01206	0.01501	0.20142	0.01052	0.01592	0.05085	0.02716	0.01561	0.02556	0.04462	0.01017	0.01160	0.00796	0.00450	0.00443	0.00112	0.00540	0.00359	0.00309	0.52941
17	0.01438	0.00959	0.01155	0.00846	0.01305	0.00762	0.00683	0.03085	0.02688	0.19652	0.01256	0.01300	0.00938	0.00471	0.00436	0.00103	0.00416	0.00379	0.00407	0.61720
18	0.72711	0.01262	0.00897	0.00806	0.01130	0.12662	0.00648	0.01661	0.01003	0.02247	0.00760	0.00886	0.00598	0.00506	0.00355	0.00162	0.00497	0.00299	0.00324	0.00587
19	0.01433	0.01153	0.01490	0.04678	0.21869	0.01257	0.01081	0.02450	0.45919	0.09972	0.01817	0.01783	0.01361	0.00648	0.00541	0.00174	0.00496	0.00561	0.00472	0.00847
20	0.00731	0.00548	0.00678	0.00645	0.00784	0.00494	0.00484	0.00958	0.01452	0.01992	0.61039	0.04274	0.21630	0.01157	0.00633	0.00172	0.00258	0.01008	0.00570	0.00494
21	0.00668	0.00529	0.00602	0.00619	0.00755	0.00462	0.00451	0.00823	0.01252	0.01601	0.22092	0.21004	0.44509	0.01366	0.00645	0.00186	0.00276	0.01178	0.00520	0.00462
22	0.00781	0.00520	0.00585	0.00585	0.00585	0.00520	0.00325	0.00781	0.00781	0.01041	0.01691	0.03513	0.01952	0.81135	0.02732	0.00520	0.00520	0.00781	0.00325	0.00325
23	0.02005	0.02558	0.01521	0.01383	0.01659	0.78980	0.01037	0.02143	0.01521	0.01314	0.00830	0.00968	0.00691	0.00553	0.00484	0.00138	0.00968	0.00346	0.00277	0.00622
24	0.02330	0.01039	0.01324	0.01015	0.01433	0.00976	0.00838	0.18253	0.01747	0.62224	0.01941	0.01712	0.01240	0.00660	0.00539	0.00165	0.00485	0.00528	0.00637	0.00913
25	0.02041	0.01504	0.01611	0.01235	0.01665	0.01665	0.01020	0.75997	0.02524	0.03383	0.01289	0.01289	0.00913	0.00644	0.00537	0.00161	0.00591	0.00483	0.00537	0.00913
26	0.00760	0.00549	0.00718	0.00675	0.00802	0.00506	0.00506	0.01013	0.01519	0.02153	0.77503	0.04010	0.05065	0.01097	0.00633	0.00169	0.00253	0.00971	0.00591	0.00506
27	0.00902	0.00791	0.00935	0.00919	0.01035	0.09212	0.00711	0.01088	0.00935	0.01253	0.01371	0.01984	0.01271	0.03647	0.70444	0.00784	0.01387	0.00550	0.00286	0.00495
28	0.01329	0.01275	0.02179	0.03295	0.77787	0.01275	0.01647	0.01647	0.01222	0.01754	0.01010	0.01329	0.00850	0.00478	0.00531	0.00159	0.00638	0.00478	0.00266	0.00850
29	0.00654	0.00467	0.00623	0.00747	0.00779	0.00436	0.00498	0.00747	0.01028	0.01370	0.02959	0.80785	0.03550	0.01682	0.00685	0.00218	0.00311	0.01526	0.00498	0.00436
30	0.84927	0.01038	0.00789	0.00706	0.01038	0.01204	0.00581	0.01578	0.00914	0.02408	0.00747	0.00872	0.00581	0.00498	0.00332	0.00166	0.00415	0.00291	0.00332	0.00581
31	0.02041	0.01504	0.01611	0.01235	0.01665	0.01665	0.01020	0.75997	0.02524	0.03383	0.01289	0.01289	0.00913	0.00644	0.00537	0.00161	0.00591	0.00483	0.00537	0.00913
32	0.01095	0.04806	0.72732	0.01549	0.02321	0.01275	0.05503	0.01698	0.01139	0.01689	0.00963	0.01141	0.00687	0.00506	0.00512	0.00169	0.00793	0.00405	0.00229	0.00787
33	0.01014	0.00954	0.01610	0.79845	0.03697	0.01193	0.01491	0.01371	0.01073	0.01371	0.00954	0.01431	0.00716	0.00537	0.00537	0.00179	0.00716	0.00477	0.00239	0.00596
34	0.01165	0.01185	0.01844	0.01517	0.01607	0.01539	0.13360	0.01336	0.00905	0.01366	0.00875	0.05044	0.00859	0.00895	0.01525	0.00225	0.63349	0.00547	0.00254	0.00602
35	0.00767	0.00575	0.00863	0.00863	0.00959	0.00671	0.00671	0.00959	0.00863	0.01246	0.01438	0.02109	0.01342	0.04026	0.79008	0.00863	0.01438	0.00575	0.00288	0.00479
36	0.01329	0.01275	0.02179	0.03295	0.77787	0.01275	0.01647	0.01647	0.01222	0.01754	0.01010	0.01329	0.00850	0.00478	0.00531	0.00159	0.00638	0.00478	0.00266	0.00850
37	0.00634	0.00544	0.00544	0.00544	0.00725	0.00453	0.00408	0.00770	0.01224	0.01450	0.05438	0.05166	0.77569	0.01359	0.00634	0.00181	0.00272	0.01133	0.00498	0.00453
38	0.02005	0.02558	0.01521	0.01383	0.01659	0.78980	0.01037	0.02143	0.01521	0.01314	0.00830	0.00968	0.00691	0.00553	0.00484	0.00138	0.00968	0.00346	0.00277	0.00622
39	0.02136	0.00894	0.01185	0.00936	0.01311	0.00805	0.00763	0.02462	0.08031	0.63318	0.10346	0.02080	0.01763	0.00717	0.00551	0.00168	0.00432	0.00593	0.00646	0.00864
40	0.01174	0.01174	0.01644	0.01409	0.01409	0.01644	0.01174	0.01292	0.00822	0.01292	0.00705	0.01174	0.00705	0.00940	0.01762	0.00235	0.80153	0.00470	0.00235	0.00587
41	0.01329	0.01275	0.02179	0.03295	0.77787	0.01275	0.01647	0.01647	0.01222	0.01754	0.01010	0.01329	0.00850	0.00478	0.00531	0.00159	0.00638	0.00478	0.00266	0.00850
42	0.01948	0.01457	0.01559	0.01216	0.01629	0.01621	0.00998	0.66372	0.12299	0.03233	0.01407	0.01383	0.01008	0.00655	0.00538	0.00164	0.00569	0.00500	0.00538	0.00905
43	0.02408	0.00914	0.01246	0.00955	0.01370	0.00789	0.00789	0.02616	0.01536	0.78158	0.02118	0.01827	0.01329	0.00664	0.00540	0.00166	0.00457	0.00540	0.00664	0.00914
44	0.01430	0.05773	0.06162	0.01395	0.01584	0.26276	0.04725	0.01606	0.01101	0.01339	0.00819	0.01153	0.00738	0.00909	0.05291	0.00225	0.38177	0.00430	0.00252	0.00616
45	0.00778	0.00532	0.00645	0.00645	0.00665	0.00552	0.00399	0.00819	0.00798	0.01085	0.01637	0.03214	0.01822	0.64704	0.18986	0.00593	0.00716	0.00737	0.00317	0.00358
46	0.00760	0.00549	0.00718	0.00675	0.00802	0.00506	0.00506	0.01013	0.01519	0.02153	0.77503	0.04010	0.05065	0.01097	0.00633	0.00169	0.00253	0.00971	0.00591	0.00506
47	0.01174	0.01174	0.01644	0.01409	0.01409	0.01644	0.01174	0.01292	0.00822	0.01292	0.00705	0.01174	0.00705	0.00940	0.01762	0.00235	0.80153	0.00470	0.00235	0.00587
48	0.01186	0.01178	0.01701	0.04154	0.09814	0.01589	0.01236	0.01333	0.00874	0.01345	0.00746	0.01200	0.00721	0.00876	0.01588	0.00225	0.68909	0.00471	0.00238	0.00616
49	0.00654	0.00467	0.00623	0.00747	0.00779	0.00436	0.00498	0.00747	0.01028	0.01370	0.02959	0.80785	0.03550	0.01682	0.00685	0.00218	0.00311	0.01526	0.00498	0.00436
50	0.00711	0.00511	0.00674	0.00709	0.00791	0.00474	0.00503	0.00890	0.01292	0.01791	0.43045	0.39499	0.04365	0.01367	0.00657	0.00192	0.00280	0.01227	0.00548	0.00474
51	0.01715	0.01203	0.01511	0.18017	0.04874	0.05450	0.01097	0.17537	0.05831	0.22579	0.01365	0.01472	0.00978	0.00667	0.00728	0.00178	0.13094	0.00495	0.00436	0.00773
52	0.00739	0.00548	0.00689	0.00654	0.00789	0.00498	0.00490	0.00973	0.01471	0.02038	0.65767	0.04198	0.16873	0.01140	0.00633	0.00171	0.00256	0.00997	0.00576	0.00498
53	0.01751	0.38743	0.02143	0.01128	0.01531	0.22431	0.00978	0.21977	0.01595	0.01853	0.00916	0.01006	0.00750	0.00535	0.00434	0.00134	0.00683	0.00356	0.00326	0.00732
54	0.01326	0.01078	0.01442	0.01177	0.01366	0.01270	0.00972	0.01490	0.01001	0.11950	0.00967	0.01247	0.00815	0.00752	0.01216	0.00182	0.47126	0.00437	0.00317	0.23869
55	0.01343	0.04856	0.08904	0.02826	0.58736	0.01300	0.05256	0.01731	0.04112	0.04218	0.01079	0.01339	0.00872	0.00495	0.00527	0.00161	0.00648	0.00477	0.00285	0.00834
56	0.01610	0.57349	0.02422	0.01055	0.01464	0.23073	0.00954	0.04161	0.01255	0.01345	0.00787	0.00904	0.00697	0.00491	0.00389	0.00123	0.00682	0.00309	0.00252	0.00678
57	0.84927	0.01038	0.00789	0.00706	0.01038	0.01204	0.00581	0.01578	0.00914	0.02408	0.00747	0.00872	0.00581	0.00498	0.00332	0.00166	0.00415	0.00291	0.00332	0.00581
58	0.01257	0.01519	0.07212	0.02223	0.02779	0.01352	0.71864	0.01718	0.01260	0.01718	0.01079	0.01431	0.00807	0.00456	0.00627	0.00180	0.00899	0.00621	0.00269	0.00728
59	0.00661	0.00545	0.00581	0.00572	0.00741	0.00465	0.00429	0.00822	0.01287	0.01600	0.20795	0.04920	0.62119	0.01304	0.00634	0.00179	0.00268	0.01098	0.00518	0.00465
60	0.01390	0.01362	0.02476	0.08778	0.10719	0.01377	0.41346	0.17083	0.01493	0.02019	0.01239	0.01513	0.03312	0.00545	0.00624	0.00176	0.02882	0.00584	0.00330	0.00754
61	0.00654	0.00467	0.00623	0.00747	0.00779	0.00436	0.00498	0.00747	0.01028	0.01370	0.02959	0.80785	0.03550	0.01682	0.00685	0.00218	0.00311	0.01526	0.00498	0.00436
62	0.01153	0.01096	0.01861	0.46096	0.36362	0.01229	0.01560	0.01493	0.01139	0.01540	0.00979	0.01386	0.00775	0.00511	0.00534	0.00170	0.00681	0.00478	0.00251	0.00708
63	0.01245	0.01190	0.02027	0.23725	0.58013	0.01253	0.01606	0.01574	0.01183	0.01652	0.00995	0.01356	0.00814	0.00494	0.00533	0.00165	0.00658	0.00478	0.00258	0.00782
64	0.01706	0.01292	0.01981	0.04794	0.16410	0.01295	0.18113	0.25004	0.01683	0.15862	0.01307	0.01425	0.00939	0.00555	0.00551	0.00162	0.00642	0.00517	0.00425	0.05338
65	0.00660	0.00472	0.00628	0.00744	0.00780	0.00440	0.00499	0.00762	0.01054	0.01412	0.06969	0.76655	0.03632	0.01650	0.00682	0.00215	0.00308	0.01496	0.00503	0.00440
66	0.01287	0.01265	0.02180	0.06990	0.52911	0.01324	0.11093	0.01649	0.04068	0.01697	0.01028	0.01358	0.00853	0.00538	0.00680	0.00172	0.09341	0.00502	0.00272	0.00792
67	0.01001	0.00500	0.00500	0.00500	0.00625	0.00500	0.00375	0.01251	0.01126	0.02001	0.01751	0.02001	0.01376	0.00625	0.00375	0.00125	0.00250	0.00500	0.84115	0.00500
68	0.01435	0.81458	0.02813	0.00918	0.01378	0.02124	0.00918	0.01607	0.01091	0.01263	0.00746	0.00861	0.00689	0.00459	0.00344	0.00115	0.00574	0.00287	0.00230	0.00689
69	0.84927	0.01038	0.00789	0.00706	0.01038	0.01204	0.00581	0.01578	0.00914	0.02408	0.00747	0.00872	0.00581	0.00498	0.00332	0.00166	0.00415	0.00291	0.00332	0.00581
70	0.00634	0.00544	0.00544	0.00544	0.00725	0.00453	0.00408	0.00770	0.01224	0.01450	0.05438	0.05166	0.77569	0.01359	0.00634	0.00181	0.00272	0.01133	0.00498	0.00453
71	0.00791	0.00599	0.00861	0.00849	0.00924	0.00700	0.00644	0.00949	0.00848	0.01216	0.01438	0.02279	0.01403	0.15974	0.62869	0.00775	0.05528	0.00602	0.00291	0.00461
72	0.00767	0.00575	0.00863	0.00863	0.00959	0.00671	0.00671	0.00959	0.00863	0.01246	0.01438	0.02109	0.01342	0.04026	0.79008	0.00863	0.01438	0.00575	0.00288	0.00479
73	0.01113	0.00954	0.01113	0.00795	0.01272	0.00716	0.00636	0.01352	0.01113	0.01749	0.00954	0.01113	0.00795	0.00398	0.00398	0.00080	0.00398	0.00318	0.00318	0.84417
74	0.01866	0.02144	0.01465	0.01305	0.01604	0.53999	0.00995	0.10352	0.17676	0.01738	0.01169	0.01224	0.00917	0.00600	0.00503	0.00150	0.00811	0.00416	0.00362	0.00702
75	0.00653	0.00471	0.00619	0.00738	0.00776	0.00437	0.00494	0.00749	0.01037	0.01374	0.03078	0.77152	0.07106	0.01666	0.00683	0.00216	0.00310	0.01507	0.00498	0.00437
76	0.00781	0.00520	0.00585	0.00585	0.00585	0.00520	0.00325	0.00781	0.00781	0.01041	0.01691	0.03513	0.01952	0.81135	0.02732	0.00520	0.00520	0.00781	0.00325	0.00325
77	0.01335	0.01153	0.01214	0.01092	0.01396	0.01335	0.00850	0.02852	0.76817	0.02245	0.02185	0.02003	0.01639	0.00728	0.00546	0.00182	0.00425	0.00607	0.00546	0.00850
78	0.00767	0.00515	0.00590	0.00603	0.00607	0.00511	0.00344	0.00777	0.00808	0.01077	0.01830	0.11941	0.02126	0.72469	0.02509	0.00487	0.00498	0.00862	0.00344	0.00337
79	0.00767	0.00575	0.00863	0.00863	0.00959	0.00671	0.00671	0.00959	0.00863	0.01246	0.01438	0.02109	0.01342	0.04026	0.79008	0.00863	0.01438	0.00575	0.00288	0.00479
80	0.00746	0.00548	0.00699	0.00661	0.00794	0.00501	0.00496	0.00987	0.01487	0.02076	0.69643	0.04136	0.12973	0.01126	0.00633	0.00170	0.00255	0.00988	0.00581	0.00501
81	0.01435	0.81458	0.02813	0.00918	0.01378	0.02124	0.00918	0.01607	0.01091	0.01263	0.00746	0.00861	0.00689	0.00459	0.00344	0.00115	0.00574	0.00287	0.00230	0.00689
82	0.02041	0.01504	0.01611	0.01235	0.01665	0.01665	0.01020	0.75997	0.02524	0.03383	0.01289	0.01289	0.00913	0.00644	0.00537	0.00161	0.00591	0.00483	0.00537	0.00913
83	0.01294	0.01118	0.01175	0.01060	0.01357	0.01284	0.00824	0.02731	0.72416	0.02199	0.02374	0.02187	0.06059	0.00765	0.00551	0.00182	0.00416	0.00638	0.00543	0.00827
84	0.02007	0.01487	0.01592	0.01228	0.01652	0.01649	0.01012	0.72483	0.06093	0.03328	0.01332	0.01323	0.00948	0.00648	0.00537	0.00162	0.00583	0.00489	0.00537	0.00910
85	0.01991	0.02528	0.01514	0.01377	0.01654	0.77288	0.01033	0.02159	0.03162	0.01334	0.00859	0.00991	0.00712	0.00557	0.00485	0.00139	0.00956	0.00351	0.00282	0.00627
86	0.01031	0.00987	0.01699	0.65015	0.03353	0.01206	0.07418	0.01374	0.01064	0.01389	0.00975	0.01452	0.00755	0.00731	0.04606	0.00217	0.05392	0.00494	0.00243	0.00600
87	0.00654	0.00467	0.00623	0.00747	0.00779	0.00436	0.00498	0.00747	0.01028	0.01370	0.02959	0.80785	0.03550	0.01682	0.00685	0.00218	0.00311	0.01526	0.00498	0.00436
88	0.01022	0.00966	0.01612	0.75626	0.03574	0.01217	0.01474	0.01367	0.01060	0.01367	0.00941	0.01417	0.00715	0.00558	0.00603	0.00182	0.04989	0.00477	0.00238	0.00596
89	0.02041	0.01504	0.01611	0.01235	0.01665	0.01665	0.01020	0.75997	0.02524	0.03383	0.01289	0.01289	0.00913	0.00644	0.00537	0.00161	0.00591	0.00483	0.00537	0.00913
90	0.00648	0.00544	0.00563	0.00558	0.00733	0.00459	0.00419	0.00797	0.01256	0.01527	0.13298	0.05040	0.69661	0.01331	0.00634	0.00180	0.00270	0.01115	0.00509	0.00459
91	0.01497	0.72853	0.02672	0.00969	0.01408	0.10506	0.00931	0.01666	0.01138	0.01268	0.00755	0.00873	0.00689	0.00469	0.00360	0.00117	0.00617	0.00293	0.00235	0.00682
92	0.00767	0.00575	0.00863	0.00863	0.00959	0.00671	0.00671	0.00959	0.00863	0.01246	0.01438	0.02109	0.01342	0.04026	0.79008	0.00863	0.01438	0.00575	0.00288	0.00479
93	0.00767	0.00575	0.00863	0.00863	0.00959	0.00671	0.00671	0.00959	0.00863	0.01246	0.01438	0.02109	0.01342	0.04026	0.79008	0.00863	0.01438	0.00575	0.00288	0.00479
94	0.02041	0.01504	0.01611	0.01235	0.01665	0.01665	0.01020	0.75997	0.02524	0.03383	0.01289	0.01289	0.00913	0.00644	0.00537	0.00161	0.00591	0.00483	0.00537	0.00913
95	0.00704	0.00520	0.00676	0.00753	0.00832	0.00466	0.00513	0.00813	0.01037	0.01412	0.02740	0.72095	0.03250	0.01542	0.00654	0.00203	0.00321	0.01394	0.00479	0.09596
96	0.01113	0.00954	0.01113	0.00795	0.01272	0.00716	0.00636	0.01352	0.01113	0.01749	0.00954	0.01113	0.00795	0.00398	0.00398	0.00080	0.00398	0.00318	0.00318	0.84417
97	0.00691	0.00527	0.00636	0.00649	0.00770	0.00471	0.00471	0.00866	0.01298	0.01722	0.34777	0.23526	0.28987	0.01331	0.00647	0.00185	0.00274	0.01163	0.00537	0.00471
98	0.01014	0.00954	0.01610	0.79845	0.03697	0.01193	0.01491	0.01371	0.01073	0.01371	0.00954	0.01431	0.00716	0.00537	0.00537	0.00179	0.00716	0.00477	0.00239	0.00596
99	0.00648	0.00544	0.00563	0.00558	0.00733	0.00459	0.00419	0.00797	0.01256	0.01527	0.13298	0.05040	0.69661	0.01331	0.00634	0.00180	0.00270	0.01115	0.00509	0.00459
100	0.00775	0.00518	0.00587	0.00593	0.00595	0.00516	0.00334	0.00779	0.00792	0.01057	0.01752	0.07225	0.02028	0.77318	0.02634	0.00506	0.00510	0.00816	0.00334	0.00331
101	0.00698	0.00546	0.00633	0.00611	0.00764	0.00480	0.00458	0.00894	0.01375	0.01809	0.42267	0.04575	0.40516	0.01226	0.00634	0.00175	0.00262	0.01050	0.00546	0.00480
102	0.01642	0.01308	0.01311	0.01077	0.01397	0.09723	0.00860	0.38135	0.09207	0.05580	0.21697	0.02069	0.02082	0.00764	0.00558	0.00163	0.00521	0.00612	0.00529	0.00767
103	0.84927	0.01038	0.00789	0.00706	0.01038	0.01204	0.00581	0.01578	0.00914	0.02408	0.00747	0.00872	0.00581	0.00498	0.00332	0.00166	0.00415	0.00291	0.00332	0.00581
104	0.01129	0.05030	0.06083	0.22568	0.02068	0.01393	0.02659	0.02763	0.03904	0.01451	0.01131	0.01477	0.04887	0.00754	0.01068	0.00195	0.35792	0.00495	0.00272	0.04880
105	0.01811	0.09541	0.03292	0.01418	0.06975	0.32892	0.01081	0.24098	0.05665	0.02014	0.01038	0.01149	0.00819	0.00597	0.00568	0.00153	0.05373	0.00413	0.00360	0.00745
106	0.01001	0.00500	0.00500	0.00500	0.00625	0.00500	0.00375	0.01251	0.01126	0.02001	0.01751	0.02001	0.01376	0.00625	0.00375	0.00125	0.00250	0.00500	0.84115	0.00500
107	0.01913	0.02171	0.01476	0.01295	0.01600	0.55310	0.00993	0.17835	0.04599	0.01798	0.01227	0.01302	0.04910	0.00623	0.00506	0.00147	0.00829	0.00427	0.00354	0.00684
108	0.01242	0.39147	0.43435	0.01247	0.01886	0.01652	0.01491	0.01657	0.01114	0.01498	0.00863	0.01007	0.00684	0.00487	0.00433	0.00144	0.00692	0.00346	0.00228	0.00745
109	0.01320	0.56110	0.27149	0.01115	0.01682	0.01841	0.01262	0.01637	0.01104	0.01404	0.00816	0.00949	0.00686	0.00476	0.00398	0.00133	0.00645	0.00322	0.00229	0.00723

[dist]
# distance from previous block
# <min> <max>
12	17

[block]
# block no. 1 follows, 45 sequences, length 8
# corresponding to MSA columns:
# 290-297
name=unknown_B
#
# <colnr> <probs for GDERKNQSTAVLIFYWHMCP>
#	G	D	E	R	K	N	Q	S	T	A	V	L	I	F	Y	W	H	M	C	P
0	0.01391	0.35554	0.33208	0.01249	0.01811	0.15412	0.01371	0.01740	0.01184	0.01449	0.00849	0.00990	0.00686	0.00496	0.00436	0.00141	0.00733	0.00342	0.00237	0.00719
1	0.01599	0.30498	0.07171	0.01194	0.01559	0.13715	0.01078	0.19581	0.01458	0.01816	0.00897	0.01055	0.00745	0.00607	0.00675	0.00155	0.14780	0.00383	0.00312	0.00722
2	0.01498	0.01287	0.01226	0.01072	0.01364	0.12842	0.00835	0.12023	0.37388	0.07278	0.15230	0.02098	0.01989	0.00752	0.00551	0.00169	0.00500	0.00612	0.00520	0.00767
3	0.60726	0.00874	0.00741	0.00718	0.00964	0.00984	0.00557	0.01339	0.00946	0.02110	0.01382	0.23821	0.01434	0.00838	0.00434	0.00181	0.00385	0.00645	0.00380	0.00540
4	0.01078	0.15090	0.01368	0.01070	0.06206	0.01074	0.00807	0.10965	0.01164	0.01577	0.01434	0.10355	0.01379	0.02455	0.40925	0.00520	0.00996	0.00610	0.00332	0.00593
5	0.01544	0.01462	0.01489	0.15199	0.01882	0.18167	0.01078	0.25213	0.01582	0.01985	0.01209	0.09942	0.01082	0.00772	0.00760	0.00179	0.14838	0.00564	0.00370	0.00684
6	0.01081	0.01021	0.01625	0.31845	0.20579	0.01223	0.01321	0.01336	0.01042	0.01444	0.01170	0.11780	0.01118	0.00772	0.00854	0.00193	0.20069	0.00614	0.00278	0.00634
7	0.01029	0.00952	0.01557	0.56451	0.03009	0.01155	0.04869	0.04015	0.01109	0.01455	0.01216	0.11842	0.01099	0.00720	0.00661	0.00188	0.07175	0.00622	0.00285	0.00592

[dist]
# distance from previous block
# <min> <max>
19	79

[block]
# block no. 2 follows, 45 sequences, length 35
# corresponding to MSA columns:
# 377-411
name=unknown_C
#
# <colnr> <probs for GDERKNQSTAVLIFYWHMCP>
#	G	D	E	R	K	N	Q	S	T	A	V	L	I	F	Y	W	H	M	C	P
0	0.01496	0.02977	0.01354	0.01112	0.01358	0.11803	0.00878	0.26696	0.06943	0.02051	0.01253	0.01663	0.01087	0.12393	0.09190	0.00289	0.12041	0.00512	0.00387	0.04519
1	0.01215	0.06086	0.01376	0.14115	0.01646	0.12262	0.00956	0.08302	0.01306	0.01659	0.13493	0.03847	0.11732	0.00857	0.00826	0.00180	0.18545	0.00633	0.00366	0.00597
2	0.01421	0.01539	0.04690	0.05373	0.01751	0.18277	0.08919	0.02272	0.36893	0.01813	0.01526	0.02714	0.01195	0.00677	0.00661	0.00177	0.08428	0.00537	0.00398	0.00740
3	0.01813	0.13741	0.01748	0.01286	0.01584	0.40085	0.01035	0.17945	0.01577	0.01751	0.00899	0.01051	0.00741	0.00613	0.00654	0.00153	0.11928	0.00384	0.00320	0.00690
4	0.01280	0.00969	0.01220	0.09238	0.01510	0.01100	0.00885	0.29944	0.01532	0.02088	0.01388	0.04733	0.01196	0.02268	0.37553	0.00496	0.00993	0.00566	0.00387	0.00657
5	0.01406	0.04933	0.01555	0.06339	0.16957	0.09558	0.01082	0.04352	0.42313	0.01965	0.01616	0.01638	0.01245	0.00637	0.00548	0.00170	0.01936	0.00525	0.00423	0.00800
6	0.01394	0.19629	0.23461	0.01241	0.01702	0.11683	0.01238	0.05416	0.20704	0.01745	0.01211	0.01285	0.00942	0.00593	0.00557	0.00160	0.05524	0.00428	0.00331	0.00755
7	0.00771	0.00516	0.00588	0.00597	0.00600	0.00514	0.00338	0.00778	0.00799	0.01065	0.01785	0.09238	0.02070	0.75249	0.02580	0.00498	0.00505	0.00836	0.00338	0.00333
8	0.01162	0.01223	0.02143	0.48199	0.03264	0.06014	0.27184	0.01539	0.01168	0.01488	0.00992	0.01409	0.00748	0.00509	0.00567	0.00177	0.00797	0.00523	0.00252	0.00642
9	0.01517	0.37783	0.26378	0.01117	0.01673	0.01534	0.01222	0.01841	0.01198	0.17481	0.01107	0.01155	0.00822	0.00517	0.00439	0.00142	0.00615	0.00375	0.00322	0.02762
10	0.73360	0.01021	0.00853	0.00741	0.01085	0.01146	0.00610	0.01723	0.01001	0.13027	0.00940	0.01006	0.00686	0.00522	0.00361	0.00166	0.00421	0.00326	0.00379	0.00628
11	0.01515	0.70398	0.02632	0.00984	0.01417	0.12898	0.00935	0.01683	0.01151	0.01270	0.00758	0.00876	0.00689	0.00472	0.00364	0.00118	0.00629	0.00295	0.00236	0.00680
12	0.00671	0.00504	0.00622	0.00679	0.00769	0.00455	0.00476	0.00809	0.01182	0.01556	0.19275	0.44877	0.23222	0.01475	0.00661	0.00198	0.00289	0.01307	0.00518	0.00455
13	0.00668	0.00514	0.00616	0.00690	0.00792	0.00462	0.00500	0.00795	0.01129	0.01427	0.03949	0.42310	0.33448	0.01530	0.00671	0.00206	0.00315	0.09029	0.00498	0.00449
14	0.00780	0.00524	0.00602	0.00602	0.00607	0.00529	0.00345	0.00791	0.00785	0.01053	0.01677	0.03431	0.01916	0.76660	0.07159	0.00540	0.00574	0.00769	0.00323	0.00334
15	0.45522	0.33138	0.07340	0.00851	0.01268	0.01573	0.00819	0.01599	0.01000	0.01901	0.00763	0.00887	0.00631	0.00484	0.00350	0.00146	0.00506	0.00297	0.00284	0.00640
16	0.01657	0.30705	0.01945	0.01112	0.01499	0.14463	0.00948	0.20424	0.18452	0.02017	0.01216	0.01240	0.00957	0.00581	0.00460	0.00145	0.00610	0.00417	0.00384	0.00769
17	0.01456	0.01160	0.01214	0.04548	0.01405	0.07179	0.00833	0.31280	0.07105	0.04460	0.19781	0.02575	0.10008	0.00854	0.00575	0.00169	0.00494	0.03678	0.00514	0.00711
18	0.00820	0.00981	0.16621	0.00845	0.01025	0.00663	0.00744	0.00988	0.00934	0.01284	0.01865	0.18953	0.02071	0.41375	0.03745	0.00379	0.00556	0.05344	0.00350	0.00459
19	0.01358	0.41172	0.20687	0.01262	0.05134	0.07478	0.01235	0.01720	0.05754	0.01457	0.00901	0.01053	0.00754	0.00537	0.00537	0.00146	0.07481	0.00362	0.00254	0.00718
20	0.02005	0.02558	0.01521	0.01383	0.01659	0.78980	0.01037	0.02143	0.01521	0.01314	0.00830	0.00968	0.00691	0.00553	0.00484	0.00138	0.00968	0.00346	0.00277	0.00622
21	0.01140	0.03459	0.45874	0.01611	0.07696	0.01158	0.12022	0.01613	0.01140	0.05134	0.01176	0.04643	0.00956	0.04393	0.05442	0.00230	0.00786	0.00515	0.00275	0.00737
22	0.00889	0.00809	0.05732	0.07790	0.01392	0.00795	0.00962	0.01145	0.01091	0.01478	0.02055	0.04007	0.02124	0.01939	0.20389	0.00390	0.06670	0.39434	0.00385	0.00524
23	0.00963	0.00886	0.01472	0.68757	0.03288	0.01087	0.01352	0.01284	0.01067	0.01371	0.01235	0.12555	0.01113	0.00697	0.00557	0.00184	0.00659	0.00624	0.00275	0.00574
24	0.01216	0.01168	0.01637	0.12391	0.01749	0.01582	0.01207	0.06838	0.00983	0.01458	0.00783	0.01219	0.00722	0.00861	0.01499	0.00222	0.63123	0.00472	0.00258	0.00613
25	0.13498	0.03538	0.10445	0.40178	0.07348	0.07169	0.04704	0.01535	0.01100	0.01591	0.00910	0.01249	0.00701	0.00534	0.00541	0.00172	0.03456	0.00432	0.00257	0.00642
26	0.00666	0.00554	0.00588	0.00605	0.00778	0.00476	0.00471	0.00817	0.01225	0.01472	0.05081	0.05288	0.67330	0.01376	0.00649	0.00190	0.00302	0.11174	0.00498	0.00459
27	0.00649	0.00488	0.00601	0.00691	0.00764	0.00441	0.00473	0.00754	0.01082	0.01392	0.03648	0.59760	0.24130	0.01592	0.00671	0.00208	0.00300	0.01417	0.00498	0.00441
28	0.01830	0.01544	0.01487	0.01239	0.03229	0.13437	0.00973	0.48115	0.11567	0.02771	0.04944	0.01571	0.03472	0.00680	0.00537	0.00161	0.00604	0.00519	0.00493	0.00826
29	0.01014	0.00954	0.01610	0.79845	0.03697	0.01193	0.01491	0.01371	0.01073	0.01371	0.00954	0.01431	0.00716	0.00537	0.00537	0.00179	0.00716	0.00477	0.00239	0.00596
30	0.01284	0.01230	0.02099	0.14025	0.67401	0.01264	0.01625	0.01609	0.01201	0.01700	0.01002	0.01343	0.00831	0.00486	0.00532	0.00162	0.00649	0.00478	0.00262	0.00815
31	0.01079	0.01020	0.01727	0.64092	0.18943	0.01210	0.01523	0.01428	0.01104	0.01450	0.00966	0.01410	0.00743	0.00525	0.00536	0.00175	0.00700	0.00477	0.00244	0.00649
32	0.01014	0.00954	0.01610	0.79845	0.03697	0.01193	0.01491	0.01371	0.01073	0.01371	0.00954	0.01431	0.00716	0.00537	0.00537	0.00179	0.00716	0.00477	0.00239	0.00596
33	0.12392	0.01543	0.21782	0.01161	0.01633	0.01179	0.01151	0.14070	0.01449	0.29420	0.01380	0.01377	0.00940	0.00623	0.00610	0.00172	0.07404	0.00455	0.00448	0.00811
34	0.00991	0.00983	0.09129	0.01123	0.09734	0.00810	0.00838	0.08506	0.05432	0.03106	0.11506	0.16942	0.22987	0.03187	0.00660	0.00191	0.00427	0.02379	0.00459	0.00609

[dist]
# distance from previous block
# <min> <max>
2	15

[block]
# block no. 3 follows, 45 sequences, length 87
# corresponding to MSA columns:
# 427-513
name=unknown_D
#
# <colnr> <probs for GDERKNQSTAVLIFYWHMCP>
#	G	D	E	R	K	N	Q	S	T	A	V	L	I	F	Y	W	H	M	C	P
0	0.05659	0.13737	0.15554	0.01441	0.01945	0.01289	0.24033	0.01920	0.05242	0.18798	0.01325	0.02789	0.00978	0.00624	0.02160	0.00180	0.00685	0.00514	0.00367	0.00763
1	0.02975	0.29825	0.06710	0.00947	0.01426	0.01304	0.03779	0.01525	0.03731	0.01596	0.01012	0.01142	0.02274	0.00461	0.00403	0.00109	0.00505	0.00350	0.00291	0.39636
2	0.01657	0.01104	0.01514	0.29332	0.11466	0.05607	0.01165	0.08413	0.01419	0.27383	0.04570	0.01620	0.01135	0.00606	0.00538	0.00168	0.00604	0.00512	0.00428	0.00759
3	0.00660	0.00500	0.00591	0.00658	0.00740	0.00451	0.00448	0.00759	0.01074	0.01366	0.03725	0.45839	0.30050	0.09494	0.00871	0.00235	0.00318	0.01310	0.00481	0.00431
4	0.01153	0.01143	0.01603	0.01380	0.01385	0.01593	0.01148	0.01274	0.00824	0.01289	0.00743	0.01224	0.00738	0.01103	0.05847	0.00268	0.75990	0.00475	0.00238	0.00581
5	0.01082	0.01055	0.01634	0.71865	0.07297	0.05311	0.01475	0.01426	0.01104	0.01388	0.00950	0.01402	0.00721	0.00535	0.00534	0.00176	0.00725	0.00470	0.00242	0.00610
6	0.01159	0.01102	0.01872	0.44635	0.37775	0.01231	0.01563	0.01498	0.01142	0.01547	0.00980	0.01384	0.00778	0.00510	0.00534	0.00170	0.00680	0.00478	0.00251	0.00713
7	0.00638	0.00544	0.00548	0.00547	0.00727	0.00455	0.00410	0.00777	0.01231	0.01468	0.07278	0.05136	0.75717	0.01353	0.00634	0.00181	0.00271	0.01129	0.00501	0.00455
8	0.02075	0.01396	0.01449	0.01150	0.01547	0.09329	0.00934	0.38446	0.09872	0.25786	0.01587	0.01494	0.01092	0.00650	0.00533	0.00162	0.00572	0.00499	0.00550	0.00877
9	0.01354	0.63632	0.19928	0.01057	0.01592	0.01925	0.01160	0.01628	0.01100	0.01362	0.00795	0.00923	0.00687	0.00471	0.00382	0.00127	0.00624	0.00312	0.00229	0.00713
10	0.02408	0.00914	0.01246	0.00955	0.01370	0.00789	0.00789	0.02616	0.01536	0.78158	0.02118	0.01827	0.01329	0.00664	0.00540	0.00166	0.00457	0.00540	0.00664	0.00914
11	0.01296	0.01242	0.02120	0.11181	0.70154	0.01267	0.01631	0.01619	0.01207	0.01714	0.01004	0.01339	0.00836	0.00484	0.00532	0.00161	0.00646	0.00478	0.00263	0.00824
12	0.01267	0.01448	0.03167	0.02262	0.02805	0.01357	0.75837	0.01719	0.01267	0.01719	0.01086	0.01448	0.00814	0.00452	0.00633	0.00181	0.00905	0.00633	0.00271	0.00724
13	0.00932	0.00466	0.00699	0.00699	0.00699	0.00466	0.00466	0.00699	0.00699	0.00932	0.00932	0.01632	0.00932	0.01865	0.02098	0.84382	0.00466	0.00466	0.00233	0.00233
14	0.00634	0.00544	0.00544	0.00544	0.00725	0.00453	0.00408	0.00770	0.01224	0.01450	0.05438	0.05166	0.77569	0.01359	0.00634	0.00181	0.00272	0.01133	0.00498	0.00453
15	0.02003	0.01485	0.01590	0.01228	0.01650	0.01647	0.01011	0.72128	0.06453	0.03323	0.01336	0.01327	0.00951	0.00649	0.00537	0.00162	0.00582	0.00490	0.00537	0.00910
16	0.01077	0.02777	0.78354	0.01530	0.02323	0.01247	0.01983	0.01700	0.01133	0.01700	0.00963	0.01133	0.00680	0.00510	0.00510	0.00170	0.00793	0.00397	0.00227	0.00793
17	0.01335	0.01153	0.01214	0.01092	0.01396	0.01335	0.00850	0.02852	0.76817	0.02245	0.02185	0.02003	0.01639	0.00728	0.00546	0.00182	0.00425	0.00607	0.00546	0.00850
18	0.00808	0.00631	0.00923	0.00900	0.00980	0.00758	0.00699	0.00980	0.00853	0.01238	0.01381	0.02105	0.01317	0.08633	0.66438	0.00778	0.09234	0.00578	0.00285	0.00480
19	0.02408	0.00914	0.01246	0.00955	0.01370	0.00789	0.00789	0.02616	0.01536	0.78158	0.02118	0.01827	0.01329	0.00664	0.00540	0.00166	0.00457	0.00540	0.00664	0.00914
20	0.02041	0.01504	0.01611	0.01235	0.01665	0.01665	0.01020	0.75997	0.02524	0.03383	0.01289	0.01289	0.00913	0.00644	0.00537	0.00161	0.00591	0.00483	0.00537	0.00913
21	0.00767	0.00575	0.00863	0.00863	0.00959	0.00671	0.00671	0.00959	0.00863	0.01246	0.01438	0.02109	0.01342	0.04026	0.79008	0.00863	0.01438	0.00575	0.00288	0.00479
22	0.02408	0.00914	0.01246	0.00955	0.01370	0.00789	0.00789	0.02616	0.01536	0.78158	0.02118	0.01827	0.01329	0.00664	0.00540	0.00166	0.00457	0.00540	0.00664	0.00914
23	0.00634	0.00544	0.00544	0.00544	0.00725	0.00453	0.00408	0.00770	0.01224	0.01450	0.05438	0.05166	0.77569	0.01359	0.00634	0.00181	0.00272	0.01133	0.00498	0.00453
24	0.01174	0.01174	0.01644	0.01409	0.01409	0.01644	0.01174	0.01292	0.00822	0.01292	0.00705	0.01174	0.00705	0.00940	0.01762	0.00235	0.80153	0.00470	0.00235	0.00587
25	0.01406	0.01188	0.01253	0.01107	0.01423	0.01368	0.00867	0.10151	0.69403	0.02359	0.02095	0.01931	0.01566	0.00720	0.00545	0.00180	0.00441	0.00595	0.00545	0.00856
26	0.01406	0.01188	0.01253	0.01107	0.01423	0.01368	0.00867	0.10151	0.69403	0.02359	0.02095	0.01931	0.01566	0.00720	0.00545	0.00180	0.00441	0.00595	0.00545	0.00856
27	0.01435	0.81458	0.02813	0.00918	0.01378	0.02124	0.00918	0.01607	0.01091	0.01263	0.00746	0.00861	0.00689	0.00459	0.00344	0.00115	0.00574	0.00287	0.00230	0.00689
28	0.01309	0.01261	0.02150	0.07182	0.66316	0.01278	0.05290	0.01697	0.05000	0.01756	0.01069	0.01374	0.00881	0.00493	0.00538	0.00163	0.00644	0.00492	0.00279	0.00831
29	0.00932	0.00466	0.00699	0.00699	0.00699	0.00466	0.00466	0.00699	0.00699	0.00932	0.00932	0.01632	0.00932	0.01865	0.02098	0.84382	0.00466	0.00466	0.00233	0.00233
30	0.01752	0.10073	0.01793	0.01729	0.17163	0.50057	0.01160	0.01929	0.01369	0.01397	0.00849	0.01045	0.00725	0.00555	0.00569	0.00147	0.06372	0.00376	0.00267	0.00673
31	0.01296	0.01431	0.02700	0.02245	0.13980	0.05022	0.49253	0.01661	0.01202	0.01638	0.01002	0.01364	0.00797	0.00538	0.00789	0.00184	0.13346	0.00571	0.00265	0.00717
32	0.00634	0.00544	0.00544	0.00544	0.00725	0.00453	0.00408	0.00770	0.01224	0.01450	0.05438	0.05166	0.77569	0.01359	0.00634	0.00181	0.00272	0.01133	0.00498	0.00453
33	0.01001	0.00500	0.00500	0.00500	0.00625	0.00500	0.00375	0.01251	0.01126	0.02001	0.01751	0.02001	0.01376	0.00625	0.00375	0.00125	0.00250	0.00500	0.84115	0.00500
34	0.00665	0.00475	0.00636	0.00760	0.00796	0.00446	0.00518	0.00767	0.01039	0.01383	0.02952	0.76833	0.03526	0.01671	0.00688	0.00220	0.00321	0.05368	0.00498	0.00439
35	0.01159	0.01102	0.01872	0.44635	0.37775	0.01231	0.01563	0.01498	0.01142	0.01547	0.00980	0.01384	0.00778	0.00510	0.00534	0.00170	0.00680	0.00478	0.00251	0.00713
36	0.01216	0.01165	0.01998	0.30296	0.50117	0.01248	0.03093	0.01551	0.01171	0.01618	0.00992	0.01367	0.00802	0.00498	0.00535	0.00167	0.00671	0.00481	0.00256	0.00758
37	0.02041	0.01504	0.01611	0.01235	0.01665	0.01665	0.01020	0.75997	0.02524	0.03383	0.01289	0.01289	0.00913	0.00644	0.00537	0.00161	0.00591	0.00483	0.00537	0.00913
38	0.01267	0.01448	0.03167	0.02262	0.02805	0.01357	0.75837	0.01719	0.01267	0.01719	0.01086	0.01448	0.00814	0.00452	0.00633	0.00181	0.00905	0.00633	0.00271	0.00724
39	0.00765	0.00532	0.00671	0.00682	0.00714	0.00557	0.00444	0.00830	0.00828	0.01132	0.01732	0.10168	0.01917	0.50996	0.25165	0.00594	0.00773	0.00788	0.00330	0.00381
40	0.00652	0.00544	0.00568	0.00562	0.00736	0.00461	0.00422	0.00805	0.01265	0.01550	0.15639	0.05002	0.67306	0.01322	0.00634	0.00180	0.00269	0.01110	0.00512	0.00461
41	0.02005	0.02558	0.01521	0.01383	0.01659	0.78980	0.01037	0.02143	0.01521	0.01314	0.00830	0.00968	0.00691	0.00553	0.00484	0.00138	0.00968	0.00346	0.00277	0.00622
42	0.02026	0.01932	0.01575	0.01295	0.01663	0.33044	0.01027	0.46023	0.02117	0.02543	0.01102	0.01159	0.00823	0.00607	0.00515	0.00152	0.00744	0.00427	0.00431	0.00795
43	0.00666	0.00502	0.00618	0.00695	0.00781	0.00455	0.00491	0.00789	0.01127	0.01455	0.08431	0.49974	0.25332	0.01540	0.00670	0.00206	0.00305	0.05011	0.00504	0.00448
44	0.05693	0.02336	0.01491	0.01329	0.01626	0.64802	0.01010	0.10560	0.03440	0.01621	0.00911	0.01025	0.00735	0.00565	0.00485	0.00143	0.00887	0.00365	0.00315	0.00659
45	0.02370	0.00974	0.01283	0.00984	0.01401	0.00879	0.00813	0.10176	0.01638	0.70455	0.02032	0.01772	0.01286	0.00662	0.00540	0.00166	0.00471	0.00534	0.00651	0.00913
46	0.00781	0.00520	0.00585	0.00585	0.00585	0.00520	0.00325	0.00781	0.00781	0.01041	0.01691	0.03513	0.01952	0.81135	0.02732	0.00520	0.00520	0.00781	0.00325	0.00325
47	0.00654	0.00467	0.00623	0.00747	0.00779	0.00436	0.00498	0.00747	0.01028	0.01370	0.02959	0.80785	0.03550	0.01682	0.00685	0.00218	0.00311	0.01526	0.00498	0.00436
48	0.01113	0.00954	0.01113	0.00795	0.01272	0.00716	0.00636	0.01352	0.01113	0.01749	0.00954	0.01113	0.00795	0.00398	0.00398	0.00080	0.00398	0.00318	0.00318	0.84417
49	0.01204	0.01149	0.01954	0.33486	0.48566	0.01243	0.01586	0.01539	0.01164	0.01603	0.00988	0.01369	0.00797	0.00501	0.00533	0.00167	0.00668	0.00478	0.00255	0.00750
50	0.01713	0.01341	0.01427	0.01169	0.01540	0.01512	0.00941	0.42072	0.36981	0.02855	0.01704	0.01620	0.01249	0.00683	0.00541	0.00171	0.00514	0.00541	0.00541	0.00884
51	0.00714	0.00547	0.00654	0.00627	0.00774	0.00487	0.00470	0.00924	0.01410	0.01894	0.50956	0.04436	0.31774	0.01194	0.00634	0.00173	0.00260	0.01030	0.00557	0.00487
52	0.00945	0.00623	0.00904	0.00812	0.00970	0.00602	0.10903	0.01181	0.01119	0.01793	0.01982	0.23038	0.01881	0.00884	0.00494	0.00158	0.00358	0.00794	0.50046	0.00514
53	0.01252	0.01381	0.02793	0.02154	0.07300	0.01411	0.55858	0.01628	0.01173	0.01634	0.01003	0.01384	0.00794	0.00554	0.00857	0.00191	0.17075	0.00590	0.00264	0.00704
54	0.01057	0.00946	0.01303	0.01155	0.01204	0.01242	0.00931	0.04879	0.00915	0.01357	0.01052	0.01695	0.01031	0.09984	0.24750	0.00447	0.44699	0.00533	0.00275	0.00545
55	0.01001	0.00500	0.00500	0.00500	0.00625	0.00500	0.00375	0.01251	0.01126	0.02001	0.01751	0.02001	0.01376	0.00625	0.00375	0.00125	0.00250	0.00500	0.84115	0.00500
56	0.01381	0.01243	0.01927	0.07049	0.46027	0.01299	0.05326	0.06494	0.17882	0.03965	0.01315	0.01499	0.01030	0.00550	0.00541	0.00167	0.00602	0.00517	0.00353	0.00834
57	0.00760	0.00549	0.00718	0.00675	0.00802	0.00506	0.00506	0.01013	0.01519	0.02153	0.77503	0.04010	0.05065	0.01097	0.00633	0.00169	0.00253	0.00971	0.00591	0.00506
58	0.01623	0.01683	0.01669	0.17589	0.09945	0.27848	0.04910	0.15500	0.10509	0.01880	0.01131	0.01305	0.00872	0.00575	0.00524	0.00160	0.00746	0.00457	0.00347	0.00726
59	0.00775	0.00543	0.00698	0.00698	0.00737	0.00582	0.00466	0.00853	0.00814	0.01124	0.01588	0.02941	0.01703	0.49746	0.33782	0.00660	0.00894	0.00697	0.00310	0.00388
60	0.00653	0.00472	0.00618	0.00734	0.00775	0.00437	0.00493	0.00749	0.01040	0.01375	0.03117	0.75965	0.08268	0.01661	0.00682	0.00216	0.00309	0.01501	0.00498	0.00437
61	0.01435	0.81458	0.02813	0.00918	0.01378	0.02124	0.00918	0.01607	0.01091	0.01263	0.00746	0.00861	0.00689	0.00459	0.00344	0.00115	0.00574	0.00287	0.00230	0.00689
62	0.00760	0.00549	0.00718	0.00675	0.00802	0.00506	0.00506	0.01013	0.01519	0.02153	0.77503	0.04010	0.05065	0.01097	0.00633	0.00169	0.00253	0.00971	0.00591	0.00506
63	0.02011	0.02397	0.01535	0.01360	0.01660	0.67176	0.01035	0.13419	0.01674	0.01630	0.00900	0.01017	0.00725	0.00567	0.00492	0.00142	0.00910	0.00367	0.00316	0.00667
64	0.01471	0.76429	0.02731	0.00948	0.01396	0.07023	0.00926	0.01642	0.01118	0.01266	0.00752	0.00868	0.00689	0.00465	0.00353	0.00116	0.00599	0.00291	0.00233	0.00685
65	0.09715	0.02597	0.70363	0.01445	0.02191	0.01242	0.01839	0.01687	0.01111	0.01773	0.00941	0.01106	0.00670	0.00509	0.00492	0.00170	0.00754	0.00386	0.00238	0.00771
66	0.00991	0.00923	0.01547	0.74803	0.03511	0.01144	0.01427	0.01332	0.01070	0.01371	0.01082	0.06489	0.00896	0.00610	0.00546	0.00181	0.00690	0.00544	0.00255	0.00586
67	0.00781	0.00520	0.00585	0.00585	0.00585	0.00520	0.00325	0.00781	0.00781	0.01041	0.01691	0.03513	0.01952	0.81135	0.02732	0.00520	0.00520	0.00781	0.00325	0.00325
68	0.01778	0.01397	0.17228	0.01671	0.21094	0.01032	0.01251	0.05181	0.01414	0.36816	0.04605	0.01623	0.01207	0.00602	0.00535	0.00165	0.00569	0.00510	0.00465	0.00856
69	0.00634	0.00544	0.00544	0.00544	0.00725	0.00453	0.00408	0.00770	0.01224	0.01450	0.05438	0.05166	0.77569	0.01359	0.00634	0.00181	0.00272	0.01133	0.00498	0.00453
70	0.01077	0.02777	0.78354	0.01530	0.02323	0.01247	0.01983	0.01700	0.01133	0.01700	0.00963	0.01133	0.00680	0.00510	0.00510	0.00170	0.00793	0.00397	0.00227	0.00793
71	0.01209	0.01124	0.01440	0.05139	0.01485	0.01422	0.01027	0.04603	0.20267	0.01658	0.01383	0.01609	0.05022	0.00842	0.01197	0.00203	0.43493	0.00531	0.00345	0.06003
72	0.01201	0.01265	0.02483	0.19469	0.16421	0.01301	0.39339	0.01578	0.01182	0.01613	0.01067	0.03431	0.00862	0.00538	0.00667	0.00181	0.05851	0.00583	0.00267	0.00703
73	0.01836	0.01902	0.01664	0.01379	0.01734	0.35275	0.08466	0.24794	0.13751	0.02135	0.01211	0.01278	0.00922	0.00599	0.00525	0.00156	0.00760	0.00458	0.00398	0.00757
74	0.31970	0.01044	0.01294	0.38741	0.02375	0.03207	0.01089	0.01509	0.01022	0.04761	0.00899	0.01207	0.00689	0.00563	0.00568	0.00178	0.07585	0.00407	0.00290	0.00603
75	0.01435	0.81458	0.02813	0.00918	0.01378	0.02124	0.00918	0.01607	0.01091	0.01263	0.00746	0.00861	0.00689	0.00459	0.00344	0.00115	0.00574	0.00287	0.00230	0.00689
76	0.00654	0.00467	0.00623	0.00747	0.00779	0.00436	0.00498	0.00747	0.01028	0.01370	0.02959	0.80785	0.03550	0.01682	0.00685	0.00218	0.00311	0.01526	0.00498	0.00436
77	0.00734	0.00548	0.00682	0.00648	0.00786	0.00496	0.00486	0.00963	0.01459	0.02009	0.62783	0.04246	0.19874	0.01151	0.00633	0.00171	0.00257	0.01004	0.00572	0.00496
78	0.02326	0.00895	0.01219	0.00941	0.01342	0.00775	0.00775	0.02536	0.01536	0.74377	0.05868	0.01936	0.01515	0.00686	0.00544	0.00166	0.00447	0.00561	0.00661	0.00893
79	0.01896	0.01432	0.01530	0.01206	0.01610	0.01597	0.00985	0.61056	0.17699	0.03151	0.01472	0.01435	0.01061	0.00662	0.00539	0.00165	0.00557	0.00509	0.00539	0.00900
80	0.23536	0.04156	0.01467	0.51487	0.06812	0.01237	0.01233	0.01451	0.01039	0.01665	0.00893	0.01253	0.00686	0.00520	0.00474	0.00172	0.00625	0.00420	0.00265	0.00609
81	0.01435	0.81458	0.02813	0.00918	0.01378	0.02124	0.00918	0.01607	0.01091	0.01263	0.00746	0.00861	0.00689	0.00459	0.00344	0.00115	0.00574	0.00287	0.00230	0.00689
82	0.00737	0.00530	0.00693	0.00689	0.00791	0.00492	0.00500	0.00949	0.01393	0.01953	0.59315	0.20657	0.04654	0.03348	0.00700	0.00189	0.00273	0.01086	0.00564	0.00486
83	0.01001	0.00500	0.00500	0.00500	0.00625	0.00500	0.00375	0.01251	0.01126	0.02001	0.01751	0.02001	0.01376	0.00625	0.00375	0.00125	0.00250	0.00500	0.84115	0.00500
84	0.00634	0.00544	0.00544	0.00544	0.00725	0.00453	0.00408	0.00770	0.01224	0.01450	0.05438	0.05166	0.77569	0.01359	0.00634	0.00181	0.00272	0.01133	0.00498	0.00453
85	0.01401	0.01002	0.01308	0.02480	0.01362	0.01073	0.00871	0.06290	0.01170	0.16659	0.01212	0.02800	0.00982	0.01018	0.08703	0.00232	0.24878	0.00468	0.00373	0.25716
