[name]
unknown

[dist]
# distance from previous block
# <min> <max>
0	1042

[block]
# block no. 0 follows, 50 sequences, length 7
# corresponding to MSA columns:
# 1290-1296
name=unknown_A
#
# <colnr> <probs for GDERKNQSTAVLIFYWHMCP>
#	G	D	E	R	K	N	Q	S	T	A	V	L	I	F	Y	W	H	M	C	P
0	0.00765	0.00562	0.00736	0.00773	0.00887	0.00555	0.00614	0.01062	0.07111	0.01697	0.32496	0.17733	0.03556	0.01215	0.00626	0.00192	0.00337	0.28105	0.00498	0.00479
1	0.01262	0.01355	0.01626	0.38185	0.24842	0.21515	0.01318	0.01531	0.01143	0.01362	0.00871	0.01191	0.00695	0.00487	0.00484	0.00151	0.00704	0.00412	0.00238	0.00628
2	0.01433	0.51336	0.12486	0.01003	0.01463	0.01756	0.01007	0.21079	0.01360	0.01732	0.00849	0.00935	0.00692	0.00477	0.00386	0.00124	0.00564	0.00327	0.00286	0.00706
3	0.00929	0.02040	0.59519	0.01195	0.01743	0.00984	0.01446	0.01359	0.00968	0.01421	0.01068	0.01620	0.00935	0.21536	0.01004	0.00241	0.00672	0.00460	0.00234	0.00625
4	0.86003	0.00964	0.00733	0.00655	0.00964	0.01118	0.00540	0.01465	0.00848	0.02236	0.00694	0.00810	0.00540	0.00463	0.00308	0.00154	0.00386	0.00270	0.00308	0.00540
5	0.01186	0.01580	0.21968	0.06774	0.51964	0.04725	0.01577	0.01549	0.01119	0.01578	0.00916	0.01177	0.00736	0.00458	0.00487	0.00151	0.00647	0.00419	0.00237	0.00754
6	0.52702	0.00906	0.00819	0.00715	0.00986	0.01010	0.00577	0.11660	0.01195	0.02298	0.20901	0.01610	0.01651	0.00624	0.00406	0.00154	0.00369	0.00456	0.00396	0.00564

[dist]
# distance from previous block
# <min> <max>
0	1

[block]
# block no. 1 follows, 50 sequences, length 12
# corresponding to MSA columns:
# 1298-1309
name=unknown_B
#
# <colnr> <probs for GDERKNQSTAVLIFYWHMCP>
#	G	D	E	R	K	N	Q	S	T	A	V	L	I	F	Y	W	H	M	C	P
0	0.00765	0.00593	0.00716	0.00774	0.00866	0.00614	0.00544	0.01183	0.20340	0.01476	0.02568	0.62077	0.02853	0.01340	0.00604	0.00194	0.00316	0.01204	0.00474	0.00501
1	0.22904	0.02023	0.01242	0.01127	0.01397	0.60635	0.00857	0.01859	0.01271	0.01474	0.00751	0.00877	0.00616	0.00501	0.00414	0.00135	0.00771	0.00308	0.00270	0.00568
2	0.01100	0.26691	0.56664	0.01250	0.01893	0.01403	0.01544	0.01553	0.01040	0.01457	0.00834	0.00976	0.00634	0.00459	0.00427	0.00142	0.00675	0.00338	0.00211	0.00707
3	0.01334	0.00877	0.01064	0.00775	0.01204	0.00681	0.00626	0.01549	0.01132	0.21154	0.01156	0.01199	0.00862	0.00431	0.00402	0.00094	0.00383	0.00347	0.00376	0.64353
4	0.00692	0.00507	0.00623	0.00683	0.00768	0.00480	0.00513	0.00814	0.01009	0.01291	0.03021	0.20613	0.21797	0.19864	0.01074	0.00266	0.00378	0.24780	0.00425	0.00403
5	0.01161	0.01110	0.01891	0.22622	0.60382	0.01165	0.01493	0.01466	0.01100	0.01540	0.00925	0.01257	0.00758	0.00458	0.00495	0.00153	0.00610	0.00444	0.00240	0.00731
6	0.00689	0.00494	0.00563	0.00563	0.00615	0.00483	0.00357	0.00741	0.00836	0.01083	0.02414	0.03501	0.21095	0.53415	0.10720	0.00440	0.00520	0.00785	0.00338	0.00348
7	0.01281	0.70309	0.14632	0.00941	0.01416	0.01846	0.01007	0.01506	0.01019	0.01236	0.00724	0.00839	0.00638	0.00434	0.00344	0.00115	0.00565	0.00282	0.00213	0.00655
8	0.00692	0.00509	0.00648	0.00613	0.00737	0.00465	0.00460	0.00915	0.01380	0.01926	0.70804	0.03844	0.13055	0.01046	0.00588	0.00158	0.00237	0.00918	0.00539	0.00465
9	0.01133	0.00611	0.00808	0.00711	0.00908	0.00544	0.00547	0.01340	0.01348	0.23468	0.45746	0.11841	0.03411	0.00940	0.00560	0.00158	0.00299	0.00822	0.00547	0.04257
10	0.01306	0.76310	0.08849	0.00899	0.01350	0.01907	0.00933	0.01499	0.01016	0.01205	0.00709	0.00820	0.00639	0.00430	0.00332	0.00111	0.00549	0.00275	0.00213	0.00647
11	0.51076	0.00959	0.00896	0.00783	0.01092	0.01066	0.00639	0.03827	0.15221	0.14547	0.01242	0.01370	0.00943	0.00571	0.00398	0.00160	0.00401	0.03765	0.00406	0.00639

[dist]
# distance from previous block
# <min> <max>
0	2

[block]
# block no. 2 follows, 50 sequences, length 52
# corresponding to MSA columns:
# 1312-1363
name=unknown_C
#
# <colnr> <probs for GDERKNQSTAVLIFYWHMCP>
#	G	D	E	R	K	N	Q	S	T	A	V	L	I	F	Y	W	H	M	C	P
0	0.00680	0.00712	0.10246	0.00811	0.00937	0.00518	0.00674	0.00845	0.00991	0.01338	0.02508	0.62465	0.02918	0.01406	0.00623	0.00200	0.00365	0.10878	0.00432	0.00452
1	0.01035	0.11106	0.71682	0.01360	0.02064	0.01244	0.01736	0.01569	0.01048	0.01535	0.00873	0.01025	0.00632	0.00469	0.00457	0.00152	0.00715	0.00357	0.00211	0.00726
2	0.00726	0.00529	0.00723	0.00717	0.00771	0.00594	0.00515	0.00836	0.00772	0.01087	0.01406	0.02425	0.01443	0.33192	0.49265	0.00667	0.03056	0.00603	0.00279	0.00394
3	0.01865	0.02283	0.01420	0.01271	0.01541	0.73001	0.00962	0.09166	0.01501	0.01402	0.00811	0.00927	0.00662	0.00522	0.00454	0.00130	0.00866	0.00333	0.00280	0.00603
4	0.00693	0.00509	0.00649	0.00614	0.00737	0.00465	0.00461	0.00917	0.01382	0.01929	0.71235	0.03837	0.12621	0.01045	0.00588	0.00158	0.00237	0.00917	0.00540	0.00465
5	0.01321	0.01111	0.01173	0.01031	0.01327	0.01278	0.00809	0.11969	0.69020	0.02216	0.01925	0.01777	0.01438	0.00667	0.00506	0.00167	0.00414	0.00549	0.00506	0.00796
6	0.69142	0.03947	0.00911	0.00732	0.01059	0.01184	0.00609	0.10773	0.01061	0.05641	0.00810	0.00895	0.00611	0.00485	0.00340	0.00152	0.00412	0.00301	0.00341	0.00594
7	0.00607	0.00434	0.00578	0.00694	0.00723	0.00405	0.00463	0.00694	0.00954	0.01272	0.02747	0.82157	0.03297	0.01562	0.00636	0.00202	0.00289	0.01417	0.00463	0.00405
8	0.01176	0.01345	0.02941	0.02101	0.02605	0.01261	0.77563	0.01597	0.01176	0.01597	0.01008	0.01345	0.00756	0.00420	0.00588	0.00168	0.00840	0.00588	0.00252	0.00672
9	0.01034	0.00886	0.01034	0.00738	0.01181	0.00664	0.00591	0.01255	0.01034	0.01624	0.00886	0.01034	0.00738	0.00369	0.00369	0.00074	0.00369	0.00295	0.00295	0.85530
10	0.01333	0.82783	0.02612	0.00853	0.01279	0.01972	0.00853	0.01493	0.01013	0.01173	0.00693	0.00800	0.00640	0.00426	0.00320	0.00107	0.00533	0.00267	0.00213	0.00640
11	0.01240	0.01071	0.01127	0.01014	0.01296	0.01240	0.00789	0.02649	0.78473	0.02085	0.02029	0.01860	0.01522	0.00676	0.00507	0.00169	0.00394	0.00564	0.00507	0.00789
12	0.01225	0.11079	0.02058	0.08243	0.64592	0.01275	0.01437	0.01507	0.01110	0.01548	0.00904	0.01188	0.00763	0.00446	0.00473	0.00144	0.00590	0.00422	0.00241	0.00755
13	0.00712	0.00534	0.00801	0.00801	0.00890	0.00623	0.00623	0.00890	0.00801	0.01157	0.01335	0.01958	0.01246	0.03738	0.80507	0.00801	0.01335	0.00534	0.00267	0.00445
14	0.01948	0.01311	0.01443	0.01106	0.01503	0.01419	0.00914	0.65989	0.02201	0.15065	0.01317	0.01275	0.00908	0.00601	0.00499	0.00150	0.00529	0.00457	0.00517	0.00848
15	0.00652	0.00507	0.00592	0.00571	0.00712	0.00447	0.00428	0.00837	0.01284	0.01698	0.44957	0.04218	0.39045	0.01131	0.00588	0.00162	0.00243	0.00971	0.00509	0.00447
16	0.01176	0.01345	0.02941	0.02101	0.02605	0.01261	0.77563	0.01597	0.01176	0.01597	0.01008	0.01345	0.00756	0.00420	0.00588	0.00168	0.00840	0.00588	0.00252	0.00672
17	0.00705	0.00510	0.00666	0.00627	0.00745	0.00470	0.00470	0.00941	0.01411	0.01999	0.79110	0.03723	0.04703	0.01019	0.00588	0.00157	0.00235	0.00901	0.00549	0.00470
18	0.02236	0.00848	0.01157	0.00887	0.01272	0.00733	0.00733	0.02429	0.01427	0.79719	0.01966	0.01697	0.01234	0.00617	0.00501	0.00154	0.00424	0.00501	0.00617	0.00848
19	0.02236	0.00848	0.01157	0.00887	0.01272	0.00733	0.00733	0.02429	0.01427	0.79719	0.01966	0.01697	0.01234	0.00617	0.00501	0.00154	0.00424	0.00501	0.00617	0.00848
20	0.00619	0.00443	0.00589	0.00686	0.00726	0.00413	0.00464	0.00724	0.01010	0.01361	0.12027	0.72626	0.03468	0.01496	0.00630	0.00197	0.00283	0.01354	0.00473	0.00413
21	0.01240	0.01071	0.01127	0.01014	0.01296	0.01240	0.00789	0.02649	0.78473	0.02085	0.02029	0.01860	0.01522	0.00676	0.00507	0.00169	0.00394	0.00564	0.00507	0.00789
22	0.00941	0.00886	0.01495	0.81285	0.03433	0.01107	0.01384	0.01274	0.00997	0.01274	0.00886	0.01329	0.00664	0.00498	0.00498	0.00166	0.00664	0.00443	0.00221	0.00554
23	0.01234	0.01184	0.02023	0.03059	0.79373	0.01184	0.01530	0.01530	0.01135	0.01628	0.00938	0.01234	0.00790	0.00444	0.00493	0.00148	0.00592	0.00444	0.00247	0.00790
24	0.86003	0.00964	0.00733	0.00655	0.00964	0.01118	0.00540	0.01465	0.00848	0.02236	0.00694	0.00810	0.00540	0.00463	0.00308	0.00154	0.00386	0.00270	0.00308	0.00540
25	0.01333	0.82783	0.02612	0.00853	0.01279	0.01972	0.00853	0.01493	0.01013	0.01173	0.00693	0.00800	0.00640	0.00426	0.00320	0.00107	0.00533	0.00267	0.00213	0.00640
26	0.86003	0.00964	0.00733	0.00655	0.00964	0.01118	0.00540	0.01465	0.00848	0.02236	0.00694	0.00810	0.00540	0.00463	0.00308	0.00154	0.00386	0.00270	0.00308	0.00540
27	0.01321	0.72853	0.02432	0.00873	0.01281	0.01883	0.00845	0.01633	0.10425	0.01284	0.00855	0.00928	0.00747	0.00457	0.00343	0.00114	0.00516	0.00303	0.00249	0.00658
28	0.00941	0.00886	0.01495	0.81285	0.03433	0.01107	0.01384	0.01274	0.00997	0.01274	0.00886	0.01329	0.00664	0.00498	0.00498	0.00166	0.00664	0.00443	0.00221	0.00554
29	0.01895	0.01396	0.01496	0.01147	0.01546	0.01546	0.00947	0.77711	0.02344	0.03141	0.01197	0.01197	0.00848	0.00598	0.00499	0.00150	0.00548	0.00449	0.00499	0.00848
30	0.01840	0.01052	0.01251	0.01184	0.10760	0.09291	0.00837	0.02142	0.07945	0.46893	0.03168	0.04302	0.01251	0.00616	0.00494	0.00149	0.00481	0.00508	0.00500	0.05334
31	0.01700	0.00914	0.01190	0.00885	0.01299	0.00774	0.03317	0.06615	0.01319	0.41178	0.01455	0.01389	0.00996	0.00510	0.00451	0.00122	0.00424	0.00419	0.00469	0.34572
32	0.00650	0.00532	0.00646	0.00608	0.00765	0.00466	0.03022	0.00823	0.01227	0.01580	0.30651	0.07073	0.47844	0.01160	0.00590	0.00166	0.00268	0.00997	0.00486	0.00446
33	0.01195	0.01071	0.00986	0.00862	0.01100	0.13234	0.00670	0.19401	0.10231	0.01978	0.19371	0.02773	0.23362	0.00870	0.00536	0.00155	0.00435	0.00708	0.00463	0.00599
34	0.00701	0.00509	0.00661	0.00623	0.00742	0.00469	0.00467	0.00933	0.01402	0.01977	0.76578	0.03760	0.07250	0.01027	0.00588	0.00157	0.00236	0.00907	0.00546	0.00469
35	0.01198	0.01148	0.01959	0.12565	0.70145	0.01175	0.01512	0.01499	0.01118	0.01585	0.00931	0.01245	0.00774	0.00451	0.00494	0.00150	0.00601	0.00444	0.00244	0.00761
36	0.01240	0.01071	0.01127	0.01014	0.01296	0.01240	0.00789	0.02649	0.78473	0.02085	0.02029	0.01860	0.01522	0.00676	0.00507	0.00169	0.00394	0.00564	0.00507	0.00789
37	0.01138	0.00948	0.01090	0.00788	0.01226	0.00772	0.00634	0.10546	0.01193	0.01809	0.00924	0.01053	0.00752	0.00397	0.00385	0.00083	0.00391	0.00314	0.00320	0.75239
38	0.86003	0.00964	0.00733	0.00655	0.00964	0.01118	0.00540	0.01465	0.00848	0.02236	0.00694	0.00810	0.00540	0.00463	0.00308	0.00154	0.00386	0.00270	0.00308	0.00540
39	0.86003	0.00964	0.00733	0.00655	0.00964	0.01118	0.00540	0.01465	0.00848	0.02236	0.00694	0.00810	0.00540	0.00463	0.00308	0.00154	0.00386	0.00270	0.00308	0.00540
40	0.00705	0.00510	0.00666	0.00627	0.00745	0.00470	0.00470	0.00941	0.01411	0.01999	0.79110	0.03723	0.04703	0.01019	0.00588	0.00157	0.00235	0.00901	0.00549	0.00470
41	0.01034	0.00886	0.01034	0.00738	0.01181	0.00664	0.00591	0.01255	0.01034	0.01624	0.00886	0.01034	0.00738	0.00369	0.00369	0.00074	0.00369	0.00295	0.00295	0.85530
42	0.00831	0.00635	0.00731	0.00664	0.00838	0.00611	0.00510	0.10255	0.04050	0.01931	0.43244	0.03698	0.28042	0.01034	0.00575	0.00160	0.00284	0.00883	0.00514	0.00511
43	0.00977	0.00922	0.01559	0.71779	0.12661	0.01117	0.01402	0.01305	0.01013	0.01317	0.00892	0.01317	0.00680	0.00492	0.00498	0.00164	0.00656	0.00443	0.00225	0.00582
44	0.01034	0.00886	0.01034	0.00738	0.01181	0.00664	0.00591	0.01255	0.01034	0.01624	0.00886	0.01034	0.00738	0.00369	0.00369	0.00074	0.00369	0.00295	0.00295	0.85530
45	0.01131	0.01175	0.10629	0.01005	0.01321	0.01120	0.00869	0.02271	0.58247	0.01987	0.09979	0.02062	0.04597	0.00709	0.00514	0.00166	0.00414	0.00593	0.00474	0.00736
46	0.00705	0.00510	0.00666	0.00627	0.00745	0.00470	0.00470	0.00941	0.01411	0.01999	0.79110	0.03723	0.04703	0.01019	0.00588	0.00157	0.00235	0.00901	0.00549	0.00470
47	0.01723	0.01489	0.01407	0.04091	0.01564	0.15731	0.00935	0.46216	0.17342	0.02514	0.01275	0.01280	0.00938	0.00595	0.00491	0.00150	0.00585	0.00448	0.00446	0.00776
48	0.00605	0.00442	0.00569	0.00671	0.00717	0.00407	0.00452	0.00697	0.00976	0.01281	0.03027	0.72757	0.12517	0.01525	0.00630	0.00198	0.00285	0.01373	0.00463	0.00407
49	0.01314	0.01210	0.01959	0.02827	0.69916	0.01228	0.01459	0.10787	0.01282	0.01812	0.00969	0.01229	0.00797	0.00463	0.00494	0.00148	0.00587	0.00445	0.00277	0.00797
50	0.00675	0.00514	0.00550	0.00536	0.00686	0.00445	0.00392	0.00800	0.01127	0.04032	0.12933	0.04383	0.58670	0.11082	0.00823	0.00205	0.00284	0.00976	0.00458	0.00426
51	0.00698	0.00498	0.00682	0.00797	0.00866	0.00483	0.00620	0.00850	0.01043	0.01374	0.02697	0.46863	0.03099	0.01476	0.00660	0.00215	0.00367	0.35820	0.00461	0.00430

[dist]
# distance from previous block
# <min> <max>
0	1

[block]
# block no. 3 follows, 50 sequences, length 37
# corresponding to MSA columns:
# 1365-1401
name=unknown_D
#
# <colnr> <probs for GDERKNQSTAVLIFYWHMCP>
#	G	D	E	R	K	N	Q	S	T	A	V	L	I	F	Y	W	H	M	C	P
0	0.01046	0.22717	0.01793	0.59844	0.02859	0.01338	0.01243	0.01332	0.01001	0.01247	0.00834	0.01188	0.00658	0.00479	0.00451	0.00150	0.00629	0.00396	0.00219	0.00577
1	0.01180	0.45990	0.38067	0.01113	0.01682	0.01599	0.01306	0.01532	0.01031	0.01359	0.00785	0.00916	0.00636	0.00448	0.00390	0.00130	0.00626	0.00313	0.00212	0.00684
2	0.01034	0.00886	0.01034	0.00738	0.01181	0.00664	0.00591	0.01255	0.01034	0.01624	0.00886	0.01034	0.00738	0.00369	0.00369	0.00074	0.00369	0.00295	0.00295	0.85530
3	0.01028	0.00970	0.01426	0.01156	0.01458	0.00997	0.21133	0.01784	0.34369	0.01740	0.03921	0.04604	0.21629	0.00790	0.00555	0.00169	0.00471	0.00725	0.00427	0.00646
4	0.00732	0.00527	0.00703	0.00705	0.00821	0.00498	0.00559	0.00965	0.01341	0.01864	0.58726	0.04230	0.04214	0.01114	0.00615	0.00176	0.00295	0.20925	0.00525	0.00467
5	0.01895	0.01396	0.01496	0.01147	0.01546	0.01546	0.00947	0.77711	0.02344	0.03141	0.01197	0.01197	0.00848	0.00598	0.00499	0.00150	0.00548	0.00449	0.00499	0.00848
6	0.00620	0.00506	0.00548	0.00538	0.00692	0.00434	0.00403	0.00775	0.01209	0.01520	0.24792	0.04511	0.59320	0.01197	0.00589	0.00165	0.00248	0.01012	0.00486	0.00434
7	0.00984	0.02127	0.59000	0.22710	0.02497	0.01144	0.01720	0.01497	0.01038	0.01497	0.00892	0.01126	0.00640	0.00480	0.00480	0.00160	0.00717	0.00388	0.00213	0.00688
8	0.00633	0.00454	0.00602	0.00676	0.00729	0.00422	0.00465	0.00760	0.01076	0.01466	0.23103	0.61249	0.03672	0.01417	0.00623	0.00190	0.00275	0.01280	0.00486	0.00422
9	0.00923	0.02033	0.58815	0.01256	0.01820	0.01015	0.01517	0.01395	0.00985	0.01466	0.01012	0.01294	0.00795	0.01344	0.21808	0.00329	0.00896	0.00412	0.00226	0.00659
10	0.00866	0.00433	0.00649	0.00649	0.00649	0.00433	0.00433	0.00649	0.00649	0.00866	0.00866	0.01515	0.00866	0.01732	0.01948	0.85498	0.00433	0.00433	0.00216	0.00216
11	0.00984	0.02127	0.59000	0.22710	0.02497	0.01144	0.01720	0.01497	0.01038	0.01497	0.00892	0.01126	0.00640	0.00480	0.00480	0.00160	0.00717	0.00388	0.00213	0.00688
12	0.00966	0.00886	0.01372	0.59814	0.02833	0.00989	0.01173	0.01269	0.01007	0.01367	0.00886	0.01250	0.00684	0.00464	0.00464	0.00142	0.00586	0.00404	0.00241	0.23205
13	0.01034	0.00886	0.01034	0.00738	0.01181	0.00664	0.00591	0.01255	0.01034	0.01624	0.00886	0.01034	0.00738	0.00369	0.00369	0.00074	0.00369	0.00295	0.00295	0.85530
14	0.01808	0.01314	0.01389	0.11251	0.12700	0.22115	0.00989	0.02047	0.03331	0.35984	0.01370	0.01377	0.00950	0.00552	0.00486	0.00148	0.00604	0.00440	0.00417	0.00730
15	0.01359	0.01619	0.02534	0.01883	0.02321	0.22378	0.57144	0.01702	0.01239	0.01496	0.00945	0.01226	0.00726	0.00445	0.00551	0.00157	0.00856	0.00517	0.00253	0.00647
16	0.01240	0.01071	0.01127	0.01014	0.01296	0.01240	0.00789	0.02649	0.78473	0.02085	0.02029	0.01860	0.01522	0.00676	0.00507	0.00169	0.00394	0.00564	0.00507	0.00789
17	0.00715	0.00521	0.00732	0.00732	0.00798	0.00586	0.00537	0.00846	0.00781	0.01106	0.01398	0.02306	0.01397	0.24729	0.59723	0.00716	0.01108	0.00585	0.00276	0.00407
18	0.86003	0.00964	0.00733	0.00655	0.00964	0.01118	0.00540	0.01465	0.00848	0.02236	0.00694	0.00810	0.00540	0.00463	0.00308	0.00154	0.00386	0.00270	0.00308	0.00540
19	0.01009	0.02127	0.58877	0.01239	0.01897	0.01026	0.01508	0.01492	0.01047	0.01591	0.00892	0.01047	0.00660	0.00446	0.00446	0.00135	0.00639	0.00349	0.00233	0.23340
20	0.00607	0.00434	0.00578	0.00694	0.00723	0.00405	0.00463	0.00694	0.00954	0.01272	0.02747	0.82157	0.03297	0.01562	0.00636	0.00202	0.00289	0.01417	0.00463	0.00405
21	0.01021	0.00935	0.01397	0.59887	0.02863	0.01143	0.01226	0.01640	0.21649	0.01490	0.01191	0.01470	0.00893	0.00546	0.00501	0.00167	0.00592	0.00475	0.00298	0.00616
22	0.63344	0.01394	0.21836	0.00859	0.01282	0.01129	0.00887	0.01495	0.00903	0.02061	0.00747	0.00874	0.00564	0.00466	0.00352	0.00155	0.00479	0.00296	0.00282	0.00592
23	0.00713	0.00532	0.00789	0.00789	0.00873	0.00616	0.00607	0.00882	0.00797	0.01148	0.01347	0.02021	0.01274	0.07555	0.76729	0.00786	0.01294	0.00543	0.00269	0.00438
24	0.01019	0.00965	0.01636	0.60432	0.23676	0.01128	0.01423	0.01342	0.01034	0.01368	0.00900	0.01304	0.00698	0.00484	0.00497	0.00161	0.00645	0.00443	0.00228	0.00617
25	0.00639	0.00458	0.00607	0.00673	0.00730	0.00426	0.00465	0.00773	0.01101	0.01506	0.27311	0.56927	0.03749	0.01387	0.00621	0.00188	0.00272	0.01251	0.00490	0.00426
26	0.00972	0.00917	0.01550	0.73125	0.11355	0.01115	0.01399	0.01300	0.01011	0.01311	0.00891	0.01319	0.00678	0.00493	0.00498	0.00164	0.00657	0.00443	0.00224	0.00578
27	0.00825	0.00460	0.00690	0.00690	0.00714	0.00484	0.00484	0.00714	0.00690	0.00943	0.00991	0.01633	0.00967	0.02267	0.22889	0.62921	0.00673	0.00460	0.00230	0.00277
28	0.86003	0.00964	0.00733	0.00655	0.00964	0.01118	0.00540	0.01465	0.00848	0.02236	0.00694	0.00810	0.00540	0.00463	0.00308	0.00154	0.00386	0.00270	0.00308	0.00540
29	0.00762	0.00610	0.00879	0.22121	0.01458	0.00638	0.00709	0.01018	0.01286	0.01772	0.54458	0.03140	0.07448	0.00893	0.00564	0.00160	0.00350	0.00787	0.00457	0.00490
30	0.01026	0.00936	0.01540	0.20359	0.40990	0.00976	0.01214	0.01314	0.01177	0.01646	0.21764	0.01919	0.01804	0.00610	0.00520	0.00155	0.00514	0.00566	0.00321	0.00650
31	0.01250	0.62814	0.21854	0.00994	0.01498	0.01769	0.01099	0.01514	0.01023	0.01274	0.00743	0.00863	0.00638	0.00438	0.00358	0.00119	0.00584	0.00292	0.00213	0.00664
32	0.01195	0.22994	0.02572	0.04970	0.02084	0.01485	0.41980	0.01493	0.01061	0.01408	0.00864	0.01159	0.00705	0.00496	0.00676	0.00159	0.13351	0.00473	0.00235	0.00639
33	0.01773	0.01048	0.01244	0.00969	0.01325	0.02279	0.00793	0.23240	0.05012	0.33446	0.02808	0.01492	0.02373	0.00611	0.00565	0.00146	0.06351	0.00467	0.00492	0.13566
34	0.00679	0.00509	0.00707	0.00848	0.06447	0.00479	0.00542	0.00821	0.01089	0.01492	0.22972	0.55366	0.03489	0.01336	0.00613	0.00186	0.00297	0.01209	0.00470	0.00450
35	0.01183	0.01219	0.01718	0.24417	0.30425	0.12199	0.07332	0.01474	0.02619	0.01433	0.01046	0.07112	0.00922	0.00572	0.00557	0.00159	0.04195	0.00511	0.00261	0.00646
36	0.01095	0.23850	0.53599	0.01261	0.01862	0.01402	0.01523	0.01528	0.01021	0.01443	0.00823	0.00988	0.00635	0.00490	0.00517	0.00149	0.06560	0.00346	0.00212	0.00697

[dist]
# distance from previous block
# <min> <max>
0	1

[block]
# block no. 4 follows, 50 sequences, length 95
# corresponding to MSA columns:
# 1403-1497
name=unknown_E
#
# <colnr> <probs for GDERKNQSTAVLIFYWHMCP>
#	G	D	E	R	K	N	Q	S	T	A	V	L	I	F	Y	W	H	M	C	P
0	0.00773	0.00721	0.05655	0.00771	0.00968	0.00604	0.00663	0.01089	0.08212	0.01543	0.10293	0.08806	0.28411	0.01150	0.00598	0.00183	0.00366	0.24369	0.00450	0.04374
1	0.00622	0.00467	0.00580	0.00664	0.00740	0.00426	0.00473	0.00734	0.01024	0.01315	0.03375	0.53058	0.24296	0.01460	0.00628	0.00196	0.00296	0.08768	0.00462	0.00415
2	0.01153	0.00960	0.01445	0.01194	0.01480	0.00958	0.18180	0.20915	0.01421	0.01913	0.01786	0.16334	0.01784	0.00916	0.00584	0.00179	0.00533	0.20970	0.00411	0.06885
3	0.63924	0.01032	0.00847	0.00719	0.01052	0.04678	0.00585	0.04541	0.00967	0.02120	0.00751	0.00869	0.00592	0.00454	0.00333	0.00139	0.00413	0.00284	0.00312	0.15391
4	0.01328	0.01108	0.04772	0.00939	0.01333	0.01016	0.00788	0.16990	0.16508	0.07202	0.01236	0.01276	0.00939	0.00517	0.00487	0.00123	0.03719	0.00402	0.00392	0.38925
5	0.01085	0.04494	0.03339	0.01504	0.01800	0.04830	0.35085	0.01347	0.01057	0.01409	0.01590	0.01830	0.14405	0.00698	0.00859	0.00177	0.23027	0.00598	0.00277	0.00589
6	0.00815	0.01104	0.22021	0.00949	0.01228	0.00717	0.00940	0.01180	0.06440	0.01538	0.09058	0.21414	0.08689	0.01087	0.00589	0.00188	0.00454	0.20642	0.00404	0.00542
7	0.01490	0.01461	0.01236	0.01093	0.01371	0.24160	0.00844	0.15427	0.37536	0.01963	0.01569	0.07012	0.01272	0.00677	0.00498	0.00156	0.00560	0.00532	0.00430	0.00712
8	0.01236	0.01053	0.01476	0.01833	0.34532	0.01102	0.01073	0.14898	0.15024	0.02039	0.16084	0.01954	0.01740	0.00652	0.00521	0.00156	0.00478	0.03022	0.00401	0.00728
9	0.01210	0.01160	0.01980	0.09500	0.73121	0.01178	0.01518	0.01509	0.01124	0.01599	0.00933	0.01241	0.00779	0.00449	0.00494	0.00150	0.00598	0.00444	0.00245	0.00770
10	0.00946	0.00881	0.01303	0.56352	0.02674	0.04169	0.01133	0.01243	0.01089	0.01431	0.14537	0.01702	0.01376	0.00578	0.00500	0.00154	0.00571	0.00504	0.00287	0.08571
11	0.00654	0.00483	0.00535	0.00556	0.00623	0.00447	0.00358	0.00716	0.00916	0.01160	0.03057	0.17600	0.30556	0.38450	0.01488	0.00318	0.00364	0.00966	0.00389	0.00364
12	0.01474	0.13967	0.15396	0.01580	0.16963	0.34947	0.01202	0.01791	0.05559	0.01405	0.00884	0.01031	0.00718	0.00489	0.00446	0.00136	0.00728	0.00359	0.00254	0.00668
13	0.01489	0.59037	0.02258	0.00980	0.01357	0.25158	0.00885	0.01640	0.01131	0.01187	0.00716	0.00829	0.00640	0.00452	0.00358	0.00113	0.00641	0.00283	0.00226	0.00621
14	0.00607	0.00434	0.00578	0.00694	0.00723	0.00405	0.00463	0.00694	0.00954	0.01272	0.02747	0.82157	0.03297	0.01562	0.00636	0.00202	0.00289	0.01417	0.00463	0.00405
15	0.01000	0.02578	0.79900	0.01421	0.02157	0.01158	0.01842	0.01579	0.01052	0.01579	0.00895	0.01052	0.00631	0.00474	0.00474	0.00158	0.00737	0.00368	0.00210	0.00737
16	0.00941	0.00886	0.01495	0.81285	0.03433	0.01107	0.01384	0.01274	0.00997	0.01274	0.00886	0.01329	0.00664	0.00498	0.00498	0.00166	0.00664	0.00443	0.00221	0.00554
17	0.86003	0.00964	0.00733	0.00655	0.00964	0.01118	0.00540	0.01465	0.00848	0.02236	0.00694	0.00810	0.00540	0.00463	0.00308	0.00154	0.00386	0.00270	0.00308	0.00540
18	0.00787	0.00607	0.00730	0.00682	0.00834	0.00600	0.00517	0.01216	0.14835	0.01947	0.58031	0.03508	0.11813	0.00984	0.00574	0.00160	0.00265	0.00858	0.00533	0.00521
19	0.00990	0.02283	0.66213	0.15363	0.02380	0.01149	0.01762	0.01525	0.01043	0.01525	0.00893	0.01101	0.00637	0.00478	0.00478	0.00159	0.00724	0.00381	0.00212	0.00705
20	0.00712	0.00534	0.00801	0.00801	0.00890	0.00623	0.00623	0.00890	0.00801	0.01157	0.01335	0.01958	0.01246	0.03738	0.80507	0.00801	0.01335	0.00534	0.00267	0.00445
21	0.01000	0.02578	0.79900	0.01421	0.02157	0.01158	0.01842	0.01579	0.01052	0.01579	0.00895	0.01052	0.00631	0.00474	0.00474	0.00158	0.00737	0.00368	0.00210	0.00737
22	0.00725	0.00483	0.00544	0.00544	0.00544	0.00483	0.00302	0.00725	0.00725	0.00966	0.01571	0.03262	0.01812	0.82483	0.02537	0.00483	0.00483	0.00725	0.00302	0.00302
23	0.00992	0.00938	0.01587	0.67629	0.16690	0.01121	0.01410	0.01318	0.01021	0.01335	0.00895	0.01312	0.00686	0.00489	0.00497	0.00163	0.00652	0.00443	0.00226	0.00595
24	0.00668	0.00495	0.00622	0.00617	0.00728	0.00450	0.00453	0.00858	0.01283	0.01757	0.52685	0.17605	0.17624	0.01157	0.00597	0.00167	0.00248	0.01018	0.00519	0.00450
25	0.02177	0.00944	0.01216	0.00932	0.01320	0.00875	0.00770	0.15571	0.01587	0.66350	0.01832	0.01609	0.01166	0.00614	0.00501	0.00153	0.00446	0.00492	0.00596	0.00848
26	0.86003	0.00964	0.00733	0.00655	0.00964	0.01118	0.00540	0.01465	0.00848	0.02236	0.00694	0.00810	0.00540	0.00463	0.00308	0.00154	0.00386	0.00270	0.00308	0.00540
27	0.01338	0.01030	0.01253	0.15055	0.01698	0.01150	0.00965	0.33950	0.09591	0.02218	0.01655	0.02598	0.01483	0.00819	0.00556	0.00178	0.00526	0.22823	0.00439	0.00675
28	0.01862	0.02376	0.01413	0.01284	0.01541	0.80482	0.00963	0.01990	0.01413	0.01220	0.00770	0.00899	0.00642	0.00514	0.00449	0.00128	0.00899	0.00321	0.00257	0.00578
29	0.01272	0.01135	0.01508	0.01265	0.01349	0.01501	0.01053	0.14600	0.01063	0.04362	0.00796	0.01131	0.00709	0.00815	0.01396	0.00204	0.64508	0.00441	0.00281	0.00609
30	0.00609	0.00506	0.00533	0.00526	0.00686	0.00429	0.00395	0.00755	0.01184	0.01460	0.17978	0.04610	0.66171	0.01220	0.00589	0.00166	0.00249	0.01026	0.00478	0.00429
31	0.86003	0.00964	0.00733	0.00655	0.00964	0.01118	0.00540	0.01465	0.00848	0.02236	0.00694	0.00810	0.00540	0.00463	0.00308	0.00154	0.00386	0.00270	0.00308	0.00540
32	0.00666	0.00513	0.00559	0.00553	0.00694	0.00454	0.00407	0.00782	0.03844	0.01316	0.07210	0.04075	0.59693	0.01313	0.00823	0.15064	0.00288	0.00920	0.00425	0.00400
33	0.86003	0.00964	0.00733	0.00655	0.00964	0.01118	0.00540	0.01465	0.00848	0.02236	0.00694	0.00810	0.00540	0.00463	0.00308	0.00154	0.00386	0.00270	0.00308	0.00540
34	0.01176	0.01345	0.02941	0.02101	0.02605	0.01261	0.77563	0.01597	0.01176	0.01597	0.01008	0.01345	0.00756	0.00420	0.00588	0.00168	0.00840	0.00588	0.00252	0.00672
35	0.01058	0.16580	0.66408	0.01322	0.02004	0.01300	0.01669	0.01564	0.01045	0.01508	0.00859	0.01008	0.00633	0.00465	0.00447	0.00149	0.00701	0.00351	0.00211	0.00720
36	0.01716	0.01054	0.01207	0.00994	0.01335	0.01119	0.00799	0.16777	0.36851	0.29707	0.01849	0.01677	0.01292	0.00641	0.00503	0.00160	0.00434	0.00520	0.00544	0.00821
37	0.00680	0.00509	0.00631	0.00600	0.00729	0.00459	0.00450	0.00891	0.01350	0.01855	0.62802	0.03960	0.21102	0.01073	0.00588	0.00159	0.00239	0.00935	0.00530	0.00459
38	0.01235	0.01164	0.01867	0.02702	0.65743	0.01194	0.01400	0.01725	0.14636	0.01708	0.01128	0.01343	0.00917	0.00485	0.00496	0.00152	0.00558	0.00465	0.00292	0.00789
39	0.00760	0.00666	0.00861	0.00808	0.00922	0.01996	0.01917	0.00909	0.00948	0.01254	0.02679	0.02956	0.31712	0.02102	0.30923	0.00416	0.15270	0.02104	0.00338	0.00460
40	0.00676	0.00473	0.00603	0.00649	0.00676	0.00477	0.00423	0.00742	0.00829	0.01121	0.01992	0.34130	0.02296	0.36470	0.15761	0.00430	0.00559	0.00964	0.00359	0.00368
41	0.01212	0.15525	0.02641	0.01738	0.02199	0.01382	0.53916	0.01719	0.11473	0.01588	0.01090	0.01318	0.00838	0.00455	0.00531	0.00157	0.00727	0.00529	0.00279	0.00682
42	0.01240	0.01071	0.01127	0.01014	0.01296	0.01240	0.00789	0.02649	0.78473	0.02085	0.02029	0.01860	0.01522	0.00676	0.00507	0.00169	0.00394	0.00564	0.00507	0.00789
43	0.01034	0.00886	0.01034	0.00738	0.01181	0.00664	0.00591	0.01255	0.01034	0.01624	0.00886	0.01034	0.00738	0.00369	0.00369	0.00074	0.00369	0.00295	0.00295	0.85530
44	0.01000	0.02578	0.79900	0.01421	0.02157	0.01158	0.01842	0.01579	0.01052	0.01579	0.00895	0.01052	0.00631	0.00474	0.00474	0.00158	0.00737	0.00368	0.00210	0.00737
45	0.86003	0.00964	0.00733	0.00655	0.00964	0.01118	0.00540	0.01465	0.00848	0.02236	0.00694	0.00810	0.00540	0.00463	0.00308	0.00154	0.00386	0.00270	0.00308	0.00540
46	0.01287	0.00975	0.01081	0.00925	0.01193	0.01065	0.00730	0.20433	0.33774	0.05870	0.23243	0.02254	0.03469	0.00759	0.00529	0.00160	0.00387	0.00634	0.00521	0.00712
47	0.01034	0.00886	0.01034	0.00738	0.01181	0.00664	0.00591	0.01255	0.01034	0.01624	0.00886	0.01034	0.00738	0.00369	0.00369	0.00074	0.00369	0.00295	0.00295	0.85530
48	0.29712	0.01093	0.01035	0.00908	0.01212	0.03633	0.00721	0.08235	0.41086	0.05170	0.01475	0.01420	0.01101	0.00591	0.00438	0.00161	0.00420	0.00446	0.00437	0.00706
49	0.69278	0.00984	0.02764	0.00715	0.01047	0.01052	0.00606	0.01636	0.00954	0.15746	0.00921	0.00971	0.00663	0.00490	0.00346	0.00154	0.00401	0.00313	0.00360	0.00599
50	0.01059	0.00874	0.01028	0.00740	0.01171	0.00661	0.00590	0.01270	0.01034	0.03537	0.00912	0.01061	0.00754	0.00407	0.00409	0.02077	0.00372	0.00304	0.00301	0.81437
51	0.01034	0.00886	0.01034	0.00738	0.01181	0.00664	0.00591	0.01255	0.01034	0.01624	0.00886	0.01034	0.00738	0.00369	0.00369	0.00074	0.00369	0.00295	0.00295	0.85530
52	0.01568	0.01161	0.01543	0.01205	0.01572	0.01224	0.14216	0.27285	0.23549	0.14256	0.04742	0.01644	0.02417	0.00619	0.00522	0.00160	0.00519	0.00541	0.00478	0.00779
53	0.04321	0.07841	0.01479	0.01229	0.01506	0.68989	0.00942	0.05508	0.01412	0.01337	0.00783	0.00903	0.00649	0.00510	0.00439	0.00129	0.00842	0.00322	0.00267	0.00594
54	0.00592	0.00493	0.00518	0.00538	0.00682	0.00418	0.00393	0.00712	0.01104	0.01334	0.04648	0.18302	0.65926	0.01315	0.00597	0.00174	0.00259	0.01116	0.00463	0.00418
55	0.01426	0.01012	0.01123	0.00975	0.01270	0.01113	0.00767	0.07512	0.54036	0.16245	0.05496	0.03752	0.01611	0.00697	0.00512	0.00165	0.00400	0.00580	0.00527	0.00780
56	0.00802	0.00684	0.00916	0.00903	0.05171	0.00756	0.00662	0.00985	0.01160	0.01619	0.37613	0.03116	0.18950	0.01114	0.04068	0.00199	0.19579	0.00783	0.00424	0.00494
57	0.00929	0.00872	0.01459	0.78379	0.03334	0.01083	0.01348	0.01253	0.01002	0.01276	0.01036	0.01454	0.03488	0.00526	0.00502	0.00166	0.00650	0.00465	0.00230	0.00549
58	0.00704	0.00475	0.00550	0.00570	0.00575	0.00470	0.00330	0.00719	0.00765	0.01020	0.01776	0.17035	0.02071	0.68356	0.02205	0.00434	0.00449	0.00846	0.00330	0.00320
59	0.01176	0.01345	0.02941	0.02101	0.02605	0.01261	0.77563	0.01597	0.01176	0.01597	0.01008	0.01345	0.00756	0.00420	0.00588	0.00168	0.00840	0.00588	0.00252	0.00672
60	0.01354	0.01128	0.01191	0.01037	0.01340	0.01293	0.00817	0.15752	0.65183	0.02269	0.01883	0.01744	0.01404	0.00663	0.00506	0.00166	0.00421	0.00544	0.00506	0.00799
61	0.01034	0.00886	0.01034	0.00738	0.01181	0.00664	0.00591	0.01255	0.01034	0.01624	0.00886	0.01034	0.00738	0.00369	0.00369	0.00074	0.00369	0.00295	0.00295	0.85530
62	0.01316	0.68518	0.02353	0.00881	0.01282	0.01844	0.00842	0.01694	0.14535	0.01332	0.00926	0.00985	0.00794	0.00470	0.00353	0.00118	0.00509	0.00318	0.00265	0.00666
63	0.00795	0.00607	0.00742	0.00691	0.00839	0.00603	0.00523	0.01232	0.14855	0.01994	0.63384	0.03431	0.06430	0.00967	0.00574	0.00159	0.00263	0.00847	0.00539	0.00524
64	0.00682	0.00491	0.00645	0.00643	0.00739	0.00455	0.00468	0.00882	0.01302	0.01825	0.60860	0.22468	0.04367	0.01149	0.00599	0.00168	0.00248	0.01025	0.00528	0.00455
65	0.00950	0.00531	0.00564	0.00536	0.00670	0.00533	0.00407	0.05902	0.01190	0.01963	0.15126	0.02143	0.01849	0.00658	0.00400	0.00125	0.00253	0.00540	0.65173	0.00489
66	0.00661	0.00503	0.00578	0.00562	0.00680	0.00452	0.00403	0.00810	0.01178	0.01549	0.35004	0.04086	0.34937	0.15341	0.00929	0.00219	0.00286	0.00933	0.00470	0.00420
67	0.01240	0.01071	0.01127	0.01014	0.01296	0.01240	0.00789	0.02649	0.78473	0.02085	0.02029	0.01860	0.01522	0.00676	0.00507	0.00169	0.00394	0.00564	0.00507	0.00789
68	0.00866	0.00433	0.00649	0.00649	0.00649	0.00433	0.00433	0.00649	0.00649	0.00866	0.00866	0.01515	0.00866	0.01732	0.01948	0.85498	0.00433	0.00433	0.00216	0.00216
69	0.01237	0.59628	0.24925	0.01017	0.01533	0.01737	0.01138	0.01517	0.01024	0.01290	0.00751	0.00873	0.00637	0.00440	0.00364	0.00121	0.00592	0.00296	0.00212	0.00668
70	0.01071	0.00915	0.01087	0.00779	0.01222	0.00711	0.01990	0.04358	0.01089	0.01685	0.00901	0.01046	0.00743	0.00379	0.00378	0.00079	0.00385	0.00307	0.00303	0.80573
71	0.01034	0.00886	0.01034	0.00738	0.01181	0.00664	0.00591	0.01255	0.01034	0.01624	0.00886	0.01034	0.00738	0.00369	0.00369	0.00074	0.00369	0.00295	0.00295	0.85530
72	0.01120	0.00967	0.01056	0.00914	0.01207	0.01028	0.00713	0.02076	0.49900	0.01870	0.01936	0.05078	0.06235	0.00682	0.00520	0.00149	0.02863	0.00562	0.00444	0.20679
73	0.00901	0.00825	0.01374	0.67235	0.02989	0.01023	0.01251	0.01207	0.00963	0.01253	0.00964	0.01439	0.00766	0.01064	0.14466	0.00277	0.00782	0.00459	0.00229	0.00535
74	0.01059	0.09136	0.59938	0.01491	0.02161	0.01244	0.14977	0.01574	0.01071	0.01547	0.00897	0.01082	0.00654	0.00460	0.00481	0.00155	0.00738	0.00398	0.00218	0.00717
75	0.00998	0.00961	0.01351	0.01229	0.03124	0.01295	0.00977	0.01110	0.00807	0.01222	0.01048	0.15272	0.01137	0.01070	0.03850	0.00232	0.62920	0.00611	0.00263	0.00524
76	0.00982	0.00966	0.01747	0.67461	0.03288	0.01134	0.14683	0.01330	0.01028	0.01330	0.00907	0.01332	0.00680	0.00485	0.00514	0.00166	0.00695	0.00468	0.00227	0.00574
77	0.01862	0.02376	0.01413	0.01284	0.01541	0.80482	0.00963	0.01990	0.01413	0.01220	0.00770	0.00899	0.00642	0.00514	0.00449	0.00128	0.00899	0.00321	0.00257	0.00578
78	0.86003	0.00964	0.00733	0.00655	0.00964	0.01118	0.00540	0.01465	0.00848	0.02236	0.00694	0.00810	0.00540	0.00463	0.00308	0.00154	0.00386	0.00270	0.00308	0.00540
79	0.00953	0.00968	0.01813	0.01656	0.15238	0.00907	0.33287	0.01228	0.01125	0.01490	0.02265	0.14633	0.20581	0.00809	0.00579	0.00170	0.00566	0.00806	0.00336	0.00589
80	0.00589	0.00505	0.00505	0.00505	0.00673	0.00421	0.00379	0.00715	0.01136	0.01347	0.05049	0.04797	0.79171	0.01262	0.00589	0.00168	0.00252	0.01052	0.00463	0.00421
81	0.01308	0.01102	0.01144	0.01013	0.01288	0.03636	0.00788	0.15531	0.54842	0.02159	0.01919	0.09980	0.01560	0.00749	0.00517	0.00168	0.00426	0.00624	0.00493	0.00753
82	0.15791	0.00900	0.01362	0.67209	0.03002	0.01109	0.01237	0.01307	0.00971	0.01442	0.00852	0.01238	0.00643	0.00492	0.00465	0.00164	0.00616	0.00413	0.00237	0.00551
83	0.00712	0.00533	0.00796	0.00796	0.00883	0.00620	0.00617	0.00887	0.00800	0.01153	0.01340	0.01984	0.01257	0.05313	0.78948	0.00795	0.01318	0.00538	0.00268	0.00442
84	0.16114	0.68499	0.02284	0.00818	0.01224	0.01823	0.00798	0.01488	0.00984	0.01358	0.00693	0.00801	0.00622	0.00433	0.00318	0.00115	0.00507	0.00267	0.00230	0.00622
85	0.00690	0.00509	0.00644	0.00611	0.00735	0.00464	0.00458	0.00910	0.01374	0.01910	0.69076	0.03869	0.14792	0.01052	0.00588	0.00158	0.00238	0.00922	0.00537	0.00464
86	0.01158	0.01314	0.02860	0.02050	0.02540	0.01232	0.74864	0.01570	0.01177	0.01599	0.02472	0.02733	0.00871	0.00450	0.00589	0.00168	0.00820	0.00608	0.00261	0.00664
87	0.00725	0.00483	0.00544	0.00544	0.00544	0.00483	0.00302	0.00725	0.00725	0.00966	0.01571	0.03262	0.01812	0.82483	0.02537	0.00483	0.00483	0.00725	0.00302	0.00302
88	0.01091	0.01091	0.01527	0.01309	0.01309	0.01527	0.01091	0.01200	0.00763	0.01200	0.00654	0.01091	0.00654	0.00872	0.01636	0.00218	0.81570	0.00436	0.00218	0.00545
89	0.01234	0.01184	0.02023	0.03059	0.79373	0.01184	0.01530	0.01530	0.01135	0.01628	0.00938	0.01234	0.00790	0.00444	0.00493	0.00148	0.00592	0.00444	0.00247	0.00790
90	0.01159	0.01078	0.01810	0.02686	0.65697	0.01078	0.01403	0.01443	0.01137	0.01605	0.01235	0.02000	0.01152	0.00607	0.00528	0.00162	0.00569	0.13637	0.00284	0.00732
91	0.00609	0.00506	0.00533	0.00526	0.00686	0.00429	0.00395	0.00755	0.01184	0.01460	0.17978	0.04610	0.66171	0.01220	0.00589	0.00166	0.00249	0.01026	0.00478	0.00429
92	0.01333	0.82783	0.02612	0.00853	0.01279	0.01972	0.00853	0.01493	0.01013	0.01173	0.00693	0.00800	0.00640	0.00426	0.00320	0.00107	0.00533	0.00267	0.00213	0.00640
93	0.01006	0.00976	0.01361	0.01201	0.01206	0.01331	0.00981	0.01111	0.00797	0.01212	0.01020	0.15242	0.01116	0.00993	0.01461	0.00215	0.67381	0.00607	0.00261	0.00521
94	0.71206	0.00983	0.00801	0.00718	0.01022	0.01139	0.00583	0.01672	0.14399	0.02210	0.00927	0.00993	0.00711	0.00500	0.00343	0.00157	0.00387	0.00321	0.00343	0.00583

[dist]
# distance from previous block
# <min> <max>
0	1

[block]
# block no. 5 follows, 50 sequences, length 311
# corresponding to MSA columns:
# 1499-1809
name=unknown_F
#
# <colnr> <probs for GDERKNQSTAVLIFYWHMCP>
#	G	D	E	R	K	N	Q	S	T	A	V	L	I	F	Y	W	H	M	C	P
0	0.70753	0.00950	0.00787	0.00670	0.01003	0.01037	0.00549	0.01427	0.00882	0.02126	0.00728	0.00850	0.00575	0.00446	0.00319	0.00140	0.00383	0.00274	0.00306	0.15794
1	0.01534	0.01217	0.01293	0.01074	0.01408	0.01377	0.00860	0.36414	0.44228	0.02560	0.01654	0.01561	0.01218	0.00641	0.00503	0.00160	0.00464	0.00512	0.00503	0.00815
2	0.01007	0.04236	0.78303	0.01409	0.02139	0.01174	0.01821	0.01577	0.01052	0.01570	0.00890	0.01047	0.00632	0.00473	0.00470	0.00157	0.00732	0.00366	0.00211	0.00735
3	0.00907	0.00830	0.01383	0.64931	0.04829	0.01022	0.01251	0.01211	0.00965	0.01261	0.00968	0.01440	0.00772	0.01079	0.14858	0.00280	0.00783	0.00459	0.00230	0.00540
4	0.01862	0.02376	0.01413	0.01284	0.01541	0.80482	0.00963	0.01990	0.01413	0.01220	0.00770	0.00899	0.00642	0.00514	0.00449	0.00128	0.00899	0.00321	0.00257	0.00578
5	0.01043	0.00847	0.00981	0.00971	0.01178	0.00940	0.00795	0.01922	0.43690	0.01818	0.02303	0.03552	0.02127	0.00991	0.00589	0.00196	0.00423	0.34505	0.00486	0.00641
6	0.01240	0.01071	0.01127	0.01014	0.01296	0.01240	0.00789	0.02649	0.78473	0.02085	0.02029	0.01860	0.01522	0.00676	0.00507	0.00169	0.00394	0.00564	0.00507	0.00789
7	0.02829	0.00656	0.01061	0.00931	0.01101	0.00612	0.15473	0.00964	0.01143	0.01567	0.23063	0.32574	0.12226	0.01128	0.00601	0.00179	0.00383	0.02588	0.00441	0.00481
8	0.01019	0.00958	0.01428	0.63110	0.02955	0.02944	0.01261	0.01535	0.14906	0.01416	0.01083	0.01409	0.00818	0.00540	0.00527	0.00167	0.02595	0.00462	0.00273	0.00596
9	0.01181	0.01131	0.01928	0.17100	0.65743	0.01171	0.01504	0.01484	0.01110	0.01565	0.00928	0.01251	0.00767	0.00454	0.00494	0.00151	0.00605	0.00444	0.00242	0.00747
10	0.02069	0.00923	0.01184	0.00916	0.01285	0.00860	0.00753	0.15838	0.01590	0.60605	0.07158	0.01747	0.01404	0.00641	0.00507	0.00154	0.00433	0.00519	0.00591	0.00822
11	0.00685	0.00509	0.00637	0.00605	0.00732	0.00461	0.00454	0.00900	0.01362	0.01882	0.65818	0.03916	0.18069	0.01063	0.00588	0.00159	0.00238	0.00928	0.00533	0.00461
12	0.00722	0.00494	0.00597	0.00597	0.00616	0.00512	0.00369	0.00759	0.00741	0.01006	0.01522	0.02991	0.01694	0.66117	0.18742	0.00549	0.00660	0.00685	0.00295	0.00332
13	0.01439	0.01111	0.01196	0.01028	0.01339	0.01253	0.00813	0.16103	0.58511	0.08621	0.01874	0.01727	0.01377	0.00657	0.00505	0.00164	0.00425	0.00538	0.00515	0.00804
14	0.03803	0.02107	0.01345	0.01220	0.01483	0.64323	0.00922	0.02096	0.15230	0.01400	0.00994	0.01069	0.00797	0.00542	0.00456	0.00136	0.00796	0.00363	0.00303	0.00615
15	0.00607	0.00434	0.00578	0.00694	0.00723	0.00405	0.00463	0.00694	0.00954	0.01272	0.02747	0.82157	0.03297	0.01562	0.00636	0.00202	0.00289	0.01417	0.00463	0.00405
16	0.01155	0.40003	0.43836	0.01156	0.01748	0.01538	0.01380	0.01538	0.01034	0.01389	0.00800	0.00934	0.00635	0.00452	0.00402	0.00134	0.00642	0.00321	0.00212	0.00691
17	0.01009	0.02512	0.75737	0.01457	0.02182	0.01163	0.05938	0.01580	0.01059	0.01580	0.00901	0.01068	0.00638	0.00471	0.00480	0.00158	0.00742	0.00380	0.00213	0.00733
18	0.01871	0.02116	0.01435	0.01248	0.01542	0.59599	0.00959	0.22023	0.01659	0.01728	0.00883	0.00978	0.00696	0.00536	0.00462	0.00134	0.00806	0.00355	0.00321	0.00649
19	0.01240	0.01071	0.01127	0.01014	0.01296	0.01240	0.00789	0.02649	0.78473	0.02085	0.02029	0.01860	0.01522	0.00676	0.00507	0.00169	0.00394	0.00564	0.00507	0.00789
20	0.01043	0.08390	0.73079	0.01371	0.02080	0.01210	0.01753	0.01585	0.01055	0.02736	0.00896	0.01044	0.00641	0.00472	0.00463	0.00154	0.00717	0.00363	0.00217	0.00731
21	0.00712	0.00534	0.00801	0.00801	0.00890	0.00623	0.00623	0.00890	0.00801	0.01157	0.01335	0.01958	0.01246	0.03738	0.80507	0.00801	0.01335	0.00534	0.00267	0.00445
22	0.00728	0.00607	0.00647	0.00619	0.00798	0.00577	0.00469	0.01104	0.15068	0.01601	0.18367	0.04069	0.51298	0.01112	0.00574	0.00166	0.00275	0.00936	0.00487	0.00496
23	0.00718	0.00492	0.00586	0.00573	0.00613	0.00479	0.00360	0.00800	0.00962	0.01324	0.28423	0.03422	0.02813	0.54272	0.01862	0.00370	0.00397	0.00786	0.00387	0.00360
24	0.00952	0.00897	0.01515	0.78347	0.06285	0.01110	0.01390	0.01283	0.01002	0.01287	0.00888	0.01325	0.00669	0.00496	0.00498	0.00165	0.00662	0.00443	0.00222	0.00563
25	0.00684	0.00509	0.00636	0.00604	0.00731	0.00461	0.00453	0.00899	0.01360	0.01878	0.65364	0.03923	0.18525	0.01064	0.00588	0.00159	0.00238	0.00929	0.00533	0.00461
26	0.00939	0.00810	0.01310	0.66779	0.02921	0.00992	0.01198	0.01253	0.01005	0.01378	0.01019	0.01424	0.00774	0.00513	0.00471	0.00157	0.00587	0.00447	0.15483	0.00538
27	0.02236	0.00848	0.01157	0.00887	0.01272	0.00733	0.00733	0.02429	0.01427	0.79719	0.01966	0.01697	0.01234	0.00617	0.00501	0.00154	0.00424	0.00501	0.00617	0.00848
28	0.00712	0.00534	0.00801	0.00801	0.00890	0.00623	0.00623	0.00890	0.00801	0.01157	0.01335	0.01958	0.01246	0.03738	0.80507	0.00801	0.01335	0.00534	0.00267	0.00445
29	0.01240	0.01071	0.01127	0.01014	0.01296	0.01240	0.00789	0.02649	0.78473	0.02085	0.02029	0.01860	0.01522	0.00676	0.00507	0.00169	0.00394	0.00564	0.00507	0.00789
30	0.01406	0.01117	0.01855	0.04578	0.63503	0.01101	0.01383	0.01685	0.01184	0.15636	0.01121	0.01319	0.00866	0.00476	0.00495	0.00150	0.00564	0.00454	0.00313	0.00794
31	0.01187	0.01316	0.02776	0.02273	0.16384	0.01247	0.63916	0.01585	0.01169	0.01602	0.00996	0.01325	0.00762	0.00424	0.00571	0.00164	0.00796	0.00562	0.00251	0.00693
32	0.86003	0.00964	0.00733	0.00655	0.00964	0.01118	0.00540	0.01465	0.00848	0.02236	0.00694	0.00810	0.00540	0.00463	0.00308	0.00154	0.00386	0.00270	0.00308	0.00540
