[name]
unknown

[dist]
# distance from previous block
# <min> <max>
0	716

[block]
# block no. 0 follows, 55 sequences, length 31
# corresponding to MSA columns:
# 717-747
name=unknown_A
#
# <colnr> <probs for GDERKNQSTAVLIFYWHMCP>
#	G	D	E	R	K	N	Q	S	T	A	V	L	I	F	Y	W	H	M	C	P
0	0.00750	0.00535	0.00750	0.00857	0.00964	0.00535	0.00750	0.00964	0.01071	0.01392	0.02463	0.05248	0.02677	0.01285	0.00643	0.00214	0.00428	0.77617	0.00428	0.00428
1	0.01711	0.06714	0.01380	0.01176	0.01425	0.77383	0.00893	0.01832	0.01298	0.01136	0.00715	0.00834	0.00599	0.00475	0.00413	0.00119	0.00820	0.00297	0.00237	0.00543
2	0.00622	0.00447	0.00591	0.00621	0.00696	0.00416	0.00447	0.00783	0.01127	0.01560	0.44593	0.37598	0.03771	0.01178	0.00571	0.00167	0.00248	0.03675	0.00475	0.00413
3	0.00570	0.00487	0.00492	0.00488	0.00647	0.00416	0.00367	0.00726	0.03369	0.01292	0.06566	0.04372	0.76304	0.01156	0.00548	0.00157	0.00239	0.00965	0.00435	0.00404
4	0.01287	0.01102	0.01383	0.25750	0.12376	0.04158	0.01047	0.26088	0.18438	0.01943	0.01151	0.01282	0.00862	0.00524	0.00465	0.00147	0.00531	0.00435	0.00350	0.00681
5	0.32032	0.00885	0.00974	0.00777	0.01113	0.00892	0.00642	0.10169	0.01232	0.44815	0.01339	0.01241	0.00884	0.00523	0.00404	0.00143	0.00396	0.00386	0.00462	0.00690
6	0.00570	0.00472	0.00499	0.00492	0.00641	0.00401	0.00369	0.00706	0.01108	0.01369	0.18685	0.04292	0.66517	0.01136	0.00550	0.00155	0.00233	0.00956	0.00447	0.00401
7	0.01098	0.01128	0.02158	0.06733	0.42645	0.01106	0.32222	0.01420	0.01077	0.01502	0.03681	0.01279	0.00846	0.00427	0.00499	0.00147	0.00637	0.00483	0.00241	0.00671
8	0.00653	0.03394	0.00750	0.00750	0.00827	0.00505	0.04255	0.00795	0.02601	0.01242	0.02392	0.64383	0.02788	0.01329	0.00585	0.00187	0.00326	0.11411	0.00415	0.00412
9	0.00665	0.00498	0.00748	0.00748	0.00831	0.00582	0.00582	0.00831	0.00748	0.01080	0.01246	0.01828	0.01163	0.03489	0.81807	0.00748	0.01246	0.00498	0.00249	0.00415
10	0.00571	0.00469	0.00502	0.00501	0.00643	0.00400	0.00373	0.00705	0.01099	0.01365	0.18500	0.08072	0.62888	0.01150	0.00552	0.00157	0.00234	0.00972	0.00447	0.00400
11	0.01119	0.33831	0.42906	0.01103	0.01635	0.07440	0.01278	0.01495	0.02870	0.01313	0.00779	0.00898	0.00613	0.00432	0.00386	0.00127	0.00618	0.00308	0.00207	0.00643
12	0.01172	0.01144	0.01869	0.02798	0.77994	0.03908	0.01409	0.01443	0.01068	0.01507	0.00870	0.01141	0.00732	0.00417	0.00459	0.00138	0.00563	0.00411	0.00231	0.00730
13	0.00750	0.00535	0.00750	0.00857	0.00964	0.00535	0.00750	0.00964	0.01071	0.01392	0.02463	0.05248	0.02677	0.01285	0.00643	0.00214	0.00428	0.77617	0.00428	0.00428
14	0.00806	0.00497	0.00521	0.00502	0.00648	0.00470	0.00381	0.01045	0.05388	0.05058	0.07556	0.02852	0.30857	0.00809	0.00437	0.00133	0.00240	0.00669	0.40679	0.00451
15	0.01582	0.01385	0.09014	0.01049	0.01408	0.11486	0.00905	0.33166	0.20241	0.12949	0.01320	0.01278	0.00945	0.00557	0.00459	0.00143	0.00521	0.00428	0.00427	0.00736
16	0.01030	0.27941	0.56558	0.01160	0.01757	0.01319	0.01430	0.01448	0.00971	0.01355	0.00776	0.00908	0.00592	0.00428	0.00397	0.00132	0.00628	0.00314	0.00197	0.00659
17	0.01873	0.01065	0.01240	0.00959	0.01320	0.01099	0.00789	0.41728	0.06095	0.36647	0.01470	0.01353	0.00982	0.00570	0.00467	0.00142	0.00454	0.00446	0.00514	0.00788
18	0.86937	0.00900	0.00684	0.00612	0.00900	0.01044	0.00504	0.01368	0.00792	0.02087	0.00648	0.00756	0.00504	0.00432	0.00288	0.00144	0.00360	0.00252	0.00288	0.00504
19	0.00981	0.00810	0.00952	0.00688	0.01086	0.00613	0.00550	0.01187	0.00991	0.03687	0.04574	0.01099	0.00874	0.00379	0.00357	0.00075	0.00340	0.00307	0.00295	0.80156
20	0.86937	0.00900	0.00684	0.00612	0.00900	0.01044	0.00504	0.01368	0.00792	0.02087	0.00648	0.00756	0.00504	0.00432	0.00288	0.00144	0.00360	0.00252	0.00288	0.00504
21	0.00750	0.00535	0.00750	0.00857	0.00964	0.00535	0.00750	0.00964	0.01071	0.01392	0.02463	0.05248	0.02677	0.01285	0.00643	0.00214	0.00428	0.77617	0.00428	0.00428
22	0.01151	0.01105	0.01888	0.02855	0.80748	0.01105	0.01428	0.01428	0.01059	0.01520	0.00875	0.01151	0.00737	0.00415	0.00461	0.00138	0.00553	0.00415	0.00230	0.00737
23	0.00767	0.00687	0.00679	0.00687	0.00843	0.07005	0.00536	0.01060	0.11493	0.01360	0.03360	0.11403	0.40536	0.01098	0.00552	0.00169	0.00344	0.16544	0.00421	0.00456
24	0.00585	0.00443	0.00544	0.00617	0.00697	0.00403	0.00447	0.00695	0.00970	0.01237	0.03257	0.47411	0.28494	0.01344	0.00586	0.00182	0.00279	0.10991	0.00431	0.00389
25	0.00619	0.00442	0.00600	0.00708	0.00758	0.00423	0.00523	0.00739	0.00942	0.01246	0.02535	0.60914	0.02962	0.01408	0.00608	0.00196	0.00315	0.23237	0.00431	0.00392
26	0.00664	0.00474	0.00651	0.00759	0.00828	0.00462	0.00601	0.00816	0.00986	0.01296	0.02511	0.41869	0.02865	0.01366	0.00620	0.00202	0.00354	0.41842	0.00430	0.00405
27	0.01244	0.83930	0.02438	0.00796	0.01194	0.01841	0.00796	0.01393	0.00945	0.01095	0.00647	0.00746	0.00597	0.00398	0.00299	0.00100	0.00498	0.00249	0.00199	0.00597
28	0.03220	0.00965	0.01618	0.41534	0.41000	0.01069	0.01338	0.01310	0.00990	0.01373	0.00846	0.01184	0.00674	0.00440	0.00458	0.00147	0.00581	0.00410	0.00220	0.00624
29	0.00968	0.11437	0.72511	0.01267	0.01923	0.01165	0.01617	0.01464	0.00978	0.01431	0.00814	0.00956	0.00590	0.00437	0.00426	0.00142	0.00666	0.00333	0.00197	0.00678
30	0.01157	0.00999	0.01052	0.00947	0.01210	0.01157	0.00736	0.02472	0.79908	0.01946	0.01893	0.01736	0.01420	0.00631	0.00473	0.00158	0.00368	0.00526	0.00473	0.00736

[dist]
# distance from previous block
# <min> <max>
2	32

[block]
# block no. 1 follows, 55 sequences, length 57
# corresponding to MSA columns:
# 780-836
name=unknown_B
#
# <colnr> <probs for GDERKNQSTAVLIFYWHMCP>
#	G	D	E	R	K	N	Q	S	T	A	V	L	I	F	Y	W	H	M	C	P
0	0.01740	0.01252	0.01353	0.01048	0.01411	0.01379	0.00862	0.69121	0.07987	0.07228	0.01216	0.01190	0.00859	0.00565	0.00466	0.00141	0.00495	0.00430	0.00472	0.00787
1	0.01107	0.47377	0.33196	0.00997	0.01510	0.01475	0.01143	0.01412	0.00961	0.01266	0.00730	0.00851	0.00599	0.00412	0.00357	0.00117	0.00563	0.00287	0.00202	0.05437
2	0.00760	0.00640	0.05252	0.00883	0.01023	0.00566	0.00804	0.00992	0.01066	0.01397	0.02372	0.05009	0.02561	0.01238	0.00631	0.00210	0.00443	0.73295	0.00415	0.00443
3	0.00600	0.00438	0.00568	0.00664	0.00705	0.00421	0.00449	0.00750	0.05310	0.01230	0.02527	0.78782	0.02984	0.01411	0.00587	0.00187	0.00275	0.01278	0.00434	0.00398
4	0.01076	0.01196	0.02554	0.03738	0.06746	0.01133	0.68550	0.01450	0.01091	0.01480	0.01021	0.01475	0.00817	0.00446	0.00548	0.00159	0.00748	0.04908	0.00245	0.00620
5	0.01025	0.00988	0.01714	0.38725	0.41410	0.01077	0.05709	0.01323	0.01003	0.01369	0.00857	0.01197	0.00683	0.00436	0.00468	0.00147	0.00596	0.00422	0.00220	0.00632
6	0.00968	0.11518	0.72432	0.01267	0.01922	0.01165	0.01616	0.01464	0.00978	0.01431	0.00814	0.00956	0.00590	0.00437	0.00426	0.00142	0.00666	0.00333	0.00197	0.00677
7	0.00658	0.00476	0.00622	0.00585	0.00695	0.00439	0.00439	0.00878	0.01317	0.01866	0.80503	0.03475	0.04390	0.00951	0.00549	0.00146	0.00219	0.00841	0.00512	0.00439
8	0.00670	0.00478	0.00643	0.00643	0.00689	0.00524	0.00451	0.00763	0.00717	0.01002	0.01342	0.02360	0.01394	0.38539	0.47073	0.00618	0.00898	0.00576	0.00264	0.00357
9	0.00567	0.00405	0.00540	0.00648	0.00675	0.00378	0.00432	0.00648	0.00891	0.01188	0.02564	0.83347	0.03077	0.01457	0.00594	0.00189	0.00270	0.01323	0.00432	0.00378
10	0.00677	0.00451	0.00507	0.00507	0.00507	0.00451	0.00282	0.00677	0.00677	0.00902	0.01466	0.03044	0.01691	0.83650	0.02368	0.00451	0.00451	0.00677	0.00282	0.00282
11	0.00933	0.02406	0.81240	0.01326	0.02014	0.01080	0.01719	0.01473	0.00982	0.01473	0.00835	0.00982	0.00589	0.00442	0.00442	0.00147	0.00688	0.00344	0.00196	0.00688
12	0.00870	0.00815	0.01371	0.80171	0.03131	0.01015	0.01267	0.01173	0.00929	0.01189	0.00877	0.03608	0.00691	0.00494	0.00469	0.00156	0.00610	0.00440	0.00213	0.00513
13	0.00559	0.00434	0.00510	0.00571	0.00655	0.00384	0.00398	0.00656	0.00964	0.01218	0.03498	0.49067	0.36754	0.01336	0.00575	0.00175	0.00255	0.01174	0.00432	0.00384
14	0.01244	0.83930	0.02438	0.00796	0.01194	0.01841	0.00796	0.01393	0.00945	0.01095	0.00647	0.00746	0.00597	0.00398	0.00299	0.00100	0.00498	0.00249	0.00199	0.00597
15	0.01676	0.01241	0.01335	0.01037	0.01389	0.01372	0.00852	0.71017	0.05926	0.02823	0.05655	0.01281	0.01026	0.00584	0.00470	0.00141	0.00488	0.00448	0.00468	0.00769
16	0.52142	0.00926	0.05325	0.00691	0.00993	0.00914	0.00597	0.05138	0.01002	0.07428	0.13165	0.01281	0.01184	0.00522	0.00362	0.00139	0.00365	0.00373	0.00345	0.07107
17	0.00879	0.00827	0.01395	0.82532	0.03204	0.01034	0.01292	0.01189	0.00930	0.01189	0.00827	0.01240	0.00620	0.00465	0.00465	0.00155	0.00620	0.00413	0.00207	0.00517
18	0.01768	0.01303	0.01396	0.01070	0.01443	0.01443	0.00884	0.79197	0.02187	0.02932	0.01117	0.01117	0.00791	0.00558	0.00465	0.00140	0.00512	0.00419	0.00465	0.00791
19	0.01670	0.05376	0.01367	0.05794	0.01529	0.74037	0.00917	0.01801	0.01282	0.01140	0.00722	0.00858	0.00600	0.00475	0.00417	0.00121	0.00813	0.00304	0.00236	0.00540
20	0.00933	0.02406	0.81240	0.01326	0.02014	0.01080	0.01719	0.01473	0.00982	0.01473	0.00835	0.00982	0.00589	0.00442	0.00442	0.00147	0.00688	0.00344	0.00196	0.00688
21	0.00913	0.00862	0.01458	0.72469	0.12998	0.01043	0.01309	0.01219	0.00947	0.01230	0.00833	0.01229	0.00635	0.00459	0.00465	0.00153	0.00612	0.00414	0.00210	0.00545
22	0.00621	0.00444	0.00602	0.00710	0.00761	0.00425	0.00526	0.00742	0.00944	0.01248	0.02534	0.60114	0.02958	0.01406	0.00608	0.00196	0.00317	0.24018	0.00431	0.00393
23	0.01151	0.01105	0.01888	0.02855	0.80748	0.01105	0.01428	0.01428	0.01059	0.01520	0.00875	0.01151	0.00737	0.00415	0.00461	0.00138	0.00553	0.00415	0.00230	0.00737
24	0.00786	0.00688	0.00874	0.00840	0.00923	0.06552	0.00659	0.00941	0.00784	0.01089	0.01129	0.01655	0.01053	0.02937	0.65882	0.00634	0.11422	0.00473	0.00243	0.00436
25	0.00567	0.00405	0.00540	0.00648	0.00675	0.00378	0.00432	0.00648	0.00891	0.01188	0.02564	0.83347	0.03077	0.01457	0.00594	0.00189	0.00270	0.01323	0.00432	0.00378
26	0.01151	0.01105	0.01888	0.02855	0.80748	0.01105	0.01428	0.01428	0.01059	0.01520	0.00875	0.01151	0.00737	0.00415	0.00461	0.00138	0.00553	0.00415	0.00230	0.00737
27	0.00867	0.00434	0.00434	0.00434	0.00542	0.00434	0.00325	0.01084	0.00976	0.01734	0.01518	0.01734	0.01192	0.00542	0.00325	0.00108	0.00217	0.00434	0.86233	0.00434
28	0.00551	0.00468	0.00475	0.00480	0.00631	0.00392	0.00357	0.00667	0.01052	0.01253	0.04608	0.08322	0.76783	0.01192	0.00552	0.00159	0.00237	0.00998	0.00432	0.00392
29	0.00658	0.00476	0.00622	0.00585	0.00695	0.00439	0.00439	0.00878	0.01317	0.01866	0.80503	0.03475	0.04390	0.00951	0.00549	0.00146	0.00219	0.00841	0.00512	0.00439
30	0.00677	0.00451	0.00507	0.00507	0.00507	0.00451	0.00282	0.00677	0.00677	0.00902	0.01466	0.03044	0.01691	0.83650	0.02368	0.00451	0.00451	0.00677	0.00282	0.00282
31	0.00562	0.00467	0.00492	0.00496	0.00639	0.00396	0.00368	0.00688	0.01074	0.01314	0.12277	0.10400	0.66873	0.01176	0.00553	0.00158	0.00237	0.00994	0.00440	0.00396
32	0.00879	0.00827	0.01395	0.82532	0.03204	0.01034	0.01292	0.01189	0.00930	0.01189	0.00827	0.01240	0.00620	0.00465	0.00465	0.00155	0.00620	0.00413	0.00207	0.00517
33	0.00988	0.00826	0.00967	0.00692	0.01104	0.00622	0.00554	0.01195	0.00972	0.03202	0.00848	0.00978	0.00699	0.00349	0.00347	0.00070	0.00346	0.00280	0.00282	0.84678
34	0.01180	0.01011	0.01065	0.00951	0.01218	0.01168	0.00742	0.05293	0.77050	0.01982	0.01865	0.01713	0.01397	0.00628	0.00473	0.00157	0.00373	0.00522	0.00473	0.00738
35	0.01076	0.01029	0.01752	0.24809	0.59382	0.01086	0.01390	0.01362	0.01024	0.01429	0.00862	0.01176	0.00705	0.00428	0.00462	0.00143	0.00571	0.00414	0.00224	0.00676
36	0.01179	0.32070	0.07733	0.01352	0.01776	0.07538	0.34940	0.01461	0.01044	0.01327	0.00836	0.01039	0.00673	0.00412	0.00428	0.00130	0.00648	0.00399	0.04411	0.00604
37	0.01738	0.02217	0.01318	0.01199	0.01438	0.81783	0.00899	0.01858	0.01318	0.01139	0.00719	0.00839	0.00599	0.00479	0.00419	0.00120	0.00839	0.00300	0.00240	0.00539
38	0.00571	0.00472	0.00500	0.00493	0.00641	0.00402	0.00370	0.00708	0.01110	0.01375	0.19373	0.04283	0.65826	0.01134	0.00550	0.00155	0.00233	0.00955	0.00448	0.00402
39	0.01005	0.00909	0.01647	0.01281	0.01560	0.00879	0.35932	0.08091	0.02856	0.04409	0.01558	0.18229	0.02929	0.11213	0.00781	0.00202	0.00561	0.05082	0.00333	0.00541
40	0.00661	0.00518	0.00756	0.20387	0.01288	0.00551	0.00646	0.00798	0.00894	0.01177	0.02054	0.52849	0.02354	0.07585	0.00703	0.00203	0.00377	0.05426	0.00366	0.00407
41	0.00567	0.00405	0.00540	0.00648	0.00675	0.00378	0.00432	0.00648	0.00891	0.01188	0.02564	0.83347	0.03077	0.01457	0.00594	0.00189	0.00270	0.01323	0.00432	0.00378
42	0.01634	0.01013	0.01677	0.01241	0.01629	0.00959	0.28034	0.13604	0.01363	0.37597	0.01399	0.01405	0.00943	0.00507	0.00489	0.00146	0.00540	0.00487	0.04616	0.00717
43	0.01354	0.07505	0.01654	0.11467	0.01771	0.32908	0.14499	0.04825	0.06654	0.01331	0.00851	0.01051	0.00687	0.00512	0.00583	0.00143	0.10987	0.00388	0.00253	0.00576
44	0.00933	0.02406	0.81240	0.01326	0.02014	0.01080	0.01719	0.01473	0.00982	0.01473	0.00835	0.00982	0.00589	0.00442	0.00442	0.00147	0.00688	0.00344	0.00196	0.00688
45	0.00567	0.00405	0.00540	0.00648	0.00675	0.00378	0.00432	0.00648	0.00891	0.01188	0.02564	0.83347	0.03077	0.01457	0.00594	0.00189	0.00270	0.01323	0.00432	0.00378
46	0.00953	0.00929	0.01651	0.58610	0.16484	0.01064	0.11137	0.01268	0.00974	0.01284	0.00850	0.01227	0.00651	0.00447	0.00475	0.00152	0.00629	0.00431	0.00214	0.00569
47	0.01675	0.01539	0.01303	0.01072	0.01377	0.27661	0.00848	0.46553	0.04369	0.02206	0.01035	0.01136	0.00793	0.03827	0.00523	0.00145	0.00605	0.00394	0.02258	0.00679
48	0.00965	0.00827	0.00965	0.00689	0.01102	0.00620	0.00551	0.01171	0.00965	0.01516	0.00827	0.00965	0.00689	0.00345	0.00345	0.00069	0.00345	0.00276	0.00276	0.86494
49	0.01130	0.01084	0.01850	0.09037	0.74733	0.01100	0.01417	0.01409	0.01049	0.01494	0.00871	0.01158	0.00728	0.00418	0.00461	0.00139	0.00558	0.00414	0.00228	0.00720
50	0.00667	0.00487	0.00692	0.00692	0.00756	0.00551	0.00512	0.00795	0.00731	0.01039	0.01297	0.02110	0.01285	0.22065	0.63398	0.00679	0.01062	0.00540	0.00257	0.00384
51	0.63219	0.01012	0.00882	0.00739	0.01051	0.01155	0.00610	0.23042	0.01180	0.02322	0.00778	0.00856	0.00584	0.00467	0.00337	0.00143	0.00402	0.00298	0.00337	0.00584
52	0.01885	0.01117	0.01281	0.00982	0.01350	0.01166	0.00811	0.51136	0.01875	0.31434	0.01379	0.01287	0.00923	0.00565	0.00466	0.00141	0.00470	0.00437	0.00506	0.00791
53	0.00665	0.00498	0.00748	0.00748	0.00831	0.00582	0.00582	0.00831	0.00748	0.01080	0.01246	0.01828	0.01163	0.03489	0.81807	0.00748	0.01246	0.00498	0.00249	0.00415
54	0.00679	0.00500	0.00695	0.00688	0.00743	0.00568	0.00503	0.00792	0.00725	0.01026	0.01294	0.02177	0.01309	0.28108	0.54824	0.00639	0.03545	0.00550	0.00258	0.00377
55	0.00561	0.00469	0.00489	0.00491	0.00637	0.00397	0.00366	0.00687	0.01078	0.01313	0.12076	0.08096	0.69406	0.01169	0.00552	0.00158	0.00236	0.00984	0.00440	0.00397
56	0.00858	0.00773	0.00846	0.00818	0.00928	0.12449	0.00633	0.02506	0.00867	0.01151	0.01164	0.01648	0.01063	0.02818	0.63374	0.00607	0.02933	0.00463	0.03658	0.00443

[dist]
# distance from previous block
# <min> <max>
0	1

[block]
# block no. 2 follows, 55 sequences, length 107
# corresponding to MSA columns:
# 838-944
name=unknown_C
#
# <colnr> <probs for GDERKNQSTAVLIFYWHMCP>
#	G	D	E	R	K	N	Q	S	T	A	V	L	I	F	Y	W	H	M	C	P
0	0.01750	0.01346	0.01382	0.01074	0.01436	0.05961	0.00881	0.72682	0.04324	0.02803	0.01116	0.01119	0.00798	0.00556	0.00463	0.00139	0.00526	0.00415	0.00453	0.00775
1	0.01738	0.02217	0.01318	0.01199	0.01438	0.81783	0.00899	0.01858	0.01318	0.01139	0.00719	0.00839	0.00599	0.00479	0.00419	0.00120	0.00839	0.00300	0.00240	0.00539
2	0.00554	0.00471	0.00477	0.00475	0.00631	0.00394	0.00357	0.00675	0.01070	0.01279	0.07484	0.04441	0.77775	0.01170	0.00550	0.00157	0.00235	0.00977	0.00435	0.00394
3	0.00560	0.00472	0.00485	0.00482	0.00634	0.00397	0.00361	0.00687	0.01084	0.01312	0.11550	0.04387	0.73688	0.01158	0.00550	0.00156	0.00234	0.00969	0.00439	0.00397
4	0.00965	0.00827	0.00965	0.00689	0.01102	0.00620	0.00551	0.01171	0.00965	0.01516	0.00827	0.00965	0.00689	0.00345	0.00345	0.00069	0.00345	0.00276	0.00276	0.86494
5	0.00879	0.00827	0.01395	0.82532	0.03204	0.01034	0.01292	0.01189	0.00930	0.01189	0.00827	0.01240	0.00620	0.00465	0.00465	0.00155	0.00620	0.00413	0.00207	0.00517
6	0.01157	0.00999	0.01052	0.00947	0.01210	0.01157	0.00736	0.02472	0.79908	0.01946	0.01893	0.01736	0.01420	0.00631	0.00473	0.00158	0.00368	0.00526	0.00473	0.00736
7	0.01216	0.76654	0.09471	0.00843	0.01267	0.01773	0.00878	0.01400	0.00949	0.01128	0.00664	0.00767	0.00596	0.00402	0.00311	0.00104	0.00514	0.00257	0.00199	0.00605
8	0.00552	0.00471	0.00474	0.00473	0.00629	0.00394	0.00355	0.00671	0.01065	0.01267	0.05989	0.04460	0.79277	0.01174	0.00550	0.00157	0.00235	0.00979	0.00433	0.00394
9	0.01151	0.01105	0.01888	0.02855	0.80748	0.01105	0.01428	0.01428	0.01059	0.01520	0.00875	0.01151	0.00737	0.00415	0.00461	0.00138	0.00553	0.00415	0.00230	0.00737
10	0.00986	0.00644	0.03847	0.00731	0.00898	0.00597	0.00584	0.04091	0.00974	0.17566	0.01896	0.11310	0.10061	0.10760	0.32407	0.00419	0.00717	0.00648	0.00366	0.00496
11	0.00567	0.00405	0.00540	0.00648	0.00675	0.00378	0.00432	0.00648	0.00891	0.01188	0.02564	0.83347	0.03077	0.01457	0.00594	0.00189	0.00270	0.01323	0.00432	0.00378
12	0.02087	0.00792	0.01080	0.00828	0.01188	0.00684	0.00684	0.02267	0.01332	0.81071	0.01835	0.01583	0.01152	0.00576	0.00468	0.00144	0.00396	0.00468	0.00576	0.00792
13	0.00933	0.02406	0.81240	0.01326	0.02014	0.01080	0.01719	0.01473	0.00982	0.01473	0.00835	0.00982	0.00589	0.00442	0.00442	0.00147	0.00688	0.00344	0.00196	0.00688
14	0.01189	0.00744	0.00777	0.00661	0.00863	0.00793	0.00525	0.28941	0.01408	0.02161	0.01375	0.01514	0.01049	0.00548	0.00375	0.00120	0.00322	0.00428	0.55647	0.00561
15	0.01244	0.83930	0.02438	0.00796	0.01194	0.01841	0.00796	0.01393	0.00945	0.01095	0.00647	0.00746	0.00597	0.00398	0.00299	0.00100	0.00498	0.00249	0.00199	0.00597
16	0.00944	0.05228	0.78513	0.01308	0.01985	0.01107	0.01687	0.01471	0.00981	0.01460	0.00828	0.00974	0.00590	0.00440	0.00437	0.00146	0.00681	0.00340	0.00197	0.00684
17	0.11063	0.01259	0.01318	0.01020	0.01383	0.01399	0.00843	0.70703	0.02035	0.02840	0.01066	0.01078	0.00760	0.00545	0.00446	0.00140	0.00495	0.00401	0.00446	0.00760
18	0.00933	0.02406	0.81240	0.01326	0.02014	0.01080	0.01719	0.01473	0.00982	0.01473	0.00835	0.00982	0.00589	0.00442	0.00442	0.00147	0.00688	0.00344	0.00196	0.00688
19	0.01768	0.01303	0.01396	0.01070	0.01443	0.01443	0.00884	0.79197	0.02187	0.02932	0.01117	0.01117	0.00791	0.00558	0.00465	0.00140	0.00512	0.00419	0.00465	0.00791
20	0.00658	0.00476	0.00622	0.00585	0.00695	0.00439	0.00439	0.00878	0.01317	0.01866	0.80503	0.03475	0.04390	0.00951	0.00549	0.00146	0.00219	0.00841	0.00512	0.00439
21	0.00910	0.00888	0.01587	0.71077	0.03094	0.01054	0.12348	0.01232	0.00954	0.01232	0.00843	0.01242	0.00632	0.00455	0.00477	0.00155	0.00643	0.00433	0.00211	0.00533
22	0.02967	0.13962	0.68173	0.01234	0.01871	0.01188	0.01560	0.01459	0.00973	0.01434	0.00804	0.00943	0.00588	0.00436	0.00418	0.00140	0.00653	0.00328	0.00199	0.00670
23	0.00657	0.00473	0.00604	0.00573	0.00672	0.00439	0.00419	0.00849	0.01238	0.01739	0.69254	0.03463	0.06731	0.09984	0.00747	0.00180	0.00245	0.00828	0.00484	0.00420
24	0.01141	0.01095	0.01869	0.05910	0.77776	0.01103	0.01423	0.01419	0.01054	0.01507	0.00873	0.01155	0.00732	0.00416	0.00461	0.00139	0.00555	0.00414	0.00229	0.00728
25	0.00933	0.02406	0.81240	0.01326	0.02014	0.01080	0.01719	0.01473	0.00982	0.01473	0.00835	0.00982	0.00589	0.00442	0.00442	0.00147	0.00688	0.00344	0.00196	0.00688
26	0.00611	0.00460	0.00556	0.00589	0.00675	0.00424	0.00418	0.00760	0.02788	0.01368	0.21544	0.33410	0.23661	0.07427	0.00704	0.00190	0.00269	0.03307	0.00440	0.00399
27	0.00665	0.00498	0.00748	0.00748	0.00831	0.00582	0.00582	0.00831	0.00748	0.01080	0.01246	0.01828	0.01163	0.03489	0.81807	0.00748	0.01246	0.00498	0.00249	0.00415
28	0.02087	0.00792	0.01080	0.00828	0.01188	0.00684	0.00684	0.02267	0.01332	0.81071	0.01835	0.01583	0.01152	0.00576	0.00468	0.00144	0.00396	0.00468	0.00576	0.00792
29	0.01244	0.83930	0.02438	0.00796	0.01194	0.01841	0.00796	0.01393	0.00945	0.01095	0.00647	0.00746	0.00597	0.00398	0.00299	0.00100	0.00498	0.00249	0.00199	0.00597
30	0.00666	0.00494	0.00726	0.00726	0.00802	0.00570	0.00555	0.00817	0.00741	0.01064	0.01266	0.01937	0.01210	0.10669	0.74691	0.00721	0.01175	0.00514	0.00252	0.00403
31	0.00571	0.00408	0.00544	0.00652	0.00681	0.00381	0.00439	0.00655	0.00895	0.01192	0.02562	0.81661	0.03068	0.01454	0.00595	0.00189	0.00273	0.02969	0.00432	0.00379
32	0.02936	0.00703	0.00762	0.00623	0.00871	0.00668	0.00493	0.13572	0.01173	0.04518	0.01253	0.01396	0.00972	0.00488	0.00357	0.00104	0.00308	0.00384	0.43928	0.24490
33	0.00643	0.00475	0.00600	0.00569	0.00685	0.00432	0.00426	0.00847	0.01279	0.01776	0.69401	0.03622	0.15547	0.00984	0.00549	0.00148	0.00222	0.00862	0.00500	0.00432
34	0.01738	0.02217	0.01318	0.01199	0.01438	0.81783	0.00899	0.01858	0.01318	0.01139	0.00719	0.00839	0.00599	0.00479	0.00419	0.00120	0.00839	0.00300	0.00240	0.00539
35	0.01121	0.02945	0.01119	0.00794	0.01197	0.03551	0.03473	0.07754	0.01100	0.05250	0.00893	0.01007	0.00714	0.00381	0.00369	0.00084	0.00398	0.00307	0.00301	0.67244
36	0.01740	0.02157	0.01323	0.01190	0.01438	0.76471	0.00898	0.06971	0.01376	0.01257	0.00745	0.00857	0.00612	0.00485	0.00423	0.00121	0.00817	0.00308	0.00255	0.00556
37	0.00567	0.00405	0.00540	0.00648	0.00675	0.00378	0.00432	0.00648	0.00891	0.01188	0.02564	0.83347	0.03077	0.01457	0.00594	0.00189	0.00270	0.01323	0.00432	0.00378
38	0.00677	0.00451	0.00507	0.00507	0.00507	0.00451	0.00282	0.00677	0.00677	0.00902	0.01466	0.03044	0.01691	0.83650	0.02368	0.00451	0.00451	0.00677	0.00282	0.00282
39	0.01768	0.01303	0.01396	0.01070	0.01443	0.01443	0.00884	0.79197	0.02187	0.02932	0.01117	0.01117	0.00791	0.00558	0.00465	0.00140	0.00512	0.00419	0.00465	0.00791
40	0.00572	0.00411	0.00534	0.00629	0.00663	0.00383	0.00419	0.00651	0.00890	0.01176	0.02637	0.74217	0.07739	0.05850	0.00686	0.00201	0.00278	0.01267	0.00424	0.00374
41	0.03858	0.01837	0.01332	0.01175	0.01378	0.54610	0.00912	0.09412	0.01263	0.01339	0.00734	0.00902	0.00618	0.00557	0.00655	0.00140	0.18132	0.00333	0.00256	0.00557
42	0.00570	0.00469	0.00503	0.00515	0.00655	0.00402	0.00387	0.00697	0.01065	0.01302	0.09934	0.11367	0.64158	0.01192	0.00558	0.00162	0.00247	0.04982	0.00438	0.00397
43	0.01089	0.00979	0.01026	0.00760	0.01156	0.07540	0.00605	0.06919	0.01084	0.01587	0.00839	0.00965	0.00689	0.00372	0.00360	0.00078	0.00399	0.00288	0.00286	0.72980
44	0.01304	0.01262	0.01157	0.01110	0.07108	0.20770	0.00804	0.09820	0.30697	0.01725	0.01348	0.02980	0.01080	0.00584	0.00480	0.00140	0.03197	0.02117	0.07069	0.05250
45	0.01042	0.00603	0.00621	0.00557	0.00717	0.00630	0.00434	0.16269	0.01211	0.01967	0.01440	0.01614	0.01114	0.00545	0.00352	0.00114	0.00274	0.00431	0.69560	0.00503
46	0.00668	0.00477	0.00656	0.00764	0.00835	0.00465	0.00608	0.00823	0.00991	0.01301	0.02508	0.39942	0.02855	0.01362	0.00621	0.00203	0.00358	0.43725	0.00430	0.00406
47	0.01331	0.01123	0.01873	0.01424	0.01736	0.05434	0.34283	0.01649	0.05757	0.19134	0.01118	0.01292	0.00829	0.00597	0.02111	0.00172	0.18698	0.00484	0.00319	0.00636
48	0.06245	0.01264	0.01229	0.18492	0.01704	0.23746	0.00888	0.10454	0.01308	0.28409	0.01160	0.01203	0.00807	0.00515	0.00444	0.00139	0.00580	0.00392	0.00374	0.00646
49	0.00595	0.00450	0.00658	0.00718	0.00769	0.00421	0.04650	0.00693	0.00902	0.01204	0.02477	0.78943	0.02950	0.01400	0.00591	0.00187	0.00298	0.01281	0.00421	0.00391
50	0.01749	0.02071	0.01323	0.01174	0.01433	0.69948	0.00892	0.11518	0.01427	0.03145	0.00794	0.00890	0.00636	0.00491	0.00426	0.00123	0.00788	0.00318	0.00275	0.00576
51	0.00808	0.00404	0.00606	0.00606	0.00606	0.00404	0.00404	0.00606	0.00606	0.00808	0.00808	0.01414	0.00808	0.01616	0.01818	0.86465	0.00404	0.00404	0.00202	0.00202
52	0.01003	0.05473	0.01126	0.01070	0.07047	0.20185	0.06577	0.01208	0.05676	0.01263	0.01730	0.41940	0.01897	0.00959	0.00516	0.00159	0.00485	0.00846	0.00346	0.00495
53	0.01042	0.00873	0.01105	0.05176	0.01302	0.00726	0.04751	0.06728	0.01064	0.03520	0.00917	0.02858	0.00758	0.00399	0.00379	0.00088	0.00394	0.00336	0.00294	0.67291
54	0.01139	0.56367	0.29081	0.00975	0.01471	0.01584	0.01108	0.01420	0.00958	0.01223	0.00710	0.00826	0.00594	0.00413	0.00347	0.00116	0.00562	0.00281	0.00198	0.00628
55	0.02077	0.00808	0.01090	0.00835	0.01196	0.00708	0.00690	0.04707	0.01359	0.78592	0.01813	0.01569	0.01140	0.00575	0.00468	0.00144	0.00400	0.00466	0.00572	0.00792
56	0.00567	0.00405	0.00540	0.00648	0.00675	0.00378	0.00432	0.00648	0.00891	0.01188	0.02564	0.83347	0.03077	0.01457	0.00594	0.00189	0.00270	0.01323	0.00432	0.00378
57	0.11618	0.05185	0.28927	0.01075	0.02595	0.04268	0.01080	0.09439	0.24974	0.04560	0.01183	0.01203	0.00872	0.00513	0.00429	0.00146	0.00519	0.00395	0.00333	0.00685
58	0.00881	0.00830	0.01396	0.81147	0.03170	0.01040	0.01287	0.01187	0.00927	0.01187	0.00823	0.01237	0.00620	0.00471	0.00483	0.00156	0.02020	0.00413	0.00207	0.00517
59	0.01705	0.01236	0.01334	0.01041	0.01398	0.01365	0.00854	0.64959	0.12424	0.06953	0.01258	0.01224	0.00894	0.00569	0.00467	0.00142	0.00487	0.00436	0.00472	0.00784
60	0.00836	0.00621	0.00756	0.00729	0.00881	0.00640	0.00577	0.01322	0.20516	0.03374	0.40603	0.03314	0.03125	0.00919	0.00540	0.00162	0.00303	0.16645	0.03621	0.00517
61	0.01164	0.04208	0.08678	0.01760	0.02227	0.01226	0.60372	0.10173	0.01200	0.01631	0.00937	0.01197	0.00701	0.00421	0.00538	0.00153	0.02005	0.00506	0.00256	0.00648
62	0.86937	0.00900	0.00684	0.00612	0.00900	0.01044	0.00504	0.01368	0.00792	0.02087	0.00648	0.00756	0.00504	0.00432	0.00288	0.00144	0.00360	0.00252	0.00288	0.00504
63	0.00587	0.00461	0.00532	0.00554	0.00665	0.00410	0.00400	0.00733	0.02301	0.01372	0.19608	0.27566	0.40736	0.01206	0.00561	0.00164	0.00245	0.01047	0.00449	0.00403
64	0.00785	0.00643	0.00714	0.00685	0.00849	0.00662	0.00515	0.01330	0.27988	0.01626	0.21339	0.14203	0.24890	0.00977	0.00530	0.00159	0.00282	0.00840	0.00465	0.00519
65	0.17860	0.00983	0.01111	0.00868	0.01219	0.01004	0.00717	0.27767	0.01516	0.40218	0.01373	0.01273	0.00910	0.00543	0.00433	0.00143	0.00428	0.00411	0.00485	0.00738
66	0.00650	0.00470	0.00615	0.00595	0.00698	0.00435	0.00444	0.00856	0.01269	0.01784	0.70531	0.10735	0.05485	0.01008	0.00555	0.00152	0.00229	0.02555	0.00502	0.00432
67	0.00567	0.00405	0.00540	0.00648	0.00675	0.00378	0.00432	0.00648	0.00891	0.01188	0.02564	0.83347	0.03077	0.01457	0.00594	0.00189	0.00270	0.01323	0.00432	0.00378
68	0.00567	0.00405	0.00540	0.00648	0.00675	0.00378	0.00432	0.00648	0.00891	0.01188	0.02564	0.83347	0.03077	0.01457	0.00594	0.00189	0.00270	0.01323	0.00432	0.00378
69	0.01722	0.01280	0.01370	0.01061	0.01425	0.01421	0.00873	0.73422	0.08038	0.02858	0.01175	0.01164	0.00839	0.00564	0.00466	0.00141	0.00501	0.00427	0.00466	0.00787
70	0.00597	0.00418	0.00531	0.00609	0.00628	0.00398	0.00390	0.00656	0.00831	0.01108	0.02258	0.60965	0.02691	0.24366	0.01088	0.00262	0.00320	0.01142	0.00390	0.00351
71	0.01136	0.01090	0.01861	0.07317	0.76406	0.01101	0.01420	0.01414	0.01052	0.01501	0.00872	0.01156	0.00730	0.00417	0.00461	0.00139	0.00556	0.00414	0.00229	0.00725
72	0.00600	0.00429	0.00539	0.00613	0.00651	0.00404	0.00411	0.00674	0.00870	0.01144	0.02516	0.53988	0.09866	0.19353	0.00980	0.00245	0.00316	0.05642	0.00399	0.00361
73	0.01336	0.01549	0.01413	0.33153	0.11052	0.41166	0.01112	0.01548	0.01138	0.01201	0.00779	0.01031	0.00623	0.00467	0.00442	0.00136	0.00721	0.00357	0.00226	0.00553
74	0.00965	0.00827	0.00965	0.00689	0.01102	0.00620	0.00551	0.01171	0.00965	0.01516	0.00827	0.00965	0.00689	0.00345	0.00345	0.00069	0.00345	0.00276	0.00276	0.86494
75	0.01135	0.00635	0.00817	0.00707	0.00906	0.00606	0.00554	0.04246	0.07241	0.23944	0.45503	0.02642	0.02959	0.00944	0.04877	0.00179	0.00346	0.00680	0.00511	0.00571
76	0.00550	0.00471	0.00471	0.00471	0.00628	0.00393	0.00353	0.00668	0.01060	0.01257	0.04713	0.04477	0.80560	0.01178	0.00550	0.00157	0.00236	0.00982	0.00432	0.00393
77	0.00879	0.00827	0.01395	0.82532	0.03204	0.01034	0.01292	0.01189	0.00930	0.01189	0.00827	0.01240	0.00620	0.00465	0.00465	0.00155	0.00620	0.00413	0.00207	0.00517
78	0.00667	0.00490	0.00704	0.00704	0.00772	0.00558	0.00527	0.00803	0.00735	0.01048	0.01286	0.02049	0.01259	0.18077	0.67350	0.00694	0.01101	0.00531	0.00255	0.00391
79	0.00975	0.00902	0.01484	0.63897	0.16993	0.01068	0.01294	0.05416	0.01021	0.01341	0.00851	0.01218	0.00650	0.00461	0.00464	0.00151	0.00602	0.00414	0.00225	0.00571
80	0.05311	0.00947	0.01096	0.00861	0.01203	0.06153	0.00704	0.12947	0.01417	0.58020	0.01745	0.01568	0.04672	0.00589	0.00461	0.00142	0.00433	0.00465	0.00520	0.00745
81	0.81216	0.00927	0.00732	0.00643	0.00936	0.01070	0.00529	0.06595	0.00885	0.02144	0.00679	0.00780	0.00523	0.00440	0.00300	0.00144	0.00370	0.00263	0.00300	0.00523
82	0.01768	0.01303	0.01396	0.01070	0.01443	0.01443	0.00884	0.79197	0.02187	0.02932	0.01117	0.01117	0.00791	0.00558	0.00465	0.00140	0.00512	0.00419	0.00465	0.00791
83	0.01278	0.01141	0.01691	0.01376	0.05888	0.05220	0.26877	0.12827	0.21495	0.07367	0.05494	0.01518	0.02454	0.00537	0.00496	0.00148	0.00553	0.00515	0.00372	0.02754
84	0.01354	0.00659	0.00869	0.00718	0.00967	0.00583	0.00572	0.01580	0.03114	0.38554	0.35551	0.02424	0.02544	0.00736	0.00498	0.00142	0.00317	0.01997	0.00524	0.06299
85	0.02046	0.00831	0.01100	0.00847	0.01205	0.00745	0.00698	0.07470	0.03085	0.74082	0.01788	0.01555	0.01133	0.00576	0.00468	0.00144	0.00403	0.00466	0.00566	0.00790
86	0.01098	0.01255	0.02745	0.01961	0.02431	0.01176	0.79059	0.01490	0.01098	0.01490	0.00941	0.01255	0.00706	0.00392	0.00549	0.00157	0.00784	0.00549	0.00235	0.00627
87	0.01120	0.00957	0.01028	0.00934	0.01147	0.09353	0.04865	0.01825	0.39114	0.07697	0.01904	0.24632	0.01743	0.00831	0.00505	0.00161	0.00414	0.00724	0.00432	0.00613
88	0.00567	0.00405	0.00540	0.00648	0.00675	0.00378	0.00432	0.00648	0.00891	0.01188	0.02564	0.83347	0.03077	0.01457	0.00594	0.00189	0.00270	0.01323	0.00432	0.00378
89	0.02087	0.00792	0.01080	0.00828	0.01188	0.00684	0.00684	0.02267	0.01332	0.81071	0.01835	0.01583	0.01152	0.00576	0.00468	0.00144	0.00396	0.00468	0.00576	0.00792
90	0.01151	0.01105	0.01888	0.02855	0.80748	0.01105	0.01428	0.01428	0.01059	0.01520	0.00875	0.01151	0.00737	0.00415	0.00461	0.00138	0.00553	0.00415	0.00230	0.00737
91	0.00959	0.01024	0.06027	0.08938	0.25765	0.00941	0.24615	0.01244	0.01020	0.01404	0.01313	0.18703	0.01287	0.00671	0.00523	0.00160	0.00571	0.03965	0.00279	0.00593
92	0.00613	0.00471	0.00534	0.00518	0.00652	0.00415	0.00388	0.00780	0.01165	0.01542	0.36904	0.03902	0.43777	0.01047	0.00537	0.00150	0.00228	0.00892	0.05069	0.00415
93	0.00829	0.00735	0.00922	0.00858	0.00911	0.05571	0.00662	0.00941	0.00757	0.01059	0.01082	0.01787	0.01081	0.18569	0.38782	0.00500	0.23793	0.00497	0.00242	0.00422
94	0.01013	0.23297	0.61046	0.01190	0.01804	0.01275	0.01482	0.01453	0.00973	0.01376	0.00787	0.00922	0.00591	0.00431	0.00405	0.00135	0.00639	0.00319	0.00197	0.00664
95	0.01126	0.01134	0.01963	0.01652	0.10744	0.01165	0.38301	0.01860	0.31869	0.01665	0.01300	0.01427	0.00987	0.00496	0.00527	0.00156	0.02100	0.00522	0.00327	0.00680
96	0.00592	0.00505	0.00513	0.00510	0.00672	0.00443	0.00386	0.00785	0.05872	0.01302	0.04486	0.04329	0.73847	0.01147	0.00547	0.00159	0.00248	0.02807	0.00434	0.00415
97	0.01386	0.01440	0.01119	0.01007	0.01253	0.32600	0.00772	0.05455	0.39157	0.01656	0.01369	0.01358	0.01053	0.00561	0.00439	0.00138	0.00546	0.00425	0.07630	0.00636
98	0.01151	0.01105	0.01888	0.02855	0.80748	0.01105	0.01428	0.01428	0.01059	0.01520	0.00875	0.01151	0.00737	0.00415	0.00461	0.00138	0.00553	0.00415	0.00230	0.00737
99	0.00959	0.09198	0.74675	0.01282	0.01945	0.01144	0.01642	0.01467	0.00979	0.01442	0.00819	0.00963	0.00590	0.00438	0.00430	0.00143	0.00672	0.00336	0.00197	0.00680
100	0.01596	0.01267	0.01296	0.01043	0.01378	0.05673	0.00844	0.53664	0.23803	0.02561	0.01312	0.01274	0.00956	0.00574	0.00465	0.00144	0.00489	0.00442	0.00456	0.00762
101	0.01783	0.01062	0.01221	0.00960	0.01309	0.01113	0.00785	0.37720	0.14990	0.31739	0.01514	0.01394	0.01031	0.00577	0.00468	0.00144	0.00445	0.00455	0.00508	0.00782
102	0.00567	0.00405	0.00540	0.00648	0.00675	0.00378	0.00432	0.00648	0.00891	0.01188	0.02564	0.83347	0.03077	0.01457	0.00594	0.00189	0.00270	0.01323	0.00432	0.00378
103	0.00677	0.00451	0.00507	0.00507	0.00507	0.00451	0.00282	0.00677	0.00677	0.00902	0.01466	0.03044	0.01691	0.83650	0.02368	0.00451	0.00451	0.00677	0.00282	0.00282
104	0.01407	0.40721	0.12602	0.00974	0.01401	0.01583	0.00954	0.31793	0.01435	0.01863	0.00856	0.00923	0.00672	0.00467	0.00383	0.00122	0.00529	0.00328	0.00303	0.00685
105	0.00677	0.00451	0.00507	0.00507	0.00507	0.00451	0.00282	0.00677	0.00677	0.00902	0.01466	0.03044	0.01691	0.83650	0.02368	0.00451	0.00451	0.00677	0.00282	0.00282
106	0.00962	0.00875	0.01410	0.73293	0.05347	0.01070	0.01262	0.07789	0.01040	0.01346	0.00853	0.01227	0.00638	0.00472	0.00465	0.00153	0.00609	0.00414	0.00229	0.00546

[dist]
# distance from previous block
# <min> <max>
0	1

[block]
# block no. 3 follows, 55 sequences, length 230
# corresponding to MSA columns:
# 946-1175
name=unknown_D
#
# <colnr> <probs for GDERKNQSTAVLIFYWHMCP>
#	G	D	E	R	K	N	Q	S	T	A	V	L	I	F	Y	W	H	M	C	P
0	0.06973	0.00996	0.01167	0.00895	0.01256	0.02316	0.05806	0.19655	0.10548	0.04931	0.05170	0.01247	0.00995	0.00480	0.00414	0.00114	0.00420	0.00392	0.00364	0.35861
1	0.01218	0.01325	0.01390	0.01094	0.01417	0.25208	0.12861	0.01416	0.01063	0.01351	0.00797	0.00991	0.00665	0.00492	0.01866	0.00123	0.08886	0.00342	0.00251	0.37244
2	0.00894	0.04717	0.54219	0.01121	0.01631	0.00930	0.01345	0.01316	0.01032	0.02897	0.07907	0.02000	0.05825	0.00648	0.00481	0.00156	0.00574	0.11421	0.00276	0.00612
3	0.01450	0.50051	0.01978	0.00956	0.01295	0.30786	0.00838	0.05583	0.01145	0.01205	0.00697	0.00799	0.00608	0.00436	0.00351	0.00109	0.00622	0.00276	0.00228	0.00586
4	0.86937	0.00900	0.00684	0.00612	0.00900	0.01044	0.00504	0.01368	0.00792	0.02087	0.00648	0.00756	0.00504	0.00432	0.00288	0.00144	0.00360	0.00252	0.00288	0.00504
5	0.01882	0.00821	0.01059	0.00826	0.01164	0.00751	0.00677	0.10283	0.03687	0.62863	0.04295	0.01786	0.06455	0.00626	0.00476	0.00145	0.00392	0.00509	0.00550	0.00753
6	0.01775	0.00801	0.01048	0.00789	0.01164	0.00666	0.00647	0.01963	0.01230	0.58968	0.01555	0.01412	0.01023	0.00512	0.00434	0.00123	0.00382	0.00414	0.00492	0.24602
7	0.00965	0.00827	0.00965	0.00689	0.01102	0.00620	0.00551	0.01171	0.00965	0.01516	0.00827	0.00965	0.00689	0.00345	0.00345	0.00069	0.00345	0.00276	0.00276	0.86494
8	0.00965	0.00827	0.00965	0.00689	0.01102	0.00620	0.00551	0.01171	0.00965	0.01516	0.00827	0.00965	0.00689	0.00345	0.00345	0.00069	0.00345	0.00276	0.00276	0.86494
9	0.00567	0.00405	0.00540	0.00648	0.00675	0.00378	0.00432	0.00648	0.00891	0.01188	0.02564	0.83347	0.03077	0.01457	0.00594	0.00189	0.00270	0.01323	0.00432	0.00378
10	0.00567	0.00405	0.00540	0.00648	0.00675	0.00378	0.00432	0.00648	0.00891	0.01188	0.02564	0.83347	0.03077	0.01457	0.00594	0.00189	0.00270	0.01323	0.00432	0.00378
11	0.00567	0.00405	0.00540	0.00648	0.00675	0.00378	0.00432	0.00648	0.00891	0.01188	0.02564	0.83347	0.03077	0.01457	0.00594	0.00189	0.00270	0.01323	0.00432	0.00378
12	0.00574	0.00466	0.00509	0.00512	0.00647	0.00401	0.00379	0.00709	0.01096	0.01375	0.20030	0.12143	0.57218	0.01160	0.00554	0.00158	0.00236	0.00987	0.00448	0.00401
13	0.00567	0.00405	0.00540	0.00648	0.00675	0.00378	0.00432	0.00648	0.00891	0.01188	0.02564	0.83347	0.03077	0.01457	0.00594	0.00189	0.00270	0.01323	0.00432	0.00378
14	0.01244	0.83930	0.02438	0.00796	0.01194	0.01841	0.00796	0.01393	0.00945	0.01095	0.00647	0.00746	0.00597	0.00398	0.00299	0.00100	0.00498	0.00249	0.00199	0.00597
15	0.00879	0.00827	0.01395	0.82532	0.03204	0.01034	0.01292	0.01189	0.00930	0.01189	0.00827	0.01240	0.00620	0.00465	0.00465	0.00155	0.00620	0.00413	0.00207	0.00517
16	0.00889	0.00837	0.01414	0.79542	0.06114	0.01036	0.01297	0.01198	0.00935	0.01201	0.00829	0.01237	0.00625	0.00463	0.00465	0.00154	0.00618	0.00413	0.00208	0.00525
17	0.01244	0.83930	0.02438	0.00796	0.01194	0.01841	0.00796	0.01393	0.00945	0.01095	0.00647	0.00746	0.00597	0.00398	0.00299	0.00100	0.00498	0.00249	0.00199	0.00597
18	0.01244	0.83930	0.02438	0.00796	0.01194	0.01841	0.00796	0.01393	0.00945	0.01095	0.00647	0.00746	0.00597	0.00398	0.00299	0.00100	0.00498	0.00249	0.00199	0.00597
19	0.00965	0.00827	0.00965	0.00689	0.01102	0.00620	0.00551	0.01171	0.00965	0.01516	0.00827	0.00965	0.00689	0.00345	0.00345	0.00069	0.00345	0.00276	0.00276	0.86494
20	0.00621	0.00474	0.00570	0.00546	0.00672	0.00423	0.00409	0.00805	0.01228	0.01654	0.54208	0.03823	0.30816	0.01030	0.00549	0.00150	0.00225	0.00890	0.00484	0.00423
21	0.01157	0.00999	0.01052	0.00947	0.01210	0.01157	0.00736	0.02472	0.79908	0.01946	0.01893	0.01736	0.01420	0.00631	0.00473	0.00158	0.00368	0.00526	0.00473	0.00736
22	0.01013	0.00834	0.00976	0.00700	0.01111	0.00637	0.00561	0.02605	0.00998	0.03912	0.00862	0.00986	0.00705	0.00355	0.00350	0.00072	0.00349	0.00284	0.00288	0.82403
23	0.00567	0.00405	0.00540	0.00648	0.00675	0.00378	0.00432	0.00648	0.00891	0.01188	0.02564	0.83347	0.03077	0.01457	0.00594	0.00189	0.00270	0.01323	0.00432	0.00378
24	0.00567	0.00405	0.00540	0.00648	0.00675	0.00378	0.00432	0.00648	0.00891	0.01188	0.02564	0.83347	0.03077	0.01457	0.00594	0.00189	0.00270	0.01323	0.00432	0.00378
25	0.01326	0.01475	0.01351	0.01183	0.01309	0.31479	0.00943	0.04273	0.08080	0.01265	0.00784	0.01019	0.00685	0.00664	0.00981	0.00166	0.41839	0.00378	0.00250	0.00551
26	0.01098	0.01255	0.02745	0.01961	0.02431	0.01176	0.79059	0.01490	0.01098	0.01490	0.00941	0.01255	0.00706	0.00392	0.00549	0.00157	0.00784	0.00549	0.00235	0.00627
27	0.00808	0.00404	0.00606	0.00606	0.00606	0.00404	0.00404	0.00606	0.00606	0.00808	0.00808	0.01414	0.00808	0.01616	0.01818	0.86465	0.00404	0.00404	0.00202	0.00202
28	0.01207	0.01024	0.01080	0.00957	0.01229	0.01181	0.00749	0.08786	0.73512	0.02027	0.01830	0.01685	0.01368	0.00625	0.00473	0.00156	0.00380	0.00517	0.00473	0.00741
29	0.00665	0.00498	0.00748	0.00748	0.00831	0.00582	0.00582	0.00831	0.00748	0.01080	0.01246	0.01828	0.01163	0.03489	0.81807	0.00748	0.01246	0.00498	0.00249	0.00415
30	0.01098	0.01255	0.02745	0.01961	0.02431	0.01176	0.79059	0.01490	0.01098	0.01490	0.00941	0.01255	0.00706	0.00392	0.00549	0.00157	0.00784	0.00549	0.00235	0.00627
31	0.03551	0.00802	0.01078	0.00828	0.01187	0.00703	0.00684	0.03545	0.01337	0.78389	0.01803	0.01561	0.01134	0.00573	0.00465	0.00144	0.00397	0.00463	0.00569	0.00787
32	0.00750	0.00535	0.00750	0.00857	0.00964	0.00535	0.00750	0.00964	0.01071	0.01392	0.02463	0.05248	0.02677	0.01285	0.00643	0.00214	0.00428	0.77617	0.00428	0.00428
33	0.00658	0.00476	0.00622	0.00585	0.00695	0.00439	0.00439	0.00878	0.01317	0.01866	0.80503	0.03475	0.04390	0.00951	0.00549	0.00146	0.00219	0.00841	0.00512	0.00439
34	0.01018	0.01018	0.01425	0.01221	0.01221	0.01425	0.01018	0.01120	0.00712	0.01120	0.00611	0.01018	0.00611	0.00814	0.01527	0.00204	0.82799	0.00407	0.00204	0.00509
35	0.00954	0.02263	0.71444	0.01405	0.02066	0.01092	0.11371	0.01475	0.00997	0.01475	0.00848	0.01016	0.00604	0.00436	0.00455	0.00149	0.00700	0.00369	0.00201	0.00680
36	0.00567	0.00405	0.00540	0.00648	0.00675	0.00378	0.00432	0.00648	0.00891	0.01188	0.02564	0.83347	0.03077	0.01457	0.00594	0.00189	0.00270	0.01323	0.00432	0.00378
37	0.00567	0.00405	0.00540	0.00648	0.00675	0.00378	0.00432	0.00648	0.00891	0.01188	0.02564	0.83347	0.03077	0.01457	0.00594	0.00189	0.00270	0.01323	0.00432	0.00378
38	0.05695	0.01231	0.01322	0.01118	0.01368	0.14966	0.09593	0.04436	0.37397	0.02989	0.01310	0.01355	0.01011	0.00589	0.00607	0.00155	0.12000	0.00453	0.01759	0.00644
39	0.00550	0.00471	0.00471	0.00471	0.00628	0.00393	0.00353	0.00668	0.01060	0.01257	0.04713	0.04477	0.80560	0.01178	0.00550	0.00157	0.00236	0.00982	0.00432	0.00393
40	0.01314	0.01449	0.01519	0.19353	0.25821	0.30538	0.01154	0.03976	0.01132	0.01320	0.00793	0.01045	0.00653	0.00487	0.00536	0.00141	0.07562	0.00372	0.00234	0.00600
41	0.01571	0.01900	0.01481	0.01671	0.24048	0.58783	0.01050	0.01735	0.01245	0.01247	0.00764	0.00928	0.00638	0.00461	0.00431	0.00125	0.00757	0.00332	0.00237	0.00596
42	0.01555	0.01943	0.01725	0.01416	0.01721	0.58803	0.23181	0.01753	0.01256	0.01239	0.00782	0.00958	0.00630	0.00455	0.00456	0.00130	0.00823	0.00371	0.00238	0.00564
43	0.00879	0.00827	0.01395	0.82532	0.03204	0.01034	0.01292	0.01189	0.00930	0.01189	0.00827	0.01240	0.00620	0.00465	0.00465	0.00155	0.00620	0.00413	0.00207	0.00517
