[name]
unknown

[dist]
# distance from previous block
# <min> <max>
8	455

[block]
# block no. 0 follows, 50 sequences, length 111
# corresponding to MSA columns:
# 526-636
name=unknown_A
#
# <colnr> <probs for GDERKNQSTAVLIFYWHMCP>
#	G	D	E	R	K	N	Q	S	T	A	V	L	I	F	Y	W	H	M	C	P
0	0.01460	0.04107	0.01280	0.01038	0.01361	0.01325	0.00831	0.22468	0.52190	0.05681	0.01757	0.01639	0.01299	0.00644	0.00498	0.00161	0.00442	0.00520	0.00499	0.00802
1	0.01966	0.01316	0.01421	0.01097	0.01488	0.04233	0.00902	0.59017	0.02116	0.19298	0.01344	0.01292	0.00922	0.00599	0.00497	0.00150	0.00535	0.00455	0.00515	0.00838
2	0.01188	0.01029	0.01119	0.00961	0.01270	0.01118	0.00754	0.02282	0.58201	0.01950	0.01722	0.01645	0.01314	0.00613	0.00513	0.00149	0.03101	0.00498	0.00449	0.20123
3	0.00736	0.00498	0.00561	0.00551	0.00567	0.00490	0.00312	0.00744	0.00736	0.00990	0.01546	0.03181	0.01773	0.79508	0.02458	0.00468	0.00479	0.00709	0.00302	0.03389
4	0.00841	0.00710	0.00956	0.00850	0.00942	0.00817	0.00674	0.01035	0.01189	0.01728	0.51036	0.02779	0.03257	0.00948	0.00917	0.00173	0.26407	0.00730	0.00433	0.03575
5	0.00879	0.00460	0.00699	0.00737	0.03501	0.00460	0.00473	0.00681	0.00667	0.00893	0.00868	0.01505	0.00863	0.01685	0.01895	0.82406	0.00439	0.00433	0.00218	0.00237
6	0.38137	0.01219	0.01271	0.03439	0.16294	0.10596	0.04571	0.08636	0.05134	0.01986	0.01043	0.01176	0.03541	0.00517	0.00417	0.00152	0.00526	0.00389	0.00319	0.00636
7	0.01234	0.01184	0.02023	0.03059	0.79373	0.01184	0.01530	0.01530	0.01135	0.01628	0.00938	0.01234	0.00790	0.00444	0.00493	0.00148	0.00592	0.00444	0.00247	0.00790
8	0.01234	0.01184	0.02023	0.03059	0.79373	0.01184	0.01530	0.01530	0.01135	0.01628	0.00938	0.01234	0.00790	0.00444	0.00493	0.00148	0.00592	0.00444	0.00247	0.00790
9	0.00635	0.00453	0.00610	0.00725	0.00766	0.00429	0.00511	0.00742	0.00981	0.01303	0.02732	0.71409	0.03237	0.01536	0.00644	0.00206	0.00313	0.11894	0.00462	0.00412
10	0.01044	0.05029	0.63015	0.01528	0.02211	0.01204	0.15881	0.01579	0.01074	0.01568	0.00909	0.01098	0.00655	0.00462	0.00490	0.00158	0.00749	0.00406	0.00218	0.00721
11	0.01115	0.00979	0.01603	0.02286	0.54095	0.00963	0.01198	0.01390	0.01224	0.04344	0.23510	0.01967	0.01933	0.00616	0.00521	0.00151	0.00484	0.00578	0.00346	0.00699
12	0.01074	0.06141	0.49999	0.01600	0.02228	0.01240	0.25215	0.01569	0.01081	0.01553	0.00913	0.01131	0.00671	0.00466	0.00535	0.00160	0.03061	0.00433	0.00224	0.00706
13	0.86003	0.00964	0.00733	0.00655	0.00964	0.01118	0.00540	0.01465	0.00848	0.02236	0.00694	0.00810	0.00540	0.00463	0.00308	0.00154	0.00386	0.00270	0.00308	0.00540
14	0.00612	0.00437	0.00584	0.00700	0.00731	0.00409	0.00471	0.00703	0.00959	0.01278	0.02744	0.80187	0.03286	0.01557	0.00638	0.00203	0.00294	0.03338	0.00463	0.00406
15	0.01417	0.01223	0.01801	0.10253	0.46754	0.01293	0.01328	0.26013	0.01510	0.02080	0.01016	0.01231	0.00796	0.00499	0.00496	0.00150	0.00585	0.00445	0.00325	0.00785
16	0.03349	0.33595	0.01886	0.01163	0.04028	0.45666	0.00931	0.01771	0.01236	0.01236	0.00744	0.00870	0.00644	0.00476	0.00398	0.00121	0.00736	0.00303	0.00241	0.00608
17	0.00771	0.00500	0.00634	0.00662	0.00767	0.00451	0.00472	0.00904	0.01123	0.08527	0.18301	0.44430	0.17960	0.01311	0.00605	0.00182	0.00284	0.01162	0.00494	0.00461
18	0.01669	0.01271	0.01373	0.01064	0.01454	0.01364	0.00869	0.55421	0.12428	0.02758	0.01260	0.01260	0.00921	0.00572	0.00479	0.00140	0.00499	0.00440	0.00467	0.14288
19	0.01146	0.00953	0.01253	0.32225	0.02102	0.01108	0.01022	0.09687	0.27668	0.03655	0.01632	0.03757	0.02822	0.00698	0.00525	0.00172	0.00518	0.08010	0.00391	0.00657
20	0.01126	0.01460	0.19726	0.16291	0.43800	0.01169	0.06251	0.01500	0.01095	0.01553	0.00923	0.01216	0.00730	0.00459	0.00496	0.00155	0.00653	0.00436	0.00234	0.00729
21	0.01169	0.01665	0.31861	0.01222	0.01694	0.01195	0.04942	0.02175	0.42560	0.03904	0.01536	0.01516	0.01130	0.00583	0.00498	0.00164	0.00550	0.00487	0.00382	0.00764
22	0.00679	0.00509	0.00698	0.00690	0.00792	0.00470	0.02894	0.00862	0.01229	0.01695	0.45759	0.30956	0.08476	0.01203	0.00605	0.00174	0.00274	0.01080	0.00504	0.00451
23	0.01042	0.12650	0.70195	0.01349	0.02047	0.01260	0.01717	0.01568	0.01047	0.01528	0.00869	0.01021	0.00632	0.00468	0.00454	0.00151	0.00711	0.00356	0.00211	0.00724
24	0.01450	0.00774	0.01140	0.00906	0.01198	0.00696	0.09253	0.03543	0.01382	0.36204	0.25622	0.02626	0.11418	0.00793	0.00548	0.00158	0.00396	0.00696	0.00534	0.00663
25	0.00605	0.00444	0.00567	0.00666	0.00716	0.00407	0.00450	0.00697	0.00981	0.01283	0.03090	0.70641	0.14592	0.01517	0.00629	0.00197	0.00284	0.01363	0.00463	0.00407
26	0.01854	0.01952	0.01435	0.01222	0.01535	0.47197	0.00951	0.31402	0.04348	0.01995	0.00978	0.01047	0.00751	0.00552	0.00470	0.00138	0.00746	0.00379	0.00359	0.00690
27	0.00851	0.00758	0.01231	0.50750	0.07034	0.00886	0.01096	0.01102	0.00991	0.01294	0.01488	0.27327	0.01519	0.00837	0.00542	0.00177	0.00539	0.00756	0.00301	0.00520
28	0.01143	0.01218	0.02423	0.16102	0.19139	0.01230	0.44229	0.01506	0.01116	0.01528	0.00955	0.01306	0.00742	0.00461	0.00603	0.00166	0.04694	0.00525	0.00244	0.00670
29	0.01235	0.01162	0.01851	0.02667	0.64380	0.01195	0.01387	0.01745	0.15986	0.01716	0.01147	0.01354	0.00930	0.00489	0.00496	0.00152	0.00554	0.00467	0.00297	0.00789
30	0.01126	0.01236	0.02602	0.02068	0.11047	0.01167	0.61319	0.01499	0.01150	0.01568	0.01174	0.09399	0.01014	0.00537	0.00582	0.00169	0.00757	0.00655	0.00273	0.00659
31	0.00741	0.00613	0.01013	0.00961	0.01089	0.00580	0.13278	0.00917	0.01054	0.01411	0.07401	0.50604	0.02895	0.01306	0.00634	0.00198	0.00406	0.14004	0.00433	0.00463
32	0.01000	0.02578	0.79900	0.01421	0.02157	0.01158	0.01842	0.01579	0.01052	0.01579	0.00895	0.01052	0.00631	0.00474	0.00474	0.00158	0.00737	0.00368	0.00210	0.00737
33	0.01862	0.02376	0.01413	0.01284	0.01541	0.80482	0.00963	0.01990	0.01413	0.01220	0.00770	0.00899	0.00642	0.00514	0.00449	0.00128	0.00899	0.00321	0.00257	0.00578
34	0.00911	0.00807	0.01284	0.33042	0.18780	0.00879	0.01073	0.01191	0.01157	0.01566	0.22818	0.02406	0.06549	0.00723	0.00538	0.00163	0.00495	0.04704	0.00344	0.00569
35	0.00752	0.00846	0.09763	0.26634	0.01738	0.00721	0.00883	0.00988	0.01046	0.01334	0.02785	0.18640	0.30000	0.00987	0.00556	0.00173	0.00447	0.00852	0.00357	0.00496
36	0.01000	0.02578	0.79900	0.01421	0.02157	0.01158	0.01842	0.01579	0.01052	0.01579	0.00895	0.01052	0.00631	0.00474	0.00474	0.00158	0.00737	0.00368	0.00210	0.00737
37	0.00607	0.00434	0.00578	0.00694	0.00723	0.00405	0.00463	0.00694	0.00954	0.01272	0.02747	0.82157	0.03297	0.01562	0.00636	0.00202	0.00289	0.01417	0.00463	0.00405
38	0.03405	0.08048	0.72367	0.01360	0.02064	0.01213	0.01737	0.01569	0.01044	0.01569	0.00875	0.01028	0.00629	0.00470	0.00458	0.00154	0.00713	0.00359	0.00213	0.00724
39	0.01234	0.01184	0.02023	0.03059	0.79373	0.01184	0.01530	0.01530	0.01135	0.01628	0.00938	0.01234	0.00790	0.00444	0.00493	0.00148	0.00592	0.00444	0.00247	0.00790
40	0.00664	0.00494	0.00618	0.00617	0.00727	0.00448	0.00451	0.00849	0.01268	0.01730	0.49846	0.19380	0.18726	0.01173	0.00598	0.00168	0.00249	0.01032	0.00515	0.00448
41	0.01234	0.01184	0.02023	0.03059	0.79373	0.01184	0.01530	0.01530	0.01135	0.01628	0.00938	0.01234	0.00790	0.00444	0.00493	0.00148	0.00592	0.00444	0.00247	0.00790
42	0.01234	0.01184	0.02023	0.03059	0.79373	0.01184	0.01530	0.01530	0.01135	0.01628	0.00938	0.01234	0.00790	0.00444	0.00493	0.00148	0.00592	0.00444	0.00247	0.00790
43	0.00921	0.00859	0.01441	0.76496	0.03272	0.01066	0.01330	0.01239	0.00994	0.01273	0.00997	0.06131	0.00821	0.00562	0.00507	0.00168	0.00642	0.00501	0.00236	0.00545
44	0.00941	0.00886	0.01495	0.81285	0.03433	0.01107	0.01384	0.01274	0.00997	0.01274	0.00886	0.01329	0.00664	0.00498	0.00498	0.00166	0.00664	0.00443	0.00221	0.00554
45	0.00856	0.00830	0.01580	0.01283	0.01528	0.00775	0.32939	0.01094	0.01073	0.01427	0.02192	0.37889	0.08211	0.01047	0.00615	0.00187	0.00527	0.05051	0.00374	0.00522
46	0.01000	0.02578	0.79900	0.01421	0.02157	0.01158	0.01842	0.01579	0.01052	0.01579	0.00895	0.01052	0.00631	0.00474	0.00474	0.00158	0.00737	0.00368	0.00210	0.00737
47	0.00941	0.00886	0.01495	0.81285	0.03433	0.01107	0.01384	0.01274	0.00997	0.01274	0.00886	0.01329	0.00664	0.00498	0.00498	0.00166	0.00664	0.00443	0.00221	0.00554
48	0.01000	0.02578	0.79900	0.01421	0.02157	0.01158	0.01842	0.01579	0.01052	0.01579	0.00895	0.01052	0.00631	0.00474	0.00474	0.00158	0.00737	0.00368	0.00210	0.00737
49	0.00999	0.00755	0.01109	0.02896	0.08803	0.00841	0.02768	0.01141	0.00988	0.10121	0.01869	0.39404	0.02023	0.01116	0.00855	0.00194	0.20750	0.02443	0.00387	0.00539
50	0.01099	0.02084	0.49911	0.01651	0.02294	0.01183	0.29110	0.01609	0.01108	0.03811	0.00966	0.01176	0.00694	0.00458	0.00516	0.00161	0.00765	0.00451	0.00237	0.00717
51	0.01040	0.01041	0.01928	0.50720	0.13827	0.01156	0.20306	0.01389	0.01061	0.01403	0.00924	0.01319	0.00705	0.00471	0.00520	0.00164	0.00698	0.00479	0.00233	0.00616
52	0.01210	0.01329	0.02885	0.02063	0.02563	0.01244	0.75140	0.01623	0.01184	0.04061	0.01039	0.01356	0.00771	0.00426	0.00585	0.00168	0.00827	0.00585	0.00264	0.00678
53	0.01226	0.01149	0.12009	0.01351	0.05439	0.00905	0.23764	0.03222	0.01304	0.16517	0.25349	0.02100	0.02055	0.00655	0.00550	0.00159	0.00542	0.00630	0.00413	0.00661
54	0.00946	0.00892	0.01496	0.79006	0.03372	0.01119	0.01376	0.01271	0.00990	0.01271	0.00879	0.01322	0.00664	0.00509	0.00531	0.00168	0.02969	0.00443	0.00221	0.00553
55	0.01025	0.08687	0.74014	0.01377	0.02090	0.01220	0.01766	0.01572	0.01049	0.01548	0.00879	0.01033	0.00632	0.00470	0.00462	0.00154	0.00721	0.00361	0.00211	0.00729
56	0.01254	0.56936	0.24929	0.01031	0.01542	0.04320	0.01143	0.01534	0.01037	0.01292	0.00754	0.00876	0.00637	0.00443	0.00369	0.00122	0.00604	0.00298	0.00214	0.00666
57	0.01210	0.48837	0.27522	0.01160	0.01694	0.01639	0.08829	0.01531	0.01042	0.01346	0.00789	0.00935	0.00649	0.00441	0.00396	0.00129	0.00629	0.00331	0.00216	0.00674
58	0.01135	0.00710	0.00987	0.00943	0.01132	0.00694	0.04473	0.08881	0.01273	0.15216	0.02323	0.21571	0.02376	0.01162	0.00620	0.00199	0.00442	0.34817	0.00481	0.00564
59	0.00801	0.00626	0.00768	0.00792	0.00909	0.04453	0.00638	0.01002	0.01085	0.01467	0.15295	0.03579	0.07753	0.01995	0.26892	0.00389	0.00702	0.24903	0.05491	0.00460
60	0.00801	0.00745	0.03783	0.01083	0.01265	0.00664	0.18747	0.01013	0.01048	0.01418	0.02219	0.43913	0.02465	0.01190	0.00619	0.00195	0.00463	0.14642	0.03237	0.00491
61	0.01026	0.01045	0.02117	0.01637	0.01990	0.00991	0.48317	0.01369	0.01165	0.01560	0.03313	0.05489	0.01615	0.00783	0.00622	0.00189	0.00685	0.25167	0.00333	0.00589
62	0.01176	0.01345	0.02941	0.02101	0.02605	0.01261	0.77563	0.01597	0.01176	0.01597	0.01008	0.01345	0.00756	0.00420	0.00588	0.00168	0.00840	0.00588	0.00252	0.00672
63	0.00941	0.00886	0.01495	0.81285	0.03433	0.01107	0.01384	0.01274	0.00997	0.01274	0.00886	0.01329	0.00664	0.00498	0.00498	0.00166	0.00664	0.00443	0.00221	0.00554
64	0.01797	0.01144	0.04695	0.01102	0.01493	0.01086	0.08440	0.30828	0.01734	0.31813	0.09235	0.01647	0.01361	0.00625	0.00516	0.00154	0.00507	0.00524	0.00512	0.00788
65	0.01219	0.01170	0.01997	0.06875	0.75669	0.01181	0.01523	0.01517	0.01128	0.01611	0.00935	0.01238	0.00783	0.00447	0.00494	0.00149	0.00596	0.00444	0.00245	0.00778
66	0.01000	0.02578	0.79900	0.01421	0.02157	0.01158	0.01842	0.01579	0.01052	0.01579	0.00895	0.01052	0.00631	0.00474	0.00474	0.00158	0.00737	0.00368	0.00210	0.00737
67	0.02150	0.00829	0.01129	0.00872	0.01243	0.00718	0.00718	0.02346	0.01426	0.75359	0.06293	0.01810	0.01428	0.00639	0.00506	0.00154	0.00414	0.00524	0.00613	0.00827
68	0.01742	0.00739	0.00996	0.00801	0.01101	0.00647	0.00647	0.01946	0.01417	0.54703	0.25441	0.02368	0.03701	0.00751	0.00529	0.00155	0.00364	0.00633	0.00593	0.00726
69	0.01176	0.01345	0.02941	0.02101	0.02605	0.01261	0.77563	0.01597	0.01176	0.01597	0.01008	0.01345	0.00756	0.00420	0.00588	0.00168	0.00840	0.00588	0.00252	0.00672
70	0.00725	0.00483	0.00544	0.00544	0.00544	0.00483	0.00302	0.00725	0.00725	0.00966	0.01571	0.03262	0.01812	0.82483	0.02537	0.00483	0.00483	0.00725	0.00302	0.00302
71	0.01098	0.21888	0.13890	0.27019	0.02244	0.01421	0.08873	0.01395	0.00987	0.01314	0.00811	0.01113	0.00661	0.00534	0.00656	0.00159	0.14703	0.00400	0.00220	0.00614
72	0.00994	0.02539	0.78379	0.01405	0.02130	0.01144	0.01815	0.01566	0.01059	0.01587	0.02396	0.01104	0.00710	0.00484	0.00476	0.00158	0.00727	0.00379	0.00217	0.00732
73	0.00866	0.00433	0.00649	0.00649	0.00649	0.00433	0.00433	0.00649	0.00649	0.00866	0.00866	0.01515	0.00866	0.01732	0.01948	0.85498	0.00433	0.00433	0.00216	0.00216
74	0.01115	0.01774	0.29736	0.01864	0.02449	0.01225	0.51199	0.01590	0.01133	0.01590	0.00969	0.01243	0.00713	0.00439	0.00548	0.00165	0.00804	0.00512	0.00238	0.00695
75	0.00980	0.00922	0.01567	0.53411	0.19855	0.01059	0.03831	0.01283	0.01029	0.01362	0.01087	0.09377	0.00958	0.00590	0.00514	0.00166	0.00617	0.00545	0.00252	0.00595
76	0.01175	0.01339	0.02910	0.02083	0.02576	0.01266	0.75878	0.01588	0.01167	0.01588	0.01001	0.01339	0.00754	0.00430	0.00611	0.00169	0.02619	0.00585	0.00251	0.00669
77	0.01000	0.02578	0.79900	0.01421	0.02157	0.01158	0.01842	0.01579	0.01052	0.01579	0.00895	0.01052	0.00631	0.00474	0.00474	0.00158	0.00737	0.00368	0.00210	0.00737
78	0.01203	0.51581	0.32679	0.01074	0.01621	0.01655	0.01238	0.01526	0.01028	0.01331	0.00771	0.00898	0.00636	0.00445	0.00380	0.00127	0.00612	0.00306	0.00212	0.00677
79	0.01197	0.01240	0.02206	0.01709	0.04614	0.03271	0.46169	0.01892	0.24488	0.01736	0.01360	0.03117	0.01051	0.00528	0.00551	0.00166	0.00671	0.00582	0.02755	0.00698
80	0.00725	0.00483	0.00544	0.00544	0.00544	0.00483	0.00302	0.00725	0.00725	0.00966	0.01571	0.03262	0.01812	0.82483	0.02537	0.00483	0.00483	0.00725	0.00302	0.00302
81	0.01091	0.01091	0.01527	0.01309	0.01309	0.01527	0.01091	0.01200	0.00763	0.01200	0.00654	0.01091	0.00654	0.00872	0.01636	0.00218	0.81570	0.00436	0.00218	0.00545
82	0.00607	0.00434	0.00578	0.00694	0.00723	0.00405	0.00463	0.00694	0.00954	0.01272	0.02747	0.82157	0.03297	0.01562	0.00636	0.00202	0.00289	0.01417	0.00463	0.00405
83	0.01000	0.02578	0.79900	0.01421	0.02157	0.01158	0.01842	0.01579	0.01052	0.01579	0.00895	0.01052	0.00631	0.00474	0.00474	0.00158	0.00737	0.00368	0.00210	0.00737
84	0.01176	0.01345	0.02941	0.02101	0.02605	0.01261	0.77563	0.01597	0.01176	0.01597	0.01008	0.01345	0.00756	0.00420	0.00588	0.00168	0.00840	0.00588	0.00252	0.00672
85	0.02236	0.00848	0.01157	0.00887	0.01272	0.00733	0.00733	0.02429	0.01427	0.79719	0.01966	0.01697	0.01234	0.00617	0.00501	0.00154	0.00424	0.00501	0.00617	0.00848
86	0.01022	0.00968	0.01641	0.59647	0.24438	0.01129	0.01425	0.01344	0.01035	0.01372	0.00900	0.01303	0.00699	0.00483	0.00497	0.00161	0.00644	0.00443	0.00228	0.00619
87	0.00607	0.00434	0.00578	0.00694	0.00723	0.00405	0.00463	0.00694	0.00954	0.01272	0.02747	0.82157	0.03297	0.01562	0.00636	0.00202	0.00289	0.01417	0.00463	0.00405
88	0.00941	0.00886	0.01495	0.81285	0.03433	0.01107	0.01384	0.01274	0.00997	0.01274	0.00886	0.01329	0.00664	0.00498	0.00498	0.00166	0.00664	0.00443	0.00221	0.00554
89	0.01895	0.01396	0.01496	0.01147	0.01546	0.01546	0.00947	0.77711	0.02344	0.03141	0.01197	0.01197	0.00848	0.00598	0.00499	0.00150	0.00548	0.00449	0.00499	0.00848
90	0.01067	0.01761	0.37888	0.02053	0.35818	0.01098	0.01564	0.01482	0.01111	0.01610	0.05010	0.01452	0.04839	0.00527	0.00494	0.00154	0.00624	0.00462	0.00256	0.00731
91	0.00589	0.00505	0.00505	0.00505	0.00673	0.00421	0.00379	0.00715	0.01136	0.01347	0.05049	0.04797	0.79171	0.01262	0.00589	0.00168	0.00252	0.01052	0.00463	0.00421
92	0.00941	0.00886	0.01495	0.81285	0.03433	0.01107	0.01384	0.01274	0.00997	0.01274	0.00886	0.01329	0.00664	0.00498	0.00498	0.00166	0.00664	0.00443	0.00221	0.00554
93	0.00589	0.00505	0.00505	0.00505	0.00673	0.00421	0.00379	0.00715	0.01136	0.01347	0.05049	0.04797	0.79171	0.01262	0.00589	0.00168	0.00252	0.01052	0.00463	0.00421
94	0.01106	0.03765	0.02466	0.27536	0.02830	0.01234	0.50636	0.01489	0.01113	0.01479	0.00959	0.01322	0.00723	0.00446	0.00551	0.00166	0.00774	0.00531	0.00241	0.00633
95	0.01364	0.78046	0.02541	0.00878	0.01295	0.06597	0.00859	0.01522	0.01036	0.01175	0.00698	0.00805	0.00640	0.00432	0.00327	0.00108	0.00555	0.00270	0.00216	0.00636
96	0.86003	0.00964	0.00733	0.00655	0.00964	0.01118	0.00540	0.01465	0.00848	0.02236	0.00694	0.00810	0.00540	0.00463	0.00308	0.00154	0.00386	0.00270	0.00308	0.00540
97	0.00941	0.00886	0.01495	0.81285	0.03433	0.01107	0.01384	0.01274	0.00997	0.01274	0.00886	0.01329	0.00664	0.00498	0.00498	0.00166	0.00664	0.00443	0.00221	0.00554
98	0.02236	0.00848	0.01157	0.00887	0.01272	0.00733	0.00733	0.02429	0.01427	0.79719	0.01966	0.01697	0.01234	0.00617	0.00501	0.00154	0.00424	0.00501	0.00617	0.00848
99	0.01234	0.01184	0.02023	0.03059	0.79373	0.01184	0.01530	0.01530	0.01135	0.01628	0.00938	0.01234	0.00790	0.00444	0.00493	0.00148	0.00592	0.00444	0.00247	0.00790
100	0.01034	0.00886	0.01034	0.00738	0.01181	0.00664	0.00591	0.01255	0.01034	0.01624	0.00886	0.01034	0.00738	0.00369	0.00369	0.00074	0.00369	0.00295	0.00295	0.85530
101	0.00589	0.00505	0.00505	0.00505	0.00673	0.00421	0.00379	0.00715	0.01136	0.01347	0.05049	0.04797	0.79171	0.01262	0.00589	0.00168	0.00252	0.01052	0.00463	0.00421
102	0.01333	0.82783	0.02612	0.00853	0.01279	0.01972	0.00853	0.01493	0.01013	0.01173	0.00693	0.00800	0.00640	0.00426	0.00320	0.00107	0.00533	0.00267	0.00213	0.00640
103	0.00607	0.00434	0.00578	0.00694	0.00723	0.00405	0.00463	0.00694	0.00954	0.01272	0.02747	0.82157	0.03297	0.01562	0.00636	0.00202	0.00289	0.01417	0.00463	0.00405
104	0.00607	0.00434	0.00578	0.00694	0.00723	0.00405	0.00463	0.00694	0.00954	0.01272	0.02747	0.82157	0.03297	0.01562	0.00636	0.00202	0.00289	0.01417	0.00463	0.00405
105	0.02236	0.00848	0.01157	0.00887	0.01272	0.00733	0.00733	0.02429	0.01427	0.79719	0.01966	0.01697	0.01234	0.00617	0.00501	0.00154	0.00424	0.00501	0.00617	0.00848
106	0.01176	0.01345	0.02941	0.02101	0.02605	0.01261	0.77563	0.01597	0.01176	0.01597	0.01008	0.01345	0.00756	0.00420	0.00588	0.00168	0.00840	0.00588	0.00252	0.00672
107	0.00712	0.00534	0.00801	0.00801	0.00890	0.00623	0.00623	0.00890	0.00801	0.01157	0.01335	0.01958	0.01246	0.03738	0.80507	0.00801	0.01335	0.00534	0.00267	0.00445
108	0.00628	0.00499	0.00564	0.00563	0.00701	0.00435	0.00417	0.00786	0.01206	0.01549	0.28646	0.12174	0.47639	0.01214	0.00593	0.00168	0.00251	0.01040	0.00490	0.00435
109	0.01973	0.01375	0.01382	0.01091	0.01464	0.12442	0.00886	0.44478	0.03480	0.24265	0.01369	0.01308	0.00940	0.00593	0.00493	0.00148	0.00560	0.00448	0.00498	0.00809
110	0.11713	0.14465	0.25051	0.01045	0.01535	0.01199	0.01087	0.10727	0.01286	0.25497	0.01199	0.01196	0.00830	0.00523	0.00441	0.00147	0.00545	0.00390	0.00380	0.00745

[dist]
# distance from previous block
# <min> <max>
4	11

[block]
# block no. 1 follows, 50 sequences, length 63
# corresponding to MSA columns:
# 648-686,688-711
name=unknown_B
#
# <colnr> <probs for GDERKNQSTAVLIFYWHMCP>
#	G	D	E	R	K	N	Q	S	T	A	V	L	I	F	Y	W	H	M	C	P
0	0.01200	0.29804	0.44286	0.01220	0.01814	0.01474	0.03479	0.08494	0.01160	0.01583	0.00856	0.00987	0.00657	0.00467	0.00427	0.00140	0.00653	0.00347	0.00239	0.00712
1	0.01820	0.01165	0.01300	0.01023	0.01384	0.01247	0.00836	0.45767	0.11743	0.20181	0.01507	0.01441	0.01051	0.00611	0.00490	0.00151	0.00478	0.00476	0.06515	0.00813
2	0.00734	0.00681	0.00631	0.00661	0.00786	0.09088	0.00474	0.00845	0.01098	0.01305	0.03719	0.33515	0.42083	0.01294	0.00592	0.00177	0.00336	0.01110	0.00440	0.00432
3	0.01000	0.02578	0.79900	0.01421	0.02157	0.01158	0.01842	0.01579	0.01052	0.01579	0.00895	0.01052	0.00631	0.00474	0.00474	0.00158	0.00737	0.00368	0.00210	0.00737
4	0.00772	0.00561	0.00762	0.00864	0.00981	0.00550	0.00744	0.00985	0.01139	0.01467	0.02905	0.08585	0.11152	0.01372	0.00676	0.00222	0.00430	0.64922	0.00460	0.00453
5	0.01176	0.01345	0.02941	0.02101	0.02605	0.01261	0.77563	0.01597	0.01176	0.01597	0.01008	0.01345	0.00756	0.00420	0.00588	0.00168	0.00840	0.00588	0.00252	0.00672
6	0.00803	0.00574	0.00803	0.00918	0.01033	0.00574	0.00803	0.01033	0.01147	0.01492	0.02639	0.05622	0.02869	0.01377	0.00688	0.00229	0.00459	0.76018	0.00459	0.00459
7	0.01091	0.01091	0.01527	0.01309	0.01309	0.01527	0.01091	0.01200	0.00763	0.01200	0.00654	0.01091	0.00654	0.00872	0.01636	0.00218	0.81570	0.00436	0.00218	0.00545
8	0.01000	0.02578	0.79900	0.01421	0.02157	0.01158	0.01842	0.01579	0.01052	0.01579	0.00895	0.01052	0.00631	0.00474	0.00474	0.00158	0.00737	0.00368	0.00210	0.00737
9	0.01034	0.00886	0.01034	0.00738	0.01181	0.00664	0.00591	0.01255	0.01034	0.01624	0.00886	0.01034	0.00738	0.00369	0.00369	0.00074	0.00369	0.00295	0.00295	0.85530
10	0.00712	0.00534	0.00801	0.00801	0.00890	0.00623	0.00623	0.00890	0.00801	0.01157	0.01335	0.01958	0.01246	0.03738	0.80507	0.00801	0.01335	0.00534	0.00267	0.00445
11	0.01014	0.00762	0.01015	0.00917	0.01100	0.00801	0.05748	0.01518	0.20616	0.07092	0.20077	0.03137	0.02460	0.11014	0.02377	0.00230	0.03608	0.15489	0.00457	0.00570
12	0.00650	0.00485	0.00655	0.00705	0.00776	0.00496	0.00509	0.00775	0.00912	0.01228	0.02480	0.37027	0.13223	0.04943	0.32196	0.00443	0.00703	0.00995	0.00380	0.00420
13	0.00605	0.00443	0.00568	0.00668	0.00716	0.00407	0.00451	0.00697	0.00979	0.01282	0.03059	0.71685	0.13568	0.01521	0.00630	0.00198	0.00284	0.01368	0.00463	0.00407
14	0.01665	0.01961	0.01615	0.01366	0.01647	0.51397	0.11182	0.08084	0.06426	0.01481	0.00909	0.01062	0.00732	0.00550	0.00580	0.00146	0.07892	0.00393	0.00289	0.00623
15	0.86003	0.00964	0.00733	0.00655	0.00964	0.01118	0.00540	0.01465	0.00848	0.02236	0.00694	0.00810	0.00540	0.00463	0.00308	0.00154	0.00386	0.00270	0.00308	0.00540
16	0.00607	0.00434	0.00578	0.00694	0.00723	0.00405	0.00463	0.00694	0.00954	0.01272	0.02747	0.82157	0.03297	0.01562	0.00636	0.00202	0.00289	0.01417	0.00463	0.00405
17	0.18675	0.01192	0.01182	0.00937	0.01298	0.05222	0.00761	0.33607	0.05349	0.02381	0.01104	0.01168	0.02044	0.00536	0.00451	0.00135	0.02106	0.00387	0.02004	0.19462
18	0.00648	0.00496	0.00604	0.00668	0.00774	0.00452	0.00507	0.00789	0.01088	0.01382	0.06926	0.31689	0.32629	0.01381	0.00628	0.00193	0.00311	0.17946	0.00466	0.00426
19	0.01229	0.40243	0.19542	0.01649	0.25194	0.01553	0.01277	0.01523	0.01059	0.01401	0.00812	0.00987	0.00683	0.00442	0.00407	0.00131	0.00596	0.00343	0.00223	0.00707
20	0.01225	0.56846	0.27606	0.01036	0.01563	0.01709	0.01173	0.01520	0.01026	0.01304	0.00758	0.00881	0.00637	0.00442	0.00370	0.00123	0.00599	0.00299	0.00212	0.00671
21	0.00612	0.00436	0.00577	0.00688	0.00716	0.00408	0.00456	0.00695	0.00945	0.01260	0.02701	0.79069	0.03239	0.04729	0.00711	0.00213	0.00297	0.01390	0.00456	0.00401
22	0.01030	0.09894	0.72850	0.01369	0.02077	0.01232	0.01751	0.01571	0.01049	0.01542	0.00876	0.01029	0.00632	0.00469	0.00460	0.00153	0.00718	0.00359	0.00211	0.00728
23	0.01333	0.82783	0.02612	0.00853	0.01279	0.01972	0.00853	0.01493	0.01013	0.01173	0.00693	0.00800	0.00640	0.00426	0.00320	0.00107	0.00533	0.00267	0.00213	0.00640
24	0.00607	0.00434	0.00578	0.00694	0.00723	0.00405	0.00463	0.00694	0.00954	0.01272	0.02747	0.82157	0.03297	0.01562	0.00636	0.00202	0.00289	0.01417	0.00463	0.00405
25	0.00665	0.00507	0.00702	0.00762	0.00828	0.00485	0.03553	0.00840	0.05108	0.01345	0.04230	0.71506	0.04663	0.01452	0.00625	0.00198	0.00315	0.01321	0.00458	0.00438
26	0.00909	0.00552	0.00711	0.00646	0.00803	0.00501	0.00493	0.01130	0.01377	0.12269	0.60028	0.03463	0.09880	0.00967	0.00567	0.00156	0.00261	0.00843	0.03928	0.00516
27	0.01333	0.82783	0.02612	0.00853	0.01279	0.01972	0.00853	0.01493	0.01013	0.01173	0.00693	0.00800	0.00640	0.00426	0.00320	0.00107	0.00533	0.00267	0.00213	0.00640
28	0.00589	0.00505	0.00505	0.00505	0.00673	0.00421	0.00379	0.00715	0.01136	0.01347	0.05049	0.04797	0.79171	0.01262	0.00589	0.00168	0.00252	0.01052	0.00463	0.00421
29	0.01229	0.01197	0.01954	0.05961	0.69286	0.03265	0.01481	0.01510	0.01113	0.01576	0.00913	0.01219	0.00772	0.00476	0.00567	0.00153	0.05884	0.00440	0.00244	0.00759
30	0.00693	0.00509	0.00649	0.00614	0.00737	0.00465	0.00460	0.00916	0.01381	0.01928	0.71087	0.03840	0.12771	0.01045	0.00588	0.00158	0.00237	0.00918	0.00539	0.00465
31	0.00712	0.00534	0.00801	0.00801	0.00890	0.00623	0.00623	0.00890	0.00801	0.01157	0.01335	0.01958	0.01246	0.03738	0.80507	0.00801	0.01335	0.00534	0.00267	0.00445
32	0.01221	0.01877	0.26552	0.01127	0.01504	0.30525	0.01102	0.01511	0.01242	0.01453	0.10005	0.02060	0.12357	0.00708	0.00505	0.00152	0.00659	0.04537	0.00314	0.00589
33	0.01012	0.05580	0.77008	0.01399	0.02124	0.01188	0.01805	0.01575	0.01051	0.01563	0.00887	0.01043	0.00632	0.00472	0.00468	0.00156	0.00729	0.00365	0.00211	0.00733
34	0.00607	0.00434	0.00578	0.00694	0.00723	0.00405	0.00463	0.00694	0.00954	0.01272	0.02747	0.82157	0.03297	0.01562	0.00636	0.00202	0.00289	0.01417	0.00463	0.00405
35	0.01036	0.11267	0.71527	0.01359	0.02062	0.01246	0.01735	0.01569	0.01048	0.01535	0.00873	0.01025	0.00632	0.00468	0.00457	0.00152	0.00715	0.00357	0.00211	0.00726
36	0.01290	0.01237	0.02235	0.02584	0.49131	0.01220	0.23992	0.06840	0.01239	0.03844	0.01004	0.01277	0.00796	0.00452	0.00522	0.00154	0.00658	0.00489	0.00276	0.00760
37	0.76639	0.02467	0.00797	0.00678	0.00986	0.01131	0.00560	0.05517	0.00939	0.02250	0.00757	0.00871	0.00587	0.00474	0.00320	0.00152	0.00391	0.00287	0.03642	0.00555
38	0.01228	0.01450	0.15098	0.03998	0.47814	0.03623	0.07530	0.06795	0.01225	0.01717	0.04064	0.01300	0.00913	0.00484	0.00501	0.00152	0.00630	0.00458	0.00270	0.00751
39	0.01503	0.01777	0.01466	0.01296	0.01433	0.43728	0.01022	0.01622	0.01110	0.01210	0.00716	0.00988	0.00648	0.00681	0.01002	0.00170	0.38451	0.00375	0.00239	0.00563
40	0.04407	0.00762	0.00807	0.00772	0.00963	0.03684	0.00605	0.10677	0.07274	0.04755	0.05096	0.16007	0.28484	0.01107	0.00574	0.00178	0.00374	0.12477	0.00464	0.00535
41	0.06924	0.73087	0.06607	0.00870	0.01305	0.01872	0.00885	0.01495	0.01004	0.01265	0.00704	0.00814	0.00633	0.00431	0.00327	0.00112	0.00534	0.00272	0.00219	0.00638
42	0.00722	0.00495	0.00605	0.00605	0.00626	0.00516	0.00378	0.00764	0.00743	0.01012	0.01515	0.02953	0.01678	0.63856	0.20980	0.00558	0.00685	0.00680	0.00294	0.00336
43	0.00866	0.00433	0.00649	0.00649	0.00649	0.00433	0.00433	0.00649	0.00649	0.00866	0.00866	0.01515	0.00866	0.01732	0.01948	0.85498	0.00433	0.00433	0.00216	0.00216
44	0.01622	0.02094	0.10781	0.01265	0.01591	0.51881	0.03111	0.04976	0.13561	0.01486	0.01041	0.02476	0.00836	0.00553	0.00470	0.00142	0.00774	0.00396	0.00304	0.00640
45	0.01333	0.82783	0.02612	0.00853	0.01279	0.01972	0.00853	0.01493	0.01013	0.01173	0.00693	0.00800	0.00640	0.00426	0.00320	0.00107	0.00533	0.00267	0.00213	0.00640
46	0.00718	0.00519	0.00702	0.00809	0.00897	0.00503	0.00652	0.00890	0.01078	0.01403	0.02844	0.32892	0.08296	0.01435	0.00663	0.00216	0.00384	0.44200	0.00461	0.00437
47	0.01011	0.00854	0.00919	0.00855	0.01083	0.00934	0.00666	0.01934	0.48145	0.01869	0.10270	0.02965	0.19464	0.00890	0.00546	0.00172	0.00351	0.05923	0.00498	0.00652
48	0.00820	0.00689	0.00734	0.00691	0.00887	0.00694	0.00527	0.01380	0.26194	0.01699	0.17003	0.03660	0.41059	0.01030	0.00562	0.00167	0.00295	0.00868	0.00492	0.00548
49	0.00589	0.00505	0.00505	0.00505	0.00673	0.00421	0.00379	0.00715	0.01136	0.01347	0.05049	0.04797	0.79171	0.01262	0.00589	0.00168	0.00252	0.01052	0.00463	0.00421
50	0.00705	0.00510	0.00666	0.00627	0.00745	0.00470	0.00470	0.00941	0.01411	0.01999	0.79110	0.03723	0.04703	0.01019	0.00588	0.00157	0.00235	0.00901	0.00549	0.00470
51	0.01179	0.25556	0.24023	0.01634	0.09095	0.01434	0.27208	0.01555	0.01090	0.01470	0.00878	0.01094	0.00691	0.00439	0.00469	0.00145	0.00699	0.00420	0.00229	0.00691
52	0.01333	0.82783	0.02612	0.00853	0.01279	0.01972	0.00853	0.01493	0.01013	0.01173	0.00693	0.00800	0.00640	0.00426	0.00320	0.00107	0.00533	0.00267	0.00213	0.00640
53	0.01045	0.13436	0.69437	0.01344	0.02038	0.01268	0.01708	0.01567	0.01047	0.01524	0.00867	0.01018	0.00633	0.00467	0.00453	0.00151	0.00709	0.00355	0.00211	0.00724
54	0.00604	0.00445	0.00567	0.00664	0.00715	0.00407	0.00449	0.00697	0.00983	0.01284	0.03111	0.69940	0.15279	0.01514	0.00629	0.00197	0.00283	0.01359	0.00463	0.00407
55	0.01110	0.01155	0.02201	0.06179	0.15374	0.01201	0.38775	0.01404	0.01039	0.01447	0.00989	0.01488	0.00854	0.09397	0.00961	0.00207	0.14800	0.00544	0.00249	0.00624
56	0.01174	0.01123	0.01915	0.19043	0.63856	0.01169	0.01500	0.01477	0.01107	0.01556	0.00927	0.01253	0.00764	0.00455	0.00494	0.00152	0.00607	0.00444	0.00242	0.00741
57	0.00840	0.00787	0.01440	0.01340	0.08479	0.00742	0.24457	0.01051	0.01045	0.01408	0.02114	0.47343	0.04617	0.01097	0.00607	0.00186	0.00487	0.01060	0.00378	0.00523
58	0.01047	0.01050	0.01959	0.34278	0.17479	0.01121	0.24212	0.01376	0.01073	0.01441	0.01082	0.06603	0.00927	0.00557	0.00558	0.00168	0.02203	0.01989	0.00256	0.00623
59	0.01234	0.01184	0.02023	0.03059	0.79373	0.01184	0.01530	0.01530	0.01135	0.01628	0.00938	0.01234	0.00790	0.00444	0.00493	0.00148	0.00592	0.00444	0.00247	0.00790
60	0.00999	0.00914	0.01291	0.01154	0.05710	0.07829	0.16649	0.03550	0.01252	0.04676	0.21550	0.17819	0.12663	0.00924	0.00574	0.00166	0.00470	0.00847	0.00417	0.00547
61	0.01247	0.01742	0.34410	0.01486	0.02018	0.02440	0.23877	0.01723	0.05166	0.13059	0.01211	0.04598	0.00913	0.00548	0.00557	0.00164	0.03309	0.00507	0.00309	0.00714
62	0.01708	0.01455	0.12585	0.01177	0.01585	0.13854	0.08810	0.11623	0.05715	0.29615	0.05716	0.01498	0.01163	0.00583	0.00503	0.00152	0.00592	0.00481	0.00439	0.00746

[dist]
# distance from previous block
# <min> <max>
1	10

[block]
# block no. 2 follows, 50 sequences, length 91
# corresponding to MSA columns:
# 722-812
name=unknown_C
#
# <colnr> <probs for GDERKNQSTAVLIFYWHMCP>
#	G	D	E	R	K	N	Q	S	T	A	V	L	I	F	Y	W	H	M	C	P
0	0.01559	0.01440	0.01248	0.05896	0.01469	0.29353	0.02823	0.09553	0.13196	0.11668	0.03491	0.05966	0.01185	0.00631	0.00482	0.00146	0.00600	0.00496	0.06231	0.02569
1	0.34312	0.01269	0.01710	0.01305	0.01698	0.06031	0.28142	0.16358	0.01290	0.02123	0.00909	0.01081	0.00683	0.00477	0.00454	0.00157	0.00610	0.00421	0.00322	0.00649
2	0.00949	0.00900	0.01540	0.78832	0.03407	0.01112	0.03744	0.01284	0.01002	0.01284	0.00890	0.01329	0.00667	0.00496	0.00501	0.00166	0.00670	0.00447	0.00222	0.00557
3	0.00941	0.00886	0.01495	0.81285	0.03433	0.01107	0.01384	0.01274	0.00997	0.01274	0.00886	0.01329	0.00664	0.00498	0.00498	0.00166	0.00664	0.00443	0.00221	0.00554
4	0.08909	0.28599	0.47417	0.01165	0.01761	0.01420	0.01400	0.01540	0.01021	0.01506	0.00810	0.00948	0.00626	0.00457	0.00408	0.00141	0.00638	0.00326	0.00220	0.00687
5	0.86003	0.00964	0.00733	0.00655	0.00964	0.01118	0.00540	0.01465	0.00848	0.02236	0.00694	0.00810	0.00540	0.00463	0.00308	0.00154	0.00386	0.00270	0.00308	0.00540
6	0.00589	0.00505	0.00505	0.00505	0.00673	0.00421	0.00379	0.00715	0.01136	0.01347	0.05049	0.04797	0.79171	0.01262	0.00589	0.00168	0.00252	0.01052	0.00463	0.00421
7	0.01091	0.01091	0.01527	0.01309	0.01309	0.01527	0.01091	0.01200	0.00763	0.01200	0.00654	0.01091	0.00654	0.00872	0.01636	0.00218	0.81570	0.00436	0.00218	0.00545
8	0.01152	0.07192	0.18162	0.01880	0.02425	0.01289	0.57287	0.01586	0.01141	0.01564	0.00964	0.01249	0.00724	0.00431	0.00547	0.00162	0.00799	0.00523	0.00241	0.00683
9	0.01826	0.01227	0.01343	0.01044	0.01411	0.01329	0.00858	0.58560	0.04321	0.12753	0.01360	0.01343	0.00958	0.00601	0.00485	0.00148	0.00498	0.00460	0.08666	0.00809
10	0.00705	0.00510	0.00666	0.00627	0.00745	0.00470	0.00470	0.00941	0.01411	0.01999	0.79110	0.03723	0.04703	0.01019	0.00588	0.00157	0.00235	0.00901	0.00549	0.00470
11	0.01476	0.00680	0.00913	0.00758	0.01010	0.00602	0.00602	0.01689	0.01419	0.41094	0.40305	0.02704	0.02958	0.00817	0.00544	0.00155	0.00330	0.00700	0.00583	0.00660
12	0.01222	0.01185	0.02061	0.05148	0.72946	0.01187	0.05831	0.01527	0.01134	0.01617	0.00940	0.01243	0.00784	0.00444	0.00499	0.00150	0.00608	0.00452	0.00246	0.00776
13	0.01323	0.80438	0.04872	0.00869	0.01305	0.01948	0.00882	0.01495	0.01014	0.01185	0.00699	0.00807	0.00639	0.00428	0.00324	0.00108	0.00539	0.00270	0.00213	0.00642
14	0.00705	0.00510	0.00666	0.00627	0.00745	0.00470	0.00470	0.00941	0.01411	0.01999	0.79110	0.03723	0.04703	0.01019	0.00588	0.00157	0.00235	0.00901	0.00549	0.00470
15	0.06567	0.01038	0.01188	0.00969	0.01316	0.01089	0.00783	0.16978	0.28564	0.33353	0.01768	0.01607	0.01221	0.00625	0.00492	0.00159	0.00436	0.00500	0.00538	0.00810
16	0.13370	0.32931	0.14160	0.01329	0.06100	0.01481	0.18894	0.01554	0.01052	0.03689	0.00847	0.01016	0.00676	0.00444	0.00419	0.00139	0.00615	0.00374	0.00249	0.00662
17	0.00625	0.00533	0.00541	0.00538	0.00708	0.00464	0.00403	0.00818	0.05283	0.01384	0.04817	0.07016	0.72671	0.01240	0.00586	0.00169	0.00261	0.01037	0.00465	0.00440
18	0.00725	0.00483	0.00544	0.00544	0.00544	0.00483	0.00302	0.00725	0.00725	0.00966	0.01571	0.03262	0.01812	0.82483	0.02537	0.00483	0.00483	0.00725	0.00302	0.00302
19	0.00959	0.00904	0.01526	0.76636	0.07946	0.01112	0.01393	0.01289	0.01005	0.01295	0.00889	0.01323	0.00672	0.00495	0.00498	0.00165	0.00660	0.00443	0.00223	0.00568
20	0.63487	0.01226	0.00973	0.00994	0.08604	0.14671	0.00707	0.01561	0.00972	0.02004	0.00731	0.00866	0.00581	0.00470	0.00350	0.00149	0.00493	0.00295	0.00294	0.00570
21	0.01234	0.01184	0.02023	0.03059	0.79373	0.01184	0.01530	0.01530	0.01135	0.01628	0.00938	0.01234	0.00790	0.00444	0.00493	0.00148	0.00592	0.00444	0.00247	0.00790
22	0.01584	0.01662	0.01293	0.01145	0.01431	0.34755	0.00882	0.11693	0.36462	0.01851	0.01394	0.01371	0.01066	0.00598	0.00482	0.00149	0.00627	0.00447	0.00400	0.00707
23	0.01718	0.00873	0.01061	0.00866	0.01193	0.00841	0.00698	0.07001	0.18111	0.44640	0.02457	0.02229	0.14575	0.00739	0.00517	0.00160	0.00396	0.00605	0.00559	0.00762
24	0.01287	0.01154	0.01939	0.01859	0.21177	0.03186	0.26534	0.04885	0.09711	0.09217	0.03098	0.06100	0.03159	0.00600	0.00583	0.00164	0.03707	0.00588	0.00347	0.00705
25	0.01176	0.01345	0.02941	0.02101	0.02605	0.01261	0.77563	0.01597	0.01176	0.01597	0.01008	0.01345	0.00756	0.00420	0.00588	0.00168	0.00840	0.00588	0.00252	0.00672
26	0.00607	0.00434	0.00578	0.00694	0.00723	0.00405	0.00463	0.00694	0.00954	0.01272	0.02747	0.82157	0.03297	0.01562	0.00636	0.00202	0.00289	0.01417	0.00463	0.00405
27	0.01304	0.25601	0.37849	0.01234	0.01768	0.18286	0.03049	0.01656	0.01127	0.02698	0.00831	0.00964	0.00649	0.00470	0.00427	0.00137	0.00710	0.00336	0.00229	0.00675
28	0.01032	0.09415	0.71600	0.01387	0.02092	0.01230	0.03416	0.01572	0.01052	0.01544	0.00880	0.01037	0.00635	0.00468	0.00463	0.00154	0.00721	0.00364	0.00212	0.00727
29	0.00676	0.00483	0.00657	0.00773	0.00832	0.00464	0.00582	0.00813	0.01022	0.01349	0.02709	0.55255	0.03146	0.01497	0.00655	0.00212	0.00349	0.27640	0.00461	0.00424
30	0.01068	0.01015	0.01724	0.47428	0.36301	0.01141	0.01447	0.01384	0.01057	0.01427	0.00908	0.01288	0.00719	0.00475	0.00496	0.00158	0.00633	0.00443	0.00232	0.00656
31	0.01394	0.02464	0.04772	0.06963	0.19256	0.01166	0.17668	0.13873	0.06104	0.11735	0.01226	0.01448	0.00934	0.04224	0.00623	0.00171	0.02078	0.00498	0.02678	0.00726
32	0.01138	0.01087	0.01851	0.28583	0.54596	0.01159	0.01482	0.01446	0.01090	0.01513	0.00921	0.01265	0.00749	0.00462	0.00495	0.00154	0.00616	0.00444	0.00238	0.00713
33	0.00589	0.00505	0.00505	0.00505	0.00673	0.00421	0.00379	0.00715	0.01136	0.01347	0.05049	0.04797	0.79171	0.01262	0.00589	0.00168	0.00252	0.01052	0.00463	0.00421
34	0.01000	0.02578	0.79900	0.01421	0.02157	0.01158	0.01842	0.01579	0.01052	0.01579	0.00895	0.01052	0.00631	0.00474	0.00474	0.00158	0.00737	0.00368	0.00210	0.00737
35	0.06151	0.26504	0.07430	0.00995	0.01373	0.13021	0.00902	0.03975	0.01224	0.27227	0.01151	0.01158	0.00837	0.00539	0.00494	0.00140	0.05438	0.00375	0.00366	0.00701
36	0.01234	0.01184	0.02023	0.03059	0.79373	0.01184	0.01530	0.01530	0.01135	0.01628	0.00938	0.01234	0.00790	0.00444	0.00493	0.00148	0.00592	0.00444	0.00247	0.00790
37	0.00590	0.00501	0.00509	0.00516	0.00676	0.00420	0.00383	0.00714	0.01126	0.01342	0.04919	0.09178	0.74875	0.01279	0.00592	0.00170	0.00255	0.01073	0.00463	0.00420
38	0.07014	0.03766	0.05466	0.01251	0.07131	0.15066	0.00981	0.38562	0.01757	0.08753	0.01105	0.01160	0.00809	0.00560	0.00494	0.00146	0.02411	0.00410	0.02408	0.00750
39	0.28199	0.01283	0.01168	0.00967	0.01295	0.10520	0.00787	0.35988	0.01645	0.04437	0.04808	0.01368	0.01010	0.00601	0.00446	0.00153	0.00516	0.03712	0.00414	0.00684
40	0.01037	0.01053	0.01988	0.49093	0.07411	0.01152	0.26335	0.01393	0.01064	0.01407	0.00929	0.01322	0.00703	0.00467	0.00525	0.00164	0.00711	0.00487	0.00235	0.02523
41	0.03314	0.01120	0.01621	0.01243	0.01634	0.01131	0.18710	0.16260	0.19318	0.27832	0.01590	0.01542	0.01104	0.00578	0.00519	0.00160	0.00537	0.00522	0.00479	0.00787
42	0.03490	0.69050	0.13742	0.00930	0.01398	0.01832	0.00988	0.01504	0.01014	0.01259	0.00722	0.00836	0.00636	0.00434	0.00342	0.00115	0.00559	0.00281	0.00215	0.00651
43	0.86003	0.00964	0.00733	0.00655	0.00964	0.01118	0.00540	0.01465	0.00848	0.02236	0.00694	0.00810	0.00540	0.00463	0.00308	0.00154	0.00386	0.00270	0.00308	0.00540
44	0.00667	0.00487	0.00627	0.00637	0.00732	0.00447	0.00461	0.00850	0.01254	0.01732	0.50576	0.26837	0.10441	0.01198	0.00602	0.00171	0.00252	0.01065	0.00516	0.00447
45	0.01333	0.82783	0.02612	0.00853	0.01279	0.01972	0.00853	0.01493	0.01013	0.01173	0.00693	0.00800	0.00640	0.00426	0.00320	0.00107	0.00533	0.00267	0.00213	0.00640
46	0.00603	0.00505	0.00524	0.00519	0.00682	0.00427	0.00389	0.00742	0.01168	0.01423	0.13705	0.04671	0.70468	0.01234	0.00589	0.00167	0.00250	0.01034	0.00473	0.00427
47	0.36114	0.01220	0.01185	0.00947	0.01309	0.01372	0.00782	0.46691	0.01735	0.02773	0.00992	0.01039	0.00722	0.00543	0.00421	0.00151	0.00482	0.00376	0.00421	0.00722
48	0.00712	0.00534	0.00801	0.00801	0.00890	0.00623	0.00623	0.00890	0.00801	0.01157	0.01335	0.01958	0.01246	0.03738	0.80507	0.00801	0.01335	0.00534	0.00267	0.00445
49	0.00866	0.00433	0.00649	0.00649	0.00649	0.00433	0.00433	0.00649	0.00649	0.00866	0.00866	0.01515	0.00866	0.01732	0.01948	0.85498	0.00433	0.00433	0.00216	0.00216
50	0.01000	0.02578	0.79900	0.01421	0.02157	0.01158	0.01842	0.01579	0.01052	0.01579	0.00895	0.01052	0.00631	0.00474	0.00474	0.00158	0.00737	0.00368	0.00210	0.00737
51	0.01889	0.01563	0.01482	0.01170	0.01545	0.15019	0.00950	0.64786	0.02185	0.02813	0.01124	0.01146	0.00813	0.00584	0.00490	0.00146	0.00608	0.00427	0.00457	0.00802
52	0.00604	0.00446	0.00566	0.00662	0.00714	0.00408	0.00448	0.00698	0.00985	0.01285	0.03140	0.68953	0.16248	0.01511	0.00628	0.00197	0.00283	0.01355	0.00463	0.00408
53	0.00607	0.00434	0.00578	0.00694	0.00723	0.00405	0.00463	0.00694	0.00954	0.01272	0.02747	0.82157	0.03297	0.01562	0.00636	0.00202	0.00289	0.01417	0.00463	0.00405
54	0.01895	0.01396	0.01496	0.01147	0.01546	0.01546	0.00947	0.77711	0.02344	0.03141	0.01197	0.01197	0.00848	0.00598	0.00499	0.00150	0.00548	0.00449	0.00499	0.00848
55	0.01176	0.01345	0.02941	0.02101	0.02605	0.01261	0.77563	0.01597	0.01176	0.01597	0.01008	0.01345	0.00756	0.00420	0.00588	0.00168	0.00840	0.00588	0.00252	0.00672
56	0.00607	0.00434	0.00578	0.00694	0.00723	0.00405	0.00463	0.00694	0.00954	0.01272	0.02747	0.82157	0.03297	0.01562	0.00636	0.00202	0.00289	0.01417	0.00463	0.00405
57	0.01234	0.01184	0.02023	0.03059	0.79373	0.01184	0.01530	0.01530	0.01135	0.01628	0.00938	0.01234	0.00790	0.00444	0.00493	0.00148	0.00592	0.00444	0.00247	0.00790
58	0.02236	0.00848	0.01157	0.00887	0.01272	0.00733	0.00733	0.02429	0.01427	0.79719	0.01966	0.01697	0.01234	0.00617	0.00501	0.00154	0.00424	0.00501	0.00617	0.00848
59	0.01091	0.01091	0.01527	0.01309	0.01309	0.01527	0.01091	0.01200	0.00763	0.01200	0.00654	0.01091	0.00654	0.00872	0.01636	0.00218	0.81570	0.00436	0.00218	0.00545
60	0.00803	0.00574	0.00803	0.00918	0.01033	0.00574	0.00803	0.01033	0.01147	0.01492	0.02639	0.05622	0.02869	0.01377	0.00688	0.00229	0.00459	0.76018	0.00459	0.00459
61	0.02224	0.00868	0.01169	0.00896	0.01282	0.00762	0.00740	0.05161	0.01460	0.76940	0.01939	0.01678	0.01220	0.00616	0.00501	0.00154	0.00429	0.00499	0.00613	0.00848
62	0.00941	0.00886	0.01495	0.81285	0.03433	0.01107	0.01384	0.01274	0.00997	0.01274	0.00886	0.01329	0.00664	0.00498	0.00498	0.00166	0.00664	0.00443	0.00221	0.00554
63	0.02217	0.00879	0.01176	0.00902	0.01288	0.00779	0.00745	0.06695	0.01479	0.75380	0.01923	0.01668	0.01212	0.00616	0.00501	0.00154	0.00431	0.00498	0.00610	0.00848
64	0.00941	0.00886	0.01495	0.81285	0.03433	0.01107	0.01384	0.01274	0.00997	0.01274	0.00886	0.01329	0.00664	0.00498	0.00498	0.00166	0.00664	0.00443	0.00221	0.00554
65	0.00607	0.00434	0.00578	0.00694	0.00723	0.00405	0.00463	0.00694	0.00954	0.01272	0.02747	0.82157	0.03297	0.01562	0.00636	0.00202	0.00289	0.01417	0.00463	0.00405
