[name]
unknown

[dist]
# distance from previous block
# <min> <max>
0	319

[block]
# block no. 0 follows, 50 sequences, length 113
# corresponding to MSA columns:
# 438-550
name=unknown_A
#
# <colnr> <probs for GDERKNQSTAVLIFYWHMCP>
#	G	D	E	R	K	N	Q	S	T	A	V	L	I	F	Y	W	H	M	C	P
0	0.01333	0.82783	0.02612	0.00853	0.01279	0.01972	0.00853	0.01493	0.01013	0.01173	0.00693	0.00800	0.00640	0.00426	0.00320	0.00107	0.00533	0.00267	0.00213	0.00640
1	0.00941	0.00886	0.01495	0.81285	0.03433	0.01107	0.01384	0.01274	0.00997	0.01274	0.00886	0.01329	0.00664	0.00498	0.00498	0.00166	0.00664	0.00443	0.00221	0.00554
2	0.02201	0.00905	0.01192	0.00914	0.01301	0.00817	0.00755	0.10243	0.01522	0.71771	0.01887	0.01645	0.01194	0.00615	0.00501	0.00154	0.00437	0.00496	0.00605	0.00848
3	0.00941	0.00886	0.01495	0.81285	0.03433	0.01107	0.01384	0.01274	0.00997	0.01274	0.00886	0.01329	0.00664	0.00498	0.00498	0.00166	0.00664	0.00443	0.00221	0.00554
4	0.01863	0.02336	0.01416	0.01278	0.01541	0.77255	0.00962	0.05086	0.01451	0.01298	0.00788	0.00911	0.00650	0.00517	0.00451	0.00129	0.00885	0.00326	0.00267	0.00589
5	0.01378	0.00803	0.00978	0.00826	0.01087	0.00794	0.00653	0.07610	0.17350	0.25884	0.30863	0.02502	0.04108	0.00787	0.00534	0.00157	0.00352	0.00667	0.00551	0.02118
6	0.01905	0.01335	0.04557	0.01095	0.01493	0.04267	0.00926	0.50322	0.05843	0.21004	0.01392	0.01331	0.00956	0.00598	0.00497	0.00151	0.00532	0.00459	0.00506	0.00830
7	0.01098	0.21064	0.51400	0.01349	0.01962	0.01372	0.08816	0.01545	0.01043	0.01471	0.00849	0.01023	0.00646	0.00474	0.00496	0.00149	0.03960	0.00368	0.00215	0.00700
8	0.00941	0.00886	0.01495	0.81285	0.03433	0.01107	0.01384	0.01274	0.00997	0.01274	0.00886	0.01329	0.00664	0.00498	0.00498	0.00166	0.00664	0.00443	0.00221	0.00554
9	0.00607	0.00434	0.00578	0.00694	0.00723	0.00405	0.00463	0.00694	0.00954	0.01272	0.02747	0.82157	0.03297	0.01562	0.00636	0.00202	0.00289	0.01417	0.00463	0.00405
10	0.01839	0.01369	0.01465	0.01136	0.01525	0.01520	0.00934	0.71345	0.08800	0.03052	0.01267	0.01253	0.00905	0.00605	0.00499	0.00151	0.00535	0.00458	0.00499	0.00843
11	0.01963	0.01155	0.01331	0.01035	0.01417	0.01205	0.00850	0.41740	0.09267	0.32335	0.01571	0.01451	0.01060	0.00613	0.00500	0.00153	0.00486	0.00480	0.00545	0.00842
12	0.01240	0.01071	0.01127	0.01014	0.01296	0.01240	0.00789	0.02649	0.78473	0.02085	0.02029	0.01860	0.01522	0.00676	0.00507	0.00169	0.00394	0.00564	0.00507	0.00789
13	0.01356	0.01045	0.01131	0.01000	0.01293	0.01181	0.00782	0.02623	0.69497	0.11130	0.02021	0.01841	0.01488	0.00669	0.00506	0.00167	0.00398	0.00556	0.00520	0.00796
14	0.01195	0.01028	0.01086	0.00980	0.01251	0.01179	0.00761	0.02510	0.72580	0.02054	0.05151	0.02042	0.04542	0.00711	0.00513	0.00169	0.00383	0.00595	0.00507	0.00763
15	0.00617	0.00441	0.00587	0.00688	0.00725	0.00411	0.00463	0.00718	0.00998	0.01342	0.10044	0.74663	0.03431	0.01510	0.00632	0.00198	0.00284	0.01368	0.00471	0.00411
16	0.01183	0.01013	0.01091	0.02650	0.01288	0.01164	0.00771	0.02457	0.69496	0.02060	0.09370	0.02027	0.01808	0.00705	0.00515	0.00168	0.00385	0.00593	0.00505	0.00754
17	0.00670	0.00508	0.00617	0.00590	0.00723	0.00455	0.00442	0.00872	0.01327	0.01799	0.56432	0.04052	0.27506	0.01094	0.00588	0.00160	0.00240	0.00948	0.00522	0.00455
18	0.01700	0.26998	0.01780	0.01152	0.01461	0.56441	0.00929	0.01838	0.01290	0.01205	0.00747	0.00868	0.00641	0.00487	0.00410	0.00122	0.00787	0.00304	0.00243	0.00597
19	0.00620	0.00506	0.00547	0.00537	0.00692	0.00434	0.00403	0.00775	0.01208	0.01518	0.24536	0.04514	0.59578	0.01198	0.00589	0.00165	0.00248	0.01012	0.00485	0.00434
20	0.02107	0.00890	0.01318	0.00998	0.01390	0.00778	0.08069	0.02322	0.01402	0.70837	0.03282	0.01700	0.01251	0.00605	0.00511	0.00156	0.00460	0.00517	0.00581	0.00825
21	0.01333	0.82783	0.02612	0.00853	0.01279	0.01972	0.00853	0.01493	0.01013	0.01173	0.00693	0.00800	0.00640	0.00426	0.00320	0.00107	0.00533	0.00267	0.00213	0.00640
22	0.01895	0.01396	0.01496	0.01147	0.01546	0.01546	0.00947	0.77711	0.02344	0.03141	0.01197	0.01197	0.00848	0.00598	0.00499	0.00150	0.00548	0.00449	0.00499	0.00848
23	0.01438	0.66792	0.02373	0.00939	0.01331	0.17585	0.00875	0.01592	0.01092	0.01182	0.00708	0.00819	0.00640	0.00444	0.00346	0.00111	0.00606	0.00277	0.00222	0.00627
24	0.01333	0.82783	0.02612	0.00853	0.01279	0.01972	0.00853	0.01493	0.01013	0.01173	0.00693	0.00800	0.00640	0.00426	0.00320	0.00107	0.00533	0.00267	0.00213	0.00640
25	0.00839	0.00787	0.01480	0.01240	0.01455	0.00740	0.29186	0.01064	0.01056	0.01415	0.02089	0.44361	0.02308	0.01118	0.00624	0.00192	0.00511	0.08639	0.00384	0.00510
26	0.01333	0.82783	0.02612	0.00853	0.01279	0.01972	0.00853	0.01493	0.01013	0.01173	0.00693	0.00800	0.00640	0.00426	0.00320	0.00107	0.00533	0.00267	0.00213	0.00640
27	0.01034	0.00886	0.01034	0.00738	0.01181	0.00664	0.00591	0.01255	0.01034	0.01624	0.00886	0.01034	0.00738	0.00369	0.00369	0.00074	0.00369	0.00295	0.00295	0.85530
28	0.01895	0.01396	0.01496	0.01147	0.01546	0.01546	0.00947	0.77711	0.02344	0.03141	0.01197	0.01197	0.00848	0.00598	0.00499	0.00150	0.00548	0.00449	0.00499	0.00848
29	0.00725	0.00483	0.00544	0.00544	0.00544	0.00483	0.00302	0.00725	0.00725	0.00966	0.01571	0.03262	0.01812	0.82483	0.02537	0.00483	0.00483	0.00725	0.00302	0.00302
30	0.00589	0.00505	0.00505	0.00505	0.00673	0.00421	0.00379	0.00715	0.01136	0.01347	0.05049	0.04797	0.79171	0.01262	0.00589	0.00168	0.00252	0.01052	0.00463	0.00421
31	0.00712	0.00534	0.00801	0.00801	0.00890	0.00623	0.00623	0.00890	0.00801	0.01157	0.01335	0.01958	0.01246	0.03738	0.80507	0.00801	0.01335	0.00534	0.00267	0.00445
32	0.01222	0.01036	0.01495	0.57690	0.02877	0.01236	0.01256	0.23778	0.01393	0.01823	0.00977	0.01290	0.00718	0.00528	0.00498	0.00161	0.00630	0.00445	0.00303	0.00640
33	0.80994	0.03191	0.00805	0.00681	0.00991	0.03737	0.00562	0.01483	0.00871	0.02175	0.00697	0.00812	0.00546	0.00463	0.00313	0.00152	0.00406	0.00271	0.00304	0.00544
34	0.00929	0.00465	0.00465	0.00465	0.00581	0.00465	0.00348	0.01161	0.01045	0.01858	0.01626	0.01858	0.01278	0.00581	0.00348	0.00116	0.00232	0.00465	0.85250	0.00465
35	0.00858	0.00609	0.02942	0.00680	0.00842	0.00529	0.00538	0.01125	0.03091	0.08711	0.68554	0.03432	0.04219	0.00961	0.00575	0.00157	0.00269	0.00844	0.00544	0.00517
36	0.00864	0.00625	0.00759	0.00780	0.00881	0.00632	0.00555	0.15899	0.01224	0.01635	0.02415	0.64445	0.02781	0.03145	0.00651	0.00198	0.00345	0.01211	0.00466	0.00490
37	0.00623	0.00454	0.00587	0.00664	0.00722	0.00418	0.00456	0.00739	0.01051	0.01405	0.16211	0.61163	0.10790	0.01439	0.00623	0.00191	0.00276	0.01293	0.00478	0.00418
38	0.01319	0.79547	0.05730	0.00876	0.01315	0.01939	0.00893	0.01496	0.01014	0.01189	0.00701	0.00810	0.00639	0.00428	0.00326	0.00109	0.00541	0.00271	0.00213	0.00644
39	0.86003	0.00964	0.00733	0.00655	0.00964	0.01118	0.00540	0.01465	0.00848	0.02236	0.00694	0.00810	0.00540	0.00463	0.00308	0.00154	0.00386	0.00270	0.00308	0.00540
40	0.02204	0.00901	0.01189	0.00912	0.01299	0.00810	0.00753	0.09622	0.01514	0.72402	0.01893	0.01649	0.01197	0.00615	0.00501	0.00154	0.00436	0.00496	0.00606	0.00848
41	0.00929	0.00465	0.00465	0.00465	0.00581	0.00465	0.00348	0.01161	0.01045	0.01858	0.01626	0.01858	0.01278	0.00581	0.00348	0.00116	0.00232	0.00465	0.85250	0.00465
42	0.00596	0.00476	0.00534	0.00581	0.00693	0.00414	0.00412	0.00707	0.01063	0.01317	0.04124	0.35878	0.48687	0.01383	0.00608	0.00182	0.00267	0.01199	0.00463	0.00414
43	0.01862	0.02376	0.01413	0.01284	0.01541	0.80482	0.00963	0.01990	0.01413	0.01220	0.00770	0.00899	0.00642	0.00514	0.00449	0.00128	0.00899	0.00321	0.00257	0.00578
44	0.01034	0.00886	0.01034	0.00738	0.01181	0.00664	0.00591	0.01255	0.01034	0.01624	0.00886	0.01034	0.00738	0.00369	0.00369	0.00074	0.00369	0.00295	0.00295	0.85530
45	0.01006	0.02539	0.77715	0.01467	0.04324	0.01158	0.01833	0.01577	0.01055	0.01580	0.00896	0.01057	0.00636	0.00473	0.00474	0.00158	0.00733	0.00370	0.00211	0.00738
46	0.00712	0.00534	0.00801	0.00801	0.00890	0.00623	0.00623	0.00890	0.00801	0.01157	0.01335	0.01958	0.01246	0.03738	0.80507	0.00801	0.01335	0.00534	0.00267	0.00445
47	0.01579	0.01239	0.01318	0.01083	0.01425	0.01398	0.00871	0.41495	0.39075	0.02632	0.01598	0.01517	0.01173	0.00636	0.00503	0.00159	0.00474	0.00504	0.00503	0.00819
48	0.02236	0.00848	0.01157	0.00887	0.01272	0.00733	0.00733	0.02429	0.01427	0.79719	0.01966	0.01697	0.01234	0.00617	0.00501	0.00154	0.00424	0.00501	0.00617	0.00848
49	0.01845	0.01371	0.01468	0.01137	0.01527	0.01522	0.00935	0.71981	0.08155	0.03061	0.01260	0.01247	0.00899	0.00604	0.00499	0.00151	0.00537	0.00458	0.00499	0.00843
50	0.00705	0.00510	0.00666	0.00627	0.00745	0.00470	0.00470	0.00941	0.01411	0.01999	0.79110	0.03723	0.04703	0.01019	0.00588	0.00157	0.00235	0.00901	0.00549	0.00470
51	0.01116	0.00935	0.01078	0.00777	0.01216	0.00749	0.00625	0.08560	0.01159	0.01769	0.00916	0.01049	0.00749	0.00391	0.00382	0.00081	0.00386	0.00310	0.00315	0.77438
52	0.02040	0.00824	0.01093	0.00855	0.01216	0.00723	0.00701	0.02274	0.04407	0.69199	0.02263	0.01999	0.08692	0.00681	0.00510	0.00156	0.00407	0.00556	0.00598	0.00805
53	0.86003	0.00964	0.00733	0.00655	0.00964	0.01118	0.00540	0.01465	0.00848	0.02236	0.00694	0.00810	0.00540	0.00463	0.00308	0.00154	0.00386	0.00270	0.00308	0.00540
54	0.01531	0.01187	0.01276	0.01047	0.01374	0.01326	0.00841	0.41660	0.31378	0.02628	0.08960	0.01692	0.01474	0.00668	0.00510	0.00158	0.00460	0.00536	0.00507	0.00789
55	0.00617	0.00441	0.00587	0.00687	0.00725	0.00411	0.00463	0.00719	0.01000	0.01346	0.10456	0.74240	0.03439	0.01507	0.00631	0.00198	0.00284	0.01365	0.00471	0.00411
56	0.01031	0.01111	0.02336	0.01741	0.02123	0.01041	0.57816	0.01365	0.01120	0.01514	0.01454	0.22042	0.01407	0.00713	0.00601	0.00177	0.00699	0.00800	0.00306	0.00604
57	0.86003	0.00964	0.00733	0.00655	0.00964	0.01118	0.00540	0.01465	0.00848	0.02236	0.00694	0.00810	0.00540	0.00463	0.00308	0.00154	0.00386	0.00270	0.00308	0.00540
58	0.00705	0.00510	0.00666	0.00627	0.00745	0.00470	0.00470	0.00941	0.01411	0.01999	0.79110	0.03723	0.04703	0.01019	0.00588	0.00157	0.00235	0.00901	0.00549	0.00470
59	0.00607	0.00434	0.00578	0.00694	0.00723	0.00405	0.00463	0.00694	0.00954	0.01272	0.02747	0.82157	0.03297	0.01562	0.00636	0.00202	0.00289	0.01417	0.00463	0.00405
60	0.01432	0.01373	0.01222	0.01083	0.01371	0.17742	0.00840	0.09684	0.55179	0.02006	0.01688	0.01597	0.01274	0.00635	0.00494	0.00159	0.00514	0.00502	0.00454	0.00751
61	0.00697	0.00509	0.00654	0.00618	0.00739	0.00467	0.00463	0.00923	0.01390	0.01949	0.73457	0.03805	0.10388	0.01038	0.00588	0.00158	0.00236	0.00913	0.00542	0.00467
62	0.01030	0.00824	0.00992	0.00936	0.01081	0.00949	0.00715	0.01655	0.31800	0.05748	0.03606	0.30428	0.02056	0.01030	0.00749	0.00188	0.14308	0.00850	0.00448	0.00607
63	0.01034	0.00886	0.01034	0.00738	0.01181	0.00664	0.00591	0.01255	0.01034	0.01624	0.00886	0.01034	0.00738	0.00369	0.00369	0.00074	0.00369	0.00295	0.00295	0.85530
64	0.01000	0.02578	0.79900	0.01421	0.02157	0.01158	0.01842	0.01579	0.01052	0.01579	0.00895	0.01052	0.00631	0.00474	0.00474	0.00158	0.00737	0.00368	0.00210	0.00737
65	0.00941	0.00886	0.01495	0.81285	0.03433	0.01107	0.01384	0.01274	0.00997	0.01274	0.00886	0.01329	0.00664	0.00498	0.00498	0.00166	0.00664	0.00443	0.00221	0.00554
66	0.00589	0.00505	0.00505	0.00505	0.00673	0.00421	0.00379	0.00715	0.01136	0.01347	0.05049	0.04797	0.79171	0.01262	0.00589	0.00168	0.00252	0.01052	0.00463	0.00421
67	0.01176	0.01345	0.02941	0.02101	0.02605	0.01261	0.77563	0.01597	0.01176	0.01597	0.01008	0.01345	0.00756	0.00420	0.00588	0.00168	0.00840	0.00588	0.00252	0.00672
68	0.02236	0.00848	0.01157	0.00887	0.01272	0.00733	0.00733	0.02429	0.01427	0.79719	0.01966	0.01697	0.01234	0.00617	0.00501	0.00154	0.00424	0.00501	0.00617	0.00848
69	0.00690	0.00509	0.00645	0.00611	0.00735	0.00464	0.00458	0.00911	0.01374	0.01912	0.69271	0.03866	0.14596	0.01051	0.00588	0.00158	0.00237	0.00921	0.00537	0.00464
70	0.01333	0.82783	0.02612	0.00853	0.01279	0.01972	0.00853	0.01493	0.01013	0.01173	0.00693	0.00800	0.00640	0.00426	0.00320	0.00107	0.00533	0.00267	0.00213	0.00640
71	0.00626	0.00447	0.00600	0.00715	0.00753	0.00421	0.00495	0.00726	0.00973	0.01293	0.02737	0.74844	0.03256	0.01544	0.00641	0.00205	0.00305	0.08545	0.00462	0.00410
72	0.01333	0.82783	0.02612	0.00853	0.01279	0.01972	0.00853	0.01493	0.01013	0.01173	0.00693	0.00800	0.00640	0.00426	0.00320	0.00107	0.00533	0.00267	0.00213	0.00640
73	0.01298	0.01123	0.01301	0.01110	0.01420	0.01271	0.06665	0.09741	0.65298	0.02149	0.01871	0.01757	0.01399	0.00649	0.00513	0.00167	0.00443	0.00554	0.00487	0.00786
74	0.00589	0.00505	0.00505	0.00505	0.00673	0.00421	0.00379	0.00715	0.01136	0.01347	0.05049	0.04797	0.79171	0.01262	0.00589	0.00168	0.00252	0.01052	0.00463	0.00421
75	0.06922	0.01589	0.01432	0.01148	0.01510	0.19116	0.00926	0.56268	0.02047	0.02659	0.01072	0.01107	0.00783	0.00571	0.00476	0.00145	0.00617	0.00410	0.00433	0.00769
76	0.02050	0.01147	0.01342	0.01029	0.01421	0.01176	0.00850	0.43467	0.01926	0.37975	0.01547	0.01424	0.01023	0.00607	0.00500	0.00152	0.00492	0.00473	0.00552	0.00848
77	0.01021	0.00886	0.01094	0.11333	0.01477	0.00723	0.00695	0.01258	0.01029	0.01578	0.00886	0.01072	0.00729	0.00386	0.00386	0.00086	0.00408	0.00315	0.00286	0.74352
78	0.00589	0.00505	0.00505	0.00505	0.00673	0.00421	0.00379	0.00715	0.01136	0.01347	0.05049	0.04797	0.79171	0.01262	0.00589	0.00168	0.00252	0.01052	0.00463	0.00421
79	0.00947	0.00894	0.01496	0.78174	0.03350	0.01124	0.01373	0.01271	0.00988	0.01271	0.00877	0.01320	0.00664	0.00513	0.00543	0.00168	0.03811	0.00443	0.00221	0.00553
80	0.00712	0.00534	0.00801	0.00801	0.00890	0.00623	0.00623	0.00890	0.00801	0.01157	0.01335	0.01958	0.01246	0.03738	0.80507	0.00801	0.01335	0.00534	0.00267	0.00445
81	0.01852	0.01375	0.01472	0.01138	0.01529	0.01526	0.00937	0.72822	0.07302	0.03073	0.01251	0.01240	0.00892	0.00603	0.00499	0.00151	0.00538	0.00456	0.00499	0.00844
82	0.00725	0.00483	0.00544	0.00544	0.00544	0.00483	0.00302	0.00725	0.00725	0.00966	0.01571	0.03262	0.01812	0.82483	0.02537	0.00483	0.00483	0.00725	0.00302	0.00302
83	0.01479	0.00674	0.00924	0.00858	0.03217	0.00600	0.00634	0.01633	0.01224	0.42251	0.05270	0.34833	0.02205	0.01016	0.00560	0.00174	0.00366	0.00892	0.00540	0.00650
84	0.01781	0.03648	0.01605	0.01421	0.13029	0.01504	0.01031	0.64325	0.02128	0.02863	0.01144	0.01191	0.00833	0.00571	0.00493	0.00148	0.00555	0.00443	0.00453	0.00833
85	0.86003	0.00964	0.00733	0.00655	0.00964	0.01118	0.00540	0.01465	0.00848	0.02236	0.00694	0.00810	0.00540	0.00463	0.00308	0.00154	0.00386	0.00270	0.00308	0.00540
86	0.00828	0.00656	0.00855	0.00984	0.08414	0.00639	0.00720	0.03897	0.04225	0.01580	0.08634	0.04495	0.26677	0.01170	0.00617	0.00192	0.00392	0.34070	0.00450	0.00507
87	0.01034	0.00886	0.01034	0.00738	0.01181	0.00664	0.00591	0.01255	0.01034	0.01624	0.00886	0.01034	0.00738	0.00369	0.00369	0.00074	0.00369	0.00295	0.00295	0.85530
88	0.66004	0.01102	0.00911	0.00777	0.01102	0.04087	0.00637	0.16843	0.01170	0.02382	0.00798	0.00891	0.00606	0.00492	0.00352	0.00152	0.00437	0.00308	0.00345	0.00603
89	0.01853	0.02277	0.01414	0.01269	0.01537	0.72979	0.00959	0.07783	0.02920	0.01383	0.00826	0.00940	0.00674	0.00523	0.00454	0.00131	0.00863	0.00335	0.00280	0.00602
90	0.00714	0.00527	0.00767	0.00767	0.00844	0.00604	0.00580	0.00868	0.00791	0.01132	0.01366	0.02131	0.01321	0.14199	0.70149	0.00759	0.01222	0.00559	0.00272	0.00426
91	0.31929	0.04120	0.05619	0.08535	0.01440	0.01039	0.00810	0.07637	0.01212	0.31252	0.01240	0.01236	0.00845	0.00534	0.00423	0.00153	0.00465	0.00393	0.00421	0.00696
92	0.01352	0.79783	0.02567	0.00869	0.01289	0.04901	0.00857	0.01511	0.01028	0.01174	0.00696	0.00803	0.00640	0.00430	0.00325	0.00107	0.00547	0.00269	0.00215	0.00637
93	0.00713	0.00532	0.00791	0.00791	0.00877	0.00618	0.00611	0.00884	0.00798	0.01150	0.01344	0.02009	0.01268	0.06787	0.77488	0.00789	0.01302	0.00541	0.00268	0.00440
94	0.00725	0.00483	0.00544	0.00544	0.00544	0.00483	0.00302	0.00725	0.00725	0.00966	0.01571	0.03262	0.01812	0.82483	0.02537	0.00483	0.00483	0.00725	0.00302	0.00302
95	0.01058	0.02189	0.57068	0.01517	0.02164	0.01186	0.16800	0.01684	0.08475	0.01631	0.01026	0.01188	0.00741	0.00482	0.00500	0.00161	0.00725	0.00431	0.00247	0.00729
96	0.00589	0.00505	0.00505	0.00505	0.00673	0.00421	0.00379	0.00715	0.01136	0.01347	0.05049	0.04797	0.79171	0.01262	0.00589	0.00168	0.00252	0.01052	0.00463	0.00421
97	0.01347	0.80639	0.02580	0.00864	0.01286	0.04065	0.00856	0.01506	0.01023	0.01174	0.00695	0.00802	0.00640	0.00429	0.00323	0.00107	0.00543	0.00268	0.00214	0.00638
98	0.01100	0.02078	0.55773	0.01234	0.01877	0.01044	0.01479	0.04495	0.01116	0.05298	0.00954	0.01084	0.00692	0.00462	0.00453	0.00139	0.00634	0.00362	0.00259	0.19469
99	0.01289	0.09442	0.14787	0.01703	0.02192	0.10691	0.43022	0.06458	0.01236	0.01600	0.00938	0.01180	0.00716	0.00459	0.00540	0.00156	0.02176	0.00480	0.00257	0.00677
100	0.01240	0.01071	0.01127	0.01014	0.01296	0.01240	0.00789	0.02649	0.78473	0.02085	0.02029	0.01860	0.01522	0.00676	0.00507	0.00169	0.00394	0.00564	0.00507	0.00789
101	0.78000	0.00953	0.00773	0.00678	0.00993	0.01081	0.00558	0.01557	0.00904	0.09640	0.00816	0.00894	0.00606	0.00477	0.00327	0.00154	0.00389	0.00292	0.00338	0.00569
102	0.00735	0.00582	0.00674	0.00637	0.00766	0.03587	0.00477	0.00952	0.01374	0.01882	0.66213	0.03756	0.14438	0.01032	0.00583	0.00157	0.00263	0.00899	0.00526	0.00468
103	0.00615	0.00440	0.00585	0.00689	0.00725	0.00410	0.00463	0.00713	0.00989	0.01328	0.08577	0.76170	0.03404	0.01520	0.00633	0.00199	0.00285	0.01378	0.00469	0.00410
104	0.01234	0.01184	0.02023	0.03059	0.79373	0.01184	0.01530	0.01530	0.01135	0.01628	0.00938	0.01234	0.00790	0.00444	0.00493	0.00148	0.00592	0.00444	0.00247	0.00790
105	0.01168	0.01320	0.02806	0.02025	0.02481	0.01286	0.70256	0.01559	0.01137	0.01559	0.00975	0.01320	0.00747	0.00463	0.00688	0.00173	0.08554	0.00574	0.00249	0.00660
106	0.00983	0.00845	0.00882	0.00814	0.01049	0.00914	0.00627	0.01882	0.47650	0.01803	0.04596	0.03011	0.31104	0.00905	0.00540	0.00169	0.00338	0.00755	0.00491	0.00643
107	0.01228	0.01178	0.02013	0.04598	0.77880	0.01183	0.01527	0.01525	0.01132	0.01621	0.00937	0.01236	0.00787	0.00445	0.00494	0.00148	0.00594	0.00444	0.00246	0.00785
108	0.01489	0.00708	0.00933	0.00806	0.01061	0.00622	0.00622	0.03660	0.01233	0.40206	0.02141	0.32401	0.01965	0.00954	0.00540	0.00165	0.00371	0.00831	0.00524	0.08770
109	0.00670	0.00501	0.00621	0.00606	0.00726	0.00453	0.00449	0.00866	0.01305	0.01782	0.55105	0.11460	0.21369	0.01126	0.00593	0.00164	0.00244	0.00985	0.00521	0.00453
110	0.01324	0.74975	0.02470	0.00868	0.01281	0.01902	0.00847	0.01603	0.08414	0.01260	0.00821	0.00901	0.00724	0.00450	0.00338	0.00113	0.00520	0.00295	0.00241	0.00654
111	0.03054	0.01059	0.01175	0.00996	0.01317	0.01159	0.00792	0.12395	0.49108	0.20400	0.01882	0.01716	0.01349	0.00648	0.00501	0.00163	0.00421	0.00529	0.00528	0.00806
112	0.01892	0.01490	0.01488	0.01160	0.01545	0.09088	0.00949	0.70476	0.02255	0.02958	0.01156	0.01168	0.00828	0.00590	0.00494	0.00148	0.00582	0.00437	0.00476	0.00822

[dist]
# distance from previous block
# <min> <max>
0	1

[block]
# block no. 1 follows, 50 sequences, length 16
# corresponding to MSA columns:
# 552-567
name=unknown_B
#
# <colnr> <probs for GDERKNQSTAVLIFYWHMCP>
#	G	D	E	R	K	N	Q	S	T	A	V	L	I	F	Y	W	H	M	C	P
0	0.01359	0.01130	0.01194	0.01038	0.01341	0.01295	0.00818	0.16262	0.64666	0.02277	0.01878	0.01739	0.01399	0.00662	0.00506	0.00166	0.00422	0.00543	0.00506	0.00800
1	0.01938	0.00786	0.01039	0.00818	0.01164	0.00676	0.00668	0.02118	0.01374	0.65505	0.02526	0.02259	0.15368	0.00734	0.00517	0.00157	0.00393	0.00601	0.00589	0.00771
2	0.01321	0.01373	0.01864	0.09896	0.58309	0.15558	0.01414	0.01590	0.01173	0.01522	0.00903	0.01182	0.00751	0.00462	0.00486	0.00146	0.00654	0.00422	0.00246	0.00730
3	0.01145	0.01410	0.16156	0.13721	0.47621	0.01176	0.08523	0.01509	0.01104	0.01566	0.00929	0.01224	0.00740	0.00455	0.00499	0.00154	0.00651	0.00443	0.00237	0.00736
4	0.00719	0.00507	0.00666	0.00666	0.00708	0.00550	0.00455	0.00803	0.00761	0.01057	0.01459	0.02642	0.01543	0.45020	0.39631	0.00634	0.00889	0.00634	0.00285	0.00370
5	0.01272	0.68237	0.16629	0.00956	0.01439	0.01825	0.01032	0.01508	0.01020	0.01246	0.00730	0.00845	0.00638	0.00435	0.00348	0.00116	0.00570	0.00285	0.00213	0.00657
6	0.00590	0.00499	0.00511	0.00519	0.00677	0.00420	0.00385	0.00714	0.01122	0.01341	0.04873	0.10720	0.73362	0.01285	0.00593	0.00171	0.00255	0.01080	0.00463	0.00420
7	0.00724	0.00576	0.00622	0.00605	0.00751	0.00544	0.00445	0.02622	0.08158	0.01458	0.11497	0.04103	0.44998	0.15905	0.00938	0.00227	0.00322	0.04610	0.00447	0.00449
8	0.00684	0.00509	0.00637	0.00605	0.00732	0.00461	0.00454	0.00900	0.01361	0.01881	0.65679	0.03918	0.18208	0.01063	0.00588	0.00159	0.00238	0.00929	0.00533	0.00461
9	0.01182	0.01151	0.02023	0.15444	0.60240	0.01179	0.08464	0.01495	0.01117	0.01569	0.00936	0.01259	0.00767	0.00451	0.00503	0.00153	0.00626	0.00457	0.00243	0.00741
10	0.02236	0.00848	0.01157	0.00887	0.01272	0.00733	0.00733	0.02429	0.01427	0.79719	0.01966	0.01697	0.01234	0.00617	0.00501	0.00154	0.00424	0.00501	0.00617	0.00848
11	0.01000	0.02578	0.79900	0.01421	0.02157	0.01158	0.01842	0.01579	0.01052	0.01579	0.00895	0.01052	0.00631	0.00474	0.00474	0.00158	0.00737	0.00368	0.00210	0.00737
12	0.01000	0.02578	0.79900	0.01421	0.02157	0.01158	0.01842	0.01579	0.01052	0.01579	0.00895	0.01052	0.00631	0.00474	0.00474	0.00158	0.00737	0.00368	0.00210	0.00737
13	0.00707	0.00515	0.00625	0.00596	0.00735	0.00460	0.00448	0.00901	0.01310	0.03870	0.51024	0.06069	0.28706	0.01101	0.00587	0.00162	0.00247	0.00953	0.00520	0.00463
14	0.01892	0.01357	0.01467	0.01129	0.01524	0.01494	0.00931	0.71421	0.04681	0.07115	0.01263	0.01244	0.00889	0.00602	0.00499	0.00150	0.00537	0.00455	0.00505	0.00846
15	0.01108	0.13451	0.32209	0.01093	0.01622	0.01075	0.04165	0.01487	0.02489	0.05164	0.01112	0.01382	0.02385	0.00508	0.00441	0.00131	0.00561	0.04365	0.00279	0.24972

[dist]
# distance from previous block
# <min> <max>
0	1

[block]
# block no. 2 follows, 50 sequences, length 62
# corresponding to MSA columns:
# 569-613,615-631
name=unknown_C
#
# <colnr> <probs for GDERKNQSTAVLIFYWHMCP>
#	G	D	E	R	K	N	Q	S	T	A	V	L	I	F	Y	W	H	M	C	P
0	0.01191	0.00745	0.00938	0.00828	0.01104	0.00662	0.00676	0.01479	0.06848	0.18811	0.02045	0.10498	0.04852	0.00880	0.00533	0.00158	0.00396	0.21751	0.00451	0.25156
1	0.01165	0.01149	0.02062	0.18771	0.51742	0.01181	0.13614	0.01488	0.01114	0.01551	0.00938	0.01271	0.00759	0.00451	0.00510	0.00155	0.00646	0.00467	0.00242	0.00723
2	0.00941	0.00886	0.01495	0.81285	0.03433	0.01107	0.01384	0.01274	0.00997	0.01274	0.00886	0.01329	0.00664	0.00498	0.00498	0.00166	0.00664	0.00443	0.00221	0.00554
3	0.00791	0.00547	0.00653	0.00633	0.00674	0.00575	0.00407	0.05287	0.00836	0.01134	0.01500	0.02870	0.01638	0.61320	0.18603	0.00530	0.00664	0.00669	0.00306	0.00364
4	0.01318	0.01053	0.01129	0.01004	0.01294	0.01200	0.00785	0.02631	0.72436	0.08168	0.02024	0.01847	0.01499	0.00672	0.00507	0.00168	0.00397	0.00559	0.00516	0.00794
5	0.01208	0.01076	0.02945	0.01000	0.01278	0.01199	0.00789	0.02525	0.72682	0.02016	0.01979	0.01912	0.01516	0.04853	0.00610	0.00185	0.00407	0.00567	0.00490	0.00763
6	0.02236	0.00848	0.01157	0.00887	0.01272	0.00733	0.00733	0.02429	0.01427	0.79719	0.01966	0.01697	0.01234	0.00617	0.00501	0.00154	0.00424	0.00501	0.00617	0.00848
7	0.01234	0.01184	0.02023	0.03059	0.79373	0.01184	0.01530	0.01530	0.01135	0.01628	0.00938	0.01234	0.00790	0.00444	0.00493	0.00148	0.00592	0.00444	0.00247	0.00790
8	0.00607	0.00434	0.00578	0.00694	0.00723	0.00405	0.00463	0.00694	0.00954	0.01272	0.02747	0.82157	0.03297	0.01562	0.00636	0.00202	0.00289	0.01417	0.00463	0.00405
9	0.01476	0.01177	0.07180	0.01019	0.01368	0.01158	0.00866	0.17862	0.38944	0.14885	0.03475	0.01818	0.05160	0.00671	0.00508	0.00161	0.00447	0.00546	0.00499	0.00782
10	0.00592	0.00505	0.00510	0.00508	0.00675	0.00422	0.00381	0.00722	0.01144	0.01365	0.07167	0.04766	0.77042	0.01255	0.00589	0.00168	0.00252	0.01048	0.00465	0.00422
11	0.01528	0.01308	0.01309	0.01214	0.05925	0.21814	0.00912	0.06405	0.01213	0.17290	0.01225	0.01682	0.01045	0.07006	0.02561	0.00206	0.20607	0.05775	0.00353	0.00622
12	0.00705	0.00510	0.00666	0.00627	0.00745	0.00470	0.00470	0.00941	0.01411	0.01999	0.79110	0.03723	0.04703	0.01019	0.00588	0.00157	0.00235	0.00901	0.00549	0.00470
13	0.01219	0.01169	0.01996	0.07058	0.75491	0.01180	0.01522	0.01517	0.01128	0.01610	0.00935	0.01239	0.00783	0.00447	0.00494	0.00149	0.00596	0.00444	0.00245	0.00777
14	0.01045	0.00904	0.01092	0.00876	0.05823	0.00695	0.00646	0.01271	0.01040	0.01624	0.00889	0.01045	0.00741	0.00374	0.00377	0.00078	0.00382	0.00304	0.00292	0.80499
15	0.00725	0.00532	0.00688	0.00634	0.00771	0.00482	0.00477	0.00959	0.01389	0.01977	0.74467	0.03564	0.04468	0.00980	0.00575	0.00152	0.00243	0.00865	0.00534	0.05520
16	0.01333	0.82783	0.02612	0.00853	0.01279	0.01972	0.00853	0.01493	0.01013	0.01173	0.00693	0.00800	0.00640	0.00426	0.00320	0.00107	0.00533	0.00267	0.00213	0.00640
17	0.02157	0.00894	0.01175	0.00910	0.01290	0.00811	0.00749	0.06870	0.06054	0.70606	0.01925	0.01677	0.01228	0.00619	0.00501	0.00155	0.00430	0.00502	0.00603	0.00845
18	0.01437	0.01618	0.01134	0.01040	0.01224	0.45909	0.00766	0.06039	0.01223	0.01270	0.01057	0.01591	0.01001	0.18562	0.13712	0.00313	0.00859	0.00449	0.00282	0.00514
19	0.01034	0.00886	0.01034	0.00738	0.01181	0.00664	0.00591	0.01255	0.01034	0.01624	0.00886	0.01034	0.00738	0.00369	0.00369	0.00074	0.00369	0.00295	0.00295	0.85530
20	0.01034	0.00886	0.01034	0.00738	0.01181	0.00664	0.00591	0.01255	0.01034	0.01624	0.00886	0.01034	0.00738	0.00369	0.00369	0.00074	0.00369	0.00295	0.00295	0.85530
21	0.00838	0.00552	0.00720	0.00705	0.00850	0.00511	0.00563	0.01055	0.01313	0.08002	0.44914	0.04164	0.13028	0.01106	0.00606	0.00176	0.00308	0.19575	0.00521	0.00492
22	0.00622	0.00534	0.00537	0.00531	0.00705	0.00463	0.00400	0.00814	0.05090	0.01384	0.04895	0.04647	0.75202	0.01232	0.00585	0.00168	0.00260	0.01027	0.00465	0.00440
23	0.04043	0.01442	0.01496	0.01173	0.01544	0.08259	0.03367	0.60891	0.06036	0.02797	0.01169	0.01197	0.00848	0.00593	0.00523	0.00151	0.02768	0.00443	0.00458	0.00800
24	0.01632	0.00955	0.01104	0.00892	0.01216	0.00960	0.00722	0.24289	0.10716	0.29402	0.05029	0.02266	0.17062	0.00763	0.00522	0.00158	0.00416	0.00618	0.00535	0.00741
25	0.01638	0.01269	0.01352	0.01095	0.01448	0.01426	0.00885	0.48333	0.32139	0.02728	0.01522	0.01456	0.01111	0.00629	0.00502	0.00157	0.00488	0.00494	0.00502	0.00825
26	0.01800	0.10011	0.04356	0.01195	0.01618	0.02954	0.13104	0.28809	0.01654	0.27439	0.01343	0.01329	0.00924	0.00552	0.00493	0.00149	0.00567	0.00463	0.00452	0.00788
27	0.01077	0.00897	0.00921	0.00844	0.01078	0.04934	0.00659	0.03066	0.35990	0.05437	0.09925	0.02965	0.22138	0.00890	0.00542	0.00167	0.00376	0.05611	0.00485	0.01996
28	0.00971	0.06944	0.62406	0.01258	0.01875	0.01093	0.01559	0.01469	0.01109	0.01623	0.13678	0.01474	0.01298	0.00560	0.00483	0.00155	0.00643	0.00450	0.00266	0.00687
29	0.86003	0.00964	0.00733	0.00655	0.00964	0.01118	0.00540	0.01465	0.00848	0.02236	0.00694	0.00810	0.00540	0.00463	0.00308	0.00154	0.00386	0.00270	0.00308	0.00540
30	0.00716	0.00517	0.00713	0.00713	0.00771	0.00575	0.00513	0.00833	0.00775	0.01092	0.01416	0.02406	0.01440	0.30778	0.53733	0.00692	0.01043	0.00600	0.00279	0.00396
31	0.00705	0.00510	0.00666	0.00627	0.00745	0.00470	0.00470	0.00941	0.01411	0.01999	0.79110	0.03723	0.04703	0.01019	0.00588	0.00157	0.00235	0.00901	0.00549	0.00470
32	0.01334	0.77745	0.05444	0.00885	0.01319	0.03960	0.00892	0.01509	0.01025	0.01189	0.00702	0.00811	0.00639	0.00430	0.00329	0.00109	0.00550	0.00272	0.00214	0.00642
33	0.01000	0.02578	0.79900	0.01421	0.02157	0.01158	0.01842	0.01579	0.01052	0.01579	0.00895	0.01052	0.00631	0.00474	0.00474	0.00158	0.00737	0.00368	0.00210	0.00737
34	0.01862	0.02376	0.01413	0.01284	0.01541	0.80482	0.00963	0.01990	0.01413	0.01220	0.00770	0.00899	0.00642	0.00514	0.00449	0.00128	0.00899	0.00321	0.00257	0.00578
35	0.01895	0.01396	0.01496	0.01147	0.01546	0.01546	0.00947	0.77711	0.02344	0.03141	0.01197	0.01197	0.00848	0.00598	0.00499	0.00150	0.00548	0.00449	0.00499	0.00848
36	0.01176	0.00859	0.01028	0.00756	0.01171	0.00661	0.00604	0.01387	0.01083	0.12159	0.01122	0.05042	0.00929	0.00460	0.00400	0.00091	0.00373	0.00377	0.00347	0.69976
37	0.00608	0.00502	0.00534	0.00534	0.00687	0.00428	0.00398	0.00749	0.01169	0.01444	0.16468	0.08805	0.63469	0.01241	0.00591	0.00168	0.00252	0.01048	0.00476	0.00428
38	0.86003	0.00964	0.00733	0.00655	0.00964	0.01118	0.00540	0.01465	0.00848	0.02236	0.00694	0.00810	0.00540	0.00463	0.00308	0.00154	0.00386	0.00270	0.00308	0.00540
39	0.01250	0.01069	0.01131	0.01016	0.01298	0.01234	0.00794	0.04994	0.74212	0.02104	0.02017	0.01928	0.01532	0.00690	0.00511	0.00170	0.00401	0.02358	0.00506	0.00783
40	0.01051	0.00989	0.01424	0.27638	0.25346	0.05702	0.01140	0.01422	0.07232	0.01612	0.19500	0.01883	0.01724	0.00620	0.00516	0.00156	0.00534	0.00554	0.00331	0.00625
41	0.00705	0.00510	0.00666	0.00627	0.00745	0.00470	0.00470	0.00941	0.01411	0.01999	0.79110	0.03723	0.04703	0.01019	0.00588	0.00157	0.00235	0.00901	0.00549	0.00470
42	0.00712	0.00524	0.00681	0.00752	0.00833	0.00515	0.00557	0.00956	0.07144	0.01503	0.15613	0.47448	0.03311	0.01364	0.00628	0.00197	0.00322	0.16004	0.00480	0.00457
43	0.01333	0.82783	0.02612	0.00853	0.01279	0.01972	0.00853	0.01493	0.01013	0.01173	0.00693	0.00800	0.00640	0.00426	0.00320	0.00107	0.00533	0.00267	0.00213	0.00640
44	0.01961	0.05294	0.05573	0.00990	0.01390	0.01071	0.00859	0.26496	0.01672	0.44250	0.02904	0.02822	0.01139	0.00616	0.00493	0.00151	0.00481	0.00487	0.00533	0.00818
45	0.01470	0.04067	0.01756	0.05633	0.17229	0.25578	0.08884	0.11431	0.02542	0.01599	0.00887	0.01115	0.00727	0.00561	0.00678	0.00156	0.14328	0.00417	0.00280	0.00663
46	0.86003	0.00964	0.00733	0.00655	0.00964	0.01118	0.00540	0.01465	0.00848	0.02236	0.00694	0.00810	0.00540	0.00463	0.00308	0.00154	0.00386	0.00270	0.00308	0.00540
47	0.01443	0.01497	0.01551	0.09244	0.27867	0.26896	0.01137	0.08242	0.06403	0.03028	0.05672	0.01387	0.02351	0.00551	0.00488	0.00146	0.00652	0.00451	0.00314	0.00680
48	0.01078	0.00896	0.01046	0.00750	0.01191	0.00685	0.00601	0.02916	0.01070	0.03324	0.00916	0.01051	0.00751	0.00379	0.00375	0.00077	0.00374	0.00303	0.00307	0.81910
49	0.00590	0.00500	0.00510	0.00518	0.00677	0.00420	0.00385	0.00714	0.01123	0.01341	0.04887	0.10253	0.73820	0.01283	0.00592	0.00171	0.00255	0.01078	0.00463	0.00420
50	0.01513	0.01241	0.01633	0.10042	0.27395	0.01351	0.01169	0.37256	0.09336	0.02345	0.01161	0.01288	0.00876	0.00545	0.00498	0.00153	0.00560	0.00458	0.00388	0.00792
51	0.00668	0.00459	0.00560	0.00616	0.00630	0.00445	0.00380	0.00710	0.00836	0.01114	0.02139	0.41407	0.02530	0.43358	0.01618	0.00347	0.00389	0.01060	0.00380	0.00352
52	0.01387	0.01195	0.03154	0.09816	0.24810	0.01272	0.01141	0.25491	0.18662	0.02158	0.01334	0.01572	0.01051	0.00593	0.00507	0.00159	0.00539	0.04000	0.00390	0.00767
53	0.01201	0.01037	0.01090	0.00984	0.01259	0.01191	0.00765	0.02534	0.73882	0.02041	0.02208	0.02034	0.06131	0.00711	0.00512	0.00169	0.00386	0.00593	0.00505	0.00767
54	0.01306	0.01104	0.01164	0.01028	0.01321	0.01271	0.00805	0.10209	0.70805	0.02191	0.01945	0.01793	0.01454	0.00668	0.00506	0.00167	0.00410	0.00552	0.00506	0.00795
55	0.01333	0.82783	0.02612	0.00853	0.01279	0.01972	0.00853	0.01493	0.01013	0.01173	0.00693	0.00800	0.00640	0.00426	0.00320	0.00107	0.00533	0.00267	0.00213	0.00640
56	0.01810	0.11276	0.05786	0.01197	0.01634	0.01034	0.18990	0.02072	0.01297	0.47434	0.01526	0.01468	0.01016	0.00539	0.00498	0.00152	0.00552	0.00486	0.00459	0.00775
57	0.01333	0.82783	0.02612	0.00853	0.01279	0.01972	0.00853	0.01493	0.01013	0.01173	0.00693	0.00800	0.00640	0.00426	0.00320	0.00107	0.00533	0.00267	0.00213	0.00640
58	0.00648	0.00451	0.00587	0.00683	0.00733	0.00415	0.00463	0.00741	0.00982	0.03330	0.02923	0.73453	0.09716	0.01511	0.00629	0.00198	0.00290	0.01362	0.00467	0.00418
59	0.44589	0.01175	0.01036	0.00865	0.01201	0.06798	0.00702	0.21108	0.07482	0.04401	0.00979	0.01035	0.00734	0.00517	0.00392	0.00148	0.00464	0.00350	0.00377	0.05648
60	0.06261	0.17705	0.31263	0.01199	0.05609	0.01304	0.01217	0.12195	0.03843	0.01783	0.00925	0.01043	0.00711	0.00472	0.00424	0.00134	0.00579	0.00354	0.00281	0.12698
61	0.10540	0.45523	0.12441	0.00961	0.01395	0.03275	0.00956	0.09056	0.08797	0.01625	0.00903	0.00980	0.00735	0.00480	0.00378	0.00129	0.00540	0.00329	0.00281	0.00676

[dist]
# distance from previous block
# <min> <max>
0	2

[block]
# block no. 3 follows, 50 sequences, length 85
# corresponding to MSA columns:
# 634-660,662-719
name=unknown_D
#
# <colnr> <probs for GDERKNQSTAVLIFYWHMCP>
#	G	D	E	R	K	N	Q	S	T	A	V	L	I	F	Y	W	H	M	C	P
0	0.01075	0.03573	0.31222	0.01008	0.01560	0.00888	0.01081	0.01430	0.01055	0.04615	0.00926	0.01061	0.00714	0.00420	0.00413	0.00110	0.00516	0.00330	0.00273	0.47729
1	0.13237	0.01081	0.03573	0.07408	0.46518	0.01066	0.03169	0.01467	0.01079	0.05379	0.01112	0.08527	0.00988	0.00558	0.00480	0.00154	0.00536	0.00508	0.00292	0.02870
2	0.00953	0.00782	0.00950	0.00773	0.01112	0.00628	0.00632	0.01178	0.01090	0.01621	0.07301	0.02341	0.01553	0.00661	0.00463	0.00118	0.00380	0.18509	0.00354	0.58601
3	0.01178	0.35887	0.37461	0.01200	0.04686	0.01488	0.01315	0.05163	0.01116	0.01504	0.04163	0.01075	0.00825	0.00482	0.00416	0.00136	0.00616	0.00355	0.00241	0.00692
4	0.00712	0.00534	0.00801	0.00801	0.00890	0.00623	0.00623	0.00890	0.00801	0.01157	0.01335	0.01958	0.01246	0.03738	0.80507	0.00801	0.01335	0.00534	0.00267	0.00445
5	0.00707	0.00586	0.00595	0.00563	0.00752	0.00523	0.00430	0.07691	0.01246	0.01509	0.04700	0.04471	0.72075	0.01202	0.00581	0.00167	0.00279	0.00997	0.00466	0.00459
6	0.00713	0.00530	0.00779	0.00779	0.00861	0.00611	0.00596	0.00876	0.00795	0.01141	0.01355	0.02068	0.01294	0.10355	0.73955	0.00774	0.01264	0.00550	0.00270	0.00433
7	0.01000	0.02578	0.79900	0.01421	0.02157	0.01158	0.01842	0.01579	0.01052	0.01579	0.00895	0.01052	0.00631	0.00474	0.00474	0.00158	0.00737	0.00368	0.00210	0.00737
8	0.00747	0.00539	0.00683	0.00711	0.00799	0.00521	0.00506	0.07244	0.01216	0.01659	0.26790	0.50526	0.03536	0.01309	0.00609	0.00184	0.00294	0.01172	0.00493	0.00463
9	0.01240	0.01071	0.01127	0.01014	0.01296	0.01240	0.00789	0.02649	0.78473	0.02085	0.02029	0.01860	0.01522	0.00676	0.00507	0.00169	0.00394	0.00564	0.00507	0.00789
10	0.01273	0.01087	0.01146	0.01021	0.01309	0.01255	0.00797	0.06416	0.74652	0.02138	0.01987	0.01826	0.01488	0.00672	0.00507	0.00168	0.00402	0.00558	0.00507	0.00792
11	0.01034	0.00886	0.01034	0.00738	0.01181	0.00664	0.00591	0.01255	0.01034	0.01624	0.00886	0.01034	0.00738	0.00369	0.00369	0.00074	0.00369	0.00295	0.00295	0.85530
12	0.01895	0.01396	0.01496	0.01147	0.01546	0.01546	0.00947	0.77711	0.02344	0.03141	0.01197	0.01197	0.00848	0.00598	0.00499	0.00150	0.00548	0.00449	0.00499	0.00848
13	0.00725	0.00483	0.00544	0.00544	0.00544	0.00483	0.00302	0.00725	0.00725	0.00966	0.01571	0.03262	0.01812	0.82483	0.02537	0.00483	0.00483	0.00725	0.00302	0.00302
14	0.01228	0.05271	0.08728	0.01022	0.02568	0.25609	0.00845	0.01703	0.18547	0.01567	0.10973	0.02198	0.16227	0.00742	0.00502	0.00151	0.00548	0.00586	0.00379	0.00605
15	0.00685	0.00509	0.00638	0.00606	0.00732	0.00462	0.00454	0.00901	0.01363	0.01885	0.66177	0.03911	0.17708	0.01062	0.00588	0.00159	0.00238	0.00928	0.00534	0.00462
16	0.01562	0.01231	0.01308	0.01079	0.01419	0.01390	0.00867	0.39518	0.41079	0.02604	0.01620	0.01534	0.01191	0.00638	0.00503	0.00159	0.00470	0.00507	0.00503	0.00818
17	0.03954	0.01269	0.04712	0.03313	0.39766	0.03580	0.01234	0.19838	0.02626	0.10308	0.01106	0.01250	0.00839	0.00513	0.00504	0.00149	0.01851	0.00439	0.00351	0.02398
18	0.04639	0.39368	0.24625	0.01052	0.01516	0.04747	0.01130	0.02724	0.02283	0.03412	0.00978	0.01336	0.00853	0.00548	0.00443	0.00140	0.02611	0.06682	0.00258	0.00655
19	0.84162	0.00973	0.00749	0.00666	0.00977	0.01128	0.00549	0.03135	0.00881	0.02256	0.00705	0.00818	0.00547	0.00466	0.00313	0.00154	0.00389	0.00274	0.00313	0.00547
20	0.00636	0.00511	0.00580	0.00575	0.00723	0.00456	0.00438	0.00797	0.01175	0.01494	0.22558	0.04331	0.51660	0.01416	0.07308	0.00221	0.00347	0.03871	0.00467	0.00436
21	0.00607	0.00434	0.00578	0.00694	0.00723	0.00405	0.00463	0.00694	0.00954	0.01272	0.02747	0.82157	0.03297	0.01562	0.00636	0.00202	0.00289	0.01417	0.00463	0.00405
22	0.00753	0.00656	0.00981	0.20059	0.01508	0.00662	0.06568	0.00978	0.01166	0.01523	0.24190	0.10410	0.26681	0.00974	0.00571	0.00168	0.00395	0.00861	0.00413	0.00484
23	0.00705	0.00510	0.00666	0.00627	0.00745	0.00470	0.00470	0.00941	0.01411	0.01999	0.79110	0.03723	0.04703	0.01019	0.00588	0.00157	0.00235	0.00901	0.00549	0.00470
24	0.01839	0.02339	0.01400	0.01274	0.01528	0.78880	0.00956	0.01968	0.01400	0.01219	0.00782	0.00920	0.00654	0.00578	0.02055	0.00142	0.00908	0.00325	0.00257	0.00575
25	0.01000	0.02578	0.79900	0.01421	0.02157	0.01158	0.01842	0.01579	0.01052	0.01579	0.00895	0.01052	0.00631	0.00474	0.00474	0.00158	0.00737	0.00368	0.00210	0.00737
26	0.01061	0.17429	0.65590	0.01316	0.01995	0.01308	0.01659	0.01563	0.01045	0.01503	0.00857	0.01006	0.00633	0.00465	0.00445	0.00148	0.00699	0.00349	0.00211	0.00719
27	0.50177	0.01414	0.00978	0.00883	0.01168	0.26511	0.00692	0.01726	0.07556	0.01890	0.00850	0.00948	0.00670	0.00499	0.00371	0.00146	0.00547	0.00315	0.02084	0.00571
28	0.00607	0.00434	0.00578	0.00694	0.00723	0.00405	0.00463	0.00694	0.00954	0.01272	0.02747	0.82157	0.03297	0.01562	0.00636	0.00202	0.00289	0.01417	0.00463	0.00405
29	0.01333	0.82783	0.02612	0.00853	0.01279	0.01972	0.00853	0.01493	0.01013	0.01173	0.00693	0.00800	0.00640	0.00426	0.00320	0.00107	0.00533	0.00267	0.00213	0.00640
30	0.00941	0.00886	0.01495	0.81285	0.03433	0.01107	0.01384	0.01274	0.00997	0.01274	0.00886	0.01329	0.00664	0.00498	0.00498	0.00166	0.00664	0.00443	0.00221	0.00554
31	0.01333	0.82783	0.02612	0.00853	0.01279	0.01972	0.00853	0.01493	0.01013	0.01173	0.00693	0.00800	0.00640	0.00426	0.00320	0.00107	0.00533	0.00267	0.00213	0.00640
32	0.01080	0.00884	0.01038	0.00744	0.01185	0.00667	0.00596	0.01301	0.01049	0.04667	0.00928	0.01059	0.00758	0.00379	0.00374	0.00077	0.00371	0.00303	0.00308	0.82231
33	0.01034	0.00886	0.01034	0.00738	0.01181	0.00664	0.00591	0.01255	0.01034	0.01624	0.00886	0.01034	0.00738	0.00369	0.00369	0.00074	0.00369	0.00295	0.00295	0.85530
34	0.02091	0.01431	0.01418	0.01137	0.01510	0.15084	0.00910	0.36680	0.01895	0.30084	0.01485	0.01449	0.01036	0.00651	0.00531	0.00165	0.00596	0.00475	0.00527	0.00845
35	0.01052	0.00944	0.01276	0.00911	0.01362	0.00740	0.10352	0.01298	0.01052	0.01621	0.00901	0.01073	0.00741	0.00376	0.00397	0.00086	0.00429	0.00332	0.00290	0.74768
36	0.74117	0.01084	0.04775	0.00738	0.01077	0.01159	0.00642	0.08379	0.00994	0.02285	0.00750	0.00857	0.00572	0.00476	0.00334	0.00154	0.00418	0.00291	0.00321	0.00578
37	0.01043	0.00978	0.01644	0.42083	0.34684	0.01086	0.01368	0.01352	0.01089	0.01482	0.07481	0.01491	0.01056	0.00520	0.00504	0.00158	0.00598	0.00482	0.00259	0.00644
38	0.00707	0.00509	0.00701	0.00712	0.00768	0.00560	0.00509	0.00821	0.00791	0.01109	0.01536	0.09628	0.01607	0.27906	0.49146	0.00648	0.00977	0.00673	0.00296	0.00397
39	0.01010	0.00929	0.01544	0.22147	0.41422	0.00978	0.01237	0.01265	0.01057	0.01454	0.01359	0.20673	0.01360	0.00726	0.00529	0.00166	0.00538	0.00677	0.00292	0.00638
40	0.00725	0.00483	0.00544	0.00544	0.00544	0.00483	0.00302	0.00725	0.00725	0.00966	0.01571	0.03262	0.01812	0.82483	0.02537	0.00483	0.00483	0.00725	0.00302	0.00302
41	0.01176	0.01345	0.02941	0.02101	0.02605	0.01261	0.77563	0.01597	0.01176	0.01597	0.01008	0.01345	0.00756	0.00420	0.00588	0.00168	0.00840	0.00588	0.00252	0.00672
42	0.00692	0.00503	0.00651	0.00627	0.00739	0.00462	0.00465	0.00909	0.01359	0.01907	0.69143	0.10366	0.08155	0.01076	0.00592	0.00161	0.00241	0.00952	0.00537	0.00462
43	0.00705	0.00510	0.00666	0.00627	0.00745	0.00470	0.00470	0.00941	0.01411	0.01999	0.79110	0.03723	0.04703	0.01019	0.00588	0.00157	0.00235	0.00901	0.00549	0.00470
44	0.02236	0.00848	0.01157	0.00887	0.01272	0.00733	0.00733	0.02429	0.01427	0.79719	0.01966	0.01697	0.01234	0.00617	0.00501	0.00154	0.00424	0.00501	0.00617	0.00848
45	0.00941	0.00886	0.01495	0.81285	0.03433	0.01107	0.01384	0.01274	0.00997	0.01274	0.00886	0.01329	0.00664	0.00498	0.00498	0.00166	0.00664	0.00443	0.00221	0.00554
46	0.01000	0.02578	0.79900	0.01421	0.02157	0.01158	0.01842	0.01579	0.01052	0.01579	0.00895	0.01052	0.00631	0.00474	0.00474	0.00158	0.00737	0.00368	0.00210	0.00737
47	0.01478	0.00842	0.01051	0.00793	0.01180	0.00688	0.00640	0.01721	0.03248	0.32105	0.08424	0.01557	0.01311	0.00533	0.00444	0.00115	0.00379	0.00438	0.00449	0.42603
