[name]
unknown

[dist]
# distance from previous block
# <min> <max>
0	27

[block]
# block no. 0 follows, 50 sequences, length 55
# corresponding to MSA columns:
# 27-81
name=unknown_A
#
# <colnr> <probs for GDERKNQSTAVLIFYWHMCP>
#	G	D	E	R	K	N	Q	S	T	A	V	L	I	F	Y	W	H	M	C	P
0	0.01233	0.31773	0.28198	0.04315	0.04148	0.12816	0.01234	0.01544	0.01088	0.01351	0.00911	0.01228	0.00781	0.00600	0.02598	0.00156	0.00679	0.04462	0.00235	0.00650
1	0.00959	0.02220	0.64738	0.01298	0.01905	0.03186	0.01591	0.01444	0.01046	0.01519	0.01196	0.14374	0.01070	0.00653	0.00500	0.00164	0.00668	0.00539	0.00253	0.00678
2	0.01262	0.01424	0.06167	0.09564	0.39425	0.12539	0.17772	0.01576	0.01167	0.01523	0.00992	0.01269	0.02077	0.00469	0.00509	0.00152	0.00698	0.00464	0.00249	0.00704
3	0.01126	0.01074	0.01829	0.31852	0.51422	0.01156	0.01476	0.01435	0.01084	0.01498	0.00919	0.01269	0.00743	0.00464	0.00495	0.00155	0.00619	0.00444	0.00237	0.00703
4	0.00656	0.00477	0.00667	0.00730	0.00782	0.00498	0.00520	0.00775	0.00880	0.01210	0.02113	0.45566	0.02387	0.06450	0.33287	0.00460	0.00725	0.01023	0.00375	0.00416
5	0.00645	0.00507	0.00593	0.00658	0.00746	0.01915	0.00471	0.00765	0.01062	0.01356	0.08312	0.46361	0.26667	0.01402	0.00619	0.00190	0.00298	0.06548	0.00464	0.00421
6	0.01172	0.01128	0.01818	0.23717	0.52962	0.03148	0.01436	0.01534	0.05326	0.01549	0.00979	0.01285	0.00793	0.00473	0.00494	0.00154	0.00608	0.00447	0.00254	0.00721
7	0.01060	0.01007	0.01710	0.49505	0.34284	0.01139	0.01443	0.01378	0.01053	0.01418	0.00907	0.01290	0.00715	0.00476	0.00496	0.00159	0.00635	0.00443	0.00232	0.00650
8	0.01234	0.01184	0.02023	0.03059	0.79373	0.01184	0.01530	0.01530	0.01135	0.01628	0.00938	0.01234	0.00790	0.00444	0.00493	0.00148	0.00592	0.00444	0.00247	0.00790
9	0.01141	0.03947	0.34672	0.05797	0.12459	0.01084	0.01333	0.01717	0.14143	0.07943	0.04347	0.06824	0.01192	0.00610	0.00497	0.00160	0.00575	0.00515	0.00329	0.00716
10	0.01201	0.01151	0.01964	0.11857	0.70833	0.01176	0.01513	0.01501	0.01119	0.01589	0.00932	0.01244	0.00775	0.00450	0.00494	0.00150	0.00600	0.00444	0.00244	0.00763
11	0.01854	0.00801	0.01084	0.00875	0.01188	0.00747	0.00711	0.06056	0.01324	0.56854	0.01779	0.01760	0.01228	0.03001	0.18017	0.00302	0.00631	0.00510	0.00528	0.00749
12	0.03933	0.01021	0.09951	0.25895	0.03477	0.00918	0.01022	0.07934	0.01239	0.17853	0.09461	0.11087	0.01535	0.01817	0.00543	0.00168	0.00512	0.00607	0.00392	0.00635
13	0.01528	0.06395	0.08140	0.01203	0.03149	0.19047	0.05151	0.25159	0.02557	0.05753	0.01331	0.04083	0.03798	0.00712	0.02067	0.00165	0.03360	0.04454	0.01264	0.00682
14	0.01252	0.36759	0.38188	0.01149	0.01717	0.01473	0.03216	0.01614	0.01070	0.08035	0.00902	0.01006	0.00689	0.00464	0.00413	0.00136	0.00626	0.00341	0.00247	0.00703
15	0.50309	0.10751	0.03683	0.00949	0.05298	0.10107	0.00758	0.08495	0.01099	0.03529	0.00792	0.00901	0.00620	0.00479	0.00362	0.00145	0.00498	0.00308	0.00309	0.00609
16	0.01848	0.02353	0.01415	0.01285	0.01537	0.79077	0.00965	0.01976	0.01401	0.01220	0.00768	0.00902	0.00642	0.00520	0.00471	0.00130	0.02334	0.00323	0.00256	0.00577
17	0.00931	0.00869	0.01426	0.31425	0.02151	0.02987	0.13546	0.02511	0.02338	0.01389	0.05462	0.08460	0.01281	0.01382	0.19666	0.00318	0.00792	0.00592	0.00288	0.02185
18	0.02854	0.11284	0.24596	0.01398	0.01862	0.01128	0.26819	0.01437	0.01104	0.04153	0.05596	0.12953	0.01305	0.00642	0.00521	0.00161	0.00637	0.00613	0.00296	0.00640
19	0.01401	0.01112	0.02125	0.01577	0.01988	0.01041	0.44464	0.05689	0.01288	0.20299	0.03095	0.06483	0.01234	0.00613	0.00572	0.00169	0.00658	0.05119	0.00383	0.00691
20	0.00623	0.00456	0.00586	0.00659	0.00721	0.00419	0.00454	0.00743	0.01061	0.01417	0.17260	0.58273	0.12642	0.01425	0.00622	0.00190	0.00275	0.01277	0.00479	0.00419
21	0.05050	0.00852	0.01142	0.00879	0.01262	0.00746	0.00726	0.02397	0.01407	0.77116	0.01924	0.01667	0.01211	0.00612	0.00495	0.00154	0.00423	0.00493	0.00607	0.00838
22	0.00899	0.03747	0.33924	0.01044	0.01465	0.00873	0.04779	0.01326	0.05386	0.02848	0.20788	0.04962	0.14357	0.00777	0.00529	0.00160	0.00498	0.00662	0.00366	0.00609
23	0.03180	0.01003	0.01105	0.00935	0.01230	0.01088	0.00753	0.23067	0.27833	0.13947	0.01737	0.01855	0.01315	0.00669	0.00487	0.00157	0.00420	0.05007	0.13472	0.00740
24	0.00929	0.00465	0.00465	0.00465	0.00581	0.00465	0.00348	0.01161	0.01045	0.01858	0.01626	0.01858	0.01278	0.00581	0.00348	0.00116	0.00232	0.00465	0.85250	0.00465
25	0.01362	0.01600	0.04058	0.08193	0.08298	0.35186	0.04429	0.01553	0.01170	0.01313	0.01100	0.07195	0.01054	0.00711	0.00690	0.00165	0.13725	0.07343	0.00278	0.00575
26	0.01207	0.01254	0.01805	0.07935	0.17082	0.12673	0.20257	0.05579	0.01170	0.01510	0.01202	0.14292	0.01143	0.00690	0.00664	0.00168	0.09834	0.00619	0.00293	0.00624
27	0.00606	0.00438	0.00574	0.00684	0.00720	0.00406	0.00458	0.00695	0.00964	0.01276	0.02869	0.78076	0.07299	0.01546	0.00634	0.00201	0.00287	0.01398	0.00463	0.00406
28	0.80547	0.00956	0.00760	0.00671	0.00984	0.01093	0.00552	0.01528	0.00886	0.07284	0.00777	0.00867	0.00585	0.00473	0.00321	0.00154	0.00388	0.00285	0.00329	0.00560
29	0.01294	0.52565	0.24951	0.01041	0.01548	0.05764	0.01142	0.01575	0.01059	0.03931	0.00798	0.00908	0.00657	0.00451	0.00377	0.00124	0.00607	0.00307	0.00228	0.00672
30	0.00744	0.00532	0.00682	0.04832	0.00808	0.00567	0.00472	0.00786	0.00799	0.01075	0.01703	0.18844	0.01943	0.47239	0.04496	0.05282	0.05320	0.03198	0.00324	0.00355
31	0.00712	0.00534	0.00801	0.00801	0.00890	0.00623	0.00623	0.00890	0.00801	0.01157	0.01335	0.01958	0.01246	0.03738	0.80507	0.00801	0.01335	0.00534	0.00267	0.00445
32	0.03591	0.01600	0.01488	0.01582	0.17439	0.35296	0.03606	0.03691	0.01222	0.01413	0.01174	0.01521	0.05501	0.00722	0.02766	0.00173	0.11979	0.04347	0.00280	0.00607
33	0.01349	0.15831	0.14042	0.01577	0.02059	0.12209	0.36073	0.03773	0.01208	0.05774	0.00961	0.01160	0.00730	0.00458	0.00498	0.00149	0.00749	0.00454	0.00266	0.00678
34	0.01130	0.05480	0.06709	0.23229	0.02410	0.05368	0.31070	0.05585	0.01165	0.01522	0.02351	0.07843	0.00985	0.00571	0.00557	0.00164	0.02400	0.00566	0.00274	0.00619
35	0.47707	0.01387	0.19854	0.00960	0.01373	0.01143	0.04943	0.08452	0.02304	0.02060	0.00872	0.01076	0.00683	0.04731	0.00499	0.00173	0.00514	0.00355	0.00302	0.00614
36	0.01077	0.01570	0.27203	0.13279	0.31370	0.01130	0.09505	0.01471	0.01083	0.01540	0.01023	0.05616	0.00854	0.00520	0.00505	0.00159	0.00659	0.00488	0.00244	0.00706
37	0.00809	0.00671	0.00956	0.00900	0.00971	0.00822	0.00707	0.00956	0.00803	0.01177	0.01245	0.05956	0.01228	0.07532	0.50218	0.00588	0.20480	0.00560	0.00268	0.03156
38	0.01228	0.10059	0.01949	0.08084	0.05923	0.16069	0.27151	0.01525	0.03456	0.02458	0.01320	0.10075	0.02697	0.00651	0.00529	0.00160	0.00680	0.05083	0.00297	0.00607
39	0.01213	0.18273	0.19247	0.20595	0.12902	0.12858	0.01307	0.01522	0.01087	0.01373	0.00848	0.01088	0.00679	0.00485	0.00476	0.00144	0.02863	0.00373	0.02020	0.00646
40	0.02236	0.00848	0.01157	0.00887	0.01272	0.00733	0.00733	0.02429	0.01427	0.79719	0.01966	0.01697	0.01234	0.00617	0.00501	0.00154	0.00424	0.00501	0.00617	0.00848
41	0.00785	0.00498	0.00663	0.00698	0.00788	0.00459	0.00501	0.00932	0.01142	0.08279	0.26146	0.48329	0.03535	0.01307	0.00612	0.00185	0.00290	0.03881	0.00502	0.00465
42	0.07112	0.05860	0.06694	0.16484	0.21999	0.25715	0.03489	0.01598	0.01165	0.01441	0.00977	0.01201	0.03172	0.00503	0.00464	0.00145	0.00689	0.00403	0.00252	0.00637
43	0.01136	0.02368	0.69906	0.01377	0.02071	0.01114	0.03240	0.01670	0.01095	0.09965	0.01012	0.01127	0.00699	0.00488	0.00479	0.00158	0.00705	0.00387	0.00255	0.00747
44	0.00713	0.00528	0.00772	0.00772	0.00851	0.00607	0.00587	0.00872	0.00793	0.01136	0.01361	0.02104	0.01309	0.12522	0.71810	0.00766	0.01240	0.00555	0.00271	0.00429
45	0.01085	0.01121	0.05541	0.12657	0.35605	0.02054	0.12174	0.01455	0.05226	0.01620	0.10739	0.05899	0.01414	0.00593	0.00526	0.00159	0.00577	0.00574	0.00305	0.00676
46	0.00934	0.01208	0.15046	0.01443	0.01810	0.00919	0.34763	0.01260	0.01084	0.01480	0.01734	0.26546	0.04108	0.00855	0.00589	0.00180	0.00615	0.04516	0.00327	0.00582
47	0.01271	0.01989	0.54341	0.01226	0.01826	0.00998	0.01460	0.01728	0.01172	0.20307	0.07787	0.01433	0.01121	0.00554	0.00490	0.00157	0.00619	0.00445	0.00336	0.00741
48	0.02216	0.00881	0.01177	0.00902	0.01289	0.00781	0.00745	0.06924	0.01481	0.75146	0.01920	0.01667	0.01211	0.00616	0.00501	0.00154	0.00432	0.00498	0.00610	0.00848
49	0.05573	0.01409	0.17341	0.08556	0.22740	0.01151	0.14103	0.08903	0.04141	0.02804	0.01336	0.01516	0.07102	0.00544	0.00505	0.00158	0.00617	0.00499	0.00298	0.00703
50	0.01157	0.00655	0.00856	0.00735	0.00978	0.00566	0.04714	0.01317	0.01214	0.26750	0.03600	0.11321	0.42066	0.01037	0.00565	0.00167	0.00344	0.00885	0.00501	0.00571
51	0.00754	0.00554	0.00767	0.00765	0.00837	0.02186	0.00572	0.00866	0.00787	0.01104	0.01297	0.02032	0.01254	0.12261	0.61194	0.10431	0.01128	0.00540	0.00265	0.00406
52	0.03015	0.05475	0.19139	0.01307	0.05921	0.05317	0.09563	0.10562	0.03147	0.29579	0.01332	0.01335	0.00913	0.00536	0.00489	0.00152	0.00593	0.00449	0.00406	0.00770
53	0.01492	0.01344	0.05761	0.10314	0.32413	0.03831	0.01266	0.32371	0.01618	0.03211	0.01043	0.01215	0.00793	0.00518	0.00494	0.00151	0.00597	0.00439	0.00349	0.00780
54	0.00673	0.00487	0.00650	0.00757	0.00826	0.00464	0.00574	0.00812	0.01034	0.01353	0.02880	0.50069	0.08757	0.01476	0.00651	0.00209	0.00345	0.27094	0.00461	0.00425

[dist]
# distance from previous block
# <min> <max>
0	1

[block]
# block no. 1 follows, 50 sequences, length 35
# corresponding to MSA columns:
# 83-117
name=unknown_B
#
# <colnr> <probs for GDERKNQSTAVLIFYWHMCP>
#	G	D	E	R	K	N	Q	S	T	A	V	L	I	F	Y	W	H	M	C	P
0	0.47676	0.04634	0.01125	0.00996	0.04964	0.22775	0.02958	0.03271	0.01073	0.01873	0.00786	0.00922	0.00628	0.00481	0.00370	0.00144	0.00552	0.00314	0.03885	0.00574
1	0.01135	0.01039	0.01734	0.12097	0.57093	0.01066	0.01361	0.01424	0.01114	0.01586	0.01151	0.01737	0.01020	0.00555	0.00505	0.00157	0.00564	0.08224	0.05732	0.00706
2	0.01133	0.02826	0.18409	0.12206	0.17267	0.07408	0.11878	0.01472	0.01092	0.01502	0.00952	0.03604	0.00784	0.00494	0.00515	0.00145	0.03099	0.00440	0.00250	0.14525
3	0.00728	0.00530	0.00741	0.00887	0.03528	0.00517	0.00672	0.00894	0.01058	0.01396	0.02631	0.40556	0.02995	0.01430	0.00658	0.00214	0.00386	0.39279	0.00454	0.00445
4	0.01112	0.25915	0.52316	0.01360	0.06867	0.01397	0.01533	0.01550	0.01046	0.01463	0.00838	0.00990	0.00644	0.00458	0.00430	0.00142	0.00668	0.00343	0.00214	0.00712
5	0.00924	0.00768	0.01030	0.21405	0.01637	0.00877	0.00855	0.01484	0.22932	0.01552	0.06028	0.10685	0.01854	0.04633	0.08984	0.00260	0.00556	0.12582	0.00391	0.00564
6	0.49926	0.00914	0.00915	0.00755	0.01097	0.00952	0.00623	0.01880	0.01097	0.35607	0.01242	0.01192	0.00839	0.00529	0.00391	0.00154	0.00402	0.00370	0.00441	0.00673
7	0.00950	0.00870	0.01401	0.21534	0.34433	0.00908	0.01127	0.01191	0.01065	0.01432	0.01842	0.17681	0.11934	0.00789	0.00536	0.00166	0.00504	0.00718	0.00312	0.00605
8	0.02236	0.00848	0.01157	0.00887	0.01272	0.00733	0.00733	0.02429	0.01427	0.79719	0.01966	0.01697	0.01234	0.00617	0.00501	0.00154	0.00424	0.00501	0.00617	0.00848
9	0.01132	0.01151	0.01460	0.01544	0.17888	0.13370	0.06970	0.01298	0.00980	0.01286	0.01046	0.04100	0.01021	0.13892	0.10017	0.00292	0.21215	0.00519	0.00259	0.00558
10	0.00941	0.00886	0.01495	0.81285	0.03433	0.01107	0.01384	0.01274	0.00997	0.01274	0.00886	0.01329	0.00664	0.00498	0.00498	0.00166	0.00664	0.00443	0.00221	0.00554
11	0.00803	0.00574	0.00803	0.00918	0.01033	0.00574	0.00803	0.01033	0.01147	0.01492	0.02639	0.05622	0.02869	0.01377	0.00688	0.00229	0.00459	0.76018	0.00459	0.00459
12	0.00722	0.00541	0.00625	0.00604	0.00755	0.00490	0.00453	0.00954	0.05105	0.04206	0.33260	0.09963	0.38215	0.01140	0.00585	0.00166	0.00261	0.00979	0.00503	0.00471
13	0.86003	0.00964	0.00733	0.00655	0.00964	0.01118	0.00540	0.01465	0.00848	0.02236	0.00694	0.00810	0.00540	0.00463	0.00308	0.00154	0.00386	0.00270	0.00308	0.00540
14	0.01000	0.02578	0.79900	0.01421	0.02157	0.01158	0.01842	0.01579	0.01052	0.01579	0.00895	0.01052	0.00631	0.00474	0.00474	0.00158	0.00737	0.00368	0.00210	0.00737
15	0.00813	0.00606	0.00895	0.00951	0.01085	0.00598	0.04482	0.01052	0.01171	0.01539	0.08858	0.05260	0.02918	0.01301	0.00675	0.00221	0.00459	0.66191	0.00456	0.00470
16	0.00810	0.00643	0.00880	0.00836	0.00882	0.00780	0.00635	0.00930	0.00800	0.01175	0.01336	0.07194	0.01366	0.20093	0.34815	0.00514	0.19812	0.00606	0.05457	0.00436
17	0.01115	0.00829	0.00934	0.00911	0.01105	0.04627	0.00735	0.07323	0.17717	0.08605	0.02420	0.15075	0.07146	0.01079	0.00593	0.00191	0.00432	0.28097	0.00477	0.00589
18	0.00796	0.00561	0.00720	0.00789	0.00881	0.00557	0.00587	0.03572	0.07253	0.04026	0.02589	0.54063	0.02913	0.01388	0.00628	0.00202	0.00347	0.17182	0.00472	0.00477
19	0.00629	0.00451	0.00602	0.00715	0.00756	0.00424	0.00499	0.00732	0.00980	0.01299	0.02789	0.71779	0.05022	0.01534	0.00641	0.00205	0.00307	0.09763	0.00462	0.00411
20	0.46968	0.01038	0.07135	0.00743	0.01053	0.01029	0.00658	0.12382	0.01127	0.02225	0.01003	0.01133	0.00766	0.00511	0.00359	0.00145	0.00401	0.00350	0.20395	0.00582
21	0.01192	0.23163	0.28081	0.01566	0.06560	0.01421	0.24921	0.04624	0.01137	0.01543	0.00891	0.01093	0.00690	0.00448	0.00471	0.00147	0.00699	0.00417	0.00238	0.00699
22	0.00776	0.00552	0.00683	0.00664	0.00728	0.00586	0.00454	0.04990	0.00866	0.01176	0.01692	0.02793	0.06537	0.45290	0.29523	0.00556	0.00769	0.00664	0.00311	0.00389
23	0.06018	0.32236	0.12530	0.01565	0.22410	0.09769	0.01159	0.04781	0.01147	0.01511	0.02188	0.01029	0.00754	0.00466	0.00412	0.00132	0.00602	0.00353	0.00250	0.00687
24	0.01398	0.11629	0.26681	0.01654	0.21243	0.05407	0.02705	0.01754	0.02411	0.16898	0.01100	0.01205	0.00809	0.00502	0.00494	0.00149	0.02499	0.00407	0.00308	0.00747
25	0.04152	0.00904	0.01180	0.00907	0.01292	0.00821	0.00749	0.09723	0.01502	0.70474	0.01862	0.01627	0.01180	0.00612	0.00497	0.00154	0.00435	0.00491	0.00598	0.00841
26	0.00869	0.00740	0.01155	0.02916	0.31713	0.00726	0.00891	0.01048	0.01036	0.01434	0.02062	0.43359	0.05259	0.01062	0.00567	0.00176	0.00411	0.00974	0.03041	0.00561
27	0.03870	0.24881	0.09909	0.01640	0.17571	0.01437	0.15362	0.03139	0.02634	0.01487	0.00936	0.04279	0.00817	0.00537	0.00583	0.00151	0.09399	0.00447	0.00253	0.00671
28	0.01233	0.01344	0.01426	0.01240	0.01349	0.22572	0.05020	0.01369	0.00964	0.01211	0.00840	0.01265	0.00789	0.04435	0.12754	0.00287	0.40687	0.00439	0.00241	0.00536
29	0.00759	0.04800	0.11593	0.00718	0.00968	0.00665	0.00657	0.01065	0.06177	0.01619	0.26955	0.03569	0.36600	0.01001	0.00555	0.00160	0.00336	0.00842	0.00446	0.00514
30	0.07834	0.01638	0.01825	0.05470	0.09234	0.31291	0.21601	0.02741	0.05932	0.01516	0.00925	0.01138	0.00737	0.00510	0.00557	0.00153	0.05561	0.00430	0.00273	0.00634
31	0.01406	0.20240	0.01500	0.00986	0.03683	0.04760	0.05665	0.05257	0.02901	0.22489	0.01923	0.16619	0.08937	0.00787	0.00495	0.00153	0.00468	0.00663	0.00418	0.00648
32	0.00727	0.00556	0.00830	0.00821	0.00907	0.00659	0.00641	0.00902	0.00800	0.01159	0.01308	0.01924	0.01223	0.03626	0.77403	0.00778	0.04494	0.00530	0.00265	0.00449
33	0.00724	0.00539	0.00764	0.00827	0.00910	0.00521	0.03659	0.03158	0.01060	0.01404	0.02600	0.54968	0.03001	0.01435	0.00645	0.00207	0.00367	0.22314	0.00454	0.00444
34	0.01165	0.16974	0.05131	0.23602	0.40708	0.01315	0.01372	0.01456	0.01071	0.01443	0.00875	0.01168	0.00720	0.00456	0.00460	0.00145	0.00606	0.00406	0.00232	0.00695

[dist]
# distance from previous block
# <min> <max>
0	27

[block]
# block no. 2 follows, 50 sequences, length 30
# corresponding to MSA columns:
# 145-174
name=unknown_C
#
# <colnr> <probs for GDERKNQSTAVLIFYWHMCP>
#	G	D	E	R	K	N	Q	S	T	A	V	L	I	F	Y	W	H	M	C	P
0	0.01232	0.00704	0.00820	0.00713	0.00968	0.00651	0.00561	0.01582	0.13163	0.27087	0.06387	0.03291	0.38915	0.00952	0.00548	0.00163	0.00330	0.00791	0.00523	0.00619
1	0.01985	0.00793	0.01076	0.00844	0.01186	0.00689	0.00689	0.02185	0.01424	0.66945	0.14646	0.02030	0.01804	0.00683	0.00515	0.00155	0.00393	0.00567	0.00606	0.00786
2	0.01111	0.01082	0.01911	0.12616	0.44316	0.01096	0.14582	0.01444	0.03572	0.01551	0.01265	0.08639	0.03398	0.00579	0.00527	0.00160	0.00601	0.00578	0.00279	0.00693
3	0.01170	0.01263	0.04238	0.34556	0.21068	0.10804	0.11005	0.01514	0.03624	0.01426	0.00928	0.01255	0.00730	0.00497	0.00547	0.00159	0.03881	0.00448	0.00245	0.00641
4	0.00921	0.04152	0.40399	0.01074	0.01491	0.00851	0.01181	0.01263	0.01033	0.05950	0.01709	0.34309	0.01758	0.00926	0.00537	0.00174	0.00529	0.00802	0.00337	0.00604
5	0.13530	0.01223	0.01730	0.03520	0.29005	0.08027	0.12470	0.04000	0.01179	0.13681	0.01045	0.01223	0.00795	0.00510	0.00553	0.00156	0.05886	0.00438	0.00319	0.00708
6	0.01759	0.17960	0.01645	0.01201	0.01490	0.65265	0.00942	0.01894	0.01335	0.01211	0.00755	0.00880	0.00642	0.00497	0.00424	0.00124	0.00828	0.00310	0.00248	0.00590
7	0.01147	0.01095	0.01799	0.06391	0.23505	0.01148	0.19273	0.04062	0.18679	0.01711	0.03841	0.08498	0.01278	0.00635	0.00591	0.00167	0.04541	0.00604	0.00340	0.00694
8	0.00807	0.00648	0.00940	0.01144	0.17042	0.00617	0.00703	0.01039	0.01293	0.01808	0.49215	0.08295	0.08294	0.00969	0.00577	0.00163	0.00326	0.05122	0.00470	0.00529
9	0.01227	0.04872	0.63637	0.01309	0.01974	0.01110	0.01616	0.01724	0.01116	0.15221	0.01075	0.01157	0.00737	0.00497	0.00473	0.00156	0.00675	0.00388	0.00282	0.00753
10	0.00828	0.01288	0.28463	0.01086	0.01428	0.00771	0.07256	0.01149	0.01074	0.01484	0.05828	0.25203	0.06908	0.01012	0.00579	0.00184	0.00515	0.14026	0.00361	0.00556
11	0.01176	0.01345	0.02941	0.02101	0.02605	0.01261	0.77563	0.01597	0.01176	0.01597	0.01008	0.01345	0.00756	0.00420	0.00588	0.00168	0.00840	0.00588	0.00252	0.00672
12	0.00953	0.01236	0.17735	0.64742	0.03169	0.01118	0.01479	0.01337	0.01008	0.01337	0.00888	0.01272	0.00658	0.00493	0.00493	0.00164	0.00679	0.00428	0.00219	0.00592
13	0.02236	0.00848	0.01157	0.00887	0.01272	0.00733	0.00733	0.02429	0.01427	0.79719	0.01966	0.01697	0.01234	0.00617	0.00501	0.00154	0.00424	0.00501	0.00617	0.00848
14	0.00904	0.00791	0.01061	0.00978	0.01052	0.03403	0.00780	0.03450	0.00855	0.01229	0.01107	0.01669	0.01047	0.05022	0.48447	0.00568	0.26388	0.00500	0.00260	0.00489
15	0.01653	0.00840	0.01044	0.00865	0.01170	0.00815	0.00692	0.02180	0.22290	0.42954	0.15090	0.02186	0.04511	0.00722	0.00520	0.00159	0.00378	0.00604	0.00571	0.00754
16	0.01240	0.01071	0.01127	0.01014	0.01296	0.01240	0.00789	0.02649	0.78473	0.02085	0.02029	0.01860	0.01522	0.00676	0.00507	0.00169	0.00394	0.00564	0.00507	0.00789
17	0.00607	0.00457	0.00562	0.00639	0.00710	0.00412	0.00440	0.00712	0.01026	0.01327	0.06990	0.57310	0.24094	0.01454	0.00621	0.00191	0.00277	0.01293	0.00467	0.00412
18	0.86003	0.00964	0.00733	0.00655	0.00964	0.01118	0.00540	0.01465	0.00848	0.02236	0.00694	0.00810	0.00540	0.00463	0.00308	0.00154	0.00386	0.00270	0.00308	0.00540
19	0.00941	0.00886	0.01495	0.81285	0.03433	0.01107	0.01384	0.01274	0.00997	0.01274	0.00886	0.01329	0.00664	0.00498	0.00498	0.00166	0.00664	0.00443	0.00221	0.00554
20	0.01109	0.00680	0.00808	0.00718	0.00906	0.03197	0.00554	0.01429	0.07745	0.17317	0.48233	0.02915	0.03326	0.00857	0.00539	0.00153	0.00307	0.00738	0.07897	0.00574
21	0.00889	0.00791	0.01127	0.01025	0.01068	0.01038	0.00825	0.01026	0.00780	0.01168	0.01029	0.01617	0.00998	0.06261	0.39885	0.00513	0.38730	0.00498	0.00246	0.00485
22	0.00607	0.00434	0.00578	0.00694	0.00723	0.00405	0.00463	0.00694	0.00954	0.01272	0.02747	0.82157	0.03297	0.01562	0.00636	0.00202	0.00289	0.01417	0.00463	0.00405
23	0.00856	0.00707	0.01078	0.00997	0.01110	0.00752	0.10003	0.03058	0.03367	0.03480	0.02129	0.49533	0.02392	0.01231	0.00773	0.00198	0.12685	0.04748	0.00406	0.00497
24	0.01068	0.01040	0.01654	0.31616	0.19019	0.01290	0.03017	0.01308	0.00940	0.01329	0.00810	0.01216	0.00690	0.00630	0.00940	0.00182	0.31977	0.00444	0.00226	0.00604
25	0.52129	0.00917	0.00904	0.00749	0.01089	0.00962	0.00618	0.01855	0.01082	0.33569	0.01209	0.01168	0.00820	0.00525	0.00386	0.00154	0.00401	0.00363	0.00433	0.00665
26	0.01117	0.05017	0.31710	0.01797	0.02385	0.01250	0.46219	0.01586	0.01124	0.01573	0.00953	0.01214	0.00705	0.00440	0.00535	0.00162	0.00789	0.00493	0.00235	0.00695
27	0.02963	0.05176	0.01430	0.01067	0.01434	0.04915	0.00879	0.57096	0.05418	0.06760	0.02339	0.01287	0.00952	0.00594	0.00479	0.00146	0.00525	0.00447	0.05301	0.00792
28	0.00856	0.04629	0.04020	0.00834	0.00979	0.04917	0.04960	0.01091	0.06054	0.01386	0.01998	0.37909	0.02158	0.08554	0.05848	0.00242	0.00470	0.02452	0.10161	0.00480
29	0.05458	0.03923	0.08055	0.01225	0.01603	0.05193	0.16755	0.15533	0.09467	0.14860	0.03039	0.10036	0.01254	0.00658	0.00516	0.00160	0.00563	0.00584	0.00411	0.00706

[dist]
# distance from previous block
# <min> <max>
0	5

[block]
# block no. 3 follows, 50 sequences, length 27
# corresponding to MSA columns:
# 180-206
name=unknown_D
#
# <colnr> <probs for GDERKNQSTAVLIFYWHMCP>
#	G	D	E	R	K	N	Q	S	T	A	V	L	I	F	Y	W	H	M	C	P
0	0.01827	0.00980	0.01243	0.01097	0.07233	0.00955	0.00817	0.15271	0.11661	0.42344	0.01741	0.05362	0.01242	0.00640	0.00500	0.00153	0.00445	0.00528	0.00529	0.05431
1	0.03175	0.01464	0.12415	0.01202	0.04651	0.01351	0.01044	0.51232	0.03939	0.06071	0.02748	0.01252	0.00916	0.00570	0.00486	0.00147	0.00547	0.00439	0.00439	0.05911
2	0.13971	0.19048	0.22938	0.01062	0.01512	0.06909	0.04662	0.04817	0.03256	0.08037	0.05954	0.01329	0.03428	0.00543	0.00435	0.00145	0.00568	0.00413	0.00313	0.00661
3	0.02058	0.00944	0.01250	0.03695	0.05026	0.00891	0.00821	0.11788	0.05031	0.60334	0.01789	0.01608	0.01159	0.00605	0.00501	0.00154	0.00454	0.00493	0.00567	0.00833
4	0.04959	0.06199	0.24045	0.01226	0.08694	0.00914	0.01138	0.01330	0.01101	0.04142	0.01757	0.03027	0.04309	0.00858	0.00545	0.00179	0.00541	0.30722	0.00344	0.03971
5	0.01441	0.07580	0.27644	0.01366	0.08931	0.11605	0.01249	0.11025	0.11785	0.10815	0.01182	0.01233	0.00864	0.00532	0.00472	0.00150	0.00625	0.00413	0.00342	0.00747
6	0.01352	0.30934	0.04234	0.01327	0.01768	0.01404	0.28795	0.03931	0.01156	0.11040	0.01023	0.01191	0.00794	0.00606	0.04195	0.00168	0.00667	0.00434	0.00292	0.04688
7	0.00618	0.00449	0.00577	0.00667	0.00711	0.00421	0.00448	0.00706	0.00950	0.01252	0.02848	0.64708	0.11211	0.07772	0.03943	0.00244	0.00342	0.01290	0.00443	0.00400
8	0.01161	0.00899	0.01369	0.10769	0.32208	0.00913	0.01048	0.01508	0.07067	0.10283	0.11885	0.02153	0.06690	0.00669	0.00515	0.00157	0.00469	0.04133	0.05436	0.00668
9	0.01155	0.04693	0.29284	0.01417	0.03310	0.07147	0.18131	0.05039	0.01152	0.04645	0.01239	0.13895	0.01118	0.00666	0.00579	0.00165	0.04827	0.00589	0.00294	0.00655
10	0.02236	0.00848	0.01157	0.00887	0.01272	0.00733	0.00733	0.02429	0.01427	0.79719	0.01966	0.01697	0.01234	0.00617	0.00501	0.00154	0.00424	0.00501	0.00617	0.00848
11	0.01135	0.06044	0.68027	0.01350	0.02032	0.03598	0.01686	0.01652	0.01090	0.07494	0.00963	0.01085	0.00678	0.00484	0.00468	0.00154	0.00709	0.00372	0.00243	0.00736
12	0.01166	0.01115	0.01901	0.21100	0.61860	0.01167	0.01496	0.01471	0.01103	0.01547	0.00926	0.01256	0.00761	0.00457	0.00495	0.00152	0.00609	0.00444	0.00241	0.00735
13	0.01922	0.01324	0.07350	0.01188	0.06166	0.06889	0.00965	0.31529	0.01736	0.33631	0.01437	0.01368	0.00968	0.00581	0.00494	0.00150	0.00541	0.00454	0.00492	0.00816
14	0.00725	0.00483	0.00544	0.00544	0.00544	0.00483	0.00302	0.00725	0.00725	0.00966	0.01571	0.03262	0.01812	0.82483	0.02537	0.00483	0.00483	0.00725	0.00302	0.00302
15	0.00804	0.00798	0.04783	0.11631	0.01411	0.03396	0.09033	0.00995	0.01026	0.01362	0.06657	0.45644	0.04104	0.01137	0.00645	0.00187	0.04496	0.01023	0.00382	0.00486
16	0.01120	0.01048	0.01658	0.22953	0.31825	0.01143	0.05845	0.01658	0.17263	0.01629	0.03851	0.01618	0.01104	0.00563	0.00534	0.00163	0.02106	0.02914	0.00311	0.00694
17	0.13902	0.01178	0.01291	0.01003	0.01385	0.01253	0.00828	0.45407	0.01870	0.24892	0.01345	0.01285	0.00914	0.00584	0.00472	0.00152	0.00490	0.00438	0.00505	0.00804
18	0.00607	0.00434	0.00578	0.00694	0.00723	0.00405	0.00463	0.00694	0.00954	0.01272	0.02747	0.82157	0.03297	0.01562	0.00636	0.00202	0.00289	0.01417	0.00463	0.00405
19	0.01050	0.00881	0.04932	0.01088	0.09421	0.00829	0.00769	0.16430	0.07184	0.04281	0.02270	0.37908	0.08756	0.01072	0.00567	0.00177	0.00405	0.00941	0.00443	0.00596
20	0.00607	0.00467	0.00557	0.00627	0.00714	0.00417	0.00441	0.00714	0.01033	0.01309	0.03656	0.48888	0.33357	0.01437	0.00619	0.00190	0.00280	0.03812	0.00463	0.00413
21	0.00930	0.00601	0.00620	0.00579	0.00746	0.00598	0.00444	0.08300	0.05676	0.01849	0.05730	0.02725	0.24025	0.00804	0.00451	0.00139	0.00277	0.00657	0.44342	0.00507
22	0.01250	0.14988	0.04393	0.13460	0.47322	0.07338	0.01362	0.01524	0.01114	0.01470	0.00875	0.01143	0.00731	0.00455	0.00461	0.00142	0.00620	0.00402	0.00237	0.00714
23	0.04775	0.18168	0.53945	0.01315	0.04510	0.01340	0.01527	0.06137	0.01116	0.01623	0.00866	0.01007	0.00647	0.00470	0.00438	0.00147	0.00665	0.00351	0.00234	0.00718
24	0.00607	0.00434	0.00578	0.00694	0.00723	0.00405	0.00463	0.00694	0.00954	0.01272	0.02747	0.82157	0.03297	0.01562	0.00636	0.00202	0.00289	0.01417	0.00463	0.00405
25	0.05399	0.01211	0.01594	0.01599	0.20169	0.05933	0.09850	0.19894	0.08089	0.07007	0.04264	0.01385	0.01038	0.00536	0.00486	0.00146	0.00549	0.00468	0.03194	0.07192
26	0.44121	0.05976	0.05825	0.21012	0.01725	0.01160	0.00882	0.05102	0.01022	0.07828	0.00875	0.01040	0.00650	0.00488	0.00390	0.00154	0.00496	0.00345	0.00307	0.00599

[dist]
# distance from previous block
# <min> <max>
0	1

[block]
# block no. 4 follows, 50 sequences, length 22
# corresponding to MSA columns:
# 208-229
name=unknown_E
#
# <colnr> <probs for GDERKNQSTAVLIFYWHMCP>
#	G	D	E	R	K	N	Q	S	T	A	V	L	I	F	Y	W	H	M	C	P
0	0.00684	0.00545	0.00620	0.00623	0.00761	0.00508	0.00458	0.00951	0.08513	0.01564	0.22809	0.20385	0.37341	0.01208	0.00591	0.00173	0.00269	0.01044	0.00489	0.00465
1	0.09919	0.01169	0.01322	0.13908	0.01717	0.01275	0.00911	0.40564	0.07452	0.02441	0.01111	0.01204	0.00821	0.00540	0.00461	0.00143	0.00512	0.00415	0.00405	0.13712
2	0.01228	0.01218	0.01889	0.16369	0.60778	0.06827	0.01464	0.01519	0.01131	0.01538	0.00917	0.01226	0.00758	0.00458	0.00491	0.00150	0.00626	0.00435	0.00243	0.00734
3	0.00915	0.00818	0.01072	0.00979	0.01115	0.03773	0.07554	0.01280	0.15864	0.01440	0.03347	0.31893	0.08499	0.01120	0.00820	0.04801	0.12900	0.00895	0.00395	0.00523
4	0.01042	0.10124	0.68020	0.01407	0.02100	0.01241	0.06214	0.01571	0.01056	0.01541	0.00882	0.01046	0.00640	0.00466	0.00466	0.00154	0.00723	0.00372	0.00213	0.00724
5	0.00885	0.00870	0.01691	0.06072	0.01724	0.00831	0.34928	0.01142	0.01077	0.01450	0.05319	0.37772	0.02071	0.00965	0.00604	0.00183	0.00555	0.00966	0.00358	0.00536
6	0.00873	0.00646	0.00869	0.00816	0.00981	0.00612	0.06032	0.08039	0.01210	0.05782	0.06357	0.33595	0.22665	0.01220	0.00603	0.00184	0.00364	0.08187	0.00463	0.00501
7	0.01354	0.58513	0.14866	0.01005	0.01457	0.12950	0.01027	0.01577	0.01076	0.01245	0.00736	0.00854	0.00639	0.00446	0.00363	0.00118	0.00618	0.00291	0.00219	0.00647
8	0.00803	0.00574	0.00803	0.00918	0.01033	0.00574	0.00803	0.01033	0.01147	0.01492	0.02639	0.05622	0.02869	0.01377	0.00688	0.00229	0.00459	0.76018	0.00459	0.00459
9	0.01105	0.01489	0.17585	0.01791	0.02289	0.01165	0.51063	0.01580	0.04649	0.01604	0.01209	0.01774	0.00995	0.00546	0.00573	0.00173	0.00759	0.08707	0.00278	0.00667
10	0.02236	0.00848	0.01157	0.00887	0.01272	0.00733	0.00733	0.02429	0.01427	0.79719	0.01966	0.01697	0.01234	0.00617	0.00501	0.00154	0.00424	0.00501	0.00617	0.00848
11	0.14615	0.00898	0.01372	0.68324	0.03036	0.01109	0.01249	0.01304	0.00973	0.01428	0.00855	0.01245	0.00644	0.00493	0.00468	0.00164	0.00620	0.00415	0.00235	0.00551
12	0.01268	0.00650	0.00769	0.00691	0.00895	0.00623	0.00533	0.04825	0.06292	0.23431	0.02245	0.15768	0.09007	0.00830	0.00480	0.00151	0.00322	0.00699	0.29926	0.00595
13	0.00771	0.00631	0.00909	0.00874	0.00948	0.00770	0.00689	0.00929	0.00819	0.01181	0.01478	0.05450	0.05574	0.02974	0.57946	0.00632	0.16104	0.00583	0.00277	0.00461
14	0.00607	0.00434	0.00578	0.00694	0.00723	0.00405	0.00463	0.00694	0.00954	0.01272	0.02747	0.82157	0.03297	0.01562	0.00636	0.00202	0.00289	0.01417	0.00463	0.00405
15	0.01862	0.02376	0.01413	0.01284	0.01541	0.80482	0.00963	0.01990	0.01413	0.01220	0.00770	0.00899	0.00642	0.00514	0.00449	0.00128	0.00899	0.00321	0.00257	0.00578
16	0.00601	0.00460	0.00552	0.00625	0.00705	0.00411	0.00432	0.00702	0.01020	0.01299	0.03584	0.54049	0.30865	0.01453	0.00619	0.00190	0.00276	0.01284	0.00463	0.00411
17	0.80004	0.00995	0.00787	0.00691	0.01005	0.01149	0.00569	0.06904	0.00955	0.02301	0.00730	0.00837	0.00562	0.00472	0.00322	0.00154	0.00397	0.00283	0.00322	0.00562
18	0.00681	0.00507	0.00636	0.00617	0.00739	0.00461	0.00464	0.00888	0.01325	0.01819	0.58437	0.08355	0.18558	0.01107	0.00594	0.00164	0.00249	0.03418	0.00525	0.00457
19	0.01043	0.00864	0.00957	0.00872	0.01093	0.00956	0.00672	0.02020	0.50093	0.02053	0.30415	0.02546	0.02693	0.00802	0.00537	0.00165	0.00336	0.00688	0.00522	0.00672
20	0.01075	0.00909	0.01440	0.07650	0.40326	0.00926	0.01093	0.04717	0.01103	0.04327	0.01450	0.19414	0.01451	0.06309	0.05380	0.00222	0.00559	0.00686	0.00322	0.00640
21	0.01138	0.35924	0.47767	0.01185	0.01792	0.01496	0.01431	0.01543	0.01036	0.01410	0.00811	0.00947	0.00635	0.00454	0.00410	0.00137	0.00652	0.00326	0.00212	0.00696

[dist]
# distance from previous block
# <min> <max>
0	1

[block]
# block no. 5 follows, 50 sequences, length 43
# corresponding to MSA columns:
# 231-273
name=unknown_F
#
# <colnr> <probs for GDERKNQSTAVLIFYWHMCP>
#	G	D	E	R	K	N	Q	S	T	A	V	L	I	F	Y	W	H	M	C	P
0	0.01108	0.00961	0.01387	0.08799	0.01468	0.01226	0.05247	0.03783	0.02854	0.04832	0.00980	0.01345	0.00840	0.01017	0.08470	0.00246	0.44406	0.00464	0.10004	0.00564
1	0.00975	0.00939	0.01574	0.07067	0.06861	0.04683	0.24155	0.01249	0.01136	0.01474	0.01943	0.11622	0.05494	0.00935	0.00610	0.00190	0.00591	0.27596	0.00356	0.00551
2	0.33668	0.05326	0.30572	0.01104	0.01587	0.09106	0.05406	0.01611	0.01032	0.05236	0.00850	0.00978	0.00631	0.00475	0.00409	0.00152	0.00602	0.00340	0.00273	0.00643
3	0.01362	0.24032	0.22617	0.01547	0.16061	0.06036	0.07423	0.03447	0.01161	0.10407	0.00978	0.01108	0.00747	0.00472	0.00447	0.00140	0.00632	0.00386	0.00277	0.00721
4	0.00877	0.00737	0.04276	0.03401	0.02766	0.00689	0.00577	0.05359	0.09998	0.01387	0.03740	0.14276	0.05537	0.35244	0.01434	0.03688	0.00443	0.00749	0.00363	0.04458
5	0.09784	0.18214	0.34662	0.01307	0.03432	0.04856	0.10629	0.03520	0.06234	0.01623	0.00926	0.01067	0.00707	0.00474	0.00442	0.00147	0.00650	0.00379	0.00256	0.00690
6	0.02760	0.08250	0.38019	0.03228	0.05509	0.01100	0.04331	0.01598	0.06533	0.06141	0.01104	0.04736	0.00876	0.00522	0.00460	0.00144	0.00592	0.00430	0.00285	0.13383
7	0.02153	0.01110	0.01333	0.01032	0.01425	0.01091	0.00844	0.32205	0.01825	0.48747	0.01715	0.01580	0.01136	0.00650	0.00527	0.00164	0.00495	0.00500	0.00588	0.00878
8	0.00814	0.00733	0.01086	0.01207	0.16121	0.00687	0.07993	0.01064	0.04233	0.01541	0.14173	0.11085	0.35313	0.00995	0.00572	0.00166	0.00381	0.00885	0.00415	0.00536
9	0.01347	0.07246	0.42322	0.01328	0.01899	0.06523	0.07276	0.14425	0.03334	0.08089	0.01048	0.01145	0.00750	0.00507	0.00478	0.00152	0.00677	0.00405	0.00305	0.00744
10	0.00968	0.00885	0.01016	0.00938	0.01051	0.10888	0.02581	0.04463	0.00942	0.01245	0.01198	0.01832	0.01139	0.12415	0.45958	0.00563	0.10647	0.00516	0.00274	0.00480
11	0.00705	0.00537	0.00670	0.00720	0.00846	0.00513	0.00586	0.00874	0.01079	0.01366	0.03371	0.04765	0.32333	0.06967	0.09034	0.00282	0.00471	0.34019	0.00430	0.00432
12	0.01106	0.15867	0.51493	0.01375	0.01988	0.02913	0.09940	0.01619	0.04789	0.01522	0.00921	0.01078	0.00690	0.00478	0.00484	0.00151	0.02260	0.00385	0.00231	0.00709
13	0.01139	0.01073	0.01751	0.24227	0.48574	0.01150	0.01387	0.01555	0.09097	0.01570	0.01080	0.03288	0.00892	0.00510	0.00500	0.00156	0.00584	0.00480	0.00272	0.00716
14	0.02236	0.00848	0.01157	0.00887	0.01272	0.00733	0.00733	0.02429	0.01427	0.79719	0.01966	0.01697	0.01234	0.00617	0.00501	0.00154	0.00424	0.00501	0.00617	0.00848
15	0.00677	0.00566	0.00599	0.00604	0.00770	0.00520	0.00459	0.00948	0.09648	0.01432	0.04367	0.10884	0.59305	0.01230	0.00591	0.00175	0.00285	0.06011	0.00467	0.00463
16	0.01249	0.01109	0.01824	0.22789	0.46981	0.01170	0.03883	0.06594	0.02688	0.05406	0.01014	0.01294	0.00796	0.00480	0.00499	0.00154	0.00604	0.00454	0.00280	0.00732
17	0.00599	0.00478	0.00537	0.00580	0.00694	0.00416	0.00413	0.00712	0.01072	0.01332	0.05716	0.34517	0.48440	0.01372	0.00607	0.00181	0.00266	0.01189	0.00465	0.00416
18	0.01863	0.01021	0.01187	0.00930	0.01276	0.01041	0.00762	0.33971	0.03082	0.33468	0.01588	0.01515	0.01083	0.00604	0.00475	0.00146	0.00445	0.00474	0.14283	0.00785
19	0.01197	0.01195	0.04993	0.18822	0.46588	0.01196	0.06802	0.05813	0.05433	0.01661	0.01005	0.01286	0.00799	0.00476	0.00501	0.00155	0.00617	0.00458	0.00269	0.00734
20	0.01437	0.05520	0.20389	0.01188	0.01592	0.11596	0.01127	0.23064	0.16434	0.03073	0.01224	0.02682	0.00947	0.00608	0.00560	0.00157	0.05987	0.01314	0.00368	0.00733
21	0.01731	0.01573	0.01383	0.01185	0.01404	0.34157	0.00941	0.04341	0.01255	0.21379	0.01056	0.01169	0.00804	0.00649	0.00815	0.00162	0.24598	0.00405	0.00345	0.00646
22	0.01289	0.72373	0.12643	0.00927	0.01393	0.01867	0.00981	0.01504	0.01018	0.01225	0.00719	0.00832	0.00639	0.00433	0.00340	0.00113	0.00559	0.00280	0.00213	0.00652
23	0.00673	0.00498	0.00605	0.00667	0.00741	0.00468	0.00458	0.04416	0.01044	0.01358	0.03068	0.57084	0.18697	0.06832	0.00746	0.00212	0.00307	0.01249	0.00454	0.00423
24	0.00821	0.00595	0.00822	0.00746	0.00797	0.00625	0.05854	0.00884	0.03837	0.01060	0.01364	0.02584	0.01470	0.51078	0.05920	0.15192	0.05080	0.00633	0.00285	0.00353
25	0.01104	0.28756	0.53336	0.01225	0.01849	0.01415	0.01498	0.01539	0.01035	0.01439	0.00836	0.00985	0.00644	0.00512	0.01744	0.00152	0.00680	0.00338	0.00212	0.00700
26	0.00611	0.00437	0.00582	0.00691	0.00724	0.00408	0.00463	0.00704	0.00973	0.01302	0.05854	0.78967	0.03354	0.01540	0.00634	0.00201	0.00287	0.01396	0.00466	0.00408
27	0.00952	0.00937	0.06587	0.00994	0.01188	0.00932	0.04162	0.01597	0.30634	0.01612	0.02048	0.33722	0.02043	0.01024	0.00677	0.00187	0.08798	0.00878	0.00427	0.00602
28	0.01017	0.00983	0.01386	0.01210	0.01228	0.01352	0.01000	0.01140	0.00771	0.01191	0.00786	0.01258	0.00769	0.01427	0.16893	0.00331	0.66050	0.00455	0.00228	0.00526
29	0.00978	0.00866	0.01265	0.01287	0.10812	0.00900	0.11146	0.01582	0.26983	0.01638	0.02047	0.32412	0.02040	0.00969	0.00570	0.00181	0.00441	0.02844	0.00423	0.00618
30	0.00929	0.00465	0.00465	0.00465	0.00581	0.00465	0.00348	0.01161	0.01045	0.01858	0.01626	0.01858	0.01278	0.00581	0.00348	0.00116	0.00232	0.00465	0.85250	0.00465
31	0.00699	0.00524	0.00769	0.00786	0.00862	0.00596	0.00597	0.00858	0.00826	0.01175	0.01575	0.15923	0.01603	0.04442	0.64405	0.00684	0.02250	0.00689	0.00301	0.00437
32	0.01017	0.00992	0.00865	0.00838	0.01021	0.17914	0.00659	0.04791	0.04350	0.01536	0.11769	0.03654	0.27861	0.01104	0.02557	0.00187	0.00483	0.17472	0.00426	0.00504
33	0.01823	0.06671	0.01419	0.01049	0.01418	0.05747	0.00862	0.37080	0.15356	0.21166	0.01471	0.01391	0.01034	0.00600	0.00486	0.00150	0.00510	0.00462	0.00496	0.00809
34	0.01026	0.00709	0.00903	0.00925	0.01094	0.00731	0.00775	0.07969	0.10429	0.06883	0.02407	0.12204	0.02467	0.01194	0.00633	0.00208	0.00440	0.47974	0.00479	0.00552
35	0.15664	0.01108	0.01237	0.00963	0.01342	0.01152	0.00796	0.35317	0.01735	0.33547	0.01422	0.01333	0.00952	0.00584	0.00469	0.00152	0.00472	0.00441	0.00515	0.00798
36	0.00656	0.00508	0.00752	0.00795	0.00868	0.00474	0.05914	0.00775	0.00988	0.01309	0.02729	0.69099	0.06699	0.01458	0.00633	0.00200	0.00334	0.04933	0.00448	0.00427
37	0.00971	0.00704	0.00830	0.00816	0.00953	0.00730	0.00600	0.19645	0.04983	0.01800	0.02282	0.53005	0.02513	0.01236	0.00585	0.00185	0.00359	0.03042	0.04226	0.00535
38	0.00916	0.00675	0.00858	0.00799	0.00912	0.00768	0.00606	0.09931	0.04636	0.01452	0.01386	0.02078	0.01299	0.19115	0.40375	0.00542	0.05429	0.00554	0.07184	0.00486
39	0.01549	0.01580	0.05113	0.01141	0.01396	0.25880	0.00926	0.27773	0.01523	0.01865	0.01064	0.01395	0.01863	0.11258	0.00923	0.00198	0.13128	0.00447	0.00340	0.00636
40	0.07073	0.00857	0.01056	0.20157	0.01593	0.06111	0.04467	0.06305	0.01158	0.05429	0.05757	0.06265	0.04978	0.00855	0.05548	0.00191	0.00525	0.00553	0.20576	0.00546
41	0.01097	0.00936	0.01572	0.10460	0.48784	0.00959	0.01198	0.01249	0.00980	0.01372	0.00912	0.01325	0.00799	0.00821	0.00914	0.24792	0.00554	0.00441	0.00235	0.00600
42	0.01028	0.01515	0.28584	0.04083	0.35678	0.01026	0.01434	0.01385	0.01071	0.01537	0.01267	0.15541	0.01207	0.00667	0.00515	0.00163	0.00588	0.01744	0.00275	0.00692

[dist]
# distance from previous block
# <min> <max>
0	8

[block]
# block no. 6 follows, 50 sequences, length 23
# corresponding to MSA columns:
# 283-305
name=unknown_G
#
# <colnr> <probs for GDERKNQSTAVLIFYWHMCP>
#	G	D	E	R	K	N	Q	S	T	A	V	L	I	F	Y	W	H	M	C	P
0	0.03743	0.05929	0.17008	0.01354	0.06619	0.43155	0.01142	0.01786	0.01238	0.04450	0.00845	0.00991	0.00674	0.00515	0.00515	0.00139	0.05476	0.00347	0.00260	0.03813
1	0.01346	0.53114	0.07601	0.03002	0.01435	0.13287	0.00980	0.01528	0.01042	0.01213	0.00718	0.00882	0.00642	0.00501	0.00521	0.00129	0.10906	0.00307	0.00220	0.00623
2	0.01572	0.01022	0.01092	0.04618	0.01283	0.08973	0.00737	0.11274	0.07835	0.25975	0.01671	0.01661	0.05031	0.00620	0.00506	0.00143	0.03402	0.00482	0.14770	0.07334
3	0.31726	0.00974	0.01123	0.00932	0.01248	0.01047	0.08469	0.03388	0.22120	0.12783	0.06007	0.01656	0.05295	0.00614	0.00452	0.00160	0.00427	0.00495	0.00425	0.00659
4	0.01305	0.01083	0.01550	0.06345	0.19830	0.05065	0.11035	0.15429	0.01353	0.08248	0.01571	0.07192	0.05517	0.06388	0.00676	0.00185	0.00568	0.05630	0.00368	0.00663
5	0.01964	0.00958	0.01185	0.00944	0.01306	0.00937	0.00768	0.10256	0.19876	0.53316	0.01902	0.01684	0.01263	0.00629	0.00502	0.00157	0.00430	0.00511	0.00579	0.00834
6	0.00607	0.00434	0.00578	0.00694	0.00723	0.00405	0.00463	0.00694	0.00954	0.01272	0.02747	0.82157	0.03297	0.01562	0.00636	0.00202	0.00289	0.01417	0.00463	0.00405
7	0.01117	0.01096	0.01682	0.55674	0.09575	0.06690	0.09092	0.06432	0.01145	0.01456	0.00915	0.01284	0.00695	0.00493	0.00504	0.00161	0.00685	0.00450	0.00248	0.00607
8	0.00766	0.00565	0.00853	0.00826	0.00919	0.00579	0.05891	0.00904	0.00920	0.04095	0.04245	0.34346	0.02194	0.11497	0.27054	0.00426	0.02181	0.00923	0.00369	0.00445
9	0.00760	0.00455	0.00526	0.00574	0.00634	0.00443	0.00388	0.00891	0.00952	0.01461	0.02085	0.35621	0.02212	0.15034	0.00844	0.00215	0.00299	0.00907	0.35288	0.00412
10	0.01752	0.02125	0.01435	0.01279	0.01508	0.63812	0.00981	0.06895	0.01380	0.01344	0.00782	0.00946	0.00657	0.00571	0.00625	0.00143	0.12561	0.00346	0.00267	0.00591
11	0.00914	0.00807	0.07671	0.00957	0.01135	0.00686	0.05394	0.04368	0.01107	0.06915	0.02239	0.38890	0.02440	0.01215	0.00663	0.00198	0.04198	0.19255	0.00428	0.00519
12	0.07762	0.00930	0.01174	0.00906	0.01289	0.00867	0.00749	0.12475	0.01511	0.64281	0.01778	0.01570	0.01136	0.00604	0.00488	0.00154	0.00438	0.00479	0.00581	0.00828
13	0.00695	0.00543	0.00731	0.00774	0.00859	0.00528	0.03799	0.00933	0.08867	0.01374	0.02760	0.65125	0.08294	0.01402	0.00618	0.00195	0.00321	0.01269	0.00458	0.00457
14	0.01133	0.11748	0.59930	0.01369	0.02011	0.09329	0.04666	0.01611	0.01089	0.01496	0.00863	0.01019	0.00638	0.00470	0.00458	0.00149	0.00734	0.00361	0.00217	0.00707
15	0.00847	0.00573	0.00725	0.00679	0.00822	0.00519	0.00513	0.01052	0.01406	0.06647	0.63679	0.03828	0.12028	0.01064	0.00609	0.00170	0.00276	0.03489	0.00557	0.00517
16	0.02236	0.00848	0.01157	0.00887	0.01272	0.00733	0.00733	0.02429	0.01427	0.79719	0.01966	0.01697	0.01234	0.00617	0.00501	0.00154	0.00424	0.00501	0.00617	0.00848
17	0.01421	0.01403	0.09826	0.02225	0.42429	0.01302	0.05236	0.26190	0.01520	0.02111	0.01021	0.01209	0.00791	0.00496	0.00498	0.00151	0.00605	0.00445	0.00325	0.00797
18	0.00941	0.00886	0.01495	0.81285	0.03433	0.01107	0.01384	0.01274	0.00997	0.01274	0.00886	0.01329	0.00664	0.00498	0.00498	0.00166	0.00664	0.00443	0.00221	0.00554
19	0.00610	0.00440	0.00572	0.00676	0.00713	0.00409	0.00451	0.00697	0.00959	0.01267	0.02866	0.73973	0.08531	0.04406	0.00700	0.00210	0.00293	0.01367	0.00457	0.00402
20	0.01322	0.01208	0.05490	0.01130	0.01575	0.01082	0.13141	0.24038	0.06244	0.02095	0.01069	0.01184	0.00817	0.00470	0.00457	0.00122	0.00518	0.00408	0.00357	0.37274
21	0.03696	0.13633	0.01706	0.01241	0.01570	0.39966	0.09742	0.06584	0.10271	0.05487	0.01017	0.01103	0.00797	0.00518	0.00455	0.00138	0.00723	0.00388	0.00313	0.00651
