[name]
unknown

[dist]
# distance from previous block
# <min> <max>
0	55

[block]
# block no. 0 follows, 43 sequences, length 88
# corresponding to MSA columns:
# 55-142
name=unknown_A
#
# <colnr> <probs for GDERKNQSTAVLIFYWHMCP>
#	G	D	E	R	K	N	Q	S	T	A	V	L	I	F	Y	W	H	M	C	P
0	0.01243	0.01014	0.01179	0.01149	0.10177	0.03435	0.00789	0.05681	0.10817	0.07186	0.02546	0.02518	0.22251	0.00780	0.00536	0.00148	0.00442	0.00647	0.00440	0.27023
1	0.01032	0.00516	0.00516	0.00516	0.00645	0.00516	0.00387	0.01290	0.01161	0.02065	0.01807	0.02065	0.01420	0.00645	0.00387	0.00129	0.00258	0.00516	0.83611	0.00516
2	0.01506	0.01176	0.01430	0.01228	0.04545	0.07771	0.04037	0.05007	0.03412	0.15804	0.01318	0.03015	0.01090	0.06350	0.04888	0.00228	0.17562	0.00513	0.00388	0.18732
3	0.00754	0.00565	0.00699	0.00666	0.00809	0.00510	0.00499	0.00988	0.01498	0.02055	0.60486	0.04410	0.21633	0.01194	0.00654	0.00177	0.00266	0.01040	0.00588	0.00510
4	0.01032	0.00516	0.00516	0.00516	0.00645	0.00516	0.00387	0.01290	0.01161	0.02065	0.01807	0.02065	0.01420	0.00645	0.00387	0.00129	0.00258	0.00516	0.83611	0.00516
5	0.07244	0.11499	0.20380	0.01891	0.17978	0.11874	0.13046	0.01847	0.01270	0.06442	0.01037	0.01232	0.00798	0.00519	0.00516	0.00163	0.00751	0.00446	0.00293	0.00775
6	0.01363	0.01597	0.17205	0.02057	0.23885	0.03684	0.15307	0.03340	0.08780	0.07568	0.01674	0.01813	0.07932	0.00625	0.00574	0.00175	0.00681	0.00583	0.00355	0.00802
7	0.01191	0.01599	0.27272	0.01127	0.01691	0.00930	0.03502	0.01553	0.01178	0.05866	0.03767	0.01341	0.00975	0.00569	0.00563	0.04365	0.00568	0.00410	0.00319	0.41214
8	0.01774	0.01122	0.01274	0.01075	0.01430	0.01203	0.00856	0.09055	0.44040	0.25833	0.02138	0.01946	0.01517	0.00720	0.00555	0.00179	0.00457	0.00590	0.03345	0.00891
9	0.03380	0.01381	0.05114	0.02718	0.54370	0.02965	0.01487	0.11265	0.02923	0.01996	0.01136	0.01496	0.00957	0.05623	0.00687	0.00189	0.00648	0.00506	0.00321	0.00837
10	0.01753	0.01841	0.01726	0.01907	0.22733	0.32114	0.01214	0.16435	0.03952	0.01937	0.01151	0.05216	0.00985	0.00649	0.00591	0.00163	0.04019	0.00498	0.00354	0.00763
11	0.01334	0.01241	0.01953	0.31995	0.40237	0.02949	0.01562	0.08797	0.01341	0.01814	0.01044	0.01399	0.00827	0.00535	0.00550	0.00172	0.00691	0.00491	0.00291	0.00779
12	0.01032	0.00516	0.00516	0.00516	0.00645	0.00516	0.00387	0.01290	0.01161	0.02065	0.01807	0.02065	0.01420	0.00645	0.00387	0.00129	0.00258	0.00516	0.83611	0.00516
13	0.02084	0.01522	0.01636	0.01261	0.01699	0.01682	0.01040	0.70548	0.05616	0.05176	0.01388	0.01373	0.00983	0.00669	0.00554	0.00167	0.00599	0.00505	0.00558	0.00939
14	0.10357	0.02070	0.01555	0.15768	0.02063	0.49021	0.02841	0.07019	0.01484	0.01640	0.00910	0.01111	0.00725	0.00566	0.00501	0.00156	0.00863	0.00393	0.00302	0.00656
15	0.01032	0.00516	0.00516	0.00516	0.00645	0.00516	0.00387	0.01290	0.01161	0.02065	0.01807	0.02065	0.01420	0.00645	0.00387	0.00129	0.00258	0.00516	0.83611	0.00516
16	0.01859	0.01756	0.01441	0.01397	0.08870	0.37384	0.00982	0.07238	0.01590	0.15871	0.11834	0.01751	0.01544	0.03313	0.00617	0.00169	0.00721	0.00523	0.00425	0.00716
17	0.01304	0.01313	0.04734	0.01988	0.06156	0.01202	0.48469	0.01731	0.03057	0.07141	0.01556	0.05485	0.01350	0.00698	0.00654	0.00196	0.00786	0.11099	0.00357	0.00726
18	0.01128	0.00742	0.00915	0.00804	0.01011	0.00721	0.00623	0.09708	0.04753	0.10096	0.54506	0.03550	0.07159	0.01029	0.00628	0.00174	0.00331	0.00890	0.00605	0.00626
19	0.01214	0.00825	0.00998	0.00886	0.01053	0.00892	0.00659	0.18956	0.01315	0.06248	0.01581	0.02471	0.01501	0.30370	0.27998	0.00547	0.00875	0.00644	0.00396	0.00572
20	0.00791	0.00593	0.00890	0.00890	0.00989	0.00692	0.00692	0.00989	0.00890	0.01286	0.01483	0.02176	0.01385	0.04154	0.78341	0.00890	0.01483	0.00593	0.00297	0.00494
21	0.01032	0.00516	0.00516	0.00516	0.00645	0.00516	0.00387	0.01290	0.01161	0.02065	0.01807	0.02065	0.01420	0.00645	0.00387	0.00129	0.00258	0.00516	0.83611	0.00516
22	0.05235	0.01275	0.01343	0.01066	0.01426	0.01401	0.00870	0.53064	0.03419	0.03084	0.01438	0.01502	0.01056	0.00655	0.00505	0.00158	0.00514	0.00497	0.20670	0.00823
23	0.01190	0.00775	0.03105	0.00917	0.04176	0.00688	0.00694	0.01537	0.06225	0.17018	0.52156	0.03366	0.03938	0.00977	0.00621	0.00174	0.00346	0.00853	0.00597	0.00650
24	0.03125	0.04804	0.44389	0.01696	0.02367	0.01294	0.23469	0.01772	0.01241	0.05611	0.04210	0.01409	0.00961	0.00540	0.00561	0.00177	0.00796	0.00507	0.00288	0.00783
25	0.01212	0.01212	0.01696	0.01454	0.01454	0.01696	0.01212	0.01333	0.00848	0.01333	0.00727	0.01212	0.00727	0.00969	0.01818	0.00242	0.79523	0.00485	0.00242	0.00606
26	0.01307	0.01494	0.03268	0.02334	0.02894	0.01401	0.75070	0.01774	0.01307	0.01774	0.01120	0.01494	0.00840	0.00467	0.00654	0.00187	0.00934	0.00654	0.00280	0.00747
27	0.01313	0.01308	0.02381	0.13497	0.51631	0.01322	0.16983	0.01676	0.01250	0.01748	0.01050	0.01411	0.00851	0.00496	0.00571	0.00172	0.00726	0.00527	0.00272	0.00814
28	0.01356	0.01460	0.04659	0.02265	0.07427	0.01356	0.61695	0.01791	0.01296	0.05700	0.01165	0.01505	0.00875	0.00563	0.02126	0.00199	0.02875	0.00628	0.00299	0.00759
29	0.01511	0.64147	0.02701	0.01107	0.01489	0.02126	0.01034	0.01652	0.01126	0.01395	0.00853	0.01079	0.00800	0.00631	0.00683	0.00160	0.16139	0.00364	0.00269	0.00735
30	0.00962	0.00481	0.00722	0.00722	0.00722	0.00481	0.00481	0.00722	0.00722	0.00962	0.00962	0.01684	0.00962	0.01924	0.02165	0.83886	0.00481	0.00481	0.00241	0.00241
31	0.01368	0.01330	0.02157	0.03218	0.71139	0.04131	0.01627	0.01680	0.01264	0.01776	0.01118	0.04613	0.00986	0.00548	0.00553	0.00166	0.00657	0.00533	0.00284	0.00851
32	0.01610	0.01325	0.03441	0.06404	0.05032	0.11340	0.00972	0.11895	0.22388	0.13987	0.10649	0.05198	0.01787	0.00761	0.00567	0.00175	0.00555	0.00626	0.00505	0.00786
33	0.01212	0.01212	0.01696	0.01454	0.01454	0.01696	0.01212	0.01333	0.00848	0.01333	0.00727	0.01212	0.00727	0.00969	0.01818	0.00242	0.79523	0.00485	0.00242	0.00606
34	0.01371	0.01316	0.02248	0.03399	0.77081	0.01316	0.01700	0.01700	0.01261	0.01809	0.01042	0.01371	0.00877	0.00493	0.00548	0.00164	0.00658	0.00493	0.00274	0.00877
35	0.01558	0.01157	0.01307	0.01210	0.08123	0.06514	0.00868	0.14613	0.09991	0.14337	0.11606	0.05896	0.03431	0.00740	0.00547	0.00156	0.00495	0.00616	0.00494	0.16340
36	0.01566	0.10074	0.05418	0.02767	0.01582	0.19870	0.02559	0.16021	0.15591	0.02056	0.08480	0.04259	0.04178	0.00735	0.00568	0.00166	0.02378	0.00570	0.00425	0.00737
37	0.01032	0.00516	0.00516	0.00516	0.00645	0.00516	0.00387	0.01290	0.01161	0.02065	0.01807	0.02065	0.01420	0.00645	0.00387	0.00129	0.00258	0.00516	0.83611	0.00516
38	0.01214	0.01151	0.01646	0.13446	0.01834	0.01507	0.03832	0.06181	0.03719	0.01534	0.01008	0.04636	0.00943	0.02563	0.03052	0.00243	0.50019	0.00552	0.00290	0.00630
39	0.01148	0.00984	0.01148	0.00820	0.01312	0.00738	0.00656	0.01395	0.01148	0.01805	0.00984	0.01148	0.00820	0.00410	0.00410	0.00082	0.00410	0.00328	0.00328	0.83922
40	0.00813	0.00550	0.00647	0.00660	0.00678	0.00555	0.00410	0.00849	0.00857	0.01143	0.01852	0.03816	0.02100	0.68748	0.06396	0.00526	0.00582	0.08105	0.00351	0.00361
41	0.01307	0.01343	0.05972	0.15082	0.61923	0.01301	0.01692	0.01658	0.01233	0.01745	0.01030	0.01377	0.00847	0.00504	0.00548	0.00168	0.00679	0.00489	0.00268	0.00834
42	0.00698	0.00563	0.00621	0.00607	0.00775	0.00486	0.00455	0.00879	0.01365	0.01740	0.29560	0.04929	0.52755	0.01312	0.00654	0.00183	0.00274	0.01113	0.00546	0.00486
43	0.05717	0.02329	0.12790	0.00870	0.01213	0.00798	0.00810	0.01802	0.01298	0.26697	0.07007	0.02023	0.01541	0.05154	0.00617	0.00178	0.00445	0.00549	0.27461	0.00700
44	0.01412	0.01250	0.01597	0.01360	0.03173	0.04207	0.04764	0.21994	0.01440	0.01995	0.03317	0.01629	0.04153	0.01265	0.11066	0.00292	0.33483	0.00549	0.00362	0.00692
45	0.01996	0.07909	0.01644	0.01329	0.01653	0.54732	0.01033	0.16710	0.01729	0.01804	0.00980	0.01096	0.00785	0.00585	0.00496	0.00145	0.00865	0.00387	0.03421	0.00702
46	0.04660	0.18834	0.57013	0.01409	0.02123	0.03588	0.01734	0.01742	0.01162	0.01680	0.00935	0.01096	0.00700	0.00516	0.00483	0.00163	0.00761	0.00380	0.00240	0.00782
47	0.01196	0.01359	0.06809	0.07682	0.13845	0.01229	0.43347	0.01596	0.01263	0.01733	0.04569	0.10056	0.01325	0.00646	0.00629	0.00186	0.00776	0.00718	0.00314	0.00720
48	0.00713	0.00521	0.00689	0.00762	0.00822	0.00517	0.00530	0.00828	0.01016	0.01360	0.02817	0.47005	0.10346	0.09789	0.19141	0.00407	0.00611	0.01230	0.00446	0.00451
49	0.84448	0.01071	0.00814	0.00728	0.01071	0.01242	0.00600	0.01628	0.00943	0.02485	0.00771	0.00900	0.00600	0.00514	0.00343	0.00171	0.00428	0.00300	0.00343	0.00600
50	0.01046	0.00984	0.01661	0.79205	0.03814	0.01230	0.01538	0.01415	0.01107	0.01415	0.00984	0.01477	0.00738	0.00554	0.00554	0.00185	0.00738	0.00492	0.00246	0.00615
51	0.01039	0.00929	0.01276	0.01139	0.01162	0.01223	0.00903	0.01154	0.00856	0.01290	0.01119	0.01930	0.01145	0.18189	0.17130	0.00429	0.45374	0.00574	0.02616	0.00525
52	0.00702	0.00504	0.00685	0.00801	0.00846	0.00488	0.00559	0.00820	0.01058	0.01418	0.02886	0.67056	0.03400	0.01964	0.08534	0.00294	0.00452	0.06582	0.00492	0.00459
53	0.00772	0.00568	0.00725	0.00693	0.00830	0.00520	0.00525	0.01019	0.01519	0.02111	0.65310	0.04363	0.13809	0.01180	0.00658	0.00179	0.00273	0.03834	0.00594	0.00515
54	0.02397	0.00976	0.01293	0.01003	0.01423	0.00877	0.00825	0.04585	0.06852	0.70273	0.02168	0.01883	0.01382	0.00690	0.00557	0.00172	0.00473	0.00560	0.00674	0.00938
55	0.01353	0.01162	0.01234	0.01122	0.01425	0.01340	0.00877	0.02852	0.72297	0.02283	0.02288	0.02278	0.01766	0.00791	0.00574	0.00191	0.00442	0.04305	0.00561	0.00858
56	0.01069	0.01008	0.01703	0.73812	0.09027	0.01237	0.01550	0.01435	0.01118	0.01443	0.00988	0.01469	0.00748	0.00549	0.00553	0.00183	0.00733	0.00492	0.00248	0.00634
57	0.01665	0.33243	0.02034	0.01136	0.01528	0.16638	0.00970	0.13486	0.20450	0.01909	0.01250	0.01277	0.00996	0.00593	0.00467	0.00148	0.00635	0.00423	0.00378	0.00775
58	0.00655	0.00561	0.00561	0.00561	0.00748	0.00468	0.00421	0.00795	0.01262	0.01496	0.05610	0.05330	0.76857	0.01403	0.00655	0.00187	0.00281	0.01169	0.00514	0.00468
59	0.01373	0.01332	0.02210	0.06309	0.72574	0.03002	0.01680	0.01700	0.01262	0.01784	0.01035	0.01367	0.00868	0.00498	0.00547	0.00165	0.00669	0.00490	0.00273	0.00862
60	0.03582	0.00976	0.01175	0.00860	0.01332	0.00770	0.00695	0.01733	0.01254	0.21086	0.01285	0.01330	0.00955	0.00483	0.00446	0.00107	0.00426	0.00386	0.00419	0.60700
61	0.36873	0.00805	0.00811	0.00766	0.00942	0.00923	0.00579	0.01229	0.00890	0.01751	0.01218	0.01960	0.01184	0.21784	0.23149	0.00470	0.03320	0.00517	0.00325	0.00503
62	0.01125	0.05897	0.74760	0.01554	0.02359	0.01321	0.02004	0.01750	0.01168	0.01736	0.00985	0.01158	0.00702	0.00524	0.00520	0.00173	0.00810	0.00405	0.00234	0.00814
63	0.00672	0.00562	0.00586	0.00580	0.00759	0.00475	0.00435	0.00829	0.01304	0.01596	0.15407	0.05166	0.66997	0.01365	0.00654	0.00185	0.00278	0.01146	0.00527	0.00475
64	0.00712	0.00563	0.00640	0.00621	0.00783	0.00492	0.00466	0.00906	0.01398	0.01817	0.37132	0.04802	0.45135	0.01283	0.00654	0.00181	0.00272	0.01095	0.00557	0.00492
65	0.00689	0.00496	0.00656	0.00779	0.00825	0.00464	0.00536	0.00798	0.01085	0.01435	0.03163	0.71568	0.07024	0.01705	0.00709	0.00225	0.00333	0.06543	0.00514	0.00455
66	0.01295	0.01305	0.04920	0.18849	0.59319	0.01297	0.01679	0.01643	0.01226	0.01727	0.01028	0.01385	0.00842	0.00507	0.00549	0.00169	0.00680	0.00490	0.00267	0.00821
67	0.01111	0.02865	0.77667	0.01579	0.02397	0.01286	0.02046	0.01754	0.01169	0.01754	0.00994	0.01169	0.00702	0.00526	0.00526	0.00175	0.00818	0.00409	0.00234	0.00818
68	0.02211	0.01168	0.01401	0.01094	0.01507	0.01173	0.00896	0.29266	0.07071	0.42696	0.01904	0.04220	0.01310	0.00716	0.00561	0.00172	0.00515	0.00573	0.00623	0.00922
69	0.01198	0.00983	0.01154	0.00826	0.01316	0.00741	0.00662	0.01443	0.01165	0.04606	0.01029	0.01176	0.00841	0.00420	0.00416	0.00085	0.00412	0.00337	0.00341	0.80849
70	0.00675	0.00482	0.00643	0.00771	0.00803	0.00450	0.00514	0.00771	0.01060	0.01414	0.03053	0.80175	0.03663	0.01735	0.00707	0.00225	0.00321	0.01574	0.00514	0.00450
71	0.00753	0.00564	0.00692	0.00689	0.00821	0.00514	0.00518	0.00956	0.01383	0.01857	0.41778	0.09318	0.24328	0.05764	0.00789	0.00209	0.00309	0.07715	0.00553	0.00491
72	0.01007	0.00859	0.01283	0.37270	0.02286	0.01052	0.01083	0.01271	0.01071	0.01512	0.04151	0.02016	0.06053	0.04553	0.06381	0.00251	0.13565	0.00578	0.13194	0.00564
73	0.71584	0.01089	0.00882	0.00790	0.01128	0.01263	0.00643	0.01832	0.12579	0.02459	0.01001	0.01080	0.00769	0.00551	0.00377	0.00174	0.00430	0.00350	0.00377	0.00643
74	0.01148	0.00984	0.01148	0.00820	0.01312	0.00738	0.00656	0.01395	0.01148	0.01805	0.00984	0.01148	0.00820	0.00410	0.00410	0.00082	0.00410	0.00328	0.00328	0.83922
75	0.02312	0.01220	0.01457	0.01117	0.01552	0.01226	0.00923	0.35742	0.02049	0.43766	0.01795	0.01632	0.01175	0.00676	0.00556	0.00169	0.00534	0.00530	0.00626	0.00942
76	0.01307	0.01494	0.03268	0.02334	0.02894	0.01401	0.75070	0.01774	0.01307	0.01774	0.01120	0.01494	0.00840	0.00467	0.00654	0.00187	0.00934	0.00654	0.00280	0.00747
77	0.00814	0.00609	0.00678	0.00649	0.00833	0.00539	0.00489	0.03595	0.01386	0.04880	0.22345	0.08984	0.49603	0.01300	0.00650	0.00185	0.00298	0.01102	0.00546	0.00516
78	0.01600	0.01300	0.01378	0.01172	0.01525	0.01482	0.00931	0.25073	0.53588	0.02676	0.01971	0.01841	0.01461	0.00725	0.00561	0.00181	0.00491	0.00587	0.00561	0.00897
79	0.19153	0.01110	0.01231	0.01106	0.06696	0.04761	0.00822	0.09842	0.02735	0.29608	0.05225	0.01602	0.01249	0.00626	0.00492	0.00160	0.00489	0.00484	0.04710	0.07900
80	0.01148	0.00984	0.01148	0.00820	0.01312	0.00738	0.00656	0.01395	0.01148	0.01805	0.00984	0.01148	0.00820	0.00410	0.00410	0.00082	0.00410	0.00328	0.00328	0.83922
81	0.00784	0.00566	0.00740	0.00697	0.00827	0.00523	0.00523	0.01045	0.01568	0.02221	0.76789	0.04137	0.05226	0.01132	0.00653	0.00174	0.00261	0.01002	0.00610	0.00523
82	0.01032	0.00516	0.00516	0.00516	0.00645	0.00516	0.00387	0.01290	0.01161	0.02065	0.01807	0.02065	0.01420	0.00645	0.00387	0.00129	0.00258	0.00516	0.83611	0.00516
83	0.00770	0.00548	0.00716	0.00767	0.00866	0.00515	0.00576	0.00967	0.01307	0.01796	0.31166	0.30755	0.07781	0.01406	0.00681	0.00205	0.00328	0.14370	0.03987	0.00492
84	0.80242	0.01092	0.00938	0.00810	0.01163	0.01250	0.04367	0.01635	0.00961	0.02449	0.00789	0.00930	0.00612	0.00512	0.00358	0.00172	0.00454	0.00318	0.00340	0.00607
85	0.01032	0.00516	0.00516	0.00516	0.00645	0.00516	0.00387	0.01290	0.01161	0.02065	0.01807	0.02065	0.01420	0.00645	0.00387	0.00129	0.00258	0.00516	0.83611	0.00516
86	0.00675	0.00482	0.00643	0.00771	0.00803	0.00450	0.00514	0.00771	0.01060	0.01414	0.03053	0.80175	0.03663	0.01735	0.00707	0.00225	0.00321	0.01574	0.00514	0.00450
87	0.01745	0.02134	0.02233	0.01890	0.07245	0.45150	0.28004	0.02018	0.01453	0.01538	0.00965	0.01204	0.00771	0.00528	0.00559	0.00160	0.00952	0.00474	0.00283	0.00696

[dist]
# distance from previous block
# <min> <max>
0	3

[block]
# block no. 1 follows, 43 sequences, length 27
# corresponding to MSA columns:
# 157-183
name=unknown_B
#
# <colnr> <probs for GDERKNQSTAVLIFYWHMCP>
#	G	D	E	R	K	N	Q	S	T	A	V	L	I	F	Y	W	H	M	C	P
0	0.37921	0.01516	0.20631	0.01007	0.01469	0.01192	0.01017	0.10158	0.01271	0.08120	0.01288	0.01371	0.04198	0.00596	0.00448	0.00170	0.00535	0.00424	0.05959	0.00710
1	0.00835	0.00650	0.00725	0.00714	0.00880	0.00608	0.00528	0.09146	0.01383	0.01764	0.11054	0.26333	0.40568	0.01391	0.00658	0.00194	0.00327	0.01195	0.00528	0.00521
2	0.01204	0.18269	0.50191	0.05146	0.02193	0.01491	0.03471	0.01755	0.04617	0.01654	0.00998	0.01179	0.00756	0.00546	0.00557	0.00168	0.04364	0.00410	0.00252	0.00778
3	0.01356	0.01502	0.23096	0.01186	0.01720	0.00937	0.08262	0.01715	0.01269	0.17007	0.01809	0.03644	0.09479	0.00646	0.00531	0.00152	0.00573	0.00552	0.00394	0.24171
4	0.01632	0.14705	0.12644	0.01709	0.15271	0.19811	0.04097	0.13522	0.07966	0.01920	0.01100	0.01235	0.00866	0.00561	0.00509	0.00157	0.00735	0.00436	0.00334	0.00791
5	0.01460	0.41573	0.02551	0.05859	0.27986	0.01735	0.04668	0.01715	0.01202	0.05140	0.00959	0.01162	0.00808	0.00495	0.00456	0.00144	0.00633	0.00404	0.00274	0.00777
6	0.10350	0.00923	0.01223	0.01104	0.01177	0.01197	0.00888	0.01201	0.00870	0.01424	0.01082	0.01717	0.01051	0.08716	0.28532	0.00486	0.36707	0.00529	0.00280	0.00543
7	0.04903	0.00836	0.01237	0.01169	0.06808	0.00790	0.12967	0.04509	0.01303	0.01734	0.06494	0.13732	0.34038	0.01146	0.00641	0.00193	0.00459	0.06010	0.00455	0.00575
8	0.01295	0.11555	0.54792	0.01457	0.02142	0.09483	0.01726	0.03840	0.05526	0.01740	0.01035	0.01175	0.00767	0.00542	0.00507	0.00166	0.00784	0.00406	0.00267	0.00794
9	0.01032	0.00516	0.00516	0.00516	0.00645	0.00516	0.00387	0.01290	0.01161	0.02065	0.01807	0.02065	0.01420	0.00645	0.00387	0.00129	0.00258	0.00516	0.83611	0.00516
10	0.01208	0.16928	0.52177	0.10153	0.02362	0.01437	0.03113	0.01722	0.01167	0.03466	0.00983	0.01175	0.00726	0.00522	0.00501	0.00166	0.00762	0.00406	0.00248	0.00778
11	0.10520	0.01219	0.03746	0.23737	0.25024	0.02771	0.12478	0.01550	0.01163	0.01712	0.01146	0.07415	0.01003	0.00624	0.00599	0.00182	0.03542	0.00574	0.00291	0.00705
12	0.01032	0.00516	0.00516	0.00516	0.00645	0.00516	0.00387	0.01290	0.01161	0.02065	0.01807	0.02065	0.01420	0.00645	0.00387	0.00129	0.00258	0.00516	0.83611	0.00516
13	0.84448	0.01071	0.00814	0.00728	0.01071	0.01242	0.00600	0.01628	0.00943	0.02485	0.00771	0.00900	0.00600	0.00514	0.00343	0.00171	0.00428	0.00300	0.00343	0.00600
14	0.00962	0.00481	0.00722	0.00722	0.00722	0.00481	0.00481	0.00722	0.00722	0.00962	0.00962	0.01684	0.00962	0.01924	0.02165	0.83886	0.00481	0.00481	0.00241	0.00241
15	0.01127	0.00962	0.01126	0.00818	0.01290	0.00725	0.00650	0.01367	0.01144	0.01787	0.01077	0.04691	0.00948	0.00470	0.00423	0.00088	0.00406	0.00384	0.00336	0.80180
16	0.00702	0.00522	0.00653	0.00706	0.00799	0.00474	0.00497	0.00854	0.01247	0.01661	0.24587	0.42890	0.19393	0.01494	0.00681	0.00203	0.00296	0.01327	0.00541	0.00474
17	0.01032	0.00516	0.00516	0.00516	0.00645	0.00516	0.00387	0.01290	0.01161	0.02065	0.01807	0.02065	0.01420	0.00645	0.00387	0.00129	0.00258	0.00516	0.83611	0.00516
18	0.43538	0.01246	0.01551	0.01620	0.19391	0.01346	0.09264	0.12302	0.01299	0.02390	0.00955	0.01140	0.00742	0.00526	0.00457	0.00171	0.00566	0.00414	0.00350	0.00732
19	0.01098	0.04018	0.01569	0.17466	0.11239	0.00986	0.08190	0.01394	0.01219	0.01702	0.07652	0.03727	0.04169	0.00703	0.00552	0.00158	0.00559	0.08697	0.00350	0.24550
20	0.01434	0.02217	0.43537	0.01365	0.01973	0.05251	0.01528	0.22618	0.01597	0.02262	0.01173	0.01306	0.00851	0.00581	0.00517	0.00166	0.00706	0.00444	0.09663	0.00811
21	0.01070	0.00606	0.00710	0.00839	0.09203	0.00606	0.00534	0.01336	0.01173	0.02036	0.01721	0.01987	0.01359	0.00628	0.00405	0.00133	0.00303	0.00514	0.74280	0.00557
22	0.01390	0.01370	0.02486	0.02453	0.29677	0.01348	0.32043	0.09916	0.01428	0.01987	0.03980	0.01509	0.01029	0.00533	0.00619	0.00172	0.02543	0.00572	0.00322	0.04622
23	0.11246	0.20511	0.05477	0.01194	0.01606	0.17638	0.04314	0.18759	0.03212	0.06369	0.01084	0.01187	0.00842	0.00703	0.03436	0.00180	0.00712	0.00411	0.00369	0.00752
24	0.01234	0.01369	0.10008	0.01648	0.16594	0.08610	0.02712	0.08034	0.01269	0.01706	0.01607	0.25397	0.01673	0.00982	0.00813	0.00196	0.14307	0.00804	0.00364	0.00673
25	0.03134	0.21197	0.04139	0.00992	0.01416	0.09899	0.00862	0.07857	0.03410	0.14228	0.01606	0.01615	0.08012	0.00618	0.00472	0.00137	0.00550	0.00464	0.00399	0.18993
26	0.01569	0.15712	0.34344	0.01325	0.01901	0.12557	0.01423	0.09782	0.02924	0.10160	0.02600	0.01268	0.00912	0.00572	0.00503	0.00160	0.00727	0.00424	0.00340	0.00797

[dist]
# distance from previous block
# <min> <max>
0	4

[block]
# block no. 2 follows, 43 sequences, length 57
# corresponding to MSA columns:
# 188-244
name=unknown_C
#
# <colnr> <probs for GDERKNQSTAVLIFYWHMCP>
#	G	D	E	R	K	N	Q	S	T	A	V	L	I	F	Y	W	H	M	C	P
0	0.01181	0.01161	0.01675	0.01415	0.01481	0.01537	0.05932	0.01415	0.04846	0.01506	0.08830	0.01582	0.01257	0.00942	0.01554	0.00229	0.61978	0.00557	0.00300	0.00620
1	0.01322	0.01444	0.04079	0.11770	0.26945	0.09393	0.22712	0.01657	0.01254	0.01648	0.01255	0.03586	0.03987	0.00603	0.00665	0.00179	0.05900	0.00578	0.00287	0.00736
2	0.03699	0.06368	0.01361	0.01022	0.01383	0.13046	0.00828	0.02300	0.01461	0.48892	0.03594	0.01790	0.01323	0.03200	0.06984	0.00233	0.00641	0.00524	0.00543	0.00810
3	0.01111	0.02865	0.77667	0.01579	0.02397	0.01286	0.02046	0.01754	0.01169	0.01754	0.00994	0.01169	0.00702	0.00526	0.00526	0.00175	0.00818	0.00409	0.00234	0.00818
4	0.01032	0.00516	0.00516	0.00516	0.00645	0.00516	0.00387	0.01290	0.01161	0.02065	0.01807	0.02065	0.01420	0.00645	0.00387	0.00129	0.00258	0.00516	0.83611	0.00516
5	0.04290	0.03667	0.15954	0.08388	0.35130	0.01352	0.12473	0.03843	0.06135	0.01855	0.01111	0.01375	0.00870	0.00522	0.00549	0.00172	0.00709	0.00498	0.00294	0.00815
6	0.00742	0.00523	0.00650	0.00725	0.00767	0.00501	0.00486	0.00824	0.01007	0.01326	0.02751	0.40882	0.07806	0.29120	0.01445	0.00334	0.00414	0.08828	0.00452	0.00418
7	0.01378	0.01190	0.01252	0.01127	0.01440	0.01378	0.00877	0.02943	0.76081	0.02317	0.02254	0.02066	0.01691	0.00751	0.00564	0.00188	0.00438	0.00626	0.00564	0.00877
8	0.01103	0.00943	0.04312	0.06504	0.15798	0.00844	0.07643	0.01387	0.01376	0.08888	0.25305	0.03131	0.18664	0.00906	0.00613	0.00177	0.00474	0.00812	0.00464	0.00655
9	0.03174	0.18250	0.18728	0.01477	0.10662	0.01313	0.06062	0.02075	0.01329	0.29566	0.01396	0.01414	0.00978	0.00566	0.00509	0.00161	0.00625	0.00464	0.00410	0.00840
10	0.01055	0.00993	0.01677	0.77146	0.05805	0.01233	0.01542	0.01423	0.01112	0.01426	0.00986	0.01474	0.00742	0.00552	0.00554	0.00184	0.00736	0.00492	0.00247	0.00622
11	0.80137	0.01164	0.04790	0.00772	0.01140	0.01245	0.00675	0.01635	0.00954	0.02447	0.00783	0.00914	0.00605	0.00515	0.00352	0.00172	0.00449	0.00306	0.00337	0.00611
12	0.01689	0.11123	0.02303	0.04919	0.07296	0.06625	0.22131	0.31200	0.01802	0.02357	0.01126	0.01308	0.00853	0.00569	0.00579	0.00167	0.02247	0.00508	0.00382	0.00815
13	0.01362	0.01302	0.02203	0.03294	0.73994	0.01292	0.01657	0.01687	0.01256	0.01809	0.01039	0.01362	0.00875	0.00490	0.00543	0.00161	0.00648	0.00487	0.00276	0.04261
14	0.00928	0.00602	0.00764	0.00716	0.00873	0.00549	0.00543	0.01151	0.01460	0.08891	0.50847	0.04184	0.14785	0.06324	0.00792	0.00204	0.00315	0.04954	0.00580	0.00540
15	0.02003	0.01899	0.01641	0.01346	0.01714	0.32677	0.05091	0.32981	0.01993	0.07282	0.05086	0.01386	0.01093	0.00641	0.00543	0.00159	0.00758	0.00479	0.00441	0.00788
16	0.00721	0.00554	0.00659	0.00653	0.00794	0.00493	0.00482	0.00915	0.01389	0.01843	0.40369	0.13737	0.32772	0.01309	0.00660	0.00185	0.00276	0.01135	0.00561	0.00493
17	0.01356	0.01454	0.02699	0.06740	0.23038	0.04892	0.42247	0.02970	0.03034	0.01771	0.01096	0.01438	0.00857	0.00510	0.00647	0.00180	0.03433	0.00579	0.00287	0.00772
18	0.01222	0.07608	0.42041	0.01484	0.01965	0.05550	0.01629	0.01625	0.01075	0.01555	0.00878	0.01156	0.00712	0.00680	0.00964	0.00193	0.28272	0.00425	0.00240	0.00728
19	0.00803	0.00545	0.00643	0.00643	0.00656	0.00558	0.00384	0.00830	0.00817	0.01103	0.01709	0.03427	0.01928	0.70154	0.13084	0.00585	0.00666	0.00777	0.00330	0.00357
20	0.05219	0.01304	0.01194	0.01087	0.01324	0.18507	0.02254	0.07619	0.18246	0.01792	0.01773	0.02219	0.05315	0.06748	0.18748	0.00364	0.00832	0.04406	0.00402	0.00649
21	0.28007	0.03718	0.01140	0.00991	0.01266	0.23614	0.00770	0.03712	0.09138	0.02027	0.14539	0.05793	0.01738	0.00732	0.00491	0.00166	0.00570	0.00547	0.00408	0.00632
22	0.01178	0.00991	0.01153	0.00837	0.01308	0.00777	0.00669	0.05122	0.01244	0.01912	0.04924	0.01312	0.01054	0.00460	0.00430	0.00091	0.00413	0.00372	0.00354	0.75398
23	0.01212	0.01212	0.01696	0.01454	0.01454	0.01696	0.01212	0.01333	0.00848	0.01333	0.00727	0.01212	0.00727	0.00969	0.01818	0.00242	0.79523	0.00485	0.00242	0.00606
24	0.01148	0.00984	0.01148	0.00820	0.01312	0.00738	0.00656	0.01395	0.01148	0.01805	0.00984	0.01148	0.00820	0.00410	0.00410	0.00082	0.00410	0.00328	0.00328	0.83922
25	0.00933	0.00738	0.00870	0.00901	0.01040	0.00783	0.00656	0.01554	0.27096	0.01781	0.06829	0.45863	0.03046	0.01353	0.00657	0.00211	0.00366	0.04183	0.00536	0.00604
26	0.00791	0.00593	0.00890	0.00890	0.00989	0.00692	0.00692	0.00989	0.00890	0.01286	0.01483	0.02176	0.01385	0.04154	0.78341	0.00890	0.01483	0.00593	0.00297	0.00494
27	0.05802	0.01439	0.02340	0.01766	0.02222	0.04541	0.39731	0.09782	0.22295	0.02125	0.01430	0.01585	0.01070	0.00574	0.00596	0.00182	0.00738	0.00599	0.00391	0.00792
28	0.01020	0.00520	0.00536	0.00536	0.00663	0.00525	0.00403	0.01275	0.01147	0.02024	0.01790	0.02071	0.01418	0.00829	0.04476	0.00169	0.00322	0.00520	0.79241	0.00515
29	0.00717	0.00520	0.00683	0.00774	0.00844	0.00485	0.00553	0.00863	0.01185	0.01586	0.15837	0.53685	0.08653	0.01586	0.00701	0.00217	0.00330	0.09779	0.00530	0.00470
30	0.11064	0.01073	0.01163	0.01032	0.01315	0.01167	0.00834	0.30103	0.09685	0.02489	0.02153	0.14819	0.05985	0.01018	0.00597	0.00195	0.00489	0.13589	0.00514	0.00715
31	0.01250	0.01069	0.01179	0.00980	0.01351	0.01073	0.00768	0.02217	0.42085	0.02111	0.06615	0.01844	0.01582	0.00643	0.00510	0.00146	0.00416	0.00535	0.00475	0.33151
32	0.00862	0.00563	0.00741	0.00739	0.00858	0.00517	0.00538	0.01061	0.01390	0.07122	0.45149	0.29945	0.05774	0.01312	0.00665	0.00192	0.00297	0.01169	0.00580	0.00526
33	0.01046	0.00984	0.01661	0.79205	0.03814	0.01230	0.01538	0.01415	0.01107	0.01415	0.00984	0.01477	0.00738	0.00554	0.00554	0.00185	0.00738	0.00492	0.00246	0.00615
34	0.04483	0.00539	0.00529	0.00525	0.00663	0.00546	0.00396	0.01304	0.01152	0.02082	0.01764	0.02017	0.01386	0.00640	0.00385	0.00131	0.00265	0.00507	0.80167	0.00520
35	0.00686	0.00490	0.00656	0.00784	0.00821	0.00460	0.00534	0.00791	0.01072	0.01427	0.03046	0.76279	0.03638	0.01724	0.00710	0.00227	0.00331	0.05357	0.00514	0.00453
36	0.00733	0.00524	0.00709	0.00838	0.00895	0.00500	0.00615	0.00872	0.01118	0.01479	0.03020	0.60419	0.03536	0.01680	0.00722	0.00233	0.00372	0.20756	0.00513	0.00466
37	0.00683	0.00512	0.00636	0.00731	0.00809	0.00466	0.00512	0.00800	0.01126	0.01450	0.03714	0.56170	0.22772	0.01636	0.00697	0.00217	0.00322	0.05775	0.00514	0.00458
38	0.21796	0.01197	0.01475	0.10137	0.18438	0.04807	0.01073	0.08694	0.01398	0.23835	0.01317	0.01396	0.00935	0.00580	0.00500	0.00169	0.00569	0.00459	0.00432	0.00795
39	0.01186	0.11258	0.58922	0.01682	0.08994	0.01394	0.03776	0.01767	0.02912	0.01723	0.01006	0.01186	0.00745	0.00521	0.00514	0.00169	0.00773	0.00416	0.00247	0.00811
40	0.01693	0.01630	0.01580	0.05837	0.11878	0.20117	0.01111	0.19120	0.26919	0.02235	0.01469	0.01512	0.01120	0.00642	0.00543	0.00169	0.00660	0.00506	0.00437	0.00820
41	0.01661	0.38391	0.02110	0.01095	0.01472	0.18791	0.00944	0.16634	0.01492	0.01743	0.01000	0.01242	0.00875	0.05923	0.04278	0.00197	0.00724	0.00398	0.00321	0.00708
42	0.01226	0.00972	0.01149	0.00845	0.01315	0.00751	0.00680	0.01496	0.02638	0.06527	0.01163	0.01420	0.00968	0.00480	0.00437	0.00097	0.00419	0.03324	0.00362	0.73734
43	0.01654	0.02075	0.46069	0.01336	0.01991	0.01104	0.01538	0.02150	0.03036	0.31365	0.01488	0.01470	0.00986	0.00594	0.00539	0.00174	0.00674	0.00472	0.00418	0.00868
44	0.01357	0.01373	0.01997	0.25410	0.46803	0.10263	0.01579	0.01676	0.01252	0.01641	0.01003	0.01358	0.00817	0.00520	0.00544	0.00168	0.00721	0.00477	0.00267	0.00773
45	0.01449	0.00628	0.00902	0.00806	0.00943	0.00587	0.00587	0.01353	0.00998	0.25411	0.01353	0.01748	0.01093	0.01528	0.01651	0.57133	0.00478	0.00505	0.00383	0.00465
46	0.01512	0.07304	0.24160	0.02029	0.23193	0.04546	0.08638	0.13506	0.01476	0.06752	0.01127	0.01301	0.00846	0.00542	0.00538	0.00166	0.00721	0.00470	0.00331	0.00841
47	0.01530	0.01155	0.01927	0.09453	0.40000	0.01144	0.07337	0.01864	0.02590	0.18058	0.03268	0.01900	0.01239	0.00626	0.00576	0.00176	0.00624	0.05320	0.00389	0.00824
48	0.00738	0.00515	0.00618	0.00674	0.00701	0.00494	0.00419	0.00790	0.00948	0.01251	0.02580	0.37027	0.07893	0.40815	0.01751	0.00377	0.00425	0.01165	0.00426	0.00394
49	0.01119	0.01110	0.01513	0.01378	0.05894	0.11180	0.18144	0.04498	0.01260	0.01586	0.02169	0.34016	0.06248	0.06277	0.00785	0.00217	0.00599	0.01014	0.00405	0.00585
50	0.01200	0.05089	0.36994	0.12913	0.14281	0.01340	0.13683	0.01746	0.04294	0.01724	0.01064	0.01323	0.00798	0.00523	0.00549	0.00175	0.00776	0.00478	0.00263	0.00786
51	0.00675	0.00482	0.00643	0.00771	0.00803	0.00450	0.00514	0.00771	0.01060	0.01414	0.03053	0.80175	0.03663	0.01735	0.00707	0.00225	0.00321	0.01574	0.00514	0.00450
52	0.01142	0.02650	0.65994	0.01697	0.02475	0.01304	0.13503	0.01757	0.01191	0.01757	0.01014	0.01220	0.00723	0.00517	0.00546	0.00177	0.00837	0.00448	0.00241	0.00807
53	0.02070	0.01499	0.01617	0.01251	0.01685	0.01655	0.01030	0.67003	0.07746	0.06600	0.01432	0.01406	0.01013	0.00672	0.00555	0.00168	0.00591	0.00510	0.00560	0.00937
54	0.00969	0.00903	0.01197	0.01126	0.01188	0.05038	0.04698	0.01096	0.01026	0.01401	0.02024	0.44326	0.02335	0.01340	0.01081	0.00225	0.28022	0.01082	0.00395	0.00530
55	0.01169	0.14818	0.56951	0.01404	0.02081	0.01399	0.01722	0.01687	0.01145	0.01681	0.00998	0.01186	0.00751	0.00549	0.00558	0.00167	0.04894	0.00403	0.05665	0.00771
56	0.01530	0.21408	0.18185	0.03093	0.09112	0.01547	0.08467	0.16680	0.01486	0.07413	0.01134	0.01293	0.00867	0.00732	0.04533	0.00196	0.00723	0.00453	0.00344	0.00804

[dist]
# distance from previous block
# <min> <max>
0	1

[block]
# block no. 3 follows, 43 sequences, length 19
# corresponding to MSA columns:
# 246-264
name=unknown_D
#
# <colnr> <probs for GDERKNQSTAVLIFYWHMCP>
#	G	D	E	R	K	N	Q	S	T	A	V	L	I	F	Y	W	H	M	C	P
0	0.01282	0.01066	0.01774	0.51256	0.22622	0.01209	0.01504	0.01624	0.01198	0.09518	0.01126	0.01492	0.00841	0.00552	0.00553	0.00178	0.00689	0.00499	0.00300	0.00718
1	0.01180	0.11401	0.01726	0.50657	0.02945	0.01390	0.01306	0.01807	0.18769	0.01613	0.01256	0.01539	0.00959	0.00590	0.00530	0.00177	0.00649	0.00498	0.00320	0.00689
2	0.61336	0.15057	0.09260	0.00856	0.01271	0.01411	0.00812	0.01647	0.00998	0.02204	0.00794	0.00926	0.00630	0.00508	0.00364	0.00163	0.00498	0.00311	0.00313	0.00642
3	0.01915	0.11792	0.01762	0.01210	0.01638	0.01728	0.01013	0.54875	0.13399	0.03031	0.01395	0.01383	0.01024	0.00653	0.00530	0.00163	0.00582	0.00491	0.00514	0.00902
4	0.01565	0.20385	0.14118	0.01211	0.01632	0.15752	0.03756	0.05545	0.01400	0.11495	0.04751	0.02099	0.01394	0.00730	0.00533	0.00168	0.00675	0.11692	0.00380	0.00719
5	0.01282	0.01673	0.12966	0.02236	0.02830	0.01386	0.65552	0.01771	0.01289	0.01771	0.01104	0.01452	0.00822	0.00475	0.00637	0.00185	0.00919	0.00622	0.00274	0.00756
6	0.00943	0.00812	0.10761	0.00843	0.00962	0.00619	0.00697	0.00900	0.00811	0.01119	0.01116	0.01885	0.01094	0.10301	0.11907	0.53434	0.00661	0.00520	0.00257	0.00359
7	0.01257	0.01180	0.01993	0.26254	0.51481	0.01255	0.01593	0.01595	0.01210	0.01701	0.01058	0.01434	0.00859	0.00518	0.00543	0.00169	0.00665	0.00494	0.03960	0.00782
8	0.01809	0.01414	0.01700	0.01341	0.01700	0.19679	0.18246	0.02035	0.01400	0.28005	0.01703	0.01954	0.04425	0.11045	0.00865	0.00216	0.00708	0.00590	0.00440	0.00724
9	0.01361	0.62033	0.02528	0.01155	0.09293	0.01875	0.00958	0.01550	0.01157	0.01381	0.01429	0.01518	0.10654	0.00597	0.00415	0.00132	0.00559	0.00431	0.00277	0.00697
10	0.00884	0.00962	0.11012	0.19951	0.01840	0.00816	0.01068	0.01165	0.01120	0.01503	0.02100	0.25714	0.02231	0.01482	0.08346	0.00282	0.00647	0.17931	0.00390	0.00557
11	0.01336	0.02397	0.59464	0.01428	0.02138	0.01175	0.01742	0.01913	0.03138	0.14601	0.04536	0.01443	0.01037	0.00585	0.00538	0.00175	0.00726	0.00466	0.00335	0.00828
12	0.32652	0.01299	0.01346	0.11186	0.01749	0.01477	0.00947	0.38224	0.01791	0.02846	0.01077	0.01189	0.00788	0.00594	0.00475	0.00171	0.00559	0.00424	0.00435	0.00772
13	0.00729	0.00564	0.00664	0.00639	0.00794	0.00499	0.00479	0.00939	0.01438	0.01914	0.46669	0.04642	0.35537	0.01247	0.00654	0.00180	0.00269	0.01072	0.00569	0.00499
14	0.34788	0.00903	0.00951	0.00799	0.01125	0.00917	0.00649	0.01918	0.01285	0.30350	0.11267	0.01802	0.01569	0.00671	0.00467	0.00168	0.00406	0.00508	0.08748	0.00709
15	0.01405	0.01723	0.12176	0.04566	0.38058	0.11366	0.19120	0.01784	0.01296	0.01725	0.01029	0.01328	0.00821	0.00503	0.00564	0.00169	0.00791	0.00503	0.00271	0.00801
16	0.00780	0.00526	0.00612	0.00637	0.00643	0.00520	0.00371	0.00799	0.00856	0.01141	0.02004	0.18779	0.02340	0.64936	0.02401	0.00475	0.00494	0.00958	0.00371	0.00358
17	0.00655	0.00561	0.00561	0.00561	0.00748	0.00468	0.00421	0.00795	0.01262	0.01496	0.05610	0.05330	0.76857	0.01403	0.00655	0.00187	0.00281	0.01169	0.00514	0.00468
18	0.01131	0.00964	0.01109	0.00849	0.01277	0.00794	0.00668	0.01535	0.10913	0.01835	0.01435	0.06754	0.03501	0.00575	0.00458	0.00109	0.00404	0.00478	0.00377	0.64834

[dist]
# distance from previous block
# <min> <max>
5	19

[block]
# block no. 4 follows, 43 sequences, length 117
# corresponding to MSA columns:
# 285-401
name=unknown_E
#
# <colnr> <probs for GDERKNQSTAVLIFYWHMCP>
#	G	D	E	R	K	N	Q	S	T	A	V	L	I	F	Y	W	H	M	C	P
0	0.05906	0.01963	0.04892	0.01742	0.05563	0.33428	0.24576	0.04324	0.08947	0.01744	0.01105	0.01292	0.00860	0.00551	0.00552	0.00166	0.00858	0.00488	0.00320	0.00723
1	0.01332	0.07792	0.05909	0.08229	0.55934	0.01319	0.01556	0.01651	0.01231	0.03558	0.01154	0.05753	0.01013	0.00572	0.00541	0.00166	0.00643	0.00535	0.00291	0.00820
2	0.00877	0.00511	0.00658	0.00658	0.00658	0.00511	0.00402	0.00767	0.00767	0.01023	0.01386	0.02735	0.01532	0.44509	0.02519	0.38735	0.00511	0.00657	0.00292	0.00292
3	0.01803	0.19109	0.01838	0.01182	0.01590	0.07926	0.00992	0.37011	0.18509	0.02574	0.01373	0.01369	0.01039	0.00634	0.00508	0.00159	0.00599	0.00471	0.00464	0.00852
4	0.01138	0.02697	0.69771	0.01637	0.05816	0.01293	0.01963	0.01820	0.05475	0.01789	0.01068	0.01230	0.00767	0.00538	0.00529	0.00176	0.00789	0.00426	0.00255	0.00825
5	0.01401	0.47691	0.28511	0.01204	0.01781	0.08056	0.01335	0.01736	0.01176	0.01462	0.00854	0.00994	0.00708	0.00500	0.00426	0.00140	0.00703	0.00340	0.00240	0.00742
6	0.01061	0.02499	0.64663	0.01502	0.02207	0.01181	0.04682	0.01626	0.01160	0.01710	0.01269	0.11556	0.01096	0.00683	0.00555	0.00182	0.00758	0.00572	0.00272	0.00767
7	0.00660	0.00561	0.00568	0.00566	0.00751	0.00470	0.00425	0.00805	0.01274	0.01524	0.08385	0.05283	0.74064	0.01392	0.00655	0.00187	0.00280	0.01162	0.00518	0.00470
8	0.00922	0.00706	0.00865	0.00948	0.01071	0.03323	0.00765	0.05301	0.01292	0.01667	0.02931	0.29375	0.06551	0.01507	0.00720	0.00233	0.00462	0.40335	0.00506	0.00518
9	0.01186	0.01128	0.01915	0.46466	0.35457	0.01267	0.01608	0.01538	0.01174	0.01585	0.01009	0.01431	0.00798	0.00528	0.00551	0.00176	0.00704	0.00493	0.00258	0.00728
10	0.01366	0.00781	0.00964	0.00837	0.01093	0.00745	0.00655	0.01819	0.14106	0.24169	0.33621	0.03275	0.12316	0.00971	0.00610	0.00177	0.00355	0.00829	0.00612	0.00698
11	0.01025	0.00872	0.00850	0.00788	0.00965	0.11308	0.00595	0.01245	0.01513	0.05818	0.49329	0.03807	0.17606	0.01081	0.00627	0.00172	0.00378	0.00920	0.00551	0.00550
12	0.79663	0.01174	0.05227	0.00777	0.01147	0.01245	0.00683	0.01635	0.00956	0.02443	0.00784	0.00915	0.00606	0.00515	0.00353	0.00172	0.00451	0.00306	0.00336	0.00612
13	0.01229	0.00681	0.00788	0.00694	0.00957	0.00576	0.00544	0.01392	0.01364	0.25321	0.04536	0.04250	0.53183	0.01178	0.00624	0.00182	0.00340	0.00977	0.00568	0.00617
14	0.00902	0.00617	0.00757	0.00780	0.00905	0.00584	0.00559	0.06956	0.01300	0.06040	0.10309	0.48777	0.16458	0.01472	0.00671	0.00206	0.00340	0.01302	0.00536	0.00528
15	0.01294	0.01446	0.03057	0.05927	0.07125	0.01402	0.63767	0.01731	0.01272	0.01737	0.01090	0.01472	0.00832	0.00497	0.00701	0.00188	0.04814	0.00628	0.00276	0.00741
16	0.00689	0.00562	0.00609	0.00597	0.00769	0.00482	0.00448	0.00862	0.01344	0.01691	0.24724	0.05010	0.57621	0.01330	0.00654	0.00184	0.00275	0.01124	0.00540	0.00482
17	0.02069	0.02640	0.01569	0.01427	0.01712	0.78313	0.01070	0.02212	0.01569	0.01355	0.00856	0.00999	0.00713	0.00571	0.00499	0.00143	0.00999	0.00357	0.00285	0.00642
18	0.84448	0.01071	0.00814	0.00728	0.01071	0.01242	0.00600	0.01628	0.00943	0.02485	0.00771	0.00900	0.00600	0.00514	0.00343	0.00171	0.00428	0.00300	0.00343	0.00600
19	0.01212	0.01212	0.01696	0.01454	0.01454	0.01696	0.01212	0.01333	0.00848	0.01333	0.00727	0.01212	0.00727	0.00969	0.01818	0.00242	0.79523	0.00485	0.00242	0.00606
20	0.01111	0.02865	0.77667	0.01579	0.02397	0.01286	0.02046	0.01754	0.01169	0.01754	0.00994	0.01169	0.00702	0.00526	0.00526	0.00175	0.00818	0.00409	0.00234	0.00818
21	0.00762	0.00558	0.00715	0.00691	0.00818	0.00511	0.00513	0.00997	0.01494	0.02081	0.63593	0.11245	0.11529	0.01212	0.00658	0.00180	0.00269	0.01069	0.00592	0.00511
22	0.01148	0.00984	0.01148	0.00820	0.01312	0.00738	0.00656	0.01395	0.01148	0.01805	0.00984	0.01148	0.00820	0.00410	0.00410	0.00082	0.00410	0.00328	0.00328	0.83922
23	0.00995	0.00763	0.00892	0.00893	0.01059	0.00801	0.00662	0.01633	0.27219	0.04171	0.10791	0.34838	0.07171	0.01268	0.00646	0.00204	0.00367	0.04454	0.00547	0.00625
24	0.01570	0.01279	0.01359	0.01166	0.01511	0.01456	0.00926	0.23136	0.53843	0.02630	0.02011	0.01954	0.01515	0.00745	0.00565	0.00183	0.00488	0.02217	0.00560	0.00887
25	0.01403	0.48959	0.22734	0.01131	0.01662	0.08031	0.01220	0.01708	0.01175	0.01472	0.00897	0.01040	0.00749	0.00506	0.00415	0.00136	0.00667	0.00344	0.05027	0.00723
26	0.01148	0.00984	0.01148	0.00820	0.01312	0.00738	0.00656	0.01395	0.01148	0.01805	0.00984	0.01148	0.00820	0.00410	0.00410	0.00082	0.00410	0.00328	0.00328	0.83922
27	0.01573	0.01191	0.01345	0.00996	0.01467	0.01102	0.00811	0.28610	0.01707	0.06534	0.01177	0.01255	0.00895	0.00519	0.00471	0.00118	0.00487	0.00403	0.00431	0.48910
28	0.01427	0.01206	0.01524	0.01276	0.01413	0.01538	0.01055	0.21172	0.01363	0.02014	0.01038	0.01362	0.00881	0.00843	0.01280	0.00206	0.47347	0.00493	0.11880	0.00684
29	0.00784	0.00566	0.00740	0.00697	0.00827	0.00523	0.00523	0.01045	0.01568	0.02221	0.76789	0.04137	0.05226	0.01132	0.00653	0.00174	0.00261	0.01002	0.00610	0.00523
30	0.08933	0.00931	0.01216	0.00948	0.01353	0.00831	0.00780	0.02519	0.01533	0.67157	0.06356	0.01936	0.01531	0.00697	0.00545	0.00172	0.00456	0.00562	0.00654	0.00891
31	0.00719	0.00562	0.00652	0.00634	0.00789	0.00494	0.00474	0.00918	0.01408	0.01853	0.40796	0.06687	0.39476	0.01277	0.00655	0.00182	0.00272	0.01097	0.00562	0.00494
32	0.00798	0.00566	0.00750	0.00750	0.00801	0.00616	0.00518	0.00899	0.00849	0.01182	0.01611	0.02883	0.01692	0.41462	0.41453	0.00718	0.01021	0.00697	0.00316	0.00417
33	0.01371	0.01429	0.01259	0.01201	0.03397	0.28037	0.00903	0.06887	0.01262	0.01488	0.01205	0.01634	0.01072	0.02394	0.39680	0.00525	0.04857	0.00496	0.00308	0.00595
34	0.01315	0.01294	0.01284	0.09378	0.06207	0.17233	0.01003	0.01956	0.24407	0.01778	0.03616	0.06781	0.03597	0.00923	0.00604	0.00193	0.00603	0.16709	0.00440	0.00680
35	0.02485	0.00943	0.01285	0.00985	0.01414	0.00814	0.00814	0.02699	0.01585	0.77465	0.02185	0.01885	0.01371	0.00685	0.00557	0.00171	0.00471	0.00557	0.00685	0.00943
36	0.02105	0.01551	0.01662	0.01274	0.01717	0.01717	0.01053	0.75235	0.02604	0.03490	0.01330	0.01330	0.00942	0.00665	0.00554	0.00166	0.00609	0.00499	0.00554	0.00942
37	0.00822	0.00561	0.00683	0.00724	0.00760	0.00559	0.00494	0.00895	0.00945	0.01248	0.02131	0.08246	0.02413	0.55288	0.02159	0.00445	0.00519	0.20327	0.00392	0.00388
38	0.00930	0.00727	0.00844	0.00862	0.00987	0.00772	0.00609	0.01507	0.25812	0.01706	0.06381	0.39895	0.02863	0.12300	0.00950	0.00253	0.00387	0.01126	0.00511	0.00579
39	0.01111	0.02865	0.77667	0.01579	0.02397	0.01286	0.02046	0.01754	0.01169	0.01754	0.00994	0.01169	0.00702	0.00526	0.00526	0.00175	0.00818	0.00409	0.00234	0.00818
40	0.01432	0.01578	0.01664	0.01447	0.01520	0.21373	0.01175	0.01559	0.01033	0.01339	0.00760	0.01157	0.00724	0.00867	0.01479	0.00217	0.59357	0.00452	0.00253	0.00615
41	0.02105	0.01551	0.01662	0.01274	0.01717	0.01717	0.01053	0.75235	0.02604	0.03490	0.01330	0.01330	0.00942	0.00665	0.00554	0.00166	0.00609	0.00499	0.00554	0.00942
42	0.01032	0.00516	0.00516	0.00516	0.00645	0.00516	0.00387	0.01290	0.01161	0.02065	0.01807	0.02065	0.01420	0.00645	0.00387	0.00129	0.00258	0.00516	0.83611	0.00516
43	0.01080	0.00859	0.01271	0.29750	0.06428	0.00964	0.01051	0.05033	0.05000	0.05530	0.06831	0.23804	0.02023	0.01083	0.03037	0.00217	0.02722	0.02292	0.00408	0.00618
44	0.01148	0.00984	0.01148	0.00820	0.01312	0.00738	0.00656	0.01395	0.01148	0.01805	0.00984	0.01148	0.00820	0.00410	0.00410	0.00082	0.00410	0.00328	0.00328	0.83922
45	0.02069	0.02640	0.01569	0.01427	0.01712	0.78313	0.01070	0.02212	0.01569	0.01355	0.00856	0.00999	0.00713	0.00571	0.00499	0.00143	0.00999	0.00357	0.00285	0.00642
