[name]
unknown

[dist]
# distance from previous block
# <min> <max>
6	259

[block]
# block no. 0 follows, 48 sequences, length 14
# corresponding to MSA columns:
# 262-275
name=unknown_A
#
# <colnr> <probs for GDERKNQSTAVLIFYWHMCP>
#	G	D	E	R	K	N	Q	S	T	A	V	L	I	F	Y	W	H	M	C	P
0	0.01188	0.43050	0.18080	0.23469	0.02126	0.01608	0.01241	0.01491	0.01046	0.01322	0.00812	0.01030	0.00664	0.00470	0.00413	0.00138	0.00630	0.00347	0.00221	0.00654
1	0.01951	0.01437	0.01540	0.01181	0.01591	0.01591	0.00975	0.77056	0.02412	0.03234	0.01232	0.01232	0.00873	0.00616	0.00513	0.00154	0.00565	0.00462	0.00513	0.00873
2	0.01301	0.01466	0.01873	0.36004	0.02684	0.23362	0.19379	0.01595	0.01180	0.01372	0.00898	0.01236	0.00700	0.00515	0.00573	0.00163	0.04391	0.00456	0.00246	0.00606
3	0.01844	0.01235	0.01576	0.01662	0.23450	0.04218	0.01076	0.28331	0.03718	0.25527	0.01400	0.01404	0.00985	0.00575	0.00511	0.00155	0.00549	0.00475	0.00467	0.00844
4	0.25535	0.01654	0.01172	0.01060	0.01346	0.35381	0.00817	0.02086	0.22784	0.01804	0.01135	0.01178	0.00886	0.00561	0.00438	0.00152	0.00629	0.00386	0.00352	0.00645
5	0.01572	0.01179	0.01253	0.00995	0.01338	0.01265	0.00811	0.55580	0.02063	0.02714	0.02348	0.02275	0.22733	0.00808	0.00540	0.00159	0.00479	0.00637	0.00503	0.00749
6	0.01192	0.00888	0.01012	0.00863	0.01152	0.00896	0.00675	0.03721	0.32719	0.09556	0.20297	0.02320	0.05603	0.00742	0.00519	0.00151	0.00362	0.00626	0.00501	0.16203
7	0.01184	0.38628	0.44691	0.01198	0.01812	0.01571	0.01436	0.01585	0.01065	0.01436	0.00827	0.00966	0.00654	0.00466	0.00416	0.00139	0.00664	0.00332	0.00218	0.00713
8	0.01372	0.82276	0.02689	0.00878	0.01317	0.02030	0.00878	0.01536	0.01043	0.01207	0.00713	0.00823	0.00658	0.00439	0.00329	0.00110	0.00549	0.00274	0.00219	0.00658
9	0.00985	0.00778	0.00807	0.00706	0.00946	0.00759	0.00555	0.22213	0.01519	0.01906	0.04082	0.03895	0.56698	0.01107	0.00580	0.00168	0.00346	0.00908	0.00487	0.00557
10	0.01211	0.01384	0.03028	0.02163	0.02682	0.01298	0.76903	0.01644	0.01211	0.01644	0.01038	0.01384	0.00779	0.00433	0.00606	0.00173	0.00865	0.00606	0.00260	0.00692
11	0.00612	0.00499	0.00541	0.00575	0.00707	0.00429	0.00414	0.00730	0.01117	0.01365	0.04531	0.26520	0.57407	0.01386	0.00620	0.00183	0.00271	0.01189	0.00476	0.00429
12	0.01913	0.01098	0.01281	0.01026	0.01397	0.01139	0.00833	0.23769	0.23228	0.35877	0.01817	0.01647	0.01240	0.00647	0.00517	0.00162	0.00464	0.00519	0.00569	0.00856
13	0.00808	0.00631	0.00754	0.00807	0.00910	0.00659	0.00571	0.01281	0.22610	0.01545	0.02620	0.59200	0.02879	0.01351	0.00618	0.00199	0.00328	0.01211	0.00489	0.00528

[dist]
# distance from previous block
# <min> <max>
0	1

[block]
# block no. 1 follows, 48 sequences, length 85
# corresponding to MSA columns:
# 282-360,363-368
name=unknown_B
#
# <colnr> <probs for GDERKNQSTAVLIFYWHMCP>
#	G	D	E	R	K	N	Q	S	T	A	V	L	I	F	Y	W	H	M	C	P
0	0.02302	0.00873	0.01191	0.00913	0.01310	0.00754	0.00754	0.02501	0.01469	0.79122	0.02024	0.01746	0.01270	0.00635	0.00516	0.00159	0.00437	0.00516	0.00635	0.00873
1	0.01064	0.00912	0.01064	0.00760	0.01216	0.00684	0.00608	0.01292	0.01064	0.01672	0.00912	0.01064	0.00760	0.00380	0.00380	0.00076	0.00380	0.00304	0.00304	0.85104
2	0.00947	0.00864	0.01235	0.01111	0.01153	0.01152	0.00906	0.01091	0.00803	0.01215	0.00990	0.01526	0.00948	0.02229	0.36984	0.00495	0.45094	0.00494	0.00247	0.00515
3	0.00622	0.00520	0.00541	0.00536	0.00702	0.00440	0.00402	0.00766	0.01205	0.01471	0.14485	0.04798	0.69218	0.01268	0.00606	0.00172	0.00258	0.01063	0.00488	0.00440
4	0.01211	0.01384	0.03028	0.02163	0.02682	0.01298	0.76903	0.01644	0.01211	0.01644	0.01038	0.01384	0.00779	0.00433	0.00606	0.00173	0.00865	0.00606	0.00260	0.00692
5	0.01709	0.01158	0.01286	0.01059	0.01410	0.01262	0.00851	0.25990	0.37716	0.19085	0.01806	0.01664	0.01285	0.00658	0.00518	0.00164	0.00462	0.00529	0.00544	0.00844
6	0.00736	0.00539	0.00773	0.00773	0.00846	0.00613	0.00577	0.00883	0.00809	0.01153	0.01422	0.02279	0.01397	0.19174	0.64765	0.00760	0.01202	0.00588	0.00282	0.00429
7	0.00625	0.00447	0.00595	0.00714	0.00744	0.00417	0.00476	0.00714	0.00982	0.01310	0.02828	0.81633	0.03394	0.01608	0.00655	0.00208	0.00298	0.01459	0.00476	0.00417
8	0.01806	0.01365	0.01458	0.01151	0.01536	0.01523	0.00940	0.61075	0.18630	0.03000	0.01416	0.01379	0.01022	0.00633	0.00515	0.00158	0.00531	0.00487	0.00515	0.00860
9	0.01211	0.01384	0.03028	0.02163	0.02682	0.01298	0.76903	0.01644	0.01211	0.01644	0.01038	0.01384	0.00779	0.00433	0.00606	0.00173	0.00865	0.00606	0.00260	0.00692
10	0.01276	0.01102	0.01160	0.01044	0.01334	0.01276	0.00812	0.02727	0.77840	0.02146	0.02088	0.01914	0.01566	0.00696	0.00522	0.00174	0.00406	0.00580	0.00522	0.00812
11	0.69183	0.01080	0.00908	0.00774	0.01110	0.01237	0.00638	0.16330	0.01175	0.02485	0.00816	0.00912	0.00618	0.00504	0.00356	0.00158	0.00430	0.00314	0.00356	0.00618
12	0.00960	0.00900	0.01515	0.78660	0.03462	0.01121	0.01400	0.01296	0.01025	0.01311	0.00962	0.03449	0.00754	0.00541	0.00517	0.00172	0.00674	0.00482	0.00234	0.00566
13	0.00969	0.00912	0.01539	0.80734	0.03534	0.01140	0.01425	0.01311	0.01026	0.01311	0.00912	0.01368	0.00684	0.00513	0.00513	0.00171	0.00684	0.00456	0.00228	0.00570
14	0.01045	0.01005	0.01412	0.01229	0.01259	0.01366	0.01015	0.01174	0.00801	0.01238	0.00817	0.01296	0.00795	0.01463	0.17002	0.00338	0.63311	0.00465	0.00236	0.02733
15	0.01908	0.01416	0.01516	0.01172	0.01575	0.01571	0.00965	0.72337	0.07201	0.03165	0.01286	0.01275	0.00917	0.00621	0.00514	0.00155	0.00555	0.00469	0.00514	0.00869
16	0.00956	0.00478	0.00478	0.00478	0.00598	0.00478	0.00359	0.01196	0.01076	0.01913	0.01674	0.01913	0.01315	0.00598	0.00359	0.00120	0.00239	0.00478	0.84816	0.00478
17	0.00942	0.00480	0.00484	0.00484	0.00595	0.00480	0.00355	0.01164	0.01053	0.01849	0.01670	0.02013	0.01353	0.06252	0.00515	0.00146	0.00257	0.00497	0.78944	0.00467
18	0.07721	0.01514	0.01474	0.04135	0.01622	0.11467	0.00965	0.59474	0.02132	0.02847	0.01128	0.01170	0.00817	0.00591	0.00493	0.00152	0.00603	0.00432	0.00457	0.00804
19	0.00726	0.00524	0.00686	0.00646	0.00767	0.00484	0.00484	0.00968	0.01452	0.02058	0.78496	0.03833	0.04841	0.01049	0.00605	0.00161	0.00242	0.00928	0.00565	0.00484
20	0.00827	0.00591	0.00827	0.00945	0.01063	0.00591	0.00827	0.01063	0.01181	0.01536	0.02717	0.05788	0.02953	0.01417	0.00709	0.00236	0.00472	0.75313	0.00472	0.00472
21	0.00633	0.00450	0.00593	0.00705	0.00733	0.00422	0.00466	0.00716	0.00967	0.01290	0.02751	0.76684	0.03297	0.06688	0.00779	0.00227	0.00310	0.01414	0.00466	0.00410
22	0.01064	0.00912	0.01064	0.00760	0.01216	0.00684	0.00608	0.01292	0.01064	0.01672	0.00912	0.01064	0.00760	0.00380	0.00380	0.00076	0.00380	0.00304	0.00304	0.85104
23	0.00706	0.00509	0.00668	0.00659	0.00762	0.00471	0.00483	0.00918	0.01360	0.01911	0.63651	0.19096	0.04557	0.01159	0.00615	0.00171	0.00253	0.01032	0.00547	0.00471
24	0.02302	0.00873	0.01191	0.00913	0.01310	0.00754	0.00754	0.02501	0.01469	0.79122	0.02024	0.01746	0.01270	0.00635	0.00516	0.00159	0.00437	0.00516	0.00635	0.00873
25	0.00746	0.00497	0.00560	0.00560	0.00560	0.00497	0.00311	0.00746	0.00746	0.00995	0.01617	0.03358	0.01865	0.81967	0.02612	0.00497	0.00497	0.00746	0.00311	0.00311
26	0.01029	0.02654	0.79309	0.01462	0.02221	0.01192	0.01896	0.01625	0.01083	0.01625	0.00921	0.01083	0.00650	0.00487	0.00487	0.00162	0.00758	0.00379	0.00217	0.00758
27	0.00969	0.00912	0.01539	0.80734	0.03534	0.01140	0.01425	0.01311	0.01026	0.01311	0.00912	0.01368	0.00684	0.00513	0.00513	0.00171	0.00684	0.00456	0.00228	0.00570
28	0.02302	0.00873	0.01191	0.00913	0.01310	0.00754	0.00754	0.02501	0.01469	0.79122	0.02024	0.01746	0.01270	0.00635	0.00516	0.00159	0.00437	0.00516	0.00635	0.00873
29	0.02275	0.00916	0.01217	0.00933	0.01331	0.00818	0.00771	0.08174	0.01540	0.73347	0.01964	0.01707	0.01240	0.00634	0.00516	0.00158	0.00446	0.00512	0.00626	0.00873
30	0.12959	0.01063	0.01202	0.00920	0.01326	0.01033	0.00755	0.23795	0.01561	0.27040	0.01336	0.01301	0.00929	0.00543	0.00454	0.00136	0.00454	0.00415	0.00473	0.22305
31	0.03067	0.01470	0.01727	0.20744	0.33947	0.21168	0.01325	0.07532	0.01299	0.01618	0.00925	0.01194	0.00744	0.00501	0.00494	0.00152	0.00699	0.00422	0.00272	0.00700
32	0.01951	0.01437	0.01540	0.01181	0.01591	0.01591	0.00975	0.77056	0.02412	0.03234	0.01232	0.01232	0.00873	0.00616	0.00513	0.00154	0.00565	0.00462	0.00513	0.00873
33	0.00863	0.00456	0.00647	0.00647	0.00647	0.00456	0.00419	0.00684	0.00684	0.00912	0.01034	0.01912	0.01082	0.17514	0.02124	0.68479	0.00456	0.00505	0.00240	0.00240
34	0.00669	0.00476	0.00599	0.00675	0.00724	0.00448	0.00458	0.00767	0.00999	0.01332	0.07569	0.50489	0.09500	0.15776	0.00992	0.00254	0.00335	0.05465	0.02065	0.00408
35	0.01479	0.66615	0.02447	0.00965	0.01370	0.17309	0.00900	0.01637	0.01123	0.01217	0.00729	0.00843	0.00659	0.00457	0.00355	0.00114	0.00623	0.00285	0.00228	0.00646
36	0.01064	0.00912	0.01064	0.00760	0.01216	0.00684	0.00608	0.01292	0.01064	0.01672	0.00912	0.01064	0.00760	0.00380	0.00380	0.00076	0.00380	0.00304	0.00304	0.85104
37	0.01155	0.01102	0.01875	0.32759	0.50055	0.01189	0.01518	0.01474	0.01114	0.01537	0.00945	0.01307	0.00764	0.00478	0.00510	0.00159	0.00638	0.00457	0.00244	0.00720
38	0.00746	0.00497	0.00560	0.00560	0.00560	0.00497	0.00311	0.00746	0.00746	0.00995	0.01617	0.03358	0.01865	0.81967	0.02612	0.00497	0.00497	0.00746	0.00311	0.00311
39	0.01372	0.82276	0.02689	0.00878	0.01317	0.02030	0.00878	0.01536	0.01043	0.01207	0.00713	0.00823	0.00658	0.00439	0.00329	0.00110	0.00549	0.00274	0.00219	0.00658
40	0.01951	0.01437	0.01540	0.01181	0.01591	0.01591	0.00975	0.77056	0.02412	0.03234	0.01232	0.01232	0.00873	0.00616	0.00513	0.00154	0.00565	0.00462	0.00513	0.00873
41	0.01228	0.01000	0.01463	0.01052	0.01514	0.00812	0.15592	0.01493	0.01137	0.10139	0.01058	0.01201	0.00819	0.00418	0.00439	0.00104	0.00481	0.00386	0.00331	0.59329
42	0.00726	0.00524	0.00686	0.00646	0.00767	0.00484	0.00484	0.00968	0.01452	0.02058	0.78496	0.03833	0.04841	0.01049	0.00605	0.00161	0.00242	0.00928	0.00565	0.00484
43	0.00625	0.00447	0.00595	0.00714	0.00744	0.00417	0.00476	0.00714	0.00982	0.01310	0.02828	0.81633	0.03394	0.01608	0.00655	0.00208	0.00298	0.01459	0.00476	0.00417
44	0.01029	0.02654	0.79309	0.01462	0.02221	0.01192	0.01896	0.01625	0.01083	0.01625	0.00921	0.01083	0.00650	0.00487	0.00487	0.00162	0.00758	0.00379	0.00217	0.00758
45	0.41893	0.01851	0.41348	0.01082	0.01627	0.01172	0.01248	0.01569	0.00982	0.01952	0.00821	0.00963	0.00604	0.00482	0.00405	0.00161	0.00584	0.00330	0.00265	0.00660
46	0.01211	0.01384	0.03028	0.02163	0.02682	0.01298	0.76903	0.01644	0.01211	0.01644	0.01038	0.01384	0.00779	0.00433	0.00606	0.00173	0.00865	0.00606	0.00260	0.00692
47	0.00737	0.00534	0.00744	0.00744	0.00808	0.00598	0.00541	0.00864	0.00801	0.01131	0.01448	0.02424	0.01460	0.27625	0.56400	0.00725	0.01107	0.00610	0.00286	0.00413
48	0.01216	0.01371	0.02954	0.02240	0.08629	0.01291	0.71015	0.01638	0.01208	0.01646	0.01032	0.01375	0.00781	0.00434	0.00598	0.00171	0.00845	0.00594	0.00259	0.00701
49	0.01699	0.00864	0.01051	0.00870	0.01195	0.00829	0.00698	0.02214	0.21539	0.43583	0.02664	0.02417	0.16511	0.00782	0.00535	0.00166	0.00394	0.00644	0.00574	0.00771
50	0.01951	0.01437	0.01540	0.01181	0.01591	0.01591	0.00975	0.77056	0.02412	0.03234	0.01232	0.01232	0.00873	0.00616	0.00513	0.00154	0.00565	0.00462	0.00513	0.00873
51	0.00703	0.00524	0.00653	0.00621	0.00752	0.00474	0.00466	0.00923	0.01397	0.01926	0.64116	0.04050	0.19304	0.01098	0.00605	0.00164	0.00246	0.00958	0.00548	0.00474
52	0.00737	0.00496	0.00571	0.00580	0.00585	0.00497	0.00334	0.00750	0.00765	0.01024	0.01692	0.08749	0.01951	0.73629	0.05203	0.00489	0.00514	0.00789	0.00321	0.00323
53	0.01115	0.00942	0.01091	0.00784	0.01237	0.00736	0.00629	0.05627	0.01141	0.01761	0.00930	0.01074	0.00766	0.00393	0.00388	0.00080	0.00391	0.00313	0.00316	0.80284
54	0.01163	0.01241	0.02228	0.01715	0.01949	0.01448	0.35309	0.01419	0.00978	0.01419	0.00838	0.01241	0.00721	0.00688	0.01197	0.00201	0.44865	0.00520	0.00240	0.00620
55	0.00650	0.00504	0.00591	0.00606	0.00729	0.00446	0.00441	0.00806	0.01217	0.01586	0.28371	0.22689	0.36943	0.01291	0.00617	0.00178	0.00263	0.01121	0.00505	0.00446
56	0.00969	0.00912	0.01539	0.80734	0.03534	0.01140	0.01425	0.01311	0.01026	0.01311	0.00912	0.01368	0.00684	0.00513	0.00513	0.00171	0.00684	0.00456	0.00228	0.00570
57	0.00736	0.00526	0.00722	0.00841	0.00919	0.00512	0.00669	0.00906	0.01092	0.01434	0.02767	0.40003	0.03152	0.01503	0.00684	0.00224	0.00394	0.41996	0.00474	0.00447
58	0.01046	0.00990	0.01678	0.60955	0.22714	0.01160	0.01463	0.01378	0.01062	0.01404	0.00926	0.01343	0.00717	0.00499	0.00512	0.00166	0.00665	0.00456	0.00235	0.00632
59	0.00739	0.00526	0.00705	0.00705	0.00755	0.00576	0.00492	0.00840	0.00789	0.01103	0.01484	0.02621	0.01546	0.39090	0.45052	0.00677	0.00979	0.00638	0.00291	0.00392
60	0.00969	0.00912	0.01539	0.80734	0.03534	0.01140	0.01425	0.01311	0.01026	0.01311	0.00912	0.01368	0.00684	0.00513	0.00513	0.00171	0.00684	0.00456	0.00228	0.00570
61	0.00746	0.00497	0.00560	0.00560	0.00560	0.00497	0.00311	0.00746	0.00746	0.00995	0.01617	0.03358	0.01865	0.81967	0.02612	0.00497	0.00497	0.00746	0.00311	0.00311
62	0.01906	0.01000	0.01207	0.00981	0.01341	0.01007	0.00792	0.08409	0.28965	0.45551	0.01985	0.01767	0.01345	0.00656	0.00518	0.00164	0.00436	0.00535	0.00585	0.00851
63	0.00625	0.00447	0.00595	0.00714	0.00744	0.00417	0.00476	0.00714	0.00982	0.01310	0.02828	0.81633	0.03394	0.01608	0.00655	0.00208	0.00298	0.01459	0.00476	0.00417
64	0.01268	0.00919	0.01036	0.00899	0.01100	0.00990	0.00679	0.35312	0.01561	0.02095	0.01681	0.17690	0.01690	0.21817	0.07288	0.00306	0.00557	0.02077	0.00435	0.00600
65	0.00733	0.00550	0.00825	0.00825	0.00916	0.00641	0.00641	0.00916	0.00825	0.01191	0.01374	0.02016	0.01283	0.03848	0.79934	0.00825	0.01374	0.00550	0.00275	0.00458
66	0.00606	0.00520	0.00520	0.00520	0.00693	0.00433	0.00390	0.00736	0.01170	0.01386	0.05198	0.04938	0.78558	0.01299	0.00606	0.00173	0.00260	0.01083	0.00476	0.00433
67	0.00623	0.00456	0.00586	0.00690	0.00738	0.00419	0.00465	0.00717	0.01006	0.01320	0.03128	0.71915	0.12917	0.01568	0.00649	0.00204	0.00293	0.01411	0.00476	0.00419
68	0.00689	0.00458	0.00567	0.00653	0.00712	0.00430	0.00447	0.00811	0.01015	0.01434	0.02782	0.60157	0.08706	0.01386	0.00593	0.00188	0.00283	0.01238	0.17023	0.00430
69	0.00931	0.00500	0.00547	0.00570	0.00689	0.00500	0.00451	0.01170	0.01097	0.01839	0.01878	0.02673	0.01636	0.00759	0.00427	0.00142	0.00285	0.15160	0.68269	0.00477
70	0.01818	0.01372	0.01465	0.01154	0.01541	0.01529	0.00943	0.62473	0.17210	0.03020	0.01400	0.01366	0.01009	0.00632	0.00515	0.00158	0.00534	0.00485	0.00515	0.00861
71	0.00630	0.00474	0.00584	0.00654	0.00732	0.00428	0.00453	0.00745	0.01080	0.01404	0.10925	0.52935	0.24158	0.01468	0.00637	0.00194	0.00282	0.01303	0.00485	0.00428
72	0.01045	0.00665	0.00822	0.00750	0.00945	0.00629	0.00598	0.08214	0.01449	0.12434	0.35590	0.03807	0.18177	0.01055	0.00600	0.00173	0.00335	0.11612	0.00539	0.00561
73	0.00891	0.00446	0.00668	0.00668	0.00668	0.00446	0.00446	0.00668	0.00668	0.00891	0.00891	0.01560	0.00891	0.01783	0.02005	0.85071	0.00446	0.00446	0.00223	0.00223
74	0.00759	0.00468	0.00550	0.00603	0.00655	0.00455	0.00401	0.00876	0.00958	0.01431	0.02181	0.38206	0.02378	0.19630	0.01007	0.00246	0.00325	0.00982	0.27476	0.00412
75	0.00692	0.00479	0.00620	0.00701	0.00732	0.00463	0.00463	0.00766	0.00941	0.02741	0.02530	0.63050	0.02996	0.17339	0.01058	0.00264	0.02036	0.01280	0.00442	0.00408
76	0.00733	0.00550	0.00825	0.00825	0.00916	0.00641	0.00641	0.00916	0.00825	0.01191	0.01374	0.02016	0.01283	0.03848	0.79934	0.00825	0.01374	0.00550	0.00275	0.00458
77	0.00746	0.00497	0.00560	0.00560	0.00560	0.00497	0.00311	0.00746	0.00746	0.00995	0.01617	0.03358	0.01865	0.81967	0.02612	0.00497	0.00497	0.00746	0.00311	0.00311
78	0.00785	0.00600	0.00735	0.00757	0.00867	0.00607	0.00545	0.01191	0.16211	0.01714	0.26940	0.41052	0.03499	0.01250	0.00613	0.00187	0.00301	0.01116	0.00514	0.00516
79	0.00668	0.00507	0.00581	0.00586	0.00693	0.00457	0.00410	0.00797	0.01137	0.01478	0.23716	0.14038	0.34233	0.17232	0.01009	0.00239	0.00307	0.01023	0.00467	0.00420
80	0.01293	0.66314	0.02463	0.16545	0.01752	0.01856	0.00985	0.01492	0.01039	0.01228	0.00752	0.00930	0.00663	0.00454	0.00365	0.00122	0.00575	0.00310	0.00221	0.00641
81	0.79805	0.00984	0.00784	0.00691	0.01014	0.01123	0.00569	0.01577	0.00915	0.07640	0.00805	0.00897	0.00605	0.00487	0.00331	0.00159	0.00400	0.00294	0.00340	0.00578
82	0.69049	0.01037	0.01015	0.01160	0.16250	0.01164	0.00756	0.01521	0.00931	0.02179	0.00764	0.00919	0.00606	0.00473	0.00355	0.00158	0.00439	0.00313	0.00305	0.00606
83	0.01568	0.07074	0.11352	0.01088	0.01556	0.01340	0.00992	0.42936	0.01805	0.02491	0.01075	0.01142	0.00801	0.00527	0.00463	0.00132	0.00541	0.00398	0.00402	0.22317
84	0.01015	0.01793	0.42557	0.01190	0.01681	0.01053	0.01317	0.01733	0.20671	0.01756	0.08224	0.11741	0.01597	0.00732	0.00528	0.00171	0.00565	0.00615	0.00358	0.00705

[dist]
# distance from previous block
# <min> <max>
1	3

[block]
# block no. 2 follows, 48 sequences, length 103
# corresponding to MSA columns:
# 373-425,427-476
name=unknown_C
#
# <colnr> <probs for GDERKNQSTAVLIFYWHMCP>
#	G	D	E	R	K	N	Q	S	T	A	V	L	I	F	Y	W	H	M	C	P
0	0.01072	0.00961	0.01325	0.40737	0.02384	0.01154	0.01102	0.01824	0.30542	0.01690	0.07725	0.01771	0.01364	0.00641	0.00566	0.00173	0.03403	0.00542	0.00368	0.00656
1	0.01023	0.00840	0.00988	0.00778	0.01132	0.00685	0.00603	0.06389	0.01138	0.01696	0.01379	0.19778	0.01379	0.00681	0.00453	0.00112	0.00374	0.00583	0.00358	0.59631
2	0.00616	0.00483	0.00558	0.00617	0.00719	0.00425	0.00433	0.00725	0.01076	0.01348	0.04009	0.43410	0.40854	0.01454	0.00631	0.00191	0.00279	0.01271	0.00476	0.00425
3	0.01699	0.01474	0.01422	0.01175	0.01501	0.13338	0.00942	0.39565	0.23429	0.02491	0.01369	0.01371	0.01023	0.00645	0.00588	0.00161	0.06083	0.00475	0.00458	0.00792
4	0.04325	0.00956	0.01045	0.00875	0.01132	0.01028	0.00694	0.31581	0.09301	0.02498	0.24783	0.02221	0.02219	0.02819	0.00567	0.00162	0.00399	0.00618	0.12109	0.00669
5	0.01859	0.01274	0.01401	0.01108	0.01490	0.01388	0.00904	0.48816	0.18826	0.15125	0.01547	0.01464	0.01088	0.00637	0.00516	0.00159	0.00509	0.00497	0.00535	0.00859
6	0.00680	0.00493	0.00556	0.00582	0.00638	0.00462	0.00369	0.00736	0.00917	0.01174	0.02893	0.20993	0.23831	0.41570	0.01616	0.00343	0.00387	0.00998	0.00394	0.00369
7	0.43908	0.01214	0.01146	0.00927	0.01291	0.01370	0.00765	0.39159	0.01640	0.02766	0.00972	0.01032	0.00714	0.00546	0.00415	0.00156	0.00480	0.00370	0.00415	0.00714
8	0.00721	0.00510	0.00680	0.00777	0.00839	0.00495	0.00585	0.00859	0.01042	0.01379	0.05499	0.39593	0.03074	0.12565	0.00942	0.00257	0.00388	0.28915	0.00456	0.00426
9	0.00639	0.00483	0.00595	0.00679	0.00760	0.00439	0.00485	0.00756	0.01058	0.01355	0.03532	0.51009	0.26011	0.01496	0.00646	0.00201	0.00304	0.08651	0.00476	0.00427
10	0.01295	0.00957	0.01038	0.00870	0.01105	0.01018	0.00666	0.36101	0.04425	0.02214	0.07303	0.05382	0.13245	0.20833	0.01056	0.00245	0.00465	0.00698	0.00460	0.00623
11	0.00642	0.00470	0.00603	0.00679	0.00742	0.00431	0.00468	0.00765	0.01092	0.01459	0.17287	0.58024	0.12513	0.01467	0.00640	0.00195	0.00283	0.01315	0.00493	0.00431
12	0.00797	0.00599	0.00690	0.00673	0.00784	0.00598	0.00480	0.01100	0.11636	0.01538	0.22121	0.03753	0.15874	0.29529	0.01308	0.00289	0.00376	0.06950	0.00447	0.00459
13	0.04613	0.01057	0.01172	0.00976	0.01308	0.01128	0.00782	0.18750	0.32012	0.21282	0.02148	0.01988	0.09041	0.00716	0.00520	0.00165	0.00433	0.00578	0.00536	0.00793
14	0.00628	0.00499	0.00567	0.00617	0.00736	0.00438	0.00450	0.00751	0.01105	0.01370	0.04196	0.31921	0.46994	0.01416	0.00630	0.00190	0.00288	0.06297	0.00476	0.00430
15	0.01272	0.00684	0.00897	0.00852	0.01058	0.00646	0.00696	0.01534	0.05556	0.25625	0.08025	0.07734	0.07612	0.06670	0.00753	0.00216	0.00419	0.28629	0.00522	0.00600
16	0.25792	0.00907	0.01068	0.00846	0.01220	0.00866	0.00698	0.02221	0.01301	0.57457	0.01655	0.01489	0.01069	0.00590	0.00460	0.00159	0.00425	0.00449	0.00546	0.00784
17	0.00690	0.00504	0.00660	0.00743	0.00826	0.00474	0.00560	0.00845	0.01122	0.01482	0.13489	0.41558	0.12535	0.01443	0.00657	0.00205	0.00332	0.20945	0.00487	0.00443
18	0.00933	0.00506	0.00628	0.00617	0.00698	0.00523	0.00448	0.03306	0.00934	0.01482	0.01334	0.01777	0.01143	0.01477	0.11905	0.31151	0.00480	0.00476	0.39788	0.00395
19	0.00712	0.00505	0.00593	0.00591	0.00652	0.00479	0.00384	0.00807	0.01027	0.01381	0.24529	0.09479	0.13388	0.41452	0.01609	0.00334	0.00376	0.00898	0.00420	0.00386
20	0.01276	0.01102	0.01160	0.01044	0.01334	0.01276	0.00812	0.02727	0.77840	0.02146	0.02088	0.01914	0.01566	0.00696	0.00522	0.00174	0.00406	0.00580	0.00522	0.00812
21	0.08444	0.00940	0.01272	0.13695	0.01490	0.01230	0.00942	0.01164	0.00823	0.01288	0.00922	0.01627	0.00927	0.18603	0.01582	0.00270	0.43521	0.00500	0.00252	0.00507
22	0.01084	0.00775	0.00915	0.00857	0.01002	0.00862	0.00629	0.01701	0.39380	0.01521	0.01492	0.01738	0.01230	0.01238	0.01261	0.42484	0.00426	0.00513	0.00373	0.00518
23	0.01455	0.58361	0.04703	0.01124	0.06741	0.09674	0.00975	0.07813	0.02459	0.01439	0.00810	0.00923	0.00702	0.00469	0.00378	0.00121	0.00596	0.00316	0.00255	0.00686
24	0.00680	0.00496	0.00609	0.00677	0.00744	0.00466	0.00478	0.00782	0.01001	0.01293	0.03032	0.36489	0.18473	0.19161	0.01083	0.00269	0.00362	0.13060	0.00439	0.00406
25	0.00733	0.00550	0.00825	0.00825	0.00916	0.00641	0.00641	0.00916	0.00825	0.01191	0.01374	0.02016	0.01283	0.03848	0.79934	0.00825	0.01374	0.00550	0.00275	0.00458
26	0.01018	0.00962	0.01628	0.68064	0.15820	0.01153	0.01449	0.01354	0.01049	0.01371	0.00921	0.01352	0.00705	0.00504	0.00512	0.00168	0.00672	0.00456	0.00232	0.00610
27	0.01717	0.02455	0.17272	0.01427	0.13210	0.00948	0.05018	0.02027	0.01306	0.41293	0.01619	0.01787	0.01158	0.00619	0.00524	0.00164	0.00554	0.05645	0.00456	0.00801
28	0.01053	0.01032	0.01318	0.01174	0.01223	0.06999	0.00955	0.01190	0.00847	0.01222	0.00912	0.01401	0.00872	0.01838	0.27252	0.00415	0.49049	0.00473	0.00244	0.00530
29	0.01044	0.00921	0.01280	0.30813	0.02098	0.01112	0.01083	0.01646	0.22694	0.01586	0.01610	0.02462	0.01430	0.00811	0.00705	0.00193	0.10603	0.16929	0.00364	0.00616
30	0.01260	0.01295	0.01125	0.05515	0.01367	0.21648	0.00806	0.01924	0.30999	0.01695	0.08742	0.02273	0.14594	0.00782	0.00571	0.00164	0.03560	0.00618	0.00423	0.00640
31	0.00966	0.00590	0.00759	0.00766	0.00894	0.00559	0.00558	0.01191	0.06416	0.13114	0.11263	0.42725	0.02918	0.06632	0.00746	0.00211	0.00347	0.06175	0.00498	0.02674
32	0.00952	0.00782	0.00833	0.00787	0.00967	0.00840	0.00576	0.01667	0.36908	0.01650	0.02792	0.08525	0.20480	0.18754	0.01011	0.00247	0.00383	0.00800	0.00461	0.00582
33	0.01951	0.01437	0.01540	0.01181	0.01591	0.01591	0.00975	0.77056	0.02412	0.03234	0.01232	0.01232	0.00873	0.00616	0.00513	0.00154	0.00565	0.00462	0.00513	0.00873
34	0.17800	0.01073	0.01219	0.00952	0.01339	0.01092	0.00786	0.25742	0.01654	0.40880	0.01530	0.01414	0.01011	0.00599	0.00478	0.00157	0.00469	0.00454	0.00537	0.00814
35	0.00824	0.00552	0.00664	0.00681	0.00791	0.00535	0.00497	0.01069	0.06465	0.04361	0.17155	0.24743	0.10724	0.09673	0.00795	0.00212	0.00323	0.07074	0.12387	0.00477
36	0.01067	0.00805	0.00894	0.00836	0.01035	0.00912	0.00647	0.01897	0.39277	0.01871	0.01815	0.01936	0.01433	0.01361	0.17915	0.00302	0.00572	0.00545	0.24241	0.00640
37	0.02273	0.00920	0.01219	0.00935	0.01333	0.00823	0.00772	0.08622	0.01546	0.72891	0.01959	0.01704	0.01238	0.00634	0.00516	0.00158	0.00447	0.00512	0.00625	0.00873
38	0.02469	0.00535	0.00660	0.00682	0.00808	0.00485	0.00496	0.00967	0.01146	0.09666	0.13065	0.39595	0.22679	0.01326	0.00616	0.00188	0.00302	0.03330	0.00501	0.00482
39	0.00638	0.00470	0.00600	0.00684	0.00747	0.00431	0.00473	0.00754	0.01066	0.01406	0.11122	0.59740	0.14995	0.01497	0.00644	0.00199	0.00291	0.03332	0.00486	0.00428
40	0.00645	0.00456	0.00595	0.00697	0.00724	0.00431	0.00460	0.00725	0.00953	0.01271	0.02660	0.69527	0.03176	0.12654	0.00925	0.00249	0.00328	0.02669	0.00453	0.00403
41	0.00880	0.00487	0.00487	0.00487	0.00619	0.00468	0.00366	0.01095	0.01097	0.01797	0.02448	0.02577	0.18278	0.00752	0.00413	0.00131	0.00244	0.00611	0.66295	0.00468
42	0.21595	0.00885	0.01004	0.00888	0.01176	0.00912	0.00734	0.09230	0.06601	0.26121	0.01840	0.06875	0.01580	0.00831	0.00520	0.00180	0.00438	0.17419	0.00494	0.00677
43	0.01511	0.00847	0.01000	0.00843	0.01079	0.00858	0.00633	0.10341	0.16049	0.27886	0.01802	0.02294	0.01494	0.29602	0.01263	0.00282	0.00467	0.00604	0.00484	0.00661
44	0.01732	0.01227	0.01307	0.01026	0.01373	0.01347	0.00840	0.60397	0.02119	0.02944	0.01329	0.01381	0.00970	0.00612	0.00479	0.00146	0.00493	0.00466	0.19026	0.00786
45	0.00625	0.00447	0.00595	0.00714	0.00744	0.00417	0.00476	0.00714	0.00982	0.01310	0.02828	0.81633	0.03394	0.01608	0.00655	0.00208	0.00298	0.01459	0.00476	0.00417
46	0.03133	0.00898	0.01071	0.00861	0.01158	0.00877	0.00678	0.19745	0.01510	0.36173	0.02010	0.02208	0.08164	0.16414	0.00922	0.00224	0.00459	0.00593	0.02193	0.00712
47	0.00744	0.00472	0.00594	0.00627	0.00636	0.00463	0.00387	0.00720	0.00796	0.01061	0.01799	0.25039	0.02083	0.41695	0.01927	0.18989	0.00430	0.00881	0.00338	0.00321
48	0.00628	0.00449	0.00598	0.00712	0.00745	0.00419	0.00477	0.00722	0.00997	0.01333	0.05163	0.79232	0.03438	0.01590	0.00653	0.00207	0.00296	0.01442	0.00479	0.00419
49	0.00915	0.00745	0.00871	0.00857	0.01020	0.00821	0.00643	0.01587	0.32546	0.01634	0.02412	0.24684	0.08752	0.01698	0.18006	0.00327	0.00575	0.00865	0.00451	0.00590
50	0.00834	0.00663	0.00747	0.00768	0.00851	0.07054	0.00560	0.00972	0.00940	0.01296	0.01760	0.23024	0.01835	0.09149	0.34614	0.01989	0.00821	0.00777	0.10902	0.00444
51	0.01502	0.01052	0.01167	0.01015	0.01329	0.01162	0.00799	0.02677	0.61068	0.19050	0.02074	0.01877	0.01501	0.00683	0.00521	0.00171	0.00413	0.00566	0.00547	0.00826
52	0.55852	0.01073	0.05237	0.20572	0.05691	0.01154	0.00894	0.01469	0.00937	0.01989	0.00787	0.01001	0.00606	0.00485	0.00385	0.00162	0.00498	0.00336	0.00287	0.00583
53	0.01066	0.04281	0.20660	0.40856	0.02648	0.01214	0.01387	0.01707	0.17909	0.01568	0.01165	0.01398	0.00868	0.00544	0.00502	0.00167	0.00636	0.00458	0.00289	0.00673
54	0.02077	0.00924	0.01184	0.00942	0.01315	0.00869	0.00767	0.02550	0.18240	0.62218	0.02038	0.01783	0.01335	0.00648	0.00517	0.00162	0.00430	0.00530	0.00610	0.00860
55	0.00685	0.00472	0.00578	0.00637	0.00652	0.00457	0.00394	0.00730	0.00865	0.01153	0.02224	0.42623	0.02632	0.41656	0.01630	0.00352	0.00397	0.01104	0.00394	0.00364
56	0.01951	0.01437	0.01540	0.01181	0.01591	0.01591	0.00975	0.77056	0.02412	0.03234	0.01232	0.01232	0.00873	0.00616	0.00513	0.00154	0.00565	0.00462	0.00513	0.00873
57	0.00973	0.00826	0.00958	0.00718	0.01107	0.00633	0.00568	0.01189	0.01110	0.01664	0.07871	0.01824	0.11792	0.00561	0.00430	0.00096	0.00352	0.00462	0.00349	0.66514
58	0.00625	0.00447	0.00595	0.00714	0.00744	0.00417	0.00476	0.00714	0.00982	0.01310	0.02828	0.81633	0.03394	0.01608	0.00655	0.00208	0.00298	0.01459	0.00476	0.00417
59	0.85592	0.00992	0.00754	0.00675	0.00992	0.01151	0.00556	0.01508	0.00873	0.02302	0.00714	0.00834	0.00556	0.00476	0.00318	0.00159	0.00397	0.00278	0.00318	0.00556
60	0.01297	0.01413	0.01546	0.01342	0.01400	0.18774	0.01094	0.01414	0.00933	0.01239	0.00700	0.01079	0.00671	0.00817	0.01416	0.00204	0.63437	0.00423	0.00233	0.00569
61	0.00746	0.00497	0.00560	0.00560	0.00560	0.00497	0.00311	0.00746	0.00746	0.00995	0.01617	0.03358	0.01865	0.81967	0.02612	0.00497	0.00497	0.00746	0.00311	0.00311
62	0.01988	0.01140	0.01332	0.01031	0.01413	0.01171	0.00848	0.41471	0.01962	0.32999	0.07887	0.01648	0.01355	0.00659	0.00522	0.00156	0.00488	0.00521	0.00565	0.00841
63	0.00606	0.00520	0.00520	0.00520	0.00693	0.00433	0.00390	0.00736	0.01170	0.01386	0.05198	0.04938	0.78558	0.01299	0.00606	0.00173	0.00260	0.01083	0.00476	0.00433
64	0.00956	0.00478	0.00478	0.00478	0.00598	0.00478	0.00359	0.01196	0.01076	0.01913	0.01674	0.01913	0.01315	0.00598	0.00359	0.00120	0.00239	0.00478	0.84816	0.00478
65	0.00643	0.00492	0.00590	0.00627	0.00731	0.00439	0.00447	0.00784	0.01164	0.01519	0.22030	0.34850	0.31114	0.01360	0.00625	0.00184	0.00270	0.01193	0.00498	0.00439
66	0.01033	0.02058	0.53851	0.01226	0.01819	0.01067	0.01469	0.09340	0.01242	0.01741	0.01893	0.01945	0.17782	0.00679	0.00516	0.00164	0.00629	0.00542	0.00305	0.00699
67	0.00683	0.00511	0.00511	0.00511	0.00672	0.00443	0.00383	0.00837	0.01149	0.01502	0.04424	0.04274	0.61596	0.01145	0.00552	0.00161	0.00255	0.00950	0.18998	0.00443
68	0.00698	0.00523	0.00646	0.00616	0.00749	0.00472	0.00462	0.00913	0.01385	0.01898	0.61102	0.04095	0.22335	0.01108	0.00605	0.00164	0.00246	0.00965	0.00544	0.00472
69	0.00678	0.00503	0.00644	0.00737	0.00823	0.00469	0.00556	0.00818	0.01080	0.01390	0.03317	0.43400	0.19776	0.01486	0.00659	0.00209	0.00339	0.22205	0.00475	0.00436
70	0.00780	0.00532	0.00657	0.00720	0.00794	0.00522	0.00501	0.07048	0.01113	0.01551	0.02538	0.64070	0.02901	0.01387	0.00603	0.00192	0.00312	0.01242	0.12076	0.00463
71	0.00615	0.00520	0.00531	0.00528	0.00698	0.00437	0.00396	0.00752	0.01189	0.01432	0.10243	0.04862	0.73485	0.01282	0.00606	0.00172	0.00259	0.01072	0.00483	0.00437
72	0.00733	0.00550	0.00825	0.00825	0.00916	0.00641	0.00641	0.00916	0.00825	0.01191	0.01374	0.02016	0.01283	0.03848	0.79934	0.00825	0.01374	0.00550	0.00275	0.00458
73	0.01276	0.01102	0.01160	0.01044	0.01334	0.01276	0.00812	0.02727	0.77840	0.02146	0.02088	0.01914	0.01566	0.00696	0.00522	0.00174	0.00406	0.00580	0.00522	0.00812
74	0.01478	0.00697	0.00891	0.00743	0.01017	0.00604	0.00592	0.01667	0.01381	0.40275	0.19713	0.03105	0.23852	0.00913	0.00561	0.00163	0.00344	0.00766	0.00575	0.00664
75	0.00616	0.00483	0.00557	0.00617	0.00719	0.00425	0.00433	0.00725	0.01076	0.01348	0.04017	0.43160	0.41099	0.01453	0.00631	0.00191	0.00279	0.01270	0.00476	0.00425
76	0.01064	0.00912	0.01064	0.00760	0.01216	0.00684	0.00608	0.01292	0.01064	0.01672	0.00912	0.01064	0.00760	0.00380	0.00380	0.00076	0.00380	0.00304	0.00304	0.85104
77	0.00726	0.00518	0.00711	0.00829	0.00903	0.00503	0.00651	0.00888	0.01081	0.01422	0.02773	0.43834	0.03174	0.01513	0.00682	0.00222	0.00385	0.38265	0.00474	0.00445
78	0.01105	0.01004	0.01435	0.12239	0.13417	0.00906	0.06525	0.01443	0.05337	0.01647	0.00995	0.01208	0.00804	0.00431	0.00442	0.00113	0.00494	0.00386	0.00295	0.49775
79	0.00642	0.00458	0.00614	0.00733	0.00770	0.00431	0.00505	0.00743	0.00999	0.01328	0.02819	0.75406	0.03357	0.01592	0.00659	0.00211	0.00312	0.07522	0.00476	0.00421
80	0.00857	0.00468	0.00703	0.00703	0.00723	0.00489	0.00489	0.00723	0.00703	0.00957	0.00997	0.01660	0.00977	0.02236	0.19119	0.66571	0.00650	0.00468	0.00234	0.00274
81	0.00763	0.00659	0.01139	0.01038	0.01180	0.00618	0.17271	0.00937	0.01052	0.01412	0.04644	0.59395	0.02848	0.01327	0.00644	0.00200	0.00426	0.03535	0.00431	0.00481
82	0.21096	0.00836	0.00806	0.00698	0.00936	0.00912	0.00558	0.20051	0.01359	0.02331	0.01339	0.01491	0.01027	0.00574	0.00387	0.00137	0.00357	0.00427	0.44083	0.00594
83	0.01571	0.00675	0.00854	0.00725	0.00959	0.00613	0.00559	0.01745	0.01219	0.40216	0.01935	0.08574	0.01539	0.11888	0.00771	0.00198	0.00378	0.00614	0.24319	0.00647
84	0.02421	0.00956	0.01056	0.00910	0.01159	0.01026	0.00704	0.25228	0.19095	0.06503	0.09558	0.11565	0.07157	0.09370	0.00765	0.00203	0.00428	0.00725	0.00497	0.00674
85	0.00703	0.00594	0.00620	0.00616	0.00798	0.00544	0.00475	0.00995	0.10116	0.01487	0.04631	0.04655	0.63368	0.01239	0.00605	0.00179	0.00294	0.07119	0.00481	0.00481
86	0.02046	0.00955	0.01201	0.00957	0.01330	0.00917	0.00779	0.06274	0.19243	0.57467	0.02000	0.01760	0.01319	0.00648	0.00517	0.00162	0.00436	0.00528	0.00603	0.00859
87	0.00880	0.00670	0.00780	0.00745	0.00923	0.00653	0.00593	0.11394	0.02868	0.01863	0.23853	0.06971	0.28937	0.01160	0.00614	0.00181	0.00343	0.15546	0.00506	0.00522
88	0.01352	0.00812	0.00938	0.00808	0.01058	0.00811	0.00631	0.12745	0.12419	0.20174	0.09487	0.07944	0.15147	0.04515	0.00629	0.00178	0.00377	0.00724	0.08593	0.00658
89	0.00733	0.00550	0.00825	0.00825	0.00916	0.00641	0.00641	0.00916	0.00825	0.01191	0.01374	0.02016	0.01283	0.03848	0.79934	0.00825	0.01374	0.00550	0.00275	0.00458
90	0.01866	0.01395	0.01492	0.01164	0.01559	0.01552	0.00955	0.67764	0.11842	0.03098	0.01339	0.01317	0.00959	0.00626	0.00514	0.00156	0.00545	0.00477	0.00514	0.00865
91	0.00714	0.00533	0.00617	0.00590	0.00746	0.00467	0.00445	0.00898	0.01309	0.04095	0.38934	0.04329	0.42146	0.01163	0.00603	0.00167	0.00257	0.00994	0.00522	0.00470
92	0.01307	0.00605	0.00771	0.00717	0.00901	0.00552	0.00541	0.01476	0.01179	0.28760	0.02221	0.31142	0.02063	0.00982	0.00523	0.00166	0.00330	0.00852	0.24318	0.00594
93	0.00746	0.00497	0.00560	0.00560	0.00560	0.00497	0.00311	0.00746	0.00746	0.00995	0.01617	0.03358	0.01865	0.81967	0.02612	0.00497	0.00497	0.00746	0.00311	0.00311
94	0.01029	0.02654	0.79309	0.01462	0.02221	0.01192	0.01896	0.01625	0.01083	0.01625	0.00921	0.01083	0.00650	0.00487	0.00487	0.00162	0.00758	0.00379	0.00217	0.00758
95	0.00726	0.00528	0.00692	0.00708	0.00820	0.00494	0.00548	0.00939	0.01316	0.01806	0.47873	0.14288	0.09394	0.01215	0.00633	0.00184	0.00299	0.16538	0.00528	0.00470
96	0.00841	0.00522	0.00693	0.00708	0.00812	0.00479	0.00509	0.01002	0.01218	0.09764	0.32519	0.42641	0.03741	0.01286	0.00621	0.00185	0.00290	0.01151	0.00528	0.00491
97	0.01866	0.01395	0.01492	0.01164	0.01559	0.01552	0.00955	0.67764	0.11842	0.03098	0.01339	0.01317	0.00959	0.00626	0.00514	0.00156	0.00545	0.00477	0.00514	0.00865
98	0.00931	0.00820	0.01122	0.01010	0.01030	0.01064	0.00788	0.01027	0.00783	0.01158	0.01093	0.01949	0.01143	0.24410	0.19129	0.00433	0.40824	0.00555	0.00260	0.00468
99	0.00743	0.00566	0.00761	0.02251	0.05279	0.00540	0.00625	0.00924	0.01172	0.01556	0.19921	0.23479	0.15887	0.04161	0.00708	0.00206	0.00355	0.19924	0.00472	0.00470
100	0.00835	0.00694	0.00970	0.00897	0.00984	0.00784	0.02543	0.01026	0.01188	0.01690	0.39931	0.13933	0.03314	0.01102	0.00898	0.00191	0.21094	0.06977	0.00450	0.00499
101	0.02684	0.00928	0.01610	0.01590	0.18421	0.00875	0.22252	0.01241	0.01234	0.01682	0.18355	0.02815	0.22516	0.00801	0.00578	0.00166	0.00506	0.00762	0.00382	0.00603
102	0.25648	0.20064	0.02785	0.00870	0.01227	0.01309	0.00751	0.03459	0.20014	0.11587	0.03808	0.01331	0.01075	0.00560	0.00414	0.00148	0.00444	0.00409	0.00395	0.03702

[dist]
# distance from previous block
# <min> <max>
0	1

[block]
# block no. 3 follows, 48 sequences, length 6
# corresponding to MSA columns:
# 478-483
name=unknown_D
#
# <colnr> <probs for GDERKNQSTAVLIFYWHMCP>
#	G	D	E	R	K	N	Q	S	T	A	V	L	I	F	Y	W	H	M	C	P
0	0.01380	0.01113	0.01229	0.01046	0.01285	0.05496	0.00834	0.32262	0.09271	0.02118	0.01315	0.01626	0.01093	0.05832	0.25136	0.00384	0.07006	0.00507	0.00395	0.00671
1	0.05003	0.17704	0.01346	0.00840	0.01149	0.00976	0.00712	0.01758	0.01243	0.34839	0.13144	0.01878	0.01656	0.01198	0.14029	0.00263	0.00589	0.00524	0.00464	0.00686
2	0.00825	0.00709	0.01101	0.00952	0.01145	0.00720	0.12102	0.01149	0.07180	0.01557	0.18723	0.02816	0.15511	0.02031	0.30632	0.00417	0.00781	0.00736	0.00390	0.00523
3	0.01283	0.01656	0.13442	0.01442	0.01664	0.17782	0.08858	0.01504	0.01013	0.01339	0.00773	0.01102	0.00678	0.00712	0.01140	0.00191	0.44146	0.00430	0.00235	0.00611
4	0.34949	0.01189	0.06511	0.00882	0.01290	0.01124	0.00771	0.19508	0.01328	0.05560	0.00957	0.01042	0.00719	0.00493	0.00400	0.00137	0.00459	0.00345	0.00367	0.21966
5	0.22800	0.01235	0.12996	0.17592	0.01843	0.01131	0.01056	0.04087	0.07137	0.17343	0.01170	0.01285	0.00838	0.00572	0.00551	0.00168	0.06730	0.00421	0.00362	0.00683

[dist]
# distance from previous block
# <min> <max>
1	50

[block]
# block no. 4 follows, 48 sequences, length 78
# corresponding to MSA columns:
# 534-611
name=unknown_E
#
# <colnr> <probs for GDERKNQSTAVLIFYWHMCP>
#	G	D	E	R	K	N	Q	S	T	A	V	L	I	F	Y	W	H	M	C	P
0	0.18302	0.24078	0.04982	0.03400	0.01430	0.05765	0.00884	0.16979	0.11003	0.07019	0.01095	0.01138	0.00836	0.00536	0.00420	0.00145	0.00530	0.00380	0.00366	0.00713
1	0.03423	0.31198	0.17159	0.01013	0.01447	0.01465	0.01014	0.11617	0.12528	0.01745	0.01534	0.03955	0.08627	0.00632	0.00450	0.00146	0.00531	0.00481	0.00338	0.00697
2	0.00922	0.00716	0.00921	0.04321	0.01063	0.00649	0.04658	0.02858	0.00973	0.01420	0.01414	0.08232	0.01441	0.32411	0.01293	0.00266	0.00452	0.00607	0.07517	0.27867
3	0.01460	0.01181	0.01173	0.00997	0.01271	0.10981	0.00798	0.34583	0.01815	0.04701	0.18289	0.05850	0.06240	0.00852	0.00556	0.00164	0.00500	0.07425	0.00489	0.00674
4	0.01142	0.01248	0.03501	0.01063	0.01212	0.23910	0.00850	0.01313	0.01011	0.01229	0.01092	0.01543	0.00996	0.02360	0.43259	0.00518	0.12502	0.00466	0.00263	0.00522
5	0.01244	0.01256	0.04454	0.07070	0.68394	0.01218	0.05677	0.01566	0.01161	0.01654	0.00965	0.01276	0.00799	0.00460	0.00513	0.00155	0.00632	0.00463	0.00252	0.00792
6	0.00606	0.00520	0.00520	0.00520	0.00693	0.00433	0.00390	0.00736	0.01170	0.01386	0.05198	0.04938	0.78558	0.01299	0.00606	0.00173	0.00260	0.01083	0.00476	0.00433
7	0.00672	0.00498	0.00634	0.00697	0.00786	0.00459	0.00513	0.00823	0.01145	0.01513	0.19047	0.39835	0.17790	0.01405	0.00643	0.00196	0.00305	0.12102	0.00494	0.00442
8	0.04655	0.00594	0.00694	0.00735	0.00858	0.00590	0.00548	0.01069	0.10444	0.01555	0.08922	0.34225	0.18633	0.03053	0.00659	0.00201	0.00332	0.11272	0.00477	0.00485
9	0.00627	0.00481	0.00577	0.00651	0.00740	0.00431	0.00460	0.00739	0.01063	0.01349	0.03724	0.48968	0.31943	0.01482	0.00639	0.00196	0.00291	0.04737	0.00476	0.00426
10	0.00969	0.00912	0.01539	0.80734	0.03534	0.01140	0.01425	0.01311	0.01026	0.01311	0.00912	0.01368	0.00684	0.00513	0.00513	0.00171	0.00684	0.00456	0.00228	0.00570
11	0.00649	0.00523	0.00579	0.00570	0.00725	0.00453	0.00430	0.00817	0.01257	0.01598	0.27838	0.04617	0.53791	0.01225	0.00609	0.00171	0.00260	0.02934	0.00504	0.00450
12	0.00715	0.00511	0.00698	0.00817	0.00886	0.00494	0.00632	0.00869	0.01071	0.01410	0.02779	0.47944	0.03198	0.01523	0.00679	0.00221	0.00375	0.34263	0.00475	0.00442
13	0.01198	0.00625	0.00760	0.00698	0.00901	0.00560	0.00531	0.03249	0.01230	0.24717	0.03080	0.22999	0.24161	0.01069	0.00557	0.00170	0.00327	0.00913	0.11676	0.00578
14	0.01148	0.01198	0.01993	0.01583	0.01733	0.01492	0.23041	0.01353	0.00909	0.01353	0.00779	0.01198	0.00704	0.00763	0.01372	0.00210	0.57842	0.00494	0.00235	0.00599
15	0.00634	0.00469	0.00581	0.00661	0.00722	0.00428	0.00447	0.00732	0.01025	0.01336	0.06408	0.57105	0.19006	0.06957	0.00775	0.00219	0.00301	0.01310	0.00469	0.00416
16	0.01279	0.00789	0.00822	0.00706	0.00920	0.00839	0.00559	0.25788	0.01509	0.02341	0.01531	0.01692	0.01172	0.00604	0.00409	0.00131	0.00345	0.00473	0.57487	0.00606
17	0.00726	0.00524	0.00686	0.00646	0.00767	0.00484	0.00484	0.00968	0.01452	0.02058	0.78496	0.03833	0.04841	0.01049	0.00605	0.00161	0.00242	0.00928	0.00565	0.00484
18	0.01123	0.01123	0.01572	0.01347	0.01347	0.01572	0.01123	0.01235	0.00786	0.01235	0.00674	0.01123	0.00674	0.00898	0.01684	0.00225	0.81028	0.00449	0.00225	0.00561
19	0.00625	0.00458	0.00584	0.00683	0.00733	0.00421	0.00460	0.00718	0.01004	0.01314	0.03146	0.68807	0.14281	0.03291	0.00690	0.00209	0.00296	0.01389	0.00473	0.00417
20	0.00675	0.00519	0.00617	0.00600	0.00737	0.00461	0.00447	0.00867	0.01321	0.01762	0.46537	0.07835	0.33421	0.01172	0.00608	0.00168	0.00252	0.01013	0.00526	0.00461
21	0.73440	0.01057	0.00868	0.00748	0.01079	0.01215	0.00617	0.12485	0.01097	0.02437	0.00790	0.00891	0.00602	0.00497	0.00346	0.00158	0.00421	0.00305	0.00346	0.00602
22	0.00695	0.00510	0.00626	0.00619	0.00720	0.00468	0.00441	0.00862	0.01239	0.01686	0.44390	0.13861	0.17612	0.12922	0.00903	0.00218	0.00289	0.00997	0.00501	0.00441
23	0.01146	0.01192	0.01956	0.01562	0.01699	0.01499	0.21102	0.01343	0.00898	0.01343	0.00770	0.01192	0.00701	0.00775	0.01400	0.00211	0.59894	0.00490	0.00234	0.00596
24	0.00702	0.00533	0.00653	0.00649	0.00786	0.00483	0.00504	0.00907	0.01322	0.01765	0.43878	0.04473	0.28310	0.01183	0.00621	0.00176	0.00281	0.11785	0.00523	0.00466
25	0.00636	0.00454	0.00608	0.00727	0.00762	0.00426	0.00495	0.00733	0.00993	0.01322	0.02822	0.77505	0.03370	0.01597	0.00658	0.00210	0.00307	0.05478	0.00476	0.00420
26	0.00649	0.00511	0.00586	0.00590	0.00725	0.00448	0.00434	0.00811	0.01237	0.01600	0.29375	0.15711	0.42976	0.01260	0.00613	0.00174	0.00259	0.01086	0.00506	0.00448
27	0.00827	0.00591	0.00827	0.00945	0.01063	0.00591	0.00827	0.01063	0.01181	0.01536	0.02717	0.05788	0.02953	0.01417	0.00709	0.00236	0.00472	0.75313	0.00472	0.00472
28	0.01736	0.01910	0.01382	0.01221	0.01514	0.45786	0.00937	0.13143	0.23687	0.01801	0.01232	0.01256	0.00954	0.00590	0.00487	0.00147	0.00723	0.00422	0.00375	0.00698
