[name]
unknown

[dist]
# distance from previous block
# <min> <max>
0	641

[block]
# block no. 0 follows, 53 sequences, length 91
# corresponding to MSA columns:
# 641-731
name=unknown_A
#
# <colnr> <probs for GDERKNQSTAVLIFYWHMCP>
#	G	D	E	R	K	N	Q	S	T	A	V	L	I	F	Y	W	H	M	C	P
0	0.03980	0.01110	0.08705	0.01242	0.10893	0.04870	0.02555	0.16192	0.04545	0.01791	0.01502	0.02497	0.01410	0.00870	0.03326	0.00188	0.03056	0.24284	0.02709	0.04273
1	0.01219	0.01286	0.08503	0.17163	0.13615	0.12531	0.04355	0.09527	0.07086	0.03156	0.05700	0.01351	0.01006	0.00522	0.00476	0.00142	0.01572	0.00436	0.04466	0.05889
2	0.06809	0.06273	0.22231	0.01051	0.06339	0.02677	0.00962	0.06783	0.07363	0.06391	0.15344	0.01877	0.06501	0.04547	0.00559	0.00160	0.00475	0.00519	0.00355	0.02781
3	0.00865	0.00814	0.01327	0.02903	0.02967	0.04556	0.21959	0.01090	0.01044	0.01418	0.15569	0.15542	0.03519	0.04817	0.15423	0.00286	0.02043	0.00732	0.02633	0.00496
4	0.01017	0.00899	0.06333	0.00744	0.01125	0.00644	0.00627	0.01225	0.00989	0.06786	0.01086	0.06439	0.00971	0.07019	0.00550	0.00120	0.00385	0.00403	0.00309	0.62327
5	0.02574	0.00704	0.00887	0.00900	0.04320	0.00743	0.02588	0.01374	0.22840	0.04604	0.09670	0.32340	0.07134	0.01034	0.00590	0.00175	0.03595	0.02941	0.00443	0.00545
6	0.01174	0.07897	0.08215	0.03459	0.37044	0.02370	0.11934	0.01491	0.02704	0.04410	0.00933	0.01145	0.00747	0.00425	0.00452	0.00132	0.00570	0.00405	0.00257	0.14235
7	0.10853	0.03429	0.46704	0.01252	0.01802	0.04920	0.08492	0.07422	0.01137	0.05063	0.03947	0.01133	0.00798	0.00484	0.00450	0.00149	0.00636	0.00389	0.00269	0.00673
8	0.00638	0.00510	0.00577	0.00578	0.00698	0.02012	0.00424	0.00796	0.01174	0.01534	0.35334	0.17294	0.34406	0.01149	0.00569	0.00162	0.00253	0.00994	0.00474	0.00423
9	0.01573	0.00987	0.04546	0.01011	0.01349	0.00935	0.07454	0.06858	0.24078	0.35632	0.01739	0.05048	0.01262	0.00766	0.04330	0.00184	0.00489	0.00536	0.00485	0.00741
10	0.06857	0.01511	0.17054	0.01707	0.05058	0.04274	0.45288	0.05988	0.04491	0.01661	0.00967	0.01195	0.00722	0.00440	0.00509	0.00155	0.00717	0.00480	0.00262	0.00663
11	0.00630	0.00443	0.00572	0.00644	0.00672	0.00432	0.00429	0.00703	0.00853	0.01141	0.02218	0.51143	0.02603	0.24156	0.07091	0.00312	0.00411	0.04794	0.00387	0.00366
12	0.00580	0.00485	0.00505	0.00500	0.00655	0.00410	0.00375	0.00714	0.01124	0.01374	0.14738	0.04464	0.70080	0.01180	0.00565	0.00160	0.00240	0.00990	0.00455	0.00410
13	0.01051	0.01088	0.01810	0.01444	0.01583	0.01350	0.22700	0.01242	0.00845	0.01255	0.00754	0.01154	0.00682	0.00849	0.05167	0.00223	0.55566	0.00464	0.00221	0.00552
14	0.01433	0.52839	0.10475	0.00888	0.01308	0.03077	0.00887	0.01634	0.01071	0.19004	0.01004	0.02800	0.00797	0.00480	0.00371	0.00120	0.00510	0.00342	0.00297	0.00662
15	0.00608	0.00486	0.00544	0.00529	0.00672	0.00422	0.00397	0.00769	0.01191	0.01533	0.33871	0.04202	0.50847	0.01120	0.00564	0.00157	0.00236	0.00953	0.00476	0.00422
16	0.01051	0.01028	0.03133	0.30446	0.48026	0.01074	0.01370	0.01344	0.01041	0.01429	0.01073	0.01378	0.04569	0.00483	0.00479	0.00149	0.00579	0.00453	0.00238	0.00660
17	0.00683	0.00519	0.00639	0.00668	0.00758	0.01844	0.00486	0.00898	0.04943	0.01567	0.35252	0.35973	0.07018	0.01196	0.00582	0.00173	0.00279	0.05607	0.00477	0.00439
18	0.43256	0.01001	0.01114	0.27633	0.08720	0.04913	0.00903	0.04681	0.00972	0.01781	0.00771	0.00996	0.00595	0.00461	0.00385	0.00150	0.00505	0.00338	0.00269	0.00557
19	0.01072	0.01089	0.03641	0.05957	0.44922	0.06347	0.07704	0.01324	0.01070	0.01447	0.01276	0.16413	0.01259	0.00665	0.00510	0.00156	0.00556	0.03668	0.00282	0.00641
20	0.00640	0.00507	0.00578	0.00565	0.00704	0.00459	0.00422	0.00858	0.04897	0.01568	0.34314	0.09063	0.41480	0.01110	0.00564	0.00159	0.00244	0.00952	0.00478	0.00438
21	0.01008	0.07033	0.28927	0.00968	0.01348	0.02626	0.01008	0.08504	0.08950	0.01767	0.21237	0.04073	0.01839	0.02272	0.00512	0.00152	0.00475	0.00542	0.06147	0.00612
22	0.82455	0.00944	0.00738	0.00651	0.00951	0.01092	0.00537	0.05162	0.00883	0.02187	0.00689	0.00794	0.00532	0.00450	0.00305	0.00148	0.00377	0.00267	0.00305	0.00532
23	0.01817	0.01339	0.01434	0.01100	0.01482	0.01482	0.00908	0.78627	0.02247	0.03012	0.01148	0.01148	0.00813	0.00574	0.00478	0.00143	0.00526	0.00430	0.00478	0.00813
24	0.00703	0.00543	0.00762	0.00763	0.00814	0.00627	0.00568	0.00822	0.00785	0.01110	0.01532	0.19321	0.01635	0.14688	0.43562	0.00539	0.09811	0.00710	0.00296	0.00409
25	0.03295	0.07069	0.05450	0.01689	0.27416	0.21447	0.01095	0.17583	0.01386	0.01758	0.03928	0.01135	0.00853	0.00493	0.00447	0.00133	0.00612	0.00390	0.00299	0.03521
26	0.00576	0.00461	0.00516	0.00553	0.00666	0.00400	0.00396	0.00689	0.01041	0.01297	0.07725	0.31920	0.49481	0.01299	0.00581	0.00172	0.00254	0.01124	0.00448	0.00400
27	0.01447	0.01017	0.01122	0.00955	0.01258	0.01117	0.00758	0.13349	0.51305	0.17266	0.01893	0.01733	0.03300	0.00641	0.00486	0.00157	0.00401	0.00525	0.00504	0.00767
28	0.01565	0.01431	0.01478	0.01246	0.04131	0.19246	0.09416	0.26809	0.21942	0.05898	0.01272	0.01289	0.00944	0.00552	0.00479	0.00146	0.00589	0.00449	0.00400	0.00720
29	0.01181	0.01035	0.01745	0.18103	0.50826	0.01084	0.03701	0.01457	0.01061	0.07726	0.00972	0.01257	0.00776	0.00569	0.03202	0.00170	0.03745	0.00437	0.00260	0.00694
30	0.01209	0.00972	0.01062	0.00963	0.01222	0.01099	0.00767	0.07545	0.59844	0.05010	0.01972	0.02250	0.01589	0.00737	0.00510	0.00169	0.00398	0.11481	0.00483	0.00717
31	0.00591	0.00422	0.00562	0.00660	0.00695	0.00394	0.00444	0.00686	0.00953	0.01281	0.09373	0.75979	0.03279	0.01452	0.00606	0.00190	0.00273	0.01316	0.00451	0.00394
32	0.05353	0.19876	0.09263	0.05983	0.09884	0.13167	0.11984	0.06891	0.01168	0.06270	0.00982	0.05312	0.00822	0.00511	0.00440	0.00138	0.00612	0.00427	0.00279	0.00638
33	0.00652	0.00530	0.00621	0.00670	0.00746	0.03134	0.00480	0.00765	0.00996	0.01289	0.09212	0.47566	0.20258	0.01417	0.04067	0.00207	0.03340	0.03212	0.00427	0.00410
34	0.00668	0.00474	0.00604	0.00634	0.00674	0.00459	0.01928	0.00738	0.00857	0.01138	0.05221	0.29324	0.05726	0.40329	0.01478	0.00321	0.00388	0.08313	0.00369	0.00354
35	0.01044	0.00951	0.01501	0.02137	0.50667	0.00963	0.01148	0.01411	0.09990	0.01544	0.01519	0.13417	0.03534	0.00705	0.00513	0.00159	0.00484	0.07328	0.00318	0.00667
36	0.03405	0.24859	0.07548	0.01113	0.06586	0.15777	0.02442	0.08242	0.03719	0.01417	0.00938	0.01157	0.00799	0.01165	0.18566	0.00270	0.00765	0.00372	0.00262	0.00598
37	0.00599	0.00479	0.00539	0.00574	0.00688	0.00429	0.00411	0.00756	0.03906	0.01318	0.07122	0.33400	0.45506	0.01286	0.00579	0.00173	0.00259	0.01115	0.00449	0.00413
38	0.00597	0.00480	0.00532	0.00531	0.00668	0.00415	0.00394	0.00743	0.01148	0.01457	0.25205	0.10526	0.53288	0.01169	0.00568	0.00161	0.00240	0.00997	0.00466	0.00415
39	0.03296	0.01198	0.01167	0.02686	0.01324	0.15423	0.00825	0.27825	0.04840	0.14017	0.01595	0.03774	0.03016	0.00744	0.00508	0.00159	0.00532	0.15976	0.00436	0.00659
40	0.07206	0.01404	0.07800	0.05471	0.25372	0.10893	0.01131	0.27381	0.01491	0.05862	0.00990	0.01117	0.00746	0.00497	0.00457	0.00142	0.00582	0.00399	0.00336	0.00723
41	0.07088	0.01450	0.17459	0.01641	0.22052	0.04587	0.07074	0.15964	0.09768	0.05093	0.01105	0.02689	0.00850	0.00512	0.00468	0.00149	0.00573	0.00438	0.00325	0.00719
42	0.01302	0.01310	0.12325	0.05433	0.18814	0.01152	0.03941	0.26893	0.05263	0.02029	0.01057	0.02958	0.00827	0.00503	0.00461	0.00136	0.00535	0.00426	0.00335	0.14299
43	0.00830	0.00415	0.00623	0.00623	0.00623	0.00415	0.00415	0.00623	0.00623	0.00830	0.00830	0.01453	0.00830	0.01660	0.01868	0.86094	0.00415	0.00415	0.00208	0.00208
44	0.01396	0.04946	0.06030	0.01743	0.19789	0.17427	0.19180	0.09463	0.07143	0.05645	0.01021	0.01178	0.00785	0.00480	0.00494	0.00144	0.01716	0.00435	0.00297	0.00686
45	0.01340	0.01337	0.01226	0.01086	0.01313	0.19768	0.00851	0.06527	0.44144	0.01728	0.01407	0.01414	0.01092	0.00639	0.00649	0.00160	0.13799	0.00460	0.00385	0.00675
46	0.02144	0.00813	0.01109	0.00850	0.01220	0.00702	0.00702	0.02329	0.01368	0.80552	0.01886	0.01627	0.01183	0.00592	0.00481	0.00148	0.00407	0.00481	0.00592	0.00813
47	0.01141	0.39812	0.41284	0.01106	0.01655	0.04888	0.01293	0.01492	0.01006	0.01320	0.00764	0.00891	0.00610	0.00435	0.00385	0.00128	0.00623	0.00306	0.00205	0.00657
48	0.01314	0.14021	0.40279	0.01178	0.01708	0.03286	0.06051	0.01685	0.01097	0.19729	0.01080	0.01146	0.00761	0.00488	0.00466	0.00144	0.02405	0.00383	0.02080	0.00700
49	0.00582	0.00416	0.00555	0.00666	0.00693	0.00388	0.00444	0.00666	0.00915	0.01220	0.02634	0.82891	0.03161	0.01497	0.00610	0.00194	0.00277	0.01359	0.00444	0.00388
50	0.00713	0.00509	0.00704	0.00814	0.00899	0.00500	0.00670	0.00891	0.01043	0.01366	0.02562	0.29166	0.02877	0.01375	0.00645	0.00212	0.00390	0.53798	0.00441	0.00424
51	0.01290	0.01169	0.03795	0.02640	0.17027	0.06441	0.18918	0.04261	0.17597	0.11223	0.01457	0.04057	0.03673	0.00581	0.00528	0.00156	0.02264	0.01880	0.00357	0.00688
52	0.00629	0.00512	0.00617	0.00622	0.00749	0.00466	0.02517	0.00820	0.05096	0.01376	0.11672	0.29793	0.40934	0.01229	0.00575	0.00171	0.00274	0.01072	0.00449	0.00428
53	0.00620	0.00482	0.00564	0.00553	0.00682	0.00425	0.00411	0.00789	0.01205	0.01589	0.41011	0.09403	0.38315	0.01117	0.00567	0.00158	0.00236	0.00963	0.00484	0.00425
54	0.00903	0.00850	0.01434	0.82054	0.03292	0.01062	0.01327	0.01221	0.00956	0.01221	0.00850	0.01274	0.00637	0.00478	0.00478	0.00159	0.00637	0.00425	0.00212	0.00531
55	0.07503	0.09361	0.12669	0.04887	0.03183	0.09344	0.00933	0.09863	0.14997	0.15634	0.01451	0.01441	0.05558	0.00569	0.00447	0.00145	0.00516	0.00439	0.00376	0.00682
56	0.01107	0.01199	0.02432	0.01781	0.02207	0.01164	0.62080	0.01630	0.12307	0.01570	0.01128	0.01400	0.00862	0.00654	0.06020	0.00202	0.00777	0.00557	0.00278	0.00646
57	0.67405	0.00882	0.00717	0.00635	0.00909	0.01007	0.00518	0.06999	0.00947	0.02153	0.00836	0.00956	0.00646	0.00470	0.00315	0.00142	0.00359	0.00300	0.13275	0.00528
58	0.01012	0.00957	0.01536	0.41525	0.14324	0.01157	0.04363	0.04315	0.01003	0.01374	0.04579	0.01314	0.00848	0.00575	0.00730	0.00167	0.18954	0.00450	0.00242	0.00576
59	0.00601	0.00477	0.00496	0.00499	0.00613	0.00420	0.00345	0.00688	0.00976	0.01189	0.03864	0.06297	0.56411	0.23789	0.01080	0.00245	0.00304	0.00932	0.00401	0.00372
60	0.00623	0.00429	0.00559	0.00656	0.00695	0.00406	0.00450	0.00723	0.00925	0.01267	0.02499	0.68401	0.02927	0.04555	0.00662	0.00200	0.00291	0.06131	0.07210	0.00392
61	0.01240	0.01088	0.07980	0.01403	0.06988	0.00930	0.28206	0.05198	0.02617	0.17105	0.11541	0.02029	0.06474	0.00627	0.00532	0.00157	0.00555	0.04301	0.00381	0.00650
62	0.01618	0.08943	0.20518	0.01126	0.01574	0.10175	0.04732	0.19612	0.01437	0.23849	0.01186	0.01189	0.00822	0.00518	0.00456	0.00141	0.00586	0.00403	0.00382	0.00732
63	0.02144	0.00813	0.01109	0.00850	0.01220	0.00702	0.00702	0.02329	0.01368	0.80552	0.01886	0.01627	0.01183	0.00592	0.00481	0.00148	0.00407	0.00481	0.00592	0.00813
64	0.00584	0.00426	0.00551	0.00649	0.00693	0.00393	0.00441	0.00674	0.00938	0.01232	0.02876	0.72820	0.11646	0.01462	0.00606	0.00191	0.00276	0.02706	0.00444	0.00391
65	0.00991	0.00850	0.00991	0.00708	0.01133	0.00637	0.00566	0.01203	0.00991	0.01557	0.00850	0.00991	0.00708	0.00354	0.00354	0.00071	0.00354	0.00283	0.00283	0.86124
66	0.01110	0.01200	0.02303	0.01719	0.02050	0.01279	0.50646	0.01504	0.07220	0.01462	0.00950	0.01260	0.00756	0.00544	0.00839	0.00175	0.23591	0.00521	0.00252	0.00619
67	0.01070	0.30796	0.53380	0.01172	0.01774	0.01383	0.01434	0.01485	0.00996	0.01378	0.00790	0.00924	0.00608	0.00438	0.00403	0.00134	0.00638	0.00319	0.00203	0.00674
68	0.01166	0.00880	0.00911	0.00808	0.01055	0.04755	0.00630	0.04769	0.34077	0.13031	0.06581	0.02625	0.25081	0.00815	0.00510	0.00157	0.00363	0.00673	0.00479	0.00636
69	0.00680	0.00505	0.00635	0.00600	0.00723	0.00468	0.00450	0.00928	0.03720	0.01849	0.69121	0.03631	0.12910	0.00993	0.00561	0.00152	0.00232	0.00871	0.00516	0.00455
70	0.00872	0.00693	0.00776	0.00734	0.00911	0.00722	0.00555	0.02403	0.30002	0.03312	0.21598	0.14422	0.19160	0.00967	0.00539	0.00163	0.00300	0.00833	0.00483	0.00556
71	0.08729	0.00926	0.01134	0.00879	0.01239	0.00892	0.00725	0.18574	0.01512	0.55552	0.03775	0.01510	0.01142	0.00587	0.00468	0.00147	0.00424	0.00463	0.00542	0.00780
72	0.01787	0.02242	0.01358	0.01226	0.01478	0.78213	0.00923	0.04860	0.01389	0.01241	0.00755	0.00873	0.00623	0.00496	0.00433	0.00124	0.00849	0.00313	0.00255	0.00564
73	0.00816	0.00679	0.00742	0.00727	0.00909	0.00699	0.00566	0.01381	0.28447	0.01566	0.04839	0.09010	0.34745	0.01045	0.00554	0.00172	0.00320	0.11793	0.00460	0.00532
74	0.01202	0.00665	0.00808	0.00698	0.00925	0.00623	0.00548	0.02760	0.10487	0.26481	0.24435	0.02853	0.19718	0.00842	0.00516	0.00151	0.00309	0.00711	0.04675	0.00596
75	0.00903	0.00850	0.01434	0.82054	0.03292	0.01062	0.01327	0.01221	0.00956	0.01221	0.00850	0.01274	0.00637	0.00478	0.00478	0.00159	0.00637	0.00425	0.00212	0.00531
76	0.00903	0.00850	0.01434	0.82054	0.03292	0.01062	0.01327	0.01221	0.00956	0.01221	0.00850	0.01274	0.00637	0.00478	0.00478	0.00159	0.00637	0.00425	0.00212	0.00531
77	0.00649	0.00502	0.00579	0.00579	0.00714	0.00455	0.00440	0.00851	0.03568	0.01541	0.28917	0.08905	0.39479	0.01121	0.00565	0.00163	0.00258	0.06976	0.03306	0.00433
78	0.00635	0.00454	0.00615	0.00726	0.00776	0.00434	0.00535	0.00756	0.00967	0.01279	0.02605	0.61198	0.03046	0.01448	0.00624	0.00201	0.00323	0.22533	0.00443	0.00403
79	0.01183	0.01136	0.01940	0.02934	0.80221	0.01136	0.01467	0.01467	0.01088	0.01562	0.00899	0.01183	0.00757	0.00426	0.00473	0.00142	0.00568	0.00426	0.00237	0.00757
80	0.00575	0.00461	0.00515	0.00557	0.00669	0.00401	0.00400	0.00684	0.01027	0.01268	0.04004	0.32830	0.50911	0.01316	0.00583	0.00174	0.00258	0.02525	0.00444	0.00399
81	0.00740	0.00602	0.00669	0.00632	0.00799	0.00589	0.00480	0.01163	0.17967	0.01674	0.31999	0.03615	0.35261	0.01004	0.00548	0.00157	0.00265	0.00855	0.00483	0.00497
82	0.00903	0.00850	0.01434	0.82054	0.03292	0.01062	0.01327	0.01221	0.00956	0.01221	0.00850	0.01274	0.00637	0.00478	0.00478	0.00159	0.00637	0.00425	0.00212	0.00531
83	0.00959	0.02472	0.80726	0.01362	0.02069	0.01110	0.01766	0.01514	0.01009	0.01514	0.00858	0.01009	0.00605	0.00454	0.00454	0.00151	0.00706	0.00353	0.00202	0.00706
84	0.00959	0.02472	0.80726	0.01362	0.02069	0.01110	0.01766	0.01514	0.01009	0.01514	0.00858	0.01009	0.00605	0.00454	0.00454	0.00151	0.00706	0.00353	0.00202	0.00706
85	0.00689	0.00487	0.00643	0.00643	0.00685	0.00529	0.00441	0.00773	0.00731	0.01017	0.01395	0.02512	0.01470	0.43966	0.41303	0.00614	0.00866	0.00605	0.00273	0.00357
86	0.01265	0.80103	0.05775	0.00841	0.01262	0.01859	0.00857	0.01435	0.00973	0.01141	0.00673	0.00777	0.00613	0.00411	0.00313	0.00104	0.00519	0.00260	0.00204	0.00617
87	0.01190	0.01095	0.12409	0.00944	0.01225	0.00941	0.00828	0.31904	0.01485	0.05042	0.03317	0.33885	0.01811	0.00935	0.00529	0.00165	0.00442	0.00801	0.00430	0.00621
88	0.01074	0.00698	0.00845	0.00790	0.00960	0.00692	0.00588	0.19010	0.01282	0.11041	0.02115	0.50386	0.02265	0.01121	0.00552	0.00171	0.00354	0.00988	0.00462	0.04606
89	0.01144	0.01318	0.05305	0.24223	0.06175	0.12661	0.28514	0.01444	0.01053	0.01343	0.00848	0.01175	0.00668	0.00497	0.00645	0.00160	0.11554	0.00453	0.00228	0.00592
90	0.01255	0.00633	0.00843	0.00757	0.00963	0.00581	0.00603	0.01490	0.04272	0.31554	0.27148	0.12413	0.02721	0.00929	0.00549	0.00165	0.00337	0.11669	0.00527	0.00591

[dist]
# distance from previous block
# <min> <max>
8	12

[block]
# block no. 1 follows, 53 sequences, length 13
# corresponding to MSA columns:
# 745-757
name=unknown_B
#
# <colnr> <probs for GDERKNQSTAVLIFYWHMCP>
#	G	D	E	R	K	N	Q	S	T	A	V	L	I	F	Y	W	H	M	C	P
0	0.01403	0.00966	0.01055	0.00860	0.01160	0.01007	0.00694	0.35374	0.10458	0.13060	0.02484	0.02355	0.25485	0.00782	0.00506	0.00152	0.00405	0.00629	0.00484	0.00680
1	0.00833	0.00501	0.00671	0.00716	0.00814	0.00458	0.00519	0.00950	0.01000	0.12198	0.02454	0.60246	0.02753	0.01311	0.00588	0.00186	0.00316	0.09397	0.00458	0.03630
2	0.01817	0.01339	0.01434	0.01100	0.01482	0.01482	0.00908	0.78627	0.02247	0.03012	0.01148	0.01148	0.00813	0.00574	0.00478	0.00143	0.00526	0.00430	0.00478	0.00813
3	0.00582	0.00416	0.00555	0.00666	0.00693	0.00388	0.00444	0.00666	0.00915	0.01220	0.02634	0.82891	0.03161	0.01497	0.00610	0.00194	0.00277	0.01359	0.00444	0.00388
4	0.01057	0.01079	0.01651	0.01360	0.01426	0.01429	0.11727	0.01203	0.00787	0.01203	0.00674	0.01079	0.00641	0.00777	0.01430	0.00203	0.71083	0.00438	0.00214	0.00540
5	0.01183	0.01136	0.01940	0.02934	0.80221	0.01136	0.01467	0.01467	0.01088	0.01562	0.00899	0.01183	0.00757	0.00426	0.00473	0.00142	0.00568	0.00426	0.00237	0.00757
6	0.00582	0.00416	0.00555	0.00666	0.00693	0.00388	0.00444	0.00666	0.00915	0.01220	0.02634	0.82891	0.03161	0.01497	0.00610	0.00194	0.00277	0.01359	0.00444	0.00388
7	0.00676	0.00489	0.00639	0.00601	0.00714	0.00451	0.00451	0.00902	0.01353	0.01917	0.79969	0.03570	0.04510	0.00977	0.00564	0.00150	0.00225	0.00864	0.00526	0.00451
8	0.01189	0.01027	0.01081	0.00973	0.01243	0.01189	0.00757	0.02540	0.79357	0.01999	0.01945	0.01783	0.01459	0.00648	0.00486	0.00162	0.00378	0.00540	0.00486	0.00757
9	0.01128	0.01289	0.02820	0.02015	0.02498	0.01209	0.78485	0.01531	0.01128	0.01531	0.00967	0.01289	0.00725	0.00403	0.00564	0.00161	0.00806	0.00564	0.00242	0.00645
10	0.15463	0.01161	0.01072	0.00938	0.01227	0.12156	0.00737	0.04612	0.41931	0.13374	0.01535	0.01448	0.01128	0.00583	0.00446	0.00152	0.00452	0.00450	0.00437	0.00699
11	0.01831	0.01172	0.01316	0.01018	0.01384	0.01249	0.00838	0.54939	0.04774	0.21398	0.04182	0.01371	0.01057	0.00595	0.00482	0.00145	0.00481	0.00462	0.00507	0.00798
12	0.01138	0.28753	0.48093	0.01174	0.01741	0.08679	0.01381	0.01523	0.01028	0.01356	0.00784	0.00917	0.00609	0.00443	0.00404	0.00133	0.00657	0.00317	0.00207	0.00662

[dist]
# distance from previous block
# <min> <max>
2	4

[block]
# block no. 2 follows, 53 sequences, length 68
# corresponding to MSA columns:
# 762-829
name=unknown_C
#
# <colnr> <probs for GDERKNQSTAVLIFYWHMCP>
#	G	D	E	R	K	N	Q	S	T	A	V	L	I	F	Y	W	H	M	C	P
0	0.01381	0.01056	0.01438	0.28230	0.08849	0.01167	0.03796	0.30317	0.03180	0.08129	0.01105	0.01273	0.00805	0.00519	0.00471	0.00147	0.00546	0.00436	0.04189	0.02966
1	0.10438	0.15549	0.01144	0.02504	0.01043	0.03390	0.00641	0.14077	0.01333	0.01871	0.29966	0.02399	0.08713	0.00760	0.00473	0.00144	0.00382	0.04215	0.00409	0.00548
2	0.01317	0.77258	0.02416	0.00850	0.01246	0.07984	0.00826	0.01468	0.01001	0.01128	0.00670	0.00774	0.00614	0.00415	0.00316	0.00104	0.00538	0.00260	0.00208	0.00609
3	0.00683	0.00512	0.00768	0.00768	0.00853	0.00597	0.00597	0.00853	0.00768	0.01110	0.01280	0.01878	0.01195	0.03585	0.81308	0.00768	0.01280	0.00512	0.00256	0.00427
4	0.06179	0.01199	0.01303	0.01101	0.04494	0.01331	0.00859	0.47019	0.23493	0.05966	0.01365	0.01326	0.00990	0.00582	0.00471	0.00149	0.00473	0.00454	0.00466	0.00779
5	0.01138	0.01067	0.05930	0.01854	0.39636	0.06439	0.01081	0.01391	0.01172	0.08401	0.17020	0.05651	0.03829	0.00651	0.00502	0.00148	0.00488	0.02608	0.00344	0.00649
6	0.01027	0.00856	0.00994	0.00736	0.01128	0.00687	0.00585	0.07398	0.01087	0.01649	0.01008	0.07155	0.00901	0.00458	0.00383	0.00086	0.00362	0.00376	0.00311	0.72814
7	0.00968	0.00939	0.01752	0.10327	0.05596	0.00970	0.31512	0.01281	0.02407	0.01426	0.01376	0.02359	0.01281	0.00954	0.07613	0.00229	0.06347	0.19534	0.02575	0.00556
8	0.01268	0.02977	0.10862	0.01250	0.04852	0.02254	0.19004	0.05975	0.04278	0.13759	0.03760	0.01289	0.00934	0.00471	0.00474	0.00130	0.01566	0.00433	0.00334	0.24129
9	0.70850	0.12343	0.04694	0.00689	0.01019	0.01187	0.00617	0.01414	0.00844	0.01975	0.00674	0.00786	0.00535	0.00439	0.00305	0.00142	0.00405	0.00263	0.00279	0.00540
10	0.00582	0.00416	0.00555	0.00666	0.00693	0.00388	0.00444	0.00666	0.00915	0.01220	0.02634	0.82891	0.03161	0.01497	0.00610	0.00194	0.00277	0.01359	0.00444	0.00388
11	0.01024	0.00973	0.01653	0.47836	0.36562	0.01094	0.01388	0.01327	0.01013	0.01368	0.00871	0.01235	0.00689	0.00455	0.00476	0.00152	0.00607	0.00425	0.00223	0.00629
12	0.05214	0.14645	0.48738	0.01207	0.01755	0.14289	0.01383	0.01603	0.04345	0.01449	0.00846	0.00970	0.00640	0.00461	0.00422	0.00140	0.00672	0.00334	0.00226	0.00661
13	0.02073	0.01066	0.01163	0.00922	0.01273	0.13281	0.00747	0.05884	0.01408	0.64518	0.01672	0.01485	0.01077	0.00575	0.00473	0.00144	0.00483	0.00451	0.00532	0.00773
14	0.00581	0.00422	0.00549	0.00651	0.00689	0.00389	0.00437	0.00667	0.00929	0.01226	0.02817	0.76423	0.09512	0.01474	0.00606	0.00191	0.00274	0.01330	0.00444	0.00389
15	0.00615	0.00460	0.00576	0.00645	0.00720	0.00426	0.00460	0.00756	0.02536	0.01337	0.10898	0.51320	0.18746	0.01356	0.00598	0.00185	0.00280	0.07225	0.00453	0.00409
16	0.01307	0.61257	0.07684	0.00917	0.01316	0.11040	0.00891	0.01588	0.07791	0.01232	0.00797	0.00883	0.00686	0.00443	0.00347	0.00113	0.00554	0.00293	0.00234	0.00625
17	0.01046	0.01046	0.01464	0.01255	0.01255	0.01464	0.01046	0.01150	0.00732	0.01150	0.00627	0.01046	0.00627	0.00837	0.01569	0.00209	0.82328	0.00418	0.00209	0.00523
18	0.00582	0.00419	0.00551	0.00657	0.00691	0.00389	0.00440	0.00666	0.00923	0.01223	0.02738	0.79227	0.06758	0.01484	0.00608	0.00193	0.00276	0.01342	0.00444	0.00389
19	0.01389	0.01414	0.06307	0.01544	0.01973	0.06833	0.37598	0.26175	0.08253	0.02017	0.01087	0.01242	0.00802	0.00487	0.00515	0.00152	0.00678	0.00490	0.00336	0.00705
20	0.00959	0.02472	0.80726	0.01362	0.02069	0.01110	0.01766	0.01514	0.01009	0.01514	0.00858	0.01009	0.00605	0.00454	0.00454	0.00151	0.00706	0.00353	0.00202	0.00706
21	0.00603	0.00488	0.00537	0.00532	0.00679	0.00422	0.00404	0.00756	0.01159	0.01461	0.24391	0.04366	0.56843	0.01154	0.00569	0.00161	0.00247	0.04345	0.00465	0.00418
22	0.04409	0.02377	0.75931	0.01323	0.02006	0.01100	0.01695	0.01526	0.01008	0.03120	0.00871	0.01012	0.00614	0.00456	0.00448	0.00151	0.00687	0.00352	0.00213	0.00701
23	0.01311	0.01302	0.01131	0.01030	0.01287	0.20242	0.00797	0.02316	0.57059	0.01775	0.01686	0.01735	0.01319	0.00643	0.00481	0.00156	0.00496	0.04113	0.00427	0.00693
24	0.00959	0.02472	0.80726	0.01362	0.02069	0.01110	0.01766	0.01514	0.01009	0.01514	0.00858	0.01009	0.00605	0.00454	0.00454	0.00151	0.00706	0.00353	0.00202	0.00706
25	0.00591	0.00422	0.00565	0.00676	0.00707	0.00396	0.00459	0.00681	0.00924	0.01230	0.02629	0.79213	0.03142	0.01489	0.00612	0.00195	0.00285	0.04948	0.00444	0.00391
26	0.00978	0.03597	0.67090	0.01337	0.01928	0.01178	0.01638	0.01456	0.00965	0.01451	0.00819	0.01011	0.00609	0.00513	0.00625	0.00160	0.13407	0.00362	0.00203	0.00676
27	0.01047	0.00887	0.00956	0.00894	0.01116	0.01001	0.00686	0.02098	0.60447	0.01821	0.02235	0.14671	0.06243	0.00832	0.00515	0.00169	0.00357	0.02879	0.00476	0.00670
28	0.01567	0.01184	0.01261	0.01017	0.01347	0.01323	0.00824	0.50707	0.24996	0.02627	0.01412	0.01380	0.01033	0.00595	0.00471	0.00147	0.00461	0.00464	0.06415	0.00771
29	0.14224	0.03358	0.01185	0.00999	0.04913	0.01143	0.00775	0.29520	0.01405	0.10004	0.01088	0.01223	0.00830	0.00743	0.03512	0.05074	0.10311	0.00407	0.08644	0.00642
30	0.01056	0.27220	0.56832	0.01196	0.01811	0.01349	0.01476	0.01488	0.00998	0.01395	0.00799	0.00935	0.00608	0.00440	0.00409	0.00136	0.00647	0.00323	0.00203	0.00678
31	0.01797	0.01919	0.01385	0.01181	0.01479	0.50804	0.00918	0.31210	0.01695	0.01873	0.00895	0.00971	0.00691	0.00524	0.00449	0.00131	0.00734	0.00355	0.00335	0.00653
32	0.00572	0.00464	0.00508	0.00540	0.00661	0.00400	0.00388	0.00684	0.01043	0.01281	0.05532	0.27610	0.56071	0.01291	0.00578	0.00171	0.00252	0.01109	0.00445	0.00400
33	0.01476	0.00906	0.00990	0.00804	0.01075	0.00960	0.00650	0.35528	0.03954	0.12875	0.01433	0.01481	0.01045	0.00572	0.00422	0.00132	0.00386	0.00446	0.34200	0.00666
34	0.01487	0.00918	0.05049	0.01015	0.01346	0.00797	0.12815	0.07081	0.02724	0.35978	0.20897	0.02107	0.01930	0.00672	0.00518	0.00153	0.00447	0.02896	0.00488	0.00680
35	0.01122	0.01277	0.02781	0.04301	0.02521	0.01205	0.76281	0.01522	0.01123	0.01522	0.00964	0.01289	0.00723	0.00405	0.00562	0.00161	0.00801	0.00560	0.00241	0.00641
36	0.02144	0.00813	0.01109	0.00850	0.01220	0.00702	0.00702	0.02329	0.01368	0.80552	0.01886	0.01627	0.01183	0.00592	0.00481	0.00148	0.00407	0.00481	0.00592	0.00813
37	0.01428	0.01635	0.37526	0.01105	0.01626	0.00985	0.01201	0.08486	0.06675	0.26789	0.01284	0.01270	0.00873	0.00515	0.00460	0.00145	0.00548	0.00409	0.00375	0.06667
38	0.00997	0.02182	0.61979	0.01499	0.02139	0.01141	0.18126	0.01508	0.01027	0.01508	0.00875	0.01070	0.00632	0.00453	0.00507	0.00155	0.02905	0.00400	0.00211	0.00688
39	0.01046	0.01046	0.01464	0.01255	0.01255	0.01464	0.01046	0.01150	0.00732	0.01150	0.00627	0.01046	0.00627	0.00837	0.01569	0.00209	0.82328	0.00418	0.00209	0.00523
40	0.00590	0.00485	0.00519	0.00511	0.00661	0.00414	0.00383	0.00735	0.01149	0.01432	0.21737	0.04368	0.63044	0.01158	0.00565	0.00159	0.00238	0.00976	0.00462	0.00414
41	0.01046	0.01046	0.01464	0.01255	0.01255	0.01464	0.01046	0.01150	0.00732	0.01150	0.00627	0.01046	0.00627	0.00837	0.01569	0.00209	0.82328	0.00418	0.00209	0.00523
42	0.01817	0.01339	0.01434	0.01100	0.01482	0.01482	0.00908	0.78627	0.02247	0.03012	0.01148	0.01148	0.00813	0.00574	0.00478	0.00143	0.00526	0.00430	0.00478	0.00813
43	0.01840	0.01099	0.01261	0.00989	0.01350	0.01152	0.00810	0.39070	0.13783	0.31168	0.01540	0.01420	0.01047	0.00592	0.00480	0.00148	0.00460	0.00466	0.00521	0.00804
44	0.00959	0.02472	0.80726	0.01362	0.02069	0.01110	0.01766	0.01514	0.01009	0.01514	0.00858	0.01009	0.00605	0.00454	0.00454	0.00151	0.00706	0.00353	0.00202	0.00706
45	0.00597	0.00453	0.00550	0.00595	0.00683	0.00406	0.00420	0.00722	0.01062	0.01389	0.19637	0.41461	0.27701	0.01297	0.00586	0.00175	0.00255	0.01144	0.00461	0.00406
46	0.00565	0.00484	0.00484	0.00484	0.00646	0.00403	0.00363	0.00686	0.01089	0.01291	0.04842	0.04600	0.80027	0.01210	0.00565	0.00161	0.00242	0.01009	0.00444	0.00403
47	0.00642	0.00459	0.00623	0.00734	0.00788	0.00440	0.00548	0.00769	0.00974	0.01287	0.02601	0.58231	0.03031	0.01441	0.00626	0.00202	0.00329	0.25429	0.00443	0.00405
48	0.01189	0.01027	0.01081	0.00973	0.01243	0.01189	0.00757	0.02540	0.79357	0.01999	0.01945	0.01783	0.01459	0.00648	0.00486	0.00162	0.00378	0.00540	0.00486	0.00757
49	0.00577	0.00436	0.00534	0.00613	0.00680	0.00393	0.00420	0.00671	0.00965	0.01241	0.03270	0.60330	0.25311	0.01415	0.00597	0.00185	0.00267	0.01258	0.00444	0.00393
50	0.80589	0.00954	0.00754	0.00662	0.00964	0.01101	0.00545	0.06862	0.00915	0.02206	0.00700	0.00803	0.00538	0.00453	0.00309	0.00148	0.00381	0.00271	0.00309	0.00538
51	0.00899	0.00830	0.01183	0.01058	0.01093	0.01114	0.00864	0.01030	0.00747	0.01134	0.00891	0.01382	0.00857	0.01948	0.33810	0.00435	0.49558	0.00456	0.00228	0.00484
52	0.01800	0.01330	0.01425	0.01096	0.01476	0.01474	0.00904	0.76575	0.04328	0.02985	0.01169	0.01165	0.00830	0.00576	0.00478	0.00144	0.00522	0.00433	0.00478	0.00811
53	0.00982	0.00930	0.01577	0.59726	0.25001	0.01083	0.01367	0.01291	0.00993	0.01317	0.00864	0.01249	0.00671	0.00463	0.00477	0.00154	0.00618	0.00425	0.00219	0.00595
54	0.01896	0.01286	0.01347	0.01049	0.01417	0.07881	0.00858	0.53315	0.01955	0.22143	0.01297	0.01243	0.00889	0.00571	0.00475	0.00143	0.00524	0.00433	0.00487	0.00792
55	0.00743	0.00528	0.00676	0.00629	0.00757	0.00500	0.00475	0.01032	0.05804	0.03932	0.73521	0.03419	0.04251	0.00949	0.00557	0.00151	0.00239	0.00836	0.00526	0.00478
56	0.00959	0.02472	0.80726	0.01362	0.02069	0.01110	0.01766	0.01514	0.01009	0.01514	0.00858	0.01009	0.00605	0.00454	0.00454	0.00151	0.00706	0.00353	0.00202	0.00706
57	0.01389	0.01469	0.01655	0.02031	0.38755	0.24359	0.01198	0.07999	0.01207	0.01506	0.00832	0.01066	0.00701	0.00521	0.00630	0.00147	0.13221	0.00391	0.00255	0.00667
58	0.00695	0.00463	0.00521	0.00521	0.00521	0.00463	0.00290	0.00695	0.00695	0.00927	0.01506	0.03128	0.01738	0.83203	0.02433	0.00463	0.00463	0.00695	0.00290	0.00290
59	0.00582	0.00416	0.00555	0.00666	0.00693	0.00388	0.00444	0.00666	0.00915	0.01220	0.02634	0.82891	0.03161	0.01497	0.00610	0.00194	0.00277	0.01359	0.00444	0.00388
60	0.01127	0.01079	0.01840	0.18629	0.64960	0.01121	0.01439	0.01418	0.01062	0.01494	0.00889	0.01201	0.00733	0.00436	0.00474	0.00145	0.00582	0.00426	0.00232	0.00712
61	0.01177	0.01051	0.01637	0.35998	0.33805	0.01166	0.01309	0.15035	0.01238	0.01675	0.00922	0.01215	0.00716	0.00474	0.00476	0.00150	0.00590	0.00426	0.00269	0.00672
62	0.01916	0.00763	0.01036	0.00812	0.01141	0.00663	0.00663	0.02107	0.01366	0.68313	0.14039	0.01929	0.01701	0.00652	0.00494	0.00148	0.00379	0.00540	0.00581	0.00757
63	0.01239	0.00685	0.00824	0.00675	0.00956	0.00582	0.00537	0.03706	0.01223	0.29729	0.07342	0.02814	0.32832	0.00824	0.00499	0.00141	0.00326	0.00682	0.00477	0.13907
64	0.01093	0.01671	0.33518	0.02304	0.48897	0.01125	0.01587	0.01486	0.01057	0.01542	0.00882	0.01113	0.00696	0.00437	0.00466	0.00146	0.00623	0.00397	0.00223	0.00737
65	0.01202	0.01398	0.13957	0.05823	0.37628	0.06726	0.02958	0.04806	0.17467	0.01659	0.01109	0.01264	0.00866	0.00489	0.00472	0.00148	0.00577	0.00433	0.00293	0.00724
66	0.00903	0.00850	0.01434	0.82054	0.03292	0.01062	0.01327	0.01221	0.00956	0.01221	0.00850	0.01274	0.00637	0.00478	0.00478	0.00159	0.00637	0.00425	0.00212	0.00531
67	0.01105	0.01132	0.01975	0.01679	0.14064	0.03423	0.36346	0.01483	0.05879	0.01578	0.04729	0.01324	0.00947	0.00439	0.00489	0.00134	0.00604	0.00478	0.00280	0.21915

[dist]
# distance from previous block
# <min> <max>
0	1

[block]
# block no. 3 follows, 53 sequences, length 24
# corresponding to MSA columns:
# 831-854
name=unknown_D
#
# <colnr> <probs for GDERKNQSTAVLIFYWHMCP>
#	G	D	E	R	K	N	Q	S	T	A	V	L	I	F	Y	W	H	M	C	P
0	0.00594	0.00448	0.00524	0.00576	0.00649	0.00406	0.00390	0.00678	0.00944	0.01200	0.03265	0.41618	0.31103	0.14283	0.00881	0.00225	0.00294	0.01126	0.00419	0.00378
1	0.01068	0.01785	0.42831	0.01177	0.01676	0.01148	0.01286	0.02002	0.38287	0.01745	0.01375	0.01377	0.01012	0.00547	0.00469	0.00156	0.00550	0.00442	0.00337	0.00730
2	0.00623	0.00486	0.00565	0.00546	0.00681	0.00428	0.00409	0.00799	0.01228	0.01619	0.44223	0.04060	0.40441	0.01088	0.00564	0.00156	0.00233	0.00933	0.00487	0.00428
3	0.00610	0.00486	0.00547	0.00532	0.00674	0.00423	0.00399	0.00774	0.01197	0.01546	0.35481	0.04180	0.49229	0.01115	0.00564	0.00157	0.00235	0.00950	0.00477	0.00423
4	0.00649	0.00488	0.00601	0.00573	0.00697	0.00439	0.00430	0.00850	0.01289	0.01765	0.61778	0.03820	0.22795	0.01034	0.00564	0.00153	0.00230	0.00899	0.00506	0.00439
5	0.01747	0.00726	0.00977	0.00779	0.01082	0.00633	0.00631	0.01938	0.01352	0.59519	0.19381	0.02192	0.05451	0.00705	0.00503	0.00149	0.00359	0.00590	0.00570	0.00714
6	0.00959	0.02472	0.80726	0.01362	0.02069	0.01110	0.01766	0.01514	0.01009	0.01514	0.00858	0.01009	0.00605	0.00454	0.00454	0.00151	0.00706	0.00353	0.00202	0.00706
7	0.00891	0.00445	0.00445	0.00445	0.00557	0.00445	0.00334	0.01114	0.01002	0.01782	0.01559	0.01782	0.01225	0.00557	0.00334	0.00111	0.00223	0.00445	0.85856	0.00445
8	0.02144	0.00813	0.01109	0.00850	0.01220	0.00702	0.00702	0.02329	0.01368	0.80552	0.01886	0.01627	0.01183	0.00592	0.00481	0.00148	0.00407	0.00481	0.00592	0.00813
9	0.00991	0.00850	0.00991	0.00708	0.01133	0.00637	0.00566	0.01203	0.00991	0.01557	0.00850	0.00991	0.00708	0.00354	0.00354	0.00071	0.00354	0.00283	0.00283	0.86124
10	0.01775	0.28395	0.01592	0.00857	0.01232	0.01169	0.00754	0.09683	0.01324	0.43736	0.03922	0.01355	0.01063	0.00541	0.00425	0.00132	0.00448	0.00413	0.00449	0.00735
11	0.00922	0.00482	0.00493	0.00480	0.00601	0.00490	0.00364	0.04159	0.01045	0.01812	0.01535	0.01760	0.01208	0.00641	0.02574	0.00131	0.00264	0.00447	0.80132	0.00459
12	0.00915	0.00857	0.01441	0.70257	0.10807	0.01037	0.01298	0.01219	0.00967	0.01255	0.00941	0.05215	0.00771	0.00522	0.00484	0.00159	0.00613	0.00470	0.00226	0.00547
13	0.86579	0.00924	0.00702	0.00629	0.00924	0.01072	0.00518	0.01405	0.00813	0.02144	0.00666	0.00776	0.00518	0.00444	0.00296	0.00148	0.00370	0.00259	0.00296	0.00518
14	0.01068	0.01111	0.01826	0.01458	0.01587	0.01396	0.21731	0.01252	0.00838	0.01252	0.00718	0.01111	0.00654	0.00721	0.01300	0.00196	0.60552	0.00457	0.00218	0.00555
15	0.01444	0.01667	0.01857	0.01480	0.01808	0.39220	0.31343	0.01681	0.01234	0.04836	0.01041	0.05655	0.00892	0.00544	0.00503	0.00146	0.00774	0.03010	0.00277	0.00588
16	0.00582	0.00416	0.00555	0.00666	0.00693	0.00388	0.00444	0.00666	0.00915	0.01220	0.02634	0.82891	0.03161	0.01497	0.00610	0.00194	0.00277	0.01359	0.00444	0.00388
17	0.05839	0.00818	0.01091	0.00841	0.01207	0.00719	0.00694	0.02289	0.01344	0.77121	0.01832	0.01590	0.01154	0.00585	0.00473	0.00148	0.00405	0.00471	0.00579	0.00800
18	0.01891	0.00856	0.01125	0.00887	0.01224	0.03098	0.03262	0.02166	0.07051	0.62500	0.07084	0.03871	0.01447	0.00636	0.00491	0.00150	0.00416	0.00532	0.00554	0.00761
19	0.01762	0.01661	0.01381	0.01139	0.01464	0.30704	0.00903	0.45221	0.07285	0.02267	0.01053	0.01087	0.00786	0.00549	0.00461	0.00137	0.00639	0.00393	0.00394	0.00714
20	0.00582	0.00416	0.00555	0.00666	0.00693	0.00388	0.00444	0.00666	0.00915	0.01220	0.02634	0.82891	0.03161	0.01497	0.00610	0.00194	0.00277	0.01359	0.00444	0.00388
21	0.27905	0.00847	0.00985	0.00783	0.01130	0.00815	0.00646	0.02047	0.01199	0.56630	0.01513	0.01367	0.00980	0.00546	0.00424	0.00148	0.00395	0.00413	0.00501	0.00723
22	0.11375	0.01187	0.01449	0.22978	0.13227	0.10610	0.05176	0.15103	0.05186	0.06321	0.00991	0.01175	0.00746	0.00502	0.00474	0.00149	0.01980	0.00409	0.00313	0.00648
23	0.07254	0.01467	0.26166	0.01133	0.05280	0.04792	0.01087	0.07760	0.01272	0.37070	0.01324	0.01282	0.00882	0.00525	0.00457	0.00147	0.00537	0.00411	0.00407	0.00745

[dist]
# distance from previous block
# <min> <max>
0	1

[block]
# block no. 4 follows, 53 sequences, length 70
# corresponding to MSA columns:
# 856-925
name=unknown_E
#
# <colnr> <probs for GDERKNQSTAVLIFYWHMCP>
#	G	D	E	R	K	N	Q	S	T	A	V	L	I	F	Y	W	H	M	C	P
0	0.01456	0.01616	0.01678	0.02159	0.44630	0.34296	0.01221	0.04613	0.01243	0.01455	0.00842	0.01049	0.00701	0.00459	0.00456	0.00134	0.00688	0.00377	0.00250	0.00675
1	0.00726	0.00510	0.00592	0.00558	0.00715	0.00444	0.00423	0.00893	0.01214	0.07420	0.34341	0.03972	0.44304	0.01072	0.00558	0.00156	0.00248	0.00912	0.00487	0.00453
2	0.01062	0.14258	0.43421	0.01494	0.02083	0.01260	0.26786	0.01507	0.01042	0.01461	0.00865	0.01065	0.00646	0.00431	0.00468	0.00147	0.00710	0.00408	0.00215	0.00672
3	0.01016	0.00781	0.00835	0.00751	0.00982	0.00810	0.00583	0.07796	0.30944	0.07227	0.04754	0.04416	0.35366	0.00903	0.00523	0.00160	0.00328	0.00751	0.00475	0.00600
4	0.00910	0.00772	0.00820	0.00758	0.00971	0.00826	0.00583	0.01696	0.42623	0.01746	0.12861	0.02975	0.28764	0.00883	0.00523	0.00160	0.00312	0.00742	0.00477	0.00597
5	0.00641	0.00465	0.00605	0.00617	0.00704	0.00429	0.00445	0.00816	0.01200	0.01664	0.51638	0.29120	0.07561	0.01155	0.00579	0.00165	0.00243	0.01030	0.00496	0.00429
6	0.00565	0.00484	0.00484	0.00484	0.00646	0.00403	0.00363	0.00686	0.01089	0.01291	0.04842	0.04600	0.80027	0.01210	0.00565	0.00161	0.00242	0.01009	0.00444	0.00403
7	0.01224	0.00965	0.01093	0.00805	0.01209	0.00852	0.00651	0.21289	0.01324	0.03409	0.00965	0.01065	0.00758	0.00421	0.00388	0.00092	0.00396	0.00329	0.02677	0.60086
8	0.01278	0.83490	0.02505	0.00818	0.01227	0.01891	0.00818	0.01431	0.00971	0.01125	0.00664	0.00767	0.00613	0.00409	0.00307	0.00102	0.00511	0.00256	0.00204	0.00613
9	0.01994	0.01055	0.01259	0.00965	0.01341	0.01061	0.00797	0.37396	0.01772	0.44914	0.01546	0.01407	0.01013	0.00583	0.00479	0.00146	0.00462	0.00458	0.00539	0.00813
10	0.02117	0.00857	0.01136	0.00871	0.01242	0.00767	0.00719	0.08628	0.01441	0.74151	0.01825	0.01587	0.01153	0.00590	0.00480	0.00148	0.00417	0.00476	0.00582	0.00813
11	0.00570	0.00484	0.00491	0.00490	0.00649	0.00406	0.00367	0.00696	0.01102	0.01321	0.08388	0.04551	0.76463	0.01199	0.00565	0.00161	0.00241	0.01002	0.00448	0.00406
12	0.00694	0.00467	0.00541	0.00541	0.00548	0.00474	0.00314	0.00708	0.00701	0.00942	0.01488	0.03027	0.01694	0.76780	0.08795	0.00488	0.00529	0.00680	0.00287	0.00301
13	0.06041	0.00819	0.01090	0.00840	0.01206	0.00720	0.00694	0.02287	0.01342	0.76934	0.01829	0.01588	0.01152	0.00585	0.00472	0.00148	0.00405	0.00470	0.00578	0.00800
14	0.00704	0.00526	0.00688	0.00753	0.00870	0.00515	0.00629	0.00886	0.01045	0.01340	0.02949	0.04698	0.22563	0.04143	0.10266	0.00278	0.00489	0.45819	0.00414	0.00424
15	0.00770	0.00550	0.00770	0.00880	0.00990	0.00550	0.00770	0.00990	0.01100	0.01430	0.02531	0.05391	0.02751	0.01320	0.00660	0.00220	0.00440	0.77004	0.00440	0.00440
16	0.01817	0.01339	0.01434	0.01100	0.01482	0.01482	0.00908	0.78627	0.02247	0.03012	0.01148	0.01148	0.00813	0.00574	0.00478	0.00143	0.00526	0.00430	0.00478	0.00813
17	0.00903	0.00850	0.01434	0.82054	0.03292	0.01062	0.01327	0.01221	0.00956	0.01221	0.00850	0.01274	0.00637	0.00478	0.00478	0.00159	0.00637	0.00425	0.00212	0.00531
18	0.00642	0.00487	0.00591	0.00565	0.00693	0.00436	0.00424	0.00835	0.01272	0.01724	0.56826	0.03887	0.27773	0.01049	0.00564	0.00154	0.00231	0.00909	0.00501	0.00436
19	0.01767	0.02247	0.01357	0.01232	0.01472	0.79287	0.00927	0.01890	0.01339	0.01169	0.00736	0.00867	0.00616	0.00501	0.00459	0.00125	0.02900	0.00311	0.00245	0.00553
20	0.01183	0.01136	0.01940	0.02934	0.80221	0.01136	0.01467	0.01467	0.01088	0.01562	0.00899	0.01183	0.00757	0.00426	0.00473	0.00142	0.00568	0.00426	0.00237	0.00757
21	0.00656	0.00488	0.00611	0.00580	0.00702	0.00442	0.00435	0.00863	0.01306	0.01805	0.66515	0.03755	0.18033	0.01019	0.00564	0.00152	0.00228	0.00890	0.00511	0.00442
22	0.00565	0.00484	0.00484	0.00484	0.00646	0.00403	0.00363	0.00686	0.01089	0.01291	0.04842	0.04600	0.80027	0.01210	0.00565	0.00161	0.00242	0.01009	0.00444	0.00403
23	0.00566	0.00479	0.00490	0.00499	0.00649	0.00402	0.00370	0.00684	0.01075	0.01285	0.04664	0.10915	0.73827	0.01234	0.00569	0.00164	0.00245	0.01037	0.00444	0.00402
24	0.86579	0.00924	0.00702	0.00629	0.00924	0.01072	0.00518	0.01405	0.00813	0.02144	0.00666	0.00776	0.00518	0.00444	0.00296	0.00148	0.00370	0.00259	0.00296	0.00518
25	0.01189	0.01027	0.01081	0.00973	0.01243	0.01189	0.00757	0.02540	0.79357	0.01999	0.01945	0.01783	0.01459	0.00648	0.00486	0.00162	0.00378	0.00540	0.00486	0.00757
26	0.01048	0.01053	0.01506	0.01278	0.01293	0.01456	0.03429	0.01162	0.00744	0.01162	0.00638	0.01053	0.00630	0.00823	0.01538	0.00208	0.79818	0.00423	0.00210	0.00527
27	0.01788	0.01311	0.01404	0.01080	0.01454	0.01450	0.00891	0.76241	0.02209	0.02974	0.01160	0.01167	0.00826	0.00573	0.00474	0.00142	0.00517	0.00431	0.03106	0.00802
28	0.00676	0.00489	0.00639	0.00601	0.00714	0.00451	0.00451	0.00902	0.01353	0.01917	0.79969	0.03570	0.04510	0.00977	0.00564	0.00150	0.00225	0.00864	0.00526	0.00451
29	0.00582	0.00416	0.00555	0.00666	0.00693	0.00388	0.00444	0.00666	0.00915	0.01220	0.02634	0.82891	0.03161	0.01497	0.00610	0.00194	0.00277	0.01359	0.00444	0.00388
30	0.02144	0.00813	0.01109	0.00850	0.01220	0.00702	0.00702	0.02329	0.01368	0.80552	0.01886	0.01627	0.01183	0.00592	0.00481	0.00148	0.00407	0.00481	0.00592	0.00813
31	0.01750	0.07930	0.01435	0.01203	0.01460	0.75758	0.00916	0.01875	0.01328	0.01167	0.00734	0.00855	0.00616	0.00487	0.00422	0.00122	0.00838	0.00304	0.00243	0.00558
32	0.86579	0.00924	0.00702	0.00629	0.00924	0.01072	0.00518	0.01405	0.00813	0.02144	0.00666	0.00776	0.00518	0.00444	0.00296	0.00148	0.00370	0.00259	0.00296	0.00518
33	0.86579	0.00924	0.00702	0.00629	0.00924	0.01072	0.00518	0.01405	0.00813	0.02144	0.00666	0.00776	0.00518	0.00444	0.00296	0.00148	0.00370	0.00259	0.00296	0.00518
34	0.00582	0.00416	0.00555	0.00666	0.00693	0.00388	0.00444	0.00666	0.00915	0.01220	0.02634	0.82891	0.03161	0.01497	0.00610	0.00194	0.00277	0.01359	0.00444	0.00388
35	0.00961	0.00964	0.01793	0.61309	0.03086	0.01100	0.21326	0.01301	0.01000	0.01301	0.00880	0.01278	0.00660	0.00458	0.00500	0.00160	0.00681	0.00461	0.00220	0.00560
36	0.02144	0.00813	0.01109	0.00850	0.01220	0.00702	0.00702	0.02329	0.01368	0.80552	0.01886	0.01627	0.01183	0.00592	0.00481	0.00148	0.00407	0.00481	0.00592	0.00813
37	0.01618	0.00726	0.00955	0.00778	0.01060	0.00653	0.00624	0.04255	0.03493	0.50115	0.21290	0.05706	0.05083	0.00750	0.00510	0.00151	0.00353	0.00633	0.00557	0.00688
38	0.01055	0.00604	0.00621	0.00562	0.00721	0.00630	0.00436	0.14879	0.01223	0.02000	0.01486	0.01669	0.01152	0.00560	0.00360	0.00117	0.00277	0.00443	0.70694	0.00511
39	0.86579	0.00924	0.00702	0.00629	0.00924	0.01072	0.00518	0.01405	0.00813	0.02144	0.00666	0.00776	0.00518	0.00444	0.00296	0.00148	0.00370	0.00259	0.00296	0.00518
40	0.01831	0.00933	0.01136	0.00913	0.01255	0.00929	0.00741	0.10732	0.24138	0.49237	0.01822	0.01620	0.01223	0.00606	0.00482	0.00152	0.00411	0.00493	0.00549	0.00797
