[name]
unknown

[dist]
# distance from previous block
# <min> <max>
0	1467

[block]
# block no. 0 follows, 51 sequences, length 24
# corresponding to MSA columns:
# 1524-1547
name=unknown_A
#
# <colnr> <probs for GDERKNQSTAVLIFYWHMCP>
#	G	D	E	R	K	N	Q	S	T	A	V	L	I	F	Y	W	H	M	C	P
0	0.00599	0.00428	0.00570	0.00684	0.00713	0.00399	0.00456	0.00684	0.00941	0.01254	0.02709	0.82409	0.03250	0.01540	0.00627	0.00200	0.00285	0.01397	0.00456	0.00399
1	0.00663	0.00501	0.00612	0.00584	0.00714	0.00450	0.00438	0.00865	0.01314	0.01789	0.58361	0.03970	0.25794	0.01072	0.00580	0.00158	0.00237	0.00931	0.00517	0.00450
2	0.00886	0.00513	0.00577	0.00551	0.00682	0.00502	0.00416	0.01166	0.04722	0.04213	0.28206	0.02514	0.04056	0.00739	0.00441	0.00133	0.00243	0.00622	0.48332	0.00485
3	0.86201	0.00950	0.00722	0.00646	0.00950	0.01102	0.00532	0.01445	0.00836	0.02205	0.00684	0.00798	0.00532	0.00456	0.00304	0.00152	0.00380	0.00266	0.00304	0.00532
4	0.01355	0.76730	0.02483	0.00874	0.01281	0.08093	0.00849	0.01510	0.01029	0.01160	0.00689	0.00796	0.00631	0.00427	0.00325	0.00107	0.00554	0.00267	0.00214	0.00626
5	0.00680	0.00502	0.00635	0.00602	0.00725	0.00457	0.00451	0.00897	0.01354	0.01883	0.69307	0.03814	0.14789	0.01037	0.00580	0.00156	0.00234	0.00909	0.00529	0.00457
6	0.05634	0.01368	0.21801	0.38213	0.05661	0.03511	0.07318	0.01391	0.01025	0.01468	0.00931	0.01238	0.00699	0.00482	0.00468	0.00155	0.00643	0.00418	0.06972	0.00604
7	0.64430	0.01060	0.00917	0.00771	0.01098	0.01211	0.00636	0.21214	0.01217	0.02435	0.00812	0.00897	0.00611	0.00491	0.00353	0.00151	0.00422	0.00312	0.00353	0.00611
8	0.01182	0.01234	0.01813	0.33598	0.29565	0.12239	0.10445	0.01480	0.01108	0.01408	0.00890	0.01220	0.00706	0.00466	0.00493	0.00153	0.00683	0.00437	0.00235	0.00644
9	0.00691	0.00471	0.00539	0.00555	0.00568	0.00462	0.00325	0.00710	0.00769	0.01017	0.01903	0.14745	0.06220	0.66565	0.02126	0.00420	0.00436	0.00831	0.00329	0.00319
10	0.01273	0.22341	0.02015	0.08242	0.43338	0.05702	0.01244	0.03899	0.04680	0.01507	0.00906	0.01122	0.00758	0.00456	0.00441	0.00137	0.00580	0.00392	0.00253	0.00713
11	0.01519	0.01110	0.01843	0.01527	0.09548	0.01084	0.27672	0.13975	0.05565	0.22187	0.01360	0.01557	0.01008	0.06931	0.00680	0.00182	0.00600	0.00531	0.00398	0.00725
12	0.00641	0.00462	0.00575	0.00627	0.00683	0.00432	0.00425	0.00742	0.00995	0.01325	0.15319	0.41972	0.12220	0.17980	0.00998	0.00245	0.00316	0.03213	0.00438	0.00392
13	0.00715	0.00476	0.00536	0.00536	0.00536	0.00476	0.00298	0.00715	0.00715	0.00953	0.01548	0.03216	0.01787	0.82729	0.02501	0.00476	0.00476	0.00715	0.00298	0.00298
14	0.04016	0.19138	0.02033	0.07572	0.01824	0.08239	0.23335	0.04753	0.01185	0.14723	0.02308	0.01226	0.00837	0.00511	0.00547	0.00149	0.06191	0.00442	0.00313	0.00659
15	0.01025	0.00972	0.01649	0.55148	0.29027	0.01117	0.01413	0.01341	0.01028	0.01373	0.00891	0.01279	0.00697	0.00473	0.00490	0.00158	0.00631	0.00437	0.00227	0.00624
16	0.00800	0.00530	0.00654	0.00610	0.00762	0.00472	0.00462	0.00993	0.01301	0.09013	0.48511	0.06418	0.25520	0.01054	0.00574	0.00159	0.00256	0.00911	0.00520	0.00482
17	0.05722	0.03988	0.50118	0.06821	0.17081	0.01142	0.01583	0.01558	0.01055	0.05160	0.00922	0.01100	0.00677	0.00468	0.00461	0.00153	0.00656	0.00381	0.00239	0.00717
18	0.01469	0.01369	0.01586	0.01434	0.10816	0.16926	0.13869	0.23035	0.07088	0.03205	0.01164	0.01409	0.00931	0.06939	0.00644	0.00171	0.00623	0.00471	0.06175	0.00675
19	0.00630	0.00476	0.00583	0.00606	0.00707	0.00428	0.00436	0.00783	0.01163	0.01548	0.32527	0.30440	0.25379	0.01252	0.00596	0.00173	0.00255	0.01102	0.00488	0.00428
20	0.01825	0.01901	0.01305	0.01143	0.01420	0.55423	0.00876	0.10839	0.01477	0.11898	0.01022	0.01089	0.00777	0.00534	0.00449	0.00132	0.00739	0.00364	0.06158	0.00628
21	0.01311	0.01332	0.07993	0.02619	0.62705	0.06579	0.01438	0.01606	0.01152	0.07137	0.00982	0.01212	0.00787	0.00457	0.00483	0.00146	0.00604	0.00428	0.00267	0.00764
22	0.01210	0.01186	0.02102	0.02904	0.70507	0.01177	0.10579	0.01516	0.01124	0.01602	0.00933	0.01229	0.00775	0.00435	0.00498	0.00148	0.00613	0.00455	0.00244	0.00765
23	0.01881	0.01137	0.01414	0.01088	0.01472	0.01171	0.06298	0.36548	0.09462	0.31951	0.01535	0.01441	0.01039	0.00592	0.00500	0.00152	0.00500	0.00483	0.00519	0.00818

[dist]
# distance from previous block
# <min> <max>
0	1

[block]
# block no. 1 follows, 51 sequences, length 15
# corresponding to MSA columns:
# 1549-1563
name=unknown_B
#
# <colnr> <probs for GDERKNQSTAVLIFYWHMCP>
#	G	D	E	R	K	N	Q	S	T	A	V	L	I	F	Y	W	H	M	C	P
0	0.01188	0.03342	0.01160	0.00819	0.01243	0.04223	0.02909	0.03900	0.01112	0.07780	0.00960	0.01072	0.00763	0.00400	0.00387	0.00087	0.00415	0.00321	0.00317	0.67601
1	0.00715	0.00476	0.00536	0.00536	0.00536	0.00476	0.00298	0.00715	0.00715	0.00953	0.01548	0.03216	0.01787	0.82729	0.02501	0.00476	0.00476	0.00715	0.00298	0.00298
2	0.01235	0.29991	0.41350	0.01167	0.01736	0.01476	0.01344	0.13370	0.01221	0.01658	0.00860	0.00974	0.00658	0.00470	0.00419	0.00137	0.00629	0.00341	0.00252	0.00710
3	0.00621	0.00476	0.00540	0.00574	0.00667	0.00428	0.00398	0.00718	0.01005	0.01267	0.06527	0.26835	0.38307	0.16228	0.00948	0.00234	0.00306	0.03100	0.00430	0.00392
4	0.00636	0.00456	0.00588	0.00644	0.00711	0.00422	0.00449	0.00773	0.01092	0.01493	0.25959	0.50574	0.09184	0.01328	0.00601	0.00181	0.00265	0.01189	0.03034	0.00422
5	0.00703	0.00446	0.00530	0.00592	0.00647	0.00427	0.00399	0.00820	0.00945	0.01382	0.02352	0.45411	0.06165	0.11936	0.00791	0.00210	0.00293	0.01024	0.24523	0.00403
6	0.00916	0.00458	0.00458	0.00458	0.00573	0.00458	0.00344	0.01145	0.01031	0.01832	0.01603	0.01832	0.01260	0.00573	0.00344	0.00115	0.00229	0.00458	0.85457	0.00458
7	0.00696	0.00502	0.00657	0.00618	0.00734	0.00464	0.00464	0.00927	0.01391	0.01971	0.79405	0.03671	0.04637	0.01005	0.00580	0.00155	0.00232	0.00889	0.00541	0.00464
8	0.86201	0.00950	0.00722	0.00646	0.00950	0.01102	0.00532	0.01445	0.00836	0.02205	0.00684	0.00798	0.00532	0.00456	0.00304	0.00152	0.00380	0.00266	0.00304	0.00532
9	0.01439	0.52716	0.09003	0.00998	0.01411	0.16682	0.00955	0.09163	0.01206	0.01392	0.00764	0.00867	0.00651	0.00457	0.00370	0.00118	0.00612	0.00299	0.00246	0.00648
10	0.00715	0.00476	0.00536	0.00536	0.00536	0.00476	0.00298	0.00715	0.00715	0.00953	0.01548	0.03216	0.01787	0.82729	0.02501	0.00476	0.00476	0.00715	0.00298	0.00298
11	0.00715	0.00476	0.00536	0.00536	0.00536	0.00476	0.00298	0.00715	0.00715	0.00953	0.01548	0.03216	0.01787	0.82729	0.02501	0.00476	0.00476	0.00715	0.00298	0.00298
12	0.70344	0.01030	0.00864	0.00737	0.01058	0.01182	0.00608	0.15844	0.01114	0.02373	0.00777	0.00870	0.00589	0.00481	0.00339	0.00151	0.00410	0.00299	0.00339	0.00589
13	0.01357	0.27500	0.16155	0.01047	0.01495	0.03169	0.03817	0.09986	0.13399	0.08510	0.01119	0.01159	0.00851	0.00499	0.00423	0.00133	0.00538	0.00382	0.00330	0.08129
14	0.01346	0.29508	0.10395	0.00982	0.01336	0.13353	0.00913	0.12805	0.01306	0.03808	0.09597	0.01422	0.04198	0.00588	0.00479	0.00134	0.04082	0.00426	0.02691	0.00633

[dist]
# distance from previous block
# <min> <max>
0	3

[block]
# block no. 2 follows, 51 sequences, length 35
# corresponding to MSA columns:
# 1567-1601
name=unknown_C
#
# <colnr> <probs for GDERKNQSTAVLIFYWHMCP>
#	G	D	E	R	K	N	Q	S	T	A	V	L	I	F	Y	W	H	M	C	P
0	0.01445	0.05397	0.04011	0.01050	0.01295	0.37179	0.00844	0.05561	0.04419	0.06905	0.04541	0.07005	0.03345	0.03433	0.00567	0.00163	0.00639	0.11271	0.00355	0.00575
1	0.07038	0.15775	0.50986	0.01292	0.05481	0.01269	0.01456	0.01619	0.05861	0.03549	0.00933	0.01053	0.00694	0.00473	0.00434	0.00147	0.00633	0.00358	0.00245	0.00705
2	0.03408	0.01840	0.45266	0.01148	0.01662	0.03766	0.01302	0.07860	0.06504	0.04552	0.11249	0.01691	0.06411	0.00616	0.00489	0.00155	0.00579	0.00494	0.00328	0.00678
3	0.00616	0.00440	0.00560	0.00650	0.00682	0.00412	0.00426	0.00690	0.00916	0.01211	0.02662	0.65248	0.07592	0.14337	0.00920	0.00241	0.00313	0.01268	0.00431	0.00384
4	0.00953	0.04161	0.20192	0.01092	0.01452	0.07607	0.12168	0.01286	0.04739	0.01427	0.02513	0.02534	0.31354	0.00796	0.00591	0.00161	0.05413	0.00663	0.00328	0.00571
5	0.01599	0.11873	0.17423	0.01130	0.06784	0.00990	0.02905	0.01878	0.01234	0.37996	0.06242	0.01483	0.01168	0.00552	0.00466	0.00143	0.00502	0.00451	0.00422	0.04760
6	0.00704	0.00519	0.00754	0.00754	0.00829	0.00595	0.00569	0.00854	0.00779	0.01114	0.01349	0.02113	0.01308	0.14920	0.69656	0.00745	0.01197	0.00553	0.00268	0.00419
7	0.01176	0.01122	0.01890	0.14007	0.66130	0.01159	0.01462	0.01512	0.03863	0.01572	0.00955	0.01251	0.00787	0.00454	0.00488	0.00149	0.00587	0.00442	0.00249	0.00746
8	0.01657	0.01756	0.01389	0.14403	0.01797	0.43233	0.00992	0.16138	0.07807	0.04713	0.01004	0.01119	0.00768	0.00537	0.00467	0.00141	0.00725	0.00386	0.00326	0.00643
9	0.59992	0.01205	0.00951	0.03887	0.04962	0.15526	0.00694	0.01576	0.00981	0.05334	0.00771	0.00891	0.00597	0.00472	0.00353	0.00148	0.00494	0.00300	0.00302	0.00565
10	0.01073	0.01071	0.06475	0.08161	0.10430	0.10733	0.00848	0.02841	0.05268	0.04132	0.03532	0.04917	0.08546	0.18127	0.01002	0.00225	0.06623	0.00586	0.04871	0.00539
11	0.01157	0.01101	0.01857	0.02788	0.72241	0.01096	0.01405	0.01432	0.01111	0.01576	0.01198	0.05210	0.04580	0.00528	0.00498	0.00149	0.00554	0.00511	0.00263	0.00744
12	0.01295	0.01132	0.01370	0.01317	0.10521	0.02779	0.00953	0.17009	0.27207	0.01926	0.01299	0.02803	0.01045	0.00729	0.02322	0.00180	0.20559	0.00486	0.00378	0.04691
13	0.00644	0.00500	0.00585	0.00564	0.00702	0.00442	0.00423	0.00827	0.01269	0.01680	0.45821	0.04149	0.38402	0.01113	0.00580	0.00160	0.00240	0.00956	0.00503	0.00442
14	0.01517	0.01014	0.01151	0.00915	0.01263	0.04679	0.00735	0.06779	0.17545	0.25527	0.01433	0.01396	0.01036	0.00553	0.00520	0.00132	0.05378	0.00428	0.00437	0.27562
15	0.00988	0.00570	0.00715	0.00644	0.00827	0.00504	0.00495	0.01176	0.01304	0.18662	0.39547	0.06681	0.23960	0.01005	0.00563	0.00159	0.00279	0.00864	0.00529	0.00529
16	0.01108	0.00871	0.01028	0.00739	0.01171	0.00660	0.00593	0.01324	0.01048	0.07490	0.00953	0.01068	0.00765	0.00382	0.00374	0.00079	0.00368	0.00306	0.00315	0.79357
17	0.01077	0.00902	0.00987	0.00900	0.01132	0.01012	0.00698	0.02140	0.57023	0.02019	0.21796	0.02397	0.02336	0.00771	0.00525	0.00165	0.00350	0.02571	0.00509	0.00689
18	0.00702	0.00527	0.00790	0.00790	0.00878	0.00614	0.00614	0.00878	0.00790	0.01141	0.01316	0.01931	0.01229	0.03686	0.80782	0.00790	0.01316	0.00527	0.00263	0.00439
19	0.00590	0.00497	0.00505	0.00504	0.00662	0.00419	0.00374	0.00714	0.01116	0.01338	0.07600	0.04637	0.73942	0.04134	0.00649	0.00177	0.00256	0.01020	0.00454	0.00412
20	0.00599	0.00428	0.00570	0.00684	0.00713	0.00399	0.00456	0.00684	0.00941	0.01254	0.02709	0.82409	0.03250	0.01540	0.00627	0.00200	0.00285	0.01397	0.00456	0.00399
21	0.86201	0.00950	0.00722	0.00646	0.00950	0.01102	0.00532	0.01445	0.00836	0.02205	0.00684	0.00798	0.00532	0.00456	0.00304	0.00152	0.00380	0.00266	0.00304	0.00532
22	0.01101	0.00896	0.01045	0.00752	0.01185	0.00698	0.00604	0.04874	0.01093	0.04442	0.00925	0.01050	0.00750	0.00383	0.00375	0.00079	0.00374	0.00305	0.00312	0.78758
23	0.01466	0.01538	0.01155	0.01041	0.01288	0.35761	0.00795	0.06200	0.28242	0.01710	0.04389	0.01457	0.01179	0.00594	0.00459	0.00141	0.00588	0.00446	0.10912	0.00638
24	0.01469	0.11337	0.01775	0.14612	0.12929	0.08754	0.07971	0.25167	0.05069	0.04677	0.01041	0.01191	0.00790	0.00512	0.00473	0.00145	0.00610	0.00426	0.00338	0.00712
25	0.01134	0.01646	0.28317	0.09571	0.43755	0.03983	0.01579	0.01518	0.01089	0.01543	0.00900	0.01153	0.00709	0.00455	0.00479	0.00150	0.00649	0.00408	0.00229	0.00732
26	0.01186	0.08487	0.41785	0.01568	0.13307	0.04372	0.07677	0.05271	0.01166	0.05576	0.04350	0.01214	0.00871	0.00493	0.00473	0.00149	0.00658	0.00415	0.00267	0.00714
27	0.01065	0.05444	0.01491	0.01174	0.01376	0.01117	0.15047	0.09455	0.10732	0.01601	0.03138	0.23976	0.01599	0.00894	0.00797	0.00181	0.19219	0.00745	0.00360	0.00587
28	0.06669	0.00958	0.03557	0.02651	0.02953	0.05182	0.05832	0.06215	0.02231	0.33453	0.11311	0.09518	0.01755	0.00747	0.00517	0.00160	0.00459	0.04679	0.00480	0.00673
29	0.01221	0.01322	0.10732	0.06369	0.32936	0.01166	0.17416	0.08193	0.02127	0.03317	0.00976	0.01218	0.00763	0.00463	0.00524	0.00148	0.02696	0.00450	0.00275	0.07687
30	0.00875	0.00792	0.00916	0.00863	0.00918	0.07378	0.00647	0.00972	0.00850	0.01135	0.01560	0.11025	0.06736	0.21972	0.20044	0.00402	0.21528	0.00662	0.00293	0.00434
31	0.00706	0.00510	0.00704	0.00704	0.00762	0.00568	0.00507	0.00822	0.00764	0.01077	0.01395	0.02366	0.01417	0.30437	0.54289	0.00684	0.01032	0.00590	0.00275	0.00391
32	0.03693	0.01868	0.34776	0.01430	0.08070	0.11901	0.07723	0.07431	0.02506	0.12618	0.01074	0.01205	0.00781	0.02148	0.00517	0.00157	0.00668	0.00413	0.00306	0.00714
33	0.03514	0.34756	0.11638	0.01156	0.06761	0.18569	0.01004	0.05089	0.03858	0.04506	0.04272	0.01083	0.00874	0.00496	0.00406	0.00128	0.00607	0.00353	0.00276	0.00652
34	0.00940	0.00708	0.00756	0.00738	0.00897	0.04106	0.00541	0.01329	0.18239	0.08608	0.02901	0.28187	0.22077	0.06801	0.00698	0.00195	0.00350	0.00942	0.00460	0.00527

[dist]
# distance from previous block
# <min> <max>
0	4

[block]
# block no. 3 follows, 51 sequences, length 36
# corresponding to MSA columns:
# 1606-1641
name=unknown_D
#
# <colnr> <probs for GDERKNQSTAVLIFYWHMCP>
#	G	D	E	R	K	N	Q	S	T	A	V	L	I	F	Y	W	H	M	C	P
0	0.01219	0.03528	0.16044	0.02927	0.07579	0.02776	0.13105	0.03628	0.16375	0.10306	0.05239	0.02750	0.05596	0.00592	0.00499	0.00152	0.00543	0.00527	0.00365	0.06250
1	0.01384	0.47317	0.13102	0.01099	0.04566	0.19237	0.01021	0.03190	0.01124	0.01294	0.00765	0.00890	0.00652	0.00453	0.00376	0.00120	0.00631	0.00303	0.01838	0.00637
2	0.69025	0.04796	0.00911	0.00753	0.01055	0.13818	0.00612	0.01528	0.00932	0.01999	0.00696	0.00812	0.00553	0.00463	0.00327	0.00146	0.00467	0.00274	0.00292	0.00543
3	0.01084	0.26690	0.56898	0.01233	0.01867	0.01382	0.01523	0.01531	0.01026	0.01436	0.00822	0.00963	0.00625	0.00453	0.00421	0.00140	0.00666	0.00333	0.00208	0.00698
4	0.00597	0.00498	0.00521	0.00522	0.00679	0.00422	0.00393	0.00733	0.01142	0.01391	0.12024	0.06442	0.68944	0.01231	0.00584	0.00167	0.00252	0.02576	0.00464	0.00420
5	0.00916	0.00458	0.00458	0.00458	0.00573	0.00458	0.00344	0.01145	0.01031	0.01832	0.01603	0.01832	0.01260	0.00573	0.00344	0.00115	0.00229	0.00458	0.85457	0.00458
6	0.01260	0.01172	0.06529	0.00968	0.01314	0.05092	0.00810	0.08737	0.38708	0.05083	0.05874	0.01595	0.01336	0.00590	0.00469	0.00141	0.00438	0.00480	0.00429	0.18976
7	0.01836	0.02342	0.01393	0.01266	0.01519	0.80756	0.00950	0.01962	0.01393	0.01203	0.00760	0.00886	0.00633	0.00506	0.00443	0.00127	0.00886	0.00317	0.00253	0.00570
8	0.00607	0.00434	0.00577	0.00679	0.00715	0.00405	0.00457	0.00705	0.00979	0.01315	0.09141	0.75805	0.03367	0.01495	0.00623	0.00196	0.00281	0.01354	0.00463	0.00405
9	0.01516	0.01289	0.01271	0.01072	0.01390	0.08459	0.00851	0.30428	0.43580	0.02364	0.01586	0.01507	0.01177	0.00624	0.00492	0.00156	0.00490	0.00492	0.00475	0.00781
10	0.00702	0.00525	0.00782	0.00782	0.00867	0.00610	0.00605	0.00873	0.00788	0.01135	0.01323	0.01969	0.01245	0.06076	0.78415	0.00780	0.01291	0.00532	0.00264	0.00435
11	0.00599	0.00428	0.00570	0.00684	0.00713	0.00399	0.00456	0.00684	0.00941	0.01254	0.02709	0.82409	0.03250	0.01540	0.00627	0.00200	0.00285	0.01397	0.00456	0.00399
12	0.86201	0.00950	0.00722	0.00646	0.00950	0.01102	0.00532	0.01445	0.00836	0.02205	0.00684	0.00798	0.00532	0.00456	0.00304	0.00152	0.00380	0.00266	0.00304	0.00532
13	0.01145	0.01108	0.01792	0.27602	0.51512	0.03561	0.01429	0.01468	0.02870	0.01494	0.00928	0.01250	0.00752	0.00462	0.00487	0.00151	0.00611	0.00437	0.00242	0.00699
14	0.01002	0.00912	0.01480	0.66271	0.09164	0.01098	0.01320	0.06032	0.01083	0.01408	0.00984	0.01509	0.00786	0.00537	0.00500	0.00165	0.00632	0.04287	0.00249	0.00578
15	0.86201	0.00950	0.00722	0.00646	0.00950	0.01102	0.00532	0.01445	0.00836	0.02205	0.00684	0.00798	0.00532	0.00456	0.00304	0.00152	0.00380	0.00266	0.00304	0.00532
16	0.00655	0.00483	0.00613	0.00619	0.00719	0.00440	0.00449	0.00834	0.01238	0.01699	0.49502	0.24018	0.14560	0.01175	0.00592	0.00168	0.00248	0.01040	0.00508	0.00440
17	0.00703	0.00522	0.00767	0.00767	0.00847	0.00602	0.00586	0.00863	0.00783	0.01124	0.01337	0.02046	0.01279	0.10789	0.73747	0.00762	0.01241	0.00543	0.00266	0.00426
18	0.01295	0.01058	0.01212	0.01038	0.01333	0.01185	0.04681	0.10076	0.58880	0.05573	0.06672	0.01849	0.01577	0.00665	0.00508	0.00163	0.00418	0.00563	0.00494	0.00761
19	0.00823	0.00660	0.00762	0.00787	0.00914	0.00698	0.00567	0.01383	0.29141	0.01549	0.02595	0.48336	0.07416	0.01205	0.00578	0.00186	0.00320	0.01070	0.00472	0.00537
20	0.01791	0.01268	0.01379	0.01083	0.01455	0.01393	0.00886	0.57601	0.15350	0.10520	0.01396	0.01341	0.00987	0.00605	0.00493	0.00151	0.00503	0.00467	0.00505	0.00826
21	0.21644	0.01300	0.01296	0.01020	0.01389	0.03381	0.00840	0.58188	0.01942	0.02841	0.01053	0.01083	0.00760	0.00556	0.00446	0.00148	0.00512	0.00398	0.00442	0.00758
22	0.86201	0.00950	0.00722	0.00646	0.00950	0.01102	0.00532	0.01445	0.00836	0.02205	0.00684	0.00798	0.00532	0.00456	0.00304	0.00152	0.00380	0.00266	0.00304	0.00532
23	0.00688	0.00502	0.00641	0.00662	0.00750	0.00478	0.00479	0.00899	0.04265	0.01617	0.38554	0.29062	0.06749	0.06792	0.00730	0.00196	0.00286	0.05721	0.00487	0.00441
24	0.01210	0.01143	0.01841	0.04637	0.65301	0.01174	0.01388	0.01678	0.13476	0.01668	0.01094	0.01317	0.00890	0.00476	0.00489	0.00150	0.00555	0.00457	0.00284	0.00773
25	0.00609	0.00498	0.00529	0.00522	0.00670	0.00427	0.00386	0.00747	0.01150	0.01429	0.18687	0.04455	0.61568	0.05332	0.00678	0.00180	0.00257	0.00993	0.00464	0.00418
26	0.02146	0.00823	0.01122	0.00864	0.01234	0.00712	0.00712	0.02338	0.01406	0.76969	0.04952	0.01750	0.01350	0.00624	0.00498	0.00152	0.00411	0.00510	0.00606	0.00822
27	0.00777	0.00581	0.00842	0.00839	0.00933	0.00657	0.00646	0.00932	0.00838	0.01211	0.01383	0.02020	0.01291	0.03697	0.79912	0.00796	0.01331	0.00549	0.00288	0.00477
28	0.00614	0.00443	0.00582	0.00665	0.00714	0.00411	0.00454	0.00726	0.01024	0.01378	0.15744	0.65859	0.06688	0.01437	0.00617	0.00191	0.00275	0.01296	0.00470	0.00411
29	0.01868	0.01376	0.01475	0.01131	0.01524	0.01524	0.00934	0.78025	0.02311	0.03097	0.01180	0.01180	0.00836	0.00590	0.00492	0.00147	0.00541	0.00442	0.00492	0.00836
30	0.86201	0.00950	0.00722	0.00646	0.00950	0.01102	0.00532	0.01445	0.00836	0.02205	0.00684	0.00798	0.00532	0.00456	0.00304	0.00152	0.00380	0.00266	0.00304	0.00532
31	0.00928	0.00766	0.00968	0.02770	0.12161	0.02299	0.00714	0.07632	0.11414	0.01678	0.14441	0.24471	0.10647	0.03254	0.02101	0.00189	0.00397	0.02181	0.00431	0.00557
32	0.01197	0.02200	0.63278	0.01294	0.01948	0.01082	0.01586	0.04725	0.01141	0.12889	0.01045	0.01134	0.00720	0.00489	0.00469	0.00152	0.00664	0.00383	0.00279	0.03327
33	0.05924	0.00987	0.01367	0.02928	0.15027	0.00972	0.05438	0.16231	0.01452	0.31235	0.06406	0.01709	0.05174	0.00610	0.00494	0.00151	0.00474	0.00518	0.02161	0.00743
34	0.01383	0.02456	0.15631	0.01298	0.10904	0.04098	0.05050	0.10541	0.05481	0.16104	0.06602	0.01419	0.01124	0.00532	0.00472	0.00138	0.00525	0.00448	0.00375	0.15419
35	0.22569	0.10205	0.16062	0.04453	0.06465	0.04448	0.08648	0.11801	0.02708	0.05476	0.02297	0.01105	0.00767	0.00491	0.00430	0.00148	0.00569	0.00385	0.00308	0.00667

[dist]
# distance from previous block
# <min> <max>
0	7

[block]
# block no. 4 follows, 51 sequences, length 23
# corresponding to MSA columns:
# 1649-1671
name=unknown_E
#
# <colnr> <probs for GDERKNQSTAVLIFYWHMCP>
#	G	D	E	R	K	N	Q	S	T	A	V	L	I	F	Y	W	H	M	C	P
0	0.07976	0.11384	0.13067	0.02243	0.16125	0.02464	0.01037	0.11192	0.08459	0.07641	0.04042	0.03656	0.01050	0.00551	0.00447	0.00143	0.00508	0.00445	0.03274	0.04294
1	0.06560	0.01578	0.14723	0.01353	0.09171	0.12036	0.05267	0.26084	0.04951	0.06430	0.01067	0.01150	0.00787	0.00515	0.00466	0.00143	0.00604	0.00406	0.00357	0.06352
2	0.01168	0.12146	0.32738	0.01201	0.03756	0.05361	0.05027	0.08155	0.01163	0.04872	0.01280	0.03938	0.06037	0.04699	0.00606	0.00164	0.03354	0.00467	0.00287	0.03580
3	0.00868	0.00607	0.00822	0.00764	0.00821	0.00683	0.00573	0.00874	0.00852	0.03847	0.08641	0.02281	0.14093	0.06879	0.07225	0.31248	0.17638	0.00597	0.00306	0.00381
4	0.01080	0.01329	0.20268	0.01244	0.06613	0.01092	0.04552	0.08770	0.17440	0.01657	0.01259	0.01577	0.01043	0.07974	0.14084	0.00295	0.08269	0.00489	0.00318	0.00647
5	0.00712	0.00485	0.00581	0.00581	0.00596	0.00501	0.00354	0.00743	0.00728	0.00986	0.01508	0.02989	0.01688	0.68804	0.16292	0.00532	0.00624	0.00682	0.00292	0.00323
6	0.07203	0.25224	0.01692	0.01029	0.01380	0.07767	0.04821	0.15272	0.27177	0.01892	0.01231	0.01241	0.00956	0.00541	0.00431	0.00141	0.00517	0.00413	0.00368	0.00706
7	0.01329	0.01064	0.01761	0.02514	0.61514	0.01045	0.01316	0.01594	0.01156	0.13797	0.01214	0.05161	0.01021	0.00542	0.00500	0.00152	0.00540	0.02705	0.00316	0.00760
8	0.01549	0.27148	0.15056	0.01252	0.09979	0.01277	0.04907	0.04069	0.01199	0.27219	0.01185	0.01205	0.00849	0.00496	0.00437	0.00138	0.00546	0.00396	0.00354	0.00738
9	0.01314	0.83025	0.02575	0.00841	0.01261	0.01945	0.00841	0.01472	0.00999	0.01156	0.00683	0.00788	0.00631	0.00420	0.00315	0.00105	0.00526	0.00263	0.00210	0.00631
10	0.00876	0.00588	0.00704	0.00645	0.00820	0.00546	0.00494	0.01175	0.08248	0.10438	0.41704	0.03600	0.26271	0.01002	0.00563	0.00159	0.00272	0.00859	0.00520	0.00519
11	0.02104	0.00813	0.06936	0.01121	0.13236	0.00665	0.05854	0.01000	0.01108	0.01473	0.11150	0.12907	0.31662	0.03426	0.00620	0.00177	0.00397	0.04443	0.00392	0.00515
12	0.02012	0.00997	0.01222	0.00953	0.01325	0.00980	0.00782	0.21553	0.10080	0.52039	0.01753	0.01566	0.01151	0.00610	0.00494	0.00152	0.00446	0.00488	0.00567	0.00830
13	0.00678	0.00498	0.00635	0.00609	0.00725	0.00455	0.00454	0.00889	0.01336	0.01860	0.66972	0.08363	0.12572	0.01061	0.00583	0.00158	0.00237	0.00934	0.00527	0.00455
14	0.01075	0.00921	0.01531	0.56414	0.19715	0.01062	0.01319	0.01382	0.01042	0.06559	0.00980	0.01331	0.00739	0.00490	0.00485	0.00157	0.00610	0.00441	0.03133	0.00613
15	0.01622	0.19534	0.01584	0.01133	0.01406	0.56608	0.00898	0.01758	0.01276	0.01208	0.00913	0.04530	0.00847	0.00572	0.00435	0.00130	0.00763	0.03953	0.00262	0.00570
16	0.01833	0.01242	0.01366	0.01060	0.01429	0.01345	0.00870	0.62963	0.02102	0.12872	0.01351	0.04519	0.00994	0.00630	0.00493	0.00149	0.00506	0.00488	0.02981	0.00807
17	0.01036	0.00493	0.00522	0.00497	0.00636	0.00483	0.00379	0.01262	0.01066	0.09118	0.01634	0.01817	0.01256	0.00576	0.00358	0.00118	0.00247	0.00461	0.77549	0.00493
18	0.00620	0.00447	0.00574	0.00650	0.00699	0.00415	0.00439	0.00722	0.01000	0.01337	0.13521	0.59595	0.08920	0.07693	0.00761	0.00212	0.00290	0.01247	0.00456	0.00402
19	0.01351	0.00776	0.01076	0.01112	0.13476	0.00729	0.00742	0.06595	0.01401	0.27852	0.32590	0.02503	0.06144	0.00767	0.00531	0.00152	0.00371	0.00664	0.00509	0.00660
20	0.01840	0.01607	0.01424	0.01153	0.01502	0.23193	0.00924	0.51005	0.05651	0.05177	0.01130	0.01147	0.00825	0.00571	0.00479	0.00143	0.00624	0.00415	0.00431	0.00760
21	0.01178	0.01136	0.01724	0.02507	0.61945	0.06321	0.01279	0.01412	0.01073	0.01475	0.01012	0.01512	0.00929	0.13495	0.00803	0.00197	0.00587	0.00474	0.00253	0.00688
22	0.06413	0.01425	0.01311	0.01073	0.01413	0.18060	0.00859	0.34877	0.12800	0.14866	0.01303	0.01270	0.00932	0.00579	0.00473	0.00147	0.00564	0.00431	0.00451	0.00755

[dist]
# distance from previous block
# <min> <max>
0	1

[block]
# block no. 5 follows, 51 sequences, length 21
# corresponding to MSA columns:
# 1673-1693
name=unknown_F
#
# <colnr> <probs for GDERKNQSTAVLIFYWHMCP>
#	G	D	E	R	K	N	Q	S	T	A	V	L	I	F	Y	W	H	M	C	P
0	0.03815	0.00887	0.01061	0.00931	0.01201	0.00908	0.00775	0.23710	0.04648	0.20833	0.02069	0.06298	0.05345	0.00905	0.00556	0.00177	0.00449	0.24267	0.00499	0.00667
1	0.32252	0.11464	0.01209	0.00857	0.01182	0.01305	0.00713	0.18894	0.20111	0.02220	0.01154	0.01178	0.00879	0.00538	0.00397	0.00147	0.00430	0.00384	0.04017	0.00669
2	0.01219	0.59858	0.24915	0.01002	0.01510	0.01713	0.01121	0.01496	0.01010	0.01271	0.00740	0.00860	0.00628	0.00434	0.00359	0.00120	0.00583	0.00292	0.00209	0.00658
3	0.00704	0.00517	0.00743	0.00743	0.00814	0.00589	0.00555	0.00847	0.00776	0.01106	0.01360	0.02170	0.01332	0.18405	0.66205	0.00731	0.01160	0.00562	0.00270	0.00413
4	0.00960	0.00906	0.01532	0.72868	0.11816	0.01100	0.01381	0.01284	0.00998	0.01294	0.00879	0.01300	0.00669	0.00485	0.00491	0.00162	0.00647	0.00437	0.00221	0.00572
5	0.86201	0.00950	0.00722	0.00646	0.00950	0.01102	0.00532	0.01445	0.00836	0.02205	0.00684	0.00798	0.00532	0.00456	0.00304	0.00152	0.00380	0.00266	0.00304	0.00532
6	0.00651	0.00501	0.00595	0.00571	0.00707	0.00445	0.00428	0.00841	0.01285	0.01719	0.50324	0.04084	0.33874	0.01098	0.00580	0.00159	0.00239	0.00947	0.00508	0.00445
7	0.01314	0.83025	0.02575	0.00841	0.01261	0.01945	0.00841	0.01472	0.00999	0.01156	0.00683	0.00788	0.00631	0.00420	0.00315	0.00105	0.00526	0.00263	0.00210	0.00631
8	0.00631	0.00490	0.00554	0.00553	0.00672	0.00435	0.00396	0.00767	0.01128	0.01453	0.25122	0.11149	0.41940	0.11542	0.00828	0.00205	0.00276	0.00987	0.00460	0.00412
9	0.00599	0.00428	0.00570	0.00684	0.00713	0.00399	0.00456	0.00684	0.00941	0.01254	0.02709	0.82409	0.03250	0.01540	0.00627	0.00200	0.00285	0.01397	0.00456	0.00399
10	0.00609	0.00439	0.00579	0.00682	0.00723	0.00409	0.00466	0.00706	0.00971	0.01289	0.05256	0.73174	0.06838	0.01501	0.00626	0.00198	0.00288	0.04382	0.00459	0.00404
11	0.01267	0.01078	0.01136	0.01009	0.01295	0.01243	0.00789	0.07854	0.73461	0.02128	0.01943	0.01788	0.01454	0.00661	0.00499	0.00165	0.00399	0.00548	0.00499	0.00782
12	0.01841	0.01363	0.01459	0.01125	0.01514	0.01511	0.00927	0.74819	0.05562	0.03053	0.01215	0.01208	0.00864	0.00593	0.00492	0.00148	0.00534	0.00447	0.00492	0.00833
13	0.01150	0.01294	0.02769	0.01978	0.02471	0.01202	0.72506	0.01551	0.01150	0.01576	0.00986	0.01304	0.00744	0.00411	0.00565	0.00159	0.00796	0.00560	0.00252	0.06576
14	0.03097	0.00468	0.00668	0.00658	0.00678	0.00478	0.00448	0.02657	0.00693	0.00955	0.00872	0.01481	0.00856	0.01707	0.04272	0.78660	0.00456	0.00426	0.00224	0.00245
15	0.01112	0.00871	0.01029	0.00739	0.01172	0.00660	0.00593	0.01328	0.01049	0.07741	0.00957	0.01070	0.00766	0.00383	0.00374	0.00079	0.00368	0.00307	0.00316	0.79085
16	0.00918	0.00688	0.00912	0.00847	0.00939	0.00803	0.00649	0.06982	0.02708	0.04195	0.01381	0.05974	0.01360	0.19376	0.35215	0.00505	0.13665	0.02096	0.00312	0.00476
17	0.79024	0.00949	0.00771	0.00681	0.00978	0.01099	0.00561	0.01481	0.00861	0.05912	0.00743	0.00851	0.00569	0.00478	0.00361	0.00154	0.03380	0.00283	0.00315	0.00547
18	0.00705	0.00539	0.00727	0.00761	0.00884	0.00506	0.02908	0.00890	0.01139	0.01484	0.15555	0.18093	0.21039	0.01277	0.00628	0.00194	0.00352	0.31415	0.00462	0.00443
19	0.02722	0.05445	0.01890	0.09944	0.09775	0.09780	0.26400	0.02808	0.08952	0.03080	0.06300	0.03346	0.01164	0.00625	0.02133	0.00170	0.02557	0.01966	0.00308	0.00635
20	0.01066	0.09502	0.58126	0.01311	0.01940	0.03598	0.04628	0.01618	0.06453	0.01548	0.00942	0.01077	0.00695	0.00470	0.00454	0.00147	0.00675	0.00371	0.00235	0.05144

[dist]
# distance from previous block
# <min> <max>
1	7

[block]
# block no. 6 follows, 51 sequences, length 22
# corresponding to MSA columns:
# 1701-1722
name=unknown_G
#
# <colnr> <probs for GDERKNQSTAVLIFYWHMCP>
#	G	D	E	R	K	N	Q	S	T	A	V	L	I	F	Y	W	H	M	C	P
0	0.08105	0.16682	0.10385	0.01227	0.06971	0.29081	0.01002	0.04047	0.15054	0.01547	0.00998	0.01079	0.00794	0.00508	0.00426	0.00137	0.00643	0.00363	0.00294	0.00655
1	0.11514	0.01016	0.01171	0.00972	0.03612	0.01047	0.00766	0.26809	0.06255	0.31973	0.03957	0.01480	0.01129	0.00594	0.00466	0.00149	0.00440	0.00464	0.05423	0.00762
2	0.01779	0.01261	0.01356	0.01051	0.01414	0.01384	0.00864	0.67287	0.02144	0.05643	0.01251	0.01266	0.00894	0.00589	0.00476	0.00144	0.00504	0.00446	0.09451	0.00796
3	0.01206	0.01157	0.01975	0.05938	0.76826	0.01165	0.01503	0.01499	0.01114	0.01592	0.00922	0.01220	0.00774	0.00440	0.00487	0.00147	0.00586	0.00438	0.00242	0.00770
4	0.00688	0.00450	0.00606	0.00697	0.00742	0.00420	0.00477	0.00766	0.00950	0.04589	0.02565	0.71634	0.03011	0.01503	0.00698	0.05143	0.00305	0.03897	0.00448	0.00409
5	0.00677	0.00501	0.00592	0.00581	0.00716	0.00443	0.00431	0.00845	0.01226	0.03735	0.36991	0.12840	0.36328	0.01156	0.00583	0.00164	0.00250	0.00998	0.00497	0.00446
6	0.01890	0.01341	0.01453	0.01114	0.01506	0.01471	0.00920	0.73031	0.02251	0.08176	0.01230	0.01212	0.00861	0.00591	0.00492	0.00148	0.00533	0.00446	0.00499	0.00836
7	0.00768	0.00482	0.00653	0.00636	0.00655	0.00479	0.02706	0.00715	0.00721	0.00963	0.01368	0.08587	0.01523	0.43481	0.03750	0.30817	0.00473	0.00656	0.00278	0.00289
8	0.00599	0.00428	0.00570	0.00684	0.00713	0.00399	0.00456	0.00684	0.00941	0.01254	0.02709	0.82409	0.03250	0.01540	0.00627	0.00200	0.00285	0.01397	0.00456	0.00399
9	0.01522	0.00772	0.00896	0.00747	0.01007	0.00769	0.00597	0.12041	0.09019	0.29220	0.01702	0.01689	0.01211	0.00597	0.00431	0.00137	0.00352	0.00478	0.36138	0.00672
10	0.01174	0.09431	0.01470	0.29037	0.11045	0.19756	0.01078	0.01422	0.02769	0.01307	0.01185	0.10106	0.01122	0.00663	0.00491	0.00156	0.00627	0.06314	0.00278	0.00569
11	0.04072	0.13840	0.33810	0.01108	0.01625	0.07189	0.01200	0.01852	0.01176	0.27759	0.01191	0.01195	0.00821	0.00510	0.00447	0.00145	0.00595	0.00386	0.00348	0.00731
12	0.00624	0.00500	0.00557	0.00543	0.00690	0.00433	0.00407	0.00789	0.01222	0.01569	0.32881	0.04333	0.51412	0.01155	0.00580	0.00162	0.00243	0.00982	0.00488	0.00433
13	0.01194	0.01145	0.01955	0.09035	0.73818	0.01162	0.01497	0.01489	0.01109	0.01579	0.00920	0.01223	0.00769	0.00442	0.00487	0.00147	0.00589	0.00438	0.00241	0.00761
14	0.01019	0.00873	0.01019	0.00728	0.01165	0.00655	0.00582	0.01237	0.01019	0.01601	0.00873	0.01019	0.00728	0.00364	0.00364	0.00073	0.00364	0.00291	0.00291	0.85734
15	0.00928	0.00873	0.01474	0.81548	0.03385	0.01092	0.01365	0.01256	0.00983	0.01256	0.00873	0.01310	0.00655	0.00491	0.00491	0.00164	0.00655	0.00437	0.00218	0.00546
16	0.00702	0.00527	0.00790	0.00790	0.00878	0.00614	0.00614	0.00878	0.00790	0.01141	0.01316	0.01931	0.01229	0.03686	0.80782	0.00790	0.01316	0.00527	0.00263	0.00439
17	0.01075	0.01075	0.01505	0.01290	0.01290	0.01505	0.01075	0.01183	0.00753	0.01183	0.00645	0.01075	0.00645	0.00860	0.01613	0.00215	0.81830	0.00430	0.00215	0.00538
18	0.00724	0.00478	0.00544	0.00540	0.00558	0.00474	0.00317	0.00760	0.00800	0.01104	0.09366	0.03185	0.02043	0.69969	0.02189	0.00424	0.00438	0.00718	0.05046	0.00323
19	0.00923	0.00486	0.00506	0.00496	0.00605	0.00506	0.00377	0.01147	0.01018	0.01802	0.01559	0.01797	0.01231	0.00586	0.00402	0.00119	0.03966	0.00457	0.81554	0.00462
20	0.61859	0.00918	0.00840	0.00708	0.01036	0.00990	0.00583	0.01686	0.00990	0.22458	0.01017	0.01032	0.00716	0.00493	0.00355	0.00150	0.00390	0.00326	0.00383	0.03069
21	0.00717	0.00581	0.00768	0.04451	0.00982	0.00585	0.02906	0.00954	0.07231	0.01369	0.02954	0.39745	0.20316	0.01274	0.00639	0.00190	0.03180	0.10266	0.00434	0.00459

[dist]
# distance from previous block
# <min> <max>
0	2

[block]
# block no. 7 follows, 51 sequences, length 75
# corresponding to MSA columns:
# 1725-1799
name=unknown_H
#
# <colnr> <probs for GDERKNQSTAVLIFYWHMCP>
#	G	D	E	R	K	N	Q	S	T	A	V	L	I	F	Y	W	H	M	C	P
0	0.01113	0.10788	0.15981	0.01493	0.21397	0.01127	0.01101	0.04382	0.16183	0.02705	0.14049	0.01794	0.04579	0.00617	0.00485	0.00149	0.00492	0.00524	0.00353	0.00689
1	0.00949	0.00789	0.01068	0.00958	0.01017	0.00994	0.00753	0.05544	0.00861	0.02702	0.01102	0.01802	0.01087	0.18194	0.27606	0.00450	0.32852	0.00521	0.00271	0.00480
2	0.00748	0.00537	0.00742	0.00794	0.04720	0.00585	0.00535	0.00875	0.00799	0.01153	0.01394	0.02313	0.01393	0.29502	0.44881	0.00604	0.00921	0.00579	0.06514	0.00411
3	0.00986	0.02542	0.80183	0.01401	0.02127	0.01141	0.01816	0.01556	0.01038	0.01556	0.00882	0.01038	0.00623	0.00467	0.00467	0.00156	0.00726	0.00363	0.00208	0.00726
4	0.01317	0.01051	0.01334	0.01388	0.20719	0.01026	0.00892	0.24958	0.01443	0.02092	0.01070	0.01217	0.00839	0.00477	0.00431	0.00119	0.00457	0.00395	0.10747	0.28029
5	0.01469	0.00856	0.01058	0.00795	0.01189	0.00698	0.00641	0.04375	0.01205	0.30794	0.01371	0.05289	0.01038	0.00521	0.00430	0.00111	0.00387	0.00427	0.00424	0.46923
6	0.01006	0.00855	0.01006	0.00738	0.01156	0.00650	0.00595	0.01224	0.01026	0.01594	0.00975	0.01286	0.00852	0.00423	0.00383	0.00082	0.00369	0.04778	0.00301	0.80703
7	0.00711	0.00490	0.00607	0.00607	0.00631	0.00515	0.00386	0.00760	0.00736	0.01005	0.01484	0.02857	0.01631	0.60655	0.24363	0.00564	0.00711	0.00662	0.00288	0.00337
8	0.00928	0.00873	0.01474	0.81548	0.03385	0.01092	0.01365	0.01256	0.00983	0.01256	0.00873	0.01310	0.00655	0.00491	0.00491	0.00164	0.00655	0.00437	0.00218	0.00546
9	0.01115	0.01188	0.00910	0.00904	0.01048	0.30473	0.00679	0.01239	0.01142	0.01249	0.02092	0.15136	0.11742	0.12044	0.00816	0.00211	0.00566	0.16624	0.00358	0.00462
10	0.00988	0.00814	0.01022	0.00914	0.07828	0.00654	0.00641	0.01196	0.01056	0.03489	0.07211	0.11305	0.01358	0.00571	0.00427	0.00103	0.00364	0.00491	0.00334	0.59232
11	0.01631	0.01032	0.01393	0.01451	0.21401	0.00994	0.00940	0.14424	0.07026	0.28813	0.01384	0.01380	0.00982	0.00526	0.00471	0.00138	0.00470	0.00443	0.00436	0.14666
12	0.01219	0.63777	0.02354	0.05678	0.01439	0.01700	0.07439	0.01399	0.01002	0.01195	0.00936	0.01143	0.03861	0.04524	0.00467	0.00135	0.00546	0.00354	0.00228	0.00603
13	0.01202	0.01654	0.20507	0.01759	0.18176	0.14170	0.17310	0.01585	0.04154	0.01504	0.00987	0.02696	0.00800	0.00631	0.04167	0.00177	0.02125	0.00448	0.00255	0.05692
14	0.01333	0.01332	0.01159	0.01034	0.01286	0.25690	0.04262	0.01950	0.30575	0.06035	0.02004	0.08471	0.11269	0.00747	0.00506	0.00156	0.00538	0.00609	0.00409	0.00634
15	0.01256	0.01066	0.01223	0.15142	0.01680	0.01239	0.00901	0.12346	0.55022	0.02053	0.01694	0.01655	0.01264	0.00626	0.00497	0.00164	0.00456	0.00520	0.00450	0.00745
16	0.01275	0.01370	0.05394	0.01857	0.02343	0.01277	0.60191	0.14974	0.01355	0.01841	0.01020	0.01284	0.00757	0.00446	0.00556	0.00160	0.00766	0.00543	0.00291	0.02301
17	0.00684	0.00489	0.00607	0.00664	0.00725	0.00469	0.00477	0.00788	0.00959	0.01254	0.06105	0.25194	0.12644	0.27051	0.01223	0.00287	0.00379	0.19208	0.00409	0.00385
18	0.01010	0.08438	0.74498	0.01360	0.02064	0.01200	0.01744	0.01550	0.01035	0.01527	0.00867	0.01019	0.00623	0.00463	0.00456	0.00152	0.00712	0.00356	0.00208	0.00719
19	0.04086	0.00489	0.00617	0.00687	0.00763	0.00450	0.00471	0.00764	0.00944	0.01324	0.02463	0.71834	0.02915	0.01391	0.00591	0.00186	0.00296	0.01252	0.00435	0.08044
20	0.01359	0.00607	0.00748	0.00642	0.00856	0.00558	0.00506	0.01574	0.01234	0.31066	0.15372	0.02095	0.01836	0.00662	0.00441	0.00136	0.00300	0.00547	0.38862	0.00600
21	0.01336	0.01112	0.01175	0.01023	0.01321	0.01275	0.00805	0.15836	0.65367	0.02238	0.01856	0.01719	0.01384	0.00653	0.00499	0.00163	0.00416	0.00536	0.00499	0.00788
22	0.00928	0.00873	0.01474	0.81548	0.03385	0.01092	0.01365	0.01256	0.00983	0.01256	0.00873	0.01310	0.00655	0.00491	0.00491	0.00164	0.00655	0.00437	0.00218	0.00546
23	0.00714	0.00478	0.00542	0.00540	0.00546	0.00476	0.00306	0.00725	0.00749	0.01004	0.05479	0.03239	0.01931	0.78603	0.02404	0.00460	0.00464	0.00723	0.00310	0.00306
24	0.00601	0.00499	0.00525	0.00519	0.00676	0.00423	0.00389	0.00744	0.01167	0.01439	0.17915	0.04545	0.66458	0.01203	0.00581	0.00164	0.00246	0.01011	0.00471	0.00423
25	0.18891	0.01142	0.01232	0.00963	0.01335	0.01219	0.00795	0.41852	0.01766	0.24068	0.01289	0.01239	0.00880	0.00568	0.00455	0.00150	0.00475	0.00421	0.00486	0.00775
26	0.00599	0.00428	0.00570	0.00684	0.00713	0.00399	0.00456	0.00684	0.00941	0.01254	0.02709	0.82409	0.03250	0.01540	0.00627	0.00200	0.00285	0.01397	0.00456	0.00399
27	0.04462	0.00848	0.01134	0.00872	0.01250	0.00745	0.00720	0.03518	0.01405	0.76740	0.01893	0.01642	0.01192	0.00604	0.00489	0.00152	0.00419	0.00487	0.00598	0.00828
28	0.01442	0.23139	0.17921	0.01435	0.15267	0.06127	0.01181	0.20485	0.01396	0.05780	0.00957	0.01061	0.00735	0.00489	0.00436	0.00137	0.00596	0.00373	0.00308	0.00734
29	0.00734	0.00562	0.00815	0.00727	0.00843	0.00530	0.07068	0.00917	0.01181	0.01649	0.49354	0.08004	0.03533	0.20715	0.01046	0.00236	0.00345	0.00850	0.00452	0.00437
30	0.62587	0.01202	0.00934	0.00905	0.05707	0.15057	0.00672	0.01582	0.00976	0.05520	0.00768	0.00878	0.00595	0.00471	0.00348	0.00147	0.00483	0.00295	0.00305	0.00567
31	0.01836	0.02342	0.01393	0.01266	0.01519	0.80756	0.00950	0.01962	0.01393	0.01203	0.00760	0.00886	0.00633	0.00506	0.00443	0.00127	0.00886	0.00317	0.00253	0.00570
32	0.01459	0.01171	0.13655	0.00963	0.01363	0.00925	0.00881	0.05459	0.21118	0.26739	0.05538	0.02762	0.01305	0.00595	0.00477	0.00145	0.00445	0.00488	0.00456	0.14055
33	0.01346	0.01980	0.40399	0.01342	0.04481	0.11651	0.04357	0.08654	0.09364	0.10028	0.01127	0.01198	0.00808	0.00516	0.00477	0.00152	0.00662	0.00409	0.00315	0.00732
34	0.01216	0.01168	0.01995	0.03016	0.79664	0.01168	0.01508	0.01508	0.01119	0.01605	0.00924	0.01216	0.00778	0.00438	0.00487	0.00146	0.00584	0.00438	0.00243	0.00778
35	0.01534	0.03341	0.13635	0.01746	0.25095	0.01169	0.06830	0.17665	0.01413	0.19404	0.01192	0.01279	0.00856	0.00518	0.00510	0.00151	0.02070	0.00446	0.00370	0.00779
36	0.01216	0.01168	0.01995	0.03016	0.79664	0.01168	0.01508	0.01508	0.01119	0.01605	0.00924	0.01216	0.00778	0.00438	0.00487	0.00146	0.00584	0.00438	0.00243	0.00778
37	0.00844	0.00728	0.00896	0.00850	0.00912	0.05844	0.00643	0.00963	0.00804	0.01108	0.01216	0.02013	0.01218	0.21505	0.43249	0.00572	0.15402	0.00540	0.00262	0.00432
38	0.00595	0.00486	0.00526	0.00542	0.00679	0.00417	0.00396	0.00723	0.01114	0.01376	0.11647	0.18251	0.58994	0.01274	0.00589	0.00171	0.00254	0.01086	0.00464	0.00417
39	0.00702	0.00527	0.00790	0.00790	0.00878	0.00614	0.00614	0.00878	0.00790	0.01141	0.01316	0.01931	0.01229	0.03686	0.80782	0.00790	0.01316	0.00527	0.00263	0.00439
40	0.02205	0.00836	0.01140	0.00874	0.01254	0.00722	0.00722	0.02395	0.01407	0.80004	0.01939	0.01673	0.01216	0.00608	0.00494	0.00152	0.00418	0.00494	0.00608	0.00836
41	0.00599	0.00428	0.00570	0.00684	0.00713	0.00399	0.00456	0.00684	0.00941	0.01254	0.02709	0.82409	0.03250	0.01540	0.00627	0.00200	0.00285	0.01397	0.00456	0.00399
42	0.01749	0.01557	0.01438	0.01250	0.06091	0.21176	0.00947	0.48579	0.04874	0.02452	0.04272	0.01235	0.00962	0.00580	0.00483	0.00143	0.00611	0.00433	0.00420	0.00749
43	0.00604	0.00460	0.00556	0.00614	0.00699	0.00412	0.00429	0.00719	0.01052	0.01360	0.12122	0.47382	0.29060	0.01380	0.00606	0.00183	0.00267	0.01219	0.00466	0.00412
44	0.01280	0.01054	0.01412	0.01555	0.21436	0.01133	0.04771	0.02177	0.44389	0.08577	0.01700	0.01827	0.01322	0.00626	0.00509	0.00163	0.00466	0.04415	0.00429	0.00761
45	0.01019	0.00873	0.01019	0.00728	0.01165	0.00655	0.00582	0.01237	0.01019	0.01601	0.00873	0.01019	0.00728	0.00364	0.00364	0.00073	0.00364	0.00291	0.00291	0.85734
46	0.00751	0.00601	0.00689	0.00665	0.00778	0.05192	0.00491	0.00958	0.01334	0.01835	0.65106	0.13424	0.04226	0.01043	0.00578	0.00159	0.00277	0.00919	0.00513	0.00462
47	0.01288	0.33529	0.32220	0.01118	0.01630	0.01503	0.01235	0.11470	0.01190	0.05155	0.00880	0.00990	0.00682	0.00491	0.00470	0.00138	0.04705	0.00344	0.00264	0.00699
48	0.01140	0.01066	0.01762	0.06591	0.62009	0.01082	0.01346	0.01480	0.04973	0.01636	0.07779	0.01636	0.01221	0.00537	0.00503	0.00152	0.00542	0.03528	0.00289	0.00727
49	0.01073	0.00727	0.00914	0.00905	0.01094	0.00738	0.00773	0.15163	0.01366	0.07549	0.02521	0.04382	0.09705	0.01151	0.00622	0.00201	0.00447	0.49652	0.00472	0.00547
50	0.00928	0.00873	0.01474	0.81548	0.03385	0.01092	0.01365	0.01256	0.00983	0.01256	0.00873	0.01310	0.00655	0.00491	0.00491	0.00164	0.00655	0.00437	0.00218	0.00546
51	0.00628	0.00460	0.00589	0.00641	0.00714	0.00422	0.00449	0.00764	0.01105	0.01492	0.27453	0.48214	0.12585	0.01334	0.00607	0.00181	0.00264	0.01193	0.00483	0.00422
52	0.00795	0.00630	0.00738	0.00772	0.00890	0.00658	0.00556	0.01291	0.24910	0.01527	0.04502	0.48967	0.07889	0.01235	0.00585	0.00187	0.00317	0.02560	0.00472	0.00519
53	0.01200	0.55083	0.29519	0.01035	0.01562	0.01666	0.01179	0.01501	0.01012	0.01295	0.00752	0.00875	0.00628	0.00437	0.00368	0.00123	0.00595	0.00298	0.00209	0.00664
54	0.00599	0.00428	0.00570	0.00684	0.00713	0.00399	0.00456	0.00684	0.00941	0.01254	0.02709	0.82409	0.03250	0.01540	0.00627	0.00200	0.00285	0.01397	0.00456	0.00399
55	0.00668	0.00513	0.00599	0.00611	0.00753	0.00457	0.00477	0.00836	0.01185	0.02558	0.22531	0.07607	0.43808	0.01209	0.00598	0.00175	0.00284	0.14216	0.00478	0.00438
56	0.01117	0.01329	0.07270	0.01927	0.02404	0.01176	0.66491	0.01523	0.01150	0.01564	0.01132	0.01686	0.00925	0.00502	0.00582	0.00171	0.00789	0.07351	0.00264	0.00648
