[name]
unknown

[dist]
# distance from previous block
# <min> <max>
0	78

[block]
# block no. 0 follows, 50 sequences, length 17
# corresponding to MSA columns:
# 100-116
name=unknown_A
#
# <colnr> <probs for GDERKNQSTAVLIFYWHMCP>
#	G	D	E	R	K	N	Q	S	T	A	V	L	I	F	Y	W	H	M	C	P
0	0.01757	0.01460	0.01626	0.01265	0.01649	0.11474	0.10901	0.48229	0.08583	0.06157	0.01225	0.01258	0.00886	0.00572	0.00505	0.00151	0.00612	0.00463	0.00442	0.00786
1	0.00660	0.00475	0.00626	0.00658	0.00735	0.00440	0.00467	0.00827	0.01200	0.01664	0.43895	0.39894	0.04055	0.01269	0.00610	0.00178	0.00260	0.01139	0.00509	0.00440
2	0.00714	0.00527	0.00763	0.00763	0.00839	0.00603	0.00576	0.00866	0.00790	0.01129	0.01370	0.02149	0.01329	0.15250	0.69108	0.00755	0.01211	0.00562	0.00272	0.00424
3	0.01182	0.01127	0.01397	0.01154	0.01456	0.08557	0.16186	0.01977	0.37682	0.03855	0.04129	0.02237	0.15395	0.00722	0.00535	0.00164	0.00503	0.00640	0.00428	0.00673
4	0.00916	0.00597	0.02957	0.00697	0.00854	0.00501	0.00535	0.01078	0.01180	0.14845	0.21201	0.33331	0.17000	0.01185	0.00588	0.00176	0.00305	0.01041	0.00502	0.00508
5	0.01144	0.00765	0.00906	0.00785	0.01000	0.00764	0.00616	0.20697	0.01580	0.09884	0.35771	0.08935	0.11413	0.00947	0.00563	0.00161	0.00345	0.02604	0.00525	0.00594
6	0.01234	0.01184	0.02023	0.03059	0.79373	0.01184	0.01530	0.01530	0.01135	0.01628	0.00938	0.01234	0.00790	0.00444	0.00493	0.00148	0.00592	0.00444	0.00247	0.00790
7	0.16647	0.01235	0.02100	0.01556	0.01978	0.02990	0.43685	0.09507	0.04586	0.06214	0.03875	0.01350	0.00925	0.00492	0.00517	0.00162	0.00665	0.00516	0.00330	0.00672
8	0.00768	0.00678	0.01195	0.01048	0.01199	0.00637	0.20665	0.00934	0.00990	0.01327	0.02174	0.53111	0.02483	0.09319	0.00813	0.00221	0.00453	0.01131	0.00391	0.00465
9	0.01333	0.82783	0.02612	0.00853	0.01279	0.01972	0.00853	0.01493	0.01013	0.01173	0.00693	0.00800	0.00640	0.00426	0.00320	0.00107	0.00533	0.00267	0.00213	0.00640
10	0.01162	0.38346	0.39558	0.01218	0.01798	0.01530	0.07092	0.01541	0.01044	0.01398	0.00813	0.00961	0.00644	0.00448	0.00413	0.00136	0.00653	0.00339	0.00215	0.00688
11	0.01317	0.01419	0.23621	0.09537	0.01980	0.01017	0.17605	0.01667	0.01144	0.21502	0.01348	0.08711	0.01060	0.00623	0.00587	0.00167	0.05095	0.00557	0.00348	0.00692
12	0.01234	0.01184	0.02023	0.03059	0.79373	0.01184	0.01530	0.01530	0.01135	0.01628	0.00938	0.01234	0.00790	0.00444	0.00493	0.00148	0.00592	0.00444	0.00247	0.00790
13	0.09745	0.01086	0.01705	0.10888	0.28865	0.01108	0.11099	0.05916	0.04971	0.17929	0.01197	0.01342	0.00877	0.00504	0.00491	0.00156	0.00566	0.00464	0.00354	0.00738
14	0.07831	0.03215	0.03200	0.01472	0.11468	0.24496	0.09086	0.03674	0.16211	0.05171	0.01110	0.01231	0.00869	0.00560	0.00583	0.00155	0.08242	0.00430	0.00324	0.00673
15	0.00774	0.00583	0.00671	0.00654	0.00785	0.00556	0.00475	0.09228	0.01241	0.01626	0.19225	0.24322	0.27980	0.08642	0.00769	0.00202	0.00312	0.01020	0.00470	0.00463
16	0.01417	0.01325	0.01795	0.01551	0.09374	0.07274	0.20568	0.19414	0.26001	0.02072	0.01343	0.01424	0.01013	0.00562	0.00547	0.00160	0.02510	0.00511	0.00389	0.00751

[dist]
# distance from previous block
# <min> <max>
0	1

[block]
# block no. 1 follows, 50 sequences, length 6
# corresponding to MSA columns:
# 118-123
name=unknown_B
#
# <colnr> <probs for GDERKNQSTAVLIFYWHMCP>
#	G	D	E	R	K	N	Q	S	T	A	V	L	I	F	Y	W	H	M	C	P
0	0.00902	0.00555	0.00674	0.00630	0.00802	0.00487	0.00477	0.01070	0.01253	0.14530	0.28449	0.13054	0.33004	0.01111	0.00580	0.00166	0.00280	0.00955	0.00516	0.00506
1	0.11962	0.18492	0.05501	0.00990	0.01375	0.10173	0.02592	0.18297	0.03933	0.13113	0.01095	0.01133	0.00815	0.00517	0.00422	0.00136	0.00538	0.00376	0.02999	0.05542
2	0.04712	0.20861	0.09336	0.01298	0.01729	0.03984	0.21061	0.12529	0.10405	0.05307	0.01141	0.03477	0.00901	0.00528	0.00473	0.00148	0.00613	0.00466	0.00329	0.00701
3	0.00609	0.00466	0.00559	0.00619	0.00706	0.00416	0.00432	0.00723	0.01060	0.01362	0.10107	0.46962	0.31376	0.01405	0.00615	0.00186	0.00271	0.01239	0.00470	0.00416
4	0.00868	0.00514	0.00635	0.00633	0.00696	0.00490	0.00411	0.00934	0.00927	0.10420	0.08099	0.25357	0.02392	0.43556	0.01607	0.00339	0.00402	0.00908	0.00404	0.00409
5	0.08476	0.07864	0.10876	0.01493	0.01923	0.03301	0.32892	0.04140	0.14071	0.03834	0.01121	0.01289	0.00850	0.00511	0.00566	0.00162	0.05154	0.00485	0.00308	0.00686

[dist]
# distance from previous block
# <min> <max>
2	3

[block]
# block no. 2 follows, 50 sequences, length 18
# corresponding to MSA columns:
# 127-144
name=unknown_C
#
# <colnr> <probs for GDERKNQSTAVLIFYWHMCP>
#	G	D	E	R	K	N	Q	S	T	A	V	L	I	F	Y	W	H	M	C	P
0	0.00777	0.00511	0.00602	0.00602	0.00704	0.00465	0.00414	0.00875	0.01032	0.07617	0.11148	0.21428	0.26169	0.24071	0.01140	0.00262	0.00338	0.00982	0.00439	0.00424
1	0.11162	0.01831	0.39437	0.01341	0.01860	0.05750	0.16291	0.01468	0.01070	0.01600	0.01282	0.08161	0.05391	0.00602	0.00495	0.00162	0.00659	0.00525	0.00269	0.00645
2	0.01185	0.01363	0.24653	0.01147	0.01550	0.00921	0.10092	0.10523	0.01309	0.12579	0.13167	0.15916	0.01837	0.00776	0.00540	0.00165	0.00529	0.00688	0.00401	0.00659
3	0.01149	0.01079	0.06254	0.03625	0.33415	0.01013	0.01098	0.16251	0.01320	0.01810	0.01677	0.21519	0.06038	0.00803	0.00534	0.00164	0.00499	0.00718	0.00360	0.00675
4	0.00983	0.00943	0.01504	0.58815	0.02836	0.01225	0.01302	0.01253	0.00931	0.01253	0.00821	0.01262	0.00662	0.00603	0.00818	0.00181	0.23395	0.00441	0.00221	0.00551
5	0.01477	0.01140	0.01616	0.28552	0.12265	0.01255	0.05673	0.30237	0.01574	0.09623	0.01121	0.01303	0.00810	0.00536	0.00503	0.00157	0.00599	0.00460	0.00369	0.00730
6	0.01153	0.05914	0.01643	0.03193	0.11573	0.07965	0.18312	0.10423	0.02312	0.01718	0.12262	0.16437	0.03377	0.00767	0.00543	0.00161	0.00554	0.00712	0.00366	0.00615
7	0.00604	0.00446	0.00566	0.00662	0.00715	0.00408	0.00448	0.00698	0.00985	0.01285	0.03139	0.68993	0.16208	0.01511	0.00628	0.00197	0.00283	0.01355	0.00463	0.00408
8	0.00673	0.00502	0.00625	0.00606	0.00728	0.00454	0.00450	0.00873	0.01315	0.01801	0.57158	0.10282	0.20466	0.01115	0.00592	0.00163	0.00243	0.00975	0.00523	0.00454
9	0.01571	0.01306	0.11174	0.01391	0.01841	0.01106	0.26421	0.15370	0.01434	0.25275	0.01503	0.01550	0.04690	0.00568	0.00556	0.00161	0.02393	0.00530	0.00410	0.00749
10	0.00824	0.00768	0.01406	0.06109	0.01497	0.00748	0.24777	0.01040	0.01048	0.01414	0.06430	0.45298	0.02353	0.01089	0.00634	0.00187	0.02448	0.01043	0.00381	0.00505
11	0.01013	0.00631	0.00648	0.00597	0.00769	0.00649	0.00460	0.10334	0.07463	0.01945	0.02172	0.02264	0.14094	0.00703	0.00419	0.00133	0.00286	0.00568	0.54322	0.00529
12	0.00971	0.01281	0.20547	0.01554	0.24147	0.00929	0.01136	0.01426	0.10371	0.01659	0.12145	0.02344	0.17957	0.00728	0.00523	0.00158	0.00485	0.00628	0.00354	0.00657
13	0.01213	0.01172	0.03152	0.01612	0.06566	0.01155	0.36443	0.16157	0.03979	0.01921	0.10512	0.08119	0.01472	0.00645	0.00601	0.00166	0.03442	0.00648	0.00358	0.00668
14	0.00597	0.00473	0.00538	0.00589	0.00695	0.00414	0.00416	0.00706	0.01055	0.01314	0.04026	0.39176	0.45452	0.01395	0.00610	0.00183	0.00269	0.01214	0.00463	0.00414
15	0.00615	0.00487	0.00556	0.00598	0.00715	0.00428	0.00437	0.00742	0.01096	0.01371	0.08641	0.29361	0.45886	0.01350	0.00610	0.00182	0.00276	0.05760	0.00468	0.00421
16	0.00694	0.00477	0.00583	0.00611	0.00629	0.00481	0.00380	0.00737	0.00790	0.01064	0.01832	0.22486	0.02109	0.53217	0.11365	0.00452	0.00537	0.00872	0.00337	0.00344
17	0.01094	0.01928	0.43125	0.04645	0.27072	0.01177	0.10754	0.01555	0.01092	0.01587	0.00922	0.01155	0.00698	0.00459	0.00494	0.00156	0.00700	0.00421	0.00227	0.00740

[dist]
# distance from previous block
# <min> <max>
3	5

[block]
# block no. 3 follows, 50 sequences, length 30
# corresponding to MSA columns:
# 151-180
name=unknown_D
#
# <colnr> <probs for GDERKNQSTAVLIFYWHMCP>
#	G	D	E	R	K	N	Q	S	T	A	V	L	I	F	Y	W	H	M	C	P
0	0.01504	0.01165	0.01163	0.00961	0.01260	0.06294	0.00769	0.39493	0.16032	0.02463	0.01658	0.01662	0.06198	0.00648	0.00475	0.00147	0.00464	0.00504	0.16421	0.00719
1	0.00684	0.00509	0.00636	0.00604	0.00731	0.00461	0.00453	0.00899	0.01360	0.01877	0.65289	0.03924	0.18600	0.01064	0.00588	0.00159	0.00238	0.00930	0.00533	0.00461
2	0.86003	0.00964	0.00733	0.00655	0.00964	0.01118	0.00540	0.01465	0.00848	0.02236	0.00694	0.00810	0.00540	0.00463	0.00308	0.00154	0.00386	0.00270	0.00308	0.00540
3	0.01164	0.01152	0.02090	0.11120	0.51339	0.01156	0.17272	0.01487	0.01143	0.01602	0.04857	0.01391	0.00965	0.00474	0.00518	0.00155	0.00634	0.00497	0.00260	0.00724
4	0.01221	0.01171	0.02000	0.06480	0.76052	0.01181	0.01523	0.01519	0.01129	0.01613	0.00935	0.01238	0.00784	0.00446	0.00494	0.00149	0.00595	0.00444	0.00246	0.00779
5	0.01530	0.00942	0.01088	0.00893	0.01187	0.00974	0.00716	0.24197	0.14146	0.21419	0.17558	0.02086	0.04046	0.00719	0.00512	0.00154	0.00400	0.00590	0.06119	0.00724
6	0.00941	0.00886	0.01495	0.81285	0.03433	0.01107	0.01384	0.01274	0.00997	0.01274	0.00886	0.01329	0.00664	0.00498	0.00498	0.00166	0.00664	0.00443	0.00221	0.00554
7	0.01054	0.15576	0.67375	0.01329	0.02015	0.01290	0.01681	0.01565	0.01046	0.01513	0.00862	0.01011	0.00633	0.00466	0.00449	0.00150	0.00704	0.00352	0.00211	0.00721
8	0.00623	0.00507	0.00557	0.00547	0.00700	0.00441	0.00411	0.00778	0.01189	0.01499	0.23061	0.04415	0.57636	0.01307	0.03941	0.00192	0.00294	0.00993	0.00476	0.00434
9	0.00696	0.00498	0.00679	0.00784	0.00854	0.00480	0.00606	0.00853	0.01066	0.01412	0.07731	0.44843	0.03210	0.01448	0.00655	0.00211	0.00357	0.32720	0.00467	0.00432
10	0.00866	0.00433	0.00649	0.00649	0.00649	0.00433	0.00433	0.00649	0.00649	0.00866	0.00866	0.01515	0.00866	0.01732	0.01948	0.85498	0.00433	0.00433	0.00216	0.00216
11	0.00936	0.00872	0.01434	0.71062	0.03112	0.01092	0.01295	0.01233	0.00964	0.01249	0.00917	0.01442	0.00739	0.05920	0.00702	0.00190	0.05615	0.00461	0.00227	0.00537
12	0.01162	0.01111	0.01894	0.22248	0.60745	0.01165	0.01494	0.01467	0.01101	0.01541	0.00925	0.01257	0.00759	0.00457	0.00495	0.00152	0.00610	0.00444	0.00241	0.00732
13	0.72185	0.00893	0.00728	0.00663	0.00941	0.01018	0.00543	0.01384	0.00928	0.02176	0.10098	0.01364	0.01135	0.00568	0.00358	0.00158	0.00371	0.03617	0.00344	0.00528
14	0.00712	0.00534	0.00801	0.00801	0.00890	0.00623	0.00623	0.00890	0.00801	0.01157	0.01335	0.01958	0.01246	0.03738	0.80507	0.00801	0.01335	0.00534	0.00267	0.00445
15	0.00712	0.00534	0.00801	0.00801	0.00890	0.00623	0.00623	0.00890	0.00801	0.01157	0.01335	0.01958	0.01246	0.03738	0.80507	0.00801	0.01335	0.00534	0.00267	0.00445
16	0.01184	0.46973	0.37119	0.01106	0.01671	0.01609	0.01294	0.01531	0.01030	0.01354	0.00783	0.00912	0.00636	0.00447	0.00388	0.00129	0.00624	0.00312	0.00212	0.00683
17	0.00762	0.00557	0.00666	0.00631	0.00733	0.00524	0.00427	0.00929	0.04428	0.01425	0.23466	0.13861	0.02688	0.35221	0.01384	0.00291	0.00370	0.00811	0.00402	0.10423
18	0.00602	0.00505	0.00522	0.00518	0.00681	0.00426	0.00389	0.00740	0.01166	0.01416	0.12995	0.04682	0.71182	0.01236	0.00589	0.00167	0.00251	0.01036	0.00472	0.00426
19	0.04112	0.01064	0.01248	0.00974	0.01341	0.01087	0.00800	0.33715	0.04661	0.37698	0.01586	0.01485	0.01068	0.00678	0.02337	0.00166	0.00487	0.00475	0.04208	0.00812
20	0.00739	0.00562	0.00689	0.00674	0.00778	0.00573	0.00494	0.00976	0.06958	0.01451	0.21735	0.05397	0.16767	0.19350	0.15697	0.00355	0.01999	0.03953	0.00412	0.00443
21	0.00988	0.00628	0.00785	0.00730	0.00877	0.00608	0.00541	0.10062	0.01345	0.10415	0.34472	0.25216	0.03267	0.06858	0.00720	0.00192	0.00326	0.00936	0.00509	0.00526
22	0.01234	0.01184	0.02023	0.03059	0.79373	0.01184	0.01530	0.01530	0.01135	0.01628	0.00938	0.01234	0.00790	0.00444	0.00493	0.00148	0.00592	0.00444	0.00247	0.00790
23	0.01122	0.01071	0.01822	0.32803	0.50499	0.01155	0.01474	0.01432	0.01082	0.01493	0.00918	0.01270	0.00742	0.00465	0.00495	0.00155	0.00620	0.00444	0.00237	0.00700
24	0.01278	0.01362	0.01657	0.01351	0.01607	0.21325	0.22378	0.08620	0.02426	0.01516	0.01295	0.16366	0.01261	0.04167	0.01981	0.00191	0.09666	0.00649	0.00318	0.00584
25	0.01038	0.00721	0.01043	0.01281	0.19565	0.03995	0.00756	0.01012	0.00859	0.04073	0.01034	0.01671	0.00976	0.01378	0.04033	0.50752	0.00522	0.04621	0.00256	0.00413
26	0.19450	0.01061	0.01414	0.01502	0.19039	0.01232	0.03538	0.07924	0.02832	0.04390	0.01124	0.04322	0.04112	0.00677	0.00812	0.00175	0.24975	0.00476	0.00309	0.00635
27	0.01154	0.01148	0.01888	0.19804	0.44884	0.05092	0.10161	0.01450	0.01112	0.01503	0.01045	0.06549	0.00915	0.00530	0.00513	0.00157	0.00632	0.00518	0.00256	0.00689
28	0.01421	0.01401	0.15337	0.01305	0.01727	0.06271	0.19777	0.13981	0.01405	0.16590	0.06534	0.07288	0.03343	0.00644	0.00531	0.00160	0.00606	0.00585	0.00394	0.00700
29	0.21572	0.09545	0.04719	0.00988	0.01301	0.07569	0.08353	0.06041	0.02332	0.11334	0.01323	0.15271	0.01202	0.00690	0.00483	0.00156	0.02333	0.00561	0.01559	0.02666

[dist]
# distance from previous block
# <min> <max>
2	20

[block]
# block no. 4 follows, 50 sequences, length 31
# corresponding to MSA columns:
# 202-232
name=unknown_E
#
# <colnr> <probs for GDERKNQSTAVLIFYWHMCP>
#	G	D	E	R	K	N	Q	S	T	A	V	L	I	F	Y	W	H	M	C	P
0	0.01293	0.15903	0.20039	0.01050	0.01445	0.05443	0.05475	0.04805	0.02873	0.14721	0.08427	0.07089	0.01419	0.07102	0.00643	0.00176	0.00551	0.00539	0.00359	0.00650
1	0.01223	0.01523	0.17104	0.01041	0.01318	0.25995	0.00924	0.01437	0.01157	0.07528	0.01632	0.30368	0.01669	0.00943	0.01748	0.00173	0.00599	0.00747	0.02304	0.00565
2	0.00888	0.00866	0.07335	0.08370	0.04206	0.00744	0.09874	0.01184	0.04807	0.04776	0.02551	0.19349	0.17895	0.01027	0.00587	0.00184	0.00467	0.13954	0.00396	0.00540
3	0.01026	0.01274	0.13029	0.01553	0.02976	0.01077	0.37328	0.01409	0.04360	0.01515	0.04981	0.07031	0.02463	0.05296	0.05484	0.00227	0.07445	0.00624	0.00290	0.00612
4	0.08652	0.01044	0.01721	0.02880	0.28228	0.01015	0.15800	0.01734	0.02998	0.21448	0.08287	0.01577	0.01243	0.00543	0.00507	0.00156	0.00544	0.00516	0.00380	0.00728
5	0.01121	0.00595	0.00782	0.00745	0.00905	0.00544	0.00552	0.03568	0.01214	0.23505	0.15950	0.41314	0.04846	0.01164	0.00584	0.00178	0.00325	0.01030	0.00522	0.00555
6	0.01089	0.24181	0.36189	0.01082	0.01583	0.01281	0.01221	0.07409	0.01130	0.01526	0.01376	0.01503	0.09656	0.00856	0.07687	0.00202	0.00665	0.00439	0.00268	0.00656
7	0.01150	0.01380	0.09563	0.46874	0.07181	0.15574	0.06021	0.01467	0.01090	0.01333	0.00869	0.01211	0.00669	0.00502	0.00527	0.00159	0.03181	0.00422	0.00230	0.00597
8	0.00676	0.00463	0.00561	0.00608	0.00623	0.00450	0.00373	0.00718	0.00838	0.01120	0.04111	0.35900	0.02503	0.46861	0.01699	0.00358	0.00396	0.01016	0.00375	0.00349
9	0.00597	0.00474	0.00537	0.00588	0.00695	0.00414	0.00416	0.00706	0.01056	0.01314	0.04035	0.38898	0.45725	0.01394	0.00610	0.00183	0.00269	0.01213	0.00463	0.00414
10	0.02680	0.00703	0.00976	0.18398	0.13581	0.00744	0.00789	0.02954	0.01079	0.01619	0.01859	0.08828	0.11104	0.00710	0.00461	0.00147	0.00400	0.00608	0.31825	0.00535
11	0.01552	0.13362	0.29296	0.01083	0.01572	0.04907	0.01140	0.05079	0.01234	0.29319	0.01291	0.01365	0.00921	0.05027	0.00574	0.00165	0.00582	0.00422	0.00375	0.00736
12	0.76458	0.00951	0.00781	0.00682	0.00999	0.01074	0.00562	0.01575	0.00914	0.11065	0.00839	0.00911	0.00619	0.00480	0.00330	0.00154	0.00390	0.00296	0.00344	0.00575
13	0.00675	0.00560	0.00574	0.00550	0.00730	0.00492	0.00418	0.05444	0.01224	0.01489	0.08485	0.04523	0.70680	0.01210	0.00583	0.00167	0.00270	0.01008	0.00469	0.00449
14	0.01410	0.01444	0.01309	0.01431	0.17186	0.29662	0.00905	0.13066	0.01321	0.01548	0.01182	0.08083	0.01142	0.15948	0.00892	0.01382	0.00649	0.00532	0.00316	0.00592
15	0.01269	0.01407	0.01303	0.01172	0.01285	0.29371	0.00927	0.01403	0.01004	0.01196	0.00868	0.01242	0.00800	0.01469	0.21146	0.00334	0.32611	0.00420	0.00244	0.00532
16	0.00708	0.00507	0.00691	0.00701	0.00753	0.00555	0.00495	0.00815	0.00787	0.01099	0.01539	0.09258	0.01622	0.31489	0.46036	0.00637	0.00944	0.00677	0.00296	0.00391
17	0.01234	0.01184	0.02023	0.03059	0.79373	0.01184	0.01530	0.01530	0.01135	0.01628	0.00938	0.01234	0.00790	0.00444	0.00493	0.00148	0.00592	0.00444	0.00247	0.00790
18	0.01313	0.00846	0.01183	0.29462	0.01957	0.00921	0.00932	0.01799	0.16984	0.23134	0.08234	0.08129	0.01549	0.00696	0.00519	0.00166	0.00477	0.00600	0.00436	0.00664
19	0.00612	0.00481	0.00557	0.00612	0.00720	0.00426	0.00444	0.00730	0.01063	0.01327	0.03940	0.36207	0.42834	0.01392	0.00615	0.00187	0.00282	0.06692	0.00463	0.00417
20	0.01144	0.00739	0.00857	0.00733	0.00964	0.00711	0.00577	0.16516	0.01513	0.14046	0.27894	0.03245	0.27155	0.00950	0.00557	0.00159	0.00333	0.00797	0.00522	0.00589
21	0.01169	0.00627	0.00816	0.00776	0.00940	0.00586	0.00575	0.06816	0.01225	0.23642	0.08447	0.47316	0.02646	0.01181	0.00584	0.00181	0.00342	0.01047	0.00516	0.00568
22	0.01122	0.01124	0.01730	0.45354	0.28494	0.07411	0.04864	0.01430	0.01084	0.01402	0.00900	0.01264	0.00708	0.00478	0.00497	0.00157	0.00667	0.00440	0.00234	0.00639
23	0.00733	0.00507	0.00642	0.00701	0.00747	0.00503	0.00507	0.00829	0.00913	0.01203	0.02144	0.17061	0.02432	0.40353	0.01568	0.00347	0.00443	0.27610	0.00384	0.00375
24	0.05509	0.03360	0.53602	0.01279	0.01900	0.01076	0.04588	0.01766	0.01132	0.19450	0.01131	0.01195	0.00770	0.00503	0.00474	0.00156	0.00649	0.00401	0.00310	0.00748
25	0.01092	0.14104	0.41422	0.07829	0.02247	0.01303	0.22053	0.01546	0.01075	0.01499	0.00894	0.01115	0.00669	0.00454	0.00483	0.00154	0.00728	0.00418	0.00223	0.00690
26	0.00686	0.00579	0.00682	0.00782	0.06948	0.00526	0.00525	0.00887	0.04817	0.01401	0.04100	0.16080	0.53630	0.01221	0.00590	0.00175	0.00303	0.05151	0.00448	0.00467
27	0.00720	0.00501	0.00635	0.00635	0.00667	0.00533	0.00416	0.00784	0.00752	0.01034	0.01487	0.02798	0.01611	0.54485	0.30260	0.00596	0.00786	0.00657	0.00290	0.00353
28	0.15164	0.30517	0.01748	0.01033	0.01315	0.26242	0.00877	0.01593	0.01068	0.01364	0.00711	0.00882	0.00627	0.00536	0.00583	0.00140	0.14455	0.00313	0.00243	0.00588
29	0.00614	0.00437	0.00576	0.00685	0.00712	0.00409	0.00453	0.00696	0.00941	0.01254	0.02678	0.77499	0.03209	0.06340	0.00748	0.00219	0.00301	0.01376	0.00453	0.00399
30	0.01286	0.71578	0.13409	0.00932	0.01402	0.01858	0.00991	0.01505	0.01018	0.01229	0.00721	0.00835	0.00639	0.00433	0.00341	0.00114	0.00561	0.00281	0.00213	0.00653

[dist]
# distance from previous block
# <min> <max>
0	1

[block]
# block no. 5 follows, 50 sequences, length 12
# corresponding to MSA columns:
# 234-245
name=unknown_F
#
# <colnr> <probs for GDERKNQSTAVLIFYWHMCP>
#	G	D	E	R	K	N	Q	S	T	A	V	L	I	F	Y	W	H	M	C	P
0	0.00627	0.00456	0.00596	0.00700	0.00752	0.00425	0.00492	0.00734	0.00994	0.01304	0.02963	0.65997	0.10767	0.01511	0.00637	0.00202	0.00304	0.09661	0.00462	0.00412
1	0.01123	0.01044	0.01705	0.42281	0.33247	0.01181	0.01403	0.06271	0.01129	0.01531	0.00918	0.01274	0.00725	0.00497	0.00538	0.00160	0.03614	0.00444	0.00249	0.00665
2	0.00829	0.00714	0.00838	0.00825	0.00923	0.08634	0.00627	0.00985	0.00855	0.01146	0.01300	0.01974	0.01239	0.10811	0.65139	0.00704	0.01211	0.00531	0.00269	0.00445
3	0.00625	0.00456	0.00589	0.00662	0.00722	0.00419	0.00456	0.00745	0.01063	0.01425	0.18214	0.58840	0.11095	0.01424	0.00622	0.00190	0.00275	0.01278	0.00480	0.00419
4	0.00655	0.00508	0.00596	0.00574	0.00713	0.00449	0.00430	0.00842	0.01291	0.01713	0.46682	0.04193	0.37310	0.01126	0.00588	0.00162	0.00243	0.00967	0.00511	0.00449
5	0.01432	0.68177	0.02405	0.00915	0.01327	0.06954	0.00871	0.10376	0.01193	0.01404	0.00756	0.00852	0.00664	0.00452	0.00349	0.00113	0.00558	0.00291	0.00249	0.00660
6	0.00717	0.00490	0.00590	0.00595	0.00611	0.00504	0.00365	0.00752	0.00748	0.01013	0.01583	0.06566	0.01781	0.65288	0.15893	0.00525	0.00621	0.00723	0.00303	0.00331
7	0.16322	0.01270	0.06111	0.07233	0.01579	0.01303	0.00930	0.39743	0.08167	0.10694	0.01217	0.01239	0.00864	0.00568	0.00465	0.00154	0.00515	0.00427	0.00440	0.00760
8	0.00611	0.00470	0.00543	0.00596	0.00683	0.00420	0.00410	0.00706	0.01011	0.01274	0.03637	0.40356	0.36370	0.09562	0.00807	0.00216	0.00293	0.01188	0.00447	0.00402
9	0.00599	0.00465	0.00546	0.00611	0.00701	0.00412	0.00426	0.00703	0.01034	0.01305	0.03755	0.48284	0.36519	0.01431	0.00616	0.00187	0.00273	0.01257	0.00463	0.00412
10	0.01483	0.13266	0.34708	0.01195	0.01729	0.06453	0.01283	0.19693	0.01426	0.12554	0.01076	0.01129	0.00767	0.00519	0.00460	0.00146	0.00632	0.00388	0.00338	0.00754
11	0.01485	0.45167	0.10968	0.01056	0.01472	0.21692	0.01002	0.09287	0.01252	0.01429	0.00786	0.00893	0.00660	0.00471	0.00388	0.00122	0.00650	0.00310	0.00253	0.00656

[dist]
# distance from previous block
# <min> <max>
0	1

[block]
# block no. 6 follows, 50 sequences, length 8
# corresponding to MSA columns:
# 247-254
name=unknown_G
#
# <colnr> <probs for GDERKNQSTAVLIFYWHMCP>
#	G	D	E	R	K	N	Q	S	T	A	V	L	I	F	Y	W	H	M	C	P
0	0.01005	0.00618	0.00881	0.00828	0.00979	0.00676	0.00651	0.01254	0.05228	0.14804	0.01483	0.01907	0.01259	0.03028	0.62214	0.00654	0.01125	0.00530	0.00341	0.00534
1	0.01025	0.33821	0.07415	0.00814	0.01118	0.06852	0.00756	0.01202	0.01083	0.01287	0.02300	0.10386	0.23745	0.00851	0.00473	0.00147	0.00465	0.05388	0.00329	0.00544
2	0.01313	0.07658	0.03363	0.08031	0.18143	0.01083	0.00996	0.17209	0.01394	0.09199	0.04774	0.02033	0.07326	0.00669	0.00502	0.00151	0.00500	0.07879	0.00382	0.07394
3	0.01163	0.22799	0.32092	0.01045	0.01490	0.07164	0.01127	0.01461	0.01050	0.05964	0.04462	0.01513	0.01054	0.14689	0.00796	0.00198	0.00612	0.00431	0.00269	0.00619
4	0.01090	0.00934	0.14455	0.00859	0.01130	0.00643	0.00800	0.01324	0.01142	0.18964	0.02505	0.20886	0.13392	0.01027	0.00562	0.00178	0.00417	0.13486	0.05631	0.00577
5	0.00892	0.04894	0.07648	0.01299	0.18884	0.00794	0.00868	0.03351	0.01086	0.01476	0.04205	0.24121	0.14035	0.01166	0.06557	0.00212	0.00495	0.02525	0.00360	0.05132
6	0.10378	0.07482	0.01586	0.29646	0.08010	0.05331	0.05426	0.10934	0.01185	0.01669	0.04169	0.01262	0.00855	0.00556	0.00594	0.00160	0.09425	0.00432	0.00284	0.00617
7	0.01328	0.12195	0.20978	0.06796	0.11580	0.05228	0.06205	0.10356	0.01232	0.07524	0.00969	0.01139	0.00740	0.00518	0.00561	0.00150	0.07394	0.00403	0.00289	0.04414

[dist]
# distance from previous block
# <min> <max>
0	20

[block]
# block no. 7 follows, 50 sequences, length 40
# corresponding to MSA columns:
# 278-317
name=unknown_H
#
# <colnr> <probs for GDERKNQSTAVLIFYWHMCP>
#	G	D	E	R	K	N	Q	S	T	A	V	L	I	F	Y	W	H	M	C	P
0	0.01243	0.04387	0.12454	0.01486	0.12841	0.07923	0.11684	0.01551	0.02829	0.09988	0.06999	0.01482	0.01137	0.00894	0.08798	0.00221	0.08656	0.00481	0.00312	0.04634
1	0.01547	0.01192	0.08402	0.05854	0.32313	0.02807	0.04771	0.01832	0.01225	0.28637	0.01284	0.01370	0.00916	0.00506	0.00491	0.00148	0.00557	0.00453	0.00374	0.05321
2	0.00911	0.01452	0.30809	0.00989	0.01349	0.07641	0.01033	0.01259	0.01248	0.01728	0.38058	0.07176	0.02722	0.00801	0.00535	0.00157	0.00486	0.00680	0.00390	0.00577
3	0.00921	0.33419	0.01450	0.07668	0.01166	0.01097	0.00675	0.01069	0.01032	0.01253	0.02410	0.20960	0.23273	0.00932	0.00485	0.00151	0.00409	0.00771	0.00342	0.00516
4	0.01023	0.00869	0.01350	0.01734	0.32327	0.00927	0.01014	0.07784	0.01068	0.01517	0.01164	0.01603	0.01029	0.02150	0.41601	0.00484	0.00970	0.00491	0.00279	0.00618
5	0.01501	0.01211	0.01352	0.01244	0.08143	0.01357	0.00916	0.32565	0.41351	0.02468	0.01602	0.01541	0.01189	0.00625	0.00503	0.00159	0.00473	0.00507	0.00481	0.00812
6	0.00897	0.00760	0.01135	0.01505	0.27352	0.00756	0.00853	0.01203	0.07821	0.01634	0.20090	0.29371	0.02628	0.00980	0.00565	0.00170	0.00388	0.00893	0.00414	0.00583
7	0.01216	0.04584	0.37683	0.03353	0.02191	0.15165	0.25564	0.01647	0.01152	0.01502	0.00902	0.01116	0.00674	0.00463	0.00501	0.00155	0.00790	0.00428	0.00232	0.00681
8	0.01459	0.01707	0.41555	0.01128	0.01675	0.00924	0.01272	0.01844	0.01209	0.32802	0.01682	0.01633	0.07659	0.00599	0.00495	0.00157	0.00570	0.00481	0.00395	0.00754
9	0.00805	0.00678	0.00726	0.00698	0.00858	0.04549	0.00537	0.01150	0.11055	0.01734	0.36964	0.03828	0.25980	0.01053	0.00580	0.00167	0.00313	0.07330	0.00496	0.00500
10	0.03694	0.01455	0.01490	0.01301	0.08238	0.11510	0.00976	0.54492	0.02023	0.08156	0.01163	0.01189	0.00837	0.00573	0.00488	0.00147	0.00585	0.00432	0.00450	0.00802
11	0.00785	0.00607	0.00804	0.00765	0.00795	0.00714	0.00549	0.00864	0.00757	0.01072	0.01330	0.02439	0.01417	0.41466	0.28780	0.00544	0.15032	0.00609	0.00275	0.00393
12	0.02236	0.00848	0.01157	0.00887	0.01272	0.00733	0.00733	0.02429	0.01427	0.79719	0.01966	0.01697	0.01234	0.00617	0.00501	0.00154	0.00424	0.00501	0.00617	0.00848
13	0.00635	0.00461	0.00604	0.00702	0.00758	0.00430	0.00498	0.00750	0.01017	0.01341	0.06636	0.61918	0.10135	0.01486	0.00636	0.00201	0.00304	0.10607	0.00466	0.00416
14	0.01133	0.34647	0.48997	0.01194	0.01806	0.01483	0.01446	0.01544	0.01037	0.01416	0.00814	0.00951	0.00635	0.00455	0.00412	0.00137	0.00655	0.00328	0.00212	0.00698
15	0.01339	0.01120	0.01183	0.01034	0.01334	0.01286	0.00813	0.13983	0.66977	0.02245	0.01903	0.01760	0.01420	0.00664	0.00506	0.00166	0.00418	0.00546	0.00506	0.00798
16	0.00594	0.00505	0.00512	0.00511	0.00677	0.00423	0.00383	0.00726	0.01149	0.01376	0.08424	0.04748	0.75778	0.01251	0.00589	0.00168	0.00252	0.01045	0.00467	0.00423
17	0.01093	0.01099	0.01574	0.01335	0.01352	0.01518	0.03636	0.01213	0.00777	0.01213	0.00666	0.01099	0.00658	0.00857	0.01601	0.00216	0.78883	0.00441	0.00219	0.00549
18	0.01984	0.01222	0.01352	0.01052	0.01435	0.04403	0.00863	0.43893	0.05771	0.30519	0.01498	0.01397	0.01012	0.00606	0.00498	0.00151	0.00510	0.00468	0.00532	0.00834
19	0.01102	0.00743	0.00860	0.00794	0.00948	0.00768	0.00581	0.23026	0.01344	0.05826	0.01986	0.35976	0.02102	0.15408	0.00907	0.00229	0.00402	0.00912	0.05545	0.00541
20	0.00607	0.00434	0.00578	0.00694	0.00723	0.00405	0.00463	0.00694	0.00954	0.01272	0.02747	0.82157	0.03297	0.01562	0.00636	0.00202	0.00289	0.01417	0.00463	0.00405
21	0.00658	0.00523	0.00598	0.00637	0.00752	0.00486	0.00455	0.00883	0.07696	0.01409	0.07368	0.38330	0.35727	0.01331	0.00603	0.00183	0.00280	0.01162	0.00471	0.00448
22	0.01831	0.01254	0.01363	0.01056	0.01426	0.01364	0.00869	0.63240	0.02131	0.10087	0.01310	0.01308	0.00926	0.00598	0.00484	0.00147	0.00506	0.00455	0.08834	0.00810
23	0.00607	0.00434	0.00578	0.00694	0.00723	0.00405	0.00463	0.00694	0.00954	0.01272	0.02747	0.82157	0.03297	0.01562	0.00636	0.00202	0.00289	0.01417	0.00463	0.00405
24	0.86003	0.00964	0.00733	0.00655	0.00964	0.01118	0.00540	0.01465	0.00848	0.02236	0.00694	0.00810	0.00540	0.00463	0.00308	0.00154	0.00386	0.00270	0.00308	0.00540
25	0.01333	0.82783	0.02612	0.00853	0.01279	0.01972	0.00853	0.01493	0.01013	0.01173	0.00693	0.00800	0.00640	0.00426	0.00320	0.00107	0.00533	0.00267	0.00213	0.00640
26	0.00607	0.00434	0.00578	0.00694	0.00723	0.00405	0.00463	0.00694	0.00954	0.01272	0.02747	0.82157	0.03297	0.01562	0.00636	0.00202	0.00289	0.01417	0.00463	0.00405
27	0.01091	0.01091	0.01527	0.01309	0.01309	0.01527	0.01091	0.01200	0.00763	0.01200	0.00654	0.01091	0.00654	0.00872	0.01636	0.00218	0.81570	0.00436	0.00218	0.00545
28	0.00941	0.00886	0.01495	0.81285	0.03433	0.01107	0.01384	0.01274	0.00997	0.01274	0.00886	0.01329	0.00664	0.00498	0.00498	0.00166	0.00664	0.00443	0.00221	0.00554
29	0.00712	0.00534	0.00801	0.00801	0.00890	0.00623	0.00623	0.00890	0.00801	0.01157	0.01335	0.01958	0.01246	0.03738	0.80507	0.00801	0.01335	0.00534	0.00267	0.00445
30	0.00863	0.00680	0.01089	0.04653	0.01139	0.00681	0.16255	0.01021	0.00893	0.01283	0.01413	0.02419	0.01399	0.40639	0.08337	0.00366	0.00594	0.00621	0.15225	0.00431
31	0.00630	0.00456	0.00548	0.00622	0.00697	0.00414	0.00430	0.00740	0.01012	0.01343	0.03283	0.54035	0.23958	0.01395	0.00599	0.00186	0.00274	0.01235	0.07728	0.00414
32	0.01169	0.43344	0.40617	0.01132	0.01711	0.01572	0.01339	0.01535	0.01032	0.01372	0.00792	0.00924	0.00636	0.00450	0.00395	0.00132	0.00633	0.00317	0.00212	0.00687
33	0.00725	0.00483	0.00544	0.00544	0.00544	0.00483	0.00302	0.00725	0.00725	0.00966	0.01571	0.03262	0.01812	0.82483	0.02537	0.00483	0.00483	0.00725	0.00302	0.00302
34	0.27908	0.08161	0.01393	0.30404	0.09018	0.08039	0.01029	0.03179	0.01022	0.01636	0.00803	0.01063	0.00636	0.00493	0.00458	0.00154	0.03397	0.00363	0.00260	0.00586
35	0.00627	0.00489	0.00526	0.00543	0.00647	0.00435	0.00371	0.00715	0.01001	0.01236	0.03792	0.16001	0.47497	0.22610	0.01107	0.00256	0.00319	0.01021	0.00421	0.00387
36	0.22874	0.37630	0.04515	0.00919	0.04362	0.01418	0.00809	0.01701	0.01071	0.19125	0.00996	0.01030	0.00754	0.00481	0.00370	0.00133	0.00481	0.00331	0.00329	0.00671
37	0.08723	0.01608	0.15165	0.01178	0.01574	0.14130	0.04624	0.25651	0.09932	0.02118	0.01231	0.01548	0.00991	0.00614	0.00489	0.00156	0.00610	0.06945	0.00374	0.02339
38	0.01045	0.01003	0.02951	0.28865	0.31327	0.01042	0.03197	0.01372	0.03959	0.01480	0.01140	0.09616	0.01023	0.00587	0.00521	0.00156	0.01919	0.00538	0.00273	0.07985
39	0.00978	0.08868	0.07188	0.01026	0.07806	0.00810	0.00778	0.04664	0.04246	0.06705	0.09567	0.35559	0.02401	0.01061	0.00559	0.00175	0.00406	0.06220	0.00422	0.00562

[dist]
# distance from previous block
# <min> <max>
1	8

[block]
# block no. 8 follows, 50 sequences, length 77
# corresponding to MSA columns:
# 326-402
name=unknown_I
#
# <colnr> <probs for GDERKNQSTAVLIFYWHMCP>
#	G	D	E	R	K	N	Q	S	T	A	V	L	I	F	Y	W	H	M	C	P
0	0.01331	0.03280	0.01151	0.00951	0.01209	0.05530	0.00749	0.31610	0.14529	0.02282	0.16647	0.14822	0.02085	0.00839	0.00532	0.00160	0.00439	0.00700	0.00483	0.00673
1	0.01138	0.01083	0.01840	0.23169	0.57215	0.01139	0.01457	0.01436	0.01093	0.01525	0.00983	0.03894	0.00839	0.00494	0.00499	0.00154	0.00601	0.00476	0.00247	0.00716
2	0.01135	0.15077	0.45373	0.01461	0.02072	0.01303	0.19151	0.01621	0.03195	0.03677	0.00949	0.01119	0.00702	0.00463	0.00477	0.00152	0.00710	0.00412	0.00240	0.00711
3	0.00948	0.00951	0.01848	0.16014	0.02081	0.00951	0.36096	0.01233	0.01061	0.01424	0.03922	0.21506	0.01557	0.05917	0.00723	0.00197	0.01924	0.00783	0.00311	0.00553
4	0.01536	0.00822	0.01017	0.00854	0.01138	0.00810	0.00679	0.02095	0.23889	0.36270	0.22641	0.02287	0.02247	0.00742	0.00526	0.00159	0.00365	0.00627	0.00567	0.00730
5	0.01839	0.00893	0.01276	0.24268	0.01917	0.00892	0.00935	0.06771	0.01359	0.52163	0.01605	0.01559	0.01044	0.00581	0.00500	0.00157	0.00502	0.00481	0.00495	0.00763
6	0.01430	0.01345	0.01811	0.06677	0.50686	0.10978	0.01336	0.14804	0.01377	0.03358	0.00979	0.01200	0.00784	0.00486	0.00489	0.00147	0.00623	0.00431	0.00298	0.00762
7	0.00714	0.00528	0.00772	0.00772	0.00851	0.00607	0.00587	0.00871	0.00792	0.01135	0.01362	0.02106	0.01310	0.12687	0.71647	0.00765	0.01238	0.00556	0.00271	0.00429
8	0.00712	0.00534	0.00801	0.00801	0.00890	0.00623	0.00623	0.00890	0.00801	0.01157	0.01335	0.01958	0.01246	0.03738	0.80507	0.00801	0.01335	0.00534	0.00267	0.00445
9	0.00663	0.00469	0.00590	0.00658	0.00705	0.00444	0.00450	0.00743	0.00943	0.01240	0.04943	0.43409	0.10688	0.20280	0.01118	0.02970	0.00350	0.08534	0.00420	0.00384
10	0.01000	0.02578	0.79900	0.01421	0.02157	0.01158	0.01842	0.01579	0.01052	0.01579	0.00895	0.01052	0.00631	0.00474	0.00474	0.00158	0.00737	0.00368	0.00210	0.00737
11	0.02236	0.00848	0.01157	0.00887	0.01272	0.00733	0.00733	0.02429	0.01427	0.79719	0.01966	0.01697	0.01234	0.00617	0.00501	0.00154	0.00424	0.00501	0.00617	0.00848
12	0.00725	0.00483	0.00544	0.00544	0.00544	0.00483	0.00302	0.00725	0.00725	0.00966	0.01571	0.03262	0.01812	0.82483	0.02537	0.00483	0.00483	0.00725	0.00302	0.00302
13	0.01234	0.01184	0.02023	0.03059	0.79373	0.01184	0.01530	0.01530	0.01135	0.01628	0.00938	0.01234	0.00790	0.00444	0.00493	0.00148	0.00592	0.00444	0.00247	0.00790
14	0.00607	0.00434	0.00578	0.00694	0.00723	0.00405	0.00463	0.00694	0.00954	0.01272	0.02747	0.82157	0.03297	0.01562	0.00636	0.00202	0.00289	0.01417	0.00463	0.00405
15	0.01862	0.02376	0.01413	0.01284	0.01541	0.80482	0.00963	0.01990	0.01413	0.01220	0.00770	0.00899	0.00642	0.00514	0.00449	0.00128	0.00899	0.00321	0.00257	0.00578
16	0.01047	0.00898	0.01040	0.00756	0.01189	0.00702	0.00603	0.01345	0.06021	0.01654	0.00960	0.01087	0.00789	0.00389	0.00378	0.00080	0.00371	0.00313	0.00309	0.80073
17	0.01637	0.01065	0.01730	0.02109	0.42379	0.01016	0.05999	0.03127	0.01273	0.32536	0.01353	0.01423	0.00964	0.00513	0.00503	0.00152	0.00541	0.00476	0.00398	0.00806
18	0.00671	0.00545	0.00601	0.00589	0.00749	0.00493	0.00449	0.00912	0.06086	0.01572	0.24302	0.04368	0.50882	0.01167	0.00588	0.00168	0.00267	0.04640	0.00488	0.00459
19	0.86003	0.00964	0.00733	0.00655	0.00964	0.01118	0.00540	0.01465	0.00848	0.02236	0.00694	0.00810	0.00540	0.00463	0.00308	0.00154	0.00386	0.00270	0.00308	0.00540
20	0.00789	0.00569	0.00784	0.00891	0.01010	0.00564	0.00776	0.01012	0.01147	0.01482	0.02794	0.05569	0.07782	0.01370	0.00682	0.00226	0.00446	0.71191	0.00459	0.00457
21	0.01788	0.00914	0.01143	0.00870	0.01267	0.00804	0.00709	0.07581	0.06338	0.45809	0.01592	0.01473	0.01076	0.00545	0.00462	0.00131	0.00415	0.00440	0.00505	0.26139
22	0.01155	0.01281	0.02586	0.01902	0.02280	0.01327	0.58382	0.01497	0.01073	0.01497	0.00920	0.01281	0.00731	0.00534	0.00851	0.00181	0.21089	0.00550	0.00244	0.00640
23	0.01862	0.02376	0.01413	0.01284	0.01541	0.80482	0.00963	0.01990	0.01413	0.01220	0.00770	0.00899	0.00642	0.00514	0.00449	0.00128	0.00899	0.00321	0.00257	0.00578
24	0.01176	0.01345	0.02941	0.02101	0.02605	0.01261	0.77563	0.01597	0.01176	0.01597	0.01008	0.01345	0.00756	0.00420	0.00588	0.00168	0.00840	0.00588	0.00252	0.00672
25	0.00619	0.00442	0.00592	0.00708	0.00742	0.00415	0.00484	0.00715	0.00966	0.01286	0.02741	0.77402	0.03270	0.01550	0.00639	0.00204	0.00300	0.06053	0.00462	0.00408
26	0.86003	0.00964	0.00733	0.00655	0.00964	0.01118	0.00540	0.01465	0.00848	0.02236	0.00694	0.00810	0.00540	0.00463	0.00308	0.00154	0.00386	0.00270	0.00308	0.00540
27	0.01113	0.00926	0.01033	0.00986	0.01220	0.01046	0.00793	0.02179	0.56001	0.01913	0.02206	0.02953	0.01913	0.00880	0.00560	0.00187	0.00413	0.22492	0.00493	0.00693
28	0.00607	0.00434	0.00578	0.00694	0.00723	0.00405	0.00463	0.00694	0.00954	0.01272	0.02747	0.82157	0.03297	0.01562	0.00636	0.00202	0.00289	0.01417	0.00463	0.00405
29	0.00756	0.00568	0.00794	0.00790	0.00878	0.00628	0.00621	0.00940	0.01006	0.01428	0.19978	0.06205	0.02380	0.05899	0.34061	0.00457	0.06951	0.12275	0.02931	0.00453
30	0.13832	0.00899	0.00995	0.00875	0.01115	0.05986	0.00698	0.08910	0.05387	0.19260	0.01371	0.01583	0.01077	0.01874	0.33412	0.00419	0.00835	0.00467	0.00387	0.00616
31	0.81435	0.05378	0.00834	0.00666	0.00981	0.01164	0.00557	0.01467	0.00857	0.02179	0.00694	0.00809	0.00545	0.00461	0.00309	0.00152	0.00394	0.00270	0.00303	0.00545
32	0.01093	0.01407	0.13381	0.04391	0.04865	0.01169	0.52588	0.01493	0.01133	0.01565	0.03440	0.06459	0.01013	0.00534	0.00601	0.00169	0.03172	0.00605	0.00266	0.00655
33	0.01862	0.02376	0.01413	0.01284	0.01541	0.80482	0.00963	0.01990	0.01413	0.01220	0.00770	0.00899	0.00642	0.00514	0.00449	0.00128	0.00899	0.00321	0.00257	0.00578
34	0.18200	0.00824	0.00928	0.00862	0.00981	0.05252	0.00678	0.01121	0.00838	0.01394	0.01072	0.01614	0.01007	0.09499	0.34584	0.00467	0.16700	0.00465	0.03036	0.00479
35	0.01350	0.40399	0.15355	0.01106	0.01487	0.18079	0.01079	0.01567	0.01066	0.01256	0.00738	0.00906	0.00641	0.00518	0.00567	0.00136	0.12577	0.00320	0.00223	0.00629
36	0.00605	0.00444	0.00568	0.00668	0.00716	0.00407	0.00451	0.00697	0.00980	0.01283	0.03070	0.71325	0.13921	0.01520	0.00630	0.00198	0.00284	0.01366	0.00463	0.00407
37	0.01333	0.82783	0.02612	0.00853	0.01279	0.01972	0.00853	0.01493	0.01013	0.01173	0.00693	0.00800	0.00640	0.00426	0.00320	0.00107	0.00533	0.00267	0.00213	0.00640
38	0.01983	0.01255	0.01408	0.01080	0.01475	0.01336	0.00892	0.58285	0.02107	0.22902	0.01395	0.01326	0.00947	0.00603	0.00499	0.00151	0.00516	0.00462	0.00529	0.00848
39	0.00813	0.00659	0.00740	0.00693	0.00871	0.00662	0.00528	0.01331	0.22101	0.01818	0.35198	0.03556	0.27103	0.01003	0.00567	0.00164	0.00284	0.00857	0.00511	0.00541
40	0.00713	0.00529	0.00773	0.00773	0.00853	0.00608	0.00588	0.00872	0.00793	0.01137	0.01361	0.02099	0.01307	0.12245	0.72084	0.00767	0.01243	0.00555	0.00271	0.00430
41	0.01067	0.01056	0.01482	0.01277	0.01283	0.01471	0.01061	0.01180	0.00766	0.01197	0.00697	0.01144	0.00691	0.01050	0.06537	0.00254	0.76585	0.00442	0.00221	0.00539
42	0.00712	0.00534	0.00801	0.00801	0.00890	0.00623	0.00623	0.00890	0.00801	0.01157	0.01335	0.01958	0.01246	0.03738	0.80507	0.00801	0.01335	0.00534	0.00267	0.00445
43	0.00606	0.00438	0.00574	0.00682	0.00720	0.00406	0.00457	0.00695	0.00966	0.01277	0.02890	0.77350	0.08011	0.01543	0.00633	0.00200	0.00287	0.01394	0.00463	0.00406
44	0.00726	0.00530	0.00780	0.00780	0.00871	0.00613	0.00606	0.00907	0.00816	0.01201	0.01353	0.01952	0.01248	0.03542	0.75526	0.00759	0.01267	0.00530	0.05548	0.00446
45	0.01895	0.01396	0.01496	0.01147	0.01546	0.01546	0.00947	0.77711	0.02344	0.03141	0.01197	0.01197	0.00848	0.00598	0.00499	0.00150	0.00548	0.00449	0.00499	0.00848
46	0.00625	0.00446	0.00599	0.00714	0.00751	0.00420	0.00494	0.00725	0.00972	0.01292	0.02737	0.75229	0.03258	0.01545	0.00641	0.00205	0.00305	0.08170	0.00462	0.00410
47	0.00898	0.00542	0.00613	0.00575	0.00709	0.00535	0.00436	0.05898	0.01278	0.01997	0.33503	0.02585	0.02661	0.00762	0.00457	0.00135	0.00253	0.00643	0.45029	0.00491
48	0.01289	0.00758	0.00806	0.00688	0.00903	0.00794	0.00545	0.23361	0.01444	0.07067	0.01523	0.01657	0.01151	0.00588	0.00401	0.00128	0.00336	0.00462	0.55500	0.00599
49	0.00962	0.00689	0.00805	0.00675	0.00950	0.00571	0.00522	0.01177	0.03659	0.10205	0.09835	0.10368	0.26193	0.00864	0.00504	0.00136	0.00319	0.00730	0.00430	0.30406
50	0.00686	0.00548	0.00619	0.00615	0.01847	0.00491	0.00455	0.03651	0.01254	0.01605	0.25968	0.06657	0.49686	0.01168	0.00588	0.00167	0.00269	0.02783	0.00486	0.00456
51	0.01034	0.00886	0.01034	0.00738	0.01181	0.00664	0.00591	0.01255	0.01034	0.01624	0.00886	0.01034	0.00738	0.00369	0.00369	0.00074	0.00369	0.00295	0.00295	0.85530
52	0.00719	0.00485	0.00547	0.00546	0.00557	0.00480	0.00312	0.00733	0.00768	0.01023	0.04866	0.03338	0.04796	0.76147	0.02385	0.00458	0.00465	0.00744	0.00318	0.00313
53	0.06365	0.02440	0.72608	0.01393	0.02095	0.01158	0.04022	0.01572	0.01043	0.01621	0.00885	0.01046	0.00629	0.00471	0.00467	0.00158	0.00718	0.00369	0.00218	0.00722
54	0.00760	0.00480	0.00580	0.00643	0.00715	0.00468	0.00454	0.03375	0.01036	0.01530	0.02331	0.50793	0.02550	0.01207	0.00541	0.00174	0.00286	0.03842	0.27793	0.00441
55	0.01895	0.01396	0.01496	0.01147	0.01546	0.01546	0.00947	0.77711	0.02344	0.03141	0.01197	0.01197	0.00848	0.00598	0.00499	0.00150	0.00548	0.00449	0.00499	0.00848
56	0.01032	0.10248	0.72509	0.01366	0.02073	0.01235	0.01747	0.01570	0.01049	0.01540	0.00875	0.01028	0.00632	0.00469	0.00459	0.00153	0.00717	0.00359	0.00211	0.00727
57	0.01647	0.01568	0.01270	0.01138	0.03252	0.33752	0.00858	0.06907	0.21949	0.12857	0.01379	0.03960	0.01070	0.00601	0.00478	0.00144	0.00616	0.00457	0.00399	0.05698
58	0.01804	0.02282	0.01418	0.06329	0.01660	0.75476	0.00990	0.01945	0.01386	0.01223	0.00778	0.00926	0.00643	0.00513	0.00453	0.00131	0.00884	0.00329	0.00255	0.00576
59	0.00668	0.00486	0.00629	0.00640	0.00734	0.00447	0.00462	0.00851	0.01254	0.01736	0.51156	0.27776	0.08900	0.01200	0.00603	0.00171	0.00253	0.01068	0.00517	0.00447
60	0.01732	0.01849	0.01245	0.01106	0.01362	0.53279	0.00843	0.10176	0.01453	0.06488	0.01037	0.01144	0.00809	0.00541	0.00441	0.00130	0.00718	0.00371	0.14670	0.00605
61	0.01104	0.01019	0.01514	0.17412	0.36925	0.05334	0.01176	0.01368	0.01168	0.03903	0.14758	0.01899	0.06387	0.00629	0.00552	0.00156	0.03172	0.00556	0.00319	0.00647
62	0.00604	0.00471	0.00549	0.00601	0.00701	0.00416	0.00424	0.00717	0.01065	0.01347	0.07952	0.41471	0.39127	0.01391	0.00611	0.00184	0.00269	0.01217	0.00467	0.00416
63	0.00725	0.00483	0.00544	0.00544	0.00544	0.00483	0.00302	0.00725	0.00725	0.00966	0.01571	0.03262	0.01812	0.82483	0.02537	0.00483	0.00483	0.00725	0.00302	0.00302
64	0.05594	0.01148	0.02177	0.01589	0.02032	0.01074	0.45915	0.03016	0.02320	0.25672	0.03425	0.01496	0.01012	0.00505	0.00546	0.00163	0.00663	0.00552	0.00382	0.00719
65	0.01352	0.01201	0.02034	0.02443	0.48214	0.01219	0.14326	0.08786	0.01255	0.07557	0.01033	0.01274	0.00814	0.00494	0.00583	0.00156	0.05724	0.00473	0.00297	0.00764
66	0.01544	0.01846	0.01460	0.01294	0.01445	0.47972	0.01016	0.01665	0.01145	0.01212	0.00723	0.00978	0.00647	0.00661	0.00938	0.00165	0.34116	0.00368	0.00241	0.00564
67	0.01170	0.00833	0.00881	0.00777	0.01023	0.04017	0.00606	0.06402	0.20072	0.14939	0.10212	0.03075	0.32132	0.00916	0.00543	0.00162	0.00359	0.00759	0.00501	0.00620
68	0.01065	0.08950	0.40330	0.29707	0.02495	0.01236	0.01536	0.06263	0.01111	0.01533	0.00893	0.01137	0.00658	0.00486	0.00470	0.00156	0.00681	0.00391	0.00233	0.00670
