[name]
unknown

[dist]
# distance from previous block
# <min> <max>
28	55

[block]
# block no. 0 follows, 40 sequences, length 6
# corresponding to MSA columns:
# 1124-1129
name=unknown_A
#
# <colnr> <probs for GDERKNQSTAVLIFYWHMCP>
#	G	D	E	R	K	N	Q	S	T	A	V	L	I	F	Y	W	H	M	C	P
0	0.10476	0.11527	0.10866	0.01400	0.08913	0.05050	0.03862	0.07040	0.09983	0.03626	0.05833	0.01662	0.03861	0.00652	0.00561	0.00165	0.02936	0.00512	0.00388	0.10684
1	0.01377	0.14651	0.18383	0.16585	0.08044	0.08561	0.01386	0.03929	0.05051	0.03609	0.05604	0.04748	0.01254	0.00657	0.00543	0.00171	0.00700	0.00532	0.00336	0.03880
2	0.10319	0.07597	0.01571	0.01262	0.06214	0.09982	0.00960	0.20381	0.06195	0.13497	0.07008	0.01615	0.01345	0.00662	0.00529	0.00162	0.00587	0.00507	0.00484	0.09123
3	0.01476	0.01178	0.01515	0.18033	0.08049	0.06436	0.04125	0.07571	0.11172	0.11524	0.11501	0.05869	0.04038	0.00789	0.00602	0.00182	0.00592	0.00682	0.00469	0.04197
4	0.01488	0.10863	0.06337	0.01157	0.03448	0.01194	0.04689	0.07699	0.11317	0.11742	0.11053	0.02004	0.04398	0.00694	0.00544	0.00155	0.00521	0.00578	0.00468	0.19650
5	0.15318	0.07317	0.01436	0.01051	0.01424	0.03577	0.06980	0.06345	0.10007	0.04699	0.12234	0.04683	0.05584	0.00744	0.00533	0.00163	0.00502	0.00615	0.00450	0.16337

[dist]
# distance from previous block
# <min> <max>
2	5

[block]
# block no. 1 follows, 40 sequences, length 23
# corresponding to MSA columns:
# 1135-1151,1159-1164
name=unknown_B
#
# <colnr> <probs for GDERKNQSTAVLIFYWHMCP>
#	G	D	E	R	K	N	Q	S	T	A	V	L	I	F	Y	W	H	M	C	P
0	0.10027	0.09687	0.11204	0.01236	0.05394	0.07819	0.01058	0.06525	0.03729	0.23971	0.08013	0.04546	0.02879	0.00730	0.00546	0.00174	0.00589	0.00576	0.00485	0.00813
1	0.01582	0.01316	0.07118	0.04910	0.05103	0.09903	0.02405	0.02040	0.11290	0.19755	0.13637	0.06457	0.05579	0.00834	0.00598	0.00179	0.00559	0.00702	0.00513	0.05520
2	0.01658	0.01087	0.01497	0.05292	0.18861	0.01083	0.01062	0.10258	0.08276	0.21550	0.13411	0.03910	0.06232	0.00803	0.00604	0.00181	0.00517	0.00692	0.00536	0.02492
3	0.07585	0.01267	0.01939	0.08833	0.38870	0.01278	0.05166	0.07265	0.02954	0.03732	0.01241	0.05056	0.01050	0.00598	0.00557	0.00169	0.00633	0.00548	0.00349	0.10909
4	0.07749	0.01298	0.01963	0.10172	0.39828	0.03473	0.05158	0.05805	0.01398	0.07822	0.04185	0.01608	0.01129	0.02290	0.00616	0.00182	0.00659	0.00535	0.00359	0.03770
5	0.01414	0.01094	0.01391	0.09066	0.04358	0.01002	0.02908	0.12752	0.01514	0.07951	0.05287	0.01841	0.06855	0.00632	0.00526	0.00138	0.00510	0.00527	0.00428	0.39806
6	0.01387	0.01385	0.05606	0.13453	0.52813	0.01358	0.01656	0.04929	0.05154	0.01933	0.01333	0.01629	0.03606	0.00584	0.00580	0.00178	0.00682	0.00547	0.00319	0.00868
7	0.31657	0.05466	0.01379	0.01142	0.01477	0.30399	0.00903	0.10943	0.01464	0.02126	0.00979	0.01150	0.00793	0.00894	0.06765	0.00227	0.00802	0.00389	0.00355	0.00688
8	0.04428	0.01365	0.01672	0.01381	0.05950	0.06535	0.08057	0.14063	0.02754	0.02138	0.01086	0.01292	0.00877	0.00580	0.00676	0.00147	0.10047	0.00445	0.00368	0.36138
9	0.00931	0.00732	0.00873	0.00922	0.01084	0.00744	0.00721	0.01422	0.16958	0.01784	0.03568	0.24631	0.18773	0.01460	0.00717	0.00229	0.00415	0.22895	0.00550	0.00591
10	0.00801	0.00594	0.00747	0.00709	0.00855	0.00539	0.00531	0.01055	0.01594	0.02209	0.64390	0.04546	0.16802	0.01235	0.00686	0.00185	0.00278	0.01080	0.00624	0.00539
11	0.02609	0.00990	0.01350	0.01035	0.01484	0.00855	0.00855	0.02834	0.01664	0.76338	0.02294	0.01979	0.01439	0.00720	0.00585	0.00180	0.00495	0.00585	0.00720	0.00990
12	0.02568	0.00999	0.01348	0.01040	0.01485	0.00876	0.00857	0.02843	0.04248	0.73731	0.02297	0.01986	0.01451	0.00722	0.00585	0.00181	0.00494	0.00587	0.00715	0.00987
13	0.02220	0.00905	0.01217	0.00962	0.01348	0.00786	0.00783	0.02448	0.01642	0.60515	0.13890	0.02556	0.06371	0.00836	0.00606	0.00181	0.00449	0.00695	0.00697	0.00892
14	0.00846	0.00564	0.00634	0.00634	0.00634	0.00564	0.00352	0.00846	0.00846	0.01128	0.01832	0.03805	0.02114	0.79563	0.02960	0.00564	0.00564	0.00846	0.00352	0.00352
15	0.01659	0.06551	0.44425	0.01535	0.06388	0.01249	0.01655	0.02146	0.01369	0.25337	0.01428	0.01461	0.00970	0.00600	0.00554	0.00179	0.00721	0.00477	0.00398	0.00898
16	0.02121	0.01803	0.01681	0.01351	0.01771	0.15920	0.01089	0.52935	0.10274	0.03112	0.01407	0.01414	0.01028	0.00689	0.00572	0.00172	0.00697	0.00510	0.00530	0.00923
17	0.00709	0.00506	0.00675	0.00810	0.00843	0.00472	0.00540	0.00810	0.01113	0.01484	0.03205	0.79184	0.03846	0.01822	0.00742	0.00236	0.00337	0.01653	0.00540	0.00472
18	0.01430	0.01391	0.01949	0.26501	0.27469	0.09650	0.05403	0.09153	0.01441	0.01864	0.01254	0.07520	0.01090	0.00666	0.00592	0.00183	0.00740	0.00601	0.00330	0.00771
19	0.01765	0.13493	0.12640	0.01729	0.10087	0.34541	0.07003	0.05271	0.05024	0.01708	0.01042	0.01210	0.00836	0.00574	0.00531	0.00161	0.00870	0.00434	0.00309	0.00772
20	0.01363	0.40808	0.31951	0.01243	0.01886	0.01757	0.01418	0.01751	0.01203	0.01613	0.00926	0.01080	0.00755	0.00512	0.00450	0.00144	0.00695	0.00362	0.00258	0.09826
21	0.04531	0.22755	0.19492	0.01457	0.06527	0.14806	0.01336	0.14477	0.03559	0.04357	0.01088	0.01201	0.00843	0.00580	0.00502	0.00160	0.00744	0.00418	0.00345	0.00822
22	0.02868	0.04975	0.21862	0.03866	0.05418	0.06409	0.05070	0.05691	0.12468	0.04040	0.01280	0.01425	0.00981	0.00660	0.01973	0.00179	0.03462	0.00473	0.00360	0.16540

[dist]
# distance from previous block
# <min> <max>
2	16

[block]
# block no. 2 follows, 40 sequences, length 29
# corresponding to MSA columns:
# 1181-1209
name=unknown_C
#
# <colnr> <probs for GDERKNQSTAVLIFYWHMCP>
#	G	D	E	R	K	N	Q	S	T	A	V	L	I	F	Y	W	H	M	C	P
0	0.05724	0.13552	0.08510	0.04668	0.12326	0.05381	0.01190	0.15580	0.08782	0.10790	0.04314	0.04068	0.01278	0.00678	0.00543	0.00172	0.00623	0.00541	0.00438	0.00842
1	0.01960	0.01443	0.01597	0.05201	0.05591	0.06875	0.01093	0.32292	0.13902	0.14899	0.01691	0.01848	0.01265	0.00749	0.00636	0.00185	0.03335	0.03994	0.00541	0.00901
2	0.07265	0.05297	0.01810	0.01837	0.21344	0.07253	0.05613	0.13741	0.08663	0.03514	0.01407	0.07652	0.01208	0.00677	0.00553	0.00168	0.00624	0.00580	0.00405	0.10391
3	0.09180	0.03838	0.01895	0.01548	0.07394	0.04206	0.17710	0.09474	0.07013	0.19999	0.08888	0.01934	0.02899	0.00686	0.00590	0.00181	0.00630	0.00618	0.00490	0.00827
4	0.05167	0.15277	0.01746	0.04863	0.12107	0.04342	0.01026	0.16834	0.03277	0.05825	0.08916	0.10218	0.01703	0.00782	0.00551	0.00169	0.00564	0.00643	0.00440	0.05550
5	0.01664	0.01545	0.01357	0.01130	0.01480	0.19851	0.00886	0.26340	0.01891	0.02366	0.08662	0.04663	0.11810	0.00823	0.00574	0.00161	0.00618	0.00643	0.00475	0.13061
6	0.01775	0.06096	0.06471	0.01874	0.11259	0.31654	0.14243	0.09637	0.01572	0.01834	0.01027	0.01248	0.00823	0.00588	0.00628	0.00168	0.04884	0.00470	0.00320	0.03429
7	0.00696	0.00576	0.00610	0.00631	0.00798	0.00490	0.00462	0.00841	0.01303	0.01587	0.08174	0.17535	0.61256	0.01519	0.00696	0.00202	0.00301	0.01290	0.00544	0.00490
8	0.01575	0.74091	0.04877	0.01037	0.01534	0.06000	0.01031	0.01773	0.01206	0.01383	0.00819	0.00946	0.00746	0.00504	0.00385	0.00127	0.00649	0.00317	0.00251	0.00746
9	0.01260	0.11330	0.64728	0.01577	0.02369	0.05360	0.01971	0.01855	0.01244	0.01769	0.01011	0.01187	0.00738	0.00549	0.00532	0.00176	0.00843	0.00414	0.00249	0.00838
10	0.01080	0.00980	0.01593	0.40133	0.08986	0.01101	0.05718	0.01473	0.04133	0.01677	0.05705	0.02938	0.07694	0.00866	0.00641	0.00205	0.00660	0.13398	0.00368	0.00651
11	0.00687	0.00589	0.00589	0.00589	0.00785	0.00491	0.00442	0.00835	0.01325	0.01571	0.05891	0.05596	0.75700	0.01473	0.00687	0.00196	0.00295	0.01227	0.00540	0.00491
12	0.02779	0.00770	0.00856	0.02865	0.01077	0.02742	0.00653	0.04886	0.06122	0.01816	0.11106	0.22822	0.29273	0.01378	0.00713	0.00209	0.02299	0.06539	0.00530	0.00565
13	0.01891	0.02253	0.01810	0.02065	0.22926	0.51141	0.01301	0.02104	0.01538	0.01578	0.01081	0.01480	0.00949	0.00634	0.00555	0.00163	0.00917	0.04568	0.00310	0.00737
14	0.02609	0.00990	0.01350	0.01035	0.01484	0.00855	0.00855	0.02834	0.01664	0.76338	0.02294	0.01979	0.01439	0.00720	0.00585	0.00180	0.00495	0.00585	0.00720	0.00990
15	0.05865	0.01769	0.02078	0.02829	0.50737	0.23234	0.01535	0.01936	0.01400	0.01799	0.01023	0.01301	0.00857	0.00543	0.00550	0.00166	0.00782	0.00466	0.00295	0.00835
16	0.01446	0.01249	0.01315	0.01183	0.01512	0.01446	0.00920	0.03090	0.74885	0.02433	0.02367	0.02170	0.01775	0.00789	0.00592	0.00197	0.00460	0.00657	0.00592	0.00920
17	0.00811	0.00594	0.00760	0.00719	0.00861	0.00543	0.00539	0.01073	0.01617	0.02263	0.69268	0.04458	0.11891	0.01215	0.00686	0.00184	0.00276	0.01068	0.00631	0.00543
18	0.02210	0.02462	0.01593	0.01420	0.01743	0.63600	0.01078	0.02423	0.04204	0.12235	0.01151	0.01222	0.00884	0.00623	0.00535	0.00156	0.00948	0.00415	0.00370	0.00728
19	0.55008	0.10096	0.14676	0.00984	0.01455	0.01452	0.00970	0.06129	0.01159	0.02401	0.00887	0.01021	0.00683	0.00547	0.00409	0.00174	0.00553	0.00348	0.00341	0.00705
20	0.00709	0.00506	0.00675	0.00810	0.00843	0.00472	0.00540	0.00810	0.01113	0.01484	0.03205	0.79184	0.03846	0.01822	0.00742	0.00236	0.00337	0.01653	0.00540	0.00472
21	0.00709	0.00506	0.00675	0.00810	0.00843	0.00472	0.00540	0.00810	0.01113	0.01484	0.03205	0.79184	0.03846	0.01822	0.00742	0.00236	0.00337	0.01653	0.00540	0.00472
22	0.13748	0.01341	0.01464	0.01264	0.05858	0.06688	0.00966	0.21605	0.05076	0.33612	0.01679	0.01589	0.01141	0.00671	0.00548	0.00177	0.00577	0.00515	0.00572	0.00909
23	0.00723	0.00585	0.00642	0.00639	0.00810	0.00504	0.00475	0.00900	0.01394	0.01759	0.23475	0.09749	0.53465	0.01422	0.00690	0.00195	0.00292	0.01208	0.00565	0.00504
24	0.01987	0.01228	0.01415	0.01135	0.01556	0.01259	0.00917	0.19431	0.25487	0.27347	0.01970	0.01820	0.01379	0.00705	0.00569	0.00174	0.00511	0.00568	0.00605	0.09937
25	0.10281	0.23505	0.48496	0.01382	0.02089	0.01601	0.01672	0.01800	0.01189	0.01798	0.00955	0.01117	0.00728	0.00536	0.00483	0.00168	0.00751	0.00385	0.00259	0.00804
26	0.09210	0.01680	0.01526	0.01295	0.01614	0.29376	0.08849	0.05892	0.05231	0.08976	0.14625	0.05816	0.01886	0.00776	0.00579	0.00174	0.00708	0.00631	0.00447	0.00709
27	0.01922	0.02009	0.01590	0.09142	0.01941	0.38212	0.01116	0.16371	0.12826	0.04112	0.01296	0.01411	0.01000	0.00795	0.03545	0.00198	0.00857	0.00476	0.00407	0.00773
28	0.11008	0.01508	0.01722	0.02016	0.28266	0.12524	0.01222	0.12405	0.07344	0.07234	0.03010	0.01539	0.02371	0.00621	0.00544	0.00169	0.00648	0.00506	0.00408	0.04936

[dist]
# distance from previous block
# <min> <max>
0	2

[block]
# block no. 3 follows, 40 sequences, length 49
# corresponding to MSA columns:
# 1212-1260
name=unknown_D
#
# <colnr> <probs for GDERKNQSTAVLIFYWHMCP>
#	G	D	E	R	K	N	Q	S	T	A	V	L	I	F	Y	W	H	M	C	P
0	0.00767	0.00554	0.00663	0.00701	0.00771	0.00517	0.00464	0.00873	0.01155	0.01527	0.15248	0.29348	0.16732	0.26371	0.01428	0.00324	0.00391	0.01219	0.00497	0.00450
1	0.01986	0.04843	0.04874	0.01381	0.01813	0.16681	0.03432	0.40468	0.13819	0.02804	0.01408	0.01431	0.01043	0.00673	0.00566	0.00172	0.00712	0.00508	0.00492	0.00895
2	0.01098	0.01034	0.01744	0.78165	0.04005	0.01292	0.01615	0.01486	0.01163	0.01486	0.01034	0.01550	0.00775	0.00581	0.00581	0.00194	0.00775	0.00517	0.00258	0.00646
3	0.01459	0.01411	0.02277	0.03367	0.69374	0.03412	0.01714	0.01879	0.05860	0.01920	0.01167	0.01474	0.00969	0.00537	0.00575	0.00174	0.00686	0.00523	0.00307	0.00914
4	0.01304	0.01367	0.02308	0.01822	0.02009	0.01682	0.24428	0.01547	0.01044	0.01547	0.00895	0.01367	0.00801	0.00849	0.01518	0.00236	0.53757	0.00566	0.00267	0.00683
5	0.02609	0.00990	0.01350	0.01035	0.01484	0.00855	0.00855	0.02834	0.01664	0.76338	0.02294	0.01979	0.01439	0.00720	0.00585	0.00180	0.00495	0.00585	0.00720	0.00990
6	0.00709	0.00506	0.00675	0.00810	0.00843	0.00472	0.00540	0.00810	0.01113	0.01484	0.03205	0.79184	0.03846	0.01822	0.00742	0.00236	0.00337	0.01653	0.00540	0.00472
7	0.01339	0.01287	0.02213	0.24986	0.53239	0.01358	0.03728	0.01701	0.01279	0.01780	0.01079	0.01475	0.00878	0.00536	0.00580	0.00179	0.00723	0.00522	0.00280	0.00838
8	0.00687	0.00589	0.00589	0.00589	0.00785	0.00491	0.00442	0.00835	0.01325	0.01571	0.05891	0.05596	0.75700	0.01473	0.00687	0.00196	0.00295	0.01227	0.00540	0.00491
9	0.00823	0.00594	0.00777	0.00732	0.00869	0.00549	0.00549	0.01097	0.01646	0.02332	0.75629	0.04344	0.05487	0.01189	0.00686	0.00183	0.00274	0.01052	0.00640	0.00549
10	0.02211	0.01629	0.01745	0.01338	0.01803	0.01803	0.01105	0.73997	0.02734	0.03665	0.01396	0.01396	0.00989	0.00698	0.00582	0.00175	0.00640	0.00524	0.00582	0.00989
11	0.00730	0.00635	0.00697	0.03919	0.03475	0.00555	0.00536	0.00894	0.01319	0.01579	0.05526	0.05287	0.70038	0.01403	0.00679	0.00195	0.00328	0.01174	0.00520	0.00512
12	0.00709	0.00506	0.00675	0.00810	0.00843	0.00472	0.00540	0.00810	0.01113	0.01484	0.03205	0.79184	0.03846	0.01822	0.00742	0.00236	0.00337	0.01653	0.00540	0.00472
13	0.02586	0.01027	0.01373	0.01052	0.01503	0.00910	0.00869	0.07018	0.01727	0.72066	0.02241	0.01945	0.01413	0.00718	0.00585	0.00180	0.00503	0.00581	0.00712	0.00990
14	0.01212	0.12034	0.67924	0.01580	0.02397	0.01462	0.02013	0.01830	0.01222	0.01786	0.01016	0.01193	0.00738	0.00546	0.00531	0.00177	0.00832	0.00416	0.00246	0.00846
15	0.01010	0.00505	0.00758	0.00758	0.00758	0.00505	0.00505	0.00758	0.00758	0.01010	0.01010	0.01768	0.01010	0.02020	0.02273	0.83081	0.00505	0.00505	0.00253	0.00253
16	0.02168	0.01608	0.01721	0.01329	0.01787	0.01784	0.01095	0.70068	0.06732	0.03597	0.01450	0.01439	0.01033	0.00703	0.00582	0.00176	0.00630	0.00531	0.00582	0.00985
17	0.01906	0.01477	0.01574	0.01276	0.01687	0.01661	0.01032	0.45709	0.31518	0.03173	0.01783	0.01705	0.01303	0.00734	0.00586	0.00184	0.00568	0.00577	0.00586	0.00962
18	0.00762	0.00619	0.00717	0.00779	0.02897	0.00549	0.00578	0.00942	0.01337	0.01661	0.10449	0.10791	0.50736	0.01473	0.00708	0.00210	0.00348	0.13389	0.00540	0.00513
19	0.01785	0.21934	0.04182	0.03864	0.13973	0.33537	0.06441	0.04759	0.01475	0.01617	0.00954	0.01152	0.00796	0.00555	0.00510	0.00153	0.00849	0.00415	0.00293	0.00757
20	0.01199	0.01147	0.01976	0.55482	0.22799	0.01323	0.04665	0.01580	0.01214	0.01610	0.01055	0.01522	0.00818	0.00561	0.00584	0.00188	0.00762	0.00524	0.00268	0.00724
21	0.01400	0.00743	0.00976	0.00844	0.01085	0.00680	0.00658	0.01715	0.04633	0.25180	0.50010	0.03525	0.04087	0.01028	0.00651	0.00183	0.00350	0.00892	0.00663	0.00700
22	0.01619	0.01750	0.02075	0.02836	0.51090	0.23369	0.01533	0.01899	0.01418	0.01747	0.01249	0.01509	0.04170	0.00584	0.00566	0.00167	0.00777	0.00508	0.00302	0.00830
23	0.00704	0.00546	0.00642	0.00711	0.00819	0.00484	0.00498	0.00832	0.01227	0.01557	0.07319	0.44197	0.35101	0.01645	0.00716	0.00217	0.00316	0.01444	0.00544	0.00484
24	0.02260	0.01700	0.01677	0.01319	0.01759	0.12164	0.01073	0.54239	0.02436	0.13349	0.01451	0.01428	0.01018	0.00687	0.00574	0.00172	0.00677	0.00511	0.00561	0.00945
25	0.01253	0.20159	0.60158	0.01510	0.02288	0.01562	0.01891	0.01819	0.01217	0.01736	0.00991	0.01162	0.00739	0.00540	0.00512	0.00171	0.00806	0.00403	0.00246	0.00834
26	0.00846	0.00564	0.00634	0.00634	0.00634	0.00564	0.00352	0.00846	0.00846	0.01128	0.01832	0.03805	0.02114	0.79563	0.02960	0.00564	0.00564	0.00846	0.00352	0.00352
27	0.01166	0.03008	0.76550	0.01657	0.02517	0.01351	0.02149	0.01842	0.01228	0.01842	0.01044	0.01228	0.00737	0.00552	0.00552	0.00184	0.00859	0.00430	0.00246	0.00859
28	0.02175	0.02677	0.01656	0.01485	0.01798	0.70970	0.01122	0.08269	0.01738	0.01609	0.00940	0.01078	0.00769	0.00607	0.00529	0.00152	0.01015	0.00387	0.00323	0.00700
29	0.01555	0.79913	0.03047	0.00995	0.01493	0.02301	0.00995	0.01741	0.01182	0.01368	0.00808	0.00933	0.00746	0.00498	0.00373	0.00124	0.00622	0.00311	0.00249	0.00746
30	0.01827	0.01340	0.01489	0.01203	0.01618	0.04677	0.03248	0.19296	0.29457	0.15651	0.01843	0.01755	0.01334	0.00689	0.00566	0.00172	0.00547	0.00559	0.00556	0.12175
31	0.01098	0.01034	0.01744	0.78165	0.04005	0.01292	0.01615	0.01486	0.01163	0.01486	0.01034	0.01550	0.00775	0.00581	0.00581	0.00194	0.00775	0.00517	0.00258	0.00646
32	0.00846	0.00564	0.00634	0.00634	0.00634	0.00564	0.00352	0.00846	0.00846	0.01128	0.01832	0.03805	0.02114	0.79563	0.02960	0.00564	0.00564	0.00846	0.00352	0.00352
33	0.00789	0.00594	0.00738	0.00796	0.00895	0.00568	0.00560	0.01055	0.07077	0.01754	0.19223	0.48161	0.12486	0.01561	0.00712	0.00217	0.00328	0.01394	0.00566	0.00527
34	0.01231	0.06163	0.11806	0.41275	0.19863	0.01394	0.06853	0.01642	0.01224	0.01646	0.01045	0.01447	0.00809	0.00552	0.00571	0.00184	0.00773	0.00505	0.00265	0.00752
35	0.00735	0.00556	0.00679	0.00721	0.00833	0.00500	0.00513	0.00900	0.01330	0.01754	0.24843	0.35715	0.25737	0.01536	0.00710	0.00209	0.00306	0.01353	0.00569	0.00500
36	0.01084	0.00542	0.00542	0.00542	0.00678	0.00542	0.00407	0.01355	0.01220	0.02168	0.01897	0.02168	0.01491	0.00678	0.00407	0.00136	0.00271	0.00542	0.82791	0.00542
37	0.01388	0.01240	0.01740	0.58056	0.03428	0.04753	0.01482	0.17310	0.01526	0.01957	0.01107	0.01495	0.00821	0.00608	0.00579	0.00188	0.00758	0.00512	0.00331	0.00722
38	0.00870	0.00623	0.00854	0.00950	0.01065	0.00607	0.00780	0.01107	0.01360	0.01816	0.18349	0.19912	0.03892	0.01560	0.00767	0.00244	0.00443	0.43718	0.00558	0.00526
39	0.00709	0.00506	0.00675	0.00810	0.00843	0.00472	0.00540	0.00810	0.01113	0.01484	0.03205	0.79184	0.03846	0.01822	0.00742	0.00236	0.00337	0.01653	0.00540	0.00472
40	0.83671	0.01125	0.00855	0.00765	0.01125	0.01305	0.00630	0.01709	0.00990	0.02609	0.00810	0.00945	0.00630	0.00540	0.00360	0.00180	0.00450	0.00315	0.00360	0.00630
41	0.01098	0.01034	0.01744	0.78165	0.04005	0.01292	0.01615	0.01486	0.01163	0.01486	0.01034	0.01550	0.00775	0.00581	0.00581	0.00194	0.00775	0.00517	0.00258	0.00646
42	0.01621	0.01350	0.01363	0.01202	0.01545	0.06366	0.00939	0.06950	0.60734	0.07862	0.02212	0.02040	0.01640	0.00766	0.00586	0.00192	0.00511	0.00626	0.00582	0.00913
43	0.16697	0.00868	0.00868	0.00829	0.01022	0.06205	0.00642	0.01333	0.03107	0.02206	0.42402	0.06699	0.06802	0.01087	0.00622	0.00190	0.00393	0.06909	0.00544	0.00575
44	0.08709	0.01365	0.01483	0.01348	0.08908	0.12478	0.05298	0.03417	0.05208	0.01959	0.03175	0.01614	0.01131	0.00583	0.00506	0.00139	0.00592	0.04060	0.00367	0.37661
45	0.01414	0.01364	0.02252	0.08202	0.43585	0.03284	0.13069	0.07006	0.01421	0.01952	0.01394	0.04588	0.04059	0.00620	0.00599	0.00178	0.00711	0.00609	0.00330	0.03362
46	0.08005	0.14817	0.01911	0.16083	0.07968	0.25653	0.01207	0.14269	0.01589	0.01938	0.01003	0.01207	0.00799	0.00585	0.00511	0.00162	0.00782	0.00423	0.00335	0.00751
47	0.17564	0.07831	0.03177	0.01248	0.01620	0.32828	0.01007	0.13248	0.09512	0.05048	0.01167	0.01234	0.00900	0.00620	0.00501	0.00164	0.00751	0.00421	0.00397	0.00762
48	0.22048	0.01655	0.01367	0.01213	0.03195	0.23721	0.00932	0.08422	0.13904	0.15936	0.01428	0.01422	0.01044	0.00645	0.00513	0.00173	0.00658	0.00462	0.00465	0.00795

[dist]
# distance from previous block
# <min> <max>
3	17

[block]
# block no. 4 follows, 40 sequences, length 103
# corresponding to MSA columns:
# 1278-1380
name=unknown_E
#
# <colnr> <probs for GDERKNQSTAVLIFYWHMCP>
#	G	D	E	R	K	N	Q	S	T	A	V	L	I	F	Y	W	H	M	C	P
0	0.01736	0.01385	0.01970	0.07124	0.42086	0.06095	0.01442	0.08428	0.04159	0.15341	0.01363	0.01533	0.01029	0.00586	0.00571	0.00172	0.00663	0.00521	0.00403	0.03391
1	0.01300	0.01195	0.01920	0.36905	0.31815	0.01317	0.01564	0.06002	0.03294	0.01820	0.01186	0.04042	0.00976	0.00604	0.00579	0.00182	0.00699	0.00552	0.00311	0.03738
2	0.01149	0.05641	0.01175	0.00890	0.01205	0.00889	0.05490	0.09556	0.03762	0.06998	0.04074	0.03917	0.45240	0.01117	0.00629	0.00181	0.00427	0.00934	0.00512	0.06214
3	0.02003	0.03709	0.06725	0.03843	0.04345	0.05889	0.01143	0.39163	0.08901	0.13611	0.03769	0.01604	0.01216	0.00694	0.00575	0.00176	0.00635	0.00540	0.00536	0.00923
4	0.40377	0.06259	0.12713	0.01085	0.01553	0.01505	0.01020	0.19854	0.06466	0.02670	0.01097	0.01182	0.00820	0.00596	0.00461	0.00177	0.00570	0.00407	0.00407	0.00781
5	0.00796	0.00551	0.00653	0.00687	0.00718	0.00533	0.00424	0.00852	0.01004	0.01336	0.07449	0.25061	0.07271	0.47778	0.02048	0.00424	0.00465	0.01109	0.00436	0.00408
6	0.01181	0.01185	0.02150	0.52294	0.03521	0.01385	0.18769	0.01567	0.01185	0.01567	0.01040	0.01526	0.00799	0.00604	0.00742	0.00201	0.08783	0.00556	0.00266	0.00678
7	0.13377	0.01191	0.01231	0.01081	0.01406	0.01350	0.00852	0.11695	0.45045	0.02602	0.11917	0.02187	0.02010	0.00795	0.00570	0.00190	0.00457	0.00644	0.00563	0.00837
8	0.01626	0.67378	0.05286	0.01061	0.01566	0.02206	0.01047	0.10991	0.01382	0.01678	0.00891	0.01002	0.00777	0.00525	0.00406	0.00133	0.00632	0.00342	0.00291	0.00781
9	0.01555	0.79913	0.03047	0.00995	0.01493	0.02301	0.00995	0.01741	0.01182	0.01368	0.00808	0.00933	0.00746	0.00498	0.00373	0.00124	0.00622	0.00311	0.00249	0.00746
10	0.00709	0.00506	0.00675	0.00810	0.00843	0.00472	0.00540	0.00810	0.01113	0.01484	0.03205	0.79184	0.03846	0.01822	0.00742	0.00236	0.00337	0.01653	0.00540	0.00472
11	0.01834	0.16719	0.02407	0.01672	0.02089	0.42137	0.21460	0.02086	0.01484	0.01536	0.00960	0.01173	0.00786	0.00550	0.00542	0.00158	0.00951	0.00450	0.00289	0.00718
12	0.01371	0.01170	0.01250	0.01129	0.01435	0.01338	0.00876	0.02850	0.66068	0.02420	0.11186	0.02431	0.02222	0.00837	0.00603	0.00196	0.00438	0.00705	0.00598	0.00876
13	0.00823	0.00594	0.00777	0.00732	0.00869	0.00549	0.00549	0.01097	0.01646	0.02332	0.75629	0.04344	0.05487	0.01189	0.00686	0.00183	0.00274	0.01052	0.00640	0.00549
14	0.00709	0.00506	0.00675	0.00810	0.00843	0.00472	0.00540	0.00810	0.01113	0.01484	0.03205	0.79184	0.03846	0.01822	0.00742	0.00236	0.00337	0.01653	0.00540	0.00472
15	0.68518	0.01330	0.01007	0.05286	0.01376	0.11020	0.00749	0.01775	0.01084	0.02393	0.00834	0.00993	0.00653	0.00550	0.00394	0.00177	0.00545	0.00334	0.00346	0.00636
16	0.00794	0.00593	0.00738	0.00701	0.00851	0.00536	0.00526	0.01042	0.01578	0.02171	0.60885	0.04609	0.20331	0.01249	0.00686	0.00186	0.00279	0.01089	0.00619	0.00536
17	0.01994	0.01144	0.01465	0.01419	0.11023	0.01159	0.01000	0.02802	0.30942	0.37217	0.02170	0.01986	0.01508	0.00722	0.00586	0.00186	0.00506	0.00605	0.00613	0.00953
18	0.50541	0.01229	0.01101	0.00925	0.01312	0.06340	0.00755	0.06431	0.01328	0.23242	0.01267	0.01269	0.00886	0.00604	0.00447	0.00178	0.00514	0.00407	0.00470	0.00755
19	0.01728	0.58308	0.02655	0.01136	0.01578	0.23286	0.01031	0.01904	0.01312	0.01384	0.00834	0.00965	0.00747	0.00526	0.00415	0.00132	0.00741	0.00329	0.00263	0.00726
20	0.01555	0.79913	0.03047	0.00995	0.01493	0.02301	0.00995	0.01741	0.01182	0.01368	0.00808	0.00933	0.00746	0.00498	0.00373	0.00124	0.00622	0.00311	0.00249	0.00746
21	0.01166	0.03008	0.76550	0.01657	0.02517	0.01351	0.02149	0.01842	0.01228	0.01842	0.01044	0.01228	0.00737	0.00552	0.00552	0.00184	0.00859	0.00430	0.00246	0.00859
22	0.02609	0.00990	0.01350	0.01035	0.01484	0.00855	0.00855	0.02834	0.01664	0.76338	0.02294	0.01979	0.01439	0.00720	0.00585	0.00180	0.00495	0.00585	0.00720	0.00990
23	0.02609	0.00990	0.01350	0.01035	0.01484	0.00855	0.00855	0.02834	0.01664	0.76338	0.02294	0.01979	0.01439	0.00720	0.00585	0.00180	0.00495	0.00585	0.00720	0.00990
24	0.01439	0.01382	0.02360	0.03569	0.75936	0.01382	0.01785	0.01785	0.01324	0.01900	0.01094	0.01439	0.00921	0.00518	0.00576	0.00173	0.00691	0.00518	0.00288	0.00921
25	0.00709	0.00506	0.00675	0.00810	0.00843	0.00472	0.00540	0.00810	0.01113	0.01484	0.03205	0.79184	0.03846	0.01822	0.00742	0.00236	0.00337	0.01653	0.00540	0.00472
26	0.00716	0.00590	0.00628	0.00619	0.00803	0.00503	0.00464	0.00889	0.01392	0.01729	0.20419	0.05336	0.61073	0.01414	0.00687	0.00194	0.00290	0.01191	0.00561	0.00503
27	0.05046	0.01030	0.01357	0.01044	0.01492	0.00923	0.00862	0.06871	0.01705	0.69944	0.02198	0.01915	0.01389	0.00713	0.00578	0.00180	0.00502	0.00573	0.00701	0.00979
28	0.24981	0.01466	0.01471	0.01169	0.01597	0.01643	0.00962	0.49695	0.06373	0.03299	0.01287	0.01314	0.00933	0.00659	0.00520	0.00177	0.00576	0.00473	0.00520	0.00884
29	0.00693	0.00566	0.00613	0.00651	0.00802	0.00486	0.00469	0.00828	0.01266	0.01547	0.05139	0.26206	0.55576	0.01571	0.00703	0.00208	0.00307	0.01347	0.00540	0.00486
30	0.01855	0.01452	0.01545	0.01266	0.01668	0.01637	0.01019	0.41008	0.36302	0.03092	0.01848	0.01756	0.01355	0.00740	0.00586	0.00185	0.00556	0.00586	0.00586	0.00957
31	0.00746	0.00533	0.00716	0.00841	0.00894	0.00503	0.00594	0.00879	0.01173	0.01565	0.07076	0.65272	0.03866	0.01759	0.00748	0.00238	0.00361	0.11207	0.00545	0.00485
32	0.01302	0.01116	0.01380	0.00993	0.01510	0.00904	0.04908	0.07747	0.01347	0.02046	0.01073	0.01243	0.00874	0.00457	0.00458	0.00100	0.00480	0.00380	0.00362	0.71321
33	0.01373	0.01569	0.03431	0.02451	0.03039	0.01471	0.73824	0.01863	0.01373	0.01863	0.01176	0.01569	0.00882	0.00490	0.00686	0.00196	0.00980	0.00686	0.00294	0.00784
34	0.00937	0.00669	0.00937	0.01071	0.01205	0.00669	0.00937	0.01205	0.01339	0.01740	0.03079	0.06560	0.03347	0.01606	0.00803	0.00268	0.00535	0.72021	0.00535	0.00535
35	0.00785	0.00593	0.00725	0.00692	0.00845	0.00533	0.00519	0.01024	0.01556	0.02119	0.56098	0.04695	0.25151	0.01268	0.00686	0.00187	0.00280	0.01101	0.00612	0.00533
36	0.01421	0.01363	0.02327	0.07574	0.72074	0.01377	0.01776	0.01769	0.01315	0.01878	0.01091	0.01445	0.00913	0.00522	0.00576	0.00174	0.00695	0.00518	0.00286	0.00906
37	0.00823	0.00594	0.00777	0.00732	0.00869	0.00549	0.00549	0.01097	0.01646	0.02332	0.75629	0.04344	0.05487	0.01189	0.00686	0.00183	0.00274	0.01052	0.00640	0.00549
38	0.00932	0.00663	0.00919	0.01045	0.01170	0.00663	0.00902	0.01183	0.01309	0.01703	0.03004	0.06393	0.03272	0.06314	0.00933	0.00286	0.00537	0.67723	0.00524	0.00524
39	0.01924	0.01520	0.01845	0.01873	0.20178	0.01654	0.01251	0.47287	0.11314	0.03074	0.01441	0.01503	0.01069	0.00665	0.00581	0.00177	0.00630	0.00539	0.00510	0.00964
40	0.01841	0.01734	0.01518	0.01305	0.01665	0.20367	0.01023	0.22758	0.36490	0.02527	0.01730	0.01675	0.01300	0.00716	0.00572	0.00179	0.00657	0.00550	0.00516	0.00878
41	0.00709	0.00506	0.00675	0.00810	0.00843	0.00472	0.00540	0.00810	0.01113	0.01484	0.03205	0.79184	0.03846	0.01822	0.00742	0.00236	0.00337	0.01653	0.00540	0.00472
42	0.12983	0.01007	0.01286	0.01000	0.01438	0.00912	0.00826	0.02690	0.01578	0.66903	0.02104	0.01847	0.01336	0.00697	0.00556	0.00180	0.00489	0.00550	0.00674	0.00944
43	0.01249	0.01064	0.01977	0.01554	0.01920	0.00987	0.32237	0.01575	0.01376	0.10091	0.04578	0.10068	0.13570	0.01013	0.00702	0.00211	0.00660	0.14033	0.00456	0.00681
44	0.01258	0.01188	0.01962	0.43091	0.32641	0.01338	0.01636	0.01714	0.06210	0.01716	0.01148	0.01548	0.00901	0.00570	0.00580	0.00186	0.00720	0.00527	0.00293	0.00775
45	0.01414	0.01356	0.02315	0.09097	0.70606	0.01375	0.01772	0.01763	0.01312	0.01869	0.01089	0.01447	0.00910	0.00523	0.00576	0.00174	0.00697	0.00518	0.00286	0.00901
46	0.01231	0.01184	0.02052	0.48230	0.28639	0.01333	0.05804	0.01610	0.01230	0.01649	0.01062	0.01513	0.00831	0.00554	0.00585	0.00187	0.00758	0.00527	0.00271	0.00748
47	0.01098	0.01034	0.01744	0.78165	0.04005	0.01292	0.01615	0.01486	0.01163	0.01486	0.01034	0.01550	0.00775	0.00581	0.00581	0.00194	0.00775	0.00517	0.00258	0.00646
48	0.02211	0.01629	0.01745	0.01338	0.01803	0.01803	0.01105	0.73997	0.02734	0.03665	0.01396	0.01396	0.00989	0.00698	0.00582	0.00175	0.00640	0.00524	0.00582	0.00989
49	0.01286	0.01110	0.01161	0.01058	0.01359	0.01244	0.00819	0.02613	0.59333	0.02250	0.03112	0.02894	0.17404	0.00934	0.00612	0.00197	0.00425	0.00778	0.00581	0.00830
50	0.01206	0.01034	0.01206	0.00861	0.01378	0.00775	0.00689	0.01464	0.01206	0.01895	0.01034	0.01206	0.00861	0.00431	0.00431	0.00086	0.00431	0.00345	0.00345	0.83118
51	0.00709	0.00506	0.00675	0.00810	0.00843	0.00472	0.00540	0.00810	0.01113	0.01484	0.03205	0.79184	0.03846	0.01822	0.00742	0.00236	0.00337	0.01653	0.00540	0.00472
52	0.00709	0.00506	0.00675	0.00810	0.00843	0.00472	0.00540	0.00810	0.01113	0.01484	0.03205	0.79184	0.03846	0.01822	0.00742	0.00236	0.00337	0.01653	0.00540	0.00472
53	0.01109	0.01049	0.01747	0.73324	0.03849	0.01323	0.01593	0.01480	0.01146	0.01480	0.01017	0.01533	0.00774	0.00609	0.00665	0.00198	0.05686	0.00516	0.00258	0.00645
54	0.02236	0.01588	0.01720	0.01319	0.01783	0.01743	0.01089	0.69501	0.02667	0.08256	0.01453	0.01433	0.01017	0.00699	0.00582	0.00175	0.00631	0.00527	0.00590	0.00989
55	0.00709	0.00506	0.00675	0.00810	0.00843	0.00472	0.00540	0.00810	0.01113	0.01484	0.03205	0.79184	0.03846	0.01822	0.00742	0.00236	0.00337	0.01653	0.00540	0.00472
56	0.02525	0.01125	0.01433	0.01099	0.01552	0.01055	0.00908	0.17879	0.01891	0.60974	0.02104	0.01856	0.01344	0.00715	0.00584	0.00179	0.00525	0.00572	0.00691	0.00990
57	0.00929	0.00703	0.00698	0.00689	0.00708	0.05407	0.00401	0.00939	0.00896	0.01146	0.01773	0.03631	0.02028	0.74574	0.02806	0.00538	0.00594	0.00816	0.00349	0.00373
58	0.02172	0.02772	0.01648	0.01498	0.01798	0.77228	0.01124	0.02322	0.01648	0.01423	0.00899	0.01049	0.00749	0.00599	0.00524	0.00150	0.01049	0.00375	0.00300	0.00674
59	0.00687	0.00589	0.00589	0.00589	0.00785	0.00491	0.00442	0.00835	0.01325	0.01571	0.05891	0.05596	0.75700	0.01473	0.00687	0.00196	0.00295	0.01227	0.00540	0.00491
60	0.02219	0.01420	0.01580	0.01220	0.01660	0.01518	0.01005	0.54042	0.02406	0.18928	0.01620	0.01572	0.01118	0.00701	0.00571	0.00173	0.00584	0.00538	0.06167	0.00959
61	0.17295	0.01535	0.01580	0.01232	0.01678	0.01711	0.01017	0.60611	0.02411	0.03469	0.01288	0.01313	0.00922	0.00669	0.00541	0.00176	0.00605	0.00485	0.00541	0.00922
62	0.02081	0.01687	0.01582	0.01531	0.11112	0.24866	0.01074	0.13928	0.06911	0.21906	0.01542	0.01552	0.01113	0.00655	0.00554	0.00167	0.00699	0.00503	0.05688	0.00849
63	0.01727	0.06921	0.10421	0.01215	0.01712	0.05500	0.01088	0.26646	0.12088	0.06426	0.01389	0.01422	0.01035	0.00615	0.00528	0.00154	0.00606	0.00471	0.00459	0.19575
64	0.16193	0.06091	0.42931	0.01465	0.02100	0.03892	0.06179	0.01880	0.03845	0.04236	0.01064	0.01237	0.00788	0.00585	0.00596	0.00184	0.05203	0.00435	0.00299	0.00795
65	0.01468	0.01362	0.02507	0.04802	0.09791	0.01367	0.37276	0.04374	0.06115	0.08973	0.01581	0.01822	0.05264	0.00651	0.00765	0.00195	0.08298	0.00654	0.00373	0.02361
66	0.00716	0.00512	0.00684	0.00819	0.00856	0.00479	0.00553	0.00823	0.01121	0.01493	0.03201	0.76702	0.03829	0.01815	0.00744	0.00237	0.00344	0.04057	0.00540	0.00474
67	0.01842	0.44024	0.02396	0.01229	0.01635	0.37160	0.01055	0.02012	0.01399	0.01394	0.00851	0.00987	0.00748	0.00545	0.00443	0.00136	0.00820	0.00341	0.00272	0.00713
68	0.00704	0.00522	0.00658	0.00768	0.00832	0.00476	0.00521	0.00814	0.01154	0.01501	0.03719	0.65117	0.17581	0.01755	0.00732	0.00229	0.00329	0.01572	0.00540	0.00476
69	0.01439	0.01382	0.02360	0.03569	0.75936	0.01382	0.01785	0.01785	0.01324	0.01900	0.01094	0.01439	0.00921	0.00518	0.00576	0.00173	0.00691	0.00518	0.00288	0.00921
70	0.01277	0.02238	0.37449	0.02082	0.02796	0.01415	0.40478	0.01853	0.01305	0.01853	0.01115	0.01410	0.00815	0.00519	0.00624	0.00191	0.00924	0.00567	0.00272	0.00819
71	0.01539	0.00862	0.00932	0.00795	0.01049	0.00889	0.00631	0.19407	0.01644	0.11175	0.01820	0.01956	0.01361	0.00687	0.00470	0.00150	0.00388	0.00542	0.52998	0.00704
72	0.28102	0.01075	0.01220	0.00970	0.01393	0.01060	0.00801	0.07289	0.01524	0.48216	0.01766	0.01614	0.01154	0.00662	0.00514	0.00180	0.00490	0.00496	0.00597	0.00876
73	0.01555	0.79913	0.03047	0.00995	0.01493	0.02301	0.00995	0.01741	0.01182	0.01368	0.00808	0.00933	0.00746	0.00498	0.00373	0.00124	0.00622	0.00311	0.00249	0.00746
74	0.00794	0.00571	0.00717	0.00731	0.00851	0.00525	0.00536	0.01007	0.01434	0.01985	0.41197	0.23010	0.14777	0.01370	0.00688	0.00198	0.00301	0.03491	0.05297	0.00521
75	0.00721	0.00511	0.00671	0.00794	0.00825	0.00481	0.00523	0.00813	0.01089	0.01452	0.03081	0.72375	0.03690	0.08844	0.00943	0.00266	0.00358	0.01580	0.00523	0.00461
76	0.00832	0.00618	0.00908	0.00908	0.01003	0.00713	0.00694	0.01022	0.00927	0.01330	0.01582	0.02418	0.01512	0.10959	0.70740	0.00902	0.01470	0.00643	0.00315	0.00505
77	0.02561	0.01067	0.01397	0.01071	0.01523	0.00969	0.00885	0.11401	0.01793	0.67590	0.02186	0.01909	0.01385	0.00717	0.00584	0.00179	0.00512	0.00577	0.00703	0.00990
78	0.00923	0.00665	0.00917	0.01043	0.01181	0.00659	0.00909	0.01184	0.01338	0.01731	0.03240	0.06504	0.07486	0.01599	0.00797	0.00264	0.00522	0.67972	0.00536	0.00533
79	0.02431	0.01276	0.01527	0.01171	0.01627	0.01280	0.00967	0.34714	0.02144	0.43782	0.01892	0.01718	0.01238	0.00710	0.00583	0.00178	0.00560	0.00557	0.00658	0.00989
80	0.01647	0.01328	0.01321	0.01123	0.01458	0.06482	0.00892	0.27712	0.27175	0.02683	0.02158	0.02178	0.07386	0.00799	0.00570	0.00179	0.00526	0.01957	0.11589	0.00835
81	0.00709	0.00506	0.00675	0.00810	0.00843	0.00472	0.00540	0.00810	0.01113	0.01484	0.03205	0.79184	0.03846	0.01822	0.00742	0.00236	0.00337	0.01653	0.00540	0.00472
82	0.02118	0.02681	0.01656	0.01500	0.01781	0.72672	0.01133	0.02266	0.01602	0.01422	0.00891	0.01062	0.00750	0.00625	0.00608	0.00156	0.05726	0.00383	0.00297	0.00672
83	0.00844	0.00569	0.00662	0.00662	0.00672	0.00579	0.00387	0.00864	0.00854	0.01148	0.01807	0.03663	0.02053	0.72542	0.09896	0.00598	0.00657	0.00825	0.00349	0.00368
84	0.01223	0.01253	0.02373	0.23258	0.02863	0.01229	0.35428	0.01617	0.01267	0.01739	0.01238	0.06400	0.01036	0.00589	0.00613	0.00178	0.00781	0.00637	0.00309	0.15972
85	0.01505	0.70071	0.12454	0.01080	0.01624	0.02179	0.01143	0.01754	0.01187	0.01429	0.00839	0.00971	0.00745	0.00505	0.00396	0.00132	0.00652	0.00326	0.00248	0.00761
86	0.01539	0.01180	0.01325	0.01046	0.01429	0.01187	0.00840	0.31781	0.06616	0.02784	0.21045	0.02178	0.02199	0.00766	0.00572	0.00156	0.00479	0.00627	0.00538	0.21714
87	0.00823	0.00594	0.00777	0.00732	0.00869	0.00549	0.00549	0.01097	0.01646	0.02332	0.75629	0.04344	0.05487	0.01189	0.00686	0.00183	0.00274	0.01052	0.00640	0.00549
88	0.00709	0.00506	0.00675	0.00810	0.00843	0.00472	0.00540	0.00810	0.01113	0.01484	0.03205	0.79184	0.03846	0.01822	0.00742	0.00236	0.00337	0.01653	0.00540	0.00472
89	0.24154	0.01012	0.01051	0.00943	0.01257	0.01083	0.00753	0.03450	0.21908	0.15406	0.02422	0.07349	0.10315	0.00907	0.00561	0.00196	0.00445	0.05501	0.00537	0.00749
90	0.19914	0.01117	0.01292	0.01025	0.01450	0.01110	0.00843	0.11715	0.06282	0.46517	0.01865	0.01694	0.01229	0.00683	0.00536	0.00180	0.00502	0.00524	0.00617	0.00908
91	0.01344	0.01284	0.02188	0.24461	0.55790	0.01357	0.01737	0.01701	0.01279	0.01784	0.01077	0.01470	0.00880	0.00536	0.00577	0.00179	0.00714	0.00518	0.00280	0.00844
92	0.00744	0.00566	0.00686	0.00717	0.00840	0.00508	0.00519	0.00921	0.01364	0.01798	0.28016	0.28727	0.28055	0.01493	0.00707	0.00206	0.00306	0.02750	0.00573	0.00505
93	0.06302	0.00579	0.00562	0.00556	0.00706	0.00590	0.00421	0.01377	0.01205	0.02196	0.01828	0.02091	0.01436	0.00669	0.00404	0.00138	0.00282	0.00528	0.77584	0.00548
94	0.02253	0.11351	0.01610	0.01100	0.01518	0.10323	0.00913	0.10799	0.01724	0.44185	0.06865	0.01828	0.01493	0.00706	0.00557	0.00169	0.00580	0.00549	0.00587	0.00890
95	0.01555	0.79913	0.03047	0.00995	0.01493	0.02301	0.00995	0.01741	0.01182	0.01368	0.00808	0.00933	0.00746	0.00498	0.00373	0.00124	0.00622	0.00311	0.00249	0.00746
96	0.00812	0.00595	0.00701	0.00689	0.00851	0.00524	0.00511	0.01006	0.01436	0.04544	0.32769	0.14359	0.36334	0.01379	0.00690	0.00196	0.00299	0.01190	0.00586	0.00529
97	0.01371	0.13118	0.13256	0.02133	0.02744	0.01575	0.53583	0.01842	0.01325	0.01788	0.01105	0.01430	0.00843	0.00500	0.00623	0.00184	0.00912	0.00597	0.00281	0.00789
98	0.01538	0.01234	0.06339	0.12433	0.02024	0.01175	0.10052	0.12833	0.11253	0.14792	0.12789	0.07327	0.01973	0.00811	0.00621	0.00190	0.00592	0.00720	0.00509	0.00796
99	0.11978	0.06416	0.22410	0.01194	0.01698	0.05953	0.01207	0.02121	0.03913	0.25364	0.05470	0.01970	0.01413	0.00719	0.00552	0.00183	0.00624	0.05534	0.00466	0.00816
100	0.00709	0.00506	0.00675	0.00810	0.00843	0.00472	0.00540	0.00810	0.01113	0.01484	0.03205	0.79184	0.03846	0.01822	0.00742	0.00236	0.00337	0.01653	0.00540	0.00472
101	0.01617	0.01177	0.01640	0.01534	0.15026	0.01038	0.05898	0.08234	0.01462	0.16308	0.01328	0.01438	0.00996	0.00530	0.00517	0.00135	0.00546	0.00461	0.00424	0.39694
102	0.01502	0.01572	0.06386	0.02930	0.54643	0.08779	0.01615	0.06736	0.01434	0.01945	0.01226	0.06298	0.01083	0.00623	0.00580	0.00175	0.00710	0.00571	0.00323	0.00870

[dist]
# distance from previous block
# <min> <max>
0	1

[block]
# block no. 5 follows, 40 sequences, length 64
# corresponding to MSA columns:
# 1382-1445
name=unknown_F
#
# <colnr> <probs for GDERKNQSTAVLIFYWHMCP>
#	G	D	E	R	K	N	Q	S	T	A	V	L	I	F	Y	W	H	M	C	P
0	0.01932	0.02480	0.06316	0.01485	0.01866	0.57637	0.05774	0.02150	0.01546	0.01539	0.00943	0.01114	0.00772	0.00567	0.00524	0.00146	0.00951	0.00394	0.00302	0.11561
1	0.01229	0.01095	0.03591	0.01217	0.07667	0.02715	0.00881	0.08516	0.26356	0.02259	0.19670	0.08517	0.11866	0.01000	0.00632	0.00191	0.00449	0.00856	0.00548	0.00746
2	0.01337	0.31545	0.39929	0.01510	0.02200	0.01721	0.10711	0.01807	0.01229	0.01667	0.00972	0.01160	0.00759	0.00524	0.00502	0.00163	0.00786	0.00418	0.00253	0.00808
3	0.01413	0.01355	0.02312	0.09390	0.70323	0.01375	0.01771	0.01761	0.01312	0.01868	0.01089	0.01448	0.00910	0.00523	0.00576	0.00174	0.00697	0.00518	0.00286	0.00900
4	0.01843	0.01381	0.01495	0.01180	0.01594	0.01471	0.00970	0.53590	0.02330	0.03117	0.02071	0.02248	0.11234	0.00833	0.00596	0.00175	0.00569	0.04751	0.00553	0.08000
5	0.02520	0.01132	0.01438	0.01102	0.01556	0.01066	0.00911	0.18716	0.01903	0.60119	0.02094	0.01849	0.01339	0.00715	0.00584	0.00179	0.00527	0.00571	0.00689	0.00989
6	0.01327	0.00788	0.01010	0.00832	0.01130	0.00672	0.00652	0.01586	0.01548	0.19422	0.41244	0.03065	0.03471	0.00904	0.00603	0.00160	0.00362	0.00779	0.00590	0.19855
7	0.00756	0.00592	0.00685	0.00661	0.00828	0.00520	0.00496	0.00968	0.01488	0.01957	0.41261	0.04961	0.40088	0.01329	0.00687	0.00190	0.00284	0.01138	0.00591	0.00520
8	0.67643	0.01022	0.00840	0.00758	0.01075	0.01158	0.00614	0.01591	0.01117	0.02555	0.15284	0.01602	0.01569	0.00665	0.00423	0.00181	0.00416	0.00457	0.00414	0.00614
9	0.02211	0.01629	0.01745	0.01338	0.01803	0.01803	0.01105	0.73997	0.02734	0.03665	0.01396	0.01396	0.00989	0.00698	0.00582	0.00175	0.00640	0.00524	0.00582	0.00989
10	0.00737	0.00596	0.00658	0.00655	0.00833	0.00517	0.00500	0.00923	0.01405	0.01769	0.22897	0.05349	0.53774	0.01411	0.00694	0.00198	0.00305	0.05707	0.00564	0.00508
11	0.00704	0.00523	0.00657	0.00765	0.00832	0.00476	0.00520	0.00815	0.01156	0.01502	0.03748	0.64304	0.18375	0.01751	0.00731	0.00228	0.00329	0.01567	0.00540	0.00476
12	0.01491	0.01281	0.01416	0.01366	0.06940	0.01463	0.00994	0.07188	0.65271	0.02467	0.02217	0.02071	0.01667	0.00764	0.00590	0.00194	0.00488	0.00639	0.00569	0.00925
13	0.02211	0.01629	0.01745	0.01338	0.01803	0.01803	0.01105	0.73997	0.02734	0.03665	0.01396	0.01396	0.00989	0.00698	0.00582	0.00175	0.00640	0.00524	0.00582	0.00989
14	0.00737	0.00527	0.00708	0.00842	0.00889	0.00497	0.00590	0.00859	0.01142	0.01517	0.03189	0.70071	0.03783	0.01795	0.00750	0.00240	0.00362	0.10483	0.00539	0.00480
15	0.60505	0.01229	0.01084	0.00909	0.01298	0.01388	0.00750	0.17906	0.01420	0.07385	0.01032	0.01109	0.00760	0.00586	0.00423	0.00179	0.00495	0.00378	0.00432	0.00732
16	0.00787	0.00597	0.00686	0.00723	0.00847	0.00550	0.00539	0.00922	0.01195	0.01492	0.04065	0.08847	0.36534	0.21613	0.01302	0.00309	0.00422	0.17614	0.00491	0.00465
17	0.00731	0.00522	0.00700	0.00835	0.00879	0.00492	0.00579	0.00848	0.01135	0.01509	0.03193	0.72107	0.03797	0.01801	0.00748	0.00239	0.00357	0.08510	0.00539	0.00478
18	0.01247	0.01204	0.02100	0.44425	0.31163	0.01339	0.06928	0.01626	0.01239	0.01670	0.01067	0.01510	0.00838	0.00551	0.00587	0.00186	0.00758	0.00530	0.00272	0.00760
19	0.00831	0.00623	0.00935	0.00935	0.01038	0.00727	0.00727	0.01038	0.00935	0.01350	0.01558	0.02285	0.01454	0.04361	0.77259	0.00935	0.01558	0.00623	0.00312	0.00519
20	0.01098	0.01034	0.01744	0.78165	0.04005	0.01292	0.01615	0.01486	0.01163	0.01486	0.01034	0.01550	0.00775	0.00581	0.00581	0.00194	0.00775	0.00517	0.00258	0.00646
21	0.01506	0.70263	0.12270	0.01078	0.01621	0.02182	0.01140	0.01754	0.01187	0.01428	0.00838	0.00970	0.00745	0.00504	0.00396	0.00132	0.00652	0.00326	0.00248	0.00760
22	0.14424	0.00851	0.00944	0.03286	0.01200	0.00884	0.00690	0.01557	0.17213	0.01926	0.02293	0.37468	0.02402	0.01175	0.00603	0.00198	0.00408	0.01019	0.00489	0.10971
23	0.01399	0.37458	0.01971	0.00981	0.01349	0.01552	0.00869	0.01861	0.14736	0.06647	0.06599	0.06778	0.06275	0.00827	0.00521	0.00165	0.00513	0.05790	0.00427	0.03286
24	0.00748	0.00585	0.00677	0.00667	0.00826	0.00515	0.00495	0.00947	0.01449	0.01895	0.36001	0.10402	0.39964	0.01375	0.00691	0.00193	0.00289	0.01182	0.00584	0.00515
25	0.00736	0.00525	0.00706	0.00841	0.00886	0.00496	0.00587	0.00857	0.01140	0.01515	0.03190	0.70542	0.03787	0.01796	0.00749	0.00240	0.00361	0.10026	0.00539	0.00480
