[name]
unknown

[dist]
# distance from previous block
# <min> <max>
0	140

[block]
# block no. 0 follows, 45 sequences, length 15
# corresponding to MSA columns:
# 166-180
name=unknown_A
#
# <colnr> <probs for GDERKNQSTAVLIFYWHMCP>
#	G	D	E	R	K	N	Q	S	T	A	V	L	I	F	Y	W	H	M	C	P
0	0.00725	0.02974	0.00748	0.00729	0.03137	0.00588	0.00523	0.00865	0.01167	0.01458	0.06146	0.19491	0.50726	0.01315	0.00677	0.00185	0.03954	0.01107	0.00468	0.03018
1	0.03730	0.01253	0.07588	0.09144	0.50489	0.01159	0.03728	0.01526	0.01192	0.01716	0.03460	0.06847	0.01221	0.00629	0.00550	0.00171	0.00618	0.03923	0.00298	0.00759
2	0.02082	0.01437	0.01569	0.01203	0.01631	0.01565	0.00994	0.67658	0.02412	0.11880	0.01383	0.01350	0.00960	0.00647	0.00537	0.00162	0.00575	0.00490	0.00551	0.00913
3	0.00634	0.00544	0.00544	0.00544	0.00725	0.00453	0.00408	0.00770	0.01224	0.01450	0.05438	0.05166	0.77569	0.01359	0.00634	0.00181	0.00272	0.01133	0.00498	0.00453
4	0.00779	0.00527	0.00620	0.00620	0.00632	0.00539	0.00368	0.00803	0.00791	0.01066	0.01660	0.03338	0.01875	0.71511	0.12252	0.00563	0.00635	0.00755	0.00321	0.00344
5	0.45397	0.01366	0.10738	0.01026	0.01340	0.05692	0.00933	0.01619	0.00990	0.06402	0.00849	0.01036	0.00672	0.00616	0.00709	0.00181	0.19129	0.00363	0.00312	0.00631
6	0.10912	0.30644	0.01858	0.01131	0.05702	0.14718	0.00907	0.06773	0.05766	0.11217	0.02358	0.02482	0.00965	0.00567	0.00437	0.00143	0.00590	0.00406	0.01708	0.00717
7	0.01291	0.44457	0.28794	0.01296	0.01881	0.01727	0.10635	0.01653	0.01127	0.01470	0.00863	0.01028	0.00701	0.00476	0.00437	0.00142	0.00691	0.00368	0.00234	0.00729
8	0.00751	0.00542	0.00709	0.00681	0.00800	0.00500	0.00506	0.00990	0.01478	0.02086	0.71154	0.10549	0.04936	0.01147	0.00638	0.00173	0.00258	0.01018	0.00583	0.00500
9	0.01104	0.06991	0.63939	0.01419	0.02121	0.01270	0.01759	0.01761	0.07595	0.01742	0.04572	0.01324	0.00964	0.00553	0.00509	0.00168	0.00725	0.00435	0.00271	0.00779
10	0.01385	0.64444	0.02428	0.00920	0.01319	0.07627	0.00871	0.01565	0.01182	0.01389	0.11317	0.01302	0.01291	0.00554	0.00395	0.00124	0.00559	0.00386	0.00283	0.00659
11	0.00663	0.00471	0.00620	0.00735	0.00764	0.00442	0.00485	0.00750	0.01009	0.01346	0.02864	0.75028	0.03431	0.07601	0.00838	0.00241	0.00327	0.01470	0.00485	0.00428
12	0.01014	0.00954	0.01610	0.79845	0.03697	0.01193	0.01491	0.01371	0.01073	0.01371	0.00954	0.01431	0.00716	0.00537	0.00537	0.00179	0.00716	0.00477	0.00239	0.00596
13	0.01156	0.00955	0.01133	0.00905	0.04751	0.00766	0.00678	0.04769	0.01184	0.01846	0.01040	0.01207	0.00852	0.00432	0.00408	0.00091	0.00405	0.00348	0.07463	0.69612
14	0.01374	0.04314	0.08583	0.13471	0.17027	0.05654	0.18956	0.07690	0.01319	0.06252	0.01096	0.01359	0.00840	0.00637	0.03435	0.00187	0.00741	0.00491	0.00309	0.06265

[dist]
# distance from previous block
# <min> <max>
5	13

[block]
# block no. 1 follows, 45 sequences, length 13
# corresponding to MSA columns:
# 194-206
name=unknown_B
#
# <colnr> <probs for GDERKNQSTAVLIFYWHMCP>
#	G	D	E	R	K	N	Q	S	T	A	V	L	I	F	Y	W	H	M	C	P
0	0.01311	0.41057	0.36674	0.01223	0.01821	0.06645	0.01405	0.01683	0.01137	0.01463	0.00849	0.00990	0.00685	0.00488	0.00428	0.00141	0.00698	0.00340	0.00231	0.00732
1	0.00658	0.00515	0.00597	0.00638	0.00755	0.00454	0.00455	0.00793	0.01188	0.01512	0.13929	0.33773	0.39928	0.01448	0.00654	0.00194	0.00284	0.01261	0.00511	0.00454
2	0.01106	0.01050	0.01759	0.56561	0.17186	0.01226	0.04915	0.01543	0.06445	0.01520	0.01057	0.01453	0.00810	0.00535	0.00541	0.00176	0.00689	0.00494	0.00267	0.00667
3	0.00642	0.00515	0.00573	0.00620	0.00745	0.00447	0.00442	0.00762	0.01150	0.01420	0.04509	0.33506	0.49829	0.01480	0.00653	0.00195	0.00287	0.01280	0.00498	0.00447
4	0.01232	0.06282	0.03481	0.03549	0.11926	0.01302	0.11256	0.11493	0.01263	0.01744	0.01408	0.13716	0.01392	0.00877	0.00880	0.00195	0.20361	0.06630	0.00346	0.00667
5	0.00654	0.00467	0.00623	0.00747	0.00779	0.00436	0.00498	0.00747	0.01028	0.01370	0.02959	0.80785	0.03550	0.01682	0.00685	0.00218	0.00311	0.01526	0.00498	0.00436
6	0.01302	0.01133	0.01250	0.01222	0.06745	0.01289	0.00885	0.02669	0.67926	0.02173	0.02256	0.02104	0.05166	0.00740	0.00549	0.00180	0.00433	0.00623	0.00524	0.00831
7	0.01113	0.00954	0.01113	0.00795	0.01272	0.00716	0.00636	0.01352	0.01113	0.01749	0.00954	0.01113	0.00795	0.00398	0.00398	0.00080	0.00398	0.00318	0.00318	0.84417
8	0.00966	0.00967	0.01918	0.01519	0.01811	0.00905	0.38858	0.01242	0.01150	0.01548	0.02005	0.40389	0.02157	0.01056	0.00659	0.00199	0.00614	0.01072	0.00383	0.00583
9	0.01088	0.01030	0.01745	0.61735	0.21225	0.01212	0.01528	0.01437	0.01109	0.01462	0.00967	0.01407	0.00747	0.00523	0.00535	0.00174	0.00697	0.00477	0.00245	0.00656
10	0.32725	0.51319	0.02054	0.00839	0.01250	0.01779	0.00792	0.01596	0.01024	0.01692	0.00747	0.00865	0.00649	0.00474	0.00340	0.00134	0.00515	0.00288	0.00268	0.00649
11	0.02041	0.01504	0.01611	0.01235	0.01665	0.01665	0.01020	0.75997	0.02524	0.03383	0.01289	0.01289	0.00913	0.00644	0.00537	0.00161	0.00591	0.00483	0.00537	0.00913
12	0.02069	0.01236	0.01560	0.01459	0.13875	0.01260	0.01032	0.35322	0.01928	0.32299	0.01567	0.01505	0.01065	0.00625	0.00537	0.00163	0.00546	0.00505	0.00543	0.00903

[dist]
# distance from previous block
# <min> <max>
0	24

[block]
# block no. 2 follows, 45 sequences, length 52
# corresponding to MSA columns:
# 231-235,241-265,268-289
name=unknown_C
#
# <colnr> <probs for GDERKNQSTAVLIFYWHMCP>
#	G	D	E	R	K	N	Q	S	T	A	V	L	I	F	Y	W	H	M	C	P
0	0.01122	0.00968	0.01159	0.00902	0.04560	0.00740	0.00680	0.01364	0.01118	0.01749	0.00956	0.01122	0.00797	0.00401	0.00403	0.00083	0.00408	0.00325	0.00316	0.80826
1	0.01314	0.01347	0.05487	0.03097	0.67933	0.01281	0.06162	0.01686	0.03241	0.01762	0.01044	0.01345	0.00862	0.00485	0.00537	0.00162	0.00655	0.00488	0.00272	0.00840
2	0.00655	0.00525	0.00585	0.00612	0.00748	0.00455	0.00443	0.00794	0.01209	0.01514	0.13522	0.24611	0.49618	0.01411	0.00647	0.00189	0.00280	0.01215	0.00510	0.00455
3	0.01208	0.01597	0.29378	0.01191	0.01645	0.01043	0.05893	0.12797	0.03713	0.06277	0.09547	0.06167	0.06858	0.06018	0.00701	0.00196	0.00585	0.01906	0.02580	0.00701
4	0.00653	0.00472	0.00618	0.00735	0.00775	0.00437	0.00493	0.00749	0.01039	0.01375	0.03106	0.76287	0.07953	0.01663	0.00682	0.00216	0.00309	0.01503	0.00498	0.00437
5	0.01148	0.02353	0.56853	0.02028	0.23624	0.01255	0.01888	0.01685	0.01158	0.01715	0.00976	0.01188	0.00728	0.00501	0.00516	0.00167	0.00749	0.00420	0.00238	0.00809
6	0.01590	0.13170	0.29726	0.01375	0.01864	0.40359	0.01367	0.01910	0.01322	0.01448	0.00867	0.01014	0.00687	0.00525	0.00475	0.00147	0.00852	0.00356	0.00252	0.00694
7	0.01825	0.01126	0.01303	0.01034	0.01408	0.01154	0.00839	0.29366	0.13179	0.24849	0.10774	0.01867	0.01633	0.00700	0.00541	0.00161	0.00473	0.00565	0.00567	0.06637
8	0.01164	0.01081	0.01829	0.02490	0.51320	0.01064	0.06013	0.01473	0.01309	0.01864	0.22606	0.02093	0.02038	0.00651	0.00567	0.00163	0.00546	0.00627	0.00358	0.00745
9	0.84927	0.01038	0.00789	0.00706	0.01038	0.01204	0.00581	0.01578	0.00914	0.02408	0.00747	0.00872	0.00581	0.00498	0.00332	0.00166	0.00415	0.00291	0.00332	0.00581
10	0.00691	0.00508	0.00656	0.00760	0.00833	0.00473	0.00553	0.00820	0.01099	0.01428	0.03342	0.54259	0.15559	0.01591	0.00688	0.00218	0.00340	0.15235	0.00498	0.00450
11	0.01945	0.01420	0.01658	0.01256	0.01696	0.01516	0.06158	0.60544	0.02269	0.08175	0.01306	0.01323	0.00926	0.00615	0.00534	0.00157	0.00590	0.00486	0.00511	0.06916
12	0.01515	0.70472	0.02633	0.00983	0.01417	0.12826	0.00935	0.01682	0.01151	0.01270	0.00758	0.00876	0.00689	0.00472	0.00364	0.00118	0.00629	0.00295	0.00236	0.00680
13	0.01467	0.01482	0.07625	0.06698	0.02352	0.01405	0.36877	0.24996	0.04358	0.02232	0.01242	0.01579	0.00950	0.00573	0.00590	0.00177	0.00753	0.03499	0.00368	0.00775
14	0.00817	0.11597	0.01069	0.00856	0.00964	0.00774	0.02925	0.00941	0.01053	0.01397	0.05864	0.58890	0.02965	0.01403	0.00703	0.00202	0.05407	0.01237	0.00442	0.00492
15	0.00743	0.00532	0.00673	0.00681	0.00795	0.00484	0.00494	0.00931	0.01332	0.03391	0.43014	0.26105	0.16235	0.01298	0.00646	0.00185	0.00277	0.01147	0.00551	0.00486
16	0.01060	0.06472	0.27945	0.21842	0.10386	0.01161	0.05422	0.01476	0.01189	0.01657	0.12866	0.03539	0.01462	0.00626	0.00539	0.00169	0.00654	0.00547	0.00299	0.00685
17	0.01399	0.04745	0.48469	0.01479	0.07247	0.01191	0.01587	0.01976	0.07502	0.17325	0.01296	0.01352	0.00904	0.00556	0.00515	0.00168	0.00676	0.00445	0.00345	0.00823
18	0.00664	0.00471	0.00620	0.00735	0.00764	0.00443	0.00485	0.00750	0.01009	0.01345	0.02861	0.74824	0.03427	0.07810	0.00843	0.00241	0.00328	0.01469	0.00485	0.00427
19	0.00969	0.00795	0.01113	0.12637	0.01524	0.00852	0.05960	0.01495	0.20566	0.03535	0.02313	0.41321	0.02395	0.01157	0.00620	0.00199	0.00445	0.01048	0.00461	0.00598
20	0.06142	0.07298	0.17953	0.06387	0.02016	0.20401	0.13876	0.05762	0.01345	0.08032	0.01134	0.01453	0.00894	0.00579	0.00521	0.00164	0.00760	0.04254	0.00320	0.00709
21	0.01161	0.01415	0.11993	0.08319	0.21285	0.01195	0.32704	0.01551	0.01202	0.01658	0.01374	0.08273	0.04100	0.00614	0.00589	0.00177	0.00733	0.00648	0.00290	0.00719
22	0.00653	0.00472	0.00618	0.00734	0.00775	0.00437	0.00492	0.00749	0.01041	0.01376	0.03125	0.75703	0.08525	0.01660	0.00682	0.00216	0.00309	0.01500	0.00498	0.00437
23	0.01322	0.01574	0.05847	0.02059	0.07500	0.11890	0.50427	0.01697	0.01264	0.01630	0.01147	0.06365	0.00964	0.00563	0.00639	0.00177	0.03328	0.00625	0.00283	0.00699
24	0.01525	0.01236	0.03450	0.01991	0.18691	0.01157	0.30753	0.03208	0.05670	0.19396	0.06199	0.01695	0.01256	0.00568	0.00581	0.00172	0.00667	0.00591	0.00400	0.00793
25	0.01111	0.01525	0.17689	0.01826	0.02320	0.01159	0.46644	0.01529	0.01194	0.01649	0.01421	0.16602	0.01312	0.00700	0.00619	0.00186	0.00769	0.00757	0.00306	0.00683
26	0.02225	0.01208	0.01428	0.01095	0.01517	0.01225	0.00904	0.39185	0.02028	0.40895	0.01705	0.01559	0.01122	0.00654	0.00538	0.00164	0.00524	0.00512	0.00601	0.00913
27	0.01142	0.18193	0.29927	0.01425	0.01943	0.02540	0.17249	0.01536	0.01112	0.01524	0.01107	0.05402	0.00950	0.01034	0.11240	0.00258	0.01959	0.00508	0.00260	0.00690
28	0.06817	0.12557	0.43387	0.01492	0.07227	0.01332	0.05757	0.01736	0.05921	0.03133	0.01126	0.01434	0.00891	0.00564	0.00500	0.00167	0.00690	0.04232	0.00281	0.00756
29	0.00678	0.00492	0.00663	0.04135	0.00891	0.00474	0.00529	0.00777	0.01013	0.01348	0.02785	0.72024	0.03318	0.07135	0.00821	0.00237	0.00343	0.01429	0.00475	0.00435
30	0.01136	0.01074	0.01818	0.43692	0.35622	0.01199	0.01520	0.01467	0.01136	0.01537	0.01055	0.04449	0.00883	0.00556	0.00540	0.00172	0.00666	0.00518	0.00260	0.00700
31	0.84927	0.01038	0.00789	0.00706	0.01038	0.01204	0.00581	0.01578	0.00914	0.02408	0.00747	0.00872	0.00581	0.00498	0.00332	0.00166	0.00415	0.00291	0.00332	0.00581
32	0.01102	0.08445	0.72912	0.01486	0.02255	0.01310	0.01907	0.01693	0.01130	0.01668	0.00948	0.01114	0.00681	0.00506	0.00498	0.00166	0.00778	0.00389	0.00227	0.00786
33	0.00783	0.00709	0.06311	0.00737	0.00912	0.00560	0.00613	0.01062	0.01492	0.02120	0.71989	0.03802	0.04749	0.01055	0.00624	0.00169	0.00292	0.00929	0.00565	0.00527
34	0.00865	0.00618	0.00865	0.00989	0.01112	0.00618	0.00865	0.01112	0.01236	0.01606	0.02842	0.06055	0.03089	0.01483	0.00741	0.00247	0.00494	0.74174	0.00494	0.00494
35	0.00639	0.00544	0.00550	0.00549	0.00728	0.00455	0.00411	0.00779	0.01234	0.01475	0.08033	0.05124	0.74958	0.01350	0.00634	0.00181	0.00271	0.01127	0.00502	0.00455
36	0.00773	0.00550	0.00737	0.00737	0.00790	0.00603	0.00515	0.00878	0.00826	0.01153	0.01552	0.02744	0.01618	0.38887	0.44524	0.00708	0.01023	0.00668	0.00305	0.00410
37	0.01090	0.02681	0.72937	0.01583	0.02358	0.01255	0.07304	0.01701	0.01143	0.01701	0.00972	0.01156	0.00690	0.00506	0.00519	0.00171	0.00801	0.00414	0.00230	0.00788
38	0.00653	0.00472	0.00618	0.00734	0.00775	0.00437	0.00492	0.00749	0.01041	0.01376	0.03125	0.75703	0.08525	0.01660	0.00682	0.00216	0.00309	0.01500	0.00498	0.00437
39	0.02148	0.00872	0.01142	0.00902	0.01270	0.00784	0.00736	0.02445	0.06237	0.62971	0.02072	0.01862	0.01355	0.00663	0.00518	0.00162	0.00427	0.00539	0.12044	0.00853
40	0.05119	0.01618	0.02533	0.01880	0.02349	0.15603	0.48488	0.09162	0.01433	0.04895	0.01086	0.01335	0.00812	0.00500	0.00580	0.00170	0.00847	0.00547	0.00317	0.00725
41	0.01210	0.00969	0.01065	0.00979	0.01217	0.01079	0.00747	0.06023	0.47913	0.03864	0.08988	0.12252	0.02199	0.06298	0.00723	0.00208	0.00413	0.02594	0.00530	0.00727
42	0.00743	0.00548	0.00694	0.00657	0.00791	0.00499	0.00493	0.00980	0.01479	0.02057	0.67670	0.04167	0.14958	0.01133	0.00633	0.00171	0.00256	0.00993	0.00578	0.00499
43	0.01241	0.01539	0.09344	0.05195	0.02800	0.01342	0.66842	0.01704	0.01248	0.01704	0.01071	0.01421	0.00800	0.00461	0.00620	0.00180	0.00888	0.00608	0.00267	0.00725
44	0.06853	0.04317	0.01381	0.01055	0.01445	0.06564	0.00863	0.19995	0.12299	0.37031	0.01709	0.01572	0.01161	0.00643	0.00517	0.00163	0.00522	0.00498	0.00555	0.00856
45	0.00781	0.00520	0.00585	0.00585	0.00585	0.00520	0.00325	0.00781	0.00781	0.01041	0.01691	0.03513	0.01952	0.81135	0.02732	0.00520	0.00520	0.00781	0.00325	0.00325
46	0.00654	0.00467	0.00623	0.00747	0.00779	0.00436	0.00498	0.00747	0.01028	0.01370	0.02959	0.80785	0.03550	0.01682	0.00685	0.00218	0.00311	0.01526	0.00498	0.00436
47	0.00963	0.00872	0.01216	0.06086	0.01296	0.01113	0.00910	0.02453	0.00955	0.01368	0.01670	0.34363	0.01895	0.01218	0.01213	0.00223	0.40395	0.00911	0.00350	0.00531
48	0.01229	0.07246	0.21169	0.07106	0.18148	0.01356	0.32609	0.01670	0.01201	0.01668	0.01008	0.01305	0.00774	0.00478	0.00556	0.00169	0.00788	0.00510	0.00254	0.00756
49	0.01103	0.01076	0.01456	0.06553	0.01469	0.04480	0.01074	0.01254	0.00876	0.01287	0.00896	0.01399	0.00852	0.01611	0.19490	0.00372	0.53447	0.00490	0.00249	0.00564
50	0.02005	0.02558	0.01521	0.01383	0.01659	0.78980	0.01037	0.02143	0.01521	0.01314	0.00830	0.00968	0.00691	0.00553	0.00484	0.00138	0.00968	0.00346	0.00277	0.00622
51	0.01097	0.00912	0.01446	0.07329	0.34545	0.00907	0.01105	0.01384	0.01342	0.04929	0.31185	0.02706	0.02655	0.00796	0.00585	0.00170	0.00476	0.05330	0.00422	0.00678

[dist]
# distance from previous block
# <min> <max>
0	7

[block]
# block no. 3 follows, 45 sequences, length 51
# corresponding to MSA columns:
# 299-349
name=unknown_D
#
# <colnr> <probs for GDERKNQSTAVLIFYWHMCP>
#	G	D	E	R	K	N	Q	S	T	A	V	L	I	F	Y	W	H	M	C	P
0	0.01113	0.00954	0.01113	0.00795	0.01272	0.00716	0.00636	0.01352	0.01113	0.01749	0.00954	0.01113	0.00795	0.00398	0.00398	0.00080	0.00398	0.00318	0.00318	0.84417
1	0.01050	0.00900	0.01038	0.00762	0.01200	0.00681	0.00606	0.01275	0.01128	0.01710	0.01547	0.01649	0.10948	0.00525	0.00429	0.00093	0.00381	0.00426	0.00342	0.73312
2	0.01375	0.01258	0.02015	0.14311	0.53922	0.01317	0.02718	0.11466	0.02962	0.01922	0.01064	0.01355	0.00855	0.00514	0.00535	0.00163	0.00643	0.00484	0.00304	0.00819
3	0.73838	0.01268	0.11047	0.00815	0.01208	0.01210	0.00767	0.01594	0.00943	0.02315	0.00776	0.00907	0.00594	0.00500	0.00356	0.00167	0.00465	0.00305	0.00318	0.00609
4	0.02041	0.01504	0.01611	0.01235	0.01665	0.01665	0.01020	0.75997	0.02524	0.03383	0.01289	0.01289	0.00913	0.00644	0.00537	0.00161	0.00591	0.00483	0.00537	0.00913
5	0.00773	0.00517	0.00588	0.00595	0.00596	0.00516	0.00335	0.00779	0.00795	0.01060	0.01764	0.07915	0.02043	0.76608	0.02616	0.00503	0.00509	0.00823	0.00335	0.00332
6	0.00767	0.00575	0.00863	0.00863	0.00959	0.00671	0.00671	0.00959	0.00863	0.01246	0.01438	0.02109	0.01342	0.04026	0.79008	0.00863	0.01438	0.00575	0.00288	0.00479
7	0.01435	0.81458	0.02813	0.00918	0.01378	0.02124	0.00918	0.01607	0.01091	0.01263	0.00746	0.00861	0.00689	0.00459	0.00344	0.00115	0.00574	0.00287	0.00230	0.00689
8	0.01160	0.02217	0.48662	0.01662	0.02326	0.01287	0.20978	0.01857	0.11177	0.01777	0.01157	0.01330	0.00842	0.00524	0.00547	0.00174	0.00774	0.00486	0.00281	0.00783
9	0.00865	0.00618	0.00865	0.00989	0.01112	0.00618	0.00865	0.01112	0.01236	0.01606	0.02842	0.06055	0.03089	0.01483	0.00741	0.00247	0.00494	0.74174	0.00494	0.00494
10	0.00660	0.00472	0.00628	0.00743	0.00780	0.00440	0.00499	0.00763	0.01056	0.01415	0.07206	0.76411	0.03637	0.01648	0.00682	0.00215	0.00308	0.01494	0.00504	0.00440
11	0.01701	0.01226	0.02319	0.01911	0.12186	0.01134	0.38017	0.02045	0.01362	0.30252	0.01461	0.01574	0.01011	0.00535	0.00585	0.00173	0.00702	0.00578	0.00417	0.00811
12	0.01669	0.16957	0.11508	0.01359	0.01783	0.31085	0.09844	0.05133	0.07561	0.06606	0.01075	0.01179	0.00832	0.00544	0.00490	0.00149	0.00771	0.00415	0.00319	0.00718
13	0.01361	0.01419	0.02247	0.10161	0.47691	0.09783	0.16135	0.01690	0.01250	0.01663	0.01000	0.01322	0.00813	0.00487	0.00547	0.00163	0.00734	0.00494	0.00265	0.00776
14	0.01239	0.01609	0.12827	0.02134	0.02688	0.01354	0.63331	0.01700	0.01232	0.01700	0.01055	0.01396	0.00793	0.00479	0.00662	0.00182	0.04031	0.00596	0.00264	0.00728
15	0.01197	0.01187	0.02119	0.09194	0.45812	0.01177	0.16821	0.01523	0.01219	0.01674	0.01606	0.01869	0.10978	0.00594	0.00567	0.00168	0.00651	0.00597	0.00295	0.00750
16	0.01100	0.01129	0.02156	0.44139	0.05870	0.01219	0.29129	0.01480	0.01158	0.01519	0.01235	0.01625	0.04698	0.00545	0.00578	0.00179	0.00761	0.00569	0.00265	0.00646
17	0.01572	0.25815	0.33241	0.01179	0.01762	0.01376	0.01316	0.01939	0.01238	0.23853	0.01235	0.01254	0.00872	0.00540	0.00469	0.00152	0.00630	0.00406	0.00355	0.00797
18	0.01094	0.01126	0.02235	0.05979	0.13648	0.01082	0.39991	0.01422	0.01184	0.01610	0.01585	0.23330	0.01570	0.00800	0.00627	0.00188	0.00691	0.00848	0.00332	0.00657
19	0.01449	0.11331	0.39700	0.01561	0.11950	0.01267	0.01522	0.01869	0.01218	0.18473	0.01189	0.01281	0.00847	0.00549	0.00545	0.00164	0.03520	0.00429	0.00329	0.00808
20	0.00908	0.00959	0.07616	0.43045	0.02551	0.00947	0.04499	0.01201	0.01071	0.01413	0.01644	0.28443	0.01683	0.00921	0.00589	0.00192	0.00593	0.00835	0.00328	0.00563
21	0.01023	0.01164	0.07789	0.01641	0.04657	0.00995	0.38118	0.01341	0.01150	0.01565	0.01765	0.25207	0.03375	0.05056	0.02391	0.00222	0.00688	0.00893	0.00343	0.00617
22	0.01495	0.35594	0.16568	0.01181	0.01630	0.21234	0.01146	0.01905	0.10370	0.01478	0.00982	0.01083	0.00803	0.00533	0.00459	0.00141	0.02044	0.00364	0.00279	0.00710
23	0.00992	0.01113	0.12567	0.01231	0.06754	0.00901	0.05565	0.01540	0.16402	0.01765	0.08117	0.11266	0.10885	0.01030	0.00620	0.00196	0.00498	0.17474	0.00443	0.00639
24	0.01015	0.01013	0.01909	0.01770	0.14788	0.00955	0.31191	0.01298	0.01184	0.01588	0.02194	0.25042	0.11769	0.00935	0.00631	0.00188	0.00602	0.00933	0.00367	0.00626
25	0.01220	0.11934	0.08024	0.17414	0.27171	0.01351	0.17963	0.01573	0.01179	0.01591	0.01140	0.01504	0.02987	0.00529	0.00536	0.00165	0.00702	0.02023	0.00265	0.00729
26	0.01585	0.01246	0.06883	0.06900	0.12164	0.01090	0.27679	0.01924	0.01315	0.26701	0.01504	0.06056	0.01129	0.00604	0.00578	0.00175	0.00670	0.00608	0.00407	0.00782
27	0.01120	0.01668	0.27014	0.23335	0.19424	0.01217	0.11469	0.01559	0.01158	0.01613	0.01193	0.01484	0.04273	0.00542	0.00544	0.00172	0.00728	0.00502	0.00257	0.00727
28	0.01091	0.02677	0.72702	0.01585	0.02360	0.01255	0.07535	0.01701	0.01143	0.01701	0.00973	0.01157	0.00690	0.00506	0.00519	0.00171	0.00802	0.00414	0.00230	0.00788
29	0.01442	0.08491	0.05187	0.01542	0.14434	0.16416	0.05314	0.09532	0.15584	0.01826	0.01629	0.01758	0.07941	0.03095	0.00614	0.00172	0.02275	0.00534	0.01489	0.00726
30	0.00878	0.00802	0.01392	0.12896	0.06749	0.00796	0.16256	0.01106	0.01119	0.01486	0.03443	0.40312	0.08247	0.01145	0.00638	0.00197	0.00511	0.01078	0.00399	0.00549
31	0.01210	0.01745	0.26708	0.08929	0.23990	0.01281	0.14430	0.01812	0.11186	0.01762	0.01158	0.01384	0.00882	0.00522	0.00545	0.00171	0.00713	0.00496	0.00289	0.00788
32	0.01082	0.01034	0.01780	0.62532	0.17257	0.01215	0.04647	0.01437	0.01109	0.01456	0.00970	0.01413	0.00744	0.00522	0.00540	0.00175	0.00709	0.00484	0.00245	0.00648
33	0.01242	0.01624	0.13111	0.02166	0.02742	0.01343	0.66070	0.01717	0.01249	0.01717	0.01070	0.01406	0.00797	0.00460	0.00617	0.00180	0.00890	0.00602	0.00266	0.00733
34	0.01591	0.01218	0.01486	0.01220	0.01550	0.08593	0.10755	0.02346	0.31477	0.20267	0.08390	0.01925	0.01620	0.00702	0.00614	0.00175	0.04191	0.00595	0.00502	0.00785
35	0.00706	0.00530	0.00670	0.04288	0.00895	0.00503	0.00523	0.00834	0.01104	0.01443	0.11487	0.38653	0.18746	0.11995	0.00936	0.00245	0.00353	0.05174	0.00474	0.00443
36	0.00953	0.00944	0.01715	0.11284	0.01934	0.00910	0.29189	0.01246	0.01206	0.01549	0.02740	0.06096	0.25547	0.02691	0.00682	0.00197	0.00601	0.09564	0.00375	0.00575
37	0.01431	0.52450	0.20352	0.01104	0.01637	0.01858	0.01181	0.11467	0.01290	0.01646	0.00869	0.00981	0.00716	0.00496	0.00409	0.00134	0.00628	0.00339	0.00270	0.00743
38	0.01124	0.13182	0.68364	0.01449	0.02198	0.01363	0.01842	0.01688	0.01128	0.01642	0.00935	0.01097	0.00681	0.00503	0.00488	0.00163	0.00764	0.00382	0.00227	0.00779
39	0.00703	0.00521	0.00656	0.00675	0.00781	0.00474	0.00486	0.00883	0.01306	0.01771	0.40266	0.29346	0.17484	0.01335	0.00650	0.00187	0.00276	0.01181	0.00544	0.00474
40	0.01050	0.01922	0.39840	0.01575	0.02161	0.01124	0.24491	0.01522	0.01180	0.01652	0.01721	0.06888	0.11075	0.00680	0.00576	0.00178	0.00728	0.00640	0.00294	0.00704
41	0.01112	0.01054	0.01787	0.56054	0.26723	0.01218	0.01539	0.01457	0.01120	0.01490	0.00971	0.01399	0.00757	0.00519	0.00535	0.00173	0.00691	0.00477	0.00247	0.00675
42	0.01001	0.00946	0.01625	0.69479	0.03427	0.01145	0.05652	0.01344	0.01081	0.01391	0.01112	0.07397	0.00934	0.00618	0.00553	0.00182	0.00696	0.00565	0.00260	0.00592
43	0.01329	0.01275	0.02179	0.03295	0.77787	0.01275	0.01647	0.01647	0.01222	0.01754	0.01010	0.01329	0.00850	0.00478	0.00531	0.00159	0.00638	0.00478	0.00266	0.00850
44	0.01143	0.02269	0.53391	0.06033	0.23225	0.01252	0.01865	0.01669	0.01155	0.01698	0.00976	0.01202	0.00729	0.00503	0.00517	0.00168	0.00746	0.00423	0.00238	0.00799
45	0.00998	0.01470	0.26628	0.01377	0.01796	0.00950	0.14570	0.01400	0.01207	0.01652	0.02007	0.03591	0.04566	0.00976	0.00643	0.00208	0.00657	0.34305	0.00367	0.00632
46	0.00717	0.00493	0.00604	0.00667	0.00683	0.00478	0.00413	0.00764	0.00906	0.01207	0.02332	0.42571	0.02760	0.40975	0.01697	0.00368	0.00415	0.01157	0.00413	0.00381
47	0.01209	0.05491	0.12841	0.05934	0.39490	0.01200	0.09998	0.01549	0.01182	0.03169	0.01276	0.11813	0.01174	0.00644	0.00551	0.00170	0.00644	0.00614	0.00296	0.00754
48	0.01339	0.01173	0.01597	0.23356	0.19592	0.01326	0.01232	0.11911	0.28669	0.02043	0.01456	0.01595	0.01106	0.00607	0.00539	0.00173	0.00576	0.00525	0.00396	0.00788
49	0.01216	0.02117	0.48693	0.01339	0.01944	0.01220	0.01532	0.02063	0.23229	0.06231	0.04131	0.01529	0.01154	0.00603	0.00527	0.00173	0.00647	0.00487	0.00358	0.00806
50	0.01774	0.01063	0.01395	0.26821	0.02152	0.04617	0.01046	0.11804	0.02702	0.34081	0.05864	0.01714	0.01262	0.00641	0.00541	0.00169	0.00571	0.00528	0.00484	0.00772

[dist]
# distance from previous block
# <min> <max>
0	4

[block]
# block no. 4 follows, 45 sequences, length 6
# corresponding to MSA columns:
# 354-359
name=unknown_E
#
# <colnr> <probs for GDERKNQSTAVLIFYWHMCP>
#	G	D	E	R	K	N	Q	S	T	A	V	L	I	F	Y	W	H	M	C	P
0	0.24473	0.01128	0.05264	0.39317	0.17030	0.01214	0.01291	0.01498	0.01060	0.01750	0.00908	0.01241	0.00702	0.00514	0.00477	0.00171	0.00621	0.00421	0.00269	0.00650
1	0.01046	0.02095	0.50035	0.01692	0.16444	0.01112	0.01640	0.01525	0.01166	0.01666	0.01765	0.01885	0.14328	0.00654	0.00536	0.00170	0.00671	0.00543	0.00282	0.00744
2	0.01368	0.01096	0.01428	0.30009	0.02270	0.01154	0.01060	0.19870	0.04603	0.05202	0.01136	0.01340	0.00852	0.00534	0.00495	0.00144	0.00566	0.00438	0.00367	0.26066
3	0.01095	0.01037	0.01757	0.60101	0.22806	0.01214	0.01531	0.01443	0.01112	0.01470	0.00968	0.01405	0.00750	0.00522	0.00535	0.00174	0.00695	0.00477	0.00246	0.00662
4	0.16123	0.01170	0.01708	0.31627	0.02489	0.01352	0.12656	0.15698	0.01328	0.01985	0.00979	0.01284	0.00744	0.00575	0.00629	0.00179	0.08016	0.00469	0.00317	0.00673
5	0.01781	0.01375	0.01465	0.01183	0.01566	0.01543	0.00957	0.49083	0.29860	0.02964	0.01618	0.01551	0.01180	0.00675	0.00540	0.00169	0.00530	0.00529	0.00540	0.00890

[dist]
# distance from previous block
# <min> <max>
9	12

[block]
# block no. 5 follows, 45 sequences, length 6
# corresponding to MSA columns:
# 373-378
name=unknown_F
#
# <colnr> <probs for GDERKNQSTAVLIFYWHMCP>
#	G	D	E	R	K	N	Q	S	T	A	V	L	I	F	Y	W	H	M	C	P
0	0.01849	0.01732	0.08767	0.01265	0.01689	0.13033	0.01090	0.48121	0.12344	0.02763	0.01312	0.01324	0.00957	0.00630	0.00528	0.00161	0.00643	0.00472	0.00470	0.00850
1	0.02041	0.01504	0.01611	0.01235	0.01665	0.01665	0.01020	0.75997	0.02524	0.03383	0.01289	0.01289	0.00913	0.00644	0.00537	0.00161	0.00591	0.00483	0.00537	0.00913
2	0.01517	0.07911	0.39910	0.01359	0.01972	0.01490	0.01492	0.33631	0.01728	0.02392	0.01088	0.01180	0.00781	0.00564	0.00510	0.00162	0.00690	0.00426	0.00360	0.00837
3	0.01771	0.09988	0.01600	0.01203	0.01558	0.22784	0.00967	0.27657	0.22829	0.02279	0.01357	0.01356	0.01032	0.00624	0.00505	0.00156	0.00646	0.00460	0.00436	0.00792
4	0.01717	0.01931	0.27377	0.01334	0.01886	0.01524	0.01344	0.51052	0.02057	0.02818	0.01179	0.01237	0.00835	0.00599	0.00528	0.00164	0.00659	0.00454	0.00433	0.00873
5	0.01516	0.09859	0.33641	0.01577	0.09791	0.27408	0.01470	0.01881	0.01289	0.05408	0.00961	0.01108	0.00735	0.00524	0.00489	0.00153	0.00798	0.00385	0.00270	0.00738

[dist]
# distance from previous block
# <min> <max>
2	11

[block]
# block no. 6 follows, 45 sequences, length 16
# corresponding to MSA columns:
# 390-405
name=unknown_G
#
# <colnr> <probs for GDERKNQSTAVLIFYWHMCP>
#	G	D	E	R	K	N	Q	S	T	A	V	L	I	F	Y	W	H	M	C	P
0	0.21541	0.03567	0.01059	0.00806	0.01185	0.06258	0.00647	0.02805	0.01132	0.03851	0.01420	0.01527	0.08931	0.00684	0.03348	0.00150	0.00477	0.00417	0.00347	0.39848
1	0.03487	0.01753	0.14826	0.01193	0.01609	0.20392	0.01077	0.16342	0.08466	0.16257	0.05084	0.01620	0.04194	0.00656	0.00525	0.00161	0.00647	0.00501	0.00440	0.00770
2	0.01036	0.00910	0.01420	0.03798	0.38522	0.00907	0.01053	0.01259	0.01150	0.01597	0.11670	0.02539	0.09340	0.16492	0.05800	0.00276	0.00579	0.00673	0.00344	0.00635
3	0.01001	0.00500	0.00500	0.00500	0.00625	0.00500	0.00375	0.01251	0.01126	0.02001	0.01751	0.02001	0.01376	0.00625	0.00375	0.00125	0.00250	0.00500	0.84115	0.00500
4	0.00932	0.06376	0.09122	0.00857	0.01056	0.00729	0.00722	0.01185	0.05023	0.06681	0.09534	0.38757	0.05991	0.06667	0.00760	0.00216	0.00411	0.03973	0.00461	0.00547
5	0.01229	0.34448	0.45420	0.01341	0.04398	0.01601	0.01543	0.01661	0.01119	0.01526	0.00877	0.01030	0.00689	0.00488	0.00444	0.00147	0.00700	0.00355	0.00229	0.00753
6	0.01174	0.01174	0.01644	0.01409	0.01409	0.01644	0.01174	0.01292	0.00822	0.01292	0.00705	0.01174	0.00705	0.00940	0.01762	0.00235	0.80153	0.00470	0.00235	0.00587
7	0.01110	0.01096	0.01645	0.65996	0.08625	0.06573	0.01458	0.01441	0.01105	0.01391	0.00939	0.01382	0.00723	0.00550	0.00581	0.00177	0.03883	0.00468	0.00243	0.00615
8	0.01541	0.01704	0.01497	0.25776	0.02197	0.36303	0.01147	0.06337	0.01342	0.01505	0.00947	0.01225	0.00761	0.00600	0.00632	0.00162	0.09235	0.00419	0.06050	0.00620
9	0.01846	0.01407	0.01501	0.01196	0.01590	0.01574	0.00973	0.55785	0.23053	0.03069	0.01536	0.01486	0.01113	0.00668	0.00540	0.00167	0.00545	0.00517	0.00540	0.00895
10	0.01109	0.09928	0.71488	0.01474	0.02237	0.01326	0.01887	0.01692	0.01129	0.01660	0.00944	0.01109	0.00681	0.00505	0.00495	0.00165	0.00773	0.00387	0.00227	0.00784
11	0.01164	0.01112	0.01182	0.03233	0.05939	0.11571	0.03816	0.01811	0.27175	0.01765	0.06186	0.14597	0.11120	0.00967	0.00590	0.00184	0.00499	0.05976	0.00459	0.00654
12	0.00652	0.00475	0.00614	0.00726	0.00773	0.00438	0.00489	0.00750	0.01049	0.01379	0.03222	0.72746	0.11419	0.01647	0.00680	0.00214	0.00307	0.01484	0.00498	0.00438
13	0.00897	0.00699	0.00917	0.00886	0.01005	0.03187	0.00683	0.06280	0.00995	0.01385	0.01426	0.02112	0.01333	0.08978	0.65764	0.00767	0.01300	0.00576	0.00307	0.00504
14	0.00754	0.00518	0.00584	0.00595	0.00617	0.00506	0.00349	0.00777	0.00849	0.01112	0.02196	0.10196	0.10125	0.65963	0.02337	0.00459	0.00476	0.00881	0.00358	0.00348
15	0.01085	0.01025	0.01485	0.25715	0.02067	0.01272	0.01143	0.01304	0.00954	0.01394	0.00878	0.01310	0.00769	0.00937	0.06593	0.00235	0.35862	0.00453	0.00254	0.15267

[dist]
# distance from previous block
# <min> <max>
0	1

[block]
# block no. 7 follows, 45 sequences, length 44
# corresponding to MSA columns:
# 407,408,411-452
name=unknown_H
#
# <colnr> <probs for GDERKNQSTAVLIFYWHMCP>
#	G	D	E	R	K	N	Q	S	T	A	V	L	I	F	Y	W	H	M	C	P
0	0.06765	0.29052	0.01511	0.00848	0.01112	0.01180	0.00749	0.01355	0.04243	0.01741	0.25892	0.03061	0.02652	0.00903	0.00532	0.00167	0.00437	0.16792	0.00423	0.00587
1	0.84927	0.01038	0.00789	0.00706	0.01038	0.01204	0.00581	0.01578	0.00914	0.02408	0.00747	0.00872	0.00581	0.00498	0.00332	0.00166	0.00415	0.00291	0.00332	0.00581
2	0.01028	0.00969	0.01636	0.76305	0.07123	0.01196	0.01498	0.01384	0.01080	0.01389	0.00957	0.01426	0.00722	0.00534	0.00536	0.00178	0.00712	0.00477	0.00240	0.00608
3	0.01281	0.01354	0.02687	0.06272	0.33794	0.01316	0.41783	0.01674	0.01240	0.01718	0.01048	0.01398	0.00825	0.00467	0.00587	0.00172	0.00786	0.00562	0.00268	0.00770
4	0.00690	0.00546	0.00620	0.00602	0.00759	0.00477	0.00451	0.00877	0.01354	0.01760	0.37204	0.04656	0.45610	0.01244	0.00634	0.00176	0.00264	0.01061	0.00539	0.00477
5	0.00994	0.00995	0.01952	0.08291	0.03510	0.00959	0.36411	0.01293	0.01172	0.01580	0.05306	0.31166	0.02024	0.00949	0.00642	0.00194	0.00632	0.00966	0.00368	0.00598
6	0.01074	0.01016	0.01719	0.65140	0.17929	0.01209	0.01521	0.01424	0.01102	0.01445	0.00965	0.01411	0.00741	0.00525	0.00536	0.00175	0.00701	0.00477	0.00244	0.00645
7	0.79505	0.01046	0.00829	0.00730	0.01068	0.01201	0.00601	0.03632	0.00981	0.05353	0.00815	0.00920	0.00619	0.00509	0.00346	0.00166	0.00422	0.00305	0.00351	0.00603
8	0.03128	0.00927	0.01019	0.00847	0.01131	0.00969	0.00679	0.22863	0.08193	0.16332	0.01706	0.01747	0.01244	0.00645	0.00465	0.00149	0.00403	0.00508	0.36319	0.00725
9	0.01001	0.00500	0.00500	0.00500	0.00625	0.00500	0.00375	0.01251	0.01126	0.02001	0.01751	0.02001	0.01376	0.00625	0.00375	0.00125	0.00250	0.00500	0.84115	0.00500
10	0.00673	0.00487	0.00638	0.00731	0.00787	0.00452	0.00503	0.00796	0.01116	0.01495	0.13960	0.63254	0.08210	0.01572	0.00676	0.00209	0.00305	0.03176	0.00512	0.00449
11	0.84927	0.01038	0.00789	0.00706	0.01038	0.01204	0.00581	0.01578	0.00914	0.02408	0.00747	0.00872	0.00581	0.00498	0.00332	0.00166	0.00415	0.00291	0.00332	0.00581
12	0.01174	0.01174	0.01644	0.01409	0.01409	0.01644	0.01174	0.01292	0.00822	0.01292	0.00705	0.01174	0.00705	0.00940	0.01762	0.00235	0.80153	0.00470	0.00235	0.00587
13	0.02041	0.01504	0.01611	0.01235	0.01665	0.01665	0.01020	0.75997	0.02524	0.03383	0.01289	0.01289	0.00913	0.00644	0.00537	0.00161	0.00591	0.00483	0.00537	0.00913
14	0.01243	0.01398	0.03029	0.02186	0.02704	0.01313	0.71329	0.01683	0.01265	0.01713	0.01192	0.01725	0.00951	0.00514	0.00640	0.00185	0.00880	0.05055	0.00285	0.00710
15	0.01117	0.01060	0.01797	0.54706	0.28028	0.01220	0.01542	0.01462	0.01122	0.01497	0.00972	0.01397	0.00760	0.00517	0.00535	0.00172	0.00690	0.00477	0.00247	0.00680
16	0.84927	0.01038	0.00789	0.00706	0.01038	0.01204	0.00581	0.01578	0.00914	0.02408	0.00747	0.00872	0.00581	0.00498	0.00332	0.00166	0.00415	0.00291	0.00332	0.00581
17	0.00987	0.00502	0.00506	0.00506	0.00623	0.00502	0.00372	0.01222	0.01104	0.01942	0.01747	0.02095	0.01412	0.05613	0.00521	0.00150	0.00267	0.00518	0.78925	0.00489
18	0.00648	0.00544	0.00562	0.00558	0.00733	0.00459	0.00418	0.00796	0.01255	0.01524	0.13028	0.05044	0.69932	0.01332	0.00634	0.00180	0.00270	0.01116	0.00508	0.00459
19	0.02243	0.01105	0.01269	0.01014	0.01402	0.08646	0.00821	0.02597	0.10331	0.61629	0.01997	0.01762	0.01301	0.00661	0.00535	0.00165	0.00504	0.00528	0.00612	0.00877
20	0.00768	0.00569	0.00830	0.00830	0.00914	0.00653	0.00630	0.00937	0.00853	0.01222	0.01468	0.02276	0.01415	0.13234	0.69899	0.00822	0.01328	0.00600	0.00292	0.00461
21	0.01690	0.01170	0.01283	0.01064	0.01420	0.03089	0.00849	0.17408	0.36252	0.18824	0.04857	0.01822	0.01487	0.00688	0.00536	0.00167	0.00470	0.00558	0.00552	0.05812
22	0.82754	0.01035	0.00801	0.00712	0.01047	0.01193	0.00587	0.01605	0.00930	0.04403	0.00784	0.00897	0.00601	0.00503	0.00338	0.00166	0.00416	0.00297	0.00341	0.00590
23	0.00652	0.00542	0.00570	0.00569	0.00737	0.00460	0.00424	0.00801	0.01255	0.01540	0.14833	0.07859	0.65237	0.01337	0.00636	0.00181	0.00271	0.01126	0.00511	0.00460
24	0.01435	0.81458	0.02813	0.00918	0.01378	0.02124	0.00918	0.01607	0.01091	0.01263	0.00746	0.00861	0.00689	0.00459	0.00344	0.00115	0.00574	0.00287	0.00230	0.00689
25	0.00944	0.04541	0.01501	0.01236	0.01479	0.00839	0.20761	0.01213	0.01226	0.01612	0.07458	0.14968	0.08262	0.01154	0.00671	0.00209	0.00549	0.30394	0.00430	0.00554
26	0.01272	0.16276	0.02367	0.01592	0.01904	0.01600	0.27917	0.01660	0.08606	0.01535	0.00997	0.01297	0.00834	0.00654	0.00970	0.00188	0.28863	0.00508	0.00278	0.00681
27	0.01499	0.01144	0.01208	0.01028	0.01339	0.01286	0.00816	0.25947	0.39012	0.02564	0.01818	0.01774	0.01358	0.00682	0.00512	0.00165	0.00445	0.00548	0.16050	0.00805
28	0.84927	0.01038	0.00789	0.00706	0.01038	0.01204	0.00581	0.01578	0.00914	0.02408	0.00747	0.00872	0.00581	0.00498	0.00332	0.00166	0.00415	0.00291	0.00332	0.00581
29	0.01233	0.01729	0.21303	0.06718	0.02708	0.01307	0.51633	0.01715	0.01229	0.03510	0.01073	0.01379	0.00788	0.00477	0.00595	0.00178	0.00856	0.00564	0.00268	0.00738
30	0.00653	0.00470	0.00620	0.00739	0.00776	0.00437	0.00495	0.00748	0.01036	0.01374	0.03062	0.77622	0.06646	0.01668	0.00683	0.00216	0.00310	0.01510	0.00498	0.00437
31	0.00689	0.00495	0.00643	0.00711	0.00771	0.00460	0.00487	0.00821	0.01151	0.01561	0.22739	0.52940	0.06641	0.06292	0.00793	0.00222	0.00307	0.01319	0.00512	0.00449
32	0.00767	0.00575	0.00863	0.00863	0.00959	0.00671	0.00671	0.00959	0.00863	0.01246	0.01438	0.02109	0.01342	0.04026	0.79008	0.00863	0.01438	0.00575	0.00288	0.00479
33	0.00660	0.00519	0.00596	0.00631	0.00754	0.00455	0.00453	0.00799	0.01202	0.01528	0.15331	0.30287	0.42023	0.01428	0.00651	0.00192	0.00282	0.01240	0.00512	0.00455
34	0.01354	0.01162	0.01224	0.01096	0.01403	0.01344	0.00854	0.04788	0.74850	0.02276	0.02161	0.01984	0.01619	0.00726	0.00546	0.00182	0.00429	0.00604	0.00546	0.00851
35	0.01077	0.02777	0.78354	0.01530	0.02323	0.01247	0.01983	0.01700	0.01133	0.01700	0.00963	0.01133	0.00680	0.00510	0.00510	0.00170	0.00793	0.00397	0.00227	0.00793
36	0.00932	0.00466	0.00699	0.00699	0.00699	0.00466	0.00466	0.00699	0.00699	0.00932	0.00932	0.01632	0.00932	0.01865	0.02098	0.84382	0.00466	0.00466	0.00233	0.00233
37	0.01721	0.01917	0.01394	0.01253	0.01547	0.42762	0.00957	0.05441	0.33643	0.01795	0.01426	0.01422	0.01104	0.00631	0.00513	0.00158	0.00721	0.00463	0.00402	0.00731
38	0.00652	0.00528	0.00579	0.00600	0.00744	0.00455	0.00437	0.00791	0.01214	0.01508	0.12525	0.20737	0.54560	0.01399	0.00645	0.00188	0.00278	0.01197	0.00508	0.00455
39	0.01218	0.08513	0.01856	0.02338	0.47201	0.01221	0.01289	0.01537	0.04117	0.01639	0.01137	0.01479	0.00976	0.01115	0.13885	0.00276	0.03728	0.00483	0.05248	0.00742
40	0.00805	0.00644	0.00867	0.00873	0.00970	0.03746	0.00669	0.00986	0.00904	0.01260	0.01554	0.09336	0.01520	0.03672	0.68663	0.00774	0.01315	0.00654	0.00307	0.00481
41	0.05245	0.26458	0.01846	0.01057	0.01457	0.05230	0.00913	0.36152	0.03340	0.05457	0.01188	0.02981	0.00933	0.00601	0.00461	0.00146	0.00563	0.00437	0.04752	0.00782
42	0.16313	0.04963	0.02329	0.01747	0.05616	0.01281	0.42673	0.03271	0.01206	0.05324	0.01159	0.06083	0.00956	0.00560	0.00579	0.00175	0.02503	0.00585	0.00318	0.02361
43	0.07875	0.11036	0.12556	0.00849	0.01098	0.00837	0.00766	0.01072	0.01074	0.01506	0.02606	0.39627	0.14734	0.01200	0.00578	0.00187	0.00419	0.01033	0.00410	0.00536

[dist]
# distance from previous block
# <min> <max>
0	19

[block]
# block no. 8 follows, 45 sequences, length 69
# corresponding to MSA columns:
# 472-493,495-541
name=unknown_I
#
# <colnr> <probs for GDERKNQSTAVLIFYWHMCP>
#	G	D	E	R	K	N	Q	S	T	A	V	L	I	F	Y	W	H	M	C	P
0	0.01164	0.01094	0.13578	0.00880	0.01180	0.00893	0.00808	0.01864	0.24706	0.05110	0.01808	0.04217	0.01406	0.00672	0.00467	0.00155	0.00404	0.00549	0.38374	0.00672
1	0.02584	0.00919	0.00955	0.00866	0.01100	0.06245	0.00683	0.15171	0.02534	0.06037	0.12304	0.11251	0.22655	0.01085	0.00603	0.00180	0.00429	0.09890	0.00501	0.04012
2	0.39156	0.01067	0.01289	0.19245	0.14321	0.01235	0.01016	0.04991	0.01079	0.02019	0.00901	0.01160	0.00712	0.00545	0.00518	0.00171	0.05825	0.00394	0.03715	0.00642
3	0.34799	0.01805	0.01245	0.01094	0.01415	0.37038	0.00854	0.12607	0.01426	0.02046	0.00864	0.00976	0.00680	0.00545	0.00432	0.00153	0.00695	0.00344	0.00336	0.00648
4	0.01042	0.00989	0.01490	0.27688	0.05646	0.01277	0.01191	0.01246	0.00959	0.01353	0.01174	0.14378	0.01184	0.00905	0.01116	0.00210	0.36649	0.00647	0.00281	0.00578
5	0.01100	0.01001	0.01501	0.37054	0.14960	0.01055	0.01199	0.01488	0.06321	0.01597	0.01130	0.04598	0.00938	0.00549	0.00505	0.00150	0.00580	0.00486	0.00296	0.23492
6	0.00999	0.00656	0.00837	0.00736	0.00929	0.00602	0.00566	0.04694	0.01539	0.09265	0.61440	0.03472	0.04217	0.00986	0.00603	0.00162	0.00298	0.00861	0.00576	0.06562
7	0.01371	0.67288	0.16418	0.01029	0.01548	0.01966	0.01110	0.01624	0.01098	0.01342	0.00785	0.00910	0.00687	0.00468	0.00374	0.00125	0.00614	0.00307	0.00229	0.00708
8	0.01240	0.24113	0.31505	0.01197	0.01726	0.01487	0.01294	0.01986	0.23432	0.01757	0.04315	0.01428	0.01140	0.00584	0.00479	0.00158	0.00602	0.00451	0.00336	0.00769
9	0.00738	0.00536	0.00696	0.00682	0.00795	0.00493	0.00501	0.00961	0.01430	0.02001	0.62868	0.16190	0.07696	0.01200	0.00641	0.00177	0.00263	0.01065	0.00573	0.00493
10	0.00700	0.00553	0.00635	0.00633	0.00790	0.00488	0.00487	0.00886	0.01324	0.01701	0.29251	0.04870	0.45743	0.01284	0.00645	0.00184	0.00288	0.08533	0.00529	0.00475
11	0.13863	0.01308	0.13901	0.01047	0.01495	0.01047	0.00977	0.12462	0.03762	0.38522	0.02727	0.04001	0.01189	0.00652	0.00511	0.00168	0.00516	0.00512	0.00517	0.00823
12	0.01720	0.22067	0.11665	0.01188	0.01648	0.08886	0.01100	0.33467	0.07172	0.04400	0.01153	0.01196	0.00869	0.00578	0.00480	0.00150	0.00632	0.00420	0.00399	0.00809
13	0.00700	0.00580	0.00622	0.00637	0.00810	0.00518	0.00492	0.00918	0.05059	0.01506	0.04832	0.08654	0.60925	0.01358	0.00646	0.00191	0.00309	0.10266	0.00500	0.00478
14	0.01077	0.02777	0.78354	0.01530	0.02323	0.01247	0.01983	0.01700	0.01133	0.01700	0.00963	0.01133	0.00680	0.00510	0.00510	0.00170	0.00793	0.00397	0.00227	0.00793
15	0.01217	0.01162	0.01977	0.30421	0.51532	0.01246	0.01592	0.01550	0.01169	0.01618	0.00990	0.01365	0.00803	0.00499	0.00533	0.00166	0.00665	0.00478	0.00256	0.00760
16	0.01060	0.01074	0.02140	0.01779	0.07421	0.01017	0.41365	0.01383	0.01197	0.01616	0.01792	0.22908	0.01821	0.00906	0.00653	0.00197	0.00678	0.10005	0.00359	0.00629
17	0.00761	0.00554	0.00723	0.00722	0.00846	0.00516	0.00558	0.00994	0.01418	0.01959	0.54995	0.09637	0.09820	0.01219	0.00655	0.00186	0.00298	0.13079	0.00562	0.00496
18	0.05808	0.08761	0.17107	0.01111	0.01602	0.01196	0.01077	0.15224	0.04102	0.36314	0.01550	0.01464	0.01041	0.00605	0.00506	0.00162	0.00556	0.00468	0.00494	0.00851
19	0.07183	0.06964	0.01351	0.01022	0.01359	0.04971	0.00834	0.31694	0.15912	0.05568	0.01590	0.02824	0.02686	0.00675	0.00495	0.00159	0.00501	0.01755	0.11686	0.00771
20	0.00653	0.00472	0.00618	0.00734	0.00775	0.00437	0.00492	0.00749	0.01041	0.01376	0.03123	0.75755	0.08473	0.01660	0.00682	0.00216	0.00309	0.01500	0.00498	0.00437
21	0.01733	0.01031	0.01192	0.00974	0.01317	0.01045	0.00789	0.23327	0.12542	0.27355	0.04390	0.02499	0.15463	0.00832	0.00566	0.00172	0.00453	0.02951	0.00573	0.00796
22	0.01397	0.01348	0.02283	0.01949	0.14622	0.04852	0.34947	0.06694	0.04418	0.05729	0.01149	0.01378	0.00877	0.00486	0.00553	0.00155	0.00711	0.00523	0.00328	0.15601
23	0.00654	0.00467	0.00623	0.00747	0.00779	0.00436	0.00498	0.00747	0.01028	0.01370	0.02959	0.80785	0.03550	0.01682	0.00685	0.00218	0.00311	0.01526	0.00498	0.00436
24	0.01235	0.01274	0.02276	0.15585	0.25554	0.02508	0.24706	0.01560	0.01136	0.01580	0.00961	0.01348	0.00785	0.00572	0.00806	0.00184	0.16435	0.00523	0.00257	0.00712
25	0.01174	0.01174	0.01644	0.01409	0.01409	0.01644	0.01174	0.01292	0.00822	0.01292	0.00705	0.01174	0.00705	0.00940	0.01762	0.00235	0.80153	0.00470	0.00235	0.00587
26	0.01329	0.01275	0.02179	0.03295	0.77787	0.01275	0.01647	0.01647	0.01222	0.01754	0.01010	0.01329	0.00850	0.00478	0.00531	0.00159	0.00638	0.00478	0.00266	0.00850
27	0.01638	0.01959	0.01437	0.01302	0.01495	0.50859	0.01004	0.01781	0.01275	0.01298	0.00905	0.01197	0.00801	0.01201	0.13667	0.00277	0.16634	0.00408	0.00270	0.00592
