[name]
unknown

[dist]
# distance from previous block
# <min> <max>
0	874

[block]
# block no. 0 follows, 51 sequences, length 15
# corresponding to MSA columns:
# 1049-1063
name=unknown_A
#
# <colnr> <probs for GDERKNQSTAVLIFYWHMCP>
#	G	D	E	R	K	N	Q	S	T	A	V	L	I	F	Y	W	H	M	C	P
0	0.00792	0.00566	0.00792	0.00905	0.01018	0.00566	0.00792	0.01018	0.01131	0.01471	0.02602	0.05543	0.02828	0.01358	0.00679	0.00226	0.00453	0.76356	0.00453	0.00453
1	0.00702	0.00527	0.00790	0.00790	0.00878	0.00614	0.00614	0.00878	0.00790	0.01141	0.01316	0.01931	0.01229	0.03686	0.80782	0.00790	0.01316	0.00527	0.00263	0.00439
2	0.02205	0.00836	0.01140	0.00874	0.01254	0.00722	0.00722	0.02395	0.01407	0.80004	0.01939	0.01673	0.01216	0.00608	0.00494	0.00152	0.00418	0.00494	0.00608	0.00836
3	0.01160	0.01326	0.02900	0.02071	0.02568	0.01243	0.77879	0.01574	0.01160	0.01574	0.00994	0.01326	0.00746	0.00414	0.00580	0.00166	0.00829	0.00580	0.00249	0.00663
4	0.00599	0.00428	0.00570	0.00684	0.00713	0.00399	0.00456	0.00684	0.00941	0.01254	0.02709	0.82409	0.03250	0.01540	0.00627	0.00200	0.00285	0.01397	0.00456	0.00399
5	0.00916	0.00458	0.00458	0.00458	0.00573	0.00458	0.00344	0.01145	0.01031	0.01832	0.01603	0.01832	0.01260	0.00573	0.00344	0.00115	0.00229	0.00458	0.85457	0.00458
6	0.01181	0.01132	0.01931	0.12636	0.70320	0.01158	0.01491	0.01477	0.01102	0.01563	0.00918	0.01228	0.00763	0.00444	0.00487	0.00148	0.00593	0.00438	0.00240	0.00750
7	0.00928	0.00873	0.01474	0.81548	0.03385	0.01092	0.01365	0.01256	0.00983	0.01256	0.00873	0.01310	0.00655	0.00491	0.00491	0.00164	0.00655	0.00437	0.00218	0.00546
8	0.00590	0.00461	0.00536	0.00596	0.00690	0.00407	0.00417	0.00694	0.01026	0.01289	0.03784	0.45594	0.39371	0.01400	0.00605	0.00184	0.00268	0.01226	0.00456	0.00407
9	0.01589	0.01571	0.15487	0.01344	0.01814	0.01407	0.14677	0.51154	0.01885	0.02559	0.01095	0.01181	0.00783	0.00537	0.00503	0.00152	0.00624	0.00453	0.00399	0.00786
10	0.01106	0.01810	0.38014	0.02211	0.38903	0.01160	0.06703	0.01535	0.01084	0.01581	0.00909	0.01141	0.00705	0.00450	0.00484	0.00152	0.00666	0.00413	0.00227	0.00747
11	0.00986	0.02542	0.80183	0.01401	0.02127	0.01141	0.01816	0.01556	0.01038	0.01556	0.00882	0.01038	0.00623	0.00467	0.00467	0.00156	0.00726	0.00363	0.00208	0.00726
12	0.11929	0.00707	0.00889	0.00780	0.01027	0.00655	0.00605	0.01677	0.01173	0.42799	0.02056	0.29939	0.01847	0.00917	0.00518	0.00169	0.00367	0.00784	0.00518	0.00645
13	0.01111	0.01521	0.28896	0.01014	0.01547	0.00932	0.01059	0.10755	0.01184	0.01769	0.00914	0.01045	0.00704	0.00428	0.00416	0.00111	0.00513	0.00335	0.00286	0.45459
14	0.01503	0.01201	0.01241	0.01024	0.01343	0.03915	0.00818	0.39936	0.30345	0.02462	0.01753	0.01725	0.06780	0.02989	0.00556	0.00165	0.00473	0.00531	0.00479	0.00760

[dist]
# distance from previous block
# <min> <max>
4	9

[block]
# block no. 1 follows, 51 sequences, length 26
# corresponding to MSA columns:
# 1079-1104
name=unknown_B
#
# <colnr> <probs for GDERKNQSTAVLIFYWHMCP>
#	G	D	E	R	K	N	Q	S	T	A	V	L	I	F	Y	W	H	M	C	P
0	0.01584	0.01310	0.01313	0.06891	0.01522	0.11876	0.00887	0.49397	0.01863	0.02403	0.01357	0.14727	0.01199	0.00730	0.00508	0.00155	0.00552	0.00585	0.00434	0.00706
1	0.03049	0.11838	0.01114	0.00774	0.01021	0.03914	0.00637	0.23690	0.03012	0.02051	0.01295	0.01454	0.01017	0.00780	0.06207	0.00174	0.00469	0.00425	0.36477	0.00602
2	0.04070	0.00990	0.01064	0.00963	0.01219	0.01145	0.00752	0.04235	0.63790	0.01965	0.01843	0.01795	0.01414	0.01060	0.11204	0.00249	0.00516	0.00539	0.00462	0.00726
3	0.00715	0.00476	0.00536	0.00536	0.00536	0.00476	0.00298	0.00715	0.00715	0.00953	0.01548	0.03216	0.01787	0.82729	0.02501	0.00476	0.00476	0.00715	0.00298	0.00298
4	0.00678	0.00863	0.16951	0.00832	0.01004	0.00552	0.00736	0.00864	0.00961	0.01317	0.02333	0.65666	0.02710	0.01319	0.00594	0.00191	0.00376	0.01184	0.00405	0.00466
5	0.01059	0.01048	0.01831	0.40897	0.02704	0.01164	0.24425	0.01631	0.17043	0.01517	0.01142	0.01423	0.00856	0.00504	0.00520	0.00165	0.00653	0.00505	0.00285	0.00629
6	0.00593	0.00449	0.00548	0.00628	0.00698	0.00404	0.00431	0.00691	0.00995	0.01277	0.03396	0.58875	0.26340	0.01450	0.00613	0.00189	0.00274	0.01288	0.00456	0.00404
7	0.00599	0.00428	0.00570	0.00684	0.00713	0.00399	0.00456	0.00684	0.00941	0.01254	0.02709	0.82409	0.03250	0.01540	0.00627	0.00200	0.00285	0.01397	0.00456	0.00399
8	0.00586	0.00477	0.00520	0.00554	0.00679	0.00410	0.00398	0.00699	0.01066	0.01305	0.04291	0.28263	0.56375	0.01334	0.00595	0.00176	0.00260	0.01146	0.00456	0.00410
9	0.01830	0.01300	0.01285	0.17592	0.01773	0.25045	0.00923	0.02029	0.01315	0.39928	0.01362	0.01360	0.00924	0.00553	0.00478	0.00147	0.00609	0.00429	0.00420	0.00696
10	0.00696	0.00502	0.00657	0.00618	0.00734	0.00464	0.00464	0.00927	0.01391	0.01971	0.79405	0.03671	0.04637	0.01005	0.00580	0.00155	0.00232	0.00889	0.00541	0.00464
11	0.00916	0.00458	0.00458	0.00458	0.00573	0.00458	0.00344	0.01145	0.01031	0.01832	0.01603	0.01832	0.01260	0.00573	0.00344	0.00115	0.00229	0.00458	0.85457	0.00458
12	0.00945	0.00906	0.01577	0.75799	0.03326	0.01103	0.06899	0.01279	0.00995	0.01279	0.00882	0.01311	0.00662	0.00486	0.00498	0.00164	0.00668	0.00447	0.00221	0.00554
13	0.01375	0.73513	0.02436	0.00891	0.01292	0.11236	0.00854	0.01529	0.01045	0.01162	0.00692	0.00800	0.00631	0.00431	0.00330	0.00108	0.00568	0.00269	0.00215	0.00623
14	0.01216	0.01168	0.01995	0.03016	0.79664	0.01168	0.01508	0.01508	0.01119	0.01605	0.00924	0.01216	0.00778	0.00438	0.00487	0.00146	0.00584	0.00438	0.00243	0.00778
15	0.00715	0.00476	0.00536	0.00536	0.00536	0.00476	0.00298	0.00715	0.00715	0.00953	0.01548	0.03216	0.01787	0.82729	0.02501	0.00476	0.00476	0.00715	0.00298	0.00298
16	0.01328	0.02024	0.25090	0.01157	0.01532	0.40109	0.01100	0.01597	0.01249	0.01382	0.07048	0.01646	0.11437	0.00629	0.00479	0.00143	0.00705	0.00468	0.00287	0.00589
17	0.01787	0.09876	0.01503	0.01226	0.01495	0.73397	0.00939	0.01917	0.01356	0.01198	0.00752	0.00877	0.00633	0.00498	0.00431	0.00125	0.00853	0.00311	0.00249	0.00575
18	0.00928	0.00873	0.01474	0.81548	0.03385	0.01092	0.01365	0.01256	0.00983	0.01256	0.00873	0.01310	0.00655	0.00491	0.00491	0.00164	0.00655	0.00437	0.00218	0.00546
19	0.00906	0.00673	0.00853	0.00798	0.00943	0.00676	0.02910	0.16698	0.01366	0.01860	0.25577	0.39377	0.03097	0.01148	0.00583	0.00174	0.00338	0.01022	0.00483	0.00517
20	0.01135	0.01209	0.04872	0.02417	0.42154	0.01128	0.29270	0.01463	0.01116	0.01562	0.01101	0.08199	0.00973	0.00525	0.00532	0.00158	0.00652	0.00569	0.00262	0.00702
21	0.00865	0.07758	0.01279	0.40470	0.02142	0.00963	0.01002	0.01114	0.00902	0.01199	0.01045	0.01528	0.00896	0.01837	0.34449	0.00424	0.00924	0.00460	0.00237	0.00508
22	0.01514	0.41411	0.01928	0.00931	0.01313	0.01639	0.00838	0.33835	0.01556	0.02035	0.00972	0.01043	0.00771	0.00505	0.00392	0.00124	0.00507	0.00356	0.07625	0.00703
23	0.02808	0.06776	0.60919	0.01307	0.01930	0.07273	0.01573	0.01679	0.08317	0.01567	0.00962	0.01082	0.00704	0.00486	0.00457	0.00152	0.00689	0.00370	0.00240	0.00710
24	0.01607	0.01397	0.05902	0.01784	0.28918	0.15304	0.03007	0.12005	0.02851	0.19091	0.01245	0.01320	0.02255	0.00528	0.00484	0.00146	0.00600	0.00441	0.00366	0.00750
25	0.05602	0.21885	0.10163	0.00760	0.01055	0.05092	0.00712	0.01130	0.01085	0.01395	0.09180	0.02704	0.32426	0.02829	0.00542	0.00154	0.01764	0.00653	0.00346	0.00523

[dist]
# distance from previous block
# <min> <max>
5	20

[block]
# block no. 2 follows, 51 sequences, length 50
# corresponding to MSA columns:
# 1145-1194
name=unknown_C
#
# <colnr> <probs for GDERKNQSTAVLIFYWHMCP>
#	G	D	E	R	K	N	Q	S	T	A	V	L	I	F	Y	W	H	M	C	P
0	0.01201	0.04943	0.37941	0.01150	0.01673	0.01137	0.01248	0.06582	0.21241	0.07091	0.01253	0.01284	0.00915	0.00523	0.00462	0.00147	0.00560	0.00415	0.00337	0.09899
1	0.01362	0.06631	0.01174	0.01029	0.01215	0.45382	0.00766	0.03166	0.01227	0.01260	0.01461	0.30038	0.01573	0.00872	0.00502	0.00152	0.00641	0.00702	0.00328	0.00518
2	0.01149	0.21424	0.33188	0.01122	0.01615	0.01364	0.01209	0.01913	0.28826	0.01638	0.01234	0.01262	0.00938	0.00527	0.00442	0.00147	0.00557	0.00408	0.00313	0.00722
3	0.01569	0.30200	0.01562	0.00822	0.01177	0.01164	0.00722	0.01851	0.08523	0.33566	0.01916	0.01795	0.11861	0.00635	0.00443	0.00139	0.00430	0.00492	0.00435	0.00699
4	0.01294	0.78043	0.07380	0.00876	0.01315	0.01895	0.00901	0.01477	0.01001	0.01181	0.00696	0.00804	0.00630	0.00423	0.00325	0.00108	0.00538	0.00269	0.00210	0.00637
5	0.00847	0.01786	0.51715	0.01144	0.01621	0.00876	0.01330	0.01244	0.01003	0.01448	0.01535	0.30135	0.01562	0.00850	0.00524	0.00171	0.00569	0.00733	0.00296	0.00609
6	0.01010	0.08527	0.74412	0.01359	0.02063	0.01201	0.01743	0.01550	0.01035	0.01527	0.00867	0.01019	0.00623	0.00463	0.00456	0.00152	0.00711	0.00356	0.00208	0.00719
7	0.00986	0.02542	0.80183	0.01401	0.02127	0.01141	0.01816	0.01556	0.01038	0.01556	0.00882	0.01038	0.00623	0.00467	0.00467	0.00156	0.00726	0.00363	0.00208	0.00726
8	0.01031	0.00979	0.01660	0.53466	0.30661	0.01119	0.01416	0.01346	0.01031	0.01381	0.00892	0.01277	0.00699	0.00472	0.00490	0.00157	0.00630	0.00437	0.00227	0.00629
9	0.01031	0.00979	0.01660	0.53466	0.30661	0.01119	0.01416	0.01346	0.01031	0.01381	0.00892	0.01277	0.00699	0.00472	0.00490	0.00157	0.00630	0.00437	0.00227	0.00629
10	0.01295	0.01452	0.01366	0.01212	0.01315	0.29721	0.00966	0.01419	0.00987	0.01184	0.00779	0.01126	0.00722	0.01125	0.12149	0.00263	0.41745	0.00403	0.00235	0.00535
11	0.00640	0.00464	0.00603	0.00644	0.00719	0.00428	0.00454	0.00791	0.01147	0.01570	0.36139	0.43424	0.08570	0.01289	0.00604	0.00178	0.00260	0.01154	0.00493	0.00428
12	0.02150	0.00913	0.04675	0.00898	0.01294	0.00741	0.00771	0.02357	0.01390	0.76496	0.01891	0.01644	0.01190	0.00602	0.00493	0.00152	0.00432	0.00488	0.00590	0.00831
13	0.01216	0.01168	0.01995	0.03016	0.79664	0.01168	0.01508	0.01508	0.01119	0.01605	0.00924	0.01216	0.00778	0.00438	0.00487	0.00146	0.00584	0.00438	0.00243	0.00778
14	0.01160	0.01326	0.02900	0.02071	0.02568	0.01243	0.77879	0.01574	0.01160	0.01574	0.00994	0.01326	0.00746	0.00414	0.00580	0.00166	0.00829	0.00580	0.00249	0.00663
15	0.01071	0.01019	0.01732	0.42600	0.41216	0.01129	0.01436	0.01381	0.01050	0.01429	0.00899	0.01264	0.00716	0.00465	0.00489	0.00155	0.00620	0.00437	0.00231	0.00661
16	0.00687	0.00532	0.00646	0.00703	0.00842	0.00491	0.00584	0.00863	0.01126	0.01400	0.03781	0.05140	0.40836	0.01302	0.00630	0.00196	0.00352	0.39001	0.00454	0.00434
17	0.00599	0.00428	0.00570	0.00684	0.00713	0.00399	0.00456	0.00684	0.00941	0.01254	0.02709	0.82409	0.03250	0.01540	0.00627	0.00200	0.00285	0.01397	0.00456	0.00399
18	0.86201	0.00950	0.00722	0.00646	0.00950	0.01102	0.00532	0.01445	0.00836	0.02205	0.00684	0.00798	0.00532	0.00456	0.00304	0.00152	0.00380	0.00266	0.00304	0.00532
19	0.01836	0.02342	0.01393	0.01266	0.01519	0.80756	0.00950	0.01962	0.01393	0.01203	0.00760	0.00886	0.00633	0.00506	0.00443	0.00127	0.00886	0.00317	0.00253	0.00570
20	0.00696	0.00502	0.00657	0.00618	0.00734	0.00464	0.00464	0.00927	0.01391	0.01971	0.79405	0.03671	0.04637	0.01005	0.00580	0.00155	0.00232	0.00889	0.00541	0.00464
21	0.01216	0.01168	0.01995	0.03016	0.79664	0.01168	0.01508	0.01508	0.01119	0.01605	0.00924	0.01216	0.00778	0.00438	0.00487	0.00146	0.00584	0.00438	0.00243	0.00778
22	0.00715	0.00476	0.00536	0.00536	0.00536	0.00476	0.00298	0.00715	0.00715	0.00953	0.01548	0.03216	0.01787	0.82729	0.02501	0.00476	0.00476	0.00715	0.00298	0.00298
23	0.00581	0.00498	0.00498	0.00498	0.00664	0.00415	0.00373	0.00705	0.01120	0.01328	0.04978	0.04729	0.79464	0.01245	0.00581	0.00166	0.00249	0.01037	0.00456	0.00415
24	0.86201	0.00950	0.00722	0.00646	0.00950	0.01102	0.00532	0.01445	0.00836	0.02205	0.00684	0.00798	0.00532	0.00456	0.00304	0.00152	0.00380	0.00266	0.00304	0.00532
25	0.00986	0.02542	0.80183	0.01401	0.02127	0.01141	0.01816	0.01556	0.01038	0.01556	0.00882	0.01038	0.00623	0.00467	0.00467	0.00156	0.00726	0.00363	0.00208	0.00726
26	0.00599	0.00428	0.00570	0.00684	0.00713	0.00399	0.00456	0.00684	0.00941	0.01254	0.02709	0.82409	0.03250	0.01540	0.00627	0.00200	0.00285	0.01397	0.00456	0.00399
27	0.01165	0.01255	0.01090	0.01014	0.01142	0.29577	0.00777	0.01300	0.00996	0.01155	0.01037	0.01530	0.00973	0.08178	0.34470	0.00444	0.12701	0.00451	0.00255	0.00489
28	0.01216	0.01168	0.01995	0.03016	0.79664	0.01168	0.01508	0.01508	0.01119	0.01605	0.00924	0.01216	0.00778	0.00438	0.00487	0.00146	0.00584	0.00438	0.00243	0.00778
29	0.00599	0.00428	0.00570	0.00684	0.00713	0.00399	0.00456	0.00684	0.00941	0.01254	0.02709	0.82409	0.03250	0.01540	0.00627	0.00200	0.00285	0.01397	0.00456	0.00399
30	0.19603	0.56726	0.10450	0.00859	0.01286	0.01677	0.00878	0.01475	0.00968	0.01425	0.00705	0.00817	0.00609	0.00433	0.00329	0.00121	0.00516	0.00274	0.00230	0.00620
31	0.00770	0.00559	0.00761	0.00863	0.00981	0.00550	0.00749	0.00986	0.01130	0.01456	0.02848	0.05459	0.10770	0.01346	0.00669	0.00220	0.00431	0.68551	0.00453	0.00449
32	0.00599	0.00428	0.00570	0.00684	0.00713	0.00399	0.00456	0.00684	0.00941	0.01254	0.02709	0.82409	0.03250	0.01540	0.00627	0.00200	0.00285	0.01397	0.00456	0.00399
33	0.10052	0.01272	0.01239	0.03306	0.01385	0.12187	0.00817	0.37270	0.01740	0.11076	0.10075	0.01438	0.01245	0.00602	0.00471	0.00144	0.00520	0.00458	0.00442	0.04260
34	0.01326	0.01712	0.29740	0.01890	0.30373	0.08185	0.01425	0.01741	0.04876	0.12422	0.01086	0.01216	0.00805	0.00489	0.00477	0.00150	0.00629	0.00414	0.00294	0.00749
35	0.10379	0.01405	0.01156	0.00987	0.01297	0.28654	0.00773	0.01916	0.12059	0.16533	0.01221	0.01319	0.00935	0.00549	0.00459	0.00135	0.01929	0.02559	0.00372	0.15364
36	0.00855	0.00741	0.00976	0.00873	0.00961	0.00879	0.00695	0.01106	0.05933	0.01645	0.40759	0.02710	0.08737	0.00950	0.00944	0.00178	0.29421	0.00715	0.00415	0.00506
37	0.00603	0.00431	0.00574	0.00682	0.00714	0.00402	0.00456	0.00694	0.00960	0.01284	0.05909	0.79123	0.03308	0.01517	0.00625	0.00198	0.00283	0.01376	0.00460	0.00402
38	0.01064	0.01058	0.01483	0.01275	0.01277	0.01477	0.01061	0.01173	0.00754	0.01181	0.00666	0.01102	0.00663	0.00948	0.04079	0.00233	0.79321	0.00433	0.00217	0.00534
39	0.01239	0.01309	0.06917	0.02188	0.30053	0.03671	0.34068	0.02857	0.01177	0.06253	0.01192	0.01425	0.04296	0.00480	0.00529	0.00156	0.00681	0.00521	0.00279	0.00707
40	0.00854	0.00511	0.00624	0.00680	0.00794	0.00511	0.00566	0.01082	0.01081	0.01653	0.02098	0.03673	0.02038	0.00962	0.00510	0.00170	0.00340	0.38100	0.43299	0.00455
41	0.00590	0.00463	0.00534	0.00590	0.00688	0.00407	0.00414	0.00695	0.01031	0.01291	0.03853	0.43255	0.41666	0.01391	0.00604	0.00183	0.00267	0.01216	0.00456	0.00407
42	0.00911	0.00937	0.11968	0.26391	0.01880	0.00801	0.01058	0.01208	0.01077	0.04699	0.01916	0.03171	0.07388	0.00881	0.00558	0.00183	0.00526	0.29211	0.04701	0.00533
43	0.01325	0.01957	0.41344	0.01397	0.01972	0.01292	0.12025	0.28903	0.01510	0.02110	0.01004	0.01128	0.00716	0.00504	0.00491	0.00154	0.00674	0.00421	0.00315	0.00757
44	0.00599	0.00428	0.00570	0.00684	0.00713	0.00399	0.00456	0.00684	0.00941	0.01254	0.02709	0.82409	0.03250	0.01540	0.00627	0.00200	0.00285	0.01397	0.00456	0.00399
45	0.00635	0.00447	0.00556	0.00627	0.00653	0.00425	0.00401	0.00695	0.00876	0.01161	0.02443	0.53081	0.06457	0.27748	0.01230	0.00287	0.00345	0.01159	0.00405	0.00367
46	0.01238	0.48823	0.05313	0.00903	0.01277	0.01603	0.00842	0.01818	0.26590	0.01488	0.02622	0.01306	0.03249	0.00537	0.00395	0.00130	0.00476	0.00397	0.00318	0.00674
47	0.01441	0.01501	0.01787	0.02378	0.51721	0.22496	0.01307	0.08517	0.01299	0.01632	0.00903	0.01125	0.00745	0.00470	0.00475	0.00141	0.00661	0.00406	0.00268	0.00728
48	0.01233	0.01200	0.01978	0.02968	0.77524	0.03347	0.01493	0.01521	0.01126	0.01594	0.00920	0.01207	0.00774	0.00440	0.00485	0.00145	0.00592	0.00435	0.00244	0.00773
49	0.01508	0.01284	0.01759	0.02172	0.44555	0.03212	0.01251	0.34079	0.01633	0.02231	0.01029	0.01193	0.00799	0.00504	0.00488	0.00146	0.00573	0.00437	0.00349	0.00798

[dist]
# distance from previous block
# <min> <max>
1	3

[block]
# block no. 3 follows, 51 sequences, length 46
# corresponding to MSA columns:
# 1198-1243
name=unknown_D
#
# <colnr> <probs for GDERKNQSTAVLIFYWHMCP>
#	G	D	E	R	K	N	Q	S	T	A	V	L	I	F	Y	W	H	M	C	P
0	0.01957	0.01002	0.01225	0.00932	0.01323	0.00952	0.00768	0.24745	0.01627	0.47346	0.01580	0.01445	0.01042	0.00572	0.00477	0.00141	0.00448	0.00453	0.00534	0.11430
1	0.26005	0.01236	0.01158	0.00966	0.01295	0.06720	0.00779	0.31240	0.21628	0.02441	0.01221	0.01219	0.00907	0.00566	0.00436	0.00152	0.00479	0.00412	0.00424	0.00715
2	0.01373	0.00926	0.01277	0.01279	0.12937	0.00938	0.05785	0.03480	0.25564	0.22117	0.01847	0.15750	0.01550	0.00747	0.00521	0.00163	0.00438	0.00664	0.00462	0.02180
3	0.01050	0.02092	0.51600	0.01649	0.02290	0.01179	0.29947	0.01563	0.01083	0.01563	0.00923	0.01144	0.00668	0.00447	0.00509	0.00159	0.00764	0.00443	0.00223	0.00703
4	0.01114	0.16216	0.42663	0.01797	0.25705	0.01290	0.01551	0.01527	0.01056	0.01501	0.00860	0.01049	0.00672	0.00450	0.00446	0.00144	0.00648	0.00368	0.00219	0.00725
5	0.01109	0.01145	0.01065	0.15108	0.01545	0.25177	0.00895	0.01304	0.01160	0.01322	0.01750	0.13749	0.01833	0.00970	0.00567	0.00181	0.00598	0.29675	0.00351	0.00498
6	0.00916	0.00458	0.00458	0.00458	0.00573	0.00458	0.00344	0.01145	0.01031	0.01832	0.01603	0.01832	0.01260	0.00573	0.00344	0.00115	0.00229	0.00458	0.85457	0.00458
7	0.00986	0.02542	0.80183	0.01401	0.02127	0.01141	0.01816	0.01556	0.01038	0.01556	0.00882	0.01038	0.00623	0.00467	0.00467	0.00156	0.00726	0.00363	0.00208	0.00726
8	0.01314	0.83025	0.02575	0.00841	0.01261	0.01945	0.00841	0.01472	0.00999	0.01156	0.00683	0.00788	0.00631	0.00420	0.00315	0.00105	0.00526	0.00263	0.00210	0.00631
9	0.00792	0.00566	0.00792	0.00905	0.01018	0.00566	0.00792	0.01018	0.01131	0.01471	0.02602	0.05543	0.02828	0.01358	0.00679	0.00226	0.00453	0.76356	0.00453	0.00453
10	0.00986	0.02542	0.80183	0.01401	0.02127	0.01141	0.01816	0.01556	0.01038	0.01556	0.00882	0.01038	0.00623	0.00467	0.00467	0.00156	0.00726	0.00363	0.00208	0.00726
11	0.00916	0.00458	0.00458	0.00458	0.00573	0.00458	0.00344	0.01145	0.01031	0.01832	0.01603	0.01832	0.01260	0.00573	0.00344	0.00115	0.00229	0.00458	0.85457	0.00458
12	0.00599	0.00428	0.00570	0.00684	0.00713	0.00399	0.00456	0.00684	0.00941	0.01254	0.02709	0.82409	0.03250	0.01540	0.00627	0.00200	0.00285	0.01397	0.00456	0.00399
13	0.02081	0.00868	0.01130	0.00873	0.01237	0.00790	0.00719	0.10404	0.01478	0.66450	0.01835	0.01631	0.01179	0.00604	0.00484	0.00149	0.00418	0.00486	0.06374	0.00811
14	0.01160	0.01326	0.02900	0.02071	0.02568	0.01243	0.77879	0.01574	0.01160	0.01574	0.00994	0.01326	0.00746	0.00414	0.00580	0.00166	0.00829	0.00580	0.00249	0.00663
15	0.00596	0.00440	0.00558	0.00652	0.00704	0.00402	0.00442	0.00688	0.00972	0.01267	0.03106	0.68805	0.16597	0.01488	0.00619	0.00194	0.00279	0.01334	0.00456	0.00402
16	0.00614	0.00458	0.00542	0.00601	0.00667	0.00417	0.00403	0.00696	0.00956	0.01224	0.03200	0.44767	0.26319	0.15667	0.00941	0.00238	0.00308	0.01167	0.00428	0.00386
17	0.01114	0.01064	0.01811	0.30772	0.52704	0.01141	0.01458	0.01419	0.01071	0.01482	0.00906	0.01249	0.00735	0.00457	0.00488	0.00152	0.00609	0.00437	0.00234	0.00696
18	0.01222	0.01056	0.01111	0.01000	0.01278	0.01222	0.00778	0.02611	0.78776	0.02056	0.02000	0.01833	0.01500	0.00667	0.00500	0.00167	0.00389	0.00556	0.00500	0.00778
19	0.00916	0.00458	0.00458	0.00458	0.00573	0.00458	0.00344	0.01145	0.01031	0.01832	0.01603	0.01832	0.01260	0.00573	0.00344	0.00115	0.00229	0.00458	0.85457	0.00458
20	0.86201	0.00950	0.00722	0.00646	0.00950	0.01102	0.00532	0.01445	0.00836	0.02205	0.00684	0.00798	0.00532	0.00456	0.00304	0.00152	0.00380	0.00266	0.00304	0.00532
21	0.01216	0.01168	0.01995	0.03016	0.79664	0.01168	0.01508	0.01508	0.01119	0.01605	0.00924	0.01216	0.00778	0.00438	0.00487	0.00146	0.00584	0.00438	0.00243	0.00778
22	0.01643	0.02018	0.01439	0.01266	0.01515	0.61670	0.06155	0.01863	0.05528	0.01323	0.05905	0.01157	0.00946	0.00560	0.00526	0.00138	0.05098	0.00390	0.00283	0.00579
23	0.00599	0.00428	0.00570	0.00684	0.00713	0.00399	0.00456	0.00684	0.00941	0.01254	0.02709	0.82409	0.03250	0.01540	0.00627	0.00200	0.00285	0.01397	0.00456	0.00399
24	0.01314	0.83025	0.02575	0.00841	0.01261	0.01945	0.00841	0.01472	0.00999	0.01156	0.00683	0.00788	0.00631	0.00420	0.00315	0.00105	0.00526	0.00263	0.00210	0.00631
25	0.01557	0.01222	0.01300	0.01068	0.01406	0.01379	0.00859	0.41739	0.39103	0.02596	0.01575	0.01494	0.01155	0.00627	0.00496	0.00157	0.00468	0.00497	0.00496	0.00808
26	0.00986	0.02542	0.80183	0.01401	0.02127	0.01141	0.01816	0.01556	0.01038	0.01556	0.00882	0.01038	0.00623	0.00467	0.00467	0.00156	0.00726	0.00363	0.00208	0.00726
27	0.00998	0.01023	0.02028	0.01812	0.15502	0.00971	0.40810	0.01290	0.01086	0.01482	0.01507	0.26121	0.01518	0.00763	0.00578	0.00173	0.00619	0.00805	0.00311	0.00602
28	0.69261	0.01014	0.00852	0.00730	0.01045	0.01160	0.00601	0.14842	0.01109	0.02355	0.02770	0.00938	0.00690	0.00494	0.00344	0.00151	0.00405	0.00313	0.00343	0.00584
29	0.01199	0.01269	0.07735	0.02898	0.73971	0.01166	0.01531	0.01512	0.01113	0.01602	0.00921	0.01203	0.00767	0.00440	0.00485	0.00147	0.00594	0.00432	0.00241	0.00775
30	0.01112	0.02008	0.42675	0.01533	0.02089	0.09647	0.24898	0.01548	0.01091	0.01483	0.00949	0.01258	0.00741	0.06057	0.00637	0.00177	0.00758	0.00448	0.00231	0.00661
31	0.00599	0.00428	0.00570	0.00684	0.00713	0.00399	0.00456	0.00684	0.00941	0.01254	0.02709	0.82409	0.03250	0.01540	0.00627	0.00200	0.00285	0.01397	0.00456	0.00399
32	0.00755	0.00554	0.00740	0.00834	0.00956	0.00539	0.00719	0.00963	0.01129	0.01446	0.03018	0.05401	0.16249	0.01338	0.00662	0.00216	0.00417	0.63166	0.00453	0.00446
33	0.01553	0.39321	0.03718	0.01143	0.04478	0.39697	0.00941	0.01710	0.01193	0.01205	0.00734	0.00858	0.00637	0.00463	0.00387	0.00118	0.00705	0.00298	0.00232	0.00609
34	0.01160	0.01326	0.02900	0.02071	0.02568	0.01243	0.77879	0.01574	0.01160	0.01574	0.00994	0.01326	0.00746	0.00414	0.00580	0.00166	0.00829	0.00580	0.00249	0.00663
35	0.00702	0.00525	0.00780	0.00777	0.00867	0.00603	0.00603	0.00881	0.00834	0.01202	0.07050	0.02058	0.01479	0.03489	0.74893	0.00743	0.01237	0.00553	0.00284	0.00441
36	0.00712	0.00480	0.00543	0.00547	0.00557	0.00477	0.00318	0.00725	0.00745	0.00985	0.01719	0.03355	0.04868	0.76750	0.02364	0.00456	0.00467	0.03316	0.00309	0.00308
37	0.01277	0.25407	0.40550	0.01228	0.03711	0.11494	0.01344	0.01640	0.01099	0.06740	0.00882	0.00995	0.00671	0.00468	0.00423	0.00137	0.00665	0.00339	0.00242	0.00688
38	0.01104	0.01046	0.01320	0.25945	0.14671	0.06504	0.01045	0.01768	0.28709	0.01601	0.01714	0.01818	0.09408	0.00627	0.00500	0.00160	0.00521	0.00535	0.00350	0.00654
39	0.00680	0.00489	0.00661	0.00770	0.00840	0.00470	0.00595	0.00827	0.01029	0.01349	0.02755	0.46699	0.06146	0.01451	0.00647	0.00210	0.00355	0.33150	0.00455	0.00422
40	0.00986	0.02542	0.80183	0.01401	0.02127	0.01141	0.01816	0.01556	0.01038	0.01556	0.00882	0.01038	0.00623	0.00467	0.00467	0.00156	0.00726	0.00363	0.00208	0.00726
41	0.01029	0.01014	0.01750	0.44896	0.14463	0.01196	0.11638	0.01324	0.00987	0.01339	0.00857	0.01257	0.00684	0.00537	0.00699	0.00170	0.14883	0.00455	0.00226	0.00595
42	0.00909	0.00819	0.01356	0.43080	0.15976	0.00959	0.01160	0.01184	0.00947	0.01282	0.01018	0.01484	0.00852	0.01460	0.25063	0.00352	0.00845	0.00464	0.00236	0.00554
43	0.01868	0.01376	0.01475	0.01131	0.01524	0.01524	0.00934	0.78025	0.02311	0.03097	0.01180	0.01180	0.00836	0.00590	0.00492	0.00147	0.00541	0.00442	0.00492	0.00836
44	0.01249	0.01330	0.01912	0.02234	0.40199	0.15060	0.16322	0.01509	0.01144	0.01479	0.01069	0.08933	0.00978	0.00567	0.00555	0.00154	0.03832	0.00536	0.00265	0.00673
45	0.01844	0.01362	0.01462	0.01119	0.01514	0.01500	0.00924	0.75882	0.02274	0.03055	0.01171	0.01175	0.00833	0.00584	0.00488	0.00145	0.00536	0.00438	0.00486	0.03205

[dist]
# distance from previous block
# <min> <max>
0	1

[block]
# block no. 4 follows, 51 sequences, length 28
# corresponding to MSA columns:
# 1245-1272
name=unknown_E
#
# <colnr> <probs for GDERKNQSTAVLIFYWHMCP>
#	G	D	E	R	K	N	Q	S	T	A	V	L	I	F	Y	W	H	M	C	P
0	0.01535	0.01202	0.01304	0.01062	0.01379	0.01357	0.00855	0.42811	0.28551	0.02511	0.01440	0.01474	0.01088	0.03771	0.00632	0.00169	0.05064	0.00488	0.00467	0.02840
1	0.01064	0.18568	0.29137	0.04775	0.19232	0.01206	0.01333	0.01413	0.01062	0.01453	0.01212	0.01820	0.02853	0.00608	0.00476	0.00154	0.00596	0.12116	0.00260	0.00661
2	0.00706	0.00513	0.00720	0.00720	0.00784	0.00576	0.00527	0.00833	0.00769	0.01089	0.01380	0.02284	0.01382	0.25421	0.59256	0.00704	0.01085	0.00578	0.00273	0.00400
3	0.01019	0.00873	0.01019	0.00728	0.01165	0.00655	0.00582	0.01237	0.01019	0.01601	0.00873	0.01019	0.00728	0.00364	0.00364	0.00073	0.00364	0.00291	0.00291	0.85734
4	0.01072	0.00872	0.01024	0.00734	0.01169	0.00658	0.00589	0.01289	0.01036	0.05107	0.00921	0.01048	0.00750	0.00375	0.00370	0.00076	0.00366	0.00300	0.00305	0.81937
5	0.00928	0.00873	0.01474	0.81548	0.03385	0.01092	0.01365	0.01256	0.00983	0.01256	0.00873	0.01310	0.00655	0.00491	0.00491	0.00164	0.00655	0.00437	0.00218	0.00546
6	0.00581	0.00498	0.00498	0.00498	0.00664	0.00415	0.00373	0.00705	0.01120	0.01328	0.04978	0.04729	0.79464	0.01245	0.00581	0.00166	0.00249	0.01037	0.00456	0.00415
7	0.00928	0.00873	0.01474	0.81548	0.03385	0.01092	0.01365	0.01256	0.00983	0.01256	0.00873	0.01310	0.00655	0.00491	0.00491	0.00164	0.00655	0.00437	0.00218	0.00546
8	0.00715	0.00476	0.00536	0.00536	0.00536	0.00476	0.00298	0.00715	0.00715	0.00953	0.01548	0.03216	0.01787	0.82729	0.02501	0.00476	0.00476	0.00715	0.00298	0.00298
9	0.00733	0.00529	0.00721	0.00828	0.00924	0.00517	0.00687	0.00920	0.01086	0.01411	0.02777	0.23494	0.07760	0.01393	0.00661	0.00216	0.00400	0.54051	0.00454	0.00438
10	0.00599	0.00428	0.00570	0.00684	0.00713	0.00399	0.00456	0.00684	0.00941	0.01254	0.02709	0.82409	0.03250	0.01540	0.00627	0.00200	0.00285	0.01397	0.00456	0.00399
11	0.01089	0.01037	0.01764	0.37816	0.45863	0.01134	0.01445	0.01396	0.01059	0.01450	0.00902	0.01258	0.00724	0.00462	0.00489	0.00154	0.00615	0.00437	0.00232	0.00675
12	0.01314	0.83025	0.02575	0.00841	0.01261	0.01945	0.00841	0.01472	0.00999	0.01156	0.00683	0.00788	0.00631	0.00420	0.00315	0.00105	0.00526	0.00263	0.00210	0.00631
13	0.00659	0.00479	0.00621	0.00632	0.00723	0.00441	0.00456	0.00838	0.01234	0.01709	0.51063	0.28518	0.08419	0.01187	0.00595	0.00169	0.00250	0.01057	0.00510	0.00441
14	0.00581	0.00498	0.00498	0.00498	0.00664	0.00415	0.00373	0.00705	0.01120	0.01328	0.04978	0.04729	0.79464	0.01245	0.00581	0.00166	0.00249	0.01037	0.00456	0.00415
15	0.00986	0.02542	0.80183	0.01401	0.02127	0.01141	0.01816	0.01556	0.01038	0.01556	0.00882	0.01038	0.00623	0.00467	0.00467	0.00156	0.00726	0.00363	0.00208	0.00726
16	0.00599	0.00428	0.00570	0.00684	0.00713	0.00399	0.00456	0.00684	0.00941	0.01254	0.02709	0.82409	0.03250	0.01540	0.00627	0.00200	0.00285	0.01397	0.00456	0.00399
17	0.00928	0.00873	0.01474	0.81548	0.03385	0.01092	0.01365	0.01256	0.00983	0.01256	0.00873	0.01310	0.00655	0.00491	0.00491	0.00164	0.00655	0.00437	0.00218	0.00546
18	0.01172	0.01472	0.16677	0.02195	0.33317	0.04400	0.24114	0.01532	0.01124	0.03302	0.01046	0.05449	0.00873	0.00500	0.00516	0.00156	0.00676	0.00512	0.00258	0.00707
19	0.01769	0.12695	0.01544	0.01211	0.01486	0.70644	0.00936	0.01899	0.01342	0.01197	0.00750	0.00874	0.00633	0.00495	0.00427	0.00124	0.00840	0.00310	0.00248	0.00578
20	0.12450	0.01809	0.01362	0.01205	0.01411	0.48025	0.02719	0.01716	0.02896	0.01354	0.00756	0.00951	0.00645	0.00586	0.00708	0.00153	0.20084	0.00349	0.00256	0.00564
21	0.00854	0.00427	0.00640	0.00640	0.00640	0.00427	0.00427	0.00640	0.00640	0.00854	0.00854	0.01494	0.00854	0.01707	0.01921	0.85702	0.00427	0.00427	0.00213	0.00213
22	0.00880	0.00749	0.00910	0.00999	0.10998	0.00761	0.00660	0.01424	0.24009	0.01738	0.22233	0.03162	0.27706	0.00911	0.00545	0.00161	0.00329	0.00782	0.00463	0.00580
23	0.01019	0.00873	0.01019	0.00728	0.01165	0.00655	0.00582	0.01237	0.01019	0.01601	0.00873	0.01019	0.00728	0.00364	0.00364	0.00073	0.00364	0.00291	0.00291	0.85734
24	0.00928	0.00873	0.01474	0.81548	0.03385	0.01092	0.01365	0.01256	0.00983	0.01256	0.00873	0.01310	0.00655	0.00491	0.00491	0.00164	0.00655	0.00437	0.00218	0.00546
25	0.01216	0.01168	0.01995	0.03016	0.79664	0.01168	0.01508	0.01508	0.01119	0.01605	0.00924	0.01216	0.00778	0.00438	0.00487	0.00146	0.00584	0.00438	0.00243	0.00778
26	0.00672	0.00489	0.00633	0.00623	0.00727	0.00450	0.00457	0.00873	0.01298	0.01810	0.61935	0.17357	0.08616	0.01111	0.00588	0.00163	0.00242	0.00985	0.00522	0.00450
27	0.34747	0.00871	0.00965	0.00779	0.01122	0.00863	0.00642	0.01986	0.01185	0.47700	0.03561	0.01388	0.01044	0.00560	0.00423	0.00152	0.00398	0.00416	0.00488	0.00708

[dist]
# distance from previous block
# <min> <max>
0	1

[block]
# block no. 5 follows, 51 sequences, length 15
# corresponding to MSA columns:
# 1274-1288
name=unknown_F
#
# <colnr> <probs for GDERKNQSTAVLIFYWHMCP>
#	G	D	E	R	K	N	Q	S	T	A	V	L	I	F	Y	W	H	M	C	P
0	0.01056	0.00902	0.01085	0.19447	0.01635	0.03033	0.00843	0.08511	0.30606	0.01722	0.01831	0.23834	0.01706	0.00856	0.00531	0.00172	0.00448	0.00744	0.00416	0.00620
1	0.01088	0.00778	0.00900	0.00797	0.01014	0.00810	0.00619	0.07134	0.26861	0.09403	0.36316	0.02768	0.07779	0.00842	0.00539	0.00159	0.00324	0.00720	0.00525	0.00626
2	0.01007	0.07718	0.75192	0.01365	0.02071	0.01193	0.01753	0.01551	0.01035	0.01531	0.00869	0.01022	0.00623	0.00464	0.00457	0.00152	0.00713	0.00357	0.00208	0.00720
3	0.86201	0.00950	0.00722	0.00646	0.00950	0.01102	0.00532	0.01445	0.00836	0.02205	0.00684	0.00798	0.00532	0.00456	0.00304	0.00152	0.00380	0.00266	0.00304	0.00532
4	0.01019	0.00873	0.01019	0.00728	0.01165	0.00655	0.00582	0.01237	0.01019	0.01601	0.00873	0.01019	0.00728	0.00364	0.00364	0.00073	0.00364	0.00291	0.00291	0.85734
5	0.01225	0.00644	0.00842	0.00724	0.00937	0.00591	0.00567	0.01507	0.05661	0.27863	0.49439	0.02907	0.03329	0.00855	0.00547	0.00154	0.00302	0.00739	0.00561	0.00605
6	0.01019	0.00873	0.01019	0.00728	0.01165	0.00655	0.00582	0.01237	0.01019	0.01601	0.00873	0.01019	0.00728	0.00364	0.00364	0.00073	0.00364	0.00291	0.00291	0.85734
7	0.00581	0.00498	0.00498	0.00498	0.00664	0.00415	0.00373	0.00705	0.01120	0.01328	0.04978	0.04729	0.79464	0.01245	0.00581	0.00166	0.00249	0.01037	0.00456	0.00415
8	0.01188	0.01247	0.02452	0.02539	0.40697	0.01206	0.40108	0.01542	0.01140	0.01590	0.00960	0.01272	0.00762	0.00426	0.00534	0.00156	0.00707	0.00510	0.00246	0.00720
9	0.01111	0.11483	0.32759	0.01666	0.02243	0.01287	0.39319	0.01555	0.01093	0.01518	0.00914	0.01150	0.00684	0.00435	0.00505	0.00155	0.00753	0.00458	0.00228	0.00684
10	0.00590	0.00462	0.00534	0.00592	0.00689	0.00407	0.00415	0.00695	0.01030	0.01291	0.03831	0.43991	0.40944	0.01394	0.00604	0.00183	0.00267	0.01219	0.00456	0.00407
11	0.01323	0.01343	0.01413	0.40923	0.02416	0.21908	0.01134	0.11857	0.09925	0.01577	0.01010	0.01241	0.00768	0.00528	0.00480	0.00152	0.00670	0.00419	0.00295	0.00617
12	0.01505	0.01308	0.01358	0.01133	0.01383	0.10223	0.00913	0.34903	0.15432	0.02177	0.01246	0.05718	0.01023	0.00706	0.00742	0.00166	0.18458	0.00499	0.00404	0.00706
13	0.01277	0.74067	0.11213	0.00903	0.01358	0.01855	0.00949	0.01481	0.01003	0.01201	0.00705	0.00816	0.00630	0.00426	0.00332	0.00111	0.00548	0.00274	0.00210	0.00641
14	0.01275	0.73482	0.11777	0.00907	0.01364	0.01849	0.00956	0.01482	0.01003	0.01204	0.00707	0.00818	0.00630	0.00426	0.00333	0.00111	0.00549	0.00275	0.00210	0.00642

[dist]
# distance from previous block
# <min> <max>
10	12

[block]
# block no. 6 follows, 51 sequences, length 7
# corresponding to MSA columns:
# 1302-1308
name=unknown_G
#
# <colnr> <probs for GDERKNQSTAVLIFYWHMCP>
#	G	D	E	R	K	N	Q	S	T	A	V	L	I	F	Y	W	H	M	C	P
0	0.00928	0.00873	0.01474	0.81548	0.03385	0.01092	0.01365	0.01256	0.00983	0.01256	0.00873	0.01310	0.00655	0.00491	0.00491	0.00164	0.00655	0.00437	0.00218	0.00546
1	0.08867	0.16886	0.01693	0.01180	0.01507	0.30834	0.11061	0.01918	0.18454	0.01520	0.01046	0.01129	0.00832	0.00509	0.00438	0.00139	0.00656	0.00390	0.00304	0.00636
2	0.00929	0.00825	0.01283	0.54962	0.02632	0.00989	0.01174	0.01348	0.09367	0.01389	0.01379	0.02308	0.01229	0.00703	0.00534	0.00178	0.00581	0.17338	0.00301	0.00550
3	0.01230	0.62358	0.22504	0.00985	0.01484	0.01738	0.01091	0.01493	0.01009	0.01259	0.00734	0.00852	0.00629	0.00432	0.00354	0.00118	0.00577	0.00289	0.00210	0.00655
4	0.00873	0.00755	0.00861	0.00895	0.01013	0.09937	0.00730	0.01064	0.01007	0.01290	0.01804	0.03361	0.01846	0.02315	0.37011	0.00470	0.00895	0.33072	0.00343	0.00460
5	0.00977	0.00970	0.01778	0.64602	0.03211	0.01124	0.17679	0.01324	0.01020	0.01324	0.00899	0.01313	0.00674	0.00475	0.00510	0.00164	0.00692	0.00467	0.00225	0.00571
6	0.01836	0.02342	0.01393	0.01266	0.01519	0.80756	0.00950	0.01962	0.01393	0.01203	0.00760	0.00886	0.00633	0.00506	0.00443	0.00127	0.00886	0.00317	0.00253	0.00570

[dist]
# distance from previous block
# <min> <max>
0	5

[block]
# block no. 7 follows, 51 sequences, length 10
# corresponding to MSA columns:
# 1314-1323
name=unknown_H
#
# <colnr> <probs for GDERKNQSTAVLIFYWHMCP>
#	G	D	E	R	K	N	Q	S	T	A	V	L	I	F	Y	W	H	M	C	P
0	0.01348	0.41578	0.23880	0.01088	0.01563	0.15252	0.01137	0.06446	0.01161	0.01399	0.00783	0.00899	0.00642	0.00459	0.00391	0.00126	0.00644	0.00311	0.00235	0.00660
1	0.16619	0.10385	0.11859	0.01322	0.01759	0.09644	0.22359	0.17065	0.01326	0.01909	0.00904	0.01061	0.00686	0.00474	0.00455	0.00148	0.00650	0.00406	0.00299	0.00669
2	0.01104	0.38358	0.01976	0.44723	0.02416	0.01481	0.01126	0.01354	0.00990	0.01210	0.00787	0.01072	0.00644	0.00459	0.00411	0.00137	0.00596	0.00357	0.00215	0.00585
3	0.01636	0.34691	0.01901	0.01045	0.01416	0.20251	0.00900	0.29188	0.01564	0.01867	0.00880	0.00952	0.00705	0.00502	0.00409	0.00125	0.00616	0.00340	0.00322	0.00690
4	0.00854	0.00427	0.00640	0.00640	0.00640	0.00427	0.00427	0.00640	0.00640	0.00854	0.00854	0.01494	0.00854	0.01707	0.01921	0.85702	0.00427	0.00427	0.00213	0.00213
5	0.00706	0.00538	0.00673	0.00740	0.00875	0.00505	0.00622	0.00891	0.01127	0.01413	0.03565	0.05213	0.33885	0.01312	0.00639	0.00202	0.00370	0.45833	0.00454	0.00437
6	0.19057	0.12942	0.01410	0.01032	0.01347	0.32177	0.00831	0.15753	0.08013	0.01822	0.00917	0.00989	0.00723	0.00513	0.00411	0.00136	0.00627	0.00342	0.00322	0.00637
7	0.01085	0.01033	0.01757	0.38849	0.44859	0.01133	0.01443	0.01393	0.01057	0.01446	0.00901	0.01259	0.00722	0.00462	0.00489	0.00154	0.00616	0.00437	0.00232	0.00672
8	0.00671	0.00458	0.00549	0.00592	0.00603	0.00447	0.00357	0.00703	0.00800	0.01067	0.01986	0.33068	0.02338	0.52124	0.01795	0.00372	0.00404	0.00972	0.00357	0.00336
9	0.07393	0.01117	0.01314	0.01079	0.01310	0.01321	0.00885	0.22126	0.13066	0.01962	0.01029	0.01191	0.00830	0.00660	0.00875	0.00165	0.30455	0.00422	0.00350	0.12451

[dist]
# distance from previous block
# <min> <max>
2	8

[block]
# block no. 8 follows, 51 sequences, length 18
# corresponding to MSA columns:
# 1332-1339,1347-1351,1354-1358
name=unknown_I
#
# <colnr> <probs for GDERKNQSTAVLIFYWHMCP>
#	G	D	E	R	K	N	Q	S	T	A	V	L	I	F	Y	W	H	M	C	P
0	0.00696	0.00501	0.00681	0.00749	0.00817	0.00510	0.00569	0.00834	0.00936	0.01253	0.02253	0.27713	0.04455	0.13228	0.19479	0.00382	0.00600	0.23547	0.00388	0.00411
1	0.01836	0.02342	0.01393	0.01266	0.01519	0.80756	0.00950	0.01962	0.01393	0.01203	0.00760	0.00886	0.00633	0.00506	0.00443	0.00127	0.00886	0.00317	0.00253	0.00570
2	0.01429	0.65238	0.02314	0.00935	0.01318	0.19319	0.00865	0.01580	0.01085	0.01166	0.00700	0.00810	0.00631	0.00439	0.00343	0.00110	0.00605	0.00275	0.00220	0.00617
3	0.28057	0.00740	0.00815	0.00796	0.00987	0.00817	0.00660	0.07286	0.01074	0.01795	0.06707	0.02761	0.01705	0.01499	0.18197	0.00316	0.00612	0.24296	0.00373	0.00506
4	0.12625	0.00696	0.00631	0.00610	0.00679	0.07156	0.00387	0.00918	0.00804	0.01162	0.01509	0.02754	0.04792	0.61162	0.01947	0.00390	0.00487	0.00633	0.00302	0.00357
5	0.21935	0.01660	0.01263	0.01069	0.01386	0.33009	0.00845	0.29469	0.01594	0.02129	0.00894	0.00972	0.00683	0.00525	0.00428	0.00140	0.00640	0.00350	0.00352	0.00657
6	0.27337	0.00784	0.00795	0.00757	0.00961	0.00843	0.00572	0.06754	0.13277	0.01828	0.01746	0.33536	0.01802	0.00925	0.00481	0.00168	0.00354	0.00777	0.00408	0.05895
7	0.00614	0.00439	0.00588	0.00702	0.00737	0.00412	0.00483	0.00711	0.00956	0.01272	0.02700	0.76328	0.03217	0.01525	0.00631	0.00202	0.00298	0.07327	0.00456	0.00403
8	0.04678	0.01358	0.01557	0.01185	0.01583	0.01488	0.06726	0.69657	0.02174	0.02952	0.01149	0.01178	0.00819	0.00572	0.00492	0.00149	0.00557	0.00447	0.00467	0.00812
9	0.00717	0.00516	0.00687	0.00681	0.00797	0.00486	0.00536	0.00947	0.01334	0.01860	0.62473	0.04084	0.04238	0.01082	0.00601	0.00170	0.00280	0.17526	0.00521	0.00461
10	0.01480	0.01184	0.01256	0.01052	0.01376	0.01343	0.00840	0.32674	0.48294	0.02471	0.01673	0.01573	0.01235	0.00636	0.00497	0.00159	0.00449	0.00510	0.00497	0.00801
11	0.33990	0.01214	0.01188	0.00946	0.01305	0.01363	0.00781	0.48856	0.01749	0.02757	0.00991	0.01035	0.00720	0.00539	0.00420	0.00149	0.00480	0.00375	0.00420	0.00720
12	0.01664	0.00994	0.01183	0.00887	0.01292	0.00909	0.00725	0.22011	0.01499	0.29739	0.01332	0.01293	0.00929	0.00510	0.00444	0.00121	0.00430	0.00403	0.00457	0.33180
13	0.01816	0.01351	0.01445	0.01120	0.01504	0.01500	0.00921	0.71926	0.08495	0.03013	0.01246	0.01233	0.00889	0.00596	0.00492	0.00149	0.00528	0.00452	0.00492	0.00831
14	0.01242	0.01011	0.01138	0.00848	0.01261	0.00912	0.00684	0.20097	0.07486	0.02003	0.01037	0.01123	0.00815	0.00443	0.00406	0.00098	0.00409	0.00349	0.00357	0.58282
15	0.00592	0.00454	0.00543	0.00613	0.00694	0.00405	0.00425	0.00692	0.01009	0.01282	0.03573	0.52821	0.32280	0.01427	0.00610	0.00187	0.00271	0.01260	0.00456	0.00405
16	0.00625	0.00479	0.00566	0.00586	0.00692	0.00427	0.00419	0.00764	0.01132	0.01478	0.25810	0.25828	0.33406	0.04690	0.00674	0.00185	0.00264	0.01080	0.00474	0.00420
17	0.01431	0.01122	0.01239	0.00938	0.01341	0.01106	0.00762	0.37072	0.08008	0.02334	0.01109	0.01161	0.00841	0.00494	0.00435	0.00115	0.00448	0.00383	0.00402	0.39260

[dist]
# distance from previous block
# <min> <max>
65	141

[block]
# block no. 9 follows, 51 sequences, length 18
# corresponding to MSA columns:
# 1556-1567,1571-1576
name=unknown_J
#
# <colnr> <probs for GDERKNQSTAVLIFYWHMCP>
#	G	D	E	R	K	N	Q	S	T	A	V	L	I	F	Y	W	H	M	C	P
0	0.17976	0.01390	0.01542	0.01244	0.01575	0.22498	0.20217	0.06775	0.01239	0.07157	0.01126	0.04534	0.00957	0.00582	0.00478	0.00153	0.00644	0.05871	0.00326	0.03717
1	0.00914	0.00863	0.00980	0.00968	0.01113	0.13209	0.07322	0.01090	0.01113	0.01360	0.02344	0.29008	0.06837	0.01194	0.00611	0.00193	0.00488	0.29518	0.00405	0.00470
2	0.00846	0.00686	0.00761	0.00811	0.00930	0.07517	0.00623	0.00995	0.01066	0.03656	0.02406	0.40195	0.04501	0.01272	0.00604	0.00191	0.00401	0.25611	0.00430	0.06498
3	0.26350	0.01296	0.00971	0.00894	0.01126	0.26595	0.00682	0.07974	0.01197	0.04162	0.01455	0.18399	0.05512	0.00761	0.00455	0.00154	0.00531	0.00587	0.00354	0.00545
4	0.12670	0.01823	0.01336	0.01139	0.01448	0.42573	0.00891	0.28742	0.01645	0.02000	0.00898	0.00979	0.00692	0.00529	0.00442	0.00137	0.00699	0.00354	0.00344	0.00659
5	0.01216	0.01168	0.01995	0.03016	0.79664	0.01168	0.01508	0.01508	0.01119	0.01605	0.00924	0.01216	0.00778	0.00438	0.00487	0.00146	0.00584	0.00438	0.00243	0.00778
6	0.01105	0.31761	0.52008	0.01197	0.01813	0.01433	0.01462	0.01526	0.01023	0.01411	0.00810	0.00947	0.00625	0.00450	0.00412	0.00137	0.00653	0.00327	0.00208	0.00692
7	0.00599	0.00428	0.00570	0.00684	0.00713	0.00399	0.00456	0.00684	0.00941	0.01254	0.02709	0.82409	0.03250	0.01540	0.00627	0.00200	0.00285	0.01397	0.00456	0.00399
8	0.02205	0.00836	0.01140	0.00874	0.01254	0.00722	0.00722	0.02395	0.01407	0.80004	0.01939	0.01673	0.01216	0.00608	0.00494	0.00152	0.00418	0.00494	0.00608	0.00836
9	0.01019	0.00873	0.01019	0.00728	0.01165	0.00655	0.00582	0.01237	0.01019	0.01601	0.00873	0.01019	0.00728	0.00364	0.00364	0.00073	0.00364	0.00291	0.00291	0.85734
10	0.00928	0.00873	0.01474	0.81548	0.03385	0.01092	0.01365	0.01256	0.00983	0.01256	0.00873	0.01310	0.00655	0.00491	0.00491	0.00164	0.00655	0.00437	0.00218	0.00546
11	0.00715	0.00476	0.00536	0.00536	0.00536	0.00476	0.00298	0.00715	0.00715	0.00953	0.01548	0.03216	0.01787	0.82729	0.02501	0.00476	0.00476	0.00715	0.00298	0.00298
12	0.01216	0.01168	0.01995	0.03016	0.79664	0.01168	0.01508	0.01508	0.01119	0.01605	0.00924	0.01216	0.00778	0.00438	0.00487	0.00146	0.00584	0.00438	0.00243	0.00778
13	0.00928	0.00873	0.01474	0.81548	0.03385	0.01092	0.01365	0.01256	0.00983	0.01256	0.00873	0.01310	0.00655	0.00491	0.00491	0.00164	0.00655	0.00437	0.00218	0.00546
