[name]
unknown

[dist]
# distance from previous block
# <min> <max>
1	11

[block]
# block no. 0 follows, 51 sequences, length 17
# corresponding to MSA columns:
# 11-27
name=unknown_A
#
# <colnr> <probs for GDERKNQSTAVLIFYWHMCP>
#	G	D	E	R	K	N	Q	S	T	A	V	L	I	F	Y	W	H	M	C	P
0	0.01083	0.00853	0.00999	0.00830	0.01161	0.00775	0.00671	0.01583	0.19776	0.05801	0.03346	0.02105	0.01399	0.00639	0.00464	0.00128	0.00385	0.13717	0.00392	0.43894
1	0.01479	0.00843	0.01026	0.00843	0.01149	0.00797	0.00665	0.06855	0.15654	0.30974	0.07223	0.10619	0.01634	0.02444	0.00535	0.00153	0.00385	0.00598	0.00497	0.15626
2	0.00893	0.00551	0.00679	0.00622	0.00793	0.00487	0.00475	0.01079	0.01292	0.13992	0.40899	0.06135	0.28158	0.01036	0.00568	0.00159	0.00268	0.00890	0.00522	0.00504
3	0.01116	0.01064	0.01791	0.18824	0.58979	0.01103	0.01405	0.01404	0.01091	0.01516	0.01179	0.01465	0.05904	0.00502	0.00494	0.00151	0.00576	0.00477	0.00252	0.00707
4	0.01314	0.83025	0.02575	0.00841	0.01261	0.01945	0.00841	0.01472	0.00999	0.01156	0.00683	0.00788	0.00631	0.00420	0.00315	0.00105	0.00526	0.00263	0.00210	0.00631
5	0.01943	0.01164	0.01312	0.01009	0.01395	0.03710	0.00829	0.41089	0.01844	0.32893	0.01442	0.01352	0.00970	0.00580	0.00483	0.00144	0.00493	0.00449	0.00516	0.06384
6	0.01234	0.01136	0.01499	0.01258	0.01337	0.01509	0.01047	0.16603	0.01065	0.01567	0.00752	0.01096	0.00683	0.00806	0.01388	0.00201	0.65518	0.00433	0.00271	0.00597
7	0.00593	0.00498	0.00515	0.00511	0.00671	0.00420	0.00383	0.00729	0.01149	0.01397	0.12968	0.04616	0.71432	0.01219	0.00581	0.00165	0.00247	0.01021	0.00465	0.00420
8	0.00696	0.00502	0.00657	0.00618	0.00734	0.00464	0.00464	0.00927	0.01391	0.01971	0.79405	0.03671	0.04637	0.01005	0.00580	0.00155	0.00232	0.00889	0.00541	0.00464
9	0.01216	0.01168	0.01995	0.03016	0.79664	0.01168	0.01508	0.01508	0.01119	0.01605	0.00924	0.01216	0.00778	0.00438	0.00487	0.00146	0.00584	0.00438	0.00243	0.00778
10	0.00581	0.00498	0.00498	0.00498	0.00664	0.00415	0.00373	0.00705	0.01120	0.01328	0.04978	0.04729	0.79464	0.01245	0.00581	0.00166	0.00249	0.01037	0.00456	0.00415
11	0.02205	0.00836	0.01140	0.00874	0.01254	0.00722	0.00722	0.02395	0.01407	0.80004	0.01939	0.01673	0.01216	0.00608	0.00494	0.00152	0.00418	0.00494	0.00608	0.00836
12	0.00696	0.00502	0.00657	0.00618	0.00734	0.00464	0.00464	0.00927	0.01391	0.01971	0.79405	0.03671	0.04637	0.01005	0.00580	0.00155	0.00232	0.00889	0.00541	0.00464
13	0.01035	0.02237	0.62176	0.01701	0.14051	0.01153	0.07691	0.01550	0.01060	0.01565	0.00897	0.01087	0.00656	0.00458	0.00479	0.00155	0.00712	0.00391	0.00216	0.00729
14	0.00856	0.00630	0.00889	0.21945	0.01449	0.00669	0.00692	0.01014	0.00904	0.05188	0.01510	0.16137	0.01543	0.23609	0.10814	0.00322	0.00572	0.00683	0.02913	0.07662
15	0.00965	0.04185	0.45100	0.01086	0.01573	0.00904	0.01248	0.01368	0.01125	0.05925	0.18500	0.08951	0.01786	0.00684	0.00498	0.00154	0.00538	0.00573	0.00330	0.04507
16	0.01770	0.15970	0.01595	0.01153	0.01462	0.51071	0.00917	0.13523	0.01466	0.05469	0.00870	0.00954	0.00693	0.00510	0.00431	0.00127	0.00748	0.00336	0.00300	0.00634

[dist]
# distance from previous block
# <min> <max>
1	6

[block]
# block no. 1 follows, 51 sequences, length 29
# corresponding to MSA columns:
# 34-62
name=unknown_B
#
# <colnr> <probs for GDERKNQSTAVLIFYWHMCP>
#	G	D	E	R	K	N	Q	S	T	A	V	L	I	F	Y	W	H	M	C	P
0	0.00772	0.00634	0.00812	0.00798	0.00943	0.02449	0.03593	0.01053	0.07365	0.01462	0.12147	0.10171	0.19870	0.01650	0.16381	0.00303	0.00555	0.18149	0.00419	0.00475
1	0.01628	0.00854	0.01081	0.00803	0.01211	0.00690	0.00654	0.01832	0.01218	0.41863	0.01421	0.01355	0.00979	0.00489	0.00431	0.00113	0.00392	0.00395	0.00454	0.42137
2	0.01160	0.01326	0.02900	0.02071	0.02568	0.01243	0.77879	0.01574	0.01160	0.01574	0.00994	0.01326	0.00746	0.00414	0.00580	0.00166	0.00829	0.00580	0.00249	0.00663
3	0.00599	0.00428	0.00570	0.00684	0.00713	0.00399	0.00456	0.00684	0.00941	0.01254	0.02709	0.82409	0.03250	0.01540	0.00627	0.00200	0.00285	0.01397	0.00456	0.00399
4	0.00581	0.00498	0.00498	0.00498	0.00664	0.00415	0.00373	0.00705	0.01120	0.01328	0.04978	0.04729	0.79464	0.01245	0.00581	0.00166	0.00249	0.01037	0.00456	0.00415
5	0.01331	0.02294	0.41310	0.01270	0.01752	0.33966	0.01341	0.01691	0.01184	0.01432	0.00889	0.01038	0.00677	0.00492	0.00447	0.00140	0.00753	0.00351	0.07000	0.00640
6	0.00658	0.00452	0.00553	0.00609	0.00623	0.00438	0.00376	0.00700	0.00826	0.01101	0.02120	0.42213	0.02507	0.42749	0.01578	0.00340	0.00382	0.01051	0.00376	0.00348
7	0.01314	0.83025	0.02575	0.00841	0.01261	0.01945	0.00841	0.01472	0.00999	0.01156	0.00683	0.00788	0.00631	0.00420	0.00315	0.00105	0.00526	0.00263	0.00210	0.00631
8	0.01160	0.01326	0.02900	0.02071	0.02568	0.01243	0.77879	0.01574	0.01160	0.01574	0.00994	0.01326	0.00746	0.00414	0.00580	0.00166	0.00829	0.00580	0.00249	0.00663
9	0.00963	0.00909	0.01536	0.72144	0.12519	0.01101	0.01382	0.01286	0.00999	0.01297	0.00880	0.01299	0.00670	0.00485	0.00491	0.00162	0.00647	0.00437	0.00221	0.00574
10	0.01191	0.01318	0.02262	0.01714	0.02028	0.07754	0.44302	0.01535	0.04787	0.01447	0.00916	0.01237	0.00742	0.00571	0.00883	0.00178	0.25750	0.00511	0.00251	0.00622
11	0.01019	0.00873	0.01019	0.00728	0.01165	0.00655	0.00582	0.01237	0.01019	0.01601	0.00873	0.01019	0.00728	0.00364	0.00364	0.00073	0.00364	0.00291	0.00291	0.85734
12	0.00599	0.00428	0.00570	0.00684	0.00713	0.00399	0.00456	0.00684	0.00941	0.01254	0.02709	0.82409	0.03250	0.01540	0.00627	0.00200	0.00285	0.01397	0.00456	0.00399
13	0.05829	0.01063	0.01196	0.00976	0.01318	0.01133	0.00789	0.22086	0.30085	0.27559	0.01703	0.01561	0.01189	0.00618	0.00486	0.00156	0.00437	0.00492	0.00523	0.00800
14	0.19495	0.01108	0.01207	0.00945	0.01315	0.01169	0.00780	0.36888	0.01703	0.28570	0.01330	0.01265	0.00900	0.00568	0.00454	0.00150	0.00467	0.00423	0.00492	0.00773
15	0.00899	0.00828	0.01242	0.01743	0.39569	0.00788	0.00936	0.01110	0.01131	0.01492	0.06183	0.02954	0.37498	0.00837	0.00534	0.00156	0.00413	0.00736	0.00355	0.00596
16	0.00581	0.00498	0.00498	0.00498	0.00664	0.00415	0.00373	0.00705	0.01120	0.01328	0.04978	0.04729	0.79464	0.01245	0.00581	0.00166	0.00249	0.01037	0.00456	0.00415
17	0.01203	0.01414	0.06350	0.08379	0.02506	0.06313	0.60129	0.04543	0.01199	0.01583	0.00971	0.01277	0.00729	0.00436	0.00555	0.00162	0.00802	0.00536	0.00254	0.00657
18	0.05459	0.23837	0.29333	0.01159	0.01637	0.21507	0.01203	0.07816	0.01210	0.01516	0.00812	0.00933	0.00640	0.00474	0.00415	0.00134	0.00681	0.00326	0.00247	0.00661
19	0.00590	0.00464	0.00533	0.00589	0.00688	0.00407	0.00414	0.00695	0.01033	0.01292	0.03874	0.42538	0.42369	0.01388	0.00603	0.00182	0.00267	0.01212	0.00456	0.00407
20	0.00916	0.00458	0.00458	0.00458	0.00573	0.00458	0.00344	0.01145	0.01031	0.01832	0.01603	0.01832	0.01260	0.00573	0.00344	0.00115	0.00229	0.00458	0.85457	0.00458
21	0.01685	0.01616	0.01483	0.01204	0.01537	0.27960	0.07116	0.38703	0.01782	0.02168	0.01192	0.04686	0.03154	0.00602	0.00488	0.00143	0.00656	0.00466	0.00384	0.02976
22	0.22997	0.01064	0.00972	0.00837	0.01092	0.09303	0.00658	0.21404	0.04126	0.02033	0.01233	0.01490	0.03355	0.07663	0.09120	0.00238	0.00564	0.00435	0.08350	0.03069
23	0.00854	0.00427	0.00640	0.00640	0.00640	0.00427	0.00427	0.00640	0.00640	0.00854	0.00854	0.01494	0.00854	0.01707	0.01921	0.85702	0.00427	0.00427	0.00213	0.00213
24	0.34525	0.07858	0.01192	0.00913	0.01226	0.20396	0.00740	0.15813	0.01316	0.06508	0.04653	0.01078	0.00857	0.00525	0.00397	0.00141	0.00539	0.00354	0.00348	0.00620
25	0.00590	0.00498	0.00511	0.00508	0.00669	0.00419	0.00381	0.00723	0.01142	0.01380	0.10998	0.04644	0.73412	0.01225	0.00581	0.00165	0.00248	0.01025	0.00463	0.00419
26	0.01425	0.01257	0.05923	0.00998	0.01350	0.11273	0.02875	0.22158	0.06053	0.09451	0.10039	0.04887	0.01377	0.00613	0.00476	0.00135	0.00501	0.00496	0.00412	0.18301
27	0.01303	0.80261	0.05240	0.00860	0.01291	0.01917	0.00874	0.01474	0.01000	0.01170	0.00690	0.00797	0.00630	0.00422	0.00321	0.00107	0.00532	0.00266	0.00210	0.00634
28	0.01597	0.07767	0.01461	0.01084	0.01374	0.04618	0.00884	0.08332	0.01251	0.21209	0.01214	0.01372	0.00950	0.00688	0.00822	0.00170	0.23673	0.00439	0.00403	0.20693

[dist]
# distance from previous block
# <min> <max>
0	9

[block]
# block no. 2 follows, 51 sequences, length 8
# corresponding to MSA columns:
# 72-79
name=unknown_C
#
# <colnr> <probs for GDERKNQSTAVLIFYWHMCP>
#	G	D	E	R	K	N	Q	S	T	A	V	L	I	F	Y	W	H	M	C	P
0	0.01057	0.01971	0.45168	0.01635	0.02214	0.01210	0.29430	0.01530	0.01057	0.01530	0.00902	0.01146	0.00669	0.00482	0.00608	0.00164	0.07867	0.00448	0.00223	0.00687
1	0.01733	0.01947	0.01334	0.01166	0.01445	0.54581	0.00895	0.20183	0.01590	0.01670	0.01233	0.01296	0.07629	0.00592	0.00467	0.00135	0.00747	0.00410	0.00329	0.00620
2	0.00702	0.00527	0.00790	0.00790	0.00878	0.00614	0.00614	0.00878	0.00790	0.01141	0.01316	0.01931	0.01229	0.03686	0.80782	0.00790	0.01316	0.00527	0.00263	0.00439
3	0.02130	0.00957	0.01215	0.00932	0.01315	0.00901	0.00770	0.19278	0.01608	0.62836	0.01769	0.01563	0.01131	0.00604	0.00494	0.00151	0.00446	0.00483	0.00582	0.00836
4	0.00599	0.00428	0.00570	0.00684	0.00713	0.00399	0.00456	0.00684	0.00941	0.01254	0.02709	0.82409	0.03250	0.01540	0.00627	0.00200	0.00285	0.01397	0.00456	0.00399
5	0.01137	0.01347	0.08775	0.09428	0.19817	0.01204	0.47790	0.01529	0.01125	0.01551	0.00959	0.01277	0.00735	0.00431	0.00542	0.00160	0.00750	0.00518	0.00241	0.00683
6	0.00715	0.00476	0.00536	0.00536	0.00536	0.00476	0.00298	0.00715	0.00715	0.00953	0.01548	0.03216	0.01787	0.82729	0.02501	0.00476	0.00476	0.00715	0.00298	0.00298
7	0.01219	0.17737	0.01175	0.00770	0.01010	0.01032	0.00627	0.01707	0.21233	0.06067	0.01593	0.01710	0.01256	0.00734	0.03414	0.00168	0.00412	0.00472	0.37025	0.00638

[dist]
# distance from previous block
# <min> <max>
1	4

[block]
# block no. 3 follows, 51 sequences, length 43
# corresponding to MSA columns:
# 84-126
name=unknown_D
#
# <colnr> <probs for GDERKNQSTAVLIFYWHMCP>
#	G	D	E	R	K	N	Q	S	T	A	V	L	I	F	Y	W	H	M	C	P
0	0.01021	0.10360	0.01722	0.02780	0.11009	0.05360	0.23743	0.01270	0.01117	0.01437	0.02047	0.06949	0.18206	0.00745	0.00528	0.00158	0.00552	0.06135	0.04289	0.00572
1	0.15303	0.01437	0.01515	0.01939	0.37850	0.24231	0.01106	0.01628	0.03645	0.01571	0.00901	0.01165	0.00766	0.04306	0.00538	0.00157	0.00627	0.00391	0.00267	0.00655
2	0.00702	0.00527	0.00790	0.00790	0.00878	0.00614	0.00614	0.00878	0.00790	0.01141	0.01316	0.01931	0.01229	0.03686	0.80782	0.00790	0.01316	0.00527	0.00263	0.00439
3	0.00696	0.00502	0.00657	0.00618	0.00734	0.00464	0.00464	0.00927	0.01391	0.01971	0.79405	0.03671	0.04637	0.01005	0.00580	0.00155	0.00232	0.00889	0.00541	0.00464
4	0.01222	0.01056	0.01111	0.01000	0.01278	0.01222	0.00778	0.02611	0.78776	0.02056	0.02000	0.01833	0.01500	0.00667	0.00500	0.00167	0.00389	0.00556	0.00500	0.00778
5	0.00986	0.02542	0.80183	0.01401	0.02127	0.01141	0.01816	0.01556	0.01038	0.01556	0.00882	0.01038	0.00623	0.00467	0.00467	0.00156	0.00726	0.00363	0.00208	0.00726
6	0.01216	0.01168	0.01995	0.03016	0.79664	0.01168	0.01508	0.01508	0.01119	0.01605	0.00924	0.01216	0.00778	0.00438	0.00487	0.00146	0.00584	0.00438	0.00243	0.00778
7	0.01836	0.02342	0.01393	0.01266	0.01519	0.80756	0.00950	0.01962	0.01393	0.01203	0.00760	0.00886	0.00633	0.00506	0.00443	0.00127	0.00886	0.00317	0.00253	0.00570
8	0.01017	0.00935	0.01528	0.80506	0.03418	0.01138	0.01393	0.01317	0.01038	0.01340	0.00961	0.01427	0.00739	0.00549	0.00528	0.00180	0.00682	0.00465	0.00249	0.00591
9	0.01687	0.02013	0.01367	0.01221	0.01441	0.60856	0.00936	0.06569	0.01344	0.01350	0.00812	0.00978	0.00678	0.00564	0.00603	0.00140	0.12024	0.00347	0.04495	0.00576
10	0.05274	0.16073	0.63112	0.01269	0.01922	0.01275	0.01587	0.01536	0.01021	0.01521	0.00838	0.00984	0.00619	0.00459	0.00433	0.00147	0.00675	0.00341	0.00213	0.00700
11	0.00642	0.00500	0.00583	0.00562	0.00701	0.00441	0.00422	0.00824	0.01265	0.01670	0.44663	0.04165	0.39566	0.01117	0.00580	0.00160	0.00240	0.00958	0.00501	0.00441
12	0.01216	0.01168	0.01995	0.03016	0.79664	0.01168	0.01508	0.01508	0.01119	0.01605	0.00924	0.01216	0.00778	0.00438	0.00487	0.00146	0.00584	0.00438	0.00243	0.00778
13	0.01836	0.02342	0.01393	0.01266	0.01519	0.80756	0.00950	0.01962	0.01393	0.01203	0.00760	0.00886	0.00633	0.00506	0.00443	0.00127	0.00886	0.00317	0.00253	0.00570
14	0.86201	0.00950	0.00722	0.00646	0.00950	0.01102	0.00532	0.01445	0.00836	0.02205	0.00684	0.00798	0.00532	0.00456	0.00304	0.00152	0.00380	0.00266	0.00304	0.00532
15	0.01606	0.01223	0.01302	0.01053	0.01394	0.01369	0.00852	0.49150	0.27491	0.02688	0.01473	0.01429	0.01077	0.00614	0.00487	0.00152	0.00475	0.00481	0.04889	0.00797
16	0.00696	0.00502	0.00657	0.00618	0.00734	0.00464	0.00464	0.00927	0.01391	0.01971	0.79405	0.03671	0.04637	0.01005	0.00580	0.00155	0.00232	0.00889	0.00541	0.00464
17	0.00599	0.00428	0.00570	0.00684	0.00713	0.00399	0.00456	0.00684	0.00941	0.01254	0.02709	0.82409	0.03250	0.01540	0.00627	0.00200	0.00285	0.01397	0.00456	0.00399
18	0.01073	0.01047	0.01825	0.37622	0.32529	0.01165	0.09390	0.01381	0.01038	0.01419	0.00890	0.01260	0.00711	0.00487	0.00574	0.00161	0.06097	0.00452	0.00231	0.00647
19	0.00617	0.00446	0.00588	0.00695	0.00741	0.00417	0.00485	0.00719	0.00971	0.01281	0.02840	0.69749	0.07972	0.01503	0.00630	0.00200	0.00300	0.08984	0.00456	0.00406
20	0.01279	0.01307	0.01970	0.23023	0.02383	0.14188	0.31766	0.06689	0.01252	0.05210	0.05282	0.01385	0.00944	0.00503	0.00524	0.00156	0.00720	0.00502	0.00290	0.00625
21	0.00743	0.00566	0.00782	0.00760	0.00812	0.00660	0.00561	0.00857	0.00763	0.01086	0.01322	0.02248	0.01345	0.28161	0.48361	0.00634	0.09089	0.00576	0.00269	0.00404
22	0.01868	0.01376	0.01475	0.01131	0.01524	0.01524	0.00934	0.78025	0.02311	0.03097	0.01180	0.01180	0.00836	0.00590	0.00492	0.00147	0.00541	0.00442	0.00492	0.00836
23	0.01213	0.00867	0.01039	0.00752	0.01179	0.00666	0.00605	0.01427	0.01083	0.14453	0.01048	0.01126	0.00808	0.00404	0.00385	0.00086	0.00373	0.00324	0.00343	0.71818
24	0.01746	0.03678	0.01447	0.01101	0.01476	0.01487	0.00906	0.63456	0.14806	0.02870	0.01300	0.01276	0.00939	0.00598	0.00488	0.00149	0.00515	0.00456	0.00485	0.00820
25	0.01216	0.01168	0.01995	0.03016	0.79664	0.01168	0.01508	0.01508	0.01119	0.01605	0.00924	0.01216	0.00778	0.00438	0.00487	0.00146	0.00584	0.00438	0.00243	0.00778
26	0.01216	0.01040	0.01104	0.00999	0.01271	0.01198	0.00782	0.04191	0.73478	0.02051	0.02010	0.01992	0.01547	0.00697	0.00508	0.00169	0.00395	0.04088	0.00498	0.00764
27	0.01743	0.00829	0.01055	0.00860	0.01174	0.00789	0.00692	0.02202	0.18269	0.50223	0.14650	0.02035	0.01839	0.00686	0.00509	0.00156	0.00381	0.00572	0.00574	0.00762
28	0.06225	0.01554	0.01237	0.01078	0.01336	0.32789	0.00848	0.22529	0.05386	0.01911	0.05160	0.01511	0.01109	0.00635	0.00526	0.00147	0.04670	0.05158	0.05561	0.00629
29	0.01296	0.78609	0.06834	0.00872	0.01309	0.01900	0.00894	0.01476	0.01001	0.01178	0.00694	0.00802	0.00630	0.00423	0.00324	0.00108	0.00537	0.00268	0.00210	0.00636
30	0.01190	0.00684	0.00793	0.00696	0.00917	0.00644	0.00529	0.01514	0.13398	0.24935	0.03036	0.03109	0.30999	0.14319	0.00857	0.00213	0.00359	0.00746	0.00483	0.00579
31	0.00638	0.00455	0.00615	0.00729	0.00774	0.00433	0.00524	0.00751	0.00979	0.01298	0.02687	0.66936	0.03165	0.01503	0.00638	0.00205	0.00319	0.16485	0.00455	0.00410
32	0.01076	0.02295	0.66925	0.01393	0.02063	0.01129	0.06458	0.01658	0.05086	0.05888	0.01005	0.01132	0.00708	0.00482	0.00477	0.00157	0.00698	0.00394	0.00247	0.00731
33	0.01053	0.00911	0.01211	0.01480	0.26120	0.00937	0.00883	0.07712	0.19105	0.01799	0.09868	0.02500	0.21391	0.00766	0.00521	0.00156	0.00410	0.00662	0.01861	0.00654
34	0.00612	0.00433	0.00566	0.00668	0.00693	0.00408	0.00438	0.00688	0.00915	0.01221	0.02578	0.73524	0.03086	0.10649	0.00838	0.00231	0.00307	0.01320	0.00438	0.00388
35	0.00960	0.00920	0.01431	0.32808	0.14215	0.04626	0.08859	0.02664	0.01067	0.01380	0.01586	0.18961	0.06948	0.00758	0.00533	0.00167	0.00561	0.00696	0.00300	0.00559
36	0.14208	0.01513	0.01230	0.04008	0.01426	0.28031	0.00843	0.18780	0.15324	0.06458	0.01153	0.01188	0.00865	0.00553	0.00446	0.00145	0.00597	0.00397	0.02163	0.00672
37	0.82261	0.04759	0.00808	0.00655	0.00965	0.01142	0.00547	0.01446	0.00844	0.02156	0.00684	0.00798	0.00537	0.00455	0.00305	0.00150	0.00387	0.00266	0.00300	0.00537
38	0.01608	0.01383	0.01400	0.01287	0.09363	0.12738	0.00938	0.40814	0.16154	0.02414	0.05886	0.01410	0.01149	0.00601	0.00491	0.00148	0.00548	0.00471	0.00437	0.00759
39	0.01106	0.10670	0.02405	0.00819	0.01093	0.08229	0.00662	0.04013	0.06672	0.06231	0.10294	0.15408	0.07318	0.00772	0.00498	0.00137	0.02007	0.00637	0.00383	0.20646
40	0.01012	0.18254	0.10406	0.01153	0.01497	0.02589	0.20595	0.01308	0.03306	0.01435	0.05478	0.13429	0.05324	0.04054	0.00582	0.00166	0.00546	0.02928	0.03580	0.02359
41	0.01332	0.13813	0.61058	0.01462	0.02107	0.01378	0.01679	0.01711	0.01247	0.01802	0.04106	0.01616	0.02741	0.00708	0.00589	0.00207	0.00764	0.00488	0.00337	0.00853
42	0.01475	0.01333	0.02147	0.02801	0.59204	0.01278	0.10254	0.01676	0.01321	0.01877	0.01419	0.02099	0.01282	0.00742	0.00652	0.00215	0.00700	0.08263	0.00375	0.00886

[dist]
# distance from previous block
# <min> <max>
0	5

[block]
# block no. 4 follows, 51 sequences, length 33
# corresponding to MSA columns:
# 132-164
name=unknown_E
#
# <colnr> <probs for GDERKNQSTAVLIFYWHMCP>
#	G	D	E	R	K	N	Q	S	T	A	V	L	I	F	Y	W	H	M	C	P
0	0.01330	0.15377	0.38674	0.01637	0.09251	0.06617	0.12660	0.01725	0.04231	0.01658	0.01084	0.01323	0.00863	0.00578	0.00537	0.00179	0.00745	0.00449	0.00295	0.00786
1	0.00789	0.00565	0.00706	0.00809	0.00854	0.00512	0.00538	0.00825	0.01056	0.01426	0.02836	0.80389	0.03349	0.01629	0.00699	0.00231	0.00350	0.01428	0.00512	0.00496
2	0.01666	0.01264	0.01721	0.03135	0.01784	0.01274	0.17886	0.20659	0.22375	0.14043	0.01616	0.01696	0.01206	0.00673	0.00581	0.00185	0.00594	0.00558	0.00493	0.06592
3	0.07117	0.01059	0.01274	0.01121	0.06599	0.01126	0.04721	0.31159	0.12565	0.05060	0.18505	0.01817	0.01748	0.00658	0.00500	0.00151	0.00448	0.00549	0.00460	0.03363
4	0.00599	0.00428	0.00570	0.00684	0.00713	0.00399	0.00456	0.00684	0.00941	0.01254	0.02709	0.82409	0.03250	0.01540	0.00627	0.00200	0.00285	0.01397	0.00456	0.00399
5	0.01868	0.01376	0.01475	0.01131	0.01524	0.01524	0.00934	0.78025	0.02311	0.03097	0.01180	0.01180	0.00836	0.00590	0.00492	0.00147	0.00541	0.00442	0.00492	0.00836
6	0.01394	0.00995	0.04293	0.01162	0.08700	0.00963	0.03168	0.13585	0.17202	0.19097	0.10045	0.04042	0.03658	0.00748	0.00530	0.00164	0.00448	0.08620	0.00476	0.00709
7	0.01314	0.83025	0.02575	0.00841	0.01261	0.01945	0.00841	0.01472	0.00999	0.01156	0.00683	0.00788	0.00631	0.00420	0.00315	0.00105	0.00526	0.00263	0.00210	0.00631
8	0.01095	0.01158	0.01165	0.01045	0.01150	0.18611	0.00824	0.01218	0.01013	0.01278	0.06058	0.11734	0.11444	0.00904	0.00988	0.00178	0.35214	0.00625	0.00307	0.03991
9	0.01222	0.01056	0.01111	0.01000	0.01278	0.01222	0.00778	0.02611	0.78776	0.02056	0.02000	0.01833	0.01500	0.00667	0.00500	0.00167	0.00389	0.00556	0.00500	0.00778
10	0.00715	0.00476	0.00536	0.00536	0.00536	0.00476	0.00298	0.00715	0.00715	0.00953	0.01548	0.03216	0.01787	0.82729	0.02501	0.00476	0.00476	0.00715	0.00298	0.00298
11	0.02205	0.00836	0.01140	0.00874	0.01254	0.00722	0.00722	0.02395	0.01407	0.80004	0.01939	0.01673	0.01216	0.00608	0.00494	0.00152	0.00418	0.00494	0.00608	0.00836
12	0.00682	0.00462	0.00610	0.00701	0.00761	0.00429	0.00494	0.00787	0.00989	0.04500	0.02809	0.66969	0.07887	0.01466	0.00624	0.00198	0.00304	0.08443	0.00462	0.00423
13	0.00986	0.02542	0.80183	0.01401	0.02127	0.01141	0.01816	0.01556	0.01038	0.01556	0.00882	0.01038	0.00623	0.00467	0.00467	0.00156	0.00726	0.00363	0.00208	0.00726
14	0.00715	0.00476	0.00536	0.00536	0.00536	0.00476	0.00298	0.00715	0.00715	0.00953	0.01548	0.03216	0.01787	0.82729	0.02501	0.00476	0.00476	0.00715	0.00298	0.00298
15	0.00581	0.00498	0.00498	0.00498	0.00664	0.00415	0.00373	0.00705	0.01120	0.01328	0.04978	0.04729	0.79464	0.01245	0.00581	0.00166	0.00249	0.01037	0.00456	0.00415
16	0.01280	0.01289	0.01932	0.02835	0.71587	0.09394	0.01450	0.01555	0.01147	0.01564	0.00907	0.01182	0.00763	0.00445	0.00482	0.00144	0.00615	0.00425	0.00244	0.00757
17	0.01021	0.02330	0.68119	0.01650	0.14091	0.01145	0.01768	0.01549	0.01050	0.01564	0.00888	0.01065	0.00647	0.00462	0.00470	0.00154	0.00704	0.00375	0.00213	0.00734
18	0.01261	0.01292	0.02388	0.02225	0.26507	0.02789	0.41680	0.09448	0.01255	0.01720	0.00974	0.01259	0.00759	0.00458	0.00578	0.00159	0.03757	0.00511	0.00271	0.00710
19	0.86201	0.00950	0.00722	0.00646	0.00950	0.01102	0.00532	0.01445	0.00836	0.02205	0.00684	0.00798	0.00532	0.00456	0.00304	0.00152	0.00380	0.00266	0.00304	0.00532
20	0.00609	0.00435	0.00582	0.00696	0.00728	0.00408	0.00473	0.00701	0.00951	0.01266	0.02703	0.78493	0.03229	0.01530	0.00630	0.00201	0.00294	0.05215	0.00456	0.00402
21	0.12460	0.43259	0.01926	0.12166	0.01568	0.08621	0.00892	0.09593	0.02856	0.01536	0.00798	0.00936	0.00662	0.00466	0.00372	0.00127	0.00555	0.00318	0.00264	0.00625
22	0.00723	0.00587	0.00673	0.02712	0.00873	0.00583	0.00512	0.01084	0.16249	0.01438	0.03347	0.36411	0.30491	0.01235	0.00582	0.00180	0.00302	0.01078	0.00459	0.00483
23	0.00589	0.00466	0.00531	0.00583	0.00686	0.00408	0.00411	0.00696	0.01039	0.01294	0.03947	0.40012	0.44847	0.01379	0.00602	0.00181	0.00265	0.01201	0.00456	0.00408
24	0.00581	0.00498	0.00498	0.00498	0.00664	0.00415	0.00373	0.00705	0.01120	0.01328	0.04978	0.04729	0.79464	0.01245	0.00581	0.00166	0.00249	0.01037	0.00456	0.00415
25	0.01556	0.04630	0.01638	0.01877	0.34915	0.07267	0.01126	0.16068	0.06246	0.15881	0.01240	0.01395	0.00947	0.00539	0.00484	0.00147	0.00551	0.02348	0.00376	0.00769
26	0.00728	0.00528	0.00713	0.00815	0.00915	0.00514	0.00675	0.00913	0.01088	0.01408	0.02868	0.22414	0.10747	0.01386	0.00657	0.00214	0.00395	0.52132	0.00454	0.00437
27	0.00584	0.00498	0.00502	0.00501	0.00666	0.00416	0.00376	0.00712	0.01128	0.01346	0.07095	0.04699	0.77337	0.01238	0.00581	0.00166	0.00248	0.01033	0.00459	0.00416
28	0.00986	0.02542	0.80183	0.01401	0.02127	0.01141	0.01816	0.01556	0.01038	0.01556	0.00882	0.01038	0.00623	0.00467	0.00467	0.00156	0.00726	0.00363	0.00208	0.00726
29	0.01284	0.65147	0.15792	0.00958	0.01423	0.05822	0.01013	0.01511	0.01025	0.01227	0.00721	0.00836	0.00629	0.00433	0.00348	0.00115	0.00578	0.00283	0.00212	0.00644
30	0.14522	0.01213	0.16340	0.00908	0.01302	0.02345	0.02227	0.06130	0.05507	0.06704	0.15755	0.01585	0.01490	0.00568	0.00444	0.00134	0.00445	0.00456	0.00366	0.21561
31	0.18042	0.03140	0.10174	0.01518	0.17169	0.07122	0.07881	0.19550	0.01366	0.06599	0.00976	0.01107	0.00733	0.00501	0.00472	0.00150	0.02060	0.00400	0.00331	0.00708
32	0.01021	0.01076	0.10005	0.01287	0.01632	0.00897	0.33620	0.03091	0.01121	0.01678	0.06358	0.01683	0.01200	0.03109	0.03554	0.00180	0.00593	0.00538	0.26781	0.00577

[dist]
# distance from previous block
# <min> <max>
0	1

[block]
# block no. 5 follows, 51 sequences, length 38
# corresponding to MSA columns:
# 166-203
name=unknown_F
#
# <colnr> <probs for GDERKNQSTAVLIFYWHMCP>
#	G	D	E	R	K	N	Q	S	T	A	V	L	I	F	Y	W	H	M	C	P
0	0.04862	0.15131	0.26523	0.01035	0.01460	0.15669	0.01062	0.04822	0.01180	0.01524	0.07166	0.01656	0.11564	0.00612	0.00451	0.00140	0.00585	0.00464	0.00294	0.03800
1	0.18712	0.21342	0.38796	0.01112	0.03683	0.01290	0.01236	0.01478	0.01008	0.01618	0.04978	0.01073	0.00824	0.00481	0.00403	0.00142	0.00576	0.00349	0.00247	0.00651
2	0.01235	0.28894	0.23512	0.15167	0.06584	0.11482	0.01256	0.04033	0.01107	0.01380	0.00811	0.00998	0.00648	0.00463	0.00420	0.00136	0.00653	0.00344	0.00228	0.00650
3	0.00642	0.00550	0.00644	0.10688	0.01034	0.00512	0.00532	0.00800	0.01104	0.01330	0.04269	0.04368	0.63313	0.01159	0.00578	0.00171	0.00316	0.07129	0.00426	0.00434
4	0.00599	0.00428	0.00570	0.00684	0.00713	0.00399	0.00456	0.00684	0.00941	0.01254	0.02709	0.82409	0.03250	0.01540	0.00627	0.00200	0.00285	0.01397	0.00456	0.00399
5	0.01184	0.09523	0.17459	0.02057	0.37886	0.08455	0.06054	0.01499	0.01119	0.01493	0.01168	0.01441	0.05465	0.00520	0.00478	0.00147	0.00626	0.02477	0.00252	0.00697
6	0.00757	0.00592	0.00770	0.00778	0.00861	0.03735	0.00592	0.00913	0.00850	0.01192	0.01517	0.11254	0.01520	0.07893	0.55085	0.00611	0.02630	0.03463	0.04553	0.00434
7	0.01954	0.01091	0.01283	0.00990	0.01362	0.01113	0.00815	0.40458	0.01862	0.37020	0.05723	0.01532	0.01208	0.00620	0.00497	0.00150	0.00470	0.00489	0.00546	0.00816
8	0.00609	0.00435	0.00582	0.00696	0.00729	0.00408	0.00474	0.00702	0.00951	0.01266	0.02703	0.78274	0.03228	0.01530	0.00630	0.00201	0.00294	0.05429	0.00456	0.00402
9	0.02690	0.00867	0.01208	0.07695	0.12605	0.00869	0.04608	0.12007	0.01312	0.22054	0.01586	0.05946	0.03340	0.00619	0.00468	0.00146	0.00441	0.00531	0.20340	0.00667
10	0.01883	0.01353	0.01460	0.01120	0.01512	0.01489	0.00925	0.74739	0.02271	0.06439	0.01213	0.01201	0.00852	0.00591	0.00492	0.00148	0.00535	0.00445	0.00497	0.00836
11	0.00715	0.00476	0.00536	0.00536	0.00536	0.00476	0.00298	0.00715	0.00715	0.00953	0.01548	0.03216	0.01787	0.82729	0.02501	0.00476	0.00476	0.00715	0.00298	0.00298
12	0.04295	0.00546	0.00680	0.00636	0.00767	0.00524	0.00480	0.01024	0.04792	0.01984	0.72687	0.03469	0.04326	0.00967	0.00565	0.00155	0.00245	0.00848	0.00529	0.00480
13	0.01037	0.02085	0.54304	0.01627	0.08420	0.01133	0.17394	0.01537	0.01069	0.01577	0.00941	0.01148	0.00690	0.00459	0.00486	0.00155	0.00713	0.00418	0.04102	0.00705
14	0.00599	0.00428	0.00570	0.00684	0.00713	0.00399	0.00456	0.00684	0.00941	0.01254	0.02709	0.82409	0.03250	0.01540	0.00627	0.00200	0.00285	0.01397	0.00456	0.00399
15	0.00792	0.00566	0.00792	0.00905	0.01018	0.00566	0.00792	0.01018	0.01131	0.01471	0.02602	0.05543	0.02828	0.01358	0.00679	0.00226	0.00453	0.76356	0.00453	0.00453
16	0.01014	0.12395	0.67147	0.01305	0.01966	0.01218	0.01643	0.01516	0.01022	0.01489	0.00876	0.01046	0.00650	0.00601	0.03938	0.00177	0.00727	0.00358	0.00210	0.00702
17	0.01075	0.01075	0.01505	0.01290	0.01290	0.01505	0.01075	0.01183	0.00753	0.01183	0.00645	0.01075	0.00645	0.00860	0.01613	0.00215	0.81830	0.00430	0.00215	0.00538
18	0.77142	0.07749	0.02802	0.00681	0.01005	0.01173	0.00589	0.01449	0.00855	0.02103	0.00689	0.00803	0.00543	0.00453	0.00309	0.00148	0.00401	0.00268	0.00294	0.00545
19	0.01222	0.01056	0.01111	0.01000	0.01278	0.01222	0.00778	0.02611	0.78776	0.02056	0.02000	0.01833	0.01500	0.00667	0.00500	0.00167	0.00389	0.00556	0.00500	0.00778
20	0.00647	0.00500	0.00589	0.00567	0.00704	0.00443	0.00425	0.00833	0.01276	0.01697	0.47761	0.04121	0.36451	0.01107	0.00580	0.00159	0.00239	0.00952	0.00505	0.00443
21	0.01868	0.01376	0.01475	0.01131	0.01524	0.01524	0.00934	0.78025	0.02311	0.03097	0.01180	0.01180	0.00836	0.00590	0.00492	0.00147	0.00541	0.00442	0.00492	0.00836
22	0.00854	0.00427	0.00640	0.00640	0.00640	0.00427	0.00427	0.00640	0.00640	0.00854	0.00854	0.01494	0.00854	0.01707	0.01921	0.85702	0.00427	0.00427	0.00213	0.00213
23	0.01122	0.35890	0.48026	0.01169	0.01768	0.01474	0.01412	0.01521	0.01021	0.01391	0.00800	0.00934	0.00626	0.00448	0.00404	0.00135	0.00643	0.00322	0.00209	0.00687
24	0.00618	0.00499	0.00549	0.00537	0.00686	0.00431	0.00402	0.00777	0.01207	0.01534	0.28923	0.04389	0.55391	0.01167	0.00580	0.00162	0.00243	0.00989	0.00484	0.00431
25	0.00716	0.00552	0.00695	0.00696	0.00839	0.00470	0.00491	0.00838	0.00963	0.01351	0.02198	0.59760	0.02548	0.01212	0.00554	0.00164	0.00307	0.01089	0.00410	0.24145
26	0.01163	0.01964	0.40145	0.01635	0.02223	0.04735	0.31400	0.07781	0.01204	0.01673	0.00944	0.01155	0.00688	0.00458	0.00512	0.00158	0.00758	0.00452	0.00249	0.00703
27	0.01495	0.11727	0.01510	0.01104	0.03504	0.24985	0.03368	0.16769	0.01391	0.03183	0.00929	0.02455	0.00763	0.00500	0.00455	0.00120	0.02603	0.00366	0.00314	0.22458
28	0.01819	0.01314	0.01426	0.01195	0.05672	0.04991	0.00926	0.54585	0.08558	0.12480	0.01311	0.01285	0.00927	0.00587	0.00490	0.00149	0.00531	0.00453	0.00483	0.00816
29	0.00715	0.00476	0.00536	0.00536	0.00536	0.00476	0.00298	0.00715	0.00715	0.00953	0.01548	0.03216	0.01787	0.82729	0.02501	0.00476	0.00476	0.00715	0.00298	0.00298
30	0.00646	0.00500	0.00588	0.00566	0.00704	0.00443	0.00425	0.00832	0.01274	0.01693	0.47325	0.04127	0.36889	0.01108	0.00580	0.00159	0.00239	0.00953	0.00504	0.00443
31	0.01348	0.01122	0.06685	0.01189	0.01500	0.07763	0.15150	0.05509	0.03452	0.19113	0.05849	0.03725	0.01625	0.00788	0.00601	0.00175	0.03753	0.19602	0.00415	0.00637
32	0.00936	0.00885	0.01476	0.76938	0.03264	0.01116	0.01348	0.01251	0.00969	0.01251	0.00860	0.01297	0.00655	0.00513	0.00556	0.00167	0.05318	0.00436	0.00218	0.00545
33	0.01836	0.02342	0.01393	0.01266	0.01519	0.80756	0.00950	0.01962	0.01393	0.01203	0.00760	0.00886	0.00633	0.00506	0.00443	0.00127	0.00886	0.00317	0.00253	0.00570
34	0.00610	0.00499	0.00538	0.00528	0.00681	0.00427	0.00396	0.00761	0.01188	0.01489	0.23702	0.04463	0.60640	0.01184	0.00581	0.00163	0.00245	0.01000	0.00478	0.00427
35	0.01418	0.02701	0.19675	0.01147	0.05625	0.00940	0.03079	0.04572	0.03699	0.28440	0.01383	0.01571	0.01036	0.06897	0.10702	0.00259	0.05307	0.00475	0.00382	0.00692
36	0.00755	0.00534	0.00582	0.00563	0.00672	0.00496	0.00383	0.03814	0.01003	0.04530	0.03182	0.07375	0.37549	0.34863	0.01369	0.00294	0.00363	0.00874	0.00399	0.00400
37	0.00635	0.00495	0.00577	0.00568	0.00700	0.00436	0.00421	0.00806	0.01231	0.01618	0.39065	0.10200	0.39174	0.01157	0.00584	0.00163	0.00244	0.00996	0.00495	0.00436

[dist]
# distance from previous block
# <min> <max>
6	12

[block]
# block no. 6 follows, 51 sequences, length 21
# corresponding to MSA columns:
# 216-236
name=unknown_G
#
# <colnr> <probs for GDERKNQSTAVLIFYWHMCP>
#	G	D	E	R	K	N	Q	S	T	A	V	L	I	F	Y	W	H	M	C	P
0	0.01304	0.09580	0.33830	0.01528	0.12819	0.22027	0.01381	0.04029	0.01160	0.01459	0.00832	0.01007	0.00656	0.00498	0.00524	0.00146	0.05953	0.00359	0.00234	0.00675
1	0.00749	0.00476	0.00504	0.00506	0.00634	0.00439	0.00376	0.00931	0.01101	0.01631	0.12340	0.08289	0.29804	0.00928	0.00475	0.00143	0.00240	0.00778	0.39215	0.00439
2	0.24186	0.00775	0.00865	0.00762	0.00997	0.00808	0.06104	0.01330	0.14296	0.01811	0.14963	0.04755	0.24856	0.00839	0.00492	0.00161	0.00349	0.00696	0.00421	0.00534
3	0.01154	0.01806	0.35309	0.01712	0.02298	0.01166	0.40895	0.01620	0.01124	0.06624	0.01008	0.01227	0.00724	0.00449	0.00527	0.00161	0.00759	0.00483	0.00254	0.00701
4	0.01777	0.01226	0.01327	0.01030	0.01389	0.01336	0.00847	0.63214	0.02090	0.08502	0.01286	0.01295	0.00915	0.00589	0.00474	0.00144	0.00494	0.00448	0.10828	0.00790
5	0.02155	0.00917	0.01190	0.00913	0.01295	0.00842	0.00754	0.13697	0.01542	0.68511	0.01825	0.01599	0.01160	0.00606	0.00494	0.00151	0.00436	0.00486	0.00591	0.00836
6	0.00599	0.00428	0.00570	0.00684	0.00713	0.00399	0.00456	0.00684	0.00941	0.01254	0.02709	0.82409	0.03250	0.01540	0.00627	0.00200	0.00285	0.01397	0.00456	0.00399
7	0.01864	0.01324	0.01435	0.01107	0.01494	0.01453	0.00912	0.69289	0.05561	0.08610	0.01270	0.01244	0.00892	0.00595	0.00492	0.00149	0.00525	0.00451	0.00500	0.00833
8	0.01218	0.01383	0.00955	0.00880	0.01097	0.37096	0.00664	0.05192	0.01305	0.01360	0.02863	0.02798	0.39549	0.00875	0.00514	0.00147	0.00554	0.00679	0.00366	0.00507
9	0.00599	0.00428	0.00570	0.00684	0.00713	0.00399	0.00456	0.00684	0.00941	0.01254	0.02709	0.82409	0.03250	0.01540	0.00627	0.00200	0.00285	0.01397	0.00456	0.00399
10	0.00986	0.02542	0.80183	0.01401	0.02127	0.01141	0.01816	0.01556	0.01038	0.01556	0.00882	0.01038	0.00623	0.00467	0.00467	0.00156	0.00726	0.00363	0.00208	0.00726
11	0.01836	0.02342	0.01393	0.01266	0.01519	0.80756	0.00950	0.01962	0.01393	0.01203	0.00760	0.00886	0.00633	0.00506	0.00443	0.00127	0.00886	0.00317	0.00253	0.00570
12	0.00597	0.00498	0.00520	0.00515	0.00674	0.00422	0.00386	0.00737	0.01158	0.01418	0.15485	0.04580	0.68901	0.01211	0.00581	0.00164	0.00247	0.01016	0.00468	0.00422
13	0.00696	0.00502	0.00657	0.00618	0.00734	0.00464	0.00464	0.00927	0.01391	0.01971	0.79405	0.03671	0.04637	0.01005	0.00580	0.00155	0.00232	0.00889	0.00541	0.00464
14	0.01110	0.01222	0.02612	0.01912	0.02357	0.01150	0.67357	0.01498	0.01156	0.01560	0.01214	0.01901	0.01030	0.00543	0.00593	0.00174	0.00777	0.10923	0.00276	0.00634
15	0.01679	0.01707	0.01227	0.01068	0.01333	0.44061	0.00824	0.20180	0.01546	0.04029	0.01055	0.01160	0.00818	0.00542	0.00437	0.00130	0.00664	0.00379	0.16540	0.00620
16	0.01801	0.01311	0.01403	0.01083	0.01456	0.01448	0.00892	0.72571	0.02220	0.03007	0.01210	0.01226	0.00866	0.00589	0.00481	0.00145	0.00519	0.00444	0.06519	0.00809
17	0.01797	0.01673	0.01413	0.01164	0.01500	0.28282	0.00925	0.45334	0.09074	0.02360	0.01114	0.01141	0.00829	0.00569	0.00476	0.00142	0.00644	0.00410	0.00412	0.00740
18	0.01216	0.01205	0.01876	0.14552	0.62971	0.06626	0.01449	0.01502	0.01118	0.01526	0.00905	0.01208	0.00750	0.00451	0.00484	0.00147	0.00615	0.00429	0.00240	0.00730
19	0.03130	0.00766	0.01018	0.00921	0.01004	0.00957	0.00734	0.06479	0.00905	0.01376	0.01117	0.01656	0.01037	0.08151	0.33068	0.00448	0.27393	0.00490	0.08856	0.00493
20	0.01424	0.00762	0.00915	0.00780	0.01023	0.04058	0.00610	0.03178	0.05229	0.35124	0.25958	0.08200	0.07248	0.02501	0.00574	0.00163	0.00363	0.00712	0.00538	0.00639

[dist]
# distance from previous block
# <min> <max>
0	1

[block]
# block no. 7 follows, 51 sequences, length 18
# corresponding to MSA columns:
# 238-255
name=unknown_H
#
# <colnr> <probs for GDERKNQSTAVLIFYWHMCP>
#	G	D	E	R	K	N	Q	S	T	A	V	L	I	F	Y	W	H	M	C	P
0	0.00614	0.00436	0.00568	0.00665	0.00707	0.00405	0.00449	0.00714	0.00977	0.01317	0.07129	0.71982	0.06563	0.01465	0.00613	0.00193	0.00279	0.01322	0.03196	0.00405
1	0.00687	0.00502	0.00645	0.00609	0.00729	0.00460	0.00457	0.00910	0.01370	0.01921	0.73702	0.03752	0.10371	0.01023	0.00580	0.00155	0.00233	0.00900	0.00534	0.00460
2	0.01388	0.01984	0.52682	0.01234	0.01841	0.01048	0.01449	0.06818	0.01225	0.23819	0.01200	0.01226	0.00804	0.00515	0.00476	0.00154	0.00627	0.00405	0.00339	0.00765
3	0.01147	0.05419	0.18790	0.12899	0.28650	0.05682	0.07394	0.01484	0.01088	0.02866	0.01010	0.01447	0.00847	0.00532	0.00535	0.00157	0.03720	0.05406	0.00251	0.00678
4	0.01264	0.30689	0.31507	0.01299	0.06842	0.01492	0.04996	0.13507	0.01234	0.01660	0.00867	0.00997	0.00675	0.00465	0.00424	0.00136	0.00622	0.00355	0.00257	0.00710
5	0.00706	0.00554	0.00621	0.00601	0.00751	0.00481	0.00446	0.00857	0.01280	0.01672	0.36992	0.04332	0.46498	0.01180	0.00609	0.00174	0.00268	0.00990	0.00515	0.00474
6	0.01220	0.06467	0.01454	0.01550	0.23417	0.01235	0.00982	0.02179	0.49133	0.01854	0.01572	0.01563	0.01213	0.00576	0.00480	0.00154	0.00452	0.00494	0.00401	0.03604
7	0.00617	0.00435	0.00565	0.00661	0.00685	0.00411	0.00431	0.00689	0.00905	0.01207	0.02527	0.69999	0.03021	0.14262	0.00921	0.00243	0.00315	0.01290	0.00431	0.00383
8	0.01120	0.13615	0.28574	0.01631	0.02169	0.01324	0.37561	0.01534	0.01076	0.01488	0.00895	0.01139	0.00683	0.00454	0.00554	0.00156	0.04673	0.00454	0.00228	0.00673
9	0.01352	0.43896	0.01906	0.00947	0.01292	0.12097	0.00833	0.04377	0.22097	0.01494	0.02707	0.01267	0.01005	0.00538	0.00402	0.00130	0.00529	0.02155	0.00316	0.00662
10	0.00592	0.00452	0.00545	0.00619	0.00696	0.00405	0.00427	0.00692	0.01003	0.01280	0.03499	0.55361	0.29788	0.01437	0.00611	0.00188	0.00273	0.01272	0.00456	0.00405
11	0.00599	0.00428	0.00570	0.00684	0.00713	0.00399	0.00456	0.00684	0.00941	0.01254	0.02709	0.82409	0.03250	0.01540	0.00627	0.00200	0.00285	0.01397	0.00456	0.00399
12	0.01026	0.01069	0.07543	0.25428	0.29996	0.01054	0.01273	0.01396	0.06165	0.01505	0.05598	0.05565	0.01219	0.00625	0.00562	0.00164	0.04348	0.04536	0.00287	0.00641
13	0.00599	0.00428	0.00570	0.00684	0.00713	0.00399	0.00456	0.00684	0.00941	0.01254	0.02709	0.82409	0.03250	0.01540	0.00627	0.00200	0.00285	0.01397	0.00456	0.00399
14	0.00605	0.00430	0.00568	0.00676	0.00703	0.00403	0.00448	0.00686	0.00929	0.01239	0.02647	0.78211	0.03173	0.05843	0.00727	0.00214	0.00295	0.01361	0.00448	0.00394
15	0.05936	0.01162	0.02274	0.23565	0.12691	0.01184	0.42932	0.01472	0.01088	0.01528	0.00935	0.01277	0.00713	0.00440	0.00528	0.00162	0.00725	0.00505	0.00243	0.00639
16	0.01179	0.48170	0.32815	0.01112	0.01655	0.01602	0.04530	0.01509	0.01021	0.01330	0.00774	0.00908	0.00632	0.00438	0.00386	0.00127	0.00617	0.00315	0.00211	0.00669
17	0.03157	0.00852	0.01137	0.01033	0.07169	0.00830	0.03562	0.09292	0.09187	0.29623	0.24756	0.02222	0.03562	0.00718	0.00520	0.00154	0.00396	0.00616	0.00516	0.00695

[dist]
# distance from previous block
# <min> <max>
1	5

[block]
# block no. 8 follows, 51 sequences, length 36
# corresponding to MSA columns:
# 261-296
name=unknown_I
#
# <colnr> <probs for GDERKNQSTAVLIFYWHMCP>
#	G	D	E	R	K	N	Q	S	T	A	V	L	I	F	Y	W	H	M	C	P
0	0.01107	0.01058	0.01972	0.28365	0.07430	0.01100	0.31759	0.05747	0.01161	0.04074	0.01224	0.04690	0.02408	0.00571	0.00544	0.00167	0.00672	0.05043	0.00287	0.00620
1	0.01140	0.01285	0.02748	0.01980	0.02436	0.01232	0.71012	0.01531	0.01144	0.01565	0.03514	0.01387	0.00866	0.00459	0.00639	0.00168	0.05407	0.00581	0.00256	0.00649
2	0.01836	0.02342	0.01393	0.01266	0.01519	0.80756	0.00950	0.01962	0.01393	0.01203	0.00760	0.00886	0.00633	0.00506	0.00443	0.00127	0.00886	0.00317	0.00253	0.00570
3	0.01963	0.00956	0.01181	0.00963	0.01314	0.00919	0.00770	0.02500	0.25232	0.55203	0.02020	0.01817	0.01368	0.00674	0.00527	0.00170	0.00435	0.00536	0.00596	0.00854
4	0.00581	0.00498	0.00498	0.00498	0.00664	0.00415	0.00373	0.00705	0.01120	0.01328	0.04978	0.04729	0.79464	0.01245	0.00581	0.00166	0.00249	0.01037	0.00456	0.00415
5	0.02205	0.00836	0.01140	0.00874	0.01254	0.00722	0.00722	0.02395	0.01407	0.80004	0.01939	0.01673	0.01216	0.00608	0.00494	0.00152	0.00418	0.00494	0.00608	0.00836
6	0.00599	0.00428	0.00570	0.00684	0.00713	0.00399	0.00456	0.00684	0.00941	0.01254	0.02709	0.82409	0.03250	0.01540	0.00627	0.00200	0.00285	0.01397	0.00456	0.00399
7	0.00590	0.00461	0.00536	0.00596	0.00690	0.00407	0.00417	0.00694	0.01025	0.01289	0.03779	0.45785	0.39183	0.01401	0.00605	0.00184	0.00268	0.01227	0.00456	0.00407
8	0.01836	0.02342	0.01393	0.01266	0.01519	0.80756	0.00950	0.01962	0.01393	0.01203	0.00760	0.00886	0.00633	0.00506	0.00443	0.00127	0.00886	0.00317	0.00253	0.00570
9	0.07531	0.00844	0.01114	0.00860	0.01235	0.00746	0.00710	0.02335	0.01370	0.75071	0.01859	0.01617	0.01173	0.00599	0.00482	0.00152	0.00416	0.00480	0.00589	0.00817
10	0.00598	0.00431	0.00567	0.00676	0.00711	0.00400	0.00453	0.00685	0.00949	0.01258	0.02807	0.79045	0.06550	0.01527	0.00625	0.00198	0.00284	0.01381	0.00456	0.00400
11	0.00715	0.00476	0.00536	0.00536	0.00536	0.00476	0.00298	0.00715	0.00715	0.00953	0.01548	0.03216	0.01787	0.82729	0.02501	0.00476	0.00476	0.00715	0.00298	0.00298
12	0.00683	0.00531	0.00681	0.00695	0.00830	0.00487	0.02345	0.00864	0.01172	0.01518	0.21481	0.11643	0.31490	0.01227	0.00612	0.00183	0.00319	0.22326	0.00470	0.00441
13	0.01199	0.01150	0.01963	0.07855	0.74964	0.01163	0.01499	0.01493	0.01111	0.01584	0.00921	0.01222	0.00771	0.00441	0.00487	0.00147	0.00588	0.00438	0.00242	0.00764
14	0.10322	0.00900	0.01150	0.00902	0.01278	0.00802	0.00735	0.02342	0.01394	0.71701	0.01880	0.01684	0.01215	0.00641	0.00507	0.00166	0.00440	0.00495	0.00601	0.00842
15	0.01370	0.71142	0.04344	0.00907	0.01314	0.11593	0.00878	0.01534	0.01048	0.01172	0.00697	0.00806	0.00631	0.00432	0.00335	0.00109	0.00575	0.00272	0.00215	0.00626
16	0.01154	0.25755	0.51025	0.01224	0.01825	0.05903	0.01460	0.03749	0.01083	0.01465	0.00826	0.00961	0.00632	0.00459	0.00422	0.00139	0.00672	0.00334	0.00219	0.00693
17	0.15566	0.07665	0.01319	0.00991	0.03817	0.01073	0.04090	0.12202	0.09481	0.31100	0.02839	0.01383	0.01040	0.00553	0.00447	0.00146	0.00451	0.00437	0.00455	0.04946
18	0.01060	0.01008	0.01712	0.45607	0.38295	0.01127	0.01430	0.01371	0.01045	0.01416	0.00897	0.01267	0.00712	0.00467	0.00489	0.00156	0.00622	0.00437	0.00230	0.00652
19	0.01052	0.01000	0.01698	0.47782	0.36182	0.01124	0.01426	0.01364	0.01041	0.01406	0.00895	0.01270	0.00708	0.00468	0.00489	0.00156	0.00624	0.00437	0.00229	0.00646
20	0.00977	0.00935	0.01619	0.67400	0.12699	0.01110	0.05725	0.01305	0.01009	0.01317	0.00887	0.01300	0.00675	0.00480	0.00496	0.00162	0.00656	0.00445	0.00223	0.00581
21	0.01112	0.01205	0.10809	0.04614	0.01589	0.05519	0.14786	0.06319	0.20026	0.03644	0.05558	0.11191	0.06346	0.00759	0.00538	0.00167	0.00533	0.04258	0.00388	0.00638
22	0.00585	0.00483	0.00513	0.00537	0.00674	0.00412	0.00391	0.00701	0.01082	0.01312	0.04499	0.21117	0.63386	0.01307	0.00591	0.00173	0.00257	0.01113	0.00456	0.00412
23	0.02195	0.00852	0.01150	0.00882	0.01262	0.00745	0.00728	0.04575	0.01433	0.77787	0.01917	0.01658	0.01205	0.00608	0.00494	0.00152	0.00422	0.00493	0.00605	0.00836
