[name]
unknown

[dist]
# distance from previous block
# <min> <max>
0	617

[block]
# block no. 0 follows, 38 sequences, length 7
# corresponding to MSA columns:
# 683-689
name=unknown_A
#
# <colnr> <probs for GDERKNQSTAVLIFYWHMCP>
#	G	D	E	R	K	N	Q	S	T	A	V	L	I	F	Y	W	H	M	C	P
0	0.00777	0.00555	0.00749	0.00888	0.00943	0.00527	0.00636	0.00914	0.01196	0.01585	0.03291	0.64992	0.03882	0.01843	0.00780	0.00250	0.00388	0.14746	0.00558	0.00501
1	0.01102	0.01516	0.23451	0.01149	0.01560	0.01024	0.01151	0.01826	0.17693	0.02283	0.36509	0.03023	0.03343	0.00940	0.00646	0.00193	0.00509	0.00804	0.00528	0.00750
2	0.01428	0.32349	0.30889	0.01338	0.01959	0.01802	0.01475	0.02153	0.17468	0.01851	0.01290	0.01368	0.01005	0.00604	0.00508	0.00169	0.00701	0.00449	0.00335	0.00858
3	0.00767	0.00612	0.00687	0.00669	0.00847	0.00532	0.00501	0.00972	0.01504	0.01941	0.33635	0.05270	0.47124	0.01406	0.00710	0.00198	0.00296	0.01197	0.00600	0.00532
4	0.02028	0.01100	0.01366	0.01019	0.01516	0.00932	0.00831	0.08318	0.01609	0.37171	0.01723	0.01646	0.01187	0.00612	0.00535	0.00143	0.00496	0.00491	0.00562	0.36716
5	0.00733	0.00524	0.00698	0.00838	0.00873	0.00489	0.00558	0.00838	0.01152	0.01536	0.03316	0.78466	0.03979	0.01885	0.00768	0.00244	0.00349	0.01710	0.00558	0.00489
6	0.45256	0.05413	0.17707	0.01014	0.01499	0.01284	0.01017	0.01714	0.01178	0.02365	0.08480	0.01425	0.01217	0.00618	0.00458	0.00176	0.00548	0.00433	0.00368	0.07829

[dist]
# distance from previous block
# <min> <max>
1	27

[block]
# block no. 1 follows, 38 sequences, length 54
# corresponding to MSA columns:
# 717-770
name=unknown_B
#
# <colnr> <probs for GDERKNQSTAVLIFYWHMCP>
#	G	D	E	R	K	N	Q	S	T	A	V	L	I	F	Y	W	H	M	C	P
0	0.07124	0.01439	0.08931	0.01150	0.01535	0.10054	0.02820	0.11313	0.01566	0.13013	0.02154	0.18305	0.07299	0.00962	0.00606	0.00186	0.00591	0.00799	0.00490	0.09663
1	0.01546	0.33196	0.19841	0.01589	0.02178	0.07649	0.17657	0.01924	0.01322	0.03920	0.01032	0.01239	0.00824	0.00558	0.00571	0.00168	0.03234	0.00459	0.00286	0.00806
2	0.01507	0.01569	0.01240	0.01127	0.01369	0.28836	0.00857	0.06617	0.06602	0.02123	0.33621	0.02968	0.05726	0.00961	0.00636	0.00179	0.00626	0.02247	0.00518	0.00670
3	0.05432	0.01172	0.01441	0.01125	0.01564	0.01143	0.00924	0.20396	0.03432	0.48087	0.05417	0.01981	0.01542	0.00849	0.02468	0.00204	0.00564	0.00604	0.00678	0.00975
4	0.03951	0.05796	0.11467	0.21325	0.04689	0.01219	0.01250	0.05678	0.06200	0.06805	0.01930	0.18235	0.04603	0.00947	0.00662	0.00203	0.03089	0.00800	0.00418	0.00731
5	0.00825	0.00671	0.01082	0.01066	0.01178	0.00628	0.10299	0.00984	0.01188	0.01588	0.03033	0.68122	0.03566	0.01699	0.00760	0.00239	0.00439	0.01576	0.00524	0.00532
6	0.01952	0.02464	0.04378	0.04463	0.02178	0.51999	0.14310	0.02196	0.01561	0.01569	0.00981	0.01225	0.00802	0.00630	0.00686	0.00175	0.06944	0.00464	0.00302	0.00720
7	0.04361	0.03801	0.17789	0.02217	0.28189	0.11863	0.01549	0.06508	0.04419	0.06150	0.01367	0.06640	0.01148	0.00682	0.00584	0.00183	0.00744	0.00573	0.00367	0.00866
8	0.01152	0.01090	0.01788	0.46250	0.15036	0.01232	0.05155	0.01557	0.03879	0.01677	0.01957	0.02292	0.12955	0.00744	0.00624	0.00198	0.00706	0.00669	0.00334	0.00706
9	0.00924	0.00885	0.00785	0.00808	0.00972	0.10696	0.00584	0.01062	0.01346	0.01576	0.04515	0.28329	0.42316	0.01517	0.00706	0.00210	0.00424	0.01292	0.00525	0.00527
10	0.15723	0.01214	0.01779	0.03889	0.09375	0.01212	0.12208	0.02389	0.06712	0.33926	0.01714	0.01717	0.01181	0.00667	0.00633	0.00193	0.03484	0.00568	0.00525	0.00891
11	0.01460	0.04717	0.26472	0.02026	0.05170	0.08808	0.28145	0.04461	0.01389	0.01878	0.01093	0.01392	0.00839	0.00605	0.00762	0.00196	0.08926	0.00549	0.00293	0.00821
12	0.00758	0.00543	0.00721	0.00820	0.00878	0.00506	0.00560	0.00902	0.01270	0.01724	0.18671	0.62574	0.04343	0.01744	0.00755	0.00232	0.00335	0.01576	0.00581	0.00506
13	0.03725	0.02707	0.55762	0.01673	0.02456	0.01490	0.05962	0.15194	0.01563	0.02281	0.01149	0.01314	0.00816	0.00596	0.00579	0.00189	0.00842	0.00474	0.00325	0.00903
14	0.03467	0.04834	0.25884	0.08315	0.02744	0.01549	0.28538	0.13431	0.01566	0.02190	0.01175	0.01441	0.00862	0.00572	0.00620	0.00192	0.00873	0.00561	0.00334	0.00853
15	0.01110	0.08119	0.45840	0.01438	0.02042	0.01219	0.04038	0.01594	0.01231	0.01756	0.01664	0.21340	0.01627	0.01034	0.03086	0.00225	0.00758	0.00779	0.00337	0.00762
16	0.02247	0.02867	0.01705	0.01550	0.01860	0.76443	0.01162	0.02402	0.01705	0.01472	0.00930	0.01085	0.00775	0.00620	0.00542	0.00155	0.01085	0.00387	0.00310	0.00697
17	0.14173	0.01288	0.04414	0.22562	0.24000	0.01322	0.01406	0.04278	0.05243	0.13637	0.01343	0.01560	0.00992	0.00612	0.00564	0.00189	0.00660	0.00519	0.00396	0.00840
18	0.01344	0.02155	0.29359	0.02242	0.02951	0.01477	0.47645	0.01919	0.01366	0.01919	0.01168	0.01497	0.00859	0.00530	0.00660	0.00198	0.00969	0.00615	0.00286	0.00839
19	0.00732	0.00528	0.00693	0.00825	0.00869	0.00490	0.00553	0.00839	0.01164	0.01541	0.03472	0.74369	0.07974	0.01864	0.00765	0.00242	0.00347	0.01685	0.00558	0.00490
20	0.01943	0.02188	0.01887	0.16701	0.02407	0.42093	0.06816	0.13182	0.01737	0.01881	0.01056	0.01292	0.00830	0.00635	0.00615	0.00175	0.02999	0.00469	0.00345	0.00750
21	0.01742	0.08713	0.17471	0.01266	0.01710	0.11017	0.01208	0.05718	0.01507	0.20953	0.01933	0.10678	0.03553	0.00900	0.00657	0.00194	0.03436	0.06063	0.00473	0.00806
22	0.02323	0.01867	0.01739	0.01385	0.01828	0.17780	0.01119	0.50243	0.02466	0.11132	0.01435	0.01433	0.01021	0.00703	0.00589	0.00176	0.00736	0.00515	0.00555	0.00953
23	0.00742	0.00551	0.00694	0.00804	0.00881	0.00504	0.00560	0.00866	0.01212	0.01570	0.03905	0.58812	0.19178	0.01795	0.00759	0.00237	0.00351	0.05524	0.00558	0.00496
24	0.01253	0.11853	0.67404	0.01636	0.02482	0.01510	0.02086	0.01893	0.01265	0.01849	0.01052	0.01235	0.00763	0.00565	0.00550	0.00183	0.00861	0.00430	0.00254	0.00876
25	0.01204	0.02695	0.60968	0.01649	0.02415	0.01330	0.04401	0.01907	0.05388	0.01929	0.01391	0.01938	0.01122	0.00702	0.00607	0.00201	0.00834	0.08158	0.00309	0.00853
26	0.00733	0.00524	0.00698	0.00838	0.00873	0.00489	0.00558	0.00838	0.01152	0.01536	0.03316	0.78466	0.03979	0.01885	0.00768	0.00244	0.00349	0.01710	0.00558	0.00489
27	0.01608	0.79220	0.03152	0.01029	0.01544	0.02380	0.01029	0.01801	0.01222	0.01415	0.00836	0.00965	0.00772	0.00515	0.00386	0.00129	0.00643	0.00322	0.00257	0.00772
28	0.02095	0.01357	0.01637	0.17613	0.02227	0.04098	0.01161	0.27462	0.08378	0.25149	0.01719	0.01722	0.01182	0.00708	0.00601	0.00188	0.00645	0.00566	0.00564	0.00929
29	0.01420	0.01623	0.03550	0.02535	0.03144	0.01521	0.72921	0.01927	0.01420	0.01927	0.01217	0.01623	0.00913	0.00507	0.00710	0.00203	0.01014	0.00710	0.00304	0.00811
30	0.01316	0.01316	0.01843	0.01579	0.01579	0.01843	0.01316	0.01448	0.00921	0.01448	0.00790	0.01316	0.00790	0.01053	0.01974	0.00263	0.77757	0.00526	0.00263	0.00658
31	0.01559	0.05470	0.49247	0.01639	0.02327	0.25927	0.01838	0.02064	0.01410	0.01748	0.01023	0.01200	0.00767	0.00586	0.00556	0.00177	0.00945	0.00422	0.00272	0.00823
32	0.00887	0.00750	0.01230	0.01105	0.01281	0.00696	0.13441	0.01116	0.01365	0.01854	0.22971	0.40119	0.07900	0.01437	0.00738	0.00219	0.00447	0.01334	0.00542	0.00569
33	0.02184	0.01000	0.04016	0.01016	0.01417	0.00825	0.00855	0.02447	0.01700	0.54608	0.20327	0.02627	0.02503	0.00859	0.00630	0.00187	0.00469	0.00719	0.00706	0.00905
34	0.00891	0.00644	0.00874	0.01002	0.01120	0.00628	0.00828	0.01116	0.01326	0.01721	0.03445	0.24356	0.09189	0.01706	0.00806	0.00263	0.00484	0.48509	0.00555	0.00534
35	0.01348	0.01955	0.21378	0.07426	0.03078	0.01478	0.50498	0.01895	0.01368	0.01895	0.01173	0.01534	0.00868	0.00530	0.00668	0.00200	0.00969	0.00632	0.00289	0.00821
36	0.03737	0.27935	0.02163	0.01363	0.01741	0.50514	0.01108	0.02191	0.01532	0.01479	0.00897	0.01043	0.00771	0.00584	0.00487	0.00147	0.00927	0.00365	0.00294	0.00721
37	0.00841	0.00605	0.00802	0.00819	0.00937	0.00567	0.00617	0.01085	0.01544	0.02146	0.50316	0.20678	0.05030	0.01426	0.00738	0.00212	0.00332	0.10130	0.00626	0.00549
38	0.00758	0.00543	0.00721	0.00820	0.00878	0.00506	0.00560	0.00902	0.01270	0.01724	0.18671	0.62574	0.04343	0.01744	0.00755	0.00232	0.00335	0.01576	0.00581	0.00506
39	0.17187	0.01972	0.31440	0.01422	0.03869	0.01304	0.04914	0.07249	0.04520	0.14222	0.01596	0.01651	0.04764	0.00664	0.00557	0.00190	0.00684	0.00523	0.00417	0.00856
40	0.08994	0.01117	0.01653	0.07669	0.01814	0.01262	0.12849	0.09971	0.01341	0.01963	0.01791	0.26559	0.01867	0.01110	0.00941	0.00225	0.16857	0.00927	0.00418	0.00672
41	0.01489	0.01429	0.02442	0.03692	0.75106	0.01429	0.01846	0.01846	0.01370	0.01965	0.01132	0.01489	0.00953	0.00536	0.00596	0.00179	0.00715	0.00536	0.00298	0.00953
42	0.04238	0.03188	0.03360	0.17663	0.04877	0.01404	0.01162	0.05927	0.36075	0.12759	0.01921	0.01917	0.01403	0.00723	0.00593	0.00196	0.00583	0.00600	0.00520	0.00889
43	0.01420	0.11739	0.40097	0.01836	0.02545	0.09351	0.20883	0.01950	0.01350	0.01808	0.01072	0.01309	0.00805	0.00553	0.00583	0.00183	0.00914	0.00495	0.00274	0.00834
44	0.00743	0.00530	0.00709	0.00849	0.00888	0.00497	0.00575	0.00854	0.01161	0.01546	0.03310	0.75564	0.03958	0.01876	0.00770	0.00246	0.00357	0.04518	0.00558	0.00491
45	0.01532	0.01520	0.03148	0.02271	0.02838	0.01431	0.60043	0.03543	0.03371	0.08611	0.04414	0.01792	0.01189	0.00571	0.00696	0.00200	0.00917	0.00712	0.00373	0.00828
46	0.15758	0.03945	0.25691	0.01297	0.01852	0.03618	0.03717	0.04486	0.06742	0.19243	0.04893	0.03501	0.01309	0.00692	0.00559	0.00188	0.00653	0.00546	0.00456	0.00852
47	0.01439	0.01553	0.03151	0.02876	0.25927	0.01501	0.48396	0.01888	0.01390	0.01926	0.01178	0.01572	0.00922	0.00531	0.00709	0.00197	0.03042	0.00650	0.00301	0.00852
48	0.00843	0.00552	0.00693	0.00760	0.00842	0.00522	0.00531	0.01027	0.01301	0.01887	0.19295	0.45251	0.03842	0.01481	0.00680	0.00209	0.00319	0.01322	0.18121	0.00522
49	0.15887	0.01372	0.01539	0.01238	0.01644	0.07913	0.05811	0.14491	0.06342	0.28987	0.01733	0.04729	0.01263	0.00744	0.00625	0.00190	0.03480	0.00581	0.00555	0.00878
50	0.06226	0.01896	0.15774	0.14027	0.08754	0.15545	0.03278	0.05501	0.09744	0.11424	0.01383	0.01521	0.01013	0.00637	0.00576	0.00185	0.00770	0.00509	0.00398	0.00838
51	0.00770	0.00557	0.00731	0.00824	0.00896	0.00518	0.00578	0.00925	0.01293	0.01741	0.18638	0.54898	0.08041	0.01714	0.00756	0.00232	0.00344	0.05452	0.00580	0.00510
52	0.01540	0.01881	0.17863	0.07350	0.30906	0.07229	0.01658	0.08861	0.12735	0.02145	0.01334	0.01531	0.01032	0.00615	0.00590	0.00185	0.00744	0.00528	0.00365	0.00907
53	0.01846	0.01655	0.04876	0.01975	0.06547	0.11198	0.31754	0.04071	0.03219	0.19334	0.01450	0.01623	0.01045	0.00631	0.00731	0.00194	0.05969	0.00607	0.00419	0.00856

[dist]
# distance from previous block
# <min> <max>
8	15

[block]
# block no. 2 follows, 38 sequences, length 39
# corresponding to MSA columns:
# 786-824
name=unknown_C
#
# <colnr> <probs for GDERKNQSTAVLIFYWHMCP>
#	G	D	E	R	K	N	Q	S	T	A	V	L	I	F	Y	W	H	M	C	P
0	0.01638	0.01360	0.01628	0.01362	0.01587	0.01652	0.01104	0.28080	0.11212	0.02441	0.01460	0.06020	0.01279	0.05701	0.01287	0.00243	0.30045	0.00641	0.00457	0.00804
1	0.01238	0.02894	0.65188	0.01835	0.02683	0.01415	0.12558	0.01908	0.01292	0.01908	0.01100	0.01322	0.00784	0.00562	0.00592	0.00192	0.00907	0.00483	0.00261	0.00878
2	0.01104	0.00754	0.01050	0.01029	0.01189	0.00735	0.05085	0.03267	0.08252	0.09423	0.02951	0.53290	0.03227	0.01539	0.00731	0.00232	0.00436	0.04512	0.00568	0.00625
3	0.05412	0.02038	0.34330	0.01449	0.02096	0.01257	0.05566	0.08053	0.03594	0.26159	0.03169	0.01643	0.01161	0.00657	0.00588	0.00189	0.00711	0.00535	0.00469	0.00924
4	0.01060	0.00914	0.01013	0.01032	0.01203	0.07464	0.02773	0.05029	0.03075	0.01786	0.03397	0.26663	0.16360	0.01508	0.00744	0.00234	0.00512	0.24122	0.00531	0.00580
5	0.14612	0.01274	0.06226	0.01315	0.01817	0.01094	0.13127	0.02522	0.01537	0.47496	0.01865	0.01765	0.01220	0.00665	0.00585	0.00189	0.00613	0.00570	0.00583	0.00923
6	0.01285	0.03663	0.13106	0.43538	0.19874	0.01389	0.03402	0.01714	0.01269	0.03533	0.01114	0.01521	0.00849	0.00581	0.00592	0.00192	0.00788	0.00521	0.00285	0.00781
7	0.00925	0.00807	0.01416	0.01273	0.01458	0.00768	0.17798	0.01147	0.01225	0.01644	0.02701	0.49218	0.03053	0.01698	0.05386	0.00281	0.00602	0.07543	0.00483	0.00574
8	0.01368	0.01454	0.02915	0.20202	0.18200	0.01459	0.41696	0.01820	0.01359	0.01844	0.01165	0.01591	0.00895	0.00535	0.00661	0.00197	0.00903	0.00633	0.00294	0.00807
9	0.03935	0.01344	0.04029	0.07872	0.47005	0.01312	0.01555	0.02077	0.06610	0.13921	0.03481	0.01705	0.01212	0.00615	0.00595	0.00184	0.00656	0.00565	0.00402	0.00924
10	0.01394	0.01435	0.02773	0.23690	0.16644	0.01469	0.36411	0.05188	0.01417	0.01913	0.01171	0.01584	0.00894	0.00549	0.00653	0.00197	0.00883	0.00621	0.00307	0.00807
11	0.00942	0.00721	0.01025	0.00970	0.01093	0.00700	0.06843	0.05410	0.01305	0.01766	0.13830	0.37376	0.03382	0.18985	0.01263	0.00305	0.00473	0.02565	0.00511	0.00535
12	0.01362	0.19693	0.48943	0.01449	0.02165	0.01515	0.01741	0.01880	0.01305	0.06615	0.04608	0.03795	0.01140	0.00642	0.00545	0.00178	0.00765	0.00497	0.00315	0.00844
13	0.01379	0.08714	0.21926	0.20722	0.02628	0.03109	0.09283	0.07178	0.04695	0.04785	0.01423	0.08907	0.01197	0.00724	0.00601	0.00193	0.00760	0.00630	0.00356	0.00790
14	0.04838	0.00983	0.09306	0.01048	0.01242	0.00808	0.03157	0.03973	0.03006	0.01799	0.06381	0.51507	0.03139	0.01488	0.00766	0.00229	0.03917	0.01314	0.00502	0.00595
15	0.05166	0.04167	0.30370	0.08531	0.02497	0.02827	0.17963	0.05029	0.01406	0.05485	0.04330	0.03544	0.01246	0.00682	0.00616	0.00196	0.00806	0.03979	0.00350	0.00807
16	0.07974	0.01656	0.08130	0.07421	0.15958	0.06775	0.33480	0.01923	0.01381	0.05425	0.01244	0.03630	0.00983	0.00585	0.00629	0.00193	0.00855	0.00615	0.00331	0.00814
17	0.03500	0.09034	0.19616	0.05110	0.03318	0.01479	0.11840	0.11283	0.11771	0.11687	0.04378	0.01692	0.01259	0.00659	0.00591	0.00187	0.00708	0.00566	0.00440	0.00883
18	0.01480	0.01308	0.05372	0.02007	0.17295	0.01290	0.16269	0.04531	0.01365	0.11280	0.05672	0.01874	0.01353	0.01343	0.13467	0.00329	0.11953	0.00626	0.00387	0.00798
19	0.03358	0.01365	0.04313	0.01677	0.07134	0.03426	0.17770	0.08278	0.10331	0.19591	0.01841	0.10220	0.01492	0.00814	0.00724	0.00202	0.05381	0.00729	0.00497	0.00858
20	0.03721	0.01229	0.01793	0.01405	0.01801	0.03590	0.17154	0.09997	0.06382	0.22193	0.10813	0.02604	0.06786	0.00852	0.00696	0.00198	0.03073	0.04338	0.00550	0.00827
21	0.04229	0.00976	0.01160	0.01004	0.01306	0.00981	0.00783	0.06246	0.18270	0.26307	0.10312	0.08068	0.05761	0.08513	0.00872	0.00236	0.00473	0.03075	0.00621	0.00806
22	0.01403	0.01215	0.10363	0.07593	0.10669	0.01017	0.04718	0.06496	0.03121	0.11064	0.03627	0.14327	0.01744	0.00862	0.00592	0.00187	0.00556	0.00756	0.18934	0.00755
23	0.01679	0.04340	0.18309	0.01712	0.02269	0.08685	0.21822	0.13945	0.04509	0.09062	0.01550	0.05082	0.02826	0.00689	0.00624	0.00190	0.00809	0.00628	0.00413	0.00855
24	0.03257	0.20549	0.33769	0.01396	0.02004	0.01462	0.06501	0.01831	0.01314	0.08581	0.04852	0.09138	0.01393	0.00731	0.00562	0.00181	0.00712	0.00603	0.00356	0.00808
25	0.01761	0.02042	0.02311	0.09051	0.22864	0.32901	0.16619	0.02069	0.01506	0.01713	0.01060	0.01358	0.00856	0.00571	0.00598	0.00176	0.00941	0.00510	0.00302	0.00791
26	0.01411	0.02183	0.35358	0.01711	0.02337	0.04653	0.17435	0.07505	0.01494	0.05561	0.07415	0.03922	0.01410	0.00707	0.00661	0.00196	0.02649	0.02195	0.00368	0.00830
27	0.01368	0.01877	0.21689	0.02415	0.22892	0.01448	0.21792	0.01956	0.07983	0.01936	0.01269	0.01607	0.01003	0.03079	0.00775	0.00208	0.04938	0.00585	0.00317	0.00862
28	0.00731	0.00533	0.00689	0.00814	0.00866	0.00491	0.00548	0.00840	0.01175	0.01545	0.03608	0.70815	0.11441	0.01847	0.00762	0.00240	0.00344	0.01664	0.00558	0.00491
29	0.05625	0.04886	0.02894	0.11284	0.12429	0.01468	0.43920	0.01859	0.01376	0.03965	0.03564	0.01645	0.01055	0.00555	0.00647	0.00194	0.00868	0.00639	0.00324	0.00801
30	0.01448	0.01643	0.11718	0.03618	0.07239	0.01421	0.37433	0.03681	0.10691	0.05444	0.01535	0.02017	0.01216	0.00667	0.00701	0.00205	0.02579	0.05527	0.00380	0.00839
31	0.01286	0.03700	0.16993	0.30601	0.18459	0.01445	0.12068	0.01735	0.01271	0.01750	0.01087	0.01486	0.00840	0.00586	0.00665	0.00195	0.04226	0.00536	0.00276	0.00795
32	0.01025	0.00742	0.00899	0.00883	0.01050	0.00741	0.00651	0.01527	0.16056	0.05692	0.29776	0.27391	0.08504	0.01348	0.00703	0.00210	0.00356	0.01190	0.00617	0.00639
33	0.03043	0.13659	0.43503	0.01784	0.11239	0.04502	0.01796	0.05108	0.04655	0.03652	0.01148	0.01310	0.00862	0.00582	0.00547	0.00179	0.00794	0.00452	0.00307	0.00880
34	0.01619	0.01887	0.08888	0.02394	0.21184	0.15578	0.24857	0.08018	0.01561	0.01995	0.01260	0.03346	0.01045	0.00628	0.00633	0.00188	0.00879	0.02865	0.00339	0.00836
35	0.01233	0.01112	0.01950	0.01550	0.01882	0.01110	0.28272	0.07761	0.05835	0.01988	0.01916	0.19182	0.01820	0.01470	0.11946	0.00318	0.00819	0.00896	0.08240	0.00701
36	0.05395	0.02038	0.32537	0.01397	0.02009	0.01366	0.01478	0.10230	0.17963	0.17012	0.01677	0.01652	0.01174	0.00677	0.00582	0.00191	0.00676	0.00535	0.00477	0.00934
37	0.01754	0.01263	0.11294	0.05929	0.04947	0.01006	0.02496	0.05721	0.05641	0.30422	0.04505	0.18434	0.01982	0.00963	0.00641	0.00201	0.00562	0.00833	0.00564	0.00843
38	0.01207	0.03112	0.75741	0.01715	0.02604	0.01397	0.02223	0.01905	0.01270	0.01905	0.01080	0.01270	0.00762	0.00572	0.00572	0.00191	0.00889	0.00445	0.00254	0.00889

[dist]
# distance from previous block
# <min> <max>
0	7

[block]
# block no. 3 follows, 38 sequences, length 21
# corresponding to MSA columns:
# 832-852
name=unknown_D
#
# <colnr> <probs for GDERKNQSTAVLIFYWHMCP>
#	G	D	E	R	K	N	Q	S	T	A	V	L	I	F	Y	W	H	M	C	P
0	0.01344	0.01428	0.01129	0.01159	0.01317	0.28703	0.00869	0.01504	0.01406	0.01568	0.02403	0.34658	0.02682	0.01369	0.00698	0.00218	0.00665	0.15835	0.00465	0.00580
1	0.05728	0.00949	0.01187	0.00982	0.01312	0.00905	0.00792	0.11008	0.01808	0.32909	0.29049	0.03019	0.03022	0.00950	0.00641	0.00190	0.00446	0.03616	0.00671	0.00818
2	0.03822	0.25717	0.51843	0.01482	0.02244	0.01688	0.01819	0.01870	0.01248	0.01783	0.01000	0.01170	0.00762	0.00554	0.00510	0.00172	0.00803	0.00404	0.00259	0.00847
3	0.01544	0.00767	0.01051	0.01017	0.01248	0.00706	0.00821	0.01756	0.01444	0.29069	0.02921	0.25331	0.02877	0.01385	0.00729	0.00234	0.00480	0.25285	0.00626	0.00710
4	0.01195	0.01219	0.02418	0.04857	0.02312	0.01168	0.41402	0.01605	0.01503	0.02079	0.28488	0.02679	0.02672	0.00793	0.00738	0.00199	0.02689	0.00838	0.00434	0.00711
5	0.02001	0.01557	0.16164	0.01539	0.07170	0.01173	0.08025	0.06373	0.07472	0.35951	0.04988	0.01903	0.01437	0.00699	0.00613	0.00189	0.00643	0.00602	0.00553	0.00947
6	0.01462	0.00709	0.00957	0.00924	0.01118	0.00635	0.00679	0.01614	0.01363	0.28977	0.02966	0.50122	0.03055	0.01462	0.00707	0.00223	0.00409	0.01300	0.00627	0.00687
7	0.00738	0.00527	0.00703	0.00834	0.00874	0.00492	0.00559	0.00850	0.01175	0.01573	0.06386	0.75288	0.04052	0.01857	0.00765	0.00242	0.00346	0.01683	0.00563	0.00492
8	0.01366	0.33279	0.46969	0.01443	0.02184	0.01787	0.01750	0.01864	0.01251	0.01711	0.00983	0.01149	0.00766	0.00549	0.00498	0.00166	0.00792	0.00396	0.00255	0.00843
9	0.14230	0.01474	0.02111	0.07030	0.54421	0.06919	0.01601	0.01858	0.01332	0.02020	0.01068	0.01386	0.00885	0.00549	0.00557	0.00179	0.00708	0.00492	0.00309	0.00872
10	0.01341	0.01377	0.02632	0.28761	0.23872	0.01431	0.28147	0.01769	0.01331	0.01803	0.01142	0.01578	0.00886	0.00548	0.00640	0.00195	0.00856	0.00600	0.00290	0.00802
11	0.22249	0.01037	0.01101	0.04057	0.01369	0.01137	0.00795	0.15934	0.09192	0.04347	0.02099	0.29999	0.02114	0.01117	0.00606	0.00209	0.00478	0.00936	0.00518	0.00708
12	0.01702	0.12871	0.08932	0.01674	0.02149	0.09418	0.22934	0.09491	0.01537	0.10377	0.01375	0.06266	0.01125	0.00704	0.00711	0.00189	0.06726	0.00616	0.00388	0.00815
13	0.01540	0.48724	0.24760	0.01246	0.01862	0.01967	0.01376	0.01956	0.04599	0.05487	0.01064	0.01172	0.00855	0.00558	0.00463	0.00154	0.00703	0.00390	0.00298	0.00829
14	0.01905	0.02250	0.01977	0.01878	0.10272	0.46021	0.11441	0.03879	0.04528	0.01718	0.01260	0.01750	0.01093	0.00694	0.00601	0.00177	0.00953	0.06507	0.00348	0.00748
15	0.11652	0.01202	0.01536	0.29442	0.02480	0.07065	0.05108	0.03104	0.07226	0.09899	0.12004	0.02111	0.01710	0.00741	0.00596	0.00194	0.00654	0.02118	0.00434	0.00726
16	0.01225	0.08399	0.46630	0.21721	0.02876	0.01481	0.01936	0.01776	0.01230	0.01746	0.01043	0.01337	0.00775	0.00600	0.00638	0.00192	0.04865	0.00463	0.00258	0.00809
17	0.00909	0.01483	0.28531	0.01163	0.01515	0.00826	0.01176	0.01234	0.01196	0.01673	0.02486	0.49834	0.02786	0.01398	0.00695	0.00224	0.00549	0.01241	0.00446	0.00637
18	0.00948	0.00931	0.01540	0.08310	0.01773	0.00866	0.20697	0.01221	0.01361	0.01698	0.04174	0.06791	0.44939	0.01168	0.00702	0.00204	0.00550	0.01061	0.00461	0.00606
19	0.01671	0.07459	0.32466	0.01513	0.04072	0.01330	0.05993	0.02313	0.11415	0.21092	0.01659	0.03737	0.01203	0.00677	0.00588	0.00189	0.00705	0.00564	0.00444	0.00910
20	0.01379	0.01477	0.13353	0.40360	0.13825	0.01368	0.01658	0.04407	0.05225	0.07220	0.01256	0.01588	0.00931	0.00626	0.00634	0.00196	0.02831	0.00534	0.00335	0.00798

[dist]
# distance from previous block
# <min> <max>
20	52

[block]
# block no. 4 follows, 38 sequences, length 12
# corresponding to MSA columns:
# 933-944
name=unknown_E
#
# <colnr> <probs for GDERKNQSTAVLIFYWHMCP>
#	G	D	E	R	K	N	Q	S	T	A	V	L	I	F	Y	W	H	M	C	P
0	0.01301	0.05817	0.56998	0.01510	0.02253	0.01290	0.01851	0.01887	0.01361	0.08000	0.10604	0.01733	0.01451	0.00668	0.00584	0.00187	0.00770	0.00535	0.00347	0.00854
1	0.01558	0.37612	0.27639	0.01256	0.01895	0.01739	0.01394	0.01935	0.01296	0.09760	0.01109	0.01213	0.00858	0.00553	0.00479	0.00153	0.00695	0.00398	0.00318	0.08139
2	0.01219	0.02492	0.53124	0.01465	0.02246	0.01216	0.01764	0.01787	0.01263	0.01922	0.01076	0.01263	0.00801	0.00533	0.00533	0.00160	0.00754	0.00418	0.00285	0.25678
3	0.00860	0.00586	0.00652	0.00652	0.00670	0.00576	0.00373	0.00874	0.00919	0.01207	0.02270	0.04102	0.08675	0.71954	0.02852	0.00549	0.00558	0.00910	0.00382	0.00377
4	0.00864	0.01151	0.16880	0.00896	0.01227	0.00719	0.00874	0.01177	0.01457	0.01942	0.27378	0.04393	0.36352	0.01223	0.00680	0.00196	0.00424	0.01032	0.00527	0.00610
5	0.00955	0.00730	0.00906	0.00818	0.01024	0.00677	0.00620	0.01356	0.07977	0.02336	0.56785	0.06181	0.04674	0.01114	0.00669	0.00179	0.00323	0.00978	0.00615	0.11084
6	0.01468	0.00758	0.01018	0.00904	0.01151	0.00687	0.00722	0.01734	0.01668	0.26137	0.42053	0.03990	0.04030	0.01127	0.00691	0.00199	0.00393	0.09881	0.00675	0.00714
7	0.01408	0.01068	0.01457	0.30773	0.02447	0.01205	0.01161	0.11680	0.12359	0.08620	0.12578	0.08901	0.02049	0.00869	0.00634	0.00199	0.00592	0.00749	0.00491	0.00760
8	0.01439	0.11669	0.08711	0.01918	0.17768	0.06313	0.13835	0.01789	0.01333	0.01848	0.01070	0.01320	0.00874	0.00507	0.00534	0.00147	0.00710	0.00462	0.00310	0.27443
9	0.18292	0.01098	0.01340	0.01353	0.10700	0.01150	0.02682	0.02210	0.19659	0.15371	0.17512	0.02324	0.02226	0.00797	0.00583	0.00191	0.00482	0.00665	0.00550	0.00817
10	0.05013	0.31778	0.11732	0.01305	0.01858	0.03939	0.09912	0.02069	0.01369	0.17621	0.01266	0.01343	0.00947	0.00570	0.00505	0.00158	0.00683	0.00451	0.00382	0.07100
11	0.03993	0.10326	0.38523	0.01400	0.02079	0.01375	0.01576	0.07043	0.01501	0.24319	0.01464	0.01478	0.00998	0.00628	0.00559	0.00182	0.00722	0.00484	0.00430	0.00920

[dist]
# distance from previous block
# <min> <max>
1	30

[block]
# block no. 5 follows, 38 sequences, length 26
# corresponding to MSA columns:
# 976-982,986-1004
name=unknown_F
#
# <colnr> <probs for GDERKNQSTAVLIFYWHMCP>
#	G	D	E	R	K	N	Q	S	T	A	V	L	I	F	Y	W	H	M	C	P
0	0.01371	0.01471	0.17733	0.04684	0.01780	0.00945	0.01100	0.01729	0.01323	0.10978	0.04425	0.05066	0.01275	0.00617	0.00526	0.00140	0.00557	0.00508	0.00399	0.43371
1	0.01784	0.01603	0.08239	0.05606	0.01990	0.01586	0.04490	0.32025	0.25268	0.04126	0.01698	0.01702	0.01244	0.00708	0.00599	0.00186	0.00632	0.00576	0.00531	0.05408
2	0.01535	0.01403	0.01985	0.05496	0.39489	0.07970	0.04013	0.05769	0.04872	0.05282	0.07937	0.02256	0.01638	0.00739	0.00628	0.00190	0.00687	0.06858	0.00404	0.00851
3	0.05001	0.02299	0.48561	0.01410	0.02099	0.01180	0.01670	0.01945	0.01372	0.14909	0.05834	0.01973	0.07706	0.00722	0.00589	0.00191	0.00719	0.00576	0.00395	0.00851
4	0.04254	0.03165	0.20899	0.06064	0.19167	0.01182	0.03130	0.04961	0.01388	0.06991	0.04986	0.15371	0.04139	0.00874	0.00620	0.00196	0.00648	0.00766	0.00402	0.00797
5	0.00733	0.00524	0.00698	0.00838	0.00873	0.00489	0.00558	0.00838	0.01152	0.01536	0.03316	0.78466	0.03979	0.01885	0.00768	0.00244	0.00349	0.01710	0.00558	0.00489
6	0.01293	0.01153	0.02009	0.38117	0.19242	0.01255	0.10331	0.01662	0.01319	0.05837	0.05351	0.07024	0.01371	0.00705	0.00631	0.00198	0.00733	0.00671	0.00347	0.00751
7	0.01855	0.37162	0.06370	0.01173	0.01634	0.08682	0.01077	0.02287	0.11438	0.17685	0.01413	0.01419	0.01075	0.00640	0.00552	0.00163	0.03658	0.00454	0.00417	0.00847
8	0.01333	0.01896	0.25862	0.15054	0.30753	0.01424	0.01840	0.01919	0.07713	0.01905	0.01209	0.01498	0.00938	0.00602	0.00640	0.00191	0.03526	0.00519	0.00305	0.00874
9	0.00743	0.00558	0.00692	0.00783	0.00872	0.00506	0.00548	0.00878	0.01252	0.01624	0.08575	0.52432	0.22364	0.01742	0.00752	0.00231	0.00341	0.04042	0.00565	0.00501
10	0.06730	0.22019	0.12196	0.00973	0.01333	0.01222	0.00934	0.01456	0.01444	0.02058	0.36581	0.05736	0.03249	0.00924	0.00582	0.00175	0.00482	0.00763	0.00471	0.00671
11	0.01722	0.12059	0.22726	0.01703	0.02334	0.01558	0.21474	0.13644	0.01628	0.13362	0.01343	0.01476	0.00959	0.00597	0.00596	0.00184	0.00798	0.00543	0.00400	0.00894
12	0.00749	0.00535	0.00717	0.00856	0.00898	0.00503	0.00587	0.00866	0.01168	0.01554	0.03307	0.73559	0.03943	0.01869	0.00772	0.00247	0.00363	0.06457	0.00558	0.00493
13	0.01304	0.02389	0.45491	0.06333	0.22025	0.01411	0.01979	0.01983	0.07721	0.01955	0.01214	0.01433	0.00910	0.00585	0.00583	0.00189	0.00801	0.00495	0.00298	0.00900
14	0.05315	0.01913	0.05733	0.01755	0.02245	0.18205	0.24265	0.20194	0.05850	0.06637	0.01324	0.01473	0.00977	0.00623	0.00613	0.00184	0.00853	0.00559	0.00424	0.00857
15	0.01439	0.01243	0.02094	0.35389	0.09858	0.01371	0.15178	0.02022	0.11905	0.09308	0.01430	0.01728	0.01057	0.00634	0.00659	0.00200	0.02714	0.00597	0.00376	0.00799
16	0.00751	0.00571	0.00691	0.00746	0.00858	0.00512	0.00527	0.00909	0.01340	0.01749	0.19265	0.39077	0.27572	0.01629	0.00737	0.00219	0.00321	0.01435	0.00580	0.00512
17	0.10476	0.08488	0.19821	0.01304	0.01873	0.01527	0.01290	0.26821	0.01880	0.18666	0.01442	0.01444	0.01001	0.00655	0.00553	0.00180	0.00663	0.00490	0.00494	0.00930
18	0.03534	0.21290	0.47402	0.01491	0.02222	0.01620	0.03663	0.04591	0.01339	0.04024	0.02927	0.01308	0.00920	0.00583	0.00531	0.00175	0.00787	0.00443	0.00297	0.00853
19	0.01130	0.00649	0.00869	0.00875	0.01023	0.00594	0.00647	0.01318	0.01419	0.14909	0.22631	0.39840	0.03965	0.01489	0.00727	0.00221	0.00374	0.06091	0.00619	0.00610
20	0.01442	0.01198	0.01453	0.25049	0.02297	0.02783	0.01133	0.12062	0.29226	0.02307	0.01812	0.03911	0.01400	0.00746	0.00587	0.00192	0.00589	0.00622	0.10382	0.00809
21	0.01697	0.01222	0.01280	0.01136	0.01428	0.07768	0.00874	0.17469	0.16166	0.15077	0.02363	0.26481	0.02196	0.01110	0.00653	0.00204	0.00535	0.00943	0.00589	0.00808
22	0.01395	0.04336	0.49374	0.01455	0.02159	0.01284	0.01718	0.03915	0.06713	0.10895	0.01880	0.01919	0.08903	0.00715	0.00590	0.00191	0.00738	0.00569	0.00382	0.00870
23	0.01791	0.02128	0.01746	0.32723	0.02798	0.45580	0.01371	0.02047	0.01499	0.01499	0.00987	0.01298	0.00786	0.00612	0.00567	0.00174	0.00969	0.00448	0.00292	0.00685
24	0.13280	0.35017	0.07614	0.01154	0.01643	0.03769	0.04085	0.05327	0.07394	0.11604	0.03116	0.01380	0.01079	0.00610	0.00481	0.00163	0.00624	0.00446	0.00396	0.00817
25	0.04306	0.02097	0.02171	0.02073	0.15733	0.32353	0.14215	0.15856	0.01788	0.02130	0.01116	0.01324	0.00877	0.00602	0.00589	0.00174	0.00903	0.00501	0.00365	0.00827

[dist]
# distance from previous block
# <min> <max>
12	97

[block]
# block no. 6 follows, 38 sequences, length 20
# corresponding to MSA columns:
# 1157-1176
name=unknown_G
#
# <colnr> <probs for GDERKNQSTAVLIFYWHMCP>
#	G	D	E	R	K	N	Q	S	T	A	V	L	I	F	Y	W	H	M	C	P
0	0.01234	0.01244	0.02228	0.46644	0.03470	0.01467	0.18661	0.01615	0.01207	0.01615	0.01057	0.01560	0.00826	0.00655	0.00860	0.00212	0.13893	0.00575	0.00275	0.00701
1	0.00969	0.00919	0.00836	0.00894	0.01015	0.12602	0.00629	0.01093	0.01295	0.01548	0.03628	0.48009	0.21141	0.01593	0.00718	0.00220	0.00455	0.01389	0.00519	0.00527
2	0.21491	0.00986	0.01295	0.30443	0.02283	0.01182	0.01091	0.01409	0.01123	0.01820	0.01671	0.17692	0.04675	0.00950	0.00737	0.00213	0.09192	0.00760	0.00367	0.00618
3	0.00968	0.00854	0.01371	0.03783	0.01483	0.00812	0.16139	0.04204	0.01313	0.01707	0.03264	0.31891	0.20239	0.07980	0.00925	0.00250	0.00530	0.01226	0.00479	0.00581
4	0.01685	0.01156	0.01319	0.01135	0.01433	0.01223	0.00883	0.37843	0.02053	0.08716	0.02285	0.32976	0.02269	0.01199	0.00670	0.00207	0.00522	0.01024	0.00596	0.00805
5	0.01207	0.03112	0.75741	0.01715	0.02604	0.01397	0.02223	0.01905	0.01270	0.01905	0.01080	0.01270	0.00762	0.00572	0.00572	0.00191	0.00889	0.00445	0.00254	0.00889
6	0.07909	0.01246	0.01767	0.20311	0.02387	0.01323	0.09772	0.16661	0.05016	0.21844	0.01592	0.01700	0.01109	0.00663	0.00592	0.00190	0.00661	0.00568	0.03830	0.00860
7	0.01207	0.03112	0.75741	0.01715	0.02604	0.01397	0.02223	0.01905	0.01270	0.01905	0.01080	0.01270	0.00762	0.00572	0.00572	0.00191	0.00889	0.00445	0.00254	0.00889
8	0.01416	0.01454	0.01867	0.02582	0.44905	0.13158	0.01391	0.01690	0.01424	0.01802	0.02337	0.02497	0.19352	0.00796	0.00616	0.00181	0.00671	0.00695	0.00365	0.00801
9	0.21672	0.02358	0.45391	0.01800	0.13803	0.01390	0.01771	0.01862	0.01225	0.02113	0.01028	0.01232	0.00765	0.00563	0.00526	0.00188	0.00756	0.00429	0.00290	0.00840
10	0.01610	0.01990	0.20690	0.01801	0.02377	0.05743	0.23623	0.13521	0.13096	0.05133	0.01430	0.01582	0.01050	0.00637	0.00665	0.00195	0.02984	0.00585	0.00404	0.00884
11	0.00733	0.00524	0.00698	0.00838	0.00873	0.00489	0.00558	0.00838	0.01152	0.01536	0.03316	0.78466	0.03979	0.01885	0.00768	0.00244	0.00349	0.01710	0.00558	0.00489
12	0.01420	0.01623	0.03550	0.02535	0.03144	0.01521	0.72921	0.01927	0.01420	0.01927	0.01217	0.01623	0.00913	0.00507	0.00710	0.00203	0.01014	0.00710	0.00304	0.00811
13	0.01353	0.01500	0.01099	0.01087	0.01267	0.31542	0.00788	0.01493	0.01437	0.01559	0.05592	0.31569	0.14821	0.01281	0.00664	0.00199	0.00640	0.01070	0.00461	0.00580
14	0.01292	0.19343	0.60261	0.01568	0.02378	0.01607	0.01968	0.01883	0.01260	0.01801	0.01028	0.01205	0.00764	0.00559	0.00532	0.00177	0.00837	0.00418	0.00255	0.00864
15	0.00733	0.00524	0.00698	0.00838	0.00873	0.00489	0.00558	0.00838	0.01152	0.01536	0.03316	0.78466	0.03979	0.01885	0.00768	0.00244	0.00349	0.01710	0.00558	0.00489
16	0.01349	0.01485	0.03115	0.21205	0.03393	0.01475	0.55156	0.01830	0.01366	0.01830	0.01180	0.01618	0.00885	0.00531	0.00683	0.00202	0.00961	0.00666	0.00295	0.00776
17	0.04154	0.01515	0.01469	0.11928	0.01896	0.16113	0.01043	0.27126	0.01869	0.04705	0.01656	0.14667	0.01521	0.04749	0.00729	0.00208	0.00688	0.00722	0.02479	0.00763
18	0.01073	0.00898	0.01373	0.14412	0.14004	0.00924	0.03710	0.04448	0.01474	0.02032	0.29043	0.15151	0.03237	0.04611	0.00784	0.00216	0.00513	0.00953	0.00487	0.00656
19	0.00993	0.00871	0.01311	0.11752	0.22062	0.00869	0.01041	0.01219	0.01274	0.01678	0.03099	0.28597	0.20384	0.01247	0.00683	0.00210	0.00500	0.01116	0.00447	0.00647

[dist]
# distance from previous block
# <min> <max>
12	39

[block]
# block no. 7 follows, 38 sequences, length 23
# corresponding to MSA columns:
# 1240-1262
name=unknown_H
#
# <colnr> <probs for GDERKNQSTAVLIFYWHMCP>
#	G	D	E	R	K	N	Q	S	T	A	V	L	I	F	Y	W	H	M	C	P
0	0.01379	0.35864	0.44503	0.01420	0.02148	0.01820	0.01709	0.01860	0.01250	0.01694	0.00975	0.01139	0.00766	0.00547	0.00492	0.00164	0.00783	0.00392	0.00255	0.00839
1	0.00797	0.00578	0.00807	0.00895	0.00961	0.00595	0.00648	0.00948	0.01097	0.01496	0.02686	0.45284	0.03049	0.05094	0.26486	0.00502	0.00798	0.06299	0.00472	0.00506
2	0.01526	0.28636	0.42027	0.01403	0.02114	0.01667	0.01654	0.01996	0.01309	0.10776	0.01156	0.01262	0.00855	0.00574	0.00513	0.00169	0.00760	0.00423	0.00315	0.00866
3	0.05193	0.08220	0.47608	0.01839	0.02601	0.01500	0.20892	0.01897	0.01295	0.01913	0.01087	0.01328	0.00798	0.00550	0.00585	0.00189	0.00884	0.00501	0.00273	0.00848
4	0.01412	0.01437	0.02707	0.14703	0.40533	0.01445	0.25137	0.01825	0.01360	0.01887	0.01150	0.01551	0.00916	0.00537	0.00634	0.00190	0.00826	0.00593	0.00295	0.00862
5	0.00748	0.00543	0.00700	0.00813	0.00869	0.00504	0.00553	0.00864	0.01187	0.01567	0.06044	0.63578	0.10604	0.05220	0.00864	0.00254	0.00359	0.03687	0.00553	0.00490
6	0.22447	0.05931	0.01712	0.01870	0.25942	0.01322	0.01152	0.06555	0.01449	0.20621	0.01404	0.01496	0.01029	0.00611	0.00522	0.00178	0.00576	0.00489	0.03825	0.00872
7	0.01702	0.01153	0.06795	0.01089	0.01443	0.01018	0.00930	0.14775	0.07037	0.23363	0.19357	0.10883	0.02719	0.01010	0.00655	0.00198	0.00495	0.03931	0.00625	0.00822
8	0.00759	0.00545	0.00726	0.00860	0.00913	0.00512	0.00601	0.00885	0.01185	0.01569	0.03395	0.67920	0.06311	0.01847	0.00773	0.00247	0.00371	0.09527	0.00558	0.00497
9	0.01459	0.01368	0.01782	0.52098	0.03365	0.08957	0.01497	0.13788	0.03742	0.01939	0.01152	0.01535	0.00868	0.00645	0.00642	0.00195	0.03364	0.00525	0.00339	0.00740
10	0.01503	0.04657	0.30905	0.01799	0.02454	0.01349	0.25791	0.03749	0.01454	0.12387	0.06824	0.01735	0.01290	0.00625	0.00628	0.00192	0.00819	0.00603	0.00380	0.00857
11	0.01252	0.10259	0.66202	0.01680	0.02523	0.01495	0.04725	0.01896	0.01271	0.01860	0.01062	0.01254	0.00769	0.00564	0.00559	0.00185	0.00870	0.00443	0.00256	0.00875
12	0.02247	0.02867	0.01705	0.01550	0.01860	0.76443	0.01162	0.02402	0.01705	0.01472	0.00930	0.01085	0.00775	0.00620	0.00542	0.00155	0.01085	0.00387	0.00310	0.00697
13	0.01481	0.06769	0.11631	0.15136	0.02808	0.01433	0.32633	0.03281	0.04409	0.09393	0.01400	0.04441	0.01078	0.00624	0.00638	0.00195	0.00832	0.00643	0.00361	0.00813
14	0.04297	0.03283	0.01736	0.19371	0.02310	0.06799	0.06260	0.12558	0.17023	0.12162	0.01655	0.04539	0.01265	0.00738	0.00647	0.00195	0.03244	0.00609	0.00473	0.00836
15	0.00733	0.00524	0.00698	0.00838	0.00873	0.00489	0.00558	0.00838	0.01152	0.01536	0.03316	0.78466	0.03979	0.01885	0.00768	0.00244	0.00349	0.01710	0.00558	0.00489
16	0.01224	0.01171	0.02020	0.58398	0.19030	0.01365	0.05038	0.01620	0.01248	0.01645	0.01089	0.01581	0.00839	0.00583	0.00605	0.00196	0.00793	0.00543	0.00275	0.00735
17	0.01648	0.11450	0.18367	0.01742	0.02342	0.01582	0.24865	0.11785	0.08783	0.09412	0.01407	0.01545	0.01026	0.00605	0.00605	0.00186	0.00791	0.00569	0.00402	0.00887
18	0.01386	0.02547	0.50681	0.01768	0.08337	0.01463	0.01886	0.09466	0.12565	0.02199	0.01331	0.01455	0.00969	0.00622	0.00583	0.00191	0.00788	0.00498	0.00348	0.00918
19	0.00905	0.00656	0.00796	0.00842	0.00978	0.00621	0.00617	0.03374	0.04805	0.04144	0.08476	0.40502	0.21664	0.01607	0.00737	0.00227	0.00373	0.07541	0.00575	0.00561
20	0.04323	0.23621	0.15579	0.01182	0.01644	0.02899	0.04085	0.01898	0.10032	0.08207	0.05415	0.09643	0.07416	0.00837	0.00562	0.00180	0.00601	0.00681	0.00422	0.00774
21	0.01924	0.04282	0.04771	0.14244	0.05564	0.08714	0.01208	0.18196	0.10703	0.18119	0.01585	0.01633	0.01133	0.00673	0.00581	0.00180	0.00673	0.00535	0.00496	0.04787
22	0.01563	0.01641	0.11623	0.04371	0.01709	0.12880	0.01099	0.19681	0.04988	0.05295	0.04731	0.07688	0.16255	0.00967	0.00632	0.00192	0.00643	0.02785	0.00490	0.00769

[dist]
# distance from previous block
# <min> <max>
7	37

[block]
# block no. 8 follows, 38 sequences, length 12
# corresponding to MSA columns:
# 1321-1332
name=unknown_I
#
# <colnr> <probs for GDERKNQSTAVLIFYWHMCP>
#	G	D	E	R	K	N	Q	S	T	A	V	L	I	F	Y	W	H	M	C	P
0	0.04084	0.17791	0.06381	0.01026	0.01345	0.01243	0.00896	0.10095	0.03610	0.02006	0.11693	0.17778	0.02312	0.01441	0.09803	0.00279	0.00647	0.02477	0.00450	0.04643
1	0.05865	0.28303	0.09641	0.05219	0.01816	0.06616	0.01160	0.08179	0.06267	0.13189	0.01279	0.01356	0.00973	0.00631	0.00572	0.00167	0.04387	0.00447	0.00398	0.03536
2	0.01348	0.01447	0.07144	0.25443	0.37207	0.01431	0.09673	0.01745	0.01295	0.01801	0.01101	0.01515	0.00882	0.00582	0.00681	0.00193	0.04847	0.00548	0.00285	0.00832
3	0.00792	0.00547	0.00686	0.00773	0.00849	0.00509	0.00533	0.00945	0.01253	0.01737	0.12108	0.53313	0.10623	0.01627	0.00713	0.00221	0.00329	0.01453	0.10482	0.00509
4	0.05597	0.06404	0.01809	0.23355	0.20749	0.01284	0.01332	0.01801	0.01318	0.13614	0.04404	0.02023	0.01328	0.04818	0.00785	0.00213	0.04381	0.03616	0.00390	0.00778
5	0.05716	0.02305	0.32321	0.01471	0.02069	0.12249	0.01529	0.14974	0.06415	0.11406	0.01356	0.01422	0.00967	0.00654	0.00603	0.00185	0.02568	0.00485	0.00415	0.00890
6	0.00753	0.00565	0.00702	0.00794	0.00887	0.00514	0.00564	0.00894	0.01260	0.01632	0.08285	0.49501	0.22578	0.01734	0.00754	0.00233	0.00349	0.06933	0.00564	0.00503
7	0.00743	0.00559	0.00689	0.00765	0.00860	0.00505	0.00532	0.00886	0.01287	0.01681	0.13960	0.48684	0.23269	0.01697	0.00744	0.00226	0.00328	0.01506	0.00573	0.00505
8	0.01375	0.01764	0.19588	0.26389	0.17185	0.01448	0.12907	0.08542	0.01439	0.01982	0.01142	0.01491	0.00860	0.00578	0.00610	0.00192	0.00825	0.00542	0.00308	0.00831
9	0.02017	0.01269	0.01761	0.08894	0.16456	0.04363	0.04779	0.11488	0.01718	0.31722	0.05437	0.02000	0.03875	0.00720	0.00614	0.00186	0.00630	0.00619	0.00542	0.00912
10	0.00994	0.01105	0.10840	0.01182	0.01377	0.00929	0.09116	0.01191	0.01078	0.01497	0.02000	0.25566	0.02220	0.26435	0.01636	0.00345	0.10532	0.01009	0.00389	0.00559
11	0.01093	0.00969	0.00959	0.05876	0.01211	0.09907	0.00678	0.04562	0.03249	0.01693	0.13078	0.09993	0.16465	0.22963	0.04434	0.00335	0.00585	0.00941	0.00464	0.00545

[dist]
# distance from previous block
# <min> <max>
3	18

[block]
# block no. 9 follows, 38 sequences, length 18
# corresponding to MSA columns:
# 1351-1368
name=unknown_J
#
# <colnr> <probs for GDERKNQSTAVLIFYWHMCP>
#	G	D	E	R	K	N	Q	S	T	A	V	L	I	F	Y	W	H	M	C	P
0	0.01562	0.01572	0.06212	0.01456	0.01893	0.11200	0.15343	0.13455	0.07690	0.04164	0.05128	0.10471	0.01576	0.00776	0.00612	0.00176	0.00691	0.00691	0.00443	0.14890
1	0.01222	0.06902	0.03917	0.04406	0.04659	0.01225	0.15872	0.01670	0.09610	0.01830	0.03647	0.18930	0.01802	0.00918	0.00748	0.00193	0.07571	0.00820	0.00404	0.13655
2	0.03969	0.17435	0.24947	0.01811	0.02449	0.01677	0.27304	0.06112	0.03207	0.01956	0.01122	0.01363	0.00858	0.00564	0.00616	0.00184	0.02760	0.00526	0.00306	0.00834
3	0.01575	0.10734	0.26616	0.03988	0.10474	0.01440	0.05267	0.07811	0.07220	0.11784	0.04207	0.03620	0.01265	0.00672	0.00582	0.00184	0.00707	0.00563	0.00407	0.00883
4	0.00809	0.00595	0.00803	0.00906	0.00976	0.00589	0.00667	0.00967	0.01222	0.01636	0.07883	0.51236	0.06096	0.01901	0.04803	0.00284	0.02822	0.14747	0.00543	0.00515
5	0.01376	0.08394	0.47292	0.01609	0.02331	0.01409	0.09487	0.02024	0.06629	0.07768	0.01526	0.01640	0.04565	0.00639	0.00585	0.00188	0.00795	0.00534	0.00340	0.00868
6	0.01214	0.01819	0.26566	0.31211	0.15480	0.01340	0.06007	0.01700	0.01275	0.01760	0.01357	0.01695	0.04726	0.00623	0.00603	0.00194	0.00802	0.00554	0.00286	0.00790
7	0.01608	0.00959	0.01328	0.22144	0.02078	0.01012	0.01015	0.02072	0.12304	0.25520	0.04112	0.12849	0.01872	0.07402	0.00836	0.00234	0.00564	0.00787	0.00533	0.00772
8	0.00903	0.00606	0.00842	0.00866	0.00936	0.00659	0.00633	0.01015	0.01009	0.01462	0.01943	0.19626	0.02014	0.06667	0.33407	0.13080	0.03208	0.00867	0.09777	0.00482
9	0.01541	0.01677	0.02433	0.19526	0.08970	0.15493	0.26318	0.04494	0.04165	0.01808	0.01144	0.01500	0.00894	0.00614	0.00734	0.00195	0.06835	0.00573	0.00315	0.00770
10	0.01748	0.01292	0.01767	0.01410	0.01787	0.07409	0.16296	0.06886	0.10253	0.21703	0.05321	0.10348	0.06773	0.00896	0.00695	0.00199	0.03066	0.00796	0.00537	0.00819
11	0.01052	0.00748	0.00907	0.00910	0.01058	0.00744	0.00660	0.10001	0.05797	0.04528	0.13088	0.46880	0.08219	0.01525	0.00721	0.00222	0.00389	0.01352	0.00588	0.00613
12	0.01534	0.01572	0.02050	0.31693	0.14523	0.14793	0.09698	0.06930	0.07739	0.01880	0.01217	0.01539	0.00939	0.00610	0.00603	0.00188	0.00825	0.00542	0.00337	0.00784
13	0.13032	0.30536	0.35824	0.01309	0.01972	0.01730	0.01514	0.01886	0.01235	0.04611	0.01005	0.01146	0.00777	0.00555	0.00477	0.00167	0.00725	0.00389	0.00290	0.00818
14	0.01227	0.01033	0.01687	0.39792	0.19104	0.01150	0.01422	0.01552	0.01287	0.06105	0.05169	0.14630	0.01649	0.00841	0.00634	0.00202	0.00664	0.00763	0.00371	0.00718
