[name]
unknown

[dist]
# distance from previous block
# <min> <max>
5	36

[block]
# block no. 0 follows, 50 sequences, length 46
# corresponding to MSA columns:
# 36-81
name=unknown_A
#
# <colnr> <probs for GDERKNQSTAVLIFYWHMCP>
#	G	D	E	R	K	N	Q	S	T	A	V	L	I	F	Y	W	H	M	C	P
0	0.21492	0.01139	0.01026	0.00904	0.01166	0.12827	0.00701	0.10866	0.01360	0.11742	0.08505	0.01863	0.05604	0.00944	0.06433	0.00217	0.00562	0.00517	0.11472	0.00659
1	0.01062	0.20155	0.01495	0.07146	0.16294	0.03631	0.00862	0.01318	0.02784	0.03756	0.33566	0.02192	0.02401	0.00696	0.00491	0.00143	0.00436	0.00593	0.00379	0.00598
2	0.00616	0.00505	0.00544	0.00557	0.00700	0.00439	0.00409	0.00771	0.02687	0.01408	0.11240	0.17306	0.58523	0.01278	0.00595	0.00173	0.00260	0.01088	0.00471	0.00430
3	0.00896	0.00770	0.00863	0.00845	0.03671	0.00819	0.00624	0.01535	0.31150	0.01660	0.07349	0.03147	0.34024	0.01161	0.06419	0.00215	0.03038	0.00775	0.00455	0.00585
4	0.01254	0.41839	0.02777	0.01480	0.01946	0.01614	0.39419	0.01545	0.01095	0.01386	0.00852	0.01074	0.00698	0.00423	0.00455	0.00138	0.00688	0.00428	0.00233	0.00656
5	0.00852	0.00442	0.00663	0.00663	0.00671	0.00450	0.00450	0.00671	0.00663	0.00892	0.00908	0.01555	0.00900	0.01912	0.09003	0.77892	0.00514	0.00442	0.00221	0.00237
6	0.01191	0.01141	0.01946	0.14510	0.68257	0.01173	0.01508	0.01492	0.01115	0.01576	0.00930	0.01248	0.00771	0.00452	0.00494	0.00151	0.00603	0.00444	0.00243	0.00755
7	0.01080	0.01027	0.01745	0.44261	0.39375	0.01144	0.01453	0.01395	0.01062	0.01442	0.00910	0.01284	0.00724	0.00473	0.00496	0.00158	0.00630	0.00444	0.00233	0.00665
8	0.00622	0.00445	0.00593	0.00693	0.00733	0.00416	0.00472	0.00728	0.01006	0.01353	0.10624	0.72230	0.03432	0.01501	0.00632	0.00198	0.00288	0.03152	0.00471	0.00413
9	0.00839	0.00451	0.00676	0.00676	0.00692	0.00467	0.00467	0.00692	0.00676	0.00917	0.00949	0.01594	0.00933	0.02087	0.15859	0.70500	0.00593	0.00451	0.00225	0.00257
10	0.01177	0.01328	0.02861	0.02125	0.06460	0.01246	0.72361	0.01587	0.01172	0.01599	0.01003	0.01333	0.00758	0.00420	0.00580	0.00165	0.00819	0.00576	0.00253	0.02176
11	0.00679	0.00490	0.00623	0.00703	0.00769	0.00467	0.00516	0.00794	0.00991	0.01288	0.02820	0.37192	0.13090	0.15658	0.00977	0.00254	0.00364	0.21487	0.00434	0.00404
12	0.00693	0.00509	0.00649	0.00614	0.00737	0.00465	0.00461	0.00917	0.01382	0.01930	0.71311	0.03836	0.12545	0.01045	0.00588	0.00158	0.00237	0.00917	0.00540	0.00465
13	0.01895	0.01396	0.01496	0.01147	0.01546	0.01546	0.00947	0.77711	0.02344	0.03141	0.01197	0.01197	0.00848	0.00598	0.00499	0.00150	0.00548	0.00449	0.00499	0.00848
14	0.86003	0.00964	0.00733	0.00655	0.00964	0.01118	0.00540	0.01465	0.00848	0.02236	0.00694	0.00810	0.00540	0.00463	0.00308	0.00154	0.00386	0.00270	0.00308	0.00540
15	0.00707	0.00605	0.00618	0.00598	0.00785	0.00567	0.00453	0.01062	0.14836	0.01490	0.05963	0.04256	0.63965	0.01154	0.00575	0.00168	0.00277	0.00963	0.00472	0.00487
16	0.01026	0.00983	0.01353	0.01173	0.01173	0.01342	0.00951	0.01116	0.00757	0.01158	0.00817	0.01475	0.00859	0.15324	0.01795	0.00265	0.67212	0.00487	0.00233	0.00502
17	0.00784	0.00638	0.00931	0.00889	0.00958	0.00790	0.00702	0.00944	0.00791	0.01159	0.01213	0.01836	0.01152	0.05751	0.62978	0.00680	0.16564	0.00522	0.00259	0.00459
18	0.16166	0.02104	0.45051	0.01214	0.01759	0.15159	0.01358	0.01708	0.01114	0.08647	0.00934	0.01040	0.00671	0.00492	0.00443	0.00152	0.00676	0.00355	0.00272	0.00684
19	0.01197	0.01338	0.15076	0.01086	0.01449	0.01225	0.00975	0.02459	0.64763	0.01995	0.01828	0.01717	0.01364	0.00640	0.00501	0.00167	0.00455	0.00529	0.00455	0.00780
20	0.01177	0.01302	0.08183	0.00896	0.01333	0.14843	0.00769	0.01414	0.01102	0.01549	0.00866	0.01011	0.00712	0.00404	0.00393	0.00091	0.00496	0.00306	0.00281	0.62872
21	0.01282	0.01894	0.23305	0.07090	0.04411	0.20828	0.29200	0.01657	0.01179	0.01469	0.00901	0.01146	0.00687	0.00473	0.00535	0.00156	0.02443	0.00445	0.00239	0.00659
22	0.05617	0.14582	0.21414	0.01072	0.01539	0.03319	0.01072	0.14773	0.08311	0.21615	0.01274	0.01256	0.00898	0.00542	0.00455	0.00147	0.00550	0.00411	0.00395	0.00759
23	0.01044	0.12875	0.03438	0.00860	0.01114	0.01055	0.00713	0.01800	0.35869	0.01874	0.27114	0.03571	0.03806	0.00781	0.00512	0.00157	0.00370	0.01938	0.00467	0.00644
24	0.00697	0.00509	0.00654	0.00618	0.00739	0.00467	0.00464	0.00924	0.01391	0.01951	0.73637	0.03803	0.10206	0.01037	0.00588	0.00158	0.00236	0.00913	0.00542	0.00467
25	0.04909	0.00904	0.01463	0.30260	0.30650	0.00994	0.01201	0.01261	0.01017	0.01438	0.01197	0.12654	0.01126	0.00917	0.07692	0.00221	0.00633	0.00580	0.00273	0.00609
26	0.01094	0.10061	0.50244	0.01745	0.17149	0.01252	0.08484	0.01562	0.01076	0.01550	0.00893	0.01089	0.00674	0.00458	0.00473	0.00152	0.00698	0.00393	0.00222	0.00732
27	0.01071	0.01914	0.44276	0.11120	0.25334	0.01164	0.05045	0.01530	0.01076	0.01559	0.00911	0.01151	0.00688	0.00465	0.00487	0.00156	0.00690	0.00409	0.00224	0.00729
28	0.00607	0.00434	0.00578	0.00694	0.00723	0.00405	0.00463	0.00694	0.00954	0.01272	0.02747	0.82157	0.03297	0.01562	0.00636	0.00202	0.00289	0.01417	0.00463	0.00405
29	0.00816	0.00594	0.00746	0.00798	0.00896	0.00599	0.00604	0.07798	0.04636	0.01516	0.02488	0.42140	0.03935	0.07748	0.00782	0.00225	0.00380	0.22376	0.00454	0.00470
30	0.01500	0.10460	0.15737	0.03995	0.01884	0.29870	0.15433	0.12278	0.01378	0.01617	0.00892	0.01054	0.00691	0.00491	0.00474	0.00143	0.00765	0.00395	0.00276	0.00667
31	0.00674	0.00496	0.00631	0.00624	0.00732	0.00453	0.00458	0.00869	0.01296	0.01790	0.56532	0.17744	0.13560	0.01145	0.00597	0.00166	0.00247	0.01011	0.00523	0.00453
32	0.01594	0.01340	0.12680	0.03191	0.01560	0.01194	0.04712	0.39516	0.01764	0.12664	0.04729	0.01435	0.01075	0.00588	0.00488	0.00149	0.00529	0.00472	0.09563	0.00758
33	0.01492	0.01224	0.01682	0.01989	0.36519	0.05069	0.04624	0.19632	0.07663	0.09024	0.01208	0.01337	0.00918	0.00524	0.00491	0.00149	0.00559	0.00461	0.04657	0.00776
34	0.01010	0.02504	0.75239	0.01462	0.02184	0.01164	0.06428	0.01580	0.01060	0.01580	0.00901	0.01070	0.00639	0.00470	0.00481	0.00158	0.00743	0.00382	0.00213	0.00733
35	0.00604	0.00446	0.00565	0.00661	0.00714	0.00408	0.00448	0.00698	0.00987	0.01286	0.03155	0.68458	0.16732	0.01509	0.00628	0.00196	0.00283	0.01352	0.00463	0.00408
36	0.01032	0.01167	0.07802	0.03734	0.07678	0.01027	0.39289	0.01450	0.05862	0.01660	0.14902	0.09020	0.01714	0.00651	0.00570	0.00167	0.00627	0.00685	0.00334	0.00630
37	0.01597	0.46294	0.01959	0.00906	0.01283	0.08568	0.00825	0.01768	0.01176	0.23434	0.01204	0.01419	0.00973	0.00558	0.00410	0.00131	0.00530	0.05936	0.00350	0.00680
38	0.86003	0.00964	0.00733	0.00655	0.00964	0.01118	0.00540	0.01465	0.00848	0.02236	0.00694	0.00810	0.00540	0.00463	0.00308	0.00154	0.00386	0.00270	0.00308	0.00540
39	0.00638	0.00492	0.00583	0.00592	0.00711	0.00437	0.00432	0.00798	0.01204	0.01582	0.33135	0.20780	0.34358	0.01232	0.00599	0.00171	0.00254	0.01071	0.00496	0.00437
40	0.00763	0.00616	0.00906	0.01179	0.15940	0.00616	0.00701	0.00936	0.03234	0.01355	0.02236	0.56837	0.02563	0.01469	0.06525	0.00235	0.01868	0.01122	0.00404	0.00496
41	0.01120	0.01071	0.02066	0.01563	0.01902	0.01068	0.43145	0.01422	0.01106	0.07250	0.01582	0.02010	0.09042	0.00932	0.07891	0.00234	0.10502	0.05175	0.00311	0.00611
42	0.08380	0.00538	0.00621	0.00614	0.00663	0.00573	0.00399	0.00830	0.00754	0.01125	0.01436	0.02734	0.01564	0.56543	0.20728	0.00529	0.00675	0.00639	0.00294	0.00357
43	0.01200	0.01150	0.01962	0.12060	0.70636	0.01175	0.01513	0.01500	0.01119	0.01588	0.00932	0.01245	0.00775	0.00450	0.00494	0.00150	0.00600	0.00444	0.00244	0.00762
44	0.05560	0.01245	0.01518	0.03043	0.32563	0.12466	0.02410	0.01607	0.06873	0.02663	0.00982	0.01163	0.00799	0.00454	0.00445	0.00127	0.00551	0.00387	0.00289	0.24855
45	0.01252	0.01103	0.01407	0.07197	0.26033	0.08053	0.00987	0.01549	0.05040	0.07519	0.02561	0.01308	0.00922	0.02601	0.00502	0.00132	0.00514	0.00407	0.00312	0.30601

[dist]
# distance from previous block
# <min> <max>
3	13

[block]
# block no. 1 follows, 50 sequences, length 45
# corresponding to MSA columns:
# 95-139
name=unknown_B
#
# <colnr> <probs for GDERKNQSTAVLIFYWHMCP>
#	G	D	E	R	K	N	Q	S	T	A	V	L	I	F	Y	W	H	M	C	P
0	0.00722	0.00565	0.00669	0.00721	0.00827	0.00560	0.00519	0.01050	0.14205	0.01438	0.03100	0.48092	0.18835	0.01338	0.00607	0.00191	0.00309	0.05304	0.00470	0.00477
1	0.01521	0.01193	0.01745	0.04933	0.50970	0.07288	0.01282	0.03244	0.01244	0.19931	0.01169	0.01318	0.00879	0.00495	0.00492	0.00149	0.00578	0.00448	0.00338	0.00780
2	0.01137	0.24454	0.43752	0.01224	0.03137	0.01397	0.01384	0.01736	0.14228	0.01554	0.01033	0.01123	0.00788	0.00495	0.00437	0.00145	0.00620	0.00375	0.00262	0.00720
3	0.01107	0.01055	0.01794	0.37045	0.46380	0.01151	0.01467	0.01418	0.01075	0.01474	0.00915	0.01275	0.00735	0.00468	0.00496	0.00156	0.00624	0.00444	0.00236	0.00687
4	0.01269	0.01367	0.01626	0.02031	0.38234	0.20798	0.04759	0.01489	0.01184	0.01451	0.01582	0.01754	0.14092	0.00626	0.00573	0.00152	0.05553	0.00523	0.00285	0.00654
5	0.01203	0.15214	0.02885	0.01888	0.02379	0.01382	0.64499	0.01579	0.01149	0.01524	0.00955	0.01252	0.00736	0.00421	0.00543	0.00158	0.00788	0.00533	0.00245	0.00667
6	0.01031	0.18451	0.33085	0.01248	0.01726	0.01199	0.12911	0.01443	0.04703	0.01462	0.01283	0.16795	0.01211	0.00676	0.00492	0.00158	0.00608	0.00593	0.00280	0.00645
7	0.01235	0.01165	0.01871	0.02711	0.66076	0.01194	0.01404	0.01720	0.14306	0.01706	0.01123	0.01340	0.00914	0.00484	0.00496	0.00152	0.00558	0.00464	0.00291	0.00789
8	0.00606	0.00437	0.00575	0.00685	0.00721	0.00406	0.00459	0.00695	0.00963	0.01276	0.02856	0.78501	0.06882	0.01547	0.00634	0.00201	0.00287	0.01400	0.00463	0.00406
9	0.00725	0.00629	0.01068	0.00977	0.01113	0.00585	0.16578	0.00884	0.01012	0.01345	0.02524	0.60550	0.07386	0.01305	0.00623	0.00193	0.00402	0.01221	0.00419	0.00462
10	0.03725	0.00916	0.01064	0.00775	0.01206	0.00739	0.00624	0.06100	0.01145	0.08820	0.00997	0.01097	0.00784	0.00409	0.00387	0.00088	0.00386	0.00323	0.00337	0.70078
11	0.00725	0.00483	0.00544	0.00544	0.00544	0.00483	0.00302	0.00725	0.00725	0.00966	0.01571	0.03262	0.01812	0.82483	0.02537	0.00483	0.00483	0.00725	0.00302	0.00302
12	0.01439	0.00905	0.01030	0.00888	0.01183	0.00942	0.00702	0.02251	0.41309	0.26136	0.02524	0.02309	0.14656	0.00758	0.00519	0.00164	0.00380	0.00627	0.00534	0.00745
13	0.01242	0.15643	0.23112	0.01342	0.04184	0.17818	0.12253	0.01617	0.05404	0.01446	0.02317	0.07974	0.01032	0.00592	0.00481	0.00150	0.00677	0.01797	0.00275	0.00645
14	0.03425	0.01160	0.01740	0.27696	0.44350	0.06604	0.01386	0.01527	0.04493	0.01523	0.00951	0.01257	0.00765	0.00477	0.00488	0.00154	0.00622	0.00436	0.00252	0.00693
15	0.00607	0.00434	0.00578	0.00694	0.00723	0.00405	0.00463	0.00694	0.00954	0.01272	0.02747	0.82157	0.03297	0.01562	0.00636	0.00202	0.00289	0.01417	0.00463	0.00405
16	0.01129	0.01198	0.02324	0.01997	0.15279	0.01244	0.43086	0.01447	0.01057	0.01487	0.00956	0.01330	0.00785	0.00800	0.07711	0.00229	0.16519	0.00529	0.00246	0.00648
17	0.01149	0.14044	0.26334	0.01762	0.08110	0.01336	0.35488	0.01563	0.01103	0.01522	0.00914	0.01159	0.00701	0.00448	0.00526	0.00155	0.02305	0.00458	0.00232	0.00694
18	0.00675	0.00484	0.00657	0.00710	0.00757	0.00502	0.00500	0.00782	0.00864	0.01181	0.02024	0.35548	0.02280	0.18642	0.28226	0.00464	0.00692	0.04247	0.00363	0.00400
19	0.00607	0.00434	0.00578	0.00694	0.00723	0.00405	0.00463	0.00694	0.00954	0.01272	0.02747	0.82157	0.03297	0.01562	0.00636	0.00202	0.00289	0.01417	0.00463	0.00405
20	0.01426	0.68631	0.02401	0.00929	0.01325	0.15790	0.00872	0.01580	0.01083	0.01181	0.00707	0.00817	0.00640	0.00442	0.00343	0.00110	0.00597	0.00276	0.00221	0.00629
21	0.00619	0.00468	0.00572	0.00627	0.00712	0.00421	0.00439	0.00742	0.01086	0.01418	0.16436	0.45833	0.26061	0.01380	0.00614	0.00185	0.00269	0.01221	0.00477	0.00421
22	0.01180	0.46098	0.37963	0.01113	0.01681	0.01600	0.01305	0.01532	0.01031	0.01358	0.00785	0.00915	0.00636	0.00448	0.00390	0.00130	0.00626	0.00313	0.00212	0.00684
23	0.01734	0.01147	0.01563	0.01184	0.01567	0.01166	0.13887	0.36560	0.01802	0.22983	0.09794	0.01627	0.01351	0.00618	0.00524	0.00155	0.00531	0.00535	0.00493	0.00777
24	0.01238	0.01139	0.14568	0.01151	0.07298	0.03335	0.06166	0.02823	0.04646	0.19410	0.16680	0.09531	0.08292	0.00781	0.00537	0.00161	0.00472	0.00682	0.00436	0.00653
25	0.01186	0.01317	0.02785	0.02264	0.15679	0.01248	0.64614	0.01585	0.01169	0.01602	0.00996	0.01326	0.00762	0.00424	0.00572	0.00165	0.00798	0.00564	0.00251	0.00692
26	0.01511	0.00877	0.00966	0.00791	0.01058	0.00913	0.00637	0.29877	0.01594	0.15596	0.01524	0.01584	0.01110	0.00593	0.00430	0.00135	0.00383	0.00465	0.39283	0.00673
27	0.00849	0.00444	0.00666	0.00666	0.00675	0.00453	0.00453	0.00675	0.00666	0.00897	0.00917	0.01563	0.00907	0.01949	0.10444	0.76338	0.00530	0.00444	0.00222	0.00241
28	0.01160	0.07843	0.36747	0.01522	0.05655	0.05622	0.17359	0.01779	0.14284	0.01622	0.01092	0.01233	0.00818	0.00494	0.00492	0.00156	0.00687	0.00441	0.00274	0.00719
29	0.00590	0.00502	0.00508	0.00513	0.00675	0.00420	0.00382	0.00714	0.01128	0.01343	0.04949	0.08189	0.75845	0.01275	0.00591	0.00170	0.00254	0.01068	0.00463	0.00420
30	0.00627	0.00442	0.00572	0.00668	0.00692	0.00418	0.00435	0.00699	0.00915	0.01220	0.02547	0.68721	0.03044	0.15343	0.00960	0.00250	0.00322	0.01299	0.00435	0.00387
31	0.00929	0.00465	0.00465	0.00465	0.00581	0.00465	0.00348	0.01161	0.01045	0.01858	0.01626	0.01858	0.01278	0.00581	0.00348	0.00116	0.00232	0.00465	0.85250	0.00465
32	0.00752	0.00512	0.00692	0.00692	0.00768	0.00568	0.00512	0.00903	0.00827	0.01238	0.01432	0.02203	0.01365	0.19017	0.51195	0.00621	0.00976	0.00561	0.14747	0.00420
33	0.00712	0.00534	0.00801	0.00801	0.00890	0.00623	0.00623	0.00890	0.00801	0.01157	0.01335	0.01958	0.01246	0.03738	0.80507	0.00801	0.01335	0.00534	0.00267	0.00445
34	0.00607	0.00434	0.00578	0.00694	0.00723	0.00405	0.00463	0.00694	0.00954	0.01272	0.02747	0.82157	0.03297	0.01562	0.00636	0.00202	0.00289	0.01417	0.00463	0.00405
35	0.01065	0.01205	0.18117	0.00970	0.01303	0.00946	0.00912	0.01849	0.32636	0.05921	0.26834	0.02281	0.02347	0.00741	0.00526	0.00162	0.00419	0.00628	0.00462	0.00677
36	0.01674	0.02008	0.01730	0.01645	0.12440	0.53744	0.12511	0.05640	0.01385	0.01428	0.00850	0.01027	0.00690	0.00494	0.00479	0.00138	0.00830	0.00384	0.00267	0.00635
37	0.01000	0.02578	0.79900	0.01421	0.02157	0.01158	0.01842	0.01579	0.01052	0.01579	0.00895	0.01052	0.00631	0.00474	0.00474	0.00158	0.00737	0.00368	0.00210	0.00737
38	0.00714	0.00525	0.00757	0.00757	0.00831	0.00599	0.00568	0.00862	0.00788	0.01125	0.01375	0.02180	0.01343	0.17149	0.67228	0.00747	0.01190	0.00567	0.00273	0.00421
39	0.01098	0.01140	0.01481	0.67660	0.03111	0.14625	0.01313	0.01396	0.01067	0.01264	0.00866	0.01256	0.00661	0.00501	0.00490	0.00160	0.00704	0.00422	0.00228	0.00558
40	0.71583	0.14898	0.01053	0.00689	0.01018	0.01264	0.00593	0.01470	0.00876	0.02055	0.00694	0.00808	0.00557	0.00457	0.00310	0.00146	0.00411	0.00269	0.00292	0.00557
41	0.01846	0.01239	0.01377	0.01058	0.01453	0.01310	0.00870	0.53982	0.05859	0.16426	0.01346	0.01303	0.00940	0.00585	0.00488	0.00145	0.00503	0.00450	0.00502	0.08317
42	0.01941	0.00814	0.01061	0.00833	0.01182	0.00715	0.00682	0.05438	0.01417	0.63014	0.02458	0.02203	0.14490	0.00726	0.00516	0.00156	0.00400	0.00593	0.00586	0.00775
43	0.01603	0.01600	0.14766	0.01176	0.01597	0.07077	0.01068	0.43620	0.17974	0.02517	0.01289	0.01289	0.00937	0.00587	0.00493	0.00154	0.00573	0.00450	0.00434	0.00797
44	0.01395	0.00811	0.00986	0.00871	0.01097	0.00808	0.00669	0.22548	0.01465	0.22514	0.02110	0.38412	0.02071	0.01044	0.00562	0.00175	0.00397	0.00906	0.00513	0.00645

[dist]
# distance from previous block
# <min> <max>
0	4

[block]
# block no. 2 follows, 50 sequences, length 78
# corresponding to MSA columns:
# 144-221
name=unknown_C
#
# <colnr> <probs for GDERKNQSTAVLIFYWHMCP>
#	G	D	E	R	K	N	Q	S	T	A	V	L	I	F	Y	W	H	M	C	P
0	0.00647	0.00498	0.00745	0.00793	0.00855	0.00465	0.05889	0.00758	0.00970	0.01295	0.02625	0.76470	0.03118	0.01481	0.00633	0.00200	0.00328	0.01359	0.00448	0.00424
1	0.01623	0.01050	0.01464	0.01159	0.01522	0.01071	0.13879	0.05644	0.33734	0.30507	0.01796	0.01683	0.01256	0.00607	0.00518	0.00163	0.00488	0.00540	0.00504	0.00793
2	0.01422	0.05709	0.18196	0.01506	0.01969	0.19777	0.25738	0.07360	0.06072	0.05905	0.01043	0.01194	0.00778	0.00493	0.00503	0.00152	0.00746	0.00448	0.00296	0.00692
3	0.00703	0.00530	0.00714	0.00745	0.00781	0.00580	0.00526	0.00797	0.00849	0.01171	0.01944	0.37419	0.02215	0.19375	0.21514	0.00417	0.08004	0.00954	0.00356	0.00406
4	0.00608	0.00495	0.00539	0.00550	0.00691	0.00426	0.00404	0.00745	0.01149	0.01429	0.15352	0.16008	0.57325	0.01271	0.00596	0.00172	0.00255	0.01084	0.00475	0.00426
5	0.01848	0.01381	0.01533	0.01281	0.07023	0.01520	0.00988	0.72350	0.02258	0.03035	0.01178	0.01199	0.00844	0.00587	0.00498	0.00149	0.00552	0.00448	0.00481	0.00844
6	0.01444	0.01252	0.01214	0.01058	0.01359	0.09850	0.00829	0.13808	0.55693	0.05205	0.01765	0.01650	0.01314	0.00645	0.00499	0.00161	0.00473	0.00518	0.00483	0.00777
7	0.01011	0.05384	0.77197	0.01401	0.02127	0.01186	0.01807	0.01576	0.01051	0.01564	0.00887	0.01044	0.00632	0.00472	0.00468	0.00156	0.00730	0.00365	0.00211	0.00733
8	0.01569	0.01301	0.01267	0.01075	0.01394	0.10658	0.00850	0.23782	0.42412	0.07745	0.01640	0.01547	0.01207	0.00631	0.00498	0.00158	0.00500	0.00498	0.00483	0.00785
9	0.01670	0.01764	0.01307	0.01150	0.01416	0.43047	0.00880	0.24042	0.04315	0.01821	0.01224	0.12694	0.01115	0.00695	0.00493	0.00147	0.00691	0.00524	0.00366	0.00640
10	0.00803	0.00574	0.00803	0.00918	0.01033	0.00574	0.00803	0.01033	0.01147	0.01492	0.02639	0.05622	0.02869	0.01377	0.00688	0.00229	0.00459	0.76018	0.00459	0.00459
11	0.01266	0.00926	0.06500	0.00859	0.01142	0.00826	0.00728	0.10153	0.15313	0.18724	0.18294	0.06443	0.13253	0.00854	0.00541	0.00163	0.00385	0.02460	0.00508	0.00660
12	0.01243	0.01214	0.02026	0.02864	0.69155	0.02829	0.06300	0.01597	0.04855	0.01640	0.00991	0.01264	0.00820	0.00455	0.00499	0.00150	0.00605	0.00456	0.00260	0.00778
13	0.00607	0.00434	0.00578	0.00694	0.00723	0.00405	0.00463	0.00694	0.00954	0.01272	0.02747	0.82157	0.03297	0.01562	0.00636	0.00202	0.00289	0.01417	0.00463	0.00405
14	0.00688	0.00541	0.00731	0.00790	0.00814	0.00588	0.00561	0.00776	0.00919	0.01254	0.02384	0.67414	0.02839	0.03121	0.00837	0.00211	0.13442	0.01244	0.00420	0.00425
15	0.01369	0.19831	0.22958	0.01201	0.01592	0.13771	0.01192	0.09693	0.01192	0.04507	0.00854	0.01020	0.00686	0.00571	0.00680	0.00153	0.17431	0.00366	0.00266	0.00667
16	0.01305	0.77019	0.02533	0.06513	0.01431	0.01911	0.00890	0.01477	0.01012	0.01180	0.00707	0.00837	0.00641	0.00431	0.00332	0.00111	0.00542	0.00279	0.00214	0.00634
17	0.00589	0.00505	0.00505	0.00505	0.00673	0.00421	0.00379	0.00715	0.01136	0.01347	0.05049	0.04797	0.79171	0.01262	0.00589	0.00168	0.00252	0.01052	0.00463	0.00421
18	0.02313	0.00572	0.00891	0.23487	0.01445	0.00636	0.00705	0.00846	0.00767	0.01029	0.02546	0.01498	0.00886	0.01346	0.01481	0.58067	0.00493	0.00443	0.00227	0.00323
19	0.18882	0.06717	0.01196	0.00948	0.01114	0.01238	0.00765	0.05121	0.14336	0.01655	0.03741	0.01551	0.01093	0.12438	0.01109	0.00221	0.26511	0.00469	0.00324	0.00570
20	0.00712	0.00534	0.00801	0.00801	0.00890	0.00623	0.00623	0.00890	0.00801	0.01157	0.01335	0.01958	0.01246	0.03738	0.80507	0.00801	0.01335	0.00534	0.00267	0.00445
21	0.00817	0.00688	0.01002	0.00942	0.01006	0.00874	0.00753	0.00976	0.00791	0.01169	0.01146	0.01717	0.01082	0.02943	0.58617	0.00639	0.23604	0.00507	0.00253	0.00473
22	0.06524	0.01222	0.01282	0.01057	0.01397	0.01380	0.00851	0.38849	0.37139	0.02604	0.01548	0.01478	0.01138	0.00626	0.00491	0.00159	0.00468	0.00491	0.00491	0.00803
23	0.00613	0.00441	0.00583	0.00694	0.00732	0.00411	0.00471	0.00706	0.00968	0.01283	0.02834	0.76498	0.06268	0.01544	0.00636	0.00202	0.00294	0.03951	0.00463	0.00407
24	0.01000	0.02578	0.79900	0.01421	0.02157	0.01158	0.01842	0.01579	0.01052	0.01579	0.00895	0.01052	0.00631	0.00474	0.00474	0.00158	0.00737	0.00368	0.00210	0.00737
25	0.00941	0.00886	0.01495	0.81285	0.03433	0.01107	0.01384	0.01274	0.00997	0.01274	0.00886	0.01329	0.00664	0.00498	0.00498	0.00166	0.00664	0.00443	0.00221	0.00554
26	0.00798	0.00570	0.00798	0.00912	0.01025	0.00569	0.00795	0.01024	0.01143	0.01486	0.02642	0.07567	0.02879	0.01382	0.00687	0.00229	0.00455	0.74123	0.00459	0.00458
27	0.00743	0.00560	0.00635	0.00601	0.00767	0.00509	0.00456	0.01003	0.06693	0.04726	0.32320	0.04068	0.42883	0.01105	0.00579	0.00164	0.00263	0.00940	0.00504	0.00482
28	0.00755	0.00627	0.01022	0.00895	0.01050	0.00583	0.13405	0.00976	0.01234	0.01712	0.42988	0.26964	0.03617	0.01082	0.00603	0.00172	0.00353	0.01004	0.00473	0.00484
29	0.00607	0.00434	0.00578	0.00694	0.00723	0.00405	0.00463	0.00694	0.00954	0.01272	0.02747	0.82157	0.03297	0.01562	0.00636	0.00202	0.00289	0.01417	0.00463	0.00405
30	0.01234	0.01184	0.02023	0.03059	0.79373	0.01184	0.01530	0.01530	0.01135	0.01628	0.00938	0.01234	0.00790	0.00444	0.00493	0.00148	0.00592	0.00444	0.00247	0.00790
31	0.00659	0.00531	0.00589	0.00570	0.00726	0.00474	0.00429	0.00879	0.04588	0.01610	0.31244	0.04288	0.49333	0.01150	0.00585	0.00164	0.00252	0.00977	0.00495	0.00454
32	0.00746	0.00548	0.00709	0.00698	0.00820	0.00528	0.00539	0.01041	0.05862	0.01887	0.58735	0.08188	0.04159	0.01083	0.00601	0.00171	0.00282	0.12390	0.00528	0.00484
33	0.01234	0.01184	0.02023	0.03059	0.79373	0.01184	0.01530	0.01530	0.01135	0.01628	0.00938	0.01234	0.00790	0.00444	0.00493	0.00148	0.00592	0.00444	0.00247	0.00790
34	0.01728	0.02101	0.01276	0.01166	0.01403	0.68985	0.00875	0.01871	0.01360	0.01312	0.00893	0.01037	0.00733	0.00523	0.00435	0.00127	0.00803	0.00342	0.12468	0.00562
35	0.00631	0.00466	0.00593	0.00669	0.00740	0.00428	0.00474	0.00754	0.01058	0.01392	0.12609	0.52950	0.16940	0.01427	0.00626	0.00193	0.00289	0.06869	0.00473	0.00420
36	0.00610	0.00450	0.00571	0.00659	0.00716	0.00411	0.00449	0.00712	0.01011	0.01327	0.07601	0.64833	0.15863	0.01481	0.00626	0.00194	0.00280	0.01327	0.00468	0.00411
37	0.00818	0.01475	0.37810	0.00982	0.01394	0.00781	0.01097	0.01187	0.01170	0.01648	0.25251	0.06953	0.15765	0.00835	0.00537	0.00162	0.00476	0.00706	0.00370	0.00583
38	0.00753	0.00559	0.00788	0.00728	0.00790	0.00579	0.05833	0.00834	0.00779	0.01067	0.01462	0.02746	0.01572	0.53695	0.25186	0.00554	0.00757	0.00659	0.00288	0.00370
39	0.00914	0.00754	0.01018	0.00927	0.00992	0.00935	0.00722	0.06357	0.00882	0.01270	0.01166	0.01910	0.01155	0.18955	0.34633	0.00511	0.25611	0.00538	0.00276	0.00474
40	0.04153	0.10563	0.08369	0.20530	0.10878	0.08014	0.04164	0.04329	0.01051	0.01424	0.00843	0.02300	0.00714	0.00587	0.00741	0.00165	0.19895	0.00419	0.00243	0.00619
41	0.01291	0.00956	0.01078	0.00890	0.01149	0.01016	0.00710	0.37051	0.06078	0.02527	0.36854	0.02457	0.04190	0.00808	0.00542	0.00154	0.00391	0.00673	0.00521	0.00664
42	0.22854	0.01044	0.01050	0.00815	0.01203	0.05556	0.01939	0.06817	0.04468	0.03101	0.00921	0.01031	0.00732	0.00436	0.00379	0.00110	0.00427	0.00321	0.00324	0.46474
43	0.01670	0.13539	0.01618	0.01302	0.06953	0.41996	0.00972	0.13809	0.08499	0.01622	0.00950	0.01047	0.00765	0.00533	0.00477	0.00136	0.02773	0.00367	0.00310	0.00662
44	0.01091	0.01091	0.01527	0.01309	0.01309	0.01527	0.01091	0.01200	0.00763	0.01200	0.00654	0.01091	0.00654	0.00872	0.01636	0.00218	0.81570	0.00436	0.00218	0.00545
45	0.01034	0.00886	0.01034	0.00738	0.01181	0.00664	0.00591	0.01255	0.01034	0.01624	0.00886	0.01034	0.00738	0.00369	0.00369	0.00074	0.00369	0.00295	0.00295	0.85530
46	0.00712	0.00534	0.00801	0.00801	0.00890	0.00623	0.00623	0.00890	0.00801	0.01157	0.01335	0.01958	0.01246	0.03738	0.80507	0.00801	0.01335	0.00534	0.00267	0.00445
47	0.01357	0.01138	0.01548	0.09286	0.01657	0.02911	0.07014	0.20841	0.01284	0.07257	0.00986	0.01261	0.00794	0.00904	0.06525	0.00226	0.33578	0.00461	0.00325	0.00648
48	0.01294	0.06157	0.06753	0.11408	0.29092	0.10951	0.13985	0.01635	0.04004	0.05180	0.02129	0.01263	0.00834	0.00492	0.00524	0.00152	0.02726	0.00451	0.00272	0.00696
49	0.01200	0.02174	0.58882	0.01430	0.02087	0.01110	0.11231	0.01703	0.01122	0.12807	0.01063	0.01182	0.00734	0.00487	0.00492	0.00159	0.00705	0.00415	0.00274	0.00745
50	0.00714	0.00527	0.00764	0.00764	0.00840	0.00603	0.00577	0.00866	0.00790	0.01130	0.01369	0.02145	0.01327	0.15052	0.69305	0.00755	0.01213	0.00561	0.00272	0.00424
51	0.01050	0.01111	0.07190	0.41470	0.33699	0.01118	0.01440	0.01378	0.01061	0.01440	0.01053	0.01393	0.03458	0.00502	0.00498	0.00158	0.00626	0.00459	0.00239	0.00657
52	0.01361	0.01728	0.40997	0.06902	0.04190	0.00988	0.04029	0.01770	0.01173	0.24741	0.03048	0.02621	0.00972	0.00547	0.00490	0.00157	0.00607	0.00454	0.02487	0.00738
53	0.00663	0.00508	0.00608	0.00583	0.00719	0.00452	0.00437	0.00859	0.01311	0.01762	0.52184	0.04114	0.31777	0.01107	0.00588	0.00161	0.00241	0.00956	0.00517	0.00452
54	0.00684	0.00502	0.00641	0.00620	0.00735	0.00459	0.00460	0.00894	0.01340	0.01863	0.64257	0.10985	0.12513	0.01094	0.00592	0.00162	0.00242	0.00964	0.00532	0.00459
55	0.01258	0.34855	0.32467	0.01165	0.01659	0.12314	0.01270	0.01573	0.01065	0.01339	0.00779	0.00932	0.00638	0.00488	0.00490	0.00137	0.06365	0.00326	0.00218	0.00662
56	0.01219	0.01204	0.02008	0.11644	0.62788	0.03955	0.06845	0.01522	0.01132	0.01572	0.00931	0.01240	0.00768	0.00451	0.00499	0.00151	0.00628	0.00450	0.00245	0.00748
57	0.00624	0.00506	0.00559	0.00586	0.00730	0.00441	0.00448	0.00764	0.01128	0.01384	0.07406	0.13470	0.57582	0.01301	0.00608	0.00180	0.00283	0.11106	0.00466	0.00426
58	0.51032	0.01008	0.00895	0.00804	0.01101	0.01168	0.00643	0.01953	0.32874	0.02174	0.01245	0.01243	0.00945	0.00551	0.00390	0.00160	0.00389	0.00391	0.00390	0.00643
59	0.00631	0.00455	0.00591	0.00691	0.00737	0.00426	0.00478	0.00729	0.00974	0.01281	0.02855	0.64128	0.09335	0.06262	0.00749	0.00219	0.00313	0.08287	0.00453	0.00405
60	0.01407	0.09285	0.07733	0.01083	0.05972	0.01001	0.04637	0.06668	0.05775	0.18500	0.01196	0.01241	0.00884	0.00477	0.00436	0.00121	0.00476	0.00392	0.00370	0.32348
61	0.04648	0.05899	0.01481	0.23227	0.16648	0.10455	0.01074	0.01730	0.04542	0.19018	0.04428	0.01422	0.01021	0.00541	0.00477	0.00151	0.00571	0.00450	0.01541	0.00677
62	0.00609	0.00436	0.00576	0.00687	0.00718	0.00407	0.00458	0.00695	0.00954	0.01268	0.02778	0.78798	0.05033	0.03154	0.00673	0.00207	0.00292	0.01395	0.00460	0.00403
63	0.00912	0.00836	0.01384	0.59061	0.10432	0.00990	0.01233	0.01200	0.01013	0.01325	0.03003	0.14048	0.01183	0.00672	0.00522	0.00170	0.00588	0.00606	0.00269	0.00552
64	0.01199	0.29440	0.11972	0.01772	0.28164	0.01429	0.06469	0.01510	0.03036	0.01481	0.05451	0.01226	0.00959	0.00495	0.00483	0.00140	0.03413	0.00413	0.00254	0.00696
65	0.01895	0.01396	0.01496	0.01147	0.01546	0.01546	0.00947	0.77711	0.02344	0.03141	0.01197	0.01197	0.00848	0.00598	0.00499	0.00150	0.00548	0.00449	0.00499	0.00848
66	0.00734	0.00567	0.00844	0.00831	0.00915	0.00676	0.00650	0.00908	0.00799	0.01160	0.01295	0.01907	0.01211	0.03570	0.75885	0.00767	0.06037	0.00528	0.00264	0.00451
67	0.00608	0.00460	0.00558	0.00634	0.00709	0.00415	0.00438	0.00708	0.01011	0.01294	0.03461	0.54173	0.27670	0.03196	0.00663	0.00198	0.00285	0.02651	0.00459	0.00409
68	0.03131	0.13543	0.21713	0.01333	0.06596	0.18019	0.06316	0.04580	0.04748	0.12658	0.01085	0.01207	0.00817	0.00516	0.00461	0.00145	0.00662	0.01454	0.00313	0.00703
69	0.01176	0.01345	0.02941	0.02101	0.02605	0.01261	0.77563	0.01597	0.01176	0.01597	0.01008	0.01345	0.00756	0.00420	0.00588	0.00168	0.00840	0.00588	0.00252	0.00672
70	0.00617	0.00439	0.00574	0.00678	0.00707	0.00412	0.00447	0.00697	0.00938	0.01248	0.02692	0.73923	0.04664	0.08440	0.00797	0.00226	0.00305	0.01351	0.00449	0.00396
71	0.01120	0.11515	0.47675	0.01419	0.08668	0.02718	0.01483	0.01775	0.15744	0.01625	0.01088	0.01189	0.00815	0.00505	0.00463	0.00153	0.00638	0.00399	0.00271	0.00737
72	0.01387	0.02602	0.01616	0.03289	0.01587	0.03722	0.13303	0.24068	0.04125	0.06487	0.01217	0.04971	0.01030	0.00869	0.04986	0.00209	0.19834	0.03666	0.00365	0.00670
73	0.00607	0.00437	0.00575	0.00686	0.00721	0.00406	0.00459	0.00695	0.00962	0.01276	0.02843	0.78931	0.06461	0.01549	0.00634	0.00201	0.00288	0.01402	0.00463	0.00406
74	0.00593	0.00499	0.00514	0.00523	0.00679	0.00420	0.00388	0.00718	0.01126	0.01353	0.06308	0.11357	0.71254	0.01283	0.00593	0.00171	0.00255	0.01080	0.00465	0.00420
75	0.04088	0.03345	0.01340	0.06885	0.08123	0.37994	0.00925	0.08410	0.01405	0.08472	0.10301	0.01418	0.01228	0.00582	0.00472	0.00140	0.00660	0.00438	0.03148	0.00625
76	0.01182	0.26501	0.51076	0.01219	0.01835	0.02741	0.01469	0.01607	0.01067	0.05745	0.00891	0.01009	0.00667	0.00468	0.00429	0.00142	0.00661	0.00344	0.00234	0.00711
77	0.00925	0.00782	0.02651	0.00848	0.01079	0.00723	0.04631	0.08502	0.07406	0.01726	0.15265	0.21404	0.06753	0.01179	0.07824	0.00213	0.00460	0.00789	0.00419	0.16421

[dist]
# distance from previous block
# <min> <max>
3	6

[block]
# block no. 3 follows, 50 sequences, length 14
# corresponding to MSA columns:
# 228-241
name=unknown_D
#
# <colnr> <probs for GDERKNQSTAVLIFYWHMCP>
#	G	D	E	R	K	N	Q	S	T	A	V	L	I	F	Y	W	H	M	C	P
0	0.01264	0.01179	0.02017	0.02782	0.65598	0.01178	0.07818	0.01633	0.05771	0.04340	0.01044	0.01296	0.00846	0.00462	0.00502	0.00151	0.00595	0.00465	0.00275	0.00782
1	0.00873	0.00692	0.00810	0.00768	0.00949	0.00667	0.00558	0.03947	0.15955	0.01554	0.02138	0.39860	0.03992	0.06027	0.00664	0.00183	0.00347	0.00928	0.00427	0.18661
2	0.01028	0.00776	0.00898	0.02494	0.04680	0.04784	0.00678	0.07137	0.09087	0.08110	0.02547	0.32739	0.12030	0.01132	0.00582	0.00183	0.00399	0.09705	0.00457	0.00553
3	0.01654	0.01080	0.01170	0.00917	0.01273	0.10220	0.00738	0.07778	0.01338	0.32086	0.05040	0.01420	0.01113	0.00557	0.00516	0.00129	0.04625	0.00427	0.00440	0.27478
4	0.53747	0.01219	0.00973	0.04839	0.01253	0.13281	0.00703	0.07407	0.09145	0.02086	0.00892	0.00988	0.00687	0.00505	0.00374	0.00152	0.00491	0.00330	0.00331	0.00595
5	0.01165	0.42396	0.41530	0.01139	0.01721	0.01562	0.01351	0.01536	0.01033	0.01377	0.00794	0.00927	0.00636	0.00450	0.00397	0.00132	0.00636	0.00318	0.00212	0.00688
6	0.03315	0.00591	0.00665	0.00640	0.00784	0.00574	0.00477	0.04074	0.03602	0.03773	0.05690	0.09864	0.16463	0.15696	0.02850	0.00231	0.00369	0.07580	0.17696	0.05065
7	0.00711	0.00485	0.00583	0.00611	0.00635	0.00478	0.00389	0.00763	0.00847	0.01133	0.06517	0.16968	0.02343	0.55755	0.01913	0.00391	0.00433	0.08339	0.00360	0.00345
8	0.01272	0.08206	0.01598	0.01259	0.01400	0.21458	0.05659	0.01416	0.00978	0.01222	0.00780	0.01125	0.00719	0.01019	0.09475	0.00244	0.40964	0.00412	0.00235	0.00559
9	0.18277	0.01050	0.01085	0.00911	0.01182	0.04656	0.00737	0.29469	0.01486	0.06409	0.05150	0.01442	0.01090	0.01164	0.14895	0.00268	0.03417	0.00449	0.06218	0.00646
10	0.01217	0.01181	0.03271	0.10554	0.02162	0.01191	0.37035	0.04562	0.12127	0.05941	0.01197	0.01481	0.00920	0.00540	0.00633	0.00166	0.07437	0.02217	0.00318	0.05849
11	0.01418	0.12787	0.09851	0.01164	0.01559	0.05376	0.09183	0.09337	0.31995	0.09963	0.01463	0.01442	0.01083	0.00571	0.00482	0.00154	0.00541	0.00474	0.00405	0.00751
12	0.01145	0.01096	0.01763	0.30911	0.45975	0.03222	0.01416	0.03413	0.01124	0.01522	0.01033	0.01355	0.02868	0.00492	0.00497	0.00155	0.00616	0.00457	0.00250	0.00691
13	0.00674	0.00501	0.00708	0.00744	0.00824	0.00469	0.03251	0.00828	0.01113	0.01517	0.25118	0.49522	0.03582	0.01345	0.00625	0.00190	0.00308	0.07762	0.00480	0.00438

[dist]
# distance from previous block
# <min> <max>
0	1

[block]
# block no. 4 follows, 50 sequences, length 52
# corresponding to MSA columns:
# 243-294
name=unknown_E
#
# <colnr> <probs for GDERKNQSTAVLIFYWHMCP>
#	G	D	E	R	K	N	Q	S	T	A	V	L	I	F	Y	W	H	M	C	P
0	0.01802	0.01276	0.01239	0.01017	0.01326	0.17962	0.00813	0.20029	0.03386	0.29524	0.10044	0.01673	0.02983	0.00660	0.00548	0.00151	0.03854	0.00504	0.00482	0.00726
1	0.00879	0.00440	0.00611	0.00611	0.00635	0.00440	0.00415	0.00757	0.00732	0.01074	0.01025	0.01587	0.00952	0.01490	0.01612	0.67578	0.00391	0.00440	0.18063	0.00269
2	0.01941	0.01268	0.01410	0.01087	0.01479	0.01363	0.00896	0.58948	0.05157	0.19171	0.01391	0.01328	0.00955	0.00605	0.00500	0.00151	0.00516	0.00464	0.00524	0.00845
3	0.01000	0.02578	0.79900	0.01421	0.02157	0.01158	0.01842	0.01579	0.01052	0.01579	0.00895	0.01052	0.00631	0.00474	0.00474	0.00158	0.00737	0.00368	0.00210	0.00737
4	0.09134	0.00893	0.01422	0.73519	0.03195	0.01108	0.01303	0.01292	0.00982	0.01366	0.00867	0.01279	0.00652	0.00495	0.00480	0.00165	0.00638	0.00426	0.00230	0.00552
5	0.01543	0.01808	0.01549	0.15061	0.19025	0.46328	0.01151	0.01797	0.04551	0.01356	0.00880	0.01086	0.00716	0.00503	0.00470	0.00141	0.00771	0.00379	0.00259	0.00629
6	0.01576	0.00786	0.01049	0.00898	0.01127	0.00783	0.00709	0.06229	0.01254	0.41372	0.01990	0.25975	0.01762	0.00935	0.00687	0.00177	0.10737	0.00767	0.00512	0.00675
7	0.00941	0.00886	0.01495	0.81285	0.03433	0.01107	0.01384	0.01274	0.00997	0.01274	0.00886	0.01329	0.00664	0.00498	0.00498	0.00166	0.00664	0.00443	0.00221	0.00554
8	0.01000	0.02578	0.79900	0.01421	0.02157	0.01158	0.01842	0.01579	0.01052	0.01579	0.00895	0.01052	0.00631	0.00474	0.00474	0.00158	0.00737	0.00368	0.00210	0.00737
9	0.00896	0.00749	0.00815	0.00788	0.00989	0.00786	0.00616	0.01576	0.33532	0.01694	0.05694	0.06818	0.30483	0.01037	0.00571	0.00178	0.00342	0.11372	0.00484	0.00581
10	0.01543	0.01886	0.01243	0.03700	0.03589	0.58229	0.00870	0.01689	0.01347	0.01299	0.06069	0.01712	0.13466	0.00661	0.00483	0.00138	0.00740	0.00480	0.00306	0.00552
11	0.01000	0.02578	0.79900	0.01421	0.02157	0.01158	0.01842	0.01579	0.01052	0.01579	0.00895	0.01052	0.00631	0.00474	0.00474	0.00158	0.00737	0.00368	0.00210	0.00737
12	0.00663	0.00508	0.00608	0.00583	0.00719	0.00452	0.00437	0.00859	0.01312	0.01763	0.52360	0.04111	0.31601	0.01107	0.00588	0.00161	0.00241	0.00956	0.00518	0.00452
13	0.00742	0.00534	0.00674	0.00741	0.00809	0.00524	0.00513	0.08733	0.01099	0.01468	0.02585	0.73706	0.03041	0.01461	0.00622	0.00197	0.00316	0.01316	0.00466	0.00451
14	0.01130	0.01206	0.02173	0.01670	0.01901	0.01405	0.36005	0.01381	0.00952	0.01381	0.00816	0.01206	0.00701	0.00666	0.01157	0.00195	0.44712	0.00506	0.00234	0.00603
15	0.00592	0.00505	0.00509	0.00508	0.00675	0.00422	0.00381	0.00721	0.01143	0.01363	0.06930	0.04770	0.77280	0.01256	0.00589	0.00168	0.00252	0.01048	0.00465	0.00422
16	0.00603	0.00450	0.00562	0.00651	0.00712	0.00408	0.00444	0.00699	0.00996	0.01289	0.03269	0.64610	0.20507	0.01494	0.00626	0.00195	0.00281	0.01334	0.00463	0.00408
17	0.04983	0.00461	0.00586	0.00692	0.00735	0.00441	0.00467	0.00734	0.00949	0.01322	0.02642	0.77989	0.03155	0.01505	0.00619	0.00200	0.00294	0.01358	0.00455	0.00412
18	0.00619	0.00444	0.00590	0.00700	0.00739	0.00415	0.00479	0.00717	0.00977	0.01298	0.04052	0.74910	0.05108	0.01536	0.00637	0.00202	0.00297	0.05407	0.00464	0.00409
19	0.00677	0.00528	0.00594	0.00627	0.00754	0.00491	0.00461	0.00902	0.06980	0.01428	0.05251	0.28154	0.40002	0.01276	0.00591	0.00180	0.00285	0.05557	0.04812	0.00449
20	0.01256	0.00790	0.00882	0.00759	0.00985	0.01961	0.00597	0.15057	0.09729	0.12938	0.21132	0.02327	0.06250	0.00744	0.00488	0.00146	0.00344	0.00616	0.22376	0.00622
21	0.01034	0.07467	0.40719	0.01285	0.01687	0.01299	0.01403	0.01380	0.00925	0.01377	0.00837	0.01163	0.00707	0.03641	0.04226	0.00213	0.29378	0.00405	0.00219	0.00635
22	0.00984	0.00942	0.01250	0.04271	0.01246	0.05397	0.02026	0.01122	0.00827	0.01186	0.00973	0.03233	0.00951	0.05892	0.25305	0.00399	0.42748	0.00498	0.00245	0.00503
23	0.01168	0.14881	0.05471	0.02750	0.09969	0.02423	0.03298	0.18776	0.01339	0.01761	0.01705	0.25362	0.04534	0.00875	0.00520	0.00162	0.00486	0.03519	0.00377	0.00623
24	0.23533	0.04250	0.01161	0.04125	0.05267	0.03681	0.00736	0.05976	0.01061	0.01803	0.00829	0.00997	0.00679	0.00459	0.00461	0.00120	0.06074	0.00321	0.00296	0.38172
25	0.00692	0.00522	0.00628	0.00680	0.00790	0.00487	0.00531	0.00834	0.01060	0.01334	0.03414	0.10700	0.32459	0.14436	0.00944	0.00245	0.00370	0.29025	0.00435	0.00415
26	0.21609	0.05241	0.09973	0.01130	0.01521	0.12112	0.07557	0.27899	0.01505	0.02197	0.01008	0.04240	0.00802	0.00556	0.00449	0.00150	0.00592	0.00422	0.00353	0.00684
27	0.00886	0.00623	0.00764	0.00697	0.00886	0.00539	0.00508	0.02738	0.01085	0.06997	0.11140	0.31939	0.07211	0.08279	0.00713	0.00181	0.00335	0.00886	0.00425	0.23169
28	0.07976	0.07896	0.35678	0.01389	0.11035	0.06658	0.01320	0.04533	0.02557	0.11294	0.04342	0.01238	0.00915	0.00518	0.00460	0.00150	0.00615	0.00404	0.00306	0.00717
29	0.01133	0.08757	0.37066	0.01533	0.02047	0.05373	0.21997	0.01541	0.01058	0.01475	0.00866	0.01108	0.00670	0.00516	0.00662	0.00164	0.12708	0.00427	0.00225	0.00675
30	0.00614	0.00486	0.00538	0.00563	0.00678	0.00426	0.00399	0.00727	0.01073	0.01339	0.09364	0.23546	0.48127	0.08888	0.00782	0.00205	0.00282	0.01100	0.00454	0.00409
31	0.01168	0.11498	0.17484	0.02100	0.38176	0.01234	0.08499	0.01559	0.04459	0.01598	0.02423	0.01261	0.00866	0.00473	0.00471	0.00146	0.00602	0.00435	0.04819	0.00726
32	0.01097	0.01175	0.05063	0.44161	0.10211	0.07182	0.14082	0.03188	0.02853	0.01432	0.01009	0.04478	0.00816	0.00528	0.00514	0.00163	0.00684	0.00496	0.00254	0.00612
33	0.00609	0.00450	0.00570	0.00665	0.00721	0.00412	0.00455	0.00706	0.00992	0.01291	0.03167	0.66135	0.17202	0.01502	0.00629	0.00197	0.00287	0.03138	0.00463	0.00409
34	0.00714	0.00482	0.00557	0.00563	0.00576	0.00476	0.00330	0.00742	0.00805	0.01083	0.08694	0.09321	0.02188	0.68921	0.02215	0.00432	0.00446	0.00794	0.00337	0.00325
35	0.03174	0.10645	0.04737	0.05987	0.17731	0.15548	0.01074	0.17318	0.01455	0.15966	0.01110	0.01191	0.00821	0.00522	0.00465	0.00143	0.00607	0.00407	0.00362	0.00737
36	0.01069	0.00594	0.00736	0.00721	0.00873	0.00576	0.00543	0.01353	0.08479	0.16459	0.06818	0.31202	0.02336	0.01032	0.00534	0.00170	0.00321	0.06095	0.19542	0.00547
37	0.00746	0.00482	0.00527	0.00527	0.00562	0.00474	0.00317	0.00797	0.00817	0.01151	0.01911	0.03175	0.09082	0.61143	0.01988	0.00392	0.00420	0.00713	0.14437	0.00340
38	0.01129	0.01078	0.01834	0.31019	0.52230	0.01157	0.01478	0.01438	0.01086	0.01502	0.00919	0.01268	0.00745	0.00463	0.00495	0.00154	0.00618	0.00444	0.00238	0.00705
39	0.05763	0.01595	0.18726	0.01732	0.02242	0.05259	0.46686	0.01666	0.04317	0.04381	0.01055	0.02382	0.00796	0.00472	0.00536	0.00163	0.00757	0.00519	0.00273	0.00681
40	0.01106	0.01117	0.01524	0.01308	0.01313	0.03152	0.01088	0.01216	0.00777	0.01200	0.00657	0.01087	0.00654	0.00865	0.01611	0.00216	0.79910	0.00434	0.00219	0.00546
41	0.01870	0.01303	0.01422	0.01105	0.01491	0.01425	0.00908	0.62055	0.09573	0.11611	0.01363	0.01317	0.00956	0.00608	0.00500	0.00152	0.00520	0.00466	0.00513	0.00842
42	0.00725	0.00483	0.00544	0.00544	0.00544	0.00483	0.00302	0.00725	0.00725	0.00966	0.01571	0.03262	0.01812	0.82483	0.02537	0.00483	0.00483	0.00725	0.00302	0.00302
43	0.86003	0.00964	0.00733	0.00655	0.00964	0.01118	0.00540	0.01465	0.00848	0.02236	0.00694	0.00810	0.00540	0.00463	0.00308	0.00154	0.00386	0.00270	0.00308	0.00540
44	0.01068	0.01017	0.01718	0.46379	0.35405	0.01150	0.01439	0.01380	0.01049	0.01421	0.00902	0.01283	0.00717	0.00484	0.00524	0.00160	0.02576	0.00443	0.00232	0.00653
45	0.01024	0.01084	0.02132	0.01599	0.01974	0.01032	0.49596	0.01416	0.05750	0.01551	0.01953	0.06907	0.14671	0.00708	0.00611	0.00174	0.02140	0.04746	0.00327	0.00606
46	0.01248	0.01441	0.02611	0.01918	0.02351	0.11362	0.61398	0.01606	0.01173	0.01514	0.00965	0.01287	0.00747	0.00539	0.02548	0.00181	0.05667	0.00544	0.00251	0.00647
47	0.01497	0.04084	0.16029	0.01487	0.06448	0.22567	0.15008	0.16506	0.03217	0.03660	0.00989	0.01129	0.00748	0.00500	0.00487	0.00145	0.00718	0.00418	0.00309	0.04056
48	0.03553	0.00732	0.00924	0.00872	0.00960	0.04340	0.00675	0.03129	0.00857	0.01232	0.01212	0.01887	0.01167	0.13006	0.50169	0.00603	0.13426	0.00523	0.00271	0.00462
49	0.00616	0.00442	0.00583	0.00688	0.00724	0.00412	0.00463	0.00711	0.00976	0.01302	0.06010	0.74601	0.04882	0.03042	0.00670	0.00205	0.00292	0.02510	0.00463	0.00407
50	0.01551	0.50235	0.02143	0.01004	0.01385	0.20645	0.00895	0.14115	0.01327	0.01507	0.00794	0.00888	0.00674	0.00475	0.00380	0.00119	0.00623	0.00309	0.00270	0.00659
51	0.01333	0.11568	0.16615	0.01009	0.03262	0.01036	0.00945	0.10296	0.03463	0.15621	0.01513	0.06273	0.05676	0.00619	0.00463	0.00138	0.00488	0.01789	0.00377	0.17517

[dist]
# distance from previous block
# <min> <max>
1	2

[block]
# block no. 5 follows, 50 sequences, length 25
# corresponding to MSA columns:
# 297-321
name=unknown_F
#
# <colnr> <probs for GDERKNQSTAVLIFYWHMCP>
#	G	D	E	R	K	N	Q	S	T	A	V	L	I	F	Y	W	H	M	C	P
0	0.01677	0.01904	0.01744	0.01542	0.07751	0.45125	0.14395	0.14418	0.01485	0.01635	0.00892	0.01058	0.00708	0.00516	0.00520	0.00143	0.03136	0.00402	0.00294	0.00655
