[name]
unknown

[dist]
# distance from previous block
# <min> <max>
16	482

[block]
# block no. 0 follows, 48 sequences, length 10
# corresponding to MSA columns:
# 574-583
name=unknown_A
#
# <colnr> <probs for GDERKNQSTAVLIFYWHMCP>
#	G	D	E	R	K	N	Q	S	T	A	V	L	I	F	Y	W	H	M	C	P
0	0.04383	0.00671	0.03527	0.00799	0.00938	0.00660	0.00637	0.04242	0.01041	0.03453	0.11148	0.10665	0.04503	0.09915	0.35339	0.00492	0.00825	0.05903	0.00373	0.00486
1	0.14444	0.12542	0.01395	0.00985	0.01325	0.11372	0.00812	0.18955	0.13607	0.05405	0.04668	0.01491	0.01146	0.00608	0.00456	0.00148	0.00522	0.03411	0.00404	0.06304
2	0.04906	0.08051	0.04037	0.00974	0.01225	0.09728	0.04209	0.09881	0.07555	0.01778	0.14472	0.08605	0.14243	0.00861	0.00623	0.00165	0.06993	0.00691	0.00407	0.00597
3	0.06519	0.08891	0.01791	0.04040	0.13483	0.04279	0.16970	0.05081	0.04677	0.09203	0.11397	0.01609	0.01376	0.00563	0.00502	0.00149	0.00563	0.00515	0.00361	0.08030
4	0.10859	0.04761	0.04656	0.01032	0.01370	0.07923	0.07888	0.11973	0.08841	0.06667	0.03587	0.09743	0.08412	0.00720	0.00498	0.00154	0.00507	0.00599	0.00401	0.09408
5	0.06707	0.12550	0.03266	0.00974	0.01299	0.09496	0.02611	0.14820	0.06248	0.13679	0.04724	0.07420	0.04339	0.04063	0.00576	0.00166	0.00516	0.02117	0.00420	0.04007
6	0.11668	0.05237	0.02797	0.01259	0.08035	0.08897	0.08520	0.14647	0.07292	0.06104	0.03991	0.04597	0.02914	0.00596	0.00479	0.00147	0.00545	0.00493	0.00378	0.11404
7	0.07083	0.06136	0.04028	0.00979	0.01347	0.03440	0.04163	0.11632	0.12546	0.20245	0.09256	0.01738	0.03597	0.00630	0.00488	0.00148	0.00467	0.00512	0.00461	0.11103
8	0.06394	0.03113	0.01350	0.01267	0.11239	0.12444	0.00892	0.12660	0.13492	0.16092	0.03789	0.01523	0.03199	0.00593	0.00483	0.00146	0.00526	0.00470	0.00428	0.09900
9	0.06854	0.03200	0.01371	0.01423	0.18151	0.08696	0.00933	0.09268	0.12169	0.19427	0.05655	0.01821	0.07492	0.00653	0.00504	0.00157	0.00506	0.00535	0.00441	0.00744

[dist]
# distance from previous block
# <min> <max>
33	81

[block]
# block no. 1 follows, 48 sequences, length 21
# corresponding to MSA columns:
# 681-701
name=unknown_B
#
# <colnr> <probs for GDERKNQSTAVLIFYWHMCP>
#	G	D	E	R	K	N	Q	S	T	A	V	L	I	F	Y	W	H	M	C	P
0	0.01552	0.51595	0.04349	0.01072	0.04656	0.01804	0.00956	0.22082	0.01438	0.04856	0.00922	0.00996	0.00747	0.00497	0.00398	0.00127	0.00557	0.00345	0.00317	0.00734
1	0.09131	0.22572	0.05472	0.01198	0.08024	0.11594	0.00946	0.07594	0.21620	0.01813	0.04415	0.01335	0.01095	0.00565	0.00445	0.00146	0.00549	0.00425	0.00354	0.00709
2	0.00687	0.00521	0.00622	0.00598	0.00730	0.00468	0.00442	0.00877	0.01316	0.01769	0.49267	0.04180	0.29633	0.05774	0.00721	0.00185	0.00263	0.00970	0.00520	0.00457
3	0.01331	0.65783	0.15901	0.00994	0.01482	0.04538	0.01058	0.01569	0.01064	0.01281	0.00752	0.00872	0.00657	0.00450	0.00361	0.00120	0.00598	0.00294	0.00221	0.00674
4	0.00781	0.00646	0.00932	0.11728	0.05671	0.00633	0.03467	0.01020	0.01299	0.01762	0.43653	0.05477	0.18989	0.00985	0.00589	0.00166	0.00351	0.00870	0.00470	0.00510
5	0.04423	0.03461	0.01175	0.00875	0.01261	0.00988	0.00700	0.14492	0.14117	0.05412	0.01239	0.01381	0.00989	0.05169	0.00557	0.00138	0.00431	0.00410	0.00389	0.42392
6	0.01168	0.35000	0.48183	0.01225	0.01854	0.01532	0.01482	0.01589	0.01067	0.01455	0.00837	0.00978	0.00653	0.00468	0.00423	0.00141	0.00673	0.00337	0.00218	0.00718
7	0.01434	0.19935	0.27346	0.01151	0.01627	0.15909	0.01189	0.04525	0.02610	0.10771	0.07799	0.01335	0.01118	0.00559	0.00463	0.00144	0.00646	0.00417	0.00323	0.00700
8	0.01101	0.23296	0.42332	0.01308	0.04654	0.01332	0.05539	0.01520	0.01128	0.01571	0.10466	0.01378	0.01184	0.00540	0.00467	0.00149	0.00639	0.00435	0.00264	0.00696
9	0.00830	0.00702	0.00837	0.11165	0.01247	0.00734	0.00666	0.01304	0.19510	0.01554	0.03341	0.17063	0.32596	0.01112	0.00588	0.00183	0.00369	0.05202	0.00455	0.00541
10	0.01381	0.01809	0.13318	0.01121	0.01422	0.38655	0.00963	0.01664	0.05805	0.02989	0.03301	0.10416	0.11356	0.00849	0.02555	0.00172	0.00701	0.00596	0.00337	0.00592
11	0.01599	0.10179	0.05133	0.01716	0.22026	0.06053	0.07214	0.22223	0.03183	0.11431	0.03491	0.01340	0.00986	0.00546	0.00498	0.00151	0.00600	0.00464	0.00381	0.00785
12	0.08425	0.01300	0.11414	0.06111	0.05494	0.04517	0.00989	0.07646	0.28922	0.10779	0.01811	0.01777	0.07290	0.00655	0.00502	0.00165	0.00505	0.00528	0.00430	0.00740
13	0.00923	0.00595	0.02722	0.00735	0.00870	0.00510	0.00553	0.01064	0.01137	0.13435	0.13094	0.40619	0.11631	0.04286	0.00719	0.01924	0.00336	0.03851	0.00495	0.00501
14	0.01231	0.01359	0.09163	0.01982	0.28803	0.07982	0.14662	0.05082	0.04084	0.03020	0.03330	0.06365	0.06567	0.00656	0.00545	0.00164	0.00628	0.03352	0.00325	0.00701
15	0.01490	0.05142	0.13498	0.01896	0.21224	0.31075	0.11589	0.03759	0.01290	0.01519	0.00895	0.01106	0.00719	0.00497	0.00516	0.00149	0.02271	0.00410	0.00258	0.00696
16	0.01351	0.01572	0.17577	0.04803	0.04772	0.11423	0.05336	0.04871	0.08494	0.09036	0.01117	0.01341	0.00878	0.02480	0.03748	0.00206	0.19541	0.00458	0.00315	0.00682
17	0.05192	0.03582	0.01552	0.01270	0.01599	0.41072	0.04141	0.29776	0.01752	0.02045	0.00958	0.01057	0.00740	0.00562	0.00507	0.00145	0.02602	0.00390	0.00357	0.00701
18	0.00638	0.00492	0.00618	0.02939	0.00822	0.00462	0.00490	0.00756	0.01030	0.01324	0.03407	0.47759	0.27264	0.01674	0.07571	0.00250	0.00391	0.01230	0.00452	0.00430
19	0.01202	0.01145	0.04130	0.01222	0.07654	0.04546	0.04133	0.03716	0.47504	0.01979	0.08950	0.04781	0.05297	0.00740	0.00536	0.00170	0.00456	0.00635	0.00467	0.00736
20	0.01035	0.04278	0.06242	0.27361	0.16227	0.01063	0.11161	0.03124	0.01190	0.01620	0.15459	0.06106	0.01640	0.00649	0.00540	0.00165	0.00587	0.00606	0.00319	0.00628

[dist]
# distance from previous block
# <min> <max>
1	3

[block]
# block no. 2 follows, 48 sequences, length 18
# corresponding to MSA columns:
# 705-722
name=unknown_C
#
# <colnr> <probs for GDERKNQSTAVLIFYWHMCP>
#	G	D	E	R	K	N	Q	S	T	A	V	L	I	F	Y	W	H	M	C	P
0	0.01137	0.02272	0.56431	0.01335	0.01946	0.07246	0.01573	0.05172	0.07914	0.01752	0.07388	0.01376	0.01085	0.00561	0.00499	0.00161	0.00689	0.00442	0.00289	0.00733
1	0.05986	0.72288	0.07887	0.00907	0.01362	0.01924	0.00931	0.01541	0.01036	0.01296	0.00728	0.00842	0.00652	0.00444	0.00340	0.00116	0.00555	0.00282	0.00225	0.00660
2	0.01261	0.01218	0.01268	0.01160	0.03102	0.17328	0.00886	0.01478	0.06591	0.05566	0.01107	0.01609	0.01020	0.12531	0.11711	0.00314	0.30496	0.00493	0.00296	0.00561
3	0.01034	0.00982	0.01360	0.01188	0.01196	0.01334	0.00963	0.01136	0.00784	0.01197	0.00871	0.01522	0.00898	0.12689	0.08941	0.00318	0.62330	0.00500	0.00241	0.00516
4	0.01164	0.25422	0.17382	0.01070	0.01450	0.06885	0.04495	0.04324	0.06438	0.01486	0.01528	0.10869	0.05994	0.03723	0.00588	0.00168	0.02320	0.03747	0.00316	0.00630
5	0.00733	0.00550	0.00825	0.00825	0.00916	0.00641	0.00641	0.00916	0.00825	0.01191	0.01374	0.02016	0.01283	0.03848	0.79934	0.00825	0.01374	0.00550	0.00275	0.00458
6	0.00733	0.00550	0.00825	0.00825	0.00916	0.00641	0.00641	0.00916	0.00825	0.01191	0.01374	0.02016	0.01283	0.03848	0.79934	0.00825	0.01374	0.00550	0.00275	0.00458
7	0.01708	0.02082	0.01618	0.08401	0.13966	0.57894	0.03918	0.01896	0.01364	0.01341	0.00839	0.01034	0.00691	0.00513	0.00479	0.00140	0.00853	0.00371	0.00259	0.00631
8	0.01951	0.01437	0.01540	0.01181	0.01591	0.01591	0.00975	0.77056	0.02412	0.03234	0.01232	0.01232	0.00873	0.00616	0.00513	0.00154	0.00565	0.00462	0.00513	0.00873
9	0.01128	0.00888	0.00997	0.00917	0.01138	0.00972	0.00705	0.09104	0.38517	0.03639	0.16668	0.16446	0.02483	0.00938	0.00566	0.00177	0.00374	0.03146	0.00522	0.00676
10	0.00775	0.00568	0.00775	0.00744	0.00849	0.00545	0.04669	0.00923	0.05810	0.01381	0.12971	0.22908	0.17257	0.08467	0.01085	0.18139	0.00370	0.00935	0.00411	0.00419
11	0.00950	0.00716	0.00933	0.00875	0.01032	0.00803	0.00690	0.13020	0.05252	0.01630	0.05429	0.04147	0.04073	0.02801	0.51698	0.00593	0.01042	0.03414	0.00359	0.00542
12	0.00921	0.00921	0.07249	0.00972	0.02891	0.00811	0.06979	0.01490	0.20056	0.01916	0.36110	0.03029	0.12774	0.00886	0.00574	0.00167	0.00385	0.00782	0.00483	0.00604
13	0.04477	0.41405	0.02039	0.01075	0.01435	0.34767	0.00920	0.05968	0.01287	0.01378	0.00776	0.00889	0.00668	0.00488	0.00395	0.00123	0.00703	0.00309	0.00258	0.00640
14	0.01225	0.01415	0.12090	0.02503	0.50617	0.03209	0.08097	0.01565	0.01156	0.01655	0.00955	0.01221	0.00778	0.00451	0.00497	0.00146	0.00632	0.00438	0.00256	0.11094
15	0.03901	0.13574	0.16844	0.01218	0.04133	0.11913	0.05246	0.06348	0.05638	0.18483	0.03848	0.02944	0.01097	0.00590	0.00484	0.00152	0.00608	0.01873	0.00377	0.00728
16	0.01082	0.01838	0.46185	0.01359	0.06973	0.00985	0.01446	0.01507	0.01110	0.07583	0.01418	0.02254	0.01259	0.07386	0.00709	0.00204	0.00646	0.15069	0.00309	0.00678
17	0.03514	0.00967	0.01144	0.00946	0.01264	0.00990	0.00764	0.16334	0.19076	0.29887	0.14321	0.02166	0.01894	0.00740	0.00535	0.00165	0.00423	0.03536	0.00561	0.00773

[dist]
# distance from previous block
# <min> <max>
0	4

[block]
# block no. 3 follows, 48 sequences, length 8
# corresponding to MSA columns:
# 727-734
name=unknown_D
#
# <colnr> <probs for GDERKNQSTAVLIFYWHMCP>
#	G	D	E	R	K	N	Q	S	T	A	V	L	I	F	Y	W	H	M	C	P
0	0.01574	0.19422	0.15611	0.01164	0.03602	0.13344	0.01068	0.10578	0.10534	0.13977	0.03490	0.01309	0.01014	0.00562	0.00465	0.00146	0.00603	0.00422	0.00372	0.00743
1	0.01547	0.01503	0.18161	0.10165	0.16040	0.01253	0.01291	0.24904	0.04729	0.13496	0.01234	0.01326	0.00881	0.00554	0.00508	0.00159	0.00602	0.00456	0.00390	0.00802
2	0.00739	0.00556	0.00680	0.00701	0.00806	0.00548	0.00517	0.00969	0.06329	0.01473	0.15569	0.17106	0.18233	0.14781	0.08797	0.00303	0.00450	0.10541	0.00447	0.00452
3	0.00839	0.00459	0.00671	0.00684	0.00697	0.00466	0.00462	0.00703	0.00722	0.00972	0.01185	0.10133	0.01248	0.06261	0.10078	0.62778	0.00530	0.00579	0.00260	0.00273
4	0.01630	0.03537	0.13067	0.01581	0.15757	0.12949	0.05650	0.10429	0.09785	0.18531	0.01312	0.01356	0.00948	0.00553	0.00503	0.00155	0.00628	0.00458	0.00390	0.00781
5	0.01264	0.15354	0.12230	0.06423	0.12333	0.01387	0.20713	0.10515	0.03922	0.01723	0.01091	0.05549	0.00916	0.00561	0.00555	0.00160	0.03790	0.00512	0.00294	0.00709
6	0.00704	0.00492	0.00583	0.00626	0.00718	0.00460	0.00447	0.00844	0.01066	0.01465	0.09071	0.30255	0.22183	0.07525	0.04260	0.00232	0.00345	0.04473	0.13819	0.00432
7	0.06343	0.06019	0.01704	0.21502	0.29158	0.03269	0.01244	0.11454	0.07728	0.05085	0.01091	0.01302	0.00843	0.00521	0.00488	0.00157	0.00590	0.00446	0.00322	0.00733

[dist]
# distance from previous block
# <min> <max>
0	1

[block]
# block no. 4 follows, 48 sequences, length 131
# corresponding to MSA columns:
# 736-833,836-868
name=unknown_E
#
# <colnr> <probs for GDERKNQSTAVLIFYWHMCP>
#	G	D	E	R	K	N	Q	S	T	A	V	L	I	F	Y	W	H	M	C	P
0	0.03646	0.02076	0.01394	0.01309	0.04505	0.59882	0.00958	0.02084	0.09587	0.06112	0.01063	0.03161	0.00868	0.00577	0.00476	0.00142	0.00800	0.00401	0.00321	0.00638
1	0.00863	0.00679	0.00775	0.00771	0.00932	0.00685	0.00584	0.07095	0.14629	0.01697	0.07897	0.26977	0.24615	0.01229	0.00609	0.00188	0.00341	0.08406	0.00492	0.00536
2	0.01330	0.01160	0.01194	0.00982	0.01342	0.05741	0.00774	0.11925	0.37315	0.02075	0.01499	0.01477	0.01148	0.00568	0.00469	0.00136	0.00448	0.00456	0.00431	0.29530
3	0.00908	0.01238	0.21670	0.00955	0.03027	0.02559	0.00911	0.01254	0.04417	0.01662	0.21102	0.02582	0.14011	0.07045	0.00706	0.00178	0.01880	0.00654	0.00379	0.12862
4	0.01922	0.02276	0.01468	0.01298	0.01587	0.66759	0.00989	0.14641	0.01615	0.01588	0.00867	0.00977	0.00696	0.00543	0.00471	0.00136	0.00865	0.00353	0.00306	0.00641
5	0.02842	0.04079	0.01284	0.01231	0.11066	0.01101	0.00871	0.20485	0.16327	0.03864	0.04603	0.07826	0.04083	0.00824	0.00586	0.03214	0.00466	0.08587	0.00440	0.06220
6	0.00732	0.00525	0.00716	0.00829	0.00910	0.00509	0.00657	0.00902	0.01100	0.01445	0.04419	0.38684	0.04891	0.01490	0.00681	0.00221	0.00387	0.39978	0.00476	0.00448
7	0.00625	0.00447	0.00595	0.00714	0.00744	0.00417	0.00476	0.00714	0.00982	0.01310	0.02828	0.81633	0.03394	0.01608	0.00655	0.00208	0.00298	0.01459	0.00476	0.00417
8	0.01951	0.01437	0.01540	0.01181	0.01591	0.01591	0.00975	0.77056	0.02412	0.03234	0.01232	0.01232	0.00873	0.00616	0.00513	0.00154	0.00565	0.00462	0.00513	0.00873
9	0.01671	0.01600	0.01961	0.01732	0.12882	0.19017	0.20165	0.27938	0.01685	0.04729	0.01073	0.01224	0.00806	0.00528	0.00524	0.00154	0.00723	0.00470	0.00361	0.00756
10	0.01973	0.01401	0.01518	0.01163	0.01573	0.01538	0.00961	0.72299	0.02352	0.08076	0.01282	0.01265	0.00898	0.00617	0.00513	0.00154	0.00556	0.00465	0.00521	0.00873
11	0.01114	0.01110	0.01555	0.01336	0.01338	0.01551	0.01112	0.01228	0.00787	0.01234	0.00689	0.01142	0.00687	0.00963	0.03397	0.00238	0.79284	0.00451	0.00226	0.00559
12	0.00969	0.00912	0.01539	0.80734	0.03534	0.01140	0.01425	0.01311	0.01026	0.01311	0.00912	0.01368	0.00684	0.00513	0.00513	0.00171	0.00684	0.00456	0.00228	0.00570
13	0.00969	0.00912	0.01539	0.80734	0.03534	0.01140	0.01425	0.01311	0.01026	0.01311	0.00912	0.01368	0.00684	0.00513	0.00513	0.00171	0.00684	0.00456	0.00228	0.00570
14	0.02302	0.00873	0.01191	0.00913	0.01310	0.00754	0.00754	0.02501	0.01469	0.79122	0.02024	0.01746	0.01270	0.00635	0.00516	0.00159	0.00437	0.00516	0.00635	0.00873
15	0.00926	0.00704	0.00899	0.00961	0.01118	0.00742	0.00816	0.01434	0.18396	0.01684	0.04173	0.04877	0.02682	0.01248	0.00665	0.00221	0.00453	0.56969	0.00486	0.00549
16	0.01276	0.01102	0.01160	0.01044	0.01334	0.01276	0.00812	0.02727	0.77840	0.02146	0.02088	0.01914	0.01566	0.00696	0.00522	0.00174	0.00406	0.00580	0.00522	0.00812
17	0.00760	0.00552	0.00714	0.00685	0.00814	0.00518	0.00529	0.02667	0.01435	0.02004	0.65998	0.04025	0.07191	0.01088	0.00614	0.00170	0.00275	0.08921	0.00551	0.00490
18	0.00998	0.01763	0.38490	0.01472	0.09084	0.04327	0.09608	0.01393	0.01113	0.01548	0.03122	0.17428	0.05909	0.00762	0.00544	0.00171	0.00632	0.00676	0.00301	0.00657
19	0.00625	0.00447	0.00595	0.00714	0.00744	0.00417	0.00476	0.00714	0.00982	0.01310	0.02828	0.81633	0.03394	0.01608	0.00655	0.00208	0.00298	0.01459	0.00476	0.00417
20	0.01549	0.01325	0.01724	0.01952	0.32741	0.04542	0.02624	0.32226	0.03280	0.02300	0.01085	0.01234	0.00840	0.00521	0.00496	0.00145	0.00580	0.00443	0.00371	0.10023
21	0.00746	0.00497	0.00560	0.00560	0.00560	0.00497	0.00311	0.00746	0.00746	0.00995	0.01617	0.03358	0.01865	0.81967	0.02612	0.00497	0.00497	0.00746	0.00311	0.00311
22	0.03207	0.65542	0.11093	0.00947	0.01418	0.01850	0.00980	0.04208	0.01099	0.02672	0.00781	0.00888	0.00675	0.00453	0.00357	0.00118	0.00564	0.00297	0.00241	0.02609
23	0.00746	0.00497	0.00560	0.00560	0.00560	0.00497	0.00311	0.00746	0.00746	0.00995	0.01617	0.03358	0.01865	0.81967	0.02612	0.00497	0.00497	0.00746	0.00311	0.00311
24	0.01055	0.00913	0.01123	0.00812	0.01255	0.00704	0.03288	0.01288	0.01059	0.01651	0.00936	0.01116	0.00783	0.00529	0.03758	0.00111	0.00439	0.00325	0.00301	0.78555
25	0.00745	0.00501	0.00575	0.00575	0.00581	0.00506	0.00330	0.00756	0.00751	0.01006	0.01602	0.03279	0.01831	0.77373	0.07160	0.00517	0.00549	0.00735	0.00309	0.00320
26	0.00733	0.00550	0.00825	0.00825	0.00916	0.00641	0.00641	0.00916	0.00825	0.01191	0.01374	0.02016	0.01283	0.03848	0.79934	0.00825	0.01374	0.00550	0.00275	0.00458
27	0.85592	0.00992	0.00754	0.00675	0.00992	0.01151	0.00556	0.01508	0.00873	0.02302	0.00714	0.00834	0.00556	0.00476	0.00318	0.00159	0.00397	0.00278	0.00318	0.00556
28	0.01042	0.00999	0.01334	0.01163	0.01196	0.04193	0.02856	0.01150	0.00819	0.01197	0.00940	0.01637	0.00965	0.16323	0.10355	0.00336	0.52224	0.00515	0.00249	0.00508
29	0.01129	0.00930	0.01035	0.00833	0.01153	0.06877	0.00653	0.01323	0.01046	0.07035	0.01118	0.01436	0.00962	0.05261	0.18874	0.00283	0.02505	0.00403	0.00316	0.46826
30	0.00676	0.00517	0.00619	0.00605	0.00738	0.00461	0.00449	0.00866	0.01316	0.01760	0.46480	0.09771	0.31521	0.01180	0.00609	0.00169	0.00253	0.01022	0.00526	0.00461
31	0.01082	0.01053	0.01522	0.69834	0.03260	0.07260	0.01360	0.03804	0.03254	0.01391	0.00946	0.01345	0.00713	0.00523	0.00509	0.00168	0.00691	0.00450	0.00248	0.00588
32	0.01917	0.02445	0.01454	0.01322	0.01586	0.79907	0.00991	0.02049	0.01454	0.01256	0.00793	0.00925	0.00661	0.00529	0.00463	0.00132	0.00925	0.00330	0.00264	0.00595
33	0.00639	0.00521	0.00566	0.00554	0.00713	0.00447	0.00416	0.00800	0.01248	0.01571	0.25406	0.04633	0.58235	0.01230	0.00606	0.00170	0.00255	0.01040	0.00501	0.00447
34	0.01276	0.01102	0.01160	0.01044	0.01334	0.01276	0.00812	0.02727	0.77840	0.02146	0.02088	0.01914	0.01566	0.00696	0.00522	0.00174	0.00406	0.00580	0.00522	0.00812
35	0.00676	0.00523	0.00617	0.00593	0.00736	0.00463	0.00445	0.00872	0.01335	0.01778	0.47960	0.04293	0.35552	0.01153	0.00606	0.00166	0.00249	0.00993	0.00528	0.00463
36	0.02302	0.00873	0.01191	0.00913	0.01310	0.00754	0.00754	0.02501	0.01469	0.79122	0.02024	0.01746	0.01270	0.00635	0.00516	0.00159	0.00437	0.00516	0.00635	0.00873
37	0.01388	0.01158	0.01223	0.01067	0.01377	0.01328	0.00839	0.15040	0.65344	0.02327	0.01947	0.01801	0.01451	0.00683	0.00521	0.00171	0.00432	0.00561	0.00521	0.00822
38	0.85592	0.00992	0.00754	0.00675	0.00992	0.01151	0.00556	0.01508	0.00873	0.02302	0.00714	0.00834	0.00556	0.00476	0.00318	0.00159	0.00397	0.00278	0.00318	0.00556
39	0.85592	0.00992	0.00754	0.00675	0.00992	0.01151	0.00556	0.01508	0.00873	0.02302	0.00714	0.00834	0.00556	0.00476	0.00318	0.00159	0.00397	0.00278	0.00318	0.00556
40	0.00746	0.00497	0.00560	0.00560	0.00560	0.00497	0.00311	0.00746	0.00746	0.00995	0.01617	0.03358	0.01865	0.81967	0.02612	0.00497	0.00497	0.00746	0.00311	0.00311
41	0.00622	0.00460	0.00581	0.00678	0.00735	0.00420	0.00460	0.00719	0.01017	0.01324	0.03271	0.67297	0.17443	0.01550	0.00646	0.00202	0.00291	0.01388	0.00476	0.00420
42	0.00733	0.00548	0.00818	0.00818	0.00907	0.00638	0.00633	0.00912	0.00823	0.01186	0.01381	0.02050	0.01298	0.05851	0.77952	0.00816	0.01352	0.00555	0.00276	0.00454
43	0.01417	0.01071	0.01164	0.01026	0.01331	0.01205	0.00804	0.02696	0.67368	0.12701	0.02080	0.01891	0.01526	0.00688	0.00521	0.00172	0.00410	0.00571	0.00538	0.00821
44	0.85592	0.00992	0.00754	0.00675	0.00992	0.01151	0.00556	0.01508	0.00873	0.02302	0.00714	0.00834	0.00556	0.00476	0.00318	0.00159	0.00397	0.00278	0.00318	0.00556
45	0.01238	0.52892	0.28897	0.01072	0.01613	0.01703	0.01217	0.01552	0.01067	0.01372	0.02779	0.00989	0.00763	0.00471	0.00391	0.00129	0.00613	0.00327	0.00227	0.00688
46	0.00733	0.00550	0.00825	0.00825	0.00916	0.00641	0.00641	0.00916	0.00825	0.01191	0.01374	0.02016	0.01283	0.03848	0.79934	0.00825	0.01374	0.00550	0.00275	0.00458
47	0.00710	0.00524	0.00663	0.00628	0.00756	0.00477	0.00471	0.00936	0.01414	0.01966	0.68446	0.03984	0.14949	0.01083	0.00605	0.00163	0.00245	0.00949	0.00553	0.00477
48	0.01123	0.01123	0.01572	0.01347	0.01347	0.01572	0.01123	0.01235	0.00786	0.01235	0.00674	0.01123	0.00674	0.00898	0.01684	0.00225	0.81028	0.00449	0.00225	0.00561
49	0.01923	0.01417	0.01524	0.01173	0.01576	0.01570	0.00968	0.75337	0.02377	0.03188	0.01235	0.01250	0.00882	0.00689	0.02306	0.00169	0.00583	0.00464	0.00508	0.00863
50	0.00891	0.00446	0.00668	0.00668	0.00668	0.00446	0.00446	0.00668	0.00668	0.00891	0.00891	0.01560	0.00891	0.01783	0.02005	0.85071	0.00446	0.00446	0.00223	0.00223
51	0.00625	0.00447	0.00595	0.00714	0.00744	0.00417	0.00476	0.00714	0.00982	0.01310	0.02828	0.81633	0.03394	0.01608	0.00655	0.00208	0.00298	0.01459	0.00476	0.00417
52	0.02302	0.00873	0.01191	0.00913	0.01310	0.00754	0.00754	0.02501	0.01469	0.79122	0.02024	0.01746	0.01270	0.00635	0.00516	0.00159	0.00437	0.00516	0.00635	0.00873
53	0.02223	0.01000	0.01269	0.00973	0.01373	0.00942	0.00804	0.19237	0.01680	0.62086	0.01846	0.01631	0.01181	0.00631	0.00515	0.00158	0.00465	0.00504	0.00608	0.00873
54	0.01276	0.01102	0.01160	0.01044	0.01334	0.01276	0.00812	0.02727	0.77840	0.02146	0.02088	0.01914	0.01566	0.00696	0.00522	0.00174	0.00406	0.00580	0.00522	0.00812
55	0.01211	0.01384	0.03028	0.02163	0.02682	0.01298	0.76903	0.01644	0.01211	0.01644	0.01038	0.01384	0.00779	0.00433	0.00606	0.00173	0.00865	0.00606	0.00260	0.00692
56	0.00733	0.00550	0.00825	0.00825	0.00916	0.00641	0.00641	0.00916	0.00825	0.01191	0.01374	0.02016	0.01283	0.03848	0.79934	0.00825	0.01374	0.00550	0.00275	0.00458
57	0.00606	0.00520	0.00520	0.00520	0.00693	0.00433	0.00390	0.00736	0.01170	0.01386	0.05198	0.04938	0.78558	0.01299	0.00606	0.00173	0.00260	0.01083	0.00476	0.00433
58	0.02254	0.00951	0.01239	0.00950	0.01348	0.00869	0.00784	0.12723	0.01598	0.68717	0.01916	0.01676	0.01216	0.00632	0.00516	0.00158	0.00454	0.00509	0.00618	0.00873
59	0.01064	0.00912	0.01064	0.00760	0.01216	0.00684	0.00608	0.01292	0.01064	0.01672	0.00912	0.01064	0.00760	0.00380	0.00380	0.00076	0.00380	0.00304	0.00304	0.85104
60	0.00625	0.00447	0.00595	0.00714	0.00744	0.00417	0.00476	0.00714	0.00982	0.01310	0.02828	0.81633	0.03394	0.01608	0.00655	0.00208	0.00298	0.01459	0.00476	0.00417
61	0.00827	0.00591	0.00827	0.00945	0.01063	0.00591	0.00827	0.01063	0.01181	0.01536	0.02717	0.05788	0.02953	0.01417	0.00709	0.00236	0.00472	0.75313	0.00472	0.00472
62	0.02302	0.00873	0.01191	0.00913	0.01310	0.00754	0.00754	0.02501	0.01469	0.79122	0.02024	0.01746	0.01270	0.00635	0.00516	0.00159	0.00437	0.00516	0.00635	0.00873
63	0.01917	0.02445	0.01454	0.01322	0.01586	0.79907	0.00991	0.02049	0.01454	0.01256	0.00793	0.00925	0.00661	0.00529	0.00463	0.00132	0.00925	0.00330	0.00264	0.00595
64	0.00746	0.00500	0.00571	0.00571	0.00575	0.00504	0.00325	0.00753	0.00749	0.01003	0.01606	0.03301	0.01841	0.78658	0.05887	0.00511	0.00535	0.00738	0.00309	0.00317
65	0.01372	0.82276	0.02689	0.00878	0.01317	0.02030	0.00878	0.01536	0.01043	0.01207	0.00713	0.00823	0.00658	0.00439	0.00329	0.00110	0.00549	0.00274	0.00219	0.00658
66	0.01266	0.01080	0.01147	0.01025	0.01315	0.01231	0.00797	0.05372	0.69066	0.02135	0.02046	0.05236	0.01589	0.00721	0.00522	0.00171	0.00407	0.00603	0.00512	0.03757
67	0.05369	0.01363	0.01461	0.04107	0.01604	0.04096	0.00948	0.59298	0.02148	0.12533	0.01283	0.01275	0.00895	0.00606	0.00504	0.00155	0.00558	0.00457	0.00501	0.00839
68	0.00662	0.00492	0.00626	0.00719	0.00798	0.00455	0.00528	0.00790	0.01063	0.01372	0.03318	0.49716	0.19553	0.01502	0.00655	0.00206	0.00325	0.16312	0.00476	0.00432
69	0.01898	0.01404	0.01506	0.01165	0.01563	0.01554	0.00958	0.72821	0.04926	0.03154	0.01297	0.03072	0.00953	0.00641	0.00517	0.00156	0.00553	0.00488	0.00513	0.00860
70	0.01799	0.10173	0.01628	0.01317	0.02879	0.63334	0.03541	0.03672	0.03014	0.01342	0.00836	0.00967	0.00693	0.00518	0.00456	0.00132	0.00851	0.00344	0.00271	0.02232
71	0.01409	0.42602	0.16557	0.01235	0.06889	0.09156	0.01144	0.10003	0.01242	0.01548	0.00833	0.00967	0.00692	0.00493	0.00450	0.00133	0.03346	0.00339	0.00259	0.00702
72	0.01951	0.01437	0.01540	0.01181	0.01591	0.01591	0.00975	0.77056	0.02412	0.03234	0.01232	0.01232	0.00873	0.00616	0.00513	0.00154	0.00565	0.00462	0.00513	0.00873
73	0.00777	0.00589	0.00677	0.00684	0.00728	0.03889	0.00454	0.00852	0.00855	0.01140	0.04869	0.12318	0.01968	0.44881	0.22607	0.00520	0.00712	0.00770	0.00330	0.00382
74	0.00726	0.00524	0.00686	0.00646	0.00767	0.00484	0.00484	0.00968	0.01452	0.02058	0.78496	0.03833	0.04841	0.01049	0.00605	0.00161	0.00242	0.00928	0.00565	0.00484
75	0.01089	0.01035	0.01756	0.49777	0.33552	0.01172	0.01485	0.01416	0.01083	0.01457	0.00933	0.01329	0.00735	0.00491	0.00511	0.00164	0.00654	0.00456	0.00238	0.00667
76	0.00733	0.00539	0.00712	0.00742	0.00827	0.00560	0.00543	0.00951	0.05239	0.01415	0.12100	0.27592	0.05597	0.08698	0.25996	0.00418	0.00659	0.03929	0.02294	0.00456
77	0.01177	0.01204	0.01552	0.22166	0.05090	0.16166	0.14486	0.01430	0.01126	0.01444	0.01204	0.09210	0.01078	0.02487	0.00643	0.00171	0.06365	0.00565	0.11865	0.00572
78	0.04907	0.71289	0.09866	0.00925	0.01389	0.01914	0.00961	0.01544	0.01039	0.01293	0.00733	0.00848	0.00653	0.00445	0.00344	0.00117	0.00562	0.00284	0.00223	0.00664
79	0.01640	0.31144	0.01864	0.01127	0.01457	0.41906	0.00928	0.01948	0.10865	0.01350	0.00926	0.01012	0.00773	0.00517	0.00422	0.00129	0.00724	0.00341	0.00280	0.00645
80	0.74009	0.04015	0.08835	0.00762	0.01129	0.01186	0.00704	0.01521	0.00901	0.02195	0.00735	0.00859	0.00569	0.00476	0.00335	0.00157	0.00439	0.00288	0.00304	0.00580
81	0.01350	0.01668	0.18799	0.01260	0.04302	0.12726	0.01117	0.06317	0.42756	0.01941	0.01552	0.01525	0.01165	0.00612	0.00505	0.00164	0.00576	0.00488	0.00406	0.00772
82	0.02023	0.01088	0.01266	0.01007	0.01382	0.03878	0.00819	0.17712	0.16050	0.46354	0.01831	0.01644	0.01223	0.00639	0.00515	0.00160	0.00475	0.00510	0.00576	0.00852
83	0.00742	0.00497	0.00567	0.00571	0.00574	0.00498	0.00324	0.00749	0.00756	0.01010	0.01652	0.05970	0.01904	0.77512	0.04270	0.00495	0.00510	0.00766	0.00316	0.00318
84	0.01206	0.01071	0.01158	0.01034	0.01270	0.03018	0.00813	0.03947	0.54282	0.01955	0.04853	0.02105	0.08364	0.00784	0.00690	0.00179	0.11457	0.00611	0.00473	0.00729
85	0.01105	0.00608	0.00807	0.00710	0.00897	0.00549	0.00549	0.01336	0.01456	0.20558	0.60138	0.03332	0.03984	0.00950	0.00584	0.00161	0.00289	0.00829	0.00582	0.00578
86	0.00697	0.00517	0.00651	0.00640	0.00750	0.00484	0.00468	0.00881	0.01243	0.01702	0.44930	0.11280	0.17368	0.07572	0.08279	0.00256	0.00377	0.00957	0.00494	0.00453
87	0.00891	0.00446	0.00668	0.00668	0.00668	0.00446	0.00446	0.00668	0.00668	0.00891	0.00891	0.01560	0.00891	0.01783	0.02005	0.85071	0.00446	0.00446	0.00223	0.00223
88	0.01041	0.05342	0.76722	0.01443	0.02190	0.01220	0.01861	0.01622	0.01082	0.01611	0.00914	0.01075	0.00650	0.00486	0.00482	0.00161	0.00751	0.00376	0.00217	0.00755
89	0.01732	0.02132	0.01567	0.10184	0.09151	0.61648	0.03220	0.01912	0.01373	0.01313	0.00829	0.01019	0.00681	0.00518	0.00476	0.00139	0.00867	0.00364	0.00259	0.00616
90	0.00756	0.00529	0.00693	0.00654	0.00777	0.00487	0.00490	0.00992	0.01435	0.03675	0.74032	0.06699	0.04711	0.01061	0.00605	0.00163	0.00248	0.00939	0.00563	0.00490
91	0.01154	0.00941	0.01014	0.00904	0.01145	0.02572	0.00699	0.15770	0.27953	0.01959	0.02349	0.09858	0.14298	0.04253	0.09674	0.00256	0.00525	0.00713	0.00460	0.03505
92	0.00625	0.00447	0.00595	0.00714	0.00744	0.00417	0.00476	0.00714	0.00982	0.01310	0.02828	0.81633	0.03394	0.01608	0.00655	0.00208	0.00298	0.01459	0.00476	0.00417
93	0.01211	0.01384	0.03028	0.02163	0.02682	0.01298	0.76903	0.01644	0.01211	0.01644	0.01038	0.01384	0.00779	0.00433	0.00606	0.00173	0.00865	0.00606	0.00260	0.00692
94	0.01447	0.71330	0.02519	0.00939	0.01354	0.12708	0.00894	0.01607	0.01099	0.01214	0.00724	0.00837	0.00659	0.00451	0.00348	0.00113	0.00600	0.00282	0.00226	0.00650
95	0.01213	0.01186	0.01898	0.23044	0.53337	0.04377	0.01496	0.01513	0.01129	0.01549	0.00934	0.01276	0.00768	0.00491	0.00551	0.00159	0.03650	0.00451	0.00247	0.00732
96	0.01081	0.01062	0.04401	0.03011	0.05844	0.00845	0.14773	0.01362	0.01093	0.01642	0.01016	0.04383	0.00866	0.00450	0.00447	0.00109	0.00500	0.00421	0.00295	0.56398
97	0.03051	0.28807	0.23867	0.01173	0.01650	0.20364	0.01189	0.06879	0.04125	0.03194	0.00906	0.01010	0.00716	0.00501	0.00429	0.00137	0.00689	0.00347	0.00271	0.00694
98	0.01001	0.01033	0.03803	0.00853	0.01006	0.18367	0.00658	0.01182	0.01205	0.01518	0.28947	0.06536	0.04127	0.11163	0.16021	0.00325	0.00666	0.00708	0.00392	0.00489
99	0.80496	0.00999	0.00811	0.00769	0.03907	0.01143	0.00595	0.01506	0.00889	0.02264	0.00728	0.00855	0.00570	0.00473	0.00326	0.00157	0.00404	0.00285	0.00315	0.02507
100	0.01357	0.01271	0.03472	0.02109	0.40485	0.04301	0.01225	0.12105	0.13859	0.01949	0.01170	0.01325	0.00927	0.00511	0.00492	0.00145	0.00556	0.00451	0.00340	0.11951
101	0.00746	0.00497	0.00560	0.00560	0.00560	0.00497	0.00311	0.00746	0.00746	0.00995	0.01617	0.03358	0.01865	0.81967	0.02612	0.00497	0.00497	0.00746	0.00311	0.00311
102	0.01289	0.01109	0.01167	0.01047	0.01339	0.01282	0.00815	0.04137	0.76409	0.02167	0.02072	0.01901	0.01553	0.00695	0.00522	0.00174	0.00409	0.00578	0.00522	0.00813
103	0.00746	0.00497	0.00560	0.00560	0.00560	0.00497	0.00311	0.00746	0.00746	0.00995	0.01617	0.03358	0.01865	0.81967	0.02612	0.00497	0.00497	0.00746	0.00311	0.00311
104	0.01951	0.01437	0.01540	0.01181	0.01591	0.01591	0.00975	0.77056	0.02412	0.03234	0.01232	0.01232	0.00873	0.00616	0.00513	0.00154	0.00565	0.00462	0.00513	0.00873
105	0.01447	0.00701	0.00928	0.00779	0.01029	0.00634	0.00616	0.01715	0.04338	0.36279	0.41662	0.02834	0.03132	0.00852	0.00562	0.00161	0.00335	0.00732	0.00594	0.00669
106	0.01355	0.01119	0.01192	0.01039	0.01338	0.01274	0.00817	0.15573	0.59202	0.02330	0.07414	0.01933	0.01680	0.00707	0.00527	0.00170	0.00422	0.00584	0.00524	0.00799
107	0.00625	0.00447	0.00595	0.00714	0.00744	0.00417	0.00476	0.00714	0.00982	0.01310	0.02828	0.81633	0.03394	0.01608	0.00655	0.00208	0.00298	0.01459	0.00476	0.00417
108	0.01228	0.01305	0.01427	0.01282	0.02722	0.17571	0.01013	0.01350	0.00936	0.01234	0.00845	0.02574	0.00826	0.04540	0.08852	0.00272	0.50764	0.00463	0.00246	0.00550
109	0.01323	0.02772	0.02311	0.02623	0.47075	0.05139	0.23627	0.05712	0.01260	0.01722	0.00988	0.01277	0.00796	0.00462	0.00532	0.00157	0.00697	0.00492	0.00270	0.00767
110	0.01850	0.08105	0.01569	0.01208	0.01552	0.34663	0.00965	0.34988	0.06526	0.02175	0.01059	0.01113	0.00809	0.00570	0.00478	0.00143	0.00706	0.00399	0.00386	0.00735
111	0.85592	0.00992	0.00754	0.00675	0.00992	0.01151	0.00556	0.01508	0.00873	0.02302	0.00714	0.00834	0.00556	0.00476	0.00318	0.00159	0.00397	0.00278	0.00318	0.00556
112	0.01403	0.73627	0.05018	0.00931	0.01366	0.07984	0.00919	0.01579	0.01075	0.01224	0.00726	0.00839	0.00658	0.00447	0.00344	0.00113	0.00584	0.00282	0.00223	0.00657
113	0.00612	0.00520	0.00527	0.00525	0.00696	0.00435	0.00394	0.00746	0.01182	0.01415	0.08316	0.04891	0.75423	0.01289	0.00606	0.00173	0.00259	0.01076	0.00480	0.00435
114	0.00770	0.02185	0.00731	0.00651	0.00787	0.00519	0.00494	0.01005	0.01433	0.03782	0.72062	0.03771	0.07798	0.01038	0.00598	0.00161	0.00253	0.00912	0.00556	0.00494
115	0.00746	0.00497	0.00560	0.00560	0.00560	0.00497	0.00311	0.00746	0.00746	0.00995	0.01617	0.03358	0.01865	0.81967	0.02612	0.00497	0.00497	0.00746	0.00311	0.00311
116	0.13891	0.00881	0.01012	0.00849	0.01164	0.00882	0.00681	0.02109	0.19441	0.35628	0.08799	0.02137	0.08878	0.00725	0.00505	0.00164	0.00390	0.00586	0.00541	0.00737
117	0.00733	0.00550	0.00825	0.00825	0.00916	0.00641	0.00641	0.00916	0.00825	0.01191	0.01374	0.02016	0.01283	0.03848	0.79934	0.00825	0.01374	0.00550	0.00275	0.00458
118	0.00839	0.00688	0.01088	0.01239	0.14068	0.00721	0.04989	0.01017	0.00921	0.01292	0.01551	0.13389	0.01589	0.14296	0.38079	0.00529	0.00919	0.01975	0.00308	0.00504
119	0.02967	0.01201	0.01853	0.03288	0.15759	0.05878	0.23183	0.12600	0.05811	0.01796	0.01244	0.05393	0.01064	0.03604	0.11748	0.00267	0.00770	0.00568	0.00326	0.00678
120	0.00668	0.00503	0.00619	0.00630	0.00741	0.00453	0.00457	0.00841	0.01256	0.01687	0.39585	0.24183	0.23982	0.01259	0.00618	0.00177	0.00261	0.01106	0.00519	0.00453
121	0.01064	0.00912	0.01064	0.00760	0.01216	0.00684	0.00608	0.01292	0.01064	0.01672	0.00912	0.01064	0.00760	0.00380	0.00380	0.00076	0.00380	0.00304	0.00304	0.85104
122	0.00845	0.00710	0.00761	0.00742	0.00944	0.00717	0.00582	0.01399	0.24951	0.01643	0.03886	0.04119	0.44104	0.01129	0.00595	0.00182	0.00335	0.11309	0.00490	0.00556
123	0.01334	0.19955	0.01731	0.01094	0.01424	0.07077	0.09463	0.18046	0.01376	0.01790	0.03204	0.12118	0.01252	0.03601	0.00616	0.00159	0.04498	0.00563	0.00349	0.10352
124	0.00617	0.00520	0.00535	0.00531	0.00700	0.00438	0.00398	0.00758	0.01195	0.01448	0.11922	0.04837	0.71796	0.01277	0.00606	0.00172	0.00258	0.01069	0.00485	0.00438
125	0.01505	0.01791	0.07577	0.01517	0.06701	0.32165	0.15209	0.08114	0.07066	0.01678	0.06558	0.01361	0.01078	0.00570	0.00553	0.00153	0.03458	0.00469	0.00320	0.02156
126	0.01730	0.01433	0.04515	0.01383	0.01791	0.11501	0.19823	0.20601	0.08845	0.19535	0.01366	0.01403	0.00966	0.00572	0.00552	0.00160	0.02117	0.00501	0.00430	0.00776
127	0.00606	0.00520	0.00520	0.00520	0.00693	0.00433	0.00390	0.00736	0.01170	0.01386	0.05198	0.04938	0.78558	0.01299	0.00606	0.00173	0.00260	0.01083	0.00476	0.00433
128	0.01083	0.05199	0.10705	0.01684	0.04912	0.01127	0.43314	0.01421	0.01082	0.01480	0.01163	0.03519	0.01030	0.14175	0.05575	0.00261	0.00785	0.00599	0.00267	0.00619
129	0.01321	0.70535	0.13987	0.00964	0.01450	0.01907	0.01028	0.01549	0.01049	0.01269	0.00744	0.00861	0.00657	0.00446	0.00353	0.00118	0.00580	0.00290	0.00219	0.00673
130	0.01507	0.35377	0.04965	0.01396	0.12577	0.27070	0.01061	0.01742	0.03993	0.01342	0.00832	0.00983	0.00715	0.00501	0.00468	0.00132	0.04082	0.00341	0.00250	0.00665

[dist]
# distance from previous block
# <min> <max>
0	4

[block]
# block no. 5 follows, 48 sequences, length 67
# corresponding to MSA columns:
# 873-939
name=unknown_F
#
# <colnr> <probs for GDERKNQSTAVLIFYWHMCP>
#	G	D	E	R	K	N	Q	S	T	A	V	L	I	F	Y	W	H	M	C	P
0	0.01324	0.01605	0.11654	0.04016	0.39120	0.14248	0.13326	0.01691	0.03567	0.01599	0.01008	0.01312	0.00822	0.00495	0.00517	0.00156	0.00713	0.01824	0.00264	0.00740
1	0.01123	0.01123	0.01572	0.01347	0.01347	0.01572	0.01123	0.01235	0.00786	0.01235	0.00674	0.01123	0.00674	0.00898	0.01684	0.00225	0.81028	0.00449	0.00225	0.00561
2	0.01064	0.00912	0.01064	0.00760	0.01216	0.00684	0.00608	0.01292	0.01064	0.01672	0.00912	0.01064	0.00760	0.00380	0.00380	0.00076	0.00380	0.00304	0.00304	0.85104
3	0.00726	0.00524	0.00686	0.00646	0.00767	0.00484	0.00484	0.00968	0.01452	0.02058	0.78496	0.03833	0.04841	0.01049	0.00605	0.00161	0.00242	0.00928	0.00565	0.00484
4	0.01270	0.01219	0.02083	0.03149	0.78767	0.01219	0.01575	0.01575	0.01168	0.01676	0.00965	0.01270	0.00813	0.00457	0.00508	0.00152	0.00610	0.00457	0.00254	0.00813
5	0.00707	0.00524	0.00659	0.00625	0.00755	0.00476	0.00469	0.00931	0.01406	0.01948	0.66559	0.04013	0.16846	0.01090	0.00605	0.00163	0.00245	0.00953	0.00550	0.00476
6	0.85592	0.00992	0.00754	0.00675	0.00992	0.01151	0.00556	0.01508	0.00873	0.02302	0.00714	0.00834	0.00556	0.00476	0.00318	0.00159	0.00397	0.00278	0.00318	0.00556
7	0.00638	0.00457	0.00607	0.00705	0.00747	0.00426	0.00477	0.00748	0.01044	0.01408	0.12726	0.71455	0.03583	0.01534	0.00648	0.00202	0.00290	0.01389	0.00488	0.00426
8	0.01951	0.01437	0.01540	0.01181	0.01591	0.01591	0.00975	0.77056	0.02412	0.03234	0.01232	0.01232	0.00873	0.00616	0.00513	0.00154	0.00565	0.00462	0.00513	0.00873
9	0.01372	0.82276	0.02689	0.00878	0.01317	0.02030	0.00878	0.01536	0.01043	0.01207	0.00713	0.00823	0.00658	0.00439	0.00329	0.00110	0.00549	0.00274	0.00219	0.00658
10	0.02302	0.00873	0.01191	0.00913	0.01310	0.00754	0.00754	0.02501	0.01469	0.79122	0.02024	0.01746	0.01270	0.00635	0.00516	0.00159	0.00437	0.00516	0.00635	0.00873
11	0.00733	0.00550	0.00825	0.00825	0.00916	0.00641	0.00641	0.00916	0.00825	0.01191	0.01374	0.02016	0.01283	0.03848	0.79934	0.00825	0.01374	0.00550	0.00275	0.00458
12	0.00606	0.00520	0.00520	0.00520	0.00693	0.00433	0.00390	0.00736	0.01170	0.01386	0.05198	0.04938	0.78558	0.01299	0.00606	0.00173	0.00260	0.01083	0.00476	0.00433
13	0.00695	0.00560	0.00606	0.00590	0.00757	0.00497	0.00449	0.03788	0.01260	0.01577	0.18014	0.04598	0.56700	0.03160	0.00655	0.00181	0.00285	0.04679	0.00490	0.00459
14	0.01372	0.82276	0.02689	0.00878	0.01317	0.02030	0.00878	0.01536	0.01043	0.01207	0.00713	0.00823	0.00658	0.00439	0.00329	0.00110	0.00549	0.00274	0.00219	0.00658
15	0.01267	0.01227	0.02129	0.03101	0.75018	0.01223	0.05286	0.01578	0.01170	0.01675	0.00969	0.01276	0.00811	0.00456	0.00513	0.00153	0.00622	0.00464	0.00254	0.00807
16	0.01161	0.05042	0.01415	0.01150	0.01405	0.02669	0.09876	0.01995	0.38835	0.01835	0.08751	0.02328	0.01777	0.02155	0.00704	0.00186	0.08708	0.08889	0.00435	0.00684
17	0.00658	0.00495	0.00609	0.00638	0.00739	0.00446	0.00457	0.00814	0.01205	0.01607	0.31491	0.32763	0.23566	0.01320	0.00624	0.00182	0.00267	0.01164	0.00509	0.00446
18	0.04925	0.00557	0.00721	0.00732	0.00815	0.00595	0.00544	0.00913	0.00917	0.01316	0.08155	0.04663	0.03627	0.26072	0.32097	0.00531	0.00800	0.11251	0.00348	0.00422
19	0.00923	0.00821	0.01027	0.18553	0.01467	0.06958	0.03425	0.01054	0.00904	0.01156	0.01399	0.02423	0.03692	0.38992	0.09471	0.00389	0.06009	0.00615	0.00283	0.00439
20	0.01893	0.00929	0.01155	0.00942	0.01290	0.00908	0.00759	0.02496	0.25995	0.50495	0.05920	0.01906	0.01546	0.00676	0.00522	0.00164	0.00417	0.00557	0.00595	0.00834
21	0.01043	0.00991	0.01661	0.59553	0.20127	0.01179	0.01443	0.01366	0.01046	0.01388	0.00912	0.01334	0.00712	0.00520	0.00570	0.00170	0.04672	0.00456	0.00234	0.00623
22	0.01023	0.01017	0.01869	0.63291	0.03345	0.01175	0.18182	0.01385	0.01067	0.01385	0.00940	0.01372	0.00705	0.00495	0.00534	0.00171	0.00724	0.00489	0.00235	0.00597
23	0.01270	0.01219	0.02083	0.03149	0.78767	0.01219	0.01575	0.01575	0.01168	0.01676	0.00965	0.01270	0.00813	0.00457	0.00508	0.00152	0.00610	0.00457	0.00254	0.00813
24	0.01276	0.01102	0.01160	0.01044	0.01334	0.01276	0.00812	0.02727	0.77840	0.02146	0.02088	0.01914	0.01566	0.00696	0.00522	0.00174	0.00406	0.00580	0.00522	0.00812
25	0.00606	0.00520	0.00520	0.00520	0.00693	0.00433	0.00390	0.00736	0.01170	0.01386	0.05198	0.04938	0.78558	0.01299	0.00606	0.00173	0.00260	0.01083	0.00476	0.00433
26	0.00735	0.00543	0.00790	0.00790	0.00870	0.00623	0.00598	0.00894	0.00814	0.01165	0.01406	0.02191	0.01359	0.14067	0.69819	0.00782	0.01260	0.00575	0.00280	0.00439
27	0.01029	0.02654	0.79309	0.01462	0.02221	0.01192	0.01896	0.01625	0.01083	0.01625	0.00921	0.01083	0.00650	0.00487	0.00487	0.00162	0.00758	0.00379	0.00217	0.00758
28	0.00733	0.00550	0.00825	0.00825	0.00916	0.00641	0.00641	0.00916	0.00825	0.01191	0.01374	0.02016	0.01283	0.03848	0.79934	0.00825	0.01374	0.00550	0.00275	0.00458
29	0.01139	0.06621	0.01647	0.01315	0.01345	0.01603	0.01106	0.01255	0.00803	0.01233	0.00676	0.01102	0.00673	0.00867	0.01592	0.00217	0.75576	0.00437	0.00224	0.00568
30	0.00969	0.00912	0.01539	0.80734	0.03534	0.01140	0.01425	0.01311	0.01026	0.01311	0.00912	0.01368	0.00684	0.00513	0.00513	0.00171	0.00684	0.00456	0.00228	0.00570
31	0.00714	0.00524	0.00669	0.00633	0.00759	0.00479	0.00475	0.00945	0.01424	0.01991	0.71208	0.03943	0.12171	0.01074	0.00605	0.00163	0.00244	0.00943	0.00556	0.00479
32	0.01719	0.01805	0.01378	0.01204	0.01507	0.38384	0.00931	0.17968	0.26066	0.01954	0.01299	0.01306	0.00995	0.00600	0.00492	0.00150	0.00684	0.00438	0.00399	0.00722
33	0.00732	0.00492	0.00566	0.00579	0.00585	0.00488	0.00333	0.00747	0.00787	0.01051	0.03198	0.12421	0.02098	0.71155	0.02348	0.00458	0.00470	0.00832	0.00335	0.00326
34	0.27463	0.01161	0.04557	0.02680	0.01611	0.01121	0.17611	0.10794	0.02580	0.16596	0.02611	0.01285	0.00895	0.00522	0.00466	0.00156	0.00544	0.00444	0.00389	0.06513
35	0.12389	0.07319	0.02224	0.06304	0.02121	0.14516	0.37542	0.04604	0.01211	0.01656	0.00913	0.01175	0.00714	0.00490	0.00568	0.00161	0.04701	0.00470	0.00271	0.00649
36	0.02827	0.01264	0.01625	0.01364	0.05457	0.08266	0.15050	0.10107	0.22138	0.08814	0.01398	0.02981	0.01075	0.00601	0.00593	0.00159	0.06023	0.00513	0.00399	0.09345
37	0.09545	0.13987	0.39900	0.01643	0.14616	0.01327	0.08902	0.01594	0.01083	0.01640	0.00888	0.01080	0.00681	0.00469	0.00462	0.00154	0.00677	0.00388	0.00237	0.00726
38	0.00633	0.00521	0.00557	0.00548	0.00709	0.00444	0.00411	0.00788	0.01232	0.01535	0.21471	0.04693	0.62193	0.01244	0.00606	0.00171	0.00256	0.01049	0.00496	0.00444
39	0.02802	0.01111	0.01548	0.08409	0.04767	0.01205	0.14558	0.12832	0.32091	0.02083	0.08392	0.03539	0.02989	0.00669	0.00542	0.00169	0.00525	0.00605	0.00435	0.00729
40	0.01918	0.02407	0.01457	0.01316	0.01586	0.76897	0.00991	0.04932	0.01491	0.01332	0.00810	0.00937	0.00669	0.00532	0.00465	0.00133	0.00911	0.00336	0.00274	0.00606
41	0.08411	0.12894	0.01438	0.00989	0.01312	0.10073	0.00810	0.25884	0.01542	0.15326	0.01238	0.01447	0.00978	0.08850	0.04909	0.00217	0.02123	0.00448	0.00410	0.00702
42	0.01276	0.01102	0.01160	0.01044	0.01334	0.01276	0.00812	0.02727	0.77840	0.02146	0.02088	0.01914	0.01566	0.00696	0.00522	0.00174	0.00406	0.00580	0.00522	0.00812
43	0.00698	0.00586	0.00675	0.03533	0.03439	0.00540	0.00520	0.00925	0.05642	0.01483	0.09728	0.12524	0.53128	0.01226	0.00603	0.00177	0.00304	0.03322	0.00469	0.00476
44	0.00614	0.00520	0.00530	0.00527	0.00698	0.00436	0.00396	0.00751	0.01187	0.01427	0.09671	0.04871	0.74060	0.01284	0.00606	0.00173	0.00259	0.01073	0.00482	0.00436
45	0.01053	0.00936	0.01355	0.16043	0.18712	0.01066	0.01052	0.01598	0.19543	0.01636	0.08642	0.01816	0.01431	0.01250	0.15531	0.00293	0.06496	0.00548	0.00345	0.00652
46	0.00637	0.00456	0.00598	0.00707	0.00743	0.00427	0.00476	0.00728	0.00983	0.01304	0.02847	0.72787	0.05908	0.05550	0.00751	0.00222	0.00312	0.03682	0.00468	0.00414
