[name]
unknown

[dist]
# distance from previous block
# <min> <max>
31	79

[block]
# block no. 0 follows, 42 sequences, length 173
# corresponding to MSA columns:
# 101-142,163-232,244-304
name=unknown_A
#
# <colnr> <probs for GDERKNQSTAVLIFYWHMCP>
#	G	D	E	R	K	N	Q	S	T	A	V	L	I	F	Y	W	H	M	C	P
0	0.17179	0.00987	0.01121	0.01004	0.01232	0.06457	0.06848	0.05906	0.02799	0.08863	0.03371	0.26651	0.02074	0.09517	0.00831	0.00233	0.00513	0.03356	0.00454	0.00603
1	0.01456	0.01194	0.01712	0.01950	0.27608	0.01225	0.04471	0.20217	0.01605	0.04801	0.05811	0.13462	0.01598	0.00795	0.00640	0.00177	0.03906	0.00697	0.00425	0.06251
2	0.29409	0.00794	0.00851	0.00798	0.01016	0.00849	0.00628	0.01302	0.01114	0.03809	0.15469	0.03896	0.02063	0.06924	0.17679	0.00362	0.00651	0.06394	0.00413	0.05579
3	0.01382	0.01235	0.01972	0.01425	0.01937	0.01092	0.26431	0.08357	0.02907	0.05598	0.01165	0.01361	0.00897	0.00481	0.00526	0.00135	0.00624	0.00482	0.00360	0.41634
4	0.01819	0.01231	0.01371	0.01145	0.01519	0.01343	0.00915	0.18555	0.42792	0.19786	0.02070	0.01895	0.01478	0.00729	0.00569	0.00182	0.00491	0.00592	0.00599	0.00921
5	0.01161	0.00967	0.01062	0.00969	0.01220	0.01064	0.00746	0.02237	0.47378	0.02267	0.25832	0.02985	0.07884	0.00930	0.00608	0.00186	0.00378	0.00793	0.00584	0.00750
6	0.04558	0.00587	0.00656	0.00632	0.00792	0.00545	0.00477	0.01055	0.01391	0.02008	0.36995	0.04048	0.26768	0.01117	0.00600	0.00172	0.00279	0.00948	0.15857	0.00516
7	0.01024	0.00817	0.00946	0.00871	0.01076	0.00861	0.00666	0.01792	0.29881	0.02275	0.46311	0.03431	0.05750	0.01010	0.00629	0.00183	0.00335	0.00876	0.00599	0.00667
8	0.01505	0.80561	0.02949	0.00963	0.01444	0.02227	0.00963	0.01685	0.01143	0.01324	0.00782	0.00903	0.00722	0.00481	0.00361	0.00120	0.00602	0.00301	0.00241	0.00722
9	0.00686	0.00490	0.00653	0.00784	0.00816	0.00457	0.00522	0.00784	0.01077	0.01437	0.03102	0.79855	0.03722	0.01763	0.00718	0.00229	0.00326	0.01600	0.00522	0.00457
10	0.84197	0.01088	0.00827	0.00740	0.01088	0.01262	0.00609	0.01654	0.00958	0.02525	0.00784	0.00914	0.00609	0.00522	0.00348	0.00174	0.00435	0.00305	0.00348	0.00609
11	0.01393	0.01337	0.02284	0.03454	0.76712	0.01337	0.01727	0.01727	0.01281	0.01839	0.01059	0.01393	0.00891	0.00501	0.00557	0.00167	0.00669	0.00501	0.00279	0.00891
12	0.01748	0.01364	0.02589	0.01877	0.02397	0.01285	0.46495	0.09164	0.01537	0.23411	0.01467	0.01615	0.01017	0.00557	0.00626	0.00183	0.00783	0.00621	0.00429	0.00835
13	0.00686	0.00490	0.00653	0.00784	0.00816	0.00457	0.00522	0.00784	0.01077	0.01437	0.03102	0.79855	0.03722	0.01763	0.00718	0.00229	0.00326	0.01600	0.00522	0.00457
14	0.00686	0.00490	0.00653	0.00784	0.00816	0.00457	0.00522	0.00784	0.01077	0.01437	0.03102	0.79855	0.03722	0.01763	0.00718	0.00229	0.00326	0.01600	0.00522	0.00457
15	0.01361	0.01473	0.03106	0.02244	0.02756	0.01430	0.65455	0.01794	0.01296	0.04348	0.01139	0.01506	0.00862	0.00528	0.00768	0.00194	0.08046	0.00645	0.00295	0.00753
16	0.01545	0.00709	0.00913	0.00796	0.01029	0.00681	0.00625	0.01761	0.01262	0.30505	0.01906	0.02144	0.01450	0.06005	0.17894	0.00344	0.00639	0.00575	0.28544	0.00675
17	0.02525	0.00958	0.01306	0.01001	0.01437	0.00827	0.00827	0.02743	0.01611	0.77102	0.02220	0.01915	0.01393	0.00697	0.00566	0.00174	0.00479	0.00566	0.00697	0.00958
18	0.01105	0.01043	0.01764	0.69225	0.13191	0.01261	0.01584	0.01475	0.01145	0.01489	0.01008	0.01487	0.00768	0.00555	0.00562	0.00185	0.00740	0.00500	0.00254	0.00659
19	0.01396	0.50150	0.02216	0.00962	0.01349	0.01757	0.00873	0.01846	0.16462	0.03573	0.01536	0.06743	0.04896	0.00727	0.00510	0.02890	0.00528	0.00514	0.00354	0.00717
20	0.42228	0.01368	0.01242	0.01017	0.01404	0.04919	0.00833	0.34452	0.01747	0.02923	0.01061	0.01136	0.00786	0.00596	0.00452	0.00170	0.00541	0.00402	0.01959	0.00766
21	0.01733	0.50823	0.02432	0.01149	0.01557	0.31147	0.01010	0.01900	0.01316	0.01344	0.00816	0.00946	0.00723	0.00519	0.00417	0.00130	0.00760	0.00324	0.00260	0.00696
22	0.01006	0.00801	0.00932	0.00889	0.01074	0.00849	0.00667	0.01747	0.29793	0.02141	0.34471	0.17475	0.03643	0.01117	0.00639	0.00192	0.00346	0.00980	0.00584	0.00655
23	0.01538	0.09418	0.12648	0.01653	0.19253	0.04663	0.01214	0.04495	0.04287	0.13522	0.02641	0.01406	0.01023	0.00547	0.00504	0.00146	0.00596	0.00450	0.00375	0.19621
24	0.52578	0.01183	0.01384	0.01776	0.29965	0.01291	0.01036	0.01682	0.01081	0.02263	0.00889	0.01097	0.00717	0.00514	0.00428	0.00171	0.00524	0.00380	0.00322	0.00717
25	0.00796	0.00575	0.00752	0.00708	0.00841	0.00531	0.00531	0.01062	0.01593	0.02257	0.76415	0.04204	0.05310	0.01150	0.00664	0.00177	0.00265	0.01018	0.00619	0.00531
26	0.01248	0.01187	0.01909	0.04379	0.46179	0.01309	0.01437	0.01500	0.01147	0.01656	0.01260	0.12135	0.01240	0.00794	0.00895	0.00195	0.19820	0.00650	0.00303	0.00758
27	0.03631	0.08516	0.20504	0.01298	0.01772	0.19367	0.01239	0.07405	0.16442	0.10863	0.01414	0.01491	0.01060	0.00634	0.00527	0.00168	0.00706	0.01753	0.00403	0.00806
28	0.01597	0.00769	0.01021	0.00934	0.01179	0.00710	0.00727	0.03425	0.04322	0.35569	0.02622	0.32146	0.02483	0.01198	0.00647	0.00205	0.00427	0.08701	0.00603	0.00717
29	0.00770	0.00550	0.00750	0.00880	0.00950	0.00530	0.00669	0.00930	0.01161	0.01531	0.03055	0.51786	0.03538	0.01683	0.00741	0.00240	0.00400	0.28835	0.00521	0.00480
30	0.08980	0.01283	0.01471	0.01203	0.04126	0.01342	0.00949	0.38347	0.03708	0.28192	0.01620	0.01585	0.01119	0.02730	0.00606	0.00181	0.00552	0.00521	0.00575	0.00909
31	0.01127	0.01089	0.01702	0.49207	0.02957	0.01432	0.01436	0.01406	0.01024	0.01406	0.00900	0.01397	0.00746	0.00725	0.01055	0.00210	0.30815	0.00497	0.00249	0.00621
32	0.84197	0.01088	0.00827	0.00740	0.01088	0.01262	0.00609	0.01654	0.00958	0.02525	0.00784	0.00914	0.00609	0.00522	0.00348	0.00174	0.00435	0.00305	0.00348	0.00609
33	0.02525	0.00958	0.01306	0.01001	0.01437	0.00827	0.00827	0.02743	0.01611	0.77102	0.02220	0.01915	0.01393	0.00697	0.00566	0.00174	0.00479	0.00566	0.00697	0.00958
34	0.01167	0.01000	0.01167	0.00834	0.01334	0.00750	0.00667	0.01417	0.01167	0.01834	0.01000	0.01167	0.00834	0.00417	0.00417	0.00083	0.00417	0.00333	0.00333	0.83663
35	0.00818	0.00546	0.00614	0.00614	0.00614	0.00546	0.00341	0.00818	0.00818	0.01091	0.01773	0.03683	0.02046	0.80222	0.02864	0.00546	0.00546	0.00818	0.00341	0.00341
36	0.01799	0.01134	0.01298	0.01094	0.01453	0.01211	0.00871	0.09190	0.42413	0.26334	0.05334	0.02064	0.01699	0.00751	0.00574	0.00183	0.00464	0.00619	0.00613	0.00903
37	0.02287	0.01340	0.01543	0.01183	0.01627	0.01395	0.00977	0.47306	0.02251	0.31634	0.01683	0.01567	0.01124	0.00684	0.00564	0.00171	0.00566	0.00529	0.00614	0.00957
38	0.01505	0.80561	0.02949	0.00963	0.01444	0.02227	0.00963	0.01685	0.01143	0.01324	0.00782	0.00903	0.00722	0.00481	0.00361	0.00120	0.00602	0.00301	0.00241	0.00722
39	0.00978	0.00489	0.00733	0.00733	0.00733	0.00489	0.00489	0.00733	0.00733	0.00978	0.00978	0.01711	0.00978	0.01955	0.02199	0.83627	0.00489	0.00489	0.00244	0.00244
40	0.00686	0.00490	0.00653	0.00784	0.00816	0.00457	0.00522	0.00784	0.01077	0.01437	0.03102	0.79855	0.03722	0.01763	0.00718	0.00229	0.00326	0.01600	0.00522	0.00457
41	0.84197	0.01088	0.00827	0.00740	0.01088	0.01262	0.00609	0.01654	0.00958	0.02525	0.00784	0.00914	0.00609	0.00522	0.00348	0.00174	0.00435	0.00305	0.00348	0.00609
42	0.01095	0.00862	0.01046	0.01078	0.01280	0.00935	0.00901	0.01863	0.29705	0.01940	0.02717	0.04726	0.02658	0.01253	0.00699	0.00233	0.00490	0.45321	0.00539	0.00660
43	0.01902	0.01458	0.01555	0.01247	0.01655	0.01634	0.01012	0.51750	0.26118	0.03164	0.01653	0.01592	0.01202	0.00704	0.00566	0.00176	0.00563	0.00548	0.00566	0.00936
44	0.02006	0.00974	0.01253	0.00937	0.01397	0.00798	0.00766	0.02236	0.01441	0.48360	0.01754	0.01630	0.01179	0.00590	0.00509	0.00139	0.00455	0.00477	0.00558	0.32539
45	0.00686	0.00490	0.00653	0.00784	0.00816	0.00457	0.00522	0.00784	0.01077	0.01437	0.03102	0.79855	0.03722	0.01763	0.00718	0.00229	0.00326	0.01600	0.00522	0.00457
46	0.01231	0.01231	0.01724	0.01477	0.01477	0.01724	0.01231	0.01354	0.00862	0.01354	0.00739	0.01231	0.00739	0.00985	0.01847	0.00246	0.79192	0.00492	0.00246	0.00616
47	0.00768	0.00524	0.00629	0.00679	0.00691	0.00512	0.00410	0.00805	0.00917	0.01223	0.02280	0.32769	0.02686	0.50262	0.02045	0.00425	0.00462	0.01117	0.00410	0.00385
48	0.02525	0.00958	0.01306	0.01001	0.01437	0.00827	0.00827	0.02743	0.01611	0.77102	0.02220	0.01915	0.01393	0.00697	0.00566	0.00174	0.00479	0.00566	0.00697	0.00958
49	0.02525	0.00958	0.01306	0.01001	0.01437	0.00827	0.00827	0.02743	0.01611	0.77102	0.02220	0.01915	0.01393	0.00697	0.00566	0.00174	0.00479	0.00566	0.00697	0.00958
50	0.00966	0.00782	0.01205	0.30757	0.02201	0.00878	0.01157	0.01270	0.01231	0.01590	0.02224	0.04497	0.02288	0.01176	0.00695	0.00232	0.00607	0.45269	0.00416	0.00559
51	0.01660	0.01960	0.01407	0.01287	0.01485	0.48573	0.00975	0.01800	0.01319	0.01338	0.01041	0.01474	0.00957	0.07851	0.14601	0.00325	0.10602	0.00459	0.00291	0.00596
52	0.02102	0.02682	0.01595	0.01450	0.01740	0.77963	0.01087	0.02247	0.01595	0.01377	0.00870	0.01015	0.00725	0.00580	0.00507	0.00145	0.01015	0.00362	0.00290	0.00652
53	0.01291	0.01409	0.02711	0.02030	0.02382	0.01538	0.46626	0.01631	0.01150	0.01631	0.00986	0.01409	0.00810	0.00669	0.01116	0.00211	0.30826	0.00599	0.00270	0.00704
54	0.00716	0.00549	0.00692	0.00742	0.00848	0.00524	0.00540	0.00864	0.01143	0.01491	0.08033	0.33103	0.26694	0.02136	0.17145	0.00358	0.00565	0.02898	0.00481	0.00478
55	0.01157	0.08849	0.71620	0.01555	0.02360	0.01377	0.01994	0.01775	0.01185	0.01747	0.00993	0.01166	0.00714	0.00531	0.00521	0.00174	0.00814	0.00407	0.00238	0.00823
56	0.00960	0.00815	0.00858	0.00804	0.01037	0.00834	0.00616	0.01668	0.29731	0.01917	0.11961	0.04020	0.40322	0.01143	0.00630	0.00189	0.00344	0.00959	0.00552	0.00640
57	0.01147	0.00619	0.00630	0.00594	0.00754	0.00635	0.00454	0.07946	0.01312	0.02229	0.01792	0.02031	0.01399	0.00657	0.00409	0.00135	0.00294	0.00523	0.75877	0.00564
58	0.01212	0.08564	0.31067	0.17773	0.15826	0.01376	0.11064	0.01675	0.01198	0.01670	0.01031	0.01363	0.00801	0.02318	0.00599	0.00183	0.00775	0.00479	0.00256	0.00770
59	0.01196	0.00724	0.02550	0.00750	0.00998	0.00603	0.00602	0.01411	0.01469	0.21135	0.28608	0.04014	0.31482	0.01126	0.00636	0.00181	0.00340	0.00954	0.00593	0.00626
60	0.00686	0.00490	0.00653	0.00784	0.00816	0.00457	0.00522	0.00784	0.01077	0.01437	0.03102	0.79855	0.03722	0.01763	0.00718	0.00229	0.00326	0.01600	0.00522	0.00457
61	0.00686	0.00490	0.00653	0.00784	0.00816	0.00457	0.00522	0.00784	0.01077	0.01437	0.03102	0.79855	0.03722	0.01763	0.00718	0.00229	0.00326	0.01600	0.00522	0.00457
62	0.01303	0.01400	0.02374	0.33343	0.11724	0.08754	0.29555	0.01689	0.01267	0.01618	0.01047	0.01448	0.00804	0.00523	0.00596	0.00182	0.00842	0.00550	0.00270	0.00710
63	0.50470	0.01034	0.01025	0.00848	0.01232	0.01083	0.00699	0.02104	0.01227	0.33322	0.01377	0.01328	0.00933	0.00594	0.00438	0.00174	0.00453	0.00413	0.00492	0.00753
64	0.84197	0.01088	0.00827	0.00740	0.01088	0.01262	0.00609	0.01654	0.00958	0.02525	0.00784	0.00914	0.00609	0.00522	0.00348	0.00174	0.00435	0.00305	0.00348	0.00609
65	0.00665	0.00570	0.00570	0.00570	0.00760	0.00475	0.00428	0.00808	0.01283	0.01520	0.05701	0.05416	0.76483	0.01425	0.00665	0.00190	0.00285	0.01188	0.00523	0.00475
66	0.02116	0.02260	0.01631	0.01391	0.01742	0.48859	0.01081	0.29965	0.01996	0.02206	0.01054	0.01143	0.00814	0.00616	0.00529	0.00154	0.00864	0.00418	0.00394	0.00769
67	0.01196	0.01066	0.01743	0.02506	0.47733	0.01063	0.01386	0.01498	0.01295	0.01799	0.05105	0.05066	0.01897	0.00892	0.00635	0.00198	0.00595	0.23206	0.00375	0.00747
68	0.01454	0.70132	0.12935	0.01049	0.01578	0.02103	0.01113	0.01698	0.01149	0.01386	0.00813	0.00941	0.00721	0.00489	0.00384	0.00128	0.00633	0.00316	0.00240	0.00737
69	0.04014	0.01351	0.01537	0.01181	0.01624	0.01415	0.00975	0.48185	0.02250	0.29132	0.01642	0.01538	0.01101	0.00680	0.00559	0.00171	0.00566	0.00523	0.00605	0.00950
70	0.01393	0.01337	0.02284	0.03454	0.76712	0.01337	0.01727	0.01727	0.01281	0.01839	0.01059	0.01393	0.00891	0.00501	0.00557	0.00167	0.00669	0.00501	0.00279	0.00891
71	0.01400	0.01209	0.01273	0.01145	0.01463	0.01400	0.00891	0.02990	0.75695	0.02354	0.02291	0.02100	0.01718	0.00764	0.00573	0.00191	0.00445	0.00636	0.00573	0.00891
72	0.01393	0.01337	0.02284	0.03454	0.76712	0.01337	0.01727	0.01727	0.01281	0.01839	0.01059	0.01393	0.00891	0.00501	0.00557	0.00167	0.00669	0.00501	0.00279	0.00891
73	0.00796	0.00575	0.00752	0.00708	0.00841	0.00531	0.00531	0.01062	0.01593	0.02257	0.76415	0.04204	0.05310	0.01150	0.00664	0.00177	0.00265	0.01018	0.00619	0.00531
74	0.01505	0.80561	0.02949	0.00963	0.01444	0.02227	0.00963	0.01685	0.01143	0.01324	0.00782	0.00903	0.00722	0.00481	0.00361	0.00120	0.00602	0.00301	0.00241	0.00722
75	0.01063	0.01000	0.01688	0.78870	0.03876	0.01250	0.01563	0.01438	0.01125	0.01438	0.01000	0.01500	0.00750	0.00563	0.00563	0.00188	0.00750	0.00500	0.00250	0.00625
76	0.01400	0.01209	0.01273	0.01145	0.01463	0.01400	0.00891	0.02990	0.75695	0.02354	0.02291	0.02100	0.01718	0.00764	0.00573	0.00191	0.00445	0.00636	0.00573	0.00891
77	0.01167	0.01000	0.01167	0.00834	0.01334	0.00750	0.00667	0.01417	0.01167	0.01834	0.01000	0.01167	0.00834	0.00417	0.00417	0.00083	0.00417	0.00333	0.00333	0.83663
78	0.00686	0.00490	0.00653	0.00784	0.00816	0.00457	0.00522	0.00784	0.01077	0.01437	0.03102	0.79855	0.03722	0.01763	0.00718	0.00229	0.00326	0.01600	0.00522	0.00457
79	0.01231	0.01231	0.01724	0.01477	0.01477	0.01724	0.01231	0.01354	0.00862	0.01354	0.00739	0.01231	0.00739	0.00985	0.01847	0.00246	0.79192	0.00492	0.00246	0.00616
80	0.00747	0.00531	0.00711	0.00834	0.00888	0.00508	0.00603	0.00877	0.01114	0.01475	0.02992	0.57684	0.03505	0.06463	0.00862	0.00255	0.00386	0.18592	0.00510	0.00465
81	0.02525	0.00958	0.01306	0.01001	0.01437	0.00827	0.00827	0.02743	0.01611	0.77102	0.02220	0.01915	0.01393	0.00697	0.00566	0.00174	0.00479	0.00566	0.00697	0.00958
82	0.01215	0.00620	0.00714	0.00652	0.00833	0.00596	0.00502	0.03129	0.01374	0.12474	0.20110	0.02571	0.02370	0.00783	0.00487	0.00149	0.00301	0.00650	0.49874	0.00596
83	0.00806	0.00593	0.00854	0.00854	0.00937	0.00676	0.00640	0.00972	0.00889	0.01269	0.01554	0.02467	0.01518	0.17468	0.64897	0.00842	0.01340	0.00641	0.00308	0.00474
84	0.00960	0.00834	0.01261	0.01133	0.01224	0.01027	0.05301	0.01137	0.00910	0.01331	0.01287	0.02018	0.01238	0.09845	0.44639	0.00639	0.23797	0.00594	0.00288	0.00536
85	0.84197	0.01088	0.00827	0.00740	0.01088	0.01262	0.00609	0.01654	0.00958	0.02525	0.00784	0.00914	0.00609	0.00522	0.00348	0.00174	0.00435	0.00305	0.00348	0.00609
86	0.01710	0.02029	0.01653	0.01462	0.01622	0.43619	0.01152	0.01845	0.01265	0.01367	0.00811	0.01112	0.00731	0.00762	0.01111	0.00191	0.36232	0.00421	0.00270	0.00636
87	0.00970	0.02020	0.48030	0.01234	0.01814	0.00999	0.01470	0.01443	0.01254	0.01755	0.09336	0.02713	0.21144	0.00852	0.00587	0.00183	0.00627	0.02512	0.00355	0.00702
88	0.01173	0.01839	0.30681	0.38242	0.04749	0.03684	0.06553	0.03529	0.01220	0.01655	0.01019	0.01361	0.00750	0.00548	0.00557	0.00182	0.00797	0.00475	0.00258	0.00728
89	0.00713	0.00572	0.00637	0.00620	0.00790	0.00495	0.00465	0.00900	0.01396	0.01789	0.31483	0.04974	0.50534	0.01325	0.00665	0.00185	0.00278	0.01126	0.00558	0.00495
90	0.00796	0.00575	0.00752	0.00708	0.00841	0.00531	0.00531	0.01062	0.01593	0.02257	0.76415	0.04204	0.05310	0.01150	0.00664	0.00177	0.00265	0.01018	0.00619	0.00531
91	0.01503	0.04609	0.46238	0.03064	0.02187	0.04728	0.01672	0.25191	0.01670	0.02310	0.01107	0.01231	0.00793	0.00581	0.00538	0.00172	0.00763	0.00441	0.00344	0.00857
92	0.00686	0.00490	0.00653	0.00784	0.00816	0.00457	0.00522	0.00784	0.01077	0.01437	0.03102	0.79855	0.03722	0.01763	0.00718	0.00229	0.00326	0.01600	0.00522	0.00457
93	0.00688	0.00491	0.00652	0.00780	0.00812	0.00459	0.00519	0.00784	0.01072	0.01429	0.03073	0.78230	0.03686	0.03437	0.00764	0.00235	0.00331	0.01583	0.00519	0.00455
94	0.00686	0.00490	0.00653	0.00784	0.00816	0.00457	0.00522	0.00784	0.01077	0.01437	0.03102	0.79855	0.03722	0.01763	0.00718	0.00229	0.00326	0.01600	0.00522	0.00457
95	0.02245	0.01404	0.01527	0.01192	0.01621	0.06013	0.00976	0.41348	0.05312	0.29935	0.01676	0.01566	0.01133	0.00681	0.00561	0.00170	0.00585	0.00525	0.00595	0.00936
96	0.01322	0.01307	0.01375	0.01624	0.18947	0.18367	0.00999	0.07824	0.01363	0.01687	0.01838	0.31450	0.01979	0.03773	0.00731	0.00201	0.03262	0.00902	0.00400	0.00648
97	0.03552	0.01370	0.02177	0.08107	0.66733	0.04772	0.01659	0.01730	0.01277	0.01810	0.01039	0.01370	0.00868	0.00509	0.00550	0.00168	0.00683	0.00490	0.00279	0.00856
98	0.01052	0.00537	0.00541	0.00532	0.00673	0.00530	0.00400	0.01314	0.01180	0.02091	0.01815	0.02074	0.01427	0.00650	0.00394	0.00130	0.00266	0.00520	0.81234	0.02640
99	0.01591	0.01803	0.30323	0.01258	0.01797	0.01202	0.01315	0.21480	0.01680	0.16176	0.05567	0.05753	0.06033	0.00752	0.00572	0.00178	0.00621	0.00607	0.00462	0.00832
100	0.00808	0.00592	0.00760	0.00715	0.00854	0.00552	0.00537	0.01104	0.03506	0.02236	0.72293	0.04187	0.07430	0.01149	0.00661	0.00178	0.00271	0.01013	0.00615	0.00539
101	0.01874	0.32420	0.02112	0.01264	0.01627	0.49043	0.01040	0.02033	0.01422	0.01357	0.00836	0.00972	0.00724	0.00542	0.00452	0.00136	0.00857	0.00339	0.00271	0.00679
102	0.02036	0.01145	0.01376	0.01037	0.01495	0.01066	0.00851	0.22797	0.01780	0.35194	0.01632	0.01546	0.01113	0.00612	0.00523	0.00147	0.00501	0.00484	0.00557	0.24107
103	0.01191	0.01131	0.01920	0.49501	0.32240	0.01284	0.01627	0.01551	0.01186	0.01594	0.01023	0.01458	0.00805	0.00539	0.00560	0.00180	0.00718	0.00501	0.00261	0.00729
104	0.01505	0.80561	0.02949	0.00963	0.01444	0.02227	0.00963	0.01685	0.01143	0.01324	0.00782	0.00903	0.00722	0.00481	0.00361	0.00120	0.00602	0.00301	0.00241	0.00722
105	0.00876	0.00626	0.00872	0.01002	0.01118	0.00622	0.00854	0.01113	0.01266	0.01650	0.02996	0.16447	0.03305	0.01583	0.00769	0.00255	0.00492	0.63125	0.00519	0.00510
106	0.00686	0.00490	0.00653	0.00784	0.00816	0.00457	0.00522	0.00784	0.01077	0.01437	0.03102	0.79855	0.03722	0.01763	0.00718	0.00229	0.00326	0.01600	0.00522	0.00457
107	0.01208	0.01148	0.01950	0.45770	0.35844	0.01288	0.01635	0.01565	0.01194	0.01614	0.01026	0.01453	0.00812	0.00536	0.00560	0.00179	0.00714	0.00501	0.00263	0.00742
108	0.00907	0.00648	0.00907	0.01036	0.01166	0.00648	0.00907	0.01166	0.01296	0.01684	0.02980	0.06348	0.03239	0.01555	0.00777	0.00259	0.00518	0.72924	0.00518	0.00518
109	0.01400	0.01209	0.01273	0.01145	0.01463	0.01400	0.00891	0.02990	0.75695	0.02354	0.02291	0.02100	0.01718	0.00764	0.00573	0.00191	0.00445	0.00636	0.00573	0.00891
110	0.01499	0.00990	0.01201	0.00875	0.01359	0.00769	0.00706	0.01741	0.01275	0.20235	0.01298	0.01350	0.00970	0.00485	0.00453	0.00106	0.00432	0.00390	0.00422	0.63444
111	0.00686	0.00490	0.00653	0.00784	0.00816	0.00457	0.00522	0.00784	0.01077	0.01437	0.03102	0.79855	0.03722	0.01763	0.00718	0.00229	0.00326	0.01600	0.00522	0.00457
112	0.01231	0.01231	0.01724	0.01477	0.01477	0.01724	0.01231	0.01354	0.00862	0.01354	0.00739	0.01231	0.00739	0.00985	0.01847	0.00246	0.79192	0.00492	0.00246	0.00616
113	0.00978	0.00489	0.00733	0.00733	0.00733	0.00489	0.00489	0.00733	0.00733	0.00978	0.00978	0.01711	0.00978	0.01955	0.02199	0.83627	0.00489	0.00489	0.00244	0.00244
114	0.08026	0.00967	0.01274	0.00984	0.01413	0.00856	0.00812	0.02669	0.01567	0.72078	0.02123	0.01848	0.01340	0.00685	0.00551	0.00174	0.00476	0.00548	0.00673	0.00934
115	0.00796	0.00575	0.00752	0.00708	0.00841	0.00531	0.00531	0.01062	0.01593	0.02257	0.76415	0.04204	0.05310	0.01150	0.00664	0.00177	0.00265	0.01018	0.00619	0.00531
116	0.01129	0.02911	0.77306	0.01604	0.02436	0.01307	0.02079	0.01782	0.01188	0.01782	0.01010	0.01188	0.00713	0.00535	0.00535	0.00178	0.00832	0.00416	0.00238	0.00832
117	0.01354	0.01297	0.02214	0.12360	0.68111	0.01327	0.01708	0.01693	0.01263	0.01791	0.01052	0.01406	0.00875	0.00509	0.00558	0.00170	0.00678	0.00501	0.00275	0.00860
118	0.14981	0.01127	0.01773	0.42182	0.17457	0.01304	0.06333	0.01551	0.01129	0.01717	0.00972	0.01370	0.00761	0.00559	0.00596	0.00184	0.04569	0.00479	0.00274	0.00683
119	0.01211	0.01202	0.01715	0.01459	0.01478	0.01646	0.03703	0.01339	0.00875	0.01355	0.00811	0.01381	0.00817	0.05488	0.01864	0.00261	0.72018	0.00517	0.00253	0.00605
120	0.01457	0.14272	0.04542	0.05132	0.48109	0.05696	0.01495	0.04337	0.06327	0.01808	0.01093	0.01336	0.00903	0.00529	0.00523	0.00161	0.00668	0.00468	0.00300	0.00843
121	0.15318	0.01410	0.01682	0.01939	0.27752	0.06479	0.01199	0.22786	0.06838	0.04782	0.01270	0.01505	0.01003	0.00619	0.00530	0.00172	0.00613	0.02852	0.00414	0.00838
122	0.00683	0.00571	0.00595	0.00589	0.00771	0.00483	0.00442	0.00843	0.01325	0.01621	0.15416	0.05249	0.66705	0.01387	0.00665	0.00188	0.00282	0.01164	0.00536	0.00483
123	0.00997	0.00632	0.00824	0.00750	0.00920	0.00584	0.00572	0.01289	0.03411	0.10284	0.66643	0.03907	0.04802	0.01092	0.00651	0.00177	0.00293	0.00960	0.00627	0.00586
124	0.01088	0.01730	0.30563	0.49366	0.03326	0.01272	0.01760	0.01569	0.01149	0.01569	0.01004	0.01381	0.00736	0.00552	0.00552	0.00184	0.00781	0.00468	0.00245	0.00704
125	0.00815	0.00585	0.00800	0.00926	0.01020	0.00570	0.00746	0.01010	0.01212	0.01585	0.03111	0.34242	0.05700	0.01630	0.00751	0.00245	0.00438	0.43599	0.00520	0.00494
126	0.00686	0.00490	0.00653	0.00784	0.00816	0.00457	0.00522	0.00784	0.01077	0.01437	0.03102	0.79855	0.03722	0.01763	0.00718	0.00229	0.00326	0.01600	0.00522	0.00457
127	0.00686	0.00490	0.00653	0.00784	0.00816	0.00457	0.00522	0.00784	0.01077	0.01437	0.03102	0.79855	0.03722	0.01763	0.00718	0.00229	0.00326	0.01600	0.00522	0.00457
128	0.01368	0.01406	0.02680	0.03041	0.48542	0.01370	0.29580	0.01756	0.01299	0.01825	0.01089	0.01441	0.00877	0.00491	0.00598	0.00176	0.00776	0.00564	0.00281	0.00841
129	0.01244	0.01062	0.01409	0.01258	0.03198	0.01376	0.01005	0.07721	0.01102	0.01722	0.01100	0.01508	0.00966	0.01089	0.06503	0.00256	0.47304	0.00509	0.19045	0.00624
130	0.33143	0.01596	0.01791	0.01436	0.01794	0.19371	0.21202	0.01802	0.01199	0.01930	0.00897	0.01138	0.00718	0.00572	0.00634	0.00179	0.09190	0.00438	0.00306	0.00661
131	0.02525	0.00958	0.01306	0.01001	0.01437	0.00827	0.00827	0.02743	0.01611	0.77102	0.02220	0.01915	0.01393	0.00697	0.00566	0.00174	0.00479	0.00566	0.00697	0.00958
132	0.01505	0.80561	0.02949	0.00963	0.01444	0.02227	0.00963	0.01685	0.01143	0.01324	0.00782	0.00903	0.00722	0.00481	0.00361	0.00120	0.00602	0.00301	0.00241	0.00722
133	0.00938	0.00738	0.00911	0.00756	0.01029	0.00615	0.00583	0.01198	0.01430	0.02095	0.47618	0.03044	0.03601	0.00870	0.00569	0.00141	0.00323	0.00756	0.00510	0.32275
134	0.01831	0.01700	0.01406	0.01237	0.01567	0.27939	0.00957	0.05535	0.36663	0.12552	0.01750	0.01667	0.01297	0.00687	0.00549	0.00172	0.00655	0.00526	0.00491	0.00820
135	0.01177	0.00630	0.00835	0.00807	0.00971	0.00570	0.00595	0.01352	0.01349	0.20376	0.21735	0.37540	0.05284	0.01308	0.00658	0.00199	0.00346	0.01160	0.02508	0.00602
136	0.00941	0.00653	0.00821	0.00778	0.00936	0.00629	0.00582	0.01319	0.09440	0.06405	0.52348	0.14273	0.06331	0.01174	0.00656	0.00186	0.00306	0.01036	0.00603	0.00582
137	0.02087	0.01550	0.01659	0.01284	0.01725	0.01721	0.01057	0.69743	0.07824	0.03462	0.01418	0.01404	0.01011	0.00682	0.00564	0.00170	0.00607	0.00516	0.00564	0.00952
138	0.01393	0.01337	0.02284	0.03454	0.76712	0.01337	0.01727	0.01727	0.01281	0.01839	0.01059	0.01393	0.00891	0.00501	0.00557	0.00167	0.00669	0.00501	0.00279	0.00891
139	0.00818	0.00546	0.00614	0.00614	0.00614	0.00546	0.00341	0.00818	0.00818	0.01091	0.01773	0.03683	0.02046	0.80222	0.02864	0.00546	0.00546	0.00818	0.00341	0.00341
140	0.70096	0.07784	0.05217	0.00895	0.03676	0.01347	0.00756	0.01666	0.00996	0.02362	0.00805	0.00944	0.00634	0.00519	0.00366	0.00170	0.00478	0.00317	0.00331	0.00640
141	0.01351	0.01294	0.02208	0.13102	0.67394	0.01326	0.01706	0.01690	0.01261	0.01787	0.01051	0.01407	0.00873	0.00509	0.00558	0.00170	0.00679	0.00501	0.00275	0.00857
142	0.01608	0.01312	0.01390	0.01187	0.01543	0.01497	0.00941	0.23225	0.55121	0.02690	0.02026	0.01889	0.01504	0.00739	0.00570	0.00185	0.00494	0.00600	0.00570	0.00909
143	0.01198	0.00999	0.01170	0.00837	0.01336	0.00752	0.00671	0.01448	0.01177	0.03576	0.01028	0.01184	0.00846	0.00423	0.00420	0.00085	0.00418	0.00339	0.00342	0.81748
144	0.00675	0.00562	0.00589	0.00600	0.00770	0.00476	0.00443	0.00820	0.01280	0.01554	0.09471	0.12901	0.65040	0.01444	0.00670	0.00193	0.00288	0.01220	0.00528	0.00476
145	0.24063	0.01066	0.01450	0.01204	0.03977	0.01058	0.11927	0.06376	0.01385	0.28313	0.03759	0.10116	0.01422	0.00738	0.00541	0.00182	0.00530	0.00630	0.00497	0.00765
146	0.00682	0.00506	0.00636	0.00741	0.00805	0.00461	0.00503	0.00788	0.01119	0.01453	0.03624	0.64888	0.18352	0.01695	0.00708	0.00221	0.00318	0.01517	0.00522	0.00461
147	0.02525	0.00958	0.01306	0.01001	0.01437	0.00827	0.00827	0.02743	0.01611	0.77102	0.02220	0.01915	0.01393	0.00697	0.00566	0.00174	0.00479	0.00566	0.00697	0.00958
148	0.01090	0.00894	0.01090	0.01133	0.08940	0.03006	0.00772	0.05995	0.15657	0.02285	0.47886	0.03251	0.03779	0.00965	0.00625	0.00177	0.00384	0.00843	0.00563	0.00666
149	0.01012	0.10348	0.10901	0.01015	0.01260	0.05169	0.00892	0.01348	0.07248	0.01511	0.01942	0.27143	0.02023	0.01966	0.21436	0.00385	0.00793	0.02629	0.00385	0.00596
150	0.04047	0.01220	0.01300	0.01144	0.01476	0.01387	0.00907	0.13247	0.56533	0.04733	0.02144	0.02182	0.01647	0.00785	0.00575	0.00190	0.00475	0.04567	0.00565	0.00873
151	0.11821	0.07730	0.52203	0.01649	0.10301	0.03513	0.01750	0.01766	0.01177	0.01841	0.00967	0.01151	0.00720	0.00527	0.00501	0.00172	0.00753	0.00402	0.00258	0.00797
152	0.01328	0.01518	0.03321	0.02372	0.02941	0.01423	0.74668	0.01803	0.01328	0.01803	0.01139	0.01518	0.00854	0.00474	0.00664	0.00190	0.00949	0.00664	0.00285	0.00759
153	0.01965	0.00912	0.01197	0.00992	0.01353	0.00830	0.00817	0.02325	0.08583	0.48412	0.06756	0.02725	0.01916	0.00848	0.00596	0.00183	0.00465	0.12071	0.00627	0.06427
154	0.01420	0.55546	0.21746	0.01159	0.01707	0.04537	0.01260	0.01718	0.01161	0.01443	0.00842	0.00990	0.00720	0.00515	0.00460	0.00140	0.03311	0.00339	0.00242	0.00744
155	0.00710	0.00529	0.00661	0.00718	0.00810	0.00480	0.00504	0.00860	0.01254	0.01665	0.22508	0.44321	0.19856	0.01533	0.00693	0.00207	0.00302	0.01361	0.00547	0.00480
156	0.00721	0.00517	0.00684	0.00760	0.00824	0.00480	0.00525	0.00871	0.01240	0.01695	0.26170	0.56051	0.04222	0.01570	0.00701	0.00212	0.00307	0.01417	0.00553	0.00480
157	0.03683	0.01457	0.19299	0.30881	0.02602	0.01148	0.01404	0.03783	0.02928	0.25191	0.01414	0.01551	0.00964	0.00604	0.00552	0.00180	0.00667	0.00499	0.00403	0.00791
158	0.00964	0.04024	0.46083	0.01214	0.01776	0.01011	0.01429	0.01405	0.01203	0.01662	0.02535	0.10255	0.22355	0.00907	0.00585	0.00185	0.00621	0.00749	0.00347	0.00691
159	0.00701	0.00500	0.00670	0.00801	0.00840	0.00470	0.00548	0.00809	0.01092	0.01453	0.03094	0.74904	0.03690	0.01749	0.00722	0.00231	0.00339	0.06404	0.00522	0.00461
160	0.01129	0.02188	0.48414	0.01664	0.08301	0.01200	0.06625	0.01729	0.06225	0.01791	0.01443	0.07827	0.01258	0.00727	0.00583	0.00190	0.00734	0.06879	0.00313	0.00779
161	0.01568	0.00923	0.02950	0.00972	0.01232	0.02803	0.00765	0.09631	0.04591	0.28080	0.04049	0.33644	0.02399	0.01153	0.00633	0.00198	0.00450	0.02658	0.00578	0.00721
162	0.02513	0.00977	0.01318	0.01010	0.01446	0.00856	0.00835	0.04985	0.01643	0.74814	0.02193	0.01898	0.01380	0.00696	0.00566	0.00174	0.00483	0.00564	0.00692	0.00958
163	0.01479	0.01662	0.01686	0.45005	0.07215	0.30548	0.01391	0.01763	0.01313	0.01438	0.00954	0.01309	0.00749	0.00566	0.00541	0.00170	0.00847	0.00448	0.00267	0.00651
164	0.01313	0.01629	0.09404	0.02335	0.04728	0.01411	0.66867	0.01799	0.01316	0.01802	0.01126	0.01488	0.00843	0.00480	0.00651	0.00188	0.00932	0.00640	0.00281	0.00768
165	0.01713	0.00919	0.01172	0.01043	0.01337	0.00901	0.00864	0.14307	0.03464	0.30281	0.02413	0.11455	0.02171	0.01085	0.00650	0.00207	0.00499	0.24163	0.00595	0.00761
166	0.01227	0.01320	0.02697	0.31583	0.03298	0.01357	0.46753	0.01663	0.01251	0.01663	0.01086	0.01511	0.00814	0.00508	0.00625	0.00189	0.00873	0.00602	0.00271	0.00708
167	0.02125	0.00883	0.01172	0.00942	0.01310	0.00777	0.00761	0.02374	0.03974	0.59674	0.05143	0.08282	0.08274	0.00860	0.00590	0.00180	0.00442	0.00717	0.00661	0.00860
168	0.02221	0.01656	0.01464	0.01202	0.01577	0.26214	0.00952	0.20420	0.01835	0.30838	0.01545	0.01529	0.01084	0.02623	0.00600	0.00172	0.00686	0.00490	0.02057	0.00835
169	0.01534	0.01319	0.01795	0.35323	0.16515	0.03959	0.01405	0.27134	0.01700	0.02246	0.01129	0.01412	0.00848	0.00591	0.00560	0.00176	0.00698	0.00498	0.00366	0.00791
170	0.01542	0.01389	0.01995	0.07223	0.44518	0.03596	0.01469	0.17208	0.07263	0.02175	0.01189	0.01425	0.00947	0.00591	0.00629	0.00174	0.04934	0.00508	0.00358	0.00867
171	0.00932	0.01458	0.29951	0.01046	0.01382	0.00862	0.01072	0.01218	0.00980	0.01400	0.01464	0.04090	0.01461	0.34902	0.15004	0.00461	0.00818	0.00644	0.00298	0.00559
172	0.01758	0.02093	0.02292	0.01885	0.05570	0.40015	0.29215	0.05514	0.01514	0.01664	0.01001	0.01245	0.00793	0.00549	0.00601	0.00166	0.02613	0.00494	0.00300	0.00718

[dist]
# distance from previous block
# <min> <max>
5	41

[block]
# block no. 1 follows, 42 sequences, length 16
# corresponding to MSA columns:
# 346-361
name=unknown_B
#
# <colnr> <probs for GDERKNQSTAVLIFYWHMCP>
#	G	D	E	R	K	N	Q	S	T	A	V	L	I	F	Y	W	H	M	C	P
0	0.06313	0.02327	0.46099	0.01356	0.01977	0.10755	0.01545	0.05963	0.01320	0.01852	0.01540	0.01647	0.09487	0.00645	0.00531	0.00170	0.00734	0.00493	0.00308	0.04938
1	0.01459	0.13614	0.04431	0.01142	0.01503	0.05342	0.00958	0.02527	0.47120	0.04643	0.01785	0.01723	0.01366	0.00690	0.00587	0.00173	0.04264	0.00535	0.00469	0.05668
2	0.01875	0.11940	0.15605	0.01261	0.01768	0.04260	0.01196	0.40109	0.02001	0.10028	0.01299	0.01331	0.00932	0.00623	0.00525	0.00163	0.00645	0.00465	0.03096	0.00880
3	0.06805	0.28717	0.28048	0.01091	0.01607	0.01422	0.01208	0.01533	0.01217	0.01700	0.10490	0.01958	0.10696	0.00700	0.00494	0.00160	0.00591	0.00537	0.00327	0.00699
4	0.01990	0.09372	0.25160	0.01185	0.01749	0.01114	0.01231	0.02340	0.01433	0.46191	0.01702	0.01589	0.01115	0.00625	0.00536	0.00170	0.00601	0.00493	0.00509	0.00895
5	0.01087	0.33353	0.01652	0.00812	0.01088	0.01226	0.00708	0.01317	0.01409	0.01875	0.45421	0.02851	0.03430	0.00876	0.00540	0.00154	0.00403	0.00724	0.00464	0.00609
6	0.02106	0.02577	0.01604	0.01435	0.01740	0.70696	0.01086	0.09168	0.01695	0.01584	0.00916	0.01047	0.00747	0.00589	0.00513	0.00147	0.00977	0.00376	0.00316	0.00681
7	0.01535	0.01164	0.01230	0.00998	0.01342	0.01225	0.00807	0.44499	0.02087	0.02716	0.03134	0.03017	0.31907	0.00983	0.00605	0.00178	0.00482	0.00786	0.00546	0.00760
8	0.00966	0.00832	0.00858	0.00806	0.01048	0.00854	0.00617	0.01702	0.31776	0.01862	0.04303	0.04057	0.45845	0.01154	0.00627	0.00190	0.00351	0.00962	0.00543	0.00645
9	0.00907	0.00648	0.00907	0.01036	0.01166	0.00648	0.00907	0.01166	0.01296	0.01684	0.02980	0.06348	0.03239	0.01555	0.00777	0.00259	0.00518	0.72924	0.00518	0.00518
10	0.20415	0.50274	0.11684	0.01007	0.01495	0.04238	0.01025	0.01708	0.01120	0.01658	0.00814	0.00944	0.00695	0.00501	0.00384	0.00141	0.00605	0.00318	0.00266	0.00708
11	0.00886	0.05542	0.26987	0.01072	0.01410	0.00847	0.01085	0.01184	0.01133	0.01559	0.02370	0.43636	0.05570	0.01256	0.00636	0.00205	0.00517	0.03093	0.00410	0.00602
12	0.01789	0.01358	0.01481	0.01153	0.01590	0.01427	0.00937	0.42538	0.15985	0.04997	0.01472	0.01465	0.01084	0.00633	0.00531	0.00154	0.00536	0.00493	0.00516	0.19861
13	0.05993	0.02401	0.18978	0.01540	0.06889	0.43593	0.01306	0.02097	0.04136	0.04342	0.01014	0.01151	0.00791	0.00568	0.00511	0.00157	0.00864	0.00398	0.00306	0.02965
14	0.01463	0.37576	0.01935	0.00942	0.01304	0.05447	0.00822	0.07118	0.06387	0.07433	0.06702	0.01959	0.07344	0.08290	0.00700	0.00183	0.00546	0.00533	0.00385	0.02932
15	0.11422	0.05035	0.01382	0.01151	0.05071	0.05368	0.00881	0.24049	0.12676	0.07888	0.06877	0.02027	0.09307	0.00751	0.00539	0.00169	0.00518	0.00588	0.00496	0.03805

[dist]
# distance from previous block
# <min> <max>
2	26

[block]
# block no. 2 follows, 42 sequences, length 19
# corresponding to MSA columns:
# 399-417
name=unknown_C
#
# <colnr> <probs for GDERKNQSTAVLIFYWHMCP>
#	G	D	E	R	K	N	Q	S	T	A	V	L	I	F	Y	W	H	M	C	P
0	0.00850	0.00644	0.00776	0.00800	0.00881	0.02022	0.00554	0.04215	0.01116	0.01496	0.05758	0.40562	0.06029	0.18506	0.08113	0.00344	0.02514	0.01159	0.00453	0.03209
1	0.01133	0.25712	0.03651	0.00904	0.01225	0.01273	0.00799	0.01642	0.18062	0.01673	0.02962	0.03246	0.25654	0.00971	0.00558	0.00176	0.00461	0.08800	0.00438	0.00661
2	0.01677	0.28505	0.22084	0.01284	0.01806	0.20390	0.01289	0.08485	0.01432	0.06739	0.01012	0.01114	0.00786	0.00551	0.00475	0.00150	0.00757	0.00383	0.00311	0.00771
3	0.01553	0.01555	0.05479	0.14616	0.23814	0.12981	0.15019	0.03797	0.04849	0.09047	0.01210	0.01449	0.00917	0.00555	0.00571	0.00174	0.00764	0.00519	0.00336	0.00793
4	0.01574	0.13989	0.35390	0.01420	0.02036	0.06725	0.03388	0.24873	0.01673	0.02245	0.01078	0.01194	0.00796	0.00573	0.00519	0.00165	0.00746	0.00430	0.00346	0.00841
5	0.01235	0.40231	0.13889	0.01089	0.01502	0.01526	0.01118	0.01517	0.01204	0.01523	0.01592	0.02866	0.01607	0.00868	0.00535	0.00178	0.00608	0.25905	0.00338	0.00667
6	0.01629	0.01200	0.01370	0.01126	0.01436	0.01336	0.00906	0.46554	0.01974	0.02675	0.01428	0.01776	0.01171	0.06996	0.25304	0.00427	0.00897	0.00558	0.00465	0.00772
7	0.01428	0.00702	0.00935	0.00833	0.01061	0.00625	0.00639	0.01633	0.01470	0.30700	0.28678	0.20918	0.05777	0.01128	0.00639	0.00188	0.00362	0.00985	0.00623	0.00675
8	0.01669	0.04873	0.37112	0.01363	0.01983	0.01362	0.01483	0.19909	0.06251	0.16429	0.01393	0.01412	0.00964	0.00612	0.00544	0.00174	0.00681	0.00476	0.00425	0.00886
9	0.01699	0.30335	0.21370	0.01187	0.01738	0.01605	0.01232	0.11951	0.04586	0.17292	0.01276	0.01294	0.00931	0.00577	0.00484	0.00156	0.00631	0.00427	0.00391	0.00837
10	0.01661	0.01250	0.01822	0.21927	0.32645	0.06825	0.01400	0.01960	0.01352	0.21632	0.01337	0.01531	0.00976	0.00575	0.00557	0.00173	0.00665	0.00508	0.00383	0.00823
11	0.00759	0.00597	0.00702	0.00756	0.00918	0.00541	0.00615	0.00945	0.01281	0.01581	0.04569	0.08230	0.45911	0.01486	0.00710	0.00218	0.00376	0.28793	0.00521	0.00491
12	0.01673	0.29229	0.05356	0.01173	0.04871	0.01595	0.00999	0.13210	0.15822	0.13843	0.01681	0.01646	0.05267	0.00655	0.00498	0.00158	0.00551	0.00502	0.00443	0.00826
13	0.01388	0.26553	0.06802	0.01045	0.01376	0.21623	0.00919	0.01621	0.01424	0.01697	0.27467	0.02115	0.02339	0.00747	0.00518	0.00151	0.00608	0.00577	0.00387	0.00644
14	0.00686	0.00490	0.00653	0.00784	0.00816	0.00457	0.00522	0.00784	0.01077	0.01437	0.03102	0.79855	0.03722	0.01763	0.00718	0.00229	0.00326	0.01600	0.00522	0.00457
15	0.01324	0.02492	0.61745	0.01466	0.02201	0.01194	0.01808	0.01891	0.01274	0.13287	0.05112	0.01456	0.01055	0.00591	0.00546	0.00178	0.00749	0.00470	0.00327	0.00835
16	0.01780	0.02133	0.02027	0.01708	0.04113	0.44976	0.20562	0.02218	0.11755	0.01638	0.01143	0.01309	0.00901	0.00575	0.00559	0.00164	0.00909	0.00484	0.00327	0.00720
17	0.01065	0.00922	0.00893	0.00859	0.01049	0.08344	0.00642	0.13236	0.01473	0.01819	0.03583	0.28683	0.30815	0.01331	0.00653	0.00196	0.00432	0.02932	0.00506	0.00568
18	0.01278	0.01184	0.01806	0.29412	0.31125	0.01323	0.01448	0.01960	0.20931	0.01834	0.01364	0.01618	0.01061	0.00592	0.00563	0.00181	0.00638	0.00537	0.00346	0.00797

[dist]
# distance from previous block
# <min> <max>
0	2

[block]
# block no. 3 follows, 42 sequences, length 9
# corresponding to MSA columns:
# 420-428
name=unknown_D
#
# <colnr> <probs for GDERKNQSTAVLIFYWHMCP>
#	G	D	E	R	K	N	Q	S	T	A	V	L	I	F	Y	W	H	M	C	P
0	0.01324	0.29173	0.21071	0.04161	0.01803	0.04361	0.01358	0.01609	0.01076	0.01455	0.00836	0.01109	0.00726	0.00669	0.00911	0.00180	0.26824	0.00403	0.00244	0.00708
1	0.01447	0.01112	0.01238	0.01036	0.01410	0.01139	0.00815	0.04909	0.42259	0.09734	0.01923	0.04683	0.01488	0.00695	0.00534	0.00160	0.00442	0.00576	0.00516	0.23886
2	0.22418	0.01838	0.01544	0.01760	0.21034	0.35330	0.01109	0.01910	0.01354	0.01824	0.04309	0.01232	0.00946	0.00571	0.00488	0.00159	0.00746	0.00414	0.00316	0.00698
3	0.01202	0.01176	0.01032	0.01025	0.04054	0.20897	0.00751	0.01414	0.01496	0.04099	0.31150	0.03623	0.16661	0.01052	0.00627	0.00179	0.00513	0.07978	0.00494	0.00578
4	0.00684	0.00497	0.00645	0.00763	0.00811	0.00459	0.00513	0.00786	0.01097	0.01445	0.03350	0.72747	0.10670	0.01731	0.00713	0.00225	0.00323	0.01560	0.00522	0.00459
5	0.41645	0.33940	0.01791	0.08690	0.01516	0.01660	0.00852	0.01645	0.01051	0.01919	0.00805	0.00968	0.00670	0.00510	0.00375	0.00153	0.00536	0.00323	0.00294	0.00658
6	0.01865	0.16449	0.01916	0.01527	0.10079	0.32488	0.01117	0.18209	0.07634	0.01977	0.01095	0.01198	0.00874	0.00589	0.00504	0.00152	0.00767	0.00421	0.00363	0.00779
7	0.01979	0.01573	0.01594	0.01274	0.01685	0.06850	0.01033	0.54615	0.18120	0.03146	0.01518	0.01488	0.01103	0.00688	0.00561	0.00172	0.00609	0.00524	0.00546	0.00922
8	0.01853	0.01108	0.01286	0.01087	0.01453	0.01169	0.00865	0.02890	0.45827	0.32489	0.02262	0.02025	0.01587	0.00737	0.00570	0.00184	0.00459	0.00608	0.00623	0.00918

[dist]
# distance from previous block
# <min> <max>
0	1

[block]
# block no. 4 follows, 42 sequences, length 14
# corresponding to MSA columns:
# 430-443
name=unknown_E
#
# <colnr> <probs for GDERKNQSTAVLIFYWHMCP>
#	G	D	E	R	K	N	Q	S	T	A	V	L	I	F	Y	W	H	M	C	P
0	0.00681	0.00509	0.00633	0.00733	0.00803	0.00461	0.00500	0.00789	0.01126	0.01456	0.03715	0.62306	0.20876	0.01683	0.00706	0.00219	0.00317	0.01503	0.00522	0.00461
1	0.01698	0.02053	0.02125	0.01771	0.04599	0.42641	0.25472	0.01964	0.01430	0.01527	0.01026	0.01308	0.00838	0.00889	0.07937	0.00233	0.01028	0.00490	0.00289	0.00682
2	0.00841	0.00610	0.00826	0.00943	0.01060	0.00595	0.00787	0.01058	0.01252	0.01621	0.03262	0.20413	0.10304	0.01582	0.00755	0.00247	0.00459	0.52361	0.00519	0.00502
3	0.00686	0.00490	0.00653	0.00784	0.00816	0.00457	0.00522	0.00784	0.01077	0.01437	0.03102	0.79855	0.03722	0.01763	0.00718	0.00229	0.00326	0.01600	0.00522	0.00457
4	0.01378	0.01424	0.06428	0.03352	0.72609	0.01335	0.01747	0.01730	0.01276	0.01835	0.01056	0.01382	0.00882	0.00503	0.00556	0.00168	0.00678	0.00497	0.00276	0.00888
5	0.01486	0.11363	0.22295	0.01352	0.01872	0.01547	0.05724	0.17103	0.27063	0.02285	0.01499	0.01520	0.01117	0.00632	0.00540	0.00174	0.00635	0.00511	0.00422	0.00860
6	0.01231	0.01231	0.01724	0.01477	0.01477	0.01724	0.01231	0.01354	0.00862	0.01354	0.00739	0.01231	0.00739	0.00985	0.01847	0.00246	0.79192	0.00492	0.00246	0.00616
7	0.76290	0.01262	0.08108	0.00822	0.01217	0.01267	0.00749	0.01666	0.00980	0.02454	0.00805	0.00940	0.00619	0.00524	0.00366	0.00175	0.00473	0.00315	0.00338	0.00631
8	0.00665	0.00570	0.00570	0.00570	0.00760	0.00475	0.00428	0.00808	0.01283	0.01520	0.05701	0.05416	0.76483	0.01425	0.00665	0.00190	0.00285	0.01188	0.00523	0.00475
9	0.02397	0.01164	0.01433	0.01099	0.01539	0.01133	0.00908	0.26730	0.01955	0.52628	0.01931	0.01728	0.01248	0.00690	0.00565	0.00172	0.00526	0.00546	0.00652	0.00958
10	0.01113	0.33390	0.01682	0.00931	0.01179	0.01260	0.00823	0.01293	0.01157	0.01445	0.01978	0.13806	0.02157	0.08765	0.00801	0.00226	0.00529	0.26500	0.00388	0.00576
11	0.00867	0.00635	0.00852	0.00960	0.01100	0.00620	0.00829	0.01107	0.01293	0.01657	0.03424	0.06196	0.15192	0.01533	0.00759	0.00248	0.00480	0.61217	0.00519	0.00511
12	0.01043	0.00844	0.01036	0.00866	0.01214	0.00690	0.00707	0.01298	0.01266	0.01861	0.13215	0.02959	0.02142	0.00821	0.00547	0.00143	0.00419	0.18938	0.00425	0.49566
13	0.01590	0.08431	0.15599	0.01753	0.02320	0.01547	0.31412	0.23607	0.01691	0.04786	0.01186	0.01372	0.00867	0.00553	0.00583	0.00175	0.00785	0.00540	0.00369	0.00834

[dist]
# distance from previous block
# <min> <max>
4	10

[block]
# block no. 5 follows, 42 sequences, length 32
# corresponding to MSA columns:
# 454-485
name=unknown_F
#
# <colnr> <probs for GDERKNQSTAVLIFYWHMCP>
#	G	D	E	R	K	N	Q	S	T	A	V	L	I	F	Y	W	H	M	C	P
0	0.01609	0.13836	0.28205	0.01597	0.10417	0.01619	0.01479	0.30249	0.01760	0.02408	0.01114	0.01232	0.00830	0.00578	0.00522	0.00165	0.00696	0.00444	0.00370	0.00871
1	0.00801	0.00572	0.00782	0.00896	0.00984	0.00554	0.00705	0.00990	0.01228	0.01630	0.09825	0.38079	0.03640	0.01608	0.00741	0.00238	0.00412	0.35292	0.00529	0.00493
2	0.00686	0.00524	0.00618	0.00690	0.00782	0.00469	0.00475	0.00795	0.01142	0.01449	0.04036	0.46304	0.31997	0.06290	0.00825	0.00232	0.00323	0.01393	0.00512	0.00457
3	0.01829	0.01949	0.01440	0.01293	0.01603	0.40611	0.00988	0.02594	0.33190	0.06416	0.01558	0.01532	0.01189	0.00665	0.00539	0.00166	0.00739	0.00492	0.00435	0.00773
