[name]
unknown

[dist]
# distance from previous block
# <min> <max>
18	1997

[block]
# block no. 0 follows, 35 sequences, length 21
# corresponding to MSA columns:
# 2887-2907
name=unknown_A
#
# <colnr> <probs for GDERKNQSTAVLIFYWHMCP>
#	G	D	E	R	K	N	Q	S	T	A	V	L	I	F	Y	W	H	M	C	P
0	0.19048	0.01601	0.01609	0.01274	0.01743	0.06265	0.01044	0.38993	0.02278	0.17740	0.01553	0.01525	0.01080	0.00724	0.00581	0.00191	0.00651	0.00527	0.00595	0.00976
1	0.25402	0.01528	0.01465	0.01193	0.01641	0.05167	0.00966	0.28061	0.13402	0.03082	0.01431	0.01471	0.01073	0.00685	0.00542	0.00183	0.00599	0.00496	0.00518	0.11094
2	0.14801	0.01153	0.01264	0.01070	0.01404	0.01230	0.00849	0.18135	0.11029	0.12226	0.19677	0.02612	0.02500	0.04817	0.04253	0.00257	0.00562	0.00728	0.00606	0.00828
3	0.20837	0.01292	0.01223	0.01052	0.01362	0.07917	0.00806	0.13842	0.05665	0.08510	0.01572	0.02147	0.01370	0.18840	0.06772	0.00347	0.00709	0.00597	0.00470	0.04670
4	0.05450	0.01491	0.01672	0.01320	0.01780	0.01586	0.01087	0.46824	0.02490	0.19473	0.01900	0.05479	0.01445	0.00866	0.00646	0.00200	0.00634	0.03990	0.00654	0.01013
5	0.07878	0.05864	0.01334	0.01024	0.01387	0.01024	0.00810	0.08520	0.01559	0.21618	0.02230	0.24847	0.02096	0.01063	0.00625	0.00192	0.00494	0.00899	0.00571	0.15966
6	0.07382	0.01593	0.15248	0.01340	0.01876	0.01236	0.02897	0.07821	0.01696	0.43607	0.01914	0.01817	0.01263	0.00756	0.00729	0.00203	0.06450	0.00579	0.00602	0.00993
7	0.07434	0.01789	0.01798	0.01412	0.01893	0.07374	0.01155	0.56391	0.05190	0.06990	0.01526	0.01523	0.01088	0.00747	0.00615	0.00190	0.00704	0.00553	0.00604	0.01026
8	0.01167	0.02131	0.39181	0.20223	0.02736	0.01255	0.01793	0.01724	0.01427	0.02036	0.17889	0.02216	0.02015	0.00772	0.00644	0.00203	0.00767	0.00650	0.00371	0.00801
9	0.01254	0.01107	0.01567	0.39950	0.02925	0.01307	0.01320	0.02057	0.22404	0.02099	0.15121	0.02462	0.02132	0.00825	0.00659	0.00210	0.00642	0.00719	0.00467	0.00773
10	0.01640	0.01741	0.02187	0.25756	0.35623	0.18549	0.01722	0.01982	0.01472	0.01812	0.01124	0.01509	0.00912	0.00607	0.00617	0.00190	0.00873	0.00528	0.00307	0.00849
11	0.01572	0.01474	0.02311	0.03291	0.57036	0.01524	0.01728	0.02277	0.17939	0.02207	0.01515	0.01755	0.01221	0.00634	0.00632	0.00195	0.00695	0.00600	0.00391	0.01005
12	0.00875	0.00650	0.00954	0.00988	0.01084	0.00729	0.00746	0.01075	0.01065	0.01507	0.02116	0.19830	0.02191	0.04116	0.57950	0.00843	0.01391	0.00940	0.00398	0.00555
13	0.01198	0.01128	0.01903	0.76180	0.04369	0.01409	0.01762	0.01621	0.01268	0.01621	0.01128	0.01691	0.00846	0.00634	0.00634	0.00211	0.00846	0.00564	0.00282	0.00705
14	0.01432	0.01382	0.01825	0.01579	0.01662	0.01858	0.01299	0.01954	0.17575	0.01788	0.01238	0.01615	0.01089	0.01052	0.01749	0.00263	0.58918	0.00593	0.00363	0.00766
15	0.01428	0.01576	0.03317	0.19712	0.03560	0.01559	0.55292	0.01937	0.01444	0.01937	0.01247	0.01707	0.00935	0.00558	0.00722	0.00213	0.01018	0.00706	0.00312	0.00821
16	0.01966	0.02343	0.02466	0.02419	0.18941	0.39642	0.19000	0.02272	0.01641	0.01793	0.01106	0.01385	0.00897	0.00603	0.00629	0.00182	0.01035	0.00530	0.00322	0.00828
17	0.01068	0.00816	0.01002	0.00969	0.01100	0.00913	0.00700	0.01579	0.17579	0.01662	0.02008	0.03038	0.01917	0.29123	0.32984	0.00693	0.01046	0.00773	0.00426	0.00605
18	0.02032	0.01493	0.01633	0.01326	0.01725	0.01631	0.01063	0.55233	0.02573	0.03447	0.01981	0.19086	0.01801	0.01046	0.00675	0.00206	0.00622	0.00857	0.00624	0.00948
19	0.01570	0.01507	0.02575	0.03894	0.73748	0.01507	0.01947	0.01947	0.01444	0.02073	0.01193	0.01570	0.01005	0.00565	0.00628	0.00188	0.00754	0.00565	0.00314	0.01005
20	0.02125	0.02584	0.01686	0.01473	0.01855	0.57933	0.01116	0.02316	0.01686	0.01672	0.01015	0.01184	0.00846	0.00611	0.00548	0.00147	0.00988	0.00401	0.00338	0.19476

[dist]
# distance from previous block
# <min> <max>
0	19

[block]
# block no. 1 follows, 35 sequences, length 13
# corresponding to MSA columns:
# 2927-2939
name=unknown_B
#
# <colnr> <probs for GDERKNQSTAVLIFYWHMCP>
#	G	D	E	R	K	N	Q	S	T	A	V	L	I	F	Y	W	H	M	C	P
0	0.00951	0.01661	0.29106	0.01092	0.01586	0.00897	0.01200	0.01334	0.01405	0.01828	0.04386	0.04267	0.45447	0.01219	0.00693	0.00209	0.00559	0.01003	0.00465	0.00691
1	0.01013	0.00646	0.00854	0.00854	0.00981	0.00715	0.00658	0.01266	0.01139	0.01817	0.01842	0.02443	0.01601	0.03207	0.46353	0.00683	0.01158	0.00646	0.31547	0.00576
2	0.00750	0.00643	0.00643	0.00643	0.00857	0.00536	0.00482	0.00910	0.01446	0.01714	0.06427	0.06105	0.73490	0.01607	0.00750	0.00214	0.00321	0.01339	0.00589	0.00536
3	0.82186	0.01227	0.00932	0.00834	0.01227	0.01423	0.00687	0.01865	0.01080	0.02846	0.00883	0.01031	0.00687	0.00589	0.00393	0.00196	0.00491	0.00344	0.00393	0.00687
4	0.01425	0.01065	0.01109	0.01021	0.01298	0.01197	0.00788	0.02641	0.45105	0.02542	0.02384	0.02366	0.01817	0.00814	0.00568	0.00189	0.00422	0.00669	0.31734	0.00845
5	0.01263	0.01139	0.01866	0.02732	0.45650	0.01125	0.01423	0.01537	0.01356	0.01898	0.02082	0.30784	0.02236	0.01114	0.00698	0.00215	0.00605	0.01043	0.00420	0.00816
6	0.02033	0.02517	0.02548	0.02035	0.02484	0.46781	0.28316	0.02340	0.01682	0.01738	0.01097	0.01363	0.00873	0.00608	0.00640	0.00183	0.01115	0.00540	0.00325	0.00782
7	0.02662	0.01830	0.01598	0.01324	0.01751	0.29569	0.01046	0.02876	0.01809	0.46164	0.01915	0.01768	0.01280	0.00734	0.00613	0.00184	0.00773	0.00549	0.00608	0.00947
8	0.01436	0.32142	0.46990	0.01529	0.02315	0.01873	0.01858	0.01967	0.01320	0.01810	0.01039	0.01215	0.00808	0.00580	0.00527	0.00176	0.00838	0.00419	0.00269	0.00890
9	0.01421	0.01154	0.01810	0.02620	0.45581	0.01154	0.01367	0.01766	0.01400	0.02185	0.01531	0.01877	0.01245	0.00632	0.00557	0.00173	0.00577	0.00575	0.31531	0.00845
10	0.00966	0.00586	0.00756	0.00756	0.00838	0.00545	0.00524	0.00859	0.01065	0.01338	0.03156	0.03540	0.29030	0.01973	0.01812	0.50166	0.00462	0.00855	0.00396	0.00376
11	0.32552	0.13478	0.35623	0.01326	0.01996	0.01606	0.01520	0.01937	0.01232	0.02256	0.01002	0.01173	0.00760	0.00589	0.00493	0.00190	0.00727	0.00401	0.00317	0.00823
12	0.01139	0.01005	0.01326	0.01257	0.01330	0.01245	0.00973	0.01513	0.11597	0.01728	0.02228	0.32779	0.02415	0.01618	0.05024	0.00298	0.30305	0.01098	0.00463	0.00660

[dist]
# distance from previous block
# <min> <max>
0	5

[block]
# block no. 2 follows, 35 sequences, length 18
# corresponding to MSA columns:
# 2945-2962
name=unknown_C
#
# <colnr> <probs for GDERKNQSTAVLIFYWHMCP>
#	G	D	E	R	K	N	Q	S	T	A	V	L	I	F	Y	W	H	M	C	P
0	0.00990	0.00733	0.00951	0.01004	0.01152	0.00732	0.00797	0.01403	0.08850	0.02131	0.26072	0.19780	0.04341	0.01559	0.00798	0.00247	0.00440	0.26772	0.00629	0.00618
1	0.01193	0.00953	0.01477	0.51616	0.03190	0.01144	0.01333	0.01574	0.01289	0.01863	0.01434	0.01910	0.01099	0.00668	0.00572	0.00191	0.00667	0.00573	0.26587	0.00668
2	0.01606	0.01441	0.01232	0.01132	0.01415	0.15843	0.00866	0.02590	0.35405	0.02342	0.02098	0.02124	0.01614	0.00780	0.00565	0.00183	0.00562	0.00615	0.26770	0.00817
3	0.27532	0.01081	0.01402	0.36764	0.02695	0.01266	0.01195	0.01689	0.01312	0.04942	0.12666	0.01982	0.01644	0.00731	0.00574	0.00204	0.00631	0.00588	0.00404	0.00696
4	0.01292	0.01355	0.01081	0.01127	0.01258	0.24773	0.00796	0.01419	0.01404	0.01598	0.02679	0.52545	0.03098	0.01554	0.00732	0.00227	0.00620	0.01350	0.00504	0.00587
5	0.01113	0.01089	0.02081	0.01687	0.01981	0.01051	0.30907	0.01406	0.01323	0.01791	0.02419	0.41239	0.02648	0.01323	0.00847	0.00240	0.04436	0.01291	0.00459	0.00670
6	0.01406	0.00993	0.01086	0.00941	0.01106	0.01054	0.00651	0.23902	0.01592	0.02130	0.01844	0.03297	0.01907	0.52700	0.02386	0.00477	0.00642	0.00808	0.00466	0.00610
7	0.01473	0.02084	0.25922	0.03216	0.50674	0.01496	0.02076	0.01967	0.01410	0.02052	0.01175	0.01495	0.00939	0.00577	0.00620	0.00192	0.00813	0.00534	0.00299	0.00983
8	0.02370	0.03023	0.01798	0.01634	0.01961	0.75158	0.01226	0.02533	0.01798	0.01553	0.00981	0.01144	0.00817	0.00654	0.00572	0.00163	0.01144	0.00409	0.00327	0.00735
9	0.27854	0.53109	0.02547	0.01004	0.01498	0.02157	0.00956	0.01888	0.01221	0.01932	0.00882	0.01022	0.00773	0.00558	0.00402	0.00155	0.00617	0.00341	0.00311	0.00773
10	0.00898	0.00648	0.00848	0.00798	0.00948	0.00599	0.00599	0.01197	0.01796	0.02544	0.73413	0.04739	0.05986	0.01297	0.00748	0.00200	0.00299	0.01147	0.00698	0.00599
11	0.01110	0.02394	0.50473	0.01508	0.02152	0.01162	0.01774	0.01643	0.01299	0.01882	0.01905	0.26022	0.01906	0.01053	0.00670	0.00219	0.00752	0.00903	0.00372	0.00800
12	0.00923	0.00615	0.00692	0.00692	0.00692	0.00615	0.00384	0.00923	0.00923	0.01230	0.01999	0.04151	0.02306	0.77705	0.03229	0.00615	0.00615	0.00923	0.00384	0.00384
13	0.00850	0.00647	0.00781	0.00748	0.00918	0.00578	0.00561	0.01104	0.01682	0.02274	0.51644	0.05183	0.27923	0.01398	0.00749	0.00204	0.00306	0.01210	0.00663	0.00578
14	0.02217	0.01339	0.01542	0.01264	0.01701	0.01414	0.01017	0.16798	0.32344	0.29657	0.02342	0.02122	0.01630	0.00813	0.00641	0.00203	0.00555	0.00659	0.00696	0.01047
15	0.01399	0.01023	0.01242	0.01098	0.01317	0.01139	0.00846	0.24002	0.01638	0.02245	0.01701	0.02506	0.01564	0.17919	0.36697	0.00670	0.01159	0.00693	0.00444	0.00697
16	0.01035	0.00816	0.00963	0.01016	0.01157	0.00861	0.00724	0.01692	0.24414	0.01956	0.03199	0.52942	0.03462	0.01621	0.00756	0.00244	0.00412	0.01450	0.00607	0.00674
17	0.01305	0.00950	0.01116	0.01071	0.01260	0.00987	0.00789	0.23875	0.01789	0.02392	0.02855	0.52668	0.03183	0.01589	0.00753	0.00236	0.00475	0.01403	0.00604	0.00698

[dist]
# distance from previous block
# <min> <max>
0	1

[block]
# block no. 3 follows, 35 sequences, length 16
# corresponding to MSA columns:
# 2964-2979
name=unknown_D
#
# <colnr> <probs for GDERKNQSTAVLIFYWHMCP>
#	G	D	E	R	K	N	Q	S	T	A	V	L	I	F	Y	W	H	M	C	P
0	0.00799	0.00571	0.00754	0.00862	0.00917	0.00533	0.00583	0.00938	0.01303	0.01763	0.15328	0.62364	0.04433	0.04556	0.00885	0.00260	0.00365	0.01661	0.00600	0.00525
1	0.02629	0.01152	0.01660	0.01599	0.13880	0.01030	0.01105	0.02897	0.01753	0.61929	0.02280	0.02059	0.01474	0.00748	0.00636	0.00195	0.00576	0.00626	0.00705	0.01067
2	0.01430	0.35785	0.30577	0.01323	0.01927	0.01773	0.01485	0.01760	0.01230	0.01627	0.01019	0.01298	0.00859	0.00848	0.00835	0.13999	0.00758	0.00426	0.00271	0.00771
3	0.10141	0.02063	0.01561	0.01376	0.01712	0.33922	0.01058	0.22134	0.01968	0.02400	0.01555	0.14185	0.01454	0.00905	0.00612	0.00191	0.00818	0.00686	0.00467	0.00792
4	0.01929	0.35756	0.02812	0.01552	0.02045	0.23275	0.13098	0.09121	0.01642	0.01854	0.01043	0.01223	0.00867	0.00595	0.00536	0.00162	0.00881	0.00452	0.00332	0.00825
5	0.03794	0.01083	0.01285	0.01448	0.13538	0.01177	0.00937	0.02348	0.30655	0.02448	0.02096	0.02191	0.01621	0.00755	0.00556	0.00184	0.00464	0.00631	0.31953	0.00834
6	0.01307	0.22214	0.13781	0.01022	0.01352	0.01248	0.00979	0.01428	0.01124	0.01575	0.01212	0.01655	0.01062	0.01233	0.01253	0.31841	0.00607	0.00486	0.14033	0.00587
7	0.01406	0.01340	0.02279	0.35751	0.43172	0.01464	0.01865	0.01803	0.01367	0.01873	0.01164	0.01624	0.00935	0.00596	0.00631	0.00199	0.00794	0.00565	0.00300	0.00873
8	0.01188	0.01066	0.01657	0.02188	0.29399	0.01144	0.01253	0.01407	0.01263	0.01780	0.02147	0.34910	0.02382	0.01285	0.00955	0.00234	0.13467	0.01109	0.00429	0.00736
9	0.02201	0.31864	0.02328	0.01321	0.01764	0.32274	0.01113	0.02396	0.01603	0.15817	0.01242	0.01295	0.00964	0.00636	0.00521	0.00159	0.00844	0.00427	0.00395	0.00834
10	0.02302	0.02497	0.01792	0.01549	0.01932	0.46625	0.01198	0.22566	0.09264	0.02369	0.01298	0.01376	0.01005	0.00706	0.00597	0.00176	0.00951	0.00487	0.00448	0.00862
11	0.00930	0.00718	0.00903	0.00900	0.01089	0.00611	0.00636	0.01089	0.01244	0.01749	0.02813	0.55358	0.03256	0.01549	0.00712	0.00210	0.00397	0.01391	0.00527	0.23919
12	0.01159	0.00961	0.01148	0.00923	0.01335	0.00750	0.00705	0.01391	0.01286	0.01938	0.01811	0.23249	0.01880	0.00908	0.00568	0.00141	0.00440	0.00788	0.00437	0.58180
13	0.01117	0.00913	0.01101	0.00909	0.01279	0.00725	0.00689	0.01351	0.01335	0.01986	0.09085	0.23594	0.02387	0.00991	0.00596	0.00152	0.00423	0.00866	0.00470	0.50031
14	0.02079	0.01862	0.01542	0.01263	0.01712	0.29817	0.00984	0.02349	0.03642	0.18144	0.01422	0.01469	0.01062	0.00624	0.00553	0.00148	0.00749	0.00457	0.00457	0.29668
15	0.33469	0.01563	0.01526	0.01216	0.01679	0.01755	0.01004	0.44471	0.02242	0.03550	0.01274	0.01331	0.00926	0.00694	0.00540	0.00193	0.00617	0.00483	0.00540	0.00926

[dist]
# distance from previous block
# <min> <max>
3	62

[block]
# block no. 4 follows, 35 sequences, length 20
# corresponding to MSA columns:
# 3062-3081
name=unknown_E
#
# <colnr> <probs for GDERKNQSTAVLIFYWHMCP>
#	G	D	E	R	K	N	Q	S	T	A	V	L	I	F	Y	W	H	M	C	P
0	0.04660	0.01411	0.01550	0.01268	0.01710	0.01516	0.01019	0.22799	0.32381	0.15028	0.02087	0.01958	0.01504	0.00778	0.00618	0.00194	0.00562	0.00621	0.00635	0.07701
1	0.08816	0.01315	0.01924	0.01946	0.20525	0.01210	0.09652	0.02001	0.05365	0.08788	0.01349	0.01540	0.01050	0.00564	0.00563	0.00158	0.00626	0.00510	0.00407	0.31689
2	0.01765	0.01418	0.01828	0.01607	0.08309	0.01450	0.07923	0.15516	0.26531	0.07898	0.01830	0.01844	0.01367	0.00699	0.00616	0.00182	0.00613	0.00604	0.00537	0.17465
3	0.01661	0.01125	0.01332	0.01014	0.01516	0.00949	0.00812	0.02135	0.11179	0.18057	0.01898	0.01888	0.04885	0.00650	0.00545	0.00139	0.00482	0.00529	0.00514	0.48688
4	0.18316	0.01175	0.01336	0.01205	0.07902	0.01079	0.00861	0.05244	0.03393	0.02392	0.08176	0.01651	0.01418	0.00609	0.00508	0.00142	0.00496	0.00481	0.00426	0.43190
5	0.16945	0.01393	0.02098	0.01613	0.02066	0.01437	0.25437	0.13061	0.10145	0.02617	0.10454	0.02266	0.06107	0.00778	0.00650	0.00205	0.00693	0.00724	0.00485	0.00826
6	0.08513	0.01063	0.01619	0.45447	0.07466	0.01230	0.01419	0.01646	0.01361	0.05540	0.08310	0.02528	0.04395	0.00820	0.00646	0.00213	0.00701	0.05976	0.00393	0.00714
7	0.22412	0.01286	0.01884	0.31380	0.27724	0.01447	0.01547	0.01798	0.01281	0.02097	0.01087	0.01477	0.00860	0.00598	0.00569	0.00199	0.00721	0.00507	0.00322	0.00805
8	0.01440	0.01375	0.02341	0.29079	0.49575	0.01473	0.01882	0.01833	0.01383	0.01915	0.01170	0.01612	0.00949	0.00589	0.00630	0.00196	0.00786	0.00565	0.00303	0.00900
9	0.08373	0.00944	0.01417	0.01751	0.20046	0.01035	0.01084	0.01410	0.01136	0.01752	0.01494	0.02121	0.01354	0.03292	0.49067	0.00729	0.01345	0.00620	0.00338	0.00691
10	0.01673	0.01417	0.02154	0.05631	0.45950	0.01470	0.01604	0.02408	0.19996	0.08679	0.01670	0.01835	0.01292	0.00664	0.00634	0.00197	0.00672	0.00611	0.00441	0.01000
11	0.01570	0.01507	0.02575	0.03894	0.73748	0.01507	0.01947	0.01947	0.01444	0.02073	0.01193	0.01570	0.01005	0.00565	0.00628	0.00188	0.00754	0.00565	0.00314	0.01005
12	0.01249	0.01179	0.01995	0.66298	0.13855	0.01423	0.01787	0.01665	0.01293	0.01683	0.01137	0.01675	0.00867	0.00625	0.00633	0.00208	0.00833	0.00564	0.00286	0.00746
13	0.00898	0.00648	0.00848	0.00798	0.00948	0.00599	0.00599	0.01197	0.01796	0.02544	0.73413	0.04739	0.05986	0.01297	0.00748	0.00200	0.00299	0.01147	0.00698	0.00599
14	0.01493	0.01698	0.03668	0.02631	0.03246	0.01619	0.68499	0.02011	0.01475	0.02011	0.01264	0.01698	0.00957	0.00559	0.00805	0.00217	0.04242	0.00741	0.00319	0.00849
15	0.00923	0.00615	0.00692	0.00692	0.00692	0.00615	0.00384	0.00923	0.00923	0.01230	0.01999	0.04151	0.02306	0.77705	0.03229	0.00615	0.00615	0.00923	0.00384	0.00384
16	0.02198	0.02312	0.01743	0.01501	0.01890	0.39045	0.01164	0.21374	0.15723	0.02441	0.01440	0.01487	0.01107	0.00717	0.00600	0.00179	0.00880	0.00511	0.00473	0.03215
17	0.01738	0.24592	0.02434	0.08660	0.20718	0.01901	0.01381	0.15565	0.12747	0.02319	0.01373	0.01529	0.01092	0.00648	0.00566	0.00179	0.00689	0.00522	0.00412	0.00935
18	0.02148	0.16941	0.13591	0.01473	0.01965	0.37164	0.01328	0.02424	0.01632	0.13863	0.01244	0.01322	0.00941	0.00647	0.00557	0.00170	0.00921	0.00444	0.00384	0.00841
19	0.01482	0.00845	0.01087	0.00996	0.01236	0.00807	0.00775	0.06398	0.04653	0.19607	0.27551	0.18858	0.03837	0.01306	0.00735	0.00220	0.00434	0.07751	0.00679	0.00745

[dist]
# distance from previous block
# <min> <max>
0	1

[block]
# block no. 5 follows, 35 sequences, length 6
# corresponding to MSA columns:
# 3083-3088
name=unknown_F
#
# <colnr> <probs for GDERKNQSTAVLIFYWHMCP>
#	G	D	E	R	K	N	Q	S	T	A	V	L	I	F	Y	W	H	M	C	P
0	0.02370	0.03023	0.01798	0.01634	0.01961	0.75158	0.01226	0.02533	0.01798	0.01553	0.00981	0.01144	0.00817	0.00654	0.00572	0.00163	0.01144	0.00409	0.00327	0.00735
1	0.60366	0.01070	0.00855	0.00783	0.01128	0.01185	0.00632	0.01609	0.01178	0.02543	0.02369	0.02390	0.20194	0.00862	0.00488	0.00201	0.00445	0.00610	0.00445	0.00646
2	0.00854	0.00629	0.00753	0.00765	0.00860	0.00610	0.00522	0.00976	0.01196	0.01571	0.10192	0.12792	0.21830	0.29195	0.14009	0.00494	0.00658	0.01116	0.00485	0.00491
3	0.07985	0.05187	0.01638	0.01237	0.01641	0.08767	0.01018	0.06248	0.01620	0.35899	0.01705	0.01681	0.01190	0.00762	0.00805	0.00192	0.12169	0.00536	0.00558	0.09162
4	0.24788	0.01449	0.01866	0.02480	0.38574	0.06269	0.01380	0.01951	0.01364	0.05434	0.01247	0.04756	0.01065	0.00646	0.00558	0.00188	0.00665	0.00541	0.00373	0.04405
5	0.11902	0.00967	0.01271	0.01479	0.14364	0.00960	0.00949	0.04730	0.01489	0.11447	0.09467	0.22432	0.07932	0.01222	0.00687	0.00220	0.00499	0.06690	0.00551	0.00740

[dist]
# distance from previous block
# <min> <max>
16	208

[block]
# block no. 6 follows, 35 sequences, length 30
# corresponding to MSA columns:
# 3341-3370
name=unknown_G
#
# <colnr> <probs for GDERKNQSTAVLIFYWHMCP>
#	G	D	E	R	K	N	Q	S	T	A	V	L	I	F	Y	W	H	M	C	P
0	0.02269	0.01289	0.01381	0.01141	0.01525	0.11807	0.00907	0.02614	0.06384	0.43253	0.17762	0.02587	0.02447	0.00882	0.00653	0.00193	0.00574	0.00721	0.00690	0.00919
1	0.02368	0.01487	0.05377	0.01296	0.01786	0.01430	0.01107	0.33353	0.05997	0.30496	0.07024	0.02028	0.01644	0.00805	0.00643	0.00195	0.00612	0.00640	0.00678	0.01034
2	0.16301	0.01917	0.17369	0.01318	0.01865	0.12640	0.01255	0.05577	0.01632	0.31635	0.01643	0.01598	0.01110	0.00690	0.00577	0.00192	0.00718	0.00511	0.00526	0.00927
3	0.06674	0.17986	0.01904	0.01147	0.01646	0.01436	0.00988	0.11612	0.01813	0.45545	0.01938	0.01769	0.01296	0.00719	0.00574	0.00182	0.00588	0.00549	0.00633	0.01001
4	0.07633	0.01608	0.01591	0.01292	0.01738	0.13206	0.01040	0.19771	0.10939	0.31725	0.01924	0.01793	0.01318	0.00755	0.00612	0.00192	0.00668	0.00576	0.00632	0.00989
5	0.09669	0.01507	0.01524	0.01272	0.01649	0.06290	0.01010	0.41258	0.04285	0.05070	0.01914	0.18031	0.01742	0.01009	0.00646	0.00205	0.00625	0.00814	0.00586	0.00894
6	0.02093	0.30533	0.02388	0.01350	0.01823	0.18126	0.01155	0.27068	0.05593	0.02461	0.01218	0.01294	0.00966	0.00661	0.00536	0.00165	0.00778	0.00456	0.00432	0.00901
7	0.01947	0.01160	0.01343	0.01141	0.01508	0.03220	0.00903	0.02810	0.29655	0.29776	0.16564	0.02724	0.02569	0.00913	0.00661	0.00203	0.00494	0.00764	0.00700	0.00945
8	0.00888	0.01153	0.16825	0.01081	0.01320	0.00729	0.00972	0.01145	0.01272	0.01752	0.06585	0.56974	0.03548	0.01650	0.00761	0.00242	0.00489	0.01478	0.00524	0.00612
9	0.01373	0.01179	0.01341	0.01016	0.01535	0.01005	0.00807	0.01985	0.16875	0.02195	0.01445	0.01545	0.01157	0.00555	0.00508	0.00120	0.00477	0.00450	0.00435	0.63995
10	0.01294	0.07180	0.70713	0.01770	0.02687	0.01527	0.02278	0.02003	0.01337	0.01982	0.01125	0.01323	0.00804	0.00600	0.00593	0.00198	0.00924	0.00462	0.00268	0.00931
11	0.00898	0.00648	0.00848	0.00798	0.00948	0.00599	0.00599	0.01197	0.01796	0.02544	0.73413	0.04739	0.05986	0.01297	0.00748	0.00200	0.00299	0.01147	0.00698	0.00599
12	0.00773	0.00552	0.00736	0.00883	0.00920	0.00515	0.00589	0.00883	0.01215	0.01619	0.03497	0.77291	0.04196	0.01987	0.00810	0.00258	0.00368	0.01803	0.00589	0.00515
13	0.01696	0.78087	0.03324	0.01085	0.01628	0.02510	0.01085	0.01900	0.01289	0.01493	0.00882	0.01018	0.00814	0.00543	0.00407	0.00136	0.00678	0.00339	0.00271	0.00814
14	0.01122	0.00611	0.00685	0.00685	0.00825	0.00635	0.00520	0.01403	0.01263	0.02170	0.01989	0.02393	0.01617	0.01616	0.16759	0.00338	0.00602	0.00611	0.63572	0.00586
15	0.01198	0.01128	0.01903	0.76180	0.04369	0.01409	0.01762	0.01621	0.01268	0.01621	0.01128	0.01691	0.00846	0.00634	0.00634	0.00211	0.00846	0.00564	0.00282	0.00705
16	0.00750	0.00643	0.00643	0.00643	0.00857	0.00536	0.00482	0.00910	0.01446	0.01714	0.06427	0.06105	0.73490	0.01607	0.00750	0.00214	0.00321	0.01339	0.00589	0.00536
17	0.02846	0.01080	0.01472	0.01129	0.01619	0.00932	0.00932	0.03092	0.01816	0.74187	0.02503	0.02159	0.01570	0.00785	0.00638	0.00196	0.00540	0.00638	0.00785	0.01080
18	0.01272	0.03281	0.74418	0.01808	0.02746	0.01473	0.02344	0.02009	0.01339	0.02009	0.01138	0.01339	0.00804	0.00603	0.00603	0.00201	0.00938	0.00469	0.00268	0.00938
19	0.01570	0.01507	0.02575	0.03894	0.73748	0.01507	0.01947	0.01947	0.01444	0.02073	0.01193	0.01570	0.01005	0.00565	0.00628	0.00188	0.00754	0.00565	0.00314	0.01005
20	0.00750	0.00643	0.00643	0.00643	0.00857	0.00536	0.00482	0.00910	0.01446	0.01714	0.06427	0.06105	0.73490	0.01607	0.00750	0.00214	0.00321	0.01339	0.00589	0.00536
21	0.01570	0.01507	0.02575	0.03894	0.73748	0.01507	0.01947	0.01947	0.01444	0.02073	0.01193	0.01570	0.01005	0.00565	0.00628	0.00188	0.00754	0.00565	0.00314	0.01005
22	0.02230	0.01687	0.01801	0.01423	0.01898	0.01882	0.01162	0.56733	0.18179	0.03705	0.01754	0.01707	0.01266	0.00783	0.00637	0.00196	0.00655	0.00603	0.00637	0.01063
23	0.01272	0.03281	0.74418	0.01808	0.02746	0.01473	0.02344	0.02009	0.01339	0.02009	0.01138	0.01339	0.00804	0.00603	0.00603	0.00201	0.00938	0.00469	0.00268	0.00938
24	0.00797	0.00569	0.00763	0.00911	0.00958	0.00536	0.00630	0.00925	0.01238	0.01646	0.03483	0.70583	0.04144	0.01965	0.00816	0.00261	0.00389	0.08276	0.00588	0.00522
25	0.01272	0.03281	0.74418	0.01808	0.02746	0.01473	0.02344	0.02009	0.01339	0.02009	0.01138	0.01339	0.00804	0.00603	0.00603	0.00201	0.00938	0.00469	0.00268	0.00938
26	0.01915	0.02383	0.44643	0.01531	0.02286	0.01253	0.01768	0.02451	0.01534	0.31471	0.01695	0.01674	0.01117	0.00677	0.00617	0.00199	0.00775	0.00538	0.00479	0.00996
27	0.01842	0.01827	0.02212	0.02894	0.44385	0.17450	0.01610	0.11905	0.01733	0.02247	0.01238	0.01512	0.01006	0.00621	0.00608	0.00181	0.00807	0.00534	0.04452	0.00936
28	0.12064	0.01619	0.02121	0.01602	0.02113	0.01720	0.16434	0.41768	0.02307	0.07420	0.01464	0.01565	0.01050	0.00691	0.00624	0.00195	0.00732	0.00586	0.02956	0.00967
29	0.02120	0.01409	0.02101	0.02652	0.40475	0.03573	0.01503	0.06405	0.01683	0.29106	0.01695	0.01774	0.01215	0.00661	0.00630	0.00191	0.00683	0.00588	0.00509	0.01029

[dist]
# distance from previous block
# <min> <max>
56	130

[block]
# block no. 7 follows, 35 sequences, length 6
# corresponding to MSA columns:
# 3551-3556
name=unknown_H
#
# <colnr> <probs for GDERKNQSTAVLIFYWHMCP>
#	G	D	E	R	K	N	Q	S	T	A	V	L	I	F	Y	W	H	M	C	P
0	0.15993	0.01372	0.01352	0.01138	0.01552	0.08333	0.00902	0.02631	0.23880	0.19406	0.04505	0.01905	0.01531	0.00736	0.00571	0.00185	0.00559	0.00571	0.00567	0.12309
1	0.01476	0.01327	0.01260	0.01210	0.01482	0.16152	0.00968	0.01883	0.09427	0.05981	0.02441	0.12586	0.02447	0.01222	0.00710	0.00220	0.00646	0.26126	0.00521	0.11914
2	0.01117	0.00943	0.01053	0.01016	0.01248	0.06488	0.00802	0.01366	0.01494	0.02015	0.19638	0.17108	0.03508	0.01323	0.00723	0.00211	0.00497	0.20949	0.00548	0.17953
3	0.01588	0.19709	0.01819	0.00997	0.01547	0.01258	0.00854	0.01847	0.01368	0.10457	0.01231	0.01343	0.00984	0.00525	0.00475	0.00116	0.00528	0.00398	0.00399	0.52557
4	0.01062	0.00848	0.01039	0.00885	0.01200	0.00693	0.00668	0.01308	0.01432	0.02099	0.22881	0.20668	0.03205	0.01079	0.00633	0.00164	0.00395	0.00947	0.00522	0.38274
5	0.08392	0.02174	0.01745	0.01516	0.01796	0.37427	0.01195	0.08141	0.01634	0.08837	0.01128	0.01327	0.00906	0.00787	0.00954	0.00200	0.20190	0.00477	0.00390	0.00783

[dist]
# distance from previous block
# <min> <max>
29	59

[block]
# block no. 8 follows, 35 sequences, length 45
# corresponding to MSA columns:
# 3637-3681
name=unknown_I
#
# <colnr> <probs for GDERKNQSTAVLIFYWHMCP>
#	G	D	E	R	K	N	Q	S	T	A	V	L	I	F	Y	W	H	M	C	P
0	0.01317	0.01149	0.01263	0.01105	0.01284	0.08541	0.06730	0.05649	0.13464	0.01734	0.01906	0.03179	0.01905	0.45645	0.02154	0.00442	0.00693	0.00800	0.00432	0.00607
1	0.01574	0.01177	0.01714	0.44961	0.03231	0.01369	0.01434	0.02302	0.18847	0.14311	0.01720	0.01937	0.01237	0.00716	0.00638	0.00210	0.00709	0.00614	0.00457	0.00842
2	0.02061	0.01665	0.02183	0.02473	0.31864	0.01776	0.01514	0.42609	0.02342	0.03196	0.01386	0.01543	0.01048	0.00680	0.00632	0.00190	0.00721	0.00569	0.00501	0.01048
3	0.01703	0.01969	0.02733	0.02114	0.02514	0.21687	0.34919	0.02042	0.01458	0.01797	0.01120	0.01501	0.00910	0.00701	0.00991	0.00213	0.17925	0.00609	0.02315	0.00780
4	0.01528	0.01626	0.03257	0.03182	0.32650	0.01564	0.42499	0.01997	0.01475	0.02049	0.01246	0.01652	0.00980	0.00547	0.00698	0.00203	0.00938	0.00672	0.00318	0.00918
5	0.01781	0.01307	0.01464	0.01184	0.01543	0.01397	0.00953	0.42296	0.02488	0.03392	0.31465	0.02862	0.03123	0.00985	0.00682	0.00194	0.00532	0.00811	0.00661	0.00879
6	0.01183	0.00591	0.00591	0.00591	0.00739	0.00591	0.00443	0.01478	0.01330	0.02365	0.02069	0.02365	0.01626	0.00739	0.00443	0.00148	0.00296	0.00591	0.81227	0.00591
7	0.01499	0.01222	0.01911	0.45089	0.03376	0.01406	0.07491	0.02202	0.16532	0.10422	0.01612	0.01892	0.01173	0.00692	0.00647	0.00211	0.00756	0.00621	0.00422	0.00826
8	0.34983	0.04318	0.42014	0.01384	0.02085	0.01479	0.01622	0.01946	0.01230	0.02345	0.01026	0.01203	0.00755	0.00595	0.00510	0.00197	0.00745	0.00413	0.00320	0.00830
9	0.01183	0.00591	0.00591	0.00591	0.00739	0.00591	0.00443	0.01478	0.01330	0.02365	0.02069	0.02365	0.01626	0.00739	0.00443	0.00148	0.00296	0.00591	0.81227	0.00591
10	0.09257	0.02012	0.01796	0.01446	0.01902	0.18519	0.01166	0.49967	0.02550	0.03345	0.01345	0.01395	0.00986	0.00722	0.00600	0.00185	0.00781	0.00515	0.00544	0.00967
11	0.00770	0.00633	0.00678	0.00689	0.00875	0.00541	0.00508	0.00941	0.01461	0.01801	0.13980	0.14105	0.57597	0.01614	0.00756	0.00217	0.00324	0.01370	0.00602	0.00541
12	0.01937	0.01377	0.01946	0.02345	0.31689	0.01412	0.01391	0.06712	0.21395	0.20162	0.01922	0.01934	0.01408	0.00713	0.00636	0.00198	0.00628	0.00626	0.00541	0.01027
13	0.01388	0.01388	0.01943	0.01666	0.01666	0.01943	0.01388	0.01527	0.00972	0.01527	0.00833	0.01388	0.00833	0.01110	0.02082	0.00278	0.76544	0.00555	0.00278	0.00694
14	0.35220	0.46075	0.02328	0.00981	0.01461	0.02057	0.00920	0.01885	0.01202	0.02056	0.00883	0.01023	0.00761	0.00562	0.00401	0.00161	0.00600	0.00341	0.00322	0.00761
15	0.01877	0.01085	0.01520	0.01283	0.01515	0.01239	0.01052	0.02082	0.01335	0.31776	0.01742	0.01981	0.01325	0.01873	0.19484	0.00426	0.26458	0.00620	0.00504	0.00823
16	0.01623	0.33402	0.02887	0.02724	0.43710	0.01925	0.01588	0.01927	0.01380	0.01831	0.01064	0.01340	0.00925	0.00556	0.00536	0.00166	0.00722	0.00471	0.00296	0.00925
17	0.00990	0.00885	0.01533	0.01324	0.01558	0.00823	0.18838	0.01252	0.01407	0.01879	0.12692	0.35647	0.11270	0.01463	0.00783	0.00236	0.00548	0.05716	0.00534	0.00621
18	0.01183	0.00591	0.00591	0.00591	0.00739	0.00591	0.00443	0.01478	0.01330	0.02365	0.02069	0.02365	0.01626	0.00739	0.00443	0.00148	0.00296	0.00591	0.81227	0.00591
19	0.01315	0.01128	0.01315	0.00940	0.01503	0.00846	0.00752	0.01597	0.01315	0.02067	0.01128	0.01315	0.00940	0.00470	0.00470	0.00094	0.00470	0.00376	0.00376	0.81583
20	0.00773	0.00552	0.00736	0.00883	0.00920	0.00515	0.00589	0.00883	0.01215	0.01619	0.03497	0.77291	0.04196	0.01987	0.00810	0.00258	0.00368	0.01803	0.00589	0.00515
21	0.01732	0.01611	0.01843	0.45069	0.03338	0.17562	0.01511	0.09777	0.01623	0.08108	0.01258	0.01593	0.00928	0.00666	0.00621	0.00197	0.00868	0.00537	0.00374	0.00785
22	0.02027	0.01882	0.01562	0.01384	0.01750	0.26300	0.01069	0.03048	0.38589	0.12524	0.02031	0.01925	0.01507	0.00780	0.00620	0.00195	0.00724	0.00602	0.00558	0.00924
23	0.02185	0.01138	0.01431	0.01068	0.01590	0.00953	0.00872	0.06222	0.01671	0.40306	0.01876	0.01773	0.01281	0.00653	0.00568	0.00153	0.00519	0.00525	0.00606	0.34609
24	0.00934	0.00615	0.00695	0.00746	0.00872	0.00578	0.00531	0.02727	0.01349	0.01932	0.03724	0.34473	0.20380	0.01473	0.00676	0.00211	0.00342	0.01280	0.25904	0.00557
25	0.48471	0.01208	0.01340	0.25813	0.02303	0.01463	0.01103	0.01755	0.01133	0.02328	0.00960	0.01280	0.00752	0.00649	0.00618	0.00208	0.07143	0.00435	0.00346	0.00693
26	0.02352	0.01787	0.01553	0.01323	0.01722	0.26097	0.01036	0.02909	0.17429	0.32052	0.02107	0.01963	0.03229	0.00778	0.00620	0.00190	0.00730	0.00596	0.00595	0.00933
27	0.00803	0.00645	0.00716	0.00698	0.00889	0.00558	0.00524	0.01013	0.01571	0.02011	0.30391	0.05616	0.49340	0.01496	0.00749	0.00209	0.00313	0.01270	0.00628	0.00558
28	0.13531	0.01455	0.01489	0.01270	0.01674	0.01661	0.01013	0.21652	0.43329	0.03046	0.02048	0.01944	0.01522	0.00794	0.00606	0.00206	0.00554	0.00623	0.00606	0.00978
29	0.01977	0.46823	0.02688	0.01314	0.01767	0.32768	0.01144	0.02163	0.01501	0.01518	0.00923	0.01070	0.00815	0.00589	0.00476	0.00147	0.00872	0.00368	0.00294	0.00781
30	0.02315	0.01258	0.01932	0.02280	0.31661	0.01172	0.01355	0.02615	0.01661	0.44152	0.01957	0.01914	0.01335	0.00694	0.00634	0.00193	0.00629	0.00608	0.00589	0.01048
31	0.00836	0.00646	0.00762	0.00733	0.00910	0.00572	0.00550	0.01078	0.01650	0.02198	0.45513	0.05308	0.34101	0.01426	0.00749	0.00206	0.00308	0.01227	0.00653	0.00572
32	0.01520	0.46931	0.32935	0.01386	0.02094	0.02078	0.01610	0.01945	0.01310	0.01708	0.00989	0.01152	0.00810	0.00568	0.00489	0.00163	0.00786	0.00393	0.00270	0.00866
33	0.00773	0.00552	0.00736	0.00883	0.00920	0.00515	0.00589	0.00883	0.01215	0.01619	0.03497	0.77291	0.04196	0.01987	0.00810	0.00258	0.00368	0.01803	0.00589	0.00515
34	0.17828	0.01774	0.01521	0.01275	0.01694	0.21790	0.01013	0.13163	0.07172	0.24262	0.01626	0.01579	0.01144	0.00713	0.00573	0.00188	0.00719	0.00514	0.00549	0.00903
35	0.01366	0.02627	0.44982	0.02169	0.02983	0.01528	0.31124	0.02019	0.01405	0.02019	0.01199	0.01494	0.00870	0.00574	0.00664	0.00206	0.00993	0.00585	0.00290	0.00903
36	0.01102	0.00551	0.00826	0.00826	0.00826	0.00551	0.00551	0.00826	0.00826	0.01102	0.01102	0.01928	0.01102	0.02204	0.02479	0.81543	0.00551	0.00551	0.00275	0.00275
37	0.00765	0.00603	0.00690	0.00753	0.00887	0.00529	0.00532	0.00908	0.01356	0.01699	0.07267	0.37170	0.41071	0.01763	0.00776	0.00233	0.00341	0.01536	0.00592	0.00529
38	0.01272	0.03281	0.74418	0.01808	0.02746	0.01473	0.02344	0.02009	0.01339	0.02009	0.01138	0.01339	0.00804	0.00603	0.00603	0.00201	0.00938	0.00469	0.00268	0.00938
39	0.01323	0.01371	0.02669	0.45565	0.03930	0.01491	0.30784	0.01792	0.01364	0.01792	0.01192	0.01700	0.00894	0.00593	0.00682	0.00212	0.00939	0.00641	0.00298	0.00768
40	0.01778	0.02011	0.02025	0.27331	0.20451	0.32150	0.01584	0.02081	0.01532	0.01704	0.01083	0.01434	0.00873	0.00625	0.00607	0.00186	0.00947	0.00499	0.00309	0.00791
41	0.01913	0.03131	0.32044	0.01707	0.02288	0.44469	0.01691	0.02315	0.01607	0.01743	0.01046	0.01225	0.00812	0.00632	0.00585	0.00179	0.01058	0.00434	0.00302	0.00820
42	0.01121	0.26417	0.07923	0.01030	0.01311	0.01257	0.00904	0.01316	0.01250	0.01611	0.02430	0.45551	0.02786	0.01391	0.00659	0.00212	0.00520	0.01205	0.00456	0.00650
43	0.01064	0.02145	0.43730	0.01423	0.01985	0.01074	0.01613	0.01540	0.01287	0.01847	0.02121	0.32973	0.02216	0.01179	0.00689	0.00225	0.00700	0.01025	0.00402	0.00762
44	0.01973	0.00898	0.01127	0.00926	0.01302	0.00767	0.00745	0.02183	0.01662	0.44002	0.04137	0.03803	0.31525	0.01127	0.00685	0.00204	0.00449	0.00930	0.00704	0.00853

[dist]
# distance from previous block
# <min> <max>
28	60

[block]
# block no. 9 follows, 35 sequences, length 28
# corresponding to MSA columns:
# 3743-3770
name=unknown_J
#
# <colnr> <probs for GDERKNQSTAVLIFYWHMCP>
#	G	D	E	R	K	N	Q	S	T	A	V	L	I	F	Y	W	H	M	C	P
0	0.01188	0.00830	0.01252	0.26779	0.02226	0.00893	0.01075	0.01440	0.01329	0.10207	0.02553	0.35458	0.02682	0.01358	0.00736	0.00238	0.00574	0.08024	0.00506	0.00654
1	0.26711	0.01500	0.01541	0.01218	0.01688	0.01639	0.01005	0.39656	0.02221	0.14692	0.01483	0.01474	0.01037	0.00713	0.00562	0.00193	0.00610	0.00513	0.00585	0.00960
2	0.01795	0.05141	0.38926	0.01687	0.02353	0.26846	0.01790	0.10398	0.01689	0.02072	0.01122	0.01285	0.00841	0.00637	0.00590	0.00185	0.00973	0.00457	0.00331	0.00881
3	0.28769	0.01106	0.09494	0.00976	0.01241	0.00940	0.00830	0.01353	0.01183	0.02086	0.02322	0.42164	0.02592	0.01344	0.00642	0.00230	0.00477	0.01145	0.00484	0.00624
4	0.01366	0.02419	0.41213	0.11296	0.27301	0.01477	0.02139	0.01942	0.01367	0.01985	0.01156	0.01460	0.00878	0.00594	0.00615	0.00198	0.00864	0.00513	0.00285	0.00933
5	0.01206	0.00988	0.01112	0.01088	0.01313	0.01077	0.00820	0.02202	0.37726	0.02235	0.08185	0.25779	0.07101	0.01328	0.00722	0.00231	0.00441	0.05045	0.00625	0.00776
6	0.01433	0.02325	0.35701	0.02932	0.41009	0.01492	0.02130	0.01976	0.01396	0.02043	0.01168	0.01464	0.00912	0.00583	0.00616	0.00194	0.00838	0.00521	0.00293	0.00974
7	0.01065	0.00862	0.01048	0.00914	0.01234	0.00693	0.00677	0.01268	0.01269	0.01861	0.02220	0.36347	0.02441	0.01170	0.00627	0.00169	0.00423	0.01034	0.00474	0.44203
8	0.01290	0.00954	0.01116	0.01059	0.01260	0.00996	0.00787	0.20320	0.06865	0.02449	0.11141	0.42795	0.03399	0.01492	0.00743	0.00229	0.00459	0.01314	0.00618	0.00713
9	0.01011	0.00866	0.00953	0.00780	0.01155	0.00679	0.00606	0.01227	0.01386	0.01877	0.03983	0.03897	0.40038	0.01082	0.00621	0.00159	0.00390	0.00895	0.00491	0.37906
10	0.01962	0.01554	0.01651	0.01369	0.01796	0.01757	0.01097	0.34846	0.40501	0.03274	0.02094	0.01978	0.01541	0.00815	0.00640	0.00204	0.00592	0.00650	0.00640	0.01039
11	0.00923	0.00615	0.00692	0.00692	0.00692	0.00615	0.00384	0.00923	0.00923	0.01230	0.01999	0.04151	0.02306	0.77705	0.03229	0.00615	0.00615	0.00923	0.00384	0.00384
12	0.02646	0.01401	0.01671	0.01281	0.01780	0.01410	0.01058	0.34695	0.02354	0.41824	0.02051	0.01866	0.01344	0.00774	0.00636	0.00194	0.00613	0.00607	0.00716	0.01079
13	0.01272	0.03281	0.74418	0.01808	0.02746	0.01473	0.02344	0.02009	0.01339	0.02009	0.01138	0.01339	0.00804	0.00603	0.00603	0.00201	0.00938	0.00469	0.00268	0.00938
14	0.01933	0.00869	0.01171	0.00986	0.01306	0.00769	0.00777	0.02181	0.01738	0.41044	0.26953	0.11906	0.03395	0.01103	0.00696	0.00205	0.00437	0.00950	0.00732	0.00848
15	0.02412	0.01777	0.01904	0.01460	0.01967	0.01967	0.01206	0.71633	0.02983	0.03998	0.01523	0.01523	0.01079	0.00762	0.00635	0.00190	0.00698	0.00571	0.00635	0.01079
16	0.00898	0.00648	0.00848	0.00798	0.00948	0.00599	0.00599	0.01197	0.01796	0.02544	0.73413	0.04739	0.05986	0.01297	0.00748	0.00200	0.00299	0.01147	0.00698	0.00599
17	0.01315	0.01128	0.01315	0.00940	0.01503	0.00846	0.00752	0.01597	0.01315	0.02067	0.01128	0.01315	0.00940	0.00470	0.00470	0.00094	0.00470	0.00376	0.00376	0.81583
18	0.02140	0.01102	0.01400	0.01042	0.01566	0.00892	0.00849	0.02403	0.01585	0.40933	0.01869	0.01770	0.01280	0.00640	0.00560	0.00149	0.00508	0.00517	0.00596	0.38199
19	0.01272	0.03281	0.74418	0.01808	0.02746	0.01473	0.02344	0.02009	0.01339	0.02009	0.01138	0.01339	0.00804	0.00603	0.00603	0.00201	0.00938	0.00469	0.00268	0.00938
20	0.00923	0.00615	0.00692	0.00692	0.00692	0.00615	0.00384	0.00923	0.00923	0.01230	0.01999	0.04151	0.02306	0.77705	0.03229	0.00615	0.00615	0.00923	0.00384	0.00384
21	0.01272	0.03281	0.74418	0.01808	0.02746	0.01473	0.02344	0.02009	0.01339	0.02009	0.01138	0.01339	0.00804	0.00603	0.00603	0.00201	0.00938	0.00469	0.00268	0.00938
22	0.00773	0.00552	0.00736	0.00883	0.00920	0.00515	0.00589	0.00883	0.01215	0.01619	0.03497	0.77291	0.04196	0.01987	0.00810	0.00258	0.00368	0.01803	0.00589	0.00515
23	0.01300	0.01268	0.01924	0.36024	0.02912	0.01697	0.01560	0.01570	0.01108	0.01570	0.00969	0.01528	0.00839	0.00891	0.01414	0.00247	0.41640	0.00559	0.00280	0.00699
24	0.01866	0.02070	0.01487	0.01360	0.01646	0.40936	0.01016	0.10168	0.01745	0.01896	0.01739	0.21889	0.01775	0.01016	0.00637	0.00187	0.00832	0.00804	0.00438	0.06493
25	0.01029	0.00622	0.00730	0.00703	0.00852	0.00595	0.00527	0.01327	0.01581	0.02461	0.40517	0.03644	0.03976	0.01040	0.00608	0.00176	0.00298	0.00891	0.37829	0.00595
26	0.01277	0.02225	0.40626	0.01367	0.02083	0.01154	0.01573	0.01805	0.01330	0.02071	0.01245	0.01452	0.00947	0.00573	0.00538	0.00158	0.00701	0.00451	0.09854	0.28570
27	0.01378	0.01328	0.02149	0.01535	0.02125	0.01106	0.25009	0.01747	0.01378	0.02055	0.01181	0.01451	0.00947	0.00492	0.00566	0.00135	0.00676	0.00504	0.00357	0.53882

[dist]
# distance from previous block
# <min> <max>
0	93

[block]
# block no. 10 follows, 35 sequences, length 46
# corresponding to MSA columns:
# 3873-3918
name=unknown_K
#
# <colnr> <probs for GDERKNQSTAVLIFYWHMCP>
#	G	D	E	R	K	N	Q	S	T	A	V	L	I	F	Y	W	H	M	C	P
0	0.01965	0.02349	0.01858	0.01647	0.01839	0.44980	0.01293	0.02118	0.01457	0.01542	0.00920	0.01245	0.00824	0.00842	0.01194	0.00210	0.32223	0.00469	0.00307	0.00718
1	0.31053	0.00863	0.00879	0.00812	0.01051	0.00904	0.00631	0.01445	0.01530	0.02656	0.46507	0.03363	0.04020	0.01034	0.00616	0.00198	0.00370	0.00849	0.00585	0.00631
2	0.01279	0.01062	0.01175	0.01140	0.01379	0.01184	0.00850	0.02448	0.46119	0.02270	0.02921	0.30161	0.02775	0.01279	0.00706	0.00231	0.00452	0.01120	0.00625	0.00823
3	0.52592	0.01431	0.01293	0.01066	0.01502	0.01625	0.00879	0.27747	0.01786	0.03274	0.01121	0.01213	0.00832	0.00653	0.00482	0.00194	0.00568	0.00428	0.00482	0.00832
4	0.00843	0.00646	0.00772	0.00740	0.00914	0.00575	0.00555	0.01091	0.01666	0.02236	0.48563	0.05246	0.31028	0.01412	0.00749	0.00205	0.00307	0.01218	0.00658	0.00575
5	0.00917	0.00639	0.00813	0.00813	0.00855	0.00681	0.00536	0.01001	0.00959	0.01320	0.01888	0.03536	0.02039	0.50644	0.29925	0.00765	0.01017	0.00832	0.00368	0.00452
6	0.02307	0.01165	0.01422	0.01167	0.01594	0.01158	0.00939	0.03129	0.28055	0.44690	0.02514	0.02245	0.01708	0.00811	0.00633	0.00201	0.00516	0.00665	0.04049	0.01031
7	0.01294	0.01176	0.01686	0.48363	0.03317	0.01415	0.01452	0.02136	0.23861	0.01953	0.01876	0.02145	0.05142	0.00759	0.00644	0.00213	0.00708	0.00655	0.00414	0.00790
8	0.01529	0.01311	0.01392	0.01256	0.01599	0.01507	0.00975	0.03215	0.67507	0.02646	0.07679	0.02538	0.02228	0.00892	0.00653	0.00214	0.00487	0.00748	0.00649	0.00975
9	0.01171	0.02329	0.47113	0.01412	0.02042	0.01172	0.01643	0.01655	0.01213	0.01780	0.01395	0.02178	0.01263	0.23648	0.01378	0.00317	0.00807	0.00598	0.00310	0.06575
10	0.00843	0.00646	0.00772	0.00740	0.00914	0.00575	0.00555	0.01091	0.01666	0.02236	0.48563	0.05246	0.31028	0.01412	0.00749	0.00205	0.00307	0.01218	0.00658	0.00575
11	0.01809	0.01110	0.01743	0.48338	0.03349	0.01232	0.01454	0.02166	0.01472	0.28541	0.01638	0.01865	0.01115	0.00690	0.00636	0.00206	0.00732	0.00591	0.00469	0.00844
12	0.02169	0.01269	0.01851	0.07364	0.23401	0.01210	0.01299	0.07777	0.01708	0.35225	0.01808	0.01821	0.01252	0.00677	0.00619	0.00185	0.00631	0.00581	0.00558	0.08594
13	0.00927	0.00675	0.00920	0.00912	0.00978	0.00758	0.00653	0.01063	0.00981	0.01381	0.01789	0.03099	0.01842	0.32771	0.45311	0.00842	0.03472	0.00770	0.00355	0.00500
14	0.01578	0.01363	0.01434	0.01291	0.01650	0.01578	0.01004	0.03371	0.72602	0.02654	0.02582	0.02367	0.01937	0.00861	0.00646	0.00215	0.00502	0.00717	0.00646	0.01004
15	0.01570	0.01507	0.02575	0.03894	0.73748	0.01507	0.01947	0.01947	0.01444	0.02073	0.01193	0.01570	0.01005	0.00565	0.00628	0.00188	0.00754	0.00565	0.00314	0.01005
16	0.00766	0.00581	0.00706	0.00806	0.00900	0.00522	0.00555	0.00892	0.01289	0.01650	0.04433	0.54532	0.26350	0.01866	0.00791	0.00244	0.00353	0.01655	0.00589	0.00522
17	0.82186	0.01227	0.00932	0.00834	0.01227	0.01423	0.00687	0.01865	0.01080	0.02846	0.00883	0.01031	0.00687	0.00589	0.00393	0.00196	0.00491	0.00344	0.00393	0.00687
18	0.01315	0.01128	0.01315	0.00940	0.01503	0.00846	0.00752	0.01597	0.01315	0.02067	0.01128	0.01315	0.00940	0.00470	0.00470	0.00094	0.00470	0.00376	0.00376	0.81583
19	0.00773	0.00552	0.00736	0.00883	0.00920	0.00515	0.00589	0.00883	0.01215	0.01619	0.03497	0.77291	0.04196	0.01987	0.00810	0.00258	0.00368	0.01803	0.00589	0.00515
20	0.01080	0.00930	0.00994	0.04001	0.01298	0.00960	0.00732	0.01860	0.27845	0.02082	0.06634	0.04499	0.42086	0.01281	0.00706	0.00214	0.00409	0.01071	0.00600	0.00718
21	0.82186	0.01227	0.00932	0.00834	0.01227	0.01423	0.00687	0.01865	0.01080	0.02846	0.00883	0.01031	0.00687	0.00589	0.00393	0.00196	0.00491	0.00344	0.00393	0.00687
22	0.01497	0.01711	0.03743	0.02674	0.03316	0.01604	0.71444	0.02032	0.01497	0.02032	0.01283	0.01711	0.00963	0.00535	0.00749	0.00214	0.01070	0.00749	0.00321	0.00856
23	0.01169	0.00977	0.01090	0.00866	0.01278	0.00803	0.00680	0.06508	0.01484	0.02064	0.03202	0.05647	0.27973	0.00964	0.00597	0.00151	0.00428	0.00795	0.00481	0.42843
24	0.00955	0.00661	0.00866	0.00808	0.00967	0.00608	0.00608	0.01253	0.01796	0.04647	0.71331	0.04663	0.05856	0.01282	0.00745	0.00199	0.00306	0.01132	0.00701	0.00613
