[name]
unknown

[dist]
# distance from previous block
# <min> <max>
4	12

[block]
# block no. 0 follows, 51 sequences, length 77
# corresponding to MSA columns:
# 12-88
name=unknown_A
#
# <colnr> <probs for GDERKNQSTAVLIFYWHMCP>
#	G	D	E	R	K	N	Q	S	T	A	V	L	I	F	Y	W	H	M	C	P
0	0.00650	0.00475	0.00609	0.00634	0.00720	0.00437	0.00454	0.00812	0.01179	0.01611	0.40621	0.33027	0.11403	0.02931	0.00639	0.00180	0.00262	0.02428	0.00495	0.00431
1	0.05890	0.00559	0.00649	0.00652	0.00775	0.00546	0.00477	0.06007	0.01163	0.03560	0.18538	0.34623	0.12384	0.01127	0.00546	0.00168	0.00289	0.00982	0.10594	0.00469
2	0.02791	0.00519	0.00625	0.00655	0.00743	0.00497	0.00451	0.00959	0.04359	0.07822	0.02541	0.43459	0.10701	0.16170	0.00927	0.00236	0.00331	0.01049	0.04725	0.00441
3	0.01061	0.00563	0.00682	0.00643	0.00779	0.00539	0.00469	0.04100	0.01111	0.15846	0.09146	0.20552	0.02082	0.12906	0.02058	0.00209	0.00342	0.00757	0.25651	0.00505
4	0.24824	0.00705	0.00751	0.00691	0.00881	0.00721	0.00515	0.04634	0.01037	0.16249	0.03436	0.20879	0.05789	0.15787	0.00844	0.00223	0.00379	0.00718	0.00417	0.00521
5	0.03652	0.00578	0.00680	0.00660	0.00772	0.00581	0.00474	0.05084	0.03636	0.06851	0.07974	0.18355	0.05096	0.20878	0.05546	0.02269	0.00413	0.03042	0.13001	0.00458
6	0.02305	0.00610	0.00729	0.00669	0.00859	0.00562	0.00516	0.02985	0.04901	0.15813	0.24678	0.10623	0.28503	0.01038	0.00562	0.00164	0.00300	0.03143	0.00508	0.00533
7	0.02984	0.00932	0.04744	0.00886	0.01226	0.02695	0.02010	0.05297	0.05736	0.47718	0.03370	0.05727	0.09464	0.00773	0.02220	0.00168	0.00445	0.00585	0.00521	0.02499
8	0.00993	0.00636	0.00757	0.00715	0.00888	0.00610	0.00535	0.05560	0.09080	0.13766	0.12419	0.26921	0.21452	0.02582	0.00603	0.00177	0.00319	0.00954	0.00494	0.00540
9	0.10520	0.00906	0.01064	0.00859	0.01171	0.00908	0.00696	0.18161	0.06183	0.34203	0.18093	0.01910	0.01807	0.00676	0.00492	0.00152	0.00399	0.00547	0.00531	0.00722
10	0.01169	0.00839	0.01089	0.00955	0.02599	0.04346	0.08655	0.10697	0.04688	0.11846	0.01668	0.16597	0.01606	0.20370	0.06363	0.00279	0.00539	0.00707	0.04438	0.00551
11	0.31777	0.00931	0.01041	0.04653	0.01274	0.00952	0.00706	0.09307	0.01272	0.41359	0.01372	0.01299	0.00911	0.00547	0.00427	0.00152	0.00428	0.00406	0.00471	0.00715
12	0.25883	0.00859	0.00961	0.00787	0.01091	0.00860	0.00630	0.08477	0.01229	0.39163	0.01510	0.05332	0.01143	0.09178	0.00656	0.00188	0.00418	0.00490	0.00472	0.00673
13	0.01135	0.02340	0.68257	0.01348	0.02023	0.01162	0.01672	0.09577	0.01188	0.05400	0.00963	0.01082	0.00673	0.00486	0.00471	0.00155	0.00692	0.00378	0.00256	0.00743
14	0.01642	0.03275	0.06295	0.01362	0.01784	0.01231	0.23737	0.27090	0.01573	0.21335	0.01258	0.01322	0.00877	0.00544	0.00564	0.00156	0.04297	0.00486	0.00413	0.00760
15	0.01299	0.76400	0.02555	0.00914	0.01324	0.01896	0.04511	0.01467	0.00998	0.01177	0.00697	0.00823	0.00637	0.00435	0.00371	0.00112	0.03260	0.00283	0.00212	0.00629
16	0.00696	0.00502	0.00657	0.00618	0.00734	0.00464	0.00464	0.00927	0.01391	0.01971	0.79405	0.03671	0.04637	0.01005	0.00580	0.00155	0.00232	0.00889	0.00541	0.00464
17	0.00597	0.00435	0.00563	0.00665	0.00708	0.00401	0.00448	0.00686	0.00960	0.01262	0.02945	0.74301	0.11205	0.01509	0.00622	0.00196	0.00281	0.01359	0.00456	0.00401
18	0.01181	0.50394	0.34040	0.01068	0.01612	0.01619	0.01236	0.01506	0.01014	0.01318	0.00764	0.00889	0.00627	0.00439	0.00377	0.00126	0.00607	0.00303	0.00209	0.00669
19	0.00599	0.00428	0.00570	0.00684	0.00713	0.00399	0.00456	0.00684	0.00941	0.01254	0.02709	0.82409	0.03250	0.01540	0.00627	0.00200	0.00285	0.01397	0.00456	0.00399
20	0.32156	0.01081	0.01015	0.00891	0.01190	0.03065	0.00709	0.10044	0.40694	0.02199	0.01408	0.01367	0.01059	0.00579	0.00427	0.00158	0.00413	0.00433	0.00422	0.00690
21	0.01368	0.74604	0.02452	0.00885	0.01288	0.10170	0.00852	0.01523	0.01040	0.01161	0.00691	0.00799	0.00631	0.00429	0.00329	0.00107	0.00563	0.00268	0.00215	0.00624
22	0.01483	0.42303	0.12859	0.01013	0.01465	0.01650	0.01001	0.26305	0.01445	0.04903	0.00920	0.00984	0.00719	0.00489	0.00400	0.00128	0.00554	0.00344	0.00316	0.00718
23	0.01443	0.57999	0.02195	0.00959	0.01328	0.22173	0.00866	0.01657	0.05159	0.01215	0.00772	0.00868	0.00677	0.00455	0.00358	0.00114	0.00611	0.00292	0.00236	0.00623
24	0.00715	0.00476	0.00536	0.00536	0.00536	0.00476	0.00298	0.00715	0.00715	0.00953	0.01548	0.03216	0.01787	0.82729	0.02501	0.00476	0.00476	0.00715	0.00298	0.00298
25	0.01689	0.04783	0.05138	0.00997	0.01347	0.07228	0.00843	0.26625	0.09726	0.24541	0.08859	0.03314	0.01391	0.00643	0.00492	0.00150	0.00490	0.00510	0.00485	0.00751
26	0.01523	0.01195	0.01275	0.01051	0.01380	0.01344	0.00844	0.39799	0.38266	0.02567	0.04339	0.01576	0.01283	0.00641	0.00499	0.00157	0.00458	0.00512	0.00497	0.00795
27	0.01196	0.00937	0.01212	0.22795	0.05474	0.01062	0.00936	0.02015	0.38864	0.09946	0.08826	0.01817	0.01500	0.00634	0.00504	0.00162	0.00458	0.00542	0.00427	0.00692
28	0.00626	0.00464	0.00585	0.00630	0.00711	0.00422	0.00444	0.00765	0.01116	0.01495	0.27425	0.43554	0.17325	0.01317	0.00604	0.00179	0.00262	0.01172	0.00483	0.00422
29	0.04348	0.01040	0.01536	0.01832	0.35616	0.01011	0.01082	0.09718	0.01355	0.35375	0.01378	0.01395	0.00964	0.00527	0.00485	0.00149	0.00502	0.00457	0.00427	0.00801
30	0.01068	0.01968	0.43696	0.01717	0.02335	0.01189	0.37727	0.01565	0.01095	0.01565	0.00935	0.01174	0.00681	0.00442	0.00520	0.00160	0.00775	0.00465	0.00227	0.00696
31	0.01136	0.01017	0.01378	0.04999	0.01401	0.01296	0.03778	0.01620	0.21880	0.05134	0.01145	0.01392	0.00950	0.00973	0.07070	0.00238	0.43183	0.00480	0.00315	0.00614
32	0.01089	0.22616	0.53100	0.01204	0.01825	0.01315	0.01460	0.03145	0.01054	0.01492	0.00838	0.00977	0.00637	0.00450	0.00422	0.00137	0.00645	0.00334	0.00220	0.07041
33	0.01199	0.01031	0.01091	0.00983	0.01254	0.01189	0.00764	0.02538	0.75396	0.02052	0.05381	0.01914	0.01637	0.00681	0.00504	0.00166	0.00382	0.00570	0.00502	0.00764
34	0.01116	0.00956	0.01013	0.00919	0.01173	0.01082	0.00712	0.02287	0.64903	0.01973	0.08081	0.02273	0.09871	0.00752	0.00514	0.00166	0.00363	0.00631	0.00499	0.00717
35	0.00599	0.00428	0.00570	0.00684	0.00713	0.00399	0.00456	0.00684	0.00941	0.01254	0.02709	0.82409	0.03250	0.01540	0.00627	0.00200	0.00285	0.01397	0.00456	0.00399
36	0.00808	0.00527	0.00693	0.00637	0.00773	0.00483	0.00483	0.01037	0.01392	0.07787	0.73630	0.03522	0.04382	0.00975	0.00573	0.00154	0.00246	0.00859	0.00546	0.00491
37	0.00812	0.00772	0.09078	0.00957	0.01134	0.00626	0.00899	0.01074	0.01122	0.01480	0.02422	0.05073	0.02598	0.01265	0.00657	0.00219	0.00481	0.68425	0.00427	0.00481
38	0.00715	0.00476	0.00536	0.00536	0.00536	0.00476	0.00298	0.00715	0.00715	0.00953	0.01548	0.03216	0.01787	0.82729	0.02501	0.00476	0.00476	0.00715	0.00298	0.00298
39	0.00703	0.00521	0.00763	0.00763	0.00842	0.00600	0.00581	0.00861	0.00782	0.01121	0.01341	0.02065	0.01287	0.11936	0.72612	0.00757	0.01229	0.00546	0.00267	0.00424
40	0.02205	0.00836	0.01140	0.00874	0.01254	0.00722	0.00722	0.02395	0.01407	0.80004	0.01939	0.01673	0.01216	0.00608	0.00494	0.00152	0.00418	0.00494	0.00608	0.00836
41	0.01019	0.00873	0.01019	0.00728	0.01165	0.00655	0.00582	0.01237	0.01019	0.01601	0.00873	0.01019	0.00728	0.00364	0.00364	0.00073	0.00364	0.00291	0.00291	0.85734
42	0.00854	0.00427	0.00640	0.00640	0.00640	0.00427	0.00427	0.00640	0.00640	0.00854	0.00854	0.01494	0.00854	0.01707	0.01921	0.85702	0.00427	0.00427	0.00213	0.00213
43	0.00916	0.00458	0.00458	0.00458	0.00573	0.00458	0.00344	0.01145	0.01031	0.01832	0.01603	0.01832	0.01260	0.00573	0.00344	0.00115	0.00229	0.00458	0.85457	0.00458
44	0.86201	0.00950	0.00722	0.00646	0.00950	0.01102	0.00532	0.01445	0.00836	0.02205	0.00684	0.00798	0.00532	0.00456	0.00304	0.00152	0.00380	0.00266	0.00304	0.00532
45	0.01075	0.01075	0.01505	0.01290	0.01290	0.01505	0.01075	0.01183	0.00753	0.01183	0.00645	0.01075	0.00645	0.00860	0.01613	0.00215	0.81830	0.00430	0.00215	0.00538
46	0.00916	0.00458	0.00458	0.00458	0.00573	0.00458	0.00344	0.01145	0.01031	0.01832	0.01603	0.01832	0.01260	0.00573	0.00344	0.00115	0.00229	0.00458	0.85457	0.00458
47	0.01216	0.01168	0.01995	0.03016	0.79664	0.01168	0.01508	0.01508	0.01119	0.01605	0.00924	0.01216	0.00778	0.00438	0.00487	0.00146	0.00584	0.00438	0.00243	0.00778
48	0.01027	0.00975	0.01653	0.54490	0.29667	0.01118	0.01414	0.01343	0.01030	0.01376	0.00891	0.01278	0.00698	0.00473	0.00490	0.00158	0.00631	0.00437	0.00227	0.00626
49	0.00599	0.00428	0.00570	0.00684	0.00713	0.00399	0.00456	0.00684	0.00941	0.01254	0.02709	0.82409	0.03250	0.01540	0.00627	0.00200	0.00285	0.01397	0.00456	0.00399
50	0.01319	0.01133	0.01906	0.02793	0.71480	0.01121	0.01426	0.01601	0.01149	0.09788	0.01030	0.01264	0.00824	0.00456	0.00487	0.00147	0.00567	0.00444	0.00281	0.00784
51	0.01019	0.00873	0.01019	0.00728	0.01165	0.00655	0.00582	0.01237	0.01019	0.01601	0.00873	0.01019	0.00728	0.00364	0.00364	0.00073	0.00364	0.00291	0.00291	0.85734
52	0.00986	0.02542	0.80183	0.01401	0.02127	0.01141	0.01816	0.01556	0.01038	0.01556	0.00882	0.01038	0.00623	0.00467	0.00467	0.00156	0.00726	0.00363	0.00208	0.00726
53	0.00702	0.00527	0.00790	0.00790	0.00878	0.00614	0.00614	0.00878	0.00790	0.01141	0.01316	0.01931	0.01229	0.03686	0.80782	0.00790	0.01316	0.00527	0.00263	0.00439
54	0.02036	0.01082	0.09432	0.00961	0.01379	0.00866	0.00863	0.11736	0.01481	0.62229	0.01734	0.01545	0.01107	0.00591	0.00491	0.00152	0.00466	0.00474	0.00552	0.00825
55	0.01210	0.01152	0.01880	0.02725	0.67803	0.01189	0.01412	0.01608	0.09207	0.01633	0.01024	0.01274	0.00847	0.00482	0.00541	0.00151	0.04378	0.00450	0.00269	0.00767
56	0.02205	0.00836	0.01140	0.00874	0.01254	0.00722	0.00722	0.02395	0.01407	0.80004	0.01939	0.01673	0.01216	0.00608	0.00494	0.00152	0.00418	0.00494	0.00608	0.00836
57	0.05015	0.00840	0.01126	0.00867	0.01244	0.00735	0.00716	0.02363	0.01387	0.77402	0.01897	0.01643	0.01194	0.00603	0.00488	0.00152	0.00417	0.00487	0.00598	0.00826
58	0.01005	0.02352	0.70559	0.01345	0.02014	0.01138	0.01684	0.01656	0.09157	0.01616	0.02353	0.01166	0.00783	0.00497	0.00472	0.00157	0.00683	0.00392	0.00244	0.00727
59	0.00660	0.00518	0.00706	0.00893	0.08944	0.00482	0.00551	0.00774	0.00992	0.01305	0.02939	0.59682	0.16976	0.01370	0.00604	0.00188	0.00310	0.01231	0.00434	0.00442
60	0.00663	0.00482	0.00630	0.00670	0.00756	0.00448	0.00494	0.00832	0.01172	0.01598	0.36303	0.33607	0.08890	0.01265	0.00610	0.00181	0.00280	0.10192	0.00493	0.00435
61	0.01080	0.01029	0.01749	0.40122	0.43623	0.01132	0.01440	0.01389	0.01055	0.01440	0.00900	0.01261	0.00720	0.00463	0.00489	0.00154	0.00617	0.00437	0.00231	0.00669
62	0.29350	0.36432	0.01814	0.00931	0.01306	0.01507	0.08776	0.04273	0.08681	0.01703	0.00863	0.00965	0.00703	0.00462	0.00364	0.00135	0.00496	0.00332	0.00284	0.00623
63	0.10142	0.56467	0.15983	0.00933	0.01393	0.01696	0.00985	0.05078	0.01050	0.01427	0.00742	0.00852	0.00629	0.00440	0.00349	0.00121	0.00546	0.00289	0.00233	0.00647
64	0.01307	0.81259	0.04278	0.00853	0.01280	0.01927	0.00862	0.01473	0.00999	0.01165	0.00688	0.00794	0.00630	0.00421	0.00319	0.00106	0.00530	0.00265	0.00210	0.00633
65	0.01019	0.00873	0.01019	0.00728	0.01165	0.00655	0.00582	0.01237	0.01019	0.01601	0.00873	0.01019	0.00728	0.00364	0.00364	0.00073	0.00364	0.00291	0.00291	0.85734
66	0.01186	0.00875	0.01098	0.00929	0.07514	0.00697	0.00671	0.01407	0.01099	0.12581	0.04714	0.01251	0.00984	0.00434	0.00402	0.00094	0.00383	0.00359	0.00343	0.62980
67	0.00589	0.00497	0.00510	0.00510	0.00670	0.00418	0.00381	0.00720	0.01135	0.01370	0.09980	0.06179	0.72898	0.01234	0.00582	0.00166	0.00248	0.01034	0.00462	0.00418
68	0.01565	0.01014	0.01385	0.03017	0.22716	0.01001	0.00961	0.07413	0.16925	0.27776	0.01489	0.01470	0.01065	0.00544	0.00479	0.00145	0.00465	0.00465	0.00438	0.09664
69	0.00609	0.00432	0.00567	0.00671	0.00697	0.00406	0.00442	0.00687	0.00921	0.01228	0.02607	0.75488	0.03122	0.08634	0.00791	0.00224	0.00302	0.01337	0.00442	0.00390
70	0.02092	0.00811	0.01104	0.00855	0.01216	0.00703	0.00703	0.02286	0.01405	0.74188	0.07713	0.01822	0.01471	0.00638	0.00501	0.00152	0.00404	0.00524	0.00603	0.00809
71	0.01214	0.01175	0.02037	0.02972	0.76044	0.01171	0.05094	0.01511	0.01121	0.01604	0.00928	0.01221	0.00777	0.00437	0.00491	0.00147	0.00595	0.00445	0.00244	0.00773
72	0.00696	0.00502	0.00657	0.00618	0.00734	0.00464	0.00464	0.00927	0.01391	0.01971	0.79405	0.03671	0.04637	0.01005	0.00580	0.00155	0.00232	0.00889	0.00541	0.00464
73	0.01314	0.83025	0.02575	0.00841	0.01261	0.01945	0.00841	0.01472	0.00999	0.01156	0.00683	0.00788	0.00631	0.00420	0.00315	0.00105	0.00526	0.00263	0.00210	0.00631
74	0.00916	0.00458	0.00458	0.00458	0.00573	0.00458	0.00344	0.01145	0.01031	0.01832	0.01603	0.01832	0.01260	0.00573	0.00344	0.00115	0.00229	0.00458	0.85457	0.00458
75	0.01222	0.01056	0.01111	0.01000	0.01278	0.01222	0.00778	0.02611	0.78776	0.02056	0.02000	0.01833	0.01500	0.00667	0.00500	0.00167	0.00389	0.00556	0.00500	0.00778
76	0.01078	0.02420	0.71968	0.01372	0.02064	0.01181	0.01724	0.09537	0.01170	0.01717	0.00913	0.01052	0.00645	0.00480	0.00469	0.00155	0.00707	0.00371	0.00237	0.00738

[dist]
# distance from previous block
# <min> <max>
0	1

[block]
# block no. 1 follows, 51 sequences, length 64
# corresponding to MSA columns:
# 90-153
name=unknown_B
#
# <colnr> <probs for GDERKNQSTAVLIFYWHMCP>
#	G	D	E	R	K	N	Q	S	T	A	V	L	I	F	Y	W	H	M	C	P
0	0.32379	0.00848	0.00934	0.00759	0.01094	0.00833	0.00623	0.01905	0.01176	0.45103	0.01750	0.01622	0.07754	0.00609	0.00433	0.00153	0.00390	0.00459	0.00485	0.00690
1	0.86201	0.00950	0.00722	0.00646	0.00950	0.01102	0.00532	0.01445	0.00836	0.02205	0.00684	0.00798	0.00532	0.00456	0.00304	0.00152	0.00380	0.00266	0.00304	0.00532
2	0.01216	0.01168	0.01995	0.03016	0.79664	0.01168	0.01508	0.01508	0.01119	0.01605	0.00924	0.01216	0.00778	0.00438	0.00487	0.00146	0.00584	0.00438	0.00243	0.00778
3	0.01079	0.25512	0.58034	0.01241	0.01880	0.01371	0.01537	0.01532	0.01026	0.01442	0.00825	0.00966	0.00625	0.00454	0.00424	0.00141	0.00669	0.00334	0.00208	0.00699
4	0.01132	0.00969	0.01020	0.00921	0.01182	0.01094	0.00715	0.04087	0.63879	0.01972	0.04107	0.02283	0.12989	0.00757	0.00513	0.00166	0.00369	0.00631	0.00494	0.00719
5	0.00916	0.00458	0.00458	0.00458	0.00573	0.00458	0.00344	0.01145	0.01031	0.01832	0.01603	0.01832	0.01260	0.00573	0.00344	0.00115	0.00229	0.00458	0.85457	0.00458
6	0.09897	0.01835	0.01361	0.01154	0.01467	0.42411	0.00904	0.31429	0.01696	0.02033	0.00915	0.00992	0.00702	0.00534	0.00449	0.00137	0.00704	0.00361	0.00351	0.00669
7	0.01273	0.01186	0.01950	0.02853	0.72889	0.01199	0.01458	0.08143	0.01222	0.01735	0.00947	0.01213	0.00783	0.00451	0.00487	0.00146	0.00580	0.00438	0.00265	0.00783
8	0.00708	0.00498	0.00644	0.00640	0.00684	0.00528	0.00433	0.00795	0.00802	0.01113	0.08210	0.02763	0.01820	0.45387	0.32299	0.00568	0.00777	0.00658	0.00306	0.00366
9	0.13673	0.01315	0.01429	0.01102	0.01487	0.01453	0.04108	0.64069	0.02055	0.02908	0.01103	0.01132	0.00789	0.00564	0.00469	0.00149	0.00530	0.00423	0.00455	0.00786
10	0.00696	0.00502	0.00657	0.00618	0.00734	0.00464	0.00464	0.00927	0.01391	0.01971	0.79405	0.03671	0.04637	0.01005	0.00580	0.00155	0.00232	0.00889	0.00541	0.00464
11	0.01819	0.01476	0.01439	0.01139	0.01506	0.11508	0.00925	0.63139	0.07550	0.02785	0.01184	0.01189	0.00857	0.00585	0.00486	0.00146	0.00574	0.00434	0.00462	0.00798
12	0.86201	0.00950	0.00722	0.00646	0.00950	0.01102	0.00532	0.01445	0.00836	0.02205	0.00684	0.00798	0.00532	0.00456	0.00304	0.00152	0.00380	0.00266	0.00304	0.00532
13	0.00702	0.00527	0.00790	0.00790	0.00878	0.00614	0.00614	0.00878	0.00790	0.01141	0.01316	0.01931	0.01229	0.03686	0.80782	0.00790	0.01316	0.00527	0.00263	0.00439
14	0.01019	0.00873	0.01019	0.00728	0.01165	0.00655	0.00582	0.01237	0.01019	0.01601	0.00873	0.01019	0.00728	0.00364	0.00364	0.00073	0.00364	0.00291	0.00291	0.85734
15	0.01222	0.01056	0.01111	0.01000	0.01278	0.01222	0.00778	0.02611	0.78776	0.02056	0.02000	0.01833	0.01500	0.00667	0.00500	0.00167	0.00389	0.00556	0.00500	0.00778
16	0.00599	0.00428	0.00570	0.00684	0.00713	0.00399	0.00456	0.00684	0.00941	0.01254	0.02709	0.82409	0.03250	0.01540	0.00627	0.00200	0.00285	0.01397	0.00456	0.00399
17	0.01216	0.01168	0.01995	0.03016	0.79664	0.01168	0.01508	0.01508	0.01119	0.01605	0.00924	0.01216	0.00778	0.00438	0.00487	0.00146	0.00584	0.00438	0.00243	0.00778
18	0.00602	0.00499	0.00527	0.00520	0.00677	0.00424	0.00390	0.00746	0.01170	0.01447	0.18746	0.04534	0.65623	0.01200	0.00581	0.00164	0.00246	0.01010	0.00472	0.00424
19	0.00715	0.00476	0.00536	0.00536	0.00536	0.00476	0.00298	0.00715	0.00715	0.00953	0.01548	0.03216	0.01787	0.82729	0.02501	0.00476	0.00476	0.00715	0.00298	0.00298
20	0.01077	0.01026	0.01744	0.40837	0.42928	0.01131	0.01439	0.01387	0.01053	0.01437	0.00900	0.01262	0.00719	0.00464	0.00489	0.00155	0.00618	0.00437	0.00231	0.00666
21	0.20709	0.01723	0.02966	0.01321	0.01639	0.38308	0.19198	0.01705	0.01172	0.01523	0.00795	0.00983	0.00637	0.00491	0.00505	0.00147	0.04958	0.00375	0.00261	0.00584
22	0.40941	0.33434	0.05150	0.00806	0.01180	0.03359	0.00751	0.06836	0.01026	0.01801	0.00729	0.00834	0.00599	0.00453	0.00332	0.00133	0.00477	0.00283	0.00275	0.00602
23	0.01068	0.04571	0.71563	0.01363	0.02054	0.01194	0.01716	0.07937	0.01143	0.01674	0.00902	0.01043	0.00641	0.00476	0.00465	0.00154	0.00705	0.00367	0.00231	0.00733
24	0.00752	0.00592	0.00675	0.00647	0.00749	0.04766	0.00468	0.00938	0.01273	0.01748	0.59796	0.08978	0.03958	0.11533	0.00823	0.00198	0.00302	0.00871	0.00488	0.00444
25	0.01823	0.01350	0.01450	0.01109	0.01505	0.01477	0.00915	0.73908	0.02241	0.03017	0.01163	0.01171	0.00830	0.00578	0.00485	0.00143	0.00531	0.00434	0.00481	0.05388
26	0.01294	0.01263	0.02673	0.01917	0.02399	0.01176	0.67949	0.01680	0.01192	0.11668	0.01116	0.01370	0.00806	0.00439	0.00569	0.00164	0.00776	0.00569	0.00295	0.00685
27	0.01205	0.56425	0.28225	0.01026	0.01547	0.01679	0.01163	0.01500	0.01011	0.01288	0.00749	0.00871	0.00628	0.00436	0.00365	0.00122	0.00592	0.00296	0.00209	0.00662
28	0.00702	0.00527	0.00790	0.00790	0.00878	0.00614	0.00614	0.00878	0.00790	0.01141	0.01316	0.01931	0.01229	0.03686	0.80782	0.00790	0.01316	0.00527	0.00263	0.00439
29	0.01841	0.02190	0.01406	0.01245	0.01520	0.68259	0.00947	0.13960	0.01537	0.01502	0.00826	0.00933	0.00665	0.00520	0.00451	0.00130	0.00832	0.00336	0.00291	0.00612
30	0.86201	0.00950	0.00722	0.00646	0.00950	0.01102	0.00532	0.01445	0.00836	0.02205	0.00684	0.00798	0.00532	0.00456	0.00304	0.00152	0.00380	0.00266	0.00304	0.00532
31	0.01019	0.00873	0.01019	0.00728	0.01165	0.00655	0.00582	0.01237	0.01019	0.01601	0.00873	0.01019	0.00728	0.00364	0.00364	0.00073	0.00364	0.00291	0.00291	0.85734
32	0.00928	0.00873	0.01474	0.81548	0.03385	0.01092	0.01365	0.01256	0.00983	0.01256	0.00873	0.01310	0.00655	0.00491	0.00491	0.00164	0.00655	0.00437	0.00218	0.00546
33	0.01008	0.04322	0.71664	0.01446	0.02145	0.01169	0.08388	0.01556	0.01047	0.01548	0.00887	0.01057	0.00633	0.00461	0.00473	0.00155	0.00730	0.00380	0.00211	0.00719
34	0.02205	0.00836	0.01140	0.00874	0.01254	0.00722	0.00722	0.02395	0.01407	0.80004	0.01939	0.01673	0.01216	0.00608	0.00494	0.00152	0.00418	0.00494	0.00608	0.00836
35	0.01703	0.08629	0.01379	0.01057	0.01371	0.30548	0.00842	0.16959	0.10795	0.14575	0.01448	0.01424	0.05931	0.00599	0.00466	0.00140	0.00610	0.00441	0.00397	0.00686
36	0.86201	0.00950	0.00722	0.00646	0.00950	0.01102	0.00532	0.01445	0.00836	0.02205	0.00684	0.00798	0.00532	0.00456	0.00304	0.00152	0.00380	0.00266	0.00304	0.00532
37	0.00581	0.00496	0.00500	0.00502	0.00665	0.00414	0.00375	0.00705	0.01116	0.01326	0.04924	0.06606	0.77624	0.01252	0.00582	0.00167	0.00250	0.01046	0.00456	0.00414
38	0.01640	0.00711	0.00959	0.00778	0.01060	0.00626	0.00626	0.01846	0.01401	0.50800	0.30931	0.02420	0.02497	0.00757	0.00526	0.00153	0.00348	0.00642	0.00583	0.00697
39	0.01216	0.01168	0.01995	0.03016	0.79664	0.01168	0.01508	0.01508	0.01119	0.01605	0.00924	0.01216	0.00778	0.00438	0.00487	0.00146	0.00584	0.00438	0.00243	0.00778
40	0.00702	0.00525	0.00783	0.00783	0.00869	0.00611	0.00606	0.00873	0.00788	0.01136	0.01322	0.01963	0.01243	0.05678	0.78809	0.00782	0.01295	0.00531	0.00264	0.00435
41	0.00792	0.00566	0.00792	0.00905	0.01018	0.00566	0.00792	0.01018	0.01131	0.01471	0.02602	0.05543	0.02828	0.01358	0.00679	0.00226	0.00453	0.76356	0.00453	0.00453
42	0.01041	0.00988	0.01678	0.50844	0.33208	0.01121	0.01421	0.01354	0.01036	0.01392	0.00893	0.01273	0.00703	0.00470	0.00489	0.00157	0.00627	0.00437	0.00228	0.00637
43	0.02080	0.01037	0.01264	0.00969	0.01354	0.01020	0.00801	0.30438	0.01742	0.51488	0.01657	0.01490	0.01075	0.00601	0.00493	0.00150	0.00464	0.00475	0.00565	0.00836
44	0.01013	0.01095	0.02191	0.01741	0.08754	0.01019	0.50929	0.01341	0.01146	0.01512	0.02033	0.02209	0.21395	0.00634	0.00572	0.00164	0.00655	0.00688	0.00303	0.00608
45	0.00718	0.00526	0.00676	0.00634	0.00757	0.00496	0.00477	0.00998	0.04640	0.01974	0.76155	0.03594	0.04505	0.00990	0.00576	0.00155	0.00238	0.00875	0.00539	0.00477
46	0.86201	0.00950	0.00722	0.00646	0.00950	0.01102	0.00532	0.01445	0.00836	0.02205	0.00684	0.00798	0.00532	0.00456	0.00304	0.00152	0.00380	0.00266	0.00304	0.00532
47	0.01019	0.00873	0.01019	0.00728	0.01165	0.00655	0.00582	0.01237	0.01019	0.01601	0.00873	0.01019	0.00728	0.00364	0.00364	0.00073	0.00364	0.00291	0.00291	0.85734
48	0.02187	0.00865	0.01158	0.00888	0.01269	0.00765	0.00734	0.06450	0.01455	0.75880	0.01898	0.01646	0.01196	0.00607	0.00494	0.00152	0.00425	0.00491	0.00602	0.00836
49	0.01868	0.01376	0.01475	0.01131	0.01524	0.01524	0.00934	0.78025	0.02311	0.03097	0.01180	0.01180	0.00836	0.00590	0.00492	0.00147	0.00541	0.00442	0.00492	0.00836
50	0.01154	0.01104	0.01882	0.19990	0.63177	0.01151	0.01477	0.01454	0.01090	0.01530	0.00913	0.01237	0.00752	0.00449	0.00488	0.00150	0.00599	0.00438	0.00238	0.00728
51	0.01264	0.31130	0.08913	0.01114	0.01451	0.15764	0.07862	0.01577	0.07992	0.01342	0.02279	0.08117	0.01010	0.00605	0.00534	0.00143	0.07557	0.00459	0.00274	0.00614
52	0.00631	0.00464	0.00577	0.00621	0.00694	0.00425	0.00430	0.00753	0.01069	0.01426	0.22787	0.41410	0.17050	0.08389	0.00769	0.00206	0.00282	0.01143	0.00464	0.00410
53	0.03163	0.00909	0.01194	0.24283	0.12289	0.05953	0.00954	0.09817	0.01159	0.01532	0.01610	0.28702	0.03321	0.00872	0.00549	0.00170	0.01856	0.00763	0.00343	0.00559
54	0.01435	0.01434	0.13645	0.01116	0.01506	0.03056	0.01001	0.29979	0.36970	0.02339	0.01498	0.01449	0.01101	0.00604	0.00491	0.00157	0.00508	0.00479	0.00446	0.00786
55	0.00707	0.00546	0.00734	0.00820	0.07564	0.00506	0.00539	0.00902	0.01248	0.01718	0.48068	0.17355	0.15271	0.01085	0.00580	0.00163	0.00274	0.00961	0.00488	0.00472
56	0.01483	0.20404	0.30961	0.01079	0.01593	0.01223	0.01170	0.08395	0.01253	0.24235	0.02904	0.01234	0.00903	0.00520	0.00445	0.00142	0.00564	0.00396	0.00356	0.00740
57	0.01408	0.10644	0.38322	0.01220	0.01771	0.01109	0.07935	0.03572	0.01189	0.24504	0.02897	0.01282	0.00900	0.00513	0.00471	0.00150	0.00608	0.00423	0.00342	0.00739
58	0.00649	0.00460	0.00589	0.00646	0.00680	0.00455	0.00427	0.00723	0.00856	0.01148	0.02241	0.42956	0.05669	0.26977	0.12865	0.00370	0.00493	0.01044	0.00379	0.00374
59	0.01379	0.07093	0.37423	0.01187	0.02907	0.07735	0.01261	0.01884	0.10611	0.19411	0.03534	0.01330	0.00986	0.00539	0.00469	0.00150	0.00599	0.00422	0.00349	0.00731
60	0.01534	0.02883	0.01738	0.02244	0.50614	0.01099	0.01238	0.08375	0.01295	0.22288	0.01207	0.01323	0.00895	0.00495	0.00485	0.00147	0.00535	0.00449	0.00360	0.00795
61	0.00843	0.00510	0.00599	0.00576	0.00613	0.00504	0.00348	0.00867	0.00778	0.07815	0.01573	0.03028	0.01714	0.72290	0.05614	0.00461	0.00507	0.00688	0.00323	0.00350
62	0.00600	0.00435	0.00563	0.00665	0.00704	0.00402	0.00445	0.00687	0.00951	0.01254	0.02878	0.73791	0.09824	0.03444	0.00668	0.00203	0.00287	0.01350	0.00452	0.00398
63	0.03653	0.33330	0.08906	0.01603	0.23694	0.03407	0.04353	0.10831	0.03056	0.01623	0.00875	0.01029	0.00720	0.00459	0.00417	0.00132	0.00575	0.00365	0.00266	0.00707

[dist]
# distance from previous block
# <min> <max>
0	1

[block]
# block no. 2 follows, 51 sequences, length 12
# corresponding to MSA columns:
# 155-166
name=unknown_C
#
# <colnr> <probs for GDERKNQSTAVLIFYWHMCP>
#	G	D	E	R	K	N	Q	S	T	A	V	L	I	F	Y	W	H	M	C	P
0	0.01069	0.00756	0.00887	0.00806	0.01006	0.00790	0.00618	0.04868	0.28194	0.09902	0.32120	0.12265	0.02874	0.00895	0.00545	0.00164	0.00325	0.00776	0.00521	0.00618
1	0.01274	0.01251	0.02265	0.02440	0.41782	0.01238	0.29587	0.10803	0.01278	0.01775	0.00981	0.01252	0.00773	0.00448	0.00522	0.00153	0.00669	0.00491	0.00275	0.00743
2	0.01135	0.39070	0.44960	0.01147	0.01734	0.01506	0.01373	0.01518	0.01020	0.01375	0.00792	0.00924	0.00626	0.00446	0.00398	0.00133	0.00635	0.00318	0.00209	0.00683
3	0.07369	0.01049	0.01043	0.00942	0.01201	0.05359	0.00731	0.02288	0.59612	0.02011	0.11216	0.01930	0.01764	0.00684	0.00492	0.00162	0.00396	0.00562	0.00478	0.00711
4	0.01430	0.01069	0.01153	0.00969	0.01278	0.01175	0.00773	0.25825	0.38938	0.08980	0.02100	0.01967	0.10715	0.00708	0.00507	0.00159	0.00422	0.00573	0.00501	0.00757
5	0.00639	0.00484	0.00590	0.00597	0.00708	0.00434	0.00435	0.00806	0.01208	0.01616	0.39768	0.21796	0.26734	0.01197	0.00591	0.00168	0.00249	0.01048	0.00496	0.00434
6	0.00679	0.00478	0.00573	0.00581	0.00632	0.00455	0.00378	0.00770	0.00979	0.01326	0.24477	0.16467	0.09067	0.39301	0.01485	0.00313	0.00356	0.00903	0.00407	0.00372
7	0.86201	0.00950	0.00722	0.00646	0.00950	0.01102	0.00532	0.01445	0.00836	0.02205	0.00684	0.00798	0.00532	0.00456	0.00304	0.00152	0.00380	0.00266	0.00304	0.00532
8	0.00736	0.00535	0.00678	0.00668	0.00742	0.00567	0.00472	0.03981	0.00870	0.01178	0.01898	0.05959	0.10984	0.33196	0.34792	0.00545	0.00794	0.00691	0.00317	0.00397
9	0.00715	0.00476	0.00536	0.00536	0.00536	0.00476	0.00298	0.00715	0.00715	0.00953	0.01548	0.03216	0.01787	0.82729	0.02501	0.00476	0.00476	0.00715	0.00298	0.00298
10	0.01249	0.01799	0.36676	0.01539	0.09553	0.01190	0.12884	0.18211	0.01373	0.04451	0.05502	0.01301	0.00952	0.00518	0.00498	0.00154	0.00649	0.00455	0.00311	0.00734
11	0.01302	0.32168	0.05529	0.01956	0.39717	0.01492	0.01218	0.08347	0.01177	0.01567	0.00854	0.01044	0.00721	0.00446	0.00421	0.00131	0.00564	0.00369	0.00251	0.00725

[dist]
# distance from previous block
# <min> <max>
0	2

[block]
# block no. 3 follows, 51 sequences, length 33
# corresponding to MSA columns:
# 169-201
name=unknown_D
#
# <colnr> <probs for GDERKNQSTAVLIFYWHMCP>
#	G	D	E	R	K	N	Q	S	T	A	V	L	I	F	Y	W	H	M	C	P
0	0.01341	0.42076	0.28210	0.01048	0.01562	0.03013	0.01156	0.03912	0.01109	0.11083	0.00921	0.00994	0.00706	0.00466	0.00396	0.00129	0.00587	0.00331	0.00268	0.00693
1	0.01729	0.01284	0.01384	0.01080	0.01443	0.01417	0.00885	0.66665	0.07392	0.02935	0.07601	0.01427	0.01190	0.00629	0.00499	0.00149	0.00505	0.00486	0.00496	0.00802
2	0.01344	0.36251	0.04363	0.01593	0.25760	0.03907	0.03524	0.04482	0.01132	0.06484	0.00889	0.01036	0.00732	0.00444	0.00407	0.00124	0.00553	0.00356	0.00265	0.06354
3	0.00599	0.00428	0.00570	0.00684	0.00713	0.00399	0.00456	0.00684	0.00941	0.01254	0.02709	0.82409	0.03250	0.01540	0.00627	0.00200	0.00285	0.01397	0.00456	0.00399
4	0.01681	0.01029	0.01699	0.01878	0.32761	0.00965	0.10563	0.01939	0.01261	0.38981	0.01417	0.01447	0.00983	0.00516	0.00502	0.00151	0.00535	0.00482	0.00418	0.00792
5	0.24743	0.01105	0.01472	0.01872	0.38590	0.01167	0.01074	0.11061	0.05726	0.07190	0.01020	0.01163	0.00789	0.00486	0.00438	0.00149	0.00500	0.00402	0.00330	0.00722
6	0.00795	0.00626	0.00735	0.00707	0.00855	0.00633	0.00528	0.01274	0.20215	0.01801	0.39402	0.15360	0.13086	0.01034	0.00568	0.00166	0.00281	0.00903	0.00507	0.00525
7	0.00714	0.00478	0.00544	0.00544	0.00546	0.00481	0.00307	0.00720	0.00717	0.00959	0.01541	0.03177	0.01770	0.80356	0.04851	0.00486	0.00502	0.00709	0.00297	0.00302
8	0.00629	0.00572	0.05864	0.00729	0.00808	0.00451	0.00547	0.00753	0.00968	0.01307	0.06115	0.73380	0.03139	0.01444	0.00614	0.00195	0.00312	0.01305	0.00444	0.00424
9	0.01216	0.01168	0.01995	0.03016	0.79664	0.01168	0.01508	0.01508	0.01119	0.01605	0.00924	0.01216	0.00778	0.00438	0.00487	0.00146	0.00584	0.00438	0.00243	0.00778
10	0.00894	0.00541	0.00712	0.00679	0.00761	0.00562	0.00477	0.00987	0.00830	0.10788	0.01504	0.02512	0.01493	0.40992	0.33546	0.00562	0.00805	0.00612	0.00322	0.00421
11	0.02205	0.00836	0.01140	0.00874	0.01254	0.00722	0.00722	0.02395	0.01407	0.80004	0.01939	0.01673	0.01216	0.00608	0.00494	0.00152	0.00418	0.00494	0.00608	0.00836
12	0.03205	0.75828	0.07690	0.00874	0.01312	0.01872	0.00899	0.01477	0.00997	0.01206	0.00696	0.00805	0.00628	0.00424	0.00325	0.00110	0.00536	0.00270	0.00212	0.00635
13	0.01313	0.01147	0.01735	0.02345	0.53542	0.01179	0.01271	0.19642	0.01386	0.01927	0.01155	0.08944	0.01028	0.00579	0.00501	0.00151	0.00545	0.00530	0.00323	0.00756
14	0.01382	0.01646	0.01753	0.01431	0.01727	0.39008	0.26507	0.01603	0.01219	0.01329	0.01115	0.11167	0.01033	0.00815	0.05850	0.00193	0.00821	0.00552	0.00277	0.00571
15	0.00928	0.00873	0.01474	0.81548	0.03385	0.01092	0.01365	0.01256	0.00983	0.01256	0.00873	0.01310	0.00655	0.00491	0.00491	0.00164	0.00655	0.00437	0.00218	0.00546
16	0.00986	0.02542	0.80183	0.01401	0.02127	0.01141	0.01816	0.01556	0.01038	0.01556	0.00882	0.01038	0.00623	0.00467	0.00467	0.00156	0.00726	0.00363	0.00208	0.00726
17	0.01235	0.01131	0.01820	0.19523	0.53757	0.01195	0.01407	0.10902	0.01237	0.01715	0.00945	0.01232	0.00759	0.00468	0.00488	0.00150	0.00594	0.00438	0.00269	0.00736
18	0.00715	0.00564	0.00865	0.00830	0.00927	0.00599	0.05688	0.00881	0.00925	0.01297	0.11300	0.23727	0.02164	0.05415	0.38932	0.00484	0.03084	0.00813	0.00348	0.00444
19	0.01044	0.00936	0.01474	0.71619	0.03155	0.01145	0.01312	0.10734	0.01147	0.01483	0.00911	0.01294	0.00677	0.00503	0.00491	0.00162	0.00641	0.00437	0.00252	0.00582
20	0.00715	0.00476	0.00536	0.00536	0.00536	0.00476	0.00298	0.00715	0.00715	0.00953	0.01548	0.03216	0.01787	0.82729	0.02501	0.00476	0.00476	0.00715	0.00298	0.00298
21	0.78197	0.00940	0.00762	0.00668	0.00979	0.01066	0.00550	0.01535	0.00891	0.09618	0.00804	0.00882	0.00597	0.00471	0.00322	0.00152	0.00384	0.00288	0.00333	0.00561
22	0.01075	0.01075	0.01505	0.01290	0.01290	0.01505	0.01075	0.01183	0.00753	0.01183	0.00645	0.01075	0.00645	0.00860	0.01613	0.00215	0.81830	0.00430	0.00215	0.00538
23	0.01611	0.01213	0.01310	0.01045	0.01383	0.01340	0.00849	0.55337	0.15550	0.02776	0.10981	0.01602	0.01421	0.00655	0.00504	0.00152	0.00476	0.00517	0.00499	0.00780
24	0.01603	0.04758	0.05213	0.01056	0.01399	0.06450	0.00882	0.50269	0.08435	0.02466	0.01233	0.01445	0.00978	0.10719	0.00729	0.00187	0.00551	0.00466	0.00428	0.00733
25	0.01570	0.25781	0.10027	0.00943	0.01322	0.12118	0.00874	0.01788	0.01241	0.27508	0.10852	0.01478	0.01319	0.00572	0.00441	0.00135	0.00525	0.00435	0.00389	0.00680
26	0.01413	0.01215	0.10330	0.01506	0.17460	0.02787	0.11087	0.02952	0.02752	0.21619	0.01197	0.01284	0.00868	0.00472	0.00468	0.00134	0.00539	0.00427	0.00354	0.21134
27	0.01384	0.36605	0.26267	0.01023	0.01530	0.01392	0.01111	0.03438	0.01121	0.16562	0.01007	0.01056	0.00750	0.00472	0.00403	0.00129	0.00560	0.00344	0.00296	0.04551
28	0.00783	0.00524	0.00672	0.00622	0.00761	0.00476	0.00471	0.01001	0.01363	0.07086	0.66141	0.03654	0.12570	0.01004	0.00574	0.00156	0.00246	0.00879	0.00536	0.00483
29	0.00755	0.00545	0.00682	0.00739	0.00813	0.00538	0.00515	0.10233	0.01110	0.01482	0.02520	0.72380	0.02952	0.01422	0.00610	0.00193	0.00317	0.01279	0.00461	0.00453
30	0.01279	0.27762	0.27770	0.01557	0.20609	0.01359	0.01310	0.01609	0.01085	0.09956	0.00943	0.01070	0.00728	0.00460	0.00426	0.00137	0.00594	0.00363	0.00261	0.00720
31	0.01168	0.01102	0.01875	0.02600	0.62391	0.01096	0.06506	0.03728	0.01191	0.01693	0.10626	0.01526	0.01254	0.00511	0.00504	0.00148	0.00556	0.00503	0.00288	0.00733
32	0.01091	0.01005	0.01850	0.01414	0.01739	0.03263	0.38085	0.02987	0.01126	0.07469	0.07598	0.01815	0.04144	0.01401	0.22326	0.00332	0.00856	0.00590	0.00316	0.00591

[dist]
# distance from previous block
# <min> <max>
0	13

[block]
# block no. 4 follows, 51 sequences, length 28
# corresponding to MSA columns:
# 215-242
name=unknown_E
#
# <colnr> <probs for GDERKNQSTAVLIFYWHMCP>
#	G	D	E	R	K	N	Q	S	T	A	V	L	I	F	Y	W	H	M	C	P
0	0.71876	0.02310	0.00768	0.00662	0.00948	0.01054	0.00542	0.02718	0.02564	0.02173	0.09607	0.01151	0.01023	0.00524	0.00343	0.00152	0.00369	0.00345	0.00337	0.00536
1	0.01122	0.03499	0.59627	0.01317	0.01908	0.10111	0.01565	0.01583	0.01081	0.04435	0.02923	0.01132	0.00765	0.00587	0.02501	0.00170	0.04366	0.00382	0.00238	0.00689
2	0.01294	0.01074	0.01174	0.01086	0.05004	0.01218	0.00805	0.14910	0.56990	0.02130	0.01782	0.01792	0.01376	0.06348	0.00637	0.00184	0.00429	0.00542	0.00472	0.00754
3	0.01373	0.62711	0.08974	0.00959	0.01378	0.15037	0.00942	0.01561	0.01068	0.01198	0.00713	0.00826	0.00630	0.00439	0.00350	0.00113	0.00603	0.00280	0.00217	0.00629
4	0.01769	0.01090	0.01392	0.01497	0.22420	0.09882	0.01914	0.03636	0.01337	0.41864	0.05391	0.01606	0.02762	0.00580	0.00493	0.00148	0.00511	0.00489	0.00456	0.00762
5	0.00610	0.00499	0.00538	0.00528	0.00682	0.00427	0.00396	0.00761	0.01189	0.01490	0.23814	0.04462	0.60527	0.01184	0.00581	0.00163	0.00245	0.01000	0.00478	0.00427
6	0.00656	0.00478	0.00631	0.00657	0.00736	0.00460	0.00471	0.00812	0.01101	0.01518	0.33441	0.31754	0.07650	0.04790	0.12246	0.00276	0.00418	0.01020	0.00456	0.00428
7	0.00868	0.00629	0.00764	0.00768	0.00880	0.00635	0.00554	0.16433	0.01270	0.01710	0.11056	0.57009	0.02916	0.01286	0.00594	0.00184	0.00331	0.01146	0.00473	0.00495
8	0.00665	0.00495	0.00578	0.00564	0.00662	0.00458	0.00395	0.00795	0.01089	0.01445	0.30571	0.03804	0.27439	0.24121	0.04583	0.00276	0.00353	0.00871	0.00434	0.00401
9	0.00947	0.00873	0.01381	0.65120	0.02933	0.01003	0.01206	0.01252	0.00990	0.01326	0.00873	0.01251	0.00670	0.00465	0.00465	0.00145	0.00596	0.00407	0.00233	0.17862
10	0.01781	0.00765	0.00985	0.00770	0.01104	0.00659	0.00626	0.01983	0.01277	0.53388	0.01725	0.01616	0.01158	0.00568	0.00446	0.00134	0.00372	0.00459	0.17812	0.12374
11	0.01204	0.01016	0.01318	0.14020	0.12321	0.00971	0.00905	0.16886	0.01289	0.01851	0.00943	0.01125	0.00745	0.00440	0.00427	0.00112	0.00476	0.00365	0.00314	0.43271
12	0.01350	0.01241	0.01888	0.01460	0.01724	0.01437	0.22655	0.25587	0.01360	0.01898	0.00912	0.01179	0.00734	0.00649	0.00967	0.00180	0.33324	0.00476	0.00312	0.00667
13	0.00800	0.00540	0.00699	0.00732	0.00799	0.00544	0.00513	0.09417	0.01026	0.01375	0.02082	0.52366	0.02379	0.01584	0.05283	0.17606	0.00399	0.01044	0.00400	0.00413
14	0.01606	0.01024	0.01155	0.00904	0.01256	0.03752	0.00734	0.23055	0.04214	0.25916	0.01776	0.01708	0.09816	0.00631	0.00508	0.00138	0.02823	0.00494	0.00466	0.18025
15	0.01711	0.02081	0.01335	0.01212	0.01470	0.64590	0.00915	0.02094	0.17122	0.01376	0.01012	0.01079	0.00809	0.00539	0.00455	0.00135	0.00785	0.00365	0.00303	0.00612
16	0.01342	0.01406	0.01872	0.02661	0.63780	0.17345	0.01395	0.01600	0.01175	0.01524	0.00891	0.01149	0.00749	0.00452	0.00478	0.00142	0.00645	0.00413	0.00245	0.00736
17	0.00949	0.00659	0.00727	0.00657	0.00737	0.00689	0.00427	0.16429	0.01039	0.01389	0.01473	0.02802	0.01593	0.66033	0.02093	0.00410	0.00490	0.00659	0.00337	0.00407
18	0.01165	0.02305	0.64184	0.01346	0.02004	0.01219	0.01636	0.17100	0.01296	0.01869	0.00942	0.01066	0.00666	0.00492	0.00472	0.00154	0.00689	0.00379	0.00265	0.00749
19	0.01215	0.05169	0.15948	0.17364	0.01867	0.01053	0.01051	0.14991	0.01261	0.05452	0.00970	0.01130	0.00731	0.00463	0.00435	0.00125	0.00532	0.00369	0.00307	0.29566
20	0.01584	0.20749	0.01641	0.01024	0.01395	0.01534	0.00869	0.39710	0.20744	0.03965	0.01278	0.01257	0.00958	0.00569	0.00452	0.00142	0.00497	0.00428	0.00429	0.00773
21	0.00943	0.00782	0.00791	0.00754	0.00891	0.05732	0.00537	0.07511	0.17268	0.01512	0.04193	0.18932	0.12632	0.24021	0.01098	0.00256	0.00413	0.00822	0.00413	0.00500
22	0.01076	0.00715	0.00840	0.00727	0.00937	0.00696	0.00568	0.16709	0.01507	0.10847	0.36216	0.05446	0.19854	0.00944	0.00554	0.00157	0.00321	0.00801	0.00518	0.00569
23	0.01469	0.01200	0.01820	0.02320	0.50273	0.02626	0.04511	0.17173	0.01400	0.10750	0.01091	0.01259	0.00836	0.00488	0.00492	0.00147	0.00572	0.00449	0.00335	0.00788
24	0.00948	0.00665	0.00755	0.00686	0.00775	0.00705	0.00463	0.16448	0.01048	0.01410	0.01447	0.02657	0.01530	0.57110	0.10930	0.00445	0.00584	0.00638	0.00333	0.00423
25	0.01102	0.07545	0.48024	0.17613	0.02234	0.01231	0.01532	0.10148	0.03096	0.01654	0.00928	0.01112	0.00676	0.00488	0.00465	0.00153	0.00669	0.00385	0.00249	0.00697
26	0.65194	0.00934	0.00834	0.00709	0.01032	0.01025	0.00584	0.03363	0.00999	0.19945	0.00981	0.01006	0.00695	0.00494	0.00352	0.00152	0.00392	0.00322	0.00378	0.00608
27	0.01444	0.02315	0.05332	0.17649	0.09393	0.10244	0.01083	0.24149	0.16862	0.04788	0.01214	0.01312	0.00903	0.00554	0.00484	0.00152	0.00582	0.00445	0.00374	0.00722

[dist]
# distance from previous block
# <min> <max>
1	5

[block]
# block no. 5 follows, 51 sequences, length 6
# corresponding to MSA columns:
# 248-253
name=unknown_F
#
# <colnr> <probs for GDERKNQSTAVLIFYWHMCP>
#	G	D	E	R	K	N	Q	S	T	A	V	L	I	F	Y	W	H	M	C	P
0	0.23420	0.04893	0.01137	0.03757	0.03993	0.03924	0.00750	0.16717	0.16989	0.08234	0.01644	0.01626	0.09695	0.00626	0.00445	0.00153	0.00443	0.00477	0.00410	0.00667
1	0.20623	0.11256	0.10974	0.00956	0.01325	0.01281	0.00868	0.08138	0.33230	0.04594	0.01334	0.01314	0.01003	0.00556	0.00428	0.00152	0.00458	0.00419	0.00387	0.00704
2	0.01054	0.00558	0.00674	0.00613	0.00699	0.00532	0.00394	0.01097	0.00872	0.18938	0.01637	0.02865	0.01657	0.64046	0.02045	0.00403	0.00463	0.00664	0.00368	0.00420
3	0.00816	0.19272	0.01068	0.00659	0.00844	0.00790	0.00538	0.01008	0.01239	0.01660	0.47431	0.08325	0.12699	0.00936	0.00523	0.00148	0.00304	0.00798	0.00450	0.00492
4	0.01219	0.01207	0.01807	0.02429	0.53718	0.05695	0.01344	0.01512	0.04763	0.01508	0.00903	0.01195	0.00774	0.00549	0.00741	0.00162	0.19076	0.00435	0.00250	0.00712
5	0.01157	0.10838	0.25814	0.01363	0.12749	0.01036	0.04748	0.04142	0.01119	0.11096	0.01426	0.19644	0.01330	0.00721	0.00498	0.00158	0.00543	0.00627	0.00330	0.00663

[dist]
# distance from previous block
# <min> <max>
0	1

[block]
# block no. 6 follows, 51 sequences, length 51
# corresponding to MSA columns:
# 255-305
name=unknown_G
#
# <colnr> <probs for GDERKNQSTAVLIFYWHMCP>
#	G	D	E	R	K	N	Q	S	T	A	V	L	I	F	Y	W	H	M	C	P
0	0.01794	0.02248	0.01446	0.01288	0.01546	0.73831	0.03377	0.03991	0.01392	0.01265	0.00775	0.00913	0.00642	0.00516	0.00482	0.00131	0.03194	0.00331	0.00258	0.00579
1	0.00741	0.00545	0.00648	0.00645	0.00683	0.02703	0.00427	0.00806	0.00759	0.01026	0.01445	0.02701	0.01559	0.52703	0.29973	0.00577	0.00783	0.00638	0.00284	0.00355
2	0.01075	0.01075	0.01505	0.01290	0.01290	0.01505	0.01075	0.01183	0.00753	0.01183	0.00645	0.01075	0.00645	0.00860	0.01613	0.00215	0.81830	0.00430	0.00215	0.00538
3	0.86201	0.00950	0.00722	0.00646	0.00950	0.01102	0.00532	0.01445	0.00836	0.02205	0.00684	0.00798	0.00532	0.00456	0.00304	0.00152	0.00380	0.00266	0.00304	0.00532
4	0.00599	0.00428	0.00570	0.00684	0.00713	0.00399	0.00456	0.00684	0.00941	0.01254	0.02709	0.82409	0.03250	0.01540	0.00627	0.00200	0.00285	0.01397	0.00456	0.00399
5	0.01115	0.00613	0.00804	0.00698	0.00890	0.00560	0.00543	0.03511	0.01421	0.21966	0.57346	0.03088	0.03653	0.00891	0.00555	0.00154	0.00288	0.00775	0.00557	0.00570
6	0.86201	0.00950	0.00722	0.00646	0.00950	0.01102	0.00532	0.01445	0.00836	0.02205	0.00684	0.00798	0.00532	0.00456	0.00304	0.00152	0.00380	0.00266	0.00304	0.00532
7	0.00931	0.00860	0.01208	0.01048	0.01103	0.01099	0.02424	0.01093	0.01007	0.01494	0.30961	0.02079	0.02183	0.00907	0.01194	0.00191	0.48758	0.00610	0.00341	0.00512
8	0.00928	0.00873	0.01474	0.81548	0.03385	0.01092	0.01365	0.01256	0.00983	0.01256	0.00873	0.01310	0.00655	0.00491	0.00491	0.00164	0.00655	0.00437	0.00218	0.00546
9	0.01402	0.01165	0.01211	0.01039	0.01346	0.02976	0.00822	0.22033	0.57439	0.02306	0.01763	0.01645	0.01311	0.00644	0.00497	0.00161	0.00439	0.00521	0.00493	0.00788
10	0.01059	0.01129	0.02279	0.36652	0.02924	0.01177	0.44587	0.01436	0.01083	0.01436	0.00942	0.01319	0.00706	0.00448	0.00541	0.00165	0.00753	0.00518	0.00235	0.00612
11	0.01272	0.72882	0.12356	0.00911	0.01370	0.01843	0.00964	0.01482	0.01003	0.01207	0.00708	0.00820	0.00630	0.00426	0.00334	0.00111	0.00551	0.00275	0.00210	0.00643
12	0.01533	0.01377	0.01257	0.01080	0.01385	0.16598	0.00848	0.21388	0.42264	0.04609	0.01554	0.01482	0.01158	0.00615	0.00487	0.00154	0.00524	0.00479	0.00454	0.00754
13	0.01181	0.00868	0.00986	0.00868	0.01096	0.04519	0.02858	0.11029	0.17507	0.11532	0.18278	0.12815	0.10555	0.00898	0.00544	0.00164	0.00388	0.02807	0.00491	0.00618
