[name]
unknown

[dist]
# distance from previous block
# <min> <max>
0	1

[block]
# block no. 0 follows, 47 sequences, length 42
# corresponding to MSA columns:
# 1-42
name=unknown_A
#
# <colnr> <probs for GDERKNQSTAVLIFYWHMCP>
#	G	D	E	R	K	N	Q	S	T	A	V	L	I	F	Y	W	H	M	C	P
0	0.01127	0.00816	0.01022	0.01019	0.01214	0.00855	0.00877	0.20149	0.01514	0.01993	0.02377	0.04708	0.02465	0.01233	0.00669	0.00219	0.00503	0.56167	0.00490	0.00582
1	0.01666	0.01225	0.01344	0.01061	0.01404	0.01332	0.00864	0.57619	0.02203	0.02981	0.20646	0.01916	0.01901	0.00736	0.00544	0.00158	0.00491	0.00588	0.00534	0.00786
2	0.00703	0.00536	0.00650	0.00636	0.00777	0.00483	0.00487	0.00909	0.01351	0.01807	0.46531	0.04446	0.30190	0.01184	0.00624	0.00174	0.00272	0.07231	0.00534	0.00472
3	0.00983	0.00926	0.01562	0.80447	0.03587	0.01157	0.01446	0.01331	0.01041	0.01331	0.00926	0.01388	0.00694	0.00521	0.00521	0.00174	0.00694	0.00463	0.00231	0.00579
4	0.01472	0.01079	0.01183	0.01037	0.01350	0.01205	0.00814	0.02728	0.64579	0.15213	0.02109	0.01914	0.01539	0.00696	0.00529	0.00174	0.00417	0.00578	0.00549	0.00835
5	0.01283	0.01253	0.02203	0.03104	0.71433	0.01245	0.08544	0.01605	0.01190	0.01698	0.00986	0.01300	0.00822	0.00462	0.00525	0.00157	0.00643	0.00478	0.00258	0.00814
6	0.00740	0.00527	0.00677	0.00657	0.00755	0.00495	0.00477	0.00937	0.01318	0.01846	0.58336	0.07422	0.04247	0.14822	0.00968	0.00227	0.00303	0.04266	0.00521	0.00458
7	0.00634	0.00453	0.00604	0.00725	0.00755	0.00423	0.00483	0.00725	0.00997	0.01329	0.02870	0.81358	0.03444	0.01632	0.00665	0.00211	0.00302	0.01480	0.00483	0.00423
8	0.76401	0.00994	0.00813	0.00711	0.01042	0.01125	0.00586	0.01640	0.00952	0.10602	0.00869	0.00946	0.00642	0.00501	0.00344	0.00161	0.00407	0.00308	0.00357	0.00599
9	0.00700	0.00474	0.00631	0.00723	0.00754	0.00454	0.00493	0.00759	0.00951	0.01264	0.02485	0.55067	0.02922	0.12135	0.01079	0.09401	0.00362	0.08519	0.00433	0.00393
10	0.00732	0.00532	0.00688	0.00649	0.00775	0.00489	0.00487	0.00972	0.01461	0.02057	0.74858	0.03941	0.08250	0.01076	0.00614	0.00164	0.00247	0.00949	0.00569	0.00489
11	0.01392	0.82012	0.02729	0.00891	0.01337	0.02061	0.00891	0.01559	0.01058	0.01225	0.00724	0.00835	0.00668	0.00446	0.00334	0.00111	0.00557	0.00278	0.00223	0.00668
12	0.00737	0.00532	0.00696	0.00655	0.00778	0.00491	0.00491	0.00983	0.01474	0.02088	0.78175	0.03890	0.04914	0.01065	0.00614	0.00164	0.00246	0.00942	0.00573	0.00491
13	0.00721	0.00549	0.00683	0.00756	0.00884	0.00511	0.00613	0.00896	0.01163	0.01465	0.03748	0.17134	0.32150	0.01422	0.00671	0.00211	0.00369	0.35117	0.00482	0.00455
14	0.00830	0.00593	0.00829	0.00949	0.01064	0.00591	0.00823	0.01063	0.01190	0.01548	0.02762	0.09272	0.03017	0.01447	0.00717	0.00238	0.00472	0.71638	0.00480	0.00477
15	0.00983	0.00926	0.01562	0.80447	0.03587	0.01157	0.01446	0.01331	0.01041	0.01331	0.00926	0.01388	0.00694	0.00521	0.00521	0.00174	0.00694	0.00463	0.00231	0.00579
16	0.00730	0.00532	0.00686	0.00647	0.00773	0.00488	0.00485	0.00968	0.01456	0.02046	0.73655	0.03960	0.09460	0.01080	0.00614	0.00165	0.00247	0.00952	0.00568	0.00488
17	0.01216	0.00921	0.01094	0.00788	0.01244	0.00702	0.00633	0.01444	0.01124	0.10032	0.01048	0.01155	0.00827	0.00414	0.00401	0.00086	0.00392	0.00332	0.00345	0.75803
18	0.01293	0.01045	0.01187	0.00878	0.01315	0.00918	0.00707	0.20305	0.01422	0.02085	0.01067	0.03599	0.00883	0.00484	0.00428	0.00101	0.00430	0.00385	0.00367	0.61099
19	0.00648	0.00494	0.00596	0.00645	0.00742	0.00442	0.00455	0.00783	0.01154	0.01504	0.18411	0.40501	0.28912	0.01415	0.00638	0.00190	0.00278	0.01247	0.00501	0.00442
20	0.00749	0.00520	0.00642	0.00696	0.00740	0.00511	0.00485	0.00833	0.00934	0.01228	0.02315	0.18748	0.05777	0.42622	0.01695	0.00368	0.00450	0.19908	0.00396	0.00383
21	0.00680	0.00517	0.00626	0.00626	0.00750	0.00463	0.00459	0.00863	0.01300	0.01738	0.41708	0.17431	0.28460	0.01244	0.00623	0.00176	0.00261	0.01084	0.00529	0.00463
22	0.00619	0.00515	0.00541	0.00561	0.00712	0.00437	0.00411	0.00744	0.01155	0.01394	0.04866	0.17998	0.65516	0.01372	0.00624	0.00182	0.00270	0.01164	0.00484	0.00437
23	0.01392	0.82012	0.02729	0.00891	0.01337	0.02061	0.00891	0.01559	0.01058	0.01225	0.00724	0.00835	0.00668	0.00446	0.00334	0.00111	0.00557	0.00278	0.00223	0.00668
24	0.01045	0.02694	0.79000	0.01484	0.02254	0.01209	0.01924	0.01649	0.01099	0.01649	0.00935	0.01099	0.00660	0.00495	0.00495	0.00165	0.00770	0.00385	0.00220	0.00770
25	0.00626	0.00526	0.00543	0.00544	0.00711	0.00443	0.00406	0.00766	0.01204	0.01459	0.11034	0.07277	0.70065	0.01308	0.00617	0.00176	0.00264	0.01098	0.00491	0.00443
26	0.00634	0.00453	0.00604	0.00725	0.00755	0.00423	0.00483	0.00725	0.00997	0.01329	0.02870	0.81358	0.03444	0.01632	0.00665	0.00211	0.00302	0.01480	0.00483	0.00423
27	0.01275	0.01223	0.02089	0.06689	0.75066	0.01234	0.01591	0.01586	0.01179	0.01685	0.00977	0.01293	0.00819	0.00467	0.00516	0.00156	0.00622	0.00464	0.00257	0.00814
28	0.00696	0.00553	0.00639	0.00682	0.00838	0.00497	0.00555	0.00866	0.01191	0.01461	0.04373	0.05321	0.51286	0.01362	0.00653	0.00199	0.00341	0.27551	0.00482	0.00454
29	0.43941	0.11442	0.01360	0.00971	0.01323	0.14698	0.04204	0.13308	0.01266	0.02134	0.00835	0.00949	0.00655	0.00508	0.00393	0.00150	0.00561	0.00335	0.00329	0.00640
30	0.00784	0.00563	0.00774	0.00891	0.00991	0.00553	0.00742	0.00985	0.01150	0.01500	0.02856	0.23841	0.05234	0.01481	0.00703	0.00231	0.00431	0.55344	0.00481	0.00465
31	0.70984	0.00922	0.00732	0.00665	0.00932	0.01055	0.00522	0.01399	0.00864	0.02111	0.00881	0.01282	0.00790	0.14297	0.00718	0.00220	0.00420	0.00363	0.00321	0.00522
32	0.00849	0.00897	0.07808	0.00847	0.00994	0.09074	0.00679	0.01024	0.01170	0.01531	0.20684	0.42984	0.03176	0.01273	0.00652	0.02310	0.00407	0.02703	0.00452	0.00487
33	0.01177	0.01163	0.09596	0.00946	0.01406	0.00875	0.02470	0.03564	0.05866	0.05251	0.01051	0.01182	0.00833	0.00463	0.00488	0.00109	0.04495	0.00362	0.00329	0.58374
34	0.01370	0.01224	0.01136	0.00996	0.01267	0.12364	0.00771	0.20143	0.26561	0.02076	0.02309	0.06987	0.15169	0.04473	0.00638	0.00182	0.00498	0.00676	0.00469	0.00692
35	0.05640	0.04699	0.01552	0.23678	0.02082	0.01174	0.08572	0.19623	0.01425	0.09234	0.02852	0.01491	0.03103	0.00663	0.00618	0.06270	0.00581	0.00486	0.00367	0.05894
36	0.05642	0.00993	0.01332	0.01175	0.04656	0.01044	0.10629	0.23621	0.04897	0.02053	0.03484	0.22903	0.03217	0.08129	0.00783	0.00209	0.02193	0.01974	0.00431	0.00636
37	0.06641	0.01047	0.01289	0.01104	0.03190	0.02649	0.04233	0.24597	0.03165	0.05316	0.01236	0.01513	0.01008	0.01710	0.27242	0.00386	0.05809	0.00483	0.00375	0.07007
38	0.03441	0.01025	0.01136	0.00915	0.01262	0.04445	0.02077	0.08416	0.15863	0.10244	0.05230	0.03483	0.01359	0.05629	0.00611	0.00156	0.00448	0.01862	0.00424	0.31976
39	0.19432	0.17840	0.07027	0.01133	0.01526	0.09204	0.10740	0.08777	0.04949	0.04388	0.02670	0.03192	0.01004	0.00585	0.00458	0.00154	0.00591	0.03816	0.00337	0.02176
40	0.03422	0.01204	0.01757	0.01858	0.24921	0.05980	0.14483	0.07155	0.10078	0.04921	0.01402	0.11348	0.01237	0.00651	0.00536	0.00161	0.00587	0.00610	0.00359	0.07328
41	0.12904	0.13289	0.03223	0.00939	0.01273	0.05023	0.00790	0.13004	0.13639	0.13071	0.09694	0.06548	0.01554	0.00693	0.00481	0.00156	0.00470	0.00544	0.00448	0.02257

[dist]
# distance from previous block
# <min> <max>
5	69

[block]
# block no. 1 follows, 47 sequences, length 6
# corresponding to MSA columns:
# 120-125
name=unknown_B
#
# <colnr> <probs for GDERKNQSTAVLIFYWHMCP>
#	G	D	E	R	K	N	Q	S	T	A	V	L	I	F	Y	W	H	M	C	P
0	0.05503	0.12868	0.10452	0.01078	0.01502	0.07326	0.00974	0.18121	0.15518	0.13328	0.01334	0.01323	0.00977	0.00571	0.00470	0.00148	0.00551	0.00431	0.00419	0.07104
1	0.05515	0.00943	0.01082	0.00917	0.01217	0.03294	0.00730	0.08850	0.13797	0.27473	0.06898	0.07763	0.01749	0.04289	0.00625	0.00180	0.00441	0.06123	0.00518	0.07597
2	0.09045	0.00976	0.01320	0.01171	0.05683	0.00979	0.10311	0.10357	0.08004	0.05770	0.01982	0.08226	0.10235	0.00817	0.00578	0.00169	0.02904	0.09499	0.00414	0.11563
3	0.07788	0.04939	0.06526	0.01026	0.03655	0.04510	0.00839	0.12148	0.11058	0.10708	0.11721	0.13958	0.02015	0.00865	0.00542	0.00172	0.00466	0.05929	0.00465	0.00671
4	0.13774	0.05453	0.13919	0.02939	0.01473	0.06194	0.00996	0.08810	0.01286	0.19819	0.01438	0.07604	0.01201	0.00728	0.00589	0.00172	0.06480	0.06024	0.00406	0.00695
5	0.37365	0.03630	0.01060	0.00972	0.06573	0.07930	0.00715	0.04481	0.01131	0.09547	0.01398	0.01681	0.06708	0.04469	0.00533	0.00171	0.00477	0.03923	0.00368	0.06866

[dist]
# distance from previous block
# <min> <max>
0	4

[block]
# block no. 2 follows, 47 sequences, length 10
# corresponding to MSA columns:
# 130-139
name=unknown_C
#
# <colnr> <probs for GDERKNQSTAVLIFYWHMCP>
#	G	D	E	R	K	N	Q	S	T	A	V	L	I	F	Y	W	H	M	C	P
0	0.15018	0.01110	0.05475	0.06298	0.01401	0.04193	0.00850	0.18260	0.07113	0.02057	0.03521	0.07457	0.01525	0.07338	0.00694	0.00200	0.00512	0.11941	0.00408	0.04628
1	0.12590	0.00732	0.00782	0.00739	0.00889	0.00773	0.00523	0.04890	0.13224	0.06170	0.02005	0.16308	0.05908	0.30712	0.01310	0.00300	0.00427	0.00782	0.00418	0.00517
2	0.17856	0.08063	0.11061	0.00999	0.01374	0.19148	0.00884	0.01695	0.08549	0.01717	0.04753	0.01305	0.01014	0.04023	0.00525	0.00153	0.00580	0.00394	0.00319	0.15588
3	0.03993	0.17808	0.17286	0.01210	0.01656	0.13113	0.05146	0.14277	0.06061	0.08075	0.02801	0.01319	0.00952	0.00573	0.00498	0.00152	0.02107	0.01892	0.00349	0.00732
4	0.01010	0.19172	0.01243	0.00824	0.01039	0.00953	0.00680	0.01236	0.05187	0.05804	0.04365	0.24431	0.12527	0.01077	0.00603	0.00175	0.03858	0.10364	0.00417	0.05035
5	0.01116	0.14913	0.14092	0.05810	0.01599	0.01156	0.06111	0.07555	0.08330	0.01738	0.07658	0.04953	0.03601	0.00836	0.00553	0.00177	0.00552	0.18227	0.00380	0.00642
6	0.06482	0.27407	0.07862	0.14445	0.01847	0.11821	0.01067	0.13510	0.03726	0.05847	0.00982	0.01113	0.00762	0.00523	0.00441	0.00144	0.00630	0.00378	0.00315	0.00697
7	0.21110	0.07700	0.23043	0.00994	0.01415	0.01118	0.01011	0.05595	0.08239	0.06275	0.07668	0.06971	0.05448	0.00690	0.00475	0.00164	0.00503	0.00540	0.00373	0.00667
8	0.00773	0.00575	0.00721	0.00773	0.00862	0.00576	0.00559	0.01081	0.11060	0.01575	0.15757	0.42319	0.03283	0.07633	0.00800	0.00225	0.00344	0.10106	0.00492	0.00486
9	0.01577	0.06743	0.09938	0.05803	0.05855	0.01238	0.10189	0.17127	0.11377	0.18484	0.01608	0.01622	0.04827	0.00611	0.00523	0.00162	0.00575	0.00523	0.00433	0.00786

[dist]
# distance from previous block
# <min> <max>
4	7

[block]
# block no. 3 follows, 47 sequences, length 59
# corresponding to MSA columns:
# 147-205
name=unknown_D
#
# <colnr> <probs for GDERKNQSTAVLIFYWHMCP>
#	G	D	E	R	K	N	Q	S	T	A	V	L	I	F	Y	W	H	M	C	P
0	0.00741	0.00537	0.00664	0.00672	0.00760	0.00515	0.00476	0.00939	0.04015	0.01622	0.33841	0.18044	0.09408	0.19563	0.01091	0.00256	0.00337	0.05589	0.00484	0.00446
1	0.00631	0.00481	0.00580	0.00655	0.00738	0.00430	0.00453	0.00739	0.01075	0.01376	0.05624	0.52968	0.29358	0.01509	0.00646	0.00198	0.00287	0.01335	0.00486	0.00430
2	0.09097	0.01495	0.01488	0.01165	0.01563	0.07255	0.00955	0.64860	0.02244	0.03055	0.01173	0.01193	0.00843	0.00607	0.00500	0.00155	0.00585	0.00443	0.00486	0.00838
3	0.00675	0.00536	0.00597	0.00630	0.00754	0.00488	0.00454	0.00850	0.04563	0.01394	0.04044	0.25338	0.44262	0.08394	0.00807	0.00217	0.00312	0.04773	0.00471	0.00444
4	0.01473	0.01075	0.01177	0.01024	0.01338	0.01191	0.00806	0.06282	0.58453	0.14742	0.02188	0.01999	0.04452	0.00716	0.00532	0.00173	0.00419	0.00592	0.00546	0.00823
5	0.01256	0.00987	0.01092	0.00962	0.01214	0.01084	0.00748	0.20465	0.32192	0.02317	0.18184	0.13093	0.02377	0.00890	0.00564	0.00174	0.00402	0.00757	0.00531	0.00714
6	0.00703	0.00508	0.00642	0.00651	0.00739	0.00471	0.00459	0.00868	0.01236	0.01698	0.42898	0.23598	0.10589	0.11513	0.00887	0.00220	0.00295	0.01069	0.00510	0.00447
7	0.01256	0.01204	0.02054	0.11546	0.70358	0.01229	0.01582	0.01569	0.01170	0.01661	0.00974	0.01300	0.00811	0.00470	0.00516	0.00157	0.00627	0.00464	0.00255	0.00798
8	0.00777	0.00503	0.00558	0.00558	0.00576	0.00501	0.00323	0.00808	0.00806	0.01124	0.01747	0.03289	0.03923	0.70497	0.02341	0.00453	0.00469	0.00736	0.09673	0.00338
9	0.00681	0.00498	0.00633	0.00671	0.00755	0.00458	0.00475	0.00836	0.01201	0.01627	0.32753	0.37128	0.12900	0.04831	0.00726	0.00202	0.00287	0.02378	0.00511	0.00448
10	0.00703	0.00544	0.00622	0.00623	0.00758	0.00492	0.00459	0.02726	0.01238	0.01596	0.23007	0.14027	0.39808	0.06919	0.00766	0.00203	0.00298	0.04261	0.00495	0.00455
11	0.00947	0.00488	0.00495	0.00495	0.00602	0.00488	0.00359	0.01163	0.01055	0.01838	0.01692	0.02104	0.01397	0.09606	0.00618	0.00164	0.00272	0.00516	0.75236	0.00467
12	0.00713	0.00516	0.00659	0.00730	0.00798	0.00491	0.00505	0.04489	0.01138	0.01525	0.12460	0.63900	0.07128	0.01495	0.00649	0.00201	0.00306	0.01344	0.00497	0.00455
13	0.00691	0.00492	0.00581	0.00628	0.00670	0.00466	0.00402	0.00751	0.00925	0.01204	0.02710	0.32395	0.14935	0.37366	0.01546	0.00337	0.00390	0.02723	0.00408	0.00379
14	0.72609	0.00956	0.00785	0.00697	0.01005	0.01082	0.00569	0.01540	0.00977	0.06878	0.07952	0.01182	0.01009	0.00547	0.00361	0.00161	0.00391	0.00357	0.00365	0.00577
15	0.01119	0.00574	0.00692	0.00651	0.00768	0.00543	0.00448	0.01228	0.01022	0.17806	0.01934	0.15007	0.01890	0.34677	0.01401	0.00304	0.00404	0.00764	0.18277	0.00490
16	0.00685	0.00499	0.00582	0.00627	0.00714	0.00451	0.00426	0.00777	0.01035	0.02931	0.03531	0.37056	0.31091	0.15950	0.01002	0.00250	0.00327	0.01187	0.00457	0.00420
17	0.01578	0.01095	0.01166	0.00941	0.01246	0.01193	0.00762	0.46627	0.04623	0.02762	0.04752	0.01610	0.01229	0.00641	0.00475	0.00146	0.00447	0.00499	0.27469	0.00738
18	0.02297	0.00950	0.01248	0.00957	0.01361	0.00860	0.00790	0.10770	0.01597	0.70428	0.01965	0.01715	0.01244	0.00642	0.00523	0.00161	0.00458	0.00518	0.00631	0.00886
19	0.01802	0.00798	0.01045	0.00870	0.01177	0.00722	0.00691	0.02087	0.07694	0.51955	0.05184	0.15525	0.06352	0.00872	0.00557	0.00172	0.00399	0.00740	0.00596	0.00762
20	0.04877	0.00553	0.00578	0.00543	0.00705	0.00547	0.00417	0.01375	0.01127	0.10490	0.01695	0.01874	0.01295	0.00605	0.00380	0.00128	0.00272	0.00481	0.71525	0.00533
21	0.00655	0.00529	0.00583	0.00569	0.00728	0.00457	0.00427	0.00824	0.01281	0.01629	0.29096	0.04645	0.54279	0.01236	0.00615	0.00172	0.00258	0.01048	0.00513	0.00457
22	0.00756	0.00507	0.00579	0.00575	0.00586	0.00504	0.00331	0.00777	0.00819	0.01102	0.08175	0.03449	0.02151	0.74814	0.02477	0.00476	0.00483	0.00773	0.00338	0.00331
23	0.00833	0.00595	0.00831	0.00941	0.01061	0.00593	0.00819	0.01073	0.01215	0.01590	0.07207	0.05757	0.03110	0.01417	0.00713	0.00235	0.00466	0.70578	0.00485	0.00480
24	0.00634	0.00453	0.00604	0.00725	0.00755	0.00423	0.00483	0.00725	0.00997	0.01329	0.02870	0.81358	0.03444	0.01632	0.00665	0.00211	0.00302	0.01480	0.00483	0.00423
25	0.00905	0.00452	0.00678	0.00678	0.00678	0.00452	0.00452	0.00678	0.00678	0.00905	0.00905	0.01583	0.00905	0.01809	0.02035	0.84848	0.00452	0.00452	0.00226	0.00226
26	0.01295	0.01119	0.01178	0.01060	0.01354	0.01295	0.00824	0.02767	0.77509	0.02178	0.02120	0.01943	0.01590	0.00707	0.00530	0.00177	0.00412	0.00589	0.00530	0.00824
27	0.00983	0.00926	0.01562	0.80447	0.03587	0.01157	0.01446	0.01331	0.01041	0.01331	0.00926	0.01388	0.00694	0.00521	0.00521	0.00174	0.00694	0.00463	0.00231	0.00579
28	0.01128	0.01123	0.01574	0.01353	0.01355	0.01569	0.01126	0.01244	0.00799	0.01252	0.00703	0.01164	0.00701	0.00994	0.03858	0.00245	0.78557	0.00459	0.00229	0.00567
29	0.00634	0.00453	0.00604	0.00725	0.00755	0.00423	0.00483	0.00725	0.00997	0.01329	0.02870	0.81358	0.03444	0.01632	0.00665	0.00211	0.00302	0.01480	0.00483	0.00423
30	0.00737	0.00532	0.00696	0.00655	0.00778	0.00491	0.00491	0.00983	0.01474	0.02088	0.78175	0.03890	0.04914	0.01065	0.00614	0.00164	0.00246	0.00942	0.00573	0.00491
31	0.00738	0.00565	0.00698	0.00758	0.00902	0.00525	0.00630	0.00932	0.01210	0.01525	0.08277	0.05391	0.35064	0.01366	0.00669	0.00208	0.00374	0.39216	0.00487	0.00463
32	0.00728	0.00532	0.00684	0.00646	0.00772	0.00488	0.00484	0.00965	0.01453	0.02038	0.72762	0.03973	0.10358	0.01084	0.00614	0.00165	0.00247	0.00953	0.00567	0.00488
33	0.00744	0.00558	0.00837	0.00837	0.00930	0.00651	0.00651	0.00930	0.00837	0.01209	0.01395	0.02046	0.01302	0.03906	0.79635	0.00837	0.01395	0.00558	0.00279	0.00465
34	0.00859	0.00627	0.00894	0.01056	0.04426	0.00627	0.00872	0.01101	0.01198	0.01565	0.02680	0.05676	0.02903	0.01396	0.00710	0.00236	0.00486	0.71723	0.00470	0.00494
35	0.00752	0.00527	0.00682	0.00682	0.00722	0.00567	0.00458	0.00831	0.00791	0.01094	0.01536	0.02829	0.01642	0.48660	0.35345	0.00646	0.00883	0.00673	0.00300	0.00379
36	0.00673	0.00507	0.00623	0.00651	0.00758	0.00458	0.00471	0.00836	0.01232	0.01640	0.31611	0.29487	0.24612	0.01329	0.00634	0.00185	0.00275	0.03049	0.00517	0.00455
37	0.00879	0.00725	0.00788	0.00742	0.00940	0.00736	0.00564	0.03237	0.24285	0.01819	0.18935	0.08413	0.33759	0.01085	0.00590	0.00175	0.00315	0.00921	0.00517	0.00576
38	0.01980	0.01459	0.01563	0.01198	0.01615	0.01615	0.00990	0.76713	0.02448	0.03282	0.01250	0.01250	0.00886	0.00625	0.00521	0.00156	0.00573	0.00469	0.00521	0.00886
39	0.00670	0.00487	0.00633	0.00687	0.00760	0.00449	0.00481	0.00820	0.01182	0.01609	0.30323	0.48528	0.08624	0.01407	0.00643	0.00192	0.00279	0.01261	0.00516	0.00449
40	0.81762	0.01016	0.00793	0.00702	0.01028	0.01172	0.00578	0.03390	0.00936	0.03809	0.00763	0.00873	0.00586	0.00490	0.00331	0.00161	0.00408	0.00291	0.00333	0.00578
41	0.00634	0.00453	0.00604	0.00725	0.00755	0.00423	0.00483	0.00725	0.00997	0.01329	0.02870	0.81358	0.03444	0.01632	0.00665	0.00211	0.00302	0.01480	0.00483	0.00423
42	0.01007	0.00868	0.00901	0.00834	0.01078	0.00932	0.00642	0.01909	0.45096	0.01851	0.03460	0.03246	0.34142	0.00967	0.00566	0.00176	0.00349	0.00805	0.00510	0.00661
43	0.00757	0.00505	0.00568	0.00568	0.00568	0.00505	0.00316	0.00757	0.00757	0.01010	0.01641	0.03408	0.01893	0.81698	0.02651	0.00505	0.00505	0.00757	0.00316	0.00316
44	0.00633	0.00458	0.00599	0.00712	0.00752	0.00424	0.00478	0.00727	0.01009	0.01334	0.03026	0.76418	0.08284	0.01611	0.00662	0.00209	0.00300	0.01456	0.00483	0.00424
45	0.01980	0.01459	0.01563	0.01198	0.01615	0.01615	0.00990	0.76713	0.02448	0.03282	0.01250	0.01250	0.00886	0.00625	0.00521	0.00156	0.00573	0.00469	0.00521	0.00886
46	0.00806	0.00649	0.00956	0.00920	0.00999	0.00799	0.00728	0.00981	0.00831	0.01216	0.01283	0.01903	0.01205	0.03435	0.67380	0.00741	0.13873	0.00542	0.00271	0.00481
47	0.00905	0.00452	0.00678	0.00678	0.00678	0.00452	0.00452	0.00678	0.00678	0.00905	0.00905	0.01583	0.00905	0.01809	0.02035	0.84848	0.00452	0.00452	0.00226	0.00226
48	0.01980	0.01459	0.01563	0.01198	0.01615	0.01615	0.00990	0.76713	0.02448	0.03282	0.01250	0.01250	0.00886	0.00625	0.00521	0.00156	0.00573	0.00469	0.00521	0.00886
49	0.01945	0.02482	0.01476	0.01342	0.01610	0.79608	0.01006	0.02079	0.01476	0.01275	0.00805	0.00939	0.00671	0.00537	0.00470	0.00134	0.00939	0.00335	0.00268	0.00604
50	0.00726	0.00529	0.00683	0.00650	0.00773	0.00486	0.00485	0.00959	0.01440	0.02020	0.71108	0.06801	0.09186	0.01100	0.00616	0.00166	0.00249	0.00971	0.00565	0.00486
51	0.01939	0.01439	0.01540	0.01190	0.01600	0.01596	0.00980	0.72350	0.06877	0.03217	0.01302	0.01291	0.00927	0.00630	0.00521	0.00157	0.00564	0.00476	0.00521	0.00882
52	0.02336	0.00886	0.01209	0.00927	0.01329	0.00765	0.00765	0.02538	0.01491	0.78810	0.02055	0.01773	0.01289	0.00645	0.00524	0.00161	0.00443	0.00524	0.00645	0.00886
53	0.00631	0.00467	0.00591	0.00690	0.00746	0.00426	0.00468	0.00729	0.01031	0.01343	0.03302	0.67667	0.16857	0.01575	0.00656	0.00205	0.00295	0.01412	0.00483	0.00426
54	0.02120	0.01223	0.05150	0.01058	0.01474	0.04469	0.00902	0.24876	0.03856	0.46747	0.01704	0.01550	0.01118	0.00628	0.00519	0.00159	0.00519	0.00494	0.00567	0.00866
55	0.00649	0.00474	0.00611	0.00691	0.00753	0.00436	0.00475	0.00769	0.01096	0.01461	0.15363	0.60176	0.12118	0.01504	0.00651	0.00200	0.00289	0.01350	0.00498	0.00436
56	0.00736	0.00566	0.00695	0.00761	0.00898	0.00531	0.00621	0.00943	0.02795	0.01486	0.03786	0.13111	0.33820	0.01394	0.00667	0.00209	0.00372	0.35662	0.00483	0.00465
57	0.03426	0.03595	0.42864	0.05005	0.10574	0.01328	0.03386	0.20043	0.01435	0.02051	0.01010	0.01166	0.00736	0.00522	0.00500	0.00161	0.00691	0.00419	0.00302	0.00787
58	0.05092	0.26279	0.11140	0.14980	0.14848	0.08962	0.04729	0.01575	0.01108	0.01450	0.00847	0.01089	0.00700	0.00501	0.00510	0.00149	0.04740	0.00384	0.00241	0.00677

[dist]
# distance from previous block
# <min> <max>
0	1

[block]
# block no. 4 follows, 47 sequences, length 8
# corresponding to MSA columns:
# 207-214
name=unknown_E
#
# <colnr> <probs for GDERKNQSTAVLIFYWHMCP>
#	G	D	E	R	K	N	Q	S	T	A	V	L	I	F	Y	W	H	M	C	P
0	0.07451	0.01760	0.04859	0.01216	0.01601	0.22715	0.01007	0.48230	0.02023	0.02604	0.01081	0.01133	0.00796	0.00586	0.00493	0.00151	0.00670	0.00417	0.00426	0.00783
1	0.01167	0.00977	0.01127	0.00813	0.01271	0.00783	0.00653	0.08612	0.01212	0.01850	0.00957	0.01096	0.00782	0.00409	0.00399	0.00085	0.00404	0.00324	0.00329	0.76749
2	0.01601	0.01198	0.01153	0.00947	0.01239	0.08896	0.00759	0.41256	0.01848	0.02585	0.01373	0.01477	0.01032	0.00610	0.00458	0.00141	0.00486	0.00462	0.31771	0.00709
3	0.00655	0.00497	0.00609	0.00690	0.00780	0.00452	0.00501	0.00779	0.01087	0.01385	0.03660	0.45919	0.28398	0.01502	0.00655	0.00203	0.00313	0.10995	0.00483	0.00436
4	0.00640	0.00464	0.00604	0.00706	0.00753	0.00429	0.00477	0.00743	0.01042	0.01384	0.07876	0.70626	0.09191	0.01572	0.00658	0.00206	0.00296	0.01417	0.00489	0.00429
5	0.01045	0.02694	0.79000	0.01484	0.02254	0.01209	0.01924	0.01649	0.01099	0.01649	0.00935	0.01099	0.00660	0.00495	0.00495	0.00165	0.00770	0.00385	0.00220	0.00770
6	0.01421	0.68254	0.08283	0.00980	0.01432	0.09655	0.00979	0.01617	0.01102	0.01262	0.00748	0.00865	0.00668	0.00458	0.00359	0.00118	0.00610	0.00292	0.00227	0.00669
7	0.00654	0.00502	0.00594	0.00637	0.00742	0.00449	0.00455	0.00786	0.01144	0.01471	0.15048	0.33299	0.33997	0.04283	0.00710	0.00201	0.00292	0.03805	0.00491	0.00438

[dist]
# distance from previous block
# <min> <max>
0	7

[block]
# block no. 5 follows, 47 sequences, length 56
# corresponding to MSA columns:
# 222-277
name=unknown_F
#
# <colnr> <probs for GDERKNQSTAVLIFYWHMCP>
#	G	D	E	R	K	N	Q	S	T	A	V	L	I	F	Y	W	H	M	C	P
0	0.00634	0.00456	0.00602	0.00718	0.00754	0.00424	0.00480	0.00726	0.01004	0.01332	0.02952	0.78753	0.05997	0.01621	0.00663	0.00210	0.00301	0.01467	0.00483	0.00424
1	0.00814	0.00596	0.00747	0.00810	0.00899	0.00598	0.00583	0.07733	0.05512	0.01577	0.02670	0.62192	0.03064	0.01469	0.00649	0.00207	0.00350	0.08548	0.00489	0.00493
2	0.01487	0.67408	0.05140	0.00941	0.01393	0.01917	0.00928	0.08400	0.01210	0.05851	0.00855	0.00935	0.00723	0.00475	0.00367	0.00120	0.00559	0.00313	0.00274	0.00704
3	0.01426	0.01143	0.01262	0.00972	0.01386	0.01123	0.00784	0.27043	0.16539	0.02326	0.01269	0.01307	0.00970	0.00529	0.00460	0.00123	0.00454	0.00418	0.00424	0.40042
4	0.68804	0.12944	0.01096	0.00749	0.01074	0.01321	0.00641	0.01521	0.00907	0.02119	0.00723	0.00859	0.00585	0.00499	0.00393	0.00157	0.04435	0.00290	0.00303	0.00580
5	0.77314	0.01109	0.02995	0.00746	0.01083	0.03028	0.00631	0.04938	0.00976	0.02335	0.00757	0.00873	0.00584	0.00491	0.00339	0.00160	0.00433	0.00295	0.00327	0.00585
6	0.00800	0.00613	0.00744	0.00707	0.00854	0.00600	0.00531	0.01205	0.12611	0.01982	0.54626	0.09113	0.11460	0.01076	0.00605	0.00170	0.00276	0.00943	0.00552	0.00531
7	0.01348	0.00661	0.00865	0.00759	0.00986	0.00583	0.00588	0.01535	0.01363	0.32766	0.25278	0.15959	0.13100	0.01023	0.00586	0.00172	0.00337	0.00883	0.00575	0.00632
8	0.00773	0.00551	0.00702	0.00739	0.00858	0.00516	0.00581	0.00958	0.01220	0.03411	0.22706	0.13776	0.18435	0.06917	0.00795	0.00221	0.00356	0.25521	0.00498	0.00466
9	0.01958	0.01312	0.01450	0.01131	0.01530	0.01420	0.00928	0.53881	0.11745	0.16891	0.01506	0.01433	0.01048	0.00639	0.00523	0.00160	0.00529	0.00494	0.00545	0.00878
10	0.00635	0.00486	0.00583	0.00649	0.00738	0.00434	0.00452	0.00751	0.01099	0.01411	0.09019	0.48330	0.30584	0.01479	0.00643	0.00195	0.00284	0.01305	0.00490	0.00434
11	0.01287	0.00626	0.00833	0.00786	0.00972	0.00557	0.00585	0.01427	0.01212	0.30998	0.04821	0.43433	0.07875	0.01216	0.00606	0.00188	0.00352	0.01073	0.00548	0.00603
12	0.01080	0.00926	0.01080	0.00771	0.01234	0.00694	0.00617	0.01311	0.01080	0.01697	0.00926	0.01080	0.00771	0.00386	0.00386	0.00077	0.00386	0.00309	0.00309	0.84882
13	0.01139	0.01139	0.01595	0.01367	0.01367	0.01595	0.01139	0.01253	0.00798	0.01253	0.00684	0.01139	0.00684	0.00911	0.01709	0.00228	0.80745	0.00456	0.00228	0.00570
14	0.00706	0.00520	0.00641	0.00704	0.00767	0.00503	0.00476	0.00896	0.06351	0.01412	0.09222	0.51802	0.09048	0.13287	0.00940	0.00245	0.00332	0.01236	0.00470	0.00442
15	0.00730	0.00534	0.00701	0.00768	0.00872	0.00505	0.00603	0.00916	0.01205	0.01596	0.20311	0.26016	0.13538	0.01390	0.00667	0.00206	0.00349	0.28128	0.00502	0.00461
16	0.02086	0.00822	0.01120	0.00897	0.01245	0.00715	0.00724	0.02271	0.01418	0.67399	0.02175	0.13494	0.01607	0.00790	0.00544	0.00169	0.00422	0.00665	0.00621	0.00818
17	0.01229	0.01405	0.03073	0.02195	0.02722	0.01317	0.76558	0.01668	0.01229	0.01668	0.01054	0.01405	0.00790	0.00439	0.00615	0.00176	0.00878	0.00615	0.00263	0.00702
18	0.00886	0.00465	0.00697	0.00697	0.00708	0.00476	0.00476	0.00708	0.00697	0.00940	0.00962	0.01637	0.00951	0.02056	0.11157	0.74973	0.00563	0.00465	0.00232	0.00254
19	0.00720	0.00506	0.00609	0.00638	0.00686	0.00486	0.00420	0.00803	0.00979	0.01304	0.12911	0.20787	0.09774	0.40073	0.01613	0.00345	0.00401	0.06144	0.00415	0.00386
20	0.00828	0.00596	0.00824	0.00938	0.01060	0.00591	0.00817	0.01062	0.01198	0.01551	0.02883	0.05831	0.06752	0.01433	0.00714	0.00237	0.00469	0.71260	0.00480	0.00478
21	0.85377	0.01007	0.00765	0.00685	0.01007	0.01168	0.00564	0.01531	0.00886	0.02336	0.00725	0.00846	0.00564	0.00483	0.00322	0.00161	0.00403	0.00282	0.00322	0.00564
22	0.00986	0.00680	0.00886	0.00905	0.01069	0.00695	0.00753	0.01403	0.12495	0.07124	0.17586	0.04423	0.02968	0.01324	0.04595	0.00240	0.00466	0.40336	0.00507	0.00560
23	0.00634	0.00488	0.00580	0.00642	0.00736	0.00434	0.00449	0.00752	0.01106	0.01413	0.09074	0.45679	0.33210	0.01468	0.00642	0.00194	0.00283	0.01292	0.00490	0.00434
24	0.00757	0.00505	0.00568	0.00568	0.00568	0.00505	0.00316	0.00757	0.00757	0.01010	0.01641	0.03408	0.01893	0.81698	0.02651	0.00505	0.00505	0.00757	0.00316	0.00316
25	0.02259	0.00928	0.01224	0.00948	0.01345	0.00838	0.00780	0.06252	0.05874	0.70670	0.02018	0.01756	0.01286	0.00647	0.00524	0.00162	0.00448	0.00525	0.00632	0.00883
26	0.00744	0.00558	0.00837	0.00837	0.00930	0.00651	0.00651	0.00930	0.00837	0.01209	0.01395	0.02046	0.01302	0.03906	0.79635	0.00837	0.01395	0.00558	0.00279	0.00465
27	0.00627	0.00528	0.00544	0.00540	0.00711	0.00445	0.00405	0.00770	0.01214	0.01472	0.12220	0.04905	0.71253	0.01295	0.00615	0.00175	0.00262	0.01084	0.00492	0.00445
28	0.01139	0.01139	0.01595	0.01367	0.01367	0.01595	0.01139	0.01253	0.00798	0.01253	0.00684	0.01139	0.00684	0.00911	0.01709	0.00228	0.80745	0.00456	0.00228	0.00570
29	0.00728	0.00523	0.00671	0.00758	0.00815	0.00506	0.00519	0.06023	0.01098	0.01466	0.02757	0.75773	0.03266	0.01561	0.00655	0.00208	0.00321	0.01410	0.00486	0.00455
30	0.85377	0.01007	0.00765	0.00685	0.01007	0.01168	0.00564	0.01531	0.00886	0.02336	0.00725	0.00846	0.00564	0.00483	0.00322	0.00161	0.00403	0.00282	0.00322	0.00564
31	0.01080	0.00926	0.01080	0.00771	0.01234	0.00694	0.00617	0.01311	0.01080	0.01697	0.00926	0.01080	0.00771	0.00386	0.00386	0.00077	0.00386	0.00309	0.00309	0.84882
32	0.01054	0.00998	0.01690	0.62545	0.20935	0.01176	0.01481	0.01393	0.01075	0.01416	0.00938	0.01365	0.00724	0.00508	0.00519	0.00169	0.00677	0.00463	0.00238	0.00636
33	0.00851	0.00698	0.00966	0.00907	0.00950	0.00861	0.00692	0.00968	0.00809	0.01171	0.01294	0.03543	0.01327	0.23163	0.37577	0.00578	0.22315	0.00598	0.00278	0.00454
34	0.04170	0.07205	0.20214	0.03948	0.22759	0.05715	0.01336	0.01747	0.05503	0.09753	0.01080	0.01245	0.00831	0.00546	0.00592	0.00159	0.07853	0.00424	0.00304	0.04616
35	0.00873	0.00711	0.00812	0.04605	0.01052	0.03989	0.00642	0.04811	0.06306	0.01507	0.02962	0.26425	0.21045	0.02760	0.00761	0.05030	0.01663	0.13110	0.00445	0.00491
36	0.00716	0.00566	0.00654	0.00687	0.00810	0.00539	0.00493	0.01000	0.10112	0.01536	0.11450	0.36809	0.29999	0.01353	0.00626	0.00190	0.00296	0.01184	0.00498	0.00483
37	0.01229	0.01405	0.03073	0.02195	0.02722	0.01317	0.76558	0.01668	0.01229	0.01668	0.01054	0.01405	0.00790	0.00439	0.00615	0.00176	0.00878	0.00615	0.00263	0.00702
38	0.01244	0.01196	0.02036	0.13874	0.60484	0.01233	0.05123	0.01622	0.04976	0.01672	0.01032	0.01341	0.00843	0.00483	0.00522	0.00159	0.00631	0.00477	0.00268	0.00784
39	0.01616	0.00963	0.01132	0.00950	0.03125	0.00956	0.00741	0.26900	0.01703	0.24902	0.07792	0.02521	0.19512	0.02351	0.00620	0.01843	0.00437	0.00671	0.00536	0.00728
40	0.00738	0.00532	0.00719	0.00833	0.00917	0.00514	0.00659	0.00906	0.01111	0.01450	0.02950	0.38590	0.07483	0.01516	0.00690	0.00224	0.00390	0.38844	0.00481	0.00453
41	0.01080	0.00926	0.01080	0.00771	0.01234	0.00694	0.00617	0.01311	0.01080	0.01697	0.00926	0.01080	0.00771	0.00386	0.00386	0.00077	0.00386	0.00309	0.00309	0.84882
42	0.00703	0.00515	0.00578	0.00585	0.00662	0.00480	0.00387	0.00784	0.01000	0.01283	0.10184	0.08543	0.28274	0.39452	0.01587	0.00335	0.00386	0.03464	0.00412	0.00386
43	0.01224	0.00899	0.00974	0.00827	0.01097	0.00916	0.00656	0.25293	0.08526	0.06566	0.11669	0.03225	0.34061	0.00975	0.00572	0.00167	0.00384	0.00802	0.00519	0.00648
44	0.00757	0.00505	0.00568	0.00568	0.00568	0.00505	0.00316	0.00757	0.00757	0.01010	0.01641	0.03408	0.01893	0.81698	0.02651	0.00505	0.00505	0.00757	0.00316	0.00316
45	0.01366	0.00724	0.00921	0.00855	0.01066	0.00696	0.00644	0.01732	0.14167	0.29669	0.02446	0.38913	0.02345	0.01115	0.00590	0.00187	0.00372	0.00981	0.00550	0.00660
46	0.07073	0.01028	0.01172	0.01052	0.01324	0.01111	0.00891	0.36373	0.01760	0.02415	0.01918	0.03379	0.01849	0.00995	0.00600	0.00196	0.00518	0.35185	0.00488	0.00675
47	0.01080	0.00926	0.01080	0.00771	0.01234	0.00694	0.00617	0.01311	0.01080	0.01697	0.00926	0.01080	0.00771	0.00386	0.00386	0.00077	0.00386	0.00309	0.00309	0.84882
48	0.00624	0.00493	0.00563	0.00620	0.00728	0.00432	0.00437	0.00737	0.01098	0.01371	0.04154	0.40613	0.43361	0.01465	0.00638	0.00192	0.00282	0.01277	0.00484	0.00432
49	0.00727	0.00531	0.00641	0.00707	0.00781	0.00518	0.00486	0.00949	0.07907	0.01421	0.02881	0.51812	0.11477	0.09618	0.00833	0.00230	0.00328	0.02430	0.05268	0.00455
50	0.02321	0.00478	0.00615	0.00705	0.00761	0.00447	0.00481	0.00776	0.01067	0.01452	0.12723	0.65711	0.07503	0.01519	0.00649	0.00202	0.00295	0.01367	0.00492	0.00436
51	0.02336	0.00886	0.01209	0.00927	0.01329	0.00765	0.00765	0.02538	0.01491	0.78810	0.02055	0.01773	0.01289	0.00645	0.00524	0.00161	0.00443	0.00524	0.00645	0.00886
52	0.00968	0.00733	0.00911	0.00943	0.01116	0.00762	0.00796	0.06588	0.13353	0.01787	0.05957	0.04776	0.08875	0.01241	0.00663	0.00216	0.00448	0.48814	0.00495	0.00560
53	0.00642	0.00458	0.00612	0.00733	0.00767	0.00429	0.00496	0.00737	0.01004	0.01337	0.02866	0.78724	0.03429	0.01625	0.00667	0.00212	0.00308	0.04045	0.00483	0.00425
54	0.01080	0.00926	0.01080	0.00771	0.01234	0.00694	0.00617	0.01311	0.01080	0.01697	0.00926	0.01080	0.00771	0.00386	0.00386	0.00077	0.00386	0.00309	0.00309	0.84882
55	0.00640	0.00468	0.00590	0.00685	0.00735	0.00431	0.00459	0.00731	0.01008	0.01319	0.03139	0.64679	0.14352	0.07168	0.00796	0.00227	0.00311	0.01374	0.00472	0.00418

[dist]
# distance from previous block
# <min> <max>
0	1

[block]
# block no. 6 follows, 47 sequences, length 84
# corresponding to MSA columns:
# 279-362
name=unknown_G
#
# <colnr> <probs for GDERKNQSTAVLIFYWHMCP>
#	G	D	E	R	K	N	Q	S	T	A	V	L	I	F	Y	W	H	M	C	P
0	0.01212	0.01033	0.01292	0.01190	0.13095	0.00880	0.00809	0.09747	0.01248	0.01874	0.00970	0.01131	0.00792	0.00424	0.00421	0.00098	0.00442	0.00350	0.00324	0.62668
1	0.01308	0.01012	0.01204	0.00948	0.01325	0.00944	0.03030	0.18203	0.08298	0.05723	0.01445	0.09232	0.01268	0.00656	0.00486	0.00132	0.00444	0.04333	0.00416	0.39592
2	0.01195	0.01064	0.01453	0.20345	0.21132	0.05857	0.01118	0.08246	0.01299	0.04135	0.11726	0.04646	0.06615	0.00706	0.00610	0.00165	0.05528	0.00595	0.00353	0.03212
3	0.00689	0.00526	0.00632	0.00640	0.00768	0.00473	0.00480	0.00867	0.01269	0.01673	0.33952	0.13987	0.31319	0.03333	0.00682	0.00189	0.00286	0.07261	0.00515	0.00459
4	0.00700	0.00514	0.00629	0.00643	0.00759	0.00461	0.00466	0.00867	0.01252	0.03039	0.33560	0.26665	0.25946	0.01296	0.00628	0.00181	0.00271	0.01137	0.00522	0.00463
5	0.01267	0.08724	0.07104	0.02636	0.50197	0.01337	0.15469	0.01600	0.01165	0.01634	0.00958	0.01253	0.00789	0.00474	0.00554	0.00158	0.03183	0.00470	0.00252	0.00776
6	0.01122	0.07749	0.01722	0.01502	0.09952	0.01432	0.05789	0.01293	0.00895	0.01320	0.00852	0.01286	0.00799	0.01252	0.13322	0.00300	0.48106	0.00468	0.00241	0.00598
7	0.01188	0.00811	0.00958	0.00893	0.01075	0.00836	0.00668	0.25680	0.01505	0.07173	0.02286	0.49832	0.02463	0.01236	0.00608	0.00190	0.00400	0.01086	0.00507	0.00605
8	0.01128	0.00954	0.01106	0.00794	0.01254	0.00743	0.00637	0.05340	0.01153	0.01782	0.00943	0.01089	0.00777	0.00398	0.00393	0.00081	0.00396	0.00317	0.00320	0.80393
9	0.01242	0.00686	0.00866	0.00766	0.00986	0.00638	0.00593	0.01564	0.08735	0.24764	0.32014	0.10753	0.12266	0.00991	0.00584	0.00170	0.00328	0.00855	0.00571	0.00628
10	0.00718	0.00507	0.00613	0.00619	0.00680	0.00481	0.00408	0.00825	0.01071	0.01453	0.27415	0.16543	0.09930	0.34772	0.01471	0.00315	0.00365	0.00968	0.00443	0.00402
11	0.02336	0.00886	0.01209	0.00927	0.01329	0.00765	0.00765	0.02538	0.01491	0.78810	0.02055	0.01773	0.01289	0.00645	0.00524	0.00161	0.00443	0.00524	0.00645	0.00886
12	0.34666	0.04859	0.01121	0.00849	0.01196	0.01025	0.00708	0.02001	0.01196	0.39694	0.02712	0.01368	0.01006	0.00593	0.00501	0.00162	0.04720	0.00421	0.00475	0.00726
13	0.01041	0.00637	0.00750	0.00696	0.00864	0.00599	0.00507	0.01293	0.08452	0.15559	0.11601	0.12142	0.23687	0.18600	0.01038	0.00247	0.00365	0.00896	0.00491	0.00535
14	0.00938	0.00715	0.00837	0.00828	0.00988	0.00747	0.00615	0.01533	0.26904	0.04355	0.16429	0.31452	0.06998	0.01161	0.00604	0.00188	0.00337	0.03260	0.00521	0.00589
15	0.01080	0.00926	0.01080	0.00771	0.01234	0.00694	0.00617	0.01311	0.01080	0.01697	0.00926	0.01080	0.00771	0.00386	0.00386	0.00077	0.00386	0.00309	0.00309	0.84882
16	0.00627	0.00481	0.00576	0.00652	0.00736	0.00429	0.00451	0.00733	0.01067	0.01358	0.03761	0.53075	0.31153	0.01516	0.00646	0.00198	0.00288	0.01339	0.00483	0.00429
17	0.00751	0.00545	0.00634	0.00615	0.00773	0.00478	0.00464	0.00929	0.01298	0.05436	0.31868	0.08379	0.41746	0.01211	0.00616	0.00174	0.00273	0.02806	0.00524	0.00481
18	0.00634	0.00453	0.00604	0.00725	0.00755	0.00423	0.00483	0.00725	0.00997	0.01329	0.02870	0.81358	0.03444	0.01632	0.00665	0.00211	0.00302	0.01480	0.00483	0.00423
19	0.01578	0.01232	0.01317	0.01105	0.01447	0.01391	0.00882	0.29281	0.47902	0.05281	0.01805	0.01688	0.01327	0.00675	0.00526	0.00169	0.00471	0.00543	0.00531	0.00848
20	0.01252	0.01192	0.02025	0.03048	0.73636	0.01190	0.01536	0.01551	0.01178	0.01683	0.01095	0.04751	0.00978	0.00533	0.00526	0.00159	0.00603	0.01992	0.00272	0.00801
21	0.00673	0.00540	0.00569	0.00568	0.00743	0.00459	0.00435	0.00818	0.01207	0.03195	0.08121	0.04943	0.68906	0.01300	0.00620	0.00179	0.00280	0.05501	0.00491	0.00454
22	0.01706	0.01027	0.01190	0.01007	0.01344	0.01087	0.00801	0.02677	0.47559	0.32370	0.02094	0.01876	0.01471	0.00682	0.00527	0.00171	0.00424	0.00563	0.00575	0.00849
23	0.00666	0.00487	0.00632	0.00725	0.00791	0.00452	0.00518	0.00792	0.01083	0.01427	0.09115	0.56761	0.12369	0.01525	0.00662	0.00207	0.00315	0.10545	0.00490	0.00437
24	0.00816	0.00509	0.00718	0.00788	0.00843	0.00500	0.00600	0.00838	0.00951	0.01249	0.02116	0.20051	0.04202	0.01622	0.01224	0.33567	0.00426	0.28232	0.00381	0.00367
25	0.01597	0.01403	0.01596	0.01285	0.01580	0.09914	0.07581	0.36859	0.05798	0.02297	0.01258	0.03055	0.02782	0.00835	0.04091	0.00201	0.16217	0.00511	0.00403	0.00736
26	0.01990	0.01380	0.01503	0.01155	0.01563	0.01506	0.00953	0.67722	0.02323	0.10538	0.01339	0.01317	0.00935	0.00627	0.00517	0.00156	0.00552	0.00475	0.02574	0.00876
27	0.06443	0.01142	0.01340	0.01033	0.01437	0.01157	0.00853	0.34848	0.01877	0.41934	0.01635	0.01497	0.01076	0.00628	0.00512	0.00159	0.00498	0.00487	0.00574	0.00869
28	0.00788	0.00557	0.00719	0.00783	0.00864	0.00551	0.00613	0.00937	0.01049	0.01374	0.05440	0.06425	0.07279	0.28187	0.03135	0.00334	0.00483	0.39635	0.00424	0.00421
29	0.01251	0.49844	0.33661	0.01132	0.01709	0.01715	0.01310	0.01596	0.01075	0.01397	0.00809	0.00942	0.00665	0.00465	0.00399	0.00133	0.00643	0.00322	0.00222	0.00709
30	0.01605	0.00727	0.00958	0.00789	0.01073	0.00636	0.00631	0.01812	0.01447	0.44397	0.26864	0.02862	0.12214	0.00865	0.00564	0.00164	0.00357	0.00731	0.00601	0.00703
31	0.09757	0.00937	0.01028	0.00853	0.01122	0.00976	0.00673	0.27691	0.01657	0.10209	0.19923	0.02527	0.10844	0.08621	0.00740	0.00195	0.00423	0.00668	0.00502	0.00654
32	0.01176	0.01122	0.01909	0.31815	0.50716	0.01208	0.01542	0.01499	0.01132	0.01564	0.00960	0.01326	0.00776	0.00485	0.00517	0.00162	0.00647	0.00464	0.00248	0.00734
33	0.01295	0.01119	0.01178	0.01060	0.01354	0.01295	0.00824	0.02767	0.77509	0.02178	0.02120	0.01943	0.01590	0.00707	0.00530	0.00177	0.00412	0.00589	0.00530	0.00824
34	0.00692	0.00521	0.00639	0.00630	0.00755	0.00469	0.00465	0.00887	0.01337	0.01810	0.49148	0.14018	0.24314	0.01204	0.00621	0.00173	0.00258	0.01052	0.00538	0.00469
35	0.00719	0.00522	0.00723	0.00754	0.00835	0.00558	0.00559	0.00874	0.00933	0.01313	0.04324	0.23450	0.07167	0.05300	0.44343	0.00558	0.00905	0.00853	0.04862	0.00449
36	0.01955	0.02196	0.01500	0.01302	0.01611	0.57835	0.01002	0.22915	0.01747	0.01835	0.00929	0.01026	0.00731	0.00561	0.00484	0.00140	0.00837	0.00373	0.00339	0.00682
37	0.85377	0.01007	0.00765	0.00685	0.01007	0.01168	0.00564	0.01531	0.00886	0.02336	0.00725	0.00846	0.00564	0.00483	0.00322	0.00161	0.00403	0.00282	0.00322	0.00564
38	0.00744	0.00558	0.00837	0.00837	0.00930	0.00651	0.00651	0.00930	0.00837	0.01209	0.01395	0.02046	0.01302	0.03906	0.79635	0.00837	0.01395	0.00558	0.00279	0.00465
39	0.01179	0.01355	0.05113	0.09659	0.02703	0.01260	0.62997	0.01603	0.01205	0.01629	0.01129	0.01633	0.00895	0.00502	0.00607	0.00179	0.00836	0.04565	0.00271	0.00681
40	0.00900	0.00784	0.01122	0.01032	0.01084	0.01015	0.00826	0.01048	0.00817	0.01216	0.01127	0.01759	0.01089	0.06719	0.44982	0.00580	0.32612	0.00528	0.00261	0.00499
41	0.02336	0.00886	0.01209	0.00927	0.01329	0.00765	0.00765	0.02538	0.01491	0.78810	0.02055	0.01773	0.01289	0.00645	0.00524	0.00161	0.00443	0.00524	0.00645	0.00886
42	0.00895	0.00727	0.01066	0.19781	0.06389	0.00780	0.00953	0.01221	0.05110	0.01603	0.12287	0.05274	0.06529	0.01072	0.00630	0.00202	0.00490	0.34028	0.00423	0.00540
43	0.01967	0.02309	0.01472	0.01309	0.01597	0.68433	0.00993	0.09303	0.01570	0.05056	0.00906	0.01008	0.00720	0.00550	0.00477	0.00138	0.00881	0.00357	0.00310	0.00644
44	0.00757	0.00507	0.00580	0.00580	0.00585	0.00512	0.00331	0.00765	0.00761	0.01019	0.01629	0.03345	0.01866	0.78099	0.06213	0.00520	0.00546	0.00748	0.00314	0.00322
45	0.01361	0.00672	0.00889	0.00755	0.00991	0.00597	0.00594	0.01583	0.01465	0.32279	0.44289	0.03116	0.07404	0.00913	0.00579	0.00163	0.00324	0.00785	0.00597	0.00644
46	0.08777	0.01512	0.08938	0.01172	0.01604	0.01512	0.01031	0.57052	0.08437	0.02954	0.01248	0.01260	0.00896	0.00608	0.00503	0.00159	0.00564	0.00455	0.00476	0.00843
47	0.01946	0.02450	0.01478	0.01337	0.01610	0.77168	0.01006	0.04414	0.01506	0.01337	0.00819	0.00949	0.00678	0.00539	0.00471	0.00135	0.00928	0.00340	0.00276	0.00613
48	0.00757	0.00505	0.00568	0.00568	0.00568	0.00505	0.00316	0.00757	0.00757	0.01010	0.01641	0.03408	0.01893	0.81698	0.02651	0.00505	0.00505	0.00757	0.00316	0.00316
49	0.85377	0.01007	0.00765	0.00685	0.01007	0.01168	0.00564	0.01531	0.00886	0.02336	0.00725	0.00846	0.00564	0.00483	0.00322	0.00161	0.00403	0.00282	0.00322	0.00564
50	0.00635	0.00475	0.00591	0.00675	0.00744	0.00431	0.00463	0.00744	0.01067	0.01388	0.07461	0.59213	0.21162	0.01527	0.00650	0.00201	0.00290	0.01362	0.00488	0.00431
51	0.02051	0.01343	0.01492	0.01144	0.01557	0.01444	0.00945	0.61787	0.02256	0.18481	0.01412	0.01355	0.00967	0.00629	0.00522	0.00157	0.00547	0.00480	0.00546	0.00886
52	0.02127	0.00933	0.01202	0.00953	0.01334	0.00872	0.00777	0.02584	0.16788	0.63390	0.02068	0.01807	0.01350	0.00657	0.00525	0.00164	0.00437	0.00537	0.00621	0.00874
