[name]
unknown

[dist]
# distance from previous block
# <min> <max>
2	6

[block]
# block no. 0 follows, 40 sequences, length 46
# corresponding to MSA columns:
# 6-51
name=unknown_A
#
# <colnr> <probs for GDERKNQSTAVLIFYWHMCP>
#	G	D	E	R	K	N	Q	S	T	A	V	L	I	F	Y	W	H	M	C	P
0	0.01399	0.01161	0.01950	0.01475	0.01898	0.01075	0.27652	0.09476	0.01502	0.10264	0.04391	0.11039	0.10709	0.00826	0.00634	0.00181	0.00631	0.00798	0.00449	0.12493
1	0.01295	0.01030	0.01322	0.15884	0.01897	0.00882	0.00882	0.01576	0.01233	0.07640	0.01132	0.01333	0.00890	0.00483	0.00472	0.00114	0.00503	0.00397	0.00357	0.60679
2	0.01206	0.01034	0.01206	0.00861	0.01378	0.00775	0.00689	0.01464	0.01206	0.01895	0.01034	0.01206	0.00861	0.00431	0.00431	0.00086	0.00431	0.00345	0.00345	0.83118
3	0.04888	0.01461	0.01645	0.37694	0.07002	0.19240	0.01322	0.01972	0.01378	0.16072	0.01241	0.01485	0.00901	0.00607	0.00560	0.00179	0.00768	0.00488	0.00363	0.00735
4	0.01555	0.79913	0.03047	0.00995	0.01493	0.02301	0.00995	0.01741	0.01182	0.01368	0.00808	0.00933	0.00746	0.00498	0.00373	0.00124	0.00622	0.00311	0.00249	0.00746
5	0.01812	0.01005	0.01198	0.00956	0.01343	0.00933	0.00772	0.13177	0.05889	0.32277	0.04446	0.02714	0.19034	0.00873	0.00592	0.00172	0.00455	0.00712	0.00600	0.11039
6	0.06467	0.01960	0.19776	0.01603	0.02174	0.04545	0.15445	0.35923	0.01970	0.02734	0.01217	0.01350	0.00878	0.00610	0.00580	0.00180	0.00763	0.00515	0.00422	0.00886
7	0.00706	0.00516	0.00664	0.00782	0.00836	0.00475	0.00528	0.00813	0.01140	0.01495	0.03538	0.70061	0.12754	0.01779	0.00735	0.00231	0.00332	0.01600	0.00540	0.00475
8	0.01392	0.01025	0.01668	0.63190	0.03516	0.01207	0.01467	0.01748	0.01260	0.16019	0.01278	0.01634	0.00904	0.00608	0.00582	0.00191	0.00721	0.00530	0.00348	0.00713
9	0.01940	0.02384	0.01504	0.01391	0.01659	0.62394	0.01037	0.02189	0.06722	0.01502	0.01288	0.10814	0.01205	0.00764	0.00556	0.00164	0.00919	0.00553	0.00350	0.00666
10	0.00704	0.00590	0.00612	0.00607	0.00796	0.00498	0.00455	0.00867	0.01365	0.01665	0.14536	0.05441	0.66995	0.01438	0.00687	0.00195	0.00292	0.01206	0.00552	0.00498
11	0.00687	0.00589	0.00589	0.00589	0.00785	0.00491	0.00442	0.00835	0.01325	0.01571	0.05891	0.05596	0.75700	0.01473	0.00687	0.00196	0.00295	0.01227	0.00540	0.00491
12	0.01555	0.79913	0.03047	0.00995	0.01493	0.02301	0.00995	0.01741	0.01182	0.01368	0.00808	0.00933	0.00746	0.00498	0.00373	0.00124	0.00622	0.00311	0.00249	0.00746
13	0.01373	0.01314	0.02241	0.18053	0.61970	0.01364	0.01752	0.01727	0.01293	0.01819	0.01082	0.01461	0.00893	0.00530	0.00577	0.00177	0.00707	0.00518	0.00282	0.00868
14	0.00726	0.00513	0.00670	0.00788	0.00818	0.00484	0.00517	0.00814	0.01080	0.01440	0.03035	0.69839	0.03631	0.11459	0.01017	0.00277	0.00365	0.01553	0.00517	0.00457
15	0.02609	0.00990	0.01350	0.01035	0.01484	0.00855	0.00855	0.02834	0.01664	0.76338	0.02294	0.01979	0.01439	0.00720	0.00585	0.00180	0.00495	0.00585	0.00720	0.00990
16	0.01206	0.14654	0.60945	0.01503	0.02265	0.01450	0.01880	0.01784	0.01245	0.01797	0.05282	0.01361	0.01010	0.00581	0.00533	0.00175	0.00789	0.00447	0.00269	0.00824
17	0.00846	0.00564	0.00634	0.00634	0.00634	0.00564	0.00352	0.00846	0.00846	0.01128	0.01832	0.03805	0.02114	0.79563	0.02960	0.00564	0.00564	0.00846	0.00352	0.00352
18	0.00823	0.00594	0.00777	0.00732	0.00869	0.00549	0.00549	0.01097	0.01646	0.02332	0.75629	0.04344	0.05487	0.01189	0.00686	0.00183	0.00274	0.01052	0.00640	0.00549
19	0.02609	0.00990	0.01350	0.01035	0.01484	0.00855	0.00855	0.02834	0.01664	0.76338	0.02294	0.01979	0.01439	0.00720	0.00585	0.00180	0.00495	0.00585	0.00720	0.00990
20	0.01098	0.01034	0.01744	0.78165	0.04005	0.01292	0.01615	0.01486	0.01163	0.01486	0.01034	0.01550	0.00775	0.00581	0.00581	0.00194	0.00775	0.00517	0.00258	0.00646
21	0.02172	0.02772	0.01648	0.01498	0.01798	0.77228	0.01124	0.02322	0.01648	0.01423	0.00899	0.01049	0.00749	0.00599	0.00524	0.00150	0.01049	0.00375	0.00300	0.00674
22	0.83671	0.01125	0.00855	0.00765	0.01125	0.01305	0.00630	0.01709	0.00990	0.02609	0.00810	0.00945	0.00630	0.00540	0.00360	0.00180	0.00450	0.00315	0.00360	0.00630
23	0.01380	0.01028	0.01224	0.00883	0.01391	0.00785	0.00710	0.01634	0.01263	0.11124	0.01190	0.01302	0.00933	0.00467	0.00450	0.00098	0.00439	0.00374	0.00391	0.72937
24	0.01166	0.03008	0.76550	0.01657	0.02517	0.01351	0.02149	0.01842	0.01228	0.01842	0.01044	0.01228	0.00737	0.00552	0.00552	0.00184	0.00859	0.00430	0.00246	0.00859
25	0.00846	0.00564	0.00634	0.00634	0.00634	0.00564	0.00352	0.00846	0.00846	0.01128	0.01832	0.03805	0.02114	0.79563	0.02960	0.00564	0.00564	0.00846	0.00352	0.00352
26	0.01166	0.03008	0.76550	0.01657	0.02517	0.01351	0.02149	0.01842	0.01228	0.01842	0.01044	0.01228	0.00737	0.00552	0.00552	0.00184	0.00859	0.00430	0.00246	0.00859
27	0.02127	0.01127	0.01447	0.01291	0.06736	0.01105	0.00989	0.21333	0.01861	0.38992	0.02111	0.04726	0.01627	0.00859	0.00619	0.00192	0.00548	0.10784	0.00621	0.00905
28	0.00795	0.00624	0.00739	0.00797	0.00966	0.00568	0.00656	0.00994	0.01331	0.01644	0.04677	0.06012	0.44476	0.01530	0.00737	0.00227	0.00399	0.31779	0.00538	0.00510
29	0.01591	0.01217	0.01319	0.01165	0.01509	0.01373	0.00912	0.03058	0.65808	0.11595	0.02358	0.02146	0.01734	0.00780	0.00591	0.00195	0.00465	0.00648	0.00608	0.00929
30	0.01439	0.01382	0.02360	0.03569	0.75936	0.01382	0.01785	0.01785	0.01324	0.01900	0.01094	0.01439	0.00921	0.00518	0.00576	0.00173	0.00691	0.00518	0.00288	0.00921
31	0.01463	0.01337	0.02334	0.01735	0.02202	0.01303	0.38120	0.14582	0.06039	0.06428	0.02266	0.02380	0.15513	0.00749	0.00656	0.00191	0.00728	0.00755	0.00435	0.00784
32	0.01439	0.01382	0.02360	0.03569	0.75936	0.01382	0.01785	0.01785	0.01324	0.01900	0.01094	0.01439	0.00921	0.00518	0.00576	0.00173	0.00691	0.00518	0.00288	0.00921
33	0.01373	0.01569	0.03431	0.02451	0.03039	0.01471	0.73824	0.01863	0.01373	0.01863	0.01176	0.01569	0.00882	0.00490	0.00686	0.00196	0.00980	0.00686	0.00294	0.00784
34	0.01341	0.01462	0.03002	0.12321	0.12485	0.01450	0.52007	0.01783	0.01318	0.01798	0.01129	0.01536	0.00868	0.00529	0.00713	0.00195	0.04361	0.00635	0.00287	0.00778
35	0.33081	0.02119	0.01349	0.01216	0.01543	0.46591	0.00936	0.03842	0.01425	0.01928	0.00877	0.01018	0.00710	0.00579	0.00463	0.00162	0.00812	0.00356	0.00329	0.00665
36	0.02172	0.02772	0.01648	0.01498	0.01798	0.77228	0.01124	0.02322	0.01648	0.01423	0.00899	0.01049	0.00749	0.00599	0.00524	0.00150	0.01049	0.00375	0.00300	0.00674
37	0.01254	0.01427	0.15845	0.01038	0.01610	0.00925	0.00990	0.01667	0.05179	0.04183	0.01146	0.01285	0.00904	0.00482	0.00468	0.00114	0.00517	0.00385	0.00350	0.60231
38	0.01353	0.01294	0.02205	0.22328	0.57847	0.01359	0.01742	0.01710	0.01284	0.01796	0.01079	0.01467	0.00884	0.00534	0.00577	0.00178	0.00712	0.00518	0.00280	0.00852
39	0.00846	0.00564	0.00634	0.00634	0.00634	0.00564	0.00352	0.00846	0.00846	0.01128	0.01832	0.03805	0.02114	0.79563	0.02960	0.00564	0.00564	0.00846	0.00352	0.00352
40	0.11901	0.08686	0.33557	0.01311	0.01921	0.05688	0.01424	0.07144	0.01428	0.19686	0.01308	0.01348	0.00909	0.00599	0.00522	0.00175	0.00697	0.00446	0.00399	0.00851
41	0.00846	0.00564	0.00634	0.00634	0.00634	0.00564	0.00352	0.00846	0.00846	0.01128	0.01832	0.03805	0.02114	0.79563	0.02960	0.00564	0.00564	0.00846	0.00352	0.00352
42	0.00709	0.00506	0.00675	0.00810	0.00843	0.00472	0.00540	0.00810	0.01113	0.01484	0.03205	0.79184	0.03846	0.01822	0.00742	0.00236	0.00337	0.01653	0.00540	0.00472
43	0.00945	0.00780	0.01269	0.01350	0.10441	0.00851	0.05967	0.01178	0.01009	0.01441	0.01489	0.02217	0.01385	0.07923	0.58119	0.00767	0.01353	0.00627	0.00310	0.00578
44	0.67660	0.01107	0.00923	0.00783	0.01174	0.01202	0.00641	0.01662	0.01032	0.02470	0.00853	0.00995	0.00675	0.00519	0.00374	0.00162	0.00446	0.00321	0.00357	0.16645
45	0.83671	0.01125	0.00855	0.00765	0.01125	0.01305	0.00630	0.01709	0.00990	0.02609	0.00810	0.00945	0.00630	0.00540	0.00360	0.00180	0.00450	0.00315	0.00360	0.00630

[dist]
# distance from previous block
# <min> <max>
0	1

[block]
# block no. 1 follows, 40 sequences, length 18
# corresponding to MSA columns:
# 53-70
name=unknown_B
#
# <colnr> <probs for GDERKNQSTAVLIFYWHMCP>
#	G	D	E	R	K	N	Q	S	T	A	V	L	I	F	Y	W	H	M	C	P
0	0.01062	0.02460	0.59650	0.01445	0.02138	0.01157	0.01780	0.01615	0.01226	0.01772	0.01819	0.10525	0.09296	0.00797	0.00589	0.00191	0.00739	0.00655	0.00311	0.00775
1	0.00901	0.00685	0.00899	0.00863	0.00898	0.00792	0.00610	0.00990	0.00882	0.01241	0.01587	0.02930	0.01698	0.42958	0.27912	0.00645	0.12011	0.00722	0.00325	0.00449
2	0.01813	0.01035	0.01199	0.01035	0.01319	0.09435	0.00819	0.02015	0.01353	0.36346	0.01836	0.02052	0.01389	0.04718	0.30344	0.00481	0.00971	0.00584	0.00502	0.00751
3	0.06593	0.21388	0.02032	0.01301	0.01717	0.27223	0.04479	0.18292	0.01728	0.08444	0.01116	0.01197	0.00861	0.00598	0.00503	0.00156	0.00766	0.00422	0.00390	0.00793
4	0.00831	0.00623	0.00935	0.00935	0.01038	0.00727	0.00727	0.01038	0.00935	0.01350	0.01558	0.02285	0.01454	0.04361	0.77259	0.00935	0.01558	0.00623	0.00312	0.00519
5	0.00831	0.00623	0.00935	0.00935	0.01038	0.00727	0.00727	0.01038	0.00935	0.01350	0.01558	0.02285	0.01454	0.04361	0.77259	0.00935	0.01558	0.00623	0.00312	0.00519
6	0.01375	0.01561	0.03388	0.02496	0.05966	0.01467	0.70931	0.01860	0.01371	0.01864	0.01173	0.01563	0.00884	0.00491	0.00682	0.00195	0.00969	0.00680	0.00294	0.00790
7	0.00998	0.00707	0.00901	0.00858	0.00958	0.00772	0.00617	0.09202	0.01101	0.01517	0.01653	0.04508	0.01679	0.31454	0.35910	0.04585	0.01010	0.00712	0.00360	0.00497
8	0.01227	0.01165	0.01976	0.50081	0.31086	0.01326	0.01679	0.01598	0.01224	0.01642	0.01056	0.01509	0.00830	0.00558	0.00579	0.00186	0.00743	0.00517	0.00269	0.00750
9	0.00823	0.00594	0.00777	0.00732	0.00869	0.00549	0.00549	0.01097	0.01646	0.02332	0.75629	0.04344	0.05487	0.01189	0.00686	0.00183	0.00274	0.01052	0.00640	0.00549
10	0.01717	0.00936	0.01314	0.09485	0.01675	0.00896	0.04736	0.05394	0.03451	0.33705	0.06858	0.03146	0.14232	0.00946	0.00637	0.00195	0.00516	0.08797	0.00581	0.00780
11	0.01971	0.01556	0.18115	0.01235	0.01748	0.01189	0.01180	0.08670	0.19474	0.35649	0.01958	0.01809	0.01327	0.00698	0.00579	0.00185	0.00580	0.00563	0.00571	0.00944
12	0.01221	0.02562	0.56980	0.05930	0.18218	0.01354	0.02044	0.01812	0.01245	0.01836	0.01054	0.01289	0.00778	0.00547	0.00559	0.00182	0.00819	0.00453	0.00255	0.00862
13	0.01311	0.01450	0.03056	0.19306	0.03254	0.01431	0.57749	0.01779	0.01326	0.01779	0.01145	0.01565	0.00858	0.00510	0.00663	0.00196	0.00935	0.00649	0.00286	0.00754
14	0.01862	0.01176	0.01614	0.18369	0.02182	0.05588	0.07999	0.02349	0.12117	0.33500	0.03871	0.01976	0.03319	0.00702	0.00597	0.00186	0.00620	0.00607	0.00526	0.00840
15	0.01188	0.00971	0.01104	0.01254	0.09565	0.09111	0.00842	0.03815	0.01300	0.06186	0.02457	0.23107	0.05916	0.11946	0.03525	0.00286	0.00585	0.15783	0.00464	0.00594
16	0.00753	0.00550	0.00716	0.00816	0.00894	0.00512	0.00589	0.00903	0.01230	0.01626	0.11420	0.51741	0.12079	0.01681	0.00739	0.00231	0.00355	0.12124	0.00550	0.00492
17	0.01252	0.01146	0.01870	0.02722	0.52117	0.01136	0.01461	0.01560	0.01327	0.01831	0.02033	0.02963	0.09615	0.00850	0.00635	0.00195	0.00615	0.15513	0.00367	0.00794

[dist]
# distance from previous block
# <min> <max>
29	107

[block]
# block no. 2 follows, 40 sequences, length 142
# corresponding to MSA columns:
# 242-281,287-388
name=unknown_C
#
# <colnr> <probs for GDERKNQSTAVLIFYWHMCP>
#	G	D	E	R	K	N	Q	S	T	A	V	L	I	F	Y	W	H	M	C	P
0	0.31571	0.01511	0.01620	0.01299	0.01706	0.14625	0.14643	0.06843	0.05315	0.08112	0.02944	0.01353	0.00976	0.00589	0.00507	0.00174	0.00667	0.00468	0.00399	0.04677
1	0.01866	0.01754	0.01602	0.01326	0.01708	0.28122	0.07050	0.09398	0.13357	0.12437	0.01721	0.01731	0.05641	0.00683	0.00563	0.00164	0.00722	0.00539	0.00452	0.09163
2	0.06277	0.01403	0.01359	0.01108	0.01492	0.15876	0.00883	0.12915	0.03556	0.29695	0.10363	0.01871	0.01629	0.00714	0.00559	0.00165	0.00589	0.00556	0.00552	0.08439
3	0.00995	0.00634	0.00796	0.00825	0.00990	0.00575	0.00641	0.01171	0.01321	0.10878	0.06217	0.26211	0.26848	0.01501	0.00717	0.00222	0.00388	0.17948	0.00564	0.00560
4	0.01993	0.01517	0.01503	0.01255	0.01620	0.20703	0.05496	0.02564	0.19439	0.28467	0.07745	0.01949	0.01632	0.00729	0.00585	0.00178	0.00642	0.00592	0.00547	0.00843
5	0.01355	0.00889	0.01186	0.01068	0.01334	0.00866	0.05254	0.08623	0.07123	0.15017	0.04195	0.16227	0.11793	0.01211	0.00683	0.00213	0.00489	0.18977	0.00560	0.02936
6	0.01928	0.02289	0.02105	0.01719	0.02108	0.47647	0.20131	0.07760	0.05482	0.01763	0.01086	0.01270	0.00856	0.00588	0.00575	0.00166	0.00969	0.00482	0.00335	0.00740
7	0.00709	0.00537	0.00661	0.00747	0.00833	0.00488	0.00517	0.00832	0.01185	0.01529	0.05980	0.53069	0.24894	0.01782	0.03134	0.00245	0.00361	0.01479	0.00536	0.00481
8	0.03562	0.01224	0.01358	0.01147	0.01525	0.02640	0.00913	0.08800	0.43296	0.25574	0.02206	0.02002	0.01564	0.00751	0.00583	0.00189	0.00496	0.00612	0.00621	0.00937
9	0.09624	0.01228	0.01435	0.01116	0.01559	0.01236	0.00919	0.26681	0.04866	0.41016	0.01840	0.01684	0.01219	0.00694	0.00561	0.00177	0.00537	0.00539	0.00629	0.02441
10	0.01373	0.01569	0.03431	0.02451	0.03039	0.01471	0.73824	0.01863	0.01373	0.01863	0.01176	0.01569	0.00882	0.00490	0.00686	0.00196	0.00980	0.00686	0.00294	0.00784
11	0.00699	0.00542	0.00638	0.00714	0.00818	0.00480	0.00497	0.00820	0.01205	0.01522	0.04365	0.47396	0.34885	0.01671	0.00719	0.00219	0.00319	0.01469	0.00540	0.00480
12	0.01313	0.32109	0.48736	0.01407	0.02129	0.01710	0.01712	0.01804	0.01210	0.01662	0.00955	0.01116	0.00740	0.00532	0.00485	0.00162	0.00770	0.00385	0.00247	0.00817
13	0.05225	0.01273	0.10649	0.01115	0.01597	0.00997	0.01012	0.04602	0.07141	0.55280	0.03640	0.01898	0.01423	0.00707	0.00575	0.00182	0.00535	0.00570	0.00633	0.00946
14	0.00704	0.00572	0.00624	0.00648	0.00805	0.00492	0.00472	0.00853	0.01310	0.01622	0.11628	0.20895	0.54308	0.01520	0.00699	0.00203	0.00302	0.01301	0.00549	0.00492
15	0.01742	0.01945	0.01809	0.02073	0.24589	0.34642	0.02753	0.02265	0.16632	0.01789	0.01329	0.03483	0.01099	0.00644	0.00563	0.00170	0.00797	0.00517	0.00362	0.00798
16	0.01256	0.00905	0.01261	0.01479	0.14528	0.00904	0.01028	0.06089	0.05546	0.08606	0.06453	0.05853	0.07726	0.01204	0.00702	0.00223	0.00528	0.34497	0.00520	0.00691
17	0.01373	0.01569	0.03431	0.02451	0.03039	0.01471	0.73824	0.01863	0.01373	0.01863	0.01176	0.01569	0.00882	0.00490	0.00686	0.00196	0.00980	0.00686	0.00294	0.00784
18	0.01373	0.01569	0.03431	0.02451	0.03039	0.01471	0.73824	0.01863	0.01373	0.01863	0.01176	0.01569	0.00882	0.00490	0.00686	0.00196	0.00980	0.00686	0.00294	0.00784
19	0.01676	0.01901	0.01876	0.01949	0.17749	0.34453	0.08540	0.04001	0.01469	0.01659	0.01385	0.01826	0.04855	0.00814	0.02721	0.00199	0.06878	0.05000	0.00329	0.00722
20	0.01690	0.01166	0.01403	0.06110	0.06193	0.01264	0.00990	0.05962	0.41722	0.19248	0.06202	0.02128	0.01753	0.00762	0.00593	0.00190	0.00500	0.00639	0.00584	0.00902
21	0.00709	0.00506	0.00675	0.00810	0.00843	0.00472	0.00540	0.00810	0.01113	0.01484	0.03205	0.79184	0.03846	0.01822	0.00742	0.00236	0.00337	0.01653	0.00540	0.00472
22	0.01236	0.01141	0.01816	0.56007	0.07927	0.01353	0.05236	0.05603	0.10441	0.01765	0.01230	0.01613	0.00926	0.00605	0.00588	0.00192	0.00734	0.00543	0.00321	0.00722
23	0.01186	0.06889	0.72840	0.01624	0.02465	0.01398	0.02090	0.01837	0.01225	0.01818	0.01032	0.01213	0.00737	0.00550	0.00543	0.00181	0.00847	0.00424	0.00246	0.00854
24	0.01373	0.01569	0.03431	0.02451	0.03039	0.01471	0.73824	0.01863	0.01373	0.01863	0.01176	0.01569	0.00882	0.00490	0.00686	0.00196	0.00980	0.00686	0.00294	0.00784
25	0.00692	0.00584	0.00599	0.00607	0.00791	0.00491	0.00451	0.00840	0.01321	0.01586	0.07572	0.10183	0.69326	0.01487	0.00691	0.00199	0.00297	0.01249	0.00543	0.00491
26	0.01201	0.01148	0.01923	0.32586	0.27590	0.01290	0.05348	0.01531	0.01200	0.01635	0.01374	0.01788	0.05574	0.00881	0.05400	0.00238	0.07699	0.00577	0.00291	0.00728
27	0.01347	0.01747	0.12494	0.02353	0.02974	0.01456	0.64939	0.01860	0.01355	0.01860	0.01160	0.01526	0.00864	0.00498	0.00670	0.00195	0.00965	0.00654	0.00288	0.00794
28	0.02211	0.01629	0.01745	0.01338	0.01803	0.01803	0.01105	0.73997	0.02734	0.03665	0.01396	0.01396	0.00989	0.00698	0.00582	0.00175	0.00640	0.00524	0.00582	0.00989
29	0.01244	0.15745	0.59819	0.01596	0.02378	0.01516	0.06341	0.01826	0.01229	0.01764	0.01013	0.01199	0.00747	0.00540	0.00531	0.00175	0.00827	0.00426	0.00249	0.00836
30	0.01882	0.01133	0.05333	0.01329	0.06239	0.00997	0.05458	0.10488	0.01629	0.35267	0.02273	0.07006	0.03858	0.00922	0.00639	0.00199	0.00565	0.13360	0.00578	0.00842
31	0.02172	0.02772	0.01648	0.01498	0.01798	0.77228	0.01124	0.02322	0.01648	0.01423	0.00899	0.01049	0.00749	0.00599	0.00524	0.00150	0.01049	0.00375	0.00300	0.00674
32	0.00709	0.00506	0.00675	0.00810	0.00843	0.00472	0.00540	0.00810	0.01113	0.01484	0.03205	0.79184	0.03846	0.01822	0.00742	0.00236	0.00337	0.01653	0.00540	0.00472
33	0.01931	0.01620	0.01621	0.01327	0.01728	0.10993	0.03094	0.36635	0.27316	0.05035	0.01688	0.01641	0.01239	0.00712	0.00581	0.00180	0.00634	0.00557	0.00546	0.00921
34	0.02609	0.00990	0.01350	0.01035	0.01484	0.00855	0.00855	0.02834	0.01664	0.76338	0.02294	0.01979	0.01439	0.00720	0.00585	0.00180	0.00495	0.00585	0.00720	0.00990
35	0.01373	0.01569	0.03431	0.02451	0.03039	0.01471	0.73824	0.01863	0.01373	0.01863	0.01176	0.01569	0.00882	0.00490	0.00686	0.00196	0.00980	0.00686	0.00294	0.00784
36	0.01277	0.01288	0.01866	0.01574	0.01605	0.01765	0.05015	0.01423	0.00915	0.01423	0.00785	0.01288	0.00769	0.00991	0.01845	0.00251	0.74500	0.00518	0.00256	0.00644
37	0.18602	0.01391	0.05545	0.01293	0.01700	0.01447	0.09978	0.08900	0.40027	0.02477	0.01738	0.01721	0.01301	0.00679	0.00552	0.00191	0.00560	0.00566	0.00487	0.00846
38	0.01828	0.00817	0.01099	0.00902	0.01215	0.00721	0.00721	0.02075	0.01656	0.43987	0.34352	0.03013	0.03209	0.00925	0.00629	0.00181	0.00398	0.00789	0.00685	0.00797
39	0.00729	0.00521	0.00698	0.00833	0.00876	0.00490	0.00575	0.00845	0.01133	0.01507	0.03194	0.72715	0.03802	0.01803	0.00748	0.00239	0.00355	0.07921	0.00539	0.00478
40	0.00922	0.00667	0.00875	0.00960	0.01085	0.00659	0.00773	0.05505	0.01366	0.01797	0.06949	0.29637	0.07208	0.01592	0.00758	0.00244	0.00452	0.37465	0.00545	0.00541
41	0.01691	0.01661	0.02321	0.01787	0.02241	0.15523	0.32828	0.04966	0.19317	0.09277	0.01531	0.01651	0.01132	0.00613	0.00619	0.00185	0.00807	0.00605	0.00419	0.00824
42	0.01373	0.01569	0.03431	0.02451	0.03039	0.01471	0.73824	0.01863	0.01373	0.01863	0.01176	0.01569	0.00882	0.00490	0.00686	0.00196	0.00980	0.00686	0.00294	0.00784
43	0.01399	0.01496	0.03014	0.02887	0.31475	0.01436	0.45722	0.01832	0.01354	0.01877	0.01144	0.01518	0.00897	0.00501	0.00643	0.00187	0.00867	0.00621	0.00292	0.00838
44	0.01524	0.01428	0.02253	0.02097	0.17483	0.01489	0.23957	0.11963	0.26892	0.02309	0.01599	0.01726	0.01213	0.00627	0.00617	0.00189	0.00695	0.00620	0.00434	0.00887
45	0.01407	0.01345	0.01879	0.02598	0.47834	0.09845	0.01393	0.01710	0.01446	0.03813	0.18733	0.02095	0.01994	0.00691	0.00596	0.00173	0.00628	0.00630	0.00383	0.00807
46	0.01346	0.01735	0.12426	0.02351	0.04497	0.01462	0.61405	0.01846	0.01340	0.01848	0.01147	0.01515	0.00862	0.00513	0.00701	0.00196	0.03083	0.00646	0.00287	0.00792
47	0.00696	0.00589	0.00602	0.00599	0.00791	0.00495	0.00449	0.00852	0.01347	0.01621	0.10523	0.05513	0.71036	0.01454	0.00687	0.00195	0.00293	0.01216	0.00547	0.00495
48	0.01366	0.42564	0.38744	0.01317	0.01990	0.01839	0.01555	0.01790	0.01204	0.01598	0.00923	0.01076	0.00742	0.00524	0.00460	0.00153	0.00737	0.00369	0.00247	0.00801
49	0.01215	0.12661	0.67324	0.01574	0.02388	0.01470	0.02004	0.01829	0.01222	0.01782	0.01014	0.01191	0.00738	0.00546	0.00530	0.00177	0.00830	0.00415	0.00246	0.00845
50	0.02440	0.01027	0.01344	0.01056	0.01489	0.00941	0.00864	0.02871	0.12311	0.65592	0.02305	0.02007	0.01488	0.00730	0.00586	0.00182	0.00490	0.00595	0.00701	0.00980
51	0.00730	0.00584	0.00658	0.00693	0.00849	0.00512	0.00522	0.00893	0.01316	0.01638	0.10941	0.18691	0.49132	0.01526	0.00710	0.00210	0.00327	0.09025	0.00548	0.00497
52	0.01916	0.01647	0.18216	0.01218	0.01715	0.07217	0.01163	0.11217	0.07791	0.31118	0.02148	0.02034	0.08462	0.00749	0.00583	0.00181	0.00617	0.00594	0.00534	0.00880
53	0.03244	0.03716	0.05603	0.21713	0.15271	0.01249	0.01300	0.03820	0.12144	0.23632	0.01604	0.01695	0.01140	0.00639	0.00571	0.00183	0.00623	0.00543	0.00455	0.00856
54	0.02609	0.00990	0.01350	0.01035	0.01484	0.00855	0.00855	0.02834	0.01664	0.76338	0.02294	0.01979	0.01439	0.00720	0.00585	0.00180	0.00495	0.00585	0.00720	0.00990
55	0.01370	0.01560	0.03383	0.02424	0.02995	0.01480	0.71705	0.01849	0.01358	0.01849	0.01164	0.01560	0.00879	0.00506	0.00722	0.00198	0.03244	0.00681	0.00293	0.00780
56	0.01579	0.01970	0.14770	0.01355	0.01749	0.24686	0.01209	0.04468	0.27997	0.01967	0.01739	0.02178	0.01446	0.00787	0.00590	0.00188	0.00727	0.09371	0.00433	0.00788
57	0.03389	0.12559	0.24130	0.01323	0.03632	0.03505	0.01298	0.02353	0.25825	0.11537	0.01733	0.01707	0.03165	0.00670	0.00544	0.00179	0.00624	0.00528	0.00435	0.00862
58	0.01383	0.01287	0.02390	0.01846	0.02216	0.01334	0.37176	0.01802	0.05091	0.08014	0.01591	0.02466	0.01391	0.00824	0.00926	0.00219	0.15591	0.13336	0.00380	0.00736
59	0.00819	0.00693	0.01115	0.01043	0.01192	0.00640	0.12362	0.00998	0.01209	0.01600	0.06946	0.53668	0.12358	0.01531	0.00723	0.00222	0.00433	0.01413	0.00505	0.00529
60	0.01161	0.06089	0.39829	0.01588	0.11084	0.01206	0.01557	0.05308	0.01356	0.01907	0.08015	0.06222	0.10665	0.00789	0.00586	0.00183	0.00668	0.00656	0.00354	0.00775
61	0.01391	0.01340	0.02333	0.02330	0.24905	0.03112	0.27451	0.05331	0.07100	0.03987	0.01589	0.13452	0.01435	0.00745	0.00642	0.00193	0.00724	0.00762	0.00379	0.00802
62	0.01058	0.00988	0.01867	0.01580	0.04137	0.00937	0.30019	0.01361	0.01267	0.01733	0.02223	0.29052	0.02337	0.01140	0.00703	0.00217	0.00634	0.12523	0.05596	0.00626
63	0.02548	0.01087	0.01410	0.01081	0.01533	0.01000	0.00893	0.13703	0.01828	0.65239	0.02157	0.01890	0.01371	0.00716	0.00584	0.00179	0.00517	0.00575	0.00699	0.00990
64	0.17549	0.12442	0.15085	0.01766	0.11300	0.10566	0.16641	0.03429	0.02709	0.01940	0.01016	0.01231	0.00798	0.00538	0.00520	0.00172	0.00762	0.00456	0.00304	0.00773
65	0.01208	0.11254	0.68669	0.01586	0.02407	0.01452	0.02025	0.01831	0.01223	0.01791	0.01018	0.01196	0.00738	0.00547	0.00533	0.00178	0.00834	0.00417	0.00246	0.00847
66	0.01582	0.01795	0.02326	0.01820	0.02215	0.25473	0.33213	0.05855	0.01459	0.01734	0.01200	0.03919	0.01007	0.01075	0.10194	0.00275	0.03228	0.00596	0.00321	0.00714
67	0.27447	0.06624	0.06231	0.01368	0.07785	0.23311	0.01057	0.13646	0.01524	0.02243	0.01001	0.01142	0.00786	0.00583	0.00476	0.00165	0.00704	0.00397	0.02765	0.00744
68	0.00688	0.00587	0.00591	0.00595	0.00787	0.00490	0.00445	0.00834	0.01320	0.01569	0.05817	0.07621	0.73723	0.01482	0.00689	0.00197	0.00296	0.01239	0.00540	0.00490
69	0.01443	0.01046	0.01240	0.04965	0.01444	0.01062	0.00827	0.26378	0.01942	0.06013	0.33612	0.02687	0.02936	0.00873	0.00608	0.00168	0.00456	0.00733	0.00567	0.11000
70	0.00708	0.00508	0.00673	0.00805	0.00842	0.00473	0.00538	0.00810	0.01118	0.01486	0.03264	0.77568	0.05423	0.01814	0.00741	0.00235	0.00336	0.01644	0.00540	0.00473
71	0.01344	0.01215	0.01668	0.38249	0.06606	0.03793	0.01353	0.11487	0.10500	0.01907	0.01329	0.05704	0.01098	0.00741	0.00754	0.00199	0.10370	0.00591	0.00361	0.00731
72	0.01324	0.34198	0.46740	0.01389	0.02101	0.01736	0.01681	0.01801	0.01209	0.01650	0.00948	0.01108	0.00741	0.00530	0.00480	0.00160	0.00763	0.00382	0.00247	0.00814
73	0.00829	0.00557	0.00639	0.00656	0.00660	0.00552	0.00376	0.00841	0.00879	0.01172	0.02002	0.13149	0.02329	0.69927	0.02685	0.00523	0.00536	0.00946	0.00376	0.00367
74	0.01555	0.79913	0.03047	0.00995	0.01493	0.02301	0.00995	0.01741	0.01182	0.01368	0.00808	0.00933	0.00746	0.00498	0.00373	0.00124	0.00622	0.00311	0.00249	0.00746
75	0.35461	0.01382	0.06083	0.01123	0.01570	0.03323	0.05365	0.16514	0.01558	0.20427	0.01324	0.01343	0.00922	0.00614	0.00495	0.00179	0.00573	0.00453	0.00478	0.00813
76	0.00913	0.00776	0.01072	0.01337	0.18350	0.00720	0.00795	0.01153	0.01443	0.01928	0.30492	0.04165	0.32357	0.01145	0.00661	0.00186	0.00380	0.00997	0.00518	0.00613
77	0.00709	0.00506	0.00675	0.00810	0.00843	0.00472	0.00540	0.00810	0.01113	0.01484	0.03205	0.79184	0.03846	0.01822	0.00742	0.00236	0.00337	0.01653	0.00540	0.00472
78	0.01373	0.01569	0.03431	0.02451	0.03039	0.01471	0.73824	0.01863	0.01373	0.01863	0.01176	0.01569	0.00882	0.00490	0.00686	0.00196	0.00980	0.00686	0.00294	0.00784
79	0.01206	0.01034	0.01206	0.00861	0.01378	0.00775	0.00689	0.01464	0.01206	0.01895	0.01034	0.01206	0.00861	0.00431	0.00431	0.00086	0.00431	0.00345	0.00345	0.83118
80	0.00687	0.00589	0.00589	0.00589	0.00785	0.00491	0.00442	0.00835	0.01325	0.01571	0.05891	0.05596	0.75700	0.01473	0.00687	0.00196	0.00295	0.01227	0.00540	0.00491
81	0.00687	0.00589	0.00589	0.00589	0.00785	0.00491	0.00442	0.00835	0.01325	0.01571	0.05891	0.05596	0.75700	0.01473	0.00687	0.00196	0.00295	0.01227	0.00540	0.00491
82	0.01353	0.39895	0.41295	0.01340	0.02026	0.01806	0.01595	0.01793	0.01206	0.01615	0.00931	0.01086	0.00741	0.00526	0.00466	0.00155	0.00745	0.00373	0.00247	0.00805
83	0.02283	0.01513	0.01673	0.01283	0.01746	0.01631	0.01060	0.61098	0.02540	0.16837	0.01559	0.01502	0.01071	0.00702	0.00582	0.00176	0.00614	0.00535	0.00607	0.00989
84	0.01084	0.00542	0.00542	0.00542	0.00678	0.00542	0.00407	0.01355	0.01220	0.02168	0.01897	0.02168	0.01491	0.00678	0.00407	0.00136	0.00271	0.00542	0.82791	0.00542
85	0.01446	0.01249	0.01315	0.01183	0.01512	0.01446	0.00920	0.03090	0.74885	0.02433	0.02367	0.02170	0.01775	0.00789	0.00592	0.00197	0.00460	0.00657	0.00592	0.00920
86	0.01439	0.01382	0.02360	0.03569	0.75936	0.01382	0.01785	0.01785	0.01324	0.01900	0.01094	0.01439	0.00921	0.00518	0.00576	0.00173	0.00691	0.00518	0.00288	0.00921
87	0.01555	0.79913	0.03047	0.00995	0.01493	0.02301	0.00995	0.01741	0.01182	0.01368	0.00808	0.00933	0.00746	0.00498	0.00373	0.00124	0.00622	0.00311	0.00249	0.00746
88	0.02211	0.01629	0.01745	0.01338	0.01803	0.01803	0.01105	0.73997	0.02734	0.03665	0.01396	0.01396	0.00989	0.00698	0.00582	0.00175	0.00640	0.00524	0.00582	0.00989
89	0.00687	0.00589	0.00589	0.00589	0.00785	0.00491	0.00442	0.00835	0.01325	0.01571	0.05891	0.05596	0.75700	0.01473	0.00687	0.00196	0.00295	0.01227	0.00540	0.00491
90	0.02260	0.01550	0.01696	0.01300	0.01764	0.01686	0.01074	0.65176	0.02602	0.12673	0.01507	0.01468	0.01045	0.00701	0.00582	0.00175	0.00622	0.00531	0.00599	0.00989
91	0.06502	0.01758	0.01630	0.01330	0.01730	0.30415	0.07064	0.05421	0.01643	0.34433	0.01549	0.01509	0.01066	0.00644	0.00558	0.00169	0.00753	0.00496	0.00498	0.00832
92	0.83671	0.01125	0.00855	0.00765	0.01125	0.01305	0.00630	0.01709	0.00990	0.02609	0.00810	0.00945	0.00630	0.00540	0.00360	0.00180	0.00450	0.00315	0.00360	0.00630
93	0.01439	0.01382	0.02360	0.03569	0.75936	0.01382	0.01785	0.01785	0.01324	0.01900	0.01094	0.01439	0.00921	0.00518	0.00576	0.00173	0.00691	0.00518	0.00288	0.00921
94	0.23547	0.02120	0.01403	0.01249	0.01583	0.47899	0.00961	0.02225	0.01478	0.11019	0.01049	0.01137	0.00803	0.00599	0.00489	0.00161	0.00823	0.00385	0.00367	0.00702
95	0.01159	0.00644	0.00880	0.00830	0.00887	0.00666	0.00579	0.09836	0.01003	0.01339	0.01058	0.01722	0.01007	0.01856	0.02063	0.72805	0.00522	0.00507	0.00293	0.00344
96	0.00687	0.00589	0.00589	0.00589	0.00785	0.00491	0.00442	0.00835	0.01325	0.01571	0.05891	0.05596	0.75700	0.01473	0.00687	0.00196	0.00295	0.01227	0.00540	0.00491
97	0.00709	0.00506	0.00675	0.00810	0.00843	0.00472	0.00540	0.00810	0.01113	0.01484	0.03205	0.79184	0.03846	0.01822	0.00742	0.00236	0.00337	0.01653	0.00540	0.00472
98	0.01373	0.01569	0.03431	0.02451	0.03039	0.01471	0.73824	0.01863	0.01373	0.01863	0.01176	0.01569	0.00882	0.00490	0.00686	0.00196	0.00980	0.00686	0.00294	0.00784
99	0.01285	0.01309	0.01986	0.01641	0.01714	0.01743	0.10265	0.01457	0.00950	0.01457	0.00815	0.01309	0.00778	0.00952	0.01757	0.00247	0.68890	0.00531	0.00259	0.00654
100	0.01926	0.01246	0.01359	0.01084	0.01454	0.01337	0.00882	0.42515	0.05927	0.12218	0.01689	0.01710	0.01217	0.00700	0.00537	0.00166	0.00516	0.00543	0.22106	0.00869
101	0.05820	0.01308	0.01366	0.01189	0.01542	0.01501	0.00937	0.15269	0.58608	0.02655	0.02119	0.01973	0.01580	0.00760	0.00578	0.00192	0.00491	0.00617	0.00578	0.00917
102	0.01631	0.70351	0.02874	0.01057	0.01530	0.11588	0.01011	0.01813	0.01239	0.01375	0.00820	0.00947	0.00747	0.00510	0.00392	0.00128	0.00675	0.00319	0.00255	0.00737
103	0.02231	0.01596	0.01725	0.01322	0.01787	0.01754	0.01092	0.70326	0.02679	0.07414	0.01442	0.01426	0.01012	0.00699	0.00582	0.00175	0.00632	0.00527	0.00589	0.00989
104	0.23816	0.01025	0.01220	0.00964	0.01390	0.00972	0.00796	0.02540	0.01488	0.57050	0.01906	0.01709	0.01228	0.00673	0.00526	0.00180	0.00483	0.00514	0.00626	0.00896
105	0.01439	0.01382	0.02360	0.03569	0.75936	0.01382	0.01785	0.01785	0.01324	0.01900	0.01094	0.01439	0.00921	0.00518	0.00576	0.00173	0.00691	0.00518	0.00288	0.00921
106	0.01122	0.00905	0.00909	0.10333	0.01326	0.07145	0.00692	0.07720	0.01425	0.01922	0.03220	0.03266	0.30243	0.00971	0.00563	0.00171	0.00441	0.00791	0.26249	0.00586
107	0.01864	0.02308	0.02336	0.01866	0.02276	0.48019	0.29154	0.02145	0.01542	0.01593	0.01006	0.01249	0.00800	0.00557	0.00587	0.00168	0.01022	0.00495	0.00298	0.00717
108	0.00771	0.00592	0.00705	0.00677	0.00837	0.00526	0.00507	0.00996	0.01522	0.02039	0.48741	0.04827	0.32558	0.01298	0.00686	0.00188	0.00282	0.01119	0.00602	0.00526
109	0.00765	0.00588	0.00699	0.00681	0.00835	0.00522	0.00507	0.00981	0.01495	0.01995	0.45005	0.08687	0.32474	0.01331	0.00689	0.00191	0.00285	0.01150	0.00596	0.00522
110	0.01299	0.00947	0.01101	0.01027	0.01232	0.00996	0.00778	0.29048	0.01750	0.02338	0.02501	0.45446	0.02719	0.01377	0.00684	0.00214	0.00464	0.04847	0.00556	0.00675
111	0.01373	0.01569	0.03431	0.02451	0.03039	0.01471	0.73824	0.01863	0.01373	0.01863	0.01176	0.01569	0.00882	0.00490	0.00686	0.00196	0.00980	0.00686	0.00294	0.00784
112	0.00831	0.00623	0.00935	0.00935	0.01038	0.00727	0.00727	0.01038	0.00935	0.01350	0.01558	0.02285	0.01454	0.04361	0.77259	0.00935	0.01558	0.00623	0.00312	0.00519
113	0.00706	0.00516	0.00664	0.00782	0.00836	0.00475	0.00528	0.00813	0.01140	0.01495	0.03538	0.70062	0.12752	0.01779	0.00735	0.00231	0.00332	0.01600	0.00540	0.00475
114	0.00709	0.00506	0.00675	0.00810	0.00843	0.00472	0.00540	0.00810	0.01113	0.01484	0.03205	0.79184	0.03846	0.01822	0.00742	0.00236	0.00337	0.01653	0.00540	0.00472
115	0.01350	0.01291	0.02199	0.23084	0.57118	0.01358	0.01740	0.01706	0.01282	0.01792	0.01078	0.01468	0.00883	0.00535	0.00577	0.00178	0.00713	0.00518	0.00280	0.00849
116	0.01439	0.01382	0.02360	0.03569	0.75936	0.01382	0.01785	0.01785	0.01324	0.01900	0.01094	0.01439	0.00921	0.00518	0.00576	0.00173	0.00691	0.00518	0.00288	0.00921
117	0.02558	0.00978	0.01333	0.01026	0.01467	0.00846	0.00846	0.02784	0.01664	0.74224	0.04390	0.02047	0.01555	0.00733	0.00588	0.00180	0.00489	0.00598	0.00717	0.00977
118	0.00737	0.00526	0.00707	0.00842	0.00888	0.00497	0.00589	0.00859	0.01141	0.01516	0.03189	0.70182	0.03784	0.01795	0.00750	0.00240	0.00362	0.10375	0.00539	0.00480
119	0.01044	0.00740	0.00868	0.00792	0.01000	0.00702	0.00612	0.10131	0.01646	0.06063	0.35012	0.07894	0.26562	0.01236	0.00675	0.00191	0.00349	0.03281	0.00598	0.00604
120	0.02096	0.08455	0.01685	0.01273	0.01671	0.35601	0.02916	0.05986	0.01607	0.21203	0.01306	0.01334	0.00959	0.00604	0.00523	0.00150	0.00769	0.00436	0.00425	0.11001
121	0.69333	0.05393	0.01066	0.00868	0.01227	0.10767	0.00710	0.01787	0.01081	0.02398	0.00821	0.00957	0.00651	0.00545	0.00381	0.00173	0.00533	0.00322	0.00347	0.00641
122	0.01801	0.01214	0.01379	0.01106	0.01462	0.01282	0.00894	0.40111	0.04533	0.12217	0.24787	0.02416	0.02478	0.00857	0.00615	0.00179	0.00502	0.00701	0.00617	0.00849
123	0.01213	0.01018	0.01109	0.01045	0.01294	0.01136	0.00792	0.02370	0.50999	0.02183	0.07329	0.18517	0.06394	0.01066	0.00634	0.00204	0.00414	0.00920	0.00581	0.00781
124	0.00846	0.00564	0.00634	0.00634	0.00634	0.00564	0.00352	0.00846	0.00846	0.01128	0.01832	0.03805	0.02114	0.79563	0.02960	0.00564	0.00564	0.00846	0.00352	0.00352
125	0.01491	0.01519	0.02638	0.01979	0.02465	0.06174	0.45737	0.06092	0.14552	0.04136	0.01531	0.01950	0.01205	0.00636	0.00658	0.00196	0.00832	0.05013	0.00390	0.00804
126	0.01373	0.01569	0.03431	0.02451	0.03039	0.01471	0.73824	0.01863	0.01373	0.01863	0.01176	0.01569	0.00882	0.00490	0.00686	0.00196	0.00980	0.00686	0.00294	0.00784
127	0.01439	0.01382	0.02360	0.03569	0.75936	0.01382	0.01785	0.01785	0.01324	0.01900	0.01094	0.01439	0.00921	0.00518	0.00576	0.00173	0.00691	0.00518	0.00288	0.00921
128	0.00709	0.00506	0.00675	0.00810	0.00843	0.00472	0.00540	0.00810	0.01113	0.01484	0.03205	0.79184	0.03846	0.01822	0.00742	0.00236	0.00337	0.01653	0.00540	0.00472
129	0.01272	0.01272	0.01781	0.01527	0.01527	0.01781	0.01272	0.01399	0.00891	0.01399	0.00763	0.01272	0.00763	0.01018	0.01908	0.00254	0.78499	0.00509	0.00254	0.00636
130	0.00709	0.00506	0.00675	0.00810	0.00843	0.00472	0.00540	0.00810	0.01113	0.01484	0.03205	0.79184	0.03846	0.01822	0.00742	0.00236	0.00337	0.01653	0.00540	0.00472
131	0.00687	0.00589	0.00589	0.00589	0.00785	0.00491	0.00442	0.00835	0.01325	0.01571	0.05891	0.05596	0.75700	0.01473	0.00687	0.00196	0.00295	0.01227	0.00540	0.00491
132	0.00831	0.00623	0.00935	0.00935	0.01038	0.00727	0.00727	0.01038	0.00935	0.01350	0.01558	0.02285	0.01454	0.04361	0.77259	0.00935	0.01558	0.00623	0.00312	0.00519
133	0.00709	0.00506	0.00675	0.00810	0.00843	0.00472	0.00540	0.00810	0.01113	0.01484	0.03205	0.79184	0.03846	0.01822	0.00742	0.00236	0.00337	0.01653	0.00540	0.00472
134	0.00795	0.00593	0.00738	0.00702	0.00851	0.00537	0.00527	0.01043	0.01580	0.02174	0.61148	0.04604	0.20066	0.01248	0.00686	0.00186	0.00279	0.01088	0.00619	0.00537
135	0.02172	0.02772	0.01648	0.01498	0.01798	0.77228	0.01124	0.02322	0.01648	0.01423	0.00899	0.01049	0.00749	0.00599	0.00524	0.00150	0.01049	0.00375	0.00300	0.00674
136	0.01555	0.79913	0.03047	0.00995	0.01493	0.02301	0.00995	0.01741	0.01182	0.01368	0.00808	0.00933	0.00746	0.00498	0.00373	0.00124	0.00622	0.00311	0.00249	0.00746
137	0.00732	0.00580	0.00659	0.00661	0.00819	0.00507	0.00487	0.00914	0.01400	0.01799	0.27399	0.14325	0.44803	0.01427	0.00694	0.00197	0.00294	0.01225	0.00571	0.00507
138	0.00703	0.00528	0.00652	0.00752	0.00828	0.00477	0.00514	0.00816	0.01169	0.01507	0.03908	0.59932	0.22644	0.01731	0.00728	0.00226	0.00326	0.01542	0.00540	0.00477
139	0.01272	0.01272	0.01781	0.01527	0.01527	0.01781	0.01272	0.01399	0.00891	0.01399	0.00763	0.01272	0.00763	0.01018	0.01908	0.00254	0.78499	0.00509	0.00254	0.00636
140	0.01272	0.01272	0.01781	0.01527	0.01527	0.01781	0.01272	0.01399	0.00891	0.01399	0.00763	0.01272	0.00763	0.01018	0.01908	0.00254	0.78499	0.00509	0.00254	0.00636
141	0.01084	0.00542	0.00542	0.00542	0.00678	0.00542	0.00407	0.01355	0.01220	0.02168	0.01897	0.02168	0.01491	0.00678	0.00407	0.00136	0.00271	0.00542	0.82791	0.00542

[dist]
# distance from previous block
# <min> <max>
0	5

[block]
# block no. 3 follows, 40 sequences, length 27
# corresponding to MSA columns:
# 394-420
name=unknown_D
#
# <colnr> <probs for GDERKNQSTAVLIFYWHMCP>
#	G	D	E	R	K	N	Q	S	T	A	V	L	I	F	Y	W	H	M	C	P
0	0.00825	0.00614	0.00780	0.00795	0.00944	0.00570	0.00634	0.01069	0.01488	0.01995	0.39564	0.05248	0.20667	0.01370	0.00719	0.00210	0.00352	0.21037	0.00588	0.00532
1	0.01035	0.00918	0.01479	0.47992	0.08175	0.01060	0.01286	0.01383	0.01329	0.01787	0.24936	0.02437	0.02295	0.00771	0.00614	0.00189	0.00609	0.00688	0.00383	0.00635
2	0.01439	0.01382	0.02360	0.03569	0.75936	0.01382	0.01785	0.01785	0.01324	0.01900	0.01094	0.01439	0.00921	0.00518	0.00576	0.00173	0.00691	0.00518	0.00288	0.00921
3	0.01679	0.01914	0.01431	0.08383	0.01810	0.44107	0.01108	0.03442	0.01528	0.01579	0.01620	0.02868	0.01589	0.00922	0.00620	0.00192	0.00850	0.23344	0.00378	0.00634
4	0.01520	0.01023	0.01126	0.00901	0.01289	0.04192	0.00716	0.06335	0.04961	0.20051	0.02786	0.02679	0.22081	0.00835	0.00562	0.00154	0.00450	0.00679	0.00516	0.27144
5	0.01536	0.21645	0.04903	0.01231	0.01547	0.22027	0.01080	0.06233	0.01443	0.01667	0.01605	0.02825	0.01596	0.00921	0.00647	0.00189	0.04527	0.23330	0.00375	0.00674
6	0.01433	0.37425	0.19014	0.01204	0.01729	0.01814	0.01230	0.02196	0.24804	0.01816	0.01361	0.01395	0.01074	0.00603	0.00483	0.00161	0.00623	0.00449	0.00358	0.00828
7	0.01190	0.00866	0.01018	0.00979	0.01151	0.00899	0.00721	0.24257	0.01633	0.02183	0.02626	0.54263	0.02931	0.01462	0.00691	0.00216	0.00434	0.01291	0.00553	0.00638
8	0.01330	0.01270	0.02163	0.27468	0.52891	0.01353	0.01730	0.01689	0.01272	0.01767	0.01075	0.01475	0.00874	0.00538	0.00578	0.00179	0.00718	0.00518	0.00278	0.00833
9	0.01532	0.01760	0.01469	0.01672	0.18137	0.35596	0.01054	0.01725	0.01472	0.01578	0.02542	0.02593	0.24800	0.00861	0.00588	0.00170	0.00727	0.00680	0.00374	0.00671
10	0.01390	0.01137	0.01050	0.00916	0.01172	0.10149	0.00718	0.20361	0.01691	0.02253	0.02885	0.02897	0.25018	0.00940	0.00609	0.00171	0.03217	0.00735	0.22027	0.00662
11	0.00805	0.00506	0.00701	0.00793	0.00816	0.00483	0.00529	0.00793	0.00999	0.01333	0.02502	0.54382	0.02938	0.01885	0.01233	0.26777	0.00391	0.01285	0.00448	0.00402
12	0.01254	0.02487	0.52782	0.02270	0.26038	0.01361	0.02032	0.01823	0.01259	0.01860	0.01060	0.01296	0.00796	0.00541	0.00560	0.00180	0.00805	0.00458	0.00259	0.00879
13	0.05310	0.01711	0.01298	0.01134	0.01445	0.30243	0.00879	0.19915	0.01790	0.02089	0.02620	0.02589	0.24816	0.00901	0.00584	0.00172	0.00677	0.00683	0.00451	0.00693
14	0.01669	0.01015	0.01216	0.00994	0.01307	0.01019	0.00796	0.24842	0.01999	0.19393	0.35363	0.02868	0.03136	0.00926	0.00630	0.00180	0.00441	0.00778	0.00639	0.00789
15	0.01268	0.00926	0.01087	0.00926	0.01168	0.00951	0.00727	0.24452	0.01995	0.02759	0.51847	0.03399	0.04046	0.01032	0.00653	0.00180	0.00391	0.00882	0.00621	0.00690
16	0.00738	0.00581	0.00604	0.00604	0.00737	0.00514	0.00413	0.00838	0.01172	0.01429	0.04591	0.05023	0.52125	0.26491	0.01415	0.00314	0.00381	0.01105	0.00480	0.00447
17	0.01259	0.01205	0.01919	0.01371	0.01910	0.00998	0.24119	0.01592	0.01259	0.01885	0.01079	0.01322	0.00868	0.00450	0.00513	0.00121	0.00607	0.00454	0.00328	0.56741
18	0.00984	0.00629	0.00811	0.00901	0.01036	0.00629	0.00767	0.01253	0.01301	0.01877	0.02700	0.05153	0.02752	0.01309	0.00676	0.00225	0.00451	0.49122	0.26888	0.00538
19	0.00846	0.00564	0.00634	0.00634	0.00634	0.00564	0.00352	0.00846	0.00846	0.01128	0.01832	0.03805	0.02114	0.79563	0.02960	0.00564	0.00564	0.00846	0.00352	0.00352
20	0.01000	0.00559	0.00617	0.00603	0.00739	0.00544	0.00452	0.01272	0.01356	0.02221	0.25518	0.02865	0.02771	0.00841	0.00496	0.00151	0.00272	0.00705	0.56473	0.00544
21	0.04186	0.01752	0.01569	0.01275	0.01684	0.23867	0.01020	0.28282	0.02029	0.26258	0.01523	0.01470	0.01054	0.00672	0.00561	0.00169	0.00710	0.00494	0.00537	0.00888
22	0.02000	0.00835	0.01133	0.00963	0.01279	0.00732	0.00754	0.02185	0.01488	0.52357	0.02586	0.26713	0.02211	0.01073	0.00635	0.00198	0.00444	0.00927	0.00662	0.00824
23	0.01352	0.29903	0.03997	0.26072	0.02666	0.01711	0.17580	0.01786	0.06521	0.01603	0.01080	0.01368	0.00860	0.00545	0.00529	0.00169	0.00744	0.00488	0.00287	0.00737
24	0.01193	0.00893	0.01005	0.00931	0.01149	0.00911	0.00710	0.24278	0.01696	0.02215	0.03319	0.32464	0.21587	0.01363	0.00679	0.00207	0.00430	0.03771	0.00553	0.00645
25	0.01011	0.00814	0.00896	0.00822	0.01049	0.00819	0.00631	0.06689	0.18064	0.02159	0.27117	0.04123	0.31215	0.01172	0.00658	0.00191	0.00350	0.00992	0.00587	0.00642
26	0.03645	0.00876	0.01094	0.00893	0.01254	0.00774	0.00721	0.02181	0.04780	0.47568	0.03419	0.03125	0.25228	0.00960	0.00613	0.00186	0.00428	0.00788	0.00649	0.00819

[dist]
# distance from previous block
# <min> <max>
0	1

[block]
# block no. 4 follows, 40 sequences, length 100
# corresponding to MSA columns:
# 422-521
name=unknown_E
#
# <colnr> <probs for GDERKNQSTAVLIFYWHMCP>
#	G	D	E	R	K	N	Q	S	T	A	V	L	I	F	Y	W	H	M	C	P
0	0.02040	0.02155	0.01610	0.01392	0.01743	0.41352	0.01079	0.22423	0.16333	0.02245	0.01326	0.01366	0.01017	0.00664	0.00554	0.00166	0.00819	0.00472	0.00436	0.00810
1	0.01646	0.23048	0.16282	0.01275	0.01747	0.17332	0.01221	0.04233	0.08843	0.07454	0.01270	0.01502	0.01029	0.00645	0.00558	0.00163	0.03414	0.03541	0.00357	0.04438
2	0.01390	0.47298	0.34220	0.01276	0.01927	0.01898	0.01484	0.01784	0.01201	0.01569	0.00908	0.01058	0.00742	0.00521	0.00449	0.00150	0.00723	0.00361	0.00247	0.00794
3	0.01373	0.01569	0.03431	0.02451	0.03039	0.01471	0.73824	0.01863	0.01373	0.01863	0.01176	0.01569	0.00882	0.00490	0.00686	0.00196	0.00980	0.00686	0.00294	0.00784
