[name]
unknown

[dist]
# distance from previous block
# <min> <max>
0	494

[block]
# block no. 0 follows, 54 sequences, length 111
# corresponding to MSA columns:
# 564-674
name=unknown_A
#
# <colnr> <probs for GDERKNQSTAVLIFYWHMCP>
#	G	D	E	R	K	N	Q	S	T	A	V	L	I	F	Y	W	H	M	C	P
0	0.01010	0.00772	0.00940	0.00767	0.01096	0.00639	0.00634	0.04063	0.01074	0.05896	0.01364	0.02219	0.01286	0.00634	0.00444	0.00117	0.00382	0.21613	0.00346	0.54703
1	0.23057	0.01289	0.22480	0.00852	0.01313	0.00865	0.00865	0.01321	0.00937	0.01674	0.00793	0.00928	0.00623	0.00399	0.00361	0.00111	0.00447	0.00292	0.00261	0.41131
2	0.00997	0.00749	0.00854	0.00804	0.03405	0.01894	0.00592	0.05329	0.20281	0.08590	0.10339	0.15571	0.18743	0.00881	0.00509	0.00152	0.00333	0.00753	0.00446	0.08777
3	0.01247	0.30244	0.16865	0.01195	0.09035	0.16676	0.01037	0.04377	0.05626	0.01358	0.00974	0.07544	0.00875	0.00535	0.00410	0.00130	0.00587	0.00406	0.00257	0.00623
4	0.86760	0.00912	0.00693	0.00620	0.00912	0.01058	0.00511	0.01386	0.00802	0.02115	0.00657	0.00766	0.00511	0.00438	0.00292	0.00146	0.00365	0.00255	0.00292	0.00511
5	0.00675	0.00500	0.00732	0.00732	0.00807	0.00575	0.00557	0.00826	0.00750	0.01076	0.01286	0.01982	0.01235	0.11951	0.73223	0.00726	0.01178	0.00524	0.00256	0.00407
6	0.02026	0.00946	0.01183	0.00907	0.01275	0.00906	0.00749	0.23500	0.01590	0.59274	0.01659	0.01474	0.01066	0.00579	0.00473	0.00145	0.00434	0.00460	0.00553	0.00802
7	0.00667	0.00482	0.00630	0.00593	0.00704	0.00445	0.00445	0.00890	0.01335	0.01891	0.80239	0.03522	0.04449	0.00964	0.00556	0.00148	0.00222	0.00853	0.00519	0.00445
8	0.00618	0.00469	0.00575	0.00611	0.00715	0.00426	0.00459	0.00766	0.01092	0.01425	0.22368	0.26146	0.29229	0.01231	0.00583	0.00174	0.00272	0.11971	0.00457	0.00411
9	0.00855	0.00521	0.00679	0.00617	0.00750	0.00478	0.00461	0.01051	0.01274	0.11925	0.62580	0.03234	0.03764	0.08875	0.00724	0.00178	0.00268	0.00788	0.00505	0.00475
10	0.00871	0.00546	0.00727	0.00705	0.00771	0.00591	0.00503	0.01033	0.16799	0.01093	0.01106	0.01558	0.00996	0.01698	0.12644	0.56777	0.00521	0.00448	0.00268	0.00346
11	0.00615	0.00456	0.00507	0.00528	0.00595	0.00420	0.00343	0.00676	0.00878	0.01109	0.02968	0.19340	0.32176	0.35767	0.01339	0.00291	0.00337	0.00933	0.00374	0.00348
12	0.01017	0.00978	0.01315	0.01089	0.01205	0.01218	0.00901	0.01149	0.00793	0.01246	0.00680	0.01017	0.00641	0.00694	0.01216	0.00169	0.59815	0.00376	0.00227	0.24258
13	0.17933	0.01109	0.01142	0.00929	0.01261	0.01226	0.00753	0.35400	0.23264	0.05627	0.01272	0.01246	0.00931	0.00550	0.00433	0.00144	0.00435	0.00416	0.00433	0.05494
14	0.86760	0.00912	0.00693	0.00620	0.00912	0.01058	0.00511	0.01386	0.00802	0.02115	0.00657	0.00766	0.00511	0.00438	0.00292	0.00146	0.00365	0.00255	0.00292	0.00511
15	0.01293	0.78412	0.02397	0.00833	0.01226	0.07050	0.00814	0.01443	0.00983	0.01112	0.00660	0.00762	0.00605	0.00409	0.00311	0.00102	0.00527	0.00255	0.00204	0.00601
16	0.00685	0.00461	0.00534	0.00534	0.00541	0.00468	0.00310	0.00698	0.00691	0.00929	0.01468	0.02987	0.01671	0.77015	0.08755	0.00481	0.00522	0.00671	0.00283	0.00297
17	0.01598	0.22313	0.01642	0.00994	0.01365	0.03265	0.00852	0.52630	0.04311	0.02373	0.01139	0.01155	0.03218	0.00545	0.00430	0.00132	0.00509	0.00399	0.00397	0.00732
18	0.25016	0.01199	0.01048	0.00923	0.01195	0.13754	0.00732	0.13581	0.28056	0.01983	0.01247	0.01358	0.00979	0.00633	0.02063	0.00162	0.02002	0.03055	0.00378	0.00637
19	0.63100	0.23825	0.01185	0.00672	0.00994	0.01281	0.00593	0.01393	0.00845	0.01837	0.00656	0.00763	0.00537	0.00428	0.00295	0.00133	0.00403	0.00254	0.00267	0.00537
20	0.01633	0.01243	0.01303	0.01044	0.01386	0.03819	0.00847	0.52270	0.23578	0.05816	0.01367	0.01316	0.00987	0.00585	0.00473	0.00146	0.00484	0.00453	0.00471	0.00779
21	0.01160	0.00832	0.00996	0.00721	0.01131	0.00639	0.00580	0.01365	0.01037	0.14257	0.01002	0.01078	0.00774	0.00387	0.00369	0.00082	0.00358	0.00311	0.00328	0.72592
22	0.01073	0.00734	0.01920	0.00723	0.00890	0.02203	0.00535	0.03823	0.19272	0.14016	0.03232	0.02535	0.08426	0.33212	0.04011	0.00294	0.00445	0.01735	0.00400	0.00521
23	0.01171	0.47890	0.14640	0.00975	0.01391	0.01533	0.04203	0.01639	0.17069	0.01373	0.01013	0.01160	0.00843	0.00486	0.00383	0.00127	0.00518	0.02676	0.00267	0.00645
24	0.00586	0.00455	0.00534	0.00565	0.00668	0.00402	0.00404	0.00713	0.01067	0.01376	0.19524	0.32375	0.37148	0.01248	0.00573	0.00168	0.00248	0.01089	0.00454	0.00402
25	0.01418	0.15114	0.24325	0.01190	0.01590	0.43069	0.02491	0.01673	0.01175	0.01263	0.02182	0.00932	0.00675	0.00469	0.00417	0.00127	0.00739	0.00323	0.00229	0.00599
26	0.00978	0.00838	0.00978	0.00698	0.01117	0.00629	0.00559	0.01187	0.00978	0.01536	0.00838	0.00978	0.00698	0.00349	0.00349	0.00070	0.00349	0.00279	0.00279	0.86312
27	0.00696	0.00473	0.00541	0.00535	0.00535	0.00485	0.00307	0.00698	0.00687	0.00920	0.01461	0.03027	0.01683	0.81082	0.02376	0.00450	0.02791	0.00678	0.00283	0.00292
28	0.01113	0.01272	0.02782	0.01987	0.02464	0.01192	0.78776	0.01510	0.01113	0.01510	0.00954	0.01272	0.00715	0.00397	0.00556	0.00159	0.00795	0.00556	0.00238	0.00636
29	0.00655	0.00473	0.00636	0.00733	0.00805	0.00453	0.00569	0.00802	0.01007	0.01323	0.05846	0.42838	0.07303	0.01367	0.00618	0.00199	0.00337	0.33191	0.00440	0.00408
30	0.00667	0.00482	0.00630	0.00593	0.00704	0.00445	0.00445	0.00890	0.01335	0.01891	0.80239	0.03522	0.04449	0.00964	0.00556	0.00148	0.00222	0.00853	0.00519	0.00445
31	0.00680	0.00455	0.00516	0.00521	0.00523	0.00453	0.00293	0.00684	0.00696	0.00929	0.01541	0.07035	0.01783	0.79386	0.02311	0.00444	0.00448	0.00718	0.00293	0.00290
32	0.01167	0.01120	0.01914	0.02894	0.80488	0.01120	0.01447	0.01447	0.01074	0.01540	0.00887	0.01167	0.00747	0.00420	0.00467	0.00140	0.00560	0.00420	0.00233	0.00747
33	0.01113	0.01272	0.02782	0.01987	0.02464	0.01192	0.78776	0.01510	0.01113	0.01510	0.00954	0.01272	0.00715	0.00397	0.00556	0.00159	0.00795	0.00556	0.00238	0.00636
34	0.01167	0.01120	0.01914	0.02894	0.80488	0.01120	0.01447	0.01447	0.01074	0.01540	0.00887	0.01167	0.00747	0.00420	0.00467	0.00140	0.00560	0.00420	0.00233	0.00747
35	0.00625	0.00471	0.00578	0.00571	0.00684	0.00424	0.00421	0.00802	0.01207	0.01634	0.49639	0.14369	0.24662	0.01094	0.00562	0.00157	0.00234	0.00956	0.00486	0.00424
36	0.00557	0.00478	0.00478	0.00478	0.00637	0.00398	0.00358	0.00677	0.01075	0.01274	0.04776	0.04538	0.80297	0.01194	0.00557	0.00159	0.00239	0.00995	0.00438	0.00398
37	0.00667	0.00482	0.00630	0.00593	0.00704	0.00445	0.00445	0.00890	0.01335	0.01891	0.80239	0.03522	0.04449	0.00964	0.00556	0.00148	0.00222	0.00853	0.00519	0.00445
38	0.00657	0.00482	0.00616	0.00582	0.00698	0.00441	0.00437	0.00870	0.01310	0.01833	0.73196	0.03617	0.11528	0.00985	0.00556	0.00149	0.00224	0.00866	0.00511	0.00441
39	0.01217	0.01035	0.01091	0.00968	0.01243	0.01193	0.00757	0.07913	0.74158	0.02043	0.01863	0.01715	0.01394	0.00634	0.00479	0.00159	0.00383	0.00525	0.00479	0.00750
40	0.00653	0.00472	0.00556	0.00540	0.00618	0.00440	0.00367	0.00770	0.01034	0.01395	0.35188	0.03554	0.18274	0.32687	0.01265	0.00269	0.00316	0.00816	0.00413	0.00375
41	0.04756	0.01050	0.01333	0.01014	0.01390	0.01053	0.06404	0.33265	0.01666	0.40897	0.01459	0.01361	0.00964	0.00558	0.00473	0.00145	0.00476	0.00453	0.00504	0.00780
42	0.00675	0.00501	0.00739	0.00739	0.00817	0.00579	0.00566	0.00830	0.00752	0.01081	0.01280	0.01947	0.01220	0.09681	0.75473	0.00735	0.01201	0.00519	0.00255	0.00411
43	0.00890	0.00838	0.01414	0.82296	0.03247	0.01048	0.01309	0.01205	0.00943	0.01205	0.00838	0.01257	0.00629	0.00471	0.00471	0.00157	0.00629	0.00419	0.00210	0.00524
44	0.00574	0.00410	0.00547	0.00657	0.00684	0.00383	0.00438	0.00657	0.00903	0.01204	0.02599	0.83122	0.03119	0.01477	0.00602	0.00191	0.00274	0.01340	0.00438	0.00383
45	0.29482	0.01668	0.01139	0.01001	0.01280	0.42858	0.00778	0.13686	0.01299	0.01750	0.00768	0.00867	0.00606	0.00483	0.00389	0.00133	0.00640	0.00307	0.00294	0.00575
46	0.00559	0.00478	0.00480	0.00480	0.00638	0.00399	0.00360	0.00680	0.01079	0.01285	0.06109	0.04520	0.78958	0.01190	0.00557	0.00159	0.00239	0.00993	0.00439	0.00399
47	0.00680	0.00461	0.00549	0.00577	0.00595	0.00458	0.00365	0.00718	0.00765	0.01015	0.01761	0.14126	0.02027	0.62184	0.01940	0.00392	0.00430	0.10314	0.00325	0.00317
48	0.86760	0.00912	0.00693	0.00620	0.00912	0.01058	0.00511	0.01386	0.00802	0.02115	0.00657	0.00766	0.00511	0.00438	0.00292	0.00146	0.00365	0.00255	0.00292	0.00511
49	0.00686	0.00457	0.00514	0.00514	0.00514	0.00457	0.00286	0.00686	0.00686	0.00914	0.01486	0.03086	0.01714	0.83430	0.02400	0.00457	0.00457	0.00686	0.00286	0.00286
50	0.00659	0.00446	0.00522	0.00548	0.00555	0.00439	0.00322	0.00679	0.00738	0.00983	0.01752	0.22209	0.02050	0.63848	0.01970	0.00394	0.00413	0.00842	0.00322	0.00309
51	0.01309	0.01081	0.01143	0.00987	0.01278	0.01237	0.00779	0.19343	0.62576	0.02193	0.01746	0.01621	0.01299	0.00623	0.00478	0.00156	0.00405	0.00509	0.00478	0.00759
52	0.01349	0.01101	0.01166	0.00995	0.01293	0.01255	0.00789	0.24281	0.57574	0.02257	0.01695	0.01580	0.01258	0.00619	0.00477	0.00155	0.00415	0.00502	0.00477	0.00762
53	0.13404	0.24548	0.01270	0.00774	0.01028	0.01008	0.00674	0.01358	0.02330	0.14275	0.05399	0.11630	0.01653	0.00797	0.00458	0.00155	0.00409	0.17900	0.00376	0.00554
54	0.01261	0.83713	0.02471	0.00807	0.01210	0.01866	0.00807	0.01412	0.00958	0.01109	0.00656	0.00756	0.00605	0.00403	0.00303	0.00101	0.00504	0.00252	0.00202	0.00605
55	0.74618	0.01024	0.00777	0.00687	0.00980	0.07514	0.00559	0.03248	0.00900	0.05182	0.00721	0.00814	0.00551	0.00450	0.00314	0.00144	0.00409	0.00272	0.00304	0.00532
56	0.00981	0.02392	0.77658	0.01333	0.02017	0.01110	0.01707	0.04731	0.01047	0.01555	0.00858	0.01001	0.00606	0.00453	0.00449	0.00149	0.00689	0.00352	0.00210	0.00701
57	0.02095	0.00835	0.01114	0.00854	0.01220	0.00741	0.00706	0.07043	0.01403	0.75993	0.01815	0.01576	0.01145	0.00582	0.00474	0.00146	0.00408	0.00471	0.00577	0.00802
58	0.01059	0.01004	0.01674	0.01197	0.01637	0.00847	0.30608	0.01340	0.01039	0.03556	0.00909	0.01107	0.00717	0.00374	0.00432	0.00106	0.00522	0.00391	0.00271	0.51212
59	0.86760	0.00912	0.00693	0.00620	0.00912	0.01058	0.00511	0.01386	0.00802	0.02115	0.00657	0.00766	0.00511	0.00438	0.00292	0.00146	0.00365	0.00255	0.00292	0.00511
60	0.01761	0.02247	0.01336	0.01215	0.01458	0.81537	0.00911	0.01883	0.01336	0.01154	0.00729	0.00850	0.00607	0.00486	0.00425	0.00121	0.00850	0.00304	0.00243	0.00547
61	0.00682	0.00472	0.00592	0.00592	0.00619	0.00499	0.00382	0.00735	0.00709	0.00972	0.01415	0.02693	0.01544	0.57989	0.27608	0.00553	0.00714	0.00628	0.00275	0.00329
62	0.86760	0.00912	0.00693	0.00620	0.00912	0.01058	0.00511	0.01386	0.00802	0.02115	0.00657	0.00766	0.00511	0.00438	0.00292	0.00146	0.00365	0.00255	0.00292	0.00511
63	0.00574	0.00410	0.00547	0.00657	0.00684	0.00383	0.00438	0.00657	0.00903	0.01204	0.02599	0.83122	0.03119	0.01477	0.00602	0.00191	0.00274	0.01340	0.00438	0.00383
64	0.00760	0.00543	0.00760	0.00868	0.00977	0.00543	0.00760	0.00977	0.01085	0.01411	0.02496	0.05319	0.02714	0.01303	0.00651	0.00217	0.00434	0.77315	0.00434	0.00434
65	0.01261	0.83713	0.02471	0.00807	0.01210	0.01866	0.00807	0.01412	0.00958	0.01109	0.00656	0.00756	0.00605	0.00403	0.00303	0.00101	0.00504	0.00252	0.00202	0.00605
66	0.01113	0.01272	0.02782	0.01987	0.02464	0.01192	0.78776	0.01510	0.01113	0.01510	0.00954	0.01272	0.00715	0.00397	0.00556	0.00159	0.00795	0.00556	0.00238	0.00636
67	0.01803	0.01304	0.01404	0.01077	0.01454	0.01437	0.00889	0.76387	0.02188	0.05541	0.01156	0.01148	0.00814	0.00567	0.00472	0.00142	0.00515	0.00426	0.00475	0.00802
68	0.02115	0.00802	0.01094	0.00839	0.01204	0.00693	0.00693	0.02298	0.01350	0.80815	0.01860	0.01605	0.01167	0.00584	0.00474	0.00146	0.00401	0.00474	0.00584	0.00802
69	0.02115	0.00802	0.01094	0.00839	0.01204	0.00693	0.00693	0.02298	0.01350	0.80815	0.01860	0.01605	0.01167	0.00584	0.00474	0.00146	0.00401	0.00474	0.00584	0.00802
70	0.00574	0.00410	0.00547	0.00657	0.00684	0.00383	0.00438	0.00657	0.00903	0.01204	0.02599	0.83122	0.03119	0.01477	0.00602	0.00191	0.00274	0.01340	0.00438	0.00383
71	0.00623	0.00449	0.00614	0.00670	0.00715	0.00461	0.00468	0.00728	0.00842	0.01153	0.04419	0.44290	0.02354	0.12369	0.27103	0.00407	0.00616	0.00972	0.00361	0.00385
72	0.00814	0.00413	0.00619	0.00619	0.00622	0.00416	0.00416	0.00622	0.00619	0.00829	0.00835	0.01448	0.00832	0.01705	0.04673	0.83245	0.00440	0.00413	0.00206	0.00212
73	0.00605	0.00478	0.00545	0.00531	0.00667	0.00418	0.00397	0.00768	0.01183	0.01538	0.37240	0.05806	0.45945	0.01101	0.00558	0.00155	0.00233	0.00941	0.00473	0.00418
74	0.01144	0.01120	0.01857	0.14165	0.64121	0.03591	0.04269	0.01428	0.01064	0.01479	0.00878	0.01174	0.00724	0.00429	0.00469	0.00143	0.00588	0.00421	0.00230	0.00705
75	0.01073	0.01039	0.01810	0.28723	0.50013	0.01101	0.06644	0.01372	0.01034	0.01429	0.00876	0.01203	0.00706	0.00435	0.00474	0.00147	0.00598	0.00429	0.00226	0.00667
76	0.01761	0.02247	0.01336	0.01215	0.01458	0.81537	0.00911	0.01883	0.01336	0.01154	0.00729	0.00850	0.00607	0.00486	0.00425	0.00121	0.00850	0.00304	0.00243	0.00547
77	0.00561	0.00478	0.00482	0.00481	0.00639	0.00399	0.00361	0.00683	0.01083	0.01292	0.07066	0.04507	0.77996	0.01187	0.00557	0.00159	0.00238	0.00991	0.00440	0.00399
78	0.01474	0.01450	0.01473	0.18198	0.22990	0.31935	0.01105	0.01687	0.01187	0.12661	0.00955	0.01126	0.00729	0.00479	0.00453	0.00137	0.00663	0.00383	0.00282	0.00632
79	0.00826	0.00619	0.00840	0.00812	0.00857	0.00721	0.00606	0.00917	0.00833	0.06333	0.01694	0.33969	0.01881	0.14425	0.10449	0.00300	0.22305	0.00838	0.00340	0.00435
80	0.00686	0.00457	0.00514	0.00514	0.00514	0.00457	0.00286	0.00686	0.00686	0.00914	0.01486	0.03086	0.01714	0.83430	0.02400	0.00457	0.00457	0.00686	0.00286	0.00286
81	0.60619	0.01323	0.00891	0.00803	0.01080	0.25809	0.00634	0.01539	0.00967	0.01820	0.00679	0.00792	0.00540	0.00453	0.00333	0.00138	0.00514	0.00270	0.00277	0.00522
82	0.86760	0.00912	0.00693	0.00620	0.00912	0.01058	0.00511	0.01386	0.00802	0.02115	0.00657	0.00766	0.00511	0.00438	0.00292	0.00146	0.00365	0.00255	0.00292	0.00511
83	0.01497	0.45293	0.01936	0.00999	0.01327	0.39439	0.00856	0.01634	0.01136	0.01130	0.00690	0.00801	0.00606	0.00442	0.00360	0.00111	0.00667	0.00276	0.00221	0.00578
84	0.01282	0.01839	0.46418	0.01167	0.01723	0.01081	0.01319	0.16617	0.03876	0.12810	0.01077	0.01131	0.00751	0.00489	0.00451	0.00142	0.00587	0.00382	0.00320	0.06537
85	0.16111	0.05754	0.06279	0.01344	0.15085	0.34093	0.00956	0.01680	0.01151	0.08995	0.00921	0.01132	0.00745	0.00499	0.00418	0.00135	0.00632	0.03179	0.00284	0.00608
86	0.01368	0.01219	0.01577	0.26304	0.11702	0.10508	0.08773	0.23510	0.03475	0.05485	0.01002	0.01194	0.00745	0.00496	0.00474	0.00146	0.00614	0.00426	0.00318	0.00662
87	0.00607	0.00482	0.00546	0.00536	0.00675	0.00421	0.00406	0.00769	0.01174	0.01514	0.33406	0.04180	0.48568	0.01111	0.00560	0.00157	0.00240	0.03762	0.00469	0.00417
88	0.01196	0.01024	0.01079	0.00964	0.01235	0.01183	0.00752	0.05330	0.76774	0.02009	0.01890	0.01736	0.01416	0.00637	0.00479	0.00159	0.00379	0.00529	0.00479	0.00748
89	0.00642	0.00462	0.00540	0.00579	0.00687	0.00406	0.00412	0.00747	0.01008	0.05166	0.03621	0.40913	0.40525	0.01296	0.00574	0.00174	0.00263	0.01130	0.00445	0.00411
90	0.00725	0.00529	0.00712	0.00800	0.00915	0.00516	0.00687	0.00926	0.01088	0.01402	0.05183	0.06502	0.13869	0.01280	0.00634	0.00206	0.00397	0.62762	0.00437	0.00428
91	0.86760	0.00912	0.00693	0.00620	0.00912	0.01058	0.00511	0.01386	0.00802	0.02115	0.00657	0.00766	0.00511	0.00438	0.00292	0.00146	0.00365	0.00255	0.00292	0.00511
92	0.01011	0.01007	0.01401	0.01204	0.01211	0.01398	0.01002	0.01114	0.00738	0.01141	0.00803	0.01187	0.04142	0.00842	0.01504	0.00204	0.78926	0.00438	0.00217	0.00511
93	0.41608	0.24891	0.07752	0.00795	0.01165	0.01323	0.00747	0.10363	0.01051	0.05498	0.00782	0.00862	0.00608	0.00450	0.00337	0.00133	0.00451	0.00291	0.00293	0.00600
94	0.01792	0.00961	0.01148	0.00920	0.01260	0.00974	0.00747	0.17128	0.23181	0.43988	0.01736	0.01556	0.01172	0.00596	0.00475	0.00149	0.00416	0.00481	0.00533	0.00787
95	0.86760	0.00912	0.00693	0.00620	0.00912	0.01058	0.00511	0.01386	0.00802	0.02115	0.00657	0.00766	0.00511	0.00438	0.00292	0.00146	0.00365	0.00255	0.00292	0.00511
96	0.04683	0.00806	0.01082	0.00832	0.01195	0.00704	0.00687	0.02270	0.01333	0.78427	0.01824	0.01579	0.01147	0.00579	0.00469	0.00146	0.00400	0.00468	0.00575	0.00794
97	0.00693	0.00550	0.00631	0.00598	0.00748	0.00523	0.00452	0.01022	0.11458	0.01673	0.42133	0.03667	0.32084	0.01007	0.00547	0.00154	0.00248	0.00864	0.00484	0.00467
98	0.01540	0.01077	0.01145	0.00906	0.01210	0.01179	0.00739	0.57382	0.01877	0.02636	0.01244	0.01305	0.00914	0.00561	0.00432	0.00133	0.00436	0.00429	0.24152	0.00702
99	0.00996	0.00562	0.00741	0.00654	0.00824	0.00513	0.00505	0.01230	0.02773	0.19302	0.61515	0.03067	0.03670	0.00874	0.00537	0.00148	0.00265	0.00763	0.00533	0.00529
100	0.51051	0.00830	0.00785	0.00669	0.00959	0.00890	0.00547	0.01636	0.03403	0.23560	0.01126	0.01141	0.00799	0.00497	0.00352	0.00142	0.00358	0.00345	0.10321	0.00589
101	0.00651	0.00435	0.00570	0.00654	0.00707	0.00400	0.00445	0.00741	0.00937	0.05234	0.02704	0.73861	0.08066	0.01413	0.00592	0.00187	0.00278	0.01274	0.00445	0.00405
102	0.01032	0.01032	0.01444	0.01238	0.01238	0.01444	0.01032	0.01135	0.00722	0.01135	0.00619	0.01032	0.00619	0.00825	0.01547	0.00206	0.82567	0.00413	0.00206	0.00516
103	0.00625	0.00446	0.00605	0.00714	0.00763	0.00426	0.00525	0.00743	0.00952	0.01260	0.02571	0.62053	0.03009	0.01430	0.00615	0.00198	0.00317	0.21914	0.00437	0.00397
104	0.01018	0.00861	0.00932	0.00875	0.01101	0.00961	0.00692	0.01998	0.55805	0.01782	0.02426	0.02725	0.13121	0.00825	0.00518	0.00169	0.00363	0.12715	0.00466	0.00646
105	0.01818	0.01279	0.01389	0.01065	0.01441	0.01400	0.00880	0.72765	0.02147	0.09221	0.01190	0.01170	0.00831	0.00567	0.00472	0.00142	0.00509	0.00428	0.00481	0.00802
106	0.68559	0.02707	0.07016	0.00943	0.10231	0.01084	0.00719	0.01402	0.00852	0.01981	0.00698	0.00830	0.00547	0.00436	0.00324	0.00145	0.00416	0.00281	0.00276	0.00554
107	0.01083	0.37915	0.46715	0.01109	0.01678	0.01431	0.01334	0.01458	0.00979	0.01326	0.00763	0.00891	0.00601	0.00429	0.00384	0.00128	0.00613	0.00306	0.00200	0.00657
108	0.00819	0.00410	0.00614	0.00614	0.00614	0.00410	0.00410	0.00614	0.00614	0.00819	0.00819	0.01433	0.00819	0.01638	0.01843	0.86282	0.00410	0.00410	0.00205	0.00205
109	0.01621	0.01236	0.01318	0.01050	0.01397	0.01382	0.00855	0.57771	0.23641	0.02695	0.01350	0.01306	0.00978	0.00586	0.00474	0.00147	0.00479	0.00455	0.00474	0.00786
110	0.01128	0.27166	0.10556	0.14944	0.34578	0.01340	0.01255	0.01402	0.01008	0.01345	0.00802	0.01034	0.00667	0.00426	0.00414	0.00131	0.00568	0.00359	0.00216	0.00661

[dist]
# distance from previous block
# <min> <max>
0	1

[block]
# block no. 1 follows, 54 sequences, length 14
# corresponding to MSA columns:
# 676-689
name=unknown_B
#
# <colnr> <probs for GDERKNQSTAVLIFYWHMCP>
#	G	D	E	R	K	N	Q	S	T	A	V	L	I	F	Y	W	H	M	C	P
0	0.31719	0.00708	0.00760	0.00734	0.00935	0.00748	0.00592	0.03869	0.01008	0.12704	0.01674	0.19065	0.01666	0.00997	0.03833	0.00196	0.00409	0.17471	0.00398	0.00514
1	0.00684	0.00464	0.00549	0.00549	0.00561	0.00476	0.00329	0.00708	0.00696	0.00940	0.01454	0.02911	0.01638	0.72102	0.13624	0.00500	0.00571	0.00660	0.00281	0.00305
2	0.01175	0.01103	0.01549	0.01270	0.01397	0.01405	0.08733	0.14238	0.05898	0.01531	0.00818	0.01117	0.00710	0.00728	0.01203	0.00188	0.55640	0.00436	0.00271	0.00590
3	0.08968	0.01035	0.01673	0.17250	0.55406	0.01082	0.01302	0.01435	0.01037	0.05096	0.00901	0.01167	0.00722	0.00439	0.00452	0.00144	0.00548	0.00407	0.00250	0.00687
4	0.01921	0.00756	0.01029	0.00810	0.01137	0.00657	0.00660	0.02100	0.01322	0.70451	0.07597	0.06485	0.01519	0.00663	0.00488	0.00149	0.00381	0.00552	0.00570	0.00752
5	0.00568	0.00478	0.00492	0.00489	0.00643	0.00403	0.00367	0.00697	0.01100	0.01334	0.12094	0.04439	0.72942	0.01172	0.00557	0.00158	0.00237	0.00981	0.00446	0.00403
6	0.00626	0.00477	0.00588	0.00655	0.00758	0.00439	0.00509	0.00765	0.01025	0.01295	0.03390	0.29029	0.32167	0.01315	0.00600	0.00187	0.00311	0.25023	0.00437	0.00405
7	0.00760	0.00543	0.00760	0.00868	0.00977	0.00543	0.00760	0.00977	0.01085	0.01411	0.02496	0.05319	0.02714	0.01303	0.00651	0.00217	0.00434	0.77315	0.00434	0.00434
8	0.01792	0.01321	0.01415	0.01085	0.01462	0.01462	0.00896	0.78916	0.02217	0.02972	0.01132	0.01132	0.00802	0.00566	0.00472	0.00142	0.00519	0.00425	0.00472	0.00802
9	0.86760	0.00912	0.00693	0.00620	0.00912	0.01058	0.00511	0.01386	0.00802	0.02115	0.00657	0.00766	0.00511	0.00438	0.00292	0.00146	0.00365	0.00255	0.00292	0.00511
10	0.01660	0.01755	0.01308	0.01130	0.01416	0.43910	0.00876	0.23708	0.16259	0.01820	0.01066	0.01100	0.00818	0.00537	0.00448	0.00134	0.00667	0.00381	0.00352	0.00656
11	0.01049	0.00840	0.00972	0.00756	0.01088	0.00736	0.00596	0.15657	0.01229	0.01789	0.07654	0.12533	0.01359	0.00596	0.00424	0.00106	0.00360	0.00500	0.00357	0.51398
12	0.00578	0.00426	0.00543	0.00634	0.00686	0.00391	0.00436	0.00671	0.00938	0.01223	0.02959	0.67269	0.15985	0.01424	0.00596	0.00187	0.00273	0.03956	0.00438	0.00387
13	0.03527	0.00913	0.00942	0.00868	0.01073	0.07564	0.00664	0.11248	0.24207	0.09626	0.04283	0.26590	0.01889	0.00897	0.00514	0.00164	0.00401	0.03575	0.00451	0.00604

[dist]
# distance from previous block
# <min> <max>
0	7

[block]
# block no. 2 follows, 54 sequences, length 24
# corresponding to MSA columns:
# 697-720
name=unknown_C
#
# <colnr> <probs for GDERKNQSTAVLIFYWHMCP>
#	G	D	E	R	K	N	Q	S	T	A	V	L	I	F	Y	W	H	M	C	P
0	0.01269	0.00964	0.01063	0.00898	0.01171	0.04357	0.00722	0.22994	0.16215	0.07476	0.08145	0.01872	0.01434	0.01039	0.11345	0.00224	0.00544	0.06340	0.00419	0.11510
1	0.00651	0.00479	0.00609	0.00581	0.00696	0.00437	0.00434	0.00856	0.01289	0.01794	0.68601	0.06317	0.13481	0.01009	0.00558	0.00151	0.00226	0.00886	0.00507	0.00437
2	0.00980	0.00930	0.01576	0.56526	0.28316	0.01071	0.01354	0.01283	0.00985	0.01314	0.00854	0.01228	0.00667	0.00455	0.00470	0.00152	0.00606	0.00419	0.00217	0.00596
3	0.01149	0.18659	0.04693	0.00887	0.01188	0.03729	0.00770	0.13881	0.13619	0.01665	0.01408	0.08293	0.01310	0.02453	0.02066	0.00159	0.00470	0.11196	0.00355	0.12050
4	0.01195	0.00737	0.00901	0.00702	0.00999	0.00619	0.00544	0.03827	0.01110	0.20931	0.11842	0.01810	0.01479	0.13604	0.00735	0.00162	0.00367	0.00473	0.00393	0.37570
5	0.01124	0.10447	0.05142	0.15095	0.24256	0.02259	0.02908	0.09966	0.04152	0.01516	0.00948	0.01225	0.00782	0.00892	0.11185	0.00226	0.06568	0.00415	0.00261	0.00633
6	0.01089	0.06350	0.18880	0.01073	0.01412	0.00989	0.10118	0.05777	0.11587	0.08160	0.02656	0.01833	0.01177	0.11607	0.07904	0.00248	0.02963	0.05248	0.00325	0.00602
7	0.00676	0.00494	0.00703	0.00703	0.00769	0.00560	0.00522	0.00807	0.00742	0.01054	0.01313	0.02127	0.01298	0.21351	0.63910	0.00691	0.01083	0.00545	0.00260	0.00391
8	0.06623	0.02990	0.15881	0.01311	0.14113	0.08716	0.01038	0.18447	0.02904	0.12891	0.01405	0.01505	0.07212	0.00574	0.00459	0.00144	0.00536	0.02207	0.00358	0.00686
9	0.14066	0.06781	0.05490	0.03687	0.06478	0.14148	0.00870	0.18828	0.11827	0.01886	0.01007	0.01096	0.00780	0.00574	0.02579	0.00149	0.00549	0.00367	0.00330	0.08510
10	0.01761	0.08884	0.03276	0.00921	0.01286	0.01061	0.00786	0.26069	0.01524	0.37569	0.01418	0.03647	0.00998	0.00574	0.00478	0.00138	0.02429	0.00445	0.00470	0.06268
11	0.00584	0.00429	0.00549	0.00624	0.00680	0.00393	0.00428	0.00690	0.00982	0.01303	0.13071	0.62152	0.13637	0.01372	0.00590	0.00181	0.00262	0.01230	0.00448	0.00393
12	0.01375	0.72600	0.02286	0.00811	0.01209	0.01708	0.00792	0.01531	0.01011	0.11792	0.00817	0.00870	0.00680	0.00428	0.00326	0.00107	0.00490	0.00282	0.00253	0.00632
13	0.01118	0.01299	0.14621	0.13808	0.08720	0.01095	0.30866	0.09782	0.01175	0.04177	0.01099	0.08022	0.00910	0.00533	0.00511	0.00156	0.00649	0.00539	0.00280	0.00640
14	0.00658	0.00519	0.00600	0.00593	0.00727	0.00484	0.00444	0.00918	0.07958	0.01554	0.31633	0.13229	0.34649	0.01099	0.00558	0.00161	0.00254	0.03045	0.00471	0.00444
15	0.01977	0.01025	0.01232	0.00944	0.01314	0.01023	0.00780	0.35141	0.01721	0.47446	0.01548	0.01402	0.01011	0.00576	0.00473	0.00144	0.00452	0.00453	0.00536	0.00802
16	0.01352	0.17366	0.03092	0.01100	0.04649	0.13216	0.00883	0.16493	0.20679	0.01719	0.01213	0.01269	0.03450	0.00585	0.00571	0.00144	0.10808	0.00415	0.00338	0.00659
17	0.01198	0.00782	0.01101	0.00908	0.01171	0.00753	0.11058	0.03713	0.15275	0.22483	0.09223	0.11446	0.17190	0.00821	0.00524	0.00158	0.00390	0.00727	0.00465	0.00612
18	0.00684	0.00464	0.00547	0.00547	0.00558	0.00475	0.00326	0.00707	0.00695	0.00938	0.01456	0.02920	0.01642	0.72721	0.13010	0.00497	0.00565	0.00661	0.00281	0.00304
19	0.59728	0.12040	0.01036	0.00709	0.01030	0.01173	0.00603	0.08960	0.01008	0.08909	0.00807	0.00873	0.00609	0.00458	0.00326	0.00139	0.00401	0.00290	0.00322	0.00577
20	0.00879	0.00439	0.00439	0.00439	0.00549	0.00439	0.00330	0.01099	0.00989	0.01758	0.01538	0.01758	0.01209	0.00549	0.00330	0.00110	0.00220	0.00439	0.86047	0.00439
21	0.01130	0.00999	0.00875	0.00786	0.00963	0.20230	0.00565	0.01264	0.03095	0.08746	0.01382	0.12697	0.01385	0.25496	0.03831	0.00248	0.00530	0.00582	0.00327	0.14869
22	0.00934	0.00884	0.01482	0.68199	0.13515	0.01074	0.01316	0.01234	0.00951	0.01247	0.00835	0.01235	0.00644	0.00480	0.00517	0.00157	0.04112	0.00419	0.00213	0.00553
23	0.00919	0.00871	0.01454	0.49781	0.21139	0.00983	0.03886	0.01202	0.00997	0.01304	0.01381	0.01676	0.11338	0.00554	0.00485	0.00153	0.00566	0.00501	0.00247	0.00564

[dist]
# distance from previous block
# <min> <max>
0	1

[block]
# block no. 3 follows, 54 sequences, length 21
# corresponding to MSA columns:
# 722-742
name=unknown_D
#
# <colnr> <probs for GDERKNQSTAVLIFYWHMCP>
#	G	D	E	R	K	N	Q	S	T	A	V	L	I	F	Y	W	H	M	C	P
0	0.01173	0.01013	0.01066	0.00960	0.01226	0.01173	0.00746	0.02505	0.79636	0.01972	0.01919	0.01759	0.01439	0.00640	0.00480	0.00160	0.00373	0.00533	0.00480	0.00746
1	0.01703	0.01253	0.01347	0.01056	0.01415	0.01389	0.00865	0.63890	0.14716	0.05512	0.01285	0.01250	0.00918	0.00579	0.00473	0.00145	0.00491	0.00444	0.00477	0.00793
2	0.01033	0.00834	0.01226	0.01380	0.18725	0.00856	0.05630	0.13468	0.01228	0.03257	0.03178	0.17492	0.03417	0.00928	0.00590	0.00176	0.03193	0.22434	0.00381	0.00574
3	0.00619	0.00434	0.00561	0.00645	0.00674	0.00416	0.00434	0.00695	0.00871	0.01157	0.02330	0.56814	0.02752	0.20480	0.01024	0.00256	0.00332	0.08739	0.00402	0.00365
4	0.00642	0.00490	0.00604	0.00665	0.00779	0.00452	0.00530	0.00794	0.01054	0.01331	0.05617	0.19730	0.33623	0.01283	0.00602	0.00187	0.00320	0.30448	0.00439	0.00410
5	0.01279	0.32070	0.04488	0.01366	0.05785	0.07367	0.26052	0.04793	0.07140	0.03980	0.00930	0.01078	0.00738	0.00440	0.00432	0.00132	0.00619	0.00401	0.00263	0.00646
6	0.00879	0.00439	0.00439	0.00439	0.00549	0.00439	0.00330	0.01099	0.00989	0.01758	0.01538	0.01758	0.01209	0.00549	0.00330	0.00110	0.00220	0.00439	0.86047	0.00439
7	0.00574	0.00410	0.00547	0.00657	0.00684	0.00383	0.00438	0.00657	0.00903	0.01204	0.02599	0.83122	0.03119	0.01477	0.00602	0.00191	0.00274	0.01340	0.00438	0.00383
8	0.00991	0.00941	0.01596	0.53381	0.31376	0.01074	0.01360	0.01293	0.00990	0.01327	0.00856	0.01224	0.00672	0.00453	0.00470	0.00151	0.00604	0.00419	0.00218	0.00605
9	0.00996	0.00984	0.01483	0.64440	0.14657	0.07006	0.01301	0.01291	0.00991	0.01251	0.00837	0.01214	0.00645	0.00465	0.00467	0.00152	0.00635	0.00411	0.00216	0.00559
10	0.00630	0.00474	0.00582	0.00568	0.00685	0.00427	0.00421	0.00812	0.01227	0.01665	0.53181	0.10828	0.24632	0.01071	0.00560	0.00155	0.00231	0.00934	0.00490	0.00427
11	0.09017	0.61969	0.04715	0.00793	0.01198	0.01595	0.00777	0.01381	0.00948	0.01273	0.00687	0.00796	0.00609	0.00400	0.00313	0.00102	0.00476	0.00259	0.00221	0.12470
12	0.12540	0.00846	0.01154	0.00886	0.01249	0.00770	0.05716	0.02134	0.01266	0.65938	0.01652	0.01479	0.01057	0.00553	0.00457	0.00147	0.00422	0.00452	0.00525	0.00756
13	0.01140	0.01126	0.02055	0.04604	0.48189	0.01114	0.23397	0.04213	0.01123	0.01566	0.01017	0.01466	0.00864	0.00477	0.00505	0.00151	0.00619	0.05428	0.00256	0.00691
14	0.00713	0.00607	0.00764	0.18350	0.01272	0.00631	0.00618	0.01004	0.09973	0.01324	0.05154	0.14021	0.36626	0.06073	0.00649	0.00181	0.00357	0.00841	0.00386	0.00457
15	0.00585	0.00423	0.00557	0.00660	0.00700	0.00394	0.00454	0.00678	0.00925	0.01221	0.02720	0.73482	0.07622	0.01449	0.00602	0.00191	0.00282	0.06229	0.00437	0.00387
16	0.01560	0.00813	0.01013	0.00840	0.01125	0.00787	0.00690	0.16240	0.04478	0.37786	0.11842	0.02437	0.06638	0.00763	0.00513	0.00156	0.00394	0.10722	0.00522	0.00681
17	0.01040	0.19993	0.54780	0.01245	0.04314	0.01270	0.01447	0.01557	0.07438	0.01450	0.00894	0.01011	0.00673	0.00453	0.00419	0.00139	0.00624	0.00345	0.00224	0.00682
18	0.01704	0.02065	0.01400	0.01374	0.09405	0.67533	0.00964	0.07531	0.01375	0.01327	0.00775	0.00903	0.00636	0.00485	0.00433	0.00125	0.00797	0.00324	0.00259	0.00586
19	0.04524	0.00766	0.00872	0.00790	0.00987	0.00790	0.00603	0.22525	0.06373	0.09418	0.03752	0.34513	0.10133	0.01006	0.00528	0.00165	0.00359	0.00865	0.00460	0.00570
20	0.00984	0.00858	0.01050	0.00756	0.01164	0.00673	0.03028	0.01196	0.00974	0.01522	0.00835	0.00989	0.00696	0.00366	0.00395	0.00077	0.03051	0.00292	0.00276	0.80820

[dist]
# distance from previous block
# <min> <max>
0	1

[block]
# block no. 4 follows, 54 sequences, length 33
# corresponding to MSA columns:
# 744-776
name=unknown_E
#
# <colnr> <probs for GDERKNQSTAVLIFYWHMCP>
#	G	D	E	R	K	N	Q	S	T	A	V	L	I	F	Y	W	H	M	C	P
0	0.01212	0.23352	0.07198	0.00860	0.01203	0.01142	0.01788	0.18166	0.01272	0.04564	0.10822	0.03020	0.01233	0.00633	0.00531	0.07192	0.00448	0.00423	0.00332	0.14608
1	0.00777	0.00700	0.00967	0.07484	0.01162	0.04303	0.10168	0.01026	0.03163	0.01606	0.40167	0.04504	0.20342	0.00884	0.00542	0.00153	0.00363	0.00788	0.00426	0.00476
2	0.01213	0.22040	0.34355	0.05789	0.01761	0.06377	0.03627	0.13593	0.02251	0.01591	0.00848	0.00984	0.00649	0.00469	0.00446	0.00137	0.02604	0.00348	0.00251	0.00666
3	0.00808	0.00413	0.00606	0.00606	0.00606	0.00413	0.00399	0.00620	0.00620	0.00827	0.00873	0.01567	0.00891	0.08255	0.01888	0.79339	0.00413	0.00432	0.00211	0.00211
4	0.79735	0.00920	0.00724	0.00648	0.00938	0.01067	0.00530	0.01478	0.07273	0.02104	0.00760	0.00847	0.00587	0.00454	0.00307	0.00147	0.00365	0.00278	0.00307	0.00530
5	0.00978	0.00838	0.00978	0.00698	0.01117	0.00629	0.00559	0.01187	0.00978	0.01536	0.00838	0.00978	0.00698	0.00349	0.00349	0.00070	0.00349	0.00279	0.00279	0.86312
6	0.00634	0.00478	0.00585	0.00564	0.00685	0.00430	0.00421	0.00823	0.01247	0.01696	0.56625	0.06869	0.25124	0.01047	0.00558	0.00153	0.00229	0.00910	0.00494	0.00430
7	0.00601	0.00477	0.00541	0.00530	0.00665	0.00416	0.00395	0.00760	0.01171	0.01515	0.34519	0.07031	0.47479	0.01114	0.00558	0.00156	0.00234	0.00952	0.00470	0.00416
8	0.01261	0.83713	0.02471	0.00807	0.01210	0.01866	0.00807	0.01412	0.00958	0.01109	0.00656	0.00756	0.00605	0.00403	0.00303	0.00101	0.00504	0.00252	0.00202	0.00605
9	0.01030	0.06973	0.11098	0.10023	0.09359	0.07599	0.03544	0.06596	0.00997	0.01316	0.01025	0.01586	0.00949	0.18167	0.12096	0.00295	0.06098	0.00461	0.00254	0.00534
10	0.79730	0.00941	0.00864	0.00732	0.01039	0.01069	0.06935	0.01396	0.00828	0.02066	0.00681	0.00807	0.00527	0.00434	0.00314	0.00147	0.00400	0.00280	0.00287	0.00521
11	0.00593	0.00418	0.00542	0.00633	0.00656	0.00395	0.00412	0.00661	0.00867	0.01156	0.02414	0.69824	0.02885	0.15093	0.00901	0.00236	0.00304	0.01232	0.00412	0.00367
12	0.01792	0.01321	0.01415	0.01085	0.01462	0.01462	0.00896	0.78916	0.02217	0.02972	0.01132	0.01132	0.00802	0.00566	0.00472	0.00142	0.00519	0.00425	0.00472	0.00802
13	0.01763	0.02208	0.01340	0.01209	0.01458	0.78146	0.00910	0.05145	0.01373	0.01231	0.00746	0.00862	0.00616	0.00489	0.00427	0.00122	0.00836	0.00309	0.00253	0.00557
14	0.03832	0.00995	0.01106	0.00946	0.01227	0.01105	0.04277	0.15309	0.48661	0.02024	0.02123	0.02009	0.12929	0.00692	0.00488	0.00156	0.00397	0.00575	0.00455	0.00692
15	0.01500	0.01175	0.01250	0.01026	0.01351	0.01325	0.00825	0.42821	0.38788	0.02500	0.01504	0.01428	0.01103	0.00601	0.00475	0.00150	0.00450	0.00476	0.00475	0.00776
16	0.01161	0.00843	0.01121	0.01191	0.14280	0.00879	0.00806	0.04392	0.22058	0.12724	0.01490	0.01779	0.01210	0.01336	0.20882	0.00300	0.00639	0.04851	0.00377	0.07680
17	0.15376	0.00902	0.01009	0.00767	0.01126	0.00833	0.00622	0.07670	0.01056	0.06961	0.00883	0.01001	0.00701	0.00433	0.00447	0.00104	0.06485	0.00310	0.00312	0.53003
18	0.00685	0.00458	0.00519	0.00518	0.00522	0.00457	0.00292	0.00694	0.00713	0.00955	0.04789	0.03104	0.01829	0.79971	0.02323	0.00444	0.00447	0.00693	0.00295	0.00292
19	0.00562	0.00478	0.00485	0.00483	0.00640	0.00400	0.00362	0.00686	0.01087	0.01302	0.08229	0.04491	0.76827	0.01184	0.00557	0.00159	0.00238	0.00989	0.00442	0.00400
20	0.01139	0.04711	0.31519	0.04049	0.07492	0.00997	0.01153	0.09676	0.01143	0.06164	0.00927	0.01052	0.00695	0.00435	0.00418	0.00121	0.00534	0.00346	0.00278	0.27150
21	0.01380	0.61303	0.04013	0.00920	0.01292	0.20484	0.00855	0.02894	0.01070	0.01162	0.00686	0.00791	0.00609	0.00427	0.00338	0.00108	0.00590	0.00269	0.00216	0.00597
22	0.00999	0.06355	0.01567	0.01261	0.05871	0.01020	0.20383	0.01223	0.02860	0.04881	0.01101	0.03472	0.01011	0.12027	0.17536	0.00325	0.16791	0.00521	0.00265	0.00531
23	0.00978	0.00838	0.00978	0.00698	0.01117	0.00629	0.00559	0.01187	0.00978	0.01536	0.00838	0.00978	0.00698	0.00349	0.00349	0.00070	0.00349	0.00279	0.00279	0.86312
24	0.01132	0.01503	0.26600	0.08833	0.15154	0.10515	0.01208	0.03274	0.01150	0.07558	0.11202	0.01705	0.02836	0.00589	0.00480	0.00148	0.00575	0.04602	0.00305	0.00630
25	0.01119	0.00838	0.00958	0.01037	0.09722	0.09534	0.00738	0.01356	0.04776	0.15044	0.08630	0.07747	0.13308	0.00929	0.00544	0.00168	0.00431	0.22145	0.00426	0.00551
26	0.00578	0.00427	0.00542	0.00632	0.00686	0.00391	0.00435	0.00671	0.00940	0.01223	0.02984	0.66338	0.16882	0.01420	0.00596	0.00187	0.00273	0.03969	0.00438	0.00387
27	0.00649	0.00460	0.00545	0.00551	0.00605	0.00436	0.00359	0.00735	0.00938	0.01261	0.23093	0.14879	0.12320	0.39498	0.01422	0.00300	0.00341	0.00862	0.00389	0.00356
28	0.01034	0.01426	0.23576	0.07214	0.32150	0.01145	0.04133	0.01353	0.00972	0.01412	0.00938	0.02855	0.02376	0.00548	0.00682	0.00159	0.16713	0.00434	0.00226	0.00654
29	0.01197	0.01335	0.10558	0.21015	0.12319	0.06164	0.20908	0.14254	0.01235	0.01643	0.00907	0.01165	0.00689	0.00475	0.00532	0.00152	0.04102	0.00440	0.00264	0.00647
30	0.79786	0.00945	0.00752	0.00658	0.00957	0.01091	0.00542	0.07750	0.00919	0.02186	0.00696	0.00796	0.00535	0.00448	0.00307	0.00146	0.00377	0.00269	0.00307	0.00535
31	0.01490	0.01602	0.01599	0.01587	0.17052	0.33082	0.08404	0.14797	0.04770	0.01606	0.00891	0.01058	0.00716	0.00518	0.00567	0.00142	0.08796	0.00392	0.00286	0.00643
32	0.00635	0.00470	0.00636	0.00675	0.00728	0.00494	0.00481	0.00741	0.00828	0.01128	0.02064	0.34836	0.07611	0.13288	0.30845	0.00435	0.02477	0.00898	0.00343	0.00388

[dist]
# distance from previous block
# <min> <max>
0	1

[block]
# block no. 5 follows, 54 sequences, length 21
# corresponding to MSA columns:
# 778-798
name=unknown_F
#
# <colnr> <probs for GDERKNQSTAVLIFYWHMCP>
#	G	D	E	R	K	N	Q	S	T	A	V	L	I	F	Y	W	H	M	C	P
0	0.01036	0.01075	0.01688	0.31635	0.02239	0.05763	0.16291	0.01276	0.00915	0.01235	0.00772	0.01152	0.00641	0.00591	0.00889	0.00174	0.31431	0.00437	0.00216	0.00544
1	0.01193	0.01227	0.01778	0.17648	0.51683	0.12090	0.04718	0.01463	0.01086	0.01423	0.00859	0.01145	0.00704	0.00438	0.00466	0.00142	0.00623	0.00410	0.00230	0.00672
2	0.00667	0.00484	0.00630	0.00601	0.00714	0.00447	0.00455	0.00886	0.01314	0.01846	0.73991	0.03639	0.07247	0.00987	0.00560	0.00152	0.00232	0.04191	0.00512	0.00443
3	0.00978	0.00838	0.00978	0.00698	0.01117	0.00629	0.00559	0.01187	0.00978	0.01536	0.00838	0.00978	0.00698	0.00349	0.00349	0.00070	0.00349	0.00279	0.00279	0.86312
4	0.00602	0.00458	0.00554	0.00575	0.00676	0.00410	0.00414	0.00746	0.01113	0.01472	0.31016	0.28951	0.28901	0.01201	0.00571	0.00165	0.00244	0.01053	0.00467	0.00410
5	0.00608	0.00455	0.00573	0.00654	0.00732	0.00420	0.00484	0.00728	0.00985	0.01265	0.03144	0.46570	0.23120	0.01367	0.00600	0.00188	0.00298	0.16973	0.00437	0.00397
6	0.00644	0.00507	0.00544	0.00537	0.00696	0.00443	0.00409	0.00817	0.03660	0.03759	0.11003	0.06118	0.63323	0.01149	0.00558	0.00161	0.00257	0.04539	0.00451	0.00427
7	0.86760	0.00912	0.00693	0.00620	0.00912	0.01058	0.00511	0.01386	0.00802	0.02115	0.00657	0.00766	0.00511	0.00438	0.00292	0.00146	0.00365	0.00255	0.00292	0.00511
8	0.00796	0.00606	0.00771	0.00712	0.00793	0.00662	0.00540	0.00921	0.00998	0.04831	0.24675	0.03089	0.16120	0.20378	0.01196	0.00238	0.17308	0.04553	0.00384	0.00429
9	0.01173	0.01013	0.01066	0.00960	0.01226	0.01173	0.00746	0.02505	0.79636	0.01972	0.01919	0.01759	0.01439	0.00640	0.00480	0.00160	0.00373	0.00533	0.00480	0.00746
10	0.01330	0.72489	0.02314	0.00863	0.01244	0.12843	0.00821	0.01477	0.01010	0.01115	0.00666	0.00769	0.00605	0.00415	0.00319	0.00104	0.00552	0.00259	0.00207	0.00597
11	0.00760	0.00543	0.00760	0.00868	0.00977	0.00543	0.00760	0.00977	0.01085	0.01411	0.02496	0.05319	0.02714	0.01303	0.00651	0.00217	0.00434	0.77315	0.00434	0.00434
12	0.00946	0.02439	0.80987	0.01344	0.02041	0.01095	0.01742	0.01493	0.00995	0.01493	0.00846	0.00995	0.00597	0.00448	0.00448	0.00149	0.00697	0.00348	0.00199	0.00697
13	0.01088	0.37157	0.44779	0.01166	0.04290	0.01425	0.01332	0.01457	0.00982	0.01331	0.00766	0.00899	0.00606	0.00428	0.00386	0.00128	0.00610	0.00310	0.00201	0.00659
14	0.05461	0.00559	0.00683	0.00620	0.00783	0.00523	0.00476	0.01109	0.03548	0.11537	0.54200	0.03220	0.13650	0.00910	0.00530	0.00150	0.00259	0.00783	0.00503	0.00495
15	0.00595	0.00426	0.00570	0.00658	0.00690	0.00414	0.00444	0.00682	0.00868	0.01167	0.02347	0.66814	0.02769	0.08188	0.10706	0.00282	0.00410	0.01186	0.00403	0.00380
16	0.01206	0.14705	0.25649	0.01241	0.01699	0.07115	0.13261	0.08482	0.18832	0.01647	0.01091	0.01174	0.00825	0.00489	0.00449	0.00143	0.00604	0.00411	0.00296	0.00682
17	0.00580	0.00428	0.00543	0.00621	0.00678	0.00391	0.00425	0.00681	0.00971	0.01279	0.10110	0.62603	0.16198	0.01382	0.00590	0.00182	0.00263	0.01238	0.00445	0.00391
18	0.00954	0.00614	0.00729	0.00682	0.00816	0.00613	0.00489	0.03972	0.13071	0.11801	0.14573	0.17741	0.07206	0.23380	0.01041	0.00242	0.00354	0.00794	0.00436	0.00492
19	0.01190	0.28185	0.01607	0.01249	0.17497	0.02845	0.00888	0.01393	0.01098	0.11141	0.07410	0.02264	0.01509	0.00691	0.00464	0.00147	0.00472	0.19009	0.00337	0.00604
20	0.25440	0.36232	0.17690	0.03772	0.01379	0.06050	0.00935	0.01441	0.00943	0.01478	0.00705	0.00830	0.00578	0.00429	0.00342	0.00127	0.00528	0.00281	0.00229	0.00591

[dist]
# distance from previous block
# <min> <max>
1	3

[block]
# block no. 6 follows, 54 sequences, length 28
# corresponding to MSA columns:
# 802-829
name=unknown_G
#
# <colnr> <probs for GDERKNQSTAVLIFYWHMCP>
#	G	D	E	R	K	N	Q	S	T	A	V	L	I	F	Y	W	H	M	C	P
0	0.00799	0.09596	0.04472	0.00828	0.04551	0.00745	0.00624	0.01142	0.13742	0.01440	0.12085	0.35255	0.10836	0.01037	0.00526	0.00164	0.00336	0.00908	0.00409	0.00506
1	0.07744	0.32404	0.19287	0.01002	0.01424	0.10751	0.01003	0.08402	0.11037	0.01547	0.00907	0.00980	0.00719	0.00469	0.00385	0.00128	0.00561	0.00330	0.00271	0.00646
2	0.01198	0.03967	0.05778	0.01113	0.05226	0.11724	0.00877	0.03294	0.30847	0.03421	0.01333	0.06400	0.01111	0.00647	0.00638	0.00153	0.14065	0.00484	0.00350	0.07374
3	0.32020	0.06392	0.20195	0.01485	0.23836	0.01116	0.03096	0.01411	0.00946	0.01699	0.00835	0.03516	0.00691	0.00464	0.00396	0.00144	0.00516	0.00366	0.00251	0.00627
4	0.00601	0.00459	0.00550	0.00611	0.00702	0.00417	0.00448	0.00714	0.00989	0.01250	0.03397	0.36435	0.33634	0.05104	0.00674	0.00195	0.00293	0.12705	0.00430	0.00392
5	0.15625	0.01294	0.05194	0.01068	0.04342	0.07533	0.00858	0.33648	0.21689	0.02303	0.01200	0.01205	0.00890	0.00546	0.00439	0.00146	0.00492	0.00411	0.00403	0.00712
6	0.08146	0.07766	0.01141	0.03534	0.01197	0.00943	0.00694	0.15607	0.05624	0.24204	0.04793	0.10013	0.01303	0.00778	0.04174	0.00169	0.00448	0.00522	0.00429	0.08516
7	0.01291	0.21352	0.31954	0.01111	0.01577	0.10234	0.01179	0.08075	0.06579	0.07622	0.00955	0.01035	0.00720	0.00490	0.00462	0.00137	0.03928	0.00352	0.00277	0.00671
8	0.01069	0.53662	0.01841	0.00817	0.01110	0.01379	0.00772	0.01237	0.00994	0.01207	0.01326	0.06724	0.01389	0.00738	0.00426	0.00141	0.00470	0.23872	0.00286	0.00541
9	0.00662	0.00465	0.00578	0.00602	0.00634	0.00476	0.00391	0.00739	0.02073	0.01045	0.01796	0.21849	0.03922	0.44893	0.17391	0.00440	0.00564	0.00811	0.00322	0.00346
