[name]
unknown

[dist]
# distance from previous block
# <min> <max>
0	379

[block]
# block no. 0 follows, 47 sequences, length 12
# corresponding to MSA columns:
# 412-423
name=unknown_A
#
# <colnr> <probs for GDERKNQSTAVLIFYWHMCP>
#	G	D	E	R	K	N	Q	S	T	A	V	L	I	F	Y	W	H	M	C	P
0	0.14628	0.15577	0.07195	0.01270	0.10874	0.03390	0.01002	0.17960	0.01402	0.04880	0.01237	0.01771	0.01078	0.00645	0.00475	0.00157	0.00546	0.11028	0.00365	0.04517
1	0.03210	0.16262	0.31661	0.01174	0.01686	0.01319	0.03154	0.16495	0.01429	0.03910	0.13350	0.01547	0.01404	0.00605	0.00490	0.00153	0.00595	0.00479	0.00351	0.00726
2	0.03624	0.51928	0.14520	0.13727	0.01841	0.03999	0.01138	0.01551	0.01069	0.01342	0.00792	0.00969	0.00668	0.00469	0.00393	0.00132	0.00619	0.00327	0.00228	0.00665
3	0.17954	0.37516	0.09282	0.00991	0.01424	0.05920	0.00947	0.14888	0.03685	0.01879	0.00885	0.00976	0.00714	0.00502	0.00394	0.00137	0.00566	0.00336	0.00307	0.00697
4	0.16671	0.01487	0.24081	0.01077	0.01512	0.01114	0.01085	0.14273	0.05330	0.10524	0.03622	0.01436	0.01034	0.01106	0.13145	0.00271	0.00699	0.00451	0.00373	0.00710
5	0.01071	0.00672	0.00946	0.13522	0.01278	0.00731	0.00688	0.11643	0.00989	0.01312	0.00957	0.01504	0.00868	0.01434	0.01577	0.59197	0.00508	0.00456	0.00269	0.00377
6	0.00820	0.00649	0.00697	0.00662	0.00846	0.00608	0.00500	0.11607	0.01352	0.01699	0.08239	0.16635	0.51271	0.01256	0.00610	0.00178	0.00313	0.01062	0.00494	0.00503
7	0.62957	0.12519	0.01037	0.00711	0.01026	0.01212	0.00602	0.01467	0.00983	0.02147	0.10263	0.01219	0.01115	0.00550	0.00360	0.00154	0.00405	0.00363	0.00339	0.00570
8	0.11574	0.01012	0.01187	0.13576	0.01637	0.00958	0.00797	0.12112	0.01245	0.01943	0.00947	0.01125	0.00750	0.00454	0.00419	0.00114	0.00464	0.00353	0.00328	0.49005
9	0.00899	0.00706	0.01012	0.01216	0.12095	0.00673	0.00861	0.01123	0.01149	0.01558	0.02297	0.17251	0.02487	0.01202	0.00640	0.00203	0.00458	0.42830	0.00427	0.10914
10	0.01179	0.01123	0.01080	0.00838	0.01212	0.13303	0.00642	0.01366	0.01104	0.01545	0.00994	0.01344	0.00893	0.10424	0.00678	0.00139	0.00489	0.00368	0.00303	0.60976
11	0.04107	0.03781	0.14177	0.01181	0.01626	0.13892	0.01071	0.32963	0.07957	0.02327	0.01129	0.01189	0.00843	0.00558	0.00482	0.00145	0.00622	0.00413	0.00392	0.11146

[dist]
# distance from previous block
# <min> <max>
7	14

[block]
# block no. 1 follows, 47 sequences, length 33
# corresponding to MSA columns:
# 438-470
name=unknown_B
#
# <colnr> <probs for GDERKNQSTAVLIFYWHMCP>
#	G	D	E	R	K	N	Q	S	T	A	V	L	I	F	Y	W	H	M	C	P
0	0.00656	0.00479	0.00655	0.00808	0.03356	0.00450	0.00521	0.00754	0.01003	0.01342	0.02807	0.78679	0.03357	0.01592	0.00660	0.00210	0.00313	0.01446	0.00476	0.00436
1	0.05526	0.06587	0.22071	0.01135	0.01651	0.01051	0.08275	0.01484	0.01081	0.03237	0.00927	0.01106	0.00732	0.00462	0.00503	0.00126	0.04810	0.00367	0.00279	0.38589
2	0.00802	0.00618	0.00846	0.00815	0.00863	0.00728	0.00600	0.00914	0.00804	0.01146	0.01384	0.02398	0.01424	0.30599	0.42260	0.00639	0.11835	0.00614	0.00285	0.00427
3	0.01045	0.02694	0.79000	0.01484	0.02254	0.01209	0.01924	0.01649	0.01099	0.01649	0.00935	0.01099	0.00660	0.00495	0.00495	0.00165	0.00770	0.00385	0.00220	0.00770
4	0.01247	0.06325	0.02026	0.02445	0.46817	0.01404	0.04155	0.01491	0.01059	0.01531	0.00874	0.01218	0.00770	0.00601	0.00879	0.00175	0.25551	0.00455	0.00246	0.00731
5	0.00643	0.00489	0.00592	0.00650	0.00741	0.00438	0.00455	0.00768	0.01126	0.01461	0.14178	0.45285	0.28395	0.01449	0.00641	0.00193	0.00282	0.01279	0.00496	0.00438
6	0.00747	0.00546	0.00777	0.00777	0.00849	0.00618	0.00576	0.00891	0.00819	0.01164	0.01450	0.02351	0.01435	0.21353	0.62368	0.00762	0.01195	0.00603	0.00287	0.00431
7	0.00638	0.00472	0.00596	0.00685	0.00748	0.00430	0.00468	0.00746	0.01062	0.01392	0.08155	0.62728	0.16898	0.01539	0.00653	0.00202	0.00292	0.01378	0.00489	0.00430
8	0.01167	0.11933	0.65083	0.01379	0.02087	0.01282	0.01729	0.01695	0.01119	0.06482	0.00981	0.01111	0.00701	0.00498	0.00478	0.00158	0.00724	0.00381	0.00247	0.00765
9	0.01914	0.07408	0.01564	0.01298	0.01593	0.66526	0.00997	0.09869	0.01551	0.01482	0.00847	0.00965	0.00693	0.00540	0.00466	0.00135	0.00877	0.00346	0.00292	0.00637
10	0.00642	0.00459	0.00613	0.00734	0.00767	0.00429	0.00496	0.00738	0.01004	0.01338	0.02866	0.78595	0.03428	0.01624	0.00667	0.00213	0.00309	0.04170	0.00483	0.00425
11	0.01080	0.00926	0.01080	0.00771	0.01234	0.00694	0.00617	0.01311	0.01080	0.01697	0.00926	0.01080	0.00771	0.00386	0.00386	0.00077	0.00386	0.00309	0.00309	0.84882
12	0.01763	0.28978	0.01901	0.01181	0.01519	0.47978	0.00967	0.07381	0.01408	0.01405	0.00811	0.00927	0.00686	0.00513	0.00428	0.00128	0.00785	0.00326	0.00272	0.00646
13	0.02110	0.01005	0.01252	0.00987	0.01373	0.00973	0.00806	0.12817	0.14557	0.55345	0.01955	0.01729	0.01285	0.00652	0.00524	0.00163	0.00456	0.00527	0.00608	0.00876
14	0.01102	0.15775	0.66422	0.01386	0.02103	0.01350	0.01754	0.01634	0.01093	0.01579	0.00900	0.01056	0.00661	0.00487	0.00468	0.00156	0.00735	0.00367	0.00220	0.00753
15	0.01490	0.00938	0.01001	0.00824	0.01091	0.01000	0.00662	0.34708	0.01714	0.06613	0.01519	0.01627	0.01134	0.00617	0.00442	0.00139	0.00400	0.00480	0.42919	0.00684
16	0.00744	0.00558	0.00837	0.00837	0.00930	0.00651	0.00651	0.00930	0.00837	0.01209	0.01395	0.02046	0.01302	0.03906	0.79635	0.00837	0.01395	0.00558	0.00279	0.00465
17	0.01045	0.02694	0.79000	0.01484	0.02254	0.01209	0.01924	0.01649	0.01099	0.01649	0.00935	0.01099	0.00660	0.00495	0.00495	0.00165	0.00770	0.00385	0.00220	0.00770
18	0.01194	0.01140	0.01942	0.27205	0.55183	0.01212	0.01551	0.01515	0.01141	0.01586	0.00963	0.01320	0.00784	0.00482	0.00517	0.00161	0.00642	0.00464	0.00250	0.00748
19	0.01980	0.01459	0.01563	0.01198	0.01615	0.01615	0.00990	0.76713	0.02448	0.03282	0.01250	0.01250	0.00886	0.00625	0.00521	0.00156	0.00573	0.00469	0.00521	0.00886
20	0.00748	0.00542	0.00754	0.00754	0.00818	0.00606	0.00547	0.00876	0.00812	0.01147	0.01471	0.02468	0.01485	0.28002	0.55788	0.00734	0.01119	0.00620	0.00290	0.00419
21	0.00839	0.00599	0.00839	0.00959	0.01079	0.00599	0.00839	0.01079	0.01199	0.01558	0.02757	0.05874	0.02997	0.01439	0.00719	0.00240	0.00480	0.74945	0.00480	0.00480
22	0.01139	0.01139	0.01595	0.01367	0.01367	0.01595	0.01139	0.01253	0.00798	0.01253	0.00684	0.01139	0.00684	0.00911	0.01709	0.00228	0.80745	0.00456	0.00228	0.00570
23	0.00983	0.00926	0.01562	0.80447	0.03587	0.01157	0.01446	0.01331	0.01041	0.01331	0.00926	0.01388	0.00694	0.00521	0.00521	0.00174	0.00694	0.00463	0.00231	0.00579
24	0.01392	0.82012	0.02729	0.00891	0.01337	0.02061	0.00891	0.01559	0.01058	0.01225	0.00724	0.00835	0.00668	0.00446	0.00334	0.00111	0.00557	0.00278	0.00223	0.00668
25	0.01049	0.00856	0.01003	0.00884	0.01107	0.04305	0.04649	0.01643	0.23793	0.05973	0.34669	0.03091	0.13012	0.00914	0.00578	0.00168	0.00372	0.00792	0.00522	0.00619
26	0.00616	0.00524	0.00532	0.00538	0.00706	0.00439	0.00400	0.00746	0.01177	0.01403	0.05150	0.08998	0.74333	0.01335	0.00618	0.00178	0.00266	0.01119	0.00484	0.00439
27	0.01389	0.01165	0.01230	0.01079	0.01390	0.01339	0.00847	0.12852	0.67272	0.02329	0.02001	0.01848	0.01494	0.00695	0.00529	0.00174	0.00434	0.00572	0.00529	0.00833
28	0.01101	0.01080	0.01509	0.01303	0.01308	0.01496	0.01077	0.01214	0.00798	0.01240	0.00764	0.01289	0.00770	0.04671	0.05885	0.00273	0.72960	0.00475	0.00234	0.00553
29	0.00668	0.00479	0.00634	0.00702	0.00763	0.00445	0.00486	0.00809	0.01153	0.01577	0.27414	0.56110	0.03923	0.01447	0.00648	0.00196	0.00284	0.01305	0.00513	0.00445
30	0.00732	0.00528	0.00691	0.00659	0.00777	0.00488	0.00491	0.00969	0.01449	0.02049	0.74243	0.07935	0.04837	0.01094	0.00617	0.00166	0.00249	0.00970	0.00569	0.00488
31	0.01136	0.00715	0.00820	0.00724	0.00919	0.00726	0.00563	0.12621	0.06308	0.07075	0.32001	0.02600	0.02700	0.00800	0.00507	0.00149	0.00317	0.00673	0.28053	0.00595
32	0.01295	0.01119	0.01178	0.01060	0.01354	0.01295	0.00824	0.02767	0.77509	0.02178	0.02120	0.01943	0.01590	0.00707	0.00530	0.00177	0.00412	0.00589	0.00530	0.00824

[dist]
# distance from previous block
# <min> <max>
0	1

[block]
# block no. 2 follows, 47 sequences, length 80
# corresponding to MSA columns:
# 472-551
name=unknown_C
#
# <colnr> <probs for GDERKNQSTAVLIFYWHMCP>
#	G	D	E	R	K	N	Q	S	T	A	V	L	I	F	Y	W	H	M	C	P
0	0.01274	0.01222	0.02087	0.06961	0.74801	0.01233	0.01591	0.01585	0.01179	0.01683	0.00977	0.01294	0.00819	0.00467	0.00516	0.00156	0.00622	0.00464	0.00256	0.00813
1	0.01480	0.01210	0.01281	0.01097	0.01424	0.01381	0.00869	0.22675	0.57301	0.02476	0.01886	0.01756	0.01400	0.00685	0.00527	0.00171	0.00455	0.00556	0.00527	0.00841
2	0.01234	0.45954	0.37401	0.01161	0.01754	0.01674	0.01361	0.01600	0.01077	0.01418	0.00820	0.00955	0.00664	0.00468	0.00407	0.00136	0.00654	0.00327	0.00221	0.00714
3	0.00757	0.00505	0.00568	0.00568	0.00568	0.00505	0.00316	0.00757	0.00757	0.01010	0.01641	0.03408	0.01893	0.81698	0.02651	0.00505	0.00505	0.00757	0.00316	0.00316
4	0.00657	0.00524	0.00589	0.00583	0.00732	0.00456	0.00433	0.00824	0.01269	0.01627	0.29273	0.09778	0.48905	0.01256	0.00618	0.00174	0.00260	0.01073	0.00513	0.00456
5	0.00742	0.00539	0.00665	0.00629	0.00772	0.00485	0.00473	0.00959	0.01402	0.03639	0.58152	0.04124	0.23254	0.01119	0.00612	0.00167	0.00255	0.00972	0.00552	0.00487
6	0.01295	0.01119	0.01178	0.01060	0.01354	0.01295	0.00824	0.02767	0.77509	0.02178	0.02120	0.01943	0.01590	0.00707	0.00530	0.00177	0.00412	0.00589	0.00530	0.00824
7	0.13856	0.00808	0.00987	0.00816	0.01117	0.00767	0.00656	0.01931	0.05120	0.40681	0.24957	0.02289	0.02298	0.00752	0.00522	0.00163	0.00376	0.00619	0.00571	0.00717
8	0.01980	0.01459	0.01563	0.01198	0.01615	0.01615	0.00990	0.76713	0.02448	0.03282	0.01250	0.01250	0.00886	0.00625	0.00521	0.00156	0.00573	0.00469	0.00521	0.00886
9	0.00774	0.00561	0.00762	0.00747	0.00862	0.00539	0.03999	0.02533	0.01178	0.01657	0.22284	0.29878	0.09531	0.03215	0.06622	0.00236	0.00400	0.02476	0.11271	0.00475
10	0.01392	0.82012	0.02729	0.00891	0.01337	0.02061	0.00891	0.01559	0.01058	0.01225	0.00724	0.00835	0.00668	0.00446	0.00334	0.00111	0.00557	0.00278	0.00223	0.00668
11	0.85377	0.01007	0.00765	0.00685	0.01007	0.01168	0.00564	0.01531	0.00886	0.02336	0.00725	0.00846	0.00564	0.00483	0.00322	0.00161	0.00403	0.00282	0.00322	0.00564
12	0.01139	0.01139	0.01595	0.01367	0.01367	0.01595	0.01139	0.01253	0.00798	0.01253	0.00684	0.01139	0.00684	0.00911	0.01709	0.00228	0.80745	0.00456	0.00228	0.00570
13	0.00663	0.00526	0.00596	0.00586	0.00734	0.00459	0.00437	0.00836	0.01288	0.01664	0.33059	0.08321	0.46512	0.01237	0.00617	0.00173	0.00259	0.01058	0.00518	0.00459
14	0.01289	0.01237	0.02114	0.03196	0.78450	0.01237	0.01598	0.01598	0.01186	0.01701	0.00980	0.01289	0.00825	0.00464	0.00516	0.00155	0.00619	0.00464	0.00258	0.00825
15	0.00757	0.00505	0.00568	0.00568	0.00568	0.00505	0.00316	0.00757	0.00757	0.01010	0.01641	0.03408	0.01893	0.81698	0.02651	0.00505	0.00505	0.00757	0.00316	0.00316
16	0.00905	0.00452	0.00678	0.00678	0.00678	0.00452	0.00452	0.00678	0.00678	0.00905	0.00905	0.01583	0.00905	0.01809	0.02035	0.84848	0.00452	0.00452	0.00226	0.00226
17	0.01289	0.01237	0.02114	0.03196	0.78450	0.01237	0.01598	0.01598	0.01186	0.01701	0.00980	0.01289	0.00825	0.00464	0.00516	0.00155	0.00619	0.00464	0.00258	0.00825
18	0.01289	0.01237	0.02114	0.03196	0.78450	0.01237	0.01598	0.01598	0.01186	0.01701	0.00980	0.01289	0.00825	0.00464	0.00516	0.00155	0.00619	0.00464	0.00258	0.00825
19	0.24184	0.00777	0.00825	0.00875	0.01057	0.03735	0.00744	0.01221	0.01119	0.01751	0.02230	0.05768	0.05372	0.01140	0.00595	0.00211	0.00463	0.47000	0.00428	0.00505
20	0.01091	0.13245	0.68854	0.01405	0.02132	0.01323	0.01787	0.01637	0.01094	0.01593	0.00907	0.01064	0.00661	0.00488	0.00473	0.00158	0.00741	0.00371	0.00220	0.00756
21	0.00850	0.04349	0.26398	0.01086	0.01399	0.00839	0.05166	0.01131	0.01037	0.01445	0.01968	0.44460	0.02172	0.01121	0.00637	0.00191	0.03830	0.00988	0.00365	0.00567
22	0.85377	0.01007	0.00765	0.00685	0.01007	0.01168	0.00564	0.01531	0.00886	0.02336	0.00725	0.00846	0.00564	0.00483	0.00322	0.00161	0.00403	0.00282	0.00322	0.00564
23	0.00628	0.00528	0.00545	0.00541	0.00711	0.00445	0.00406	0.00772	0.01217	0.01479	0.12951	0.04894	0.70518	0.01292	0.00615	0.00175	0.00262	0.01083	0.00493	0.00445
24	0.01091	0.13196	0.68901	0.01406	0.02132	0.01322	0.01787	0.01637	0.01094	0.01593	0.00907	0.01065	0.00661	0.00488	0.00473	0.00158	0.00741	0.00371	0.00220	0.00756
25	0.00757	0.00505	0.00568	0.00568	0.00568	0.00505	0.00316	0.00757	0.00757	0.01010	0.01641	0.03408	0.01893	0.81698	0.02651	0.00505	0.00505	0.00757	0.00316	0.00316
26	0.00737	0.00532	0.00696	0.00655	0.00778	0.00491	0.00491	0.00983	0.01474	0.02088	0.78175	0.03890	0.04914	0.01065	0.00614	0.00164	0.00246	0.00942	0.00573	0.00491
27	0.01289	0.01237	0.02114	0.03196	0.78450	0.01237	0.01598	0.01598	0.01186	0.01701	0.00980	0.01289	0.00825	0.00464	0.00516	0.00155	0.00619	0.00464	0.00258	0.00825
28	0.01139	0.01139	0.01595	0.01367	0.01367	0.01595	0.01139	0.01253	0.00798	0.01253	0.00684	0.01139	0.00684	0.00911	0.01709	0.00228	0.80745	0.00456	0.00228	0.00570
29	0.00757	0.00505	0.00568	0.00568	0.00568	0.00505	0.00316	0.00757	0.00757	0.01010	0.01641	0.03408	0.01893	0.81698	0.02651	0.00505	0.00505	0.00757	0.00316	0.00316
30	0.00983	0.00926	0.01562	0.80447	0.03587	0.01157	0.01446	0.01331	0.01041	0.01331	0.00926	0.01388	0.00694	0.00521	0.00521	0.00174	0.00694	0.00463	0.00231	0.00579
31	0.02008	0.01413	0.01535	0.01177	0.01592	0.01548	0.00972	0.70826	0.02372	0.09277	0.01314	0.01292	0.00918	0.00627	0.00521	0.00157	0.00563	0.00473	0.00531	0.00886
32	0.01139	0.01139	0.01595	0.01367	0.01367	0.01595	0.01139	0.01253	0.00798	0.01253	0.00684	0.01139	0.00684	0.00911	0.01709	0.00228	0.80745	0.00456	0.00228	0.00570
33	0.00634	0.00453	0.00604	0.00725	0.00755	0.00423	0.00483	0.00725	0.00997	0.01329	0.02870	0.81358	0.03444	0.01632	0.00665	0.00211	0.00302	0.01480	0.00483	0.00423
34	0.05455	0.00790	0.00950	0.00859	0.01074	0.04517	0.00692	0.01552	0.01354	0.25174	0.27395	0.06439	0.02816	0.00971	0.00629	0.00180	0.03438	0.14564	0.00533	0.00618
35	0.01152	0.00933	0.01091	0.00793	0.01245	0.00727	0.00634	0.01442	0.04842	0.05473	0.01039	0.01156	0.00837	0.00414	0.00399	0.00086	0.00390	0.00333	0.00336	0.76679
36	0.00621	0.00526	0.00537	0.00538	0.00708	0.00441	0.00402	0.00757	0.01194	0.01433	0.08239	0.07012	0.73188	0.01317	0.00617	0.00176	0.00264	0.01103	0.00487	0.00441
37	0.01381	0.01419	0.01577	0.01839	0.27036	0.19205	0.01137	0.04592	0.11899	0.01709	0.09970	0.01577	0.01349	0.00655	0.00692	0.00165	0.12251	0.00506	0.00340	0.00701
38	0.01735	0.01178	0.01324	0.01057	0.01393	0.01283	0.00860	0.50357	0.03508	0.10242	0.01375	0.01473	0.01020	0.01103	0.10727	0.04150	0.00638	0.00488	0.05312	0.00777
39	0.00644	0.00461	0.00613	0.00718	0.00758	0.00430	0.00484	0.00750	0.01044	0.01403	0.10222	0.73795	0.03588	0.01576	0.00660	0.00207	0.00297	0.01428	0.00492	0.00430
40	0.01756	0.01103	0.01225	0.01015	0.01356	0.04066	0.00812	0.14479	0.30442	0.29303	0.05740	0.01890	0.03016	0.00695	0.00530	0.00166	0.00458	0.00564	0.00560	0.00824
41	0.01472	0.00900	0.01060	0.00914	0.01197	0.00933	0.00720	0.02253	0.35480	0.25147	0.19573	0.02339	0.02258	0.00768	0.00544	0.00168	0.00379	0.00648	0.02489	0.00759
42	0.01918	0.06352	0.01537	0.01320	0.01597	0.75834	0.01001	0.02054	0.01455	0.01272	0.00801	0.00934	0.00671	0.00532	0.00463	0.00133	0.00921	0.00333	0.00266	0.00607
43	0.06313	0.13964	0.01349	0.00894	0.01213	0.04619	0.00745	0.11200	0.04593	0.27240	0.01490	0.01551	0.01097	0.03745	0.02068	0.00174	0.02908	0.00460	0.13661	0.00716
44	0.07095	0.01417	0.01513	0.01191	0.01580	0.07366	0.04613	0.51704	0.04359	0.08933	0.01322	0.01447	0.00978	0.00635	0.00517	0.00160	0.00586	0.03279	0.00486	0.00818
45	0.85377	0.01007	0.00765	0.00685	0.01007	0.01168	0.00564	0.01531	0.00886	0.02336	0.00725	0.00846	0.00564	0.00483	0.00322	0.00161	0.00403	0.00282	0.00322	0.00564
46	0.01387	0.01286	0.01221	0.01096	0.01390	0.10466	0.00849	0.04377	0.66897	0.02098	0.01946	0.01810	0.01466	0.00685	0.00523	0.00171	0.00477	0.00556	0.00499	0.00800
47	0.00673	0.00490	0.00686	0.00765	0.00817	0.00503	0.00542	0.00797	0.00941	0.01287	0.02350	0.53414	0.02689	0.02433	0.28488	0.00432	0.00687	0.01155	0.00411	0.00438
48	0.00655	0.00458	0.00602	0.00710	0.00749	0.00429	0.00478	0.00760	0.01022	0.01391	0.05941	0.74252	0.03402	0.01558	0.00648	0.00205	0.00297	0.01409	0.04605	0.00429
49	0.00971	0.00485	0.00485	0.00485	0.00607	0.00485	0.00364	0.01213	0.01092	0.01942	0.01699	0.01942	0.01335	0.00607	0.00364	0.00121	0.00243	0.00485	0.84589	0.00485
50	0.01635	0.01288	0.01369	0.01129	0.01484	0.01454	0.00907	0.39508	0.40214	0.02727	0.01688	0.01599	0.01240	0.00666	0.00525	0.00167	0.00492	0.00529	0.00525	0.00855
51	0.02308	0.00932	0.01237	0.00948	0.01352	0.00833	0.00783	0.08425	0.01567	0.72816	0.01991	0.01731	0.01257	0.00643	0.00523	0.00161	0.00453	0.00519	0.00635	0.00886
52	0.02092	0.01279	0.01451	0.01113	0.01525	0.01348	0.00919	0.53385	0.02147	0.27036	0.01503	0.01415	0.01013	0.00631	0.00522	0.00158	0.00532	0.00486	0.00560	0.00886
53	0.01289	0.00849	0.00999	0.00871	0.01122	0.00878	0.00681	0.05601	0.28179	0.16476	0.31756	0.02710	0.04668	0.00845	0.00563	0.00168	0.00357	0.00721	0.00567	0.00700
54	0.01392	0.82012	0.02729	0.00891	0.01337	0.02061	0.00891	0.01559	0.01058	0.01225	0.00724	0.00835	0.00668	0.00446	0.00334	0.00111	0.00557	0.00278	0.00223	0.00668
55	0.01262	0.01343	0.05359	0.02835	0.53210	0.01260	0.23689	0.01621	0.01195	0.01690	0.01000	0.01316	0.00808	0.00458	0.00544	0.00161	0.00701	0.00505	0.00258	0.00787
56	0.01505	0.01257	0.01193	0.01025	0.01319	0.10457	0.00807	0.23340	0.33038	0.02340	0.01640	0.01628	0.01235	0.00645	0.00489	0.00156	0.00488	0.00506	0.16180	0.00752
57	0.01528	0.00715	0.00907	0.00754	0.01040	0.00617	0.00602	0.01713	0.01388	0.41732	0.14609	0.03159	0.27181	0.00930	0.00568	0.00166	0.00354	0.00776	0.00581	0.00680
58	0.01289	0.01237	0.02114	0.03196	0.78450	0.01237	0.01598	0.01598	0.01186	0.01701	0.00980	0.01289	0.00825	0.00464	0.00516	0.00155	0.00619	0.00464	0.00258	0.00825
59	0.00698	0.00531	0.00642	0.00614	0.00754	0.00475	0.00461	0.00908	0.01383	0.01871	0.54940	0.04248	0.28285	0.01146	0.00615	0.00168	0.00251	0.00992	0.00545	0.00475
60	0.00756	0.00510	0.00594	0.00594	0.00603	0.00519	0.00348	0.00774	0.00765	0.01029	0.01617	0.03275	0.01836	0.74104	0.10166	0.00537	0.00592	0.00738	0.00312	0.00330
61	0.01392	0.82012	0.02729	0.00891	0.01337	0.02061	0.00891	0.01559	0.01058	0.01225	0.00724	0.00835	0.00668	0.00446	0.00334	0.00111	0.00557	0.00278	0.00223	0.00668
62	0.00737	0.00532	0.00696	0.00655	0.00778	0.00491	0.00491	0.00983	0.01474	0.02088	0.78175	0.03890	0.04914	0.01065	0.00614	0.00164	0.00246	0.00942	0.00573	0.00491
63	0.00680	0.00530	0.00617	0.00596	0.00743	0.00467	0.00447	0.00873	0.01340	0.01770	0.44097	0.04414	0.39190	0.01183	0.00615	0.00169	0.00254	0.01015	0.00531	0.00467
64	0.01945	0.02482	0.01476	0.01342	0.01610	0.79608	0.01006	0.02079	0.01476	0.01275	0.00805	0.00939	0.00671	0.00537	0.00470	0.00134	0.00939	0.00335	0.00268	0.00604
65	0.00757	0.00505	0.00568	0.00568	0.00568	0.00505	0.00316	0.00757	0.00757	0.01010	0.01641	0.03408	0.01893	0.81698	0.02651	0.00505	0.00505	0.00757	0.00316	0.00316
66	0.01392	0.82012	0.02729	0.00891	0.01337	0.02061	0.00891	0.01559	0.01058	0.01225	0.00724	0.00835	0.00668	0.00446	0.00334	0.00111	0.00557	0.00278	0.00223	0.00668
67	0.00839	0.00599	0.00839	0.00959	0.01079	0.00599	0.00839	0.01079	0.01199	0.01558	0.02757	0.05874	0.02997	0.01439	0.00719	0.00240	0.00480	0.74945	0.00480	0.00480
68	0.00615	0.00528	0.00528	0.00528	0.00703	0.00440	0.00396	0.00747	0.01187	0.01407	0.05276	0.05012	0.78238	0.01319	0.00615	0.00176	0.00264	0.01099	0.00484	0.00440
69	0.01945	0.02482	0.01476	0.01342	0.01610	0.79608	0.01006	0.02079	0.01476	0.01275	0.00805	0.00939	0.00671	0.00537	0.00470	0.00134	0.00939	0.00335	0.00268	0.00604
70	0.00723	0.00562	0.00677	0.00735	0.00884	0.00516	0.00609	0.00907	0.01193	0.01480	0.04066	0.05426	0.42095	0.01376	0.00665	0.00207	0.00367	0.36572	0.00482	0.00459
71	0.00621	0.00508	0.00548	0.00580	0.00717	0.00435	0.00419	0.00741	0.01137	0.01386	0.04640	0.25198	0.58462	0.01402	0.00628	0.00185	0.00274	0.01200	0.00484	0.00435
72	0.01209	0.01154	0.01974	0.26926	0.49973	0.01226	0.04995	0.03370	0.01174	0.01624	0.00973	0.01324	0.00784	0.00484	0.00522	0.00161	0.00653	0.00471	0.00256	0.00745
73	0.00639	0.00457	0.00609	0.00722	0.00756	0.00426	0.00484	0.00738	0.01020	0.01366	0.06535	0.77588	0.03516	0.01604	0.00662	0.00209	0.00299	0.01454	0.00488	0.00426
74	0.44245	0.21068	0.16762	0.00925	0.01363	0.05210	0.00934	0.01588	0.00999	0.01879	0.00770	0.00898	0.00613	0.00479	0.00366	0.00149	0.00539	0.00304	0.00275	0.00632
75	0.00749	0.00540	0.00744	0.00744	0.00804	0.00600	0.00534	0.00870	0.00809	0.01140	0.01480	0.02519	0.01507	0.30931	0.52891	0.00722	0.01086	0.00627	0.00292	0.00413
76	0.01068	0.00978	0.04798	0.00922	0.01180	0.00989	0.00748	0.02035	0.45541	0.02075	0.25532	0.02697	0.07550	0.00846	0.00560	0.00172	0.00369	0.00720	0.00525	0.00695
77	0.01080	0.00926	0.01080	0.00771	0.01234	0.00694	0.00617	0.01311	0.01080	0.01697	0.00926	0.01080	0.00771	0.00386	0.00386	0.00077	0.00386	0.00309	0.00309	0.84882
78	0.10321	0.00935	0.01439	0.01272	0.05157	0.04159	0.19613	0.03498	0.01063	0.01555	0.01503	0.18221	0.01499	0.04724	0.22244	0.00371	0.00813	0.00725	0.00330	0.00557
79	0.01040	0.00703	0.00886	0.22413	0.01532	0.00790	0.00728	0.03690	0.09324	0.01840	0.01519	0.01770	0.01174	0.00594	0.00429	0.00143	0.00394	0.00490	0.49981	0.00559

[dist]
# distance from previous block
# <min> <max>
0	1

[block]
# block no. 3 follows, 47 sequences, length 32
# corresponding to MSA columns:
# 553-584
name=unknown_D
#
# <colnr> <probs for GDERKNQSTAVLIFYWHMCP>
#	G	D	E	R	K	N	Q	S	T	A	V	L	I	F	Y	W	H	M	C	P
0	0.01417	0.01004	0.01135	0.00961	0.01245	0.01077	0.00761	0.21867	0.26211	0.10675	0.23299	0.04105	0.02348	0.00800	0.00554	0.00167	0.00409	0.00670	0.00551	0.00744
1	0.01031	0.02299	0.64981	0.01306	0.01960	0.01080	0.01646	0.01571	0.01098	0.01701	0.01071	0.01250	0.00780	0.00515	0.00471	0.00157	0.00676	0.00403	0.15285	0.00719
2	0.00905	0.00452	0.00678	0.00678	0.00678	0.00452	0.00452	0.00678	0.00678	0.00905	0.00905	0.01583	0.00905	0.01809	0.02035	0.84848	0.00452	0.00452	0.00226	0.00226
3	0.00658	0.00565	0.00569	0.00561	0.00745	0.00494	0.00423	0.00875	0.06010	0.01456	0.05076	0.04818	0.73395	0.01280	0.00610	0.00176	0.00273	0.01067	0.00487	0.00464
4	0.01338	0.01401	0.01430	0.01251	0.01357	0.20736	0.01001	0.06797	0.01085	0.01386	0.00879	0.01313	0.00823	0.05465	0.09334	0.00277	0.42828	0.00454	0.00269	0.00576
5	0.21876	0.01269	0.01285	0.12103	0.01677	0.08511	0.00907	0.29204	0.03118	0.10266	0.04140	0.01314	0.00974	0.00589	0.00472	0.00159	0.00554	0.00437	0.00424	0.00723
6	0.06538	0.00899	0.01050	0.00860	0.01219	0.00804	0.00706	0.06528	0.05727	0.09010	0.01571	0.02254	0.02815	0.00686	0.00485	0.00137	0.00423	0.15726	0.00407	0.42157
7	0.66298	0.01155	0.00935	0.00804	0.01140	0.05646	0.00657	0.12863	0.01167	0.04137	0.00838	0.00933	0.00635	0.00511	0.00365	0.00159	0.00460	0.00318	0.00356	0.00622
8	0.01392	0.82012	0.02729	0.00891	0.01337	0.02061	0.00891	0.01559	0.01058	0.01225	0.00724	0.00835	0.00668	0.00446	0.00334	0.00111	0.00557	0.00278	0.00223	0.00668
9	0.01694	0.00809	0.01049	0.00850	0.01166	0.00731	0.00682	0.02028	0.08528	0.44359	0.23924	0.02352	0.02327	0.00754	0.00541	0.00158	0.00379	0.00636	0.00591	0.06442
10	0.00678	0.00526	0.00617	0.00603	0.00744	0.00465	0.00449	0.00865	0.01321	0.01746	0.41848	0.08665	0.37186	0.01208	0.00618	0.00172	0.00257	0.01041	0.00529	0.00465
11	0.01539	0.01349	0.05235	0.01521	0.01953	0.01314	0.28423	0.24116	0.01559	0.10178	0.01164	0.01328	0.00853	0.00560	0.00659	0.00164	0.08604	0.00508	0.00379	0.08595
12	0.21948	0.00910	0.00996	0.00861	0.01128	0.01000	0.00694	0.16394	0.05113	0.12147	0.01353	0.01544	0.01055	0.01527	0.22923	0.00349	0.00709	0.00463	0.08239	0.00647
13	0.00634	0.00456	0.00602	0.00719	0.00754	0.00424	0.00481	0.00726	0.01003	0.01332	0.02947	0.78919	0.05834	0.01622	0.00663	0.00210	0.00301	0.01468	0.00483	0.00424
14	0.02242	0.00868	0.01185	0.00929	0.01314	0.00755	0.00770	0.02446	0.01472	0.73929	0.02099	0.02032	0.01397	0.00695	0.00536	0.00166	0.00445	0.05226	0.00634	0.00861
15	0.00693	0.00531	0.00635	0.00609	0.00751	0.00472	0.00456	0.00897	0.01369	0.01839	0.51531	0.04300	0.31713	0.01158	0.00615	0.00168	0.00252	0.00999	0.00540	0.00472
16	0.01944	0.01218	0.01378	0.01089	0.01476	0.01296	0.00889	0.39386	0.17661	0.25516	0.01669	0.01549	0.01151	0.00648	0.00524	0.00162	0.00501	0.00510	0.00560	0.00873
17	0.01392	0.82012	0.02729	0.00891	0.01337	0.02061	0.00891	0.01559	0.01058	0.01225	0.00724	0.00835	0.00668	0.00446	0.00334	0.00111	0.00557	0.00278	0.00223	0.00668
18	0.01628	0.01268	0.01956	0.01755	0.16002	0.01276	0.21147	0.27786	0.01680	0.13459	0.01492	0.01587	0.05266	0.00588	0.00551	0.00163	0.00626	0.00550	0.00420	0.00801
19	0.01307	0.51068	0.28104	0.01114	0.01658	0.06146	0.01242	0.01619	0.01095	0.01369	0.00799	0.00929	0.00666	0.00467	0.00395	0.00131	0.00649	0.00317	0.00224	0.00698
20	0.01932	0.01435	0.01536	0.01189	0.01597	0.01593	0.00978	0.71613	0.07626	0.03206	0.01310	0.01298	0.00934	0.00631	0.00522	0.00158	0.00562	0.00477	0.00522	0.00881
21	0.01641	0.01677	0.01354	0.01102	0.01475	0.32569	0.00862	0.19560	0.01564	0.01905	0.00954	0.01064	0.00758	0.00503	0.00452	0.00119	0.00652	0.00357	0.00343	0.31089
22	0.01151	0.00894	0.01266	0.10757	0.22948	0.02340	0.00955	0.04268	0.05379	0.06671	0.16705	0.02161	0.03847	0.03601	0.02986	0.00189	0.00493	0.00600	0.12145	0.00646
23	0.00619	0.00528	0.00533	0.00531	0.00706	0.00441	0.00399	0.00754	0.01196	0.01427	0.07483	0.04978	0.76018	0.01311	0.00615	0.00175	0.00263	0.01094	0.00486	0.00441
24	0.01046	0.00956	0.01333	0.22988	0.05981	0.03939	0.01048	0.04173	0.01066	0.01482	0.09241	0.04114	0.01355	0.02546	0.10981	0.00274	0.23361	0.00556	0.02991	0.00566
25	0.00642	0.00529	0.00564	0.00555	0.00720	0.00451	0.00417	0.00799	0.01250	0.01555	0.21158	0.04767	0.62263	0.01263	0.00615	0.00173	0.00260	0.01065	0.00503	0.00451
26	0.00745	0.00555	0.00822	0.00822	0.00910	0.00643	0.00633	0.00921	0.00833	0.01198	0.01408	0.02119	0.01334	0.08104	0.75480	0.00819	0.01347	0.00569	0.00281	0.00457
27	0.01404	0.71445	0.04100	0.00947	0.01372	0.01993	0.00931	0.05696	0.01121	0.01349	0.00755	0.00881	0.00681	0.00483	0.00425	0.00121	0.05080	0.00301	0.00239	0.00677
28	0.78429	0.00977	0.00773	0.00690	0.01003	0.01120	0.00565	0.01526	0.00935	0.04329	0.05124	0.01042	0.00828	0.00520	0.00344	0.00161	0.00395	0.00326	0.00345	0.00568
29	0.01282	0.01404	0.02644	0.02406	0.24708	0.05631	0.47386	0.01653	0.01212	0.01639	0.01003	0.01334	0.00789	0.00471	0.00623	0.00169	0.04108	0.00549	0.00261	0.00727
30	0.71349	0.01027	0.00853	0.00740	0.01066	0.01171	0.00608	0.08765	0.01079	0.04730	0.04019	0.01039	0.00797	0.00526	0.00360	0.00161	0.00414	0.00335	0.00361	0.00602
31	0.24493	0.06373	0.01195	0.00974	0.01276	0.12492	0.00779	0.06043	0.31308	0.02068	0.04578	0.01591	0.01261	0.00637	0.00461	0.00162	0.00498	0.02706	0.00416	0.00690

[dist]
# distance from previous block
# <min> <max>
3	9

[block]
# block no. 4 follows, 47 sequences, length 43
# corresponding to MSA columns:
# 594-636
name=unknown_E
#
# <colnr> <probs for GDERKNQSTAVLIFYWHMCP>
#	G	D	E	R	K	N	Q	S	T	A	V	L	I	F	Y	W	H	M	C	P
0	0.01143	0.28580	0.51002	0.01261	0.01896	0.01458	0.01530	0.01584	0.01082	0.01498	0.00940	0.04108	0.00770	0.00522	0.00449	0.00149	0.00682	0.00392	0.00231	0.00723
1	0.01309	0.01285	0.02005	0.04982	0.66096	0.05328	0.01512	0.01654	0.04550	0.01673	0.01008	0.01296	0.00842	0.00497	0.00560	0.00158	0.03718	0.00462	0.00268	0.00797
2	0.00670	0.00493	0.00673	0.00829	0.03767	0.00464	0.00543	0.00778	0.01019	0.01357	0.02840	0.72815	0.04814	0.01570	0.00661	0.00210	0.00323	0.05259	0.00475	0.00442
3	0.01139	0.01139	0.01595	0.01367	0.01367	0.01595	0.01139	0.01253	0.00798	0.01253	0.00684	0.01139	0.00684	0.00911	0.01709	0.00228	0.80745	0.00456	0.00228	0.00570
4	0.01574	0.01192	0.01290	0.01082	0.01411	0.01328	0.00861	0.32502	0.37169	0.06548	0.01824	0.07906	0.01435	0.00743	0.00537	0.00170	0.00470	0.00607	0.00529	0.00821
5	0.01868	0.01053	0.01614	0.01932	0.35290	0.00991	0.01137	0.03662	0.01376	0.43295	0.01565	0.01549	0.01076	0.00565	0.00520	0.00158	0.00523	0.00496	0.00472	0.00859
6	0.01080	0.00926	0.01080	0.00771	0.01234	0.00694	0.00617	0.01311	0.01080	0.01697	0.00926	0.01080	0.00771	0.00386	0.00386	0.00077	0.00386	0.00309	0.00309	0.84882
7	0.00732	0.00529	0.00692	0.00659	0.00777	0.00488	0.00491	0.00970	0.01451	0.02052	0.74571	0.07597	0.04843	0.01092	0.00617	0.00166	0.00248	0.00968	0.00569	0.00488
8	0.00821	0.00621	0.00751	0.00704	0.00858	0.00602	0.00534	0.04708	0.07628	0.02011	0.53133	0.07339	0.14871	0.01083	0.00607	0.00170	0.00284	0.02199	0.00549	0.00527
9	0.01520	0.00739	0.00977	0.00860	0.01117	0.00677	0.00699	0.04985	0.01417	0.36648	0.15739	0.09441	0.06541	0.00987	0.00594	0.00182	0.00400	0.15227	0.00573	0.00677
10	0.00738	0.00557	0.00705	0.00784	0.00912	0.00523	0.00645	0.00923	0.01169	0.01479	0.03621	0.15061	0.28434	0.01422	0.00677	0.00215	0.00384	0.40810	0.00481	0.00459
11	0.01110	0.00754	0.01060	0.25935	0.09274	0.00827	0.00869	0.04263	0.01157	0.05456	0.01385	0.01669	0.01064	0.00568	0.00442	0.00144	0.00444	0.00477	0.42519	0.00583
12	0.00733	0.00531	0.00741	0.00757	0.00819	0.00586	0.00547	0.00861	0.00838	0.01176	0.01646	0.12635	0.01724	0.22637	0.50595	0.00675	0.01036	0.00726	0.00314	0.00423
13	0.01945	0.02482	0.01476	0.01342	0.01610	0.79608	0.01006	0.02079	0.01476	0.01275	0.00805	0.00939	0.00671	0.00537	0.00470	0.00134	0.00939	0.00335	0.00268	0.00604
14	0.01047	0.00738	0.00906	0.00761	0.01030	0.00640	0.00586	0.02826	0.04932	0.09250	0.28979	0.12927	0.02701	0.00840	0.00528	0.00141	0.00335	0.00729	0.00474	0.29631
15	0.01587	0.00927	0.01157	0.03583	0.01333	0.00912	0.00771	0.05778	0.15975	0.30764	0.11916	0.01981	0.01711	0.00694	0.00576	0.00156	0.04260	0.01792	0.00519	0.13609
16	0.00801	0.00571	0.00767	0.00842	0.02772	0.00589	0.00623	0.00941	0.00961	0.01286	0.02027	0.04088	0.02198	0.32381	0.16606	0.00453	0.00668	0.30627	0.00373	0.00423
17	0.05111	0.10302	0.67865	0.01389	0.02105	0.01290	0.01759	0.01635	0.01085	0.01641	0.00904	0.01062	0.00656	0.00489	0.00471	0.00160	0.00731	0.00370	0.00225	0.00750
18	0.01058	0.00861	0.00965	0.00895	0.01111	0.00946	0.00692	0.01987	0.44077	0.02086	0.27486	0.05108	0.02815	0.00887	0.00567	0.00175	0.00352	0.04488	0.02768	0.00675
19	0.01090	0.00755	0.00901	0.00809	0.01018	0.00772	0.00624	0.01710	0.25134	0.10809	0.44466	0.03065	0.04878	0.00910	0.00578	0.00168	0.00320	0.00788	0.00566	0.00639
20	0.00647	0.00529	0.00571	0.00560	0.00722	0.00453	0.00420	0.00807	0.01260	0.01581	0.23878	0.04726	0.59528	0.01254	0.00615	0.00173	0.00259	0.01059	0.00506	0.00453
21	0.01944	0.01441	0.01543	0.01191	0.01601	0.01598	0.00981	0.72867	0.06353	0.03225	0.01296	0.01286	0.00922	0.00629	0.00521	0.00157	0.00565	0.00475	0.00521	0.00882
22	0.00687	0.00530	0.00626	0.00602	0.00747	0.00470	0.00452	0.00885	0.01355	0.01806	0.48010	0.04354	0.35255	0.01170	0.00615	0.00169	0.00253	0.01007	0.00536	0.00470
23	0.01392	0.82012	0.02729	0.00891	0.01337	0.02061	0.00891	0.01559	0.01058	0.01225	0.00724	0.00835	0.00668	0.00446	0.00334	0.00111	0.00557	0.00278	0.00223	0.00668
24	0.01172	0.01130	0.01790	0.38338	0.37521	0.03820	0.01467	0.01555	0.05224	0.01543	0.01010	0.01358	0.00801	0.00505	0.00517	0.00164	0.00653	0.00466	0.00261	0.00705
25	0.04472	0.01651	0.01413	0.01348	0.09600	0.36621	0.00957	0.02201	0.01434	0.33226	0.01335	0.01316	0.00938	0.00572	0.00492	0.00148	0.00686	0.00425	0.00423	0.00742
26	0.85377	0.01007	0.00765	0.00685	0.01007	0.01168	0.00564	0.01531	0.00886	0.02336	0.00725	0.00846	0.00564	0.00483	0.00322	0.00161	0.00403	0.00282	0.00322	0.00564
27	0.00615	0.00528	0.00528	0.00528	0.00703	0.00440	0.00396	0.00747	0.01187	0.01407	0.05276	0.05012	0.78238	0.01319	0.00615	0.00176	0.00264	0.01099	0.00484	0.00440
28	0.00634	0.00453	0.00604	0.00725	0.00755	0.00423	0.00483	0.00725	0.00997	0.01329	0.02870	0.81358	0.03444	0.01632	0.00665	0.00211	0.00302	0.01480	0.00483	0.00423
29	0.01045	0.02694	0.79000	0.01484	0.02254	0.01209	0.01924	0.01649	0.01099	0.01649	0.00935	0.01099	0.00660	0.00495	0.00495	0.00165	0.00770	0.00385	0.00220	0.00770
30	0.00744	0.00558	0.00837	0.00837	0.00930	0.00651	0.00651	0.00930	0.00837	0.01209	0.01395	0.02046	0.01302	0.03906	0.79635	0.00837	0.01395	0.00558	0.00279	0.00465
31	0.00909	0.00478	0.00726	0.04958	0.00834	0.00490	0.00506	0.00713	0.00698	0.00927	0.00906	0.01573	0.00893	0.01740	0.01954	0.80305	0.00465	0.00453	0.00226	0.00245
32	0.01077	0.01101	0.02152	0.01634	0.01993	0.01082	0.45218	0.01525	0.08856	0.01576	0.01398	0.08054	0.01232	0.05410	0.14898	0.00314	0.00858	0.00678	0.00313	0.00630
33	0.43122	0.01682	0.01109	0.01003	0.01299	0.36786	0.00778	0.01844	0.05143	0.01846	0.00834	0.00945	0.00666	0.00519	0.00400	0.00150	0.00647	0.00322	0.00309	0.00596
34	0.01562	0.01176	0.01339	0.01032	0.01411	0.01203	0.00841	0.37773	0.01735	0.06307	0.01213	0.05041	0.00973	0.00617	0.00579	0.00138	0.07004	0.00465	0.00430	0.29162
35	0.01185	0.01131	0.01926	0.29488	0.52971	0.01210	0.01547	0.01507	0.01137	0.01575	0.00961	0.01323	0.00780	0.00483	0.00517	0.00161	0.00644	0.00464	0.00249	0.00741
36	0.01116	0.01154	0.05180	0.02548	0.01442	0.05477	0.06810	0.05302	0.00983	0.01397	0.00973	0.01452	0.00893	0.03901	0.21200	0.00373	0.38466	0.00493	0.00264	0.00574
37	0.01427	0.70147	0.06701	0.00966	0.01412	0.09434	0.00958	0.01614	0.01100	0.01253	0.00743	0.00859	0.00668	0.00457	0.00356	0.00116	0.00605	0.00290	0.00227	0.00668
38	0.00750	0.00536	0.00724	0.00724	0.00777	0.00589	0.00510	0.00857	0.00803	0.01125	0.01498	0.02619	0.01551	0.36668	0.47213	0.00697	0.01020	0.00642	0.00294	0.00402
39	0.01416	0.01220	0.02009	0.06810	0.57892	0.01232	0.05054	0.08285	0.01316	0.08084	0.01091	0.01336	0.00859	0.00495	0.00522	0.00157	0.00617	0.00476	0.00311	0.00817
40	0.00757	0.00505	0.00568	0.00568	0.00568	0.00505	0.00316	0.00757	0.00757	0.01010	0.01641	0.03408	0.01893	0.81698	0.02651	0.00505	0.00505	0.00757	0.00316	0.00316
41	0.01080	0.00926	0.01080	0.00771	0.01234	0.00694	0.00617	0.01311	0.01080	0.01697	0.00926	0.01080	0.00771	0.00386	0.00386	0.00077	0.00386	0.00309	0.00309	0.84882
42	0.01458	0.01478	0.08542	0.01734	0.04376	0.01377	0.37125	0.23104	0.09860	0.03735	0.01234	0.01399	0.00905	0.00530	0.00564	0.00168	0.00716	0.00546	0.00369	0.00780

[dist]
# distance from previous block
# <min> <max>
0	1

[block]
# block no. 5 follows, 47 sequences, length 151
# corresponding to MSA columns:
# 638-788
name=unknown_F
#
# <colnr> <probs for GDERKNQSTAVLIFYWHMCP>
#	G	D	E	R	K	N	Q	S	T	A	V	L	I	F	Y	W	H	M	C	P
0	0.00674	0.00529	0.00666	0.00721	0.00790	0.00521	0.00512	0.00785	0.01055	0.01383	0.07269	0.51880	0.22178	0.01468	0.00730	0.00201	0.06451	0.01277	0.00469	0.00442
1	0.00737	0.00532	0.00696	0.00655	0.00778	0.00491	0.00491	0.00983	0.01474	0.02088	0.78175	0.03890	0.04914	0.01065	0.00614	0.00164	0.00246	0.00942	0.00573	0.00491
2	0.01597	0.01657	0.01627	0.01413	0.04084	0.28795	0.07987	0.09780	0.12096	0.05033	0.01091	0.01251	0.00869	0.00652	0.00793	0.00170	0.19631	0.00452	0.00338	0.00685
3	0.00757	0.00505	0.00568	0.00568	0.00568	0.00505	0.00316	0.00757	0.00757	0.01010	0.01641	0.03408	0.01893	0.81698	0.02651	0.00505	0.00505	0.00757	0.00316	0.00316
4	0.01211	0.38843	0.41683	0.01200	0.01806	0.01601	0.01417	0.01644	0.03543	0.01473	0.00877	0.01006	0.00694	0.00479	0.00423	0.00141	0.00661	0.00343	0.00231	0.00725
5	0.01962	0.01450	0.01553	0.01195	0.01608	0.01607	0.00986	0.74856	0.04334	0.03254	0.01272	0.01268	0.00903	0.00627	0.00521	0.00157	0.00569	0.00472	0.00521	0.00884
6	0.01289	0.01237	0.02114	0.03196	0.78450	0.01237	0.01598	0.01598	0.01186	0.01701	0.00980	0.01289	0.00825	0.00464	0.00516	0.00155	0.00619	0.00464	0.00258	0.00825
7	0.00634	0.00453	0.00604	0.00725	0.00755	0.00423	0.00483	0.00725	0.00997	0.01329	0.02870	0.81358	0.03444	0.01632	0.00665	0.00211	0.00302	0.01480	0.00483	0.00423
8	0.01392	0.82012	0.02729	0.00891	0.01337	0.02061	0.00891	0.01559	0.01058	0.01225	0.00724	0.00835	0.00668	0.00446	0.00334	0.00111	0.00557	0.00278	0.00223	0.00668
9	0.01310	0.01126	0.01186	0.01063	0.01360	0.01302	0.00828	0.04306	0.75947	0.02201	0.02101	0.01929	0.01575	0.00705	0.00530	0.00176	0.00415	0.00586	0.00530	0.00826
10	0.06698	0.07386	0.01601	0.01150	0.01560	0.03582	0.00959	0.65015	0.02233	0.03026	0.01170	0.01189	0.00846	0.00602	0.00495	0.00153	0.00571	0.00441	0.00481	0.00844
11	0.00634	0.00453	0.00604	0.00725	0.00755	0.00423	0.00483	0.00725	0.00997	0.01329	0.02870	0.81358	0.03444	0.01632	0.00665	0.00211	0.00302	0.01480	0.00483	0.00423
12	0.00751	0.00529	0.00688	0.00688	0.00729	0.00570	0.00465	0.00834	0.00793	0.01099	0.01531	0.02800	0.01629	0.46990	0.36998	0.00653	0.00902	0.00668	0.00299	0.00382
13	0.01045	0.02694	0.79000	0.01484	0.02254	0.01209	0.01924	0.01649	0.01099	0.01649	0.00935	0.01099	0.00660	0.00495	0.00495	0.00165	0.00770	0.00385	0.00220	0.00770
14	0.00754	0.00504	0.00569	0.00572	0.00572	0.00503	0.00320	0.00757	0.00763	0.01017	0.01670	0.05272	0.01930	0.79784	0.02603	0.00498	0.00500	0.00775	0.00320	0.00318
15	0.02259	0.00869	0.01184	0.00913	0.01303	0.00752	0.00752	0.02462	0.01490	0.75077	0.05759	0.01876	0.01465	0.00665	0.00528	0.00161	0.00434	0.00544	0.00641	0.00867
16	0.01289	0.01237	0.02114	0.03196	0.78450	0.01237	0.01598	0.01598	0.01186	0.01701	0.00980	0.01289	0.00825	0.00464	0.00516	0.00155	0.00619	0.00464	0.00258	0.00825
17	0.01614	0.01886	0.01807	0.01528	0.04397	0.44307	0.20928	0.03388	0.03076	0.01527	0.01012	0.01212	0.00805	0.00522	0.00500	0.00146	0.00817	0.00438	0.09454	0.00635
18	0.01289	0.01237	0.02114	0.03196	0.78450	0.01237	0.01598	0.01598	0.01186	0.01701	0.00980	0.01289	0.00825	0.00464	0.00516	0.00155	0.00619	0.00464	0.00258	0.00825
19	0.01406	0.01094	0.01181	0.01046	0.01352	0.01239	0.00818	0.02743	0.69449	0.10303	0.02113	0.01925	0.01558	0.00700	0.00529	0.00175	0.00415	0.00582	0.00542	0.00831
20	0.00906	0.00841	0.01406	0.01149	0.01401	0.00806	0.22943	0.01301	0.10180	0.01702	0.18544	0.19046	0.15560	0.00998	0.00615	0.00181	0.00466	0.00942	0.00443	0.00570
21	0.00737	0.00532	0.00696	0.00655	0.00778	0.00491	0.00491	0.00983	0.01474	0.02088	0.78175	0.03890	0.04914	0.01065	0.00614	0.00164	0.00246	0.00942	0.00573	0.00491
22	0.01369	0.01126	0.01197	0.01061	0.01366	0.01290	0.00830	0.06313	0.70886	0.05270	0.02075	0.01903	0.01544	0.00700	0.00529	0.00175	0.00421	0.00580	0.00534	0.00830
23	0.53533	0.01229	0.01066	0.00888	0.01239	0.05088	0.00727	0.26648	0.01436	0.02601	0.00904	0.00985	0.00676	0.00533	0.00396	0.00158	0.00485	0.00347	0.00386	0.00673
24	0.00636	0.00464	0.00600	0.00708	0.00755	0.00428	0.00480	0.00734	0.01021	0.01342	0.03128	0.71780	0.11519	0.01594	0.00660	0.00208	0.00301	0.02732	0.00483	0.00426
25	0.02063	0.01110	0.05383	0.01015	0.01423	0.01004	0.00869	0.16724	0.09815	0.50594	0.01841	0.01658	0.01211	0.00639	0.00519	0.00161	0.00478	0.00512	0.02115	0.00866
26	0.01258	0.00638	0.00793	0.00697	0.00863	0.00593	0.00503	0.01414	0.02509	0.25226	0.16699	0.02925	0.04709	0.31693	0.01346	0.00291	0.00409	0.00711	0.06174	0.00549
27	0.01811	0.01305	0.01416	0.01132	0.01511	0.01442	0.00920	0.48002	0.24490	0.09992	0.01582	0.01503	0.01131	0.00651	0.00524	0.00163	0.00514	0.00509	0.00535	0.00868
28	0.04450	0.01119	0.05382	0.00973	0.01410	0.05041	0.08252	0.01375	0.01115	0.01685	0.03036	0.05391	0.01002	0.00492	0.00437	0.00107	0.00478	0.00422	0.00314	0.57520
29	0.01425	0.74508	0.04254	0.00937	0.01376	0.07719	0.00921	0.01599	0.01090	0.01238	0.00734	0.00849	0.00668	0.00453	0.00347	0.00114	0.00589	0.00285	0.00226	0.00666
30	0.85377	0.01007	0.00765	0.00685	0.01007	0.01168	0.00564	0.01531	0.00886	0.02336	0.00725	0.00846	0.00564	0.00483	0.00322	0.00161	0.00403	0.00282	0.00322	0.00564
31	0.01220	0.01173	0.02019	0.20264	0.59727	0.01222	0.03697	0.01541	0.01155	0.01618	0.00970	0.01314	0.00795	0.00476	0.00520	0.00159	0.00643	0.00468	0.00252	0.00767
32	0.01108	0.01053	0.01788	0.48828	0.34228	0.01190	0.01508	0.01440	0.01100	0.01482	0.00948	0.01348	0.00748	0.00497	0.00519	0.00166	0.00663	0.00463	0.00242	0.00679
33	0.00757	0.00505	0.00568	0.00568	0.00568	0.00505	0.00316	0.00757	0.00757	0.01010	0.01641	0.03408	0.01893	0.81698	0.02651	0.00505	0.00505	0.00757	0.00316	0.00316
34	0.02329	0.00899	0.01216	0.00933	0.01336	0.00784	0.00770	0.04194	0.01512	0.77124	0.02037	0.01761	0.01280	0.00644	0.00524	0.00161	0.00446	0.00522	0.00642	0.00886
35	0.01675	0.01058	0.01206	0.01022	0.01358	0.01134	0.00813	0.06251	0.48601	0.27730	0.02056	0.01853	0.01456	0.00682	0.00527	0.00170	0.00430	0.00561	0.00568	0.00848
