[name]
unknown

[dist]
# distance from previous block
# <min> <max>
14	82

[block]
# block no. 0 follows, 54 sequences, length 19
# corresponding to MSA columns:
# 85-103
name=unknown_A
#
# <colnr> <probs for GDERKNQSTAVLIFYWHMCP>
#	G	D	E	R	K	N	Q	S	T	A	V	L	I	F	Y	W	H	M	C	P
0	0.01076	0.11559	0.20737	0.03927	0.15229	0.12294	0.02527	0.01335	0.01039	0.03257	0.01270	0.21143	0.01261	0.00698	0.00471	0.00149	0.00560	0.00595	0.00280	0.00592
1	0.00811	0.00499	0.04117	0.00642	0.00679	0.00439	0.00466	0.00675	0.00665	0.00911	0.00967	0.06854	0.00978	0.01532	0.01639	0.73369	0.00405	0.00470	0.03634	0.00247
2	0.01366	0.04807	0.01270	0.03133	0.05061	0.11596	0.03274	0.18087	0.28045	0.06021	0.01548	0.03917	0.04245	0.00611	0.00464	0.00145	0.00486	0.00495	0.04751	0.00679
3	0.05259	0.01065	0.14949	0.01011	0.07398	0.00823	0.00848	0.06235	0.09932	0.10315	0.23677	0.04592	0.04073	0.00680	0.00481	0.00144	0.00405	0.00574	0.00406	0.07133
4	0.01090	0.06996	0.08123	0.00937	0.04570	0.07284	0.02381	0.06210	0.09212	0.07878	0.08148	0.17593	0.06375	0.01954	0.00507	0.00152	0.00427	0.00662	0.07296	0.02206
5	0.02975	0.13487	0.11512	0.06899	0.03260	0.03093	0.02184	0.01035	0.00927	0.01237	0.01722	0.27498	0.07394	0.07676	0.04572	0.00211	0.02782	0.00740	0.00308	0.00488
6	0.03760	0.00970	0.12686	0.05334	0.01328	0.03088	0.11083	0.03778	0.02714	0.03010	0.01881	0.39655	0.04725	0.03024	0.00584	0.00178	0.00460	0.00880	0.00355	0.00508
7	0.08791	0.04182	0.13082	0.12421	0.03287	0.01249	0.14305	0.22601	0.03791	0.01881	0.00944	0.01136	0.00714	0.00574	0.02281	0.00166	0.07222	0.00418	0.00301	0.00654
8	0.04172	0.10480	0.16729	0.01088	0.01483	0.08020	0.08958	0.10463	0.08517	0.06095	0.02592	0.04527	0.03585	0.00555	0.00474	0.00138	0.02666	0.00450	0.00320	0.08686
9	0.00953	0.00949	0.07027	0.00905	0.03125	0.02773	0.06084	0.11118	0.16588	0.01645	0.02792	0.05004	0.33717	0.04461	0.00599	0.00169	0.00407	0.00718	0.00402	0.00564
10	0.00629	0.00446	0.00518	0.00553	0.00589	0.00424	0.00346	0.00675	0.00821	0.01067	0.02401	0.28453	0.15678	0.43559	0.01518	0.00322	0.00362	0.00944	0.00360	0.00336
11	0.02723	0.12999	0.03633	0.03463	0.22591	0.04565	0.24496	0.03838	0.05486	0.06233	0.01138	0.02169	0.03558	0.00480	0.00471	0.00143	0.00601	0.00467	0.00282	0.00664
12	0.03129	0.08599	0.16380	0.20765	0.10027	0.10869	0.10186	0.03043	0.03603	0.05535	0.00913	0.01124	0.00695	0.00471	0.00480	0.00145	0.02762	0.00396	0.00252	0.00628
13	0.00758	0.00464	0.00608	0.00597	0.00645	0.00452	0.00406	0.02877	0.00873	0.01175	0.17877	0.06787	0.08093	0.15723	0.01466	0.39558	0.00361	0.00646	0.00323	0.00310
14	0.00801	0.00631	0.01027	0.10247	0.01268	0.00623	0.12550	0.02593	0.00956	0.03801	0.02030	0.37636	0.08840	0.03021	0.00767	0.11093	0.00422	0.00903	0.00353	0.00437
15	0.03230	0.06385	0.20831	0.01387	0.13927	0.06131	0.05980	0.12906	0.06810	0.06737	0.04420	0.03798	0.04262	0.00561	0.00465	0.00145	0.00554	0.00470	0.00326	0.00676
16	0.07178	0.08811	0.01594	0.02585	0.14564	0.17591	0.09626	0.14616	0.07251	0.01706	0.01043	0.01187	0.02392	0.00576	0.02332	0.00153	0.03072	0.00409	0.02674	0.00641
17	0.14913	0.15162	0.14181	0.08999	0.18649	0.04773	0.01089	0.06683	0.02630	0.05010	0.02083	0.01062	0.00735	0.00461	0.00407	0.00137	0.00539	0.00358	0.00271	0.01857
18	0.01262	0.11327	0.06335	0.01352	0.16009	0.11294	0.03883	0.08359	0.09335	0.05681	0.01225	0.01415	0.04586	0.05227	0.02272	0.00169	0.05115	0.00438	0.00307	0.04408

[dist]
# distance from previous block
# <min> <max>
1	12

[block]
# block no. 1 follows, 54 sequences, length 25
# corresponding to MSA columns:
# 116-140
name=unknown_B
#
# <colnr> <probs for GDERKNQSTAVLIFYWHMCP>
#	G	D	E	R	K	N	Q	S	T	A	V	L	I	F	Y	W	H	M	C	P
0	0.00860	0.00655	0.00989	0.01045	0.09401	0.02243	0.08786	0.01008	0.01002	0.08261	0.04470	0.47730	0.05880	0.04566	0.00640	0.00186	0.00386	0.01006	0.00400	0.00487
1	0.00581	0.00415	0.00555	0.00664	0.00694	0.00389	0.00449	0.00668	0.00909	0.01211	0.02595	0.80397	0.03104	0.01471	0.00604	0.00192	0.00279	0.04002	0.00438	0.00385
2	0.06872	0.01240	0.08235	0.03652	0.07462	0.13523	0.03216	0.05251	0.01041	0.05253	0.01021	0.07241	0.00901	0.00646	0.00730	0.00157	0.22156	0.00457	0.08419	0.02528
3	0.00968	0.19488	0.01308	0.00875	0.03054	0.00911	0.07022	0.04813	0.01114	0.06002	0.18892	0.20999	0.05068	0.03146	0.02900	0.00175	0.01628	0.00737	0.00378	0.00522
4	0.06203	0.00699	0.00867	0.00713	0.00956	0.00644	0.00548	0.03923	0.01146	0.44886	0.03271	0.02224	0.08258	0.22404	0.00979	0.00229	0.00400	0.00568	0.00472	0.00609
5	0.00628	0.00507	0.00622	0.07737	0.00909	0.00482	0.00491	0.00807	0.03542	0.01362	0.15110	0.27416	0.36346	0.01163	0.00560	0.00167	0.00285	0.01011	0.00431	0.00423
6	0.14623	0.01079	0.12413	0.07247	0.01503	0.00907	0.09146	0.08644	0.01161	0.18756	0.01414	0.10111	0.01201	0.00667	0.00476	0.00158	0.00493	0.07249	0.02132	0.00619
7	0.04978	0.00661	0.00761	0.00707	0.00876	0.00667	0.00534	0.15561	0.01224	0.11892	0.01999	0.34017	0.04625	0.00943	0.00489	0.00156	0.00327	0.00810	0.18240	0.00533
8	0.00676	0.00523	0.00619	0.00658	0.00752	0.00516	0.00464	0.00965	0.13057	0.01376	0.09108	0.45812	0.17206	0.05167	0.00657	0.00190	0.00287	0.01082	0.00443	0.00442
9	0.00665	0.00640	0.07669	0.00709	0.00810	0.00502	0.03378	0.00776	0.00861	0.01159	0.03527	0.41223	0.05664	0.28838	0.01188	0.00274	0.00389	0.00981	0.00360	0.00389
10	0.04174	0.00696	0.00897	0.00737	0.01005	0.00622	0.00583	0.01753	0.02374	0.50915	0.08740	0.06834	0.09685	0.07989	0.00660	0.00178	0.00366	0.00622	0.00518	0.00652
11	0.00685	0.00459	0.00525	0.00525	0.00529	0.00463	0.00300	0.00693	0.00689	0.00922	0.01476	0.03029	0.01690	0.79798	0.05998	0.00471	0.00494	0.00677	0.00284	0.00292
12	0.00720	0.00530	0.00650	0.00627	0.00758	0.00504	0.00473	0.01007	0.07981	0.03514	0.48709	0.10529	0.17089	0.01026	0.00556	0.00158	0.00255	0.03956	0.00493	0.00465
13	0.01088	0.01447	0.14490	0.01891	0.02401	0.01178	0.67243	0.01508	0.01095	0.01508	0.00938	0.01230	0.00698	0.00405	0.00540	0.00158	0.00780	0.00525	0.00233	0.00645
14	0.01474	0.07071	0.03746	0.01248	0.06303	0.38914	0.05252	0.03902	0.01181	0.08233	0.00917	0.01102	0.00747	0.00880	0.10428	0.00211	0.07159	0.00374	0.00273	0.00584
15	0.01762	0.02221	0.01338	0.01211	0.01458	0.79311	0.00911	0.04024	0.01361	0.01204	0.00740	0.00858	0.00613	0.00488	0.00426	0.00122	0.00841	0.00307	0.00249	0.00554
16	0.00695	0.00456	0.00511	0.00511	0.00516	0.00456	0.00288	0.00705	0.00700	0.00955	0.01488	0.03022	0.01690	0.79473	0.02301	0.00441	0.00446	0.00674	0.04380	0.00293
17	0.00958	0.00789	0.00872	0.00836	0.01019	0.00878	0.00627	0.01828	0.49770	0.01737	0.07180	0.25700	0.02121	0.00904	0.00517	0.00167	0.00331	0.00788	0.02364	0.00614
18	0.86760	0.00912	0.00693	0.00620	0.00912	0.01058	0.00511	0.01386	0.00802	0.02115	0.00657	0.00766	0.00511	0.00438	0.00292	0.00146	0.00365	0.00255	0.00292	0.00511
19	0.01046	0.00962	0.01009	0.00744	0.01147	0.07722	0.00590	0.01248	0.01009	0.01503	0.00828	0.00967	0.00690	0.00361	0.00356	0.00074	0.00393	0.00281	0.00276	0.78793
20	0.00870	0.04898	0.00928	0.18449	0.01304	0.03099	0.00633	0.03171	0.08971	0.01213	0.01580	0.02366	0.08189	0.37756	0.01330	0.00285	0.00478	0.00584	0.00302	0.03596
21	0.01009	0.33443	0.09289	0.03380	0.05352	0.01146	0.01865	0.01221	0.01013	0.02616	0.09463	0.08603	0.05941	0.00710	0.02985	0.00145	0.00469	0.00500	0.02771	0.08078
22	0.02574	0.06931	0.08454	0.01895	0.29768	0.06544	0.19028	0.03690	0.07128	0.01563	0.04611	0.03675	0.00997	0.00497	0.00478	0.00145	0.00599	0.00479	0.00276	0.00667
23	0.00895	0.03210	0.03454	0.00925	0.01130	0.00735	0.11743	0.04441	0.06734	0.05486	0.06514	0.33886	0.08262	0.01051	0.02835	0.00182	0.02810	0.00872	0.00393	0.04444
24	0.02540	0.24805	0.19982	0.01031	0.03206	0.06107	0.02114	0.05235	0.09039	0.10024	0.03859	0.02954	0.01998	0.00603	0.02541	0.00149	0.00548	0.00407	0.00310	0.02550

[dist]
# distance from previous block
# <min> <max>
4	16

[block]
# block no. 2 follows, 54 sequences, length 35
# corresponding to MSA columns:
# 157-191
name=unknown_C
#
# <colnr> <probs for GDERKNQSTAVLIFYWHMCP>
#	G	D	E	R	K	N	Q	S	T	A	V	L	I	F	Y	W	H	M	C	P
0	0.03784	0.03921	0.01004	0.07486	0.04672	0.00822	0.01698	0.15432	0.02573	0.03004	0.03283	0.15251	0.15952	0.04271	0.07680	0.00215	0.00477	0.01412	0.00371	0.06692
1	0.01158	0.34626	0.11315	0.01026	0.02636	0.10542	0.08672	0.01320	0.00977	0.02212	0.01875	0.04211	0.02093	0.00684	0.00636	0.14292	0.00564	0.00393	0.00233	0.00538
2	0.01313	0.01016	0.09084	0.01088	0.10756	0.04276	0.00829	0.05054	0.02234	0.24421	0.04743	0.05847	0.09276	0.02166	0.00526	0.00147	0.01790	0.02472	0.02493	0.10470
3	0.06318	0.00701	0.01077	0.11544	0.01358	0.00715	0.12908	0.02366	0.02918	0.02787	0.06282	0.19677	0.08460	0.11281	0.00775	0.00208	0.00452	0.09343	0.00356	0.00471
4	0.01165	0.16198	0.31629	0.01229	0.07149	0.05228	0.03780	0.01581	0.07294	0.08582	0.06223	0.01312	0.02425	0.00527	0.00482	0.00142	0.03693	0.00414	0.00288	0.00659
5	0.01062	0.01388	0.21387	0.13199	0.10565	0.02129	0.23546	0.04529	0.01074	0.03887	0.01032	0.05349	0.00839	0.00624	0.03610	0.00177	0.02676	0.00492	0.01806	0.00630
6	0.00583	0.00426	0.00562	0.00652	0.00696	0.00405	0.00446	0.00677	0.00903	0.01199	0.02649	0.68332	0.09440	0.01660	0.08721	0.00246	0.00370	0.01227	0.00419	0.00388
7	0.01138	0.02277	0.01499	0.01964	0.44469	0.03052	0.02631	0.07862	0.01173	0.04710	0.01587	0.02104	0.09989	0.03985	0.00575	0.00164	0.00507	0.09349	0.00315	0.00650
8	0.01392	0.01208	0.15759	0.00968	0.01332	0.00996	0.00897	0.19087	0.17560	0.19376	0.12727	0.01729	0.01520	0.02643	0.00529	0.00156	0.00452	0.00511	0.00450	0.00708
9	0.01555	0.42342	0.01892	0.00946	0.01310	0.16298	0.00834	0.18599	0.01343	0.09524	0.00894	0.00941	0.00705	0.00472	0.00379	0.00118	0.00561	0.00322	0.00307	0.00657
10	0.86760	0.00912	0.00693	0.00620	0.00912	0.01058	0.00511	0.01386	0.00802	0.02115	0.00657	0.00766	0.00511	0.00438	0.00292	0.00146	0.00365	0.00255	0.00292	0.00511
11	0.00882	0.02116	0.67749	0.01201	0.01810	0.00980	0.01515	0.01359	0.01009	0.01457	0.01492	0.01578	0.13702	0.00571	0.00466	0.00151	0.00622	0.00455	0.00238	0.00648
12	0.00962	0.02322	0.73140	0.01408	0.02083	0.01105	0.09471	0.01495	0.01007	0.01495	0.00857	0.01023	0.00609	0.00443	0.00459	0.00150	0.00707	0.00369	0.00203	0.00691
13	0.00592	0.00443	0.00556	0.00638	0.00707	0.00406	0.00457	0.00700	0.00967	0.01246	0.03124	0.54382	0.22114	0.01386	0.00597	0.00187	0.00284	0.10384	0.00437	0.00393
14	0.01761	0.02247	0.01336	0.01215	0.01458	0.81537	0.00911	0.01883	0.01336	0.01154	0.00729	0.00850	0.00607	0.00486	0.00425	0.00121	0.00850	0.00304	0.00243	0.00547
15	0.01020	0.00922	0.08938	0.00772	0.01119	0.00686	0.00678	0.04357	0.04577	0.08161	0.23332	0.01787	0.01818	0.00572	0.00438	0.00113	0.00360	0.00480	0.00380	0.39488
16	0.01761	0.02247	0.01336	0.01215	0.01458	0.81537	0.00911	0.01883	0.01336	0.01154	0.00729	0.00850	0.00607	0.00486	0.00425	0.00121	0.00850	0.00304	0.00243	0.00547
17	0.00725	0.00519	0.00657	0.00619	0.00749	0.00488	0.00472	0.00993	0.05259	0.03867	0.64848	0.03540	0.10506	0.00970	0.00554	0.00152	0.00244	0.03864	0.00509	0.00465
18	0.04831	0.01149	0.10346	0.03722	0.33330	0.05609	0.04466	0.04242	0.01132	0.01595	0.13006	0.09777	0.03505	0.00641	0.00488	0.00148	0.00507	0.00576	0.00310	0.00621
19	0.01012	0.00841	0.01073	0.16739	0.01483	0.04182	0.03917	0.05803	0.16167	0.05450	0.01664	0.16634	0.04640	0.09188	0.03852	0.00217	0.05571	0.00666	0.00358	0.00543
20	0.17935	0.00844	0.02791	0.00748	0.01069	0.00762	0.00619	0.03426	0.01088	0.22340	0.06885	0.04681	0.04402	0.00577	0.00458	0.00128	0.03686	0.00448	0.00391	0.26723
21	0.01034	0.14698	0.42585	0.01470	0.12857	0.01212	0.06415	0.01466	0.04216	0.01434	0.00940	0.04602	0.00772	0.00501	0.00486	0.00146	0.03861	0.00410	0.00229	0.00667
22	0.00647	0.00420	0.00522	0.00600	0.00643	0.00400	0.00404	0.00753	0.00906	0.01301	0.02294	0.60111	0.02612	0.07089	0.00671	0.00193	0.00275	0.01102	0.18669	0.00388
23	0.00584	0.00420	0.00568	0.00667	0.00700	0.00404	0.00453	0.00675	0.00888	0.01193	0.02465	0.74968	0.02924	0.01684	0.08725	0.00248	0.00373	0.01257	0.00419	0.00387
24	0.00696	0.00475	0.00608	0.00649	0.00710	0.00464	0.00444	0.00841	0.04146	0.04285	0.10877	0.45606	0.03939	0.16293	0.07453	0.00277	0.00389	0.01029	0.00412	0.00406
25	0.00688	0.00495	0.00600	0.00594	0.00713	0.00452	0.00437	0.00880	0.03361	0.04395	0.36550	0.18091	0.24933	0.03602	0.00617	0.00170	0.00258	0.02251	0.00475	0.00437
26	0.01719	0.00795	0.00972	0.00773	0.01070	0.00760	0.00629	0.15561	0.01405	0.45338	0.01643	0.01563	0.01114	0.00571	0.00434	0.00135	0.00372	0.00456	0.23987	0.00703
27	0.01065	0.01044	0.01737	0.36362	0.40781	0.03531	0.05985	0.01362	0.01029	0.01385	0.00865	0.01202	0.00691	0.00442	0.00473	0.00148	0.00612	0.00424	0.00224	0.00640
28	0.01146	0.05874	0.18169	0.07542	0.22817	0.11114	0.07266	0.01516	0.06162	0.02899	0.03404	0.03304	0.00923	0.00522	0.00482	0.01654	0.00597	0.00437	0.03530	0.00640
29	0.00788	0.00570	0.00624	0.00597	0.00762	0.00532	0.00451	0.01052	0.10481	0.07763	0.05035	0.03825	0.48376	0.11030	0.00770	0.00198	0.00307	0.05938	0.00437	0.00462
30	0.00640	0.00436	0.00521	0.00572	0.00613	0.00414	0.00372	0.00717	0.00869	0.01189	0.03882	0.40743	0.10043	0.26931	0.01131	0.00262	0.00321	0.01002	0.08982	0.00361
31	0.01219	0.28552	0.15770	0.03248	0.11994	0.11147	0.09612	0.01481	0.01049	0.03724	0.00957	0.01113	0.03690	0.00478	0.00464	0.00133	0.04127	0.00376	0.00236	0.00628
32	0.09561	0.12386	0.05259	0.07223	0.09830	0.02958	0.07167	0.02672	0.04598	0.05015	0.01202	0.14228	0.01140	0.02312	0.04762	0.00191	0.08082	0.00548	0.00295	0.00570
33	0.00584	0.00420	0.00568	0.00667	0.00700	0.00404	0.00453	0.00675	0.00888	0.01193	0.02465	0.74968	0.02924	0.01684	0.08725	0.00248	0.00373	0.01257	0.00419	0.00387
34	0.00888	0.00702	0.00973	0.15370	0.07550	0.00733	0.02060	0.10016	0.03149	0.03588	0.08785	0.30648	0.11706	0.00969	0.00536	0.00165	0.00394	0.00858	0.00394	0.00517

[dist]
# distance from previous block
# <min> <max>
1	11

[block]
# block no. 3 follows, 54 sequences, length 41
# corresponding to MSA columns:
# 203-243
name=unknown_D
#
# <colnr> <probs for GDERKNQSTAVLIFYWHMCP>
#	G	D	E	R	K	N	Q	S	T	A	V	L	I	F	Y	W	H	M	C	P
0	0.01080	0.02714	0.07101	0.01036	0.06726	0.00860	0.04975	0.08497	0.01100	0.03962	0.02607	0.03389	0.00883	0.00637	0.04973	0.00145	0.04565	0.00388	0.00298	0.44064
1	0.01412	0.31289	0.13964	0.01109	0.04093	0.14563	0.03975	0.07455	0.05331	0.10159	0.00950	0.01020	0.00734	0.00474	0.00417	0.00128	0.01635	0.00347	0.00288	0.00658
2	0.05092	0.14707	0.05369	0.05574	0.01536	0.03314	0.07018	0.35851	0.01563	0.07935	0.02229	0.01151	0.00819	0.00520	0.00460	0.00138	0.02229	0.00403	0.03400	0.00694
3	0.00785	0.00640	0.00943	0.02720	0.16920	0.00625	0.02257	0.00939	0.00943	0.01297	0.06506	0.21865	0.05333	0.16471	0.07740	0.00268	0.00480	0.07390	0.00339	0.05537
4	0.00837	0.00689	0.03733	0.02137	0.00879	0.04076	0.00558	0.02614	0.01131	0.06009	0.24694	0.09322	0.20958	0.01147	0.07240	0.00202	0.03920	0.00758	0.08622	0.00472
5	0.02999	0.00576	0.04555	0.00636	0.00762	0.00482	0.00491	0.00848	0.04070	0.01404	0.12274	0.39383	0.22687	0.01179	0.00549	0.00169	0.00283	0.01033	0.05190	0.00431
6	0.01040	0.00942	0.01278	0.24975	0.07528	0.07655	0.06103	0.04059	0.03361	0.04367	0.02227	0.11230	0.05790	0.00706	0.00629	0.01258	0.10129	0.00573	0.05609	0.00541
7	0.00760	0.00534	0.00627	0.00636	0.00696	0.04918	0.00444	0.00755	0.00910	0.01182	0.17239	0.19101	0.11484	0.01355	0.01101	0.36480	0.00349	0.00753	0.00345	0.00331
8	0.00819	0.00410	0.00614	0.00614	0.00614	0.00410	0.00410	0.00614	0.00614	0.00819	0.00819	0.01433	0.00819	0.01638	0.01843	0.86282	0.00410	0.00410	0.00205	0.00205
9	0.00945	0.00919	0.01113	0.13124	0.01391	0.11545	0.02356	0.01111	0.00874	0.01142	0.01059	0.01704	0.01004	0.06956	0.29383	0.00397	0.19534	0.04725	0.00246	0.00471
10	0.00713	0.00613	0.01033	0.00948	0.01091	0.00575	0.16522	0.00884	0.00989	0.01305	0.02421	0.47690	0.08787	0.01206	0.00597	0.00186	0.00403	0.13198	0.00396	0.00444
11	0.00890	0.00838	0.01414	0.82296	0.03247	0.01048	0.01309	0.01205	0.00943	0.01205	0.00838	0.01257	0.00629	0.00471	0.00471	0.00157	0.00629	0.00419	0.00210	0.00524
12	0.00671	0.00480	0.00622	0.00658	0.00729	0.00494	0.00475	0.00841	0.03910	0.01261	0.06195	0.30204	0.07311	0.10935	0.23298	0.00368	0.00570	0.03847	0.06725	0.00407
13	0.00589	0.00447	0.00552	0.00611	0.00691	0.00410	0.00435	0.00703	0.00988	0.01280	0.09120	0.45358	0.26804	0.01459	0.05085	0.00211	0.00320	0.04108	0.00434	0.00396
14	0.00881	0.00665	0.00811	0.00981	0.13721	0.05076	0.00609	0.01069	0.01010	0.01521	0.07832	0.19976	0.01770	0.00951	0.05342	0.00178	0.02227	0.00667	0.34230	0.00484
15	0.00712	0.00533	0.00682	0.00659	0.00794	0.00491	0.03397	0.00926	0.05570	0.04863	0.21651	0.27470	0.28199	0.01136	0.00562	0.00166	0.00281	0.01000	0.00458	0.00451
16	0.04200	0.00943	0.01435	0.01200	0.01289	0.01205	0.11245	0.01124	0.00782	0.01205	0.00814	0.01284	0.00772	0.04771	0.15314	0.00304	0.50928	0.00454	0.00225	0.00505
17	0.01113	0.01272	0.02782	0.01987	0.02464	0.01192	0.78776	0.01510	0.01113	0.01510	0.00954	0.01272	0.00715	0.00397	0.00556	0.00159	0.00795	0.00556	0.00238	0.00636
18	0.01036	0.01043	0.01500	0.27909	0.09453	0.07310	0.07062	0.02478	0.00943	0.01261	0.00918	0.07745	0.00845	0.00661	0.00838	0.00172	0.27550	0.00493	0.00238	0.00546
19	0.00904	0.00586	0.00654	0.00595	0.00760	0.00570	0.00461	0.10696	0.01274	0.04862	0.24108	0.02882	0.20724	0.00833	0.00475	0.00139	0.00273	0.02047	0.26669	0.00490
20	0.00617	0.00471	0.00573	0.00642	0.00724	0.00442	0.00460	0.00785	0.05047	0.01280	0.03141	0.51155	0.23774	0.01343	0.00588	0.00183	0.00283	0.07643	0.00440	0.00410
21	0.01261	0.83713	0.02471	0.00807	0.01210	0.01866	0.00807	0.01412	0.00958	0.01109	0.00656	0.00756	0.00605	0.00403	0.00303	0.00101	0.00504	0.00252	0.00202	0.00605
22	0.07480	0.46056	0.32785	0.01001	0.01510	0.01507	0.01147	0.01441	0.00961	0.01333	0.00730	0.00850	0.00595	0.00423	0.00358	0.00123	0.00569	0.00290	0.00207	0.00634
23	0.00793	0.07481	0.00813	0.00745	0.00833	0.11615	0.00533	0.00886	0.00967	0.01189	0.02184	0.65117	0.02569	0.01254	0.00553	0.00174	0.00371	0.01109	0.00392	0.00424
24	0.01539	0.00998	0.01129	0.00937	0.01246	0.01071	0.00750	0.19288	0.37462	0.23480	0.05621	0.01666	0.01374	0.00624	0.00480	0.00151	0.00406	0.00509	0.00508	0.00759
25	0.08878	0.01067	0.05607	0.00992	0.01223	0.02909	0.00850	0.16109	0.01220	0.17370	0.04736	0.01527	0.07396	0.00702	0.00812	0.00165	0.26967	0.00473	0.00371	0.00624
26	0.05322	0.06001	0.04312	0.04111	0.01457	0.17784	0.00886	0.32434	0.12646	0.08706	0.01152	0.01165	0.00845	0.00539	0.00445	0.00139	0.00560	0.00399	0.00392	0.00704
27	0.00580	0.00418	0.00550	0.00651	0.00688	0.00388	0.00440	0.00670	0.00926	0.01231	0.04993	0.75960	0.06464	0.01447	0.00599	0.00189	0.00273	0.02705	0.00440	0.00386
28	0.00677	0.00501	0.00745	0.00745	0.00824	0.00580	0.00574	0.00831	0.00752	0.01081	0.01262	0.01891	0.01192	0.06622	0.76714	0.02621	0.01213	0.00510	0.00253	0.00411
29	0.03422	0.15090	0.49684	0.01415	0.12002	0.01241	0.01449	0.05348	0.03388	0.01543	0.00862	0.01003	0.00651	0.00449	0.00425	0.00140	0.00621	0.00349	0.00228	0.00690
30	0.01118	0.04723	0.08473	0.10579	0.17745	0.01096	0.28773	0.05713	0.01129	0.04517	0.01136	0.05065	0.00972	0.00545	0.00511	0.00156	0.00630	0.06201	0.00279	0.00639
31	0.00649	0.00452	0.00524	0.00544	0.00573	0.00438	0.00333	0.00689	0.00797	0.01050	0.05073	0.18553	0.11001	0.54134	0.02911	0.00365	0.00400	0.00850	0.00340	0.00325
32	0.01208	0.07810	0.03164	0.09576	0.36402	0.14860	0.04082	0.03082	0.05472	0.01432	0.01041	0.07830	0.00930	0.00536	0.00462	0.00142	0.00588	0.00472	0.00265	0.00646
33	0.02708	0.05777	0.16906	0.02979	0.20888	0.00986	0.02987	0.05119	0.07092	0.12495	0.04478	0.10889	0.03377	0.00636	0.00477	0.00150	0.00494	0.00552	0.00344	0.00665
34	0.02737	0.01278	0.10791	0.00919	0.01189	0.21276	0.00792	0.02904	0.07898	0.12261	0.11857	0.08594	0.09387	0.00752	0.00489	0.00149	0.00499	0.03536	0.02120	0.00573
35	0.01484	0.00805	0.01096	0.00889	0.01140	0.00811	0.03723	0.06018	0.05867	0.37950	0.22448	0.02012	0.01948	0.00710	0.00633	0.00155	0.10584	0.00571	0.00494	0.00662
36	0.10294	0.03972	0.32187	0.01046	0.01492	0.02979	0.04414	0.03713	0.05305	0.15601	0.13032	0.01504	0.01325	0.00559	0.00454	0.00147	0.00518	0.00453	0.00350	0.00654
37	0.01131	0.05970	0.08915	0.00979	0.04184	0.02065	0.03101	0.09911	0.02663	0.10741	0.08637	0.07321	0.04524	0.03660	0.00839	0.12190	0.07449	0.04820	0.00355	0.00546
38	0.00590	0.00421	0.00564	0.00674	0.00708	0.00396	0.00464	0.00683	0.00918	0.01221	0.02590	0.76794	0.03086	0.01463	0.00606	0.00194	0.00287	0.07520	0.00437	0.00387
39	0.01026	0.01210	0.18502	0.10074	0.04056	0.02935	0.08798	0.08955	0.06146	0.04988	0.05968	0.18291	0.04457	0.00749	0.00523	0.00160	0.01564	0.00660	0.00344	0.00595
40	0.03399	0.02611	0.03810	0.01153	0.12076	0.00835	0.04772	0.02582	0.10886	0.21488	0.01487	0.12884	0.01250	0.00625	0.00462	0.00138	0.00423	0.00546	0.00393	0.18179

[dist]
# distance from previous block
# <min> <max>
6	9

[block]
# block no. 4 follows, 54 sequences, length 67
# corresponding to MSA columns:
# 253-319
name=unknown_E
#
# <colnr> <probs for GDERKNQSTAVLIFYWHMCP>
#	G	D	E	R	K	N	Q	S	T	A	V	L	I	F	Y	W	H	M	C	P
0	0.01055	0.05743	0.04107	0.16270	0.28179	0.03051	0.04770	0.01295	0.01034	0.06358	0.03888	0.16364	0.01291	0.00662	0.00513	0.00152	0.02444	0.00597	0.00296	0.01931
1	0.07457	0.01676	0.39327	0.12645	0.04513	0.05641	0.02356	0.01509	0.02260	0.09859	0.04440	0.01336	0.03932	0.00519	0.00453	0.00149	0.00594	0.00417	0.00279	0.00640
2	0.02752	0.00716	0.05787	0.00797	0.02377	0.00664	0.00617	0.06954	0.05263	0.01480	0.13030	0.29796	0.03539	0.09959	0.10806	0.00273	0.03493	0.00841	0.00385	0.00473
3	0.01134	0.01321	0.11921	0.09873	0.31949	0.01156	0.27679	0.06314	0.01137	0.01582	0.00915	0.01188	0.00710	0.00430	0.00496	0.00149	0.00661	0.00458	0.00244	0.00685
4	0.01262	0.00701	0.00846	0.00713	0.00933	0.00671	0.00552	0.11382	0.03937	0.25973	0.19557	0.02634	0.14027	0.12453	0.00774	0.00192	0.00356	0.00663	0.01794	0.00581
5	0.00702	0.00962	0.19841	0.03610	0.01189	0.00622	0.05189	0.00924	0.00954	0.01297	0.02236	0.48785	0.09599	0.01111	0.00554	0.00175	0.00412	0.00997	0.00362	0.00478
6	0.00679	0.00521	0.00621	0.00653	0.00747	0.00518	0.00469	0.00933	0.09889	0.01401	0.10282	0.42432	0.19161	0.01199	0.00588	0.00173	0.02854	0.01048	0.05390	0.00441
7	0.00803	0.00753	0.06423	0.00921	0.01051	0.00730	0.06374	0.00969	0.00862	0.04087	0.01581	0.26931	0.01673	0.06269	0.24296	0.00366	0.13207	0.01927	0.00315	0.00465
8	0.00599	0.00436	0.00568	0.00657	0.00701	0.00412	0.00446	0.00731	0.03341	0.01280	0.08458	0.72979	0.04818	0.01407	0.00594	0.00187	0.00272	0.01272	0.00445	0.00399
9	0.00946	0.02439	0.80987	0.01344	0.02041	0.01095	0.01742	0.01493	0.00995	0.01493	0.00846	0.00995	0.00597	0.00448	0.00448	0.00149	0.00697	0.00348	0.00199	0.00697
10	0.00573	0.00464	0.00509	0.00528	0.00654	0.00400	0.00385	0.00696	0.01066	0.01326	0.12562	0.21210	0.55522	0.01229	0.00567	0.00165	0.00244	0.01053	0.00447	0.00400
11	0.04823	0.00655	0.00827	0.00737	0.00955	0.00608	0.00573	0.01535	0.05677	0.35729	0.05426	0.19974	0.09836	0.04998	0.00613	0.00178	0.00352	0.05421	0.00493	0.00593
12	0.01354	0.01549	0.05981	0.01168	0.01439	0.34017	0.12711	0.12393	0.01284	0.01473	0.02891	0.07998	0.01090	0.11696	0.00735	0.00183	0.00672	0.00510	0.00300	0.00554
13	0.56085	0.00835	0.00734	0.00650	0.00919	0.00919	0.00531	0.06029	0.00987	0.08809	0.01342	0.01494	0.08792	0.00577	0.00362	0.00147	0.00357	0.03455	0.06442	0.00534
14	0.00670	0.00490	0.00698	0.00704	0.00768	0.00551	0.00521	0.00801	0.00752	0.01065	0.01384	0.06791	0.01396	0.19133	0.61310	0.00666	0.01047	0.00589	0.00270	0.00392
15	0.00607	0.00439	0.00574	0.00627	0.00689	0.00406	0.00437	0.00740	0.01063	0.01451	0.30267	0.51547	0.06834	0.01283	0.00584	0.00175	0.00254	0.01153	0.00467	0.00406
16	0.00992	0.01030	0.01841	0.01444	0.01748	0.05574	0.42089	0.01342	0.06008	0.01441	0.01561	0.18857	0.01536	0.00770	0.00567	0.00172	0.00612	0.11537	0.00323	0.00557
17	0.00683	0.00469	0.00576	0.00576	0.00597	0.00491	0.00363	0.00725	0.00704	0.00960	0.01429	0.02773	0.01579	0.63206	0.22438	0.00533	0.00661	0.00640	0.00277	0.00320
18	0.01050	0.01019	0.01595	0.19910	0.29381	0.01238	0.01234	0.01283	0.02225	0.01306	0.00783	0.01142	0.00680	0.00602	0.00912	0.00171	0.34228	0.00419	0.00221	0.00602
19	0.00890	0.00838	0.01414	0.82296	0.03247	0.01048	0.01309	0.01205	0.00943	0.01205	0.00838	0.01257	0.00629	0.00471	0.00471	0.00157	0.00629	0.00419	0.00210	0.00524
20	0.05616	0.00736	0.00777	0.00676	0.00890	0.00745	0.00532	0.21888	0.02763	0.01934	0.16984	0.02990	0.33939	0.00888	0.00502	0.00148	0.00319	0.00729	0.06414	0.00530
21	0.01178	0.07115	0.17979	0.06291	0.01691	0.07625	0.10331	0.07778	0.25340	0.01657	0.01195	0.01296	0.00912	0.00640	0.03490	0.00173	0.03886	0.00439	0.00318	0.00666
22	0.01048	0.00993	0.01679	0.04978	0.57268	0.00988	0.05714	0.01319	0.01877	0.01496	0.03198	0.06424	0.07249	0.00587	0.00495	0.00149	0.00520	0.03073	0.00277	0.00667
23	0.01734	0.00973	0.01149	0.00906	0.01230	0.00989	0.00738	0.36026	0.01694	0.33204	0.07281	0.06510	0.01365	0.00657	0.00482	0.00146	0.00427	0.00531	0.03219	0.00739
24	0.03156	0.11172	0.32385	0.06415	0.08854	0.01196	0.05448	0.13768	0.01221	0.08589	0.00978	0.01102	0.00714	0.00472	0.00440	0.00141	0.00591	0.00382	0.02284	0.00692
25	0.01101	0.11135	0.27131	0.08751	0.03900	0.03063	0.27087	0.01479	0.01041	0.05260	0.00927	0.01156	0.00701	0.00588	0.04487	0.00177	0.00715	0.00427	0.00237	0.00639
26	0.00743	0.00504	0.00684	0.00754	0.05295	0.00490	0.00497	0.00822	0.03931	0.01255	0.16777	0.16656	0.10337	0.06447	0.01098	0.28422	0.00344	0.04220	0.00357	0.00369
27	0.00652	0.00446	0.00608	0.03407	0.00805	0.00426	0.00494	0.00753	0.00931	0.04112	0.02507	0.73027	0.02941	0.01401	0.00596	0.00190	0.00299	0.05564	0.00435	0.00406
28	0.02382	0.25686	0.12492	0.04362	0.13633	0.03895	0.13587	0.01613	0.13179	0.01443	0.00967	0.01116	0.00772	0.00463	0.00454	0.00138	0.02508	0.00394	0.00258	0.00657
29	0.01200	0.07674	0.17195	0.03745	0.31293	0.04865	0.14962	0.01587	0.05328	0.06199	0.00979	0.01167	0.00755	0.00446	0.00466	0.00143	0.00619	0.00422	0.00259	0.00696
30	0.00681	0.00449	0.00594	0.00658	0.00724	0.00415	0.00461	0.00793	0.00998	0.05905	0.12888	0.62216	0.06256	0.01341	0.00588	0.00183	0.00278	0.03697	0.00457	0.00418
31	0.01000	0.01189	0.20270	0.01392	0.17500	0.00859	0.12485	0.02333	0.01042	0.01630	0.01149	0.01376	0.00891	0.00477	0.00421	0.00133	0.00492	0.00431	0.34335	0.00597
32	0.01378	0.06019	0.22871	0.01999	0.03057	0.14495	0.07980	0.11249	0.12125	0.10704	0.02823	0.01234	0.00901	0.00515	0.00459	0.00143	0.00607	0.00416	0.00333	0.00687
33	0.00971	0.00853	0.01142	0.11263	0.06303	0.03890	0.03030	0.06662	0.02845	0.02978	0.11447	0.10666	0.09940	0.00907	0.02211	0.03312	0.20091	0.00638	0.00333	0.00518
34	0.01029	0.00731	0.00871	0.00806	0.00966	0.00774	0.00608	0.24513	0.03072	0.04393	0.01891	0.36336	0.03130	0.05045	0.13243	0.00273	0.00516	0.00851	0.00418	0.00534
35	0.15581	0.03745	0.05423	0.02684	0.05614	0.21734	0.25501	0.04051	0.01113	0.02677	0.00822	0.01029	0.00647	0.00473	0.00533	0.00147	0.06975	0.00398	0.00255	0.00596
36	0.00670	0.00514	0.00618	0.00586	0.00719	0.00478	0.00441	0.00935	0.06182	0.01735	0.55595	0.03677	0.24088	0.01004	0.00552	0.00152	0.00236	0.00870	0.00495	0.00452
37	0.01110	0.11054	0.37691	0.01425	0.13895	0.06089	0.02596	0.01603	0.09948	0.03726	0.05634	0.01242	0.00961	0.00496	0.00446	0.00142	0.00592	0.00403	0.00269	0.00678
38	0.00598	0.00445	0.00562	0.00642	0.00713	0.00409	0.00462	0.00711	0.00979	0.01269	0.05525	0.52574	0.20563	0.01374	0.00597	0.00186	0.00285	0.11270	0.00440	0.00395
39	0.01382	0.01197	0.01344	0.01418	0.19808	0.11195	0.01935	0.27514	0.07732	0.04654	0.06981	0.01711	0.09793	0.00622	0.00482	0.00143	0.00507	0.00512	0.00388	0.00681
40	0.00688	0.00757	0.11946	0.00680	0.00882	0.00529	0.00614	0.00940	0.01244	0.01732	0.56499	0.03334	0.16504	0.00929	0.00541	0.00150	0.00292	0.00805	0.00460	0.00473
41	0.00951	0.02128	0.64845	0.01324	0.03123	0.01059	0.05831	0.01510	0.05957	0.01538	0.04670	0.01261	0.02713	0.00498	0.00464	0.00151	0.00647	0.00411	0.00240	0.00679
42	0.81426	0.00938	0.00738	0.00649	0.00946	0.01083	0.00535	0.06253	0.00891	0.02169	0.00686	0.00789	0.00529	0.00446	0.00303	0.00146	0.00374	0.00266	0.00303	0.00529
43	0.00702	0.00499	0.00666	0.00752	0.05311	0.00465	0.00496	0.00841	0.01058	0.04345	0.24766	0.37512	0.10852	0.06910	0.00698	0.00190	0.00293	0.02767	0.00444	0.00433
44	0.00589	0.00421	0.00564	0.00673	0.00707	0.00396	0.00463	0.00682	0.00917	0.01220	0.02591	0.76890	0.03086	0.01463	0.00606	0.00194	0.00286	0.07426	0.00437	0.00387
45	0.86760	0.00912	0.00693	0.00620	0.00912	0.01058	0.00511	0.01386	0.00802	0.02115	0.00657	0.00766	0.00511	0.00438	0.00292	0.00146	0.00365	0.00255	0.00292	0.00511
46	0.00699	0.00519	0.00696	0.00734	0.03692	0.00492	0.00539	0.00926	0.02468	0.01720	0.53839	0.10203	0.06166	0.01047	0.00572	0.00164	0.00279	0.14311	0.00484	0.00452
47	0.00890	0.00838	0.01414	0.82296	0.03247	0.01048	0.01309	0.01205	0.00943	0.01205	0.00838	0.01257	0.00629	0.00471	0.00471	0.00157	0.00629	0.00419	0.00210	0.00524
48	0.01173	0.01013	0.01066	0.00960	0.01226	0.01173	0.00746	0.02505	0.79636	0.01972	0.01919	0.01759	0.01439	0.00640	0.00480	0.00160	0.00373	0.00533	0.00480	0.00746
49	0.01150	0.01103	0.01882	0.07879	0.75639	0.01116	0.01438	0.01432	0.01065	0.01519	0.00884	0.01173	0.00739	0.00423	0.00467	0.00141	0.00564	0.00420	0.00232	0.00733
50	0.00723	0.00486	0.00595	0.00583	0.00588	0.00514	0.00362	0.00710	0.00682	0.00923	0.01330	0.02667	0.01496	0.62740	0.06717	0.12573	0.05128	0.00621	0.00268	0.00295
51	0.01113	0.01272	0.02782	0.01987	0.02464	0.01192	0.78776	0.01510	0.01113	0.01510	0.00954	0.01272	0.00715	0.00397	0.00556	0.00159	0.00795	0.00556	0.00238	0.00636
52	0.01118	0.01277	0.05430	0.02026	0.13288	0.01177	0.60224	0.01563	0.06032	0.01543	0.01001	0.01278	0.00761	0.00418	0.00535	0.00156	0.00732	0.00528	0.00251	0.00661
53	0.01306	0.01377	0.01727	0.02384	0.57205	0.19897	0.01279	0.01613	0.05925	0.01477	0.00913	0.01129	0.00757	0.00449	0.00458	0.00137	0.00616	0.00400	0.00251	0.00700
54	0.01435	0.00836	0.01033	0.00762	0.01159	0.00673	0.00618	0.03445	0.01150	0.32091	0.01238	0.01223	0.00881	0.00445	0.00400	0.00101	0.00373	0.00358	0.00401	0.51378
55	0.00573	0.00414	0.00543	0.00646	0.00681	0.00384	0.00433	0.00658	0.00913	0.01208	0.02725	0.78580	0.07579	0.01461	0.00599	0.00190	0.00272	0.01320	0.00438	0.00384
56	0.00978	0.00838	0.00978	0.00698	0.01117	0.00629	0.00559	0.01187	0.00978	0.01536	0.00838	0.00978	0.00698	0.00349	0.00349	0.00070	0.00349	0.00279	0.00279	0.86312
57	0.01113	0.01272	0.02782	0.01987	0.02464	0.01192	0.78776	0.01510	0.01113	0.01510	0.00954	0.01272	0.00715	0.00397	0.00556	0.00159	0.00795	0.00556	0.00238	0.00636
58	0.00602	0.00425	0.00556	0.00650	0.00678	0.00403	0.00436	0.00681	0.00884	0.01176	0.02435	0.66941	0.02895	0.13033	0.00859	0.00231	0.00310	0.06017	0.00416	0.00372
59	0.00951	0.00693	0.00796	0.00750	0.00888	0.00792	0.00598	0.01453	0.22325	0.01675	0.03766	0.02216	0.03866	0.00734	0.00594	0.00152	0.11910	0.09757	0.35552	0.00532
60	0.00592	0.00426	0.00562	0.00640	0.00687	0.00395	0.00437	0.00702	0.00991	0.01339	0.17737	0.65806	0.05192	0.01371	0.00592	0.00182	0.00263	0.01238	0.00453	0.00395
61	0.01133	0.01034	0.01632	0.28469	0.33953	0.01128	0.04825	0.09947	0.08174	0.01621	0.01031	0.01348	0.00821	0.00492	0.00478	0.00150	0.00569	0.02247	0.00279	0.00667
62	0.00871	0.00546	0.00693	0.00643	0.00789	0.00504	0.00485	0.04295	0.01278	0.11728	0.46752	0.15981	0.11584	0.01005	0.00550	0.00156	0.00267	0.00880	0.00504	0.00490
63	0.01060	0.02672	0.32277	0.01649	0.12933	0.04040	0.22213	0.01549	0.07784	0.01532	0.04063	0.02378	0.00907	0.00490	0.00510	0.00152	0.02406	0.00462	0.00256	0.00667
64	0.29133	0.01113	0.06243	0.01290	0.01622	0.01099	0.31485	0.01357	0.00948	0.01645	0.00973	0.04590	0.00852	0.00564	0.00588	0.00165	0.10223	0.05279	0.00270	0.00561
65	0.06397	0.03902	0.01010	0.00877	0.02004	0.09005	0.04959	0.02544	0.10632	0.06295	0.17751	0.21249	0.02173	0.02248	0.02418	0.00176	0.03411	0.00730	0.01690	0.00528
66	0.02353	0.10678	0.09972	0.03044	0.05066	0.28223	0.03253	0.18295	0.03875	0.02886	0.02447	0.01084	0.00788	0.00619	0.03444	0.00157	0.02504	0.00374	0.00300	0.00638

[dist]
# distance from previous block
# <min> <max>
1	6

[block]
# block no. 5 follows, 54 sequences, length 6
# corresponding to MSA columns:
# 326-331
name=unknown_F
#
# <colnr> <probs for GDERKNQSTAVLIFYWHMCP>
#	G	D	E	R	K	N	Q	S	T	A	V	L	I	F	Y	W	H	M	C	P
0	0.13964	0.08944	0.03820	0.00881	0.01144	0.10167	0.02621	0.10023	0.06751	0.04593	0.06035	0.14015	0.01518	0.00744	0.00461	0.00150	0.00458	0.08265	0.00366	0.05078
1	0.00810	0.14022	0.04683	0.00717	0.00868	0.00698	0.00570	0.00932	0.00914	0.05175	0.01932	0.47504	0.02181	0.08506	0.05031	0.00222	0.00409	0.00934	0.00367	0.03526
2	0.00973	0.06973	0.00992	0.00702	0.01018	0.00712	0.00561	0.03680	0.04438	0.04810	0.09670	0.09376	0.08261	0.00626	0.00424	0.00109	0.00340	0.00523	0.00354	0.45458
3	0.01361	0.12686	0.03239	0.00955	0.04489	0.02959	0.00764	0.18577	0.07888	0.13155	0.01293	0.09520	0.01082	0.00586	0.00433	0.00127	0.00439	0.00473	0.00383	0.19592
4	0.01767	0.00845	0.01047	0.00817	0.01138	0.00794	0.00661	0.16467	0.01408	0.48197	0.01601	0.01600	0.01113	0.06782	0.00598	0.00160	0.00409	0.00465	0.07926	0.06204
5	0.01075	0.01046	0.11829	0.01083	0.06446	0.02456	0.08139	0.10201	0.07428	0.07355	0.11507	0.11249	0.07403	0.00746	0.00500	0.00152	0.00445	0.02528	0.07815	0.00597

[dist]
# distance from previous block
# <min> <max>
0	2

[block]
# block no. 6 follows, 54 sequences, length 118
# corresponding to MSA columns:
# 334-451
name=unknown_G
#
# <colnr> <probs for GDERKNQSTAVLIFYWHMCP>
#	G	D	E	R	K	N	Q	S	T	A	V	L	I	F	Y	W	H	M	C	P
0	0.01072	0.10454	0.26764	0.05330	0.04104	0.01049	0.10436	0.06027	0.01945	0.07246	0.05858	0.08565	0.06083	0.00629	0.00500	0.00150	0.02318	0.00541	0.00307	0.00623
1	0.01236	0.01040	0.01103	0.00959	0.01248	0.01175	0.00753	0.11685	0.65528	0.02067	0.01759	0.01636	0.01318	0.00613	0.00471	0.00152	0.00389	0.00505	0.00467	0.05896
2	0.01308	0.01478	0.01382	0.01213	0.01318	0.30887	0.00970	0.01492	0.05691	0.01192	0.00737	0.01009	0.00664	0.00689	0.01070	0.00172	0.47570	0.00380	0.00236	0.00541
3	0.49820	0.01109	0.10994	0.11682	0.02591	0.01057	0.00824	0.03905	0.05668	0.07176	0.00879	0.00993	0.00649	0.00469	0.00367	0.00148	0.00452	0.00328	0.00305	0.00582
4	0.05134	0.09441	0.09929	0.02302	0.13198	0.02253	0.08775	0.04071	0.03674	0.07915	0.01012	0.05346	0.00865	0.00705	0.03482	0.00180	0.20360	0.00457	0.00279	0.00621
5	0.02109	0.00743	0.00842	0.00788	0.00977	0.00801	0.00609	0.01696	0.37160	0.05587	0.20427	0.08848	0.03676	0.02641	0.00553	0.00167	0.00328	0.06591	0.04869	0.00591
6	0.01304	0.01275	0.13632	0.01773	0.31330	0.04752	0.05723	0.04831	0.06639	0.15210	0.06797	0.01455	0.02081	0.00523	0.00477	0.00145	0.00538	0.00467	0.00339	0.00709
7	0.00573	0.00414	0.00543	0.00646	0.00681	0.00384	0.00433	0.00658	0.00913	0.01208	0.02728	0.78460	0.07696	0.01460	0.00599	0.00190	0.00271	0.01320	0.00438	0.00384
8	0.00931	0.00793	0.00920	0.00694	0.01061	0.00622	0.00546	0.01178	0.04619	0.01516	0.01261	0.07170	0.05865	0.00497	0.00386	0.00088	0.00338	0.00412	0.00310	0.70792
9	0.06372	0.01199	0.10173	0.01850	0.36159	0.01075	0.04159	0.05920	0.10339	0.07696	0.01083	0.01227	0.00835	0.00479	0.00478	0.00142	0.02643	0.00417	0.02076	0.05679
10	0.00569	0.00431	0.00526	0.00601	0.00669	0.00388	0.00413	0.00663	0.00956	0.01225	0.03273	0.58808	0.26997	0.01390	0.00588	0.00182	0.00263	0.01234	0.00438	0.00388
11	0.00574	0.00413	0.00544	0.00648	0.00682	0.00384	0.00434	0.00657	0.00911	0.01207	0.02700	0.79484	0.06691	0.01464	0.00600	0.00190	0.00272	0.01324	0.00438	0.00384
12	0.00897	0.03710	0.04364	0.01721	0.35631	0.00825	0.04953	0.01104	0.01004	0.01378	0.01766	0.32532	0.06418	0.00868	0.00522	0.00161	0.00447	0.00803	0.00321	0.00575
13	0.00624	0.00478	0.00645	0.00720	0.00745	0.00499	0.00503	0.00709	0.00883	0.01196	0.02382	0.74139	0.02845	0.01406	0.00705	0.00193	0.09278	0.01239	0.00412	0.00398
14	0.04320	0.27582	0.44991	0.01136	0.01678	0.10066	0.01316	0.01506	0.01014	0.01360	0.00767	0.00897	0.00598	0.00438	0.00395	0.00131	0.00641	0.00310	0.00208	0.00645
15	0.01261	0.83713	0.02471	0.00807	0.01210	0.01866	0.00807	0.01412	0.00958	0.01109	0.00656	0.00756	0.00605	0.00403	0.00303	0.00101	0.00504	0.00252	0.00202	0.00605
16	0.01172	0.60787	0.24619	0.00958	0.01444	0.01648	0.01071	0.01435	0.00969	0.01218	0.00709	0.00824	0.00603	0.00416	0.00344	0.00115	0.00559	0.00279	0.00201	0.00631
17	0.00975	0.00805	0.00895	0.00819	0.01023	0.00889	0.00629	0.01874	0.49287	0.01925	0.30429	0.04325	0.02574	0.00777	0.00510	0.00156	0.00316	0.00668	0.00493	0.00628
18	0.00852	0.00786	0.01308	0.72305	0.02934	0.00966	0.01203	0.01138	0.00938	0.01205	0.01054	0.11276	0.00933	0.00594	0.00487	0.00161	0.00585	0.00532	0.00237	0.00507
19	0.00574	0.00410	0.00547	0.00657	0.00684	0.00383	0.00438	0.00657	0.00903	0.01204	0.02599	0.83122	0.03119	0.01477	0.00602	0.00191	0.00274	0.01340	0.00438	0.00383
20	0.00969	0.08344	0.75282	0.01305	0.01980	0.01151	0.01674	0.01487	0.00993	0.01465	0.00832	0.00978	0.00598	0.00445	0.00437	0.00146	0.00683	0.00341	0.00199	0.00690
21	0.01035	0.00957	0.01515	0.39384	0.30284	0.01071	0.01244	0.04333	0.08651	0.01468	0.01153	0.01421	0.04443	0.00506	0.00475	0.00151	0.00557	0.00457	0.00265	0.00629
22	0.00600	0.00483	0.00538	0.00534	0.00677	0.00420	0.00407	0.00755	0.01148	0.01454	0.25586	0.04304	0.54407	0.01137	0.00563	0.00160	0.00246	0.05709	0.00460	0.00413
23	0.01033	0.00987	0.01701	0.29989	0.36180	0.01057	0.09188	0.01374	0.04178	0.01428	0.01050	0.01572	0.00891	0.00517	0.00493	0.00155	0.00590	0.06732	0.00252	0.00633
24	0.00754	0.00513	0.00579	0.00559	0.00585	0.00525	0.00335	0.05564	0.00784	0.01049	0.01456	0.02919	0.01638	0.75371	0.05151	0.00448	0.00490	0.00663	0.00296	0.00323
25	0.00613	0.00471	0.00565	0.00600	0.00705	0.00427	0.00444	0.00766	0.02063	0.01402	0.19529	0.28662	0.32277	0.01237	0.00579	0.00172	0.00266	0.08354	0.00455	0.00411
26	0.01333	0.28858	0.27719	0.01116	0.01567	0.24484	0.01147	0.06191	0.01154	0.01358	0.00767	0.00884	0.00615	0.00451	0.00395	0.00125	0.00667	0.00309	0.00229	0.00630
27	0.02684	0.13732	0.31378	0.01051	0.01527	0.01054	0.05748	0.06144	0.01064	0.01532	0.02725	0.08732	0.00959	0.00532	0.00427	0.00129	0.00531	0.00438	0.00267	0.19345
28	0.01246	0.10676	0.06765	0.02941	0.36928	0.06136	0.14570	0.07112	0.01150	0.03079	0.00884	0.01110	0.00713	0.00452	0.00508	0.00142	0.04233	0.00414	0.00252	0.00689
29	0.01135	0.34986	0.26359	0.01080	0.01504	0.01404	0.04713	0.01416	0.00955	0.05337	0.00823	0.01000	0.00674	0.00674	0.05586	0.00175	0.10986	0.00343	0.00226	0.00622
30	0.01725	0.02085	0.01329	0.06245	0.01556	0.72377	0.00925	0.01862	0.01312	0.05243	0.00794	0.00914	0.00637	0.00490	0.00431	0.00125	0.00813	0.00320	0.00258	0.00558
31	0.01010	0.09976	0.53227	0.01304	0.05824	0.06115	0.04363	0.01434	0.01040	0.01441	0.04373	0.01301	0.05562	0.00509	0.00449	0.00143	0.00637	0.00408	0.00233	0.00650
32	0.00911	0.26413	0.01250	0.00695	0.00937	0.02307	0.00584	0.01152	0.05826	0.01484	0.27319	0.09071	0.10528	0.00770	0.00455	0.00131	0.00348	0.00638	0.00375	0.08806
33	0.05359	0.00730	0.01031	0.00932	0.01138	0.00730	0.09909	0.06066	0.07513	0.06808	0.09501	0.09793	0.08702	0.00978	0.00564	0.00179	0.00423	0.28689	0.00428	0.00528
34	0.01151	0.01176	0.01875	0.01537	0.06524	0.05283	0.34812	0.01861	0.30972	0.01645	0.01349	0.04236	0.01066	0.00549	0.00554	0.00159	0.03700	0.00548	0.00336	0.00667
35	0.00583	0.00423	0.00551	0.00637	0.00683	0.00391	0.00433	0.00683	0.00962	0.01283	0.11186	0.68770	0.08870	0.01401	0.00594	0.00184	0.00265	0.01262	0.00447	0.00391
36	0.01136	0.00942	0.01113	0.00900	0.05950	0.00809	0.00673	0.15258	0.01208	0.01796	0.00894	0.01017	0.00720	0.00393	0.00378	0.00087	0.00393	0.00314	0.00311	0.65707
37	0.01910	0.01132	0.01298	0.00995	0.01368	0.01182	0.00822	0.51053	0.01901	0.31280	0.01397	0.01304	0.00935	0.00572	0.00473	0.00143	0.00476	0.00443	0.00512	0.00802
38	0.00717	0.00539	0.00652	0.00650	0.00768	0.00519	0.00481	0.05719	0.04828	0.01626	0.31879	0.27713	0.16966	0.01133	0.00565	0.00166	0.00274	0.03879	0.00472	0.00454
39	0.00590	0.00451	0.00542	0.00579	0.00672	0.00403	0.00411	0.00718	0.01064	0.01388	0.21437	0.36900	0.30628	0.01258	0.00575	0.00170	0.00249	0.01105	0.00457	0.00403
40	0.01113	0.01272	0.02782	0.01987	0.02464	0.01192	0.78776	0.01510	0.01113	0.01510	0.00954	0.01272	0.00715	0.00397	0.00556	0.00159	0.00795	0.00556	0.00238	0.00636
