[name]
unknown

[dist]
# distance from previous block
# <min> <max>
0	67

[block]
# block no. 0 follows, 47 sequences, length 8
# corresponding to MSA columns:
# 81-88
name=unknown_A
#
# <colnr> <probs for GDERKNQSTAVLIFYWHMCP>
#	G	D	E	R	K	N	Q	S	T	A	V	L	I	F	Y	W	H	M	C	P
0	0.01163	0.00609	0.00828	0.00834	0.00990	0.00560	0.00643	0.01319	0.01182	0.23378	0.02613	0.41948	0.02733	0.01308	0.00637	0.00203	0.00382	0.17574	0.00528	0.00567
1	0.01046	0.18637	0.01040	0.00631	0.00790	0.00827	0.00506	0.01139	0.00967	0.01488	0.01256	0.01593	0.01064	0.00912	0.00832	0.24174	0.00372	0.00430	0.41844	0.00453
2	0.01211	0.24100	0.01917	0.01232	0.01359	0.01727	0.01069	0.01340	0.00872	0.01245	0.00695	0.01053	0.00679	0.00779	0.01319	0.00195	0.57979	0.00405	0.00226	0.00598
3	0.01174	0.00618	0.00741	0.00661	0.00814	0.00564	0.00461	0.01261	0.01061	0.23187	0.02568	0.03301	0.18729	0.40780	0.01593	0.00334	0.00434	0.00767	0.00446	0.00505
4	0.00971	0.00485	0.00485	0.00485	0.00607	0.00485	0.00364	0.01213	0.01092	0.01942	0.01699	0.01942	0.01335	0.00607	0.00364	0.00121	0.00243	0.00485	0.84589	0.00485
5	0.00965	0.01686	0.39411	0.01090	0.01608	0.00891	0.01226	0.01385	0.01201	0.01785	0.22862	0.01887	0.01892	0.00632	0.00504	0.00145	0.00535	0.00526	0.00340	0.19428
6	0.01339	0.00839	0.01029	0.00793	0.01167	0.00685	0.00632	0.01592	0.03493	0.22014	0.11144	0.04188	0.05150	0.00628	0.00474	0.00122	0.00376	0.00524	0.00450	0.43359
7	0.01212	0.01038	0.01333	0.01127	0.01255	0.01286	0.00922	0.17987	0.01357	0.01942	0.22810	0.01945	0.01930	0.00891	0.01134	0.00194	0.40031	0.00597	0.00391	0.00618

[dist]
# distance from previous block
# <min> <max>
0	22

[block]
# block no. 1 follows, 47 sequences, length 22
# corresponding to MSA columns:
# 111-132
name=unknown_B
#
# <colnr> <probs for GDERKNQSTAVLIFYWHMCP>
#	G	D	E	R	K	N	Q	S	T	A	V	L	I	F	Y	W	H	M	C	P
0	0.78348	0.01030	0.00832	0.03028	0.01115	0.01192	0.00613	0.05653	0.00977	0.02359	0.00760	0.00884	0.00585	0.00492	0.00339	0.00161	0.00421	0.00297	0.00331	0.00582
1	0.01080	0.00926	0.01080	0.00771	0.01234	0.00694	0.00617	0.01311	0.01080	0.01697	0.00926	0.01080	0.00771	0.00386	0.00386	0.00077	0.00386	0.00309	0.00309	0.84882
2	0.30406	0.00867	0.00787	0.00708	0.00945	0.02564	0.00559	0.11800	0.04346	0.02225	0.01364	0.05920	0.01121	0.00627	0.00397	0.00148	0.00369	0.00470	0.33800	0.00581
3	0.02215	0.00921	0.01218	0.00929	0.01337	0.00806	0.00766	0.06511	0.01510	0.68435	0.01919	0.01688	0.01225	0.00623	0.00512	0.00154	0.00446	0.00503	0.00611	0.07671
4	0.00624	0.00522	0.00543	0.00550	0.00712	0.00441	0.00408	0.00759	0.01189	0.01439	0.09164	0.10778	0.68433	0.01329	0.00619	0.00178	0.00266	0.01119	0.00489	0.00441
5	0.00753	0.00503	0.00569	0.00574	0.00575	0.00502	0.00322	0.00756	0.00766	0.01021	0.01685	0.06222	0.01949	0.78808	0.02579	0.00494	0.00498	0.00783	0.00322	0.00319
6	0.01085	0.00595	0.00607	0.00566	0.00721	0.00613	0.00435	0.09743	0.01245	0.02093	0.01648	0.01863	0.01284	0.00609	0.00382	0.00125	0.00280	0.00484	0.75092	0.00531
7	0.01295	0.01119	0.01178	0.01060	0.01354	0.01295	0.00824	0.02767	0.77509	0.02178	0.02120	0.01943	0.01590	0.00707	0.00530	0.00177	0.00412	0.00589	0.00530	0.00824
8	0.01190	0.01336	0.02892	0.02085	0.02577	0.01263	0.70427	0.01609	0.01197	0.01631	0.01081	0.01457	0.00832	0.00719	0.06997	0.00229	0.00920	0.00610	0.00265	0.00683
9	0.01295	0.01119	0.01178	0.01060	0.01354	0.01295	0.00824	0.02767	0.77509	0.02178	0.02120	0.01943	0.01590	0.00707	0.00530	0.00177	0.00412	0.00589	0.00530	0.00824
10	0.00639	0.00455	0.00603	0.00719	0.00748	0.00426	0.00477	0.00726	0.00988	0.01317	0.02822	0.78321	0.03384	0.04751	0.00742	0.00223	0.00310	0.01452	0.00477	0.00419
11	0.00983	0.00926	0.01562	0.80447	0.03587	0.01157	0.01446	0.01331	0.01041	0.01331	0.00926	0.01388	0.00694	0.00521	0.00521	0.00174	0.00694	0.00463	0.00231	0.00579
12	0.01252	0.50026	0.33485	0.01130	0.01707	0.01717	0.01308	0.01596	0.01075	0.01396	0.00809	0.00942	0.00665	0.00465	0.00399	0.00133	0.00643	0.00321	0.00222	0.00709
13	0.01295	0.01119	0.01178	0.01060	0.01354	0.01295	0.00824	0.02767	0.77509	0.02178	0.02120	0.01943	0.01590	0.00707	0.00530	0.00177	0.00412	0.00589	0.00530	0.00824
14	0.01499	0.01652	0.01861	0.06906	0.47575	0.28420	0.01384	0.01750	0.01278	0.01532	0.00916	0.01173	0.00764	0.00492	0.00500	0.00149	0.00734	0.00419	0.00260	0.00734
15	0.00643	0.00515	0.00578	0.00619	0.00741	0.00456	0.00442	0.00796	0.03041	0.01416	0.06369	0.33653	0.46056	0.01414	0.00632	0.00189	0.00281	0.01225	0.00487	0.00444
16	0.01252	0.09692	0.37428	0.01549	0.02106	0.07703	0.18326	0.05875	0.01205	0.01641	0.00927	0.01142	0.00705	0.00525	0.00612	0.00165	0.07743	0.00433	0.00251	0.00721
17	0.01227	0.39779	0.21901	0.01317	0.01839	0.01591	0.17738	0.01559	0.01103	0.01435	0.00969	0.05525	0.00848	0.00523	0.00455	0.00145	0.00667	0.00446	0.00246	0.00688
18	0.00644	0.00460	0.00612	0.00719	0.00757	0.00429	0.00484	0.00748	0.01040	0.01397	0.09609	0.74426	0.03576	0.01581	0.00660	0.00207	0.00297	0.01432	0.00491	0.00429
19	0.01334	0.29098	0.01785	0.01000	0.01335	0.04360	0.07020	0.08696	0.02460	0.07842	0.03565	0.10833	0.02647	0.00852	0.04649	0.00180	0.01961	0.00555	0.03810	0.06018
20	0.00932	0.07344	0.00984	0.00805	0.00991	0.06633	0.03093	0.07669	0.01242	0.01527	0.03181	0.28518	0.29701	0.02840	0.00633	0.00185	0.00407	0.02366	0.00439	0.00511
21	0.01570	0.08883	0.12114	0.01245	0.01636	0.14304	0.07149	0.20505	0.04677	0.08695	0.05900	0.04037	0.01176	0.00643	0.00577	0.00159	0.05115	0.00501	0.00387	0.00729

[dist]
# distance from previous block
# <min> <max>
1	12

[block]
# block no. 2 follows, 47 sequences, length 14
# corresponding to MSA columns:
# 145-158
name=unknown_C
#
# <colnr> <probs for GDERKNQSTAVLIFYWHMCP>
#	G	D	E	R	K	N	Q	S	T	A	V	L	I	F	Y	W	H	M	C	P
0	0.04433	0.01053	0.01662	0.01276	0.01636	0.01031	0.25782	0.10480	0.09977	0.07388	0.10983	0.02374	0.15218	0.00735	0.00569	0.00167	0.00540	0.00689	0.00430	0.03577
1	0.07414	0.18636	0.11664	0.01102	0.01509	0.07945	0.04356	0.11258	0.13499	0.09391	0.01400	0.05867	0.02530	0.00629	0.00475	0.00154	0.00568	0.00493	0.00382	0.00725
2	0.07609	0.07121	0.02031	0.21440	0.07562	0.07083	0.24159	0.03882	0.02695	0.07075	0.01042	0.01296	0.00787	0.00496	0.00513	0.00160	0.00694	0.00475	0.00298	0.03583
3	0.01281	0.01121	0.01858	0.02717	0.63405	0.01105	0.01395	0.01558	0.01198	0.07101	0.01464	0.05671	0.06613	0.00598	0.00531	0.00160	0.00564	0.00566	0.00313	0.00781
4	0.23832	0.01085	0.01377	0.01209	0.05782	0.01165	0.12318	0.10896	0.18934	0.03957	0.07045	0.05771	0.03118	0.00669	0.00500	0.00169	0.00492	0.00571	0.00419	0.00691
5	0.00971	0.00485	0.00485	0.00485	0.00607	0.00485	0.00364	0.01213	0.01092	0.01942	0.01699	0.01942	0.01335	0.00607	0.00364	0.00121	0.00243	0.00485	0.84589	0.00485
6	0.01863	0.01206	0.04128	0.01034	0.01460	0.01144	0.00874	0.35641	0.01834	0.26287	0.03481	0.01447	0.01089	0.00596	0.00499	0.00144	0.00498	0.00467	0.00512	0.15795
7	0.08352	0.00921	0.01192	0.00921	0.01319	0.00833	0.00761	0.05786	0.01490	0.69875	0.01922	0.01682	0.01218	0.00632	0.00509	0.00161	0.00446	0.00504	0.00616	0.00863
8	0.00971	0.00485	0.00485	0.00485	0.00607	0.00485	0.00364	0.01213	0.01092	0.01942	0.01699	0.01942	0.01335	0.00607	0.00364	0.00121	0.00243	0.00485	0.84589	0.00485
9	0.01884	0.02353	0.01448	0.01315	0.01586	0.72190	0.00989	0.02145	0.08678	0.01360	0.00929	0.01034	0.00758	0.00553	0.00475	0.00138	0.00889	0.00359	0.00293	0.00625
10	0.01578	0.01166	0.01327	0.01081	0.01392	0.01302	0.00880	0.52088	0.01925	0.02608	0.01297	0.01509	0.01021	0.01691	0.26228	0.00377	0.00840	0.00498	0.00442	0.00749
11	0.01032	0.00790	0.00886	0.00813	0.01017	0.00806	0.00628	0.19082	0.08095	0.02012	0.13973	0.18695	0.24082	0.01131	0.00600	0.00180	0.00366	0.04717	0.00509	0.00585
12	0.52971	0.00866	0.00804	0.03616	0.01094	0.00972	0.00647	0.03025	0.01011	0.02043	0.01512	0.09005	0.04325	0.00810	0.00454	0.00182	0.00418	0.15333	0.00375	0.00538
13	0.24189	0.01523	0.05846	0.05251	0.01666	0.22144	0.13350	0.05649	0.01222	0.01778	0.01082	0.09491	0.00968	0.00618	0.00478	0.00160	0.00659	0.00503	0.00315	0.03107

[dist]
# distance from previous block
# <min> <max>
1	4

[block]
# block no. 3 follows, 47 sequences, length 43
# corresponding to MSA columns:
# 163-205
name=unknown_D
#
# <colnr> <probs for GDERKNQSTAVLIFYWHMCP>
#	G	D	E	R	K	N	Q	S	T	A	V	L	I	F	Y	W	H	M	C	P
0	0.01417	0.01600	0.01119	0.01035	0.01262	0.40667	0.00777	0.06810	0.04842	0.01496	0.02290	0.12001	0.20824	0.00885	0.00537	0.00158	0.00639	0.00692	0.00379	0.00569
1	0.52946	0.00935	0.00902	0.00760	0.01094	0.00992	0.00623	0.01814	0.01120	0.26758	0.06543	0.01354	0.01099	0.00575	0.00407	0.00161	0.00405	0.00405	0.00443	0.00662
2	0.00640	0.00492	0.00589	0.00662	0.00755	0.00441	0.00471	0.00756	0.01085	0.01374	0.03813	0.46469	0.32947	0.01496	0.00649	0.00199	0.00298	0.05949	0.00483	0.00433
3	0.00761	0.00543	0.00758	0.00758	0.00862	0.00576	0.00586	0.00971	0.01089	0.01571	0.25922	0.05806	0.02647	0.02504	0.40276	0.00506	0.00841	0.05888	0.06663	0.00474
4	0.01932	0.01435	0.01536	0.01189	0.01597	0.01593	0.00978	0.71564	0.07675	0.03205	0.01311	0.01299	0.00935	0.00631	0.00522	0.00158	0.00562	0.00477	0.00522	0.00881
5	0.01164	0.01166	0.04679	0.32346	0.42930	0.01209	0.01509	0.01564	0.05377	0.01585	0.01021	0.01356	0.00812	0.00500	0.00518	0.00163	0.00641	0.00468	0.00262	0.00729
6	0.01392	0.82012	0.02729	0.00891	0.01337	0.02061	0.00891	0.01559	0.01058	0.01225	0.00724	0.00835	0.00668	0.00446	0.00334	0.00111	0.00557	0.00278	0.00223	0.00668
7	0.01256	0.01285	0.06565	0.00995	0.01359	0.10659	0.00828	0.04673	0.27805	0.01909	0.09493	0.01667	0.01477	0.00604	0.00483	0.00137	0.00482	0.00487	0.00410	0.27424
8	0.01105	0.16524	0.65701	0.01381	0.02094	0.01358	0.01744	0.01634	0.01092	0.01575	0.00898	0.01053	0.00661	0.00486	0.00467	0.00156	0.00733	0.00366	0.00220	0.00752
9	0.01980	0.01459	0.01563	0.01198	0.01615	0.01615	0.00990	0.76713	0.02448	0.03282	0.01250	0.01250	0.00886	0.00625	0.00521	0.00156	0.00573	0.00469	0.00521	0.00886
10	0.49985	0.01557	0.01178	0.01022	0.01340	0.28944	0.06012	0.01735	0.01119	0.01914	0.00776	0.00918	0.00618	0.00499	0.00395	0.00153	0.00626	0.00324	0.00299	0.00588
11	0.02336	0.00886	0.01209	0.00927	0.01329	0.00765	0.00765	0.02538	0.01491	0.78810	0.02055	0.01773	0.01289	0.00645	0.00524	0.00161	0.00443	0.00524	0.00645	0.00886
12	0.01459	0.01483	0.01369	0.01314	0.06794	0.21217	0.00960	0.03988	0.43560	0.01847	0.01544	0.01547	0.01197	0.00665	0.00631	0.00169	0.08598	0.00500	0.00414	0.00744
13	0.00757	0.00505	0.00568	0.00568	0.00568	0.00505	0.00316	0.00757	0.00757	0.01010	0.01641	0.03408	0.01893	0.81698	0.02651	0.00505	0.00505	0.00757	0.00316	0.00316
14	0.00714	0.00514	0.00678	0.00684	0.00783	0.00478	0.00501	0.00920	0.01343	0.01876	0.56347	0.23721	0.04472	0.01222	0.00631	0.00179	0.00268	0.03648	0.00547	0.00474
15	0.01980	0.01459	0.01563	0.01198	0.01615	0.01615	0.00990	0.76713	0.02448	0.03282	0.01250	0.01250	0.00886	0.00625	0.00521	0.00156	0.00573	0.00469	0.00521	0.00886
16	0.01560	0.01250	0.01327	0.01113	0.01455	0.01419	0.00888	0.31373	0.48472	0.02605	0.01783	0.01675	0.01317	0.00675	0.00526	0.00169	0.00474	0.00542	0.00526	0.00848
17	0.01221	0.01315	0.02677	0.09910	0.22708	0.01281	0.49704	0.01618	0.01200	0.01645	0.01022	0.01373	0.00790	0.00453	0.00580	0.00170	0.00792	0.00561	0.00259	0.00723
18	0.00891	0.00763	0.01121	0.00941	0.01169	0.00730	0.12796	0.04597	0.07378	0.01889	0.34835	0.03583	0.21947	0.00995	0.00608	0.00173	0.00390	0.04147	0.00491	0.00556
19	0.01674	0.00944	0.01157	0.00870	0.01283	0.00813	0.00708	0.10244	0.01414	0.33078	0.04278	0.01504	0.01160	0.00548	0.00465	0.00124	0.00421	0.00441	0.02603	0.36270
20	0.01066	0.00646	0.00842	0.00738	0.00951	0.00571	0.00579	0.01302	0.01410	0.15479	0.50281	0.03319	0.03646	0.00935	0.00578	0.00158	0.00313	0.05945	0.00547	0.10691
21	0.00637	0.00482	0.00575	0.00646	0.00724	0.00435	0.00441	0.00735	0.01044	0.01332	0.03600	0.49484	0.28877	0.07478	0.00796	0.00221	0.00304	0.01296	0.00471	0.00421
22	0.06816	0.01069	0.01238	0.00944	0.01352	0.05189	0.05963	0.06749	0.05391	0.05865	0.03619	0.01371	0.01019	0.00498	0.00440	0.00115	0.00464	0.01804	0.01842	0.48253
23	0.01132	0.21144	0.59077	0.01394	0.04163	0.01409	0.01674	0.01627	0.01092	0.01552	0.00887	0.01043	0.00666	0.00482	0.00458	0.00152	0.00716	0.00362	0.00222	0.00748
24	0.00914	0.00718	0.00849	0.00784	0.00961	0.00746	0.00597	0.01549	0.25593	0.02117	0.54049	0.03272	0.03859	0.00951	0.00587	0.00168	0.00298	0.00830	0.00560	0.00597
25	0.01425	0.00904	0.06879	0.00923	0.01240	0.00714	0.06844	0.01659	0.01334	0.32788	0.17491	0.02790	0.15413	0.06357	0.00708	0.00189	0.00436	0.00720	0.00517	0.00667
26	0.04825	0.01407	0.08958	0.01029	0.01406	0.13587	0.00880	0.13284	0.11529	0.04510	0.03326	0.07692	0.02602	0.00645	0.00484	0.00141	0.00535	0.00511	0.00391	0.22257
27	0.00703	0.00504	0.00659	0.00760	0.00812	0.00483	0.00528	0.03861	0.01070	0.01425	0.02796	0.73078	0.03310	0.01578	0.00662	0.00211	0.00325	0.06304	0.00485	0.00446
28	0.00718	0.00532	0.00670	0.00636	0.00767	0.00483	0.00477	0.00947	0.01430	0.01984	0.67039	0.04061	0.16114	0.01103	0.00614	0.00166	0.00248	0.00966	0.00560	0.00483
29	0.01289	0.01257	0.02051	0.08885	0.70207	0.03952	0.01566	0.01595	0.01185	0.01659	0.00969	0.01284	0.00810	0.00471	0.00514	0.00155	0.00635	0.00459	0.00256	0.00799
30	0.01244	0.01362	0.04681	0.02029	0.09986	0.01301	0.50533	0.01899	0.17789	0.01782	0.01274	0.01502	0.00964	0.00501	0.00583	0.00173	0.00748	0.00588	0.00319	0.00743
31	0.02336	0.00886	0.01209	0.00927	0.01329	0.00765	0.00765	0.02538	0.01491	0.78810	0.02055	0.01773	0.01289	0.00645	0.00524	0.00161	0.00443	0.00524	0.00645	0.00886
32	0.02336	0.00886	0.01209	0.00927	0.01329	0.00765	0.00765	0.02538	0.01491	0.78810	0.02055	0.01773	0.01289	0.00645	0.00524	0.00161	0.00443	0.00524	0.00645	0.00886
33	0.00730	0.00519	0.00636	0.00619	0.00700	0.00489	0.00424	0.00877	0.01186	0.01635	0.43203	0.07304	0.09267	0.28663	0.01312	0.00283	0.00338	0.00915	0.00474	0.00424
34	0.00890	0.00800	0.01306	0.59168	0.02831	0.00961	0.01189	0.01169	0.01029	0.01330	0.01445	0.22733	0.01428	0.00817	0.00559	0.00184	0.00590	0.00734	0.00299	0.00537
35	0.01980	0.01459	0.01563	0.01198	0.01615	0.01615	0.00990	0.76713	0.02448	0.03282	0.01250	0.01250	0.00886	0.00625	0.00521	0.00156	0.00573	0.00469	0.00521	0.00886
36	0.00633	0.00461	0.00597	0.00705	0.00750	0.00425	0.00475	0.00727	0.01016	0.01337	0.03111	0.73723	0.10925	0.01600	0.00660	0.00208	0.00298	0.01442	0.00483	0.00425
37	0.01954	0.01434	0.01535	0.01180	0.01589	0.01586	0.00974	0.74765	0.02413	0.03247	0.01262	0.01268	0.00897	0.00625	0.00517	0.00155	0.00565	0.00469	0.02691	0.00875
38	0.01551	0.01327	0.01092	0.00940	0.01194	0.21962	0.00734	0.25394	0.01625	0.02189	0.01318	0.01455	0.01015	0.00594	0.00442	0.00136	0.00533	0.00440	0.35416	0.00644
39	0.20626	0.02302	0.60834	0.01299	0.01964	0.01200	0.01608	0.01622	0.01050	0.01809	0.00886	0.01041	0.00637	0.00492	0.00455	0.00164	0.00684	0.00361	0.00244	0.00722
40	0.00790	0.00644	0.00713	0.00676	0.00856	0.00624	0.00513	0.01222	0.16073	0.01798	0.30469	0.04020	0.37436	0.01110	0.00598	0.00172	0.00286	0.00945	0.00524	0.00532
41	0.01751	0.23224	0.01814	0.01145	0.01516	0.24245	0.00953	0.28421	0.08560	0.02053	0.01059	0.01112	0.00829	0.00559	0.00457	0.00140	0.00660	0.00390	0.00369	0.00741
42	0.01547	0.01074	0.01122	0.00929	0.01212	0.06499	0.00743	0.21648	0.09160	0.12874	0.01490	0.01553	0.01107	0.00625	0.00538	0.00146	0.05501	0.00472	0.24998	0.06763

[dist]
# distance from previous block
# <min> <max>
0	22

[block]
# block no. 4 follows, 47 sequences, length 76
# corresponding to MSA columns:
# 228-303
name=unknown_E
#
# <colnr> <probs for GDERKNQSTAVLIFYWHMCP>
#	G	D	E	R	K	N	Q	S	T	A	V	L	I	F	Y	W	H	M	C	P
0	0.13125	0.01241	0.01751	0.02275	0.46093	0.01300	0.01273	0.18481	0.03533	0.04449	0.01068	0.01251	0.00837	0.00515	0.00491	0.00157	0.00568	0.00445	0.00345	0.00804
1	0.05577	0.61125	0.18763	0.01006	0.01514	0.01835	0.01093	0.01577	0.01058	0.01371	0.00769	0.00892	0.00661	0.00458	0.00368	0.00125	0.00594	0.00301	0.00227	0.00684
2	0.79955	0.06237	0.00892	0.00698	0.01028	0.01226	0.00585	0.01533	0.00897	0.02265	0.00725	0.00845	0.00571	0.00481	0.00323	0.00158	0.00413	0.00282	0.00316	0.00571
3	0.58394	0.01462	0.20473	0.00921	0.01363	0.01210	0.00935	0.06788	0.01048	0.02230	0.00814	0.00938	0.00610	0.00496	0.00379	0.00162	0.00507	0.00321	0.00310	0.00638
4	0.00728	0.00492	0.00577	0.00606	0.00613	0.00485	0.00356	0.00750	0.00815	0.01087	0.01937	0.22185	0.02267	0.62411	0.02172	0.00434	0.00456	0.00932	0.00356	0.00341
5	0.00737	0.00532	0.00696	0.00655	0.00778	0.00491	0.00491	0.00983	0.01474	0.02088	0.78175	0.03890	0.04914	0.01065	0.00614	0.00164	0.00246	0.00942	0.00573	0.00491
6	0.00757	0.00505	0.00568	0.00568	0.00568	0.00505	0.00316	0.00757	0.00757	0.01010	0.01641	0.03408	0.01893	0.81698	0.02651	0.00505	0.00505	0.00757	0.00316	0.00316
7	0.00757	0.00505	0.00568	0.00568	0.00568	0.00505	0.00316	0.00757	0.00757	0.01010	0.01641	0.03408	0.01893	0.81698	0.02651	0.00505	0.00505	0.00757	0.00316	0.00316
8	0.85377	0.01007	0.00765	0.00685	0.01007	0.01168	0.00564	0.01531	0.00886	0.02336	0.00725	0.00846	0.00564	0.00483	0.00322	0.00161	0.00403	0.00282	0.00322	0.00564
9	0.01392	0.82012	0.02729	0.00891	0.01337	0.02061	0.00891	0.01559	0.01058	0.01225	0.00724	0.00835	0.00668	0.00446	0.00334	0.00111	0.00557	0.00278	0.00223	0.00668
10	0.07317	0.01136	0.01289	0.01021	0.01393	0.01189	0.00834	0.33413	0.10646	0.28085	0.06933	0.01661	0.01360	0.00662	0.00517	0.00161	0.00478	0.00522	0.00554	0.00831
11	0.01645	0.01222	0.01567	0.01631	0.20813	0.01317	0.01079	0.31226	0.08950	0.12065	0.01539	0.01586	0.05155	0.00655	0.00621	0.00165	0.06984	0.00519	0.00446	0.00815
12	0.05577	0.00971	0.01511	0.56230	0.02879	0.01247	0.01311	0.01315	0.00972	0.01365	0.00869	0.01316	0.00698	0.00682	0.02489	0.00200	0.19105	0.00453	0.00237	0.00573
13	0.85377	0.01007	0.00765	0.00685	0.01007	0.01168	0.00564	0.01531	0.00886	0.02336	0.00725	0.00846	0.00564	0.00483	0.00322	0.00161	0.00403	0.00282	0.00322	0.00564
14	0.01139	0.01139	0.01595	0.01367	0.01367	0.01595	0.01139	0.01253	0.00798	0.01253	0.00684	0.01139	0.00684	0.00911	0.01709	0.00228	0.80745	0.00456	0.00228	0.00570
15	0.00696	0.00531	0.00639	0.00612	0.00753	0.00474	0.00459	0.00903	0.01377	0.01857	0.53460	0.04270	0.29773	0.01151	0.00615	0.00168	0.00252	0.00995	0.00543	0.00474
16	0.00634	0.00453	0.00604	0.00725	0.00755	0.00423	0.00483	0.00725	0.00997	0.01329	0.02870	0.81358	0.03444	0.01632	0.00665	0.00211	0.00302	0.01480	0.00483	0.00423
17	0.01980	0.01459	0.01563	0.01198	0.01615	0.01615	0.00990	0.76713	0.02448	0.03282	0.01250	0.01250	0.00886	0.00625	0.00521	0.00156	0.00573	0.00469	0.00521	0.00886
18	0.01112	0.01099	0.01542	0.01330	0.01337	0.01529	0.01105	0.01231	0.00800	0.01250	0.00733	0.01202	0.00727	0.01120	0.07127	0.00270	0.75228	0.00463	0.00231	0.00562
19	0.01524	0.01111	0.01275	0.01176	0.06307	0.01208	0.00871	0.09477	0.49840	0.15071	0.01907	0.01773	0.01392	0.00660	0.00521	0.00167	0.00444	0.00548	0.00522	0.04204
20	0.00757	0.00505	0.00568	0.00568	0.00568	0.00505	0.00316	0.00757	0.00757	0.01010	0.01641	0.03408	0.01893	0.81698	0.02651	0.00505	0.00505	0.00757	0.00316	0.00316
21	0.01107	0.01133	0.01970	0.29700	0.02511	0.01367	0.20970	0.01389	0.00997	0.01389	0.00866	0.01297	0.00715	0.00649	0.01000	0.00195	0.31399	0.00500	0.00238	0.00608
22	0.00687	0.00507	0.00645	0.00678	0.00775	0.00465	0.00493	0.00859	0.01243	0.01682	0.35858	0.32265	0.15265	0.01329	0.00638	0.00187	0.00282	0.05162	0.00522	0.00458
23	0.01466	0.01197	0.01222	0.01021	0.01316	0.08608	0.00826	0.31670	0.04506	0.05039	0.04117	0.02397	0.15743	0.00833	0.00627	0.00166	0.06085	0.06573	0.00459	0.06130
24	0.01392	0.82012	0.02729	0.00891	0.01337	0.02061	0.00891	0.01559	0.01058	0.01225	0.00724	0.00835	0.00668	0.00446	0.00334	0.00111	0.00557	0.00278	0.00223	0.00668
25	0.01346	0.00995	0.01117	0.00981	0.01220	0.01069	0.00756	0.39025	0.05863	0.02357	0.02016	0.36804	0.02058	0.01076	0.00585	0.00182	0.00444	0.00924	0.00505	0.00677
26	0.01169	0.01849	0.30043	0.02031	0.09292	0.01272	0.43294	0.01655	0.01179	0.01664	0.01005	0.01286	0.00747	0.00461	0.00563	0.00170	0.00816	0.00519	0.00247	0.00737
27	0.02322	0.00909	0.01223	0.00937	0.01341	0.00799	0.00774	0.05481	0.01529	0.75813	0.02023	0.01752	0.01273	0.00644	0.00524	0.00161	0.00448	0.00522	0.00640	0.00886
28	0.00983	0.00926	0.01562	0.80447	0.03587	0.01157	0.01446	0.01331	0.01041	0.01331	0.00926	0.01388	0.00694	0.00521	0.00521	0.00174	0.00694	0.00463	0.00231	0.00579
29	0.85377	0.01007	0.00765	0.00685	0.01007	0.01168	0.00564	0.01531	0.00886	0.02336	0.00725	0.00846	0.00564	0.00483	0.00322	0.00161	0.00403	0.00282	0.00322	0.00564
30	0.00783	0.00545	0.00677	0.00668	0.00707	0.00578	0.00438	0.02665	0.00824	0.01128	0.01554	0.02927	0.01683	0.55244	0.26820	0.00601	0.00787	0.00688	0.00309	0.00376
31	0.01179	0.00995	0.01547	0.01235	0.01508	0.01048	0.19787	0.19263	0.03495	0.01821	0.01328	0.01873	0.01161	0.12550	0.28304	0.00445	0.00921	0.00578	0.00345	0.00616
32	0.01216	0.01285	0.02552	0.13020	0.27978	0.01269	0.41601	0.01600	0.01190	0.01634	0.01012	0.01364	0.00789	0.00458	0.00569	0.00168	0.00767	0.00544	0.00257	0.00726
33	0.00722	0.00572	0.00845	0.20780	0.01468	0.00608	0.00726	0.00877	0.01008	0.01330	0.02381	0.61241	0.02753	0.01352	0.00628	0.00202	0.00401	0.01224	0.00420	0.00462
34	0.00757	0.00507	0.00579	0.00579	0.00582	0.00511	0.00329	0.00764	0.00760	0.01018	0.01631	0.03354	0.01870	0.78614	0.05703	0.00518	0.00540	0.00749	0.00314	0.00321
35	0.01980	0.01459	0.01563	0.01198	0.01615	0.01615	0.00990	0.76713	0.02448	0.03282	0.01250	0.01250	0.00886	0.00625	0.00521	0.00156	0.00573	0.00469	0.00521	0.00886
36	0.00621	0.00527	0.00529	0.00529	0.00698	0.00442	0.00393	0.00748	0.01171	0.01392	0.05143	0.04953	0.75453	0.04252	0.00690	0.00188	0.00273	0.01087	0.00477	0.00435
37	0.00670	0.00530	0.00604	0.00585	0.00737	0.00463	0.00439	0.00853	0.01316	0.01714	0.38125	0.04506	0.45197	0.01204	0.00615	0.00170	0.00256	0.01028	0.00524	0.00463
38	0.00685	0.00530	0.00624	0.00600	0.00746	0.00469	0.00450	0.00882	0.01351	0.01796	0.46885	0.04371	0.36387	0.01174	0.00615	0.00169	0.00253	0.01009	0.00535	0.00469
39	0.00634	0.00457	0.00600	0.00715	0.00753	0.00424	0.00479	0.00726	0.01006	0.01333	0.02990	0.77569	0.07157	0.01616	0.00662	0.00210	0.00300	0.01462	0.00483	0.00424
40	0.00839	0.00599	0.00839	0.00959	0.01079	0.00599	0.00839	0.01079	0.01199	0.01558	0.02757	0.05874	0.02997	0.01439	0.00719	0.00240	0.00480	0.74945	0.00480	0.00480
41	0.01289	0.01237	0.02114	0.03196	0.78450	0.01237	0.01598	0.01598	0.01186	0.01701	0.00980	0.01289	0.00825	0.00464	0.00516	0.00155	0.00619	0.00464	0.00258	0.00825
42	0.01392	0.82012	0.02729	0.00891	0.01337	0.02061	0.00891	0.01559	0.01058	0.01225	0.00724	0.00835	0.00668	0.00446	0.00334	0.00111	0.00557	0.00278	0.00223	0.00668
43	0.01289	0.01237	0.02114	0.03196	0.78450	0.01237	0.01598	0.01598	0.01186	0.01701	0.00980	0.01289	0.00825	0.00464	0.00516	0.00155	0.00619	0.00464	0.00258	0.00825
44	0.00775	0.00568	0.00823	0.00879	0.00978	0.00616	0.00716	0.00977	0.00993	0.01357	0.02037	0.08704	0.02121	0.02768	0.42850	0.00557	0.00957	0.30485	0.00373	0.00468
45	0.00756	0.00509	0.00587	0.00587	0.00593	0.00515	0.00339	0.00769	0.00763	0.01024	0.01624	0.03313	0.01852	0.76289	0.08003	0.00528	0.00567	0.00743	0.00313	0.00326
46	0.00634	0.00453	0.00604	0.00725	0.00755	0.00423	0.00483	0.00725	0.00997	0.01329	0.02870	0.81358	0.03444	0.01632	0.00665	0.00211	0.00302	0.01480	0.00483	0.00423
47	0.00641	0.00458	0.00610	0.00721	0.00757	0.00427	0.00484	0.00742	0.01028	0.01378	0.07732	0.76357	0.03539	0.01595	0.00661	0.00208	0.00298	0.01446	0.00489	0.00427
48	0.01945	0.02482	0.01476	0.01342	0.01610	0.79608	0.01006	0.02079	0.01476	0.01275	0.00805	0.00939	0.00671	0.00537	0.00470	0.00134	0.00939	0.00335	0.00268	0.00604
49	0.01033	0.00875	0.00925	0.00858	0.01094	0.00945	0.00658	0.03875	0.43527	0.01898	0.05313	0.08488	0.26433	0.00976	0.00569	0.00178	0.00356	0.00822	0.00513	0.00665
50	0.01261	0.01315	0.02561	0.02730	0.43154	0.01274	0.36536	0.01631	0.01206	0.01686	0.01014	0.01343	0.00809	0.00452	0.00562	0.00164	0.00740	0.00534	0.00260	0.00768
51	0.01080	0.00926	0.01080	0.00771	0.01234	0.00694	0.00617	0.01311	0.01080	0.01697	0.00926	0.01080	0.00771	0.00386	0.00386	0.00077	0.00386	0.00309	0.00309	0.84882
52	0.00757	0.00506	0.00576	0.00576	0.00579	0.00509	0.00326	0.00762	0.00760	0.01016	0.01634	0.03367	0.01876	0.79386	0.04939	0.00515	0.00531	0.00751	0.00314	0.00320
53	0.00634	0.00453	0.00604	0.00725	0.00755	0.00423	0.00483	0.00725	0.00997	0.01329	0.02870	0.81358	0.03444	0.01632	0.00665	0.00211	0.00302	0.01480	0.00483	0.00423
54	0.02148	0.00930	0.01208	0.00948	0.01324	0.00856	0.00774	0.11217	0.03574	0.62443	0.02018	0.07249	0.01399	0.00713	0.00533	0.00164	0.00448	0.00585	0.00616	0.00852
55	0.01190	0.34441	0.43378	0.01239	0.01828	0.01576	0.01459	0.01588	0.01063	0.01453	0.00834	0.00996	0.00665	0.00502	0.00509	0.00147	0.05848	0.00347	0.00222	0.00716
56	0.01212	0.01118	0.01240	0.05367	0.01296	0.11696	0.00899	0.03507	0.01038	0.01527	0.01037	0.01373	0.00886	0.00739	0.01037	0.00178	0.38999	0.00449	0.25844	0.00558
57	0.00678	0.00490	0.00650	0.00762	0.00822	0.00463	0.00555	0.00804	0.01054	0.01385	0.03013	0.59572	0.08547	0.01568	0.00673	0.00215	0.00338	0.17491	0.00483	0.00436
58	0.14809	0.01150	0.01648	0.26122	0.24509	0.05156	0.06467	0.03651	0.03433	0.04561	0.03034	0.01343	0.00882	0.00521	0.00494	0.00163	0.00618	0.00457	0.00299	0.00682
59	0.01281	0.01230	0.02100	0.05109	0.76597	0.01235	0.01594	0.01592	0.01182	0.01692	0.00978	0.01291	0.00822	0.00465	0.00516	0.00155	0.00621	0.00464	0.00257	0.00819
60	0.00670	0.00524	0.00606	0.00597	0.00740	0.00461	0.00443	0.00848	0.01299	0.01698	0.36864	0.09832	0.41097	0.01230	0.00618	0.00173	0.00259	0.01057	0.00523	0.00461
61	0.01980	0.01459	0.01563	0.01198	0.01615	0.01615	0.00990	0.76713	0.02448	0.03282	0.01250	0.01250	0.00886	0.00625	0.00521	0.00156	0.00573	0.00469	0.00521	0.00886
62	0.01621	0.01130	0.01467	0.21386	0.08012	0.01237	0.01077	0.28690	0.08164	0.16163	0.01436	0.04892	0.01076	0.00640	0.00528	0.00166	0.00558	0.00531	0.00448	0.00778
63	0.01072	0.08975	0.72960	0.01437	0.02181	0.01277	0.01842	0.01642	0.01096	0.01616	0.00918	0.01079	0.00660	0.00491	0.00482	0.00161	0.00753	0.00376	0.00220	0.00762
64	0.00660	0.00492	0.00619	0.00713	0.00774	0.00463	0.00486	0.00816	0.04318	0.01376	0.03158	0.67764	0.13332	0.01550	0.00652	0.00205	0.00302	0.01391	0.00485	0.00442
65	0.01233	0.01394	0.03011	0.02260	0.07611	0.01312	0.71719	0.01664	0.01226	0.01670	0.01049	0.01397	0.00792	0.00441	0.00608	0.00174	0.00861	0.00605	0.00263	0.00710
66	0.08521	0.09063	0.18787	0.01109	0.01560	0.15629	0.01067	0.02064	0.02883	0.31008	0.01356	0.01377	0.00952	0.00574	0.00477	0.00154	0.00615	0.01640	0.00410	0.00754
67	0.15685	0.00853	0.01015	0.00884	0.01129	0.00927	0.00708	0.14691	0.01250	0.16284	0.01385	0.01687	0.01117	0.04271	0.35246	0.00466	0.00878	0.00494	0.00398	0.00631
68	0.02312	0.00926	0.01233	0.00945	0.01349	0.00824	0.00781	0.07695	0.01557	0.73559	0.01999	0.01736	0.01261	0.00643	0.00524	0.00161	0.00452	0.00520	0.00636	0.00886
69	0.01313	0.01240	0.01858	0.27040	0.32941	0.09333	0.07988	0.01614	0.01191	0.06889	0.01072	0.03282	0.00861	0.00528	0.00525	0.00162	0.00679	0.00492	0.00283	0.00708
70	0.01071	0.00948	0.01492	0.14146	0.25199	0.00987	0.06315	0.06664	0.05105	0.01715	0.08829	0.18893	0.03236	0.02312	0.00607	0.00180	0.00523	0.00761	0.00370	0.00648
71	0.01006	0.00753	0.00860	0.00785	0.00994	0.00772	0.00603	0.01642	0.27197	0.06939	0.33268	0.03312	0.17843	0.00966	0.00580	0.00170	0.00318	0.00826	0.00546	0.00620
72	0.01309	0.01366	0.01776	0.03530	0.30897	0.12665	0.01301	0.01505	0.01048	0.01429	0.00819	0.01172	0.00736	0.00679	0.01053	0.00185	0.37171	0.00442	0.00245	0.00672
73	0.01216	0.12564	0.48854	0.01384	0.06059	0.01262	0.01527	0.01755	0.06439	0.07231	0.01073	0.01182	0.00787	0.00505	0.00473	0.00152	0.00661	0.00395	0.00280	0.06202
74	0.09370	0.16013	0.23010	0.01069	0.01542	0.01278	0.01093	0.04422	0.15949	0.15915	0.01352	0.01353	0.00981	0.00562	0.00457	0.00154	0.00541	0.00428	0.03754	0.00756
75	0.01162	0.24782	0.51477	0.01285	0.01926	0.01455	0.01548	0.01713	0.07139	0.01572	0.00969	0.01092	0.00736	0.00498	0.00453	0.00151	0.00682	0.00371	0.00245	0.00746

[dist]
# distance from previous block
# <min> <max>
3	7

[block]
# block no. 5 follows, 47 sequences, length 10
# corresponding to MSA columns:
# 311-320
name=unknown_F
#
# <colnr> <probs for GDERKNQSTAVLIFYWHMCP>
#	G	D	E	R	K	N	Q	S	T	A	V	L	I	F	Y	W	H	M	C	P
0	0.01278	0.22604	0.28858	0.01200	0.01727	0.04944	0.07714	0.01623	0.01138	0.07681	0.02772	0.01280	0.00894	0.04523	0.00563	0.00158	0.00640	0.00409	0.00283	0.09712
1	0.01012	0.00954	0.01613	0.73322	0.10491	0.01164	0.01460	0.01355	0.01055	0.01365	0.00931	0.01379	0.00706	0.00515	0.00520	0.00172	0.00687	0.00463	0.00234	0.00601
2	0.01849	0.01115	0.02029	0.01485	0.01942	0.01008	0.34133	0.02155	0.01375	0.44848	0.01614	0.01611	0.01069	0.00554	0.00564	0.00168	0.00635	0.00564	0.00477	0.00805
3	0.01118	0.01181	0.02320	0.35308	0.02986	0.01270	0.38989	0.01494	0.01117	0.01494	0.00971	0.01378	0.00741	0.00509	0.00658	0.00179	0.06862	0.00538	0.00247	0.00640
4	0.00983	0.00926	0.01562	0.80447	0.03587	0.01157	0.01446	0.01331	0.01041	0.01331	0.00926	0.01388	0.00694	0.00521	0.00521	0.00174	0.00694	0.00463	0.00231	0.00579
5	0.00644	0.00488	0.00598	0.00681	0.00764	0.00442	0.00483	0.00759	0.01072	0.01371	0.03618	0.51526	0.26942	0.01518	0.00653	0.00202	0.00304	0.07017	0.00483	0.00433
6	0.01907	0.01819	0.01496	0.01241	0.01591	0.31316	0.00982	0.41880	0.08559	0.02422	0.01156	0.01191	0.00865	0.00598	0.00502	0.00150	0.00699	0.00428	0.00425	0.00773
7	0.33091	0.01294	0.08720	0.01660	0.21451	0.01207	0.11097	0.06402	0.01174	0.07884	0.00988	0.01154	0.00746	0.00495	0.00455	0.00161	0.00569	0.00413	0.00325	0.00714
8	0.26825	0.00868	0.00947	0.00787	0.01082	0.00894	0.02780	0.08717	0.01287	0.22423	0.05631	0.01594	0.01229	0.00602	0.00429	0.00151	0.00393	0.00461	0.22242	0.00659
9	0.00987	0.00937	0.01701	0.01442	0.05420	0.00957	0.26300	0.01253	0.01033	0.01446	0.01383	0.05642	0.01310	0.05440	0.24516	0.00395	0.06976	0.07462	0.00300	0.05099

[dist]
# distance from previous block
# <min> <max>
2	13

[block]
# block no. 6 follows, 47 sequences, length 42
# corresponding to MSA columns:
# 334-375
name=unknown_G
#
# <colnr> <probs for GDERKNQSTAVLIFYWHMCP>
#	G	D	E	R	K	N	Q	S	T	A	V	L	I	F	Y	W	H	M	C	P
0	0.01570	0.01120	0.01394	0.03428	0.03719	0.02572	0.06699	0.09218	0.36057	0.19627	0.01797	0.03017	0.01315	0.00646	0.00526	0.00165	0.00490	0.00552	0.00500	0.05585
1	0.01525	0.01462	0.01297	0.01043	0.01421	0.21750	0.00822	0.19704	0.05846	0.01976	0.01056	0.01167	0.00838	0.00627	0.03275	0.00144	0.00614	0.00379	0.00361	0.34693
2	0.00983	0.00926	0.01562	0.80447	0.03587	0.01157	0.01446	0.01331	0.01041	0.01331	0.00926	0.01388	0.00694	0.00521	0.00521	0.00174	0.00694	0.00463	0.00231	0.00579
3	0.01918	0.01405	0.01518	0.01159	0.01579	0.01525	0.00956	0.69271	0.02322	0.04809	0.01243	0.01249	0.00886	0.00607	0.00511	0.00150	0.00556	0.00458	0.00507	0.07371
4	0.00634	0.00453	0.00604	0.00725	0.00755	0.00423	0.00483	0.00725	0.00997	0.01329	0.02870	0.81358	0.03444	0.01632	0.00665	0.00211	0.00302	0.01480	0.00483	0.00423
5	0.00715	0.00570	0.00652	0.00653	0.00801	0.00522	0.00479	0.00968	0.07090	0.01602	0.19751	0.23213	0.35565	0.01261	0.00613	0.00179	0.00285	0.01092	0.00500	0.03488
6	0.01073	0.09267	0.72679	0.01435	0.02178	0.01280	0.01838	0.01642	0.01096	0.01614	0.00917	0.01078	0.00660	0.00491	0.00481	0.00160	0.00752	0.00376	0.00220	0.00761
7	0.00634	0.00453	0.00604	0.00725	0.00755	0.00423	0.00483	0.00725	0.00997	0.01329	0.02870	0.81358	0.03444	0.01632	0.00665	0.00211	0.00302	0.01480	0.00483	0.00423
8	0.01332	0.01137	0.01198	0.01067	0.01368	0.01313	0.00833	0.06761	0.73455	0.02238	0.02073	0.01906	0.01552	0.00702	0.00529	0.00176	0.00421	0.00582	0.00529	0.00828
9	0.85377	0.01007	0.00765	0.00685	0.01007	0.01168	0.00564	0.01531	0.00886	0.02336	0.00725	0.00846	0.00564	0.00483	0.00322	0.00161	0.00403	0.00282	0.00322	0.00564
10	0.01164	0.07649	0.42727	0.02077	0.28623	0.01285	0.05973	0.01626	0.01134	0.01639	0.00942	0.01164	0.00725	0.00478	0.00498	0.00158	0.00709	0.00418	0.00236	0.00778
11	0.01113	0.06699	0.59201	0.01801	0.17726	0.01261	0.01802	0.01634	0.01115	0.01637	0.00932	0.01124	0.00694	0.00486	0.00490	0.00160	0.00727	0.00395	0.00228	0.00775
12	0.01661	0.04659	0.01594	0.01284	0.01518	0.22990	0.01042	0.27642	0.01565	0.01961	0.00915	0.01112	0.00750	0.00692	0.00906	0.00173	0.28083	0.00421	0.00340	0.00692
13	0.00627	0.00528	0.00544	0.00540	0.00711	0.00445	0.00405	0.00770	0.01215	0.01474	0.12413	0.04902	0.71060	0.01294	0.00615	0.00175	0.00262	0.01084	0.00492	0.00445
14	0.00753	0.00523	0.00658	0.00658	0.00689	0.00554	0.00427	0.00815	0.00784	0.01076	0.01559	0.02954	0.01696	0.55765	0.28315	0.00616	0.00802	0.00691	0.00303	0.00365
15	0.02180	0.00863	0.01168	0.00902	0.01288	0.00744	0.00741	0.02386	0.01475	0.70708	0.07325	0.01896	0.01523	0.00665	0.00525	0.00158	0.00427	0.00545	0.00628	0.03854
16	0.00977	0.00956	0.01574	0.01271	0.01498	0.04479	0.24350	0.01210	0.01030	0.01386	0.04119	0.02189	0.08378	0.10258	0.25883	0.00422	0.08543	0.00640	0.00301	0.00538
17	0.00659	0.00484	0.00618	0.00680	0.00754	0.00443	0.00474	0.00796	0.01148	0.01540	0.23043	0.50711	0.13850	0.01440	0.00645	0.00194	0.00282	0.01287	0.00507	0.00443
18	0.01139	0.01139	0.01595	0.01367	0.01367	0.01595	0.01139	0.01253	0.00798	0.01253	0.00684	0.01139	0.00684	0.00911	0.01709	0.00228	0.80745	0.00456	0.00228	0.00570
19	0.02112	0.01213	0.01406	0.01082	0.01490	0.01254	0.00893	0.44127	0.03781	0.34700	0.01605	0.01484	0.01070	0.00635	0.00522	0.00159	0.00515	0.00494	0.00573	0.00884
20	0.01146	0.01160	0.01709	0.01431	0.01472	0.01574	0.06963	0.01285	0.00831	0.01285	0.00712	0.01160	0.00692	0.00875	0.01625	0.00224	0.74578	0.00468	0.00231	0.00580
21	0.00757	0.00505	0.00568	0.00568	0.00568	0.00505	0.00316	0.00757	0.00757	0.01010	0.01641	0.03408	0.01893	0.81698	0.02651	0.00505	0.00505	0.00757	0.00316	0.00316
22	0.02055	0.01256	0.01427	0.01103	0.01509	0.01325	0.00908	0.48740	0.06405	0.27426	0.01557	0.01457	0.01055	0.00636	0.00522	0.00159	0.00522	0.00493	0.00561	0.00882
23	0.00854	0.00471	0.00640	0.00640	0.00640	0.00471	0.00405	0.00706	0.00706	0.00941	0.01160	0.02215	0.01247	0.29495	0.02249	0.55619	0.00471	0.00558	0.00257	0.00257
24	0.00633	0.00499	0.00572	0.00616	0.00730	0.00437	0.00438	0.00758	0.01136	0.01433	0.10374	0.35018	0.42670	0.01421	0.00635	0.00189	0.00277	0.01236	0.00491	0.00437
25	0.00634	0.00453	0.00604	0.00725	0.00755	0.00423	0.00483	0.00725	0.00997	0.01329	0.02870	0.81358	0.03444	0.01632	0.00665	0.00211	0.00302	0.01480	0.00483	0.00423
26	0.00764	0.00453	0.00640	0.00703	0.00718	0.00437	0.00468	0.00703	0.00844	0.01125	0.01926	0.43026	0.02224	0.01717	0.01323	0.40879	0.00374	0.00986	0.00360	0.00328
27	0.02227	0.00910	0.01212	0.00947	0.01335	0.00815	0.00785	0.07630	0.01541	0.69159	0.02038	0.01969	0.01358	0.00688	0.00535	0.00165	0.00454	0.04742	0.00627	0.00863
28	0.85377	0.01007	0.00765	0.00685	0.01007	0.01168	0.00564	0.01531	0.00886	0.02336	0.00725	0.00846	0.00564	0.00483	0.00322	0.00161	0.00403	0.00282	0.00322	0.00564
29	0.02142	0.01199	0.01402	0.01075	0.01485	0.01229	0.00888	0.43011	0.02013	0.37599	0.01616	0.01488	0.01069	0.00634	0.00522	0.00158	0.00514	0.00494	0.00577	0.00886
30	0.01024	0.00984	0.01717	0.69015	0.08742	0.01175	0.07257	0.01375	0.01066	0.01382	0.00939	0.01383	0.00711	0.00510	0.00528	0.00172	0.00703	0.00475	0.00236	0.00605
31	0.00751	0.00530	0.00697	0.00697	0.00742	0.00575	0.00477	0.00840	0.00796	0.01105	0.01523	0.02753	0.01609	0.44319	0.39641	0.00664	0.00933	0.00662	0.00298	0.00387
32	0.00634	0.00453	0.00604	0.00725	0.00755	0.00423	0.00483	0.00725	0.00997	0.01329	0.02870	0.81358	0.03444	0.01632	0.00665	0.00211	0.00302	0.01480	0.00483	0.00423
33	0.01295	0.01128	0.01250	0.01225	0.07307	0.01291	0.00884	0.02677	0.71616	0.02142	0.02032	0.01892	0.01531	0.00688	0.00529	0.00175	0.00428	0.00579	0.00509	0.00824
34	0.01045	0.02694	0.79000	0.01484	0.02254	0.01209	0.01924	0.01649	0.01099	0.01649	0.00935	0.01099	0.00660	0.00495	0.00495	0.00165	0.00770	0.00385	0.00220	0.00770
35	0.01541	0.01349	0.01575	0.01294	0.01486	0.05871	0.01068	0.33429	0.01538	0.02118	0.00932	0.01176	0.00769	0.00769	0.01135	0.00192	0.42243	0.00455	0.00355	0.00706
36	0.00686	0.00520	0.00627	0.00622	0.00746	0.00466	0.00455	0.00869	0.01302	0.01745	0.43279	0.14351	0.27791	0.03372	0.00676	0.00183	0.00266	0.01057	0.00526	0.00461
37	0.01295	0.01119	0.01178	0.01060	0.01354	0.01295	0.00824	0.02767	0.77509	0.02178	0.02120	0.01943	0.01590	0.00707	0.00530	0.00177	0.00412	0.00589	0.00530	0.00824
38	0.00704	0.00489	0.00577	0.00619	0.00643	0.00471	0.00380	0.00745	0.00874	0.01151	0.02348	0.30546	0.08326	0.47744	0.01805	0.00378	0.00416	0.01034	0.00387	0.00362
39	0.85377	0.01007	0.00765	0.00685	0.01007	0.01168	0.00564	0.01531	0.00886	0.02336	0.00725	0.00846	0.00564	0.00483	0.00322	0.00161	0.00403	0.00282	0.00322	0.00564
40	0.01603	0.01682	0.01205	0.01084	0.01321	0.41779	0.00826	0.13707	0.01485	0.01722	0.01207	0.05823	0.01035	0.00872	0.06236	0.00191	0.00745	0.00467	0.16406	0.00606
41	0.00900	0.00710	0.00860	0.00772	0.01007	0.00606	0.00569	0.05284	0.01114	0.01596	0.01954	0.42794	0.02166	0.01046	0.00538	0.00151	0.00353	0.00926	0.00411	0.36240

[dist]
# distance from previous block
# <min> <max>
11	21

[block]
# block no. 7 follows, 47 sequences, length 6
# corresponding to MSA columns:
# 400-405
name=unknown_H
#
# <colnr> <probs for GDERKNQSTAVLIFYWHMCP>
#	G	D	E	R	K	N	Q	S	T	A	V	L	I	F	Y	W	H	M	C	P
0	0.35536	0.01111	0.01053	0.00923	0.01242	0.01279	0.00737	0.10533	0.37983	0.02366	0.01456	0.01420	0.01094	0.00607	0.00445	0.00168	0.00426	0.00451	0.00445	0.00725
1	0.00698	0.00480	0.00585	0.00644	0.00658	0.00465	0.00396	0.00742	0.00873	0.01164	0.02233	0.40970	0.02641	0.43116	0.01694	0.00364	0.00407	0.01106	0.00396	0.00367
2	0.01584	0.00993	0.01183	0.00896	0.01318	0.00880	0.00725	0.10264	0.09204	0.25339	0.01427	0.01398	0.01025	0.00524	0.00458	0.00122	0.00427	0.00421	0.00457	0.41355
3	0.00768	0.00570	0.00745	0.00836	0.00962	0.00546	0.00703	0.00970	0.01179	0.01503	0.03373	0.11930	0.21137	0.01426	0.00690	0.00222	0.00413	0.51082	0.00481	0.00465
4	0.00666	0.00525	0.00601	0.00592	0.00737	0.00460	0.00440	0.00842	0.01291	0.01679	0.34737	0.09585	0.43519	0.01236	0.00618	0.00173	0.00259	0.01060	0.00520	0.00460
5	0.01173	0.01799	0.26310	0.01977	0.02579	0.01284	0.53717	0.01662	0.01189	0.01662	0.01017	0.01311	0.00750	0.00456	0.00578	0.00172	0.00845	0.00544	0.00250	0.00723

[dist]
# distance from previous block
# <min> <max>
7	28

[block]
# block no. 8 follows, 47 sequences, length 12
# corresponding to MSA columns:
# 435-446
name=unknown_I
#
# <colnr> <probs for GDERKNQSTAVLIFYWHMCP>
#	G	D	E	R	K	N	Q	S	T	A	V	L	I	F	Y	W	H	M	C	P
0	0.01405	0.11381	0.28013	0.14288	0.09509	0.01320	0.01402	0.13964	0.01360	0.10899	0.01096	0.01237	0.00793	0.00529	0.00489	0.00157	0.00647	0.00422	0.00325	0.00764
1	0.01301	0.05526	0.41299	0.01167	0.01715	0.01031	0.01325	0.03266	0.02761	0.18508	0.04117	0.01947	0.10152	0.00676	0.00520	0.00165	0.00593	0.02821	0.00375	0.00738
2	0.00941	0.00801	0.01132	0.01375	0.20886	0.00865	0.00792	0.01055	0.00925	0.01275	0.01741	0.02677	0.10403	0.37986	0.01704	0.00330	0.13630	0.00672	0.00306	0.00504
3	0.00966	0.00900	0.00958	0.10225	0.01268	0.13583	0.00723	0.01118	0.00956	0.01197	0.01365	0.05750	0.01354	0.19643	0.37106	0.00543	0.00995	0.00596	0.00289	0.00467
4	0.01814	0.24114	0.01891	0.01112	0.01537	0.01740	0.00962	0.55576	0.02057	0.02704	0.01102	0.01134	0.00825	0.00575	0.00468	0.00144	0.00569	0.00415	0.00437	0.00825
5	0.00669	0.00468	0.00594	0.00681	0.00703	0.00446	0.00436	0.00734	0.00930	0.01239	0.02524	0.59435	0.03008	0.24150	0.01223	0.00294	0.00359	0.01277	0.00436	0.00393
6	0.00925	0.00861	0.01375	0.57187	0.08478	0.01005	0.01227	0.01222	0.01084	0.01375	0.01885	0.02177	0.17741	0.00692	0.00541	0.00173	0.00594	0.00603	0.00289	0.00566
7	0.01083	0.00898	0.01350	0.23444	0.01912	0.01083	0.03072	0.01305	0.01028	0.07086	0.01433	0.08170	0.01385	0.00962	0.02476	0.00214	0.25078	0.14336	0.00330	0.03356
8	0.00897	0.00830	0.00719	0.00710	0.00812	0.13415	0.00483	0.00983	0.01069	0.01275	0.08107	0.13097	0.22289	0.31489	0.01364	0.00297	0.00468	0.00881	0.00391	0.00421
9	0.01171	0.01083	0.01617	0.29401	0.35071	0.05892	0.01307	0.01472	0.01138	0.01586	0.01068	0.01409	0.00854	0.00511	0.00490	0.00155	0.00603	0.00459	0.14043	0.00670
