[name]
unknown

[dist]
# distance from previous block
# <min> <max>
0	479

[block]
# block no. 0 follows, 39 sequences, length 15
# corresponding to MSA columns:
# 479-493
name=unknown_A
#
# <colnr> <probs for GDERKNQSTAVLIFYWHMCP>
#	G	D	E	R	K	N	Q	S	T	A	V	L	I	F	Y	W	H	M	C	P
0	0.01090	0.02168	0.47681	0.01406	0.02023	0.01100	0.01661	0.01611	0.01295	0.01850	0.04404	0.02911	0.06419	0.00890	0.00629	0.00203	0.00719	0.17092	0.00356	0.04490
1	0.01547	0.09790	0.40301	0.01699	0.06993	0.23824	0.01718	0.01990	0.01367	0.01693	0.00990	0.01183	0.00767	0.00583	0.00581	0.00173	0.03309	0.00418	0.00269	0.00805
2	0.01104	0.05354	0.55816	0.01424	0.02120	0.01213	0.01749	0.01662	0.01309	0.01883	0.10467	0.02121	0.09811	0.00744	0.00587	0.00186	0.00729	0.00600	0.00332	0.00789
3	0.01304	0.25912	0.54333	0.01484	0.02248	0.01662	0.01835	0.01842	0.01235	0.01729	0.00990	0.01159	0.00752	0.00545	0.00507	0.00169	0.00802	0.00401	0.00251	0.00840
4	0.00999	0.00776	0.01098	0.01384	0.18167	0.00791	0.00752	0.01110	0.00986	0.01362	0.01649	0.03090	0.01772	0.50289	0.12891	0.00534	0.00746	0.00750	0.00337	0.00517
5	0.01186	0.03059	0.76153	0.01686	0.02560	0.01373	0.02185	0.01873	0.01249	0.01873	0.01061	0.01249	0.00749	0.00562	0.00562	0.00187	0.00874	0.00437	0.00250	0.00874
6	0.00721	0.00515	0.00686	0.00823	0.00858	0.00480	0.00549	0.00823	0.01132	0.01510	0.03259	0.78831	0.03911	0.01853	0.00755	0.00240	0.00343	0.01681	0.00549	0.00480
7	0.01051	0.01005	0.01815	0.08974	0.01971	0.00969	0.26765	0.01363	0.01348	0.01788	0.15090	0.03446	0.15362	0.10288	0.00972	0.00247	0.00644	0.05857	0.00426	0.00618
8	0.00845	0.00634	0.00950	0.00950	0.01056	0.00739	0.00739	0.01056	0.00950	0.01373	0.01584	0.02323	0.01478	0.04435	0.76873	0.00950	0.01584	0.00634	0.00317	0.00528
9	0.26801	0.19641	0.02588	0.01617	0.02122	0.01640	0.34004	0.01817	0.01230	0.02012	0.00994	0.01248	0.00786	0.00516	0.00521	0.00177	0.00745	0.00492	0.00309	0.00740
10	0.01641	0.42815	0.20535	0.01257	0.01845	0.01987	0.01323	0.18537	0.01581	0.02053	0.01020	0.01131	0.00814	0.00567	0.00473	0.00153	0.00695	0.00396	0.00331	0.00844
11	0.01357	0.36080	0.44625	0.01395	0.02110	0.01791	0.01679	0.01829	0.01228	0.01665	0.00958	0.01119	0.00753	0.00538	0.00483	0.00161	0.00770	0.00385	0.00251	0.00824
12	0.00849	0.01123	0.18310	0.01048	0.01287	0.00706	0.00966	0.01103	0.01179	0.01617	0.02736	0.54411	0.03129	0.01532	0.00715	0.00231	0.00485	0.07516	0.00479	0.00578
13	0.01507	0.16939	0.45242	0.01485	0.02197	0.01660	0.01720	0.18572	0.01597	0.02216	0.01100	0.01233	0.00811	0.00586	0.00535	0.00174	0.00777	0.00437	0.00330	0.00883
14	0.01272	0.01248	0.18491	0.01138	0.01479	0.00817	0.01098	0.01580	0.01330	0.16424	0.02530	0.26871	0.02557	0.01273	0.00694	0.00225	0.00551	0.19212	0.00514	0.00693

[dist]
# distance from previous block
# <min> <max>
10	47

[block]
# block no. 1 follows, 39 sequences, length 9
# corresponding to MSA columns:
# 552-560
name=unknown_B
#
# <colnr> <probs for GDERKNQSTAVLIFYWHMCP>
#	G	D	E	R	K	N	Q	S	T	A	V	L	I	F	Y	W	H	M	C	P
0	0.10742	0.16633	0.01353	0.04400	0.01269	0.01140	0.00733	0.06108	0.02907	0.01894	0.05267	0.16784	0.12525	0.03901	0.00641	0.00190	0.00461	0.00809	0.05104	0.07139
1	0.05648	0.03798	0.04813	0.01374	0.08143	0.21068	0.01021	0.09234	0.03411	0.13612	0.10269	0.05670	0.07793	0.00828	0.00587	0.00177	0.00652	0.00658	0.00477	0.00766
2	0.05676	0.01384	0.01697	0.01533	0.10249	0.01450	0.04422	0.29043	0.15827	0.12648	0.01622	0.01623	0.01177	0.00667	0.00573	0.00175	0.00590	0.00547	0.00531	0.08567
3	0.05457	0.05079	0.01271	0.16281	0.01764	0.13815	0.00917	0.01551	0.06301	0.01816	0.17780	0.03006	0.18992	0.00950	0.00638	0.00185	0.02353	0.00770	0.00445	0.00627
4	0.01515	0.06888	0.03438	0.01257	0.05583	0.19747	0.00925	0.04401	0.06311	0.08713	0.03288	0.22785	0.02059	0.06630	0.00790	0.00219	0.00636	0.03677	0.00455	0.00682
5	0.13708	0.07004	0.16925	0.04121	0.01861	0.10785	0.01228	0.19308	0.01710	0.12718	0.04275	0.01454	0.01096	0.00649	0.00536	0.00176	0.00688	0.00479	0.00440	0.00839
6	0.01866	0.07265	0.01819	0.01368	0.01759	0.23512	0.10444	0.16922	0.01792	0.11256	0.04256	0.02073	0.11539	0.00767	0.00592	0.00173	0.00738	0.00619	0.00458	0.00782
7	0.05078	0.14751	0.01705	0.01098	0.01521	0.01541	0.00917	0.33171	0.06072	0.02657	0.05309	0.01775	0.04092	0.04588	0.00653	0.00178	0.00560	0.00538	0.00478	0.13320
8	0.01379	0.01071	0.01186	0.01063	0.01349	0.01152	0.00818	0.13563	0.32753	0.04902	0.05889	0.19257	0.07179	0.01065	0.00637	0.00199	0.00450	0.00910	0.00580	0.04599

[dist]
# distance from previous block
# <min> <max>
0	1

[block]
# block no. 2 follows, 39 sequences, length 11
# corresponding to MSA columns:
# 562-572
name=unknown_C
#
# <colnr> <probs for GDERKNQSTAVLIFYWHMCP>
#	G	D	E	R	K	N	Q	S	T	A	V	L	I	F	Y	W	H	M	C	P
0	0.14305	0.11158	0.01661	0.08503	0.01798	0.13295	0.01013	0.19644	0.01725	0.16122	0.01333	0.01395	0.00968	0.00637	0.00515	0.00169	0.00655	0.00462	0.03824	0.00818
1	0.02242	0.01835	0.01760	0.01386	0.01833	0.13332	0.01127	0.62643	0.02611	0.03378	0.01342	0.01366	0.00968	0.00695	0.00583	0.00174	0.00714	0.00509	0.00548	0.00957
2	0.01377	0.01322	0.01295	0.00975	0.01467	0.12446	0.00768	0.01623	0.01295	0.01854	0.01030	0.01202	0.00858	0.00464	0.00453	0.00098	0.00534	0.00355	0.00343	0.70240
3	0.01664	0.01202	0.02151	0.01649	0.02027	0.01195	0.28877	0.01963	0.01372	0.24587	0.01799	0.13517	0.01516	0.00860	0.00864	0.00210	0.12502	0.00789	0.00465	0.00790
4	0.00732	0.00526	0.00712	0.00836	0.00877	0.00505	0.00567	0.00846	0.01115	0.01497	0.03099	0.71485	0.03678	0.02101	0.08063	0.00308	0.00462	0.01581	0.00527	0.00485
5	0.02248	0.01656	0.01775	0.01361	0.01834	0.01834	0.01124	0.73556	0.02780	0.03727	0.01420	0.01420	0.01006	0.00710	0.00592	0.00177	0.00651	0.00532	0.00592	0.01006
6	0.01241	0.01345	0.02790	0.02037	0.02526	0.01253	0.55018	0.01671	0.01433	0.01937	0.12911	0.02434	0.09063	0.00706	0.00698	0.00197	0.00818	0.00809	0.00378	0.00731
7	0.00699	0.00599	0.00599	0.00599	0.00799	0.00499	0.00449	0.00849	0.01348	0.01598	0.05991	0.05691	0.75288	0.01498	0.00699	0.00200	0.00300	0.01248	0.00549	0.00499
8	0.01940	0.01504	0.01601	0.01298	0.01717	0.01690	0.01050	0.45667	0.31170	0.03231	0.01811	0.01731	0.01322	0.00747	0.00596	0.00187	0.00578	0.00586	0.00596	0.00978
9	0.04446	0.00962	0.01183	0.15040	0.11063	0.05428	0.00868	0.01350	0.05060	0.01465	0.01551	0.02770	0.01585	0.42726	0.01875	0.00393	0.00648	0.00696	0.00343	0.00549
10	0.45935	0.15824	0.01361	0.00903	0.01265	0.12089	0.00755	0.01716	0.01182	0.02111	0.01513	0.01593	0.10459	0.00674	0.00436	0.00170	0.00555	0.00450	0.00360	0.00650

[dist]
# distance from previous block
# <min> <max>
9	33

[block]
# block no. 3 follows, 39 sequences, length 8
# corresponding to MSA columns:
# 616-623
name=unknown_D
#
# <colnr> <probs for GDERKNQSTAVLIFYWHMCP>
#	G	D	E	R	K	N	Q	S	T	A	V	L	I	F	Y	W	H	M	C	P
0	0.01148	0.01080	0.01825	0.52602	0.12056	0.01274	0.05101	0.01506	0.01206	0.01591	0.01299	0.06292	0.01141	0.00734	0.00685	0.00205	0.04585	0.04690	0.00301	0.00680
1	0.36229	0.00948	0.00981	0.00983	0.06024	0.00990	0.00703	0.01628	0.01182	0.13403	0.02107	0.02621	0.11775	0.12716	0.00892	0.00250	0.00481	0.04988	0.00453	0.00647
2	0.01732	0.00978	0.01101	0.00933	0.01241	0.01013	0.00742	0.12376	0.17550	0.20858	0.02062	0.02046	0.01494	0.00727	0.00525	0.00168	0.00428	0.00585	0.32627	0.00813
3	0.02248	0.01656	0.01775	0.01361	0.01834	0.01834	0.01124	0.73556	0.02780	0.03727	0.01420	0.01420	0.01006	0.00710	0.00592	0.00177	0.00651	0.00532	0.00592	0.01006
4	0.01470	0.01280	0.01416	0.01384	0.07051	0.01466	0.01002	0.03044	0.69011	0.02433	0.02311	0.02151	0.01741	0.00782	0.00601	0.00199	0.00486	0.00658	0.00579	0.00936
5	0.01226	0.01051	0.01226	0.00876	0.01401	0.00788	0.00701	0.01489	0.01226	0.01927	0.01051	0.01226	0.00876	0.00438	0.00438	0.00088	0.00438	0.00350	0.00350	0.82832
6	0.00839	0.00570	0.00677	0.00715	0.00733	0.00563	0.00443	0.00881	0.00953	0.01268	0.02240	0.19016	0.02599	0.57745	0.02389	0.00483	0.00525	0.06551	0.00411	0.00397
7	0.01349	0.01145	0.02000	0.01499	0.01937	0.01028	0.29075	0.01731	0.03770	0.10481	0.12164	0.06318	0.06748	0.00760	0.00633	0.00175	0.00628	0.00755	0.00448	0.17355

[dist]
# distance from previous block
# <min> <max>
8	36

[block]
# block no. 4 follows, 39 sequences, length 10
# corresponding to MSA columns:
# 661-670
name=unknown_E
#
# <colnr> <probs for GDERKNQSTAVLIFYWHMCP>
#	G	D	E	R	K	N	Q	S	T	A	V	L	I	F	Y	W	H	M	C	P
0	0.01585	0.01054	0.01093	0.01028	0.01252	0.11982	0.00776	0.04259	0.01464	0.23676	0.04385	0.35691	0.02629	0.01267	0.00671	0.00208	0.00519	0.05200	0.00571	0.00691
1	0.01363	0.01821	0.21876	0.01685	0.04467	0.08745	0.19098	0.05062	0.01395	0.04734	0.04759	0.04501	0.01377	0.01255	0.11936	0.00304	0.00940	0.03569	0.00354	0.00757
2	0.01266	0.02299	0.42883	0.01863	0.05326	0.01375	0.18968	0.01984	0.09746	0.01944	0.01372	0.01768	0.01069	0.00636	0.00615	0.00196	0.00831	0.04692	0.00321	0.00846
3	0.01005	0.00598	0.00777	0.00830	0.00947	0.00540	0.00584	0.01132	0.01241	0.12558	0.03452	0.58605	0.12169	0.01644	0.00724	0.00227	0.00362	0.01468	0.00576	0.00561
4	0.01502	0.01878	0.08270	0.02293	0.02867	0.12661	0.57719	0.01962	0.01427	0.01827	0.01145	0.01493	0.00867	0.00519	0.00664	0.00192	0.00999	0.00633	0.00297	0.00786
5	0.07952	0.04555	0.20598	0.09672	0.06406	0.14041	0.24721	0.01908	0.01345	0.01821	0.01055	0.01342	0.00804	0.00548	0.00584	0.00183	0.00887	0.00512	0.00288	0.00777
6	0.01302	0.00992	0.00997	0.00968	0.01170	0.11921	0.00753	0.01503	0.01473	0.13160	0.16300	0.17655	0.13199	0.01286	0.00691	0.00209	0.00496	0.14745	0.00559	0.00621
7	0.39483	0.16588	0.01667	0.04441	0.12451	0.07903	0.00990	0.01897	0.06263	0.02141	0.00993	0.01153	0.00805	0.00562	0.00441	0.00170	0.00593	0.00388	0.00340	0.00732
8	0.01068	0.00821	0.01013	0.12312	0.01489	0.04687	0.00797	0.01375	0.07270	0.06909	0.11564	0.42494	0.03147	0.01357	0.00688	0.00215	0.00460	0.01208	0.00524	0.00601
9	0.01610	0.01619	0.02078	0.17367	0.42635	0.17420	0.01595	0.01922	0.01401	0.05171	0.01115	0.01426	0.00895	0.00566	0.00576	0.00175	0.00787	0.00499	0.00310	0.00833

[dist]
# distance from previous block
# <min> <max>
0	3

[block]
# block no. 5 follows, 39 sequences, length 17
# corresponding to MSA columns:
# 674-690
name=unknown_F
#
# <colnr> <probs for GDERKNQSTAVLIFYWHMCP>
#	G	D	E	R	K	N	Q	S	T	A	V	L	I	F	Y	W	H	M	C	P
0	0.01294	0.01232	0.02093	0.39965	0.40521	0.01360	0.01730	0.01666	0.01266	0.01726	0.01082	0.01519	0.00864	0.00558	0.00588	0.00186	0.00745	0.00526	0.00278	0.00800
1	0.01287	0.01225	0.02081	0.41460	0.39080	0.01359	0.01727	0.01660	0.01263	0.01717	0.01081	0.01521	0.00861	0.00560	0.00588	0.00187	0.00746	0.00526	0.00277	0.00794
2	0.01138	0.01092	0.01903	0.72141	0.03999	0.01328	0.07029	0.01540	0.01199	0.01540	0.01062	0.01578	0.00797	0.00584	0.00599	0.00197	0.00804	0.00538	0.00266	0.00668
3	0.00901	0.00759	0.01182	0.35926	0.02324	0.00860	0.01048	0.01137	0.01155	0.01510	0.02252	0.43599	0.02487	0.01277	0.00680	0.00221	0.00546	0.01154	0.00418	0.00561
4	0.00974	0.01899	0.41737	0.01292	0.01783	0.00966	0.01439	0.01394	0.01196	0.01707	0.02064	0.36629	0.02191	0.01151	0.00650	0.00211	0.00632	0.01004	0.00386	0.00694
5	0.01194	0.10857	0.27206	0.43008	0.03262	0.01453	0.01754	0.01664	0.01207	0.01620	0.01028	0.01392	0.00772	0.00571	0.00557	0.00186	0.00799	0.00471	0.00257	0.00743
6	0.01851	0.59785	0.02664	0.01022	0.01516	0.01970	0.00976	0.02051	0.01325	0.20166	0.01203	0.01217	0.00936	0.00563	0.00434	0.00141	0.00600	0.00386	0.00374	0.00821
7	0.00721	0.00515	0.00686	0.00823	0.00858	0.00480	0.00549	0.00823	0.01132	0.01510	0.03259	0.78831	0.03911	0.01853	0.00755	0.00240	0.00343	0.01681	0.00549	0.00480
8	0.00860	0.00573	0.00645	0.00645	0.00645	0.00573	0.00358	0.00860	0.00860	0.01147	0.01863	0.03870	0.02150	0.79217	0.03010	0.00573	0.00573	0.00860	0.00358	0.00358
9	0.83394	0.01144	0.00869	0.00778	0.01144	0.01327	0.00640	0.01738	0.01006	0.02653	0.00823	0.00961	0.00640	0.00549	0.00366	0.00183	0.00457	0.00320	0.00366	0.00640
10	0.01613	0.75612	0.03025	0.01038	0.01534	0.06184	0.01019	0.01801	0.01226	0.01394	0.00827	0.00955	0.00759	0.00511	0.00387	0.00128	0.00655	0.00320	0.00256	0.00755
11	0.00701	0.00591	0.00608	0.00621	0.00805	0.00497	0.00459	0.00846	0.01326	0.01589	0.05719	0.12972	0.68182	0.01533	0.00704	0.00204	0.00304	0.01291	0.00549	0.00497
12	0.03781	0.39387	0.02518	0.04144	0.05201	0.04551	0.09180	0.01714	0.01194	0.03697	0.01008	0.01289	0.00879	0.00996	0.08636	0.00246	0.10119	0.00444	0.00287	0.00731
13	0.01581	0.79572	0.03099	0.01012	0.01518	0.02340	0.01012	0.01771	0.01202	0.01391	0.00822	0.00949	0.00759	0.00506	0.00379	0.00126	0.00632	0.00316	0.00253	0.00759
14	0.00709	0.00560	0.00639	0.00703	0.00826	0.00490	0.00495	0.00837	0.01248	0.01557	0.04726	0.39563	0.42233	0.01662	0.00725	0.00218	0.00320	0.01449	0.00549	0.00490
15	0.01011	0.07330	0.25642	0.01051	0.01400	0.00986	0.01060	0.01285	0.01051	0.01456	0.01704	0.02688	0.05363	0.33795	0.11366	0.00442	0.00792	0.00672	0.00320	0.00587
16	0.10192	0.05334	0.26856	0.01516	0.01939	0.01511	0.08198	0.01645	0.01149	0.01822	0.06509	0.01490	0.01124	0.00762	0.01026	0.00210	0.27164	0.00518	0.00300	0.00735

[dist]
# distance from previous block
# <min> <max>
3	11

[block]
# block no. 6 follows, 39 sequences, length 60
# corresponding to MSA columns:
# 703-762
name=unknown_G
#
# <colnr> <probs for GDERKNQSTAVLIFYWHMCP>
#	G	D	E	R	K	N	Q	S	T	A	V	L	I	F	Y	W	H	M	C	P
0	0.01487	0.01338	0.04371	0.01205	0.01460	0.12496	0.00973	0.13842	0.01666	0.04193	0.05877	0.15169	0.07175	0.01636	0.09332	0.00316	0.00755	0.15454	0.00529	0.00727
1	0.01323	0.00875	0.01388	0.01158	0.01433	0.00815	0.13131	0.01659	0.04549	0.17338	0.29162	0.15125	0.03388	0.01096	0.00688	0.00202	0.00481	0.04911	0.00584	0.00695
2	0.01464	0.01405	0.02400	0.03630	0.75528	0.01405	0.01815	0.01815	0.01347	0.01932	0.01112	0.01464	0.00937	0.00527	0.00585	0.00176	0.00703	0.00527	0.00293	0.00937
3	0.01464	0.01405	0.02400	0.03630	0.75528	0.01405	0.01815	0.01815	0.01347	0.01932	0.01112	0.01464	0.00937	0.00527	0.00585	0.00176	0.00703	0.00527	0.00293	0.00937
4	0.02065	0.01064	0.01364	0.01117	0.01466	0.01089	0.00908	0.04619	0.14932	0.43731	0.02293	0.02160	0.05336	0.01026	0.05003	0.00238	0.09439	0.00634	0.00617	0.00899
5	0.01279	0.01217	0.02067	0.43073	0.37527	0.01357	0.01723	0.01653	0.01259	0.01708	0.01080	0.01524	0.00858	0.00561	0.00589	0.00187	0.00748	0.00526	0.00277	0.00788
6	0.01496	0.01283	0.01351	0.01209	0.01547	0.01483	0.00942	0.05439	0.72121	0.02515	0.02375	0.02181	0.01779	0.00799	0.00601	0.00200	0.00474	0.00664	0.00601	0.00938
7	0.01232	0.11915	0.67697	0.01608	0.02439	0.01485	0.02049	0.01861	0.01243	0.01817	0.01034	0.01214	0.00750	0.00555	0.00541	0.00180	0.00846	0.00423	0.00250	0.00861
8	0.01186	0.03059	0.76153	0.01686	0.02560	0.01373	0.02185	0.01873	0.01249	0.01873	0.01061	0.01249	0.00749	0.00562	0.00562	0.00187	0.00874	0.00437	0.00250	0.00874
9	0.01301	0.10907	0.40283	0.04359	0.02680	0.01521	0.26941	0.01857	0.01293	0.01816	0.01082	0.01347	0.00803	0.00534	0.00590	0.00185	0.00888	0.00518	0.00268	0.00828
10	0.01195	0.01176	0.02123	0.58360	0.10204	0.01353	0.13944	0.01603	0.01233	0.01614	0.01081	0.01570	0.00820	0.00570	0.00609	0.00196	0.00817	0.00555	0.00272	0.00706
11	0.01581	0.79572	0.03099	0.01012	0.01518	0.02340	0.01012	0.01771	0.01202	0.01391	0.00822	0.00949	0.00759	0.00506	0.00379	0.00126	0.00632	0.00316	0.00253	0.00759
12	0.01203	0.01200	0.01191	0.01170	0.01297	0.17807	0.03133	0.01362	0.01265	0.01530	0.02250	0.30089	0.02511	0.05690	0.00993	0.00247	0.10471	0.15586	0.00438	0.00564
13	0.01247	0.13447	0.63911	0.01619	0.02434	0.01509	0.04258	0.01860	0.01247	0.01808	0.01033	0.01219	0.00755	0.00552	0.00541	0.00179	0.00845	0.00429	0.00252	0.00856
14	0.01716	0.03123	0.01204	0.01031	0.01331	0.00933	0.00821	0.02242	0.17743	0.31739	0.02670	0.18971	0.03806	0.01097	0.00651	0.00208	0.00465	0.08813	0.00626	0.00809
15	0.00699	0.00599	0.00599	0.00599	0.00799	0.00499	0.00449	0.00849	0.01348	0.01598	0.05991	0.05691	0.75288	0.01498	0.00699	0.00200	0.00300	0.01248	0.00549	0.00499
16	0.01310	0.14133	0.47587	0.01764	0.02511	0.02882	0.18015	0.01871	0.01282	0.01798	0.01053	0.01279	0.00784	0.00540	0.00565	0.00180	0.00869	0.00477	0.00262	0.00836
17	0.01312	0.01266	0.02200	0.35081	0.40809	0.01372	0.06040	0.01691	0.01280	0.01751	0.01091	0.01520	0.00871	0.00553	0.00595	0.00186	0.00757	0.00537	0.00280	0.00809
18	0.00699	0.00599	0.00599	0.00599	0.00799	0.00499	0.00449	0.00849	0.01348	0.01598	0.05991	0.05691	0.75288	0.01498	0.00699	0.00200	0.00300	0.01248	0.00549	0.00499
19	0.00727	0.00535	0.00681	0.00782	0.00851	0.00490	0.00534	0.00851	0.01210	0.01594	0.09610	0.61332	0.15146	0.01745	0.00741	0.00229	0.00331	0.01563	0.00557	0.00490
20	0.01275	0.07171	0.65794	0.01660	0.02473	0.05963	0.03928	0.01897	0.01276	0.01822	0.01043	0.01230	0.00754	0.00560	0.00554	0.00182	0.00876	0.00434	0.00254	0.00854
21	0.01699	0.00869	0.01101	0.00985	0.01264	0.00831	0.00756	0.02143	0.14731	0.34123	0.02785	0.29152	0.04661	0.01162	0.00655	0.00207	0.00434	0.01010	0.00638	0.00793
22	0.01117	0.01051	0.01774	0.77795	0.04073	0.01314	0.01642	0.01511	0.01182	0.01511	0.01051	0.01577	0.00788	0.00591	0.00591	0.00197	0.00788	0.00526	0.00263	0.00657
23	0.01245	0.01242	0.02267	0.45776	0.16429	0.01384	0.17621	0.01648	0.01251	0.01668	0.01087	0.01553	0.00838	0.00572	0.00652	0.00196	0.02994	0.00564	0.00276	0.00737
24	0.01391	0.01449	0.06511	0.25249	0.35834	0.05342	0.03521	0.05715	0.01408	0.01900	0.05133	0.01625	0.01127	0.00599	0.00592	0.00183	0.00739	0.00548	0.00318	0.00816
25	0.00917	0.00652	0.00881	0.01013	0.05559	0.00651	0.00682	0.01056	0.01106	0.02980	0.02510	0.21380	0.04594	0.27094	0.09943	0.00428	0.00626	0.16980	0.00448	0.00500
26	0.01353	0.05569	0.02335	0.29888	0.02969	0.09823	0.24558	0.01713	0.01309	0.01660	0.05082	0.01622	0.01079	0.00633	0.00737	0.00194	0.07890	0.00583	0.00299	0.00705
27	0.01561	0.02289	0.43709	0.01730	0.10166	0.01350	0.01743	0.08651	0.07590	0.13402	0.01406	0.01484	0.00990	0.00618	0.00575	0.00186	0.00745	0.00499	0.00389	0.00918
28	0.01500	0.01395	0.05615	0.01241	0.01568	0.07748	0.06008	0.21477	0.09611	0.02471	0.16298	0.06371	0.05203	0.00898	0.00699	0.00189	0.05233	0.00737	0.04974	0.00765
29	0.03957	0.01461	0.01669	0.01326	0.01729	0.09809	0.09235	0.25976	0.08798	0.15238	0.08788	0.02085	0.05678	0.00774	0.00609	0.00182	0.00635	0.00643	0.00548	0.00860
30	0.01764	0.01983	0.02078	0.02676	0.42108	0.32486	0.01516	0.02024	0.01464	0.01711	0.01017	0.01293	0.00858	0.00582	0.00620	0.00169	0.04066	0.00466	0.00296	0.00821
31	0.01546	0.01134	0.01294	0.01037	0.01474	0.01081	0.00823	0.02382	0.31343	0.13545	0.01805	0.01749	0.01348	0.00633	0.00529	0.00149	0.00460	0.00519	0.00512	0.36636
32	0.01124	0.00799	0.00969	0.00922	0.01103	0.00803	0.00700	0.13390	0.04677	0.04538	0.27233	0.27785	0.06033	0.01338	0.00699	0.00209	0.00396	0.06049	0.00598	0.00635
33	0.01271	0.01205	0.02033	0.43548	0.35145	0.01340	0.01694	0.01643	0.01255	0.01705	0.01078	0.01519	0.00855	0.00559	0.00585	0.00185	0.00742	0.00522	0.00278	0.02838
34	0.01395	0.01302	0.02042	0.09443	0.40506	0.01319	0.03882	0.04660	0.01326	0.01920	0.01078	0.01409	0.00897	0.00566	0.00681	0.00167	0.07695	0.00493	0.00312	0.18908
35	0.01774	0.45564	0.02469	0.01130	0.01616	0.02044	0.01028	0.25326	0.05798	0.02244	0.01118	0.01188	0.00904	0.00586	0.00464	0.00145	0.00619	0.00408	0.00388	0.05186
36	0.04945	0.30899	0.11085	0.01220	0.01633	0.16073	0.01149	0.05265	0.01371	0.01681	0.01369	0.04237	0.03107	0.00769	0.00593	0.00173	0.04806	0.08572	0.00334	0.00720
37	0.00830	0.00570	0.00723	0.00755	0.00831	0.00535	0.00513	0.00972	0.01269	0.03263	0.26762	0.33665	0.06257	0.18859	0.01234	0.00294	0.00375	0.01260	0.00544	0.00490
38	0.02053	0.18064	0.01992	0.01250	0.01710	0.01836	0.01068	0.51079	0.02296	0.06634	0.01347	0.01397	0.01001	0.00865	0.04577	0.00208	0.00689	0.00495	0.00512	0.00928
39	0.01117	0.01051	0.01774	0.77795	0.04073	0.01314	0.01642	0.01511	0.01182	0.01511	0.01051	0.01577	0.00788	0.00591	0.00591	0.00197	0.00788	0.00526	0.00263	0.00657
40	0.01132	0.00619	0.00832	0.00872	0.00996	0.00563	0.00617	0.01261	0.01251	0.17346	0.03062	0.62486	0.03391	0.01614	0.00721	0.00228	0.00377	0.01450	0.00588	0.00592
41	0.01275	0.02198	0.39626	0.12576	0.27543	0.01379	0.03466	0.01805	0.01276	0.01845	0.01080	0.01373	0.00821	0.00553	0.00577	0.00185	0.00807	0.00485	0.00267	0.00865
42	0.02576	0.03600	0.02963	0.01073	0.01541	0.00957	0.00909	0.05042	0.01702	0.69762	0.02230	0.01944	0.01412	0.00721	0.00587	0.00181	0.00520	0.00581	0.00702	0.00996
43	0.00721	0.00515	0.00686	0.00823	0.00858	0.00480	0.00549	0.00823	0.01132	0.01510	0.03259	0.78831	0.03911	0.01853	0.00755	0.00240	0.00343	0.01681	0.00549	0.00480
44	0.01258	0.01245	0.01741	0.01507	0.01509	0.01728	0.01247	0.01386	0.00920	0.01429	0.00931	0.06126	0.00972	0.01086	0.01867	0.00258	0.73287	0.00590	0.00277	0.00637
45	0.01504	0.33308	0.07344	0.22437	0.14343	0.01712	0.01380	0.01813	0.01267	0.08184	0.01082	0.01319	0.00858	0.00556	0.00502	0.00163	0.00691	0.00441	0.00305	0.00790
46	0.00860	0.00573	0.00645	0.00645	0.00645	0.00573	0.00358	0.00860	0.00860	0.01147	0.01863	0.03870	0.02150	0.79217	0.03010	0.00573	0.00573	0.00860	0.00358	0.00358
47	0.01459	0.01417	0.02468	0.03559	0.71014	0.01411	0.06275	0.01820	0.01350	0.01930	0.01118	0.01472	0.00934	0.00525	0.00592	0.00177	0.00721	0.00538	0.00293	0.00928
48	0.01132	0.00899	0.01334	0.04074	0.17789	0.00916	0.01162	0.05174	0.01420	0.01893	0.02532	0.07313	0.02664	0.01314	0.00745	0.00243	0.00587	0.47670	0.00483	0.00657
49	0.01333	0.14924	0.10844	0.35341	0.12147	0.05636	0.08359	0.01718	0.01261	0.01618	0.01027	0.01391	0.00806	0.00557	0.00558	0.00179	0.00796	0.00488	0.00269	0.00749
50	0.02209	0.02819	0.01676	0.01524	0.01828	0.76843	0.01143	0.02361	0.01676	0.01447	0.00914	0.01066	0.00762	0.00609	0.00533	0.00152	0.01066	0.00381	0.00305	0.00686
51	0.00724	0.00531	0.00681	0.00799	0.00859	0.00488	0.00546	0.00838	0.01169	0.01529	0.03639	0.66674	0.13914	0.01797	0.00749	0.00235	0.00342	0.03453	0.00549	0.00485
52	0.02248	0.01656	0.01775	0.01361	0.01834	0.01834	0.01124	0.73556	0.02780	0.03727	0.01420	0.01420	0.01006	0.00710	0.00592	0.00177	0.00651	0.00532	0.00592	0.01006
53	0.01072	0.00841	0.01198	0.01292	0.09219	0.00939	0.00895	0.09424	0.01222	0.01720	0.01677	0.10597	0.01615	0.03198	0.49214	0.00679	0.03480	0.00723	0.00370	0.00625
54	0.01374	0.05702	0.34012	0.06075	0.02215	0.04317	0.05611	0.07119	0.19003	0.02115	0.05529	0.01686	0.01302	0.00663	0.00581	0.00187	0.00726	0.00547	0.00386	0.00851
55	0.00806	0.00671	0.00734	0.00678	0.00916	0.00554	0.00512	0.00987	0.01349	0.01735	0.12725	0.09874	0.49750	0.01309	0.00658	0.00182	0.00324	0.01104	0.00527	0.14606
56	0.01226	0.01051	0.01226	0.00876	0.01401	0.00788	0.00701	0.01489	0.01226	0.01927	0.01051	0.01226	0.00876	0.00438	0.00438	0.00088	0.00438	0.00350	0.00350	0.82832
57	0.01655	0.01809	0.02234	0.11085	0.25977	0.23239	0.14553	0.04501	0.05769	0.01830	0.01150	0.01428	0.00915	0.00575	0.00593	0.00177	0.00856	0.00524	0.00322	0.00809
58	0.00988	0.00534	0.00777	0.00777	0.00790	0.00546	0.00523	0.00813	0.00801	0.01080	0.01182	0.02083	0.01201	0.10700	0.10924	0.64501	0.00643	0.00565	0.00275	0.00299
59	0.01355	0.01131	0.01294	0.00948	0.01458	0.00944	0.00761	0.09716	0.05388	0.02160	0.01167	0.01301	0.00941	0.00488	0.00464	0.00104	0.00464	0.00388	0.00391	0.69136

[dist]
# distance from previous block
# <min> <max>
0	1

[block]
# block no. 7 follows, 39 sequences, length 6
# corresponding to MSA columns:
# 764-769
name=unknown_H
#
# <colnr> <probs for GDERKNQSTAVLIFYWHMCP>
#	G	D	E	R	K	N	Q	S	T	A	V	L	I	F	Y	W	H	M	C	P
0	0.01162	0.00809	0.00891	0.00801	0.00904	0.00848	0.00525	0.16685	0.01278	0.01708	0.01767	0.03337	0.01901	0.62126	0.02484	0.00487	0.00590	0.00789	0.00409	0.00499
1	0.01172	0.00986	0.05780	0.01210	0.01460	0.00868	0.09397	0.08584	0.01433	0.06876	0.02604	0.33422	0.02778	0.01368	0.00725	0.00230	0.00546	0.19396	0.00517	0.00646
2	0.01699	0.01157	0.01318	0.01097	0.01473	0.01199	0.00871	0.11058	0.33411	0.17454	0.10668	0.02211	0.01968	0.00779	0.00590	0.00178	0.00471	0.00645	0.00601	0.11151
3	0.00744	0.00571	0.00681	0.00716	0.00842	0.00509	0.00513	0.00912	0.01361	0.01777	0.23819	0.30738	0.31600	0.01543	0.00718	0.00210	0.00309	0.01350	0.00577	0.00509
4	0.01435	0.01280	0.02136	0.11561	0.11865	0.01318	0.22186	0.16645	0.01642	0.02216	0.06456	0.02438	0.01578	0.00822	0.00726	0.03364	0.00731	0.10422	0.00411	0.00770
5	0.01265	0.01268	0.01832	0.62062	0.11600	0.08935	0.01611	0.01630	0.01250	0.01550	0.01044	0.01513	0.00802	0.00586	0.00585	0.00190	0.00807	0.00511	0.00270	0.00690

[dist]
# distance from previous block
# <min> <max>
3	4

[block]
# block no. 8 follows, 39 sequences, length 22
# corresponding to MSA columns:
# 774-795
name=unknown_I
#
# <colnr> <probs for GDERKNQSTAVLIFYWHMCP>
#	G	D	E	R	K	N	Q	S	T	A	V	L	I	F	Y	W	H	M	C	P
0	0.01145	0.01006	0.01618	0.52496	0.10693	0.01187	0.01444	0.01547	0.03328	0.01680	0.01389	0.02140	0.01161	0.00701	0.00594	0.00196	0.00693	0.07375	0.08936	0.00672
1	0.00758	0.00587	0.00691	0.00695	0.00843	0.00520	0.00510	0.00952	0.01443	0.01894	0.33361	0.17440	0.35300	0.01441	0.00708	0.00201	0.00299	0.01249	0.00590	0.00520
2	0.00847	0.00626	0.00910	0.00910	0.01002	0.00717	0.00689	0.01030	0.00938	0.01343	0.01621	0.02528	0.01567	0.14330	0.67100	0.00901	0.01450	0.00664	0.00322	0.00506
3	0.00823	0.00604	0.00771	0.00729	0.00875	0.00552	0.00547	0.01089	0.01641	0.02292	0.68122	0.04548	0.12723	0.01239	0.00698	0.00187	0.00281	0.01088	0.00641	0.00552
4	0.01117	0.01051	0.01774	0.77795	0.04073	0.01314	0.01642	0.01511	0.01182	0.01511	0.01051	0.01577	0.00788	0.00591	0.00591	0.00197	0.00788	0.00526	0.00263	0.00657
5	0.00922	0.00660	0.00779	0.00792	0.00854	0.00687	0.00528	0.01162	0.09190	0.01410	0.02169	0.11519	0.02362	0.49418	0.07839	0.00497	0.00611	0.07716	0.00420	0.00466
6	0.01247	0.01258	0.01867	0.01557	0.01638	0.01653	0.08599	0.01416	0.00999	0.01488	0.01322	0.01748	0.07967	0.01025	0.01694	0.00247	0.62731	0.00606	0.00291	0.00648
7	0.02091	0.01658	0.01681	0.01340	0.01775	0.06825	0.01088	0.54751	0.16957	0.03324	0.01582	0.01552	0.01148	0.00722	0.00590	0.00180	0.00642	0.00549	0.00574	0.00970
8	0.01263	0.02951	0.72225	0.01652	0.02504	0.01347	0.02116	0.01926	0.01272	0.05763	0.01128	0.01289	0.00787	0.00571	0.00564	0.00187	0.00855	0.00445	0.00275	0.00881
9	0.01480	0.32316	0.40825	0.01365	0.02057	0.01697	0.01607	0.01931	0.01273	0.08823	0.01092	0.01207	0.00822	0.00557	0.00495	0.00163	0.00745	0.00406	0.00297	0.00842
10	0.00975	0.00711	0.00903	0.00863	0.00986	0.00771	0.00637	0.07974	0.01150	0.01580	0.02102	0.02994	0.09178	0.23789	0.40198	0.00680	0.01062	0.00746	0.02176	0.00526
11	0.01186	0.03059	0.76153	0.01686	0.02560	0.01373	0.02185	0.01873	0.01249	0.01873	0.01061	0.01249	0.00749	0.00562	0.00562	0.00187	0.00874	0.00437	0.00250	0.00874
12	0.01679	0.01872	0.07039	0.09312	0.12632	0.22321	0.13197	0.08963	0.07867	0.03803	0.01451	0.01633	0.04261	0.00643	0.00596	0.00180	0.00824	0.00555	0.00369	0.00802
13	0.01237	0.01215	0.01781	0.42903	0.16118	0.07523	0.03304	0.01564	0.01252	0.01599	0.01351	0.09175	0.01232	0.00762	0.00659	0.00199	0.03331	0.03793	0.00313	0.00691
14	0.01567	0.01695	0.17253	0.01978	0.05741	0.01293	0.35312	0.02065	0.03576	0.15887	0.01547	0.01960	0.01173	0.00642	0.00652	0.00198	0.00820	0.05401	0.00396	0.00845
15	0.00714	0.00540	0.00660	0.00757	0.00840	0.00486	0.00519	0.00831	0.01196	0.01536	0.04070	0.57114	0.25105	0.01747	0.00738	0.00228	0.00330	0.01553	0.00549	0.00486
16	0.01623	0.27416	0.30368	0.01410	0.02006	0.19309	0.01495	0.06793	0.01437	0.01745	0.00975	0.01122	0.00773	0.00565	0.00499	0.00159	0.00826	0.00392	0.00287	0.00802
17	0.01180	0.18603	0.35318	0.01374	0.01929	0.01358	0.05262	0.01607	0.01243	0.01702	0.01626	0.13777	0.01592	0.00885	0.00593	0.00194	0.00704	0.09973	0.00338	0.00742
18	0.00723	0.00579	0.00647	0.00675	0.00825	0.00503	0.00489	0.00879	0.01339	0.01682	0.14817	0.23727	0.47943	0.01546	0.00713	0.00208	0.00308	0.01331	0.00563	0.00503
19	0.03385	0.01652	0.01961	0.12284	0.27810	0.13356	0.01431	0.24619	0.01814	0.02371	0.01157	0.01388	0.00902	0.00620	0.00610	0.00178	0.02706	0.00501	0.00386	0.00869
20	0.01740	0.00785	0.01009	0.00854	0.01147	0.00697	0.00675	0.01969	0.01545	0.37979	0.16344	0.08055	0.09972	0.00969	0.00607	0.00182	0.00394	0.00817	0.13496	0.00764
21	0.01322	0.01035	0.01748	0.27130	0.02503	0.01093	0.15452	0.01702	0.05223	0.12228	0.01817	0.09696	0.03912	0.08044	0.04250	0.00268	0.00727	0.00751	0.00404	0.00694

[dist]
# distance from previous block
# <min> <max>
0	5

[block]
# block no. 9 follows, 39 sequences, length 31
# corresponding to MSA columns:
# 801-831
name=unknown_J
#
# <colnr> <probs for GDERKNQSTAVLIFYWHMCP>
#	G	D	E	R	K	N	Q	S	T	A	V	L	I	F	Y	W	H	M	C	P
0	0.01045	0.00867	0.02716	0.01437	0.17007	0.00833	0.00887	0.01364	0.05785	0.03695	0.21309	0.12165	0.06894	0.10088	0.10941	0.00335	0.00612	0.00906	0.00471	0.00642
1	0.47341	0.13077	0.03428	0.01122	0.04862	0.12543	0.00901	0.07271	0.01289	0.02318	0.00901	0.01040	0.00720	0.00563	0.00425	0.00170	0.00609	0.00357	0.00351	0.00712
2	0.28281	0.01708	0.01466	0.01204	0.01611	0.15613	0.00972	0.37276	0.02006	0.02959	0.01134	0.01207	0.00843	0.00640	0.00508	0.00175	0.00666	0.00436	0.00466	0.00829
3	0.00750	0.00527	0.00677	0.00785	0.00812	0.00500	0.00508	0.00831	0.01074	0.01432	0.02959	0.62718	0.03533	0.18482	0.01240	0.00312	0.00393	0.01505	0.00508	0.00454
4	0.00742	0.00524	0.00680	0.00796	0.00826	0.00494	0.00520	0.00829	0.01091	0.01455	0.03048	0.67483	0.03645	0.13565	0.01096	0.00291	0.00378	0.01557	0.00520	0.00462
5	0.72026	0.01196	0.01043	0.01031	0.06825	0.01365	0.00760	0.06309	0.01145	0.02667	0.00883	0.01028	0.00686	0.00558	0.00397	0.00182	0.00488	0.00349	0.00375	0.00686
6	0.01620	0.08837	0.42533	0.01503	0.02167	0.15470	0.01668	0.07457	0.01479	0.08513	0.01155	0.01271	0.00838	0.00590	0.00544	0.00173	0.00831	0.00436	0.00331	0.02583
7	0.02014	0.07591	0.13625	0.01444	0.01943	0.09807	0.11257	0.04180	0.01518	0.33057	0.01572	0.01584	0.01082	0.00662	0.00671	0.00183	0.05923	0.00532	0.00476	0.00877
8	0.01519	0.01461	0.02214	0.14337	0.54647	0.06219	0.01694	0.07242	0.01452	0.01975	0.01114	0.01452	0.00909	0.00556	0.00583	0.00177	0.00734	0.00518	0.00312	0.00884
9	0.01246	0.06469	0.53663	0.01817	0.02590	0.01430	0.18714	0.01854	0.01291	0.01866	0.02929	0.01394	0.00905	0.00560	0.00588	0.00187	0.00876	0.00508	0.00271	0.00843
10	0.01569	0.01626	0.02204	0.20814	0.29908	0.15463	0.10586	0.07277	0.01483	0.01871	0.01095	0.01430	0.00869	0.00568	0.00592	0.00180	0.00824	0.00521	0.00311	0.00810
11	0.00726	0.00600	0.00637	0.00628	0.00816	0.00511	0.00471	0.00902	0.01413	0.01751	0.19710	0.05439	0.61472	0.01440	0.00699	0.00197	0.00295	0.01213	0.00569	0.00511
12	0.01027	0.00514	0.00770	0.00770	0.00770	0.00514	0.00514	0.00770	0.00770	0.01027	0.01027	0.01798	0.01027	0.02054	0.02311	0.82794	0.00514	0.00514	0.00257	0.00257
13	0.01530	0.04646	0.06221	0.12508	0.05472	0.07151	0.42610	0.03453	0.01423	0.07319	0.01221	0.01534	0.00906	0.00546	0.00638	0.00190	0.00900	0.00606	0.00329	0.00797
14	0.01215	0.07566	0.69858	0.01667	0.02512	0.01434	0.04030	0.01867	0.01250	0.01845	0.01051	0.01240	0.00754	0.00557	0.00555	0.00184	0.00863	0.00437	0.00251	0.00865
15	0.02653	0.01006	0.01372	0.01052	0.01510	0.00869	0.00869	0.02882	0.01693	0.75937	0.02333	0.02013	0.01464	0.00732	0.00595	0.00183	0.00503	0.00595	0.00732	0.01006
16	0.10630	0.02426	0.01633	0.05532	0.05039	0.57619	0.01144	0.06124	0.01626	0.01723	0.00948	0.01119	0.00771	0.00604	0.00524	0.00160	0.00950	0.00397	0.00324	0.00708
17	0.01300	0.17317	0.48760	0.01708	0.02461	0.01580	0.15209	0.01857	0.01267	0.01785	0.01041	0.01256	0.00779	0.00539	0.00553	0.00178	0.00851	0.00463	0.00260	0.00838
18	0.00724	0.00584	0.00649	0.00696	0.00848	0.00509	0.00515	0.00872	0.01293	0.01588	0.05059	0.24721	0.51151	0.01600	0.00723	0.00216	0.00330	0.06877	0.00549	0.00498
19	0.00810	0.00603	0.00753	0.00716	0.00867	0.00546	0.00537	0.01063	0.01610	0.02219	0.61615	0.04668	0.19275	0.01266	0.00698	0.00189	0.00283	0.01105	0.00631	0.00546
20	0.01314	0.00869	0.01145	0.01051	0.01259	0.00863	0.04532	0.16206	0.01558	0.11281	0.02654	0.49147	0.02846	0.01405	0.00698	0.00218	0.00461	0.01256	0.00568	0.00672
21	0.01480	0.01328	0.02085	0.17979	0.45536	0.01407	0.01604	0.13146	0.01531	0.02112	0.01262	0.05541	0.01074	0.00639	0.00596	0.00184	0.00693	0.00588	0.00348	0.00868
22	0.01206	0.01215	0.07398	0.56088	0.03478	0.01259	0.06105	0.03209	0.01274	0.05095	0.01504	0.01882	0.06475	0.00661	0.00604	0.00196	0.00755	0.00588	0.00315	0.00695
23	0.01345	0.00745	0.00991	0.00938	0.01136	0.00730	0.00716	0.03202	0.05149	0.20995	0.08002	0.27917	0.02667	0.01927	0.16174	0.00361	0.00651	0.03503	0.02176	0.00672
24	0.02097	0.04325	0.04157	0.01239	0.01659	0.12590	0.01024	0.15135	0.22139	0.26517	0.01885	0.01758	0.01325	0.00715	0.00578	0.00181	0.00621	0.00557	0.00574	0.00925
25	0.01706	0.01673	0.17875	0.01271	0.03120	0.06889	0.01171	0.09060	0.12049	0.18214	0.04406	0.01814	0.01360	0.04788	0.00693	0.00191	0.00627	0.00546	0.00478	0.12071
26	0.01603	0.07451	0.09228	0.01236	0.04433	0.16881	0.01026	0.04393	0.01463	0.10754	0.06964	0.07394	0.01494	0.00706	0.00540	0.00151	0.00635	0.00561	0.00413	0.22674
27	0.03472	0.01567	0.06021	0.01628	0.07879	0.07130	0.12194	0.15180	0.21394	0.09165	0.03007	0.01717	0.01280	0.00665	0.00593	0.00182	0.00667	0.00579	0.00481	0.05198
28	0.07696	0.17811	0.13681	0.04319	0.04971	0.08233	0.19460	0.01878	0.02892	0.05671	0.01485	0.01653	0.06485	0.00622	0.00556	0.00175	0.00760	0.00545	0.00334	0.00771
29	0.05650	0.01288	0.04390	0.01207	0.01643	0.05865	0.07795	0.07568	0.07098	0.29000	0.02011	0.06648	0.04813	0.00757	0.00583	0.00175	0.00579	0.00639	0.00537	0.11754
30	0.01301	0.17094	0.05744	0.01189	0.01596	0.05990	0.11966	0.01567	0.01342	0.05547	0.07430	0.10119	0.12403	0.00850	0.00576	0.00166	0.00588	0.00736	0.00406	0.13391

[dist]
# distance from previous block
# <min> <max>
7	24

[block]
# block no. 10 follows, 39 sequences, length 49
# corresponding to MSA columns:
# 856-904
name=unknown_K
#
# <colnr> <probs for GDERKNQSTAVLIFYWHMCP>
#	G	D	E	R	K	N	Q	S	T	A	V	L	I	F	Y	W	H	M	C	P
0	0.01869	0.06271	0.01616	0.01242	0.01638	0.13068	0.00999	0.29131	0.19434	0.05516	0.06527	0.01738	0.01462	0.00721	0.00569	0.00171	0.00625	0.00555	0.00523	0.06324
1	0.04306	0.17420	0.32375	0.01684	0.04057	0.01602	0.16320	0.03521	0.01286	0.03566	0.01054	0.01280	0.00810	0.00573	0.00638	0.00180	0.05936	0.00474	0.00288	0.02631
2	0.07068	0.14618	0.06794	0.01166	0.01624	0.05266	0.02844	0.17115	0.09491	0.03881	0.01487	0.03434	0.02606	0.00685	0.00526	0.00161	0.00597	0.03664	0.00428	0.16544
3	0.29438	0.04805	0.10377	0.01081	0.01469	0.12590	0.00964	0.07781	0.06516	0.02347	0.15411	0.01804	0.01743	0.00716	0.00515	0.00178	0.00589	0.00530	0.00428	0.00715
4	0.03149	0.16213	0.01950	0.34022	0.02624	0.01380	0.08263	0.04076	0.01350	0.01798	0.14050	0.02045	0.03452	0.00700	0.00572	0.00179	0.00654	0.00610	0.02233	0.00679
5	0.00721	0.00515	0.00686	0.00823	0.00858	0.00480	0.00549	0.00823	0.01132	0.01510	0.03259	0.78831	0.03911	0.01853	0.00755	0.00240	0.00343	0.01681	0.00549	0.00480
6	0.01008	0.00514	0.00765	0.00774	0.00776	0.00512	0.00516	0.00774	0.00793	0.01057	0.01167	0.06621	0.01208	0.02042	0.02214	0.77625	0.00503	0.00587	0.00275	0.00271
7	0.00837	0.00604	0.00790	0.00744	0.00883	0.00558	0.00558	0.01116	0.01674	0.02371	0.75216	0.04417	0.05580	0.01209	0.00697	0.00186	0.00279	0.01069	0.00651	0.00558
8	0.01371	0.38899	0.41934	0.01370	0.02072	0.01826	0.01635	0.01825	0.01227	0.01647	0.00949	0.01108	0.00754	0.00536	0.00476	0.00159	0.00761	0.00380	0.00251	0.00820
9	0.01464	0.01405	0.02400	0.03630	0.75528	0.01405	0.01815	0.01815	0.01347	0.01932	0.01112	0.01464	0.00937	0.00527	0.00585	0.00176	0.00703	0.00527	0.00293	0.00937
10	0.00845	0.00632	0.00941	0.00941	0.01043	0.00734	0.00727	0.01050	0.00948	0.01366	0.01593	0.02373	0.01500	0.06832	0.74506	0.00938	0.01552	0.00641	0.00318	0.00523
11	0.01341	0.01297	0.02256	0.28773	0.46699	0.01380	0.06237	0.01717	0.01294	0.01787	0.01097	0.01510	0.00884	0.00547	0.00594	0.00184	0.00750	0.00537	0.00283	0.00833
12	0.01226	0.01051	0.01226	0.00876	0.01401	0.00788	0.00701	0.01489	0.01226	0.01927	0.01051	0.01226	0.00876	0.00438	0.00438	0.00088	0.00438	0.00350	0.00350	0.82832
13	0.01195	0.01131	0.01916	0.60976	0.20278	0.01335	0.01681	0.01580	0.01220	0.01606	0.01065	0.01551	0.00822	0.00577	0.00590	0.00192	0.00769	0.00526	0.00270	0.00720
14	0.01383	0.01323	0.02255	0.20878	0.58910	0.01384	0.01775	0.01744	0.01308	0.01834	0.01098	0.01490	0.00902	0.00542	0.00587	0.00181	0.00723	0.00527	0.00286	0.00872
15	0.00845	0.00634	0.00950	0.00950	0.01056	0.00739	0.00739	0.01056	0.00950	0.01373	0.01584	0.02323	0.01478	0.04435	0.76873	0.00950	0.01584	0.00634	0.00317	0.00528
16	0.00730	0.00605	0.00643	0.00648	0.00837	0.00518	0.00495	0.00901	0.01381	0.01686	0.12584	0.05635	0.63407	0.01479	0.00707	0.00203	0.00315	0.06160	0.00559	0.00508
17	0.01581	0.79572	0.03099	0.01012	0.01518	0.02340	0.01012	0.01771	0.01202	0.01391	0.00822	0.00949	0.00759	0.00506	0.00379	0.00126	0.00632	0.00316	0.00253	0.00759
18	0.00721	0.00515	0.00686	0.00823	0.00858	0.00480	0.00549	0.00823	0.01132	0.01510	0.03259	0.78831	0.03911	0.01853	0.00755	0.00240	0.00343	0.01681	0.00549	0.00480
19	0.00721	0.00515	0.00686	0.00823	0.00858	0.00480	0.00549	0.00823	0.01132	0.01510	0.03259	0.78831	0.03911	0.01853	0.00755	0.00240	0.00343	0.01681	0.00549	0.00480
20	0.02248	0.01656	0.01775	0.01361	0.01834	0.01834	0.01124	0.73556	0.02780	0.03727	0.01420	0.01420	0.01006	0.00710	0.00592	0.00177	0.00651	0.00532	0.00592	0.01006
21	0.01581	0.79572	0.03099	0.01012	0.01518	0.02340	0.01012	0.01771	0.01202	0.01391	0.00822	0.00949	0.00759	0.00506	0.00379	0.00126	0.00632	0.00316	0.00253	0.00759
22	0.01186	0.03059	0.76153	0.01686	0.02560	0.01373	0.02185	0.01873	0.01249	0.01873	0.01061	0.01249	0.00749	0.00562	0.00562	0.00187	0.00874	0.00437	0.00250	0.00874
23	0.01457	0.00977	0.01187	0.01121	0.01378	0.01025	0.00930	0.13468	0.14605	0.11239	0.02548	0.04281	0.02415	0.06084	0.00852	0.00252	0.00545	0.34329	0.00574	0.00734
24	0.01397	0.01206	0.01267	0.01146	0.01467	0.01378	0.00890	0.02924	0.67500	0.02390	0.02748	0.02538	0.08800	0.00869	0.00611	0.00200	0.00452	0.00724	0.00597	0.00894
25	0.02209	0.02819	0.01676	0.01524	0.01828	0.76843	0.01143	0.02361	0.01676	0.01447	0.00914	0.01066	0.00762	0.00609	0.00533	0.00152	0.01066	0.00381	0.00305	0.00686
26	0.01117	0.01051	0.01774	0.77795	0.04073	0.01314	0.01642	0.01511	0.01182	0.01511	0.01051	0.01577	0.00788	0.00591	0.00591	0.00197	0.00788	0.00526	0.00263	0.00657
27	0.02245	0.01760	0.01766	0.01375	0.01833	0.08519	0.01126	0.67211	0.02682	0.03524	0.01375	0.01388	0.00984	0.00701	0.00586	0.00175	0.00688	0.00519	0.00566	0.00977
28	0.00732	0.00523	0.00700	0.00837	0.00876	0.00490	0.00569	0.00844	0.01144	0.01523	0.03253	0.75185	0.03886	0.01842	0.00758	0.00242	0.00353	0.05211	0.00549	0.00484
29	0.00721	0.00515	0.00686	0.00823	0.00858	0.00480	0.00549	0.00823	0.01132	0.01510	0.03259	0.78831	0.03911	0.01853	0.00755	0.00240	0.00343	0.01681	0.00549	0.00480
30	0.01067	0.01021	0.01973	0.01571	0.01875	0.01044	0.29983	0.01394	0.01130	0.01583	0.01428	0.02030	0.01244	0.02850	0.46206	0.00648	0.01348	0.00659	0.00310	0.00637
31	0.01027	0.00514	0.00770	0.00770	0.00770	0.00514	0.00514	0.00770	0.00770	0.01027	0.01027	0.01798	0.01027	0.02054	0.02311	0.82794	0.00514	0.00514	0.00257	0.00257
32	0.00718	0.00523	0.00678	0.00802	0.00852	0.00482	0.00539	0.00826	0.01153	0.01518	0.03519	0.71869	0.10705	0.01819	0.00750	0.00236	0.00339	0.01640	0.00549	0.00482
33	0.01464	0.01405	0.02400	0.03630	0.75528	0.01405	0.01815	0.01815	0.01347	0.01932	0.01112	0.01464	0.00937	0.00527	0.00585	0.00176	0.00703	0.00527	0.00293	0.00937
34	0.00859	0.00614	0.00846	0.00982	0.01077	0.00600	0.00790	0.01063	0.01269	0.01665	0.03183	0.35722	0.03608	0.01722	0.00792	0.00259	0.00463	0.43420	0.00546	0.00519
35	0.01027	0.00514	0.00770	0.00770	0.00770	0.00514	0.00514	0.00770	0.00770	0.01027	0.01027	0.01798	0.01027	0.02054	0.02311	0.82794	0.00514	0.00514	0.00257	0.00257
36	0.01581	0.79572	0.03099	0.01012	0.01518	0.02340	0.01012	0.01771	0.01202	0.01391	0.00822	0.00949	0.00759	0.00506	0.00379	0.00126	0.00632	0.00316	0.00253	0.00759
37	0.01464	0.01405	0.02400	0.03630	0.75528	0.01405	0.01815	0.01815	0.01347	0.01932	0.01112	0.01464	0.00937	0.00527	0.00585	0.00176	0.00703	0.00527	0.00293	0.00937
38	0.00950	0.00637	0.00818	0.00774	0.00943	0.00581	0.00597	0.01208	0.01606	0.07140	0.55266	0.04611	0.14296	0.01250	0.00701	0.00195	0.00319	0.06896	0.00634	0.00579
