[name]
unknown

[dist]
# distance from previous block
# <min> <max>
0	723

[block]
# block no. 0 follows, 52 sequences, length 44
# corresponding to MSA columns:
# 743-786
name=unknown_A
#
# <colnr> <probs for GDERKNQSTAVLIFYWHMCP>
#	G	D	E	R	K	N	Q	S	T	A	V	L	I	F	Y	W	H	M	C	P
0	0.00888	0.00682	0.00899	0.00962	0.05873	0.00715	0.00734	0.09789	0.03769	0.01553	0.02287	0.03529	0.13125	0.01767	0.21955	0.00346	0.00659	0.29569	0.00390	0.00511
1	0.01177	0.34985	0.30215	0.01052	0.01539	0.01427	0.01150	0.01686	0.14414	0.04269	0.01064	0.03216	0.00854	0.00508	0.00410	0.00136	0.00556	0.00382	0.00276	0.00682
2	0.01022	0.00889	0.05866	0.00998	0.09916	0.00820	0.00697	0.19167	0.01267	0.01698	0.08691	0.02634	0.14912	0.27987	0.01162	0.00257	0.00453	0.00658	0.00375	0.00533
3	0.01243	0.45135	0.20597	0.00994	0.01463	0.10565	0.01037	0.01498	0.01040	0.01291	0.00751	0.00874	0.00632	0.00428	0.00366	0.00114	0.00586	0.00292	0.00221	0.10874
4	0.01130	0.52440	0.22974	0.00958	0.01409	0.01534	0.01041	0.01385	0.00988	0.01256	0.00953	0.10144	0.00913	0.00552	0.00386	0.00127	0.00544	0.00412	0.00234	0.00621
5	0.01493	0.39697	0.01701	0.00811	0.01150	0.01231	0.00723	0.01656	0.01144	0.29375	0.05927	0.10554	0.01350	0.00639	0.00424	0.00134	0.00437	0.00503	0.00394	0.00659
6	0.01074	0.00649	0.00901	0.00949	0.09848	0.00604	0.00636	0.01311	0.03373	0.19219	0.39985	0.12371	0.05286	0.00901	0.00546	0.00157	0.00320	0.00795	0.00501	0.00574
7	0.01546	0.01102	0.01702	0.01290	0.01655	0.01105	0.24232	0.26195	0.01529	0.20616	0.01442	0.10576	0.01151	0.00647	0.00557	0.00160	0.02755	0.00596	0.00428	0.00716
8	0.01665	0.01379	0.01347	0.01095	0.01436	0.10455	0.00881	0.48956	0.23154	0.02561	0.01337	0.01307	0.00980	0.00593	0.00482	0.00148	0.00531	0.00453	0.00460	0.00779
9	0.00638	0.00584	0.00760	0.00667	0.00868	0.00502	0.09208	0.00793	0.01109	0.01337	0.04463	0.04282	0.70774	0.01134	0.00573	0.00164	0.00310	0.00972	0.00427	0.00437
10	0.00820	0.00454	0.00492	0.00505	0.00585	0.00455	0.00353	0.00984	0.00936	0.01545	0.01683	0.11264	0.01566	0.17053	0.03895	0.00218	0.00322	0.00609	0.55848	0.00413
11	0.01054	0.34029	0.40738	0.01063	0.01598	0.01355	0.01251	0.01406	0.01017	0.01354	0.01252	0.01340	0.09607	0.00530	0.00414	0.00135	0.00585	0.00395	0.00234	0.00644
12	0.01713	0.01257	0.01349	0.01048	0.01392	0.01385	0.00850	0.69512	0.02100	0.02814	0.01205	0.01392	0.00931	0.09941	0.00710	0.00182	0.00526	0.00467	0.00463	0.00764
13	0.01375	0.00928	0.01052	0.00914	0.01194	0.01004	0.00719	0.02336	0.51925	0.20471	0.10787	0.01976	0.01765	0.00682	0.00501	0.00160	0.00373	0.00571	0.00523	0.00745
14	0.02011	0.01003	0.01226	0.00947	0.01316	0.00984	0.00779	0.29343	0.01691	0.50551	0.01667	0.03786	0.01123	0.00620	0.00490	0.00150	0.00452	0.00495	0.00555	0.00812
15	0.01952	0.01181	0.01345	0.01031	0.01415	0.01241	0.00852	0.53172	0.01983	0.28630	0.01411	0.01324	0.00948	0.00588	0.00486	0.00147	0.00493	0.00453	0.00523	0.00824
16	0.00590	0.00422	0.00562	0.00675	0.00703	0.00394	0.00450	0.00675	0.00928	0.01237	0.02671	0.82653	0.03205	0.01518	0.00619	0.00197	0.00281	0.01378	0.00450	0.00394
17	0.01057	0.00894	0.01048	0.00931	0.01169	0.00984	0.04253	0.03596	0.49793	0.01965	0.20910	0.02438	0.03892	0.00768	0.00525	0.00164	0.00369	0.04088	0.00488	0.00666
18	0.00972	0.02507	0.80458	0.01381	0.02097	0.01125	0.01790	0.01535	0.01023	0.01535	0.00870	0.01023	0.00614	0.00460	0.00460	0.00153	0.00716	0.00358	0.00205	0.00716
19	0.86392	0.00937	0.00712	0.00637	0.00937	0.01087	0.00525	0.01425	0.00825	0.02174	0.00675	0.00787	0.00525	0.00450	0.00300	0.00150	0.00375	0.00262	0.00300	0.00525
20	0.00903	0.00452	0.00452	0.00452	0.00565	0.00452	0.00339	0.01129	0.01016	0.01807	0.01581	0.01807	0.01242	0.00565	0.00339	0.00113	0.00226	0.00452	0.85659	0.00452
21	0.00915	0.00861	0.01453	0.81804	0.03338	0.01077	0.01346	0.01238	0.00969	0.01238	0.00861	0.01292	0.00646	0.00484	0.00484	0.00161	0.00646	0.00431	0.00215	0.00538
22	0.00590	0.00422	0.00562	0.00675	0.00703	0.00394	0.00450	0.00675	0.00928	0.01237	0.02671	0.82653	0.03205	0.01518	0.00619	0.00197	0.00281	0.01378	0.00450	0.00394
23	0.01158	0.00952	0.01087	0.00791	0.01213	0.00803	0.00638	0.15343	0.01238	0.01849	0.00917	0.01034	0.00737	0.00400	0.00382	0.00085	0.00391	0.00314	0.00323	0.70344
24	0.00686	0.00495	0.00648	0.00610	0.00724	0.00457	0.00457	0.00914	0.01372	0.01943	0.79691	0.03620	0.04572	0.00991	0.00572	0.00152	0.00229	0.00876	0.00533	0.00457
25	0.00988	0.00935	0.01585	0.61673	0.22902	0.01096	0.01382	0.01302	0.01003	0.01326	0.00874	0.01268	0.00677	0.00471	0.00483	0.00157	0.00628	0.00431	0.00222	0.00597
26	0.00781	0.00558	0.00781	0.00892	0.01004	0.00558	0.00781	0.01004	0.01116	0.01450	0.02566	0.05466	0.02789	0.01339	0.00669	0.00223	0.00446	0.76685	0.00446	0.00446
27	0.01453	0.01342	0.01435	0.01196	0.01386	0.12778	0.00976	0.28813	0.05943	0.01891	0.00918	0.01114	0.00750	0.00693	0.00969	0.00173	0.36766	0.00420	0.00331	0.00653
28	0.48582	0.01032	0.01269	0.01675	0.36003	0.01116	0.00952	0.01452	0.00948	0.01912	0.00780	0.00970	0.00633	0.00442	0.00380	0.00147	0.00464	0.00338	0.00273	0.00633
29	0.01242	0.01059	0.01117	0.00994	0.01274	0.01223	0.00776	0.06972	0.74614	0.02087	0.01925	0.01771	0.01441	0.00653	0.00493	0.00163	0.00392	0.00541	0.00493	0.00770
30	0.01411	0.30369	0.21268	0.01154	0.01581	0.32143	0.02880	0.01660	0.01147	0.01264	0.00758	0.00887	0.00623	0.00458	0.00402	0.00125	0.00711	0.00311	0.00224	0.00623
31	0.01284	0.80370	0.05328	0.00849	0.01274	0.01889	0.00864	0.01454	0.00986	0.01154	0.00681	0.00786	0.00622	0.00416	0.00316	0.00105	0.00525	0.00263	0.00207	0.00625
32	0.00842	0.00421	0.00631	0.00631	0.00631	0.00421	0.00421	0.00631	0.00631	0.00842	0.00842	0.01473	0.00842	0.01684	0.01894	0.85901	0.00421	0.00421	0.00210	0.00210
33	0.01005	0.00861	0.01005	0.00718	0.01148	0.00646	0.00574	0.01220	0.01005	0.01579	0.00861	0.01005	0.00718	0.00359	0.00359	0.00072	0.00359	0.00287	0.00287	0.85932
34	0.00590	0.00422	0.00562	0.00675	0.00703	0.00394	0.00450	0.00675	0.00928	0.01237	0.02671	0.82653	0.03205	0.01518	0.00619	0.00197	0.00281	0.01378	0.00450	0.00394
35	0.02174	0.00825	0.01125	0.00862	0.01237	0.00712	0.00712	0.02362	0.01387	0.80282	0.01912	0.01649	0.01200	0.00600	0.00487	0.00150	0.00412	0.00487	0.00600	0.00825
36	0.00972	0.02507	0.80458	0.01381	0.02097	0.01125	0.01790	0.01535	0.01023	0.01535	0.00870	0.01023	0.00614	0.00460	0.00460	0.00153	0.00716	0.00358	0.00205	0.00716
37	0.00587	0.00491	0.00511	0.00506	0.00664	0.00415	0.00380	0.00724	0.01139	0.01391	0.14546	0.04529	0.70062	0.01197	0.00573	0.00162	0.00243	0.01004	0.00461	0.00415
38	0.00623	0.00493	0.00561	0.00544	0.00685	0.00430	0.00408	0.00793	0.01223	0.01591	0.38098	0.04200	0.46385	0.01122	0.00572	0.00159	0.00238	0.00958	0.00487	0.00430
39	0.01842	0.01357	0.01454	0.01115	0.01503	0.01503	0.00921	0.78330	0.02278	0.03054	0.01163	0.01163	0.00824	0.00582	0.00485	0.00145	0.00533	0.00436	0.00485	0.00824
40	0.00586	0.00491	0.00509	0.00504	0.00662	0.00415	0.00378	0.00720	0.01135	0.01381	0.13404	0.04545	0.71209	0.01200	0.00573	0.00162	0.00244	0.01006	0.00459	0.00415
41	0.01108	0.01058	0.01801	0.28386	0.55251	0.01127	0.01442	0.01407	0.01060	0.01472	0.00895	0.01229	0.00728	0.00449	0.00481	0.00150	0.00598	0.00431	0.00232	0.00694
42	0.01041	0.19684	0.63884	0.01264	0.01916	0.01294	0.01586	0.01517	0.01015	0.01451	0.00828	0.00971	0.00616	0.00451	0.00429	0.00143	0.00674	0.00337	0.00205	0.00696
43	0.21077	0.00922	0.05671	0.00975	0.01142	0.00982	0.05719	0.01164	0.00886	0.04429	0.01367	0.26643	0.01442	0.00905	0.00809	0.00184	0.24151	0.00693	0.00324	0.00516

[dist]
# distance from previous block
# <min> <max>
0	2

[block]
# block no. 1 follows, 52 sequences, length 39
# corresponding to MSA columns:
# 789-827
name=unknown_B
#
# <colnr> <probs for GDERKNQSTAVLIFYWHMCP>
#	G	D	E	R	K	N	Q	S	T	A	V	L	I	F	Y	W	H	M	C	P
0	0.01237	0.61459	0.11960	0.01023	0.01475	0.01719	0.08569	0.01525	0.04728	0.01271	0.00790	0.00909	0.00673	0.00431	0.00363	0.00118	0.00565	0.00316	0.00224	0.00643
1	0.53063	0.06097	0.04878	0.17013	0.07990	0.01143	0.00846	0.01400	0.00896	0.01845	0.00741	0.00932	0.00579	0.00454	0.00360	0.00149	0.00470	0.00314	0.00268	0.00563
2	0.01167	0.04258	0.01700	0.24437	0.37809	0.03154	0.01283	0.06816	0.02931	0.01548	0.00908	0.01195	0.00735	0.00485	0.00535	0.00148	0.05475	0.00418	0.00256	0.04743
3	0.00969	0.00837	0.01148	0.39674	0.05829	0.04674	0.00984	0.02795	0.05993	0.01469	0.05017	0.01976	0.02994	0.03441	0.00549	0.00166	0.00518	0.06818	0.13615	0.00534
4	0.00923	0.00895	0.01757	0.01364	0.01633	0.00888	0.37742	0.01175	0.00983	0.01361	0.05874	0.05550	0.01253	0.03424	0.24533	0.06511	0.02739	0.00602	0.00274	0.00521
5	0.00700	0.00490	0.00632	0.00632	0.00668	0.00526	0.00423	0.00771	0.00735	0.01016	0.01432	0.02647	0.01534	0.50182	0.34943	0.00598	0.00812	0.00628	0.00280	0.00351
6	0.00692	0.00519	0.00779	0.00779	0.00865	0.00606	0.00606	0.00865	0.00779	0.01125	0.01298	0.01904	0.01211	0.03634	0.81049	0.00779	0.01298	0.00519	0.00260	0.00433
7	0.00686	0.00495	0.00648	0.00610	0.00724	0.00457	0.00457	0.00914	0.01372	0.01943	0.79691	0.03620	0.04572	0.00991	0.00572	0.00152	0.00229	0.00876	0.00533	0.00457
8	0.01060	0.01060	0.01484	0.01272	0.01272	0.01484	0.01060	0.01166	0.00742	0.01166	0.00636	0.01060	0.00636	0.00848	0.01590	0.00212	0.82082	0.00424	0.00212	0.00530
9	0.00692	0.00519	0.00779	0.00779	0.00865	0.00606	0.00606	0.00865	0.00779	0.01125	0.01298	0.01904	0.01211	0.03634	0.81049	0.00779	0.01298	0.00519	0.00260	0.00433
10	0.00686	0.00495	0.00648	0.00610	0.00724	0.00457	0.00457	0.00914	0.01372	0.01943	0.79691	0.03620	0.04572	0.00991	0.00572	0.00152	0.00229	0.00876	0.00533	0.00457
11	0.01296	0.83261	0.02539	0.00829	0.01244	0.01917	0.00829	0.01451	0.00985	0.01140	0.00674	0.00777	0.00622	0.00415	0.00311	0.00104	0.00518	0.00259	0.00207	0.00622
12	0.00705	0.00470	0.00529	0.00529	0.00529	0.00470	0.00294	0.00705	0.00705	0.00940	0.01527	0.03171	0.01762	0.82969	0.02467	0.00470	0.00470	0.00705	0.00294	0.00294
13	0.01810	0.02310	0.01373	0.01248	0.01498	0.81024	0.00936	0.01935	0.01373	0.01186	0.00749	0.00874	0.00624	0.00499	0.00437	0.00125	0.00874	0.00312	0.00250	0.00562
14	0.01199	0.01151	0.01967	0.02974	0.79946	0.01151	0.01487	0.01487	0.01103	0.01583	0.00912	0.01199	0.00768	0.00432	0.00480	0.00144	0.00576	0.00432	0.00240	0.00768
15	0.00915	0.00861	0.01453	0.81804	0.03338	0.01077	0.01346	0.01238	0.00969	0.01238	0.00861	0.01292	0.00646	0.00484	0.00484	0.00161	0.00646	0.00431	0.00215	0.00538
16	0.00590	0.00422	0.00562	0.00675	0.00703	0.00394	0.00450	0.00675	0.00928	0.01237	0.02671	0.82653	0.03205	0.01518	0.00619	0.00197	0.00281	0.01378	0.00450	0.00394
17	0.01296	0.83261	0.02539	0.00829	0.01244	0.01917	0.00829	0.01451	0.00985	0.01140	0.00674	0.00777	0.00622	0.00415	0.00311	0.00104	0.00518	0.00259	0.00207	0.00622
18	0.00991	0.07354	0.75781	0.01348	0.02046	0.01173	0.01733	0.01530	0.01021	0.01511	0.00858	0.01008	0.00614	0.00458	0.00451	0.00150	0.00704	0.00352	0.00205	0.00711
19	0.00842	0.00421	0.00631	0.00631	0.00631	0.00421	0.00421	0.00631	0.00631	0.00842	0.00842	0.01473	0.00842	0.01684	0.01894	0.85901	0.00421	0.00421	0.00210	0.00210
20	0.00686	0.00495	0.00648	0.00610	0.00724	0.00457	0.00457	0.00914	0.01372	0.01943	0.79691	0.03620	0.04572	0.00991	0.00572	0.00152	0.00229	0.00876	0.00533	0.00457
21	0.01418	0.01432	0.01220	0.04749	0.01437	0.26129	0.00842	0.10287	0.32492	0.01775	0.01345	0.01426	0.01052	0.00576	0.00464	0.00141	0.00564	0.02308	0.00380	0.09962
22	0.00972	0.02507	0.80458	0.01381	0.02097	0.01125	0.01790	0.01535	0.01023	0.01535	0.00870	0.01023	0.00614	0.00460	0.00460	0.00153	0.00716	0.00358	0.00205	0.00716
23	0.01023	0.15344	0.68072	0.01293	0.01962	0.01251	0.01638	0.01521	0.01017	0.01472	0.00839	0.00984	0.00615	0.00453	0.00437	0.00146	0.00685	0.00342	0.00205	0.00701
24	0.01047	0.45881	0.01738	0.00788	0.01032	0.01351	0.00695	0.01173	0.00875	0.01100	0.00960	0.01480	0.00960	0.16989	0.16896	0.00315	0.05560	0.00407	0.00235	0.00515
25	0.00606	0.00433	0.00578	0.00681	0.00719	0.00406	0.00466	0.00706	0.00965	0.01293	0.07617	0.73893	0.03273	0.01476	0.00618	0.00195	0.00286	0.04936	0.00455	0.00400
26	0.01179	0.62955	0.02123	0.00830	0.01169	0.03900	0.00784	0.01338	0.00951	0.01138	0.00812	0.01025	0.00750	0.01117	0.17865	0.00251	0.00698	0.00317	0.00220	0.00579
27	0.01121	0.00945	0.01033	0.00968	0.01209	0.01077	0.00770	0.02263	0.63574	0.01912	0.02090	0.02535	0.01740	0.00793	0.00528	0.00176	0.00396	0.15683	0.00484	0.00703
28	0.00915	0.00861	0.01453	0.81804	0.03338	0.01077	0.01346	0.01238	0.00969	0.01238	0.00861	0.01292	0.00646	0.00484	0.00484	0.00161	0.00646	0.00431	0.00215	0.00538
29	0.01199	0.01151	0.01967	0.02974	0.79946	0.01151	0.01487	0.01487	0.01103	0.01583	0.00912	0.01199	0.00768	0.00432	0.00480	0.00144	0.00576	0.00432	0.00240	0.00768
30	0.00686	0.00495	0.00648	0.00610	0.00724	0.00457	0.00457	0.00914	0.01372	0.01943	0.79691	0.03620	0.04572	0.00991	0.00572	0.00152	0.00229	0.00876	0.00533	0.00457
31	0.01144	0.01307	0.02859	0.02042	0.02533	0.01225	0.78186	0.01552	0.01144	0.01552	0.00980	0.01307	0.00735	0.00408	0.00572	0.00163	0.00817	0.00572	0.00245	0.00654
32	0.00710	0.00468	0.00533	0.00533	0.00533	0.00468	0.00299	0.00702	0.00702	0.00936	0.01500	0.03106	0.01726	0.79835	0.02444	0.03764	0.00468	0.00694	0.00290	0.00290
33	0.01005	0.00861	0.01005	0.00718	0.01148	0.00646	0.00574	0.01220	0.01005	0.01579	0.00861	0.01005	0.00718	0.00359	0.00359	0.00072	0.00359	0.00287	0.00287	0.85932
34	0.00969	0.00890	0.01454	0.77096	0.03231	0.01102	0.01321	0.05736	0.01045	0.01344	0.00879	0.01284	0.00656	0.00490	0.00485	0.00161	0.00639	0.00431	0.00231	0.00555
35	0.01050	0.00999	0.01697	0.44494	0.39597	0.01112	0.01413	0.01356	0.01033	0.01401	0.00885	0.01248	0.00704	0.00460	0.00482	0.00153	0.00613	0.00431	0.00227	0.00647
36	0.01278	0.78795	0.06848	0.00860	0.01291	0.01874	0.00882	0.01456	0.00987	0.01162	0.00685	0.00791	0.00621	0.00417	0.00319	0.00106	0.00529	0.00265	0.00207	0.00627
37	0.78445	0.00945	0.00762	0.00667	0.00975	0.01079	0.00550	0.04111	0.00908	0.06893	0.00766	0.00852	0.00576	0.00463	0.00317	0.00150	0.00383	0.00282	0.00324	0.00553
38	0.06209	0.00854	0.00944	0.00860	0.01085	0.00908	0.00673	0.18133	0.20197	0.01929	0.02041	0.22655	0.05959	0.00930	0.00526	0.00168	0.00387	0.08786	0.00448	0.06310

[dist]
# distance from previous block
# <min> <max>
4	7

[block]
# block no. 2 follows, 52 sequences, length 10
# corresponding to MSA columns:
# 835-844
name=unknown_C
#
# <colnr> <probs for GDERKNQSTAVLIFYWHMCP>
#	G	D	E	R	K	N	Q	S	T	A	V	L	I	F	Y	W	H	M	C	P
0	0.01205	0.01041	0.01096	0.00986	0.01260	0.01205	0.00767	0.02575	0.79071	0.02027	0.01972	0.01808	0.01479	0.00657	0.00493	0.00164	0.00384	0.00548	0.00493	0.00767
1	0.86392	0.00937	0.00712	0.00637	0.00937	0.01087	0.00525	0.01425	0.00825	0.02174	0.00675	0.00787	0.00525	0.00450	0.00300	0.00150	0.00375	0.00262	0.00300	0.00525
2	0.00824	0.00528	0.00682	0.00625	0.00769	0.00478	0.00475	0.01039	0.01351	0.09634	0.65804	0.03512	0.10470	0.00972	0.00563	0.00153	0.00248	0.00850	0.00533	0.00490
3	0.01386	0.01062	0.01147	0.00991	0.01290	0.01196	0.00782	0.12689	0.61118	0.09900	0.01858	0.01706	0.01364	0.00642	0.00491	0.00160	0.00406	0.00527	0.00503	0.00780
4	0.01205	0.01041	0.01096	0.00986	0.01260	0.01205	0.00767	0.02575	0.79071	0.02027	0.01972	0.01808	0.01479	0.00657	0.00493	0.00164	0.00384	0.00548	0.00493	0.00767
5	0.01005	0.00861	0.01005	0.00718	0.01148	0.00646	0.00574	0.01220	0.01005	0.01579	0.00861	0.01005	0.00718	0.00359	0.00359	0.00072	0.00359	0.00287	0.00287	0.85932
6	0.01186	0.01188	0.02176	0.02756	0.61838	0.01169	0.19428	0.01502	0.01113	0.01576	0.00928	0.01225	0.00760	0.00426	0.00501	0.00148	0.00632	0.00465	0.00241	0.00741
7	0.01007	0.00955	0.01619	0.56423	0.28004	0.01101	0.01391	0.01318	0.01012	0.01349	0.00877	0.01262	0.00685	0.00468	0.00483	0.00156	0.00623	0.00431	0.00223	0.00612
8	0.00928	0.00897	0.01092	0.00986	0.01084	0.07616	0.03174	0.01049	0.00919	0.01254	0.01634	0.29790	0.06059	0.01013	0.00942	0.00181	0.31364	0.00773	0.00320	0.08924
9	0.00868	0.00787	0.00998	0.00860	0.01017	0.00860	0.00685	0.01004	0.00923	0.01320	0.01969	0.13034	0.19414	0.00896	0.00889	0.00161	0.29877	0.00657	0.00320	0.23461

[dist]
# distance from previous block
# <min> <max>
1	8

[block]
# block no. 3 follows, 52 sequences, length 11
# corresponding to MSA columns:
# 853-863
name=unknown_D
#
# <colnr> <probs for GDERKNQSTAVLIFYWHMCP>
#	G	D	E	R	K	N	Q	S	T	A	V	L	I	F	Y	W	H	M	C	P
0	0.00874	0.00596	0.00736	0.06145	0.00963	0.00603	0.00544	0.01242	0.11406	0.05828	0.37279	0.07653	0.06834	0.00858	0.00511	0.00150	0.00290	0.00743	0.16230	0.00515
1	0.01842	0.01357	0.01454	0.01115	0.01503	0.01503	0.00921	0.78330	0.02278	0.03054	0.01163	0.01163	0.00824	0.00582	0.00485	0.00145	0.00533	0.00436	0.00485	0.00824
2	0.00915	0.00861	0.01453	0.81804	0.03338	0.01077	0.01346	0.01238	0.00969	0.01238	0.00861	0.01292	0.00646	0.00484	0.00484	0.00161	0.00646	0.00431	0.00215	0.00538
3	0.01005	0.00861	0.01005	0.00718	0.01148	0.00646	0.00574	0.01220	0.01005	0.01579	0.00861	0.01005	0.00718	0.00359	0.00359	0.00072	0.00359	0.00287	0.00287	0.85932
4	0.01353	0.00940	0.01060	0.00913	0.01205	0.01007	0.00719	0.02312	0.51735	0.18344	0.08245	0.01874	0.01627	0.00654	0.00490	0.00155	0.00375	0.00546	0.00506	0.05939
5	0.01842	0.01357	0.01454	0.01115	0.01503	0.01503	0.00921	0.78330	0.02278	0.03054	0.01163	0.01163	0.00824	0.00582	0.00485	0.00145	0.00533	0.00436	0.00485	0.00824
6	0.01005	0.00861	0.01005	0.00718	0.01148	0.00646	0.00574	0.01220	0.01005	0.01579	0.00861	0.01005	0.00718	0.00359	0.00359	0.00072	0.00359	0.00287	0.00287	0.85932
7	0.00936	0.00927	0.01755	0.01507	0.11029	0.00871	0.34422	0.01240	0.01215	0.01670	0.28902	0.02420	0.09522	0.00692	0.00561	0.00157	0.00528	0.00704	0.00365	0.00576
8	0.01136	0.01027	0.01582	0.01229	0.01500	0.01096	0.18337	0.05156	0.04006	0.05492	0.01042	0.06335	0.00912	0.00634	0.00834	0.00156	0.26533	0.00492	0.00297	0.22204
9	0.03628	0.05141	0.01266	0.00945	0.01268	0.01036	0.04719	0.11525	0.16254	0.05590	0.04889	0.03834	0.01142	0.00575	0.00546	0.00132	0.07990	0.00453	0.00371	0.28696
10	0.20459	0.00964	0.01043	0.00825	0.01153	0.03264	0.00671	0.08528	0.01145	0.14854	0.04270	0.01188	0.00913	0.00518	0.00510	0.00128	0.08405	0.00367	0.00362	0.30431

[dist]
# distance from previous block
# <min> <max>
1	59

[block]
# block no. 4 follows, 52 sequences, length 6
# corresponding to MSA columns:
# 923-928
name=unknown_E
#
# <colnr> <probs for GDERKNQSTAVLIFYWHMCP>
#	G	D	E	R	K	N	Q	S	T	A	V	L	I	F	Y	W	H	M	C	P
0	0.00907	0.00780	0.01086	0.00982	0.01174	0.04353	0.12679	0.01256	0.11393	0.04088	0.04833	0.24363	0.11901	0.01064	0.00586	0.00183	0.00438	0.16993	0.00421	0.00520
1	0.00673	0.00486	0.00636	0.00618	0.00721	0.00449	0.00456	0.00883	0.01313	0.01850	0.69522	0.14054	0.04392	0.01060	0.00578	0.00158	0.00236	0.00943	0.00522	0.00449
2	0.01813	0.02221	0.01381	0.01236	0.01499	0.73583	0.00935	0.09084	0.01458	0.01361	0.00788	0.00901	0.00643	0.00507	0.00441	0.00127	0.00842	0.00324	0.00272	0.00586
3	0.86392	0.00937	0.00712	0.00637	0.00937	0.01087	0.00525	0.01425	0.00825	0.02174	0.00675	0.00787	0.00525	0.00450	0.00300	0.00150	0.00375	0.00262	0.00300	0.00525
4	0.27322	0.01806	0.01182	0.01052	0.01329	0.49451	0.00811	0.08953	0.01293	0.01659	0.00766	0.00875	0.00613	0.00492	0.00400	0.00134	0.00691	0.00309	0.00287	0.00575
5	0.02008	0.01196	0.01181	0.00964	0.01301	0.19862	0.00770	0.02278	0.07771	0.55027	0.01640	0.01478	0.01086	0.00581	0.00476	0.00145	0.00520	0.00451	0.00508	0.00757

[dist]
# distance from previous block
# <min> <max>
0	1

[block]
# block no. 5 follows, 52 sequences, length 20
# corresponding to MSA columns:
# 930-949
name=unknown_F
#
# <colnr> <probs for GDERKNQSTAVLIFYWHMCP>
#	G	D	E	R	K	N	Q	S	T	A	V	L	I	F	Y	W	H	M	C	P
0	0.00604	0.00432	0.00578	0.00691	0.00725	0.00405	0.00474	0.00699	0.00941	0.01252	0.02663	0.77068	0.03175	0.01505	0.00622	0.00199	0.00293	0.06826	0.00450	0.00397
1	0.01910	0.01142	0.14943	0.01017	0.01457	0.00812	0.05146	0.02174	0.01311	0.62344	0.01680	0.01522	0.01073	0.00565	0.00487	0.00151	0.00487	0.00470	0.00512	0.00797
2	0.02174	0.00825	0.01125	0.00862	0.01237	0.00712	0.00712	0.02362	0.01387	0.80282	0.01912	0.01649	0.01200	0.00600	0.00487	0.00150	0.00412	0.00487	0.00600	0.00825
3	0.02174	0.00825	0.01125	0.00862	0.01237	0.00712	0.00712	0.02362	0.01387	0.80282	0.01912	0.01649	0.01200	0.00600	0.00487	0.00150	0.00412	0.00487	0.00600	0.00825
4	0.00589	0.00427	0.00557	0.00661	0.00699	0.00395	0.00444	0.00676	0.00941	0.01242	0.02833	0.77010	0.08743	0.01497	0.00615	0.00194	0.00279	0.01352	0.00450	0.00395
5	0.01144	0.01307	0.02859	0.02042	0.02533	0.01225	0.78186	0.01552	0.01144	0.01552	0.00980	0.01307	0.00735	0.00408	0.00572	0.00163	0.00817	0.00572	0.00245	0.00654
6	0.01199	0.01151	0.01967	0.02974	0.79946	0.01151	0.01487	0.01487	0.01103	0.01583	0.00912	0.01199	0.00768	0.00432	0.00480	0.00144	0.00576	0.00432	0.00240	0.00768
7	0.01092	0.01042	0.01773	0.32788	0.50973	0.01123	0.01434	0.01393	0.01053	0.01453	0.00893	0.01234	0.00722	0.00452	0.00482	0.00151	0.00602	0.00431	0.00231	0.00681
8	0.00675	0.00602	0.00579	0.00588	0.00739	0.05206	0.00446	0.00801	0.01097	0.01298	0.04174	0.07764	0.60283	0.04669	0.00657	0.00182	0.00315	0.09076	0.00431	0.00417
9	0.01818	0.02082	0.01393	0.01217	0.01499	0.62044	0.00933	0.20168	0.01589	0.01632	0.00848	0.00943	0.00672	0.00519	0.00448	0.00130	0.00793	0.00342	0.00306	0.00624
10	0.00915	0.00861	0.01453	0.81804	0.03338	0.01077	0.01346	0.01238	0.00969	0.01238	0.00861	0.01292	0.00646	0.00484	0.00484	0.00161	0.00646	0.00431	0.00215	0.00538
11	0.01143	0.01094	0.01865	0.18675	0.64688	0.01137	0.01459	0.01438	0.01077	0.01514	0.00902	0.01218	0.00743	0.00442	0.00481	0.00147	0.00590	0.00432	0.00235	0.00722
12	0.00915	0.00861	0.01453	0.81804	0.03338	0.01077	0.01346	0.01238	0.00969	0.01238	0.00861	0.01292	0.00646	0.00484	0.00484	0.00161	0.00646	0.00431	0.00215	0.00538
13	0.01175	0.01127	0.01924	0.09649	0.73460	0.01145	0.01475	0.01466	0.01092	0.01554	0.00907	0.01207	0.00757	0.00436	0.00480	0.00145	0.00582	0.00432	0.00238	0.00748
14	0.01125	0.00623	0.00769	0.00682	0.00874	0.02198	0.00524	0.01304	0.01279	0.24972	0.34544	0.09594	0.15498	0.03061	0.00597	0.00165	0.00310	0.00810	0.00521	0.00551
15	0.01232	0.04217	0.01325	0.01095	0.01282	0.13462	0.00883	0.04355	0.23050	0.01517	0.01194	0.01336	0.03193	0.00685	0.00883	0.00165	0.31360	0.00442	0.00320	0.08003
16	0.29214	0.01129	0.01153	0.00986	0.04120	0.01250	0.00771	0.34188	0.12063	0.06445	0.01134	0.01150	0.00829	0.00538	0.00422	0.00147	0.00452	0.00393	0.00417	0.03199
17	0.18884	0.01006	0.00917	0.00826	0.01075	0.09576	0.00643	0.01812	0.30144	0.06757	0.11771	0.02066	0.11189	0.00706	0.00466	0.00155	0.00400	0.00559	0.00433	0.00615
18	0.01349	0.01392	0.17866	0.01064	0.01474	0.01163	0.01003	0.26050	0.14965	0.06312	0.01342	0.01370	0.03762	0.00578	0.00535	0.00145	0.05582	0.00441	0.00386	0.13220
19	0.03478	0.01175	0.01195	0.00993	0.01259	0.17708	0.02946	0.07187	0.01248	0.21376	0.05213	0.08627	0.01229	0.00669	0.00616	0.00146	0.11172	0.00507	0.00389	0.12867

[dist]
# distance from previous block
# <min> <max>
1	116

[block]
# block no. 6 follows, 52 sequences, length 18
# corresponding to MSA columns:
# 1069-1086
name=unknown_G
#
# <colnr> <probs for GDERKNQSTAVLIFYWHMCP>
#	G	D	E	R	K	N	Q	S	T	A	V	L	I	F	Y	W	H	M	C	P
0	0.01337	0.50436	0.17850	0.01026	0.01467	0.18086	0.01043	0.01568	0.01073	0.01228	0.00728	0.00846	0.00621	0.00441	0.00367	0.00118	0.00631	0.00290	0.00216	0.00628
1	0.25426	0.09846	0.01220	0.00856	0.01189	0.01229	0.00717	0.32480	0.01525	0.08484	0.05813	0.01447	0.06640	0.00598	0.00426	0.00144	0.00439	0.00440	0.00412	0.00667
2	0.01553	0.01534	0.17581	0.01336	0.01809	0.01306	0.16765	0.41056	0.01722	0.08811	0.01129	0.01205	0.00795	0.00524	0.00498	0.00151	0.00618	0.00452	0.00389	0.00768
3	0.01235	0.27468	0.09313	0.01523	0.02001	0.01460	0.40657	0.07848	0.01176	0.01544	0.00888	0.01102	0.00696	0.00429	0.00472	0.00142	0.00690	0.00443	0.00249	0.00663
4	0.08203	0.38149	0.06335	0.00761	0.01057	0.01206	0.00710	0.01213	0.01086	0.01501	0.24310	0.08476	0.03881	0.00701	0.00428	0.00134	0.00406	0.00558	0.00337	0.00547
5	0.41203	0.00936	0.00915	0.00725	0.01087	0.00931	0.00592	0.07919	0.01059	0.08471	0.00886	0.00969	0.00676	0.00440	0.00352	0.00121	0.00386	0.00305	0.00336	0.31692
6	0.01300	0.01189	0.01634	0.02069	0.44822	0.05578	0.01162	0.13992	0.03631	0.01813	0.00965	0.01155	0.00780	0.00452	0.00455	0.00129	0.00537	0.00401	0.00297	0.17640
7	0.01085	0.01143	0.09218	0.01203	0.07838	0.03010	0.07410	0.04917	0.35397	0.01766	0.02151	0.02289	0.14284	0.00728	0.00518	0.00163	0.00469	0.05335	0.00406	0.00670
8	0.10329	0.00829	0.01029	0.00951	0.09017	0.00721	0.00667	0.01405	0.01084	0.15704	0.06857	0.08196	0.01275	0.00562	0.00425	0.00118	0.00376	0.00469	0.00371	0.39615
9	0.01205	0.01041	0.01096	0.00986	0.01260	0.01205	0.00767	0.02575	0.79071	0.02027	0.01972	0.01808	0.01479	0.00657	0.00493	0.00164	0.00384	0.00548	0.00493	0.00767
10	0.01005	0.00861	0.01005	0.00718	0.01148	0.00646	0.00574	0.01220	0.01005	0.01579	0.00861	0.01005	0.00718	0.00359	0.00359	0.00072	0.00359	0.00287	0.00287	0.85932
11	0.00915	0.00861	0.01453	0.81804	0.03338	0.01077	0.01346	0.01238	0.00969	0.01238	0.00861	0.01292	0.00646	0.00484	0.00484	0.00161	0.00646	0.00431	0.00215	0.00538
12	0.01144	0.01307	0.02859	0.02042	0.02533	0.01225	0.78186	0.01552	0.01144	0.01552	0.00980	0.01307	0.00735	0.00408	0.00572	0.00163	0.00817	0.00572	0.00245	0.00654
13	0.01842	0.01357	0.01454	0.01115	0.01503	0.01503	0.00921	0.78330	0.02278	0.03054	0.01163	0.01163	0.00824	0.00582	0.00485	0.00145	0.00533	0.00436	0.00485	0.00824
14	0.86392	0.00937	0.00712	0.00637	0.00937	0.01087	0.00525	0.01425	0.00825	0.02174	0.00675	0.00787	0.00525	0.00450	0.00300	0.00150	0.00375	0.00262	0.00300	0.00525
15	0.01842	0.01357	0.01454	0.01115	0.01503	0.01503	0.00921	0.78330	0.02278	0.03054	0.01163	0.01163	0.00824	0.00582	0.00485	0.00145	0.00533	0.00436	0.00485	0.00824
16	0.00765	0.00546	0.00762	0.00874	0.00979	0.00544	0.00753	0.00976	0.01100	0.01432	0.02575	0.11982	0.02824	0.01354	0.00665	0.00221	0.00432	0.70328	0.00447	0.00442
17	0.00686	0.00495	0.00648	0.00610	0.00724	0.00457	0.00457	0.00914	0.01372	0.01943	0.79691	0.03620	0.04572	0.00991	0.00572	0.00152	0.00229	0.00876	0.00533	0.00457

[dist]
# distance from previous block
# <min> <max>
2	3

[block]
# block no. 7 follows, 52 sequences, length 31
# corresponding to MSA columns:
# 1090-1120
name=unknown_H
#
# <colnr> <probs for GDERKNQSTAVLIFYWHMCP>
#	G	D	E	R	K	N	Q	S	T	A	V	L	I	F	Y	W	H	M	C	P
0	0.01106	0.01195	0.02236	0.01693	0.01961	0.01343	0.43235	0.01377	0.00962	0.01377	0.00824	0.01195	0.00690	0.00608	0.01033	0.00185	0.37644	0.00505	0.00230	0.00598
1	0.01296	0.83261	0.02539	0.00829	0.01244	0.01917	0.00829	0.01451	0.00985	0.01140	0.00674	0.00777	0.00622	0.00415	0.00311	0.00104	0.00518	0.00259	0.00207	0.00622
2	0.01296	0.83261	0.02539	0.00829	0.01244	0.01917	0.00829	0.01451	0.00985	0.01140	0.00674	0.00777	0.00622	0.00415	0.00311	0.00104	0.00518	0.00259	0.00207	0.00622
3	0.00679	0.00495	0.00638	0.00602	0.00720	0.00454	0.00452	0.00901	0.01355	0.01905	0.75133	0.03683	0.09154	0.01005	0.00572	0.00153	0.00230	0.00885	0.00528	0.00454
4	0.00686	0.00495	0.00648	0.00610	0.00724	0.00457	0.00457	0.00914	0.01372	0.01943	0.79691	0.03620	0.04572	0.00991	0.00572	0.00152	0.00229	0.00876	0.00533	0.00457
5	0.01205	0.01041	0.01096	0.00986	0.01260	0.01205	0.00767	0.02575	0.79071	0.02027	0.01972	0.01808	0.01479	0.00657	0.00493	0.00164	0.00384	0.00548	0.00493	0.00767
6	0.00915	0.00861	0.01453	0.81804	0.03338	0.01077	0.01346	0.01238	0.00969	0.01238	0.00861	0.01292	0.00646	0.00484	0.00484	0.00161	0.00646	0.00431	0.00215	0.00538
7	0.00781	0.00558	0.00781	0.00892	0.01004	0.00558	0.00781	0.01004	0.01116	0.01450	0.02566	0.05466	0.02789	0.01339	0.00669	0.00223	0.00446	0.76685	0.00446	0.00446
8	0.01199	0.01151	0.01967	0.02974	0.79946	0.01151	0.01487	0.01487	0.01103	0.01583	0.00912	0.01199	0.00768	0.00432	0.00480	0.00144	0.00576	0.00432	0.00240	0.00768
9	0.01810	0.02310	0.01373	0.01248	0.01498	0.81024	0.00936	0.01935	0.01373	0.01186	0.00749	0.00874	0.00624	0.00499	0.00437	0.00125	0.00874	0.00312	0.00250	0.00562
10	0.00660	0.00494	0.00612	0.00583	0.00708	0.00446	0.00437	0.00865	0.01311	0.01799	0.62727	0.03857	0.21626	0.01044	0.00572	0.00155	0.00232	0.00910	0.00515	0.00446
11	0.01036	0.02022	0.49852	0.01603	0.02229	0.01148	0.29638	0.01532	0.01067	0.01542	0.00910	0.01126	0.00661	0.00439	0.00498	0.00155	0.00743	0.00434	0.00222	0.03144
12	0.00706	0.00504	0.00695	0.00807	0.00885	0.00493	0.00651	0.00874	0.01042	0.01366	0.02607	0.35857	0.02953	0.01409	0.00649	0.00213	0.00381	0.47034	0.00448	0.00426
13	0.00573	0.00491	0.00491	0.00491	0.00655	0.00409	0.00368	0.00695	0.01105	0.01309	0.04909	0.04664	0.79750	0.01227	0.00573	0.00164	0.00245	0.01023	0.00450	0.00409
14	0.00972	0.02507	0.80458	0.01381	0.02097	0.01125	0.01790	0.01535	0.01023	0.01535	0.00870	0.01023	0.00614	0.00460	0.00460	0.00153	0.00716	0.00358	0.00205	0.00716
15	0.00590	0.00422	0.00562	0.00675	0.00703	0.00394	0.00450	0.00675	0.00928	0.01237	0.02671	0.82653	0.03205	0.01518	0.00619	0.00197	0.00281	0.01378	0.00450	0.00394
16	0.86392	0.00937	0.00712	0.00637	0.00937	0.01087	0.00525	0.01425	0.00825	0.02174	0.00675	0.00787	0.00525	0.00450	0.00300	0.00150	0.00375	0.00262	0.00300	0.00525
17	0.00982	0.00945	0.01650	0.53298	0.18639	0.01073	0.08897	0.01299	0.01022	0.01348	0.01039	0.01496	0.02676	0.00513	0.00500	0.00160	0.00632	0.03004	0.00237	0.00590
18	0.01087	0.01104	0.01480	0.01271	0.01280	0.04277	0.01056	0.01193	0.00764	0.01167	0.00640	0.01054	0.00636	0.00836	0.01550	0.00209	0.79231	0.00420	0.00213	0.00531
19	0.00915	0.00861	0.01453	0.81804	0.03338	0.01077	0.01346	0.01238	0.00969	0.01238	0.00861	0.01292	0.00646	0.00484	0.00484	0.00161	0.00646	0.00431	0.00215	0.00538
20	0.00573	0.00491	0.00491	0.00491	0.00655	0.00409	0.00368	0.00695	0.01105	0.01309	0.04909	0.04664	0.79750	0.01227	0.00573	0.00164	0.00245	0.01023	0.00450	0.00409
21	0.01199	0.01151	0.01967	0.02974	0.79946	0.01151	0.01487	0.01487	0.01103	0.01583	0.00912	0.01199	0.00768	0.00432	0.00480	0.00144	0.00576	0.00432	0.00240	0.00768
22	0.01005	0.00861	0.01005	0.00718	0.01148	0.00646	0.00574	0.01220	0.01005	0.01579	0.00861	0.01005	0.00718	0.00359	0.00359	0.00072	0.00359	0.00287	0.00287	0.85932
23	0.00842	0.00421	0.00631	0.00631	0.00631	0.00421	0.00421	0.00631	0.00631	0.00842	0.00842	0.01473	0.00842	0.01684	0.01894	0.85901	0.00421	0.00421	0.00210	0.00210
24	0.00692	0.00519	0.00779	0.00779	0.00865	0.00606	0.00606	0.00865	0.00779	0.01125	0.01298	0.01904	0.01211	0.03634	0.81049	0.00779	0.01298	0.00519	0.00260	0.00433
25	0.00705	0.00470	0.00529	0.00529	0.00529	0.00470	0.00294	0.00705	0.00705	0.00940	0.01527	0.03171	0.01762	0.82969	0.02467	0.00470	0.00470	0.00705	0.00294	0.00294
26	0.01950	0.01184	0.01347	0.01033	0.01416	0.01245	0.00853	0.53593	0.01988	0.28202	0.01407	0.01322	0.00946	0.00588	0.00486	0.00147	0.00494	0.00453	0.00522	0.00824
27	0.01005	0.00861	0.01005	0.00718	0.01148	0.00646	0.00574	0.01220	0.01005	0.01579	0.00861	0.01005	0.00718	0.00359	0.00359	0.00072	0.00359	0.00287	0.00287	0.85932
28	0.00692	0.00519	0.00779	0.00779	0.00865	0.00606	0.00606	0.00865	0.00779	0.01125	0.01298	0.01904	0.01211	0.03634	0.81049	0.00779	0.01298	0.00519	0.00260	0.00433
29	0.01005	0.00861	0.01005	0.00718	0.01148	0.00646	0.00574	0.01220	0.01005	0.01579	0.00861	0.01005	0.00718	0.00359	0.00359	0.00072	0.00359	0.00287	0.00287	0.85932
30	0.01144	0.01307	0.02859	0.02042	0.02533	0.01225	0.78186	0.01552	0.01144	0.01552	0.00980	0.01307	0.00735	0.00408	0.00572	0.00163	0.00817	0.00572	0.00245	0.00654

[dist]
# distance from previous block
# <min> <max>
0	3

[block]
# block no. 8 follows, 52 sequences, length 218
# corresponding to MSA columns:
# 1124-1341
name=unknown_I
#
# <colnr> <probs for GDERKNQSTAVLIFYWHMCP>
#	G	D	E	R	K	N	Q	S	T	A	V	L	I	F	Y	W	H	M	C	P
0	0.00972	0.02507	0.80458	0.01381	0.02097	0.01125	0.01790	0.01535	0.01023	0.01535	0.00870	0.01023	0.00614	0.00460	0.00460	0.00153	0.00716	0.00358	0.00205	0.00716
1	0.00643	0.00462	0.00620	0.00728	0.00785	0.00440	0.00539	0.00767	0.00986	0.01299	0.02724	0.58423	0.05891	0.01458	0.00631	0.00203	0.00326	0.22221	0.00449	0.00409
2	0.00903	0.00452	0.00452	0.00452	0.00565	0.00452	0.00339	0.01129	0.01016	0.01807	0.01581	0.01807	0.01242	0.00565	0.00339	0.00113	0.00226	0.00452	0.85659	0.00452
3	0.03292	0.01185	0.02122	0.01588	0.01992	0.01188	0.46012	0.06243	0.22028	0.04479	0.01335	0.04029	0.01029	0.00528	0.00538	0.00163	0.00643	0.00573	0.00345	0.00688
4	0.00783	0.00737	0.07804	0.00947	0.01113	0.00609	0.03812	0.01022	0.01080	0.01429	0.02372	0.16547	0.02582	0.01253	0.00640	0.00211	0.00459	0.55712	0.00418	0.00470
5	0.01429	0.06712	0.05168	0.00992	0.01405	0.05755	0.02708	0.33832	0.03051	0.02155	0.00994	0.01073	0.00761	0.00476	0.00426	0.00116	0.00501	0.00365	0.00362	0.31719
6	0.00903	0.00452	0.00452	0.00452	0.00565	0.00452	0.00339	0.01129	0.01016	0.01807	0.01581	0.01807	0.01242	0.00565	0.00339	0.00113	0.00226	0.00452	0.85659	0.00452
7	0.00573	0.00491	0.00491	0.00491	0.00655	0.00409	0.00368	0.00695	0.01105	0.01309	0.04909	0.04664	0.79750	0.01227	0.00573	0.00164	0.00245	0.01023	0.00450	0.00409
8	0.00693	0.00518	0.00774	0.00774	0.00859	0.00603	0.00600	0.00862	0.00777	0.01121	0.01302	0.01928	0.01222	0.05175	0.79522	0.00773	0.01282	0.00523	0.00260	0.00430
9	0.00573	0.00491	0.00491	0.00491	0.00655	0.00409	0.00368	0.00695	0.01105	0.01309	0.04909	0.04664	0.79750	0.01227	0.00573	0.00164	0.00245	0.01023	0.00450	0.00409
10	0.00903	0.00452	0.00452	0.00452	0.00565	0.00452	0.00339	0.01129	0.01016	0.01807	0.01581	0.01807	0.01242	0.00565	0.00339	0.00113	0.00226	0.00452	0.85659	0.00452
11	0.00972	0.02507	0.80458	0.01381	0.02097	0.01125	0.01790	0.01535	0.01023	0.01535	0.00870	0.01023	0.00614	0.00460	0.00460	0.00153	0.00716	0.00358	0.00205	0.00716
12	0.00705	0.00470	0.00529	0.00529	0.00529	0.00470	0.00294	0.00705	0.00705	0.00940	0.01527	0.03171	0.01762	0.82969	0.02467	0.00470	0.00470	0.00705	0.00294	0.00294
13	0.00903	0.00452	0.00452	0.00452	0.00565	0.00452	0.00339	0.01129	0.01016	0.01807	0.01581	0.01807	0.01242	0.00565	0.00339	0.00113	0.00226	0.00452	0.85659	0.00452
14	0.00590	0.00422	0.00562	0.00675	0.00703	0.00394	0.00450	0.00675	0.00928	0.01237	0.02671	0.82653	0.03205	0.01518	0.00619	0.00197	0.00281	0.01378	0.00450	0.00394
15	0.01199	0.01151	0.01967	0.02974	0.79946	0.01151	0.01487	0.01487	0.01103	0.01583	0.00912	0.01199	0.00768	0.00432	0.00480	0.00144	0.00576	0.00432	0.00240	0.00768
16	0.00693	0.00516	0.00762	0.00762	0.00843	0.00597	0.00585	0.00855	0.00774	0.01113	0.01313	0.01988	0.01248	0.08896	0.75837	0.00758	0.01243	0.00532	0.00262	0.00423
17	0.00914	0.00804	0.01314	0.70515	0.02953	0.00990	0.01206	0.01223	0.00976	0.01317	0.00961	0.01363	0.00729	0.00496	0.00464	0.00155	0.00588	0.00434	0.12073	0.00526
18	0.01199	0.01151	0.01967	0.02974	0.79946	0.01151	0.01487	0.01487	0.01103	0.01583	0.00912	0.01199	0.00768	0.00432	0.00480	0.00144	0.00576	0.00432	0.00240	0.00768
19	0.01842	0.01357	0.01454	0.01115	0.01503	0.01503	0.00921	0.78330	0.02278	0.03054	0.01163	0.01163	0.00824	0.00582	0.00485	0.00145	0.00533	0.00436	0.00485	0.00824
20	0.00922	0.00869	0.01467	0.79779	0.05306	0.01079	0.01349	0.01245	0.00972	0.01247	0.00863	0.01290	0.00649	0.00483	0.00484	0.00161	0.00644	0.00431	0.00216	0.00544
21	0.01200	0.01149	0.01945	0.02925	0.77986	0.01153	0.01469	0.01514	0.03045	0.01594	0.00938	0.01215	0.00785	0.00437	0.00480	0.00144	0.00571	0.00435	0.00246	0.00768
22	0.00903	0.00452	0.00452	0.00452	0.00565	0.00452	0.00339	0.01129	0.01016	0.01807	0.01581	0.01807	0.01242	0.00565	0.00339	0.00113	0.00226	0.00452	0.85659	0.00452
23	0.00590	0.00422	0.00562	0.00675	0.00703	0.00394	0.00450	0.00675	0.00928	0.01237	0.02671	0.82653	0.03205	0.01518	0.00619	0.00197	0.00281	0.01378	0.00450	0.00394
24	0.00972	0.02507	0.80458	0.01381	0.02097	0.01125	0.01790	0.01535	0.01023	0.01535	0.00870	0.01023	0.00614	0.00460	0.00460	0.00153	0.00716	0.00358	0.00205	0.00716
25	0.00915	0.00861	0.01453	0.81804	0.03338	0.01077	0.01346	0.01238	0.00969	0.01238	0.00861	0.01292	0.00646	0.00484	0.00484	0.00161	0.00646	0.00431	0.00215	0.00538
26	0.01060	0.01060	0.01484	0.01272	0.01272	0.01484	0.01060	0.01166	0.00742	0.01166	0.00636	0.01060	0.00636	0.00848	0.01590	0.00212	0.82082	0.00424	0.00212	0.00530
27	0.00723	0.00566	0.00670	0.00719	0.00818	0.00573	0.00508	0.01093	0.18046	0.01419	0.02813	0.54692	0.12912	0.01292	0.00585	0.00185	0.00299	0.01149	0.00459	0.00477
28	0.01409	0.01139	0.04239	0.01503	0.22274	0.01141	0.00996	0.34114	0.03604	0.06152	0.15306	0.01714	0.02973	0.00626	0.00500	0.00148	0.00481	0.00527	0.00423	0.00730
29	0.01199	0.01151	0.01967	0.02974	0.79946	0.01151	0.01487	0.01487	0.01103	0.01583	0.00912	0.01199	0.00768	0.00432	0.00480	0.00144	0.00576	0.00432	0.00240	0.00768
30	0.00903	0.00452	0.00452	0.00452	0.00565	0.00452	0.00339	0.01129	0.01016	0.01807	0.01581	0.01807	0.01242	0.00565	0.00339	0.00113	0.00226	0.00452	0.85659	0.00452
31	0.01738	0.02189	0.01384	0.01251	0.01476	0.73363	0.00948	0.01861	0.01312	0.01184	0.00738	0.00892	0.00625	0.00533	0.00548	0.00133	0.08695	0.00323	0.00246	0.00559
32	0.00590	0.00422	0.00562	0.00675	0.00703	0.00394	0.00450	0.00675	0.00928	0.01237	0.02671	0.82653	0.03205	0.01518	0.00619	0.00197	0.00281	0.01378	0.00450	0.00394
33	0.00926	0.00874	0.01467	0.77773	0.05254	0.01089	0.01342	0.01243	0.00967	0.01245	0.00857	0.01284	0.00649	0.00492	0.00512	0.00162	0.02673	0.00431	0.00216	0.00544
34	0.01146	0.01203	0.01472	0.01270	0.01298	0.10568	0.01046	0.01254	0.00814	0.01169	0.00649	0.01039	0.00635	0.00808	0.01459	0.00202	0.72808	0.00411	0.00216	0.00534
35	0.01005	0.00861	0.01005	0.00718	0.01148	0.00646	0.00574	0.01220	0.01005	0.01579	0.00861	0.01005	0.00718	0.00359	0.00359	0.00072	0.00359	0.00287	0.00287	0.85932
36	0.01005	0.00861	0.01005	0.00718	0.01148	0.00646	0.00574	0.01220	0.01005	0.01579	0.00861	0.01005	0.00718	0.00359	0.00359	0.00072	0.00359	0.00287	0.00287	0.85932
37	0.86392	0.00937	0.00712	0.00637	0.00937	0.01087	0.00525	0.01425	0.00825	0.02174	0.00675	0.00787	0.00525	0.00450	0.00300	0.00150	0.00375	0.00262	0.00300	0.00525
38	0.01810	0.02310	0.01373	0.01248	0.01498	0.81024	0.00936	0.01935	0.01373	0.01186	0.00749	0.00874	0.00624	0.00499	0.00437	0.00125	0.00874	0.00312	0.00250	0.00562
39	0.00972	0.02507	0.80458	0.01381	0.02097	0.01125	0.01790	0.01535	0.01023	0.01535	0.00870	0.01023	0.00614	0.00460	0.00460	0.00153	0.00716	0.00358	0.00205	0.00716
40	0.00573	0.00491	0.00491	0.00491	0.00655	0.00409	0.00368	0.00695	0.01105	0.01309	0.04909	0.04664	0.79750	0.01227	0.00573	0.00164	0.00245	0.01023	0.00450	0.00409
41	0.00692	0.00519	0.00779	0.00779	0.00865	0.00606	0.00606	0.00865	0.00779	0.01125	0.01298	0.01904	0.01211	0.03634	0.81049	0.00779	0.01298	0.00519	0.00260	0.00433
42	0.00915	0.00861	0.01453	0.81804	0.03338	0.01077	0.01346	0.01238	0.00969	0.01238	0.00861	0.01292	0.00646	0.00484	0.00484	0.00161	0.00646	0.00431	0.00215	0.00538
43	0.01199	0.01151	0.01967	0.02974	0.79946	0.01151	0.01487	0.01487	0.01103	0.01583	0.00912	0.01199	0.00768	0.00432	0.00480	0.00144	0.00576	0.00432	0.00240	0.00768
44	0.09319	0.01411	0.01465	0.01211	0.01441	0.20197	0.07163	0.17130	0.02672	0.06063	0.00895	0.01078	0.00715	0.00622	0.00812	0.00164	0.26297	0.00403	0.00313	0.00627
45	0.01205	0.01041	0.01096	0.00986	0.01260	0.01205	0.00767	0.02575	0.79071	0.02027	0.01972	0.01808	0.01479	0.00657	0.00493	0.00164	0.00384	0.00548	0.00493	0.00767
46	0.00604	0.00536	0.00513	0.00510	0.00676	0.02417	0.00382	0.00726	0.01111	0.01306	0.04806	0.04569	0.77779	0.01209	0.00569	0.00163	0.00261	0.01005	0.00445	0.00413
47	0.01842	0.01357	0.01454	0.01115	0.01503	0.01503	0.00921	0.78330	0.02278	0.03054	0.01163	0.01163	0.00824	0.00582	0.00485	0.00145	0.00533	0.00436	0.00485	0.00824
48	0.00705	0.00470	0.00529	0.00529	0.00529	0.00470	0.00294	0.00705	0.00705	0.00940	0.01527	0.03171	0.01762	0.82969	0.02467	0.00470	0.00470	0.00705	0.00294	0.00294
49	0.00705	0.00470	0.00529	0.00529	0.00529	0.00470	0.00294	0.00705	0.00705	0.00940	0.01527	0.03171	0.01762	0.82969	0.02467	0.00470	0.00470	0.00705	0.00294	0.00294
50	0.00972	0.02507	0.80458	0.01381	0.02097	0.01125	0.01790	0.01535	0.01023	0.01535	0.00870	0.01023	0.00614	0.00460	0.00460	0.00153	0.00716	0.00358	0.00205	0.00716
51	0.00573	0.00491	0.00491	0.00491	0.00655	0.00409	0.00368	0.00695	0.01105	0.01309	0.04909	0.04664	0.79750	0.01227	0.00573	0.00164	0.00245	0.01023	0.00450	0.00409
