[name]
unknown

[dist]
# distance from previous block
# <min> <max>
12	48

[block]
# block no. 0 follows, 40 sequences, length 7
# corresponding to MSA columns:
# 49-55
name=unknown_A
#
# <colnr> <probs for GDERKNQSTAVLIFYWHMCP>
#	G	D	E	R	K	N	Q	S	T	A	V	L	I	F	Y	W	H	M	C	P
0	0.08340	0.00822	0.01077	0.00983	0.01220	0.00791	0.04662	0.01638	0.08344	0.17929	0.02493	0.39867	0.02526	0.01226	0.00641	0.00205	0.00433	0.01087	0.00544	0.05171
1	0.01098	0.01089	0.02164	0.01681	0.02024	0.01093	0.36726	0.01444	0.01150	0.01602	0.01370	0.01932	0.01172	0.02455	0.39547	0.00571	0.01273	0.00654	0.00303	0.00650
2	0.43038	0.02052	0.38134	0.01204	0.01810	0.01327	0.01378	0.01775	0.01107	0.02231	0.00925	0.01084	0.00682	0.00546	0.00455	0.00182	0.00652	0.00371	0.00304	0.00743
3	0.00925	0.00661	0.00920	0.01035	0.01169	0.00657	0.00896	0.01193	0.01371	0.01803	0.10795	0.06324	0.03574	0.01562	0.00791	0.00259	0.00508	0.64474	0.00547	0.00537
4	0.01782	0.02069	0.02536	0.01952	0.02410	0.32657	0.36926	0.08996	0.01617	0.01856	0.01083	0.01338	0.00838	0.00555	0.00610	0.00175	0.00976	0.00542	0.00324	0.00759
5	0.01373	0.01569	0.03431	0.02451	0.03039	0.01471	0.73824	0.01863	0.01373	0.01863	0.01176	0.01569	0.00882	0.00490	0.00686	0.00196	0.00980	0.00686	0.00294	0.00784
6	0.01373	0.01569	0.03431	0.02451	0.03039	0.01471	0.73824	0.01863	0.01373	0.01863	0.01176	0.01569	0.00882	0.00490	0.00686	0.00196	0.00980	0.00686	0.00294	0.00784

[dist]
# distance from previous block
# <min> <max>
41	91

[block]
# block no. 1 follows, 40 sequences, length 10
# corresponding to MSA columns:
# 168-177
name=unknown_B
#
# <colnr> <probs for GDERKNQSTAVLIFYWHMCP>
#	G	D	E	R	K	N	Q	S	T	A	V	L	I	F	Y	W	H	M	C	P
0	0.01842	0.01239	0.01428	0.01066	0.01552	0.01160	0.00871	0.27771	0.01845	0.17152	0.01411	0.01426	0.01021	0.00583	0.00515	0.00136	0.00518	0.00456	0.00503	0.37503
1	0.10170	0.01215	0.01325	0.01079	0.01427	0.01301	0.00853	0.32648	0.09121	0.15836	0.01732	0.04999	0.01401	0.13160	0.00942	0.00242	0.00553	0.00622	0.00547	0.00825
2	0.61013	0.01335	0.01005	0.00890	0.01242	0.12505	0.00715	0.01864	0.01161	0.08902	0.01162	0.01242	0.03792	0.00603	0.00418	0.00176	0.00536	0.00385	0.00390	0.00662
3	0.01506	0.01123	0.01305	0.00954	0.01456	0.00945	0.00771	0.13026	0.01493	0.09680	0.01218	0.01314	0.00940	0.00502	0.00470	0.00110	0.00470	0.00397	0.00420	0.61902
4	0.01015	0.00805	0.01001	0.00895	0.01195	0.00682	0.00736	0.01271	0.01330	0.01887	0.13842	0.03887	0.07742	0.01036	0.00620	0.00173	0.00433	0.25653	0.00472	0.35326
5	0.01759	0.01228	0.01406	0.01059	0.01524	0.01165	0.00862	0.29290	0.01878	0.12817	0.05827	0.01573	0.01267	0.00618	0.00525	0.00139	0.00510	0.00488	0.00504	0.35563
6	0.01368	0.38904	0.09706	0.01006	0.01548	0.01562	0.00983	0.01635	0.01196	0.01638	0.00927	0.01078	0.00794	0.00475	0.00416	0.00114	0.00565	0.00337	0.00289	0.35460
7	0.14600	0.01780	0.01337	0.01114	0.01515	0.33062	0.00863	0.01864	0.01358	0.01809	0.00942	0.01099	0.00778	0.00519	0.00459	0.00128	0.00694	0.00352	0.00328	0.35400
8	0.09022	0.01150	0.01280	0.00994	0.01411	0.01124	0.02558	0.21202	0.06044	0.04445	0.01363	0.01472	0.01044	0.00582	0.00481	0.00138	0.00481	0.00455	0.13418	0.31337
9	0.09938	0.01390	0.01247	0.01130	0.04334	0.19230	0.00842	0.03088	0.04440	0.13595	0.05154	0.05039	0.09236	0.00779	0.00546	0.00162	0.00584	0.02580	0.00453	0.16234

[dist]
# distance from previous block
# <min> <max>
3	44

[block]
# block no. 2 follows, 40 sequences, length 16
# corresponding to MSA columns:
# 238-244,246-249,253-257
name=unknown_C
#
# <colnr> <probs for GDERKNQSTAVLIFYWHMCP>
#	G	D	E	R	K	N	Q	S	T	A	V	L	I	F	Y	W	H	M	C	P
0	0.13047	0.01575	0.02593	0.02429	0.22904	0.09014	0.36222	0.01866	0.01333	0.01934	0.01074	0.01393	0.00844	0.00516	0.00593	0.00183	0.00832	0.00556	0.00302	0.00790
1	0.10449	0.01721	0.02784	0.02062	0.02573	0.13942	0.50692	0.05135	0.01437	0.01951	0.01101	0.01408	0.00838	0.00523	0.00620	0.00186	0.00919	0.00587	0.00315	0.00759
2	0.01915	0.01707	0.02409	0.01820	0.02298	0.20155	0.35450	0.02247	0.01522	0.22451	0.01418	0.01553	0.01004	0.00581	0.00618	0.00180	0.00862	0.00580	0.00414	0.00814
3	0.01369	0.01484	0.02718	0.01958	0.02511	0.05313	0.49625	0.01776	0.01341	0.01848	0.01122	0.01440	0.00869	0.00479	0.00607	0.00163	0.00831	0.00575	0.00308	0.23660
4	0.01654	0.01450	0.02189	0.02949	0.55333	0.01499	0.01596	0.21853	0.01716	0.02390	0.01178	0.01427	0.00940	0.00568	0.00577	0.00173	0.00677	0.00520	0.00370	0.00940
5	0.10771	0.02259	0.02058	0.01684	0.02070	0.47957	0.21274	0.02128	0.01500	0.01674	0.00966	0.01182	0.00773	0.00563	0.00552	0.00166	0.00965	0.00455	0.00305	0.00700
6	0.00846	0.00564	0.00634	0.00634	0.00634	0.00564	0.00352	0.00846	0.00846	0.01128	0.01832	0.03805	0.02114	0.79563	0.02960	0.00564	0.00564	0.00846	0.00352	0.00352
7	0.83671	0.01125	0.00855	0.00765	0.01125	0.01305	0.00630	0.01709	0.00990	0.02609	0.00810	0.00945	0.00630	0.00540	0.00360	0.00180	0.00450	0.00315	0.00360	0.00630
8	0.60753	0.01099	0.00952	0.00792	0.01195	0.01157	0.00646	0.01641	0.01050	0.02411	0.00872	0.01017	0.00694	0.00509	0.00380	0.00154	0.00445	0.00323	0.00356	0.23554
9	0.00687	0.00589	0.00589	0.00589	0.00785	0.00491	0.00442	0.00835	0.01325	0.01571	0.05891	0.05596	0.75700	0.01473	0.00687	0.00196	0.00295	0.01227	0.00540	0.00491
10	0.01132	0.01068	0.01806	0.70690	0.11213	0.01301	0.01632	0.01516	0.01179	0.01527	0.01040	0.01539	0.00790	0.00575	0.00581	0.00192	0.00767	0.00517	0.00261	0.00674
11	0.00846	0.00564	0.00634	0.00634	0.00634	0.00564	0.00352	0.00846	0.00846	0.01128	0.01832	0.03805	0.02114	0.79563	0.02960	0.00564	0.00564	0.00846	0.00352	0.00352
12	0.02172	0.02772	0.01648	0.01498	0.01798	0.77228	0.01124	0.02322	0.01648	0.01423	0.00899	0.01049	0.00749	0.00599	0.00524	0.00150	0.01049	0.00375	0.00300	0.00674
13	0.00703	0.00529	0.00651	0.00748	0.00827	0.00477	0.00513	0.00817	0.01172	0.01509	0.03952	0.58733	0.23815	0.01725	0.00727	0.00225	0.00325	0.01535	0.00540	0.00477
14	0.02178	0.02611	0.01662	0.01476	0.01799	0.66619	0.01121	0.12404	0.01801	0.01739	0.00969	0.01098	0.00783	0.00613	0.00532	0.00153	0.00991	0.00395	0.00339	0.00718
15	0.01148	0.01122	0.02104	0.02144	0.22472	0.01076	0.26463	0.01449	0.01254	0.01721	0.01867	0.28089	0.01944	0.03462	0.00747	0.00215	0.00667	0.00975	0.00378	0.00702

[dist]
# distance from previous block
# <min> <max>
7	10

[block]
# block no. 3 follows, 40 sequences, length 12
# corresponding to MSA columns:
# 269-280
name=unknown_D
#
# <colnr> <probs for GDERKNQSTAVLIFYWHMCP>
#	G	D	E	R	K	N	Q	S	T	A	V	L	I	F	Y	W	H	M	C	P
0	0.01480	0.01191	0.01315	0.00970	0.01466	0.03929	0.00780	0.12807	0.01486	0.06423	0.01157	0.01274	0.00910	0.00495	0.00467	0.00108	0.00491	0.00387	0.00401	0.62463
1	0.02172	0.02772	0.01648	0.01498	0.01798	0.77228	0.01124	0.02322	0.01648	0.01423	0.00899	0.01049	0.00749	0.00599	0.00524	0.00150	0.01049	0.00375	0.00300	0.00674
2	0.01206	0.01034	0.01206	0.00861	0.01378	0.00775	0.00689	0.01464	0.01206	0.01895	0.01034	0.01206	0.00861	0.00431	0.00431	0.00086	0.00431	0.00345	0.00345	0.83118
3	0.00709	0.00506	0.00675	0.00810	0.00843	0.00472	0.00540	0.00810	0.01113	0.01484	0.03205	0.79184	0.03846	0.01822	0.00742	0.00236	0.00337	0.01653	0.00540	0.00472
4	0.01601	0.01405	0.02882	0.02081	0.02620	0.01302	0.55469	0.02027	0.01445	0.17173	0.04835	0.01781	0.01209	0.00569	0.00665	0.00192	0.00848	0.00682	0.00397	0.00816
5	0.01469	0.01699	0.02821	0.02112	0.02568	0.14942	0.50697	0.01847	0.01367	0.01725	0.01207	0.05814	0.01015	0.00628	0.00762	0.00195	0.07420	0.00670	0.00306	0.00735
6	0.01859	0.01473	0.02550	0.01866	0.02388	0.03837	0.40161	0.14978	0.01698	0.20888	0.01488	0.01624	0.01037	0.00588	0.00637	0.00187	0.00800	0.00622	0.00453	0.00869
7	0.01618	0.01563	0.02412	0.01821	0.02283	0.07610	0.35672	0.22451	0.06414	0.02342	0.01483	0.08827	0.01238	0.00703	0.00643	0.00190	0.00795	0.00704	0.00419	0.00813
8	0.06595	0.01664	0.02663	0.01970	0.02473	0.11392	0.44954	0.10165	0.01519	0.02048	0.01123	0.01412	0.00857	0.00541	0.00649	0.00181	0.02889	0.00578	0.00334	0.05994
9	0.17134	0.01086	0.01561	0.01246	0.01602	0.03171	0.20370	0.01430	0.01247	0.01886	0.02490	0.07190	0.19951	0.00900	0.00627	0.00187	0.02299	0.05118	0.00403	0.10101
10	0.08715	0.01376	0.01985	0.01608	0.01889	0.08527	0.22852	0.01704	0.05873	0.01762	0.01515	0.03869	0.03977	0.00865	0.00991	0.00216	0.22431	0.08810	0.00351	0.00681
11	0.06824	0.01520	0.01978	0.01532	0.01933	0.16867	0.23783	0.02065	0.01407	0.20452	0.01419	0.01713	0.01090	0.08039	0.00855	0.00214	0.03533	0.00570	0.00412	0.03792

[dist]
# distance from previous block
# <min> <max>
18	50

[block]
# block no. 4 follows, 40 sequences, length 10
# corresponding to MSA columns:
# 336-345
name=unknown_E
#
# <colnr> <probs for GDERKNQSTAVLIFYWHMCP>
#	G	D	E	R	K	N	Q	S	T	A	V	L	I	F	Y	W	H	M	C	P
0	0.30802	0.02134	0.01374	0.01232	0.01562	0.46634	0.00949	0.05837	0.01473	0.01956	0.00893	0.01030	0.00720	0.00584	0.00470	0.00162	0.00817	0.00361	0.00335	0.00675
1	0.01474	0.01465	0.02380	0.03401	0.68152	0.05392	0.05572	0.01817	0.01344	0.01873	0.01088	0.01426	0.00910	0.00521	0.00579	0.00173	0.00725	0.00519	0.00289	0.00901
2	0.01439	0.01382	0.02360	0.03569	0.75936	0.01382	0.01785	0.01785	0.01324	0.01900	0.01094	0.01439	0.00921	0.00518	0.00576	0.00173	0.00691	0.00518	0.00288	0.00921
3	0.01439	0.01382	0.02360	0.03569	0.75936	0.01382	0.01785	0.01785	0.01324	0.01900	0.01094	0.01439	0.00921	0.00518	0.00576	0.00173	0.00691	0.00518	0.00288	0.00921
4	0.01098	0.01034	0.01744	0.78165	0.04005	0.01292	0.01615	0.01486	0.01163	0.01486	0.01034	0.01550	0.00775	0.00581	0.00581	0.00194	0.00775	0.00517	0.00258	0.00646
5	0.01439	0.01382	0.02360	0.03569	0.75936	0.01382	0.01785	0.01785	0.01324	0.01900	0.01094	0.01439	0.00921	0.00518	0.00576	0.00173	0.00691	0.00518	0.00288	0.00921
6	0.01175	0.01112	0.01884	0.61294	0.20273	0.01312	0.01653	0.01553	0.01199	0.01579	0.01047	0.01525	0.00808	0.00567	0.00580	0.00189	0.00756	0.00517	0.00265	0.00708
7	0.02108	0.02650	0.01710	0.01679	0.08290	0.70587	0.01181	0.02275	0.01620	0.01465	0.00916	0.01083	0.00764	0.00592	0.00529	0.00152	0.01017	0.00387	0.00299	0.00696
8	0.01801	0.02068	0.02008	0.02546	0.39300	0.38862	0.01458	0.02050	0.01484	0.01664	0.00997	0.01246	0.00836	0.00558	0.00550	0.00161	0.00868	0.00447	0.00294	0.00799
9	0.01788	0.02044	0.02021	0.02583	0.40633	0.37498	0.01470	0.02041	0.01478	0.01673	0.01001	0.01253	0.00839	0.00557	0.00551	0.00162	0.00861	0.00450	0.00293	0.00804

[dist]
# distance from previous block
# <min> <max>
33	63

[block]
# block no. 5 follows, 40 sequences, length 14
# corresponding to MSA columns:
# 418-431
name=unknown_F
#
# <colnr> <probs for GDERKNQSTAVLIFYWHMCP>
#	G	D	E	R	K	N	Q	S	T	A	V	L	I	F	Y	W	H	M	C	P
0	0.12975	0.01529	0.01311	0.01135	0.01494	0.18296	0.00884	0.05040	0.30135	0.04053	0.03587	0.01624	0.01307	0.00662	0.00521	0.00165	0.00589	0.00502	0.00460	0.13731
1	0.01229	0.00874	0.01033	0.00807	0.01196	0.00694	0.00638	0.01460	0.01347	0.11793	0.11194	0.02684	0.18553	0.00797	0.00540	0.00135	0.00390	0.00662	0.00474	0.43500
2	0.01555	0.79913	0.03047	0.00995	0.01493	0.02301	0.00995	0.01741	0.01182	0.01368	0.00808	0.00933	0.00746	0.00498	0.00373	0.00124	0.00622	0.00311	0.00249	0.00746
3	0.00734	0.00525	0.00700	0.00810	0.00862	0.00491	0.00557	0.00866	0.01196	0.01612	0.13209	0.65888	0.04053	0.01726	0.00737	0.00230	0.00337	0.04431	0.00554	0.00485
4	0.01983	0.01503	0.01621	0.01254	0.01711	0.01620	0.01026	0.55771	0.10869	0.03278	0.01458	0.01459	0.01062	0.00672	0.00562	0.00165	0.00590	0.00514	0.00550	0.12331
5	0.01439	0.01382	0.02360	0.03569	0.75936	0.01382	0.01785	0.01785	0.01324	0.01900	0.01094	0.01439	0.00921	0.00518	0.00576	0.00173	0.00691	0.00518	0.00288	0.00921
6	0.01137	0.00961	0.01132	0.00854	0.01304	0.00733	0.00668	0.01374	0.01193	0.01838	0.01334	0.11982	0.01274	0.00623	0.00474	0.00107	0.00418	0.00525	0.00372	0.71697
7	0.01206	0.01034	0.01206	0.00861	0.01378	0.00775	0.00689	0.01464	0.01206	0.01895	0.01034	0.01206	0.00861	0.00431	0.00431	0.00086	0.00431	0.00345	0.00345	0.83118
8	0.01206	0.01034	0.01206	0.00861	0.01378	0.00775	0.00689	0.01464	0.01206	0.01895	0.01034	0.01206	0.00861	0.00431	0.00431	0.00086	0.00431	0.00345	0.00345	0.83118
9	0.01206	0.01034	0.01206	0.00861	0.01378	0.00775	0.00689	0.01464	0.01206	0.01895	0.01034	0.01206	0.00861	0.00431	0.00431	0.00086	0.00431	0.00345	0.00345	0.83118
10	0.00963	0.00603	0.00737	0.00761	0.00911	0.00532	0.00548	0.01098	0.01266	0.11860	0.04051	0.41899	0.29502	0.01543	0.00701	0.00214	0.00344	0.01351	0.00565	0.00551
11	0.14845	0.01009	0.01119	0.00880	0.01314	0.00875	0.00709	0.01589	0.04277	0.05279	0.01340	0.04590	0.01181	0.00615	0.00472	0.00129	0.00442	0.05642	0.00395	0.53298
12	0.04462	0.01127	0.01446	0.01260	0.04278	0.06409	0.10310	0.10135	0.03618	0.07698	0.12056	0.20992	0.02309	0.00969	0.00620	0.00183	0.00543	0.00865	0.00486	0.10234
13	0.05074	0.00955	0.01101	0.00944	0.01220	0.03752	0.00746	0.11410	0.03723	0.16642	0.25580	0.02781	0.06310	0.01440	0.12317	0.00292	0.00612	0.00737	0.00555	0.03809

[dist]
# distance from previous block
# <min> <max>
26	65

[block]
# block no. 6 follows, 40 sequences, length 67
# corresponding to MSA columns:
# 509-575
name=unknown_G
#
# <colnr> <probs for GDERKNQSTAVLIFYWHMCP>
#	G	D	E	R	K	N	Q	S	T	A	V	L	I	F	Y	W	H	M	C	P
0	0.01656	0.01256	0.01413	0.01060	0.01544	0.01186	0.00861	0.27463	0.06247	0.06707	0.01314	0.01375	0.00994	0.00564	0.00503	0.00130	0.00511	0.00441	0.00465	0.44311
1	0.01990	0.02289	0.01571	0.01405	0.01725	0.51685	0.01070	0.08435	0.20405	0.01866	0.01314	0.01363	0.01030	0.00656	0.00546	0.00164	0.00865	0.00459	0.00397	0.00763
2	0.01549	0.75528	0.02951	0.01006	0.01494	0.02253	0.00991	0.01816	0.05290	0.01427	0.00895	0.01002	0.00804	0.00514	0.00385	0.00128	0.00613	0.00330	0.00268	0.00756
3	0.02091	0.25761	0.02028	0.01144	0.01611	0.01688	0.00997	0.29887	0.04262	0.22726	0.01489	0.01436	0.01061	0.00645	0.00518	0.00161	0.00589	0.00478	0.00516	0.00912
4	0.01010	0.00505	0.00758	0.00758	0.00758	0.00505	0.00505	0.00758	0.00758	0.01010	0.01010	0.01768	0.01010	0.02020	0.02273	0.83081	0.00505	0.00505	0.00253	0.00253
5	0.01262	0.01067	0.01236	0.00888	0.01402	0.00833	0.00712	0.05507	0.01291	0.01994	0.01054	0.01216	0.00868	0.00446	0.00439	0.00091	0.00442	0.00355	0.00358	0.78540
6	0.01419	0.36908	0.23148	0.01560	0.02174	0.03839	0.19877	0.01815	0.01255	0.01625	0.00969	0.01178	0.00778	0.00513	0.00506	0.00160	0.00789	0.00441	0.00261	0.00785
7	0.02276	0.01524	0.01680	0.01288	0.01751	0.01647	0.01064	0.62268	0.02558	0.15642	0.01544	0.01492	0.01063	0.00702	0.00582	0.00175	0.00616	0.00534	0.00604	0.00989
8	0.00709	0.00506	0.00675	0.00810	0.00843	0.00472	0.00540	0.00810	0.01113	0.01484	0.03205	0.79184	0.03846	0.01822	0.00742	0.00236	0.00337	0.01653	0.00540	0.00472
9	0.02172	0.02772	0.01648	0.01498	0.01798	0.77228	0.01124	0.02322	0.01648	0.01423	0.00899	0.01049	0.00749	0.00599	0.00524	0.00150	0.01049	0.00375	0.00300	0.00674
10	0.01808	0.05709	0.04794	0.01835	0.02285	0.36369	0.29125	0.07714	0.01593	0.01779	0.01045	0.01276	0.00819	0.00559	0.00585	0.00169	0.00965	0.00505	0.00316	0.00750
11	0.00835	0.00608	0.00858	0.00858	0.00935	0.00685	0.00631	0.00989	0.00912	0.01293	0.01628	0.02672	0.01622	0.23530	0.58320	0.00840	0.01304	0.00680	0.00322	0.00477
12	0.00823	0.00594	0.00777	0.00732	0.00869	0.00549	0.00549	0.01097	0.01646	0.02332	0.75629	0.04344	0.05487	0.01189	0.00686	0.00183	0.00274	0.01052	0.00640	0.00549
13	0.02488	0.01051	0.01432	0.01102	0.01550	0.00949	0.03197	0.06029	0.05694	0.66654	0.02222	0.01950	0.01420	0.00715	0.00588	0.00181	0.00515	0.00589	0.00693	0.00979
14	0.01098	0.01034	0.01744	0.78165	0.04005	0.01292	0.01615	0.01486	0.01163	0.01486	0.01034	0.01550	0.00775	0.00581	0.00581	0.00194	0.00775	0.00517	0.00258	0.00646
15	0.01084	0.00542	0.00542	0.00542	0.00678	0.00542	0.00407	0.01355	0.01220	0.02168	0.01897	0.02168	0.01491	0.00678	0.00407	0.00136	0.00271	0.00542	0.82791	0.00542
16	0.00831	0.00623	0.00935	0.00935	0.01038	0.00727	0.00727	0.01038	0.00935	0.01350	0.01558	0.02285	0.01454	0.04361	0.77259	0.00935	0.01558	0.00623	0.00312	0.00519
17	0.02421	0.01292	0.01536	0.01178	0.01635	0.01303	0.00973	0.36455	0.02170	0.42003	0.01870	0.01704	0.01227	0.00710	0.00583	0.00177	0.00563	0.00556	0.00655	0.00989
18	0.01439	0.01382	0.02360	0.03569	0.75936	0.01382	0.01785	0.01785	0.01324	0.01900	0.01094	0.01439	0.00921	0.00518	0.00576	0.00173	0.00691	0.00518	0.00288	0.00921
19	0.01084	0.00542	0.00542	0.00542	0.00678	0.00542	0.00407	0.01355	0.01220	0.02168	0.01897	0.02168	0.01491	0.00678	0.00407	0.00136	0.00271	0.00542	0.82791	0.00542
20	0.01842	0.01846	0.01714	0.01898	0.20590	0.30692	0.01213	0.02434	0.20427	0.09346	0.01467	0.01531	0.01127	0.00640	0.00561	0.00171	0.00750	0.00505	0.00414	0.00832
21	0.01446	0.01249	0.01315	0.01183	0.01512	0.01446	0.00920	0.03090	0.74885	0.02433	0.02367	0.02170	0.01775	0.00789	0.00592	0.00197	0.00460	0.00657	0.00592	0.00920
22	0.01555	0.79913	0.03047	0.00995	0.01493	0.02301	0.00995	0.01741	0.01182	0.01368	0.00808	0.00933	0.00746	0.00498	0.00373	0.00124	0.00622	0.00311	0.00249	0.00746
23	0.00743	0.00521	0.00664	0.00765	0.00790	0.00496	0.00492	0.00819	0.01045	0.01394	0.02855	0.59970	0.03405	0.21638	0.01307	0.00320	0.00395	0.01447	0.00492	0.00442
24	0.01555	0.79913	0.03047	0.00995	0.01493	0.02301	0.00995	0.01741	0.01182	0.01368	0.00808	0.00933	0.00746	0.00498	0.00373	0.00124	0.00622	0.00311	0.00249	0.00746
25	0.01439	0.01382	0.02360	0.03569	0.75936	0.01382	0.01785	0.01785	0.01324	0.01900	0.01094	0.01439	0.00921	0.00518	0.00576	0.00173	0.00691	0.00518	0.00288	0.00921
26	0.01555	0.79913	0.03047	0.00995	0.01493	0.02301	0.00995	0.01741	0.01182	0.01368	0.00808	0.00933	0.00746	0.00498	0.00373	0.00124	0.00622	0.00311	0.00249	0.00746
27	0.01373	0.01569	0.03431	0.02451	0.03039	0.01471	0.73824	0.01863	0.01373	0.01863	0.01176	0.01569	0.00882	0.00490	0.00686	0.00196	0.00980	0.00686	0.00294	0.00784
28	0.00695	0.00589	0.00599	0.00597	0.00790	0.00494	0.00448	0.00849	0.01343	0.01612	0.09655	0.05529	0.71910	0.01457	0.00687	0.00196	0.00293	0.01218	0.00545	0.00494
29	0.01533	0.75626	0.07145	0.01032	0.01550	0.02248	0.01059	0.01747	0.01184	0.01395	0.00822	0.00949	0.00746	0.00501	0.00383	0.00128	0.00635	0.00318	0.00249	0.00753
30	0.00687	0.00589	0.00589	0.00589	0.00785	0.00491	0.00442	0.00835	0.01325	0.01571	0.05891	0.05596	0.75700	0.01473	0.00687	0.00196	0.00295	0.01227	0.00540	0.00491
31	0.01084	0.00542	0.00542	0.00542	0.00678	0.00542	0.00407	0.01355	0.01220	0.02168	0.01897	0.02168	0.01491	0.00678	0.00407	0.00136	0.00271	0.00542	0.82791	0.00542
32	0.00709	0.00506	0.00675	0.00810	0.00843	0.00472	0.00540	0.00810	0.01113	0.01484	0.03205	0.79184	0.03846	0.01822	0.00742	0.00236	0.00337	0.01653	0.00540	0.00472
33	0.01439	0.01382	0.02360	0.03569	0.75936	0.01382	0.01785	0.01785	0.01324	0.01900	0.01094	0.01439	0.00921	0.00518	0.00576	0.00173	0.00691	0.00518	0.00288	0.00921
34	0.83671	0.01125	0.00855	0.00765	0.01125	0.01305	0.00630	0.01709	0.00990	0.02609	0.00810	0.00945	0.00630	0.00540	0.00360	0.00180	0.00450	0.00315	0.00360	0.00630
35	0.01352	0.01293	0.02203	0.22584	0.57601	0.01359	0.01741	0.01708	0.01283	0.01794	0.01078	0.01468	0.00884	0.00534	0.00577	0.00178	0.00712	0.00518	0.00280	0.00851
36	0.00687	0.00589	0.00589	0.00589	0.00785	0.00491	0.00442	0.00835	0.01325	0.01571	0.05891	0.05596	0.75700	0.01473	0.00687	0.00196	0.00295	0.01227	0.00540	0.00491
37	0.00938	0.00776	0.00854	0.00851	0.01067	0.00775	0.00677	0.01494	0.20079	0.01829	0.04348	0.04944	0.40265	0.01329	0.00690	0.00213	0.00392	0.17316	0.00552	0.00611
38	0.04760	0.00979	0.01316	0.01021	0.01455	0.00855	0.00839	0.02743	0.01629	0.72080	0.02281	0.04271	0.01490	0.00748	0.00583	0.00182	0.00489	0.00610	0.00705	0.00964
39	0.02609	0.00990	0.01350	0.01035	0.01484	0.00855	0.00855	0.02834	0.01664	0.76338	0.02294	0.01979	0.01439	0.00720	0.00585	0.00180	0.00495	0.00585	0.00720	0.00990
40	0.02609	0.00990	0.01350	0.01035	0.01484	0.00855	0.00855	0.02834	0.01664	0.76338	0.02294	0.01979	0.01439	0.00720	0.00585	0.00180	0.00495	0.00585	0.00720	0.00990
41	0.02174	0.02708	0.01653	0.01489	0.01798	0.73024	0.01123	0.06317	0.01708	0.01548	0.00927	0.01068	0.00762	0.00605	0.00528	0.00151	0.01026	0.00383	0.00315	0.00692
42	0.01185	0.01122	0.01901	0.59151	0.22340	0.01315	0.01658	0.01562	0.01204	0.01591	0.01049	0.01522	0.00812	0.00565	0.00580	0.00188	0.00754	0.00517	0.00266	0.00716
43	0.22946	0.02352	0.01446	0.01311	0.01626	0.57876	0.00998	0.02166	0.01480	0.01725	0.00876	0.01022	0.00719	0.00584	0.00482	0.00157	0.00896	0.00359	0.00315	0.00663
44	0.01166	0.03008	0.76550	0.01657	0.02517	0.01351	0.02149	0.01842	0.01228	0.01842	0.01044	0.01228	0.00737	0.00552	0.00552	0.00184	0.00859	0.00430	0.00246	0.00859
45	0.00709	0.00506	0.00675	0.00810	0.00843	0.00472	0.00540	0.00810	0.01113	0.01484	0.03205	0.79184	0.03846	0.01822	0.00742	0.00236	0.00337	0.01653	0.00540	0.00472
46	0.01010	0.00505	0.00758	0.00758	0.00758	0.00505	0.00505	0.00758	0.00758	0.01010	0.01010	0.01768	0.01010	0.02020	0.02273	0.83081	0.00505	0.00505	0.00253	0.00253
47	0.01446	0.01249	0.01315	0.01183	0.01512	0.01446	0.00920	0.03090	0.74885	0.02433	0.02367	0.02170	0.01775	0.00789	0.00592	0.00197	0.00460	0.00657	0.00592	0.00920
48	0.01185	0.01122	0.01901	0.59151	0.22340	0.01315	0.01658	0.01562	0.01204	0.01591	0.01049	0.01522	0.00812	0.00565	0.00580	0.00188	0.00754	0.00517	0.00266	0.00716
49	0.01555	0.79913	0.03047	0.00995	0.01493	0.02301	0.00995	0.01741	0.01182	0.01368	0.00808	0.00933	0.00746	0.00498	0.00373	0.00124	0.00622	0.00311	0.00249	0.00746
50	0.01010	0.00505	0.00758	0.00758	0.00758	0.00505	0.00505	0.00758	0.00758	0.01010	0.01010	0.01768	0.01010	0.02020	0.02273	0.83081	0.00505	0.00505	0.00253	0.00253
51	0.01555	0.79913	0.03047	0.00995	0.01493	0.02301	0.00995	0.01741	0.01182	0.01368	0.00808	0.00933	0.00746	0.00498	0.00373	0.00124	0.00622	0.00311	0.00249	0.00746
52	0.02174	0.02720	0.01652	0.01491	0.01798	0.73824	0.01123	0.05557	0.01697	0.01524	0.00921	0.01064	0.00760	0.00604	0.00527	0.00151	0.01030	0.00381	0.00312	0.00688
53	0.01166	0.03008	0.76550	0.01657	0.02517	0.01351	0.02149	0.01842	0.01228	0.01842	0.01044	0.01228	0.00737	0.00552	0.00552	0.00184	0.00859	0.00430	0.00246	0.00859
54	0.01195	0.01021	0.01194	0.00858	0.01363	0.00769	0.00685	0.01454	0.01219	0.01908	0.03181	0.01296	0.00995	0.00452	0.00438	0.00089	0.00426	0.00365	0.00353	0.80741
55	0.00852	0.00621	0.00824	0.00885	0.01017	0.00593	0.00720	0.01095	0.01419	0.01897	0.27549	0.12418	0.11499	0.01473	0.00747	0.00229	0.00406	0.34655	0.00571	0.00530
56	0.01206	0.01034	0.01206	0.00861	0.01378	0.00775	0.00689	0.01464	0.01206	0.01895	0.01034	0.01206	0.00861	0.00431	0.00431	0.00086	0.00431	0.00345	0.00345	0.83118
57	0.01850	0.01449	0.01542	0.01265	0.01666	0.01635	0.01018	0.40496	0.36822	0.03083	0.01855	0.01762	0.01360	0.00741	0.00586	0.00185	0.00555	0.00587	0.00586	0.00957
58	0.00823	0.00594	0.00777	0.00732	0.00869	0.00549	0.00549	0.01097	0.01646	0.02332	0.75629	0.04344	0.05487	0.01189	0.00686	0.00183	0.00274	0.01052	0.00640	0.00549
59	0.01177	0.01123	0.01559	0.01361	0.01371	0.01530	0.01108	0.01297	0.00890	0.01362	0.00971	0.01676	0.00994	0.10734	0.09593	0.00360	0.61473	0.00561	0.00272	0.00591
60	0.02211	0.01629	0.01745	0.01338	0.01803	0.01803	0.01105	0.73997	0.02734	0.03665	0.01396	0.01396	0.00989	0.00698	0.00582	0.00175	0.00640	0.00524	0.00582	0.00989
61	0.01166	0.03008	0.76550	0.01657	0.02517	0.01351	0.02149	0.01842	0.01228	0.01842	0.01044	0.01228	0.00737	0.00552	0.00552	0.00184	0.00859	0.00430	0.00246	0.00859
62	0.01098	0.01034	0.01744	0.78165	0.04005	0.01292	0.01615	0.01486	0.01163	0.01486	0.01034	0.01550	0.00775	0.00581	0.00581	0.00194	0.00775	0.00517	0.00258	0.00646
63	0.01900	0.39137	0.02296	0.01240	0.01639	0.38381	0.01051	0.02071	0.01428	0.04779	0.00919	0.01036	0.00779	0.00557	0.00456	0.00139	0.00822	0.00354	0.00295	0.00722
64	0.33812	0.01684	0.01678	0.01364	0.01761	0.23152	0.16152	0.02052	0.03536	0.08178	0.01081	0.01227	0.00818	0.00569	0.00501	0.00175	0.00737	0.00442	0.00365	0.00713
65	0.00871	0.00831	0.01331	0.01091	0.01370	0.00742	0.19161	0.01108	0.01335	0.01677	0.08078	0.11288	0.46344	0.01240	0.00692	0.00199	0.00472	0.01119	0.00483	0.00567
66	0.01424	0.27872	0.12414	0.01257	0.01718	0.07584	0.08409	0.08319	0.01451	0.01868	0.10919	0.05233	0.01618	0.00708	0.00533	0.00161	0.00656	0.02472	0.00365	0.05020

[dist]
# distance from previous block
# <min> <max>
0	1

[block]
# block no. 7 follows, 40 sequences, length 11
# corresponding to MSA columns:
# 577-587
name=unknown_H
#
# <colnr> <probs for GDERKNQSTAVLIFYWHMCP>
#	G	D	E	R	K	N	Q	S	T	A	V	L	I	F	Y	W	H	M	C	P
0	0.01039	0.00924	0.01558	0.01770	0.21632	0.00886	0.11286	0.01317	0.01378	0.01922	0.25473	0.23070	0.03152	0.01075	0.00671	0.00196	0.00505	0.01014	0.00468	0.00663
1	0.00709	0.00506	0.00675	0.00810	0.00843	0.00472	0.00540	0.00810	0.01113	0.01484	0.03205	0.79184	0.03846	0.01822	0.00742	0.00236	0.00337	0.01653	0.00540	0.00472
2	0.01498	0.01383	0.01633	0.01300	0.01635	0.09687	0.07996	0.16651	0.01492	0.02035	0.01147	0.01492	0.00972	0.04322	0.08552	0.00257	0.14437	0.00496	0.00365	0.22650
3	0.02050	0.02287	0.01729	0.01715	0.11027	0.52156	0.01196	0.06188	0.01613	0.07352	0.01048	0.01205	0.00838	0.00635	0.00641	0.00164	0.06644	0.00427	0.00343	0.00744
4	0.01196	0.00968	0.01577	0.01269	0.01592	0.00901	0.19429	0.01600	0.07630	0.08727	0.17306	0.14484	0.07557	0.00994	0.00658	0.00191	0.00530	0.04235	0.00499	0.08658
5	0.04346	0.01559	0.01472	0.04277	0.06296	0.18624	0.01048	0.07180	0.30621	0.04377	0.03287	0.01958	0.01442	0.00755	0.00630	0.00185	0.03901	0.04290	0.00466	0.03287
6	0.01641	0.01549	0.01937	0.01451	0.01942	0.11322	0.18261	0.20970	0.01711	0.02296	0.01146	0.01322	0.00885	0.00538	0.00544	0.00144	0.00699	0.00477	0.00390	0.30775
7	0.07249	0.01499	0.01690	0.01555	0.12220	0.09195	0.04863	0.25619	0.03850	0.02493	0.01178	0.01314	0.00912	0.00569	0.00524	0.00149	0.00631	0.00456	0.00416	0.23617
8	0.01270	0.01234	0.02183	0.01626	0.02056	0.01176	0.33921	0.06069	0.04566	0.02087	0.17867	0.02128	0.01949	0.00685	0.00685	0.00175	0.04125	0.00689	0.00409	0.15098
9	0.01100	0.01030	0.01658	0.01315	0.01640	0.00969	0.18814	0.01352	0.01182	0.01703	0.01712	0.25511	0.01782	0.00945	0.00760	0.00179	0.09482	0.00854	0.00382	0.27630
10	0.19871	0.01487	0.06135	0.01800	0.02270	0.01457	0.38007	0.06231	0.01320	0.05235	0.01101	0.01385	0.00835	0.00587	0.00736	0.00197	0.09695	0.00556	0.00337	0.00758

[dist]
# distance from previous block
# <min> <max>
12	50

[block]
# block no. 8 follows, 40 sequences, length 6
# corresponding to MSA columns:
# 649-654
name=unknown_I
#
# <colnr> <probs for GDERKNQSTAVLIFYWHMCP>
#	G	D	E	R	K	N	Q	S	T	A	V	L	I	F	Y	W	H	M	C	P
0	0.01417	0.01380	0.02450	0.01815	0.02246	0.01401	0.36267	0.06098	0.01327	0.04798	0.01114	0.01438	0.00880	0.00617	0.00898	0.00186	0.18047	0.00567	0.00329	0.16724
1	0.00994	0.00751	0.00931	0.00843	0.00995	0.00733	0.03512	0.08511	0.01203	0.01613	0.02423	0.15697	0.11549	0.33821	0.06890	0.00395	0.00575	0.00931	0.00425	0.07209
2	0.16908	0.01154	0.01542	0.02067	0.35772	0.04067	0.01127	0.01611	0.01197	0.05138	0.01441	0.01979	0.04026	0.15010	0.00966	0.00244	0.00594	0.00565	0.03871	0.00723
3	0.24317	0.01607	0.02097	0.01619	0.02048	0.14761	0.28545	0.05628	0.01382	0.07201	0.01095	0.01310	0.00827	0.00575	0.00615	0.00184	0.04591	0.00505	0.00355	0.00740
4	0.20220	0.01464	0.01830	0.05969	0.40032	0.10387	0.01362	0.04887	0.01355	0.05717	0.01075	0.01311	0.00856	0.00553	0.00522	0.00173	0.00671	0.00458	0.00338	0.00819
5	0.15005	0.01309	0.01980	0.02146	0.27310	0.03032	0.13240	0.04252	0.01310	0.05197	0.05237	0.01616	0.02783	0.00649	0.00721	0.00186	0.09927	0.00551	0.00352	0.03196

[dist]
# distance from previous block
# <min> <max>
8	30

[block]
# block no. 9 follows, 40 sequences, length 15
# corresponding to MSA columns:
# 687-701
name=unknown_J
#
# <colnr> <probs for GDERKNQSTAVLIFYWHMCP>
#	G	D	E	R	K	N	Q	S	T	A	V	L	I	F	Y	W	H	M	C	P
0	0.07098	0.01431	0.01795	0.01963	0.25276	0.01534	0.01245	0.35773	0.08273	0.04844	0.01528	0.01611	0.03657	0.00666	0.00570	0.00177	0.00612	0.00546	0.00477	0.00921
1	0.01875	0.01428	0.01600	0.01279	0.01665	0.05102	0.05655	0.45567	0.06202	0.05375	0.01668	0.07462	0.01353	0.00793	0.00588	0.00180	0.00608	0.02634	0.08103	0.00865
2	0.01178	0.01132	0.01966	0.59595	0.17153	0.01320	0.06292	0.01565	0.01206	0.01586	0.01054	0.01531	0.00809	0.00564	0.00587	0.00190	0.00773	0.00528	0.00266	0.00705
3	0.01174	0.20357	0.01578	0.01012	0.01268	0.06963	0.00843	0.01371	0.01083	0.01430	0.01267	0.03885	0.01189	0.02416	0.37345	0.00521	0.05326	0.00519	0.00302	0.10150
4	0.02211	0.01629	0.01745	0.01338	0.01803	0.01803	0.01105	0.73997	0.02734	0.03665	0.01396	0.01396	0.00989	0.00698	0.00582	0.00175	0.00640	0.00524	0.00582	0.00989
5	0.01098	0.01034	0.01744	0.78165	0.04005	0.01292	0.01615	0.01486	0.01163	0.01486	0.01034	0.01550	0.00775	0.00581	0.00581	0.00194	0.00775	0.00517	0.00258	0.00646
6	0.02211	0.01629	0.01745	0.01338	0.01803	0.01803	0.01105	0.73997	0.02734	0.03665	0.01396	0.01396	0.00989	0.00698	0.00582	0.00175	0.00640	0.00524	0.00582	0.00989
7	0.01098	0.01034	0.01744	0.78165	0.04005	0.01292	0.01615	0.01486	0.01163	0.01486	0.01034	0.01550	0.00775	0.00581	0.00581	0.00194	0.00775	0.00517	0.00258	0.00646
8	0.02211	0.01629	0.01745	0.01338	0.01803	0.01803	0.01105	0.73997	0.02734	0.03665	0.01396	0.01396	0.00989	0.00698	0.00582	0.00175	0.00640	0.00524	0.00582	0.00989
9	0.01098	0.01034	0.01744	0.78165	0.04005	0.01292	0.01615	0.01486	0.01163	0.01486	0.01034	0.01550	0.00775	0.00581	0.00581	0.00194	0.00775	0.00517	0.00258	0.00646
10	0.02211	0.01629	0.01745	0.01338	0.01803	0.01803	0.01105	0.73997	0.02734	0.03665	0.01396	0.01396	0.00989	0.00698	0.00582	0.00175	0.00640	0.00524	0.00582	0.00989
11	0.01209	0.01045	0.01234	0.00894	0.01385	0.00825	0.00718	0.01461	0.01190	0.01871	0.01020	0.01209	0.00857	0.00460	0.00503	0.00094	0.04276	0.00353	0.00340	0.79055
12	0.01988	0.01497	0.01792	0.01384	0.01839	0.01614	0.08126	0.47897	0.14683	0.07727	0.01581	0.01573	0.01135	0.00685	0.00588	0.00178	0.00626	0.00559	0.00555	0.03973
13	0.01802	0.01436	0.01806	0.18605	0.13092	0.01605	0.01305	0.42724	0.06996	0.02844	0.01337	0.01488	0.00984	0.00652	0.00581	0.00180	0.00665	0.00530	0.00468	0.00899
14	0.01632	0.01380	0.01397	0.01198	0.01496	0.11493	0.00953	0.31355	0.08319	0.02406	0.01475	0.01744	0.01197	0.02036	0.28687	0.00452	0.01015	0.00552	0.00446	0.00768

[dist]
# distance from previous block
# <min> <max>
4	35

[block]
# block no. 10 follows, 40 sequences, length 6
# corresponding to MSA columns:
# 738-743
name=unknown_K
#
# <colnr> <probs for GDERKNQSTAVLIFYWHMCP>
#	G	D	E	R	K	N	Q	S	T	A	V	L	I	F	Y	W	H	M	C	P
0	0.01499	0.01469	0.01653	0.31439	0.02573	0.17489	0.03662	0.09810	0.01460	0.04227	0.01438	0.01823	0.05572	0.00723	0.00699	0.00186	0.07606	0.02900	0.00349	0.03422
1	0.01912	0.01473	0.01693	0.15530	0.02175	0.01665	0.01177	0.51976	0.11203	0.03112	0.01447	0.01519	0.01045	0.00688	0.00583	0.00181	0.00643	0.00539	0.00523	0.00917
2	0.15061	0.00948	0.01346	0.49076	0.02832	0.01140	0.01199	0.01497	0.01145	0.01816	0.01174	0.01575	0.00898	0.00594	0.00508	0.00179	0.00616	0.00488	0.17285	0.00622
3	0.02211	0.01629	0.01745	0.01338	0.01803	0.01803	0.01105	0.73997	0.02734	0.03665	0.01396	0.01396	0.00989	0.00698	0.00582	0.00175	0.00640	0.00524	0.00582	0.00989
4	0.01098	0.01034	0.01744	0.78165	0.04005	0.01292	0.01615	0.01486	0.01163	0.01486	0.01034	0.01550	0.00775	0.00581	0.00581	0.00194	0.00775	0.00517	0.00258	0.00646
5	0.02117	0.01582	0.01692	0.01319	0.01768	0.01760	0.01083	0.65299	0.11584	0.03514	0.01515	0.01491	0.01085	0.00709	0.00583	0.00177	0.00618	0.00540	0.00583	0.00981

[dist]
# distance from previous block
# <min> <max>
4	6

[block]
# block no. 11 follows, 40 sequences, length 8
# corresponding to MSA columns:
# 750-757
name=unknown_L
#
# <colnr> <probs for GDERKNQSTAVLIFYWHMCP>
#	G	D	E	R	K	N	Q	S	T	A	V	L	I	F	Y	W	H	M	C	P
0	0.01699	0.01331	0.01469	0.01109	0.01589	0.01308	0.00902	0.36055	0.06811	0.02772	0.01294	0.01360	0.00983	0.00582	0.00513	0.00136	0.00532	0.00450	0.00474	0.38629
1	0.01178	0.01034	0.01345	0.20912	0.02060	0.00909	0.00929	0.01470	0.01195	0.01789	0.01034	0.01295	0.00839	0.00470	0.00470	0.00114	0.00520	0.00389	0.00322	0.61727
2	0.01741	0.01036	0.01421	0.22330	0.02149	0.01014	0.01030	0.05592	0.04172	0.29625	0.04638	0.01763	0.01283	0.00638	0.00554	0.00163	0.00555	0.00531	0.00493	0.19272
3	0.01098	0.01034	0.01744	0.78165	0.04005	0.01292	0.01615	0.01486	0.01163	0.01486	0.01034	0.01550	0.00775	0.00581	0.00581	0.00194	0.00775	0.00517	0.00258	0.00646
4	0.01439	0.01382	0.02360	0.03569	0.75936	0.01382	0.01785	0.01785	0.01324	0.01900	0.01094	0.01439	0.00921	0.00518	0.00576	0.00173	0.00691	0.00518	0.00288	0.00921
5	0.03901	0.00949	0.00959	0.00907	0.01113	0.08254	0.00715	0.07485	0.04089	0.02125	0.31419	0.04196	0.17021	0.01179	0.00667	0.00197	0.00443	0.13226	0.00554	0.00601
6	0.01051	0.00913	0.01360	0.37619	0.02487	0.01024	0.03333	0.04568	0.01275	0.01698	0.04357	0.09583	0.14400	0.00888	0.00649	0.00190	0.03334	0.00761	0.05842	0.04669
7	0.01098	0.01034	0.01744	0.78165	0.04005	0.01292	0.01615	0.01486	0.01163	0.01486	0.01034	0.01550	0.00775	0.00581	0.00581	0.00194	0.00775	0.00517	0.00258	0.00646

[dist]
# distance from previous block
# <min> <max>
8	24

[block]
# block no. 12 follows, 40 sequences, length 7
# corresponding to MSA columns:
# 782-788
name=unknown_M
#
# <colnr> <probs for GDERKNQSTAVLIFYWHMCP>
#	G	D	E	R	K	N	Q	S	T	A	V	L	I	F	Y	W	H	M	C	P
0	0.05766	0.15683	0.01833	0.01255	0.01647	0.24775	0.01029	0.30725	0.01969	0.02430	0.06529	0.01403	0.01184	0.00661	0.00525	0.00159	0.00726	0.00469	0.00431	0.00801
1	0.01188	0.00726	0.00880	0.00808	0.00929	0.00745	0.00556	0.05382	0.04797	0.11502	0.01849	0.03078	0.01828	0.47488	0.15286	0.00536	0.00726	0.00744	0.00420	0.00532
2	0.24897	0.00877	0.00857	0.00758	0.01056	0.00875	0.00603	0.07020	0.01384	0.12099	0.03599	0.03448	0.38355	0.01043	0.00571	0.00188	0.00393	0.00824	0.00516	0.00637
3	0.12492	0.01230	0.01632	0.01882	0.28571	0.01167	0.01121	0.08608	0.01367	0.02164	0.01060	0.01274	0.00864	0.00503	0.00489	0.00139	0.00548	0.00421	0.00349	0.34119
4	0.18330	0.01023	0.01089	0.01234	0.11144	0.06486	0.00794	0.07344	0.01290	0.01935	0.02249	0.28298	0.08694	0.06610	0.00761	0.00224	0.00497	0.00939	0.00441	0.00617
5	0.17703	0.01854	0.01457	0.01258	0.01604	0.29146	0.00989	0.17565	0.13634	0.04659	0.01265	0.01322	0.00966	0.00659	0.00568	0.00173	0.03513	0.00452	0.00430	0.00781
6	0.04118	0.01870	0.01531	0.01297	0.01637	0.32335	0.01019	0.15894	0.06657	0.12340	0.01311	0.01378	0.00987	0.00670	0.00642	0.00166	0.06773	0.00463	0.03012	0.05898

[dist]
# distance from previous block
# <min> <max>
4	20

[block]
# block no. 13 follows, 40 sequences, length 7
# corresponding to MSA columns:
# 809-815
name=unknown_N
#
# <colnr> <probs for GDERKNQSTAVLIFYWHMCP>
#	G	D	E	R	K	N	Q	S	T	A	V	L	I	F	Y	W	H	M	C	P
0	0.01247	0.01336	0.01702	0.10057	0.06293	0.16910	0.17178	0.01496	0.01323	0.01589	0.02179	0.24813	0.09362	0.01019	0.00651	0.00197	0.00695	0.00933	0.00389	0.00632
1	0.01503	0.01490	0.01433	0.01572	0.12829	0.22481	0.01084	0.09538	0.05955	0.01916	0.04128	0.10756	0.02011	0.01019	0.00644	0.00200	0.00682	0.19616	0.00443	0.00699
2	0.01525	0.01433	0.02174	0.10472	0.41755	0.04291	0.05816	0.12631	0.01485	0.02046	0.01093	0.01418	0.00890	0.00611	0.00736	0.00185	0.09738	0.00522	0.00326	0.00853
3	0.01402	0.01343	0.02292	0.11827	0.67973	0.01372	0.01766	0.01752	0.01306	0.01854	0.01087	0.01452	0.00905	0.00525	0.00576	0.00175	0.00700	0.00518	0.00285	0.00891
4	0.19734	0.01994	0.01503	0.12886	0.01985	0.38915	0.01088	0.11896	0.01581	0.01998	0.00968	0.01149	0.00760	0.00597	0.00505	0.00166	0.00821	0.00403	0.00345	0.00703
5	0.01637	0.01379	0.02319	0.10332	0.33701	0.01396	0.16806	0.12785	0.01568	0.10389	0.01284	0.01532	0.00966	0.00568	0.00602	0.00181	0.00731	0.00562	0.00379	0.00882
6	0.01307	0.09965	0.02158	0.32841	0.34696	0.01472	0.01599	0.01638	0.01219	0.01647	0.01019	0.01417	0.00834	0.00570	0.00633	0.00181	0.05264	0.00494	0.00270	0.00776

[dist]
# distance from previous block
# <min> <max>
5	25

[block]
# block no. 14 follows, 40 sequences, length 11
# corresponding to MSA columns:
# 841-851
name=unknown_O
#
# <colnr> <probs for GDERKNQSTAVLIFYWHMCP>
#	G	D	E	R	K	N	Q	S	T	A	V	L	I	F	Y	W	H	M	C	P
0	0.09433	0.01919	0.01822	0.06640	0.11334	0.33550	0.07906	0.06977	0.01533	0.08533	0.01103	0.01286	0.00853	0.00608	0.00603	0.00171	0.04156	0.00460	0.00356	0.00758
1	0.12029	0.01421	0.01785	0.11505	0.29763	0.09090	0.01324	0.12429	0.01530	0.09588	0.01253	0.03539	0.00991	0.00619	0.00550	0.00177	0.00671	0.00516	0.00388	0.00830
2	0.01456	0.01374	0.02316	0.03252	0.63994	0.01378	0.05863	0.06375	0.01409	0.01994	0.01202	0.04521	0.01039	0.00580	0.00589	0.00177	0.00690	0.00573	0.00317	0.00900
3	0.06502	0.03518	0.05222	0.02192	0.29776	0.01549	0.04153	0.26773	0.01775	0.06087	0.01212	0.01394	0.00929	0.00623	0.00649	0.00179	0.05650	0.00508	0.00410	0.00900
4	0.11408	0.01272	0.01817	0.02058	0.27017	0.01380	0.07107	0.02013	0.19307	0.02071	0.04214	0.01649	0.01247	0.00666	0.00718	0.00187	0.09880	0.00552	0.00384	0.05053
5	0.23161	0.00954	0.01004	0.00806	0.01194	0.00863	0.00642	0.01500	0.01229	0.06820	0.08801	0.04170	0.08745	0.00694	0.00481	0.00142	0.00409	0.00545	0.00426	0.37417
6	0.23207	0.01173	0.01391	0.01158	0.01383	0.01403	0.00956	0.01498	0.00996	0.01845	0.00843	0.01168	0.00752	0.00744	0.01127	0.00193	0.38237	0.00416	0.00305	0.21205
7	0.00846	0.00564	0.00634	0.00634	0.00634	0.00564	0.00352	0.00846	0.00846	0.01128	0.01832	0.03805	0.02114	0.79563	0.02960	0.00564	0.00564	0.00846	0.00352	0.00352
8	0.00832	0.00618	0.00911	0.00911	0.01006	0.00714	0.00697	0.01023	0.00927	0.01332	0.01580	0.02406	0.01507	0.10385	0.71307	0.00905	0.01478	0.00641	0.00315	0.00506
9	0.02281	0.01516	0.01675	0.01284	0.01747	0.01636	0.01061	0.61405	0.02545	0.16524	0.01555	0.01499	0.01069	0.00702	0.00582	0.00175	0.00614	0.00534	0.00606	0.00989
10	0.01784	0.02098	0.21721	0.01625	0.06883	0.15344	0.05634	0.20123	0.08863	0.08250	0.01344	0.01422	0.00979	0.00628	0.00570	0.00176	0.00767	0.00498	0.00416	0.00874

[dist]
# distance from previous block
# <min> <max>
1	4

[block]
# block no. 15 follows, 40 sequences, length 23
# corresponding to MSA columns:
# 858-863,865-881
name=unknown_P
#
# <colnr> <probs for GDERKNQSTAVLIFYWHMCP>
#	G	D	E	R	K	N	Q	S	T	A	V	L	I	F	Y	W	H	M	C	P
0	0.00747	0.00595	0.00672	0.00661	0.00834	0.00520	0.00502	0.00945	0.01441	0.01850	0.30685	0.05192	0.47391	0.01377	0.00692	0.00195	0.00298	0.04316	0.00576	0.00514
1	0.83671	0.01125	0.00855	0.00765	0.01125	0.01305	0.00630	0.01709	0.00990	0.02609	0.00810	0.00945	0.00630	0.00540	0.00360	0.00180	0.00450	0.00315	0.00360	0.00630
2	0.83671	0.01125	0.00855	0.00765	0.01125	0.01305	0.00630	0.01709	0.00990	0.02609	0.00810	0.00945	0.00630	0.00540	0.00360	0.00180	0.00450	0.00315	0.00360	0.00630
3	0.02609	0.00990	0.01350	0.01035	0.01484	0.00855	0.00855	0.02834	0.01664	0.76338	0.02294	0.01979	0.01439	0.00720	0.00585	0.00180	0.00495	0.00585	0.00720	0.00990
4	0.00801	0.00594	0.00747	0.00708	0.00855	0.00539	0.00531	0.01055	0.01594	0.02208	0.64292	0.04547	0.16901	0.01235	0.00686	0.00185	0.00278	0.01080	0.00624	0.00539
5	0.01406	0.52605	0.26526	0.01198	0.01800	0.01938	0.01350	0.01752	0.01212	0.01552	0.03396	0.01142	0.00902	0.00538	0.00441	0.00146	0.00686	0.00374	0.00261	0.00776
6	0.27870	0.54665	0.02345	0.00921	0.01375	0.01982	0.00878	0.01731	0.01120	0.01766	0.00809	0.00937	0.00709	0.00511	0.00369	0.00142	0.00567	0.00312	0.00284	0.00709
7	0.01555	0.79913	0.03047	0.00995	0.01493	0.02301	0.00995	0.01741	0.01182	0.01368	0.00808	0.00933	0.00746	0.00498	0.00373	0.00124	0.00622	0.00311	0.00249	0.00746
8	0.01310	0.01062	0.01168	0.01080	0.01335	0.01182	0.00822	0.11231	0.42253	0.02319	0.05616	0.23548	0.02411	0.01081	0.00636	0.00205	0.00441	0.00934	0.00578	0.00789
9	0.02030	0.01637	0.25423	0.01228	0.01795	0.01032	0.01260	0.02468	0.05183	0.46482	0.02007	0.01858	0.03495	0.00693	0.00578	0.00183	0.00604	0.00558	0.00556	0.00929
10	0.01186	0.01205	0.02285	0.53902	0.03696	0.01349	0.24755	0.01607	0.01230	0.01607	0.01079	0.01556	0.00810	0.00552	0.00615	0.00195	0.00841	0.00571	0.00270	0.00690
11	0.00709	0.00506	0.00675	0.00810	0.00843	0.00472	0.00540	0.00810	0.01113	0.01484	0.03205	0.79184	0.03846	0.01822	0.00742	0.00236	0.00337	0.01653	0.00540	0.00472
12	0.01368	0.01482	0.03041	0.08552	0.20862	0.01435	0.50725	0.01815	0.01345	0.01843	0.01145	0.01536	0.00884	0.00504	0.00651	0.00190	0.00894	0.00632	0.00290	0.00807
