[name]
unknown

[dist]
# distance from previous block
# <min> <max>
0	830

[block]
# block no. 0 follows, 49 sequences, length 8
# corresponding to MSA columns:
# 853-860
name=unknown_A
#
# <colnr> <probs for GDERKNQSTAVLIFYWHMCP>
#	G	D	E	R	K	N	Q	S	T	A	V	L	I	F	Y	W	H	M	C	P
0	0.00701	0.00505	0.00588	0.00619	0.00683	0.00481	0.00424	0.00780	0.00932	0.01194	0.02767	0.12425	0.21249	0.40706	0.01580	0.00340	0.00407	0.12857	0.00390	0.00373
1	0.01252	0.01201	0.02053	0.03104	0.79074	0.01201	0.01552	0.01552	0.01151	0.01652	0.00951	0.01252	0.00801	0.00451	0.00501	0.00150	0.00601	0.00451	0.00250	0.00801
2	0.01225	0.01123	0.01772	0.25384	0.43688	0.01216	0.01393	0.08221	0.07792	0.01722	0.01053	0.01331	0.00833	0.00500	0.00504	0.00157	0.00601	0.00461	0.00288	0.00737
3	0.01115	0.00959	0.01517	0.01220	0.01484	0.00993	0.21341	0.08280	0.10369	0.06060	0.08366	0.14426	0.09348	0.00949	0.03179	0.00198	0.08409	0.00762	0.00406	0.00618
4	0.00616	0.00467	0.00569	0.00641	0.00719	0.00420	0.00444	0.00726	0.01053	0.01358	0.08085	0.53621	0.26537	0.01458	0.00628	0.00192	0.00279	0.01293	0.00475	0.00420
5	0.01133	0.01081	0.01839	0.34159	0.48943	0.01170	0.01493	0.01448	0.01095	0.01509	0.00930	0.01290	0.00750	0.00472	0.00503	0.00157	0.00630	0.00450	0.00240	0.00706
6	0.09624	0.01260	0.01574	0.01246	0.01588	0.11989	0.19580	0.11964	0.10386	0.12432	0.01534	0.05424	0.04678	0.03718	0.00593	0.00173	0.00598	0.00562	0.00398	0.00679
7	0.06128	0.01138	0.01618	0.01395	0.08185	0.04100	0.18042	0.20856	0.01467	0.10759	0.01647	0.12287	0.06375	0.00727	0.00570	0.00166	0.02795	0.00649	0.00406	0.00690

[dist]
# distance from previous block
# <min> <max>
1	4

[block]
# block no. 1 follows, 49 sequences, length 20
# corresponding to MSA columns:
# 865-884
name=unknown_B
#
# <colnr> <probs for GDERKNQSTAVLIFYWHMCP>
#	G	D	E	R	K	N	Q	S	T	A	V	L	I	F	Y	W	H	M	C	P
0	0.15806	0.00605	0.00673	0.00718	0.03420	0.00605	0.00504	0.00931	0.01033	0.01553	0.11546	0.20682	0.23322	0.07991	0.06483	0.00248	0.00402	0.02606	0.00416	0.00456
1	0.01116	0.08817	0.31809	0.01072	0.01562	0.05924	0.01140	0.01455	0.01074	0.05342	0.01116	0.07595	0.00962	0.00787	0.06243	0.00183	0.00636	0.00446	0.00284	0.22435
2	0.01178	0.00969	0.01035	0.00913	0.01061	0.07604	0.00694	0.13176	0.07823	0.03288	0.01376	0.05114	0.01292	0.21706	0.07341	0.00298	0.14100	0.00568	0.07800	0.02663
3	0.01184	0.04221	0.07462	0.03683	0.37283	0.01106	0.05835	0.03312	0.06769	0.04986	0.10628	0.01769	0.04127	0.02344	0.00594	0.00164	0.02947	0.00542	0.00332	0.00713
4	0.01269	0.62845	0.21609	0.01007	0.01517	0.01797	0.01112	0.01536	0.01037	0.01291	0.00753	0.00874	0.00647	0.00444	0.00363	0.00121	0.00592	0.00296	0.00216	0.00673
5	0.80699	0.01065	0.00785	0.00704	0.01014	0.05942	0.00574	0.01519	0.00895	0.02206	0.00709	0.00827	0.00554	0.00473	0.00322	0.00155	0.00423	0.00277	0.00310	0.00550
6	0.01151	0.00897	0.01145	0.00955	0.01132	0.02513	0.00759	0.01295	0.00955	0.10742	0.03402	0.01629	0.01096	0.12551	0.07838	0.00261	0.28877	0.00476	0.00317	0.22010
7	0.01341	0.01097	0.01168	0.01032	0.01329	0.01255	0.00808	0.07261	0.70268	0.05449	0.02004	0.01838	0.01489	0.00679	0.00514	0.00170	0.00411	0.00562	0.00519	0.00807
8	0.01096	0.00785	0.00627	0.00606	0.00747	0.13383	0.00454	0.01314	0.01121	0.01780	0.01509	0.01728	0.01192	0.00578	0.00370	0.00120	0.00345	0.00448	0.71307	0.00490
9	0.00621	0.00467	0.00560	0.00629	0.00701	0.00423	0.00428	0.00714	0.01005	0.01286	0.03416	0.50354	0.27071	0.08881	0.00807	0.00221	0.00300	0.01256	0.00455	0.00406
10	0.01116	0.01218	0.04110	0.12537	0.14923	0.01176	0.44740	0.01476	0.01130	0.01543	0.01134	0.08239	0.00976	0.00553	0.00598	0.00171	0.02816	0.00617	0.00267	0.00660
11	0.00964	0.00795	0.00884	0.00845	0.01038	0.00862	0.00640	0.01772	0.40716	0.01841	0.14351	0.18407	0.10941	0.01000	0.00567	0.00178	0.00340	0.02728	0.00506	0.00624
12	0.01123	0.03244	0.27548	0.01155	0.01590	0.03989	0.08113	0.13346	0.01353	0.01880	0.15653	0.04549	0.03955	0.03404	0.00584	0.00165	0.00565	0.00571	0.02107	0.05105
13	0.00943	0.00471	0.00471	0.00471	0.00589	0.00471	0.00353	0.01178	0.01060	0.01885	0.01650	0.01885	0.01296	0.00589	0.00353	0.00118	0.00236	0.00471	0.85036	0.00471
14	0.01089	0.00992	0.04226	0.23533	0.07793	0.00936	0.00996	0.01352	0.01035	0.05078	0.00945	0.01209	0.00757	0.00566	0.02629	0.00146	0.07460	0.00384	0.00279	0.38594
15	0.00744	0.00502	0.00660	0.00684	0.00779	0.00463	0.00495	0.00911	0.01212	0.05229	0.36911	0.37539	0.06624	0.01275	0.00617	0.00182	0.00280	0.03913	0.00516	0.00464
16	0.00943	0.00471	0.00471	0.00471	0.00589	0.00471	0.00353	0.01178	0.01060	0.01885	0.01650	0.01885	0.01296	0.00589	0.00353	0.00118	0.00236	0.00471	0.85036	0.00471
17	0.01289	0.11271	0.26649	0.01255	0.03286	0.07924	0.01243	0.04643	0.04002	0.08189	0.03087	0.01413	0.00958	0.00648	0.00738	0.00168	0.18383	0.03877	0.00299	0.00677
18	0.04480	0.01213	0.01248	0.17364	0.06428	0.15400	0.00923	0.12873	0.07196	0.03772	0.03709	0.01829	0.12175	0.00652	0.00493	0.00149	0.00555	0.00522	0.01623	0.07396
19	0.04467	0.04519	0.07463	0.03116	0.03385	0.14414	0.02363	0.10362	0.04939	0.08234	0.17217	0.05725	0.03375	0.00747	0.00517	0.00156	0.00524	0.04820	0.00413	0.03246

[dist]
# distance from previous block
# <min> <max>
2	26

[block]
# block no. 2 follows, 49 sequences, length 31
# corresponding to MSA columns:
# 911-941
name=unknown_C
#
# <colnr> <probs for GDERKNQSTAVLIFYWHMCP>
#	G	D	E	R	K	N	Q	S	T	A	V	L	I	F	Y	W	H	M	C	P
0	0.01327	0.01276	0.10388	0.08948	0.09833	0.09147	0.03761	0.09124	0.02852	0.11860	0.01477	0.12747	0.02857	0.00691	0.00510	0.00154	0.00557	0.01663	0.00369	0.10458
1	0.01001	0.09104	0.10184	0.05761	0.09019	0.05104	0.00875	0.01263	0.07597	0.01381	0.01564	0.21812	0.02844	0.01008	0.00760	0.14522	0.00486	0.00687	0.04492	0.00535
2	0.01558	0.00712	0.00892	0.00735	0.01032	0.00609	0.00591	0.01725	0.01322	0.46229	0.03325	0.03059	0.34260	0.00904	0.00546	0.00163	0.00356	0.00746	0.00559	0.00676
3	0.00725	0.00531	0.00760	0.00760	0.00831	0.00603	0.00566	0.00869	0.00797	0.01135	0.01403	0.02256	0.01381	0.19746	0.64431	0.00747	0.01179	0.00581	0.00278	0.00422
4	0.00671	0.00515	0.00614	0.00589	0.00728	0.00458	0.00442	0.00868	0.01326	0.01778	0.50988	0.04188	0.32746	0.01127	0.00597	0.00163	0.00245	0.00972	0.00524	0.00458
5	0.01889	0.02410	0.01433	0.01303	0.01563	0.80199	0.00977	0.02019	0.01433	0.01238	0.00782	0.00912	0.00651	0.00521	0.00456	0.00130	0.00912	0.00326	0.00261	0.00586
6	0.01252	0.01201	0.02053	0.03104	0.79074	0.01201	0.01552	0.01552	0.01151	0.01652	0.00951	0.01252	0.00801	0.00451	0.00501	0.00150	0.00601	0.00451	0.00250	0.00801
7	0.01071	0.00968	0.01342	0.43334	0.04671	0.01152	0.01125	0.01840	0.32135	0.01637	0.01535	0.01702	0.04119	0.00607	0.00513	0.00169	0.00545	0.00523	0.00352	0.00660
8	0.01320	0.01117	0.01178	0.01042	0.01339	0.01287	0.00815	0.09644	0.71103	0.02215	0.01980	0.01824	0.01480	0.00679	0.00514	0.00170	0.00415	0.00561	0.00514	0.00806
9	0.85801	0.00978	0.00743	0.00665	0.00978	0.01134	0.00548	0.01486	0.00861	0.02269	0.00704	0.00821	0.00548	0.00469	0.00313	0.00156	0.00391	0.00274	0.00313	0.00548
10	0.01698	0.05203	0.01312	0.01030	0.01330	0.17621	0.05051	0.05935	0.05583	0.31248	0.03893	0.10089	0.01410	0.03708	0.02407	0.00182	0.00569	0.00583	0.00457	0.00691
11	0.00730	0.00492	0.00565	0.00565	0.00578	0.00487	0.00329	0.00757	0.00815	0.01099	0.09671	0.05625	0.02187	0.71445	0.02312	0.00448	0.00458	0.00774	0.00337	0.00327
12	0.00864	0.00719	0.00791	0.00796	0.00957	0.03101	0.00614	0.01355	0.21261	0.01640	0.11183	0.18808	0.20352	0.01155	0.00599	0.00186	0.00356	0.14241	0.00484	0.00538
13	0.00943	0.00471	0.00471	0.00471	0.00589	0.00471	0.00353	0.01178	0.01060	0.01885	0.01650	0.01885	0.01296	0.00589	0.00353	0.00118	0.00236	0.00471	0.85036	0.00471
14	0.01333	0.01037	0.01180	0.00867	0.01302	0.00919	0.00703	0.21930	0.01424	0.05138	0.01027	0.01120	0.00799	0.00447	0.00415	0.00099	0.00426	0.00350	0.00368	0.59113
15	0.01823	0.01701	0.01514	0.01449	0.11973	0.31059	0.01022	0.29417	0.04765	0.08732	0.01116	0.01175	0.00834	0.00558	0.00487	0.00145	0.00679	0.00415	0.00390	0.00747
16	0.00943	0.00471	0.00471	0.00471	0.00589	0.00471	0.00353	0.01178	0.01060	0.01885	0.01650	0.01885	0.01296	0.00589	0.00353	0.00118	0.00236	0.00471	0.85036	0.00471
17	0.01318	0.35584	0.06657	0.09817	0.01966	0.09443	0.20875	0.04297	0.01154	0.01412	0.00844	0.01057	0.00690	0.00467	0.00473	0.00140	0.02512	0.00396	0.00242	0.00653
18	0.00745	0.00573	0.00791	0.00764	0.00860	0.00619	0.00590	0.00941	0.01122	0.01591	0.36946	0.07416	0.05470	0.02007	0.27737	0.00392	0.07570	0.02977	0.00421	0.00469
19	0.10759	0.00974	0.03656	0.04392	0.41275	0.00946	0.01101	0.01276	0.01064	0.01602	0.01605	0.22432	0.05270	0.00792	0.00521	0.00167	0.00486	0.00716	0.00324	0.00643
20	0.28297	0.00897	0.00997	0.01037	0.09310	0.00963	0.00718	0.03747	0.15134	0.10937	0.05145	0.11467	0.01520	0.04744	0.00574	0.00183	0.00412	0.02868	0.00419	0.00631
21	0.01441	0.01273	0.01467	0.19025	0.10822	0.09651	0.01066	0.26862	0.08124	0.02066	0.01109	0.01276	0.00847	0.00626	0.02683	0.00164	0.00614	0.00435	0.00359	0.10091
22	0.00708	0.00456	0.00625	0.00681	0.00715	0.00441	0.00461	0.00732	0.00920	0.01244	0.10842	0.43644	0.02677	0.06201	0.05013	0.22458	0.00388	0.01034	0.00395	0.00365
23	0.13659	0.15120	0.05308	0.00940	0.01307	0.05086	0.00820	0.12933	0.07517	0.24104	0.03508	0.05207	0.01151	0.00617	0.00454	0.00150	0.00487	0.00472	0.00437	0.00724
24	0.01358	0.12215	0.01631	0.01177	0.01430	0.12460	0.10678	0.05794	0.05236	0.10083	0.03763	0.10600	0.01262	0.00870	0.04197	0.00195	0.15506	0.00571	0.00348	0.00628
25	0.01151	0.00624	0.00751	0.00657	0.00889	0.00536	0.00515	0.01319	0.01295	0.26358	0.16826	0.03676	0.41361	0.01029	0.00569	0.00164	0.00309	0.00863	0.00534	0.00574
26	0.00925	0.04352	0.31628	0.03840	0.09968	0.00884	0.01184	0.01244	0.01044	0.03694	0.01697	0.33832	0.01772	0.00927	0.00545	0.00176	0.00529	0.00815	0.00333	0.00611
27	0.01331	0.04551	0.02952	0.04155	0.30672	0.04943	0.04886	0.08596	0.02258	0.07957	0.01202	0.07861	0.01051	0.00622	0.00601	0.00156	0.07423	0.01523	0.00328	0.06933
28	0.01374	0.00676	0.00848	0.00739	0.00916	0.00635	0.00532	0.05537	0.01130	0.31373	0.01889	0.13221	0.01763	0.35457	0.01405	0.00305	0.00444	0.00728	0.00462	0.00564
29	0.00727	0.00522	0.00714	0.00714	0.00771	0.00579	0.00510	0.00840	0.00784	0.01101	0.01444	0.02484	0.01480	0.33287	0.51025	0.00691	0.01029	0.00615	0.00284	0.00397
30	0.01122	0.01539	0.24281	0.01360	0.01818	0.04909	0.20921	0.04245	0.04937	0.03984	0.03448	0.13473	0.01277	0.00658	0.00530	0.00159	0.00627	0.00613	0.00322	0.09778

[dist]
# distance from previous block
# <min> <max>
8	33

[block]
# block no. 3 follows, 49 sequences, length 10
# corresponding to MSA columns:
# 976-985
name=unknown_D
#
# <colnr> <probs for GDERKNQSTAVLIFYWHMCP>
#	G	D	E	R	K	N	Q	S	T	A	V	L	I	F	Y	W	H	M	C	P
0	0.06808	0.08188	0.01540	0.01321	0.10840	0.02233	0.11949	0.06011	0.02531	0.04030	0.06211	0.05067	0.06309	0.04390	0.06720	0.00226	0.10818	0.00575	0.03630	0.00604
1	0.01155	0.08344	0.06220	0.01296	0.10590	0.01046	0.09747	0.07343	0.03986	0.03365	0.08027	0.07768	0.01347	0.00611	0.00531	0.00138	0.03930	0.00530	0.00340	0.23686
2	0.00973	0.02786	0.12484	0.01045	0.06230	0.05523	0.02485	0.07516	0.02540	0.01721	0.22003	0.15757	0.10966	0.03848	0.00644	0.00177	0.01525	0.00797	0.00413	0.00568
3	0.00927	0.06028	0.01021	0.00802	0.01017	0.00788	0.00636	0.04972	0.00968	0.01405	0.01192	0.01701	0.01098	0.08482	0.40077	0.00483	0.02877	0.00467	0.02123	0.22935
4	0.17352	0.04394	0.25123	0.01276	0.08810	0.03838	0.01165	0.05578	0.04258	0.12035	0.03616	0.01371	0.00965	0.00577	0.00531	0.00161	0.05382	0.02530	0.00338	0.00700
5	0.06633	0.14523	0.04778	0.04000	0.04533	0.01380	0.04159	0.24337	0.17910	0.02161	0.06295	0.01471	0.01200	0.00716	0.03580	0.00177	0.00547	0.00474	0.00400	0.00727
6	0.01409	0.07688	0.07664	0.18707	0.13912	0.01175	0.01135	0.17476	0.01397	0.13618	0.01372	0.06035	0.02635	0.00633	0.00505	0.00159	0.00560	0.02835	0.00373	0.00714
7	0.00868	0.00608	0.00682	0.00651	0.00759	0.02564	0.00461	0.02644	0.04020	0.04376	0.10682	0.02988	0.13196	0.29046	0.14008	0.00373	0.00543	0.00710	0.10376	0.00445
8	0.01179	0.05391	0.10263	0.03827	0.04174	0.06109	0.07253	0.03733	0.09424	0.06634	0.06801	0.07070	0.05719	0.00645	0.00490	0.00141	0.00509	0.00553	0.00364	0.19722
9	0.02560	0.13151	0.01322	0.01060	0.06193	0.11887	0.03352	0.01263	0.02693	0.01467	0.13854	0.19819	0.05025	0.00930	0.01932	0.00170	0.07334	0.00724	0.00360	0.04903

[dist]
# distance from previous block
# <min> <max>
1	4

[block]
# block no. 4 follows, 49 sequences, length 14
# corresponding to MSA columns:
# 990-1003
name=unknown_E
#
# <colnr> <probs for GDERKNQSTAVLIFYWHMCP>
#	G	D	E	R	K	N	Q	S	T	A	V	L	I	F	Y	W	H	M	C	P
0	0.05124	0.01033	0.04635	0.11192	0.01382	0.12267	0.00793	0.07625	0.01349	0.01795	0.30361	0.09233	0.05210	0.00878	0.00548	0.00164	0.00468	0.04975	0.00424	0.00544
1	0.06378	0.00963	0.01104	0.00903	0.01237	0.00963	0.00722	0.15254	0.17159	0.24858	0.01869	0.08606	0.05052	0.00707	0.00496	0.00153	0.00416	0.00578	0.00499	0.12082
2	0.03493	0.09101	0.07624	0.11829	0.12279	0.05636	0.12355	0.03103	0.04871	0.07956	0.01131	0.03312	0.00909	0.00782	0.06967	0.00202	0.00677	0.00468	0.00304	0.07001
3	0.01295	0.19159	0.34626	0.01186	0.01685	0.06030	0.01290	0.09839	0.01241	0.06127	0.04427	0.01255	0.02451	0.00566	0.00547	0.00151	0.06723	0.00408	0.00293	0.00703
4	0.01070	0.00606	0.00742	0.00666	0.00877	0.00530	0.00523	0.01251	0.01306	0.21596	0.24589	0.03798	0.34749	0.01050	0.00579	0.00167	0.00306	0.04507	0.00534	0.00554
5	0.00877	0.00566	0.00598	0.00574	0.00701	0.00561	0.00414	0.05381	0.04478	0.01666	0.06073	0.04860	0.18411	0.17263	0.00889	0.00213	0.00319	0.00702	0.34991	0.00464
6	0.03530	0.20733	0.20039	0.11365	0.08876	0.08225	0.01222	0.06054	0.09264	0.03517	0.01036	0.02199	0.00817	0.00520	0.00450	0.00147	0.00620	0.00402	0.00288	0.00697
7	0.01359	0.01190	0.09812	0.03112	0.04504	0.03860	0.07036	0.09436	0.07172	0.15964	0.03456	0.04058	0.05574	0.00872	0.05204	0.00204	0.11507	0.00550	0.04451	0.00679
8	0.00639	0.00454	0.00575	0.00662	0.00694	0.00428	0.00432	0.00712	0.00932	0.01232	0.02679	0.61667	0.07329	0.17839	0.01032	0.00261	0.00331	0.01275	0.00437	0.00391
9	0.41830	0.01259	0.10206	0.01063	0.01398	0.01251	0.08687	0.09604	0.01072	0.02037	0.00835	0.01025	0.00655	0.00554	0.00609	0.00168	0.14070	0.00372	0.02689	0.00617
10	0.00632	0.00485	0.00561	0.00610	0.00704	0.00435	0.00427	0.00737	0.01041	0.01315	0.05551	0.34535	0.35999	0.10657	0.00846	0.00223	0.00305	0.04075	0.00453	0.00410
11	0.01191	0.19990	0.18024	0.11206	0.21000	0.01331	0.01280	0.04047	0.05983	0.01572	0.00952	0.01143	0.00761	0.00472	0.00445	0.00139	0.00589	0.00386	0.00262	0.09225
12	0.37574	0.08036	0.22144	0.01026	0.01459	0.15278	0.01022	0.05302	0.01104	0.01868	0.00797	0.00922	0.00614	0.00485	0.00393	0.00149	0.00599	0.00318	0.00279	0.00631
13	0.00882	0.00836	0.05382	0.08041	0.10080	0.05175	0.00778	0.01060	0.01084	0.04781	0.02633	0.37197	0.17835	0.01133	0.00581	0.00180	0.00421	0.00998	0.00403	0.00521

[dist]
# distance from previous block
# <min> <max>
2	3

[block]
# block no. 5 follows, 49 sequences, length 36
# corresponding to MSA columns:
# 1007-1042
name=unknown_F
#
# <colnr> <probs for GDERKNQSTAVLIFYWHMCP>
#	G	D	E	R	K	N	Q	S	T	A	V	L	I	F	Y	W	H	M	C	P
0	0.01429	0.13107	0.16611	0.01045	0.01440	0.06740	0.00992	0.15830	0.07795	0.12827	0.09702	0.07475	0.01489	0.00679	0.00492	0.00153	0.00532	0.00543	0.00411	0.00709
1	0.01302	0.17819	0.01842	0.01196	0.01548	0.01321	0.18041	0.16170	0.13742	0.03737	0.01616	0.07574	0.06615	0.03292	0.00591	0.00168	0.01775	0.00594	0.00378	0.00681
2	0.00628	0.00448	0.00581	0.00682	0.00712	0.00420	0.00449	0.00708	0.00949	0.01260	0.02733	0.71076	0.05561	0.10192	0.00850	0.00235	0.00313	0.01351	0.00452	0.00400
3	0.01062	0.02938	0.14370	0.01038	0.01332	0.18689	0.06505	0.01334	0.02417	0.01550	0.19407	0.10214	0.13663	0.00862	0.00546	0.00161	0.00543	0.02435	0.00379	0.00557
4	0.06772	0.01110	0.06997	0.01033	0.01357	0.02936	0.04807	0.14832	0.10418	0.19575	0.02694	0.07101	0.05384	0.00943	0.05683	0.00209	0.03239	0.03761	0.00451	0.00699
5	0.00712	0.00574	0.00689	0.00699	0.00810	0.00573	0.00517	0.00942	0.06805	0.01499	0.16117	0.29790	0.28924	0.01270	0.00683	0.00185	0.05981	0.02293	0.00470	0.00467
6	0.48252	0.03404	0.01178	0.04618	0.13320	0.14078	0.00840	0.01598	0.01025	0.04214	0.00801	0.00960	0.00636	0.00492	0.00417	0.00152	0.02785	0.00329	0.00295	0.00606
7	0.02035	0.00913	0.01161	0.00910	0.01279	0.00848	0.00745	0.10699	0.06925	0.59722	0.02144	0.01909	0.06967	0.00676	0.00515	0.00158	0.00429	0.00548	0.00593	0.00824
8	0.04718	0.01014	0.01738	0.21822	0.03993	0.01122	0.21699	0.03508	0.01057	0.06548	0.01098	0.02447	0.00922	0.06562	0.06733	0.00246	0.12423	0.01468	0.00286	0.00597
9	0.00805	0.00484	0.00684	0.00686	0.00727	0.00516	0.00484	0.00794	0.00759	0.01078	0.01232	0.03526	0.01217	0.12714	0.29472	0.36677	0.00750	0.00535	0.06524	0.00335
10	0.01439	0.20687	0.27306	0.01254	0.01722	0.24393	0.02913	0.08865	0.01281	0.01538	0.00847	0.00985	0.00670	0.00507	0.00486	0.00141	0.03679	0.00351	0.00257	0.00680
11	0.04024	0.03890	0.10468	0.08637	0.06715	0.06568	0.05242	0.07212	0.01213	0.07317	0.01300	0.01430	0.06536	0.00536	0.00486	0.00133	0.02310	0.00436	0.00322	0.25224
12	0.06866	0.10299	0.27952	0.04765	0.04960	0.09129	0.10810	0.10568	0.02745	0.01760	0.03073	0.02952	0.00874	0.00530	0.00477	0.00153	0.00670	0.00437	0.00288	0.00694
13	0.03422	0.01040	0.03487	0.19696	0.11111	0.01059	0.16439	0.11214	0.01232	0.03737	0.01365	0.08191	0.02501	0.06487	0.03071	0.00212	0.00634	0.04151	0.00326	0.00625
14	0.03799	0.03676	0.02003	0.07167	0.23910	0.20034	0.19075	0.09470	0.01326	0.01677	0.00932	0.01173	0.00741	0.00491	0.00528	0.00152	0.02425	0.00446	0.00279	0.00696
15	0.00841	0.01224	0.24498	0.03201	0.02961	0.00781	0.06332	0.01141	0.01078	0.01516	0.06828	0.22146	0.14496	0.00938	0.00583	0.00172	0.02896	0.00815	0.06996	0.00558
16	0.00623	0.00448	0.00580	0.00682	0.00718	0.00417	0.00453	0.00708	0.00963	0.01273	0.02840	0.71841	0.07679	0.07239	0.00778	0.00223	0.00305	0.01366	0.00458	0.00404
17	0.00943	0.00810	0.01200	0.05802	0.01262	0.00932	0.08943	0.05753	0.00966	0.01346	0.03834	0.09164	0.01476	0.24483	0.12274	0.00362	0.18996	0.00661	0.00307	0.00487
18	0.00701	0.00495	0.00567	0.00569	0.00618	0.00472	0.00357	0.00766	0.00930	0.01230	0.14448	0.09165	0.14939	0.50562	0.01804	0.00366	0.00399	0.00867	0.00384	0.00360
19	0.01096	0.00948	0.01257	0.05468	0.09840	0.00780	0.03568	0.01342	0.01071	0.03265	0.00932	0.01113	0.00762	0.00397	0.00406	0.00093	0.00434	0.00340	0.00295	0.66592
20	0.00629	0.00456	0.00598	0.00705	0.00753	0.00425	0.00488	0.00731	0.00998	0.01313	0.02969	0.69996	0.09459	0.01546	0.00645	0.00205	0.00303	0.06896	0.00469	0.00416
21	0.00941	0.00827	0.01244	0.28220	0.14358	0.00920	0.01014	0.01338	0.09798	0.01611	0.19515	0.08032	0.04163	0.00860	0.03255	0.00189	0.02096	0.00665	0.00365	0.00588
22	0.01610	0.44068	0.02066	0.01075	0.01425	0.39542	0.00919	0.01757	0.01222	0.01213	0.00741	0.00860	0.00650	0.00475	0.00388	0.00119	0.00719	0.00297	0.00238	0.00619
23	0.02603	0.00666	0.00848	0.00722	0.00963	0.00593	0.00570	0.01537	0.02411	0.32397	0.32231	0.03105	0.17450	0.00907	0.00557	0.00160	0.00322	0.00769	0.00563	0.00624
24	0.03269	0.01576	0.23777	0.01101	0.01532	0.10718	0.01079	0.07573	0.08367	0.23562	0.04058	0.06413	0.03404	0.00662	0.00504	0.00159	0.00568	0.00529	0.00420	0.00730
25	0.13507	0.22041	0.05308	0.01267	0.03015	0.10756	0.14950	0.15536	0.01319	0.01823	0.00876	0.01036	0.00699	0.00508	0.00509	0.00147	0.05344	0.00389	0.00297	0.00673
26	0.01260	0.01076	0.01579	0.28981	0.13783	0.05973	0.08106	0.07120	0.02853	0.09398	0.04830	0.06571	0.01173	0.00631	0.00568	0.00166	0.03573	0.01372	0.00334	0.00652
27	0.00806	0.00620	0.01548	0.00676	0.00844	0.00579	0.00521	0.02830	0.07620	0.03356	0.37174	0.06683	0.22303	0.01213	0.05774	0.00204	0.00352	0.00866	0.03158	0.02875
28	0.00800	0.00602	0.00722	0.00664	0.00820	0.00574	0.00506	0.06619	0.04039	0.01988	0.56160	0.03736	0.18772	0.01038	0.00587	0.00161	0.00271	0.00899	0.00535	0.00507
29	0.85801	0.00978	0.00743	0.00665	0.00978	0.01134	0.00548	0.01486	0.00861	0.02269	0.00704	0.00821	0.00548	0.00469	0.00313	0.00156	0.00391	0.00274	0.00313	0.00548
30	0.00880	0.01455	0.35919	0.01033	0.01413	0.00844	0.01126	0.01236	0.00951	0.01436	0.01208	0.01662	0.01032	0.07726	0.29235	0.00414	0.00884	0.00473	0.10499	0.00575
31	0.01242	0.01192	0.02035	0.05655	0.76599	0.01199	0.01547	0.01543	0.01147	0.01640	0.00949	0.01255	0.00797	0.00452	0.00501	0.00151	0.00603	0.00451	0.00249	0.00793
32	0.00911	0.00684	0.00813	0.00806	0.04149	0.00678	0.00577	0.03670	0.15623	0.04833	0.25179	0.06296	0.25768	0.01061	0.00669	0.06098	0.00323	0.00833	0.00484	0.00543
33	0.00636	0.00455	0.00594	0.00686	0.00727	0.00426	0.00462	0.00735	0.01001	0.01338	0.09220	0.65856	0.05780	0.07197	0.00776	0.00221	0.00305	0.02712	0.00465	0.00411
34	0.01194	0.01076	0.01308	0.06383	0.01413	0.06512	0.02590	0.13782	0.08386	0.01614	0.01122	0.01535	0.00984	0.06685	0.17746	0.00336	0.25932	0.00493	0.00315	0.00595
35	0.00923	0.00721	0.00957	0.11306	0.08037	0.03363	0.00760	0.01188	0.06524	0.06169	0.09350	0.37212	0.04803	0.01118	0.00588	0.00184	0.00410	0.05420	0.00432	0.00535

[dist]
# distance from previous block
# <min> <max>
6	23

[block]
# block no. 6 follows, 49 sequences, length 17
# corresponding to MSA columns:
# 1066-1082
name=unknown_G
#
# <colnr> <probs for GDERKNQSTAVLIFYWHMCP>
#	G	D	E	R	K	N	Q	S	T	A	V	L	I	F	Y	W	H	M	C	P
0	0.01266	0.01046	0.01104	0.00979	0.01258	0.01190	0.00765	0.09767	0.61340	0.02176	0.03883	0.01974	0.04353	0.00702	0.00509	0.00166	0.00396	0.00580	0.05780	0.00764
1	0.00745	0.00598	0.00798	0.00741	0.00838	0.00619	0.03659	0.00878	0.01010	0.01361	0.16975	0.07577	0.20007	0.21782	0.12428	0.00346	0.07998	0.00824	0.00385	0.00431
2	0.03610	0.01213	0.09954	0.01343	0.04564	0.00945	0.26296	0.01432	0.01098	0.01672	0.00999	0.01225	0.00785	0.00426	0.00461	0.00124	0.00570	0.00425	0.07240	0.35616
3	0.11792	0.29188	0.21102	0.01077	0.01527	0.17367	0.01087	0.06186	0.01181	0.01575	0.00829	0.00953	0.00667	0.00482	0.00400	0.00134	0.00640	0.00325	0.02831	0.00656
4	0.06268	0.01175	0.04522	0.01103	0.02846	0.06028	0.06032	0.20186	0.12779	0.14557	0.01580	0.04508	0.03504	0.03708	0.08670	0.00237	0.00615	0.00541	0.00433	0.00709
5	0.01764	0.01964	0.01356	0.01198	0.01473	0.53386	0.00915	0.16434	0.04378	0.03160	0.02377	0.05549	0.02604	0.00628	0.00484	0.00142	0.00757	0.00449	0.00344	0.00637
6	0.03848	0.04461	0.01236	0.00976	0.01255	0.08020	0.03032	0.21742	0.08681	0.11284	0.06735	0.01743	0.02752	0.00769	0.03215	0.00174	0.04423	0.02079	0.12896	0.00680
7	0.01874	0.01350	0.01456	0.01123	0.01506	0.01484	0.00920	0.70856	0.02261	0.05726	0.01261	0.01339	0.00924	0.04789	0.00612	0.00169	0.00549	0.00471	0.00500	0.00832
8	0.85801	0.00978	0.00743	0.00665	0.00978	0.01134	0.00548	0.01486	0.00861	0.02269	0.00704	0.00821	0.00548	0.00469	0.00313	0.00156	0.00391	0.00274	0.00313	0.00548
9	0.00632	0.00462	0.00590	0.00679	0.00734	0.00427	0.00467	0.00736	0.01018	0.01340	0.07298	0.61295	0.13433	0.04394	0.00708	0.00209	0.00300	0.04396	0.00468	0.00415
10	0.00628	0.00471	0.00582	0.00644	0.00724	0.00426	0.00449	0.00750	0.01091	0.01430	0.15796	0.49622	0.22712	0.01417	0.00625	0.00189	0.00275	0.01258	0.00484	0.00426
11	0.00740	0.00578	0.00722	0.00687	0.00851	0.00532	0.03685	0.00940	0.04004	0.04328	0.08854	0.13876	0.44544	0.02856	0.08298	0.00243	0.00412	0.02930	0.00452	0.00470
12	0.00985	0.00847	0.01131	0.01028	0.01083	0.01070	0.00814	0.06988	0.00968	0.01415	0.01406	0.21918	0.01500	0.04339	0.08900	0.00273	0.38952	0.00719	0.05147	0.00517
13	0.32537	0.01190	0.01113	0.15477	0.05159	0.15129	0.00846	0.04026	0.01079	0.01772	0.00982	0.01188	0.02848	0.00612	0.02522	0.00167	0.03014	0.00376	0.05051	0.04912
14	0.03947	0.00983	0.00974	0.00815	0.01093	0.11375	0.00640	0.07079	0.02370	0.20758	0.11784	0.02960	0.02893	0.00643	0.00460	0.00135	0.00425	0.00514	0.17687	0.12465
15	0.20175	0.01145	0.06306	0.00948	0.01304	0.03262	0.02412	0.17720	0.06096	0.16266	0.05307	0.03391	0.01227	0.02534	0.00516	0.00162	0.00475	0.03205	0.00434	0.07115
16	0.01427	0.09401	0.01690	0.01517	0.14730	0.24295	0.08198	0.06226	0.05658	0.03328	0.05117	0.03296	0.03235	0.00594	0.00549	0.00146	0.05036	0.00476	0.00317	0.04766

[dist]
# distance from previous block
# <min> <max>
0	14

[block]
# block no. 7 follows, 49 sequences, length 22
# corresponding to MSA columns:
# 1097-1118
name=unknown_H
#
# <colnr> <probs for GDERKNQSTAVLIFYWHMCP>
#	G	D	E	R	K	N	Q	S	T	A	V	L	I	F	Y	W	H	M	C	P
0	0.01411	0.01361	0.05743	0.01463	0.06685	0.04957	0.16964	0.21580	0.25390	0.02142	0.01407	0.03553	0.01087	0.00608	0.00565	0.00165	0.03219	0.00536	0.00403	0.00760
1	0.01378	0.01368	0.01748	0.15290	0.40835	0.14435	0.01323	0.09352	0.06236	0.01709	0.01012	0.01248	0.00809	0.00502	0.00495	0.00151	0.00647	0.00438	0.00291	0.00732
2	0.04899	0.00808	0.01077	0.00848	0.01192	0.00713	0.00693	0.02182	0.01424	0.64027	0.14587	0.02028	0.01806	0.00688	0.00516	0.00157	0.00397	0.00567	0.00604	0.00787
3	0.00657	0.00515	0.00595	0.00575	0.00720	0.00452	0.00431	0.00841	0.01294	0.01701	0.42437	0.04315	0.41345	0.01156	0.00597	0.00165	0.00247	0.00990	0.00514	0.00452
4	0.00631	0.00462	0.00593	0.00669	0.00731	0.00424	0.00460	0.00749	0.01069	0.01426	0.16020	0.59237	0.12760	0.01454	0.00631	0.00193	0.00280	0.01303	0.00484	0.00424
5	0.00716	0.00517	0.00676	0.00636	0.00755	0.00477	0.00477	0.00954	0.01431	0.02028	0.78808	0.03777	0.04771	0.01034	0.00596	0.00159	0.00239	0.00914	0.00557	0.00477
6	0.01373	0.00980	0.01108	0.00958	0.01201	0.01046	0.00743	0.42119	0.01744	0.04813	0.01913	0.35817	0.01938	0.01027	0.00566	0.00175	0.00440	0.00878	0.00494	0.00667
7	0.01779	0.02161	0.01471	0.08749	0.04846	0.64944	0.01039	0.06503	0.01440	0.01377	0.00825	0.00984	0.00672	0.00522	0.00465	0.00136	0.00856	0.00350	0.00272	0.00609
8	0.00681	0.00497	0.00620	0.00671	0.00760	0.00465	0.00484	0.00862	0.03248	0.01533	0.20212	0.41285	0.15509	0.01330	0.00613	0.00186	0.00286	0.05951	0.04361	0.00445
9	0.00689	0.00509	0.00712	0.00766	0.00844	0.00475	0.02821	0.00822	0.01057	0.01423	0.12174	0.54417	0.04514	0.01426	0.00669	0.02211	0.00331	0.11201	0.00463	0.02478
10	0.01352	0.82533	0.02650	0.00865	0.01298	0.02001	0.00865	0.01514	0.01027	0.01190	0.00703	0.00811	0.00649	0.00433	0.00324	0.00108	0.00541	0.00270	0.00216	0.00649
11	0.00695	0.00480	0.00580	0.00611	0.00636	0.00470	0.00381	0.00747	0.00864	0.01158	0.06992	0.26030	0.04943	0.47764	0.05129	0.00390	0.00446	0.00952	0.00373	0.00358
12	0.00621	0.00475	0.00573	0.00646	0.00733	0.00427	0.00458	0.00732	0.01048	0.01332	0.03645	0.48948	0.31255	0.01461	0.00631	0.00194	0.00290	0.05643	0.00469	0.00420
13	0.01471	0.00705	0.00919	0.00768	0.01029	0.00633	0.00610	0.01730	0.04730	0.38969	0.31890	0.02814	0.09867	0.00847	0.00551	0.00159	0.00339	0.00720	0.00580	0.00670
14	0.00616	0.00440	0.00587	0.00704	0.00733	0.00411	0.00469	0.00704	0.00968	0.01291	0.02787	0.81899	0.03344	0.01584	0.00645	0.00205	0.00293	0.01438	0.00469	0.00411
15	0.15708	0.00935	0.01078	0.06004	0.01335	0.00963	0.00756	0.17751	0.03118	0.26761	0.03393	0.02169	0.10880	0.00736	0.00502	0.00164	0.00443	0.06121	0.00487	0.00697
16	0.01374	0.01022	0.01143	0.06099	0.01393	0.02741	0.00808	0.15965	0.33116	0.10685	0.05308	0.02249	0.05955	0.04214	0.00618	0.00182	0.00454	0.05463	0.00489	0.00720
17	0.01243	0.01258	0.07178	0.01625	0.02060	0.01124	0.44496	0.04974	0.08678	0.08365	0.12163	0.01759	0.01443	0.00565	0.00570	0.00166	0.00667	0.00611	0.00362	0.00691
18	0.01303	0.01382	0.01713	0.26565	0.35369	0.19637	0.01343	0.01573	0.01171	0.01444	0.00894	0.01196	0.00725	0.00482	0.00488	0.00149	0.00689	0.00416	0.00246	0.03213
19	0.00674	0.00571	0.00797	0.00753	0.00897	0.00511	0.08205	0.00816	0.01079	0.01368	0.05980	0.33036	0.37308	0.04743	0.00699	0.00197	0.00340	0.01138	0.00444	0.00443
20	0.01558	0.07296	0.28505	0.01307	0.01763	0.38510	0.01276	0.11037	0.01397	0.01598	0.00873	0.00996	0.00673	0.00512	0.00462	0.00142	0.00789	0.00355	0.00272	0.00679
21	0.01603	0.01197	0.01166	0.01001	0.01297	0.14034	0.00785	0.07465	0.30731	0.22172	0.11363	0.01873	0.01677	0.00681	0.00513	0.00158	0.00483	0.00550	0.00506	0.00745

[dist]
# distance from previous block
# <min> <max>
0	1

[block]
# block no. 8 follows, 49 sequences, length 34
# corresponding to MSA columns:
# 1120-1153
name=unknown_I
#
# <colnr> <probs for GDERKNQSTAVLIFYWHMCP>
#	G	D	E	R	K	N	Q	S	T	A	V	L	I	F	Y	W	H	M	C	P
0	0.01314	0.00892	0.00956	0.00827	0.01076	0.00968	0.00652	0.18048	0.25479	0.06856	0.04657	0.01869	0.03132	0.00657	0.00460	0.00147	0.00368	0.00531	0.30430	0.00680
1	0.00999	0.00595	0.00693	0.00627	0.00819	0.00524	0.00472	0.01165	0.02595	0.18043	0.14603	0.03800	0.41060	0.10775	0.00813	0.00204	0.00321	0.00878	0.00497	0.00519
2	0.00886	0.00558	0.00681	0.00625	0.00796	0.00495	0.00478	0.01084	0.01333	0.11752	0.43174	0.03791	0.27474	0.01044	0.00577	0.00161	0.00269	0.00895	0.03416	0.00510
3	0.00943	0.00471	0.00471	0.00471	0.00589	0.00471	0.00353	0.01178	0.01060	0.01885	0.01650	0.01885	0.01296	0.00589	0.00353	0.00118	0.00236	0.00471	0.85036	0.00471
4	0.00616	0.00440	0.00587	0.00704	0.00733	0.00411	0.00469	0.00704	0.00968	0.01291	0.02787	0.81899	0.03344	0.01584	0.00645	0.00205	0.00293	0.01438	0.00469	0.00411
5	0.01049	0.00899	0.01049	0.00749	0.01198	0.00674	0.00599	0.01273	0.01049	0.01648	0.00899	0.01049	0.00749	0.00374	0.00374	0.00075	0.00374	0.00300	0.00300	0.85320
6	0.00891	0.00793	0.01070	0.00992	0.01054	0.03645	0.00790	0.01040	0.00818	0.01183	0.01113	0.01707	0.01065	0.05808	0.48075	0.00578	0.28130	0.00509	0.00255	0.00484
7	0.53971	0.06259	0.16642	0.00859	0.01276	0.01149	0.00853	0.01625	0.00981	0.11096	0.00896	0.00975	0.00655	0.00488	0.00370	0.00154	0.00476	0.00321	0.00324	0.00630
8	0.00629	0.00448	0.00592	0.00700	0.00732	0.00420	0.00470	0.00719	0.00970	0.01295	0.04242	0.74528	0.03286	0.05652	0.00743	0.00220	0.00306	0.03176	0.00463	0.00408
9	0.01255	0.01239	0.02118	0.02937	0.68566	0.02785	0.08725	0.01560	0.01153	0.01631	0.00948	0.01252	0.00792	0.00459	0.00534	0.00153	0.02401	0.00462	0.00250	0.00780
10	0.01439	0.01120	0.01274	0.01076	0.01366	0.04356	0.04750	0.29524	0.19561	0.05871	0.03118	0.06003	0.01551	0.05596	0.00667	0.00190	0.00509	0.10845	0.00473	0.00711
11	0.00616	0.00440	0.00587	0.00704	0.00733	0.00411	0.00469	0.00704	0.00968	0.01291	0.02787	0.81899	0.03344	0.01584	0.00645	0.00205	0.00293	0.01438	0.00469	0.00411
12	0.01049	0.00899	0.01049	0.00749	0.01198	0.00674	0.00599	0.01273	0.01049	0.01648	0.00899	0.01049	0.00749	0.00374	0.00374	0.00075	0.00374	0.00300	0.00300	0.85320
13	0.01194	0.01364	0.02984	0.02131	0.02643	0.01279	0.77238	0.01620	0.01194	0.01620	0.01023	0.01364	0.00767	0.00426	0.00597	0.00171	0.00853	0.00597	0.00256	0.00682
14	0.01059	0.02303	0.60444	0.01614	0.02302	0.01200	0.20719	0.01606	0.01099	0.01606	0.00936	0.01142	0.00672	0.00467	0.00510	0.00163	0.00774	0.00429	0.00224	0.00731
15	0.00986	0.00523	0.00535	0.00514	0.00648	0.00530	0.00391	0.05225	0.01145	0.01960	0.04561	0.01921	0.01405	0.00607	0.00371	0.00121	0.00253	0.00487	0.77325	0.00492
16	0.00616	0.00440	0.00587	0.00704	0.00733	0.00411	0.00469	0.00704	0.00968	0.01291	0.02787	0.81899	0.03344	0.01584	0.00645	0.00205	0.00293	0.01438	0.00469	0.00411
17	0.01049	0.00899	0.01049	0.00749	0.01198	0.00674	0.00599	0.01273	0.01049	0.01648	0.00899	0.01049	0.00749	0.00374	0.00374	0.00075	0.00374	0.00300	0.00300	0.85320
18	0.49374	0.00839	0.00779	0.00680	0.00962	0.00897	0.00549	0.01548	0.01028	0.17189	0.04046	0.01511	0.06399	0.00632	0.00442	0.03060	0.00371	0.00422	0.08695	0.00579
19	0.00628	0.00447	0.00594	0.00707	0.00739	0.00420	0.00477	0.00718	0.00967	0.01289	0.02742	0.76376	0.03277	0.04330	0.00713	0.00216	0.00307	0.04180	0.00464	0.00409
20	0.01053	0.11774	0.70790	0.01375	0.02087	0.01269	0.01753	0.01591	0.01063	0.01554	0.00884	0.01038	0.00642	0.00475	0.00463	0.00154	0.00724	0.00362	0.00214	0.00736
21	0.01061	0.01057	0.01696	0.53637	0.10506	0.05310	0.09889	0.01378	0.01062	0.01371	0.00944	0.02973	0.00754	0.00520	0.00543	0.00164	0.02913	0.00475	0.00240	0.03507
22	0.00733	0.00499	0.00598	0.00598	0.00614	0.00515	0.00364	0.00765	0.00749	0.01015	0.01551	0.03074	0.01736	0.68301	0.16362	0.00547	0.00644	0.00701	0.00300	0.00332
23	0.01276	0.03522	0.04004	0.02579	0.48041	0.03791	0.21228	0.04461	0.01204	0.01665	0.00960	0.01249	0.00779	0.00463	0.00547	0.00156	0.02585	0.00478	0.00259	0.00754
24	0.01037	0.02168	0.57468	0.13640	0.12682	0.01170	0.01756	0.01548	0.01070	0.01562	0.00912	0.01134	0.00667	0.00480	0.00487	0.00160	0.00717	0.00395	0.00220	0.00727
25	0.00633	0.00457	0.00600	0.00690	0.00741	0.00424	0.00473	0.00747	0.01045	0.01400	0.13287	0.65467	0.07561	0.01489	0.00637	0.00198	0.00288	0.02959	0.00481	0.00422
26	0.00864	0.00696	0.00793	0.00741	0.00920	0.00716	0.00563	0.01459	0.25929	0.01911	0.38298	0.05741	0.17408	0.00985	0.00572	0.00167	0.00295	0.00849	0.00524	0.00569
27	0.00678	0.00468	0.00576	0.00637	0.00655	0.00453	0.00400	0.00728	0.00862	0.01149	0.02216	0.42550	0.02616	0.40006	0.01566	0.00342	0.00391	0.02956	0.00392	0.00362
28	0.00878	0.00439	0.00659	0.00659	0.00659	0.00439	0.00439	0.00659	0.00659	0.00878	0.00878	0.01537	0.00878	0.01757	0.01976	0.85288	0.00439	0.00439	0.00220	0.00220
29	0.00700	0.00477	0.00570	0.00610	0.00623	0.00468	0.00372	0.00734	0.00821	0.01093	0.02001	0.28280	0.02345	0.54455	0.01911	0.00393	0.00427	0.03013	0.00362	0.00344
30	0.01482	0.06162	0.04325	0.01478	0.08434	0.36737	0.03408	0.01648	0.01139	0.01289	0.00764	0.01023	0.00672	0.00631	0.00872	0.00164	0.28538	0.00384	0.00242	0.00606
31	0.00750	0.00552	0.00787	0.00779	0.00856	0.00639	0.00592	0.00907	0.00814	0.01188	0.01376	0.02123	0.01319	0.13879	0.62785	0.00711	0.04160	0.00560	0.04784	0.00437
32	0.01390	0.66713	0.08512	0.00963	0.01399	0.11288	0.00957	0.01581	0.01079	0.01228	0.00728	0.00843	0.00649	0.00447	0.00352	0.00115	0.00601	0.00285	0.00221	0.00649
33	0.01703	0.01120	0.01255	0.01033	0.01379	0.01212	0.00830	0.23428	0.37346	0.22283	0.01807	0.01657	0.01278	0.00649	0.00511	0.00162	0.00451	0.00523	0.00541	0.00832

[dist]
# distance from previous block
# <min> <max>
0	1

[block]
# block no. 9 follows, 49 sequences, length 35
# corresponding to MSA columns:
# 1155-1189
name=unknown_J
#
# <colnr> <probs for GDERKNQSTAVLIFYWHMCP>
#	G	D	E	R	K	N	Q	S	T	A	V	L	I	F	Y	W	H	M	C	P
0	0.01600	0.00971	0.01259	0.01005	0.01292	0.01017	0.00825	0.03998	0.07460	0.33075	0.01381	0.01410	0.00997	0.00650	0.00800	0.00159	0.22833	0.00450	0.00433	0.18389
1	0.37813	0.06991	0.01257	0.00942	0.01296	0.08683	0.00779	0.32599	0.01546	0.02474	0.00920	0.00990	0.00692	0.00528	0.00406	0.00149	0.00517	0.00353	0.00380	0.00686
2	0.00878	0.00439	0.00659	0.00659	0.00659	0.00439	0.00439	0.00659	0.00659	0.00878	0.00878	0.01537	0.00878	0.01757	0.01976	0.85288	0.00439	0.00439	0.00220	0.00220
3	0.01352	0.82533	0.02650	0.00865	0.01298	0.02001	0.00865	0.01514	0.01027	0.01190	0.00703	0.00811	0.00649	0.00433	0.00324	0.00108	0.00541	0.00270	0.00216	0.00649
4	0.01522	0.00792	0.00979	0.00830	0.01116	0.00755	0.00664	0.01966	0.17024	0.37357	0.12688	0.02711	0.14473	0.00832	0.00544	0.00166	0.00372	0.03938	0.00562	0.00710
5	0.09874	0.00871	0.01134	0.00878	0.01262	0.00779	0.00725	0.02375	0.01394	0.72400	0.01877	0.01639	0.01188	0.00612	0.00491	0.00156	0.00427	0.00487	0.00597	0.00832
6	0.01084	0.01019	0.01708	0.51262	0.30446	0.01162	0.01446	0.03208	0.01094	0.01466	0.00925	0.01310	0.00724	0.00488	0.00504	0.00162	0.00645	0.00450	0.00241	0.00654
7	0.01811	0.01619	0.01295	0.01133	0.01419	0.37570	0.00893	0.09651	0.05632	0.20716	0.01405	0.01743	0.01125	0.00673	0.00533	0.00155	0.02571	0.08965	0.00411	0.00678
8	0.00729	0.00499	0.00603	0.00606	0.00625	0.00515	0.00374	0.00767	0.00757	0.01027	0.01581	0.05266	0.01770	0.64757	0.17568	0.00545	0.00652	0.00718	0.00304	0.00337
9	0.02234	0.00916	0.01208	0.00926	0.01319	0.00826	0.00765	0.09988	0.01541	0.71769	0.01917	0.01670	0.01212	0.00624	0.00508	0.00156	0.00443	0.00503	0.00614	0.00861
10	0.01245	0.01180	0.01898	0.04422	0.37155	0.03514	0.15292	0.10127	0.04482	0.01764	0.01262	0.11515	0.01145	0.00629	0.00557	0.00163	0.02009	0.00604	0.00318	0.00719
11	0.01252	0.01201	0.02053	0.03104	0.79074	0.01201	0.01552	0.01552	0.01151	0.01652	0.00951	0.01252	0.00801	0.00451	0.00501	0.00150	0.00601	0.00451	0.00250	0.00801
12	0.00687	0.00495	0.00665	0.00776	0.00844	0.00473	0.00590	0.00829	0.01048	0.01375	0.02866	0.50530	0.07008	0.01501	0.00662	0.00214	0.00354	0.28184	0.00468	0.00431
13	0.10872	0.54214	0.20775	0.00980	0.01474	0.01705	0.01068	0.01532	0.01018	0.01411	0.00752	0.00873	0.00635	0.00448	0.00360	0.00126	0.00573	0.00295	0.00227	0.00661
14	0.01032	0.06895	0.75487	0.01410	0.02141	0.01219	0.01815	0.01597	0.01065	0.01579	0.00897	0.01054	0.00641	0.00478	0.00472	0.00157	0.00736	0.00368	0.00214	0.00742
15	0.01167	0.01133	0.01843	0.30657	0.49774	0.03733	0.01481	0.01475	0.01111	0.01511	0.00927	0.01275	0.00751	0.00472	0.00501	0.00156	0.00637	0.00446	0.00242	0.00709
16	0.00955	0.00899	0.01517	0.81013	0.03483	0.01123	0.01404	0.01292	0.01011	0.01292	0.00899	0.01348	0.00674	0.00506	0.00506	0.00169	0.00674	0.00449	0.00225	0.00562
17	0.00943	0.00471	0.00471	0.00471	0.00589	0.00471	0.00353	0.01178	0.01060	0.01885	0.01650	0.01885	0.01296	0.00589	0.00353	0.00118	0.00236	0.00471	0.85036	0.00471
18	0.00765	0.00623	0.00789	0.08135	0.04153	0.03858	0.00622	0.00912	0.02658	0.01282	0.02224	0.50498	0.02552	0.11843	0.04330	0.00260	0.00445	0.03205	0.00401	0.00446
19	0.00674	0.00464	0.00570	0.00630	0.00645	0.00449	0.00390	0.00719	0.00855	0.01140	0.02207	0.43734	0.02613	0.40747	0.01582	0.00344	0.00389	0.01097	0.00390	0.00360
20	0.00635	0.00514	0.00564	0.00551	0.00706	0.00443	0.00413	0.00797	0.01240	0.01573	0.28218	0.04525	0.55644	0.01203	0.00597	0.00167	0.00251	0.01019	0.00497	0.00443
21	0.00967	0.00911	0.01539	0.77767	0.06633	0.01127	0.01410	0.01303	0.01017	0.01307	0.00901	0.01344	0.00679	0.00503	0.00505	0.00168	0.00671	0.00449	0.00226	0.00572
22	0.01090	0.00897	0.01053	0.00754	0.01201	0.00676	0.00604	0.01313	0.01062	0.04270	0.00936	0.01071	0.00766	0.00383	0.00379	0.00078	0.00376	0.00307	0.00311	0.82473
23	0.01258	0.01086	0.01143	0.01029	0.01315	0.01258	0.00800	0.02687	0.78161	0.02115	0.02058	0.01887	0.01544	0.00686	0.00515	0.00172	0.00400	0.00572	0.00515	0.00800
24	0.03932	0.34121	0.37783	0.01134	0.01685	0.03124	0.01302	0.04536	0.01113	0.01521	0.03187	0.02738	0.00829	0.00507	0.00421	0.00139	0.00625	0.00370	0.00246	0.00688
25	0.01454	0.01118	0.01443	0.01190	0.01521	0.04559	0.12918	0.06192	0.37689	0.16087	0.01839	0.02044	0.01417	0.00687	0.00540	0.00171	0.00514	0.07385	0.00478	0.00756
26	0.01083	0.02090	0.51743	0.01394	0.01892	0.01309	0.01590	0.04780	0.01033	0.01550	0.00844	0.01086	0.00657	0.00613	0.00851	0.00179	0.25988	0.00399	0.00229	0.00691
27	0.01049	0.00899	0.01049	0.00749	0.01198	0.00674	0.00599	0.01273	0.01049	0.01648	0.00899	0.01049	0.00749	0.00374	0.00374	0.00075	0.00374	0.00300	0.00300	0.85320
28	0.01765	0.00990	0.01160	0.00952	0.01288	0.01021	0.00766	0.12788	0.28932	0.35771	0.01885	0.01722	0.01305	0.00642	0.00499	0.00158	0.00423	0.00521	0.06599	0.00811
29	0.01049	0.00899	0.01049	0.00749	0.01198	0.00674	0.00599	0.01273	0.01049	0.01648	0.00899	0.01049	0.00749	0.00374	0.00374	0.00075	0.00374	0.00300	0.00300	0.85320
30	0.00966	0.00754	0.01014	0.00917	0.00974	0.00923	0.00703	0.03287	0.00854	0.05106	0.01228	0.02068	0.01231	0.26728	0.24112	0.00466	0.27343	0.00564	0.00290	0.00473
31	0.00923	0.01296	0.23505	0.09468	0.20499	0.00895	0.01221	0.01239	0.01077	0.01510	0.05890	0.24554	0.04128	0.00847	0.00545	0.00172	0.00531	0.00756	0.00324	0.00621
32	0.02140	0.00873	0.01159	0.00905	0.01280	0.00784	0.00742	0.02448	0.08431	0.70532	0.03841	0.01785	0.01363	0.00641	0.00511	0.00158	0.00423	0.00524	0.00614	0.00846
33	0.00818	0.00733	0.01202	0.01084	0.01198	0.00781	0.14390	0.00977	0.00982	0.01346	0.02079	0.49416	0.02375	0.01241	0.00823	0.00203	0.15140	0.04337	0.00386	0.00488
34	0.03372	0.00900	0.01464	0.39348	0.14250	0.01001	0.06764	0.03978	0.01104	0.01501	0.03048	0.11909	0.05894	0.00692	0.00528	0.00168	0.00570	0.00630	0.02292	0.00586

[dist]
# distance from previous block
# <min> <max>
0	3

[block]
# block no. 10 follows, 49 sequences, length 117
# corresponding to MSA columns:
# 1193-1309
name=unknown_K
#
# <colnr> <probs for GDERKNQSTAVLIFYWHMCP>
#	G	D	E	R	K	N	Q	S	T	A	V	L	I	F	Y	W	H	M	C	P
0	0.13034	0.01145	0.04555	0.30438	0.25225	0.04977	0.03592	0.03156	0.01097	0.03088	0.00995	0.04703	0.00825	0.00533	0.00483	0.00160	0.00609	0.00465	0.00272	0.00649
