[name]
unknown

[dist]
# distance from previous block
# <min> <max>
3	508

[block]
# block no. 0 follows, 44 sequences, length 87
# corresponding to MSA columns:
# 583-669
name=unknown_A
#
# <colnr> <probs for GDERKNQSTAVLIFYWHMCP>
#	G	D	E	R	K	N	Q	S	T	A	V	L	I	F	Y	W	H	M	C	P
0	0.06582	0.00706	0.00945	0.03808	0.09236	0.00703	0.00721	0.04133	0.01144	0.05501	0.02330	0.48440	0.02602	0.03966	0.02262	0.00226	0.00430	0.03187	0.00456	0.02623
1	0.01026	0.00764	0.00987	0.05681	0.07020	0.00782	0.00713	0.10756	0.03361	0.03553	0.02205	0.33930	0.04645	0.16730	0.02815	0.00274	0.00478	0.01000	0.00439	0.02839
2	0.01548	0.01241	0.01703	0.13344	0.26276	0.01336	0.01248	0.29038	0.03503	0.04821	0.03371	0.02997	0.01161	0.03425	0.00632	0.00182	0.00606	0.02352	0.00409	0.00807
3	0.01135	0.01017	0.03190	0.03340	0.08396	0.03512	0.00809	0.10471	0.18906	0.01895	0.04041	0.08861	0.22835	0.08197	0.00787	0.00212	0.00462	0.00814	0.00463	0.00655
4	0.01459	0.01219	0.07718	0.04770	0.03294	0.03787	0.00937	0.21205	0.10028	0.10183	0.06865	0.02135	0.09044	0.01055	0.07618	0.00232	0.00602	0.00607	0.06505	0.00739
5	0.04137	0.03774	0.05404	0.00911	0.01225	0.08643	0.00766	0.06748	0.13443	0.14189	0.01633	0.01682	0.01214	0.00624	0.00464	0.00148	0.00466	0.00486	0.28985	0.05057
6	0.08622	0.01462	0.01493	0.05512	0.10520	0.16519	0.03368	0.12335	0.20029	0.04202	0.01446	0.01531	0.02908	0.00716	0.02522	0.00184	0.02233	0.00496	0.00404	0.03497
7	0.03253	0.05585	0.08710	0.01622	0.15859	0.01381	0.04971	0.30259	0.05381	0.05386	0.01395	0.08495	0.01161	0.00680	0.00542	0.00167	0.00594	0.00574	0.00425	0.03561
8	0.07254	0.01036	0.01410	0.24627	0.02114	0.01121	0.06736	0.10874	0.11287	0.04443	0.03930	0.04444	0.09537	0.00711	0.00545	0.00171	0.00551	0.00610	0.00400	0.08199
9	0.01463	0.01291	0.04385	0.05674	0.06565	0.01253	0.24361	0.17290	0.08897	0.07825	0.09907	0.01779	0.01448	0.00623	0.00580	0.00170	0.00641	0.00600	0.00424	0.04824
10	0.06536	0.01133	0.07122	0.03858	0.17145	0.05060	0.00956	0.09719	0.01317	0.02002	0.01488	0.10604	0.01309	0.00700	0.00488	0.00157	0.00493	0.00586	0.26551	0.02777
11	0.19081	0.01278	0.09465	0.08918	0.08592	0.01217	0.05517	0.02056	0.24749	0.07210	0.01431	0.01522	0.01072	0.00632	0.00546	0.02468	0.00545	0.00491	0.02466	0.00745
12	0.08723	0.00860	0.00869	0.00774	0.00939	0.04835	0.00537	0.05704	0.07211	0.07333	0.01577	0.02613	0.01562	0.45805	0.01770	0.00364	0.00524	0.00638	0.00385	0.06976
13	0.03116	0.00813	0.01032	0.00863	0.01166	0.00742	0.00685	0.04510	0.04958	0.41580	0.14103	0.09745	0.12455	0.00931	0.00586	0.00177	0.00396	0.00785	0.00609	0.00748
14	0.01349	0.01295	0.02213	0.03346	0.77440	0.01295	0.01673	0.01673	0.01241	0.01781	0.01025	0.01349	0.00864	0.00486	0.00540	0.00162	0.00648	0.00486	0.00270	0.00864
15	0.01428	0.01110	0.01263	0.00935	0.01398	0.00989	0.00756	0.19323	0.04728	0.05738	0.01159	0.01246	0.00898	0.00491	0.00451	0.00109	0.00455	0.00386	0.00403	0.56735
16	0.00775	0.00550	0.00729	0.00741	0.00789	0.00592	0.00510	0.00874	0.00854	0.01185	0.01714	0.09863	0.01840	0.37881	0.37990	0.00663	0.00944	0.00764	0.00328	0.00413
17	0.01369	0.22680	0.26858	0.01612	0.07477	0.12790	0.14305	0.01747	0.01220	0.01549	0.00939	0.01151	0.00749	0.00594	0.02579	0.00173	0.00800	0.00419	0.00251	0.00736
18	0.01641	0.28736	0.08881	0.01162	0.01603	0.03941	0.08070	0.06027	0.01354	0.21398	0.01472	0.04300	0.01208	0.00673	0.00508	0.00161	0.00602	0.07105	0.00404	0.00756
19	0.00693	0.00567	0.00621	0.00644	0.00816	0.00494	0.00508	0.00857	0.01252	0.01522	0.06768	0.05395	0.60884	0.01399	0.00666	0.00197	0.00320	0.15420	0.00508	0.00470
20	0.01161	0.00987	0.01147	0.00822	0.01305	0.00758	0.00659	0.03810	0.01178	0.01831	0.00980	0.01136	0.00811	0.00412	0.00408	0.00083	0.00410	0.00329	0.00330	0.81441
21	0.84691	0.01054	0.00801	0.00717	0.01054	0.01223	0.00590	0.01603	0.00928	0.02446	0.00759	0.00886	0.00590	0.00506	0.00337	0.00169	0.00422	0.00295	0.00337	0.00590
22	0.01130	0.00969	0.01130	0.00807	0.01292	0.00727	0.00646	0.01373	0.01130	0.01776	0.00969	0.01130	0.00807	0.00404	0.00404	0.00081	0.00404	0.00323	0.00323	0.84173
23	0.01096	0.01037	0.01755	0.63747	0.19020	0.01229	0.01547	0.01451	0.01121	0.01473	0.00981	0.01432	0.00755	0.00533	0.00544	0.00178	0.00710	0.00485	0.00248	0.00659
24	0.84691	0.01054	0.00801	0.00717	0.01054	0.01223	0.00590	0.01603	0.00928	0.02446	0.00759	0.00886	0.00590	0.00506	0.00337	0.00169	0.00422	0.00295	0.00337	0.00590
25	0.01059	0.00879	0.01025	0.00770	0.01159	0.00685	0.00589	0.01256	0.01071	0.01644	0.01159	0.04046	0.01093	0.13943	0.00811	0.00160	0.00422	0.00441	0.00330	0.67460
26	0.00727	0.00505	0.00612	0.00669	0.00700	0.00482	0.00422	0.00774	0.00944	0.01241	0.02615	0.38240	0.09486	0.35405	0.01626	0.03181	0.00408	0.01155	0.00422	0.00390
27	0.84691	0.01054	0.00801	0.00717	0.01054	0.01223	0.00590	0.01603	0.00928	0.02446	0.00759	0.00886	0.00590	0.00506	0.00337	0.00169	0.00422	0.00295	0.00337	0.00590
28	0.00693	0.00503	0.00654	0.00762	0.00820	0.00470	0.00536	0.00811	0.01090	0.01435	0.04797	0.61058	0.10427	0.03879	0.00755	0.00229	0.00339	0.09792	0.00503	0.00450
29	0.84691	0.01054	0.00801	0.00717	0.01054	0.01223	0.00590	0.01603	0.00928	0.02446	0.00759	0.00886	0.00590	0.00506	0.00337	0.00169	0.00422	0.00295	0.00337	0.00590
30	0.01842	0.02273	0.01422	0.01297	0.01568	0.64471	0.00975	0.02094	0.07314	0.01445	0.03791	0.01473	0.06442	0.00653	0.00512	0.00148	0.00866	0.00450	0.00329	0.00634
31	0.00669	0.00501	0.00607	0.00688	0.00760	0.00454	0.00466	0.00768	0.01081	0.01389	0.03619	0.53223	0.24335	0.07733	0.00842	0.00235	0.00321	0.01378	0.00493	0.00439
32	0.00783	0.00569	0.00798	0.00798	0.00868	0.00639	0.00583	0.00923	0.00853	0.01207	0.01532	0.02540	0.01536	0.25522	0.57483	0.00779	0.01200	0.00642	0.00303	0.00443
33	0.01650	0.01990	0.02220	0.01857	0.06651	0.39176	0.28908	0.01919	0.01375	0.01513	0.00941	0.01204	0.00760	0.00549	0.00652	0.00166	0.07036	0.00478	0.00275	0.00682
34	0.00779	0.00584	0.00876	0.00876	0.00974	0.00681	0.00681	0.00974	0.00876	0.01266	0.01460	0.02142	0.01363	0.04089	0.78680	0.00876	0.01460	0.00584	0.00292	0.00487
35	0.00817	0.00607	0.00740	0.00794	0.00907	0.00585	0.00586	0.07589	0.01252	0.01626	0.03364	0.47383	0.18748	0.01516	0.00679	0.00212	0.00359	0.11229	0.00509	0.00498
36	0.01127	0.01136	0.08088	0.00875	0.01389	0.00776	0.00770	0.01405	0.01132	0.01772	0.00970	0.01132	0.00797	0.00414	0.00414	0.00089	0.00440	0.00330	0.00315	0.76629
37	0.48150	0.00819	0.00724	0.00701	0.00934	0.00892	0.00542	0.01260	0.01044	0.02060	0.07813	0.19302	0.12096	0.00938	0.00482	0.00183	0.00366	0.00743	0.00418	0.00534
38	0.00681	0.00551	0.00588	0.00580	0.00738	0.00476	0.00425	0.00828	0.01256	0.01564	0.18149	0.04882	0.57359	0.08523	0.00837	0.00213	0.00296	0.01088	0.00507	0.00458
39	0.84691	0.01054	0.00801	0.00717	0.01054	0.01223	0.00590	0.01603	0.00928	0.02446	0.00759	0.00886	0.00590	0.00506	0.00337	0.00169	0.00422	0.00295	0.00337	0.00590
40	0.01509	0.01187	0.01712	0.30345	0.17262	0.01313	0.03174	0.23485	0.01597	0.07636	0.01205	0.01445	0.00890	0.00577	0.00540	0.00169	0.00639	0.00496	0.04045	0.00774
41	0.00779	0.00584	0.00876	0.00876	0.00974	0.00681	0.00681	0.00974	0.00876	0.01266	0.01460	0.02142	0.01363	0.04089	0.78680	0.00876	0.01460	0.00584	0.00292	0.00487
42	0.01992	0.01487	0.01591	0.01238	0.01660	0.01653	0.01017	0.67472	0.10844	0.03306	0.01411	0.01390	0.01010	0.00664	0.00546	0.00166	0.00581	0.00505	0.00546	0.00920
43	0.00886	0.00495	0.00665	0.00665	0.00665	0.00495	0.00417	0.00743	0.00743	0.00990	0.01250	0.02408	0.01354	0.32920	0.02384	0.51280	0.00495	0.00599	0.00274	0.00274
44	0.01047	0.28535	0.01645	0.00963	0.01208	0.01187	0.06144	0.01327	0.07908	0.01460	0.02018	0.40082	0.02222	0.01100	0.00560	0.00179	0.00463	0.00964	0.00399	0.00591
45	0.01418	0.01795	0.31239	0.10390	0.18434	0.01190	0.09204	0.01857	0.01255	0.16145	0.01223	0.01393	0.00871	0.00538	0.00544	0.00172	0.00710	0.00482	0.00329	0.00812
46	0.00671	0.00488	0.00633	0.00735	0.00788	0.00450	0.00498	0.00782	0.01100	0.01460	0.08965	0.67768	0.10386	0.01632	0.00687	0.00214	0.00308	0.01470	0.00513	0.00450
47	0.01193	0.01193	0.01670	0.01431	0.01431	0.01670	0.01193	0.01312	0.00835	0.01312	0.00716	0.01193	0.00716	0.00954	0.01789	0.00239	0.79843	0.00477	0.00239	0.00596
48	0.01235	0.01443	0.11309	0.19574	0.36093	0.01292	0.17810	0.01634	0.01207	0.01682	0.01024	0.01375	0.00805	0.00497	0.00561	0.00172	0.00743	0.00510	0.00260	0.00772
49	0.02206	0.01115	0.01344	0.01039	0.01445	0.01103	0.00856	0.29064	0.01894	0.45243	0.01818	0.01670	0.01200	0.00664	0.00535	0.00164	0.00498	0.00524	0.06721	0.00897
50	0.77688	0.01094	0.00872	0.00762	0.01108	0.01263	0.00628	0.07877	0.01066	0.02530	0.00806	0.00922	0.00619	0.00519	0.00355	0.00168	0.00437	0.00312	0.00355	0.00619
51	0.01131	0.01529	0.20384	0.16456	0.02498	0.01176	0.26746	0.01552	0.01202	0.03553	0.01564	0.02106	0.06900	0.00678	0.00642	0.00188	0.03499	0.07204	0.00306	0.00685
52	0.01452	0.79346	0.02830	0.00944	0.01400	0.02146	0.00939	0.01625	0.01102	0.01283	0.00757	0.00882	0.00700	0.00478	0.00383	0.00119	0.02389	0.00296	0.00233	0.00697
53	0.01349	0.01295	0.02213	0.03346	0.77440	0.01295	0.01673	0.01673	0.01241	0.01781	0.01025	0.01349	0.00864	0.00486	0.00540	0.00162	0.00648	0.00486	0.00270	0.00864
54	0.00877	0.00737	0.00911	0.00900	0.01006	0.06700	0.00690	0.01056	0.00923	0.01259	0.01428	0.02136	0.01348	0.08336	0.68165	0.00799	0.01369	0.00578	0.00293	0.00489
55	0.01156	0.12135	0.28518	0.18521	0.10029	0.01310	0.09422	0.01547	0.01129	0.01553	0.02458	0.01331	0.00839	0.00626	0.00645	0.06659	0.00719	0.00457	0.00250	0.00697
56	0.01275	0.01337	0.04990	0.15247	0.45569	0.01300	0.18925	0.01647	0.01225	0.01709	0.01033	0.01387	0.00827	0.00490	0.00564	0.00171	0.00729	0.00520	0.00265	0.00790
57	0.00779	0.00584	0.00876	0.00876	0.00974	0.00681	0.00681	0.00974	0.00876	0.01266	0.01460	0.02142	0.01363	0.04089	0.78680	0.00876	0.01460	0.00584	0.00292	0.00487
58	0.84691	0.01054	0.00801	0.00717	0.01054	0.01223	0.00590	0.01603	0.00928	0.02446	0.00759	0.00886	0.00590	0.00506	0.00337	0.00169	0.00422	0.00295	0.00337	0.00590
59	0.03541	0.07264	0.01401	0.02644	0.01441	0.01105	0.00825	0.20321	0.01636	0.24245	0.06331	0.01681	0.01317	0.00628	0.00503	0.00144	0.00484	0.02294	0.00495	0.21698
60	0.00644	0.00552	0.00552	0.00552	0.00736	0.00460	0.00414	0.00782	0.01243	0.01473	0.05523	0.05247	0.77218	0.01381	0.00644	0.00184	0.00276	0.01151	0.00506	0.00460
61	0.00772	0.00557	0.00729	0.00686	0.00814	0.00514	0.00514	0.01029	0.01543	0.02186	0.77152	0.04072	0.05144	0.01115	0.00643	0.00171	0.00257	0.00986	0.00600	0.00514
62	0.01099	0.01000	0.01662	0.55455	0.19841	0.01166	0.01447	0.01444	0.01129	0.01537	0.01055	0.01483	0.00818	0.00540	0.00529	0.00172	0.00666	0.00487	0.07816	0.00654
63	0.01093	0.02820	0.78016	0.01554	0.02360	0.01266	0.02014	0.01727	0.01151	0.01727	0.00978	0.01151	0.00691	0.00518	0.00518	0.00173	0.00806	0.00403	0.00230	0.00806
64	0.01261	0.01097	0.01264	0.14239	0.01769	0.01276	0.00948	0.02518	0.58913	0.02113	0.05671	0.02090	0.02972	0.00736	0.00559	0.00184	0.00470	0.00621	0.00504	0.00796
65	0.00837	0.00614	0.00821	0.00924	0.01060	0.00598	0.00796	0.01068	0.01253	0.01603	0.03354	0.05990	0.16261	0.01484	0.00734	0.00239	0.00462	0.60906	0.00503	0.00495
66	0.00777	0.00566	0.00677	0.00646	0.00803	0.00502	0.00485	0.00983	0.01416	0.04445	0.45297	0.06191	0.32787	0.01216	0.00642	0.00177	0.00273	0.01048	0.00564	0.00506
67	0.01130	0.00969	0.01130	0.00807	0.01292	0.00727	0.00646	0.01373	0.01130	0.01776	0.00969	0.01130	0.00807	0.00404	0.00404	0.00081	0.00404	0.00323	0.00323	0.84173
68	0.77962	0.01083	0.00869	0.02152	0.01143	0.01252	0.00635	0.06296	0.01034	0.02490	0.00798	0.00923	0.00614	0.00516	0.00354	0.00169	0.00438	0.00311	0.00349	0.00612
69	0.01149	0.01607	0.18870	0.01857	0.02396	0.01205	0.47082	0.01603	0.01277	0.01761	0.08300	0.01929	0.07094	0.00603	0.00616	0.00180	0.00785	0.00662	0.00313	0.00709
70	0.01510	0.74058	0.02738	0.00976	0.01425	0.09080	0.00944	0.01682	0.01147	0.01287	0.00766	0.00884	0.00700	0.00475	0.00363	0.00119	0.00619	0.00297	0.00238	0.00694
71	0.00654	0.00553	0.00566	0.00563	0.00742	0.00464	0.00422	0.00801	0.01266	0.01528	0.11061	0.05156	0.71646	0.01360	0.00644	0.00183	0.00275	0.01138	0.00514	0.00464
72	0.00762	0.00557	0.00715	0.00676	0.00808	0.00510	0.00507	0.01010	0.01520	0.02131	0.71614	0.04163	0.10716	0.01135	0.00643	0.00172	0.00259	0.00999	0.00593	0.00510
73	0.00947	0.00473	0.00710	0.00710	0.00710	0.00473	0.00473	0.00710	0.00710	0.00947	0.00947	0.01657	0.00947	0.01894	0.02131	0.84138	0.00473	0.00473	0.00237	0.00237
74	0.00664	0.00476	0.00631	0.00755	0.00790	0.00443	0.00504	0.00760	0.01048	0.01393	0.03059	0.78864	0.05191	0.01701	0.00695	0.00221	0.00315	0.01541	0.00506	0.00443
75	0.00780	0.00580	0.00854	0.00854	0.00944	0.00670	0.00654	0.00960	0.00870	0.01249	0.01480	0.02252	0.01411	0.10022	0.72812	0.00849	0.01388	0.00600	0.00295	0.00475
76	0.01448	0.79078	0.04862	0.00949	0.01425	0.02133	0.00962	0.01635	0.01109	0.01294	0.00764	0.00882	0.00699	0.00468	0.00354	0.00118	0.00589	0.00294	0.00233	0.00702
77	0.01130	0.00969	0.01130	0.00807	0.01292	0.00727	0.00646	0.01373	0.01130	0.01776	0.00969	0.01130	0.00807	0.00404	0.00404	0.00081	0.00404	0.00323	0.00323	0.84173
78	0.01579	0.14139	0.01961	0.16403	0.19974	0.25076	0.03835	0.01853	0.02782	0.05980	0.01009	0.01230	0.00806	0.00532	0.00501	0.00154	0.00749	0.00426	0.00292	0.00718
79	0.01458	0.81168	0.02857	0.00933	0.01399	0.02157	0.00933	0.01632	0.01108	0.01283	0.00758	0.00875	0.00700	0.00466	0.00350	0.00117	0.00583	0.00292	0.00233	0.00700
80	0.00656	0.00553	0.00568	0.00564	0.00743	0.00465	0.00423	0.00805	0.01270	0.01537	0.12021	0.05140	0.70680	0.01357	0.00644	0.00183	0.00274	0.01136	0.00515	0.00465
81	0.02324	0.01099	0.08211	0.01023	0.01479	0.00843	0.00911	0.02573	0.01523	0.70931	0.02045	0.01792	0.01290	0.00661	0.00546	0.00169	0.00495	0.00535	0.00635	0.00917
82	0.01454	0.01210	0.01444	0.01522	0.15505	0.01340	0.01019	0.12107	0.48008	0.04444	0.01959	0.03047	0.03050	0.00708	0.00555	0.00178	0.00489	0.00599	0.00502	0.00858
83	0.00700	0.00510	0.00659	0.00715	0.00794	0.00469	0.00501	0.00855	0.01235	0.01674	0.28892	0.47232	0.10800	0.01473	0.00673	0.00201	0.00292	0.01319	0.00539	0.00469
84	0.00675	0.00484	0.00655	0.00770	0.00807	0.00464	0.00522	0.00779	0.01029	0.01380	0.02865	0.73395	0.03403	0.01923	0.07753	0.00281	0.00420	0.01462	0.00487	0.00447
85	0.01829	0.21391	0.02012	0.01372	0.01722	0.53263	0.07758	0.02007	0.01416	0.01359	0.00846	0.01001	0.00713	0.00530	0.00471	0.00139	0.00881	0.00363	0.00269	0.00658
86	0.01264	0.23696	0.49218	0.01327	0.01990	0.01512	0.01591	0.07398	0.01248	0.01750	0.00972	0.01120	0.00736	0.00519	0.00470	0.00155	0.00711	0.00383	0.03162	0.00776

[dist]
# distance from previous block
# <min> <max>
2	5

[block]
# block no. 1 follows, 44 sequences, length 72
# corresponding to MSA columns:
# 675-746
name=unknown_B
#
# <colnr> <probs for GDERKNQSTAVLIFYWHMCP>
#	G	D	E	R	K	N	Q	S	T	A	V	L	I	F	Y	W	H	M	C	P
0	0.00907	0.00582	0.00748	0.00736	0.00848	0.00640	0.00560	0.03401	0.01021	0.01599	0.01588	0.02169	0.01402	0.07744	0.42781	0.00559	0.00934	0.00567	0.30718	0.00498
1	0.01130	0.00969	0.01130	0.00807	0.01292	0.00727	0.00646	0.01373	0.01130	0.01776	0.00969	0.01130	0.00807	0.00404	0.00404	0.00081	0.00404	0.00323	0.00323	0.84173
2	0.01383	0.01329	0.02416	0.07162	0.02384	0.01329	0.43415	0.19388	0.01551	0.02086	0.01373	0.10972	0.01180	0.00663	0.00619	0.00183	0.00756	0.00705	0.00366	0.00737
3	0.01030	0.00969	0.01635	0.79530	0.03755	0.01211	0.01514	0.01393	0.01090	0.01393	0.00969	0.01453	0.00727	0.00545	0.00545	0.00182	0.00727	0.00484	0.00242	0.00606
4	0.01055	0.01118	0.06916	0.69112	0.08559	0.01221	0.01559	0.01434	0.01104	0.01442	0.00973	0.01426	0.00733	0.00539	0.00543	0.00180	0.00727	0.00479	0.00243	0.00637
5	0.02072	0.01527	0.01636	0.01254	0.01691	0.01691	0.01036	0.75622	0.02563	0.03436	0.01309	0.01309	0.00927	0.00654	0.00545	0.00164	0.00600	0.00491	0.00545	0.00927
6	0.01193	0.01193	0.01670	0.01431	0.01431	0.01670	0.01193	0.01312	0.00835	0.01312	0.00716	0.01193	0.00716	0.00954	0.01789	0.00239	0.79843	0.00477	0.00239	0.00596
7	0.00927	0.00714	0.00846	0.00877	0.01003	0.00748	0.00628	0.06412	0.19303	0.01746	0.02699	0.56163	0.02954	0.01403	0.00652	0.00209	0.00363	0.01252	0.00520	0.00577
8	0.07915	0.00936	0.01234	0.00953	0.01369	0.00829	0.00787	0.02587	0.01518	0.72805	0.02058	0.01791	0.01299	0.00664	0.00534	0.00169	0.00461	0.00531	0.00652	0.00905
9	0.00664	0.00474	0.00633	0.00759	0.00791	0.00443	0.00506	0.00759	0.01044	0.01392	0.03005	0.80485	0.03606	0.01708	0.00696	0.00221	0.00316	0.01550	0.00506	0.00443
10	0.01896	0.01697	0.32457	0.01207	0.01785	0.00990	0.01294	0.02279	0.01394	0.46894	0.01674	0.01569	0.01082	0.00611	0.00536	0.00170	0.00603	0.00489	0.00494	0.00878
11	0.01318	0.01345	0.02537	0.05368	0.49683	0.01321	0.26849	0.01689	0.01252	0.01757	0.01050	0.01394	0.00847	0.00479	0.00575	0.00170	0.00743	0.00540	0.00271	0.00812
12	0.00779	0.00584	0.00876	0.00876	0.00974	0.00681	0.00681	0.00974	0.00876	0.01266	0.01460	0.02142	0.01363	0.04089	0.78680	0.00876	0.01460	0.00584	0.00292	0.00487
13	0.01030	0.00969	0.01635	0.79530	0.03755	0.01211	0.01514	0.01393	0.01090	0.01393	0.00969	0.01453	0.00727	0.00545	0.00545	0.00182	0.00727	0.00484	0.00242	0.00606
14	0.01269	0.01269	0.04419	0.08529	0.60843	0.01234	0.03144	0.01628	0.03264	0.01743	0.01363	0.01639	0.06110	0.00559	0.00549	0.00166	0.00633	0.00536	0.00291	0.00813
15	0.01503	0.49984	0.04224	0.03003	0.04682	0.12588	0.12419	0.03231	0.01231	0.01436	0.00853	0.01026	0.00731	0.00486	0.00433	0.00135	0.00701	0.00372	0.00254	0.00707
16	0.01041	0.00984	0.01638	0.74170	0.03595	0.01243	0.01492	0.01387	0.01073	0.01387	0.00952	0.01436	0.00726	0.00573	0.00630	0.00186	0.06157	0.00484	0.00242	0.00605
17	0.01130	0.00969	0.01130	0.00807	0.01292	0.00727	0.00646	0.01373	0.01130	0.01776	0.00969	0.01130	0.00807	0.00404	0.00404	0.00081	0.00404	0.00323	0.00323	0.84173
18	0.01398	0.06419	0.14107	0.01443	0.01685	0.20157	0.03596	0.01619	0.01087	0.01396	0.00803	0.01126	0.00711	0.00746	0.01152	0.00196	0.41032	0.00429	0.00248	0.00649
19	0.00714	0.00546	0.00655	0.00646	0.00784	0.00487	0.00477	0.00910	0.01380	0.01842	0.43198	0.12865	0.30969	0.01276	0.00649	0.00181	0.00271	0.01107	0.00556	0.00487
20	0.00779	0.00584	0.00876	0.00876	0.00974	0.00681	0.00681	0.00974	0.00876	0.01266	0.01460	0.02142	0.01363	0.04089	0.78680	0.00876	0.01460	0.00584	0.00292	0.00487
21	0.01199	0.01141	0.01941	0.39265	0.42699	0.01256	0.01598	0.01541	0.01170	0.01598	0.00999	0.01398	0.00799	0.00514	0.00542	0.00171	0.00685	0.00485	0.00257	0.00742
22	0.01553	0.01344	0.01339	0.01160	0.01493	0.06731	0.00912	0.18075	0.55842	0.02458	0.01934	0.01810	0.01444	0.00710	0.00548	0.00177	0.00505	0.00572	0.00534	0.00861
23	0.07466	0.01037	0.01221	0.01011	0.01380	0.01058	0.00813	0.02686	0.32396	0.41663	0.02086	0.01865	0.01429	0.00690	0.00537	0.00175	0.00448	0.00560	0.00603	0.00879
24	0.84691	0.01054	0.00801	0.00717	0.01054	0.01223	0.00590	0.01603	0.00928	0.02446	0.00759	0.00886	0.00590	0.00506	0.00337	0.00169	0.00422	0.00295	0.00337	0.00590
25	0.00664	0.00474	0.00633	0.00759	0.00791	0.00443	0.00506	0.00759	0.01044	0.01392	0.03005	0.80485	0.03606	0.01708	0.00696	0.00221	0.00316	0.01550	0.00506	0.00443
26	0.00664	0.00474	0.00633	0.00759	0.00791	0.00443	0.00506	0.00759	0.01044	0.01392	0.03005	0.80485	0.03606	0.01708	0.00696	0.00221	0.00316	0.01550	0.00506	0.00443
27	0.01237	0.01006	0.01170	0.00843	0.01323	0.00795	0.00678	0.06510	0.01243	0.04335	0.01030	0.01166	0.00833	0.00430	0.00418	0.00089	0.00419	0.00342	0.00350	0.75783
28	0.01356	0.01171	0.01233	0.01109	0.01418	0.01356	0.00863	0.02897	0.76455	0.02281	0.02219	0.02034	0.01664	0.00740	0.00555	0.00185	0.00431	0.00616	0.00555	0.00863
29	0.02037	0.02598	0.01545	0.01404	0.01685	0.78652	0.01053	0.02177	0.01545	0.01334	0.00843	0.00983	0.00702	0.00562	0.00492	0.00140	0.00983	0.00351	0.00281	0.00632
30	0.84691	0.01054	0.00801	0.00717	0.01054	0.01223	0.00590	0.01603	0.00928	0.02446	0.00759	0.00886	0.00590	0.00506	0.00337	0.00169	0.00422	0.00295	0.00337	0.00590
31	0.01409	0.01111	0.06474	0.00991	0.01391	0.00925	0.02371	0.13259	0.03021	0.13944	0.01679	0.13089	0.03788	0.00737	0.00546	0.00146	0.02225	0.00614	0.00442	0.31837
32	0.01170	0.19369	0.62141	0.01423	0.02157	0.01454	0.01786	0.01707	0.01142	0.01633	0.00932	0.01093	0.00693	0.00507	0.00482	0.00161	0.00759	0.00379	0.00231	0.00783
33	0.00947	0.00473	0.00710	0.00710	0.00710	0.00473	0.00473	0.00710	0.00710	0.00947	0.00947	0.01657	0.00947	0.01894	0.02131	0.84138	0.00473	0.00473	0.00237	0.00237
34	0.00943	0.00476	0.00714	0.00714	0.00717	0.00479	0.00479	0.00717	0.00714	0.00955	0.00959	0.01669	0.00957	0.01947	0.03980	0.82126	0.00497	0.00476	0.00238	0.00243
35	0.01124	0.01072	0.01778	0.52601	0.21239	0.01282	0.01517	0.01451	0.01098	0.01477	0.00955	0.01400	0.00758	0.00576	0.00681	0.00183	0.09408	0.00484	0.00248	0.00667
36	0.00657	0.00503	0.00603	0.00683	0.00771	0.00449	0.00472	0.00768	0.01117	0.01421	0.03927	0.52934	0.30561	0.01588	0.00677	0.00208	0.00302	0.01404	0.00506	0.00449
37	0.01030	0.00969	0.01635	0.79530	0.03755	0.01211	0.01514	0.01393	0.01090	0.01393	0.00969	0.01453	0.00727	0.00545	0.00545	0.00182	0.00727	0.00484	0.00242	0.00606
38	0.02154	0.01396	0.01555	0.01192	0.01625	0.01495	0.00985	0.59607	0.02343	0.19762	0.01494	0.01429	0.01020	0.00659	0.00546	0.00165	0.00570	0.00503	0.00574	0.00927
39	0.01183	0.02197	0.43456	0.01898	0.02586	0.01318	0.35948	0.01736	0.01214	0.01736	0.01036	0.01299	0.00754	0.00491	0.00576	0.00178	0.00858	0.00514	0.00251	0.00773
40	0.00688	0.00486	0.00633	0.00733	0.00766	0.00458	0.00483	0.00779	0.01038	0.01392	0.07042	0.65751	0.03474	0.12368	0.00974	0.00260	0.00342	0.01416	0.00488	0.00432
41	0.01287	0.01471	0.03217	0.02298	0.02849	0.01379	0.75460	0.01746	0.01287	0.01746	0.01103	0.01471	0.00827	0.00460	0.00643	0.00184	0.00919	0.00643	0.00276	0.00735
42	0.01349	0.01295	0.02213	0.03346	0.77440	0.01295	0.01673	0.01673	0.01241	0.01781	0.01025	0.01349	0.00864	0.00486	0.00540	0.00162	0.00648	0.00486	0.00270	0.00864
43	0.32516	0.02156	0.48992	0.01239	0.01869	0.01250	0.01479	0.01680	0.01067	0.01997	0.00896	0.01051	0.00653	0.00513	0.00450	0.00171	0.00661	0.00362	0.00270	0.00725
44	0.00665	0.00494	0.00622	0.00723	0.00788	0.00451	0.00496	0.00773	0.01090	0.01414	0.03521	0.63148	0.18767	0.01636	0.00687	0.00214	0.00313	0.03244	0.00506	0.00448
45	0.02072	0.01527	0.01636	0.01254	0.01691	0.01691	0.01036	0.75622	0.02563	0.03436	0.01309	0.01309	0.00927	0.00654	0.00545	0.00164	0.00600	0.00491	0.00545	0.00927
46	0.02278	0.01114	0.01372	0.01055	0.01474	0.01085	0.00870	0.26485	0.01888	0.51434	0.03905	0.01737	0.01314	0.00680	0.00550	0.00167	0.00503	0.00541	0.00630	0.00916
47	0.01130	0.00969	0.01130	0.00807	0.01292	0.00727	0.00646	0.01373	0.01130	0.01776	0.00969	0.01130	0.00807	0.00404	0.00404	0.00081	0.00404	0.00323	0.00323	0.84173
48	0.01339	0.01388	0.02360	0.12293	0.43843	0.06451	0.20919	0.01691	0.01255	0.01695	0.01027	0.01369	0.00827	0.00491	0.00564	0.00169	0.00751	0.00518	0.00269	0.00783
49	0.02004	0.01804	0.01613	0.01308	0.01672	0.23176	0.01051	0.50175	0.02164	0.02708	0.01139	0.01210	0.00850	0.00649	0.00613	0.00162	0.05976	0.00451	0.00451	0.00823
50	0.00763	0.00557	0.00717	0.00677	0.00809	0.00511	0.00508	0.01012	0.01523	0.02139	0.72389	0.04150	0.09937	0.01132	0.00643	0.00172	0.00258	0.00997	0.00594	0.00511
51	0.01030	0.00969	0.01635	0.79530	0.03755	0.01211	0.01514	0.01393	0.01090	0.01393	0.00969	0.01453	0.00727	0.00545	0.00545	0.00182	0.00727	0.00484	0.00242	0.00606
52	0.01997	0.02210	0.01683	0.01420	0.01764	0.51003	0.05996	0.23630	0.01826	0.01976	0.00996	0.01111	0.00776	0.00582	0.00517	0.00150	0.00867	0.00411	0.00358	0.00725
53	0.00793	0.00529	0.00595	0.00595	0.00595	0.00529	0.00330	0.00793	0.00793	0.01057	0.01718	0.03568	0.01982	0.80840	0.02775	0.00529	0.00529	0.00793	0.00330	0.00330
54	0.00701	0.00507	0.00663	0.00725	0.00797	0.00469	0.00505	0.00855	0.01228	0.01676	0.29293	0.50472	0.07110	0.01485	0.00675	0.00202	0.00294	0.01335	0.00539	0.00469
55	0.04710	0.00972	0.01116	0.06853	0.01413	0.02486	0.00733	0.07867	0.04864	0.08104	0.02888	0.05269	0.01180	0.00587	0.00461	0.00127	0.00439	0.00477	0.10493	0.38962
56	0.01468	0.21385	0.14333	0.01446	0.01958	0.01455	0.22224	0.06370	0.06479	0.10978	0.01271	0.03879	0.00990	0.00566	0.00522	0.00161	0.00676	0.00516	0.00351	0.02972
57	0.01098	0.00786	0.00932	0.00850	0.01053	0.00806	0.00649	0.06514	0.19584	0.07376	0.38829	0.11680	0.05547	0.01036	0.00615	0.00180	0.00343	0.00900	0.00578	0.00645
58	0.01458	0.81168	0.02857	0.00933	0.01399	0.02157	0.00933	0.01632	0.01108	0.01283	0.00758	0.00875	0.00700	0.00466	0.00350	0.00117	0.00583	0.00292	0.00233	0.00700
59	0.28282	0.01226	0.10485	0.05134	0.12746	0.02702	0.02650	0.01645	0.01172	0.12343	0.06525	0.10134	0.01405	0.00704	0.00499	0.00175	0.00522	0.00575	0.00390	0.00687
60	0.00774	0.00598	0.00711	0.00676	0.00833	0.00556	0.00509	0.01085	0.06596	0.01983	0.50951	0.04278	0.26094	0.01167	0.00637	0.00176	0.00275	0.01009	0.00569	0.00522
61	0.01355	0.01131	0.01207	0.01080	0.01381	0.01292	0.00841	0.04215	0.68128	0.04022	0.07342	0.02155	0.01881	0.00762	0.00560	0.00183	0.00424	0.00638	0.00560	0.00842
62	0.01307	0.01306	0.02387	0.09931	0.54081	0.01307	0.18240	0.01665	0.01238	0.01739	0.01038	0.01386	0.00843	0.00485	0.00563	0.00169	0.00716	0.00521	0.00269	0.00812
63	0.01116	0.04796	0.71060	0.01587	0.02367	0.01297	0.06870	0.01725	0.01159	0.01716	0.00981	0.01165	0.00700	0.00513	0.00522	0.00172	0.00807	0.00416	0.00233	0.00798
64	0.00793	0.00529	0.00595	0.00595	0.00595	0.00529	0.00330	0.00793	0.00793	0.01057	0.01718	0.03568	0.01982	0.80840	0.02775	0.00529	0.00529	0.00793	0.00330	0.00330
65	0.00688	0.00514	0.00642	0.00707	0.00796	0.00467	0.00501	0.00829	0.01191	0.01568	0.17457	0.45967	0.20839	0.01514	0.00676	0.00205	0.00303	0.04149	0.00524	0.00463
66	0.04834	0.08101	0.10037	0.17062	0.05996	0.06610	0.02977	0.10409	0.08777	0.13379	0.04185	0.01508	0.01100	0.00610	0.00544	0.00168	0.02061	0.00489	0.00393	0.00761
67	0.00992	0.00828	0.01213	0.15623	0.01570	0.00957	0.05760	0.05131	0.00996	0.01363	0.01336	0.02354	0.01340	0.32764	0.14263	0.00438	0.11635	0.00632	0.00303	0.00503
68	0.00695	0.00497	0.00666	0.00777	0.00827	0.00468	0.00544	0.00820	0.01109	0.01486	0.09506	0.66281	0.03694	0.01636	0.00697	0.00220	0.00330	0.08779	0.00514	0.00455
69	0.01204	0.01399	0.10347	0.11512	0.11707	0.03604	0.22437	0.01571	0.01202	0.01694	0.01113	0.01385	0.02501	0.00487	0.00528	0.00147	0.00682	0.00483	0.00285	0.25711
70	0.01315	0.05968	0.16046	0.01767	0.19220	0.01246	0.07967	0.11435	0.01353	0.03455	0.01263	0.08410	0.01115	0.00658	0.00598	0.00165	0.04482	0.02087	0.00337	0.11114
71	0.01688	0.03236	0.04551	0.01293	0.03224	0.15279	0.05374	0.28848	0.13593	0.03835	0.01444	0.05274	0.01148	0.00684	0.00560	0.00165	0.02311	0.00540	0.06172	0.00782

[dist]
# distance from previous block
# <min> <max>
1	14

[block]
# block no. 2 follows, 44 sequences, length 26
# corresponding to MSA columns:
# 765-778,800-811
name=unknown_C
#
# <colnr> <probs for GDERKNQSTAVLIFYWHMCP>
#	G	D	E	R	K	N	Q	S	T	A	V	L	I	F	Y	W	H	M	C	P
0	0.01371	0.00893	0.00992	0.00841	0.01123	0.02717	0.00664	0.15416	0.04069	0.17558	0.14481	0.05151	0.28332	0.01001	0.00594	0.00172	0.00399	0.00830	0.00554	0.02843
1	0.01108	0.04817	0.18614	0.01050	0.03187	0.15808	0.00953	0.01353	0.01218	0.01486	0.06776	0.02783	0.22000	0.13592	0.00905	0.00222	0.00597	0.00688	0.00356	0.02486
2	0.01478	0.78393	0.02810	0.00949	0.01409	0.04859	0.00937	0.01652	0.01123	0.01284	0.00761	0.00878	0.00700	0.00470	0.00355	0.00117	0.00597	0.00294	0.00235	0.00697
3	0.00935	0.00595	0.00748	0.00769	0.00873	0.00571	0.00577	0.01067	0.01107	0.07755	0.06532	0.08836	0.10235	0.31484	0.01482	0.00337	0.00463	0.24712	0.00457	0.00465
4	0.00995	0.00735	0.00944	0.00945	0.01087	0.00745	0.02660	0.15272	0.01386	0.01843	0.02604	0.48024	0.02922	0.01431	0.00677	0.00215	0.00425	0.16027	0.00507	0.00556
5	0.01037	0.00889	0.01019	0.00758	0.01185	0.00675	0.00601	0.01259	0.01152	0.01718	0.01846	0.01923	0.15517	0.00592	0.00450	0.00101	0.00379	0.00482	0.00358	0.68058
6	0.01305	0.01183	0.05685	0.02143	0.38209	0.01043	0.03395	0.03262	0.01251	0.07733	0.01384	0.09974	0.01253	0.00655	0.00540	0.00157	0.00561	0.03073	0.00349	0.16844
7	0.00658	0.00512	0.00599	0.00662	0.00767	0.00453	0.00464	0.00778	0.01149	0.01452	0.06301	0.43865	0.37317	0.01541	0.00671	0.00203	0.00296	0.01351	0.00509	0.00453
8	0.01608	0.01129	0.01261	0.01075	0.01388	0.01226	0.00846	0.27612	0.26912	0.12056	0.02047	0.16863	0.01743	0.00888	0.00578	0.00183	0.00472	0.00744	0.00557	0.00812
9	0.01091	0.01032	0.01746	0.64864	0.17940	0.01227	0.01545	0.01447	0.01119	0.01468	0.00980	0.01433	0.00753	0.00534	0.00544	0.00178	0.00712	0.00485	0.00248	0.00655
10	0.00664	0.00474	0.00633	0.00759	0.00791	0.00443	0.00506	0.00759	0.01044	0.01392	0.03005	0.80485	0.03606	0.01708	0.00696	0.00221	0.00316	0.01550	0.00506	0.00443
11	0.01904	0.02347	0.01674	0.01778	0.16269	0.63760	0.01173	0.02080	0.01487	0.01420	0.00878	0.01054	0.00733	0.00547	0.00501	0.00145	0.00919	0.00377	0.00279	0.00677
12	0.00797	0.00609	0.00748	0.00827	0.00911	0.00619	0.00575	0.01171	0.15561	0.01563	0.02854	0.65382	0.03232	0.01522	0.00669	0.00214	0.00338	0.01370	0.00515	0.00524
13	0.01131	0.02560	0.63616	0.01697	0.02454	0.01288	0.16153	0.01730	0.01177	0.01730	0.01002	0.01213	0.00717	0.00507	0.00542	0.00175	0.00828	0.00449	0.00239	0.00792
14	0.00664	0.00474	0.00633	0.00759	0.00791	0.00443	0.00506	0.00759	0.01044	0.01392	0.03005	0.80485	0.03606	0.01708	0.00696	0.00221	0.00316	0.01550	0.00506	0.00443
15	0.01071	0.00893	0.00983	0.00940	0.01175	0.00968	0.00745	0.01977	0.40926	0.01967	0.07009	0.03665	0.19353	0.01053	0.00618	0.00197	0.00401	0.14840	0.00536	0.00683
16	0.01082	0.00636	0.00648	0.00624	0.00786	0.00671	0.00474	0.01583	0.15641	0.02080	0.01863	0.02033	0.01449	0.00655	0.00415	0.00138	0.00288	0.00529	0.67829	0.00576
17	0.00670	0.00480	0.00645	0.00765	0.00800	0.00455	0.00515	0.00770	0.01035	0.01385	0.02924	0.76399	0.03489	0.01832	0.04763	0.00256	0.00376	0.01499	0.00495	0.00445
18	0.00691	0.00502	0.00657	0.00767	0.00826	0.00468	0.00541	0.00813	0.01103	0.01453	0.05651	0.62535	0.10245	0.01635	0.00696	0.00220	0.00332	0.09902	0.00509	0.00454
19	0.01492	0.00975	0.01099	0.00957	0.01267	0.01020	0.00753	0.02387	0.40781	0.21880	0.04444	0.02650	0.16201	0.00854	0.00572	0.00180	0.00406	0.00709	0.00578	0.00795
20	0.00793	0.00529	0.00595	0.00595	0.00595	0.00529	0.00330	0.00793	0.00793	0.01057	0.01718	0.03568	0.01982	0.80840	0.02775	0.00529	0.00529	0.00793	0.00330	0.00330
21	0.53587	0.30992	0.01569	0.00798	0.01183	0.01572	0.00718	0.01614	0.00995	0.02011	0.00759	0.00881	0.00631	0.00491	0.00342	0.00149	0.00482	0.00294	0.00298	0.00631
22	0.01323	0.01576	0.32484	0.01112	0.01591	0.00894	0.01200	0.01722	0.01387	0.20954	0.27189	0.02322	0.02371	0.00760	0.00568	0.00171	0.00533	0.00638	0.00467	0.00737
23	0.01042	0.01325	0.16339	0.64519	0.03486	0.01222	0.01610	0.01457	0.01102	0.01457	0.00971	0.01395	0.00720	0.00540	0.00540	0.00180	0.00742	0.00469	0.00240	0.00644
24	0.00683	0.00494	0.00650	0.00768	0.00819	0.00461	0.00535	0.00795	0.01077	0.01420	0.03165	0.68421	0.08555	0.01667	0.00698	0.00222	0.00331	0.08285	0.00506	0.00450
25	0.01413	0.22518	0.24634	0.01594	0.04058	0.15725	0.19318	0.01788	0.01247	0.01547	0.00928	0.01132	0.00733	0.00498	0.00501	0.00155	0.00804	0.00425	0.00252	0.00731

[dist]
# distance from previous block
# <min> <max>
0	3

[block]
# block no. 3 follows, 44 sequences, length 63
# corresponding to MSA columns:
# 815-877
name=unknown_D
#
# <colnr> <probs for GDERKNQSTAVLIFYWHMCP>
#	G	D	E	R	K	N	Q	S	T	A	V	L	I	F	Y	W	H	M	C	P
0	0.01432	0.15245	0.09925	0.01224	0.08206	0.01126	0.04164	0.01716	0.01218	0.14537	0.01144	0.01244	0.00873	0.00482	0.00453	0.00123	0.00532	0.00392	0.00350	0.35611
1	0.01143	0.05919	0.35041	0.01737	0.18206	0.01162	0.05172	0.03174	0.01246	0.03330	0.06067	0.03849	0.10259	0.00680	0.00548	0.00170	0.00646	0.00584	0.00319	0.00747
2	0.01245	0.02525	0.53946	0.01684	0.02376	0.10563	0.16534	0.01784	0.01225	0.01683	0.00987	0.01195	0.00719	0.00512	0.00540	0.00171	0.00850	0.00445	0.00245	0.00771
3	0.01108	0.01139	0.02302	0.08648	0.02340	0.01102	0.45112	0.01474	0.01234	0.01650	0.01675	0.11871	0.01612	0.00825	0.00663	0.00202	0.00747	0.15309	0.00345	0.00642
4	0.01267	0.15047	0.07292	0.01144	0.03247	0.01254	0.04412	0.05758	0.10215	0.06690	0.01639	0.17637	0.01540	0.00868	0.00712	0.00179	0.11999	0.00692	0.07733	0.00676
5	0.01416	0.01145	0.03593	0.02254	0.01459	0.00978	0.00805	0.17355	0.01460	0.07069	0.01115	0.01223	0.00862	0.00490	0.00472	0.00111	0.01784	0.00381	0.00388	0.55639
6	0.02991	0.11621	0.05563	0.03865	0.07185	0.38570	0.05595	0.03313	0.04099	0.01495	0.00915	0.01116	0.00760	0.00590	0.00644	0.00159	0.10156	0.00404	0.00281	0.00680
7	0.02072	0.01527	0.01636	0.01254	0.01691	0.01691	0.01036	0.75622	0.02563	0.03436	0.01309	0.01309	0.00927	0.00654	0.00545	0.00164	0.00600	0.00491	0.00545	0.00927
8	0.00969	0.01098	0.10593	0.54481	0.02997	0.01069	0.01372	0.01320	0.01116	0.01473	0.04993	0.11920	0.02908	0.00738	0.00568	0.00185	0.00651	0.00652	0.00298	0.00601
9	0.01961	0.01381	0.01486	0.01153	0.01552	0.01513	0.00948	0.63766	0.02353	0.06270	0.01399	0.01418	0.01001	0.00653	0.00526	0.00159	0.00553	0.00495	0.10537	0.00877
10	0.01498	0.01200	0.01288	0.01113	0.01428	0.01352	0.00875	0.25511	0.44179	0.02537	0.02027	0.11208	0.01665	0.00829	0.00569	0.00183	0.00471	0.00689	0.00546	0.00833
11	0.01147	0.01100	0.01872	0.48876	0.26334	0.01269	0.04187	0.01487	0.01130	0.01521	0.00977	0.01407	0.00772	0.00547	0.00617	0.00179	0.05148	0.00490	0.00252	0.00689
12	0.00664	0.00474	0.00633	0.00759	0.00791	0.00443	0.00506	0.00759	0.01044	0.01392	0.03005	0.80485	0.03606	0.01708	0.00696	0.00221	0.00316	0.01550	0.00506	0.00443
13	0.01046	0.00657	0.00896	0.00960	0.01126	0.00634	0.00828	0.01282	0.01291	0.10748	0.03030	0.05556	0.09439	0.01395	0.00719	0.00235	0.00478	0.58608	0.00523	0.00549
14	0.01138	0.10706	0.24962	0.08956	0.01975	0.02695	0.07880	0.01460	0.01056	0.01478	0.01105	0.09399	0.01023	0.00783	0.00894	0.02732	0.20276	0.00557	0.00267	0.00659
15	0.02322	0.01247	0.01373	0.01079	0.01486	0.10309	0.00878	0.17138	0.01758	0.53829	0.01826	0.01642	0.01188	0.00657	0.00541	0.00164	0.00553	0.00513	0.00602	0.00892
16	0.02364	0.01008	0.01309	0.01009	0.01428	0.00927	0.00832	0.11410	0.04254	0.66307	0.02052	0.01796	0.01310	0.00675	0.00548	0.00169	0.00479	0.00544	0.00655	0.00925
17	0.11113	0.02608	0.68761	0.01454	0.02203	0.01261	0.01844	0.01712	0.01124	0.01813	0.00952	0.01119	0.00679	0.00517	0.00496	0.00172	0.00760	0.00390	0.00243	0.00780
18	0.01219	0.08071	0.01241	0.00983	0.01273	0.01234	0.00779	0.02342	0.53341	0.02074	0.08705	0.02541	0.12240	0.00834	0.00556	0.00178	0.00409	0.00692	0.00524	0.00765
19	0.01334	0.01128	0.01187	0.01055	0.01360	0.01278	0.00824	0.09040	0.60942	0.02285	0.02535	0.02355	0.10655	0.00809	0.00565	0.00183	0.00428	0.00669	0.00548	0.00820
20	0.02037	0.02598	0.01545	0.01404	0.01685	0.78652	0.01053	0.02177	0.01545	0.01334	0.00843	0.00983	0.00702	0.00562	0.00492	0.00140	0.00983	0.00351	0.00281	0.00632
21	0.02028	0.01518	0.01695	0.01352	0.04323	0.01669	0.02895	0.71257	0.02486	0.03337	0.01294	0.01314	0.00922	0.00644	0.00548	0.00164	0.00609	0.00494	0.00529	0.00920
22	0.01201	0.00782	0.00784	0.00735	0.00910	0.04986	0.00555	0.11957	0.01370	0.05110	0.02035	0.17523	0.04110	0.00872	0.00488	0.00155	0.00366	0.00725	0.44759	0.00578
23	0.00651	0.00546	0.00567	0.00576	0.00744	0.00461	0.00426	0.00790	0.01237	0.01495	0.08225	0.11816	0.67802	0.01399	0.00649	0.00187	0.00279	0.01179	0.00510	0.00461
24	0.00662	0.00481	0.00626	0.00741	0.00786	0.00444	0.00498	0.00761	0.01061	0.01399	0.03226	0.73868	0.10080	0.01679	0.00691	0.00218	0.00313	0.01515	0.00506	0.00444
25	0.01130	0.00969	0.01130	0.00807	0.01292	0.00727	0.00646	0.01373	0.01130	0.01776	0.00969	0.01130	0.00807	0.00404	0.00404	0.00081	0.00404	0.00323	0.00323	0.84173
26	0.01295	0.01110	0.01180	0.01079	0.01363	0.01276	0.00832	0.02709	0.69822	0.02202	0.02288	0.08934	0.01835	0.00825	0.00567	0.00188	0.00421	0.00698	0.00550	0.00826
27	0.01458	0.81168	0.02857	0.00933	0.01399	0.02157	0.00933	0.01632	0.01108	0.01283	0.00758	0.00875	0.00700	0.00466	0.00350	0.00117	0.00583	0.00292	0.00233	0.00700
28	0.01287	0.01471	0.03217	0.02298	0.02849	0.01379	0.75460	0.01746	0.01287	0.01746	0.01103	0.01471	0.00827	0.00460	0.00643	0.00184	0.00919	0.00643	0.00276	0.00735
29	0.84691	0.01054	0.00801	0.00717	0.01054	0.01223	0.00590	0.01603	0.00928	0.02446	0.00759	0.00886	0.00590	0.00506	0.00337	0.00169	0.00422	0.00295	0.00337	0.00590
30	0.00727	0.00501	0.00614	0.00679	0.00696	0.00484	0.00421	0.00775	0.00922	0.01229	0.02380	0.43139	0.02817	0.40129	0.01705	0.00371	0.00419	0.01182	0.00421	0.00388
31	0.03763	0.01323	0.02638	0.13333	0.07127	0.01277	0.50341	0.01647	0.01228	0.01722	0.01055	0.01408	0.00806	0.00469	0.00589	0.00171	0.00806	0.00567	0.00277	0.09455
32	0.00662	0.00481	0.00626	0.00741	0.00786	0.00444	0.00498	0.00761	0.01061	0.01399	0.03226	0.73868	0.10080	0.01679	0.00691	0.00218	0.00313	0.01515	0.00506	0.00444
33	0.00947	0.00473	0.00710	0.00710	0.00710	0.00473	0.00473	0.00710	0.00710	0.00947	0.00947	0.01657	0.00947	0.01894	0.02131	0.84138	0.00473	0.00473	0.00237	0.00237
34	0.01085	0.01029	0.01721	0.63950	0.14269	0.01250	0.01518	0.01429	0.01097	0.01444	0.00962	0.01423	0.00746	0.00560	0.00617	0.00182	0.05344	0.00484	0.00246	0.00642
35	0.00812	0.00619	0.00801	0.00782	0.00831	0.00692	0.00555	0.00905	0.00878	0.01207	0.01932	0.07314	0.08353	0.36134	0.26557	0.00560	0.09542	0.00765	0.00333	0.00427
36	0.00757	0.00537	0.00637	0.00670	0.00723	0.00519	0.00447	0.00833	0.00974	0.01271	0.04304	0.16373	0.14395	0.42783	0.04134	0.00397	0.00474	0.08967	0.00410	0.00397
37	0.01246	0.08014	0.59322	0.01599	0.06606	0.10603	0.01806	0.01771	0.01201	0.01653	0.00950	0.01124	0.00703	0.00518	0.00505	0.00164	0.00803	0.00394	0.00239	0.00781
38	0.01356	0.01171	0.01233	0.01109	0.01418	0.01356	0.00863	0.02897	0.76455	0.02281	0.02219	0.02034	0.01664	0.00740	0.00555	0.00185	0.00431	0.00616	0.00555	0.00863
39	0.03807	0.01037	0.01184	0.00862	0.01335	0.00859	0.00695	0.10310	0.01307	0.03887	0.01033	0.01162	0.00829	0.00444	0.00422	0.00096	0.00429	0.00348	0.00359	0.69594
40	0.01823	0.10839	0.01583	0.01165	0.04922	0.05145	0.00918	0.30783	0.03140	0.18112	0.09424	0.01716	0.02701	0.00674	0.00525	0.00155	0.00537	0.00529	0.00504	0.04805
41	0.00781	0.00577	0.00838	0.00838	0.00923	0.00661	0.00634	0.00949	0.00865	0.01238	0.01495	0.02333	0.01446	0.14396	0.68486	0.00829	0.01335	0.00612	0.00297	0.00466
42	0.01064	0.01010	0.01704	0.57450	0.16384	0.01173	0.03896	0.01406	0.01135	0.01479	0.01341	0.01733	0.06757	0.00597	0.00555	0.00178	0.00684	0.00542	0.00269	0.00644
43	0.01263	0.01207	0.02056	0.24020	0.57444	0.01273	0.01630	0.01597	0.01200	0.01676	0.01010	0.01378	0.00826	0.00502	0.00541	0.00167	0.00669	0.00485	0.00262	0.00794
44	0.00676	0.00479	0.00629	0.00745	0.00773	0.00450	0.00491	0.00762	0.01022	0.01362	0.02892	0.73720	0.03463	0.08668	0.00879	0.00248	0.00335	0.01483	0.00491	0.00433
45	0.01261	0.01060	0.01527	0.50369	0.02883	0.01248	0.01274	0.20041	0.01515	0.02002	0.10185	0.01731	0.01307	0.00641	0.00557	0.00176	0.00639	0.00546	0.00361	0.00676
46	0.01237	0.01226	0.02217	0.10049	0.43333	0.01249	0.18002	0.01565	0.01200	0.01679	0.01196	0.08339	0.01076	0.00616	0.00638	0.00178	0.04538	0.00614	0.00288	0.00760
47	0.02375	0.01042	0.01336	0.01024	0.01449	0.00971	0.00846	0.16615	0.01752	0.63588	0.01990	0.01751	0.01269	0.00671	0.00548	0.00168	0.00490	0.00537	0.00650	0.00928
48	0.01212	0.01351	0.02907	0.02113	0.02603	0.01267	0.66476	0.01628	0.01258	0.01704	0.01331	0.10940	0.01160	0.00609	0.00650	0.00188	0.00847	0.00752	0.00303	0.00700
49	0.01427	0.02044	0.38160	0.01655	0.11080	0.01341	0.04547	0.20788	0.04023	0.04894	0.01211	0.02975	0.00914	0.01820	0.00573	0.00176	0.00699	0.00487	0.00352	0.00832
50	0.00832	0.00645	0.00908	0.00880	0.00943	0.00766	0.00664	0.00974	0.00853	0.01224	0.01429	0.02348	0.01424	0.20916	0.52451	0.00722	0.10646	0.00618	0.00294	0.00465
51	0.00845	0.00612	0.00832	0.00926	0.01057	0.00599	0.00794	0.01087	0.01288	0.01684	0.12019	0.05821	0.09893	0.01448	0.00730	0.00236	0.00453	0.58660	0.00514	0.00500
52	0.01093	0.02820	0.78016	0.01554	0.02360	0.01266	0.02014	0.01727	0.01151	0.01727	0.00978	0.01151	0.00691	0.00518	0.00518	0.00173	0.00806	0.00403	0.00230	0.00806
53	0.11018	0.01590	0.04205	0.01635	0.16731	0.10754	0.01145	0.40125	0.01932	0.04021	0.01140	0.01236	0.00850	0.00589	0.00514	0.00161	0.00640	0.00450	0.00428	0.00838
