[name]
unknown

[dist]
# distance from previous block
# <min> <max>
48	486

[block]
# block no. 0 follows, 50 sequences, length 8
# corresponding to MSA columns:
# 577-584
name=unknown_A
#
# <colnr> <probs for GDERKNQSTAVLIFYWHMCP>
#	G	D	E	R	K	N	Q	S	T	A	V	L	I	F	Y	W	H	M	C	P
0	0.01179	0.03456	0.20650	0.01118	0.01570	0.00926	0.10838	0.04426	0.04113	0.11012	0.05640	0.08722	0.01260	0.00598	0.00484	0.00140	0.00524	0.00527	0.00351	0.22467
1	0.00742	0.00560	0.00714	0.00724	0.00864	0.00502	0.00555	0.00911	0.01101	0.01506	0.16249	0.28331	0.08657	0.03938	0.00659	0.00187	0.00337	0.19136	0.00445	0.13881
2	0.03618	0.00557	0.00681	0.00687	0.00816	0.00523	0.00496	0.01069	0.04776	0.11350	0.13237	0.39407	0.15508	0.04074	0.00655	0.00191	0.00308	0.01069	0.00485	0.00491
3	0.01315	0.11381	0.24157	0.01023	0.01463	0.06126	0.01033	0.04643	0.02996	0.16344	0.01473	0.10571	0.04082	0.00649	0.00471	0.00145	0.00535	0.00523	0.00358	0.10714
4	0.00872	0.00531	0.00622	0.00633	0.00748	0.00514	0.00468	0.01089	0.04730	0.06436	0.06448	0.19489	0.10901	0.10473	0.00753	0.00201	0.00318	0.08450	0.25856	0.00468
5	0.00615	0.00468	0.00553	0.00608	0.00692	0.00420	0.00420	0.00717	0.01029	0.01316	0.07570	0.43100	0.31671	0.07504	0.00759	0.00208	0.00287	0.01201	0.00455	0.00407
6	0.04037	0.01160	0.06940	0.09654	0.46632	0.01088	0.01308	0.04682	0.02834	0.07305	0.06753	0.03179	0.01147	0.00541	0.00497	0.00153	0.00551	0.00494	0.00313	0.00731
7	0.04789	0.08329	0.12234	0.11656	0.13956	0.03829	0.08014	0.16405	0.08542	0.04148	0.01091	0.01244	0.00824	0.00514	0.00476	0.00151	0.00600	0.00435	0.02045	0.00719

[dist]
# distance from previous block
# <min> <max>
4	17

[block]
# block no. 1 follows, 50 sequences, length 54
# corresponding to MSA columns:
# 606-659
name=unknown_B
#
# <colnr> <probs for GDERKNQSTAVLIFYWHMCP>
#	G	D	E	R	K	N	Q	S	T	A	V	L	I	F	Y	W	H	M	C	P
0	0.01360	0.01214	0.05401	0.03107	0.01426	0.05787	0.02304	0.23428	0.16120	0.04962	0.02731	0.02910	0.01104	0.01115	0.12190	0.00259	0.13010	0.00499	0.00389	0.00686
1	0.02101	0.00533	0.00683	0.00732	0.00819	0.00515	0.00516	0.04997	0.01048	0.05484	0.02512	0.63508	0.04561	0.01566	0.06156	0.00235	0.00385	0.01209	0.00454	0.01989
2	0.00911	0.00752	0.01010	0.20764	0.01562	0.00746	0.00743	0.01172	0.05236	0.01505	0.15692	0.01981	0.03463	0.08169	0.00784	0.06090	0.01836	0.00529	0.00333	0.26721
3	0.01039	0.06600	0.01521	0.63997	0.02963	0.01173	0.01254	0.08400	0.01131	0.01445	0.01119	0.01461	0.04779	0.00543	0.00491	0.00161	0.00623	0.00463	0.00259	0.00580
4	0.01161	0.00976	0.01197	0.19582	0.01716	0.03190	0.00879	0.12922	0.14322	0.03173	0.10881	0.04778	0.01474	0.01751	0.00585	0.00154	0.05080	0.00534	0.00382	0.15261
5	0.01340	0.62425	0.09589	0.01031	0.01476	0.09047	0.06279	0.01553	0.01064	0.01244	0.00740	0.00870	0.00647	0.00438	0.00364	0.00118	0.00607	0.00303	0.00220	0.00645
6	0.01028	0.02372	0.70157	0.01363	0.02036	0.01142	0.01709	0.05659	0.01105	0.01634	0.00941	0.01123	0.00686	0.00707	0.06031	0.00202	0.00768	0.00384	0.00230	0.00722
7	0.05780	0.00739	0.00832	0.00698	0.00967	0.00689	0.00548	0.04673	0.07317	0.13716	0.05438	0.06041	0.06782	0.00658	0.00436	0.00130	0.00333	0.00538	0.23241	0.20443
8	0.00611	0.00448	0.00575	0.00675	0.00726	0.00412	0.00462	0.00708	0.00986	0.01290	0.03064	0.69028	0.13824	0.01514	0.00631	0.00199	0.00289	0.03688	0.00463	0.00409
9	0.00800	0.00493	0.00622	0.00639	0.00688	0.00478	0.00418	0.00837	0.00861	0.06548	0.02038	0.27147	0.05682	0.35538	0.06783	0.08322	0.00460	0.00897	0.00370	0.00378
10	0.01190	0.00602	0.00763	0.00674	0.00875	0.00540	0.00522	0.01386	0.01294	0.26006	0.28858	0.08923	0.12738	0.00906	0.00531	0.00155	0.00300	0.00775	0.12385	0.00576
11	0.00632	0.00459	0.00611	0.00689	0.00738	0.00447	0.00475	0.00736	0.00943	0.01265	0.04980	0.57782	0.07719	0.06102	0.13612	0.00310	0.00464	0.01199	0.00425	0.00409
12	0.02236	0.00848	0.01157	0.00887	0.01272	0.00733	0.00733	0.02429	0.01427	0.79719	0.01966	0.01697	0.01234	0.00617	0.00501	0.00154	0.00424	0.00501	0.00617	0.00848
13	0.00862	0.00586	0.00756	0.00713	0.00835	0.00599	0.00531	0.05990	0.01128	0.05938	0.23788	0.07135	0.07390	0.15002	0.26049	0.00415	0.00657	0.00743	0.00411	0.00475
14	0.00809	0.00492	0.00595	0.00598	0.00687	0.00519	0.00439	0.00983	0.00916	0.01462	0.01636	0.03908	0.03515	0.13561	0.28208	0.00408	0.00649	0.00563	0.39620	0.00432
15	0.03288	0.00581	0.00760	0.00740	0.00885	0.00533	0.00534	0.01259	0.01079	0.25820	0.02344	0.47738	0.02446	0.08602	0.00759	0.00212	0.00352	0.01038	0.00492	0.00538
16	0.01471	0.01053	0.01410	0.27097	0.07447	0.01181	0.01065	0.23312	0.07368	0.14561	0.01258	0.01394	0.00906	0.00576	0.00546	0.00159	0.04296	0.00464	0.03720	0.00715
17	0.01333	0.01475	0.16094	0.01260	0.02932	0.08331	0.10497	0.11395	0.24007	0.07004	0.01582	0.05346	0.03303	0.00649	0.00517	0.00162	0.00576	0.02422	0.00395	0.00721
18	0.01050	0.09477	0.03079	0.10379	0.06716	0.00984	0.01814	0.10476	0.02587	0.01591	0.04950	0.09795	0.01454	0.15590	0.01972	0.00222	0.05210	0.00600	0.11506	0.00547
19	0.05668	0.04261	0.09256	0.01295	0.15041	0.01024	0.00952	0.05895	0.09901	0.06726	0.11327	0.01722	0.05070	0.00624	0.00554	0.00146	0.06084	0.00502	0.00367	0.13584
20	0.01392	0.35881	0.01821	0.01032	0.03442	0.16110	0.00855	0.05959	0.19898	0.01578	0.06508	0.01310	0.01151	0.00554	0.00422	0.00133	0.00549	0.00407	0.00332	0.00668
21	0.01039	0.04510	0.27836	0.01238	0.09359	0.00957	0.03499	0.02585	0.04379	0.02756	0.01468	0.01595	0.10116	0.01947	0.00495	0.00139	0.00529	0.00457	0.00294	0.24800
22	0.01091	0.09262	0.38388	0.04712	0.22629	0.03122	0.04058	0.01497	0.01084	0.01526	0.02218	0.04988	0.00906	0.00536	0.00482	0.00154	0.00651	0.01748	0.00245	0.00705
23	0.00967	0.08627	0.23776	0.01264	0.04011	0.01001	0.15854	0.01235	0.00977	0.01352	0.01270	0.14915	0.01254	0.09498	0.00908	0.08019	0.03613	0.00626	0.00273	0.00561
24	0.01062	0.01005	0.01678	0.44267	0.31405	0.01129	0.02956	0.01435	0.05251	0.01456	0.01016	0.03338	0.00825	0.00513	0.00502	0.00161	0.00617	0.00477	0.00253	0.00653
25	0.01221	0.04982	0.07006	0.01665	0.22594	0.02698	0.01149	0.01721	0.18599	0.05211	0.01228	0.01547	0.01027	0.00671	0.00804	0.00175	0.22315	0.04371	0.00322	0.00695
26	0.09219	0.00849	0.05225	0.00935	0.04890	0.00766	0.00714	0.07787	0.05102	0.19242	0.07115	0.30767	0.03404	0.00966	0.00537	0.00172	0.00390	0.00835	0.00469	0.00615
27	0.00830	0.00545	0.00692	0.00672	0.00807	0.00503	0.00508	0.01044	0.03028	0.08558	0.40779	0.15302	0.14140	0.03653	0.00654	0.00181	0.00291	0.06813	0.00515	0.00488
28	0.00871	0.00775	0.01255	0.50351	0.02466	0.00959	0.01105	0.01136	0.00918	0.01226	0.01033	0.01564	0.00875	0.03604	0.25643	0.00375	0.04615	0.00478	0.00238	0.00513
29	0.07664	0.08883	0.17841	0.01390	0.09345	0.12993	0.11109	0.05163	0.01170	0.02541	0.02295	0.07909	0.05359	0.00676	0.01883	0.00165	0.02161	0.00521	0.00293	0.00636
30	0.01214	0.00926	0.01108	0.10130	0.05858	0.08271	0.00844	0.01546	0.09786	0.14860	0.06921	0.09205	0.05741	0.01062	0.06469	0.00219	0.05803	0.09026	0.00410	0.00602
31	0.00795	0.00505	0.00607	0.00604	0.00665	0.00480	0.00391	0.00866	0.00940	0.06660	0.12648	0.18053	0.08151	0.44595	0.01631	0.00340	0.00392	0.00887	0.00399	0.00391
32	0.03405	0.00982	0.01073	0.00842	0.01195	0.05134	0.00670	0.10825	0.07157	0.13302	0.11104	0.01552	0.01380	0.00577	0.00478	0.01882	0.00414	0.00445	0.00412	0.37170
33	0.01239	0.24502	0.29309	0.04858	0.04510	0.01262	0.01187	0.01625	0.04413	0.10839	0.04372	0.01270	0.00961	0.00551	0.01408	0.00148	0.00575	0.00397	0.03867	0.02706
34	0.00646	0.00488	0.00711	0.00768	0.00828	0.00456	0.04495	0.00762	0.00996	0.01336	0.07127	0.71977	0.03239	0.01467	0.00632	0.00198	0.00318	0.02677	0.00457	0.00424
35	0.00636	0.00501	0.00574	0.00575	0.00711	0.00440	0.00428	0.00798	0.01213	0.01567	0.30196	0.11816	0.44570	0.01210	0.00596	0.00169	0.00255	0.02815	0.00492	0.00437
36	0.02646	0.06598	0.03036	0.33984	0.04231	0.01070	0.02201	0.05176	0.12921	0.04943	0.06261	0.04748	0.05301	0.00642	0.00494	0.00159	0.00515	0.00547	0.03914	0.00613
37	0.08549	0.02725	0.03385	0.02773	0.01401	0.12160	0.00858	0.20351	0.32039	0.03242	0.01484	0.01466	0.02461	0.00614	0.00493	0.00155	0.01909	0.00468	0.02743	0.00725
38	0.01473	0.30814	0.08472	0.01138	0.01590	0.01555	0.09822	0.28125	0.01507	0.03108	0.00955	0.01053	0.00741	0.00488	0.00432	0.00131	0.00576	0.00381	0.00329	0.07307
39	0.01362	0.16523	0.10662	0.07824	0.12445	0.11596	0.03003	0.09529	0.10201	0.03872	0.01044	0.02003	0.00834	0.00547	0.00542	0.00149	0.06453	0.00416	0.00303	0.00693
40	0.01267	0.63772	0.14778	0.01029	0.01503	0.01792	0.05931	0.01509	0.01026	0.01264	0.00744	0.00878	0.00646	0.00440	0.00380	0.00120	0.01744	0.00306	0.00215	0.00656
41	0.00625	0.00444	0.00586	0.00694	0.00725	0.00418	0.00467	0.00712	0.00947	0.01261	0.02661	0.73104	0.03174	0.07171	0.00771	0.00223	0.00311	0.04854	0.00451	0.00400
42	0.00660	0.00458	0.00572	0.00643	0.00663	0.00441	0.00411	0.00717	0.00871	0.01160	0.02284	0.48805	0.02702	0.33179	0.01381	0.00313	0.00371	0.03604	0.00400	0.00366
43	0.00860	0.00691	0.01028	0.00954	0.01098	0.00705	0.09760	0.01130	0.07660	0.04507	0.04025	0.36016	0.09013	0.02686	0.00728	0.00200	0.06658	0.11348	0.00427	0.00506
44	0.00724	0.00484	0.00547	0.00546	0.00549	0.00483	0.00306	0.00730	0.00742	0.00992	0.03464	0.03273	0.01883	0.80493	0.02489	0.00475	0.00477	0.00729	0.00308	0.00306
45	0.00945	0.00596	0.00728	0.00682	0.00840	0.00574	0.00521	0.03031	0.07219	0.09687	0.37168	0.10686	0.08873	0.00966	0.00547	0.00160	0.00289	0.03769	0.12189	0.00531
46	0.03919	0.03120	0.03520	0.03704	0.21765	0.03492	0.14153	0.15373	0.01302	0.02912	0.01247	0.01519	0.04933	0.04361	0.00692	0.00172	0.07721	0.00501	0.04919	0.00675
47	0.00749	0.00508	0.00692	0.00710	0.00772	0.00536	0.00503	0.00858	0.00844	0.04215	0.01776	0.22433	0.01909	0.23726	0.36858	0.00542	0.00813	0.00805	0.00339	0.00413
48	0.01041	0.00672	0.00820	0.00753	0.00907	0.04293	0.00578	0.03023	0.01152	0.13512	0.24230	0.02449	0.02260	0.07316	0.28429	0.00398	0.00701	0.00633	0.06311	0.00522
49	0.01113	0.01008	0.01554	0.08254	0.31281	0.01035	0.07825	0.08101	0.09139	0.01713	0.01897	0.04135	0.13375	0.00713	0.00538	0.00164	0.00525	0.06607	0.00350	0.00672
50	0.05383	0.02743	0.01448	0.20131	0.08910	0.00971	0.12797	0.01232	0.03136	0.01447	0.03806	0.15487	0.02725	0.04585	0.00719	0.00193	0.06459	0.06957	0.00318	0.00551
51	0.00691	0.00559	0.00774	0.00745	0.00858	0.00542	0.04666	0.00851	0.01117	0.01498	0.24081	0.30341	0.20818	0.01346	0.04359	0.00209	0.04588	0.01054	0.00453	0.00450
52	0.07872	0.01137	0.01827	0.01358	0.01779	0.01108	0.28537	0.14709	0.04468	0.29912	0.01400	0.01427	0.00957	0.00534	0.00518	0.00159	0.00592	0.00509	0.00438	0.00760
53	0.01227	0.03731	0.01565	0.06105	0.33226	0.08590	0.01129	0.02857	0.20164	0.01638	0.01512	0.01639	0.07565	0.00611	0.00575	0.00158	0.06167	0.00507	0.00329	0.00705

[dist]
# distance from previous block
# <min> <max>
4	26

[block]
# block no. 2 follows, 50 sequences, length 28
# corresponding to MSA columns:
# 687-714
name=unknown_C
#
# <colnr> <probs for GDERKNQSTAVLIFYWHMCP>
#	G	D	E	R	K	N	Q	S	T	A	V	L	I	F	Y	W	H	M	C	P
0	0.00708	0.00481	0.00562	0.00574	0.00588	0.00480	0.00341	0.00735	0.00781	0.01046	0.03933	0.11928	0.03617	0.65899	0.05925	0.00452	0.00491	0.00804	0.00328	0.00327
1	0.41133	0.01305	0.01101	0.00926	0.01255	0.12174	0.00747	0.26117	0.07164	0.02376	0.00965	0.01024	0.00726	0.00529	0.00404	0.00150	0.00509	0.00356	0.00377	0.00662
2	0.01172	0.01140	0.01596	0.37155	0.10798	0.07153	0.03478	0.08288	0.01111	0.01469	0.00856	0.01215	0.00693	0.00595	0.00783	0.00173	0.21025	0.00437	0.00252	0.00609
3	0.40512	0.01012	0.00946	0.00843	0.01141	0.01162	0.00671	0.02092	0.39316	0.05411	0.01408	0.01367	0.01055	0.00575	0.00415	0.00162	0.00392	0.00425	0.00420	0.00676
4	0.00800	0.00568	0.00723	0.00745	0.00874	0.00549	0.00584	0.01081	0.07090	0.04637	0.26474	0.18896	0.12102	0.01205	0.00615	0.00187	0.00328	0.21557	0.00498	0.00488
5	0.00971	0.00916	0.01549	0.73360	0.11126	0.01115	0.01399	0.01299	0.01011	0.01309	0.00891	0.01319	0.00677	0.00493	0.00498	0.00164	0.00657	0.00443	0.00224	0.00578
6	0.03268	0.01259	0.01704	0.02293	0.50066	0.08811	0.01254	0.08641	0.09329	0.01807	0.03155	0.01341	0.00972	0.00509	0.00485	0.00148	0.00571	0.00454	0.03185	0.00749
7	0.02039	0.00815	0.01095	0.00865	0.01214	0.00719	0.00714	0.03772	0.01411	0.67663	0.04425	0.01971	0.01427	0.00669	0.00507	0.00156	0.00413	0.04586	0.04742	0.00796
8	0.00714	0.00513	0.00598	0.00592	0.00734	0.00449	0.00438	0.00867	0.01198	0.05746	0.25205	0.17582	0.41137	0.01211	0.00592	0.00170	0.00263	0.01043	0.00495	0.00455
9	0.01040	0.00972	0.04893	0.01131	0.09061	0.03001	0.00810	0.04642	0.32864	0.01768	0.05587	0.24310	0.04144	0.00930	0.00548	0.00175	0.00411	0.02622	0.00447	0.00644
10	0.05752	0.10595	0.12050	0.19387	0.17315	0.03007	0.02950	0.05347	0.01137	0.08360	0.01005	0.01220	0.00769	0.00508	0.00504	0.00151	0.03951	0.00411	0.04911	0.00672
11	0.00866	0.00433	0.00649	0.00649	0.00649	0.00433	0.00433	0.00649	0.00649	0.00866	0.00866	0.01515	0.00866	0.01732	0.01948	0.85498	0.00433	0.00433	0.00216	0.00216
12	0.00712	0.00534	0.00801	0.00801	0.00890	0.00623	0.00623	0.00890	0.00801	0.01157	0.01335	0.01958	0.01246	0.03738	0.80507	0.00801	0.01335	0.00534	0.00267	0.00445
13	0.16578	0.22299	0.29382	0.01275	0.06499	0.05124	0.07114	0.01583	0.03149	0.01597	0.00844	0.00993	0.00661	0.00461	0.00415	0.00143	0.00619	0.00350	0.00245	0.00669
14	0.01192	0.09205	0.01742	0.10069	0.38161	0.01234	0.01222	0.06671	0.07125	0.01628	0.01181	0.05342	0.01062	0.00620	0.00582	0.00160	0.06583	0.05223	0.00299	0.00698
15	0.01025	0.01015	0.01860	0.18154	0.11106	0.01087	0.27239	0.01294	0.00992	0.01360	0.01045	0.01650	0.00931	0.14274	0.05315	0.00257	0.10028	0.00544	0.00250	0.00573
16	0.01555	0.05612	0.01375	0.01037	0.01402	0.01354	0.00846	0.38542	0.27690	0.03909	0.01429	0.01389	0.01058	0.00590	0.00478	0.00146	0.00474	0.00461	0.00466	0.10189
17	0.01281	0.00816	0.00990	0.00807	0.01122	0.00720	0.00630	0.07076	0.06438	0.19514	0.04430	0.18925	0.01608	0.00745	0.00484	0.00135	0.00374	0.00636	0.00443	0.32827
18	0.01151	0.23538	0.22964	0.01028	0.01450	0.03744	0.03177	0.02874	0.09667	0.05531	0.04638	0.04954	0.08891	0.01985	0.00501	0.00154	0.00536	0.02240	0.00328	0.00649
19	0.03090	0.06586	0.32722	0.11601	0.10705	0.04664	0.08776	0.01550	0.01104	0.06423	0.03143	0.01357	0.00884	0.00604	0.02729	0.00174	0.00685	0.02254	0.00267	0.00681
20	0.00612	0.00442	0.00580	0.00689	0.00729	0.00411	0.00467	0.00705	0.00971	0.01283	0.02889	0.75070	0.08045	0.01537	0.00635	0.00201	0.00292	0.03571	0.00463	0.00407
21	0.01245	0.00703	0.01027	0.09775	0.01318	0.00690	0.04866	0.02920	0.01139	0.26045	0.02024	0.33424	0.01957	0.03575	0.00646	0.00186	0.02530	0.00864	0.04477	0.00588
22	0.01162	0.12242	0.29035	0.01478	0.05894	0.05641	0.12670	0.01579	0.05888	0.01466	0.00902	0.01123	0.00720	0.00555	0.00713	0.00164	0.17438	0.00416	0.00242	0.00672
23	0.00743	0.00534	0.00728	0.00831	0.00926	0.00523	0.00685	0.00930	0.01097	0.01432	0.04260	0.23315	0.06711	0.03249	0.00711	0.00225	0.00405	0.51794	0.00458	0.00441
24	0.00842	0.00471	0.00651	0.00668	0.00707	0.00455	0.00457	0.00787	0.00831	0.04913	0.04882	0.20575	0.03366	0.11058	0.01502	0.42474	0.00395	0.04307	0.00333	0.00327
25	0.05950	0.00841	0.00981	0.00840	0.01075	0.00857	0.00655	0.22688	0.01482	0.18151	0.13001	0.13983	0.02040	0.10875	0.00781	0.00204	0.00418	0.04062	0.00489	0.00627
26	0.01157	0.00969	0.05474	0.19901	0.11766	0.00954	0.01003	0.07887	0.10802	0.09889	0.09850	0.09477	0.05564	0.00746	0.00529	0.00165	0.00485	0.02336	0.00399	0.00647
27	0.16951	0.06896	0.01416	0.04881	0.01441	0.10128	0.00917	0.24693	0.04618	0.02021	0.00911	0.01074	0.00727	0.00618	0.00726	0.00164	0.20435	0.00391	0.00336	0.00657

[dist]
# distance from previous block
# <min> <max>
0	3

[block]
# block no. 3 follows, 50 sequences, length 18
# corresponding to MSA columns:
# 718-735
name=unknown_D
#
# <colnr> <probs for GDERKNQSTAVLIFYWHMCP>
#	G	D	E	R	K	N	Q	S	T	A	V	L	I	F	Y	W	H	M	C	P
0	0.30555	0.08548	0.07526	0.01122	0.07840	0.01268	0.03450	0.20729	0.02877	0.06447	0.03284	0.01150	0.00853	0.00522	0.00418	0.00149	0.00495	0.00388	0.01693	0.00686
1	0.02953	0.00902	0.01105	0.00992	0.03723	0.04676	0.06683	0.10808	0.10753	0.08061	0.04920	0.05226	0.08938	0.02796	0.07359	0.02291	0.01602	0.04119	0.11494	0.00600
2	0.01248	0.06810	0.05937	0.14472	0.03941	0.09496	0.02298	0.05669	0.03658	0.08317	0.01277	0.06651	0.03546	0.03021	0.00779	0.00175	0.17309	0.00516	0.04274	0.00604
3	0.32353	0.00935	0.05948	0.03863	0.10035	0.00923	0.00757	0.06090	0.00957	0.01742	0.00906	0.01210	0.00758	0.00939	0.04498	0.20852	0.00497	0.00378	0.05846	0.00513
4	0.04031	0.00695	0.00845	0.00742	0.00899	0.00694	0.00544	0.13408	0.01130	0.12507	0.04420	0.05754	0.04791	0.15848	0.01336	0.27644	0.00434	0.00579	0.00374	0.03326
5	0.06877	0.01123	0.01285	0.01068	0.01386	0.04658	0.06473	0.15728	0.32705	0.14040	0.01669	0.01796	0.01273	0.03335	0.00571	0.00174	0.00487	0.04138	0.00471	0.00743
6	0.01091	0.01091	0.01527	0.01309	0.01309	0.01527	0.01091	0.01200	0.00763	0.01200	0.00654	0.01091	0.00654	0.00872	0.01636	0.00218	0.81570	0.00436	0.00218	0.00545
7	0.01169	0.01051	0.01797	0.28051	0.42745	0.01108	0.05840	0.01471	0.01110	0.06015	0.01146	0.01437	0.03847	0.00502	0.00505	0.00156	0.00607	0.00479	0.00269	0.00695
8	0.01393	0.50753	0.10032	0.04706	0.01490	0.04234	0.00972	0.09707	0.02446	0.06380	0.00938	0.03266	0.00789	0.00504	0.00390	0.00127	0.00557	0.00358	0.00282	0.00675
9	0.00622	0.00460	0.00582	0.00648	0.00718	0.00420	0.00449	0.00744	0.01071	0.01421	0.17427	0.53967	0.16825	0.01408	0.00619	0.00188	0.00273	0.01257	0.00479	0.00420
10	0.00670	0.00477	0.00579	0.00634	0.00729	0.00425	0.00445	0.00779	0.01049	0.04520	0.05480	0.49978	0.29609	0.01405	0.00613	0.00187	0.00281	0.01240	0.00471	0.00430
11	0.01237	0.00974	0.01515	0.17517	0.15743	0.01108	0.05252	0.02744	0.03352	0.13407	0.04348	0.01654	0.01100	0.00811	0.04527	0.00205	0.19527	0.04009	0.00327	0.00644
12	0.00988	0.00910	0.01543	0.24814	0.28421	0.00960	0.07434	0.01262	0.01072	0.01456	0.01495	0.13273	0.03873	0.00734	0.00541	0.00170	0.00559	0.07757	0.02130	0.00607
13	0.01087	0.00554	0.00649	0.00609	0.00769	0.00525	0.00462	0.01321	0.03353	0.15770	0.11229	0.13319	0.05409	0.00808	0.00459	0.00144	0.00281	0.00684	0.42037	0.00533
14	0.01083	0.01080	0.01525	0.05340	0.01416	0.01506	0.01105	0.01203	0.00775	0.01203	0.00666	0.01103	0.00655	0.00854	0.01578	0.00215	0.77492	0.00437	0.00218	0.00546
15	0.00783	0.00620	0.00778	0.00715	0.00885	0.00579	0.00537	0.00933	0.00961	0.01355	0.05845	0.15076	0.11092	0.11253	0.18130	0.00327	0.03287	0.03793	0.00353	0.22698
16	0.02715	0.01252	0.01685	0.19230	0.30929	0.11676	0.05592	0.08190	0.03416	0.01630	0.01057	0.03992	0.00896	0.00550	0.00516	0.00155	0.01796	0.02434	0.00286	0.02003
17	0.01128	0.27924	0.03019	0.00869	0.01113	0.08014	0.00727	0.08394	0.04759	0.01454	0.02878	0.27223	0.03970	0.03964	0.00584	0.00166	0.02167	0.00727	0.00353	0.00564

[dist]
# distance from previous block
# <min> <max>
7	13

[block]
# block no. 4 follows, 50 sequences, length 7
# corresponding to MSA columns:
# 749-755
name=unknown_E
#
# <colnr> <probs for GDERKNQSTAVLIFYWHMCP>
#	G	D	E	R	K	N	Q	S	T	A	V	L	I	F	Y	W	H	M	C	P
0	0.01192	0.19450	0.03644	0.01848	0.33843	0.05687	0.01158	0.01457	0.03306	0.01454	0.01260	0.01856	0.03709	0.00643	0.00571	0.00156	0.06817	0.11004	0.00281	0.00665
1	0.05724	0.00985	0.01236	0.01094	0.06865	0.00976	0.00830	0.15932	0.10039	0.43341	0.01743	0.01791	0.01232	0.00647	0.00504	0.00159	0.00456	0.05112	0.00533	0.00800
2	0.01522	0.00830	0.00911	0.00772	0.01036	0.06351	0.00611	0.01824	0.08403	0.35131	0.08182	0.02254	0.11819	0.00724	0.00486	0.00148	0.00380	0.00591	0.17363	0.00662
3	0.00824	0.00638	0.00831	0.10178	0.01170	0.00696	0.00661	0.01205	0.14765	0.01452	0.06272	0.23669	0.02188	0.10780	0.11387	0.00301	0.00524	0.08253	0.03712	0.00495
4	0.10262	0.01288	0.12359	0.16042	0.38472	0.01148	0.07530	0.01469	0.01061	0.01607	0.00915	0.01213	0.00732	0.00567	0.03143	0.00177	0.00647	0.00429	0.00245	0.00694
5	0.13489	0.05279	0.01100	0.21556	0.07595	0.00893	0.00835	0.01203	0.05749	0.01538	0.07012	0.28220	0.01862	0.00885	0.00512	0.00171	0.00439	0.00770	0.00356	0.00534
6	0.05541	0.07124	0.01163	0.01170	0.13204	0.00939	0.00778	0.03144	0.12152	0.02940	0.05148	0.22945	0.06084	0.03109	0.05074	0.00215	0.06241	0.02070	0.00383	0.00578

[dist]
# distance from previous block
# <min> <max>
5	77

[block]
# block no. 5 follows, 50 sequences, length 20
# corresponding to MSA columns:
# 839-858
name=unknown_F
#
# <colnr> <probs for GDERKNQSTAVLIFYWHMCP>
#	G	D	E	R	K	N	Q	S	T	A	V	L	I	F	Y	W	H	M	C	P
0	0.02387	0.04206	0.04542	0.00962	0.04132	0.04799	0.00746	0.11009	0.09396	0.03727	0.09742	0.25654	0.02149	0.00947	0.00539	0.00165	0.00423	0.06330	0.00428	0.07717
1	0.06644	0.05333	0.06572	0.01056	0.02892	0.02207	0.02577	0.28825	0.09623	0.12921	0.06814	0.01706	0.03015	0.00642	0.00490	0.00152	0.00490	0.03500	0.00450	0.04093
2	0.04563	0.01313	0.11011	0.01435	0.14990	0.04775	0.04895	0.14436	0.13711	0.09375	0.04440	0.05324	0.01196	0.00602	0.00494	0.00152	0.00532	0.00511	0.00390	0.05856
3	0.06630	0.00902	0.01014	0.00842	0.01122	0.01893	0.00669	0.16452	0.10324	0.23583	0.03652	0.05310	0.02996	0.04100	0.00577	0.00163	0.01879	0.00540	0.13625	0.03724
4	0.01132	0.04528	0.04321	0.16828	0.09265	0.00924	0.00906	0.07594	0.05123	0.10135	0.04706	0.12598	0.01486	0.09375	0.07066	0.00245	0.00565	0.00629	0.00364	0.02211
5	0.04836	0.10424	0.08916	0.05380	0.26624	0.04317	0.11685	0.10039	0.02142	0.02742	0.05638	0.01312	0.00986	0.00502	0.00480	0.00147	0.00604	0.00452	0.00297	0.02477
6	0.00939	0.00807	0.01184	0.27091	0.10354	0.00882	0.02396	0.01358	0.12255	0.02975	0.09192	0.08037	0.12624	0.00821	0.00547	0.00172	0.00476	0.06941	0.00374	0.00576
7	0.00748	0.00552	0.00663	0.00657	0.00801	0.00527	0.00505	0.03115	0.01092	0.04473	0.06371	0.08897	0.39384	0.04925	0.18514	0.00327	0.00537	0.07034	0.00423	0.00455
8	0.00902	0.02353	0.14671	0.01335	0.09548	0.00854	0.13295	0.01224	0.04133	0.01509	0.06806	0.28804	0.02055	0.00957	0.00601	0.00181	0.02381	0.07456	0.00361	0.00575
9	0.26311	0.07124	0.05203	0.04214	0.10139	0.01120	0.00862	0.07664	0.10397	0.10746	0.02579	0.06296	0.01133	0.00626	0.00446	0.00158	0.00461	0.03480	0.00379	0.00662
10	0.00679	0.00523	0.00664	0.00679	0.00780	0.00508	0.00511	0.00842	0.01142	0.01531	0.27793	0.22991	0.21748	0.01419	0.06160	0.00224	0.03965	0.06933	0.00466	0.00443
11	0.01179	0.00842	0.01199	0.10520	0.09193	0.00850	0.05435	0.13142	0.01360	0.12492	0.13653	0.15863	0.10429	0.00863	0.00551	0.00165	0.00443	0.00762	0.00440	0.00618
12	0.01243	0.04064	0.12144	0.03707	0.30094	0.06594	0.18680	0.01624	0.04725	0.05521	0.01278	0.01468	0.05531	0.00517	0.00511	0.00154	0.00650	0.00498	0.00286	0.00712
13	0.00645	0.00456	0.00570	0.00639	0.00672	0.00431	0.00415	0.00719	0.00928	0.01236	0.07148	0.51745	0.06812	0.23836	0.01155	0.00275	0.00338	0.01176	0.00424	0.00381
14	0.01054	0.01001	0.01699	0.51032	0.32802	0.01137	0.01441	0.01373	0.01050	0.01411	0.00906	0.01292	0.00713	0.00477	0.00496	0.00159	0.00636	0.00443	0.00231	0.00645
15	0.04310	0.00983	0.01117	0.06731	0.04534	0.04193	0.00802	0.18524	0.16548	0.04745	0.04110	0.21156	0.04754	0.00877	0.00581	0.00171	0.04054	0.00732	0.00437	0.00642
16	0.01131	0.02616	0.00896	0.00796	0.00990	0.05548	0.00610	0.04200	0.17258	0.11209	0.18238	0.17434	0.04575	0.00906	0.00527	0.00161	0.00362	0.01845	0.10105	0.00591
17	0.01258	0.01198	0.02928	0.01707	0.19557	0.06866	0.18450	0.03736	0.13610	0.05637	0.01418	0.01817	0.02848	0.00591	0.00522	0.00155	0.00589	0.07434	0.00345	0.09333
18	0.01519	0.25902	0.04401	0.01297	0.08386	0.25564	0.03773	0.10327	0.11300	0.01594	0.00985	0.01078	0.00795	0.00507	0.00434	0.00134	0.00651	0.00373	0.00301	0.00681
19	0.04671	0.01036	0.05116	0.02694	0.11852	0.06289	0.00827	0.03145	0.04665	0.16560	0.10896	0.04804	0.07966	0.00662	0.00485	0.00141	0.00448	0.00554	0.00406	0.16783

[dist]
# distance from previous block
# <min> <max>
0	2

[block]
# block no. 6 follows, 50 sequences, length 12
# corresponding to MSA columns:
# 861-872
name=unknown_G
#
# <colnr> <probs for GDERKNQSTAVLIFYWHMCP>
#	G	D	E	R	K	N	Q	S	T	A	V	L	I	F	Y	W	H	M	C	P
0	0.12240	0.03019	0.11653	0.02948	0.10514	0.01177	0.03104	0.10642	0.11758	0.11333	0.01228	0.02720	0.00953	0.00599	0.00592	0.00161	0.09134	0.01755	0.00365	0.04108
1	0.01173	0.07824	0.26776	0.01772	0.20603	0.01195	0.12612	0.04613	0.01144	0.05061	0.02754	0.06187	0.00976	0.00564	0.00554	0.00158	0.04547	0.00499	0.00278	0.00707
2	0.01914	0.00777	0.01054	0.00832	0.01161	0.00677	0.00677	0.02116	0.01423	0.63363	0.18201	0.02123	0.01964	0.00702	0.00519	0.00155	0.00384	0.00585	0.00603	0.00769
3	0.00785	0.00481	0.00614	0.00672	0.00749	0.00444	0.00464	0.00893	0.01007	0.08355	0.02687	0.59209	0.08097	0.04841	0.00677	0.00200	0.00302	0.01197	0.07879	0.00447
4	0.01197	0.14482	0.24014	0.01263	0.08302	0.05516	0.04122	0.07183	0.01176	0.01638	0.02453	0.01090	0.00780	0.00455	0.00429	0.00123	0.00577	0.00361	0.00270	0.24568
5	0.04848	0.00613	0.00651	0.00668	0.00808	0.02921	0.00500	0.04646	0.01135	0.01477	0.05547	0.26949	0.36463	0.01334	0.03009	0.00199	0.00352	0.06980	0.00447	0.00453
6	0.00627	0.00496	0.00565	0.00579	0.00710	0.00435	0.00428	0.00775	0.01171	0.01493	0.22118	0.17569	0.46365	0.01259	0.00600	0.00173	0.00261	0.03463	0.00483	0.00431
7	0.01139	0.01167	0.04930	0.21836	0.49075	0.02948	0.04482	0.01453	0.01120	0.01548	0.04807	0.01370	0.00943	0.00488	0.00501	0.00154	0.00615	0.00467	0.00255	0.00705
8	0.01265	0.01338	0.09181	0.07700	0.24819	0.08099	0.17761	0.05718	0.01228	0.06172	0.03477	0.06305	0.01060	0.00560	0.00517	0.00156	0.00640	0.00535	0.02781	0.00687
9	0.00925	0.00850	0.01112	0.01170	0.08522	0.05278	0.00826	0.01056	0.00907	0.01255	0.01501	0.23679	0.01642	0.06281	0.12794	0.00304	0.27008	0.04080	0.00313	0.00499
10	0.24224	0.06118	0.04354	0.05626	0.08243	0.09677	0.07604	0.18211	0.02929	0.03762	0.00971	0.01107	0.00739	0.00505	0.00432	0.00148	0.00565	0.00389	0.03728	0.00667
11	0.06782	0.00579	0.00709	0.00723	0.00833	0.00576	0.00523	0.04261	0.01024	0.08943	0.02254	0.39091	0.05418	0.13295	0.07852	0.00286	0.00448	0.05507	0.00428	0.00468

[dist]
# distance from previous block
# <min> <max>
0	2

[block]
# block no. 7 follows, 50 sequences, length 11
# corresponding to MSA columns:
# 875-885
name=unknown_H
#
# <colnr> <probs for GDERKNQSTAVLIFYWHMCP>
#	G	D	E	R	K	N	Q	S	T	A	V	L	I	F	Y	W	H	M	C	P
0	0.01345	0.01144	0.01374	0.15613	0.11437	0.04449	0.00996	0.21378	0.20513	0.02060	0.01280	0.01386	0.00971	0.00551	0.00478	0.00147	0.00518	0.00454	0.03871	0.10036
1	0.00797	0.00562	0.00759	0.00763	0.00853	0.00600	0.00571	0.06508	0.00980	0.01342	0.04681	0.19256	0.04588	0.06357	0.34100	0.10647	0.00777	0.05078	0.00350	0.00433
2	0.01277	0.17963	0.33340	0.01280	0.01778	0.11411	0.08211	0.03580	0.02742	0.05428	0.03338	0.01147	0.00827	0.00518	0.00521	0.00148	0.05148	0.00395	0.00265	0.00682
3	0.01020	0.01040	0.01580	0.01317	0.01482	0.06947	0.20455	0.01214	0.00983	0.01332	0.01387	0.20972	0.01452	0.01065	0.04961	0.00225	0.27437	0.04290	0.00303	0.00537
4	0.00739	0.00503	0.00657	0.00674	0.00774	0.00466	0.00496	0.00912	0.01210	0.04907	0.39032	0.29567	0.07880	0.03154	0.00654	0.00186	0.00285	0.06942	0.00506	0.00457
5	0.01034	0.00886	0.01034	0.00738	0.01181	0.00664	0.00591	0.01255	0.01034	0.01624	0.00886	0.01034	0.00738	0.00369	0.00369	0.00074	0.00369	0.00295	0.00295	0.85530
6	0.07458	0.02864	0.04457	0.15127	0.09251	0.03612	0.00905	0.05592	0.11052	0.07324	0.07301	0.15340	0.02873	0.02066	0.00540	0.00168	0.00474	0.00650	0.00383	0.02563
7	0.01085	0.01085	0.01464	0.05927	0.01464	0.06992	0.08127	0.03007	0.00950	0.01325	0.03533	0.04134	0.03853	0.04068	0.04812	0.00229	0.43633	0.00523	0.00267	0.03522
8	0.00813	0.00497	0.00642	0.00674	0.00740	0.00471	0.00455	0.00901	0.00966	0.09181	0.07174	0.45526	0.02715	0.22568	0.04058	0.00290	0.00388	0.01079	0.00435	0.00429
9	0.00800	0.00663	0.01035	0.17008	0.03356	0.00714	0.06052	0.00960	0.00963	0.01286	0.04284	0.29670	0.03795	0.09845	0.02679	0.04526	0.04814	0.06742	0.00350	0.00457
10	0.03011	0.01109	0.04403	0.38081	0.15143	0.05133	0.01225	0.05175	0.05401	0.04780	0.01013	0.01326	0.00790	0.02413	0.00588	0.00165	0.04618	0.00439	0.00280	0.04908

[dist]
# distance from previous block
# <min> <max>
0	1

[block]
# block no. 8 follows, 50 sequences, length 28
# corresponding to MSA columns:
# 887-914
name=unknown_I
#
# <colnr> <probs for GDERKNQSTAVLIFYWHMCP>
#	G	D	E	R	K	N	Q	S	T	A	V	L	I	F	Y	W	H	M	C	P
0	0.01437	0.26524	0.02723	0.00977	0.01287	0.08219	0.00836	0.25722	0.01448	0.03607	0.04028	0.03449	0.01067	0.07175	0.04838	0.00200	0.05013	0.00449	0.00346	0.00652
1	0.07341	0.00981	0.03395	0.00915	0.01258	0.00920	0.02457	0.08541	0.08898	0.19206	0.06239	0.02651	0.01215	0.00668	0.02615	0.00155	0.06277	0.00460	0.00416	0.25393
2	0.10161	0.07038	0.10780	0.04480	0.21773	0.03271	0.01051	0.05171	0.03172	0.06938	0.04876	0.01487	0.05811	0.00545	0.00454	0.00140	0.00510	0.00448	0.00323	0.11570
3	0.00792	0.00520	0.00652	0.00640	0.00771	0.00466	0.00471	0.00961	0.01234	0.08649	0.36142	0.23817	0.20655	0.01176	0.00593	0.00171	0.00270	0.01031	0.00514	0.00476
4	0.01164	0.00593	0.00810	0.00758	0.00905	0.00557	0.00587	0.02801	0.01097	0.20431	0.11551	0.06534	0.05683	0.01253	0.01041	0.28768	0.00398	0.14162	0.00429	0.00478
5	0.01228	0.12065	0.40101	0.01576	0.15552	0.08518	0.01462	0.01647	0.02950	0.05581	0.00990	0.01211	0.00772	0.00508	0.00481	0.00150	0.01895	0.02339	0.00256	0.00716
6	0.01203	0.00720	0.01010	0.00964	0.05865	0.00694	0.04627	0.05960	0.02205	0.20603	0.08187	0.18338	0.02021	0.18993	0.04551	0.00267	0.00475	0.02308	0.00442	0.00569
7	0.00614	0.00448	0.00568	0.00657	0.00706	0.00413	0.00442	0.00705	0.00978	0.01283	0.04973	0.64790	0.13716	0.06286	0.00741	0.00213	0.00294	0.01312	0.00455	0.00403
8	0.00667	0.00503	0.00640	0.00675	0.00768	0.00492	0.00495	0.00826	0.02307	0.01359	0.11744	0.26534	0.20976	0.06771	0.17627	0.00334	0.00520	0.05912	0.00422	0.00428
9	0.03561	0.00915	0.01065	0.00775	0.01206	0.00736	0.00624	0.05910	0.01145	0.09352	0.01004	0.01102	0.00788	0.00410	0.00388	0.00088	0.00386	0.00324	0.00339	0.69883
10	0.01291	0.06299	0.01478	0.14792	0.09994	0.13187	0.02120	0.09697	0.16686	0.01645	0.01210	0.03255	0.01015	0.03232	0.02669	0.00186	0.08363	0.01903	0.00329	0.00651
11	0.00753	0.00544	0.00741	0.00843	0.00948	0.00532	0.00707	0.00953	0.01124	0.01463	0.05418	0.17827	0.08409	0.01386	0.00670	0.00218	0.00409	0.56143	0.00463	0.00448
12	0.01681	0.01260	0.01356	0.01085	0.01448	0.01396	0.00880	0.49427	0.25928	0.05684	0.01476	0.01417	0.01069	0.00617	0.00498	0.00154	0.00491	0.00482	0.00500	0.03152
13	0.00712	0.00524	0.00756	0.00771	0.00847	0.00589	0.00586	0.00866	0.00824	0.01163	0.01540	0.07789	0.01553	0.12704	0.60962	0.00688	0.01110	0.05296	0.00296	0.00426
14	0.01069	0.14695	0.15900	0.19457	0.08232	0.08325	0.01145	0.01350	0.01073	0.01385	0.04835	0.12275	0.01265	0.00672	0.00503	0.00154	0.01945	0.02405	0.00279	0.03034
15	0.01131	0.10228	0.29874	0.01733	0.02311	0.01298	0.43070	0.01579	0.01116	0.01546	0.00936	0.01186	0.00700	0.00440	0.00520	0.00158	0.00772	0.00478	0.00233	0.00691
16	0.00648	0.00462	0.00585	0.00656	0.00725	0.00428	0.00461	0.00777	0.01059	0.01435	0.14233	0.52411	0.13025	0.01375	0.00608	0.00187	0.00280	0.04493	0.05732	0.00423
17	0.00616	0.00448	0.00582	0.00672	0.00721	0.00413	0.00457	0.00722	0.01018	0.01357	0.11174	0.67436	0.09585	0.01479	0.00627	0.00195	0.00280	0.01332	0.00472	0.00413
18	0.01288	0.10219	0.05910	0.04787	0.18026	0.09991	0.20607	0.03244	0.01137	0.04796	0.00993	0.04287	0.00839	0.00570	0.00650	0.01590	0.09653	0.00483	0.00269	0.00661
19	0.01668	0.01122	0.01286	0.04585	0.06256	0.07073	0.00877	0.22524	0.06006	0.23325	0.01395	0.01433	0.01002	0.00659	0.01814	0.00164	0.07790	0.00462	0.09828	0.00732
20	0.01070	0.00560	0.00739	0.00683	0.00797	0.00530	0.00492	0.04032	0.00980	0.14665	0.05487	0.06743	0.13050	0.06388	0.01338	0.40641	0.00395	0.00633	0.00368	0.00408
21	0.00891	0.00838	0.04401	0.15284	0.01513	0.00761	0.02375	0.01138	0.02646	0.01492	0.08817	0.21197	0.01736	0.00789	0.00569	0.00146	0.05450	0.00677	0.00342	0.28939
22	0.01081	0.01032	0.04954	0.29805	0.04044	0.03674	0.01004	0.07740	0.11422	0.01660	0.07706	0.01617	0.01214	0.04564	0.02163	0.00175	0.00548	0.00481	0.00328	0.14788
23	0.00680	0.00482	0.00611	0.00680	0.00730	0.00463	0.00478	0.00781	0.00965	0.01276	0.06839	0.37124	0.07595	0.23502	0.01158	0.00279	0.00369	0.15172	0.00423	0.00392
24	0.03516	0.01024	0.01551	0.06170	0.01657	0.01042	0.19468	0.20645	0.01453	0.15208	0.02517	0.10475	0.01272	0.00679	0.00539	0.00162	0.01679	0.02144	0.08121	0.00678
25	0.01227	0.29998	0.02008	0.26941	0.09225	0.04826	0.06669	0.06556	0.02986	0.01456	0.03118	0.01188	0.00821	0.00489	0.00442	0.00141	0.00608	0.00402	0.00259	0.00638
26	0.00888	0.00756	0.00994	0.07394	0.04844	0.04872	0.04373	0.04665	0.00988	0.01305	0.01669	0.23518	0.01806	0.20793	0.12921	0.00346	0.04113	0.02952	0.00336	0.00467
27	0.01193	0.05575	0.01629	0.17744	0.23981	0.11012	0.02233	0.01494	0.05840	0.01405	0.00955	0.01286	0.00808	0.02228	0.04252	0.00195	0.15096	0.00437	0.02006	0.00632

[dist]
# distance from previous block
# <min> <max>
9	18

[block]
# block no. 9 follows, 50 sequences, length 8
# corresponding to MSA columns:
# 933-940
name=unknown_J
#
# <colnr> <probs for GDERKNQSTAVLIFYWHMCP>
#	G	D	E	R	K	N	Q	S	T	A	V	L	I	F	Y	W	H	M	C	P
0	0.00878	0.00841	0.06146	0.01097	0.04484	0.00735	0.14682	0.01165	0.07383	0.03267	0.03758	0.33272	0.02111	0.16687	0.00962	0.00240	0.00479	0.00921	0.00378	0.00515
1	0.01284	0.01172	0.08811	0.01278	0.13985	0.11012	0.00910	0.07465	0.03077	0.12207	0.01596	0.16683	0.01501	0.07983	0.00693	0.00189	0.00521	0.03422	0.05589	0.00623
2	0.01371	0.20586	0.01734	0.27578	0.05435	0.23676	0.01089	0.05458	0.05944	0.01394	0.00896	0.01105	0.00719	0.00499	0.00443	0.00140	0.00674	0.00375	0.00262	0.00620
3	0.01076	0.01347	0.15294	0.06744	0.16212	0.13511	0.01083	0.01336	0.01110	0.01441	0.04644	0.13142	0.01505	0.05976	0.00648	0.00180	0.00580	0.07753	0.00310	0.06108
4	0.01310	0.17895	0.08524	0.01808	0.30058	0.02971	0.04099	0.08199	0.12721	0.03512	0.01110	0.01287	0.00895	0.02889	0.00521	0.00154	0.00568	0.00432	0.00308	0.00738
5	0.03426	0.03058	0.04509	0.02627	0.16173	0.09857	0.04221	0.07925	0.03131	0.13724	0.05432	0.14936	0.01578	0.02868	0.00575	0.00170	0.00527	0.04218	0.00394	0.00652
6	0.00758	0.00534	0.00756	0.00760	0.00869	0.00490	0.04694	0.00901	0.01090	0.06178	0.13954	0.49464	0.11887	0.01321	0.00615	0.00188	0.00322	0.04283	0.00473	0.00460
7	0.01193	0.01513	0.20322	0.23992	0.21960	0.04967	0.04351	0.09423	0.04448	0.01673	0.00980	0.01228	0.00745	0.00494	0.00493	0.00156	0.00658	0.00431	0.00269	0.00703

[dist]
# distance from previous block
# <min> <max>
0	2

[block]
# block no. 10 follows, 50 sequences, length 16
# corresponding to MSA columns:
# 943-958
name=unknown_K
#
# <colnr> <probs for GDERKNQSTAVLIFYWHMCP>
#	G	D	E	R	K	N	Q	S	T	A	V	L	I	F	Y	W	H	M	C	P
0	0.01469	0.06349	0.01811	0.04115	0.17333	0.35397	0.11705	0.01680	0.01202	0.01365	0.00842	0.01080	0.00704	0.00526	0.00612	0.00148	0.10459	0.00400	0.02174	0.00630
1	0.00643	0.00502	0.00585	0.00595	0.00725	0.00444	0.00446	0.00806	0.01203	0.01558	0.28644	0.14463	0.40461	0.01229	0.00601	0.00173	0.00264	0.05731	0.00490	0.00437
2	0.01248	0.01294	0.07539	0.01244	0.01427	0.09538	0.05215	0.02615	0.00990	0.07101	0.02470	0.01202	0.00811	0.00715	0.01114	0.00181	0.45384	0.00433	0.02941	0.06538
3	0.01034	0.00886	0.01034	0.00738	0.01181	0.00664	0.00591	0.01255	0.01034	0.01624	0.00886	0.01034	0.00738	0.00369	0.00369	0.00074	0.00369	0.00295	0.00295	0.85530
4	0.00648	0.00491	0.00564	0.00573	0.00686	0.00439	0.00410	0.00789	0.01139	0.01494	0.24599	0.17528	0.35922	0.08879	0.00773	0.00199	0.00275	0.01024	0.03146	0.00422
5	0.01038	0.03112	0.17432	0.29021	0.02154	0.03826	0.02828	0.04227	0.02623	0.03288	0.07642	0.01572	0.01130	0.04383	0.06383	0.00224	0.07760	0.00484	0.00281	0.00593
6	0.00646	0.00479	0.00585	0.00613	0.00699	0.00437	0.00428	0.00779	0.01114	0.01483	0.26903	0.31398	0.21144	0.09995	0.00814	0.00210	0.00285	0.01098	0.00472	0.00418
7	0.00752	0.00625	0.00988	0.00926	0.01021	0.00645	0.10460	0.00890	0.00926	0.01263	0.02024	0.42510	0.02293	0.11453	0.11954	0.00317	0.06677	0.03460	0.00371	0.00445
8	0.03427	0.00800	0.03785	0.02763	0.01143	0.03203	0.06728	0.03844	0.05549	0.04508	0.08207	0.28986	0.12603	0.01084	0.00577	0.00178	0.00411	0.08483	0.00431	0.03290
9	0.00965	0.01267	0.16556	0.01059	0.01383	0.08922	0.11694	0.03531	0.03195	0.01536	0.10584	0.06619	0.24433	0.03926	0.00640	0.00175	0.01864	0.00727	0.00364	0.00559
10	0.01275	0.12733	0.11861	0.01078	0.06038	0.00950	0.00935	0.03126	0.04179	0.19491	0.01828	0.13218	0.01709	0.00869	0.00534	0.00172	0.00484	0.18460	0.00417	0.00646
11	0.01065	0.00959	0.01589	0.23480	0.20306	0.01038	0.10110	0.01438	0.06766	0.03604	0.01469	0.02306	0.03024	0.00708	0.00603	0.00178	0.04413	0.16001	0.00317	0.00625
12	0.00900	0.09550	0.03689	0.28055	0.01806	0.02971	0.00901	0.03774	0.01052	0.01361	0.04438	0.34366	0.01887	0.00953	0.00556	0.00173	0.01875	0.00833	0.00341	0.00516
13	0.06706	0.00567	0.00744	0.00746	0.00867	0.00584	0.01746	0.00928	0.00941	0.03316	0.03751	0.21138	0.10694	0.06167	0.30290	0.00427	0.00715	0.06662	0.00369	0.02640
14	0.18198	0.06355	0.18042	0.14379	0.09315	0.02702	0.09779	0.01522	0.02993	0.04858	0.02873	0.01253	0.00828	0.02699	0.00532	0.00165	0.02171	0.00420	0.00276	0.00640
15	0.03694	0.01150	0.04838	0.08327	0.21754	0.07040	0.03480	0.08295	0.05715	0.03093	0.05907	0.03341	0.08468	0.00711	0.00600	0.00165	0.06240	0.06191	0.00344	0.00646

[dist]
# distance from previous block
# <min> <max>
7	34

[block]
# block no. 11 follows, 50 sequences, length 19
# corresponding to MSA columns:
# 994-1012
name=unknown_L
#
# <colnr> <probs for GDERKNQSTAVLIFYWHMCP>
#	G	D	E	R	K	N	Q	S	T	A	V	L	I	F	Y	W	H	M	C	P
0	0.01357	0.01119	0.04865	0.03039	0.15309	0.06454	0.02420	0.06533	0.03105	0.15080	0.04408	0.03600	0.01174	0.01523	0.00522	0.00140	0.02049	0.03753	0.00371	0.23178
1	0.01096	0.02999	0.09492	0.06444	0.09703	0.06859	0.08502	0.01419	0.05929	0.06929	0.05932	0.08703	0.01541	0.08645	0.08112	0.00254	0.00637	0.05869	0.00341	0.00591
2	0.00934	0.00821	0.01249	0.07045	0.27250	0.00798	0.02934	0.02628	0.01237	0.01714	0.28072	0.02626	0.14222	0.00767	0.00536	0.00152	0.00416	0.00688	0.00389	0.05523
3	0.01125	0.00793	0.01173	0.00987	0.01257	0.00727	0.11716	0.05994	0.01236	0.13736	0.05187	0.13375	0.10415	0.00932	0.00568	0.00169	0.00448	0.17408	0.00438	0.12318
4	0.01458	0.07489	0.11601	0.01698	0.22698	0.09318	0.04509	0.23159	0.02691	0.03641	0.01052	0.03020	0.00835	0.00526	0.00478	0.00144	0.00612	0.00436	0.00331	0.04302
5	0.08234	0.00796	0.01148	0.03996	0.14978	0.00848	0.05548	0.03837	0.00964	0.03285	0.01390	0.08227	0.02739	0.23083	0.12460	0.00341	0.05297	0.00615	0.01693	0.00520
6	0.00635	0.00462	0.00584	0.00667	0.00722	0.00430	0.00460	0.00733	0.00984	0.01287	0.04975	0.54696	0.14134	0.09938	0.00831	0.00228	0.00316	0.07068	0.00448	0.00402
7	0.01242	0.07131	0.04593	0.01449	0.06175	0.10981	0.21289	0.03191	0.01100	0.05915	0.01114	0.03785	0.00982	0.02683	0.08103	0.02055	0.13413	0.03907	0.00286	0.00606
8	0.03549	0.08932	0.02933	0.02716	0.09610	0.14981	0.06126	0.19159	0.01463	0.11207	0.02654	0.02863	0.04595	0.00610	0.00526	0.00149	0.03627	0.01832	0.00371	0.02097
9	0.05001	0.00626	0.00803	0.00746	0.00928	0.00586	0.00564	0.03137	0.01196	0.24937	0.14326	0.31310	0.06847	0.01231	0.05173	0.00210	0.00390	0.00917	0.00505	0.00568
10	0.00692	0.00501	0.00692	0.00712	0.00773	0.00537	0.00512	0.00820	0.00869	0.01214	0.08224	0.19057	0.02078	0.18907	0.41465	0.00558	0.00853	0.00787	0.00338	0.00410
11	0.01207	0.09324	0.28973	0.07013	0.12008	0.09762	0.12664	0.01575	0.01118	0.04197	0.01064	0.01258	0.03551	0.00512	0.00527	0.00153	0.03728	0.00433	0.00251	0.00681
12	0.01285	0.07123	0.01739	0.07108	0.03467	0.12459	0.16487	0.05571	0.03135	0.06032	0.01245	0.07234	0.04199	0.00693	0.00780	0.00170	0.19809	0.00544	0.00305	0.00613
13	0.01776	0.01273	0.01385	0.01090	0.01454	0.01397	0.00889	0.62449	0.07814	0.07349	0.01411	0.06929	0.01091	0.00672	0.00509	0.00155	0.00512	0.00528	0.00504	0.00812
14	0.00702	0.00477	0.00568	0.00603	0.00617	0.00470	0.00372	0.00737	0.00806	0.01072	0.01917	0.22141	0.02231	0.58198	0.01970	0.00401	0.00436	0.05598	0.00350	0.00336
15	0.32268	0.04235	0.01260	0.01122	0.07622	0.06320	0.04417	0.17721	0.08023	0.02127	0.01121	0.07610	0.00957	0.00607	0.00463	0.00157	0.02498	0.00462	0.00362	0.00649
16	0.01138	0.05659	0.04237	0.01084	0.02392	0.11600	0.05736	0.01264	0.00965	0.05745	0.01221	0.11830	0.01217	0.10231	0.04740	0.06383	0.21431	0.00586	0.02025	0.00516
