[name]
unknown

[dist]
# distance from previous block
# <min> <max>
0	51

[block]
# block no. 0 follows, 52 sequences, length 12
# corresponding to MSA columns:
# 51-62
name=unknown_A
#
# <colnr> <probs for GDERKNQSTAVLIFYWHMCP>
#	G	D	E	R	K	N	Q	S	T	A	V	L	I	F	Y	W	H	M	C	P
0	0.07702	0.01390	0.22815	0.01260	0.10987	0.05484	0.01082	0.04534	0.07615	0.14556	0.04675	0.09000	0.01323	0.00669	0.00488	0.00158	0.00523	0.04702	0.00367	0.00670
1	0.00618	0.00478	0.00564	0.00573	0.00690	0.00424	0.00418	0.00773	0.01167	0.01530	0.32233	0.20426	0.35965	0.01200	0.00582	0.00166	0.00247	0.01042	0.00481	0.00424
2	0.21793	0.00878	0.00916	0.00740	0.01047	0.03866	0.00591	0.03176	0.01103	0.08727	0.16698	0.01534	0.01482	0.00558	0.00450	0.00123	0.03400	0.00426	0.00368	0.32126
3	0.01375	0.53101	0.01995	0.00887	0.01223	0.21298	0.00796	0.01531	0.01085	0.01233	0.00803	0.00927	0.00698	0.00454	0.00346	0.00110	0.00570	0.00296	0.10685	0.00586
4	0.01367	0.02494	0.01284	0.01273	0.15907	0.04150	0.00852	0.05191	0.21848	0.15544	0.02756	0.01411	0.01081	0.00521	0.00451	0.00131	0.00444	0.00436	0.00398	0.22463
5	0.00618	0.00450	0.00608	0.05117	0.00833	0.00437	0.00486	0.00708	0.00912	0.01213	0.02477	0.71608	0.02945	0.08202	0.00764	0.00217	0.00317	0.01270	0.00424	0.00393
6	0.33041	0.00977	0.00981	0.00800	0.01115	0.01055	0.00656	0.24876	0.01399	0.17329	0.01183	0.01205	0.00842	0.00534	0.00397	0.00144	0.00410	0.00384	0.12011	0.00663
7	0.01317	0.01150	0.04876	0.01664	0.23075	0.01138	0.10265	0.11835	0.23146	0.08055	0.01426	0.01633	0.01110	0.00574	0.00501	0.00156	0.00523	0.04255	0.02562	0.00740
8	0.01042	0.01094	0.06750	0.33543	0.09171	0.01091	0.19639	0.07107	0.01122	0.01506	0.01116	0.07418	0.00967	0.00588	0.00547	0.00165	0.02545	0.03714	0.00271	0.00604
9	0.04384	0.00648	0.00813	0.00760	0.00877	0.00722	0.02353	0.01183	0.08844	0.04074	0.05947	0.13610	0.03606	0.07478	0.12611	0.00275	0.10479	0.00655	0.20192	0.00489
10	0.72539	0.01039	0.03592	0.00708	0.01027	0.04324	0.00603	0.01531	0.00903	0.08954	0.00793	0.00875	0.00591	0.00465	0.00328	0.00149	0.00411	0.00288	0.00321	0.00559
11	0.01154	0.01293	0.00919	0.00899	0.01042	0.37051	0.00646	0.01253	0.01131	0.01194	0.01962	0.28353	0.11258	0.08796	0.00707	0.00186	0.00564	0.00786	0.00344	0.00462

[dist]
# distance from previous block
# <min> <max>
0	2

[block]
# block no. 1 follows, 52 sequences, length 7
# corresponding to MSA columns:
# 65-71
name=unknown_B
#
# <colnr> <probs for GDERKNQSTAVLIFYWHMCP>
#	G	D	E	R	K	N	Q	S	T	A	V	L	I	F	Y	W	H	M	C	P
0	0.01464	0.01283	0.01133	0.01003	0.01272	0.20222	0.00784	0.08563	0.36555	0.10103	0.01603	0.01678	0.01231	0.00631	0.00475	0.00151	0.00508	0.03887	0.06764	0.00691
1	0.41119	0.00788	0.00782	0.00678	0.00953	0.00811	0.00545	0.01505	0.01061	0.23296	0.07279	0.05667	0.12363	0.00690	0.00424	0.00154	0.00352	0.00528	0.00427	0.00579
2	0.04260	0.01024	0.05403	0.03672	0.14382	0.00946	0.12419	0.06934	0.07231	0.19903	0.11609	0.01701	0.01432	0.00580	0.00492	0.00150	0.00490	0.00525	0.06158	0.00688
3	0.00770	0.00446	0.00578	0.00578	0.00578	0.00446	0.00354	0.00670	0.00670	0.00893	0.01200	0.02361	0.01323	0.44189	0.02193	0.41227	0.00446	0.00569	0.00254	0.00254
4	0.00765	0.00508	0.00629	0.00605	0.00730	0.00459	0.00443	0.00929	0.01199	0.07751	0.40109	0.14379	0.20755	0.07680	0.00724	0.00186	0.00273	0.00933	0.00489	0.00453
5	0.01288	0.04862	0.01233	0.03064	0.06594	0.13399	0.00800	0.06261	0.29352	0.03420	0.01298	0.01354	0.01013	0.00596	0.00523	0.04898	0.00487	0.00422	0.02500	0.16636
6	0.39154	0.15415	0.14703	0.00912	0.01293	0.13547	0.00870	0.01597	0.05776	0.01729	0.00799	0.00902	0.00630	0.00466	0.00362	0.00140	0.00535	0.00303	0.00272	0.00594

[dist]
# distance from previous block
# <min> <max>
0	1

[block]
# block no. 2 follows, 52 sequences, length 14
# corresponding to MSA columns:
# 73-86
name=unknown_C
#
# <colnr> <probs for GDERKNQSTAVLIFYWHMCP>
#	G	D	E	R	K	N	Q	S	T	A	V	L	I	F	Y	W	H	M	C	P
0	0.01365	0.08050	0.15896	0.01404	0.01821	0.10537	0.20880	0.20206	0.03774	0.01815	0.00951	0.01121	0.00727	0.00522	0.00594	0.00153	0.08770	0.00431	0.00298	0.00684
1	0.01038	0.01081	0.05558	0.07854	0.25856	0.01004	0.24196	0.03759	0.01156	0.01604	0.11638	0.10272	0.01512	0.00626	0.00534	0.00158	0.00581	0.00631	0.00307	0.00634
2	0.00632	0.00474	0.00524	0.00537	0.00617	0.00433	0.00356	0.00709	0.00945	0.01196	0.07646	0.14576	0.35527	0.32213	0.01296	0.00283	0.00334	0.00942	0.00396	0.00366
3	0.05985	0.00975	0.01181	0.00916	0.01278	0.00958	0.00754	0.25351	0.01631	0.49125	0.05566	0.01561	0.01224	0.00607	0.00482	0.00149	0.00438	0.00481	0.00547	0.00792
4	0.03824	0.00551	0.00642	0.00655	0.00764	0.00556	0.00475	0.04405	0.07238	0.01682	0.17955	0.35841	0.02716	0.01053	0.00520	0.00163	0.00281	0.00925	0.19283	0.00472
5	0.01088	0.00873	0.01063	0.00939	0.01099	0.02368	0.00745	0.20232	0.07325	0.01703	0.03744	0.05221	0.01258	0.05737	0.31586	0.00417	0.13151	0.00541	0.00345	0.00565
6	0.04838	0.00870	0.01119	0.00861	0.01230	0.00786	0.00708	0.09278	0.01425	0.62766	0.04128	0.01593	0.01214	0.00589	0.00475	0.00144	0.00413	0.00474	0.00556	0.06535
7	0.00750	0.00526	0.00652	0.00644	0.00691	0.00557	0.00430	0.04698	0.00824	0.01125	0.01527	0.08728	0.01660	0.49047	0.25550	0.00524	0.00705	0.00687	0.00305	0.00369
8	0.23318	0.04706	0.01452	0.26829	0.02030	0.05305	0.10660	0.13211	0.01177	0.01794	0.00983	0.01200	0.03111	0.00507	0.00457	0.00153	0.01811	0.00410	0.00291	0.00594
9	0.08042	0.04947	0.01303	0.01088	0.05693	0.23216	0.02185	0.01459	0.01065	0.01442	0.00782	0.00965	0.00664	0.00478	0.00549	0.00119	0.11472	0.00322	0.00261	0.33949
10	0.06247	0.00747	0.02785	0.01013	0.09705	0.00688	0.06719	0.01182	0.05151	0.06371	0.28409	0.07035	0.20268	0.00878	0.00536	0.00158	0.00359	0.00773	0.00435	0.00540
11	0.03878	0.01087	0.05013	0.01553	0.25898	0.06943	0.00968	0.01657	0.20781	0.05661	0.01703	0.16628	0.04677	0.00740	0.00503	0.00159	0.00473	0.00647	0.00371	0.00660
12	0.05663	0.01041	0.01288	0.10926	0.07716	0.07083	0.03361	0.16242	0.01211	0.07157	0.01121	0.07671	0.00990	0.03392	0.02855	0.07829	0.13037	0.00506	0.00325	0.00585
13	0.01406	0.08773	0.01628	0.11259	0.12123	0.13042	0.05385	0.19830	0.14725	0.01846	0.01093	0.01220	0.00846	0.00538	0.00516	0.00148	0.04167	0.00427	0.00336	0.00693

[dist]
# distance from previous block
# <min> <max>
6	16

[block]
# block no. 3 follows, 52 sequences, length 39
# corresponding to MSA columns:
# 103-141
name=unknown_D
#
# <colnr> <probs for GDERKNQSTAVLIFYWHMCP>
#	G	D	E	R	K	N	Q	S	T	A	V	L	I	F	Y	W	H	M	C	P
0	0.07169	0.33276	0.02943	0.00944	0.05137	0.01303	0.00783	0.11987	0.01183	0.07977	0.02069	0.09313	0.01041	0.00711	0.03922	0.00156	0.00499	0.00447	0.00324	0.08817
1	0.01134	0.07005	0.04905	0.00813	0.01181	0.00851	0.00693	0.09656	0.04281	0.05996	0.06509	0.04109	0.01239	0.02844	0.00482	0.00121	0.00406	0.03885	0.00353	0.43535
2	0.04579	0.00515	0.00647	0.00608	0.00732	0.00485	0.00458	0.00932	0.01340	0.01937	0.74169	0.03518	0.06328	0.00972	0.00559	0.00153	0.00236	0.00852	0.00521	0.00459
3	0.01137	0.19994	0.09200	0.01031	0.04000	0.21212	0.02000	0.01315	0.01091	0.01282	0.05194	0.26248	0.01618	0.00816	0.00493	0.00149	0.01697	0.00670	0.00310	0.00542
4	0.00612	0.00492	0.00545	0.00532	0.00678	0.00426	0.00399	0.00771	0.01197	0.01528	0.30693	0.04304	0.53830	0.01146	0.00572	0.00160	0.00240	0.00972	0.00479	0.00426
5	0.01142	0.01198	0.01242	0.01087	0.01243	0.21926	0.06837	0.03972	0.02827	0.01269	0.01222	0.01622	0.05362	0.06736	0.23013	0.00352	0.17675	0.00487	0.00272	0.00515
6	0.00786	0.00656	0.00925	0.00916	0.00977	0.00751	0.02956	0.00921	0.00932	0.01274	0.02084	0.31141	0.04937	0.05343	0.00975	0.00220	0.21626	0.21761	0.00373	0.00447
7	0.01108	0.00589	0.00776	0.00734	0.00896	0.00541	0.00562	0.02633	0.01182	0.23685	0.17235	0.25639	0.05493	0.06331	0.00693	0.00194	0.00344	0.10330	0.00498	0.00536
8	0.11278	0.06454	0.05031	0.03741	0.15133	0.01208	0.28273	0.06577	0.06232	0.03515	0.01002	0.01220	0.00777	0.00504	0.00549	0.02512	0.02939	0.00456	0.01939	0.00658
9	0.01190	0.01466	0.29442	0.01092	0.01586	0.00905	0.06845	0.01635	0.07495	0.14473	0.06191	0.01373	0.01070	0.00503	0.00457	0.00133	0.00523	0.00426	0.00338	0.22858
10	0.01415	0.28159	0.13495	0.01093	0.04845	0.06611	0.00988	0.12068	0.12436	0.10345	0.01162	0.03388	0.00912	0.00536	0.00426	0.00136	0.00538	0.00406	0.00339	0.00702
11	0.00880	0.00654	0.00722	0.00687	0.00778	0.00700	0.00459	0.05555	0.19859	0.01352	0.01724	0.10349	0.01778	0.50487	0.01697	0.00351	0.00434	0.00716	0.00368	0.00448
12	0.00656	0.00483	0.00563	0.00581	0.00702	0.00424	0.00421	0.00789	0.01109	0.04266	0.17393	0.27740	0.40627	0.01250	0.00583	0.00171	0.00259	0.01084	0.00470	0.00428
13	0.00697	0.00483	0.00588	0.00617	0.00645	0.00485	0.00392	0.02943	0.00833	0.01119	0.01891	0.30369	0.02185	0.45872	0.08394	0.00393	0.00476	0.00913	0.00350	0.00355
14	0.07267	0.49894	0.19951	0.01022	0.04150	0.01575	0.01041	0.01547	0.03509	0.04944	0.00824	0.00921	0.00672	0.00444	0.00364	0.00124	0.00546	0.00307	0.00241	0.00655
15	0.01087	0.31122	0.52848	0.01186	0.01795	0.01406	0.01450	0.01505	0.01009	0.01395	0.00800	0.00936	0.00617	0.00444	0.00407	0.00136	0.00646	0.00323	0.00206	0.00683
16	0.01073	0.00932	0.03355	0.00771	0.01195	0.00716	0.00640	0.04062	0.01057	0.04121	0.00900	0.01033	0.00732	0.00391	0.00404	0.00083	0.02607	0.00305	0.00300	0.75324
17	0.00957	0.00677	0.00740	0.00692	0.00877	0.03503	0.00524	0.01291	0.12982	0.12441	0.16761	0.14483	0.30124	0.01027	0.00550	0.00163	0.00314	0.00875	0.00485	0.00533
18	0.00751	0.00483	0.00609	0.00646	0.00746	0.00434	0.00458	0.00866	0.01051	0.09111	0.09572	0.50290	0.20529	0.01317	0.00591	0.00181	0.00282	0.01167	0.00472	0.00445
19	0.00964	0.00888	0.01454	0.77512	0.03240	0.01099	0.01323	0.05340	0.01039	0.01335	0.00877	0.01285	0.00655	0.00490	0.00485	0.00161	0.00640	0.00431	0.00230	0.00554
20	0.10786	0.01213	0.01272	0.01002	0.01360	0.01332	0.00821	0.55515	0.08541	0.04278	0.01384	0.01369	0.05051	0.00602	0.00466	0.00146	0.00480	0.00455	0.00460	0.03470
21	0.00668	0.00476	0.00641	0.00732	0.00796	0.00457	0.00552	0.00809	0.01027	0.01369	0.10831	0.45555	0.03153	0.04959	0.00711	0.00213	0.00338	0.25850	0.00451	0.00413
22	0.00637	0.00469	0.00600	0.00645	0.00730	0.00432	0.00470	0.00789	0.01121	0.01506	0.29105	0.37322	0.15047	0.01280	0.00600	0.00179	0.00273	0.07894	0.00478	0.00422
23	0.01822	0.00964	0.01188	0.00950	0.01278	0.00986	0.00776	0.17226	0.14332	0.44341	0.01679	0.01560	0.01142	0.00757	0.04209	0.00183	0.04817	0.00485	0.00523	0.00782
24	0.00985	0.05712	0.77365	0.01359	0.02064	0.01157	0.01752	0.01531	0.01022	0.01519	0.00862	0.01013	0.00614	0.00459	0.00454	0.00151	0.00708	0.00354	0.00205	0.00712
25	0.11163	0.00878	0.00970	0.00798	0.01087	0.00910	0.00644	0.18113	0.10127	0.25849	0.01534	0.01508	0.01086	0.00576	0.00428	0.00141	0.00382	0.00449	0.22671	0.00687
26	0.14020	0.01597	0.01215	0.01048	0.01317	0.35221	0.00822	0.21536	0.03628	0.01891	0.00947	0.01054	0.00740	0.00542	0.00484	0.00139	0.04963	0.00362	0.07858	0.00619
27	0.04494	0.01172	0.01401	0.22176	0.01935	0.10523	0.05963	0.22447	0.01479	0.17554	0.04269	0.01394	0.01901	0.00558	0.00483	0.00150	0.00576	0.00457	0.00389	0.00678
28	0.00892	0.00733	0.00816	0.00765	0.00951	0.00779	0.00581	0.01603	0.36160	0.01814	0.25725	0.09986	0.15384	0.00927	0.00541	0.00164	0.00306	0.00797	0.00494	0.00583
29	0.00705	0.00470	0.00529	0.00529	0.00529	0.00470	0.00294	0.00705	0.00705	0.00940	0.01527	0.03171	0.01762	0.82969	0.02467	0.00470	0.00470	0.00705	0.00294	0.00294
30	0.02575	0.00642	0.00922	0.00823	0.01001	0.00656	0.03986	0.02708	0.03246	0.17237	0.15910	0.07050	0.01916	0.02073	0.36467	0.00435	0.00784	0.00628	0.00401	0.00541
31	0.04124	0.01381	0.04829	0.07307	0.03141	0.19850	0.08663	0.02066	0.29191	0.11155	0.01425	0.01442	0.02123	0.00564	0.00480	0.00152	0.00582	0.00466	0.00379	0.00682
32	0.00596	0.00426	0.00568	0.00671	0.00704	0.00398	0.00450	0.00690	0.00956	0.01281	0.07482	0.77716	0.03291	0.01485	0.00616	0.00194	0.00278	0.01346	0.00455	0.00398
33	0.01144	0.01307	0.02859	0.02042	0.02533	0.01225	0.78186	0.01552	0.01144	0.01552	0.00980	0.01307	0.00735	0.00408	0.00572	0.00163	0.00817	0.00572	0.00245	0.00654
34	0.01103	0.01088	0.07970	0.20950	0.05997	0.01023	0.18736	0.03653	0.12351	0.07377	0.06750	0.06182	0.03406	0.00611	0.00520	0.00161	0.00569	0.00578	0.00339	0.00635
35	0.00845	0.00550	0.00770	0.08730	0.01062	0.00556	0.00606	0.00979	0.01012	0.10788	0.07025	0.54262	0.02671	0.01239	0.00631	0.00186	0.03905	0.03273	0.00439	0.00471
36	0.19893	0.01001	0.01366	0.30842	0.21918	0.04137	0.01102	0.02783	0.01054	0.07239	0.03648	0.01246	0.00829	0.00492	0.00444	0.00152	0.00544	0.00409	0.00285	0.00617
37	0.00989	0.06232	0.05918	0.05439	0.08578	0.04003	0.13527	0.03927	0.01006	0.01392	0.01145	0.05313	0.01024	0.02436	0.26802	0.00356	0.03175	0.00507	0.04552	0.03679
38	0.30169	0.05505	0.04115	0.14206	0.21329	0.01188	0.01017	0.11613	0.01135	0.01895	0.00890	0.01163	0.00718	0.00492	0.00416	0.00149	0.00511	0.02559	0.00292	0.00637

[dist]
# distance from previous block
# <min> <max>
0	6

[block]
# block no. 4 follows, 52 sequences, length 27
# corresponding to MSA columns:
# 148-174
name=unknown_E
#
# <colnr> <probs for GDERKNQSTAVLIFYWHMCP>
#	G	D	E	R	K	N	Q	S	T	A	V	L	I	F	Y	W	H	M	C	P
0	0.01315	0.01104	0.01665	0.01719	0.24569	0.01129	0.13599	0.13912	0.16373	0.07416	0.04435	0.01473	0.01106	0.00635	0.03236	0.00170	0.00560	0.00496	0.00369	0.04719
1	0.01211	0.01119	0.01327	0.15610	0.12354	0.10860	0.03153	0.06977	0.11683	0.04095	0.06091	0.01467	0.03000	0.00534	0.00463	0.00134	0.00523	0.00450	0.00333	0.18617
2	0.01173	0.05105	0.07783	0.00751	0.01046	0.00734	0.00662	0.04537	0.06896	0.22498	0.06282	0.02952	0.35884	0.00874	0.00517	0.00155	0.00366	0.00719	0.00464	0.00602
3	0.01114	0.45446	0.27754	0.01025	0.03159	0.01471	0.01106	0.01404	0.01016	0.01322	0.05410	0.01210	0.02929	0.03250	0.00457	0.00137	0.00559	0.00365	0.00235	0.00630
4	0.00695	0.00507	0.00716	0.00716	0.00781	0.00572	0.00527	0.00825	0.00760	0.01078	0.01356	0.02223	0.01350	0.23585	0.61287	0.00701	0.01090	0.00566	0.00268	0.00398
5	0.00686	0.00511	0.00645	0.00660	0.00761	0.00488	0.00484	0.00937	0.06412	0.01653	0.40737	0.29125	0.09302	0.01171	0.00586	0.00172	0.00267	0.04457	0.00494	0.00454
6	0.06589	0.09529	0.01907	0.05956	0.45077	0.10865	0.07557	0.01517	0.01091	0.01495	0.00847	0.01100	0.00708	0.00454	0.00491	0.00143	0.03347	0.00401	0.00240	0.00685
7	0.00704	0.00611	0.00751	0.00732	0.03116	0.00569	0.04722	0.00995	0.10196	0.01444	0.08431	0.12650	0.51055	0.01111	0.00566	0.00166	0.00305	0.00956	0.00443	0.00476
8	0.01842	0.01357	0.01454	0.01115	0.01503	0.01503	0.00921	0.78330	0.02278	0.03054	0.01163	0.01163	0.00824	0.00582	0.00485	0.00145	0.00533	0.00436	0.00485	0.00824
9	0.00991	0.00970	0.01696	0.44960	0.05084	0.01130	0.16603	0.03148	0.01006	0.01346	0.00983	0.06649	0.00840	0.00589	0.00663	0.00170	0.11843	0.00521	0.00244	0.00565
10	0.01387	0.01033	0.01548	0.08060	0.10483	0.01065	0.14703	0.10889	0.18686	0.17096	0.06772	0.01711	0.01307	0.00592	0.00512	0.00157	0.00518	0.02343	0.00419	0.00717
11	0.00692	0.00519	0.00779	0.00779	0.00865	0.00606	0.00606	0.00865	0.00779	0.01125	0.01298	0.01904	0.01211	0.03634	0.81049	0.00779	0.01298	0.00519	0.00260	0.00433
12	0.00915	0.00861	0.01453	0.81804	0.03338	0.01077	0.01346	0.01238	0.00969	0.01238	0.00861	0.01292	0.00646	0.00484	0.00484	0.00161	0.00646	0.00431	0.00215	0.00538
13	0.01661	0.01257	0.01388	0.01169	0.05032	0.01391	0.00917	0.59552	0.13195	0.02748	0.01347	0.01501	0.01027	0.00629	0.00496	0.00152	0.00509	0.04763	0.00473	0.00792
14	0.00918	0.00649	0.00706	0.00636	0.00846	0.00607	0.00494	0.09399	0.05742	0.09688	0.08527	0.05533	0.52316	0.01052	0.00551	0.00160	0.00301	0.00876	0.00477	0.00520
15	0.00628	0.00484	0.00574	0.00572	0.00694	0.00430	0.00421	0.00795	0.01206	0.01597	0.39692	0.14805	0.34042	0.01156	0.00578	0.00163	0.00242	0.01002	0.00489	0.00430
16	0.00928	0.00874	0.01476	0.78357	0.06688	0.01080	0.01352	0.01249	0.00975	0.01253	0.00864	0.01288	0.00651	0.00482	0.00484	0.00161	0.00643	0.00431	0.00216	0.00548
17	0.06236	0.00975	0.01504	0.06613	0.12988	0.00951	0.13478	0.08420	0.01287	0.33384	0.01385	0.01463	0.00972	0.02552	0.00529	0.00157	0.00516	0.00476	0.05395	0.00719
18	0.06897	0.00734	0.00808	0.00692	0.00921	0.00751	0.00546	0.10165	0.09421	0.20215	0.01591	0.01687	0.01185	0.03910	0.00489	0.00147	0.00340	0.00466	0.38422	0.00611
19	0.00596	0.00426	0.00568	0.00671	0.00704	0.00398	0.00450	0.00690	0.00956	0.01281	0.07489	0.77709	0.03291	0.01485	0.00616	0.00194	0.00278	0.01346	0.00455	0.00398
20	0.06465	0.04434	0.45976	0.01509	0.06408	0.10483	0.14935	0.01572	0.01076	0.01528	0.00859	0.01044	0.00640	0.00452	0.00464	0.00150	0.00717	0.00385	0.00225	0.00675
21	0.06008	0.01063	0.01692	0.16771	0.51521	0.01120	0.01312	0.01570	0.07739	0.05035	0.01024	0.01264	0.00812	0.00469	0.00472	0.00149	0.00553	0.00434	0.00276	0.00715
22	0.00643	0.00460	0.00622	0.00728	0.00781	0.00438	0.00535	0.00769	0.00994	0.01320	0.05759	0.59662	0.03154	0.01451	0.00630	0.00202	0.00321	0.20670	0.00452	0.00410
23	0.01275	0.03866	0.22978	0.04257	0.05575	0.22391	0.22751	0.01689	0.06027	0.01452	0.00929	0.01124	0.00713	0.00475	0.00510	0.00149	0.02514	0.00422	0.00248	0.00651
24	0.01039	0.16794	0.13820	0.10725	0.04016	0.02959	0.13452	0.01312	0.01007	0.01357	0.05465	0.08386	0.01149	0.00652	0.00661	0.00161	0.13782	0.02414	0.00262	0.00586
25	0.03606	0.00914	0.05668	0.04800	0.03194	0.00775	0.11756	0.01739	0.01203	0.40126	0.01915	0.14711	0.05910	0.00736	0.00519	0.00161	0.00469	0.00657	0.00462	0.00679
26	0.01032	0.00761	0.01110	0.01371	0.24691	0.00720	0.00812	0.02278	0.02315	0.10946	0.20063	0.11939	0.11992	0.00839	0.00531	0.00155	0.00382	0.03141	0.00417	0.04504

[dist]
# distance from previous block
# <min> <max>
0	19

[block]
# block no. 5 follows, 52 sequences, length 27
# corresponding to MSA columns:
# 194-220
name=unknown_F
#
# <colnr> <probs for GDERKNQSTAVLIFYWHMCP>
#	G	D	E	R	K	N	Q	S	T	A	V	L	I	F	Y	W	H	M	C	P
0	0.05006	0.05357	0.24779	0.12783	0.13252	0.01111	0.12909	0.04031	0.01118	0.09970	0.01163	0.01330	0.04034	0.00500	0.00477	0.00152	0.00619	0.00446	0.00283	0.00679
1	0.01097	0.00899	0.01449	0.24491	0.15276	0.00967	0.08730	0.03927	0.05406	0.08637	0.08117	0.08822	0.01455	0.00685	0.00565	0.00165	0.03673	0.04683	0.00342	0.00612
2	0.00791	0.05146	0.00853	0.00748	0.00846	0.04271	0.00571	0.00926	0.00834	0.01138	0.01496	0.03771	0.05724	0.16203	0.47547	0.00567	0.04006	0.00567	0.03568	0.00428
3	0.01278	0.01331	0.11865	0.13176	0.01987	0.03364	0.18056	0.14963	0.18690	0.05249	0.01241	0.01364	0.00913	0.00533	0.00518	0.00157	0.02053	0.00479	0.02083	0.00698
4	0.01339	0.26152	0.13790	0.02872	0.04745	0.18646	0.15014	0.04963	0.05448	0.01434	0.00880	0.01030	0.00704	0.00461	0.00435	0.00134	0.00676	0.00375	0.00252	0.00649
5	0.01181	0.00617	0.00814	0.00744	0.00914	0.00595	0.00560	0.02879	0.02690	0.26967	0.02045	0.20122	0.06034	0.12730	0.18454	0.00343	0.00578	0.00752	0.00437	0.00546
6	0.00650	0.00535	0.00616	0.05028	0.00863	0.00494	0.00485	0.00854	0.04138	0.01440	0.16074	0.07757	0.51573	0.01148	0.00574	0.00168	0.00286	0.06427	0.00452	0.00440
7	0.01253	0.00917	0.01124	0.04703	0.08598	0.00971	0.00807	0.19014	0.17848	0.09536	0.11036	0.05375	0.08847	0.00786	0.00525	0.00161	0.00421	0.06953	0.00461	0.00666
8	0.00703	0.00554	0.00638	0.00640	0.00777	0.00526	0.00479	0.02425	0.08949	0.01565	0.22514	0.19354	0.32599	0.01162	0.00577	0.00170	0.00279	0.05149	0.00475	0.00464
9	0.00691	0.00464	0.00533	0.00547	0.00550	0.00460	0.00313	0.00701	0.00732	0.00976	0.01668	0.12990	0.01940	0.72907	0.02238	0.00436	0.00447	0.00788	0.00313	0.00306
10	0.00692	0.00519	0.00779	0.00779	0.00865	0.00606	0.00606	0.00865	0.00779	0.01125	0.01298	0.01904	0.01211	0.03634	0.81049	0.00779	0.01298	0.00519	0.00260	0.00433
11	0.01922	0.01133	0.01304	0.01010	0.01385	0.01183	0.00831	0.44160	0.07472	0.32171	0.01505	0.01394	0.01013	0.00594	0.00486	0.00149	0.00477	0.00464	0.00529	0.00820
12	0.00938	0.00577	0.00664	0.00598	0.00801	0.00501	0.00464	0.02763	0.01231	0.17156	0.16668	0.03814	0.49899	0.01049	0.00554	0.00159	0.00282	0.00879	0.00494	0.00509
13	0.00972	0.02507	0.80458	0.01381	0.02097	0.01125	0.01790	0.01535	0.01023	0.01535	0.00870	0.01023	0.00614	0.00460	0.00460	0.00153	0.00716	0.00358	0.00205	0.00716
14	0.00942	0.00498	0.00511	0.00495	0.00620	0.00508	0.00376	0.04846	0.01069	0.01844	0.01551	0.01779	0.01221	0.00667	0.03022	0.00137	0.00276	0.00453	0.78718	0.00469
15	0.00741	0.00570	0.00683	0.00698	0.00815	0.00566	0.00512	0.02760	0.12889	0.01597	0.22763	0.34610	0.13651	0.01185	0.00580	0.00176	0.00290	0.03957	0.00479	0.00480
16	0.00842	0.00421	0.00631	0.00631	0.00631	0.00421	0.00421	0.00631	0.00631	0.00842	0.00842	0.01473	0.00842	0.01684	0.01894	0.85901	0.00421	0.00421	0.00210	0.00210
17	0.01060	0.01060	0.01484	0.01272	0.01272	0.01484	0.01060	0.01166	0.00742	0.01166	0.00636	0.01060	0.00636	0.00848	0.01590	0.00212	0.82082	0.00424	0.00212	0.00530
18	0.00590	0.00422	0.00562	0.00675	0.00703	0.00394	0.00450	0.00675	0.00928	0.01237	0.02671	0.82653	0.03205	0.01518	0.00619	0.00197	0.00281	0.01378	0.00450	0.00394
19	0.00895	0.00619	0.00709	0.00660	0.00767	0.00631	0.00463	0.14131	0.01178	0.01634	0.17158	0.14809	0.04017	0.31034	0.01238	0.00271	0.00378	0.00778	0.08185	0.00449
20	0.00972	0.02507	0.80458	0.01381	0.02097	0.01125	0.01790	0.01535	0.01023	0.01535	0.00870	0.01023	0.00614	0.00460	0.00460	0.00153	0.00716	0.00358	0.00205	0.00716
21	0.00610	0.00485	0.00502	0.00502	0.00619	0.00426	0.00347	0.00698	0.00991	0.01205	0.03952	0.04241	0.57669	0.24371	0.01109	0.00250	0.00309	0.00933	0.00406	0.00376
22	0.00595	0.00424	0.00561	0.00669	0.00696	0.00397	0.00443	0.00676	0.00918	0.01225	0.02623	0.79329	0.03145	0.04925	0.00696	0.00208	0.00289	0.01350	0.00443	0.00389
23	0.00661	0.00487	0.00640	0.00652	0.00729	0.00497	0.00470	0.00792	0.00931	0.01270	0.14812	0.15874	0.12880	0.16177	0.30422	0.00445	0.00673	0.00817	0.00367	0.00403
24	0.00619	0.00480	0.00570	0.00618	0.00728	0.00431	0.00463	0.00754	0.01075	0.01364	0.10450	0.28877	0.37956	0.01313	0.00601	0.00182	0.00285	0.12365	0.00457	0.00414
25	0.01224	0.49135	0.04708	0.01278	0.01706	0.01639	0.27142	0.01474	0.01028	0.01292	0.00781	0.00978	0.00661	0.00435	0.00467	0.00131	0.04694	0.00376	0.00220	0.00631
26	0.07390	0.01281	0.01683	0.04351	0.01732	0.08283	0.20690	0.27583	0.01507	0.06932	0.01030	0.01162	0.00762	0.00499	0.00505	0.00142	0.02820	0.00433	0.00355	0.10860

[dist]
# distance from previous block
# <min> <max>
1	4

[block]
# block no. 6 follows, 52 sequences, length 29
# corresponding to MSA columns:
# 225-253
name=unknown_G
#
# <colnr> <probs for GDERKNQSTAVLIFYWHMCP>
#	G	D	E	R	K	N	Q	S	T	A	V	L	I	F	Y	W	H	M	C	P
0	0.15179	0.01314	0.01644	0.01314	0.01622	0.17996	0.26925	0.01608	0.10095	0.01577	0.01264	0.07563	0.04105	0.00605	0.00549	0.00158	0.05053	0.00535	0.00306	0.00590
1	0.01284	0.00787	0.00972	0.00866	0.01072	0.00815	0.00678	0.13188	0.10281	0.20848	0.09243	0.24667	0.02105	0.00954	0.00610	0.00172	0.05396	0.04949	0.00490	0.00624
2	0.00700	0.00539	0.00651	0.00603	0.00755	0.00487	0.00456	0.00948	0.04391	0.01775	0.54186	0.03632	0.21858	0.00994	0.00556	0.00151	0.00247	0.00861	0.00497	0.05713
3	0.00686	0.00495	0.00648	0.00610	0.00724	0.00457	0.00457	0.00914	0.01372	0.01943	0.79691	0.03620	0.04572	0.00991	0.00572	0.00152	0.00229	0.00876	0.00533	0.00457
4	0.01202	0.00940	0.01143	0.03877	0.01321	0.00830	0.02634	0.09763	0.06528	0.07908	0.01051	0.01147	0.00815	0.00438	0.00427	0.00101	0.02065	0.00352	0.00342	0.57117
5	0.01388	0.01440	0.02030	0.01570	0.03883	0.15758	0.34450	0.16844	0.01367	0.01756	0.00936	0.01153	0.00724	0.00492	0.00594	0.00149	0.07374	0.00460	0.00294	0.07338
6	0.00590	0.00425	0.00559	0.00667	0.00701	0.00394	0.00446	0.00676	0.00935	0.01240	0.02765	0.79359	0.06438	0.01506	0.00617	0.00195	0.00280	0.01363	0.00450	0.00394
7	0.00589	0.00426	0.00558	0.00663	0.00700	0.00395	0.00445	0.00676	0.00939	0.01241	0.02809	0.77859	0.07911	0.01500	0.00616	0.00195	0.00279	0.01356	0.00450	0.00395
8	0.01072	0.24831	0.54028	0.01269	0.01888	0.01351	0.06268	0.01513	0.01020	0.01426	0.00822	0.00973	0.00624	0.00444	0.00426	0.00140	0.00668	0.00344	0.00208	0.00686
9	0.00842	0.00421	0.00631	0.00631	0.00631	0.00421	0.00421	0.00631	0.00631	0.00842	0.00842	0.01473	0.00842	0.01684	0.01894	0.85901	0.00421	0.00421	0.00210	0.00210
10	0.01093	0.00681	0.00798	0.00707	0.00929	0.00655	0.00551	0.01515	0.17400	0.19405	0.22410	0.03131	0.26945	0.00908	0.00537	0.00158	0.00307	0.00767	0.00514	0.00589
11	0.00967	0.00922	0.01584	0.66847	0.14963	0.01094	0.04223	0.01288	0.00996	0.01302	0.00873	0.01278	0.00668	0.00474	0.00487	0.00159	0.00642	0.00436	0.00220	0.00577
12	0.00731	0.00521	0.00627	0.00610	0.00618	0.00562	0.00383	0.00756	0.00715	0.00975	0.01436	0.02889	0.01623	0.69198	0.09672	0.00478	0.06934	0.00666	0.00284	0.00325
13	0.01039	0.01029	0.01444	0.01244	0.01249	0.01434	0.01034	0.01149	0.00744	0.01164	0.00674	0.01108	0.00669	0.01007	0.06117	0.00244	0.77480	0.00430	0.00215	0.00525
14	0.00963	0.00636	0.00745	0.00677	0.00772	0.00665	0.00463	0.12883	0.00999	0.05817	0.01457	0.02578	0.01499	0.53280	0.14128	0.00449	0.00604	0.00622	0.00336	0.00428
15	0.01028	0.00875	0.01017	0.00729	0.01158	0.00669	0.00584	0.03318	0.01040	0.01619	0.00870	0.01009	0.00721	0.00365	0.00362	0.00074	0.00364	0.00291	0.00292	0.83617
16	0.01491	0.01426	0.05818	0.01385	0.03899	0.14024	0.20282	0.17685	0.14029	0.09704	0.02466	0.01336	0.00955	0.00542	0.00529	0.00152	0.02720	0.00476	0.00372	0.00710
17	0.01450	0.00877	0.01048	0.00829	0.01174	0.00813	0.00665	0.07305	0.15389	0.27975	0.01693	0.01656	0.05563	0.02113	0.03463	0.00158	0.00424	0.00470	0.00451	0.26485
18	0.01230	0.02193	0.59290	0.01295	0.01917	0.04119	0.01542	0.13298	0.01256	0.07916	0.00991	0.01088	0.00692	0.00491	0.00465	0.00151	0.00670	0.00378	0.00280	0.00735
19	0.01059	0.25649	0.05118	0.29569	0.02270	0.01311	0.18979	0.01342	0.01013	0.01293	0.00975	0.07499	0.00859	0.00526	0.00462	0.00147	0.00622	0.00483	0.00238	0.00586
20	0.01275	0.10438	0.02470	0.25047	0.02988	0.07027	0.03980	0.02518	0.02252	0.17000	0.01416	0.04273	0.01224	0.00686	0.00517	0.00162	0.01725	0.14049	0.00350	0.00603
21	0.02174	0.00825	0.01125	0.00862	0.01237	0.00712	0.00712	0.02362	0.01387	0.80282	0.01912	0.01649	0.01200	0.00600	0.00487	0.00150	0.00412	0.00487	0.00600	0.00825
22	0.04346	0.00995	0.01088	0.00950	0.01244	0.01105	0.00748	0.02493	0.61152	0.17352	0.01916	0.01742	0.01391	0.00639	0.00485	0.00161	0.00389	0.00526	0.00507	0.00770
23	0.01283	0.50542	0.26150	0.01001	0.01503	0.01558	0.01111	0.01566	0.01036	0.09042	0.00855	0.00938	0.00676	0.00447	0.00374	0.00123	0.00568	0.00312	0.00245	0.00671
24	0.00639	0.00458	0.00607	0.00709	0.00759	0.00435	0.00513	0.00751	0.00964	0.01271	0.02661	0.57993	0.05732	0.06108	0.00734	0.00217	0.00328	0.18282	0.00440	0.00400
25	0.00594	0.00424	0.00566	0.00672	0.00704	0.00396	0.00450	0.00684	0.00944	0.01264	0.05560	0.79688	0.03256	0.01498	0.00617	0.00195	0.00279	0.01359	0.00453	0.00396
26	0.00819	0.00712	0.01143	0.00982	0.01165	0.00678	0.18237	0.06959	0.01099	0.01445	0.02471	0.39731	0.15182	0.06150	0.00703	0.00196	0.00429	0.01019	0.00396	0.00483
27	0.01261	0.01115	0.04060	0.01051	0.01288	0.15268	0.05843	0.11916	0.01325	0.09595	0.01827	0.12514	0.01805	0.00938	0.00564	0.00178	0.00546	0.27924	0.00410	0.00574
28	0.39458	0.01038	0.03962	0.00960	0.07174	0.05857	0.00732	0.02824	0.01071	0.21532	0.01176	0.04499	0.00921	0.00562	0.00406	0.00150	0.00444	0.03085	0.00377	0.03772

[dist]
# distance from previous block
# <min> <max>
4	5

[block]
# block no. 7 follows, 52 sequences, length 31
# corresponding to MSA columns:
# 259-289
name=unknown_H
#
# <colnr> <probs for GDERKNQSTAVLIFYWHMCP>
#	G	D	E	R	K	N	Q	S	T	A	V	L	I	F	Y	W	H	M	C	P
0	0.01084	0.14925	0.29738	0.01458	0.18179	0.01154	0.01238	0.05985	0.01103	0.01548	0.04626	0.04604	0.01020	0.05090	0.00558	0.00157	0.00566	0.00443	0.00265	0.06260
1	0.01366	0.08372	0.01515	0.09347	0.03898	0.07772	0.08809	0.26604	0.04938	0.01967	0.01119	0.02429	0.00888	0.02740	0.00537	0.00149	0.02711	0.00445	0.10252	0.04142
2	0.07997	0.50797	0.17954	0.06245	0.01534	0.01592	0.01031	0.03203	0.01020	0.03674	0.00773	0.00896	0.00636	0.00440	0.00361	0.00123	0.00552	0.00301	0.00232	0.00638
3	0.03435	0.38869	0.17835	0.01053	0.01491	0.16411	0.01048	0.11954	0.01236	0.01512	0.00793	0.00897	0.00646	0.00463	0.00388	0.00124	0.00623	0.00313	0.00254	0.00655
4	0.00706	0.00540	0.00806	0.00798	0.00881	0.00639	0.00623	0.00877	0.00777	0.01127	0.01273	0.01872	0.01190	0.03529	0.78038	0.00757	0.04360	0.00516	0.00258	0.00436
5	0.00825	0.00421	0.00627	0.00634	0.00636	0.00419	0.00423	0.00634	0.00651	0.00868	0.00962	0.06799	0.00997	0.01673	0.01810	0.80278	0.00412	0.00484	0.00226	0.00222
6	0.05768	0.05919	0.01293	0.06271	0.03080	0.08249	0.02843	0.18546	0.06065	0.01878	0.02801	0.04023	0.00935	0.00514	0.00427	0.00121	0.00486	0.00407	0.00341	0.30035
7	0.00968	0.00676	0.00774	0.00705	0.00902	0.00675	0.00542	0.02594	0.20948	0.10074	0.26581	0.05436	0.22282	0.00919	0.00535	0.00158	0.00298	0.00782	0.03586	0.00566
8	0.00628	0.00453	0.00594	0.00643	0.00710	0.00419	0.00450	0.00771	0.01110	0.01520	0.33303	0.48756	0.06240	0.01299	0.00598	0.00178	0.00259	0.01167	0.00483	0.00419
9	0.01139	0.01089	0.01857	0.19822	0.63573	0.01135	0.01457	0.01434	0.01075	0.01509	0.00901	0.01219	0.00742	0.00443	0.00481	0.00148	0.00591	0.00432	0.00235	0.00719
10	0.39857	0.01079	0.01082	0.03766	0.03368	0.01204	0.00745	0.27460	0.06506	0.09091	0.01043	0.01083	0.00757	0.00521	0.00402	0.00150	0.00447	0.00369	0.00396	0.00674
11	0.00590	0.00422	0.00562	0.00675	0.00703	0.00394	0.00450	0.00675	0.00928	0.01237	0.02671	0.82653	0.03205	0.01518	0.00619	0.00197	0.00281	0.01378	0.00450	0.00394
12	0.00589	0.00489	0.00515	0.00514	0.00666	0.00415	0.00384	0.00725	0.01135	0.01395	0.15207	0.07353	0.66534	0.01205	0.00574	0.00163	0.00244	0.01015	0.00462	0.00415
13	0.00679	0.00491	0.00659	0.00759	0.00838	0.00472	0.00596	0.00833	0.01037	0.01356	0.04418	0.39362	0.09036	0.01402	0.00637	0.00205	0.00353	0.35997	0.00450	0.00420
14	0.00944	0.00971	0.01945	0.01487	0.01787	0.00930	0.46033	0.01219	0.01051	0.01429	0.04639	0.23676	0.01624	0.05955	0.00743	0.00193	0.03705	0.00807	0.00314	0.00547
15	0.86392	0.00937	0.00712	0.00637	0.00937	0.01087	0.00525	0.01425	0.00825	0.02174	0.00675	0.00787	0.00525	0.00450	0.00300	0.00150	0.00375	0.00262	0.00300	0.00525
16	0.01138	0.01471	0.16905	0.01776	0.02250	0.01198	0.52347	0.01534	0.01097	0.04696	0.02308	0.01285	0.00788	0.00477	0.00645	0.00165	0.08489	0.00520	0.00254	0.00657
17	0.00740	0.00587	0.00680	0.00678	0.00815	0.00582	0.00502	0.01136	0.16883	0.01614	0.24332	0.23492	0.22454	0.01122	0.00570	0.00170	0.00281	0.02390	0.00482	0.00491
18	0.01242	0.53571	0.10056	0.00948	0.01357	0.01631	0.02471	0.04677	0.12951	0.01415	0.01011	0.01218	0.00870	0.00509	0.00384	0.00127	0.00521	0.04116	0.00274	0.00654
19	0.00655	0.00493	0.00598	0.00573	0.00696	0.00444	0.00425	0.00844	0.01267	0.01720	0.55168	0.03893	0.25586	0.04722	0.00657	0.00170	0.00244	0.00910	0.00499	0.00436
20	0.01756	0.00890	0.01097	0.00890	0.01224	0.00869	0.00718	0.03928	0.25683	0.47903	0.05355	0.01754	0.01413	0.00626	0.00488	0.00152	0.00396	0.00516	0.00550	0.03793
21	0.00915	0.00861	0.01453	0.81804	0.03338	0.01077	0.01346	0.01238	0.00969	0.01238	0.00861	0.01292	0.00646	0.00484	0.00484	0.00161	0.00646	0.00431	0.00215	0.00538
22	0.02009	0.00825	0.01096	0.00859	0.01211	0.00740	0.00703	0.02300	0.08053	0.69222	0.06230	0.01772	0.01411	0.00626	0.00492	0.00151	0.00400	0.00514	0.00587	0.00799
23	0.00593	0.00460	0.00542	0.00601	0.00695	0.00409	0.00428	0.00703	0.01023	0.01292	0.05101	0.43003	0.37293	0.01371	0.00600	0.00182	0.00272	0.04577	0.00451	0.00404
24	0.00590	0.00422	0.00562	0.00675	0.00703	0.00394	0.00450	0.00675	0.00928	0.01237	0.02671	0.82653	0.03205	0.01518	0.00619	0.00197	0.00281	0.01378	0.00450	0.00394
25	0.01205	0.01048	0.01604	0.25236	0.08844	0.01161	0.13398	0.21601	0.01339	0.01818	0.02798	0.04250	0.00958	0.03693	0.00644	0.00170	0.05678	0.00509	0.03416	0.00632
26	0.00872	0.00827	0.01560	0.01259	0.01504	0.00781	0.32655	0.02525	0.01117	0.01513	0.12082	0.30313	0.02283	0.00957	0.00595	0.00178	0.00515	0.07565	0.00376	0.00522
27	0.01322	0.01458	0.01438	0.01244	0.01379	0.27715	0.04072	0.04283	0.04527	0.01293	0.00810	0.01101	0.00718	0.00880	0.06291	0.00214	0.40037	0.00405	0.00251	0.00560
28	0.06708	0.00950	0.01222	0.32197	0.02032	0.01047	0.00945	0.12025	0.14556	0.01780	0.04304	0.01368	0.00980	0.00521	0.00453	0.00141	0.00494	0.00430	0.00333	0.17514
29	0.01353	0.01199	0.01847	0.08520	0.32508	0.04368	0.15323	0.17955	0.01369	0.05077	0.01041	0.01254	0.00799	0.00480	0.00490	0.00147	0.00605	0.00457	0.04488	0.00719
30	0.01865	0.01031	0.01215	0.00948	0.01294	0.01049	0.00771	0.34397	0.05247	0.37360	0.02999	0.01587	0.01152	0.06039	0.00619	0.00170	0.00463	0.00490	0.00525	0.00780

[dist]
# distance from previous block
# <min> <max>
0	1

[block]
# block no. 8 follows, 52 sequences, length 19
# corresponding to MSA columns:
# 291-309
name=unknown_I
#
# <colnr> <probs for GDERKNQSTAVLIFYWHMCP>
#	G	D	E	R	K	N	Q	S	T	A	V	L	I	F	Y	W	H	M	C	P
0	0.15683	0.11102	0.38195	0.03534	0.01645	0.05840	0.01221	0.08613	0.01109	0.01686	0.02127	0.01122	0.00744	0.04820	0.00525	0.00162	0.00605	0.00364	0.00260	0.00642
1	0.01326	0.01274	0.04048	0.01320	0.01677	0.05459	0.21364	0.16890	0.33973	0.02014	0.01443	0.01541	0.01096	0.00580	0.00532	0.00160	0.02052	0.02127	0.00398	0.00725
2	0.01303	0.00877	0.01237	0.05091	0.01392	0.00850	0.07629	0.01630	0.08219	0.22182	0.05336	0.01888	0.01311	0.00640	0.00591	0.00147	0.08278	0.08375	0.00402	0.22621
3	0.01690	0.00881	0.01080	0.00870	0.01163	0.00894	0.00708	0.13244	0.09465	0.39109	0.01625	0.01559	0.01124	0.00611	0.00546	0.00147	0.06825	0.00470	0.15175	0.02813
4	0.00703	0.00476	0.00562	0.00562	0.00573	0.00488	0.00335	0.00726	0.00715	0.00964	0.01497	0.03004	0.01689	0.72488	0.12848	0.00511	0.00579	0.00680	0.00289	0.00312
5	0.01210	0.01374	0.10461	0.02268	0.33710	0.01210	0.32330	0.08350	0.01216	0.01696	0.00957	0.01221	0.00744	0.00439	0.00515	0.00153	0.00684	0.00481	0.00260	0.00721
6	0.01124	0.00673	0.00838	0.00784	0.00979	0.00660	0.00614	0.01528	0.16226	0.20182	0.15650	0.17581	0.08499	0.00998	0.00559	0.00173	0.00343	0.11493	0.00507	0.00587
7	0.01872	0.00833	0.01077	0.00862	0.01195	0.00776	0.00699	0.02270	0.15015	0.59588	0.08837	0.01852	0.01549	0.00645	0.00496	0.00153	0.00391	0.00533	0.00575	0.00782
8	0.01043	0.20275	0.63314	0.01260	0.01910	0.01300	0.01579	0.01516	0.01015	0.01448	0.00827	0.00969	0.00616	0.00450	0.00428	0.00143	0.00673	0.00336	0.00205	0.00695
9	0.01012	0.01149	0.06319	0.01787	0.10128	0.01020	0.48166	0.01341	0.01083	0.01481	0.01360	0.20148	0.01305	0.00671	0.00567	0.00169	0.00662	0.00733	0.00290	0.00608
10	0.00709	0.05240	0.04468	0.00620	0.00796	0.00539	0.00501	0.00854	0.01077	0.04552	0.08150	0.23303	0.45096	0.01177	0.00560	0.00167	0.00298	0.01005	0.00436	0.00452
11	0.00595	0.00424	0.00561	0.00668	0.00695	0.00397	0.00443	0.00676	0.00918	0.01224	0.02621	0.79152	0.03142	0.05106	0.00700	0.00209	0.00289	0.01348	0.00443	0.00389
12	0.01177	0.01165	0.02130	0.06607	0.42364	0.01191	0.24472	0.01506	0.02578	0.03297	0.00948	0.01246	0.00763	0.00473	0.00607	0.00157	0.07891	0.00477	0.00251	0.00701
13	0.01703	0.01227	0.01330	0.01059	0.01415	0.01354	0.00862	0.51559	0.22554	0.09585	0.01444	0.01377	0.01031	0.00603	0.00487	0.00151	0.00483	0.00470	0.00497	0.00809
14	0.00740	0.00535	0.00714	0.00802	0.00906	0.00524	0.00673	0.00925	0.01068	0.01378	0.02751	0.09098	0.11659	0.08592	0.00815	0.00237	0.00417	0.57307	0.00433	0.00426
15	0.01005	0.00861	0.01005	0.00718	0.01148	0.00646	0.00574	0.01220	0.01005	0.01579	0.00861	0.01005	0.00718	0.00359	0.00359	0.00072	0.00359	0.00287	0.00287	0.85932
16	0.00772	0.00624	0.00697	0.00660	0.00824	0.00622	0.00497	0.01231	0.20224	0.01693	0.30300	0.05526	0.29694	0.03720	0.00617	0.00171	0.00282	0.00854	0.00485	0.00509
17	0.00695	0.00509	0.00729	0.00729	0.00798	0.00578	0.00543	0.00833	0.00764	0.01088	0.01344	0.02158	0.01322	0.19547	0.65287	0.00717	0.01132	0.00556	0.00266	0.00405
18	0.01512	0.03463	0.01756	0.01444	0.05831	0.26544	0.19908	0.18273	0.10857	0.01815	0.01071	0.01195	0.00821	0.00510	0.00484	0.00144	0.00687	0.00440	0.02569	0.00675

[dist]
# distance from previous block
# <min> <max>
0	4

[block]
# block no. 9 follows, 52 sequences, length 55
# corresponding to MSA columns:
# 314-368
name=unknown_J
#
# <colnr> <probs for GDERKNQSTAVLIFYWHMCP>
#	G	D	E	R	K	N	Q	S	T	A	V	L	I	F	Y	W	H	M	C	P
0	0.40338	0.14199	0.21316	0.00919	0.01354	0.01281	0.00945	0.11602	0.01092	0.01967	0.00788	0.00895	0.00602	0.00464	0.00367	0.00143	0.00505	0.00309	0.00286	0.00628
1	0.82231	0.00932	0.00733	0.00648	0.00952	0.01069	0.00534	0.01471	0.00852	0.06033	0.00736	0.00830	0.00558	0.00457	0.00309	0.00150	0.00377	0.00274	0.00315	0.00540
2	0.00704	0.00503	0.00664	0.00706	0.00769	0.00523	0.00497	0.00883	0.05735	0.02635	0.02048	0.41098	0.02272	0.13979	0.24208	0.00403	0.00612	0.00962	0.00377	0.00421
3	0.01894	0.01200	0.01351	0.01034	0.01420	0.01264	0.00853	0.55569	0.01996	0.22929	0.01344	0.01282	0.00917	0.00577	0.00480	0.00144	0.00495	0.00443	0.00506	0.04302
4	0.00676	0.00483	0.00608	0.00639	0.00741	0.00441	0.00472	0.00829	0.01132	0.03619	0.26482	0.31603	0.20802	0.01251	0.00595	0.00177	0.00276	0.08262	0.00479	0.00433
5	0.01120	0.01223	0.02400	0.01838	0.05315	0.01283	0.51885	0.01435	0.01027	0.01446	0.00879	0.01227	0.00709	0.00531	0.00849	0.00174	0.23531	0.00519	0.00236	0.02373
6	0.01198	0.01182	0.01864	0.13271	0.65171	0.05895	0.01436	0.01481	0.01102	0.01514	0.00895	0.01192	0.00743	0.00443	0.00478	0.00145	0.00603	0.00425	0.00237	0.00725
7	0.00710	0.00477	0.00587	0.00587	0.00605	0.00495	0.00367	0.00734	0.00716	0.00973	0.01438	0.02804	0.01591	0.61459	0.18947	0.05619	0.00641	0.00649	0.00282	0.00318
8	0.01081	0.01053	0.01507	0.33900	0.23211	0.07286	0.01220	0.01359	0.02769	0.01364	0.00939	0.03200	0.00788	0.00561	0.00645	0.00160	0.13135	0.00447	0.04778	0.00598
9	0.01703	0.01252	0.01352	0.01064	0.01421	0.01383	0.00869	0.60615	0.14075	0.05402	0.04857	0.01390	0.01107	0.00612	0.00490	0.00149	0.00492	0.00475	0.00492	0.00799
10	0.01140	0.01296	0.02797	0.02008	0.02476	0.01237	0.74706	0.01535	0.01126	0.01535	0.00965	0.01296	0.00731	0.00428	0.00618	0.00166	0.04484	0.00565	0.00244	0.00648
11	0.00842	0.00421	0.00631	0.00631	0.00631	0.00421	0.00421	0.00631	0.00631	0.00842	0.00842	0.01473	0.00842	0.01684	0.01894	0.85901	0.00421	0.00421	0.00210	0.00210
12	0.01194	0.01755	0.28318	0.01686	0.02229	0.04845	0.40935	0.09974	0.01239	0.01694	0.00953	0.01178	0.00700	0.00449	0.00519	0.00156	0.00755	0.00474	0.00258	0.00689
13	0.00827	0.00609	0.00760	0.00732	0.00840	0.02753	0.00566	0.04441	0.00926	0.01362	0.01519	0.01989	0.05550	0.05452	0.47679	0.00524	0.04239	0.00527	0.18249	0.00455
14	0.00842	0.00421	0.00631	0.00631	0.00631	0.00421	0.00421	0.00631	0.00631	0.00842	0.00842	0.01473	0.00842	0.01684	0.01894	0.85901	0.00421	0.00421	0.00210	0.00210
15	0.01058	0.00847	0.01088	0.07269	0.01232	0.01023	0.00795	0.12489	0.04640	0.03256	0.01486	0.19739	0.02916	0.00888	0.00864	0.00177	0.27416	0.00664	0.11604	0.00547
16	0.03401	0.15494	0.01256	0.00859	0.01126	0.03751	0.00704	0.09233	0.25708	0.06484	0.21220	0.03968	0.02039	0.00710	0.00479	0.00148	0.00399	0.01932	0.00443	0.00644
17	0.01492	0.48825	0.02026	0.00978	0.01331	0.26687	0.00859	0.03801	0.05364	0.03483	0.00816	0.00898	0.00691	0.00464	0.00370	0.00116	0.00620	0.00303	0.00255	0.00622
18	0.01031	0.00737	0.00861	0.00810	0.00993	0.00777	0.00610	0.02858	0.32011	0.09591	0.18502	0.24698	0.02573	0.00961	0.00544	0.00169	0.00328	0.00841	0.00500	0.00604
19	0.00969	0.03846	0.47903	0.20933	0.02301	0.01143	0.05159	0.01412	0.00997	0.01421	0.00963	0.01199	0.02810	0.00511	0.00551	0.00159	0.06453	0.00406	0.00216	0.00646
20	0.01158	0.00979	0.01325	0.42756	0.02353	0.01149	0.01084	0.18995	0.15126	0.01802	0.01366	0.01645	0.04475	0.00599	0.00496	0.00160	0.00549	0.03004	0.00344	0.00635
21	0.01044	0.00965	0.01608	0.02387	0.59696	0.00958	0.01222	0.01280	0.01059	0.01495	0.01361	0.22014	0.01390	0.00709	0.00515	0.00157	0.00500	0.00673	0.00294	0.00672
22	0.00589	0.00464	0.00532	0.00572	0.00679	0.00407	0.00407	0.00705	0.01058	0.01333	0.10215	0.34997	0.43682	0.01321	0.00591	0.00176	0.00258	0.01149	0.00457	0.00407
23	0.01482	0.14155	0.07604	0.02955	0.03288	0.01200	0.18746	0.09209	0.10969	0.21993	0.01331	0.02792	0.00972	0.00532	0.00480	0.00148	0.00559	0.00478	0.00384	0.00723
24	0.01923	0.00949	0.01164	0.00928	0.01277	0.02056	0.00763	0.15934	0.09791	0.52266	0.01806	0.01795	0.01248	0.00645	0.00498	0.00155	0.00440	0.05017	0.00554	0.00792
