[name]
unknown

[dist]
# distance from previous block
# <min> <max>
0	36

[block]
# block no. 0 follows, 46 sequences, length 12
# corresponding to MSA columns:
# 44-55
name=unknown_A
#
# <colnr> <probs for GDERKNQSTAVLIFYWHMCP>
#	G	D	E	R	K	N	Q	S	T	A	V	L	I	F	Y	W	H	M	C	P
0	0.00852	0.00608	0.00852	0.00974	0.01095	0.00608	0.00852	0.01095	0.01217	0.01582	0.02799	0.05963	0.03042	0.01460	0.00730	0.00243	0.00487	0.74565	0.00487	0.00487
1	0.01930	0.01342	0.01480	0.01127	0.01555	0.01417	0.00928	0.57948	0.02190	0.11729	0.01319	0.01307	0.00931	0.00605	0.00511	0.00149	0.00541	0.00461	0.00515	0.12017
2	0.02061	0.01132	0.01350	0.01027	0.01450	0.01104	0.00846	0.31217	0.01837	0.38957	0.01615	0.01499	0.01079	0.00612	0.00512	0.00150	0.00494	0.00481	0.00560	0.12017
3	0.01308	0.01256	0.02146	0.03245	0.78123	0.01256	0.01622	0.01622	0.01204	0.01727	0.00994	0.01308	0.00837	0.00471	0.00523	0.00157	0.00628	0.00471	0.00262	0.00837
4	0.00998	0.00940	0.01586	0.80150	0.03641	0.01175	0.01468	0.01351	0.01057	0.01351	0.00940	0.01409	0.00705	0.00529	0.00529	0.00176	0.00705	0.00470	0.00235	0.00587
5	0.01308	0.01256	0.02146	0.03245	0.78123	0.01256	0.01622	0.01622	0.01204	0.01727	0.00994	0.01308	0.00837	0.00471	0.00523	0.00157	0.00628	0.00471	0.00262	0.00837
6	0.01964	0.01043	0.01273	0.00970	0.01383	0.00975	0.00795	0.21405	0.01684	0.40960	0.04766	0.01614	0.01252	0.00616	0.00507	0.00146	0.00464	0.00492	0.00553	0.17138
7	0.37452	0.24079	0.13492	0.00913	0.01357	0.01394	0.00908	0.01717	0.01064	0.12049	0.00948	0.01021	0.00715	0.00503	0.00385	0.00150	0.00516	0.00334	0.00326	0.00678
8	0.53579	0.00935	0.00857	0.00727	0.01056	0.00984	0.00589	0.01536	0.01064	0.08972	0.11123	0.01389	0.01256	0.00568	0.00395	0.00151	0.00389	0.00401	0.00388	0.13642
9	0.01483	0.01559	0.01326	0.01279	0.08170	0.29831	0.00904	0.06482	0.16165	0.01820	0.13092	0.01686	0.01571	0.00640	0.00507	0.00145	0.00614	0.00502	0.00392	0.11832
10	0.37300	0.01128	0.01465	0.01932	0.38208	0.01177	0.01083	0.01567	0.01064	0.02004	0.00879	0.01097	0.00719	0.00472	0.00427	0.00153	0.00513	0.00378	0.00294	0.08140
11	0.01661	0.01557	0.12006	0.01914	0.25344	0.12400	0.07911	0.03814	0.04438	0.21752	0.01308	0.01396	0.00946	0.00545	0.00526	0.00160	0.00662	0.00476	0.00379	0.00804

[dist]
# distance from previous block
# <min> <max>
11	17

[block]
# block no. 1 follows, 46 sequences, length 11
# corresponding to MSA columns:
# 77-87
name=unknown_B
#
# <colnr> <probs for GDERKNQSTAVLIFYWHMCP>
#	G	D	E	R	K	N	Q	S	T	A	V	L	I	F	Y	W	H	M	C	P
0	0.00725	0.00540	0.00697	0.00703	0.00787	0.00564	0.00505	0.00847	0.00913	0.01222	0.02409	0.06710	0.18243	0.24121	0.38003	0.00584	0.00873	0.00783	0.00348	0.00424
1	0.01252	0.45646	0.37450	0.01180	0.01782	0.01697	0.01384	0.01625	0.01093	0.01440	0.00833	0.00971	0.00674	0.00475	0.00414	0.00138	0.00664	0.00332	0.00225	0.00725
2	0.01570	0.30070	0.20624	0.01177	0.01696	0.01699	0.01199	0.31967	0.01657	0.02196	0.01004	0.01084	0.00766	0.00538	0.00456	0.00145	0.00624	0.00387	0.00348	0.00793
3	0.01301	0.48824	0.23707	0.01392	0.12141	0.01738	0.01293	0.01614	0.01104	0.01429	0.00830	0.00985	0.00698	0.00469	0.00410	0.00134	0.00634	0.00338	0.00230	0.00729
4	0.00902	0.00641	0.00765	0.00742	0.00843	0.00644	0.00517	0.11703	0.01269	0.01724	0.20101	0.28818	0.03021	0.24448	0.01225	0.00281	0.00392	0.01013	0.00469	0.00482
5	0.01924	0.13044	0.01757	0.01171	0.01599	0.01705	0.00990	0.65587	0.02282	0.03031	0.01192	0.01209	0.00867	0.00608	0.00502	0.00152	0.00579	0.00448	0.00485	0.00867
6	0.01437	0.49728	0.11689	0.01364	0.12036	0.12996	0.01147	0.01676	0.01158	0.01369	0.00808	0.00959	0.00700	0.00474	0.00404	0.00129	0.00656	0.00330	0.00237	0.00703
7	0.13410	0.16250	0.33373	0.01111	0.01678	0.01249	0.01235	0.01707	0.01125	0.11387	0.01022	0.01114	0.00753	0.00496	0.00436	0.00144	0.00593	0.00363	0.00305	0.12249
8	0.01551	0.01413	0.11965	0.01160	0.01546	0.01327	0.01045	0.46363	0.01869	0.02553	0.01264	0.01460	0.00978	0.01489	0.21167	0.00341	0.00828	0.00488	0.00423	0.00771
9	0.05064	0.20766	0.18915	0.01131	0.04619	0.02977	0.01065	0.10880	0.01263	0.01766	0.01209	0.12580	0.01129	0.00655	0.00466	0.00145	0.00555	0.00521	0.00323	0.13972
10	0.04706	0.25646	0.16819	0.13578	0.01848	0.12612	0.01143	0.01584	0.01203	0.03480	0.11429	0.01454	0.01284	0.00580	0.00464	0.00148	0.00633	0.00440	0.00297	0.00651

[dist]
# distance from previous block
# <min> <max>
10	22

[block]
# block no. 2 follows, 46 sequences, length 20
# corresponding to MSA columns:
# 112-131
name=unknown_C
#
# <colnr> <probs for GDERKNQSTAVLIFYWHMCP>
#	G	D	E	R	K	N	Q	S	T	A	V	L	I	F	Y	W	H	M	C	P
0	0.01143	0.01079	0.01132	0.01013	0.01126	0.12797	0.00782	0.07066	0.01253	0.01657	0.23425	0.07956	0.02308	0.10977	0.01172	0.00226	0.23254	0.00701	0.00392	0.00543
1	0.01359	0.48466	0.18687	0.01052	0.01547	0.03759	0.01106	0.09466	0.01253	0.01571	0.01170	0.01256	0.06232	0.00548	0.00418	0.00135	0.00602	0.00387	0.00278	0.00705
2	0.01363	0.32190	0.34794	0.01233	0.01804	0.05240	0.01374	0.11575	0.01294	0.01707	0.00900	0.01029	0.00704	0.00512	0.00468	0.00146	0.02292	0.00361	0.00267	0.00746
3	0.01051	0.00691	0.00900	0.07704	0.01200	0.00705	0.00689	0.09899	0.01265	0.09790	0.03668	0.45365	0.04183	0.01255	0.00636	0.00196	0.01681	0.04890	0.03674	0.00557
4	0.01432	0.26427	0.07588	0.15547	0.01761	0.03873	0.00993	0.01677	0.01223	0.19173	0.06933	0.05165	0.04783	0.00659	0.00484	0.00153	0.00546	0.00525	0.00377	0.00684
5	0.01187	0.01148	0.06675	0.00892	0.01328	0.04399	0.00764	0.09285	0.01313	0.01919	0.10556	0.01465	0.01307	0.00518	0.00447	0.00107	0.00447	0.00417	0.00361	0.55465
6	0.01159	0.06624	0.01217	0.00904	0.01250	0.00788	0.04133	0.01380	0.01157	0.09734	0.01641	0.12035	0.01587	0.00781	0.00511	0.00142	0.00440	0.14190	0.00395	0.39932
7	0.01539	0.01608	0.19162	0.01190	0.01674	0.01330	0.01132	0.31526	0.18132	0.04934	0.01372	0.01382	0.01000	0.00592	0.00508	0.00155	0.00564	0.00464	0.00438	0.11299
8	0.01297	0.01322	0.05537	0.03168	0.74763	0.01255	0.01637	0.01625	0.01200	0.01725	0.00992	0.01300	0.00830	0.00472	0.00522	0.00157	0.00635	0.00467	0.00260	0.00835
9	0.00644	0.00460	0.00613	0.00736	0.00767	0.00429	0.00491	0.00736	0.01012	0.01350	0.02914	0.81076	0.03497	0.01656	0.00675	0.00215	0.00307	0.01503	0.00491	0.00429
10	0.01193	0.00997	0.01148	0.00829	0.01294	0.00804	0.00666	0.09267	0.01243	0.01893	0.00974	0.01115	0.00795	0.00417	0.00406	0.00087	0.00412	0.00330	0.00336	0.75794
11	0.01212	0.21469	0.56605	0.01334	0.02018	0.01410	0.01643	0.01699	0.01127	0.05523	0.00956	0.01087	0.00705	0.00498	0.00465	0.00154	0.00713	0.00372	0.00246	0.00763
12	0.01342	0.43173	0.31544	0.01167	0.01741	0.01715	0.01314	0.09527	0.01239	0.01628	0.00873	0.00995	0.00698	0.00491	0.00421	0.00139	0.00649	0.00344	0.00257	0.00741
13	0.00644	0.00460	0.00613	0.00736	0.00767	0.00429	0.00491	0.00736	0.01012	0.01350	0.02914	0.81076	0.03497	0.01656	0.00675	0.00215	0.00307	0.01503	0.00491	0.00429
14	0.00644	0.00460	0.00613	0.00736	0.00767	0.00429	0.00491	0.00736	0.01012	0.01350	0.02914	0.81076	0.03497	0.01656	0.00675	0.00215	0.00307	0.01503	0.00491	0.00429
15	0.08928	0.01118	0.09441	0.01237	0.10374	0.00901	0.00962	0.03561	0.01358	0.46630	0.01781	0.08620	0.01310	0.00692	0.00523	0.00168	0.00492	0.00574	0.00518	0.00811
16	0.01595	0.01180	0.01291	0.01080	0.01415	0.01305	0.00865	0.28567	0.36852	0.09017	0.07652	0.01955	0.01628	0.00728	0.00545	0.00171	0.00467	0.02311	0.00547	0.00830
17	0.00763	0.00573	0.00813	0.10664	0.01175	0.00613	0.00668	0.00913	0.00964	0.01294	0.02087	0.29506	0.02310	0.16171	0.19112	0.00412	0.00671	0.10463	0.00380	0.00447
18	0.01294	0.55000	0.28462	0.01108	0.01672	0.01799	0.01259	0.01614	0.01088	0.01389	0.00807	0.00939	0.00675	0.00469	0.00394	0.00131	0.00638	0.00319	0.00225	0.00713
19	0.01248	0.01194	0.02036	0.18340	0.63504	0.01240	0.01592	0.01569	0.01175	0.01653	0.00984	0.01328	0.00811	0.00482	0.00524	0.00161	0.00643	0.00471	0.00256	0.00788

[dist]
# distance from previous block
# <min> <max>
0	1

[block]
# block no. 3 follows, 46 sequences, length 20
# corresponding to MSA columns:
# 133-152
name=unknown_D
#
# <colnr> <probs for GDERKNQSTAVLIFYWHMCP>
#	G	D	E	R	K	N	Q	S	T	A	V	L	I	F	Y	W	H	M	C	P
0	0.17066	0.01500	0.20655	0.01087	0.01528	0.01215	0.01050	0.02156	0.36916	0.02063	0.01475	0.01469	0.01106	0.00592	0.00476	0.00164	0.00506	0.00462	0.00399	0.08113
1	0.01149	0.00938	0.01102	0.00789	0.01257	0.00708	0.00633	0.01382	0.01113	0.04873	0.00987	0.01125	0.00805	0.00402	0.00397	0.00082	0.00394	0.00322	0.00327	0.81216
2	0.85155	0.01022	0.00777	0.00695	0.01022	0.01186	0.00573	0.01554	0.00900	0.02372	0.00736	0.00859	0.00573	0.00491	0.00327	0.00164	0.00409	0.00286	0.00327	0.00573
3	0.01258	0.01289	0.02423	0.08075	0.42567	0.01297	0.27829	0.01611	0.01189	0.01666	0.01002	0.01349	0.00809	0.00489	0.00621	0.00170	0.04809	0.00524	0.00260	0.00763
4	0.00705	0.00504	0.00683	0.00806	0.00863	0.00482	0.00597	0.00841	0.01072	0.01418	0.02880	0.59065	0.03363	0.01599	0.00691	0.00223	0.00359	0.22913	0.00490	0.00446
5	0.00659	0.00471	0.00629	0.00741	0.00781	0.00441	0.00506	0.00768	0.01054	0.01412	0.08057	0.72809	0.03581	0.01609	0.00673	0.00213	0.00310	0.04353	0.00497	0.00436
6	0.00664	0.00530	0.00600	0.00632	0.00773	0.00466	0.00476	0.00813	0.01198	0.01493	0.11158	0.18887	0.49557	0.01387	0.00645	0.00191	0.00297	0.09280	0.00499	0.00452
7	0.02351	0.00933	0.01247	0.00956	0.01366	0.00827	0.00790	0.06811	0.01569	0.74176	0.02039	0.01769	0.01285	0.00653	0.00531	0.00163	0.00457	0.00528	0.00647	0.00900
8	0.85155	0.01022	0.00777	0.00695	0.01022	0.01186	0.00573	0.01554	0.00900	0.02372	0.00736	0.00859	0.00573	0.00491	0.00327	0.00164	0.00409	0.00286	0.00327	0.00573
9	0.00852	0.00608	0.00852	0.00974	0.01095	0.00608	0.00852	0.01095	0.01217	0.01582	0.02799	0.05963	0.03042	0.01460	0.00730	0.00243	0.00487	0.74565	0.00487	0.00487
10	0.00741	0.00540	0.00697	0.00657	0.00785	0.00496	0.00493	0.00983	0.01479	0.02079	0.73556	0.04016	0.09302	0.01096	0.00624	0.00167	0.00250	0.00966	0.00577	0.00496
11	0.01539	0.01180	0.01272	0.01091	0.01422	0.01329	0.00863	0.16680	0.56438	0.09103	0.01979	0.01824	0.01452	0.00696	0.00536	0.00174	0.00452	0.00569	0.00546	0.00854
12	0.00918	0.00459	0.00689	0.00689	0.00689	0.00459	0.00459	0.00689	0.00689	0.00918	0.00918	0.01607	0.00918	0.01837	0.02066	0.84619	0.00459	0.00459	0.00230	0.00230
13	0.01316	0.59899	0.23755	0.01071	0.01614	0.01853	0.01194	0.01608	0.01086	0.01363	0.00794	0.00922	0.00676	0.00466	0.00384	0.00128	0.00625	0.00313	0.00225	0.00707
14	0.00690	0.00504	0.00658	0.00765	0.00836	0.00473	0.00563	0.00822	0.01084	0.01413	0.03200	0.54042	0.12906	0.01571	0.00681	0.00217	0.00343	0.18299	0.00490	0.00445
15	0.01218	0.01034	0.01112	0.01006	0.01275	0.01175	0.00779	0.02499	0.64225	0.02196	0.15099	0.02310	0.02191	0.00779	0.00553	0.00177	0.00389	0.00659	0.00545	0.00779
16	0.85155	0.01022	0.00777	0.00695	0.01022	0.01186	0.00573	0.01554	0.00900	0.02372	0.00736	0.00859	0.00573	0.00491	0.00327	0.00164	0.00409	0.00286	0.00327	0.00573
17	0.08626	0.01210	0.01980	0.09268	0.65322	0.01243	0.01518	0.01594	0.01165	0.01753	0.00967	0.01277	0.00803	0.00477	0.00507	0.00159	0.00615	0.00455	0.00265	0.00794
18	0.01110	0.01105	0.01626	0.66723	0.09788	0.08023	0.01442	0.01440	0.01108	0.01378	0.00934	0.01361	0.00714	0.00525	0.00524	0.00171	0.00720	0.00459	0.00240	0.00611
19	0.01592	0.57518	0.02403	0.01129	0.08090	0.01776	0.00950	0.04984	0.01221	0.14474	0.01010	0.01068	0.00809	0.00496	0.00396	0.00127	0.00552	0.00350	0.00315	0.00739

[dist]
# distance from previous block
# <min> <max>
0	1

[block]
# block no. 4 follows, 46 sequences, length 56
# corresponding to MSA columns:
# 154-169,175-214
name=unknown_E
#
# <colnr> <probs for GDERKNQSTAVLIFYWHMCP>
#	G	D	E	R	K	N	Q	S	T	A	V	L	I	F	Y	W	H	M	C	P
0	0.01382	0.01131	0.01597	0.41806	0.10213	0.01304	0.01281	0.21851	0.07444	0.05058	0.01175	0.01421	0.00866	0.00571	0.00529	0.00169	0.00631	0.00484	0.00358	0.00728
1	0.04672	0.01240	0.02035	0.03015	0.70502	0.01257	0.01534	0.01690	0.05674	0.01782	0.01052	0.01330	0.00873	0.00486	0.00516	0.00159	0.00607	0.00471	0.00281	0.00827
2	0.34322	0.01791	0.01228	0.01153	0.04448	0.41155	0.00857	0.01902	0.01254	0.06286	0.00868	0.00981	0.00682	0.00527	0.00424	0.00149	0.00699	0.00336	0.00316	0.00623
3	0.10839	0.00642	0.00765	0.00701	0.00873	0.00628	0.00537	0.01227	0.04388	0.06660	0.61302	0.03380	0.04117	0.00972	0.00580	0.00166	0.00287	0.00838	0.00554	0.00544
4	0.01198	0.00931	0.01024	0.00922	0.01180	0.01013	0.00715	0.02194	0.47891	0.07586	0.17391	0.02716	0.11269	0.00858	0.00565	0.00176	0.00370	0.00725	0.00549	0.00729
5	0.01374	0.01381	0.02082	0.03058	0.70541	0.08992	0.01563	0.01671	0.01233	0.01684	0.00977	0.01273	0.00822	0.00478	0.00519	0.00155	0.00660	0.00458	0.00263	0.00815
6	0.00791	0.00560	0.00664	0.00626	0.00790	0.00493	0.00474	0.00988	0.01372	0.06330	0.42274	0.04311	0.36056	0.01166	0.00619	0.00171	0.00269	0.01000	0.00547	0.00500
7	0.00998	0.00940	0.01586	0.80150	0.03641	0.01175	0.01468	0.01351	0.01057	0.01351	0.00940	0.01409	0.00705	0.00529	0.00529	0.00176	0.00705	0.00470	0.00235	0.00587
8	0.01096	0.00940	0.01096	0.00783	0.01253	0.00705	0.00626	0.01331	0.01096	0.01723	0.00940	0.01096	0.00783	0.00392	0.00392	0.00078	0.00392	0.00313	0.00313	0.84653
9	0.01990	0.02456	0.01488	0.01345	0.01623	0.76226	0.01012	0.02129	0.01499	0.04314	0.00867	0.00986	0.00706	0.00549	0.00479	0.00137	0.00934	0.00348	0.00287	0.00624
10	0.00644	0.00460	0.00613	0.00736	0.00767	0.00429	0.00491	0.00736	0.01012	0.01350	0.02914	0.81076	0.03497	0.01656	0.00675	0.00215	0.00307	0.01503	0.00491	0.00429
11	0.00819	0.00620	0.00788	0.00782	0.00851	0.03682	0.00566	0.00922	0.00841	0.01151	0.01424	0.02379	0.01432	0.25019	0.49331	0.07006	0.01077	0.00605	0.00289	0.00418
12	0.01790	0.01509	0.01452	0.01189	0.01548	0.12556	0.00954	0.45587	0.19500	0.02693	0.01415	0.01421	0.01051	0.00785	0.03929	0.00190	0.00633	0.00489	0.00484	0.00826
13	0.00769	0.00513	0.00577	0.00577	0.00577	0.00513	0.00320	0.00769	0.00769	0.01025	0.01666	0.03460	0.01922	0.81421	0.02691	0.00513	0.00513	0.00769	0.00320	0.00320
14	0.01240	0.01296	0.01607	0.01385	0.01413	0.09560	0.01143	0.01358	0.00880	0.01274	0.00707	0.01136	0.00693	0.00886	0.01606	0.00222	0.72327	0.00450	0.00236	0.00582
15	0.00998	0.00940	0.01586	0.80150	0.03641	0.01175	0.01468	0.01351	0.01057	0.01351	0.00940	0.01409	0.00705	0.00529	0.00529	0.00176	0.00705	0.00470	0.00235	0.00587
16	0.00769	0.00513	0.00577	0.00577	0.00577	0.00513	0.00320	0.00769	0.00769	0.01025	0.01666	0.03460	0.01922	0.81421	0.02691	0.00513	0.00513	0.00769	0.00320	0.00320
17	0.01413	0.01184	0.01251	0.01096	0.01412	0.01361	0.00861	0.13199	0.66619	0.02370	0.02027	0.01873	0.01513	0.00706	0.00537	0.00176	0.00441	0.00580	0.00537	0.00846
18	0.12055	0.43934	0.11869	0.01007	0.01478	0.01718	0.01004	0.13630	0.01310	0.06333	0.00928	0.01007	0.00737	0.00505	0.00400	0.00137	0.00569	0.00342	0.00312	0.00727
19	0.01081	0.07330	0.74267	0.01472	0.02234	0.01278	0.01892	0.01669	0.01114	0.01649	0.00936	0.01101	0.00670	0.00499	0.00493	0.00164	0.00769	0.00384	0.00223	0.00775
20	0.01283	0.01168	0.01687	0.02240	0.42781	0.01239	0.01262	0.02062	0.31430	0.01911	0.01567	0.01863	0.01284	0.00631	0.00542	0.00171	0.00536	0.05143	0.00386	0.00815
21	0.00755	0.00566	0.00850	0.00850	0.00944	0.00661	0.00661	0.00944	0.00850	0.01227	0.01416	0.02077	0.01322	0.03965	0.79326	0.00850	0.01416	0.00566	0.00283	0.00472
22	0.00998	0.00940	0.01586	0.80150	0.03641	0.01175	0.01468	0.01351	0.01057	0.01351	0.00940	0.01409	0.00705	0.00529	0.00529	0.00176	0.00705	0.00470	0.00235	0.00587
23	0.01314	0.00995	0.01217	0.06940	0.01417	0.01133	0.00851	0.32328	0.01535	0.02093	0.01313	0.01791	0.01133	0.09995	0.29585	0.00451	0.04340	0.00537	0.00383	0.00648
24	0.01230	0.00647	0.00845	0.00774	0.00979	0.00592	0.00623	0.01459	0.01391	0.22923	0.30658	0.03611	0.07630	0.01004	0.00593	0.00177	0.00350	0.14828	0.09082	0.00603
25	0.01956	0.00808	0.01093	0.00870	0.01206	0.00706	0.00706	0.02172	0.01509	0.58908	0.21510	0.02351	0.02252	0.00764	0.00555	0.00164	0.00398	0.00640	0.00636	0.00797
26	0.01939	0.01446	0.01547	0.01202	0.01613	0.01606	0.00988	0.68894	0.10067	0.03218	0.01359	0.01341	0.00972	0.00643	0.00530	0.00161	0.00565	0.00488	0.00530	0.00893
27	0.61648	0.00926	0.00769	0.00693	0.00948	0.01052	0.00535	0.04935	0.00945	0.02106	0.00977	0.01481	0.00901	0.19244	0.00884	0.00244	0.00441	0.00407	0.00335	0.00530
28	0.01062	0.00711	0.00780	0.00637	0.00915	0.00616	0.00497	0.03450	0.01143	0.01905	0.01379	0.01580	0.01100	0.00521	0.00383	0.00105	0.00318	0.00416	0.46352	0.36130
29	0.01947	0.01242	0.01381	0.01078	0.01461	0.01326	0.00884	0.49703	0.05727	0.18872	0.01529	0.01486	0.01066	0.00641	0.00514	0.00157	0.00512	0.00495	0.09125	0.00855
30	0.02250	0.01096	0.01348	0.01034	0.01447	0.01068	0.00854	0.27504	0.01842	0.53098	0.01810	0.01620	0.01170	0.00648	0.00531	0.00162	0.00494	0.00513	0.00612	0.00899
31	0.02372	0.00900	0.01227	0.00941	0.01350	0.00777	0.00777	0.02576	0.01513	0.78489	0.02086	0.01799	0.01309	0.00654	0.00532	0.00164	0.00450	0.00532	0.00654	0.00900
32	0.01157	0.01157	0.01619	0.01388	0.01388	0.01619	0.01157	0.01272	0.00810	0.01272	0.00694	0.01157	0.00694	0.00925	0.01735	0.00231	0.80453	0.00463	0.00231	0.00578
33	0.01698	0.01326	0.01411	0.01153	0.01521	0.01494	0.00929	0.43343	0.36011	0.02829	0.01665	0.01585	0.01220	0.00672	0.00533	0.00168	0.00508	0.00531	0.00533	0.00871
34	0.00682	0.00530	0.00620	0.00614	0.00753	0.00468	0.00454	0.00863	0.01316	0.01730	0.37577	0.12291	0.37692	0.01255	0.00629	0.00177	0.00263	0.01084	0.00532	0.00468
35	0.00654	0.00469	0.00621	0.00725	0.00768	0.00436	0.00490	0.00762	0.01062	0.01425	0.10111	0.72190	0.05135	0.01595	0.00669	0.00209	0.00300	0.01443	0.00499	0.00436
36	0.00631	0.00536	0.00545	0.00543	0.00718	0.00449	0.00407	0.00772	0.01221	0.01466	0.09288	0.05026	0.73953	0.01325	0.00625	0.00178	0.00267	0.01107	0.00496	0.00449
37	0.01753	0.20633	0.01754	0.01210	0.01534	0.47305	0.00968	0.05038	0.12135	0.01493	0.01005	0.01086	0.00821	0.00551	0.00456	0.00138	0.00773	0.00369	0.00309	0.00671
38	0.00930	0.00871	0.09987	0.00998	0.01205	0.00690	0.00919	0.01246	0.04321	0.04904	0.04804	0.15005	0.02750	0.01297	0.00676	0.00222	0.00486	0.47674	0.00469	0.00546
39	0.01501	0.62771	0.06391	0.01022	0.01457	0.16619	0.00980	0.01687	0.01156	0.01275	0.00761	0.00882	0.00678	0.00472	0.00373	0.00120	0.00650	0.00299	0.00235	0.00671
40	0.00980	0.00828	0.01378	0.61744	0.02957	0.01009	0.01234	0.01197	0.00972	0.01251	0.00935	0.01455	0.00754	0.00832	0.00885	0.19737	0.00648	0.00467	0.00234	0.00504
41	0.01290	0.01236	0.02102	0.03170	0.75993	0.01234	0.01589	0.01599	0.01204	0.01719	0.01114	0.01412	0.02958	0.00495	0.00526	0.00158	0.00618	0.00489	0.00268	0.00827
42	0.02372	0.00900	0.01227	0.00941	0.01350	0.00777	0.00777	0.02576	0.01513	0.78489	0.02086	0.01799	0.01309	0.00654	0.00532	0.00164	0.00450	0.00532	0.00654	0.00900
43	0.00700	0.00487	0.00634	0.00728	0.00762	0.00466	0.00495	0.00780	0.00976	0.01296	0.02590	0.54911	0.03052	0.17711	0.01129	0.02824	0.00372	0.09232	0.00448	0.00408
44	0.28103	0.01057	0.01096	0.00928	0.01273	0.01148	0.00748	0.06957	0.27844	0.23080	0.01632	0.01530	0.01157	0.00623	0.00469	0.00169	0.00434	0.00474	0.00503	0.00774
45	0.00769	0.00513	0.00577	0.00577	0.00577	0.00513	0.00320	0.00769	0.00769	0.01025	0.01666	0.03460	0.01922	0.81421	0.02691	0.00513	0.00513	0.00769	0.00320	0.00320
46	0.85155	0.01022	0.00777	0.00695	0.01022	0.01186	0.00573	0.01554	0.00900	0.02372	0.00736	0.00859	0.00573	0.00491	0.00327	0.00164	0.00409	0.00286	0.00327	0.00573
47	0.00998	0.00940	0.01586	0.80150	0.03641	0.01175	0.01468	0.01351	0.01057	0.01351	0.00940	0.01409	0.00705	0.00529	0.00529	0.00176	0.00705	0.00470	0.00235	0.00587
48	0.01975	0.02520	0.01498	0.01362	0.01634	0.79299	0.01021	0.02111	0.01498	0.01294	0.00817	0.00953	0.00681	0.00545	0.00477	0.00136	0.00953	0.00340	0.00272	0.00613
49	0.01256	0.01306	0.01892	0.01386	0.01856	0.10224	0.28628	0.01557	0.01200	0.01661	0.00973	0.01201	0.00778	0.00430	0.00488	0.00122	0.00643	0.00431	0.00291	0.43675
50	0.01410	0.01037	0.01172	0.01003	0.01237	0.01139	0.00785	0.39523	0.01739	0.02357	0.01746	0.20230	0.01716	0.10168	0.00884	0.00219	0.05206	0.03949	0.03808	0.00671
51	0.52794	0.01109	0.01036	0.00855	0.01217	0.01226	0.00705	0.19044	0.01364	0.14641	0.01073	0.01103	0.00765	0.00550	0.00406	0.00162	0.00455	0.00369	0.00426	0.00700
52	0.01248	0.01426	0.03119	0.02228	0.02763	0.01337	0.76203	0.01693	0.01248	0.01693	0.01070	0.01426	0.00802	0.00446	0.00624	0.00178	0.00891	0.00624	0.00267	0.00713
53	0.00644	0.00460	0.00613	0.00736	0.00767	0.00429	0.00491	0.00736	0.01012	0.01350	0.02914	0.81076	0.03497	0.01656	0.00675	0.00215	0.00307	0.01503	0.00491	0.00429
54	0.85155	0.01022	0.00777	0.00695	0.01022	0.01186	0.00573	0.01554	0.00900	0.02372	0.00736	0.00859	0.00573	0.00491	0.00327	0.00164	0.00409	0.00286	0.00327	0.00573
55	0.00888	0.00819	0.01368	0.01192	0.01324	0.00881	0.17002	0.01058	0.01012	0.01397	0.02003	0.44330	0.02267	0.03855	0.00955	0.00220	0.17461	0.01068	0.00382	0.00519

[dist]
# distance from previous block
# <min> <max>
0	1

[block]
# block no. 5 follows, 46 sequences, length 55
# corresponding to MSA columns:
# 216-270
name=unknown_F
#
# <colnr> <probs for GDERKNQSTAVLIFYWHMCP>
#	G	D	E	R	K	N	Q	S	T	A	V	L	I	F	Y	W	H	M	C	P
0	0.17551	0.01209	0.01673	0.01242	0.01690	0.01181	0.20224	0.19186	0.01426	0.02220	0.01012	0.01177	0.00775	0.00482	0.00472	0.00140	0.00569	0.00427	0.00355	0.26991
1	0.01341	0.68252	0.12577	0.00974	0.01456	0.01917	0.01025	0.01572	0.01096	0.01334	0.03798	0.01005	0.00847	0.00484	0.00372	0.00122	0.00581	0.00323	0.00240	0.00685
2	0.00876	0.00711	0.00802	0.00790	0.00961	0.00731	0.00593	0.01453	0.25119	0.01782	0.16155	0.20992	0.21805	0.01175	0.00612	0.00187	0.00329	0.03829	0.00521	0.00576
3	0.01256	0.01151	0.01856	0.13998	0.52459	0.01202	0.01430	0.01712	0.10358	0.03275	0.05171	0.01551	0.01138	0.00545	0.00531	0.00163	0.00591	0.00513	0.00316	0.00784
4	0.00900	0.00718	0.00818	0.00825	0.00978	0.00749	0.00602	0.04350	0.24175	0.01716	0.04502	0.40689	0.14348	0.01271	0.00619	0.00195	0.00344	0.01118	0.00508	0.00575
5	0.01040	0.00583	0.00751	0.00701	0.00841	0.00582	0.00528	0.01233	0.01137	0.12543	0.18374	0.02604	0.02210	0.12197	0.21966	0.00384	0.00625	0.00656	0.20521	0.00524
6	0.01060	0.02735	0.78682	0.01507	0.02288	0.01228	0.01953	0.01674	0.01116	0.01674	0.00949	0.01116	0.00670	0.00502	0.00502	0.00167	0.00781	0.00391	0.00223	0.00781
7	0.01283	0.01225	0.02086	0.03049	0.70679	0.01224	0.03819	0.01611	0.02900	0.01712	0.01115	0.01416	0.02524	0.00526	0.00564	0.02072	0.00620	0.00492	0.00272	0.00811
8	0.01096	0.00940	0.01096	0.00783	0.01253	0.00705	0.00626	0.01331	0.01096	0.01723	0.00940	0.01096	0.00783	0.00392	0.00392	0.00078	0.00392	0.00313	0.00313	0.84653
9	0.01333	0.01144	0.01205	0.01079	0.01381	0.01323	0.00841	0.04675	0.75274	0.02240	0.02129	0.01955	0.01596	0.00715	0.00538	0.00179	0.00423	0.00595	0.00538	0.00838
10	0.00908	0.00845	0.04248	0.01014	0.01292	0.00695	0.15147	0.01128	0.01155	0.04555	0.04250	0.25974	0.22316	0.01057	0.00597	0.00173	0.00445	0.00964	0.00419	0.12819
11	0.00686	0.00538	0.00620	0.00599	0.00751	0.00472	0.00449	0.00876	0.01348	0.01768	0.41019	0.04527	0.42033	0.01212	0.00624	0.00172	0.00259	0.01037	0.00536	0.00472
12	0.01390	0.01027	0.01181	0.00884	0.01319	0.05050	0.02483	0.01662	0.04003	0.16503	0.01313	0.01365	0.02856	0.00488	0.00440	0.00107	0.00443	0.00395	0.00388	0.56703
13	0.26891	0.18531	0.01427	0.00865	0.01254	0.01209	0.00746	0.02065	0.04622	0.35491	0.01391	0.01319	0.00965	0.00564	0.00429	0.00153	0.00461	0.00407	0.00458	0.00751
14	0.00644	0.00460	0.00613	0.00736	0.00767	0.00429	0.00491	0.00736	0.01012	0.01350	0.02914	0.81076	0.03497	0.01656	0.00675	0.00215	0.00307	0.01503	0.00491	0.00429
15	0.01335	0.04090	0.57848	0.01479	0.06235	0.01162	0.01685	0.01843	0.01196	0.16471	0.01165	0.01252	0.00802	0.00529	0.00505	0.00165	0.00704	0.00420	0.00308	0.00805
16	0.10441	0.17020	0.05137	0.01755	0.12489	0.12224	0.25915	0.01681	0.01176	0.01605	0.00898	0.01145	0.00731	0.00498	0.00560	0.00158	0.05170	0.00444	0.00262	0.00690
17	0.00726	0.00569	0.03148	0.00677	0.00734	0.00501	0.00462	0.00814	0.00973	0.01315	0.11757	0.32543	0.04684	0.36917	0.01556	0.00338	0.00405	0.01063	0.00418	0.00402
18	0.01960	0.04803	0.01538	0.01344	0.01626	0.74401	0.01017	0.04618	0.01519	0.01362	0.00830	0.00961	0.00688	0.00545	0.00474	0.00136	0.00929	0.00343	0.00280	0.00625
19	0.00697	0.00550	0.00629	0.00607	0.00763	0.00489	0.00456	0.00913	0.02898	0.01769	0.39356	0.04489	0.42077	0.01205	0.00622	0.00173	0.00262	0.01030	0.00535	0.00479
20	0.00704	0.00539	0.00645	0.00618	0.00762	0.00480	0.00464	0.00911	0.01391	0.01869	0.51579	0.04362	0.31410	0.01174	0.00624	0.00171	0.00256	0.01014	0.00549	0.00480
21	0.01266	0.10102	0.03082	0.02085	0.02611	0.01418	0.68069	0.01681	0.01229	0.01645	0.01033	0.01364	0.00789	0.00446	0.00593	0.00171	0.00856	0.00587	0.00263	0.00709
22	0.02248	0.00872	0.01187	0.00920	0.01307	0.00756	0.00756	0.02456	0.01512	0.72669	0.07860	0.01963	0.01589	0.00687	0.00539	0.00164	0.00435	0.00564	0.00649	0.00869
23	0.02351	0.00933	0.01247	0.00956	0.01366	0.00826	0.00790	0.06789	0.01569	0.74198	0.02039	0.01769	0.01285	0.00653	0.00531	0.00163	0.00457	0.00528	0.00647	0.00900
24	0.01009	0.00543	0.00630	0.00592	0.00739	0.00518	0.00450	0.01253	0.01284	0.08142	0.29784	0.02686	0.02689	0.00790	0.00476	0.00142	0.00264	0.00666	0.46816	0.00528
25	0.85155	0.01022	0.00777	0.00695	0.01022	0.01186	0.00573	0.01554	0.00900	0.02372	0.00736	0.00859	0.00573	0.00491	0.00327	0.00164	0.00409	0.00286	0.00327	0.00573
26	0.00998	0.00940	0.01586	0.80150	0.03641	0.01175	0.01468	0.01351	0.01057	0.01351	0.00940	0.01409	0.00705	0.00529	0.00529	0.00176	0.00705	0.00470	0.00235	0.00587
27	0.01498	0.01725	0.01569	0.01377	0.01491	0.34015	0.01100	0.01622	0.01097	0.01281	0.00745	0.01072	0.00689	0.00767	0.01210	0.00192	0.47298	0.00412	0.00248	0.00593
28	0.01157	0.01157	0.01619	0.01388	0.01388	0.01619	0.01157	0.01272	0.00810	0.01272	0.00694	0.01157	0.00694	0.00925	0.01735	0.00231	0.80453	0.00463	0.00231	0.00578
29	0.01469	0.01212	0.01282	0.01107	0.01433	0.01387	0.00874	0.19118	0.60608	0.02460	0.01956	0.01816	0.01455	0.00699	0.00536	0.00175	0.00455	0.00571	0.00536	0.00851
30	0.00644	0.00460	0.00613	0.00736	0.00767	0.00429	0.00491	0.00736	0.01012	0.01350	0.02914	0.81076	0.03497	0.01656	0.00675	0.00215	0.00307	0.01503	0.00491	0.00429
31	0.00765	0.00511	0.00578	0.00582	0.00583	0.00510	0.00326	0.00768	0.00777	0.01036	0.01707	0.06020	0.01974	0.78789	0.02624	0.00503	0.00506	0.00793	0.00326	0.00324
32	0.00644	0.00460	0.00613	0.00736	0.00767	0.00429	0.00491	0.00736	0.01012	0.01350	0.02914	0.81076	0.03497	0.01656	0.00675	0.00215	0.00307	0.01503	0.00491	0.00429
33	0.01340	0.01148	0.01210	0.01081	0.01384	0.01327	0.00843	0.05515	0.74421	0.02253	0.02119	0.01947	0.01587	0.00714	0.00538	0.00179	0.00424	0.00593	0.00538	0.00839
34	0.01401	0.79055	0.05349	0.00925	0.01388	0.02062	0.00940	0.01586	0.01076	0.01258	0.00742	0.00857	0.00678	0.00454	0.00345	0.00115	0.00573	0.00286	0.00226	0.00682
35	0.01301	0.01223	0.05435	0.01099	0.01425	0.01310	0.00898	0.02747	0.73007	0.02182	0.02086	0.01926	0.01562	0.00705	0.00536	0.00179	0.00438	0.00586	0.00521	0.00834
36	0.85155	0.01022	0.00777	0.00695	0.01022	0.01186	0.00573	0.01554	0.00900	0.02372	0.00736	0.00859	0.00573	0.00491	0.00327	0.00164	0.00409	0.00286	0.00327	0.00573
37	0.01136	0.00972	0.01108	0.09345	0.01476	0.01107	0.00822	0.02207	0.52077	0.01979	0.06944	0.10750	0.06103	0.00855	0.00562	0.00182	0.00418	0.00732	0.00501	0.00724
38	0.00748	0.00540	0.00707	0.00665	0.00790	0.00499	0.00499	0.00998	0.01496	0.02120	0.77844	0.03949	0.04988	0.01081	0.00624	0.00166	0.00249	0.00956	0.00582	0.00499
39	0.00756	0.00563	0.00831	0.00831	0.00919	0.00651	0.00637	0.00932	0.00844	0.01213	0.01433	0.02172	0.01363	0.09297	0.74050	0.00826	0.01354	0.00580	0.00286	0.00462
40	0.02358	0.00923	0.01241	0.00951	0.01361	0.00811	0.00786	0.05483	0.01551	0.75528	0.02053	0.01778	0.01292	0.00654	0.00532	0.00163	0.00455	0.00529	0.00649	0.00900
41	0.00966	0.00491	0.00500	0.00507	0.00625	0.00489	0.00376	0.01204	0.01103	0.01935	0.01792	0.06488	0.01477	0.00675	0.00387	0.00128	0.00250	0.00550	0.79567	0.00489
42	0.85155	0.01022	0.00777	0.00695	0.01022	0.01186	0.00573	0.01554	0.00900	0.02372	0.00736	0.00859	0.00573	0.00491	0.00327	0.00164	0.00409	0.00286	0.00327	0.00573
43	0.01248	0.44631	0.38425	0.01187	0.01794	0.01686	0.01397	0.01626	0.01094	0.01446	0.00835	0.00974	0.00674	0.00476	0.00416	0.00139	0.00667	0.00333	0.00225	0.00727
44	0.01975	0.02520	0.01498	0.01362	0.01634	0.79299	0.01021	0.02111	0.01498	0.01294	0.00817	0.00953	0.00681	0.00545	0.00477	0.00136	0.00953	0.00340	0.00272	0.00613
45	0.01291	0.01239	0.02115	0.07453	0.74048	0.01252	0.01614	0.01608	0.01196	0.01707	0.00991	0.01314	0.00830	0.00474	0.00524	0.00158	0.00632	0.00471	0.00260	0.00824
46	0.01980	0.01521	0.01567	0.01211	0.01627	0.05860	0.00994	0.70018	0.02389	0.03171	0.01234	0.01247	0.00884	0.00622	0.00522	0.00155	0.00596	0.00464	0.00508	0.03429
47	0.85155	0.01022	0.00777	0.00695	0.01022	0.01186	0.00573	0.01554	0.00900	0.02372	0.00736	0.00859	0.00573	0.00491	0.00327	0.00164	0.00409	0.00286	0.00327	0.00573
48	0.01248	0.01426	0.03119	0.02228	0.02763	0.01337	0.76203	0.01693	0.01248	0.01693	0.01070	0.01426	0.00802	0.00446	0.00624	0.00178	0.00891	0.00624	0.00267	0.00713
49	0.00985	0.00493	0.00493	0.00493	0.00616	0.00493	0.00370	0.01232	0.01109	0.01971	0.01725	0.01971	0.01355	0.00616	0.00370	0.00123	0.00246	0.00493	0.84356	0.00493
50	0.85155	0.01022	0.00777	0.00695	0.01022	0.01186	0.00573	0.01554	0.00900	0.02372	0.00736	0.00859	0.00573	0.00491	0.00327	0.00164	0.00409	0.00286	0.00327	0.00573
51	0.00723	0.00539	0.00672	0.00639	0.00775	0.00488	0.00479	0.00949	0.01438	0.01980	0.63218	0.04179	0.19701	0.01133	0.00624	0.00169	0.00253	0.00988	0.00564	0.00488
52	0.85155	0.01022	0.00777	0.00695	0.01022	0.01186	0.00573	0.01554	0.00900	0.02372	0.00736	0.00859	0.00573	0.00491	0.00327	0.00164	0.00409	0.00286	0.00327	0.00573
53	0.01923	0.02411	0.01474	0.01339	0.01614	0.73156	0.01007	0.02166	0.07458	0.01366	0.00922	0.01034	0.00754	0.00558	0.00482	0.00140	0.00911	0.00361	0.00293	0.00631
54	0.01566	0.01180	0.01422	0.01489	0.16188	0.03172	0.00996	0.08316	0.41832	0.15227	0.01815	0.01734	0.01333	0.00648	0.00532	0.00170	0.00490	0.00546	0.00497	0.00847

[dist]
# distance from previous block
# <min> <max>
0	1

[block]
# block no. 6 follows, 46 sequences, length 89
# corresponding to MSA columns:
# 272-360
name=unknown_G
#
# <colnr> <probs for GDERKNQSTAVLIFYWHMCP>
#	G	D	E	R	K	N	Q	S	T	A	V	L	I	F	Y	W	H	M	C	P
0	0.01187	0.01180	0.01394	0.01224	0.01389	0.10326	0.07163	0.01692	0.21088	0.01576	0.01672	0.17311	0.03294	0.00941	0.00944	0.00198	0.25696	0.00719	0.00377	0.00629
1	0.01618	0.01007	0.01265	0.00934	0.01381	0.00859	0.03323	0.10508	0.01398	0.26602	0.01351	0.01354	0.00966	0.00506	0.00461	0.00119	0.00450	0.00413	0.00447	0.45037
2	0.01358	0.01418	0.01229	0.01090	0.01367	0.25837	0.03410	0.01918	0.22483	0.01746	0.11084	0.02249	0.04903	0.00751	0.00535	0.00158	0.00580	0.07005	0.00417	0.10463
3	0.00647	0.00536	0.00566	0.00558	0.00727	0.00456	0.00419	0.00801	0.01256	0.01550	0.18106	0.04887	0.65083	0.01293	0.00625	0.00176	0.00265	0.01088	0.00507	0.00456
4	0.01098	0.00972	0.00984	0.00939	0.01118	0.10111	0.00703	0.01673	0.25582	0.03050	0.03427	0.17483	0.01864	0.06856	0.19161	0.00357	0.00696	0.00747	0.00421	0.02757
5	0.01610	0.01307	0.01697	0.01918	0.29609	0.01402	0.01187	0.33171	0.14960	0.03863	0.03050	0.01475	0.01099	0.00599	0.00531	0.00162	0.00561	0.00507	0.00436	0.00857
6	0.01368	0.00920	0.01114	0.00815	0.01261	0.00715	0.00656	0.01597	0.01199	0.18686	0.03338	0.01331	0.01016	0.00469	0.00429	0.00100	0.00400	0.00379	0.00396	0.63810
7	0.01315	0.01136	0.01195	0.01076	0.01375	0.01315	0.00837	0.02809	0.77168	0.02211	0.02152	0.01972	0.01614	0.00717	0.00538	0.00179	0.00418	0.00598	0.00538	0.00837
8	0.00990	0.00879	0.01279	0.40321	0.02381	0.00904	0.01029	0.01266	0.01066	0.01490	0.01190	0.11385	0.01088	0.00620	0.00496	0.00144	0.00537	0.00542	0.00297	0.32097
9	0.00628	0.00523	0.00548	0.00568	0.00723	0.00444	0.00416	0.00755	0.01174	0.01415	0.04961	0.17355	0.65896	0.01390	0.00633	0.00184	0.00274	0.01178	0.00491	0.00444
10	0.01904	0.02149	0.01593	0.01551	0.10570	0.53481	0.01088	0.18022	0.01676	0.01783	0.00935	0.01063	0.00746	0.00555	0.00493	0.00143	0.00835	0.00385	0.00326	0.00701
11	0.00755	0.00566	0.00850	0.00850	0.00944	0.00661	0.00661	0.00944	0.00850	0.01227	0.01416	0.02077	0.01322	0.03965	0.79326	0.00850	0.01416	0.00566	0.00283	0.00472
12	0.01402	0.01391	0.01517	0.35302	0.02465	0.20252	0.03951	0.05190	0.14600	0.05049	0.02964	0.01467	0.00996	0.00586	0.00523	0.00165	0.00695	0.00481	0.00338	0.00668
13	0.85155	0.01022	0.00777	0.00695	0.01022	0.01186	0.00573	0.01554	0.00900	0.02372	0.00736	0.00859	0.00573	0.00491	0.00327	0.00164	0.00409	0.00286	0.00327	0.00573
14	0.01175	0.00962	0.01121	0.00807	0.01273	0.00747	0.00647	0.04625	0.01169	0.04133	0.00989	0.01125	0.00804	0.00410	0.00402	0.00084	0.00402	0.00327	0.00333	0.78465
15	0.01101	0.00956	0.01166	0.00833	0.01305	0.00727	0.03231	0.01344	0.01101	0.01722	0.00944	0.01108	0.00784	0.00393	0.00400	0.00082	0.00409	0.00324	0.00312	0.81760
16	0.00625	0.00536	0.00536	0.00536	0.00714	0.00446	0.00402	0.00759	0.01205	0.01428	0.05355	0.05088	0.77909	0.01339	0.00625	0.00179	0.00268	0.01116	0.00491	0.00446
17	0.00642	0.00536	0.00559	0.00554	0.00725	0.00454	0.00415	0.00792	0.01246	0.01524	0.15444	0.04929	0.67760	0.01303	0.00625	0.00177	0.00265	0.01094	0.00504	0.00454
18	0.01160	0.01105	0.01878	0.40045	0.42483	0.01217	0.01549	0.01492	0.01134	0.01547	0.00968	0.01357	0.00774	0.00499	0.00526	0.00166	0.00665	0.00470	0.00249	0.00718
19	0.00691	0.00538	0.00628	0.00605	0.00755	0.00475	0.00454	0.00887	0.01362	0.01801	0.44421	0.04474	0.38610	0.01200	0.00624	0.00172	0.00258	0.01030	0.00540	0.00475
20	0.67835	0.00997	0.00871	0.00747	0.01091	0.01100	0.00615	0.01768	0.01028	0.18298	0.01018	0.01056	0.00727	0.00525	0.00370	0.00164	0.00418	0.00338	0.00396	0.00641
21	0.00985	0.00493	0.00493	0.00493	0.00616	0.00493	0.00370	0.01232	0.01109	0.01971	0.01725	0.01971	0.01355	0.00616	0.00370	0.00123	0.00246	0.00493	0.84356	0.00493
22	0.85155	0.01022	0.00777	0.00695	0.01022	0.01186	0.00573	0.01554	0.00900	0.02372	0.00736	0.00859	0.00573	0.00491	0.00327	0.00164	0.00409	0.00286	0.00327	0.00573
23	0.02372	0.00900	0.01227	0.00941	0.01350	0.00777	0.00777	0.02576	0.01513	0.78489	0.02086	0.01799	0.01309	0.00654	0.00532	0.00164	0.00450	0.00532	0.00654	0.00900
24	0.01069	0.04762	0.76734	0.01491	0.02264	0.01250	0.01926	0.01672	0.01115	0.01663	0.00943	0.01109	0.00670	0.00501	0.00498	0.00166	0.00776	0.00388	0.00223	0.00779
25	0.00769	0.00513	0.00577	0.00577	0.00577	0.00513	0.00320	0.00769	0.00769	0.01025	0.01666	0.03460	0.01922	0.81421	0.02691	0.00513	0.00513	0.00769	0.00320	0.00320
26	0.02010	0.01481	0.01587	0.01216	0.01639	0.01639	0.01005	0.76360	0.02486	0.03332	0.01269	0.01269	0.00899	0.00635	0.00529	0.00159	0.00582	0.00476	0.00529	0.00899
27	0.00796	0.00558	0.00740	0.00720	0.00850	0.00522	0.00561	0.01043	0.01452	0.03476	0.64298	0.04234	0.04605	0.01134	0.00639	0.00179	0.00292	0.12831	0.00568	0.00504
28	0.00629	0.00527	0.00548	0.00561	0.00722	0.00445	0.00414	0.00760	0.01188	0.01432	0.06418	0.13942	0.67862	0.01371	0.00631	0.00183	0.00272	0.01158	0.00493	0.00445
29	0.00644	0.00460	0.00613	0.00736	0.00767	0.00429	0.00491	0.00736	0.01012	0.01350	0.02914	0.81076	0.03497	0.01656	0.00675	0.00215	0.00307	0.01503	0.00491	0.00429
30	0.01413	0.81739	0.02770	0.00905	0.01357	0.02092	0.00905	0.01583	0.01074	0.01244	0.00735	0.00848	0.00678	0.00452	0.00339	0.00113	0.00565	0.00283	0.00226	0.00678
31	0.00647	0.00535	0.00567	0.00563	0.00729	0.00455	0.00421	0.00800	0.01252	0.01548	0.18000	0.06597	0.63460	0.01301	0.00626	0.00177	0.00265	0.01096	0.00507	0.00455
32	0.01386	0.01404	0.02070	0.03025	0.69189	0.10372	0.01552	0.01680	0.01238	0.01677	0.00974	0.01267	0.00819	0.00480	0.00518	0.00155	0.00666	0.00456	0.00263	0.00811
33	0.83209	0.02899	0.00823	0.00700	0.01030	0.01207	0.00580	0.01555	0.00904	0.02346	0.00736	0.00859	0.00575	0.00490	0.00327	0.00162	0.00413	0.00286	0.00325	0.00575
34	0.01914	0.11627	0.01659	0.01288	0.01603	0.59346	0.01005	0.12504	0.01588	0.01575	0.00871	0.00986	0.00711	0.00547	0.00468	0.00137	0.00856	0.00353	0.00303	0.00661
35	0.00649	0.00464	0.00618	0.00733	0.00768	0.00432	0.00491	0.00748	0.01034	0.01384	0.06258	0.77634	0.03563	0.01631	0.00672	0.00213	0.00304	0.01478	0.00495	0.00432
36	0.01122	0.01103	0.01545	0.01334	0.01340	0.01531	0.01105	0.01239	0.00811	0.01264	0.00763	0.01269	0.00763	0.02977	0.06800	0.00278	0.73475	0.00476	0.00237	0.00565
37	0.01427	0.01191	0.01259	0.01099	0.01417	0.01367	0.00864	0.14683	0.65112	0.02392	0.02009	0.01859	0.01498	0.00704	0.00536	0.00176	0.00445	0.00578	0.00536	0.00847
38	0.00769	0.00513	0.00577	0.00577	0.00577	0.00513	0.00320	0.00769	0.00769	0.01025	0.01666	0.03460	0.01922	0.81421	0.02691	0.00513	0.00513	0.00769	0.00320	0.00320
39	0.85155	0.01022	0.00777	0.00695	0.01022	0.01186	0.00573	0.01554	0.00900	0.02372	0.00736	0.00859	0.00573	0.00491	0.00327	0.00164	0.00409	0.00286	0.00327	0.00573
40	0.00668	0.00477	0.00641	0.00764	0.00805	0.00450	0.00533	0.00778	0.01036	0.01377	0.02900	0.72302	0.03443	0.01633	0.00681	0.00218	0.00328	0.10037	0.00490	0.00436
41	0.01096	0.00940	0.01096	0.00783	0.01253	0.00705	0.00626	0.01331	0.01096	0.01723	0.00940	0.01096	0.00783	0.00392	0.00392	0.00078	0.00392	0.00313	0.00313	0.84653
42	0.01060	0.02735	0.78682	0.01507	0.02288	0.01228	0.01953	0.01674	0.01116	0.01674	0.00949	0.01116	0.00670	0.00502	0.00502	0.00167	0.00781	0.00391	0.00223	0.00781
43	0.00755	0.00566	0.00850	0.00850	0.00944	0.00661	0.00661	0.00944	0.00850	0.01227	0.01416	0.02077	0.01322	0.03965	0.79326	0.00850	0.01416	0.00566	0.00283	0.00472
44	0.85155	0.01022	0.00777	0.00695	0.01022	0.01186	0.00573	0.01554	0.00900	0.02372	0.00736	0.00859	0.00573	0.00491	0.00327	0.00164	0.00409	0.00286	0.00327	0.00573
45	0.01248	0.01426	0.03119	0.02228	0.02763	0.01337	0.76203	0.01693	0.01248	0.01693	0.01070	0.01426	0.00802	0.00446	0.00624	0.00178	0.00891	0.00624	0.00267	0.00713
46	0.00644	0.00460	0.00613	0.00736	0.00767	0.00429	0.00491	0.00736	0.01012	0.01350	0.02914	0.81076	0.03497	0.01656	0.00675	0.00215	0.00307	0.01503	0.00491	0.00429
47	0.85155	0.01022	0.00777	0.00695	0.01022	0.01186	0.00573	0.01554	0.00900	0.02372	0.00736	0.00859	0.00573	0.00491	0.00327	0.00164	0.00409	0.00286	0.00327	0.00573
48	0.01157	0.01157	0.01619	0.01388	0.01388	0.01619	0.01157	0.01272	0.00810	0.01272	0.00694	0.01157	0.00694	0.00925	0.01735	0.00231	0.80453	0.00463	0.00231	0.00578
49	0.01975	0.02520	0.01498	0.01362	0.01634	0.79299	0.01021	0.02111	0.01498	0.01294	0.00817	0.00953	0.00681	0.00545	0.00477	0.00136	0.00953	0.00340	0.00272	0.00613
50	0.01315	0.01136	0.01195	0.01076	0.01375	0.01315	0.00837	0.02809	0.77168	0.02211	0.02152	0.01972	0.01614	0.00717	0.00538	0.00179	0.00418	0.00598	0.00538	0.00837
51	0.01398	0.78213	0.06158	0.00931	0.01398	0.02053	0.00951	0.01587	0.01076	0.01263	0.00745	0.00860	0.00678	0.00455	0.00346	0.00115	0.00575	0.00287	0.00226	0.00683
52	0.43618	0.00961	0.01003	0.00818	0.01187	0.00981	0.00675	0.02067	0.01207	0.40564	0.01413	0.01331	0.00942	0.00573	0.00430	0.00164	0.00429	0.00409	0.00491	0.00737
53	0.01233	0.01179	0.02009	0.22007	0.59953	0.01236	0.01585	0.01556	0.01168	0.01635	0.00981	0.01333	0.00805	0.00485	0.00525	0.00162	0.00647	0.00471	0.00255	0.00776
54	0.00755	0.00566	0.00850	0.00850	0.00944	0.00661	0.00661	0.00944	0.00850	0.01227	0.01416	0.02077	0.01322	0.03965	0.79326	0.00850	0.01416	0.00566	0.00283	0.00472
55	0.00769	0.00513	0.00577	0.00577	0.00577	0.00513	0.00320	0.00769	0.00769	0.01025	0.01666	0.03460	0.01922	0.81421	0.02691	0.00513	0.00513	0.00769	0.00320	0.00320
56	0.00719	0.00539	0.00666	0.00634	0.00772	0.00486	0.00476	0.00941	0.01427	0.01955	0.60552	0.04221	0.22383	0.01142	0.00624	0.00169	0.00254	0.00994	0.00560	0.00486
57	0.01732	0.02010	0.01387	0.01257	0.01539	0.50571	0.00953	0.02368	0.29373	0.01632	0.01309	0.01329	0.01025	0.00608	0.00499	0.00152	0.00756	0.00435	0.00370	0.00695
58	0.02234	0.01121	0.01364	0.01046	0.01460	0.01106	0.00864	0.30721	0.01884	0.49821	0.01774	0.01597	0.01152	0.00647	0.00531	0.00162	0.00500	0.00510	0.00606	0.00899
59	0.01806	0.02069	0.01427	0.01275	0.01567	0.52268	0.00972	0.08773	0.21236	0.01710	0.01203	0.01246	0.00942	0.00597	0.00497	0.00149	0.00782	0.00419	0.00364	0.00696
