[name]
unknown

[dist]
# distance from previous block
# <min> <max>
0	44

[block]
# block no. 0 follows, 49 sequences, length 19
# corresponding to MSA columns:
# 44-62
name=unknown_A
#
# <colnr> <probs for GDERKNQSTAVLIFYWHMCP>
#	G	D	E	R	K	N	Q	S	T	A	V	L	I	F	Y	W	H	M	C	P
0	0.01143	0.12313	0.01136	0.00871	0.01089	0.00931	0.00756	0.13926	0.01336	0.04092	0.01936	0.03411	0.01889	0.00951	0.00541	0.00177	0.00446	0.35777	0.16709	0.00570
1	0.01666	0.42078	0.04228	0.00979	0.01405	0.01642	0.00904	0.25126	0.01513	0.14394	0.01074	0.01089	0.00811	0.00519	0.00415	0.00131	0.00534	0.00369	0.00372	0.00751
2	0.01599	0.26387	0.14709	0.01118	0.01588	0.01636	0.01081	0.41750	0.01750	0.02316	0.01008	0.01067	0.00759	0.00533	0.00446	0.00140	0.00583	0.00385	0.00369	0.00777
3	0.05586	0.01131	0.03494	0.00954	0.01324	0.01094	0.00786	0.36979	0.01653	0.02350	0.01305	0.12565	0.01156	0.00663	0.00475	0.00136	0.00460	0.00535	0.00419	0.26937
4	0.23131	0.01102	0.03850	0.00850	0.01264	0.01022	0.00716	0.19358	0.01315	0.02171	0.00923	0.01030	0.00719	0.00458	0.00393	0.00117	0.00435	0.00332	0.00349	0.40463
5	0.03800	0.01239	0.01345	0.01074	0.01434	0.01359	0.00881	0.52458	0.12890	0.08871	0.01471	0.01587	0.01098	0.00655	0.00506	0.00158	0.00504	0.04190	0.03670	0.00810
6	0.22126	0.04274	0.47009	0.01214	0.01777	0.12377	0.01389	0.01630	0.01067	0.01704	0.00834	0.00978	0.00619	0.00482	0.00431	0.00154	0.00677	0.00339	0.00245	0.00673
7	0.13091	0.01041	0.01548	0.01125	0.01572	0.00909	0.22092	0.01401	0.01063	0.01728	0.00906	0.01105	0.00726	0.00402	0.00428	0.00113	0.00511	0.00379	0.00289	0.49570
8	0.00955	0.00899	0.01517	0.81013	0.03483	0.01123	0.01404	0.01292	0.01011	0.01292	0.00899	0.01348	0.00674	0.00506	0.00506	0.00169	0.00674	0.00449	0.00225	0.00562
9	0.13670	0.00978	0.01117	0.00891	0.01232	0.00987	0.00726	0.21569	0.04289	0.29991	0.13531	0.01755	0.01584	0.00652	0.00487	0.00152	0.00424	0.00517	0.00519	0.04929
10	0.01252	0.01201	0.02053	0.03104	0.79074	0.01201	0.01552	0.01552	0.01151	0.01652	0.00951	0.01252	0.00801	0.00451	0.00501	0.00150	0.00601	0.00451	0.00250	0.00801
11	0.00955	0.00899	0.01517	0.81013	0.03483	0.01123	0.01404	0.01292	0.01011	0.01292	0.00899	0.01348	0.00674	0.00506	0.00506	0.00169	0.00674	0.00449	0.00225	0.00562
12	0.01048	0.01096	0.02179	0.35321	0.02849	0.01146	0.39274	0.01410	0.01099	0.01456	0.01107	0.07599	0.00928	0.00549	0.00562	0.00172	0.00734	0.00600	0.00259	0.00610
13	0.01055	0.01001	0.01697	0.54800	0.28917	0.01150	0.01454	0.01379	0.01058	0.01413	0.00916	0.01316	0.00717	0.00487	0.00504	0.00162	0.00649	0.00450	0.00233	0.00642
14	0.00646	0.00534	0.00568	0.00556	0.00721	0.00467	0.00418	0.00844	0.04030	0.01527	0.19832	0.04538	0.61132	0.01209	0.00594	0.00168	0.00258	0.01018	0.00489	0.00451
15	0.01304	0.71216	0.13548	0.00947	0.01424	0.01884	0.01007	0.01527	0.01033	0.01248	0.00732	0.00847	0.00648	0.00439	0.00347	0.00116	0.00570	0.00285	0.00216	0.00663
16	0.01252	0.01201	0.02053	0.03104	0.79074	0.01201	0.01552	0.01552	0.01151	0.01652	0.00951	0.01252	0.00801	0.00451	0.00501	0.00150	0.00601	0.00451	0.00250	0.00801
17	0.03378	0.01389	0.01438	0.01419	0.12376	0.20714	0.00999	0.09313	0.03865	0.16669	0.01198	0.05222	0.00973	0.00675	0.00744	0.00165	0.17932	0.00479	0.00366	0.00688
18	0.73918	0.01181	0.00841	0.00755	0.01061	0.12331	0.00608	0.01562	0.00942	0.02123	0.00715	0.00834	0.00562	0.00477	0.00333	0.00153	0.00465	0.00281	0.00306	0.00553

[dist]
# distance from previous block
# <min> <max>
0	1

[block]
# block no. 1 follows, 49 sequences, length 11
# corresponding to MSA columns:
# 64-74
name=unknown_B
#
# <colnr> <probs for GDERKNQSTAVLIFYWHMCP>
#	G	D	E	R	K	N	Q	S	T	A	V	L	I	F	Y	W	H	M	C	P
0	0.00919	0.00533	0.00633	0.00608	0.00659	0.00516	0.00374	0.00951	0.00844	0.10897	0.01739	0.09380	0.01885	0.65503	0.02159	0.00425	0.00467	0.00763	0.00360	0.00385
1	0.02225	0.00931	0.01217	0.00933	0.01326	0.00847	0.00771	0.11913	0.01565	0.69811	0.01896	0.01657	0.01202	0.00623	0.00508	0.00156	0.00446	0.00502	0.00611	0.00860
2	0.02269	0.00861	0.01174	0.00900	0.01291	0.00743	0.00743	0.02464	0.01447	0.79425	0.01995	0.01721	0.01252	0.00626	0.00509	0.00156	0.00430	0.00509	0.00626	0.00861
3	0.00676	0.00475	0.00616	0.00706	0.00743	0.00457	0.00489	0.00768	0.00947	0.01256	0.02494	0.51300	0.02926	0.20129	0.01098	0.00275	0.00367	0.13451	0.00431	0.00396
4	0.01121	0.02337	0.64476	0.01494	0.02187	0.01159	0.11517	0.01662	0.01109	0.06810	0.00995	0.01150	0.00698	0.00483	0.00497	0.00161	0.00740	0.00411	0.00247	0.00746
5	0.01066	0.01013	0.01718	0.51711	0.31913	0.01153	0.01460	0.01390	0.01064	0.01427	0.00918	0.01312	0.00722	0.00485	0.00504	0.00162	0.00646	0.00450	0.00234	0.00652
6	0.00616	0.00440	0.00587	0.00704	0.00733	0.00411	0.00469	0.00704	0.00968	0.01291	0.02787	0.81899	0.03344	0.01584	0.00645	0.00205	0.00293	0.01438	0.00469	0.00411
7	0.01096	0.01043	0.01772	0.43872	0.39519	0.01161	0.01475	0.01416	0.01078	0.01464	0.00924	0.01302	0.00735	0.00479	0.00503	0.00160	0.00639	0.00450	0.00237	0.00676
8	0.06635	0.01497	0.13535	0.01899	0.17370	0.06285	0.29905	0.03628	0.01223	0.11490	0.01084	0.01277	0.00798	0.00478	0.00520	0.00159	0.00702	0.00483	0.00305	0.00728
9	0.01027	0.00758	0.01117	0.00987	0.01177	0.00744	0.11386	0.10740	0.04365	0.07892	0.07232	0.45623	0.02522	0.01149	0.00602	0.00185	0.00417	0.01052	0.00464	0.00562
10	0.01252	0.01201	0.02053	0.03104	0.79074	0.01201	0.01552	0.01552	0.01151	0.01652	0.00951	0.01252	0.00801	0.00451	0.00501	0.00150	0.00601	0.00451	0.00250	0.00801

[dist]
# distance from previous block
# <min> <max>
2	4

[block]
# block no. 2 follows, 49 sequences, length 7
# corresponding to MSA columns:
# 79-85
name=unknown_C
#
# <colnr> <probs for GDERKNQSTAVLIFYWHMCP>
#	G	D	E	R	K	N	Q	S	T	A	V	L	I	F	Y	W	H	M	C	P
0	0.01144	0.01065	0.01777	0.02610	0.63408	0.01057	0.01337	0.01432	0.01207	0.01727	0.16525	0.01757	0.01595	0.00567	0.00520	0.00152	0.00528	0.00543	0.00312	0.00736
1	0.01715	0.02125	0.01414	0.01278	0.01493	0.64908	0.00975	0.01846	0.01308	0.01231	0.00798	0.01000	0.00688	0.00757	0.05155	0.00182	0.11943	0.00354	0.00256	0.00574
2	0.01252	0.01201	0.02053	0.03104	0.79074	0.01201	0.01552	0.01552	0.01151	0.01652	0.00951	0.01252	0.00801	0.00451	0.00501	0.00150	0.00601	0.00451	0.00250	0.00801
3	0.00837	0.00495	0.00653	0.00653	0.00735	0.00533	0.00488	0.00958	0.00876	0.01384	0.01371	0.01858	0.01199	0.02172	0.34331	0.17448	0.00748	0.00495	0.32354	0.00413
4	0.01330	0.06366	0.40884	0.01507	0.04978	0.01156	0.17151	0.01771	0.01171	0.17152	0.01139	0.01252	0.00796	0.00495	0.00502	0.00158	0.00689	0.00444	0.00306	0.00753
5	0.00775	0.00593	0.00740	0.00651	0.00839	0.00513	0.00496	0.01003	0.01337	0.01909	0.58434	0.03302	0.08782	0.00918	0.00552	0.00143	0.00267	0.00801	0.00500	0.17445
6	0.03634	0.12342	0.47188	0.01441	0.08634	0.05681	0.01511	0.04430	0.01145	0.05899	0.00937	0.01078	0.00696	0.00497	0.00491	0.00152	0.02883	0.00374	0.00256	0.00730

[dist]
# distance from previous block
# <min> <max>
0	1

[block]
# block no. 3 follows, 49 sequences, length 23
# corresponding to MSA columns:
# 87-109
name=unknown_D
#
# <colnr> <probs for GDERKNQSTAVLIFYWHMCP>
#	G	D	E	R	K	N	Q	S	T	A	V	L	I	F	Y	W	H	M	C	P
0	0.01121	0.13475	0.44974	0.01663	0.11219	0.01322	0.13677	0.01574	0.01083	0.01541	0.00895	0.01102	0.00682	0.00474	0.00515	0.00155	0.03172	0.00406	0.00225	0.00723
1	0.00811	0.00600	0.00733	0.00678	0.00830	0.00573	0.00521	0.07835	0.01462	0.02007	0.56995	0.03799	0.15858	0.01050	0.00593	0.00163	0.00280	0.04175	0.00535	0.00503
2	0.01333	0.54539	0.17001	0.01155	0.06852	0.01751	0.01110	0.08394	0.01166	0.01480	0.00805	0.00926	0.00677	0.00459	0.00382	0.00125	0.00585	0.00319	0.00244	0.00697
3	0.01652	0.26848	0.01867	0.01328	0.08486	0.45424	0.00997	0.03767	0.01294	0.01311	0.00782	0.00923	0.00670	0.00497	0.00445	0.00128	0.02372	0.00326	0.00252	0.00631
4	0.00705	0.00516	0.00661	0.00625	0.00749	0.00473	0.00469	0.00934	0.01406	0.01968	0.72144	0.03876	0.11472	0.01056	0.00597	0.00160	0.00240	0.00928	0.00549	0.00473
5	0.00722	0.00542	0.00813	0.00813	0.00903	0.00632	0.00632	0.00903	0.00813	0.01174	0.01354	0.01987	0.01264	0.03792	0.80225	0.00813	0.01354	0.00542	0.00271	0.00451
6	0.01197	0.45873	0.37953	0.01129	0.01706	0.01622	0.01325	0.01554	0.01046	0.01379	0.00797	0.00929	0.00645	0.00455	0.00396	0.00132	0.00636	0.00318	0.00215	0.00694
7	0.00844	0.01390	0.32909	0.00980	0.01358	0.00785	0.01053	0.01255	0.04418	0.01753	0.32721	0.09656	0.07117	0.00857	0.00550	0.00165	0.00459	0.00735	0.00402	0.00592
8	0.00712	0.00517	0.00670	0.00632	0.00753	0.00475	0.00474	0.00947	0.01422	0.02006	0.76329	0.03814	0.07264	0.01042	0.00596	0.00159	0.00239	0.00920	0.00554	0.00475
9	0.01339	0.79367	0.05699	0.00888	0.01333	0.01968	0.00905	0.01518	0.01029	0.01206	0.00711	0.00821	0.00649	0.00435	0.00331	0.00110	0.00549	0.00274	0.00216	0.00653
10	0.01014	0.02616	0.79609	0.01441	0.02189	0.01174	0.01868	0.01601	0.01068	0.01601	0.00907	0.01068	0.00641	0.00480	0.00480	0.00160	0.00747	0.00374	0.00214	0.00747
11	0.01091	0.01122	0.08659	0.54780	0.16346	0.01143	0.01434	0.03937	0.01102	0.04234	0.00958	0.01315	0.00720	0.00501	0.00503	0.00164	0.00655	0.00445	0.00252	0.00641
12	0.01014	0.02616	0.79609	0.01441	0.02189	0.01174	0.01868	0.01601	0.01068	0.01601	0.00907	0.01068	0.00641	0.00480	0.00480	0.00160	0.00747	0.00374	0.00214	0.00747
13	0.00722	0.00542	0.00813	0.00813	0.00903	0.00632	0.00632	0.00903	0.00813	0.01174	0.01354	0.01987	0.01264	0.03792	0.80225	0.00813	0.01354	0.00542	0.00271	0.00451
14	0.02187	0.00982	0.01229	0.00950	0.01338	0.02651	0.00782	0.13481	0.03266	0.64766	0.01854	0.01632	0.01187	0.00622	0.00507	0.00156	0.00459	0.00498	0.00598	0.00853
15	0.01261	0.01278	0.04473	0.03004	0.74602	0.03297	0.01547	0.01566	0.01156	0.01639	0.00945	0.01237	0.00792	0.00453	0.00499	0.00150	0.00614	0.00445	0.00249	0.00794
16	0.00863	0.00785	0.01208	0.34638	0.15468	0.00851	0.01023	0.01103	0.01073	0.01376	0.02373	0.11334	0.24228	0.00846	0.00548	0.00170	0.00495	0.00743	0.00329	0.00546
17	0.01567	0.00706	0.00945	0.00778	0.01048	0.00622	0.00621	0.01778	0.01432	0.44581	0.34426	0.02678	0.04978	0.00817	0.00548	0.00158	0.00345	0.00696	0.00592	0.00687
18	0.01549	0.01697	0.01941	0.06007	0.18094	0.30240	0.18932	0.12251	0.01427	0.01687	0.00940	0.01153	0.00740	0.00495	0.00508	0.00149	0.00771	0.00440	0.00289	0.00690
19	0.01177	0.09884	0.57372	0.01393	0.02051	0.01310	0.06277	0.11601	0.01245	0.01773	0.00936	0.01081	0.00678	0.00489	0.00476	0.00155	0.00709	0.00388	0.00255	0.00749
20	0.01008	0.00933	0.01557	0.37742	0.31462	0.01029	0.01298	0.01288	0.01056	0.01427	0.01246	0.15295	0.01185	0.00672	0.00528	0.00168	0.00580	0.00621	0.00277	0.00626
21	0.01056	0.00616	0.00886	0.00860	0.01017	0.00642	0.00700	0.01253	0.01028	0.16985	0.01813	0.02859	0.01671	0.02560	0.44404	0.00536	0.00947	0.19240	0.00391	0.00537
22	0.55391	0.01006	0.01052	0.06399	0.01285	0.01214	0.02715	0.01457	0.00885	0.05160	0.00770	0.00973	0.00617	0.00570	0.00642	0.00172	0.18484	0.00342	0.00298	0.00566

[dist]
# distance from previous block
# <min> <max>
6	9

[block]
# block no. 4 follows, 49 sequences, length 16
# corresponding to MSA columns:
# 120-135
name=unknown_E
#
# <colnr> <probs for GDERKNQSTAVLIFYWHMCP>
#	G	D	E	R	K	N	Q	S	T	A	V	L	I	F	Y	W	H	M	C	P
0	0.01361	0.73769	0.02472	0.00860	0.01274	0.01895	0.00843	0.05571	0.01102	0.01334	0.00781	0.00890	0.00695	0.00450	0.00336	0.00111	0.00525	0.00291	0.04788	0.00651
1	0.78417	0.08109	0.00910	0.00682	0.01006	0.01210	0.00575	0.01489	0.00875	0.02174	0.00704	0.00821	0.00556	0.00466	0.00314	0.00152	0.00404	0.00274	0.00304	0.00556
2	0.08427	0.00924	0.04563	0.00884	0.01100	0.00961	0.00698	0.01814	0.38823	0.01739	0.01835	0.11965	0.01652	0.12737	0.09368	0.00288	0.00518	0.00665	0.00421	0.00619
3	0.78387	0.01121	0.07639	0.00733	0.01084	0.01138	0.00663	0.01496	0.00879	0.02210	0.00722	0.00843	0.00556	0.00470	0.00328	0.00157	0.00422	0.00283	0.00304	0.00565
4	0.00722	0.00542	0.00813	0.00813	0.00903	0.00632	0.00632	0.00903	0.00813	0.01174	0.01354	0.01987	0.01264	0.03792	0.80225	0.00813	0.01354	0.00542	0.00271	0.00451
5	0.01338	0.00670	0.00885	0.00752	0.00983	0.00607	0.00592	0.01600	0.04014	0.32145	0.46344	0.02914	0.03294	0.00863	0.00559	0.00158	0.00319	0.00745	0.00582	0.00637
6	0.01014	0.02616	0.79609	0.01441	0.02189	0.01174	0.01868	0.01601	0.01068	0.01601	0.00907	0.01068	0.00641	0.00480	0.00480	0.00160	0.00747	0.00374	0.00214	0.00747
7	0.01553	0.52485	0.02193	0.01029	0.01397	0.31327	0.00907	0.01704	0.01180	0.01208	0.00732	0.00849	0.00650	0.00466	0.00374	0.00116	0.00680	0.00291	0.00233	0.00625
8	0.72297	0.00932	0.00776	0.00709	0.00975	0.01088	0.00573	0.01393	0.00866	0.02109	0.00908	0.08862	0.00831	0.00605	0.00426	0.00165	0.05228	0.00399	0.00323	0.00534
9	0.00955	0.00899	0.01517	0.81013	0.03483	0.01123	0.01404	0.01292	0.01011	0.01292	0.00899	0.01348	0.00674	0.00506	0.00506	0.00169	0.00674	0.00449	0.00225	0.00562
10	0.01180	0.41863	0.41814	0.01158	0.01751	0.01580	0.01376	0.01559	0.01048	0.01399	0.00807	0.00942	0.00645	0.00457	0.00404	0.00135	0.00646	0.00323	0.00215	0.00699
11	0.00678	0.00502	0.00549	0.00545	0.00626	0.00463	0.00356	0.00755	0.00978	0.01248	0.11305	0.03985	0.33080	0.41008	0.01568	0.00326	0.00369	0.00888	0.00399	0.00373
12	0.00735	0.00490	0.00552	0.00552	0.00552	0.00490	0.00306	0.00735	0.00735	0.00980	0.01593	0.03309	0.01838	0.82229	0.02574	0.00490	0.00490	0.00735	0.00306	0.00306
13	0.01186	0.43286	0.40444	0.01148	0.01735	0.01595	0.01358	0.01557	0.01047	0.01392	0.00803	0.00937	0.00645	0.00456	0.00401	0.00134	0.00642	0.00321	0.00215	0.00697
14	0.01232	0.54099	0.30031	0.01070	0.01615	0.01707	0.01222	0.01545	0.01042	0.01336	0.00776	0.00902	0.00646	0.00450	0.00380	0.00127	0.00614	0.00307	0.00215	0.00684
15	0.01199	0.32505	0.47105	0.01200	0.01813	0.01464	0.01440	0.01609	0.01070	0.05061	0.00881	0.01002	0.00672	0.00469	0.00423	0.00140	0.00655	0.00341	0.00234	0.00716

[dist]
# distance from previous block
# <min> <max>
0	1

[block]
# block no. 5 follows, 49 sequences, length 8
# corresponding to MSA columns:
# 137-144
name=unknown_F
#
# <colnr> <probs for GDERKNQSTAVLIFYWHMCP>
#	G	D	E	R	K	N	Q	S	T	A	V	L	I	F	Y	W	H	M	C	P
0	0.05786	0.12550	0.50068	0.01287	0.01887	0.10419	0.01492	0.07965	0.01203	0.01676	0.00882	0.01016	0.00656	0.00489	0.00451	0.00149	0.00705	0.00356	0.00249	0.00715
1	0.00781	0.12434	0.00996	0.00773	0.00890	0.00755	0.00599	0.00921	0.00889	0.01203	0.01720	0.26871	0.01854	0.06585	0.39786	0.00504	0.00861	0.00792	0.00327	0.00460
2	0.08653	0.15630	0.12361	0.01070	0.01499	0.01445	0.01001	0.38041	0.01681	0.07054	0.01096	0.01169	0.00816	0.00746	0.05390	0.00187	0.00608	0.00405	0.00392	0.00756
3	0.07300	0.28423	0.21860	0.00985	0.01493	0.01330	0.01033	0.06082	0.01114	0.01622	0.00841	0.00969	0.00680	0.00442	0.00389	0.00118	0.00538	0.00317	0.00263	0.24199
4	0.11903	0.18174	0.14368	0.03210	0.01497	0.05603	0.06016	0.07844	0.03099	0.06080	0.04204	0.11461	0.01220	0.00664	0.00493	0.00155	0.02501	0.00531	0.00334	0.00643
5	0.10090	0.04968	0.35236	0.01190	0.01733	0.01122	0.05948	0.04165	0.08523	0.12251	0.01151	0.01219	0.00826	0.00507	0.00461	0.00150	0.00590	0.00405	0.00329	0.09136
6	0.08225	0.03367	0.20281	0.01136	0.01587	0.02731	0.06544	0.14961	0.09746	0.13578	0.06122	0.01517	0.02762	0.00587	0.00488	0.00154	0.00547	0.00478	0.00401	0.04789
7	0.15972	0.06965	0.13784	0.03226	0.06121	0.01121	0.00981	0.13174	0.01326	0.21899	0.01185	0.01214	0.00837	0.00519	0.00443	0.00144	0.00511	0.00395	0.00392	0.09791

[dist]
# distance from previous block
# <min> <max>
1	10

[block]
# block no. 6 follows, 49 sequences, length 13
# corresponding to MSA columns:
# 155-167
name=unknown_G
#
# <colnr> <probs for GDERKNQSTAVLIFYWHMCP>
#	G	D	E	R	K	N	Q	S	T	A	V	L	I	F	Y	W	H	M	C	P
0	0.14088	0.11191	0.03602	0.02045	0.41817	0.08072	0.01182	0.03112	0.01149	0.01692	0.04621	0.03342	0.00984	0.00519	0.00455	0.00146	0.00566	0.00437	0.00281	0.00700
1	0.04466	0.03438	0.01608	0.10351	0.29143	0.06060	0.05263	0.08893	0.01326	0.06624	0.14549	0.01678	0.01485	0.00586	0.00507	0.00152	0.00550	0.00520	0.00352	0.02450
2	0.08514	0.04226	0.05542	0.01831	0.33618	0.02801	0.01122	0.06589	0.04475	0.15297	0.04255	0.03325	0.01090	0.00551	0.00480	0.00149	0.00522	0.00473	0.00365	0.04774
3	0.12637	0.01123	0.01526	0.08696	0.24432	0.03025	0.04748	0.11110	0.03723	0.12148	0.01112	0.01253	0.00835	0.00499	0.00466	0.00146	0.00537	0.00424	0.00353	0.11208
4	0.16128	0.01579	0.01500	0.01702	0.23775	0.30021	0.01079	0.01694	0.01160	0.04101	0.00840	0.01048	0.00698	0.00547	0.00616	0.00154	0.12064	0.00375	0.00273	0.00646
5	0.33245	0.01209	0.01371	0.01083	0.01454	0.04550	0.11471	0.22937	0.06001	0.10418	0.01109	0.01168	0.00803	0.00533	0.00445	0.00157	0.00528	0.00414	0.00401	0.00703
6	0.04123	0.01409	0.01768	0.10177	0.46881	0.17764	0.01334	0.01671	0.05101	0.01562	0.00951	0.01204	0.00783	0.00494	0.00516	0.00151	0.02701	0.00424	0.00265	0.00718
7	0.01252	0.01201	0.02053	0.03104	0.79074	0.01201	0.01552	0.01552	0.01151	0.01652	0.00951	0.01252	0.00801	0.00451	0.00501	0.00150	0.00601	0.00451	0.00250	0.00801
8	0.00955	0.00899	0.01517	0.81013	0.03483	0.01123	0.01404	0.01292	0.01011	0.01292	0.00899	0.01348	0.00674	0.00506	0.00506	0.00169	0.00674	0.00449	0.00225	0.00562
9	0.13016	0.00828	0.00939	0.00748	0.01077	0.00743	0.00594	0.04327	0.03277	0.09892	0.19757	0.03726	0.01826	0.00618	0.00448	0.00124	0.00356	0.00506	0.00415	0.36784
10	0.01059	0.00954	0.01517	0.72432	0.03277	0.01171	0.01357	0.09470	0.01158	0.01496	0.00933	0.01334	0.00694	0.00516	0.00506	0.00167	0.00661	0.00450	0.00255	0.00594
11	0.01177	0.35047	0.39897	0.01385	0.10088	0.01514	0.01425	0.01561	0.01060	0.01439	0.00829	0.00983	0.00661	0.00458	0.00419	0.00138	0.00647	0.00340	0.00219	0.00713
12	0.09220	0.15148	0.11817	0.01021	0.01398	0.07407	0.00934	0.20174	0.07360	0.07433	0.03555	0.09900	0.01211	0.00666	0.00469	0.00152	0.00533	0.00518	0.00388	0.00695

[dist]
# distance from previous block
# <min> <max>
0	7

[block]
# block no. 7 follows, 49 sequences, length 16
# corresponding to MSA columns:
# 175-190
name=unknown_H
#
# <colnr> <probs for GDERKNQSTAVLIFYWHMCP>
#	G	D	E	R	K	N	Q	S	T	A	V	L	I	F	Y	W	H	M	C	P
0	0.10651	0.18124	0.27141	0.01110	0.01594	0.02868	0.01162	0.16618	0.06354	0.03695	0.03916	0.01185	0.00904	0.00540	0.00464	0.00149	0.02088	0.00395	0.00326	0.00717
1	0.21411	0.01366	0.14107	0.02101	0.42341	0.01185	0.01307	0.01628	0.06765	0.01826	0.00967	0.01166	0.00770	0.00477	0.00454	0.00155	0.00559	0.00405	0.00279	0.00732
2	0.06499	0.00921	0.01079	0.06376	0.01359	0.00774	0.00670	0.03413	0.02842	0.03373	0.00945	0.01093	0.00763	0.00409	0.00389	0.00093	0.00403	0.00323	0.00313	0.67963
3	0.01292	0.00646	0.00853	0.00727	0.00952	0.00574	0.00571	0.01508	0.01420	0.31105	0.45210	0.03073	0.08171	0.00896	0.00563	0.00159	0.00312	0.00771	0.00577	0.00618
4	0.01318	0.01110	0.01603	0.02091	0.42116	0.01159	0.01177	0.02011	0.28943	0.08263	0.01568	0.01633	0.03563	0.00576	0.00509	0.00159	0.00503	0.00518	0.00384	0.00794
5	0.69166	0.01047	0.00941	0.00925	0.07526	0.01190	0.00678	0.10196	0.01059	0.02323	0.00783	0.00902	0.00604	0.00484	0.00351	0.00155	0.00428	0.00309	0.00330	0.00604
6	0.01148	0.01096	0.01866	0.30250	0.52736	0.01174	0.01500	0.01461	0.01103	0.01527	0.00933	0.01285	0.00757	0.00470	0.00502	0.00157	0.00626	0.00450	0.00241	0.00718
7	0.16842	0.01147	0.01504	0.01843	0.34818	0.06105	0.01079	0.04478	0.01245	0.24331	0.01208	0.01287	0.00878	0.00515	0.00466	0.00152	0.00532	0.00428	0.00380	0.00761
8	0.01922	0.01416	0.01518	0.01163	0.01568	0.01568	0.00961	0.77388	0.02378	0.03187	0.01214	0.01214	0.00860	0.00607	0.00506	0.00152	0.00556	0.00455	0.00506	0.00860
9	0.00612	0.00481	0.00553	0.00602	0.00709	0.00423	0.00426	0.00728	0.01088	0.01368	0.07969	0.38042	0.42412	0.01399	0.00618	0.00185	0.00271	0.01219	0.00474	0.00423
10	0.01141	0.01088	0.01852	0.32207	0.50837	0.01172	0.01497	0.01455	0.01099	0.01518	0.00932	0.01288	0.00754	0.00471	0.00502	0.00157	0.00628	0.00450	0.00241	0.00712
11	0.01845	0.02147	0.01495	0.01418	0.07560	0.60708	0.01019	0.14808	0.01572	0.01601	0.00868	0.00990	0.00698	0.00530	0.00468	0.00135	0.00827	0.00357	0.00301	0.00649
12	0.00663	0.00480	0.00639	0.00700	0.00749	0.00485	0.00484	0.00765	0.00899	0.01214	0.02329	0.43603	0.06487	0.14831	0.22787	0.00415	0.00614	0.01062	0.00389	0.00406
13	0.00735	0.00490	0.00552	0.00552	0.00552	0.00490	0.00306	0.00735	0.00735	0.00980	0.01593	0.03309	0.01838	0.82229	0.02574	0.00490	0.00490	0.00735	0.00306	0.00306
14	0.01939	0.01716	0.01460	0.01190	0.01543	0.28897	0.00949	0.44911	0.01971	0.08834	0.01128	0.01151	0.00820	0.00579	0.00489	0.00145	0.00670	0.00415	0.00430	0.00765
15	0.01488	0.01709	0.01505	0.23380	0.11852	0.40522	0.01149	0.01828	0.09056	0.01394	0.00965	0.01173	0.00767	0.00525	0.00481	0.00147	0.00755	0.00400	0.00275	0.00628

[dist]
# distance from previous block
# <min> <max>
5	9

[block]
# block no. 8 follows, 49 sequences, length 22
# corresponding to MSA columns:
# 200-221
name=unknown_I
#
# <colnr> <probs for GDERKNQSTAVLIFYWHMCP>
#	G	D	E	R	K	N	Q	S	T	A	V	L	I	F	Y	W	H	M	C	P
0	0.01618	0.01256	0.01172	0.01009	0.01301	0.18060	0.00789	0.06809	0.26807	0.21719	0.12312	0.01854	0.01681	0.00678	0.00511	0.00156	0.00505	0.00543	0.00493	0.00729
1	0.01652	0.01314	0.01614	0.01675	0.22655	0.01427	0.01101	0.46905	0.12004	0.02628	0.01253	0.01313	0.00934	0.00575	0.00506	0.00154	0.00548	0.00469	0.00437	0.00836
2	0.00665	0.00499	0.00617	0.00622	0.00733	0.00450	0.00453	0.00844	0.01261	0.01706	0.44302	0.21555	0.22006	0.01216	0.00608	0.00172	0.00255	0.01068	0.00516	0.00450
3	0.08401	0.05832	0.19715	0.02000	0.36654	0.01150	0.01359	0.01720	0.01155	0.15671	0.01095	0.01234	0.00816	0.00490	0.00472	0.00152	0.00583	0.00419	0.00313	0.00770
4	0.01310	0.72608	0.12207	0.00937	0.01408	0.01898	0.00990	0.01525	0.01032	0.01241	0.00728	0.00843	0.00648	0.00439	0.00344	0.00115	0.00566	0.00283	0.00216	0.00661
5	0.01352	0.82533	0.02650	0.00865	0.01298	0.02001	0.00865	0.01514	0.01027	0.01190	0.00703	0.00811	0.00649	0.00433	0.00324	0.00108	0.00541	0.00270	0.00216	0.00649
6	0.01502	0.60400	0.02322	0.00974	0.01371	0.16997	0.00895	0.07907	0.01217	0.01365	0.00761	0.00864	0.00667	0.00464	0.00365	0.00116	0.00613	0.00296	0.00249	0.00654
7	0.01000	0.00590	0.00680	0.00622	0.00833	0.00503	0.00478	0.01145	0.01220	0.19912	0.06811	0.09323	0.52704	0.01137	0.00580	0.00169	0.00299	0.00954	0.00510	0.00530
8	0.00616	0.00440	0.00587	0.00704	0.00733	0.00411	0.00469	0.00704	0.00968	0.01291	0.02787	0.81899	0.03344	0.01584	0.00645	0.00205	0.00293	0.01438	0.00469	0.00411
9	0.02159	0.00979	0.01270	0.01084	0.06615	0.03338	0.00824	0.08605	0.01504	0.65351	0.01821	0.01622	0.01170	0.00609	0.00506	0.00155	0.00467	0.00494	0.00579	0.00848
10	0.01360	0.70450	0.08952	0.00943	0.01390	0.07253	0.00956	0.01556	0.01058	0.01227	0.00725	0.00839	0.00648	0.00443	0.00346	0.00114	0.00583	0.00283	0.00219	0.00653
11	0.00598	0.00512	0.00512	0.00512	0.00683	0.00427	0.00384	0.00726	0.01153	0.01366	0.05123	0.04866	0.78869	0.01281	0.00598	0.00171	0.00256	0.01067	0.00470	0.00427
12	0.00616	0.00440	0.00587	0.00704	0.00733	0.00411	0.00469	0.00704	0.00968	0.01291	0.02787	0.81899	0.03344	0.01584	0.00645	0.00205	0.00293	0.01438	0.00469	0.00411
13	0.81677	0.00956	0.00740	0.00664	0.00967	0.01103	0.00544	0.01461	0.00888	0.02257	0.04489	0.00965	0.00752	0.00497	0.00327	0.00157	0.00384	0.00305	0.00325	0.00544
14	0.01029	0.06085	0.76268	0.01416	0.02150	0.01210	0.01825	0.01598	0.01066	0.01584	0.00899	0.01056	0.00641	0.00478	0.00474	0.00158	0.00738	0.00369	0.00214	0.00743
15	0.00622	0.00496	0.00561	0.00607	0.00730	0.00435	0.00447	0.00747	0.01097	0.01356	0.04195	0.28617	0.49127	0.01384	0.00621	0.00187	0.00286	0.07592	0.00469	0.00425
16	0.01329	0.08154	0.04486	0.02250	0.39884	0.10888	0.09844	0.04238	0.01174	0.01558	0.00890	0.01161	0.00746	0.00515	0.00635	0.00156	0.10687	0.00434	0.00254	0.00719
17	0.10846	0.20644	0.18020	0.01153	0.01618	0.04913	0.05811	0.22313	0.06662	0.02032	0.01000	0.01087	0.00762	0.00515	0.00441	0.00145	0.00597	0.00386	0.00330	0.00725
18	0.01353	0.12839	0.34802	0.01562	0.13974	0.10094	0.01427	0.14918	0.01346	0.01792	0.00927	0.01071	0.00707	0.00496	0.00465	0.00147	0.00681	0.00381	0.00276	0.00745
19	0.06987	0.01202	0.03179	0.01235	0.13292	0.09521	0.00857	0.06730	0.06013	0.04606	0.01015	0.01138	0.00806	0.00455	0.00424	0.00114	0.00494	0.00361	0.00326	0.41245
20	0.25184	0.02925	0.03230	0.01434	0.20075	0.10650	0.00941	0.06350	0.02740	0.13456	0.01074	0.01217	0.00824	0.02668	0.00507	0.00158	0.01774	0.00396	0.01933	0.02464
21	0.14168	0.15542	0.14245	0.01002	0.01392	0.13530	0.00941	0.08230	0.05005	0.08243	0.08743	0.01420	0.02919	0.00580	0.00443	0.00144	0.00556	0.00429	0.00351	0.02117

[dist]
# distance from previous block
# <min> <max>
4	24

[block]
# block no. 9 follows, 49 sequences, length 7
# corresponding to MSA columns:
# 246-252
name=unknown_J
#
# <colnr> <probs for GDERKNQSTAVLIFYWHMCP>
#	G	D	E	R	K	N	Q	S	T	A	V	L	I	F	Y	W	H	M	C	P
0	0.01037	0.01295	0.21969	0.00973	0.01336	0.00920	0.00965	0.14391	0.01396	0.01955	0.24613	0.02387	0.11992	0.00783	0.00590	0.00156	0.04863	0.00636	0.00406	0.07333
1	0.00864	0.00701	0.00722	0.00654	0.00872	0.00671	0.00507	0.14128	0.05648	0.01723	0.04274	0.04067	0.61042	0.01131	0.00577	0.00168	0.00316	0.00934	0.00478	0.00523
2	0.01690	0.00898	0.01294	0.29740	0.02082	0.00934	0.00987	0.02066	0.09355	0.43183	0.01607	0.01604	0.01075	0.00589	0.00508	0.00162	0.00515	0.00494	0.00470	0.00747
3	0.00991	0.00833	0.00984	0.00729	0.01122	0.00640	0.00578	0.01218	0.01115	0.01714	0.14408	0.01522	0.01446	0.00489	0.00413	0.00089	0.00351	0.00406	0.00344	0.70608
4	0.01434	0.00802	0.01193	0.01387	0.20336	0.00747	0.00864	0.01625	0.01213	0.32097	0.02016	0.26156	0.01869	0.00917	0.00559	0.00174	0.00433	0.05017	0.00477	0.00687
5	0.01118	0.01086	0.01891	0.16997	0.35812	0.01114	0.14097	0.01426	0.01131	0.01591	0.07757	0.01488	0.01109	0.00523	0.00572	0.00156	0.04420	0.00504	0.00276	0.06934
6	0.00719	0.00563	0.00697	0.03487	0.00935	0.00527	0.00581	0.00922	0.03248	0.01468	0.08789	0.20656	0.29067	0.01274	0.00619	0.00190	0.00343	0.21208	0.00460	0.04248

[dist]
# distance from previous block
# <min> <max>
1	10

[block]
# block no. 10 follows, 49 sequences, length 8
# corresponding to MSA columns:
# 263-270
name=unknown_K
#
# <colnr> <probs for GDERKNQSTAVLIFYWHMCP>
#	G	D	E	R	K	N	Q	S	T	A	V	L	I	F	Y	W	H	M	C	P
0	0.01159	0.01120	0.01702	0.28408	0.34428	0.03947	0.01354	0.01561	0.09030	0.01517	0.01009	0.01321	0.00815	0.00545	0.00635	0.00166	0.09873	0.00457	0.00266	0.00686
1	0.01179	0.01104	0.01761	0.07953	0.54057	0.01062	0.01300	0.01463	0.01116	0.01626	0.00934	0.01207	0.00779	0.00435	0.00469	0.00132	0.00549	0.00412	0.00261	0.22201
2	0.01402	0.01176	0.01773	0.07329	0.21413	0.01225	0.14412	0.20862	0.10302	0.06317	0.02891	0.01582	0.03166	0.03146	0.00591	0.00170	0.00586	0.00529	0.00379	0.00749
3	0.01357	0.20520	0.29983	0.01165	0.01695	0.07831	0.03372	0.09470	0.01252	0.07221	0.00962	0.01064	0.00727	0.00482	0.00437	0.00134	0.00628	0.00361	0.00289	0.11047
4	0.11095	0.07771	0.09190	0.00884	0.01190	0.06527	0.00776	0.01610	0.01199	0.25299	0.09820	0.19093	0.01842	0.00821	0.00503	0.00162	0.00452	0.00680	0.00446	0.00637
5	0.01417	0.09647	0.06927	0.01144	0.09305	0.01051	0.00882	0.01992	0.23276	0.22656	0.03723	0.04170	0.10218	0.00704	0.00504	0.00158	0.00446	0.00584	0.00459	0.00736
6	0.01803	0.09403	0.01422	0.01157	0.09494	0.01054	0.00854	0.16056	0.03344	0.38625	0.04912	0.06888	0.01364	0.00666	0.00501	0.00154	0.00465	0.00548	0.00506	0.00785
7	0.01692	0.10027	0.24128	0.01306	0.10474	0.01053	0.01174	0.02010	0.01259	0.39725	0.01424	0.01382	0.00960	0.00543	0.00480	0.00152	0.00553	0.00438	0.00420	0.00799

[dist]
# distance from previous block
# <min> <max>
0	3

[block]
# block no. 11 follows, 49 sequences, length 8
# corresponding to MSA columns:
# 274-281
name=unknown_L
#
# <colnr> <probs for GDERKNQSTAVLIFYWHMCP>
#	G	D	E	R	K	N	Q	S	T	A	V	L	I	F	Y	W	H	M	C	P
0	0.01285	0.01288	0.01948	0.09772	0.65221	0.08554	0.01485	0.01573	0.01165	0.01582	0.00931	0.01228	0.00776	0.00462	0.00497	0.00150	0.00636	0.00439	0.00249	0.00760
1	0.01109	0.18429	0.31803	0.20922	0.15193	0.01337	0.01496	0.01500	0.01060	0.01450	0.00871	0.01114	0.00677	0.00472	0.00458	0.00150	0.00662	0.00384	0.00223	0.00691
2	0.00722	0.00542	0.00813	0.00813	0.00903	0.00632	0.00632	0.00903	0.00813	0.01174	0.01354	0.01987	0.01264	0.03792	0.80225	0.00813	0.01354	0.00542	0.00271	0.00451
3	0.00785	0.00571	0.00773	0.00868	0.00991	0.00559	0.00748	0.01006	0.01177	0.01524	0.06948	0.05508	0.11619	0.01365	0.00682	0.00222	0.00430	0.63292	0.00471	0.00462
4	0.01600	0.01931	0.18350	0.05198	0.10504	0.35012	0.01200	0.01867	0.01288	0.13818	0.01096	0.03942	0.00856	0.00557	0.00484	0.00148	0.00732	0.00424	0.00313	0.00682
5	0.01857	0.01752	0.01530	0.01368	0.07744	0.29454	0.01014	0.44586	0.01944	0.02373	0.01040	0.01110	0.00781	0.00564	0.00488	0.00144	0.00686	0.00409	0.00398	0.00758
6	0.00748	0.00548	0.00673	0.00677	0.00684	0.00591	0.00437	0.00782	0.00796	0.01083	0.01778	0.22142	0.02071	0.53425	0.02002	0.00391	0.09604	0.00873	0.00336	0.00360
7	0.07897	0.00922	0.01003	0.00991	0.04907	0.04615	0.00741	0.22531	0.01446	0.01967	0.02276	0.21629	0.11825	0.01043	0.00567	0.00181	0.00445	0.13983	0.00446	0.00587

[dist]
# distance from previous block
# <min> <max>
0	1

[block]
# block no. 12 follows, 49 sequences, length 7
# corresponding to MSA columns:
# 283-289
name=unknown_M
#
# <colnr> <probs for GDERKNQSTAVLIFYWHMCP>
#	G	D	E	R	K	N	Q	S	T	A	V	L	I	F	Y	W	H	M	C	P
0	0.01641	0.01918	0.01689	0.01653	0.13960	0.47863	0.09600	0.06986	0.01381	0.01476	0.00885	0.01087	0.00728	0.00649	0.03756	0.00170	0.03244	0.00397	0.00274	0.00643
1	0.00907	0.09728	0.00858	0.00651	0.00845	0.00641	0.00507	0.01037	0.01131	0.11601	0.03625	0.23490	0.40781	0.01176	0.00567	0.00171	0.00320	0.00998	0.00462	0.00505
2	0.01221	0.01217	0.01985	0.02594	0.55704	0.05755	0.11359	0.01521	0.01205	0.01666	0.09672	0.01529	0.01233	0.00517	0.00521	0.00153	0.00612	0.00514	0.00286	0.00736
3	0.00991	0.01061	0.11564	0.11812	0.21047	0.00896	0.01121	0.04409	0.01226	0.01708	0.16595	0.02680	0.05168	0.00786	0.00551	0.00170	0.00506	0.13696	0.03396	0.00617
4	0.01431	0.01224	0.01889	0.01962	0.28326	0.01254	0.16008	0.23339	0.06403	0.05044	0.06935	0.01508	0.01170	0.00555	0.00529	0.00157	0.00591	0.00525	0.00378	0.00773
5	0.01124	0.08036	0.44684	0.01936	0.24076	0.01253	0.08690	0.01583	0.01100	0.01587	0.00915	0.01128	0.00699	0.00463	0.00485	0.00154	0.00700	0.00409	0.00228	0.00749
6	0.01235	0.11953	0.06654	0.01920	0.29427	0.01274	0.12890	0.06088	0.11283	0.01728	0.02998	0.04627	0.01062	0.00543	0.00496	0.00151	0.00581	0.00506	0.00312	0.04272

[dist]
# distance from previous block
# <min> <max>
44	116

[block]
# block no. 13 follows, 49 sequences, length 8
# corresponding to MSA columns:
# 428-435
name=unknown_N
#
# <colnr> <probs for GDERKNQSTAVLIFYWHMCP>
#	G	D	E	R	K	N	Q	S	T	A	V	L	I	F	Y	W	H	M	C	P
0	0.01415	0.55734	0.12861	0.01019	0.01472	0.10914	0.01022	0.07821	0.01191	0.01415	0.00782	0.00891	0.00665	0.00464	0.00376	0.00121	0.00613	0.00306	0.00245	0.00672
1	0.01362	0.41752	0.15304	0.01368	0.10583	0.14521	0.05693	0.01622	0.01125	0.01346	0.00798	0.00955	0.00673	0.00457	0.00409	0.00129	0.00662	0.00337	0.00229	0.00675
2	0.01341	0.62970	0.15046	0.00995	0.01464	0.08295	0.01037	0.01570	0.01067	0.01260	0.00743	0.00861	0.00648	0.00448	0.00361	0.00118	0.00605	0.00292	0.00219	0.00660
3	0.00813	0.05573	0.09909	0.00782	0.00938	0.00676	0.00672	0.00969	0.00953	0.01265	0.03773	0.06836	0.05895	0.36907	0.01469	0.00325	0.00491	0.20965	0.00354	0.00435
4	0.12931	0.43176	0.06887	0.00936	0.01342	0.10694	0.00880	0.01744	0.03640	0.12224	0.00948	0.01002	0.00748	0.00486	0.00380	0.00129	0.00557	0.00327	0.00301	0.00668
5	0.03024	0.00957	0.14571	0.00890	0.01114	0.00684	0.06508	0.01007	0.00927	0.01311	0.01790	0.20438	0.05399	0.27936	0.05976	0.00314	0.00549	0.00788	0.00329	0.05487
6	0.01431	0.00980	0.01116	0.00936	0.01233	0.01008	0.00762	0.33159	0.04559	0.11256	0.04817	0.07275	0.12370	0.00873	0.00549	0.00166	0.00445	0.10911	0.00497	0.05657
7	0.07389	0.06999	0.00968	0.00722	0.00987	0.02756	0.00585	0.06333	0.07233	0.16700	0.01719	0.01756	0.05679	0.00611	0.00418	0.00134	0.00366	0.00477	0.32532	0.05635

[dist]
# distance from previous block
# <min> <max>
5	51

[block]
# block no. 14 follows, 49 sequences, length 26
# corresponding to MSA columns:
# 490-515
name=unknown_O
#
# <colnr> <probs for GDERKNQSTAVLIFYWHMCP>
#	G	D	E	R	K	N	Q	S	T	A	V	L	I	F	Y	W	H	M	C	P
0	0.01209	0.01057	0.10563	0.01126	0.10614	0.00819	0.00870	0.06439	0.03827	0.14233	0.15655	0.02216	0.11921	0.00700	0.00506	0.00143	0.00428	0.00591	0.00425	0.16658
1	0.01288	0.01319	0.16773	0.01453	0.16264	0.00998	0.04243	0.03087	0.12770	0.13056	0.06451	0.01512	0.01201	0.00543	0.00486	0.00143	0.00517	0.00470	0.00372	0.17053
2	0.01338	0.04345	0.21995	0.03261	0.14228	0.02146	0.07665	0.03590	0.03651	0.17689	0.10192	0.01662	0.02780	0.00586	0.00509	0.00155	0.00569	0.00512	0.00372	0.02758
3	0.01304	0.10820	0.10029	0.01533	0.20352	0.04652	0.03860	0.08772	0.07159	0.06729	0.02475	0.01583	0.07995	0.00573	0.00477	0.00142	0.00541	0.00480	0.00341	0.10184
4	0.01077	0.14939	0.32436	0.01186	0.01717	0.01147	0.09540	0.02799	0.01137	0.01624	0.10094	0.01377	0.01169	0.00513	0.00461	0.00136	0.00588	0.00432	0.00281	0.17345
5	0.01326	0.03356	0.17597	0.01123	0.07614	0.00885	0.00977	0.06258	0.02315	0.20190	0.20835	0.01930	0.01878	0.00648	0.00503	0.00146	0.00466	0.00544	0.00433	0.10977
6	0.01112	0.21625	0.28602	0.01074	0.02629	0.01187	0.01137	0.03249	0.04736	0.05194	0.11443	0.03414	0.04402	0.00692	0.00488	0.00155	0.00541	0.07329	0.00336	0.00656
7	0.01369	0.37078	0.02879	0.00907	0.01275	0.03029	0.00815	0.23646	0.01452	0.01827	0.01710	0.01724	0.15735	0.00656	0.00460	0.00135	0.01929	0.00484	0.00353	0.02537
8	0.01085	0.01080	0.11404	0.00944	0.01285	0.00851	0.00864	0.16047	0.01342	0.01858	0.01909	0.08798	0.08108	0.00859	0.00535	0.00159	0.00466	0.19336	0.00397	0.22673
9	0.01449	0.08823	0.08344	0.01790	0.18484	0.02466	0.19118	0.27367	0.01564	0.02108	0.01129	0.01293	0.02657	0.00520	0.00509	0.00153	0.00647	0.00477	0.00338	0.00763
10	0.01482	0.01633	0.01674	0.05359	0.36187	0.31241	0.01228	0.01869	0.11450	0.01541	0.01031	0.01210	0.00837	0.00511	0.00486	0.00146	0.00696	0.00419	0.00288	0.00709
11	0.00612	0.00456	0.00570	0.00661	0.00722	0.00414	0.00450	0.00709	0.01009	0.01308	0.03309	0.64693	0.20214	0.01516	0.00635	0.00198	0.00285	0.01355	0.00469	0.00414
12	0.00690	0.00505	0.00633	0.00713	0.00762	0.00498	0.00478	0.00889	0.07957	0.01325	0.02563	0.64215	0.02981	0.12182	0.00889	0.00240	0.00329	0.01266	0.00452	0.00432
13	0.01783	0.01874	0.01408	0.01222	0.01512	0.44303	0.00960	0.27501	0.01713	0.01924	0.01098	0.01455	0.00928	0.00639	0.00525	0.00149	0.02751	0.07224	0.00362	0.00667
14	0.26797	0.01908	0.11576	0.04264	0.01540	0.40867	0.00977	0.01788	0.01197	0.03707	0.00813	0.00945	0.00636	0.00502	0.00420	0.00144	0.00712	0.00326	0.00278	0.00602
15	0.00844	0.00439	0.00649	0.00665	0.00669	0.00435	0.00443	0.00665	0.00700	0.00933	0.01131	0.12179	0.01205	0.01734	0.01800	0.74021	0.00420	0.00571	0.00253	0.00245
16	0.04829	0.25111	0.44135	0.01335	0.01943	0.01422	0.11506	0.01574	0.01064	0.01516	0.00856	0.01023	0.00656	0.00459	0.00444	0.00147	0.00687	0.00369	0.00224	0.00702
17	0.12980	0.01561	0.01465	0.01182	0.01540	0.22428	0.06762	0.32680	0.03632	0.09330	0.01108	0.01156	0.00808	0.00556	0.00474	0.00149	0.00637	0.00415	0.00407	0.00730
18	0.00611	0.00513	0.00531	0.00526	0.00691	0.00433	0.00395	0.00751	0.01184	0.01441	0.13429	0.04744	0.70516	0.01253	0.00598	0.00169	0.00254	0.01050	0.00479	0.00433
19	0.00926	0.11354	0.00814	0.00588	0.00714	0.00689	0.00450	0.01085	0.00973	0.01502	0.01602	0.02495	0.01511	0.23864	0.01013	0.00233	0.00369	0.07358	0.42012	0.00447
20	0.01305	0.01233	0.02120	0.01574	0.01958	0.04810	0.42686	0.14581	0.01365	0.04686	0.04558	0.01703	0.01122	0.11331	0.00828	0.00206	0.00702	0.00586	0.01993	0.00652
21	0.16041	0.20463	0.01319	0.00893	0.01153	0.01138	0.00791	0.07477	0.05505	0.01737	0.01702	0.03090	0.01708	0.00898	0.00515	0.00179	0.00474	0.33960	0.00385	0.00575
22	0.01336	0.34683	0.08011	0.00963	0.01312	0.08471	0.00914	0.01552	0.01162	0.11675	0.01525	0.02331	0.03422	0.00741	0.00477	0.00155	0.00549	0.19749	0.00345	0.00626
23	0.01196	0.32793	0.28863	0.01089	0.01555	0.10913	0.01167	0.01501	0.01114	0.01405	0.06449	0.07651	0.01154	0.00595	0.00439	0.00140	0.00616	0.00452	0.00265	0.00644
24	0.01087	0.44818	0.12802	0.00840	0.01200	0.01389	0.00836	0.01274	0.00994	0.01231	0.01486	0.01859	0.11232	0.16108	0.00810	0.00196	0.00523	0.00479	0.00267	0.00568
25	0.11902	0.13838	0.16697	0.01233	0.11599	0.09375	0.00997	0.03105	0.01057	0.05032	0.01051	0.01535	0.00950	0.18587	0.00901	0.00220	0.00593	0.00438	0.00282	0.00607

[dist]
# distance from previous block
# <min> <max>
6	23

[block]
# block no. 15 follows, 49 sequences, length 34
# corresponding to MSA columns:
# 539-572
name=unknown_P
#
# <colnr> <probs for GDERKNQSTAVLIFYWHMCP>
#	G	D	E	R	K	N	Q	S	T	A	V	L	I	F	Y	W	H	M	C	P
0	0.04829	0.06767	0.05250	0.00861	0.01172	0.00907	0.00738	0.05308	0.14777	0.19726	0.02385	0.07439	0.15829	0.00832	0.00518	0.00162	0.00413	0.06239	0.00467	0.05379
1	0.08353	0.21755	0.01537	0.00931	0.01266	0.07797	0.00785	0.24202	0.03381	0.06342	0.04306	0.01259	0.00986	0.00638	0.00537	0.06236	0.00512	0.00402	0.04690	0.04087
2	0.16949	0.12144	0.05736	0.01193	0.07606	0.04506	0.00957	0.36288	0.01666	0.06824	0.01044	0.01102	0.00773	0.00537	0.00443	0.00147	0.00545	0.00391	0.00394	0.00754
3	0.02981	0.15536	0.19662	0.01214	0.05033	0.03321	0.02679	0.15292	0.16387	0.03320	0.05499	0.01378	0.01109	0.00574	0.00497	0.00151	0.02449	0.00447	0.00359	0.02110
4	0.03450	0.14264	0.40699	0.01428	0.07023	0.01360	0.06586	0.10536	0.06794	0.01784	0.01001	0.01131	0.00750	0.00497	0.00467	0.00152	0.00657	0.00399	0.00278	0.00743
5	0.01193	0.01515	0.18479	0.01360	0.01775	0.06464	0.18612	0.04945	0.24926	0.01836	0.08919	0.01763	0.01416	0.00623	0.00554	0.00166	0.01970	0.02408	0.00371	0.00706
6	0.00720	0.00534	0.00734	0.00874	0.04358	0.00512	0.00633	0.00882	0.01092	0.01448	0.08946	0.41269	0.07552	0.01407	0.00650	0.00207	0.00360	0.26905	0.00465	0.00453
7	0.01105	0.01052	0.01788	0.41636	0.41689	0.01163	0.01479	0.01423	0.01082	0.01474	0.00925	0.01299	0.00738	0.00478	0.00503	0.00159	0.00637	0.00450	0.00238	0.00683
8	0.00724	0.00492	0.00548	0.00548	0.00563	0.00485	0.00313	0.00735	0.00771	0.01013	0.01894	0.03442	0.08408	0.75325	0.02405	0.00463	0.00470	0.00764	0.00320	0.00317
9	0.00867	0.00447	0.00670	0.00670	0.00676	0.00453	0.00453	0.00676	0.00670	0.00900	0.00912	0.01569	0.00906	0.01903	0.07583	0.79235	0.00505	0.00447	0.00223	0.00236
10	0.00736	0.00520	0.00703	0.00703	0.00762	0.00574	0.00502	0.00852	0.00794	0.01131	0.01454	0.02468	0.01476	0.32449	0.48582	0.00667	0.00993	0.00610	0.03625	0.00399
11	0.00860	0.00439	0.00654	0.00662	0.00664	0.00437	0.00441	0.00662	0.00681	0.00908	0.01015	0.07295	0.01055	0.01744	0.01881	0.79192	0.00429	0.00511	0.00237	0.00233
12	0.01166	0.38451	0.45100	0.01183	0.01789	0.01545	0.01419	0.01562	0.01050	0.01417	0.00816	0.00953	0.00644	0.00459	0.00410	0.00137	0.00655	0.00327	0.00215	0.00703
13	0.02269	0.00861	0.01174	0.00900	0.01291	0.00743	0.00743	0.02464	0.01447	0.79425	0.01995	0.01721	0.01252	0.00626	0.00509	0.00156	0.00430	0.00509	0.00626	0.00861
14	0.00867	0.00447	0.00670	0.00670	0.00677	0.00454	0.00454	0.00677	0.00670	0.00901	0.00914	0.01571	0.00908	0.01911	0.07903	0.78889	0.00509	0.00447	0.00223	0.00237
15	0.01397	0.02342	0.48052	0.01345	0.01917	0.21059	0.01491	0.07850	0.01292	0.07213	0.00978	0.01087	0.00705	0.00511	0.00478	0.00152	0.00751	0.00378	0.00278	0.00724
16	0.01352	0.82533	0.02650	0.00865	0.01298	0.02001	0.00865	0.01514	0.01027	0.01190	0.00703	0.00811	0.00649	0.00433	0.00324	0.00108	0.00541	0.00270	0.00216	0.00649
17	0.03324	0.00906	0.01091	0.03490	0.01296	0.00734	0.00660	0.03256	0.01148	0.16156	0.01105	0.01182	0.00838	0.00433	0.00405	0.00097	0.00400	0.00346	0.00363	0.62771
18	0.01324	0.01438	0.01207	0.01070	0.01304	0.33807	0.06560	0.05969	0.03295	0.02601	0.11836	0.08067	0.14422	0.00831	0.00538	0.00156	0.00608	0.04023	0.00383	0.00560
19	0.01236	0.01226	0.01898	0.19022	0.57951	0.06846	0.01480	0.01532	0.01143	0.01548	0.00928	0.01247	0.00764	0.00467	0.00498	0.00153	0.00638	0.00441	0.00246	0.00736
20	0.00859	0.00592	0.00817	0.23642	0.01478	0.00649	0.00707	0.01087	0.01029	0.01549	0.01768	0.21705	0.01706	0.00852	0.00487	0.00160	0.00387	0.04534	0.35510	0.00482
