[name]
unknown

[dist]
# distance from previous block
# <min> <max>
0	61

[block]
# block no. 0 follows, 45 sequences, length 111
# corresponding to MSA columns:
# 74-140,142-146,153-191
name=unknown_A
#
# <colnr> <probs for GDERKNQSTAVLIFYWHMCP>
#	G	D	E	R	K	N	Q	S	T	A	V	L	I	F	Y	W	H	M	C	P
0	0.02948	0.02418	0.06243	0.08685	0.19576	0.06434	0.07099	0.04422	0.01235	0.01630	0.02093	0.12387	0.14020	0.02210	0.00633	0.00185	0.01823	0.04963	0.00356	0.00640
1	0.03134	0.02342	0.05162	0.15935	0.01791	0.04086	0.02773	0.03236	0.08179	0.12478	0.01366	0.05668	0.01146	0.05512	0.04550	0.02070	0.11883	0.00547	0.00365	0.07778
2	0.02383	0.01100	0.03220	0.26509	0.11884	0.01171	0.06413	0.05201	0.12871	0.08346	0.03770	0.02873	0.01145	0.00696	0.02457	0.00188	0.03748	0.00536	0.00364	0.05122
3	0.06491	0.03884	0.07359	0.04538	0.13975	0.00880	0.04930	0.01235	0.01050	0.03161	0.03713	0.14444	0.03430	0.21395	0.01099	0.00259	0.00526	0.00725	0.02177	0.04728
4	0.01208	0.04243	0.06902	0.16105	0.12763	0.01149	0.04745	0.14379	0.01277	0.01727	0.01267	0.05730	0.01183	0.17954	0.01108	0.02887	0.03822	0.00590	0.00326	0.00634
5	0.01275	0.09938	0.06859	0.02687	0.05148	0.08936	0.20442	0.06578	0.01300	0.01703	0.06359	0.04751	0.06545	0.00670	0.00639	0.00163	0.07033	0.00584	0.00329	0.08062
6	0.00845	0.00606	0.00791	0.00722	0.00879	0.00556	0.04555	0.01010	0.01165	0.03430	0.17520	0.10197	0.21326	0.11120	0.04145	0.03681	0.00401	0.00876	0.11537	0.04637
7	0.12932	0.01095	0.01504	0.31667	0.22444	0.05646	0.01231	0.02687	0.01146	0.01652	0.01369	0.04657	0.06734	0.00702	0.02234	0.00186	0.00631	0.00536	0.00297	0.00649
8	0.08171	0.05251	0.22893	0.05377	0.10104	0.03811	0.02293	0.10616	0.04240	0.01881	0.01094	0.01288	0.02600	0.00604	0.00671	0.00169	0.11980	0.00439	0.00306	0.06210
9	0.00926	0.00492	0.00746	0.03944	0.00837	0.00508	0.00520	0.00742	0.00724	0.00968	0.00962	0.01651	0.00947	0.01935	0.06466	0.76127	0.00532	0.00473	0.00236	0.00262
10	0.00754	0.00517	0.00585	0.00598	0.00618	0.00505	0.00351	0.00776	0.00847	0.01113	0.02171	0.11645	0.09157	0.65504	0.02325	0.00458	0.00476	0.00890	0.00359	0.00349
11	0.09069	0.00986	0.01255	0.10221	0.11857	0.01060	0.00961	0.16237	0.07031	0.03774	0.08718	0.08003	0.05964	0.00879	0.00573	0.00184	0.00498	0.11610	0.00444	0.00676
12	0.01212	0.08547	0.35986	0.15637	0.17567	0.06402	0.04027	0.01654	0.01167	0.01592	0.00948	0.01202	0.00726	0.00505	0.00508	0.00163	0.00745	0.00422	0.00241	0.00748
13	0.01599	0.01843	0.01965	0.11388	0.04786	0.37010	0.22026	0.05337	0.01410	0.01584	0.00995	0.01244	0.00782	0.00529	0.00531	0.00156	0.00851	0.00462	0.04841	0.00662
14	0.00744	0.00536	0.00688	0.00774	0.00838	0.00521	0.00556	0.00912	0.03776	0.01429	0.05364	0.45357	0.06062	0.13734	0.01001	0.00266	0.00381	0.16136	0.00476	0.00449
15	0.01090	0.01256	0.11298	0.52677	0.14204	0.01224	0.04619	0.01524	0.04044	0.01516	0.01016	0.01402	0.00771	0.00529	0.00537	0.00175	0.00710	0.00479	0.00254	0.00673
16	0.05855	0.07701	0.15825	0.01337	0.01711	0.43210	0.01193	0.07102	0.01398	0.01580	0.00866	0.01027	0.00700	0.00577	0.00588	0.00154	0.07852	0.00369	0.00281	0.00674
17	0.00740	0.00526	0.00700	0.00735	0.00780	0.00553	0.00504	0.00838	0.00881	0.01210	0.01951	0.24625	0.02170	0.29843	0.30886	0.00565	0.00807	0.00912	0.00360	0.00414
18	0.01077	0.00523	0.00541	0.00525	0.00666	0.00516	0.00398	0.01325	0.01148	0.06142	0.01771	0.01992	0.01373	0.00628	0.00384	0.00127	0.00261	0.00502	0.79578	0.00523
19	0.01676	0.11212	0.06181	0.01606	0.03152	0.25065	0.26251	0.07137	0.01432	0.09608	0.01082	0.01243	0.00816	0.00523	0.00530	0.00156	0.00807	0.00470	0.00325	0.00727
20	0.01308	0.01039	0.01075	0.00942	0.01213	0.05251	0.00736	0.12740	0.28812	0.07169	0.17588	0.02780	0.15310	0.00886	0.00574	0.00173	0.00420	0.00734	0.00539	0.00713
21	0.01335	0.01153	0.01214	0.01092	0.01396	0.01335	0.00850	0.02852	0.76817	0.02245	0.02185	0.02003	0.01639	0.00728	0.00546	0.00182	0.00425	0.00607	0.00546	0.00850
22	0.02182	0.01277	0.01471	0.01128	0.01552	0.01328	0.00931	0.47814	0.02145	0.32101	0.01607	0.01495	0.01073	0.00652	0.00538	0.00163	0.00539	0.00505	0.00586	0.00913
23	0.00654	0.00467	0.00623	0.00747	0.00779	0.00436	0.00498	0.00747	0.01028	0.01370	0.02959	0.80785	0.03550	0.01682	0.00685	0.00218	0.00311	0.01526	0.00498	0.00436
24	0.01174	0.01174	0.01644	0.01409	0.01409	0.01644	0.01174	0.01292	0.00822	0.01292	0.00705	0.01174	0.00705	0.00940	0.01762	0.00235	0.80153	0.00470	0.00235	0.00587
25	0.84927	0.01038	0.00789	0.00706	0.01038	0.01204	0.00581	0.01578	0.00914	0.02408	0.00747	0.00872	0.00581	0.00498	0.00332	0.00166	0.00415	0.00291	0.00332	0.00581
26	0.00774	0.00547	0.00722	0.00722	0.00769	0.00595	0.00496	0.00868	0.00821	0.01142	0.01566	0.02821	0.01651	0.43125	0.40332	0.00689	0.00973	0.00679	0.00307	0.00401
27	0.05922	0.01568	0.01368	0.01127	0.01474	0.20058	0.00899	0.41019	0.01974	0.03752	0.01842	0.01833	0.13364	0.00732	0.00530	0.00159	0.00619	0.00548	0.00460	0.00751
28	0.00994	0.00947	0.01675	0.01371	0.01572	0.01070	0.21829	0.01243	0.00967	0.01388	0.01183	0.01725	0.01059	0.02368	0.40614	0.00538	0.18046	0.00569	0.00272	0.00571
29	0.00714	0.00608	0.00623	0.00613	0.00801	0.00550	0.00461	0.01002	0.09454	0.01549	0.06546	0.07199	0.65399	0.01295	0.00626	0.00182	0.00289	0.01085	0.00506	0.00497
30	0.01038	0.00855	0.00950	0.00872	0.01095	0.00921	0.00670	0.01919	0.39667	0.02123	0.31466	0.03118	0.11222	0.00939	0.00589	0.00177	0.00342	0.00804	0.00558	0.00675
31	0.01043	0.01013	0.01638	0.63122	0.04518	0.04152	0.06604	0.01375	0.01103	0.01400	0.01136	0.08416	0.00974	0.00632	0.00554	0.00181	0.00702	0.00576	0.00266	0.00596
32	0.01328	0.14700	0.10943	0.01736	0.15563	0.03841	0.16979	0.07131	0.06794	0.01786	0.01165	0.03562	0.00970	0.00553	0.00515	0.00154	0.00657	0.02068	0.00314	0.09242
33	0.34920	0.40302	0.08847	0.00893	0.01328	0.01658	0.00879	0.01630	0.02630	0.01783	0.00797	0.00914	0.00665	0.00485	0.00359	0.00142	0.00527	0.00305	0.00277	0.00659
34	0.00958	0.00673	0.00844	0.00808	0.00979	0.00692	0.00626	0.06138	0.04925	0.07334	0.02845	0.11402	0.22989	0.02303	0.31108	0.00450	0.00780	0.03164	0.00434	0.00548
35	0.01804	0.01400	0.01505	0.04254	0.01652	0.04916	0.01002	0.45174	0.18320	0.06533	0.01450	0.01453	0.01058	0.00676	0.00623	0.00171	0.06151	0.00506	0.00501	0.00851
36	0.01238	0.00970	0.01462	0.19225	0.16586	0.00973	0.02841	0.01541	0.02496	0.10239	0.03927	0.02164	0.01343	0.00683	0.00581	0.00164	0.03044	0.11455	0.00364	0.18705
37	0.01321	0.01294	0.01205	0.03674	0.04721	0.23413	0.03161	0.05196	0.05627	0.04266	0.04468	0.18031	0.04623	0.06895	0.02712	0.04794	0.02903	0.00736	0.00383	0.00577
38	0.01077	0.02777	0.78354	0.01530	0.02323	0.01247	0.01983	0.01700	0.01133	0.01700	0.00963	0.01133	0.00680	0.00510	0.00510	0.00170	0.00793	0.00397	0.00227	0.00793
39	0.01029	0.00970	0.01638	0.76046	0.07374	0.01197	0.01499	0.01385	0.01081	0.01390	0.00957	0.01426	0.00722	0.00534	0.00536	0.00178	0.00712	0.00477	0.00240	0.00609
40	0.04320	0.00842	0.00988	0.00912	0.01067	0.02126	0.00706	0.11432	0.09103	0.01713	0.02027	0.08918	0.11008	0.03741	0.10877	0.13598	0.08774	0.04917	0.02386	0.00546
41	0.00750	0.00523	0.00614	0.00617	0.00664	0.00503	0.00389	0.00826	0.01005	0.01350	0.18439	0.11487	0.09808	0.48608	0.01882	0.00383	0.00419	0.00929	0.00416	0.00387
42	0.00932	0.00466	0.00699	0.00699	0.00699	0.00466	0.00466	0.00699	0.00699	0.00932	0.00932	0.01632	0.00932	0.01865	0.02098	0.84382	0.00466	0.00466	0.00233	0.00233
43	0.05109	0.00727	0.00813	0.00793	0.00960	0.00733	0.00587	0.14507	0.03890	0.01856	0.05133	0.39040	0.21185	0.01308	0.00622	0.00194	0.00360	0.01133	0.00501	0.00550
44	0.04952	0.00646	0.00720	0.00672	0.00837	0.00626	0.00497	0.05217	0.02434	0.08331	0.14254	0.08238	0.18780	0.14520	0.00918	0.00227	0.00355	0.01971	0.15279	0.00524
45	0.01285	0.00683	0.00864	0.00761	0.00983	0.00620	0.00589	0.04333	0.01448	0.24740	0.29748	0.11678	0.13893	0.01028	0.00595	0.00173	0.00336	0.00884	0.04733	0.00628
46	0.00949	0.00712	0.00854	0.00770	0.00950	0.00711	0.00591	0.09345	0.09042	0.02255	0.57621	0.03582	0.08453	0.01027	0.00614	0.00170	0.00308	0.00891	0.00575	0.00582
47	0.00747	0.00562	0.00634	0.00617	0.00751	0.00513	0.00445	0.02881	0.01268	0.01671	0.26400	0.08091	0.35396	0.13342	0.00942	0.00228	0.00314	0.01008	0.03727	0.00463
48	0.01365	0.00735	0.00912	0.00822	0.01051	0.00688	0.00626	0.04478	0.07708	0.27515	0.06862	0.25134	0.14828	0.03856	0.00678	0.00197	0.00378	0.00955	0.00559	0.00653
49	0.02246	0.01174	0.01407	0.01079	0.01500	0.01176	0.00891	0.35020	0.01972	0.45138	0.01752	0.01589	0.01145	0.00656	0.00539	0.00164	0.00516	0.00515	0.00608	0.00913
50	0.00905	0.00798	0.00788	0.00761	0.00950	0.04591	0.00565	0.01402	0.21531	0.01637	0.05396	0.12207	0.38735	0.06397	0.00746	0.00205	0.00368	0.00969	0.00491	0.00559
51	0.00647	0.00543	0.00563	0.00561	0.00734	0.00458	0.00420	0.00794	0.01249	0.01519	0.12591	0.06699	0.68704	0.01340	0.00635	0.00181	0.00271	0.01125	0.00508	0.00458
52	0.01409	0.01065	0.01153	0.00997	0.01293	0.01175	0.00786	0.16263	0.41354	0.06653	0.09718	0.02232	0.05962	0.00773	0.00545	0.00172	0.00420	0.00637	0.06611	0.00784
53	0.02187	0.01114	0.01342	0.01035	0.01439	0.01106	0.00853	0.30460	0.01888	0.45316	0.01781	0.01632	0.01173	0.00655	0.00529	0.00162	0.00496	0.00516	0.05424	0.00889
54	0.00655	0.00541	0.00574	0.00574	0.00739	0.00460	0.00427	0.00806	0.01259	0.01553	0.16315	0.08742	0.62828	0.01335	0.00637	0.00181	0.00271	0.01128	0.00513	0.00460
55	0.01087	0.00768	0.00910	0.00820	0.01027	0.00779	0.00630	0.06638	0.17705	0.08208	0.41016	0.07475	0.08752	0.01003	0.00603	0.00174	0.00334	0.00867	0.00572	0.00633
56	0.00654	0.00467	0.00623	0.00747	0.00779	0.00436	0.00498	0.00747	0.01028	0.01370	0.02959	0.80785	0.03550	0.01682	0.00685	0.00218	0.00311	0.01526	0.00498	0.00436
57	0.00708	0.00508	0.00671	0.00711	0.00790	0.00472	0.00502	0.00882	0.01277	0.01767	0.40757	0.41855	0.04318	0.01385	0.00659	0.00193	0.00282	0.01244	0.00545	0.00472
58	0.00811	0.00546	0.00715	0.00742	0.00831	0.00523	0.00555	0.02165	0.01145	0.01525	0.19733	0.15306	0.12481	0.05810	0.01103	0.19069	0.00381	0.15683	0.00451	0.00423
59	0.00849	0.00588	0.00682	0.00640	0.00812	0.00525	0.00480	0.01058	0.03125	0.07902	0.30927	0.04299	0.38629	0.06193	0.00756	0.00197	0.00299	0.00992	0.00536	0.00511
60	0.02000	0.01483	0.01588	0.01227	0.01649	0.01646	0.01010	0.71782	0.06805	0.03317	0.01340	0.01330	0.00955	0.00649	0.00538	0.00162	0.00581	0.00490	0.00538	0.00909
61	0.00906	0.00490	0.00731	0.00738	0.00758	0.00503	0.00516	0.00758	0.00751	0.01012	0.01106	0.01938	0.01106	0.02143	0.12671	0.68246	0.00602	0.04489	0.00255	0.00281
62	0.01394	0.01198	0.01194	0.01043	0.01276	0.14862	0.02998	0.17475	0.06365	0.05966	0.01649	0.04515	0.05023	0.11713	0.20490	0.00383	0.00828	0.00600	0.00398	0.00631
63	0.01011	0.00540	0.00764	0.00737	0.00768	0.00551	0.00505	0.06034	0.00829	0.01106	0.00958	0.01607	0.00931	0.01778	0.01987	0.78415	0.00475	0.00467	0.00255	0.00281
64	0.01962	0.01942	0.01516	0.01287	0.01609	0.39945	0.01009	0.25165	0.06323	0.08005	0.01148	0.01208	0.00868	0.00622	0.00578	0.00155	0.05083	0.00426	0.00402	0.00747
65	0.01255	0.00943	0.01483	0.20676	0.02000	0.00983	0.12736	0.07647	0.05121	0.12192	0.17804	0.06492	0.02035	0.05386	0.00708	0.00196	0.00553	0.00698	0.00436	0.00654
66	0.01190	0.02524	0.63279	0.01466	0.02161	0.05701	0.02869	0.05736	0.01236	0.03248	0.01097	0.05104	0.00850	0.00580	0.00521	0.00170	0.00764	0.00461	0.00269	0.00774
67	0.01295	0.01118	0.01175	0.01061	0.01357	0.01284	0.00824	0.02732	0.72461	0.02200	0.02372	0.02185	0.06014	0.00765	0.00551	0.00182	0.00416	0.00637	0.00543	0.00827
68	0.01100	0.00940	0.01099	0.00794	0.01258	0.00707	0.00632	0.01334	0.01111	0.01738	0.01013	0.03468	0.00876	0.00435	0.00406	0.00084	0.00395	0.00354	0.00323	0.81935
69	0.01307	0.01123	0.01189	0.01072	0.01366	0.01294	0.00833	0.02761	0.73080	0.02241	0.05923	0.02102	0.01809	0.00747	0.00551	0.00181	0.00416	0.00625	0.00548	0.00833
70	0.00816	0.00615	0.00768	0.00721	0.00868	0.00600	0.00545	0.01198	0.09677	0.02090	0.62450	0.03781	0.08490	0.01184	0.03647	0.00198	0.00319	0.00925	0.00569	0.00540
71	0.01335	0.01153	0.01214	0.01092	0.01396	0.01335	0.00850	0.02852	0.76817	0.02245	0.02185	0.02003	0.01639	0.00728	0.00546	0.00182	0.00425	0.00607	0.00546	0.00850
72	0.00760	0.00549	0.00718	0.00675	0.00802	0.00506	0.00506	0.01013	0.01519	0.02153	0.77503	0.04010	0.05065	0.01097	0.00633	0.00169	0.00253	0.00971	0.00591	0.00506
73	0.00785	0.00675	0.00688	0.00662	0.00869	0.00642	0.00503	0.01217	0.17450	0.01621	0.04740	0.04487	0.61270	0.01224	0.00615	0.00181	0.00305	0.01020	0.00509	0.00538
74	0.01097	0.07310	0.74001	0.01495	0.02269	0.01297	0.01922	0.01695	0.01131	0.01675	0.00951	0.01118	0.00680	0.00507	0.00500	0.00167	0.00781	0.00390	0.00227	0.00787
75	0.02011	0.01489	0.01594	0.01229	0.01653	0.01651	0.01013	0.72889	0.05681	0.03335	0.01327	0.01319	0.00944	0.00648	0.00537	0.00162	0.00584	0.00489	0.00537	0.00910
76	0.01725	0.01279	0.01383	0.01140	0.01506	0.01425	0.00916	0.33464	0.39059	0.09422	0.01804	0.01688	0.01307	0.00687	0.00542	0.00172	0.00497	0.00549	0.00553	0.00882
77	0.01474	0.01678	0.01551	0.01368	0.01481	0.31667	0.01092	0.01604	0.01096	0.01298	0.00796	0.01148	0.00736	0.00967	0.05716	0.00233	0.44819	0.00428	0.00254	0.00595
78	0.00786	0.00571	0.00771	0.00763	0.00816	0.00639	0.00542	0.00894	0.00827	0.01161	0.01521	0.02670	0.01578	0.36358	0.44474	0.00699	0.03553	0.00658	0.00302	0.00418
79	0.01290	0.00949	0.01131	0.00817	0.01285	0.00726	0.00657	0.01524	0.01171	0.12160	0.01113	0.01210	0.00868	0.00434	0.00417	0.00091	0.00406	0.00348	0.00365	0.73039
80	0.01295	0.01076	0.01140	0.01026	0.01320	0.01217	0.00798	0.02611	0.65650	0.04880	0.02547	0.02351	0.10131	0.00797	0.00556	0.00181	0.00409	0.00663	0.00545	0.00808
81	0.00905	0.00484	0.00726	0.00726	0.00742	0.00500	0.00500	0.00742	0.00726	0.00984	0.01015	0.01710	0.00999	0.02218	0.14654	0.70748	0.00625	0.00484	0.00242	0.00273
82	0.01935	0.04937	0.01654	0.01410	0.01705	0.68752	0.05341	0.02094	0.01478	0.02965	0.00866	0.01015	0.00712	0.00555	0.00517	0.00143	0.02635	0.00367	0.00282	0.00636
83	0.00655	0.00521	0.00588	0.00621	0.00750	0.00454	0.00447	0.00790	0.01196	0.01504	0.12742	0.28409	0.46571	0.01430	0.00650	0.00191	0.00282	0.01236	0.00509	0.00454
84	0.01094	0.00933	0.01099	0.00799	0.01255	0.00713	0.00638	0.01330	0.01099	0.01722	0.00980	0.01167	0.00825	0.00595	0.04672	0.00122	0.00454	0.00332	0.00316	0.79853
85	0.00781	0.00520	0.00585	0.00585	0.00585	0.00520	0.00325	0.00781	0.00781	0.01041	0.01691	0.03513	0.01952	0.81135	0.02732	0.00520	0.00520	0.00781	0.00325	0.00325
86	0.01113	0.00954	0.01113	0.00795	0.01272	0.00716	0.00636	0.01352	0.01113	0.01749	0.00954	0.01113	0.00795	0.00398	0.00398	0.00080	0.00398	0.00318	0.00318	0.84417
87	0.02408	0.00914	0.01246	0.00955	0.01370	0.00789	0.00789	0.02616	0.01536	0.78158	0.02118	0.01827	0.01329	0.00664	0.00540	0.00166	0.00457	0.00540	0.00664	0.00914
88	0.00748	0.00548	0.00701	0.00663	0.00795	0.00502	0.00497	0.00990	0.01492	0.02087	0.70765	0.04118	0.11844	0.01122	0.00633	0.00170	0.00255	0.00986	0.00582	0.00502
89	0.01335	0.01153	0.01214	0.01092	0.01396	0.01335	0.00850	0.02852	0.76817	0.02245	0.02185	0.02003	0.01639	0.00728	0.00546	0.00182	0.00425	0.00607	0.00546	0.00850
90	0.00669	0.00532	0.00595	0.00606	0.00746	0.00464	0.00441	0.00819	0.01241	0.01575	0.20395	0.17042	0.47677	0.03890	0.00709	0.00195	0.00282	0.01150	0.00513	0.00458
91	0.01001	0.00500	0.00500	0.00500	0.00625	0.00500	0.00375	0.01251	0.01126	0.02001	0.01751	0.02001	0.01376	0.00625	0.00375	0.00125	0.00250	0.00500	0.84115	0.00500
92	0.01971	0.02408	0.01511	0.01347	0.01644	0.69594	0.01019	0.07990	0.01584	0.01496	0.00871	0.01000	0.00713	0.00554	0.00485	0.00138	0.00914	0.00356	0.00299	0.04105
93	0.00741	0.00511	0.00630	0.00692	0.00717	0.00499	0.00450	0.00804	0.00925	0.01229	0.02303	0.33467	0.02689	0.41948	0.01729	0.00375	0.00437	0.09058	0.00410	0.00386
94	0.02005	0.02558	0.01521	0.01383	0.01659	0.78980	0.01037	0.02143	0.01521	0.01314	0.00830	0.00968	0.00691	0.00553	0.00484	0.00138	0.00968	0.00346	0.00277	0.00622
95	0.01295	0.01241	0.02118	0.11516	0.69830	0.01267	0.01631	0.01618	0.01206	0.01713	0.01004	0.01340	0.00836	0.00485	0.00532	0.00162	0.00646	0.00478	0.00263	0.00823
96	0.00647	0.00546	0.00561	0.00562	0.00739	0.00460	0.00425	0.00791	0.01238	0.01487	0.08756	0.05136	0.72103	0.01351	0.00637	0.00182	0.00277	0.03142	0.00503	0.00457
97	0.02039	0.01544	0.01607	0.01241	0.01664	0.04647	0.01021	0.73148	0.02485	0.03303	0.01271	0.01276	0.00904	0.00641	0.00535	0.00160	0.00605	0.00478	0.00527	0.00902
98	0.01635	0.01077	0.01724	0.13378	0.37790	0.01072	0.01291	0.01916	0.01296	0.28076	0.01401	0.01546	0.01015	0.00688	0.03562	0.00192	0.00617	0.00503	0.00400	0.00821
99	0.01384	0.03675	0.01487	0.05920	0.10653	0.05260	0.06208	0.06165	0.23128	0.10304	0.03371	0.09971	0.04048	0.00796	0.00592	0.00179	0.02274	0.03398	0.00450	0.00739
100	0.01656	0.01116	0.01765	0.14527	0.38446	0.01120	0.01321	0.04785	0.01351	0.26476	0.01370	0.01504	0.00986	0.00554	0.00535	0.00165	0.00590	0.00498	0.00401	0.00833
101	0.02398	0.00930	0.01256	0.00963	0.01378	0.00813	0.00795	0.04642	0.01564	0.76094	0.02095	0.01812	0.01317	0.00664	0.00540	0.00166	0.00460	0.00538	0.00661	0.00914
102	0.00719	0.00579	0.02381	0.06396	0.01041	0.00541	0.00617	0.00881	0.02845	0.01400	0.02776	0.62948	0.05357	0.04456	0.00744	0.00225	0.00368	0.04792	0.00469	0.00464
103	0.03501	0.03485	0.20034	0.01527	0.09927	0.10217	0.05567	0.11688	0.09730	0.09388	0.01376	0.01538	0.02752	0.00627	0.00588	0.00170	0.04503	0.02231	0.00374	0.00777
104	0.00861	0.00667	0.00997	0.26840	0.01792	0.00721	0.00866	0.01076	0.01131	0.04098	0.09082	0.35208	0.05501	0.01186	0.00630	0.00200	0.00460	0.07741	0.00426	0.00518
105	0.01787	0.00775	0.01059	0.00937	0.02947	0.00687	0.00713	0.01964	0.01368	0.49797	0.04719	0.23118	0.02086	0.02882	0.00638	0.00190	0.00418	0.02572	0.00596	0.00748
106	0.01381	0.09846	0.15359	0.13291	0.13705	0.03089	0.12962	0.10299	0.08189	0.05008	0.01158	0.01349	0.00873	0.00537	0.00526	0.00165	0.00686	0.00480	0.00325	0.00771
107	0.01454	0.01171	0.01681	0.03323	0.07603	0.01235	0.14985	0.15617	0.20018	0.09616	0.06292	0.03505	0.05809	0.00718	0.00629	0.00177	0.04301	0.00633	0.00460	0.00774
108	0.00826	0.00592	0.00816	0.00934	0.01043	0.00585	0.00789	0.01043	0.01195	0.01556	0.02899	0.17158	0.04910	0.03067	0.00769	0.00247	0.00462	0.60136	0.00492	0.00481
109	0.01195	0.01207	0.01988	0.25329	0.23203	0.05197	0.17936	0.03497	0.01232	0.01612	0.01503	0.01796	0.09441	0.00605	0.00584	0.00173	0.01943	0.00579	0.00293	0.00688
110	0.00932	0.00838	0.01359	0.54693	0.05748	0.00989	0.01216	0.01226	0.01106	0.01442	0.06734	0.16013	0.03940	0.00805	0.00573	0.00185	0.00594	0.00721	0.00319	0.00567

[dist]
# distance from previous block
# <min> <max>
2	7

[block]
# block no. 1 follows, 45 sequences, length 20
# corresponding to MSA columns:
# 200-219
name=unknown_B
#
# <colnr> <probs for GDERKNQSTAVLIFYWHMCP>
#	G	D	E	R	K	N	Q	S	T	A	V	L	I	F	Y	W	H	M	C	P
0	0.15292	0.02240	0.01396	0.01261	0.01551	0.61839	0.00958	0.04161	0.03853	0.01578	0.00873	0.00995	0.00710	0.00553	0.00463	0.00145	0.00851	0.00349	0.00301	0.00631
1	0.00811	0.00624	0.00758	0.00757	0.00904	0.00608	0.00582	0.01182	0.10816	0.01861	0.34896	0.13349	0.17729	0.01225	0.00644	0.00190	0.00320	0.11671	0.00543	0.00529
2	0.01816	0.01499	0.01425	0.01185	0.01544	0.13882	0.00943	0.32054	0.28603	0.08940	0.01602	0.01536	0.01169	0.00661	0.00532	0.00165	0.00581	0.00510	0.00509	0.00844
3	0.01459	0.13701	0.23668	0.06924	0.14223	0.01234	0.04457	0.01821	0.01259	0.19085	0.06050	0.01498	0.01142	0.00569	0.00510	0.00160	0.00623	0.00478	0.00359	0.00780
4	0.06901	0.07169	0.26958	0.01192	0.01707	0.01239	0.02757	0.14982	0.06749	0.10028	0.01349	0.04823	0.01067	0.00633	0.00506	0.00162	0.00595	0.02975	0.00386	0.07819
5	0.01199	0.15814	0.41956	0.01731	0.12064	0.01439	0.09956	0.01653	0.01132	0.01607	0.00929	0.01150	0.00721	0.00519	0.00581	0.00165	0.05966	0.00420	0.00238	0.00762
6	0.00663	0.00488	0.00622	0.00710	0.00774	0.00447	0.00486	0.00781	0.01112	0.01471	0.11861	0.61067	0.14410	0.01568	0.00672	0.00207	0.00299	0.01406	0.00509	0.00447
7	0.01337	0.01014	0.03399	0.01096	0.01320	0.01064	0.04615	0.16950	0.02904	0.12085	0.04098	0.23826	0.06314	0.01037	0.00829	0.00195	0.15951	0.00838	0.00462	0.00664
8	0.04212	0.05746	0.10468	0.04994	0.07199	0.24523	0.08953	0.14904	0.01515	0.06741	0.01076	0.01242	0.00824	0.00720	0.04387	0.00191	0.00795	0.00440	0.00338	0.00732
9	0.00971	0.00743	0.01011	0.01194	0.11113	0.00746	0.00795	0.10635	0.01312	0.01765	0.05801	0.40767	0.02825	0.01321	0.00655	0.00207	0.00427	0.16668	0.00476	0.00567
10	0.00774	0.00518	0.00587	0.00593	0.00595	0.00516	0.00334	0.00779	0.00793	0.01057	0.01754	0.07328	0.02030	0.77212	0.02631	0.00505	0.00510	0.00817	0.00334	0.00331
11	0.01411	0.01589	0.01756	0.39405	0.08882	0.28707	0.07599	0.01696	0.01260	0.01411	0.00926	0.01261	0.00726	0.00531	0.00526	0.00163	0.00814	0.00444	0.00257	0.00637
12	0.00762	0.00598	0.00807	0.00839	0.00951	0.00575	0.04014	0.01014	0.07076	0.01528	0.06466	0.48378	0.13772	0.01456	0.00669	0.00209	0.00360	0.09536	0.00495	0.00494
13	0.00995	0.00789	0.00915	0.00904	0.01071	0.00855	0.00691	0.01692	0.31340	0.01783	0.08506	0.14175	0.04236	0.11657	0.03615	0.00266	0.00453	0.14956	0.00494	0.00606
14	0.00745	0.00541	0.00713	0.00810	0.00882	0.00527	0.00596	0.00951	0.04592	0.01524	0.09143	0.51874	0.03451	0.03165	0.00729	0.00225	0.00358	0.18197	0.00504	0.00472
15	0.00918	0.00810	0.01105	0.01031	0.01059	0.01021	0.00799	0.01024	0.00893	0.01282	0.01709	0.21979	0.05191	0.11472	0.11252	0.00342	0.36465	0.00820	0.00332	0.00497
16	0.00860	0.00657	0.00814	0.00718	0.00900	0.00600	0.00522	0.01021	0.01055	0.01520	0.17293	0.02715	0.04332	0.24052	0.17591	0.00389	0.00617	0.00661	0.00376	0.23308
17	0.01392	0.02599	0.01316	0.05123	0.07848	0.11442	0.00932	0.17676	0.08226	0.04217	0.17858	0.03728	0.02129	0.02099	0.00639	0.00180	0.02605	0.08849	0.00459	0.00684
18	0.39552	0.16545	0.01169	0.00751	0.01022	0.01214	0.00608	0.01489	0.07323	0.01848	0.03531	0.01675	0.01150	0.19149	0.00916	0.00239	0.00466	0.00451	0.00337	0.00563
19	0.01606	0.01081	0.01291	0.02582	0.03814	0.05287	0.02917	0.22421	0.02748	0.19742	0.07068	0.16958	0.01810	0.01029	0.04217	0.00208	0.03250	0.00733	0.00505	0.00732

[dist]
# distance from previous block
# <min> <max>
2	5

[block]
# block no. 2 follows, 45 sequences, length 20
# corresponding to MSA columns:
# 225-244
name=unknown_C
#
# <colnr> <probs for GDERKNQSTAVLIFYWHMCP>
#	G	D	E	R	K	N	Q	S	T	A	V	L	I	F	Y	W	H	M	C	P
0	0.01732	0.21387	0.01773	0.01094	0.01477	0.06346	0.00920	0.35379	0.11774	0.05707	0.01305	0.01418	0.01022	0.05595	0.00623	0.00173	0.00577	0.00463	0.00438	0.00794
1	0.01441	0.07447	0.11927	0.03247	0.04189	0.23323	0.06227	0.05580	0.04610	0.01635	0.01060	0.04634	0.00902	0.00588	0.00568	0.00147	0.05628	0.00448	0.00305	0.16094
2	0.01371	0.06776	0.14953	0.08240	0.05757	0.01197	0.01110	0.16174	0.10976	0.08684	0.12540	0.06709	0.01731	0.00732	0.00543	0.00169	0.00540	0.00610	0.00438	0.00748
3	0.01529	0.21090	0.14102	0.07864	0.01999	0.13909	0.10569	0.16426	0.04303	0.01861	0.01014	0.01169	0.00786	0.00534	0.00490	0.00152	0.00722	0.00423	0.00315	0.00742
4	0.00736	0.00534	0.00716	0.00756	0.00819	0.00557	0.00540	0.00857	0.00930	0.01264	0.02225	0.24210	0.06891	0.20370	0.31926	0.00538	0.00807	0.04515	0.00377	0.00432
5	0.01209	0.06094	0.21942	0.22724	0.07719	0.03712	0.11385	0.01687	0.06486	0.04447	0.01153	0.04094	0.00912	0.00583	0.00580	0.00174	0.03589	0.00510	0.00289	0.00712
6	0.03568	0.00897	0.08384	0.08902	0.01336	0.00763	0.02589	0.01234	0.10544	0.01588	0.05560	0.21886	0.24425	0.05037	0.00706	0.00205	0.00428	0.00962	0.00435	0.00552
7	0.00889	0.00560	0.00763	0.00789	0.00881	0.00560	0.00574	0.01025	0.01034	0.08785	0.05552	0.33518	0.02561	0.12686	0.22251	0.00428	0.00668	0.05553	0.00438	0.00486
8	0.08000	0.21912	0.14206	0.01386	0.05354	0.01632	0.05969	0.04775	0.01070	0.01580	0.00825	0.01094	0.00710	0.00647	0.00901	0.00178	0.28414	0.00409	0.00257	0.00681
9	0.01378	0.24285	0.05090	0.18500	0.17092	0.13095	0.07702	0.01697	0.03569	0.01477	0.00938	0.01188	0.00767	0.00503	0.00481	0.00151	0.00708	0.00418	0.00259	0.00703
10	0.00684	0.00567	0.00602	0.00598	0.00768	0.00498	0.00446	0.00893	0.04563	0.01577	0.15047	0.09430	0.59818	0.01315	0.00633	0.00182	0.00278	0.01111	0.00513	0.00477
11	0.00690	0.00493	0.00664	0.00789	0.00836	0.00467	0.00561	0.00810	0.01063	0.01411	0.02939	0.67966	0.03471	0.01648	0.00695	0.00223	0.00343	0.13988	0.00498	0.00446
12	0.01254	0.04425	0.16324	0.02766	0.08768	0.07171	0.05591	0.05222	0.12086	0.06550	0.03986	0.18681	0.03187	0.00840	0.00564	0.00177	0.00576	0.00730	0.00400	0.00703
13	0.00906	0.07190	0.03527	0.00884	0.01047	0.00773	0.00721	0.04825	0.06266	0.01607	0.04228	0.35269	0.06351	0.03232	0.00696	0.00215	0.00421	0.20837	0.00470	0.00535
14	0.02005	0.02558	0.01521	0.01383	0.01659	0.78980	0.01037	0.02143	0.01521	0.01314	0.00830	0.00968	0.00691	0.00553	0.00484	0.00138	0.00968	0.00346	0.00277	0.00622
15	0.02005	0.02558	0.01521	0.01383	0.01659	0.78980	0.01037	0.02143	0.01521	0.01314	0.00830	0.00968	0.00691	0.00553	0.00484	0.00138	0.00968	0.00346	0.00277	0.00622
16	0.00786	0.00665	0.04188	0.00980	0.06678	0.00582	0.00683	0.00926	0.01055	0.01424	0.06385	0.39726	0.06016	0.07998	0.05452	0.05491	0.00465	0.09594	0.00431	0.00475
17	0.01369	0.01754	0.22393	0.01248	0.01691	0.08863	0.01188	0.06588	0.44598	0.02070	0.01668	0.01624	0.01243	0.00647	0.00530	0.00173	0.00588	0.00517	0.00432	0.00816
18	0.00715	0.00578	0.00649	0.00700	0.00805	0.03061	0.00500	0.00852	0.01187	0.01517	0.14621	0.39850	0.27720	0.01447	0.00656	0.00197	0.00318	0.03662	0.00504	0.00460
19	0.06720	0.01284	0.01202	0.01007	0.01336	0.16136	0.00789	0.05287	0.13875	0.13202	0.03917	0.01646	0.01229	0.04197	0.01959	0.00173	0.02893	0.01864	0.00420	0.20863

[dist]
# distance from previous block
# <min> <max>
0	1

[block]
# block no. 3 follows, 45 sequences, length 35
# corresponding to MSA columns:
# 246-280
name=unknown_D
#
# <colnr> <probs for GDERKNQSTAVLIFYWHMCP>
#	G	D	E	R	K	N	Q	S	T	A	V	L	I	F	Y	W	H	M	C	P
0	0.00708	0.00528	0.00735	0.00926	0.06375	0.00501	0.00575	0.00814	0.01032	0.01385	0.02764	0.71798	0.03287	0.04889	0.00759	0.00226	0.00344	0.01419	0.00474	0.00462
1	0.01124	0.00841	0.01016	0.04518	0.01277	0.00898	0.00798	0.08625	0.21464	0.05236	0.07657	0.14783	0.06543	0.01121	0.00631	0.00202	0.00438	0.21671	0.00515	0.00641
2	0.25975	0.06693	0.16943	0.06419	0.04149	0.06527	0.20301	0.03942	0.01167	0.01893	0.00919	0.01138	0.00701	0.00496	0.00480	0.00166	0.00693	0.00426	0.00284	0.00688
3	0.01143	0.04710	0.33395	0.11347	0.05766	0.01269	0.16494	0.01749	0.10236	0.01687	0.01158	0.01399	0.00877	0.00747	0.05506	0.00216	0.00788	0.00491	0.00281	0.00741
4	0.00699	0.00486	0.00609	0.00689	0.00709	0.00466	0.00436	0.00759	0.00939	0.01252	0.02505	0.53101	0.02978	0.30147	0.01419	0.00326	0.00386	0.01259	0.00436	0.00396
5	0.01823	0.01218	0.01363	0.01116	0.01485	0.01319	0.00906	0.31917	0.27814	0.18743	0.01843	0.01864	0.01349	0.00715	0.00550	0.00173	0.00501	0.03865	0.00565	0.00872
6	0.01207	0.00951	0.01123	0.00807	0.01279	0.00721	0.00647	0.01444	0.01144	0.07310	0.01039	0.01165	0.00834	0.00417	0.00408	0.00086	0.00402	0.00334	0.00343	0.78339
7	0.01450	0.28687	0.01941	0.06239	0.09894	0.13593	0.00988	0.07242	0.01285	0.01616	0.00895	0.01062	0.00753	0.00479	0.00427	0.00122	0.00608	0.00352	0.00287	0.22081
8	0.01001	0.00500	0.00500	0.00500	0.00625	0.00500	0.00375	0.01251	0.01126	0.02001	0.01751	0.02001	0.01376	0.00625	0.00375	0.00125	0.00250	0.00500	0.84115	0.00500
9	0.13430	0.01043	0.05843	0.00919	0.01191	0.03851	0.00778	0.14550	0.04516	0.02001	0.02449	0.15648	0.15261	0.01033	0.00572	0.00186	0.00461	0.12199	0.00450	0.03621
10	0.01418	0.39885	0.19327	0.01228	0.05898	0.03455	0.01181	0.01898	0.12212	0.07130	0.01122	0.01188	0.00881	0.00528	0.00439	0.00144	0.00606	0.00389	0.00310	0.00760
11	0.00851	0.00619	0.00821	0.00913	0.01040	0.00611	0.00767	0.03713	0.01250	0.01618	0.03087	0.16835	0.11200	0.01469	0.00714	0.00233	0.00446	0.52820	0.00497	0.00496
12	0.00675	0.00519	0.00604	0.00658	0.00761	0.00466	0.00468	0.00793	0.01119	0.01413	0.06016	0.33057	0.35941	0.08868	0.00855	0.00231	0.00324	0.06309	0.00485	0.00439
13	0.01512	0.04841	0.32714	0.01394	0.01962	0.01438	0.06131	0.33608	0.03414	0.02416	0.01215	0.01452	0.00919	0.00611	0.00535	0.00169	0.00684	0.03781	0.00382	0.00824
14	0.01251	0.01139	0.01747	0.48824	0.21476	0.02786	0.01456	0.11707	0.01318	0.01740	0.01011	0.01378	0.00775	0.00538	0.00534	0.00171	0.00684	0.00476	0.00287	0.00702
15	0.01001	0.00500	0.00500	0.00500	0.00625	0.00500	0.00375	0.01251	0.01126	0.02001	0.01751	0.02001	0.01376	0.00625	0.00375	0.00125	0.00250	0.00500	0.84115	0.00500
16	0.00917	0.00691	0.00920	0.00859	0.01047	0.00653	0.05364	0.06383	0.01348	0.04616	0.15175	0.13042	0.26616	0.03065	0.00701	0.00204	0.00397	0.16965	0.00503	0.00533
17	0.00932	0.00466	0.00699	0.00699	0.00699	0.00466	0.00466	0.00699	0.00699	0.00932	0.00932	0.01632	0.00932	0.01865	0.02098	0.84382	0.00466	0.00466	0.00233	0.00233
18	0.01329	0.01275	0.02179	0.03295	0.77787	0.01275	0.01647	0.01647	0.01222	0.01754	0.01010	0.01329	0.00850	0.00478	0.00531	0.00159	0.00638	0.00478	0.00266	0.00850
19	0.84927	0.01038	0.00789	0.00706	0.01038	0.01204	0.00581	0.01578	0.00914	0.02408	0.00747	0.00872	0.00581	0.00498	0.00332	0.00166	0.00415	0.00291	0.00332	0.00581
20	0.06561	0.03156	0.01115	0.00938	0.01236	0.01164	0.00743	0.15081	0.36139	0.02212	0.02791	0.02644	0.22272	0.00865	0.00550	0.00175	0.00415	0.00701	0.00510	0.00731
21	0.05460	0.01590	0.05368	0.05099	0.05216	0.22464	0.25753	0.03302	0.01307	0.03075	0.01488	0.10157	0.05929	0.00690	0.00565	0.00170	0.00753	0.00637	0.00325	0.00651
22	0.01231	0.00913	0.01179	0.01025	0.01229	0.00984	0.06334	0.13451	0.24017	0.01818	0.01560	0.08771	0.01368	0.01205	0.01144	0.31676	0.00493	0.00619	0.00403	0.00583
23	0.01014	0.00954	0.01610	0.79845	0.03697	0.01193	0.01491	0.01371	0.01073	0.01371	0.00954	0.01431	0.00716	0.00537	0.00537	0.00179	0.00716	0.00477	0.00239	0.00596
24	0.01001	0.00500	0.00500	0.00500	0.00625	0.00500	0.00375	0.01251	0.01126	0.02001	0.01751	0.02001	0.01376	0.00625	0.00375	0.00125	0.00250	0.00500	0.84115	0.00500
25	0.01439	0.68926	0.09910	0.00997	0.01486	0.02012	0.01026	0.06325	0.01185	0.01439	0.00801	0.00914	0.00702	0.00476	0.00372	0.00123	0.00596	0.00310	0.00249	0.00713
26	0.07802	0.01692	0.01460	0.01212	0.01572	0.22244	0.00964	0.38379	0.14922	0.02565	0.01282	0.01296	0.00955	0.00624	0.00510	0.00159	0.00651	0.00454	0.00454	0.00801
27	0.00652	0.00473	0.00617	0.00731	0.00774	0.00437	0.00491	0.00749	0.01043	0.01377	0.03155	0.74805	0.09403	0.01656	0.00681	0.00215	0.00308	0.01495	0.00498	0.00437
28	0.00781	0.00520	0.00585	0.00585	0.00585	0.00520	0.00325	0.00781	0.00781	0.01041	0.01691	0.03513	0.01952	0.81135	0.02732	0.00520	0.00520	0.00781	0.00325	0.00325
29	0.01249	0.01412	0.03054	0.07909	0.02870	0.01345	0.70426	0.01694	0.01253	0.01694	0.01076	0.01447	0.00807	0.00459	0.00626	0.00181	0.00891	0.00622	0.00269	0.00715
30	0.01074	0.00914	0.01327	0.31247	0.02191	0.00987	0.03823	0.01537	0.11480	0.04001	0.13688	0.03762	0.01734	0.00701	0.00573	0.00165	0.02327	0.03417	0.00380	0.14672
31	0.00734	0.00590	0.00660	0.00635	0.00804	0.00538	0.00478	0.01016	0.06840	0.01780	0.33113	0.04488	0.43960	0.01212	0.00627	0.00177	0.00276	0.01032	0.00538	0.00503
32	0.01566	0.12836	0.05869	0.01564	0.10798	0.35492	0.09497	0.01806	0.01350	0.01514	0.06307	0.01284	0.01040	0.00546	0.00493	0.00142	0.00769	0.00431	0.00291	0.06404
33	0.03510	0.01240	0.01340	0.01116	0.01474	0.01380	0.00893	0.27018	0.42090	0.11170	0.01849	0.01722	0.01340	0.00688	0.00538	0.00173	0.00483	0.00552	0.00552	0.00872
34	0.01132	0.00894	0.01019	0.00974	0.01196	0.00965	0.00779	0.11498	0.27846	0.02031	0.04368	0.12836	0.10333	0.01110	0.00626	0.00201	0.00432	0.20575	0.00521	0.00663

[dist]
# distance from previous block
# <min> <max>
0	1

[block]
# block no. 4 follows, 45 sequences, length 22
# corresponding to MSA columns:
# 282-303
name=unknown_E
#
# <colnr> <probs for GDERKNQSTAVLIFYWHMCP>
#	G	D	E	R	K	N	Q	S	T	A	V	L	I	F	Y	W	H	M	C	P
0	0.01069	0.05327	0.61525	0.01535	0.04704	0.01210	0.05935	0.01607	0.01132	0.01656	0.01151	0.08607	0.00962	0.00614	0.00528	0.00173	0.00741	0.00514	0.00256	0.00754
1	0.76734	0.01208	0.08368	0.00786	0.01164	0.01208	0.00718	0.01590	0.00935	0.02339	0.00769	0.00898	0.00591	0.00499	0.00350	0.00166	0.00452	0.00301	0.00322	0.00602
2	0.00992	0.03649	0.03303	0.01149	0.01408	0.00857	0.18679	0.04783	0.04020	0.03532	0.16209	0.24663	0.09420	0.01156	0.03455	0.00210	0.00522	0.00963	0.00445	0.00587
3	0.01001	0.00500	0.00500	0.00500	0.00625	0.00500	0.00375	0.01251	0.01126	0.02001	0.01751	0.02001	0.01376	0.00625	0.00375	0.00125	0.00250	0.00500	0.84115	0.00500
4	0.01001	0.00500	0.00500	0.00500	0.00625	0.00500	0.00375	0.01251	0.01126	0.02001	0.01751	0.02001	0.01376	0.00625	0.00375	0.00125	0.00250	0.00500	0.84115	0.00500
5	0.01920	0.01422	0.01527	0.01201	0.01607	0.01580	0.00982	0.60447	0.16233	0.05236	0.01477	0.01436	0.01059	0.00660	0.00539	0.00165	0.00556	0.00508	0.00542	0.00901
6	0.00781	0.00520	0.00585	0.00585	0.00585	0.00520	0.00325	0.00781	0.00781	0.01041	0.01691	0.03513	0.01952	0.81135	0.02732	0.00520	0.00520	0.00781	0.00325	0.00325
7	0.02005	0.02558	0.01521	0.01383	0.01659	0.78980	0.01037	0.02143	0.01521	0.01314	0.00830	0.00968	0.00691	0.00553	0.00484	0.00138	0.00968	0.00346	0.00277	0.00622
8	0.00904	0.00788	0.00910	0.00895	0.01002	0.09270	0.00680	0.01073	0.00928	0.01235	0.01394	0.02110	0.01326	0.10615	0.63476	0.00752	0.01303	0.00568	0.00290	0.00481
9	0.00790	0.00575	0.00771	0.00761	0.00810	0.00643	0.00537	0.00893	0.00824	0.01156	0.01521	0.02699	0.01589	0.38447	0.41664	0.00684	0.04257	0.00663	0.00302	0.00415
10	0.64114	0.01007	0.00904	0.00769	0.01122	0.01099	0.00634	0.01840	0.01071	0.21514	0.01093	0.01113	0.00770	0.00540	0.00385	0.00166	0.00426	0.00354	0.00416	0.00665
11	0.16856	0.03892	0.08174	0.09660	0.01447	0.00929	0.02574	0.01465	0.05941	0.10303	0.01815	0.19735	0.04286	0.09702	0.00771	0.00219	0.00489	0.00741	0.00401	0.00599
12	0.01025	0.00995	0.08303	0.10411	0.02734	0.00839	0.05536	0.04836	0.04165	0.04826	0.07019	0.15226	0.12864	0.01039	0.03214	0.00197	0.00519	0.04900	0.00411	0.10942
13	0.04309	0.01235	0.01664	0.05780	0.34688	0.04218	0.01227	0.08112	0.20827	0.02015	0.06452	0.01649	0.01315	0.00621	0.00578	0.00169	0.03432	0.00533	0.00383	0.00793
14	0.01698	0.16219	0.01805	0.06565	0.01744	0.35443	0.03808	0.12585	0.04588	0.01669	0.01018	0.01277	0.00853	0.00607	0.00562	0.00153	0.05430	0.02976	0.00319	0.00681
15	0.01943	0.07826	0.01612	0.01352	0.01633	0.71593	0.01033	0.02083	0.01472	0.01310	0.00821	0.00967	0.00692	0.00558	0.00511	0.00139	0.03212	0.00345	0.00272	0.00626
16	0.00775	0.00542	0.00694	0.00694	0.00732	0.00579	0.00461	0.00850	0.00813	0.01121	0.01592	0.02963	0.01713	0.50922	0.32619	0.00655	0.00880	0.00700	0.00310	0.00386
17	0.01219	0.12772	0.06562	0.00870	0.01363	0.00959	0.00775	0.01472	0.01131	0.05301	0.00980	0.01112	0.00797	0.00427	0.00404	0.00095	0.00453	0.00329	0.00315	0.62663
18	0.01133	0.04302	0.23882	0.04832	0.31678	0.01118	0.01443	0.01513	0.01208	0.01743	0.10721	0.04523	0.01419	0.00605	0.00526	0.00158	0.00603	0.00536	0.00306	0.07752
19	0.01329	0.01275	0.02179	0.03295	0.77787	0.01275	0.01647	0.01647	0.01222	0.01754	0.01010	0.01329	0.00850	0.00478	0.00531	0.00159	0.00638	0.00478	0.00266	0.00850
20	0.00753	0.00609	0.00652	0.00643	0.00823	0.00548	0.00493	0.05865	0.01312	0.01619	0.08218	0.10230	0.58414	0.01330	0.00639	0.00187	0.00311	0.06360	0.00505	0.00488
21	0.07458	0.00930	0.01145	0.00958	0.01278	0.00923	0.00765	0.04864	0.14950	0.43077	0.02083	0.13201	0.01621	0.00821	0.00589	0.00179	0.03107	0.00674	0.00578	0.00799

[dist]
# distance from previous block
# <min> <max>
0	2

[block]
# block no. 5 follows, 45 sequences, length 127
# corresponding to MSA columns:
# 306-432
name=unknown_F
#
# <colnr> <probs for GDERKNQSTAVLIFYWHMCP>
#	G	D	E	R	K	N	Q	S	T	A	V	L	I	F	Y	W	H	M	C	P
0	0.05166	0.00595	0.00711	0.05064	0.00950	0.00563	0.00531	0.00978	0.01359	0.01877	0.44053	0.04103	0.29857	0.01126	0.00612	0.00174	0.00294	0.00964	0.00525	0.00497
1	0.01181	0.00952	0.01120	0.00804	0.01277	0.00719	0.00644	0.01418	0.01135	0.05776	0.01015	0.01151	0.00823	0.00412	0.00405	0.00084	0.00401	0.00330	0.00336	0.80016
2	0.01261	0.01200	0.02032	0.11955	0.59441	0.01231	0.04395	0.01616	0.03902	0.01688	0.01084	0.01484	0.00920	0.04743	0.00652	0.00182	0.00643	0.00505	0.00276	0.00788
3	0.01109	0.10287	0.26057	0.34559	0.02726	0.01313	0.05774	0.01613	0.06572	0.01547	0.01077	0.03149	0.00839	0.00555	0.00517	0.00170	0.00705	0.00474	0.00264	0.00691
4	0.01198	0.00973	0.01137	0.00818	0.01291	0.00754	0.00657	0.04234	0.01183	0.04761	0.01012	0.01147	0.00820	0.00417	0.00408	0.00086	0.00407	0.00333	0.00340	0.78023
5	0.00899	0.00778	0.01263	0.43161	0.02425	0.00950	0.01110	0.01180	0.00976	0.01313	0.01179	0.01746	0.01006	0.02157	0.36983	0.00496	0.01051	0.00523	0.00261	0.00542
6	0.01014	0.00954	0.01610	0.79845	0.03697	0.01193	0.01491	0.01371	0.01073	0.01371	0.00954	0.01431	0.00716	0.00537	0.00537	0.00179	0.00716	0.00477	0.00239	0.00596
7	0.00790	0.00581	0.00743	0.00700	0.00835	0.00551	0.00526	0.01110	0.05725	0.02140	0.71591	0.05643	0.04839	0.01090	0.00629	0.00171	0.00264	0.00963	0.00586	0.00524
8	0.01263	0.01046	0.01153	0.01076	0.01344	0.01184	0.00863	0.06536	0.54773	0.02158	0.02290	0.02922	0.01941	0.00902	0.00592	0.00196	0.00451	0.18007	0.00533	0.00769
9	0.40708	0.01014	0.01060	0.00860	0.01237	0.01045	0.00709	0.07432	0.01318	0.37578	0.01421	0.01345	0.00952	0.00586	0.00443	0.00166	0.00447	0.00420	0.00501	0.00759
10	0.01367	0.00849	0.00893	0.00766	0.00999	0.00904	0.00606	0.23840	0.05794	0.04312	0.01645	0.01783	0.01250	0.00638	0.00437	0.00140	0.00367	0.00502	0.52253	0.00654
11	0.84927	0.01038	0.00789	0.00706	0.01038	0.01204	0.00581	0.01578	0.00914	0.02408	0.00747	0.00872	0.00581	0.00498	0.00332	0.00166	0.00415	0.00291	0.00332	0.00581
12	0.00813	0.00637	0.00913	0.00891	0.00960	0.00760	0.00682	0.00967	0.00857	0.01234	0.01462	0.06566	0.01459	0.12722	0.55946	0.00708	0.11013	0.00640	0.00297	0.00472
13	0.01305	0.01254	0.02189	0.01599	0.02074	0.01177	0.38066	0.07671	0.07218	0.03631	0.01175	0.01401	0.00902	0.00561	0.02187	0.00165	0.02126	0.00524	0.00336	0.24439
14	0.01335	0.01153	0.01214	0.01092	0.01396	0.01335	0.00850	0.02852	0.76817	0.02245	0.02185	0.02003	0.01639	0.00728	0.00546	0.00182	0.00425	0.00607	0.00546	0.00850
15	0.84927	0.01038	0.00789	0.00706	0.01038	0.01204	0.00581	0.01578	0.00914	0.02408	0.00747	0.00872	0.00581	0.00498	0.00332	0.00166	0.00415	0.00291	0.00332	0.00581
16	0.00652	0.00475	0.00615	0.00726	0.00773	0.00438	0.00489	0.00750	0.01048	0.01379	0.03214	0.72980	0.11190	0.01648	0.00680	0.00214	0.00307	0.01485	0.00498	0.00438
17	0.01858	0.01395	0.01499	0.01181	0.01574	0.01548	0.00965	0.60318	0.14128	0.03136	0.05697	0.01553	0.01259	0.00683	0.00544	0.00165	0.00546	0.00530	0.00541	0.00880
18	0.00710	0.00536	0.00657	0.00656	0.00784	0.00483	0.00485	0.00905	0.01353	0.01820	0.43833	0.16296	0.25319	0.01271	0.00644	0.00182	0.00273	0.02764	0.00548	0.00480
19	0.00668	0.00490	0.00627	0.00709	0.00775	0.00449	0.00488	0.00793	0.01132	0.01505	0.15154	0.58570	0.13572	0.01546	0.00670	0.00205	0.00297	0.01386	0.00513	0.00449
20	0.00658	0.00475	0.00623	0.00733	0.00777	0.00440	0.00494	0.00760	0.01060	0.01409	0.06334	0.73329	0.07647	0.01639	0.00680	0.00214	0.00307	0.01480	0.00502	0.00440
21	0.01652	0.10014	0.02085	0.04349	0.07786	0.34231	0.18774	0.07316	0.05668	0.01642	0.01009	0.01195	0.00802	0.00530	0.00518	0.00153	0.00821	0.00447	0.00302	0.00703
22	0.01149	0.00975	0.01132	0.00812	0.01287	0.00752	0.00651	0.04233	0.01168	0.01812	0.00967	0.01120	0.00800	0.00407	0.00403	0.00083	0.00405	0.00324	0.00326	0.81193
23	0.03032	0.07160	0.00983	0.00845	0.00969	0.05162	0.00658	0.02635	0.01072	0.01390	0.02188	0.08550	0.08130	0.26369	0.03124	0.00319	0.04725	0.21830	0.00387	0.00472
24	0.02827	0.00882	0.01037	0.00962	0.04081	0.02648	0.00714	0.05204	0.18136	0.18174	0.26080	0.06186	0.09000	0.00904	0.00579	0.00173	0.00388	0.00769	0.00558	0.00697
25	0.01429	0.14730	0.32538	0.01284	0.03515	0.03296	0.01339	0.13843	0.06495	0.08472	0.01203	0.01345	0.00910	0.02977	0.04164	0.00201	0.00694	0.00439	0.00344	0.00780
26	0.01450	0.77363	0.03974	0.00945	0.01403	0.04874	0.00940	0.01628	0.01107	0.01272	0.00753	0.00869	0.00689	0.00463	0.00352	0.00117	0.00592	0.00291	0.00231	0.00688
27	0.00767	0.00575	0.00863	0.00863	0.00959	0.00671	0.00671	0.00959	0.00863	0.01246	0.01438	0.02109	0.01342	0.04026	0.79008	0.00863	0.01438	0.00575	0.00288	0.00479
