[name]
unknown

[dist]
# distance from previous block
# <min> <max>
0	6

[block]
# block no. 0 follows, 48 sequences, length 73
# corresponding to MSA columns:
# 6-78
name=unknown_A
#
# <colnr> <probs for GDERKNQSTAVLIFYWHMCP>
#	G	D	E	R	K	N	Q	S	T	A	V	L	I	F	Y	W	H	M	C	P
0	0.00733	0.00550	0.00825	0.00825	0.00916	0.00641	0.00641	0.00916	0.00825	0.01191	0.01374	0.02016	0.01283	0.03848	0.79934	0.00825	0.01374	0.00550	0.00275	0.00458
1	0.00678	0.00494	0.00689	0.00790	0.00847	0.00470	0.01976	0.00805	0.01028	0.01363	0.02771	0.64252	0.03253	0.01546	0.00665	0.00214	0.00345	0.16909	0.00471	0.00434
2	0.01803	0.01379	0.01431	0.01133	0.01507	0.04274	0.00923	0.59890	0.13413	0.02941	0.01363	0.01353	0.00988	0.00624	0.00506	0.00155	0.00539	0.00475	0.04469	0.00835
3	0.85592	0.00992	0.00754	0.00675	0.00992	0.01151	0.00556	0.01508	0.00873	0.02302	0.00714	0.00834	0.00556	0.00476	0.00318	0.00159	0.00397	0.00278	0.00318	0.00556
4	0.00746	0.00497	0.00560	0.00560	0.00560	0.00497	0.00311	0.00746	0.00746	0.00995	0.01617	0.03358	0.01865	0.81967	0.02612	0.00497	0.00497	0.00746	0.00311	0.00311
5	0.80753	0.04076	0.02385	0.00698	0.01029	0.01185	0.00594	0.01512	0.00884	0.02248	0.00719	0.00838	0.00561	0.00475	0.00321	0.00157	0.00410	0.00280	0.00312	0.00564
6	0.06570	0.01413	0.01496	0.01153	0.01558	0.01567	0.00952	0.72883	0.02327	0.03182	0.01203	0.01210	0.00855	0.00608	0.00502	0.00154	0.00555	0.00452	0.00502	0.00855
7	0.01075	0.01269	0.11642	0.01308	0.01413	0.01433	0.01172	0.01253	0.00826	0.01277	0.00776	0.01231	0.00740	0.02939	0.06912	0.00264	0.63214	0.00454	0.00229	0.00574
8	0.00746	0.00497	0.00560	0.00560	0.00560	0.00497	0.00311	0.00746	0.00746	0.00995	0.01617	0.03358	0.01865	0.81967	0.02612	0.00497	0.00497	0.00746	0.00311	0.00311
9	0.01872	0.01379	0.04869	0.01143	0.01552	0.01430	0.00968	0.55328	0.11439	0.12540	0.01422	0.01373	0.00997	0.00622	0.00514	0.00157	0.00538	0.00480	0.00517	0.00860
10	0.01911	0.01417	0.01518	0.01173	0.01576	0.01573	0.00966	0.72679	0.06854	0.03170	0.01282	0.01272	0.00913	0.00621	0.00514	0.00155	0.00555	0.00469	0.00514	0.00869
11	0.01032	0.02552	0.74769	0.01430	0.02158	0.01180	0.01826	0.01653	0.03972	0.01653	0.02550	0.01171	0.00770	0.00507	0.00491	0.00163	0.00735	0.00398	0.00235	0.00755
12	0.01339	0.71685	0.02543	0.00939	0.01321	0.01970	0.00910	0.01497	0.01009	0.01211	0.00708	0.00862	0.00660	0.00499	0.00506	0.00125	0.11052	0.00297	0.00220	0.00646
13	0.03238	0.01570	0.27560	0.01259	0.08711	0.00994	0.01169	0.07722	0.01213	0.06988	0.01016	0.01143	0.00766	0.00462	0.00447	0.00126	0.00548	0.00370	0.00310	0.34388
14	0.01025	0.06624	0.01589	0.68067	0.03169	0.03712	0.01332	0.01332	0.01026	0.01291	0.00908	0.01366	0.00715	0.02873	0.00592	0.00176	0.02954	0.00448	0.00231	0.00569
15	0.00840	0.00528	0.00662	0.00655	0.00743	0.00578	0.00488	0.01018	0.00918	0.01468	0.01516	0.02142	0.01364	0.13714	0.33029	0.00464	0.03027	0.00545	0.35853	0.00448
16	0.01075	0.00937	0.01160	0.00881	0.03740	0.00721	0.03091	0.01312	0.01072	0.01671	0.00918	0.01081	0.00762	0.00384	0.00391	0.00082	0.00403	0.00319	0.00301	0.79699
17	0.09220	0.06998	0.01467	0.01236	0.01518	0.66799	0.00946	0.03522	0.01399	0.01386	0.00791	0.00918	0.00656	0.00521	0.00443	0.00134	0.00849	0.00325	0.00272	0.00601
18	0.02078	0.01150	0.01352	0.01045	0.01443	0.01175	0.00861	0.37289	0.06406	0.39193	0.01658	0.01516	0.01102	0.00630	0.00515	0.00157	0.00495	0.00495	0.00572	0.00869
19	0.00628	0.00448	0.00598	0.00713	0.00745	0.00418	0.00476	0.00720	0.00994	0.01328	0.04628	0.79782	0.03428	0.01594	0.00654	0.00207	0.00296	0.01446	0.00478	0.00418
20	0.01064	0.00912	0.01064	0.00760	0.01216	0.00684	0.00608	0.01292	0.01064	0.01672	0.00912	0.01064	0.00760	0.00380	0.00380	0.00076	0.00380	0.00304	0.00304	0.85104
21	0.00999	0.04147	0.23752	0.01107	0.07110	0.00848	0.01017	0.03807	0.01321	0.06164	0.35982	0.04073	0.05969	0.00804	0.00547	0.00160	0.00454	0.00688	0.00425	0.00626
22	0.68739	0.01031	0.00858	0.00742	0.01071	0.03700	0.00608	0.03124	0.01011	0.13802	0.00923	0.00981	0.00672	0.00505	0.00356	0.00158	0.00424	0.00319	0.00367	0.00611
23	0.01211	0.01384	0.03028	0.02163	0.02682	0.01298	0.76903	0.01644	0.01211	0.01644	0.01038	0.01384	0.00779	0.00433	0.00606	0.00173	0.00865	0.00606	0.00260	0.00692
24	0.01917	0.02445	0.01454	0.01322	0.01586	0.79907	0.00991	0.02049	0.01454	0.01256	0.00793	0.00925	0.00661	0.00529	0.00463	0.00132	0.00925	0.00330	0.00264	0.00595
25	0.01827	0.01406	0.01468	0.01160	0.01544	0.03797	0.00946	0.61389	0.16083	0.02979	0.01375	0.01347	0.00992	0.00628	0.00513	0.00157	0.00546	0.00480	0.00508	0.00854
26	0.01064	0.00912	0.01064	0.00760	0.01216	0.00684	0.00608	0.01292	0.01064	0.01672	0.00912	0.01064	0.00760	0.00380	0.00380	0.00076	0.00380	0.00304	0.00304	0.85104
27	0.01211	0.01384	0.03028	0.02163	0.02682	0.01298	0.76903	0.01644	0.01211	0.01644	0.01038	0.01384	0.00779	0.00433	0.00606	0.00173	0.00865	0.00606	0.00260	0.00692
28	0.01115	0.01070	0.01730	0.02240	0.45533	0.03603	0.08743	0.01400	0.01244	0.01719	0.18175	0.02115	0.07769	0.00652	0.00545	0.00157	0.00538	0.00619	0.00340	0.00692
29	0.00956	0.00478	0.00478	0.00478	0.00598	0.00478	0.00359	0.01196	0.01076	0.01913	0.01674	0.01913	0.01315	0.00598	0.00359	0.00120	0.00239	0.00478	0.84816	0.00478
30	0.01465	0.00899	0.01105	0.00810	0.01246	0.00707	0.00655	0.01683	0.01195	0.26758	0.01272	0.01285	0.00925	0.00463	0.00424	0.00103	0.00398	0.00373	0.00411	0.57822
31	0.00763	0.00595	0.00898	0.05552	0.01089	0.00710	0.00708	0.00953	0.00835	0.01200	0.01317	0.01940	0.01222	0.03527	0.71935	0.00761	0.04716	0.00540	0.00270	0.00469
32	0.65616	0.01122	0.02642	0.01158	0.14955	0.04120	0.00782	0.01543	0.00952	0.02137	0.00767	0.00920	0.00608	0.00475	0.00361	0.00157	0.00462	0.00314	0.00302	0.00607
33	0.00655	0.00486	0.00676	0.00762	0.00811	0.00459	0.02649	0.00782	0.02554	0.01336	0.02762	0.77735	0.03282	0.01556	0.00651	0.00207	0.00316	0.01417	0.00471	0.00433
34	0.00733	0.00550	0.00825	0.00825	0.00916	0.00641	0.00641	0.00916	0.00825	0.01191	0.01374	0.02016	0.01283	0.03848	0.79934	0.00825	0.01374	0.00550	0.00275	0.00458
35	0.02302	0.00873	0.01191	0.00913	0.01310	0.00754	0.00754	0.02501	0.01469	0.79122	0.02024	0.01746	0.01270	0.00635	0.00516	0.00159	0.00437	0.00516	0.00635	0.00873
36	0.01029	0.02654	0.79309	0.01462	0.02221	0.01192	0.01896	0.01625	0.01083	0.01625	0.00921	0.01083	0.00650	0.00487	0.00487	0.00162	0.00758	0.00379	0.00217	0.00758
37	0.01211	0.01384	0.03028	0.02163	0.02682	0.01298	0.76903	0.01644	0.01211	0.01644	0.01038	0.01384	0.00779	0.00433	0.00606	0.00173	0.00865	0.00606	0.00260	0.00692
38	0.00624	0.00452	0.00590	0.00701	0.00741	0.00418	0.00470	0.00716	0.00995	0.01315	0.02990	0.76376	0.08545	0.01586	0.00652	0.00206	0.00295	0.01433	0.00476	0.00418
39	0.01951	0.01437	0.01540	0.01181	0.01591	0.01591	0.00975	0.77056	0.02412	0.03234	0.01232	0.01232	0.00873	0.00616	0.00513	0.00154	0.00565	0.00462	0.00513	0.00873
40	0.85592	0.00992	0.00754	0.00675	0.00992	0.01151	0.00556	0.01508	0.00873	0.02302	0.00714	0.00834	0.00556	0.00476	0.00318	0.00159	0.00397	0.00278	0.00318	0.00556
41	0.01836	0.01381	0.01476	0.01157	0.01548	0.01538	0.00948	0.64477	0.15177	0.03050	0.01377	0.01347	0.00990	0.00630	0.00515	0.00157	0.00538	0.00482	0.00515	0.00862
42	0.02302	0.00873	0.01191	0.00913	0.01310	0.00754	0.00754	0.02501	0.01469	0.79122	0.02024	0.01746	0.01270	0.00635	0.00516	0.00159	0.00437	0.00516	0.00635	0.00873
43	0.00746	0.00497	0.00560	0.00560	0.00560	0.00497	0.00311	0.00746	0.00746	0.00995	0.01617	0.03358	0.01865	0.81967	0.02612	0.00497	0.00497	0.00746	0.00311	0.00311
44	0.01276	0.01102	0.01160	0.01044	0.01334	0.01276	0.00812	0.02727	0.77840	0.02146	0.02088	0.01914	0.01566	0.00696	0.00522	0.00174	0.00406	0.00580	0.00522	0.00812
45	0.02302	0.00873	0.01191	0.00913	0.01310	0.00754	0.00754	0.02501	0.01469	0.79122	0.02024	0.01746	0.01270	0.00635	0.00516	0.00159	0.00437	0.00516	0.00635	0.00873
46	0.01064	0.00912	0.01064	0.00760	0.01216	0.00684	0.00608	0.01292	0.01064	0.01672	0.00912	0.01064	0.00760	0.00380	0.00380	0.00076	0.00380	0.00304	0.00304	0.85104
47	0.00969	0.00912	0.01539	0.80734	0.03534	0.01140	0.01425	0.01311	0.01026	0.01311	0.00912	0.01368	0.00684	0.00513	0.00513	0.00171	0.00684	0.00456	0.00228	0.00570
48	0.01386	0.01182	0.01426	0.01538	0.18686	0.02796	0.01009	0.14001	0.41299	0.03518	0.01660	0.04205	0.01300	0.00661	0.00554	0.00168	0.02813	0.00553	0.00448	0.00799
49	0.01059	0.02612	0.77465	0.01449	0.02199	0.01181	0.01869	0.01646	0.01092	0.03454	0.00947	0.01099	0.00665	0.00491	0.00488	0.00162	0.00751	0.00382	0.00227	0.00761
50	0.01917	0.02445	0.01454	0.01322	0.01586	0.79907	0.00991	0.02049	0.01454	0.01256	0.00793	0.00925	0.00661	0.00529	0.00463	0.00132	0.00925	0.00330	0.00264	0.00595
51	0.01059	0.00753	0.00959	0.00913	0.03940	0.00762	0.02131	0.03989	0.18566	0.09231	0.38967	0.10161	0.03246	0.00941	0.00578	0.00169	0.00343	0.02142	0.00533	0.00617
52	0.00980	0.00923	0.01558	0.77978	0.06206	0.01143	0.01430	0.01320	0.01031	0.01324	0.00914	0.01365	0.00689	0.00511	0.00513	0.00170	0.00681	0.00456	0.00229	0.00579
53	0.01576	0.01251	0.01329	0.01105	0.01448	0.01416	0.00885	0.35724	0.44355	0.02629	0.01708	0.01611	0.01258	0.00661	0.00518	0.00165	0.00476	0.00528	0.00518	0.00839
54	0.00891	0.00446	0.00668	0.00668	0.00668	0.00446	0.00446	0.00668	0.00668	0.00891	0.00891	0.01560	0.00891	0.01783	0.02005	0.85071	0.00446	0.00446	0.00223	0.00223
55	0.00646	0.00455	0.00589	0.00688	0.00713	0.00431	0.00448	0.00720	0.00942	0.01256	0.02622	0.68298	0.03133	0.15297	0.00988	0.00258	0.00332	0.01337	0.00448	0.00399
56	0.00733	0.00550	0.00825	0.00825	0.00916	0.00641	0.00641	0.00916	0.00825	0.01191	0.01374	0.02016	0.01283	0.03848	0.79934	0.00825	0.01374	0.00550	0.00275	0.00458
57	0.00969	0.00912	0.01539	0.80734	0.03534	0.01140	0.01425	0.01311	0.01026	0.01311	0.00912	0.01368	0.00684	0.00513	0.00513	0.00171	0.00684	0.00456	0.00228	0.00570
58	0.00831	0.00744	0.01043	0.04315	0.24198	0.00700	0.00793	0.01033	0.01193	0.01540	0.11366	0.03591	0.44720	0.00992	0.00573	0.00166	0.00379	0.00856	0.00410	0.00557
59	0.00882	0.00805	0.01157	0.39126	0.02162	0.04233	0.01001	0.01096	0.01009	0.01302	0.01662	0.33706	0.01775	0.00984	0.00656	0.00188	0.06562	0.00855	0.00329	0.00509
60	0.01064	0.00912	0.01064	0.00760	0.01216	0.00684	0.00608	0.01292	0.01064	0.01672	0.00912	0.01064	0.00760	0.00380	0.00380	0.00076	0.00380	0.00304	0.00304	0.85104
61	0.01940	0.01408	0.01517	0.01168	0.01574	0.01554	0.00963	0.72286	0.04791	0.05638	0.01285	0.01270	0.00908	0.00619	0.00514	0.00155	0.00555	0.00467	0.00517	0.00871
62	0.01589	0.00715	0.00962	0.00792	0.01064	0.00632	0.00632	0.01807	0.01461	0.44245	0.36633	0.02691	0.02886	0.00822	0.00556	0.00160	0.00349	0.00702	0.00603	0.00697
63	0.00824	0.00628	0.00889	0.03965	0.10061	0.00602	0.00668	0.01066	0.01358	0.03267	0.54698	0.06138	0.07466	0.01004	0.00597	0.00167	0.00322	0.05251	0.00504	0.00528
64	0.01123	0.01123	0.01572	0.01347	0.01347	0.01572	0.01123	0.01235	0.00786	0.01235	0.00674	0.01123	0.00674	0.00898	0.01684	0.00225	0.81028	0.00449	0.00225	0.00561
65	0.01041	0.01269	0.12938	0.04165	0.10310	0.03516	0.24692	0.01437	0.05994	0.01562	0.01612	0.22084	0.01588	0.00817	0.00583	0.00180	0.00623	0.04620	0.00335	0.00634
66	0.01064	0.00912	0.01064	0.00760	0.01216	0.00684	0.00608	0.01292	0.01064	0.01672	0.00912	0.01064	0.00760	0.00380	0.00380	0.00076	0.00380	0.00304	0.00304	0.85104
67	0.00746	0.00497	0.00560	0.00560	0.00560	0.00497	0.00311	0.00746	0.00746	0.00995	0.01617	0.03358	0.01865	0.81967	0.02612	0.00497	0.00497	0.00746	0.00311	0.00311
68	0.01154	0.01299	0.08770	0.02060	0.21812	0.01138	0.34941	0.01581	0.05430	0.02972	0.05052	0.06444	0.03705	0.00590	0.00567	0.00168	0.00674	0.00628	0.00310	0.00703
69	0.01122	0.00932	0.01264	0.30224	0.02089	0.00892	0.00930	0.04445	0.01124	0.05185	0.00976	0.01214	0.00760	0.00450	0.00441	0.00118	0.00502	0.00376	0.00300	0.46655
70	0.00761	0.03589	0.00758	0.00693	0.00751	0.00617	0.00483	0.00851	0.00798	0.01098	0.01506	0.04649	0.01600	0.42103	0.36890	0.00621	0.00885	0.00659	0.00296	0.00392
71	0.01353	0.10644	0.21557	0.02978	0.16916	0.08785	0.04933	0.06901	0.01269	0.07813	0.04045	0.01530	0.01045	0.00586	0.00537	0.00158	0.03255	0.04662	0.00313	0.00720
72	0.57713	0.00969	0.00913	0.00961	0.09266	0.02568	0.00664	0.01470	0.02894	0.03505	0.04587	0.01302	0.00953	0.06747	0.03523	0.00208	0.00468	0.00386	0.00331	0.00571

[dist]
# distance from previous block
# <min> <max>
5	7

[block]
# block no. 1 follows, 48 sequences, length 22
# corresponding to MSA columns:
# 86-107
name=unknown_B
#
# <colnr> <probs for GDERKNQSTAVLIFYWHMCP>
#	G	D	E	R	K	N	Q	S	T	A	V	L	I	F	Y	W	H	M	C	P
0	0.01437	0.09407	0.01851	0.01350	0.01674	0.08489	0.16948	0.11719	0.21234	0.05281	0.01266	0.01378	0.00978	0.00620	0.00706	0.00169	0.13912	0.00493	0.00368	0.00721
1	0.09127	0.15922	0.01636	0.02767	0.04956	0.48312	0.00966	0.04609	0.01331	0.02901	0.00819	0.00955	0.00678	0.00519	0.00462	0.00136	0.02668	0.00335	0.00275	0.00626
2	0.00867	0.00450	0.00657	0.00663	0.00664	0.00448	0.00437	0.00677	0.00690	0.00920	0.01043	0.05707	0.01089	0.07767	0.01983	0.74497	0.00442	0.00519	0.00242	0.00239
3	0.03359	0.51820	0.11328	0.01041	0.01481	0.16165	0.01016	0.05998	0.01198	0.01407	0.00782	0.00896	0.00668	0.00472	0.00383	0.00124	0.00640	0.00308	0.00247	0.00669
4	0.03395	0.05870	0.70007	0.01395	0.02104	0.01230	0.01762	0.01673	0.04922	0.01652	0.00965	0.01107	0.00694	0.00496	0.00478	0.00161	0.00722	0.00382	0.00235	0.00751
5	0.01213	0.01210	0.02505	0.05805	0.02370	0.01141	0.57461	0.01595	0.01243	0.07450	0.08766	0.01766	0.03794	0.00540	0.00594	0.00171	0.00743	0.00639	0.00323	0.00671
6	0.01067	0.00942	0.01226	0.01051	0.03798	0.00980	0.02339	0.01347	0.06737	0.02889	0.01335	0.05975	0.04737	0.00775	0.02430	0.00164	0.23246	0.02977	0.00324	0.35659
7	0.01064	0.00912	0.01064	0.00760	0.01216	0.00684	0.00608	0.01292	0.01064	0.01672	0.00912	0.01064	0.00760	0.00380	0.00380	0.00076	0.00380	0.00304	0.00304	0.85104
8	0.01844	0.13057	0.01618	0.01263	0.01550	0.69556	0.00976	0.01981	0.01399	0.01249	0.00783	0.00912	0.00661	0.00517	0.00445	0.00129	0.00875	0.00323	0.00258	0.00603
9	0.01064	0.00912	0.01064	0.00760	0.01216	0.00684	0.00608	0.01292	0.01064	0.01672	0.00912	0.01064	0.00760	0.00380	0.00380	0.00076	0.00380	0.00304	0.00304	0.85104
10	0.01941	0.02283	0.01446	0.01289	0.01571	0.69687	0.00977	0.07680	0.01527	0.05700	0.00894	0.00994	0.00710	0.00541	0.00469	0.00135	0.00871	0.00351	0.00303	0.00631
11	0.01211	0.01384	0.03028	0.02163	0.02682	0.01298	0.76903	0.01644	0.01211	0.01644	0.01038	0.01384	0.00779	0.00433	0.00606	0.00173	0.00865	0.00606	0.00260	0.00692
12	0.00762	0.00539	0.00727	0.00827	0.00905	0.00532	0.00659	0.00925	0.01064	0.01396	0.02581	0.25078	0.02904	0.13547	0.00980	0.00268	0.00431	0.44991	0.00449	0.00434
13	0.00969	0.00912	0.01539	0.80734	0.03534	0.01140	0.01425	0.01311	0.01026	0.01311	0.00912	0.01368	0.00684	0.00513	0.00513	0.00171	0.00684	0.00456	0.00228	0.00570
14	0.00891	0.00446	0.00668	0.00668	0.00668	0.00446	0.00446	0.00668	0.00668	0.00891	0.00891	0.01560	0.00891	0.01783	0.02005	0.85071	0.00446	0.00446	0.00223	0.00223
15	0.01600	0.01787	0.01768	0.02214	0.39585	0.36885	0.01278	0.05916	0.01366	0.01571	0.00902	0.01112	0.00747	0.00498	0.00488	0.00143	0.00750	0.00400	0.00273	0.00717
16	0.01064	0.00912	0.01064	0.00760	0.01216	0.00684	0.00608	0.01292	0.01064	0.01672	0.00912	0.01064	0.00760	0.00380	0.00380	0.00076	0.00380	0.00304	0.00304	0.85104
17	0.00746	0.00497	0.00560	0.00560	0.00560	0.00497	0.00311	0.00746	0.00746	0.00995	0.01617	0.03358	0.01865	0.81967	0.02612	0.00497	0.00497	0.00746	0.00311	0.00311
18	0.01327	0.71932	0.12643	0.00954	0.01434	0.01921	0.01010	0.01548	0.01048	0.01261	0.00740	0.00857	0.00657	0.00445	0.00350	0.00117	0.00576	0.00288	0.00219	0.00671
19	0.00638	0.00488	0.00587	0.00647	0.00743	0.00438	0.00462	0.00763	0.01105	0.01418	0.10635	0.42051	0.31586	0.01432	0.00635	0.00192	0.00287	0.04976	0.00484	0.00432
20	0.01081	0.00916	0.01067	0.00773	0.01215	0.00707	0.00617	0.03792	0.01106	0.01714	0.00976	0.03312	0.00837	0.00422	0.00392	0.00082	0.00384	0.00341	0.00316	0.79950
21	0.10389	0.05581	0.08319	0.00932	0.01302	0.01012	0.00818	0.11845	0.08888	0.19695	0.04031	0.11091	0.01383	0.00694	0.00484	0.00152	0.00452	0.00563	0.00447	0.11921

[dist]
# distance from previous block
# <min> <max>
2	5

[block]
# block no. 2 follows, 48 sequences, length 129
# corresponding to MSA columns:
# 113-241
name=unknown_C
#
# <colnr> <probs for GDERKNQSTAVLIFYWHMCP>
#	G	D	E	R	K	N	Q	S	T	A	V	L	I	F	Y	W	H	M	C	P
0	0.00764	0.00594	0.00784	0.02179	0.06221	0.00560	0.00571	0.01026	0.03589	0.01903	0.56805	0.05309	0.15673	0.01038	0.00596	0.00164	0.00284	0.00912	0.00521	0.00509
1	0.01533	0.46073	0.02095	0.01038	0.01405	0.25054	0.00905	0.03404	0.11433	0.01389	0.00931	0.01007	0.00785	0.00504	0.00398	0.00126	0.00642	0.00336	0.00279	0.00664
2	0.00746	0.00497	0.00560	0.00560	0.00560	0.00497	0.00311	0.00746	0.00746	0.00995	0.01617	0.03358	0.01865	0.81967	0.02612	0.00497	0.00497	0.00746	0.00311	0.00311
3	0.00766	0.00533	0.00699	0.00652	0.00780	0.00491	0.00491	0.01007	0.01453	0.04021	0.76548	0.03780	0.04750	0.01038	0.00603	0.00161	0.00247	0.00917	0.00567	0.00494
4	0.04421	0.18414	0.34284	0.01359	0.07129	0.01279	0.06003	0.01784	0.01162	0.17844	0.01113	0.01192	0.00798	0.00503	0.00464	0.00151	0.00631	0.00402	0.00314	0.00754
5	0.85592	0.00992	0.00754	0.00675	0.00992	0.01151	0.00556	0.01508	0.00873	0.02302	0.00714	0.00834	0.00556	0.00476	0.00318	0.00159	0.00397	0.00278	0.00318	0.00556
6	0.00624	0.00451	0.00591	0.00703	0.00741	0.00418	0.00471	0.00716	0.00994	0.01314	0.02972	0.76978	0.07955	0.01589	0.00652	0.00206	0.00295	0.01436	0.00476	0.00418
7	0.01217	0.01223	0.01563	0.01336	0.01375	0.06479	0.01106	0.05401	0.00916	0.01345	0.00711	0.01116	0.00684	0.00860	0.01544	0.00215	0.71643	0.00442	0.00243	0.00580
8	0.01276	0.01102	0.01160	0.01044	0.01334	0.01276	0.00812	0.02727	0.77840	0.02146	0.02088	0.01914	0.01566	0.00696	0.00522	0.00174	0.00406	0.00580	0.00522	0.00812
9	0.00695	0.00523	0.00642	0.00612	0.00747	0.00471	0.00459	0.00907	0.01378	0.01880	0.59117	0.04125	0.24331	0.01115	0.00606	0.00165	0.00247	0.00969	0.00541	0.00471
10	0.00956	0.00478	0.00478	0.00478	0.00598	0.00478	0.00359	0.01196	0.01076	0.01913	0.01674	0.01913	0.01315	0.00598	0.00359	0.00120	0.00239	0.00478	0.84816	0.00478
11	0.85592	0.00992	0.00754	0.00675	0.00992	0.01151	0.00556	0.01508	0.00873	0.02302	0.00714	0.00834	0.00556	0.00476	0.00318	0.00159	0.00397	0.00278	0.00318	0.00556
12	0.02262	0.00938	0.01231	0.00944	0.01342	0.00851	0.00780	0.11095	0.01577	0.70374	0.01933	0.01687	0.01224	0.00633	0.00516	0.00158	0.00451	0.00510	0.00621	0.00873
13	0.82733	0.03751	0.00820	0.00682	0.01003	0.01181	0.00567	0.01509	0.00879	0.02265	0.00714	0.00833	0.00559	0.00475	0.00318	0.00157	0.00402	0.00278	0.00314	0.00559
14	0.01382	0.75697	0.05628	0.00920	0.01364	0.05382	0.00923	0.01562	0.01062	0.01226	0.00725	0.00838	0.00658	0.00445	0.00341	0.00113	0.00573	0.00281	0.00221	0.00660
15	0.01313	0.00745	0.00930	0.00756	0.01054	0.00638	0.00599	0.01566	0.04025	0.26563	0.24486	0.02599	0.11754	0.00782	0.00522	0.00143	0.00344	0.00660	0.00515	0.20005
16	0.01121	0.01037	0.01655	0.63505	0.09932	0.01252	0.01436	0.01399	0.01078	0.01436	0.00996	0.01473	0.00796	0.00623	0.00693	0.00195	0.09971	0.00489	0.00267	0.00645
17	0.10213	0.01048	0.01154	0.00929	0.01260	0.01107	0.00755	0.31369	0.07463	0.20474	0.06994	0.01635	0.01325	0.00641	0.00482	0.00153	0.00441	0.00500	0.11299	0.00758
18	0.01014	0.00981	0.01539	0.71582	0.03290	0.03849	0.01386	0.01330	0.01021	0.01303	0.00889	0.01333	0.00682	0.00545	0.00607	0.00174	0.07227	0.00451	0.00229	0.00570
19	0.01178	0.01215	0.01563	0.01345	0.01364	0.07044	0.01113	0.01292	0.00832	0.01236	0.00682	0.01109	0.00673	0.00872	0.01599	0.00218	0.75432	0.00441	0.00227	0.00564
20	0.85592	0.00992	0.00754	0.00675	0.00992	0.01151	0.00556	0.01508	0.00873	0.02302	0.00714	0.00834	0.00556	0.00476	0.00318	0.00159	0.00397	0.00278	0.00318	0.00556
21	0.00628	0.00460	0.00590	0.00686	0.00739	0.00422	0.00466	0.00730	0.01029	0.01356	0.06864	0.68109	0.12953	0.01541	0.00646	0.00202	0.00290	0.01385	0.00481	0.00422
22	0.02302	0.00873	0.01191	0.00913	0.01310	0.00754	0.00754	0.02501	0.01469	0.79122	0.02024	0.01746	0.01270	0.00635	0.00516	0.00159	0.00437	0.00516	0.00635	0.00873
23	0.00667	0.00522	0.00604	0.00584	0.00730	0.00459	0.00438	0.00854	0.01313	0.01727	0.42356	0.04378	0.41188	0.01172	0.00606	0.00167	0.00251	0.01004	0.00521	0.00459
24	0.01107	0.01100	0.01542	0.01327	0.01330	0.01535	0.01104	0.01222	0.00787	0.01233	0.00701	0.01157	0.00697	0.01013	0.04740	0.00248	0.77917	0.00453	0.00226	0.00557
25	0.00677	0.00524	0.00617	0.00598	0.00742	0.00465	0.00451	0.00870	0.01324	0.01755	0.45044	0.04356	0.36650	0.01166	0.00608	0.00168	0.00255	0.02742	0.00524	0.00462
26	0.00734	0.00545	0.00802	0.00802	0.00886	0.00629	0.00613	0.00902	0.00818	0.01174	0.01395	0.02130	0.01332	0.10500	0.73350	0.00797	0.01300	0.00566	0.00278	0.00446
27	0.01082	0.00781	0.00913	0.00866	0.01037	0.00811	0.00648	0.22017	0.06230	0.03890	0.04603	0.45290	0.05406	0.01219	0.00602	0.00188	0.00383	0.02956	0.00496	0.00583
28	0.01217	0.00555	0.00616	0.00562	0.00736	0.00532	0.00435	0.01448	0.01152	0.16854	0.01742	0.01881	0.01306	0.00605	0.00389	0.00127	0.00277	0.00486	0.68526	0.00555
29	0.01816	0.03861	0.01438	0.01274	0.01545	0.67292	0.00964	0.02134	0.12180	0.01380	0.00974	0.01062	0.00788	0.00550	0.00468	0.00138	0.00845	0.00364	0.00300	0.00627
30	0.07626	0.01102	0.08105	0.00965	0.02588	0.01007	0.00822	0.16775	0.14208	0.16842	0.10580	0.02058	0.08140	0.00715	0.00507	0.00160	0.00436	0.00578	0.06065	0.00720
31	0.01935	0.01412	0.01520	0.01164	0.01576	0.01550	0.00961	0.73549	0.02358	0.04765	0.01240	0.01238	0.00878	0.00610	0.00510	0.00152	0.00557	0.00459	0.00510	0.03054
32	0.00827	0.00591	0.00827	0.00945	0.01063	0.00591	0.00827	0.01063	0.01181	0.01536	0.02717	0.05788	0.02953	0.01417	0.00709	0.00236	0.00472	0.75313	0.00472	0.00472
33	0.02634	0.23031	0.30448	0.01614	0.18603	0.05035	0.01395	0.01616	0.01122	0.04550	0.02913	0.01143	0.00820	0.00500	0.00480	0.00146	0.02584	0.00386	0.00255	0.00726
34	0.01674	0.23511	0.01855	0.01386	0.10401	0.37991	0.01019	0.10263	0.04572	0.01549	0.00894	0.01013	0.00739	0.00513	0.00440	0.00133	0.00726	0.00355	0.00290	0.00677
35	0.01495	0.01135	0.01378	0.14337	0.01788	0.01262	0.03620	0.29147	0.23079	0.07834	0.01677	0.01742	0.04482	0.00659	0.00523	0.00165	0.00518	0.01782	0.02613	0.00763
36	0.02292	0.00890	0.01201	0.00921	0.01318	0.00778	0.00761	0.04664	0.01496	0.76920	0.02001	0.01732	0.01259	0.00635	0.00516	0.00159	0.00440	0.00514	0.00632	0.00873
37	0.00746	0.00500	0.00570	0.00577	0.00582	0.00499	0.00333	0.00757	0.00767	0.01021	0.01683	0.05229	0.01939	0.77296	0.02500	0.00482	0.00492	0.03390	0.00320	0.00319
38	0.00733	0.00550	0.00825	0.00825	0.00916	0.00641	0.00641	0.00916	0.00825	0.01191	0.01374	0.02016	0.01283	0.03848	0.79934	0.00825	0.01374	0.00550	0.00275	0.00458
39	0.01918	0.02406	0.01457	0.01316	0.01586	0.76848	0.00991	0.04979	0.01492	0.01333	0.00810	0.00937	0.00669	0.00532	0.00465	0.00133	0.00911	0.00336	0.00274	0.00606
40	0.01951	0.01437	0.01540	0.01181	0.01591	0.01591	0.00975	0.77056	0.02412	0.03234	0.01232	0.01232	0.00873	0.00616	0.00513	0.00154	0.00565	0.00462	0.00513	0.00873
41	0.01372	0.82276	0.02689	0.00878	0.01317	0.02030	0.00878	0.01536	0.01043	0.01207	0.00713	0.00823	0.00658	0.00439	0.00329	0.00110	0.00549	0.00274	0.00219	0.00658
42	0.85592	0.00992	0.00754	0.00675	0.00992	0.01151	0.00556	0.01508	0.00873	0.02302	0.00714	0.00834	0.00556	0.00476	0.00318	0.00159	0.00397	0.00278	0.00318	0.00556
43	0.01372	0.82276	0.02689	0.00878	0.01317	0.02030	0.00878	0.01536	0.01043	0.01207	0.00713	0.00823	0.00658	0.00439	0.00329	0.00110	0.00549	0.00274	0.00219	0.00658
44	0.00749	0.00501	0.00570	0.00574	0.00579	0.00501	0.00330	0.00758	0.00763	0.01015	0.01658	0.03449	0.01906	0.78937	0.02540	0.00488	0.00497	0.03552	0.00317	0.00317
45	0.00625	0.00447	0.00595	0.00714	0.00744	0.00417	0.00476	0.00714	0.00982	0.01310	0.02828	0.81633	0.03394	0.01608	0.00655	0.00208	0.00298	0.01459	0.00476	0.00417
46	0.00606	0.00520	0.00520	0.00520	0.00693	0.00433	0.00390	0.00736	0.01170	0.01386	0.05198	0.04938	0.78558	0.01299	0.00606	0.00173	0.00260	0.01083	0.00476	0.00433
47	0.00726	0.00524	0.00686	0.00646	0.00767	0.00484	0.00484	0.00968	0.01452	0.02058	0.78496	0.03833	0.04841	0.01049	0.00605	0.00161	0.00242	0.00928	0.00565	0.00484
48	0.01064	0.00912	0.01064	0.00760	0.01216	0.00684	0.00608	0.01292	0.01064	0.01672	0.00912	0.01064	0.00760	0.00380	0.00380	0.00076	0.00380	0.00304	0.00304	0.85104
49	0.01211	0.01384	0.03028	0.02163	0.02682	0.01298	0.76903	0.01644	0.01211	0.01644	0.01038	0.01384	0.00779	0.00433	0.00606	0.00173	0.00865	0.00606	0.00260	0.00692
50	0.01189	0.01575	0.15857	0.02196	0.14346	0.01267	0.52519	0.01630	0.01183	0.01645	0.01007	0.01315	0.00762	0.00446	0.00570	0.00168	0.00807	0.00544	0.00251	0.00722
51	0.85592	0.00992	0.00754	0.00675	0.00992	0.01151	0.00556	0.01508	0.00873	0.02302	0.00714	0.00834	0.00556	0.00476	0.00318	0.00159	0.00397	0.00278	0.00318	0.00556
52	0.01265	0.00846	0.00997	0.00818	0.01107	0.00807	0.00648	0.14015	0.07996	0.13895	0.27807	0.02529	0.08835	0.00788	0.00530	0.00147	0.00365	0.00662	0.00510	0.15432
53	0.00625	0.00447	0.00595	0.00714	0.00744	0.00417	0.00476	0.00714	0.00982	0.01310	0.02828	0.81633	0.03394	0.01608	0.00655	0.00208	0.00298	0.01459	0.00476	0.00417
54	0.01375	0.66787	0.11423	0.00980	0.01442	0.08090	0.01004	0.01587	0.01080	0.01259	0.00744	0.00861	0.00658	0.00452	0.00358	0.00118	0.00603	0.00291	0.00223	0.00665
55	0.00616	0.00520	0.00533	0.00530	0.00699	0.00437	0.00397	0.00755	0.01192	0.01440	0.11064	0.04850	0.72659	0.01279	0.00606	0.00172	0.00258	0.01071	0.00484	0.00437
56	0.01176	0.01007	0.01120	0.01083	0.05241	0.01133	0.00796	0.02349	0.60358	0.02070	0.11193	0.02301	0.04985	0.00763	0.00538	0.00173	0.00393	0.02058	0.00511	0.00752
57	0.01276	0.01102	0.01160	0.01044	0.01334	0.01276	0.00812	0.02727	0.77840	0.02146	0.02088	0.01914	0.01566	0.00696	0.00522	0.00174	0.00406	0.00580	0.00522	0.00812
58	0.01029	0.02654	0.79309	0.01462	0.02221	0.01192	0.01896	0.01625	0.01083	0.01625	0.00921	0.01083	0.00650	0.00487	0.00487	0.00162	0.00758	0.00379	0.00217	0.00758
59	0.00726	0.00495	0.00595	0.00625	0.00643	0.00493	0.00390	0.00767	0.00823	0.01099	0.01915	0.19074	0.02211	0.57632	0.05465	0.00438	0.00494	0.05414	0.00352	0.00348
60	0.85592	0.00992	0.00754	0.00675	0.00992	0.01151	0.00556	0.01508	0.00873	0.02302	0.00714	0.00834	0.00556	0.00476	0.00318	0.00159	0.00397	0.00278	0.00318	0.00556
61	0.01106	0.01073	0.01718	0.51718	0.28680	0.04150	0.01459	0.01427	0.01090	0.01431	0.00925	0.01318	0.00726	0.00495	0.00509	0.00163	0.00668	0.00452	0.00238	0.00652
62	0.00722	0.00529	0.00699	0.00799	0.00894	0.00505	0.00637	0.00890	0.01109	0.01433	0.03129	0.32575	0.14473	0.01467	0.00674	0.00217	0.00379	0.37948	0.00474	0.00447
63	0.01149	0.00955	0.02878	0.01374	0.15531	0.01028	0.00935	0.09003	0.13191	0.05204	0.07626	0.01821	0.01421	0.01704	0.26330	0.00381	0.07899	0.00545	0.00367	0.00656
64	0.00722	0.00521	0.00682	0.00649	0.00766	0.00481	0.00484	0.00957	0.01432	0.02025	0.75208	0.07214	0.04779	0.01073	0.00607	0.00163	0.00244	0.00951	0.00561	0.00481
65	0.01721	0.01283	0.09683	0.08058	0.17896	0.04136	0.06528	0.08972	0.01399	0.32989	0.01406	0.01442	0.00967	0.00552	0.00515	0.00158	0.00588	0.00479	0.00427	0.00800
66	0.01064	0.00912	0.01064	0.00760	0.01216	0.00684	0.00608	0.01292	0.01064	0.01672	0.00912	0.01064	0.00760	0.00380	0.00380	0.00076	0.00380	0.00304	0.00304	0.85104
67	0.01917	0.02445	0.01454	0.01322	0.01586	0.79907	0.00991	0.02049	0.01454	0.01256	0.00793	0.00925	0.00661	0.00529	0.00463	0.00132	0.00925	0.00330	0.00264	0.00595
68	0.01029	0.02654	0.79309	0.01462	0.02221	0.01192	0.01896	0.01625	0.01083	0.01625	0.00921	0.01083	0.00650	0.00487	0.00487	0.00162	0.00758	0.00379	0.00217	0.00758
69	0.00606	0.00520	0.00520	0.00520	0.00693	0.00433	0.00390	0.00736	0.01170	0.01386	0.05198	0.04938	0.78558	0.01299	0.00606	0.00173	0.00260	0.01083	0.00476	0.00433
70	0.00945	0.00481	0.00488	0.00487	0.00606	0.00479	0.00365	0.01184	0.01095	0.01920	0.05468	0.02008	0.01489	0.00620	0.00371	0.00122	0.00239	0.00500	0.80655	0.00479
71	0.00722	0.00524	0.00680	0.00641	0.00764	0.00482	0.00481	0.00960	0.01442	0.02032	0.75720	0.03875	0.07634	0.01058	0.00605	0.00162	0.00243	0.00934	0.00561	0.00482
72	0.00606	0.00520	0.00520	0.00520	0.00693	0.00433	0.00390	0.00736	0.01170	0.01386	0.05198	0.04938	0.78558	0.01299	0.00606	0.00173	0.00260	0.01083	0.00476	0.00433
73	0.01088	0.00991	0.01391	0.00993	0.01460	0.00786	0.13296	0.01350	0.01088	0.01667	0.00933	0.01117	0.00763	0.00389	0.00418	0.00092	0.00461	0.00354	0.00297	0.71066
74	0.01213	0.01379	0.03000	0.02191	0.04890	0.01295	0.74717	0.01642	0.01210	0.01645	0.01036	0.01381	0.00780	0.00433	0.00603	0.00172	0.00858	0.00601	0.00259	0.00696
75	0.85592	0.00992	0.00754	0.00675	0.00992	0.01151	0.00556	0.01508	0.00873	0.02302	0.00714	0.00834	0.00556	0.00476	0.00318	0.00159	0.00397	0.00278	0.00318	0.00556
76	0.00676	0.00537	0.00616	0.00638	0.00790	0.00478	0.00506	0.00847	0.01214	0.01520	0.15453	0.04973	0.49973	0.01290	0.00630	0.00186	0.00307	0.18426	0.00489	0.00450
77	0.00969	0.00912	0.01539	0.80734	0.03534	0.01140	0.01425	0.01311	0.01026	0.01311	0.00912	0.01368	0.00684	0.00513	0.00513	0.00171	0.00684	0.00456	0.00228	0.00570
78	0.00744	0.00507	0.00606	0.00606	0.00622	0.00523	0.00369	0.00776	0.00760	0.01029	0.01574	0.03122	0.01763	0.68254	0.16185	0.00555	0.00651	0.00712	0.00305	0.00337
79	0.02103	0.01164	0.01368	0.01051	0.01453	0.01190	0.00868	0.40378	0.03446	0.39062	0.01623	0.01488	0.01074	0.00627	0.00515	0.00157	0.00501	0.00490	0.00571	0.00872
80	0.00722	0.00524	0.00680	0.00641	0.00764	0.00482	0.00481	0.00960	0.01442	0.02033	0.75757	0.03874	0.07596	0.01058	0.00605	0.00162	0.00243	0.00934	0.00562	0.00482
81	0.05414	0.04681	0.01503	0.06045	0.12910	0.27857	0.01016	0.05486	0.01368	0.23721	0.01186	0.01251	0.00865	0.00561	0.00528	0.00150	0.03947	0.00416	0.00377	0.00717
82	0.00698	0.00506	0.00659	0.00658	0.00759	0.00466	0.00479	0.00900	0.01330	0.01856	0.57881	0.22508	0.06997	0.01191	0.00617	0.00173	0.00256	0.01060	0.00541	0.00466
83	0.01382	0.13931	0.25930	0.01336	0.06869	0.11728	0.01254	0.10605	0.13084	0.03755	0.01197	0.01402	0.00946	0.00575	0.00481	0.00154	0.00642	0.03663	0.00329	0.00738
84	0.47805	0.02871	0.10084	0.00988	0.04292	0.01249	0.00855	0.15981	0.04773	0.05432	0.00962	0.01041	0.00714	0.00519	0.00399	0.00158	0.00484	0.00355	0.00361	0.00676
85	0.01125	0.00926	0.01080	0.00780	0.01226	0.00721	0.00625	0.04612	0.01140	0.03562	0.02463	0.01141	0.00856	0.00409	0.00393	0.00083	0.00387	0.00328	0.00326	0.77817
86	0.01715	0.01299	0.01384	0.01110	0.01473	0.01451	0.00901	0.52659	0.23563	0.02867	0.01493	0.01455	0.01088	0.00638	0.00509	0.00158	0.00505	0.00496	0.04398	0.00837
87	0.00992	0.00924	0.01539	0.78870	0.03488	0.01151	0.01414	0.03086	0.01058	0.01356	0.00919	0.01365	0.00688	0.00515	0.00513	0.00171	0.00681	0.00456	0.00235	0.00577
88	0.85592	0.00992	0.00754	0.00675	0.00992	0.01151	0.00556	0.01508	0.00873	0.02302	0.00714	0.00834	0.00556	0.00476	0.00318	0.00159	0.00397	0.00278	0.00318	0.00556
89	0.00733	0.00550	0.00825	0.00825	0.00916	0.00641	0.00641	0.00916	0.00825	0.01191	0.01374	0.02016	0.01283	0.03848	0.79934	0.00825	0.01374	0.00550	0.00275	0.00458
90	0.00614	0.00520	0.00530	0.00528	0.00698	0.00436	0.00396	0.00751	0.01187	0.01429	0.09830	0.04868	0.73900	0.01284	0.00606	0.00173	0.00259	0.01073	0.00482	0.00436
91	0.00641	0.00448	0.00590	0.00703	0.00737	0.00420	0.00471	0.00738	0.00987	0.01339	0.02772	0.77740	0.03292	0.01558	0.00640	0.00204	0.00295	0.01411	0.04595	0.00420
92	0.01029	0.02654	0.79309	0.01462	0.02221	0.01192	0.01896	0.01625	0.01083	0.01625	0.00921	0.01083	0.00650	0.00487	0.00487	0.00162	0.00758	0.00379	0.00217	0.00758
93	0.00726	0.00524	0.00686	0.00646	0.00767	0.00484	0.00484	0.00968	0.01452	0.02058	0.78496	0.03833	0.04841	0.01049	0.00605	0.00161	0.00242	0.00928	0.00565	0.00484
94	0.00734	0.00544	0.00797	0.00797	0.00879	0.00626	0.00607	0.00898	0.00816	0.01170	0.01400	0.02157	0.01344	0.12086	0.71781	0.00790	0.01282	0.00570	0.00279	0.00443
95	0.01435	0.73074	0.02546	0.00929	0.01348	0.11007	0.00891	0.01596	0.01090	0.01213	0.00723	0.00835	0.00659	0.00449	0.00345	0.00112	0.00592	0.00281	0.00225	0.00651
96	0.58680	0.05068	0.01035	0.00863	0.01171	0.22937	0.00691	0.01659	0.01041	0.01964	0.00736	0.00858	0.00589	0.00489	0.00358	0.00149	0.00550	0.00292	0.00298	0.00571
97	0.01123	0.01123	0.01572	0.01347	0.01347	0.01572	0.01123	0.01235	0.00786	0.01235	0.00674	0.01123	0.00674	0.00898	0.01684	0.00225	0.81028	0.00449	0.00225	0.00561
98	0.00746	0.00497	0.00560	0.00560	0.00560	0.00497	0.00311	0.00746	0.00746	0.00995	0.01617	0.03358	0.01865	0.81967	0.02612	0.00497	0.00497	0.00746	0.00311	0.00311
99	0.00998	0.00976	0.04599	0.23422	0.09849	0.00984	0.15038	0.01315	0.01167	0.01654	0.19092	0.01966	0.01747	0.00649	0.00606	0.00165	0.05485	0.00593	0.09103	0.00594
100	0.00625	0.00447	0.00595	0.00714	0.00744	0.00417	0.00476	0.00714	0.00982	0.01310	0.02828	0.81633	0.03394	0.01608	0.00655	0.00208	0.00298	0.01459	0.00476	0.00417
101	0.01064	0.00912	0.01064	0.00760	0.01216	0.00684	0.00608	0.01292	0.01064	0.01672	0.00912	0.01064	0.00760	0.00380	0.00380	0.00076	0.00380	0.00304	0.00304	0.85104
102	0.01344	0.75800	0.08920	0.00926	0.01390	0.01962	0.00961	0.01544	0.01046	0.01241	0.00730	0.00844	0.00658	0.00443	0.00342	0.00114	0.00566	0.00283	0.00219	0.00667
103	0.00625	0.00447	0.00595	0.00714	0.00744	0.00417	0.00476	0.00714	0.00982	0.01310	0.02828	0.81633	0.03394	0.01608	0.00655	0.00208	0.00298	0.01459	0.00476	0.00417
104	0.85592	0.00992	0.00754	0.00675	0.00992	0.01151	0.00556	0.01508	0.00873	0.02302	0.00714	0.00834	0.00556	0.00476	0.00318	0.00159	0.00397	0.00278	0.00318	0.00556
105	0.01064	0.00912	0.01064	0.00760	0.01216	0.00684	0.00608	0.01292	0.01064	0.01672	0.00912	0.01064	0.00760	0.00380	0.00380	0.00076	0.00380	0.00304	0.00304	0.85104
106	0.00606	0.00520	0.00520	0.00520	0.00693	0.00433	0.00390	0.00736	0.01170	0.01386	0.05198	0.04938	0.78558	0.01299	0.00606	0.00173	0.00260	0.01083	0.00476	0.00433
107	0.85592	0.00992	0.00754	0.00675	0.00992	0.01151	0.00556	0.01508	0.00873	0.02302	0.00714	0.00834	0.00556	0.00476	0.00318	0.00159	0.00397	0.00278	0.00318	0.00556
108	0.02302	0.00873	0.01191	0.00913	0.01310	0.00754	0.00754	0.02501	0.01469	0.79122	0.02024	0.01746	0.01270	0.00635	0.00516	0.00159	0.00437	0.00516	0.00635	0.00873
109	0.01917	0.02445	0.01454	0.01322	0.01586	0.79907	0.00991	0.02049	0.01454	0.01256	0.00793	0.00925	0.00661	0.00529	0.00463	0.00132	0.00925	0.00330	0.00264	0.00595
110	0.85592	0.00992	0.00754	0.00675	0.00992	0.01151	0.00556	0.01508	0.00873	0.02302	0.00714	0.00834	0.00556	0.00476	0.00318	0.00159	0.00397	0.00278	0.00318	0.00556
111	0.00625	0.00447	0.00595	0.00714	0.00744	0.00417	0.00476	0.00714	0.00982	0.01310	0.02828	0.81633	0.03394	0.01608	0.00655	0.00208	0.00298	0.01459	0.00476	0.00417
112	0.02302	0.00873	0.01191	0.00913	0.01310	0.00754	0.00754	0.02501	0.01469	0.79122	0.02024	0.01746	0.01270	0.00635	0.00516	0.00159	0.00437	0.00516	0.00635	0.00873
113	0.01878	0.02381	0.01460	0.01323	0.01575	0.76082	0.00998	0.02009	0.01421	0.01255	0.00787	0.00935	0.00662	0.00547	0.00522	0.00137	0.04837	0.00336	0.00262	0.00593
114	0.01103	0.00935	0.01085	0.00778	0.01232	0.00723	0.00624	0.04584	0.01123	0.01740	0.00926	0.01071	0.00765	0.00390	0.00386	0.00079	0.00388	0.00311	0.00313	0.81444
115	0.00969	0.00912	0.01539	0.80734	0.03534	0.01140	0.01425	0.01311	0.01026	0.01311	0.00912	0.01368	0.00684	0.00513	0.00513	0.00171	0.00684	0.00456	0.00228	0.00570
116	0.01372	0.82276	0.02689	0.00878	0.01317	0.02030	0.00878	0.01536	0.01043	0.01207	0.00713	0.00823	0.00658	0.00439	0.00329	0.00110	0.00549	0.00274	0.00219	0.00658
117	0.00746	0.00497	0.00560	0.00560	0.00560	0.00497	0.00311	0.00746	0.00746	0.00995	0.01617	0.03358	0.01865	0.81967	0.02612	0.00497	0.00497	0.00746	0.00311	0.00311
118	0.00918	0.01544	0.33838	0.01403	0.08094	0.00913	0.10344	0.01278	0.01067	0.01512	0.01662	0.31700	0.01720	0.00903	0.00567	0.00180	0.00584	0.00822	0.00323	0.00625
119	0.01276	0.01102	0.01160	0.01044	0.01334	0.01276	0.00812	0.02727	0.77840	0.02146	0.02088	0.01914	0.01566	0.00696	0.00522	0.00174	0.00406	0.00580	0.00522	0.00812
120	0.01064	0.00912	0.01064	0.00760	0.01216	0.00684	0.00608	0.01292	0.01064	0.01672	0.00912	0.01064	0.00760	0.00380	0.00380	0.00076	0.00380	0.00304	0.00304	0.85104
121	0.00926	0.00734	0.00858	0.00790	0.00972	0.00771	0.00603	0.01606	0.29160	0.02090	0.50781	0.03137	0.03653	0.00921	0.00575	0.00166	0.00302	0.00802	0.00549	0.00603
122	0.02302	0.00873	0.01191	0.00913	0.01310	0.00754	0.00754	0.02501	0.01469	0.79122	0.02024	0.01746	0.01270	0.00635	0.00516	0.00159	0.00437	0.00516	0.00635	0.00873
123	0.00907	0.00566	0.00823	0.00794	0.00798	0.00644	0.00570	0.00776	0.00717	0.00991	0.01020	0.08004	0.01064	0.01653	0.03316	0.61762	0.14518	0.00531	0.00245	0.00302
124	0.00750	0.00497	0.00558	0.00558	0.00560	0.00497	0.00312	0.00755	0.00753	0.01013	0.01618	0.03329	0.01855	0.80370	0.02567	0.00490	0.00492	0.00741	0.01970	0.00314
125	0.01219	0.21873	0.51494	0.01299	0.01927	0.07729	0.01541	0.04556	0.01155	0.01556	0.00872	0.01013	0.00662	0.00484	0.00448	0.00147	0.00713	0.00353	0.00233	0.00725
126	0.01454	0.71499	0.02522	0.00923	0.01348	0.07329	0.00888	0.05068	0.01142	0.02813	0.00768	0.00867	0.00680	0.00457	0.00350	0.00114	0.00573	0.00292	0.00244	0.00668
127	0.01152	0.01153	0.03608	0.47046	0.09006	0.07226	0.12277	0.01502	0.02685	0.04694	0.01159	0.01484	0.03698	0.00536	0.00525	0.00166	0.00693	0.00495	0.00270	0.00626
128	0.01391	0.30281	0.13461	0.01123	0.01543	0.11395	0.03780	0.10012	0.11142	0.01656	0.01082	0.03985	0.00904	0.00560	0.00470	0.00141	0.02492	0.00416	0.00310	0.03856

[dist]
# distance from previous block
# <min> <max>
0	2

[block]
# block no. 3 follows, 48 sequences, length 196
# corresponding to MSA columns:
# 244-439
name=unknown_D
#
# <colnr> <probs for GDERKNQSTAVLIFYWHMCP>
#	G	D	E	R	K	N	Q	S	T	A	V	L	I	F	Y	W	H	M	C	P
0	0.01340	0.15407	0.18206	0.01773	0.23117	0.09155	0.05494	0.05062	0.08832	0.03003	0.01040	0.01192	0.00819	0.00498	0.00472	0.00147	0.00644	0.00415	0.00288	0.03094
1	0.29955	0.33837	0.10599	0.00927	0.01343	0.07276	0.00896	0.05034	0.03249	0.01748	0.00806	0.00913	0.00658	0.00479	0.00367	0.00138	0.00545	0.00309	0.00278	0.00644
2	0.00743	0.00511	0.00626	0.00626	0.00649	0.00534	0.00394	0.00789	0.00766	0.01044	0.01556	0.03020	0.01719	0.62294	0.22085	0.00580	0.00718	0.00697	0.00302	0.00348
3	0.01194	0.01517	0.14700	0.21387	0.07638	0.07245	0.32395	0.01590	0.01159	0.03174	0.00992	0.01308	0.00748	0.00538	0.02022	0.00178	0.00791	0.00498	0.00253	0.00673
4	0.00711	0.00532	0.00633	0.00612	0.00759	0.00473	0.00465	0.00906	0.01326	0.03198	0.43944	0.04328	0.34793	0.01159	0.00608	0.00169	0.00263	0.04125	0.00526	0.00470
5	0.00638	0.00521	0.00563	0.00553	0.00712	0.00446	0.00414	0.00797	0.01243	0.01561	0.24269	0.04650	0.59378	0.01234	0.00606	0.00170	0.00255	0.01043	0.00499	0.00446
6	0.01898	0.01355	0.01458	0.01125	0.01516	0.01489	0.00927	0.69472	0.02292	0.05825	0.01289	0.01295	0.00916	0.00615	0.00503	0.00152	0.00539	0.00465	0.06022	0.00847
7	0.01270	0.01219	0.02083	0.03149	0.78767	0.01219	0.01575	0.01575	0.01168	0.01676	0.00965	0.01270	0.00813	0.00457	0.00508	0.00152	0.00610	0.00457	0.00254	0.00813
8	0.00742	0.00516	0.00653	0.00653	0.00686	0.00548	0.00428	0.00806	0.00774	0.01064	0.01531	0.02884	0.01660	0.54385	0.29913	0.00613	0.00807	0.00677	0.00298	0.00363
9	0.01211	0.01384	0.03028	0.02163	0.02682	0.01298	0.76903	0.01644	0.01211	0.01644	0.01038	0.01384	0.00779	0.00433	0.00606	0.00173	0.00865	0.00606	0.00260	0.00692
10	0.85592	0.00992	0.00754	0.00675	0.00992	0.01151	0.00556	0.01508	0.00873	0.02302	0.00714	0.00834	0.00556	0.00476	0.00318	0.00159	0.00397	0.00278	0.00318	0.00556
11	0.05031	0.01082	0.01461	0.09056	0.04207	0.01116	0.06275	0.22663	0.01605	0.33652	0.04184	0.01539	0.01127	0.00617	0.00565	0.00162	0.03875	0.00502	0.00491	0.00789
12	0.00625	0.00447	0.00595	0.00714	0.00744	0.00417	0.00476	0.00714	0.00982	0.01310	0.02828	0.81633	0.03394	0.01608	0.00655	0.00208	0.00298	0.01459	0.00476	0.00417
13	0.00746	0.00499	0.00566	0.00566	0.00568	0.00501	0.00319	0.00750	0.00748	0.00999	0.01611	0.03327	0.01852	0.80154	0.04407	0.00505	0.00518	0.00742	0.00310	0.00314
14	0.00974	0.00718	0.02410	0.02846	0.03741	0.00679	0.00644	0.05690	0.06875	0.07279	0.57228	0.03199	0.03809	0.00926	0.00580	0.00162	0.00320	0.00809	0.00537	0.00575
