[name]
unknown

[dist]
# distance from previous block
# <min> <max>
3	406

[block]
# block no. 0 follows, 44 sequences, length 49
# corresponding to MSA columns:
# 438-486
name=unknown_A
#
# <colnr> <probs for GDERKNQSTAVLIFYWHMCP>
#	G	D	E	R	K	N	Q	S	T	A	V	L	I	F	Y	W	H	M	C	P
0	0.00738	0.00525	0.00679	0.00755	0.00819	0.00498	0.00520	0.03440	0.01151	0.01541	0.11620	0.61276	0.07430	0.01593	0.00746	0.04002	0.00324	0.01377	0.00506	0.00460
1	0.00892	0.00713	0.00910	0.00848	0.00947	0.00787	0.00631	0.03609	0.00998	0.01385	0.03421	0.10452	0.10780	0.22487	0.19878	0.00442	0.13542	0.00771	0.00357	0.06150
2	0.17936	0.00771	0.00913	0.07268	0.01185	0.00859	0.00687	0.06249	0.01067	0.01668	0.01879	0.26635	0.06853	0.01244	0.00943	0.15155	0.06981	0.00827	0.00383	0.00497
3	0.22030	0.44673	0.13535	0.00966	0.01434	0.01698	0.00991	0.01632	0.01067	0.03541	0.00833	0.00971	0.00696	0.00540	0.00440	0.03114	0.00570	0.00322	0.00270	0.00678
4	0.04166	0.01020	0.00949	0.00872	0.01082	0.13344	0.00678	0.06477	0.05334	0.05533	0.29005	0.03138	0.09884	0.00941	0.00575	0.00170	0.00444	0.06761	0.09034	0.00594
5	0.00990	0.00906	0.01470	0.45581	0.16070	0.01029	0.01272	0.01281	0.01124	0.01469	0.01750	0.14612	0.08627	0.00804	0.00578	0.00185	0.00603	0.00722	0.00315	0.00611
6	0.01302	0.01238	0.02107	0.05237	0.70262	0.01251	0.01602	0.01618	0.01213	0.01736	0.01053	0.01406	0.00894	0.00732	0.05841	0.00211	0.00705	0.00492	0.00271	0.00831
7	0.01135	0.00984	0.01167	0.00850	0.01301	0.00791	0.00683	0.01369	0.01110	0.01745	0.00952	0.01135	0.00801	0.00441	0.00498	0.00091	0.05793	0.00333	0.00317	0.78503
8	0.01558	0.05268	0.01745	0.09266	0.28928	0.01230	0.01200	0.15745	0.01502	0.12736	0.02672	0.04160	0.01090	0.00594	0.00525	0.00156	0.00571	0.00513	0.00395	0.10146
9	0.01582	0.05522	0.01749	0.19616	0.18362	0.37437	0.01275	0.01813	0.01330	0.01442	0.00959	0.03157	0.00815	0.00573	0.00537	0.00157	0.02288	0.00440	0.00272	0.00673
10	0.00820	0.00574	0.00668	0.00651	0.00651	0.00606	0.00389	0.00828	0.00796	0.01074	0.01650	0.03407	0.01896	0.75421	0.02708	0.00509	0.05909	0.00771	0.00324	0.00348
11	0.01192	0.01080	0.01159	0.00848	0.01319	0.06013	0.00674	0.01427	0.01159	0.01746	0.00960	0.01120	0.00800	0.00414	0.00410	0.00085	0.00443	0.00325	0.00320	0.78506
12	0.01125	0.00982	0.01209	0.00990	0.05273	0.00821	0.00738	0.01355	0.01108	0.01720	0.01046	0.04838	0.00933	0.00514	0.00539	0.00105	0.06970	0.00401	0.00322	0.69011
13	0.84691	0.01054	0.00801	0.00717	0.01054	0.01223	0.00590	0.01603	0.00928	0.02446	0.00759	0.00886	0.00590	0.00506	0.00337	0.00169	0.00422	0.00295	0.00337	0.00590
14	0.01130	0.00969	0.01130	0.00807	0.01292	0.00727	0.00646	0.01373	0.01130	0.01776	0.00969	0.01130	0.00807	0.00404	0.00404	0.00081	0.00404	0.00323	0.00323	0.84173
15	0.01193	0.01033	0.01626	0.25164	0.32051	0.01121	0.01276	0.05303	0.01180	0.02773	0.01190	0.01803	0.01051	0.14636	0.00951	0.00232	0.02133	0.00541	0.04068	0.00677
16	0.00927	0.00481	0.00695	0.00695	0.00695	0.00481	0.00455	0.00721	0.00721	0.00961	0.01046	0.01904	0.01081	0.12080	0.02214	0.73350	0.00481	0.00515	0.00249	0.00249
17	0.00774	0.00575	0.00844	0.00851	0.00938	0.00659	0.00648	0.00950	0.00879	0.01258	0.01559	0.06346	0.01523	0.09171	0.69441	0.00818	0.01337	0.00649	0.00306	0.00474
18	0.01130	0.00969	0.01130	0.00807	0.01292	0.00727	0.00646	0.01373	0.01130	0.01776	0.00969	0.01130	0.00807	0.00404	0.00404	0.00081	0.00404	0.00323	0.00323	0.84173
19	0.00654	0.00553	0.00565	0.00562	0.00742	0.00464	0.00422	0.00801	0.01265	0.01526	0.10880	0.05159	0.71828	0.01361	0.00644	0.00183	0.00275	0.01138	0.00513	0.00464
20	0.00734	0.00556	0.00676	0.00646	0.00791	0.00498	0.00485	0.00955	0.01454	0.01973	0.55777	0.04423	0.26652	0.01194	0.00643	0.00175	0.00263	0.01035	0.00572	0.00498
21	0.84691	0.01054	0.00801	0.00717	0.01054	0.01223	0.00590	0.01603	0.00928	0.02446	0.00759	0.00886	0.00590	0.00506	0.00337	0.00169	0.00422	0.00295	0.00337	0.00590
22	0.01824	0.01379	0.01367	0.01093	0.01445	0.07769	0.00885	0.52292	0.02149	0.02936	0.01379	0.01450	0.01018	0.00642	0.00503	0.00153	0.00551	0.00483	0.19874	0.00805
23	0.02297	0.00897	0.01206	0.00935	0.01338	0.00773	0.00769	0.02502	0.01534	0.71515	0.02429	0.02136	0.07612	0.00733	0.00556	0.00170	0.00448	0.00598	0.00661	0.00889
24	0.00672	0.00486	0.00636	0.00741	0.00790	0.00450	0.00502	0.00783	0.01096	0.01462	0.09269	0.69901	0.07916	0.01640	0.00689	0.00215	0.00309	0.01481	0.00514	0.00450
25	0.01589	0.01548	0.06716	0.01854	0.04024	0.01480	0.39516	0.29187	0.01750	0.03790	0.01184	0.01393	0.00866	0.00547	0.00614	0.00176	0.02005	0.00565	0.00380	0.00815
26	0.00680	0.00546	0.00607	0.00608	0.00762	0.00473	0.00450	0.00845	0.01301	0.01651	0.24011	0.12482	0.50982	0.01344	0.00649	0.00185	0.00275	0.01148	0.00531	0.00473
27	0.01533	0.01290	0.07760	0.01303	0.05515	0.01246	0.03681	0.33052	0.01777	0.06635	0.05085	0.02383	0.01537	0.04586	0.04441	0.00233	0.04314	0.12409	0.00462	0.00756
28	0.01386	0.01597	0.05958	0.12623	0.16323	0.15350	0.27352	0.03707	0.01301	0.01646	0.01076	0.04125	0.00888	0.00565	0.00619	0.00174	0.03763	0.00550	0.00283	0.00716
29	0.01342	0.00785	0.04489	0.00883	0.01095	0.00665	0.00693	0.05336	0.01275	0.25956	0.02441	0.42625	0.02470	0.03388	0.00739	0.03179	0.00412	0.01062	0.00535	0.00630
30	0.01030	0.00969	0.01635	0.79530	0.03755	0.01211	0.01514	0.01393	0.01090	0.01393	0.00969	0.01453	0.00727	0.00545	0.00545	0.00182	0.00727	0.00484	0.00242	0.00606
31	0.01309	0.01327	0.06896	0.08914	0.05135	0.17540	0.05752	0.03611	0.01325	0.04913	0.08032	0.06832	0.01647	0.00790	0.00575	0.01859	0.00606	0.06687	0.15633	0.00617
32	0.01196	0.01201	0.05882	0.38853	0.34250	0.01228	0.02922	0.01553	0.01180	0.03263	0.02683	0.01460	0.00894	0.00533	0.00545	0.00173	0.00685	0.00496	0.00271	0.00731
33	0.01114	0.00777	0.00926	0.04527	0.01167	0.00835	0.00686	0.01714	0.24985	0.08080	0.02348	0.31472	0.02262	0.01078	0.00608	0.00189	0.02167	0.00936	0.13492	0.00637
34	0.84691	0.01054	0.00801	0.00717	0.01054	0.01223	0.00590	0.01603	0.00928	0.02446	0.00759	0.00886	0.00590	0.00506	0.00337	0.00169	0.00422	0.00295	0.00337	0.00590
35	0.00873	0.00623	0.00872	0.00997	0.01120	0.00622	0.00868	0.01119	0.01249	0.01625	0.02890	0.08217	0.03151	0.01512	0.00751	0.00250	0.00497	0.71762	0.00502	0.00500
36	0.00733	0.00503	0.00612	0.00671	0.00686	0.00489	0.00412	0.00777	0.00909	0.01213	0.02316	0.39319	0.02737	0.44059	0.01809	0.00386	0.00430	0.01145	0.00412	0.00383
37	0.01095	0.00583	0.00624	0.00598	0.00748	0.00590	0.00452	0.01430	0.07380	0.05533	0.05746	0.02114	0.01593	0.00729	0.00498	0.04043	0.00289	0.00542	0.64867	0.00545
38	0.01381	0.01356	0.02182	0.03256	0.73919	0.04891	0.01644	0.01697	0.01255	0.01760	0.01017	0.01332	0.00856	0.00489	0.00537	0.00161	0.00663	0.00479	0.00270	0.00853
39	0.20060	0.00757	0.00873	0.00760	0.01006	0.00742	0.00600	0.01545	0.01409	0.20220	0.42131	0.02828	0.03217	0.00873	0.00552	0.00170	0.00343	0.00726	0.00559	0.00630
40	0.00691	0.00554	0.00617	0.00602	0.00765	0.00480	0.00451	0.00873	0.01354	0.01736	0.31976	0.04813	0.50601	0.01282	0.00644	0.00179	0.00269	0.01090	0.00541	0.00480
41	0.01361	0.45848	0.20253	0.01283	0.07797	0.01688	0.01237	0.01664	0.01162	0.05014	0.01072	0.01459	0.00942	0.00576	0.00447	0.00147	0.00628	0.06411	0.00278	0.00732
42	0.01036	0.01710	0.35345	0.10878	0.01959	0.01088	0.01390	0.04855	0.01250	0.01790	0.16611	0.09024	0.01878	0.00797	0.00680	0.00184	0.07857	0.00647	0.00347	0.00675
43	0.00667	0.00514	0.00593	0.00652	0.00748	0.00459	0.00449	0.00773	0.01109	0.01397	0.04008	0.39811	0.36271	0.08901	0.00866	0.00233	0.00318	0.01302	0.00490	0.00440
44	0.02405	0.00937	0.01264	0.00975	0.01393	0.00822	0.00804	0.02666	0.04410	0.74943	0.02153	0.01862	0.01362	0.00677	0.00548	0.00169	0.00463	0.00551	0.00670	0.00925
45	0.01423	0.01358	0.06005	0.21404	0.31373	0.02857	0.09028	0.12986	0.01426	0.05242	0.01106	0.01386	0.00845	0.00535	0.00551	0.00170	0.00694	0.00498	0.00322	0.00792
46	0.01248	0.09159	0.03591	0.16411	0.10592	0.04993	0.17754	0.01646	0.07352	0.01573	0.02791	0.01505	0.00985	0.03206	0.02142	0.00203	0.13349	0.00526	0.00290	0.00685
47	0.00768	0.00581	0.00849	0.00849	0.00954	0.00663	0.00659	0.00958	0.00906	0.01283	0.01796	0.02398	0.07625	0.03865	0.72238	0.00819	0.01363	0.00631	0.00310	0.00485
48	0.00951	0.08941	0.01065	0.00738	0.01030	0.00749	0.00592	0.01182	0.01324	0.01876	0.35410	0.02862	0.11006	0.00833	0.00531	0.00136	0.00343	0.00705	0.00457	0.29268

[dist]
# distance from previous block
# <min> <max>
0	2

[block]
# block no. 1 follows, 44 sequences, length 103
# corresponding to MSA columns:
# 489-591
name=unknown_B
#
# <colnr> <probs for GDERKNQSTAVLIFYWHMCP>
#	G	D	E	R	K	N	Q	S	T	A	V	L	I	F	Y	W	H	M	C	P
0	0.01336	0.01094	0.01299	0.05403	0.01493	0.04604	0.00845	0.01628	0.05400	0.10046	0.01117	0.01284	0.00889	0.00571	0.00699	0.00134	0.15288	0.00404	0.00353	0.46114
1	0.00957	0.00817	0.01281	0.21529	0.12536	0.00943	0.01047	0.01290	0.05258	0.01429	0.01315	0.01846	0.01145	0.02475	0.43049	0.00557	0.01098	0.00546	0.00291	0.00592
2	0.70822	0.14404	0.01144	0.00753	0.01112	0.01379	0.00647	0.01608	0.00958	0.02252	0.00759	0.00884	0.00609	0.00499	0.00339	0.00160	0.00449	0.00295	0.00320	0.00609
3	0.00743	0.00532	0.00678	0.00694	0.00770	0.00512	0.00481	0.00889	0.01171	0.01609	0.30577	0.23160	0.07744	0.19265	0.08408	0.00330	0.00446	0.01057	0.00482	0.00450
4	0.00737	0.00556	0.00700	0.00701	0.00805	0.00557	0.00509	0.00881	0.01055	0.01404	0.12066	0.07190	0.23768	0.17491	0.28604	0.00494	0.00742	0.00881	0.00409	0.00451
5	0.84691	0.01054	0.00801	0.00717	0.01054	0.01223	0.00590	0.01603	0.00928	0.02446	0.00759	0.00886	0.00590	0.00506	0.00337	0.00169	0.00422	0.00295	0.00337	0.00590
6	0.00722	0.00502	0.00613	0.00677	0.00700	0.00482	0.00423	0.00775	0.00936	0.01242	0.02499	0.42971	0.05250	0.37783	0.01642	0.00360	0.00412	0.01192	0.00426	0.00392
7	0.01349	0.01295	0.02213	0.03346	0.77440	0.01295	0.01673	0.01673	0.01241	0.01781	0.01025	0.01349	0.00864	0.00486	0.00540	0.00162	0.00648	0.00486	0.00270	0.00864
8	0.00665	0.00549	0.00583	0.00583	0.00751	0.00468	0.00434	0.00819	0.01280	0.01579	0.16478	0.08570	0.62648	0.01355	0.00647	0.00184	0.00275	0.01144	0.00521	0.00468
9	0.84691	0.01054	0.00801	0.00717	0.01054	0.01223	0.00590	0.01603	0.00928	0.02446	0.00759	0.00886	0.00590	0.00506	0.00337	0.00169	0.00422	0.00295	0.00337	0.00590
10	0.01318	0.01264	0.02157	0.10695	0.70332	0.01287	0.01658	0.01646	0.01227	0.01744	0.01020	0.01359	0.00850	0.00491	0.00540	0.00164	0.00655	0.00486	0.00267	0.00839
11	0.01458	0.81168	0.02857	0.00933	0.01399	0.02157	0.00933	0.01632	0.01108	0.01283	0.00758	0.00875	0.00700	0.00466	0.00350	0.00117	0.00583	0.00292	0.00233	0.00700
12	0.01313	0.01282	0.02047	0.16893	0.58904	0.04869	0.01597	0.01634	0.01229	0.01687	0.01050	0.01462	0.00884	0.00524	0.00543	0.00167	0.00674	0.02173	0.00271	0.00798
13	0.01080	0.00644	0.00836	0.00773	0.00947	0.00602	0.00584	0.01378	0.05898	0.15228	0.47403	0.16196	0.04023	0.01114	0.00630	0.00180	0.00313	0.00981	0.00595	0.00595
14	0.00866	0.00578	0.00759	0.00702	0.00847	0.00530	0.00530	0.01120	0.01544	0.06429	0.72944	0.03948	0.04931	0.01090	0.00638	0.00171	0.00269	0.00961	0.00604	0.00538
15	0.00726	0.00566	0.00636	0.00665	0.00803	0.00512	0.00507	0.00865	0.01165	0.01435	0.04224	0.05156	0.46415	0.15690	0.01053	0.00262	0.00374	0.18028	0.00474	0.00447
16	0.02170	0.00948	0.01230	0.00977	0.01364	0.00878	0.00795	0.02606	0.14039	0.60987	0.06370	0.02010	0.01615	0.00710	0.00555	0.00172	0.00447	0.00584	0.00651	0.00894
17	0.00755	0.00595	0.00807	0.00802	0.00915	0.00646	0.00618	0.00930	0.01007	0.01369	0.05947	0.07412	0.21013	0.02994	0.47524	0.00603	0.04411	0.00797	0.00370	0.00483
18	0.01457	0.01266	0.01275	0.01120	0.01406	0.09347	0.00880	0.18805	0.34671	0.02211	0.01696	0.01785	0.01328	0.01467	0.18405	0.00333	0.00762	0.00553	0.00464	0.00767
19	0.08488	0.01849	0.01432	0.01222	0.01565	0.36493	0.00956	0.17864	0.09175	0.13837	0.01275	0.01285	0.00938	0.00612	0.00506	0.00156	0.00722	0.00433	0.00430	0.00760
20	0.01387	0.44822	0.20003	0.06481	0.06063	0.01688	0.01242	0.01690	0.01155	0.07036	0.01007	0.03425	0.00842	0.00537	0.00437	0.00143	0.00631	0.00397	0.00276	0.00736
21	0.02110	0.01123	0.01344	0.01068	0.01467	0.01136	0.00870	0.19734	0.18915	0.43197	0.01970	0.01769	0.01323	0.00685	0.00549	0.00171	0.00488	0.00550	0.00617	0.00913
22	0.00668	0.00528	0.00580	0.00615	0.00734	0.00464	0.00429	0.00777	0.01132	0.01399	0.04357	0.25828	0.47578	0.11293	0.00922	0.00237	0.00318	0.01217	0.00484	0.00439
23	0.01481	0.01406	0.01834	0.06459	0.19274	0.11970	0.12833	0.18806	0.01554	0.01998	0.01427	0.01915	0.04338	0.06075	0.01931	0.00206	0.00711	0.04689	0.00362	0.00731
24	0.01159	0.16900	0.64509	0.01442	0.02187	0.01426	0.01820	0.01710	0.01143	0.01647	0.00939	0.01101	0.00692	0.00509	0.00488	0.00163	0.00766	0.00383	0.00231	0.00787
25	0.00873	0.00621	0.00859	0.00977	0.01094	0.00621	0.00842	0.01107	0.01224	0.01593	0.02808	0.05976	0.03060	0.06825	0.00889	0.00270	0.00504	0.68877	0.00490	0.00490
26	0.00862	0.00620	0.00878	0.00983	0.01104	0.00637	0.00846	0.01104	0.01192	0.01571	0.02649	0.05482	0.02842	0.01936	0.13738	0.00355	0.00662	0.61575	0.00467	0.00499
27	0.01556	0.01490	0.01331	0.01182	0.01496	0.16988	0.00917	0.09117	0.54866	0.02191	0.01861	0.01758	0.01406	0.00696	0.00541	0.00174	0.00558	0.00552	0.00499	0.00822
28	0.01980	0.02507	0.01550	0.05787	0.01801	0.74307	0.01079	0.02133	0.01519	0.01338	0.00850	0.01010	0.00704	0.00561	0.00495	0.00143	0.00969	0.00359	0.00279	0.00631
29	0.01108	0.02540	0.65322	0.01514	0.02270	0.01213	0.06018	0.01689	0.01156	0.01733	0.00984	0.01167	0.00711	0.00502	0.00512	0.00163	0.00768	0.00408	0.00243	0.09978
30	0.01427	0.74598	0.09160	0.00985	0.01480	0.02082	0.01024	0.01640	0.01111	0.01320	0.00776	0.00898	0.00699	0.00471	0.00364	0.00121	0.00602	0.00301	0.00233	0.00709
31	0.00678	0.00516	0.00593	0.00645	0.00734	0.00465	0.00437	0.00775	0.01083	0.01367	0.03824	0.35907	0.33835	0.15349	0.01036	0.00259	0.00337	0.01253	0.00476	0.00430
32	0.01458	0.81168	0.02857	0.00933	0.01399	0.02157	0.00933	0.01632	0.01108	0.01283	0.00758	0.00875	0.00700	0.00466	0.00350	0.00117	0.00583	0.00292	0.00233	0.00700
33	0.79177	0.01046	0.00832	0.00734	0.01077	0.01195	0.00605	0.01673	0.00970	0.07500	0.00852	0.00951	0.00641	0.00517	0.00352	0.00169	0.00425	0.00312	0.00360	0.00613
34	0.01094	0.01035	0.01752	0.64169	0.18612	0.01228	0.01546	0.01449	0.01121	0.01471	0.00980	0.01432	0.00754	0.00533	0.00544	0.00178	0.00711	0.00485	0.00248	0.00658
35	0.01130	0.00969	0.01130	0.00807	0.01292	0.00727	0.00646	0.01373	0.01130	0.01776	0.00969	0.01130	0.00807	0.00404	0.00404	0.00081	0.00404	0.00323	0.00323	0.84173
36	0.01332	0.42531	0.01988	0.00952	0.01294	0.03659	0.00830	0.01880	0.22875	0.01544	0.01332	0.01600	0.01166	0.10639	0.04082	0.00221	0.00581	0.00462	0.00342	0.00690
37	0.84691	0.01054	0.00801	0.00717	0.01054	0.01223	0.00590	0.01603	0.00928	0.02446	0.00759	0.00886	0.00590	0.00506	0.00337	0.00169	0.00422	0.00295	0.00337	0.00590
38	0.00767	0.00653	0.00701	0.00625	0.00878	0.00526	0.00476	0.00929	0.01206	0.01545	0.04274	0.07452	0.54911	0.01150	0.00586	0.00160	0.00310	0.00960	0.00460	0.21429
39	0.00793	0.00529	0.00595	0.00595	0.00595	0.00529	0.00330	0.00793	0.00793	0.01057	0.01718	0.03568	0.01982	0.80840	0.02775	0.00529	0.00529	0.00793	0.00330	0.00330
40	0.00779	0.00584	0.00876	0.00876	0.00974	0.00681	0.00681	0.00974	0.00876	0.01266	0.01460	0.02142	0.01363	0.04089	0.78680	0.00876	0.01460	0.00584	0.00292	0.00487
41	0.01059	0.01813	0.36466	0.43971	0.03119	0.01236	0.01742	0.01545	0.01118	0.01545	0.00973	0.01316	0.00710	0.00533	0.00533	0.00178	0.00763	0.00447	0.00237	0.00697
42	0.01022	0.00825	0.00954	0.00963	0.01143	0.00897	0.00741	0.01809	0.35481	0.01848	0.02691	0.27692	0.04611	0.01217	0.00642	0.00210	0.00405	0.15675	0.00527	0.00647
43	0.01030	0.00969	0.01635	0.79530	0.03755	0.01211	0.01514	0.01393	0.01090	0.01393	0.00969	0.01453	0.00727	0.00545	0.00545	0.00182	0.00727	0.00484	0.00242	0.00606
44	0.01356	0.01171	0.01233	0.01109	0.01418	0.01356	0.00863	0.02897	0.76455	0.02281	0.02219	0.02034	0.01664	0.00740	0.00555	0.00185	0.00431	0.00616	0.00555	0.00863
45	0.00854	0.00507	0.00641	0.00641	0.00641	0.00507	0.00388	0.00760	0.00760	0.01013	0.01410	0.02805	0.01569	0.49305	0.02518	0.33927	0.00507	0.00665	0.00293	0.00293
46	0.21267	0.09230	0.01488	0.01202	0.01513	0.53782	0.00935	0.01995	0.01362	0.01589	0.00816	0.00951	0.00676	0.00540	0.00443	0.00145	0.00817	0.00333	0.00290	0.00628
47	0.01438	0.01052	0.01176	0.01036	0.01288	0.02276	0.00807	0.37496	0.03106	0.04147	0.02103	0.33264	0.02141	0.01124	0.00617	0.00192	0.00481	0.05027	0.00526	0.00704
48	0.01103	0.01044	0.01767	0.62114	0.20599	0.01230	0.01550	0.01457	0.01125	0.01482	0.00982	0.01430	0.00758	0.00532	0.00544	0.00177	0.00709	0.00485	0.00249	0.00665
49	0.00965	0.00864	0.01397	0.37181	0.17179	0.00961	0.01192	0.01228	0.01110	0.01471	0.01770	0.26481	0.04140	0.00927	0.00595	0.00190	0.00567	0.00842	0.00339	0.00600
50	0.84691	0.01054	0.00801	0.00717	0.01054	0.01223	0.00590	0.01603	0.00928	0.02446	0.00759	0.00886	0.00590	0.00506	0.00337	0.00169	0.00422	0.00295	0.00337	0.00590
51	0.00723	0.00555	0.00662	0.00635	0.00785	0.00494	0.00476	0.00935	0.01429	0.01915	0.49935	0.04519	0.32531	0.01216	0.00644	0.00176	0.00264	0.01049	0.00564	0.00494
52	0.00663	0.00480	0.00627	0.00745	0.00787	0.00444	0.00500	0.00761	0.01057	0.01397	0.03174	0.75440	0.08541	0.01686	0.00692	0.00219	0.00314	0.01523	0.00506	0.00444
53	0.00701	0.00500	0.00645	0.00718	0.00770	0.00468	0.00484	0.00818	0.01119	0.01513	0.17864	0.53540	0.05701	0.11361	0.00941	0.00248	0.00330	0.01332	0.00503	0.00444
54	0.01356	0.01171	0.01233	0.01109	0.01418	0.01356	0.00863	0.02897	0.76455	0.02281	0.02219	0.02034	0.01664	0.00740	0.00555	0.00185	0.00431	0.00616	0.00555	0.00863
55	0.01458	0.81168	0.02857	0.00933	0.01399	0.02157	0.00933	0.01632	0.01108	0.01283	0.00758	0.00875	0.00700	0.00466	0.00350	0.00117	0.00583	0.00292	0.00233	0.00700
56	0.32777	0.01878	0.34740	0.01165	0.01725	0.01274	0.01282	0.10872	0.01267	0.06927	0.01009	0.01114	0.00723	0.00540	0.00455	0.00170	0.00614	0.00382	0.00337	0.00747
57	0.01215	0.21552	0.46799	0.01533	0.02212	0.01501	0.14539	0.01707	0.01164	0.01623	0.00947	0.01140	0.00717	0.00495	0.00499	0.00161	0.00772	0.00418	0.00239	0.00768
58	0.00803	0.00561	0.00706	0.00763	0.00822	0.00548	0.00547	0.00908	0.00998	0.01325	0.02326	0.19825	0.02642	0.37695	0.01654	0.00367	0.00474	0.23948	0.00420	0.02669
59	0.00947	0.00473	0.00710	0.00710	0.00710	0.00473	0.00473	0.00710	0.00710	0.00947	0.00947	0.01657	0.00947	0.01894	0.02131	0.84138	0.00473	0.00473	0.00237	0.00237
60	0.00966	0.00890	0.01534	0.01240	0.01468	0.00899	0.21324	0.01255	0.01349	0.01888	0.38929	0.05137	0.04919	0.00957	0.00792	0.00189	0.10294	0.04930	0.00456	0.00582
61	0.01154	0.07874	0.52950	0.01318	0.01953	0.01188	0.01582	0.01707	0.04464	0.06075	0.11036	0.01697	0.03409	0.00633	0.00529	0.00169	0.00669	0.00508	0.00325	0.00761
62	0.01278	0.01446	0.03079	0.02221	0.02723	0.01405	0.68851	0.01708	0.01247	0.01708	0.01068	0.01446	0.00817	0.00504	0.00745	0.00189	0.07942	0.00629	0.00272	0.00723
63	0.01050	0.00997	0.01639	0.69876	0.03468	0.01268	0.01474	0.01383	0.01059	0.01383	0.00938	0.01421	0.00725	0.00596	0.00699	0.00189	0.10507	0.00484	0.00242	0.00604
64	0.01030	0.00969	0.01635	0.79530	0.03755	0.01211	0.01514	0.01393	0.01090	0.01393	0.00969	0.01453	0.00727	0.00545	0.00545	0.00182	0.00727	0.00484	0.00242	0.00606
65	0.00793	0.00529	0.00595	0.00595	0.00595	0.00529	0.00330	0.00793	0.00793	0.01057	0.01718	0.03568	0.01982	0.80840	0.02775	0.00529	0.00529	0.00793	0.00330	0.00330
66	0.00663	0.00553	0.00578	0.00572	0.00748	0.00468	0.00429	0.00818	0.01286	0.01576	0.15854	0.05077	0.66823	0.01342	0.00644	0.00182	0.00273	0.01127	0.00520	0.00468
67	0.00724	0.00543	0.00773	0.00803	0.00887	0.00505	0.03733	0.00884	0.01207	0.01651	0.25657	0.53657	0.03958	0.01472	0.00677	0.00204	0.00324	0.01338	0.00525	0.00477
68	0.01030	0.00969	0.01635	0.79530	0.03755	0.01211	0.01514	0.01393	0.01090	0.01393	0.00969	0.01453	0.00727	0.00545	0.00545	0.00182	0.00727	0.00484	0.00242	0.00606
69	0.01204	0.01227	0.01861	0.01538	0.01607	0.01634	0.10373	0.01366	0.00891	0.01366	0.00764	0.01227	0.00729	0.00893	0.01647	0.00232	0.70087	0.00498	0.00243	0.00614
70	0.00664	0.00474	0.00633	0.00759	0.00791	0.00443	0.00506	0.00759	0.01044	0.01392	0.03005	0.80485	0.03606	0.01708	0.00696	0.00221	0.00316	0.01550	0.00506	0.00443
71	0.01349	0.01295	0.02213	0.03346	0.77440	0.01295	0.01673	0.01673	0.01241	0.01781	0.01025	0.01349	0.00864	0.00486	0.00540	0.00162	0.00648	0.00486	0.00270	0.00864
72	0.01495	0.25092	0.32466	0.01330	0.01873	0.25926	0.01403	0.01842	0.01263	0.01476	0.00873	0.01019	0.00697	0.00517	0.00462	0.00147	0.00798	0.00355	0.00247	0.00721
73	0.00793	0.00529	0.00595	0.00595	0.00595	0.00529	0.00330	0.00793	0.00793	0.01057	0.01718	0.03568	0.01982	0.80840	0.02775	0.00529	0.00529	0.00793	0.00330	0.00330
74	0.84691	0.01054	0.00801	0.00717	0.01054	0.01223	0.00590	0.01603	0.00928	0.02446	0.00759	0.00886	0.00590	0.00506	0.00337	0.00169	0.00422	0.00295	0.00337	0.00590
75	0.00792	0.00531	0.00607	0.00607	0.00611	0.00535	0.00345	0.00801	0.00796	0.01066	0.01707	0.03506	0.01955	0.77539	0.06040	0.00543	0.00569	0.00784	0.00329	0.00337
76	0.02358	0.00984	0.01290	0.00998	0.01414	0.00896	0.00822	0.07871	0.05868	0.68242	0.02095	0.01827	0.01337	0.00677	0.00548	0.00169	0.00472	0.00548	0.00659	0.00924
77	0.01030	0.00969	0.01635	0.79530	0.03755	0.01211	0.01514	0.01393	0.01090	0.01393	0.00969	0.01453	0.00727	0.00545	0.00545	0.00182	0.00727	0.00484	0.00242	0.00606
78	0.01750	0.01342	0.01821	0.08218	0.30370	0.01425	0.01293	0.35420	0.01860	0.09233	0.01250	0.01384	0.00925	0.00584	0.00543	0.00165	0.00616	0.00493	0.00429	0.00878
79	0.84691	0.01054	0.00801	0.00717	0.01054	0.01223	0.00590	0.01603	0.00928	0.02446	0.00759	0.00886	0.00590	0.00506	0.00337	0.00169	0.00422	0.00295	0.00337	0.00590
80	0.00879	0.00628	0.00879	0.01004	0.01130	0.00628	0.00879	0.01130	0.01255	0.01632	0.02887	0.06150	0.03138	0.01506	0.00753	0.00251	0.00502	0.73770	0.00502	0.00502
81	0.01007	0.00756	0.00965	0.00899	0.01108	0.00751	0.03881	0.01504	0.16644	0.06397	0.23717	0.05271	0.17723	0.01126	0.00643	0.00194	0.00388	0.15880	0.00541	0.00605
82	0.03331	0.23716	0.36756	0.01318	0.01882	0.13577	0.01449	0.03417	0.01220	0.03299	0.00913	0.01066	0.00714	0.00539	0.00530	0.00155	0.04747	0.00371	0.00259	0.00740
83	0.13883	0.00632	0.00618	0.00620	0.00816	0.00590	0.00478	0.00933	0.01183	0.01632	0.04455	0.08842	0.56067	0.01270	0.00606	0.00188	0.00316	0.05907	0.00479	0.00483
84	0.00750	0.00547	0.00605	0.00591	0.00746	0.00487	0.00443	0.00948	0.01329	0.01810	0.29421	0.04309	0.39909	0.01165	0.00600	0.00170	0.00266	0.00987	0.14429	0.00487
85	0.03860	0.01665	0.17191	0.01830	0.02256	0.03226	0.35404	0.01621	0.01123	0.01628	0.00949	0.01298	0.00758	0.00619	0.00941	0.00196	0.23947	0.00530	0.00258	0.00701
86	0.01826	0.02194	0.01825	0.05919	0.01973	0.53514	0.12790	0.06951	0.01515	0.01542	0.00916	0.01118	0.00739	0.00569	0.00581	0.00156	0.04494	0.00420	0.00294	0.00665
87	0.01093	0.02820	0.78016	0.01554	0.02360	0.01266	0.02014	0.01727	0.01151	0.01727	0.00978	0.01151	0.00691	0.00518	0.00518	0.00173	0.00806	0.00403	0.00230	0.00806
88	0.02434	0.00947	0.01277	0.00979	0.01401	0.00830	0.00809	0.05021	0.01593	0.75407	0.02124	0.01838	0.01336	0.00674	0.00548	0.00169	0.00468	0.00546	0.00671	0.00928
89	0.01658	0.01805	0.29470	0.01268	0.01806	0.03029	0.01302	0.13927	0.16914	0.20868	0.01571	0.01527	0.01090	0.00625	0.00537	0.00172	0.00616	0.00495	0.00458	0.00863
90	0.00997	0.00761	0.01062	0.00928	0.01023	0.00872	0.06973	0.01159	0.00962	0.01499	0.01432	0.02244	0.01358	0.24296	0.07355	0.00331	0.19005	0.00601	0.26647	0.00495
91	0.00733	0.00497	0.00597	0.00672	0.00752	0.00461	0.00466	0.00871	0.01113	0.01555	0.05535	0.49734	0.16041	0.01424	0.00624	0.00195	0.00295	0.01260	0.16714	0.00461
92	0.00777	0.00622	0.00938	0.14590	0.03775	0.00636	0.02800	0.00952	0.01114	0.01493	0.09909	0.54446	0.03094	0.01373	0.00658	0.00207	0.00409	0.01250	0.00456	0.00500
93	0.01389	0.06633	0.19695	0.02018	0.15368	0.13907	0.25172	0.01857	0.05531	0.01684	0.01062	0.01294	0.00822	0.00510	0.00550	0.00167	0.00809	0.00491	0.00278	0.00762
94	0.01453	0.75555	0.06508	0.00974	0.01453	0.03843	0.00989	0.01649	0.01120	0.01306	0.00771	0.00891	0.00699	0.00471	0.00361	0.00120	0.00603	0.00298	0.00234	0.00703
95	0.00728	0.00505	0.00631	0.00707	0.00731	0.00487	0.00457	0.00793	0.00955	0.01271	0.02483	0.45554	0.02930	0.33343	0.01530	0.00346	0.00412	0.05299	0.00436	0.00401
96	0.03000	0.01411	0.13539	0.24995	0.35928	0.01265	0.01591	0.01654	0.03610	0.03786	0.01056	0.01371	0.00826	0.00537	0.00574	0.00173	0.03167	0.00474	0.00277	0.00767
97	0.01620	0.23747	0.18766	0.03293	0.11139	0.11619	0.02932	0.03585	0.01310	0.15418	0.01129	0.01223	0.00845	0.00536	0.00480	0.00151	0.00682	0.00411	0.00332	0.00780
98	0.00869	0.00749	0.01211	0.03819	0.09899	0.00717	0.10917	0.01081	0.01175	0.01575	0.06852	0.35733	0.12383	0.01243	0.00654	0.00201	0.00456	0.07589	0.02328	0.00549
99	0.00710	0.00555	0.00643	0.00621	0.00777	0.00488	0.00466	0.00909	0.01397	0.01840	0.42394	0.04642	0.40118	0.01244	0.00644	0.00178	0.00266	0.01066	0.00555	0.00488
100	0.01613	0.07242	0.11025	0.10798	0.08044	0.08030	0.03247	0.04662	0.06208	0.22711	0.03787	0.04084	0.02463	0.00677	0.00542	0.00170	0.00612	0.02888	0.00428	0.00768
101	0.01552	0.01609	0.15535	0.06100	0.22227	0.04639	0.11602	0.15085	0.01508	0.11046	0.01247	0.03205	0.00946	0.00575	0.00554	0.00169	0.00694	0.00520	0.00366	0.00821
102	0.23664	0.01331	0.05714	0.06711	0.07569	0.02641	0.15625	0.13906	0.02511	0.06525	0.02394	0.01320	0.00886	0.00575	0.00576	0.00175	0.05106	0.00474	0.01567	0.00729

[dist]
# distance from previous block
# <min> <max>
1	3

[block]
# block no. 2 follows, 44 sequences, length 116
# corresponding to MSA columns:
# 595-710
name=unknown_C
#
# <colnr> <probs for GDERKNQSTAVLIFYWHMCP>
#	G	D	E	R	K	N	Q	S	T	A	V	L	I	F	Y	W	H	M	C	P
0	0.22867	0.01224	0.02966	0.02335	0.45811	0.01265	0.02348	0.01690	0.05514	0.01969	0.02595	0.01375	0.02060	0.00547	0.00534	0.00169	0.03187	0.00465	0.00312	0.00768
1	0.01357	0.01384	0.06134	0.13927	0.16515	0.01395	0.23721	0.13182	0.02888	0.01930	0.01087	0.01395	0.00843	0.00575	0.00707	0.00181	0.09499	0.00532	0.01992	0.00756
2	0.02194	0.00914	0.01212	0.00956	0.01340	0.00823	0.00780	0.02526	0.08126	0.64123	0.09169	0.02078	0.01732	0.00722	0.00558	0.00170	0.00442	0.00595	0.00657	0.00883
3	0.01002	0.01024	0.06566	0.23842	0.05282	0.00992	0.06711	0.01514	0.13756	0.01712	0.11082	0.11485	0.11032	0.00871	0.00593	0.00185	0.00536	0.00778	0.00403	0.00636
4	0.00721	0.00551	0.00662	0.00643	0.00786	0.00492	0.00479	0.00928	0.01411	0.01893	0.48009	0.08652	0.30314	0.01240	0.00646	0.00179	0.00267	0.01074	0.00562	0.00492
5	0.02586	0.01783	0.26959	0.04338	0.06535	0.01277	0.17071	0.10086	0.09277	0.07782	0.01260	0.01399	0.00915	0.00548	0.00546	0.00169	0.00699	0.00498	0.00353	0.05919
6	0.00879	0.00628	0.00879	0.01004	0.01130	0.00628	0.00879	0.01130	0.01255	0.01632	0.02887	0.06150	0.03138	0.01506	0.00753	0.00251	0.00502	0.73770	0.00502	0.00502
7	0.01133	0.01119	0.01845	0.01437	0.01694	0.01226	0.21741	0.01392	0.01137	0.01667	0.14639	0.01779	0.01560	0.00755	0.01036	0.00185	0.30487	0.00590	0.00328	0.14248
8	0.15293	0.31902	0.01910	0.01100	0.01465	0.32132	0.00925	0.04135	0.03909	0.01593	0.00859	0.00973	0.00723	0.00526	0.00417	0.00138	0.00710	0.00333	0.00290	0.00668
9	0.01021	0.00576	0.00767	0.00790	0.00911	0.00531	0.00565	0.01150	0.01156	0.16212	0.05418	0.52753	0.06661	0.03428	0.05088	0.00251	0.00410	0.01245	0.00526	0.00540
10	0.00947	0.00719	0.00798	0.00780	0.00880	0.00771	0.00523	0.01438	0.24213	0.01488	0.02076	0.15252	0.02140	0.43580	0.01760	0.00374	0.00465	0.00858	0.00427	0.00513
11	0.01910	0.01473	0.01580	0.01365	0.06792	0.05496	0.01038	0.50147	0.15688	0.06647	0.01471	0.01452	0.01065	0.00655	0.00544	0.00166	0.00586	0.00509	0.00521	0.00896
12	0.00816	0.00595	0.00753	0.00715	0.00851	0.00561	0.00534	0.04635	0.01521	0.02120	0.61316	0.12718	0.08448	0.01173	0.00644	0.00177	0.00282	0.01034	0.00582	0.00524
13	0.00885	0.00752	0.00961	0.00940	0.01045	0.06048	0.00732	0.01072	0.00920	0.01273	0.01381	0.02016	0.01286	0.03693	0.69542	0.00794	0.05307	0.00563	0.00289	0.00502
14	0.00753	0.00555	0.00704	0.00670	0.00804	0.00506	0.00501	0.00991	0.01494	0.02078	0.66357	0.05720	0.14517	0.01161	0.00644	0.00174	0.00261	0.01018	0.00586	0.00506
15	0.00664	0.00474	0.00633	0.00759	0.00791	0.00443	0.00506	0.00759	0.01044	0.01392	0.03005	0.80485	0.03606	0.01708	0.00696	0.00221	0.00316	0.01550	0.00506	0.00443
16	0.02037	0.02598	0.01545	0.01404	0.01685	0.78652	0.01053	0.02177	0.01545	0.01334	0.00843	0.00983	0.00702	0.00562	0.00492	0.00140	0.00983	0.00351	0.00281	0.00632
17	0.01408	0.01280	0.01257	0.01132	0.01438	0.07246	0.00877	0.02842	0.70747	0.02208	0.02114	0.01954	0.01591	0.00726	0.00550	0.00182	0.00473	0.00596	0.00534	0.00845
18	0.00664	0.00474	0.00633	0.00759	0.00791	0.00443	0.00506	0.00759	0.01044	0.01392	0.03005	0.80485	0.03606	0.01708	0.00696	0.00221	0.00316	0.01550	0.00506	0.00443
19	0.00947	0.00473	0.00710	0.00710	0.00710	0.00473	0.00473	0.00710	0.00710	0.00947	0.00947	0.01657	0.00947	0.01894	0.02131	0.84138	0.00473	0.00473	0.00237	0.00237
20	0.01161	0.00848	0.01124	0.02244	0.01226	0.00873	0.08625	0.16038	0.05283	0.02109	0.05701	0.24241	0.02059	0.00953	0.00556	0.00173	0.00429	0.00844	0.24896	0.00617
21	0.00869	0.00617	0.00848	0.00960	0.01072	0.00617	0.00820	0.01094	0.01206	0.01570	0.02762	0.05874	0.03014	0.09989	0.00969	0.00281	0.00505	0.65967	0.00484	0.00484
22	0.00799	0.00576	0.00784	0.00902	0.01002	0.00561	0.00736	0.00995	0.01189	0.01548	0.03076	0.29068	0.07579	0.01561	0.00729	0.00238	0.00432	0.47241	0.00504	0.00481
23	0.02305	0.01155	0.01406	0.01078	0.01505	0.01138	0.00890	0.30273	0.01940	0.49665	0.01832	0.01649	0.01190	0.00667	0.00547	0.00167	0.00515	0.00527	0.00626	0.00928
24	0.75438	0.01107	0.00895	0.00777	0.01126	0.01275	0.00640	0.09892	0.01111	0.02557	0.00821	0.00933	0.00628	0.00523	0.00361	0.00168	0.00442	0.00317	0.00361	0.00628
25	0.01010	0.00933	0.01490	0.20647	0.24571	0.00967	0.04736	0.01292	0.01247	0.01668	0.14042	0.02718	0.19373	0.00816	0.00609	0.00176	0.01965	0.00727	0.00370	0.00641
26	0.01030	0.00969	0.01635	0.79530	0.03755	0.01211	0.01514	0.01393	0.01090	0.01393	0.00969	0.01453	0.00727	0.00545	0.00545	0.00182	0.00727	0.00484	0.00242	0.00606
27	0.00780	0.00581	0.00862	0.00862	0.00955	0.00674	0.00664	0.00965	0.00872	0.01255	0.01473	0.02212	0.01394	0.07887	0.74923	0.00859	0.01414	0.00594	0.00294	0.00479
28	0.08492	0.34603	0.21427	0.01162	0.01678	0.08714	0.01201	0.11388	0.03623	0.01809	0.00938	0.01047	0.00747	0.00524	0.00436	0.00146	0.00660	0.00361	0.00296	0.00746
29	0.01197	0.01039	0.01486	0.27231	0.14532	0.01062	0.01129	0.09479	0.01335	0.01875	0.09162	0.01607	0.01267	0.00567	0.00514	0.00146	0.00556	0.00492	0.00342	0.24984
30	0.27171	0.23766	0.07100	0.01370	0.14467	0.06255	0.01031	0.05929	0.01178	0.01886	0.00892	0.01074	0.00740	0.00682	0.04287	0.00186	0.00629	0.00364	0.00295	0.00700
31	0.01976	0.06479	0.01679	0.01295	0.01657	0.26995	0.01045	0.43036	0.02047	0.02501	0.01091	0.01170	0.00828	0.00630	0.00586	0.00157	0.05172	0.00433	0.00423	0.00798
32	0.06201	0.10807	0.20635	0.01425	0.10384	0.02803	0.05003	0.07854	0.01303	0.06775	0.02452	0.03568	0.00962	0.00550	0.00486	0.00147	0.00606	0.00449	0.00333	0.17258
33	0.01219	0.24435	0.48916	0.01516	0.05961	0.01522	0.05956	0.01699	0.01151	0.01607	0.00927	0.01103	0.00710	0.00499	0.00480	0.00157	0.00742	0.00390	0.00236	0.00775
34	0.00665	0.00526	0.00602	0.00658	0.00779	0.00463	0.00476	0.00793	0.01166	0.01450	0.04402	0.34374	0.44612	0.01514	0.00670	0.00202	0.00304	0.05381	0.00506	0.00456
35	0.01407	0.01410	0.01614	0.21850	0.18656	0.15241	0.01245	0.03535	0.25695	0.01795	0.01371	0.01532	0.01060	0.00600	0.00537	0.00171	0.00657	0.00504	0.00363	0.00756
36	0.01196	0.15663	0.22996	0.01228	0.01618	0.07051	0.03411	0.05130	0.01144	0.01536	0.01145	0.05791	0.01029	0.01446	0.18489	0.00331	0.09346	0.00505	0.00282	0.00662
37	0.00675	0.00482	0.00645	0.00771	0.00808	0.00452	0.00525	0.00777	0.01054	0.01404	0.02999	0.76806	0.03583	0.01698	0.00699	0.00223	0.00325	0.05124	0.00506	0.00446
38	0.00940	0.00915	0.01776	0.01440	0.01702	0.00857	0.33679	0.01196	0.01151	0.01549	0.02163	0.45514	0.02376	0.01155	0.00673	0.00205	0.00583	0.01149	0.00404	0.00572
39	0.01491	0.01930	0.25377	0.05624	0.08214	0.11368	0.08765	0.11824	0.07455	0.06427	0.01175	0.01329	0.00872	0.00587	0.00610	0.00172	0.05181	0.00473	0.00340	0.00787
40	0.00931	0.00725	0.00882	0.00930	0.01080	0.00761	0.00732	0.01482	0.21792	0.01737	0.04030	0.27547	0.06696	0.01345	0.00674	0.00219	0.00411	0.26927	0.00519	0.00581
41	0.00736	0.00505	0.00611	0.00667	0.00681	0.00491	0.00408	0.00778	0.00904	0.01205	0.02287	0.37610	0.02701	0.45818	0.01855	0.00393	0.00435	0.01128	0.00408	0.00380
42	0.01039	0.00875	0.01008	0.00912	0.00953	0.04741	0.00655	0.05349	0.00946	0.01284	0.01366	0.02618	0.01492	0.48398	0.03774	0.00414	0.22744	0.00661	0.00314	0.00457
43	0.01145	0.13916	0.67372	0.01466	0.02224	0.01392	0.01861	0.01713	0.01145	0.01664	0.00947	0.01112	0.00692	0.00511	0.00494	0.00165	0.00774	0.00387	0.00231	0.00791
44	0.00664	0.00474	0.00633	0.00759	0.00791	0.00443	0.00506	0.00759	0.01044	0.01392	0.03005	0.80485	0.03606	0.01708	0.00696	0.00221	0.00316	0.01550	0.00506	0.00443
45	0.00786	0.00526	0.00596	0.00603	0.00604	0.00524	0.00339	0.00791	0.00805	0.01074	0.01781	0.07374	0.02062	0.76924	0.02672	0.00513	0.00518	0.00830	0.00339	0.00336
46	0.01463	0.01269	0.02137	0.02319	0.33391	0.01272	0.19723	0.02074	0.17794	0.10719	0.01437	0.01589	0.01087	0.00557	0.00570	0.00173	0.00646	0.00561	0.00381	0.00839
47	0.01891	0.02139	0.01585	0.01380	0.01641	0.49944	0.01075	0.16179	0.01613	0.01735	0.00910	0.01084	0.00748	0.00650	0.00736	0.00163	0.15120	0.00401	0.00324	0.00682
48	0.00662	0.00553	0.00577	0.00571	0.00747	0.00468	0.00428	0.00816	0.01284	0.01571	0.15385	0.05085	0.67294	0.01344	0.00644	0.00182	0.00274	0.01128	0.00519	0.00468
49	0.01458	0.81168	0.02857	0.00933	0.01399	0.02157	0.00933	0.01632	0.01108	0.01283	0.00758	0.00875	0.00700	0.00466	0.00350	0.00117	0.00583	0.00292	0.00233	0.00700
50	0.00879	0.00628	0.00879	0.01004	0.01130	0.00628	0.00879	0.01130	0.01255	0.01632	0.02887	0.06150	0.03138	0.01506	0.00753	0.00251	0.00502	0.73770	0.00502	0.00502
51	0.00861	0.00671	0.00990	0.01015	0.04789	0.00640	0.05041	0.01125	0.01397	0.01911	0.39362	0.04577	0.07546	0.01197	0.00677	0.00200	0.00402	0.26539	0.00526	0.00537
52	0.84691	0.01054	0.00801	0.00717	0.01054	0.01223	0.00590	0.01603	0.00928	0.02446	0.00759	0.00886	0.00590	0.00506	0.00337	0.00169	0.00422	0.00295	0.00337	0.00590
53	0.02383	0.00942	0.01263	0.00978	0.01393	0.00833	0.00805	0.02671	0.05904	0.73436	0.02155	0.01866	0.01368	0.00679	0.00549	0.00170	0.00462	0.00552	0.00668	0.00924
54	0.00774	0.00592	0.00843	0.00902	0.00992	0.00575	0.04426	0.00996	0.05327	0.01503	0.02842	0.58645	0.03270	0.01553	0.00696	0.00223	0.00387	0.14466	0.00496	0.00492
55	0.00793	0.00529	0.00595	0.00595	0.00595	0.00529	0.00330	0.00793	0.00793	0.01057	0.01718	0.03568	0.01982	0.80840	0.02775	0.00529	0.00529	0.00793	0.00330	0.00330
56	0.02072	0.01527	0.01636	0.01254	0.01691	0.01691	0.01036	0.75622	0.02563	0.03436	0.01309	0.01309	0.00927	0.00654	0.00545	0.00164	0.00600	0.00491	0.00545	0.00927
57	0.01193	0.01193	0.01670	0.01431	0.01431	0.01670	0.01193	0.01312	0.00835	0.01312	0.00716	0.01193	0.00716	0.00954	0.01789	0.00239	0.79843	0.00477	0.00239	0.00596
58	0.00793	0.00529	0.00595	0.00595	0.00595	0.00529	0.00330	0.00793	0.00793	0.01057	0.01718	0.03568	0.01982	0.80840	0.02775	0.00529	0.00529	0.00793	0.00330	0.00330
59	0.01130	0.00969	0.01130	0.00807	0.01292	0.00727	0.00646	0.01373	0.01130	0.01776	0.00969	0.01130	0.00807	0.00404	0.00404	0.00081	0.00404	0.00323	0.00323	0.84173
60	0.00739	0.00520	0.00645	0.00687	0.00723	0.00518	0.00445	0.00807	0.00916	0.01224	0.02345	0.29204	0.07044	0.38505	0.12817	0.00454	0.00575	0.01038	0.00394	0.00398
61	0.00708	0.00515	0.00678	0.00791	0.00858	0.00484	0.00577	0.00841	0.01109	0.01451	0.03228	0.57093	0.10763	0.01632	0.00703	0.00224	0.00352	0.17030	0.00505	0.00457
62	0.01035	0.00999	0.01744	0.66839	0.03489	0.01187	0.09359	0.01396	0.01120	0.01435	0.01239	0.01668	0.05031	0.00583	0.00561	0.00182	0.00722	0.00539	0.00261	0.00611
63	0.00820	0.00586	0.00758	0.00821	0.05005	0.00611	0.00496	0.00889	0.00839	0.01151	0.01613	0.03077	0.01760	0.56600	0.22162	0.00597	0.00775	0.00722	0.00317	0.00400
64	0.00682	0.00544	0.00606	0.00609	0.00757	0.00474	0.00446	0.00841	0.01282	0.01628	0.22865	0.12992	0.49181	0.03765	0.00714	0.00195	0.00283	0.01142	0.00524	0.00468
65	0.02446	0.00928	0.01265	0.00970	0.01392	0.00801	0.00801	0.02657	0.01560	0.77817	0.02151	0.01856	0.01350	0.00675	0.00548	0.00169	0.00464	0.00548	0.00675	0.00928
66	0.01130	0.00969	0.01130	0.00807	0.01292	0.00727	0.00646	0.01373	0.01130	0.01776	0.00969	0.01130	0.00807	0.00404	0.00404	0.00081	0.00404	0.00323	0.00323	0.84173
67	0.01463	0.23978	0.19688	0.16442	0.02164	0.24603	0.01333	0.01770	0.01245	0.01423	0.00875	0.01083	0.00704	0.00522	0.00469	0.00149	0.00782	0.00373	0.00248	0.00686
68	0.01111	0.00626	0.00869	0.00835	0.00975	0.00634	0.00624	0.01263	0.01051	0.17666	0.01993	0.20148	0.01948	0.12250	0.34802	0.00532	0.00871	0.00823	0.00428	0.00552
69	0.02072	0.01527	0.01636	0.01254	0.01691	0.01691	0.01036	0.75622	0.02563	0.03436	0.01309	0.01309	0.00927	0.00654	0.00545	0.00164	0.00600	0.00491	0.00545	0.00927
70	0.84691	0.01054	0.00801	0.00717	0.01054	0.01223	0.00590	0.01603	0.00928	0.02446	0.00759	0.00886	0.00590	0.00506	0.00337	0.00169	0.00422	0.00295	0.00337	0.00590
71	0.00779	0.00584	0.00876	0.00876	0.00974	0.00681	0.00681	0.00974	0.00876	0.01266	0.01460	0.02142	0.01363	0.04089	0.78680	0.00876	0.01460	0.00584	0.00292	0.00487
72	0.01753	0.02104	0.01821	0.06773	0.14979	0.49755	0.08613	0.02025	0.04282	0.01492	0.00960	0.01165	0.00781	0.00544	0.00521	0.00153	0.00882	0.00422	0.00286	0.00689
73	0.27418	0.01178	0.01693	0.05886	0.04451	0.01207	0.19112	0.09666	0.01365	0.21017	0.01268	0.01363	0.00890	0.00554	0.00506	0.00172	0.00598	0.00481	0.00420	0.00755
74	0.00792	0.00531	0.00608	0.00608	0.00613	0.00536	0.00348	0.00802	0.00797	0.01067	0.01705	0.03498	0.01952	0.77085	0.06489	0.00546	0.00574	0.00783	0.00328	0.00338
75	0.00766	0.00553	0.00723	0.00690	0.00813	0.00510	0.00514	0.01014	0.01515	0.02142	0.72990	0.08361	0.05058	0.01148	0.00646	0.00174	0.00261	0.01018	0.00595	0.00510
76	0.01100	0.05253	0.59701	0.05295	0.02267	0.01258	0.04824	0.01719	0.05384	0.01712	0.01308	0.01456	0.05191	0.00578	0.00528	0.00173	0.00747	0.00468	0.00267	0.00772
77	0.01490	0.01277	0.01140	0.00970	0.01241	0.14694	0.00751	0.29635	0.01741	0.02213	0.02283	0.02470	0.18475	0.09376	0.00779	0.00199	0.00549	0.00651	0.09404	0.00660
78	0.01193	0.01193	0.01670	0.01431	0.01431	0.01670	0.01193	0.01312	0.00835	0.01312	0.00716	0.01193	0.00716	0.00954	0.01789	0.00239	0.79843	0.00477	0.00239	0.00596
79	0.01213	0.01754	0.24522	0.27444	0.10938	0.07416	0.09491	0.01705	0.05406	0.01615	0.01047	0.01343	0.00792	0.00543	0.00571	0.00175	0.02562	0.00474	0.00266	0.00723
80	0.01580	0.01262	0.01360	0.20561	0.01945	0.13770	0.01014	0.15953	0.01500	0.11984	0.01347	0.03880	0.01040	0.00665	0.00601	0.00166	0.06142	0.00508	0.14028	0.00693
81	0.00725	0.00540	0.00679	0.00767	0.00862	0.00503	0.00578	0.00870	0.01141	0.01463	0.03550	0.36711	0.22168	0.05484	0.00802	0.00235	0.00368	0.21598	0.00496	0.00458
82	0.00962	0.00853	0.01227	0.01122	0.01176	0.01119	0.00908	0.01123	0.00858	0.01286	0.01131	0.01722	0.01076	0.02701	0.44649	0.00594	0.36151	0.00537	0.00268	0.00535
83	0.01770	0.01335	0.06817	0.08166	0.23355	0.01277	0.01261	0.21616	0.03969	0.21223	0.01406	0.01478	0.01001	0.00602	0.00568	0.00169	0.02172	0.00501	0.00448	0.00866
84	0.00793	0.00529	0.00595	0.00595	0.00595	0.00529	0.00330	0.00793	0.00793	0.01057	0.01718	0.03568	0.01982	0.80840	0.02775	0.00529	0.00529	0.00793	0.00330	0.00330
85	0.00813	0.00621	0.00757	0.00812	0.00940	0.00610	0.00629	0.01123	0.09230	0.01601	0.07179	0.23717	0.20053	0.05878	0.00801	0.00233	0.00386	0.23605	0.00505	0.00507
86	0.23158	0.01233	0.01506	0.20701	0.05787	0.02527	0.04863	0.25273	0.01570	0.06787	0.01099	0.01272	0.00803	0.00570	0.00496	0.00170	0.00602	0.00447	0.00392	0.00743
87	0.01534	0.04054	0.05895	0.07129	0.51958	0.01223	0.01487	0.01849	0.01285	0.16466	0.01228	0.01427	0.00935	0.00527	0.00534	0.00163	0.00622	0.00487	0.00343	0.00852
