[name]
unknown

[dist]
# distance from previous block
# <min> <max>
0	4

[block]
# block no. 0 follows, 51 sequences, length 23
# corresponding to MSA columns:
# 4-26
name=unknown_A
#
# <colnr> <probs for GDERKNQSTAVLIFYWHMCP>
#	G	D	E	R	K	N	Q	S	T	A	V	L	I	F	Y	W	H	M	C	P
0	0.01292	0.01296	0.01265	0.01117	0.01249	0.21201	0.00887	0.11948	0.01159	0.01448	0.01051	0.01710	0.01014	0.10496	0.04981	0.00243	0.29964	0.06836	0.00295	0.00547
1	0.01364	0.75695	0.02476	0.00867	0.01285	0.01907	0.00849	0.08345	0.01116	0.01330	0.00728	0.00823	0.00649	0.00436	0.00331	0.00109	0.00527	0.00279	0.00235	0.00649
2	0.00607	0.00472	0.00540	0.00588	0.00685	0.00420	0.00415	0.00710	0.01018	0.01273	0.03729	0.34410	0.40783	0.08225	0.00764	0.00207	0.00290	0.04021	0.00443	0.00400
3	0.00715	0.00476	0.00536	0.00536	0.00536	0.00476	0.00298	0.00715	0.00715	0.00953	0.01548	0.03216	0.01787	0.82729	0.02501	0.00476	0.00476	0.00715	0.00298	0.00298
4	0.01078	0.01006	0.01662	0.34749	0.38973	0.01108	0.01353	0.03931	0.01083	0.01480	0.01019	0.06409	0.00884	0.00545	0.00526	0.00158	0.02627	0.00498	0.00254	0.00656
5	0.01173	0.01085	0.01863	0.01856	0.23587	0.01079	0.25162	0.14659	0.01302	0.01778	0.01401	0.18500	0.01342	0.00708	0.00550	0.00165	0.00587	0.02199	0.00337	0.00665
6	0.00596	0.00440	0.00558	0.00652	0.00704	0.00402	0.00442	0.00688	0.00972	0.01267	0.03107	0.68765	0.16636	0.01488	0.00619	0.00194	0.00279	0.01334	0.00456	0.00402
7	0.01306	0.01079	0.01145	0.01009	0.01299	0.01236	0.00790	0.09413	0.69852	0.04187	0.01925	0.01770	0.01433	0.00658	0.00499	0.00165	0.00403	0.00544	0.00502	0.00785
8	0.01279	0.00680	0.00937	0.15840	0.04595	0.00682	0.00711	0.01511	0.01163	0.24966	0.08148	0.05977	0.01501	0.00649	0.00456	0.00144	0.00383	0.00549	0.29233	0.00598
9	0.86201	0.00950	0.00722	0.00646	0.00950	0.01102	0.00532	0.01445	0.00836	0.02205	0.00684	0.00798	0.00532	0.00456	0.00304	0.00152	0.00380	0.00266	0.00304	0.00532
10	0.01269	0.00629	0.00841	0.00716	0.00932	0.00562	0.00562	0.01485	0.01397	0.31643	0.49948	0.02911	0.03336	0.00854	0.00547	0.00154	0.00303	0.00739	0.00567	0.00605
11	0.01148	0.01102	0.01683	0.35768	0.37024	0.04966	0.01363	0.04210	0.05127	0.01516	0.00960	0.01270	0.00759	0.00481	0.00487	0.00154	0.00617	0.00438	0.00255	0.00673
12	0.00710	0.00474	0.00537	0.00542	0.00543	0.00473	0.00304	0.00713	0.00724	0.00965	0.01596	0.06494	0.01847	0.79368	0.02424	0.00465	0.00469	0.00743	0.00304	0.00302
13	0.01430	0.08196	0.01448	0.01313	0.11925	0.12238	0.00928	0.13751	0.38041	0.03409	0.01448	0.01430	0.01104	0.00580	0.00473	0.00150	0.00519	0.00464	0.00408	0.00747
14	0.01376	0.01294	0.01721	0.14767	0.41400	0.11224	0.01293	0.14228	0.01328	0.03514	0.00955	0.01191	0.00757	0.00493	0.00507	0.00148	0.02369	0.00424	0.00289	0.00721
15	0.04964	0.01134	0.01769	0.16539	0.53836	0.03581	0.01365	0.04247	0.01147	0.05368	0.00958	0.01225	0.00765	0.00464	0.00479	0.00149	0.00587	0.00429	0.00268	0.00725
16	0.01444	0.01493	0.01457	0.14848	0.14092	0.27585	0.01048	0.13884	0.01355	0.01644	0.00888	0.01082	0.00708	0.00491	0.00477	0.00132	0.02350	0.00374	0.00290	0.14357
17	0.01197	0.01137	0.03496	0.09379	0.31835	0.10403	0.01092	0.04778	0.03722	0.05188	0.04140	0.12642	0.01347	0.03598	0.00578	0.00166	0.00549	0.02058	0.00324	0.02369
18	0.01336	0.05263	0.03410	0.01514	0.23243	0.04093	0.03844	0.03643	0.07507	0.17206	0.01454	0.11940	0.01261	0.03556	0.00560	0.00159	0.00492	0.00570	0.00376	0.08575
19	0.01166	0.01084	0.08884	0.11037	0.08921	0.00903	0.06976	0.07063	0.02435	0.08871	0.04590	0.05562	0.01107	0.02400	0.00513	0.00140	0.00502	0.00479	0.00333	0.27034
20	0.01194	0.05249	0.04134	0.01057	0.06018	0.05026	0.06634	0.08872	0.04078	0.08974	0.06478	0.10275	0.07633	0.02172	0.00520	0.00143	0.00461	0.00590	0.00379	0.20114
21	0.01101	0.00979	0.01451	0.01763	0.34690	0.00914	0.03316	0.06858	0.01152	0.01657	0.01277	0.12237	0.03167	0.00596	0.00473	0.00132	0.00471	0.00543	0.00311	0.26912
22	0.02853	0.01077	0.06479	0.16069	0.19214	0.00986	0.04862	0.07125	0.03255	0.08892	0.06317	0.01465	0.02491	0.00520	0.00474	0.00139	0.00520	0.00459	0.00329	0.16475

[dist]
# distance from previous block
# <min> <max>
18	92

[block]
# block no. 1 follows, 51 sequences, length 6
# corresponding to MSA columns:
# 135-140
name=unknown_B
#
# <colnr> <probs for GDERKNQSTAVLIFYWHMCP>
#	G	D	E	R	K	N	Q	S	T	A	V	L	I	F	Y	W	H	M	C	P
0	0.04454	0.04075	0.10407	0.08454	0.31395	0.04189	0.04093	0.07671	0.01176	0.04830	0.00938	0.01152	0.00740	0.00477	0.00512	0.00143	0.04286	0.00403	0.00278	0.10326
1	0.07117	0.03998	0.07040	0.04444	0.34702	0.03401	0.03708	0.03382	0.02988	0.04655	0.06291	0.03901	0.09022	0.00604	0.00485	0.00149	0.00516	0.00532	0.00317	0.02749
2	0.01143	0.01121	0.04810	0.11308	0.49277	0.01088	0.06398	0.01435	0.01097	0.03652	0.03772	0.04558	0.00996	0.00524	0.00536	0.00152	0.03420	0.00494	0.00269	0.03950
3	0.01322	0.01025	0.03476	0.01456	0.18256	0.04522	0.09794	0.01677	0.08897	0.19444	0.06401	0.08857	0.06064	0.00675	0.00514	0.00153	0.00492	0.00609	0.00404	0.05963
4	0.00745	0.00595	0.00823	0.06226	0.07593	0.00566	0.00642	0.00903	0.01010	0.01370	0.06058	0.38806	0.09342	0.03400	0.03526	0.00205	0.00395	0.07604	0.00397	0.09794
5	0.01552	0.04506	0.01375	0.01059	0.01414	0.04496	0.03230	0.32204	0.28322	0.07493	0.01444	0.01401	0.01061	0.00583	0.00478	0.00146	0.00488	0.00464	0.00457	0.07826

[dist]
# distance from previous block
# <min> <max>
4	8

[block]
# block no. 2 follows, 51 sequences, length 17
# corresponding to MSA columns:
# 149-165
name=unknown_C
#
# <colnr> <probs for GDERKNQSTAVLIFYWHMCP>
#	G	D	E	R	K	N	Q	S	T	A	V	L	I	F	Y	W	H	M	C	P
0	0.01354	0.01215	0.09526	0.10043	0.04460	0.09300	0.07966	0.05853	0.03099	0.18414	0.02906	0.05861	0.04361	0.02498	0.02222	0.00182	0.05810	0.03917	0.00371	0.00644
1	0.01203	0.04746	0.13561	0.08691	0.01554	0.02176	0.06197	0.03438	0.11717	0.16209	0.06833	0.13331	0.05339	0.00762	0.00520	0.00163	0.00489	0.02019	0.00407	0.00645
2	0.01172	0.11921	0.34522	0.01205	0.04773	0.04741	0.03780	0.07614	0.01140	0.05688	0.01110	0.04976	0.00937	0.07800	0.00656	0.00176	0.02082	0.00456	0.04598	0.00652
3	0.01031	0.03151	0.16684	0.28306	0.06396	0.01012	0.09573	0.01374	0.01070	0.05865	0.01316	0.03353	0.01169	0.00675	0.00548	0.00173	0.01840	0.15569	0.00293	0.00603
4	0.01038	0.00626	0.00779	0.00723	0.00911	0.00588	0.00567	0.01342	0.08897	0.17729	0.26755	0.09880	0.17593	0.01019	0.00570	0.00169	0.00318	0.09423	0.00518	0.00555
5	0.01697	0.01954	0.05864	0.01363	0.07875	0.51999	0.02415	0.04611	0.05902	0.08440	0.01019	0.02813	0.00813	0.00540	0.00464	0.00137	0.00755	0.00391	0.00309	0.00639
6	0.01267	0.01376	0.16871	0.15220	0.11600	0.03366	0.11929	0.07718	0.10609	0.09509	0.01162	0.01334	0.00858	0.00565	0.00562	0.03969	0.00616	0.00459	0.00319	0.00692
7	0.00724	0.00559	0.00661	0.00703	0.00804	0.00554	0.00497	0.02886	0.12491	0.01441	0.04748	0.50914	0.16700	0.03097	0.00637	0.00192	0.00303	0.01158	0.00462	0.00468
8	0.00934	0.00866	0.01435	0.74798	0.03181	0.01085	0.01312	0.01248	0.00974	0.01275	0.00892	0.01320	0.00678	0.00511	0.00535	0.00164	0.04234	0.00437	0.03576	0.00542
9	0.01386	0.01461	0.01813	0.04507	0.55526	0.21122	0.01345	0.04181	0.01224	0.01546	0.00890	0.01135	0.00741	0.00461	0.00476	0.00142	0.00660	0.00408	0.00253	0.00722
10	0.01034	0.01521	0.28911	0.07794	0.05049	0.02355	0.21339	0.01415	0.01102	0.05476	0.03872	0.09249	0.07384	0.00642	0.00528	0.00163	0.00634	0.00603	0.00295	0.00636
11	0.01266	0.01411	0.01284	0.01145	0.01269	0.31382	0.03224	0.01388	0.01017	0.01177	0.00949	0.04243	0.00923	0.08895	0.11750	0.00281	0.27164	0.00466	0.00254	0.00513
12	0.11359	0.01264	0.01649	0.07887	0.23688	0.13291	0.12155	0.06444	0.01157	0.01619	0.01026	0.08124	0.00920	0.00588	0.00569	0.00158	0.06681	0.00502	0.00283	0.00636
13	0.00582	0.00494	0.00502	0.00508	0.00667	0.00414	0.00378	0.00704	0.01110	0.01323	0.04850	0.09127	0.75149	0.01261	0.00583	0.00168	0.00251	0.01058	0.00456	0.00414
14	0.01445	0.01251	0.01366	0.05797	0.06489	0.10219	0.00956	0.22680	0.20163	0.05440	0.01254	0.01358	0.00966	0.00784	0.04735	0.00194	0.13354	0.00460	0.00386	0.00705
15	0.00796	0.00524	0.00676	0.00630	0.00767	0.00476	0.00475	0.01009	0.01349	0.07802	0.63690	0.07120	0.10771	0.01019	0.00575	0.00157	0.00250	0.00894	0.00535	0.00485
16	0.00941	0.00868	0.01241	0.06971	0.31776	0.05301	0.00955	0.01130	0.01047	0.01400	0.01816	0.35982	0.04615	0.00942	0.00545	0.00168	0.00461	0.00858	0.00342	0.02639

[dist]
# distance from previous block
# <min> <max>
3	7

[block]
# block no. 3 follows, 51 sequences, length 12
# corresponding to MSA columns:
# 174-185
name=unknown_D
#
# <colnr> <probs for GDERKNQSTAVLIFYWHMCP>
#	G	D	E	R	K	N	Q	S	T	A	V	L	I	F	Y	W	H	M	C	P
0	0.00842	0.00618	0.00800	0.00853	0.08532	0.00573	0.00572	0.03915	0.01321	0.06144	0.42735	0.03532	0.25715	0.00981	0.00563	0.00157	0.00293	0.00849	0.00489	0.00515
1	0.01071	0.00963	0.06546	0.00777	0.01209	0.00681	0.00670	0.01313	0.01070	0.06640	0.06132	0.01237	0.01010	0.00429	0.00394	0.00089	0.00384	0.00349	0.00322	0.68714
2	0.01479	0.11887	0.01442	0.01169	0.11936	0.10851	0.00832	0.03360	0.02961	0.19416	0.01117	0.01170	0.00842	0.00467	0.00420	0.00115	0.00496	0.00366	0.00351	0.29324
3	0.00942	0.00800	0.00930	0.00697	0.01075	0.00611	0.00550	0.01146	0.01043	0.01574	0.04637	0.04583	0.09565	0.00530	0.00406	0.00091	0.00343	0.00439	0.00326	0.69712
4	0.00674	0.00502	0.00579	0.00567	0.00701	0.00443	0.00417	0.00829	0.01189	0.03586	0.31418	0.09773	0.40408	0.05885	0.00693	0.00182	0.00263	0.00977	0.00482	0.00436
5	0.02717	0.05963	0.35271	0.03084	0.04021	0.03987	0.01246	0.05100	0.17329	0.09009	0.03908	0.03968	0.01094	0.00578	0.00476	0.00155	0.00572	0.00465	0.00342	0.00716
6	0.03762	0.01250	0.01359	0.01103	0.01439	0.04193	0.04363	0.42943	0.25172	0.02524	0.01472	0.05703	0.01146	0.00649	0.00499	0.00156	0.00503	0.00525	0.00468	0.00770
7	0.00715	0.00476	0.00536	0.00536	0.00536	0.00476	0.00298	0.00715	0.00715	0.00953	0.01548	0.03216	0.01787	0.82729	0.02501	0.00476	0.00476	0.00715	0.00298	0.00298
8	0.05679	0.40293	0.21206	0.04794	0.01695	0.04423	0.08573	0.03486	0.01073	0.03514	0.00819	0.00963	0.00657	0.00449	0.00399	0.00132	0.00613	0.00339	0.00238	0.00657
9	0.01207	0.13817	0.44591	0.01355	0.01945	0.01261	0.13171	0.05321	0.03436	0.07891	0.01002	0.01127	0.00726	0.00475	0.00467	0.00149	0.00669	0.00402	0.00269	0.00718
10	0.00608	0.00435	0.00581	0.00695	0.00728	0.00408	0.00473	0.00701	0.00950	0.01265	0.02703	0.78525	0.03229	0.01530	0.00630	0.00201	0.00294	0.05185	0.00456	0.00402
11	0.01377	0.01007	0.01237	0.03542	0.06857	0.03898	0.03572	0.11310	0.20044	0.15964	0.03250	0.01864	0.03772	0.11822	0.00874	0.00205	0.07768	0.00544	0.00420	0.00672

[dist]
# distance from previous block
# <min> <max>
0	1

[block]
# block no. 4 follows, 51 sequences, length 16
# corresponding to MSA columns:
# 187-202
name=unknown_E
#
# <colnr> <probs for GDERKNQSTAVLIFYWHMCP>
#	G	D	E	R	K	N	Q	S	T	A	V	L	I	F	Y	W	H	M	C	P
0	0.02621	0.04624	0.06740	0.06670	0.13016	0.11634	0.10885	0.09966	0.22112	0.01794	0.01207	0.01313	0.00926	0.00523	0.00482	0.00149	0.00598	0.00452	0.00338	0.03953
1	0.01183	0.20525	0.15962	0.13718	0.05726	0.09633	0.03287	0.01634	0.12322	0.01465	0.04647	0.01262	0.00960	0.00523	0.00476	0.00143	0.02853	0.00408	0.00278	0.02995
2	0.00728	0.00540	0.00739	0.00727	0.00779	0.00615	0.00527	0.00837	0.00761	0.01076	0.01361	0.02341	0.01395	0.31752	0.48369	0.00646	0.05553	0.00588	0.00273	0.00394
3	0.16768	0.03091	0.01584	0.03396	0.24644	0.20919	0.06800	0.10764	0.01272	0.01774	0.00868	0.01048	0.00695	0.00472	0.00442	0.00141	0.00627	0.00379	0.00288	0.04030
4	0.00662	0.00482	0.00631	0.00687	0.00770	0.00451	0.00512	0.00823	0.01133	0.01525	0.27049	0.36943	0.10328	0.01312	0.00617	0.00187	0.00295	0.14680	0.00482	0.00430
5	0.01398	0.04916	0.01236	0.06246	0.01385	0.12562	0.00813	0.34197	0.03340	0.02067	0.01514	0.22800	0.01455	0.00818	0.00509	0.00157	0.00517	0.00673	0.02754	0.00641
6	0.02750	0.10271	0.12723	0.01112	0.06340	0.10339	0.00949	0.08682	0.01183	0.01616	0.01047	0.04519	0.00935	0.00559	0.00479	0.00128	0.03546	0.05339	0.00296	0.27188
7	0.01095	0.06470	0.01930	0.43688	0.04665	0.06248	0.22383	0.01470	0.04605	0.01379	0.00940	0.01275	0.00719	0.00473	0.00501	0.00158	0.00695	0.00463	0.00242	0.00601
8	0.00601	0.00438	0.00566	0.00661	0.00708	0.00404	0.00447	0.00697	0.00979	0.01292	0.06093	0.70583	0.11753	0.01485	0.00620	0.00194	0.00279	0.01336	0.00460	0.00404
9	0.00918	0.00760	0.01286	0.05134	0.04315	0.00729	0.18174	0.01164	0.01212	0.06757	0.31282	0.12526	0.09871	0.00882	0.00598	0.00165	0.02444	0.00818	0.00425	0.00539
10	0.01339	0.06998	0.13419	0.05387	0.08337	0.06414	0.28327	0.10863	0.01288	0.08071	0.01070	0.02523	0.00811	0.00492	0.00503	0.00152	0.00679	0.00478	0.02154	0.00694
11	0.01836	0.02342	0.01393	0.01266	0.01519	0.80756	0.00950	0.01962	0.01393	0.01203	0.00760	0.00886	0.00633	0.00506	0.00443	0.00127	0.00886	0.00317	0.00253	0.00570
12	0.00601	0.00462	0.00551	0.00606	0.00696	0.00412	0.00425	0.00717	0.01055	0.01354	0.11223	0.44658	0.32731	0.01373	0.00605	0.00182	0.00266	0.01208	0.00465	0.00412
13	0.01095	0.00825	0.04021	0.01189	0.12884	0.00758	0.03643	0.04572	0.07971	0.13467	0.05305	0.27444	0.07163	0.00980	0.00560	0.00174	0.00414	0.06490	0.00439	0.00603
14	0.05192	0.01465	0.07353	0.01048	0.01402	0.18913	0.00889	0.26408	0.06268	0.16335	0.01583	0.01546	0.08165	0.00625	0.00480	0.00147	0.00567	0.00472	0.00427	0.00713
15	0.00997	0.00580	0.00764	0.13666	0.01162	0.00613	0.00605	0.01206	0.01009	0.10055	0.01575	0.05101	0.01353	0.08006	0.10359	0.00248	0.00485	0.04336	0.37385	0.00495

[dist]
# distance from previous block
# <min> <max>
0	1

[block]
# block no. 5 follows, 51 sequences, length 17
# corresponding to MSA columns:
# 204-220
name=unknown_F
#
# <colnr> <probs for GDERKNQSTAVLIFYWHMCP>
#	G	D	E	R	K	N	Q	S	T	A	V	L	I	F	Y	W	H	M	C	P
0	0.00706	0.00509	0.00701	0.00701	0.00758	0.00566	0.00504	0.00821	0.00764	0.01075	0.01397	0.02380	0.01424	0.31301	0.53433	0.00680	0.01023	0.00592	0.00275	0.00390
1	0.01692	0.11912	0.04443	0.02817	0.04270	0.01348	0.03093	0.37409	0.08032	0.16435	0.01281	0.01271	0.00914	0.00556	0.00469	0.00144	0.00519	0.00435	0.00441	0.02518
2	0.01275	0.03892	0.02135	0.08942	0.21440	0.01207	0.30827	0.04025	0.07173	0.08593	0.01107	0.01333	0.00840	0.00490	0.00572	0.00159	0.04483	0.00501	0.00301	0.00704
3	0.01019	0.00873	0.01019	0.00728	0.01165	0.00655	0.00582	0.01237	0.01019	0.01601	0.00873	0.01019	0.00728	0.00364	0.00364	0.00073	0.00364	0.00291	0.00291	0.85734
4	0.01222	0.01056	0.01111	0.01000	0.01278	0.01222	0.00778	0.02611	0.78776	0.02056	0.02000	0.01833	0.01500	0.00667	0.00500	0.00167	0.00389	0.00556	0.00500	0.00778
5	0.01114	0.00870	0.01029	0.00740	0.01172	0.00660	0.00593	0.01330	0.01050	0.07868	0.00959	0.01071	0.00767	0.00383	0.00374	0.00079	0.00368	0.00307	0.00316	0.78948
6	0.00629	0.00500	0.00564	0.00548	0.00693	0.00435	0.00411	0.00798	0.01233	0.01595	0.35974	0.04289	0.48302	0.01145	0.00580	0.00161	0.00242	0.00975	0.00492	0.00435
7	0.01160	0.01326	0.02900	0.02071	0.02568	0.01243	0.77879	0.01574	0.01160	0.01574	0.00994	0.01326	0.00746	0.00414	0.00580	0.00166	0.00829	0.00580	0.00249	0.00663
8	0.00792	0.00566	0.00792	0.00905	0.01018	0.00566	0.00792	0.01018	0.01131	0.01471	0.02602	0.05543	0.02828	0.01358	0.00679	0.00226	0.00453	0.76356	0.00453	0.00453
9	0.01160	0.01326	0.02900	0.02071	0.02568	0.01243	0.77879	0.01574	0.01160	0.01574	0.00994	0.01326	0.00746	0.00414	0.00580	0.00166	0.00829	0.00580	0.00249	0.00663
10	0.02021	0.00796	0.01081	0.00843	0.01191	0.00691	0.00691	0.02216	0.01405	0.70483	0.11391	0.01916	0.01634	0.00657	0.00505	0.00152	0.00395	0.00542	0.00600	0.00791
11	0.00610	0.00476	0.00558	0.00618	0.00721	0.00424	0.00451	0.00729	0.01047	0.01312	0.03786	0.37183	0.39769	0.01379	0.00610	0.00186	0.00285	0.08988	0.00456	0.00412
12	0.01034	0.00887	0.01026	0.00748	0.01173	0.00697	0.00597	0.01338	0.06711	0.01635	0.00956	0.01079	0.00784	0.00386	0.00374	0.00080	0.00366	0.00311	0.00306	0.79514
13	0.00666	0.00504	0.00616	0.00610	0.00728	0.00462	0.00449	0.00879	0.03419	0.01694	0.45930	0.16914	0.23032	0.01144	0.00586	0.00165	0.00249	0.01001	0.00505	0.00450
14	0.00651	0.00462	0.00615	0.00719	0.00763	0.00442	0.00515	0.00760	0.00962	0.01274	0.02580	0.58474	0.03025	0.08896	0.00809	0.00231	0.00339	0.17641	0.00441	0.00402
15	0.00619	0.00436	0.00576	0.00683	0.00717	0.00410	0.00463	0.00712	0.00945	0.01271	0.02641	0.74691	0.03137	0.03750	0.00673	0.00206	0.00296	0.04571	0.02802	0.00400
16	0.04018	0.01503	0.17578	0.04327	0.25792	0.03917	0.27209	0.01561	0.01108	0.03903	0.00945	0.01204	0.00728	0.00460	0.00548	0.00157	0.03631	0.00463	0.00250	0.00700

[dist]
# distance from previous block
# <min> <max>
0	1

[block]
# block no. 6 follows, 51 sequences, length 31
# corresponding to MSA columns:
# 222-252
name=unknown_G
#
# <colnr> <probs for GDERKNQSTAVLIFYWHMCP>
#	G	D	E	R	K	N	Q	S	T	A	V	L	I	F	Y	W	H	M	C	P
0	0.30947	0.03685	0.04208	0.12250	0.15046	0.06002	0.07292	0.03110	0.06673	0.03358	0.00937	0.01146	0.00737	0.02136	0.00464	0.00158	0.00544	0.00389	0.00292	0.00625
1	0.01014	0.00938	0.01414	0.37196	0.12409	0.01130	0.01170	0.02782	0.09531	0.01424	0.01261	0.03268	0.04110	0.00670	0.00713	0.00175	0.15392	0.04527	0.00284	0.00592
2	0.01803	0.01346	0.09798	0.01043	0.01460	0.07723	0.00922	0.29683	0.01656	0.29263	0.01345	0.01295	0.00917	0.00554	0.00473	0.00141	0.00530	0.00426	0.00462	0.09159
3	0.00615	0.00443	0.00583	0.00668	0.00715	0.00411	0.00455	0.00727	0.01024	0.01381	0.16107	0.66627	0.05542	0.01439	0.00618	0.00191	0.00275	0.01299	0.00471	0.00411
4	0.00965	0.00850	0.01296	0.01522	0.19861	0.00957	0.02631	0.01175	0.01025	0.01423	0.01673	0.06327	0.01755	0.00999	0.00867	0.00202	0.21258	0.34322	0.00338	0.00554
5	0.01925	0.00774	0.01051	0.00827	0.01158	0.00674	0.00674	0.02123	0.01404	0.65545	0.16293	0.02043	0.01850	0.00682	0.00510	0.00153	0.00384	0.00567	0.00596	0.00767
6	0.01060	0.00671	0.00714	0.00651	0.00822	0.00715	0.00502	0.11920	0.11746	0.01988	0.05354	0.03412	0.01443	0.02289	0.03686	0.00164	0.00343	0.00515	0.51456	0.00549
7	0.02205	0.00836	0.01140	0.00874	0.01254	0.00722	0.00722	0.02395	0.01407	0.80004	0.01939	0.01673	0.01216	0.00608	0.00494	0.00152	0.00418	0.00494	0.00608	0.00836
8	0.01077	0.00938	0.01199	0.00861	0.01300	0.00751	0.06971	0.05467	0.01101	0.01681	0.00900	0.01053	0.00735	0.00380	0.00389	0.00085	0.00412	0.00323	0.00299	0.74077
9	0.01222	0.01056	0.01111	0.01000	0.01278	0.01222	0.00778	0.02611	0.78776	0.02056	0.02000	0.01833	0.01500	0.00667	0.00500	0.00167	0.00389	0.00556	0.00500	0.00778
10	0.86201	0.00950	0.00722	0.00646	0.00950	0.01102	0.00532	0.01445	0.00836	0.02205	0.00684	0.00798	0.00532	0.00456	0.00304	0.00152	0.00380	0.00266	0.00304	0.00532
11	0.01868	0.01376	0.01475	0.01131	0.01524	0.01524	0.00934	0.78025	0.02311	0.03097	0.01180	0.01180	0.00836	0.00590	0.00492	0.00147	0.00541	0.00442	0.00492	0.00836
12	0.86201	0.00950	0.00722	0.00646	0.00950	0.01102	0.00532	0.01445	0.00836	0.02205	0.00684	0.00798	0.00532	0.00456	0.00304	0.00152	0.00380	0.00266	0.00304	0.00532
13	0.01216	0.01168	0.01995	0.03016	0.79664	0.01168	0.01508	0.01508	0.01119	0.01605	0.00924	0.01216	0.00778	0.00438	0.00487	0.00146	0.00584	0.00438	0.00243	0.00778
14	0.01257	0.01073	0.01131	0.01007	0.01291	0.01238	0.00786	0.06620	0.74712	0.02111	0.01957	0.01799	0.01465	0.00663	0.00500	0.00166	0.00397	0.00550	0.00500	0.00781
15	0.01114	0.00581	0.00727	0.00679	0.00852	0.00514	0.00501	0.01233	0.01111	0.26106	0.02940	0.27846	0.22590	0.09926	0.00775	0.00206	0.00338	0.00943	0.00487	0.00530
16	0.02099	0.00805	0.01084	0.00840	0.01198	0.00701	0.00691	0.02292	0.01376	0.73562	0.01911	0.01686	0.01220	0.00605	0.00482	0.00149	0.00403	0.00491	0.07600	0.00805
17	0.00715	0.00476	0.00536	0.00536	0.00536	0.00476	0.00298	0.00715	0.00715	0.00953	0.01548	0.03216	0.01787	0.82729	0.02501	0.00476	0.00476	0.00715	0.00298	0.00298
18	0.00736	0.00465	0.00621	0.00697	0.00758	0.00429	0.00478	0.00837	0.01001	0.07778	0.06339	0.71963	0.03149	0.01437	0.00614	0.00193	0.00294	0.01298	0.00473	0.00438
19	0.01091	0.00746	0.00857	0.00785	0.01010	0.00756	0.00621	0.01673	0.27208	0.14179	0.12322	0.03232	0.23510	0.00933	0.00550	0.00169	0.00343	0.08897	0.00505	0.00613
20	0.01019	0.00873	0.01019	0.00728	0.01165	0.00655	0.00582	0.01237	0.01019	0.01601	0.00873	0.01019	0.00728	0.00364	0.00364	0.00073	0.00364	0.00291	0.00291	0.85734
21	0.00589	0.00475	0.00525	0.00561	0.00681	0.00411	0.00402	0.00704	0.01068	0.01319	0.05999	0.30009	0.52868	0.01335	0.00596	0.00177	0.00260	0.01151	0.00458	0.00411
22	0.00585	0.00482	0.00514	0.00540	0.00675	0.00411	0.00392	0.00700	0.01079	0.01311	0.04462	0.22415	0.62113	0.01312	0.00591	0.00174	0.00257	0.01119	0.00456	0.00411
23	0.01383	0.08738	0.01890	0.04607	0.01757	0.29874	0.19335	0.01584	0.01110	0.01284	0.00782	0.01051	0.00664	0.00574	0.00789	0.00160	0.23183	0.00411	0.00236	0.00587
24	0.22213	0.19348	0.01448	0.00960	0.01188	0.13780	0.00809	0.02726	0.00985	0.01477	0.01047	0.01217	0.07111	0.00635	0.00716	0.00156	0.22975	0.00385	0.00267	0.00557
25	0.00599	0.00428	0.00570	0.00684	0.00713	0.00399	0.00456	0.00684	0.00941	0.01254	0.02709	0.82409	0.03250	0.01540	0.00627	0.00200	0.00285	0.01397	0.00456	0.00399
26	0.00982	0.00983	0.04593	0.26919	0.30590	0.02745	0.02747	0.01246	0.01038	0.01401	0.01330	0.20594	0.01319	0.00720	0.00522	0.00165	0.00552	0.00663	0.00285	0.00606
27	0.14807	0.13863	0.04742	0.01438	0.21863	0.01168	0.02513	0.07956	0.02414	0.15393	0.05874	0.01374	0.02198	0.00533	0.00439	0.00143	0.00486	0.00432	0.01669	0.00698
28	0.01057	0.05105	0.09927	0.01076	0.01424	0.01059	0.07237	0.01295	0.00956	0.01454	0.00810	0.01051	0.00690	0.00523	0.00745	0.00131	0.23555	0.00361	0.00253	0.41290
29	0.01112	0.00985	0.01552	0.14510	0.38233	0.01034	0.02494	0.07749	0.03964	0.01646	0.01387	0.06763	0.01307	0.00698	0.00533	0.00168	0.00547	0.14336	0.00320	0.00663
30	0.01193	0.01203	0.06021	0.05447	0.48593	0.01180	0.02872	0.01815	0.23136	0.01716	0.01227	0.01388	0.00969	0.00506	0.00491	0.00153	0.00544	0.00470	0.00313	0.00764

[dist]
# distance from previous block
# <min> <max>
0	6

[block]
# block no. 7 follows, 51 sequences, length 42
# corresponding to MSA columns:
# 259-300
name=unknown_H
#
# <colnr> <probs for GDERKNQSTAVLIFYWHMCP>
#	G	D	E	R	K	N	Q	S	T	A	V	L	I	F	Y	W	H	M	C	P
0	0.01141	0.04156	0.04282	0.00805	0.01043	0.09750	0.00658	0.12059	0.09899	0.01874	0.12555	0.06206	0.06223	0.00709	0.00460	0.00139	0.00407	0.00575	0.22619	0.04439
1	0.76702	0.00992	0.00965	0.00805	0.01131	0.01118	0.09172	0.01459	0.00872	0.02134	0.00719	0.00857	0.00556	0.00451	0.00335	0.00154	0.00430	0.00301	0.00298	0.00547
2	0.00657	0.00470	0.00544	0.00574	0.00618	0.00448	0.00363	0.00710	0.00859	0.01114	0.02552	0.23876	0.18269	0.42644	0.03875	0.00350	0.00404	0.00952	0.00370	0.00352
3	0.00964	0.01006	0.05549	0.65985	0.06650	0.01123	0.06077	0.01299	0.00994	0.01303	0.00875	0.01284	0.00664	0.00497	0.00538	0.00165	0.03792	0.00442	0.00221	0.00572
4	0.02180	0.00877	0.01166	0.00894	0.01275	0.00782	0.00738	0.08065	0.01474	0.74238	0.01882	0.01636	0.01188	0.00607	0.00494	0.00152	0.00427	0.00490	0.00599	0.00836
5	0.00611	0.00455	0.00570	0.00642	0.00712	0.00414	0.00448	0.00724	0.01035	0.01355	0.11705	0.54840	0.19916	0.01412	0.00613	0.00188	0.00276	0.03208	0.00466	0.00411
6	0.00632	0.00500	0.00568	0.00551	0.00695	0.00436	0.00413	0.00804	0.01240	0.01612	0.37952	0.04260	0.46313	0.01138	0.00580	0.00161	0.00241	0.00971	0.00494	0.00436
7	0.00606	0.00450	0.00566	0.00641	0.00706	0.00410	0.00441	0.00716	0.01027	0.01350	0.11870	0.58485	0.18092	0.01422	0.00613	0.00188	0.00272	0.01270	0.00466	0.00410
8	0.01519	0.00656	0.00839	0.00698	0.00946	0.00592	0.00557	0.01729	0.01290	0.41038	0.16986	0.02112	0.01898	0.00675	0.00465	0.00141	0.00324	0.00560	0.26326	0.00649
9	0.01019	0.00873	0.01019	0.00728	0.01165	0.00655	0.00582	0.01237	0.01019	0.01601	0.00873	0.01019	0.00728	0.00364	0.00364	0.00073	0.00364	0.00291	0.00291	0.85734
10	0.01222	0.01056	0.01111	0.01000	0.01278	0.01222	0.00778	0.02611	0.78776	0.02056	0.02000	0.01833	0.01500	0.00667	0.00500	0.00167	0.00389	0.00556	0.00500	0.00778
11	0.00928	0.00873	0.01474	0.81548	0.03385	0.01092	0.01365	0.01256	0.00983	0.01256	0.00873	0.01310	0.00655	0.00491	0.00491	0.00164	0.00655	0.00437	0.00218	0.00546
12	0.00986	0.02542	0.80183	0.01401	0.02127	0.01141	0.01816	0.01556	0.01038	0.01556	0.00882	0.01038	0.00623	0.00467	0.00467	0.00156	0.00726	0.00363	0.00208	0.00726
13	0.00599	0.00428	0.00570	0.00684	0.00713	0.00399	0.00456	0.00684	0.00941	0.01254	0.02709	0.82409	0.03250	0.01540	0.00627	0.00200	0.00285	0.01397	0.00456	0.00399
14	0.06008	0.00851	0.01128	0.00869	0.01246	0.00754	0.00718	0.03743	0.01397	0.75060	0.01868	0.01624	0.01178	0.00601	0.00486	0.00152	0.00419	0.00483	0.00592	0.00823
15	0.01345	0.01198	0.02212	0.06632	0.19361	0.01175	0.37541	0.10158	0.01296	0.10429	0.01136	0.01424	0.00860	0.00488	0.00537	0.00159	0.00678	0.02339	0.00318	0.00715
16	0.01160	0.01326	0.02900	0.02071	0.02568	0.01243	0.77879	0.01574	0.01160	0.01574	0.00994	0.01326	0.00746	0.00414	0.00580	0.00166	0.00829	0.00580	0.00249	0.00663
17	0.00710	0.00610	0.00621	0.00599	0.00787	0.00577	0.00455	0.01089	0.16756	0.01474	0.04379	0.04146	0.63766	0.01128	0.00565	0.00166	0.00277	0.00940	0.00465	0.00488
18	0.00797	0.00712	0.01288	0.01099	0.01280	0.00727	0.20748	0.01013	0.00922	0.01281	0.01563	0.20906	0.01583	0.02321	0.40787	0.00487	0.00944	0.00747	0.00305	0.00488
19	0.01133	0.00939	0.01454	0.65806	0.03004	0.01127	0.01268	0.11629	0.01187	0.06334	0.00980	0.01315	0.00714	0.00512	0.00492	0.00161	0.00625	0.00441	0.00279	0.00603
20	0.00929	0.02143	0.64631	0.01248	0.01855	0.01009	0.01551	0.01433	0.01107	0.01637	0.16238	0.01553	0.01408	0.00572	0.00489	0.00155	0.00630	0.00466	0.00273	0.00675
21	0.01386	0.00704	0.00804	0.00692	0.00922	0.00703	0.00547	0.06519	0.11612	0.24319	0.01726	0.01746	0.01253	0.00596	0.00417	0.00134	0.00324	0.00480	0.44483	0.00633
22	0.04351	0.00704	0.00841	0.00774	0.00964	0.00707	0.00591	0.07255	0.12933	0.14384	0.21939	0.23406	0.05889	0.00993	0.00551	0.00169	0.00333	0.02128	0.00506	0.00583
23	0.00968	0.01341	0.21300	0.52706	0.02980	0.01121	0.09964	0.01366	0.01016	0.01366	0.00889	0.01244	0.00657	0.00477	0.00495	0.00162	0.00692	0.00434	0.00219	0.00604
24	0.00603	0.00431	0.00574	0.00681	0.00714	0.00402	0.00457	0.00696	0.00962	0.01288	0.06327	0.78693	0.03316	0.01514	0.00625	0.00197	0.00283	0.01373	0.00460	0.00402
25	0.19019	0.00847	0.00857	0.00748	0.01001	0.00923	0.00594	0.09631	0.20591	0.10767	0.01504	0.01532	0.01120	0.00578	0.00406	0.00143	0.00354	0.00445	0.28307	0.00634
26	0.01026	0.17138	0.21398	0.18886	0.04292	0.03711	0.05409	0.01344	0.00983	0.01314	0.00924	0.01241	0.00762	0.01100	0.16184	0.00273	0.02783	0.00406	0.00226	0.00600
27	0.21361	0.01756	0.36551	0.01538	0.12778	0.01162	0.12601	0.03853	0.01058	0.01767	0.00866	0.01052	0.00647	0.00456	0.00448	0.00155	0.00633	0.00385	0.00250	0.00681
28	0.01059	0.00892	0.00972	0.00919	0.01146	0.00998	0.00721	0.02077	0.55217	0.01851	0.02415	0.07800	0.09188	0.00877	0.00542	0.00177	0.00378	0.11613	0.00486	0.00672
29	0.27135	0.08367	0.06087	0.00974	0.01318	0.25298	0.00828	0.07721	0.01244	0.15354	0.00975	0.01020	0.00719	0.00506	0.00405	0.00140	0.00586	0.00340	0.00342	0.00640
30	0.00606	0.00447	0.00561	0.00639	0.00698	0.00409	0.00435	0.00704	0.00992	0.01299	0.07787	0.59794	0.17445	0.04877	0.00695	0.00202	0.00283	0.01270	0.00455	0.00402
31	0.01036	0.00972	0.01627	0.56520	0.25726	0.01125	0.01396	0.03220	0.01055	0.01404	0.00896	0.01279	0.00696	0.00478	0.00490	0.00158	0.00631	0.00437	0.00232	0.00621
32	0.01227	0.00846	0.00940	0.00836	0.01095	0.00887	0.00652	0.02009	0.40847	0.17083	0.02766	0.05929	0.21111	0.00837	0.00525	0.00165	0.00355	0.00700	0.00508	0.00682
33	0.01046	0.01033	0.01450	0.01251	0.01258	0.01436	0.01039	0.01159	0.00755	0.01179	0.00697	0.01142	0.00690	0.01079	0.07759	0.00260	0.75580	0.00438	0.00219	0.00530
34	0.00661	0.00484	0.00561	0.00562	0.00641	0.00448	0.00378	0.00764	0.01026	0.01353	0.22937	0.11949	0.24013	0.30612	0.01278	0.00278	0.00330	0.00919	0.00421	0.00384
35	0.00650	0.00590	0.00771	0.00677	0.00878	0.00509	0.08974	0.00811	0.01136	0.01381	0.07596	0.04308	0.67657	0.01143	0.00581	0.00165	0.00312	0.00980	0.00437	0.00444
36	0.08018	0.01156	0.01438	0.08532	0.01673	0.01282	0.09858	0.25846	0.30174	0.04724	0.01419	0.01436	0.01043	0.00579	0.00491	0.00159	0.00512	0.00488	0.00430	0.00744
37	0.01355	0.01193	0.01736	0.02278	0.49926	0.01252	0.01264	0.17886	0.14451	0.01997	0.01160	0.01313	0.00912	0.00509	0.00490	0.00150	0.00542	0.00459	0.00339	0.00790
38	0.00967	0.00682	0.00819	0.00748	0.00926	0.00692	0.00571	0.03854	0.19778	0.08147	0.44641	0.09135	0.05193	0.00927	0.00555	0.00161	0.00298	0.00807	0.00526	0.00574
39	0.01683	0.23067	0.01714	0.01104	0.01443	0.33434	0.00909	0.24318	0.04825	0.01786	0.00916	0.00987	0.00729	0.00515	0.00426	0.00129	0.00669	0.00350	0.00323	0.00673
40	0.01245	0.28787	0.29457	0.01320	0.01837	0.12608	0.15260	0.01589	0.01097	0.01378	0.00820	0.00987	0.00649	0.00448	0.00434	0.00137	0.00701	0.00363	0.00222	0.00661
41	0.01632	0.05400	0.06276	0.05378	0.08382	0.12494	0.03907	0.08122	0.01315	0.27639	0.01232	0.01265	0.00874	0.00518	0.00483	0.00137	0.02129	0.00412	0.00387	0.12019

[dist]
# distance from previous block
# <min> <max>
3	8

[block]
# block no. 8 follows, 51 sequences, length 22
# corresponding to MSA columns:
# 309-330
name=unknown_I
#
# <colnr> <probs for GDERKNQSTAVLIFYWHMCP>
#	G	D	E	R	K	N	Q	S	T	A	V	L	I	F	Y	W	H	M	C	P
0	0.05248	0.01106	0.06065	0.01003	0.03554	0.03785	0.00825	0.21865	0.02897	0.04367	0.01168	0.02948	0.00931	0.00613	0.00628	0.00146	0.14319	0.00437	0.20163	0.07932
1	0.19791	0.02790	0.01515	0.08769	0.39701	0.05830	0.01128	0.04185	0.03417	0.01718	0.01006	0.06196	0.00881	0.00531	0.00450	0.00151	0.00536	0.00453	0.00284	0.00668
2	0.01136	0.01136	0.02084	0.21150	0.43893	0.01167	0.19249	0.01465	0.01097	0.01516	0.00929	0.01264	0.00742	0.00445	0.00509	0.00155	0.00657	0.00471	0.00239	0.00697
3	0.01198	0.01168	0.01737	0.19537	0.44820	0.06608	0.01344	0.04639	0.01112	0.01507	0.00898	0.01242	0.00753	0.02330	0.00645	0.00163	0.08937	0.00435	0.00247	0.00681
4	0.00837	0.00656	0.00840	0.00811	0.00936	0.00752	0.00616	0.01301	0.20762	0.01351	0.01521	0.02070	0.01369	0.13014	0.50207	0.00590	0.00971	0.00558	0.00328	0.00508
5	0.01403	0.69268	0.02374	0.00913	0.01305	0.15383	0.00859	0.01555	0.01066	0.01164	0.00696	0.00805	0.00631	0.00435	0.00337	0.00109	0.00587	0.00272	0.00218	0.00620
6	0.00581	0.00498	0.00498	0.00498	0.00664	0.00415	0.00373	0.00705	0.01120	0.01328	0.04978	0.04729	0.79464	0.01245	0.00581	0.00166	0.00249	0.01037	0.00456	0.00415
7	0.00599	0.00428	0.00570	0.00684	0.00713	0.00399	0.00456	0.00684	0.00941	0.01254	0.02709	0.82409	0.03250	0.01540	0.00627	0.00200	0.00285	0.01397	0.00456	0.00399
8	0.00633	0.00500	0.00570	0.00552	0.00696	0.00437	0.00414	0.00805	0.01242	0.01618	0.38543	0.04252	0.45718	0.01136	0.00580	0.00161	0.00241	0.00970	0.00495	0.00437
9	0.01672	0.01279	0.01364	0.01091	0.01449	0.01432	0.00887	0.55115	0.25540	0.02781	0.01429	0.01378	0.01038	0.00613	0.00494	0.00153	0.00495	0.00477	0.00494	0.00818
10	0.01222	0.01056	0.01111	0.01000	0.01278	0.01222	0.00778	0.02611	0.78776	0.02056	0.02000	0.01833	0.01500	0.00667	0.00500	0.00167	0.00389	0.00556	0.00500	0.00778
11	0.01019	0.00873	0.01019	0.00728	0.01165	0.00655	0.00582	0.01237	0.01019	0.01601	0.00873	0.01019	0.00728	0.00364	0.00364	0.00073	0.00364	0.00291	0.00291	0.85734
12	0.01572	0.01915	0.01304	0.01317	0.08080	0.60233	0.00913	0.01705	0.01292	0.01246	0.01106	0.14815	0.01092	0.00677	0.00478	0.00141	0.00758	0.00511	0.00287	0.00559
13	0.01002	0.00949	0.01607	0.61426	0.22929	0.01111	0.01402	0.01320	0.01018	0.01345	0.00887	0.01286	0.00687	0.00478	0.00490	0.00159	0.00637	0.00437	0.00225	0.00605
14	0.00639	0.00482	0.00591	0.00602	0.00709	0.00434	0.00437	0.00804	0.01201	0.01610	0.39205	0.24138	0.24941	0.01208	0.00592	0.00169	0.00250	0.01060	0.00496	0.00434
15	0.00864	0.00640	0.00926	0.33748	0.01767	0.00719	0.00793	0.01135	0.01103	0.01631	0.21239	0.02089	0.01877	0.00650	0.00465	0.00145	0.00404	0.00560	0.28750	0.00496
16	0.00817	0.00640	0.00811	0.00765	0.00810	0.00749	0.00547	0.00996	0.07430	0.01131	0.01378	0.02426	0.01434	0.42876	0.20857	0.00480	0.14541	0.00608	0.00293	0.00413
17	0.00621	0.00445	0.00563	0.00648	0.00685	0.00417	0.00430	0.00699	0.00922	0.01214	0.02703	0.60527	0.09524	0.15354	0.00944	0.00244	0.00318	0.02927	0.00429	0.00384
18	0.00741	0.00481	0.00614	0.00663	0.00752	0.00435	0.00465	0.00854	0.01050	0.08038	0.09604	0.55536	0.16191	0.01364	0.00604	0.00186	0.00286	0.01215	0.00476	0.00445
19	0.03721	0.01322	0.06640	0.06921	0.21979	0.05744	0.25622	0.08291	0.03072	0.10221	0.01082	0.01277	0.00805	0.00477	0.00509	0.00154	0.00660	0.00476	0.00311	0.00716
20	0.01253	0.01454	0.11478	0.01767	0.02230	0.01301	0.49417	0.14574	0.01307	0.01798	0.00983	0.01246	0.00738	0.00488	0.00640	0.00166	0.07669	0.00519	0.00282	0.00689
21	0.06584	0.04514	0.24174	0.01388	0.04530	0.22240	0.10700	0.16869	0.01389	0.01800	0.00906	0.01045	0.00683	0.00492	0.00466	0.00145	0.00712	0.00387	0.00288	0.00686

[dist]
# distance from previous block
# <min> <max>
0	2

[block]
# block no. 9 follows, 51 sequences, length 44
# corresponding to MSA columns:
# 333-352,354-377
name=unknown_J
#
# <colnr> <probs for GDERKNQSTAVLIFYWHMCP>
#	G	D	E	R	K	N	Q	S	T	A	V	L	I	F	Y	W	H	M	C	P
0	0.01139	0.00814	0.05371	0.04428	0.12416	0.00713	0.03881	0.01329	0.01090	0.20220	0.01982	0.38730	0.02005	0.00998	0.00581	0.00176	0.02211	0.00895	0.00426	0.00595
1	0.00633	0.00478	0.00593	0.00671	0.00761	0.00439	0.00500	0.00760	0.01037	0.01322	0.03402	0.41972	0.27183	0.01409	0.00623	0.00195	0.00308	0.16843	0.00455	0.00415
2	0.01314	0.56695	0.02248	0.06256	0.08916	0.03938	0.00948	0.05679	0.05582	0.01364	0.00823	0.00953	0.00708	0.00462	0.00396	0.00122	0.02370	0.00323	0.00247	0.00655
3	0.00616	0.00438	0.00581	0.00689	0.00721	0.00413	0.00467	0.00705	0.00940	0.01251	0.02642	0.73842	0.03150	0.05755	0.00728	0.00216	0.00305	0.05695	0.00448	0.00397
4	0.01662	0.05855	0.06137	0.01494	0.17827	0.04558	0.01069	0.38217	0.04987	0.11550	0.01189	0.01231	0.00865	0.00544	0.00478	0.00146	0.00553	0.00433	0.00412	0.00793
5	0.06262	0.06184	0.12637	0.01258	0.03447	0.30883	0.06977	0.09111	0.02820	0.03874	0.00998	0.05078	0.00835	0.00571	0.00524	0.00146	0.05303	0.00426	0.02034	0.00631
6	0.00649	0.00500	0.00592	0.00569	0.00705	0.00444	0.00427	0.00837	0.01280	0.01708	0.48971	0.04104	0.35234	0.01103	0.00580	0.00159	0.00239	0.00949	0.00506	0.00444
7	0.01128	0.01855	0.37698	0.01862	0.14140	0.01200	0.27534	0.05695	0.01160	0.01653	0.00943	0.01170	0.00700	0.00451	0.00510	0.00157	0.00729	0.00452	0.00242	0.00719
8	0.00843	0.00432	0.00644	0.00644	0.00648	0.00436	0.00432	0.00652	0.00649	0.00869	0.00892	0.01558	0.00895	0.03945	0.05355	0.79758	0.00467	0.00439	0.00218	0.00225
9	0.00657	0.00483	0.00557	0.00561	0.00640	0.00446	0.00377	0.00757	0.01016	0.01332	0.20485	0.13337	0.25473	0.30266	0.01271	0.00278	0.00330	0.00932	0.00419	0.00382
10	0.00679	0.00502	0.00634	0.00601	0.00724	0.00457	0.00451	0.00895	0.01352	0.01877	0.68590	0.03825	0.15510	0.01040	0.00580	0.00156	0.00234	0.00910	0.00529	0.00457
11	0.00605	0.00473	0.00549	0.00585	0.00693	0.00417	0.00418	0.00732	0.01097	0.01401	0.15724	0.33046	0.39880	0.01315	0.00598	0.00177	0.00260	0.01146	0.00469	0.00417
12	0.01314	0.83025	0.02575	0.00841	0.01261	0.01945	0.00841	0.01472	0.00999	0.01156	0.00683	0.00788	0.00631	0.00420	0.00315	0.00105	0.00526	0.00263	0.00210	0.00631
13	0.00986	0.02542	0.80183	0.01401	0.02127	0.01141	0.01816	0.01556	0.01038	0.01556	0.00882	0.01038	0.00623	0.00467	0.00467	0.00156	0.00726	0.00363	0.00208	0.00726
14	0.01892	0.00767	0.01040	0.00821	0.01146	0.00669	0.00669	0.02090	0.01403	0.63807	0.18018	0.02087	0.01926	0.00691	0.00512	0.00153	0.00379	0.00576	0.00594	0.00759
15	0.01314	0.83025	0.02575	0.00841	0.01261	0.01945	0.00841	0.01472	0.00999	0.01156	0.00683	0.00788	0.00631	0.00420	0.00315	0.00105	0.00526	0.00263	0.00210	0.00631
16	0.01086	0.01034	0.01759	0.38597	0.45104	0.01133	0.01443	0.01394	0.01057	0.01447	0.00901	0.01259	0.00723	0.00462	0.00489	0.00154	0.00616	0.00437	0.00232	0.00673
17	0.00602	0.00429	0.00569	0.00680	0.00707	0.00402	0.00451	0.00685	0.00934	0.01245	0.02672	0.79915	0.03204	0.04096	0.00686	0.00208	0.00291	0.01376	0.00451	0.00396
18	0.00750	0.00517	0.00652	0.00703	0.00754	0.00517	0.00522	0.00852	0.00903	0.01187	0.02026	0.04270	0.02259	0.45862	0.01676	0.00363	0.00466	0.34986	0.00368	0.00368
19	0.00986	0.02542	0.80183	0.01401	0.02127	0.01141	0.01816	0.01556	0.01038	0.01556	0.00882	0.01038	0.00623	0.00467	0.00467	0.00156	0.00726	0.00363	0.00208	0.00726
20	0.01060	0.20709	0.62665	0.01274	0.01932	0.01323	0.01596	0.01537	0.01029	0.01466	0.00837	0.00981	0.00624	0.00456	0.00433	0.00144	0.00681	0.00340	0.00208	0.00705
21	0.42081	0.01155	0.01096	0.00892	0.01237	0.01306	0.00734	0.37326	0.05815	0.02614	0.00988	0.01034	0.00727	0.00530	0.00403	0.00151	0.00456	0.00365	0.00403	0.00688
22	0.01238	0.05766	0.02090	0.04192	0.29383	0.13379	0.26245	0.01527	0.01171	0.01492	0.03113	0.01458	0.05669	0.00505	0.00509	0.00149	0.00680	0.00504	0.00265	0.00664
23	0.01671	0.02081	0.01574	0.01359	0.01610	0.62625	0.09577	0.01828	0.01292	0.01242	0.00773	0.00957	0.00647	0.00537	0.00595	0.00141	0.10305	0.00359	0.00248	0.00576
24	0.09844	0.01737	0.01325	0.01131	0.01439	0.37348	0.00885	0.27798	0.10315	0.02037	0.01034	0.01084	0.00789	0.00548	0.00453	0.00141	0.00665	0.00381	0.00367	0.00680
25	0.00715	0.00476	0.00536	0.00536	0.00536	0.00476	0.00298	0.00715	0.00715	0.00953	0.01548	0.03216	0.01787	0.82729	0.02501	0.00476	0.00476	0.00715	0.00298	0.00298
26	0.01167	0.01067	0.01872	0.29443	0.40831	0.01126	0.09967	0.01479	0.01093	0.05798	0.00971	0.01286	0.00757	0.00463	0.00499	0.00155	0.00626	0.00456	0.00255	0.00690
27	0.01074	0.21376	0.53104	0.01266	0.01891	0.01308	0.05633	0.01519	0.01034	0.01465	0.00841	0.00993	0.00637	0.00447	0.00431	0.00139	0.00663	0.00347	0.00215	0.05615
28	0.01192	0.18284	0.02832	0.01816	0.02297	0.01388	0.61888	0.01553	0.01126	0.01487	0.00930	0.01214	0.00722	0.00416	0.00525	0.00153	0.00766	0.00514	0.00241	0.00656
29	0.00607	0.00434	0.00578	0.00679	0.00715	0.00405	0.00457	0.00705	0.00980	0.01316	0.09337	0.75604	0.03370	0.01493	0.00623	0.00196	0.00281	0.01353	0.00464	0.00405
30	0.01340	0.67681	0.04286	0.01101	0.10129	0.01775	0.00933	0.01525	0.01034	0.05235	0.00779	0.00888	0.00677	0.00433	0.00347	0.00113	0.00531	0.00297	0.00234	0.00660
31	0.01241	0.28635	0.03101	0.00982	0.01319	0.01304	0.08133	0.05051	0.20794	0.07078	0.15752	0.01720	0.01653	0.00611	0.00459	0.00142	0.00462	0.00508	0.00388	0.00665
32	0.00605	0.00499	0.00531	0.00523	0.00679	0.00425	0.00392	0.00752	0.01177	0.01462	0.20558	0.04508	0.63801	0.01194	0.00581	0.00164	0.00245	0.01006	0.00474	0.00425
33	0.00642	0.00468	0.00644	0.00719	0.00777	0.00471	0.00519	0.00766	0.00931	0.01259	0.04271	0.50421	0.05707	0.02080	0.22195	0.00358	0.00572	0.06376	0.00406	0.00416
34	0.03546	0.14787	0.01423	0.00937	0.01298	0.09339	0.00784	0.10164	0.07040	0.41987	0.02854	0.01421	0.01085	0.00573	0.00457	0.00142	0.00491	0.00438	0.00478	0.00758
35	0.02205	0.00836	0.01140	0.00874	0.01254	0.00722	0.00722	0.02395	0.01407	0.80004	0.01939	0.01673	0.01216	0.00608	0.00494	0.00152	0.00418	0.00494	0.00608	0.00836
36	0.00916	0.00458	0.00458	0.00458	0.00573	0.00458	0.00344	0.01145	0.01031	0.01832	0.01603	0.01832	0.01260	0.00573	0.00344	0.00115	0.00229	0.00458	0.85457	0.00458
37	0.01621	0.01462	0.01314	0.01101	0.01417	0.19206	0.00872	0.35419	0.24618	0.02316	0.04636	0.01412	0.01147	0.00611	0.00487	0.00149	0.00561	0.00466	0.00443	0.00743
38	0.01660	0.02048	0.01414	0.01332	0.04949	0.63140	0.00980	0.01790	0.01272	0.01219	0.00803	0.03168	0.00713	0.00585	0.00625	0.00143	0.12970	0.00369	0.00253	0.00570
39	0.05839	0.01028	0.04354	0.00997	0.08019	0.00845	0.00753	0.10195	0.01174	0.03046	0.00920	0.01054	0.00737	0.00410	0.00392	0.00097	0.00420	0.00326	0.00313	0.59080
40	0.03658	0.11878	0.01802	0.01478	0.13650	0.06392	0.15521	0.14477	0.11882	0.06720	0.01188	0.01298	0.00905	0.00512	0.00467	0.00145	0.00568	0.00451	0.06298	0.00708
41	0.01171	0.01132	0.01877	0.18817	0.62685	0.02779	0.01468	0.01467	0.01097	0.01527	0.00911	0.01228	0.00751	0.00450	0.00487	0.00149	0.00604	0.00435	0.00238	0.00727
42	0.01073	0.00915	0.01344	0.11881	0.32060	0.00972	0.01031	0.01574	0.16879	0.01731	0.10055	0.01731	0.01422	0.00577	0.00477	0.00148	0.00455	0.00516	0.14499	0.00660
43	0.00692	0.00489	0.00618	0.00636	0.00714	0.00464	0.00458	0.00843	0.01116	0.01535	0.34803	0.18182	0.07324	0.18108	0.00993	0.00237	0.00318	0.09540	0.02515	0.00414

[dist]
