[name]
unknown

[dist]
# distance from previous block
# <min> <max>
4	77

[block]
# block no. 0 follows, 43 sequences, length 6
# corresponding to MSA columns:
# 129-134
name=unknown_A
#
# <colnr> <probs for GDERKNQSTAVLIFYWHMCP>
#	G	D	E	R	K	N	Q	S	T	A	V	L	I	F	Y	W	H	M	C	P
0	0.01174	0.08785	0.03410	0.01071	0.07234	0.07425	0.00753	0.01324	0.01178	0.10547	0.02355	0.32442	0.08055	0.10661	0.00867	0.00229	0.00489	0.00976	0.00439	0.00584
1	0.01035	0.12531	0.12225	0.00923	0.01240	0.06955	0.00835	0.01259	0.01193	0.01550	0.08209	0.19138	0.13480	0.05618	0.00687	0.00186	0.00498	0.00817	0.00390	0.11233
2	0.01080	0.07575	0.00979	0.00783	0.00970	0.05113	0.00600	0.01249	0.01317	0.10654	0.22712	0.16935	0.17215	0.07365	0.00790	0.00209	0.00399	0.02987	0.00509	0.00557
3	0.01298	0.01045	0.01003	0.00974	0.04594	0.14581	0.00683	0.01452	0.01305	0.13615	0.08885	0.12153	0.18502	0.11171	0.00874	0.00217	0.00502	0.00829	0.00463	0.05855
4	0.01433	0.00684	0.00871	0.00771	0.00992	0.00617	0.00587	0.01619	0.01347	0.30174	0.14245	0.14767	0.08529	0.07793	0.00772	0.00206	0.00374	0.00849	0.12722	0.00648
5	0.01225	0.00935	0.01129	0.00989	0.01173	0.07060	0.04125	0.01477	0.04281	0.12838	0.28339	0.10028	0.07583	0.04393	0.00881	0.00203	0.11389	0.00838	0.00500	0.00611

[dist]
# distance from previous block
# <min> <max>
5	8

[block]
# block no. 1 follows, 43 sequences, length 34
# corresponding to MSA columns:
# 143-176
name=unknown_B
#
# <colnr> <probs for GDERKNQSTAVLIFYWHMCP>
#	G	D	E	R	K	N	Q	S	T	A	V	L	I	F	Y	W	H	M	C	P
0	0.05492	0.19956	0.03577	0.00941	0.01264	0.09652	0.00802	0.01791	0.09811	0.12257	0.21044	0.02324	0.07360	0.00782	0.00524	0.00160	0.00494	0.00621	0.00461	0.00686
1	0.01119	0.01473	0.21906	0.01197	0.01687	0.00985	0.07540	0.05417	0.01185	0.01756	0.01136	0.01437	0.00930	0.01348	0.18946	0.00312	0.00831	0.00450	0.00303	0.30039
2	0.00786	0.00607	0.00889	0.01013	0.06414	0.00614	0.02483	0.00930	0.01015	0.01386	0.02365	0.40721	0.04822	0.09632	0.23161	0.00438	0.00713	0.01108	0.00412	0.00491
3	0.00796	0.00626	0.00733	0.00776	0.00899	0.00615	0.00554	0.01162	0.13775	0.01644	0.08893	0.43809	0.20733	0.01447	0.00666	0.00206	0.00327	0.01277	0.00529	0.00531
4	0.01378	0.01190	0.01252	0.01127	0.01440	0.01378	0.00877	0.02943	0.76081	0.02317	0.02254	0.02066	0.01691	0.00751	0.00564	0.00188	0.00438	0.00626	0.00564	0.00877
5	0.01307	0.01494	0.03268	0.02334	0.02894	0.01401	0.75070	0.01774	0.01307	0.01774	0.01120	0.01494	0.00840	0.00467	0.00654	0.00187	0.00934	0.00654	0.00280	0.00747
6	0.01471	0.01385	0.01295	0.01167	0.01477	0.11744	0.00903	0.02844	0.66041	0.02187	0.02066	0.01922	0.01559	0.00727	0.00555	0.00182	0.00514	0.00590	0.00526	0.00845
7	0.00764	0.00565	0.00712	0.00676	0.00815	0.00514	0.00507	0.01006	0.01520	0.02108	0.65682	0.04323	0.16403	0.01174	0.00653	0.00176	0.00264	0.01028	0.00595	0.00514
8	0.00791	0.00593	0.00890	0.00890	0.00989	0.00692	0.00692	0.00989	0.00890	0.01286	0.01483	0.02176	0.01385	0.04154	0.78341	0.00890	0.01483	0.00593	0.00297	0.00494
9	0.84448	0.01071	0.00814	0.00728	0.01071	0.01242	0.00600	0.01628	0.00943	0.02485	0.00771	0.00900	0.00600	0.00514	0.00343	0.00171	0.00428	0.00300	0.00343	0.00600
10	0.00805	0.00537	0.00604	0.00604	0.00604	0.00537	0.00336	0.00805	0.00805	0.01074	0.01745	0.03624	0.02013	0.80536	0.02819	0.00537	0.00537	0.00805	0.00336	0.00336
11	0.00919	0.00544	0.00729	0.00800	0.00886	0.00499	0.00555	0.01031	0.01131	0.11661	0.02936	0.69625	0.03354	0.01594	0.00687	0.00218	0.00342	0.01437	0.00537	0.00516
12	0.01481	0.80869	0.02902	0.00948	0.01421	0.02191	0.00948	0.01658	0.01125	0.01303	0.00770	0.00888	0.00711	0.00474	0.00355	0.00118	0.00592	0.00296	0.00237	0.00711
13	0.00805	0.00537	0.00604	0.00604	0.00604	0.00537	0.00336	0.00805	0.00805	0.01074	0.01745	0.03624	0.02013	0.80536	0.02819	0.00537	0.00537	0.00805	0.00336	0.00336
14	0.01378	0.01190	0.01252	0.01127	0.01440	0.01378	0.00877	0.02943	0.76081	0.02317	0.02254	0.02066	0.01691	0.00751	0.00564	0.00188	0.00438	0.00626	0.00564	0.00877
15	0.01378	0.01190	0.01252	0.01127	0.01440	0.01378	0.00877	0.02943	0.76081	0.02317	0.02254	0.02066	0.01691	0.00751	0.00564	0.00188	0.00438	0.00626	0.00564	0.00877
16	0.01378	0.01190	0.01252	0.01127	0.01440	0.01378	0.00877	0.02943	0.76081	0.02317	0.02254	0.02066	0.01691	0.00751	0.00564	0.00188	0.00438	0.00626	0.00564	0.00877
17	0.00655	0.00561	0.00561	0.00561	0.00748	0.00468	0.00421	0.00795	0.01262	0.01496	0.05610	0.05330	0.76857	0.01403	0.00655	0.00187	0.00281	0.01169	0.00514	0.00468
18	0.84448	0.01071	0.00814	0.00728	0.01071	0.01242	0.00600	0.01628	0.00943	0.02485	0.00771	0.00900	0.00600	0.00514	0.00343	0.00171	0.00428	0.00300	0.00343	0.00600
19	0.02069	0.02640	0.01569	0.01427	0.01712	0.78313	0.01070	0.02212	0.01569	0.01355	0.00856	0.00999	0.00713	0.00571	0.00499	0.00143	0.00999	0.00357	0.00285	0.00642
20	0.01378	0.01190	0.01252	0.01127	0.01440	0.01378	0.00877	0.02943	0.76081	0.02317	0.02254	0.02066	0.01691	0.00751	0.00564	0.00188	0.00438	0.00626	0.00564	0.00877
21	0.00784	0.00566	0.00740	0.00697	0.00827	0.00523	0.00523	0.01045	0.01568	0.02221	0.76789	0.04137	0.05226	0.01132	0.00653	0.00174	0.00261	0.01002	0.00610	0.00523
22	0.00892	0.00637	0.00892	0.01020	0.01147	0.00637	0.00892	0.01147	0.01275	0.01657	0.02932	0.06247	0.03187	0.01530	0.00765	0.00255	0.00510	0.73354	0.00510	0.00510
23	0.00736	0.00564	0.00674	0.00646	0.00798	0.00502	0.00485	0.00952	0.01454	0.01951	0.50324	0.04581	0.31859	0.01233	0.00654	0.00179	0.00268	0.01064	0.00574	0.00502
24	0.00805	0.00537	0.00604	0.00604	0.00604	0.00537	0.00336	0.00805	0.00805	0.01074	0.01745	0.03624	0.02013	0.80536	0.02819	0.00537	0.00537	0.00805	0.00336	0.00336
25	0.02105	0.01551	0.01662	0.01274	0.01717	0.01717	0.01053	0.75235	0.02604	0.03490	0.01330	0.01330	0.00942	0.00665	0.00554	0.00166	0.00609	0.00499	0.00554	0.00942
26	0.01148	0.00984	0.01148	0.00820	0.01312	0.00738	0.00656	0.01395	0.01148	0.01805	0.00984	0.01148	0.00820	0.00410	0.00410	0.00082	0.00410	0.00328	0.00328	0.83922
27	0.01415	0.01502	0.03052	0.02191	0.02736	0.01443	0.65096	0.11673	0.01482	0.02005	0.01149	0.01472	0.00854	0.00494	0.00640	0.00184	0.00890	0.00633	0.00317	0.00773
28	0.02105	0.01551	0.01662	0.01274	0.01717	0.01717	0.01053	0.75235	0.02604	0.03490	0.01330	0.01330	0.00942	0.00665	0.00554	0.00166	0.00609	0.00499	0.00554	0.00942
29	0.02101	0.01130	0.01351	0.01053	0.01450	0.01126	0.00863	0.30879	0.01967	0.38313	0.08510	0.02028	0.05137	0.00750	0.00569	0.00170	0.00498	0.00602	0.00619	0.00883
30	0.01465	0.00974	0.01181	0.00859	0.01337	0.00756	0.00694	0.01704	0.01252	0.19742	0.01269	0.01323	0.00951	0.00475	0.00445	0.00103	0.00425	0.00382	0.00413	0.64250
31	0.01748	0.01019	0.01341	0.01021	0.01441	0.00909	0.04408	0.06004	0.04474	0.32908	0.03483	0.03442	0.01262	0.00626	0.00568	0.00145	0.03748	0.00512	0.00502	0.30441
32	0.01015	0.00624	0.00767	0.00711	0.00853	0.00567	0.00497	0.01148	0.01187	0.11462	0.20335	0.13649	0.08934	0.28251	0.01370	0.00299	0.00403	0.00918	0.00485	0.06526
33	0.03285	0.07806	0.27185	0.01042	0.01474	0.00971	0.01096	0.01408	0.03163	0.01890	0.27391	0.07406	0.04323	0.00825	0.00556	0.00165	0.00505	0.00693	0.00409	0.08406

[dist]
# distance from previous block
# <min> <max>
5	18

[block]
# block no. 2 follows, 43 sequences, length 11
# corresponding to MSA columns:
# 196-206
name=unknown_C
#
# <colnr> <probs for GDERKNQSTAVLIFYWHMCP>
#	G	D	E	R	K	N	Q	S	T	A	V	L	I	F	Y	W	H	M	C	P
0	0.01115	0.00886	0.01120	0.01158	0.11286	0.00819	0.00769	0.01547	0.13007	0.06153	0.12149	0.09590	0.14942	0.00875	0.00562	0.00158	0.00401	0.00755	0.00464	0.22244
1	0.01643	0.04472	0.04031	0.01107	0.01490	0.31569	0.00892	0.04957	0.01438	0.08420	0.04227	0.01493	0.05049	0.00596	0.00489	0.00131	0.00665	0.00440	0.00367	0.26524
2	0.00834	0.00629	0.00700	0.00672	0.00859	0.00572	0.00507	0.01123	0.07630	0.05347	0.21628	0.08604	0.46334	0.01268	0.00645	0.00185	0.00301	0.01077	0.00549	0.00536
3	0.00655	0.00561	0.00561	0.00561	0.00748	0.00468	0.00421	0.00795	0.01262	0.01496	0.05610	0.05330	0.76857	0.01403	0.00655	0.00187	0.00281	0.01169	0.00514	0.00468
4	0.01227	0.14988	0.49296	0.01874	0.18510	0.01437	0.01795	0.01727	0.01182	0.01694	0.00969	0.01168	0.00741	0.00511	0.00504	0.00164	0.00747	0.00410	0.00243	0.00814
5	0.01443	0.01222	0.01289	0.01140	0.01465	0.01408	0.00892	0.09451	0.69466	0.02422	0.02171	0.02000	0.01623	0.00744	0.00563	0.00186	0.00454	0.00615	0.00563	0.00882
6	0.01445	0.01466	0.04476	0.06035	0.50561	0.08421	0.01502	0.05042	0.11960	0.01892	0.01205	0.01431	0.00969	0.00548	0.00546	0.00167	0.00665	0.00497	0.00326	0.00845
7	0.01148	0.00984	0.01148	0.00820	0.01312	0.00738	0.00656	0.01395	0.01148	0.01805	0.00984	0.01148	0.00820	0.00410	0.00410	0.00082	0.00410	0.00328	0.00328	0.83922
8	0.01136	0.01138	0.06689	0.01453	0.13366	0.01146	0.01042	0.03192	0.16633	0.01730	0.01974	0.10518	0.08316	0.05590	0.00970	0.00216	0.16550	0.03722	0.00394	0.04224
9	0.01220	0.09342	0.10408	0.01003	0.01313	0.04090	0.00888	0.01721	0.15466	0.08181	0.17589	0.10837	0.04250	0.03489	0.00693	0.00187	0.03905	0.00734	0.00461	0.04222
10	0.01385	0.05103	0.07959	0.01291	0.04890	0.01258	0.07645	0.08568	0.30461	0.05482	0.04720	0.01851	0.04069	0.00663	0.00542	0.00164	0.00532	0.00567	0.00454	0.12396

[dist]
# distance from previous block
# <min> <max>
3	8

[block]
# block no. 3 follows, 43 sequences, length 16
# corresponding to MSA columns:
# 217-232
name=unknown_D
#
# <colnr> <probs for GDERKNQSTAVLIFYWHMCP>
#	G	D	E	R	K	N	Q	S	T	A	V	L	I	F	Y	W	H	M	C	P
0	0.03099	0.07389	0.16670	0.12852	0.01920	0.06812	0.02550	0.11187	0.03813	0.04602	0.11542	0.01963	0.07116	0.00699	0.00540	0.00165	0.00607	0.00567	0.00387	0.05520
1	0.28194	0.11735	0.20230	0.01153	0.01646	0.01402	0.05376	0.08299	0.08239	0.05274	0.02946	0.01265	0.00929	0.00567	0.00463	0.00168	0.00589	0.00422	0.00359	0.00744
2	0.00655	0.00561	0.00561	0.00561	0.00748	0.00468	0.00421	0.00795	0.01262	0.01496	0.05610	0.05330	0.76857	0.01403	0.00655	0.00187	0.00281	0.01169	0.00514	0.00468
3	0.01596	0.01533	0.02040	0.04370	0.46263	0.14363	0.05299	0.07224	0.04052	0.06234	0.01143	0.01368	0.00906	0.00539	0.00547	0.00164	0.00710	0.00487	0.00330	0.00833
4	0.01148	0.00984	0.01148	0.00820	0.01312	0.00738	0.00656	0.01395	0.01148	0.01805	0.00984	0.01148	0.00820	0.00410	0.00410	0.00082	0.00410	0.00328	0.00328	0.83922
5	0.01584	0.01292	0.01369	0.01169	0.01519	0.01474	0.00927	0.23452	0.55236	0.02650	0.01992	0.01857	0.01478	0.00727	0.00561	0.00182	0.00487	0.00590	0.00561	0.00895
6	0.01297	0.01205	0.01881	0.02539	0.51792	0.01123	0.01351	0.01598	0.01223	0.01808	0.01023	0.01297	0.00858	0.00466	0.00502	0.00137	0.00575	0.00438	0.00292	0.28595
7	0.01078	0.00811	0.00949	0.00913	0.01111	0.00825	0.00673	0.05436	0.22457	0.05222	0.02486	0.42330	0.02569	0.01218	0.00621	0.00194	0.00385	0.01077	0.00519	0.09125
8	0.01011	0.00855	0.01114	0.01306	0.16437	0.00854	0.00813	0.03961	0.14275	0.01969	0.23752	0.06395	0.23015	0.01018	0.00615	0.00180	0.00392	0.00884	0.00502	0.00652
9	0.04108	0.01083	0.01038	0.00935	0.01162	0.12336	0.00717	0.06799	0.14377	0.06064	0.36328	0.06129	0.04796	0.00938	0.00595	0.00173	0.00445	0.00787	0.00538	0.00650
10	0.01380	0.05995	0.13728	0.01139	0.01514	0.01276	0.01030	0.23475	0.18709	0.02315	0.04938	0.18488	0.01822	0.00900	0.00577	0.00183	0.00527	0.00753	0.00480	0.00771
11	0.01490	0.06266	0.05078	0.01456	0.07176	0.08210	0.08882	0.17666	0.04038	0.02065	0.04453	0.01386	0.01045	0.00624	0.00703	0.00159	0.11822	0.00478	0.00363	0.16638
12	0.01397	0.01115	0.01360	0.01366	0.12564	0.01172	0.00932	0.23473	0.16324	0.02473	0.18533	0.07160	0.02208	0.00812	0.00577	0.00170	0.00472	0.00693	0.00508	0.06691
13	0.01638	0.01608	0.01686	0.01475	0.06337	0.24188	0.12323	0.13801	0.06491	0.06326	0.05140	0.06788	0.04702	0.00717	0.00566	0.00165	0.00700	0.00608	0.00411	0.04328
14	0.03159	0.01184	0.10183	0.01032	0.01412	0.00962	0.04066	0.11376	0.08786	0.02145	0.18264	0.09566	0.02160	0.00785	0.00550	0.00156	0.00469	0.00674	0.00449	0.22621
15	0.01309	0.01340	0.06116	0.03108	0.15008	0.06168	0.12029	0.04345	0.11550	0.03374	0.05407	0.01875	0.05817	0.00658	0.00619	0.00164	0.04594	0.01742	0.00373	0.14403

[dist]
# distance from previous block
# <min> <max>
3	283

[block]
# block no. 4 follows, 43 sequences, length 18
# corresponding to MSA columns:
# 559-576
name=unknown_E
#
# <colnr> <probs for GDERKNQSTAVLIFYWHMCP>
#	G	D	E	R	K	N	Q	S	T	A	V	L	I	F	Y	W	H	M	C	P
0	0.02944	0.05863	0.17553	0.01476	0.11715	0.12711	0.01199	0.01930	0.15562	0.03814	0.01486	0.01639	0.04726	0.03695	0.00630	0.00174	0.02320	0.00496	0.00352	0.09716
1	0.01551	0.05315	0.17128	0.01242	0.01689	0.07775	0.05065	0.11548	0.13607	0.13272	0.05221	0.04931	0.01380	0.00827	0.03731	0.00199	0.00653	0.00564	0.00439	0.03863
2	0.01660	0.14163	0.15102	0.01329	0.01840	0.01563	0.08326	0.28927	0.10235	0.06500	0.01302	0.01355	0.00958	0.00593	0.00523	0.00162	0.00640	0.00478	0.00422	0.03921
3	0.02535	0.04647	0.14954	0.01176	0.04385	0.01012	0.06301	0.06251	0.07547	0.08023	0.09810	0.05639	0.13074	0.04310	0.04005	0.00219	0.00571	0.00704	0.00429	0.04409
4	0.01307	0.03168	0.15276	0.01056	0.01488	0.00968	0.04260	0.11362	0.01506	0.10661	0.18092	0.02344	0.09578	0.00759	0.00555	0.00157	0.00501	0.00637	0.00457	0.15869
5	0.01229	0.11918	0.26740	0.01150	0.01642	0.01246	0.01199	0.01845	0.16534	0.05870	0.01953	0.01967	0.12137	0.00712	0.00580	0.00167	0.04093	0.00555	0.00376	0.08087
6	0.01675	0.06437	0.22092	0.01368	0.04966	0.13807	0.01273	0.20723	0.01637	0.08564	0.01147	0.01234	0.00845	0.00563	0.00508	0.00152	0.00692	0.00423	0.00377	0.11517
7	0.01412	0.16834	0.12085	0.01219	0.01634	0.11870	0.05649	0.10594	0.07871	0.01791	0.01179	0.01393	0.00964	0.01210	0.14760	0.00284	0.00836	0.00452	0.00331	0.07632
8	0.01498	0.21605	0.09633	0.07139	0.01755	0.15508	0.04170	0.05720	0.01378	0.06983	0.10513	0.01535	0.01350	0.00622	0.00538	0.00151	0.03081	0.00474	0.00349	0.06000
9	0.01159	0.04572	0.27038	0.01209	0.03169	0.04379	0.03869	0.06917	0.07476	0.03623	0.10045	0.05656	0.16894	0.00846	0.00576	0.00177	0.00577	0.00705	0.00407	0.00705
10	0.04572	0.11758	0.09959	0.01097	0.01554	0.01408	0.00998	0.30537	0.06507	0.02463	0.05414	0.01577	0.04387	0.00638	0.00503	0.00150	0.00546	0.00490	0.00433	0.15010
11	0.01152	0.04042	0.08620	0.01219	0.01543	0.01031	0.14275	0.09359	0.10533	0.03584	0.13246	0.21796	0.05241	0.00987	0.00620	0.00189	0.00526	0.00899	0.00464	0.00674
12	0.01357	0.01103	0.01189	0.00976	0.01322	0.04316	0.00770	0.22717	0.05607	0.02243	0.05445	0.13614	0.05020	0.00827	0.00544	0.00151	0.00472	0.03248	0.00461	0.28618
13	0.01562	0.01389	0.01256	0.01061	0.01364	0.18903	0.00830	0.20397	0.06566	0.05773	0.24069	0.02228	0.03627	0.00782	0.00562	0.00158	0.00554	0.00626	0.00495	0.07797
14	0.01069	0.00827	0.00941	0.00890	0.01091	0.00841	0.00663	0.14789	0.12567	0.01966	0.02843	0.38607	0.12894	0.01262	0.00631	0.00194	0.00392	0.01100	0.00517	0.05917
15	0.01175	0.01155	0.01966	0.01436	0.01907	0.01016	0.31234	0.01576	0.05246	0.01822	0.05519	0.01768	0.05952	0.00554	0.00547	0.00142	0.00611	0.00568	0.00348	0.35458
16	0.00747	0.07186	0.04531	0.00645	0.00885	0.00649	0.00545	0.00918	0.01254	0.01510	0.06656	0.04738	0.65278	0.01278	0.00624	0.00181	0.00332	0.01057	0.00480	0.00506
17	0.26320	0.15416	0.25192	0.01425	0.07214	0.04182	0.09642	0.01714	0.01130	0.01889	0.00901	0.01085	0.00701	0.00506	0.00457	0.00164	0.00670	0.00389	0.00277	0.00724

[dist]
# distance from previous block
# <min> <max>
3	7

[block]
# block no. 5 follows, 43 sequences, length 27
# corresponding to MSA columns:
# 584-610
name=unknown_F
#
# <colnr> <probs for GDERKNQSTAVLIFYWHMCP>
#	G	D	E	R	K	N	Q	S	T	A	V	L	I	F	Y	W	H	M	C	P
0	0.01111	0.02865	0.77667	0.01579	0.02397	0.01286	0.02046	0.01754	0.01169	0.01754	0.00994	0.01169	0.00702	0.00526	0.00526	0.00175	0.00818	0.00409	0.00234	0.00818
1	0.00791	0.00593	0.00890	0.00890	0.00989	0.00692	0.00692	0.00989	0.00890	0.01286	0.01483	0.02176	0.01385	0.04154	0.78341	0.00890	0.01483	0.00593	0.00297	0.00494
2	0.01599	0.71463	0.02712	0.00952	0.01421	0.02029	0.00932	0.01781	0.01179	0.10266	0.00936	0.01006	0.00788	0.00499	0.00379	0.00125	0.00578	0.00327	0.00290	0.00738
3	0.00713	0.00498	0.00631	0.00722	0.00744	0.00476	0.00461	0.00781	0.00985	0.01313	0.02666	0.57538	0.03175	0.25037	0.01331	0.00317	0.00385	0.01347	0.00461	0.00416
4	0.00675	0.00482	0.00643	0.00771	0.00803	0.00450	0.00514	0.00771	0.01060	0.01414	0.03053	0.80175	0.03663	0.01735	0.00707	0.00225	0.00321	0.01574	0.00514	0.00450
5	0.02105	0.01551	0.01662	0.01274	0.01717	0.01717	0.01053	0.75235	0.02604	0.03490	0.01330	0.01330	0.00942	0.00665	0.00554	0.00166	0.00609	0.00499	0.00554	0.00942
6	0.01046	0.00984	0.01661	0.79205	0.03814	0.01230	0.01538	0.01415	0.01107	0.01415	0.00984	0.01477	0.00738	0.00554	0.00554	0.00185	0.00738	0.00492	0.00246	0.00615
7	0.01307	0.01494	0.03268	0.02334	0.02894	0.01401	0.75070	0.01774	0.01307	0.01774	0.01120	0.01494	0.00840	0.00467	0.00654	0.00187	0.00934	0.00654	0.00280	0.00747
8	0.01148	0.00984	0.01148	0.00820	0.01312	0.00738	0.00656	0.01395	0.01148	0.01805	0.00984	0.01148	0.00820	0.00410	0.00410	0.00082	0.00410	0.00328	0.00328	0.83922
9	0.01538	0.04774	0.28145	0.01234	0.01807	0.01258	0.01277	0.18043	0.07209	0.11363	0.01298	0.01345	0.00934	0.00568	0.00510	0.00153	0.00613	0.00443	0.00403	0.17086
10	0.01202	0.02227	0.43056	0.01930	0.02628	0.01339	0.36018	0.01763	0.01233	0.01763	0.01053	0.01320	0.00766	0.00499	0.00585	0.00181	0.00872	0.00523	0.00255	0.00785
11	0.00802	0.00550	0.00669	0.00669	0.00691	0.00572	0.00416	0.00847	0.00824	0.01122	0.01686	0.03298	0.01872	0.63311	0.19850	0.00617	0.00750	0.00758	0.00327	0.00371
12	0.01535	0.00734	0.00969	0.00814	0.01083	0.00648	0.00644	0.01764	0.01548	0.35899	0.36950	0.03234	0.09921	0.00956	0.00610	0.00174	0.00357	0.00817	0.00635	0.00706
13	0.01111	0.02865	0.77667	0.01579	0.02397	0.01286	0.02046	0.01754	0.01169	0.01754	0.00994	0.01169	0.00702	0.00526	0.00526	0.00175	0.00818	0.00409	0.00234	0.00818
14	0.01111	0.02865	0.77667	0.01579	0.02397	0.01286	0.02046	0.01754	0.01169	0.01754	0.00994	0.01169	0.00702	0.00526	0.00526	0.00175	0.00818	0.00409	0.00234	0.00818
15	0.01531	0.01358	0.01333	0.01171	0.01499	0.07821	0.00916	0.12447	0.60162	0.02392	0.02016	0.01880	0.01510	0.00725	0.00557	0.00181	0.00508	0.00587	0.00539	0.00866
16	0.00796	0.00575	0.00794	0.00794	0.00860	0.00640	0.00573	0.00928	0.00862	0.01215	0.01571	0.02660	0.01595	0.29701	0.53081	0.00772	0.01167	0.00664	0.00310	0.00441
17	0.01046	0.00984	0.01661	0.79205	0.03814	0.01230	0.01538	0.01415	0.01107	0.01415	0.00984	0.01477	0.00738	0.00554	0.00554	0.00185	0.00738	0.00492	0.00246	0.00615
18	0.00748	0.00538	0.00708	0.00721	0.00819	0.00499	0.00520	0.00955	0.01401	0.01955	0.52538	0.29145	0.04712	0.01331	0.00671	0.00191	0.00281	0.01190	0.00578	0.00499
19	0.00768	0.00566	0.00719	0.00680	0.00818	0.00516	0.00510	0.01015	0.01531	0.02133	0.68148	0.04282	0.13922	0.01165	0.00653	0.00176	0.00264	0.01022	0.00598	0.00516
20	0.02072	0.02549	0.01577	0.01414	0.01713	0.71943	0.01069	0.08285	0.01656	0.01533	0.00895	0.01026	0.00732	0.00579	0.00504	0.00145	0.00966	0.00369	0.00308	0.00667
21	0.00879	0.00759	0.00745	0.00806	0.00860	0.09926	0.00533	0.00955	0.01053	0.01315	0.02433	0.49896	0.02860	0.22868	0.01252	0.00299	0.00462	0.01219	0.00438	0.00442
22	0.01318	0.01320	0.01969	0.30939	0.43156	0.08567	0.01581	0.01644	0.01234	0.01622	0.01003	0.01374	0.00811	0.00523	0.00546	0.00170	0.00720	0.00480	0.00265	0.00759
23	0.05467	0.01207	0.01344	0.01028	0.01472	0.01183	0.00836	0.28267	0.08802	0.11675	0.01365	0.01379	0.01003	0.00572	0.00491	0.00137	0.00493	0.00444	0.00476	0.32359
24	0.05251	0.01304	0.01593	0.13938	0.19254	0.06144	0.01175	0.12091	0.22361	0.02122	0.01383	0.01512	0.01064	0.00597	0.00530	0.00166	0.00592	0.00499	0.00398	0.08026
25	0.07538	0.11268	0.01530	0.01113	0.01470	0.28526	0.00896	0.06873	0.01535	0.23868	0.07019	0.01501	0.01257	0.00633	0.00501	0.00152	0.00662	0.00461	0.00443	0.02754
26	0.01552	0.15999	0.17550	0.01585	0.15547	0.04910	0.01275	0.09697	0.06219	0.12231	0.05102	0.03482	0.01219	0.00625	0.00519	0.00162	0.00622	0.00505	0.00387	0.00811

[dist]
# distance from previous block
# <min> <max>
30	104

[block]
# block no. 6 follows, 43 sequences, length 8
# corresponding to MSA columns:
# 719-726
name=unknown_G
#
# <colnr> <probs for GDERKNQSTAVLIFYWHMCP>
#	G	D	E	R	K	N	Q	S	T	A	V	L	I	F	Y	W	H	M	C	P
0	0.23630	0.06811	0.23528	0.01186	0.01676	0.18538	0.01181	0.01968	0.01262	0.13864	0.01080	0.01156	0.00784	0.00555	0.00466	0.00163	0.00687	0.00385	0.00346	0.00734
1	0.01538	0.01175	0.01838	0.26479	0.33113	0.01249	0.01429	0.09882	0.01416	0.14607	0.01248	0.01486	0.00924	0.00564	0.00552	0.00172	0.00646	0.00504	0.00365	0.00813
2	0.10424	0.01185	0.01906	0.26825	0.45780	0.01281	0.01528	0.01603	0.01178	0.01760	0.00994	0.01352	0.00803	0.00515	0.00527	0.00172	0.00658	0.00472	0.00273	0.00765
3	0.01509	0.01210	0.01348	0.01045	0.01428	0.04805	0.00846	0.21372	0.01582	0.06629	0.06589	0.01456	0.01188	0.00619	0.00641	0.00138	0.09574	0.00455	0.00418	0.37148
4	0.01371	0.01316	0.02248	0.03399	0.77081	0.01316	0.01700	0.01700	0.01261	0.01809	0.01042	0.01371	0.00877	0.00493	0.00548	0.00164	0.00658	0.00493	0.00274	0.00877
5	0.00848	0.00683	0.00797	0.00731	0.00950	0.00599	0.00547	0.01127	0.06330	0.01772	0.20386	0.18916	0.23473	0.01141	0.00604	0.00168	0.00324	0.00987	0.00498	0.19119
6	0.01412	0.01465	0.01914	0.42071	0.03007	0.16779	0.13785	0.09754	0.01398	0.01692	0.01020	0.01367	0.00773	0.00555	0.00560	0.00175	0.00809	0.00493	0.00294	0.00679
7	0.01381	0.01106	0.01628	0.01209	0.01656	0.00985	0.15899	0.04950	0.04607	0.11212	0.01308	0.04694	0.01052	0.00563	0.00566	0.00136	0.04059	0.00503	0.00387	0.42098

[dist]
# distance from previous block
# <min> <max>
0	5

[block]
# block no. 7 follows, 43 sequences, length 9
# corresponding to MSA columns:
# 732-740
name=unknown_H
#
# <colnr> <probs for GDERKNQSTAVLIFYWHMCP>
#	G	D	E	R	K	N	Q	S	T	A	V	L	I	F	Y	W	H	M	C	P
0	0.01211	0.00900	0.01030	0.00969	0.01196	0.00955	0.00727	0.05260	0.33949	0.07873	0.02456	0.32476	0.02359	0.01110	0.00611	0.00195	0.00402	0.00971	0.00542	0.04809
1	0.01082	0.01055	0.01882	0.68616	0.03688	0.01254	0.11667	0.01464	0.01135	0.01464	0.01003	0.01479	0.00752	0.00542	0.00567	0.00185	0.00765	0.00514	0.00251	0.00633
2	0.00809	0.00657	0.00728	0.00694	0.00880	0.00623	0.00525	0.01205	0.12521	0.01878	0.30643	0.04416	0.39961	0.01209	0.00641	0.00183	0.00297	0.01028	0.00556	0.00548
3	0.01279	0.01400	0.01122	0.01212	0.06365	0.31588	0.00817	0.01409	0.01277	0.01417	0.02039	0.43200	0.02296	0.01186	0.00613	0.00188	0.00615	0.01015	0.00406	0.00556
4	0.01371	0.01316	0.02248	0.03399	0.77081	0.01316	0.01700	0.01700	0.01261	0.01809	0.01042	0.01371	0.00877	0.00493	0.00548	0.00164	0.00658	0.00493	0.00274	0.00877
5	0.01294	0.01115	0.01214	0.01015	0.01394	0.01144	0.00796	0.02377	0.48717	0.02130	0.01790	0.01731	0.01373	0.00627	0.00508	0.00149	0.00428	0.00517	0.00478	0.31204
6	0.01594	0.00878	0.01082	0.00909	0.01202	0.00853	0.00720	0.09434	0.11185	0.29291	0.25871	0.05749	0.06999	0.00914	0.00599	0.00177	0.00398	0.00774	0.00616	0.00755
7	0.05760	0.01103	0.01263	0.01059	0.01425	0.01164	0.00847	0.05944	0.40040	0.31921	0.02117	0.01908	0.01481	0.00711	0.00550	0.00180	0.00458	0.00578	0.00601	0.00892
8	0.04767	0.00981	0.01140	0.00856	0.01295	0.00821	0.00690	0.07333	0.01345	0.15826	0.01696	0.01715	0.08688	0.00586	0.00471	0.00119	0.00424	0.00468	0.00431	0.50348

[dist]
# distance from previous block
# <min> <max>
0	3

[block]
# block no. 8 follows, 43 sequences, length 7
# corresponding to MSA columns:
# 744-750
name=unknown_I
#
# <colnr> <probs for GDERKNQSTAVLIFYWHMCP>
#	G	D	E	R	K	N	Q	S	T	A	V	L	I	F	Y	W	H	M	C	P
0	0.01415	0.01504	0.02117	0.02236	0.28432	0.13532	0.15899	0.01696	0.01234	0.01647	0.00966	0.01282	0.00811	0.00574	0.00766	0.00169	0.14479	0.00483	0.00278	0.10480
1	0.01366	0.01217	0.01398	0.01366	0.12800	0.06433	0.00932	0.10146	0.15371	0.02016	0.01306	0.01456	0.01049	0.00860	0.07425	0.00200	0.00612	0.00454	0.00384	0.33210
2	0.01606	0.01264	0.01558	0.01666	0.21892	0.05935	0.01060	0.20030	0.01649	0.10811	0.05989	0.01746	0.05555	0.00637	0.00534	0.00151	0.00554	0.00532	0.00435	0.16395
3	0.01461	0.01294	0.01623	0.18648	0.16746	0.05300	0.01202	0.16856	0.17809	0.02152	0.01336	0.01493	0.01022	0.00592	0.00536	0.00164	0.00607	0.00497	0.00395	0.10267
4	0.06324	0.01123	0.01413	0.01135	0.01500	0.01167	0.06759	0.19864	0.13809	0.13653	0.01550	0.01660	0.01170	0.01281	0.15104	0.00298	0.00717	0.00527	0.00467	0.10476
5	0.11606	0.01264	0.07178	0.00962	0.01302	0.08759	0.00816	0.14295	0.03423	0.02125	0.11430	0.08645	0.12098	0.00840	0.00538	0.00162	0.00496	0.00676	0.00440	0.12944
6	0.01503	0.07045	0.11241	0.05042	0.10938	0.03964	0.10912	0.20644	0.04102	0.03952	0.05857	0.01494	0.01147	0.00586	0.00539	0.00159	0.00650	0.00508	0.00384	0.09334

[dist]
# distance from previous block
# <min> <max>
19	101

[block]
# block no. 9 follows, 43 sequences, length 8
# corresponding to MSA columns:
# 864-871
name=unknown_J
#
# <colnr> <probs for GDERKNQSTAVLIFYWHMCP>
#	G	D	E	R	K	N	Q	S	T	A	V	L	I	F	Y	W	H	M	C	P
0	0.01559	0.01324	0.01708	0.01954	0.29725	0.04350	0.01184	0.18040	0.11365	0.05082	0.01288	0.01413	0.00999	0.00559	0.00523	0.00151	0.00576	0.00476	0.00400	0.17323
1	0.19850	0.01282	0.01330	0.01070	0.01458	0.01398	0.00871	0.39555	0.08633	0.08416	0.01434	0.05757	0.01113	0.00689	0.00511	0.00169	0.00518	0.00523	0.00505	0.04917
2	0.01801	0.01456	0.01427	0.01145	0.01523	0.10492	0.00922	0.44949	0.05551	0.05033	0.05869	0.01890	0.08920	0.00743	0.00555	0.00162	0.00579	0.00575	0.00512	0.05896
3	0.01303	0.01122	0.01661	0.60318	0.03306	0.01349	0.01420	0.19306	0.01470	0.01918	0.01068	0.01441	0.00788	0.00581	0.00554	0.00180	0.00707	0.00494	0.00321	0.00694
4	0.09816	0.01198	0.01280	0.12017	0.01682	0.10097	0.00922	0.15442	0.01372	0.01939	0.01137	0.01456	0.00942	0.01500	0.20836	0.00344	0.02976	0.00457	0.00346	0.14241
5	0.01207	0.01149	0.01953	0.41554	0.40204	0.01273	0.01618	0.01556	0.01184	0.01611	0.01013	0.01424	0.00807	0.00524	0.00551	0.00175	0.00698	0.00493	0.00260	0.00745
6	0.21901	0.01481	0.01408	0.09068	0.01747	0.21213	0.07168	0.01700	0.01217	0.01813	0.00910	0.01111	0.00731	0.00497	0.00452	0.00139	0.00646	0.00373	0.00308	0.26117
7	0.01542	0.01604	0.01824	0.02328	0.39075	0.19993	0.01332	0.02148	0.20861	0.01832	0.01313	0.01462	0.01050	0.00579	0.00540	0.00165	0.00683	0.00495	0.00352	0.00820

[dist]
# distance from previous block
# <min> <max>
20	76

[block]
# block no. 10 follows, 43 sequences, length 9
# corresponding to MSA columns:
# 960-968
name=unknown_K
#
# <colnr> <probs for GDERKNQSTAVLIFYWHMCP>
#	G	D	E	R	K	N	Q	S	T	A	V	L	I	F	Y	W	H	M	C	P
0	0.12193	0.03267	0.01368	0.01075	0.01445	0.05597	0.00873	0.33418	0.10178	0.10072	0.10710	0.01723	0.01530	0.00697	0.00528	0.00165	0.00526	0.00537	0.00518	0.03579
1	0.01189	0.01216	0.01929	0.56767	0.07944	0.07594	0.12466	0.01551	0.01184	0.01488	0.00998	0.01433	0.00760	0.00539	0.00564	0.00180	0.00784	0.00505	0.00256	0.00653
2	0.01076	0.00999	0.01595	0.43010	0.11677	0.01203	0.01337	0.01373	0.01058	0.01451	0.01028	0.01512	0.00854	0.01136	0.12321	0.00290	0.12315	0.00498	0.00261	0.05007
3	0.01836	0.01355	0.01784	0.07772	0.01979	0.01452	0.12061	0.36752	0.13824	0.13060	0.01535	0.01560	0.01088	0.00643	0.00571	0.00175	0.00622	0.00549	0.00508	0.00876
4	0.00799	0.00561	0.00725	0.00725	0.00767	0.00603	0.00486	0.00883	0.00841	0.01163	0.01635	0.03012	0.01748	0.48261	0.34731	0.00686	0.00937	0.00716	0.00319	0.00403
5	0.01211	0.01189	0.02128	0.38389	0.32056	0.01289	0.12558	0.01579	0.01197	0.01621	0.01027	0.01438	0.00807	0.00517	0.00566	0.00177	0.00736	0.00517	0.00262	0.00736
6	0.01513	0.01280	0.01417	0.01099	0.01533	0.04546	0.03761	0.22630	0.17294	0.02368	0.01348	0.01399	0.01033	0.00563	0.00496	0.00135	0.00519	0.00453	0.00438	0.36175
7	0.01506	0.01411	0.02100	0.05905	0.58853	0.05628	0.01562	0.12674	0.01472	0.02020	0.01072	0.01348	0.00872	0.00526	0.00547	0.00164	0.00673	0.00487	0.00315	0.00864
8	0.01359	0.00885	0.01045	0.00874	0.01170	0.00837	0.00686	0.14866	0.04275	0.14982	0.18774	0.10895	0.12732	0.00950	0.00585	0.00166	0.00398	0.00804	0.00545	0.13173

[dist]
# distance from previous block
# <min> <max>
8	16

[block]
# block no. 11 follows, 43 sequences, length 36
# corresponding to MSA columns:
# 985-1020
name=unknown_L
#
# <colnr> <probs for GDERKNQSTAVLIFYWHMCP>
#	G	D	E	R	K	N	Q	S	T	A	V	L	I	F	Y	W	H	M	C	P
0	0.01614	0.01305	0.01306	0.01091	0.01405	0.09554	0.00865	0.31395	0.14604	0.05258	0.23034	0.02240	0.02283	0.00804	0.00578	0.00170	0.00518	0.00651	0.00547	0.00779
1	0.01264	0.01200	0.01101	0.01001	0.01247	0.14171	0.00757	0.02020	0.32478	0.01959	0.17876	0.06150	0.05042	0.05359	0.00700	0.00192	0.00489	0.00716	0.00494	0.05784
2	0.07504	0.01732	0.01588	0.01268	0.01674	0.16630	0.01026	0.56157	0.02293	0.03008	0.01201	0.01237	0.00875	0.00637	0.00529	0.00162	0.00674	0.00458	0.00488	0.00861
3	0.04003	0.00724	0.00963	0.00863	0.01091	0.00634	0.04088	0.01194	0.01196	0.07739	0.11688	0.37913	0.02725	0.01139	0.00598	0.00175	0.00381	0.01019	0.00476	0.21393
4	0.04243	0.01426	0.01288	0.01175	0.01345	0.25748	0.00920	0.05830	0.01203	0.01487	0.01120	0.01541	0.01005	0.02134	0.33121	0.00473	0.14567	0.00483	0.00301	0.00591
5	0.01340	0.01079	0.01428	0.01683	0.23162	0.01120	0.01056	0.10757	0.19149	0.06215	0.02447	0.02856	0.14374	0.00873	0.00599	0.00186	0.00507	0.09928	0.00470	0.00772
6	0.00885	0.00641	0.00720	0.00717	0.00775	0.00668	0.00453	0.01166	0.13695	0.01334	0.02015	0.14049	0.02189	0.55907	0.02139	0.00434	0.00490	0.00882	0.00399	0.00444
7	0.01348	0.01284	0.02184	0.03287	0.73507	0.01284	0.01662	0.01674	0.01262	0.01802	0.01131	0.01600	0.00986	0.00542	0.00558	0.00169	0.00651	0.03924	0.00285	0.00860
8	0.00675	0.00482	0.00643	0.00771	0.00803	0.00450	0.00514	0.00771	0.01060	0.01414	0.03053	0.80175	0.03663	0.01735	0.00707	0.00225	0.00321	0.01574	0.00514	0.00450
9	0.02069	0.02640	0.01569	0.01427	0.01712	0.78313	0.01070	0.02212	0.01569	0.01355	0.00856	0.00999	0.00713	0.00571	0.00499	0.00143	0.00999	0.00357	0.00285	0.00642
10	0.01046	0.00984	0.01661	0.79205	0.03814	0.01230	0.01538	0.01415	0.01107	0.01415	0.00984	0.01477	0.00738	0.00554	0.00554	0.00185	0.00738	0.00492	0.00246	0.00615
11	0.01500	0.01157	0.01511	0.33392	0.02477	0.01334	0.01181	0.17525	0.22486	0.09398	0.01528	0.01650	0.01109	0.00645	0.00557	0.00180	0.00601	0.00537	0.00442	0.00789
12	0.01148	0.00984	0.01148	0.00820	0.01312	0.00738	0.00656	0.01395	0.01148	0.01805	0.00984	0.01148	0.00820	0.00410	0.00410	0.00082	0.00410	0.00328	0.00328	0.83922
13	0.84448	0.01071	0.00814	0.00728	0.01071	0.01242	0.00600	0.01628	0.00943	0.02485	0.00771	0.00900	0.00600	0.00514	0.00343	0.00171	0.00428	0.00300	0.00343	0.00600
14	0.01046	0.00984	0.01661	0.79205	0.03814	0.01230	0.01538	0.01415	0.01107	0.01415	0.00984	0.01477	0.00738	0.00554	0.00554	0.00185	0.00738	0.00492	0.00246	0.00615
15	0.00962	0.00481	0.00722	0.00722	0.00722	0.00481	0.00481	0.00722	0.00722	0.00962	0.00962	0.01684	0.00962	0.01924	0.02165	0.83886	0.00481	0.00481	0.00241	0.00241
16	0.01307	0.01494	0.03268	0.02334	0.02894	0.01401	0.75070	0.01774	0.01307	0.01774	0.01120	0.01494	0.00840	0.00467	0.00654	0.00187	0.00934	0.00654	0.00280	0.00747
17	0.00791	0.00593	0.00890	0.00890	0.00989	0.00692	0.00692	0.00989	0.00890	0.01286	0.01483	0.02176	0.01385	0.04154	0.78341	0.00890	0.01483	0.00593	0.00297	0.00494
18	0.01372	0.01300	0.02121	0.03110	0.67443	0.01324	0.01595	0.01858	0.10794	0.01874	0.01196	0.01459	0.00981	0.00526	0.00550	0.00167	0.00630	0.00510	0.00311	0.00877
19	0.01764	0.01381	0.01470	0.01205	0.01587	0.01558	0.00970	0.41282	0.37114	0.02939	0.01764	0.01676	0.01294	0.00705	0.00558	0.00176	0.00529	0.00559	0.00558	0.00911
20	0.01736	0.01349	0.01459	0.01145	0.01568	0.01433	0.00929	0.43024	0.19217	0.02865	0.01470	0.01461	0.01089	0.00631	0.00526	0.00153	0.00528	0.00492	0.00509	0.18416
21	0.01481	0.00974	0.01183	0.00861	0.01338	0.00757	0.00696	0.01720	0.01257	0.20653	0.01283	0.01332	0.00957	0.00479	0.00447	0.00104	0.00425	0.00385	0.00417	0.63250
22	0.01371	0.01316	0.02248	0.03399	0.77081	0.01316	0.01700	0.01700	0.01261	0.01809	0.01042	0.01371	0.00877	0.00493	0.00548	0.00164	0.00658	0.00493	0.00274	0.00877
23	0.01148	0.00984	0.01148	0.00820	0.01312	0.00738	0.00656	0.01395	0.01148	0.01805	0.00984	0.01148	0.00820	0.00410	0.00410	0.00082	0.00410	0.00328	0.00328	0.83922
24	0.01250	0.01165	0.01817	0.31440	0.33575	0.01297	0.01465	0.01855	0.16973	0.01768	0.01276	0.01557	0.00996	0.00570	0.00554	0.00177	0.00642	0.00521	0.00325	0.00779
25	0.00778	0.00566	0.00733	0.00691	0.00824	0.00520	0.00518	0.01035	0.01555	0.02191	0.73842	0.04186	0.08191	0.01143	0.00653	0.00175	0.00262	0.01009	0.00606	0.00520
26	0.02066	0.01822	0.01445	0.01240	0.01584	0.36599	0.00965	0.09250	0.14629	0.22565	0.01507	0.01458	0.01085	0.00642	0.00531	0.00161	0.00721	0.00472	0.00468	0.00793
27	0.00655	0.00561	0.00561	0.00561	0.00748	0.00468	0.00421	0.00795	0.01262	0.01496	0.05610	0.05330	0.76857	0.01403	0.00655	0.00187	0.00281	0.01169	0.00514	0.00468
28	0.01046	0.00984	0.01661	0.79205	0.03814	0.01230	0.01538	0.01415	0.01107	0.01415	0.00984	0.01477	0.00738	0.00554	0.00554	0.00185	0.00738	0.00492	0.00246	0.00615
29	0.01371	0.01316	0.02248	0.03399	0.77081	0.01316	0.01700	0.01700	0.01261	0.01809	0.01042	0.01371	0.00877	0.00493	0.00548	0.00164	0.00658	0.00493	0.00274	0.00877
30	0.04228	0.01701	0.01799	0.01433	0.01813	0.26523	0.16555	0.09081	0.04981	0.04555	0.01140	0.03262	0.00923	0.00592	0.00597	0.00155	0.04899	0.00484	0.00351	0.14929
31	0.08440	0.01298	0.01482	0.01151	0.01578	0.01362	0.03226	0.38197	0.09642	0.19262	0.01534	0.01484	0.01073	0.00640	0.00531	0.00164	0.00542	0.00501	0.00541	0.07352
32	0.11819	0.01486	0.10955	0.01082	0.01486	0.10800	0.00963	0.16595	0.05117	0.15363	0.07401	0.01934	0.08547	0.00722	0.00531	0.00167	0.00567	0.00558	0.00470	0.03438
33	0.13829	0.09034	0.08952	0.00994	0.01381	0.11879	0.00878	0.07923	0.01379	0.02005	0.15241	0.03796	0.01665	0.00660	0.00485	0.00145	0.00540	0.00508	0.00384	0.18321
34	0.03507	0.01734	0.01441	0.01569	0.15621	0.37453	0.01027	0.01837	0.03344	0.05452	0.08278	0.02107	0.10509	0.00746	0.00550	0.00162	0.00713	0.02902	0.00375	0.00671
35	0.01498	0.01265	0.01303	0.01092	0.01420	0.14200	0.04699	0.06431	0.15376	0.11643	0.09563	0.10194	0.01810	0.00773	0.00552	0.00159	0.00539	0.00650	0.00471	0.16360

[dist]
# distance from previous block
# <min> <max>
12	41

[block]
# block no. 12 follows, 43 sequences, length 23
# corresponding to MSA columns:
# 1066-1088
name=unknown_M
#
# <colnr> <probs for GDERKNQSTAVLIFYWHMCP>
#	G	D	E	R	K	N	Q	S	T	A	V	L	I	F	Y	W	H	M	C	P
0	0.06597	0.01539	0.04060	0.01337	0.01688	0.23218	0.15445	0.03372	0.01370	0.13289	0.01537	0.15930	0.01391	0.00771	0.00564	0.00170	0.00694	0.00671	0.00398	0.05959
1	0.04148	0.01881	0.18055	0.01981	0.20512	0.16941	0.12508	0.05944	0.01354	0.03888	0.01095	0.01426	0.00890	0.06155	0.00703	0.00192	0.00779	0.00490	0.00303	0.00756
2	0.04419	0.00957	0.01362	0.04011	0.22812	0.00938	0.00986	0.01811	0.08113	0.20522	0.16565	0.04529	0.08992	0.00807	0.00579	0.00175	0.00466	0.00703	0.00496	0.00757
3	0.00716	0.00554	0.00640	0.00636	0.00775	0.00491	0.00463	0.00889	0.01331	0.01740	0.32481	0.11934	0.37569	0.06344	0.00796	0.00208	0.00293	0.01120	0.00540	0.00479
4	0.01650	0.33875	0.02029	0.01129	0.01497	0.21477	0.00963	0.13768	0.06203	0.01734	0.01056	0.01206	0.00886	0.00957	0.09112	0.00223	0.00789	0.00399	0.00328	0.00717
5	0.01429	0.05066	0.04975	0.01146	0.01403	0.27737	0.00904	0.04671	0.18637	0.01692	0.01844	0.24486	0.01812	0.00951	0.00572	0.00179	0.00629	0.00781	0.00422	0.00663
6	0.18400	0.26637	0.02133	0.01263	0.01687	0.15617	0.14353	0.05916	0.01313	0.06583	0.00970	0.01108	0.00767	0.00522	0.00457	0.00152	0.00689	0.00401	0.00321	0.00710
7	0.07289	0.01070	0.01451	0.24104	0.11050	0.01177	0.01119	0.09111	0.13790	0.13570	0.09225	0.01844	0.01482	0.00667	0.00551	0.00177	0.00555	0.00564	0.00443	0.00761
8	0.01462	0.76848	0.06757	0.00980	0.01472	0.02145	0.01004	0.01663	0.01128	0.01326	0.00782	0.00903	0.00710	0.00477	0.00364	0.00121	0.00604	0.00302	0.00237	0.00716
9	0.00675	0.00482	0.00643	0.00771	0.00803	0.00450	0.00514	0.00771	0.01060	0.01414	0.03053	0.80175	0.03663	0.01735	0.00707	0.00225	0.00321	0.01574	0.00514	0.00450
10	0.01333	0.49694	0.32782	0.01200	0.01811	0.01830	0.01387	0.01697	0.01143	0.01483	0.00859	0.01001	0.00707	0.00495	0.00424	0.00141	0.00683	0.00341	0.00236	0.00754
11	0.08889	0.01135	0.01687	0.01278	0.01691	0.01099	0.17942	0.13975	0.01562	0.33129	0.01768	0.01875	0.03825	0.06708	0.00736	0.00202	0.00595	0.00589	0.00509	0.00805
12	0.01754	0.01445	0.07243	0.01177	0.01583	0.01435	0.01017	0.54164	0.02279	0.03093	0.17058	0.01904	0.01818	0.00752	0.00573	0.00169	0.00553	0.00597	0.00541	0.00845
13	0.84448	0.01071	0.00814	0.00728	0.01071	0.01242	0.00600	0.01628	0.00943	0.02485	0.00771	0.00900	0.00600	0.00514	0.00343	0.00171	0.00428	0.00300	0.00343	0.00600
14	0.02105	0.01551	0.01662	0.01274	0.01717	0.01717	0.01053	0.75235	0.02604	0.03490	0.01330	0.01330	0.00942	0.00665	0.00554	0.00166	0.00609	0.00499	0.00554	0.00942
15	0.01142	0.01201	0.02470	0.01817	0.02242	0.01123	0.51542	0.01544	0.01389	0.01915	0.25002	0.02328	0.02224	0.00677	0.00653	0.00183	0.00721	0.00763	0.00384	0.00676
16	0.01889	0.02340	0.01596	0.01433	0.01658	0.62226	0.01100	0.02027	0.01418	0.01351	0.00829	0.01043	0.00716	0.00654	0.00776	0.00164	0.17486	0.00384	0.00276	0.00634
17	0.67146	0.01116	0.00928	0.00820	0.01163	0.01289	0.00667	0.05908	0.12559	0.02515	0.01030	0.01102	0.00786	0.00559	0.00388	0.00174	0.00440	0.00361	0.00388	0.00661
18	0.01612	0.08023	0.01314	0.00964	0.01325	0.18750	0.00771	0.01805	0.01389	0.19680	0.06132	0.02074	0.12823	0.00711	0.00512	0.00142	0.00548	0.00553	0.00440	0.20432
19	0.00774	0.00566	0.00727	0.00687	0.00821	0.00518	0.00515	0.01026	0.01545	0.02166	0.71426	0.04227	0.10623	0.01153	0.00653	0.00175	0.00263	0.01014	0.00602	0.00518
20	0.01339	0.00759	0.00962	0.00875	0.01090	0.00716	0.00661	0.10172	0.01463	0.21077	0.14535	0.35574	0.02904	0.01193	0.00631	0.00191	0.00387	0.01048	0.00571	0.03855
21	0.01896	0.25587	0.01960	0.01286	0.01627	0.55984	0.01034	0.02049	0.01439	0.01340	0.00831	0.00966	0.00713	0.00542	0.00457	0.00136	0.00880	0.00339	0.00271	0.00662
22	0.01867	0.20662	0.03978	0.01303	0.01649	0.54217	0.01058	0.02112	0.05660	0.01409	0.00919	0.01038	0.00768	0.00557	0.00470	0.00141	0.00868	0.00359	0.00288	0.00676

[dist]
# distance from previous block
# <min> <max>
3	10

[block]
# block no. 13 follows, 43 sequences, length 36
# corresponding to MSA columns:
# 1100-1135
name=unknown_N
#
# <colnr> <probs for GDERKNQSTAVLIFYWHMCP>
#	G	D	E	R	K	N	Q	S	T	A	V	L	I	F	Y	W	H	M	C	P
0	0.01527	0.02262	0.25711	0.02117	0.25408	0.27771	0.03904	0.01895	0.01340	0.01635	0.00965	0.01184	0.00765	0.00529	0.00528	0.00161	0.00834	0.00425	0.00266	0.00774
1	0.01452	0.01202	0.01765	0.20485	0.07506	0.01282	0.11041	0.23930	0.01594	0.04543	0.01207	0.01487	0.00926	0.00975	0.09493	0.00248	0.00764	0.00513	0.00374	0.09214
2	0.01401	0.01338	0.02138	0.19779	0.42120	0.05826	0.10002	0.04867	0.01319	0.04310	0.01078	0.01402	0.00852	0.00522	0.00559	0.00171	0.00719	0.00506	0.00295	0.00795
3	0.01012	0.03340	0.01045	0.00957	0.01065	0.11276	0.00725	0.01160	0.01007	0.01306	0.03387	0.09343	0.01612	0.13557	0.39405	0.00583	0.07723	0.00673	0.00322	0.00505
4	0.00898	0.00671	0.00779	0.00691	0.00849	0.00590	0.00457	0.00986	0.00942	0.01342	0.01657	0.11646	0.01829	0.46338	0.01820	0.00358	0.00472	0.00744	0.00354	0.26576
5	0.00842	0.00668	0.00770	0.00726	0.00904	0.00647	0.00550	0.01282	0.13801	0.02013	0.42512	0.04162	0.26727	0.01153	0.00639	0.00180	0.00297	0.00991	0.00573	0.00564
6	0.01182	0.02367	0.50667	0.01853	0.02578	0.01328	0.28547	0.01761	0.01219	0.01761	0.01040	0.01287	0.00752	0.00505	0.00572	0.00180	0.00860	0.00498	0.00251	0.00793
7	0.01378	0.01190	0.01252	0.01127	0.01440	0.01378	0.00877	0.02943	0.76081	0.02317	0.02254	0.02066	0.01691	0.00751	0.00564	0.00188	0.00438	0.00626	0.00564	0.00877
8	0.00669	0.00504	0.00620	0.00712	0.00788	0.00455	0.00488	0.00778	0.01117	0.01437	0.03775	0.59037	0.24335	0.01641	0.00692	0.00214	0.00310	0.01460	0.00514	0.00455
9	0.01827	0.02201	0.01741	0.07330	0.20253	0.54147	0.01256	0.02031	0.01462	0.01470	0.00910	0.01123	0.00755	0.00551	0.00515	0.00151	0.00897	0.00400	0.00280	0.00698
10	0.00784	0.00566	0.00740	0.00697	0.00827	0.00523	0.00523	0.01045	0.01568	0.02221	0.76789	0.04137	0.05226	0.01132	0.00653	0.00174	0.00261	0.01002	0.00610	0.00523
