[name]
unknown

[dist]
# distance from previous block
# <min> <max>
0	460

[block]
# block no. 0 follows, 50 sequences, length 6
# corresponding to MSA columns:
# 605-610
name=unknown_A
#
# <colnr> <probs for GDERKNQSTAVLIFYWHMCP>
#	G	D	E	R	K	N	Q	S	T	A	V	L	I	F	Y	W	H	M	C	P
0	0.00803	0.00574	0.00803	0.00918	0.01033	0.00574	0.00803	0.01033	0.01147	0.01492	0.02639	0.05622	0.02869	0.01377	0.00688	0.00229	0.00459	0.76018	0.00459	0.00459
1	0.00941	0.00886	0.01495	0.81285	0.03433	0.01107	0.01384	0.01274	0.00997	0.01274	0.00886	0.01329	0.00664	0.00498	0.00498	0.00166	0.00664	0.00443	0.00221	0.00554
2	0.01483	0.01055	0.01205	0.00951	0.01309	0.01072	0.00770	0.29870	0.11991	0.11209	0.01331	0.01388	0.01000	0.00909	0.09608	0.00207	0.00556	0.00439	0.00433	0.23214
3	0.01118	0.01153	0.01529	0.54005	0.09065	0.12872	0.01300	0.01392	0.01043	0.01286	0.00847	0.01231	0.00670	0.00539	0.00621	0.00165	0.09937	0.00424	0.00228	0.00575
4	0.01234	0.01184	0.02023	0.03059	0.79373	0.01184	0.01530	0.01530	0.01135	0.01628	0.00938	0.01234	0.00790	0.00444	0.00493	0.00148	0.00592	0.00444	0.00247	0.00790
5	0.00848	0.00701	0.00862	0.12583	0.01250	0.00728	0.00646	0.01302	0.17464	0.01670	0.25393	0.03018	0.18497	0.07487	0.00704	0.00185	0.00363	0.00747	0.00440	0.05113

[dist]
# distance from previous block
# <min> <max>
0	1

[block]
# block no. 1 follows, 50 sequences, length 28
# corresponding to MSA columns:
# 612-639
name=unknown_B
#
# <colnr> <probs for GDERKNQSTAVLIFYWHMCP>
#	G	D	E	R	K	N	Q	S	T	A	V	L	I	F	Y	W	H	M	C	P
0	0.00639	0.00462	0.00567	0.00626	0.00678	0.00430	0.00415	0.00726	0.00973	0.01282	0.09710	0.45806	0.14872	0.19207	0.01041	0.00255	0.00321	0.01162	0.00435	0.00391
1	0.00651	0.00474	0.00597	0.00673	0.00735	0.00443	0.00475	0.00758	0.00997	0.01303	0.06045	0.46055	0.14925	0.12151	0.00885	0.00236	0.00330	0.11420	0.00445	0.00404
2	0.00818	0.00579	0.00678	0.00655	0.00813	0.00542	0.00489	0.01108	0.09387	0.07526	0.24386	0.17912	0.30946	0.01139	0.00582	0.00170	0.00282	0.00983	0.00503	0.00503
3	0.01137	0.00636	0.00771	0.00688	0.00898	0.00571	0.00528	0.05104	0.01281	0.23359	0.14139	0.14040	0.30396	0.03366	0.00622	0.00175	0.00324	0.00887	0.00515	0.00563
4	0.63397	0.00979	0.00875	0.00740	0.01070	0.01082	0.00610	0.08034	0.01081	0.16702	0.00972	0.01007	0.00695	0.00503	0.00360	0.00154	0.00406	0.00328	0.00382	0.00623
5	0.00682	0.00491	0.00564	0.00563	0.00629	0.00461	0.00367	0.00768	0.00986	0.01302	0.19579	0.08689	0.20473	0.40567	0.01535	0.00320	0.00363	0.00883	0.00404	0.00373
6	0.00612	0.00447	0.00576	0.00668	0.00719	0.00411	0.00453	0.00713	0.01005	0.01328	0.08000	0.68039	0.12213	0.01491	0.00628	0.00195	0.00281	0.01341	0.00468	0.00411
7	0.16204	0.00628	0.00673	0.00631	0.00805	0.00627	0.00484	0.01098	0.06281	0.01905	0.43698	0.03306	0.19967	0.00949	0.00532	0.00160	0.00277	0.00797	0.00484	0.00493
8	0.07776	0.00780	0.00830	0.00781	0.00995	0.00834	0.00607	0.01681	0.32466	0.04502	0.07536	0.08208	0.18828	0.00906	0.00524	0.00169	0.00340	0.05619	0.06014	0.00602
9	0.00866	0.00433	0.00649	0.00649	0.00649	0.00433	0.00433	0.00649	0.00649	0.00866	0.00866	0.01515	0.00866	0.01732	0.01948	0.85498	0.00433	0.00433	0.00216	0.00216
10	0.01179	0.00962	0.01046	0.00923	0.01177	0.01070	0.00721	0.12305	0.47187	0.02185	0.20728	0.02310	0.04509	0.00766	0.00528	0.00163	0.00372	0.00645	0.00515	0.00709
11	0.00676	0.00484	0.00609	0.00640	0.00686	0.00488	0.00428	0.00754	0.00848	0.01133	0.02200	0.24300	0.10268	0.33829	0.19973	0.00449	0.00605	0.00901	0.00354	0.00375
12	0.00977	0.00610	0.00764	0.00741	0.00912	0.00575	0.00583	0.01256	0.07398	0.14245	0.20122	0.14878	0.18278	0.01121	0.00594	0.00180	0.00333	0.15388	0.00510	0.00536
13	0.01140	0.00973	0.01028	0.00933	0.01185	0.01104	0.00718	0.02325	0.65182	0.01961	0.05013	0.02242	0.07952	0.05210	0.00628	0.00186	0.00382	0.00624	0.00494	0.00721
14	0.00707	0.00529	0.00769	0.00769	0.00856	0.00604	0.00589	0.00870	0.00813	0.01154	0.01538	0.02188	0.05212	0.08858	0.71286	0.00748	0.01224	0.00573	0.00279	0.00434
15	0.00672	0.00492	0.00698	0.00743	0.00802	0.00529	0.00540	0.00803	0.00856	0.01189	0.01900	0.33232	0.02081	0.08032	0.44356	0.00548	0.00873	0.00890	0.00345	0.00420
16	0.00942	0.00554	0.00652	0.00618	0.00766	0.00493	0.00442	0.01044	0.01065	0.16348	0.03258	0.16348	0.33546	0.20435	0.01041	0.00246	0.00346	0.00927	0.00454	0.00472
17	0.00687	0.00483	0.00619	0.00669	0.00721	0.00463	0.00467	0.00802	0.01017	0.01377	0.19017	0.33200	0.03140	0.23476	0.01151	0.00273	0.00353	0.11250	0.00437	0.00398
18	0.00694	0.00534	0.00661	0.00700	0.00829	0.00475	0.00528	0.00836	0.01049	0.01378	0.03075	0.37486	0.21640	0.01309	0.00604	0.00185	0.00325	0.16870	0.00442	0.10380
19	0.01015	0.00962	0.01621	0.60610	0.21354	0.01137	0.01411	0.01332	0.01023	0.01356	0.00892	0.01300	0.00694	0.00496	0.00528	0.00163	0.02827	0.00443	0.00227	0.00609
20	0.01644	0.01823	0.01444	0.01241	0.01523	0.44529	0.05721	0.13620	0.13296	0.01710	0.04988	0.01268	0.01020	0.00583	0.00522	0.00145	0.03498	0.00428	0.00345	0.00651
21	0.01336	0.01233	0.01212	0.01047	0.01252	0.14435	0.00821	0.17665	0.18076	0.01900	0.12535	0.01802	0.01560	0.07252	0.00874	0.00190	0.15236	0.00538	0.00401	0.00637
22	0.17190	0.07317	0.01342	0.16572	0.07894	0.07567	0.00929	0.10682	0.14906	0.04547	0.01334	0.01430	0.05134	0.00572	0.00452	0.00153	0.00523	0.00445	0.00352	0.00658
23	0.05346	0.20603	0.09059	0.00890	0.03916	0.01030	0.00780	0.03884	0.02764	0.03544	0.20026	0.03802	0.10666	0.00975	0.06537	0.00194	0.00490	0.02131	0.00369	0.02992
24	0.01128	0.01010	0.01404	0.01147	0.01384	0.04819	0.15145	0.09526	0.10738	0.02810	0.01324	0.05740	0.01191	0.11102	0.14576	0.00311	0.09404	0.00569	0.00334	0.06338
25	0.01230	0.17465	0.05518	0.01154	0.01552	0.03385	0.15838	0.11029	0.09051	0.01720	0.01212	0.07928	0.01062	0.00578	0.00468	0.00137	0.00546	0.02055	0.00329	0.17741
26	0.13514	0.09299	0.01184	0.00866	0.01165	0.04254	0.02248	0.17156	0.04100	0.03003	0.01609	0.16071	0.06389	0.00756	0.00467	0.00147	0.00438	0.02461	0.00386	0.14487
27	0.14443	0.00985	0.01179	0.13183	0.08905	0.04248	0.00875	0.08148	0.10988	0.06466	0.02614	0.07897	0.01127	0.00774	0.02269	0.05208	0.04570	0.00510	0.00353	0.05259

[dist]
# distance from previous block
# <min> <max>
3	14

[block]
# block no. 2 follows, 50 sequences, length 35
# corresponding to MSA columns:
# 654-688
name=unknown_C
#
# <colnr> <probs for GDERKNQSTAVLIFYWHMCP>
#	G	D	E	R	K	N	Q	S	T	A	V	L	I	F	Y	W	H	M	C	P
0	0.01062	0.04401	0.29024	0.01487	0.01913	0.03239	0.22448	0.01429	0.01040	0.01464	0.01099	0.06404	0.00981	0.00660	0.00744	0.00177	0.16062	0.05473	0.00257	0.00637
1	0.01198	0.01169	0.02085	0.10031	0.35015	0.02574	0.24504	0.01573	0.04690	0.03861	0.01139	0.01599	0.00946	0.00527	0.00554	0.00163	0.01927	0.05459	0.00282	0.00703
2	0.00896	0.00581	0.00724	0.00695	0.00837	0.00547	0.00523	0.05462	0.01269	0.09340	0.29888	0.19647	0.14312	0.06481	0.00720	0.00194	0.00318	0.06569	0.00500	0.00497
3	0.01070	0.01256	0.12849	0.06257	0.15003	0.03390	0.18899	0.05996	0.01154	0.01587	0.06147	0.01676	0.04059	0.02397	0.14533	0.00276	0.01995	0.00535	0.00288	0.00633
4	0.01154	0.02519	0.01723	0.17046	0.18537	0.04469	0.13425	0.08619	0.01149	0.01551	0.02334	0.01459	0.00913	0.05520	0.08672	0.00245	0.09272	0.00491	0.00274	0.00626
5	0.00627	0.00453	0.00566	0.00643	0.00689	0.00421	0.00427	0.00710	0.00957	0.01258	0.05408	0.57017	0.13065	0.14200	0.00927	0.00240	0.00313	0.01243	0.00440	0.00393
6	0.03640	0.02072	0.44557	0.01265	0.01762	0.17322	0.04542	0.01519	0.01120	0.01493	0.04371	0.09158	0.01107	0.03251	0.00556	0.00167	0.00691	0.00502	0.00267	0.00638
7	0.01333	0.06176	0.04851	0.06395	0.10150	0.12103	0.18799	0.13421	0.01342	0.01756	0.04772	0.01273	0.00929	0.00507	0.00522	0.00142	0.03047	0.00451	0.00304	0.11728
8	0.03780	0.08653	0.23721	0.01628	0.08202	0.18125	0.22480	0.02982	0.02970	0.01535	0.00912	0.01108	0.00703	0.00467	0.00485	0.00149	0.00750	0.00420	0.00250	0.00679
9	0.01351	0.00728	0.00894	0.00772	0.01017	0.00681	0.00603	0.08433	0.05352	0.29771	0.12958	0.14800	0.18637	0.00953	0.00552	0.00165	0.00352	0.00810	0.00535	0.00636
10	0.01019	0.07805	0.01688	0.39438	0.22278	0.01117	0.05672	0.01301	0.01038	0.01374	0.01132	0.11785	0.01042	0.00612	0.00505	0.00161	0.00596	0.00564	0.00260	0.00609
11	0.01180	0.09473	0.17091	0.03367	0.12505	0.01157	0.10330	0.13589	0.03863	0.03284	0.03073	0.09375	0.08198	0.00675	0.00510	0.00157	0.00563	0.00593	0.00339	0.00678
12	0.01193	0.01715	0.43605	0.01136	0.01632	0.00921	0.03514	0.01566	0.01083	0.17357	0.04137	0.01711	0.01133	0.16111	0.00879	0.00219	0.00609	0.00489	0.00324	0.00665
13	0.01510	0.03452	0.05992	0.02962	0.01555	0.20354	0.07347	0.20917	0.10603	0.06537	0.01298	0.06607	0.01062	0.00858	0.06489	0.00201	0.00687	0.00507	0.00378	0.00684
14	0.01173	0.06988	0.16667	0.03552	0.09432	0.06083	0.14822	0.07595	0.05054	0.01610	0.01352	0.04762	0.05719	0.00651	0.00633	0.00165	0.09132	0.03654	0.00299	0.00657
15	0.01395	0.04763	0.09994	0.01983	0.30075	0.24335	0.08707	0.04730	0.01254	0.01545	0.03531	0.01190	0.00852	0.00503	0.00518	0.00146	0.03101	0.00423	0.00265	0.00690
16	0.01475	0.01263	0.01470	0.33505	0.02295	0.08505	0.01117	0.36303	0.05458	0.02161	0.01074	0.01256	0.00788	0.00554	0.00494	0.00155	0.00619	0.00440	0.00365	0.00702
17	0.01148	0.12190	0.15056	0.06048	0.08749	0.01310	0.13683	0.08281	0.01123	0.01551	0.01064	0.09579	0.00971	0.00659	0.00719	0.00168	0.16249	0.00532	0.00275	0.00646
18	0.01311	0.12085	0.06513	0.09074	0.30571	0.14541	0.01258	0.03483	0.04101	0.01470	0.00885	0.01125	0.00738	0.00524	0.00599	0.00151	0.10236	0.00400	0.00252	0.00683
19	0.00615	0.00449	0.00581	0.00683	0.00732	0.00415	0.00470	0.00713	0.00985	0.01292	0.03009	0.69417	0.12089	0.01518	0.00633	0.00200	0.00293	0.05034	0.00463	0.00409
20	0.01208	0.00764	0.00916	0.00828	0.01043	0.03083	0.00657	0.05644	0.10146	0.19648	0.06994	0.05016	0.13757	0.01604	0.20384	0.00325	0.00628	0.06300	0.00456	0.00601
21	0.07162	0.05818	0.01586	0.35685	0.17529	0.06376	0.03923	0.06853	0.01162	0.01570	0.03106	0.01438	0.04657	0.00537	0.00480	0.00155	0.00605	0.00460	0.00276	0.00622
22	0.01414	0.15814	0.07578	0.07022	0.01796	0.21331	0.14363	0.04209	0.12926	0.04991	0.01088	0.01219	0.00844	0.00594	0.02558	0.00162	0.00699	0.00425	0.00304	0.00664
23	0.00642	0.00485	0.00616	0.00648	0.00742	0.00458	0.00469	0.00788	0.01083	0.01444	0.21106	0.32168	0.21950	0.01699	0.13045	0.00276	0.00430	0.01068	0.00453	0.00430
24	0.00749	0.00657	0.00814	0.00807	0.04125	0.03904	0.05992	0.00883	0.01068	0.01343	0.09476	0.16521	0.34335	0.15975	0.00942	0.00228	0.00383	0.00950	0.00408	0.00441
25	0.11205	0.04252	0.23343	0.06716	0.10532	0.19348	0.05002	0.10861	0.01278	0.01737	0.00883	0.01052	0.00676	0.00491	0.00457	0.00148	0.00688	0.00377	0.00274	0.00679
26	0.00644	0.00485	0.00552	0.00575	0.00657	0.00451	0.00388	0.00725	0.00947	0.01199	0.03235	0.19961	0.34069	0.27156	0.06466	0.00316	0.00404	0.00989	0.00399	0.00382
27	0.00636	0.00465	0.00598	0.00654	0.00725	0.00427	0.00457	0.00773	0.01115	0.01506	0.26697	0.49954	0.11427	0.01363	0.00616	0.00185	0.00269	0.01220	0.00489	0.00427
28	0.01145	0.01130	0.02000	0.21564	0.44411	0.01200	0.12818	0.01456	0.01083	0.01510	0.00917	0.01263	0.00745	0.00483	0.00586	0.00160	0.06125	0.00465	0.00240	0.00699
29	0.00987	0.00806	0.01144	0.10889	0.16983	0.00826	0.02242	0.07918	0.04962	0.03887	0.05204	0.19452	0.15658	0.02905	0.00606	0.00179	0.00440	0.03937	0.00396	0.00581
30	0.02674	0.04173	0.11602	0.04631	0.38823	0.06304	0.05175	0.01482	0.04011	0.01572	0.04518	0.07254	0.04422	0.00600	0.00502	0.00154	0.00581	0.00543	0.00289	0.00689
31	0.00952	0.08887	0.04334	0.01058	0.07638	0.05825	0.00805	0.04017	0.01001	0.01341	0.02553	0.01970	0.03525	0.02366	0.44790	0.00509	0.00993	0.05094	0.00288	0.02052
32	0.01226	0.05050	0.04295	0.01310	0.15737	0.04464	0.00894	0.05980	0.15804	0.08820	0.03615	0.15955	0.01561	0.00752	0.00506	0.00155	0.00461	0.03058	0.00400	0.09956
33	0.03276	0.05327	0.10828	0.04502	0.04723	0.07241	0.04685	0.11913	0.09455	0.04759	0.13778	0.03844	0.04625	0.00661	0.00517	0.00150	0.02046	0.00546	0.00383	0.06743
34	0.02930	0.09146	0.15758	0.04267	0.06467	0.07118	0.03496	0.04337	0.11182	0.06870	0.03163	0.03350	0.01004	0.00545	0.00490	0.00139	0.02944	0.00434	0.00327	0.16034

[dist]
# distance from previous block
# <min> <max>
21	72

[block]
# block no. 3 follows, 50 sequences, length 12
# corresponding to MSA columns:
# 784-795
name=unknown_D
#
# <colnr> <probs for GDERKNQSTAVLIFYWHMCP>
#	G	D	E	R	K	N	Q	S	T	A	V	L	I	F	Y	W	H	M	C	P
0	0.01212	0.01044	0.01301	0.09275	0.09949	0.07511	0.05627	0.06457	0.19914	0.06654	0.09272	0.10367	0.01646	0.00828	0.03507	0.00183	0.00531	0.00624	0.00403	0.03695
1	0.01207	0.04290	0.10505	0.01003	0.04358	0.10001	0.00842	0.07126	0.06075	0.06293	0.06205	0.06163	0.08508	0.00643	0.00468	0.00132	0.00483	0.00522	0.00363	0.24813
2	0.03108	0.00768	0.01088	0.06233	0.13037	0.00786	0.00803	0.01344	0.01117	0.19492	0.05551	0.20966	0.12994	0.00940	0.00666	0.00174	0.09121	0.00789	0.00424	0.00598
3	0.01244	0.00935	0.01278	0.09353	0.03875	0.00946	0.08252	0.17592	0.04788	0.10380	0.11988	0.04543	0.13355	0.00741	0.00543	0.00155	0.01628	0.00639	0.00431	0.07334
4	0.01118	0.07610	0.09575	0.01435	0.21853	0.07011	0.00982	0.04932	0.04240	0.04126	0.02278	0.02303	0.25394	0.00727	0.00500	0.00149	0.00494	0.00604	0.00345	0.04323
5	0.01070	0.00756	0.00882	0.00728	0.00984	0.00676	0.00536	0.01367	0.11000	0.09856	0.01469	0.06690	0.01372	0.25577	0.01079	0.00227	0.00408	0.00550	0.00369	0.34404
6	0.01184	0.01194	0.04608	0.04666	0.01587	0.07421	0.14015	0.03406	0.37707	0.01825	0.08333	0.01868	0.04474	0.00661	0.00543	0.01529	0.00520	0.00570	0.00409	0.03479
7	0.13989	0.01004	0.01587	0.04953	0.15552	0.02338	0.20331	0.01373	0.01101	0.05259	0.01830	0.02241	0.14744	0.00699	0.00570	0.00169	0.03840	0.07484	0.00330	0.00606
8	0.01265	0.01107	0.01446	0.13234	0.21288	0.01239	0.01079	0.10235	0.39538	0.01965	0.01498	0.01554	0.01140	0.00584	0.00502	0.00161	0.00500	0.00504	0.00399	0.00761
9	0.00880	0.00787	0.01003	0.07820	0.01192	0.06547	0.00761	0.01038	0.00848	0.01160	0.01163	0.01810	0.01108	0.10593	0.46636	0.00567	0.14848	0.00513	0.00258	0.00467
10	0.00641	0.00475	0.00605	0.00685	0.00762	0.00439	0.00499	0.00769	0.01055	0.01376	0.08993	0.49043	0.18489	0.01432	0.00631	0.00196	0.00304	0.12716	0.00469	0.00421
11	0.11411	0.07906	0.01397	0.01217	0.09719	0.26322	0.00875	0.04203	0.04043	0.19484	0.01115	0.01154	0.00827	0.00513	0.00436	0.00135	0.00595	0.00376	0.00360	0.07910

[dist]
# distance from previous block
# <min> <max>
0	2

[block]
# block no. 4 follows, 50 sequences, length 134
# corresponding to MSA columns:
# 798-807,813-833,836-879,881-903,905-940
name=unknown_E
#
# <colnr> <probs for GDERKNQSTAVLIFYWHMCP>
#	G	D	E	R	K	N	Q	S	T	A	V	L	I	F	Y	W	H	M	C	P
0	0.01402	0.08498	0.01272	0.00990	0.01283	0.40536	0.00769	0.01581	0.02516	0.01385	0.06601	0.01576	0.10020	0.00598	0.00447	0.00122	0.00625	0.00438	0.00309	0.19030
1	0.46751	0.04033	0.01036	0.00848	0.01166	0.18186	0.00684	0.01789	0.01101	0.18826	0.00987	0.01021	0.00716	0.00506	0.00381	0.00147	0.00510	0.00331	0.00361	0.00618
2	0.01061	0.03059	0.33626	0.06173	0.01850	0.03233	0.13988	0.07566	0.01111	0.01534	0.01113	0.03139	0.00980	0.18327	0.00945	0.00229	0.00672	0.00511	0.00268	0.00617
3	0.01034	0.00886	0.01034	0.00738	0.01181	0.00664	0.00591	0.01255	0.01034	0.01624	0.00886	0.01034	0.00738	0.00369	0.00369	0.00074	0.00369	0.00295	0.00295	0.85530
4	0.00691	0.00509	0.00647	0.00612	0.00736	0.00464	0.00459	0.00913	0.01378	0.01920	0.70186	0.03853	0.13676	0.01048	0.00588	0.00158	0.00237	0.00920	0.00538	0.00464
5	0.00621	0.00500	0.00514	0.00514	0.00643	0.00436	0.00361	0.00718	0.01039	0.01257	0.04229	0.04435	0.60918	0.20427	0.01049	0.00243	0.00307	0.00975	0.00425	0.00393
6	0.01034	0.00886	0.01034	0.00738	0.01181	0.00664	0.00591	0.01255	0.01034	0.01624	0.00886	0.01034	0.00738	0.00369	0.00369	0.00074	0.00369	0.00295	0.00295	0.85530
7	0.00668	0.00508	0.00614	0.00587	0.00721	0.00454	0.00440	0.00867	0.01321	0.01786	0.54983	0.04073	0.28963	0.01098	0.00588	0.00161	0.00241	0.00950	0.00521	0.00454
8	0.00625	0.00457	0.00587	0.00659	0.00721	0.00420	0.00454	0.00745	0.01066	0.01425	0.18110	0.57630	0.12424	0.01419	0.00621	0.00189	0.00274	0.01273	0.00480	0.00420
9	0.00705	0.00510	0.00666	0.00627	0.00745	0.00470	0.00470	0.00941	0.01411	0.01999	0.79110	0.03723	0.04703	0.01019	0.00588	0.00157	0.00235	0.00901	0.00549	0.00470
10	0.00697	0.00483	0.00540	0.00548	0.00574	0.00469	0.00324	0.00721	0.00800	0.01042	0.02159	0.08674	0.13269	0.65237	0.02126	0.00419	0.00437	0.00818	0.00336	0.00326
11	0.02215	0.00882	0.01178	0.00903	0.01289	0.00783	0.00746	0.07056	0.01483	0.75012	0.01919	0.01666	0.01210	0.00616	0.00501	0.00154	0.00432	0.00498	0.00610	0.00848
12	0.00929	0.00465	0.00465	0.00465	0.00581	0.00465	0.00348	0.01161	0.01045	0.01858	0.01626	0.01858	0.01278	0.00581	0.00348	0.00116	0.00232	0.00465	0.85250	0.00465
13	0.01862	0.02376	0.01413	0.01284	0.01541	0.80482	0.00963	0.01990	0.01413	0.01220	0.00770	0.00899	0.00642	0.00514	0.00449	0.00128	0.00899	0.00321	0.00257	0.00578
14	0.00941	0.00886	0.01495	0.81285	0.03433	0.01107	0.01384	0.01274	0.00997	0.01274	0.00886	0.01329	0.00664	0.00498	0.00498	0.00166	0.00664	0.00443	0.00221	0.00554
15	0.00661	0.00503	0.00608	0.00593	0.00720	0.00450	0.00440	0.00851	0.01290	0.01738	0.49926	0.09700	0.28432	0.01136	0.00592	0.00164	0.00245	0.00987	0.00515	0.00450
16	0.01881	0.01389	0.01488	0.01144	0.01540	0.01539	0.00944	0.76114	0.03963	0.03119	0.01214	0.01211	0.00862	0.00600	0.00499	0.00150	0.00545	0.00451	0.00499	0.00846
17	0.00674	0.00508	0.00622	0.00594	0.00725	0.00457	0.00445	0.00879	0.01336	0.01820	0.58839	0.04017	0.25086	0.01086	0.00588	0.00160	0.00240	0.00943	0.00525	0.00457
18	0.01540	0.01498	0.03162	0.08496	0.21655	0.24096	0.01105	0.16844	0.01484	0.06944	0.07389	0.01368	0.01093	0.00559	0.00490	0.00146	0.00641	0.00449	0.00346	0.00696
19	0.01180	0.01130	0.01927	0.17348	0.65502	0.01170	0.01503	0.01483	0.01110	0.01564	0.00928	0.01251	0.00767	0.00454	0.00494	0.00151	0.00605	0.00444	0.00242	0.00746
20	0.01060	0.00669	0.00601	0.00570	0.00714	0.06706	0.00432	0.05902	0.01153	0.01887	0.01534	0.01744	0.01202	0.00577	0.00365	0.00119	0.00303	0.00453	0.73512	0.00497
21	0.00604	0.00448	0.00563	0.00656	0.00713	0.00408	0.00446	0.00698	0.00991	0.01287	0.03214	0.66488	0.18665	0.01501	0.00627	0.00196	0.00282	0.01343	0.00463	0.00408
22	0.01299	0.74638	0.10460	0.00911	0.01368	0.01890	0.00953	0.01501	0.01017	0.01214	0.00713	0.00825	0.00639	0.00431	0.00335	0.00112	0.00554	0.00277	0.00213	0.00650
23	0.01604	0.25384	0.01675	0.01094	0.01385	0.46721	0.00886	0.01745	0.01259	0.04124	0.00988	0.06054	0.00915	0.00591	0.00435	0.00132	0.00721	0.03421	0.00278	0.00590
24	0.00607	0.00434	0.00578	0.00694	0.00723	0.00405	0.00463	0.00694	0.00954	0.01272	0.02747	0.82157	0.03297	0.01562	0.00636	0.00202	0.00289	0.01417	0.00463	0.00405
25	0.00634	0.00508	0.00567	0.00556	0.00706	0.00441	0.00420	0.00800	0.01231	0.01574	0.30479	0.04446	0.51813	0.01181	0.00591	0.00166	0.00251	0.02703	0.00492	0.00439
26	0.01125	0.01248	0.05757	0.21692	0.21503	0.01200	0.37036	0.01500	0.01117	0.01524	0.00956	0.01301	0.00736	0.00448	0.00538	0.00162	0.00732	0.00508	0.00241	0.00675
27	0.00743	0.00579	0.00860	0.00842	0.00924	0.00697	0.00661	0.00915	0.00798	0.01161	0.01280	0.01888	0.01198	0.03505	0.74089	0.00754	0.07864	0.00526	0.00263	0.00453
28	0.00941	0.00886	0.01495	0.81285	0.03433	0.01107	0.01384	0.01274	0.00997	0.01274	0.00886	0.01329	0.00664	0.00498	0.00498	0.00166	0.00664	0.00443	0.00221	0.00554
29	0.01034	0.00886	0.01034	0.00738	0.01181	0.00664	0.00591	0.01255	0.01034	0.01624	0.00886	0.01034	0.00738	0.00369	0.00369	0.00074	0.00369	0.00295	0.00295	0.85530
30	0.01806	0.01540	0.01472	0.06926	0.01675	0.16587	0.00978	0.56139	0.03709	0.02617	0.01111	0.01164	0.00810	0.00577	0.00489	0.00147	0.00620	0.00426	0.00433	0.00774
31	0.01340	0.00734	0.00998	0.11903	0.01374	0.00689	0.00724	0.01583	0.02815	0.30580	0.18449	0.04024	0.08754	0.00787	0.00530	0.00156	0.00396	0.05418	0.00490	0.08255
32	0.01094	0.23582	0.56520	0.01299	0.01945	0.01376	0.04625	0.01557	0.01047	0.01473	0.00846	0.00998	0.00639	0.00459	0.00438	0.00145	0.00687	0.00350	0.00213	0.00709
33	0.01176	0.01345	0.02941	0.02101	0.02605	0.01261	0.77563	0.01597	0.01176	0.01597	0.01008	0.01345	0.00756	0.00420	0.00588	0.00168	0.00840	0.00588	0.00252	0.00672
34	0.00725	0.00483	0.00544	0.00544	0.00544	0.00483	0.00302	0.00725	0.00725	0.00966	0.01571	0.03262	0.01812	0.82483	0.02537	0.00483	0.00483	0.00725	0.00302	0.00302
35	0.01034	0.00886	0.01034	0.00738	0.01181	0.00664	0.00591	0.01255	0.01034	0.01624	0.00886	0.01034	0.00738	0.00369	0.00369	0.00074	0.00369	0.00295	0.00295	0.85530
36	0.00589	0.00505	0.00505	0.00505	0.00673	0.00421	0.00379	0.00715	0.01136	0.01347	0.05049	0.04797	0.79171	0.01262	0.00589	0.00168	0.00252	0.01052	0.00463	0.00421
37	0.00597	0.00505	0.00516	0.00514	0.00678	0.00424	0.00385	0.00731	0.01156	0.01393	0.10315	0.04721	0.73877	0.01245	0.00589	0.00167	0.00251	0.01041	0.00469	0.00424
38	0.00705	0.00510	0.00666	0.00627	0.00745	0.00470	0.00470	0.00941	0.01411	0.01999	0.79110	0.03723	0.04703	0.01019	0.00588	0.00157	0.00235	0.00901	0.00549	0.00470
39	0.01895	0.01396	0.01496	0.01147	0.01546	0.01546	0.00947	0.77711	0.02344	0.03141	0.01197	0.01197	0.00848	0.00598	0.00499	0.00150	0.00548	0.00449	0.00499	0.00848
40	0.01176	0.01345	0.02941	0.02101	0.02605	0.01261	0.77563	0.01597	0.01176	0.01597	0.01008	0.01345	0.00756	0.00420	0.00588	0.00168	0.00840	0.00588	0.00252	0.00672
41	0.01333	0.82783	0.02612	0.00853	0.01279	0.01972	0.00853	0.01493	0.01013	0.01173	0.00693	0.00800	0.00640	0.00426	0.00320	0.00107	0.00533	0.00267	0.00213	0.00640
42	0.00929	0.00465	0.00465	0.00465	0.00581	0.00465	0.00348	0.01161	0.01045	0.01858	0.01626	0.01858	0.01278	0.00581	0.00348	0.00116	0.00232	0.00465	0.85250	0.00465
43	0.55852	0.24632	0.01312	0.00734	0.01082	0.01357	0.00648	0.03186	0.00955	0.05484	0.00763	0.00856	0.00607	0.00462	0.00325	0.00140	0.00434	0.00283	0.00299	0.00590
44	0.01333	0.82783	0.02612	0.00853	0.01279	0.01972	0.00853	0.01493	0.01013	0.01173	0.00693	0.00800	0.00640	0.00426	0.00320	0.00107	0.00533	0.00267	0.00213	0.00640
45	0.01015	0.02472	0.73301	0.01479	0.02196	0.01166	0.08334	0.01580	0.01063	0.01580	0.00904	0.01077	0.00642	0.00469	0.00483	0.00159	0.00746	0.00387	0.00214	0.00731
46	0.01558	0.02468	0.01270	0.02620	0.01372	0.02609	0.07274	0.01775	0.01217	0.35070	0.01468	0.06321	0.01104	0.00560	0.00465	0.00128	0.00450	0.00481	0.00436	0.31354
47	0.01240	0.01071	0.01127	0.01014	0.01296	0.01240	0.00789	0.02649	0.78473	0.02085	0.02029	0.01860	0.01522	0.00676	0.00507	0.00169	0.00394	0.00564	0.00507	0.00789
48	0.01072	0.01019	0.01730	0.46425	0.37274	0.01142	0.01449	0.01388	0.01058	0.01432	0.00909	0.01286	0.00720	0.00474	0.00496	0.00158	0.00632	0.00443	0.00233	0.00659
49	0.03362	0.02178	0.30806	0.01537	0.08514	0.32016	0.07638	0.03814	0.01234	0.01495	0.00858	0.01031	0.00664	0.00493	0.00496	0.00147	0.02425	0.00376	0.00245	0.00669
50	0.01130	0.00725	0.00885	0.00796	0.01007	0.00730	0.00625	0.01669	0.22019	0.16015	0.37678	0.03014	0.04468	0.00885	0.00558	0.00165	0.00328	0.06136	0.00542	0.00622
51	0.00592	0.00505	0.00509	0.00508	0.00675	0.00422	0.00381	0.00721	0.01143	0.01363	0.06874	0.04771	0.77336	0.01256	0.00589	0.00168	0.00252	0.01048	0.00465	0.00422
52	0.00693	0.00557	0.00889	0.00886	0.00980	0.00524	0.10044	0.00832	0.00997	0.01330	0.02523	0.66236	0.02949	0.01406	0.00634	0.00200	0.00371	0.07072	0.00436	0.00442
53	0.01895	0.01396	0.01496	0.01147	0.01546	0.01546	0.00947	0.77711	0.02344	0.03141	0.01197	0.01197	0.00848	0.00598	0.00499	0.00150	0.00548	0.00449	0.00499	0.00848
54	0.00714	0.00528	0.00769	0.00769	0.00847	0.00606	0.00583	0.00870	0.00792	0.01133	0.01364	0.02120	0.01317	0.13535	0.70806	0.00762	0.01229	0.00558	0.00271	0.00427
55	0.35372	0.04480	0.09822	0.16001	0.19596	0.04105	0.01090	0.01478	0.00991	0.01770	0.00809	0.01031	0.00638	0.00467	0.00409	0.00153	0.00547	0.00354	0.00262	0.00626
56	0.01455	0.30634	0.09254	0.01302	0.09399	0.20667	0.03743	0.09747	0.01275	0.01523	0.00833	0.00968	0.00687	0.00468	0.00415	0.00125	0.00648	0.00340	0.00264	0.06253
57	0.01159	0.01895	0.32854	0.01809	0.04918	0.06907	0.39952	0.01616	0.01144	0.01564	0.00944	0.01195	0.00700	0.00449	0.00530	0.00161	0.00796	0.00478	0.00236	0.00695
58	0.00688	0.00496	0.00650	0.00639	0.00741	0.00458	0.00469	0.00896	0.01328	0.01866	0.65176	0.18036	0.04446	0.01118	0.00597	0.00165	0.00245	0.00996	0.00533	0.00458
59	0.01271	0.01131	0.01418	0.01213	0.03038	0.01260	0.11429	0.07109	0.61560	0.02074	0.01815	0.01735	0.01360	0.00631	0.00518	0.00167	0.00470	0.00558	0.00466	0.00776
60	0.00607	0.00434	0.00578	0.00694	0.00723	0.00405	0.00463	0.00694	0.00954	0.01272	0.02747	0.82157	0.03297	0.01562	0.00636	0.00202	0.00289	0.01417	0.00463	0.00405
61	0.00604	0.00506	0.00525	0.00520	0.00682	0.00427	0.00390	0.00744	0.01171	0.01429	0.14443	0.04661	0.69726	0.01231	0.00589	0.00167	0.00250	0.01033	0.00474	0.00427
62	0.01051	0.02003	0.46848	0.10041	0.02436	0.01185	0.26199	0.01552	0.01087	0.01552	0.00930	0.01176	0.00675	0.00459	0.00513	0.00162	0.00762	0.00447	0.00225	0.00697
63	0.01176	0.01345	0.02941	0.02101	0.02605	0.01261	0.77563	0.01597	0.01176	0.01597	0.01008	0.01345	0.00756	0.00420	0.00588	0.00168	0.00840	0.00588	0.00252	0.00672
64	0.01036	0.00894	0.01053	0.00761	0.01186	0.00699	0.00611	0.01253	0.01023	0.01607	0.00877	0.01036	0.00735	0.00389	0.00420	0.00080	0.03632	0.00301	0.00292	0.82115
65	0.01333	0.82783	0.02612	0.00853	0.01279	0.01972	0.00853	0.01493	0.01013	0.01173	0.00693	0.00800	0.00640	0.00426	0.00320	0.00107	0.00533	0.00267	0.00213	0.00640
66	0.00982	0.01034	0.02135	0.01621	0.01963	0.00969	0.51273	0.01289	0.01101	0.01486	0.01601	0.28901	0.01623	0.00809	0.00605	0.00180	0.00652	0.00871	0.00324	0.00581
67	0.01853	0.01376	0.01473	0.01138	0.01530	0.01526	0.00937	0.72961	0.07161	0.03075	0.01249	0.01239	0.00890	0.00603	0.00499	0.00151	0.00539	0.00456	0.00499	0.00844
68	0.01307	0.76593	0.08577	0.00897	0.01347	0.01909	0.00929	0.01499	0.01016	0.01204	0.00709	0.00819	0.00639	0.00430	0.00332	0.00111	0.00549	0.00274	0.00213	0.00647
69	0.00627	0.00534	0.00550	0.00526	0.00714	0.00441	0.00398	0.00763	0.01136	0.01386	0.06760	0.04477	0.71075	0.01187	0.00572	0.00161	0.00261	0.00989	0.00452	0.06991
70	0.00995	0.03730	0.06365	0.02746	0.08238	0.00870	0.00781	0.01484	0.19262	0.01596	0.05973	0.08883	0.01612	0.12783	0.00791	0.00195	0.00438	0.03830	0.00368	0.19061
71	0.00751	0.00558	0.00706	0.00660	0.00792	0.00536	0.00498	0.01087	0.08018	0.02006	0.72501	0.03564	0.04430	0.00990	0.00581	0.00158	0.00249	0.00872	0.00545	0.00498
72	0.00853	0.00693	0.00841	0.00723	0.00989	0.00555	0.00541	0.01019	0.01003	0.01476	0.01688	0.34708	0.01835	0.00881	0.00485	0.00130	0.00338	0.02093	0.00368	0.48782
73	0.01034	0.00886	0.01034	0.00738	0.01181	0.00664	0.00591	0.01255	0.01034	0.01624	0.00886	0.01034	0.00738	0.00369	0.00369	0.00074	0.00369	0.00295	0.00295	0.85530
74	0.01199	0.01149	0.01960	0.12434	0.70272	0.01175	0.01512	0.01499	0.01118	0.01586	0.00931	0.01245	0.00775	0.00451	0.00494	0.00150	0.00601	0.00444	0.00244	0.00761
75	0.01046	0.13668	0.69213	0.01342	0.02036	0.01270	0.01705	0.01567	0.01047	0.01522	0.00867	0.01017	0.00633	0.00467	0.00452	0.00151	0.00708	0.00354	0.00211	0.00723
76	0.01227	0.01177	0.02011	0.04868	0.77617	0.01183	0.01526	0.01524	0.01132	0.01620	0.00936	0.01236	0.00787	0.00445	0.00494	0.00148	0.00594	0.00444	0.00246	0.00784
77	0.01234	0.01184	0.02023	0.03059	0.79373	0.01184	0.01530	0.01530	0.01135	0.01628	0.00938	0.01234	0.00790	0.00444	0.00493	0.00148	0.00592	0.00444	0.00247	0.00790
78	0.00721	0.00498	0.00618	0.00618	0.00644	0.00524	0.00395	0.00773	0.00747	0.01022	0.01502	0.02885	0.01648	0.59708	0.25088	0.00575	0.00730	0.00670	0.00292	0.00343
79	0.01211	0.01161	0.01982	0.09097	0.73512	0.01178	0.01519	0.01510	0.01124	0.01601	0.00934	0.01241	0.00780	0.00448	0.00494	0.00149	0.00598	0.00444	0.00245	0.00771
80	0.86003	0.00964	0.00733	0.00655	0.00964	0.01118	0.00540	0.01465	0.00848	0.02236	0.00694	0.00810	0.00540	0.00463	0.00308	0.00154	0.00386	0.00270	0.00308	0.00540
81	0.00712	0.00534	0.00801	0.00801	0.00890	0.00623	0.00623	0.00890	0.00801	0.01157	0.01335	0.01958	0.01246	0.03738	0.80507	0.00801	0.01335	0.00534	0.00267	0.00445
82	0.00712	0.00534	0.00801	0.00801	0.00890	0.00623	0.00623	0.00890	0.00801	0.01157	0.01335	0.01958	0.01246	0.03738	0.80507	0.00801	0.01335	0.00534	0.00267	0.00445
83	0.01234	0.01184	0.02023	0.03059	0.79373	0.01184	0.01530	0.01530	0.01135	0.01628	0.00938	0.01234	0.00790	0.00444	0.00493	0.00148	0.00592	0.00444	0.00247	0.00790
84	0.00589	0.00505	0.00505	0.00505	0.00673	0.00421	0.00379	0.00715	0.01136	0.01347	0.05049	0.04797	0.79171	0.01262	0.00589	0.00168	0.00252	0.01052	0.00463	0.00421
85	0.02091	0.01082	0.01301	0.00998	0.01389	0.01079	0.00824	0.34483	0.01817	0.47113	0.01639	0.01484	0.01069	0.00609	0.00500	0.00152	0.00477	0.00479	0.00567	0.00848
86	0.00941	0.00886	0.01495	0.81285	0.03433	0.01107	0.01384	0.01274	0.00997	0.01274	0.00886	0.01329	0.00664	0.00498	0.00498	0.00166	0.00664	0.00443	0.00221	0.00554
87	0.01091	0.01091	0.01527	0.01309	0.01309	0.01527	0.01091	0.01200	0.00763	0.01200	0.00654	0.01091	0.00654	0.00872	0.01636	0.00218	0.81570	0.00436	0.00218	0.00545
88	0.00712	0.00534	0.00801	0.00801	0.00890	0.00623	0.00623	0.00890	0.00801	0.01157	0.01335	0.01958	0.01246	0.03738	0.80507	0.00801	0.01335	0.00534	0.00267	0.00445
89	0.68840	0.01188	0.00877	0.00775	0.01082	0.12120	0.00625	0.06550	0.01025	0.02155	0.00738	0.00847	0.00574	0.00479	0.00340	0.00150	0.00467	0.00289	0.00314	0.00565
90	0.00866	0.00433	0.00649	0.00649	0.00649	0.00433	0.00433	0.00649	0.00649	0.00866	0.00866	0.01515	0.00866	0.01732	0.01948	0.85498	0.00433	0.00433	0.00216	0.00216
91	0.02236	0.00848	0.01157	0.00887	0.01272	0.00733	0.00733	0.02429	0.01427	0.79719	0.01966	0.01697	0.01234	0.00617	0.00501	0.00154	0.00424	0.00501	0.00617	0.00848
92	0.00607	0.00434	0.00578	0.00694	0.00723	0.00405	0.00463	0.00694	0.00954	0.01272	0.02747	0.82157	0.03297	0.01562	0.00636	0.00202	0.00289	0.01417	0.00463	0.00405
93	0.01597	0.04941	0.01519	0.18788	0.07533	0.54626	0.01091	0.01783	0.01287	0.01259	0.00805	0.01013	0.00657	0.00502	0.00458	0.00137	0.00812	0.00354	0.00247	0.00590
94	0.01337	0.01018	0.01096	0.00979	0.01241	0.04354	0.00763	0.02325	0.52451	0.13464	0.01939	0.06693	0.01516	0.00920	0.05793	0.00210	0.02082	0.00592	0.00489	0.00738
95	0.01033	0.00853	0.00949	0.00864	0.01083	0.00942	0.00666	0.01987	0.48626	0.02052	0.31884	0.02581	0.02754	0.00809	0.00538	0.00164	0.00333	0.00694	0.00523	0.00666
96	0.00725	0.00483	0.00544	0.00544	0.00544	0.00483	0.00302	0.00725	0.00725	0.00966	0.01571	0.03262	0.01812	0.82483	0.02537	0.00483	0.00483	0.00725	0.00302	0.00302
97	0.28246	0.01129	0.01577	0.10472	0.14404	0.01227	0.14064	0.14198	0.01231	0.04433	0.00931	0.01131	0.00709	0.00500	0.00497	0.00159	0.03695	0.00416	0.00317	0.00666
98	0.00932	0.00896	0.01667	0.08283	0.08057	0.00883	0.28017	0.01233	0.01173	0.01619	0.24323	0.02274	0.05412	0.01102	0.11623	0.00250	0.00669	0.00669	0.00348	0.00569
99	0.83116	0.03754	0.00797	0.00662	0.00975	0.01147	0.00550	0.01466	0.00854	0.02200	0.00694	0.00809	0.00543	0.00461	0.00309	0.00153	0.00391	0.00270	0.00305	0.00543
100	0.00720	0.00501	0.00634	0.00634	0.00665	0.00532	0.00415	0.00783	0.00752	0.01033	0.01488	0.02804	0.01614	0.54852	0.29896	0.00595	0.00782	0.00658	0.00290	0.00352
101	0.01140	0.36270	0.47433	0.01182	0.01788	0.01500	0.01426	0.01542	0.01036	0.01408	0.00810	0.00946	0.00635	0.00454	0.00409	0.00136	0.00651	0.00326	0.00212	0.00696
102	0.01061	0.00758	0.00874	0.00773	0.00907	0.00820	0.00557	0.23026	0.01209	0.01636	0.01413	0.02389	0.01413	0.42144	0.18439	0.00454	0.00682	0.00605	0.00351	0.00490
103	0.00818	0.00535	0.00699	0.00643	0.00783	0.00489	0.00488	0.01047	0.01405	0.07848	0.71255	0.03600	0.06484	0.00995	0.00581	0.00157	0.00250	0.00875	0.00551	0.00497
104	0.00623	0.00506	0.00551	0.00540	0.00694	0.00435	0.00405	0.00780	0.01215	0.01535	0.26397	0.04487	0.57706	0.01192	0.00589	0.00165	0.00247	0.01009	0.00488	0.00435
105	0.00592	0.00492	0.00518	0.00539	0.00682	0.00418	0.00394	0.00711	0.01103	0.01333	0.04630	0.18882	0.65357	0.01317	0.00598	0.00175	0.00259	0.01118	0.00463	0.00418
106	0.00705	0.00510	0.00666	0.00627	0.00745	0.00470	0.00470	0.00941	0.01411	0.01999	0.79110	0.03723	0.04703	0.01019	0.00588	0.00157	0.00235	0.00901	0.00549	0.00470
107	0.01000	0.02578	0.79900	0.01421	0.02157	0.01158	0.01842	0.01579	0.01052	0.01579	0.00895	0.01052	0.00631	0.00474	0.00474	0.00158	0.00737	0.00368	0.00210	0.00737
108	0.01333	0.82783	0.02612	0.00853	0.01279	0.01972	0.00853	0.01493	0.01013	0.01173	0.00693	0.00800	0.00640	0.00426	0.00320	0.00107	0.00533	0.00267	0.00213	0.00640
109	0.01333	0.82783	0.02612	0.00853	0.01279	0.01972	0.00853	0.01493	0.01013	0.01173	0.00693	0.00800	0.00640	0.00426	0.00320	0.00107	0.00533	0.00267	0.00213	0.00640
110	0.00607	0.00434	0.00578	0.00694	0.00723	0.00405	0.00463	0.00694	0.00954	0.01272	0.02747	0.82157	0.03297	0.01562	0.00636	0.00202	0.00289	0.01417	0.00463	0.00405
111	0.01798	0.13210	0.01602	0.01185	0.01506	0.46795	0.00943	0.23822	0.01627	0.01769	0.00883	0.00971	0.00701	0.00526	0.00446	0.00132	0.00747	0.00350	0.00321	0.00664
112	0.00686	0.00509	0.00639	0.00607	0.00733	0.00462	0.00455	0.00903	0.01365	0.01890	0.66747	0.03903	0.17135	0.01060	0.00588	0.00159	0.00238	0.00927	0.00534	0.00462
113	0.02236	0.00848	0.01157	0.00887	0.01272	0.00733	0.00733	0.02429	0.01427	0.79719	0.01966	0.01697	0.01234	0.00617	0.00501	0.00154	0.00424	0.00501	0.00617	0.00848
114	0.01034	0.00886	0.01034	0.00738	0.01181	0.00664	0.00591	0.01255	0.01034	0.01624	0.00886	0.01034	0.00738	0.00369	0.00369	0.00074	0.00369	0.00295	0.00295	0.85530
115	0.01326	0.81211	0.04126	0.00864	0.01297	0.01956	0.00872	0.01494	0.01014	0.01181	0.00697	0.00805	0.00639	0.00427	0.00323	0.00108	0.00537	0.00269	0.00213	0.00642
116	0.00725	0.00483	0.00544	0.00544	0.00544	0.00483	0.00302	0.00725	0.00725	0.00966	0.01571	0.03262	0.01812	0.82483	0.02537	0.00483	0.00483	0.00725	0.00302	0.00302
117	0.00718	0.00511	0.00685	0.00685	0.00734	0.00560	0.00478	0.00815	0.00767	0.01071	0.01441	0.02547	0.01502	0.39288	0.45307	0.00658	0.00951	0.00620	0.00283	0.00380
118	0.01000	0.02578	0.79900	0.01421	0.02157	0.01158	0.01842	0.01579	0.01052	0.01579	0.00895	0.01052	0.00631	0.00474	0.00474	0.00158	0.00737	0.00368	0.00210	0.00737
119	0.00712	0.00534	0.00801	0.00801	0.00890	0.00623	0.00623	0.00890	0.00801	0.01157	0.01335	0.01958	0.01246	0.03738	0.80507	0.00801	0.01335	0.00534	0.00267	0.00445
120	0.00725	0.00483	0.00544	0.00544	0.00544	0.00483	0.00302	0.00725	0.00725	0.00966	0.01571	0.03262	0.01812	0.82483	0.02537	0.00483	0.00483	0.00725	0.00302	0.00302
121	0.00635	0.00454	0.00598	0.00704	0.00741	0.00429	0.00473	0.02340	0.00984	0.01312	0.02714	0.80427	0.03244	0.01541	0.00633	0.00201	0.00295	0.01396	0.00463	0.00414
122	0.82401	0.00959	0.00751	0.00665	0.00977	0.01102	0.00548	0.01507	0.00873	0.05569	0.00749	0.00848	0.00570	0.00469	0.00317	0.00154	0.00387	0.00280	0.00322	0.00553
123	0.01240	0.01071	0.01127	0.01014	0.01296	0.01240	0.00789	0.02649	0.78473	0.02085	0.02029	0.01860	0.01522	0.00676	0.00507	0.00169	0.00394	0.00564	0.00507	0.00789
124	0.00930	0.00846	0.01181	0.01056	0.01082	0.01121	0.00846	0.01044	0.00769	0.01155	0.00978	0.01642	0.00986	0.12986	0.24572	0.00423	0.47152	0.00504	0.00244	0.00483
125	0.01148	0.01008	0.01479	0.01617	0.26624	0.00957	0.03941	0.01387	0.01072	0.04893	0.04322	0.01262	0.00938	0.00496	0.00589	0.00126	0.10470	0.00407	0.00293	0.36970
126	0.00606	0.00455	0.00563	0.00644	0.00711	0.00411	0.00442	0.00708	0.01017	0.01317	0.06031	0.59745	0.22610	0.01466	0.00623	0.00192	0.00278	0.01306	0.00466	0.00411
127	0.00607	0.00434	0.00578	0.00694	0.00723	0.00405	0.00463	0.00694	0.00954	0.01272	0.02747	0.82157	0.03297	0.01562	0.00636	0.00202	0.00289	0.01417	0.00463	0.00405
128	0.01177	0.01130	0.01936	0.15002	0.64851	0.01161	0.03033	0.01478	0.01115	0.01569	0.00999	0.01310	0.02073	0.00466	0.00498	0.00152	0.00603	0.00457	0.00247	0.00745
129	0.01249	0.02983	0.02265	0.20894	0.06391	0.01180	0.41784	0.04637	0.01195	0.09230	0.01102	0.02844	0.00831	0.00488	0.00545	0.00164	0.00716	0.00540	0.00293	0.00668
130	0.01333	0.82783	0.02612	0.00853	0.01279	0.01972	0.00853	0.01493	0.01013	0.01173	0.00693	0.00800	0.00640	0.00426	0.00320	0.00107	0.00533	0.00267	0.00213	0.00640
131	0.01243	0.01104	0.01491	0.10203	0.26559	0.03186	0.01052	0.13089	0.01268	0.01801	0.00942	0.01152	0.00759	0.00456	0.00471	0.00124	0.02164	0.00386	0.00300	0.32248
132	0.01804	0.01351	0.01445	0.01129	0.01511	0.01503	0.00925	0.67332	0.12870	0.02995	0.01312	0.01288	0.00941	0.00609	0.00500	0.00152	0.00527	0.00465	0.00500	0.00840
133	0.00607	0.00434	0.00578	0.00694	0.00723	0.00405	0.00463	0.00694	0.00954	0.01272	0.02747	0.82157	0.03297	0.01562	0.00636	0.00202	0.00289	0.01417	0.00463	0.00405

[dist]
# distance from previous block
# <min> <max>
0	1

[block]
# block no. 5 follows, 50 sequences, length 208
# corresponding to MSA columns:
# 942-1084,1100-1164
name=unknown_F
#
# <colnr> <probs for GDERKNQSTAVLIFYWHMCP>
#	G	D	E	R	K	N	Q	S	T	A	V	L	I	F	Y	W	H	M	C	P
0	0.00929	0.00465	0.00465	0.00465	0.00581	0.00465	0.00348	0.01161	0.01045	0.01858	0.01626	0.01858	0.01278	0.00581	0.00348	0.00116	0.00232	0.00465	0.85250	0.00465
1	0.00701	0.00524	0.00652	0.00618	0.00748	0.00483	0.00464	0.00950	0.03446	0.01895	0.64954	0.03848	0.16759	0.01049	0.00586	0.00159	0.00242	0.00917	0.00534	0.00471
2	0.01895	0.01396	0.01496	0.01147	0.01546	0.01546	0.00947	0.77711	0.02344	0.03141	0.01197	0.01197	0.00848	0.00598	0.00499	0.00150	0.00548	0.00449	0.00499	0.00848
3	0.05109	0.00852	0.01142	0.00879	0.01262	0.00746	0.00726	0.02396	0.01407	0.77061	0.01923	0.01666	0.01210	0.00612	0.00495	0.00154	0.00423	0.00493	0.00606	0.00838
4	0.00866	0.00433	0.00649	0.00649	0.00649	0.00433	0.00433	0.00649	0.00649	0.00866	0.00866	0.01515	0.00866	0.01732	0.01948	0.85498	0.00433	0.00433	0.00216	0.00216
5	0.01862	0.02376	0.01413	0.01284	0.01541	0.80482	0.00963	0.01990	0.01413	0.01220	0.00770	0.00899	0.00642	0.00514	0.00449	0.00128	0.00899	0.00321	0.00257	0.00578
6	0.01333	0.82783	0.02612	0.00853	0.01279	0.01972	0.00853	0.01493	0.01013	0.01173	0.00693	0.00800	0.00640	0.00426	0.00320	0.00107	0.00533	0.00267	0.00213	0.00640
7	0.01862	0.02376	0.01413	0.01284	0.01541	0.80482	0.00963	0.01990	0.01413	0.01220	0.00770	0.00899	0.00642	0.00514	0.00449	0.00128	0.00899	0.00321	0.00257	0.00578
8	0.86003	0.00964	0.00733	0.00655	0.00964	0.01118	0.00540	0.01465	0.00848	0.02236	0.00694	0.00810	0.00540	0.00463	0.00308	0.00154	0.00386	0.00270	0.00308	0.00540
9	0.01234	0.01184	0.02023	0.03059	0.79373	0.01184	0.01530	0.01530	0.01135	0.01628	0.00938	0.01234	0.00790	0.00444	0.00493	0.00148	0.00592	0.00444	0.00247	0.00790
10	0.01636	0.15540	0.24803	0.01032	0.01517	0.01074	0.01074	0.01963	0.02719	0.38500	0.04306	0.01428	0.01087	0.00557	0.00465	0.00147	0.00528	0.00437	0.00422	0.00764
11	0.39318	0.01182	0.01132	0.01145	0.11864	0.12658	0.00795	0.03585	0.01149	0.21260	0.01066	0.01110	0.00768	0.00509	0.00407	0.00149	0.00502	0.00363	0.00374	0.00663
12	0.00658	0.00467	0.00604	0.00650	0.00706	0.00439	0.00443	0.00785	0.01083	0.01485	0.29380	0.43845	0.03587	0.12440	0.00879	0.00225	0.00297	0.01141	0.00471	0.00414
13	0.00634	0.00507	0.00568	0.00553	0.00701	0.00440	0.00414	0.00803	0.01243	0.01601	0.33888	0.04379	0.50174	0.01168	0.00589	0.00164	0.00246	0.00993	0.00496	0.00440
14	0.01352	0.79784	0.02567	0.00869	0.01289	0.04900	0.00857	0.01511	0.01028	0.01174	0.00696	0.00803	0.00640	0.00430	0.00325	0.00107	0.00547	0.00269	0.00215	0.00637
15	0.07251	0.06509	0.06885	0.00986	0.01343	0.08734	0.00849	0.12398	0.17727	0.23696	0.05813	0.01596	0.02791	0.00619	0.00477	0.00152	0.00494	0.00483	0.00461	0.00738
16	0.08753	0.01228	0.04179	0.01025	0.01391	0.04339	0.00856	0.28515	0.20582	0.21628	0.01522	0.01434	0.01067	0.00603	0.00483	0.00155	0.00487	0.00467	0.00494	0.00793
17	0.01624	0.01118	0.04641	0.03247	0.13692	0.01071	0.15887	0.04859	0.02782	0.33469	0.01364	0.01432	0.00955	0.00577	0.00659	0.00165	0.10800	0.00494	0.00408	0.00755
18	0.04450	0.00966	0.01165	0.00897	0.01223	0.00943	0.00730	0.04848	0.02452	0.01625	0.00858	0.01061	0.00730	0.00511	0.00682	0.00117	0.20065	0.00341	0.00291	0.56044
19	0.01133	0.34743	0.48905	0.01193	0.01805	0.01484	0.01445	0.01544	0.01036	0.01416	0.00814	0.00951	0.00635	0.00455	0.00412	0.00137	0.00655	0.00327	0.00212	0.00698
