[name]
unknown

[dist]
# distance from previous block
# <min> <max>
0	14

[block]
# block no. 0 follows, 50 sequences, length 73
# corresponding to MSA columns:
# 14-86
name=unknown_A
#
# <colnr> <probs for GDERKNQSTAVLIFYWHMCP>
#	G	D	E	R	K	N	Q	S	T	A	V	L	I	F	Y	W	H	M	C	P
0	0.00871	0.00625	0.00846	0.00932	0.01065	0.00634	0.00812	0.05797	0.01222	0.01594	0.02550	0.05347	0.02743	0.01329	0.00677	0.00225	0.00465	0.71323	0.00461	0.00483
1	0.28649	0.02931	0.06602	0.05893	0.01422	0.01039	0.02718	0.08752	0.04142	0.25686	0.01224	0.01232	0.00851	0.00525	0.00427	0.00149	0.00468	0.00395	0.00410	0.06484
2	0.00941	0.00886	0.01495	0.81285	0.03433	0.01107	0.01384	0.01274	0.00997	0.01274	0.00886	0.01329	0.00664	0.00498	0.00498	0.00166	0.00664	0.00443	0.00221	0.00554
3	0.01846	0.04853	0.01449	0.01271	0.01533	0.78062	0.00960	0.01975	0.01400	0.01218	0.00768	0.00896	0.00642	0.00511	0.00445	0.00128	0.00888	0.00319	0.00255	0.00580
4	0.00680	0.00508	0.00631	0.00600	0.00729	0.00459	0.00450	0.00891	0.01350	0.01855	0.62754	0.03960	0.21149	0.01073	0.00588	0.00159	0.00239	0.00935	0.00530	0.00459
5	0.00607	0.00434	0.00578	0.00694	0.00723	0.00405	0.00463	0.00694	0.00954	0.01272	0.02747	0.82157	0.03297	0.01562	0.00636	0.00202	0.00289	0.01417	0.00463	0.00405
6	0.01183	0.01331	0.19033	0.03826	0.23963	0.01053	0.05344	0.01494	0.01113	0.10911	0.07317	0.06669	0.01293	0.00661	0.00662	0.00167	0.10969	0.02008	0.00321	0.00685
7	0.01895	0.01396	0.01496	0.01147	0.01546	0.01546	0.00947	0.77711	0.02344	0.03141	0.01197	0.01197	0.00848	0.00598	0.00499	0.00150	0.00548	0.00449	0.00499	0.00848
8	0.01895	0.01396	0.01496	0.01147	0.01546	0.01546	0.00947	0.77711	0.02344	0.03141	0.01197	0.01197	0.00848	0.00598	0.00499	0.00150	0.00548	0.00449	0.00499	0.00848
9	0.00605	0.00443	0.00569	0.00670	0.00717	0.00407	0.00452	0.00697	0.00978	0.01282	0.03042	0.72268	0.12996	0.01523	0.00630	0.00198	0.00284	0.01370	0.00463	0.00407
10	0.00816	0.00761	0.01407	0.01189	0.01381	0.00728	0.26490	0.01021	0.01024	0.01381	0.02075	0.49767	0.02320	0.01211	0.02612	0.00206	0.02416	0.02313	0.00381	0.00500
11	0.25818	0.05634	0.01295	0.01054	0.01365	0.36946	0.00834	0.18259	0.01435	0.01924	0.00838	0.00933	0.00657	0.00513	0.00414	0.00139	0.00659	0.00332	0.00322	0.00629
12	0.07740	0.00856	0.01129	0.00872	0.01252	0.00758	0.00720	0.02366	0.01389	0.74628	0.01883	0.01638	0.01188	0.00607	0.00489	0.00154	0.00422	0.00486	0.00597	0.00828
13	0.31448	0.01090	0.01088	0.00879	0.01221	0.01187	0.00722	0.34319	0.01588	0.11591	0.01496	0.01480	0.08640	0.00619	0.00441	0.00154	0.00447	0.00452	0.00442	0.00696
14	0.00702	0.00479	0.00545	0.00559	0.00573	0.00470	0.00326	0.00721	0.00778	0.01027	0.01927	0.12798	0.06797	0.67753	0.02189	0.00430	0.00446	0.00828	0.00331	0.00322
15	0.01889	0.01576	0.01481	0.01172	0.01545	0.16056	0.00950	0.63792	0.02172	0.02788	0.01118	0.01142	0.00810	0.00583	0.00490	0.00146	0.00613	0.00425	0.00454	0.00798
16	0.00611	0.00512	0.00535	0.00546	0.00709	0.00436	0.00421	0.00747	0.01137	0.01361	0.04808	0.04880	0.71518	0.01274	0.00599	0.00174	0.00273	0.08571	0.00462	0.00425
17	0.00791	0.00538	0.00608	0.00572	0.00736	0.00468	0.00426	0.00935	0.01184	0.09308	0.19864	0.04119	0.48617	0.08711	0.00761	0.00194	0.00288	0.00935	0.00481	0.00463
18	0.00725	0.00483	0.00544	0.00544	0.00544	0.00483	0.00302	0.00725	0.00725	0.00966	0.01571	0.03262	0.01812	0.82483	0.02537	0.00483	0.00483	0.00725	0.00302	0.00302
19	0.01176	0.01345	0.02941	0.02101	0.02605	0.01261	0.77563	0.01597	0.01176	0.01597	0.01008	0.01345	0.00756	0.00420	0.00588	0.00168	0.00840	0.00588	0.00252	0.00672
20	0.00604	0.00507	0.00526	0.00526	0.00688	0.00429	0.00397	0.00742	0.01160	0.01406	0.11289	0.04726	0.70935	0.01245	0.00591	0.00169	0.00256	0.02908	0.00470	0.00426
21	0.00645	0.00469	0.00572	0.00624	0.00684	0.00436	0.00421	0.00740	0.00996	0.01311	0.12014	0.40389	0.16887	0.18785	0.01030	0.00252	0.00321	0.02591	0.00438	0.00395
22	0.00929	0.00465	0.00465	0.00465	0.00581	0.00465	0.00348	0.01161	0.01045	0.01858	0.01626	0.01858	0.01278	0.00581	0.00348	0.00116	0.00232	0.00465	0.85250	0.00465
23	0.00941	0.00886	0.01495	0.81285	0.03433	0.01107	0.01384	0.01274	0.00997	0.01274	0.00886	0.01329	0.00664	0.00498	0.00498	0.00166	0.00664	0.00443	0.00221	0.00554
24	0.00800	0.00503	0.00540	0.00537	0.00683	0.00452	0.00400	0.00964	0.01108	0.05865	0.05314	0.12230	0.38274	0.01024	0.00508	0.00153	0.00259	0.00860	0.29069	0.00459
25	0.00606	0.00470	0.00553	0.00608	0.00703	0.00416	0.00427	0.00720	0.01063	0.01353	0.08895	0.43565	0.36048	0.01396	0.00613	0.00185	0.00270	0.01225	0.00469	0.00416
26	0.01240	0.01071	0.01127	0.01014	0.01296	0.01240	0.00789	0.02649	0.78473	0.02085	0.02029	0.01860	0.01522	0.00676	0.00507	0.00169	0.00394	0.00564	0.00507	0.00789
27	0.00725	0.00483	0.00544	0.00544	0.00544	0.00483	0.00302	0.00725	0.00725	0.00966	0.01571	0.03262	0.01812	0.82483	0.02537	0.00483	0.00483	0.00725	0.00302	0.00302
28	0.37137	0.00916	0.00985	0.00800	0.01150	0.00929	0.00659	0.03540	0.04115	0.42930	0.01423	0.01323	0.00947	0.00554	0.00421	0.00155	0.00409	0.00406	0.00482	0.00717
29	0.00595	0.00505	0.00513	0.00511	0.00677	0.00423	0.00384	0.00727	0.01151	0.01381	0.08964	0.04740	0.75235	0.01249	0.00589	0.00168	0.00252	0.01044	0.00467	0.00423
30	0.01862	0.02376	0.01413	0.01284	0.01541	0.80482	0.00963	0.01990	0.01413	0.01220	0.00770	0.00899	0.00642	0.00514	0.00449	0.00128	0.00899	0.00321	0.00257	0.00578
31	0.02050	0.00848	0.01112	0.00865	0.01229	0.00752	0.00710	0.06935	0.01454	0.67100	0.02228	0.01976	0.09027	0.00681	0.00510	0.00155	0.00415	0.00553	0.00594	0.00805
32	0.00721	0.00499	0.00622	0.00622	0.00650	0.00526	0.00400	0.00775	0.00748	0.01025	0.01498	0.02863	0.01639	0.58361	0.26421	0.00581	0.00744	0.00666	0.00291	0.00346
33	0.00618	0.00512	0.00545	0.00554	0.00714	0.00439	0.00427	0.00761	0.01154	0.01402	0.09410	0.04813	0.66891	0.01259	0.00599	0.00174	0.00272	0.08561	0.00468	0.00428
34	0.00677	0.00502	0.00632	0.00613	0.00731	0.00456	0.00455	0.00881	0.01324	0.01825	0.59915	0.11203	0.16722	0.01109	0.00593	0.00163	0.00243	0.00974	0.00527	0.00456
35	0.00941	0.00886	0.01495	0.81285	0.03433	0.01107	0.01384	0.01274	0.00997	0.01274	0.00886	0.01329	0.00664	0.00498	0.00498	0.00166	0.00664	0.00443	0.00221	0.00554
36	0.01577	0.01817	0.01374	0.01216	0.01422	0.46816	0.00945	0.08019	0.05397	0.01428	0.01112	0.01260	0.05588	0.00657	0.00735	0.00155	0.19178	0.00416	0.00294	0.00594
37	0.00694	0.00509	0.00650	0.00615	0.00737	0.00465	0.00461	0.00918	0.01383	0.01933	0.71682	0.03831	0.12172	0.01043	0.00588	0.00158	0.00237	0.00917	0.00540	0.00465
38	0.72858	0.01202	0.08148	0.00766	0.01111	0.06053	0.00687	0.01508	0.00902	0.02112	0.00717	0.00838	0.00555	0.00467	0.00333	0.00153	0.00450	0.00282	0.00296	0.00561
39	0.03216	0.00919	0.01477	0.71715	0.03179	0.01147	0.01329	0.04163	0.01031	0.01365	0.00880	0.01297	0.00668	0.00522	0.00556	0.00168	0.05130	0.00438	0.00234	0.00564
40	0.01116	0.30689	0.52811	0.01222	0.01850	0.01443	0.01495	0.01548	0.01038	0.01436	0.00824	0.00964	0.00634	0.00457	0.00420	0.00140	0.00665	0.00333	0.00211	0.00703
41	0.00815	0.00545	0.00709	0.00653	0.00792	0.00507	0.00495	0.01078	0.03433	0.06830	0.72295	0.03548	0.04404	0.00985	0.00580	0.00157	0.00251	0.00868	0.00552	0.00502
42	0.00607	0.00434	0.00578	0.00694	0.00723	0.00405	0.00463	0.00694	0.00954	0.01272	0.02747	0.82157	0.03297	0.01562	0.00636	0.00202	0.00289	0.01417	0.00463	0.00405
43	0.86003	0.00964	0.00733	0.00655	0.00964	0.01118	0.00540	0.01465	0.00848	0.02236	0.00694	0.00810	0.00540	0.00463	0.00308	0.00154	0.00386	0.00270	0.00308	0.00540
44	0.00589	0.00505	0.00505	0.00505	0.00673	0.00421	0.00379	0.00715	0.01136	0.01347	0.05049	0.04797	0.79171	0.01262	0.00589	0.00168	0.00252	0.01052	0.00463	0.00421
45	0.00893	0.00693	0.00855	0.00901	0.01063	0.00727	0.00757	0.01411	0.20766	0.01628	0.02726	0.04585	0.10180	0.01188	0.00633	0.00208	0.00422	0.49355	0.00472	0.00539
46	0.01862	0.02376	0.01413	0.01284	0.01541	0.80482	0.00963	0.01990	0.01413	0.01220	0.00770	0.00899	0.00642	0.00514	0.00449	0.00128	0.00899	0.00321	0.00257	0.00578
47	0.00705	0.00510	0.00666	0.00627	0.00745	0.00470	0.00470	0.00941	0.01411	0.01999	0.79110	0.03723	0.04703	0.01019	0.00588	0.00157	0.00235	0.00901	0.00549	0.00470
48	0.00941	0.00886	0.01495	0.81285	0.03433	0.01107	0.01384	0.01274	0.00997	0.01274	0.00886	0.01329	0.00664	0.00498	0.00498	0.00166	0.00664	0.00443	0.00221	0.00554
49	0.00607	0.00434	0.00578	0.00694	0.00723	0.00405	0.00463	0.00694	0.00954	0.01272	0.02747	0.82157	0.03297	0.01562	0.00636	0.00202	0.00289	0.01417	0.00463	0.00405
50	0.00607	0.00434	0.00578	0.00694	0.00723	0.00405	0.00463	0.00694	0.00954	0.01272	0.02747	0.82157	0.03297	0.01562	0.00636	0.00202	0.00289	0.01417	0.00463	0.00405
51	0.00607	0.00434	0.00578	0.00694	0.00723	0.00405	0.00463	0.00694	0.00954	0.01272	0.02747	0.82157	0.03297	0.01562	0.00636	0.00202	0.00289	0.01417	0.00463	0.00405
52	0.00607	0.00434	0.00578	0.00694	0.00723	0.00405	0.00463	0.00694	0.00954	0.01272	0.02747	0.82157	0.03297	0.01562	0.00636	0.00202	0.00289	0.01417	0.00463	0.00405
53	0.01000	0.02578	0.79900	0.01421	0.02157	0.01158	0.01842	0.01579	0.01052	0.01579	0.00895	0.01052	0.00631	0.00474	0.00474	0.00158	0.00737	0.00368	0.00210	0.00737
54	0.01895	0.01396	0.01496	0.01147	0.01546	0.01546	0.00947	0.77711	0.02344	0.03141	0.01197	0.01197	0.00848	0.00598	0.00499	0.00150	0.00548	0.00449	0.00499	0.00848
55	0.01240	0.01071	0.01127	0.01014	0.01296	0.01240	0.00789	0.02649	0.78473	0.02085	0.02029	0.01860	0.01522	0.00676	0.00507	0.00169	0.00394	0.00564	0.00507	0.00789
56	0.00618	0.00446	0.00585	0.00677	0.00723	0.00413	0.00460	0.00725	0.01018	0.01363	0.12049	0.69045	0.07066	0.01482	0.00628	0.00195	0.00281	0.01338	0.00473	0.00413
57	0.00685	0.00501	0.00628	0.00703	0.00769	0.00477	0.00484	0.05482	0.01059	0.01396	0.02882	0.69368	0.10754	0.01472	0.00623	0.00196	0.00302	0.01320	0.00465	0.00434
58	0.00725	0.00483	0.00544	0.00544	0.00544	0.00483	0.00302	0.00725	0.00725	0.00966	0.01571	0.03262	0.01812	0.82483	0.02537	0.00483	0.00483	0.00725	0.00302	0.00302
59	0.00612	0.00436	0.00577	0.00688	0.00716	0.00408	0.00457	0.00695	0.00946	0.01261	0.02703	0.79176	0.03241	0.04620	0.00708	0.00213	0.00297	0.01391	0.00457	0.00401
60	0.01903	0.01383	0.01488	0.01140	0.01539	0.01526	0.00942	0.75853	0.02321	0.05032	0.01216	0.01209	0.00857	0.00599	0.00499	0.00150	0.00545	0.00450	0.00502	0.00848
61	0.01043	0.00989	0.01678	0.54151	0.29774	0.01134	0.01435	0.01362	0.01045	0.01397	0.00904	0.01296	0.00708	0.00480	0.00497	0.00160	0.00639	0.00443	0.00230	0.00636
62	0.01000	0.02578	0.79900	0.01421	0.02157	0.01158	0.01842	0.01579	0.01052	0.01579	0.00895	0.01052	0.00631	0.00474	0.00474	0.00158	0.00737	0.00368	0.00210	0.00737
63	0.02205	0.00899	0.01188	0.00911	0.01298	0.00808	0.00753	0.09441	0.01512	0.72586	0.01895	0.01650	0.01198	0.00615	0.00501	0.00154	0.00436	0.00496	0.00606	0.00848
64	0.00624	0.00515	0.00531	0.00526	0.00675	0.00448	0.00383	0.00769	0.02756	0.01349	0.08146	0.04503	0.64883	0.10729	0.00815	0.00205	0.00282	0.00996	0.00449	0.00417
65	0.01501	0.01650	0.01285	0.06095	0.01503	0.40541	0.03358	0.12985	0.05968	0.01582	0.01600	0.03677	0.11855	0.03546	0.00565	0.00157	0.00680	0.00514	0.00341	0.00596
66	0.00941	0.00886	0.01495	0.81285	0.03433	0.01107	0.01384	0.01274	0.00997	0.01274	0.00886	0.01329	0.00664	0.00498	0.00498	0.00166	0.00664	0.00443	0.00221	0.00554
67	0.02157	0.00976	0.01236	0.00947	0.01336	0.00922	0.00783	0.19955	0.01640	0.61892	0.01787	0.01580	0.01144	0.00613	0.00501	0.00153	0.00453	0.00489	0.00589	0.00848
68	0.11947	0.00902	0.01121	0.00880	0.01251	0.00848	0.00724	0.05902	0.06190	0.62208	0.01785	0.01579	0.01152	0.00602	0.00479	0.00155	0.00424	0.00476	0.00568	0.00809
69	0.00607	0.00434	0.00578	0.00694	0.00723	0.00405	0.00463	0.00694	0.00954	0.01272	0.02747	0.82157	0.03297	0.01562	0.00636	0.00202	0.00289	0.01417	0.00463	0.00405
70	0.01895	0.01396	0.01496	0.01147	0.01546	0.01546	0.00947	0.77711	0.02344	0.03141	0.01197	0.01197	0.00848	0.00598	0.00499	0.00150	0.00548	0.00449	0.00499	0.00848
71	0.01996	0.01035	0.01248	0.00965	0.01336	0.01029	0.00794	0.31538	0.01774	0.44264	0.05738	0.01613	0.01268	0.00630	0.00502	0.00152	0.00458	0.00501	0.02339	0.00820
72	0.01394	0.01397	0.01333	0.20118	0.03440	0.22218	0.00999	0.09629	0.29218	0.01757	0.01313	0.01401	0.00999	0.00577	0.00486	0.00154	0.00609	0.00455	0.01824	0.00678

[dist]
# distance from previous block
# <min> <max>
0	3

[block]
# block no. 1 follows, 50 sequences, length 39
# corresponding to MSA columns:
# 90-128
name=unknown_B
#
# <colnr> <probs for GDERKNQSTAVLIFYWHMCP>
#	G	D	E	R	K	N	Q	S	T	A	V	L	I	F	Y	W	H	M	C	P
0	0.01142	0.01284	0.05018	0.01828	0.05397	0.01265	0.48273	0.01476	0.01066	0.01510	0.00912	0.01247	0.00729	0.00521	0.00799	0.00170	0.19004	0.00517	0.00246	0.07598
1	0.12841	0.01226	0.01302	0.28748	0.07635	0.18982	0.01041	0.02841	0.01081	0.01448	0.01048	0.10852	0.00971	0.00653	0.00571	0.00163	0.07250	0.00508	0.00277	0.00561
2	0.01361	0.28067	0.12075	0.01717	0.24236	0.13862	0.05415	0.05058	0.01185	0.01477	0.00842	0.01022	0.00698	0.00459	0.00433	0.00134	0.00651	0.00366	0.00245	0.00697
3	0.01172	0.03165	0.02007	0.21795	0.39884	0.01206	0.14203	0.04916	0.01151	0.01581	0.00969	0.02658	0.00794	0.00486	0.00527	0.00157	0.01892	0.00481	0.00255	0.00701
4	0.00942	0.00516	0.00552	0.00534	0.00640	0.00552	0.00409	0.01165	0.01022	0.01804	0.01546	0.01795	0.01227	0.00605	0.00454	0.00124	0.06891	0.00462	0.78288	0.00471
5	0.01618	0.01271	0.01318	0.01060	0.01409	0.04021	0.00857	0.50049	0.19563	0.02655	0.01681	0.01629	0.07404	0.00663	0.00503	0.00153	0.00497	0.00517	0.00485	0.02646
6	0.00866	0.00433	0.00649	0.00649	0.00649	0.00433	0.00433	0.00649	0.00649	0.00866	0.00866	0.01515	0.00866	0.01732	0.01948	0.85498	0.00433	0.00433	0.00216	0.00216
7	0.03945	0.00900	0.01166	0.00892	0.01281	0.00804	0.00735	0.08666	0.01459	0.65163	0.01785	0.01581	0.01145	0.00592	0.00486	0.00147	0.00429	0.00475	0.00574	0.07774
8	0.01169	0.01324	0.02825	0.02036	0.02499	0.01282	0.71302	0.01564	0.01143	0.01564	0.00979	0.01324	0.00748	0.00457	0.00674	0.00172	0.07450	0.00576	0.00249	0.00662
9	0.00606	0.00440	0.00572	0.00679	0.00719	0.00406	0.00456	0.00696	0.00969	0.01278	0.02936	0.75824	0.09508	0.01537	0.00632	0.00200	0.00286	0.01387	0.00463	0.00406
10	0.00597	0.00505	0.00516	0.00513	0.00678	0.00424	0.00385	0.00730	0.01154	0.01389	0.09927	0.04726	0.74266	0.01246	0.00589	0.00168	0.00251	0.01042	0.00469	0.00424
11	0.01862	0.02376	0.01413	0.01284	0.01541	0.80482	0.00963	0.01990	0.01413	0.01220	0.00770	0.00899	0.00642	0.00514	0.00449	0.00128	0.00899	0.00321	0.00257	0.00578
12	0.01176	0.01345	0.02941	0.02101	0.02605	0.01261	0.77563	0.01597	0.01176	0.01597	0.01008	0.01345	0.00756	0.00420	0.00588	0.00168	0.00840	0.00588	0.00252	0.00672
13	0.00815	0.00694	0.01183	0.01087	0.01262	0.00664	0.17243	0.01037	0.01094	0.01441	0.02419	0.28201	0.05654	0.01223	0.00647	0.00205	0.00481	0.33748	0.00416	0.00487
14	0.00866	0.00433	0.00649	0.00649	0.00649	0.00433	0.00433	0.00649	0.00649	0.00866	0.00866	0.01515	0.00866	0.01732	0.01948	0.85498	0.00433	0.00433	0.00216	0.00216
15	0.00602	0.00455	0.00556	0.00638	0.00708	0.00410	0.00438	0.00700	0.01009	0.01295	0.03434	0.59096	0.25915	0.01472	0.00622	0.00192	0.00278	0.01308	0.00463	0.00410
16	0.01240	0.01071	0.01127	0.01014	0.01296	0.01240	0.00789	0.02649	0.78473	0.02085	0.02029	0.01860	0.01522	0.00676	0.00507	0.00169	0.00394	0.00564	0.00507	0.00789
17	0.00798	0.00541	0.00692	0.00661	0.00789	0.00502	0.00492	0.03322	0.01341	0.05998	0.54125	0.17627	0.09009	0.01098	0.00589	0.00165	0.00266	0.00968	0.00530	0.00487
18	0.01025	0.00879	0.01017	0.00741	0.01166	0.00679	0.00591	0.01292	0.04282	0.01633	0.01096	0.01215	0.03831	0.00417	0.00384	0.00082	0.00366	0.00336	0.00311	0.78660
19	0.00776	0.00614	0.00676	0.00652	0.00831	0.00586	0.00504	0.01146	0.14129	0.03551	0.17881	0.04091	0.45052	0.01112	0.00580	0.00170	0.00292	0.06361	0.00490	0.00505
20	0.00929	0.00465	0.00465	0.00465	0.00581	0.00465	0.00348	0.01161	0.01045	0.01858	0.01626	0.01858	0.01278	0.00581	0.00348	0.00116	0.00232	0.00465	0.85250	0.00465
21	0.02322	0.00575	0.00701	0.00655	0.00811	0.00527	0.00478	0.01246	0.01094	0.21697	0.05718	0.20710	0.12251	0.14881	0.00868	0.00217	0.00343	0.00828	0.13562	0.00518
22	0.01013	0.00613	0.00737	0.00680	0.00839	0.00594	0.00505	0.01334	0.10489	0.13453	0.27804	0.09406	0.08003	0.11214	0.00787	0.00199	0.00319	0.00778	0.10696	0.00535
23	0.00619	0.00463	0.00575	0.00638	0.00715	0.00419	0.00444	0.00739	0.01072	0.01408	0.15722	0.51069	0.21495	0.01402	0.00617	0.00187	0.00272	0.01247	0.00477	0.00419
24	0.01493	0.00860	0.00949	0.00781	0.01044	0.00893	0.00628	0.27433	0.02955	0.16016	0.01547	0.01605	0.01128	0.00595	0.00429	0.00135	0.00377	0.00467	0.39996	0.00668
25	0.04154	0.00578	0.00708	0.00700	0.00863	0.00528	0.00539	0.01118	0.01138	0.16139	0.06864	0.24560	0.24952	0.02979	0.00632	0.00190	0.00334	0.12032	0.00486	0.00507
26	0.00987	0.00840	0.00979	0.00717	0.01124	0.00638	0.00570	0.01203	0.01061	0.01627	0.05459	0.01427	0.06076	0.00463	0.00396	0.00085	0.00354	0.00378	0.00320	0.75297
27	0.00915	0.00463	0.00470	0.00475	0.00587	0.00462	0.00354	0.01140	0.01041	0.01832	0.01677	0.05504	0.01369	0.00625	0.00361	0.00120	0.00235	0.00508	0.81401	0.00462
28	0.04220	0.00476	0.00600	0.00664	0.00732	0.00453	0.00462	0.00804	0.01065	0.01510	0.20805	0.55587	0.04802	0.01343	0.00599	0.00186	0.00278	0.01203	0.03784	0.00429
29	0.00768	0.00632	0.01058	0.00957	0.01096	0.00700	0.09876	0.00975	0.00846	0.01210	0.01296	0.01884	0.01187	0.03339	0.70896	0.00725	0.01276	0.00541	0.00265	0.00472
30	0.00632	0.00530	0.00553	0.00551	0.00713	0.00465	0.00411	0.00829	0.05025	0.01432	0.10763	0.08816	0.65083	0.01230	0.00587	0.00169	0.00260	0.01035	0.00472	0.00442
31	0.00866	0.00433	0.00649	0.00649	0.00649	0.00433	0.00433	0.00649	0.00649	0.00866	0.00866	0.01515	0.00866	0.01732	0.01948	0.85498	0.00433	0.00433	0.00216	0.00216
32	0.00622	0.00457	0.00618	0.04347	0.00844	0.00437	0.00502	0.00721	0.00962	0.01275	0.02737	0.76007	0.05611	0.01504	0.00628	0.00200	0.00305	0.01361	0.00452	0.00412
33	0.01575	0.01899	0.01440	0.01283	0.01449	0.51851	0.01000	0.01698	0.01178	0.01212	0.00742	0.00985	0.00658	0.00699	0.02416	0.00172	0.28571	0.00365	0.00244	0.00564
34	0.00787	0.00461	0.00629	0.00635	0.00682	0.00454	0.00442	0.00762	0.00865	0.01204	0.12345	0.10383	0.06856	0.04373	0.07858	0.42649	0.00438	0.00660	0.07190	0.00326
35	0.00631	0.00451	0.00605	0.00721	0.00760	0.00425	0.00504	0.00735	0.00978	0.01299	0.02734	0.72953	0.03245	0.01539	0.00642	0.00206	0.00310	0.10389	0.00462	0.00411
36	0.01720	0.01270	0.01374	0.01088	0.01439	0.01399	0.00884	0.66141	0.04518	0.02884	0.01409	0.10953	0.01163	0.00717	0.00515	0.00157	0.00513	0.00569	0.00495	0.00793
37	0.01715	0.00953	0.01199	0.00911	0.01310	0.00858	0.02630	0.10647	0.07587	0.38403	0.01522	0.01437	0.01046	0.00537	0.00462	0.00130	0.00429	0.00438	0.00485	0.27301
38	0.00698	0.00509	0.00656	0.00619	0.00740	0.00467	0.00464	0.00926	0.01393	0.01956	0.74276	0.03793	0.09564	0.01035	0.00588	0.00158	0.00236	0.00911	0.00543	0.00467

[dist]
# distance from previous block
# <min> <max>
0	1

[block]
# block no. 2 follows, 50 sequences, length 62
# corresponding to MSA columns:
# 130-191
name=unknown_C
#
# <colnr> <probs for GDERKNQSTAVLIFYWHMCP>
#	G	D	E	R	K	N	Q	S	T	A	V	L	I	F	Y	W	H	M	C	P
0	0.01357	0.72706	0.06327	0.00914	0.01342	0.07914	0.00910	0.01535	0.01045	0.01196	0.00709	0.00820	0.00639	0.00435	0.00337	0.00111	0.00571	0.00276	0.00216	0.00640
1	0.01489	0.12655	0.20063	0.01055	0.03850	0.01052	0.01011	0.06102	0.04774	0.27926	0.02945	0.03692	0.06505	0.00619	0.00475	0.00148	0.00504	0.00495	0.00412	0.04231
2	0.00925	0.00750	0.01042	0.03108	0.06546	0.01942	0.07690	0.01133	0.01194	0.07326	0.17276	0.03207	0.31140	0.00907	0.00578	0.00157	0.02376	0.03268	0.00423	0.09011
3	0.00753	0.00587	0.00882	0.00833	0.00920	0.00666	0.04133	0.00904	0.00802	0.01142	0.01336	0.02149	0.01309	0.19044	0.57815	0.00683	0.04772	0.00570	0.00271	0.00432
4	0.01554	0.01057	0.03702	0.08456	0.05367	0.04979	0.08601	0.09892	0.04033	0.29278	0.01530	0.07775	0.01184	0.00921	0.07554	0.00217	0.02206	0.00558	0.00429	0.00706
5	0.01432	0.09102	0.20292	0.01222	0.01680	0.01246	0.10464	0.24662	0.03585	0.10506	0.05938	0.03340	0.01166	0.00602	0.00501	0.00154	0.00583	0.02400	0.00387	0.00736
6	0.01288	0.01292	0.02753	0.01973	0.02464	0.01205	0.69452	0.01685	0.01203	0.09844	0.01110	0.01382	0.00807	0.00441	0.00579	0.00167	0.00796	0.00579	0.00291	0.00691
7	0.00712	0.00534	0.00801	0.00801	0.00890	0.00623	0.00623	0.00890	0.00801	0.01157	0.01335	0.01958	0.01246	0.03738	0.80507	0.00801	0.01335	0.00534	0.00267	0.00445
8	0.01081	0.01526	0.23144	0.30193	0.13119	0.04836	0.10517	0.01493	0.02948	0.01458	0.00922	0.01225	0.00703	0.00497	0.00550	0.00162	0.04299	0.00437	0.00234	0.00656
9	0.00748	0.00516	0.00612	0.00660	0.04183	0.00516	0.00359	0.00762	0.00744	0.00997	0.01541	0.03168	0.01765	0.78695	0.02443	0.00468	0.00488	0.00712	0.00299	0.00325
10	0.48064	0.00912	0.00925	0.00760	0.01104	0.00944	0.00627	0.01902	0.01110	0.37329	0.01270	0.01211	0.00854	0.00533	0.00396	0.00154	0.00403	0.00375	0.00448	0.00680
11	0.00929	0.00465	0.00465	0.00465	0.00581	0.00465	0.00348	0.01161	0.01045	0.01858	0.01626	0.01858	0.01278	0.00581	0.00348	0.00116	0.00232	0.00465	0.85250	0.00465
12	0.00711	0.00514	0.00707	0.00709	0.00777	0.00562	0.00517	0.00823	0.00804	0.01115	0.01678	0.03857	0.07337	0.22204	0.50997	0.04377	0.00992	0.00630	0.00291	0.00398
13	0.02111	0.00816	0.01105	0.00857	0.01219	0.00709	0.00704	0.02307	0.01409	0.72850	0.05383	0.01794	0.01390	0.00633	0.00498	0.00153	0.00407	0.00517	0.04321	0.00815
14	0.00690	0.00522	0.00645	0.00653	0.00786	0.00477	0.00515	0.00888	0.01263	0.01674	0.37972	0.04497	0.28419	0.01178	0.00611	0.00177	0.00291	0.17790	0.00501	0.00452
15	0.04422	0.00790	0.01044	0.00830	0.01167	0.00692	0.00675	0.02117	0.01363	0.64059	0.05688	0.06105	0.07303	0.00727	0.00513	0.00158	0.00395	0.00601	0.00585	0.00768
16	0.00654	0.00463	0.00565	0.00619	0.00657	0.00438	0.00399	0.00724	0.00922	0.01221	0.07752	0.41916	0.09905	0.29931	0.01296	0.00295	0.00350	0.01105	0.00412	0.00375
17	0.01937	0.01329	0.01454	0.01115	0.01512	0.01446	0.00921	0.68507	0.02231	0.12504	0.01291	0.01258	0.00895	0.00601	0.00499	0.00150	0.00533	0.00455	0.00513	0.00848
18	0.00929	0.00465	0.00465	0.00465	0.00581	0.00465	0.00348	0.01161	0.01045	0.01858	0.01626	0.01858	0.01278	0.00581	0.00348	0.00116	0.00232	0.00465	0.85250	0.00465
19	0.00638	0.00500	0.00577	0.00572	0.00707	0.00439	0.00423	0.00805	0.01231	0.01604	0.34863	0.11374	0.42106	0.01191	0.00593	0.00167	0.00249	0.01024	0.00498	0.00439
20	0.00619	0.00476	0.00548	0.00589	0.00684	0.00425	0.00409	0.00725	0.01044	0.01326	0.09161	0.33796	0.36948	0.09933	0.00812	0.00214	0.00289	0.01145	0.00452	0.00406
21	0.01000	0.02578	0.79900	0.01421	0.02157	0.01158	0.01842	0.01579	0.01052	0.01579	0.00895	0.01052	0.00631	0.00474	0.00474	0.00158	0.00737	0.00368	0.00210	0.00737
22	0.00652	0.00462	0.00614	0.00719	0.00760	0.00441	0.00507	0.00755	0.00967	0.01282	0.02622	0.61811	0.03088	0.08865	0.00818	0.00233	0.00336	0.14216	0.00447	0.00405
23	0.00974	0.00686	0.00758	0.00731	0.00893	0.00733	0.00551	0.01581	0.27748	0.03128	0.10173	0.12874	0.03277	0.04175	0.00576	0.00171	0.00319	0.03731	0.26353	0.00568
24	0.02236	0.00848	0.01157	0.00887	0.01272	0.00733	0.00733	0.02429	0.01427	0.79719	0.01966	0.01697	0.01234	0.00617	0.00501	0.00154	0.00424	0.00501	0.00617	0.00848
25	0.01000	0.02578	0.79900	0.01421	0.02157	0.01158	0.01842	0.01579	0.01052	0.01579	0.00895	0.01052	0.00631	0.00474	0.00474	0.00158	0.00737	0.00368	0.00210	0.00737
26	0.02042	0.01030	0.01258	0.00965	0.01356	0.01001	0.00795	0.26407	0.03526	0.49442	0.01667	0.01507	0.01092	0.00600	0.00494	0.00149	0.00460	0.00475	0.00560	0.05173
27	0.01283	0.00906	0.01073	0.00798	0.01215	0.00747	0.00641	0.03014	0.08343	0.15590	0.01190	0.01232	0.00901	0.00446	0.00408	0.00098	0.00385	0.00360	0.00376	0.60995
28	0.00988	0.00647	0.00766	0.00678	0.00870	0.00613	0.00526	0.10155	0.01437	0.10166	0.39331	0.03401	0.22779	0.00969	0.00558	0.00157	0.00297	0.00825	0.04296	0.00542
29	0.00725	0.00483	0.00544	0.00544	0.00544	0.00483	0.00302	0.00725	0.00725	0.00966	0.01571	0.03262	0.01812	0.82483	0.02537	0.00483	0.00483	0.00725	0.00302	0.00302
30	0.00700	0.00509	0.00658	0.00621	0.00741	0.00468	0.00466	0.00929	0.01397	0.01966	0.75422	0.03777	0.08412	0.01031	0.00588	0.00157	0.00236	0.00909	0.00544	0.00468
31	0.30660	0.01009	0.01058	0.00863	0.01208	0.01069	0.00706	0.16065	0.10531	0.28206	0.01459	0.01383	0.02551	0.00581	0.00437	0.00155	0.00427	0.00431	0.00473	0.00727
32	0.01176	0.01345	0.02941	0.02101	0.02605	0.01261	0.77563	0.01597	0.01176	0.01597	0.01008	0.01345	0.00756	0.00420	0.00588	0.00168	0.00840	0.00588	0.00252	0.00672
33	0.00705	0.00510	0.00666	0.00627	0.00745	0.00470	0.00470	0.00941	0.01411	0.01999	0.79110	0.03723	0.04703	0.01019	0.00588	0.00157	0.00235	0.00901	0.00549	0.00470
34	0.00725	0.00483	0.00544	0.00544	0.00544	0.00483	0.00302	0.00725	0.00725	0.00966	0.01571	0.03262	0.01812	0.82483	0.02537	0.00483	0.00483	0.00725	0.00302	0.00302
35	0.00929	0.00465	0.00465	0.00465	0.00581	0.00465	0.00348	0.01161	0.01045	0.01858	0.01626	0.01858	0.01278	0.00581	0.00348	0.00116	0.00232	0.00465	0.85250	0.00465
36	0.00725	0.00483	0.00544	0.00544	0.00544	0.00483	0.00302	0.00725	0.00725	0.00966	0.01571	0.03262	0.01812	0.82483	0.02537	0.00483	0.00483	0.00725	0.00302	0.00302
37	0.00700	0.00509	0.00659	0.00622	0.00742	0.00468	0.00466	0.00931	0.01399	0.01970	0.75866	0.03770	0.07965	0.01030	0.00588	0.00157	0.00236	0.00908	0.00545	0.00468
38	0.01192	0.01142	0.01948	0.14243	0.68517	0.01173	0.01509	0.01493	0.01115	0.01578	0.00930	0.01247	0.00772	0.00452	0.00494	0.00151	0.00602	0.00444	0.00243	0.00756
39	0.00624	0.00450	0.00596	0.00690	0.00735	0.00416	0.00466	0.00725	0.00989	0.01333	0.08219	0.74569	0.03338	0.01494	0.00626	0.00196	0.00287	0.01353	0.00465	0.02428
40	0.01186	0.01136	0.01937	0.15764	0.67040	0.01172	0.01506	0.01488	0.01113	0.01571	0.00929	0.01249	0.00769	0.00453	0.00494	0.00151	0.00604	0.00444	0.00243	0.00751
41	0.00652	0.00507	0.00592	0.00571	0.00712	0.00448	0.00428	0.00837	0.01285	0.01699	0.45090	0.04216	0.38910	0.01131	0.00588	0.00162	0.00243	0.00971	0.00509	0.00448
42	0.02833	0.00514	0.00604	0.00605	0.00733	0.00465	0.00445	0.00860	0.01189	0.03610	0.30545	0.18902	0.31298	0.03176	0.00637	0.00179	0.00270	0.02196	0.00489	0.00447
43	0.00632	0.00455	0.00604	0.00711	0.00759	0.00427	0.00500	0.00741	0.00995	0.01317	0.04355	0.67895	0.06648	0.01515	0.00639	0.00203	0.00307	0.10418	0.00464	0.00413
44	0.01638	0.36827	0.01935	0.01086	0.01429	0.39601	0.00914	0.08641	0.01325	0.01374	0.00776	0.00883	0.00660	0.00484	0.00398	0.00121	0.00710	0.00309	0.00260	0.00629
45	0.01240	0.01071	0.01127	0.01014	0.01296	0.01240	0.00789	0.02649	0.78473	0.02085	0.02029	0.01860	0.01522	0.00676	0.00507	0.00169	0.00394	0.00564	0.00507	0.00789
46	0.20397	0.00570	0.00625	0.00681	0.00790	0.00579	0.00483	0.00916	0.00950	0.03425	0.02357	0.57869	0.06040	0.01271	0.00555	0.00189	0.00313	0.01113	0.00431	0.00448
47	0.01088	0.01099	0.01636	0.01367	0.01415	0.01478	0.08010	0.01227	0.00802	0.01234	0.00705	0.01137	0.00679	0.00908	0.03648	0.00229	0.72108	0.00453	0.00222	0.00554
48	0.00589	0.00505	0.00505	0.00505	0.00673	0.00421	0.00379	0.00715	0.01136	0.01347	0.05049	0.04797	0.79171	0.01262	0.00589	0.00168	0.00252	0.01052	0.00463	0.00421
49	0.00675	0.00462	0.00559	0.00608	0.00620	0.00450	0.00371	0.00712	0.00823	0.01097	0.02074	0.37031	0.02448	0.47847	0.01723	0.00363	0.00400	0.01021	0.00371	0.00346
50	0.00672	0.00508	0.00620	0.00592	0.00724	0.00456	0.00444	0.00876	0.01333	0.01813	0.57987	0.04030	0.25943	0.01088	0.00588	0.00160	0.00240	0.00944	0.00524	0.00456
51	0.00941	0.00886	0.01495	0.81285	0.03433	0.01107	0.01384	0.01274	0.00997	0.01274	0.00886	0.01329	0.00664	0.00498	0.00498	0.00166	0.00664	0.00443	0.00221	0.00554
52	0.01895	0.01396	0.01496	0.01147	0.01546	0.01546	0.00947	0.77711	0.02344	0.03141	0.01197	0.01197	0.00848	0.00598	0.00499	0.00150	0.00548	0.00449	0.00499	0.00848
53	0.01472	0.00762	0.00940	0.00785	0.01019	0.00734	0.00599	0.08500	0.07265	0.33104	0.14159	0.02436	0.03124	0.21638	0.01037	0.00240	0.00415	0.00631	0.00504	0.00637
54	0.00637	0.00504	0.00573	0.00563	0.00704	0.00440	0.00419	0.00805	0.01239	0.01606	0.34831	0.07753	0.45800	0.01177	0.00591	0.00165	0.00247	0.01007	0.00497	0.00440
55	0.00725	0.00483	0.00544	0.00544	0.00544	0.00483	0.00302	0.00725	0.00725	0.00966	0.01571	0.03262	0.01812	0.82483	0.02537	0.00483	0.00483	0.00725	0.00302	0.00302
56	0.00605	0.00465	0.00554	0.00618	0.00705	0.00414	0.00431	0.00713	0.01045	0.01334	0.07086	0.48877	0.32522	0.01422	0.00616	0.00187	0.00273	0.01253	0.00467	0.00414
57	0.00902	0.00524	0.00699	0.00683	0.00755	0.00518	0.00479	0.00963	0.07135	0.05653	0.12101	0.11633	0.05333	0.05037	0.01374	0.44441	0.00379	0.00669	0.00352	0.00368
58	0.00594	0.00485	0.00526	0.00559	0.00687	0.00416	0.00403	0.00709	0.01085	0.01325	0.04396	0.26760	0.57630	0.01347	0.00602	0.00178	0.00263	0.01156	0.00463	0.00416
59	0.00784	0.00527	0.00691	0.00640	0.00772	0.00484	0.00484	0.01017	0.01412	0.05969	0.75169	0.03620	0.04526	0.00998	0.00583	0.00157	0.00245	0.00881	0.00552	0.00490
60	0.00776	0.00612	0.00715	0.00749	0.00877	0.00619	0.00561	0.01176	0.17748	0.01485	0.03040	0.31494	0.19886	0.05009	0.00694	0.00205	0.00340	0.13054	0.00464	0.00495
61	0.28367	0.02859	0.01004	0.04419	0.01228	0.22435	0.00726	0.02650	0.06933	0.01671	0.01385	0.15063	0.02530	0.00759	0.00460	0.00162	0.00529	0.05930	0.00346	0.00546

[dist]
# distance from previous block
# <min> <max>
0	1

[block]
# block no. 3 follows, 50 sequences, length 9
# corresponding to MSA columns:
# 193-201
name=unknown_D
#
# <colnr> <probs for GDERKNQSTAVLIFYWHMCP>
#	G	D	E	R	K	N	Q	S	T	A	V	L	I	F	Y	W	H	M	C	P
0	0.01572	0.46404	0.02069	0.01048	0.01398	0.37492	0.00903	0.01718	0.01194	0.01194	0.00728	0.00845	0.00641	0.00466	0.00378	0.00116	0.00699	0.00291	0.00233	0.00612
1	0.06116	0.01164	0.08424	0.23940	0.31365	0.01087	0.01294	0.04010	0.01130	0.08382	0.00999	0.01242	0.00763	0.00477	0.00473	0.00149	0.00578	0.00420	0.00285	0.07702
2	0.01664	0.19294	0.04317	0.01123	0.01519	0.09002	0.03293	0.42973	0.08111	0.02346	0.01099	0.01136	0.00828	0.00550	0.00458	0.00141	0.00581	0.00408	0.00397	0.00763
3	0.01327	0.00772	0.01122	0.07980	0.08119	0.00716	0.05159	0.01541	0.01267	0.30113	0.12306	0.02717	0.23121	0.00809	0.00541	0.00160	0.00412	0.00699	0.00478	0.00642
4	0.01984	0.00905	0.01149	0.00919	0.01278	0.00861	0.00747	0.02485	0.20912	0.60085	0.01982	0.01738	0.01307	0.00632	0.00503	0.00158	0.00417	0.00517	0.00589	0.00833
5	0.00589	0.00505	0.00505	0.00505	0.00673	0.00421	0.00379	0.00715	0.01136	0.01347	0.05049	0.04797	0.79171	0.01262	0.00589	0.00168	0.00252	0.01052	0.00463	0.00421
6	0.01158	0.01180	0.01155	0.01177	0.07968	0.22171	0.00832	0.03454	0.04955	0.01309	0.01135	0.01586	0.01029	0.06640	0.34524	0.00445	0.07993	0.00471	0.00279	0.00540
7	0.01971	0.00794	0.01095	0.00872	0.01206	0.00714	0.00714	0.02161	0.01318	0.66050	0.01857	0.01742	0.01236	0.01160	0.14421	0.00267	0.00583	0.00507	0.00556	0.00778
8	0.00725	0.00483	0.00544	0.00544	0.00544	0.00483	0.00302	0.00725	0.00725	0.00966	0.01571	0.03262	0.01812	0.82483	0.02537	0.00483	0.00483	0.00725	0.00302	0.00302

[dist]
# distance from previous block
# <min> <max>
0	2

[block]
# block no. 4 follows, 50 sequences, length 30
# corresponding to MSA columns:
# 204-233
name=unknown_E
#
# <colnr> <probs for GDERKNQSTAVLIFYWHMCP>
#	G	D	E	R	K	N	Q	S	T	A	V	L	I	F	Y	W	H	M	C	P
0	0.02236	0.00848	0.01157	0.00887	0.01272	0.00733	0.00733	0.02429	0.01427	0.79719	0.01966	0.01697	0.01234	0.00617	0.00501	0.00154	0.00424	0.00501	0.00617	0.00848
1	0.01176	0.01345	0.02941	0.02101	0.02605	0.01261	0.77563	0.01597	0.01176	0.01597	0.01008	0.01345	0.00756	0.00420	0.00588	0.00168	0.00840	0.00588	0.00252	0.00672
2	0.00616	0.00464	0.00556	0.00623	0.00697	0.00421	0.00427	0.00711	0.00997	0.01273	0.03389	0.48093	0.27920	0.08891	0.00796	0.00218	0.00298	0.02761	0.00448	0.00402
3	0.08261	0.00990	0.01116	0.00940	0.01248	0.01050	0.00763	0.19473	0.22501	0.21319	0.07284	0.02087	0.03060	0.00721	0.00510	0.00164	0.00428	0.06831	0.00514	0.00740
4	0.01895	0.01396	0.01496	0.01147	0.01546	0.01546	0.00947	0.77711	0.02344	0.03141	0.01197	0.01197	0.00848	0.00598	0.00499	0.00150	0.00548	0.00449	0.00499	0.00848
5	0.01939	0.00864	0.01098	0.00880	0.01225	0.00813	0.00715	0.02377	0.16738	0.58366	0.01953	0.01741	0.01294	0.00626	0.00491	0.00154	0.00404	0.00511	0.07004	0.00807
6	0.01017	0.00570	0.00709	0.00674	0.00830	0.00532	0.00514	0.01232	0.03360	0.15758	0.20908	0.15567	0.10243	0.04706	0.00633	0.00179	0.00312	0.06676	0.15058	0.00523
7	0.01272	0.01074	0.01142	0.01020	0.01304	0.01234	0.00802	0.08520	0.68918	0.02142	0.01991	0.01979	0.01530	0.00702	0.00515	0.00170	0.00410	0.03995	0.00504	0.00779
8	0.00605	0.00503	0.00515	0.00514	0.00666	0.00428	0.00377	0.00726	0.01116	0.01346	0.08151	0.04626	0.69649	0.07684	0.00743	0.00193	0.00270	0.01019	0.00454	0.00414
9	0.00651	0.00503	0.00588	0.00574	0.00705	0.00446	0.00424	0.00824	0.01246	0.01645	0.40617	0.07744	0.36994	0.04027	0.00659	0.00175	0.00254	0.00984	0.00499	0.00440
10	0.00691	0.00482	0.00606	0.00640	0.00722	0.00442	0.00446	0.00819	0.01099	0.03812	0.23672	0.39922	0.14843	0.08487	0.00780	0.00208	0.00290	0.01134	0.00476	0.00429
11	0.77957	0.01005	0.00806	0.00702	0.01020	0.01159	0.00579	0.08759	0.00991	0.02323	0.00742	0.00847	0.00569	0.00476	0.00327	0.00154	0.00401	0.00287	0.00327	0.00569
12	0.01356	0.01576	0.01751	0.01434	0.01698	0.32860	0.22761	0.01576	0.01156	0.01321	0.00957	0.01331	0.00825	0.01071	0.13469	0.00262	0.11558	0.02206	0.00257	0.00576
13	0.00713	0.00531	0.00788	0.00788	0.00872	0.00616	0.00607	0.00882	0.00797	0.01147	0.01347	0.02025	0.01275	0.07760	0.76525	0.00785	0.01292	0.00544	0.00269	0.00438
14	0.55553	0.00862	0.00794	0.00692	0.00983	0.00931	0.00561	0.01545	0.01031	0.16952	0.09278	0.03848	0.04011	0.00611	0.00394	0.00156	0.00370	0.00442	0.00402	0.00583
15	0.00724	0.00487	0.00564	0.00564	0.00571	0.00494	0.00327	0.00738	0.00731	0.00982	0.01552	0.03159	0.01767	0.76246	0.08712	0.00508	0.00551	0.00710	0.00299	0.00313
16	0.00721	0.00499	0.00622	0.00622	0.00649	0.00526	0.00399	0.00775	0.00748	0.01024	0.01499	0.02867	0.01641	0.58644	0.26141	0.00579	0.00741	0.00667	0.00291	0.00345
17	0.00928	0.00687	0.00904	0.00858	0.00973	0.03530	0.00673	0.01087	0.00922	0.08710	0.01719	0.08245	0.07509	0.02575	0.46641	0.00539	0.10749	0.01927	0.00328	0.00496
18	0.00698	0.00492	0.00616	0.00629	0.00671	0.00503	0.00416	0.00773	0.00835	0.01132	0.06148	0.13430	0.06352	0.43411	0.21264	0.00489	0.00641	0.00797	0.00337	0.00367
19	0.00712	0.00534	0.00801	0.00801	0.00890	0.00623	0.00623	0.00890	0.00801	0.01157	0.01335	0.01958	0.01246	0.03738	0.80507	0.00801	0.01335	0.00534	0.00267	0.00445
20	0.00615	0.00514	0.00539	0.00553	0.00703	0.00448	0.00407	0.00781	0.03886	0.01361	0.04577	0.16910	0.64397	0.01289	0.00594	0.00174	0.00263	0.01092	0.00464	0.00431
21	0.04929	0.01202	0.01482	0.14303	0.29376	0.13558	0.01100	0.01481	0.01133	0.03437	0.04470	0.01271	0.00917	0.00512	0.00495	0.02200	0.00576	0.00410	0.00278	0.16868
22	0.14531	0.00990	0.01430	0.34142	0.21807	0.01118	0.01165	0.09092	0.01145	0.01725	0.01011	0.04906	0.00836	0.00540	0.00468	0.00158	0.00558	0.00462	0.03284	0.00631
23	0.00648	0.00455	0.00562	0.00631	0.00657	0.00433	0.00402	0.00706	0.00882	0.01168	0.02445	0.50409	0.06522	0.30188	0.01307	0.00300	0.00356	0.01154	0.00406	0.00369
24	0.01397	0.01603	0.05053	0.01729	0.24806	0.33695	0.03124	0.01624	0.02756	0.03310	0.01226	0.15005	0.01176	0.00674	0.00502	0.00151	0.00672	0.00565	0.00301	0.00632
25	0.01166	0.19777	0.10702	0.18029	0.05803	0.05134	0.11638	0.04179	0.03143	0.03415	0.01274	0.05439	0.05741	0.00585	0.00496	0.00151	0.01917	0.00500	0.00280	0.00631
26	0.02981	0.00675	0.00826	0.00788	0.00882	0.03928	0.02110	0.01056	0.06960	0.01209	0.01405	0.02269	0.01386	0.28670	0.40220	0.00578	0.02737	0.00582	0.00297	0.00441
27	0.03254	0.01009	0.01613	0.29079	0.33051	0.01092	0.03192	0.07398	0.01214	0.01691	0.11311	0.01586	0.01264	0.00551	0.00506	0.00156	0.00567	0.00504	0.00300	0.00662
28	0.03243	0.07167	0.11958	0.05499	0.12628	0.11644	0.09144	0.01679	0.05867	0.12824	0.01354	0.10626	0.01167	0.00645	0.00502	0.00157	0.00599	0.02286	0.00341	0.00670
29	0.01211	0.12796	0.18482	0.10743	0.04917	0.03297	0.20210	0.05052	0.04702	0.05326	0.05375	0.01349	0.00981	0.00520	0.00527	0.00155	0.02922	0.00470	0.00290	0.00676

[dist]
# distance from previous block
# <min> <max>
0	26

[block]
# block no. 5 follows, 50 sequences, length 21
# corresponding to MSA columns:
# 260-280
name=unknown_F
#
# <colnr> <probs for GDERKNQSTAVLIFYWHMCP>
#	G	D	E	R	K	N	Q	S	T	A	V	L	I	F	Y	W	H	M	C	P
0	0.07745	0.19500	0.43039	0.01295	0.05853	0.06357	0.01395	0.01596	0.01061	0.04402	0.00863	0.01004	0.00658	0.00480	0.00460	0.00146	0.02869	0.00347	0.00239	0.00692
1	0.01480	0.10648	0.01550	0.01185	0.01404	0.34641	0.00956	0.05792	0.01176	0.01352	0.00759	0.00978	0.00666	0.00610	0.00810	0.00151	0.26642	0.00357	0.00257	0.08585
2	0.04152	0.08326	0.00971	0.00902	0.01053	0.00726	0.00798	0.01093	0.01123	0.01490	0.02381	0.04982	0.02569	0.01252	0.00639	0.00215	0.00463	0.65956	0.00430	0.00479
3	0.01366	0.55701	0.08122	0.01155	0.05395	0.12806	0.06475	0.01578	0.01089	0.01262	0.00754	0.00893	0.00655	0.00443	0.00377	0.00120	0.00624	0.00314	0.00224	0.00648
4	0.01263	0.75039	0.02414	0.00820	0.01222	0.01826	0.00808	0.01419	0.01024	0.01189	0.01103	0.01176	0.08031	0.00505	0.00345	0.00112	0.00507	0.00340	0.00237	0.00619
5	0.00712	0.00485	0.00540	0.00540	0.00556	0.00477	0.00309	0.00724	0.00764	0.01002	0.01898	0.03406	0.09093	0.74838	0.02354	0.00454	0.00462	0.00756	0.00317	0.00313
6	0.01032	0.00976	0.05239	0.00775	0.01233	0.00691	0.00657	0.01272	0.01035	0.01622	0.00886	0.01035	0.00733	0.00375	0.00375	0.00078	0.00389	0.00299	0.00291	0.81008
7	0.00715	0.00482	0.00544	0.00548	0.00556	0.00478	0.00311	0.00723	0.00749	0.00993	0.01746	0.06481	0.04733	0.76235	0.02389	0.00460	0.00467	0.00765	0.00314	0.00311
8	0.01250	0.02972	0.01415	0.03371	0.20362	0.10691	0.03912	0.03153	0.24715	0.04308	0.12679	0.01988	0.01679	0.00664	0.00517	0.00158	0.00514	0.04565	0.00397	0.00690
9	0.06025	0.01344	0.01699	0.08874	0.25481	0.08785	0.05939	0.29794	0.01575	0.02139	0.00998	0.01178	0.00767	0.00523	0.00517	0.00152	0.02692	0.00434	0.00342	0.00743
10	0.00620	0.00472	0.00570	0.00618	0.00710	0.00423	0.00436	0.00748	0.01102	0.01436	0.18076	0.41193	0.29080	0.01358	0.00611	0.00182	0.00267	0.01196	0.00479	0.00423
11	0.01369	0.01232	0.01562	0.07197	0.21283	0.06644	0.04091	0.20665	0.14392	0.01998	0.04265	0.01497	0.03172	0.00611	0.00605	0.00160	0.07669	0.00496	0.00367	0.00725
12	0.01209	0.37177	0.18207	0.01419	0.01936	0.01551	0.28881	0.01548	0.01080	0.01408	0.00848	0.01048	0.00680	0.00434	0.00448	0.00139	0.00685	0.00404	0.00227	0.00671
13	0.00734	0.00508	0.00642	0.00702	0.00747	0.00503	0.00507	0.00830	0.00913	0.01203	0.02140	0.16619	0.02426	0.40603	0.01574	0.00348	0.00444	0.27799	0.00384	0.00375
14	0.00619	0.00444	0.00576	0.00671	0.00709	0.00414	0.00447	0.00708	0.00966	0.01285	0.06018	0.69351	0.06997	0.07326	0.00768	0.00219	0.00299	0.01327	0.00455	0.00401
15	0.01034	0.00886	0.01034	0.00738	0.01181	0.00664	0.00591	0.01255	0.01034	0.01624	0.00886	0.01034	0.00738	0.00369	0.00369	0.00074	0.00369	0.00295	0.00295	0.85530
16	0.75544	0.00935	0.00770	0.00750	0.04489	0.01070	0.00570	0.01445	0.00877	0.02179	0.00778	0.00910	0.00609	0.00471	0.00320	0.00151	0.00383	0.00293	0.06911	0.00545
17	0.00707	0.00508	0.00644	0.00619	0.00720	0.00474	0.00452	0.00898	0.01275	0.01778	0.59895	0.03771	0.07529	0.14513	0.00914	0.00214	0.00286	0.03862	0.00500	0.00440
18	0.00704	0.00506	0.00687	0.00797	0.00875	0.00489	0.00628	0.00863	0.01058	0.01384	0.02791	0.40851	0.06304	0.01457	0.00660	0.00214	0.00372	0.38464	0.00461	0.00432
19	0.01065	0.00984	0.05801	0.01251	0.16755	0.00848	0.00829	0.09265	0.03650	0.01642	0.01354	0.09043	0.03011	0.15063	0.00831	0.00191	0.00465	0.00551	0.00329	0.27071
20	0.01657	0.04290	0.01469	0.01374	0.08626	0.56383	0.03440	0.03407	0.02737	0.01384	0.00885	0.01035	0.00726	0.00504	0.00446	0.00129	0.00774	0.00355	0.05924	0.04456

[dist]
# distance from previous block
# <min> <max>
0	3

[block]
# block no. 6 follows, 50 sequences, length 135
# corresponding to MSA columns:
# 284-372,380-425
name=unknown_G
#
# <colnr> <probs for GDERKNQSTAVLIFYWHMCP>
#	G	D	E	R	K	N	Q	S	T	A	V	L	I	F	Y	W	H	M	C	P
