[name]
unknown

[dist]
# distance from previous block
# <min> <max>
0	53

[block]
# block no. 0 follows, 46 sequences, length 36
# corresponding to MSA columns:
# 53-88
name=unknown_A
#
# <colnr> <probs for GDERKNQSTAVLIFYWHMCP>
#	G	D	E	R	K	N	Q	S	T	A	V	L	I	F	Y	W	H	M	C	P
0	0.00852	0.00608	0.00852	0.00974	0.01095	0.00608	0.00852	0.01095	0.01217	0.01582	0.02799	0.05963	0.03042	0.01460	0.00730	0.00243	0.00487	0.74565	0.00487	0.00487
1	0.01985	0.01468	0.01572	0.01211	0.01630	0.01628	0.00999	0.73707	0.05180	0.03291	0.01301	0.01295	0.00925	0.00638	0.00529	0.00159	0.00576	0.00480	0.00529	0.00897
2	0.28621	0.00939	0.01084	0.00863	0.01246	0.00907	0.00712	0.02252	0.01319	0.54354	0.01658	0.01501	0.01075	0.00602	0.00467	0.00164	0.00437	0.00454	0.00551	0.00796
3	0.02010	0.01481	0.01587	0.01216	0.01639	0.01639	0.01005	0.76360	0.02486	0.03332	0.01269	0.01269	0.00899	0.00635	0.00529	0.00159	0.00582	0.00476	0.00529	0.00899
4	0.85155	0.01022	0.00777	0.00695	0.01022	0.01186	0.00573	0.01554	0.00900	0.02372	0.00736	0.00859	0.00573	0.00491	0.00327	0.00164	0.00409	0.00286	0.00327	0.00573
5	0.01308	0.01256	0.02146	0.03245	0.78123	0.01256	0.01622	0.01622	0.01204	0.01727	0.00994	0.01308	0.00837	0.00471	0.00523	0.00157	0.00628	0.00471	0.00262	0.00837
6	0.28373	0.01335	0.01330	0.01051	0.01444	0.01496	0.00868	0.52641	0.01983	0.03027	0.01100	0.01139	0.00796	0.00589	0.00465	0.00160	0.00527	0.00416	0.00465	0.00796
7	0.00644	0.00460	0.00613	0.00736	0.00767	0.00429	0.00491	0.00736	0.01012	0.01350	0.02914	0.81076	0.03497	0.01656	0.00675	0.00215	0.00307	0.01503	0.00491	0.00429
8	0.00644	0.00460	0.00613	0.00736	0.00767	0.00429	0.00491	0.00736	0.01012	0.01350	0.02914	0.81076	0.03497	0.01656	0.00675	0.00215	0.00307	0.01503	0.00491	0.00429
9	0.85155	0.01022	0.00777	0.00695	0.01022	0.01186	0.00573	0.01554	0.00900	0.02372	0.00736	0.00859	0.00573	0.00491	0.00327	0.00164	0.00409	0.00286	0.00327	0.00573
10	0.00644	0.00460	0.00613	0.00736	0.00767	0.00429	0.00491	0.00736	0.01012	0.01350	0.02914	0.81076	0.03497	0.01656	0.00675	0.00215	0.00307	0.01503	0.00491	0.00429
11	0.00918	0.00459	0.00689	0.00689	0.00689	0.00459	0.00459	0.00689	0.00689	0.00918	0.00918	0.01607	0.00918	0.01837	0.02066	0.84619	0.00459	0.00459	0.00230	0.00230
12	0.00644	0.00460	0.00613	0.00736	0.00767	0.00429	0.00491	0.00736	0.01012	0.01350	0.02914	0.81076	0.03497	0.01656	0.00675	0.00215	0.00307	0.01503	0.00491	0.00429
13	0.00755	0.00566	0.00850	0.00850	0.00944	0.00661	0.00661	0.00944	0.00850	0.01227	0.01416	0.02077	0.01322	0.03965	0.79326	0.00850	0.01416	0.00566	0.00283	0.00472
14	0.01041	0.00998	0.01595	0.59035	0.03037	0.01294	0.01385	0.01330	0.00991	0.01330	0.00874	0.01342	0.00702	0.00635	0.00852	0.00191	0.22085	0.00468	0.00234	0.00585
15	0.02010	0.01481	0.01587	0.01216	0.01639	0.01639	0.01005	0.76360	0.02486	0.03332	0.01269	0.01269	0.00899	0.00635	0.00529	0.00159	0.00582	0.00476	0.00529	0.00899
16	0.85155	0.01022	0.00777	0.00695	0.01022	0.01186	0.00573	0.01554	0.00900	0.02372	0.00736	0.00859	0.00573	0.00491	0.00327	0.00164	0.00409	0.00286	0.00327	0.00573
17	0.01138	0.20156	0.61942	0.01374	0.02083	0.01418	0.01722	0.01654	0.01107	0.01579	0.00902	0.01057	0.00672	0.00491	0.00466	0.00155	0.00734	0.00367	0.00224	0.00759
18	0.01271	0.01428	0.03072	0.02197	0.02728	0.01346	0.73880	0.04000	0.01286	0.01744	0.01076	0.01421	0.00805	0.00451	0.00621	0.00178	0.00882	0.00619	0.00275	0.00719
19	0.01060	0.02735	0.78682	0.01507	0.02288	0.01228	0.01953	0.01674	0.01116	0.01674	0.00949	0.01116	0.00670	0.00502	0.00502	0.00167	0.00781	0.00391	0.00223	0.00781
20	0.00918	0.00459	0.00689	0.00689	0.00689	0.00459	0.00459	0.00689	0.00689	0.00918	0.00918	0.01607	0.00918	0.01837	0.02066	0.84619	0.00459	0.00459	0.00230	0.00230
21	0.02297	0.00950	0.01249	0.00965	0.01370	0.00860	0.00795	0.07529	0.05178	0.69826	0.02034	0.01772	0.01296	0.00656	0.00532	0.00164	0.00457	0.00531	0.00640	0.00897
22	0.00741	0.00538	0.00698	0.00663	0.00787	0.00495	0.00495	0.00981	0.01471	0.02073	0.73069	0.06518	0.07267	0.01108	0.00625	0.00168	0.00252	0.00979	0.00576	0.00495
23	0.01308	0.01256	0.02146	0.03245	0.78123	0.01256	0.01622	0.01622	0.01204	0.01727	0.00994	0.01308	0.00837	0.00471	0.00523	0.00157	0.00628	0.00471	0.00262	0.00837
24	0.01174	0.01944	0.33020	0.01943	0.02575	0.01294	0.46822	0.01686	0.01196	0.01686	0.01022	0.01303	0.00750	0.00468	0.00576	0.00174	0.00848	0.00532	0.00250	0.00740
25	0.85155	0.01022	0.00777	0.00695	0.01022	0.01186	0.00573	0.01554	0.00900	0.02372	0.00736	0.00859	0.00573	0.00491	0.00327	0.00164	0.00409	0.00286	0.00327	0.00573
26	0.02010	0.01481	0.01587	0.01216	0.01639	0.01639	0.01005	0.76360	0.02486	0.03332	0.01269	0.01269	0.00899	0.00635	0.00529	0.00159	0.00582	0.00476	0.00529	0.00899
27	0.01096	0.00940	0.01096	0.00783	0.01253	0.00705	0.00626	0.01331	0.01096	0.01723	0.00940	0.01096	0.00783	0.00392	0.00392	0.00078	0.00392	0.00313	0.00313	0.84653
28	0.00642	0.00467	0.00606	0.00717	0.00762	0.00431	0.00482	0.00738	0.01030	0.01357	0.03143	0.73936	0.10489	0.01626	0.00670	0.00211	0.00303	0.01467	0.00491	0.00431
29	0.01157	0.01157	0.01619	0.01388	0.01388	0.01619	0.01157	0.01272	0.00810	0.01272	0.00694	0.01157	0.00694	0.00925	0.01735	0.00231	0.80453	0.00463	0.00231	0.00578
30	0.05208	0.01294	0.02041	0.20748	0.16815	0.07876	0.23624	0.01742	0.08594	0.03373	0.01154	0.01496	0.00905	0.00534	0.00548	0.00171	0.00715	0.02160	0.00302	0.00702
31	0.00879	0.00762	0.01138	0.23601	0.01810	0.00756	0.05090	0.01099	0.01065	0.01455	0.01904	0.32977	0.04915	0.00972	0.00565	0.00170	0.00471	0.00878	0.00365	0.19128
32	0.01276	0.03658	0.01925	0.13356	0.52951	0.04600	0.01437	0.03404	0.01210	0.01666	0.01055	0.04585	0.00916	0.00530	0.00516	0.00156	0.00623	0.00494	0.00276	0.05366
33	0.01328	0.10574	0.26852	0.02176	0.35488	0.05018	0.01573	0.07729	0.01279	0.01767	0.00965	0.01176	0.00764	0.00496	0.00495	0.00155	0.00682	0.00419	0.00268	0.00796
34	0.01074	0.19947	0.12347	0.01260	0.14051	0.01130	0.00936	0.03226	0.01026	0.01371	0.01319	0.08004	0.01366	0.29363	0.01260	0.00279	0.00568	0.00600	0.00293	0.00579
35	0.03396	0.06344	0.01342	0.05395	0.05009	0.01096	0.00856	0.11901	0.12457	0.25351	0.04317	0.02013	0.10037	0.00721	0.00573	0.00163	0.03803	0.00574	0.00492	0.04161

[dist]
# distance from previous block
# <min> <max>
7	60

[block]
# block no. 1 follows, 46 sequences, length 43
# corresponding to MSA columns:
# 163-205
name=unknown_B
#
# <colnr> <probs for GDERKNQSTAVLIFYWHMCP>
#	G	D	E	R	K	N	Q	S	T	A	V	L	I	F	Y	W	H	M	C	P
0	0.03253	0.01608	0.15220	0.07452	0.02182	0.08902	0.27100	0.09434	0.01337	0.03762	0.01183	0.01402	0.03205	0.00603	0.02398	0.00175	0.00752	0.00501	0.00308	0.09223
1	0.03274	0.03173	0.01347	0.14652	0.01663	0.05191	0.00971	0.07864	0.03120	0.09508	0.03170	0.06841	0.04654	0.00919	0.03831	0.00209	0.23204	0.00572	0.03297	0.02542
2	0.01582	0.01230	0.01302	0.01049	0.01389	0.04793	0.00848	0.40782	0.07463	0.04507	0.09906	0.02014	0.07902	0.00748	0.00569	0.00158	0.02608	0.02208	0.00495	0.08446
3	0.24744	0.00978	0.01042	0.04922	0.01306	0.00951	0.00685	0.04576	0.05677	0.01988	0.02806	0.01205	0.00891	0.00494	0.00434	0.00124	0.02450	0.00363	0.03242	0.41122
4	0.55232	0.01081	0.00963	0.00816	0.01144	0.01221	0.00668	0.19979	0.01348	0.02577	0.07412	0.01251	0.01047	0.00579	0.00403	0.00162	0.00434	0.00395	0.02643	0.00645
5	0.01297	0.55737	0.27754	0.01103	0.01663	0.01807	0.01250	0.01613	0.01088	0.01385	0.00805	0.00936	0.00676	0.00469	0.00393	0.00131	0.00636	0.00318	0.00225	0.00712
6	0.01026	0.00968	0.01636	0.73258	0.10316	0.01182	0.01482	0.01375	0.01070	0.01384	0.00945	0.01400	0.00717	0.00523	0.00528	0.00174	0.00698	0.00470	0.00237	0.00610
7	0.00996	0.00842	0.00899	0.00831	0.01062	0.00897	0.00639	0.01840	0.39893	0.01937	0.15329	0.03321	0.27426	0.00981	0.00580	0.00177	0.00341	0.00827	0.00529	0.00653
8	0.02010	0.01481	0.01587	0.01216	0.01639	0.01639	0.01005	0.76360	0.02486	0.03332	0.01269	0.01269	0.00899	0.00635	0.00529	0.00159	0.00582	0.00476	0.00529	0.00899
9	0.00625	0.00536	0.00536	0.00536	0.00714	0.00446	0.00402	0.00759	0.01205	0.01428	0.05355	0.05088	0.77909	0.01339	0.00625	0.00179	0.00268	0.01116	0.00491	0.00446
10	0.00626	0.00529	0.00542	0.00553	0.00719	0.00445	0.00409	0.00757	0.01188	0.01421	0.05143	0.11711	0.71423	0.01367	0.00629	0.00182	0.00271	0.01149	0.00491	0.00445
11	0.00769	0.00513	0.00577	0.00577	0.00577	0.00513	0.00320	0.00769	0.00769	0.01025	0.01666	0.03460	0.01922	0.81421	0.02691	0.00513	0.00513	0.00769	0.00320	0.00320
12	0.01334	0.01145	0.01206	0.01080	0.01382	0.01324	0.00841	0.04852	0.75094	0.02243	0.02127	0.01953	0.01594	0.00715	0.00538	0.00179	0.00423	0.00594	0.00538	0.00838
13	0.00644	0.00460	0.00613	0.00736	0.00767	0.00429	0.00491	0.00736	0.01012	0.01350	0.02914	0.81076	0.03497	0.01656	0.00675	0.00215	0.00307	0.01503	0.00491	0.00429
14	0.01258	0.01226	0.01985	0.21946	0.57064	0.04173	0.01562	0.01575	0.01179	0.01619	0.00974	0.01320	0.00799	0.00488	0.00523	0.00161	0.00659	0.00466	0.00256	0.00768
15	0.01863	0.02334	0.01515	0.01365	0.01601	0.68727	0.01040	0.01997	0.01404	0.01291	0.00800	0.00981	0.00683	0.00597	0.00648	0.00149	0.11773	0.00357	0.00267	0.00608
16	0.01248	0.01426	0.03119	0.02228	0.02763	0.01337	0.76203	0.01693	0.01248	0.01693	0.01070	0.01426	0.00802	0.00446	0.00624	0.00178	0.00891	0.00624	0.00267	0.00713
17	0.00719	0.00539	0.00667	0.00635	0.00772	0.00487	0.00476	0.00942	0.01429	0.01959	0.60950	0.04214	0.21984	0.01141	0.00624	0.00169	0.00254	0.00993	0.00561	0.00487
18	0.85155	0.01022	0.00777	0.00695	0.01022	0.01186	0.00573	0.01554	0.00900	0.02372	0.00736	0.00859	0.00573	0.00491	0.00327	0.00164	0.00409	0.00286	0.00327	0.00573
19	0.33021	0.01741	0.01193	0.01056	0.01368	0.39508	0.00821	0.01967	0.01277	0.12202	0.00960	0.01033	0.00726	0.00540	0.00428	0.00150	0.00682	0.00346	0.00345	0.00637
20	0.00644	0.00460	0.00613	0.00736	0.00767	0.00429	0.00491	0.00736	0.01012	0.01350	0.02914	0.81076	0.03497	0.01656	0.00675	0.00215	0.00307	0.01503	0.00491	0.00429
21	0.02372	0.00900	0.01227	0.00941	0.01350	0.00777	0.00777	0.02576	0.01513	0.78489	0.02086	0.01799	0.01309	0.00654	0.00532	0.00164	0.00450	0.00532	0.00654	0.00900
22	0.07261	0.01040	0.01527	0.60642	0.03103	0.01256	0.01323	0.14443	0.01295	0.01770	0.00982	0.01345	0.00729	0.00544	0.00514	0.00172	0.00662	0.00458	0.00293	0.00641
23	0.02372	0.00900	0.01227	0.00941	0.01350	0.00777	0.00777	0.02576	0.01513	0.78489	0.02086	0.01799	0.01309	0.00654	0.00532	0.00164	0.00450	0.00532	0.00654	0.00900
24	0.00644	0.00460	0.00613	0.00736	0.00767	0.00429	0.00491	0.00736	0.01012	0.01350	0.02914	0.81076	0.03497	0.01656	0.00675	0.00215	0.00307	0.01503	0.00491	0.00429
25	0.01186	0.01306	0.02741	0.21449	0.02980	0.01297	0.57769	0.01609	0.01201	0.01609	0.01037	0.01422	0.00778	0.00466	0.00600	0.00178	0.00845	0.00586	0.00259	0.00682
26	0.00748	0.00540	0.00707	0.00665	0.00790	0.00499	0.00499	0.00998	0.01496	0.02120	0.77844	0.03949	0.04988	0.01081	0.00624	0.00166	0.00249	0.00956	0.00582	0.00499
27	0.00769	0.00513	0.00577	0.00577	0.00577	0.00513	0.00320	0.00769	0.00769	0.01025	0.01666	0.03460	0.01922	0.81421	0.02691	0.00513	0.00513	0.00769	0.00320	0.00320
28	0.01248	0.01426	0.03119	0.02228	0.02763	0.01337	0.76203	0.01693	0.01248	0.01693	0.01070	0.01426	0.00802	0.00446	0.00624	0.00178	0.00891	0.00624	0.00267	0.00713
29	0.01060	0.02735	0.78682	0.01507	0.02288	0.01228	0.01953	0.01674	0.01116	0.01674	0.00949	0.01116	0.00670	0.00502	0.00502	0.00167	0.00781	0.00391	0.00223	0.00781
30	0.00652	0.00465	0.00622	0.00745	0.00779	0.00436	0.00504	0.00749	0.01020	0.01358	0.02910	0.78349	0.03480	0.01649	0.00677	0.00216	0.00313	0.04155	0.00491	0.00431
31	0.85155	0.01022	0.00777	0.00695	0.01022	0.01186	0.00573	0.01554	0.00900	0.02372	0.00736	0.00859	0.00573	0.00491	0.00327	0.00164	0.00409	0.00286	0.00327	0.00573
32	0.00625	0.00536	0.00536	0.00536	0.00714	0.00446	0.00402	0.00759	0.01205	0.01428	0.05355	0.05088	0.77909	0.01339	0.00625	0.00179	0.00268	0.01116	0.00491	0.00446
33	0.01975	0.02520	0.01498	0.01362	0.01634	0.79299	0.01021	0.02111	0.01498	0.01294	0.00817	0.00953	0.00681	0.00545	0.00477	0.00136	0.00953	0.00340	0.00272	0.00613
34	0.00748	0.00540	0.00707	0.00665	0.00790	0.00499	0.00499	0.00998	0.01496	0.02120	0.77844	0.03949	0.04988	0.01081	0.00624	0.00166	0.00249	0.00956	0.00582	0.00499
35	0.00653	0.00466	0.00623	0.00746	0.00780	0.00437	0.00506	0.00751	0.01021	0.01359	0.02909	0.77968	0.03478	0.01648	0.00677	0.00216	0.00314	0.04526	0.00491	0.00432
36	0.01157	0.01157	0.01619	0.01388	0.01388	0.01619	0.01157	0.01272	0.00810	0.01272	0.00694	0.01157	0.00694	0.00925	0.01735	0.00231	0.80453	0.00463	0.00231	0.00578
37	0.00672	0.00497	0.00628	0.00680	0.00765	0.00453	0.00478	0.00818	0.01190	0.01593	0.25713	0.44942	0.16771	0.01430	0.00651	0.00194	0.00283	0.01273	0.00518	0.00453
38	0.01060	0.02735	0.78682	0.01507	0.02288	0.01228	0.01953	0.01674	0.01116	0.01674	0.00949	0.01116	0.00670	0.00502	0.00502	0.00167	0.00781	0.00391	0.00223	0.00781
39	0.00644	0.00460	0.00613	0.00736	0.00767	0.00429	0.00491	0.00736	0.01012	0.01350	0.02914	0.81076	0.03497	0.01656	0.00675	0.00215	0.00307	0.01503	0.00491	0.00429
40	0.01821	0.01735	0.01677	0.04078	0.01765	0.24792	0.06601	0.38449	0.01880	0.02324	0.01050	0.01180	0.00799	0.00620	0.00643	0.00161	0.08832	0.00445	0.00393	0.00756
41	0.01348	0.01260	0.01503	0.01625	0.24291	0.09489	0.01005	0.09123	0.01313	0.01841	0.00976	0.01162	0.00800	0.00457	0.00454	0.00116	0.00542	0.00380	0.00315	0.41999
42	0.06704	0.01021	0.06481	0.01038	0.03989	0.00965	0.00814	0.23565	0.04341	0.02102	0.03916	0.37115	0.02191	0.01097	0.00585	0.00187	0.00447	0.02339	0.00468	0.00637

[dist]
# distance from previous block
# <min> <max>
4	25

[block]
# block no. 2 follows, 46 sequences, length 33
# corresponding to MSA columns:
# 231-263
name=unknown_C
#
# <colnr> <probs for GDERKNQSTAVLIFYWHMCP>
#	G	D	E	R	K	N	Q	S	T	A	V	L	I	F	Y	W	H	M	C	P
0	0.01366	0.01396	0.06468	0.01788	0.02236	0.01331	0.44541	0.09592	0.07183	0.06525	0.01306	0.01529	0.02943	0.00573	0.00706	0.00180	0.08675	0.00586	0.00339	0.00737
1	0.02372	0.00900	0.01227	0.00941	0.01350	0.00777	0.00777	0.02576	0.01513	0.78489	0.02086	0.01799	0.01309	0.00654	0.00532	0.00164	0.00450	0.00532	0.00654	0.00900
2	0.01392	0.76935	0.07387	0.00941	0.01413	0.02039	0.00968	0.01589	0.01077	0.01270	0.00748	0.00864	0.00678	0.00455	0.00349	0.00116	0.00578	0.00289	0.00226	0.00685
3	0.00748	0.00540	0.00707	0.00665	0.00790	0.00499	0.00499	0.00998	0.01496	0.02120	0.77844	0.03949	0.04988	0.01081	0.00624	0.00166	0.00249	0.00956	0.00582	0.00499
4	0.00657	0.00467	0.00616	0.00723	0.00756	0.00438	0.00481	0.00751	0.01022	0.01369	0.06621	0.72462	0.03476	0.06478	0.00795	0.00230	0.00316	0.01431	0.00485	0.00426
5	0.00748	0.00540	0.00707	0.00665	0.00790	0.00499	0.00499	0.00998	0.01496	0.02120	0.77844	0.03949	0.04988	0.01081	0.00624	0.00166	0.00249	0.00956	0.00582	0.00499
6	0.01413	0.81739	0.02770	0.00905	0.01357	0.02092	0.00905	0.01583	0.01074	0.01244	0.00735	0.00848	0.00678	0.00452	0.00339	0.00113	0.00565	0.00283	0.00226	0.00678
7	0.00710	0.00539	0.00653	0.00625	0.00766	0.00482	0.00469	0.00923	0.01406	0.01905	0.55281	0.04303	0.27685	0.01161	0.00624	0.00170	0.00255	0.01006	0.00554	0.00482
8	0.01060	0.02735	0.78682	0.01507	0.02288	0.01228	0.01953	0.01674	0.01116	0.01674	0.00949	0.01116	0.00670	0.00502	0.00502	0.00167	0.00781	0.00391	0.00223	0.00781
9	0.00985	0.00493	0.00493	0.00493	0.00616	0.00493	0.00370	0.01232	0.01109	0.01971	0.01725	0.01971	0.01355	0.00616	0.00370	0.00123	0.00246	0.00493	0.84356	0.00493
10	0.01413	0.81739	0.02770	0.00905	0.01357	0.02092	0.00905	0.01583	0.01074	0.01244	0.00735	0.00848	0.00678	0.00452	0.00339	0.00113	0.00565	0.00283	0.00226	0.00678
11	0.01750	0.01023	0.01295	0.00972	0.01406	0.00909	0.03594	0.12014	0.04596	0.33021	0.01503	0.01453	0.01046	0.00546	0.00481	0.00132	0.00461	0.00447	0.00488	0.32864
12	0.01385	0.01441	0.01733	0.33555	0.25342	0.19611	0.01380	0.06392	0.01296	0.01576	0.00948	0.01263	0.00751	0.00522	0.00515	0.00160	0.00732	0.00440	0.00270	0.00688
13	0.01097	0.01087	0.01603	0.59724	0.05463	0.06287	0.01393	0.01395	0.01049	0.01346	0.00893	0.01335	0.00706	0.00593	0.00723	0.00182	0.13830	0.00460	0.00238	0.00595
14	0.00657	0.00470	0.00629	0.00751	0.00788	0.00441	0.00514	0.00759	0.01025	0.01364	0.02906	0.76288	0.03468	0.01644	0.00678	0.00217	0.00318	0.06160	0.00490	0.00433
15	0.01316	0.59907	0.23747	0.01071	0.01614	0.01853	0.01194	0.01608	0.01086	0.01363	0.00794	0.00922	0.00676	0.00466	0.00384	0.00128	0.00625	0.00313	0.00225	0.00707
16	0.01245	0.01378	0.02850	0.02260	0.11429	0.01357	0.59711	0.01641	0.01197	0.01654	0.01022	0.01384	0.00795	0.00498	0.00727	0.00181	0.09103	0.00589	0.00263	0.00714
17	0.00742	0.00535	0.00701	0.00670	0.00788	0.00494	0.00498	0.00981	0.01465	0.02070	0.73013	0.08922	0.04892	0.01118	0.00627	0.00169	0.00253	0.00991	0.00576	0.00494
18	0.00685	0.00497	0.00647	0.00695	0.00773	0.00459	0.00489	0.00844	0.01221	0.01669	0.33620	0.45001	0.08630	0.01402	0.00651	0.00193	0.00281	0.01256	0.00528	0.00459
19	0.01135	0.01118	0.02014	0.43674	0.26153	0.01227	0.14060	0.01491	0.01134	0.01523	0.00978	0.01381	0.00761	0.00497	0.00543	0.00171	0.00713	0.00496	0.00249	0.00684
20	0.00805	0.00587	0.00828	0.05183	0.01146	0.00592	0.00789	0.01014	0.01154	0.01508	0.02729	0.25618	0.03037	0.01462	0.00705	0.00232	0.00451	0.51209	0.00474	0.00477
21	0.00644	0.00460	0.00613	0.00736	0.00767	0.00429	0.00491	0.00736	0.01012	0.01350	0.02914	0.81076	0.03497	0.01656	0.00675	0.00215	0.00307	0.01503	0.00491	0.00429
22	0.01623	0.01853	0.01840	0.02356	0.42014	0.38098	0.01339	0.01853	0.01343	0.01523	0.00911	0.01141	0.00764	0.00506	0.00501	0.00147	0.00782	0.00409	0.00267	0.00731
23	0.00998	0.00940	0.01586	0.80150	0.03641	0.01175	0.01468	0.01351	0.01057	0.01351	0.00940	0.01409	0.00705	0.00529	0.00529	0.00176	0.00705	0.00470	0.00235	0.00587
24	0.01060	0.02735	0.78682	0.01507	0.02288	0.01228	0.01953	0.01674	0.01116	0.01674	0.00949	0.01116	0.00670	0.00502	0.00502	0.00167	0.00781	0.00391	0.00223	0.00781
25	0.00748	0.00540	0.00707	0.00665	0.00790	0.00499	0.00499	0.00998	0.01496	0.02120	0.77844	0.03949	0.04988	0.01081	0.00624	0.00166	0.00249	0.00956	0.00582	0.00499
26	0.01548	0.01180	0.02228	0.01653	0.02060	0.01156	0.39869	0.01866	0.01253	0.24979	0.01358	0.01550	0.00977	0.00788	0.05739	0.00223	0.09879	0.00574	0.00382	0.00739
27	0.01952	0.01494	0.01522	0.01186	0.01584	0.06527	0.00972	0.67563	0.02348	0.03128	0.01265	0.01287	0.00910	0.00628	0.00517	0.00155	0.00587	0.00468	0.05048	0.00859
28	0.00748	0.00540	0.00707	0.00665	0.00790	0.00499	0.00499	0.00998	0.01496	0.02120	0.77844	0.03949	0.04988	0.01081	0.00624	0.00166	0.00249	0.00956	0.00582	0.00499
29	0.01979	0.02383	0.01510	0.01343	0.01635	0.69080	0.01019	0.11881	0.01628	0.01562	0.00877	0.00995	0.00710	0.00557	0.00484	0.00139	0.00904	0.00358	0.00306	0.00651
30	0.00789	0.00616	0.00965	0.00907	0.01019	0.00687	0.05493	0.00972	0.00866	0.01234	0.01422	0.02193	0.01357	0.12586	0.65498	0.00768	0.01279	0.00593	0.00286	0.00470
31	0.01768	0.00988	0.01178	0.00987	0.01325	0.01013	0.00787	0.02584	0.37227	0.37556	0.07002	0.02020	0.01690	0.00712	0.00541	0.00171	0.00422	0.00590	0.00595	0.00844
32	0.01984	0.01351	0.01499	0.01176	0.01575	0.06370	0.03888	0.40219	0.11518	0.22509	0.01555	0.01481	0.01077	0.00637	0.00531	0.00162	0.00563	0.00503	0.00536	0.00866

[dist]
# distance from previous block
# <min> <max>
2	5

[block]
# block no. 3 follows, 46 sequences, length 19
# corresponding to MSA columns:
# 269-282,311-315
name=unknown_D
#
# <colnr> <probs for GDERKNQSTAVLIFYWHMCP>
#	G	D	E	R	K	N	Q	S	T	A	V	L	I	F	Y	W	H	M	C	P
0	0.16809	0.28401	0.13129	0.01003	0.01443	0.01492	0.00979	0.05538	0.09426	0.06583	0.01045	0.01123	0.00818	0.00532	0.00465	0.00145	0.03776	0.00368	0.00327	0.06599
1	0.20827	0.00642	0.00709	0.00735	0.00862	0.00673	0.00543	0.01045	0.00984	0.03455	0.03921	0.28782	0.04163	0.14196	0.07737	0.00305	0.00481	0.09056	0.00413	0.00470
2	0.01529	0.00953	0.01152	0.00869	0.01277	0.00821	0.00702	0.11189	0.01433	0.23322	0.09847	0.01631	0.01411	0.00572	0.00474	0.00122	0.00416	0.00466	0.00465	0.41348
3	0.01046	0.00940	0.01349	0.41778	0.02486	0.00947	0.01061	0.01341	0.01076	0.01531	0.00940	0.01258	0.00743	0.00462	0.00462	0.00129	0.00553	0.00394	0.00273	0.41231
4	0.01706	0.00945	0.01222	0.00914	0.01349	0.00788	0.02956	0.01997	0.05152	0.37506	0.01539	0.01478	0.01071	0.00532	0.00471	0.00126	0.00435	0.00439	0.00482	0.38892
5	0.01202	0.01034	0.01144	0.00925	0.01312	0.01000	0.00728	0.02046	0.37875	0.01959	0.01526	0.01520	0.01185	0.00549	0.00462	0.00127	0.00405	0.00451	0.00422	0.44130
6	0.01568	0.01219	0.01349	0.01007	0.01453	0.01188	0.00822	0.40085	0.01814	0.02554	0.01110	0.01186	0.00843	0.00517	0.00462	0.00120	0.00490	0.00397	0.00425	0.41392
7	0.00644	0.00460	0.00613	0.00736	0.00767	0.00429	0.00491	0.00736	0.01012	0.01350	0.02914	0.81076	0.03497	0.01656	0.00675	0.00215	0.00307	0.01503	0.00491	0.00429
8	0.02010	0.01481	0.01587	0.01216	0.01639	0.01639	0.01005	0.76360	0.02486	0.03332	0.01269	0.01269	0.00899	0.00635	0.00529	0.00159	0.00582	0.00476	0.00529	0.00899
9	0.02171	0.00977	0.01465	0.01296	0.10285	0.00871	0.06131	0.02405	0.01459	0.64301	0.01889	0.01717	0.01219	0.00619	0.00537	0.00164	0.00501	0.00531	0.00582	0.00880
10	0.01054	0.00634	0.00563	0.00553	0.00687	0.05985	0.00415	0.01293	0.01136	0.01924	0.01661	0.01900	0.01308	0.00611	0.00377	0.00124	0.00296	0.00482	0.78495	0.00501
11	0.21778	0.01516	0.01369	0.01106	0.01483	0.13655	0.00897	0.44615	0.01923	0.05176	0.01098	0.01139	0.00800	0.00587	0.00473	0.00156	0.00595	0.00411	0.00445	0.00777
12	0.02010	0.01481	0.01587	0.01216	0.01639	0.01639	0.01005	0.76360	0.02486	0.03332	0.01269	0.01269	0.00899	0.00635	0.00529	0.00159	0.00582	0.00476	0.00529	0.00899
13	0.00769	0.00513	0.00577	0.00577	0.00577	0.00513	0.00320	0.00769	0.00769	0.01025	0.01666	0.03460	0.01922	0.81421	0.02691	0.00513	0.00513	0.00769	0.00320	0.00320
14	0.01413	0.81739	0.02770	0.00905	0.01357	0.02092	0.00905	0.01583	0.01074	0.01244	0.00735	0.00848	0.00678	0.00452	0.00339	0.00113	0.00565	0.00283	0.00226	0.00678
15	0.00769	0.00513	0.00577	0.00577	0.00577	0.00513	0.00320	0.00769	0.00769	0.01025	0.01666	0.03460	0.01922	0.81421	0.02691	0.00513	0.00513	0.00769	0.00320	0.00320
16	0.74235	0.01041	0.00844	0.00739	0.01066	0.01195	0.00607	0.08020	0.01063	0.02444	0.04168	0.01030	0.00795	0.00529	0.00358	0.00163	0.00417	0.00332	0.00356	0.00598
17	0.01228	0.40272	0.42614	0.01221	0.01846	0.01638	0.01455	0.01631	0.01096	0.01470	0.00847	0.00989	0.00674	0.00479	0.00425	0.00142	0.00679	0.00339	0.00225	0.00732
18	0.00990	0.00731	0.00934	0.00983	0.01147	0.00758	0.00837	0.08597	0.07922	0.01794	0.02673	0.08429	0.04913	0.01320	0.00688	0.00226	0.00476	0.55533	0.00496	0.00554

[dist]
# distance from previous block
# <min> <max>
0	1

[block]
# block no. 4 follows, 46 sequences, length 52
# corresponding to MSA columns:
# 317-368
name=unknown_E
#
# <colnr> <probs for GDERKNQSTAVLIFYWHMCP>
#	G	D	E	R	K	N	Q	S	T	A	V	L	I	F	Y	W	H	M	C	P
0	0.00862	0.00711	0.00941	0.00864	0.00954	0.00808	0.00683	0.01056	0.01234	0.01756	0.41819	0.03342	0.09737	0.03806	0.00999	0.00201	0.22230	0.05207	0.02282	0.00509
1	0.00905	0.00459	0.00685	0.00691	0.00692	0.00458	0.00461	0.00691	0.00704	0.00939	0.01015	0.05468	0.01044	0.01828	0.01999	0.80518	0.00452	0.00510	0.00242	0.00239
2	0.00769	0.00513	0.00577	0.00577	0.00577	0.00513	0.00320	0.00769	0.00769	0.01025	0.01666	0.03460	0.01922	0.81421	0.02691	0.00513	0.00513	0.00769	0.00320	0.00320
3	0.01096	0.00940	0.01096	0.00783	0.01253	0.00705	0.00626	0.01331	0.01096	0.01723	0.00940	0.01096	0.00783	0.00392	0.00392	0.00078	0.00392	0.00313	0.00313	0.84653
4	0.00998	0.00940	0.01586	0.80150	0.03641	0.01175	0.01468	0.01351	0.01057	0.01351	0.00940	0.01409	0.00705	0.00529	0.00529	0.00176	0.00705	0.00470	0.00235	0.00587
5	0.01308	0.01256	0.02146	0.03245	0.78123	0.01256	0.01622	0.01622	0.01204	0.01727	0.00994	0.01308	0.00837	0.00471	0.00523	0.00157	0.00628	0.00471	0.00262	0.00837
6	0.00625	0.00536	0.00536	0.00536	0.00714	0.00446	0.00402	0.00759	0.01205	0.01428	0.05355	0.05088	0.77909	0.01339	0.00625	0.00179	0.00268	0.01116	0.00491	0.00446
7	0.02031	0.01446	0.01565	0.01200	0.01622	0.01588	0.00991	0.71961	0.02428	0.07813	0.01318	0.01301	0.00923	0.00636	0.00529	0.00159	0.00574	0.00479	0.00536	0.00899
8	0.01413	0.81739	0.02770	0.00905	0.01357	0.02092	0.00905	0.01583	0.01074	0.01244	0.00735	0.00848	0.00678	0.00452	0.00339	0.00113	0.00565	0.00283	0.00226	0.00678
9	0.00657	0.00462	0.00615	0.00728	0.00762	0.00431	0.00487	0.00734	0.01002	0.01331	0.02882	0.75190	0.05354	0.01657	0.00741	0.04314	0.00313	0.01442	0.00478	0.00420
10	0.01413	0.81739	0.02770	0.00905	0.01357	0.02092	0.00905	0.01583	0.01074	0.01244	0.00735	0.00848	0.00678	0.00452	0.00339	0.00113	0.00565	0.00283	0.00226	0.00678
11	0.01186	0.01157	0.02047	0.31865	0.41724	0.01235	0.10045	0.01529	0.01154	0.01583	0.00982	0.01360	0.00784	0.00490	0.00537	0.00167	0.00687	0.00488	0.00252	0.00730
12	0.06338	0.00893	0.01187	0.00919	0.01315	0.00787	0.00758	0.02473	0.01483	0.72193	0.04598	0.01827	0.01398	0.00661	0.00525	0.00164	0.00441	0.00534	0.00636	0.00870
13	0.01248	0.01426	0.03119	0.02228	0.02763	0.01337	0.76203	0.01693	0.01248	0.01693	0.01070	0.01426	0.00802	0.00446	0.00624	0.00178	0.00891	0.00624	0.00267	0.00713
14	0.01975	0.02520	0.01498	0.01362	0.01634	0.79299	0.01021	0.02111	0.01498	0.01294	0.00817	0.00953	0.00681	0.00545	0.00477	0.00136	0.00953	0.00340	0.00272	0.00613
15	0.00748	0.00540	0.00707	0.00665	0.00790	0.00499	0.00499	0.00998	0.01496	0.02120	0.77844	0.03949	0.04988	0.01081	0.00624	0.00166	0.00249	0.00956	0.00582	0.00499
16	0.00644	0.00460	0.00613	0.00736	0.00767	0.00429	0.00491	0.00736	0.01012	0.01350	0.02914	0.81076	0.03497	0.01656	0.00675	0.00215	0.00307	0.01503	0.00491	0.00429
17	0.00852	0.00608	0.00852	0.00974	0.01095	0.00608	0.00852	0.01095	0.01217	0.01582	0.02799	0.05963	0.03042	0.01460	0.00730	0.00243	0.00487	0.74565	0.00487	0.00487
18	0.00755	0.00566	0.00850	0.00850	0.00944	0.00661	0.00661	0.00944	0.00850	0.01227	0.01416	0.02077	0.01322	0.03965	0.79326	0.00850	0.01416	0.00566	0.00283	0.00472
19	0.85155	0.01022	0.00777	0.00695	0.01022	0.01186	0.00573	0.01554	0.00900	0.02372	0.00736	0.00859	0.00573	0.00491	0.00327	0.00164	0.00409	0.00286	0.00327	0.00573
20	0.01976	0.06024	0.01654	0.01199	0.01623	0.01665	0.00999	0.72128	0.02406	0.03214	0.01239	0.01245	0.00887	0.00624	0.00518	0.00156	0.00581	0.00465	0.00512	0.00887
21	0.01210	0.16721	0.60032	0.01362	0.02060	0.01352	0.01689	0.01717	0.01135	0.06650	0.00985	0.01113	0.00713	0.00503	0.00475	0.00157	0.00721	0.00381	0.00252	0.00771
22	0.00644	0.00460	0.00613	0.00736	0.00767	0.00429	0.00491	0.00736	0.01012	0.01350	0.02914	0.81076	0.03497	0.01656	0.00675	0.00215	0.00307	0.01503	0.00491	0.00429
23	0.01413	0.81739	0.02770	0.00905	0.01357	0.02092	0.00905	0.01583	0.01074	0.01244	0.00735	0.00848	0.00678	0.00452	0.00339	0.00113	0.00565	0.00283	0.00226	0.00678
24	0.02372	0.00900	0.01227	0.00941	0.01350	0.00777	0.00777	0.02576	0.01513	0.78489	0.02086	0.01799	0.01309	0.00654	0.00532	0.00164	0.00450	0.00532	0.00654	0.00900
25	0.01413	0.81739	0.02770	0.00905	0.01357	0.02092	0.00905	0.01583	0.01074	0.01244	0.00735	0.00848	0.00678	0.00452	0.00339	0.00113	0.00565	0.00283	0.00226	0.00678
26	0.01157	0.01157	0.01619	0.01388	0.01388	0.01619	0.01157	0.01272	0.00810	0.01272	0.00694	0.01157	0.00694	0.00925	0.01735	0.00231	0.80453	0.00463	0.00231	0.00578
27	0.01096	0.00940	0.01096	0.00783	0.01253	0.00705	0.00626	0.01331	0.01096	0.01723	0.00940	0.01096	0.00783	0.00392	0.00392	0.00078	0.00392	0.00313	0.00313	0.84653
28	0.85155	0.01022	0.00777	0.00695	0.01022	0.01186	0.00573	0.01554	0.00900	0.02372	0.00736	0.00859	0.00573	0.00491	0.00327	0.00164	0.00409	0.00286	0.00327	0.00573
29	0.00769	0.00513	0.00577	0.00577	0.00577	0.00513	0.00320	0.00769	0.00769	0.01025	0.01666	0.03460	0.01922	0.81421	0.02691	0.00513	0.00513	0.00769	0.00320	0.00320
30	0.01288	0.01235	0.02109	0.08303	0.73224	0.01251	0.01612	0.01605	0.01194	0.01702	0.00991	0.01315	0.00829	0.00475	0.00524	0.00158	0.00633	0.00471	0.00260	0.00821
31	0.01413	0.81739	0.02770	0.00905	0.01357	0.02092	0.00905	0.01583	0.01074	0.01244	0.00735	0.00848	0.00678	0.00452	0.00339	0.00113	0.00565	0.00283	0.00226	0.00678
32	0.01080	0.00926	0.01103	0.00853	0.03479	0.00707	0.00649	0.01311	0.01095	0.01705	0.01037	0.04988	0.00916	0.00455	0.00409	0.00087	0.00394	0.00376	0.00320	0.78108
33	0.00717	0.00539	0.00664	0.00633	0.00771	0.00486	0.00475	0.00938	0.01424	0.01948	0.59784	0.04233	0.23156	0.01145	0.00624	0.00169	0.00254	0.00996	0.00559	0.00486
34	0.00755	0.00566	0.00850	0.00850	0.00944	0.00661	0.00661	0.00944	0.00850	0.01227	0.01416	0.02077	0.01322	0.03965	0.79326	0.00850	0.01416	0.00566	0.00283	0.00472
35	0.00998	0.00940	0.01586	0.80150	0.03641	0.01175	0.01468	0.01351	0.01057	0.01351	0.00940	0.01409	0.00705	0.00529	0.00529	0.00176	0.00705	0.00470	0.00235	0.00587
36	0.01308	0.01256	0.02146	0.03245	0.78123	0.01256	0.01622	0.01622	0.01204	0.01727	0.00994	0.01308	0.00837	0.00471	0.00523	0.00157	0.00628	0.00471	0.00262	0.00837
37	0.00998	0.00940	0.01586	0.80150	0.03641	0.01175	0.01468	0.01351	0.01057	0.01351	0.00940	0.01409	0.00705	0.00529	0.00529	0.00176	0.00705	0.00470	0.00235	0.00587
38	0.00998	0.00940	0.01586	0.80150	0.03641	0.01175	0.01468	0.01351	0.01057	0.01351	0.00940	0.01409	0.00705	0.00529	0.00529	0.00176	0.00705	0.00470	0.00235	0.00587
39	0.01060	0.02735	0.78682	0.01507	0.02288	0.01228	0.01953	0.01674	0.01116	0.01674	0.00949	0.01116	0.00670	0.00502	0.00502	0.00167	0.00781	0.00391	0.00223	0.00781
40	0.01257	0.01392	0.02908	0.02240	0.09165	0.01328	0.64787	0.01761	0.06270	0.01731	0.01135	0.01452	0.00859	0.00466	0.00610	0.00176	0.00837	0.00609	0.00285	0.00732
41	0.00769	0.00513	0.00577	0.00577	0.00577	0.00513	0.00320	0.00769	0.00769	0.01025	0.01666	0.03460	0.01922	0.81421	0.02691	0.00513	0.00513	0.00769	0.00320	0.00320
42	0.01986	0.01174	0.01371	0.01078	0.01460	0.01228	0.00884	0.39007	0.06732	0.29761	0.01628	0.01572	0.01126	0.00934	0.07321	0.00221	0.00596	0.00511	0.00553	0.00859
43	0.04732	0.00964	0.01247	0.00963	0.01368	0.00884	0.00794	0.09463	0.03595	0.67198	0.01971	0.01727	0.01257	0.00649	0.00526	0.00164	0.00460	0.00521	0.00630	0.00888
44	0.00625	0.00536	0.00536	0.00536	0.00714	0.00446	0.00402	0.00759	0.01205	0.01428	0.05355	0.05088	0.77909	0.01339	0.00625	0.00179	0.00268	0.01116	0.00491	0.00446
45	0.02372	0.00900	0.01227	0.00941	0.01350	0.00777	0.00777	0.02576	0.01513	0.78489	0.02086	0.01799	0.01309	0.00654	0.00532	0.00164	0.00450	0.00532	0.00654	0.00900
46	0.01786	0.02191	0.01510	0.01425	0.04849	0.62565	0.02949	0.01974	0.03018	0.01366	0.01025	0.01442	0.00914	0.00636	0.00554	0.00152	0.03972	0.06760	0.00294	0.00617
47	0.02022	0.02036	0.01502	0.01276	0.01610	0.47005	0.00994	0.26178	0.01819	0.08998	0.01079	0.01133	0.00809	0.00584	0.00499	0.00146	0.00787	0.00402	0.00390	0.00732
48	0.00762	0.00538	0.00708	0.00708	0.00753	0.00584	0.00484	0.00853	0.00808	0.01122	0.01546	0.02794	0.01633	0.44163	0.39554	0.00675	0.00947	0.00671	0.00302	0.00393
49	0.01306	0.01262	0.02182	0.03207	0.75291	0.01259	0.04426	0.01625	0.01205	0.01726	0.00997	0.01313	0.00836	0.00470	0.00527	0.00158	0.00638	0.00477	0.00262	0.00833
50	0.01185	0.01183	0.01717	0.01438	0.01484	0.01601	0.06063	0.03235	0.00881	0.01353	0.00733	0.01177	0.00706	0.00886	0.01631	0.00226	0.73190	0.00474	0.00241	0.00595
51	0.85155	0.01022	0.00777	0.00695	0.01022	0.01186	0.00573	0.01554	0.00900	0.02372	0.00736	0.00859	0.00573	0.00491	0.00327	0.00164	0.00409	0.00286	0.00327	0.00573

[dist]
# distance from previous block
# <min> <max>
0	17

[block]
# block no. 5 follows, 46 sequences, length 6
# corresponding to MSA columns:
# 386-391
name=unknown_F
#
# <colnr> <probs for GDERKNQSTAVLIFYWHMCP>
#	G	D	E	R	K	N	Q	S	T	A	V	L	I	F	Y	W	H	M	C	P
0	0.01145	0.00966	0.01044	0.00950	0.01203	0.01079	0.00734	0.02277	0.55597	0.02138	0.18727	0.02614	0.07586	0.00839	0.00562	0.00176	0.00372	0.00711	0.00544	0.00737
1	0.00748	0.00540	0.00707	0.00665	0.00790	0.00499	0.00499	0.00998	0.01496	0.02120	0.77844	0.03949	0.04988	0.01081	0.00624	0.00166	0.00249	0.00956	0.00582	0.00499
2	0.00757	0.00507	0.00580	0.00592	0.00595	0.00504	0.00337	0.00766	0.00792	0.01056	0.01786	0.10971	0.02074	0.73701	0.02496	0.00484	0.00493	0.00840	0.00337	0.00331
3	0.00945	0.00888	0.01217	0.44269	0.02410	0.07171	0.01069	0.01183	0.01076	0.01346	0.01664	0.31021	0.01742	0.00950	0.00579	0.00187	0.00577	0.00844	0.00333	0.00531
4	0.01060	0.02735	0.78682	0.01507	0.02288	0.01228	0.01953	0.01674	0.01116	0.01674	0.00949	0.01116	0.00670	0.00502	0.00502	0.00167	0.00781	0.00391	0.00223	0.00781
5	0.00657	0.00466	0.00610	0.00720	0.00747	0.00438	0.00473	0.00740	0.00987	0.01316	0.02784	0.73011	0.03333	0.09945	0.00884	0.00246	0.00328	0.01427	0.00473	0.00418

[dist]
# distance from previous block
# <min> <max>
0	2

[block]
# block no. 6 follows, 46 sequences, length 279
# corresponding to MSA columns:
# 394-516,522-677
name=unknown_G
#
# <colnr> <probs for GDERKNQSTAVLIFYWHMCP>
#	G	D	E	R	K	N	Q	S	T	A	V	L	I	F	Y	W	H	M	C	P
0	0.01164	0.01169	0.01687	0.01473	0.03719	0.01599	0.03791	0.01297	0.00837	0.01301	0.00716	0.01171	0.00702	0.00895	0.01660	0.00227	0.75300	0.00469	0.00233	0.00591
1	0.03613	0.01055	0.01762	0.50308	0.30176	0.01204	0.01497	0.01454	0.01105	0.01516	0.00953	0.01357	0.00748	0.00507	0.00521	0.00169	0.00669	0.00465	0.00247	0.00676
2	0.00644	0.00460	0.00613	0.00736	0.00767	0.00429	0.00491	0.00736	0.01012	0.01350	0.02914	0.81076	0.03497	0.01656	0.00675	0.00215	0.00307	0.01503	0.00491	0.00429
3	0.00755	0.00566	0.00850	0.00850	0.00944	0.00661	0.00661	0.00944	0.00850	0.01227	0.01416	0.02077	0.01322	0.03965	0.79326	0.00850	0.01416	0.00566	0.00283	0.00472
4	0.00825	0.00625	0.00840	0.00755	0.00928	0.00573	0.04963	0.03327	0.01400	0.04167	0.44244	0.09993	0.23081	0.01128	0.00622	0.00174	0.00313	0.00993	0.00533	0.00517
5	0.00997	0.00883	0.01422	0.02055	0.41441	0.00868	0.01091	0.01209	0.01121	0.01554	0.01953	0.36138	0.03617	0.01023	0.00595	0.00184	0.00478	0.02355	0.00370	0.00645
6	0.01108	0.01085	0.01526	0.01323	0.01334	0.01504	0.01097	0.01233	0.00814	0.01267	0.00781	0.01268	0.00770	0.01292	0.11087	0.00306	0.70927	0.00475	0.00238	0.00565
7	0.02372	0.00900	0.01227	0.00941	0.01350	0.00777	0.00777	0.02576	0.01513	0.78489	0.02086	0.01799	0.01309	0.00654	0.00532	0.00164	0.00450	0.00532	0.00654	0.00900
8	0.00748	0.00540	0.00707	0.00665	0.00790	0.00499	0.00499	0.00998	0.01496	0.02120	0.77844	0.03949	0.04988	0.01081	0.00624	0.00166	0.00249	0.00956	0.00582	0.00499
9	0.01099	0.00947	0.01132	0.02721	0.03064	0.00728	0.00669	0.01338	0.01098	0.01714	0.00941	0.01109	0.00782	0.00397	0.00398	0.00082	0.00404	0.00321	0.00310	0.80746
10	0.01060	0.02735	0.78682	0.01507	0.02288	0.01228	0.01953	0.01674	0.01116	0.01674	0.00949	0.01116	0.00670	0.00502	0.00502	0.00167	0.00781	0.00391	0.00223	0.00781
11	0.00756	0.00565	0.00840	0.00840	0.00931	0.00656	0.00649	0.00938	0.00847	0.01220	0.01425	0.02125	0.01343	0.06670	0.76650	0.00838	0.01384	0.00573	0.00285	0.00467
12	0.00799	0.00573	0.00789	0.00908	0.01010	0.00564	0.00758	0.01005	0.01171	0.01525	0.02898	0.22826	0.05300	0.01501	0.00715	0.00235	0.00440	0.56023	0.00488	0.00473
13	0.01094	0.10337	0.71377	0.01449	0.02198	0.01311	0.01852	0.01665	0.01112	0.01633	0.00928	0.01090	0.00671	0.00497	0.00487	0.00162	0.00761	0.00380	0.00224	0.00771
14	0.01925	0.02416	0.01475	0.01341	0.01615	0.73462	0.01008	0.02163	0.07161	0.01363	0.00917	0.01030	0.00751	0.00558	0.00481	0.00139	0.00913	0.00360	0.00292	0.00630
15	0.00918	0.00459	0.00689	0.00689	0.00689	0.00459	0.00459	0.00689	0.00689	0.00918	0.00918	0.01607	0.00918	0.01837	0.02066	0.84619	0.00459	0.00459	0.00230	0.00230
16	0.01096	0.00940	0.01096	0.00783	0.01253	0.00705	0.00626	0.01331	0.01096	0.01723	0.00940	0.01096	0.00783	0.00392	0.00392	0.00078	0.00392	0.00313	0.00313	0.84653
17	0.01148	0.04188	0.59230	0.01620	0.02333	0.01255	0.16870	0.01705	0.01155	0.04149	0.01005	0.01195	0.00717	0.00495	0.00524	0.00168	0.00788	0.00440	0.00246	0.00769
18	0.00644	0.00460	0.00613	0.00736	0.00767	0.00429	0.00491	0.00736	0.01012	0.01350	0.02914	0.81076	0.03497	0.01656	0.00675	0.00215	0.00307	0.01503	0.00491	0.00429
19	0.00819	0.01038	0.18389	0.00856	0.01130	0.00664	0.00829	0.01151	0.01410	0.02019	0.60407	0.03307	0.04009	0.00950	0.00596	0.00167	0.00370	0.00828	0.00501	0.00563
20	0.01345	0.01268	0.02117	0.03139	0.74127	0.01276	0.01590	0.05528	0.01271	0.01811	0.01009	0.01306	0.00841	0.00480	0.00524	0.00157	0.00626	0.00471	0.00276	0.00841
21	0.00769	0.00557	0.00803	0.00803	0.00889	0.00637	0.00611	0.00941	0.00855	0.01245	0.01458	0.02212	0.01385	0.11681	0.67393	0.00777	0.01263	0.00583	0.04680	0.00458
22	0.00985	0.00493	0.00493	0.00493	0.00616	0.00493	0.00370	0.01232	0.01109	0.01971	0.01725	0.01971	0.01355	0.00616	0.00370	0.00123	0.00246	0.00493	0.84356	0.00493
23	0.85155	0.01022	0.00777	0.00695	0.01022	0.01186	0.00573	0.01554	0.00900	0.02372	0.00736	0.00859	0.00573	0.00491	0.00327	0.00164	0.00409	0.00286	0.00327	0.00573
24	0.00755	0.00566	0.00850	0.00850	0.00944	0.00661	0.00661	0.00944	0.00850	0.01227	0.01416	0.02077	0.01322	0.03965	0.79326	0.00850	0.01416	0.00566	0.00283	0.00472
25	0.00998	0.00940	0.01586	0.80150	0.03641	0.01175	0.01468	0.01351	0.01057	0.01351	0.00940	0.01409	0.00705	0.00529	0.00529	0.00176	0.00705	0.00470	0.00235	0.00587
26	0.01084	0.02650	0.75413	0.01478	0.02238	0.01203	0.01898	0.01681	0.01133	0.03411	0.02480	0.01187	0.00769	0.00517	0.00505	0.00167	0.00763	0.00405	0.00240	0.00778
27	0.01413	0.81739	0.02770	0.00905	0.01357	0.02092	0.00905	0.01583	0.01074	0.01244	0.00735	0.00848	0.00678	0.00452	0.00339	0.00113	0.00565	0.00283	0.00226	0.00678
28	0.01975	0.02520	0.01498	0.01362	0.01634	0.79299	0.01021	0.02111	0.01498	0.01294	0.00817	0.00953	0.00681	0.00545	0.00477	0.00136	0.00953	0.00340	0.00272	0.00613
29	0.00688	0.00502	0.00647	0.00686	0.00772	0.00461	0.00486	0.00853	0.01242	0.01694	0.35958	0.40247	0.11053	0.01375	0.00648	0.00190	0.00278	0.01227	0.00531	0.00461
30	0.01096	0.00940	0.01096	0.00783	0.01253	0.00705	0.00626	0.01331	0.01096	0.01723	0.00940	0.01096	0.00783	0.00392	0.00392	0.00078	0.00392	0.00313	0.00313	0.84653
31	0.01248	0.01426	0.03119	0.02228	0.02763	0.01337	0.76203	0.01693	0.01248	0.01693	0.01070	0.01426	0.00802	0.00446	0.00624	0.00178	0.00891	0.00624	0.00267	0.00713
32	0.00644	0.00460	0.00613	0.00736	0.00767	0.00429	0.00491	0.00736	0.01012	0.01350	0.02914	0.81076	0.03497	0.01656	0.00675	0.00215	0.00307	0.01503	0.00491	0.00429
33	0.01235	0.01517	0.08354	0.02178	0.02730	0.01329	0.71060	0.01692	0.01239	0.01692	0.01061	0.01405	0.00793	0.00450	0.00615	0.00178	0.00884	0.00608	0.00264	0.00718
34	0.01413	0.81739	0.02770	0.00905	0.01357	0.02092	0.00905	0.01583	0.01074	0.01244	0.00735	0.00848	0.00678	0.00452	0.00339	0.00113	0.00565	0.00283	0.00226	0.00678
35	0.00700	0.00539	0.00640	0.00615	0.00760	0.00478	0.00461	0.00905	0.01384	0.01852	0.49787	0.04390	0.33213	0.01181	0.00624	0.00171	0.00257	0.01018	0.00547	0.00478
36	0.01996	0.01883	0.01552	0.01273	0.01637	0.31698	0.01011	0.47622	0.02103	0.02543	0.01094	0.01147	0.00815	0.00600	0.00509	0.00150	0.00726	0.00424	0.00430	0.00788
37	0.01103	0.00969	0.00952	0.00855	0.01046	0.11876	0.00654	0.09684	0.07005	0.02144	0.52971	0.03084	0.03680	0.00929	0.00586	0.00162	0.00398	0.00790	0.00529	0.00584
38	0.00761	0.00542	0.00727	0.00727	0.00779	0.00594	0.00508	0.00865	0.00813	0.01137	0.01528	0.02697	0.01591	0.38694	0.44965	0.00698	0.01011	0.00657	0.00300	0.00404
39	0.00644	0.00460	0.00613	0.00736	0.00767	0.00429	0.00491	0.00736	0.01012	0.01350	0.02914	0.81076	0.03497	0.01656	0.00675	0.00215	0.00307	0.01503	0.00491	0.00429
40	0.01308	0.01256	0.02146	0.03245	0.78123	0.01256	0.01622	0.01622	0.01204	0.01727	0.00994	0.01308	0.00837	0.00471	0.00523	0.00157	0.00628	0.00471	0.00262	0.00837
41	0.00998	0.00940	0.01586	0.80150	0.03641	0.01175	0.01468	0.01351	0.01057	0.01351	0.00940	0.01409	0.00705	0.00529	0.00529	0.00176	0.00705	0.00470	0.00235	0.00587
42	0.01308	0.01256	0.02146	0.03245	0.78123	0.01256	0.01622	0.01622	0.01204	0.01727	0.00994	0.01308	0.00837	0.00471	0.00523	0.00157	0.00628	0.00471	0.00262	0.00837
43	0.01315	0.01136	0.01195	0.01076	0.01375	0.01315	0.00837	0.02809	0.77168	0.02211	0.02152	0.01972	0.01614	0.00717	0.00538	0.00179	0.00418	0.00598	0.00538	0.00837
44	0.85155	0.01022	0.00777	0.00695	0.01022	0.01186	0.00573	0.01554	0.00900	0.02372	0.00736	0.00859	0.00573	0.00491	0.00327	0.00164	0.00409	0.00286	0.00327	0.00573
