[name]
unknown

[dist]
# distance from previous block
# <min> <max>
0	55

[block]
# block no. 0 follows, 41 sequences, length 8
# corresponding to MSA columns:
# 55-62
name=unknown_A
#
# <colnr> <probs for GDERKNQSTAVLIFYWHMCP>
#	G	D	E	R	K	N	Q	S	T	A	V	L	I	F	Y	W	H	M	C	P
0	0.01462	0.01290	0.01736	0.02194	0.34647	0.04809	0.01282	0.14977	0.10963	0.02168	0.01688	0.11135	0.01556	0.00820	0.00605	0.00187	0.00604	0.06630	0.00424	0.00823
1	0.01127	0.00662	0.00855	0.09893	0.01195	0.00663	0.00622	0.01332	0.01255	0.11314	0.19128	0.06352	0.02539	0.19487	0.01113	0.00260	0.00425	0.00771	0.20451	0.00556
2	0.01718	0.20231	0.15564	0.01346	0.01789	0.35823	0.01231	0.02175	0.11839	0.01602	0.01093	0.01193	0.00876	0.00585	0.00496	0.00154	0.00820	0.00403	0.00314	0.00747
3	0.00762	0.00537	0.00633	0.00682	0.00719	0.00512	0.00426	0.00817	0.00989	0.01294	0.02809	0.31950	0.12129	0.41072	0.01821	0.00390	0.00439	0.01173	0.00438	0.00408
4	0.00829	0.00567	0.00689	0.00689	0.00711	0.00590	0.00428	0.00873	0.00851	0.01157	0.01743	0.03414	0.01937	0.63288	0.19326	0.00635	0.00769	0.00784	0.00338	0.00383
5	0.01511	0.30146	0.10491	0.01404	0.07800	0.20830	0.01169	0.01738	0.01265	0.01471	0.01142	0.10339	0.01110	0.00715	0.00597	0.00162	0.06590	0.00522	0.00294	0.00703
6	0.01039	0.00806	0.00917	0.00901	0.01080	0.00835	0.00676	0.09985	0.15912	0.01916	0.03205	0.29260	0.17075	0.06071	0.00808	0.00232	0.00414	0.07720	0.00534	0.00614
7	0.01073	0.00996	0.05668	0.12066	0.06833	0.00937	0.00909	0.09421	0.07093	0.01897	0.11260	0.07773	0.20178	0.10331	0.00894	0.00232	0.00500	0.00852	0.00455	0.00633

[dist]
# distance from previous block
# <min> <max>
5	33

[block]
# block no. 1 follows, 41 sequences, length 14
# corresponding to MSA columns:
# 99-112
name=unknown_B
#
# <colnr> <probs for GDERKNQSTAVLIFYWHMCP>
#	G	D	E	R	K	N	Q	S	T	A	V	L	I	F	Y	W	H	M	C	P
0	0.01146	0.07868	0.01169	0.00900	0.01180	0.09905	0.00693	0.04323	0.01315	0.01715	0.07480	0.24793	0.09914	0.01022	0.00570	0.00160	0.00469	0.00865	0.00432	0.24080
1	0.01441	0.03676	0.03893	0.01401	0.05158	0.09223	0.14861	0.09851	0.05517	0.09403	0.05814	0.13608	0.11821	0.00914	0.00621	0.00186	0.00613	0.00816	0.00461	0.00722
2	0.11017	0.09667	0.10383	0.11662	0.05096	0.04981	0.04643	0.08515	0.15556	0.03777	0.01699	0.01787	0.07505	0.00678	0.00535	0.00177	0.00619	0.00545	0.00394	0.00764
3	0.05633	0.07075	0.04967	0.01177	0.01637	0.04982	0.01013	0.32505	0.01995	0.30850	0.01603	0.01516	0.01086	0.00663	0.00546	0.00170	0.00595	0.00503	0.00563	0.00921
4	0.01299	0.18953	0.27978	0.02973	0.10261	0.05045	0.03105	0.01855	0.10949	0.01731	0.01372	0.09516	0.01207	0.00691	0.00535	0.00173	0.00681	0.00568	0.00326	0.00782
5	0.00725	0.00599	0.00633	0.00639	0.00810	0.00529	0.00469	0.00933	0.04534	0.01604	0.09682	0.12981	0.57912	0.04437	0.00763	0.00210	0.00310	0.01201	0.00533	0.00498
6	0.01546	0.01297	0.01323	0.01228	0.05345	0.09238	0.00908	0.16419	0.27950	0.06367	0.11357	0.04845	0.07971	0.00857	0.00596	0.00182	0.00522	0.00705	0.00541	0.00803
7	0.01927	0.01129	0.01167	0.00969	0.01296	0.08976	0.00773	0.12293	0.06865	0.30579	0.01875	0.01841	0.01322	0.00685	0.00515	0.00161	0.00494	0.00537	0.25795	0.00801
8	0.10025	0.01132	0.01279	0.01129	0.01338	0.04497	0.00900	0.10941	0.15362	0.04177	0.01436	0.01783	0.01210	0.05170	0.21100	0.00404	0.16476	0.00551	0.00399	0.00692
9	0.01480	0.00848	0.00926	0.00812	0.01063	0.00883	0.00637	0.09559	0.15851	0.13678	0.01964	0.02025	0.01461	0.00696	0.00480	0.00156	0.00374	0.00560	0.45828	0.00719
10	0.01533	0.01334	0.01178	0.01015	0.01271	0.18247	0.00760	0.14969	0.04359	0.05507	0.03706	0.02104	0.01423	0.20398	0.04497	0.00283	0.00667	0.00571	0.06849	0.09330
11	0.38907	0.01694	0.01186	0.01071	0.01363	0.31025	0.00831	0.01829	0.01219	0.01921	0.00913	0.01170	0.00777	0.03843	0.04855	0.00222	0.03935	0.00378	0.00323	0.02536
12	0.17335	0.03571	0.15591	0.01252	0.02937	0.20516	0.01124	0.10015	0.03494	0.02021	0.03510	0.04994	0.01234	0.00780	0.00601	0.03640	0.00695	0.05624	0.00369	0.00698
13	0.01900	0.01904	0.01879	0.01523	0.01914	0.29755	0.13956	0.20071	0.11508	0.05810	0.01326	0.01427	0.01002	0.00720	0.02554	0.00189	0.00831	0.00512	0.00420	0.00802

[dist]
# distance from previous block
# <min> <max>
0	9

[block]
# block no. 2 follows, 41 sequences, length 9
# corresponding to MSA columns:
# 122-130
name=unknown_C
#
# <colnr> <probs for GDERKNQSTAVLIFYWHMCP>
#	G	D	E	R	K	N	Q	S	T	A	V	L	I	F	Y	W	H	M	C	P
0	0.01033	0.00960	0.01542	0.08481	0.09961	0.02943	0.14392	0.01369	0.05228	0.01659	0.06659	0.21249	0.07106	0.01546	0.12879	0.00313	0.00735	0.00914	0.00401	0.00628
1	0.00869	0.00711	0.00905	0.01034	0.07846	0.00694	0.00706	0.01189	0.08061	0.01697	0.09307	0.15895	0.30092	0.01616	0.07941	0.00273	0.00491	0.09605	0.00499	0.00570
2	0.00778	0.00582	0.00711	0.00680	0.00821	0.00527	0.00503	0.01002	0.01497	0.02043	0.54644	0.04543	0.22438	0.05762	0.00804	0.00205	0.00291	0.01065	0.00589	0.00515
3	0.00839	0.00640	0.00723	0.00728	0.00844	0.00626	0.00507	0.01125	0.10003	0.01582	0.10862	0.15960	0.23408	0.25515	0.01364	0.00312	0.00403	0.03574	0.00490	0.00496
4	0.09714	0.00651	0.00643	0.00593	0.00795	0.00639	0.00456	0.01382	0.01174	0.02146	0.01653	0.01894	0.01304	0.00623	0.00398	0.00132	0.00304	0.00487	0.64567	0.10446
5	0.01434	0.46258	0.20300	0.01180	0.01704	0.08031	0.01238	0.01802	0.04836	0.01511	0.00982	0.01145	0.00828	0.00780	0.05626	0.00195	0.00756	0.00376	0.00269	0.00748
6	0.01496	0.01324	0.04576	0.03553	0.11219	0.04487	0.07640	0.26660	0.01860	0.02503	0.17201	0.02595	0.02139	0.00842	0.00625	0.00186	0.00607	0.09229	0.00484	0.00775
7	0.04519	0.14070	0.05902	0.01399	0.05455	0.26762	0.01123	0.08550	0.01449	0.07977	0.01127	0.04201	0.00953	0.00770	0.02427	0.00187	0.11577	0.00469	0.00349	0.00733
8	0.59012	0.01548	0.06285	0.03832	0.05817	0.10495	0.00950	0.01866	0.01199	0.02426	0.01017	0.01244	0.00824	0.00650	0.00481	0.00204	0.00622	0.00400	0.00387	0.00742

[dist]
# distance from previous block
# <min> <max>
0	1

[block]
# block no. 3 follows, 41 sequences, length 7
# corresponding to MSA columns:
# 132-137,141
name=unknown_D
#
# <colnr> <probs for GDERKNQSTAVLIFYWHMCP>
#	G	D	E	R	K	N	Q	S	T	A	V	L	I	F	Y	W	H	M	C	P
0	0.00705	0.00575	0.00623	0.00622	0.00793	0.00493	0.00462	0.00872	0.01354	0.01692	0.19897	0.10158	0.56935	0.01415	0.00679	0.00193	0.00288	0.01200	0.00551	0.00493
1	0.01158	0.01099	0.01591	0.01613	0.11630	0.01417	0.01158	0.01311	0.00961	0.01439	0.01173	0.10195	0.01222	0.04449	0.08195	0.00307	0.49511	0.00650	0.00295	0.00625
2	0.12417	0.00802	0.00872	0.00793	0.01022	0.00814	0.00614	0.04553	0.11481	0.05397	0.34699	0.03561	0.18720	0.01047	0.00610	0.00184	0.00347	0.00877	0.00566	0.00625
3	0.00910	0.00711	0.01108	0.00976	0.01101	0.00736	0.10642	0.01067	0.00955	0.01345	0.01615	0.02793	0.01636	0.36354	0.30593	0.00620	0.00964	0.00712	0.04686	0.00477
4	0.03744	0.02977	0.01057	0.00950	0.01148	0.07376	0.00715	0.10189	0.06966	0.01810	0.02047	0.19450	0.02153	0.18492	0.01123	0.00273	0.00531	0.10682	0.00449	0.07866
5	0.08568	0.01258	0.04228	0.27957	0.20038	0.01314	0.01353	0.14721	0.01437	0.02071	0.01075	0.01388	0.00836	0.00612	0.00598	0.03187	0.00655	0.00475	0.00334	0.07896
6	0.01843	0.12446	0.01859	0.01614	0.11926	0.33709	0.01142	0.12474	0.13909	0.01934	0.01208	0.01301	0.00961	0.00610	0.00522	0.00158	0.00774	0.00446	0.00373	0.00790

[dist]
# distance from previous block
# <min> <max>
3	11

[block]
# block no. 4 follows, 41 sequences, length 6
# corresponding to MSA columns:
# 153-158
name=unknown_E
#
# <colnr> <probs for GDERKNQSTAVLIFYWHMCP>
#	G	D	E	R	K	N	Q	S	T	A	V	L	I	F	Y	W	H	M	C	P
0	0.00772	0.00605	0.00736	0.00799	0.03947	0.00561	0.00544	0.00927	0.01228	0.01589	0.15052	0.13415	0.34218	0.12964	0.07321	0.00309	0.00456	0.03574	0.00491	0.00491
1	0.11575	0.01427	0.01421	0.01163	0.01543	0.05319	0.00939	0.40039	0.18484	0.02982	0.04381	0.01620	0.01284	0.00701	0.00541	0.00175	0.00557	0.00533	0.04453	0.00863
2	0.00810	0.00550	0.00646	0.00660	0.00681	0.00540	0.00396	0.00856	0.00963	0.01300	0.10780	0.14740	0.02718	0.59313	0.02332	0.00464	0.00489	0.00970	0.00407	0.00386
3	0.01340	0.01380	0.02397	0.24029	0.33080	0.05117	0.20849	0.01720	0.01286	0.01722	0.01071	0.01461	0.00848	0.00524	0.00594	0.00181	0.00795	0.00546	0.00277	0.00783
4	0.13390	0.01080	0.01252	0.01059	0.01402	0.01133	0.00874	0.20799	0.05376	0.23878	0.01852	0.02350	0.01478	0.01230	0.09678	0.00277	0.00645	0.10905	0.00543	0.00801
5	0.01338	0.01338	0.02252	0.01997	0.12728	0.01516	0.22993	0.05996	0.01211	0.01744	0.01052	0.04088	0.00931	0.00758	0.01145	0.00209	0.33347	0.00586	0.00300	0.04471

[dist]
# distance from previous block
# <min> <max>
0	5

[block]
# block no. 5 follows, 41 sequences, length 8
# corresponding to MSA columns:
# 164-171
name=unknown_F
#
# <colnr> <probs for GDERKNQSTAVLIFYWHMCP>
#	G	D	E	R	K	N	Q	S	T	A	V	L	I	F	Y	W	H	M	C	P
0	0.01870	0.07392	0.03667	0.01148	0.01531	0.13383	0.00957	0.17125	0.04235	0.19591	0.05047	0.01661	0.02855	0.00693	0.00619	0.00162	0.05619	0.00513	0.02785	0.09149
1	0.00735	0.00580	0.00652	0.00635	0.00795	0.00508	0.00469	0.00919	0.01396	0.01803	0.32086	0.04938	0.45117	0.05882	0.00805	0.00209	0.00298	0.01120	0.00558	0.00496
2	0.01313	0.01201	0.03602	0.20779	0.14321	0.05713	0.01194	0.05990	0.16536	0.04681	0.01780	0.17105	0.01623	0.00858	0.00600	0.00192	0.00600	0.00751	0.00419	0.00741
3	0.00868	0.00696	0.01008	0.00973	0.01041	0.00756	0.05342	0.00994	0.01019	0.01420	0.02230	0.39222	0.02537	0.15754	0.09029	0.00356	0.11789	0.01121	0.03352	0.00493
4	0.01178	0.00641	0.00653	0.00612	0.00778	0.00658	0.00469	0.08708	0.01350	0.02281	0.01816	0.02056	0.01416	0.00668	0.00417	0.00137	0.00303	0.00531	0.74748	0.00577
5	0.01811	0.12681	0.10047	0.01275	0.06389	0.01367	0.01081	0.21847	0.04117	0.19664	0.04337	0.01643	0.01253	0.00748	0.02513	0.00184	0.00596	0.00516	0.07076	0.00855
6	0.00840	0.00559	0.00701	0.00763	0.00870	0.00505	0.00543	0.00953	0.01183	0.06515	0.03701	0.47699	0.22846	0.01626	0.00773	0.03802	0.00347	0.04747	0.00530	0.00497
7	0.01684	0.01232	0.01346	0.01127	0.01498	0.01337	0.00898	0.19987	0.39737	0.11885	0.02252	0.02103	0.06450	0.00772	0.00577	0.00181	0.00487	0.00627	0.00579	0.05240

[dist]
# distance from previous block
# <min> <max>
3	11

[block]
# block no. 6 follows, 41 sequences, length 8
# corresponding to MSA columns:
# 183-190
name=unknown_G
#
# <colnr> <probs for GDERKNQSTAVLIFYWHMCP>
#	G	D	E	R	K	N	Q	S	T	A	V	L	I	F	Y	W	H	M	C	P
0	0.00843	0.00580	0.00768	0.00820	0.00875	0.00591	0.00577	0.02841	0.01091	0.01501	0.06226	0.43391	0.02901	0.07697	0.07060	0.10654	0.03431	0.03559	0.04133	0.00461
1	0.00697	0.00498	0.00664	0.00796	0.00830	0.00465	0.00531	0.00796	0.01095	0.01460	0.03153	0.79525	0.03783	0.01792	0.00730	0.00232	0.00332	0.01626	0.00531	0.00465
2	0.01372	0.00762	0.00948	0.00824	0.01081	0.00703	0.00644	0.01730	0.08556	0.24669	0.32545	0.03615	0.18109	0.01049	0.00636	0.00183	0.00357	0.00894	0.00629	0.00694
3	0.01169	0.00991	0.01062	0.01001	0.01251	0.01096	0.00760	0.02272	0.49810	0.02086	0.03062	0.16134	0.14775	0.01067	0.00624	0.00201	0.00404	0.00912	0.00564	0.00757
4	0.01182	0.00763	0.00998	0.00892	0.01062	0.00786	0.00699	0.01381	0.01395	0.15914	0.30716	0.10272	0.15891	0.01158	0.00866	0.00198	0.13716	0.00940	0.00554	0.00619
5	0.27881	0.07260	0.08416	0.00991	0.01390	0.01314	0.00888	0.10633	0.15189	0.07948	0.01624	0.01639	0.04918	0.00665	0.00478	0.00173	0.00499	0.00491	0.06846	0.00758
6	0.01303	0.05232	0.25619	0.01532	0.02064	0.06435	0.17248	0.04850	0.05158	0.01843	0.01377	0.05255	0.03269	0.00652	0.00631	0.00174	0.04775	0.00566	0.03082	0.08934
7	0.07602	0.50367	0.06361	0.00997	0.01413	0.01840	0.00964	0.01644	0.04727	0.01541	0.01492	0.01582	0.10027	0.00667	0.00541	0.00152	0.06624	0.00455	0.00305	0.00700

[dist]
# distance from previous block
# <min> <max>
1	6

[block]
# block no. 7 follows, 41 sequences, length 14
# corresponding to MSA columns:
# 197-210
name=unknown_H
#
# <colnr> <probs for GDERKNQSTAVLIFYWHMCP>
#	G	D	E	R	K	N	Q	S	T	A	V	L	I	F	Y	W	H	M	C	P
0	0.01075	0.00900	0.01040	0.00915	0.04159	0.00787	0.00674	0.05860	0.06857	0.01924	0.07379	0.06150	0.24157	0.00886	0.00556	0.00147	0.00395	0.00742	0.00454	0.34943
1	0.01381	0.06162	0.05609	0.11232	0.01761	0.01332	0.01079	0.19479	0.01531	0.04797	0.09353	0.10656	0.01712	0.01107	0.05504	0.00240	0.15250	0.00684	0.00422	0.00710
2	0.00747	0.00551	0.00651	0.00683	0.00767	0.00512	0.00461	0.00857	0.01144	0.01492	0.12947	0.25846	0.23615	0.23009	0.03863	0.00325	0.00413	0.01182	0.00486	0.00449
3	0.01479	0.23003	0.05298	0.02550	0.45776	0.06708	0.01498	0.01769	0.01268	0.01677	0.00975	0.01241	0.00836	0.00526	0.00549	0.00158	0.03142	0.00441	0.00271	0.00832
4	0.00758	0.00577	0.00697	0.00679	0.00826	0.00516	0.00505	0.00976	0.01481	0.01994	0.48230	0.09757	0.28315	0.01302	0.00679	0.00188	0.00281	0.01131	0.00591	0.00516
5	0.00880	0.00543	0.00788	0.00805	0.00846	0.00575	0.00568	0.00857	0.00859	0.01182	0.01525	0.12184	0.01591	0.08439	0.28998	0.37111	0.00849	0.00709	0.00313	0.00377
6	0.01819	0.23860	0.01947	0.06739	0.01759	0.32196	0.01049	0.14567	0.01614	0.01828	0.01027	0.01176	0.00833	0.00583	0.00479	0.00147	0.00768	0.00399	0.06485	0.00725
7	0.00704	0.00525	0.00650	0.00734	0.00813	0.00477	0.00504	0.00825	0.01178	0.01535	0.09301	0.54211	0.21042	0.03715	0.00770	0.00227	0.00323	0.01461	0.00534	0.00472
8	0.07549	0.01515	0.01628	0.09194	0.10528	0.11428	0.01137	0.28882	0.08180	0.12238	0.01396	0.01458	0.01013	0.00642	0.00550	0.00173	0.00655	0.00500	0.00474	0.00861
9	0.06596	0.06974	0.01975	0.21345	0.35903	0.07058	0.01452	0.05519	0.01329	0.01819	0.01209	0.01505	0.03759	0.00577	0.00541	0.00171	0.00689	0.00499	0.00303	0.00778
10	0.00970	0.00734	0.01074	0.01121	0.05829	0.00707	0.06142	0.06282	0.01304	0.04376	0.08290	0.53081	0.04914	0.01442	0.00694	0.00214	0.00422	0.01314	0.00514	0.00575
11	0.01582	0.01309	0.01264	0.01108	0.01404	0.11627	0.00859	0.19330	0.21689	0.07647	0.06897	0.13815	0.07094	0.00949	0.00605	0.00186	0.00535	0.00783	0.00541	0.00774
12	0.01632	0.01307	0.01811	0.08227	0.36233	0.06889	0.01335	0.06519	0.05771	0.14748	0.01498	0.07098	0.01227	0.00671	0.00574	0.00175	0.00632	0.00595	0.00409	0.02649
13	0.05798	0.01284	0.04363	0.19517	0.26107	0.02832	0.01350	0.10919	0.07374	0.05562	0.06399	0.01763	0.02965	0.00646	0.00567	0.00179	0.00629	0.00559	0.00388	0.00799

[dist]
# distance from previous block
# <min> <max>
0	33

[block]
# block no. 8 follows, 41 sequences, length 8
# corresponding to MSA columns:
# 244-251
name=unknown_I
#
# <colnr> <probs for GDERKNQSTAVLIFYWHMCP>
#	G	D	E	R	K	N	Q	S	T	A	V	L	I	F	Y	W	H	M	C	P
0	0.37391	0.01038	0.03000	0.00836	0.01176	0.01046	0.00685	0.01703	0.12298	0.04245	0.04457	0.06037	0.11478	0.00772	0.00483	0.00173	0.00421	0.00591	0.00436	0.11737
1	0.06510	0.01025	0.01250	0.00989	0.01393	0.00953	0.00799	0.09318	0.07168	0.39778	0.05459	0.05956	0.01574	0.00733	0.00551	0.00165	0.00466	0.00598	0.00591	0.14724
2	0.01369	0.01080	0.01494	0.01160	0.01558	0.01018	0.10816	0.01926	0.16497	0.10635	0.11484	0.01934	0.01705	0.00664	0.00611	0.00153	0.04236	0.00576	0.00459	0.30626
3	0.00940	0.00605	0.00648	0.00619	0.00805	0.00543	0.00462	0.01154	0.01211	0.01868	0.02884	0.12343	0.20163	0.00966	0.00512	0.00154	0.00301	0.00808	0.41401	0.11612
4	0.00731	0.00565	0.00666	0.00677	0.00815	0.00500	0.00494	0.00913	0.01379	0.01809	0.31655	0.20268	0.34643	0.01414	0.00687	0.00196	0.00291	0.01228	0.00568	0.00500
5	0.05198	0.01154	0.01568	0.33806	0.02571	0.01273	0.01209	0.20031	0.01664	0.23669	0.01453	0.01584	0.00997	0.00638	0.00564	0.00181	0.00637	0.00521	0.00468	0.00816
6	0.01698	0.01384	0.01358	0.01144	0.01478	0.08814	0.00909	0.30836	0.24176	0.02703	0.04639	0.01814	0.01439	0.00835	0.03004	0.00195	0.00581	0.00566	0.11594	0.00831
7	0.04166	0.01004	0.05160	0.00971	0.01324	0.00862	0.00829	0.09050	0.01658	0.35917	0.21596	0.02863	0.06567	0.00899	0.00610	0.00183	0.00453	0.04476	0.00620	0.00792

[dist]
# distance from previous block
# <min> <max>
0	1

[block]
# block no. 9 follows, 41 sequences, length 11
# corresponding to MSA columns:
# 253-263
name=unknown_J
#
# <colnr> <probs for GDERKNQSTAVLIFYWHMCP>
#	G	D	E	R	K	N	Q	S	T	A	V	L	I	F	Y	W	H	M	C	P
0	0.01133	0.01116	0.06451	0.01023	0.01279	0.04610	0.00840	0.01918	0.30858	0.01878	0.08524	0.02657	0.08729	0.07693	0.18321	0.00382	0.00731	0.00709	0.00463	0.00687
1	0.01139	0.00914	0.00945	0.00925	0.01100	0.07688	0.00693	0.05355	0.08190	0.05458	0.02733	0.24832	0.10560	0.11696	0.00960	0.00252	0.00488	0.11611	0.00493	0.03970
2	0.05192	0.07116	0.08388	0.01391	0.01754	0.12823	0.16264	0.01672	0.01312	0.06363	0.09040	0.09996	0.03227	0.00798	0.00705	0.00181	0.08155	0.00674	0.00376	0.04573
3	0.03883	0.01195	0.01665	0.09651	0.01911	0.01286	0.12246	0.18673	0.11893	0.07454	0.12091	0.01978	0.01695	0.00731	0.00663	0.00182	0.05177	0.00624	0.03774	0.03226
4	0.01455	0.01154	0.01458	0.04550	0.14141	0.04250	0.01044	0.07624	0.17821	0.09870	0.09218	0.02192	0.01734	0.06577	0.04362	0.00249	0.09055	0.02024	0.00458	0.00765
5	0.14550	0.01213	0.01281	0.00994	0.01415	0.01230	0.00810	0.30990	0.01779	0.05648	0.01267	0.01354	0.00952	0.00584	0.00476	0.00143	0.00495	0.00436	0.09391	0.24991
6	0.01382	0.01202	0.01580	0.08154	0.14623	0.01304	0.05081	0.04815	0.39656	0.04140	0.02099	0.02099	0.06697	0.00726	0.00584	0.00184	0.00540	0.00635	0.00477	0.04022
7	0.01587	0.00819	0.01030	0.00866	0.01176	0.00728	0.00682	0.01889	0.06453	0.33313	0.15479	0.09064	0.15719	0.00987	0.00611	0.00178	0.00394	0.00836	0.00610	0.07579
8	0.01436	0.01001	0.01146	0.01041	0.01299	0.01070	0.00795	0.14469	0.27279	0.11522	0.02448	0.29495	0.02296	0.01113	0.00632	0.00202	0.00444	0.00963	0.00578	0.00769
9	0.10550	0.00855	0.00944	0.00824	0.01101	0.00876	0.00651	0.02083	0.16304	0.21850	0.06540	0.02085	0.01661	0.00716	0.00495	0.00165	0.00381	0.00574	0.30611	0.00734
10	0.00746	0.00563	0.00694	0.00731	0.00852	0.00511	0.00540	0.00928	0.01342	0.01771	0.27029	0.27662	0.25317	0.01476	0.00702	0.00207	0.00317	0.07551	0.00562	0.00499

[dist]
# distance from previous block
# <min> <max>
2	12

[block]
# block no. 10 follows, 41 sequences, length 28
# corresponding to MSA columns:
# 276-303
name=unknown_K
#
# <colnr> <probs for GDERKNQSTAVLIFYWHMCP>
#	G	D	E	R	K	N	Q	S	T	A	V	L	I	F	Y	W	H	M	C	P
0	0.16555	0.01774	0.04908	0.06308	0.25695	0.23678	0.01300	0.06810	0.01401	0.01931	0.00971	0.01203	0.00787	0.00573	0.00565	0.00170	0.03870	0.00428	0.00314	0.00759
1	0.23990	0.08775	0.03176	0.01022	0.01310	0.01048	0.11002	0.01332	0.01143	0.01856	0.06192	0.19336	0.09894	0.03448	0.03886	0.00231	0.00541	0.00823	0.00403	0.00591
2	0.01051	0.00933	0.01576	0.01304	0.01552	0.00900	0.22799	0.08391	0.01320	0.01758	0.02432	0.36360	0.07390	0.08360	0.00892	0.00241	0.00569	0.01129	0.00445	0.00598
3	0.01220	0.00685	0.00855	0.00796	0.00942	0.00697	0.00589	0.01418	0.03014	0.15448	0.04433	0.12797	0.04217	0.17305	0.09255	0.00334	0.05116	0.00791	0.19512	0.00579
4	0.00771	0.00568	0.00735	0.00822	0.00923	0.00532	0.00626	0.00946	0.01260	0.01652	0.12927	0.36823	0.16059	0.01594	0.00731	0.00228	0.00372	0.21395	0.00542	0.00495
5	0.03840	0.01066	0.01331	0.01045	0.01452	0.01021	0.00855	0.15564	0.05938	0.50543	0.09364	0.02064	0.01732	0.00750	0.00581	0.00177	0.00488	0.00609	0.00662	0.00920
6	0.00779	0.00592	0.00649	0.00636	0.00819	0.00507	0.00476	0.00947	0.01362	0.04770	0.18248	0.09665	0.55751	0.01388	0.00675	0.00192	0.00297	0.01175	0.00556	0.00512
7	0.83938	0.01106	0.00841	0.00752	0.01106	0.01283	0.00619	0.01681	0.00973	0.02566	0.00796	0.00929	0.00619	0.00531	0.00354	0.00177	0.00442	0.00310	0.00354	0.00619
8	0.00785	0.00535	0.00638	0.00684	0.00696	0.00523	0.00411	0.00819	0.00924	0.01232	0.02274	0.30240	0.02675	0.52588	0.02149	0.00442	0.00477	0.01110	0.00411	0.00388
9	0.03617	0.18349	0.38516	0.01347	0.01978	0.08967	0.01510	0.02015	0.01313	0.15534	0.01187	0.01261	0.00853	0.00567	0.00506	0.00165	0.00740	0.00419	0.00336	0.00823
10	0.01703	0.11455	0.02055	0.12272	0.12515	0.35652	0.09069	0.03254	0.01434	0.01575	0.00985	0.01232	0.00803	0.00556	0.00527	0.00158	0.00858	0.00440	0.02740	0.00715
11	0.83938	0.01106	0.00841	0.00752	0.01106	0.01283	0.00619	0.01681	0.00973	0.02566	0.00796	0.00929	0.00619	0.00531	0.00354	0.00177	0.00442	0.00310	0.00354	0.00619
12	0.03187	0.28198	0.02099	0.01285	0.01612	0.30258	0.01078	0.09429	0.01440	0.01627	0.00881	0.01065	0.00761	0.00636	0.00703	0.00160	0.14186	0.00384	0.00300	0.00712
13	0.00738	0.00568	0.00614	0.00631	0.00791	0.00497	0.00469	0.00904	0.01296	0.01667	0.11452	0.14550	0.50519	0.01394	0.00659	0.00193	0.00299	0.03568	0.08698	0.00492
14	0.01098	0.00812	0.00954	0.00937	0.01096	0.00840	0.00685	0.18824	0.05835	0.02039	0.02760	0.53515	0.05405	0.01452	0.00681	0.00214	0.00410	0.01285	0.00544	0.00615
15	0.00789	0.00592	0.00716	0.00780	0.00864	0.00577	0.00534	0.01042	0.08453	0.01568	0.07499	0.48890	0.12434	0.11299	0.00976	0.00261	0.00363	0.01344	0.00519	0.00500
16	0.01016	0.00903	0.01286	0.01167	0.01225	0.01173	0.00944	0.01190	0.00969	0.01446	0.08537	0.01990	0.01510	0.02472	0.35266	0.00539	0.36885	0.00603	0.00313	0.00566
17	0.01207	0.01166	0.01653	0.31105	0.12863	0.08717	0.05363	0.03913	0.01211	0.01566	0.01181	0.01666	0.00986	0.01640	0.22879	0.00394	0.01007	0.00534	0.00290	0.00659
18	0.61099	0.01306	0.01061	0.00914	0.01280	0.06563	0.00744	0.14126	0.04368	0.02656	0.00963	0.01061	0.00734	0.00571	0.00411	0.00175	0.00515	0.00362	0.00396	0.00694
19	0.01261	0.25104	0.09449	0.03759	0.23493	0.01424	0.01207	0.01586	0.03590	0.01705	0.11629	0.01992	0.04654	0.06047	0.00684	0.00186	0.00589	0.00567	0.00339	0.00735
20	0.00698	0.00572	0.00619	0.00649	0.00811	0.00493	0.00485	0.00846	0.01277	0.01557	0.06520	0.17351	0.58321	0.01507	0.00692	0.00204	0.00312	0.06069	0.00533	0.00484
21	0.01920	0.01695	0.01503	0.01262	0.01620	0.21610	0.00999	0.30905	0.14930	0.07328	0.01615	0.01639	0.03402	0.00946	0.05804	0.00221	0.00747	0.00531	0.00490	0.00833
22	0.01264	0.01162	0.01901	0.53177	0.17891	0.01345	0.04474	0.08706	0.01335	0.01767	0.01069	0.01489	0.00816	0.00567	0.00575	0.00185	0.00741	0.00516	0.00293	0.00727
23	0.01346	0.50413	0.06090	0.00994	0.01374	0.06106	0.00933	0.01531	0.01150	0.01376	0.01315	0.09131	0.03684	0.05743	0.04943	0.00214	0.02172	0.00530	0.00295	0.00662
24	0.00976	0.00810	0.01116	0.16708	0.09090	0.00862	0.00899	0.01314	0.08466	0.01563	0.02558	0.08254	0.14577	0.19103	0.01165	0.00285	0.00536	0.10733	0.00413	0.00572
25	0.01779	0.01373	0.01543	0.08857	0.01852	0.01515	0.01044	0.45477	0.14811	0.02935	0.01587	0.06290	0.01248	0.00740	0.00573	0.00175	0.00580	0.00593	0.00524	0.06503
26	0.04211	0.01299	0.01633	0.04353	0.21645	0.08701	0.03291	0.07991	0.07406	0.13441	0.01497	0.05914	0.01217	0.00907	0.05798	0.00219	0.00680	0.00569	0.00420	0.08811
27	0.01825	0.04103	0.01486	0.01280	0.01588	0.43498	0.00982	0.10934	0.15005	0.01852	0.01706	0.01767	0.08424	0.02347	0.00596	0.00171	0.00784	0.00527	0.00403	0.00722

[dist]
# distance from previous block
# <min> <max>
0	3

[block]
# block no. 11 follows, 41 sequences, length 20
# corresponding to MSA columns:
# 307-326
name=unknown_L
#
# <colnr> <probs for GDERKNQSTAVLIFYWHMCP>
#	G	D	E	R	K	N	Q	S	T	A	V	L	I	F	Y	W	H	M	C	P
0	0.00884	0.00629	0.00728	0.00733	0.00861	0.00599	0.00521	0.03442	0.04521	0.03863	0.11183	0.23453	0.23397	0.16161	0.01093	0.00268	0.00378	0.03247	0.03527	0.00511
1	0.01212	0.01101	0.01733	0.26164	0.35198	0.03032	0.01396	0.01520	0.01216	0.01695	0.01333	0.08107	0.01197	0.03612	0.00651	0.00192	0.00639	0.00613	0.08669	0.00720
2	0.01354	0.01422	0.02209	0.09155	0.05201	0.11218	0.32624	0.01864	0.09834	0.01827	0.06037	0.01790	0.01302	0.00810	0.04946	0.00222	0.00824	0.00619	0.06023	0.00719
3	0.00866	0.00743	0.00958	0.00922	0.01000	0.00845	0.00703	0.01000	0.01127	0.01525	0.10474	0.24765	0.22455	0.04867	0.03339	0.00255	0.22111	0.01078	0.00449	0.00518
4	0.01627	0.01383	0.01509	0.01248	0.01611	0.05726	0.05753	0.26476	0.33475	0.02594	0.02140	0.02120	0.07900	0.02997	0.00655	0.00194	0.00567	0.00643	0.00532	0.00853
5	0.03738	0.00890	0.00954	0.00851	0.01076	0.05592	0.00646	0.05326	0.06571	0.14366	0.27156	0.06318	0.14641	0.08327	0.00836	0.00217	0.00422	0.00873	0.00562	0.00639
6	0.39346	0.01435	0.05961	0.01028	0.01425	0.05693	0.00885	0.24020	0.05426	0.02733	0.01142	0.01230	0.00855	0.00604	0.00457	0.00172	0.00547	0.00415	0.05872	0.00753
7	0.24554	0.01261	0.04008	0.01251	0.08439	0.04103	0.00922	0.08848	0.22800	0.04833	0.08464	0.05122	0.01620	0.00737	0.00527	0.00182	0.00503	0.00585	0.00472	0.00770
8	0.01640	0.01294	0.01465	0.04768	0.10680	0.09764	0.01035	0.18085	0.07053	0.10406	0.01472	0.01673	0.01143	0.01251	0.12964	0.00292	0.05285	0.00531	0.08424	0.00774
9	0.01792	0.10112	0.02740	0.06016	0.03834	0.01272	0.00964	0.21232	0.01696	0.19175	0.02929	0.01470	0.01086	0.00594	0.00512	0.00146	0.00546	0.00467	0.00472	0.22947
10	0.00687	0.00580	0.00595	0.00591	0.00779	0.00488	0.00443	0.00842	0.01330	0.01607	0.11607	0.05403	0.70247	0.01425	0.00676	0.00192	0.00288	0.01193	0.00539	0.00488
11	0.01465	0.01395	0.01411	0.08285	0.15121	0.20401	0.01038	0.03084	0.06486	0.08039	0.07839	0.07661	0.13669	0.00864	0.00593	0.00177	0.00625	0.00718	0.00429	0.00701
12	0.83938	0.01106	0.00841	0.00752	0.01106	0.01283	0.00619	0.01681	0.00973	0.02566	0.00796	0.00929	0.00619	0.00531	0.00354	0.00177	0.00442	0.00310	0.00354	0.00619
13	0.00737	0.00617	0.00647	0.00641	0.00828	0.00547	0.00479	0.00985	0.05996	0.01667	0.12231	0.08823	0.61007	0.01396	0.00673	0.00194	0.00300	0.01176	0.00544	0.00514
14	0.01652	0.01650	0.19669	0.01347	0.01709	0.05621	0.01293	0.04707	0.01286	0.21662	0.01304	0.01462	0.00965	0.00761	0.01010	0.00200	0.27956	0.00496	0.04469	0.00782
15	0.00821	0.00550	0.00627	0.00637	0.00640	0.00548	0.00361	0.00829	0.00852	0.01136	0.01906	0.09574	0.02211	0.73888	0.02743	0.00530	0.00537	0.00893	0.00361	0.00356
16	0.01324	0.19651	0.07564	0.01995	0.27367	0.04854	0.08147	0.01608	0.01229	0.01647	0.01302	0.09505	0.01234	0.05121	0.00667	0.00187	0.00654	0.00600	0.04603	0.00742
17	0.01187	0.01148	0.01882	0.04399	0.06019	0.01247	0.21509	0.05243	0.04441	0.01711	0.02059	0.02535	0.14564	0.07859	0.01138	0.00238	0.18952	0.02847	0.00361	0.00660
18	0.01215	0.01011	0.01505	0.06371	0.30575	0.01063	0.01139	0.05842	0.01323	0.01921	0.07073	0.05192	0.05270	0.03553	0.01765	0.00202	0.06115	0.03400	0.14756	0.00706
19	0.13873	0.07781	0.01529	0.03848	0.08151	0.04773	0.00990	0.06758	0.11231	0.08620	0.01398	0.06427	0.01203	0.04181	0.00859	0.00203	0.14414	0.00560	0.00402	0.02799

[dist]
# distance from previous block
# <min> <max>
2	23

[block]
# block no. 12 follows, 41 sequences, length 17
# corresponding to MSA columns:
# 350-366
name=unknown_M
#
# <colnr> <probs for GDERKNQSTAVLIFYWHMCP>
#	G	D	E	R	K	N	Q	S	T	A	V	L	I	F	Y	W	H	M	C	P
0	0.01146	0.00944	0.01311	0.01243	0.05772	0.00984	0.08363	0.01706	0.19451	0.05398	0.04334	0.19581	0.12146	0.01081	0.00726	0.00201	0.06031	0.03300	0.03807	0.02477
1	0.03998	0.01261	0.01697	0.01382	0.01672	0.13624	0.21903	0.01468	0.01300	0.01672	0.10061	0.05337	0.12858	0.01457	0.14134	0.00314	0.04121	0.00748	0.00376	0.00617
2	0.00831	0.00604	0.00811	0.00929	0.01039	0.00584	0.00757	0.01035	0.01252	0.01622	0.03365	0.27160	0.11364	0.01626	0.00761	0.00247	0.00445	0.44536	0.00528	0.00504
3	0.00831	0.00557	0.00638	0.00638	0.00643	0.00562	0.00364	0.00841	0.00836	0.01119	0.01789	0.03672	0.02049	0.76304	0.06463	0.00572	0.00601	0.00821	0.00345	0.00354
4	0.00786	0.00578	0.00736	0.00709	0.00843	0.00528	0.00527	0.01030	0.01546	0.02149	0.62856	0.09694	0.13397	0.01245	0.00679	0.00185	0.00276	0.01096	0.00611	0.00528
5	0.01251	0.00835	0.00865	0.00787	0.01010	0.00898	0.00610	0.09689	0.20815	0.02317	0.02230	0.02305	0.07116	0.00756	0.00487	0.00158	0.00357	0.00612	0.46229	0.00675
6	0.01763	0.01243	0.01318	0.01066	0.01413	0.01366	0.00863	0.44904	0.10140	0.03035	0.01624	0.01682	0.01204	0.00690	0.00522	0.00163	0.00502	0.00535	0.25133	0.00835
7	0.01332	0.19196	0.15852	0.09560	0.01807	0.14786	0.01151	0.04150	0.01321	0.01621	0.08027	0.09261	0.03174	0.05591	0.00681	0.00191	0.00679	0.00613	0.00340	0.00668
8	0.01746	0.08339	0.13701	0.01514	0.02013	0.09816	0.14700	0.25824	0.01786	0.07445	0.01383	0.01493	0.03682	0.00640	0.00611	0.00174	0.03366	0.00526	0.00409	0.00833
9	0.59440	0.01339	0.09305	0.01167	0.09457	0.01294	0.00920	0.05044	0.01121	0.02442	0.00914	0.01073	0.00706	0.00542	0.00409	0.00175	0.00515	0.00361	0.03089	0.00689
10	0.00790	0.00584	0.00738	0.00699	0.00843	0.00531	0.00524	0.01042	0.01573	0.02185	0.65854	0.04451	0.15639	0.01210	0.00675	0.00182	0.00273	0.01059	0.00615	0.00531
11	0.06676	0.00623	0.00778	0.00770	0.00888	0.00677	0.00576	0.01072	0.01015	0.01563	0.05347	0.02718	0.07685	0.14418	0.39905	0.00604	0.00965	0.00680	0.12547	0.00496
12	0.00852	0.00537	0.00615	0.00653	0.00754	0.00513	0.00462	0.01029	0.01175	0.01749	0.07724	0.26871	0.13484	0.06845	0.03356	0.00232	0.00354	0.01028	0.31276	0.00491
13	0.00824	0.00587	0.00787	0.00787	0.00844	0.00643	0.00550	0.00937	0.00880	0.01230	0.01653	0.02915	0.01720	0.38056	0.44262	0.00756	0.01096	0.00711	0.00324	0.00437
14	0.01579	0.13239	0.03356	0.01166	0.01477	0.25249	0.00953	0.06594	0.14109	0.03845	0.08670	0.06439	0.03474	0.00836	0.00564	0.00173	0.00658	0.06475	0.00433	0.00709
15	0.00713	0.00526	0.00669	0.00759	0.00833	0.00482	0.00527	0.00844	0.01196	0.01578	0.12049	0.56753	0.15713	0.01658	0.00716	0.00221	0.00323	0.03421	0.00542	0.00478
16	0.01313	0.01222	0.01866	0.02108	0.27264	0.01363	0.07397	0.06530	0.09313	0.01858	0.01534	0.11506	0.03082	0.00854	0.00923	0.00203	0.19839	0.00695	0.00365	0.00764

[dist]
# distance from previous block
# <min> <max>
5	9

[block]
# block no. 13 follows, 41 sequences, length 7
# corresponding to MSA columns:
# 376-382
name=unknown_N
#
# <colnr> <probs for GDERKNQSTAVLIFYWHMCP>
#	G	D	E	R	K	N	Q	S	T	A	V	L	I	F	Y	W	H	M	C	P
0	0.01249	0.01452	0.12462	0.23001	0.37657	0.01291	0.04083	0.01686	0.03930	0.01753	0.01345	0.01657	0.04750	0.00588	0.00574	0.00180	0.00706	0.00544	0.00293	0.00799
1	0.01044	0.00881	0.01155	0.01126	0.05353	0.03746	0.06835	0.04428	0.07722	0.01802	0.16688	0.11931	0.07820	0.16839	0.03114	0.00288	0.00533	0.07643	0.00470	0.00582
2	0.01029	0.00955	0.00961	0.00990	0.05472	0.10212	0.00700	0.01368	0.08009	0.01912	0.31050	0.03988	0.25618	0.01127	0.00646	0.00184	0.00423	0.04236	0.00529	0.00591
3	0.00695	0.00505	0.00656	0.00776	0.00824	0.00466	0.00522	0.00799	0.01115	0.01468	0.03401	0.72560	0.10587	0.01760	0.00725	0.00229	0.00328	0.01587	0.00531	0.00466
4	0.05210	0.50299	0.13009	0.01163	0.01695	0.01884	0.05440	0.05013	0.01284	0.08838	0.01015	0.01114	0.00812	0.00528	0.00438	0.00145	0.00646	0.00379	0.00311	0.00780
5	0.01689	0.15557	0.01752	0.01312	0.04687	0.22576	0.01017	0.13156	0.19980	0.01984	0.01379	0.01482	0.01104	0.01018	0.08619	0.00240	0.00790	0.00481	0.00400	0.00777
6	0.01269	0.19070	0.05308	0.01045	0.01342	0.06206	0.00922	0.06802	0.06346	0.01724	0.01952	0.03332	0.03881	0.10743	0.00878	0.00235	0.00590	0.23786	0.00410	0.04160

[dist]
# distance from previous block
# <min> <max>
1	5

[block]
# block no. 14 follows, 41 sequences, length 11
# corresponding to MSA columns:
# 388-398
name=unknown_O
#
# <colnr> <probs for GDERKNQSTAVLIFYWHMCP>
#	G	D	E	R	K	N	Q	S	T	A	V	L	I	F	Y	W	H	M	C	P
0	0.01287	0.04815	0.02323	0.00979	0.01286	0.10522	0.01931	0.05224	0.10473	0.04532	0.06609	0.09219	0.10522	0.06627	0.03249	0.00211	0.00552	0.00707	0.00439	0.18492
1	0.01419	0.01451	0.01131	0.01050	0.01279	0.29486	0.00803	0.01706	0.06139	0.05398	0.23887	0.03161	0.13292	0.00978	0.00614	0.00177	0.00600	0.06326	0.00483	0.00620
2	0.15275	0.01172	0.01399	0.09826	0.01681	0.01423	0.01019	0.17397	0.09073	0.02189	0.01219	0.01499	0.00989	0.01197	0.10778	0.00291	0.19707	0.00503	0.02652	0.00713
3	0.01160	0.00684	0.00784	0.10647	0.01180	0.00731	0.00610	0.07404	0.01316	0.02168	0.01716	0.01991	0.01335	0.00656	0.00436	0.00144	0.00361	0.00528	0.65568	0.00583
4	0.01565	0.01053	0.01176	0.01098	0.07029	0.01126	0.00798	0.32490	0.01842	0.02739	0.01595	0.01753	0.01212	0.00663	0.00486	0.00152	0.00453	0.00524	0.41495	0.00749
5	0.01674	0.01078	0.01223	0.06992	0.01505	0.05730	0.00847	0.10577	0.15541	0.21476	0.04405	0.02146	0.07002	0.00948	0.00807	0.11834	0.00522	0.00613	0.04337	0.00743
6	0.00847	0.00624	0.00786	0.00863	0.00977	0.00602	0.00657	0.05449	0.01290	0.01676	0.03451	0.42093	0.15588	0.01608	0.00728	0.00231	0.00397	0.21085	0.00532	0.00516
7	0.01191	0.01183	0.02247	0.24423	0.15428	0.01218	0.28264	0.01564	0.01244	0.01702	0.01374	0.10724	0.01218	0.00677	0.00619	0.00190	0.00747	0.00703	0.04579	0.00707
8	0.01378	0.01294	0.01947	0.09147	0.15805	0.01415	0.13697	0.05590	0.25063	0.02018	0.01459	0.01643	0.01137	0.00657	0.00736	0.00188	0.09844	0.00570	0.00391	0.06024
9	0.21777	0.09553	0.01470	0.03855	0.01525	0.07220	0.03195	0.06567	0.10795	0.17257	0.04988	0.01542	0.01225	0.00631	0.00493	0.00166	0.00547	0.00479	0.00458	0.06258
10	0.13239	0.03139	0.04726	0.08559	0.01745	0.01407	0.03392	0.14018	0.04351	0.06791	0.07600	0.01589	0.01261	0.00752	0.00880	0.00192	0.20882	0.00523	0.00400	0.04555

[dist]
# distance from previous block
# <min> <max>
0	8

[block]
# block no. 15 follows, 41 sequences, length 49
# corresponding to MSA columns:
# 407-455
name=unknown_P
#
# <colnr> <probs for GDERKNQSTAVLIFYWHMCP>
#	G	D	E	R	K	N	Q	S	T	A	V	L	I	F	Y	W	H	M	C	P
0	0.05247	0.14784	0.22588	0.05436	0.01962	0.24699	0.01343	0.05169	0.01379	0.04102	0.00980	0.01144	0.00767	0.00573	0.00546	0.00159	0.03699	0.00395	0.00299	0.04728
1	0.04359	0.13247	0.45854	0.01388	0.02044	0.07780	0.01605	0.01819	0.04058	0.01747	0.01044	0.01219	0.00800	0.00693	0.03672	0.00194	0.00795	0.00408	0.00274	0.06999
2	0.27316	0.01299	0.01497	0.03656	0.01660	0.01405	0.08247	0.31311	0.01790	0.08382	0.01560	0.01611	0.06525	0.00673	0.00523	0.00178	0.00573	0.00524	0.00473	0.00795
3	0.00982	0.00828	0.01245	0.01160	0.01267	0.00958	0.06368	0.01176	0.01053	0.01466	0.01864	0.07070	0.01956	0.11600	0.19925	0.00448	0.18588	0.21137	0.00371	0.00539
4	0.00787	0.00536	0.00637	0.00681	0.00692	0.00525	0.00408	0.00820	0.00919	0.01226	0.02252	0.28977	0.02647	0.53890	0.02185	0.00447	0.00480	0.01096	0.00408	0.00386
5	0.00882	0.00610	0.00821	0.00850	0.00980	0.00579	0.00676	0.01127	0.01454	0.04041	0.40497	0.14135	0.04381	0.01371	0.00718	0.00214	0.00370	0.25174	0.00585	0.00538
6	0.00803	0.00584	0.00755	0.00713	0.00850	0.00537	0.00534	0.01066	0.01603	0.02256	0.72493	0.04335	0.08956	0.01183	0.00675	0.00181	0.00271	0.01043	0.00625	0.00537
7	0.77012	0.01095	0.00882	0.00775	0.01136	0.01245	0.00638	0.01776	0.01030	0.08879	0.00921	0.01016	0.00687	0.00546	0.00373	0.00177	0.00446	0.00332	0.00384	0.00650
8	0.01114	0.01006	0.01626	0.53963	0.11947	0.01182	0.01422	0.04908	0.01230	0.01613	0.01369	0.13489	0.01254	0.00757	0.00596	0.00194	0.00680	0.00681	0.00315	0.00658
9	0.04906	0.31786	0.29138	0.01325	0.01922	0.07409	0.04862	0.05087	0.01309	0.05944	0.01010	0.01139	0.00782	0.00539	0.00476	0.00156	0.00730	0.00395	0.00295	0.00790
10	0.01529	0.80242	0.02997	0.00979	0.01468	0.02263	0.00979	0.01713	0.01162	0.01346	0.00795	0.00918	0.00734	0.00489	0.00367	0.00122	0.00612	0.00306	0.00245	0.00734
11	0.06876	0.00980	0.01302	0.01004	0.01441	0.00864	0.00829	0.02729	0.01602	0.72798	0.02179	0.01893	0.01374	0.00699	0.00563	0.00177	0.00484	0.00561	0.00689	0.00955
12	0.00752	0.00568	0.00696	0.00707	0.00838	0.00512	0.00522	0.00950	0.01408	0.01883	0.37896	0.20307	0.25435	0.01394	0.00691	0.00198	0.00298	0.03862	0.00577	0.00507
13	0.00817	0.00613	0.00919	0.00919	0.01021	0.00715	0.00715	0.01021	0.00919	0.01328	0.01532	0.02247	0.01430	0.04290	0.77631	0.00919	0.01532	0.00613	0.00306	0.00511
14	0.01049	0.00535	0.00540	0.00540	0.00663	0.00535	0.00396	0.01295	0.01172	0.02056	0.01861	0.02254	0.01512	0.06621	0.00589	0.00165	0.00288	0.00556	0.76856	0.00519
15	0.00820	0.00603	0.00869	0.00869	0.00954	0.00688	0.00652	0.00989	0.00904	0.01291	0.01578	0.02502	0.01541	0.17166	0.64907	0.00857	0.01366	0.00650	0.00313	0.00483
16	0.01476	0.01341	0.01318	0.01187	0.01508	0.07148	0.00920	0.02983	0.69760	0.02318	0.02220	0.02051	0.01670	0.00762	0.00577	0.00190	0.00496	0.00626	0.00560	0.00887
17	0.01367	0.01070	0.01231	0.13709	0.01703	0.03181	0.00892	0.20781	0.04978	0.06137	0.04307	0.02856	0.25463	0.00919	0.00623	0.00179	0.02214	0.00744	0.02273	0.05372
18	0.01384	0.50821	0.31144	0.01227	0.01852	0.01907	0.01411	0.01750	0.01180	0.01523	0.00883	0.01028	0.00730	0.00510	0.00434	0.00145	0.00701	0.00350	0.00243	0.00776
19	0.80312	0.04588	0.00936	0.00762	0.01122	0.01326	0.00635	0.01683	0.00982	0.02513	0.00796	0.00929	0.00624	0.00529	0.00355	0.00175	0.00450	0.00310	0.00349	0.00624
20	0.01096	0.01033	0.01744	0.74955	0.07383	0.01275	0.01596	0.01475	0.01151	0.01481	0.01019	0.01520	0.00769	0.00569	0.00572	0.00190	0.00759	0.00508	0.00256	0.00648
21	0.73401	0.01089	0.00904	0.00787	0.01152	0.01226	0.00648	0.01825	0.01059	0.12170	0.00986	0.01061	0.00723	0.00554	0.00383	0.00177	0.00448	0.00344	0.00400	0.00665
22	0.01230	0.01042	0.01209	0.00868	0.01374	0.00807	0.00696	0.04652	0.01252	0.01940	0.01032	0.01194	0.00853	0.00435	0.00430	0.00089	0.00433	0.00347	0.00349	0.79768
23	0.01134	0.00612	0.00627	0.00603	0.00756	0.00624	0.00457	0.06804	0.01307	0.02215	0.01882	0.05258	0.01524	0.00714	0.00426	0.00140	0.00297	0.00577	0.73479	0.00563
24	0.00813	0.00585	0.00804	0.00814	0.00877	0.00644	0.00581	0.00943	0.00904	0.01266	0.01742	0.08543	0.01819	0.28805	0.47440	0.00748	0.01123	0.00761	0.00336	0.00454
25	0.02566	0.00973	0.01327	0.01018	0.01460	0.00841	0.00841	0.02788	0.01637	0.76726	0.02257	0.01947	0.01416	0.00708	0.00575	0.00177	0.00487	0.00575	0.00708	0.00973
26	0.00706	0.00555	0.00634	0.00674	0.00796	0.00501	0.00477	0.00830	0.01172	0.01466	0.04343	0.27249	0.42528	0.08472	0.06667	0.00290	0.00418	0.01256	0.00498	0.00468
27	0.08338	0.22572	0.30212	0.03720	0.11704	0.08080	0.01507	0.04585	0.01279	0.01785	0.00954	0.01136	0.00754	0.00534	0.00484	0.00161	0.00734	0.00395	0.00275	0.00789
28	0.79996	0.01079	0.00826	0.00742	0.01085	0.01247	0.00609	0.01665	0.00984	0.02546	0.00847	0.00986	0.00660	0.00537	0.00356	0.00175	0.00434	0.00320	0.04289	0.00615
29	0.01508	0.01438	0.05301	0.15078	0.11134	0.06708	0.15236	0.11981	0.11238	0.06242	0.01479	0.01753	0.02692	0.04818	0.00713	0.00201	0.00718	0.00582	0.00390	0.00788
30	0.01416	0.01359	0.02322	0.03511	0.76330	0.01359	0.01755	0.01755	0.01302	0.01869	0.01076	0.01416	0.00906	0.00510	0.00566	0.00170	0.00680	0.00510	0.00283	0.00906
31	0.01396	0.01382	0.06173	0.02320	0.35431	0.01339	0.07185	0.07195	0.20334	0.02141	0.06389	0.01864	0.02945	0.00652	0.00587	0.00180	0.00615	0.00602	0.00406	0.00864
32	0.00856	0.00607	0.00735	0.00753	0.00851	0.00612	0.00548	0.02451	0.01167	0.01628	0.06718	0.26663	0.18074	0.07422	0.04651	0.03351	0.05089	0.03003	0.14331	0.00491
33	0.00767	0.00576	0.00699	0.00746	0.00855	0.00532	0.00528	0.03590	0.01303	0.01712	0.16946	0.43951	0.22592	0.01550	0.00700	0.00210	0.00321	0.01370	0.00550	0.00502
34	0.05816	0.04216	0.05703	0.14070	0.02056	0.01283	0.08287	0.08089	0.01372	0.22925	0.01389	0.01575	0.01013	0.00950	0.06554	0.00246	0.12731	0.00529	0.00420	0.00776
35	0.01006	0.00503	0.00708	0.00708	0.00731	0.00503	0.00480	0.00848	0.00825	0.01193	0.01146	0.01808	0.01076	0.01756	0.01914	0.68785	0.00456	0.00503	0.14752	0.00298
36	0.00810	0.00653	0.03541	0.00752	0.00843	0.00589	0.00544	0.00950	0.01100	0.01513	0.19389	0.14511	0.05991	0.32528	0.13377	0.00448	0.00606	0.00960	0.00437	0.00458
37	0.39792	0.01240	0.01369	0.27337	0.10657	0.07680	0.01116	0.01666	0.01122	0.02017	0.00910	0.01194	0.00710	0.00547	0.00465	0.00178	0.00627	0.00404	0.00307	0.00661
38	0.01648	0.01555	0.01954	0.01777	0.11706	0.10700	0.10129	0.22929	0.01626	0.02174	0.01072	0.01338	0.00869	0.00778	0.02669	0.00205	0.21232	0.00506	0.00364	0.04770
39	0.01344	0.01358	0.01430	0.01280	0.01411	0.16818	0.01022	0.05381	0.04198	0.01525	0.01133	0.01578	0.01025	0.01976	0.26466	0.00444	0.30159	0.00517	0.00309	0.00625
40	0.00712	0.00516	0.00675	0.00789	0.00844	0.00479	0.00543	0.00831	0.01147	0.01520	0.07004	0.66903	0.09033	0.01726	0.00726	0.00228	0.00335	0.04978	0.00536	0.00473
41	0.00715	0.00553	0.00652	0.00686	0.00811	0.00490	0.00492	0.00874	0.01308	0.01693	0.21474	0.30161	0.35045	0.01498	0.00694	0.00203	0.00299	0.01308	0.00554	0.00490
42	0.00922	0.00658	0.00807	0.00778	0.00954	0.00620	0.00607	0.01255	0.06742	0.05630	0.40798	0.04595	0.21293	0.01241	0.00679	0.00195	0.00333	0.10730	0.00593	0.00571
43	0.05690	0.00674	0.00834	0.00784	0.00954	0.00643	0.00589	0.04222	0.01517	0.08926	0.45891	0.18486	0.06184	0.01201	0.00654	0.00190	0.00327	0.01051	0.00597	0.00585
