[name]
unknown

[dist]
# distance from previous block
# <min> <max>
0	1

[block]
# block no. 0 follows, 46 sequences, length 94
# corresponding to MSA columns:
# 8-24,35-95,97-112
name=unknown_A
#
# <colnr> <probs for GDERKNQSTAVLIFYWHMCP>
#	G	D	E	R	K	N	Q	S	T	A	V	L	I	F	Y	W	H	M	C	P
0	0.01829	0.05051	0.01186	0.00949	0.01267	0.00791	0.00808	0.02044	0.01394	0.49494	0.02246	0.03100	0.01838	0.00905	0.00586	0.00187	0.00468	0.24525	0.00578	0.00754
1	0.01472	0.01334	0.01242	0.01147	0.05157	0.18312	0.00819	0.25642	0.01532	0.01909	0.01378	0.08798	0.01339	0.22300	0.01167	0.00257	0.04576	0.00614	0.00385	0.00621
2	0.00761	0.00514	0.00575	0.00575	0.00584	0.00509	0.00324	0.00768	0.00791	0.01046	0.01853	0.03542	0.05788	0.77346	0.02586	0.00496	0.00500	0.00786	0.00329	0.00327
3	0.01076	0.02979	0.01028	0.01033	0.01174	0.16711	0.00846	0.01267	0.01222	0.01466	0.02269	0.16089	0.02469	0.01255	0.00705	0.00213	0.04075	0.43182	0.00426	0.00512
4	0.01128	0.01195	0.06016	0.03328	0.02039	0.01084	0.40219	0.09012	0.01292	0.01748	0.01639	0.25499	0.01619	0.00836	0.00621	0.00187	0.00673	0.00860	0.00359	0.00647
5	0.04904	0.12876	0.01324	0.00993	0.05232	0.10579	0.00740	0.01404	0.01138	0.04919	0.01403	0.19894	0.01410	0.00737	0.00471	0.00134	0.00482	0.00609	0.00350	0.30398
6	0.01900	0.01782	0.01547	0.01352	0.05624	0.27601	0.01023	0.42472	0.05759	0.02473	0.01225	0.01273	0.02329	0.00613	0.00513	0.00152	0.00695	0.00449	0.00429	0.00788
7	0.00982	0.00842	0.01132	0.19041	0.04991	0.00801	0.00829	0.01308	0.04963	0.01746	0.20497	0.02145	0.05913	0.00665	0.00506	0.00136	0.00433	0.00573	0.00381	0.32118
8	0.00748	0.00540	0.00707	0.00665	0.00790	0.00499	0.00499	0.00998	0.01496	0.02120	0.77844	0.03949	0.04988	0.01081	0.00624	0.00166	0.00249	0.00956	0.00582	0.00499
9	0.01301	0.01928	0.29298	0.02340	0.37930	0.09548	0.05356	0.03068	0.01230	0.01690	0.00968	0.01208	0.00761	0.00492	0.00516	0.00160	0.00729	0.00436	0.00254	0.00789
10	0.00755	0.00566	0.00850	0.00850	0.00944	0.00661	0.00661	0.00944	0.00850	0.01227	0.01416	0.02077	0.01322	0.03965	0.79326	0.00850	0.01416	0.00566	0.00283	0.00472
11	0.02112	0.00842	0.01144	0.00897	0.01260	0.00733	0.00733	0.02324	0.01510	0.66279	0.14198	0.02143	0.01897	0.00722	0.00546	0.00164	0.00418	0.00599	0.00643	0.00836
12	0.00985	0.00493	0.00493	0.00493	0.00616	0.00493	0.00370	0.01232	0.01109	0.01971	0.01725	0.01971	0.01355	0.00616	0.00370	0.00123	0.00246	0.00493	0.84356	0.00493
13	0.01537	0.01055	0.01200	0.00989	0.01287	0.01117	0.00789	0.36742	0.07495	0.10288	0.21380	0.09771	0.02301	0.00857	0.00568	0.00168	0.00444	0.00714	0.00552	0.00746
14	0.00985	0.00493	0.00493	0.00493	0.00616	0.00493	0.00370	0.01232	0.01109	0.01971	0.01725	0.01971	0.01355	0.00616	0.00370	0.00123	0.00246	0.00493	0.84356	0.00493
15	0.85155	0.01022	0.00777	0.00695	0.01022	0.01186	0.00573	0.01554	0.00900	0.02372	0.00736	0.00859	0.00573	0.00491	0.00327	0.00164	0.00409	0.00286	0.00327	0.00573
16	0.00682	0.00539	0.00638	0.00664	0.00771	0.00505	0.00481	0.00795	0.01123	0.01432	0.10405	0.29890	0.39530	0.01423	0.00761	0.03908	0.04367	0.01168	0.00474	0.00442
17	0.00648	0.00463	0.00617	0.00733	0.00768	0.00432	0.00491	0.00746	0.01031	0.01379	0.05806	0.78099	0.03554	0.01634	0.00673	0.00213	0.00304	0.01482	0.00494	0.00432
18	0.01920	0.02376	0.01485	0.01337	0.01606	0.70904	0.01011	0.05953	0.01521	0.01403	0.00938	0.01069	0.02409	0.00580	0.00524	0.00141	0.03542	0.00369	0.00289	0.00623
19	0.01096	0.00940	0.01096	0.00783	0.01253	0.00705	0.00626	0.01331	0.01096	0.01723	0.00940	0.01096	0.00783	0.00392	0.00392	0.00078	0.00392	0.00313	0.00313	0.84653
20	0.00633	0.00505	0.00567	0.00617	0.00735	0.00439	0.00438	0.00750	0.01127	0.01396	0.04367	0.35837	0.47798	0.01467	0.00645	0.00193	0.00284	0.01272	0.00491	0.00439
21	0.01661	0.01650	0.01368	0.01195	0.01509	0.26664	0.00929	0.16588	0.38410	0.02127	0.01551	0.01508	0.01175	0.00646	0.00516	0.00161	0.00623	0.00491	0.00450	0.00776
22	0.01355	0.01353	0.02051	0.06038	0.67193	0.08116	0.01550	0.01675	0.02514	0.01683	0.00996	0.01292	0.00832	0.00484	0.00520	0.00156	0.00656	0.00462	0.00266	0.00808
23	0.00662	0.00473	0.00634	0.00757	0.00796	0.00445	0.00522	0.00768	0.01030	0.01370	0.02904	0.74472	0.03457	0.01639	0.00680	0.00217	0.00323	0.07927	0.00490	0.00434
24	0.00764	0.00532	0.00674	0.00674	0.00707	0.00565	0.00441	0.00831	0.00797	0.01097	0.01577	0.02968	0.01709	0.53912	0.29909	0.00632	0.00833	0.00697	0.00307	0.00374
25	0.00769	0.00513	0.00577	0.00577	0.00577	0.00513	0.00320	0.00769	0.00769	0.01025	0.01666	0.03460	0.01922	0.81421	0.02691	0.00513	0.00513	0.00769	0.00320	0.00320
26	0.00985	0.00493	0.00493	0.00493	0.00616	0.00493	0.00370	0.01232	0.01109	0.01971	0.01725	0.01971	0.01355	0.00616	0.00370	0.00123	0.00246	0.00493	0.84356	0.00493
27	0.01026	0.00967	0.01635	0.73388	0.10190	0.01182	0.01482	0.01375	0.01070	0.01384	0.00944	0.01401	0.00716	0.00523	0.00528	0.00174	0.00698	0.00470	0.00237	0.00609
28	0.01144	0.01139	0.01596	0.01372	0.01374	0.01590	0.01142	0.01262	0.00811	0.01271	0.00716	0.01184	0.00713	0.01017	0.04084	0.00250	0.78060	0.00466	0.00233	0.00575
29	0.00985	0.00493	0.00493	0.00493	0.00616	0.00493	0.00370	0.01232	0.01109	0.01971	0.01725	0.01971	0.01355	0.00616	0.00370	0.00123	0.00246	0.00493	0.84356	0.00493
30	0.01084	0.00819	0.00993	0.00850	0.01153	0.00711	0.00674	0.07804	0.01237	0.04923	0.01786	0.20108	0.01822	0.00896	0.00532	0.00148	0.00408	0.13485	0.00417	0.40149
31	0.01448	0.01404	0.02015	0.02884	0.64304	0.11455	0.01502	0.01734	0.01258	0.05469	0.01025	0.01286	0.00840	0.00490	0.00518	0.00155	0.00662	0.00457	0.00283	0.00811
32	0.00675	0.00509	0.00741	0.00812	0.00868	0.00476	0.04343	0.00785	0.01024	0.01367	0.02820	0.77023	0.03359	0.01595	0.00672	0.00213	0.00336	0.01458	0.00479	0.00444
33	0.01004	0.00947	0.01587	0.77476	0.03565	0.01190	0.01458	0.01348	0.01049	0.01348	0.00931	0.01401	0.00704	0.00542	0.00570	0.00178	0.03412	0.00470	0.00235	0.00587
34	0.00985	0.00493	0.00493	0.00493	0.00616	0.00493	0.00370	0.01232	0.01109	0.01971	0.01725	0.01971	0.01355	0.00616	0.00370	0.00123	0.00246	0.00493	0.84356	0.00493
35	0.76663	0.05011	0.00899	0.00718	0.01056	0.01209	0.00600	0.01609	0.00941	0.06314	0.00807	0.00908	0.00616	0.00497	0.00338	0.00161	0.00419	0.00299	0.00339	0.00595
36	0.00870	0.00689	0.00668	0.00661	0.00689	0.07442	0.00400	0.00892	0.00844	0.01067	0.01625	0.05854	0.01846	0.68886	0.05086	0.00481	0.00576	0.00749	0.00321	0.00355
37	0.00985	0.00493	0.00493	0.00493	0.00616	0.00493	0.00370	0.01232	0.01109	0.01971	0.01725	0.01971	0.01355	0.00616	0.00370	0.00123	0.00246	0.00493	0.84356	0.00493
38	0.00756	0.00534	0.00691	0.00660	0.00780	0.00495	0.00492	0.00997	0.01452	0.02074	0.70138	0.07662	0.04724	0.01085	0.00613	0.00166	0.00252	0.00959	0.04977	0.00495
39	0.01067	0.00647	0.00683	0.00645	0.00795	0.00702	0.00496	0.03050	0.12829	0.02000	0.01727	0.01914	0.01351	0.00648	0.00471	0.00138	0.04493	0.00507	0.65280	0.00559
40	0.01159	0.01163	0.01657	0.01409	0.01423	0.01612	0.03061	0.01283	0.00821	0.01283	0.00703	0.01163	0.00697	0.00913	0.01707	0.00230	0.78435	0.00467	0.00232	0.00582
41	0.01060	0.02735	0.78682	0.01507	0.02288	0.01228	0.01953	0.01674	0.01116	0.01674	0.00949	0.01116	0.00670	0.00502	0.00502	0.00167	0.00781	0.00391	0.00223	0.00781
42	0.00708	0.00539	0.00651	0.00623	0.00765	0.00482	0.00467	0.00920	0.01402	0.01896	0.54338	0.04318	0.28634	0.01164	0.00624	0.00170	0.00255	0.01008	0.00552	0.00482
43	0.01299	0.56120	0.27386	0.01100	0.01659	0.01812	0.01245	0.01613	0.01088	0.01383	0.00804	0.00935	0.00676	0.00468	0.00392	0.00131	0.00635	0.00318	0.00225	0.00712
44	0.01949	0.01450	0.01552	0.01204	0.01616	0.01611	0.00990	0.69893	0.09052	0.03233	0.01347	0.01331	0.00962	0.00642	0.00530	0.00160	0.00567	0.00487	0.00530	0.00894
45	0.01332	0.01448	0.01593	0.01382	0.01441	0.18255	0.01128	0.01452	0.00957	0.01277	0.00720	0.01113	0.00691	0.00844	0.01465	0.00211	0.63428	0.00436	0.00240	0.00586
46	0.00769	0.00513	0.00577	0.00577	0.00577	0.00513	0.00320	0.00769	0.00769	0.01025	0.01666	0.03460	0.01922	0.81421	0.02691	0.00513	0.00513	0.00769	0.00320	0.00320
47	0.00985	0.00493	0.00493	0.00493	0.00616	0.00493	0.00370	0.01232	0.01109	0.01971	0.01725	0.01971	0.01355	0.00616	0.00370	0.00123	0.00246	0.00493	0.84356	0.00493
48	0.01764	0.01299	0.01427	0.01137	0.01493	0.01435	0.00925	0.62142	0.02192	0.02946	0.01429	0.08367	0.01170	0.01059	0.08451	0.00233	0.00641	0.00575	0.00501	0.00815
49	0.01975	0.02520	0.01498	0.01362	0.01634	0.79299	0.01021	0.02111	0.01498	0.01294	0.00817	0.00953	0.00681	0.00545	0.00477	0.00136	0.00953	0.00340	0.00272	0.00613
50	0.00985	0.00493	0.00493	0.00493	0.00616	0.00493	0.00370	0.01232	0.01109	0.01971	0.01725	0.01971	0.01355	0.00616	0.00370	0.00123	0.00246	0.00493	0.84356	0.00493
51	0.00649	0.00464	0.00618	0.00733	0.00768	0.00433	0.00491	0.00749	0.01036	0.01388	0.06622	0.77259	0.03570	0.01628	0.00672	0.00212	0.00304	0.01476	0.00495	0.00433
52	0.01060	0.02735	0.78682	0.01507	0.02288	0.01228	0.01953	0.01674	0.01116	0.01674	0.00949	0.01116	0.00670	0.00502	0.00502	0.00167	0.00781	0.00391	0.00223	0.00781
53	0.01975	0.02520	0.01498	0.01362	0.01634	0.79299	0.01021	0.02111	0.01498	0.01294	0.00817	0.00953	0.00681	0.00545	0.00477	0.00136	0.00953	0.00340	0.00272	0.00613
54	0.00625	0.00536	0.00536	0.00536	0.00714	0.00446	0.00402	0.00759	0.01205	0.01428	0.05355	0.05088	0.77909	0.01339	0.00625	0.00179	0.00268	0.01116	0.00491	0.00446
55	0.01096	0.00940	0.01096	0.00783	0.01253	0.00705	0.00626	0.01331	0.01096	0.01723	0.00940	0.01096	0.00783	0.00392	0.00392	0.00078	0.00392	0.00313	0.00313	0.84653
56	0.02010	0.01481	0.01587	0.01216	0.01639	0.01639	0.01005	0.76360	0.02486	0.03332	0.01269	0.01269	0.00899	0.00635	0.00529	0.00159	0.00582	0.00476	0.00529	0.00899
57	0.06095	0.01385	0.01464	0.01160	0.01553	0.01548	0.00948	0.57170	0.18026	0.03049	0.01427	0.01395	0.01032	0.00645	0.00520	0.00163	0.00539	0.00492	0.00520	0.00869
58	0.01068	0.04490	0.76995	0.01493	0.02267	0.01247	0.01930	0.01672	0.01115	0.01665	0.00944	0.01110	0.00670	0.00501	0.00499	0.00166	0.00776	0.00388	0.00223	0.00779
59	0.02069	0.00899	0.01173	0.00934	0.01300	0.00827	0.00759	0.02460	0.12188	0.60515	0.09247	0.02027	0.01699	0.00703	0.00541	0.00166	0.00426	0.00581	0.00631	0.00853
60	0.01140	0.01085	0.01842	0.44901	0.37780	0.01212	0.01539	0.01475	0.01124	0.01523	0.00965	0.01363	0.00766	0.00502	0.00526	0.00167	0.00670	0.00470	0.00247	0.00702
61	0.00944	0.00893	0.01161	0.01102	0.03636	0.02557	0.00851	0.01071	0.00987	0.01351	0.02392	0.14589	0.22596	0.01143	0.01176	0.00210	0.39786	0.02681	0.00351	0.00526
62	0.01166	0.01107	0.01877	0.33114	0.46562	0.01197	0.01525	0.01487	0.01140	0.01568	0.01036	0.03980	0.00873	0.00533	0.00530	0.00166	0.00647	0.00505	0.00259	0.00727
63	0.01290	0.01223	0.02078	0.05031	0.73748	0.01229	0.01577	0.01603	0.01197	0.01726	0.01017	0.01333	0.00851	0.00477	0.00518	0.00156	0.00617	0.00472	0.03036	0.00820
64	0.01852	0.02324	0.01433	0.01311	0.01565	0.71406	0.00985	0.01994	0.01433	0.01287	0.00877	0.01066	0.00745	0.00888	0.08391	0.00208	0.01000	0.00363	0.00273	0.00599
65	0.01056	0.00795	0.01081	0.28963	0.09626	0.03412	0.00907	0.01343	0.01113	0.01704	0.01343	0.01671	0.01050	0.00568	0.00445	0.00146	0.00471	0.00477	0.43264	0.00565
66	0.00985	0.00493	0.00493	0.00493	0.00616	0.00493	0.00370	0.01232	0.01109	0.01971	0.01725	0.01971	0.01355	0.00616	0.00370	0.00123	0.00246	0.00493	0.84356	0.00493
67	0.02116	0.01558	0.01356	0.01129	0.01482	0.29331	0.00891	0.09317	0.07175	0.37892	0.01555	0.01456	0.01066	0.00617	0.00512	0.00154	0.00642	0.00462	0.00496	0.00791
68	0.01711	0.01831	0.01435	0.01338	0.05434	0.37694	0.00984	0.11835	0.28485	0.01903	0.01358	0.01374	0.01048	0.00614	0.00507	0.00155	0.00699	0.00456	0.00399	0.00740
69	0.00985	0.00493	0.00493	0.00493	0.00616	0.00493	0.00370	0.01232	0.01109	0.01971	0.01725	0.01971	0.01355	0.00616	0.00370	0.00123	0.00246	0.00493	0.84356	0.00493
70	0.00769	0.00513	0.00577	0.00577	0.00577	0.00513	0.00320	0.00769	0.00769	0.01025	0.01666	0.03460	0.01922	0.81421	0.02691	0.00513	0.00513	0.00769	0.00320	0.00320
71	0.01624	0.41069	0.08692	0.01152	0.01555	0.35096	0.01044	0.01817	0.01259	0.01302	0.00788	0.00916	0.00679	0.00496	0.00412	0.00128	0.00750	0.00317	0.00246	0.00659
72	0.00985	0.00493	0.00493	0.00493	0.00616	0.00493	0.00370	0.01232	0.01109	0.01971	0.01725	0.01971	0.01355	0.00616	0.00370	0.00123	0.00246	0.00493	0.84356	0.00493
73	0.01096	0.00940	0.01096	0.00783	0.01253	0.00705	0.00626	0.01331	0.01096	0.01723	0.00940	0.01096	0.00783	0.00392	0.00392	0.00078	0.00392	0.00313	0.00313	0.84653
74	0.01452	0.00943	0.00991	0.00822	0.01082	0.01015	0.00659	0.35455	0.01736	0.02591	0.01517	0.01651	0.01147	0.00624	0.00442	0.00139	0.00399	0.00485	0.46170	0.00678
75	0.00985	0.00493	0.00493	0.00493	0.00616	0.00493	0.00370	0.01232	0.01109	0.01971	0.01725	0.01971	0.01355	0.00616	0.00370	0.00123	0.00246	0.00493	0.84356	0.00493
76	0.01224	0.01383	0.02977	0.02145	0.02642	0.01318	0.70700	0.01645	0.01222	0.01665	0.01115	0.04044	0.00887	0.00505	0.00670	0.00182	0.04057	0.00646	0.00273	0.00698
77	0.01372	0.01396	0.01576	0.01360	0.01432	0.15974	0.01112	0.01496	0.00974	0.05332	0.00790	0.01153	0.00724	0.00841	0.01438	0.00210	0.61514	0.00444	0.00261	0.00602
78	0.01256	0.01076	0.01144	0.01046	0.01321	0.01237	0.00806	0.02627	0.70472	0.02136	0.02219	0.08928	0.01779	0.00800	0.00550	0.00182	0.00409	0.00677	0.00534	0.00801
79	0.00644	0.00460	0.00613	0.00736	0.00767	0.00429	0.00491	0.00736	0.01012	0.01350	0.02914	0.81076	0.03497	0.01656	0.00675	0.00215	0.00307	0.01503	0.00491	0.00429
80	0.02010	0.01481	0.01587	0.01216	0.01639	0.01639	0.01005	0.76360	0.02486	0.03332	0.01269	0.01269	0.00899	0.00635	0.00529	0.00159	0.00582	0.00476	0.00529	0.00899
81	0.01735	0.00824	0.01075	0.00856	0.01185	0.00730	0.00689	0.05729	0.01516	0.43921	0.24858	0.02353	0.02349	0.00756	0.00545	0.00156	0.00390	0.00636	0.00592	0.09105
82	0.00998	0.00940	0.01586	0.80150	0.03641	0.01175	0.01468	0.01351	0.01057	0.01351	0.00940	0.01409	0.00705	0.00529	0.00529	0.00176	0.00705	0.00470	0.00235	0.00587
83	0.02340	0.00951	0.01258	0.00965	0.01375	0.00853	0.00797	0.09064	0.01599	0.71881	0.02014	0.01753	0.01273	0.00653	0.00531	0.00163	0.00461	0.00527	0.00643	0.00900
84	0.01690	0.01227	0.01336	0.01108	0.01464	0.01362	0.00888	0.28561	0.41599	0.12073	0.01834	0.01704	0.01325	0.00680	0.00534	0.00170	0.00480	0.00547	0.00549	0.00866
85	0.01359	0.01177	0.01171	0.01057	0.01339	0.07915	0.00836	0.10413	0.45742	0.03714	0.02277	0.02528	0.07858	0.00830	0.00561	0.00180	0.00479	0.09304	0.00507	0.00752
86	0.01019	0.00637	0.00813	0.00741	0.00921	0.00599	0.00573	0.01345	0.06885	0.13000	0.54479	0.03648	0.07964	0.01024	0.00609	0.00171	0.00302	0.04111	0.00580	0.00577
87	0.01104	0.00952	0.01221	0.00984	0.01325	0.00910	0.08468	0.01755	0.25668	0.03357	0.11590	0.02282	0.11208	0.00712	0.00524	0.00146	0.00420	0.00622	0.00443	0.26312
88	0.00742	0.00540	0.00699	0.00659	0.00786	0.00496	0.00494	0.00986	0.01483	0.02087	0.74418	0.04003	0.08435	0.01093	0.00624	0.00167	0.00250	0.00964	0.00578	0.00496
89	0.01018	0.00870	0.01179	0.00896	0.01260	0.00720	0.08022	0.02887	0.01271	0.01884	0.25897	0.02057	0.02151	0.00626	0.00493	0.00118	0.00399	0.00556	0.00401	0.47296
90	0.00947	0.00846	0.01363	0.36681	0.17420	0.00938	0.01167	0.01214	0.01104	0.01464	0.04022	0.20060	0.05018	0.00876	0.00579	0.00185	0.00554	0.04641	0.00334	0.00587
91	0.01438	0.01171	0.01765	0.02327	0.46945	0.01180	0.01284	0.07188	0.11561	0.10123	0.04659	0.01553	0.01176	0.00558	0.00525	0.00157	0.00549	0.00508	0.00377	0.04956
92	0.03605	0.01152	0.05224	0.01200	0.08133	0.01086	0.00913	0.13544	0.20469	0.18614	0.06031	0.03261	0.01413	0.00647	0.00514	0.00156	0.00471	0.00534	0.00486	0.12543
93	0.17550	0.25361	0.31740	0.01219	0.05682	0.01440	0.01272	0.01648	0.01082	0.04858	0.00894	0.01025	0.00692	0.00487	0.00419	0.00147	0.00612	0.00346	0.00267	0.03258

[dist]
# distance from previous block
# <min> <max>
5	35

[block]
# block no. 1 follows, 46 sequences, length 105
# corresponding to MSA columns:
# 152-196,198-257
name=unknown_B
#
# <colnr> <probs for GDERKNQSTAVLIFYWHMCP>
#	G	D	E	R	K	N	Q	S	T	A	V	L	I	F	Y	W	H	M	C	P
0	0.07027	0.03622	0.08891	0.01371	0.11676	0.04123	0.01053	0.29223	0.03524	0.06189	0.01179	0.03041	0.00911	0.00566	0.00485	0.00145	0.00558	0.00445	0.00401	0.15569
1	0.15404	0.01310	0.06668	0.01715	0.26475	0.04603	0.01106	0.08617	0.06787	0.05228	0.01085	0.01230	0.00847	0.00505	0.00464	0.00145	0.00545	0.00412	0.00341	0.16513
2	0.06156	0.12768	0.05487	0.01122	0.08612	0.01094	0.00877	0.06097	0.03256	0.13090	0.01125	0.01205	0.00862	0.00481	0.00431	0.00120	0.00481	0.00376	0.00361	0.36002
3	0.10368	0.01331	0.01420	0.03246	0.01565	0.03460	0.00917	0.49588	0.02032	0.13270	0.01283	0.01284	0.00903	0.00601	0.00498	0.00154	0.00546	0.00449	0.00496	0.06587
4	0.12667	0.03328	0.01254	0.00971	0.01336	0.06164	0.00792	0.18604	0.05315	0.30753	0.08472	0.01653	0.01392	0.00647	0.00498	0.00157	0.00487	0.00501	0.00520	0.04489
5	0.01153	0.01014	0.01650	0.02354	0.50758	0.00998	0.01249	0.01434	0.01267	0.03879	0.16810	0.04258	0.05031	0.00723	0.00564	0.00167	0.00516	0.05087	0.00365	0.00724
6	0.01179	0.00976	0.01556	0.01170	0.01571	0.00836	0.20325	0.01465	0.01232	0.08745	0.11435	0.03920	0.01607	0.00622	0.00525	0.00138	0.00512	0.05359	0.00384	0.36444
7	0.00930	0.00723	0.00829	0.00777	0.00962	0.00740	0.00587	0.01521	0.24410	0.03695	0.34087	0.08661	0.16296	0.02610	0.00639	0.00182	0.00317	0.00898	0.00543	0.00594
8	0.01344	0.01150	0.01340	0.01157	0.01477	0.01299	0.06459	0.02718	0.69073	0.04623	0.02069	0.01926	0.01543	0.00695	0.00544	0.00179	0.00455	0.00598	0.00521	0.00830
9	0.01264	0.01211	0.02065	0.14285	0.67431	0.01244	0.01600	0.01583	0.01183	0.01673	0.00987	0.01323	0.00818	0.00479	0.00524	0.00160	0.00639	0.00471	0.00258	0.00801
10	0.01308	0.01256	0.02146	0.03245	0.78123	0.01256	0.01622	0.01622	0.01204	0.01727	0.00994	0.01308	0.00837	0.00471	0.00523	0.00157	0.00628	0.00471	0.00262	0.00837
11	0.00849	0.00615	0.00841	0.00951	0.01077	0.00615	0.00821	0.01117	0.03274	0.01585	0.02890	0.08231	0.06076	0.01442	0.00719	0.00238	0.00470	0.67208	0.00488	0.00493
12	0.00755	0.00566	0.00850	0.00850	0.00944	0.00661	0.00661	0.00944	0.00850	0.01227	0.01416	0.02077	0.01322	0.03965	0.79326	0.00850	0.01416	0.00566	0.00283	0.00472
13	0.00755	0.00566	0.00850	0.00850	0.00944	0.00661	0.00661	0.00944	0.00850	0.01227	0.01416	0.02077	0.01322	0.03965	0.79326	0.00850	0.01416	0.00566	0.00283	0.00472
14	0.00644	0.00460	0.00613	0.00736	0.00767	0.00429	0.00491	0.00736	0.01012	0.01350	0.02914	0.81076	0.03497	0.01656	0.00675	0.00215	0.00307	0.01503	0.00491	0.00429
15	0.02146	0.01261	0.01451	0.01112	0.01530	0.01314	0.00919	0.48490	0.02118	0.31721	0.01578	0.01469	0.01054	0.00642	0.00530	0.00161	0.00532	0.00497	0.00576	0.00899
16	0.00985	0.00493	0.00493	0.00493	0.00616	0.00493	0.00370	0.01232	0.01109	0.01971	0.01725	0.01971	0.01355	0.00616	0.00370	0.00123	0.00246	0.00493	0.84356	0.00493
17	0.00644	0.00460	0.00613	0.00736	0.00767	0.00429	0.00491	0.00736	0.01012	0.01350	0.02914	0.81076	0.03497	0.01656	0.00675	0.00215	0.00307	0.01503	0.00491	0.00429
18	0.07182	0.01184	0.01326	0.01073	0.01437	0.01282	0.00872	0.28091	0.23371	0.23367	0.01691	0.01585	0.01187	0.00664	0.00558	0.00169	0.03053	0.00513	0.00543	0.00850
19	0.00985	0.00493	0.00493	0.00493	0.00616	0.00493	0.00370	0.01232	0.01109	0.01971	0.01725	0.01971	0.01355	0.00616	0.00370	0.00123	0.00246	0.00493	0.84356	0.00493
20	0.00998	0.00940	0.01586	0.80150	0.03641	0.01175	0.01468	0.01351	0.01057	0.01351	0.00940	0.01409	0.00705	0.00529	0.00529	0.00176	0.00705	0.00470	0.00235	0.00587
21	0.00918	0.00459	0.00689	0.00689	0.00689	0.00459	0.00459	0.00689	0.00689	0.00918	0.00918	0.01607	0.00918	0.01837	0.02066	0.84619	0.00459	0.00459	0.00230	0.00230
22	0.01524	0.01575	0.01291	0.01167	0.01457	0.26067	0.00895	0.02588	0.53151	0.01920	0.01728	0.01649	0.01318	0.00662	0.00518	0.00166	0.00588	0.00516	0.00454	0.00766
23	0.01720	0.01337	0.01424	0.01158	0.01529	0.01504	0.00935	0.45710	0.33608	0.02865	0.01637	0.01562	0.01197	0.00669	0.00533	0.00167	0.00514	0.00527	0.00533	0.00873
24	0.01024	0.00975	0.01591	0.67457	0.03278	0.01246	0.01418	0.01338	0.01017	0.01338	0.00900	0.01369	0.00703	0.00592	0.00723	0.00185	0.13557	0.00469	0.00234	0.00586
25	0.01413	0.81739	0.02770	0.00905	0.01357	0.02092	0.00905	0.01583	0.01074	0.01244	0.00735	0.00848	0.00678	0.00452	0.00339	0.00113	0.00565	0.00283	0.00226	0.00678
26	0.00855	0.00569	0.00710	0.00658	0.00819	0.00510	0.00499	0.01074	0.01429	0.08370	0.54392	0.04037	0.21872	0.01106	0.00616	0.00169	0.00271	0.00958	0.00567	0.00520
27	0.85155	0.01022	0.00777	0.00695	0.01022	0.01186	0.00573	0.01554	0.00900	0.02372	0.00736	0.00859	0.00573	0.00491	0.00327	0.00164	0.00409	0.00286	0.00327	0.00573
28	0.00629	0.00521	0.00550	0.00574	0.00724	0.00443	0.00419	0.00754	0.01168	0.01413	0.04887	0.19677	0.63622	0.01400	0.00634	0.00185	0.00275	0.01190	0.00491	0.00443
29	0.01156	0.00975	0.01128	0.00811	0.01278	0.00766	0.00651	0.06212	0.01187	0.01827	0.00961	0.01107	0.00791	0.00407	0.00400	0.00084	0.00404	0.00324	0.00327	0.79204
30	0.01413	0.81739	0.02770	0.00905	0.01357	0.02092	0.00905	0.01583	0.01074	0.01244	0.00735	0.00848	0.00678	0.00452	0.00339	0.00113	0.00565	0.00283	0.00226	0.00678
31	0.01248	0.01426	0.03119	0.02228	0.02763	0.01337	0.76203	0.01693	0.01248	0.01693	0.01070	0.01426	0.00802	0.00446	0.00624	0.00178	0.00891	0.00624	0.00267	0.00713
32	0.30658	0.01138	0.01062	0.00926	0.01240	0.04858	0.00736	0.09518	0.29795	0.03635	0.07428	0.01590	0.01369	0.00639	0.00462	0.00165	0.00443	0.00483	0.00449	0.03407
33	0.01089	0.00774	0.00870	0.00775	0.00962	0.05890	0.00595	0.06144	0.01555	0.10592	0.57324	0.03366	0.06007	0.00976	0.00597	0.00164	0.00341	0.00841	0.00563	0.00576
34	0.02235	0.00936	0.01343	0.01016	0.01437	0.00810	0.05677	0.02456	0.01475	0.69633	0.01962	0.01740	0.01249	0.00628	0.00531	0.00160	0.00476	0.00527	0.00612	0.05099
35	0.01378	0.01167	0.01231	0.01089	0.01399	0.01344	0.00852	0.09511	0.70363	0.02314	0.02071	0.01908	0.01549	0.00710	0.00537	0.00177	0.00433	0.00587	0.00537	0.00842
36	0.79679	0.00988	0.00759	0.00682	0.00996	0.01141	0.00559	0.01533	0.00913	0.02346	0.00800	0.00931	0.00623	0.00499	0.00330	0.00161	0.00398	0.00300	0.05794	0.00567
37	0.01596	0.01327	0.01882	0.01457	0.01863	0.06510	0.24782	0.11847	0.26282	0.14320	0.01594	0.01612	0.01153	0.00599	0.00559	0.00171	0.00630	0.00563	0.00452	0.00801
38	0.00918	0.00459	0.00689	0.00689	0.00689	0.00459	0.00459	0.00689	0.00689	0.00918	0.00918	0.01607	0.00918	0.01837	0.02066	0.84619	0.00459	0.00459	0.00230	0.00230
39	0.01096	0.00940	0.01096	0.00783	0.01253	0.00705	0.00626	0.01331	0.01096	0.01723	0.00940	0.01096	0.00783	0.00392	0.00392	0.00078	0.00392	0.00313	0.00313	0.84653
40	0.01195	0.32800	0.49793	0.01278	0.01934	0.01557	0.01554	0.01639	0.01100	0.01510	0.00867	0.01014	0.00673	0.00483	0.00440	0.00147	0.00699	0.00350	0.00224	0.00742
41	0.01510	0.01718	0.01404	0.01215	0.03917	0.39363	0.05747	0.01706	0.01315	0.01497	0.01207	0.01346	0.05926	0.00543	0.00468	0.00124	0.00695	0.00411	0.02603	0.27286
42	0.01077	0.06500	0.75064	0.01478	0.02244	0.01269	0.01903	0.01670	0.01114	0.01654	0.00939	0.01103	0.00670	0.00500	0.00494	0.00165	0.00771	0.00386	0.00223	0.00776
43	0.00931	0.00596	0.00747	0.00721	0.00831	0.00673	0.00561	0.02975	0.01016	0.01653	0.01512	0.01935	0.01281	0.01987	0.32242	0.00424	0.06710	0.00520	0.42183	0.00501
44	0.01306	0.00795	0.00980	0.00830	0.01108	0.00704	0.00632	0.08226	0.01271	0.19487	0.01928	0.27571	0.01876	0.06160	0.00679	0.00178	0.00403	0.00797	0.00470	0.24601
45	0.01209	0.01203	0.01185	0.01087	0.01234	0.19978	0.00853	0.06907	0.01123	0.01408	0.01144	0.01597	0.01034	0.02401	0.41924	0.00526	0.13852	0.00488	0.00291	0.00555
46	0.01734	0.01219	0.02239	0.01635	0.02108	0.01139	0.40245	0.06921	0.03300	0.31553	0.01503	0.01574	0.01025	0.00545	0.00580	0.00171	0.00689	0.00578	0.00441	0.00800
47	0.01514	0.00998	0.01131	0.00981	0.01288	0.01066	0.00772	0.03915	0.45875	0.21839	0.05836	0.04016	0.06839	0.00779	0.00549	0.00175	0.00409	0.00650	0.00566	0.00803
48	0.00998	0.00940	0.01586	0.80150	0.03641	0.01175	0.01468	0.01351	0.01057	0.01351	0.00940	0.01409	0.00705	0.00529	0.00529	0.00176	0.00705	0.00470	0.00235	0.00587
49	0.00769	0.00513	0.00577	0.00577	0.00577	0.00513	0.00320	0.00769	0.00769	0.01025	0.01666	0.03460	0.01922	0.81421	0.02691	0.00513	0.00513	0.00769	0.00320	0.00320
50	0.02005	0.01807	0.01496	0.01253	0.01589	0.41932	0.05817	0.07166	0.01553	0.25177	0.04174	0.01379	0.01059	0.00598	0.00512	0.00150	0.00743	0.00450	0.00418	0.00722
51	0.01466	0.00892	0.01256	0.01170	0.06440	0.00881	0.06399	0.04804	0.13386	0.26621	0.02143	0.26536	0.01942	0.00955	0.00611	0.00184	0.02237	0.00845	0.00515	0.00717
52	0.00643	0.00465	0.00608	0.00723	0.00763	0.00431	0.00485	0.00738	0.01025	0.01355	0.03078	0.75977	0.08489	0.01635	0.00671	0.00212	0.00304	0.01477	0.00491	0.00431
53	0.00989	0.00669	0.00831	0.00815	0.00951	0.00664	0.00610	0.11812	0.01362	0.05948	0.18946	0.34210	0.03164	0.07259	0.00792	0.00219	0.00377	0.09337	0.00512	0.00536
54	0.01114	0.11768	0.64847	0.01486	0.02212	0.01335	0.06814	0.01665	0.01120	0.01626	0.00932	0.01106	0.00680	0.00493	0.00492	0.00162	0.00764	0.00394	0.00227	0.00765
55	0.00920	0.00808	0.01165	0.01070	0.01126	0.01054	0.00864	0.01079	0.00833	0.01246	0.01120	0.01700	0.01064	0.02719	0.47525	0.00596	0.33809	0.00524	0.00262	0.00516
56	0.00759	0.00552	0.00776	0.00776	0.00845	0.00621	0.00569	0.00897	0.00828	0.01172	0.01484	0.02451	0.01484	0.24935	0.58578	0.00758	0.01171	0.00621	0.00293	0.00431
57	0.01229	0.01390	0.03005	0.08043	0.02828	0.01325	0.70627	0.01668	0.01234	0.01668	0.01060	0.01425	0.00795	0.00452	0.00617	0.00178	0.00877	0.00612	0.00265	0.00704
58	0.02139	0.06595	0.01498	0.01067	0.01485	0.01267	0.00892	0.36891	0.01937	0.38285	0.01615	0.01489	0.01075	0.00632	0.00517	0.00158	0.00519	0.00489	0.00567	0.00885
59	0.00742	0.00540	0.00700	0.00682	0.00804	0.00499	0.00516	0.00974	0.01432	0.01997	0.64009	0.08501	0.09379	0.01155	0.00634	0.00175	0.00270	0.05936	0.00565	0.00491
60	0.00869	0.00567	0.00745	0.00686	0.00832	0.00520	0.00520	0.01115	0.01498	0.07819	0.72191	0.03789	0.04714	0.01049	0.00617	0.00166	0.00264	0.00924	0.00587	0.00529
61	0.00724	0.00588	0.00945	0.00934	0.01031	0.00550	0.10520	0.00863	0.01043	0.01395	0.02669	0.70525	0.03140	0.01496	0.00668	0.00210	0.00384	0.01386	0.00461	0.00467
62	0.01142	0.01191	0.02236	0.03855	0.02061	0.01281	0.40303	0.01449	0.01093	0.01549	0.01297	0.01646	0.05992	0.00754	0.03066	0.00208	0.23907	0.00596	0.05742	0.00632
63	0.01272	0.50077	0.33193	0.01146	0.01730	0.01746	0.01325	0.01620	0.01091	0.01416	0.00821	0.00955	0.00675	0.00472	0.00405	0.00135	0.00652	0.00326	0.00225	0.00720
64	0.01299	0.01252	0.02155	0.05295	0.74248	0.01256	0.03464	0.01617	0.01201	0.01716	0.00995	0.01314	0.00833	0.00472	0.00526	0.00158	0.00637	0.00475	0.00261	0.00828
65	0.01237	0.01507	0.08009	0.02209	0.04766	0.01328	0.69360	0.01690	0.01238	0.01693	0.01060	0.01403	0.00794	0.00450	0.00613	0.00177	0.00877	0.00605	0.00264	0.00721
66	0.01092	0.09835	0.71860	0.01453	0.02204	0.01305	0.01859	0.01666	0.01112	0.01636	0.00930	0.01092	0.00670	0.00498	0.00488	0.00163	0.00762	0.00381	0.00223	0.00772
67	0.01199	0.01154	0.01917	0.33140	0.47852	0.02537	0.01552	0.01525	0.01152	0.01573	0.00970	0.01342	0.00783	0.00495	0.00525	0.00164	0.00663	0.00468	0.00251	0.00736
68	0.01123	0.01222	0.02577	0.01903	0.02336	0.01145	0.59623	0.01498	0.01210	0.01629	0.01551	0.13541	0.03875	0.00693	0.00635	0.00186	0.00769	0.03513	0.00316	0.00654
69	0.01128	0.17982	0.64031	0.01391	0.02108	0.01395	0.01751	0.01657	0.01108	0.01591	0.00907	0.01064	0.00671	0.00493	0.00471	0.00157	0.00740	0.00370	0.00224	0.00761
70	0.00724	0.00515	0.00685	0.00724	0.00768	0.00539	0.00496	0.00821	0.00875	0.01200	0.01973	0.27603	0.02208	0.28549	0.29314	0.00538	0.00769	0.00930	0.00361	0.00409
71	0.00871	0.00579	0.00801	0.00823	0.00903	0.00573	0.02442	0.05879	0.01054	0.01395	0.02182	0.33729	0.04696	0.01573	0.01113	0.27003	0.00417	0.13149	0.00404	0.00415
72	0.00998	0.00940	0.01586	0.80150	0.03641	0.01175	0.01468	0.01351	0.01057	0.01351	0.00940	0.01409	0.00705	0.00529	0.00529	0.00176	0.00705	0.00470	0.00235	0.00587
73	0.00998	0.00940	0.01586	0.80150	0.03641	0.01175	0.01468	0.01351	0.01057	0.01351	0.00940	0.01409	0.00705	0.00529	0.00529	0.00176	0.00705	0.00470	0.00235	0.00587
74	0.01278	0.01213	0.02059	0.03092	0.72955	0.01213	0.01571	0.01587	0.01205	0.01717	0.01115	0.01621	0.00985	0.00537	0.00537	0.00163	0.00619	0.05443	0.00277	0.00814
75	0.01775	0.01029	0.01209	0.01018	0.01363	0.01073	0.00815	0.04342	0.40955	0.35133	0.02119	0.01980	0.01501	0.00707	0.00540	0.00174	0.00437	0.02387	0.00587	0.00857
76	0.01051	0.00890	0.01047	0.00773	0.01198	0.00677	0.00611	0.01280	0.01118	0.01730	0.06042	0.05303	0.01193	0.00500	0.00421	0.00091	0.00378	0.00415	0.00340	0.74943
77	0.01251	0.01194	0.02033	0.15252	0.64988	0.01231	0.01584	0.01570	0.01181	0.01665	0.01020	0.01413	0.00859	0.00499	0.00528	0.00162	0.00637	0.01880	0.00262	0.00792
78	0.01409	0.01276	0.02240	0.02030	0.19474	0.01253	0.32005	0.07705	0.08843	0.08293	0.01241	0.01441	0.00936	0.00518	0.00587	0.00165	0.02651	0.00540	0.00348	0.07044
79	0.01435	0.01274	0.01549	0.01288	0.01461	0.03484	0.01062	0.23069	0.08528	0.01970	0.01009	0.01259	0.00843	0.00795	0.01198	0.00198	0.45250	0.00471	0.00350	0.03508
80	0.01299	0.01283	0.02303	0.03081	0.65978	0.01269	0.13642	0.01634	0.01211	0.01722	0.01007	0.01327	0.00832	0.00467	0.00540	0.00160	0.00670	0.00496	0.00263	0.00817
81	0.00767	0.00519	0.00611	0.00611	0.00623	0.00531	0.00363	0.00791	0.00779	0.01051	0.01634	0.03284	0.01846	0.71606	0.12401	0.00555	0.00627	0.00743	0.00316	0.00340
82	0.01182	0.00937	0.01105	0.00794	0.01259	0.00710	0.00637	0.01415	0.01124	0.06874	0.01017	0.01143	0.00818	0.00409	0.00401	0.00084	0.00395	0.00328	0.00336	0.79033
83	0.02005	0.01612	0.01575	0.01235	0.01639	0.11473	0.01007	0.66958	0.02361	0.03074	0.01212	0.01229	0.00871	0.00623	0.00522	0.00156	0.00629	0.00459	0.00496	0.00863
84	0.00664	0.00474	0.00637	0.00759	0.00799	0.00447	0.00526	0.00771	0.01032	0.01372	0.02903	0.73777	0.03452	0.01637	0.00680	0.00217	0.00324	0.08603	0.00490	0.00435
85	0.01315	0.01136	0.01195	0.01076	0.01375	0.01315	0.00837	0.02809	0.77168	0.02211	0.02152	0.01972	0.01614	0.00717	0.00538	0.00179	0.00418	0.00598	0.00538	0.00837
86	0.01429	0.79601	0.02736	0.00917	0.01364	0.04176	0.00908	0.01597	0.01086	0.01245	0.00737	0.00851	0.00678	0.00455	0.00343	0.00114	0.00576	0.00284	0.00227	0.00677
87	0.00998	0.00940	0.01586	0.80150	0.03641	0.01175	0.01468	0.01351	0.01057	0.01351	0.00940	0.01409	0.00705	0.00529	0.00529	0.00176	0.00705	0.00470	0.00235	0.00587
88	0.01315	0.01136	0.01195	0.01076	0.01375	0.01315	0.00837	0.02809	0.77168	0.02211	0.02152	0.01972	0.01614	0.00717	0.00538	0.00179	0.00418	0.00598	0.00538	0.00837
89	0.85155	0.01022	0.00777	0.00695	0.01022	0.01186	0.00573	0.01554	0.00900	0.02372	0.00736	0.00859	0.00573	0.00491	0.00327	0.00164	0.00409	0.00286	0.00327	0.00573
90	0.00643	0.00465	0.00608	0.00723	0.00763	0.00431	0.00485	0.00738	0.01025	0.01355	0.03078	0.75977	0.08489	0.01635	0.00671	0.00212	0.00304	0.01477	0.00491	0.00431
91	0.01315	0.01136	0.01195	0.01076	0.01375	0.01315	0.00837	0.02809	0.77168	0.02211	0.02152	0.01972	0.01614	0.00717	0.00538	0.00179	0.00418	0.00598	0.00538	0.00837
92	0.00974	0.00590	0.00779	0.00703	0.00867	0.00537	0.00537	0.01217	0.01499	0.12720	0.67329	0.03651	0.04477	0.01022	0.00611	0.00166	0.00277	0.00897	0.00592	0.00554
93	0.01974	0.01518	0.07304	0.01211	0.01660	0.01525	0.01053	0.63617	0.02289	0.10512	0.01325	0.01309	0.00922	0.00627	0.00527	0.00160	0.00584	0.00475	0.00518	0.00890
94	0.00819	0.00607	0.00764	0.00829	0.00955	0.00589	0.00663	0.05817	0.01237	0.01596	0.03263	0.27516	0.18540	0.01439	0.00679	0.00216	0.00395	0.33097	0.00492	0.00488
95	0.00663	0.00539	0.00593	0.00612	0.00768	0.00468	0.00468	0.00817	0.01218	0.01502	0.11364	0.10756	0.57285	0.01353	0.00640	0.00188	0.00294	0.09518	0.00499	0.00454
96	0.00998	0.00940	0.01586	0.80150	0.03641	0.01175	0.01468	0.01351	0.01057	0.01351	0.00940	0.01409	0.00705	0.00529	0.00529	0.00176	0.00705	0.00470	0.00235	0.00587
97	0.00998	0.00940	0.01586	0.80150	0.03641	0.01175	0.01468	0.01351	0.01057	0.01351	0.00940	0.01409	0.00705	0.00529	0.00529	0.00176	0.00705	0.00470	0.00235	0.00587
98	0.01248	0.01426	0.03119	0.02228	0.02763	0.01337	0.76203	0.01693	0.01248	0.01693	0.01070	0.01426	0.00802	0.00446	0.00624	0.00178	0.00891	0.00624	0.00267	0.00713
99	0.00715	0.00563	0.00663	0.00714	0.00867	0.00510	0.00582	0.00892	0.01205	0.01488	0.04286	0.07132	0.46512	0.01394	0.00668	0.00205	0.00356	0.30297	0.00489	0.00462
100	0.85155	0.01022	0.00777	0.00695	0.01022	0.01186	0.00573	0.01554	0.00900	0.02372	0.00736	0.00859	0.00573	0.00491	0.00327	0.00164	0.00409	0.00286	0.00327	0.00573
101	0.00888	0.00463	0.00676	0.00685	0.00687	0.00460	0.00452	0.00697	0.00718	0.00957	0.01116	0.07657	0.01176	0.07001	0.02003	0.72849	0.00451	0.00557	0.00255	0.00250
102	0.01748	0.06771	0.01520	0.01143	0.01520	0.17200	0.00925	0.33287	0.10966	0.04797	0.01219	0.01254	0.00920	0.00587	0.00513	0.00144	0.02232	0.00430	0.00426	0.12400
103	0.01299	0.52544	0.25750	0.01239	0.06634	0.01775	0.01269	0.01613	0.01095	0.01406	0.00817	0.00959	0.00686	0.00469	0.00401	0.00132	0.00635	0.00328	0.00228	0.00720
104	0.17235	0.01191	0.01733	0.02338	0.48715	0.01227	0.01277	0.08930	0.01301	0.07741	0.02769	0.01316	0.00921	0.00518	0.00490	0.00159	0.00561	0.00452	0.00336	0.00791

[dist]
# distance from previous block
# <min> <max>
0	2

[block]
# block no. 2 follows, 46 sequences, length 7
# corresponding to MSA columns:
# 260-266
name=unknown_C
#
# <colnr> <probs for GDERKNQSTAVLIFYWHMCP>
#	G	D	E	R	K	N	Q	S	T	A	V	L	I	F	Y	W	H	M	C	P
0	0.01119	0.01001	0.01656	0.01367	0.05087	0.00953	0.24497	0.01599	0.13413	0.05586	0.09019	0.12624	0.08346	0.00791	0.00581	0.00169	0.00532	0.00762	0.00413	0.10486
1	0.01135	0.00872	0.01224	0.00960	0.01307	0.00739	0.09980	0.03831	0.01214	0.09402	0.05588	0.17328	0.06947	0.00781	0.00522	0.00140	0.00433	0.00700	0.00409	0.36487
2	0.01308	0.01256	0.02146	0.03245	0.78123	0.01256	0.01622	0.01622	0.01204	0.01727	0.00994	0.01308	0.00837	0.00471	0.00523	0.00157	0.00628	0.00471	0.00262	0.00837
3	0.01619	0.01019	0.01215	0.01062	0.04119	0.01029	0.00807	0.10989	0.26271	0.24948	0.01918	0.09673	0.01501	0.00735	0.00531	0.00163	0.00440	0.00616	0.00530	0.10816
4	0.01386	0.01156	0.01677	0.07931	0.37894	0.01227	0.01250	0.02118	0.28581	0.08958	0.01508	0.01600	0.01151	0.00581	0.00530	0.00167	0.00542	0.00522	0.00395	0.00824
5	0.01239	0.00859	0.01029	0.00782	0.01182	0.00672	0.00621	0.01449	0.01174	0.15012	0.01721	0.07183	0.08828	0.00621	0.00459	0.00113	0.00383	0.00515	0.00403	0.55758
6	0.00847	0.00682	0.00773	0.00739	0.00914	0.00683	0.00556	0.01363	0.20434	0.01877	0.31452	0.10890	0.24529	0.01115	0.00607	0.00177	0.00302	0.00961	0.00537	0.00563

[dist]
# distance from previous block
# <min> <max>
0	1

[block]
# block no. 3 follows, 46 sequences, length 62
# corresponding to MSA columns:
# 268-329
name=unknown_D
#
# <colnr> <probs for GDERKNQSTAVLIFYWHMCP>
#	G	D	E	R	K	N	Q	S	T	A	V	L	I	F	Y	W	H	M	C	P
0	0.00630	0.00536	0.00543	0.00541	0.00717	0.00448	0.00406	0.00769	0.01217	0.01457	0.08355	0.05041	0.74891	0.01328	0.00625	0.00178	0.00267	0.01109	0.00495	0.00448
1	0.01695	0.01303	0.01500	0.01609	0.19742	0.10349	0.01047	0.08929	0.26196	0.19560	0.01625	0.01592	0.01186	0.00616	0.00525	0.00163	0.00553	0.00511	0.00467	0.00831
2	0.01317	0.01247	0.14041	0.01055	0.05360	0.00832	0.00923	0.01614	0.01176	0.14701	0.01138	0.01229	0.00856	0.00458	0.00440	0.00112	0.00478	0.00371	0.00353	0.52300
3	0.02106	0.01233	0.01423	0.01097	0.01506	0.01281	0.00904	0.44875	0.04109	0.31921	0.03012	0.01539	0.01150	0.00653	0.00532	0.00161	0.00521	0.00509	0.00578	0.00890
4	0.00931	0.01462	0.29025	0.01214	0.03598	0.00891	0.09808	0.01351	0.03170	0.01809	0.27729	0.04484	0.10679	0.00816	0.00577	0.00171	0.00532	0.00723	0.00395	0.00635
5	0.02177	0.01072	0.03169	0.01097	0.01516	0.04450	0.08074	0.04031	0.01499	0.62744	0.03318	0.01738	0.01277	0.00633	0.00539	0.00164	0.00522	0.00535	0.00586	0.00858
6	0.01567	0.01231	0.01316	0.01096	0.01429	0.01384	0.00873	0.35314	0.36628	0.02610	0.01796	0.01806	0.03165	0.04454	0.02708	0.00203	0.00518	0.00563	0.00516	0.00822
7	0.01655	0.29894	0.22623	0.01101	0.01626	0.01426	0.01155	0.07516	0.01325	0.25009	0.01243	0.01241	0.00884	0.00541	0.00456	0.00146	0.00590	0.00402	0.00378	0.00790
8	0.01175	0.25422	0.52853	0.01311	0.01973	0.01481	0.01594	0.01706	0.04982	0.01578	0.00948	0.01083	0.00720	0.00499	0.00457	0.00152	0.00701	0.00370	0.00240	0.00754
9	0.00739	0.00534	0.00699	0.00671	0.00788	0.00493	0.00498	0.00975	0.01455	0.02055	0.71488	0.10492	0.04862	0.01130	0.00628	0.00170	0.00254	0.01002	0.00574	0.00493
10	0.17983	0.29451	0.37117	0.01138	0.01716	0.01515	0.01318	0.01619	0.01059	0.01666	0.00833	0.00973	0.00653	0.00483	0.00411	0.00148	0.00633	0.00333	0.00245	0.00704
11	0.17675	0.10579	0.39561	0.01312	0.01906	0.01294	0.09932	0.01690	0.02874	0.04449	0.00965	0.01115	0.00715	0.00495	0.00462	0.00159	0.00665	0.00392	0.00274	0.03486
12	0.00644	0.00460	0.00613	0.00736	0.00767	0.00429	0.00491	0.00736	0.01012	0.01350	0.02914	0.81076	0.03497	0.01656	0.00675	0.00215	0.00307	0.01503	0.00491	0.00429
13	0.01149	0.00971	0.01125	0.00808	0.01275	0.00759	0.00648	0.05684	0.01177	0.01816	0.00959	0.01106	0.00790	0.00406	0.00399	0.00083	0.00403	0.00323	0.00326	0.79793
14	0.01666	0.18171	0.21184	0.01062	0.01553	0.04131	0.01082	0.01963	0.01294	0.32347	0.03391	0.01590	0.04830	0.00606	0.00485	0.00152	0.00562	0.00470	0.00422	0.03038
15	0.03087	0.27324	0.26671	0.01195	0.01719	0.12287	0.01250	0.09988	0.01340	0.09074	0.01004	0.01087	0.00759	0.00521	0.00450	0.00145	0.00676	0.00371	0.00308	0.00746
16	0.00640	0.00516	0.00571	0.00599	0.00734	0.00446	0.00433	0.00773	0.01179	0.01467	0.10908	0.25018	0.52064	0.01400	0.00638	0.00187	0.00276	0.01204	0.00499	0.00446
17	0.00753	0.00506	0.00581	0.00597	0.00601	0.00502	0.00342	0.00765	0.00800	0.01066	0.01824	0.13318	0.02122	0.71290	0.02435	0.00475	0.00486	0.00862	0.00342	0.00334
18	0.01391	0.01240	0.01320	0.01152	0.01443	0.05149	0.02667	0.08703	0.59800	0.02177	0.01879	0.01791	0.01421	0.00711	0.00626	0.00179	0.06481	0.00566	0.00495	0.00809
19	0.01352	0.01916	0.36748	0.01717	0.07984	0.01207	0.20862	0.03714	0.04687	0.12834	0.01210	0.01352	0.00857	0.00520	0.00542	0.00169	0.00729	0.00489	0.00322	0.00790
20	0.05696	0.01455	0.15934	0.01305	0.10556	0.06576	0.03772	0.01545	0.02861	0.01728	0.00960	0.01134	0.00769	0.00447	0.00442	0.00119	0.00553	0.00365	0.00291	0.43492
21	0.00676	0.00521	0.00621	0.00642	0.00764	0.00461	0.00463	0.00831	0.01222	0.01603	0.24824	0.29322	0.31616	0.01349	0.00636	0.00185	0.00278	0.01179	0.00513	0.02295
22	0.01941	0.02449	0.01483	0.01347	0.01621	0.75322	0.01012	0.02147	0.05356	0.01341	0.00885	0.01005	0.00729	0.00554	0.00480	0.00138	0.00926	0.00354	0.00286	0.00624
23	0.00644	0.00460	0.00613	0.00736	0.00767	0.00429	0.00491	0.00736	0.01012	0.01350	0.02914	0.81076	0.03497	0.01656	0.00675	0.00215	0.00307	0.01503	0.00491	0.00429
24	0.01139	0.01112	0.01749	0.53258	0.25836	0.05040	0.01492	0.01469	0.01123	0.01461	0.00950	0.01357	0.00743	0.00512	0.00524	0.00168	0.00694	0.00464	0.00245	0.00663
25	0.01711	0.01993	0.04680	0.01395	0.05513	0.45062	0.03059	0.03588	0.22415	0.03561	0.01247	0.01300	0.00969	0.00589	0.00503	0.00153	0.00761	0.00435	0.00357	0.00708
26	0.00683	0.00535	0.00619	0.00604	0.00752	0.00470	0.00451	0.00869	0.01333	0.01747	0.39035	0.07702	0.40847	0.01232	0.00626	0.00174	0.00261	0.01057	0.00533	0.00470
27	0.01427	0.01191	0.01258	0.01098	0.01417	0.01367	0.00864	0.14661	0.65134	0.02392	0.02010	0.01859	0.01499	0.00704	0.00536	0.00176	0.00445	0.00578	0.00536	0.00847
28	0.01438	0.01286	0.01259	0.01114	0.01422	0.07961	0.00869	0.09829	0.63561	0.02241	0.01954	0.01818	0.01466	0.00695	0.00532	0.00174	0.00479	0.00564	0.00515	0.00824
29	0.00648	0.00511	0.00584	0.00619	0.00742	0.00448	0.00444	0.00784	0.01181	0.01497	0.14428	0.29854	0.43572	0.01408	0.00641	0.00189	0.00278	0.01221	0.00503	0.00448
30	0.01605	0.01248	0.05753	0.01884	0.24132	0.01164	0.13006	0.05196	0.15422	0.22728	0.01526	0.01572	0.01098	0.00571	0.00543	0.00167	0.00588	0.00531	0.00429	0.00834
31	0.01248	0.01426	0.03119	0.02228	0.02763	0.01337	0.76203	0.01693	0.01248	0.01693	0.01070	0.01426	0.00802	0.00446	0.00624	0.00178	0.00891	0.00624	0.00267	0.00713
32	0.00998	0.00940	0.01586	0.80150	0.03641	0.01175	0.01468	0.01351	0.01057	0.01351	0.00940	0.01409	0.00705	0.00529	0.00529	0.00176	0.00705	0.00470	0.00235	0.00587
