[name]
unknown

[dist]
# distance from previous block
# <min> <max>
0	62

[block]
# block no. 0 follows, 45 sequences, length 13
# corresponding to MSA columns:
# 62-74
name=unknown_A
#
# <colnr> <probs for GDERKNQSTAVLIFYWHMCP>
#	G	D	E	R	K	N	Q	S	T	A	V	L	I	F	Y	W	H	M	C	P
0	0.00865	0.00618	0.00865	0.00989	0.01112	0.00618	0.00865	0.01112	0.01236	0.01606	0.02842	0.06055	0.03089	0.01483	0.00741	0.00247	0.00494	0.74174	0.00494	0.00494
1	0.00767	0.00575	0.00863	0.00863	0.00959	0.00671	0.00671	0.00959	0.00863	0.01246	0.01438	0.02109	0.01342	0.04026	0.79008	0.00863	0.01438	0.00575	0.00288	0.00479
2	0.00795	0.00554	0.00663	0.00654	0.00666	0.00585	0.00403	0.00824	0.00793	0.01077	0.01620	0.03241	0.01824	0.68161	0.12340	0.00552	0.03835	0.00742	0.00317	0.00355
3	0.01394	0.01108	0.01232	0.00936	0.01361	0.01042	0.00754	0.23980	0.08407	0.02287	0.01337	0.01407	0.03333	0.00541	0.00460	0.00118	0.00449	0.00426	0.03525	0.45905
4	0.00691	0.00539	0.00627	0.00620	0.00764	0.00475	0.00459	0.00874	0.01335	0.01750	0.36678	0.11567	0.39152	0.01274	0.00638	0.00179	0.00267	0.01098	0.00539	0.00475
5	0.84927	0.01038	0.00789	0.00706	0.01038	0.01204	0.00581	0.01578	0.00914	0.02408	0.00747	0.00872	0.00581	0.00498	0.00332	0.00166	0.00415	0.00291	0.00332	0.00581
6	0.00932	0.00466	0.00699	0.00699	0.00699	0.00466	0.00466	0.00699	0.00699	0.00932	0.00932	0.01632	0.00932	0.01865	0.02098	0.84382	0.00466	0.00466	0.00233	0.00233
7	0.01113	0.00954	0.01113	0.00795	0.01272	0.00716	0.00636	0.01352	0.01113	0.01749	0.00954	0.01113	0.00795	0.00398	0.00398	0.00080	0.00398	0.00318	0.00318	0.84417
8	0.01216	0.01155	0.01928	0.30532	0.47545	0.01249	0.01552	0.01608	0.04904	0.01641	0.01048	0.01399	0.00841	0.00511	0.00534	0.00167	0.00655	0.00484	0.00270	0.00760
9	0.01070	0.00805	0.01157	0.29948	0.01987	0.00882	0.00935	0.06505	0.03742	0.07233	0.32833	0.06296	0.02733	0.00845	0.00584	0.00175	0.00469	0.00740	0.00457	0.00604
10	0.00699	0.00516	0.00654	0.00683	0.00781	0.00471	0.00488	0.00873	0.01283	0.01741	0.37537	0.33944	0.15620	0.01364	0.00653	0.00190	0.00279	0.01211	0.00541	0.00471
11	0.17519	0.05602	0.01419	0.01152	0.01470	0.34891	0.00912	0.20511	0.01597	0.02072	0.00969	0.01085	0.00762	0.00577	0.00495	0.00150	0.03122	0.00379	0.04632	0.00684
12	0.01008	0.00750	0.00845	0.00840	0.00976	0.03016	0.00611	0.16377	0.01380	0.01858	0.04934	0.51539	0.04996	0.01329	0.00623	0.00194	0.00381	0.01171	0.06623	0.00547

[dist]
# distance from previous block
# <min> <max>
1	5

[block]
# block no. 1 follows, 45 sequences, length 68
# corresponding to MSA columns:
# 80-147
name=unknown_B
#
# <colnr> <probs for GDERKNQSTAVLIFYWHMCP>
#	G	D	E	R	K	N	Q	S	T	A	V	L	I	F	Y	W	H	M	C	P
0	0.03493	0.01349	0.03662	0.01466	0.06455	0.04105	0.10044	0.27026	0.07877	0.05520	0.01226	0.01415	0.00952	0.00943	0.07265	0.00237	0.15298	0.00507	0.00397	0.00765
1	0.05746	0.03097	0.07197	0.10354	0.08107	0.09899	0.01096	0.14753	0.09493	0.22750	0.01434	0.01454	0.01012	0.00601	0.00517	0.00164	0.00604	0.00475	0.00447	0.00803
2	0.01921	0.01721	0.01533	0.03080	0.01638	0.25818	0.01020	0.36338	0.01897	0.08001	0.01150	0.01236	0.00859	0.00644	0.00641	0.00161	0.08759	0.00443	0.02366	0.00772
3	0.00692	0.00591	0.00614	0.00580	0.00792	0.00484	0.00438	0.00840	0.01205	0.01484	0.04831	0.06753	0.66309	0.01253	0.00607	0.00170	0.00288	0.01046	0.00477	0.10546
4	0.01173	0.01212	0.01628	0.43538	0.14246	0.12553	0.04792	0.01471	0.01189	0.01447	0.01489	0.01797	0.09976	0.00625	0.00544	0.00170	0.00696	0.00544	0.00281	0.00627
5	0.01234	0.01213	0.01851	0.02138	0.30934	0.01502	0.01357	0.01429	0.00977	0.01470	0.00823	0.01234	0.00761	0.00761	0.01286	0.00206	0.49415	0.00473	0.00247	0.00689
6	0.00662	0.00540	0.00585	0.00584	0.00744	0.00463	0.00434	0.00819	0.01272	0.01590	0.20173	0.09749	0.57864	0.01326	0.00637	0.00181	0.00271	0.01124	0.00518	0.00463
7	0.02716	0.00848	0.00914	0.00784	0.01012	0.00897	0.00619	0.24657	0.03327	0.02478	0.17400	0.02178	0.01993	0.00730	0.00483	0.00147	0.00364	0.00592	0.37221	0.00640
8	0.00935	0.00509	0.00540	0.00535	0.00640	0.00504	0.00383	0.01144	0.01116	0.01861	0.10848	0.02493	0.01914	0.13989	0.00796	0.00196	0.00295	0.00603	0.60225	0.00472
9	0.01435	0.81458	0.02813	0.00918	0.01378	0.02124	0.00918	0.01607	0.01091	0.01263	0.00746	0.00861	0.00689	0.00459	0.00344	0.00115	0.00574	0.00287	0.00230	0.00689
10	0.03541	0.00970	0.01446	0.22244	0.11170	0.00963	0.01075	0.02148	0.01363	0.47021	0.01647	0.01643	0.01093	0.00605	0.00534	0.00169	0.00547	0.00511	0.00496	0.00815
11	0.00760	0.00549	0.00718	0.00675	0.00802	0.00506	0.00506	0.01013	0.01519	0.02153	0.77503	0.04010	0.05065	0.01097	0.00633	0.00169	0.00253	0.00971	0.00591	0.00506
12	0.01329	0.01275	0.02179	0.03295	0.77787	0.01275	0.01647	0.01647	0.01222	0.01754	0.01010	0.01329	0.00850	0.00478	0.00531	0.00159	0.00638	0.00478	0.00266	0.00850
13	0.00634	0.00544	0.00544	0.00544	0.00725	0.00453	0.00408	0.00770	0.01224	0.01450	0.05438	0.05166	0.77569	0.01359	0.00634	0.00181	0.00272	0.01133	0.00498	0.00453
14	0.00654	0.00467	0.00623	0.00747	0.00779	0.00436	0.00498	0.00747	0.01028	0.01370	0.02959	0.80785	0.03550	0.01682	0.00685	0.00218	0.00311	0.01526	0.00498	0.00436
15	0.00790	0.00534	0.00664	0.00658	0.00728	0.00508	0.00442	0.00920	0.01160	0.03348	0.35151	0.15422	0.03546	0.32116	0.01450	0.00312	0.00370	0.00972	0.00476	0.00435
16	0.02320	0.00933	0.01243	0.00966	0.01372	0.00834	0.00794	0.02636	0.07771	0.71872	0.02123	0.01842	0.01354	0.00670	0.00540	0.00167	0.00454	0.00545	0.00655	0.00908
17	0.03411	0.00774	0.00997	0.00815	0.01128	0.00677	0.00656	0.01926	0.01457	0.47106	0.16600	0.02886	0.17479	0.00882	0.00572	0.00170	0.00381	0.00734	0.00611	0.00739
18	0.00741	0.00526	0.00664	0.00687	0.00795	0.00477	0.00493	0.00910	0.01276	0.03808	0.33556	0.33838	0.17519	0.01359	0.00651	0.00190	0.00285	0.01203	0.00540	0.00481
19	0.50991	0.02656	0.00959	0.00807	0.01126	0.01094	0.00660	0.01800	0.07312	0.16134	0.01201	0.01289	0.00900	0.00971	0.09846	0.00250	0.00550	0.00397	0.00403	0.00655
20	0.01469	0.39811	0.21818	0.02904	0.01729	0.05083	0.01221	0.13421	0.03461	0.03137	0.00960	0.01065	0.00761	0.00518	0.00437	0.00141	0.00647	0.00366	0.00296	0.00755
21	0.03936	0.61228	0.03777	0.01249	0.10593	0.08749	0.01024	0.01660	0.01140	0.01367	0.00789	0.00931	0.00705	0.00472	0.00382	0.00125	0.00615	0.00317	0.00241	0.00701
22	0.01272	0.00823	0.00876	0.00781	0.00929	0.05137	0.00540	0.06162	0.07379	0.15468	0.01815	0.02828	0.03260	0.48352	0.01838	0.00376	0.00525	0.00686	0.00420	0.00534
23	0.00651	0.00499	0.00598	0.00669	0.00760	0.00445	0.00465	0.00767	0.01121	0.01433	0.07066	0.49680	0.30841	0.01538	0.00664	0.00202	0.00294	0.01358	0.00502	0.00445
24	0.51036	0.00998	0.00944	0.00794	0.01136	0.01078	0.00651	0.07649	0.01219	0.20800	0.03039	0.01284	0.00947	0.00573	0.00409	0.00163	0.00425	0.00396	0.05778	0.00681
25	0.00638	0.00544	0.00549	0.00547	0.00727	0.00455	0.00411	0.00777	0.01232	0.01470	0.07443	0.05134	0.75551	0.01352	0.00634	0.00181	0.00271	0.01128	0.00501	0.00455
26	0.00932	0.00466	0.00699	0.00699	0.00699	0.00466	0.00466	0.00699	0.00699	0.00932	0.00932	0.01632	0.00932	0.01865	0.02098	0.84382	0.00466	0.00466	0.00233	0.00233
27	0.00768	0.00569	0.00829	0.00829	0.00914	0.00653	0.00629	0.00937	0.00853	0.01221	0.01468	0.02278	0.01415	0.13296	0.69838	0.00822	0.01328	0.00600	0.00292	0.00461
28	0.02083	0.00992	0.01220	0.00963	0.01337	0.00960	0.00787	0.15939	0.07903	0.48992	0.01927	0.01764	0.01284	0.00661	0.00520	0.00162	0.00454	0.00530	0.10663	0.00858
29	0.01745	0.02018	0.01779	0.02116	0.31088	0.45679	0.01272	0.05069	0.01448	0.01571	0.00919	0.01121	0.00762	0.00528	0.00505	0.00147	0.00824	0.00403	0.00283	0.00723
30	0.01113	0.00954	0.01113	0.00795	0.01272	0.00716	0.00636	0.01352	0.01113	0.01749	0.00954	0.01113	0.00795	0.00398	0.00398	0.00080	0.00398	0.00318	0.00318	0.84417
31	0.00873	0.00583	0.00685	0.00727	0.00828	0.00583	0.00516	0.05800	0.05432	0.01718	0.02550	0.48358	0.04580	0.01272	0.00584	0.00187	0.00318	0.01124	0.22775	0.00507
32	0.00696	0.00538	0.00634	0.00627	0.00767	0.00477	0.00464	0.00883	0.01344	0.01774	0.39280	0.12284	0.35765	0.01268	0.00639	0.00179	0.00267	0.01096	0.00542	0.00477
33	0.01113	0.00954	0.01113	0.00795	0.01272	0.00716	0.00636	0.01352	0.01113	0.01749	0.00954	0.01113	0.00795	0.00398	0.00398	0.00080	0.00398	0.00318	0.00318	0.84417
34	0.00634	0.00544	0.00544	0.00544	0.00725	0.00453	0.00408	0.00770	0.01224	0.01450	0.05438	0.05166	0.77569	0.01359	0.00634	0.00181	0.00272	0.01133	0.00498	0.00453
35	0.01785	0.00951	0.01163	0.00962	0.01295	0.00946	0.00770	0.05732	0.24445	0.38774	0.14941	0.02228	0.02040	0.00757	0.00558	0.00171	0.00418	0.00631	0.00610	0.00825
36	0.01131	0.00777	0.01017	0.00919	0.01075	0.00872	0.00713	0.13059	0.01169	0.07929	0.01467	0.02111	0.01327	0.14520	0.44269	0.00607	0.05528	0.00582	0.00361	0.00568
37	0.01063	0.00887	0.01271	0.01476	0.19189	0.00990	0.00915	0.06754	0.03289	0.01513	0.01317	0.02068	0.01265	0.20062	0.25582	0.00470	0.10409	0.00581	0.00311	0.00588
38	0.00941	0.00853	0.01411	0.52886	0.02804	0.00993	0.05135	0.01250	0.01133	0.01489	0.09372	0.11008	0.05171	0.00763	0.00570	0.00181	0.00600	0.00689	0.02186	0.00566
39	0.01021	0.00969	0.01656	0.77555	0.03671	0.01197	0.03685	0.01382	0.01079	0.01382	0.00958	0.01432	0.00718	0.00534	0.00540	0.00179	0.00721	0.00482	0.00239	0.00600
40	0.01830	0.05444	0.01538	0.01182	0.01564	0.08823	0.00960	0.42196	0.22661	0.05978	0.01500	0.01456	0.01098	0.00650	0.00525	0.00163	0.00574	0.00497	0.00505	0.00857
41	0.01366	0.14628	0.23345	0.01121	0.03368	0.01125	0.01111	0.04720	0.02981	0.16566	0.10389	0.09762	0.01658	0.00725	0.00518	0.00160	0.00539	0.00596	0.00408	0.04915
42	0.01218	0.23013	0.43223	0.01674	0.13399	0.01486	0.05599	0.01669	0.01143	0.01595	0.00920	0.01108	0.00715	0.00489	0.00477	0.00155	0.00719	0.00393	0.00236	0.00771
43	0.01639	0.01116	0.01182	0.00951	0.01263	0.01215	0.00771	0.47102	0.01983	0.02849	0.01467	0.01564	0.01092	0.00637	0.00474	0.00147	0.00459	0.00490	0.32846	0.00753
44	0.00689	0.00525	0.00685	0.01943	0.00870	0.00485	0.01711	0.00825	0.01130	0.01472	0.09229	0.49642	0.20360	0.01512	0.00671	0.00207	0.00327	0.06763	0.00498	0.00457
45	0.01231	0.01552	0.25162	0.13662	0.04460	0.01107	0.12033	0.03609	0.07419	0.09784	0.07289	0.07521	0.01415	0.00675	0.00562	0.00176	0.00644	0.00608	0.00364	0.00726
46	0.01380	0.11162	0.10771	0.03693	0.22420	0.01453	0.27721	0.11486	0.01382	0.01884	0.01036	0.01290	0.00805	0.00493	0.00544	0.00163	0.00737	0.00502	0.00294	0.00783
47	0.00941	0.00846	0.00953	0.00924	0.01022	0.10122	0.00701	0.01098	0.00970	0.01285	0.04776	0.07074	0.01578	0.10650	0.47856	0.00623	0.07144	0.00637	0.00313	0.00488
48	0.84927	0.01038	0.00789	0.00706	0.01038	0.01204	0.00581	0.01578	0.00914	0.02408	0.00747	0.00872	0.00581	0.00498	0.00332	0.00166	0.00415	0.00291	0.00332	0.00581
49	0.04281	0.03008	0.05603	0.02745	0.05144	0.04267	0.03041	0.10342	0.22506	0.13236	0.05800	0.01839	0.04504	0.00680	0.00560	0.00164	0.02852	0.00551	0.02474	0.06403
50	0.02007	0.02514	0.01525	0.01377	0.01660	0.75717	0.01036	0.05260	0.01563	0.01401	0.00849	0.00982	0.00701	0.00557	0.00486	0.00139	0.00952	0.00352	0.00288	0.00635
51	0.01409	0.01219	0.02063	0.03888	0.21625	0.01233	0.24030	0.02036	0.19578	0.11019	0.01509	0.04200	0.01171	0.00601	0.00591	0.00176	0.01868	0.00599	0.00390	0.00795
52	0.01072	0.00940	0.00892	0.00880	0.01004	0.14947	0.01884	0.01245	0.04452	0.05841	0.07645	0.36668	0.04017	0.14833	0.00977	0.00245	0.00486	0.01023	0.00443	0.00507
53	0.00693	0.00546	0.00625	0.00605	0.00761	0.00478	0.00454	0.00883	0.01361	0.01777	0.38998	0.04628	0.43804	0.01237	0.00634	0.00175	0.00263	0.01057	0.00542	0.00478
54	0.00865	0.01424	0.30698	0.00983	0.01386	0.00800	0.01061	0.01264	0.03214	0.01803	0.27890	0.03137	0.21500	0.00927	0.00584	0.00173	0.00471	0.00780	0.00426	0.00613
55	0.00932	0.00466	0.00699	0.00699	0.00699	0.00466	0.00466	0.00699	0.00699	0.00932	0.00932	0.01632	0.00932	0.01865	0.02098	0.84382	0.00466	0.00466	0.00233	0.00233
56	0.01329	0.01275	0.02179	0.03295	0.77787	0.01275	0.01647	0.01647	0.01222	0.01754	0.01010	0.01329	0.00850	0.00478	0.00531	0.00159	0.00638	0.00478	0.00266	0.00850
57	0.01071	0.00905	0.01066	0.00781	0.01216	0.00690	0.00620	0.01311	0.01162	0.01798	0.10157	0.01461	0.01308	0.00482	0.00426	0.00090	0.00380	0.00396	0.00351	0.74329
58	0.01435	0.81458	0.02813	0.00918	0.01378	0.02124	0.00918	0.01607	0.01091	0.01263	0.00746	0.00861	0.00689	0.00459	0.00344	0.00115	0.00574	0.00287	0.00230	0.00689
59	0.02041	0.01504	0.01611	0.01235	0.01665	0.01665	0.01020	0.75997	0.02524	0.03383	0.01289	0.01289	0.00913	0.00644	0.00537	0.00161	0.00591	0.00483	0.00537	0.00913
60	0.01411	0.01166	0.01610	0.49457	0.02911	0.01375	0.01309	0.30219	0.01634	0.02149	0.01083	0.01376	0.00792	0.00578	0.00537	0.00172	0.00667	0.00479	0.00354	0.00719
61	0.01167	0.01206	0.02435	0.02047	0.11368	0.01151	0.46949	0.01549	0.01253	0.01693	0.01545	0.02661	0.01425	0.00730	0.00650	0.00196	0.00763	0.20202	0.00330	0.00678
62	0.00655	0.00474	0.00620	0.00733	0.00776	0.00439	0.00493	0.00756	0.01053	0.01395	0.04990	0.74034	0.08309	0.01646	0.00681	0.00214	0.00307	0.01487	0.00501	0.00439
63	0.01417	0.00680	0.00905	0.00805	0.01030	0.00604	0.00618	0.01603	0.01381	0.33788	0.22451	0.23601	0.06695	0.01084	0.00608	0.00181	0.00355	0.00946	0.00592	0.00656
64	0.00712	0.00532	0.00661	0.00659	0.00780	0.00481	0.00483	0.00909	0.01361	0.01849	0.47396	0.18545	0.21129	0.01265	0.00643	0.00181	0.00268	0.01111	0.00553	0.00481
65	0.00959	0.00612	0.00780	0.00801	0.00924	0.00592	0.00575	0.01254	0.09872	0.10821	0.14058	0.50613	0.03293	0.01361	0.00644	0.00200	0.00333	0.01218	0.00538	0.00552
66	0.01352	0.01161	0.01223	0.01096	0.01402	0.01343	0.00854	0.04549	0.75093	0.02272	0.02164	0.01986	0.01622	0.00726	0.00546	0.00182	0.00429	0.00604	0.00546	0.00851
67	0.15099	0.09509	0.01426	0.01103	0.03193	0.15937	0.00870	0.07275	0.17207	0.17804	0.02572	0.01420	0.01091	0.00617	0.00509	0.00160	0.02564	0.00451	0.00439	0.00753

[dist]
# distance from previous block
# <min> <max>
0	5

[block]
# block no. 2 follows, 45 sequences, length 12
# corresponding to MSA columns:
# 153-164
name=unknown_C
#
# <colnr> <probs for GDERKNQSTAVLIFYWHMCP>
#	G	D	E	R	K	N	Q	S	T	A	V	L	I	F	Y	W	H	M	C	P
0	0.32762	0.03466	0.03600	0.01078	0.05456	0.03727	0.00848	0.17796	0.05644	0.09061	0.01347	0.06235	0.01130	0.00687	0.00474	0.00171	0.00502	0.04880	0.00426	0.00709
1	0.84927	0.01038	0.00789	0.00706	0.01038	0.01204	0.00581	0.01578	0.00914	0.02408	0.00747	0.00872	0.00581	0.00498	0.00332	0.00166	0.00415	0.00291	0.00332	0.00581
2	0.01579	0.00892	0.01094	0.00936	0.01229	0.00892	0.00750	0.05635	0.21590	0.29786	0.21289	0.02697	0.02463	0.00847	0.00579	0.00176	0.00406	0.05799	0.00596	0.00764
3	0.00652	0.00474	0.00616	0.00730	0.00774	0.00437	0.00491	0.00749	0.01044	0.01377	0.03165	0.74479	0.09722	0.01655	0.00681	0.00215	0.00308	0.01493	0.00498	0.00437
4	0.00681	0.00508	0.00586	0.00634	0.00709	0.00464	0.00421	0.00764	0.01030	0.01310	0.03478	0.34105	0.28690	0.22713	0.01212	0.00286	0.00353	0.01192	0.00452	0.00412
5	0.00702	0.00512	0.00671	0.00781	0.00852	0.00482	0.00575	0.00837	0.01101	0.01436	0.03224	0.53959	0.12204	0.01596	0.00693	0.00221	0.00350	0.18855	0.00497	0.00452
6	0.00767	0.00575	0.00863	0.00863	0.00959	0.00671	0.00671	0.00959	0.00863	0.01246	0.01438	0.02109	0.01342	0.04026	0.79008	0.00863	0.01438	0.00575	0.00288	0.00479
7	0.01282	0.08632	0.02306	0.01655	0.02016	0.01480	0.33873	0.01924	0.21264	0.01731	0.01270	0.01486	0.01000	0.00625	0.00813	0.00186	0.16835	0.00561	0.00333	0.00726
8	0.00672	0.00500	0.00627	0.00691	0.00773	0.00454	0.00482	0.00808	0.01172	0.01552	0.19274	0.49148	0.18898	0.01492	0.00664	0.00200	0.00291	0.01328	0.00518	0.00454
9	0.01134	0.36635	0.17577	0.01066	0.01527	0.01431	0.07851	0.01414	0.01151	0.01443	0.02070	0.02116	0.21156	0.00708	0.00482	0.00150	0.00568	0.00566	0.00304	0.00651
10	0.00772	0.00534	0.00648	0.00633	0.00683	0.00524	0.00409	0.00873	0.01049	0.01450	0.28785	0.03614	0.03032	0.48322	0.06130	0.00413	0.00475	0.00837	0.00418	0.00398
11	0.01557	0.39964	0.08383	0.01117	0.01521	0.22593	0.01026	0.08267	0.01318	0.01498	0.00892	0.01054	0.00763	0.00802	0.06972	0.00192	0.00772	0.00353	0.00274	0.00682

[dist]
# distance from previous block
# <min> <max>
0	2

[block]
# block no. 3 follows, 45 sequences, length 79
# corresponding to MSA columns:
# 167-245
name=unknown_D
#
# <colnr> <probs for GDERKNQSTAVLIFYWHMCP>
#	G	D	E	R	K	N	Q	S	T	A	V	L	I	F	Y	W	H	M	C	P
0	0.06130	0.30053	0.03682	0.00968	0.01409	0.01404	0.00874	0.10949	0.01431	0.31677	0.01364	0.01311	0.00966	0.00562	0.00450	0.00143	0.00518	0.00414	0.00446	0.05250
1	0.01732	0.10418	0.04461	0.01219	0.01558	0.36028	0.00988	0.05946	0.24281	0.06150	0.01333	0.01341	0.01025	0.00605	0.00495	0.00153	0.00707	0.00438	0.00386	0.00736
2	0.51640	0.01119	0.03881	0.00806	0.01204	0.01109	0.00686	0.07717	0.01111	0.02280	0.00858	0.00983	0.00672	0.00483	0.00374	0.00142	0.00439	0.00318	0.00341	0.23836
3	0.08665	0.01579	0.01672	0.01785	0.22686	0.15538	0.01158	0.34604	0.01827	0.02446	0.01109	0.01286	0.00864	0.00584	0.00512	0.00158	0.00656	0.01665	0.00397	0.00808
4	0.84927	0.01038	0.00789	0.00706	0.01038	0.01204	0.00581	0.01578	0.00914	0.02408	0.00747	0.00872	0.00581	0.00498	0.00332	0.00166	0.00415	0.00291	0.00332	0.00581
5	0.00671	0.00539	0.00598	0.00597	0.00751	0.00466	0.00443	0.00836	0.01289	0.01638	0.25191	0.11142	0.51324	0.01314	0.00638	0.00181	0.00270	0.01121	0.00524	0.00466
6	0.00715	0.00514	0.00703	0.00763	0.00813	0.00534	0.00533	0.00829	0.00929	0.01274	0.02211	0.40259	0.02503	0.15055	0.29222	0.00498	0.00750	0.01066	0.00395	0.00434
7	0.01321	0.01343	0.01363	0.01226	0.01469	0.22525	0.10180	0.01788	0.16617	0.03530	0.01939	0.18833	0.01900	0.00965	0.00600	0.00187	0.00623	0.12539	0.00422	0.00629
8	0.01267	0.01448	0.03167	0.02262	0.02805	0.01357	0.75837	0.01719	0.01267	0.01719	0.01086	0.01448	0.00814	0.00452	0.00633	0.00181	0.00905	0.00633	0.00271	0.00724
9	0.01144	0.01172	0.00964	0.00904	0.01095	0.23075	0.00686	0.01438	0.06983	0.01778	0.34550	0.03281	0.15145	0.00976	0.00590	0.00167	0.00486	0.04532	0.00478	0.00556
10	0.01435	0.81458	0.02813	0.00918	0.01378	0.02124	0.00918	0.01607	0.01091	0.01263	0.00746	0.00861	0.00689	0.00459	0.00344	0.00115	0.00574	0.00287	0.00230	0.00689
11	0.01495	0.01180	0.01318	0.00976	0.01434	0.01106	0.00794	0.32056	0.01693	0.02421	0.01092	0.01185	0.00844	0.00499	0.00455	0.00113	0.00477	0.00386	0.00408	0.50068
12	0.01113	0.00954	0.01113	0.00795	0.01272	0.00716	0.00636	0.01352	0.01113	0.01749	0.00954	0.01113	0.00795	0.00398	0.00398	0.00080	0.00398	0.00318	0.00318	0.84417
13	0.01527	0.00859	0.01088	0.00922	0.01161	0.00870	0.02572	0.05735	0.13734	0.28193	0.01871	0.02425	0.01559	0.25021	0.05981	0.00321	0.02609	0.02387	0.00489	0.00677
14	0.01896	0.01091	0.01233	0.01015	0.01341	0.07443	0.00813	0.13382	0.06920	0.38730	0.07905	0.06443	0.01648	0.00929	0.04591	0.00205	0.02452	0.00612	0.00559	0.00794
15	0.01924	0.01745	0.01522	0.01249	0.01604	0.24925	0.00996	0.47450	0.02083	0.02580	0.01163	0.01260	0.00882	0.00898	0.07055	0.00213	0.00775	0.00449	0.00438	0.00789
16	0.00654	0.00467	0.00623	0.00747	0.00779	0.00436	0.00498	0.00747	0.01028	0.01370	0.02959	0.80785	0.03550	0.01682	0.00685	0.00218	0.00311	0.01526	0.00498	0.00436
17	0.01177	0.01121	0.01906	0.40028	0.42234	0.01236	0.01572	0.01515	0.01151	0.01570	0.00983	0.01378	0.00786	0.00506	0.00534	0.00169	0.00675	0.00478	0.00253	0.00728
18	0.01014	0.00954	0.01610	0.79845	0.03697	0.01193	0.01491	0.01371	0.01073	0.01371	0.00954	0.01431	0.00716	0.00537	0.00537	0.00179	0.00716	0.00477	0.00239	0.00596
19	0.01428	0.79880	0.04328	0.00931	0.01397	0.02106	0.00940	0.01609	0.01092	0.01272	0.00751	0.00867	0.00689	0.00460	0.00348	0.00116	0.00578	0.00289	0.00230	0.00691
20	0.02041	0.01504	0.01611	0.01235	0.01665	0.01665	0.01020	0.75997	0.02524	0.03383	0.01289	0.01289	0.00913	0.00644	0.00537	0.00161	0.00591	0.00483	0.00537	0.00913
21	0.02408	0.00914	0.01246	0.00955	0.01370	0.00789	0.00789	0.02616	0.01536	0.78158	0.02118	0.01827	0.01329	0.00664	0.00540	0.00166	0.00457	0.00540	0.00664	0.00914
22	0.01077	0.02777	0.78354	0.01530	0.02323	0.01247	0.01983	0.01700	0.01133	0.01700	0.00963	0.01133	0.00680	0.00510	0.00510	0.00170	0.00793	0.00397	0.00227	0.00793
23	0.00654	0.00467	0.00623	0.00747	0.00779	0.00436	0.00498	0.00747	0.01028	0.01370	0.02959	0.80785	0.03550	0.01682	0.00685	0.00218	0.00311	0.01526	0.00498	0.00436
24	0.00781	0.00520	0.00585	0.00585	0.00585	0.00520	0.00325	0.00781	0.00781	0.01041	0.01691	0.03513	0.01952	0.81135	0.02732	0.00520	0.00520	0.00781	0.00325	0.00325
25	0.00650	0.00523	0.00580	0.00611	0.00746	0.00453	0.00441	0.00784	0.01194	0.01486	0.10752	0.26013	0.51031	0.01427	0.00648	0.00190	0.00281	0.01228	0.00506	0.00453
26	0.01329	0.01275	0.02179	0.03295	0.77787	0.01275	0.01647	0.01647	0.01222	0.01754	0.01010	0.01329	0.00850	0.00478	0.00531	0.00159	0.00638	0.00478	0.00266	0.00850
27	0.01077	0.02777	0.78354	0.01530	0.02323	0.01247	0.01983	0.01700	0.01133	0.01700	0.00963	0.01133	0.00680	0.00510	0.00510	0.00170	0.00793	0.00397	0.00227	0.00793
28	0.01838	0.02036	0.01413	0.01269	0.01563	0.50972	0.00965	0.02383	0.23459	0.06879	0.01313	0.01329	0.01011	0.00612	0.00506	0.00153	0.00775	0.00435	0.00382	0.00709
29	0.00653	0.00544	0.00569	0.00563	0.00736	0.00461	0.00422	0.00805	0.01266	0.01552	0.15871	0.04999	0.67072	0.01322	0.00634	0.00179	0.00269	0.01109	0.00512	0.00461
30	0.01113	0.00954	0.01113	0.00795	0.01272	0.00716	0.00636	0.01352	0.01113	0.01749	0.00954	0.01113	0.00795	0.00398	0.00398	0.00080	0.00398	0.00318	0.00318	0.84417
31	0.01278	0.01075	0.01655	0.28165	0.18970	0.01176	0.07377	0.14298	0.01382	0.01949	0.01185	0.01493	0.00911	0.00552	0.00513	0.00162	0.00605	0.00496	0.16060	0.00699
32	0.00654	0.00467	0.00623	0.00747	0.00779	0.00436	0.00498	0.00747	0.01028	0.01370	0.02959	0.80785	0.03550	0.01682	0.00685	0.00218	0.00311	0.01526	0.00498	0.00436
33	0.01752	0.01506	0.01755	0.08810	0.22488	0.09794	0.01234	0.41283	0.01934	0.02541	0.01134	0.01278	0.00855	0.00580	0.00530	0.00160	0.00655	0.00467	0.00409	0.00837
34	0.00654	0.00475	0.00618	0.00729	0.00775	0.00439	0.00491	0.00754	0.01053	0.01392	0.04608	0.73110	0.09634	0.01644	0.00680	0.00214	0.00307	0.01483	0.00500	0.00439
35	0.01426	0.01312	0.01679	0.39451	0.13047	0.09526	0.01338	0.20512	0.01505	0.01929	0.01029	0.01327	0.00782	0.00566	0.00556	0.00169	0.02346	0.00465	0.00322	0.00714
36	0.00924	0.01945	0.50353	0.01248	0.01767	0.00955	0.01448	0.01357	0.01095	0.01581	0.01682	0.29826	0.01714	0.00932	0.00573	0.00187	0.00620	0.00803	0.00325	0.00665
37	0.01157	0.00906	0.01193	0.07534	0.01450	0.00977	0.05493	0.07877	0.22275	0.06026	0.15702	0.19327	0.02463	0.00975	0.00633	0.00187	0.02724	0.01937	0.00497	0.00665
38	0.01048	0.00762	0.00952	0.06854	0.01125	0.00914	0.00714	0.03098	0.01076	0.01733	0.01678	0.01961	0.07461	0.00772	0.00820	0.00167	0.23748	0.00542	0.44035	0.00540
39	0.01334	0.01103	0.01385	0.15874	0.01823	0.04068	0.07566	0.26311	0.02861	0.02179	0.03699	0.04117	0.16091	0.00778	0.00553	0.00168	0.00546	0.00656	0.08212	0.00676
40	0.00704	0.00535	0.00648	0.00644	0.00774	0.00479	0.00474	0.00897	0.01354	0.01815	0.43688	0.15556	0.27946	0.01266	0.00641	0.00180	0.00268	0.01103	0.00548	0.00479
41	0.01346	0.01209	0.05517	0.01750	0.23174	0.01194	0.07455	0.10293	0.19513	0.03352	0.01479	0.01618	0.01139	0.00597	0.00540	0.00163	0.02241	0.00524	0.16125	0.00773
42	0.00654	0.00467	0.00623	0.00747	0.00779	0.00436	0.00498	0.00747	0.01028	0.01370	0.02959	0.80785	0.03550	0.01682	0.00685	0.00218	0.00311	0.01526	0.00498	0.00436
43	0.21694	0.17796	0.03590	0.00914	0.01216	0.01278	0.00793	0.13099	0.01192	0.01884	0.01087	0.01388	0.00933	0.01784	0.28714	0.00406	0.00855	0.00426	0.00324	0.00625
44	0.01481	0.00980	0.01116	0.00916	0.01188	0.01022	0.00724	0.32757	0.01850	0.09947	0.25506	0.02443	0.02389	0.07438	0.00736	0.00191	0.00437	0.00669	0.07508	0.00702
45	0.01188	0.00963	0.01019	0.00846	0.01154	0.07242	0.00658	0.01584	0.11295	0.08140	0.25415	0.02387	0.06115	0.00743	0.00522	0.00138	0.00402	0.00622	0.00468	0.29101
46	0.00654	0.00545	0.00571	0.00565	0.00737	0.00462	0.00423	0.00809	0.01270	0.01561	0.16801	0.04984	0.66136	0.01318	0.00634	0.00179	0.00269	0.01107	0.00513	0.00462
47	0.01418	0.01103	0.01162	0.01011	0.01306	0.01246	0.00796	0.17630	0.47278	0.02434	0.01919	0.01855	0.01440	0.00692	0.00512	0.00167	0.00426	0.00561	0.16248	0.00797
48	0.03526	0.00999	0.01048	0.00921	0.01199	0.02609	0.00722	0.08410	0.37652	0.10751	0.02020	0.01961	0.03515	0.00696	0.00497	0.00163	0.00405	0.00564	0.21590	0.00752
49	0.00718	0.00545	0.00661	0.00635	0.00777	0.00488	0.00475	0.00931	0.01415	0.01914	0.53121	0.05967	0.28010	0.01193	0.00635	0.00174	0.00260	0.01034	0.00560	0.00488
50	0.01375	0.00862	0.00900	0.00765	0.01000	0.00920	0.00608	0.28177	0.01629	0.02499	0.01585	0.01745	0.01209	0.00632	0.00434	0.00138	0.00373	0.00494	0.54008	0.00649
51	0.01001	0.00500	0.00500	0.00500	0.00625	0.00500	0.00375	0.01251	0.01126	0.02001	0.01751	0.02001	0.01376	0.00625	0.00375	0.00125	0.00250	0.00500	0.84115	0.00500
52	0.00639	0.00544	0.00550	0.00549	0.00728	0.00455	0.00412	0.00780	0.01235	0.01477	0.08164	0.05122	0.74826	0.01350	0.00634	0.00181	0.00271	0.01127	0.00502	0.00455
53	0.02028	0.01884	0.01579	0.01288	0.01663	0.29516	0.01026	0.49392	0.02163	0.02638	0.01123	0.01173	0.00833	0.00612	0.00518	0.00153	0.00727	0.00434	0.00443	0.00808
54	0.00692	0.00497	0.00657	0.00721	0.00787	0.00461	0.00501	0.00843	0.01205	0.01652	0.29812	0.53128	0.04096	0.01471	0.00666	0.00200	0.00290	0.01326	0.00532	0.00461
55	0.05337	0.01532	0.01430	0.01184	0.01546	0.14337	0.00945	0.36124	0.24055	0.05739	0.01487	0.01450	0.01092	0.00649	0.00522	0.00164	0.00592	0.00491	0.00493	0.00832
56	0.01145	0.02298	0.51269	0.01794	0.02497	0.01287	0.28588	0.01707	0.01181	0.01707	0.01007	0.01247	0.00728	0.00489	0.00554	0.00174	0.00834	0.00482	0.00243	0.00768
57	0.00670	0.00504	0.00626	0.00716	0.00798	0.00460	0.00511	0.00791	0.01103	0.01417	0.03633	0.52132	0.24003	0.01572	0.00677	0.00211	0.00319	0.08912	0.00498	0.00447
58	0.00713	0.00510	0.00686	0.00782	0.00847	0.00483	0.00571	0.00862	0.01150	0.01546	0.15300	0.53525	0.03712	0.01546	0.00687	0.00216	0.00337	0.15554	0.00513	0.00459
59	0.00695	0.00515	0.00634	0.00667	0.00759	0.00470	0.00468	0.00843	0.01211	0.01618	0.27983	0.33031	0.19676	0.07919	0.00825	0.00219	0.00301	0.01198	0.00515	0.00454
60	0.02398	0.00930	0.01256	0.00963	0.01378	0.00813	0.00795	0.04656	0.01564	0.76080	0.02095	0.01812	0.01317	0.00664	0.00540	0.00166	0.00460	0.00538	0.00661	0.00914
61	0.01335	0.01153	0.01214	0.01092	0.01396	0.01335	0.00850	0.02852	0.76817	0.02245	0.02185	0.02003	0.01639	0.00728	0.00546	0.00182	0.00425	0.00607	0.00546	0.00850
62	0.01290	0.26490	0.15568	0.01793	0.08925	0.01576	0.31759	0.01665	0.01175	0.01567	0.00944	0.01196	0.00753	0.00478	0.00541	0.00158	0.02670	0.00468	0.00250	0.00733
63	0.01517	0.01730	0.16275	0.05717	0.11783	0.08314	0.12104	0.22729	0.10533	0.02196	0.01210	0.01351	0.00903	0.00566	0.00542	0.00167	0.00701	0.00490	0.00368	0.00806
64	0.24216	0.00646	0.00590	0.00578	0.00752	0.00690	0.00443	0.01299	0.01059	0.02061	0.01574	0.08249	0.01337	0.00678	0.00389	0.00144	0.00301	0.00528	0.53948	0.00517
65	0.01191	0.13542	0.39786	0.23107	0.02512	0.01393	0.01613	0.07782	0.01226	0.01686	0.00956	0.01189	0.00711	0.00521	0.00496	0.00164	0.00723	0.00410	0.00256	0.00734
66	0.00658	0.00495	0.00610	0.00686	0.00766	0.00447	0.00474	0.00777	0.01125	0.01462	0.10269	0.53441	0.23758	0.01542	0.00667	0.00204	0.00296	0.01370	0.00507	0.00447
67	0.00695	0.00522	0.00652	0.00721	0.00820	0.00478	0.00533	0.00845	0.01176	0.01529	0.13121	0.38864	0.23579	0.01489	0.00674	0.00206	0.00322	0.12805	0.00510	0.00459
68	0.01014	0.00954	0.01610	0.79845	0.03697	0.01193	0.01491	0.01371	0.01073	0.01371	0.00954	0.01431	0.00716	0.00537	0.00537	0.00179	0.00716	0.00477	0.00239	0.00596
69	0.00671	0.00498	0.00628	0.00702	0.00779	0.00454	0.00490	0.00802	0.01148	0.01515	0.15320	0.52657	0.17835	0.01523	0.00668	0.00204	0.00298	0.02844	0.00513	0.00452
70	0.01534	0.01815	0.02577	0.01941	0.02393	0.26905	0.48891	0.04179	0.01390	0.01638	0.01008	0.01285	0.00777	0.00492	0.00581	0.00166	0.00916	0.00534	0.00281	0.00696
71	0.00932	0.00466	0.00699	0.00699	0.00699	0.00466	0.00466	0.00699	0.00699	0.00932	0.00932	0.01632	0.00932	0.01865	0.02098	0.84382	0.00466	0.00466	0.00233	0.00233
72	0.01561	0.01756	0.22257	0.01251	0.01725	0.05858	0.01206	0.25207	0.23582	0.05702	0.01482	0.01477	0.01078	0.00627	0.00525	0.00168	0.00605	0.00491	0.02607	0.00835
73	0.31407	0.17166	0.14055	0.01324	0.01814	0.01435	0.22462	0.01643	0.01084	0.01875	0.00878	0.01076	0.00685	0.00479	0.00449	0.00161	0.00646	0.00405	0.00278	0.00677
74	0.00901	0.00544	0.00716	0.00750	0.00857	0.00495	0.00532	0.01039	0.01190	0.11556	0.15782	0.52909	0.07799	0.01430	0.00654	0.00201	0.00318	0.01279	0.00536	0.00512
75	0.01150	0.11168	0.67383	0.01459	0.02197	0.04281	0.01834	0.01707	0.01143	0.01639	0.00935	0.01098	0.00681	0.00506	0.00491	0.00163	0.00777	0.00383	0.00229	0.00776
76	0.01442	0.01648	0.29090	0.01264	0.01726	0.01140	0.03920	0.07422	0.07077	0.19159	0.01601	0.08446	0.03030	0.00742	0.00687	0.00182	0.09666	0.00585	0.00407	0.00769
77	0.01440	0.14365	0.03979	0.29492	0.02329	0.03120	0.07290	0.04474	0.02752	0.17384	0.05622	0.01626	0.02645	0.00599	0.00519	0.00163	0.00617	0.00510	0.00370	0.00703
78	0.01274	0.41192	0.23614	0.01070	0.01576	0.01590	0.01156	0.03018	0.05951	0.03401	0.05419	0.01493	0.06021	0.00592	0.00447	0.00144	0.00587	0.00440	0.00302	0.00713

[dist]
# distance from previous block
# <min> <max>
1	13

[block]
# block no. 4 follows, 45 sequences, length 14
# corresponding to MSA columns:
# 259-272
name=unknown_E
#
# <colnr> <probs for GDERKNQSTAVLIFYWHMCP>
#	G	D	E	R	K	N	Q	S	T	A	V	L	I	F	Y	W	H	M	C	P
0	0.02087	0.01228	0.01322	0.01052	0.01425	0.10080	0.00852	0.22546	0.01804	0.40684	0.09689	0.01810	0.01534	0.00692	0.00542	0.00162	0.00531	0.00547	0.00577	0.00837
1	0.00640	0.00523	0.00565	0.00600	0.00740	0.00448	0.00433	0.00764	0.01170	0.01428	0.04759	0.25872	0.57301	0.01448	0.00648	0.00191	0.00283	0.01241	0.00498	0.00448
2	0.01521	0.23557	0.02242	0.02118	0.34122	0.20688	0.05210	0.01763	0.01262	0.01509	0.00897	0.01118	0.00765	0.00490	0.00474	0.00143	0.00716	0.00401	0.00259	0.00743
3	0.00661	0.00472	0.00629	0.00743	0.00780	0.00440	0.00499	0.00764	0.01058	0.01419	0.07590	0.76014	0.03644	0.01645	0.00682	0.00215	0.00308	0.01492	0.00504	0.00440
4	0.01085	0.01011	0.01699	0.59413	0.20533	0.01186	0.01486	0.01430	0.01109	0.01482	0.00996	0.01429	0.00771	0.00527	0.00530	0.00172	0.00681	0.00478	0.03332	0.00651
5	0.01437	0.26425	0.06059	0.22741	0.02194	0.16978	0.04679	0.08209	0.01307	0.01538	0.00959	0.03407	0.00804	0.00553	0.00474	0.00150	0.00712	0.00426	0.00278	0.00670
6	0.00634	0.00544	0.00544	0.00544	0.00725	0.00453	0.00408	0.00770	0.01224	0.01450	0.05438	0.05166	0.77569	0.01359	0.00634	0.00181	0.00272	0.01133	0.00498	0.00453
7	0.01143	0.01049	0.01507	0.01077	0.01566	0.00839	0.15063	0.01422	0.01143	0.01743	0.00979	0.01177	0.00799	0.00408	0.00443	0.00099	0.00495	0.00379	0.00309	0.68361
8	0.00781	0.00520	0.00585	0.00585	0.00585	0.00520	0.00325	0.00781	0.00781	0.01041	0.01691	0.03513	0.01952	0.81135	0.02732	0.00520	0.00520	0.00781	0.00325	0.00325
9	0.01116	0.00829	0.01068	0.00965	0.01152	0.00943	0.00767	0.21506	0.01318	0.01831	0.01397	0.01884	0.01224	0.03100	0.57521	0.00671	0.01206	0.00550	0.00356	0.00598
10	0.00740	0.00548	0.00690	0.00654	0.00790	0.00498	0.00491	0.00974	0.01472	0.02040	0.65944	0.04195	0.16694	0.01139	0.00633	0.00171	0.00256	0.00997	0.00576	0.00498
11	0.01731	0.02136	0.02039	0.01645	0.02016	0.50757	0.25267	0.01975	0.01423	0.01462	0.00918	0.01129	0.00735	0.00514	0.00529	0.00150	0.00925	0.00438	0.00277	0.03934
12	0.01224	0.01363	0.02901	0.15534	0.02958	0.01329	0.63119	0.01660	0.01234	0.01660	0.01063	0.01445	0.00798	0.00467	0.00617	0.00181	0.00873	0.00607	0.00266	0.00702
13	0.01383	0.01606	0.02709	0.02013	0.02447	0.14669	0.54371	0.01742	0.01259	0.01600	0.00998	0.01334	0.00781	0.00526	0.00739	0.00180	0.10119	0.00565	0.00268	0.00691

[dist]
# distance from previous block
# <min> <max>
1	6

[block]
# block no. 5 follows, 45 sequences, length 170
# corresponding to MSA columns:
# 279-448
name=unknown_F
#
# <colnr> <probs for GDERKNQSTAVLIFYWHMCP>
#	G	D	E	R	K	N	Q	S	T	A	V	L	I	F	Y	W	H	M	C	P
0	0.01662	0.00965	0.01196	0.00997	0.01270	0.00999	0.00796	0.21682	0.01638	0.27176	0.10976	0.17169	0.02039	0.00933	0.00688	0.00181	0.07581	0.00761	0.00551	0.00743
1	0.01062	0.00958	0.01590	0.18163	0.35003	0.01042	0.01265	0.01344	0.01063	0.01493	0.01152	0.01629	0.00999	0.01762	0.28672	0.00416	0.00941	0.00513	0.00268	0.00665
2	0.01878	0.01351	0.01321	0.01116	0.01439	0.19902	0.02669	0.11757	0.05360	0.29234	0.01671	0.01933	0.01274	0.00974	0.06911	0.00222	0.00685	0.06721	0.02830	0.00753
3	0.00723	0.00538	0.00666	0.00652	0.00776	0.00488	0.00479	0.00926	0.01380	0.01883	0.51804	0.12313	0.20152	0.03958	0.00711	0.00189	0.00272	0.01057	0.00552	0.00482
4	0.01113	0.00954	0.01113	0.00795	0.01272	0.00716	0.00636	0.01352	0.01113	0.01749	0.00954	0.01113	0.00795	0.00398	0.00398	0.00080	0.00398	0.00318	0.00318	0.84417
5	0.01020	0.00823	0.00928	0.00728	0.01092	0.00660	0.00574	0.03016	0.02775	0.04742	0.02642	0.02618	0.28366	0.00766	0.00495	0.00124	0.00360	0.00629	0.00407	0.47237
6	0.00680	0.00500	0.00642	0.00733	0.00805	0.00462	0.00521	0.00808	0.01118	0.01468	0.09246	0.55504	0.15253	0.01565	0.00679	0.00211	0.00319	0.08532	0.00505	0.00450
7	0.27324	0.01822	0.28838	0.02995	0.01729	0.06324	0.01222	0.13591	0.01345	0.08622	0.01037	0.01132	0.00743	0.00544	0.00461	0.00165	0.00625	0.00388	0.00349	0.00741
8	0.01492	0.10533	0.01822	0.24996	0.16741	0.14200	0.02980	0.06789	0.03506	0.08098	0.01080	0.01302	0.00831	0.00537	0.00504	0.00156	0.00683	0.00443	0.00317	0.02992
9	0.06166	0.31599	0.01966	0.01152	0.01517	0.35902	0.00963	0.10396	0.02988	0.01609	0.00875	0.00981	0.00729	0.00529	0.00432	0.00135	0.00738	0.00342	0.00297	0.00683
10	0.01844	0.01129	0.01307	0.01039	0.01397	0.01173	0.00844	0.35471	0.07867	0.23949	0.16130	0.02014	0.01878	0.00743	0.00557	0.00166	0.00476	0.00602	0.00584	0.00831
11	0.00770	0.00562	0.00794	0.00794	0.00867	0.00634	0.00586	0.00915	0.00842	0.01196	0.01500	0.02455	0.01492	0.23019	0.60220	0.00778	0.01212	0.00626	0.00297	0.00441
12	0.00734	0.00541	0.00686	0.00664	0.00790	0.00493	0.00492	0.00958	0.01438	0.01991	0.61438	0.10661	0.14756	0.01182	0.00638	0.00175	0.00261	0.01040	0.00571	0.00493
13	0.02050	0.01193	0.05144	0.01047	0.01455	0.03262	0.00891	0.21108	0.06881	0.42647	0.01954	0.01795	0.04546	0.00682	0.00536	0.00165	0.00506	0.00542	0.02733	0.00864
14	0.02049	0.01312	0.01460	0.01127	0.01533	0.01402	0.00928	0.55481	0.02222	0.19139	0.01495	0.01450	0.01032	0.00647	0.00527	0.00160	0.00540	0.00496	0.06114	0.00886
15	0.00668	0.00501	0.00623	0.00714	0.00794	0.00457	0.00507	0.00786	0.01099	0.01413	0.03615	0.53749	0.23419	0.01577	0.00677	0.00211	0.00317	0.07929	0.00498	0.00446
16	0.01205	0.30990	0.51266	0.01311	0.01984	0.01561	0.01601	0.01667	0.01118	0.01543	0.00885	0.01036	0.00683	0.00492	0.00451	0.00150	0.00715	0.00357	0.00228	0.00756
17	0.00767	0.00575	0.00863	0.00863	0.00959	0.00671	0.00671	0.00959	0.00863	0.01246	0.01438	0.02109	0.01342	0.04026	0.79008	0.00863	0.01438	0.00575	0.00288	0.00479
18	0.02041	0.01504	0.01611	0.01235	0.01665	0.01665	0.01020	0.75997	0.02524	0.03383	0.01289	0.01289	0.00913	0.00644	0.00537	0.00161	0.00591	0.00483	0.00537	0.00913
19	0.01113	0.00954	0.01113	0.00795	0.01272	0.00716	0.00636	0.01352	0.01113	0.01749	0.00954	0.01113	0.00795	0.00398	0.00398	0.00080	0.00398	0.00318	0.00318	0.84417
20	0.00735	0.00501	0.00599	0.00644	0.00655	0.00490	0.00387	0.00769	0.00869	0.01159	0.02146	0.31221	0.02525	0.52645	0.01998	0.00412	0.00445	0.01048	0.00387	0.00365
21	0.00645	0.00516	0.00577	0.00620	0.00746	0.00448	0.00443	0.00768	0.01161	0.01440	0.06420	0.32251	0.49145	0.01468	0.00653	0.00194	0.00286	0.01270	0.00501	0.00448
22	0.53508	0.00890	0.00767	0.00682	0.00968	0.00986	0.00552	0.02886	0.01055	0.09103	0.01150	0.01269	0.00868	0.00550	0.00366	0.00155	0.00378	0.00373	0.22902	0.00595
23	0.84927	0.01038	0.00789	0.00706	0.01038	0.01204	0.00581	0.01578	0.00914	0.02408	0.00747	0.00872	0.00581	0.00498	0.00332	0.00166	0.00415	0.00291	0.00332	0.00581
24	0.00922	0.00508	0.00531	0.00531	0.00611	0.00508	0.00357	0.01082	0.01002	0.01657	0.01730	0.02543	0.01582	0.29494	0.01220	0.00267	0.00347	0.00601	0.54070	0.00438
25	0.15992	0.00987	0.01203	0.00939	0.01342	0.00936	0.00775	0.09019	0.01522	0.58959	0.01817	0.01621	0.01168	0.00635	0.00505	0.00166	0.00462	0.00494	0.00598	0.00859
26	0.01772	0.00781	0.00994	0.00808	0.01139	0.00669	0.00652	0.01954	0.01424	0.50652	0.03308	0.03024	0.28667	0.00914	0.00574	0.00172	0.00390	0.00752	0.00605	0.00748
27	0.00908	0.00711	0.00843	0.00781	0.00958	0.00727	0.00594	0.01496	0.21759	0.02144	0.53783	0.03525	0.07626	0.01011	0.00610	0.00173	0.00300	0.00881	0.00574	0.00596
28	0.00735	0.00501	0.00599	0.00644	0.00655	0.00490	0.00387	0.00769	0.00869	0.01159	0.02146	0.31221	0.02525	0.52645	0.01998	0.00412	0.00445	0.01048	0.00387	0.00365
29	0.02016	0.01699	0.01601	0.01349	0.05125	0.18597	0.01042	0.53151	0.02201	0.06140	0.01212	0.01244	0.00880	0.00618	0.00525	0.00156	0.00670	0.00455	0.00473	0.00846
30	0.01435	0.81458	0.02813	0.00918	0.01378	0.02124	0.00918	0.01607	0.01091	0.01263	0.00746	0.00861	0.00689	0.00459	0.00344	0.00115	0.00574	0.00287	0.00230	0.00689
31	0.31347	0.01386	0.01549	0.22019	0.04343	0.16626	0.12296	0.01659	0.01138	0.01795	0.00877	0.01139	0.00681	0.00512	0.00467	0.00166	0.00684	0.00408	0.00285	0.00623
32	0.01014	0.00954	0.01610	0.79845	0.03697	0.01193	0.01491	0.01371	0.01073	0.01371	0.00954	0.01431	0.00716	0.00537	0.00537	0.00179	0.00716	0.00477	0.00239	0.00596
33	0.02408	0.00914	0.01246	0.00955	0.01370	0.00789	0.00789	0.02616	0.01536	0.78158	0.02118	0.01827	0.01329	0.00664	0.00540	0.00166	0.00457	0.00540	0.00664	0.00914
34	0.02408	0.00914	0.01246	0.00955	0.01370	0.00789	0.00789	0.02616	0.01536	0.78158	0.02118	0.01827	0.01329	0.00664	0.00540	0.00166	0.00457	0.00540	0.00664	0.00914
35	0.00781	0.00520	0.00585	0.00585	0.00585	0.00520	0.00325	0.00781	0.00781	0.01041	0.01691	0.03513	0.01952	0.81135	0.02732	0.00520	0.00520	0.00781	0.00325	0.00325
36	0.00654	0.00467	0.00623	0.00747	0.00779	0.00436	0.00498	0.00747	0.01028	0.01370	0.02959	0.80785	0.03550	0.01682	0.00685	0.00218	0.00311	0.01526	0.00498	0.00436
37	0.00899	0.00763	0.00803	0.00755	0.00974	0.00775	0.00577	0.01544	0.28362	0.01813	0.12196	0.03905	0.42369	0.01104	0.00603	0.00180	0.00325	0.00926	0.00526	0.00601
38	0.02375	0.00966	0.01278	0.00980	0.01397	0.00867	0.00810	0.09190	0.01625	0.71459	0.02043	0.01779	0.01292	0.00663	0.00540	0.00166	0.00469	0.00535	0.00653	0.00913
39	0.08305	0.10383	0.01536	0.01217	0.01519	0.46053	0.00967	0.11290	0.01523	0.01690	0.01103	0.01571	0.00985	0.00657	0.00494	0.00153	0.00781	0.08790	0.00334	0.00648
40	0.01472	0.01671	0.01600	0.01400	0.01499	0.29375	0.01125	0.01597	0.01073	0.01300	0.00749	0.01100	0.00700	0.00801	0.01303	0.00200	0.51759	0.00425	0.00250	0.00600
41	0.00837	0.00652	0.00782	0.00840	0.00945	0.00678	0.00593	0.01314	0.21414	0.01606	0.02750	0.59594	0.03036	0.01425	0.00648	0.00208	0.00342	0.01279	0.00511	0.00547
42	0.01143	0.01086	0.01843	0.48478	0.34056	0.01227	0.01555	0.01485	0.01134	0.01528	0.00977	0.01389	0.00771	0.00513	0.00535	0.00171	0.00684	0.00478	0.00250	0.00700
43	0.00781	0.00520	0.00585	0.00585	0.00585	0.00520	0.00325	0.00781	0.00781	0.01041	0.01691	0.03513	0.01952	0.81135	0.02732	0.00520	0.00520	0.00781	0.00325	0.00325
44	0.01219	0.33918	0.48455	0.01288	0.01949	0.01594	0.01562	0.01663	0.01116	0.01527	0.00877	0.01026	0.00683	0.00490	0.00444	0.00148	0.00707	0.00353	0.00228	0.00752
45	0.01305	0.01056	0.01179	0.00949	0.01343	0.01023	0.00750	0.04115	0.35078	0.06000	0.01575	0.01554	0.01204	0.00566	0.00475	0.00132	0.00418	0.00463	0.00444	0.40371
46	0.01705	0.19404	0.03684	0.01249	0.01643	0.29206	0.09495	0.01970	0.04158	0.12297	0.02616	0.01236	0.00926	0.00540	0.00477	0.00140	0.00715	0.00414	0.00339	0.07788
47	0.01439	0.01657	0.02156	0.01708	0.01979	0.23052	0.27909	0.01682	0.01176	0.01451	0.00876	0.01215	0.00740	0.00657	0.01002	0.00189	0.29711	0.00494	0.00260	0.00646
48	0.00827	0.00593	0.00812	0.00876	0.01001	0.00578	0.00736	0.01077	0.01337	0.01802	0.29614	0.05322	0.03798	0.01345	0.00703	0.00219	0.00408	0.47925	0.00529	0.00499
49	0.01277	0.01277	0.02051	0.01623	0.01808	0.01569	0.21244	0.08100	0.01094	0.01594	0.00860	0.01258	0.00753	0.00782	0.01348	0.00214	0.51708	0.00515	0.00272	0.00653
