[name]
unknown

[dist]
# distance from previous block
# <min> <max>
15	88

[block]
# block no. 0 follows, 43 sequences, length 36
# corresponding to MSA columns:
# 94-110,113-131
name=unknown_A
#
# <colnr> <probs for GDERKNQSTAVLIFYWHMCP>
#	G	D	E	R	K	N	Q	S	T	A	V	L	I	F	Y	W	H	M	C	P
0	0.01456	0.01802	0.16827	0.01226	0.01576	0.22986	0.01096	0.16828	0.01547	0.01897	0.01652	0.25229	0.01657	0.00936	0.00579	0.00179	0.00675	0.00768	0.00400	0.00682
1	0.01603	0.00921	0.01097	0.00888	0.01218	0.00868	0.00713	0.16938	0.01690	0.26515	0.15810	0.02878	0.18696	0.00899	0.00584	0.00168	0.00416	0.00743	0.00581	0.06774
2	0.01234	0.01190	0.01420	0.01488	0.13857	0.09510	0.01012	0.01646	0.12181	0.01770	0.16601	0.01999	0.01861	0.01030	0.06248	0.00230	0.19187	0.00595	0.00384	0.06556
3	0.01404	0.01245	0.01702	0.01967	0.28056	0.01397	0.01224	0.14916	0.14253	0.02071	0.01664	0.01820	0.08100	0.00750	0.00821	0.00187	0.16662	0.00578	0.00390	0.00795
4	0.01641	0.25376	0.01736	0.00959	0.01342	0.01387	0.00815	0.18824	0.01521	0.14876	0.03828	0.01683	0.01223	0.11789	0.00798	0.00195	0.00535	0.00486	0.00424	0.10560
5	0.12163	0.20792	0.18312	0.01127	0.01583	0.07086	0.01105	0.14821	0.06085	0.01988	0.01115	0.01383	0.00927	0.08484	0.00694	0.00194	0.00638	0.00433	0.00340	0.00729
6	0.04826	0.00875	0.06625	0.01033	0.01198	0.00799	0.08754	0.01082	0.00997	0.01434	0.01886	0.25761	0.02057	0.18670	0.14067	0.00394	0.06034	0.02630	0.00368	0.00511
7	0.00905	0.04943	0.05341	0.00865	0.01036	0.08365	0.00690	0.01069	0.01188	0.01489	0.08163	0.34553	0.20183	0.01455	0.04351	0.00228	0.03101	0.01104	0.00449	0.00520
8	0.01451	0.05539	0.24946	0.10344	0.12046	0.01415	0.03916	0.17135	0.11167	0.04780	0.01267	0.01402	0.00935	0.00584	0.00540	0.00172	0.00677	0.00484	0.00367	0.00833
9	0.01327	0.01514	0.09577	0.18402	0.42474	0.07555	0.05103	0.01679	0.01233	0.01668	0.01003	0.01342	0.00811	0.00531	0.00593	0.00172	0.03486	0.00481	0.00265	0.00783
10	0.00783	0.00518	0.00690	0.00770	0.00838	0.00480	0.00531	0.00911	0.01166	0.05378	0.14585	0.64287	0.03793	0.01587	0.00691	0.00214	0.00319	0.01433	0.00538	0.00486
11	0.01315	0.01082	0.01701	0.41003	0.05254	0.01222	0.09254	0.04935	0.13347	0.09222	0.01376	0.01706	0.01039	0.04375	0.00673	0.00199	0.00667	0.00553	0.00363	0.00713
12	0.01376	0.01781	0.14374	0.01896	0.16425	0.17434	0.11800	0.01687	0.01258	0.01629	0.06528	0.01530	0.02711	0.00671	0.00811	0.00181	0.16380	0.00523	0.00294	0.00712
13	0.01210	0.00930	0.01078	0.00978	0.01153	0.02723	0.00754	0.21954	0.01536	0.02110	0.09449	0.28465	0.03919	0.01322	0.05294	0.00235	0.08978	0.00929	0.06359	0.00625
14	0.00951	0.00599	0.00766	0.00736	0.00833	0.00611	0.00516	0.01056	0.00962	0.08764	0.02117	0.03134	0.09840	0.37560	0.28551	0.00585	0.00831	0.00747	0.00376	0.00465
15	0.01315	0.27279	0.13838	0.14156	0.09115	0.11212	0.01252	0.01608	0.01196	0.01469	0.02337	0.01453	0.04710	0.00822	0.05877	0.00203	0.00750	0.00448	0.00272	0.00689
16	0.01489	0.01718	0.20842	0.01904	0.14297	0.06758	0.21300	0.01882	0.01317	0.15166	0.01383	0.06986	0.01097	0.00622	0.00580	0.00177	0.00740	0.00594	0.00357	0.00792
17	0.01219	0.26939	0.46880	0.09076	0.02234	0.01562	0.01654	0.01691	0.01149	0.01580	0.00923	0.01112	0.00708	0.00513	0.00476	0.00159	0.00740	0.00382	0.00236	0.00765
18	0.00953	0.01802	0.41524	0.01239	0.03289	0.00951	0.01355	0.01414	0.03684	0.01723	0.09642	0.18980	0.09282	0.00941	0.00592	0.00187	0.00586	0.00804	0.00372	0.00678
19	0.01351	0.06963	0.09144	0.27738	0.13318	0.01315	0.16527	0.04807	0.01283	0.08652	0.01178	0.03200	0.00906	0.00563	0.00561	0.00176	0.00725	0.00535	0.00315	0.00745
20	0.01821	0.01691	0.01641	0.15377	0.02085	0.27205	0.06339	0.20687	0.01710	0.09526	0.01206	0.01354	0.00891	0.00600	0.00533	0.00161	0.00753	0.00468	0.05210	0.00744
21	0.21255	0.01944	0.08256	0.01313	0.05588	0.35813	0.01037	0.02041	0.08728	0.03404	0.01054	0.01174	0.00829	0.00579	0.00495	0.00160	0.02154	0.00394	0.03095	0.00685
22	0.12767	0.06726	0.01091	0.01080	0.08535	0.09228	0.00725	0.01233	0.01148	0.01606	0.04783	0.27419	0.09864	0.07788	0.00765	0.00216	0.00482	0.03585	0.00409	0.00550
23	0.00974	0.08589	0.00992	0.00732	0.00961	0.00715	0.00578	0.01186	0.01382	0.06976	0.36362	0.08853	0.18542	0.01055	0.00595	0.00165	0.00333	0.00902	0.00521	0.09589
24	0.00772	0.00566	0.00725	0.00698	0.00831	0.00519	0.00526	0.01015	0.01510	0.02102	0.64618	0.06799	0.12199	0.01193	0.00659	0.00180	0.00274	0.03706	0.00593	0.00514
25	0.01148	0.00984	0.01148	0.00820	0.01312	0.00738	0.00656	0.01395	0.01148	0.01805	0.00984	0.01148	0.00820	0.00410	0.00410	0.00082	0.00410	0.00328	0.00328	0.83922
26	0.01175	0.00860	0.00991	0.00845	0.01139	0.00820	0.00659	0.02798	0.20322	0.09516	0.22148	0.02937	0.14871	0.00882	0.00570	0.00161	0.00366	0.00745	0.00531	0.17661
27	0.00804	0.00541	0.00624	0.00624	0.00631	0.00548	0.00360	0.00818	0.00811	0.01089	0.01727	0.03524	0.01970	0.75241	0.08054	0.00561	0.00603	0.00791	0.00333	0.00347
28	0.01371	0.01316	0.02248	0.03399	0.77081	0.01316	0.01700	0.01700	0.01261	0.01809	0.01042	0.01371	0.00877	0.00493	0.00548	0.00164	0.00658	0.00493	0.00274	0.00877
29	0.01212	0.01286	0.07459	0.35841	0.40189	0.01277	0.01655	0.01581	0.01188	0.01636	0.01014	0.01402	0.00805	0.00522	0.00549	0.00174	0.00704	0.00487	0.00259	0.00760
30	0.02175	0.00940	0.01239	0.00956	0.01363	0.00822	0.00782	0.05846	0.01588	0.59434	0.08999	0.01996	0.01656	0.00699	0.00551	0.00163	0.00452	0.00573	0.00637	0.09128
31	0.00736	0.00526	0.00713	0.00842	0.00901	0.00503	0.00621	0.00878	0.01121	0.01483	0.03018	0.59220	0.03528	0.01677	0.00723	0.00233	0.00375	0.21920	0.00513	0.00467
32	0.00684	0.00486	0.00640	0.00759	0.00789	0.00456	0.00501	0.00774	0.01042	0.01389	0.02958	0.74630	0.03544	0.07443	0.00860	0.00248	0.00337	0.01519	0.00501	0.00442
33	0.00943	0.00840	0.01058	0.00997	0.01089	0.05373	0.00783	0.01106	0.00953	0.01311	0.01705	0.02280	0.08714	0.06613	0.45992	0.00620	0.18176	0.00623	0.00308	0.00517
34	0.24339	0.01049	0.01152	0.00899	0.01299	0.01017	0.00734	0.05978	0.01238	0.16523	0.01157	0.01236	0.00865	0.00547	0.00530	0.00140	0.06169	0.00385	0.00407	0.34334
35	0.01592	0.34228	0.12138	0.01389	0.01860	0.25954	0.12297	0.01862	0.01298	0.01448	0.00879	0.01051	0.00730	0.00510	0.00468	0.00144	0.00801	0.00384	0.00258	0.00708

[dist]
# distance from previous block
# <min> <max>
0	3

[block]
# block no. 1 follows, 43 sequences, length 32
# corresponding to MSA columns:
# 135-166
name=unknown_B
#
# <colnr> <probs for GDERKNQSTAVLIFYWHMCP>
#	G	D	E	R	K	N	Q	S	T	A	V	L	I	F	Y	W	H	M	C	P
0	0.01298	0.08050	0.17827	0.02026	0.25708	0.07330	0.04165	0.01624	0.01200	0.01660	0.07098	0.01459	0.01137	0.00650	0.00788	0.00178	0.16276	0.00495	0.00285	0.00746
1	0.01102	0.00754	0.00840	0.00762	0.01001	0.00717	0.00588	0.05929	0.11420	0.12131	0.10423	0.08342	0.41508	0.01168	0.00626	0.00185	0.00348	0.00980	0.00555	0.00620
2	0.02485	0.00943	0.01285	0.00985	0.01414	0.00814	0.00814	0.02699	0.01585	0.77465	0.02185	0.01885	0.01371	0.00685	0.00557	0.00171	0.00471	0.00557	0.00685	0.00943
3	0.00726	0.00561	0.00647	0.00627	0.00773	0.00499	0.00461	0.00911	0.01366	0.01796	0.38078	0.04642	0.37777	0.07716	0.00830	0.00210	0.00293	0.01062	0.00544	0.00482
4	0.01228	0.01383	0.10554	0.29141	0.40856	0.01286	0.04377	0.01611	0.01200	0.01667	0.01020	0.01389	0.00809	0.00517	0.00552	0.00173	0.00714	0.00489	0.00260	0.00776
5	0.01554	0.71266	0.02744	0.00998	0.01457	0.07470	0.00962	0.05549	0.01234	0.01421	0.00805	0.00919	0.00723	0.00491	0.00376	0.00123	0.00621	0.00311	0.00257	0.00718
6	0.01259	0.01176	0.01573	0.07661	0.04208	0.06586	0.13498	0.15172	0.01468	0.01884	0.02419	0.06899	0.21166	0.02368	0.00779	0.00194	0.08858	0.01773	0.00404	0.00654
7	0.01609	0.03723	0.01275	0.01086	0.01376	0.24292	0.00843	0.03887	0.23038	0.11706	0.12876	0.02185	0.06683	0.00774	0.00553	0.00167	0.00580	0.00612	0.02007	0.00727
8	0.74348	0.01077	0.00869	0.00772	0.01115	0.01240	0.00632	0.01780	0.07656	0.04941	0.00950	0.01036	0.00722	0.00541	0.00369	0.00173	0.00431	0.00337	0.00374	0.00636
9	0.01256	0.33379	0.48420	0.01332	0.02015	0.01640	0.01616	0.01717	0.01152	0.01578	0.00906	0.01059	0.00705	0.00506	0.00459	0.00153	0.00730	0.00365	0.00235	0.00776
10	0.00856	0.00646	0.00922	0.01040	0.08611	0.00698	0.00663	0.00993	0.00897	0.01260	0.01535	0.02631	0.01566	0.32130	0.42372	0.00685	0.01048	0.00662	0.00309	0.00475
11	0.01701	0.01350	0.01434	0.01192	0.01563	0.01529	0.00955	0.35049	0.43449	0.02838	0.01844	0.01739	0.01358	0.00713	0.00559	0.00178	0.00514	0.00570	0.00559	0.00906
12	0.00841	0.00652	0.00924	0.00897	0.00965	0.00774	0.00680	0.00991	0.00869	0.01249	0.01450	0.02354	0.01435	0.18884	0.54830	0.00748	0.10060	0.00623	0.00298	0.00476
13	0.00915	0.00759	0.01119	0.09705	0.01377	0.00770	0.09688	0.04687	0.01110	0.01449	0.02424	0.10209	0.16557	0.28799	0.07712	0.00367	0.00618	0.00861	0.00378	0.00497
14	0.01320	0.11953	0.07128	0.02113	0.02676	0.01498	0.61534	0.01758	0.01276	0.01711	0.01068	0.01398	0.00816	0.00471	0.00608	0.00177	0.00883	0.00594	0.00272	0.00746
15	0.00672	0.00493	0.00631	0.00742	0.00796	0.00452	0.00501	0.00774	0.01089	0.01425	0.03410	0.69706	0.13901	0.01689	0.00700	0.00220	0.00316	0.01518	0.00514	0.00452
16	0.00779	0.00580	0.00831	0.00854	0.00951	0.00637	0.00658	0.00966	0.00992	0.01383	0.05729	0.11563	0.05957	0.05149	0.53630	0.00683	0.01128	0.06678	0.00366	0.00487
17	0.01262	0.10225	0.16346	0.01044	0.01409	0.01077	0.00991	0.14579	0.01441	0.08047	0.02306	0.23304	0.10662	0.01030	0.00588	0.00185	0.00517	0.03853	0.00449	0.00685
18	0.27324	0.01157	0.01165	0.00963	0.01337	0.07011	0.00780	0.05138	0.09536	0.36448	0.02824	0.01550	0.01165	0.00638	0.00489	0.00171	0.00497	0.00475	0.00530	0.00801
19	0.01991	0.01176	0.01374	0.01076	0.01459	0.01209	0.00880	0.38294	0.02086	0.27326	0.15182	0.02015	0.01852	0.00756	0.00573	0.00169	0.00502	0.00608	0.00607	0.00867
20	0.01371	0.01330	0.01913	0.02699	0.54652	0.07507	0.01417	0.01790	0.09642	0.01754	0.01235	0.01649	0.01071	0.08696	0.00778	0.00203	0.00649	0.00529	0.00314	0.00803
21	0.01274	0.01275	0.01774	0.43929	0.22898	0.09922	0.01475	0.01705	0.07299	0.01587	0.01089	0.01443	0.00850	0.00556	0.00547	0.00175	0.00722	0.00488	0.00284	0.00709
22	0.00675	0.00482	0.00643	0.00771	0.00803	0.00450	0.00514	0.00771	0.01060	0.01414	0.03053	0.80175	0.03663	0.01735	0.00707	0.00225	0.00321	0.01574	0.00514	0.00450
23	0.04211	0.01213	0.01440	0.01106	0.01539	0.01221	0.00914	0.34555	0.02018	0.43220	0.01776	0.01618	0.01165	0.00672	0.00551	0.00169	0.00531	0.00525	0.00620	0.00934
24	0.01330	0.00865	0.01154	0.07195	0.11962	0.00830	0.00839	0.07478	0.01453	0.18969	0.09401	0.05333	0.28976	0.00973	0.00603	0.00178	0.00438	0.00826	0.00510	0.00687
25	0.01307	0.01527	0.06029	0.02425	0.11207	0.01387	0.64008	0.01765	0.01297	0.01777	0.01107	0.01468	0.00839	0.00472	0.00637	0.00184	0.00898	0.00626	0.00278	0.00764
26	0.00655	0.00561	0.00561	0.00561	0.00748	0.00468	0.00421	0.00795	0.01262	0.01496	0.05610	0.05330	0.76857	0.01403	0.00655	0.00187	0.00281	0.01169	0.00514	0.00468
27	0.01858	0.01297	0.01436	0.01155	0.01517	0.01402	0.00930	0.55222	0.02226	0.08792	0.01729	0.16641	0.01502	0.00874	0.00584	0.00178	0.00543	0.00711	0.00556	0.00847
28	0.01878	0.10021	0.01768	0.01579	0.11716	0.39541	0.01120	0.02057	0.01401	0.12898	0.01058	0.01196	0.00836	0.00615	0.00654	0.00159	0.10034	0.00414	0.00334	0.00722
29	0.00841	0.00665	0.00831	0.00782	0.00901	0.00703	0.02046	0.01005	0.01137	0.01575	0.10683	0.09438	0.28368	0.07683	0.07284	0.00273	0.12148	0.00903	0.12236	0.00496
30	0.01071	0.00592	0.00599	0.00585	0.00735	0.00613	0.00442	0.01476	0.09575	0.02093	0.01857	0.02065	0.01450	0.00657	0.00407	0.00136	0.00278	0.00529	0.74284	0.00557
31	0.66837	0.01112	0.00957	0.00816	0.01179	0.01252	0.00673	0.10003	0.01195	0.10249	0.00978	0.01049	0.00717	0.00549	0.00388	0.00171	0.00453	0.00348	0.00401	0.00673

[dist]
# distance from previous block
# <min> <max>
0	2

[block]
# block no. 2 follows, 43 sequences, length 87
# corresponding to MSA columns:
# 169-255
name=unknown_C
#
# <colnr> <probs for GDERKNQSTAVLIFYWHMCP>
#	G	D	E	R	K	N	Q	S	T	A	V	L	I	F	Y	W	H	M	C	P
0	0.32494	0.01259	0.11382	0.00975	0.01425	0.01051	0.00905	0.03449	0.01310	0.38367	0.01489	0.01416	0.00989	0.00601	0.00474	0.00172	0.00505	0.00441	0.00496	0.00800
1	0.02083	0.01375	0.01534	0.01179	0.01617	0.01456	0.00970	0.52575	0.05506	0.18015	0.01516	0.01460	0.01051	0.00655	0.00545	0.00162	0.00561	0.00504	0.00565	0.06671
2	0.07171	0.01268	0.01790	0.01417	0.01768	0.05246	0.22449	0.24750	0.01639	0.02247	0.01672	0.22698	0.01614	0.00882	0.00607	0.00187	0.00634	0.00814	0.00435	0.00712
3	0.01933	0.01290	0.01411	0.01110	0.01491	0.01394	0.00912	0.53333	0.02221	0.10902	0.01541	0.01641	0.01126	0.00687	0.00532	0.00163	0.00534	0.02442	0.14478	0.00859
4	0.01655	0.01865	0.01593	0.20288	0.07094	0.38926	0.01190	0.05201	0.09273	0.01611	0.01069	0.01274	0.00847	0.00585	0.00544	0.00159	0.02160	0.00434	0.00317	0.03917
5	0.00769	0.00566	0.00720	0.00681	0.00818	0.00516	0.00511	0.01017	0.01533	0.02139	0.68735	0.04272	0.13331	0.01163	0.00653	0.00176	0.00263	0.01021	0.00599	0.00516
6	0.05341	0.00978	0.01226	0.00985	0.01372	0.00929	0.00800	0.02612	0.16823	0.55078	0.04276	0.02037	0.03516	0.00724	0.00555	0.00175	0.00452	0.00590	0.00641	0.00892
7	0.00799	0.00553	0.00686	0.00681	0.00720	0.00570	0.00441	0.00878	0.00923	0.01270	0.11364	0.03362	0.02285	0.52982	0.19659	0.00570	0.00716	0.00783	0.00362	0.00396
8	0.00716	0.00501	0.00628	0.00713	0.00739	0.00478	0.00455	0.00783	0.00985	0.01308	0.02707	0.53980	0.05081	0.26650	0.01374	0.00323	0.00388	0.01320	0.00458	0.00414
9	0.01094	0.00631	0.00673	0.00642	0.00799	0.00665	0.00492	0.05704	0.06392	0.02084	0.01776	0.02033	0.01407	0.01022	0.08589	0.00215	0.00420	0.00531	0.64268	0.00564
10	0.01731	0.05091	0.11373	0.01188	0.01682	0.06413	0.01072	0.37126	0.01896	0.05493	0.01181	0.01246	0.00873	0.00572	0.00504	0.00144	0.00608	0.00430	0.00432	0.20947
11	0.02039	0.02459	0.01564	0.01397	0.01700	0.66822	0.01059	0.09673	0.05259	0.01619	0.00972	0.01084	0.00784	0.00589	0.00508	0.00147	0.00932	0.00384	0.00326	0.00684
12	0.01870	0.22758	0.01895	0.01278	0.01618	0.51202	0.01025	0.04116	0.06629	0.01467	0.00943	0.01053	0.00786	0.00561	0.00468	0.00140	0.00844	0.00364	0.00299	0.00684
13	0.01561	0.00745	0.00950	0.00797	0.01085	0.00646	0.00633	0.01765	0.01490	0.37980	0.21172	0.03395	0.23471	0.00995	0.00608	0.00176	0.00367	0.00836	0.00619	0.00708
14	0.00956	0.00736	0.00877	0.00911	0.01045	0.00772	0.00668	0.06189	0.19306	0.01788	0.02737	0.50062	0.02970	0.01411	0.00667	0.00215	0.00384	0.07189	0.00528	0.00590
15	0.01047	0.00742	0.00909	0.00877	0.00975	0.04737	0.00644	0.08711	0.01062	0.01411	0.01434	0.11893	0.01432	0.02419	0.26388	0.33066	0.00826	0.00654	0.00329	0.00444
16	0.00891	0.00734	0.00832	0.00724	0.00985	0.00647	0.00557	0.01242	0.09172	0.01867	0.24446	0.03600	0.29469	0.01009	0.00583	0.00157	0.00324	0.00854	0.00500	0.21408
17	0.00988	0.00606	0.00773	0.00760	0.00916	0.00551	0.00568	0.01189	0.02320	0.12689	0.26882	0.26851	0.16379	0.01310	0.00660	0.00196	0.00328	0.04908	0.00570	0.00556
18	0.01284	0.00973	0.01060	0.00941	0.01223	0.01021	0.00753	0.17341	0.22230	0.06128	0.03304	0.03499	0.28004	0.01042	0.00615	0.00189	0.00429	0.08708	0.00545	0.00711
19	0.01160	0.01239	0.02569	0.02033	0.07518	0.01167	0.52146	0.01529	0.01245	0.01690	0.01578	0.20330	0.01519	0.00772	0.00659	0.00194	0.00768	0.00863	0.00336	0.00685
20	0.00935	0.00489	0.00729	0.00736	0.00744	0.00494	0.00497	0.00743	0.00751	0.01008	0.01107	0.05813	0.01132	0.02068	0.07350	0.73788	0.00542	0.00546	0.00259	0.00269
21	0.20219	0.01119	0.01275	0.01000	0.01413	0.01128	0.00826	0.20200	0.01694	0.43071	0.01668	0.01535	0.01098	0.00643	0.00510	0.00170	0.00496	0.00487	0.00579	0.00868
22	0.01098	0.00586	0.00608	0.00584	0.00746	0.00584	0.00444	0.01429	0.06085	0.05967	0.02184	0.02337	0.07937	0.00720	0.00431	0.00140	0.00283	0.00582	0.66698	0.00558
23	0.00962	0.00481	0.00722	0.00722	0.00722	0.00481	0.00481	0.00722	0.00722	0.00962	0.00962	0.01684	0.00962	0.01924	0.02165	0.83886	0.00481	0.00481	0.00241	0.00241
24	0.00809	0.00597	0.00745	0.00813	0.00933	0.00571	0.00655	0.00984	0.01182	0.01502	0.03458	0.05493	0.23619	0.16462	0.01123	0.00289	0.00451	0.39372	0.00478	0.00465
25	0.01919	0.01371	0.01463	0.01142	0.01531	0.01508	0.00937	0.62368	0.02353	0.03242	0.01413	0.01458	0.01025	0.00661	0.00525	0.00160	0.00548	0.00502	0.15006	0.00868
26	0.84448	0.01071	0.00814	0.00728	0.01071	0.01242	0.00600	0.01628	0.00943	0.02485	0.00771	0.00900	0.00600	0.00514	0.00343	0.00171	0.00428	0.00300	0.00343	0.00600
27	0.01340	0.01534	0.03071	0.02226	0.02733	0.05434	0.66107	0.01766	0.01289	0.01722	0.01079	0.01449	0.00826	0.00507	0.00726	0.00188	0.06365	0.00626	0.00278	0.00732
28	0.00764	0.00565	0.00713	0.00676	0.00815	0.00514	0.00507	0.01007	0.01522	0.02112	0.66069	0.04317	0.16014	0.01173	0.00653	0.00176	0.00264	0.01027	0.00595	0.00514
29	0.02242	0.00932	0.01223	0.00956	0.01330	0.00841	0.00769	0.07465	0.01555	0.62504	0.02069	0.02071	0.01424	0.10982	0.00848	0.00218	0.00489	0.00585	0.00631	0.00864
30	0.00795	0.00576	0.00757	0.00750	0.00879	0.00538	0.00583	0.01046	0.01491	0.02074	0.59289	0.06925	0.07257	0.01229	0.00674	0.00190	0.00307	0.13537	0.00586	0.00516
31	0.01148	0.00984	0.01148	0.00820	0.01312	0.00738	0.00656	0.01395	0.01148	0.01805	0.00984	0.01148	0.00820	0.00410	0.00410	0.00082	0.00410	0.00328	0.00328	0.83922
32	0.00675	0.00482	0.00643	0.00771	0.00803	0.00450	0.00514	0.00771	0.01060	0.01414	0.03053	0.80175	0.03663	0.01735	0.00707	0.00225	0.00321	0.01574	0.00514	0.00450
33	0.01413	0.01921	0.24904	0.15927	0.02201	0.15843	0.01383	0.15369	0.01506	0.01924	0.03979	0.08645	0.01194	0.00700	0.00553	0.00174	0.00732	0.00561	0.00345	0.00725
34	0.01644	0.01042	0.01253	0.01008	0.01360	0.01028	0.00809	0.16322	0.07848	0.21732	0.01705	0.09800	0.01383	0.00854	0.02987	0.00181	0.05394	0.00599	0.02304	0.20745
35	0.13619	0.09703	0.01787	0.10219	0.25767	0.09228	0.01202	0.08597	0.03701	0.08457	0.01121	0.01296	0.00868	0.00551	0.00494	0.00162	0.00629	0.00441	0.01384	0.00774
36	0.01091	0.01021	0.01707	0.01368	0.01590	0.01110	0.21656	0.04492	0.01087	0.01525	0.01425	0.04882	0.03622	0.14638	0.15967	0.00386	0.17642	0.00662	0.00314	0.03815
37	0.05186	0.01035	0.01204	0.00904	0.01350	0.00905	0.00732	0.10580	0.03747	0.18304	0.01346	0.01382	0.00994	0.00524	0.00460	0.00120	0.00443	0.00413	0.03669	0.46703
38	0.01278	0.00752	0.01022	0.01018	0.06314	0.00693	0.02667	0.02547	0.01306	0.19262	0.07424	0.14280	0.10741	0.05977	0.00740	0.00206	0.00425	0.09795	0.09237	0.04317
39	0.01370	0.33196	0.37506	0.01370	0.04840	0.01687	0.01499	0.09425	0.01306	0.01762	0.00943	0.01084	0.00737	0.00519	0.00463	0.00152	0.00702	0.00378	0.00270	0.00792
40	0.07640	0.03103	0.09196	0.01282	0.04239	0.00965	0.14501	0.01408	0.08082	0.01736	0.05898	0.33539	0.02257	0.01065	0.00643	0.00198	0.02237	0.00972	0.00417	0.00623
41	0.00680	0.00486	0.00647	0.00768	0.00804	0.00453	0.00514	0.00783	0.01082	0.01449	0.06269	0.76858	0.03731	0.01709	0.00705	0.00223	0.00319	0.01549	0.00518	0.00453
42	0.01125	0.02904	0.23587	0.23551	0.05117	0.01155	0.05489	0.08264	0.01319	0.01807	0.07333	0.09781	0.03470	0.00753	0.00577	0.00183	0.00659	0.01891	0.00341	0.00693
43	0.06671	0.01952	0.01067	0.11902	0.01440	0.08986	0.00796	0.05180	0.02320	0.01506	0.01493	0.09827	0.01470	0.14554	0.27905	0.00482	0.00916	0.00658	0.00337	0.00537
44	0.00969	0.00922	0.01713	0.01378	0.01643	0.00914	0.28378	0.01238	0.01105	0.01500	0.01968	0.10624	0.08936	0.07395	0.24677	0.00434	0.02279	0.03010	0.00343	0.00573
45	0.01387	0.00702	0.00875	0.00766	0.01024	0.00608	0.00597	0.01567	0.01406	0.31217	0.13187	0.11686	0.30490	0.01123	0.00622	0.00183	0.00357	0.00951	0.00593	0.00658
46	0.06595	0.03901	0.07020	0.04718	0.23936	0.07755	0.06057	0.12136	0.11643	0.02056	0.01583	0.01709	0.07201	0.00637	0.00543	0.00170	0.00634	0.00543	0.00373	0.00788
47	0.04418	0.58671	0.02469	0.00999	0.01433	0.04655	0.00933	0.13167	0.01363	0.01694	0.00982	0.05175	0.00900	0.00576	0.00410	0.00134	0.00589	0.00398	0.00307	0.00727
48	0.01686	0.01137	0.01211	0.00976	0.01293	0.01234	0.00787	0.45096	0.02012	0.04207	0.01529	0.01675	0.01154	0.03151	0.00565	0.00165	0.00479	0.00516	0.30358	0.00770
49	0.01376	0.16659	0.12574	0.02522	0.43220	0.04289	0.08254	0.01725	0.01238	0.01686	0.00984	0.01250	0.00813	0.00495	0.00517	0.00158	0.00705	0.00454	0.00263	0.00817
50	0.01944	0.01146	0.01333	0.01086	0.01473	0.01188	0.00875	0.15237	0.30958	0.32906	0.02027	0.01838	0.01405	0.00699	0.00554	0.00174	0.00480	0.00567	0.00604	0.03507
51	0.01620	0.01566	0.01848	0.10342	0.32813	0.16768	0.01359	0.14239	0.06696	0.03588	0.01147	0.01355	0.00903	0.00579	0.00575	0.00166	0.02801	0.00477	0.00348	0.00808
52	0.00673	0.00490	0.00635	0.00750	0.00798	0.00452	0.00505	0.00773	0.01080	0.01422	0.03304	0.72808	0.10867	0.01702	0.00702	0.00221	0.00317	0.01535	0.00514	0.00452
53	0.00675	0.00512	0.00623	0.00701	0.00787	0.00460	0.00485	0.00794	0.01153	0.01486	0.08119	0.52168	0.26847	0.01595	0.00687	0.00210	0.00305	0.01413	0.00520	0.00460
54	0.00671	0.00552	0.00591	0.00601	0.00764	0.00472	0.00443	0.00820	0.01272	0.01567	0.13197	0.14228	0.60080	0.01413	0.00661	0.00190	0.00283	0.01199	0.00525	0.00472
55	0.17950	0.01125	0.01235	0.01018	0.01397	0.01192	0.00824	0.12348	0.24484	0.29898	0.01817	0.01675	0.01262	0.00670	0.00517	0.00176	0.00471	0.00521	0.00564	0.00856
56	0.09074	0.01173	0.01219	0.01064	0.01405	0.01313	0.00836	0.05812	0.58059	0.02330	0.01943	0.01830	0.01466	0.00690	0.00527	0.00174	0.00442	0.00559	0.00518	0.09568
57	0.01285	0.01279	0.12118	0.01198	0.07457	0.00895	0.03301	0.01622	0.02783	0.09033	0.01193	0.03431	0.00957	0.00505	0.00470	0.00120	0.00508	0.00425	0.00353	0.51067
58	0.01142	0.12199	0.45479	0.01635	0.09937	0.01304	0.06441	0.01611	0.01168	0.01660	0.01244	0.11365	0.01112	0.00668	0.00538	0.00174	0.00716	0.00570	0.00278	0.00759
59	0.01097	0.00974	0.00893	0.00856	0.00966	0.15226	0.00609	0.03154	0.01061	0.01362	0.01492	0.02455	0.01482	0.31182	0.25485	0.00519	0.00889	0.00616	0.09203	0.00478
60	0.09843	0.02177	0.52119	0.01355	0.01973	0.01130	0.03532	0.01618	0.01148	0.04711	0.01356	0.14051	0.01203	0.00727	0.00541	0.00183	0.00686	0.00600	0.00310	0.00738
61	0.03107	0.01575	0.08080	0.01355	0.08558	0.15931	0.01054	0.13226	0.03518	0.14347	0.01406	0.01465	0.03689	0.00607	0.00552	0.00150	0.03088	0.00463	0.00411	0.17418
62	0.00868	0.00717	0.00967	0.01213	0.15062	0.00678	0.00735	0.04122	0.01259	0.01644	0.06698	0.31475	0.28264	0.01313	0.00652	0.00197	0.00384	0.02719	0.00475	0.00561
63	0.01836	0.00901	0.01125	0.00932	0.01249	0.00852	0.00735	0.09769	0.07111	0.41564	0.04495	0.11504	0.07988	0.06398	0.00742	0.00205	0.00449	0.00755	0.00602	0.00787
64	0.01261	0.01650	0.17726	0.10602	0.28589	0.01335	0.25889	0.01699	0.01234	0.01737	0.01046	0.01379	0.00812	0.00506	0.00601	0.00177	0.02172	0.00529	0.00264	0.00790
65	0.01303	0.04359	0.23187	0.01758	0.19454	0.03594	0.04588	0.06718	0.01300	0.01876	0.01019	0.01221	0.00802	0.00490	0.00497	0.00141	0.00644	0.00415	0.00298	0.26335
66	0.00694	0.00503	0.00661	0.00780	0.00832	0.00469	0.00544	0.00809	0.01096	0.01443	0.03230	0.67519	0.09023	0.01691	0.00709	0.00225	0.00336	0.08466	0.00514	0.00457
67	0.02371	0.01126	0.01399	0.01072	0.01505	0.01086	0.00886	0.24552	0.01892	0.55179	0.01927	0.01718	0.01242	0.00679	0.00556	0.00170	0.00513	0.00539	0.00646	0.00942
68	0.04027	0.14890	0.08331	0.01452	0.04727	0.01320	0.19540	0.01927	0.11463	0.12961	0.02538	0.03292	0.01178	0.00971	0.08705	0.00245	0.00738	0.00556	0.00381	0.00758
69	0.13695	0.04407	0.01851	0.02128	0.32453	0.08918	0.08978	0.01733	0.04509	0.02851	0.01300	0.01938	0.01158	0.00696	0.01548	0.00186	0.00664	0.09914	0.00334	0.00741
70	0.00694	0.00491	0.00639	0.00748	0.00778	0.00462	0.00491	0.00780	0.01036	0.01384	0.04172	0.68974	0.03478	0.11887	0.00978	0.00264	0.00348	0.01465	0.00493	0.00436
71	0.01378	0.22091	0.02763	0.02401	0.32339	0.01572	0.26269	0.01714	0.01241	0.01666	0.00998	0.01287	0.00821	0.00479	0.00534	0.00160	0.00734	0.00496	0.00266	0.00790
72	0.01478	0.01118	0.01484	0.03946	0.22405	0.01156	0.01057	0.16583	0.12698	0.10516	0.09941	0.02326	0.11316	0.00773	0.00578	0.00174	0.00507	0.00662	0.00484	0.00800
73	0.01691	0.01000	0.01307	0.01131	0.08593	0.00823	0.00818	0.01933	0.01330	0.31320	0.01458	0.01457	0.01041	0.00526	0.00481	0.00125	0.00458	0.00433	0.00462	0.43615
74	0.01104	0.00875	0.00993	0.00957	0.01149	0.00949	0.00712	0.09240	0.30738	0.02036	0.07656	0.36181	0.02718	0.01198	0.00631	0.00201	0.00393	0.01052	0.00544	0.00673
75	0.00698	0.00576	0.00663	0.00692	0.00813	0.00542	0.00505	0.00822	0.01165	0.01457	0.04405	0.30999	0.46520	0.01490	0.00749	0.00204	0.05469	0.01265	0.00496	0.00470
76	0.00881	0.00605	0.00721	0.00700	0.00863	0.00568	0.00533	0.01143	0.04587	0.05767	0.26395	0.09261	0.26406	0.01391	0.05991	0.00230	0.00384	0.03780	0.09259	0.00535
77	0.00795	0.00550	0.00692	0.00731	0.00837	0.00503	0.00527	0.00949	0.01241	0.04833	0.20563	0.35562	0.18029	0.05584	0.00792	0.00222	0.00330	0.06237	0.00534	0.00489
78	0.01588	0.57147	0.06479	0.01092	0.01538	0.14571	0.01038	0.06131	0.01281	0.01466	0.00828	0.00956	0.00725	0.00517	0.00438	0.00132	0.02763	0.00329	0.00264	0.00716
79	0.01195	0.01202	0.01806	0.01509	0.01572	0.01604	0.08692	0.01356	0.00897	0.01375	0.00814	0.01300	0.00779	0.01116	0.06445	0.00277	0.66690	0.00509	0.00250	0.00613
80	0.03814	0.15058	0.11604	0.01182	0.01588	0.01374	0.04917	0.14785	0.07306	0.11700	0.01509	0.01918	0.01225	0.00717	0.00606	0.00174	0.05474	0.08117	0.06168	0.00766
81	0.00990	0.06265	0.00874	0.00741	0.00818	0.07140	0.00489	0.01040	0.00966	0.03772	0.01866	0.17659	0.02106	0.50687	0.01978	0.00404	0.00536	0.00870	0.00370	0.00429
82	0.00720	0.00553	0.00652	0.00662	0.00793	0.00495	0.00486	0.00893	0.01314	0.01719	0.29511	0.16238	0.33956	0.05494	0.00780	0.00209	0.00303	0.04206	0.00538	0.00479
83	0.01178	0.01080	0.01305	0.01225	0.11260	0.04224	0.01961	0.01495	0.05650	0.01759	0.01596	0.01725	0.09804	0.00591	0.00537	0.00123	0.04010	0.00480	0.00351	0.49647
84	0.04968	0.06647	0.08520	0.01357	0.09434	0.10459	0.01056	0.05329	0.20857	0.06204	0.04567	0.01890	0.01391	0.00680	0.00529	0.00165	0.00578	0.05523	0.00419	0.09430
85	0.01584	0.03498	0.10672	0.01263	0.03517	0.07796	0.01093	0.06257	0.02626	0.19835	0.01499	0.04347	0.01262	0.04182	0.00950	0.00206	0.19064	0.06527	0.00414	0.03410
86	0.08479	0.01973	0.33868	0.01607	0.13262	0.05359	0.01463	0.10120	0.04662	0.03342	0.01259	0.01397	0.03160	0.00577	0.00512	0.00166	0.00670	0.00456	0.03359	0.04311

[dist]
# distance from previous block
# <min> <max>
8	45

[block]
# block no. 3 follows, 43 sequences, length 66
# corresponding to MSA columns:
# 303-326,331-372
name=unknown_D
#
# <colnr> <probs for GDERKNQSTAVLIFYWHMCP>
#	G	D	E	R	K	N	Q	S	T	A	V	L	I	F	Y	W	H	M	C	P
0	0.00736	0.00541	0.00664	0.00712	0.00802	0.00502	0.00509	0.00874	0.01179	0.01548	0.16519	0.28912	0.20090	0.14356	0.01036	0.00262	0.00358	0.09444	0.00502	0.00455
1	0.00988	0.00847	0.00913	0.00834	0.01065	0.04633	0.00625	0.01410	0.14062	0.01833	0.18628	0.20357	0.11876	0.01055	0.00591	0.00168	0.00377	0.00912	0.00492	0.18334
2	0.01146	0.02498	0.63963	0.01565	0.05992	0.01196	0.01838	0.01713	0.01182	0.04454	0.01184	0.05638	0.00926	0.00602	0.00533	0.00176	0.00749	0.00488	0.03363	0.00794
3	0.29929	0.01458	0.01371	0.01196	0.05298	0.09911	0.00919	0.33985	0.01796	0.07521	0.01128	0.01185	0.00825	0.00596	0.00476	0.00166	0.00585	0.00419	0.00447	0.00790
4	0.01435	0.01025	0.01151	0.01038	0.01316	0.01121	0.00813	0.06465	0.44000	0.12314	0.02275	0.08146	0.01894	0.04919	0.00700	0.00209	0.00451	0.07231	0.02708	0.00788
5	0.00746	0.00566	0.00756	0.00894	0.04699	0.00517	0.00577	0.00865	0.01083	0.01461	0.02909	0.65259	0.07046	0.02919	0.00711	0.00215	0.00346	0.01395	0.00485	0.06551
6	0.01679	0.06028	0.01474	0.01193	0.04306	0.26057	0.00906	0.05731	0.09903	0.09248	0.01213	0.01280	0.00941	0.00548	0.00480	0.00132	0.00639	0.00407	0.00381	0.27453
7	0.22367	0.02041	0.01433	0.01345	0.05752	0.45305	0.00987	0.11285	0.01529	0.01930	0.00905	0.01037	0.00723	0.00564	0.00470	0.00154	0.00790	0.00368	0.00333	0.00683
8	0.01439	0.51320	0.17477	0.01302	0.05923	0.01890	0.04969	0.07045	0.01258	0.01603	0.00888	0.01033	0.00742	0.00499	0.00429	0.00139	0.00659	0.00362	0.00264	0.00760
9	0.00804	0.00543	0.00636	0.00636	0.00647	0.00554	0.00375	0.00826	0.00815	0.01098	0.01716	0.03463	0.01943	0.72010	0.11249	0.00576	0.00643	0.00782	0.00331	0.00353
10	0.00791	0.00593	0.00890	0.00890	0.00989	0.00692	0.00692	0.00989	0.00890	0.01286	0.01483	0.02176	0.01385	0.04154	0.78341	0.00890	0.01483	0.00593	0.00297	0.00494
11	0.01770	0.01442	0.10617	0.13902	0.07521	0.03342	0.01220	0.21814	0.10158	0.20295	0.01510	0.01544	0.01057	0.00630	0.00551	0.00173	0.00617	0.00511	0.00471	0.00855
12	0.05782	0.14234	0.01674	0.01569	0.18570	0.20217	0.01026	0.01840	0.09737	0.01687	0.01184	0.01386	0.00978	0.00760	0.03669	0.03363	0.00672	0.00440	0.10517	0.00694
13	0.02101	0.01144	0.01354	0.01061	0.01442	0.01159	0.00856	0.30856	0.04893	0.36852	0.01803	0.01872	0.01289	0.09737	0.00813	0.00211	0.00531	0.00565	0.00589	0.00871
14	0.01389	0.10295	0.01383	0.00966	0.01349	0.15285	0.00784	0.03494	0.01339	0.05423	0.09782	0.01796	0.01471	0.00621	0.00482	0.00125	0.00537	0.05052	0.00377	0.38052
15	0.02485	0.00943	0.01285	0.00985	0.01414	0.00814	0.00814	0.02699	0.01585	0.77465	0.02185	0.01885	0.01371	0.00685	0.00557	0.00171	0.00471	0.00557	0.00685	0.00943
16	0.00817	0.00582	0.00796	0.00916	0.01006	0.00571	0.00739	0.01007	0.01179	0.01546	0.02905	0.30022	0.03276	0.05996	0.00861	0.00261	0.00450	0.46088	0.00502	0.00481
17	0.00704	0.00523	0.00661	0.00752	0.00830	0.00487	0.00537	0.00828	0.01113	0.01442	0.03488	0.49923	0.19299	0.04652	0.03553	0.00255	0.00384	0.09611	0.00499	0.00458
18	0.00697	0.00518	0.00650	0.00712	0.00798	0.00471	0.00498	0.00842	0.01222	0.01624	0.21293	0.47127	0.18472	0.01525	0.00684	0.00205	0.00299	0.01357	0.00537	0.00471
19	0.00952	0.00849	0.00998	0.00973	0.01089	0.09535	0.00755	0.01141	0.00966	0.01295	0.01383	0.02005	0.01283	0.03624	0.66541	0.00780	0.04459	0.00562	0.00293	0.00516
20	0.01528	0.01391	0.01329	0.01176	0.01498	0.10195	0.00916	0.09948	0.60369	0.02322	0.02004	0.01872	0.01506	0.00722	0.00555	0.00181	0.00519	0.00583	0.00531	0.00856
21	0.01634	0.01329	0.01375	0.01083	0.01484	0.06922	0.00866	0.37719	0.01886	0.02557	0.01379	0.10190	0.01195	0.00698	0.00521	0.00144	0.00542	0.00555	0.00457	0.27465
22	0.40957	0.08242	0.01312	0.01013	0.01364	0.19428	0.00820	0.11555	0.07096	0.02240	0.00978	0.01068	0.00765	0.00562	0.00425	0.00161	0.00600	0.00364	0.00365	0.00685
23	0.01812	0.01313	0.07266	0.01399	0.10129	0.01245	0.01068	0.14156	0.27302	0.25477	0.01852	0.01746	0.01305	0.00671	0.00555	0.00176	0.00530	0.00553	0.00542	0.00903
24	0.01441	0.01002	0.01176	0.01089	0.04949	0.01054	0.00809	0.08524	0.31666	0.14901	0.18084	0.02646	0.08539	0.00855	0.00587	0.00179	0.00419	0.00721	0.00575	0.00785
25	0.19231	0.04573	0.01640	0.05284	0.10162	0.28116	0.06067	0.11312	0.03100	0.01968	0.00988	0.01170	0.00786	0.00650	0.02559	0.00179	0.00759	0.00415	0.00333	0.00707
26	0.05303	0.01460	0.01853	0.08622	0.40142	0.12173	0.01372	0.11706	0.04140	0.04087	0.01133	0.01358	0.00896	0.00552	0.00530	0.00164	0.00672	0.00473	0.02553	0.00811
27	0.01073	0.00904	0.01119	0.09553	0.01504	0.00749	0.00727	0.01314	0.01133	0.01721	0.01275	0.11204	0.01192	0.00602	0.00463	0.00113	0.00430	0.00511	0.03321	0.61093
28	0.01449	0.01464	0.02172	0.03179	0.68669	0.09910	0.01629	0.01757	0.01295	0.01759	0.01021	0.01329	0.00859	0.00502	0.00543	0.00162	0.00696	0.00478	0.00275	0.00851
29	0.50334	0.01079	0.01007	0.03805	0.01299	0.01166	0.00702	0.04559	0.09595	0.04968	0.01058	0.01151	0.00810	0.00535	0.00404	0.00157	0.00446	0.00366	0.00381	0.16177
30	0.01060	0.00642	0.00812	0.00731	0.00907	0.00603	0.00560	0.04249	0.01562	0.10787	0.56104	0.03515	0.04150	0.01003	0.00606	0.00168	0.00299	0.00871	0.10785	0.00586
31	0.00861	0.00713	0.01091	0.06727	0.01315	0.00696	0.09056	0.01161	0.04197	0.01866	0.35310	0.18685	0.09214	0.01163	0.00660	0.00193	0.00408	0.05623	0.00512	0.00549
32	0.00681	0.00512	0.00633	0.00721	0.00802	0.00464	0.00503	0.00801	0.01141	0.01474	0.06370	0.54572	0.23399	0.01616	0.00693	0.00214	0.00315	0.04110	0.00517	0.00459
33	0.01743	0.01371	0.01458	0.01201	0.01579	0.01548	0.00965	0.39243	0.39185	0.02906	0.01790	0.01696	0.01315	0.00708	0.00559	0.00177	0.00524	0.00562	0.00559	0.00909
34	0.01103	0.01049	0.01479	0.01300	0.01323	0.01431	0.01067	0.01239	0.00857	0.01315	0.00931	0.01500	0.00914	0.03774	0.19765	0.00402	0.59202	0.00518	0.00257	0.00573
35	0.01533	0.01137	0.01779	0.31836	0.27096	0.01222	0.01404	0.08612	0.01390	0.16669	0.01271	0.01509	0.00927	0.00570	0.00553	0.00174	0.00648	0.00506	0.00370	0.00795
36	0.01990	0.02524	0.01513	0.01379	0.01658	0.73978	0.01034	0.02133	0.01552	0.01363	0.01121	0.01240	0.04954	0.00617	0.00508	0.00145	0.00959	0.00402	0.00298	0.00632
37	0.00676	0.00518	0.00620	0.00688	0.00785	0.00462	0.00480	0.00802	0.01175	0.01508	0.09869	0.46506	0.30791	0.01564	0.00683	0.00207	0.00301	0.01379	0.00522	0.00462
38	0.01333	0.31770	0.24628	0.01289	0.01819	0.01593	0.08592	0.09942	0.01317	0.01744	0.01195	0.10134	0.01084	0.00654	0.00498	0.00160	0.00664	0.00534	0.00308	0.00743
39	0.02079	0.00997	0.01259	0.00995	0.01367	0.00948	0.00809	0.17740	0.01779	0.47561	0.13335	0.05033	0.01949	0.00788	0.00577	0.00173	0.00463	0.00650	0.00640	0.00860
40	0.01263	0.01405	0.02972	0.14827	0.03012	0.01379	0.61471	0.01706	0.01265	0.01706	0.01090	0.01485	0.00821	0.00492	0.00663	0.00188	0.02637	0.00624	0.00274	0.00722
41	0.00753	0.00599	0.00769	0.00764	0.00918	0.00543	0.03371	0.00940	0.01288	0.01657	0.18758	0.15145	0.35212	0.03427	0.00736	0.00210	0.00353	0.13548	0.00519	0.00491
42	0.01332	0.03400	0.05976	0.33926	0.20324	0.04214	0.01411	0.09296	0.04363	0.04494	0.01352	0.01619	0.04706	0.00604	0.00549	0.00174	0.00672	0.00520	0.00327	0.00741
43	0.07646	0.00962	0.00982	0.00831	0.01107	0.04813	0.00661	0.16843	0.01563	0.16481	0.04583	0.01975	0.05021	0.00698	0.00479	0.00153	0.00422	0.00546	0.33539	0.00694
44	0.00959	0.00619	0.00781	0.00826	0.00943	0.00598	0.00585	0.01239	0.09695	0.10147	0.02987	0.58740	0.06735	0.01488	0.00671	0.00213	0.00350	0.01331	0.00539	0.00555
45	0.02787	0.01057	0.01422	0.01132	0.01473	0.01055	0.12142	0.21242	0.05763	0.11847	0.08201	0.06532	0.21100	0.00917	0.00608	0.00180	0.00505	0.00796	0.00518	0.00725
46	0.13742	0.11471	0.10324	0.01230	0.01572	0.14048	0.01105	0.10760	0.02826	0.07769	0.01008	0.01171	0.00797	0.00663	0.00782	0.00177	0.19078	0.00415	0.00341	0.00721
47	0.02204	0.01113	0.01360	0.01063	0.01471	0.01096	0.00871	0.22821	0.07877	0.47004	0.05733	0.01859	0.01473	0.00708	0.00562	0.00171	0.00496	0.00569	0.00635	0.00916
48	0.00951	0.00481	0.00719	0.00723	0.00725	0.00480	0.00482	0.00723	0.00734	0.00979	0.01041	0.04668	0.01065	0.01917	0.02109	0.80705	0.00475	0.00523	0.00251	0.00248
49	0.04519	0.07348	0.02194	0.23085	0.02563	0.13886	0.23442	0.01666	0.01198	0.01533	0.00942	0.01299	0.00756	0.00585	0.00742	0.00182	0.12635	0.00496	0.00265	0.00664
50	0.00725	0.00536	0.00692	0.00731	0.00820	0.00515	0.00521	0.00879	0.01174	0.01585	0.21219	0.33168	0.14711	0.06318	0.13440	0.00332	0.00502	0.01170	0.00492	0.00471
51	0.24589	0.05405	0.01696	0.01658	0.18807	0.06018	0.06442	0.19777	0.04597	0.02384	0.02963	0.01290	0.00938	0.00569	0.00491	0.00166	0.00601	0.00453	0.00381	0.00775
52	0.06121	0.01307	0.05255	0.01083	0.01548	0.01214	0.00927	0.32138	0.01850	0.21884	0.01423	0.01400	0.00994	0.00597	0.00509	0.00149	0.00529	0.00459	0.00508	0.20104
53	0.01682	0.01633	0.10155	0.04344	0.05574	0.11099	0.01158	0.20528	0.23109	0.08289	0.01504	0.01527	0.01112	0.00668	0.00617	0.00176	0.05024	0.00511	0.00454	0.00837
54	0.01481	0.80869	0.02902	0.00948	0.01421	0.02191	0.00948	0.01658	0.01125	0.01303	0.00770	0.00888	0.00711	0.00474	0.00355	0.00118	0.00592	0.00296	0.00237	0.00711
55	0.01422	0.01052	0.01197	0.09835	0.01528	0.01169	0.00841	0.26425	0.16018	0.02442	0.07177	0.02043	0.01568	0.07795	0.00732	0.00199	0.00490	0.00590	0.16753	0.00724
56	0.00763	0.00557	0.00719	0.00787	0.00886	0.00525	0.00599	0.00939	0.01239	0.01641	0.18415	0.28876	0.14153	0.05895	0.00822	0.00235	0.00368	0.21580	0.00523	0.00478
57	0.00692	0.00489	0.00638	0.00749	0.00777	0.00461	0.00491	0.00776	0.01027	0.01370	0.02882	0.70209	0.03448	0.11994	0.00982	0.00266	0.00349	0.01474	0.00491	0.00435
58	0.01338	0.01389	0.01644	0.01306	0.01605	0.13765	0.09353	0.01550	0.01133	0.01568	0.00891	0.01185	0.00773	0.00633	0.00931	0.00158	0.27450	0.00423	0.00287	0.32619
59	0.01054	0.00717	0.00826	0.00778	0.00982	0.00685	0.00587	0.05436	0.10002	0.10733	0.12130	0.20861	0.30566	0.01245	0.00638	0.00191	0.00346	0.01068	0.00553	0.00600
60	0.00692	0.00503	0.00633	0.00730	0.00782	0.00467	0.00491	0.00788	0.01065	0.01393	0.03252	0.59373	0.13507	0.10622	0.00941	0.00256	0.00345	0.03227	0.00494	0.00441
61	0.01445	0.01168	0.01305	0.00983	0.01441	0.01087	0.00793	0.22434	0.10059	0.02339	0.01226	0.01304	0.00953	0.00521	0.00468	0.00118	0.00470	0.00410	0.00419	0.51057
62	0.01011	0.00690	0.00884	0.00910	0.01055	0.00684	0.00717	0.09470	0.01396	0.05522	0.11249	0.31971	0.04870	0.01417	0.00695	0.00219	0.00418	0.25727	0.00536	0.00559
63	0.01648	0.11229	0.14064	0.01359	0.01700	0.42357	0.01198	0.01870	0.01329	0.01415	0.00991	0.06061	0.00900	0.00678	0.00670	0.00163	0.10973	0.00452	0.00280	0.00662
64	0.01086	0.01024	0.01520	0.29035	0.02175	0.01349	0.01203	0.01285	0.00938	0.01330	0.00972	0.01628	0.00910	0.10060	0.05200	0.00287	0.38639	0.00529	0.00257	0.00573
65	0.01045	0.00936	0.01020	0.00988	0.01179	0.09573	0.03411	0.01442	0.10471	0.01839	0.22571	0.04303	0.11539	0.01167	0.00664	0.00202	0.00480	0.26083	0.00510	0.00577

[dist]
# distance from previous block
# <min> <max>
0	3

[block]
# block no. 4 follows, 43 sequences, length 125
# corresponding to MSA columns:
# 378-502
name=unknown_E
#
# <colnr> <probs for GDERKNQSTAVLIFYWHMCP>
#	G	D	E	R	K	N	Q	S	T	A	V	L	I	F	Y	W	H	M	C	P
0	0.00921	0.00846	0.01074	0.00956	0.01078	0.02675	0.02695	0.01097	0.01220	0.01648	0.23479	0.03461	0.28547	0.01143	0.01029	0.00200	0.26084	0.00868	0.00441	0.00539
1	0.01839	0.01701	0.01427	0.01247	0.01497	0.34657	0.00982	0.02049	0.03835	0.19144	0.04385	0.01741	0.03662	0.00764	0.00788	0.00177	0.15779	0.03220	0.00408	0.00697
2	0.02353	0.01046	0.01334	0.01027	0.01450	0.00975	0.00847	0.16486	0.01769	0.60874	0.02133	0.01891	0.03741	0.00705	0.00560	0.00171	0.00491	0.00566	0.00655	0.00927
3	0.00812	0.00617	0.00760	0.00824	0.00936	0.00611	0.00613	0.01134	0.10457	0.01623	0.07805	0.38820	0.13458	0.04050	0.00758	0.00228	0.00370	0.15088	0.00520	0.00518
4	0.28048	0.01109	0.00944	0.00933	0.01149	0.14616	0.00729	0.01476	0.01181	0.05769	0.01858	0.22341	0.01941	0.01041	0.00556	0.00196	0.00520	0.14598	0.00426	0.00570
5	0.03301	0.00692	0.00850	0.00775	0.00972	0.00652	0.00577	0.03951	0.01267	0.25893	0.02214	0.23056	0.02044	0.10856	0.00833	0.00221	0.00393	0.00843	0.19981	0.00628
6	0.00908	0.00725	0.00873	0.00754	0.01013	0.00596	0.00560	0.01097	0.01191	0.01719	0.16139	0.21817	0.07249	0.06097	0.00700	0.00171	0.00360	0.00849	0.00440	0.36740
7	0.00675	0.00482	0.00643	0.00771	0.00803	0.00450	0.00514	0.00771	0.01060	0.01414	0.03053	0.80175	0.03663	0.01735	0.00707	0.00225	0.00321	0.01574	0.00514	0.00450
8	0.07523	0.01707	0.08335	0.01268	0.01675	0.16925	0.03823	0.29550	0.01817	0.13860	0.01287	0.01404	0.00951	0.04033	0.00668	0.00182	0.03266	0.00476	0.00447	0.00803
9	0.01222	0.00725	0.00923	0.00808	0.01024	0.00688	0.00627	0.04665	0.06487	0.17467	0.53643	0.03427	0.04034	0.00997	0.00624	0.00174	0.00330	0.00866	0.00620	0.00648
10	0.84448	0.01071	0.00814	0.00728	0.01071	0.01242	0.00600	0.01628	0.00943	0.02485	0.00771	0.00900	0.00600	0.00514	0.00343	0.00171	0.00428	0.00300	0.00343	0.00600
11	0.55675	0.01047	0.00992	0.00829	0.01202	0.01123	0.00683	0.04520	0.01203	0.26229	0.01238	0.01226	0.00855	0.00574	0.00418	0.00171	0.00448	0.00388	0.00458	0.00720
12	0.01617	0.01763	0.01863	0.02372	0.39474	0.28405	0.01357	0.02062	0.12348	0.01724	0.01154	0.01342	0.00939	0.00558	0.00533	0.00160	0.00746	0.00465	0.00321	0.00794
13	0.00785	0.00554	0.00642	0.00624	0.00770	0.00503	0.00466	0.01004	0.01388	0.01948	0.39450	0.05843	0.27003	0.01144	0.00607	0.00171	0.00268	0.00981	0.15348	0.00503
14	0.00934	0.07011	0.01287	0.00990	0.01195	0.00870	0.09859	0.01230	0.04546	0.01848	0.35745	0.10662	0.10425	0.01202	0.04473	0.00217	0.05548	0.00906	0.00480	0.00572
15	0.00789	0.00558	0.00745	0.00854	0.00922	0.00545	0.00651	0.00940	0.01115	0.01468	0.02800	0.36309	0.03203	0.13723	0.01056	0.00286	0.00436	0.32656	0.00485	0.00458
