[name]
unknown

[dist]
# distance from previous block
# <min> <max>
0	555

[block]
# block no. 0 follows, 51 sequences, length 134
# corresponding to MSA columns:
# 559-692
name=unknown_A
#
# <colnr> <probs for GDERKNQSTAVLIFYWHMCP>
#	G	D	E	R	K	N	Q	S	T	A	V	L	I	F	Y	W	H	M	C	P
0	0.06864	0.00703	0.00757	0.00769	0.00946	0.05143	0.00634	0.01030	0.01098	0.01465	0.02793	0.04208	0.22750	0.03763	0.00641	0.00192	0.00410	0.36668	0.00411	0.08754
1	0.01071	0.05701	0.46737	0.01582	0.02196	0.01216	0.27406	0.01610	0.04849	0.01568	0.00965	0.01162	0.00707	0.00457	0.00500	0.00157	0.00735	0.00441	0.00236	0.00703
2	0.00795	0.00654	0.00779	0.00758	0.00852	0.06254	0.00561	0.00935	0.00862	0.01174	0.06273	0.02206	0.01503	0.19680	0.51042	0.00614	0.01011	0.00566	0.00288	0.03193
3	0.00913	0.00682	0.00758	0.00692	0.00882	0.02042	0.00531	0.03777	0.14913	0.07156	0.32794	0.03420	0.27579	0.00973	0.00555	0.00159	0.00299	0.00826	0.00505	0.00543
4	0.00716	0.00571	0.03266	0.00705	0.00777	0.00575	0.00523	0.00832	0.00767	0.01077	0.01398	0.02432	0.01439	0.36202	0.45865	0.00640	0.00951	0.00599	0.00276	0.00390
5	0.01134	0.01141	0.02107	0.02333	0.41580	0.01100	0.26577	0.01449	0.01107	0.01559	0.01098	0.01393	0.03348	0.00636	0.05091	0.00185	0.00680	0.00499	0.00256	0.06726
6	0.01219	0.03829	0.02014	0.02946	0.77115	0.01193	0.01486	0.01507	0.01115	0.01591	0.00917	0.01202	0.00774	0.00437	0.00481	0.00145	0.00582	0.00432	0.00242	0.00774
7	0.00996	0.02473	0.75775	0.01439	0.02152	0.01147	0.06154	0.01557	0.01045	0.01557	0.00888	0.01054	0.00630	0.00464	0.00473	0.00156	0.00732	0.00376	0.00210	0.00723
8	0.00928	0.00873	0.01474	0.81548	0.03385	0.01092	0.01365	0.01256	0.00983	0.01256	0.00873	0.01310	0.00655	0.00491	0.00491	0.00164	0.00655	0.00437	0.00218	0.00546
9	0.00977	0.00923	0.01562	0.68339	0.16215	0.01105	0.01389	0.01298	0.01006	0.01314	0.00882	0.01294	0.00676	0.00482	0.00491	0.00161	0.00643	0.00437	0.00223	0.00585
10	0.01235	0.06190	0.31399	0.01165	0.01616	0.08769	0.01199	0.13402	0.16956	0.01790	0.01181	0.01294	0.00903	0.00895	0.09638	0.00224	0.00701	0.00423	0.00321	0.00701
11	0.00715	0.00476	0.00536	0.00536	0.00536	0.00476	0.00298	0.00715	0.00715	0.00953	0.01548	0.03216	0.01787	0.82729	0.02501	0.00476	0.00476	0.00715	0.00298	0.00298
12	0.86201	0.00950	0.00722	0.00646	0.00950	0.01102	0.00532	0.01445	0.00836	0.02205	0.00684	0.00798	0.00532	0.00456	0.00304	0.00152	0.00380	0.00266	0.00304	0.00532
13	0.01484	0.01019	0.01614	0.21227	0.25597	0.01055	0.05541	0.07336	0.01253	0.25099	0.01232	0.01376	0.00879	0.00522	0.00523	0.00155	0.02532	0.00463	0.00364	0.00731
14	0.01138	0.01122	0.02058	0.22575	0.02411	0.01164	0.35611	0.05493	0.01125	0.03438	0.00948	0.01263	0.00726	0.00486	0.00625	0.00158	0.08563	0.00486	0.00264	0.10348
15	0.00957	0.00562	0.00655	0.00612	0.00760	0.00562	0.00468	0.01293	0.08629	0.07650	0.26797	0.02420	0.02369	0.00901	0.05034	0.00174	0.00321	0.00613	0.38706	0.00518
16	0.01144	0.00967	0.01156	0.01021	0.01195	0.10681	0.08736	0.06795	0.05473	0.08998	0.01799	0.33449	0.01862	0.05435	0.00769	0.00193	0.08537	0.00843	0.00397	0.00550
17	0.00715	0.00476	0.00536	0.00536	0.00536	0.00476	0.00298	0.00715	0.00715	0.00953	0.01548	0.03216	0.01787	0.82729	0.02501	0.00476	0.00476	0.00715	0.00298	0.00298
18	0.07084	0.06346	0.29572	0.01127	0.01610	0.03437	0.01169	0.27907	0.01523	0.08056	0.06598	0.01287	0.01020	0.00556	0.00465	0.00149	0.00574	0.00424	0.00367	0.00731
19	0.01388	0.71794	0.02417	0.00891	0.01297	0.07820	0.00855	0.06373	0.01111	0.01283	0.00720	0.00821	0.00644	0.00438	0.00336	0.00109	0.00554	0.00278	0.00231	0.00639
20	0.01230	0.01193	0.01982	0.02979	0.77987	0.02876	0.01496	0.01518	0.01125	0.01597	0.00921	0.01209	0.00775	0.00439	0.00486	0.00146	0.00590	0.00435	0.00243	0.00774
21	0.01454	0.41929	0.02040	0.06913	0.09133	0.28482	0.00980	0.01626	0.01143	0.01223	0.00746	0.00900	0.00648	0.00456	0.00388	0.00121	0.00662	0.00310	0.00229	0.00618
22	0.01010	0.03832	0.44312	0.01609	0.19434	0.01049	0.01453	0.01416	0.01021	0.02574	0.02676	0.01378	0.00894	0.06612	0.08435	0.00237	0.00714	0.00432	0.00240	0.00673
23	0.00668	0.00481	0.00633	0.00637	0.00728	0.00446	0.00462	0.00859	0.01265	0.01770	0.57960	0.25686	0.04249	0.01154	0.00593	0.00167	0.00247	0.01031	0.00517	0.00446
24	0.00741	0.00960	0.18694	0.00839	0.01083	0.00614	0.00811	0.01002	0.01134	0.01549	0.21780	0.19614	0.14426	0.01087	0.00581	0.00178	0.00395	0.13589	0.00420	0.00501
25	0.00740	0.00514	0.00589	0.00576	0.00612	0.00517	0.00353	0.00859	0.05281	0.01187	0.14670	0.03214	0.02250	0.64303	0.02064	0.00405	0.00430	0.00735	0.00350	0.00353
26	0.01826	0.01400	0.01408	0.01113	0.01481	0.09048	0.00905	0.58051	0.09572	0.08261	0.01273	0.01250	0.00908	0.00591	0.00488	0.00148	0.00551	0.00445	0.00478	0.00805
27	0.00894	0.02082	0.62235	0.01197	0.01797	0.00978	0.01491	0.01365	0.01056	0.01505	0.01805	0.01869	0.18380	0.00642	0.00493	0.00158	0.00619	0.00515	0.00264	0.00656
28	0.06266	0.01596	0.01209	0.01015	0.01344	0.40209	0.00786	0.01814	0.01263	0.15532	0.00999	0.01059	0.00758	0.00483	0.00423	0.00118	0.00632	0.00339	0.00330	0.23824
29	0.01838	0.01191	0.01342	0.01022	0.01418	0.01233	0.00842	0.51240	0.01944	0.20372	0.01314	0.01272	0.00909	0.00566	0.00476	0.00139	0.00491	0.00435	0.00493	0.11464
30	0.01658	0.06733	0.09194	0.02720	0.08348	0.51753	0.01081	0.10062	0.01404	0.01475	0.00829	0.00963	0.00667	0.00501	0.00448	0.00133	0.00783	0.00344	0.00271	0.00635
31	0.01040	0.01066	0.05955	0.20552	0.01922	0.01078	0.08173	0.01293	0.00956	0.02502	0.00837	0.01144	0.00690	0.00546	0.00767	0.00148	0.22975	0.00398	0.00248	0.27708
32	0.03399	0.17639	0.45736	0.01305	0.06216	0.01268	0.02677	0.05245	0.01086	0.03714	0.00917	0.01086	0.00702	0.00693	0.06127	0.00190	0.00696	0.00368	0.00242	0.00693
33	0.00699	0.00822	0.14022	0.00834	0.00995	0.00571	0.02123	0.00905	0.03026	0.01315	0.02259	0.59187	0.02593	0.05396	0.02632	0.00219	0.00407	0.01131	0.00399	0.00465
34	0.01072	0.00646	0.00774	0.00681	0.00818	0.00636	0.00484	0.10327	0.01200	0.13361	0.23362	0.02867	0.02385	0.37640	0.01420	0.00298	0.00407	0.00698	0.00436	0.00490
35	0.01297	0.01262	0.01822	0.12912	0.55146	0.08939	0.01384	0.08343	0.01234	0.01654	0.00924	0.01193	0.00753	0.00465	0.00483	0.00147	0.00619	0.00426	0.00263	0.00733
36	0.05574	0.07910	0.28114	0.01227	0.01673	0.33351	0.01208	0.10524	0.01324	0.03496	0.00869	0.00979	0.00662	0.00497	0.00442	0.00139	0.00731	0.00345	0.00273	0.00662
37	0.00704	0.00520	0.00754	0.00754	0.00830	0.00595	0.00570	0.00855	0.00779	0.01115	0.01349	0.02110	0.01307	0.14728	0.69846	0.00746	0.01199	0.00553	0.00268	0.00419
38	0.00590	0.00498	0.00510	0.00507	0.00669	0.00419	0.00380	0.00722	0.01141	0.01377	0.10663	0.04649	0.73749	0.01226	0.00581	0.00165	0.00248	0.01026	0.00463	0.00419
39	0.00745	0.00539	0.00830	0.00830	0.00925	0.00500	0.08024	0.00869	0.00989	0.05777	0.02497	0.69894	0.02890	0.01377	0.00615	0.00194	0.00346	0.01266	0.00445	0.00450
40	0.01036	0.01008	0.01782	0.50241	0.25036	0.01130	0.09995	0.01363	0.01041	0.01391	0.00902	0.01285	0.00700	0.00467	0.00500	0.00159	0.00654	0.00453	0.00229	0.00625
41	0.01687	0.25263	0.01729	0.01145	0.01446	0.58367	0.00919	0.01823	0.01281	0.01190	0.00738	0.00858	0.00632	0.00482	0.00407	0.00120	0.00784	0.00301	0.00241	0.00587
42	0.01019	0.00873	0.01019	0.00728	0.01165	0.00655	0.00582	0.01237	0.01019	0.01601	0.00873	0.01019	0.00728	0.00364	0.00364	0.00073	0.00364	0.00291	0.00291	0.85734
43	0.00712	0.00520	0.00672	0.00639	0.00760	0.00488	0.00485	0.00973	0.03512	0.01935	0.72060	0.03729	0.06284	0.01017	0.00582	0.00158	0.00246	0.04224	0.00534	0.00471
44	0.01487	0.52671	0.03321	0.00957	0.01362	0.01782	0.00892	0.26869	0.01428	0.01807	0.00850	0.00929	0.00699	0.00489	0.00409	0.00123	0.02596	0.00328	0.00304	0.00698
45	0.00915	0.07253	0.09047	0.37355	0.02222	0.02545	0.05450	0.01216	0.01101	0.01450	0.17763	0.04001	0.06379	0.00661	0.00507	0.00157	0.00543	0.00579	0.00308	0.00548
46	0.42921	0.02470	0.07064	0.00751	0.01051	0.00963	0.00662	0.07794	0.01134	0.06242	0.17244	0.01616	0.02950	0.00676	0.02133	0.00165	0.00408	0.00455	0.02730	0.00570
47	0.01222	0.01056	0.01111	0.01000	0.01278	0.01222	0.00778	0.02611	0.78776	0.02056	0.02000	0.01833	0.01500	0.00667	0.00500	0.00167	0.00389	0.00556	0.00500	0.00778
48	0.01120	0.01261	0.02733	0.01972	0.02435	0.01182	0.72336	0.01510	0.01144	0.01551	0.01117	0.07131	0.00925	0.00495	0.00583	0.00168	0.00790	0.00638	0.00263	0.00644
49	0.00714	0.00541	0.00799	0.00874	0.05107	0.00598	0.00612	0.00867	0.00827	0.01171	0.01547	0.15526	0.01587	0.09195	0.56946	0.00632	0.01039	0.00683	0.00297	0.00440
50	0.18241	0.01069	0.01175	0.00932	0.01293	0.01125	0.00765	0.28872	0.08815	0.30612	0.01435	0.01345	0.00976	0.00578	0.00457	0.00152	0.00451	0.00438	0.00498	0.00772
51	0.23428	0.01111	0.01323	0.29490	0.15139	0.09050	0.01066	0.01546	0.08474	0.01633	0.00924	0.01163	0.00722	0.00500	0.00465	0.00156	0.02537	0.00392	0.00275	0.00606
52	0.01142	0.01291	0.02791	0.08142	0.02631	0.01231	0.72035	0.01550	0.01146	0.01550	0.00985	0.01324	0.00739	0.00420	0.00573	0.00166	0.00815	0.00569	0.00246	0.00654
53	0.00895	0.00674	0.00861	0.00885	0.01026	0.00732	0.00723	0.01375	0.21358	0.01509	0.02060	0.03575	0.02022	0.01602	0.14225	0.08515	0.00579	0.36460	0.00410	0.00512
54	0.02043	0.01096	0.01301	0.00997	0.01384	0.01107	0.00824	0.38699	0.01840	0.43087	0.01574	0.01436	0.01034	0.00599	0.00493	0.00150	0.00477	0.00469	0.00552	0.00836
55	0.00788	0.00489	0.00626	0.00667	0.00755	0.00446	0.00464	0.00891	0.01021	0.10049	0.06400	0.53974	0.12968	0.07123	0.00737	0.00207	0.00306	0.01177	0.00466	0.00446
56	0.01837	0.01361	0.01457	0.01124	0.01512	0.01509	0.00926	0.74341	0.06046	0.03046	0.01220	0.01212	0.00868	0.00594	0.00492	0.00148	0.00533	0.00448	0.00492	0.00833
57	0.00910	0.03223	0.44915	0.01101	0.01570	0.00887	0.02943	0.01321	0.01149	0.03643	0.24932	0.07869	0.02056	0.00711	0.00513	0.00158	0.00534	0.00606	0.00338	0.00622
58	0.01897	0.00768	0.01042	0.00822	0.01148	0.00670	0.00670	0.02096	0.01403	0.64083	0.17744	0.02080	0.01914	0.00689	0.00512	0.00153	0.00380	0.00575	0.00595	0.00760
59	0.01836	0.02342	0.01393	0.01266	0.01519	0.80756	0.00950	0.01962	0.01393	0.01203	0.00760	0.00886	0.00633	0.00506	0.00443	0.00127	0.00886	0.00317	0.00253	0.00570
60	0.01222	0.01056	0.01111	0.01000	0.01278	0.01222	0.00778	0.02611	0.78776	0.02056	0.02000	0.01833	0.01500	0.00667	0.00500	0.00167	0.00389	0.00556	0.00500	0.00778
61	0.00952	0.04155	0.64935	0.01276	0.01892	0.01054	0.01588	0.01455	0.01078	0.01581	0.08645	0.01607	0.01170	0.00581	0.00489	0.00159	0.00654	0.05794	0.00257	0.00679
62	0.01300	0.01072	0.01474	0.49763	0.02649	0.01263	0.01195	0.31599	0.01507	0.01983	0.00995	0.01259	0.00726	0.00530	0.00491	0.00157	0.00610	0.00439	0.00326	0.00660
63	0.02109	0.00858	0.01138	0.00887	0.01257	0.00771	0.00728	0.02416	0.08940	0.72414	0.01945	0.01688	0.01244	0.00614	0.00495	0.00153	0.00415	0.00500	0.00598	0.00831
64	0.01140	0.01363	0.19040	0.01070	0.01441	0.01163	0.00996	0.02280	0.56918	0.01938	0.05954	0.01753	0.01471	0.00640	0.00497	0.00164	0.00457	0.00530	0.00436	0.00749
65	0.00755	0.00567	0.00767	0.00756	0.00843	0.00644	0.00562	0.01011	0.08367	0.01190	0.01433	0.02196	0.01374	0.20312	0.56208	0.00662	0.01046	0.00570	0.00294	0.00442
66	0.01123	0.07564	0.36112	0.02158	0.40318	0.01211	0.01595	0.01527	0.01075	0.01552	0.00889	0.01108	0.00700	0.00449	0.00466	0.00147	0.00642	0.00393	0.00225	0.00745
67	0.01453	0.01270	0.01522	0.01345	0.06950	0.05421	0.01041	0.33231	0.01459	0.02011	0.00893	0.01119	0.00733	0.00700	0.01008	0.00178	0.38222	0.00430	0.00334	0.00680
68	0.01020	0.00918	0.01252	0.19827	0.09306	0.01082	0.00974	0.02552	0.22277	0.01608	0.10230	0.02007	0.07404	0.00732	0.00713	0.00172	0.14895	0.02057	0.00359	0.00613
69	0.86201	0.00950	0.00722	0.00646	0.00950	0.01102	0.00532	0.01445	0.00836	0.02205	0.00684	0.00798	0.00532	0.00456	0.00304	0.00152	0.00380	0.00266	0.00304	0.00532
70	0.00605	0.00503	0.00532	0.00537	0.00695	0.00430	0.00411	0.00746	0.01144	0.01392	0.11112	0.04697	0.67700	0.01232	0.00588	0.00169	0.00262	0.06359	0.00463	0.00422
71	0.01071	0.00968	0.00948	0.00916	0.01099	0.09779	0.00691	0.01812	0.39394	0.01644	0.02049	0.20482	0.01951	0.06727	0.00682	0.00197	0.00433	0.08112	0.00444	0.00603
72	0.01075	0.01075	0.01505	0.01290	0.01290	0.01505	0.01075	0.01183	0.00753	0.01183	0.00645	0.01075	0.00645	0.00860	0.01613	0.00215	0.81830	0.00430	0.00215	0.00538
73	0.01672	0.01763	0.01333	0.01161	0.01453	0.40529	0.00898	0.19414	0.23237	0.01871	0.01202	0.01218	0.00921	0.00570	0.00470	0.00143	0.00669	0.00412	0.00376	0.00688
74	0.00986	0.02542	0.80183	0.01401	0.02127	0.01141	0.01816	0.01556	0.01038	0.01556	0.00882	0.01038	0.00623	0.00467	0.00467	0.00156	0.00726	0.00363	0.00208	0.00726
75	0.86201	0.00950	0.00722	0.00646	0.00950	0.01102	0.00532	0.01445	0.00836	0.02205	0.00684	0.00798	0.00532	0.00456	0.00304	0.00152	0.00380	0.00266	0.00304	0.00532
76	0.86201	0.00950	0.00722	0.00646	0.00950	0.01102	0.00532	0.01445	0.00836	0.02205	0.00684	0.00798	0.00532	0.00456	0.00304	0.00152	0.00380	0.00266	0.00304	0.00532
77	0.00854	0.00427	0.00640	0.00640	0.00640	0.00427	0.00427	0.00640	0.00640	0.00854	0.00854	0.01494	0.00854	0.01707	0.01921	0.85702	0.00427	0.00427	0.00213	0.00213
78	0.01019	0.00873	0.01019	0.00728	0.01165	0.00655	0.00582	0.01237	0.01019	0.01601	0.00873	0.01019	0.00728	0.00364	0.00364	0.00073	0.00364	0.00291	0.00291	0.85734
79	0.01216	0.01168	0.01995	0.03016	0.79664	0.01168	0.01508	0.01508	0.01119	0.01605	0.00924	0.01216	0.00778	0.00438	0.00487	0.00146	0.00584	0.00438	0.00243	0.00778
80	0.01314	0.83025	0.02575	0.00841	0.01261	0.01945	0.00841	0.01472	0.00999	0.01156	0.00683	0.00788	0.00631	0.00420	0.00315	0.00105	0.00526	0.00263	0.00210	0.00631
81	0.00632	0.00500	0.00569	0.00552	0.00695	0.00437	0.00414	0.00805	0.01242	0.01617	0.38442	0.04253	0.45821	0.01137	0.00580	0.00161	0.00241	0.00970	0.00494	0.00437
82	0.01741	0.07867	0.01415	0.01173	0.01437	0.65216	0.00899	0.04005	0.03030	0.02765	0.00862	0.00976	0.00704	0.00512	0.00432	0.00126	0.00794	0.00333	0.05128	0.00584
83	0.00723	0.00525	0.00716	0.00785	0.00874	0.00535	0.00629	0.00890	0.00987	0.01306	0.02390	0.14651	0.07848	0.09826	0.19030	0.00371	0.00614	0.36480	0.00395	0.00425
84	0.01173	0.01008	0.01508	0.01238	0.01415	0.01169	0.14105	0.13796	0.01156	0.05865	0.01332	0.19635	0.01316	0.00880	0.00967	0.00189	0.31632	0.00681	0.00342	0.00593
85	0.01314	0.83025	0.02575	0.00841	0.01261	0.01945	0.00841	0.01472	0.00999	0.01156	0.00683	0.00788	0.00631	0.00420	0.00315	0.00105	0.00526	0.00263	0.00210	0.00631
86	0.01087	0.00869	0.01010	0.00738	0.01151	0.00684	0.00591	0.04982	0.01108	0.05484	0.01231	0.01322	0.06334	0.00449	0.00392	0.00087	0.00367	0.00361	0.00328	0.71424
87	0.00986	0.02542	0.80183	0.01401	0.02127	0.01141	0.01816	0.01556	0.01038	0.01556	0.00882	0.01038	0.00623	0.00467	0.00467	0.00156	0.00726	0.00363	0.00208	0.00726
88	0.01133	0.01282	0.02787	0.02004	0.02478	0.01202	0.74122	0.01531	0.01149	0.01559	0.01077	0.05260	0.00867	0.00469	0.00582	0.00167	0.00802	0.00620	0.00259	0.00650
89	0.01222	0.01064	0.01174	0.01143	0.06830	0.01218	0.00830	0.02533	0.73276	0.02024	0.01924	0.01790	0.01449	0.00651	0.00499	0.00165	0.00403	0.00547	0.00482	0.00778
90	0.00708	0.00526	0.00663	0.00638	0.00758	0.00497	0.00474	0.00984	0.05742	0.01860	0.62250	0.11308	0.09623	0.01054	0.00580	0.00160	0.00247	0.00930	0.00524	0.00472
91	0.00928	0.00873	0.01474	0.81548	0.03385	0.01092	0.01365	0.01256	0.00983	0.01256	0.00873	0.01310	0.00655	0.00491	0.00491	0.00164	0.00655	0.00437	0.00218	0.00546
92	0.00702	0.00527	0.00790	0.00790	0.00878	0.00614	0.00614	0.00878	0.00790	0.01141	0.01316	0.01931	0.01229	0.03686	0.80782	0.00790	0.01316	0.00527	0.00263	0.00439
93	0.01086	0.01035	0.01759	0.38535	0.45164	0.01133	0.01443	0.01394	0.01057	0.01447	0.00901	0.01259	0.00723	0.00462	0.00489	0.00154	0.00616	0.00437	0.00232	0.00673
94	0.00928	0.00873	0.01474	0.81548	0.03385	0.01092	0.01365	0.01256	0.00983	0.01256	0.00873	0.01310	0.00655	0.00491	0.00491	0.00164	0.00655	0.00437	0.00218	0.00546
95	0.01216	0.01168	0.01995	0.03016	0.79664	0.01168	0.01508	0.01508	0.01119	0.01605	0.00924	0.01216	0.00778	0.00438	0.00487	0.00146	0.00584	0.00438	0.00243	0.00778
96	0.00604	0.00487	0.00538	0.00551	0.00685	0.00421	0.00403	0.00741	0.01138	0.01429	0.17802	0.17607	0.53368	0.01252	0.00588	0.00170	0.00252	0.01071	0.00471	0.00421
97	0.00986	0.02542	0.80183	0.01401	0.02127	0.01141	0.01816	0.01556	0.01038	0.01556	0.00882	0.01038	0.00623	0.00467	0.00467	0.00156	0.00726	0.00363	0.00208	0.00726
98	0.01216	0.01168	0.01995	0.03016	0.79664	0.01168	0.01508	0.01508	0.01119	0.01605	0.00924	0.01216	0.00778	0.00438	0.00487	0.00146	0.00584	0.00438	0.00243	0.00778
99	0.01314	0.83025	0.02575	0.00841	0.01261	0.01945	0.00841	0.01472	0.00999	0.01156	0.00683	0.00788	0.00631	0.00420	0.00315	0.00105	0.00526	0.00263	0.00210	0.00631
100	0.01018	0.10449	0.72558	0.01346	0.02042	0.01220	0.01720	0.01548	0.01034	0.01517	0.00862	0.01013	0.00623	0.00462	0.00452	0.00151	0.00707	0.00353	0.00208	0.00717
101	0.01734	0.01934	0.01306	0.01170	0.01431	0.57284	0.00888	0.07241	0.08966	0.07001	0.01104	0.05704	0.00922	0.00594	0.00466	0.00138	0.00746	0.00423	0.00330	0.00618
102	0.00703	0.00524	0.00775	0.00775	0.00858	0.00606	0.00596	0.00868	0.00785	0.01130	0.01330	0.02004	0.01260	0.08194	0.76317	0.00772	0.01268	0.00537	0.00265	0.00431
103	0.00586	0.00498	0.00506	0.00504	0.00667	0.00417	0.00378	0.00716	0.01134	0.01359	0.08671	0.04677	0.75752	0.01233	0.00581	0.00165	0.00248	0.01030	0.00461	0.00417
104	0.01417	0.01295	0.01265	0.01189	0.06887	0.13413	0.00870	0.17552	0.41801	0.02099	0.05777	0.01613	0.01353	0.00629	0.00493	0.00155	0.00501	0.00506	0.00445	0.00741
105	0.01147	0.01419	0.08803	0.02020	0.02535	0.01235	0.72069	0.01573	0.01151	0.01573	0.00986	0.01304	0.00736	0.00418	0.00571	0.00165	0.00821	0.00563	0.00245	0.00668
106	0.00667	0.00480	0.00631	0.00638	0.00728	0.00444	0.00461	0.00855	0.01257	0.01757	0.56558	0.27125	0.04224	0.01164	0.00594	0.00168	0.00248	0.01040	0.00516	0.00444
107	0.00851	0.00642	0.00846	0.00880	0.01056	0.00613	0.00756	0.01134	0.04965	0.01522	0.02281	0.04598	0.02409	0.01156	0.00617	0.00197	0.00434	0.59801	0.00428	0.14813
108	0.12014	0.01626	0.01398	0.08992	0.01668	0.36902	0.06353	0.10482	0.01375	0.13196	0.01000	0.01097	0.00740	0.00517	0.00454	0.00142	0.00690	0.00381	0.00335	0.00639
109	0.00636	0.00454	0.00613	0.00727	0.00772	0.00431	0.00521	0.00749	0.00978	0.01296	0.02688	0.67616	0.03169	0.01505	0.00637	0.00205	0.00317	0.15823	0.00455	0.00409
110	0.09437	0.00978	0.01015	0.00931	0.01187	0.01123	0.00724	0.02296	0.62381	0.01995	0.01930	0.07530	0.01558	0.00723	0.00491	0.00168	0.00379	0.02424	0.02018	0.00713
111	0.01178	0.01410	0.15115	0.05708	0.62229	0.02671	0.01544	0.01515	0.01105	0.01576	0.00912	0.01184	0.00745	0.00446	0.00483	0.00148	0.00616	0.00423	0.00236	0.00757
112	0.01170	0.00883	0.01081	0.00857	0.05010	0.00688	0.00644	0.01389	0.01070	0.10959	0.01003	0.01107	0.00789	0.00397	0.00385	0.00086	0.00381	0.00323	0.00327	0.71451
113	0.00871	0.00575	0.00787	0.00852	0.00987	0.00558	0.00731	0.01089	0.01175	0.07074	0.10169	0.05040	0.07261	0.01264	0.00650	0.00211	0.00417	0.59339	0.00472	0.00479
114	0.00986	0.02542	0.80183	0.01401	0.02127	0.01141	0.01816	0.01556	0.01038	0.01556	0.00882	0.01038	0.00623	0.00467	0.00467	0.00156	0.00726	0.00363	0.00208	0.00726
115	0.01026	0.01009	0.01535	0.01271	0.01340	0.01296	0.11577	0.01158	0.00803	0.01198	0.00845	0.01470	0.00851	0.14569	0.01619	0.00252	0.56933	0.00499	0.00234	0.00515
116	0.00810	0.00492	0.00622	0.00622	0.00723	0.00535	0.00477	0.01013	0.00912	0.01491	0.01462	0.01881	0.01244	0.02108	0.40028	0.00448	0.00765	0.00492	0.43427	0.00449
117	0.00581	0.00497	0.00499	0.00501	0.00665	0.00415	0.00375	0.00705	0.01117	0.01326	0.04938	0.06098	0.78121	0.01250	0.00582	0.00167	0.00250	0.01043	0.00456	0.00415
118	0.00809	0.00683	0.00881	0.00848	0.00868	0.02196	0.00624	0.00884	0.00816	0.01138	0.01610	0.27865	0.01843	0.24354	0.06890	0.00321	0.25804	0.00826	0.00320	0.00419
119	0.01160	0.01326	0.02900	0.02071	0.02568	0.01243	0.77879	0.01574	0.01160	0.01574	0.00994	0.01326	0.00746	0.00414	0.00580	0.00166	0.00829	0.00580	0.00249	0.00663
120	0.01836	0.02342	0.01393	0.01266	0.01519	0.80756	0.00950	0.01962	0.01393	0.01203	0.00760	0.00886	0.00633	0.00506	0.00443	0.00127	0.00886	0.00317	0.00253	0.00570
121	0.01836	0.02342	0.01393	0.01266	0.01519	0.80756	0.00950	0.01962	0.01393	0.01203	0.00760	0.00886	0.00633	0.00506	0.00443	0.00127	0.00886	0.00317	0.00253	0.00570
122	0.02205	0.00836	0.01140	0.00874	0.01254	0.00722	0.00722	0.02395	0.01407	0.80004	0.01939	0.01673	0.01216	0.00608	0.00494	0.00152	0.00418	0.00494	0.00608	0.00836
123	0.00689	0.00502	0.00648	0.00611	0.00730	0.00461	0.00459	0.00915	0.01376	0.01934	0.75160	0.03731	0.08905	0.01018	0.00580	0.00155	0.00233	0.00897	0.00536	0.00461
124	0.01836	0.02342	0.01393	0.01266	0.01519	0.80756	0.00950	0.01962	0.01393	0.01203	0.00760	0.00886	0.00633	0.00506	0.00443	0.00127	0.00886	0.00317	0.00253	0.00570
125	0.00581	0.00498	0.00498	0.00498	0.00664	0.00415	0.00373	0.00705	0.01120	0.01328	0.04978	0.04729	0.79464	0.01245	0.00581	0.00166	0.00249	0.01037	0.00456	0.00415
126	0.00702	0.00527	0.00790	0.00790	0.00878	0.00614	0.00614	0.00878	0.00790	0.01141	0.01316	0.01931	0.01229	0.03686	0.80782	0.00790	0.01316	0.00527	0.00263	0.00439
127	0.00986	0.02542	0.80183	0.01401	0.02127	0.01141	0.01816	0.01556	0.01038	0.01556	0.00882	0.01038	0.00623	0.00467	0.00467	0.00156	0.00726	0.00363	0.00208	0.00726
128	0.01563	0.02014	0.09205	0.01665	0.18719	0.49917	0.01165	0.01768	0.01253	0.01324	0.00800	0.00987	0.00665	0.00513	0.00538	0.00140	0.06537	0.00356	0.00244	0.00629
129	0.00703	0.00524	0.00775	0.00775	0.00858	0.00606	0.00596	0.00868	0.00785	0.01130	0.01330	0.02004	0.01260	0.08194	0.76317	0.00772	0.01268	0.00537	0.00265	0.00431
130	0.00715	0.00476	0.00536	0.00536	0.00536	0.00476	0.00298	0.00715	0.00715	0.00953	0.01548	0.03216	0.01787	0.82729	0.02501	0.00476	0.00476	0.00715	0.00298	0.00298
131	0.01103	0.20051	0.55403	0.01214	0.01826	0.01265	0.01482	0.01548	0.01064	0.05321	0.04700	0.01142	0.00848	0.00490	0.00440	0.00144	0.00643	0.00373	0.00244	0.00698
132	0.05789	0.38266	0.01887	0.01046	0.01376	0.41646	0.00880	0.01718	0.01189	0.01232	0.00722	0.00838	0.00627	0.00466	0.00379	0.00118	0.00700	0.00290	0.00237	0.00595
133	0.00735	0.00529	0.00673	0.00743	0.00813	0.00519	0.00526	0.08137	0.01086	0.01447	0.02554	0.69058	0.02988	0.01435	0.00618	0.00197	0.00322	0.06717	0.00459	0.00445

[dist]
# distance from previous block
# <min> <max>
0	2

[block]
# block no. 1 follows, 51 sequences, length 37
# corresponding to MSA columns:
# 695-731
name=unknown_B
#
# <colnr> <probs for GDERKNQSTAVLIFYWHMCP>
#	G	D	E	R	K	N	Q	S	T	A	V	L	I	F	Y	W	H	M	C	P
0	0.01142	0.35145	0.41029	0.01330	0.09299	0.01471	0.01389	0.01517	0.01030	0.01398	0.00805	0.00954	0.00641	0.00445	0.00407	0.00134	0.00631	0.00330	0.00212	0.00692
1	0.01016	0.01035	0.08701	0.00793	0.01258	0.00702	0.00702	0.01268	0.01021	0.01597	0.00874	0.01021	0.00718	0.00374	0.00374	0.00081	0.00399	0.00298	0.00283	0.77485
2	0.02205	0.00836	0.01140	0.00874	0.01254	0.00722	0.00722	0.02395	0.01407	0.80004	0.01939	0.01673	0.01216	0.00608	0.00494	0.00152	0.00418	0.00494	0.00608	0.00836
3	0.01019	0.00873	0.01019	0.00728	0.01165	0.00655	0.00582	0.01237	0.01019	0.01601	0.00873	0.01019	0.00728	0.00364	0.00364	0.00073	0.00364	0.00291	0.00291	0.85734
4	0.00595	0.00443	0.00554	0.00642	0.00702	0.00403	0.00438	0.00689	0.00981	0.01271	0.03218	0.64979	0.20351	0.01473	0.00617	0.00192	0.00277	0.01316	0.00456	0.00403
5	0.00959	0.00692	0.00831	0.00683	0.00967	0.00563	0.00536	0.01154	0.01151	0.09212	0.17735	0.06396	0.16243	0.00774	0.00485	0.00126	0.00321	0.03595	0.00417	0.37160
6	0.01050	0.16621	0.63640	0.01328	0.01992	0.01286	0.04521	0.01542	0.01035	0.01487	0.00851	0.01005	0.00629	0.00457	0.00445	0.00147	0.00695	0.00354	0.00210	0.00707
7	0.01054	0.00924	0.01283	0.26167	0.10781	0.00905	0.00952	0.01428	0.08571	0.02943	0.01008	0.01223	0.00795	0.00446	0.00433	0.00120	0.00483	0.00382	0.00289	0.39813
8	0.01142	0.00676	0.00700	0.00618	0.00799	0.00711	0.00484	0.19423	0.01335	0.02133	0.01502	0.01677	0.01159	0.00577	0.00379	0.00122	0.00303	0.00454	0.65257	0.00548
9	0.01322	0.01178	0.01723	0.10635	0.22218	0.01326	0.08611	0.21316	0.08093	0.01910	0.01033	0.01255	0.00814	0.00579	0.00707	0.00165	0.15619	0.00461	0.00322	0.00712
10	0.01868	0.01376	0.01475	0.01131	0.01524	0.01524	0.00934	0.78025	0.02311	0.03097	0.01180	0.01180	0.00836	0.00590	0.00492	0.00147	0.00541	0.00442	0.00492	0.00836
11	0.00928	0.00873	0.01474	0.81548	0.03385	0.01092	0.01365	0.01256	0.00983	0.01256	0.00873	0.01310	0.00655	0.00491	0.00491	0.00164	0.00655	0.00437	0.00218	0.00546
12	0.01222	0.01056	0.01111	0.01000	0.01278	0.01222	0.00778	0.02611	0.78776	0.02056	0.02000	0.01833	0.01500	0.00667	0.00500	0.00167	0.00389	0.00556	0.00500	0.00778
13	0.00789	0.00575	0.00721	0.00715	0.00837	0.00559	0.00544	0.08341	0.01310	0.01785	0.36950	0.25073	0.07977	0.01168	0.00597	0.00176	0.00305	0.10602	0.00497	0.00478
14	0.01691	0.02111	0.01316	0.01205	0.01438	0.70550	0.00907	0.01824	0.01316	0.01195	0.00831	0.01019	0.00709	0.00911	0.10674	0.00211	0.00941	0.00343	0.00254	0.00553
15	0.00696	0.00502	0.00657	0.00618	0.00734	0.00464	0.00464	0.00927	0.01391	0.01971	0.79405	0.03671	0.04637	0.01005	0.00580	0.00155	0.00232	0.00889	0.00541	0.00464
16	0.00702	0.00527	0.00790	0.00790	0.00878	0.00614	0.00614	0.00878	0.00790	0.01141	0.01316	0.01931	0.01229	0.03686	0.80782	0.00790	0.01316	0.00527	0.00263	0.00439
17	0.00993	0.00939	0.01591	0.63927	0.20500	0.01109	0.01397	0.01312	0.01013	0.01334	0.00885	0.01289	0.00683	0.00479	0.00490	0.00160	0.00639	0.00437	0.00224	0.00598
18	0.01314	0.83025	0.02575	0.00841	0.01261	0.01945	0.00841	0.01472	0.00999	0.01156	0.00683	0.00788	0.00631	0.00420	0.00315	0.00105	0.00526	0.00263	0.00210	0.00631
19	0.00931	0.00790	0.00944	0.04583	0.01168	0.00628	0.00585	0.01147	0.01074	0.01605	0.11273	0.01731	0.08862	0.00537	0.00419	0.00097	0.00350	0.00447	0.00335	0.62494
20	0.01639	0.09810	0.11529	0.01173	0.01536	0.35531	0.01024	0.22794	0.01534	0.03469	0.00936	0.01044	0.00729	0.00671	0.04317	0.00166	0.00746	0.00366	0.00317	0.00668
21	0.01026	0.01112	0.11139	0.01104	0.11851	0.04593	0.00841	0.01272	0.01089	0.04319	0.01829	0.01892	0.18287	0.00599	0.00451	0.00119	0.00441	0.00495	0.00320	0.37220
22	0.00819	0.00626	0.00750	0.00671	0.00887	0.00564	0.00520	0.01035	0.04052	0.05199	0.06861	0.05233	0.30096	0.01536	0.18407	0.00285	0.00530	0.01938	0.00390	0.19601
23	0.01216	0.01103	0.01760	0.06209	0.52584	0.01118	0.04021	0.11152	0.01244	0.01743	0.01128	0.09091	0.01017	0.00563	0.00500	0.00150	0.00553	0.00531	0.00296	0.04021
24	0.00880	0.00815	0.01440	0.29024	0.02063	0.00855	0.18035	0.01185	0.01198	0.01634	0.34675	0.02329	0.02388	0.00695	0.00549	0.00160	0.00512	0.00663	0.00364	0.00537
25	0.01094	0.01027	0.01229	0.00898	0.01327	0.06676	0.08110	0.01324	0.01061	0.01569	0.00877	0.01039	0.00723	0.00379	0.00391	0.00086	0.00448	0.00321	0.00284	0.71138
26	0.00681	0.00502	0.00637	0.00603	0.00725	0.00457	0.00452	0.00899	0.01357	0.01889	0.69926	0.03806	0.14166	0.01035	0.00580	0.00156	0.00234	0.00908	0.00530	0.00457
27	0.01394	0.01266	0.01434	0.01577	0.21860	0.08979	0.01013	0.15495	0.37523	0.02038	0.01454	0.01465	0.01110	0.00578	0.00489	0.00154	0.00515	0.00482	0.00407	0.00768
28	0.01075	0.01075	0.01505	0.01290	0.01290	0.01505	0.01075	0.01183	0.00753	0.01183	0.00645	0.01075	0.00645	0.00860	0.01613	0.00215	0.81830	0.00430	0.00215	0.00538
29	0.00599	0.00428	0.00570	0.00684	0.00713	0.00399	0.00456	0.00684	0.00941	0.01254	0.02709	0.82409	0.03250	0.01540	0.00627	0.00200	0.00285	0.01397	0.00456	0.00399
30	0.01868	0.01376	0.01475	0.01131	0.01524	0.01524	0.00934	0.78025	0.02311	0.03097	0.01180	0.01180	0.00836	0.00590	0.00492	0.00147	0.00541	0.00442	0.00492	0.00836
31	0.00854	0.00427	0.00640	0.00640	0.00640	0.00427	0.00427	0.00640	0.00640	0.00854	0.00854	0.01494	0.00854	0.01707	0.01921	0.85702	0.00427	0.00427	0.00213	0.00213
32	0.01868	0.01376	0.01475	0.01131	0.01524	0.01524	0.00934	0.78025	0.02311	0.03097	0.01180	0.01180	0.00836	0.00590	0.00492	0.00147	0.00541	0.00442	0.00492	0.00836
33	0.01067	0.00879	0.01012	0.00736	0.01150	0.00698	0.00589	0.06121	0.01102	0.01711	0.00939	0.01081	0.00769	0.00392	0.00371	0.00080	0.00367	0.00311	0.05727	0.74898
34	0.01314	0.83025	0.02575	0.00841	0.01261	0.01945	0.00841	0.01472	0.00999	0.01156	0.00683	0.00788	0.00631	0.00420	0.00315	0.00105	0.00526	0.00263	0.00210	0.00631
35	0.79922	0.00982	0.00778	0.00682	0.00993	0.01134	0.00562	0.07146	0.00946	0.02271	0.00721	0.00827	0.00555	0.00466	0.00318	0.00152	0.00392	0.00279	0.00318	0.00555
36	0.83995	0.00947	0.00733	0.00652	0.00958	0.01092	0.00537	0.01470	0.00851	0.04248	0.00717	0.00821	0.00550	0.00460	0.00309	0.00152	0.00381	0.00272	0.00312	0.00540

[dist]
# distance from previous block
# <min> <max>
0	1

[block]
# block no. 2 follows, 51 sequences, length 14
# corresponding to MSA columns:
# 733-746
name=unknown_C
#
# <colnr> <probs for GDERKNQSTAVLIFYWHMCP>
#	G	D	E	R	K	N	Q	S	T	A	V	L	I	F	Y	W	H	M	C	P
0	0.01190	0.01141	0.01948	0.10066	0.72816	0.01161	0.01495	0.01486	0.01107	0.01574	0.00920	0.01225	0.00767	0.00443	0.00487	0.00148	0.00590	0.00438	0.00241	0.00758
1	0.00669	0.00506	0.00633	0.00709	0.00817	0.00470	0.00561	0.00823	0.01076	0.01364	0.03429	0.26039	0.28691	0.01369	0.00632	0.00199	0.00339	0.30796	0.00455	0.00425
2	0.02205	0.00836	0.01140	0.00874	0.01254	0.00722	0.00722	0.02395	0.01407	0.80004	0.01939	0.01673	0.01216	0.00608	0.00494	0.00152	0.00418	0.00494	0.00608	0.00836
3	0.00716	0.00545	0.00663	0.00626	0.00764	0.00515	0.00472	0.01019	0.07495	0.01855	0.59104	0.03726	0.18607	0.01023	0.00574	0.00158	0.00248	0.00890	0.00522	0.00479
4	0.01741	0.01313	0.01403	0.01105	0.01476	0.01465	0.00903	0.63190	0.17353	0.02892	0.01341	0.01308	0.00966	0.00605	0.00493	0.00151	0.00511	0.00465	0.00493	0.00824
5	0.00972	0.00924	0.01308	0.01152	0.01176	0.01259	0.00948	0.01098	0.00763	0.01171	0.00831	0.01311	0.00806	0.01641	0.23484	0.00374	0.59587	0.00457	0.00228	0.00510
6	0.00916	0.00458	0.00458	0.00458	0.00573	0.00458	0.00344	0.01145	0.01031	0.01832	0.01603	0.01832	0.01260	0.00573	0.00344	0.00115	0.00229	0.00458	0.85457	0.00458
7	0.01526	0.50178	0.02094	0.01014	0.01366	0.34029	0.00885	0.01671	0.01159	0.01175	0.00714	0.00828	0.00632	0.00455	0.00367	0.00114	0.00672	0.00285	0.00228	0.00606
8	0.00912	0.00726	0.00988	0.06814	0.07296	0.00774	0.00872	0.01377	0.16569	0.01574	0.02234	0.07178	0.02268	0.01095	0.00613	0.00203	0.00458	0.47073	0.00429	0.00547
9	0.01468	0.07412	0.01625	0.12699	0.21763	0.32293	0.01127	0.06736	0.07453	0.01502	0.00938	0.01117	0.00755	0.00499	0.00459	0.00140	0.00689	0.00388	0.00278	0.00658
10	0.00715	0.00476	0.00536	0.00536	0.00536	0.00476	0.00298	0.00715	0.00715	0.00953	0.01548	0.03216	0.01787	0.82729	0.02501	0.00476	0.00476	0.00715	0.00298	0.00298
11	0.16460	0.01153	0.02172	0.04755	0.02074	0.01165	0.49483	0.01442	0.01049	0.01623	0.01041	0.07470	0.00890	0.00543	0.00604	0.00169	0.06460	0.00570	0.00271	0.00605
12	0.34660	0.01552	0.27248	0.01400	0.16869	0.01162	0.01180	0.07585	0.01076	0.01944	0.00836	0.00990	0.00635	0.00467	0.00409	0.00152	0.00547	0.00346	0.00275	0.00669
13	0.01230	0.45581	0.01899	0.10478	0.01441	0.01467	0.00835	0.07337	0.04229	0.04580	0.15062	0.01477	0.01430	0.00564	0.00412	0.00129	0.00480	0.00431	0.00320	0.00620

[dist]
# distance from previous block
# <min> <max>
5	7

[block]
# block no. 3 follows, 51 sequences, length 95
# corresponding to MSA columns:
# 754-848
name=unknown_D
#
# <colnr> <probs for GDERKNQSTAVLIFYWHMCP>
#	G	D	E	R	K	N	Q	S	T	A	V	L	I	F	Y	W	H	M	C	P
0	0.01559	0.01890	0.05838	0.01075	0.01322	0.56237	0.00852	0.01737	0.01282	0.01379	0.00975	0.01128	0.00787	0.00520	0.00420	0.00125	0.00715	0.00354	0.21255	0.00551
1	0.01868	0.01376	0.01475	0.01131	0.01524	0.01524	0.00934	0.78025	0.02311	0.03097	0.01180	0.01180	0.00836	0.00590	0.00492	0.00147	0.00541	0.00442	0.00492	0.00836
2	0.00703	0.00524	0.00775	0.00775	0.00857	0.00606	0.00595	0.00868	0.00785	0.01130	0.01330	0.02007	0.01262	0.08376	0.76137	0.00771	0.01266	0.00538	0.00265	0.00430
3	0.00590	0.00496	0.00512	0.00514	0.00671	0.00418	0.00383	0.00721	0.01134	0.01373	0.10465	0.07492	0.71077	0.01237	0.00582	0.00166	0.00249	0.01039	0.00463	0.00418
4	0.00854	0.00427	0.00640	0.00640	0.00640	0.00427	0.00427	0.00640	0.00640	0.00854	0.00854	0.01494	0.00854	0.01707	0.01921	0.85702	0.00427	0.00427	0.00213	0.00213
5	0.01013	0.09138	0.73823	0.01355	0.02056	0.01207	0.01736	0.01549	0.01034	0.01524	0.00866	0.01017	0.00623	0.00463	0.00454	0.00151	0.00710	0.00355	0.00208	0.00718
6	0.00765	0.00603	0.00702	0.00659	0.00817	0.00592	0.00499	0.01184	0.15611	0.01828	0.46789	0.03592	0.22481	0.01001	0.00565	0.00160	0.00265	0.00864	0.00513	0.00510
7	0.00986	0.02542	0.80183	0.01401	0.02127	0.01141	0.01816	0.01556	0.01038	0.01556	0.00882	0.01038	0.00623	0.00467	0.00467	0.00156	0.00726	0.00363	0.00208	0.00726
8	0.01836	0.02342	0.01393	0.01266	0.01519	0.80756	0.00950	0.01962	0.01393	0.01203	0.00760	0.00886	0.00633	0.00506	0.00443	0.00127	0.00886	0.00317	0.00253	0.00570
9	0.01019	0.00873	0.01019	0.00728	0.01165	0.00655	0.00582	0.01237	0.01019	0.01601	0.00873	0.01019	0.00728	0.00364	0.00364	0.00073	0.00364	0.00291	0.00291	0.85734
10	0.01836	0.02342	0.01393	0.01266	0.01519	0.80756	0.00950	0.01962	0.01393	0.01203	0.00760	0.00886	0.00633	0.00506	0.00443	0.00127	0.00886	0.00317	0.00253	0.00570
11	0.01436	0.01641	0.33743	0.07320	0.01982	0.01046	0.12717	0.06333	0.01241	0.25817	0.01242	0.01305	0.00839	0.00512	0.00495	0.00156	0.00630	0.00446	0.00355	0.00744
12	0.01019	0.00873	0.01019	0.00728	0.01165	0.00655	0.00582	0.01237	0.01019	0.01601	0.00873	0.01019	0.00728	0.00364	0.00364	0.00073	0.00364	0.00291	0.00291	0.85734
13	0.00758	0.00533	0.00646	0.00668	0.00719	0.00539	0.00442	0.07049	0.00949	0.01273	0.02005	0.37373	0.02304	0.34909	0.07268	0.00352	0.00460	0.00975	0.00380	0.00396
14	0.00685	0.00552	0.00814	0.00819	0.00893	0.00568	0.05308	0.00810	0.00935	0.01266	0.03450	0.53481	0.07276	0.01713	0.12629	0.00284	0.06572	0.01115	0.00398	0.00434
15	0.01187	0.01046	0.01347	0.21151	0.12924	0.01200	0.01035	0.06596	0.44052	0.01856	0.01521	0.01578	0.01150	0.00586	0.00495	0.00162	0.00491	0.00503	0.00394	0.00724
16	0.00627	0.00451	0.00551	0.00619	0.00659	0.00422	0.00402	0.00695	0.00906	0.01185	0.02723	0.50396	0.13667	0.23028	0.01118	0.00268	0.00331	0.01165	0.00414	0.00374
17	0.01254	0.01854	0.38604	0.01709	0.20822	0.01238	0.01479	0.18718	0.06188	0.01944	0.01029	0.01163	0.00763	0.00500	0.00479	0.00152	0.00629	0.00411	0.00298	0.00767
18	0.01158	0.00901	0.01055	0.00763	0.01193	0.00712	0.00614	0.05880	0.01125	0.07557	0.00971	0.01077	0.00771	0.00396	0.00381	0.00083	0.00378	0.00315	0.00327	0.74343
19	0.01259	0.01072	0.01548	0.01940	0.39700	0.01085	0.01110	0.09086	0.10510	0.05735	0.01361	0.01493	0.05736	0.00547	0.00526	0.00143	0.03979	0.00472	0.00335	0.12364
20	0.13344	0.00959	0.01034	0.00853	0.01120	0.01031	0.00685	0.35667	0.01726	0.02510	0.33071	0.02144	0.02346	0.00740	0.00501	0.00151	0.00392	0.00600	0.00485	0.00641
21	0.01384	0.01024	0.01169	0.00864	0.01283	0.00927	0.00702	0.24827	0.01448	0.09020	0.01062	0.01126	0.00804	0.00455	0.00415	0.00103	0.00423	0.00355	0.00381	0.52229
22	0.01130	0.00745	0.00824	0.00752	0.00949	0.00780	0.00614	0.22841	0.01423	0.02067	0.01991	0.02723	0.08060	0.00810	0.00481	0.00153	0.00369	0.17531	0.35196	0.00560
23	0.00638	0.00500	0.00577	0.00558	0.00699	0.00439	0.00418	0.00816	0.01255	0.01648	0.42094	0.04202	0.42149	0.01125	0.00580	0.00160	0.00240	0.00963	0.00499	0.00439
24	0.00916	0.00458	0.00458	0.00458	0.00573	0.00458	0.00344	0.01145	0.01031	0.01832	0.01603	0.01832	0.01260	0.00573	0.00344	0.00115	0.00229	0.00458	0.85457	0.00458
25	0.00604	0.00444	0.00567	0.00652	0.00708	0.00407	0.00445	0.00707	0.01003	0.01324	0.09316	0.64943	0.14168	0.01454	0.00617	0.00191	0.00276	0.01304	0.00463	0.00407
26	0.00986	0.02542	0.80183	0.01401	0.02127	0.01141	0.01816	0.01556	0.01038	0.01556	0.00882	0.01038	0.00623	0.00467	0.00467	0.00156	0.00726	0.00363	0.00208	0.00726
27	0.00702	0.00527	0.00790	0.00790	0.00878	0.00614	0.00614	0.00878	0.00790	0.01141	0.01316	0.01931	0.01229	0.03686	0.80782	0.00790	0.01316	0.00527	0.00263	0.00439
28	0.01666	0.02059	0.01418	0.01271	0.01468	0.63026	0.00978	0.01788	0.01249	0.01198	0.00734	0.00928	0.00636	0.00586	0.00705	0.00146	0.18995	0.00342	0.00245	0.00563
29	0.01159	0.01301	0.02514	0.01833	0.02276	0.06478	0.61811	0.01523	0.01137	0.01515	0.00998	0.01328	0.00777	0.00686	0.07131	0.00209	0.00845	0.00541	0.00253	0.05686
30	0.01216	0.01168	0.01995	0.03016	0.79664	0.01168	0.01508	0.01508	0.01119	0.01605	0.00924	0.01216	0.00778	0.00438	0.00487	0.00146	0.00584	0.00438	0.00243	0.00778
31	0.01314	0.83025	0.02575	0.00841	0.01261	0.01945	0.00841	0.01472	0.00999	0.01156	0.00683	0.00788	0.00631	0.00420	0.00315	0.00105	0.00526	0.00263	0.00210	0.00631
32	0.01008	0.00859	0.01007	0.00753	0.01150	0.00694	0.00600	0.01311	0.06819	0.01598	0.00994	0.01155	0.00827	0.00659	0.06965	0.00139	0.00444	0.00330	0.00304	0.72385
33	0.01324	0.01242	0.01156	0.01036	0.01304	0.13671	0.00803	0.07056	0.56696	0.01925	0.01709	0.01651	0.01305	0.00839	0.05864	0.00201	0.00538	0.00509	0.00445	0.00726
34	0.01433	0.01094	0.01175	0.00973	0.01264	0.01205	0.00769	0.42135	0.20850	0.02409	0.01799	0.07210	0.07123	0.07453	0.00674	0.00184	0.00459	0.00601	0.00473	0.00717
35	0.00607	0.00434	0.00580	0.00694	0.00726	0.00406	0.00471	0.00699	0.00949	0.01264	0.02704	0.79091	0.03232	0.01532	0.00629	0.00201	0.00292	0.04633	0.00456	0.00401
36	0.00689	0.00502	0.00647	0.00611	0.00730	0.00461	0.00458	0.00914	0.01375	0.01933	0.74988	0.03734	0.09077	0.01019	0.00580	0.00155	0.00233	0.00898	0.00536	0.00461
37	0.01693	0.01207	0.01288	0.01007	0.01349	0.01328	0.00825	0.63864	0.02075	0.02864	0.01258	0.01300	0.00914	0.00587	0.00464	0.00141	0.00483	0.00445	0.16142	0.00766
38	0.86201	0.00950	0.00722	0.00646	0.00950	0.01102	0.00532	0.01445	0.00836	0.02205	0.00684	0.00798	0.00532	0.00456	0.00304	0.00152	0.00380	0.00266	0.00304	0.00532
39	0.00867	0.00715	0.01149	0.01102	0.01260	0.00739	0.11743	0.01110	0.01104	0.01462	0.02214	0.04579	0.02354	0.01183	0.00741	0.00217	0.07175	0.59391	0.00404	0.00489
40	0.00887	0.07448	0.01260	0.00980	0.01166	0.00858	0.11586	0.05593	0.00945	0.01308	0.01225	0.01786	0.01122	0.07658	0.53213	0.00588	0.01084	0.00519	0.00273	0.00501
41	0.01840	0.02225	0.01403	0.01250	0.01520	0.71156	0.00948	0.11179	0.01504	0.01432	0.00811	0.00922	0.00658	0.00517	0.00449	0.00129	0.00844	0.00332	0.00282	0.00602
42	0.86201	0.00950	0.00722	0.00646	0.00950	0.01102	0.00532	0.01445	0.00836	0.02205	0.00684	0.00798	0.00532	0.00456	0.00304	0.00152	0.00380	0.00266	0.00304	0.00532
43	0.01161	0.01320	0.02863	0.02049	0.02542	0.01242	0.76292	0.01595	0.02757	0.01584	0.01015	0.01336	0.00761	0.00419	0.00578	0.00166	0.00819	0.00579	0.00254	0.00665
44	0.00745	0.00492	0.00612	0.00582	0.00698	0.00462	0.00437	0.00976	0.01310	0.01940	0.61999	0.03259	0.03881	0.00908	0.00527	0.00146	0.00231	0.00792	0.19539	0.00462
45	0.01917	0.00752	0.00988	0.00781	0.01102	0.00663	0.00638	0.02115	0.01322	0.62515	0.01864	0.01708	0.01226	0.00600	0.00460	0.00144	0.00376	0.00486	0.19591	0.00752
46	0.07219	0.00800	0.01046	0.00821	0.01164	0.00713	0.00673	0.02162	0.01354	0.65424	0.08196	0.01789	0.01456	0.00630	0.00483	0.00151	0.00392	0.00511	0.04247	0.00771
47	0.00833	0.00438	0.00644	0.00644	0.00651	0.00444	0.00432	0.00663	0.00656	0.00882	0.00935	0.01642	0.00944	0.07278	0.07861	0.73643	0.00497	0.00454	0.00223	0.00236
48	0.01314	0.83025	0.02575	0.00841	0.01261	0.01945	0.00841	0.01472	0.00999	0.01156	0.00683	0.00788	0.00631	0.00420	0.00315	0.00105	0.00526	0.00263	0.00210	0.00631
49	0.01131	0.00969	0.01028	0.00931	0.01187	0.01100	0.00722	0.02331	0.66622	0.01994	0.08567	0.02201	0.07592	0.00738	0.00513	0.00166	0.00366	0.00619	0.00500	0.00725
50	0.00928	0.00873	0.01474	0.81548	0.03385	0.01092	0.01365	0.01256	0.00983	0.01256	0.00873	0.01310	0.00655	0.00491	0.00491	0.00164	0.00655	0.00437	0.00218	0.00546
51	0.01431	0.01325	0.01386	0.01177	0.01343	0.20827	0.03313	0.06666	0.01168	0.11967	0.07362	0.01354	0.01074	0.00777	0.02612	0.00186	0.34651	0.00456	0.00324	0.00601
52	0.60173	0.06134	0.17120	0.00816	0.01211	0.01139	0.00816	0.01476	0.00911	0.03520	0.02493	0.00927	0.00661	0.00471	0.00348	0.00150	0.00457	0.00304	0.00290	0.00582
53	0.01154	0.01146	0.02029	0.09779	0.45812	0.01167	0.16955	0.01456	0.01081	0.01535	0.00910	0.01223	0.00747	0.00465	0.00582	0.00152	0.06706	0.00456	0.00243	0.06401
