[name]
unknown

[dist]
# distance from previous block
# <min> <max>
59	770

[block]
# block no. 0 follows, 50 sequences, length 24
# corresponding to MSA columns:
# 793-816
name=unknown_A
#
# <colnr> <probs for GDERKNQSTAVLIFYWHMCP>
#	G	D	E	R	K	N	Q	S	T	A	V	L	I	F	Y	W	H	M	C	P
0	0.01598	0.15787	0.01546	0.01070	0.01407	0.23642	0.00871	0.20799	0.16905	0.03910	0.02698	0.01230	0.00968	0.00557	0.00450	0.00136	0.00595	0.00406	0.00376	0.05049
1	0.16213	0.32152	0.05866	0.00939	0.01301	0.13376	0.00842	0.01815	0.15906	0.04279	0.01032	0.01083	0.00823	0.00506	0.00388	0.00135	0.00538	0.00349	0.01806	0.00651
2	0.01335	0.09163	0.23266	0.01285	0.01736	0.15163	0.09828	0.09363	0.18862	0.01746	0.01236	0.01307	0.02406	0.00544	0.00481	0.00151	0.00653	0.00441	0.00324	0.00709
3	0.00658	0.00485	0.00576	0.00599	0.00671	0.00460	0.00405	0.00750	0.00960	0.01253	0.09796	0.21657	0.23695	0.26770	0.08737	0.00333	0.00433	0.00971	0.00402	0.00387
4	0.01741	0.11334	0.01380	0.00999	0.01319	0.22042	0.00807	0.08202	0.10181	0.26952	0.08765	0.01546	0.01335	0.00610	0.00474	0.00143	0.00552	0.00466	0.00444	0.00709
5	0.00891	0.00663	0.00798	0.00766	0.00913	0.00691	0.00579	0.14320	0.03564	0.01667	0.06503	0.26245	0.14878	0.01784	0.20054	0.00327	0.00582	0.00886	0.03376	0.00512
6	0.01144	0.01355	0.15406	0.02207	0.46808	0.01053	0.01355	0.01471	0.01096	0.01619	0.00917	0.01153	0.00749	0.00431	0.00460	0.00132	0.00563	0.00395	0.00252	0.21433
7	0.00989	0.01473	0.24524	0.01594	0.04606	0.01020	0.34376	0.01369	0.01085	0.01513	0.01397	0.20952	0.01341	0.00715	0.00564	0.00173	0.00668	0.00722	0.00291	0.00630
8	0.00609	0.00464	0.00561	0.00625	0.00708	0.00415	0.00435	0.00721	0.01052	0.01356	0.09634	0.49684	0.29106	0.01417	0.00616	0.00187	0.00272	0.01252	0.00470	0.00415
9	0.01069	0.01986	0.47341	0.08272	0.21121	0.01170	0.08920	0.01544	0.01080	0.01568	0.00915	0.01146	0.00684	0.00463	0.00491	0.00157	0.00706	0.00414	0.00224	0.00729
10	0.01075	0.01475	0.21090	0.01851	0.15572	0.01138	0.27710	0.01456	0.01090	0.01538	0.01151	0.01779	0.00999	0.00702	0.03315	0.00195	0.07192	0.09743	0.00264	0.00665
11	0.00712	0.00534	0.00801	0.00801	0.00890	0.00623	0.00623	0.00890	0.00801	0.01157	0.01335	0.01958	0.01246	0.03738	0.80507	0.00801	0.01335	0.00534	0.00267	0.00445
12	0.00633	0.00503	0.00569	0.00560	0.00702	0.00438	0.00417	0.00798	0.01229	0.01585	0.32489	0.08501	0.47432	0.01188	0.00591	0.00166	0.00248	0.01015	0.00495	0.00438
13	0.01256	0.01351	0.20353	0.01098	0.01445	0.01108	0.01052	0.16763	0.10742	0.08746	0.01281	0.01501	0.01007	0.03540	0.18227	0.00313	0.08708	0.00473	0.00356	0.00680
14	0.02004	0.01087	0.01288	0.01002	0.01383	0.01105	0.00823	0.32336	0.09299	0.41754	0.01667	0.01514	0.01109	0.00615	0.00501	0.00154	0.00471	0.00486	0.00559	0.00842
15	0.00692	0.00505	0.00650	0.00622	0.00738	0.00463	0.00463	0.00911	0.01366	0.01911	0.69510	0.08001	0.10172	0.01066	0.00591	0.00160	0.00239	0.00940	0.00538	0.00463
16	0.00647	0.00489	0.00599	0.00616	0.00724	0.00440	0.00449	0.00811	0.01202	0.01603	0.35381	0.25311	0.25827	0.01244	0.00603	0.00174	0.00260	0.02682	0.00499	0.00438
17	0.01303	0.01123	0.01675	0.02229	0.48038	0.01156	0.01232	0.19977	0.01408	0.01949	0.01282	0.11298	0.01183	0.00651	0.00519	0.00158	0.00540	0.03193	0.00342	0.00745
18	0.01757	0.01328	0.01419	0.01119	0.01493	0.01482	0.00914	0.61969	0.18310	0.02920	0.01371	0.01336	0.00989	0.00615	0.00500	0.00154	0.00516	0.00473	0.00500	0.00835
19	0.00712	0.00534	0.00801	0.00801	0.00890	0.00623	0.00623	0.00890	0.00801	0.01157	0.01335	0.01958	0.01246	0.03738	0.80507	0.00801	0.01335	0.00534	0.00267	0.00445
20	0.05045	0.00601	0.00819	0.04504	0.07226	0.00596	0.00674	0.00981	0.01155	0.01618	0.24740	0.22301	0.07266	0.01150	0.00598	0.00185	0.00359	0.19250	0.00451	0.00482
21	0.01071	0.01039	0.01588	0.28597	0.10922	0.01314	0.03795	0.01391	0.07114	0.01357	0.00887	0.01258	0.00746	0.00666	0.00995	0.00187	0.35773	0.00455	0.00247	0.00600
22	0.01183	0.00658	0.00825	0.00771	0.00965	0.00619	0.00589	0.03962	0.07397	0.24080	0.06592	0.30255	0.13830	0.01104	0.00576	0.00178	0.00346	0.04964	0.00516	0.00587
23	0.00777	0.01363	0.34305	0.00977	0.01334	0.00733	0.01045	0.01085	0.01034	0.01423	0.02364	0.31480	0.15616	0.01040	0.00560	0.00178	0.00478	0.03299	0.00355	0.00551

[dist]
# distance from previous block
# <min> <max>
1	3

[block]
# block no. 1 follows, 50 sequences, length 35
# corresponding to MSA columns:
# 820-854
name=unknown_B
#
# <colnr> <probs for GDERKNQSTAVLIFYWHMCP>
#	G	D	E	R	K	N	Q	S	T	A	V	L	I	F	Y	W	H	M	C	P
0	0.19589	0.01109	0.01281	0.01558	0.26860	0.09608	0.00939	0.07633	0.01151	0.03293	0.01037	0.01279	0.00849	0.00934	0.11299	0.00233	0.00635	0.00409	0.09667	0.00636
1	0.32773	0.01225	0.01090	0.00942	0.01246	0.09820	0.00758	0.19463	0.18862	0.02250	0.01211	0.01375	0.00954	0.00597	0.00453	0.00158	0.01866	0.03889	0.00397	0.00668
2	0.01428	0.05023	0.13651	0.01118	0.05114	0.04661	0.00972	0.26596	0.01498	0.06552	0.01070	0.01218	0.00826	0.04040	0.00537	0.00142	0.00535	0.00395	0.00360	0.24264
3	0.07083	0.01305	0.07461	0.01255	0.01657	0.06275	0.18554	0.19978	0.01482	0.19933	0.01329	0.01390	0.02235	0.00554	0.00517	0.00154	0.02121	0.00478	0.05514	0.00726
4	0.00677	0.00504	0.00599	0.00599	0.00678	0.00500	0.00412	0.00766	0.00881	0.01142	0.02654	0.03422	0.27149	0.34825	0.22589	0.00464	0.00633	0.00782	0.00346	0.00379
5	0.01153	0.04921	0.30146	0.02381	0.48417	0.01206	0.01615	0.01546	0.01100	0.01592	0.00912	0.01151	0.00727	0.00454	0.00479	0.00150	0.00642	0.00410	0.00232	0.00765
6	0.01546	0.15754	0.10868	0.01077	0.01499	0.01466	0.00987	0.42328	0.08640	0.02409	0.04784	0.01281	0.01022	0.00572	0.00465	0.00142	0.00533	0.00433	0.00410	0.03783
7	0.00869	0.00434	0.00641	0.00641	0.00646	0.00434	0.00429	0.00673	0.00668	0.00911	0.00901	0.01531	0.00885	0.01679	0.01875	0.81578	0.00424	0.00434	0.04120	0.00228
8	0.01142	0.01617	0.23139	0.01950	0.21071	0.04887	0.20921	0.01504	0.01075	0.01512	0.00958	0.04003	0.00799	0.00551	0.00683	0.00167	0.12605	0.00488	0.00242	0.00686
9	0.01368	0.19689	0.12675	0.01653	0.20607	0.04805	0.08553	0.14717	0.01324	0.04643	0.01043	0.04834	0.00866	0.00529	0.00467	0.00144	0.00608	0.00450	0.00302	0.00723
10	0.00889	0.00797	0.01211	0.23036	0.05068	0.00953	0.03426	0.01071	0.00938	0.01285	0.04203	0.17800	0.02719	0.09732	0.01042	0.00222	0.20406	0.04398	0.00306	0.00500
11	0.86003	0.00964	0.00733	0.00655	0.00964	0.01118	0.00540	0.01465	0.00848	0.02236	0.00694	0.00810	0.00540	0.00463	0.00308	0.00154	0.00386	0.00270	0.00308	0.00540
12	0.00719	0.00504	0.00650	0.00649	0.00687	0.00539	0.00435	0.00796	0.00773	0.01069	0.03440	0.02751	0.01659	0.48886	0.33711	0.00602	0.00818	0.00653	0.00294	0.00364
13	0.01109	0.01189	0.01566	0.33778	0.02323	0.15403	0.13056	0.01361	0.01087	0.01314	0.01369	0.05467	0.08716	0.00658	0.00642	0.00167	0.09422	0.00551	0.00268	0.00555
14	0.01063	0.00831	0.00904	0.00811	0.01036	0.00900	0.00634	0.13481	0.26754	0.01911	0.03824	0.02544	0.21069	0.01224	0.11375	0.00246	0.00490	0.00660	0.09625	0.00618
15	0.01270	0.01255	0.11751	0.00986	0.01300	0.09546	0.00866	0.05418	0.26797	0.10511	0.22511	0.02101	0.02102	0.00714	0.00517	0.00157	0.00463	0.00590	0.00463	0.00682
16	0.01181	0.30564	0.31536	0.01662	0.22701	0.01453	0.01408	0.01535	0.01061	0.01448	0.00835	0.01012	0.00677	0.00449	0.00425	0.00137	0.00626	0.00353	0.00221	0.00717
17	0.01051	0.16421	0.08397	0.48856	0.02812	0.01294	0.11668	0.01384	0.01029	0.01324	0.00867	0.01209	0.00670	0.00472	0.00475	0.00155	0.00670	0.00423	0.00223	0.00601
18	0.01473	0.01064	0.01127	0.00930	0.01224	0.01178	0.00747	0.38564	0.20728	0.02535	0.01517	0.01539	0.01130	0.00613	0.00460	0.00145	0.00425	0.00481	0.23390	0.00730
19	0.01292	0.00684	0.00835	0.00724	0.00971	0.00620	0.00568	0.01573	0.08409	0.31372	0.12199	0.08237	0.28556	0.00953	0.00551	0.00164	0.00331	0.00803	0.00536	0.00623
20	0.01156	0.01139	0.12307	0.01296	0.01663	0.00903	0.29813	0.01473	0.01110	0.11352	0.04068	0.01760	0.01166	0.09705	0.04432	0.00220	0.00634	0.00550	0.14643	0.00610
21	0.01428	0.01013	0.01317	0.01478	0.22300	0.01064	0.00932	0.11471	0.24005	0.14212	0.01558	0.01582	0.01157	0.00580	0.00477	0.00150	0.00447	0.00492	0.13583	0.00755
22	0.00674	0.00462	0.00559	0.00609	0.00622	0.00449	0.00372	0.00711	0.00825	0.01100	0.02085	0.37724	0.02461	0.47136	0.01707	0.00361	0.00398	0.01027	0.00372	0.00347
23	0.02129	0.00922	0.01192	0.00918	0.01296	0.00851	0.00757	0.14161	0.01570	0.64970	0.04586	0.01690	0.01297	0.00628	0.00504	0.00154	0.00437	0.00507	0.00596	0.00835
24	0.01237	0.01704	0.22939	0.07372	0.43099	0.11941	0.01528	0.01589	0.01142	0.01537	0.00900	0.01145	0.00719	0.00465	0.00482	0.00149	0.00677	0.00407	0.00237	0.00731
25	0.51871	0.01025	0.00952	0.00790	0.01121	0.01135	0.00650	0.18877	0.01274	0.12947	0.01021	0.01063	0.00736	0.00520	0.00380	0.00152	0.00421	0.00350	0.04068	0.00648
26	0.00623	0.00440	0.00574	0.00674	0.00699	0.00416	0.00441	0.00698	0.00923	0.01231	0.02587	0.71443	0.03095	0.12550	0.00894	0.00241	0.00316	0.01323	0.00441	0.00391
27	0.01066	0.00599	0.00776	0.00757	0.00938	0.00544	0.00610	0.01244	0.01212	0.20481	0.10405	0.14688	0.20340	0.01156	0.00603	0.00186	0.00358	0.22990	0.00507	0.00538
28	0.00970	0.00869	0.01409	0.48940	0.13087	0.01027	0.01212	0.04528	0.01029	0.01376	0.01008	0.01453	0.00821	0.01230	0.18645	0.00307	0.00802	0.00464	0.00247	0.00574
29	0.01499	0.20102	0.05328	0.01279	0.01647	0.22796	0.14391	0.16657	0.01399	0.01670	0.00960	0.03884	0.00806	0.00602	0.02014	0.00154	0.03424	0.00429	0.00298	0.00659
30	0.00674	0.00485	0.00623	0.00678	0.00747	0.00458	0.00489	0.00808	0.01070	0.01435	0.20068	0.35931	0.09164	0.12376	0.00888	0.00232	0.00327	0.12673	0.00460	0.00415
31	0.20408	0.03607	0.00857	0.00722	0.00927	0.00848	0.00575	0.10612	0.03065	0.01999	0.22213	0.02021	0.01959	0.01225	0.14488	0.00261	0.00515	0.00544	0.12611	0.00541
32	0.01231	0.01284	0.02313	0.04036	0.42036	0.04357	0.31091	0.01611	0.04031	0.01610	0.00998	0.01289	0.00796	0.00447	0.00529	0.00156	0.00695	0.00500	0.00258	0.00731
33	0.06599	0.18951	0.35161	0.01491	0.04608	0.01355	0.21990	0.01556	0.01067	0.01542	0.00871	0.01069	0.00666	0.00448	0.00462	0.00149	0.00694	0.00403	0.00230	0.00688
34	0.20383	0.07200	0.01123	0.00901	0.01104	0.01126	0.00725	0.14666	0.06614	0.01862	0.01471	0.23078	0.01489	0.00881	0.00662	0.00176	0.13111	0.02468	0.00380	0.00582

[dist]
# distance from previous block
# <min> <max>
0	2

[block]
# block no. 2 follows, 50 sequences, length 39
# corresponding to MSA columns:
# 857-895
name=unknown_C
#
# <colnr> <probs for GDERKNQSTAVLIFYWHMCP>
#	G	D	E	R	K	N	Q	S	T	A	V	L	I	F	Y	W	H	M	C	P
0	0.01173	0.16518	0.28871	0.01427	0.13090	0.01337	0.01275	0.01902	0.26081	0.01676	0.01231	0.01294	0.00944	0.00526	0.00459	0.00151	0.00568	0.00424	0.00312	0.00744
1	0.01252	0.01177	0.01904	0.01489	0.01739	0.01359	0.25736	0.06604	0.12478	0.05625	0.01074	0.01324	0.00857	0.00666	0.00998	0.00187	0.34054	0.00508	0.00311	0.00658
2	0.01218	0.01051	0.01363	0.01620	0.26438	0.03481	0.00978	0.13539	0.18976	0.01840	0.01470	0.09279	0.01307	0.06447	0.07170	0.00232	0.00570	0.00585	0.00373	0.02063
3	0.00870	0.00547	0.00709	0.00709	0.00846	0.00504	0.00550	0.01050	0.01217	0.10716	0.27621	0.17984	0.14553	0.03512	0.00663	0.00191	0.00323	0.16444	0.00503	0.00488
4	0.01281	0.01186	0.01152	0.01002	0.01263	0.12906	0.00778	0.11790	0.27269	0.01835	0.01551	0.13263	0.01372	0.00737	0.00577	0.00154	0.06461	0.00585	0.00406	0.14433
5	0.05423	0.01246	0.08785	0.26956	0.01979	0.14120	0.01035	0.06897	0.05775	0.01563	0.05310	0.16001	0.01400	0.00734	0.00508	0.00164	0.00582	0.00615	0.00328	0.00579
6	0.01383	0.06358	0.27658	0.06573	0.03003	0.01118	0.01193	0.12928	0.01318	0.18249	0.05950	0.01477	0.02498	0.00693	0.03113	0.00177	0.04762	0.00462	0.00368	0.00718
7	0.01459	0.30416	0.17435	0.01077	0.01534	0.01287	0.07260	0.01738	0.01165	0.23187	0.02600	0.01521	0.01034	0.00563	0.00452	0.00144	0.00558	0.05513	0.00351	0.00705
8	0.01106	0.00576	0.00766	0.00759	0.00902	0.00527	0.00552	0.01266	0.03430	0.24308	0.03833	0.54783	0.02663	0.01249	0.00592	0.00186	0.00331	0.01114	0.00511	0.00548
9	0.00982	0.02453	0.75120	0.01373	0.02072	0.01116	0.01759	0.01540	0.01074	0.01604	0.05613	0.01213	0.00877	0.00506	0.00480	0.00158	0.00706	0.00400	0.00231	0.00721
10	0.01027	0.01217	0.13330	0.48716	0.23295	0.01135	0.01491	0.01387	0.01041	0.01413	0.00901	0.01262	0.00693	0.00480	0.00493	0.00160	0.00656	0.00432	0.00227	0.00643
11	0.00839	0.00438	0.00636	0.00642	0.00643	0.00436	0.00422	0.00659	0.00672	0.00896	0.01031	0.05859	0.01082	0.09432	0.01936	0.72964	0.00430	0.00512	0.00237	0.00234
12	0.00606	0.00437	0.00575	0.00684	0.00720	0.00406	0.00458	0.00695	0.00964	0.01276	0.02866	0.78178	0.07200	0.01546	0.00634	0.00201	0.00287	0.01398	0.00463	0.00406
13	0.02824	0.01232	0.02148	0.07064	0.02042	0.03983	0.35832	0.01416	0.00990	0.01406	0.00835	0.01210	0.00699	0.00622	0.01017	0.00188	0.35151	0.00499	0.00237	0.00604
14	0.00829	0.00701	0.01023	0.01242	0.19063	0.00711	0.00761	0.01037	0.01151	0.01599	0.28995	0.06532	0.15268	0.01342	0.12401	0.00257	0.05392	0.00762	0.00399	0.00534
15	0.01660	0.01953	0.01320	0.01197	0.01462	0.54817	0.00907	0.02204	0.26371	0.01500	0.01178	0.01210	0.00927	0.00566	0.00468	0.00142	0.00736	0.00400	0.00338	0.00646
16	0.00987	0.00829	0.00974	0.00723	0.01105	0.00645	0.00564	0.01185	0.00992	0.01537	0.00975	0.01296	0.00868	0.08471	0.04639	0.00150	0.00429	0.00349	0.00295	0.72986
17	0.01248	0.01122	0.01595	0.01267	0.01607	0.01194	0.21003	0.13206	0.37509	0.02067	0.07090	0.01910	0.05546	0.00652	0.00537	0.00165	0.00516	0.00602	0.00439	0.00725
18	0.00725	0.00483	0.00544	0.00544	0.00544	0.00483	0.00302	0.00725	0.00725	0.00966	0.01571	0.03262	0.01812	0.82483	0.02537	0.00483	0.00483	0.00725	0.00302	0.00302
19	0.00697	0.00572	0.00932	0.00897	0.01001	0.00535	0.11817	0.00842	0.01015	0.01364	0.07098	0.65525	0.03007	0.01361	0.00626	0.00195	0.00367	0.01264	0.00437	0.00448
20	0.00948	0.00926	0.01561	0.07105	0.21380	0.00900	0.18723	0.01266	0.05136	0.01507	0.02549	0.05086	0.29218	0.00785	0.00556	0.00164	0.00512	0.00734	0.00345	0.00601
21	0.00700	0.00527	0.00667	0.00744	0.00862	0.00495	0.00606	0.00871	0.01111	0.01407	0.03454	0.18212	0.28164	0.01370	0.00647	0.00205	0.00362	0.38699	0.00461	0.00437
22	0.00785	0.00435	0.00629	0.00662	0.00674	0.00426	0.00443	0.00671	0.00762	0.01019	0.03769	0.25223	0.01694	0.01660	0.01523	0.57927	0.00385	0.00735	0.00299	0.00279
23	0.00960	0.01433	0.26837	0.55471	0.03021	0.01124	0.01532	0.01372	0.01015	0.01372	0.00889	0.01240	0.00654	0.00490	0.00490	0.00163	0.00688	0.00419	0.00218	0.00613
24	0.01098	0.07401	0.40099	0.01272	0.01694	0.07881	0.01381	0.01452	0.00988	0.01405	0.00858	0.01114	0.00697	0.00779	0.05591	0.00205	0.22006	0.00389	0.03048	0.00640
25	0.00705	0.00510	0.00666	0.00627	0.00745	0.00470	0.00470	0.00941	0.01411	0.01999	0.79110	0.03723	0.04703	0.01019	0.00588	0.00157	0.00235	0.00901	0.00549	0.00470
26	0.00705	0.00486	0.00538	0.00538	0.00563	0.00474	0.00313	0.00723	0.00785	0.01022	0.02083	0.03488	0.13204	0.70522	0.02250	0.00437	0.00449	0.00773	0.00326	0.00320
27	0.01655	0.01174	0.01208	0.00991	0.01304	0.08936	0.00792	0.33631	0.08059	0.17909	0.07222	0.07276	0.06125	0.00736	0.00516	0.00155	0.00488	0.00591	0.00498	0.00734
28	0.07912	0.00960	0.01581	0.01283	0.01466	0.01116	0.21029	0.01215	0.00888	0.01365	0.00989	0.01489	0.00897	0.05721	0.23401	0.00377	0.27017	0.00505	0.00252	0.00538
29	0.00614	0.00439	0.00584	0.00690	0.00724	0.00409	0.00463	0.00711	0.00985	0.01322	0.07912	0.76852	0.03392	0.01525	0.00633	0.00199	0.00286	0.01382	0.00469	0.00409
30	0.00712	0.00534	0.00801	0.00801	0.00890	0.00623	0.00623	0.00890	0.00801	0.01157	0.01335	0.01958	0.01246	0.03738	0.80507	0.00801	0.01335	0.00534	0.00267	0.00445
31	0.23789	0.01209	0.01158	0.00985	0.01223	0.10231	0.00798	0.20334	0.05746	0.02077	0.00996	0.01148	0.00788	0.00613	0.00666	0.00160	0.17517	0.00393	0.09541	0.00627
32	0.00864	0.00727	0.01146	0.28739	0.07097	0.00858	0.00957	0.03531	0.00941	0.01293	0.01149	0.01668	0.01002	0.02297	0.44918	0.00517	0.01028	0.00494	0.00257	0.00519
33	0.01195	0.01205	0.01514	0.39036	0.07625	0.14313	0.01225	0.01428	0.01027	0.03878	0.00845	0.01201	0.00685	0.00600	0.00790	0.00172	0.22013	0.00423	0.00241	0.00581
34	0.31202	0.01286	0.01113	0.00921	0.01261	0.16419	0.00741	0.15660	0.01366	0.18898	0.01087	0.01102	0.00778	0.00525	0.00416	0.00144	0.00522	0.00364	0.00399	0.05797
35	0.26276	0.00985	0.00923	0.00788	0.01071	0.07622	0.00623	0.06650	0.08085	0.06149	0.20058	0.01804	0.03332	0.00641	0.00444	0.00142	0.00401	0.00498	0.00410	0.13099
36	0.08603	0.13231	0.01808	0.01903	0.36010	0.01393	0.01148	0.21664	0.06077	0.02039	0.01015	0.01162	0.00806	0.00498	0.00454	0.00144	0.00543	0.00412	0.00329	0.00762
37	0.01450	0.01509	0.01673	0.13758	0.33611	0.24593	0.01244	0.10821	0.01340	0.01638	0.00911	0.01139	0.00733	0.00489	0.00478	0.00143	0.00682	0.00404	0.00278	0.03106
38	0.03844	0.00848	0.01032	0.22011	0.01636	0.05608	0.00803	0.05380	0.05753	0.11637	0.01923	0.20270	0.08125	0.06380	0.00665	0.00189	0.00477	0.00736	0.00392	0.02289

[dist]
# distance from previous block
# <min> <max>
3	25

[block]
# block no. 3 follows, 50 sequences, length 16
# corresponding to MSA columns:
# 946-961
name=unknown_D
#
# <colnr> <probs for GDERKNQSTAVLIFYWHMCP>
#	G	D	E	R	K	N	Q	S	T	A	V	L	I	F	Y	W	H	M	C	P
0	0.01073	0.01140	0.06565	0.01619	0.23742	0.09313	0.11077	0.01315	0.01105	0.01490	0.05047	0.08579	0.06072	0.10183	0.00746	0.00190	0.00558	0.00616	0.07524	0.02045
1	0.06158	0.03037	0.33870	0.01000	0.01404	0.00916	0.01086	0.01353	0.01068	0.05220	0.12166	0.01788	0.03841	0.05690	0.00670	0.00173	0.06064	0.00498	0.10202	0.03797
2	0.01072	0.00866	0.04468	0.00811	0.01030	0.07278	0.00664	0.04423	0.01242	0.11901	0.13985	0.14172	0.14954	0.03438	0.00620	0.00176	0.00411	0.11584	0.00452	0.06451
3	0.01178	0.01605	0.31349	0.01244	0.04860	0.01106	0.02806	0.20966	0.07837	0.01958	0.01468	0.18577	0.01342	0.00754	0.00521	0.00166	0.00560	0.00638	0.00366	0.00699
4	0.01140	0.01344	0.10900	0.01142	0.01469	0.14153	0.14347	0.08240	0.01255	0.01591	0.02145	0.02219	0.23304	0.00738	0.00590	0.00156	0.05859	0.00611	0.05496	0.03301
5	0.01521	0.01332	0.01489	0.01214	0.05091	0.12697	0.08984	0.27236	0.03452	0.05284	0.01075	0.01174	0.00815	0.00498	0.00462	0.00127	0.00567	0.00407	0.02015	0.24560
6	0.00641	0.00498	0.00591	0.00652	0.00766	0.00449	0.00496	0.00777	0.01083	0.01355	0.03826	0.28699	0.39526	0.01379	0.00625	0.00192	0.00308	0.17253	0.00462	0.00424
7	0.00607	0.00434	0.00578	0.00694	0.00723	0.00405	0.00463	0.00694	0.00954	0.01272	0.02747	0.82157	0.03297	0.01562	0.00636	0.00202	0.00289	0.01417	0.00463	0.00405
8	0.01034	0.00886	0.01034	0.00738	0.01181	0.00664	0.00591	0.01255	0.01034	0.01624	0.00886	0.01034	0.00738	0.00369	0.00369	0.00074	0.00369	0.00295	0.00295	0.85530
9	0.00969	0.01010	0.14827	0.00992	0.01264	0.00760	0.06767	0.01327	0.06923	0.08373	0.15415	0.11069	0.02149	0.05057	0.12596	0.00282	0.00603	0.08649	0.00397	0.00570
10	0.00795	0.00548	0.00792	0.00760	0.00879	0.00524	0.08613	0.00978	0.01023	0.01537	0.02189	0.38931	0.03983	0.01058	0.00523	0.00166	0.00331	0.03509	0.32402	0.00458
11	0.01000	0.06846	0.52360	0.01111	0.01651	0.01008	0.01352	0.01453	0.01048	0.01634	0.01093	0.01269	0.00818	0.00502	0.00428	0.00143	0.00579	0.00390	0.24665	0.00653
12	0.51858	0.24656	0.01352	0.00785	0.01122	0.10605	0.00679	0.01534	0.00961	0.01812	0.00703	0.00817	0.00580	0.00458	0.00328	0.00138	0.00488	0.00275	0.00275	0.00573
13	0.01074	0.00561	0.00736	0.00727	0.00875	0.00501	0.00531	0.01195	0.01111	0.23839	0.02791	0.50012	0.11539	0.01255	0.00592	0.00185	0.00324	0.01111	0.00507	0.00534
14	0.01250	0.01012	0.01575	0.01179	0.01566	0.00932	0.20713	0.01604	0.07575	0.12994	0.01230	0.04634	0.00980	0.00531	0.00563	0.00134	0.06601	0.00481	0.00350	0.34096
15	0.00979	0.00989	0.07923	0.01153	0.01410	0.00931	0.15998	0.04442	0.08987	0.02898	0.07890	0.01864	0.01390	0.04875	0.30825	0.00419	0.05566	0.00563	0.00322	0.00576

[dist]
# distance from previous block
# <min> <max>
0	1

[block]
# block no. 4 follows, 50 sequences, length 181
# corresponding to MSA columns:
# 963-1143
name=unknown_E
#
# <colnr> <probs for GDERKNQSTAVLIFYWHMCP>
#	G	D	E	R	K	N	Q	S	T	A	V	L	I	F	Y	W	H	M	C	P
0	0.16106	0.01220	0.01042	0.00956	0.01141	0.22504	0.00755	0.03143	0.03848	0.01682	0.19349	0.02194	0.03566	0.00786	0.00649	0.00165	0.11468	0.08518	0.00369	0.00539
1	0.01400	0.01111	0.01300	0.01145	0.08923	0.01096	0.00834	0.26891	0.13156	0.04147	0.01193	0.01248	0.00910	0.00505	0.00448	0.00123	0.00456	0.00406	0.00398	0.34310
2	0.01415	0.33771	0.01976	0.01151	0.01414	0.24788	0.03859	0.01562	0.01068	0.01210	0.00717	0.00929	0.00649	0.00574	0.00729	0.00146	0.22876	0.00341	0.00229	0.00597
3	0.00712	0.00534	0.00801	0.00801	0.00890	0.00623	0.00623	0.00890	0.00801	0.01157	0.01335	0.01958	0.01246	0.03738	0.80507	0.00801	0.01335	0.00534	0.00267	0.00445
4	0.01107	0.00971	0.01326	0.27749	0.09568	0.00985	0.00992	0.07039	0.09048	0.01667	0.01031	0.01247	0.00807	0.00468	0.00448	0.00127	0.00505	0.00397	0.00303	0.34216
5	0.01482	0.00877	0.01081	0.00800	0.01218	0.00705	0.00648	0.01725	0.03278	0.30392	0.01315	0.01300	0.00942	0.00469	0.00422	0.00106	0.00390	0.00378	0.00419	0.52051
6	0.00649	0.00499	0.00533	0.00535	0.00638	0.00450	0.00365	0.00735	0.00994	0.01231	0.06066	0.04220	0.46200	0.31164	0.01309	0.00286	0.00343	0.02999	0.00406	0.00380
7	0.00803	0.00665	0.00728	0.00726	0.00897	0.00673	0.00551	0.01310	0.23975	0.01563	0.03523	0.18460	0.35604	0.01155	0.00582	0.00180	0.00319	0.07281	0.00476	0.00530
8	0.01190	0.48372	0.35771	0.01096	0.01656	0.01623	0.01277	0.01529	0.01030	0.01347	0.00779	0.00908	0.00636	0.00447	0.00386	0.00129	0.00620	0.00310	0.00212	0.00681
9	0.00600	0.00462	0.00549	0.00620	0.00703	0.00411	0.00430	0.00702	0.01026	0.01302	0.03653	0.51709	0.33160	0.01444	0.00618	0.00189	0.00275	0.01273	0.00463	0.00411
10	0.01374	0.01088	0.01216	0.00900	0.01325	0.01013	0.00732	0.31480	0.01551	0.02224	0.01009	0.01098	0.00782	0.00460	0.00420	0.00104	0.00440	0.00356	0.00376	0.52052
11	0.01124	0.01191	0.02086	0.01622	0.01821	0.01421	0.31322	0.01357	0.00927	0.01357	0.00794	0.01191	0.00695	0.00694	0.01222	0.00198	0.49655	0.00496	0.00232	0.00595
12	0.00730	0.00546	0.00693	0.00707	0.00838	0.00516	0.00567	0.00979	0.03587	0.01722	0.39216	0.04459	0.17832	0.01166	0.00617	0.00182	0.00313	0.24360	0.00504	0.00467
13	0.00605	0.00459	0.00558	0.00632	0.00708	0.00412	0.00436	0.00709	0.01027	0.01320	0.05956	0.55048	0.27434	0.01449	0.00620	0.00190	0.00276	0.01284	0.00466	0.00412
14	0.00719	0.00506	0.00660	0.00660	0.00700	0.00546	0.00447	0.00799	0.00759	0.01052	0.01464	0.02674	0.01557	0.46965	0.37706	0.00627	0.00867	0.00639	0.00286	0.00367
15	0.00628	0.00512	0.00559	0.00564	0.00719	0.00443	0.00434	0.00781	0.01180	0.01462	0.16302	0.04711	0.60204	0.01236	0.00599	0.00172	0.00270	0.08316	0.00476	0.00432
16	0.01862	0.02376	0.01413	0.01284	0.01541	0.80482	0.00963	0.01990	0.01413	0.01220	0.00770	0.00899	0.00642	0.00514	0.00449	0.00128	0.00899	0.00321	0.00257	0.00578
17	0.02005	0.01168	0.01348	0.01039	0.01428	0.01213	0.00857	0.45151	0.04888	0.33306	0.01532	0.01419	0.01026	0.00609	0.00500	0.00152	0.00494	0.00474	0.00546	0.00846
18	0.01489	0.01803	0.02033	0.01608	0.01945	0.39890	0.32755	0.01739	0.01253	0.01373	0.00882	0.01133	0.00712	0.00611	0.03409	0.00174	0.05882	0.00447	0.00253	0.00610
19	0.00619	0.00442	0.00591	0.00702	0.00738	0.00414	0.00478	0.00716	0.00976	0.01303	0.04853	0.76490	0.03316	0.01538	0.00637	0.00202	0.00295	0.04813	0.00465	0.00409
20	0.01047	0.00913	0.01085	0.00804	0.01198	0.00770	0.00647	0.01303	0.03943	0.01600	0.00907	0.01070	0.00760	0.00430	0.00498	0.00091	0.08264	0.00319	0.00296	0.74056
21	0.15940	0.04195	0.01224	0.27574	0.01911	0.12275	0.00941	0.04087	0.04626	0.05413	0.05070	0.01540	0.01058	0.00884	0.08241	0.00219	0.00652	0.03262	0.00313	0.00575
22	0.01270	0.11693	0.39377	0.01177	0.01711	0.01231	0.01301	0.03189	0.20833	0.11411	0.01297	0.01310	0.00938	0.00539	0.00467	0.00154	0.00583	0.00424	0.00342	0.00754
23	0.00873	0.00812	0.01394	0.01192	0.01347	0.00883	0.19384	0.01071	0.00960	0.01334	0.01671	0.27699	0.01788	0.01491	0.13913	0.00297	0.16711	0.06343	0.00331	0.00508
24	0.01064	0.01075	0.02032	0.48903	0.03055	0.01181	0.29631	0.04258	0.01114	0.01463	0.00943	0.01330	0.00705	0.00473	0.00532	0.00166	0.00725	0.00497	0.00243	0.00609
25	0.01558	0.01745	0.01468	0.01277	0.01449	0.39474	0.01012	0.10818	0.01266	0.01444	0.00776	0.01011	0.00672	0.00667	0.00928	0.00167	0.33017	0.00382	0.00271	0.00597
26	0.01234	0.01184	0.02023	0.03059	0.79373	0.01184	0.01530	0.01530	0.01135	0.01628	0.00938	0.01234	0.00790	0.00444	0.00493	0.00148	0.00592	0.00444	0.00247	0.00790
27	0.00866	0.00433	0.00649	0.00649	0.00649	0.00433	0.00433	0.00649	0.00649	0.00866	0.00866	0.01515	0.00866	0.01732	0.01948	0.85498	0.00433	0.00433	0.00216	0.00216
28	0.00952	0.00897	0.01515	0.78353	0.06279	0.01110	0.01390	0.01283	0.01002	0.01287	0.00888	0.01325	0.00669	0.00496	0.00498	0.00165	0.00662	0.00443	0.00222	0.00563
29	0.00725	0.00483	0.00544	0.00544	0.00544	0.00483	0.00302	0.00725	0.00725	0.00966	0.01571	0.03262	0.01812	0.82483	0.02537	0.00483	0.00483	0.00725	0.00302	0.00302
30	0.00607	0.00434	0.00578	0.00694	0.00723	0.00405	0.00463	0.00694	0.00954	0.01272	0.02747	0.82157	0.03297	0.01562	0.00636	0.00202	0.00289	0.01417	0.00463	0.00405
31	0.00725	0.00483	0.00544	0.00544	0.00544	0.00483	0.00302	0.00725	0.00725	0.00966	0.01571	0.03262	0.01812	0.82483	0.02537	0.00483	0.00483	0.00725	0.00302	0.00302
32	0.01895	0.01396	0.01496	0.01147	0.01546	0.01546	0.00947	0.77711	0.02344	0.03141	0.01197	0.01197	0.00848	0.00598	0.00499	0.00150	0.00548	0.00449	0.00499	0.00848
33	0.01895	0.01396	0.01496	0.01147	0.01546	0.01546	0.00947	0.77711	0.02344	0.03141	0.01197	0.01197	0.00848	0.00598	0.00499	0.00150	0.00548	0.00449	0.00499	0.00848
34	0.01210	0.01252	0.02409	0.02657	0.47108	0.01216	0.33486	0.01558	0.01152	0.01615	0.00967	0.01280	0.00776	0.00434	0.00533	0.00156	0.00696	0.00505	0.00249	0.00740
35	0.00592	0.00505	0.00509	0.00508	0.00675	0.00422	0.00381	0.00720	0.01142	0.01361	0.06715	0.04773	0.77496	0.01257	0.00589	0.00168	0.00252	0.01049	0.00465	0.00422
36	0.01171	0.01214	0.01306	0.01197	0.01281	0.17500	0.00986	0.01317	0.01002	0.01283	0.01220	0.02288	0.01256	0.00936	0.01133	0.00203	0.42853	0.21035	0.00292	0.00528
37	0.86003	0.00964	0.00733	0.00655	0.00964	0.01118	0.00540	0.01465	0.00848	0.02236	0.00694	0.00810	0.00540	0.00463	0.00308	0.00154	0.00386	0.00270	0.00308	0.00540
38	0.01000	0.02578	0.79900	0.01421	0.02157	0.01158	0.01842	0.01579	0.01052	0.01579	0.00895	0.01052	0.00631	0.00474	0.00474	0.00158	0.00737	0.00368	0.00210	0.00737
39	0.01895	0.01396	0.01496	0.01147	0.01546	0.01546	0.00947	0.77711	0.02344	0.03141	0.01197	0.01197	0.00848	0.00598	0.00499	0.00150	0.00548	0.00449	0.00499	0.00848
40	0.00725	0.00483	0.00544	0.00544	0.00544	0.00483	0.00302	0.00725	0.00725	0.00966	0.01571	0.03262	0.01812	0.82483	0.02537	0.00483	0.00483	0.00725	0.00302	0.00302
41	0.01895	0.01396	0.01496	0.01147	0.01546	0.01546	0.00947	0.77711	0.02344	0.03141	0.01197	0.01197	0.00848	0.00598	0.00499	0.00150	0.00548	0.00449	0.00499	0.00848
42	0.01240	0.01071	0.01127	0.01014	0.01296	0.01240	0.00789	0.02649	0.78473	0.02085	0.02029	0.01860	0.01522	0.00676	0.00507	0.00169	0.00394	0.00564	0.00507	0.00789
43	0.00732	0.00521	0.00712	0.00821	0.00900	0.00511	0.00660	0.00901	0.01058	0.01388	0.02616	0.31449	0.02954	0.05994	0.00775	0.00235	0.00403	0.46487	0.00451	0.00432
44	0.00613	0.00445	0.00581	0.00688	0.00731	0.00412	0.00469	0.00708	0.00976	0.01286	0.02924	0.73205	0.09248	0.01531	0.00634	0.00201	0.00293	0.04184	0.00463	0.00408
45	0.83092	0.00960	0.00747	0.00664	0.00975	0.01105	0.00547	0.01499	0.00868	0.04929	0.00738	0.00841	0.00564	0.00468	0.00315	0.00154	0.00387	0.00278	0.00319	0.00551
46	0.01118	0.01066	0.01814	0.33984	0.49352	0.01154	0.01472	0.01428	0.01080	0.01488	0.00917	0.01271	0.00740	0.00466	0.00495	0.00155	0.00621	0.00444	0.00237	0.00696
47	0.00632	0.00507	0.00568	0.00579	0.00723	0.00443	0.00441	0.00785	0.01176	0.01477	0.18501	0.10036	0.52956	0.01248	0.00601	0.00174	0.00271	0.07971	0.00479	0.00432
48	0.00711	0.00518	0.00687	0.00769	0.00859	0.00499	0.00602	0.00904	0.02630	0.01479	0.13042	0.33981	0.08320	0.01377	0.00645	0.00204	0.00350	0.31502	0.00474	0.00444
49	0.01424	0.59160	0.03868	0.01112	0.07078	0.17560	0.00944	0.01596	0.01102	0.01224	0.00730	0.00856	0.00651	0.00446	0.00361	0.00115	0.00614	0.00292	0.00224	0.00640
50	0.01153	0.01202	0.02346	0.17129	0.30112	0.01205	0.36342	0.01513	0.01128	0.01548	0.00960	0.01302	0.00751	0.00443	0.00538	0.00161	0.00719	0.00510	0.00245	0.00692
51	0.86003	0.00964	0.00733	0.00655	0.00964	0.01118	0.00540	0.01465	0.00848	0.02236	0.00694	0.00810	0.00540	0.00463	0.00308	0.00154	0.00386	0.00270	0.00308	0.00540
52	0.01256	0.00972	0.01121	0.00818	0.01250	0.00821	0.00661	0.14557	0.01284	0.06676	0.01006	0.01102	0.00788	0.00424	0.00400	0.00092	0.00404	0.00334	0.00350	0.65683
53	0.01287	0.01094	0.01154	0.01024	0.01314	0.01262	0.00800	0.08114	0.72930	0.02162	0.01968	0.01811	0.01472	0.00671	0.00507	0.00168	0.00406	0.00555	0.00507	0.00793
54	0.00658	0.00472	0.00627	0.00681	0.00751	0.00441	0.00487	0.00812	0.01147	0.01573	0.32929	0.46414	0.03826	0.01336	0.00620	0.00186	0.00278	0.05830	0.00496	0.00434
55	0.00683	0.00483	0.00598	0.00619	0.00678	0.00458	0.00418	0.00796	0.01041	0.01414	0.26804	0.23789	0.07746	0.28216	0.01251	0.00280	0.00340	0.03554	0.00437	0.00394
56	0.00666	0.00497	0.00564	0.00556	0.00651	0.00455	0.00381	0.00779	0.01070	0.01396	0.24040	0.06092	0.31126	0.28155	0.01236	0.00271	0.00325	0.00912	0.00433	0.00394
57	0.00648	0.00507	0.00586	0.00567	0.00709	0.00446	0.00425	0.00829	0.01275	0.01676	0.42470	0.04254	0.41544	0.01139	0.00588	0.00162	0.00244	0.00976	0.00506	0.00446
58	0.01000	0.02578	0.79900	0.01421	0.02157	0.01158	0.01842	0.01579	0.01052	0.01579	0.00895	0.01052	0.00631	0.00474	0.00474	0.00158	0.00737	0.00368	0.00210	0.00737
59	0.01333	0.82783	0.02612	0.00853	0.01279	0.01972	0.00853	0.01493	0.01013	0.01173	0.00693	0.00800	0.00640	0.00426	0.00320	0.00107	0.00533	0.00267	0.00213	0.00640
60	0.01347	0.01956	0.48788	0.01241	0.01827	0.01102	0.01423	0.06655	0.10561	0.18300	0.01278	0.01295	0.00880	0.00536	0.00485	0.00158	0.00617	0.00425	0.00350	0.00774
61	0.01542	0.50995	0.02138	0.01023	0.01383	0.33009	0.00896	0.01689	0.01171	0.01191	0.00724	0.00839	0.00641	0.00461	0.00371	0.00115	0.00678	0.00288	0.00230	0.00615
62	0.34746	0.01224	0.01640	0.09475	0.01817	0.08914	0.24744	0.01513	0.01013	0.01743	0.00815	0.01064	0.00641	0.00496	0.00553	0.00163	0.08177	0.00407	0.00269	0.00587
63	0.00769	0.00546	0.00814	0.00804	0.00904	0.00627	0.00627	0.00948	0.00825	0.04101	0.01359	0.01948	0.01246	0.03621	0.77509	0.00777	0.01301	0.00533	0.00280	0.00460
64	0.00605	0.00497	0.00534	0.00551	0.00694	0.00426	0.00408	0.00737	0.01131	0.01387	0.10017	0.15552	0.61282	0.01289	0.00598	0.00174	0.00262	0.02964	0.00469	0.00423
65	0.00725	0.00483	0.00544	0.00544	0.00544	0.00483	0.00302	0.00725	0.00725	0.00966	0.01571	0.03262	0.01812	0.82483	0.02537	0.00483	0.00483	0.00725	0.00302	0.00302
66	0.63148	0.00932	0.00848	0.00719	0.01048	0.01013	0.00592	0.01728	0.01006	0.23377	0.01041	0.01052	0.00729	0.00505	0.00361	0.00154	0.00396	0.00333	0.00393	0.00624
67	0.83138	0.00960	0.00747	0.00663	0.00975	0.01105	0.00546	0.01498	0.00868	0.04887	0.00738	0.00840	0.00564	0.00468	0.00315	0.00154	0.00387	0.00278	0.00319	0.00550
68	0.00715	0.00521	0.00736	0.00736	0.00803	0.00588	0.00542	0.00848	0.00782	0.01109	0.01395	0.02288	0.01389	0.23638	0.60803	0.00721	0.01120	0.00582	0.00276	0.00409
69	0.02154	0.00944	0.01163	0.00906	0.01276	0.05133	0.00742	0.05892	0.01456	0.69117	0.01853	0.01635	0.01185	0.00609	0.00493	0.00151	0.00449	0.00488	0.03533	0.00820
70	0.01294	0.01061	0.01168	0.00920	0.01301	0.01050	0.00735	0.18889	0.26558	0.02115	0.01328	0.01339	0.01018	0.00521	0.00443	0.00122	0.00418	0.00417	0.00410	0.38893
71	0.01094	0.18891	0.43772	0.01387	0.01959	0.01340	0.14619	0.01522	0.01063	0.01492	0.03578	0.01145	0.00797	0.00494	0.00525	0.00152	0.04845	0.00407	0.00230	0.00686
72	0.01835	0.01367	0.01462	0.01135	0.01523	0.01518	0.00933	0.70903	0.09249	0.03046	0.01272	0.01257	0.00909	0.00605	0.00499	0.00151	0.00535	0.00459	0.00499	0.00842
73	0.00866	0.00433	0.00649	0.00649	0.00649	0.00433	0.00433	0.00649	0.00649	0.00866	0.00866	0.01515	0.00866	0.01732	0.01948	0.85498	0.00433	0.00433	0.00216	0.00216
74	0.02037	0.01161	0.03290	0.01028	0.01429	0.01143	0.00866	0.39460	0.01869	0.40078	0.01561	0.01434	0.01029	0.00604	0.00499	0.00152	0.00493	0.00472	0.00549	0.00845
75	0.00705	0.00546	0.00773	0.00944	0.08402	0.00536	0.00600	0.00838	0.01033	0.01411	0.13079	0.58261	0.03137	0.01347	0.00655	0.00192	0.03362	0.03276	0.00444	0.00458
76	0.21221	0.01203	0.01547	0.01863	0.35195	0.01289	0.01105	0.26861	0.01470	0.02274	0.00967	0.01123	0.00751	0.00500	0.00452	0.00150	0.00529	0.00405	0.00345	0.00751
77	0.01080	0.00894	0.01037	0.00776	0.01174	0.00729	0.00615	0.09020	0.01160	0.01745	0.01099	0.08936	0.00998	0.00509	0.00408	0.00094	0.00380	0.00420	0.00332	0.68594
78	0.01525	0.01829	0.02001	0.01589	0.01927	0.40435	0.30475	0.03233	0.03931	0.01429	0.00905	0.01122	0.00721	0.00509	0.00586	0.00152	0.06300	0.00442	0.00266	0.00624
79	0.00722	0.00495	0.00604	0.00604	0.00626	0.00516	0.00378	0.00764	0.00743	0.01012	0.01515	0.02954	0.01678	0.63867	0.20970	0.00558	0.00685	0.00680	0.00294	0.00336
80	0.30227	0.00719	0.00716	0.00669	0.00858	0.00770	0.00508	0.01289	0.08454	0.04261	0.22966	0.09029	0.04371	0.09150	0.00676	0.00193	0.00338	0.00652	0.03640	0.00512
81	0.86003	0.00964	0.00733	0.00655	0.00964	0.01118	0.00540	0.01465	0.00848	0.02236	0.00694	0.00810	0.00540	0.00463	0.00308	0.00154	0.00386	0.00270	0.00308	0.00540
82	0.01585	0.41197	0.01983	0.01066	0.01406	0.39822	0.00904	0.01772	0.03855	0.01227	0.00776	0.00884	0.00671	0.00477	0.00389	0.00119	0.00705	0.00303	0.00244	0.00615
83	0.01225	0.52854	0.29905	0.01062	0.01595	0.03228	0.01205	0.01533	0.01035	0.01317	0.00766	0.00891	0.00637	0.00445	0.00377	0.00125	0.00612	0.00304	0.00213	0.00673
84	0.01727	0.01602	0.01433	0.01183	0.01520	0.23761	0.02996	0.38299	0.18244	0.02332	0.01248	0.01258	0.00930	0.00586	0.00489	0.00148	0.00623	0.00441	0.00425	0.00754
85	0.01934	0.01333	0.01457	0.01117	0.01514	0.01451	0.00922	0.68984	0.02237	0.12019	0.01286	0.01255	0.00892	0.00601	0.00499	0.00150	0.00534	0.00455	0.00512	0.00848
86	0.00694	0.00482	0.00611	0.00681	0.00716	0.00471	0.00469	0.00776	0.00903	0.01196	0.02260	0.35253	0.02622	0.33514	0.01398	0.00319	0.00401	0.16461	0.00398	0.00375
87	0.00607	0.00434	0.00578	0.00694	0.00723	0.00405	0.00463	0.00694	0.00954	0.01272	0.02747	0.82157	0.03297	0.01562	0.00636	0.00202	0.00289	0.01417	0.00463	0.00405
88	0.00716	0.00502	0.00647	0.00650	0.00687	0.00536	0.00434	0.00789	0.00762	0.01052	0.01515	0.05264	0.01635	0.48702	0.33367	0.00600	0.00815	0.00671	0.00293	0.00362
89	0.01262	0.01082	0.01140	0.01019	0.01305	0.01250	0.00794	0.05216	0.75869	0.02121	0.02000	0.01837	0.01499	0.00674	0.00507	0.00168	0.00400	0.00560	0.00507	0.00791
90	0.00607	0.00434	0.00578	0.00694	0.00723	0.00405	0.00463	0.00694	0.00954	0.01272	0.02747	0.82157	0.03297	0.01562	0.00636	0.00202	0.00289	0.01417	0.00463	0.00405
91	0.01430	0.01152	0.01497	0.37792	0.02400	0.01345	0.01152	0.40060	0.01672	0.02219	0.01035	0.01253	0.00757	0.00562	0.00539	0.00160	0.03464	0.00446	0.00362	0.00703
92	0.01034	0.00886	0.01034	0.00738	0.01181	0.00664	0.00591	0.01255	0.01034	0.01624	0.00886	0.01034	0.00738	0.00369	0.00369	0.00074	0.00369	0.00295	0.00295	0.85530
93	0.01652	0.01185	0.11847	0.08330	0.25941	0.00961	0.01182	0.01940	0.01250	0.38506	0.01414	0.01436	0.00968	0.00534	0.00495	0.00154	0.00538	0.00461	0.00415	0.00791
94	0.00803	0.00574	0.00803	0.00918	0.01033	0.00574	0.00803	0.01033	0.01147	0.01492	0.02639	0.05622	0.02869	0.01377	0.00688	0.00229	0.00459	0.76018	0.00459	0.00459
95	0.00941	0.00886	0.01495	0.81285	0.03433	0.01107	0.01384	0.01274	0.00997	0.01274	0.00886	0.01329	0.00664	0.00498	0.00498	0.00166	0.00664	0.00443	0.00221	0.00554
96	0.01113	0.00685	0.00667	0.00608	0.00775	0.03471	0.00470	0.12649	0.03066	0.02033	0.01541	0.01726	0.01197	0.00583	0.00378	0.00123	0.00307	0.00459	0.67615	0.00533
97	0.00725	0.00483	0.00544	0.00544	0.00544	0.00483	0.00302	0.00725	0.00725	0.00966	0.01571	0.03262	0.01812	0.82483	0.02537	0.00483	0.00483	0.00725	0.00302	0.00302
98	0.01613	0.01424	0.04086	0.01053	0.01440	0.15105	0.00868	0.32075	0.08117	0.07028	0.01152	0.01186	0.00857	0.00531	0.00458	0.00130	0.00552	0.00399	0.00404	0.21524
99	0.03817	0.01141	0.01312	0.01021	0.01402	0.01187	0.00839	0.39525	0.08733	0.33363	0.01565	0.01445	0.01054	0.00610	0.00496	0.00153	0.00482	0.00476	0.00542	0.00836
100	0.01290	0.01096	0.01155	0.01025	0.01315	0.01263	0.00801	0.08396	0.72644	0.02166	0.01965	0.01809	0.01470	0.00670	0.00507	0.00168	0.00406	0.00555	0.00507	0.00793
101	0.57416	0.01121	0.00982	0.00999	0.08690	0.07510	0.00712	0.02878	0.12197	0.02088	0.00925	0.01016	0.00719	0.00498	0.00370	0.00154	0.00451	0.00336	0.00330	0.00608
102	0.00713	0.00530	0.00781	0.00781	0.00864	0.00612	0.00598	0.00877	0.00795	0.01142	0.01353	0.02058	0.01289	0.09775	0.74530	0.00777	0.01270	0.00549	0.00270	0.00434
103	0.01862	0.02376	0.01413	0.01284	0.01541	0.80482	0.00963	0.01990	0.01413	0.01220	0.00770	0.00899	0.00642	0.00514	0.00449	0.00128	0.00899	0.00321	0.00257	0.00578
104	0.01417	0.65024	0.02333	0.00926	0.01323	0.16127	0.00863	0.01573	0.01086	0.01199	0.00715	0.00827	0.00644	0.00440	0.00345	0.00109	0.00593	0.00278	0.00224	0.03956
105	0.01091	0.01091	0.01527	0.01309	0.01309	0.01527	0.01091	0.01200	0.00763	0.01200	0.00654	0.01091	0.00654	0.00872	0.01636	0.00218	0.81570	0.00436	0.00218	0.00545
106	0.00712	0.00534	0.00801	0.00801	0.00890	0.00623	0.00623	0.00890	0.00801	0.01157	0.01335	0.01958	0.01246	0.03738	0.80507	0.00801	0.01335	0.00534	0.00267	0.00445
107	0.01176	0.01345	0.02941	0.02101	0.02605	0.01261	0.77563	0.01597	0.01176	0.01597	0.01008	0.01345	0.00756	0.00420	0.00588	0.00168	0.00840	0.00588	0.00252	0.00672
108	0.00712	0.00534	0.00801	0.00801	0.00890	0.00623	0.00623	0.00890	0.00801	0.01157	0.01335	0.01958	0.01246	0.03738	0.80507	0.00801	0.01335	0.00534	0.00267	0.00445
109	0.00607	0.00434	0.00578	0.00694	0.00723	0.00405	0.00463	0.00694	0.00954	0.01272	0.02747	0.82157	0.03297	0.01562	0.00636	0.00202	0.00289	0.01417	0.00463	0.00405
110	0.01787	0.02251	0.01424	0.01286	0.01518	0.72806	0.00975	0.01913	0.01349	0.01218	0.00759	0.00918	0.00643	0.00549	0.00565	0.00137	0.08741	0.00332	0.00253	0.00575
111	0.00610	0.00441	0.00578	0.00686	0.00725	0.00409	0.00463	0.00701	0.00969	0.01281	0.02888	0.76026	0.07984	0.01540	0.00634	0.00201	0.00290	0.02704	0.00463	0.00407
112	0.05879	0.01734	0.01428	0.01253	0.01420	0.40310	0.00991	0.06336	0.01185	0.01383	0.00747	0.00988	0.00654	0.00658	0.00914	0.00167	0.32743	0.00372	0.00259	0.00580
113	0.01176	0.01345	0.02941	0.02101	0.02605	0.01261	0.77563	0.01597	0.01176	0.01597	0.01008	0.01345	0.00756	0.00420	0.00588	0.00168	0.00840	0.00588	0.00252	0.00672
114	0.01175	0.01339	0.02909	0.02083	0.02576	0.01266	0.75843	0.01588	0.01167	0.01588	0.01000	0.01339	0.00754	0.00430	0.00612	0.00169	0.02656	0.00585	0.00251	0.00669
115	0.01240	0.01071	0.01127	0.01014	0.01296	0.01240	0.00789	0.02649	0.78473	0.02085	0.02029	0.01860	0.01522	0.00676	0.00507	0.00169	0.00394	0.00564	0.00507	0.00789
116	0.00776	0.00557	0.00770	0.00880	0.00989	0.00551	0.00754	0.00988	0.01128	0.01465	0.02742	0.13031	0.05823	0.01391	0.00680	0.00225	0.00435	0.65905	0.00459	0.00452
117	0.01034	0.00886	0.01034	0.00738	0.01181	0.00664	0.00591	0.01255	0.01034	0.01624	0.00886	0.01034	0.00738	0.00369	0.00369	0.00074	0.00369	0.00295	0.00295	0.85530
118	0.01862	0.02376	0.01413	0.01284	0.01541	0.80482	0.00963	0.01990	0.01413	0.01220	0.00770	0.00899	0.00642	0.00514	0.00449	0.00128	0.00899	0.00321	0.00257	0.00578
119	0.86003	0.00964	0.00733	0.00655	0.00964	0.01118	0.00540	0.01465	0.00848	0.02236	0.00694	0.00810	0.00540	0.00463	0.00308	0.00154	0.00386	0.00270	0.00308	0.00540
120	0.00650	0.00465	0.00628	0.00743	0.00791	0.00442	0.00538	0.00768	0.00997	0.01321	0.02723	0.65342	0.03203	0.01521	0.00648	0.00208	0.00326	0.17808	0.00462	0.00417
121	0.86003	0.00964	0.00733	0.00655	0.00964	0.01118	0.00540	0.01465	0.00848	0.02236	0.00694	0.00810	0.00540	0.00463	0.00308	0.00154	0.00386	0.00270	0.00308	0.00540
122	0.00772	0.00562	0.00761	0.00862	0.00981	0.00551	0.00743	0.00986	0.01142	0.01469	0.02940	0.07313	0.12315	0.01367	0.00675	0.00221	0.00429	0.65000	0.00460	0.00453
