[name]
unknown

[dist]
# distance from previous block
# <min> <max>
0	9

[block]
# block no. 0 follows, 50 sequences, length 34
# corresponding to MSA columns:
# 9-42
name=unknown_A
#
# <colnr> <probs for GDERKNQSTAVLIFYWHMCP>
#	G	D	E	R	K	N	Q	S	T	A	V	L	I	F	Y	W	H	M	C	P
0	0.01374	0.01190	0.01170	0.02442	0.04440	0.14084	0.00814	0.23303	0.13832	0.04224	0.08150	0.16676	0.01778	0.00832	0.00532	0.00163	0.00504	0.03389	0.00445	0.00659
1	0.04358	0.00608	0.00866	0.04664	0.08259	0.00630	0.00641	0.04812	0.00885	0.01232	0.01275	0.12459	0.01318	0.02858	0.02607	0.45666	0.00461	0.05735	0.00289	0.00378
2	0.13017	0.01050	0.01652	0.22668	0.45744	0.01126	0.01311	0.01431	0.01071	0.01638	0.04053	0.01299	0.00881	0.00484	0.00473	0.00154	0.00567	0.00438	0.00261	0.00681
3	0.01152	0.01100	0.01861	0.17868	0.61713	0.01139	0.01455	0.01448	0.01109	0.01549	0.01094	0.01396	0.03937	0.00488	0.00498	0.00152	0.00592	0.00468	0.00251	0.00730
4	0.00713	0.00529	0.00774	0.00774	0.00853	0.00608	0.00589	0.00872	0.00793	0.01137	0.01360	0.02098	0.01307	0.12155	0.72173	0.00767	0.01244	0.00554	0.00271	0.00430
5	0.00625	0.00495	0.00562	0.00568	0.00701	0.00432	0.00417	0.00776	0.01186	0.01519	0.25598	0.16331	0.46546	0.01239	0.00596	0.00170	0.00253	0.01065	0.00487	0.00432
6	0.00616	0.00441	0.00587	0.00688	0.00725	0.00411	0.00463	0.00717	0.00997	0.01341	0.09910	0.74801	0.03429	0.01511	0.00632	0.00198	0.00284	0.01369	0.00471	0.00411
7	0.00832	0.00439	0.00652	0.00663	0.00671	0.00442	0.00447	0.00668	0.00687	0.00921	0.01070	0.09105	0.01116	0.01834	0.06477	0.72483	0.00473	0.00531	0.00243	0.00248
8	0.00725	0.00483	0.00544	0.00544	0.00544	0.00483	0.00302	0.00725	0.00725	0.00966	0.01571	0.03262	0.01812	0.82483	0.02537	0.00483	0.00483	0.00725	0.00302	0.00302
9	0.02236	0.00848	0.01157	0.00887	0.01272	0.00733	0.00733	0.02429	0.01427	0.79719	0.01966	0.01697	0.01234	0.00617	0.00501	0.00154	0.00424	0.00501	0.00617	0.00848
10	0.01176	0.01345	0.02941	0.02101	0.02605	0.01261	0.77563	0.01597	0.01176	0.01597	0.01008	0.01345	0.00756	0.00420	0.00588	0.00168	0.00840	0.00588	0.00252	0.00672
11	0.01031	0.10101	0.72651	0.01367	0.02075	0.01234	0.01749	0.01570	0.01049	0.01540	0.00876	0.01029	0.00632	0.00469	0.00459	0.00153	0.00718	0.00359	0.00211	0.00728
12	0.01091	0.01105	0.01431	0.01250	0.01267	0.06097	0.01024	0.01199	0.00820	0.01208	0.00857	0.08683	0.00901	0.00916	0.01472	0.00211	0.69170	0.00521	0.00243	0.00534
13	0.00693	0.00516	0.00646	0.00622	0.00745	0.00476	0.00463	0.00928	0.03132	0.01848	0.60411	0.09566	0.15920	0.01088	0.00590	0.00162	0.00245	0.00954	0.00528	0.00465
14	0.01233	0.58872	0.25653	0.01022	0.01541	0.01729	0.01148	0.01518	0.01025	0.01294	0.00753	0.00875	0.00637	0.00440	0.00366	0.00122	0.00594	0.00297	0.00212	0.00669
15	0.00725	0.00483	0.00544	0.00544	0.00544	0.00483	0.00302	0.00725	0.00725	0.00966	0.01571	0.03262	0.01812	0.82483	0.02537	0.00483	0.00483	0.00725	0.00302	0.00302
16	0.00941	0.00886	0.01495	0.81285	0.03433	0.01107	0.01384	0.01274	0.00997	0.01274	0.00886	0.01329	0.00664	0.00498	0.00498	0.00166	0.00664	0.00443	0.00221	0.00554
17	0.00924	0.00800	0.01374	0.01109	0.01350	0.00775	0.22912	0.02412	0.04752	0.04444	0.21173	0.09329	0.09522	0.03658	0.12869	0.00273	0.00612	0.00770	0.00397	0.00544
18	0.01767	0.00937	0.01301	0.00988	0.01366	0.00857	0.06742	0.08004	0.01344	0.44834	0.01524	0.01477	0.01039	0.00688	0.03771	0.00168	0.04238	0.00460	0.00481	0.18013
19	0.01000	0.02578	0.79900	0.01421	0.02157	0.01158	0.01842	0.01579	0.01052	0.01579	0.00895	0.01052	0.00631	0.00474	0.00474	0.00158	0.00737	0.00368	0.00210	0.00737
20	0.00668	0.00485	0.00535	0.00549	0.00606	0.00454	0.00345	0.00718	0.00883	0.01123	0.02820	0.12825	0.26756	0.47169	0.01695	0.00350	0.00387	0.00909	0.00372	0.00352
21	0.02792	0.20909	0.17405	0.01238	0.06173	0.13950	0.06067	0.01768	0.02486	0.17044	0.01259	0.01310	0.04427	0.00532	0.00451	0.00141	0.00617	0.00415	0.00323	0.00693
22	0.01908	0.01376	0.01483	0.01137	0.01535	0.01515	0.00939	0.74877	0.02309	0.06025	0.01226	0.01216	0.00862	0.00599	0.00499	0.00150	0.00544	0.00451	0.00503	0.00848
23	0.00602	0.00456	0.00556	0.00636	0.00708	0.00410	0.00437	0.00701	0.01010	0.01295	0.03455	0.58379	0.26618	0.01470	0.00622	0.00192	0.00278	0.01305	0.00463	0.00410
24	0.00767	0.00536	0.00685	0.00697	0.00818	0.00502	0.00535	0.02727	0.01247	0.04484	0.33605	0.21467	0.14456	0.01212	0.00611	0.00181	0.00303	0.14192	0.00503	0.00469
25	0.01168	0.01146	0.01954	0.22621	0.52427	0.02710	0.07756	0.01480	0.01109	0.01529	0.00927	0.01260	0.00752	0.00457	0.00502	0.00154	0.00637	0.00453	0.00241	0.00716
26	0.00654	0.00481	0.00624	0.00718	0.00791	0.00450	0.00533	0.00785	0.01039	0.01352	0.04603	0.49800	0.15067	0.01459	0.00641	0.00203	0.00324	0.19590	0.00464	0.00422
27	0.00767	0.00476	0.00575	0.00581	0.00590	0.00476	0.00355	0.00739	0.00740	0.01003	0.01470	0.02942	0.01637	0.58236	0.02242	0.18781	0.00462	0.04142	0.03489	0.00297
28	0.33663	0.01759	0.01162	0.01048	0.01308	0.45405	0.00811	0.01741	0.01158	0.01603	0.00734	0.00877	0.00604	0.00517	0.00472	0.00144	0.05849	0.00309	0.00274	0.00561
29	0.00614	0.00470	0.00559	0.00626	0.00711	0.00422	0.00440	0.00719	0.01023	0.01298	0.03573	0.45656	0.32241	0.04884	0.00702	0.00203	0.00291	0.04706	0.00456	0.00409
30	0.01221	0.01500	0.11480	0.07434	0.12318	0.08621	0.38123	0.03784	0.01189	0.01588	0.00951	0.01224	0.00730	0.00445	0.00524	0.00153	0.00744	0.00482	0.00255	0.07235
31	0.00786	0.00636	0.00886	0.00838	0.00943	0.00677	0.04343	0.00950	0.01034	0.01397	0.14964	0.03616	0.14113	0.15233	0.09488	0.00307	0.10747	0.18208	0.00387	0.00448
32	0.01240	0.03696	0.02880	0.34135	0.18253	0.18486	0.03040	0.02798	0.03957	0.01405	0.01030	0.01308	0.02977	0.00524	0.00509	0.00153	0.02291	0.00436	0.00257	0.00625
33	0.01060	0.08947	0.01376	0.17030	0.09009	0.03011	0.02454	0.01584	0.21258	0.01572	0.08701	0.10600	0.01577	0.00753	0.00609	0.02640	0.04924	0.00606	0.00357	0.01931

[dist]
# distance from previous block
# <min> <max>
3	7

[block]
# block no. 1 follows, 50 sequences, length 36
# corresponding to MSA columns:
# 50-85
name=unknown_B
#
# <colnr> <probs for GDERKNQSTAVLIFYWHMCP>
#	G	D	E	R	K	N	Q	S	T	A	V	L	I	F	Y	W	H	M	C	P
0	0.07838	0.05768	0.01107	0.05224	0.04199	0.00964	0.00710	0.07163	0.19021	0.01782	0.03184	0.08110	0.11100	0.01760	0.00495	0.00146	0.00402	0.00578	0.00388	0.20061
1	0.00836	0.03055	0.25502	0.02427	0.04277	0.02516	0.02989	0.01126	0.02193	0.01409	0.01921	0.41965	0.02097	0.01063	0.00566	0.00182	0.00489	0.04481	0.00357	0.00550
2	0.01218	0.01204	0.01762	0.17095	0.50250	0.08051	0.01366	0.01589	0.07292	0.01554	0.01050	0.03469	0.00880	0.00509	0.00495	0.00153	0.00608	0.00469	0.00270	0.00717
3	0.01034	0.00886	0.01034	0.00738	0.01181	0.00664	0.00591	0.01255	0.01034	0.01624	0.00886	0.01034	0.00738	0.00369	0.00369	0.00074	0.00369	0.00295	0.00295	0.85530
4	0.00724	0.00487	0.00564	0.00564	0.00571	0.00494	0.00328	0.00738	0.00731	0.00982	0.01552	0.03158	0.01767	0.76207	0.08751	0.00509	0.00551	0.00710	0.00299	0.00313
5	0.00832	0.00437	0.00636	0.00645	0.00656	0.00430	0.00432	0.00656	0.00698	0.00921	0.01229	0.07508	0.05292	0.01694	0.01780	0.74715	0.00413	0.00537	0.00248	0.00241
6	0.00671	0.00540	0.00651	0.00661	0.00767	0.00525	0.00489	0.00834	0.02731	0.01462	0.18725	0.27416	0.33098	0.01265	0.00678	0.00181	0.06130	0.02271	0.00463	0.00443
7	0.00674	0.00496	0.00631	0.00624	0.00732	0.00453	0.00458	0.00870	0.01297	0.01792	0.56672	0.17680	0.13481	0.01144	0.00597	0.00166	0.00247	0.01011	0.00523	0.00453
8	0.02700	0.12664	0.68606	0.01334	0.02023	0.01260	0.01692	0.01565	0.01043	0.01540	0.00865	0.01016	0.00631	0.00467	0.00451	0.00151	0.00704	0.00354	0.00213	0.00721
9	0.00809	0.07137	0.00781	0.00670	0.00733	0.04930	0.00454	0.00866	0.00871	0.01108	0.01827	0.23505	0.02104	0.45562	0.01641	0.00346	0.00458	0.05473	0.00344	0.00380
10	0.01102	0.00940	0.01394	0.07767	0.01581	0.02373	0.15639	0.02793	0.01177	0.06390	0.14014	0.01625	0.01437	0.00525	0.00471	0.00122	0.00478	0.00485	0.02155	0.37533
11	0.04699	0.34979	0.03924	0.01075	0.01425	0.33942	0.00926	0.09405	0.01301	0.01441	0.00780	0.00893	0.00658	0.00491	0.00421	0.00125	0.02304	0.00313	0.00263	0.00632
12	0.01199	0.45397	0.27208	0.01169	0.05266	0.01589	0.02667	0.01576	0.05525	0.01387	0.00891	0.02504	0.00747	0.00478	0.00399	0.00132	0.00594	0.00353	0.00236	0.00683
13	0.01279	0.17353	0.40413	0.01405	0.07082	0.01309	0.07493	0.07247	0.01192	0.09245	0.00995	0.01113	0.00728	0.00482	0.00459	0.00147	0.00652	0.00391	0.00278	0.00736
14	0.01545	0.10502	0.02953	0.00914	0.01233	0.01054	0.02070	0.11865	0.17102	0.26370	0.09179	0.01855	0.01533	0.06539	0.00633	0.00174	0.00441	0.00533	0.02785	0.00720
15	0.01934	0.00781	0.01060	0.00836	0.01168	0.00681	0.00681	0.02135	0.01424	0.64371	0.17200	0.02097	0.01919	0.00696	0.00518	0.00155	0.00387	0.00580	0.00603	0.00774
16	0.00768	0.00656	0.00983	0.30001	0.03412	0.00734	0.00849	0.00959	0.00993	0.01294	0.02214	0.35602	0.11292	0.01079	0.00624	0.00186	0.04039	0.03479	0.00360	0.00477
17	0.01203	0.01260	0.02309	0.03846	0.40328	0.04195	0.32724	0.01536	0.01153	0.01579	0.01034	0.04580	0.00871	0.00484	0.00537	0.00158	0.00695	0.00538	0.00258	0.00713
18	0.00655	0.00493	0.00646	0.00680	0.00761	0.00501	0.00492	0.00778	0.00914	0.01216	0.02601	0.26373	0.19260	0.09762	0.31994	0.00454	0.00707	0.00927	0.00372	0.00415
19	0.05780	0.00853	0.01139	0.00877	0.01259	0.00749	0.00724	0.02388	0.01402	0.76441	0.01913	0.01659	0.01204	0.00610	0.00493	0.00154	0.00423	0.00491	0.00604	0.00835
20	0.01895	0.01396	0.01496	0.01147	0.01546	0.01546	0.00947	0.77711	0.02344	0.03141	0.01197	0.01197	0.00848	0.00598	0.00499	0.00150	0.00548	0.00449	0.00499	0.00848
21	0.00941	0.00886	0.01495	0.81285	0.03433	0.01107	0.01384	0.01274	0.00997	0.01274	0.00886	0.01329	0.00664	0.00498	0.00498	0.00166	0.00664	0.00443	0.00221	0.00554
22	0.01908	0.01375	0.01483	0.01137	0.01535	0.01515	0.00939	0.74852	0.02309	0.06050	0.01226	0.01216	0.00862	0.00599	0.00499	0.00150	0.00544	0.00451	0.00503	0.00848
23	0.00687	0.00520	0.00641	0.00644	0.00777	0.00474	0.00505	0.00887	0.01274	0.01696	0.41067	0.04426	0.27895	0.01164	0.00608	0.00174	0.00283	0.15319	0.00504	0.00452
24	0.08174	0.01144	0.01282	0.01000	0.01371	0.01204	0.00822	0.43678	0.03245	0.26903	0.01457	0.02972	0.01018	0.00614	0.00484	0.00152	0.00481	0.00474	0.02720	0.00805
25	0.00609	0.00446	0.00573	0.00667	0.00718	0.00410	0.00452	0.00707	0.00997	0.01313	0.06268	0.69061	0.12946	0.01501	0.00628	0.00196	0.00282	0.01349	0.00466	0.00410
26	0.00962	0.00907	0.01533	0.75644	0.08909	0.01113	0.01395	0.01292	0.01007	0.01299	0.00890	0.01322	0.00673	0.00494	0.00498	0.00165	0.00659	0.00443	0.00223	0.00571
27	0.03158	0.00776	0.00945	0.00788	0.01042	0.00774	0.00629	0.13867	0.01336	0.30510	0.01617	0.01764	0.01202	0.05520	0.12715	0.00260	0.00538	0.00496	0.21406	0.00657
28	0.00638	0.00515	0.00574	0.00582	0.00735	0.00450	0.00453	0.00798	0.01185	0.01479	0.17513	0.04724	0.55877	0.01236	0.00602	0.00175	0.00278	0.11273	0.00477	0.00435
29	0.00782	0.00507	0.00624	0.00630	0.00687	0.00496	0.00419	0.00857	0.00901	0.05433	0.08172	0.15753	0.06412	0.43902	0.08595	0.00395	0.00490	0.04182	0.00377	0.00387
30	0.01023	0.02442	0.72302	0.01581	0.09691	0.01160	0.01811	0.01574	0.01060	0.01583	0.00899	0.01070	0.00647	0.00471	0.00476	0.00157	0.00723	0.00376	0.00214	0.00742
31	0.00656	0.00505	0.00756	0.00790	0.00860	0.00472	0.06023	0.00779	0.01007	0.01354	0.08707	0.70080	0.03226	0.01436	0.00629	0.00196	0.00325	0.01316	0.00454	0.00429
32	0.00808	0.00468	0.00687	0.00687	0.00715	0.00495	0.00481	0.00729	0.00702	0.00963	0.01066	0.01790	0.01058	0.08781	0.26031	0.52808	0.00713	0.00487	0.00239	0.00293
33	0.06053	0.01120	0.01288	0.01003	0.01384	0.01159	0.00825	0.36663	0.07516	0.35379	0.01559	0.01438	0.01046	0.00605	0.00491	0.00153	0.00477	0.00471	0.00540	0.00829
34	0.01248	0.01141	0.01504	0.01264	0.01348	0.01511	0.01051	0.16961	0.01090	0.01599	0.00781	0.01132	0.00707	0.00880	0.03159	0.00217	0.63085	0.00441	0.00277	0.00605
35	0.32297	0.01072	0.01078	0.00873	0.01213	0.01170	0.00716	0.29878	0.03964	0.15250	0.01198	0.01207	0.00852	0.00553	0.00420	0.00150	0.00441	0.00397	0.06561	0.00707

[dist]
# distance from previous block
# <min> <max>
0	2

[block]
# block no. 2 follows, 50 sequences, length 17
# corresponding to MSA columns:
# 88-104
name=unknown_C
#
# <colnr> <probs for GDERKNQSTAVLIFYWHMCP>
#	G	D	E	R	K	N	Q	S	T	A	V	L	I	F	Y	W	H	M	C	P
0	0.01368	0.03698	0.04499	0.04254	0.24278	0.17979	0.11707	0.04976	0.04243	0.04477	0.01055	0.04476	0.00886	0.00566	0.00597	0.00155	0.07838	0.00476	0.01795	0.00677
1	0.15382	0.09241	0.01477	0.01304	0.10723	0.23403	0.02535	0.11259	0.11828	0.01797	0.01042	0.02985	0.00853	0.00557	0.00484	0.00147	0.03587	0.00407	0.00327	0.00662
2	0.00662	0.02614	0.00672	0.00694	0.00757	0.00503	0.00490	0.00767	0.00923	0.01228	0.02495	0.47430	0.09467	0.09634	0.17266	0.00347	0.00530	0.02706	0.00401	0.00412
3	0.06345	0.01329	0.14812	0.01402	0.15917	0.02561	0.03415	0.06593	0.08049	0.07140	0.01080	0.01198	0.00826	0.00477	0.00463	0.00132	0.01698	0.00393	0.00324	0.25847
4	0.01455	0.03821	0.21895	0.01305	0.05093	0.09418	0.08887	0.13342	0.05018	0.14511	0.02629	0.01445	0.03936	0.00570	0.00509	0.00153	0.01838	0.00468	0.02983	0.00723
5	0.00716	0.00482	0.00557	0.00565	0.00571	0.00483	0.00327	0.00729	0.00745	0.00997	0.01649	0.09137	0.01901	0.73216	0.05550	0.00475	0.00503	0.00769	0.00313	0.00316
6	0.01091	0.01091	0.01527	0.01309	0.01309	0.01527	0.01091	0.01200	0.00763	0.01200	0.00654	0.01091	0.00654	0.00872	0.01636	0.00218	0.81570	0.00436	0.00218	0.00545
7	0.01241	0.08368	0.29770	0.04776	0.13202	0.06920	0.07887	0.07336	0.04756	0.04135	0.01057	0.04195	0.00845	0.00540	0.00515	0.00154	0.02861	0.00450	0.00281	0.00709
8	0.03105	0.01463	0.10073	0.14702	0.08649	0.16210	0.13385	0.04118	0.05868	0.10309	0.01265	0.01419	0.04301	0.00550	0.00526	0.00156	0.02443	0.00473	0.00317	0.00667
9	0.00690	0.00459	0.00612	0.00698	0.00750	0.00425	0.00476	0.00792	0.01010	0.04938	0.08449	0.72561	0.03307	0.01477	0.00626	0.00197	0.00291	0.01336	0.00476	0.00430
10	0.04255	0.01148	0.01760	0.42876	0.21437	0.08183	0.10423	0.01445	0.01083	0.01429	0.00896	0.01250	0.00699	0.00476	0.00497	0.00158	0.00678	0.00443	0.00238	0.00626
11	0.05289	0.08959	0.05811	0.03481	0.10345	0.21905	0.06355	0.10530	0.04557	0.09300	0.01060	0.02933	0.00840	0.00560	0.00544	0.00149	0.05950	0.00426	0.00326	0.00681
12	0.00950	0.00836	0.01088	0.00976	0.01028	0.02946	0.00765	0.04186	0.00894	0.01283	0.06921	0.01930	0.01340	0.17881	0.20540	0.00401	0.34720	0.00550	0.00284	0.00480
13	0.00697	0.00537	0.00626	0.00600	0.00744	0.00487	0.00450	0.03768	0.01307	0.01730	0.41031	0.08463	0.35474	0.01135	0.00588	0.00164	0.00257	0.00976	0.00506	0.00460
14	0.03574	0.12758	0.18723	0.01576	0.14945	0.04076	0.14745	0.01609	0.04686	0.07379	0.05550	0.01466	0.03996	0.00542	0.00508	0.00152	0.02245	0.00478	0.00301	0.00689
15	0.02865	0.07283	0.03891	0.03348	0.02865	0.04099	0.10668	0.14732	0.16322	0.13250	0.01475	0.07527	0.01203	0.04417	0.00640	0.00175	0.03572	0.00557	0.00410	0.00701
16	0.01598	0.05021	0.01494	0.01355	0.06574	0.52154	0.02485	0.03838	0.01284	0.01307	0.00986	0.01161	0.04287	0.00653	0.02148	0.00158	0.12254	0.00390	0.00265	0.00589

[dist]
# distance from previous block
# <min> <max>
7	14

[block]
# block no. 3 follows, 50 sequences, length 30
# corresponding to MSA columns:
# 119-148
name=unknown_D
#
# <colnr> <probs for GDERKNQSTAVLIFYWHMCP>
#	G	D	E	R	K	N	Q	S	T	A	V	L	I	F	Y	W	H	M	C	P
0	0.01843	0.01370	0.01467	0.01136	0.01526	0.01522	0.00935	0.71768	0.08372	0.03058	0.01263	0.01249	0.00901	0.00605	0.00499	0.00151	0.00536	0.00458	0.00499	0.00843
1	0.00721	0.00481	0.00545	0.00549	0.00550	0.00480	0.00308	0.00724	0.00733	0.00978	0.01614	0.06167	0.01867	0.79503	0.02467	0.00473	0.00476	0.00750	0.00308	0.00306
2	0.01186	0.01135	0.01936	0.15937	0.66872	0.01172	0.01506	0.01488	0.01112	0.01570	0.00929	0.01249	0.00769	0.00453	0.00494	0.00151	0.00604	0.00444	0.00243	0.00751
3	0.00617	0.00500	0.00534	0.00535	0.00674	0.00432	0.00389	0.00745	0.01127	0.01396	0.14425	0.08851	0.58340	0.08306	0.00761	0.00196	0.00272	0.01024	0.00460	0.00416
4	0.01141	0.01003	0.01028	0.00933	0.01172	0.05482	0.00719	0.02185	0.54897	0.02015	0.21227	0.02272	0.02268	0.00753	0.00524	0.00164	0.00383	0.00634	0.00504	0.00697
5	0.00705	0.00510	0.00666	0.00627	0.00745	0.00470	0.00470	0.00941	0.01411	0.01999	0.79110	0.03723	0.04703	0.01019	0.00588	0.00157	0.00235	0.00901	0.00549	0.00470
6	0.01033	0.10623	0.72148	0.01364	0.02069	0.01239	0.01742	0.01570	0.01048	0.01538	0.00874	0.01027	0.00632	0.00469	0.00458	0.00153	0.00716	0.00358	0.00211	0.00727
7	0.01240	0.01071	0.01127	0.01014	0.01296	0.01240	0.00789	0.02649	0.78473	0.02085	0.02029	0.01860	0.01522	0.00676	0.00507	0.00169	0.00394	0.00564	0.00507	0.00789
8	0.00714	0.00527	0.00767	0.00767	0.00844	0.00604	0.00580	0.00868	0.00791	0.01132	0.01367	0.02133	0.01322	0.14271	0.70079	0.00759	0.01221	0.00560	0.00272	0.00426
9	0.01862	0.02376	0.01413	0.01284	0.01541	0.80482	0.00963	0.01990	0.01413	0.01220	0.00770	0.00899	0.00642	0.00514	0.00449	0.00128	0.00899	0.00321	0.00257	0.00578
10	0.01234	0.01184	0.02023	0.03059	0.79373	0.01184	0.01530	0.01530	0.01135	0.01628	0.00938	0.01234	0.00790	0.00444	0.00493	0.00148	0.00592	0.00444	0.00247	0.00790
11	0.01079	0.01075	0.01524	0.07559	0.01475	0.01494	0.01113	0.01205	0.00782	0.01205	0.00672	0.01109	0.00655	0.00843	0.01547	0.00214	0.75247	0.00437	0.00218	0.00546
12	0.00674	0.00479	0.00541	0.00562	0.00604	0.00456	0.00347	0.00717	0.00856	0.01104	0.02545	0.17577	0.19119	0.50253	0.01771	0.00364	0.00398	0.00920	0.00366	0.00346
13	0.01653	0.01397	0.07595	0.01302	0.08298	0.01404	0.01032	0.55466	0.08055	0.02713	0.01292	0.05205	0.00999	0.00628	0.00504	0.00154	0.00542	0.00499	0.00453	0.00808
14	0.01102	0.01211	0.02502	0.01845	0.02234	0.01196	0.59532	0.01446	0.01101	0.01512	0.01161	0.10431	0.01030	0.00604	0.00721	0.00178	0.10630	0.00663	0.00272	0.00627
15	0.01322	0.01057	0.03082	0.22216	0.32127	0.01046	0.04001	0.03755	0.01173	0.14927	0.01104	0.01316	0.00826	0.00484	0.00486	0.00147	0.00569	0.00442	0.00315	0.09606
16	0.01033	0.06881	0.68961	0.01449	0.02148	0.01211	0.08369	0.01575	0.01061	0.01558	0.00893	0.01064	0.00643	0.00466	0.00475	0.00156	0.00734	0.00382	0.00214	0.00726
17	0.01208	0.01158	0.01977	0.09859	0.72773	0.01178	0.01517	0.01507	0.01123	0.01598	0.00933	0.01242	0.00779	0.00449	0.00494	0.00150	0.00598	0.00444	0.00245	0.00769
18	0.00663	0.00508	0.00607	0.00582	0.00718	0.00452	0.00436	0.00857	0.01309	0.01758	0.51770	0.04120	0.32194	0.01109	0.00588	0.00161	0.00242	0.00957	0.00517	0.00452
19	0.03193	0.08881	0.36897	0.01254	0.01813	0.01099	0.09772	0.01852	0.01182	0.27408	0.01240	0.01271	0.00843	0.00511	0.00479	0.00153	0.00620	0.00426	0.00352	0.00754
20	0.01190	0.01140	0.01944	0.14788	0.67987	0.01173	0.01508	0.01491	0.01114	0.01575	0.00930	0.01248	0.00771	0.00452	0.00494	0.00151	0.00603	0.00444	0.00243	0.00754
21	0.00589	0.00505	0.00505	0.00505	0.00673	0.00421	0.00379	0.00715	0.01136	0.01347	0.05049	0.04797	0.79171	0.01262	0.00589	0.00168	0.00252	0.01052	0.00463	0.00421
22	0.01000	0.02578	0.79900	0.01421	0.02157	0.01158	0.01842	0.01579	0.01052	0.01579	0.00895	0.01052	0.00631	0.00474	0.00474	0.00158	0.00737	0.00368	0.00210	0.00737
23	0.01464	0.01162	0.01238	0.01050	0.01370	0.01317	0.00835	0.25071	0.53540	0.04604	0.01778	0.01657	0.01312	0.00651	0.00504	0.00163	0.00441	0.00527	0.00508	0.00808
24	0.00739	0.00526	0.00720	0.00829	0.00911	0.00517	0.00672	0.00913	0.01065	0.01396	0.02612	0.28740	0.02940	0.05972	0.00776	0.00235	0.00409	0.49142	0.00451	0.00434
25	0.01285	0.44557	0.06170	0.01155	0.01549	0.10682	0.14860	0.01514	0.01116	0.01348	0.07584	0.01188	0.01014	0.00506	0.00463	0.00131	0.03599	0.00398	0.00255	0.00625
26	0.00712	0.00534	0.00801	0.00801	0.00890	0.00623	0.00623	0.00890	0.00801	0.01157	0.01335	0.01958	0.01246	0.03738	0.80507	0.00801	0.01335	0.00534	0.00267	0.00445
27	0.00604	0.00445	0.00566	0.00663	0.00715	0.00407	0.00449	0.00698	0.00984	0.01285	0.03126	0.69422	0.15787	0.01512	0.00628	0.00197	0.00283	0.01357	0.00463	0.00407
28	0.01083	0.14405	0.01294	0.00757	0.01197	0.00880	0.00634	0.01294	0.01030	0.01550	0.00854	0.00995	0.00722	0.00379	0.00361	0.00079	0.00396	0.00291	0.00282	0.71517
29	0.00785	0.00583	0.00832	0.00760	0.00907	0.00541	0.07158	0.00950	0.01116	0.05873	0.20227	0.20279	0.21754	0.08684	0.07016	0.00250	0.00423	0.00955	0.00443	0.00466

[dist]
# distance from previous block
# <min> <max>
0	1

[block]
# block no. 4 follows, 50 sequences, length 24
# corresponding to MSA columns:
# 150-173
name=unknown_E
#
# <colnr> <probs for GDERKNQSTAVLIFYWHMCP>
#	G	D	E	R	K	N	Q	S	T	A	V	L	I	F	Y	W	H	M	C	P
0	0.02764	0.01685	0.33682	0.03200	0.15012	0.03171	0.04904	0.03069	0.07569	0.05455	0.01113	0.01429	0.00897	0.09083	0.00756	0.00194	0.04591	0.00455	0.00282	0.00688
1	0.86003	0.00964	0.00733	0.00655	0.00964	0.01118	0.00540	0.01465	0.00848	0.02236	0.00694	0.00810	0.00540	0.00463	0.00308	0.00154	0.00386	0.00270	0.00308	0.00540
2	0.02749	0.07088	0.17534	0.01076	0.06065	0.03023	0.00963	0.03509	0.06710	0.11021	0.03916	0.01285	0.00980	0.00491	0.00432	0.00123	0.00489	0.00391	0.02384	0.29772
3	0.00686	0.00509	0.00640	0.00607	0.00733	0.00462	0.00455	0.00904	0.01366	0.01892	0.66947	0.03900	0.16933	0.01059	0.00588	0.00159	0.00238	0.00926	0.00535	0.00462
4	0.01600	0.42195	0.02006	0.01071	0.01411	0.41602	0.00909	0.01744	0.01215	0.01197	0.00732	0.00850	0.00641	0.00470	0.00385	0.00118	0.00718	0.00294	0.00235	0.00608
5	0.00607	0.00434	0.00578	0.00694	0.00723	0.00405	0.00463	0.00694	0.00954	0.01272	0.02747	0.82157	0.03297	0.01562	0.00636	0.00202	0.00289	0.01417	0.00463	0.00405
6	0.01144	0.01146	0.03723	0.05969	0.59830	0.01107	0.07683	0.01440	0.01131	0.01580	0.01370	0.01615	0.08968	0.00531	0.00511	0.00153	0.00584	0.00518	0.00268	0.00730
7	0.01622	0.01770	0.01435	0.01295	0.04478	0.42697	0.05500	0.08215	0.17568	0.03932	0.01183	0.03164	0.00947	0.00583	0.00503	0.00146	0.02270	0.00439	0.01595	0.00659
8	0.01034	0.00886	0.01034	0.00738	0.01181	0.00664	0.00591	0.01255	0.01034	0.01624	0.00886	0.01034	0.00738	0.00369	0.00369	0.00074	0.00369	0.00295	0.00295	0.85530
9	0.01179	0.24183	0.08963	0.01429	0.07961	0.06199	0.22038	0.02561	0.02567	0.01519	0.10947	0.04692	0.01328	0.00570	0.00501	0.00146	0.01766	0.00519	0.00291	0.00639
10	0.00969	0.00962	0.03046	0.00799	0.00971	0.16046	0.00623	0.01262	0.05923	0.01841	0.57221	0.02992	0.03616	0.00886	0.00553	0.00152	0.00387	0.00754	0.00480	0.00517
11	0.01070	0.01994	0.46136	0.09734	0.02068	0.05948	0.04210	0.01486	0.01016	0.01454	0.00843	0.01089	0.00648	0.00550	0.00701	0.00166	0.16425	0.00391	0.00221	0.03850
12	0.00803	0.00461	0.00636	0.00636	0.00648	0.00472	0.00417	0.00703	0.00692	0.00933	0.01140	0.02102	0.01202	0.26535	0.12111	0.48890	0.00563	0.00535	0.00249	0.00272
13	0.00833	0.00456	0.00617	0.00612	0.00659	0.00447	0.00426	0.00783	0.00853	0.01221	0.12177	0.02086	0.06156	0.01471	0.03464	0.52498	0.00386	0.00543	0.14003	0.00310
14	0.00712	0.00534	0.00801	0.00801	0.00890	0.00623	0.00623	0.00890	0.00801	0.01157	0.01335	0.01958	0.01246	0.03738	0.80507	0.00801	0.01335	0.00534	0.00267	0.00445
15	0.00744	0.00522	0.00572	0.00560	0.00704	0.00455	0.00403	0.00853	0.01082	0.07379	0.05707	0.10910	0.52235	0.14571	0.00906	0.00222	0.00306	0.00983	0.00450	0.00434
16	0.01000	0.02578	0.79900	0.01421	0.02157	0.01158	0.01842	0.01579	0.01052	0.01579	0.00895	0.01052	0.00631	0.00474	0.00474	0.00158	0.00737	0.00368	0.00210	0.00737
17	0.00723	0.00492	0.00586	0.00586	0.00601	0.00506	0.00355	0.00752	0.00737	0.00998	0.01532	0.03048	0.01719	0.69550	0.15342	0.00535	0.00623	0.00694	0.00296	0.00326
18	0.00858	0.00522	0.00772	0.00749	0.00767	0.00586	0.00540	0.00756	0.00692	0.00960	0.00939	0.01561	0.00921	0.02049	0.17851	0.59406	0.09094	0.00454	0.00227	0.00297
19	0.86003	0.00964	0.00733	0.00655	0.00964	0.01118	0.00540	0.01465	0.00848	0.02236	0.00694	0.00810	0.00540	0.00463	0.00308	0.00154	0.00386	0.00270	0.00308	0.00540
20	0.00643	0.00459	0.00619	0.00735	0.00779	0.00436	0.00525	0.00756	0.00989	0.01312	0.02728	0.68213	0.03219	0.01528	0.00646	0.00207	0.00320	0.15009	0.00462	0.00415
21	0.01312	0.68907	0.02440	0.01084	0.09426	0.04234	0.00910	0.01484	0.01042	0.01228	0.00874	0.00988	0.03416	0.00460	0.00351	0.00114	0.00541	0.00314	0.00227	0.00646
22	0.01095	0.00922	0.01144	0.00994	0.09358	0.00740	0.00699	0.01363	0.03637	0.03837	0.00960	0.01101	0.00784	0.00394	0.00390	0.00087	0.00395	0.00326	0.00306	0.71467
23	0.01209	0.01091	0.01111	0.01081	0.03887	0.09354	0.00829	0.04351	0.45815	0.01876	0.04542	0.02616	0.01790	0.00816	0.00543	0.00177	0.00467	0.17297	0.00463	0.00685

[dist]
# distance from previous block
# <min> <max>
0	2

[block]
# block no. 5 follows, 50 sequences, length 70
# corresponding to MSA columns:
# 176-245
name=unknown_F
#
# <colnr> <probs for GDERKNQSTAVLIFYWHMCP>
#	G	D	E	R	K	N	Q	S	T	A	V	L	I	F	Y	W	H	M	C	P
0	0.01058	0.01007	0.05925	0.00793	0.01253	0.00723	0.00679	0.03670	0.01076	0.01669	0.00896	0.01040	0.00735	0.00383	0.00380	0.00081	0.00397	0.00305	0.00296	0.77634
1	0.01242	0.07363	0.27823	0.02515	0.08083	0.03891	0.01166	0.05212	0.02512	0.09081	0.02370	0.01172	0.00830	0.00473	0.00441	0.00128	0.00559	0.00376	0.00303	0.24461
2	0.01116	0.03387	0.39060	0.03046	0.07587	0.01161	0.20683	0.01664	0.07663	0.04364	0.04633	0.01352	0.00957	0.00505	0.00510	0.00160	0.00685	0.00474	0.00279	0.00715
3	0.01041	0.00857	0.01009	0.00740	0.01155	0.00650	0.00587	0.01253	0.01040	0.03784	0.01031	0.06068	0.00910	0.00450	0.00389	0.00084	0.00366	0.00370	0.00315	0.77900
4	0.01068	0.18676	0.33565	0.01234	0.03177	0.01272	0.05982	0.03868	0.01064	0.01489	0.05456	0.04018	0.01030	0.00844	0.07270	0.00208	0.08421	0.00452	0.00257	0.00648
5	0.01301	0.68445	0.11900	0.00939	0.01387	0.01833	0.00979	0.01510	0.01016	0.02723	0.00740	0.00858	0.00651	0.00453	0.00391	0.00118	0.03595	0.00290	0.00221	0.00652
6	0.00626	0.00506	0.00556	0.00544	0.00696	0.00437	0.00408	0.00787	0.01224	0.01554	0.28637	0.04455	0.55454	0.01185	0.00589	0.00165	0.00247	0.01004	0.00490	0.00437
7	0.00626	0.00454	0.00576	0.00666	0.00714	0.00422	0.00452	0.00715	0.00963	0.01262	0.02911	0.61371	0.12471	0.09422	0.00819	0.00227	0.00312	0.04772	0.00447	0.00399
8	0.00718	0.00480	0.00546	0.00553	0.00555	0.00478	0.00312	0.00723	0.00739	0.00985	0.01643	0.08140	0.01904	0.77479	0.02419	0.00466	0.00471	0.00768	0.00312	0.00308
9	0.86003	0.00964	0.00733	0.00655	0.00964	0.01118	0.00540	0.01465	0.00848	0.02236	0.00694	0.00810	0.00540	0.00463	0.00308	0.00154	0.00386	0.00270	0.00308	0.00540
10	0.00983	0.00932	0.01596	0.63618	0.15049	0.01100	0.04048	0.01304	0.01023	0.01340	0.00963	0.04118	0.00778	0.00524	0.00506	0.00165	0.00646	0.00482	0.00235	0.00589
11	0.00787	0.00494	0.00707	0.02231	0.00795	0.00514	0.00527	0.00744	0.00818	0.01102	0.03778	0.28372	0.01891	0.01556	0.01347	0.42421	0.05403	0.05860	0.00323	0.00329
12	0.00633	0.00483	0.00583	0.00621	0.00725	0.00434	0.00450	0.00775	0.01134	0.01478	0.21350	0.32770	0.30674	0.01320	0.00611	0.00181	0.00271	0.04597	0.00483	0.00428
13	0.03812	0.00864	0.01116	0.00876	0.01230	0.00794	0.00716	0.06632	0.05881	0.62364	0.05547	0.01785	0.01389	0.02019	0.00532	0.00160	0.00416	0.00519	0.02547	0.00802
14	0.01453	0.35645	0.03550	0.01206	0.03539	0.20001	0.09256	0.07325	0.02325	0.02773	0.00853	0.01012	0.00715	0.00598	0.03031	0.00154	0.05296	0.00361	0.00263	0.00644
15	0.86003	0.00964	0.00733	0.00655	0.00964	0.01118	0.00540	0.01465	0.00848	0.02236	0.00694	0.00810	0.00540	0.00463	0.00308	0.00154	0.00386	0.00270	0.00308	0.00540
16	0.01218	0.01357	0.02565	0.08214	0.15624	0.06954	0.53345	0.01589	0.01173	0.01550	0.00970	0.01292	0.00747	0.00437	0.00555	0.00162	0.00789	0.00533	0.00249	0.00676
17	0.00941	0.00886	0.01495	0.81285	0.03433	0.01107	0.01384	0.01274	0.00997	0.01274	0.00886	0.01329	0.00664	0.00498	0.00498	0.00166	0.00664	0.00443	0.00221	0.00554
18	0.01245	0.31721	0.10330	0.01140	0.01412	0.01598	0.02558	0.01435	0.00937	0.06183	0.00784	0.01021	0.00685	0.00638	0.00928	0.00165	0.35984	0.00373	0.00241	0.00623
19	0.00659	0.00475	0.00634	0.00739	0.00800	0.00450	0.00545	0.00788	0.01026	0.01351	0.04797	0.56194	0.07597	0.01483	0.00646	0.00206	0.00329	0.20396	0.00464	0.00421
20	0.00630	0.00536	0.00546	0.00542	0.00712	0.00469	0.00407	0.00831	0.05596	0.01402	0.06531	0.06573	0.71039	0.01231	0.00586	0.00169	0.00261	0.01030	0.00467	0.00443
21	0.01455	0.01609	0.01825	0.02411	0.50265	0.29273	0.02854	0.01694	0.01234	0.01483	0.00880	0.01117	0.00737	0.00468	0.00480	0.00141	0.00706	0.00403	0.00250	0.00712
22	0.01103	0.07822	0.58863	0.01524	0.06874	0.01246	0.08002	0.05960	0.01140	0.01645	0.00910	0.01079	0.00665	0.00471	0.00475	0.00154	0.00712	0.00389	0.00233	0.00734
23	0.00612	0.00477	0.00559	0.00620	0.00720	0.00424	0.00446	0.00727	0.01053	0.01322	0.03824	0.40592	0.38987	0.01408	0.00618	0.00188	0.00283	0.06261	0.00463	0.00416
24	0.01895	0.01396	0.01496	0.01147	0.01546	0.01546	0.00947	0.77711	0.02344	0.03141	0.01197	0.01197	0.00848	0.00598	0.00499	0.00150	0.00548	0.00449	0.00499	0.00848
25	0.00607	0.00434	0.00578	0.00694	0.00723	0.00405	0.00463	0.00694	0.00954	0.01272	0.02747	0.82157	0.03297	0.01562	0.00636	0.00202	0.00289	0.01417	0.00463	0.00405
26	0.01234	0.01184	0.02023	0.03059	0.79373	0.01184	0.01530	0.01530	0.01135	0.01628	0.00938	0.01234	0.00790	0.00444	0.00493	0.00148	0.00592	0.00444	0.00247	0.00790
27	0.01294	0.06345	0.03254	0.05254	0.26529	0.06801	0.16290	0.07062	0.13542	0.01701	0.01096	0.01294	0.00868	0.00522	0.00576	0.00157	0.05924	0.00471	0.00302	0.00720
28	0.00941	0.00886	0.01495	0.81285	0.03433	0.01107	0.01384	0.01274	0.00997	0.01274	0.00886	0.01329	0.00664	0.00498	0.00498	0.00166	0.00664	0.00443	0.00221	0.00554
29	0.01234	0.01184	0.02023	0.03059	0.79373	0.01184	0.01530	0.01530	0.01135	0.01628	0.00938	0.01234	0.00790	0.00444	0.00493	0.00148	0.00592	0.00444	0.00247	0.00790
30	0.00725	0.00483	0.00544	0.00544	0.00544	0.00483	0.00302	0.00725	0.00725	0.00966	0.01571	0.03262	0.01812	0.82483	0.02537	0.00483	0.00483	0.00725	0.00302	0.00302
31	0.00589	0.00505	0.00505	0.00505	0.00673	0.00421	0.00379	0.00715	0.01136	0.01347	0.05049	0.04797	0.79171	0.01262	0.00589	0.00168	0.00252	0.01052	0.00463	0.00421
32	0.86003	0.00964	0.00733	0.00655	0.00964	0.01118	0.00540	0.01465	0.00848	0.02236	0.00694	0.00810	0.00540	0.00463	0.00308	0.00154	0.00386	0.00270	0.00308	0.00540
33	0.01862	0.02376	0.01413	0.01284	0.01541	0.80482	0.00963	0.01990	0.01413	0.01220	0.00770	0.00899	0.00642	0.00514	0.00449	0.00128	0.00899	0.00321	0.00257	0.00578
34	0.01240	0.01071	0.01127	0.01014	0.01296	0.01240	0.00789	0.02649	0.78473	0.02085	0.02029	0.01860	0.01522	0.00676	0.00507	0.00169	0.00394	0.00564	0.00507	0.00789
35	0.01895	0.01396	0.01496	0.01147	0.01546	0.01546	0.00947	0.77711	0.02344	0.03141	0.01197	0.01197	0.00848	0.00598	0.00499	0.00150	0.00548	0.00449	0.00499	0.00848
36	0.00803	0.00574	0.00803	0.00918	0.01033	0.00574	0.00803	0.01033	0.01147	0.01492	0.02639	0.05622	0.02869	0.01377	0.00688	0.00229	0.00459	0.76018	0.00459	0.00459
37	0.01343	0.73188	0.07322	0.00913	0.01349	0.06448	0.00920	0.01527	0.01038	0.01201	0.00710	0.00821	0.00639	0.00434	0.00337	0.00111	0.00567	0.00276	0.00216	0.00642
38	0.01804	0.00866	0.01114	0.00839	0.01242	0.00721	0.00686	0.02034	0.03052	0.51330	0.01600	0.01474	0.01072	0.00534	0.00456	0.00127	0.00405	0.00432	0.00505	0.29707
39	0.01150	0.01265	0.02625	0.01912	0.02367	0.01209	0.65492	0.01649	0.08842	0.01626	0.01210	0.06054	0.00979	0.00511	0.00583	0.00170	0.00764	0.00634	0.00290	0.00668
40	0.00607	0.00434	0.00578	0.00694	0.00723	0.00405	0.00463	0.00694	0.00954	0.01272	0.02747	0.82157	0.03297	0.01562	0.00636	0.00202	0.00289	0.01417	0.00463	0.00405
41	0.01895	0.01396	0.01496	0.01147	0.01546	0.01546	0.00947	0.77711	0.02344	0.03141	0.01197	0.01197	0.00848	0.00598	0.00499	0.00150	0.00548	0.00449	0.00499	0.00848
42	0.00607	0.00436	0.00576	0.00687	0.00721	0.00405	0.00460	0.00695	0.00961	0.01275	0.02834	0.79256	0.06142	0.01550	0.00634	0.00201	0.00288	0.01403	0.00463	0.00405
43	0.00606	0.00437	0.00575	0.00686	0.00721	0.00406	0.00459	0.00695	0.00962	0.01276	0.02849	0.78722	0.06666	0.01548	0.00634	0.00201	0.00288	0.01401	0.00463	0.00406
44	0.00798	0.00570	0.00797	0.00912	0.01025	0.00569	0.00794	0.01024	0.01142	0.01486	0.02642	0.07611	0.02880	0.01382	0.00687	0.00229	0.00455	0.74080	0.00459	0.00458
45	0.02149	0.00852	0.01146	0.00884	0.01257	0.00750	0.00728	0.05180	0.01460	0.73071	0.05685	0.01776	0.01388	0.00636	0.00505	0.00154	0.00420	0.00519	0.00609	0.00830
46	0.01862	0.02376	0.01413	0.01284	0.01541	0.80482	0.00963	0.01990	0.01413	0.01220	0.00770	0.00899	0.00642	0.00514	0.00449	0.00128	0.00899	0.00321	0.00257	0.00578
47	0.01176	0.01345	0.02941	0.02101	0.02605	0.01261	0.77563	0.01597	0.01176	0.01597	0.01008	0.01345	0.00756	0.00420	0.00588	0.00168	0.00840	0.00588	0.00252	0.00672
48	0.26439	0.00882	0.01034	0.00820	0.01183	0.00844	0.00677	0.02151	0.01260	0.57332	0.01599	0.01440	0.01033	0.00572	0.00446	0.00154	0.00413	0.00434	0.00528	0.00759
49	0.00675	0.00491	0.00677	0.00818	0.03000	0.00470	0.00580	0.00805	0.01009	0.01339	0.02669	0.60131	0.03116	0.01483	0.00646	0.00208	0.00341	0.20656	0.00456	0.00430
50	0.00776	0.00515	0.00650	0.00610	0.00739	0.00476	0.00460	0.01004	0.01354	0.04470	0.63774	0.03487	0.07779	0.00965	0.00557	0.00152	0.00242	0.00844	0.10667	0.00479
51	0.01144	0.05862	0.04848	0.32504	0.28231	0.04072	0.09558	0.01461	0.01089	0.02807	0.00941	0.01263	0.00739	0.00472	0.00489	0.00154	0.00647	0.00443	0.02616	0.00660
52	0.05583	0.21218	0.15174	0.01403	0.14458	0.07956	0.03541	0.10949	0.01237	0.01692	0.00872	0.01021	0.00701	0.00460	0.00422	0.00129	0.00591	0.00355	0.00274	0.11962
53	0.71062	0.01107	0.00811	0.00732	0.01020	0.10568	0.00587	0.01491	0.00911	0.02048	0.00746	0.00920	0.00607	0.02703	0.02896	0.00180	0.00479	0.00296	0.00301	0.00535
54	0.01301	0.68614	0.07266	0.00939	0.01342	0.03498	0.00938	0.01481	0.01000	0.01201	0.00703	0.00844	0.00641	0.00472	0.00454	0.00121	0.08046	0.00290	0.00214	0.00636
55	0.00608	0.00448	0.00569	0.00661	0.00716	0.00410	0.00449	0.00705	0.00998	0.01308	0.05594	0.67135	0.15583	0.01496	0.00627	0.00195	0.00282	0.01341	0.00466	0.00410
56	0.00712	0.00513	0.00675	0.00645	0.00762	0.00477	0.00491	0.00946	0.01395	0.01967	0.74382	0.03841	0.04590	0.01041	0.00594	0.00161	0.00249	0.05546	0.00543	0.00470
57	0.00693	0.00472	0.00561	0.00592	0.00603	0.00467	0.00356	0.00722	0.00789	0.01055	0.01879	0.24445	0.02193	0.58160	0.04553	0.00418	0.00459	0.00905	0.00344	0.00334
58	0.01333	0.82783	0.02612	0.00853	0.01279	0.01972	0.00853	0.01493	0.01013	0.01173	0.00693	0.00800	0.00640	0.00426	0.00320	0.00107	0.00533	0.00267	0.00213	0.00640
59	0.01034	0.00886	0.01034	0.00738	0.01181	0.00664	0.00591	0.01255	0.01034	0.01624	0.00886	0.01034	0.00738	0.00369	0.00369	0.00074	0.00369	0.00295	0.00295	0.85530
60	0.00725	0.00483	0.00544	0.00544	0.00544	0.00483	0.00302	0.00725	0.00725	0.00966	0.01571	0.03262	0.01812	0.82483	0.02537	0.00483	0.00483	0.00725	0.00302	0.00302
61	0.01078	0.00592	0.00786	0.00690	0.00873	0.00534	0.00534	0.01303	0.01415	0.20914	0.60336	0.03230	0.03859	0.00921	0.00567	0.00156	0.00281	0.00804	0.00565	0.00562
62	0.86003	0.00964	0.00733	0.00655	0.00964	0.01118	0.00540	0.01465	0.00848	0.02236	0.00694	0.00810	0.00540	0.00463	0.00308	0.00154	0.00386	0.00270	0.00308	0.00540
63	0.01430	0.01165	0.01234	0.01053	0.01369	0.01329	0.00835	0.24448	0.56364	0.02392	0.01787	0.01667	0.01326	0.00654	0.00505	0.00163	0.00439	0.00530	0.00505	0.00806
64	0.86003	0.00964	0.00733	0.00655	0.00964	0.01118	0.00540	0.01465	0.00848	0.02236	0.00694	0.00810	0.00540	0.00463	0.00308	0.00154	0.00386	0.00270	0.00308	0.00540
65	0.01895	0.01396	0.01496	0.01147	0.01546	0.01546	0.00947	0.77711	0.02344	0.03141	0.01197	0.01197	0.00848	0.00598	0.00499	0.00150	0.00548	0.00449	0.00499	0.00848
66	0.00606	0.00438	0.00574	0.00683	0.00720	0.00406	0.00458	0.00695	0.00965	0.01277	0.02880	0.77698	0.07670	0.01544	0.00633	0.00200	0.00287	0.01396	0.00463	0.00406
67	0.00607	0.00434	0.00578	0.00694	0.00723	0.00405	0.00463	0.00694	0.00954	0.01272	0.02747	0.82157	0.03297	0.01562	0.00636	0.00202	0.00289	0.01417	0.00463	0.00405
68	0.00747	0.00520	0.00672	0.00628	0.00757	0.00476	0.00473	0.00974	0.01396	0.04396	0.72425	0.03722	0.08887	0.01020	0.00585	0.00157	0.00242	0.00898	0.00546	0.00479
69	0.01987	0.01188	0.01363	0.01043	0.01439	0.01234	0.00861	0.48966	0.01982	0.29897	0.01456	0.01367	0.00979	0.00598	0.00495	0.00149	0.00499	0.00462	0.00534	0.03501

[dist]
# distance from previous block
# <min> <max>
0	1

[block]
# block no. 6 follows, 50 sequences, length 94
# corresponding to MSA columns:
# 247-340
name=unknown_G
#
# <colnr> <probs for GDERKNQSTAVLIFYWHMCP>
#	G	D	E	R	K	N	Q	S	T	A	V	L	I	F	Y	W	H	M	C	P
0	0.02184	0.00838	0.01144	0.00888	0.01264	0.00727	0.00735	0.02378	0.01416	0.76839	0.01991	0.01841	0.01294	0.00645	0.00508	0.00157	0.00425	0.03281	0.00611	0.00834
1	0.02176	0.00836	0.01133	0.00873	0.01250	0.00721	0.00720	0.02366	0.01416	0.76834	0.02080	0.01811	0.04102	0.00641	0.00504	0.00155	0.00418	0.00522	0.00611	0.00833
2	0.01188	0.01131	0.01911	0.02822	0.70488	0.01154	0.01444	0.01469	0.01096	0.01577	0.00958	0.01284	0.00820	0.00712	0.06665	0.00201	0.03630	0.00451	0.00247	0.00754
3	0.00757	0.00473	0.00560	0.00560	0.00564	0.00473	0.00327	0.00725	0.00721	0.00976	0.01444	0.02900	0.01623	0.65233	0.02361	0.15933	0.00466	0.00664	0.02946	0.00292
4	0.76366	0.00964	0.00823	0.00834	0.06960	0.01098	0.00610	0.01443	0.00881	0.02157	0.00873	0.00989	0.03453	0.00491	0.00333	0.00154	0.00397	0.00312	0.00309	0.00555
5	0.49942	0.00988	0.00961	0.00790	0.01133	0.01062	0.00652	0.11991	0.01220	0.25264	0.01138	0.01124	0.00786	0.00527	0.00391	0.00154	0.00419	0.00362	0.00425	0.00672
6	0.00714	0.00528	0.00769	0.00769	0.00847	0.00605	0.00583	0.00869	0.00791	0.01133	0.01365	0.02122	0.01317	0.13635	0.70708	0.00761	0.01228	0.00558	0.00271	0.00427
7	0.00705	0.00510	0.00666	0.00627	0.00745	0.00470	0.00470	0.00941	0.01411	0.01999	0.79110	0.03723	0.04703	0.01019	0.00588	0.00157	0.00235	0.00901	0.00549	0.00470
8	0.00643	0.00467	0.00577	0.00649	0.00723	0.00425	0.00451	0.00746	0.01013	0.02626	0.04571	0.53972	0.22432	0.04862	0.00703	0.00205	0.00295	0.03766	0.00460	0.00415
9	0.86003	0.00964	0.00733	0.00655	0.00964	0.01118	0.00540	0.01465	0.00848	0.02236	0.00694	0.00810	0.00540	0.00463	0.00308	0.00154	0.00386	0.00270	0.00308	0.00540
10	0.02027	0.00988	0.01219	0.00956	0.01330	0.00965	0.00783	0.17265	0.12590	0.53592	0.01824	0.01622	0.01199	0.00622	0.00502	0.00155	0.00444	0.00500	0.00578	0.00840
11	0.01333	0.82783	0.02612	0.00853	0.01279	0.01972	0.00853	0.01493	0.01013	0.01173	0.00693	0.00800	0.00640	0.00426	0.00320	0.00107	0.00533	0.00267	0.00213	0.00640
12	0.00589	0.00505	0.00505	0.00505	0.00673	0.00421	0.00379	0.00715	0.01136	0.01347	0.05049	0.04797	0.79171	0.01262	0.00589	0.00168	0.00252	0.01052	0.00463	0.00421
13	0.01333	0.82783	0.02612	0.00853	0.01279	0.01972	0.00853	0.01493	0.01013	0.01173	0.00693	0.00800	0.00640	0.00426	0.00320	0.00107	0.00533	0.00267	0.00213	0.00640
14	0.00718	0.00512	0.00690	0.00690	0.00740	0.00563	0.00484	0.00819	0.00768	0.01075	0.01437	0.02521	0.01491	0.37754	0.46826	0.00664	0.00967	0.00616	0.00282	0.00383
15	0.00764	0.00545	0.00758	0.00873	0.00970	0.00540	0.00734	0.00964	0.01108	0.01447	0.02661	0.21104	0.02955	0.01414	0.00678	0.00224	0.00425	0.60928	0.00460	0.00448
16	0.00812	0.00619	0.00781	0.00845	0.00990	0.00623	0.00714	0.01162	0.10466	0.01533	0.03062	0.04999	0.18416	0.01269	0.00646	0.00210	0.00409	0.51488	0.00466	0.00491
17	0.00655	0.00473	0.00620	0.00657	0.00733	0.00437	0.00465	0.00816	0.01183	0.01632	0.40456	0.41968	0.05465	0.01288	0.00611	0.00179	0.00262	0.01156	0.00505	0.00437
18	0.01091	0.01091	0.01527	0.01309	0.01309	0.01527	0.01091	0.01200	0.00763	0.01200	0.00654	0.01091	0.00654	0.00872	0.01636	0.00218	0.81570	0.00436	0.00218	0.00545
19	0.43339	0.00905	0.00949	0.00773	0.01121	0.00922	0.00638	0.01956	0.01143	0.41700	0.01342	0.01261	0.00893	0.00541	0.00407	0.00154	0.00405	0.00388	0.00466	0.00697
20	0.01054	0.01008	0.01731	0.50726	0.30572	0.01140	0.03914	0.01376	0.01052	0.01411	0.00908	0.01295	0.00712	0.00476	0.00500	0.00160	0.00644	0.00448	0.00232	0.00642
21	0.01558	0.01000	0.01090	0.00888	0.01183	0.01073	0.00716	0.35311	0.11397	0.12165	0.01530	0.01546	0.01113	0.00605	0.00454	0.00142	0.00416	0.00475	0.26617	0.00722
22	0.01063	0.01010	0.01714	0.48786	0.34982	0.01139	0.01445	0.01380	0.01054	0.01421	0.00907	0.01289	0.00716	0.00476	0.00496	0.00159	0.00634	0.00443	0.00232	0.00652
