[name]
unknown

[dist]
# distance from previous block
# <min> <max>
0	554

[block]
# block no. 0 follows, 51 sequences, length 14
# corresponding to MSA columns:
# 607-620
name=unknown_A
#
# <colnr> <probs for GDERKNQSTAVLIFYWHMCP>
#	G	D	E	R	K	N	Q	S	T	A	V	L	I	F	Y	W	H	M	C	P
0	0.00792	0.00566	0.00792	0.00905	0.01018	0.00566	0.00792	0.01018	0.01131	0.01471	0.02602	0.05543	0.02828	0.01358	0.00679	0.00226	0.00453	0.76356	0.00453	0.00453
1	0.00622	0.00491	0.00561	0.00562	0.00694	0.00429	0.00414	0.00778	0.01189	0.01536	0.29819	0.14095	0.44665	0.01201	0.00586	0.00166	0.00248	0.01032	0.00485	0.00429
2	0.01160	0.01326	0.02900	0.02071	0.02568	0.01243	0.77879	0.01574	0.01160	0.01574	0.00994	0.01326	0.00746	0.00414	0.00580	0.00166	0.00829	0.00580	0.00249	0.00663
3	0.00599	0.00494	0.00529	0.00551	0.00696	0.00424	0.00415	0.00726	0.01099	0.01329	0.04519	0.14512	0.64270	0.01290	0.00594	0.00175	0.00268	0.06640	0.00456	0.00416
4	0.00986	0.02542	0.80183	0.01401	0.02127	0.01141	0.01816	0.01556	0.01038	0.01556	0.00882	0.01038	0.00623	0.00467	0.00467	0.00156	0.00726	0.00363	0.00208	0.00726
5	0.01836	0.02342	0.01393	0.01266	0.01519	0.80756	0.00950	0.01962	0.01393	0.01203	0.00760	0.00886	0.00633	0.00506	0.00443	0.00127	0.00886	0.00317	0.00253	0.00570
6	0.01222	0.01056	0.01111	0.01000	0.01278	0.01222	0.00778	0.02611	0.78776	0.02056	0.02000	0.01833	0.01500	0.00667	0.00500	0.00167	0.00389	0.00556	0.00500	0.00778
7	0.00703	0.00522	0.00765	0.00765	0.00844	0.00601	0.00583	0.00861	0.00782	0.01122	0.01339	0.02058	0.01284	0.11539	0.73005	0.00759	0.01233	0.00545	0.00267	0.00425
8	0.00713	0.00483	0.00568	0.00568	0.00579	0.00494	0.00337	0.00735	0.00724	0.00976	0.01519	0.03055	0.01717	0.72836	0.12299	0.00516	0.00582	0.00691	0.00293	0.00315
9	0.00994	0.02482	0.76361	0.01434	0.02149	0.01146	0.05577	0.01557	0.01044	0.01557	0.00887	0.01052	0.00629	0.00464	0.00472	0.00156	0.00731	0.00374	0.00210	0.00723
10	0.00599	0.00428	0.00570	0.00684	0.00713	0.00399	0.00456	0.00684	0.00941	0.01254	0.02709	0.82409	0.03250	0.01540	0.00627	0.00200	0.00285	0.01397	0.00456	0.00399
11	0.68561	0.00926	0.00810	0.00694	0.01014	0.01023	0.00572	0.01644	0.00956	0.18543	0.00948	0.00982	0.00676	0.00488	0.00344	0.00152	0.00388	0.00314	0.00368	0.00596
12	0.01329	0.01461	0.01722	0.18903	0.31974	0.25777	0.06431	0.01584	0.01185	0.01415	0.03064	0.01210	0.00813	0.00485	0.00483	0.00145	0.00699	0.00422	0.00250	0.00648
13	0.12276	0.01250	0.01297	0.01040	0.01396	0.01402	0.00848	0.51188	0.19618	0.02747	0.01305	0.01282	0.00950	0.00591	0.00470	0.00152	0.00486	0.00446	0.00470	0.00784

[dist]
# distance from previous block
# <min> <max>
0	5

[block]
# block no. 1 follows, 51 sequences, length 18
# corresponding to MSA columns:
# 626-643
name=unknown_B
#
# <colnr> <probs for GDERKNQSTAVLIFYWHMCP>
#	G	D	E	R	K	N	Q	S	T	A	V	L	I	F	Y	W	H	M	C	P
0	0.01729	0.01357	0.01320	0.01050	0.01388	0.10511	0.00852	0.58286	0.02022	0.02698	0.01192	0.01239	0.00873	0.00578	0.00465	0.00140	0.00536	0.00430	0.12582	0.00751
1	0.01411	0.01352	0.01356	0.01365	0.11996	0.21285	0.04538	0.02103	0.33488	0.07744	0.01535	0.05361	0.01238	0.00636	0.00497	0.00155	0.00561	0.02283	0.00396	0.00699
2	0.00999	0.00946	0.01602	0.62193	0.22185	0.01111	0.01400	0.01318	0.01016	0.01342	0.00886	0.01287	0.00685	0.00478	0.00490	0.00159	0.00638	0.00437	0.00224	0.00603
3	0.08323	0.09847	0.01452	0.01178	0.01451	0.67149	0.00907	0.01876	0.01312	0.01276	0.00747	0.00870	0.00625	0.00494	0.00420	0.00127	0.00813	0.00308	0.00253	0.00573
4	0.00901	0.00461	0.00472	0.00469	0.00584	0.00458	0.00352	0.01130	0.01056	0.01842	0.07043	0.01961	0.01496	0.00603	0.00360	0.00117	0.00229	0.00488	0.79521	0.00458
5	0.00599	0.00428	0.00570	0.00684	0.00713	0.00399	0.00456	0.00684	0.00941	0.01254	0.02709	0.82409	0.03250	0.01540	0.00627	0.00200	0.00285	0.01397	0.00456	0.00399
6	0.00581	0.00498	0.00498	0.00498	0.00664	0.00415	0.00373	0.00705	0.01120	0.01328	0.04978	0.04729	0.79464	0.01245	0.00581	0.00166	0.00249	0.01037	0.00456	0.00415
7	0.00581	0.00498	0.00498	0.00498	0.00664	0.00415	0.00373	0.00705	0.01120	0.01328	0.04978	0.04729	0.79464	0.01245	0.00581	0.00166	0.00249	0.01037	0.00456	0.00415
8	0.00916	0.00458	0.00458	0.00458	0.00573	0.00458	0.00344	0.01145	0.01031	0.01832	0.01603	0.01832	0.01260	0.00573	0.00344	0.00115	0.00229	0.00458	0.85457	0.00458
9	0.01314	0.83025	0.02575	0.00841	0.01261	0.01945	0.00841	0.01472	0.00999	0.01156	0.00683	0.00788	0.00631	0.00420	0.00315	0.00105	0.00526	0.00263	0.00210	0.00631
10	0.00928	0.00873	0.01474	0.81548	0.03385	0.01092	0.01365	0.01256	0.00983	0.01256	0.00873	0.01310	0.00655	0.00491	0.00491	0.00164	0.00655	0.00437	0.00218	0.00546
11	0.86201	0.00950	0.00722	0.00646	0.00950	0.01102	0.00532	0.01445	0.00836	0.02205	0.00684	0.00798	0.00532	0.00456	0.00304	0.00152	0.00380	0.00266	0.00304	0.00532
12	0.00700	0.00496	0.00629	0.00600	0.00689	0.00467	0.00426	0.00879	0.01237	0.01739	0.61721	0.03568	0.03989	0.19567	0.01016	0.00228	0.00287	0.00849	0.00486	0.00426
13	0.00792	0.00566	0.00792	0.00905	0.01018	0.00566	0.00792	0.01018	0.01131	0.01471	0.02602	0.05543	0.02828	0.01358	0.00679	0.00226	0.00453	0.76356	0.00453	0.00453
14	0.01314	0.83025	0.02575	0.00841	0.01261	0.01945	0.00841	0.01472	0.00999	0.01156	0.00683	0.00788	0.00631	0.00420	0.00315	0.00105	0.00526	0.00263	0.00210	0.00631
15	0.02205	0.00836	0.01140	0.00874	0.01254	0.00722	0.00722	0.02395	0.01407	0.80004	0.01939	0.01673	0.01216	0.00608	0.00494	0.00152	0.00418	0.00494	0.00608	0.00836
16	0.08403	0.01343	0.01417	0.01093	0.01480	0.01491	0.00903	0.72091	0.02196	0.03028	0.01141	0.01150	0.00812	0.00580	0.00477	0.00148	0.00528	0.00429	0.00477	0.00812
17	0.02205	0.00836	0.01140	0.00874	0.01254	0.00722	0.00722	0.02395	0.01407	0.80004	0.01939	0.01673	0.01216	0.00608	0.00494	0.00152	0.00418	0.00494	0.00608	0.00836

[dist]
# distance from previous block
# <min> <max>
0	9

[block]
# block no. 2 follows, 51 sequences, length 46
# corresponding to MSA columns:
# 653-698
name=unknown_C
#
# <colnr> <probs for GDERKNQSTAVLIFYWHMCP>
#	G	D	E	R	K	N	Q	S	T	A	V	L	I	F	Y	W	H	M	C	P
0	0.00717	0.02377	0.00807	0.00768	0.00856	0.00632	0.00591	0.00876	0.00788	0.01124	0.01323	0.02019	0.01265	0.10616	0.72036	0.00747	0.01224	0.00537	0.00265	0.00431
1	0.00591	0.00498	0.00512	0.00509	0.00670	0.00419	0.00381	0.00725	0.01144	0.01385	0.11573	0.04636	0.72834	0.01223	0.00581	0.00165	0.00247	0.01024	0.00464	0.00419
2	0.01703	0.03955	0.09140	0.03203	0.01606	0.01449	0.01012	0.62800	0.02054	0.02773	0.01114	0.01150	0.00799	0.00560	0.00478	0.00144	0.00553	0.00422	0.00439	0.04645
3	0.01238	0.01130	0.01859	0.07004	0.65506	0.01136	0.01400	0.03425	0.03176	0.04037	0.00985	0.01241	0.00803	0.00452	0.00482	0.00144	0.00566	0.00436	0.00268	0.04711
4	0.01172	0.42427	0.33820	0.01283	0.09402	0.01543	0.01300	0.01509	0.01026	0.01362	0.00787	0.00931	0.00642	0.00441	0.00393	0.00130	0.00612	0.00321	0.00212	0.00684
5	0.01211	0.05493	0.05556	0.02830	0.72079	0.01207	0.01487	0.01508	0.01109	0.01580	0.00910	0.01186	0.00764	0.00438	0.00477	0.00144	0.00587	0.00425	0.00240	0.00768
6	0.00854	0.00427	0.00640	0.00640	0.00640	0.00427	0.00427	0.00640	0.00640	0.00854	0.00854	0.01494	0.00854	0.01707	0.01921	0.85702	0.00427	0.00427	0.00213	0.00213
7	0.01075	0.23181	0.57967	0.01277	0.01918	0.01351	0.03810	0.01535	0.01031	0.01454	0.00834	0.00982	0.00628	0.00453	0.00431	0.00143	0.00678	0.00344	0.00209	0.00700
8	0.01096	0.01105	0.03711	0.33867	0.40285	0.04695	0.01385	0.01392	0.01067	0.01431	0.00978	0.05002	0.00834	0.00514	0.00492	0.00155	0.00615	0.00475	0.00243	0.00658
9	0.00782	0.00558	0.00780	0.00894	0.01002	0.00557	0.00774	0.01001	0.01121	0.01459	0.02608	0.09547	0.02850	0.01367	0.00676	0.00225	0.00444	0.72452	0.00453	0.00450
10	0.00832	0.00638	0.00925	0.01147	0.11039	0.00639	0.00837	0.01082	0.03394	0.01475	0.02384	0.15473	0.02585	0.01245	0.00642	0.00211	0.00444	0.54084	0.00428	0.00496
11	0.01637	0.00953	0.01330	0.21827	0.08752	0.00994	0.00984	0.09193	0.10885	0.35992	0.01511	0.01513	0.01033	0.00569	0.00493	0.00156	0.00502	0.00477	0.00452	0.00749
12	0.20666	0.03771	0.07486	0.01031	0.01424	0.01267	0.04343	0.32375	0.08444	0.12723	0.01195	0.01201	0.00850	0.00546	0.00447	0.00151	0.00502	0.00414	0.00424	0.00740
13	0.01836	0.02342	0.01393	0.01266	0.01519	0.80756	0.00950	0.01962	0.01393	0.01203	0.00760	0.00886	0.00633	0.00506	0.00443	0.00127	0.00886	0.00317	0.00253	0.00570
14	0.14532	0.01699	0.01471	0.01590	0.20127	0.38219	0.02995	0.08317	0.03752	0.01651	0.00869	0.01018	0.00700	0.00492	0.00442	0.00139	0.00690	0.00363	0.00287	0.00646
15	0.00854	0.00427	0.00640	0.00640	0.00640	0.00427	0.00427	0.00640	0.00640	0.00854	0.00854	0.01494	0.00854	0.01707	0.01921	0.85702	0.00427	0.00427	0.00213	0.00213
16	0.01836	0.02342	0.01393	0.01266	0.01519	0.80756	0.00950	0.01962	0.01393	0.01203	0.00760	0.00886	0.00633	0.00506	0.00443	0.00127	0.00886	0.00317	0.00253	0.00570
17	0.01136	0.01147	0.11194	0.00872	0.01332	0.00837	0.00789	0.09190	0.05211	0.03351	0.00986	0.01093	0.00775	0.00421	0.00400	0.00097	0.00431	0.00334	0.00318	0.60087
18	0.00649	0.00501	0.00593	0.00570	0.00706	0.00444	0.00427	0.00838	0.01282	0.01711	0.49375	0.04098	0.34828	0.01101	0.00580	0.00159	0.00239	0.00949	0.00507	0.00444
19	0.01001	0.06277	0.76582	0.01375	0.02087	0.01179	0.01770	0.01552	0.01036	0.01538	0.00873	0.01026	0.00623	0.00465	0.00460	0.00153	0.00717	0.00358	0.00208	0.00722
20	0.00701	0.00501	0.00686	0.00793	0.00868	0.00486	0.00626	0.00864	0.01058	0.01397	0.06214	0.39966	0.03102	0.01423	0.00651	0.00211	0.00367	0.39201	0.00458	0.00429
21	0.00928	0.00873	0.01474	0.81548	0.03385	0.01092	0.01365	0.01256	0.00983	0.01256	0.00873	0.01310	0.00655	0.00491	0.00491	0.00164	0.00655	0.00437	0.00218	0.00546
22	0.01314	0.83025	0.02575	0.00841	0.01261	0.01945	0.00841	0.01472	0.00999	0.01156	0.00683	0.00788	0.00631	0.00420	0.00315	0.00105	0.00526	0.00263	0.00210	0.00631
23	0.01836	0.02342	0.01393	0.01266	0.01519	0.80756	0.00950	0.01962	0.01393	0.01203	0.00760	0.00886	0.00633	0.00506	0.00443	0.00127	0.00886	0.00317	0.00253	0.00570
24	0.00928	0.00873	0.01474	0.81548	0.03385	0.01092	0.01365	0.01256	0.00983	0.01256	0.00873	0.01310	0.00655	0.00491	0.00491	0.00164	0.00655	0.00437	0.00218	0.00546
25	0.00702	0.00527	0.00790	0.00790	0.00878	0.00614	0.00614	0.00878	0.00790	0.01141	0.01316	0.01931	0.01229	0.03686	0.80782	0.00790	0.01316	0.00527	0.00263	0.00439
26	0.01779	0.02248	0.01401	0.01268	0.01502	0.74869	0.00959	0.01904	0.01345	0.01201	0.00751	0.00900	0.00634	0.00533	0.00530	0.00133	0.06899	0.00325	0.00250	0.00567
27	0.01152	0.01303	0.02776	0.02002	0.02455	0.01266	0.71074	0.01539	0.01124	0.01539	0.00963	0.01303	0.00737	0.00454	0.00671	0.00170	0.08006	0.00567	0.00246	0.00652
28	0.00586	0.00498	0.00505	0.00503	0.00667	0.00417	0.00377	0.00715	0.01132	0.01357	0.08339	0.04682	0.76085	0.01234	0.00581	0.00165	0.00248	0.01030	0.00460	0.00417
29	0.00615	0.00461	0.00571	0.00623	0.00705	0.00417	0.00437	0.00742	0.01083	0.01426	0.19729	0.45958	0.22742	0.01351	0.00605	0.00181	0.00265	0.01197	0.00474	0.00417
30	0.01075	0.01075	0.01505	0.01290	0.01290	0.01505	0.01075	0.01183	0.00753	0.01183	0.00645	0.01075	0.00645	0.00860	0.01613	0.00215	0.81830	0.00430	0.00215	0.00538
31	0.00695	0.00496	0.00681	0.00794	0.00865	0.00482	0.00623	0.00850	0.01036	0.01362	0.02655	0.44144	0.03040	0.01449	0.00653	0.00213	0.00368	0.38713	0.00454	0.00426
32	0.00696	0.00502	0.00657	0.00618	0.00734	0.00464	0.00464	0.00927	0.01391	0.01971	0.79405	0.03671	0.04637	0.01005	0.00580	0.00155	0.00232	0.00889	0.00541	0.00464
33	0.01868	0.01376	0.01475	0.01131	0.01524	0.01524	0.00934	0.78025	0.02311	0.03097	0.01180	0.01180	0.00836	0.00590	0.00492	0.00147	0.00541	0.00442	0.00492	0.00836
34	0.02205	0.00836	0.01140	0.00874	0.01254	0.00722	0.00722	0.02395	0.01407	0.80004	0.01939	0.01673	0.01216	0.00608	0.00494	0.00152	0.00418	0.00494	0.00608	0.00836
35	0.02205	0.00836	0.01140	0.00874	0.01254	0.00722	0.00722	0.02395	0.01407	0.80004	0.01939	0.01673	0.01216	0.00608	0.00494	0.00152	0.00418	0.00494	0.00608	0.00836
36	0.01836	0.02342	0.01393	0.01266	0.01519	0.80756	0.00950	0.01962	0.01393	0.01203	0.00760	0.00886	0.00633	0.00506	0.00443	0.00127	0.00886	0.00317	0.00253	0.00570
37	0.86201	0.00950	0.00722	0.00646	0.00950	0.01102	0.00532	0.01445	0.00836	0.02205	0.00684	0.00798	0.00532	0.00456	0.00304	0.00152	0.00380	0.00266	0.00304	0.00532
38	0.02205	0.00836	0.01140	0.00874	0.01254	0.00722	0.00722	0.02395	0.01407	0.80004	0.01939	0.01673	0.01216	0.00608	0.00494	0.00152	0.00418	0.00494	0.00608	0.00836
39	0.00986	0.02542	0.80183	0.01401	0.02127	0.01141	0.01816	0.01556	0.01038	0.01556	0.00882	0.01038	0.00623	0.00467	0.00467	0.00156	0.00726	0.00363	0.00208	0.00726
40	0.01267	0.38608	0.27103	0.01196	0.01721	0.01482	0.12091	0.01595	0.01070	0.08329	0.00902	0.01022	0.00696	0.00451	0.00417	0.00134	0.00623	0.00360	0.00250	0.00684
41	0.00715	0.00476	0.00536	0.00536	0.00536	0.00476	0.00298	0.00715	0.00715	0.00953	0.01548	0.03216	0.01787	0.82729	0.02501	0.00476	0.00476	0.00715	0.00298	0.00298
42	0.00702	0.00527	0.00790	0.00790	0.00878	0.00614	0.00614	0.00878	0.00790	0.01141	0.01316	0.01931	0.01229	0.03686	0.80782	0.00790	0.01316	0.00527	0.00263	0.00439
43	0.01852	0.01286	0.01377	0.01079	0.01452	0.04143	0.00883	0.54633	0.10513	0.15578	0.01380	0.01322	0.00964	0.00598	0.00491	0.00150	0.00516	0.00459	0.00503	0.00820
44	0.01195	0.01027	0.01088	0.00980	0.01250	0.01183	0.00761	0.02524	0.74745	0.02051	0.06032	0.01929	0.01663	0.00684	0.00504	0.00166	0.00381	0.00573	0.00502	0.00761
45	0.00986	0.02542	0.80183	0.01401	0.02127	0.01141	0.01816	0.01556	0.01038	0.01556	0.00882	0.01038	0.00623	0.00467	0.00467	0.00156	0.00726	0.00363	0.00208	0.00726

[dist]
# distance from previous block
# <min> <max>
0	7

[block]
# block no. 3 follows, 51 sequences, length 74
# corresponding to MSA columns:
# 706-779
name=unknown_D
#
# <colnr> <probs for GDERKNQSTAVLIFYWHMCP>
#	G	D	E	R	K	N	Q	S	T	A	V	L	I	F	Y	W	H	M	C	P
0	0.05521	0.41580	0.38380	0.01090	0.01646	0.01530	0.01276	0.01509	0.01008	0.01395	0.00775	0.00904	0.00622	0.00444	0.00385	0.00131	0.00611	0.00309	0.00214	0.00670
1	0.01075	0.01075	0.01505	0.01290	0.01290	0.01505	0.01075	0.01183	0.00753	0.01183	0.00645	0.01075	0.00645	0.00860	0.01613	0.00215	0.81830	0.00430	0.00215	0.00538
2	0.02023	0.01021	0.01244	0.00958	0.01333	0.01005	0.00790	0.29971	0.01736	0.48840	0.04703	0.01571	0.01212	0.00617	0.00497	0.00150	0.00456	0.00491	0.00563	0.00821
3	0.00916	0.00458	0.00458	0.00458	0.00573	0.00458	0.00344	0.01145	0.01031	0.01832	0.01603	0.01832	0.01260	0.00573	0.00344	0.00115	0.00229	0.00458	0.85457	0.00458
4	0.00928	0.00873	0.01474	0.81548	0.03385	0.01092	0.01365	0.01256	0.00983	0.01256	0.00873	0.01310	0.00655	0.00491	0.00491	0.00164	0.00655	0.00437	0.00218	0.00546
5	0.01868	0.01376	0.01475	0.01131	0.01524	0.01524	0.00934	0.78025	0.02311	0.03097	0.01180	0.01180	0.00836	0.00590	0.00492	0.00147	0.00541	0.00442	0.00492	0.00836
6	0.00986	0.02542	0.80183	0.01401	0.02127	0.01141	0.01816	0.01556	0.01038	0.01556	0.00882	0.01038	0.00623	0.00467	0.00467	0.00156	0.00726	0.00363	0.00208	0.00726
7	0.81308	0.00922	0.00707	0.00635	0.00929	0.01065	0.00521	0.01427	0.00847	0.02183	0.00737	0.00858	0.00574	0.00463	0.00306	0.00150	0.00371	0.00277	0.05189	0.00528
8	0.00696	0.00502	0.00657	0.00618	0.00734	0.00464	0.00464	0.00927	0.01391	0.01971	0.79405	0.03671	0.04637	0.01005	0.00580	0.00155	0.00232	0.00889	0.00541	0.00464
9	0.02828	0.49699	0.12396	0.00959	0.01387	0.01652	0.00955	0.05650	0.17239	0.01515	0.01009	0.01059	0.00819	0.00487	0.00383	0.00128	0.00522	0.00346	0.00286	0.00683
10	0.00648	0.00479	0.00643	0.00730	0.00775	0.00474	0.00522	0.00760	0.00983	0.01318	0.07045	0.63844	0.04701	0.01451	0.00676	0.00200	0.04131	0.09756	0.00449	0.00416
11	0.02205	0.00836	0.01140	0.00874	0.01254	0.00722	0.00722	0.02395	0.01407	0.80004	0.01939	0.01673	0.01216	0.00608	0.00494	0.00152	0.00418	0.00494	0.00608	0.00836
12	0.00928	0.00873	0.01474	0.81548	0.03385	0.01092	0.01365	0.01256	0.00983	0.01256	0.00873	0.01310	0.00655	0.00491	0.00491	0.00164	0.00655	0.00437	0.00218	0.00546
13	0.01048	0.17874	0.65399	0.01294	0.01962	0.01294	0.01630	0.01540	0.01030	0.01480	0.00844	0.00990	0.00624	0.00458	0.00438	0.00146	0.00688	0.00344	0.00208	0.00708
14	0.00599	0.00428	0.00570	0.00684	0.00713	0.00399	0.00456	0.00684	0.00941	0.01254	0.02709	0.82409	0.03250	0.01540	0.00627	0.00200	0.00285	0.01397	0.00456	0.00399
15	0.01314	0.83025	0.02575	0.00841	0.01261	0.01945	0.00841	0.01472	0.00999	0.01156	0.00683	0.00788	0.00631	0.00420	0.00315	0.00105	0.00526	0.00263	0.00210	0.00631
16	0.00702	0.00527	0.00790	0.00790	0.00878	0.00614	0.00614	0.00878	0.00790	0.01141	0.01316	0.01931	0.01229	0.03686	0.80782	0.00790	0.01316	0.00527	0.00263	0.00439
17	0.01216	0.01168	0.01995	0.03016	0.79664	0.01168	0.01508	0.01508	0.01119	0.01605	0.00924	0.01216	0.00778	0.00438	0.00487	0.00146	0.00584	0.00438	0.00243	0.00778
18	0.01991	0.01179	0.01353	0.01037	0.01426	0.01231	0.00857	0.50391	0.01980	0.31197	0.01457	0.01360	0.00975	0.00597	0.00493	0.00149	0.00496	0.00461	0.00534	0.00836
19	0.02205	0.00836	0.01140	0.00874	0.01254	0.00722	0.00722	0.02395	0.01407	0.80004	0.01939	0.01673	0.01216	0.00608	0.00494	0.00152	0.00418	0.00494	0.00608	0.00836
20	0.02135	0.00949	0.01210	0.00928	0.01311	0.00889	0.00766	0.18120	0.01595	0.64014	0.01781	0.01570	0.01137	0.00604	0.00494	0.00151	0.00444	0.00483	0.00584	0.00836
21	0.02205	0.00836	0.01140	0.00874	0.01254	0.00722	0.00722	0.02395	0.01407	0.80004	0.01939	0.01673	0.01216	0.00608	0.00494	0.00152	0.00418	0.00494	0.00608	0.00836
22	0.00854	0.00427	0.00640	0.00640	0.00640	0.00427	0.00427	0.00640	0.00640	0.00854	0.00854	0.01494	0.00854	0.01707	0.01921	0.85702	0.00427	0.00427	0.00213	0.00213
23	0.00648	0.00500	0.00590	0.00568	0.00705	0.00443	0.00426	0.00834	0.01278	0.01701	0.48249	0.04114	0.35960	0.01105	0.00580	0.00159	0.00239	0.00951	0.00506	0.00443
24	0.86201	0.00950	0.00722	0.00646	0.00950	0.01102	0.00532	0.01445	0.00836	0.02205	0.00684	0.00798	0.00532	0.00456	0.00304	0.00152	0.00380	0.00266	0.00304	0.00532
25	0.01075	0.01075	0.01505	0.01290	0.01290	0.01505	0.01075	0.01183	0.00753	0.01183	0.00645	0.01075	0.00645	0.00860	0.01613	0.00215	0.81830	0.00430	0.00215	0.00538
26	0.01019	0.00873	0.01019	0.00728	0.01165	0.00655	0.00582	0.01237	0.01019	0.01601	0.00873	0.01019	0.00728	0.00364	0.00364	0.00073	0.00364	0.00291	0.00291	0.85734
27	0.00702	0.00527	0.00790	0.00790	0.00878	0.00614	0.00614	0.00878	0.00790	0.01141	0.01316	0.01931	0.01229	0.03686	0.80782	0.00790	0.01316	0.00527	0.00263	0.00439
28	0.00715	0.00476	0.00536	0.00536	0.00536	0.00476	0.00298	0.00715	0.00715	0.00953	0.01548	0.03216	0.01787	0.82729	0.02501	0.00476	0.00476	0.00715	0.00298	0.00298
29	0.01314	0.83025	0.02575	0.00841	0.01261	0.01945	0.00841	0.01472	0.00999	0.01156	0.00683	0.00788	0.00631	0.00420	0.00315	0.00105	0.00526	0.00263	0.00210	0.00631
30	0.00696	0.00502	0.00657	0.00618	0.00734	0.00464	0.00464	0.00927	0.01391	0.01971	0.79405	0.03671	0.04637	0.01005	0.00580	0.00155	0.00232	0.00889	0.00541	0.00464
31	0.00581	0.00498	0.00498	0.00498	0.00664	0.00415	0.00373	0.00705	0.01120	0.01328	0.04978	0.04729	0.79464	0.01245	0.00581	0.00166	0.00249	0.01037	0.00456	0.00415
32	0.01314	0.83025	0.02575	0.00841	0.01261	0.01945	0.00841	0.01472	0.00999	0.01156	0.00683	0.00788	0.00631	0.00420	0.00315	0.00105	0.00526	0.00263	0.00210	0.00631
33	0.01836	0.02342	0.01393	0.01266	0.01519	0.80756	0.00950	0.01962	0.01393	0.01203	0.00760	0.00886	0.00633	0.00506	0.00443	0.00127	0.00886	0.00317	0.00253	0.00570
34	0.01868	0.01376	0.01475	0.01131	0.01524	0.01524	0.00934	0.78025	0.02311	0.03097	0.01180	0.01180	0.00836	0.00590	0.00492	0.00147	0.00541	0.00442	0.00492	0.00836
35	0.01252	0.01070	0.01128	0.01006	0.01289	0.01236	0.00785	0.06094	0.75245	0.02104	0.01962	0.01803	0.01469	0.00663	0.00500	0.00166	0.00396	0.00550	0.00500	0.00781
36	0.01569	0.38389	0.05015	0.01081	0.01428	0.42427	0.00935	0.01727	0.01203	0.01196	0.00730	0.00848	0.00632	0.00466	0.00387	0.00118	0.00719	0.00294	0.00232	0.00603
37	0.00715	0.00476	0.00536	0.00536	0.00536	0.00476	0.00298	0.00715	0.00715	0.00953	0.01548	0.03216	0.01787	0.82729	0.02501	0.00476	0.00476	0.00715	0.00298	0.00298
38	0.00995	0.04720	0.78083	0.01386	0.02104	0.01163	0.01789	0.01554	0.01036	0.01545	0.00877	0.01031	0.00623	0.00466	0.00463	0.00154	0.00721	0.00360	0.00208	0.00724
39	0.01639	0.01337	0.01221	0.01048	0.01355	0.19208	0.00822	0.10706	0.36523	0.18379	0.01615	0.01513	0.01171	0.00610	0.00485	0.00152	0.00525	0.00476	0.00466	0.00749
40	0.01216	0.01168	0.01995	0.03016	0.79664	0.01168	0.01508	0.01508	0.01119	0.01605	0.00924	0.01216	0.00778	0.00438	0.00487	0.00146	0.00584	0.00438	0.00243	0.00778
41	0.00736	0.00535	0.00714	0.00759	0.00878	0.00513	0.00629	0.00955	0.01229	0.01647	0.31951	0.04759	0.10459	0.01213	0.00632	0.00194	0.00350	0.40903	0.00486	0.00453
42	0.01804	0.02282	0.01424	0.01356	0.05532	0.76670	0.00978	0.01939	0.01379	0.01223	0.00768	0.00903	0.00640	0.00503	0.00445	0.00128	0.00871	0.00323	0.00253	0.00580
43	0.00928	0.00873	0.01474	0.81548	0.03385	0.01092	0.01365	0.01256	0.00983	0.01256	0.00873	0.01310	0.00655	0.00491	0.00491	0.00164	0.00655	0.00437	0.00218	0.00546
44	0.00767	0.00548	0.00763	0.00877	0.00979	0.00544	0.00749	0.00975	0.01107	0.01443	0.02616	0.15430	0.02883	0.01381	0.00672	0.00223	0.00431	0.66715	0.00453	0.00446
45	0.00582	0.00495	0.00501	0.00505	0.00666	0.00414	0.00377	0.00704	0.01113	0.01325	0.04889	0.07780	0.76472	0.01256	0.00583	0.00167	0.00250	0.01051	0.00456	0.00414
46	0.01031	0.02482	0.76141	0.01387	0.02096	0.01161	0.01770	0.05483	0.01103	0.01635	0.00897	0.01045	0.00633	0.00473	0.00468	0.00155	0.00717	0.00367	0.00222	0.00732
47	0.01495	0.00951	0.01024	0.00829	0.01105	0.01016	0.00671	0.40049	0.01705	0.08459	0.01415	0.01491	0.01042	0.00584	0.00430	0.00134	0.00401	0.00453	0.36068	0.00678
48	0.00696	0.00502	0.00657	0.00618	0.00734	0.00464	0.00464	0.00927	0.01391	0.01971	0.79405	0.03671	0.04637	0.01005	0.00580	0.00155	0.00232	0.00889	0.00541	0.00464
49	0.00916	0.00458	0.00458	0.00458	0.00573	0.00458	0.00344	0.01145	0.01031	0.01832	0.01603	0.01832	0.01260	0.00573	0.00344	0.00115	0.00229	0.00458	0.85457	0.00458
50	0.01145	0.01295	0.02814	0.02024	0.02505	0.01215	0.74733	0.01551	0.01159	0.01570	0.01060	0.01498	0.00831	0.00453	0.00584	0.00168	0.00813	0.03672	0.00257	0.00654
51	0.01216	0.01168	0.01995	0.03016	0.79664	0.01168	0.01508	0.01508	0.01119	0.01605	0.00924	0.01216	0.00778	0.00438	0.00487	0.00146	0.00584	0.00438	0.00243	0.00778
52	0.00629	0.00451	0.00598	0.00663	0.00720	0.00420	0.00459	0.00761	0.01083	0.01481	0.27007	0.57464	0.03690	0.01370	0.00612	0.00185	0.00268	0.01236	0.00483	0.00420
53	0.73953	0.00991	0.00819	0.00707	0.01023	0.01132	0.00582	0.09608	0.01015	0.05355	0.00786	0.00873	0.00591	0.00476	0.00331	0.00152	0.00399	0.00294	0.00336	0.00576
54	0.00581	0.00498	0.00498	0.00498	0.00664	0.00415	0.00373	0.00705	0.01120	0.01328	0.04978	0.04729	0.79464	0.01245	0.00581	0.00166	0.00249	0.01037	0.00456	0.00415
55	0.01335	0.79733	0.02527	0.00858	0.01272	0.05161	0.00845	0.01492	0.01015	0.01158	0.00686	0.00792	0.00631	0.00424	0.00321	0.00106	0.00540	0.00265	0.00212	0.00628
56	0.00763	0.00654	0.00673	0.00641	0.00837	0.00642	0.00489	0.01244	0.22903	0.01545	0.05662	0.03896	0.56074	0.01078	0.00558	0.00166	0.00288	0.00899	0.00470	0.00518
57	0.84137	0.00949	0.00740	0.02604	0.01009	0.01102	0.00552	0.01440	0.00840	0.02182	0.00689	0.00811	0.00535	0.00457	0.00309	0.00152	0.00387	0.00270	0.00302	0.00533
58	0.01314	0.83025	0.02575	0.00841	0.01261	0.01945	0.00841	0.01472	0.00999	0.01156	0.00683	0.00788	0.00631	0.00420	0.00315	0.00105	0.00526	0.00263	0.00210	0.00631
59	0.00928	0.00873	0.01474	0.81548	0.03385	0.01092	0.01365	0.01256	0.00983	0.01256	0.00873	0.01310	0.00655	0.00491	0.00491	0.00164	0.00655	0.00437	0.00218	0.00546
60	0.00599	0.00428	0.00570	0.00684	0.00713	0.00399	0.00456	0.00684	0.00941	0.01254	0.02709	0.82409	0.03250	0.01540	0.00627	0.00200	0.00285	0.01397	0.00456	0.00399
61	0.01122	0.01025	0.01753	0.01369	0.01679	0.01019	0.32894	0.17215	0.04493	0.01804	0.01646	0.28378	0.01631	0.00837	0.00574	0.00173	0.00569	0.00823	0.00379	0.00615
62	0.01554	0.00818	0.01065	0.12549	0.01455	0.00802	0.00758	0.04856	0.10346	0.40101	0.02393	0.02255	0.17422	0.00730	0.00512	0.00158	0.00419	0.00604	0.00503	0.00700
63	0.01249	0.01069	0.01126	0.01005	0.01288	0.01235	0.00784	0.05689	0.75656	0.02098	0.01967	0.01807	0.01473	0.00664	0.00500	0.00166	0.00395	0.00551	0.00500	0.00780
64	0.01868	0.01376	0.01475	0.01131	0.01524	0.01524	0.00934	0.78025	0.02311	0.03097	0.01180	0.01180	0.00836	0.00590	0.00492	0.00147	0.00541	0.00442	0.00492	0.00836
65	0.00962	0.00908	0.01535	0.72387	0.12283	0.01101	0.01382	0.01285	0.00999	0.01296	0.00879	0.01299	0.00669	0.00485	0.00491	0.00162	0.00647	0.00437	0.00221	0.00573
66	0.01216	0.01168	0.01995	0.03016	0.79664	0.01168	0.01508	0.01508	0.01119	0.01605	0.00924	0.01216	0.00778	0.00438	0.00487	0.00146	0.00584	0.00438	0.00243	0.00778
67	0.00627	0.00449	0.00595	0.00665	0.00719	0.00418	0.00458	0.00755	0.01072	0.01463	0.25070	0.59452	0.03655	0.01384	0.00613	0.00186	0.00270	0.01249	0.00481	0.00418
68	0.01216	0.01168	0.01995	0.03016	0.79664	0.01168	0.01508	0.01508	0.01119	0.01605	0.00924	0.01216	0.00778	0.00438	0.00487	0.00146	0.00584	0.00438	0.00243	0.00778
69	0.00710	0.00495	0.00631	0.00631	0.00664	0.00528	0.00416	0.00776	0.00743	0.01023	0.01462	0.02735	0.01578	0.53158	0.31787	0.00594	0.00791	0.00644	0.00285	0.00351
70	0.00623	0.00461	0.00618	0.00715	0.00742	0.00456	0.00488	0.00710	0.00931	0.01251	0.02603	0.78232	0.03116	0.01505	0.00678	0.00200	0.04472	0.01347	0.00444	0.00406
71	0.00691	0.00502	0.00651	0.00614	0.00731	0.00462	0.00460	0.00919	0.01381	0.01946	0.76575	0.03711	0.07482	0.01014	0.00580	0.00155	0.00232	0.00894	0.00538	0.00462
72	0.01939	0.01056	0.01288	0.01065	0.04743	0.01061	0.00831	0.33928	0.01749	0.40363	0.01617	0.05592	0.01143	0.00641	0.00500	0.00152	0.00470	0.00516	0.00536	0.00811
73	0.35914	0.02896	0.04220	0.00803	0.01070	0.02416	0.00665	0.11456	0.08299	0.03323	0.05539	0.13317	0.01421	0.03457	0.00508	0.00172	0.00413	0.03151	0.00385	0.00577

[dist]
# distance from previous block
# <min> <max>
8	9

[block]
# block no. 4 follows, 51 sequences, length 47
# corresponding to MSA columns:
# 790-836
name=unknown_E
#
# <colnr> <probs for GDERKNQSTAVLIFYWHMCP>
#	G	D	E	R	K	N	Q	S	T	A	V	L	I	F	Y	W	H	M	C	P
0	0.01517	0.05074	0.01175	0.00816	0.01228	0.00810	0.00671	0.07464	0.01252	0.29348	0.01263	0.01250	0.00903	0.00470	0.00417	0.00108	0.00405	0.00373	0.00414	0.45041
1	0.00715	0.00476	0.00536	0.00536	0.00536	0.00476	0.00298	0.00715	0.00715	0.00953	0.01548	0.03216	0.01787	0.82729	0.02501	0.00476	0.00476	0.00715	0.00298	0.00298
2	0.01183	0.01311	0.02837	0.02074	0.04789	0.01230	0.74045	0.01589	0.01164	0.03209	0.01012	0.01330	0.00756	0.00419	0.00575	0.00165	0.00813	0.00574	0.00256	0.00670
3	0.01314	0.83025	0.02575	0.00841	0.01261	0.01945	0.00841	0.01472	0.00999	0.01156	0.00683	0.00788	0.00631	0.00420	0.00315	0.00105	0.00526	0.00263	0.00210	0.00631
4	0.00715	0.00476	0.00536	0.00536	0.00536	0.00476	0.00298	0.00715	0.00715	0.00953	0.01548	0.03216	0.01787	0.82729	0.02501	0.00476	0.00476	0.00715	0.00298	0.00298
5	0.01297	0.54077	0.21095	0.01026	0.01500	0.11126	0.01088	0.01550	0.01055	0.01258	0.00740	0.00860	0.00629	0.00442	0.00367	0.00120	0.00617	0.00293	0.00215	0.00646
6	0.00696	0.00502	0.00657	0.00618	0.00734	0.00464	0.00464	0.00927	0.01391	0.01971	0.79405	0.03671	0.04637	0.01005	0.00580	0.00155	0.00232	0.00889	0.00541	0.00464
7	0.00785	0.01016	0.19901	0.00822	0.01091	0.00656	0.00802	0.01142	0.04170	0.01874	0.57555	0.02966	0.03550	0.00862	0.00549	0.00155	0.00357	0.00749	0.00459	0.00539
8	0.01075	0.01075	0.01505	0.01290	0.01290	0.01505	0.01075	0.01183	0.00753	0.01183	0.00645	0.01075	0.00645	0.00860	0.01613	0.00215	0.81830	0.00430	0.00215	0.00538
9	0.01066	0.04316	0.01537	0.01261	0.01292	0.01469	0.02553	0.01185	0.00772	0.01187	0.00690	0.01115	0.00678	0.00987	0.05821	0.00241	0.72643	0.00432	0.00218	0.00538
10	0.00702	0.00527	0.00790	0.00790	0.00878	0.00614	0.00614	0.00878	0.00790	0.01141	0.01316	0.01931	0.01229	0.03686	0.80782	0.00790	0.01316	0.00527	0.00263	0.00439
11	0.00599	0.00428	0.00570	0.00684	0.00713	0.00399	0.00456	0.00684	0.00941	0.01254	0.02709	0.82409	0.03250	0.01540	0.00627	0.00200	0.00285	0.01397	0.00456	0.00399
12	0.01086	0.01207	0.02593	0.01889	0.02324	0.01132	0.67690	0.01457	0.01131	0.01532	0.01220	0.11996	0.01075	0.00562	0.00586	0.00170	0.00757	0.00687	0.00276	0.00628
13	0.01655	0.01180	0.01257	0.00989	0.01322	0.01297	0.00809	0.60203	0.04163	0.02809	0.01289	0.01331	0.00941	0.00588	0.00462	0.00141	0.00473	0.00449	0.17884	0.00757
14	0.12210	0.01087	0.01188	0.00944	0.01304	0.05089	0.00771	0.22082	0.08122	0.39817	0.01533	0.01411	0.01028	0.00585	0.00468	0.00151	0.00467	0.00449	0.00514	0.00781
15	0.82372	0.00929	0.00714	0.00641	0.00932	0.01074	0.00522	0.01412	0.00831	0.02149	0.00723	0.00907	0.00588	0.04141	0.00403	0.00167	0.00384	0.00286	0.00304	0.00522
16	0.01092	0.00955	0.01245	0.00894	0.01334	0.00776	0.08589	0.06571	0.01123	0.01702	0.00907	0.01062	0.00737	0.00385	0.00395	0.00088	0.00424	0.00331	0.00301	0.71091
17	0.01130	0.01109	0.01746	0.35586	0.43712	0.05439	0.01418	0.01428	0.01077	0.01438	0.00894	0.01237	0.00719	0.00464	0.00486	0.00152	0.00630	0.00431	0.00233	0.00670
18	0.00797	0.00520	0.00676	0.00625	0.00757	0.00479	0.00473	0.01027	0.01374	0.06652	0.70796	0.03457	0.04260	0.00959	0.00562	0.00152	0.00243	0.00843	0.04862	0.00486
19	0.01160	0.01326	0.02900	0.02071	0.02568	0.01243	0.77879	0.01574	0.01160	0.01574	0.00994	0.01326	0.00746	0.00414	0.00580	0.00166	0.00829	0.00580	0.00249	0.00663
20	0.02103	0.00859	0.01137	0.00887	0.01257	0.00774	0.00728	0.02417	0.09396	0.71955	0.01945	0.01689	0.01246	0.00614	0.00495	0.00154	0.00415	0.00501	0.00597	0.00830
21	0.00928	0.00873	0.01474	0.81548	0.03385	0.01092	0.01365	0.01256	0.00983	0.01256	0.00873	0.01310	0.00655	0.00491	0.00491	0.00164	0.00655	0.00437	0.00218	0.00546
22	0.00599	0.00428	0.00570	0.00684	0.00713	0.00399	0.00456	0.00684	0.00941	0.01254	0.02709	0.82409	0.03250	0.01540	0.00627	0.00200	0.00285	0.01397	0.00456	0.00399
23	0.00928	0.00873	0.01474	0.81548	0.03385	0.01092	0.01365	0.01256	0.00983	0.01256	0.00873	0.01310	0.00655	0.00491	0.00491	0.00164	0.00655	0.00437	0.00218	0.00546
24	0.01216	0.01168	0.01995	0.03016	0.79664	0.01168	0.01508	0.01508	0.01119	0.01605	0.00924	0.01216	0.00778	0.00438	0.00487	0.00146	0.00584	0.00438	0.00243	0.00778
25	0.00928	0.00873	0.01474	0.81548	0.03385	0.01092	0.01365	0.01256	0.00983	0.01256	0.00873	0.01310	0.00655	0.00491	0.00491	0.00164	0.00655	0.00437	0.00218	0.00546
26	0.86201	0.00950	0.00722	0.00646	0.00950	0.01102	0.00532	0.01445	0.00836	0.02205	0.00684	0.00798	0.00532	0.00456	0.00304	0.00152	0.00380	0.00266	0.00304	0.00532
27	0.01160	0.01326	0.02900	0.02071	0.02568	0.01243	0.77879	0.01574	0.01160	0.01574	0.00994	0.01326	0.00746	0.00414	0.00580	0.00166	0.00829	0.00580	0.00249	0.00663
28	0.01538	0.01777	0.01682	0.02108	0.39088	0.42494	0.01218	0.01744	0.01261	0.01396	0.00839	0.01045	0.00703	0.00473	0.00464	0.00136	0.00741	0.00375	0.00248	0.00670
29	0.44574	0.01561	0.01078	0.01013	0.04177	0.34793	0.00759	0.04169	0.01130	0.01788	0.00741	0.00864	0.00594	0.00481	0.00376	0.00141	0.00607	0.00300	0.00286	0.00567
30	0.01072	0.01081	0.01471	0.17702	0.01718	0.05422	0.01114	0.01228	0.00833	0.01197	0.00718	0.01140	0.00665	0.00854	0.03772	0.00218	0.58610	0.00429	0.00219	0.00538
31	0.00843	0.00432	0.00638	0.00638	0.00640	0.00434	0.00424	0.00649	0.00647	0.00865	0.00901	0.01597	0.00912	0.06137	0.03664	0.79244	0.00449	0.00445	0.00219	0.00223
32	0.01868	0.01376	0.01475	0.01131	0.01524	0.01524	0.00934	0.78025	0.02311	0.03097	0.01180	0.01180	0.00836	0.00590	0.00492	0.00147	0.00541	0.00442	0.00492	0.00836
33	0.00702	0.00527	0.00790	0.00790	0.00878	0.00614	0.00614	0.00878	0.00790	0.01141	0.01316	0.01931	0.01229	0.03686	0.80782	0.00790	0.01316	0.00527	0.00263	0.00439
34	0.00638	0.00547	0.00552	0.00542	0.00718	0.00486	0.00409	0.00874	0.07995	0.01392	0.04715	0.04473	0.72562	0.01193	0.00574	0.00166	0.00261	0.00995	0.00460	0.00447
35	0.01058	0.01051	0.01473	0.01268	0.01272	0.01465	0.01055	0.01169	0.00754	0.01181	0.00675	0.01113	0.00671	0.00987	0.05159	0.00241	0.78224	0.00434	0.00217	0.00533
36	0.01222	0.01056	0.01111	0.01000	0.01278	0.01222	0.00778	0.02611	0.78776	0.02056	0.02000	0.01833	0.01500	0.00667	0.00500	0.00167	0.00389	0.00556	0.00500	0.00778
37	0.00873	0.00874	0.01498	0.01171	0.01470	0.00819	0.30537	0.01239	0.09146	0.01495	0.03007	0.07056	0.36950	0.00877	0.00574	0.00168	0.00490	0.00828	0.00380	0.00548
38	0.00928	0.00873	0.01474	0.81548	0.03385	0.01092	0.01365	0.01256	0.00983	0.01256	0.00873	0.01310	0.00655	0.00491	0.00491	0.00164	0.00655	0.00437	0.00218	0.00546
39	0.00928	0.00873	0.01474	0.81548	0.03385	0.01092	0.01365	0.01256	0.00983	0.01256	0.00873	0.01310	0.00655	0.00491	0.00491	0.00164	0.00655	0.00437	0.00218	0.00546
40	0.01019	0.00873	0.01019	0.00728	0.01165	0.00655	0.00582	0.01237	0.01019	0.01601	0.00873	0.01019	0.00728	0.00364	0.00364	0.00073	0.00364	0.00291	0.00291	0.85734
41	0.01437	0.12934	0.01892	0.01378	0.01642	0.33962	0.16713	0.01622	0.01132	0.01267	0.00769	0.01010	0.00659	0.00563	0.00744	0.00154	0.20906	0.00391	0.00237	0.00589
42	0.00793	0.00681	0.01119	0.00918	0.01122	0.00625	0.16311	0.01049	0.01292	0.01807	0.52739	0.07396	0.06961	0.00898	0.00574	0.00157	0.00363	0.00836	0.00463	0.03896
43	0.01156	0.04284	0.01535	0.01271	0.01311	0.08964	0.01055	0.01267	0.00822	0.01184	0.00657	0.01047	0.00643	0.00810	0.01454	0.00203	0.71164	0.00413	0.00218	0.00544
44	0.77351	0.01096	0.00793	0.00711	0.01010	0.09458	0.00576	0.01499	0.00895	0.02100	0.00692	0.00808	0.00543	0.00461	0.00319	0.00149	0.00433	0.00271	0.00299	0.00536
45	0.01147	0.01301	0.02823	0.06368	0.02612	0.01235	0.73743	0.01557	0.01150	0.01557	0.00988	0.01325	0.00741	0.00418	0.00575	0.00166	0.00819	0.00572	0.00247	0.00656
46	0.01818	0.01304	0.05600	0.01070	0.01454	0.04810	0.00911	0.45509	0.06012	0.20970	0.01374	0.01340	0.00956	0.00711	0.03688	0.00175	0.00560	0.00454	0.00484	0.00799

[dist]
# distance from previous block
# <min> <max>
0	1

[block]
# block no. 5 follows, 51 sequences, length 103
# corresponding to MSA columns:
# 838-940
name=unknown_F
#
# <colnr> <probs for GDERKNQSTAVLIFYWHMCP>
#	G	D	E	R	K	N	Q	S	T	A	V	L	I	F	Y	W	H	M	C	P
0	0.00595	0.00498	0.00518	0.00513	0.00673	0.00421	0.00385	0.00733	0.01154	0.01407	0.14207	0.04598	0.70186	0.01215	0.00581	0.00165	0.00247	0.01019	0.00467	0.00421
1	0.00986	0.02542	0.80183	0.01401	0.02127	0.01141	0.01816	0.01556	0.01038	0.01556	0.00882	0.01038	0.00623	0.00467	0.00467	0.00156	0.00726	0.00363	0.00208	0.00726
2	0.00714	0.00522	0.00673	0.00632	0.00754	0.00491	0.00475	0.00988	0.04171	0.01974	0.76624	0.03605	0.04524	0.00993	0.00577	0.00155	0.00237	0.00877	0.00539	0.00475
3	0.01154	0.01104	0.01882	0.19989	0.63178	0.01151	0.01477	0.01454	0.01090	0.01530	0.00913	0.01237	0.00752	0.00449	0.00488	0.00150	0.00599	0.00438	0.00238	0.00728
4	0.01222	0.01056	0.01111	0.01000	0.01278	0.01222	0.00778	0.02611	0.78776	0.02056	0.02000	0.01833	0.01500	0.00667	0.00500	0.00167	0.00389	0.00556	0.00500	0.00778
5	0.01160	0.01326	0.02900	0.02071	0.02568	0.01243	0.77879	0.01574	0.01160	0.01574	0.00994	0.01326	0.00746	0.00414	0.00580	0.00166	0.00829	0.00580	0.00249	0.00663
6	0.00611	0.00439	0.00582	0.00692	0.00731	0.00411	0.00475	0.00707	0.00960	0.01271	0.02783	0.74601	0.05960	0.01517	0.00629	0.00200	0.00295	0.06277	0.00456	0.00403
7	0.01362	0.01125	0.01190	0.01028	0.01331	0.01288	0.00812	0.18910	0.62250	0.02281	0.01823	0.01692	0.01357	0.00650	0.00498	0.00163	0.00422	0.00531	0.00498	0.00790
8	0.01135	0.01064	0.01674	0.01365	0.01483	0.01340	0.14691	0.01305	0.00874	0.06398	0.00876	0.03407	0.00795	0.00901	0.04628	0.00226	0.56519	0.00491	0.00255	0.00571
9	0.00928	0.00873	0.01474	0.81548	0.03385	0.01092	0.01365	0.01256	0.00983	0.01256	0.00873	0.01310	0.00655	0.00491	0.00491	0.00164	0.00655	0.00437	0.00218	0.00546
10	0.01314	0.83025	0.02575	0.00841	0.01261	0.01945	0.00841	0.01472	0.00999	0.01156	0.00683	0.00788	0.00631	0.00420	0.00315	0.00105	0.00526	0.00263	0.00210	0.00631
11	0.00702	0.00527	0.00790	0.00790	0.00878	0.00614	0.00614	0.00878	0.00790	0.01141	0.01316	0.01931	0.01229	0.03686	0.80782	0.00790	0.01316	0.00527	0.00263	0.00439
12	0.00755	0.00618	0.00704	0.00783	0.00880	0.05714	0.00610	0.00907	0.01079	0.01362	0.04582	0.34992	0.12818	0.01350	0.00628	0.00200	0.00384	0.30755	0.00443	0.00435
13	0.01810	0.02289	0.01381	0.01255	0.01509	0.77442	0.00942	0.01989	0.04618	0.01238	0.00811	0.00926	0.00669	0.00513	0.00445	0.00128	0.00865	0.00326	0.00263	0.00578
14	0.00675	0.00481	0.00651	0.00760	0.00818	0.00464	0.00574	0.00809	0.01002	0.01322	0.02621	0.50658	0.03033	0.04856	0.00724	0.00221	0.00355	0.29113	0.00448	0.00415
15	0.00599	0.00428	0.00570	0.00684	0.00713	0.00399	0.00456	0.00684	0.00941	0.01254	0.02709	0.82409	0.03250	0.01540	0.00627	0.00200	0.00285	0.01397	0.00456	0.00399
16	0.01937	0.00896	0.01132	0.00909	0.01261	0.00858	0.00737	0.02454	0.22466	0.58787	0.01955	0.01716	0.01294	0.00624	0.00496	0.00156	0.00410	0.00511	0.00579	0.00820
17	0.01160	0.01326	0.02900	0.02071	0.02568	0.01243	0.77879	0.01574	0.01160	0.01574	0.00994	0.01326	0.00746	0.00414	0.00580	0.00166	0.00829	0.00580	0.00249	0.00663
18	0.01088	0.00981	0.01770	0.43947	0.12594	0.01070	0.17817	0.01415	0.01084	0.06552	0.04264	0.01435	0.00906	0.00499	0.00510	0.00160	0.00641	0.00491	0.02161	0.00614
19	0.01314	0.83025	0.02575	0.00841	0.01261	0.01945	0.00841	0.01472	0.00999	0.01156	0.00683	0.00788	0.00631	0.00420	0.00315	0.00105	0.00526	0.00263	0.00210	0.00631
20	0.01391	0.71908	0.02415	0.00924	0.03561	0.05126	0.00857	0.01553	0.01045	0.06318	0.00775	0.00863	0.00673	0.00437	0.00337	0.00110	0.00535	0.00285	0.00239	0.00646
21	0.02175	0.00883	0.01170	0.00897	0.01278	0.00792	0.00741	0.08996	0.01485	0.73292	0.01873	0.01630	0.01183	0.00607	0.00494	0.00152	0.00429	0.00490	0.00598	0.00836
22	0.01075	0.01075	0.01505	0.01290	0.01290	0.01505	0.01075	0.01183	0.00753	0.01183	0.00645	0.01075	0.00645	0.00860	0.01613	0.00215	0.81830	0.00430	0.00215	0.00538
23	0.00714	0.00478	0.00542	0.00542	0.00544	0.00479	0.00305	0.00718	0.00716	0.00957	0.01543	0.03187	0.01774	0.80973	0.04241	0.00483	0.00495	0.00710	0.00297	0.00301
24	0.01238	0.01053	0.01167	0.01121	0.06391	0.01191	0.00819	0.02494	0.69735	0.03728	0.01896	0.01766	0.01424	0.00642	0.00495	0.00162	0.00402	0.00539	0.00480	0.03259
25	0.00581	0.00498	0.00498	0.00498	0.00664	0.00415	0.00373	0.00705	0.01120	0.01328	0.04978	0.04729	0.79464	0.01245	0.00581	0.00166	0.00249	0.01037	0.00456	0.00415
26	0.00696	0.00518	0.00736	0.00736	0.00816	0.00582	0.00555	0.00844	0.00801	0.01127	0.01587	0.02291	0.06413	0.14426	0.64752	0.00706	0.01131	0.00586	0.00281	0.00418
27	0.01216	0.01168	0.01995	0.03016	0.79664	0.01168	0.01508	0.01508	0.01119	0.01605	0.00924	0.01216	0.00778	0.00438	0.00487	0.00146	0.00584	0.00438	0.00243	0.00778
28	0.01196	0.01129	0.01817	0.08386	0.61725	0.01171	0.01382	0.01665	0.13408	0.01651	0.01091	0.01321	0.00884	0.00478	0.00489	0.00151	0.00558	0.00456	0.00282	0.00761
29	0.00928	0.00873	0.01474	0.81548	0.03385	0.01092	0.01365	0.01256	0.00983	0.01256	0.00873	0.01310	0.00655	0.00491	0.00491	0.00164	0.00655	0.00437	0.00218	0.00546
30	0.00928	0.00873	0.01474	0.81548	0.03385	0.01092	0.01365	0.01256	0.00983	0.01256	0.00873	0.01310	0.00655	0.00491	0.00491	0.00164	0.00655	0.00437	0.00218	0.00546
31	0.00916	0.00458	0.00458	0.00458	0.00573	0.00458	0.00344	0.01145	0.01031	0.01832	0.01603	0.01832	0.01260	0.00573	0.00344	0.00115	0.00229	0.00458	0.85457	0.00458
32	0.00715	0.00476	0.00536	0.00536	0.00536	0.00476	0.00298	0.00715	0.00715	0.00953	0.01548	0.03216	0.01787	0.82729	0.02501	0.00476	0.00476	0.00715	0.00298	0.00298
33	0.00599	0.00428	0.00570	0.00684	0.00713	0.00399	0.00456	0.00684	0.00941	0.01254	0.02709	0.82409	0.03250	0.01540	0.00627	0.00200	0.00285	0.01397	0.00456	0.00399
34	0.00647	0.00500	0.00590	0.00568	0.00705	0.00443	0.00426	0.00834	0.01277	0.01700	0.48045	0.04117	0.36165	0.01106	0.00580	0.00159	0.00239	0.00951	0.00505	0.00443
35	0.01836	0.02342	0.01393	0.01266	0.01519	0.80756	0.00950	0.01962	0.01393	0.01203	0.00760	0.00886	0.00633	0.00506	0.00443	0.00127	0.00886	0.00317	0.00253	0.00570
36	0.01836	0.02342	0.01393	0.01266	0.01519	0.80756	0.00950	0.01962	0.01393	0.01203	0.00760	0.00886	0.00633	0.00506	0.00443	0.00127	0.00886	0.00317	0.00253	0.00570
