[name]
unknown

[dist]
# distance from previous block
# <min> <max>
4	89

[block]
# block no. 0 follows, 52 sequences, length 8
# corresponding to MSA columns:
# 119-126
name=unknown_A
#
# <colnr> <probs for GDERKNQSTAVLIFYWHMCP>
#	G	D	E	R	K	N	Q	S	T	A	V	L	I	F	Y	W	H	M	C	P
0	0.06436	0.01021	0.01207	0.07343	0.11920	0.01148	0.00877	0.10594	0.42459	0.02017	0.04548	0.01622	0.01296	0.00601	0.00473	0.00155	0.00432	0.00501	0.04634	0.00714
1	0.11683	0.01285	0.01407	0.05773	0.26781	0.17630	0.01008	0.06791	0.01200	0.06837	0.00968	0.03160	0.00790	0.00490	0.00437	0.00134	0.00566	0.00395	0.00300	0.12366
2	0.01299	0.01259	0.06741	0.23705	0.02091	0.13668	0.13888	0.07985	0.01233	0.11036	0.04459	0.06002	0.01055	0.00606	0.00538	0.02359	0.00633	0.00511	0.00321	0.00612
3	0.02777	0.00921	0.01546	0.26993	0.04954	0.00991	0.18453	0.10325	0.01171	0.01591	0.05976	0.13879	0.01354	0.00872	0.05841	0.00205	0.00625	0.00637	0.00315	0.00572
4	0.01030	0.01107	0.06332	0.01551	0.07790	0.01001	0.36362	0.05134	0.02778	0.01650	0.14320	0.07937	0.03135	0.02248	0.00622	0.00167	0.03290	0.00654	0.00328	0.02566
5	0.00915	0.00840	0.01355	0.13612	0.19796	0.00882	0.09052	0.01223	0.06209	0.01488	0.10874	0.17848	0.07782	0.00815	0.00597	0.00167	0.04895	0.00737	0.00344	0.00570
6	0.01370	0.01384	0.07133	0.01007	0.01275	0.23888	0.00830	0.11666	0.12264	0.07722	0.10530	0.01675	0.01408	0.04841	0.10617	0.00238	0.00671	0.00489	0.00375	0.00616
7	0.01250	0.03457	0.01144	0.07252	0.05827	0.11055	0.00800	0.03774	0.27666	0.10487	0.06486	0.15520	0.01679	0.00764	0.00505	0.00159	0.00461	0.00647	0.00425	0.00644

[dist]
# distance from previous block
# <min> <max>
3	19

[block]
# block no. 1 follows, 52 sequences, length 11
# corresponding to MSA columns:
# 146-156
name=unknown_B
#
# <colnr> <probs for GDERKNQSTAVLIFYWHMCP>
#	G	D	E	R	K	N	Q	S	T	A	V	L	I	F	Y	W	H	M	C	P
0	0.04056	0.01579	0.01438	0.01267	0.05401	0.31554	0.08382	0.19076	0.12761	0.01858	0.01109	0.01199	0.00854	0.00532	0.00460	0.00140	0.00643	0.00414	0.06616	0.00661
1	0.13977	0.10430	0.14672	0.01107	0.01480	0.07254	0.08613	0.15027	0.08266	0.01832	0.01150	0.09462	0.00996	0.00611	0.00487	0.00152	0.03025	0.00488	0.00327	0.00644
2	0.03538	0.00884	0.01105	0.07847	0.01311	0.08201	0.09572	0.02298	0.10542	0.01403	0.05529	0.08864	0.05563	0.13774	0.14550	0.00310	0.00648	0.00631	0.00332	0.03095
3	0.01087	0.37527	0.19567	0.09370	0.01711	0.01396	0.08567	0.01381	0.01026	0.01340	0.07011	0.01225	0.00978	0.00664	0.05106	0.00170	0.00627	0.00393	0.00240	0.00613
4	0.09982	0.01164	0.01954	0.08136	0.40940	0.01190	0.18799	0.08940	0.01188	0.01754	0.00924	0.01185	0.00732	0.00447	0.00483	0.00150	0.00611	0.00447	0.00269	0.00705
5	0.00958	0.00867	0.00968	0.00881	0.00993	0.12647	0.06655	0.02490	0.00943	0.02659	0.01472	0.15679	0.01553	0.26551	0.14967	0.00363	0.05409	0.00685	0.02819	0.00441
6	0.01032	0.00948	0.07130	0.00864	0.01057	0.05449	0.00699	0.20420	0.01298	0.01725	0.06939	0.32042	0.02055	0.09170	0.06650	0.00243	0.00503	0.00837	0.00404	0.00535
7	0.00967	0.00809	0.01013	0.03502	0.01100	0.00952	0.00730	0.10717	0.11027	0.01571	0.05518	0.27301	0.05930	0.04021	0.00902	0.00195	0.22017	0.00805	0.00387	0.00536
8	0.01007	0.00660	0.00920	0.00848	0.00984	0.00751	0.00669	0.01264	0.07022	0.13933	0.01393	0.01816	0.01193	0.05290	0.51415	0.00564	0.08901	0.00513	0.00329	0.00527
9	0.06795	0.13453	0.01468	0.01030	0.01371	0.20629	0.00841	0.28317	0.11779	0.02026	0.01046	0.01087	0.00806	0.00523	0.00428	0.00132	0.00571	0.00373	0.00363	0.06961
10	0.01391	0.09277	0.09010	0.01053	0.03705	0.15299	0.00891	0.09536	0.09723	0.08607	0.01063	0.01130	0.00817	0.00493	0.00458	0.00123	0.03009	0.00365	0.00331	0.23719

[dist]
# distance from previous block
# <min> <max>
3	15

[block]
# block no. 2 follows, 52 sequences, length 49
# corresponding to MSA columns:
# 172-220
name=unknown_C
#
# <colnr> <probs for GDERKNQSTAVLIFYWHMCP>
#	G	D	E	R	K	N	Q	S	T	A	V	L	I	F	Y	W	H	M	C	P
0	0.00824	0.00642	0.00761	0.00698	0.00862	0.02663	0.00537	0.05475	0.03777	0.02810	0.34775	0.04057	0.14545	0.01516	0.18066	0.00285	0.00515	0.00733	0.00433	0.06025
1	0.00936	0.00797	0.00995	0.02010	0.02269	0.00631	0.02667	0.01143	0.01023	0.01553	0.06209	0.11723	0.01289	0.00554	0.00416	0.00098	0.00360	0.00478	0.00321	0.64529
2	0.01509	0.05794	0.01542	0.01454	0.11626	0.44808	0.02493	0.03632	0.01194	0.01285	0.00776	0.00996	0.00670	0.00653	0.03155	0.00165	0.17052	0.00362	0.00245	0.00590
3	0.00742	0.00597	0.02923	0.00634	0.00784	0.00538	0.00494	0.01063	0.09380	0.01720	0.36355	0.11383	0.19205	0.00991	0.00537	0.00156	0.00267	0.00856	0.10895	0.00480
4	0.01249	0.01011	0.01101	0.00926	0.01250	0.01071	0.00730	0.07562	0.51659	0.05730	0.01652	0.01567	0.01241	0.00579	0.00461	0.00141	0.00390	0.00476	0.00449	0.20755
5	0.00602	0.00448	0.00562	0.00627	0.00696	0.00407	0.00434	0.00718	0.01037	0.01367	0.15713	0.53779	0.19094	0.01372	0.00601	0.00183	0.00265	0.01223	0.00464	0.00407
6	0.01222	0.58948	0.05945	0.00966	0.01291	0.01772	0.00932	0.01384	0.00926	0.01165	0.00674	0.00860	0.00625	0.00525	0.00637	0.00133	0.20879	0.00305	0.00208	0.00603
7	0.01120	0.01564	0.21783	0.03499	0.19879	0.03670	0.28711	0.01493	0.01061	0.01492	0.00887	0.01169	0.00696	0.00483	0.00638	0.00161	0.10331	0.00458	0.00229	0.00676
8	0.00706	0.00538	0.00787	0.00782	0.00855	0.00630	0.00600	0.00860	0.00780	0.01121	0.01353	0.06273	0.01325	0.08491	0.67665	0.00699	0.05266	0.00572	0.00270	0.00427
9	0.00666	0.00488	0.00628	0.00624	0.00730	0.00449	0.00466	0.00863	0.01267	0.01752	0.56951	0.15482	0.11432	0.01110	0.00584	0.00164	0.00250	0.05146	0.00508	0.00443
10	0.00842	0.00421	0.00631	0.00631	0.00631	0.00421	0.00421	0.00631	0.00631	0.00842	0.00842	0.01473	0.00842	0.01684	0.01894	0.85901	0.00421	0.00421	0.00210	0.00210
11	0.01122	0.26865	0.01864	0.43732	0.06630	0.05293	0.03686	0.03100	0.01036	0.01275	0.00810	0.01102	0.00651	0.00460	0.00430	0.00140	0.00616	0.00376	0.00223	0.00588
12	0.04505	0.42130	0.02137	0.05651	0.06621	0.17988	0.09487	0.03921	0.01123	0.01326	0.00764	0.00924	0.00648	0.00443	0.00391	0.00123	0.00631	0.00331	0.00235	0.00620
13	0.00684	0.00470	0.00573	0.00588	0.00612	0.00473	0.00369	0.00736	0.00804	0.01092	0.08193	0.15674	0.02160	0.53848	0.11291	0.00437	0.00518	0.00804	0.00334	0.00340
14	0.06000	0.01247	0.01655	0.07872	0.39034	0.05194	0.01202	0.28157	0.01500	0.02081	0.00975	0.01156	0.00758	0.00492	0.00470	0.00145	0.00570	0.00418	0.00327	0.00747
15	0.01231	0.01317	0.03778	0.05439	0.50845	0.10335	0.15106	0.01525	0.01131	0.01511	0.00939	0.02888	0.00788	0.00461	0.00494	0.00147	0.00653	0.00461	0.00245	0.00706
16	0.00828	0.00427	0.00629	0.00629	0.00632	0.00430	0.00418	0.00643	0.00641	0.00857	0.00900	0.01597	0.00913	0.07014	0.04387	0.77721	0.00451	0.00442	0.00217	0.00223
17	0.01161	0.05766	0.34347	0.01229	0.01717	0.01097	0.10207	0.05473	0.13774	0.08577	0.01483	0.01714	0.05214	0.00600	0.00494	0.00158	0.00586	0.05376	0.00333	0.00693
18	0.01677	0.01984	0.01417	0.11195	0.05133	0.59606	0.01009	0.09647	0.01405	0.01401	0.00812	0.00969	0.00654	0.00503	0.00450	0.00132	0.00798	0.00345	0.00269	0.00595
19	0.01290	0.07790	0.01776	0.16357	0.40033	0.16039	0.01273	0.04424	0.01153	0.01455	0.00854	0.01116	0.00706	0.00472	0.00496	0.00143	0.03315	0.00396	0.00243	0.00672
20	0.01071	0.00858	0.01008	0.00876	0.01128	0.00907	0.03911	0.02944	0.41282	0.06094	0.18409	0.02441	0.11189	0.00764	0.00515	0.00156	0.00356	0.00655	0.00481	0.04957
21	0.02174	0.00825	0.01125	0.00862	0.01237	0.00712	0.00712	0.02362	0.01387	0.80282	0.01912	0.01649	0.01200	0.00600	0.00487	0.00150	0.00412	0.00487	0.00600	0.00825
22	0.01346	0.00705	0.00900	0.00770	0.01007	0.00670	0.00605	0.01727	0.13364	0.32668	0.33363	0.06455	0.02703	0.00812	0.00529	0.00155	0.00327	0.00698	0.00549	0.00646
23	0.00688	0.00496	0.00625	0.00607	0.00728	0.00451	0.00455	0.00883	0.01277	0.03207	0.55525	0.10651	0.18089	0.01083	0.00577	0.00160	0.00246	0.03291	0.00510	0.00449
24	0.01040	0.29390	0.01181	0.00584	0.00802	0.00964	0.00510	0.01242	0.01005	0.01574	0.01264	0.01447	0.01025	0.00512	0.00329	0.00110	0.00328	0.00384	0.55798	0.00511
25	0.45482	0.00724	0.00659	0.00611	0.00826	0.00778	0.00481	0.01146	0.01038	0.01961	0.26471	0.04724	0.11978	0.00754	0.00431	0.00154	0.00309	0.00590	0.00398	0.00484
26	0.00601	0.00491	0.00530	0.00523	0.00672	0.00421	0.00391	0.00749	0.01167	0.01462	0.23103	0.05803	0.60051	0.01175	0.00573	0.00161	0.00242	0.00993	0.00470	0.00421
27	0.01318	0.01153	0.01155	0.01017	0.01303	0.05868	0.00796	0.11756	0.65224	0.02103	0.01803	0.01675	0.01350	0.00639	0.00489	0.00160	0.00430	0.00521	0.00478	0.00762
28	0.44718	0.41254	0.01607	0.00731	0.01087	0.01494	0.00674	0.01438	0.00903	0.01668	0.00674	0.00782	0.00572	0.00433	0.00305	0.00127	0.00445	0.00261	0.00255	0.00572
29	0.00915	0.00861	0.01453	0.81804	0.03338	0.01077	0.01346	0.01238	0.00969	0.01238	0.00861	0.01292	0.00646	0.00484	0.00484	0.00161	0.00646	0.00431	0.00215	0.00538
30	0.06707	0.01283	0.02042	0.01517	0.01914	0.05018	0.39469	0.24196	0.01449	0.02022	0.01032	0.01236	0.00773	0.00490	0.00539	0.00154	0.03174	0.00488	0.05820	0.00675
31	0.00679	0.00509	0.00736	0.00740	0.00829	0.00567	0.00568	0.00849	0.00865	0.01224	0.09392	0.07424	0.05887	0.03106	0.63532	0.00646	0.01070	0.00637	0.00309	0.00431
32	0.01237	0.01057	0.01114	0.00993	0.01272	0.01220	0.00775	0.06397	0.75196	0.02079	0.01932	0.01776	0.01446	0.00654	0.00493	0.00163	0.00391	0.00542	0.00493	0.00770
33	0.00696	0.00504	0.00702	0.00702	0.00762	0.00564	0.00510	0.00816	0.00756	0.01068	0.01369	0.02294	0.01381	0.28087	0.56828	0.00684	0.01043	0.00576	0.00270	0.00390
34	0.31585	0.00895	0.01000	0.00798	0.01148	0.00890	0.00659	0.06491	0.01243	0.48456	0.01436	0.01320	0.00942	0.00546	0.00422	0.00150	0.00406	0.00406	0.00488	0.00720
35	0.01158	0.01459	0.15173	0.01770	0.11267	0.03817	0.35836	0.01793	0.19324	0.01652	0.01178	0.01350	0.00889	0.00481	0.00520	0.00158	0.00672	0.00506	0.00296	0.00701
36	0.00630	0.00450	0.00607	0.00720	0.00765	0.00427	0.00518	0.00743	0.00966	0.01281	0.02649	0.66769	0.03119	0.01481	0.00629	0.00202	0.00315	0.16875	0.00449	0.00404
37	0.00915	0.00861	0.01453	0.81804	0.03338	0.01077	0.01346	0.01238	0.00969	0.01238	0.00861	0.01292	0.00646	0.00484	0.00484	0.00161	0.00646	0.00431	0.00215	0.00538
38	0.01296	0.83261	0.02539	0.00829	0.01244	0.01917	0.00829	0.01451	0.00985	0.01140	0.00674	0.00777	0.00622	0.00415	0.00311	0.00104	0.00518	0.00259	0.00207	0.00622
39	0.01405	0.01108	0.05616	0.05099	0.01459	0.03914	0.05912	0.09294	0.02819	0.19806	0.01147	0.01308	0.00863	0.00655	0.00868	0.00169	0.29522	0.00447	0.07942	0.00645
40	0.01393	0.00924	0.00974	0.00798	0.01054	0.01000	0.00642	0.41382	0.01674	0.02457	0.01363	0.01471	0.01024	0.00574	0.00415	0.00130	0.00386	0.00444	0.41249	0.00646
41	0.01900	0.00833	0.01196	0.18483	0.01694	0.00792	0.00850	0.02117	0.01296	0.63074	0.01683	0.01572	0.01079	0.00575	0.00487	0.00152	0.00463	0.00475	0.00516	0.00762
42	0.01985	0.00834	0.01097	0.00864	0.01214	0.00758	0.00706	0.02314	0.10556	0.67092	0.05843	0.01768	0.01403	0.00626	0.00492	0.00152	0.00400	0.00514	0.00584	0.00799
43	0.00626	0.00437	0.00554	0.00631	0.00653	0.00417	0.00405	0.00689	0.00873	0.01166	0.04009	0.57923	0.02817	0.25094	0.01153	0.00275	0.00335	0.01172	0.00406	0.00366
44	0.02174	0.00825	0.01125	0.00862	0.01237	0.00712	0.00712	0.02362	0.01387	0.80282	0.01912	0.01649	0.01200	0.00600	0.00487	0.00150	0.00412	0.00487	0.00600	0.00825
45	0.00638	0.00493	0.00581	0.00559	0.00695	0.00437	0.00420	0.00822	0.01259	0.01675	0.48034	0.04062	0.36397	0.01091	0.00572	0.00157	0.00236	0.00938	0.00498	0.00437
46	0.00925	0.00874	0.01455	0.76617	0.03205	0.01103	0.01327	0.01234	0.00954	0.01234	0.00847	0.01277	0.00645	0.00508	0.00556	0.00165	0.05892	0.00430	0.00215	0.00538
47	0.00594	0.00427	0.00557	0.00660	0.00694	0.00397	0.00440	0.00677	0.00928	0.01229	0.02736	0.75690	0.06914	0.04707	0.00689	0.00206	0.00287	0.01334	0.00444	0.00390
48	0.01117	0.01255	0.02694	0.11458	0.02628	0.01208	0.69116	0.01515	0.01123	0.01515	0.00966	0.01305	0.00725	0.00417	0.00562	0.00163	0.00797	0.00555	0.00242	0.00640

[dist]
# distance from previous block
# <min> <max>
0	1

[block]
# block no. 3 follows, 52 sequences, length 105
# corresponding to MSA columns:
# 222-326
name=unknown_D
#
# <colnr> <probs for GDERKNQSTAVLIFYWHMCP>
#	G	D	E	R	K	N	Q	S	T	A	V	L	I	F	Y	W	H	M	C	P
0	0.01220	0.01147	0.01817	0.04187	0.58671	0.02915	0.05002	0.09204	0.01227	0.01693	0.01251	0.01469	0.06990	0.00511	0.00491	0.00147	0.00565	0.00483	0.00281	0.00730
1	0.00682	0.00458	0.00549	0.00590	0.00611	0.00449	0.00371	0.00731	0.00812	0.01103	0.01949	0.28672	0.02252	0.48737	0.01680	0.00353	0.00397	0.04828	0.04435	0.00341
2	0.05787	0.01486	0.01747	0.02183	0.43635	0.24095	0.05502	0.04497	0.01202	0.01540	0.00857	0.01085	0.00710	0.00470	0.00498	0.00142	0.03228	0.00396	0.00254	0.00684
3	0.00600	0.00430	0.00578	0.00685	0.00718	0.00408	0.00465	0.00691	0.00924	0.01236	0.02598	0.76878	0.03094	0.01624	0.04769	0.00227	0.00337	0.02903	0.00440	0.00397
4	0.04874	0.01114	0.01414	0.03754	0.09103	0.11051	0.11934	0.03559	0.10934	0.09297	0.03981	0.05881	0.01220	0.09637	0.00835	0.00195	0.09725	0.00544	0.00342	0.00606
5	0.01131	0.00945	0.01449	0.06679	0.30601	0.00951	0.05952	0.06815	0.01103	0.05824	0.01289	0.01738	0.04865	0.14859	0.00869	0.00200	0.03878	0.00508	0.02110	0.08235
6	0.45066	0.00917	0.00946	0.12765	0.01376	0.00984	0.00688	0.02657	0.00919	0.01845	0.00762	0.00940	0.00606	0.00447	0.00396	0.00132	0.03488	0.00303	0.00284	0.24479
7	0.01395	0.64690	0.02299	0.00925	0.01315	0.11990	0.02109	0.06815	0.02311	0.01298	0.00742	0.00841	0.00651	0.00441	0.00346	0.00111	0.00568	0.00288	0.00237	0.00631
8	0.00978	0.00746	0.00854	0.00776	0.00976	0.00788	0.00597	0.01687	0.34705	0.05977	0.37144	0.02813	0.08273	0.00844	0.00534	0.00158	0.00306	0.00725	0.00514	0.00606
9	0.00599	0.00456	0.00552	0.00608	0.00694	0.00409	0.00428	0.00717	0.01046	0.01354	0.13212	0.45432	0.28954	0.01351	0.00598	0.00180	0.00265	0.02275	0.00460	0.00408
10	0.05089	0.00829	0.01110	0.00854	0.01227	0.00725	0.00706	0.02329	0.01368	0.77579	0.01869	0.01620	0.01176	0.00595	0.00481	0.00150	0.00411	0.00480	0.00589	0.00814
11	0.00613	0.00489	0.00549	0.00542	0.00681	0.00425	0.00404	0.00771	0.01188	0.01526	0.30808	0.08497	0.49474	0.01161	0.00575	0.00162	0.00242	0.00991	0.00479	0.00425
12	0.00903	0.00452	0.00452	0.00452	0.00565	0.00452	0.00339	0.01129	0.01016	0.01807	0.01581	0.01807	0.01242	0.00565	0.00339	0.00113	0.00226	0.00452	0.85659	0.00452
13	0.00590	0.00425	0.00559	0.00665	0.00700	0.00394	0.00446	0.00676	0.00937	0.01241	0.02786	0.78629	0.07154	0.01503	0.00616	0.00195	0.00279	0.01359	0.00450	0.00394
14	0.01005	0.00861	0.01005	0.00718	0.01148	0.00646	0.00574	0.01220	0.01005	0.01579	0.00861	0.01005	0.00718	0.00359	0.00359	0.00072	0.00359	0.00287	0.00287	0.85932
15	0.01810	0.02310	0.01373	0.01248	0.01498	0.81024	0.00936	0.01935	0.01373	0.01186	0.00749	0.00874	0.00624	0.00499	0.00437	0.00125	0.00874	0.00312	0.00250	0.00562
16	0.00854	0.00638	0.00740	0.00722	0.00867	0.00632	0.00548	0.15186	0.01269	0.01657	0.08713	0.28113	0.22647	0.05410	0.00679	0.00192	0.00344	0.09852	0.00454	0.00484
17	0.00935	0.00794	0.00926	0.00696	0.01071	0.00606	0.00547	0.01132	0.01006	0.01528	0.01336	0.08312	0.07159	0.00527	0.00398	0.00090	0.00343	0.00439	0.00314	0.71840
18	0.00972	0.02507	0.80458	0.01381	0.02097	0.01125	0.01790	0.01535	0.01023	0.01535	0.00870	0.01023	0.00614	0.00460	0.00460	0.00153	0.00716	0.00358	0.00205	0.00716
19	0.00698	0.00496	0.00660	0.00660	0.00706	0.00541	0.00458	0.00789	0.00744	0.01037	0.01406	0.02503	0.01472	0.41171	0.43868	0.00633	0.00906	0.00607	0.00276	0.00367
20	0.01005	0.00861	0.01005	0.00718	0.01148	0.00646	0.00574	0.01220	0.01005	0.01579	0.00861	0.01005	0.00718	0.00359	0.00359	0.00072	0.00359	0.00287	0.00287	0.85932
21	0.11818	0.00546	0.00553	0.00556	0.00717	0.00504	0.00415	0.00836	0.01051	0.03460	0.06018	0.17953	0.51596	0.01155	0.00543	0.00167	0.00273	0.00969	0.00437	0.00434
22	0.01537	0.00686	0.00906	0.00742	0.01014	0.00600	0.00595	0.01729	0.01348	0.47384	0.25361	0.02603	0.11799	0.00792	0.00523	0.00152	0.00337	0.00668	0.00562	0.00665
23	0.01318	0.00865	0.00974	0.00847	0.01109	0.00921	0.00666	0.05122	0.39953	0.18428	0.09775	0.02082	0.05855	0.00697	0.00488	0.00154	0.00357	0.00579	0.09110	0.00700
24	0.00619	0.00434	0.00554	0.00638	0.00659	0.00413	0.00411	0.00682	0.00872	0.01163	0.02386	0.62853	0.02846	0.21809	0.01079	0.00265	0.00328	0.01210	0.00411	0.00369
25	0.74063	0.00921	0.00773	0.00670	0.00981	0.01032	0.00552	0.01562	0.00907	0.13609	0.00856	0.00913	0.00624	0.00472	0.00327	0.00150	0.00380	0.00295	0.00344	0.00569
26	0.06984	0.00879	0.01130	0.00872	0.01244	0.00804	0.00720	0.09077	0.01434	0.68912	0.01774	0.01557	0.01127	0.00590	0.00476	0.00150	0.00421	0.00470	0.00572	0.00807
27	0.00742	0.00628	0.00609	0.00582	0.00756	0.03815	0.00440	0.06773	0.01203	0.01481	0.06918	0.08090	0.60054	0.01123	0.00552	0.00160	0.00294	0.00935	0.04394	0.00450
28	0.00972	0.02507	0.80458	0.01381	0.02097	0.01125	0.01790	0.01535	0.01023	0.01535	0.00870	0.01023	0.00614	0.00460	0.00460	0.00153	0.00716	0.00358	0.00205	0.00716
29	0.02174	0.00825	0.01125	0.00862	0.01237	0.00712	0.00712	0.02362	0.01387	0.80282	0.01912	0.01649	0.01200	0.00600	0.00487	0.00150	0.00412	0.00487	0.00600	0.00825
30	0.79058	0.01017	0.03973	0.00732	0.01057	0.01095	0.04172	0.01435	0.00847	0.02120	0.00697	0.00821	0.00538	0.00448	0.00319	0.00151	0.00409	0.00281	0.00294	0.00538
31	0.00596	0.00436	0.00562	0.00661	0.00709	0.00402	0.00453	0.00691	0.00957	0.01255	0.02943	0.69837	0.12648	0.01475	0.00615	0.00194	0.00284	0.04434	0.00450	0.00398
32	0.01021	0.00797	0.00898	0.00818	0.01031	0.00860	0.00634	0.01838	0.41991	0.05516	0.28829	0.02695	0.07439	0.00822	0.00529	0.00161	0.00325	0.02657	0.00508	0.00633
33	0.00691	0.00515	0.00645	0.00609	0.00735	0.00479	0.00458	0.00950	0.04262	0.01867	0.67424	0.03682	0.13848	0.01008	0.00569	0.00154	0.00237	0.00882	0.00522	0.00463
34	0.01205	0.01041	0.01096	0.00986	0.01260	0.01205	0.00767	0.02575	0.79071	0.02027	0.01972	0.01808	0.01479	0.00657	0.00493	0.00164	0.00384	0.00548	0.00493	0.00767
35	0.01205	0.01041	0.01096	0.00986	0.01260	0.01205	0.00767	0.02575	0.79071	0.02027	0.01972	0.01808	0.01479	0.00657	0.00493	0.00164	0.00384	0.00548	0.00493	0.00767
36	0.00651	0.00499	0.00599	0.00588	0.00721	0.00447	0.00450	0.00838	0.01248	0.01660	0.44731	0.04172	0.33106	0.01110	0.00580	0.00163	0.00253	0.07250	0.00494	0.00438
37	0.01810	0.02310	0.01373	0.01248	0.01498	0.81024	0.00936	0.01935	0.01373	0.01186	0.00749	0.00874	0.00624	0.00499	0.00437	0.00125	0.00874	0.00312	0.00250	0.00562
38	0.01005	0.00861	0.01005	0.00718	0.01148	0.00646	0.00574	0.01220	0.01005	0.01579	0.00861	0.01005	0.00718	0.00359	0.00359	0.00072	0.00359	0.00287	0.00287	0.85932
39	0.00587	0.00487	0.00514	0.00517	0.00666	0.00413	0.00384	0.00719	0.01122	0.01376	0.13254	0.10053	0.65796	0.01221	0.00576	0.00165	0.00246	0.01031	0.00459	0.00413
40	0.00692	0.00519	0.00779	0.00779	0.00865	0.00606	0.00606	0.00865	0.00779	0.01125	0.01298	0.01904	0.01211	0.03634	0.81049	0.00779	0.01298	0.00519	0.00260	0.00433
41	0.01224	0.01037	0.01096	0.00984	0.01260	0.01196	0.00766	0.02571	0.77554	0.03555	0.01971	0.01805	0.01474	0.00656	0.00493	0.00164	0.00384	0.00547	0.00495	0.00768
42	0.03382	0.00841	0.01069	0.00811	0.01189	0.00716	0.00662	0.04755	0.01294	0.48372	0.05391	0.01518	0.01195	0.00543	0.00449	0.00126	0.00391	0.00440	0.00492	0.26361
43	0.01102	0.35064	0.49044	0.01159	0.01753	0.01445	0.01403	0.01501	0.01008	0.01376	0.00791	0.00924	0.00617	0.00442	0.00400	0.00133	0.00636	0.00318	0.00206	0.00678
44	0.00988	0.06501	0.76604	0.01354	0.02055	0.01165	0.01743	0.01531	0.01021	0.01515	0.00860	0.01011	0.00614	0.00458	0.00453	0.00151	0.00706	0.00353	0.00205	0.00712
45	0.00573	0.00491	0.00491	0.00491	0.00655	0.00409	0.00368	0.00695	0.01105	0.01309	0.04909	0.04664	0.79750	0.01227	0.00573	0.00164	0.00245	0.01023	0.00450	0.00409
46	0.03672	0.01008	0.01255	0.00967	0.01325	0.01007	0.04579	0.29773	0.01650	0.38930	0.01535	0.01453	0.01030	0.00577	0.00472	0.00145	0.00457	0.00465	0.08927	0.00773
47	0.00915	0.00861	0.01453	0.81804	0.03338	0.01077	0.01346	0.01238	0.00969	0.01238	0.00861	0.01292	0.00646	0.00484	0.00484	0.00161	0.00646	0.00431	0.00215	0.00538
48	0.01144	0.01307	0.02859	0.02042	0.02533	0.01225	0.78186	0.01552	0.01144	0.01552	0.00980	0.01307	0.00735	0.00408	0.00572	0.00163	0.00817	0.00572	0.00245	0.00654
49	0.00590	0.00422	0.00562	0.00675	0.00703	0.00394	0.00450	0.00675	0.00928	0.01237	0.02671	0.82653	0.03205	0.01518	0.00619	0.00197	0.00281	0.01378	0.00450	0.00394
50	0.01003	0.00850	0.01023	0.00965	0.03959	0.05155	0.06035	0.01556	0.25194	0.05308	0.14849	0.13623	0.12745	0.00905	0.00544	0.00166	0.00394	0.04689	0.00451	0.00585
51	0.01024	0.38409	0.01498	0.00716	0.00924	0.04459	0.00586	0.01136	0.02626	0.01086	0.01193	0.07387	0.01286	0.34418	0.01227	0.00263	0.00494	0.00527	0.00267	0.00472
52	0.01859	0.01330	0.01437	0.01102	0.01489	0.01462	0.00910	0.74411	0.02232	0.07038	0.01202	0.01189	0.00843	0.00583	0.00485	0.00146	0.00527	0.00439	0.00491	0.00824
53	0.15859	0.31761	0.04725	0.00978	0.01325	0.29494	0.00852	0.04815	0.01162	0.04012	0.00769	0.00867	0.00633	0.00465	0.00372	0.00124	0.00624	0.00297	0.00262	0.00603
54	0.02060	0.00921	0.01174	0.00909	0.01280	0.00867	0.00748	0.14142	0.06563	0.63245	0.01800	0.01584	0.01160	0.00601	0.00487	0.00150	0.00429	0.00483	0.00575	0.00821
55	0.01215	0.01196	0.01978	0.02753	0.67637	0.03771	0.07480	0.01557	0.04726	0.01588	0.00961	0.01225	0.00793	0.00443	0.00486	0.00146	0.00596	0.00444	0.00252	0.00752
56	0.00660	0.00474	0.00526	0.00532	0.00583	0.00448	0.00332	0.00710	0.00859	0.01106	0.06091	0.08921	0.23205	0.51533	0.01741	0.00354	0.00385	0.00844	0.00358	0.00339
57	0.00589	0.00446	0.00544	0.00615	0.00689	0.00401	0.00425	0.00692	0.01003	0.01292	0.06986	0.54920	0.26837	0.01404	0.00602	0.00185	0.00268	0.01245	0.00454	0.00401
58	0.00652	0.00488	0.00569	0.00552	0.00658	0.00444	0.00391	0.00795	0.01136	0.01510	0.37305	0.03876	0.29450	0.18932	0.00985	0.00225	0.00287	0.00889	0.00453	0.00405
59	0.77973	0.00933	0.00739	0.00662	0.00955	0.01079	0.00541	0.01495	0.06535	0.02158	0.02813	0.00935	0.00699	0.00479	0.00321	0.00151	0.00372	0.00299	0.00320	0.00541
60	0.01062	0.00841	0.00934	0.00874	0.01076	0.00924	0.00661	0.09049	0.41101	0.03589	0.05100	0.27087	0.03758	0.00942	0.00536	0.00172	0.00358	0.00817	0.00482	0.00638
61	0.01498	0.00756	0.00949	0.00780	0.01055	0.00708	0.00625	0.06769	0.07610	0.36625	0.21671	0.02176	0.02064	0.00699	0.00492	0.00145	0.00352	0.01762	0.08367	0.04896
62	0.02929	0.05322	0.01504	0.05547	0.08459	0.01168	0.08120	0.30051	0.05163	0.13627	0.02682	0.08693	0.01148	0.00629	0.00492	0.00150	0.00509	0.00538	0.00419	0.02849
63	0.36443	0.01194	0.00939	0.06708	0.01244	0.22152	0.00718	0.01418	0.01048	0.01661	0.03911	0.01761	0.04927	0.00764	0.03743	0.00180	0.00562	0.09802	0.00312	0.00514
64	0.00882	0.00643	0.00813	0.00757	0.00871	0.00710	0.00565	0.13579	0.01015	0.01397	0.01446	0.02213	0.03638	0.24910	0.43736	0.00571	0.00913	0.00572	0.00312	0.00458
65	0.19329	0.09361	0.02465	0.00921	0.02922	0.05546	0.02351	0.08895	0.02324	0.30721	0.01230	0.01203	0.00860	0.00509	0.00415	0.00136	0.00463	0.00382	0.00413	0.09555
66	0.00932	0.00695	0.00843	0.00828	0.04810	0.00702	0.00596	0.01452	0.22156	0.06982	0.39507	0.03030	0.13752	0.00881	0.00541	0.00157	0.00302	0.00761	0.00501	0.00573
67	0.00600	0.00432	0.00569	0.00669	0.00710	0.00402	0.00455	0.00697	0.00963	0.01282	0.06737	0.73263	0.06519	0.01474	0.00615	0.00194	0.00281	0.03285	0.00454	0.00399
68	0.01258	0.01129	0.01719	0.21117	0.36234	0.02554	0.05361	0.18135	0.01335	0.01812	0.02328	0.02952	0.00862	0.00509	0.00491	0.00150	0.00589	0.00465	0.00297	0.00703
69	0.01154	0.06345	0.47117	0.01499	0.06884	0.02565	0.13554	0.05176	0.04221	0.05498	0.00986	0.01132	0.00716	0.00469	0.00474	0.00151	0.00679	0.00408	0.00258	0.00714
70	0.02174	0.00825	0.01125	0.00862	0.01237	0.00712	0.00712	0.02362	0.01387	0.80282	0.01912	0.01649	0.01200	0.00600	0.00487	0.00150	0.00412	0.00487	0.00600	0.00825
71	0.01111	0.00619	0.00707	0.00630	0.00810	0.00616	0.00490	0.06965	0.06503	0.12574	0.20681	0.02181	0.02034	0.00681	0.00437	0.00133	0.00285	0.00565	0.41426	0.00552
72	0.04619	0.09166	0.10694	0.01863	0.23905	0.02832	0.25154	0.01564	0.01123	0.08842	0.02849	0.01335	0.02872	0.00477	0.00487	0.00148	0.00628	0.00472	0.00282	0.00688
73	0.00755	0.00627	0.00996	0.01073	0.08527	0.00615	0.08941	0.02210	0.00982	0.01329	0.02185	0.58696	0.02520	0.01256	0.00659	0.02014	0.03134	0.02619	0.00395	0.00467
74	0.01759	0.00869	0.01080	0.00879	0.01201	0.00846	0.00708	0.06257	0.20449	0.48798	0.06697	0.03803	0.03054	0.00671	0.00499	0.00155	0.00394	0.00555	0.00557	0.00770
75	0.23723	0.01250	0.01646	0.02063	0.42504	0.10847	0.08187	0.01531	0.01066	0.01688	0.00836	0.01061	0.00683	0.00443	0.00436	0.00145	0.00581	0.00385	0.00257	0.00668
76	0.01062	0.00996	0.01647	0.28381	0.44732	0.01072	0.01323	0.01404	0.05078	0.01482	0.02752	0.05915	0.00985	0.00534	0.00492	0.00154	0.00565	0.00500	0.00263	0.00665
77	0.01337	0.24006	0.02053	0.03987	0.05386	0.21250	0.20466	0.01629	0.05157	0.01366	0.00872	0.01046	0.00712	0.00445	0.00436	0.00128	0.00668	0.00383	0.00251	0.08422
78	0.00597	0.00481	0.00535	0.00570	0.00697	0.00419	0.00424	0.00722	0.01071	0.01318	0.05788	0.22639	0.54010	0.01299	0.00591	0.00176	0.00270	0.07533	0.00451	0.00410
79	0.05231	0.00887	0.01127	0.12165	0.07531	0.00767	0.00750	0.01253	0.00999	0.01561	0.00856	0.01049	0.00702	0.00386	0.00383	0.00094	0.00416	0.00317	0.00274	0.63250
80	0.00577	0.00491	0.00497	0.00496	0.00657	0.00411	0.00372	0.00704	0.01116	0.01335	0.07988	0.04621	0.76655	0.01218	0.00573	0.00163	0.00245	0.01017	0.00453	0.00411
81	0.01518	0.00682	0.00898	0.00737	0.01007	0.00596	0.00590	0.01709	0.01344	0.46483	0.25142	0.02640	0.12946	0.00800	0.00524	0.00153	0.00336	0.00675	0.00560	0.00660
82	0.00803	0.00509	0.00612	0.00592	0.00709	0.00518	0.00449	0.01081	0.05136	0.01756	0.30542	0.02496	0.02485	0.01233	0.13731	0.00240	0.00412	0.00625	0.35604	0.00467
83	0.00614	0.00491	0.00549	0.00538	0.00681	0.00426	0.00402	0.00774	0.01197	0.01537	0.31893	0.06010	0.50882	0.01148	0.00573	0.00160	0.00240	0.00978	0.00480	0.00426
84	0.00983	0.00920	0.01500	0.63004	0.14678	0.01099	0.01317	0.01391	0.07703	0.01358	0.00964	0.01322	0.00736	0.00491	0.00485	0.00159	0.00613	0.00441	0.00243	0.00592
85	0.01119	0.01152	0.14082	0.00975	0.01264	0.01018	0.00887	0.12961	0.25783	0.01878	0.01634	0.05817	0.01405	0.04320	0.00636	0.00177	0.04662	0.08842	0.10746	0.00643
86	0.01416	0.05315	0.01475	0.08907	0.01648	0.09620	0.07898	0.22391	0.28906	0.03460	0.01357	0.01419	0.01026	0.02348	0.00525	0.00158	0.00548	0.00472	0.00400	0.00712
87	0.01435	0.01425	0.14469	0.01093	0.03438	0.15674	0.04241	0.04768	0.04798	0.19022	0.01380	0.01462	0.04783	0.00545	0.00459	0.00133	0.00555	0.02010	0.00361	0.17949
88	0.15439	0.42223	0.10452	0.00921	0.01334	0.03225	0.02184	0.07524	0.06198	0.05233	0.00882	0.00954	0.00705	0.00464	0.00366	0.00128	0.00516	0.00320	0.00282	0.00650
89	0.00994	0.08053	0.75107	0.01343	0.02039	0.01180	0.01724	0.01529	0.01020	0.01508	0.00856	0.01006	0.00614	0.00457	0.00450	0.00150	0.00703	0.00351	0.00205	0.00710
90	0.01498	0.01113	0.04653	0.01051	0.04989	0.02764	0.00830	0.33594	0.07168	0.14404	0.04478	0.10074	0.05364	0.00710	0.00499	0.00150	0.00460	0.00583	0.00460	0.05159
91	0.00588	0.00433	0.00551	0.00645	0.00695	0.00396	0.00437	0.00678	0.00956	0.01249	0.03032	0.70085	0.15541	0.01471	0.00611	0.00191	0.00275	0.01320	0.00450	0.00396
92	0.01005	0.00861	0.01005	0.00718	0.01148	0.00646	0.00574	0.01220	0.01005	0.01579	0.00861	0.01005	0.00718	0.00359	0.00359	0.00072	0.00359	0.00287	0.00287	0.85932
93	0.01630	0.05487	0.29908	0.01124	0.01624	0.04664	0.04949	0.01960	0.01224	0.40513	0.01376	0.01329	0.00911	0.00526	0.00471	0.00148	0.00568	0.00426	0.00405	0.00755
94	0.70604	0.13238	0.01012	0.03581	0.01069	0.01211	0.00600	0.01422	0.00854	0.01986	0.00681	0.00804	0.00544	0.00446	0.00308	0.00143	0.00406	0.00268	0.00283	0.00540
95	0.18999	0.00853	0.01029	0.00817	0.01166	0.00810	0.00671	0.02164	0.05581	0.58894	0.01661	0.01488	0.01080	0.00572	0.00447	0.00150	0.00400	0.00445	0.02017	0.00755
96	0.00579	0.00488	0.00502	0.00505	0.00660	0.00411	0.00376	0.00705	0.01110	0.01337	0.08510	0.08015	0.72691	0.01228	0.00575	0.00165	0.00246	0.01031	0.00454	0.00411
97	0.01302	0.72187	0.02412	0.04160	0.04984	0.05761	0.00885	0.01468	0.01009	0.01167	0.00696	0.00822	0.00630	0.00422	0.00332	0.00109	0.00544	0.00277	0.00211	0.00622
98	0.00704	0.00471	0.00535	0.00535	0.00537	0.00473	0.00302	0.00709	0.00707	0.00944	0.01521	0.03139	0.01748	0.80928	0.04489	0.00478	0.00491	0.00700	0.00293	0.00297
99	0.01500	0.01046	0.01042	0.00883	0.01114	0.12818	0.00677	0.19405	0.01376	0.21147	0.03390	0.02028	0.01319	0.22283	0.04627	0.00260	0.00561	0.03501	0.00418	0.00605
100	0.01015	0.09243	0.66895	0.01394	0.02064	0.01202	0.08561	0.01529	0.01031	0.01503	0.00863	0.01028	0.00625	0.00452	0.00458	0.00150	0.00708	0.00369	0.00208	0.00703
101	0.00594	0.00429	0.00562	0.00661	0.00701	0.00398	0.00445	0.00688	0.00960	0.01276	0.06549	0.74263	0.07731	0.01476	0.00614	0.00193	0.00277	0.01333	0.00454	0.00398
102	0.00999	0.00724	0.00794	0.00718	0.00920	0.00726	0.00556	0.12474	0.12517	0.07301	0.03087	0.03394	0.34739	0.11681	0.00797	0.00205	0.00365	0.07012	0.00451	0.00539
103	0.01624	0.08940	0.01574	0.01372	0.11672	0.30862	0.02637	0.27954	0.01596	0.01888	0.01103	0.01192	0.04378	0.00543	0.00457	0.00135	0.00656	0.00404	0.00334	0.00679
104	0.01095	0.00910	0.01023	0.00831	0.01155	0.00880	0.00650	0.08068	0.26184	0.01779	0.01350	0.03550	0.01117	0.04786	0.05354	0.00173	0.00441	0.00446	0.00373	0.39836

[dist]
# distance from previous block
# <min> <max>
6	28

[block]
# block no. 4 follows, 52 sequences, length 45
# corresponding to MSA columns:
# 357-401
name=unknown_E
#
# <colnr> <probs for GDERKNQSTAVLIFYWHMCP>
#	G	D	E	R	K	N	Q	S	T	A	V	L	I	F	Y	W	H	M	C	P
0	0.00736	0.00596	0.00918	0.04704	0.05070	0.00583	0.07725	0.02657	0.02305	0.01375	0.05144	0.59628	0.02667	0.01240	0.00589	0.00185	0.00367	0.01141	0.01908	0.00463
1	0.01148	0.00987	0.01601	0.14648	0.35363	0.01014	0.07084	0.05683	0.03542	0.06513	0.06033	0.03912	0.04710	0.00677	0.03337	0.00173	0.00564	0.00531	0.00315	0.02165
2	0.01170	0.14741	0.05713	0.07374	0.01686	0.05292	0.15629	0.02563	0.04032	0.03663	0.00904	0.01097	0.00727	0.00465	0.00531	0.00128	0.07839	0.00383	0.00267	0.25797
3	0.00944	0.00869	0.01307	0.01521	0.23450	0.01007	0.00969	0.01126	0.00899	0.01299	0.01336	0.01699	0.08717	0.01552	0.23902	0.00346	0.25300	0.00509	0.00259	0.02989
4	0.02784	0.43610	0.19998	0.01089	0.03383	0.15253	0.01082	0.05295	0.01123	0.01359	0.00761	0.00879	0.00632	0.00449	0.00379	0.00122	0.00624	0.00304	0.00230	0.00645
5	0.01273	0.00832	0.01210	0.26776	0.01861	0.00883	0.04872	0.07451	0.04809	0.21467	0.06117	0.05816	0.07572	0.01819	0.00547	0.00162	0.01673	0.00582	0.03660	0.00620
6	0.01334	0.34773	0.01778	0.00995	0.02886	0.01555	0.00844	0.13780	0.30020	0.01775	0.01232	0.01239	0.00974	0.00550	0.00467	0.00138	0.04191	0.00404	0.00357	0.00706
7	0.04723	0.00803	0.00957	0.00722	0.01092	0.00656	0.00581	0.01520	0.01107	0.23364	0.01331	0.01358	0.03145	0.00474	0.00396	0.00103	0.00358	0.00379	0.08878	0.48053
8	0.01364	0.44415	0.12291	0.01009	0.01407	0.18643	0.00971	0.06171	0.02936	0.01336	0.00806	0.00934	0.00683	0.00616	0.04428	0.00153	0.00657	0.00314	0.00242	0.00627
9	0.01350	0.59031	0.11981	0.00951	0.01394	0.03812	0.00964	0.12875	0.01191	0.01474	0.00773	0.00868	0.00651	0.00447	0.00358	0.00117	0.00554	0.00299	0.00249	0.00662
10	0.00744	0.00563	0.00708	0.00739	0.00866	0.00554	0.00591	0.01053	0.08926	0.01601	0.24401	0.12954	0.14734	0.01177	0.00604	0.00186	0.00331	0.28322	0.00476	0.00470
11	0.01032	0.00594	0.00770	0.00681	0.00861	0.00549	0.00526	0.01307	0.05272	0.18915	0.57208	0.03126	0.05413	0.00895	0.00549	0.00153	0.00277	0.00779	0.00544	0.00551
12	0.00694	0.00470	0.00554	0.00573	0.00589	0.00465	0.00351	0.00729	0.00792	0.01059	0.05777	0.13460	0.02151	0.63571	0.02028	0.00404	0.00432	0.05244	0.00335	0.00324
13	0.00596	0.00425	0.00568	0.00681	0.00711	0.00398	0.00459	0.00684	0.00933	0.01243	0.02668	0.80559	0.03194	0.01513	0.00620	0.00198	0.00286	0.03421	0.00450	0.00395
14	0.01005	0.00861	0.01005	0.00718	0.01148	0.00646	0.00574	0.01220	0.01005	0.01579	0.00861	0.01005	0.00718	0.00359	0.00359	0.00072	0.00359	0.00287	0.00287	0.85932
15	0.00699	0.00493	0.00646	0.00646	0.00686	0.00533	0.00440	0.00780	0.00739	0.01026	0.01420	0.02579	0.01505	0.45880	0.39204	0.00614	0.00857	0.00618	0.00278	0.00359
16	0.01842	0.01357	0.01454	0.01115	0.01503	0.01503	0.00921	0.78330	0.02278	0.03054	0.01163	0.01163	0.00824	0.00582	0.00485	0.00145	0.00533	0.00436	0.00485	0.00824
17	0.01842	0.01357	0.01454	0.01115	0.01503	0.01503	0.00921	0.78330	0.02278	0.03054	0.01163	0.01163	0.00824	0.00582	0.00485	0.00145	0.00533	0.00436	0.00485	0.00824
18	0.86392	0.00937	0.00712	0.00637	0.00937	0.01087	0.00525	0.01425	0.00825	0.02174	0.00675	0.00787	0.00525	0.00450	0.00300	0.00150	0.00375	0.00262	0.00300	0.00525
19	0.01205	0.01041	0.01096	0.00986	0.01260	0.01205	0.00767	0.02575	0.79071	0.02027	0.01972	0.01808	0.01479	0.00657	0.00493	0.00164	0.00384	0.00548	0.00493	0.00767
20	0.01205	0.01041	0.01096	0.00986	0.01260	0.01205	0.00767	0.02575	0.79071	0.02027	0.01972	0.01808	0.01479	0.00657	0.00493	0.00164	0.00384	0.00548	0.00493	0.00767
21	0.86392	0.00937	0.00712	0.00637	0.00937	0.01087	0.00525	0.01425	0.00825	0.02174	0.00675	0.00787	0.00525	0.00450	0.00300	0.00150	0.00375	0.00262	0.00300	0.00525
22	0.00612	0.00436	0.00580	0.00681	0.00718	0.00410	0.00467	0.00710	0.00955	0.01276	0.06424	0.70805	0.03195	0.04271	0.00683	0.00206	0.00296	0.06429	0.00448	0.00397
23	0.01120	0.00930	0.01067	0.00772	0.01197	0.00764	0.00622	0.11842	0.01180	0.01782	0.00903	0.01027	0.00732	0.00390	0.00376	0.00082	0.00383	0.00308	0.00314	0.74209
24	0.01199	0.01151	0.01967	0.02974	0.79946	0.01151	0.01487	0.01487	0.01103	0.01583	0.00912	0.01199	0.00768	0.00432	0.00480	0.00144	0.00576	0.00432	0.00240	0.00768
25	0.76640	0.00924	0.00760	0.00663	0.00972	0.01044	0.00547	0.01533	0.00890	0.11219	0.00818	0.00887	0.00603	0.00467	0.00322	0.00150	0.00379	0.00288	0.00335	0.00560
26	0.00686	0.00495	0.00648	0.00610	0.00724	0.00457	0.00457	0.00914	0.01372	0.01943	0.79691	0.03620	0.04572	0.00991	0.00572	0.00152	0.00229	0.00876	0.00533	0.00457
27	0.00865	0.01130	0.21216	0.01161	0.04392	0.00769	0.07342	0.01193	0.01120	0.01536	0.09938	0.03644	0.02177	0.00969	0.00591	0.00190	0.00527	0.40325	0.00370	0.00545
28	0.00590	0.00425	0.00559	0.00665	0.00700	0.00394	0.00446	0.00676	0.00937	0.01241	0.02787	0.78618	0.07165	0.01503	0.00616	0.00195	0.00279	0.01359	0.00450	0.00394
29	0.01600	0.01237	0.01318	0.01066	0.01411	0.01390	0.00863	0.49551	0.31451	0.02664	0.01471	0.01408	0.01073	0.00611	0.00488	0.00153	0.00476	0.00479	0.00488	0.00802
30	0.01060	0.01060	0.01484	0.01272	0.01272	0.01484	0.01060	0.01166	0.00742	0.01166	0.00636	0.01060	0.00636	0.00848	0.01590	0.00212	0.82082	0.00424	0.00212	0.00530
31	0.01355	0.01554	0.01193	0.09254	0.04478	0.43793	0.00889	0.01577	0.05024	0.01322	0.05650	0.11475	0.01422	0.00737	0.00499	0.00151	0.00665	0.08104	0.00317	0.00540
32	0.01810	0.02310	0.01373	0.01248	0.01498	0.81024	0.00936	0.01935	0.01373	0.01186	0.00749	0.00874	0.00624	0.00499	0.00437	0.00125	0.00874	0.00312	0.00250	0.00562
33	0.00602	0.00494	0.00534	0.00545	0.00693	0.00426	0.00416	0.00742	0.01123	0.01379	0.11858	0.08477	0.62176	0.01228	0.00583	0.00169	0.00263	0.07419	0.00458	0.00416
34	0.04749	0.00810	0.00901	0.00793	0.01013	0.00861	0.00619	0.13001	0.24081	0.03983	0.34567	0.02632	0.08364	0.00817	0.00522	0.00156	0.00331	0.00690	0.00500	0.00610
35	0.01554	0.01100	0.01199	0.00956	0.01276	0.01187	0.00777	0.49994	0.07904	0.07678	0.08606	0.01797	0.08034	0.00680	0.00493	0.00148	0.00446	0.00539	0.04900	0.00732
36	0.01810	0.02310	0.01373	0.01248	0.01498	0.81024	0.00936	0.01935	0.01373	0.01186	0.00749	0.00874	0.00624	0.00499	0.00437	0.00125	0.00874	0.00312	0.00250	0.00562
37	0.09032	0.00881	0.00917	0.00759	0.01014	0.00948	0.00611	0.32408	0.01529	0.06601	0.01349	0.01447	0.01007	0.00563	0.00402	0.00131	0.00374	0.00430	0.38970	0.00629
38	0.00941	0.04610	0.62966	0.01258	0.01850	0.01037	0.01554	0.01427	0.01052	0.01531	0.04989	0.01766	0.01114	0.00608	0.00491	0.00162	0.00648	0.11078	0.00255	0.00663
39	0.05436	0.01042	0.02030	0.01572	0.01909	0.01023	0.46113	0.01355	0.01098	0.01533	0.01443	0.02567	0.01361	0.00723	0.00639	0.00184	0.04761	0.24326	0.00309	0.00576
40	0.00632	0.00463	0.00596	0.00651	0.00728	0.00428	0.00469	0.00775	0.01095	0.01469	0.25315	0.43400	0.13231	0.01313	0.00603	0.00182	0.00275	0.07482	0.00474	0.00418
41	0.09227	0.01460	0.12369	0.01500	0.05757	0.12208	0.30039	0.03779	0.01185	0.11949	0.01059	0.01222	0.00775	0.00471	0.00483	0.00150	0.00668	0.00451	0.04589	0.00660
42	0.05545	0.04681	0.02471	0.00841	0.01119	0.00871	0.02248	0.17050	0.02751	0.21976	0.22640	0.05415	0.04775	0.00760	0.00504	0.00152	0.00390	0.02949	0.02218	0.00645
43	0.04008	0.04257	0.05605	0.01506	0.21545	0.01052	0.06449	0.15509	0.01338	0.15125	0.01415	0.01482	0.06921	0.00540	0.00468	0.00138	0.00504	0.00464	0.00366	0.11307
44	0.01047	0.00783	0.08685	0.00789	0.00999	0.00614	0.00662	0.01294	0.06256	0.19134	0.02389	0.29414	0.10778	0.08025	0.02723	0.00215	0.00407	0.04798	0.00444	0.00545

[dist]
# distance from previous block
# <min> <max>
4	11

[block]
# block no. 5 follows, 52 sequences, length 20
# corresponding to MSA columns:
# 413-432
name=unknown_F
#
# <colnr> <probs for GDERKNQSTAVLIFYWHMCP>
#	G	D	E	R	K	N	Q	S	T	A	V	L	I	F	Y	W	H	M	C	P
0	0.26396	0.19046	0.01477	0.00990	0.02752	0.09404	0.05678	0.05611	0.14450	0.01761	0.03415	0.01131	0.00885	0.00523	0.00452	0.00143	0.04576	0.00375	0.00316	0.00618
1	0.00931	0.00828	0.00991	0.11369	0.05782	0.06761	0.00705	0.01122	0.03655	0.01266	0.05236	0.01973	0.01301	0.25870	0.10638	0.00312	0.05898	0.00518	0.00286	0.14559
2	0.01144	0.01307	0.02859	0.02042	0.02533	0.01225	0.78186	0.01552	0.01144	0.01552	0.00980	0.01307	0.00735	0.00408	0.00572	0.00163	0.00817	0.00572	0.00245	0.00654
3	0.01179	0.41796	0.33707	0.01084	0.01604	0.04142	0.02814	0.01506	0.01038	0.03136	0.03420	0.01005	0.00766	0.00459	0.00393	0.00128	0.00604	0.00333	0.00228	0.00658
4	0.00850	0.00681	0.00783	0.00724	0.00899	0.00707	0.00553	0.01455	0.27809	0.01900	0.44715	0.03121	0.12065	0.00904	0.00545	0.00158	0.00283	0.00781	0.00510	0.00557
5	0.00596	0.00438	0.00546	0.00629	0.00681	0.00402	0.00423	0.00681	0.00944	0.01228	0.03006	0.61921	0.17534	0.07634	0.00750	0.00211	0.00289	0.01260	0.00438	0.00389
6	0.01068	0.00899	0.01039	0.00748	0.01175	0.00711	0.00600	0.07062	0.01101	0.01691	0.00884	0.01017	0.00726	0.00376	0.00368	0.00077	0.00372	0.00298	0.00302	0.79485
7	0.18560	0.00729	0.00768	0.00667	0.00908	0.00753	0.00531	0.03386	0.09686	0.21834	0.01515	0.01547	0.01103	0.00561	0.00389	0.00136	0.00327	0.00433	0.35563	0.00604
8	0.00689	0.00502	0.00652	0.00633	0.00750	0.00465	0.00487	0.00910	0.01326	0.01847	0.66236	0.03892	0.09374	0.01045	0.00582	0.00161	0.00254	0.09225	0.00518	0.00453
9	0.00590	0.00422	0.00562	0.00675	0.00703	0.00394	0.00450	0.00675	0.00928	0.01237	0.02671	0.82653	0.03205	0.01518	0.00619	0.00197	0.00281	0.01378	0.00450	0.00394
10	0.01005	0.00861	0.01005	0.00718	0.01148	0.00646	0.00574	0.01220	0.01005	0.01579	0.00861	0.01005	0.00718	0.00359	0.00359	0.00072	0.00359	0.00287	0.00287	0.85932
11	0.00713	0.00479	0.00555	0.00567	0.00578	0.00479	0.00345	0.00736	0.00748	0.00993	0.01636	0.03412	0.01870	0.74396	0.02278	0.00444	0.00467	0.08685	0.00310	0.00310
12	0.00705	0.00470	0.00529	0.00529	0.00529	0.00470	0.00294	0.00705	0.00705	0.00940	0.01527	0.03171	0.01762	0.82969	0.02467	0.00470	0.00470	0.00705	0.00294	0.00294
13	0.01060	0.01060	0.01484	0.01272	0.01272	0.01484	0.01060	0.01166	0.00742	0.01166	0.00636	0.01060	0.00636	0.00848	0.01590	0.00212	0.82082	0.00424	0.00212	0.00530
14	0.00574	0.00485	0.00497	0.00505	0.00658	0.00408	0.00375	0.00694	0.01091	0.01303	0.04733	0.10796	0.73731	0.01250	0.00576	0.00166	0.00248	0.01051	0.00450	0.00408
15	0.00692	0.00519	0.00779	0.00779	0.00865	0.00606	0.00606	0.00865	0.00779	0.01125	0.01298	0.01904	0.01211	0.03634	0.81049	0.00779	0.01298	0.00519	0.00260	0.00433
16	0.86392	0.00937	0.00712	0.00637	0.00937	0.01087	0.00525	0.01425	0.00825	0.02174	0.00675	0.00787	0.00525	0.00450	0.00300	0.00150	0.00375	0.00262	0.00300	0.00525
17	0.00603	0.00427	0.00559	0.00659	0.00684	0.00402	0.00433	0.00678	0.00904	0.01205	0.02548	0.74123	0.03050	0.10259	0.00817	0.00226	0.00301	0.01305	0.00433	0.00383
