[name]
unknown

[dist]
# distance from previous block
# <min> <max>
14	107

[block]
# block no. 0 follows, 40 sequences, length 36
# corresponding to MSA columns:
# 124-159
name=unknown_A
#
# <colnr> <probs for GDERKNQSTAVLIFYWHMCP>
#	G	D	E	R	K	N	Q	S	T	A	V	L	I	F	Y	W	H	M	C	P
0	0.02304	0.00943	0.01243	0.00978	0.01389	0.00824	0.00800	0.02566	0.04083	0.63492	0.02795	0.02487	0.11738	0.00826	0.00599	0.00183	0.00466	0.00676	0.00691	0.00918
1	0.01108	0.01307	0.12107	0.67567	0.03799	0.01300	0.01689	0.01535	0.01172	0.01535	0.01035	0.01506	0.00770	0.00577	0.00577	0.00192	0.00787	0.00505	0.00257	0.00676
2	0.00803	0.00601	0.00769	0.00794	0.00922	0.00532	0.00560	0.00966	0.01251	0.01734	0.19253	0.49694	0.05621	0.01478	0.00685	0.00202	0.00335	0.01326	0.00535	0.11939
3	0.01010	0.00738	0.00904	0.00810	0.00995	0.00720	0.00622	0.11186	0.01784	0.02487	0.62614	0.03985	0.07613	0.01132	0.00672	0.00182	0.00326	0.00985	0.00628	0.00607
4	0.00911	0.00820	0.00810	0.00905	0.00976	0.11105	0.00621	0.01019	0.01187	0.01476	0.02886	0.68359	0.03417	0.01652	0.00712	0.00224	0.00436	0.01476	0.00507	0.00500
5	0.00814	0.00607	0.00899	0.00917	0.01011	0.00692	0.00701	0.01007	0.00959	0.01369	0.01786	0.12937	0.01785	0.04010	0.66659	0.00838	0.01389	0.00766	0.00343	0.00513
6	0.00826	0.00563	0.00652	0.00674	0.00694	0.00555	0.00407	0.00858	0.00924	0.01221	0.02247	0.12982	0.05838	0.62865	0.02485	0.00493	0.00523	0.04419	0.00392	0.00382
7	0.00787	0.00612	0.00828	0.00909	0.00938	0.00654	0.00641	0.00891	0.01082	0.01473	0.02867	0.68390	0.03419	0.01710	0.00904	0.00239	0.11165	0.01495	0.00500	0.00495
8	0.02104	0.01595	0.01830	0.01647	0.12073	0.01745	0.01199	0.63993	0.02539	0.03420	0.01354	0.01402	0.00980	0.00673	0.00581	0.00174	0.00647	0.00523	0.00541	0.00980
9	0.00987	0.00513	0.00740	0.00740	0.00740	0.00513	0.00484	0.00770	0.00770	0.01026	0.01124	0.02050	0.01163	0.12762	0.02368	0.71650	0.00513	0.00552	0.00266	0.00266
10	0.02168	0.01769	0.01711	0.01353	0.01788	0.12235	0.01099	0.60621	0.06091	0.03294	0.01374	0.01386	0.00994	0.00689	0.00574	0.00172	0.00688	0.00509	0.00543	0.00942
11	0.83671	0.01125	0.00855	0.00765	0.01125	0.01305	0.00630	0.01709	0.00990	0.02609	0.00810	0.00945	0.00630	0.00540	0.00360	0.00180	0.00450	0.00315	0.00360	0.00630
12	0.00846	0.00564	0.00634	0.00634	0.00634	0.00564	0.00352	0.00846	0.00846	0.01128	0.01832	0.03805	0.02114	0.79563	0.02960	0.00564	0.00564	0.00846	0.00352	0.00352
13	0.00709	0.00506	0.00675	0.00810	0.00843	0.00472	0.00540	0.00810	0.01113	0.01484	0.03205	0.79184	0.03846	0.01822	0.00742	0.00236	0.00337	0.01653	0.00540	0.00472
14	0.00818	0.00594	0.00771	0.00727	0.00866	0.00547	0.00545	0.01088	0.01635	0.02305	0.73195	0.04388	0.07937	0.01199	0.00686	0.00183	0.00275	0.01058	0.00637	0.00547
15	0.02211	0.01629	0.01745	0.01338	0.01803	0.01803	0.01105	0.73997	0.02734	0.03665	0.01396	0.01396	0.00989	0.00698	0.00582	0.00175	0.00640	0.00524	0.00582	0.00989
16	0.00846	0.00564	0.00634	0.00634	0.00634	0.00564	0.00352	0.00846	0.00846	0.01128	0.01832	0.03805	0.02114	0.79563	0.02960	0.00564	0.00564	0.00846	0.00352	0.00352
17	0.00906	0.00649	0.00894	0.00979	0.01114	0.00637	0.00832	0.01176	0.01422	0.01900	0.22654	0.05962	0.03924	0.01494	0.00772	0.00245	0.00465	0.52872	0.00564	0.00539
18	0.00937	0.00669	0.00937	0.01071	0.01205	0.00669	0.00937	0.01205	0.01339	0.01740	0.03079	0.06560	0.03347	0.01606	0.00803	0.00268	0.00535	0.72021	0.00535	0.00535
19	0.01098	0.01034	0.01744	0.78165	0.04005	0.01292	0.01615	0.01486	0.01163	0.01486	0.01034	0.01550	0.00775	0.00581	0.00581	0.00194	0.00775	0.00517	0.00258	0.00646
20	0.02136	0.02695	0.01631	0.01482	0.01783	0.73434	0.01113	0.02361	0.05315	0.01474	0.00972	0.01105	0.00800	0.00609	0.00528	0.00152	0.01019	0.00389	0.00314	0.00686
21	0.01555	0.79913	0.03047	0.00995	0.01493	0.02301	0.00995	0.01741	0.01182	0.01368	0.00808	0.00933	0.00746	0.00498	0.00373	0.00124	0.00622	0.00311	0.00249	0.00746
22	0.00767	0.00615	0.00701	0.00743	0.00920	0.00548	0.00600	0.00953	0.01330	0.01625	0.04990	0.05905	0.52521	0.01516	0.00724	0.00219	0.00372	0.23906	0.00539	0.00505
23	0.02083	0.02624	0.01661	0.01501	0.01771	0.69783	0.01138	0.02231	0.01573	0.01421	0.00886	0.01071	0.00750	0.00641	0.00661	0.00160	0.08692	0.00388	0.00295	0.00670
24	0.00795	0.00564	0.00628	0.00641	0.00690	0.00538	0.00392	0.00840	0.00985	0.01267	0.02920	0.11664	0.19542	0.53578	0.02208	0.00445	0.00478	0.01015	0.00415	0.00397
25	0.02609	0.00990	0.01350	0.01035	0.01484	0.00855	0.00855	0.02834	0.01664	0.76338	0.02294	0.01979	0.01439	0.00720	0.00585	0.00180	0.00495	0.00585	0.00720	0.00990
26	0.00704	0.00522	0.00658	0.00767	0.00832	0.00476	0.00521	0.00815	0.01155	0.01501	0.03728	0.64859	0.17833	0.01754	0.00732	0.00228	0.00329	0.01570	0.00540	0.00476
27	0.00823	0.00594	0.00777	0.00732	0.00869	0.00549	0.00549	0.01097	0.01646	0.02332	0.75629	0.04344	0.05487	0.01189	0.00686	0.00183	0.00274	0.01052	0.00640	0.00549
28	0.02431	0.01145	0.06520	0.01081	0.01549	0.00922	0.00945	0.05986	0.01683	0.65374	0.04637	0.01980	0.01507	0.00723	0.00586	0.00180	0.00519	0.00587	0.00678	0.00966
29	0.00937	0.00669	0.00937	0.01071	0.01205	0.00669	0.00937	0.01205	0.01339	0.01740	0.03079	0.06560	0.03347	0.01606	0.00803	0.00268	0.00535	0.72021	0.00535	0.00535
30	0.03602	0.00818	0.00932	0.00867	0.01077	0.00851	0.00665	0.01717	0.24558	0.02279	0.41379	0.03736	0.11457	0.01082	0.00649	0.00191	0.00346	0.02528	0.00603	0.00662
31	0.01677	0.01357	0.05455	0.12549	0.08011	0.01317	0.15229	0.15679	0.08928	0.15424	0.01600	0.05518	0.01219	0.00683	0.00606	0.00186	0.00675	0.00626	0.00459	0.02802
32	0.01527	0.23767	0.12313	0.03650	0.03515	0.10436	0.01150	0.08878	0.08058	0.01888	0.01159	0.01355	0.00948	0.00578	0.00488	0.00146	0.00659	0.02011	0.00344	0.17131
33	0.10626	0.06727	0.01590	0.01330	0.06973	0.16509	0.03234	0.10369	0.10958	0.02105	0.01266	0.04024	0.01048	0.00615	0.00506	0.00151	0.00630	0.00475	0.00392	0.20473
34	0.04328	0.10504	0.06366	0.01294	0.01695	0.25401	0.01091	0.25883	0.05910	0.03833	0.04753	0.03842	0.01214	0.00695	0.00543	0.00166	0.00735	0.00510	0.00434	0.00804
35	0.09575	0.01692	0.11862	0.01251	0.01681	0.09403	0.01111	0.25062	0.17254	0.05615	0.05154	0.03162	0.01365	0.00800	0.02278	0.00197	0.00648	0.00556	0.00488	0.00847

[dist]
# distance from previous block
# <min> <max>
0	64

[block]
# block no. 1 follows, 40 sequences, length 263
# corresponding to MSA columns:
# 231-493
name=unknown_B
#
# <colnr> <probs for GDERKNQSTAVLIFYWHMCP>
#	G	D	E	R	K	N	Q	S	T	A	V	L	I	F	Y	W	H	M	C	P
0	0.11373	0.01645	0.13847	0.02732	0.01663	0.12639	0.03706	0.11158	0.06143	0.05332	0.07615	0.06032	0.06093	0.02053	0.00600	0.00182	0.00632	0.00619	0.00429	0.05509
1	0.06002	0.08053	0.09849	0.01120	0.03779	0.05365	0.03411	0.02641	0.01333	0.07555	0.06023	0.12294	0.16965	0.01163	0.02606	0.00215	0.00565	0.09958	0.00453	0.00652
2	0.18728	0.11673	0.10209	0.03352	0.07116	0.06615	0.01089	0.11203	0.06682	0.02128	0.01491	0.08936	0.04129	0.00756	0.00569	0.00180	0.03436	0.00577	0.00387	0.00744
3	0.08387	0.28514	0.04445	0.03826	0.01506	0.01480	0.02949	0.10087	0.01340	0.04583	0.02697	0.06219	0.01164	0.00896	0.03549	0.06356	0.00603	0.00504	0.03030	0.07865
4	0.15768	0.26021	0.01726	0.00945	0.01330	0.01387	0.03435	0.06326	0.01372	0.13690	0.05804	0.02183	0.14613	0.00794	0.00539	0.01817	0.00507	0.00589	0.00438	0.00716
5	0.01338	0.01470	0.12336	0.08498	0.19025	0.05036	0.04219	0.05840	0.12627	0.03906	0.03129	0.08690	0.01435	0.01116	0.08486	0.00264	0.00757	0.00653	0.00387	0.00786
6	0.00937	0.05827	0.13710	0.00897	0.01096	0.00836	0.00780	0.01110	0.00955	0.01318	0.01605	0.04369	0.01690	0.43698	0.18266	0.00546	0.00826	0.00711	0.00323	0.00500
7	0.03304	0.64368	0.11523	0.01142	0.01679	0.03426	0.04439	0.01768	0.01200	0.01474	0.00854	0.00998	0.00749	0.00506	0.00411	0.00136	0.00669	0.00343	0.00254	0.00757
8	0.01093	0.02867	0.01271	0.01057	0.01157	0.00767	0.11365	0.00983	0.00867	0.01167	0.01015	0.01688	0.00970	0.01697	0.01967	0.63985	0.04932	0.00527	0.00259	0.00366
9	0.01829	0.29468	0.02099	0.03503	0.01677	0.04496	0.01026	0.29216	0.10144	0.06514	0.01459	0.01476	0.03364	0.00655	0.00510	0.00160	0.00613	0.00483	0.00451	0.00857
10	0.01905	0.01431	0.01522	0.01196	0.01608	0.03452	0.00962	0.47120	0.09673	0.05690	0.01509	0.01674	0.01162	0.07531	0.00770	0.00199	0.00595	0.00542	0.00532	0.10929
11	0.01483	0.01174	0.01286	0.01156	0.03449	0.01278	0.00880	0.16904	0.38247	0.05160	0.02648	0.06962	0.12360	0.00908	0.00606	0.00190	0.00472	0.00754	0.00568	0.03514
12	0.00817	0.00703	0.04197	0.00751	0.00930	0.00576	0.00604	0.01089	0.01575	0.02187	0.60965	0.04404	0.16615	0.01206	0.00680	0.00185	0.00304	0.01052	0.00606	0.00554
13	0.01362	0.01404	0.02664	0.13621	0.29104	0.01412	0.32818	0.01864	0.06295	0.01860	0.01207	0.01560	0.00941	0.00533	0.00625	0.00187	0.00812	0.00600	0.00307	0.00823
14	0.02344	0.01415	0.01613	0.01236	0.01697	0.01486	0.01021	0.50180	0.02376	0.27987	0.01697	0.01591	0.01140	0.00705	0.00583	0.00176	0.00591	0.00544	0.00628	0.00989
15	0.00803	0.00585	0.00733	0.00728	0.00862	0.00534	0.00546	0.00993	0.01439	0.01941	0.42388	0.10322	0.22084	0.01398	0.00817	0.06368	0.00320	0.06062	0.00572	0.00506
16	0.00701	0.00590	0.00608	0.00603	0.00794	0.00497	0.00452	0.00861	0.01357	0.01647	0.12841	0.05472	0.68703	0.01444	0.00687	0.00195	0.00293	0.01210	0.00550	0.00497
17	0.01004	0.00865	0.01220	0.01590	0.22616	0.00850	0.00919	0.01366	0.09159	0.01798	0.09310	0.25120	0.19475	0.01200	0.00661	0.00200	0.00437	0.01069	0.00481	0.00661
18	0.25542	0.01484	0.01490	0.01174	0.01609	0.01661	0.00969	0.53293	0.02235	0.03363	0.01228	0.01267	0.00886	0.00653	0.00518	0.00176	0.00585	0.00464	0.00518	0.00886
19	0.02128	0.01564	0.01673	0.01295	0.01740	0.01731	0.01066	0.67752	0.05654	0.03546	0.01459	0.01463	0.01044	0.00701	0.00574	0.00174	0.00616	0.00530	0.04325	0.00966
20	0.00846	0.00564	0.00634	0.00634	0.00634	0.00564	0.00352	0.00846	0.00846	0.01128	0.01832	0.03805	0.02114	0.79563	0.02960	0.00564	0.00564	0.00846	0.00352	0.00352
21	0.00833	0.00615	0.00893	0.00893	0.00982	0.00704	0.00675	0.01012	0.00922	0.01319	0.01596	0.02497	0.01546	0.14843	0.66903	0.00883	0.01419	0.00654	0.00317	0.00496
22	0.04302	0.00534	0.00754	0.00749	0.00773	0.00540	0.00508	0.00830	0.00816	0.01164	0.03756	0.01843	0.01176	0.01882	0.02071	0.73733	0.00486	0.00519	0.03275	0.00289
23	0.01062	0.00552	0.00601	0.00615	0.00739	0.00552	0.00470	0.01288	0.01192	0.02023	0.01942	0.02585	0.01640	0.00890	0.00610	0.07362	0.00319	0.07897	0.67147	0.00516
24	0.00831	0.00623	0.00935	0.00935	0.01038	0.00727	0.00727	0.01038	0.00935	0.01350	0.01558	0.02285	0.01454	0.04361	0.77259	0.00935	0.01558	0.00623	0.00312	0.00519
25	0.00823	0.00594	0.00777	0.00732	0.00869	0.00549	0.00549	0.01097	0.01646	0.02332	0.75629	0.04344	0.05487	0.01189	0.00686	0.00183	0.00274	0.01052	0.00640	0.00549
26	0.00725	0.00522	0.00687	0.00790	0.00845	0.00484	0.00537	0.00853	0.01201	0.01613	0.14041	0.65216	0.06900	0.01714	0.00732	0.00227	0.00326	0.01547	0.00555	0.00484
27	0.02229	0.01600	0.01727	0.01324	0.01789	0.01760	0.01094	0.70757	0.02685	0.06974	0.01437	0.01423	0.01009	0.00699	0.00582	0.00175	0.00633	0.00526	0.00588	0.00989
28	0.01373	0.01569	0.03431	0.02451	0.03039	0.01471	0.73824	0.01863	0.01373	0.01863	0.01176	0.01569	0.00882	0.00490	0.00686	0.00196	0.00980	0.00686	0.00294	0.00784
29	0.00823	0.00594	0.00777	0.00732	0.00869	0.00549	0.00549	0.01097	0.01646	0.02332	0.75629	0.04344	0.05487	0.01189	0.00686	0.00183	0.00274	0.01052	0.00640	0.00549
30	0.01080	0.00649	0.00849	0.00768	0.00940	0.00594	0.00579	0.01328	0.01592	0.12843	0.59928	0.03967	0.04670	0.06646	0.00832	0.00209	0.00326	0.00970	0.00631	0.00598
31	0.83671	0.01125	0.00855	0.00765	0.01125	0.01305	0.00630	0.01709	0.00990	0.02609	0.00810	0.00945	0.00630	0.00540	0.00360	0.00180	0.00450	0.00315	0.00360	0.00630
32	0.83671	0.01125	0.00855	0.00765	0.01125	0.01305	0.00630	0.01709	0.00990	0.02609	0.00810	0.00945	0.00630	0.00540	0.00360	0.00180	0.00450	0.00315	0.00360	0.00630
33	0.00781	0.00593	0.00719	0.00687	0.00843	0.00531	0.00515	0.01016	0.01546	0.02095	0.53944	0.04733	0.27320	0.01277	0.00686	0.00187	0.00281	0.01106	0.00609	0.00531
34	0.02609	0.00990	0.01350	0.01035	0.01484	0.00855	0.00855	0.02834	0.01664	0.76338	0.02294	0.01979	0.01439	0.00720	0.00585	0.00180	0.00495	0.00585	0.00720	0.00990
35	0.01489	0.01240	0.01316	0.01178	0.01511	0.01425	0.00918	0.03081	0.72215	0.05128	0.02364	0.02163	0.01763	0.00786	0.00591	0.00197	0.00461	0.00655	0.00596	0.00923
36	0.01348	0.01740	0.12153	0.02356	0.02977	0.01456	0.65274	0.01860	0.01355	0.01860	0.01161	0.01528	0.00865	0.00498	0.00670	0.00195	0.00966	0.00656	0.00288	0.00793
37	0.01082	0.00778	0.01143	0.07425	0.04456	0.00880	0.00884	0.03304	0.01111	0.07708	0.01750	0.12102	0.01673	0.02854	0.42133	0.00603	0.06500	0.02634	0.00379	0.00601
38	0.00849	0.00562	0.00632	0.00636	0.00641	0.00561	0.00359	0.00860	0.00864	0.01169	0.01870	0.05706	0.02140	0.75144	0.02825	0.00542	0.00549	0.00857	0.02872	0.00361
39	0.83671	0.01125	0.00855	0.00765	0.01125	0.01305	0.00630	0.01709	0.00990	0.02609	0.00810	0.00945	0.00630	0.00540	0.00360	0.00180	0.00450	0.00315	0.00360	0.00630
40	0.01446	0.01249	0.01315	0.01183	0.01512	0.01446	0.00920	0.03090	0.74885	0.02433	0.02367	0.02170	0.01775	0.00789	0.00592	0.00197	0.00460	0.00657	0.00592	0.00920
41	0.01439	0.01382	0.02360	0.03569	0.75936	0.01382	0.01785	0.01785	0.01324	0.01900	0.01094	0.01439	0.00921	0.00518	0.00576	0.00173	0.00691	0.00518	0.00288	0.00921
42	0.01719	0.01389	0.01533	0.08647	0.06988	0.16240	0.07189	0.11267	0.01569	0.13246	0.01491	0.01719	0.01135	0.03721	0.00632	0.00180	0.00657	0.00533	0.19403	0.00744
43	0.00823	0.00594	0.00777	0.00732	0.00869	0.00549	0.00549	0.01097	0.01646	0.02332	0.75629	0.04344	0.05487	0.01189	0.00686	0.00183	0.00274	0.01052	0.00640	0.00549
44	0.00846	0.00564	0.00634	0.00634	0.00634	0.00564	0.00352	0.00846	0.00846	0.01128	0.01832	0.03805	0.02114	0.79563	0.02960	0.00564	0.00564	0.00846	0.00352	0.00352
45	0.83671	0.01125	0.00855	0.00765	0.01125	0.01305	0.00630	0.01709	0.00990	0.02609	0.00810	0.00945	0.00630	0.00540	0.00360	0.00180	0.00450	0.00315	0.00360	0.00630
46	0.01010	0.00505	0.00758	0.00758	0.00758	0.00505	0.00505	0.00758	0.00758	0.01010	0.01010	0.01768	0.01010	0.02020	0.02273	0.83081	0.00505	0.00505	0.00253	0.00253
47	0.02211	0.01629	0.01745	0.01338	0.01803	0.01803	0.01105	0.73997	0.02734	0.03665	0.01396	0.01396	0.00989	0.00698	0.00582	0.00175	0.00640	0.00524	0.00582	0.00989
48	0.01373	0.01569	0.03431	0.02451	0.03039	0.01471	0.73824	0.01863	0.01373	0.01863	0.01176	0.01569	0.00882	0.00490	0.00686	0.00196	0.00980	0.00686	0.00294	0.00784
49	0.00792	0.00541	0.00650	0.00702	0.00716	0.00528	0.00425	0.00832	0.00950	0.01266	0.02366	0.33103	0.02787	0.49347	0.02098	0.00436	0.00476	0.01160	0.00425	0.00399
50	0.01877	0.00814	0.01088	0.00920	0.01220	0.00718	0.00717	0.02068	0.01495	0.46831	0.10344	0.17652	0.04916	0.05603	0.00768	0.00214	0.00438	0.00882	0.00648	0.00787
51	0.01446	0.01249	0.01315	0.01183	0.01512	0.01446	0.00920	0.03090	0.74885	0.02433	0.02367	0.02170	0.01775	0.00789	0.00592	0.00197	0.00460	0.00657	0.00592	0.00920
52	0.02609	0.00990	0.01350	0.01035	0.01484	0.00855	0.00855	0.02834	0.01664	0.76338	0.02294	0.01979	0.01439	0.00720	0.00585	0.00180	0.00495	0.00585	0.00720	0.00990
53	0.01279	0.00668	0.00854	0.00817	0.01002	0.00597	0.00600	0.01429	0.01314	0.23173	0.06242	0.34941	0.14470	0.06494	0.00822	0.00230	0.00386	0.01167	0.02893	0.00622
54	0.12597	0.00623	0.00586	0.00573	0.00740	0.00648	0.00438	0.01404	0.01187	0.02230	0.01745	0.01997	0.01371	0.00658	0.00400	0.00142	0.00296	0.00510	0.71300	0.00554
55	0.02211	0.01629	0.01745	0.01338	0.01803	0.01803	0.01105	0.73997	0.02734	0.03665	0.01396	0.01396	0.00989	0.00698	0.00582	0.00175	0.00640	0.00524	0.00582	0.00989
56	0.00711	0.00515	0.00666	0.00785	0.00832	0.00477	0.00525	0.00813	0.01124	0.01481	0.03402	0.70351	0.10176	0.04159	0.00805	0.00243	0.00340	0.01591	0.00534	0.00470
57	0.05953	0.00565	0.00663	0.00744	0.00834	0.00556	0.00530	0.01049	0.01151	0.01770	0.02665	0.47312	0.02925	0.01394	0.00624	0.00205	0.00337	0.05535	0.24681	0.00506
58	0.00764	0.00614	0.00695	0.00736	0.00913	0.00545	0.00593	0.00948	0.01330	0.01623	0.05033	0.05890	0.53615	0.01514	0.00723	0.00218	0.00368	0.22837	0.00539	0.00505
59	0.01206	0.01034	0.01206	0.00861	0.01378	0.00775	0.00689	0.01464	0.01206	0.01895	0.01034	0.01206	0.00861	0.00431	0.00431	0.00086	0.00431	0.00345	0.00345	0.83118
60	0.01154	0.00876	0.01127	0.01034	0.01179	0.03434	0.04314	0.06457	0.01281	0.06954	0.07596	0.21321	0.04835	0.15240	0.05688	0.00321	0.09438	0.06705	0.00464	0.00580
61	0.15929	0.00983	0.01194	0.00947	0.01350	0.00922	0.00778	0.04337	0.01534	0.54558	0.01983	0.01811	0.01298	0.00685	0.00529	0.00175	0.00468	0.00534	0.09102	0.00884
62	0.05032	0.01067	0.01380	0.01061	0.01510	0.00978	0.00877	0.10993	0.01767	0.65726	0.02146	0.01881	0.01363	0.00712	0.00578	0.00179	0.00510	0.00570	0.00693	0.00979
63	0.01534	0.44017	0.13141	0.07948	0.01990	0.01944	0.05398	0.12048	0.01410	0.01803	0.00965	0.01142	0.00790	0.00557	0.00513	0.00154	0.03155	0.00404	0.00299	0.00787
64	0.00868	0.00633	0.00775	0.00818	0.00928	0.00623	0.00588	0.01143	0.08753	0.02884	0.07648	0.34620	0.14495	0.09856	0.04051	0.02973	0.00436	0.06871	0.00516	0.00522
65	0.01272	0.01272	0.01781	0.01527	0.01527	0.01781	0.01272	0.01399	0.00891	0.01399	0.00763	0.01272	0.00763	0.01018	0.01908	0.00254	0.78499	0.00509	0.00254	0.00636
66	0.00855	0.00622	0.00926	0.00926	0.01013	0.00720	0.00710	0.01008	0.00923	0.01322	0.01556	0.05706	0.01499	0.03918	0.64106	0.09341	0.03385	0.00655	0.00314	0.00493
67	0.38279	0.01090	0.01047	0.00900	0.01245	0.01179	0.00731	0.15131	0.04152	0.10767	0.02091	0.04339	0.12956	0.00818	0.00512	0.00187	0.00465	0.02905	0.00489	0.00717
68	0.01675	0.00760	0.01015	0.00882	0.01144	0.00676	0.00683	0.01864	0.01480	0.37685	0.16949	0.18442	0.04884	0.01113	0.00702	0.03625	0.00403	0.00910	0.04379	0.00731
69	0.00793	0.00571	0.00751	0.00752	0.00862	0.00529	0.00546	0.01022	0.01507	0.02111	0.56772	0.23830	0.05060	0.01354	0.00701	0.00197	0.00291	0.01208	0.00614	0.00529
70	0.00693	0.00589	0.00598	0.00596	0.00789	0.00494	0.00447	0.00847	0.01340	0.01606	0.09066	0.05539	0.72503	0.01460	0.00687	0.00196	0.00294	0.01219	0.00545	0.00494
71	0.08171	0.00652	0.00770	0.00771	0.00909	0.00625	0.00554	0.01169	0.01222	0.09364	0.13516	0.26432	0.11728	0.16491	0.01110	0.00278	0.00403	0.04781	0.00521	0.00533
72	0.00714	0.00518	0.00675	0.00788	0.00841	0.00479	0.00533	0.00830	0.01163	0.01545	0.08030	0.68845	0.09382	0.01755	0.00734	0.00230	0.00330	0.01583	0.00546	0.00479
73	0.01098	0.01034	0.01744	0.78165	0.04005	0.01292	0.01615	0.01486	0.01163	0.01486	0.01034	0.01550	0.00775	0.00581	0.00581	0.00194	0.00775	0.00517	0.00258	0.00646
74	0.02184	0.01567	0.01687	0.01298	0.01751	0.01724	0.01071	0.68833	0.02641	0.06178	0.01446	0.01445	0.01023	0.00698	0.00575	0.00173	0.00621	0.00526	0.03585	0.00973
75	0.00744	0.00591	0.00668	0.00649	0.00820	0.00515	0.00486	0.00944	0.01459	0.01888	0.34967	0.05074	0.46425	0.01354	0.00687	0.00191	0.00286	0.01154	0.00582	0.00515
76	0.01373	0.01569	0.03431	0.02451	0.03039	0.01471	0.73824	0.01863	0.01373	0.01863	0.01176	0.01569	0.00882	0.00490	0.00686	0.00196	0.00980	0.00686	0.00294	0.00784
77	0.83671	0.01125	0.00855	0.00765	0.01125	0.01305	0.00630	0.01709	0.00990	0.02609	0.00810	0.00945	0.00630	0.00540	0.00360	0.00180	0.00450	0.00315	0.00360	0.00630
78	0.00862	0.00562	0.00628	0.00628	0.00637	0.00562	0.00356	0.00882	0.00872	0.01201	0.01837	0.03690	0.02070	0.74003	0.02780	0.00534	0.00543	0.00824	0.06163	0.00366
79	0.02609	0.00990	0.01350	0.01035	0.01484	0.00855	0.00855	0.02834	0.01664	0.76338	0.02294	0.01979	0.01439	0.00720	0.00585	0.00180	0.00495	0.00585	0.00720	0.00990
80	0.02211	0.01629	0.01745	0.01338	0.01803	0.01803	0.01105	0.73997	0.02734	0.03665	0.01396	0.01396	0.00989	0.00698	0.00582	0.00175	0.00640	0.00524	0.00582	0.00989
81	0.83671	0.01125	0.00855	0.00765	0.01125	0.01305	0.00630	0.01709	0.00990	0.02609	0.00810	0.00945	0.00630	0.00540	0.00360	0.00180	0.00450	0.00315	0.00360	0.00630
82	0.00709	0.00506	0.00675	0.00810	0.00843	0.00472	0.00540	0.00810	0.01113	0.01484	0.03205	0.79184	0.03846	0.01822	0.00742	0.00236	0.00337	0.01653	0.00540	0.00472
83	0.01446	0.01249	0.01315	0.01183	0.01512	0.01446	0.00920	0.03090	0.74885	0.02433	0.02367	0.02170	0.01775	0.00789	0.00592	0.00197	0.00460	0.00657	0.00592	0.00920
84	0.01010	0.00505	0.00758	0.00758	0.00758	0.00505	0.00505	0.00758	0.00758	0.01010	0.01010	0.01768	0.01010	0.02020	0.02273	0.83081	0.00505	0.00505	0.00253	0.00253
85	0.01206	0.01034	0.01206	0.00861	0.01378	0.00775	0.00689	0.01464	0.01206	0.01895	0.01034	0.01206	0.00861	0.00431	0.00431	0.00086	0.00431	0.00345	0.00345	0.83118
86	0.02609	0.00990	0.01350	0.01035	0.01484	0.00855	0.00855	0.02834	0.01664	0.76338	0.02294	0.01979	0.01439	0.00720	0.00585	0.00180	0.00495	0.00585	0.00720	0.00990
87	0.00937	0.00669	0.00937	0.01071	0.01205	0.00669	0.00937	0.01205	0.01339	0.01740	0.03079	0.06560	0.03347	0.01606	0.00803	0.00268	0.00535	0.72021	0.00535	0.00535
88	0.00831	0.00623	0.00935	0.00935	0.01038	0.00727	0.00727	0.01038	0.00935	0.01350	0.01558	0.02285	0.01454	0.04361	0.77259	0.00935	0.01558	0.00623	0.00312	0.00519
89	0.02547	0.01035	0.01445	0.01101	0.01557	0.00912	0.03718	0.05310	0.01691	0.70857	0.02219	0.01943	0.01402	0.00710	0.00589	0.00180	0.00519	0.00587	0.00698	0.00982
90	0.00744	0.00594	0.00669	0.00673	0.00843	0.00520	0.00514	0.00932	0.01402	0.01779	0.23684	0.07950	0.49009	0.01422	0.00698	0.00200	0.00310	0.06980	0.00566	0.00509
91	0.00823	0.00594	0.00777	0.00732	0.00869	0.00549	0.00549	0.01097	0.01646	0.02332	0.75629	0.04344	0.05487	0.01189	0.00686	0.00183	0.00274	0.01052	0.00640	0.00549
92	0.74387	0.01135	0.00927	0.00808	0.01178	0.01291	0.00665	0.04676	0.01109	0.08140	0.00944	0.01040	0.00704	0.00560	0.00385	0.00180	0.00461	0.00343	0.00396	0.00671
93	0.00891	0.00690	0.00976	0.00929	0.01062	0.00766	0.00717	0.01083	0.00953	0.01390	0.01490	0.02254	0.01416	0.10066	0.59733	0.00785	0.04862	0.00608	0.00316	0.09013
94	0.01010	0.00505	0.00758	0.00758	0.00758	0.00505	0.00505	0.00758	0.00758	0.01010	0.01010	0.01768	0.01010	0.02020	0.02273	0.83081	0.00505	0.00505	0.00253	0.00253
95	0.00699	0.00589	0.00603	0.00603	0.00788	0.00502	0.00448	0.00842	0.01293	0.01546	0.05579	0.05409	0.70198	0.04630	0.03481	0.00237	0.00350	0.01191	0.00525	0.00486
96	0.01206	0.01034	0.01206	0.00861	0.01378	0.00775	0.00689	0.01464	0.01206	0.01895	0.01034	0.01206	0.00861	0.00431	0.00431	0.00086	0.00431	0.00345	0.00345	0.83118
97	0.01093	0.00797	0.00978	0.00871	0.01153	0.00674	0.00658	0.01339	0.04152	0.07278	0.02294	0.32696	0.04366	0.01114	0.00600	0.00170	0.00402	0.04920	0.00476	0.33970
98	0.01387	0.01002	0.01150	0.01072	0.04206	0.03303	0.00791	0.09879	0.19350	0.10555	0.25639	0.05411	0.08007	0.01019	0.00705	0.03961	0.00438	0.00811	0.00578	0.00735
99	0.01166	0.03008	0.76550	0.01657	0.02517	0.01351	0.02149	0.01842	0.01228	0.01842	0.01044	0.01228	0.00737	0.00552	0.00552	0.00184	0.00859	0.00430	0.00246	0.00859
100	0.01098	0.01034	0.01744	0.78165	0.04005	0.01292	0.01615	0.01486	0.01163	0.01486	0.01034	0.01550	0.00775	0.00581	0.00581	0.00194	0.00775	0.00517	0.00258	0.00646
101	0.02211	0.01629	0.01745	0.01338	0.01803	0.01803	0.01105	0.73997	0.02734	0.03665	0.01396	0.01396	0.00989	0.00698	0.00582	0.00175	0.00640	0.00524	0.00582	0.00989
102	0.01098	0.01034	0.01744	0.78165	0.04005	0.01292	0.01615	0.01486	0.01163	0.01486	0.01034	0.01550	0.00775	0.00581	0.00581	0.00194	0.00775	0.00517	0.00258	0.00646
103	0.00846	0.00564	0.00634	0.00634	0.00634	0.00564	0.00352	0.00846	0.00846	0.01128	0.01832	0.03805	0.02114	0.79563	0.02960	0.00564	0.00564	0.00846	0.00352	0.00352
104	0.00937	0.00669	0.00937	0.01071	0.01205	0.00669	0.00937	0.01205	0.01339	0.01740	0.03079	0.06560	0.03347	0.01606	0.00803	0.00268	0.00535	0.72021	0.00535	0.00535
105	0.02211	0.01629	0.01745	0.01338	0.01803	0.01803	0.01105	0.73997	0.02734	0.03665	0.01396	0.01396	0.00989	0.00698	0.00582	0.00175	0.00640	0.00524	0.00582	0.00989
106	0.02211	0.01629	0.01745	0.01338	0.01803	0.01803	0.01105	0.73997	0.02734	0.03665	0.01396	0.01396	0.00989	0.00698	0.00582	0.00175	0.00640	0.00524	0.00582	0.00989
107	0.00846	0.00564	0.00634	0.00634	0.00634	0.00564	0.00352	0.00846	0.00846	0.01128	0.01832	0.03805	0.02114	0.79563	0.02960	0.00564	0.00564	0.00846	0.00352	0.00352
108	0.01373	0.01569	0.03431	0.02451	0.03039	0.01471	0.73824	0.01863	0.01373	0.01863	0.01176	0.01569	0.00882	0.00490	0.00686	0.00196	0.00980	0.00686	0.00294	0.00784
109	0.83671	0.01125	0.00855	0.00765	0.01125	0.01305	0.00630	0.01709	0.00990	0.02609	0.00810	0.00945	0.00630	0.00540	0.00360	0.00180	0.00450	0.00315	0.00360	0.00630
110	0.00846	0.00564	0.00634	0.00634	0.00634	0.00564	0.00352	0.00846	0.00846	0.01128	0.01832	0.03805	0.02114	0.79563	0.02960	0.00564	0.00564	0.00846	0.00352	0.00352
111	0.02211	0.01629	0.01745	0.01338	0.01803	0.01803	0.01105	0.73997	0.02734	0.03665	0.01396	0.01396	0.00989	0.00698	0.00582	0.00175	0.00640	0.00524	0.00582	0.00989
112	0.00704	0.00587	0.00600	0.00598	0.00778	0.00499	0.00439	0.00846	0.01303	0.01568	0.08370	0.05413	0.67421	0.07275	0.00856	0.00223	0.00314	0.01192	0.00530	0.00483
113	0.83671	0.01125	0.00855	0.00765	0.01125	0.01305	0.00630	0.01709	0.00990	0.02609	0.00810	0.00945	0.00630	0.00540	0.00360	0.00180	0.00450	0.00315	0.00360	0.00630
114	0.00741	0.00636	0.00640	0.00631	0.00837	0.00558	0.00476	0.00994	0.06510	0.01632	0.05643	0.05355	0.70489	0.01425	0.00681	0.00196	0.00306	0.01187	0.00544	0.00521
115	0.83671	0.01125	0.00855	0.00765	0.01125	0.01305	0.00630	0.01709	0.00990	0.02609	0.00810	0.00945	0.00630	0.00540	0.00360	0.00180	0.00450	0.00315	0.00360	0.00630
116	0.00712	0.00509	0.00678	0.00807	0.00844	0.00475	0.00540	0.00819	0.01131	0.01512	0.05554	0.76757	0.03899	0.01801	0.00740	0.00234	0.00335	0.01634	0.00543	0.00475
117	0.01446	0.01249	0.01315	0.01183	0.01512	0.01446	0.00920	0.03090	0.74885	0.02433	0.02367	0.02170	0.01775	0.00789	0.00592	0.00197	0.00460	0.00657	0.00592	0.00920
118	0.00831	0.00621	0.00924	0.00924	0.01024	0.00721	0.00713	0.01031	0.00931	0.01342	0.01568	0.02340	0.01478	0.07098	0.74555	0.00921	0.01521	0.00631	0.00313	0.00513
119	0.01249	0.00984	0.01169	0.00858	0.01330	0.00756	0.00684	0.01507	0.01280	0.06383	0.09087	0.01588	0.01391	0.00529	0.00467	0.00102	0.00418	0.00434	0.00399	0.69387
120	0.00707	0.00511	0.00669	0.00796	0.00840	0.00474	0.00534	0.00811	0.01127	0.01490	0.03376	0.74496	0.08423	0.01800	0.00739	0.00234	0.00335	0.01626	0.00540	0.00474
121	0.06905	0.00583	0.00564	0.00558	0.00709	0.00596	0.00422	0.01380	0.01203	0.02199	0.01820	0.02082	0.01430	0.00668	0.00403	0.00139	0.00284	0.00526	0.76981	0.00548
122	0.83671	0.01125	0.00855	0.00765	0.01125	0.01305	0.00630	0.01709	0.00990	0.02609	0.00810	0.00945	0.00630	0.00540	0.00360	0.00180	0.00450	0.00315	0.00360	0.00630
123	0.00860	0.00559	0.00645	0.00645	0.00645	0.00559	0.00366	0.00838	0.00838	0.01117	0.01761	0.03628	0.02018	0.72820	0.02900	0.07739	0.00559	0.00816	0.00344	0.00344
124	0.00687	0.00589	0.00589	0.00589	0.00785	0.00491	0.00442	0.00835	0.01325	0.01571	0.05891	0.05596	0.75700	0.01473	0.00687	0.00196	0.00295	0.01227	0.00540	0.00491
125	0.00743	0.00626	0.00650	0.00657	0.00844	0.00556	0.00487	0.00991	0.06485	0.01621	0.05322	0.14132	0.61919	0.01466	0.00687	0.00201	0.00311	0.01238	0.00544	0.00519
126	0.01983	0.12876	0.04162	0.01378	0.09744	0.03366	0.01046	0.10878	0.07764	0.32143	0.01772	0.04693	0.01307	0.00831	0.03265	0.00200	0.00608	0.00568	0.00527	0.00891
127	0.01477	0.04905	0.13415	0.07064	0.07458	0.16195	0.04279	0.03884	0.07369	0.01681	0.01061	0.01351	0.00877	0.00794	0.02468	0.00212	0.23979	0.00486	0.00304	0.00741
128	0.00856	0.00558	0.00674	0.00682	0.00691	0.00564	0.00409	0.00848	0.00858	0.01152	0.01797	0.07953	0.02039	0.60218	0.08278	0.10261	0.00617	0.00837	0.00349	0.00360
129	0.74701	0.06899	0.01047	0.00802	0.01176	0.01396	0.00674	0.04348	0.01067	0.02557	0.00831	0.00960	0.00651	0.00542	0.00369	0.00176	0.00469	0.00322	0.00360	0.00651
130	0.01010	0.00505	0.00758	0.00758	0.00758	0.00505	0.00505	0.00758	0.00758	0.01010	0.01010	0.01768	0.01010	0.02020	0.02273	0.83081	0.00505	0.00505	0.00253	0.00253
131	0.01169	0.01103	0.01756	0.42797	0.02970	0.01192	0.08437	0.01511	0.01177	0.01637	0.01029	0.01432	0.00810	0.00558	0.00639	0.00167	0.06063	0.00483	0.00287	0.24784
132	0.01059	0.00938	0.01584	0.01383	0.04931	0.00930	0.17622	0.04284	0.01183	0.01661	0.01676	0.15004	0.01643	0.04684	0.29693	0.00481	0.00993	0.00782	0.00361	0.09107
133	0.00880	0.00609	0.00787	0.00734	0.00886	0.00556	0.00553	0.01145	0.01627	0.04984	0.68702	0.04334	0.09620	0.01189	0.00682	0.00184	0.00284	0.01045	0.00637	0.00561
134	0.00846	0.00564	0.00634	0.00634	0.00634	0.00564	0.00352	0.00846	0.00846	0.01128	0.01832	0.03805	0.02114	0.79563	0.02960	0.00564	0.00564	0.00846	0.00352	0.00352
135	0.00832	0.00617	0.00904	0.00904	0.00998	0.00710	0.00689	0.01019	0.00926	0.01328	0.01585	0.02438	0.01520	0.11941	0.69770	0.00897	0.01457	0.00645	0.00316	0.00502
136	0.01446	0.01249	0.01315	0.01183	0.01512	0.01446	0.00920	0.03090	0.74885	0.02433	0.02367	0.02170	0.01775	0.00789	0.00592	0.00197	0.00460	0.00657	0.00592	0.00920
137	0.01477	0.01264	0.01332	0.01190	0.01524	0.01461	0.00928	0.05918	0.72008	0.02482	0.02328	0.02139	0.01744	0.00785	0.00591	0.00196	0.00467	0.00652	0.00591	0.00923
138	0.83671	0.01125	0.00855	0.00765	0.01125	0.01305	0.00630	0.01709	0.00990	0.02609	0.00810	0.00945	0.00630	0.00540	0.00360	0.00180	0.00450	0.00315	0.00360	0.00630
139	0.01628	0.01290	0.01385	0.01180	0.01525	0.01445	0.00933	0.28895	0.38034	0.02781	0.04317	0.08356	0.03870	0.00871	0.00606	0.00192	0.00506	0.00717	0.00584	0.00886
140	0.00705	0.00553	0.00632	0.00688	0.00809	0.00487	0.00484	0.00833	0.01233	0.01547	0.06853	0.36620	0.41137	0.03695	0.00771	0.00223	0.00319	0.01392	0.00538	0.00481
141	0.83671	0.01125	0.00855	0.00765	0.01125	0.01305	0.00630	0.01709	0.00990	0.02609	0.00810	0.00945	0.00630	0.00540	0.00360	0.00180	0.00450	0.00315	0.00360	0.00630
142	0.00854	0.00629	0.00825	0.00896	0.01036	0.00600	0.00741	0.01092	0.01390	0.01824	0.19394	0.10335	0.16541	0.01505	0.00754	0.00235	0.00424	0.39838	0.00559	0.00527
143	0.17362	0.00721	0.00791	0.00773	0.00954	0.00720	0.00579	0.03069	0.01337	0.05427	0.23993	0.23642	0.13105	0.02951	0.00681	0.00208	0.00359	0.02228	0.00538	0.00564
144	0.01010	0.00505	0.00758	0.00758	0.00758	0.00505	0.00505	0.00758	0.00758	0.01010	0.01010	0.01768	0.01010	0.02020	0.02273	0.83081	0.00505	0.00505	0.00253	0.00253
145	0.01084	0.00542	0.00542	0.00542	0.00678	0.00542	0.00407	0.01355	0.01220	0.02168	0.01897	0.02168	0.01491	0.00678	0.00407	0.00136	0.00271	0.00542	0.82791	0.00542
146	0.00977	0.00670	0.00784	0.00742	0.00921	0.00621	0.00554	0.05926	0.01487	0.06673	0.26204	0.15030	0.28302	0.04151	0.00752	0.00206	0.00339	0.01104	0.03986	0.00568
147	0.00805	0.00560	0.00685	0.00751	0.00803	0.00540	0.00510	0.00900	0.01063	0.01411	0.02841	0.30424	0.09269	0.32140	0.01603	0.00362	0.00448	0.11314	0.03133	0.00438
148	0.01004	0.00507	0.00753	0.00753	0.00753	0.00507	0.00499	0.00761	0.00761	0.01015	0.01042	0.01847	0.01053	0.05054	0.02300	0.79853	0.00507	0.00518	0.00256	0.00256
149	0.00854	0.00606	0.00902	0.00902	0.00989	0.00693	0.00686	0.00996	0.00909	0.01299	0.01498	0.02271	0.01420	0.06628	0.65215	0.11341	0.01390	0.00616	0.00305	0.00480
150	0.00856	0.00585	0.00759	0.00818	0.00895	0.00577	0.00572	0.01013	0.03095	0.04547	0.02812	0.43001	0.07030	0.14568	0.13086	0.00394	0.00580	0.03833	0.00483	0.00497
151	0.00709	0.00506	0.00675	0.00810	0.00843	0.00472	0.00540	0.00810	0.01113	0.01484	0.03205	0.79184	0.03846	0.01822	0.00742	0.00236	0.00337	0.01653	0.00540	0.00472
152	0.02540	0.00973	0.01322	0.01019	0.01451	0.00843	0.00835	0.02756	0.01632	0.73396	0.02276	0.02051	0.01466	0.03804	0.00678	0.00195	0.00498	0.00595	0.00705	0.00965
153	0.00839	0.00588	0.00759	0.00759	0.00803	0.00632	0.00509	0.00926	0.00883	0.01220	0.01718	0.03171	0.01839	0.48206	0.33941	0.00718	0.00978	0.00753	0.00335	0.00422
154	0.02138	0.07077	0.01726	0.01470	0.01781	0.73046	0.01116	0.02290	0.01622	0.01420	0.00894	0.01042	0.00749	0.00594	0.00516	0.00148	0.01025	0.00371	0.00297	0.00678
155	0.01447	0.01246	0.01369	0.07884	0.01741	0.01447	0.00988	0.05778	0.65597	0.02399	0.02212	0.02085	0.01657	0.00767	0.00590	0.00196	0.00495	0.00640	0.00562	0.00899
156	0.01206	0.01034	0.01206	0.00861	0.01378	0.00775	0.00689	0.01464	0.01206	0.01895	0.01034	0.01206	0.00861	0.00431	0.00431	0.00086	0.00431	0.00345	0.00345	0.83118
157	0.01439	0.04548	0.02707	0.14100	0.10976	0.01493	0.38049	0.06830	0.01393	0.04508	0.01151	0.01504	0.00882	0.00574	0.00734	0.00193	0.07217	0.00597	0.00318	0.00786
158	0.01172	0.02966	0.74416	0.01681	0.02532	0.01354	0.04241	0.01842	0.01232	0.01842	0.01047	0.01238	0.00741	0.00551	0.00556	0.00185	0.00863	0.00437	0.00247	0.00857
159	0.01272	0.01272	0.01781	0.01527	0.01527	0.01781	0.01272	0.01399	0.00891	0.01399	0.00763	0.01272	0.00763	0.01018	0.01908	0.00254	0.78499	0.00509	0.00254	0.00636
160	0.01206	0.01034	0.01206	0.00861	0.01378	0.00775	0.00689	0.01464	0.01206	0.01895	0.01034	0.01206	0.00861	0.00431	0.00431	0.00086	0.00431	0.00345	0.00345	0.83118
161	0.01098	0.01034	0.01744	0.78165	0.04005	0.01292	0.01615	0.01486	0.01163	0.01486	0.01034	0.01550	0.00775	0.00581	0.00581	0.00194	0.00775	0.00517	0.00258	0.00646
162	0.00687	0.00589	0.00589	0.00589	0.00785	0.00491	0.00442	0.00835	0.01325	0.01571	0.05891	0.05596	0.75700	0.01473	0.00687	0.00196	0.00295	0.01227	0.00540	0.00491
163	0.01792	0.01392	0.01463	0.01230	0.01610	0.03535	0.00980	0.25612	0.44715	0.08111	0.02014	0.01880	0.01474	0.00750	0.00586	0.00188	0.00536	0.00602	0.00590	0.00941
164	0.01545	0.04233	0.08640	0.07451	0.08504	0.05592	0.03116	0.03415	0.01357	0.14522	0.01285	0.01421	0.00964	0.00541	0.00507	0.00140	0.00591	0.00445	0.03672	0.32061
165	0.01453	0.09849	0.39328	0.01849	0.09947	0.02904	0.13872	0.01953	0.01316	0.10366	0.01189	0.01361	0.00862	0.00553	0.00563	0.00178	0.00801	0.00487	0.00314	0.00853
166	0.01166	0.03008	0.76550	0.01657	0.02517	0.01351	0.02149	0.01842	0.01228	0.01842	0.01044	0.01228	0.00737	0.00552	0.00552	0.00184	0.00859	0.00430	0.00246	0.00859
167	0.00745	0.00566	0.00769	0.07517	0.01120	0.00556	0.00630	0.00880	0.01134	0.01489	0.03250	0.61176	0.11481	0.01776	0.03773	0.00256	0.00419	0.01466	0.00506	0.00491
168	0.04047	0.02771	0.53742	0.04762	0.02360	0.16821	0.01845	0.01909	0.01294	0.01755	0.00999	0.01197	0.00738	0.00575	0.00578	0.00179	0.02948	0.00420	0.00261	0.00799
169	0.00840	0.00627	0.00935	0.00946	0.01053	0.00722	0.00745	0.01053	0.00970	0.01384	0.01690	0.02656	0.01618	0.04122	0.70610	0.00877	0.01469	0.06831	0.00331	0.00521
170	0.00687	0.00589	0.00589	0.00589	0.00785	0.00491	0.00442	0.00835	0.01325	0.01571	0.05891	0.05596	0.75700	0.01473	0.00687	0.00196	0.00295	0.01227	0.00540	0.00491
171	0.01180	0.02910	0.71581	0.01711	0.02552	0.01359	0.07019	0.01843	0.01238	0.01843	0.01053	0.01251	0.00747	0.00548	0.00562	0.00185	0.00868	0.00447	0.00249	0.00854
172	0.00913	0.03432	0.07616	0.03067	0.01298	0.00738	0.05920	0.01141	0.01249	0.03583	0.09163	0.39149	0.10549	0.01402	0.00697	0.00217	0.00463	0.08339	0.00493	0.00570
173	0.02187	0.02470	0.01635	0.01444	0.01763	0.61581	0.01103	0.08805	0.01725	0.08139	0.01061	0.01167	0.00831	0.00631	0.00575	0.00158	0.03225	0.00410	0.00360	0.00729
174	0.00791	0.00593	0.00733	0.00698	0.00849	0.00535	0.00524	0.01036	0.01571	0.02153	0.59235	0.04638	0.21992	0.01256	0.00686	0.00186	0.00279	0.01093	0.00617	0.00535
175	0.14154	0.04566	0.01619	0.03603	0.04045	0.01605	0.01027	0.47827	0.02189	0.09575	0.01357	0.01388	0.00970	0.00659	0.00536	0.00173	0.00594	0.00490	0.02722	0.00902
176	0.04860	0.02315	0.38139	0.01593	0.06687	0.08439	0.01611	0.20157	0.01672	0.04439	0.03869	0.01391	0.01002	0.00619	0.00557	0.00177	0.00763	0.00476	0.00371	0.00862
177	0.03985	0.44334	0.34601	0.01273	0.01922	0.01861	0.01480	0.01783	0.01195	0.01611	0.00910	0.01060	0.00738	0.00523	0.00450	0.00152	0.00719	0.00362	0.00251	0.00791
178	0.00969	0.00660	0.00756	0.00711	0.00923	0.00584	0.00548	0.01210	0.03948	0.10111	0.21977	0.04812	0.45458	0.01302	0.00676	0.00194	0.00326	0.03671	0.00586	0.00577
179	0.01419	0.01413	0.02114	0.13760	0.54759	0.08342	0.01631	0.01738	0.01320	0.01774	0.01184	0.05719	0.01046	0.00607	0.00581	0.00177	0.00716	0.00567	0.00299	0.00835
180	0.08798	0.02307	0.25630	0.03976	0.14943	0.25684	0.01526	0.04202	0.01420	0.04801	0.01046	0.01227	0.00800	0.00572	0.00534	0.00171	0.00832	0.00429	0.00310	0.00794
181	0.32792	0.01402	0.01288	0.01076	0.01449	0.09330	0.00870	0.20523	0.05915	0.13677	0.01344	0.03394	0.01012	0.00676	0.00535	0.00180	0.02789	0.00476	0.00479	0.00793
182	0.01134	0.03582	0.01979	0.01508	0.01839	0.03074	0.30812	0.03394	0.01340	0.01803	0.11182	0.12023	0.06801	0.03590	0.09435	0.00290	0.00775	0.02261	0.02534	0.00645
183	0.64757	0.01181	0.01093	0.03145	0.08188	0.01347	0.00805	0.05742	0.05290	0.02561	0.00962	0.01100	0.00745	0.00562	0.00411	0.00180	0.00492	0.00370	0.00376	0.00693
184	0.00936	0.00713	0.00978	0.01145	0.06378	0.00703	0.00875	0.01235	0.04033	0.01796	0.10142	0.10497	0.11804	0.01459	0.00751	0.00240	0.00478	0.44737	0.00531	0.00569
185	0.01457	0.03034	0.02123	0.20405	0.46708	0.02991	0.01623	0.04750	0.01347	0.05225	0.01124	0.01462	0.00900	0.00571	0.00625	0.00180	0.03808	0.00513	0.00311	0.00843
186	0.00842	0.00632	0.00795	0.00728	0.00904	0.00562	0.00550	0.01102	0.01574	0.02214	0.61823	0.04202	0.12454	0.01153	0.00664	0.00176	0.00290	0.01009	0.00604	0.07722
187	0.01196	0.01034	0.01253	0.07583	0.01607	0.00820	0.00770	0.01466	0.01202	0.01859	0.01034	0.01236	0.00854	0.00444	0.00444	0.00095	0.00461	0.00360	0.00337	0.75947
188	0.01010	0.00505	0.00758	0.00758	0.00758	0.00505	0.00505	0.00758	0.00758	0.01010	0.01010	0.01768	0.01010	0.02020	0.02273	0.83081	0.00505	0.00505	0.00253	0.00253
189	0.09635	0.01106	0.01729	0.25192	0.31706	0.01191	0.01395	0.01614	0.01236	0.05911	0.01417	0.10858	0.01288	0.00734	0.00582	0.00190	0.00635	0.02487	0.00347	0.00749
190	0.01670	0.06831	0.01967	0.19369	0.11216	0.01484	0.07392	0.20427	0.01644	0.10780	0.01285	0.01504	0.00957	0.00646	0.00680	0.00183	0.07206	0.00527	0.03410	0.00821
191	0.00687	0.00589	0.00589	0.00589	0.00785	0.00491	0.00442	0.00835	0.01325	0.01571	0.05891	0.05596	0.75700	0.01473	0.00687	0.00196	0.00295	0.01227	0.00540	0.00491
192	0.00835	0.00566	0.00631	0.00631	0.00645	0.00559	0.00359	0.00845	0.00879	0.01159	0.02118	0.03932	0.07301	0.74059	0.02800	0.00538	0.00545	0.00873	0.00366	0.00362
193	0.03900	0.01235	0.01547	0.13532	0.14649	0.01407	0.01168	0.02575	0.48571	0.02200	0.01894	0.01911	0.01439	0.00703	0.00580	0.00192	0.00548	0.00601	0.00481	0.00869
194	0.02211	0.01629	0.01745	0.01338	0.01803	0.01803	0.01105	0.73997	0.02734	0.03665	0.01396	0.01396	0.00989	0.00698	0.00582	0.00175	0.00640	0.00524	0.00582	0.00989
195	0.00859	0.00648	0.00892	0.01065	0.06257	0.00618	0.00747	0.01045	0.01240	0.01653	0.07790	0.35612	0.07817	0.04782	0.00827	0.00246	0.00432	0.24291	0.00514	0.02665
196	0.01206	0.01034	0.01206	0.00861	0.01378	0.00775	0.00689	0.01464	0.01206	0.01895	0.01034	0.01206	0.00861	0.00431	0.00431	0.00086	0.00431	0.00345	0.00345	0.83118
197	0.01725	0.00794	0.01066	0.00885	0.01180	0.00703	0.00703	0.01974	0.01655	0.39702	0.38598	0.03150	0.03443	0.00952	0.00635	0.00181	0.00386	0.00816	0.00680	0.00771
198	0.00977	0.00520	0.00778	0.00782	0.00797	0.00532	0.00535	0.00796	0.00792	0.01070	0.01155	0.04473	0.01164	0.02315	0.11874	0.69681	0.00635	0.00559	0.00270	0.00294
199	0.02495	0.01038	0.01366	0.01053	0.01491	0.00938	0.00867	0.09935	0.01771	0.65948	0.05242	0.02018	0.01562	0.00737	0.00589	0.00180	0.00500	0.00598	0.00703	0.00971
200	0.00687	0.00589	0.00589	0.00589	0.00785	0.00491	0.00442	0.00835	0.01325	0.01571	0.05891	0.05596	0.75700	0.01473	0.00687	0.00196	0.00295	0.01227	0.00540	0.00491
201	0.56255	0.01079	0.01022	0.00856	0.01246	0.01152	0.00706	0.02090	0.01218	0.27545	0.01312	0.01295	0.00904	0.00601	0.00436	0.00180	0.00465	0.00406	0.00482	0.00751
202	0.00726	0.00566	0.00658	0.00687	0.00822	0.00499	0.00495	0.00890	0.01340	0.01726	0.21626	0.26577	0.38300	0.01506	0.00703	0.00205	0.00302	0.01309	0.00564	0.00499
203	0.01446	0.01249	0.01315	0.01183	0.01512	0.01446	0.00920	0.03090	0.74885	0.02433	0.02367	0.02170	0.01775	0.00789	0.00592	0.00197	0.00460	0.00657	0.00592	0.00920
204	0.01446	0.01249	0.01315	0.01183	0.01512	0.01446	0.00920	0.03090	0.74885	0.02433	0.02367	0.02170	0.01775	0.00789	0.00592	0.00197	0.00460	0.00657	0.00592	0.00920
