[name]
unknown

[dist]
# distance from previous block
# <min> <max>
0	55

[block]
# block no. 0 follows, 51 sequences, length 22
# corresponding to MSA columns:
# 55-76
name=unknown_A
#
# <colnr> <probs for GDERKNQSTAVLIFYWHMCP>
#	G	D	E	R	K	N	Q	S	T	A	V	L	I	F	Y	W	H	M	C	P
0	0.00792	0.00566	0.00792	0.00905	0.01018	0.00566	0.00792	0.01018	0.01131	0.01471	0.02602	0.05543	0.02828	0.01358	0.00679	0.00226	0.00453	0.76356	0.00453	0.00453
1	0.00599	0.00428	0.00570	0.00684	0.00713	0.00399	0.00456	0.00684	0.00941	0.01254	0.02709	0.82409	0.03250	0.01540	0.00627	0.00200	0.00285	0.01397	0.00456	0.00399
2	0.01297	0.78988	0.06468	0.00869	0.01305	0.01904	0.00890	0.01476	0.01000	0.01176	0.00693	0.00801	0.00630	0.00423	0.00323	0.00108	0.00536	0.00268	0.00210	0.00635
3	0.00674	0.00468	0.00588	0.00625	0.00649	0.00473	0.00401	0.00730	0.00802	0.01083	0.01896	0.29248	0.02183	0.43259	0.14332	0.00435	0.00547	0.00911	0.00345	0.00354
4	0.00809	0.00517	0.00651	0.00609	0.00705	0.00486	0.00427	0.00961	0.01168	0.07179	0.48106	0.03378	0.03450	0.28052	0.01210	0.00261	0.00326	0.00803	0.00465	0.00435
5	0.00870	0.00686	0.00807	0.00745	0.00914	0.00715	0.00568	0.01485	0.27028	0.01999	0.53761	0.03062	0.03598	0.00893	0.00553	0.00159	0.00284	0.00778	0.00527	0.00568
6	0.00686	0.00515	0.00568	0.00546	0.00709	0.00441	0.00412	0.00840	0.01201	0.05180	0.23399	0.04322	0.57129	0.01155	0.00576	0.00162	0.00253	0.00975	0.00485	0.00447
7	0.00715	0.00476	0.00536	0.00536	0.00536	0.00476	0.00298	0.00715	0.00715	0.00953	0.01548	0.03216	0.01787	0.82729	0.02501	0.00476	0.00476	0.00715	0.00298	0.00298
8	0.01260	0.01075	0.01133	0.01008	0.01292	0.01240	0.00787	0.07051	0.74274	0.02117	0.01952	0.01795	0.01461	0.00662	0.00500	0.00166	0.00398	0.00549	0.00500	0.00781
9	0.01216	0.01168	0.01995	0.03016	0.79664	0.01168	0.01508	0.01508	0.01119	0.01605	0.00924	0.01216	0.00778	0.00438	0.00487	0.00146	0.00584	0.00438	0.00243	0.00778
10	0.86201	0.00950	0.00722	0.00646	0.00950	0.01102	0.00532	0.01445	0.00836	0.02205	0.00684	0.00798	0.00532	0.00456	0.00304	0.00152	0.00380	0.00266	0.00304	0.00532
11	0.86201	0.00950	0.00722	0.00646	0.00950	0.01102	0.00532	0.01445	0.00836	0.02205	0.00684	0.00798	0.00532	0.00456	0.00304	0.00152	0.00380	0.00266	0.00304	0.00532
12	0.00624	0.00500	0.00558	0.00543	0.00690	0.00433	0.00407	0.00789	0.01222	0.01569	0.32960	0.04331	0.51332	0.01154	0.00580	0.00162	0.00242	0.00981	0.00488	0.00433
13	0.00680	0.00502	0.00636	0.00602	0.00725	0.00457	0.00452	0.00898	0.01355	0.01885	0.69478	0.03812	0.14617	0.01037	0.00580	0.00156	0.00234	0.00909	0.00530	0.00457
14	0.00599	0.00428	0.00570	0.00684	0.00713	0.00399	0.00456	0.00684	0.00941	0.01254	0.02709	0.82409	0.03250	0.01540	0.00627	0.00200	0.00285	0.01397	0.00456	0.00399
15	0.00854	0.00427	0.00640	0.00640	0.00640	0.00427	0.00427	0.00640	0.00640	0.00854	0.00854	0.01494	0.00854	0.01707	0.01921	0.85702	0.00427	0.00427	0.00213	0.00213
16	0.01270	0.09519	0.03816	0.01066	0.05572	0.18884	0.00830	0.06854	0.01144	0.01545	0.01042	0.01273	0.00864	0.00707	0.03752	0.00167	0.15563	0.00399	0.25167	0.00568
17	0.01136	0.00806	0.00895	0.00776	0.00939	0.00872	0.00569	0.26341	0.05191	0.01809	0.01429	0.02220	0.01354	0.36093	0.09979	0.00356	0.00563	0.00575	0.07569	0.00528
18	0.01487	0.01721	0.01502	0.27972	0.06043	0.45343	0.04113	0.01701	0.01234	0.03198	0.00844	0.01080	0.00666	0.00497	0.00468	0.00142	0.00781	0.00377	0.00250	0.00582
19	0.07585	0.03770	0.07382	0.01021	0.01405	0.04348	0.00887	0.36535	0.08069	0.14028	0.05180	0.01363	0.01081	0.00582	0.00469	0.00145	0.00502	0.00446	0.00450	0.04750
20	0.01533	0.01251	0.01275	0.01059	0.01385	0.05278	0.00847	0.37479	0.37148	0.02474	0.01649	0.01571	0.03508	0.00641	0.00496	0.00156	0.00480	0.00506	0.00483	0.00783
21	0.42883	0.05289	0.08077	0.01085	0.04431	0.20185	0.06942	0.03201	0.01062	0.01806	0.00764	0.00906	0.00602	0.00466	0.00385	0.00145	0.00585	0.00322	0.00276	0.00589

[dist]
# distance from previous block
# <min> <max>
0	7

[block]
# block no. 1 follows, 51 sequences, length 13
# corresponding to MSA columns:
# 84-96
name=unknown_B
#
# <colnr> <probs for GDERKNQSTAVLIFYWHMCP>
#	G	D	E	R	K	N	Q	S	T	A	V	L	I	F	Y	W	H	M	C	P
0	0.02983	0.01563	0.21866	0.01587	0.09201	0.03731	0.24315	0.14286	0.03753	0.01819	0.01403	0.01546	0.08552	0.00553	0.00515	0.00157	0.00653	0.00518	0.00308	0.00692
1	0.01315	0.01300	0.01071	0.00972	0.01189	0.25689	0.00730	0.14620	0.13129	0.01671	0.01710	0.19714	0.05176	0.06005	0.00635	0.00175	0.00544	0.00675	0.00391	0.03289
2	0.00709	0.00489	0.00600	0.00593	0.00628	0.00497	0.00380	0.00780	0.00847	0.01164	0.15263	0.03081	0.02197	0.55037	0.15289	0.00472	0.00574	0.00714	0.00335	0.00351
3	0.05323	0.01100	0.01194	0.00965	0.01308	0.06889	0.00780	0.19016	0.15790	0.37129	0.04208	0.01566	0.01227	0.00614	0.00486	0.00152	0.00467	0.00485	0.00522	0.00781
4	0.01521	0.01144	0.01297	0.00973	0.01383	0.03351	0.03213	0.34565	0.01627	0.09289	0.01102	0.01153	0.00816	0.00489	0.00440	0.00117	0.00475	0.00385	0.00404	0.36255
5	0.01189	0.00804	0.00833	0.00708	0.00925	0.03033	0.00553	0.22003	0.01358	0.02054	0.01379	0.01637	0.01106	0.05550	0.03986	0.00170	0.00406	0.00452	0.43182	0.08671
6	0.00619	0.00499	0.00551	0.00538	0.00687	0.00431	0.00404	0.00780	0.01211	0.01543	0.29897	0.04375	0.54411	0.01164	0.00580	0.00162	0.00243	0.00987	0.00485	0.00431
7	0.01836	0.02342	0.01393	0.01266	0.01519	0.80756	0.00950	0.01962	0.01393	0.01203	0.00760	0.00886	0.00633	0.00506	0.00443	0.00127	0.00886	0.00317	0.00253	0.00570
8	0.08746	0.01331	0.01259	0.01020	0.01367	0.17673	0.00821	0.25053	0.04968	0.30778	0.01366	0.01297	0.00937	0.00572	0.00468	0.00146	0.00548	0.00426	0.00470	0.00754
9	0.00599	0.00428	0.00570	0.00684	0.00713	0.00399	0.00456	0.00684	0.00941	0.01254	0.02709	0.82409	0.03250	0.01540	0.00627	0.00200	0.00285	0.01397	0.00456	0.00399
10	0.00588	0.00498	0.00507	0.00505	0.00668	0.00418	0.00379	0.00718	0.01136	0.01366	0.09377	0.04667	0.75042	0.01230	0.00581	0.00165	0.00248	0.01028	0.00461	0.00418
11	0.00999	0.00946	0.01602	0.62177	0.22200	0.01111	0.01400	0.01318	0.01016	0.01342	0.00886	0.01287	0.00686	0.00478	0.00490	0.00159	0.00638	0.00437	0.00225	0.00603
12	0.35185	0.01295	0.01170	0.00951	0.01297	0.08497	0.00777	0.40914	0.01645	0.02574	0.00946	0.01003	0.00698	0.00530	0.00413	0.00147	0.00508	0.00361	0.00396	0.00692

[dist]
# distance from previous block
# <min> <max>
4	11

[block]
# block no. 2 follows, 51 sequences, length 52
# corresponding to MSA columns:
# 108-159
name=unknown_C
#
# <colnr> <probs for GDERKNQSTAVLIFYWHMCP>
#	G	D	E	R	K	N	Q	S	T	A	V	L	I	F	Y	W	H	M	C	P
0	0.00821	0.00598	0.00824	0.00782	0.00903	0.00661	0.00609	0.04693	0.03151	0.03605	0.21806	0.02319	0.02095	0.02596	0.49508	0.00543	0.03021	0.00615	0.00362	0.00487
1	0.00708	0.00504	0.00674	0.00674	0.00722	0.00552	0.00470	0.00803	0.00756	0.01055	0.01422	0.02515	0.01482	0.39620	0.45195	0.00647	0.00934	0.00612	0.00279	0.00375
2	0.01097	0.29758	0.53939	0.01211	0.01834	0.01413	0.01486	0.01528	0.01024	0.01421	0.00815	0.00953	0.00625	0.00451	0.00416	0.00139	0.00658	0.00329	0.00208	0.00694
3	0.01017	0.04027	0.49534	0.01333	0.01789	0.01271	0.01509	0.01410	0.00934	0.01409	0.00808	0.01067	0.00646	0.00683	0.02956	0.00191	0.28163	0.00388	0.00212	0.00653
4	0.01343	0.71589	0.02435	0.00969	0.04308	0.07815	0.00881	0.01502	0.01026	0.01178	0.00697	0.00820	0.00637	0.00439	0.00367	0.00111	0.02760	0.00278	0.00215	0.00629
5	0.25987	0.01527	0.01235	0.01095	0.01280	0.31902	0.00870	0.01559	0.01023	0.01486	0.00701	0.00922	0.00608	0.00607	0.00784	0.00163	0.27108	0.00339	0.00255	0.00548
6	0.00603	0.00430	0.00569	0.00679	0.00706	0.00402	0.00450	0.00685	0.00932	0.01243	0.02664	0.79385	0.03194	0.04639	0.00699	0.00210	0.00292	0.01371	0.00450	0.00395
7	0.02033	0.01009	0.01235	0.00958	0.01334	0.00992	0.00788	0.24228	0.07541	0.51902	0.01725	0.01543	0.01128	0.00607	0.00494	0.00152	0.00451	0.00484	0.00566	0.00832
8	0.00642	0.00470	0.00604	0.00634	0.00718	0.00431	0.00451	0.00801	0.01171	0.01599	0.38991	0.37505	0.11645	0.01258	0.00600	0.00175	0.00256	0.01122	0.00496	0.00431
9	0.01160	0.01326	0.02900	0.02071	0.02568	0.01243	0.77879	0.01574	0.01160	0.01574	0.00994	0.01326	0.00746	0.00414	0.00580	0.00166	0.00829	0.00580	0.00249	0.00663
10	0.00709	0.00500	0.00655	0.00655	0.00697	0.00541	0.00447	0.00791	0.00750	0.01041	0.01439	0.02611	0.01524	0.45555	0.39317	0.00624	0.00871	0.00626	0.00282	0.00364
11	0.01216	0.01168	0.01995	0.03016	0.79664	0.01168	0.01508	0.01508	0.01119	0.01605	0.00924	0.01216	0.00778	0.00438	0.00487	0.00146	0.00584	0.00438	0.00243	0.00778
12	0.00599	0.00428	0.00570	0.00684	0.00713	0.00399	0.00456	0.00684	0.00941	0.01254	0.02709	0.82409	0.03250	0.01540	0.00627	0.00200	0.00285	0.01397	0.00456	0.00399
13	0.01314	0.83025	0.02575	0.00841	0.01261	0.01945	0.00841	0.01472	0.00999	0.01156	0.00683	0.00788	0.00631	0.00420	0.00315	0.00105	0.00526	0.00263	0.00210	0.00631
14	0.01836	0.02342	0.01393	0.01266	0.01519	0.80756	0.00950	0.01962	0.01393	0.01203	0.00760	0.00886	0.00633	0.00506	0.00443	0.00127	0.00886	0.00317	0.00253	0.00570
15	0.00986	0.02542	0.80183	0.01401	0.02127	0.01141	0.01816	0.01556	0.01038	0.01556	0.00882	0.01038	0.00623	0.00467	0.00467	0.00156	0.00726	0.00363	0.00208	0.00726
16	0.00654	0.00451	0.00554	0.00614	0.00629	0.00436	0.00381	0.00699	0.00834	0.01112	0.02160	0.44942	0.02558	0.39951	0.01514	0.00331	0.00376	0.01074	0.00381	0.00351
17	0.01104	0.31577	0.52185	0.01199	0.01815	0.01431	0.01464	0.01526	0.01023	0.01412	0.00810	0.00948	0.00625	0.00450	0.00412	0.00137	0.00654	0.00327	0.00208	0.00692
18	0.00607	0.00434	0.00577	0.00679	0.00715	0.00405	0.00457	0.00705	0.00979	0.01315	0.09136	0.75810	0.03366	0.01495	0.00623	0.00196	0.00281	0.01354	0.00463	0.00405
19	0.00677	0.00502	0.00632	0.00599	0.00723	0.00456	0.00449	0.00892	0.01348	0.01869	0.67632	0.03838	0.16473	0.01043	0.00580	0.00156	0.00235	0.00912	0.00528	0.00456
20	0.00708	0.00504	0.00676	0.00676	0.00724	0.00552	0.00472	0.00804	0.00756	0.01056	0.01421	0.02509	0.01479	0.39229	0.45582	0.00649	0.00939	0.00611	0.00279	0.00375
21	0.01622	0.00707	0.00954	0.00775	0.01053	0.00622	0.00622	0.01828	0.01401	0.49852	0.31872	0.02445	0.02538	0.00761	0.00527	0.00153	0.00346	0.00647	0.00582	0.00692
22	0.01434	0.00666	0.00893	0.00744	0.00989	0.00590	0.00590	0.01645	0.01399	0.40144	0.41509	0.02693	0.02964	0.00811	0.00538	0.00153	0.00323	0.00696	0.00574	0.00646
23	0.01230	0.00623	0.00811	0.00695	0.00914	0.00551	0.00545	0.01431	0.01359	0.30316	0.40893	0.03089	0.13731	0.00893	0.00549	0.00155	0.00302	0.00765	0.00554	0.00593
24	0.00714	0.00481	0.00558	0.00558	0.00565	0.00488	0.00325	0.00729	0.00721	0.00969	0.01528	0.03105	0.01739	0.75933	0.09232	0.00503	0.00549	0.00698	0.00295	0.00310
25	0.01135	0.01276	0.02745	0.10712	0.02657	0.01226	0.69560	0.01540	0.01141	0.01540	0.00981	0.01324	0.00736	0.00423	0.00570	0.00165	0.00810	0.00564	0.00245	0.00650
26	0.01216	0.01168	0.01995	0.03016	0.79664	0.01168	0.01508	0.01508	0.01119	0.01605	0.00924	0.01216	0.00778	0.00438	0.00487	0.00146	0.00584	0.00438	0.00243	0.00778
27	0.00649	0.00501	0.00593	0.00570	0.00706	0.00444	0.00427	0.00838	0.01282	0.01712	0.49443	0.04097	0.34760	0.01101	0.00580	0.00159	0.00239	0.00948	0.00507	0.00444
28	0.00587	0.00472	0.00524	0.00566	0.00682	0.00409	0.00404	0.00698	0.01055	0.01301	0.04151	0.33034	0.51694	0.01352	0.00598	0.00178	0.00262	0.01168	0.00456	0.00409
29	0.01190	0.01242	0.02423	0.02569	0.43189	0.01203	0.37640	0.01539	0.01138	0.01591	0.00957	0.01268	0.00763	0.00427	0.00531	0.00155	0.00700	0.00505	0.00246	0.00724
30	0.00599	0.00428	0.00570	0.00684	0.00713	0.00399	0.00456	0.00684	0.00941	0.01254	0.02709	0.82409	0.03250	0.01540	0.00627	0.00200	0.00285	0.01397	0.00456	0.00399
31	0.03986	0.01494	0.01266	0.01044	0.01383	0.28009	0.00822	0.18865	0.08170	0.14210	0.01163	0.01177	0.00858	0.00529	0.00450	0.00130	0.00591	0.00387	0.00391	0.15074
32	0.00702	0.00527	0.00790	0.00790	0.00878	0.00614	0.00614	0.00878	0.00790	0.01141	0.01316	0.01931	0.01229	0.03686	0.80782	0.00790	0.01316	0.00527	0.00263	0.00439
33	0.00611	0.00460	0.00566	0.00622	0.00703	0.00415	0.00435	0.00733	0.01070	0.01402	0.17027	0.47236	0.24206	0.01364	0.00606	0.00182	0.00266	0.01208	0.00471	0.00415
34	0.01346	0.74259	0.04744	0.00891	0.01307	0.08192	0.00878	0.01513	0.01031	0.01172	0.00695	0.00803	0.00631	0.00429	0.00330	0.00108	0.00560	0.00270	0.00214	0.00629
35	0.18472	0.02598	0.01362	0.01628	0.29739	0.07673	0.00971	0.05557	0.06831	0.09571	0.01425	0.03832	0.07146	0.00585	0.00457	0.00150	0.00499	0.00480	0.00347	0.00677
36	0.00702	0.00471	0.00540	0.00552	0.00555	0.00468	0.00315	0.00711	0.00739	0.00986	0.01675	0.11826	0.01946	0.73902	0.02298	0.00446	0.00456	0.00789	0.00315	0.00309
37	0.00599	0.00428	0.00570	0.00684	0.00713	0.00399	0.00456	0.00684	0.00941	0.01254	0.02709	0.82409	0.03250	0.01540	0.00627	0.00200	0.00285	0.01397	0.00456	0.00399
38	0.07532	0.01202	0.04323	0.01010	0.01394	0.01211	0.00857	0.43902	0.04446	0.23745	0.01514	0.01440	0.03935	0.00609	0.00482	0.00151	0.00488	0.00468	0.00499	0.00793
39	0.01294	0.55485	0.18982	0.01061	0.03560	0.09768	0.01077	0.01540	0.01050	0.01258	0.00740	0.00863	0.00633	0.00440	0.00365	0.00119	0.00607	0.00294	0.00215	0.00649
40	0.00694	0.00504	0.00669	0.00730	0.00824	0.00478	0.00572	0.00875	0.01153	0.01544	0.25033	0.26356	0.09218	0.01298	0.00628	0.00194	0.00327	0.27984	0.00479	0.00438
41	0.01129	0.01234	0.02392	0.01787	0.02103	0.01338	0.49893	0.01432	0.01011	0.01432	0.00867	0.01234	0.00709	0.00577	0.00956	0.00184	0.30344	0.00525	0.00236	0.00617
42	0.01054	0.03851	0.01077	0.00902	0.01095	0.00733	0.08758	0.07520	0.05031	0.12430	0.07746	0.38877	0.04049	0.03704	0.00630	0.00185	0.00398	0.00955	0.00452	0.00553
43	0.01666	0.01593	0.35276	0.01111	0.01642	0.00934	0.01202	0.04953	0.01282	0.43169	0.01453	0.01379	0.00945	0.00547	0.00482	0.00153	0.00556	0.00436	0.00431	0.00789
44	0.00715	0.00476	0.00536	0.00536	0.00536	0.00476	0.00298	0.00715	0.00715	0.00953	0.01548	0.03216	0.01787	0.82729	0.02501	0.00476	0.00476	0.00715	0.00298	0.00298
45	0.01097	0.01064	0.01864	0.34034	0.42998	0.01144	0.07851	0.01414	0.01068	0.01464	0.00910	0.01263	0.00727	0.00457	0.00496	0.00155	0.00633	0.00449	0.00234	0.00677
46	0.01174	0.39367	0.33182	0.06596	0.04784	0.04548	0.01292	0.01511	0.01033	0.01341	0.00787	0.00942	0.00635	0.00448	0.00399	0.00131	0.00630	0.00323	0.00213	0.00666
47	0.01173	0.01124	0.01917	0.14744	0.68273	0.01156	0.01487	0.01470	0.01099	0.01553	0.00917	0.01230	0.00760	0.00446	0.00487	0.00149	0.00594	0.00438	0.00240	0.00744
48	0.00709	0.00499	0.00652	0.00652	0.00692	0.00539	0.00442	0.00789	0.00749	0.01039	0.01442	0.02628	0.01531	0.46585	0.38296	0.00620	0.00860	0.00629	0.00282	0.00362
49	0.42956	0.03254	0.01317	0.01567	0.29703	0.01181	0.00939	0.08920	0.01099	0.03744	0.00847	0.01006	0.00669	0.00465	0.00393	0.00148	0.00475	0.00351	0.00304	0.00661
50	0.17850	0.16095	0.08798	0.01157	0.01517	0.30324	0.08515	0.05413	0.01188	0.01549	0.00783	0.00929	0.00634	0.00483	0.00445	0.00138	0.02975	0.00337	0.00261	0.00609
51	0.00864	0.21545	0.13220	0.00802	0.01120	0.00947	0.03716	0.01089	0.01110	0.01412	0.12945	0.04911	0.32793	0.00864	0.00498	0.00148	0.00412	0.00713	0.00360	0.00532

[dist]
# distance from previous block
# <min> <max>
4	10

[block]
# block no. 3 follows, 51 sequences, length 50
# corresponding to MSA columns:
# 170-219
name=unknown_D
#
# <colnr> <probs for GDERKNQSTAVLIFYWHMCP>
#	G	D	E	R	K	N	Q	S	T	A	V	L	I	F	Y	W	H	M	C	P
0	0.01373	0.25699	0.19958	0.01233	0.03896	0.20862	0.06036	0.08135	0.01229	0.01480	0.00877	0.03165	0.00732	0.00496	0.00428	0.00132	0.00671	0.00371	0.00256	0.02969
1	0.00703	0.00504	0.00687	0.00692	0.00745	0.00555	0.00491	0.00810	0.00767	0.01075	0.01454	0.05371	0.01510	0.32975	0.48746	0.00652	0.00966	0.00628	0.00283	0.00385
2	0.01221	0.48225	0.28983	0.01071	0.01572	0.05876	0.01188	0.01516	0.01024	0.01296	0.00754	0.00889	0.00629	0.00457	0.00421	0.00128	0.03575	0.00306	0.00212	0.00657
3	0.00715	0.00476	0.00536	0.00536	0.00536	0.00476	0.00298	0.00715	0.00715	0.00953	0.01548	0.03216	0.01787	0.82729	0.02501	0.00476	0.00476	0.00715	0.00298	0.00298
4	0.08706	0.20514	0.21781	0.01149	0.01603	0.10769	0.07732	0.08350	0.02354	0.08247	0.01010	0.03901	0.00803	0.00519	0.00435	0.00142	0.00615	0.00402	0.00297	0.00672
5	0.04645	0.07176	0.10596	0.18461	0.06923	0.04521	0.08536	0.09477	0.01255	0.19759	0.01135	0.01264	0.00809	0.00519	0.00506	0.00153	0.02796	0.00432	0.00344	0.00696
6	0.01140	0.25999	0.52156	0.01228	0.01833	0.06827	0.01472	0.01559	0.01050	0.01415	0.00816	0.00954	0.00626	0.00456	0.00421	0.00139	0.00679	0.00331	0.00211	0.00688
7	0.00711	0.00493	0.00618	0.00618	0.00646	0.00521	0.00400	0.00767	0.00739	0.01013	0.01474	0.02802	0.01607	0.57246	0.27738	0.00577	0.00747	0.00654	0.00287	0.00343
8	0.00983	0.00974	0.03695	0.50916	0.05768	0.01080	0.10629	0.02750	0.06990	0.01410	0.01133	0.08165	0.00957	0.00588	0.00531	0.00167	0.01867	0.00542	0.00269	0.00585
9	0.01223	0.01196	0.08008	0.46183	0.02550	0.10520	0.01212	0.05731	0.02673	0.09749	0.01111	0.02898	0.00865	0.00564	0.00494	0.00160	0.00638	0.03320	0.00297	0.00609
10	0.00832	0.00647	0.00740	0.00698	0.00868	0.00650	0.00528	0.01326	0.21336	0.03584	0.33934	0.08802	0.22135	0.01004	0.00561	0.00164	0.00285	0.00865	0.00505	0.00537
11	0.00599	0.00428	0.00570	0.00684	0.00713	0.00399	0.00456	0.00684	0.00941	0.01254	0.02709	0.82409	0.03250	0.01540	0.00627	0.00200	0.00285	0.01397	0.00456	0.00399
12	0.02757	0.01468	0.19512	0.04473	0.18718	0.01204	0.01221	0.25224	0.06889	0.07747	0.05069	0.01360	0.01027	0.00550	0.00487	0.00152	0.00559	0.00454	0.00371	0.00760
13	0.01677	0.01046	0.06779	0.19186	0.07024	0.00953	0.04214	0.07138	0.03487	0.41170	0.01472	0.01475	0.00984	0.00554	0.00495	0.00155	0.00528	0.00470	0.00444	0.00751
14	0.01898	0.00768	0.01042	0.00822	0.01149	0.00670	0.00670	0.02097	0.01403	0.64157	0.17670	0.02078	0.01911	0.00689	0.00512	0.00153	0.00380	0.00574	0.00595	0.00761
15	0.00986	0.02542	0.80183	0.01401	0.02127	0.01141	0.01816	0.01556	0.01038	0.01556	0.00882	0.01038	0.00623	0.00467	0.00467	0.00156	0.00726	0.00363	0.00208	0.00726
16	0.01378	0.01721	0.24198	0.01916	0.29549	0.12265	0.04627	0.08507	0.01267	0.08446	0.01003	0.01160	0.00755	0.00483	0.00480	0.00148	0.00659	0.00411	0.00288	0.00740
17	0.01485	0.00816	0.02647	0.00843	0.01071	0.00789	0.00666	0.14444	0.07770	0.26523	0.03028	0.01563	0.01096	0.01041	0.01048	0.33262	0.00442	0.00470	0.00417	0.00580
18	0.34129	0.01047	0.01085	0.00867	0.01222	0.01115	0.00715	0.25447	0.01469	0.26529	0.01225	0.01187	0.00838	0.00545	0.00421	0.00151	0.00442	0.00391	0.00456	0.00720
19	0.01397	0.01038	0.01559	0.22805	0.20853	0.03218	0.06172	0.08757	0.04101	0.18643	0.04046	0.03025	0.01053	0.00553	0.00501	0.00155	0.00562	0.00495	0.00364	0.00703
20	0.01141	0.01204	0.07363	0.02153	0.34518	0.01090	0.23770	0.01538	0.06229	0.03709	0.01260	0.08307	0.01111	0.00584	0.00534	0.00162	0.00618	0.03718	0.00296	0.00697
21	0.01186	0.01252	0.02333	0.01712	0.02131	0.04658	0.54464	0.08405	0.03557	0.01741	0.09310	0.01675	0.04042	0.00533	0.00564	0.00161	0.00709	0.00604	0.00316	0.00648
22	0.09515	0.00962	0.01155	0.01019	0.06356	0.00977	0.00766	0.25303	0.01601	0.26921	0.16668	0.03520	0.01718	0.00675	0.00495	0.00152	0.00424	0.00550	0.00504	0.00722
23	0.01336	0.01259	0.01612	0.02044	0.40502	0.08511	0.01173	0.09016	0.25756	0.01849	0.01272	0.01377	0.00998	0.00530	0.00487	0.00151	0.00546	0.00464	0.00348	0.00764
24	0.01488	0.00693	0.00933	0.00803	0.01064	0.00612	0.01987	0.01665	0.01266	0.43234	0.05860	0.11875	0.15170	0.00929	0.00552	0.00169	0.00378	0.10137	0.00537	0.00648
25	0.01019	0.00873	0.01019	0.00728	0.01165	0.00655	0.00582	0.01237	0.01019	0.01601	0.00873	0.01019	0.00728	0.00364	0.00364	0.00073	0.00364	0.00291	0.00291	0.85734
26	0.01178	0.01128	0.01925	0.13561	0.69421	0.01157	0.01489	0.01474	0.01101	0.01559	0.00918	0.01229	0.00762	0.00445	0.00487	0.00148	0.00593	0.00438	0.00240	0.00747
27	0.01544	0.01209	0.07235	0.01524	0.01982	0.01040	0.40056	0.01933	0.05133	0.31029	0.01392	0.01462	0.00952	0.00503	0.00536	0.00160	0.00646	0.00532	0.00393	0.00738
28	0.00792	0.00566	0.00792	0.00905	0.01018	0.00566	0.00792	0.01018	0.01131	0.01471	0.02602	0.05543	0.02828	0.01358	0.00679	0.00226	0.00453	0.76356	0.00453	0.00453
29	0.00928	0.00873	0.01474	0.81548	0.03385	0.01092	0.01365	0.01256	0.00983	0.01256	0.00873	0.01310	0.00655	0.00491	0.00491	0.00164	0.00655	0.00437	0.00218	0.00546
30	0.01771	0.01328	0.01420	0.01111	0.01487	0.01479	0.00911	0.66719	0.13775	0.02941	0.01303	0.01278	0.00935	0.00601	0.00493	0.00150	0.00518	0.00459	0.00493	0.00827
31	0.00706	0.00510	0.00706	0.00706	0.00764	0.00569	0.00509	0.00824	0.00765	0.01079	0.01393	0.02356	0.01413	0.29867	0.54853	0.00686	0.01038	0.00589	0.00275	0.00392
32	0.01510	0.07720	0.28461	0.01284	0.01710	0.48297	0.01239	0.01791	0.01245	0.01321	0.00796	0.00932	0.00629	0.00487	0.00443	0.00135	0.00808	0.00329	0.00235	0.00627
33	0.01099	0.24438	0.48534	0.01337	0.01949	0.01375	0.11762	0.01535	0.01043	0.01449	0.00843	0.01008	0.00641	0.00447	0.00441	0.00143	0.00685	0.00365	0.00214	0.00692
34	0.01868	0.01376	0.01475	0.01131	0.01524	0.01524	0.00934	0.78025	0.02311	0.03097	0.01180	0.01180	0.00836	0.00590	0.00492	0.00147	0.00541	0.00442	0.00492	0.00836
35	0.01274	0.01011	0.01562	0.01248	0.01543	0.03774	0.23238	0.01766	0.18080	0.16300	0.03793	0.16192	0.01547	0.00755	0.00612	0.00171	0.05367	0.00696	0.00414	0.00657
36	0.01216	0.01168	0.01995	0.03016	0.79664	0.01168	0.01508	0.01508	0.01119	0.01605	0.00924	0.01216	0.00778	0.00438	0.00487	0.00146	0.00584	0.00438	0.00243	0.00778
37	0.01868	0.01376	0.01475	0.01131	0.01524	0.01524	0.00934	0.78025	0.02311	0.03097	0.01180	0.01180	0.00836	0.00590	0.00492	0.00147	0.00541	0.00442	0.00492	0.00836
38	0.01216	0.01168	0.01995	0.03016	0.79664	0.01168	0.01508	0.01508	0.01119	0.01605	0.00924	0.01216	0.00778	0.00438	0.00487	0.00146	0.00584	0.00438	0.00243	0.00778
39	0.01216	0.01168	0.01995	0.03016	0.79664	0.01168	0.01508	0.01508	0.01119	0.01605	0.00924	0.01216	0.00778	0.00438	0.00487	0.00146	0.00584	0.00438	0.00243	0.00778
40	0.01297	0.01155	0.01149	0.01024	0.01307	0.06298	0.00797	0.06737	0.69629	0.02059	0.01876	0.01737	0.01408	0.00652	0.00496	0.00163	0.00429	0.00534	0.00484	0.00768
41	0.00693	0.00502	0.00653	0.00615	0.00733	0.00463	0.00462	0.00922	0.01385	0.01956	0.77667	0.03696	0.06384	0.01010	0.00580	0.00155	0.00232	0.00892	0.00539	0.00463
42	0.02146	0.06245	0.01235	0.00872	0.01255	0.00803	0.00730	0.02334	0.01380	0.74816	0.01856	0.01614	0.01178	0.00596	0.00482	0.00149	0.00425	0.00479	0.00582	0.00823
43	0.01868	0.01376	0.01475	0.01131	0.01524	0.01524	0.00934	0.78025	0.02311	0.03097	0.01180	0.01180	0.00836	0.00590	0.00492	0.00147	0.00541	0.00442	0.00492	0.00836
44	0.00781	0.00558	0.00780	0.00893	0.01001	0.00556	0.00773	0.00999	0.01121	0.01459	0.02608	0.09841	0.02852	0.01368	0.00676	0.00225	0.00443	0.72165	0.00453	0.00450
45	0.00604	0.00501	0.00547	0.00555	0.00705	0.00444	0.00421	0.00737	0.01074	0.01308	0.04365	0.07453	0.64291	0.01551	0.10119	0.00244	0.00385	0.03846	0.00433	0.00419
46	0.01026	0.06495	0.48349	0.01488	0.02085	0.01172	0.22089	0.01493	0.01068	0.01517	0.01166	0.01345	0.05845	0.00509	0.00519	0.00157	0.02301	0.00462	0.00235	0.00680
47	0.01273	0.34556	0.01946	0.28702	0.07196	0.11712	0.01083	0.05743	0.01125	0.01334	0.00802	0.01030	0.00661	0.00466	0.00413	0.00133	0.00621	0.00351	0.00236	0.00615
48	0.01302	0.23293	0.03415	0.06096	0.29144	0.10781	0.01107	0.05359	0.01157	0.01491	0.00842	0.01035	0.00708	0.00443	0.00419	0.00124	0.00579	0.00355	0.00252	0.12096
49	0.38223	0.02998	0.01262	0.01416	0.21792	0.14088	0.00895	0.03699	0.06022	0.04143	0.00893	0.01024	0.00705	0.00480	0.00398	0.00146	0.00525	0.00349	0.00304	0.00638

[dist]
# distance from previous block
# <min> <max>
2	12

[block]
# block no. 4 follows, 51 sequences, length 13
# corresponding to MSA columns:
# 232-244
name=unknown_E
#
# <colnr> <probs for GDERKNQSTAVLIFYWHMCP>
#	G	D	E	R	K	N	Q	S	T	A	V	L	I	F	Y	W	H	M	C	P
0	0.08444	0.01346	0.01261	0.01050	0.01341	0.20166	0.04155	0.20185	0.09102	0.07107	0.09576	0.01553	0.03863	0.00630	0.00531	0.00147	0.04493	0.00479	0.00399	0.04170
1	0.01126	0.03418	0.23714	0.01860	0.32899	0.01069	0.01319	0.01602	0.09783	0.05101	0.11892	0.01583	0.01362	0.00557	0.00492	0.00151	0.00545	0.00490	0.00318	0.00719
2	0.01216	0.01168	0.01995	0.03016	0.79664	0.01168	0.01508	0.01508	0.01119	0.01605	0.00924	0.01216	0.00778	0.00438	0.00487	0.00146	0.00584	0.00438	0.00243	0.00778
3	0.01351	0.01155	0.01688	0.27519	0.23864	0.01273	0.04964	0.28427	0.01498	0.02018	0.01002	0.01239	0.00757	0.00508	0.00494	0.00153	0.00603	0.00446	0.00323	0.00718
4	0.00696	0.00502	0.00657	0.00618	0.00734	0.00464	0.00464	0.00927	0.01391	0.01971	0.79405	0.03671	0.04637	0.01005	0.00580	0.00155	0.00232	0.00889	0.00541	0.00464
5	0.01427	0.01621	0.01482	0.01776	0.28959	0.39291	0.01066	0.01630	0.01296	0.01473	0.13928	0.01467	0.01352	0.00565	0.00481	0.00138	0.00670	0.00455	0.00298	0.00626
6	0.00581	0.00498	0.00498	0.00498	0.00664	0.00415	0.00373	0.00705	0.01120	0.01328	0.04978	0.04729	0.79464	0.01245	0.00581	0.00166	0.00249	0.01037	0.00456	0.00415
7	0.01120	0.00980	0.01811	0.01369	0.01708	0.00926	0.37116	0.06374	0.01319	0.08455	0.23678	0.02367	0.05435	0.00692	0.00572	0.00163	0.00561	0.04347	0.00397	0.00611
8	0.00997	0.02464	0.75239	0.01444	0.02155	0.01148	0.06682	0.01557	0.01045	0.01557	0.00889	0.01056	0.00630	0.00464	0.00474	0.00156	0.00733	0.00377	0.00210	0.00722
9	0.01463	0.01111	0.01381	0.04671	0.17678	0.01200	0.00964	0.30406	0.17139	0.06927	0.05159	0.01519	0.01186	0.00590	0.00487	0.00150	0.00480	0.00490	0.06243	0.00757
10	0.01174	0.01046	0.03474	0.03439	0.23779	0.00933	0.04892	0.08817	0.01172	0.03916	0.00995	0.01248	0.00820	0.03857	0.02835	0.00149	0.00518	0.00398	0.00299	0.36238
11	0.01176	0.01219	0.07035	0.06015	0.46054	0.02887	0.03440	0.03450	0.03643	0.01627	0.00948	0.01183	0.00772	0.00439	0.00462	0.00133	0.00558	0.00408	0.00265	0.18287
12	0.01303	0.01196	0.11044	0.01112	0.01548	0.03053	0.14411	0.04998	0.05099	0.15890	0.06422	0.01416	0.01110	0.00502	0.00467	0.00129	0.00514	0.00448	0.00366	0.28973

[dist]
# distance from previous block
# <min> <max>
2	23

[block]
# block no. 5 follows, 51 sequences, length 19
# corresponding to MSA columns:
# 269-287
name=unknown_F
#
# <colnr> <probs for GDERKNQSTAVLIFYWHMCP>
#	G	D	E	R	K	N	Q	S	T	A	V	L	I	F	Y	W	H	M	C	P
0	0.15410	0.01301	0.05370	0.00921	0.01247	0.18075	0.00762	0.10747	0.03742	0.01800	0.07149	0.01287	0.01059	0.00783	0.07172	0.00181	0.00590	0.00390	0.00329	0.21685
1	0.21673	0.00966	0.07835	0.10376	0.01377	0.00891	0.00784	0.08532	0.02543	0.12944	0.02911	0.16444	0.05080	0.02835	0.00524	0.00169	0.00439	0.00617	0.00389	0.02669
2	0.04574	0.01410	0.05010	0.01047	0.01389	0.16192	0.00862	0.29711	0.12662	0.04995	0.01287	0.06935	0.01044	0.00617	0.00471	0.00142	0.00545	0.00477	0.00407	0.10221
3	0.12314	0.01322	0.04976	0.01192	0.08054	0.14889	0.00906	0.11631	0.22213	0.07172	0.01424	0.01728	0.01153	0.00639	0.00479	0.00158	0.00534	0.08132	0.00398	0.00686
4	0.01267	0.23550	0.34206	0.01113	0.01616	0.01285	0.02487	0.04568	0.02956	0.12302	0.06277	0.01265	0.01007	0.00533	0.00483	0.00144	0.03537	0.00403	0.00304	0.00696
5	0.01391	0.54270	0.10304	0.01066	0.04077	0.19089	0.00988	0.01589	0.01093	0.01223	0.00729	0.00850	0.00635	0.00445	0.00365	0.00116	0.00627	0.00291	0.00220	0.00632
6	0.00658	0.00655	0.07270	0.00691	0.00849	0.00493	0.00576	0.00833	0.01095	0.01427	0.13957	0.28759	0.30623	0.01250	0.00596	0.00180	0.00319	0.08873	0.00447	0.00447
7	0.00648	0.06045	0.00662	0.00555	0.00734	0.00530	0.00440	0.00783	0.01113	0.01328	0.04490	0.04533	0.67731	0.01199	0.00571	0.00167	0.00285	0.07315	0.00439	0.00433
8	0.01086	0.00922	0.07539	0.09275	0.08010	0.00797	0.11298	0.01349	0.01124	0.13634	0.01939	0.15525	0.04595	0.00906	0.00574	0.00182	0.00516	0.19751	0.00390	0.00588
9	0.01013	0.02024	0.59387	0.01235	0.01808	0.00977	0.01492	0.01470	0.01054	0.07469	0.01298	0.13544	0.01141	0.00671	0.00501	0.00164	0.00627	0.03165	0.00284	0.00676
10	0.01766	0.01927	0.01342	0.01224	0.04101	0.55722	0.00909	0.11695	0.01484	0.08091	0.01202	0.01259	0.06006	0.00573	0.00464	0.00135	0.00749	0.00400	0.00327	0.00623
11	0.00928	0.00873	0.01474	0.81548	0.03385	0.01092	0.01365	0.01256	0.00983	0.01256	0.00873	0.01310	0.00655	0.00491	0.00491	0.00164	0.00655	0.00437	0.00218	0.00546
12	0.01104	0.01053	0.01793	0.33503	0.50052	0.01138	0.01453	0.01410	0.01066	0.01470	0.00905	0.01253	0.00731	0.00459	0.00488	0.00153	0.00611	0.00437	0.00234	0.00688
13	0.01186	0.01137	0.01940	0.11196	0.71719	0.01160	0.01493	0.01482	0.01105	0.01569	0.00919	0.01226	0.00766	0.00443	0.00487	0.00148	0.00591	0.00438	0.00241	0.00754
14	0.00652	0.00460	0.00602	0.00696	0.00733	0.00441	0.00485	0.00746	0.00933	0.01238	0.02486	0.55459	0.02921	0.15791	0.00966	0.00253	0.00347	0.13972	0.00428	0.00390
15	0.01294	0.00825	0.01273	0.33756	0.10208	0.00874	0.01043	0.01547	0.01145	0.24803	0.01665	0.04844	0.05544	0.00687	0.00521	0.00166	0.00521	0.08266	0.00383	0.00635
16	0.05087	0.09230	0.69862	0.01318	0.01998	0.01207	0.01672	0.01544	0.01025	0.01554	0.00856	0.01005	0.00619	0.00462	0.00446	0.00151	0.00693	0.00350	0.00212	0.00709
17	0.01200	0.01151	0.01966	0.07398	0.75408	0.01163	0.01500	0.01494	0.01111	0.01586	0.00922	0.01222	0.00772	0.00441	0.00487	0.00147	0.00588	0.00438	0.00242	0.00765
18	0.00694	0.00499	0.00676	0.00799	0.02935	0.00484	0.00572	0.00819	0.00976	0.01293	0.02468	0.44628	0.02848	0.12496	0.00895	0.00244	0.00373	0.25462	0.00428	0.00413

[dist]
# distance from previous block
# <min> <max>
13	23

[block]
# block no. 6 follows, 51 sequences, length 39
# corresponding to MSA columns:
# 311-349
name=unknown_G
#
# <colnr> <probs for GDERKNQSTAVLIFYWHMCP>
#	G	D	E	R	K	N	Q	S	T	A	V	L	I	F	Y	W	H	M	C	P
0	0.03857	0.03399	0.14901	0.03489	0.10668	0.04928	0.17584	0.02773	0.06012	0.15774	0.01158	0.01270	0.00843	0.00481	0.00479	0.00144	0.00600	0.00441	0.00330	0.10869
1	0.07477	0.01295	0.08345	0.04681	0.13864	0.01191	0.21420	0.16891	0.06399	0.03111	0.01051	0.01222	0.00794	0.00477	0.00486	0.00147	0.00601	0.00451	0.00322	0.09775
2	0.01120	0.08655	0.44526	0.01528	0.04949	0.04864	0.19435	0.01566	0.01088	0.03059	0.00936	0.02314	0.00712	0.00468	0.00481	0.00151	0.00714	0.00423	0.00234	0.02777
3	0.01201	0.01157	0.01991	0.06910	0.73972	0.01166	0.03371	0.01497	0.01113	0.01587	0.00924	0.01224	0.00771	0.00440	0.00489	0.00147	0.00593	0.00441	0.00242	0.00764
4	0.01879	0.01044	0.01350	0.01271	0.13038	0.01040	0.00899	0.21525	0.08866	0.41399	0.01600	0.01494	0.01081	0.00584	0.00493	0.00151	0.00471	0.00478	0.00514	0.00822
5	0.75566	0.00953	0.00824	0.00726	0.01028	0.01091	0.03426	0.01485	0.04448	0.02144	0.00836	0.01064	0.00681	0.00502	0.00339	0.00156	0.00400	0.03468	0.00317	0.00545
6	0.01216	0.01168	0.01995	0.03016	0.79664	0.01168	0.01508	0.01508	0.01119	0.01605	0.00924	0.01216	0.00778	0.00438	0.00487	0.00146	0.00584	0.00438	0.00243	0.00778
7	0.01293	0.01298	0.02175	0.02504	0.47264	0.07789	0.23844	0.01602	0.01166	0.04836	0.00974	0.01240	0.00775	0.00444	0.00511	0.00150	0.00674	0.00472	0.00261	0.00730
8	0.01083	0.00848	0.00979	0.00816	0.01145	0.04321	0.00672	0.01298	0.01100	0.07729	0.01460	0.02392	0.01379	0.00681	0.00470	0.00127	0.00418	0.22634	0.00362	0.50087
9	0.00928	0.00873	0.01474	0.81548	0.03385	0.01092	0.01365	0.01256	0.00983	0.01256	0.00873	0.01310	0.00655	0.00491	0.00491	0.00164	0.00655	0.00437	0.00218	0.00546
10	0.00696	0.00502	0.00657	0.00618	0.00734	0.00464	0.00464	0.00927	0.01391	0.01971	0.79405	0.03671	0.04637	0.01005	0.00580	0.00155	0.00232	0.00889	0.00541	0.00464
11	0.00854	0.00427	0.00640	0.00640	0.00640	0.00427	0.00427	0.00640	0.00640	0.00854	0.00854	0.01494	0.00854	0.01707	0.01921	0.85702	0.00427	0.00427	0.00213	0.00213
12	0.01248	0.66904	0.18120	0.00953	0.01435	0.01784	0.01036	0.01488	0.01006	0.01236	0.00723	0.00838	0.00629	0.00430	0.00346	0.00115	0.00566	0.00283	0.00210	0.00650
13	0.00606	0.00435	0.00586	0.00692	0.00725	0.00415	0.00468	0.00698	0.00930	0.01246	0.02607	0.76555	0.03103	0.01696	0.06457	0.00243	0.00360	0.01334	0.00442	0.00402
14	0.67286	0.04616	0.00919	0.00753	0.01060	0.11091	0.00615	0.03974	0.00974	0.03998	0.00741	0.00843	0.00576	0.00469	0.00333	0.00147	0.00456	0.00284	0.00307	0.00558
15	0.83513	0.00964	0.00746	0.00662	0.00969	0.01116	0.00545	0.03885	0.00883	0.02233	0.00700	0.00810	0.00542	0.00460	0.00310	0.00152	0.00385	0.00272	0.00310	0.00542
16	0.01794	0.02105	0.01421	0.01311	0.04827	0.62902	0.00965	0.13346	0.04070	0.01531	0.00870	0.00975	0.00698	0.00521	0.00454	0.00132	0.00805	0.00348	0.00297	0.00625
17	0.01759	0.01233	0.01328	0.01060	0.01419	0.03303	0.00861	0.45051	0.21342	0.15127	0.01497	0.01416	0.01059	0.00610	0.00493	0.00153	0.00492	0.00476	0.00506	0.00815
18	0.01196	0.01147	0.01959	0.08435	0.74401	0.01162	0.01498	0.01491	0.01110	0.01581	0.00921	0.01223	0.00770	0.00442	0.00487	0.00147	0.00589	0.00438	0.00242	0.00762
19	0.01314	0.83025	0.02575	0.00841	0.01261	0.01945	0.00841	0.01472	0.00999	0.01156	0.00683	0.00788	0.00631	0.00420	0.00315	0.00105	0.00526	0.00263	0.00210	0.00631
20	0.01613	0.00693	0.00937	0.00803	0.01061	0.00610	0.00632	0.01777	0.01264	0.50512	0.05995	0.24059	0.03538	0.00920	0.00543	0.00168	0.00370	0.03273	0.00555	0.00678
21	0.01014	0.00703	0.00854	0.00708	0.00968	0.00614	0.00556	0.04941	0.02944	0.10261	0.34255	0.02655	0.09231	0.00776	0.00504	0.00133	0.00316	0.02554	0.00462	0.25551
22	0.01111	0.01329	0.07171	0.00947	0.01141	0.30242	0.00763	0.01273	0.01173	0.01320	0.06566	0.23680	0.10504	0.03146	0.00593	0.00172	0.00555	0.07454	0.00362	0.00496
23	0.00599	0.00428	0.00570	0.00684	0.00713	0.00399	0.00456	0.00684	0.00941	0.01254	0.02709	0.82409	0.03250	0.01540	0.00627	0.00200	0.00285	0.01397	0.00456	0.00399
24	0.01314	0.83025	0.02575	0.00841	0.01261	0.01945	0.00841	0.01472	0.00999	0.01156	0.00683	0.00788	0.00631	0.00420	0.00315	0.00105	0.00526	0.00263	0.00210	0.00631
25	0.00928	0.00873	0.01474	0.81548	0.03385	0.01092	0.01365	0.01256	0.00983	0.01256	0.00873	0.01310	0.00655	0.00491	0.00491	0.00164	0.00655	0.00437	0.00218	0.00546
26	0.01828	0.01338	0.01432	0.01102	0.01484	0.01479	0.00909	0.74764	0.02256	0.03043	0.01198	0.01208	0.00854	0.00589	0.00485	0.00146	0.00528	0.00443	0.04096	0.00820
27	0.01188	0.01139	0.01944	0.10689	0.72211	0.01160	0.01494	0.01484	0.01106	0.01571	0.00919	0.01225	0.00766	0.00443	0.00487	0.00148	0.00591	0.00438	0.00241	0.00756
28	0.01314	0.83025	0.02575	0.00841	0.01261	0.01945	0.00841	0.01472	0.00999	0.01156	0.00683	0.00788	0.00631	0.00420	0.00315	0.00105	0.00526	0.00263	0.00210	0.00631
29	0.01357	0.01173	0.01607	0.31478	0.08305	0.10910	0.11212	0.05437	0.08642	0.13263	0.01161	0.01351	0.00847	0.00518	0.00498	0.00156	0.00634	0.00461	0.00327	0.00662
30	0.01058	0.00886	0.01056	0.00771	0.01176	0.00716	0.00620	0.01267	0.01012	0.03861	0.00889	0.01042	0.00736	0.00405	0.00454	0.00085	0.05969	0.00307	0.00295	0.77395
31	0.01028	0.06234	0.61105	0.01431	0.02051	0.01225	0.09444	0.01519	0.01021	0.01503	0.00861	0.01058	0.00638	0.00496	0.00579	0.00160	0.08351	0.00387	0.00213	0.00697
32	0.01298	0.79115	0.06346	0.00868	0.01303	0.01905	0.00888	0.01476	0.01000	0.01176	0.00693	0.00800	0.00630	0.00423	0.00323	0.00108	0.00535	0.00268	0.00210	0.00635
33	0.00749	0.00538	0.00730	0.00687	0.00822	0.00498	0.02417	0.00976	0.01336	0.03821	0.61236	0.03860	0.09271	0.01039	0.00590	0.00164	0.00279	0.09993	0.00519	0.00473
34	0.01157	0.01185	0.02222	0.09705	0.31397	0.01186	0.33569	0.01606	0.08428	0.01608	0.02369	0.01370	0.00886	0.00464	0.00529	0.00158	0.00669	0.00516	0.00272	0.00703
35	0.01162	0.00857	0.01011	0.00880	0.01083	0.00942	0.00689	0.32113	0.01436	0.01947	0.02814	0.07996	0.04930	0.09543	0.29827	0.00416	0.00778	0.00605	0.00387	0.00583
36	0.01205	0.32246	0.08313	0.04030	0.11564	0.01487	0.31500	0.01516	0.01080	0.01409	0.00856	0.01087	0.00694	0.00426	0.00458	0.00140	0.00671	0.00422	0.00230	0.00666
37	0.01244	0.01250	0.01036	0.01010	0.05239	0.26968	0.00690	0.07478	0.08026	0.01392	0.04841	0.02030	0.01362	0.30576	0.04563	0.00289	0.00638	0.00534	0.00323	0.00511
38	0.00930	0.00770	0.00853	0.00830	0.03555	0.00803	0.00608	0.06969	0.28128	0.01775	0.10905	0.10549	0.29417	0.00974	0.00548	0.00166	0.00331	0.00826	0.00476	0.00586

[dist]
# distance from previous block
# <min> <max>
0	1

[block]
# block no. 7 follows, 51 sequences, length 25
# corresponding to MSA columns:
# 351-375
name=unknown_H
#
# <colnr> <probs for GDERKNQSTAVLIFYWHMCP>
#	G	D	E	R	K	N	Q	S	T	A	V	L	I	F	Y	W	H	M	C	P
0	0.01641	0.01938	0.06417	0.01353	0.01697	0.44310	0.12622	0.14905	0.07376	0.01669	0.00969	0.01084	0.00750	0.00516	0.00478	0.00141	0.00771	0.00399	0.00309	0.00655
1	0.01615	0.33565	0.01857	0.01067	0.01410	0.33266	0.00898	0.15003	0.04339	0.01546	0.00850	0.00935	0.00700	0.00494	0.00404	0.00123	0.00667	0.00327	0.00287	0.00648
2	0.01280	0.15075	0.19077	0.06050	0.11297	0.11479	0.20053	0.01612	0.01127	0.05481	0.00916	0.01118	0.00707	0.00464	0.00494	0.00146	0.02286	0.00415	0.00250	0.00673
3	0.00647	0.00497	0.00604	0.00670	0.00780	0.00453	0.00518	0.00789	0.01070	0.01347	0.03624	0.27960	0.34905	0.01364	0.00623	0.00193	0.00318	0.22762	0.00455	0.00421
4	0.00663	0.00501	0.00612	0.00584	0.00714	0.00450	0.00438	0.00864	0.01314	0.01787	0.58184	0.03973	0.25972	0.01073	0.00580	0.00158	0.00237	0.00931	0.00517	0.00450
5	0.86201	0.00950	0.00722	0.00646	0.00950	0.01102	0.00532	0.01445	0.00836	0.02205	0.00684	0.00798	0.00532	0.00456	0.00304	0.00152	0.00380	0.00266	0.00304	0.00532
6	0.01347	0.01180	0.01558	0.01249	0.01597	0.01291	0.16741	0.18486	0.46426	0.02178	0.01617	0.01589	0.01203	0.00598	0.00515	0.00162	0.00512	0.00536	0.00446	0.00766
7	0.08901	0.00587	0.00761	0.00856	0.00978	0.00598	0.00730	0.01022	0.01082	0.01516	0.02431	0.13655	0.02657	0.01292	0.00637	0.00216	0.00427	0.60762	0.00439	0.00454
8	0.01023	0.01052	0.02030	0.14979	0.11515	0.01055	0.37128	0.01352	0.01143	0.01556	0.12974	0.01844	0.05735	0.00582	0.00594	0.00163	0.03763	0.00606	0.00297	0.00609
9	0.86201	0.00950	0.00722	0.00646	0.00950	0.01102	0.00532	0.01445	0.00836	0.02205	0.00684	0.00798	0.00532	0.00456	0.00304	0.00152	0.00380	0.00266	0.00304	0.00532
10	0.25585	0.01214	0.01078	0.07978	0.03395	0.17494	0.00772	0.14866	0.01352	0.02005	0.18037	0.01568	0.01522	0.00613	0.00447	0.00147	0.00510	0.00463	0.00369	0.00586
11	0.00594	0.00498	0.00516	0.00511	0.00672	0.00420	0.00383	0.00730	0.01150	0.01399	0.13270	0.04611	0.71128	0.01218	0.00581	0.00165	0.00247	0.01021	0.00466	0.00420
12	0.01042	0.01050	0.01945	0.40689	0.11993	0.01112	0.25270	0.01384	0.01057	0.01425	0.00917	0.01280	0.00704	0.00450	0.00508	0.00155	0.00677	0.00470	0.00237	0.07634
13	0.01314	0.83025	0.02575	0.00841	0.01261	0.01945	0.00841	0.01472	0.00999	0.01156	0.00683	0.00788	0.00631	0.00420	0.00315	0.00105	0.00526	0.00263	0.00210	0.00631
14	0.00607	0.00443	0.00573	0.00674	0.00723	0.00410	0.00464	0.00704	0.00971	0.01274	0.02965	0.69481	0.12020	0.01496	0.00625	0.00197	0.00290	0.05225	0.00456	0.00404
15	0.01208	0.38888	0.38106	0.01139	0.01694	0.04370	0.02838	0.01560	0.01047	0.03888	0.00824	0.00945	0.00648	0.00451	0.00401	0.00132	0.00633	0.00325	0.00224	0.00680
16	0.00685	0.00502	0.00642	0.00607	0.00727	0.00459	0.00455	0.00906	0.01365	0.01909	0.72320	0.03772	0.11760	0.01027	0.00580	0.00156	0.00233	0.00903	0.00533	0.00459
17	0.01063	0.21519	0.61884	0.01269	0.01923	0.01331	0.01586	0.01536	0.01028	0.01462	0.00835	0.00979	0.00624	0.00456	0.00431	0.00144	0.00679	0.00339	0.00208	0.00704
18	0.01717	0.09279	0.10349	0.01133	0.01566	0.01521	0.01023	0.62218	0.02044	0.02741	0.01099	0.01127	0.00792	0.00560	0.00472	0.00144	0.00560	0.00417	0.00433	0.00804
19	0.01335	0.54187	0.18516	0.00995	0.01474	0.01699	0.01053	0.11297	0.01183	0.03109	0.00814	0.00908	0.00667	0.00456	0.00373	0.00122	0.00567	0.00311	0.00254	0.00681
20	0.01513	0.31621	0.06614	0.01021	0.01420	0.05056	0.00926	0.28521	0.13702	0.03428	0.01102	0.01125	0.00849	0.00528	0.00424	0.00134	0.00535	0.00384	0.00363	0.00733
21	0.01292	0.32713	0.34597	0.01133	0.01675	0.01524	0.01265	0.17323	0.01286	0.01723	0.00868	0.00973	0.00670	0.00475	0.00415	0.00135	0.00612	0.00342	0.00267	0.00713
22	0.03715	0.15740	0.22540	0.01067	0.01477	0.04094	0.01072	0.14122	0.03300	0.10076	0.04535	0.02601	0.01010	0.00810	0.06627	0.00197	0.05576	0.00430	0.00333	0.00679
23	0.01147	0.23462	0.29059	0.01027	0.01471	0.01209	0.01105	0.07230	0.01131	0.06881	0.04111	0.05301	0.03809	0.00949	0.09834	0.00218	0.00650	0.00464	0.00297	0.00646
24	0.01325	0.18626	0.26141	0.01122	0.01564	0.15780	0.01138	0.14078	0.03089	0.01705	0.08376	0.01267	0.01074	0.00601	0.01949	0.00151	0.00640	0.00404	0.00302	0.00667

[dist]
