[name]
unknown

[dist]
# distance from previous block
# <min> <max>
0	153

[block]
# block no. 0 follows, 52 sequences, length 24
# corresponding to MSA columns:
# 153-176
name=unknown_A
#
# <colnr> <probs for GDERKNQSTAVLIFYWHMCP>
#	G	D	E	R	K	N	Q	S	T	A	V	L	I	F	Y	W	H	M	C	P
0	0.05890	0.00918	0.00987	0.00892	0.01155	0.08498	0.00739	0.06076	0.04518	0.14558	0.01746	0.02877	0.01627	0.00827	0.00519	0.00162	0.00464	0.30267	0.00418	0.16861
1	0.01652	0.00975	0.01167	0.05783	0.01359	0.01007	0.00770	0.28799	0.07329	0.28556	0.01567	0.06006	0.01206	0.08604	0.00682	0.00182	0.00464	0.00535	0.00483	0.02875
2	0.01435	0.01266	0.01550	0.21374	0.20147	0.08998	0.01152	0.30962	0.04848	0.02042	0.01025	0.01203	0.00776	0.00518	0.00479	0.00148	0.00597	0.00427	0.00339	0.00713
3	0.01200	0.01088	0.01159	0.01163	0.08849	0.05494	0.00822	0.02322	0.62611	0.01895	0.01980	0.01870	0.06072	0.00661	0.00494	0.00160	0.00420	0.00552	0.00453	0.00734
4	0.86392	0.00937	0.00712	0.00637	0.00937	0.01087	0.00525	0.01425	0.00825	0.02174	0.00675	0.00787	0.00525	0.00450	0.00300	0.00150	0.00375	0.00262	0.00300	0.00525
5	0.00589	0.00429	0.00555	0.00655	0.00698	0.00395	0.00441	0.00677	0.00947	0.01245	0.02908	0.74393	0.11312	0.01487	0.00614	0.00193	0.00277	0.01340	0.00450	0.00395
6	0.00590	0.00422	0.00562	0.00675	0.00703	0.00394	0.00450	0.00675	0.00928	0.01237	0.02671	0.82653	0.03205	0.01518	0.00619	0.00197	0.00281	0.01378	0.00450	0.00394
7	0.00830	0.00677	0.00756	0.00704	0.00885	0.00695	0.00537	0.01413	0.27400	0.01799	0.33273	0.03295	0.23952	0.00943	0.00546	0.00159	0.00285	0.00806	0.00497	0.00548
8	0.01108	0.00620	0.00780	0.00693	0.00898	0.00567	0.00546	0.01368	0.05784	0.23387	0.33221	0.03305	0.19341	0.00935	0.00550	0.00159	0.00305	0.05342	0.00526	0.00566
9	0.01334	0.01009	0.01113	0.00921	0.01195	0.01095	0.00735	0.38613	0.15847	0.02466	0.24357	0.03863	0.03820	0.00750	0.00516	0.00152	0.00405	0.00619	0.00499	0.00688
10	0.01373	0.01471	0.01283	0.01130	0.01266	0.32269	0.00895	0.05909	0.01118	0.01380	0.00853	0.01107	0.00734	0.00654	0.00889	0.00159	0.33419	0.00385	0.13157	0.00548
11	0.00605	0.00450	0.00553	0.00613	0.00683	0.00410	0.00421	0.00711	0.01011	0.01322	0.12532	0.49246	0.21820	0.06391	0.00715	0.00200	0.00278	0.01189	0.00450	0.00399
12	0.01680	0.01091	0.01562	0.01821	0.34795	0.01088	0.01092	0.20111	0.01479	0.28371	0.01308	0.01342	0.00926	0.00524	0.00483	0.00146	0.00511	0.00452	0.00419	0.00800
13	0.01345	0.01478	0.01886	0.11768	0.17565	0.23238	0.20315	0.06189	0.01208	0.01473	0.00867	0.01133	0.00696	0.00499	0.00595	0.00152	0.08271	0.00433	0.00253	0.00635
14	0.00646	0.00499	0.00580	0.00607	0.00709	0.00465	0.00429	0.00837	0.05841	0.01391	0.14824	0.31811	0.30037	0.08152	0.00744	0.00200	0.00283	0.01070	0.00452	0.00423
15	0.27812	0.00930	0.01041	0.00822	0.01176	0.00921	0.02469	0.10076	0.03270	0.29829	0.03584	0.01289	0.00975	0.00524	0.00415	0.00138	0.00409	0.00398	0.00435	0.13488
16	0.01446	0.01152	0.01892	0.02205	0.43242	0.01142	0.13307	0.12957	0.01330	0.14804	0.01125	0.01285	0.00842	0.00478	0.00496	0.00148	0.00580	0.00464	0.00336	0.00767
17	0.01511	0.01176	0.01259	0.01032	0.01357	0.01319	0.00830	0.42396	0.34128	0.02563	0.06028	0.01573	0.01312	0.00637	0.00493	0.00154	0.00453	0.00508	0.00491	0.00779
18	0.00590	0.00422	0.00562	0.00675	0.00703	0.00394	0.00450	0.00675	0.00928	0.01237	0.02671	0.82653	0.03205	0.01518	0.00619	0.00197	0.00281	0.01378	0.00450	0.00394
19	0.01389	0.03188	0.01511	0.20589	0.12722	0.01161	0.05489	0.19339	0.08911	0.12706	0.01293	0.01417	0.02653	0.00555	0.00517	0.00153	0.02952	0.00469	0.02285	0.00701
20	0.01826	0.00866	0.03255	0.00868	0.01199	0.00764	0.00720	0.09829	0.02864	0.55352	0.07614	0.09568	0.01593	0.00713	0.00505	0.00155	0.00406	0.00594	0.00556	0.00752
21	0.01126	0.00741	0.00839	0.00753	0.00986	0.00741	0.00584	0.01684	0.27355	0.18067	0.06815	0.08193	0.28295	0.00913	0.00531	0.00163	0.00328	0.00768	0.00500	0.00617
22	0.01098	0.01570	0.29972	0.33058	0.02537	0.01173	0.08819	0.13027	0.01203	0.01649	0.00921	0.01177	0.00670	0.00483	0.00484	0.00156	0.00671	0.00419	0.00255	0.00656
23	0.01153	0.01095	0.01799	0.02421	0.58266	0.01042	0.05333	0.01431	0.01084	0.01581	0.00904	0.01162	0.00755	0.00414	0.00458	0.00129	0.00540	0.00407	0.00251	0.19776

[dist]
# distance from previous block
# <min> <max>
0	2

[block]
# block no. 1 follows, 52 sequences, length 14
# corresponding to MSA columns:
# 179-192
name=unknown_B
#
# <colnr> <probs for GDERKNQSTAVLIFYWHMCP>
#	G	D	E	R	K	N	Q	S	T	A	V	L	I	F	Y	W	H	M	C	P
0	0.01036	0.00594	0.00801	0.00723	0.00905	0.00580	0.00568	0.01218	0.01064	0.19527	0.13304	0.02411	0.11804	0.02009	0.34540	0.00413	0.00730	0.00617	0.03189	0.03967
1	0.00889	0.00574	0.00726	0.00690	0.00818	0.00550	0.00507	0.07526	0.01275	0.08757	0.38001	0.27159	0.03368	0.06055	0.00686	0.00184	0.00301	0.00946	0.00495	0.00492
2	0.14809	0.01497	0.01410	0.01453	0.15331	0.27552	0.00998	0.08817	0.01173	0.01584	0.00778	0.00991	0.00656	0.00571	0.00705	0.00155	0.20277	0.00364	0.00269	0.00610
3	0.01443	0.01217	0.01355	0.01264	0.09104	0.04494	0.00926	0.29338	0.33931	0.02240	0.01412	0.01414	0.01066	0.00619	0.00585	0.00158	0.07770	0.00476	0.00430	0.00758
4	0.00594	0.00437	0.00552	0.00637	0.00690	0.00401	0.00431	0.00687	0.00963	0.01261	0.05432	0.64595	0.15838	0.04208	0.00672	0.00199	0.00280	0.01280	0.00447	0.00395
5	0.00692	0.00519	0.00779	0.00779	0.00865	0.00606	0.00606	0.00865	0.00779	0.01125	0.01298	0.01904	0.01211	0.03634	0.81049	0.00779	0.01298	0.00519	0.00260	0.00433
6	0.00597	0.00477	0.00535	0.00553	0.00678	0.00414	0.00402	0.00731	0.01114	0.01409	0.18027	0.21564	0.49296	0.01248	0.00583	0.00169	0.00250	0.01074	0.00465	0.00414
7	0.01095	0.01163	0.02056	0.01593	0.01797	0.01377	0.33140	0.01327	0.00909	0.01327	0.00779	0.01163	0.00677	0.00665	0.01167	0.00192	0.48281	0.00486	0.00226	0.00581
8	0.00624	0.00453	0.00574	0.00636	0.00683	0.00438	0.00429	0.00708	0.00887	0.01173	0.02554	0.46700	0.12400	0.17765	0.11345	0.00321	0.00445	0.01090	0.00395	0.00381
9	0.01365	0.01671	0.06166	0.01226	0.01391	0.37590	0.01010	0.01513	0.01050	0.01194	0.00758	0.01045	0.00678	0.00902	0.07738	0.00217	0.33330	0.00377	0.00233	0.00548
10	0.00867	0.00710	0.00837	0.00681	0.00959	0.00604	0.00530	0.01178	0.07773	0.01730	0.30611	0.02350	0.08793	0.00691	0.00467	0.00117	0.00303	0.00590	0.00410	0.39799
11	0.08514	0.01198	0.05464	0.05180	0.14753	0.06730	0.10851	0.06257	0.06012	0.08348	0.01038	0.01177	0.00791	0.00459	0.00445	0.00131	0.00540	0.00400	0.00316	0.21397
12	0.19046	0.01064	0.07160	0.00835	0.01106	0.09703	0.02154	0.01501	0.08789	0.09548	0.21877	0.01945	0.01876	0.06723	0.00605	0.00170	0.00438	0.00527	0.00395	0.04537
13	0.09884	0.01222	0.10570	0.01116	0.05367	0.01084	0.04521	0.19795	0.12208	0.17503	0.01393	0.01384	0.03052	0.00550	0.00460	0.00145	0.00487	0.00444	0.00415	0.08401

[dist]
# distance from previous block
# <min> <max>
0	16

[block]
# block no. 2 follows, 52 sequences, length 22
# corresponding to MSA columns:
# 209-230
name=unknown_C
#
# <colnr> <probs for GDERKNQSTAVLIFYWHMCP>
#	G	D	E	R	K	N	Q	S	T	A	V	L	I	F	Y	W	H	M	C	P
0	0.02859	0.00976	0.01553	0.01419	0.13193	0.00937	0.19235	0.08191	0.06160	0.10962	0.06803	0.11357	0.03358	0.00654	0.00512	0.00150	0.00503	0.00619	0.00378	0.10182
1	0.01159	0.01950	0.01146	0.02621	0.12477	0.00849	0.00740	0.12553	0.03142	0.02827	0.01075	0.01224	0.00853	0.00451	0.00398	0.00105	0.00401	0.00369	0.14983	0.40674
2	0.00831	0.00664	0.00818	0.00702	0.00942	0.00579	0.00546	0.03064	0.01077	0.01553	0.16339	0.10383	0.08302	0.01232	0.13242	0.00227	0.00474	0.03822	0.00371	0.34832
3	0.01030	0.10886	0.04393	0.11126	0.01574	0.00936	0.07279	0.01329	0.04699	0.01485	0.00984	0.04787	0.00844	0.00456	0.00409	0.00108	0.00464	0.00390	0.00279	0.46543
4	0.01425	0.00913	0.01244	0.01349	0.20229	0.00903	0.00864	0.13378	0.06677	0.23552	0.17728	0.02052	0.06177	0.00676	0.00508	0.00150	0.00421	0.00580	0.00466	0.00708
5	0.00834	0.00603	0.00675	0.00682	0.00717	0.07228	0.00459	0.00793	0.00774	0.00987	0.01332	0.14233	0.01451	0.21671	0.10847	0.34935	0.00551	0.00638	0.00276	0.00314
6	0.51547	0.01041	0.00870	0.00748	0.01036	0.06034	0.00606	0.17349	0.01187	0.02243	0.00909	0.01015	0.00694	0.00496	0.00352	0.00142	0.00418	0.00328	0.12405	0.00579
7	0.01082	0.01013	0.01627	0.39768	0.28092	0.01184	0.01327	0.05728	0.01056	0.01445	0.00863	0.01221	0.00695	0.00525	0.00641	0.00162	0.12275	0.00430	0.00238	0.00629
8	0.00916	0.00543	0.00691	0.00690	0.00784	0.00531	0.00478	0.01076	0.05507	0.13605	0.02070	0.35815	0.02211	0.24643	0.07879	0.00314	0.00447	0.00926	0.00416	0.00458
9	0.00730	0.00509	0.00582	0.00572	0.00723	0.00440	0.00425	0.00870	0.01146	0.08048	0.17150	0.16586	0.48102	0.01180	0.00573	0.00166	0.00262	0.01009	0.00477	0.00450
10	0.01835	0.01166	0.01269	0.01007	0.01355	0.05722	0.00817	0.40214	0.06616	0.27675	0.01520	0.06123	0.01114	0.00642	0.00491	0.00150	0.00490	0.00508	0.00507	0.00780
11	0.04602	0.08162	0.02149	0.06119	0.02029	0.01355	0.36602	0.25481	0.05148	0.02013	0.01040	0.01221	0.00776	0.00481	0.00504	0.00152	0.00656	0.00482	0.00329	0.00698
12	0.00618	0.00467	0.00572	0.00612	0.00707	0.00422	0.00441	0.00757	0.01104	0.01451	0.23387	0.35450	0.26493	0.01286	0.00595	0.00176	0.00264	0.04308	0.00472	0.00417
13	0.00692	0.00519	0.00779	0.00779	0.00865	0.00606	0.00606	0.00865	0.00779	0.01125	0.01298	0.01904	0.01211	0.03634	0.81049	0.00779	0.01298	0.00519	0.00260	0.00433
14	0.01466	0.00975	0.01482	0.01135	0.01476	0.00949	0.19154	0.15810	0.06036	0.24759	0.16674	0.01977	0.04527	0.00652	0.00527	0.00154	0.00488	0.00596	0.00470	0.00695
15	0.01606	0.27075	0.04551	0.00988	0.01362	0.10419	0.00872	0.31709	0.01573	0.08607	0.01042	0.01086	0.00788	0.00516	0.00415	0.00129	0.00544	0.00369	0.05646	0.00704
16	0.09769	0.01359	0.01381	0.01091	0.01432	0.06828	0.00895	0.60070	0.01964	0.02702	0.01049	0.01101	0.00768	0.00584	0.00548	0.00150	0.06713	0.00411	0.00431	0.00756
17	0.01302	0.01066	0.01042	0.00881	0.01135	0.11882	0.00692	0.25227	0.01536	0.07117	0.13784	0.08923	0.14083	0.00807	0.00536	0.00148	0.02465	0.00651	0.00439	0.06282
18	0.04168	0.01335	0.14035	0.06586	0.12001	0.04157	0.11664	0.13573	0.13162	0.01882	0.07612	0.01533	0.02685	0.00562	0.00490	0.00152	0.00560	0.00495	0.02666	0.00681
19	0.00792	0.00593	0.00790	0.00781	0.00853	0.00662	0.00592	0.00973	0.07442	0.01259	0.06966	0.14298	0.06418	0.06937	0.16396	0.15046	0.10153	0.08284	0.00343	0.00421
20	0.00766	0.00480	0.00553	0.00571	0.00668	0.00462	0.00411	0.03171	0.01085	0.01628	0.15152	0.27046	0.09232	0.02977	0.00539	0.00159	0.00260	0.00860	0.33543	0.00438
21	0.50539	0.10659	0.01108	0.02983	0.01171	0.11079	0.00675	0.07227	0.04614	0.01944	0.00791	0.00893	0.00624	0.00469	0.00348	0.00139	0.00472	0.00300	0.00303	0.03662

[dist]
# distance from previous block
# <min> <max>
0	4

[block]
# block no. 3 follows, 52 sequences, length 12
# corresponding to MSA columns:
# 235-246
name=unknown_D
#
# <colnr> <probs for GDERKNQSTAVLIFYWHMCP>
#	G	D	E	R	K	N	Q	S	T	A	V	L	I	F	Y	W	H	M	C	P
0	0.00666	0.00515	0.00670	0.00763	0.06181	0.00475	0.00498	0.00817	0.01117	0.01497	0.28548	0.28938	0.21014	0.05233	0.00674	0.00184	0.00285	0.01031	0.00455	0.00439
1	0.01395	0.58557	0.02192	0.01006	0.05174	0.13118	0.00869	0.07522	0.01148	0.01340	0.00764	0.00875	0.00665	0.00445	0.00352	0.00112	0.00564	0.00295	0.02976	0.00631
2	0.00650	0.00464	0.00618	0.00692	0.00752	0.00440	0.00502	0.00787	0.01050	0.01419	0.19847	0.47954	0.03375	0.04977	0.00699	0.00204	0.00307	0.14389	0.00461	0.00413
3	0.01178	0.01175	0.01356	0.48900	0.02517	0.16621	0.01129	0.11170	0.01226	0.01466	0.01223	0.01482	0.07413	0.00563	0.00483	0.00153	0.00642	0.00459	0.00276	0.00568
4	0.00617	0.00486	0.00552	0.00548	0.00678	0.00426	0.00403	0.00768	0.01166	0.01505	0.29976	0.10909	0.44887	0.04125	0.00645	0.00174	0.00251	0.00992	0.00473	0.00420
5	0.00611	0.00444	0.00578	0.00663	0.00717	0.00411	0.00461	0.00723	0.01007	0.01340	0.12190	0.62333	0.09879	0.01420	0.00612	0.00190	0.00280	0.05276	0.00460	0.00405
6	0.00758	0.00590	0.00700	0.00656	0.00806	0.00580	0.00497	0.01168	0.14860	0.01854	0.53891	0.03476	0.16363	0.00971	0.00558	0.00156	0.00258	0.00843	0.00513	0.00503
7	0.48025	0.01084	0.01016	0.00834	0.01169	0.01217	0.00687	0.29040	0.04145	0.07216	0.00970	0.01010	0.00707	0.00513	0.00384	0.00149	0.00434	0.00348	0.00391	0.00659
8	0.01452	0.01220	0.01215	0.00969	0.01329	0.09987	0.00774	0.26507	0.18562	0.05016	0.01228	0.01241	0.00926	0.00521	0.00442	0.00125	0.00480	0.00402	0.00403	0.27200
9	0.00602	0.00434	0.00574	0.00681	0.00721	0.00405	0.00468	0.00698	0.00948	0.01255	0.02767	0.73918	0.06709	0.01493	0.00620	0.00197	0.00290	0.06372	0.00450	0.00398
10	0.01036	0.00985	0.01673	0.48151	0.36042	0.01109	0.01406	0.01344	0.01026	0.01385	0.00883	0.01252	0.00698	0.00462	0.00482	0.00154	0.00616	0.00431	0.00226	0.00636
11	0.04486	0.15771	0.08350	0.02587	0.03841	0.08453	0.10267	0.08193	0.11197	0.04494	0.01030	0.01135	0.00801	0.00480	0.00453	0.00131	0.02200	0.00387	0.00309	0.15437

[dist]
# distance from previous block
# <min> <max>
7	15

[block]
# block no. 4 follows, 52 sequences, length 12
# corresponding to MSA columns:
# 262-273
name=unknown_E
#
# <colnr> <probs for GDERKNQSTAVLIFYWHMCP>
#	G	D	E	R	K	N	Q	S	T	A	V	L	I	F	Y	W	H	M	C	P
0	0.01206	0.08553	0.11151	0.11803	0.25091	0.01143	0.08375	0.03126	0.07648	0.07333	0.01048	0.01227	0.00806	0.00465	0.00461	0.00141	0.00568	0.00420	0.00287	0.09147
1	0.01251	0.01139	0.01383	0.03546	0.13877	0.08125	0.05889	0.09199	0.12100	0.03494	0.01075	0.01194	0.00844	0.00459	0.00436	0.00118	0.00499	0.00390	0.00327	0.34653
2	0.00725	0.00511	0.00649	0.00624	0.00754	0.00467	0.00480	0.00934	0.01305	0.04406	0.57757	0.03893	0.16831	0.01048	0.00578	0.00161	0.00257	0.07646	0.00514	0.00460
3	0.01296	0.83261	0.02539	0.00829	0.01244	0.01917	0.00829	0.01451	0.00985	0.01140	0.00674	0.00777	0.00622	0.00415	0.00311	0.00104	0.00518	0.00259	0.00207	0.00622
4	0.00670	0.00491	0.00681	0.00732	0.00812	0.00502	0.00559	0.00829	0.00977	0.01332	0.12178	0.28620	0.05894	0.02103	0.27114	0.00386	0.00638	0.14661	0.00397	0.00425
5	0.00616	0.00489	0.00591	0.00631	0.00716	0.00463	0.00452	0.00727	0.01020	0.01315	0.09245	0.41977	0.32905	0.01329	0.00650	0.00181	0.04688	0.01150	0.00443	0.00412
6	0.00692	0.00468	0.00550	0.00575	0.00586	0.00464	0.00349	0.00720	0.00765	0.01018	0.01769	0.15432	0.02049	0.65244	0.02068	0.00412	0.00440	0.05753	0.00327	0.00319
7	0.01125	0.00809	0.00940	0.00809	0.00996	0.00875	0.00624	0.29148	0.01424	0.01969	0.14213	0.02142	0.01725	0.16381	0.19440	0.00350	0.00630	0.00578	0.05265	0.00555
8	0.01296	0.83261	0.02539	0.00829	0.01244	0.01917	0.00829	0.01451	0.00985	0.01140	0.00674	0.00777	0.00622	0.00415	0.00311	0.00104	0.00518	0.00259	0.00207	0.00622
9	0.04234	0.07140	0.01306	0.00979	0.01265	0.05981	0.07620	0.07799	0.02848	0.27126	0.01371	0.01520	0.01036	0.01506	0.25658	0.00343	0.00770	0.00466	0.00389	0.00644
10	0.06823	0.01072	0.01378	0.05400	0.01449	0.08197	0.07990	0.01624	0.01059	0.23327	0.01102	0.01256	0.00826	0.00624	0.00823	0.00164	0.26991	0.00429	0.04224	0.05242
11	0.00773	0.00798	0.07992	0.00884	0.01036	0.00728	0.05158	0.00962	0.00982	0.01381	0.11295	0.23158	0.12846	0.01335	0.09951	0.00246	0.14281	0.00823	0.04893	0.00478

[dist]
# distance from previous block
# <min> <max>
10	47

[block]
# block no. 5 follows, 52 sequences, length 39
# corresponding to MSA columns:
# 325-363
name=unknown_F
#
# <colnr> <probs for GDERKNQSTAVLIFYWHMCP>
#	G	D	E	R	K	N	Q	S	T	A	V	L	I	F	Y	W	H	M	C	P
0	0.13079	0.25591	0.19927	0.01096	0.05169	0.07940	0.04379	0.01437	0.01045	0.02964	0.06038	0.07265	0.01080	0.00562	0.00417	0.00139	0.00551	0.00438	0.00273	0.00609
1	0.00942	0.07213	0.02275	0.00868	0.02542	0.03135	0.04963	0.01207	0.08203	0.06235	0.05264	0.35493	0.04131	0.04467	0.00606	0.00172	0.00392	0.00859	0.00396	0.10638
2	0.01259	0.27460	0.09156	0.01175	0.07374	0.04682	0.04950	0.10492	0.10849	0.02946	0.01193	0.06225	0.02753	0.00579	0.00483	0.00139	0.03985	0.00455	0.00311	0.03531
3	0.01162	0.25081	0.20440	0.01281	0.05806	0.03599	0.14718	0.02792	0.02410	0.02904	0.03673	0.01163	0.00847	0.01914	0.00467	0.00136	0.00598	0.00393	0.00255	0.10361
4	0.05473	0.04705	0.05694	0.03224	0.10886	0.10140	0.02206	0.19006	0.08514	0.15933	0.03397	0.01303	0.00980	0.00537	0.00459	0.00141	0.00532	0.00426	0.00393	0.06050
5	0.03706	0.02723	0.10748	0.01010	0.01298	0.09089	0.07465	0.07776	0.06100	0.01544	0.01588	0.15738	0.06836	0.06994	0.00704	0.00176	0.05092	0.00632	0.00335	0.10447
6	0.01179	0.01277	0.10214	0.07117	0.41912	0.01117	0.17270	0.01543	0.03141	0.04898	0.00986	0.01234	0.00772	0.00443	0.00492	0.00147	0.00622	0.00451	0.00260	0.04926
7	0.00995	0.00808	0.04265	0.05093	0.01177	0.00796	0.00750	0.05599	0.20655	0.04665	0.17860	0.03128	0.03791	0.00892	0.00545	0.00172	0.00392	0.21359	0.06480	0.00578
8	0.04338	0.00551	0.00777	0.00766	0.00851	0.00643	0.00589	0.00884	0.00773	0.01154	0.01270	0.01944	0.01214	0.10684	0.67753	0.00705	0.03892	0.00522	0.00263	0.00427
9	0.03819	0.16070	0.05283	0.19805	0.05125	0.12789	0.00954	0.02703	0.01068	0.01404	0.00813	0.01016	0.00663	0.00433	0.00401	0.00117	0.00559	0.00330	0.00248	0.26398
10	0.01714	0.01807	0.01349	0.01163	0.01458	0.43574	0.00902	0.24665	0.15177	0.01886	0.01085	0.01122	0.00832	0.00551	0.00461	0.00138	0.00688	0.00390	0.00362	0.00675
11	0.00686	0.00495	0.00648	0.00610	0.00724	0.00457	0.00457	0.00914	0.01372	0.01943	0.79691	0.03620	0.04572	0.00991	0.00572	0.00152	0.00229	0.00876	0.00533	0.00457
12	0.00686	0.00495	0.00648	0.00610	0.00724	0.00457	0.00457	0.00914	0.01372	0.01943	0.79691	0.03620	0.04572	0.00991	0.00572	0.00152	0.00229	0.00876	0.00533	0.00457
13	0.00598	0.00428	0.00569	0.00669	0.00705	0.00399	0.00450	0.00695	0.00965	0.01296	0.09144	0.76011	0.03320	0.01474	0.00615	0.00193	0.00277	0.01336	0.00457	0.00399
14	0.86392	0.00937	0.00712	0.00637	0.00937	0.01087	0.00525	0.01425	0.00825	0.02174	0.00675	0.00787	0.00525	0.00450	0.00300	0.00150	0.00375	0.00262	0.00300	0.00525
15	0.86392	0.00937	0.00712	0.00637	0.00937	0.01087	0.00525	0.01425	0.00825	0.02174	0.00675	0.00787	0.00525	0.00450	0.00300	0.00150	0.00375	0.00262	0.00300	0.00525
16	0.01205	0.01041	0.01096	0.00986	0.01260	0.01205	0.00767	0.02575	0.79071	0.02027	0.01972	0.01808	0.01479	0.00657	0.00493	0.00164	0.00384	0.00548	0.00493	0.00767
17	0.00705	0.00470	0.00529	0.00529	0.00529	0.00470	0.00294	0.00705	0.00705	0.00940	0.01527	0.03171	0.01762	0.82969	0.02467	0.00470	0.00470	0.00705	0.00294	0.00294
18	0.01296	0.83261	0.02539	0.00829	0.01244	0.01917	0.00829	0.01451	0.00985	0.01140	0.00674	0.00777	0.00622	0.00415	0.00311	0.00104	0.00518	0.00259	0.00207	0.00622
19	0.00915	0.00861	0.01453	0.81804	0.03338	0.01077	0.01346	0.01238	0.00969	0.01238	0.00861	0.01292	0.00646	0.00484	0.00484	0.00161	0.00646	0.00431	0.00215	0.00538
20	0.00576	0.00477	0.00505	0.00528	0.00664	0.00406	0.00384	0.00691	0.01069	0.01295	0.04463	0.20212	0.64489	0.01285	0.00582	0.00170	0.00253	0.01094	0.00450	0.00406
21	0.01060	0.01060	0.01484	0.01272	0.01272	0.01484	0.01060	0.01166	0.00742	0.01166	0.00636	0.01060	0.00636	0.00848	0.01590	0.00212	0.82082	0.00424	0.00212	0.00530
22	0.03703	0.00572	0.00734	0.00692	0.00857	0.00519	0.00518	0.01219	0.01170	0.23182	0.20223	0.32154	0.10354	0.01083	0.00557	0.00169	0.00305	0.00949	0.00506	0.00532
23	0.86392	0.00937	0.00712	0.00637	0.00937	0.01087	0.00525	0.01425	0.00825	0.02174	0.00675	0.00787	0.00525	0.00450	0.00300	0.00150	0.00375	0.00262	0.00300	0.00525
24	0.01060	0.01060	0.01484	0.01272	0.01272	0.01484	0.01060	0.01166	0.00742	0.01166	0.00636	0.01060	0.00636	0.00848	0.01590	0.00212	0.82082	0.00424	0.00212	0.00530
25	0.01199	0.01151	0.01967	0.02974	0.79946	0.01151	0.01487	0.01487	0.01103	0.01583	0.00912	0.01199	0.00768	0.00432	0.00480	0.00144	0.00576	0.00432	0.00240	0.00768
26	0.00616	0.00495	0.00551	0.00544	0.00691	0.00430	0.00413	0.00776	0.01187	0.01509	0.27700	0.04378	0.53476	0.01160	0.00576	0.00163	0.00249	0.04185	0.00475	0.00425
27	0.00649	0.00446	0.00545	0.00600	0.00614	0.00432	0.00370	0.00690	0.00814	0.01085	0.02087	0.42111	0.02469	0.43064	0.01561	0.00336	0.00377	0.01034	0.00370	0.00343
28	0.00590	0.00422	0.00562	0.00675	0.00703	0.00394	0.00450	0.00675	0.00928	0.01237	0.02671	0.82653	0.03205	0.01518	0.00619	0.00197	0.00281	0.01378	0.00450	0.00394
29	0.01330	0.01103	0.01166	0.01011	0.01308	0.01264	0.00797	0.17436	0.64006	0.02229	0.01814	0.01682	0.01351	0.00643	0.00491	0.00161	0.00413	0.00526	0.00491	0.00778
30	0.01146	0.01482	0.11954	0.01938	0.02447	0.03890	0.66594	0.01563	0.01137	0.01538	0.00960	0.01259	0.00717	0.00418	0.00554	0.00161	0.00807	0.00538	0.00240	0.00658
31	0.02174	0.00825	0.01125	0.00862	0.01237	0.00712	0.00712	0.02362	0.01387	0.80282	0.01912	0.01649	0.01200	0.00600	0.00487	0.00150	0.00412	0.00487	0.00600	0.00825
32	0.00898	0.00553	0.00719	0.00650	0.00805	0.00508	0.00497	0.01144	0.03146	0.12644	0.65184	0.03338	0.06138	0.00936	0.00558	0.00153	0.00258	0.00820	0.00539	0.00513
33	0.00591	0.00433	0.00555	0.00649	0.00697	0.00397	0.00439	0.00684	0.00962	0.01265	0.04964	0.70477	0.13175	0.01467	0.00611	0.00191	0.00275	0.01319	0.00452	0.00397
34	0.00835	0.00747	0.01219	0.59536	0.02628	0.00897	0.01116	0.01099	0.00967	0.01248	0.01353	0.19959	0.01329	0.00760	0.00524	0.00172	0.00554	0.04276	0.00280	0.00501
35	0.01837	0.00864	0.01072	0.00860	0.01190	0.00833	0.00698	0.07714	0.15838	0.51989	0.01835	0.01661	0.01229	0.00606	0.00473	0.00148	0.00396	0.00491	0.09490	0.00775
36	0.01056	0.00863	0.04393	0.07049	0.09772	0.00872	0.03157	0.04869	0.19223	0.01798	0.01453	0.01612	0.01127	0.00627	0.02125	0.00152	0.02113	0.00470	0.36666	0.00601
37	0.01112	0.01529	0.25909	0.13027	0.31059	0.01141	0.07842	0.05536	0.03027	0.01612	0.00954	0.01196	0.00734	0.00463	0.00479	0.00151	0.00632	0.00424	0.02466	0.00706
38	0.00915	0.00861	0.01453	0.81804	0.03338	0.01077	0.01346	0.01238	0.00969	0.01238	0.00861	0.01292	0.00646	0.00484	0.00484	0.00161	0.00646	0.00431	0.00215	0.00538

[dist]
# distance from previous block
# <min> <max>
0	9

[block]
# block no. 6 follows, 52 sequences, length 101
# corresponding to MSA columns:
# 373-473
name=unknown_G
#
# <colnr> <probs for GDERKNQSTAVLIFYWHMCP>
#	G	D	E	R	K	N	Q	S	T	A	V	L	I	F	Y	W	H	M	C	P
0	0.00611	0.00436	0.00577	0.00664	0.00705	0.00408	0.00451	0.00714	0.00982	0.01325	0.12991	0.67560	0.03326	0.04555	0.00684	0.00202	0.00284	0.02671	0.00455	0.00399
1	0.00681	0.00494	0.00636	0.00601	0.00713	0.00455	0.00447	0.00896	0.01334	0.01875	0.73211	0.03652	0.07977	0.04133	0.00644	0.00165	0.00239	0.00877	0.00520	0.00449
2	0.00683	0.00495	0.00644	0.00607	0.00723	0.00456	0.00455	0.00910	0.01366	0.01930	0.78102	0.03642	0.06170	0.00996	0.00572	0.00153	0.00229	0.00880	0.00532	0.00456
3	0.86392	0.00937	0.00712	0.00637	0.00937	0.01087	0.00525	0.01425	0.00825	0.02174	0.00675	0.00787	0.00525	0.00450	0.00300	0.00150	0.00375	0.00262	0.00300	0.00525
4	0.00683	0.00495	0.00644	0.00607	0.00722	0.00456	0.00455	0.00909	0.01365	0.01928	0.77885	0.03645	0.06388	0.00996	0.00572	0.00153	0.00229	0.00880	0.00531	0.00456
5	0.01205	0.01041	0.01096	0.00986	0.01260	0.01205	0.00767	0.02575	0.79071	0.02027	0.01972	0.01808	0.01479	0.00657	0.00493	0.00164	0.00384	0.00548	0.00493	0.00767
6	0.01243	0.39052	0.03297	0.00921	0.01269	0.01533	0.00816	0.02036	0.41489	0.01608	0.01351	0.01317	0.01066	0.00541	0.00408	0.00136	0.00452	0.00411	0.00355	0.00699
7	0.20856	0.01174	0.07361	0.00994	0.02807	0.07097	0.05289	0.16223	0.01377	0.15743	0.14847	0.01568	0.01439	0.00598	0.00458	0.00149	0.00480	0.00475	0.00413	0.00652
8	0.06129	0.01411	0.07249	0.01316	0.09599	0.21205	0.08189	0.01964	0.03479	0.31571	0.02357	0.01315	0.00942	0.00528	0.00471	0.00145	0.00601	0.00431	0.00392	0.00706
9	0.00769	0.00549	0.00767	0.00879	0.00985	0.00548	0.00760	0.00984	0.01104	0.01437	0.02572	0.10272	0.02815	0.01350	0.00666	0.00221	0.00436	0.71996	0.00446	0.00443
10	0.01026	0.00964	0.00880	0.00808	0.01033	0.10582	0.00620	0.04334	0.32528	0.01663	0.05344	0.02900	0.33619	0.00880	0.00521	0.00158	0.00387	0.00720	0.00447	0.00588
11	0.01212	0.01110	0.01843	0.08878	0.66298	0.01134	0.01404	0.01567	0.05997	0.04361	0.01010	0.01261	0.00818	0.00456	0.00481	0.00147	0.00563	0.00441	0.00267	0.00752
12	0.23926	0.01227	0.01285	0.01082	0.05012	0.01377	0.00849	0.51892	0.01789	0.02689	0.01005	0.01063	0.00737	0.00550	0.00475	0.00149	0.03357	0.00390	0.00415	0.00733
13	0.01199	0.01151	0.01967	0.02974	0.79946	0.01151	0.01487	0.01487	0.01103	0.01583	0.00912	0.01199	0.00768	0.00432	0.00480	0.00144	0.00576	0.00432	0.00240	0.00768
14	0.01051	0.00952	0.01333	0.01740	0.35311	0.00988	0.00988	0.01647	0.26185	0.01667	0.03488	0.05864	0.15295	0.00708	0.00509	0.00157	0.00435	0.00627	0.00374	0.00680
15	0.00590	0.00422	0.00562	0.00675	0.00703	0.00394	0.00450	0.00675	0.00928	0.01237	0.02671	0.82653	0.03205	0.01518	0.00619	0.00197	0.00281	0.01378	0.00450	0.00394
16	0.01079	0.00952	0.01070	0.00868	0.01121	0.07294	0.00686	0.05358	0.00994	0.01433	0.00872	0.01153	0.00764	0.00884	0.06854	0.10892	0.14792	0.00358	0.01757	0.40817
17	0.01038	0.18980	0.64563	0.01269	0.01923	0.01287	0.01594	0.01518	0.01015	0.01454	0.00830	0.00973	0.00616	0.00451	0.00430	0.00143	0.00676	0.00338	0.00205	0.00697
18	0.00590	0.00422	0.00562	0.00675	0.00703	0.00394	0.00450	0.00675	0.00928	0.01237	0.02671	0.82653	0.03205	0.01518	0.00619	0.00197	0.00281	0.01378	0.00450	0.00394
19	0.00584	0.00491	0.00506	0.00503	0.00661	0.00414	0.00377	0.00717	0.01131	0.01371	0.12242	0.04561	0.72378	0.01204	0.00573	0.00163	0.00244	0.01008	0.00458	0.00414
20	0.00627	0.00468	0.00672	0.00747	0.00800	0.00440	0.03668	0.00734	0.00950	0.01265	0.02594	0.73770	0.03074	0.01460	0.00620	0.00197	0.00315	0.06750	0.00441	0.00408
21	0.01030	0.00876	0.01018	0.00730	0.01159	0.00672	0.00585	0.03543	0.01043	0.01624	0.00870	0.01010	0.00721	0.00366	0.00363	0.00074	0.00364	0.00292	0.00293	0.83368
22	0.01005	0.00605	0.00770	0.00698	0.00870	0.00573	0.00533	0.01324	0.09098	0.16590	0.47940	0.10844	0.05311	0.00941	0.00553	0.00158	0.00284	0.00823	0.00532	0.00550
23	0.01084	0.10598	0.61770	0.01301	0.01939	0.01193	0.04226	0.01621	0.04913	0.05559	0.00962	0.01079	0.00692	0.00471	0.00452	0.00149	0.00667	0.00371	0.00241	0.00712
24	0.01145	0.01518	0.20850	0.08107	0.08887	0.01218	0.32237	0.07744	0.06132	0.01657	0.00999	0.01237	0.00752	0.00481	0.00571	0.00160	0.04877	0.00478	0.00266	0.00684
25	0.00915	0.00861	0.01453	0.81804	0.03338	0.01077	0.01346	0.01238	0.00969	0.01238	0.00861	0.01292	0.00646	0.00484	0.00484	0.00161	0.00646	0.00431	0.00215	0.00538
26	0.00580	0.00493	0.00501	0.00505	0.00667	0.00414	0.00382	0.00706	0.01105	0.01314	0.04828	0.04691	0.77090	0.01231	0.00576	0.00166	0.00252	0.03638	0.00450	0.00410
27	0.01566	0.13477	0.20221	0.01199	0.05784	0.08519	0.03645	0.11565	0.01318	0.24376	0.01184	0.01211	0.00838	0.00581	0.02269	0.00155	0.00600	0.00401	0.00363	0.00728
28	0.01092	0.23590	0.21002	0.14197	0.01864	0.02936	0.06158	0.01426	0.04096	0.01318	0.00865	0.02489	0.00728	0.01679	0.00655	0.00157	0.14511	0.00397	0.00229	0.00614
29	0.00636	0.00465	0.00598	0.00624	0.00709	0.00427	0.00446	0.00797	0.01167	0.01597	0.41410	0.35523	0.11350	0.01226	0.00591	0.00171	0.00251	0.01092	0.00492	0.00427
30	0.01015	0.00967	0.03183	0.59440	0.11856	0.01106	0.04607	0.02652	0.04834	0.02901	0.00948	0.01302	0.00717	0.00493	0.00507	0.00160	0.02030	0.00442	0.00245	0.00595
31	0.02869	0.13626	0.46781	0.01258	0.03544	0.08342	0.02980	0.03172	0.01107	0.08927	0.00970	0.02631	0.00730	0.00492	0.00443	0.00144	0.00654	0.00378	0.00260	0.00691
32	0.00700	0.00468	0.00530	0.00534	0.00536	0.00467	0.00300	0.00704	0.00714	0.00952	0.01573	0.06360	0.01820	0.79702	0.02392	0.00459	0.00462	0.00732	0.00300	0.00298
33	0.00590	0.00424	0.00560	0.00668	0.00701	0.00394	0.00447	0.00676	0.00935	0.01240	0.02756	0.79674	0.06129	0.01507	0.00617	0.00196	0.00280	0.01364	0.00450	0.00394
34	0.01141	0.04578	0.18112	0.01238	0.03901	0.12226	0.09899	0.01684	0.18262	0.02910	0.02621	0.08100	0.01388	0.00712	0.00515	0.00164	0.00582	0.10992	0.00344	0.00633
35	0.04236	0.58702	0.18130	0.00940	0.01405	0.01682	0.01008	0.05053	0.01048	0.01358	0.00753	0.00864	0.00638	0.00436	0.00349	0.00117	0.00549	0.00291	0.01796	0.00644
36	0.00588	0.00492	0.00512	0.00507	0.00664	0.00416	0.00380	0.00726	0.01141	0.01396	0.15194	0.04520	0.69410	0.01195	0.00573	0.00162	0.00243	0.01003	0.00461	0.00416
37	0.01296	0.83261	0.02539	0.00829	0.01244	0.01917	0.00829	0.01451	0.00985	0.01140	0.00674	0.00777	0.00622	0.00415	0.00311	0.00104	0.00518	0.00259	0.00207	0.00622
38	0.04875	0.06717	0.01328	0.02736	0.01357	0.14135	0.00811	0.25276	0.01478	0.11385	0.01056	0.01127	0.00793	0.00529	0.00502	0.00130	0.05801	0.00377	0.03629	0.15960
39	0.01324	0.01067	0.01134	0.00974	0.01251	0.01210	0.00760	0.22503	0.50771	0.02190	0.01713	0.01774	0.01334	0.08943	0.00690	0.00190	0.00432	0.00534	0.00471	0.00734
40	0.00593	0.00426	0.00563	0.00667	0.00702	0.00396	0.00448	0.00684	0.00948	0.01264	0.05452	0.77664	0.05413	0.01491	0.00616	0.00194	0.00278	0.01350	0.00453	0.00396
41	0.01154	0.01263	0.06561	0.19087	0.12520	0.04039	0.28457	0.06507	0.03826	0.01548	0.00940	0.01239	0.00730	0.00501	0.00631	0.00163	0.09455	0.00476	0.00257	0.00646
42	0.00706	0.00540	0.00806	0.00798	0.00881	0.00639	0.00623	0.00877	0.00777	0.01127	0.01273	0.01872	0.01190	0.03528	0.78014	0.00757	0.04383	0.00516	0.00258	0.00436
43	0.01002	0.10068	0.73162	0.01330	0.02017	0.01200	0.01700	0.01527	0.01020	0.01498	0.00851	0.01000	0.00615	0.00456	0.00446	0.00149	0.00698	0.00349	0.00205	0.00707
44	0.00633	0.00493	0.00575	0.00554	0.00692	0.00435	0.00416	0.00812	0.01247	0.01648	0.44848	0.04106	0.39600	0.01101	0.00572	0.00158	0.00236	0.00945	0.00495	0.00435
45	0.00686	0.00495	0.00648	0.00610	0.00724	0.00457	0.00457	0.00914	0.01372	0.01943	0.79691	0.03620	0.04572	0.00991	0.00572	0.00152	0.00229	0.00876	0.00533	0.00457
46	0.01101	0.00858	0.01015	0.00730	0.01156	0.00651	0.00586	0.01314	0.01036	0.08033	0.00947	0.01058	0.00757	0.00379	0.00369	0.00078	0.00363	0.00304	0.00313	0.78952
47	0.00573	0.00491	0.00491	0.00491	0.00655	0.00409	0.00368	0.00695	0.01105	0.01309	0.04909	0.04664	0.79750	0.01227	0.00573	0.00164	0.00245	0.01023	0.00450	0.00409
48	0.01173	0.39328	0.01929	0.00996	0.01319	0.02700	0.11941	0.07336	0.01125	0.03785	0.04362	0.16453	0.01336	0.00777	0.03273	0.00160	0.00537	0.00570	0.00308	0.00591
49	0.01296	0.83261	0.02539	0.00829	0.01244	0.01917	0.00829	0.01451	0.00985	0.01140	0.00674	0.00777	0.00622	0.00415	0.00311	0.00104	0.00518	0.00259	0.00207	0.00622
50	0.01005	0.00861	0.01005	0.00718	0.01148	0.00646	0.00574	0.01220	0.01005	0.01579	0.00861	0.01005	0.00718	0.00359	0.00359	0.00072	0.00359	0.00287	0.00287	0.85932
51	0.00704	0.00473	0.00543	0.00543	0.00548	0.00478	0.00312	0.00714	0.00709	0.00950	0.01514	0.03097	0.01730	0.78353	0.07039	0.00488	0.00518	0.00694	0.00292	0.00302
52	0.86392	0.00937	0.00712	0.00637	0.00937	0.01087	0.00525	0.01425	0.00825	0.02174	0.00675	0.00787	0.00525	0.00450	0.00300	0.00150	0.00375	0.00262	0.00300	0.00525
53	0.01005	0.00861	0.01005	0.00718	0.01148	0.00646	0.00574	0.01220	0.01005	0.01579	0.00861	0.01005	0.00718	0.00359	0.00359	0.00072	0.00359	0.00287	0.00287	0.85932
54	0.01205	0.01041	0.01096	0.00986	0.01260	0.01205	0.00767	0.02575	0.79071	0.02027	0.01972	0.01808	0.01479	0.00657	0.00493	0.00164	0.00384	0.00548	0.00493	0.00767
55	0.01616	0.01112	0.01864	0.01513	0.08310	0.05610	0.30889	0.01890	0.01252	0.35736	0.01425	0.04278	0.01020	0.00538	0.00521	0.00155	0.00605	0.00537	0.00406	0.00723
56	0.01294	0.01052	0.01173	0.00999	0.01253	0.01210	0.00797	0.23672	0.37534	0.02203	0.11939	0.01790	0.01613	0.00748	0.01912	0.00172	0.08918	0.00547	0.00463	0.00712
57	0.01269	0.76697	0.08873	0.00874	0.01313	0.01853	0.00907	0.01458	0.00988	0.01172	0.00690	0.00797	0.00621	0.00418	0.00323	0.00108	0.00534	0.00267	0.00207	0.00630
58	0.01086	0.00859	0.01013	0.00728	0.01155	0.00651	0.00584	0.01299	0.01031	0.07025	0.00934	0.01049	0.00751	0.00376	0.00368	0.00077	0.00363	0.00301	0.00309	0.80043
59	0.01565	0.31735	0.04608	0.01101	0.01418	0.46357	0.00932	0.01715	0.01195	0.01181	0.00722	0.00851	0.00623	0.00480	0.00436	0.00121	0.03840	0.00299	0.00231	0.00588
60	0.00707	0.00505	0.00696	0.00808	0.00887	0.00494	0.00653	0.00876	0.01043	0.01368	0.02607	0.35380	0.02950	0.01408	0.00650	0.00213	0.00382	0.47500	0.00448	0.00426
61	0.01296	0.83261	0.02539	0.00829	0.01244	0.01917	0.00829	0.01451	0.00985	0.01140	0.00674	0.00777	0.00622	0.00415	0.00311	0.00104	0.00518	0.00259	0.00207	0.00622
62	0.00676	0.00483	0.00660	0.00765	0.00833	0.00467	0.00592	0.00827	0.01029	0.01361	0.06224	0.45945	0.03091	0.01417	0.00638	0.00206	0.00349	0.33566	0.00452	0.00419
63	0.00573	0.00491	0.00491	0.00491	0.00655	0.00409	0.00368	0.00695	0.01105	0.01309	0.04909	0.04664	0.79750	0.01227	0.00573	0.00164	0.00245	0.01023	0.00450	0.00409
64	0.00681	0.00495	0.00640	0.00604	0.00721	0.00455	0.00453	0.00904	0.01359	0.01914	0.76197	0.03669	0.08085	0.01002	0.00572	0.00153	0.00229	0.00883	0.00530	0.00455
65	0.00686	0.00495	0.00648	0.00610	0.00724	0.00457	0.00457	0.00914	0.01372	0.01943	0.79691	0.03620	0.04572	0.00991	0.00572	0.00152	0.00229	0.00876	0.00533	0.00457
66	0.01842	0.01357	0.01454	0.01115	0.01503	0.01503	0.00921	0.78330	0.02278	0.03054	0.01163	0.01163	0.00824	0.00582	0.00485	0.00145	0.00533	0.00436	0.00485	0.00824
67	0.01735	0.06224	0.02895	0.00968	0.01326	0.01037	0.03112	0.09374	0.25231	0.40151	0.01733	0.01575	0.01188	0.00595	0.00480	0.00151	0.00440	0.00487	0.00513	0.00787
68	0.00972	0.02507	0.80458	0.01381	0.02097	0.01125	0.01790	0.01535	0.01023	0.01535	0.00870	0.01023	0.00614	0.00460	0.00460	0.00153	0.00716	0.00358	0.00205	0.00716
69	0.01205	0.01041	0.01096	0.00986	0.01260	0.01205	0.00767	0.02575	0.79071	0.02027	0.01972	0.01808	0.01479	0.00657	0.00493	0.00164	0.00384	0.00548	0.00493	0.00767
70	0.01062	0.00677	0.05088	0.00783	0.00953	0.00562	0.00618	0.04123	0.01114	0.21013	0.03814	0.50750	0.02486	0.01180	0.00573	0.00181	0.00352	0.03658	0.00477	0.00538
71	0.00976	0.00924	0.01564	0.64855	0.19809	0.01093	0.01376	0.01292	0.00998	0.01312	0.00872	0.01272	0.00672	0.00473	0.00483	0.00158	0.00631	0.00431	0.00221	0.00588
72	0.86392	0.00937	0.00712	0.00637	0.00937	0.01087	0.00525	0.01425	0.00825	0.02174	0.00675	0.00787	0.00525	0.00450	0.00300	0.00150	0.00375	0.00262	0.00300	0.00525
73	0.86392	0.00937	0.00712	0.00637	0.00937	0.01087	0.00525	0.01425	0.00825	0.02174	0.00675	0.00787	0.00525	0.00450	0.00300	0.00150	0.00375	0.00262	0.00300	0.00525
74	0.01398	0.01351	0.18303	0.01390	0.01806	0.01069	0.24546	0.01719	0.01122	0.25599	0.01199	0.01332	0.00850	0.00636	0.02948	0.00182	0.13039	0.00477	0.00341	0.00694
75	0.01239	0.01130	0.01917	0.04572	0.74621	0.01129	0.01448	0.01523	0.01114	0.05253	0.00957	0.01222	0.00785	0.00441	0.00480	0.00145	0.00570	0.00434	0.00256	0.00765
76	0.00675	0.00495	0.00633	0.00599	0.00717	0.00453	0.00449	0.00894	0.01347	0.01884	0.72714	0.03717	0.11586	0.01013	0.00572	0.00153	0.00230	0.00890	0.00526	0.00453
77	0.01810	0.02310	0.01373	0.01248	0.01498	0.81024	0.00936	0.01935	0.01373	0.01186	0.00749	0.00874	0.00624	0.00499	0.00437	0.00125	0.00874	0.00312	0.00250	0.00562
78	0.00983	0.05356	0.77709	0.01362	0.02067	0.01153	0.01757	0.01532	0.01022	0.01521	0.00863	0.01014	0.00614	0.00459	0.00455	0.00152	0.00709	0.00355	0.00205	0.00713
79	0.00590	0.00460	0.00536	0.00583	0.00682	0.00406	0.00412	0.00705	0.01048	0.01330	0.10159	0.39500	0.39188	0.01338	0.00593	0.00178	0.00260	0.01169	0.00457	0.00406
80	0.00915	0.00861	0.01453	0.81804	0.03338	0.01077	0.01346	0.01238	0.00969	0.01238	0.00861	0.01292	0.00646	0.00484	0.00484	0.00161	0.00646	0.00431	0.00215	0.00538
81	0.02744	0.01149	0.07287	0.05823	0.15241	0.02077	0.10460	0.10907	0.07889	0.22533	0.01449	0.02754	0.02546	0.00585	0.00515	0.00156	0.01595	0.03167	0.00397	0.00726
82	0.05577	0.01186	0.06754	0.03339	0.31910	0.01087	0.12289	0.08810	0.02441	0.20030	0.01178	0.01296	0.00856	0.00488	0.00486	0.00150	0.00566	0.00454	0.00351	0.00751
83	0.01539	0.01805	0.01604	0.05268	0.31648	0.47073	0.01165	0.01734	0.01253	0.01340	0.00816	0.01016	0.00680	0.00473	0.00455	0.00134	0.00750	0.00363	0.00244	0.00640
84	0.25945	0.01570	0.01600	0.01351	0.04965	0.31816	0.21449	0.01675	0.01143	0.03065	0.00818	0.00993	0.00642	0.00460	0.00436	0.00144	0.00694	0.00376	0.00269	0.00589
85	0.00608	0.00431	0.00567	0.00668	0.00696	0.00407	0.00446	0.00689	0.00913	0.01215	0.02555	0.72149	0.03049	0.09499	0.00802	0.00225	0.00305	0.03956	0.00434	0.00386
86	0.02562	0.01464	0.01456	0.37468	0.12053	0.32686	0.01171	0.01545	0.01144	0.01285	0.00834	0.01117	0.00662	0.00485	0.00460	0.00144	0.00716	0.00382	0.01794	0.00574
87	0.01043	0.01465	0.21827	0.02746	0.03529	0.03276	0.31087	0.01438	0.02834	0.01523	0.01160	0.06011	0.03238	0.00512	0.00499	0.00145	0.00644	0.00513	0.00266	0.16246
88	0.00590	0.00422	0.00562	0.00675	0.00703	0.00394	0.00450	0.00675	0.00928	0.01237	0.02671	0.82653	0.03205	0.01518	0.00619	0.00197	0.00281	0.01378	0.00450	0.00394
89	0.01076	0.21318	0.43711	0.06917	0.06390	0.01322	0.09866	0.01494	0.01028	0.01426	0.00837	0.01024	0.00640	0.00444	0.00440	0.00143	0.00668	0.00367	0.00212	0.00678
90	0.00607	0.00492	0.00539	0.00527	0.00676	0.00424	0.00395	0.00763	0.01186	0.01503	0.27821	0.04344	0.56716	0.01155	0.00572	0.00160	0.00240	0.00978	0.00476	0.00424
91	0.00809	0.00667	0.00913	0.02597	0.00922	0.00825	0.00647	0.00906	0.00747	0.01076	0.01174	0.02081	0.01221	0.30030	0.29143	0.00494	0.24524	0.00553	0.00256	0.00416
92	0.01156	0.00771	0.00851	0.00752	0.00965	0.00822	0.00587	0.10361	0.25170	0.07936	0.16622	0.02069	0.01901	0.00679	0.00458	0.00143	0.00323	0.00563	0.27251	0.00620
93	0.00573	0.00491	0.00491	0.00491	0.00655	0.00409	0.00368	0.00695	0.01105	0.01309	0.04909	0.04664	0.79750	0.01227	0.00573	0.00164	0.00245	0.01023	0.00450	0.00409
94	0.03220	0.41683	0.28802	0.01071	0.03893	0.01472	0.01145	0.02937	0.01024	0.01392	0.00775	0.00904	0.00635	0.00429	0.00375	0.00121	0.00568	0.00304	0.00223	0.09026
95	0.00585	0.00441	0.00542	0.00623	0.00689	0.00398	0.00427	0.00681	0.00978	0.01257	0.03301	0.60696	0.24755	0.01436	0.00606	0.00187	0.00271	0.01278	0.00450	0.00398
96	0.00649	0.00467	0.00615	0.00635	0.00716	0.00433	0.00454	0.00823	0.01202	0.01673	0.50174	0.33908	0.04048	0.01193	0.00590	0.00169	0.00249	0.01068	0.00501	0.00433
97	0.01101	0.27242	0.53808	0.01207	0.01815	0.04173	0.01466	0.01523	0.01024	0.01402	0.00805	0.00943	0.00617	0.00448	0.00414	0.00137	0.00661	0.00326	0.00207	0.00682
98	0.01475	0.26330	0.01609	0.00927	0.01262	0.06037	0.00790	0.33567	0.01572	0.05300	0.04035	0.03905	0.06023	0.04459	0.00534	0.00150	0.00504	0.00470	0.00380	0.00670
99	0.01377	0.05789	0.28088	0.01424	0.10418	0.24168	0.01261	0.10570	0.09318	0.01647	0.00978	0.01085	0.00748	0.00501	0.00455	0.00142	0.00681	0.00377	0.00284	0.00691
100	0.02875	0.14400	0.03627	0.00956	0.01246	0.06656	0.06146	0.15756	0.05022	0.05010	0.22007	0.06657	0.01936	0.00699	0.00506	0.00144	0.02196	0.00579	0.00399	0.03184

[dist]
# distance from previous block
# <min> <max>
0	1

[block]
# block no. 7 follows, 52 sequences, length 28
# corresponding to MSA columns:
# 475-502
name=unknown_H
#
# <colnr> <probs for GDERKNQSTAVLIFYWHMCP>
#	G	D	E	R	K	N	Q	S	T	A	V	L	I	F	Y	W	H	M	C	P
0	0.10625	0.03361	0.01227	0.02730	0.04306	0.07315	0.02188	0.06332	0.24128	0.01768	0.10839	0.02969	0.01417	0.00690	0.00707	0.00165	0.17734	0.00505	0.00369	0.00623
1	0.06664	0.26628	0.06407	0.00894	0.05611	0.01095	0.00741	0.05206	0.02893	0.01537	0.13530	0.13340	0.12102	0.00785	0.00460	0.00144	0.00409	0.00643	0.00352	0.00558
2	0.49820	0.06152	0.21790	0.01098	0.09894	0.01152	0.00978	0.01462	0.00916	0.01882	0.00752	0.00893	0.00580	0.00449	0.00362	0.00148	0.00494	0.00306	0.00263	0.00607
3	0.04274	0.26328	0.09990	0.00751	0.01119	0.01033	0.00719	0.01170	0.01025	0.01378	0.02063	0.02073	0.25393	0.00662	0.00420	0.00122	0.00412	0.00515	0.00305	0.20247
4	0.01143	0.01104	0.01779	0.02376	0.52843	0.01237	0.01331	0.01372	0.00991	0.01449	0.00878	0.01291	0.00790	0.00591	0.00833	0.00168	0.26069	0.02837	0.00238	0.00683
5	0.00972	0.02507	0.80458	0.01381	0.02097	0.01125	0.01790	0.01535	0.01023	0.01535	0.00870	0.01023	0.00614	0.00460	0.00460	0.00153	0.00716	0.00358	0.00205	0.00716
6	0.01397	0.24232	0.01751	0.01249	0.10603	0.05749	0.03875	0.17680	0.17906	0.04213	0.01205	0.04151	0.00979	0.00563	0.00468	0.00141	0.02336	0.00444	0.00354	0.00706
7	0.01199	0.01151	0.01967	0.02974	0.79946	0.01151	0.01487	0.01487	0.01103	0.01583	0.00912	0.01199	0.00768	0.00432	0.00480	0.00144	0.00576	0.00432	0.00240	0.00768
8	0.00649	0.00498	0.00597	0.00582	0.00715	0.00445	0.00444	0.00837	0.01254	0.01671	0.46400	0.04133	0.33011	0.01103	0.00578	0.00161	0.00249	0.05738	0.00496	0.00438
