[name]
unknown

[dist]
# distance from previous block
# <min> <max>
0	20

[block]
# block no. 0 follows, 48 sequences, length 51
# corresponding to MSA columns:
# 106-156
name=unknown_A
#
# <colnr> <probs for GDERKNQSTAVLIFYWHMCP>
#	G	D	E	R	K	N	Q	S	T	A	V	L	I	F	Y	W	H	M	C	P
0	0.01898	0.01658	0.01476	0.01201	0.01560	0.22466	0.00965	0.50814	0.04186	0.04507	0.01203	0.01318	0.00908	0.00619	0.00506	0.00151	0.00651	0.02679	0.00449	0.00785
1	0.03495	0.01095	0.01235	0.01023	0.01370	0.01176	0.00821	0.17140	0.38196	0.25848	0.01873	0.01707	0.01319	0.00657	0.00514	0.00165	0.00446	0.00531	0.00551	0.00837
2	0.01489	0.01064	0.01230	0.07933	0.01538	0.01156	0.00856	0.10104	0.43517	0.16131	0.01794	0.01700	0.01301	0.00636	0.00508	0.00161	0.00450	0.00524	0.00499	0.07409
3	0.01186	0.01230	0.01560	0.04156	0.01445	0.08359	0.01122	0.01308	0.00852	0.01239	0.00692	0.01114	0.00673	0.00852	0.01536	0.00215	0.71227	0.00439	0.00228	0.00565
4	0.01185	0.01080	0.01717	0.38037	0.35195	0.03919	0.01405	0.01493	0.01139	0.05245	0.03981	0.01424	0.00927	0.00516	0.00513	0.00161	0.00632	0.00473	0.00273	0.00685
5	0.01303	0.01207	0.02145	0.01637	0.01929	0.02717	0.35254	0.01574	0.01075	0.10940	0.01038	0.01355	0.00822	0.00788	0.04705	0.00220	0.29813	0.00530	0.00294	0.00654
6	0.00945	0.00870	0.01443	0.72844	0.03245	0.01075	0.01319	0.01255	0.01003	0.01286	0.01006	0.03141	0.00831	0.06914	0.00680	0.00197	0.00662	0.00499	0.00239	0.00547
7	0.00733	0.00550	0.00825	0.00825	0.00916	0.00641	0.00641	0.00916	0.00825	0.01191	0.01374	0.02016	0.01283	0.03848	0.79934	0.00825	0.01374	0.00550	0.00275	0.00458
8	0.01270	0.01219	0.02083	0.03149	0.78767	0.01219	0.01575	0.01575	0.01168	0.01676	0.00965	0.01270	0.00813	0.00457	0.00508	0.00152	0.00610	0.00457	0.00254	0.00813
9	0.01917	0.02445	0.01454	0.01322	0.01586	0.79907	0.00991	0.02049	0.01454	0.01256	0.00793	0.00925	0.00661	0.00529	0.00463	0.00132	0.00925	0.00330	0.00264	0.00595
10	0.01556	0.00805	0.01171	0.00948	0.01242	0.00748	0.07284	0.01867	0.06568	0.38717	0.22245	0.04205	0.02249	0.01006	0.06770	0.00215	0.00490	0.00663	0.00544	0.00707
11	0.52742	0.00960	0.00928	0.00767	0.01119	0.01011	0.00632	0.03543	0.01110	0.27206	0.01160	0.01149	0.00804	0.00526	0.00389	0.00155	0.00413	0.00360	0.00424	0.04598
12	0.00636	0.00454	0.00608	0.00727	0.00761	0.00426	0.00495	0.00733	0.00993	0.01322	0.02822	0.77649	0.03371	0.01598	0.00658	0.00210	0.00307	0.05338	0.00476	0.00420
13	0.01386	0.80263	0.02660	0.00885	0.01324	0.02019	0.00880	0.03417	0.01077	0.01258	0.00726	0.00833	0.00664	0.00443	0.00334	0.00111	0.00549	0.00279	0.00227	0.00664
14	0.01895	0.01419	0.01661	0.01259	0.01679	0.01546	0.07564	0.68730	0.02286	0.04904	0.01234	0.01257	0.00874	0.00600	0.00521	0.00156	0.00588	0.00476	0.00494	0.00857
15	0.01525	0.01229	0.01248	0.01075	0.01394	0.06432	0.00847	0.15650	0.53029	0.08963	0.01848	0.01716	0.01360	0.00666	0.00516	0.00166	0.00470	0.00538	0.00514	0.00814
16	0.01029	0.02654	0.79309	0.01462	0.02221	0.01192	0.01896	0.01625	0.01083	0.01625	0.00921	0.01083	0.00650	0.00487	0.00487	0.00162	0.00758	0.00379	0.00217	0.00758
17	0.00817	0.00584	0.00816	0.00934	0.01048	0.00582	0.00810	0.01046	0.01172	0.01525	0.02722	0.09445	0.02974	0.01427	0.00706	0.00235	0.00464	0.71752	0.00473	0.00470
18	0.00969	0.00912	0.01539	0.80734	0.03534	0.01140	0.01425	0.01311	0.01026	0.01311	0.00912	0.01368	0.00684	0.00513	0.00513	0.00171	0.00684	0.00456	0.00228	0.00570
19	0.00969	0.00912	0.01539	0.80734	0.03534	0.01140	0.01425	0.01311	0.01026	0.01311	0.00912	0.01368	0.00684	0.00513	0.00513	0.00171	0.00684	0.00456	0.00228	0.00570
20	0.00969	0.00912	0.01539	0.80734	0.03534	0.01140	0.01425	0.01311	0.01026	0.01311	0.00912	0.01368	0.00684	0.00513	0.00513	0.00171	0.00684	0.00456	0.00228	0.00570
21	0.00969	0.00912	0.01539	0.80734	0.03534	0.01140	0.01425	0.01311	0.01026	0.01311	0.00912	0.01368	0.00684	0.00513	0.00513	0.00171	0.00684	0.00456	0.00228	0.00570
22	0.07651	0.02524	0.73157	0.01401	0.02125	0.01188	0.01791	0.01616	0.01067	0.01678	0.00905	0.01064	0.00643	0.00487	0.00474	0.00162	0.00730	0.00371	0.00225	0.00742
23	0.01029	0.02654	0.79309	0.01462	0.02221	0.01192	0.01896	0.01625	0.01083	0.01625	0.00921	0.01083	0.00650	0.00487	0.00487	0.00162	0.00758	0.00379	0.00217	0.00758
24	0.01033	0.01841	0.48326	0.01161	0.01690	0.00934	0.01360	0.01486	0.01230	0.07830	0.25541	0.02005	0.02024	0.00677	0.00527	0.00162	0.00570	0.00563	0.00360	0.00681
25	0.85592	0.00992	0.00754	0.00675	0.00992	0.01151	0.00556	0.01508	0.00873	0.02302	0.00714	0.00834	0.00556	0.00476	0.00318	0.00159	0.00397	0.00278	0.00318	0.00556
26	0.00618	0.00520	0.00535	0.00531	0.00700	0.00438	0.00399	0.00758	0.01196	0.01448	0.11988	0.04836	0.71729	0.01276	0.00606	0.00172	0.00258	0.01069	0.00485	0.00438
27	0.01211	0.01384	0.03028	0.02163	0.02682	0.01298	0.76903	0.01644	0.01211	0.01644	0.01038	0.01384	0.00779	0.00433	0.00606	0.00173	0.00865	0.00606	0.00260	0.00692
28	0.00621	0.00461	0.00581	0.00676	0.00734	0.00420	0.00459	0.00719	0.01019	0.01325	0.03294	0.66568	0.18158	0.01547	0.00645	0.00201	0.00290	0.01385	0.00476	0.00420
29	0.00969	0.00912	0.01539	0.80734	0.03534	0.01140	0.01425	0.01311	0.01026	0.01311	0.00912	0.01368	0.00684	0.00513	0.00513	0.00171	0.00684	0.00456	0.00228	0.00570
30	0.01270	0.01219	0.02083	0.03149	0.78767	0.01219	0.01575	0.01575	0.01168	0.01676	0.00965	0.01270	0.00813	0.00457	0.00508	0.00152	0.00610	0.00457	0.00254	0.00813
31	0.01306	0.01445	0.02255	0.01713	0.02121	0.13602	0.44783	0.01893	0.17688	0.01675	0.01369	0.03728	0.02775	0.00557	0.00567	0.00168	0.00747	0.00591	0.00328	0.00689
32	0.01270	0.01219	0.02083	0.03149	0.78767	0.01219	0.01575	0.01575	0.01168	0.01676	0.00965	0.01270	0.00813	0.00457	0.00508	0.00152	0.00610	0.00457	0.00254	0.00813
33	0.00969	0.00912	0.01539	0.80734	0.03534	0.01140	0.01425	0.01311	0.01026	0.01311	0.00912	0.01368	0.00684	0.00513	0.00513	0.00171	0.00684	0.00456	0.00228	0.00570
34	0.01029	0.02654	0.79309	0.01462	0.02221	0.01192	0.01896	0.01625	0.01083	0.01625	0.00921	0.01083	0.00650	0.00487	0.00487	0.00162	0.00758	0.00379	0.00217	0.00758
35	0.01184	0.01463	0.08949	0.02077	0.02604	0.01270	0.69393	0.01622	0.01196	0.01635	0.01067	0.03079	0.00824	0.00462	0.00597	0.00173	0.00845	0.00606	0.00261	0.00691
36	0.01209	0.01378	0.02994	0.02144	0.02651	0.01304	0.75134	0.01634	0.01201	0.01634	0.01030	0.01378	0.00776	0.00443	0.00631	0.00174	0.02737	0.00602	0.00259	0.00689
37	0.00635	0.00451	0.00593	0.00702	0.00730	0.00423	0.00463	0.00717	0.00964	0.01285	0.02733	0.75503	0.03274	0.07900	0.00808	0.00231	0.00313	0.01403	0.00463	0.00408
38	0.00906	0.00721	0.00767	0.00718	0.00892	0.00735	0.00526	0.08305	0.17704	0.01638	0.03251	0.09628	0.33379	0.17368	0.00987	0.00240	0.00371	0.00878	0.00456	0.00530
39	0.01270	0.01219	0.02083	0.03149	0.78767	0.01219	0.01575	0.01575	0.01168	0.01676	0.00965	0.01270	0.00813	0.00457	0.00508	0.00152	0.00610	0.00457	0.00254	0.00813
40	0.00969	0.00912	0.01539	0.80734	0.03534	0.01140	0.01425	0.01311	0.01026	0.01311	0.00912	0.01368	0.00684	0.00513	0.00513	0.00171	0.00684	0.00456	0.00228	0.00570
41	0.00969	0.00912	0.01539	0.80734	0.03534	0.01140	0.01425	0.01311	0.01026	0.01311	0.00912	0.01368	0.00684	0.00513	0.00513	0.00171	0.00684	0.00456	0.00228	0.00570
42	0.08469	0.02332	0.01399	0.01271	0.01540	0.73740	0.00957	0.02007	0.01409	0.01338	0.00787	0.00918	0.00653	0.00525	0.00451	0.00134	0.00884	0.00326	0.00269	0.00592
43	0.00714	0.00515	0.00675	0.00654	0.00764	0.00476	0.00483	0.00937	0.01395	0.01966	0.69245	0.13344	0.04664	0.01117	0.00611	0.00167	0.00249	0.00993	0.00554	0.00476
44	0.01213	0.10062	0.01168	0.00905	0.01114	0.28778	0.00703	0.01403	0.01397	0.01655	0.39659	0.02521	0.05816	0.00809	0.00525	0.00146	0.00518	0.00652	0.00418	0.00540
45	0.00835	0.00604	0.00741	0.00735	0.00863	0.00578	0.00527	0.04548	0.06184	0.03009	0.18642	0.40812	0.03054	0.05935	0.00709	0.00196	0.00325	0.01055	0.02812	0.07836
46	0.03083	0.16895	0.30003	0.01294	0.01833	0.07450	0.10522	0.04275	0.01236	0.17031	0.01113	0.01191	0.00797	0.00508	0.00474	0.00150	0.00668	0.00412	0.00321	0.00742
47	0.01210	0.17223	0.04056	0.00905	0.01290	0.06605	0.03034	0.09266	0.03401	0.01726	0.07741	0.01693	0.09290	0.00592	0.00446	0.00121	0.00475	0.00469	0.00348	0.30110
48	0.01508	0.11334	0.19564	0.01108	0.01576	0.01173	0.03937	0.08587	0.10600	0.21585	0.01473	0.01461	0.03295	0.00579	0.00509	0.00150	0.02459	0.00458	0.00405	0.08238
49	0.01189	0.10941	0.02999	0.00997	0.01307	0.02475	0.05697	0.07992	0.23227	0.03936	0.01886	0.15646	0.05337	0.00802	0.00517	0.00159	0.00457	0.02912	0.00421	0.11106
50	0.04935	0.15646	0.06261	0.01191	0.01608	0.06415	0.09141	0.31496	0.05126	0.06528	0.01180	0.03809	0.00919	0.00577	0.00480	0.00148	0.00593	0.00461	0.00394	0.03093

[dist]
# distance from previous block
# <min> <max>
2	86

[block]
# block no. 1 follows, 48 sequences, length 100
# corresponding to MSA columns:
# 253-314,320-357
name=unknown_B
#
# <colnr> <probs for GDERKNQSTAVLIFYWHMCP>
#	G	D	E	R	K	N	Q	S	T	A	V	L	I	F	Y	W	H	M	C	P
0	0.00820	0.00731	0.07109	0.00745	0.00937	0.00564	0.02120	0.01043	0.02871	0.06668	0.23416	0.20776	0.24744	0.04268	0.00677	0.00188	0.00340	0.00996	0.00480	0.00507
1	0.00606	0.00520	0.00520	0.00520	0.00693	0.00433	0.00390	0.00736	0.01170	0.01386	0.05198	0.04938	0.78558	0.01299	0.00606	0.00173	0.00260	0.01083	0.00476	0.00433
2	0.01446	0.10894	0.02028	0.07462	0.21954	0.16384	0.14600	0.11161	0.04247	0.01715	0.01027	0.02898	0.00841	0.00522	0.00500	0.00151	0.00693	0.00464	0.00298	0.00714
3	0.02631	0.07164	0.12775	0.04448	0.12613	0.03075	0.11850	0.03174	0.03135	0.08176	0.01099	0.01374	0.00883	0.06225	0.00624	0.00163	0.00591	0.00443	0.00307	0.19253
4	0.01299	0.03591	0.58871	0.01366	0.02034	0.01161	0.03583	0.06198	0.01226	0.14226	0.01117	0.01203	0.00767	0.00517	0.00494	0.00161	0.00694	0.00410	0.00303	0.00780
5	0.00852	0.00643	0.00819	0.00866	0.01000	0.00660	0.00701	0.01275	0.14361	0.01708	0.17664	0.16731	0.03159	0.01251	0.00648	0.00206	0.00388	0.36044	0.00500	0.00524
6	0.00629	0.00520	0.00553	0.00552	0.00713	0.00444	0.00416	0.00777	0.01207	0.01486	0.15846	0.06670	0.64214	0.01273	0.00610	0.00174	0.00263	0.02722	0.00489	0.00441
7	0.01290	0.16006	0.11656	0.04752	0.03665	0.02564	0.40996	0.03170	0.01197	0.06361	0.01061	0.03044	0.00828	0.00488	0.00528	0.00159	0.00740	0.00517	0.00279	0.00699
8	0.03189	0.03881	0.01284	0.01093	0.03289	0.00803	0.08225	0.01735	0.01284	0.33107	0.02114	0.05278	0.01879	0.00928	0.00592	0.00189	0.00496	0.29460	0.00500	0.00673
9	0.00624	0.00450	0.00591	0.00704	0.00742	0.00418	0.00472	0.00716	0.00992	0.01314	0.02952	0.77626	0.07321	0.01591	0.00652	0.00207	0.00296	0.01439	0.00476	0.00418
10	0.00803	0.00657	0.00865	0.00852	0.00946	0.04606	0.00658	0.00974	0.00852	0.01187	0.01337	0.01993	0.01260	0.06850	0.70659	0.00760	0.03460	0.00544	0.00274	0.00462
11	0.01920	0.01447	0.01521	0.01178	0.01580	0.03492	0.00968	0.71924	0.05736	0.03137	0.01259	0.01255	0.00898	0.00617	0.00512	0.00154	0.00566	0.00464	0.00508	0.00863
12	0.18344	0.23246	0.27205	0.01073	0.01575	0.06025	0.01144	0.05578	0.03840	0.03298	0.00896	0.01004	0.00694	0.00488	0.00409	0.00143	0.00596	0.00339	0.00279	0.03823
13	0.01561	0.01749	0.01487	0.11399	0.14041	0.41190	0.01093	0.07862	0.02958	0.01556	0.04206	0.01502	0.02565	0.00603	0.00501	0.00150	0.00743	0.03884	0.00310	0.00640
14	0.00917	0.04865	0.47307	0.01124	0.01641	0.00956	0.01325	0.01353	0.01188	0.01696	0.21651	0.02211	0.10218	0.00721	0.00525	0.00161	0.00561	0.00595	0.00336	0.00648
15	0.01658	0.03083	0.20010	0.02497	0.01689	0.04023	0.02818	0.30979	0.06614	0.16136	0.01427	0.01423	0.02892	0.00599	0.00505	0.00157	0.00586	0.00470	0.01630	0.00802
16	0.01234	0.57775	0.17962	0.00970	0.01442	0.01701	0.01041	0.01492	0.01088	0.01367	0.07402	0.01206	0.02453	0.00516	0.00390	0.00126	0.00560	0.00366	0.00253	0.00660
17	0.01211	0.01384	0.03028	0.02163	0.02682	0.01298	0.76903	0.01644	0.01211	0.01644	0.01038	0.01384	0.00779	0.00433	0.00606	0.00173	0.00865	0.00606	0.00260	0.00692
18	0.00633	0.00453	0.00603	0.00709	0.00746	0.00422	0.00477	0.00735	0.01021	0.01371	0.08993	0.75294	0.03512	0.01562	0.00651	0.00205	0.00293	0.01415	0.00484	0.00422
19	0.01256	0.10051	0.31224	0.01361	0.10817	0.01080	0.03108	0.01643	0.02570	0.14881	0.09746	0.01794	0.07017	0.00627	0.00503	0.00156	0.00568	0.00521	0.00356	0.00720
20	0.02286	0.00899	0.01207	0.00925	0.01323	0.00792	0.00764	0.05879	0.01511	0.75684	0.01988	0.01723	0.01252	0.00634	0.00516	0.00159	0.00442	0.00514	0.00630	0.00873
21	0.01335	0.01062	0.01139	0.01014	0.01308	0.01202	0.00792	0.02633	0.68729	0.08389	0.02200	0.02015	0.04443	0.00714	0.00525	0.00173	0.00403	0.00594	0.00530	0.00803
22	0.01216	0.01371	0.02951	0.02243	0.08880	0.01291	0.70766	0.01638	0.01208	0.01646	0.01032	0.01375	0.00781	0.00435	0.00598	0.00171	0.00844	0.00593	0.00259	0.00702
23	0.01263	0.01212	0.02070	0.05024	0.76949	0.01217	0.01571	0.01568	0.01165	0.01667	0.00964	0.01272	0.00810	0.00459	0.00508	0.00153	0.00611	0.00457	0.00253	0.00807
24	0.00735	0.00499	0.00556	0.00556	0.00571	0.00492	0.00317	0.00745	0.00781	0.01027	0.01908	0.03487	0.08113	0.75396	0.02448	0.00471	0.00478	0.00774	0.00324	0.00321
25	0.00969	0.00912	0.01539	0.80734	0.03534	0.01140	0.01425	0.01311	0.01026	0.01311	0.00912	0.01368	0.00684	0.00513	0.00513	0.00171	0.00684	0.00456	0.00228	0.00570
26	0.01250	0.01160	0.01902	0.22439	0.53619	0.01230	0.01488	0.07658	0.01234	0.01712	0.00974	0.01291	0.00785	0.00484	0.00510	0.00157	0.00625	0.00457	0.00269	0.00757
27	0.00633	0.00452	0.00604	0.00723	0.00757	0.00423	0.00490	0.00728	0.00990	0.01319	0.02824	0.78711	0.03377	0.01600	0.00657	0.00209	0.00304	0.04304	0.00476	0.00419
28	0.00625	0.00447	0.00595	0.00714	0.00744	0.00417	0.00476	0.00714	0.00982	0.01310	0.02828	0.81633	0.03394	0.01608	0.00655	0.00208	0.00298	0.01459	0.00476	0.00417
29	0.01979	0.01391	0.01511	0.01159	0.01568	0.01523	0.00957	0.70982	0.02336	0.09416	0.01296	0.01274	0.00905	0.00618	0.00514	0.00154	0.00554	0.00466	0.00523	0.00873
30	0.01080	0.01026	0.01740	0.52022	0.31376	0.01169	0.01480	0.01409	0.01079	0.01446	0.00932	0.01332	0.00732	0.00492	0.00511	0.00164	0.00656	0.00456	0.00238	0.00660
31	0.01217	0.46323	0.37286	0.01142	0.01725	0.01652	0.01338	0.01576	0.01061	0.01396	0.00807	0.00941	0.00655	0.00461	0.00401	0.00134	0.00643	0.00322	0.00218	0.00704
32	0.01136	0.00955	0.01103	0.00794	0.01247	0.00758	0.00638	0.07464	0.01174	0.01799	0.00938	0.01078	0.00769	0.00399	0.00391	0.00082	0.00395	0.00317	0.00321	0.78242
33	0.01872	0.08949	0.01555	0.01286	0.01564	0.73563	0.00982	0.02007	0.01421	0.01252	0.00787	0.00917	0.00661	0.00521	0.00452	0.00130	0.00895	0.00326	0.00261	0.00600
34	0.01064	0.00912	0.01064	0.00760	0.01216	0.00684	0.00608	0.01292	0.01064	0.01672	0.00912	0.01064	0.00760	0.00380	0.00380	0.00076	0.00380	0.00304	0.00304	0.85104
35	0.01064	0.00912	0.01064	0.00760	0.01216	0.00684	0.00608	0.01292	0.01064	0.01672	0.00912	0.01064	0.00760	0.00380	0.00380	0.00076	0.00380	0.00304	0.00304	0.85104
36	0.00616	0.00520	0.00533	0.00530	0.00699	0.00437	0.00398	0.00755	0.01193	0.01441	0.11169	0.04848	0.72553	0.01279	0.00606	0.00172	0.00258	0.01070	0.00484	0.00437
37	0.01197	0.41607	0.41824	0.01177	0.01779	0.01602	0.01398	0.01582	0.01063	0.01421	0.00819	0.00956	0.00654	0.00464	0.00410	0.00137	0.00656	0.00328	0.00218	0.00709
38	0.00997	0.07889	0.53266	0.01272	0.01838	0.01097	0.01521	0.01480	0.02486	0.01568	0.01370	0.06962	0.01254	0.00725	0.00527	0.00175	0.00656	0.13952	0.00285	0.00679
39	0.00726	0.00524	0.00686	0.00646	0.00767	0.00484	0.00484	0.00968	0.01452	0.02058	0.78496	0.03833	0.04841	0.01049	0.00605	0.00161	0.00242	0.00928	0.00565	0.00484
40	0.00606	0.00520	0.00520	0.00520	0.00693	0.00433	0.00390	0.00736	0.01170	0.01386	0.05198	0.04938	0.78558	0.01299	0.00606	0.00173	0.00260	0.01083	0.00476	0.00433
41	0.01197	0.01362	0.06899	0.08328	0.25161	0.01267	0.41824	0.01582	0.01161	0.01612	0.00987	0.01322	0.00770	0.00467	0.00604	0.00168	0.03790	0.00532	0.00252	0.00717
42	0.01255	0.01192	0.03297	0.07509	0.42351	0.01271	0.05824	0.01661	0.09469	0.04538	0.01074	0.01341	0.00873	0.00574	0.00731	0.00171	0.15356	0.00479	0.00290	0.00745
43	0.55254	0.04102	0.01050	0.02499	0.01238	0.25529	0.00719	0.01672	0.01061	0.01923	0.00743	0.00872	0.00594	0.00492	0.00367	0.00149	0.00571	0.00298	0.00296	0.00571
44	0.00608	0.00514	0.00526	0.00536	0.00697	0.00432	0.00397	0.00735	0.01154	0.01380	0.05005	0.11186	0.72435	0.01325	0.00610	0.00176	0.00263	0.01114	0.00476	0.00432
45	0.00726	0.00524	0.00686	0.00646	0.00767	0.00484	0.00484	0.00968	0.01452	0.02058	0.78496	0.03833	0.04841	0.01049	0.00605	0.00161	0.00242	0.00928	0.00565	0.00484
46	0.03895	0.00915	0.01054	0.00757	0.01208	0.00700	0.00606	0.01299	0.01058	0.01693	0.00905	0.01056	0.00753	0.00383	0.00378	0.00079	0.00381	0.00303	0.00304	0.82273
47	0.01057	0.01084	0.02082	0.52059	0.03223	0.01198	0.28971	0.01432	0.01094	0.01432	0.00958	0.01374	0.00719	0.00484	0.00547	0.00172	0.00750	0.00511	0.00240	0.00615
48	0.00706	0.00481	0.00572	0.00611	0.00621	0.00471	0.00366	0.00736	0.00825	0.01100	0.02019	0.29357	0.02373	0.55276	0.01962	0.00401	0.00431	0.00983	0.00366	0.00346
49	0.00726	0.00524	0.00686	0.00646	0.00767	0.00484	0.00484	0.00968	0.01452	0.02058	0.78496	0.03833	0.04841	0.01049	0.00605	0.00161	0.00242	0.00928	0.00565	0.00484
50	0.01217	0.01499	0.18000	0.01441	0.03096	0.02531	0.19001	0.07439	0.24573	0.01837	0.01351	0.01529	0.01045	0.02861	0.04812	0.00215	0.05955	0.00523	0.00349	0.00726
51	0.00733	0.00492	0.00564	0.00577	0.00580	0.00489	0.00329	0.00743	0.00772	0.01029	0.01749	0.11901	0.02032	0.73197	0.02398	0.00466	0.00476	0.00824	0.00329	0.00322
52	0.00625	0.00447	0.00595	0.00714	0.00744	0.00417	0.00476	0.00714	0.00982	0.01310	0.02828	0.81633	0.03394	0.01608	0.00655	0.00208	0.00298	0.01459	0.00476	0.00417
53	0.20788	0.01065	0.01496	0.32130	0.12194	0.03767	0.06848	0.03435	0.01124	0.10985	0.01020	0.01260	0.00752	0.00509	0.00473	0.00163	0.00597	0.00429	0.00311	0.00652
54	0.01877	0.02379	0.01447	0.01343	0.03005	0.76710	0.00991	0.02011	0.01438	0.01265	0.00841	0.02690	0.00723	0.00551	0.00468	0.00134	0.00906	0.00357	0.00269	0.00595
55	0.01770	0.01805	0.01464	0.01236	0.01532	0.35959	0.00974	0.28292	0.06476	0.02019	0.01019	0.01121	0.00797	0.00604	0.00614	0.00150	0.09488	0.00404	0.00365	0.03907
56	0.01589	0.01562	0.11040	0.01365	0.04576	0.08774	0.09515	0.33541	0.13034	0.04648	0.01332	0.04369	0.01023	0.00616	0.00522	0.00160	0.00620	0.00512	0.00419	0.00784
57	0.01917	0.02445	0.01454	0.01322	0.01586	0.79907	0.00991	0.02049	0.01454	0.01256	0.00793	0.00925	0.00661	0.00529	0.00463	0.00132	0.00925	0.00330	0.00264	0.00595
58	0.01976	0.01073	0.01275	0.01013	0.01389	0.01092	0.00825	0.22006	0.19150	0.41747	0.01832	0.01651	0.01234	0.00644	0.00517	0.00161	0.00463	0.00517	0.00578	0.00859
59	0.01422	0.01160	0.01231	0.01067	0.01381	0.01324	0.00841	0.16502	0.62320	0.03896	0.01928	0.01784	0.01432	0.00680	0.00520	0.00170	0.00436	0.00557	0.00523	0.00825
60	0.00625	0.00447	0.00595	0.00714	0.00744	0.00417	0.00476	0.00714	0.00982	0.01310	0.02828	0.81633	0.03394	0.01608	0.00655	0.00208	0.00298	0.01459	0.00476	0.00417
61	0.01211	0.01384	0.03028	0.02163	0.02682	0.01298	0.76903	0.01644	0.01211	0.01644	0.01038	0.01384	0.00779	0.00433	0.00606	0.00173	0.00865	0.00606	0.00260	0.00692
62	0.00746	0.00497	0.00560	0.00560	0.00560	0.00497	0.00311	0.00746	0.00746	0.00995	0.01617	0.03358	0.01865	0.81967	0.02612	0.00497	0.00497	0.00746	0.00311	0.00311
63	0.01029	0.02654	0.79309	0.01462	0.02221	0.01192	0.01896	0.01625	0.01083	0.01625	0.00921	0.01083	0.00650	0.00487	0.00487	0.00162	0.00758	0.00379	0.00217	0.00758
64	0.02302	0.00873	0.01191	0.00913	0.01310	0.00754	0.00754	0.02501	0.01469	0.79122	0.02024	0.01746	0.01270	0.00635	0.00516	0.00159	0.00437	0.00516	0.00635	0.00873
65	0.02302	0.00873	0.01191	0.00913	0.01310	0.00754	0.00754	0.02501	0.01469	0.79122	0.02024	0.01746	0.01270	0.00635	0.00516	0.00159	0.00437	0.00516	0.00635	0.00873
66	0.00891	0.00446	0.00668	0.00668	0.00668	0.00446	0.00446	0.00668	0.00668	0.00891	0.00891	0.01560	0.00891	0.01783	0.02005	0.85071	0.00446	0.00446	0.00223	0.00223
67	0.01694	0.00949	0.01122	0.00941	0.01271	0.00967	0.00751	0.02460	0.36463	0.37493	0.02312	0.02083	0.07702	0.00717	0.00526	0.00167	0.00408	0.00592	0.00570	0.00809
68	0.00624	0.00449	0.00593	0.00707	0.00742	0.00417	0.00473	0.00715	0.00989	0.01313	0.02916	0.78785	0.06185	0.01596	0.00653	0.00207	0.00296	0.01445	0.00476	0.00417
69	0.01276	0.01102	0.01160	0.01044	0.01334	0.01276	0.00812	0.02727	0.77840	0.02146	0.02088	0.01914	0.01566	0.00696	0.00522	0.00174	0.00406	0.00580	0.00522	0.00812
70	0.01917	0.02445	0.01454	0.01322	0.01586	0.79907	0.00991	0.02049	0.01454	0.01256	0.00793	0.00925	0.00661	0.00529	0.00463	0.00132	0.00925	0.00330	0.00264	0.00595
71	0.00606	0.00520	0.00520	0.00520	0.00693	0.00433	0.00390	0.00736	0.01170	0.01386	0.05198	0.04938	0.78558	0.01299	0.00606	0.00173	0.00260	0.01083	0.00476	0.00433
72	0.02302	0.00873	0.01191	0.00913	0.01310	0.00754	0.00754	0.02501	0.01469	0.79122	0.02024	0.01746	0.01270	0.00635	0.00516	0.00159	0.00437	0.00516	0.00635	0.00873
73	0.01951	0.01437	0.01540	0.01181	0.01591	0.01591	0.00975	0.77056	0.02412	0.03234	0.01232	0.01232	0.00873	0.00616	0.00513	0.00154	0.00565	0.00462	0.00513	0.00873
74	0.85592	0.00992	0.00754	0.00675	0.00992	0.01151	0.00556	0.01508	0.00873	0.02302	0.00714	0.00834	0.00556	0.00476	0.00318	0.00159	0.00397	0.00278	0.00318	0.00556
75	0.01276	0.01102	0.01160	0.01044	0.01334	0.01276	0.00812	0.02727	0.77840	0.02146	0.02088	0.01914	0.01566	0.00696	0.00522	0.00174	0.00406	0.00580	0.00522	0.00812
76	0.01951	0.01437	0.01540	0.01181	0.01591	0.01591	0.00975	0.77056	0.02412	0.03234	0.01232	0.01232	0.00873	0.00616	0.00513	0.00154	0.00565	0.00462	0.00513	0.00873
77	0.01145	0.01647	0.22363	0.01645	0.02069	0.05366	0.32230	0.01506	0.01069	0.01485	0.00970	0.01391	0.00807	0.07186	0.00943	0.00205	0.16567	0.00513	0.00246	0.00648
78	0.01211	0.01384	0.03028	0.02163	0.02682	0.01298	0.76903	0.01644	0.01211	0.01644	0.01038	0.01384	0.00779	0.00433	0.00606	0.00173	0.00865	0.00606	0.00260	0.00692
79	0.01276	0.01102	0.01160	0.01044	0.01334	0.01276	0.00812	0.02727	0.77840	0.02146	0.02088	0.01914	0.01566	0.00696	0.00522	0.00174	0.00406	0.00580	0.00522	0.00812
80	0.01405	0.01257	0.01979	0.11772	0.41361	0.01315	0.09622	0.21247	0.01481	0.02036	0.01036	0.01284	0.00809	0.00503	0.00521	0.00157	0.00635	0.00474	0.00319	0.00786
81	0.00659	0.00524	0.00593	0.00582	0.00734	0.00458	0.00441	0.00835	0.01275	0.01641	0.32276	0.04560	0.48382	0.01211	0.00610	0.00171	0.00261	0.03822	0.00509	0.00454
82	0.00726	0.00524	0.00686	0.00646	0.00767	0.00484	0.00484	0.00968	0.01452	0.02058	0.78496	0.03833	0.04841	0.01049	0.00605	0.00161	0.00242	0.00928	0.00565	0.00484
83	0.00615	0.00512	0.00537	0.00548	0.00702	0.00434	0.00404	0.00746	0.01164	0.01413	0.08769	0.13251	0.66503	0.01320	0.00612	0.00176	0.00263	0.01116	0.00481	0.00434
84	0.04913	0.05810	0.55427	0.01282	0.01929	0.01132	0.01543	0.01807	0.01157	0.18566	0.01144	0.01206	0.00782	0.00517	0.00479	0.00159	0.00663	0.00400	0.00312	0.00770
85	0.02261	0.00932	0.03301	0.00933	0.01340	0.00782	0.00789	0.03931	0.01477	0.75555	0.01979	0.01719	0.01246	0.00631	0.00515	0.00159	0.00448	0.00511	0.00621	0.00870
86	0.74543	0.02776	0.00920	0.03938	0.06590	0.01175	0.00668	0.01506	0.00904	0.02196	0.00740	0.00885	0.00581	0.00476	0.00339	0.00158	0.00426	0.00297	0.00307	0.00577
87	0.03795	0.00897	0.01196	0.00919	0.01315	0.00794	0.00759	0.05363	0.01494	0.74800	0.01970	0.01710	0.01242	0.00631	0.00512	0.00159	0.00441	0.00510	0.00625	0.00867
88	0.00713	0.00524	0.00668	0.00632	0.00759	0.00479	0.00474	0.00943	0.01422	0.01984	0.70496	0.03953	0.12887	0.01076	0.00605	0.00163	0.00244	0.00945	0.00555	0.00479
89	0.01064	0.00912	0.01064	0.00760	0.01216	0.00684	0.00608	0.01292	0.01064	0.01672	0.00912	0.01064	0.00760	0.00380	0.00380	0.00076	0.00380	0.00304	0.00304	0.85104
90	0.00645	0.00516	0.00563	0.00558	0.00700	0.00449	0.00408	0.00788	0.01191	0.01501	0.21098	0.07454	0.53104	0.07827	0.00771	0.00198	0.00277	0.01035	0.00483	0.00434
91	0.00736	0.00493	0.00563	0.00572	0.00575	0.00491	0.00324	0.00744	0.00765	0.01021	0.01715	0.09735	0.01990	0.75421	0.02452	0.00474	0.00481	0.00804	0.00324	0.00320
92	0.00643	0.00521	0.00571	0.00558	0.00716	0.00449	0.00419	0.00808	0.01257	0.01593	0.27743	0.04598	0.55884	0.01222	0.00606	0.00170	0.00254	0.01035	0.00504	0.00449
93	0.08055	0.25737	0.37174	0.01426	0.08095	0.01447	0.08260	0.01587	0.01073	0.01563	0.00857	0.01029	0.00670	0.00465	0.00439	0.00147	0.00665	0.00367	0.00233	0.00711
94	0.00625	0.00447	0.00595	0.00714	0.00744	0.00417	0.00476	0.00714	0.00982	0.01310	0.02828	0.81633	0.03394	0.01608	0.00655	0.00208	0.00298	0.01459	0.00476	0.00417
95	0.00678	0.00493	0.00648	0.00756	0.00811	0.00474	0.00537	0.00840	0.03929	0.01375	0.02830	0.66418	0.04724	0.01540	0.00657	0.00210	0.00326	0.11836	0.00478	0.00440
96	0.01600	0.01456	0.14879	0.01550	0.16914	0.01253	0.01186	0.33893	0.01709	0.12051	0.01348	0.07445	0.01066	0.00641	0.00519	0.00160	0.00570	0.00530	0.00423	0.00806
97	0.01822	0.01373	0.01468	0.01155	0.01542	0.01531	0.00944	0.62888	0.16790	0.03026	0.01395	0.01362	0.01005	0.00631	0.00515	0.00158	0.00534	0.00484	0.00515	0.00861
98	0.01255	0.01052	0.01165	0.00855	0.01297	0.02909	0.00688	0.15753	0.01331	0.01959	0.00970	0.01092	0.00779	0.00429	0.00408	0.00092	0.00429	0.00335	0.00343	0.66859
99	0.01193	0.01311	0.04574	0.01353	0.01434	0.09917	0.03928	0.01342	0.00910	0.01298	0.03642	0.01212	0.00832	0.00831	0.01426	0.00208	0.63315	0.00457	0.00243	0.00574

[dist]
# distance from previous block
# <min> <max>
0	1

[block]
# block no. 2 follows, 48 sequences, length 36
# corresponding to MSA columns:
# 359-394
name=unknown_C
#
# <colnr> <probs for GDERKNQSTAVLIFYWHMCP>
#	G	D	E	R	K	N	Q	S	T	A	V	L	I	F	Y	W	H	M	C	P
0	0.01323	0.43705	0.17786	0.01028	0.01476	0.07040	0.01058	0.04794	0.01155	0.04314	0.01226	0.01310	0.07563	0.00564	0.00463	0.00136	0.03723	0.00395	0.00273	0.00668
1	0.01349	0.77015	0.07752	0.00917	0.01377	0.01975	0.00945	0.01542	0.01045	0.01235	0.00727	0.00840	0.00658	0.00442	0.00340	0.00113	0.00563	0.00281	0.00219	0.00665
2	0.00726	0.00524	0.00686	0.00646	0.00767	0.00484	0.00484	0.00968	0.01452	0.02058	0.78496	0.03833	0.04841	0.01049	0.00605	0.00161	0.00242	0.00928	0.00565	0.00484
3	0.01211	0.01384	0.03028	0.02163	0.02682	0.01298	0.76903	0.01644	0.01211	0.01644	0.01038	0.01384	0.00779	0.00433	0.00606	0.00173	0.00865	0.00606	0.00260	0.00692
4	0.01062	0.02646	0.76397	0.01457	0.02197	0.04136	0.01862	0.01641	0.01097	0.01611	0.00916	0.01077	0.00650	0.00489	0.00487	0.00161	0.00765	0.00377	0.00218	0.00752
5	0.01211	0.01384	0.03028	0.02163	0.02682	0.01298	0.76903	0.01644	0.01211	0.01644	0.01038	0.01384	0.00779	0.00433	0.00606	0.00173	0.00865	0.00606	0.00260	0.00692
6	0.02125	0.00834	0.01134	0.00883	0.01249	0.00724	0.00724	0.02328	0.01467	0.70457	0.10623	0.01981	0.01672	0.00682	0.00526	0.00159	0.00415	0.00562	0.00627	0.00829
7	0.00709	0.00521	0.00639	0.00610	0.00743	0.00472	0.00457	0.00926	0.01372	0.01899	0.58602	0.04000	0.21373	0.01086	0.00595	0.00162	0.00246	0.00944	0.04171	0.00472
8	0.00891	0.00446	0.00668	0.00668	0.00668	0.00446	0.00446	0.00668	0.00668	0.00891	0.00891	0.01560	0.00891	0.01783	0.02005	0.85071	0.00446	0.00446	0.00223	0.00223
9	0.02302	0.00873	0.01191	0.00913	0.01310	0.00754	0.00754	0.02501	0.01469	0.79122	0.02024	0.01746	0.01270	0.00635	0.00516	0.00159	0.00437	0.00516	0.00635	0.00873
10	0.00631	0.00451	0.00602	0.00721	0.00753	0.00422	0.00486	0.00724	0.00988	0.01316	0.02825	0.79481	0.03381	0.01602	0.00656	0.00209	0.00303	0.03554	0.00476	0.00418
11	0.85592	0.00992	0.00754	0.00675	0.00992	0.01151	0.00556	0.01508	0.00873	0.02302	0.00714	0.00834	0.00556	0.00476	0.00318	0.00159	0.00397	0.00278	0.00318	0.00556
12	0.01917	0.02445	0.01454	0.01322	0.01586	0.79907	0.00991	0.02049	0.01454	0.01256	0.00793	0.00925	0.00661	0.00529	0.00463	0.00132	0.00925	0.00330	0.00264	0.00595
13	0.00611	0.00520	0.00527	0.00525	0.00696	0.00435	0.00394	0.00746	0.01181	0.01414	0.08189	0.04893	0.75550	0.01289	0.00606	0.00173	0.00259	0.01077	0.00480	0.00435
14	0.02233	0.00909	0.01203	0.00931	0.01323	0.00816	0.00766	0.05579	0.05559	0.71917	0.01995	0.01734	0.01270	0.00638	0.00516	0.00159	0.00440	0.00517	0.00624	0.00870
15	0.85592	0.00992	0.00754	0.00675	0.00992	0.01151	0.00556	0.01508	0.00873	0.02302	0.00714	0.00834	0.00556	0.00476	0.00318	0.00159	0.00397	0.00278	0.00318	0.00556
16	0.01372	0.82276	0.02689	0.00878	0.01317	0.02030	0.00878	0.01536	0.01043	0.01207	0.00713	0.00823	0.00658	0.00439	0.00329	0.00110	0.00549	0.00274	0.00219	0.00658
17	0.01951	0.01437	0.01540	0.01181	0.01591	0.01591	0.00975	0.77056	0.02412	0.03234	0.01232	0.01232	0.00873	0.00616	0.00513	0.00154	0.00565	0.00462	0.00513	0.00873
18	0.01177	0.00930	0.01106	0.03785	0.01323	0.00753	0.00666	0.03283	0.04427	0.07093	0.01048	0.01163	0.00830	0.00422	0.00404	0.00091	0.00401	0.00340	0.00339	0.70418
19	0.01197	0.01398	0.26221	0.01106	0.01499	0.00939	0.01126	0.07240	0.10200	0.11902	0.03267	0.11219	0.01757	0.00886	0.00568	0.00185	0.00536	0.17652	0.00422	0.00681
20	0.00956	0.00478	0.00478	0.00478	0.00598	0.00478	0.00359	0.01196	0.01076	0.01913	0.01674	0.01913	0.01315	0.00598	0.00359	0.00120	0.00239	0.00478	0.84816	0.00478
21	0.00969	0.00912	0.01539	0.80734	0.03534	0.01140	0.01425	0.01311	0.01026	0.01311	0.00912	0.01368	0.00684	0.00513	0.00513	0.00171	0.00684	0.00456	0.00228	0.00570
22	0.01411	0.76569	0.02600	0.00910	0.01336	0.07598	0.00886	0.01573	0.01072	0.01211	0.00719	0.00830	0.00659	0.00445	0.00339	0.00111	0.00576	0.00278	0.00223	0.00654
23	0.01016	0.01057	0.09928	0.01060	0.01179	0.01127	0.00934	0.01206	0.00884	0.01408	0.01056	0.01551	0.00960	0.08101	0.06391	0.00257	0.41489	0.00480	0.19378	0.00536
24	0.00669	0.00480	0.00635	0.00684	0.00754	0.00446	0.00480	0.00825	0.01187	0.01635	0.35713	0.47822	0.04023	0.01365	0.00633	0.00188	0.00274	0.01228	0.00515	0.00446
25	0.00625	0.00447	0.00595	0.00714	0.00744	0.00417	0.00476	0.00714	0.00982	0.01310	0.02828	0.81633	0.03394	0.01608	0.00655	0.00208	0.00298	0.01459	0.00476	0.00417
26	0.15321	0.36766	0.01879	0.01002	0.01367	0.23227	0.00865	0.09653	0.02970	0.01633	0.00820	0.00920	0.00685	0.00494	0.00388	0.00130	0.00626	0.00317	0.00285	0.00650
27	0.01645	0.01194	0.01396	0.01131	0.01409	0.01361	0.00923	0.44765	0.01804	0.09638	0.01367	0.09896	0.01149	0.00858	0.02649	0.00190	0.16845	0.00573	0.00457	0.00751
28	0.69062	0.13170	0.01053	0.00716	0.01046	0.03114	0.00610	0.01518	0.00917	0.02105	0.00738	0.00859	0.00591	0.00475	0.00324	0.00150	0.00428	0.00283	0.02271	0.00570
29	0.00645	0.00521	0.00573	0.00560	0.00717	0.00450	0.00420	0.00811	0.01261	0.01602	0.28811	0.04582	0.54811	0.01219	0.00606	0.00169	0.00254	0.01033	0.00505	0.00450
30	0.00660	0.00471	0.00635	0.00754	0.00799	0.00447	0.00537	0.00775	0.01017	0.01349	0.02809	0.68536	0.03318	0.01575	0.00664	0.00213	0.00328	0.14212	0.00476	0.00426
31	0.03428	0.04843	0.22482	0.01356	0.06740	0.00987	0.12259	0.01405	0.03589	0.01621	0.04082	0.09296	0.01578	0.00784	0.00551	0.00174	0.00584	0.16190	0.00333	0.07717
32	0.01064	0.00912	0.01064	0.00760	0.01216	0.00684	0.00608	0.01292	0.01064	0.01672	0.00912	0.01064	0.00760	0.00380	0.00380	0.00076	0.00380	0.00304	0.00304	0.85104
33	0.00625	0.00447	0.00595	0.00714	0.00744	0.00417	0.00476	0.00714	0.00982	0.01310	0.02828	0.81633	0.03394	0.01608	0.00655	0.00208	0.00298	0.01459	0.00476	0.00417
34	0.00624	0.00452	0.00590	0.00700	0.00740	0.00418	0.00470	0.00716	0.00996	0.01316	0.03005	0.75907	0.09005	0.01585	0.00651	0.00206	0.00295	0.01431	0.00476	0.00418
35	0.01169	0.01178	0.01689	0.01609	0.12033	0.05724	0.08326	0.02928	0.00958	0.01376	0.00878	0.03397	0.00826	0.01013	0.07307	0.00249	0.47990	0.00494	0.00251	0.00605

[dist]
# distance from previous block
# <min> <max>
0	21

[block]
# block no. 3 follows, 48 sequences, length 88
# corresponding to MSA columns:
# 521-608
name=unknown_D
#
# <colnr> <probs for GDERKNQSTAVLIFYWHMCP>
#	G	D	E	R	K	N	Q	S	T	A	V	L	I	F	Y	W	H	M	C	P
0	0.00717	0.00517	0.00677	0.00652	0.00764	0.00478	0.00483	0.00945	0.01409	0.01988	0.71442	0.11085	0.04706	0.01101	0.00610	0.00166	0.00247	0.00977	0.00557	0.00478
1	0.00625	0.00447	0.00595	0.00714	0.00744	0.00417	0.00476	0.00714	0.00982	0.01310	0.02828	0.81633	0.03394	0.01608	0.00655	0.00208	0.00298	0.01459	0.00476	0.00417
2	0.05875	0.09148	0.08834	0.01151	0.01580	0.04504	0.01023	0.52176	0.06328	0.02711	0.01161	0.01187	0.00848	0.00582	0.00483	0.00151	0.00578	0.00429	0.00440	0.00812
3	0.01514	0.01526	0.01286	0.01171	0.02842	0.25158	0.00887	0.09058	0.44617	0.01943	0.01617	0.03525	0.01261	0.00656	0.00506	0.00160	0.00579	0.00513	0.00437	0.00742
4	0.01781	0.01344	0.01439	0.01138	0.01516	0.01496	0.00928	0.60112	0.17273	0.02984	0.03707	0.01444	0.01128	0.00645	0.00518	0.00158	0.00524	0.00499	0.00517	0.00849
5	0.01245	0.12427	0.32292	0.11743	0.02120	0.11806	0.07722	0.03593	0.07692	0.01559	0.00988	0.01166	0.00752	0.00515	0.00505	0.00156	0.02352	0.00409	0.00262	0.00697
6	0.01024	0.00942	0.01539	0.76260	0.03425	0.01165	0.01400	0.05571	0.01104	0.01419	0.00930	0.01360	0.00695	0.00519	0.00513	0.00170	0.00677	0.00456	0.00244	0.00587
7	0.00687	0.00540	0.00630	0.00684	0.00793	0.00510	0.00490	0.00924	0.08282	0.01424	0.03602	0.43988	0.30081	0.01405	0.00627	0.00194	0.00301	0.03898	0.00481	0.00462
8	0.01440	0.01430	0.01237	0.01106	0.01397	0.20357	0.00853	0.04127	0.55370	0.01940	0.01720	0.01634	0.01307	0.00644	0.00503	0.00161	0.00535	0.00509	0.00453	0.03277
9	0.00752	0.00537	0.00741	0.00860	0.00945	0.00526	0.00697	0.00934	0.01108	0.01452	0.02758	0.33885	0.03116	0.01488	0.00689	0.00226	0.00408	0.47953	0.00474	0.00452
10	0.00830	0.00679	0.00701	0.00667	0.00866	0.00675	0.00508	0.01343	0.22574	0.01672	0.06677	0.03772	0.47173	0.01056	0.00560	0.00168	0.00298	0.00881	0.08355	0.00545
11	0.00969	0.00912	0.01539	0.80734	0.03534	0.01140	0.01425	0.01311	0.01026	0.01311	0.00912	0.01368	0.00684	0.00513	0.00513	0.00171	0.00684	0.00456	0.00228	0.00570
12	0.01917	0.02445	0.01454	0.01322	0.01586	0.79907	0.00991	0.02049	0.01454	0.01256	0.00793	0.00925	0.00661	0.00529	0.00463	0.00132	0.00925	0.00330	0.00264	0.00595
13	0.10033	0.00937	0.01183	0.00916	0.01307	0.00870	0.00756	0.09418	0.01502	0.64826	0.01828	0.01613	0.01166	0.00618	0.00497	0.00158	0.00445	0.00489	0.00594	0.00844
14	0.00718	0.00524	0.00674	0.00636	0.00761	0.00480	0.00477	0.00951	0.01432	0.02009	0.73180	0.03913	0.10188	0.01067	0.00605	0.00162	0.00243	0.00939	0.00558	0.00480
15	0.00891	0.00446	0.00668	0.00668	0.00668	0.00446	0.00446	0.00668	0.00668	0.00891	0.00891	0.01560	0.00891	0.01783	0.02005	0.85071	0.00446	0.00446	0.00223	0.00223
16	0.01511	0.00984	0.01124	0.00970	0.01274	0.01056	0.00765	0.02498	0.49338	0.23626	0.09254	0.02048	0.01792	0.00712	0.00528	0.00169	0.00399	0.00595	0.00558	0.00798
17	0.00625	0.00447	0.00595	0.00714	0.00744	0.00417	0.00476	0.00714	0.00982	0.01310	0.02828	0.81633	0.03394	0.01608	0.00655	0.00208	0.00298	0.01459	0.00476	0.00417
18	0.01857	0.01347	0.01440	0.01115	0.01498	0.01487	0.00917	0.69923	0.02287	0.03110	0.01273	0.01296	0.00914	0.00614	0.00499	0.00151	0.00534	0.00463	0.08439	0.00836
19	0.01842	0.02321	0.01465	0.01324	0.01564	0.72542	0.01004	0.01972	0.01391	0.01254	0.00782	0.00944	0.00662	0.00563	0.00577	0.00141	0.08456	0.00342	0.00261	0.00592
20	0.00656	0.00468	0.00630	0.00749	0.00792	0.00443	0.00529	0.00767	0.01012	0.01344	0.02811	0.70175	0.03327	0.01579	0.00663	0.00213	0.00324	0.12616	0.00476	0.00425
21	0.00956	0.00478	0.00478	0.00478	0.00598	0.00478	0.00359	0.01196	0.01076	0.01913	0.01674	0.01913	0.01315	0.00598	0.00359	0.00120	0.00239	0.00478	0.84816	0.00478
22	0.00948	0.00873	0.01447	0.73196	0.03254	0.01080	0.01320	0.01258	0.01000	0.01281	0.00978	0.01555	0.00795	0.08171	0.00710	0.00202	0.00666	0.00483	0.00236	0.00546
23	0.85592	0.00992	0.00754	0.00675	0.00992	0.01151	0.00556	0.01508	0.00873	0.02302	0.00714	0.00834	0.00556	0.00476	0.00318	0.00159	0.00397	0.00278	0.00318	0.00556
24	0.01270	0.01219	0.02083	0.03149	0.78767	0.01219	0.01575	0.01575	0.01168	0.01676	0.00965	0.01270	0.00813	0.00457	0.00508	0.00152	0.00610	0.00457	0.00254	0.00813
25	0.01904	0.04715	0.01501	0.01293	0.01579	0.68822	0.00986	0.10424	0.01549	0.01476	0.00840	0.00957	0.00685	0.00536	0.00464	0.00134	0.00874	0.00344	0.00291	0.00628
26	0.01064	0.00912	0.01064	0.00760	0.01216	0.00684	0.00608	0.01292	0.01064	0.01672	0.00912	0.01064	0.00760	0.00380	0.00380	0.00076	0.00380	0.00304	0.00304	0.85104
27	0.01114	0.00942	0.01091	0.00784	0.01237	0.00735	0.00629	0.05553	0.01140	0.01760	0.00930	0.01073	0.00766	0.00393	0.00387	0.00080	0.00390	0.00313	0.00316	0.80367
28	0.01693	0.00855	0.01096	0.00831	0.01224	0.00703	0.00674	0.01906	0.01316	0.43036	0.08800	0.01688	0.01416	0.00579	0.00474	0.00128	0.00397	0.00476	0.00505	0.32203
29	0.01372	0.82276	0.02689	0.00878	0.01317	0.02030	0.00878	0.01536	0.01043	0.01207	0.00713	0.00823	0.00658	0.00439	0.00329	0.00110	0.00549	0.00274	0.00219	0.00658
30	0.00746	0.00497	0.00560	0.00560	0.00560	0.00497	0.00311	0.00746	0.00746	0.00995	0.01617	0.03358	0.01865	0.81967	0.02612	0.00497	0.00497	0.00746	0.00311	0.00311
31	0.01789	0.01264	0.01536	0.01197	0.01589	0.01354	0.07980	0.41004	0.18997	0.15478	0.01537	0.01484	0.01085	0.00620	0.00524	0.00161	0.00536	0.00511	0.00512	0.00842
32	0.01270	0.01219	0.02083	0.03149	0.78767	0.01219	0.01575	0.01575	0.01168	0.01676	0.00965	0.01270	0.00813	0.00457	0.00508	0.00152	0.00610	0.00457	0.00254	0.00813
33	0.00656	0.00522	0.00589	0.00572	0.00724	0.00454	0.00429	0.00833	0.01287	0.01666	0.35746	0.04477	0.47836	0.01195	0.00606	0.00168	0.00252	0.01018	0.00513	0.00454
34	0.00959	0.01239	0.22757	0.00985	0.02952	0.00823	0.00955	0.09920	0.01444	0.02040	0.43690	0.02749	0.05716	0.00838	0.00560	0.00161	0.00432	0.00716	0.00452	0.00611
35	0.01200	0.01156	0.01632	0.04289	0.30172	0.05805	0.01207	0.01406	0.01006	0.01479	0.00908	0.01262	0.00797	0.00668	0.00992	0.00179	0.35021	0.00449	0.09726	0.00648
36	0.50821	0.00781	0.00641	0.00594	0.00830	0.00875	0.00475	0.01380	0.00957	0.02142	0.01109	0.01277	0.00868	0.00526	0.00334	0.00143	0.00332	0.00360	0.35032	0.00524
37	0.00625	0.00447	0.00595	0.00714	0.00744	0.00417	0.00476	0.00714	0.00982	0.01310	0.02828	0.81633	0.03394	0.01608	0.00655	0.00208	0.00298	0.01459	0.00476	0.00417
38	0.01064	0.00912	0.01064	0.00760	0.01216	0.00684	0.00608	0.01292	0.01064	0.01672	0.00912	0.01064	0.00760	0.00380	0.00380	0.00076	0.00380	0.00304	0.00304	0.85104
39	0.00618	0.00520	0.00536	0.00532	0.00700	0.00438	0.00399	0.00758	0.01197	0.01450	0.12189	0.04833	0.71527	0.01276	0.00606	0.00172	0.00258	0.01068	0.00485	0.00438
40	0.00625	0.00447	0.00595	0.00714	0.00744	0.00417	0.00476	0.00714	0.00982	0.01310	0.02828	0.81633	0.03394	0.01608	0.00655	0.00208	0.00298	0.01459	0.00476	0.00417
41	0.02232	0.00985	0.01260	0.00966	0.01366	0.00920	0.00798	0.17315	0.01656	0.64042	0.01867	0.01644	0.01191	0.00631	0.00515	0.00158	0.00462	0.00505	0.00611	0.00873
42	0.01062	0.01068	0.01862	0.55965	0.07176	0.03153	0.16372	0.01406	0.01071	0.01392	0.00927	0.01345	0.00709	0.00510	0.00576	0.00172	0.03909	0.00482	0.00236	0.00607
43	0.00636	0.00451	0.00592	0.00700	0.00727	0.00424	0.00461	0.00717	0.00960	0.01280	0.02715	0.74336	0.03251	0.09099	0.00837	0.00235	0.00316	0.01392	0.00461	0.00407
44	0.00680	0.00494	0.00653	0.00761	0.00828	0.00467	0.00566	0.00814	0.01055	0.01380	0.03018	0.53310	0.10278	0.01526	0.00665	0.00213	0.00343	0.22041	0.00475	0.00434
45	0.01224	0.27456	0.01561	0.00989	0.04496	0.17835	0.00755	0.01347	0.01022	0.01181	0.01070	0.01700	0.01069	0.22257	0.12201	0.00321	0.02264	0.00460	0.00262	0.00531
46	0.00946	0.00878	0.01228	0.01098	0.01144	0.01160	0.00896	0.01084	0.00835	0.01235	0.01329	0.01774	0.08196	0.01903	0.27225	0.00416	0.47332	0.00542	0.00265	0.00515
47	0.01463	0.12048	0.07866	0.01117	0.01473	0.15493	0.00955	0.09035	0.39666	0.03334	0.01503	0.01462	0.01143	0.00607	0.00483	0.00155	0.00562	0.00467	0.00413	0.00755
48	0.01372	0.82276	0.02689	0.00878	0.01317	0.02030	0.00878	0.01536	0.01043	0.01207	0.00713	0.00823	0.00658	0.00439	0.00329	0.00110	0.00549	0.00274	0.00219	0.00658
49	0.03025	0.00915	0.02228	0.00821	0.01068	0.08074	0.00649	0.03003	0.09083	0.13638	0.37855	0.02658	0.05149	0.00815	0.00538	0.00151	0.00384	0.00687	0.00503	0.08755
50	0.01239	0.51432	0.32370	0.01104	0.01667	0.01705	0.01272	0.01571	0.01058	0.01369	0.00794	0.00924	0.00655	0.00458	0.00391	0.00130	0.00630	0.00315	0.00218	0.00697
51	0.00717	0.00524	0.00673	0.00636	0.00761	0.00480	0.00477	0.00951	0.01431	0.02007	0.72955	0.03916	0.10414	0.01068	0.00605	0.00162	0.00243	0.00940	0.00558	0.00480
