[name]
unknown

[dist]
# distance from previous block
# <min> <max>
0	20

[block]
# block no. 0 follows, 44 sequences, length 10
# corresponding to MSA columns:
# 664-666,683-689
name=unknown_A
#
# <colnr> <probs for GDERKNQSTAVLIFYWHMCP>
#	G	D	E	R	K	N	Q	S	T	A	V	L	I	F	Y	W	H	M	C	P
0	0.00879	0.00628	0.00879	0.01004	0.01130	0.00628	0.00879	0.01130	0.01255	0.01632	0.02887	0.06150	0.03138	0.01506	0.00753	0.00251	0.00502	0.73770	0.00502	0.00502
1	0.84691	0.01054	0.00801	0.00717	0.01054	0.01223	0.00590	0.01603	0.00928	0.02446	0.00759	0.00886	0.00590	0.00506	0.00337	0.00169	0.00422	0.00295	0.00337	0.00590
2	0.02037	0.02598	0.01545	0.01404	0.01685	0.78652	0.01053	0.02177	0.01545	0.01334	0.00843	0.00983	0.00702	0.00562	0.00492	0.00140	0.00983	0.00351	0.00281	0.00632
3	0.00774	0.00567	0.00783	0.00756	0.00873	0.00576	0.00576	0.01009	0.01299	0.01849	0.49445	0.03366	0.03760	0.02203	0.29209	0.00429	0.00698	0.00839	0.00487	0.00504
4	0.01016	0.00508	0.00508	0.00508	0.00635	0.00508	0.00381	0.01270	0.01143	0.02033	0.01778	0.02033	0.01397	0.00635	0.00381	0.00127	0.00254	0.00508	0.83867	0.00508
5	0.02072	0.01527	0.01636	0.01254	0.01691	0.01691	0.01036	0.75622	0.02563	0.03436	0.01309	0.01309	0.00927	0.00654	0.00545	0.00164	0.00600	0.00491	0.00545	0.00927
6	0.02072	0.01527	0.01636	0.01254	0.01691	0.01691	0.01036	0.75622	0.02563	0.03436	0.01309	0.01309	0.00927	0.00654	0.00545	0.00164	0.00600	0.00491	0.00545	0.00927
7	0.78970	0.01087	0.00859	0.00754	0.01098	0.01255	0.00621	0.06729	0.01041	0.02515	0.00797	0.00915	0.00614	0.00516	0.00352	0.00168	0.00434	0.00309	0.00352	0.00614
8	0.01310	0.12438	0.03167	0.02110	0.02650	0.01486	0.65203	0.01731	0.01262	0.01683	0.01055	0.01389	0.00810	0.00461	0.00603	0.00175	0.00873	0.00595	0.00270	0.00730
9	0.01449	0.01375	0.01835	0.02403	0.44344	0.07403	0.01345	0.06558	0.23669	0.01995	0.01383	0.01521	0.01092	0.00577	0.00541	0.00167	0.00607	0.00514	0.00372	0.00849

[dist]
# distance from previous block
# <min> <max>
1	4

[block]
# block no. 1 follows, 44 sequences, length 20
# corresponding to MSA columns:
# 694-713
name=unknown_B
#
# <colnr> <probs for GDERKNQSTAVLIFYWHMCP>
#	G	D	E	R	K	N	Q	S	T	A	V	L	I	F	Y	W	H	M	C	P
0	0.01416	0.50832	0.02612	0.01849	0.30280	0.01830	0.01214	0.01648	0.01158	0.01472	0.00860	0.01055	0.00762	0.00474	0.00422	0.00134	0.00608	0.00365	0.00247	0.00762
1	0.01427	0.01442	0.02137	0.03127	0.68890	0.10026	0.01603	0.01730	0.01276	0.01731	0.01005	0.01308	0.00845	0.00494	0.00534	0.00159	0.00686	0.00471	0.00271	0.00837
2	0.11203	0.71788	0.02616	0.00908	0.01359	0.02048	0.00893	0.01629	0.01087	0.01419	0.00758	0.00876	0.00687	0.00471	0.00348	0.00123	0.00564	0.00292	0.00245	0.00687
3	0.02063	0.01820	0.01611	0.01295	0.01689	0.22743	0.01041	0.55532	0.02285	0.02861	0.01181	0.01220	0.00866	0.00629	0.00531	0.00157	0.00705	0.00453	0.00473	0.00846
4	0.04201	0.00725	0.00884	0.00768	0.01024	0.00652	0.00601	0.03759	0.01430	0.28285	0.18773	0.09188	0.25405	0.01053	0.00601	0.00178	0.00355	0.00888	0.00580	0.00651
5	0.02072	0.01527	0.01636	0.01254	0.01691	0.01691	0.01036	0.75622	0.02563	0.03436	0.01309	0.01309	0.00927	0.00654	0.00545	0.00164	0.00600	0.00491	0.00545	0.00927
6	0.01093	0.02820	0.78016	0.01554	0.02360	0.01266	0.02014	0.01727	0.01151	0.01727	0.00978	0.01151	0.00691	0.00518	0.00518	0.00173	0.00806	0.00403	0.00230	0.00806
7	0.01345	0.01306	0.02275	0.03281	0.72813	0.01301	0.06250	0.01678	0.01244	0.01779	0.01030	0.01357	0.00861	0.00484	0.00546	0.00163	0.00665	0.00496	0.00270	0.00856
8	0.02072	0.01527	0.01636	0.01254	0.01691	0.01691	0.01036	0.75622	0.02563	0.03436	0.01309	0.01309	0.00927	0.00654	0.00545	0.00164	0.00600	0.00491	0.00545	0.00927
9	0.01315	0.50564	0.32216	0.01175	0.01774	0.01809	0.01355	0.01669	0.01125	0.01456	0.00844	0.00983	0.00696	0.00487	0.00415	0.00138	0.00670	0.00335	0.00232	0.00741
10	0.01370	0.62293	0.20964	0.01082	0.01631	0.01943	0.01193	0.01655	0.01118	0.01390	0.00811	0.00941	0.00697	0.00479	0.00390	0.00130	0.00637	0.00318	0.00232	0.00725
11	0.02072	0.01527	0.01636	0.01254	0.01691	0.01691	0.01036	0.75622	0.02563	0.03436	0.01309	0.01309	0.00927	0.00654	0.00545	0.00164	0.00600	0.00491	0.00545	0.00927
12	0.01168	0.00948	0.01135	0.00884	0.01266	0.00843	0.00706	0.11111	0.01257	0.01870	0.01136	0.01404	0.00961	0.01348	0.19782	0.00288	0.00691	0.00410	0.00345	0.52447
13	0.07812	0.01389	0.01304	0.01017	0.01441	0.14437	0.00811	0.19459	0.01546	0.04631	0.01052	0.01153	0.00820	0.00508	0.00453	0.00120	0.00554	0.00374	0.00382	0.40737
14	0.00894	0.10061	0.01117	0.00882	0.01043	0.00892	0.00710	0.01184	0.06582	0.01355	0.01660	0.02157	0.05508	0.03264	0.59339	0.00697	0.01215	0.00584	0.00317	0.00538
15	0.01287	0.01692	0.15269	0.01922	0.02443	0.05625	0.46249	0.01865	0.10059	0.01761	0.01228	0.03213	0.00954	0.00552	0.00642	0.00182	0.03408	0.00599	0.00305	0.00745
16	0.01060	0.01823	0.38122	0.01782	0.20521	0.01060	0.01523	0.01475	0.01148	0.01665	0.01456	0.19450	0.01409	0.00779	0.00559	0.00177	0.00637	0.00684	0.00308	0.04362
17	0.02281	0.07043	0.01398	0.01000	0.01410	0.05248	0.00829	0.02569	0.06197	0.63141	0.01978	0.01745	0.01285	0.00657	0.00531	0.00164	0.00500	0.00522	0.00612	0.00890
18	0.05617	0.41818	0.19207	0.01100	0.01582	0.13218	0.01134	0.01706	0.01176	0.01504	0.00896	0.01040	0.00745	0.00507	0.00410	0.00136	0.00660	0.00342	0.06506	0.00693
19	0.01526	0.01539	0.02173	0.05214	0.38337	0.16137	0.15513	0.01827	0.01310	0.06774	0.01068	0.01334	0.00848	0.00527	0.00595	0.00166	0.03540	0.00494	0.00298	0.00781

[dist]
# distance from previous block
# <min> <max>
6	18

[block]
# block no. 2 follows, 44 sequences, length 19
# corresponding to MSA columns:
# 732-750
name=unknown_C
#
# <colnr> <probs for GDERKNQSTAVLIFYWHMCP>
#	G	D	E	R	K	N	Q	S	T	A	V	L	I	F	Y	W	H	M	C	P
0	0.01175	0.01080	0.01788	0.11003	0.50537	0.01096	0.01379	0.01486	0.01293	0.01826	0.18075	0.02079	0.01857	0.00656	0.00568	0.00168	0.00566	0.02274	0.00346	0.00749
1	0.01025	0.01222	0.14560	0.24763	0.06410	0.00949	0.01177	0.01351	0.01113	0.01586	0.01327	0.14993	0.01251	0.00697	0.00524	0.00156	0.00569	0.00607	0.00311	0.25409
2	0.02056	0.00940	0.01225	0.00922	0.01362	0.00779	0.00755	0.02276	0.01433	0.55267	0.01800	0.01641	0.01189	0.00594	0.00505	0.00143	0.00446	0.00481	0.00570	0.25615
3	0.01341	0.01094	0.01243	0.00907	0.01381	0.00942	0.00733	0.17966	0.01451	0.02147	0.01045	0.01170	0.00834	0.00460	0.00435	0.00099	0.00448	0.00361	0.00373	0.65569
4	0.00819	0.00630	0.00767	0.00837	0.00931	0.00647	0.00586	0.01237	0.17897	0.01590	0.02829	0.62952	0.03172	0.01492	0.00664	0.00213	0.00342	0.01341	0.00517	0.00537
5	0.02363	0.01062	0.01348	0.01034	0.01459	0.01000	0.00854	0.18964	0.01785	0.61194	0.01963	0.01733	0.01255	0.00670	0.00548	0.00168	0.00494	0.00535	0.00646	0.00928
6	0.01809	0.24932	0.02317	0.01353	0.01826	0.01375	0.22981	0.02082	0.01345	0.32516	0.01426	0.01450	0.01002	0.00549	0.00517	0.00158	0.00634	0.00500	0.00425	0.00803
7	0.00937	0.00753	0.00912	0.00738	0.01038	0.00613	0.00573	0.01181	0.01334	0.01960	0.37736	0.02726	0.06289	0.00788	0.00529	0.00129	0.00328	0.00678	0.00464	0.40296
8	0.08446	0.02665	0.71225	0.01480	0.02245	0.01262	0.01889	0.01716	0.01131	0.01790	0.00959	0.01128	0.00682	0.00517	0.00502	0.00172	0.00772	0.00393	0.00240	0.00787
9	0.01549	0.01030	0.01352	0.01448	0.18270	0.05212	0.00936	0.01798	0.01387	0.24700	0.14624	0.02193	0.01864	0.00700	0.00544	0.00154	0.00489	0.04848	0.00473	0.16428
10	0.00927	0.00849	0.06475	0.00867	0.01063	0.00745	0.00704	0.05653	0.12952	0.01988	0.31924	0.26403	0.04946	0.01170	0.00630	0.00188	0.00362	0.01030	0.00533	0.00591
11	0.01287	0.05741	0.01282	0.00878	0.01331	0.00968	0.00717	0.14968	0.01400	0.02030	0.01352	0.01449	0.06406	0.00525	0.00444	0.00106	0.00441	0.00412	0.00372	0.57890
12	0.01181	0.23052	0.21572	0.01038	0.01493	0.06905	0.01069	0.03496	0.01272	0.01655	0.11908	0.02063	0.12530	0.00708	0.00497	0.00148	0.00566	0.00553	0.00342	0.07952
13	0.04448	0.10188	0.01351	0.00965	0.01311	0.01151	0.00792	0.07624	0.23949	0.25932	0.10286	0.02157	0.05991	0.00751	0.00536	0.00168	0.00443	0.00608	0.00550	0.00799
14	0.01385	0.07015	0.01477	0.01224	0.05874	0.03554	0.04194	0.15862	0.28299	0.02239	0.10342	0.07206	0.01815	0.00757	0.00549	0.00167	0.00495	0.00641	0.00478	0.06428
15	0.15840	0.01281	0.01644	0.01642	0.18514	0.05559	0.10176	0.14425	0.02984	0.02141	0.01372	0.01521	0.06401	0.00577	0.00502	0.00154	0.00583	0.00491	0.00362	0.13832
16	0.01236	0.01242	0.04670	0.01238	0.05753	0.11131	0.00933	0.01683	0.16818	0.03528	0.02797	0.13518	0.03336	0.08398	0.01048	0.00223	0.18265	0.00697	0.00385	0.03103
17	0.21899	0.01644	0.22608	0.01094	0.01586	0.06373	0.01089	0.01924	0.12198	0.08961	0.01203	0.01265	0.00890	0.00546	0.00461	0.00155	0.00569	0.00404	0.00364	0.14767
18	0.01362	0.24748	0.14814	0.01214	0.01687	0.04838	0.11425	0.05834	0.04573	0.07003	0.01777	0.01832	0.12562	0.00654	0.00506	0.00155	0.00618	0.00538	0.00348	0.03512

[dist]
# distance from previous block
# <min> <max>
18	46

[block]
# block no. 3 follows, 44 sequences, length 8
# corresponding to MSA columns:
# 798-805
name=unknown_D
#
# <colnr> <probs for GDERKNQSTAVLIFYWHMCP>
#	G	D	E	R	K	N	Q	S	T	A	V	L	I	F	Y	W	H	M	C	P
0	0.01471	0.40300	0.09296	0.01065	0.01501	0.01729	0.01011	0.17205	0.10694	0.01907	0.01268	0.08001	0.01116	0.00651	0.00462	0.00149	0.00566	0.00492	0.00361	0.00755
1	0.01913	0.01386	0.01416	0.01136	0.01518	0.08024	0.00919	0.41751	0.10492	0.15283	0.01919	0.01834	0.08444	0.00730	0.00552	0.00167	0.00560	0.00566	0.00541	0.00849
2	0.01383	0.01457	0.07646	0.01078	0.01440	0.13984	0.00907	0.11256	0.25850	0.02017	0.02202	0.02151	0.14572	0.00753	0.00537	0.00161	0.00545	0.00597	0.00444	0.11020
3	0.01812	0.01691	0.01438	0.01231	0.01571	0.25087	0.00964	0.22079	0.29911	0.06210	0.01551	0.01509	0.01157	0.00659	0.00533	0.00165	0.00647	0.00498	0.00475	0.00813
4	0.01564	0.01629	0.01328	0.01183	0.01496	0.26960	0.00909	0.02536	0.45576	0.01926	0.01662	0.01613	0.01277	0.00654	0.00522	0.00162	0.00612	0.00505	0.00445	0.07441
5	0.01526	0.01475	0.10806	0.01205	0.01611	0.01440	0.01054	0.23313	0.46287	0.02539	0.01809	0.01720	0.01336	0.00688	0.00548	0.00177	0.00525	0.00555	0.00512	0.00874
6	0.01323	0.01039	0.01361	0.01009	0.01470	0.00879	0.07932	0.01750	0.10915	0.10391	0.01276	0.01362	0.00981	0.00483	0.00463	0.00114	0.00464	0.00417	0.00388	0.55983
7	0.01428	0.01382	0.01861	0.01501	0.01847	0.18057	0.27202	0.01710	0.01357	0.10155	0.01939	0.05156	0.07517	0.00832	0.00623	0.00187	0.00727	0.15470	0.00393	0.00656

[dist]
# distance from previous block
# <min> <max>
0	2

[block]
# block no. 4 follows, 44 sequences, length 6
# corresponding to MSA columns:
# 808-813
name=unknown_E
#
# <colnr> <probs for GDERKNQSTAVLIFYWHMCP>
#	G	D	E	R	K	N	Q	S	T	A	V	L	I	F	Y	W	H	M	C	P
0	0.04026	0.01221	0.01784	0.01415	0.01766	0.05679	0.23977	0.12987	0.11852	0.08578	0.01778	0.19143	0.01609	0.00833	0.00601	0.00185	0.00618	0.00783	0.00443	0.00723
1	0.01859	0.00979	0.01298	0.13292	0.01752	0.00942	0.00900	0.02308	0.13197	0.42778	0.01802	0.01714	0.01222	0.00625	0.00528	0.00160	0.00491	0.00516	0.00536	0.13101
2	0.01293	0.08481	0.17381	0.01068	0.01586	0.13187	0.01020	0.01595	0.01198	0.01654	0.00933	0.01090	0.00757	0.00458	0.00437	0.00112	0.00594	0.00341	0.00289	0.46527
3	0.19538	0.00945	0.00925	0.00834	0.01065	0.04015	0.00646	0.18530	0.01464	0.02304	0.09702	0.18153	0.01944	0.00883	0.00508	0.00170	0.00413	0.00719	0.16625	0.00616
4	0.06153	0.40609	0.02034	0.00988	0.01370	0.01699	0.00877	0.23266	0.01516	0.01998	0.01273	0.13492	0.01216	0.00719	0.00461	0.00150	0.00537	0.00548	0.00374	0.00720
5	0.01106	0.22435	0.20030	0.00949	0.01362	0.01137	0.00984	0.01403	0.01266	0.06382	0.17598	0.02646	0.18971	0.00831	0.00530	0.00160	0.00494	0.00671	0.00397	0.00647

[dist]
# distance from previous block
# <min> <max>
1	5

[block]
# block no. 5 follows, 44 sequences, length 36
# corresponding to MSA columns:
# 819-854
name=unknown_F
#
# <colnr> <probs for GDERKNQSTAVLIFYWHMCP>
#	G	D	E	R	K	N	Q	S	T	A	V	L	I	F	Y	W	H	M	C	P
0	0.04429	0.01169	0.01846	0.01815	0.18690	0.02921	0.14040	0.01808	0.01238	0.21282	0.03055	0.05858	0.01185	0.00712	0.00824	0.00187	0.17207	0.00588	0.00392	0.00756
1	0.01724	0.01681	0.02031	0.01743	0.09154	0.23368	0.22501	0.15485	0.01603	0.08948	0.01261	0.05672	0.01014	0.00616	0.00566	0.00166	0.00778	0.00558	0.00376	0.00755
2	0.01460	0.01429	0.01247	0.01075	0.01410	0.22340	0.00842	0.05376	0.16325	0.03818	0.01507	0.05043	0.01318	0.00697	0.00516	0.00147	0.00586	0.07851	0.00403	0.26612
3	0.21590	0.00854	0.00929	0.00853	0.01084	0.00896	0.00655	0.12377	0.03030	0.11500	0.08889	0.28742	0.02234	0.01118	0.02627	0.00205	0.00430	0.00865	0.00496	0.00628
4	0.01437	0.01104	0.01177	0.00941	0.01337	0.08627	0.00759	0.04369	0.03698	0.13997	0.02854	0.01932	0.01279	0.00630	0.00493	0.00130	0.00489	0.09313	0.00418	0.45017
5	0.27545	0.01309	0.01741	0.01365	0.01723	0.08609	0.24675	0.03278	0.03554	0.01915	0.01416	0.01601	0.08453	0.00634	0.00628	0.00177	0.07957	0.00530	0.00331	0.02558
6	0.01886	0.02178	0.01477	0.01315	0.01598	0.56748	0.01005	0.13707	0.01624	0.01660	0.00993	0.01179	0.00820	0.01014	0.10193	0.00235	0.00981	0.00402	0.00324	0.00661
7	0.00664	0.00474	0.00633	0.00759	0.00791	0.00443	0.00506	0.00759	0.01044	0.01392	0.03005	0.80485	0.03606	0.01708	0.00696	0.00221	0.00316	0.01550	0.00506	0.00443
8	0.01802	0.01200	0.01346	0.01107	0.01464	0.01293	0.00887	0.31874	0.24563	0.18030	0.01912	0.08951	0.01483	0.00782	0.00563	0.00176	0.00495	0.00638	0.00571	0.00863
9	0.01001	0.00758	0.00895	0.00783	0.01057	0.00668	0.00619	0.01338	0.08228	0.05991	0.17446	0.05443	0.19493	0.00972	0.00575	0.00160	0.00361	0.09063	0.00485	0.24665
10	0.00664	0.00474	0.00633	0.00759	0.00791	0.00443	0.00506	0.00759	0.01044	0.01392	0.03005	0.80485	0.03606	0.01708	0.00696	0.00221	0.00316	0.01550	0.00506	0.00443
11	0.01087	0.01116	0.02254	0.09589	0.02297	0.01123	0.42346	0.01445	0.01126	0.01546	0.01212	0.01699	0.01001	0.01714	0.27417	0.00421	0.01085	0.00607	0.00278	0.00637
12	0.84691	0.01054	0.00801	0.00717	0.01054	0.01223	0.00590	0.01603	0.00928	0.02446	0.00759	0.00886	0.00590	0.00506	0.00337	0.00169	0.00422	0.00295	0.00337	0.00590
13	0.01332	0.01277	0.02181	0.07537	0.73386	0.01291	0.01664	0.01658	0.01233	0.01760	0.01022	0.01355	0.00856	0.00489	0.00540	0.00163	0.00652	0.00486	0.00268	0.00849
14	0.01183	0.00976	0.01123	0.00827	0.01259	0.00796	0.00650	0.08171	0.01229	0.01857	0.01076	0.01392	0.00937	0.08529	0.00656	0.00134	0.00434	0.00386	0.00344	0.68041
15	0.01157	0.00929	0.01066	0.00900	0.01229	0.00871	0.00692	0.03712	0.22625	0.04260	0.01829	0.19246	0.01701	0.00808	0.00521	0.00147	0.00399	0.00694	0.00447	0.36769
16	0.09570	0.00986	0.01064	0.00860	0.01235	0.00932	0.00680	0.04040	0.20538	0.02020	0.05891	0.01885	0.08304	0.00638	0.00476	0.00133	0.00399	0.00514	0.00423	0.39413
17	0.44999	0.01664	0.01170	0.01029	0.01358	0.28970	0.00811	0.10887	0.01349	0.02170	0.00856	0.00972	0.00672	0.00544	0.00418	0.00158	0.00644	0.00339	0.00343	0.00647
18	0.01030	0.00969	0.01635	0.79530	0.03755	0.01211	0.01514	0.01393	0.01090	0.01393	0.00969	0.01453	0.00727	0.00545	0.00545	0.00182	0.00727	0.00484	0.00242	0.00606
19	0.01303	0.01304	0.01953	0.29315	0.45154	0.08410	0.01561	0.01623	0.01217	0.01607	0.00989	0.01351	0.00802	0.00513	0.00537	0.00167	0.00706	0.00473	0.00261	0.00754
20	0.00960	0.00827	0.00854	0.00800	0.01039	0.00858	0.00613	0.01721	0.34633	0.01831	0.04056	0.03820	0.43676	0.01096	0.00605	0.00184	0.00345	0.00913	0.00528	0.00639
21	0.01198	0.25401	0.56354	0.01375	0.02083	0.01523	0.01703	0.01699	0.01139	0.01599	0.00915	0.01071	0.00693	0.00503	0.00469	0.00156	0.00742	0.00371	0.00231	0.00775
22	0.01139	0.01081	0.01833	0.53382	0.29045	0.01240	0.01569	0.01489	0.01142	0.01526	0.00988	0.01418	0.00774	0.00525	0.00543	0.00175	0.00700	0.00485	0.00252	0.00694
23	0.01317	0.40161	0.02022	0.01038	0.01326	0.11188	0.00913	0.01486	0.01067	0.01288	0.00950	0.01264	0.00878	0.01500	0.21328	0.00336	0.10663	0.00399	0.00255	0.00622
24	0.01349	0.01295	0.02213	0.03346	0.77440	0.01295	0.01673	0.01673	0.01241	0.01781	0.01025	0.01349	0.00864	0.00486	0.00540	0.00162	0.00648	0.00486	0.00270	0.00864
25	0.01349	0.01295	0.02213	0.03346	0.77440	0.01295	0.01673	0.01673	0.01241	0.01781	0.01025	0.01349	0.00864	0.00486	0.00540	0.00162	0.00648	0.00486	0.00270	0.00864
26	0.00648	0.00552	0.00557	0.00556	0.00739	0.00462	0.00417	0.00789	0.01251	0.01493	0.07572	0.05213	0.75156	0.01373	0.00644	0.00184	0.00276	0.01146	0.00509	0.00462
27	0.00772	0.00557	0.00729	0.00686	0.00814	0.00514	0.00514	0.01029	0.01543	0.02186	0.77152	0.04072	0.05144	0.01115	0.00643	0.00171	0.00257	0.00986	0.00600	0.00514
28	0.00701	0.00528	0.00649	0.00675	0.00785	0.00475	0.00485	0.00870	0.01292	0.01723	0.32580	0.30612	0.23857	0.01389	0.00661	0.00192	0.00283	0.01223	0.00543	0.00475
29	0.00779	0.00584	0.00876	0.00876	0.00974	0.00681	0.00681	0.00974	0.00876	0.01266	0.01460	0.02142	0.01363	0.04089	0.78680	0.00876	0.01460	0.00584	0.00292	0.00487
30	0.00663	0.00553	0.00578	0.00572	0.00748	0.00468	0.00429	0.00819	0.01287	0.01578	0.16077	0.05074	0.66598	0.01341	0.00644	0.00182	0.00273	0.01126	0.00520	0.00468
31	0.00664	0.00474	0.00633	0.00759	0.00791	0.00443	0.00506	0.00759	0.01044	0.01392	0.03005	0.80485	0.03606	0.01708	0.00696	0.00221	0.00316	0.01550	0.00506	0.00443
32	0.02302	0.01008	0.01296	0.01010	0.01422	0.00939	0.00829	0.09419	0.09197	0.63340	0.02080	0.01823	0.01342	0.00679	0.00549	0.00170	0.00473	0.00550	0.00651	0.00921
33	0.01852	0.46151	0.02186	0.00990	0.01424	0.08971	0.00899	0.02036	0.01305	0.27556	0.01244	0.01222	0.00923	0.00547	0.00431	0.00137	0.00580	0.00385	0.00389	0.00772
34	0.01838	0.29565	0.01995	0.01243	0.01587	0.52397	0.01012	0.01990	0.01395	0.01317	0.00814	0.00946	0.00701	0.00529	0.00443	0.00132	0.00846	0.00331	0.00265	0.00655
35	0.01858	0.28961	0.02047	0.01158	0.01590	0.08957	0.01002	0.43445	0.01970	0.02503	0.01077	0.01130	0.00828	0.00581	0.00473	0.00145	0.00630	0.00410	0.00414	0.00822

[dist]
# distance from previous block
# <min> <max>
0	1

[block]
# block no. 6 follows, 44 sequences, length 36
# corresponding to MSA columns:
# 856-891
name=unknown_G
#
# <colnr> <probs for GDERKNQSTAVLIFYWHMCP>
#	G	D	E	R	K	N	Q	S	T	A	V	L	I	F	Y	W	H	M	C	P
0	0.24079	0.02093	0.44046	0.01262	0.01877	0.01286	0.01450	0.10879	0.01283	0.05560	0.01012	0.01130	0.00722	0.00539	0.00473	0.00170	0.00660	0.00391	0.00318	0.00768
1	0.00824	0.00632	0.00887	0.00863	0.00927	0.00743	0.00647	0.00963	0.00852	0.01219	0.01448	0.02396	0.01449	0.22575	0.52347	0.00727	0.09121	0.00624	0.00296	0.00459
2	0.01322	0.01373	0.02656	0.02883	0.44504	0.01332	0.34254	0.01705	0.01261	0.01766	0.01060	0.01403	0.00848	0.00474	0.00585	0.00172	0.00768	0.00555	0.00272	0.00807
3	0.01340	0.01176	0.01738	0.02310	0.43810	0.01221	0.01279	0.05493	0.19863	0.03807	0.10780	0.01865	0.01605	0.00639	0.00557	0.00169	0.00540	0.00582	0.00404	0.00825
4	0.01149	0.01911	0.35380	0.01485	0.01841	0.01492	0.01555	0.01495	0.00974	0.01495	0.00832	0.01174	0.00705	0.00762	0.01228	0.00209	0.44944	0.00444	0.00235	0.00689
5	0.01280	0.01213	0.02058	0.12627	0.63543	0.01243	0.01604	0.01604	0.01224	0.01724	0.01135	0.01663	0.00989	0.00557	0.00554	0.00170	0.00648	0.05074	0.00281	0.00809
6	0.16989	0.01004	0.01370	0.39892	0.02511	0.01144	0.01126	0.03879	0.06147	0.18856	0.01287	0.01472	0.00908	0.00583	0.00508	0.00176	0.00588	0.00472	0.00386	0.00701
7	0.00811	0.00583	0.00739	0.00741	0.00889	0.00537	0.00588	0.01039	0.01406	0.03794	0.40999	0.04789	0.20730	0.01259	0.00668	0.00194	0.00327	0.18842	0.00557	0.00510
8	0.00693	0.00526	0.00641	0.00687	0.00794	0.00474	0.00496	0.00848	0.01237	0.01620	0.21696	0.34838	0.27295	0.01452	0.00669	0.00199	0.00298	0.04539	0.00529	0.00468
9	0.01058	0.00999	0.01499	0.26140	0.02078	0.01325	0.01192	0.01270	0.00924	0.01328	0.00946	0.01467	0.00849	0.01455	0.16867	0.00349	0.38926	0.00501	0.00250	0.00577
10	0.10098	0.07729	0.20340	0.01269	0.01769	0.11097	0.01226	0.35593	0.01821	0.02501	0.01075	0.01156	0.00791	0.00581	0.00497	0.00160	0.00679	0.00418	0.00392	0.00810
11	0.00698	0.00501	0.00663	0.00736	0.00798	0.00466	0.00509	0.00845	0.01202	0.01644	0.26569	0.56200	0.04095	0.01519	0.00679	0.00206	0.00298	0.01371	0.00536	0.00466
12	0.00949	0.00844	0.01474	0.01199	0.01384	0.00866	0.22029	0.01140	0.00959	0.01324	0.01425	0.02465	0.01423	0.33000	0.23039	0.00512	0.04488	0.00678	0.00300	0.00502
13	0.01439	0.01324	0.02141	0.03087	0.68066	0.01344	0.01594	0.10824	0.01405	0.01986	0.01061	0.01344	0.00871	0.00507	0.00540	0.00162	0.00642	0.00486	0.00304	0.00871
14	0.20881	0.01281	0.01907	0.01481	0.01814	0.01439	0.24074	0.10838	0.05892	0.03751	0.01044	0.01288	0.00820	0.00639	0.00836	0.00191	0.20281	0.00498	0.00340	0.00703
15	0.00722	0.00499	0.00615	0.00685	0.00702	0.00481	0.00427	0.00774	0.00931	0.01241	0.02425	0.45829	0.02874	0.37362	0.01633	0.00360	0.00412	0.01209	0.00427	0.00392
16	0.01494	0.01493	0.01710	0.01808	0.20392	0.22230	0.10278	0.01876	0.08946	0.07086	0.10594	0.06656	0.01624	0.00695	0.00564	0.00166	0.00670	0.00614	0.00386	0.00720
17	0.01443	0.01535	0.11558	0.09679	0.10451	0.01398	0.23187	0.21301	0.08013	0.02196	0.01259	0.03240	0.00966	0.00582	0.00574	0.00175	0.00716	0.00559	0.00367	0.00800
18	0.01428	0.01474	0.02231	0.03000	0.60558	0.10876	0.09022	0.01743	0.01284	0.01722	0.01011	0.01316	0.00840	0.00493	0.00544	0.00161	0.00717	0.00485	0.00272	0.00822
19	0.00987	0.00518	0.00554	0.00554	0.00677	0.00530	0.00418	0.01234	0.01110	0.01938	0.01739	0.02046	0.01393	0.01063	0.10070	0.00220	0.00403	0.00518	0.73525	0.00505
20	0.01255	0.01409	0.03021	0.11855	0.02961	0.01358	0.66309	0.01703	0.01262	0.01703	0.01086	0.01468	0.00815	0.00470	0.00631	0.00184	0.00895	0.00624	0.00272	0.00719
21	0.01850	0.01512	0.06323	0.01229	0.01644	0.03002	0.01054	0.60361	0.02247	0.03020	0.01298	0.01396	0.00962	0.01069	0.10212	0.00252	0.00727	0.00494	0.00489	0.00859
22	0.01156	0.01105	0.01893	0.48924	0.31406	0.01247	0.03482	0.01507	0.01152	0.01548	0.00994	0.01415	0.00781	0.00521	0.00546	0.00174	0.00702	0.00489	0.00253	0.00706
23	0.81146	0.04466	0.00889	0.00726	0.01069	0.01263	0.00605	0.01604	0.00935	0.02396	0.00759	0.00885	0.00595	0.00504	0.00338	0.00166	0.00429	0.00295	0.00333	0.00595
24	0.00793	0.00529	0.00595	0.00595	0.00595	0.00529	0.00330	0.00793	0.00793	0.01057	0.01718	0.03568	0.01982	0.80840	0.02775	0.00529	0.00529	0.00793	0.00330	0.00330
25	0.01221	0.30235	0.51716	0.01337	0.02024	0.01578	0.01636	0.01694	0.01136	0.01571	0.00901	0.01054	0.00694	0.00500	0.00459	0.00153	0.00728	0.00364	0.00231	0.00769
26	0.00737	0.00519	0.00614	0.00660	0.00699	0.00497	0.00421	0.00796	0.00949	0.01241	0.02651	0.28337	0.11861	0.42267	0.01759	0.00376	0.00429	0.04382	0.00416	0.00390
27	0.00909	0.00822	0.01079	0.00990	0.01054	0.01000	0.00779	0.01038	0.01040	0.01441	0.10022	0.15656	0.20652	0.04817	0.01255	0.00229	0.35425	0.00886	0.00390	0.00517
28	0.00701	0.00554	0.00630	0.00611	0.00771	0.00484	0.00458	0.00891	0.01375	0.01788	0.37151	0.04728	0.45394	0.01263	0.00644	0.00179	0.00268	0.01078	0.00548	0.00484
29	0.02247	0.01247	0.01463	0.01121	0.01551	0.01275	0.00926	0.41517	0.02095	0.38203	0.01702	0.01564	0.01125	0.00664	0.00547	0.00166	0.00536	0.00518	0.00606	0.00927
30	0.01494	0.76249	0.02775	0.00962	0.01417	0.06947	0.00940	0.01667	0.01135	0.01286	0.00763	0.00881	0.00700	0.00472	0.00359	0.00118	0.00608	0.00295	0.00236	0.00695
31	0.00702	0.00525	0.00653	0.00684	0.00788	0.00475	0.00489	0.00871	0.01286	0.01724	0.32872	0.33405	0.20732	0.01400	0.00663	0.00193	0.00284	0.01237	0.00543	0.00475
32	0.01193	0.01193	0.01670	0.01431	0.01431	0.01670	0.01193	0.01312	0.00835	0.01312	0.00716	0.01193	0.00716	0.00954	0.01789	0.00239	0.79843	0.00477	0.00239	0.00596
33	0.01182	0.29030	0.09456	0.00929	0.01270	0.04775	0.00870	0.06033	0.01415	0.01864	0.34551	0.02347	0.02676	0.00774	0.00515	0.00151	0.00481	0.00625	0.00417	0.00640
34	0.01441	0.01297	0.04768	0.01165	0.01457	0.09061	0.03827	0.27980	0.06423	0.02270	0.05255	0.16782	0.01932	0.00980	0.00631	0.00189	0.02233	0.11127	0.00477	0.00704
35	0.01229	0.19909	0.37324	0.01584	0.02230	0.01472	0.21745	0.01695	0.01177	0.01635	0.00963	0.01175	0.00735	0.00485	0.00509	0.00159	0.00769	0.00440	0.00247	0.04516

[dist]
# distance from previous block
# <min> <max>
2	27

[block]
# block no. 7 follows, 44 sequences, length 34
# corresponding to MSA columns:
# 919-952
name=unknown_H
#
# <colnr> <probs for GDERKNQSTAVLIFYWHMCP>
#	G	D	E	R	K	N	Q	S	T	A	V	L	I	F	Y	W	H	M	C	P
0	0.35312	0.01280	0.01207	0.01000	0.01361	0.04019	0.00812	0.32473	0.07286	0.04277	0.01243	0.05268	0.00985	0.00652	0.00468	0.00170	0.00511	0.00472	0.00454	0.00751
1	0.01430	0.01443	0.01597	0.35626	0.11696	0.21813	0.01281	0.03560	0.03048	0.05562	0.01271	0.01536	0.04734	0.00609	0.00565	0.00169	0.02596	0.00490	0.00307	0.00667
2	0.07602	0.00814	0.00920	0.00897	0.01066	0.00861	0.00661	0.17064	0.08827	0.02000	0.02388	0.49544	0.02604	0.01293	0.00622	0.00201	0.00397	0.01133	0.00506	0.00600
3	0.01101	0.00972	0.01621	0.01293	0.01547	0.00972	0.24962	0.08843	0.05074	0.01653	0.01646	0.10245	0.01633	0.26370	0.07138	0.00348	0.00706	0.02933	0.00366	0.00578
4	0.01405	0.30654	0.36857	0.01359	0.05759	0.04052	0.01454	0.01799	0.01195	0.09297	0.01017	0.01128	0.00770	0.00515	0.00461	0.00151	0.00689	0.00380	0.00280	0.00777
5	0.00913	0.00612	0.00772	0.00722	0.00882	0.00570	0.00544	0.01209	0.05333	0.08049	0.54533	0.09616	0.11881	0.01132	0.00635	0.00177	0.00289	0.00991	0.00587	0.00554
6	0.01678	0.01855	0.01788	0.04796	0.31410	0.35059	0.01295	0.05984	0.07753	0.01704	0.01059	0.01248	0.00859	0.00551	0.00520	0.00155	0.00776	0.00438	0.00313	0.00757
7	0.01198	0.01192	0.01771	0.47473	0.21045	0.07059	0.01485	0.01510	0.01134	0.01473	0.00947	0.01367	0.00757	0.00574	0.00666	0.00180	0.08774	0.00474	0.00251	0.00669
8	0.00947	0.00473	0.00710	0.00710	0.00710	0.00473	0.00473	0.00710	0.00710	0.00947	0.00947	0.01657	0.00947	0.01894	0.02131	0.84138	0.00473	0.00473	0.00237	0.00237
9	0.01202	0.00959	0.01050	0.00950	0.01166	0.01071	0.00710	0.09497	0.39403	0.02026	0.07590	0.05019	0.01969	0.19470	0.05232	0.00299	0.00509	0.00701	0.00490	0.00687
10	0.01402	0.07438	0.06625	0.08306	0.02466	0.01497	0.40395	0.15004	0.01444	0.01951	0.01065	0.01356	0.00811	0.00546	0.00682	0.00179	0.07222	0.00550	0.00313	0.00749
11	0.34180	0.01234	0.01187	0.01000	0.01359	0.01406	0.00809	0.24510	0.24429	0.02697	0.01371	0.01364	0.01020	0.00622	0.00467	0.00172	0.00479	0.00453	0.00467	0.00776
12	0.01130	0.00969	0.01130	0.00807	0.01292	0.00727	0.00646	0.01373	0.01130	0.01776	0.00969	0.01130	0.00807	0.00404	0.00404	0.00081	0.00404	0.00323	0.00323	0.84173
13	0.00740	0.00595	0.00946	0.00946	0.01040	0.00556	0.09594	0.00879	0.01073	0.01435	0.02774	0.70904	0.03269	0.01557	0.00689	0.00217	0.00389	0.01440	0.00478	0.00478
14	0.01093	0.02820	0.78016	0.01554	0.02360	0.01266	0.02014	0.01727	0.01151	0.01727	0.00978	0.01151	0.00691	0.00518	0.00518	0.00173	0.00806	0.00403	0.00230	0.00806
15	0.02446	0.00928	0.01265	0.00970	0.01392	0.00801	0.00801	0.02657	0.01560	0.77817	0.02151	0.01856	0.01350	0.00675	0.00548	0.00169	0.00464	0.00548	0.00675	0.00928
16	0.01287	0.01471	0.03217	0.02298	0.02849	0.01379	0.75460	0.01746	0.01287	0.01746	0.01103	0.01471	0.00827	0.00460	0.00643	0.00184	0.00919	0.00643	0.00276	0.00735
17	0.78444	0.01014	0.00779	0.00701	0.01023	0.01170	0.00575	0.01578	0.00944	0.02415	0.00835	0.00971	0.00651	0.00516	0.00341	0.00166	0.00409	0.00311	0.06573	0.00584
18	0.84691	0.01054	0.00801	0.00717	0.01054	0.01223	0.00590	0.01603	0.00928	0.02446	0.00759	0.00886	0.00590	0.00506	0.00337	0.00169	0.00422	0.00295	0.00337	0.00590
19	0.01193	0.01193	0.01670	0.01431	0.01431	0.01670	0.01193	0.01312	0.00835	0.01312	0.00716	0.01193	0.00716	0.00954	0.01789	0.00239	0.79843	0.00477	0.00239	0.00596
20	0.01166	0.16642	0.58940	0.01434	0.02119	0.01455	0.01760	0.01679	0.01120	0.01617	0.00920	0.01105	0.00694	0.00541	0.00583	0.00168	0.06667	0.00389	0.00231	0.00771
21	0.00926	0.01902	0.47738	0.01243	0.01746	0.00944	0.01424	0.01348	0.01109	0.01596	0.01771	0.32192	0.01831	0.00984	0.00588	0.00192	0.00614	0.00852	0.00338	0.00664
22	0.02446	0.00928	0.01265	0.00970	0.01392	0.00801	0.00801	0.02657	0.01560	0.77817	0.02151	0.01856	0.01350	0.00675	0.00548	0.00169	0.00464	0.00548	0.00675	0.00928
23	0.02446	0.00928	0.01265	0.00970	0.01392	0.00801	0.00801	0.02657	0.01560	0.77817	0.02151	0.01856	0.01350	0.00675	0.00548	0.00169	0.00464	0.00548	0.00675	0.00928
24	0.02037	0.02598	0.01545	0.01404	0.01685	0.78652	0.01053	0.02177	0.01545	0.01334	0.00843	0.00983	0.00702	0.00562	0.00492	0.00140	0.00983	0.00351	0.00281	0.00632
25	0.01162	0.00551	0.00585	0.00555	0.00712	0.00538	0.00424	0.01411	0.01186	0.09741	0.01816	0.02015	0.01392	0.00639	0.00398	0.00131	0.00275	0.00512	0.75405	0.00551
26	0.00664	0.00474	0.00633	0.00759	0.00791	0.00443	0.00506	0.00759	0.01044	0.01392	0.03005	0.80485	0.03606	0.01708	0.00696	0.00221	0.00316	0.01550	0.00506	0.00443
27	0.01913	0.00998	0.01165	0.00927	0.01269	0.01001	0.00755	0.25582	0.01760	0.32133	0.01774	0.01732	0.01228	0.00657	0.00499	0.00155	0.00447	0.00518	0.24679	0.00806
28	0.01093	0.02820	0.78016	0.01554	0.02360	0.01266	0.02014	0.01727	0.01151	0.01727	0.00978	0.01151	0.00691	0.00518	0.00518	0.00173	0.00806	0.00403	0.00230	0.00806
29	0.00646	0.00544	0.00560	0.00573	0.00742	0.00458	0.00424	0.00780	0.01222	0.01465	0.05267	0.12899	0.69731	0.01414	0.00650	0.00188	0.00280	0.01191	0.00506	0.00458
30	0.01922	0.01260	0.01363	0.01118	0.01494	0.05246	0.00898	0.21600	0.29768	0.26446	0.01891	0.01736	0.01324	0.00688	0.00547	0.00172	0.00514	0.00549	0.00576	0.00888
31	0.01030	0.00969	0.01635	0.79530	0.03755	0.01211	0.01514	0.01393	0.01090	0.01393	0.00969	0.01453	0.00727	0.00545	0.00545	0.00182	0.00727	0.00484	0.00242	0.00606
32	0.01223	0.01281	0.02160	0.01706	0.01880	0.01578	0.24706	0.01450	0.00978	0.01450	0.00838	0.01281	0.00751	0.00798	0.01426	0.00221	0.54855	0.00530	0.00250	0.00640
33	0.02054	0.01548	0.01572	0.01235	0.01648	0.08304	0.01007	0.58582	0.07107	0.09294	0.01396	0.01372	0.00989	0.00653	0.00542	0.00163	0.00611	0.00491	0.00534	0.00897

[dist]
# distance from previous block
# <min> <max>
0	1

[block]
# block no. 8 follows, 44 sequences, length 36
# corresponding to MSA columns:
# 954-989
name=unknown_I
#
# <colnr> <probs for GDERKNQSTAVLIFYWHMCP>
#	G	D	E	R	K	N	Q	S	T	A	V	L	I	F	Y	W	H	M	C	P
0	0.29735	0.33332	0.01780	0.00920	0.01315	0.01667	0.00816	0.09292	0.13082	0.02052	0.01044	0.01105	0.00838	0.00542	0.00398	0.00150	0.00506	0.00364	0.00351	0.00711
1	0.02302	0.01159	0.01408	0.01079	0.01507	0.01144	0.00892	0.30755	0.01947	0.49173	0.01827	0.01645	0.01187	0.00667	0.00547	0.00167	0.00516	0.00526	0.00625	0.00928
2	0.00779	0.00584	0.00876	0.00876	0.00974	0.00681	0.00681	0.00974	0.00876	0.01266	0.01460	0.02142	0.01363	0.04089	0.78680	0.00876	0.01460	0.00584	0.00292	0.00487
3	0.00694	0.00530	0.00638	0.00670	0.00786	0.00475	0.00485	0.00856	0.01267	0.01662	0.25921	0.29422	0.30108	0.01411	0.00663	0.00194	0.00289	0.02923	0.00534	0.00472
4	0.00666	0.00553	0.00582	0.00575	0.00750	0.00469	0.00431	0.00824	0.01293	0.01593	0.17631	0.05048	0.65035	0.01336	0.00644	0.00182	0.00273	0.01123	0.00522	0.00469
5	0.01130	0.00969	0.01130	0.00807	0.01292	0.00727	0.00646	0.01373	0.01130	0.01776	0.00969	0.01130	0.00807	0.00404	0.00404	0.00081	0.00404	0.00323	0.00323	0.84173
6	0.00737	0.00556	0.00681	0.00649	0.00793	0.00500	0.00487	0.00962	0.01461	0.01991	0.57589	0.04393	0.24829	0.01187	0.00643	0.00175	0.00262	0.01031	0.00574	0.00500
7	0.00664	0.00474	0.00633	0.00759	0.00791	0.00443	0.00506	0.00759	0.01044	0.01392	0.03005	0.80485	0.03606	0.01708	0.00696	0.00221	0.00316	0.01550	0.00506	0.00443
8	0.00785	0.00525	0.00597	0.00605	0.00607	0.00523	0.00342	0.00791	0.00809	0.01079	0.01801	0.08521	0.02087	0.75745	0.02641	0.00509	0.00515	0.00842	0.00342	0.00338
9	0.00671	0.00479	0.00640	0.00767	0.00801	0.00448	0.00517	0.00770	0.01050	0.01399	0.03001	0.78218	0.03591	0.01702	0.00698	0.00222	0.00322	0.03752	0.00506	0.00445
10	0.71979	0.01175	0.00914	0.00801	0.01144	0.05844	0.00654	0.06674	0.01092	0.04472	0.00839	0.00946	0.00640	0.00524	0.00366	0.00167	0.00468	0.00319	0.00357	0.00625
11	0.23435	0.01240	0.01308	0.01039	0.01439	0.01337	0.00855	0.34715	0.06291	0.20940	0.01423	0.01374	0.00985	0.00626	0.00493	0.00167	0.00511	0.00462	0.00523	0.00837
12	0.01608	0.01392	0.01368	0.01174	0.01514	0.08243	0.00926	0.22314	0.50075	0.02507	0.01854	0.01747	0.01382	0.00701	0.00547	0.00175	0.00525	0.00559	0.00528	0.00860
13	0.00664	0.00474	0.00633	0.00759	0.00791	0.00443	0.00506	0.00759	0.01044	0.01392	0.03005	0.80485	0.03606	0.01708	0.00696	0.00221	0.00316	0.01550	0.00506	0.00443
14	0.84691	0.01054	0.00801	0.00717	0.01054	0.01223	0.00590	0.01603	0.00928	0.02446	0.00759	0.00886	0.00590	0.00506	0.00337	0.00169	0.00422	0.00295	0.00337	0.00590
15	0.01315	0.31902	0.01791	0.00972	0.01337	0.01536	0.00835	0.02110	0.35009	0.01815	0.05231	0.01799	0.05524	0.00665	0.00475	0.00151	0.00471	0.00519	0.00415	0.06127
16	0.01145	0.00982	0.01137	0.00827	0.01300	0.00767	0.00660	0.01471	0.05981	0.01809	0.01049	0.01189	0.00863	0.00425	0.00413	0.00087	0.00406	0.00342	0.00338	0.78808
17	0.00796	0.00569	0.00784	0.00910	0.00999	0.00556	0.00735	0.00987	0.01174	0.01539	0.02932	0.34775	0.03318	0.01584	0.00731	0.00240	0.00430	0.45959	0.00504	0.00479
18	0.00664	0.00474	0.00633	0.00759	0.00791	0.00443	0.00506	0.00759	0.01044	0.01392	0.03005	0.80485	0.03606	0.01708	0.00696	0.00221	0.00316	0.01550	0.00506	0.00443
19	0.01130	0.00969	0.01130	0.00807	0.01292	0.00727	0.00646	0.01373	0.01130	0.01776	0.00969	0.01130	0.00807	0.00404	0.00404	0.00081	0.00404	0.00323	0.00323	0.84173
20	0.00664	0.00474	0.00633	0.00759	0.00791	0.00443	0.00506	0.00759	0.01044	0.01392	0.03005	0.80485	0.03606	0.01708	0.00696	0.00221	0.00316	0.01550	0.00506	0.00443
21	0.01356	0.01171	0.01233	0.01109	0.01418	0.01356	0.00863	0.02897	0.76455	0.02281	0.02219	0.02034	0.01664	0.00740	0.00555	0.00185	0.00431	0.00616	0.00555	0.00863
22	0.00644	0.00552	0.00552	0.00552	0.00736	0.00460	0.00414	0.00782	0.01243	0.01473	0.05523	0.05247	0.77218	0.01381	0.00644	0.00184	0.00276	0.01151	0.00506	0.00460
23	0.01093	0.02820	0.78016	0.01554	0.02360	0.01266	0.02014	0.01727	0.01151	0.01727	0.00978	0.01151	0.00691	0.00518	0.00518	0.00173	0.00806	0.00403	0.00230	0.00806
24	0.02072	0.01527	0.01636	0.01254	0.01691	0.01691	0.01036	0.75622	0.02563	0.03436	0.01309	0.01309	0.00927	0.00654	0.00545	0.00164	0.00600	0.00491	0.00545	0.00927
25	0.01287	0.01471	0.03217	0.02298	0.02849	0.01379	0.75460	0.01746	0.01287	0.01746	0.01103	0.01471	0.00827	0.00460	0.00643	0.00184	0.00919	0.00643	0.00276	0.00735
26	0.01458	0.81168	0.02857	0.00933	0.01399	0.02157	0.00933	0.01632	0.01108	0.01283	0.00758	0.00875	0.00700	0.00466	0.00350	0.00117	0.00583	0.00292	0.00233	0.00700
27	0.00793	0.00529	0.00595	0.00595	0.00595	0.00529	0.00330	0.00793	0.00793	0.01057	0.01718	0.03568	0.01982	0.80840	0.02775	0.00529	0.00529	0.00793	0.00330	0.00330
28	0.01344	0.00982	0.01107	0.00982	0.01259	0.01068	0.00765	0.02384	0.47609	0.11856	0.21543	0.02537	0.02522	0.00828	0.00577	0.00179	0.00391	0.00703	0.00582	0.00781
29	0.02043	0.01407	0.01659	0.01280	0.01706	0.05981	0.08110	0.40419	0.07122	0.22261	0.01540	0.01495	0.01063	0.00641	0.00553	0.00167	0.00607	0.00520	0.00538	0.00887
30	0.01369	0.00690	0.00920	0.00787	0.01021	0.00617	0.00617	0.01610	0.01549	0.29184	0.50379	0.03281	0.03790	0.00958	0.00609	0.00170	0.00331	0.00830	0.00627	0.00662
31	0.00663	0.00479	0.00628	0.00747	0.00788	0.00444	0.00501	0.00760	0.01056	0.01397	0.03154	0.76014	0.07980	0.01689	0.00693	0.00219	0.00314	0.01526	0.00506	0.00444
32	0.21535	0.01322	0.01879	0.01424	0.01850	0.01391	0.25128	0.26698	0.04025	0.02531	0.06023	0.01461	0.01109	0.00588	0.00534	0.00173	0.00634	0.00529	0.00411	0.00755
33	0.01369	0.00949	0.01108	0.01016	0.01285	0.01015	0.00821	0.05122	0.35702	0.13733	0.09404	0.03204	0.04045	0.00955	0.00610	0.00196	0.00440	0.17713	0.00564	0.00749
34	0.02332	0.00903	0.01229	0.00951	0.01353	0.00782	0.00782	0.02546	0.01559	0.72685	0.07241	0.02006	0.01607	0.00705	0.00555	0.00169	0.00450	0.00578	0.00670	0.00900
35	0.01719	0.06731	0.23510	0.01321	0.01835	0.12209	0.01292	0.32332	0.06650	0.05395	0.01209	0.01261	0.00879	0.00598	0.00519	0.00162	0.00695	0.00445	0.00406	0.00834

[dist]
# distance from previous block
# <min> <max>
0	4

[block]
# block no. 9 follows, 44 sequences, length 34
# corresponding to MSA columns:
# 994-1027
name=unknown_J
#
# <colnr> <probs for GDERKNQSTAVLIFYWHMCP>
#	G	D	E	R	K	N	Q	S	T	A	V	L	I	F	Y	W	H	M	C	P
0	0.01517	0.14777	0.29013	0.01185	0.01749	0.08693	0.01252	0.01872	0.01259	0.16606	0.01159	0.01225	0.00845	0.00523	0.00473	0.00143	0.00645	0.00394	0.00340	0.16331
1	0.01720	0.04546	0.17670	0.01076	0.01535	0.01045	0.01043	0.08025	0.05758	0.31458	0.02899	0.01612	0.01176	0.00627	0.00546	0.00159	0.02900	0.00491	0.08539	0.07174
2	0.15570	0.09623	0.57856	0.01353	0.02047	0.01340	0.01670	0.01697	0.01109	0.01811	0.00920	0.01080	0.00674	0.00511	0.00472	0.00167	0.00719	0.00374	0.00249	0.00759
3	0.01146	0.01088	0.01845	0.51813	0.30563	0.01242	0.01572	0.01495	0.01145	0.01534	0.00990	0.01416	0.00777	0.00523	0.00543	0.00174	0.00698	0.00485	0.00252	0.00699
4	0.01375	0.00665	0.00873	0.00804	0.01012	0.00593	0.00607	0.01543	0.01316	0.30803	0.10833	0.32478	0.08349	0.01169	0.00614	0.00188	0.00360	0.01023	0.04756	0.00641
5	0.00658	0.00498	0.00608	0.00696	0.00774	0.00448	0.00478	0.00766	0.01105	0.01417	0.03778	0.57385	0.26207	0.01608	0.00680	0.00210	0.00304	0.01427	0.00506	0.00448
6	0.00664	0.00474	0.00633	0.00759	0.00791	0.00443	0.00506	0.00759	0.01044	0.01392	0.03005	0.80485	0.03606	0.01708	0.00696	0.00221	0.00316	0.01550	0.00506	0.00443
7	0.01093	0.02820	0.78016	0.01554	0.02360	0.01266	0.02014	0.01727	0.01151	0.01727	0.00978	0.01151	0.00691	0.00518	0.00518	0.00173	0.00806	0.00403	0.00230	0.00806
8	0.01334	0.01279	0.02184	0.07110	0.73800	0.01291	0.01665	0.01659	0.01234	0.01762	0.01023	0.01354	0.00857	0.00489	0.00540	0.00163	0.00652	0.00486	0.00268	0.00851
9	0.00947	0.00473	0.00710	0.00710	0.00710	0.00473	0.00473	0.00710	0.00710	0.00947	0.00947	0.01657	0.00947	0.01894	0.02131	0.84138	0.00473	0.00473	0.00237	0.00237
10	0.00780	0.00579	0.00849	0.00849	0.00937	0.00667	0.00648	0.00956	0.00868	0.01245	0.01485	0.02279	0.01423	0.11502	0.71348	0.00843	0.01370	0.00604	0.00296	0.00472
11	0.01065	0.00877	0.00976	0.00895	0.01122	0.00948	0.00687	0.01980	0.40553	0.02171	0.31671	0.03116	0.09804	0.00943	0.00597	0.00180	0.00350	0.00808	0.00568	0.00691
12	0.00689	0.00553	0.00629	0.00655	0.00801	0.00474	0.00469	0.00818	0.01154	0.01463	0.04160	0.35300	0.41685	0.01438	0.00647	0.00191	0.00302	0.01249	0.00492	0.06831
13	0.01458	0.81168	0.02857	0.00933	0.01399	0.02157	0.00933	0.01632	0.01108	0.01283	0.00758	0.00875	0.00700	0.00466	0.00350	0.00117	0.00583	0.00292	0.00233	0.00700
14	0.01724	0.32729	0.09434	0.01238	0.01641	0.41863	0.01100	0.01925	0.01339	0.01352	0.00823	0.00958	0.00700	0.00521	0.00440	0.00134	0.00813	0.00333	0.00258	0.00675
15	0.01542	0.01258	0.01748	0.02160	0.37884	0.01316	0.01250	0.28759	0.01706	0.02387	0.01322	0.06369	0.01107	0.00638	0.00537	0.00163	0.00574	0.00556	0.07894	0.00829
16	0.01479	0.01163	0.01283	0.01091	0.01362	0.06065	0.00875	0.36866	0.01728	0.02311	0.01349	0.01669	0.01112	0.02219	0.36277	0.00488	0.01017	0.00525	0.00413	0.00707
17	0.01287	0.01471	0.03217	0.02298	0.02849	0.01379	0.75460	0.01746	0.01287	0.01746	0.01103	0.01471	0.00827	0.00460	0.00643	0.00184	0.00919	0.00643	0.00276	0.00735
18	0.01130	0.00969	0.01130	0.00807	0.01292	0.00727	0.00646	0.01373	0.01130	0.01776	0.00969	0.01130	0.00807	0.00404	0.00404	0.00081	0.00404	0.00323	0.00323	0.84173
19	0.01595	0.00829	0.01100	0.01015	0.01284	0.00797	0.00864	0.08910	0.01498	0.31001	0.02452	0.04037	0.02239	0.01105	0.00654	0.00211	0.00497	0.38632	0.00572	0.00706
20	0.01016	0.00508	0.00508	0.00508	0.00635	0.00508	0.00381	0.01270	0.01143	0.02033	0.01778	0.02033	0.01397	0.00635	0.00381	0.00127	0.00254	0.00508	0.83867	0.00508
21	0.00994	0.00901	0.01289	0.01165	0.01212	0.01196	0.00947	0.01150	0.00855	0.01290	0.01073	0.01648	0.01026	0.02458	0.38682	0.00544	0.42234	0.00528	0.00264	0.00544
22	0.01030	0.00969	0.01635	0.79530	0.03755	0.01211	0.01514	0.01393	0.01090	0.01393	0.00969	0.01453	0.00727	0.00545	0.00545	0.00182	0.00727	0.00484	0.00242	0.00606
23	0.00664	0.00474	0.00633	0.00759	0.00791	0.00443	0.00506	0.00759	0.01044	0.01392	0.03005	0.80485	0.03606	0.01708	0.00696	0.00221	0.00316	0.01550	0.00506	0.00443
24	0.01447	0.01610	0.01552	0.04737	0.13215	0.30336	0.01128	0.01630	0.01182	0.01387	0.00965	0.01332	0.00859	0.01324	0.15905	0.00311	0.19728	0.00452	0.00270	0.00630
