[name]
unknown

[dist]
# distance from previous block
# <min> <max>
23	171

[block]
# block no. 0 follows, 34 sequences, length 21
# corresponding to MSA columns:
# 233-253
name=unknown_A
#
# <colnr> <probs for GDERKNQSTAVLIFYWHMCP>
#	G	D	E	R	K	N	Q	S	T	A	V	L	I	F	Y	W	H	M	C	P
0	0.11755	0.03587	0.01462	0.01229	0.03968	0.06037	0.00939	0.05730	0.07840	0.17161	0.04172	0.02010	0.01474	0.06843	0.06031	0.00278	0.05713	0.00588	0.00505	0.12678
1	0.01619	0.06515	0.03560	0.06484	0.01878	0.09461	0.06583	0.03964	0.18195	0.09304	0.05529	0.09864	0.04838	0.04702	0.00786	0.00223	0.00660	0.00796	0.00517	0.04520
2	0.03776	0.01394	0.01762	0.01439	0.03510	0.08635	0.12161	0.03773	0.09813	0.12946	0.09196	0.02335	0.01855	0.05768	0.00811	0.00211	0.00668	0.02210	0.00508	0.17229
3	0.03734	0.06466	0.04995	0.01293	0.01772	0.06835	0.05521	0.09705	0.06411	0.18496	0.03434	0.07493	0.01568	0.00799	0.00613	0.00180	0.00640	0.01735	0.00532	0.17777
4	0.01574	0.09675	0.01724	0.01460	0.09511	0.01426	0.01050	0.08831	0.21571	0.05725	0.17182	0.02453	0.02389	0.00855	0.00675	0.00189	0.02816	0.00705	0.00554	0.09636
5	0.03745	0.01130	0.06740	0.01221	0.03909	0.00972	0.03395	0.06475	0.07942	0.08364	0.08118	0.25929	0.10387	0.01297	0.00719	0.00222	0.00515	0.03649	0.00573	0.04699
6	0.01663	0.08770	0.12525	0.01275	0.01812	0.01343	0.03556	0.12695	0.06688	0.10315	0.02163	0.02403	0.08903	0.00818	0.00615	0.00181	0.00628	0.04653	0.00497	0.18498
7	0.04497	0.01113	0.01387	0.04667	0.01602	0.01141	0.00945	0.09486	0.03361	0.16950	0.05734	0.13393	0.06575	0.01038	0.00850	0.00204	0.10806	0.00822	0.00550	0.14879
8	0.01718	0.01702	0.11991	0.05437	0.12712	0.01499	0.01391	0.26332	0.06864	0.02761	0.01674	0.09965	0.01433	0.00825	0.00640	0.00193	0.00681	0.00691	0.00489	0.11001
9	0.30374	0.01147	0.01330	0.12331	0.06603	0.01182	0.00985	0.01807	0.01341	0.07210	0.08023	0.01908	0.01481	0.00701	0.00539	0.00182	0.00555	0.02925	0.00437	0.18939
10	0.13224	0.00703	0.00931	0.05842	0.01144	0.00753	0.00664	0.01054	0.00910	0.01424	0.01091	0.01811	0.01042	0.01892	0.02081	0.63660	0.00572	0.00530	0.00299	0.00373
11	0.01448	0.01404	0.02630	0.08469	0.33124	0.01388	0.23434	0.01807	0.01428	0.01985	0.06015	0.01910	0.01347	0.00807	0.00897	0.09227	0.00822	0.00672	0.00341	0.00842
12	0.01204	0.00602	0.00602	0.00602	0.00753	0.00602	0.00452	0.01506	0.01355	0.02409	0.02108	0.02409	0.01656	0.00753	0.00452	0.00151	0.00301	0.00602	0.80879	0.00602
13	0.01206	0.00840	0.01130	0.12257	0.06292	0.00950	0.00897	0.01496	0.01283	0.02063	0.01850	0.07807	0.01601	0.01132	0.05576	0.00244	0.08961	0.00692	0.43072	0.00652
14	0.01173	0.00612	0.00651	0.00651	0.00797	0.00625	0.00491	0.01466	0.01320	0.02308	0.02066	0.02423	0.01652	0.01209	0.08727	0.00249	0.00460	0.00612	0.71908	0.00599
15	0.01350	0.00795	0.01041	0.00966	0.01066	0.00829	0.00689	0.14012	0.01279	0.01710	0.01363	0.06796	0.01324	0.01955	0.02062	0.60717	0.00577	0.00649	0.00370	0.00450
16	0.02292	0.02924	0.08680	0.01719	0.03849	0.57857	0.01372	0.10149	0.01912	0.01916	0.01081	0.01238	0.00865	0.00671	0.00594	0.00174	0.01085	0.00444	0.00362	0.00814
17	0.11153	0.09865	0.01785	0.01216	0.01716	0.01506	0.01026	0.23743	0.02074	0.36646	0.01881	0.01747	0.01263	0.00743	0.00596	0.00191	0.00610	0.00563	0.00651	0.01026
18	0.04204	0.01322	0.01417	0.01260	0.01598	0.01487	0.00978	0.17820	0.41334	0.02813	0.02511	0.16130	0.02170	0.01061	0.00678	0.00221	0.00529	0.00893	0.00636	0.00936
19	0.01905	0.09568	0.24649	0.01621	0.02164	0.36786	0.01565	0.05650	0.01646	0.01840	0.01116	0.01326	0.00892	0.00919	0.05441	0.00234	0.01071	0.00455	0.00325	0.00827
20	0.01466	0.08079	0.31066	0.02062	0.02770	0.01628	0.29153	0.06088	0.01507	0.02103	0.01332	0.05236	0.01072	0.00675	0.00710	0.00209	0.02961	0.00656	0.00333	0.00893

[dist]
# distance from previous block
# <min> <max>
1	6

[block]
# block no. 1 follows, 34 sequences, length 19
# corresponding to MSA columns:
# 260-278
name=unknown_B
#
# <colnr> <probs for GDERKNQSTAVLIFYWHMCP>
#	G	D	E	R	K	N	Q	S	T	A	V	L	I	F	Y	W	H	M	C	P
0	0.01296	0.03342	0.73944	0.01842	0.02797	0.01501	0.02387	0.02046	0.01364	0.02046	0.01160	0.01364	0.00818	0.00614	0.00614	0.00205	0.00955	0.00477	0.00273	0.00955
1	0.01044	0.00773	0.00916	0.00853	0.01036	0.00743	0.00634	0.08745	0.01763	0.02388	0.39771	0.11063	0.18441	0.07775	0.00968	0.00246	0.00387	0.01183	0.00645	0.00624
2	0.01349	0.02922	0.56076	0.02020	0.02869	0.01550	0.16691	0.02029	0.01381	0.02029	0.01177	0.01446	0.00854	0.00622	0.00712	0.00211	0.04310	0.00541	0.00285	0.00926
3	0.01341	0.00734	0.00748	0.00699	0.00889	0.00755	0.00537	0.09110	0.01539	0.02591	0.02047	0.02315	0.01595	0.00755	0.00473	0.00155	0.00346	0.00600	0.72113	0.00656
4	0.01276	0.01225	0.01950	0.54289	0.03652	0.01593	0.01684	0.01623	0.01204	0.01623	0.01061	0.01633	0.00858	0.00786	0.01073	0.00235	0.22661	0.00572	0.00286	0.00715
5	0.01204	0.00602	0.00602	0.00602	0.00753	0.00602	0.00452	0.01506	0.01355	0.02409	0.02108	0.02409	0.01656	0.00753	0.00452	0.00151	0.00301	0.00602	0.80879	0.00602
6	0.03503	0.02383	0.46578	0.01659	0.06337	0.01227	0.01800	0.01733	0.01373	0.02035	0.07320	0.17450	0.01967	0.00962	0.00665	0.00216	0.00758	0.00819	0.00382	0.00834
7	0.81856	0.01250	0.00950	0.00850	0.01250	0.01449	0.00700	0.01899	0.01100	0.02899	0.00900	0.01050	0.00700	0.00600	0.00400	0.00200	0.00500	0.00350	0.00400	0.00700
8	0.01520	0.14923	0.22399	0.01664	0.04315	0.01517	0.13964	0.04983	0.01472	0.05684	0.01417	0.07339	0.01201	0.00694	0.00604	0.00181	0.00772	0.00613	0.00372	0.14366
9	0.15926	0.03345	0.03695	0.01495	0.09518	0.01415	0.01120	0.19864	0.01915	0.26721	0.01679	0.01653	0.01165	0.00698	0.00585	0.00188	0.00615	0.00540	0.00580	0.07284
10	0.00781	0.00586	0.00726	0.00838	0.00921	0.00530	0.00572	0.00907	0.01297	0.01674	0.04318	0.58952	0.21704	0.01926	0.00809	0.00251	0.00363	0.01717	0.00600	0.00530
11	0.01430	0.01327	0.01324	0.01375	0.07000	0.13588	0.00967	0.04767	0.14766	0.02165	0.17018	0.07871	0.02962	0.09455	0.00996	0.00262	0.00625	0.10823	0.00545	0.00732
12	0.01355	0.01342	0.02004	0.62101	0.11776	0.07180	0.01772	0.01760	0.01354	0.01696	0.01144	0.01666	0.00877	0.00640	0.00640	0.00209	0.00875	0.00562	0.00294	0.00754
13	0.00881	0.00659	0.00818	0.00778	0.00945	0.00596	0.00584	0.01155	0.01751	0.02406	0.58383	0.05131	0.20750	0.01390	0.00762	0.00206	0.00310	0.01211	0.00687	0.00596
14	0.01340	0.01148	0.01340	0.00957	0.01531	0.00861	0.00766	0.01627	0.01340	0.02105	0.01148	0.01340	0.00957	0.00479	0.00479	0.00096	0.00479	0.00383	0.00383	0.81242
15	0.01525	0.01743	0.03813	0.02723	0.03377	0.01634	0.70915	0.02070	0.01525	0.02070	0.01307	0.01743	0.00980	0.00545	0.00763	0.00218	0.01089	0.00763	0.00327	0.00871
16	0.01733	0.01706	0.01797	0.02034	0.19860	0.15243	0.01290	0.04711	0.34872	0.02320	0.01989	0.06299	0.01627	0.00825	0.00648	0.00204	0.00697	0.00693	0.00507	0.00945
17	0.00787	0.00562	0.00750	0.00900	0.00937	0.00525	0.00600	0.00900	0.01237	0.01649	0.03561	0.76871	0.04274	0.02024	0.00825	0.00262	0.00375	0.01837	0.00600	0.00525
18	0.01572	0.01395	0.01742	0.02002	0.22286	0.03604	0.01229	0.06475	0.30070	0.02367	0.01929	0.04395	0.01602	0.06749	0.00841	0.00228	0.00618	0.00680	0.00497	0.09719

[dist]
# distance from previous block
# <min> <max>
0	1

[block]
# block no. 2 follows, 34 sequences, length 80
# corresponding to MSA columns:
# 280-359
name=unknown_C
#
# <colnr> <probs for GDERKNQSTAVLIFYWHMCP>
#	G	D	E	R	K	N	Q	S	T	A	V	L	I	F	Y	W	H	M	C	P
0	0.14622	0.01562	0.01591	0.01240	0.01741	0.12904	0.06722	0.04637	0.05373	0.02256	0.01195	0.01366	0.00959	0.00567	0.00522	0.00145	0.00653	0.00441	0.00398	0.41105
1	0.00888	0.00656	0.00821	0.00895	0.01017	0.00615	0.00682	0.01076	0.01402	0.01820	0.11986	0.23184	0.20560	0.10139	0.01097	0.00296	0.00448	0.21286	0.00588	0.00545
2	0.01517	0.01626	0.03178	0.02347	0.02893	0.01620	0.51730	0.02278	0.15218	0.02154	0.01595	0.03717	0.01248	0.00678	0.00819	0.00223	0.05108	0.00772	0.00395	0.00883
3	0.01241	0.01170	0.01976	0.71770	0.08256	0.01441	0.01805	0.01669	0.01302	0.01676	0.01152	0.01716	0.00870	0.00642	0.00646	0.00214	0.00856	0.00574	0.00289	0.00735
4	0.00787	0.00562	0.00750	0.00900	0.00937	0.00525	0.00600	0.00900	0.01237	0.01649	0.03561	0.76871	0.04274	0.02024	0.00825	0.00262	0.00375	0.01837	0.00600	0.00525
5	0.01843	0.01487	0.01584	0.01345	0.01748	0.01685	0.01068	0.24835	0.46722	0.03133	0.05712	0.02255	0.01896	0.00866	0.00659	0.00210	0.00565	0.00705	0.00657	0.01027
6	0.00791	0.00633	0.00707	0.00737	0.00902	0.00549	0.00534	0.00962	0.01465	0.01841	0.15137	0.23371	0.46726	0.01687	0.00778	0.00227	0.00336	0.01452	0.00616	0.00549
7	0.02263	0.01636	0.19239	0.01299	0.01872	0.01099	0.01278	0.05975	0.01786	0.44822	0.09974	0.02254	0.01883	0.00811	0.00653	0.00201	0.00630	0.00662	0.00653	0.01010
8	0.02177	0.01957	0.02086	0.05748	0.19618	0.16004	0.01445	0.37418	0.02333	0.02988	0.01342	0.01496	0.01017	0.00699	0.00632	0.00189	0.00821	0.00548	0.00488	0.00994
9	0.02217	0.01035	0.01338	0.01092	0.01486	0.00965	0.00877	0.02718	0.12429	0.45547	0.19840	0.02876	0.02760	0.00939	0.00679	0.00204	0.00484	0.00789	0.00757	0.00968
10	0.66332	0.01477	0.01187	0.01200	0.07346	0.09591	0.00868	0.01982	0.01212	0.02687	0.00937	0.01108	0.00742	0.00605	0.00440	0.00196	0.00596	0.00376	0.00386	0.00732
11	0.00797	0.00595	0.00724	0.00816	0.00901	0.00541	0.00554	0.00919	0.01292	0.01669	0.06192	0.49975	0.22442	0.08186	0.01012	0.00279	0.00381	0.01617	0.00586	0.00522
12	0.01454	0.01319	0.01904	0.02281	0.33100	0.01158	0.01301	0.01784	0.01398	0.02108	0.01178	0.01454	0.00986	0.00521	0.00549	0.00138	0.00606	0.00468	0.00355	0.45938
13	0.01227	0.01168	0.02058	0.55990	0.03863	0.01360	0.10993	0.01656	0.01378	0.01800	0.07274	0.02256	0.01454	0.00744	0.00683	0.00219	0.00833	0.03979	0.00343	0.00724
14	0.00806	0.00576	0.00766	0.00887	0.00941	0.00537	0.00601	0.00946	0.01323	0.01785	0.13581	0.66463	0.04537	0.01923	0.00816	0.00254	0.00365	0.01740	0.00616	0.00537
15	0.01220	0.01148	0.01938	0.75739	0.04450	0.01436	0.01794	0.01651	0.01292	0.01651	0.01148	0.01723	0.00861	0.00646	0.00646	0.00215	0.00861	0.00574	0.00287	0.00718
16	0.01706	0.02078	0.19668	0.01493	0.01987	0.09882	0.01405	0.15348	0.23856	0.02496	0.01732	0.01890	0.01343	0.04121	0.04991	0.00270	0.03726	0.00604	0.00480	0.00926
17	0.01913	0.01728	0.01530	0.01356	0.01712	0.19408	0.01062	0.10400	0.31239	0.08426	0.05683	0.02541	0.03715	0.00911	0.00661	0.00206	0.00688	0.05327	0.00585	0.00909
18	0.49788	0.01438	0.09217	0.01048	0.01538	0.01309	0.00960	0.02282	0.01349	0.23541	0.01412	0.01421	0.00976	0.00660	0.00497	0.00200	0.00565	0.00452	0.00503	0.00845
19	0.00787	0.00562	0.00750	0.00900	0.00937	0.00525	0.00600	0.00900	0.01237	0.01649	0.03561	0.76871	0.04274	0.02024	0.00825	0.00262	0.00375	0.01837	0.00600	0.00525
20	0.01574	0.01447	0.02231	0.17288	0.42316	0.01555	0.01722	0.06017	0.14958	0.02242	0.01490	0.01775	0.01177	0.00658	0.00645	0.00202	0.00734	0.00605	0.00396	0.00968
21	0.01165	0.00981	0.01508	0.01969	0.27467	0.00949	0.01113	0.01499	0.01698	0.02415	0.46636	0.03643	0.04237	0.01048	0.00717	0.00199	0.00474	0.00951	0.00568	0.00761
22	0.00923	0.00692	0.01038	0.01038	0.01154	0.00808	0.00808	0.01154	0.01038	0.01500	0.01731	0.02538	0.01615	0.04846	0.74732	0.01038	0.01731	0.00692	0.00346	0.00577
23	0.18855	0.01356	0.01465	0.01166	0.01636	0.06361	0.00954	0.11148	0.01841	0.45756	0.01983	0.01814	0.01302	0.00747	0.00594	0.00197	0.00603	0.00564	0.00667	0.00994
24	0.04751	0.15965	0.01941	0.01218	0.01727	0.05604	0.01031	0.18795	0.03676	0.25532	0.01668	0.01617	0.01184	0.00691	0.00569	0.00171	0.00637	0.00518	0.00564	0.12141
25	0.01698	0.01502	0.05488	0.01313	0.01703	0.01577	0.01072	0.17610	0.45453	0.02800	0.02251	0.02370	0.01763	0.09327	0.00945	0.00258	0.00592	0.00708	0.00604	0.00965
26	0.00785	0.00573	0.00739	0.00872	0.00930	0.00527	0.00588	0.00903	0.01263	0.01660	0.03893	0.69024	0.11906	0.01981	0.00818	0.00257	0.00370	0.01784	0.00600	0.00527
27	0.01266	0.01271	0.04260	0.08183	0.10221	0.01200	0.25594	0.04847	0.01457	0.01974	0.02146	0.30187	0.02225	0.01130	0.00753	0.00230	0.00742	0.01117	0.00440	0.00757
28	0.01727	0.77681	0.03386	0.01106	0.01658	0.02557	0.01106	0.01935	0.01313	0.01520	0.00898	0.01036	0.00829	0.00553	0.00415	0.00138	0.00691	0.00345	0.00276	0.00829
29	0.00848	0.00623	0.00769	0.00799	0.00907	0.00572	0.00558	0.01027	0.01460	0.01963	0.29325	0.28711	0.17165	0.10976	0.01094	0.00278	0.00372	0.01396	0.00615	0.00543
30	0.01671	0.00933	0.01126	0.00979	0.01233	0.00908	0.00739	0.09496	0.04339	0.22038	0.08645	0.03736	0.08393	0.26156	0.01555	0.00349	0.00555	0.05805	0.00604	0.00738
31	0.00876	0.00600	0.00723	0.00786	0.00802	0.00584	0.00478	0.00923	0.01063	0.01418	0.02671	0.34478	0.03150	0.45949	0.02263	0.00475	0.00522	0.01313	0.00478	0.00447
32	0.01307	0.01141	0.01322	0.01417	0.10225	0.01217	0.00963	0.02353	0.37649	0.02287	0.03791	0.03730	0.25704	0.01121	0.00698	0.00218	0.00484	0.02930	0.00595	0.00850
33	0.01748	0.44325	0.02557	0.01223	0.01647	0.16229	0.01083	0.05737	0.01457	0.01669	0.01112	0.01376	0.00994	0.01404	0.14598	0.00318	0.00982	0.00438	0.00321	0.00781
34	0.00925	0.00579	0.00707	0.00802	0.00880	0.00553	0.00553	0.01104	0.01297	0.01927	0.05771	0.50444	0.03512	0.01593	0.00704	0.00225	0.00349	0.01419	0.26103	0.00553
35	0.01446	0.01515	0.01962	0.16080	0.14778	0.15471	0.11162	0.01743	0.01447	0.01788	0.01813	0.22136	0.01836	0.00996	0.00694	0.00212	0.00794	0.00911	0.00395	0.02821
36	0.01428	0.12651	0.24462	0.01988	0.02600	0.01706	0.27084	0.01916	0.01347	0.01883	0.01179	0.01546	0.00939	0.00941	0.06034	0.00268	0.10288	0.00590	0.00299	0.00850
37	0.00862	0.00594	0.00728	0.00804	0.00824	0.00574	0.00498	0.00919	0.01092	0.01456	0.02816	0.41362	0.03333	0.38817	0.02029	0.00440	0.00498	0.01398	0.00498	0.00460
38	0.01294	0.02647	0.50186	0.01739	0.02389	0.01560	0.02016	0.01851	0.01245	0.01880	0.01131	0.01474	0.00892	0.01094	0.07173	0.00293	0.19473	0.00517	0.00281	0.00862
39	0.01381	0.01116	0.01666	0.15727	0.10033	0.01213	0.06976	0.05196	0.09897	0.05285	0.02070	0.18671	0.01927	0.01019	0.00754	0.00218	0.04791	0.00898	0.10385	0.00779
40	0.00764	0.00655	0.00655	0.00655	0.00873	0.00545	0.00491	0.00927	0.01473	0.01745	0.06546	0.06218	0.73000	0.01636	0.00764	0.00218	0.00327	0.01364	0.00600	0.00545
41	0.01427	0.11019	0.40712	0.02079	0.02880	0.01666	0.27060	0.02042	0.01417	0.01996	0.01184	0.01465	0.00878	0.00582	0.00646	0.00202	0.00974	0.00566	0.00293	0.00911
42	0.01921	0.31802	0.02335	0.01207	0.01734	0.08515	0.01055	0.17084	0.01773	0.06215	0.01201	0.01297	0.00961	0.00608	0.00509	0.00146	0.00680	0.00429	0.00417	0.20111
43	0.51823	0.09732	0.01410	0.05098	0.01572	0.01513	0.00870	0.05148	0.01344	0.14545	0.01217	0.01299	0.00891	0.00638	0.00468	0.00194	0.00559	0.00422	0.00458	0.00799
44	0.02899	0.01100	0.01499	0.01150	0.01649	0.00950	0.00950	0.03149	0.01849	0.73709	0.02549	0.02199	0.01599	0.00800	0.00650	0.00200	0.00550	0.00650	0.00800	0.01100
45	0.00940	0.00626	0.00705	0.00705	0.00705	0.00626	0.00392	0.00940	0.00940	0.01253	0.02036	0.04228	0.02349	0.77292	0.03289	0.00626	0.00626	0.00940	0.00392	0.00392
46	0.02342	0.07992	0.04811	0.01829	0.15741	0.01562	0.01309	0.24752	0.02096	0.28381	0.01773	0.01742	0.01230	0.00720	0.00625	0.00191	0.00672	0.00581	0.00592	0.01056
47	0.11922	0.02336	0.01936	0.10508	0.11483	0.42463	0.04733	0.03859	0.01645	0.01901	0.01060	0.01309	0.00857	0.00640	0.00585	0.00183	0.00982	0.00468	0.00341	0.00789
48	0.00876	0.00662	0.00821	0.00925	0.01014	0.00647	0.00638	0.01183	0.09126	0.01774	0.03707	0.62702	0.09757	0.01864	0.00801	0.00254	0.00386	0.01674	0.00606	0.00582
49	0.01459	0.01202	0.01722	0.29891	0.12080	0.01363	0.01403	0.02253	0.22348	0.07070	0.01983	0.08433	0.01659	0.00875	0.00673	0.00219	0.00673	0.03364	0.00475	0.00854
50	0.01276	0.01254	0.01534	0.03149	0.01598	0.11293	0.08699	0.01479	0.01338	0.01746	0.05302	0.27668	0.04276	0.03204	0.01097	0.00248	0.16758	0.03069	0.04368	0.00645
51	0.00785	0.00570	0.00742	0.00879	0.00932	0.00527	0.00591	0.00902	0.01257	0.01657	0.03810	0.70971	0.10012	0.01992	0.00820	0.00259	0.00371	0.01797	0.00600	0.00527
52	0.01220	0.01148	0.01938	0.75739	0.04450	0.01436	0.01794	0.01651	0.01292	0.01651	0.01148	0.01723	0.00861	0.00646	0.00646	0.00215	0.00861	0.00574	0.00287	0.00718
53	0.01781	0.01349	0.01466	0.01293	0.01676	0.01519	0.01013	0.03395	0.62629	0.12271	0.02619	0.02382	0.01922	0.00866	0.00656	0.00217	0.00517	0.00720	0.00677	0.01033
54	0.00772	0.00622	0.00688	0.00742	0.00896	0.00538	0.00530	0.00917	0.01389	0.01711	0.05481	0.31413	0.48492	0.01775	0.00785	0.00234	0.00344	0.01532	0.00600	0.00538
55	0.00964	0.00987	0.09135	0.01128	0.01336	0.00885	0.00983	0.01253	0.01075	0.01561	0.01667	0.02408	0.01527	0.04376	0.66501	0.00946	0.01645	0.00668	0.00338	0.00619
56	0.00764	0.00655	0.00655	0.00655	0.00873	0.00545	0.00491	0.00927	0.01473	0.01745	0.06546	0.06218	0.73000	0.01636	0.00764	0.00218	0.00327	0.01364	0.00600	0.00545
57	0.02484	0.01595	0.01785	0.01387	0.01886	0.01707	0.01140	0.47939	0.09360	0.21040	0.01900	0.01793	0.01305	0.00791	0.00648	0.00198	0.00652	0.00613	0.00685	0.01092
58	0.01913	0.02257	0.02060	0.01767	0.01984	0.37557	0.07136	0.02100	0.01446	0.01611	0.00960	0.01319	0.00851	0.00854	0.01254	0.00220	0.33149	0.00509	0.00311	0.00741
59	0.02899	0.01100	0.01499	0.01150	0.01649	0.00950	0.00950	0.03149	0.01849	0.73709	0.02549	0.02199	0.01599	0.00800	0.00650	0.00200	0.00550	0.00650	0.00800	0.01100
60	0.01340	0.01148	0.01340	0.00957	0.01531	0.00861	0.00766	0.01627	0.01340	0.02105	0.01148	0.01340	0.00957	0.00479	0.00479	0.00096	0.00479	0.00383	0.00383	0.81242
61	0.01599	0.01535	0.02623	0.03966	0.73262	0.01535	0.01983	0.01983	0.01471	0.02111	0.01215	0.01599	0.01023	0.00576	0.00640	0.00192	0.00768	0.00576	0.00320	0.01023
62	0.00787	0.00562	0.00750	0.00900	0.00937	0.00525	0.00600	0.00900	0.01237	0.01649	0.03561	0.76871	0.04274	0.02024	0.00825	0.00262	0.00375	0.01837	0.00600	0.00525
63	0.01484	0.01860	0.19164	0.02071	0.14683	0.01471	0.11204	0.06704	0.19244	0.02327	0.01973	0.04659	0.03426	0.00834	0.00684	0.00216	0.00752	0.05862	0.00452	0.00930
64	0.01162	0.00851	0.01009	0.00943	0.01077	0.00920	0.00668	0.09038	0.08082	0.01825	0.04164	0.03367	0.04001	0.37407	0.22078	0.00628	0.00908	0.00831	0.00448	0.00592
65	0.00783	0.00580	0.00731	0.00852	0.00925	0.00529	0.00579	0.00905	0.01283	0.01668	0.04142	0.63125	0.17644	0.01949	0.00813	0.00254	0.00366	0.01745	0.00600	0.00529
66	0.02095	0.10139	0.05929	0.01332	0.01888	0.01734	0.01164	0.40942	0.02324	0.07070	0.01425	0.01474	0.01050	0.00679	0.00583	0.00168	0.00663	0.00511	0.00536	0.18294
67	0.01973	0.01414	0.02149	0.12339	0.34961	0.01461	0.01589	0.11799	0.01740	0.19414	0.01560	0.01746	0.01145	0.00684	0.00690	0.00200	0.03063	0.00594	0.00474	0.01002
68	0.04848	0.47415	0.16752	0.01335	0.01923	0.14743	0.01364	0.02066	0.01404	0.01686	0.00966	0.01123	0.00823	0.00586	0.00482	0.00158	0.00817	0.00384	0.00290	0.00835
69	0.01049	0.00802	0.00980	0.00911	0.01104	0.00804	0.00690	0.01650	0.15499	0.02613	0.59245	0.04356	0.05294	0.01234	0.00742	0.00206	0.00345	0.01083	0.00701	0.00690
70	0.00940	0.00626	0.00705	0.00705	0.00705	0.00626	0.00392	0.00940	0.00940	0.01253	0.02036	0.04228	0.02349	0.77292	0.03289	0.00626	0.00626	0.00940	0.00392	0.00392
71	0.01473	0.02174	0.33343	0.08058	0.04645	0.01389	0.11050	0.09133	0.01556	0.06359	0.01611	0.10288	0.01380	0.03719	0.00769	0.00228	0.00831	0.00721	0.00395	0.00878
72	0.63794	0.03450	0.01117	0.00949	0.01288	0.01455	0.00783	0.01789	0.01090	0.02591	0.00988	0.01245	0.00818	0.01114	0.08799	0.00298	0.06956	0.00406	0.00380	0.00691
73	0.00780	0.00655	0.00678	0.00672	0.00883	0.00553	0.00504	0.00960	0.01512	0.01839	0.13917	0.06064	0.65570	0.01601	0.00763	0.00217	0.00325	0.01342	0.00612	0.00553
74	0.02321	0.01742	0.01863	0.01459	0.01952	0.01940	0.01195	0.60295	0.14072	0.03853	0.01724	0.01689	0.01238	0.00792	0.00648	0.00198	0.00679	0.00606	0.00648	0.01087
75	0.07736	0.22406	0.11600	0.01229	0.01699	0.03502	0.01163	0.05373	0.11870	0.02078	0.01587	0.04085	0.01395	0.01224	0.08795	0.00278	0.00780	0.05253	0.00409	0.07538
76	0.01802	0.01517	0.01865	0.05453	0.17947	0.01683	0.01326	0.20162	0.35437	0.02867	0.01970	0.01979	0.01486	0.00773	0.00650	0.00206	0.00636	0.00651	0.00562	0.01028
77	0.00834	0.00623	0.00733	0.00767	0.00877	0.00568	0.00527	0.00978	0.01369	0.01786	0.17674	0.26351	0.26044	0.16409	0.01273	0.00308	0.00395	0.01383	0.00581	0.00522
78	0.01523	0.05525	0.22035	0.03257	0.50827	0.01573	0.02053	0.01998	0.01435	0.02066	0.01186	0.01509	0.00959	0.00585	0.00622	0.00193	0.00815	0.00538	0.00305	0.00996
79	0.01134	0.00953	0.00996	0.00923	0.01200	0.00970	0.00710	0.05191	0.24810	0.02230	0.09423	0.04646	0.41680	0.01323	0.00723	0.00216	0.00405	0.01104	0.00629	0.00734

[dist]
# distance from previous block
# <min> <max>
0	26

[block]
# block no. 3 follows, 34 sequences, length 66
# corresponding to MSA columns:
# 386-451
name=unknown_D
#
# <colnr> <probs for GDERKNQSTAVLIFYWHMCP>
#	G	D	E	R	K	N	Q	S	T	A	V	L	I	F	Y	W	H	M	C	P
0	0.00801	0.00631	0.00723	0.00753	0.00909	0.00553	0.00545	0.00981	0.01485	0.01896	0.19601	0.24646	0.40835	0.01673	0.00779	0.00227	0.00335	0.01448	0.00623	0.00553
1	0.01727	0.77681	0.03386	0.01106	0.01658	0.02557	0.01106	0.01935	0.01313	0.01520	0.00898	0.01036	0.00829	0.00553	0.00415	0.00138	0.00691	0.00345	0.00276	0.00829
2	0.00816	0.00575	0.00741	0.00862	0.00893	0.00544	0.00560	0.00907	0.01180	0.01573	0.03269	0.62956	0.03905	0.16442	0.01297	0.00332	0.00423	0.01665	0.00560	0.00499
3	0.01645	0.63441	0.16902	0.01247	0.01876	0.02354	0.01351	0.01956	0.01323	0.01621	0.00948	0.01099	0.00827	0.00564	0.00453	0.00151	0.00742	0.00371	0.00276	0.00853
4	0.37585	0.02229	0.01444	0.01298	0.01667	0.39971	0.01005	0.04446	0.01545	0.02243	0.00972	0.01126	0.00782	0.00640	0.00504	0.00182	0.00856	0.00392	0.00372	0.00738
5	0.02414	0.03079	0.01831	0.01665	0.01998	0.74698	0.01248	0.02580	0.01831	0.01581	0.00999	0.01165	0.00832	0.00666	0.00583	0.00166	0.01165	0.00416	0.00333	0.00749
6	0.01494	0.01895	0.11209	0.02568	0.03215	0.01640	0.59458	0.02037	0.01476	0.02037	0.01264	0.01683	0.00955	0.00587	0.00827	0.00220	0.05526	0.00720	0.00318	0.00871
7	0.00764	0.00655	0.00655	0.00655	0.00873	0.00545	0.00491	0.00927	0.01473	0.01745	0.06546	0.06218	0.73000	0.01636	0.00764	0.00218	0.00327	0.01364	0.00600	0.00545
8	0.01721	0.01545	0.05877	0.16307	0.02448	0.01628	0.04893	0.16627	0.34112	0.04946	0.01962	0.01999	0.01445	0.00776	0.00656	0.00212	0.00678	0.00654	0.00547	0.00968
9	0.01276	0.02050	0.30030	0.40838	0.03717	0.01478	0.07928	0.01840	0.01340	0.01840	0.01166	0.01585	0.00855	0.00625	0.00643	0.00211	0.00917	0.00553	0.00285	0.00823
10	0.00764	0.00655	0.00655	0.00655	0.00873	0.00545	0.00491	0.00927	0.01473	0.01745	0.06546	0.06218	0.73000	0.01636	0.00764	0.00218	0.00327	0.01364	0.00600	0.00545
11	0.01398	0.37020	0.08769	0.01193	0.01600	0.01788	0.01132	0.01651	0.01224	0.01613	0.01296	0.06871	0.01248	0.01608	0.16061	0.00352	0.08452	0.00561	0.00321	0.05842
12	0.01706	0.02261	0.29698	0.01829	0.09853	0.01626	0.01695	0.21348	0.14132	0.02731	0.01529	0.01622	0.01126	0.00693	0.00626	0.00197	0.00763	0.00555	0.00454	0.05557
13	0.01701	0.01812	0.02259	0.21436	0.38734	0.19214	0.01758	0.02044	0.01513	0.01867	0.01146	0.01525	0.00936	0.00615	0.00627	0.00192	0.00887	0.00537	0.00315	0.00880
14	0.02479	0.01773	0.01916	0.01469	0.01986	0.01949	0.01214	0.67608	0.02977	0.07658	0.01603	0.01585	0.01125	0.00777	0.00647	0.00194	0.00703	0.00585	0.00654	0.01099
15	0.00783	0.00655	0.00681	0.00675	0.00885	0.00554	0.00506	0.00965	0.01518	0.01854	0.15060	0.06040	0.64417	0.01596	0.00763	0.00216	0.00324	0.01339	0.00614	0.00554
16	0.01699	0.01895	0.02920	0.08142	0.25075	0.15788	0.30830	0.02112	0.01551	0.01958	0.01207	0.01584	0.00957	0.00585	0.00681	0.00200	0.00987	0.00623	0.00323	0.00884
17	0.00833	0.00639	0.00764	0.00772	0.00925	0.00569	0.00564	0.01048	0.01579	0.02090	0.34534	0.19726	0.30466	0.01578	0.00775	0.00221	0.00327	0.01374	0.00648	0.00569
18	0.01554	0.01489	0.02541	0.12569	0.65014	0.01523	0.01960	0.01943	0.01450	0.02056	0.01207	0.01614	0.01004	0.00584	0.00640	0.00195	0.00779	0.00576	0.00316	0.00987
19	0.01607	0.01388	0.01461	0.01315	0.01680	0.01607	0.01023	0.03433	0.72094	0.02703	0.02630	0.02411	0.01972	0.00877	0.00657	0.00219	0.00511	0.00731	0.00657	0.01023
20	0.04966	0.35851	0.16202	0.01251	0.01858	0.01794	0.01286	0.02348	0.01488	0.25034	0.01483	0.01476	0.01072	0.00646	0.00528	0.00173	0.00689	0.00469	0.00450	0.00936
21	0.01468	0.02145	0.21427	0.02502	0.03231	0.01600	0.53703	0.02064	0.01485	0.02064	0.01270	0.01648	0.00940	0.00562	0.00725	0.00215	0.01056	0.00691	0.00313	0.00892
22	0.00807	0.00570	0.00744	0.00875	0.00908	0.00538	0.00573	0.00905	0.01199	0.01599	0.03368	0.67659	0.04029	0.11569	0.01137	0.00309	0.00407	0.01723	0.00573	0.00508
23	0.00780	0.00655	0.00677	0.00671	0.00883	0.00552	0.00504	0.00958	0.01511	0.01835	0.13603	0.06070	0.65886	0.01603	0.00763	0.00217	0.00325	0.01343	0.00612	0.00552
24	0.00787	0.00562	0.00750	0.00900	0.00937	0.00525	0.00600	0.00900	0.01237	0.01649	0.03561	0.76871	0.04274	0.02024	0.00825	0.00262	0.00375	0.01837	0.00600	0.00525
25	0.02303	0.35021	0.02332	0.01140	0.01655	0.01700	0.01023	0.02628	0.05820	0.37497	0.01823	0.01697	0.01281	0.00695	0.00546	0.00174	0.00610	0.00520	0.00560	0.00975
26	0.02414	0.03079	0.01831	0.01665	0.01998	0.74698	0.01248	0.02580	0.01831	0.01581	0.00999	0.01165	0.00832	0.00666	0.00583	0.00166	0.01165	0.00416	0.00333	0.00749
27	0.02414	0.03079	0.01831	0.01665	0.01998	0.74698	0.01248	0.02580	0.01831	0.01581	0.00999	0.01165	0.00832	0.00666	0.00583	0.00166	0.01165	0.00416	0.00333	0.00749
28	0.01890	0.26167	0.14003	0.01422	0.06304	0.04263	0.01279	0.02203	0.01480	0.22068	0.01672	0.06985	0.01351	0.00998	0.04972	0.00233	0.00756	0.00598	0.00456	0.00899
29	0.00772	0.00620	0.00690	0.00746	0.00897	0.00538	0.00531	0.00917	0.01385	0.01710	0.05438	0.32432	0.47501	0.01780	0.00786	0.00235	0.00345	0.01539	0.00600	0.00538
30	0.01921	0.01554	0.01716	0.10094	0.02130	0.03806	0.01202	0.27649	0.33005	0.04891	0.01969	0.01951	0.01453	0.00812	0.00690	0.00209	0.02709	0.00643	0.00594	0.01000
31	0.01142	0.07076	0.14120	0.01364	0.06045	0.01151	0.01165	0.01569	0.06230	0.01703	0.01623	0.02282	0.01461	0.08877	0.40527	0.00680	0.01281	0.00643	0.00352	0.00708
32	0.00803	0.00656	0.00709	0.00696	0.00897	0.00562	0.00522	0.01003	0.01565	0.01965	0.23772	0.05857	0.55636	0.01555	0.00763	0.00214	0.00321	0.01313	0.00629	0.00562
33	0.01589	0.44062	0.07448	0.01450	0.01865	0.02246	0.06286	0.01835	0.01232	0.01604	0.00929	0.01224	0.00845	0.00734	0.00977	0.00193	0.23946	0.00451	0.00282	0.00803
34	0.19575	0.50310	0.02690	0.06580	0.06298	0.02164	0.01120	0.01910	0.01274	0.01875	0.00937	0.01124	0.00815	0.00571	0.00442	0.00161	0.00665	0.00377	0.00307	0.00805
35	0.02539	0.01677	0.01857	0.01424	0.01938	0.01807	0.01176	0.58436	0.02816	0.17057	0.01737	0.01672	0.01192	0.00780	0.00647	0.00195	0.00681	0.00594	0.00675	0.01099
36	0.02899	0.01100	0.01499	0.01150	0.01649	0.00950	0.00950	0.03149	0.01849	0.73709	0.02549	0.02199	0.01599	0.00800	0.00650	0.00200	0.00550	0.00650	0.00800	0.01100
37	0.00940	0.00626	0.00705	0.00705	0.00705	0.00626	0.00392	0.00940	0.00940	0.01253	0.02036	0.04228	0.02349	0.77292	0.03289	0.00626	0.00626	0.00940	0.00392	0.00392
38	0.01390	0.01416	0.01390	0.01276	0.01400	0.18872	0.03056	0.01527	0.01232	0.01503	0.01634	0.10278	0.01717	0.20547	0.14531	0.00467	0.16008	0.00785	0.00368	0.00602
39	0.73814	0.03561	0.06252	0.00928	0.01372	0.01484	0.00832	0.01911	0.01125	0.02799	0.00918	0.01072	0.00712	0.00599	0.00416	0.00199	0.00538	0.00359	0.00387	0.00722
40	0.02456	0.01810	0.01939	0.01487	0.02004	0.02004	0.01228	0.71107	0.03038	0.04072	0.01551	0.01551	0.01099	0.00776	0.00646	0.00194	0.00711	0.00582	0.00646	0.01099
41	0.01462	0.02294	0.30821	0.02826	0.28332	0.01546	0.19267	0.02029	0.01443	0.02075	0.01216	0.01543	0.00933	0.00583	0.00660	0.00203	0.00921	0.00584	0.00303	0.00959
42	0.00771	0.00655	0.00665	0.00663	0.00878	0.00549	0.00497	0.00942	0.01491	0.01789	0.09964	0.06147	0.69554	0.01620	0.00764	0.00217	0.00326	0.01354	0.00606	0.00549
43	0.13555	0.01120	0.01425	0.01109	0.01595	0.01017	0.00916	0.02980	0.01748	0.64152	0.02326	0.02044	0.01478	0.00773	0.00616	0.00200	0.00543	0.00609	0.00746	0.01046
44	0.01573	0.01486	0.02403	0.08722	0.57812	0.01539	0.01828	0.02172	0.11834	0.02165	0.01418	0.01727	0.01151	0.00625	0.00643	0.00198	0.00737	0.00598	0.00367	0.01001
45	0.00787	0.00562	0.00750	0.00900	0.00937	0.00525	0.00600	0.00900	0.01237	0.01649	0.03561	0.76871	0.04274	0.02024	0.00825	0.00262	0.00375	0.01837	0.00600	0.00525
46	0.02130	0.01597	0.01714	0.01356	0.01811	0.01753	0.01108	0.54906	0.07981	0.03592	0.02246	0.02220	0.09923	0.01037	0.03382	0.00230	0.00687	0.00692	0.00631	0.01007
47	0.00791	0.00584	0.00728	0.00840	0.00911	0.00535	0.00566	0.00907	0.01267	0.01646	0.04071	0.58653	0.17887	0.06206	0.00952	0.00274	0.00380	0.01692	0.00588	0.00521
48	0.01652	0.01699	0.02474	0.13910	0.50325	0.11465	0.05175	0.02021	0.01497	0.01971	0.01181	0.01565	0.00972	0.00597	0.00639	0.00193	0.00851	0.00563	0.00317	0.00935
49	0.12275	0.21689	0.11769	0.01413	0.01886	0.03386	0.10616	0.01881	0.05362	0.02001	0.01733	0.08145	0.01664	0.00915	0.00619	0.00209	0.00715	0.12540	0.00403	0.00779
50	0.02414	0.03079	0.01831	0.01665	0.01998	0.74698	0.01248	0.02580	0.01831	0.01581	0.00999	0.01165	0.00832	0.00666	0.00583	0.00166	0.01165	0.00416	0.00333	0.00749
51	0.01241	0.01105	0.01707	0.26069	0.14707	0.01214	0.02869	0.01651	0.05731	0.01790	0.01524	0.05269	0.01365	0.07506	0.13612	0.00378	0.02727	0.00673	0.00358	0.08503
52	0.01638	0.01700	0.02216	0.15923	0.41922	0.15586	0.01704	0.01982	0.01536	0.01964	0.06568	0.01780	0.01340	0.00662	0.00639	0.00192	0.00826	0.00589	0.00346	0.00885
53	0.00787	0.00562	0.00750	0.00900	0.00937	0.00525	0.00600	0.00900	0.01237	0.01649	0.03561	0.76871	0.04274	0.02024	0.00825	0.00262	0.00375	0.01837	0.00600	0.00525
54	0.01617	0.01665	0.07042	0.17238	0.38147	0.04255	0.05528	0.08901	0.05244	0.02221	0.01302	0.01637	0.01026	0.00629	0.00645	0.00199	0.00811	0.00582	0.00361	0.00949
55	0.01318	0.13930	0.35018	0.01624	0.04729	0.01526	0.03398	0.01779	0.01314	0.01843	0.01532	0.04635	0.01432	0.05705	0.00945	0.00243	0.08006	0.09869	0.00339	0.00814
56	0.00846	0.00648	0.00783	0.00830	0.00981	0.00586	0.00628	0.01050	0.01500	0.01942	0.20248	0.22654	0.31177	0.01680	0.00798	0.00237	0.00375	0.11852	0.00624	0.00563
57	0.01414	0.01414	0.01979	0.01696	0.01696	0.01979	0.01414	0.01555	0.00990	0.01555	0.00848	0.01414	0.00848	0.01131	0.02120	0.00283	0.76110	0.00565	0.00283	0.00707
58	0.03483	0.01656	0.19044	0.01174	0.01791	0.01038	0.01158	0.03542	0.01412	0.02181	0.05771	0.03893	0.01347	0.00624	0.00543	0.00140	0.00588	0.00505	0.00391	0.49721
59	0.02051	0.02376	0.01963	0.06812	0.18015	0.44675	0.01414	0.05815	0.01722	0.01827	0.01138	0.01416	0.00947	0.00950	0.05919	0.00239	0.01074	0.00490	0.00344	0.00814
60	0.07367	0.01108	0.01468	0.01133	0.01627	0.00978	0.00936	0.03078	0.01807	0.69702	0.02456	0.02134	0.01549	0.00788	0.00636	0.00200	0.00547	0.00633	0.00777	0.01077
61	0.00940	0.00626	0.00705	0.00705	0.00705	0.00626	0.00392	0.00940	0.00940	0.01253	0.02036	0.04228	0.02349	0.77292	0.03289	0.00626	0.00626	0.00940	0.00392	0.00392
62	0.01638	0.13498	0.11500	0.01322	0.01698	0.20822	0.01187	0.01931	0.01575	0.05963	0.19192	0.02257	0.02247	0.01116	0.05474	0.00243	0.06496	0.00645	0.00435	0.00760
63	0.81856	0.01250	0.00950	0.00850	0.01250	0.01449	0.00700	0.01899	0.01100	0.02899	0.00900	0.01050	0.00700	0.00600	0.00400	0.00200	0.00500	0.00350	0.00400	0.00700
64	0.00803	0.00667	0.00709	0.00730	0.00939	0.00574	0.00569	0.00985	0.01475	0.01772	0.06104	0.06370	0.63202	0.01657	0.00782	0.00229	0.00365	0.10916	0.00599	0.00552
65	0.03784	0.01263	0.01382	0.05095	0.06122	0.03134	0.00969	0.25381	0.07063	0.02659	0.03637	0.03547	0.31104	0.01115	0.00687	0.00206	0.00554	0.00907	0.00574	0.00818

[dist]
# distance from previous block
# <min> <max>
0	1

[block]
# block no. 4 follows, 34 sequences, length 96
# corresponding to MSA columns:
# 453-548
name=unknown_E
#
# <colnr> <probs for GDERKNQSTAVLIFYWHMCP>
#	G	D	E	R	K	N	Q	S	T	A	V	L	I	F	Y	W	H	M	C	P
0	0.00820	0.00670	0.00733	0.00755	0.00957	0.00583	0.00591	0.01015	0.01497	0.01829	0.10051	0.06315	0.57228	0.01642	0.00785	0.00231	0.00371	0.12765	0.00606	0.00558
1	0.01419	0.01276	0.01834	0.28048	0.02759	0.01511	0.06795	0.02310	0.27089	0.03683	0.01844	0.06517	0.01498	0.00866	0.00842	0.00227	0.09467	0.00723	0.00455	0.00837
2	0.01299	0.02964	0.63307	0.01702	0.02550	0.01381	0.02138	0.01983	0.01433	0.04224	0.09547	0.01792	0.01455	0.00702	0.00632	0.00204	0.00867	0.00563	0.00339	0.00919
3	0.00787	0.00562	0.00750	0.00900	0.00937	0.00525	0.00600	0.00900	0.01237	0.01649	0.03561	0.76871	0.04274	0.02024	0.00825	0.00262	0.00375	0.01837	0.00600	0.00525
4	0.01727	0.77681	0.03386	0.01106	0.01658	0.02557	0.01106	0.01935	0.01313	0.01520	0.00898	0.01036	0.00829	0.00553	0.00415	0.00138	0.00691	0.00345	0.00276	0.00829
5	0.00787	0.00562	0.00750	0.00900	0.00937	0.00525	0.00600	0.00900	0.01237	0.01649	0.03561	0.76871	0.04274	0.02024	0.00825	0.00262	0.00375	0.01837	0.00600	0.00525
6	0.02456	0.01810	0.01939	0.01487	0.02004	0.02004	0.01228	0.71107	0.03038	0.04072	0.01551	0.01551	0.01099	0.00776	0.00646	0.00194	0.00711	0.00582	0.00646	0.01099
7	0.28016	0.01665	0.01613	0.05888	0.01911	0.06207	0.01094	0.40295	0.02231	0.03392	0.01282	0.01376	0.00939	0.00704	0.00563	0.00196	0.00680	0.00496	0.00525	0.00925
8	0.01607	0.01388	0.01461	0.01315	0.01680	0.01607	0.01023	0.03433	0.72094	0.02703	0.02630	0.02411	0.01972	0.00877	0.00657	0.00219	0.00511	0.00731	0.00657	0.01023
9	0.02506	0.01486	0.01705	0.01318	0.01794	0.01548	0.01076	0.42995	0.02487	0.27835	0.01927	0.01955	0.01355	0.05949	0.00826	0.00225	0.00650	0.00629	0.00682	0.01051
10	0.00778	0.00597	0.00714	0.00807	0.00913	0.00533	0.00559	0.00910	0.01326	0.01686	0.04690	0.50138	0.30277	0.01878	0.00802	0.00246	0.00357	0.01658	0.00600	0.00533
11	0.01080	0.01853	0.33348	0.01266	0.01777	0.01004	0.01396	0.01578	0.01612	0.02324	0.39058	0.03328	0.05724	0.01016	0.00696	0.00204	0.00595	0.00867	0.00513	0.00761
12	0.18820	0.01771	0.15838	0.13915	0.02335	0.01547	0.01390	0.23087	0.01832	0.07247	0.01436	0.05461	0.01118	0.00752	0.00597	0.00205	0.00712	0.00581	0.00467	0.00891
13	0.00832	0.00594	0.00801	0.00950	0.01007	0.00563	0.00677	0.00976	0.01281	0.01699	0.03537	0.64721	0.04177	0.01982	0.00837	0.00269	0.00413	0.13549	0.00599	0.00537
14	0.01340	0.01148	0.01340	0.00957	0.01531	0.00861	0.00766	0.01627	0.01340	0.02105	0.01148	0.01340	0.00957	0.00479	0.00479	0.00096	0.00479	0.00383	0.00383	0.81242
15	0.02045	0.01573	0.01722	0.01397	0.01831	0.01760	0.01131	0.36452	0.27466	0.05847	0.01908	0.01862	0.01406	0.00818	0.00731	0.00203	0.05203	0.00626	0.00619	0.05399
16	0.01872	0.01525	0.16332	0.01323	0.03926	0.01104	0.01207	0.07963	0.05585	0.27887	0.12862	0.07609	0.06023	0.00961	0.00677	0.00207	0.00591	0.00806	0.00619	0.00922
17	0.81856	0.01250	0.00950	0.00850	0.01250	0.01449	0.00700	0.01899	0.01100	0.02899	0.00900	0.01050	0.00700	0.00600	0.00400	0.00200	0.00500	0.00350	0.00400	0.00700
18	0.00787	0.00562	0.00750	0.00900	0.00937	0.00525	0.00600	0.00900	0.01237	0.01649	0.03561	0.76871	0.04274	0.02024	0.00825	0.00262	0.00375	0.01837	0.00600	0.00525
19	0.01890	0.05822	0.07387	0.02153	0.02762	0.06487	0.41777	0.05063	0.01649	0.16214	0.01510	0.01726	0.01079	0.00617	0.00696	0.00205	0.00944	0.00670	0.00427	0.00920
20	0.01627	0.16872	0.19204	0.01770	0.11151	0.08187	0.01505	0.02552	0.26303	0.02142	0.01619	0.01681	0.01254	0.00694	0.00591	0.00192	0.00742	0.00548	0.00420	0.00945
21	0.00783	0.00614	0.00709	0.00773	0.00907	0.00540	0.00546	0.00931	0.01388	0.01750	0.08951	0.37672	0.38561	0.01792	0.00791	0.00237	0.00347	0.01564	0.00606	0.00540
22	0.01296	0.03342	0.73944	0.01842	0.02797	0.01501	0.02387	0.02046	0.01364	0.02046	0.01160	0.01364	0.00818	0.00614	0.00614	0.00205	0.00955	0.00477	0.00273	0.00955
23	0.01587	0.01331	0.13457	0.01129	0.01546	0.00982	0.01045	0.02147	0.11427	0.21372	0.24993	0.03360	0.10814	0.01036	0.00693	0.00206	0.00511	0.00874	0.00641	0.00849
24	0.00787	0.00562	0.00750	0.00900	0.00937	0.00525	0.00600	0.00900	0.01237	0.01649	0.03561	0.76871	0.04274	0.02024	0.00825	0.00262	0.00375	0.01837	0.00600	0.00525
25	0.01105	0.00972	0.01590	0.46827	0.03174	0.01193	0.01413	0.01458	0.01194	0.01592	0.01374	0.02038	0.01153	0.02272	0.29320	0.00534	0.01198	0.00620	0.00310	0.00663
26	0.00768	0.00655	0.00661	0.00660	0.00876	0.00547	0.00495	0.00936	0.01484	0.01772	0.08637	0.06174	0.70891	0.01626	0.00764	0.00218	0.00327	0.01358	0.00604	0.00547
27	0.01485	0.01939	0.17019	0.02278	0.02931	0.01522	0.45398	0.02143	0.07124	0.04109	0.01652	0.02070	0.03304	0.00669	0.00727	0.00218	0.00961	0.03189	0.00374	0.00886
28	0.02124	0.09016	0.01937	0.01573	0.01863	0.50243	0.01231	0.02296	0.01605	0.03768	0.01051	0.01300	0.00899	0.00959	0.04748	0.00231	0.13614	0.00457	0.00335	0.00750
29	0.01527	0.01303	0.01392	0.01257	0.01597	0.01491	0.00975	0.03176	0.63922	0.02690	0.10805	0.02692	0.02452	0.00928	0.00670	0.00217	0.00487	0.00781	0.00664	0.00975
30	0.01451	0.01504	0.02282	0.06868	0.02176	0.04167	0.13193	0.01681	0.01127	0.01649	0.00951	0.01482	0.00871	0.00984	0.01743	0.00264	0.55984	0.00595	0.00292	0.00737
31	0.01962	0.01564	0.01661	0.01387	0.01816	0.01773	0.01109	0.31739	0.43210	0.03276	0.02179	0.02051	0.01607	0.00834	0.00653	0.00209	0.00595	0.00668	0.00653	0.01055
32	0.00787	0.00562	0.00750	0.00900	0.00937	0.00525	0.00600	0.00900	0.01237	0.01649	0.03561	0.76871	0.04274	0.02024	0.00825	0.00262	0.00375	0.01837	0.00600	0.00525
33	0.01599	0.01535	0.02623	0.03966	0.73262	0.01535	0.01983	0.01983	0.01471	0.02111	0.01215	0.01599	0.01023	0.00576	0.00640	0.00192	0.00768	0.00576	0.00320	0.01023
34	0.01584	0.01391	0.01523	0.01361	0.01682	0.01652	0.01070	0.03207	0.63534	0.02565	0.02415	0.02291	0.01837	0.00907	0.00834	0.00227	0.09613	0.00711	0.00612	0.00985
35	0.00764	0.00655	0.00655	0.00655	0.00873	0.00545	0.00491	0.00927	0.01473	0.01745	0.06546	0.06218	0.73000	0.01636	0.00764	0.00218	0.00327	0.01364	0.00600	0.00545
36	0.01340	0.01148	0.01340	0.00957	0.01531	0.00861	0.00766	0.01627	0.01340	0.02105	0.01148	0.01340	0.00957	0.00479	0.00479	0.00096	0.00479	0.00383	0.00383	0.81242
37	0.02456	0.01810	0.01939	0.01487	0.02004	0.02004	0.01228	0.71107	0.03038	0.04072	0.01551	0.01551	0.01099	0.00776	0.00646	0.00194	0.00711	0.00582	0.00646	0.01099
38	0.00827	0.00657	0.00742	0.00721	0.00911	0.00572	0.00541	0.01049	0.01622	0.02099	0.34308	0.05636	0.45016	0.01504	0.00763	0.00212	0.00318	0.01282	0.00647	0.00572
39	0.00924	0.00688	0.01016	0.01016	0.01123	0.00795	0.00780	0.01139	0.01032	0.01483	0.01751	0.02652	0.01665	0.09737	0.69909	0.01011	0.01656	0.00709	0.00349	0.00564
40	0.02289	0.02994	0.06677	0.01655	0.02032	0.65315	0.01312	0.02596	0.06069	0.01681	0.01109	0.01254	0.00901	0.00675	0.00589	0.00172	0.01111	0.00439	0.00349	0.00780
41	0.00929	0.00622	0.00708	0.00718	0.00720	0.00620	0.00406	0.00937	0.00960	0.01280	0.02139	0.09132	0.02479	0.72211	0.03122	0.00602	0.00609	0.01000	0.00406	0.00401
42	0.01457	0.01435	0.02608	0.20386	0.37364	0.01479	0.16539	0.01880	0.01442	0.01982	0.01368	0.02043	0.01158	0.00667	0.00684	0.00210	0.00846	0.05228	0.00332	0.00890
43	0.02414	0.03079	0.01831	0.01665	0.01998	0.74698	0.01248	0.02580	0.01831	0.01581	0.00999	0.01165	0.00832	0.00666	0.00583	0.00166	0.01165	0.00416	0.00333	0.00749
44	0.00787	0.00562	0.00750	0.00900	0.00937	0.00525	0.00600	0.00900	0.01237	0.01649	0.03561	0.76871	0.04274	0.02024	0.00825	0.00262	0.00375	0.01837	0.00600	0.00525
45	0.01419	0.01782	0.11772	0.21454	0.03584	0.01567	0.44833	0.01959	0.01446	0.01959	0.01248	0.01692	0.00930	0.00579	0.00715	0.00216	0.01014	0.00680	0.00310	0.00842
46	0.01388	0.01300	0.01906	0.40491	0.16136	0.03701	0.01593	0.02078	0.15940	0.01940	0.01497	0.01875	0.01165	0.00937	0.05147	0.00260	0.00834	0.00609	0.00375	0.00829
47	0.02899	0.01100	0.01499	0.01150	0.01649	0.00950	0.00950	0.03149	0.01849	0.73709	0.02549	0.02199	0.01599	0.00800	0.00650	0.00200	0.00550	0.00650	0.00800	0.01100
48	0.01058	0.00803	0.01150	0.01094	0.01152	0.00973	0.00834	0.01152	0.00982	0.01414	0.01482	0.02409	0.01460	0.12067	0.38994	0.15364	0.16087	0.00672	0.00327	0.00527
49	0.00787	0.00562	0.00750	0.00900	0.00937	0.00525	0.00600	0.00900	0.01237	0.01649	0.03561	0.76871	0.04274	0.02024	0.00825	0.00262	0.00375	0.01837	0.00600	0.00525
50	0.01607	0.01388	0.01461	0.01315	0.01680	0.01607	0.01023	0.03433	0.72094	0.02703	0.02630	0.02411	0.01972	0.00877	0.00657	0.00219	0.00511	0.00731	0.00657	0.01023
