[name]
unknown

[dist]
# distance from previous block
# <min> <max>
0	27

[block]
# block no. 0 follows, 43 sequences, length 12
# corresponding to MSA columns:
# 27-38
name=unknown_A
#
# <colnr> <probs for GDERKNQSTAVLIFYWHMCP>
#	G	D	E	R	K	N	Q	S	T	A	V	L	I	F	Y	W	H	M	C	P
0	0.01081	0.00674	0.00939	0.01016	0.01179	0.00658	0.00883	0.01331	0.01312	0.10639	0.02844	0.05730	0.02972	0.01430	0.00740	0.00245	0.00505	0.64729	0.00531	0.00561
1	0.14417	0.09593	0.35060	0.01247	0.01823	0.01377	0.01365	0.07908	0.12204	0.08091	0.01243	0.01301	0.00904	0.00576	0.00491	0.00170	0.00636	0.00432	0.00361	0.00802
2	0.00688	0.00492	0.00654	0.00762	0.00806	0.00458	0.00515	0.00804	0.01120	0.01509	0.11789	0.71166	0.03848	0.01664	0.00701	0.00219	0.00314	0.01507	0.00525	0.00458
3	0.09854	0.03056	0.01041	0.00917	0.01142	0.04279	0.00699	0.14439	0.01432	0.14073	0.02184	0.37867	0.02232	0.01138	0.00591	0.00191	0.00442	0.00975	0.02798	0.00648
4	0.01281	0.01777	0.21653	0.10015	0.28193	0.06163	0.16834	0.01705	0.01251	0.01710	0.01171	0.01455	0.03174	0.00536	0.00565	0.00173	0.00774	0.00517	0.00270	0.00782
5	0.01405	0.01358	0.02372	0.03104	0.60910	0.01353	0.13142	0.06162	0.01350	0.01906	0.01071	0.01388	0.00875	0.00500	0.00565	0.00168	0.00698	0.00519	0.00292	0.00861
6	0.00675	0.00482	0.00643	0.00771	0.00803	0.00450	0.00514	0.00771	0.01060	0.01414	0.03053	0.80175	0.03663	0.01735	0.00707	0.00225	0.00321	0.01574	0.00514	0.00450
7	0.01254	0.01260	0.02373	0.12548	0.28250	0.01259	0.29798	0.04076	0.01283	0.01759	0.01288	0.09824	0.01144	0.00629	0.00607	0.00182	0.00737	0.00670	0.00308	0.00749
8	0.01422	0.11036	0.52098	0.01420	0.02097	0.09368	0.01672	0.01909	0.01258	0.11119	0.01104	0.01211	0.00787	0.00545	0.00509	0.00165	0.00769	0.00410	0.00296	0.00804
9	0.01341	0.01478	0.11252	0.01705	0.02184	0.01272	0.36939	0.16088	0.01572	0.02172	0.11999	0.03925	0.01562	0.00647	0.00612	0.00179	0.00723	0.00664	0.02937	0.00747
10	0.84448	0.01071	0.00814	0.00728	0.01071	0.01242	0.00600	0.01628	0.00943	0.02485	0.00771	0.00900	0.00600	0.00514	0.00343	0.00171	0.00428	0.00300	0.00343	0.00600
11	0.00962	0.00481	0.00722	0.00722	0.00722	0.00481	0.00481	0.00722	0.00722	0.00962	0.00962	0.01684	0.00962	0.01924	0.02165	0.83886	0.00481	0.00481	0.00241	0.00241

[dist]
# distance from previous block
# <min> <max>
0	23

[block]
# block no. 1 follows, 43 sequences, length 12
# corresponding to MSA columns:
# 62-73
name=unknown_B
#
# <colnr> <probs for GDERKNQSTAVLIFYWHMCP>
#	G	D	E	R	K	N	Q	S	T	A	V	L	I	F	Y	W	H	M	C	P
0	0.00965	0.00841	0.01194	0.01095	0.01144	0.01089	0.00872	0.01113	0.00865	0.01286	0.01198	0.01914	0.01173	0.09834	0.40116	0.00593	0.33338	0.00568	0.00278	0.00526
1	0.00689	0.00523	0.00603	0.00658	0.00747	0.00472	0.00446	0.00787	0.01099	0.01390	0.03869	0.36920	0.33051	0.14900	0.01042	0.00262	0.00341	0.01280	0.00484	0.00438
2	0.01444	0.01223	0.01290	0.01141	0.01466	0.01409	0.00893	0.09552	0.69363	0.02424	0.02170	0.01999	0.01622	0.00743	0.00563	0.00186	0.00454	0.00614	0.00563	0.00883
3	0.01270	0.28553	0.38959	0.01509	0.02165	0.01609	0.15267	0.01726	0.01180	0.01608	0.00943	0.01136	0.00730	0.00498	0.00493	0.00159	0.00765	0.00417	0.00243	0.00769
4	0.01268	0.15185	0.40930	0.01370	0.04680	0.05230	0.01491	0.03962	0.01226	0.01726	0.00960	0.01123	0.00742	0.00499	0.00475	0.00145	0.00695	0.00377	0.00267	0.17648
5	0.84448	0.01071	0.00814	0.00728	0.01071	0.01242	0.00600	0.01628	0.00943	0.02485	0.00771	0.00900	0.00600	0.00514	0.00343	0.00171	0.00428	0.00300	0.00343	0.00600
6	0.00669	0.00504	0.00620	0.00713	0.00788	0.00455	0.00488	0.00778	0.01116	0.01437	0.03761	0.59446	0.23935	0.01643	0.00692	0.00214	0.00310	0.01462	0.00514	0.00455
7	0.01406	0.11248	0.05917	0.02864	0.59445	0.01410	0.01571	0.01766	0.03542	0.04077	0.01078	0.01338	0.00888	0.00506	0.00524	0.00160	0.00645	0.00471	0.00289	0.00856
8	0.01407	0.01171	0.01710	0.02221	0.40152	0.01199	0.01248	0.10704	0.11449	0.06298	0.07591	0.04817	0.06157	0.00711	0.00572	0.00173	0.00546	0.00636	0.00420	0.00820
9	0.00691	0.00501	0.00653	0.00745	0.00803	0.00463	0.00509	0.00817	0.01155	0.01549	0.15018	0.62869	0.08948	0.01616	0.00695	0.00214	0.00309	0.01455	0.00529	0.00463
10	0.01109	0.00916	0.01143	0.01145	0.06571	0.00972	0.04503	0.04015	0.30726	0.01969	0.04768	0.20611	0.09651	0.01013	0.00596	0.00188	0.00419	0.00891	0.08106	0.00688
11	0.01627	0.01773	0.26162	0.01271	0.01786	0.03958	0.01270	0.10467	0.25409	0.17956	0.01679	0.01618	0.01185	0.00648	0.00547	0.00176	0.00607	0.00518	0.00471	0.00871

[dist]
# distance from previous block
# <min> <max>
3	11

[block]
# block no. 2 follows, 43 sequences, length 19
# corresponding to MSA columns:
# 86-104
name=unknown_C
#
# <colnr> <probs for GDERKNQSTAVLIFYWHMCP>
#	G	D	E	R	K	N	Q	S	T	A	V	L	I	F	Y	W	H	M	C	P
0	0.01257	0.03251	0.34102	0.01199	0.01713	0.11506	0.01285	0.03478	0.01289	0.04467	0.05538	0.01741	0.06494	0.00763	0.03280	0.00182	0.00684	0.00501	0.07737	0.09534
1	0.01463	0.77042	0.06571	0.00979	0.01469	0.02147	0.01002	0.01663	0.01127	0.01325	0.00781	0.00902	0.00710	0.00476	0.00364	0.00121	0.00603	0.00302	0.00237	0.00716
2	0.00902	0.00789	0.03775	0.00772	0.01030	0.00643	0.00619	0.01216	0.05312	0.01957	0.37310	0.07226	0.11430	0.02518	0.00626	0.00162	0.00341	0.00830	0.00500	0.22042
3	0.01377	0.01200	0.03623	0.35613	0.24728	0.03142	0.04266	0.04343	0.03463	0.09680	0.01193	0.01492	0.00895	0.00558	0.00552	0.00175	0.00681	0.00505	0.01760	0.00755
4	0.01365	0.01546	0.09089	0.04681	0.51901	0.05338	0.14485	0.01738	0.01273	0.01766	0.01040	0.01357	0.00843	0.00497	0.00562	0.00169	0.00740	0.00507	0.00272	0.00831
5	0.00689	0.00542	0.00623	0.00645	0.00780	0.00476	0.00468	0.00846	0.01282	0.01642	0.21337	0.23811	0.42044	0.01424	0.00667	0.00194	0.00286	0.01232	0.00536	0.00476
6	0.00768	0.00630	0.00781	0.00866	0.07572	0.00564	0.00574	0.00972	0.01381	0.01805	0.32822	0.04515	0.42301	0.01217	0.00645	0.00180	0.00307	0.01044	0.00530	0.00525
7	0.01669	0.20784	0.06631	0.01770	0.24317	0.02800	0.01208	0.10574	0.01440	0.16355	0.01268	0.03187	0.00989	0.00575	0.00499	0.00153	0.00598	0.00469	0.00383	0.04333
8	0.01082	0.09566	0.24440	0.08017	0.01692	0.01045	0.01146	0.01504	0.06380	0.06004	0.08532	0.14942	0.11607	0.00911	0.00573	0.00180	0.00543	0.00768	0.00398	0.00669
9	0.02087	0.00857	0.01130	0.00899	0.01270	0.00738	0.00731	0.02284	0.01509	0.60915	0.02854	0.04876	0.15621	0.00852	0.00580	0.00176	0.00431	0.00702	0.00648	0.00839
10	0.00810	0.00633	0.00873	0.01091	0.09228	0.00613	0.00706	0.01021	0.04288	0.01538	0.03009	0.50820	0.09719	0.01498	0.00687	0.00218	0.00387	0.11846	0.00489	0.00525
11	0.01871	0.28893	0.02017	0.01266	0.01615	0.52767	0.01029	0.02026	0.01420	0.01338	0.00827	0.00962	0.00713	0.00538	0.00451	0.00135	0.00862	0.00336	0.00269	0.00665
12	0.00993	0.00798	0.01167	0.30345	0.02058	0.00917	0.00993	0.01362	0.11094	0.01493	0.03361	0.06503	0.05266	0.01356	0.07793	0.14701	0.00641	0.08259	0.00355	0.00546
13	0.01481	0.80869	0.02902	0.00948	0.01421	0.02191	0.00948	0.01658	0.01125	0.01303	0.00770	0.00888	0.00711	0.00474	0.00355	0.00118	0.00592	0.00296	0.00237	0.00711
14	0.00704	0.00515	0.00634	0.00716	0.00779	0.00478	0.00487	0.00802	0.01070	0.01388	0.03338	0.48858	0.17833	0.14516	0.01044	0.00270	0.00359	0.05287	0.00485	0.00438
15	0.01131	0.01071	0.01815	0.59382	0.22973	0.01253	0.01580	0.01489	0.01148	0.01518	0.00999	0.01449	0.00775	0.00538	0.00552	0.00179	0.00717	0.00493	0.00253	0.00684
16	0.01269	0.36213	0.45704	0.01309	0.01980	0.01673	0.01577	0.01713	0.01150	0.01561	0.00898	0.01049	0.00705	0.00504	0.00453	0.00151	0.00722	0.00361	0.00235	0.00772
17	0.00695	0.00551	0.00635	0.00655	0.00786	0.00507	0.00475	0.00830	0.01144	0.01438	0.06427	0.17217	0.44694	0.08199	0.12884	0.00330	0.00494	0.01113	0.00469	0.00460
18	0.61596	0.01002	0.00896	0.00774	0.01114	0.01098	0.00633	0.01777	0.01119	0.16556	0.07802	0.01373	0.01156	0.00601	0.00411	0.00172	0.00422	0.00411	0.00431	0.00657

[dist]
# distance from previous block
# <min> <max>
0	1

[block]
# block no. 3 follows, 43 sequences, length 6
# corresponding to MSA columns:
# 106-111
name=unknown_D
#
# <colnr> <probs for GDERKNQSTAVLIFYWHMCP>
#	G	D	E	R	K	N	Q	S	T	A	V	L	I	F	Y	W	H	M	C	P
0	0.60994	0.01267	0.01007	0.00871	0.01224	0.09846	0.00706	0.07014	0.01196	0.10131	0.00965	0.01042	0.00716	0.00549	0.00397	0.00168	0.00509	0.00347	0.00386	0.00664
1	0.84448	0.01071	0.00814	0.00728	0.01071	0.01242	0.00600	0.01628	0.00943	0.02485	0.00771	0.00900	0.00600	0.00514	0.00343	0.00171	0.00428	0.00300	0.00343	0.00600
2	0.11524	0.00930	0.01194	0.00936	0.01334	0.00841	0.00769	0.02462	0.01512	0.63724	0.07343	0.01935	0.01559	0.00698	0.00540	0.00172	0.00452	0.00560	0.00642	0.00874
3	0.00673	0.00489	0.00635	0.00751	0.00798	0.00452	0.00505	0.00773	0.01079	0.01422	0.03294	0.73122	0.10560	0.01704	0.00702	0.00221	0.00317	0.01536	0.00514	0.00452
4	0.01444	0.01063	0.01240	0.00906	0.01384	0.00891	0.00733	0.12383	0.01413	0.10824	0.01174	0.01260	0.00902	0.00479	0.00448	0.00105	0.00446	0.00380	0.00403	0.62123
5	0.01812	0.01525	0.01390	0.01168	0.01512	0.18031	0.00923	0.26453	0.18809	0.10608	0.06163	0.01881	0.05769	0.00736	0.00556	0.00168	0.00601	0.00571	0.00513	0.00810

[dist]
# distance from previous block
# <min> <max>
4	9

[block]
# block no. 4 follows, 43 sequences, length 68
# corresponding to MSA columns:
# 122-189
name=unknown_E
#
# <colnr> <probs for GDERKNQSTAVLIFYWHMCP>
#	G	D	E	R	K	N	Q	S	T	A	V	L	I	F	Y	W	H	M	C	P
0	0.01536	0.01362	0.02829	0.01130	0.01439	0.12070	0.00903	0.20494	0.24114	0.04107	0.04766	0.08789	0.01727	0.03142	0.00641	0.00189	0.00559	0.05807	0.00497	0.03900
1	0.00740	0.00570	0.00650	0.00658	0.00784	0.00503	0.00453	0.00851	0.01107	0.01434	0.06178	0.26089	0.30675	0.18395	0.01113	0.00264	0.00358	0.01129	0.00463	0.07587
2	0.04735	0.07926	0.11455	0.01029	0.01524	0.01126	0.00948	0.09323	0.08965	0.13259	0.01302	0.01341	0.00970	0.00536	0.00470	0.00133	0.00512	0.00417	0.00409	0.33619
3	0.77393	0.01112	0.00887	0.00775	0.01126	0.01283	0.00639	0.07935	0.01085	0.02571	0.00819	0.00937	0.00629	0.00527	0.00361	0.00171	0.00444	0.00317	0.00361	0.00629
4	0.09954	0.01101	0.01603	0.38950	0.13810	0.01269	0.01305	0.05990	0.02955	0.01764	0.01000	0.01351	0.00786	0.00573	0.00623	0.00174	0.07264	0.00459	0.00294	0.08773
5	0.13205	0.00678	0.00674	0.00642	0.00864	0.00634	0.00499	0.02674	0.01274	0.05095	0.07995	0.04404	0.54689	0.01214	0.00605	0.00185	0.00325	0.03321	0.00502	0.00523
6	0.00784	0.00566	0.00740	0.00697	0.00827	0.00523	0.00523	0.01045	0.01568	0.02221	0.76789	0.04137	0.05226	0.01132	0.00653	0.00174	0.00261	0.01002	0.00610	0.00523
7	0.00698	0.00500	0.00664	0.00755	0.00808	0.00465	0.00516	0.00830	0.01169	0.01587	0.18886	0.63848	0.03999	0.01606	0.00695	0.00214	0.00308	0.01451	0.00535	0.00465
8	0.01307	0.01494	0.03268	0.02334	0.02894	0.01401	0.75070	0.01774	0.01307	0.01774	0.01120	0.01494	0.00840	0.00467	0.00654	0.00187	0.00934	0.00654	0.00280	0.00747
9	0.00723	0.00542	0.00672	0.00696	0.00810	0.00491	0.00506	0.00905	0.01333	0.01786	0.35196	0.27185	0.22169	0.01390	0.00673	0.00195	0.00291	0.03394	0.00555	0.00487
10	0.01111	0.01175	0.02387	0.01767	0.02183	0.01094	0.49761	0.01489	0.01342	0.01815	0.16149	0.05483	0.10095	0.00746	0.00656	0.00186	0.00710	0.00812	0.00378	0.00662
11	0.01282	0.01277	0.01921	0.37968	0.37049	0.07874	0.01572	0.01613	0.01217	0.01590	0.01000	0.01387	0.00800	0.00528	0.00547	0.00172	0.00724	0.00481	0.00262	0.00737
12	0.00809	0.00618	0.00755	0.00763	0.00901	0.00596	0.00573	0.01149	0.09109	0.01880	0.34084	0.20649	0.16840	0.01306	0.00666	0.00196	0.00319	0.07695	0.00559	0.00533
13	0.01074	0.01013	0.01711	0.72710	0.10092	0.01238	0.01552	0.01439	0.01121	0.01449	0.00989	0.01467	0.00750	0.00549	0.00553	0.00183	0.00731	0.00492	0.00248	0.00638
14	0.02069	0.02640	0.01569	0.01427	0.01712	0.78313	0.01070	0.02212	0.01569	0.01355	0.00856	0.00999	0.00713	0.00571	0.00499	0.00143	0.00999	0.00357	0.00285	0.00642
15	0.00696	0.00546	0.00630	0.00645	0.00782	0.00479	0.00470	0.00861	0.01306	0.01685	0.25310	0.21062	0.40763	0.01397	0.00665	0.00192	0.00284	0.01208	0.00541	0.00479
16	0.19883	0.01293	0.01384	0.01084	0.01501	0.01386	0.00895	0.40966	0.01988	0.22104	0.01427	0.01379	0.00978	0.00638	0.00509	0.00169	0.00535	0.00471	0.00542	0.00869
17	0.02485	0.00943	0.01285	0.00985	0.01414	0.00814	0.00814	0.02699	0.01585	0.77465	0.02185	0.01885	0.01371	0.00685	0.00557	0.00171	0.00471	0.00557	0.00685	0.00943
18	0.01148	0.00984	0.01148	0.00820	0.01312	0.00738	0.00656	0.01395	0.01148	0.01805	0.00984	0.01148	0.00820	0.00410	0.00410	0.00082	0.00410	0.00328	0.00328	0.83922
19	0.01371	0.01316	0.02248	0.03399	0.77081	0.01316	0.01700	0.01700	0.01261	0.01809	0.01042	0.01371	0.00877	0.00493	0.00548	0.00164	0.00658	0.00493	0.00274	0.00877
20	0.01954	0.00990	0.01223	0.00971	0.01325	0.00959	0.00789	0.20129	0.01811	0.39372	0.17975	0.02241	0.02095	0.00774	0.00569	0.00169	0.00450	0.00636	0.04736	0.00831
21	0.02069	0.02640	0.01569	0.01427	0.01712	0.78313	0.01070	0.02212	0.01569	0.01355	0.00856	0.00999	0.00713	0.00571	0.00499	0.00143	0.00999	0.00357	0.00285	0.00642
22	0.01128	0.02747	0.71292	0.01643	0.02440	0.01296	0.08303	0.01756	0.01181	0.01756	0.01005	0.01197	0.00713	0.00521	0.00537	0.00176	0.00828	0.00430	0.00238	0.00812
23	0.01133	0.07501	0.73223	0.01541	0.02339	0.01340	0.01981	0.01748	0.01167	0.01727	0.00981	0.01153	0.00702	0.00523	0.00516	0.00172	0.00805	0.00403	0.00234	0.00812
24	0.02105	0.01551	0.01662	0.01274	0.01717	0.01717	0.01053	0.75235	0.02604	0.03490	0.01330	0.01330	0.00942	0.00665	0.00554	0.00166	0.00609	0.00499	0.00554	0.00942
25	0.01421	0.01355	0.02047	0.02899	0.59907	0.04337	0.01526	0.04161	0.13123	0.01923	0.01235	0.01465	0.01001	0.00542	0.00549	0.00167	0.00635	0.00509	0.00329	0.00870
26	0.01665	0.00874	0.01120	0.03968	0.01326	0.00850	0.00762	0.02171	0.16502	0.35466	0.25914	0.02623	0.02638	0.00836	0.00589	0.00176	0.00408	0.00710	0.00620	0.00783
27	0.02417	0.01051	0.01353	0.01037	0.01468	0.00975	0.00857	0.15662	0.01767	0.64245	0.02032	0.01786	0.01294	0.00682	0.00556	0.00170	0.00496	0.00547	0.00662	0.00942
28	0.01148	0.00984	0.01148	0.00820	0.01312	0.00738	0.00656	0.01395	0.01148	0.01805	0.00984	0.01148	0.00820	0.00410	0.00410	0.00082	0.00410	0.00328	0.00328	0.83922
29	0.01046	0.00984	0.01661	0.79205	0.03814	0.01230	0.01538	0.01415	0.01107	0.01415	0.00984	0.01477	0.00738	0.00554	0.00554	0.00185	0.00738	0.00492	0.00246	0.00615
30	0.00706	0.00495	0.00633	0.00731	0.00755	0.00471	0.00471	0.00779	0.00999	0.01332	0.02738	0.61779	0.03267	0.20672	0.01214	0.00300	0.00373	0.01390	0.00471	0.00422
31	0.00674	0.00485	0.00640	0.00763	0.00801	0.00450	0.00511	0.00772	0.01068	0.01417	0.03147	0.77400	0.06377	0.01723	0.00705	0.00224	0.00320	0.01559	0.00514	0.00450
32	0.01310	0.01438	0.02982	0.04375	0.16996	0.01390	0.56832	0.01736	0.01278	0.01757	0.01089	0.01461	0.00841	0.00491	0.00670	0.00184	0.03515	0.00614	0.00277	0.00764
33	0.00710	0.00499	0.00635	0.00736	0.00792	0.00465	0.00503	0.00827	0.01094	0.01481	0.04598	0.62563	0.09749	0.03689	0.00736	0.00223	0.00323	0.03505	0.06415	0.00456
34	0.01293	0.28788	0.36067	0.01269	0.01863	0.01611	0.01425	0.01977	0.17240	0.01723	0.01189	0.01267	0.00917	0.00557	0.00477	0.00159	0.00661	0.00418	0.00306	0.00795
35	0.00703	0.00513	0.00666	0.00762	0.00829	0.00476	0.00537	0.00835	0.01155	0.01531	0.11269	0.57641	0.11612	0.01617	0.00700	0.00218	0.00327	0.07620	0.00524	0.00465
36	0.01701	0.01350	0.01434	0.01192	0.01563	0.01529	0.00955	0.35069	0.43428	0.02838	0.01843	0.01739	0.01358	0.00713	0.00559	0.00178	0.00514	0.00569	0.00559	0.00906
37	0.01481	0.80869	0.02902	0.00948	0.01421	0.02191	0.00948	0.01658	0.01125	0.01303	0.00770	0.00888	0.00711	0.00474	0.00355	0.00118	0.00592	0.00296	0.00237	0.00711
38	0.84448	0.01071	0.00814	0.00728	0.01071	0.01242	0.00600	0.01628	0.00943	0.02485	0.00771	0.00900	0.00600	0.00514	0.00343	0.00171	0.00428	0.00300	0.00343	0.00600
39	0.01188	0.01291	0.02663	0.01944	0.02413	0.01212	0.57303	0.01633	0.03585	0.01813	0.09976	0.02178	0.08756	0.00640	0.00651	0.00185	0.00781	0.00742	0.00348	0.00699
40	0.01689	0.01728	0.01592	0.01355	0.01697	0.26888	0.08183	0.09187	0.35887	0.03576	0.01595	0.01586	0.01209	0.00655	0.00550	0.00170	0.00689	0.00526	0.00445	0.00794
41	0.01440	0.01213	0.01669	0.01316	0.01680	0.01274	0.16766	0.25049	0.18488	0.02470	0.11272	0.04455	0.07104	0.00783	0.00598	0.00179	0.00558	0.00702	0.02209	0.00776
42	0.00732	0.00559	0.00655	0.00668	0.00811	0.00526	0.00503	0.00901	0.01173	0.01541	0.08547	0.11688	0.40676	0.01947	0.17321	0.00338	0.00545	0.02795	0.07593	0.00480
43	0.01274	0.01220	0.02149	0.01686	0.04363	0.03177	0.34996	0.07848	0.01431	0.04237	0.17491	0.06790	0.01966	0.00759	0.00744	0.00187	0.07852	0.00740	0.00397	0.00692
44	0.09086	0.01005	0.01279	0.00989	0.01412	0.00926	0.00817	0.08827	0.01620	0.65058	0.01997	0.01758	0.01272	0.00670	0.00539	0.00171	0.00480	0.00531	0.00646	0.00915
45	0.00675	0.00495	0.00634	0.00740	0.00796	0.00454	0.00502	0.00782	0.01103	0.01448	0.05529	0.67775	0.13688	0.01672	0.00698	0.00218	0.00314	0.01503	0.00517	0.00454
46	0.01143	0.09548	0.71261	0.01524	0.02313	0.01364	0.01952	0.01746	0.01166	0.01715	0.00975	0.01145	0.00702	0.00522	0.00512	0.00171	0.00799	0.00400	0.00234	0.00809
47	0.00794	0.00640	0.00868	0.00913	0.00937	0.00720	0.00658	0.00893	0.01007	0.01386	0.02514	0.60901	0.02983	0.03957	0.01009	0.00238	0.17334	0.01317	0.00450	0.00480
48	0.01125	0.05903	0.74755	0.01554	0.02359	0.01321	0.02003	0.01750	0.01168	0.01736	0.00985	0.01158	0.00702	0.00524	0.00520	0.00173	0.00810	0.00405	0.00234	0.00814
49	0.01378	0.03477	0.01528	0.08284	0.01680	0.10975	0.01020	0.08716	0.01240	0.01708	0.00911	0.01191	0.00777	0.00656	0.00915	0.00161	0.26836	0.00415	0.00306	0.27827
50	0.00711	0.00546	0.00651	0.00661	0.00792	0.00486	0.00482	0.00891	0.01343	0.01773	0.33991	0.20833	0.32110	0.01364	0.00665	0.00190	0.00281	0.01188	0.00553	0.00486
51	0.01318	0.01086	0.01239	0.00905	0.01385	0.00920	0.00729	0.14175	0.02858	0.02106	0.01069	0.01198	0.00858	0.00461	0.00438	0.00099	0.00445	0.00363	0.00372	0.67978
52	0.01852	0.01233	0.01677	0.01293	0.01684	0.05803	0.15617	0.16998	0.05431	0.27870	0.05292	0.01887	0.01388	0.06328	0.00733	0.00197	0.00611	0.00594	0.02705	0.00807
53	0.00686	0.00487	0.00639	0.00757	0.00786	0.00457	0.00499	0.00774	0.01038	0.01385	0.02940	0.73616	0.03522	0.08487	0.00888	0.00252	0.00340	0.01509	0.00499	0.00440
54	0.01983	0.04196	0.01653	0.01359	0.01681	0.39742	0.01074	0.29812	0.01880	0.02162	0.01021	0.01142	0.00801	0.00643	0.00645	0.00161	0.08489	0.00421	0.00382	0.00754
55	0.00716	0.00536	0.00672	0.00767	0.00847	0.00503	0.00545	0.00885	0.03639	0.01484	0.03507	0.55961	0.17644	0.01618	0.00698	0.00219	0.00336	0.08436	0.00515	0.00473
56	0.02026	0.02559	0.01611	0.01546	0.06284	0.73642	0.01108	0.02180	0.01551	0.01383	0.00867	0.01021	0.00723	0.00566	0.00502	0.00144	0.00978	0.00365	0.00285	0.00656
57	0.00935	0.00751	0.00859	0.00815	0.01002	0.00772	0.00615	0.01566	0.24720	0.02041	0.33539	0.11586	0.16374	0.01123	0.00631	0.00186	0.00326	0.00973	0.00569	0.00616
58	0.01771	0.00965	0.01212	0.00897	0.01360	0.00774	0.00730	0.02003	0.01352	0.37079	0.01544	0.01492	0.01077	0.00539	0.00479	0.00124	0.00439	0.00435	0.00495	0.45235
59	0.01148	0.00984	0.01148	0.00820	0.01312	0.00738	0.00656	0.01395	0.01148	0.01805	0.00984	0.01148	0.00820	0.00410	0.00410	0.00082	0.00410	0.00328	0.00328	0.83922
60	0.84448	0.01071	0.00814	0.00728	0.01071	0.01242	0.00600	0.01628	0.00943	0.02485	0.00771	0.00900	0.00600	0.00514	0.00343	0.00171	0.00428	0.00300	0.00343	0.00600
61	0.01526	0.01264	0.01336	0.01157	0.01497	0.01447	0.00913	0.17735	0.61047	0.02557	0.02065	0.01916	0.01537	0.00734	0.00562	0.00183	0.00473	0.00600	0.00562	0.00890
62	0.01371	0.01316	0.02248	0.03399	0.77081	0.01316	0.01700	0.01700	0.01261	0.01809	0.01042	0.01371	0.00877	0.00493	0.00548	0.00164	0.00658	0.00493	0.00274	0.00877
63	0.00673	0.00542	0.00600	0.00628	0.00770	0.00469	0.00455	0.00815	0.01244	0.01551	0.12396	0.23980	0.51022	0.01458	0.00668	0.00195	0.00289	0.01253	0.00524	0.00469
64	0.00756	0.00545	0.00751	0.00794	0.00851	0.00581	0.00562	0.00880	0.00929	0.01286	0.02055	0.28258	0.02264	0.18606	0.37588	0.00600	0.00910	0.00960	0.00376	0.00448
65	0.00762	0.00521	0.00614	0.00653	0.00668	0.00509	0.00392	0.00795	0.00896	0.01189	0.02255	0.26672	0.04775	0.54468	0.02119	0.00433	0.00464	0.01047	0.00395	0.00374
66	0.01330	0.01273	0.02125	0.10570	0.62936	0.01332	0.01627	0.01692	0.03734	0.01760	0.01058	0.01395	0.00882	0.00536	0.00625	0.00172	0.05341	0.00497	0.00279	0.00836
67	0.02310	0.01532	0.01420	0.01156	0.01543	0.24213	0.00922	0.12033	0.01714	0.44933	0.01674	0.01546	0.01117	0.00648	0.00539	0.00162	0.00648	0.00489	0.00548	0.00852

[dist]
# distance from previous block
# <min> <max>
0	1

[block]
# block no. 5 follows, 43 sequences, length 46
# corresponding to MSA columns:
# 191-236
name=unknown_F
#
# <colnr> <probs for GDERKNQSTAVLIFYWHMCP>
#	G	D	E	R	K	N	Q	S	T	A	V	L	I	F	Y	W	H	M	C	P
0	0.01269	0.01180	0.01827	0.14363	0.38785	0.01179	0.03086	0.01717	0.08979	0.01799	0.01147	0.01412	0.00926	0.00510	0.00522	0.00152	0.00598	0.00473	0.00312	0.19766
1	0.00666	0.00518	0.00605	0.00675	0.00778	0.00458	0.00471	0.00782	0.01153	0.01452	0.04225	0.45870	0.37211	0.01583	0.00683	0.00208	0.00303	0.01389	0.00514	0.00458
2	0.01293	0.01440	0.04150	0.19919	0.13137	0.05695	0.41010	0.01697	0.01257	0.01663	0.01053	0.01432	0.00810	0.00508	0.00630	0.00182	0.02556	0.00570	0.00270	0.00727
3	0.00666	0.00516	0.00608	0.00682	0.00780	0.00457	0.00474	0.00781	0.01146	0.01449	0.04141	0.48332	0.34804	0.01594	0.00685	0.00209	0.00304	0.01402	0.00514	0.00457
4	0.00891	0.00629	0.00797	0.00851	0.01007	0.00597	0.00699	0.01137	0.03559	0.05358	0.07122	0.12608	0.24312	0.01429	0.00706	0.00223	0.00410	0.36613	0.00527	0.00525
5	0.01387	0.01495	0.03064	0.02210	0.02736	0.03912	0.66601	0.01819	0.01314	0.05439	0.01151	0.01488	0.00858	0.00497	0.00682	0.00186	0.03479	0.00634	0.00299	0.00748
6	0.79337	0.01137	0.00864	0.00767	0.01111	0.03818	0.00628	0.03769	0.01011	0.02476	0.00790	0.00915	0.00613	0.00520	0.00354	0.00170	0.00453	0.00308	0.00347	0.00611
7	0.00793	0.00542	0.00644	0.00641	0.00675	0.00533	0.00396	0.00863	0.00995	0.01358	0.18915	0.07703	0.02817	0.56499	0.04016	0.00446	0.00485	0.00885	0.00406	0.00388
8	0.00719	0.00517	0.00690	0.00806	0.00866	0.00488	0.00581	0.00854	0.01131	0.01500	0.06668	0.60482	0.06062	0.01657	0.00713	0.00227	0.00352	0.14703	0.00518	0.00465
9	0.00933	0.00593	0.00777	0.00809	0.00943	0.00548	0.00622	0.01118	0.01296	0.09544	0.18837	0.29901	0.12663	0.01411	0.00687	0.00211	0.00362	0.17662	0.00551	0.00532
10	0.00675	0.00482	0.00643	0.00771	0.00803	0.00450	0.00514	0.00771	0.01060	0.01414	0.03053	0.80175	0.03663	0.01735	0.00707	0.00225	0.00321	0.01574	0.00514	0.00450
11	0.05413	0.01245	0.01791	0.31430	0.24248	0.01394	0.01402	0.22484	0.01569	0.02170	0.01089	0.01377	0.00830	0.00566	0.00542	0.00173	0.00664	0.00485	0.00346	0.00783
12	0.03419	0.13071	0.11881	0.01107	0.01617	0.01385	0.01032	0.27697	0.01679	0.05785	0.01127	0.01206	0.00852	0.00540	0.00474	0.00136	0.00565	0.00405	0.00399	0.25625
13	0.01730	0.11554	0.02060	0.01810	0.18945	0.08782	0.08842	0.25848	0.05574	0.05765	0.01206	0.01328	0.00921	0.00572	0.00530	0.00159	0.00669	0.00480	0.00398	0.02829
14	0.01455	0.13733	0.41893	0.01440	0.02025	0.24635	0.01572	0.01866	0.01274	0.01558	0.00913	0.01080	0.00707	0.00546	0.00533	0.00160	0.03239	0.00380	0.00250	0.00744
15	0.00715	0.00540	0.00647	0.00665	0.00780	0.00487	0.00474	0.00875	0.01282	0.01693	0.29039	0.24335	0.28041	0.06890	0.00818	0.00217	0.00302	0.01192	0.00534	0.00473
16	0.01419	0.01466	0.02838	0.02169	0.07273	0.01434	0.55086	0.11300	0.07398	0.02040	0.01232	0.01510	0.00923	0.00517	0.00627	0.00183	0.00836	0.00621	0.00337	0.00790
17	0.00827	0.02533	0.00774	0.00734	0.00875	0.06030	0.00540	0.01003	0.01345	0.01733	0.31178	0.23139	0.24650	0.01304	0.00649	0.00187	0.00341	0.01130	0.00527	0.00502
18	0.00675	0.00482	0.00643	0.00771	0.00803	0.00450	0.00514	0.00771	0.01060	0.01414	0.03053	0.80175	0.03663	0.01735	0.00707	0.00225	0.00321	0.01574	0.00514	0.00450
19	0.81894	0.01126	0.03170	0.00754	0.01112	0.01244	0.00644	0.01632	0.00949	0.02462	0.00778	0.00908	0.00603	0.00514	0.00348	0.00171	0.00440	0.00303	0.00339	0.00606
20	0.84448	0.01071	0.00814	0.00728	0.01071	0.01242	0.00600	0.01628	0.00943	0.02485	0.00771	0.00900	0.00600	0.00514	0.00343	0.00171	0.00428	0.00300	0.00343	0.00600
21	0.01306	0.01395	0.01759	0.39617	0.05226	0.16214	0.05434	0.01579	0.01153	0.01417	0.00910	0.01321	0.00741	0.00646	0.00839	0.00189	0.18891	0.00473	0.00256	0.00634
22	0.00784	0.00566	0.00740	0.00697	0.00827	0.00523	0.00523	0.01045	0.01568	0.02221	0.76789	0.04137	0.05226	0.01132	0.00653	0.00174	0.00261	0.01002	0.00610	0.00523
23	0.01310	0.27187	0.28709	0.01353	0.01920	0.01607	0.09010	0.01997	0.18248	0.01741	0.01223	0.01318	0.00944	0.00555	0.00494	0.00161	0.00672	0.00448	0.00315	0.00790
24	0.02207	0.00992	0.01338	0.01052	0.01416	0.00958	0.00868	0.02454	0.03936	0.60726	0.01925	0.01762	0.01265	0.00718	0.00735	0.00179	0.11999	0.00539	0.00602	0.04329
25	0.00708	0.00506	0.00681	0.00810	0.00856	0.00479	0.00573	0.00829	0.01093	0.01451	0.03034	0.68757	0.03590	0.01703	0.00716	0.00230	0.00350	0.12660	0.00513	0.00459
26	0.00838	0.00584	0.00797	0.00766	0.00880	0.00595	0.00574	0.01047	0.01241	0.03928	0.39268	0.03301	0.03374	0.10468	0.29330	0.00474	0.00744	0.00819	0.00469	0.00505
27	0.01111	0.02865	0.77667	0.01579	0.02397	0.01286	0.02046	0.01754	0.01169	0.01754	0.00994	0.01169	0.00702	0.00526	0.00526	0.00175	0.00818	0.00409	0.00234	0.00818
28	0.01371	0.01316	0.02248	0.03399	0.77081	0.01316	0.01700	0.01700	0.01261	0.01809	0.01042	0.01371	0.00877	0.00493	0.00548	0.00164	0.00658	0.00493	0.00274	0.00877
29	0.00962	0.00481	0.00722	0.00722	0.00722	0.00481	0.00481	0.00722	0.00722	0.00962	0.00962	0.01684	0.00962	0.01924	0.02165	0.83886	0.00481	0.00481	0.00241	0.00241
30	0.01281	0.38743	0.43279	0.01288	0.01948	0.01703	0.01541	0.01710	0.01149	0.01547	0.00891	0.01040	0.00706	0.00502	0.00448	0.00149	0.00714	0.00357	0.00235	0.00769
31	0.00769	0.00569	0.00705	0.00778	0.00845	0.00561	0.00528	0.01017	0.08852	0.01515	0.07076	0.56483	0.05467	0.10958	0.00939	0.00254	0.00355	0.01340	0.00503	0.00485
32	0.02162	0.01056	0.01313	0.01029	0.01424	0.01020	0.00842	0.19077	0.05863	0.48708	0.09738	0.02002	0.01691	0.00731	0.00567	0.00171	0.00479	0.00594	0.00641	0.00895
33	0.01046	0.00984	0.01661	0.79205	0.03814	0.01230	0.01538	0.01415	0.01107	0.01415	0.00984	0.01477	0.00738	0.00554	0.00554	0.00185	0.00738	0.00492	0.00246	0.00615
34	0.01492	0.01217	0.01621	0.01330	0.01699	0.01316	0.14140	0.05067	0.50666	0.10043	0.02031	0.02025	0.01518	0.00710	0.00584	0.00187	0.00538	0.02440	0.00524	0.00853
35	0.00870	0.00621	0.00867	0.00994	0.01112	0.00618	0.00853	0.01108	0.01253	0.01632	0.02945	0.13921	0.03237	0.01551	0.00759	0.00252	0.00490	0.65903	0.00510	0.00504
36	0.01345	0.00869	0.01336	0.01137	0.01391	0.00826	0.13042	0.09114	0.01385	0.19032	0.02352	0.39721	0.02380	0.01170	0.00649	0.00201	0.00491	0.02377	0.00518	0.00664
37	0.01320	0.01264	0.02156	0.15269	0.65609	0.01303	0.01674	0.01655	0.01237	0.01748	0.01033	0.01387	0.00856	0.00503	0.00549	0.00168	0.00671	0.00493	0.00270	0.00836
38	0.00791	0.00593	0.00890	0.00890	0.00989	0.00692	0.00692	0.00989	0.00890	0.01286	0.01483	0.02176	0.01385	0.04154	0.78341	0.00890	0.01483	0.00593	0.00297	0.00494
39	0.10957	0.00964	0.01235	0.00963	0.01379	0.00877	0.00794	0.02596	0.03951	0.67228	0.02040	0.01789	0.01301	0.00670	0.00535	0.00172	0.00466	0.00533	0.00646	0.00905
40	0.01090	0.01069	0.03460	0.49775	0.22278	0.01175	0.01475	0.01432	0.01164	0.01533	0.01480	0.01842	0.08674	0.00626	0.00562	0.00179	0.00672	0.00561	0.00281	0.00672
41	0.20741	0.01340	0.01373	0.01090	0.01478	0.01485	0.00894	0.50753	0.02118	0.03129	0.09035	0.01523	0.01309	0.00679	0.00516	0.00168	0.00532	0.00506	0.00512	0.00820
42	0.77438	0.01205	0.00878	0.00788	0.01126	0.07801	0.00640	0.01678	0.00996	0.02389	0.00778	0.00908	0.00609	0.00519	0.00356	0.00169	0.00477	0.00305	0.00338	0.00603
43	0.00991	0.00908	0.01475	0.63718	0.03246	0.01096	0.01362	0.01326	0.01139	0.01446	0.01647	0.02323	0.08869	0.00733	0.00584	0.00191	0.00669	0.07388	0.00299	0.00590
44	0.01109	0.00929	0.01241	0.24525	0.01994	0.00923	0.00931	0.08923	0.01267	0.01773	0.01492	0.19283	0.01456	0.00782	0.00536	0.00154	0.00510	0.00679	0.00369	0.31124
45	0.01030	0.00849	0.01341	0.01163	0.01393	0.00820	0.16195	0.08821	0.01355	0.03573	0.05141	0.31904	0.11326	0.01246	0.00677	0.00208	0.00503	0.11391	0.00476	0.00588

[dist]
# distance from previous block
# <min> <max>
0	6

[block]
# block no. 6 follows, 43 sequences, length 13
# corresponding to MSA columns:
# 243-255
name=unknown_G
#
# <colnr> <probs for GDERKNQSTAVLIFYWHMCP>
#	G	D	E	R	K	N	Q	S	T	A	V	L	I	F	Y	W	H	M	C	P
0	0.01777	0.01339	0.01362	0.01099	0.01437	0.07683	0.00862	0.39305	0.07663	0.08780	0.01491	0.01828	0.01211	0.15738	0.00970	0.00232	0.00592	0.00550	0.00489	0.05593
1	0.63223	0.01122	0.00963	0.00834	0.01175	0.01279	0.00680	0.15474	0.01264	0.02602	0.01031	0.06347	0.00872	0.00625	0.00407	0.00174	0.00455	0.00424	0.00394	0.00654
2	0.01851	0.01242	0.01446	0.01283	0.06625	0.01330	0.00965	0.26918	0.26975	0.19693	0.04440	0.01804	0.01436	0.00703	0.00561	0.00175	0.00512	0.00572	0.00570	0.00901
3	0.20056	0.01519	0.01411	0.01152	0.01538	0.10111	0.00932	0.41226	0.12011	0.02874	0.01279	0.01298	0.00942	0.00633	0.00503	0.00168	0.00590	0.00456	0.00479	0.00825
4	0.37667	0.01024	0.00977	0.00839	0.01168	0.05421	0.00680	0.01879	0.01260	0.25879	0.06509	0.01926	0.06413	0.00707	0.00475	0.00172	0.00451	0.02780	0.03084	0.00691
5	0.01148	0.00984	0.01148	0.00820	0.01312	0.00738	0.00656	0.01395	0.01148	0.01805	0.00984	0.01148	0.00820	0.00410	0.00410	0.00082	0.00410	0.00328	0.00328	0.83922
6	0.01148	0.00984	0.01148	0.00820	0.01312	0.00738	0.00656	0.01395	0.01148	0.01805	0.00984	0.01148	0.00820	0.00410	0.00410	0.00082	0.00410	0.00328	0.00328	0.83922
7	0.01148	0.00984	0.01148	0.00820	0.01312	0.00738	0.00656	0.01395	0.01148	0.01805	0.00984	0.01148	0.00820	0.00410	0.00410	0.00082	0.00410	0.00328	0.00328	0.83922
8	0.00962	0.00481	0.00722	0.00722	0.00722	0.00481	0.00481	0.00722	0.00722	0.00962	0.00962	0.01684	0.00962	0.01924	0.02165	0.83886	0.00481	0.00481	0.00241	0.00241
9	0.00703	0.00560	0.00630	0.00620	0.00780	0.00487	0.00462	0.00886	0.01367	0.01760	0.31752	0.07958	0.47443	0.01317	0.00656	0.00184	0.00275	0.01124	0.00549	0.00487
10	0.01742	0.03610	0.01332	0.01058	0.05744	0.00884	0.00803	0.02046	0.05208	0.33422	0.01548	0.01508	0.01095	0.00550	0.00486	0.00131	0.00457	0.00448	0.00483	0.37447
11	0.00805	0.00537	0.00604	0.00604	0.00604	0.00537	0.00336	0.00805	0.00805	0.01074	0.01745	0.03624	0.02013	0.80536	0.02819	0.00537	0.00537	0.00805	0.00336	0.00336
12	0.84448	0.01071	0.00814	0.00728	0.01071	0.01242	0.00600	0.01628	0.00943	0.02485	0.00771	0.00900	0.00600	0.00514	0.00343	0.00171	0.00428	0.00300	0.00343	0.00600

[dist]
# distance from previous block
# <min> <max>
0	1

[block]
# block no. 7 follows, 43 sequences, length 6
# corresponding to MSA columns:
# 257-262
name=unknown_H
#
# <colnr> <probs for GDERKNQSTAVLIFYWHMCP>
#	G	D	E	R	K	N	Q	S	T	A	V	L	I	F	Y	W	H	M	C	P
0	0.01405	0.01271	0.02288	0.14498	0.34147	0.01283	0.21514	0.01841	0.05707	0.08684	0.01231	0.01509	0.00939	0.00528	0.00579	0.00176	0.00715	0.00551	0.00326	0.00807
1	0.01518	0.01491	0.02001	0.12874	0.47309	0.12400	0.01508	0.10787	0.01450	0.01899	0.01043	0.01326	0.00843	0.00534	0.00543	0.00164	0.00711	0.00474	0.00306	0.00817
2	0.00842	0.00657	0.00720	0.00694	0.00866	0.00613	0.00514	0.09060	0.01388	0.01765	0.12832	0.17256	0.43754	0.05568	0.00768	0.00208	0.00335	0.01124	0.00520	0.00516
3	0.01495	0.40402	0.15183	0.01479	0.08709	0.01695	0.11775	0.01810	0.01222	0.09922	0.01039	0.01176	0.00816	0.00507	0.00466	0.00148	0.00671	0.00413	0.00296	0.00775
4	0.09294	0.05923	0.01869	0.01378	0.01796	0.07563	0.19674	0.08890	0.15234	0.18028	0.01630	0.01649	0.03287	0.00624	0.00549	0.00173	0.00636	0.00552	0.00454	0.00798
5	0.01502	0.04418	0.01394	0.01144	0.01439	0.08002	0.00926	0.14233	0.22144	0.06436	0.01710	0.05160	0.01463	0.00822	0.00709	0.00181	0.09907	0.08605	0.00461	0.09344

[dist]
# distance from previous block
# <min> <max>
0	5

[block]
# block no. 8 follows, 43 sequences, length 10
# corresponding to MSA columns:
# 268-277
name=unknown_I
#
# <colnr> <probs for GDERKNQSTAVLIFYWHMCP>
#	G	D	E	R	K	N	Q	S	T	A	V	L	I	F	Y	W	H	M	C	P
0	0.01841	0.09743	0.01797	0.11764	0.04001	0.13273	0.07328	0.13590	0.05630	0.21576	0.01390	0.01447	0.00994	0.00598	0.00531	0.00162	0.00664	0.00486	0.00436	0.02748
1	0.01349	0.53015	0.29600	0.01173	0.01770	0.01868	0.01340	0.01692	0.01141	0.01464	0.00850	0.00989	0.00707	0.00493	0.00416	0.00139	0.00673	0.00337	0.00236	0.00749
2	0.01244	0.01045	0.01730	0.43585	0.25060	0.01164	0.01457	0.01573	0.01200	0.08019	0.01270	0.04486	0.01054	0.00636	0.00568	0.00182	0.00666	0.04036	0.00314	0.00710
3	0.01845	0.18951	0.01793	0.01291	0.01603	0.55661	0.01029	0.02004	0.01451	0.01370	0.01015	0.01422	0.00923	0.00632	0.00492	0.00147	0.00871	0.06560	0.00294	0.00645
4	0.00805	0.00537	0.00604	0.00604	0.00604	0.00537	0.00336	0.00805	0.00805	0.01074	0.01745	0.03624	0.02013	0.80536	0.02819	0.00537	0.00537	0.00805	0.00336	0.00336
5	0.01327	0.01271	0.02168	0.13694	0.67131	0.01304	0.01678	0.01661	0.01240	0.01756	0.01034	0.01385	0.00858	0.00502	0.00549	0.00167	0.00669	0.00493	0.00270	0.00842
6	0.02105	0.01551	0.01662	0.01274	0.01717	0.01717	0.01053	0.75235	0.02604	0.03490	0.01330	0.01330	0.00942	0.00665	0.00554	0.00166	0.00609	0.00499	0.00554	0.00942
7	0.00748	0.00581	0.00786	0.00864	0.00892	0.00619	0.00609	0.00847	0.01032	0.01403	0.02737	0.69451	0.03264	0.01631	0.00858	0.00227	0.11078	0.01426	0.00477	0.00471
8	0.19026	0.08038	0.02105	0.01475	0.01922	0.03487	0.30576	0.01942	0.03699	0.17222	0.04309	0.01507	0.01086	0.00561	0.00536	0.00173	0.00664	0.00534	0.00394	0.00745
9	0.03981	0.04358	0.04975	0.01029	0.01421	0.01099	0.00866	0.17566	0.10083	0.22779	0.01796	0.12208	0.01465	0.00769	0.00540	0.00164	0.00488	0.00632	0.00518	0.13262

[dist]
# distance from previous block
# <min> <max>
1	5

[block]
# block no. 9 follows, 43 sequences, length 26
# corresponding to MSA columns:
# 283-308
name=unknown_J
#
# <colnr> <probs for GDERKNQSTAVLIFYWHMCP>
#	G	D	E	R	K	N	Q	S	T	A	V	L	I	F	Y	W	H	M	C	P
0	0.01453	0.14427	0.16278	0.02419	0.43272	0.01401	0.01553	0.01805	0.01255	0.09408	0.01105	0.01308	0.00868	0.00516	0.00514	0.00160	0.00658	0.00452	0.00302	0.00846
1	0.09267	0.42267	0.05165	0.04367	0.25793	0.01755	0.01216	0.01664	0.01153	0.01597	0.00873	0.01074	0.00754	0.00489	0.00429	0.00143	0.00611	0.00371	0.00259	0.00754
2	0.01287	0.01813	0.26460	0.02815	0.53106	0.01306	0.01811	0.01717	0.01232	0.01792	0.01026	0.01306	0.00821	0.00504	0.00541	0.00168	0.00709	0.00466	0.00261	0.00858
3	0.01220	0.04461	0.30665	0.01163	0.01716	0.06627	0.01224	0.01593	0.01196	0.04886	0.01232	0.09201	0.01075	0.00615	0.00496	0.00142	0.00610	0.00497	0.00320	0.31062
4	0.01988	0.01243	0.01414	0.01112	0.01505	0.01305	0.00908	0.41978	0.07030	0.22774	0.09057	0.01912	0.03707	0.00743	0.00568	0.00170	0.00518	0.00591	0.00594	0.00883
5	0.01359	0.01285	0.02087	0.06138	0.63675	0.01321	0.01579	0.01860	0.11598	0.01864	0.01207	0.01471	0.00984	0.00532	0.00551	0.00169	0.00631	0.00512	0.00313	0.00867
6	0.01111	0.02865	0.77667	0.01579	0.02397	0.01286	0.02046	0.01754	0.01169	0.01754	0.00994	0.01169	0.00702	0.00526	0.00526	0.00175	0.00818	0.00409	0.00234	0.00818
7	0.01971	0.02662	0.09305	0.01442	0.01782	0.70483	0.01169	0.02165	0.01529	0.01396	0.00870	0.01016	0.00712	0.00566	0.00502	0.00146	0.00980	0.00362	0.00280	0.00660
8	0.01570	0.32940	0.18223	0.01236	0.01747	0.09519	0.03685	0.11432	0.08127	0.05006	0.01103	0.01184	0.00859	0.00553	0.00469	0.00150	0.00676	0.00405	0.00332	0.00782
9	0.01314	0.05428	0.64397	0.01474	0.02226	0.01254	0.01836	0.01881	0.01225	0.12204	0.01150	0.01258	0.00794	0.00546	0.00524	0.00173	0.00762	0.00426	0.00296	0.00832
10	0.00805	0.00537	0.00604	0.00604	0.00604	0.00537	0.00336	0.00805	0.00805	0.01074	0.01745	0.03624	0.02013	0.80536	0.02819	0.00537	0.00537	0.00805	0.00336	0.00336
11	0.01826	0.02240	0.01574	0.01404	0.01685	0.59666	0.06268	0.02084	0.06590	0.01457	0.01194	0.09156	0.01089	0.00694	0.00536	0.00157	0.00887	0.00520	0.00327	0.00646
12	0.02149	0.01097	0.01321	0.01130	0.04607	0.05625	0.00869	0.04137	0.13649	0.52566	0.05384	0.01928	0.01525	0.00701	0.00558	0.00172	0.00499	0.00572	0.00618	0.00892
13	0.01084	0.00807	0.01088	0.01079	0.01264	0.00827	0.04125	0.14041	0.01471	0.01940	0.02594	0.18138	0.02775	0.01368	0.00713	0.00231	0.00513	0.44850	0.00508	0.00585
14	0.01046	0.00984	0.01661	0.79205	0.03814	0.01230	0.01538	0.01415	0.01107	0.01415	0.00984	0.01477	0.00738	0.00554	0.00554	0.00185	0.00738	0.00492	0.00246	0.00615
15	0.01931	0.02051	0.01526	0.01324	0.01656	0.42244	0.01024	0.21117	0.17721	0.02109	0.01276	0.01311	0.00980	0.00633	0.00527	0.00158	0.00779	0.00451	0.00414	0.00769
16	0.01319	0.23144	0.44953	0.01453	0.02109	0.09361	0.06983	0.01777	0.01209	0.01597	0.00931	0.01102	0.00715	0.00513	0.00488	0.00158	0.00786	0.00392	0.00243	0.00767
17	0.02485	0.00943	0.01285	0.00985	0.01414	0.00814	0.00814	0.02699	0.01585	0.77465	0.02185	0.01885	0.01371	0.00685	0.00557	0.00171	0.00471	0.00557	0.00685	0.00943
18	0.00655	0.00561	0.00561	0.00561	0.00748	0.00468	0.00421	0.00795	0.01262	0.01496	0.05610	0.05330	0.76857	0.01403	0.00655	0.00187	0.00281	0.01169	0.00514	0.00468
19	0.02485	0.00943	0.01285	0.00985	0.01414	0.00814	0.00814	0.02699	0.01585	0.77465	0.02185	0.01885	0.01371	0.00685	0.00557	0.00171	0.00471	0.00557	0.00685	0.00943
20	0.01024	0.02160	0.53536	0.01313	0.01921	0.01069	0.01577	0.01582	0.03286	0.01903	0.22791	0.02045	0.02027	0.00706	0.00564	0.00175	0.00648	0.00585	0.00351	0.00735
21	0.02485	0.00943	0.01285	0.00985	0.01414	0.00814	0.00814	0.02699	0.01585	0.77465	0.02185	0.01885	0.01371	0.00685	0.00557	0.00171	0.00471	0.00557	0.00685	0.00943
22	0.01816	0.01328	0.01412	0.01168	0.01543	0.03831	0.00936	0.28467	0.37008	0.13529	0.01873	0.01746	0.01349	0.00706	0.00557	0.00176	0.00521	0.00563	0.00569	0.00902
23	0.01484	0.01278	0.02150	0.03154	0.69389	0.01265	0.01610	0.01801	0.01294	0.09500	0.01158	0.01423	0.00927	0.00513	0.00549	0.00165	0.00639	0.00500	0.00316	0.00884
24	0.01892	0.00938	0.01274	0.01209	0.09007	0.00868	0.00863	0.05701	0.05252	0.44346	0.02147	0.15273	0.01729	0.00857	0.00581	0.00179	0.00468	0.02498	0.00582	0.04337
25	0.76913	0.01059	0.00857	0.00752	0.01103	0.01203	0.00619	0.01726	0.01002	0.09378	0.00901	0.00990	0.00671	0.00530	0.00362	0.00171	0.00432	0.00324	0.00374	0.00631

[dist]
# distance from previous block
# <min> <max>
0	1

[block]
# block no. 10 follows, 43 sequences, length 56
# corresponding to MSA columns:
# 310-365
name=unknown_K
#
# <colnr> <probs for GDERKNQSTAVLIFYWHMCP>
#	G	D	E	R	K	N	Q	S	T	A	V	L	I	F	Y	W	H	M	C	P
0	0.19526	0.00998	0.01156	0.00988	0.01287	0.01057	0.05958	0.06909	0.20381	0.03866	0.14879	0.09684	0.03886	0.00826	0.00542	0.00176	0.00436	0.00697	0.00483	0.06266
1	0.01322	0.01266	0.02160	0.14787	0.66075	0.01303	0.01675	0.01657	0.01238	0.01750	0.01033	0.01387	0.00856	0.00503	0.00549	0.00168	0.00670	0.00493	0.00270	0.00838
2	0.01371	0.01316	0.02248	0.03399	0.77081	0.01316	0.01700	0.01700	0.01261	0.01809	0.01042	0.01371	0.00877	0.00493	0.00548	0.00164	0.00658	0.00493	0.00274	0.00877
3	0.01054	0.00820	0.00947	0.00852	0.01064	0.00852	0.00657	0.08720	0.20627	0.02314	0.45046	0.03428	0.09365	0.01010	0.00621	0.00178	0.00342	0.00870	0.00585	0.00649
4	0.00805	0.00537	0.00604	0.00604	0.00604	0.00537	0.00336	0.00805	0.00805	0.01074	0.01745	0.03624	0.02013	0.80536	0.02819	0.00537	0.00537	0.00805	0.00336	0.00336
5	0.84448	0.01071	0.00814	0.00728	0.01071	0.01242	0.00600	0.01628	0.00943	0.02485	0.00771	0.00900	0.00600	0.00514	0.00343	0.00171	0.00428	0.00300	0.00343	0.00600
6	0.84448	0.01071	0.00814	0.00728	0.01071	0.01242	0.00600	0.01628	0.00943	0.02485	0.00771	0.00900	0.00600	0.00514	0.00343	0.00171	0.00428	0.00300	0.00343	0.00600
7	0.76358	0.01085	0.00900	0.00799	0.01108	0.01287	0.00659	0.01599	0.00933	0.02373	0.00767	0.00930	0.00612	0.00558	0.00486	0.00178	0.08116	0.00318	0.00333	0.00600
8	0.42978	0.01284	0.01397	0.01119	0.01511	0.08692	0.11967	0.05533	0.01272	0.17744	0.01150	0.01223	0.00823	0.00555	0.00459	0.00171	0.00578	0.00421	0.00409	0.00713
9	0.01298	0.01399	0.02852	0.10077	0.21882	0.01362	0.49233	0.01720	0.01276	0.01748	0.01087	0.01461	0.00840	0.00482	0.00617	0.00181	0.00844	0.00597	0.00275	0.00767
