[name]
unknown

[dist]
# distance from previous block
# <min> <max>
9	930

[block]
# block no. 0 follows, 51 sequences, length 11
# corresponding to MSA columns:
# 934-944
name=unknown_A
#
# <colnr> <probs for GDERKNQSTAVLIFYWHMCP>
#	G	D	E	R	K	N	Q	S	T	A	V	L	I	F	Y	W	H	M	C	P
0	0.01209	0.01289	0.01329	0.01116	0.01323	0.20895	0.04653	0.01365	0.01021	0.01326	0.00943	0.08572	0.00911	0.00680	0.00845	0.00151	0.28302	0.00462	0.00269	0.23340
1	0.01044	0.00760	0.00910	0.00805	0.00978	0.00776	0.00609	0.13209	0.02627	0.05619	0.01711	0.16544	0.03532	0.21278	0.01109	0.00240	0.07295	0.06832	0.00385	0.13738
2	0.32786	0.00915	0.01146	0.00948	0.01235	0.00949	0.12580	0.09786	0.01118	0.06290	0.01372	0.21304	0.01325	0.00737	0.00462	0.00161	0.00445	0.00630	0.00370	0.05439
3	0.12607	0.10529	0.01439	0.21046	0.01844	0.15431	0.00951	0.16018	0.01348	0.12823	0.01015	0.01135	0.00746	0.00516	0.00439	0.00144	0.00591	0.00383	0.00341	0.00653
4	0.01328	0.09969	0.44324	0.01284	0.01826	0.21084	0.01408	0.10301	0.01266	0.01605	0.00866	0.00992	0.00650	0.00486	0.00449	0.00143	0.00726	0.00351	0.00251	0.00691
5	0.00660	0.00465	0.00578	0.00613	0.00659	0.00441	0.00403	0.00755	0.00985	0.01337	0.21505	0.34164	0.05785	0.27969	0.01227	0.00278	0.00333	0.01035	0.00425	0.00383
6	0.00680	0.00488	0.00561	0.00561	0.00614	0.00480	0.00359	0.00734	0.00826	0.01071	0.02371	0.03420	0.21053	0.51821	0.12540	0.00441	0.00533	0.00770	0.00333	0.00346
7	0.01608	0.00733	0.00975	0.00832	0.01124	0.00645	0.00693	0.01801	0.01286	0.47517	0.02393	0.02949	0.10445	0.00854	0.00543	0.00168	0.00405	0.19434	0.00536	0.05059
8	0.00777	0.20994	0.01069	0.00723	0.00849	0.00784	0.00552	0.00880	0.00955	0.01230	0.02204	0.62086	0.02598	0.01261	0.00550	0.00176	0.00345	0.01115	0.00395	0.00457
9	0.64991	0.00931	0.00796	0.00667	0.01004	0.00991	0.00545	0.01393	0.00882	0.02055	0.00731	0.00853	0.00581	0.00433	0.00319	0.00132	0.00376	0.00272	0.00301	0.21746
10	0.01520	0.01196	0.01393	0.01423	0.16497	0.04824	0.00962	0.22029	0.32209	0.10378	0.01516	0.01484	0.01118	0.00589	0.00492	0.00154	0.00492	0.00486	0.00448	0.00790

[dist]
# distance from previous block
# <min> <max>
2	30

[block]
# block no. 1 follows, 51 sequences, length 9
# corresponding to MSA columns:
# 976-984
name=unknown_B
#
# <colnr> <probs for GDERKNQSTAVLIFYWHMCP>
#	G	D	E	R	K	N	Q	S	T	A	V	L	I	F	Y	W	H	M	C	P
0	0.01348	0.36303	0.15503	0.13409	0.01787	0.16953	0.01104	0.01599	0.01102	0.05569	0.00830	0.00979	0.00666	0.00466	0.00403	0.00130	0.00644	0.00330	0.00241	0.00634
1	0.05718	0.16918	0.01727	0.49350	0.14545	0.01270	0.01239	0.01347	0.00999	0.01342	0.00834	0.01166	0.00663	0.00467	0.00446	0.00149	0.00604	0.00394	0.00225	0.00597
2	0.01116	0.01065	0.01813	0.30360	0.53105	0.01141	0.01458	0.01420	0.01072	0.01484	0.00907	0.01249	0.00735	0.00456	0.00488	0.00152	0.00609	0.00437	0.00235	0.00697
3	0.01043	0.13539	0.01744	0.53871	0.17911	0.01237	0.01312	0.01338	0.01012	0.01308	0.00854	0.01212	0.00675	0.00470	0.00463	0.00151	0.00621	0.00410	0.00222	0.00604
4	0.01212	0.14343	0.40782	0.16839	0.02105	0.01191	0.01410	0.01613	0.01077	0.13476	0.01012	0.01150	0.00721	0.00486	0.00453	0.00149	0.00634	0.00382	0.00272	0.00693
5	0.01764	0.01230	0.16537	0.01010	0.01438	0.00929	0.00953	0.04893	0.16451	0.46868	0.01719	0.01563	0.01143	0.00591	0.00490	0.00155	0.00477	0.00479	0.00505	0.00803
6	0.04919	0.01149	0.01268	0.00995	0.01358	0.02991	0.00813	0.40104	0.07947	0.23582	0.05007	0.01451	0.01145	0.00603	0.00483	0.00147	0.00476	0.00470	0.00505	0.04587
7	0.10250	0.01140	0.01219	0.00956	0.01331	0.01194	0.00777	0.36889	0.13883	0.06595	0.01230	0.01234	0.00905	0.00538	0.00445	0.00134	0.00454	0.00411	0.00435	0.19981
8	0.04157	0.01165	0.01251	0.01027	0.01354	0.03113	0.00831	0.40643	0.19295	0.11372	0.01574	0.05888	0.01236	0.00689	0.00503	0.00158	0.00478	0.04009	0.00492	0.00767

[dist]
# distance from previous block
# <min> <max>
2	10

[block]
# block no. 2 follows, 51 sequences, length 11
# corresponding to MSA columns:
# 995-1005
name=unknown_C
#
# <colnr> <probs for GDERKNQSTAVLIFYWHMCP>
#	G	D	E	R	K	N	Q	S	T	A	V	L	I	F	Y	W	H	M	C	P
0	0.01626	0.01322	0.01335	0.01084	0.01404	0.15411	0.04827	0.35778	0.04491	0.10645	0.08918	0.01778	0.05131	0.00669	0.00508	0.00150	0.00552	0.03214	0.00451	0.00707
1	0.05919	0.01003	0.01462	0.01790	0.35075	0.00994	0.01046	0.05713	0.07506	0.25496	0.07790	0.01583	0.01277	0.00563	0.00488	0.00151	0.00476	0.00493	0.00415	0.00760
2	0.04538	0.01030	0.01371	0.29487	0.08314	0.04444	0.01047	0.13031	0.03471	0.26445	0.01278	0.01376	0.00887	0.00543	0.00483	0.00154	0.00551	0.00448	0.00396	0.00706
3	0.01156	0.00911	0.01445	0.01994	0.45590	0.00898	0.01051	0.01364	0.01068	0.09798	0.06736	0.01911	0.01339	0.19181	0.03279	0.00241	0.00538	0.00541	0.00316	0.00644
4	0.01115	0.01064	0.01811	0.30654	0.52819	0.01141	0.01458	0.01419	0.01071	0.01482	0.00906	0.01249	0.00735	0.00457	0.00488	0.00152	0.00609	0.00437	0.00234	0.00697
5	0.14939	0.00761	0.00837	0.00715	0.00990	0.00730	0.00569	0.01511	0.10733	0.17807	0.11810	0.02507	0.19714	0.00772	0.00482	0.00149	0.00340	0.02332	0.00457	0.11846
6	0.09440	0.01318	0.01645	0.08771	0.39453	0.11544	0.01212	0.17437	0.01364	0.01890	0.00929	0.01134	0.00738	0.00485	0.00465	0.00146	0.00601	0.00407	0.00300	0.00720
7	0.00749	0.00531	0.00651	0.00698	0.00796	0.00502	0.00502	0.06235	0.01101	0.03963	0.03029	0.53651	0.18431	0.01371	0.00607	0.00189	0.00310	0.05770	0.00463	0.00451
8	0.05565	0.00989	0.01322	0.01493	0.23251	0.01012	0.00945	0.16491	0.08014	0.16542	0.04780	0.07547	0.03656	0.00703	0.00510	0.00159	0.00465	0.05407	0.00431	0.00717
9	0.01408	0.20902	0.04866	0.10319	0.07143	0.04188	0.00968	0.19073	0.07646	0.06844	0.01057	0.01151	0.00811	0.00498	0.00431	0.00131	0.00531	0.00384	0.00338	0.11310
10	0.26942	0.01089	0.09133	0.00865	0.01192	0.01000	0.00761	0.12497	0.03910	0.14795	0.02640	0.04283	0.01038	0.08203	0.00662	0.00181	0.03652	0.00451	0.00383	0.06324

[dist]
# distance from previous block
# <min> <max>
3	33

[block]
# block no. 3 follows, 51 sequences, length 12
# corresponding to MSA columns:
# 1041-1052
name=unknown_D
#
# <colnr> <probs for GDERKNQSTAVLIFYWHMCP>
#	G	D	E	R	K	N	Q	S	T	A	V	L	I	F	Y	W	H	M	C	P
0	0.05893	0.01204	0.01254	0.00996	0.01339	0.03391	0.00805	0.49040	0.09639	0.04559	0.01480	0.01537	0.05851	0.04436	0.00572	0.00161	0.00490	0.00483	0.00455	0.06415
1	0.34793	0.01096	0.01081	0.00874	0.01218	0.01199	0.00716	0.31564	0.05713	0.07196	0.03776	0.01172	0.00901	0.00542	0.00413	0.00146	0.00440	0.00388	0.00414	0.06359
2	0.08089	0.01004	0.01096	0.00892	0.01179	0.01067	0.00707	0.32304	0.07187	0.09156	0.01621	0.04409	0.07266	0.11190	0.00774	0.00191	0.03209	0.00541	0.00433	0.07686
3	0.01482	0.01159	0.01222	0.00958	0.01311	0.05154	0.00770	0.37877	0.08033	0.04762	0.07232	0.01455	0.01191	0.03353	0.00533	0.00141	0.00472	0.00453	0.00431	0.22012
4	0.01142	0.01126	0.07863	0.01101	0.01422	0.04669	0.14842	0.13231	0.01326	0.06059	0.09528	0.02312	0.20697	0.00756	0.00615	0.00157	0.06902	0.00639	0.00382	0.05230
5	0.01227	0.01056	0.01153	0.01018	0.01161	0.10447	0.00809	0.12311	0.05375	0.05258	0.01286	0.11039	0.01180	0.01097	0.09034	0.00236	0.25833	0.00557	0.09348	0.00576
6	0.09393	0.15210	0.53509	0.01215	0.01824	0.01298	0.01462	0.07841	0.01117	0.01682	0.00855	0.00986	0.00633	0.00469	0.00429	0.00147	0.00645	0.00344	0.00241	0.00701
7	0.01173	0.01043	0.01169	0.00997	0.01247	0.09650	0.07064	0.18348	0.09922	0.01786	0.01829	0.14233	0.09240	0.01248	0.12848	0.00252	0.00624	0.00663	0.00389	0.06274
8	0.00854	0.00427	0.00640	0.00640	0.00640	0.00427	0.00427	0.00640	0.00640	0.00854	0.00854	0.01494	0.00854	0.01707	0.01921	0.85702	0.00427	0.00427	0.00213	0.00213
9	0.01062	0.21370	0.62028	0.01270	0.01924	0.01329	0.01588	0.01536	0.01028	0.01463	0.00835	0.00979	0.00624	0.00456	0.00431	0.00144	0.00679	0.00340	0.00208	0.00704
10	0.01147	0.14138	0.09131	0.01767	0.02252	0.01310	0.56429	0.01520	0.01116	0.01494	0.01006	0.04520	0.00820	0.00465	0.00531	0.00157	0.00751	0.00546	0.00248	0.00652
11	0.00995	0.00591	0.00727	0.00701	0.00832	0.00577	0.00529	0.05316	0.01094	0.12185	0.05784	0.10055	0.08370	0.22388	0.04792	0.00281	0.00435	0.14718	0.09151	0.00479

[dist]
# distance from previous block
# <min> <max>
0	1

[block]
# block no. 4 follows, 51 sequences, length 6
# corresponding to MSA columns:
# 1054-1059
name=unknown_E
#
# <colnr> <probs for GDERKNQSTAVLIFYWHMCP>
#	G	D	E	R	K	N	Q	S	T	A	V	L	I	F	Y	W	H	M	C	P
0	0.07011	0.00968	0.01149	0.00891	0.01267	0.04651	0.00730	0.09162	0.01423	0.58134	0.01651	0.01484	0.01073	0.00573	0.00470	0.00144	0.00445	0.00451	0.00537	0.07787
1	0.00968	0.07574	0.04741	0.00851	0.01088	0.00852	0.03590	0.01469	0.20755	0.05207	0.12249	0.06580	0.16493	0.04670	0.00632	0.00182	0.00396	0.10694	0.00438	0.00573
2	0.01148	0.42399	0.41750	0.01123	0.01698	0.01539	0.01333	0.01514	0.01018	0.01358	0.00784	0.00914	0.00627	0.00444	0.00392	0.00131	0.00627	0.00313	0.00209	0.00679
3	0.00875	0.00464	0.00478	0.00474	0.00592	0.00456	0.00356	0.01097	0.01068	0.01811	0.08548	0.02181	0.06671	0.00654	0.00379	0.00121	0.00231	0.00533	0.72554	0.00456
4	0.01128	0.37387	0.46583	0.01158	0.01752	0.01489	0.01394	0.01520	0.01021	0.01383	0.00796	0.00930	0.00626	0.00447	0.00401	0.00134	0.00639	0.00320	0.00209	0.00685
5	0.01334	0.01183	0.01095	0.00959	0.01208	0.15710	0.00744	0.28113	0.05600	0.01965	0.01852	0.20886	0.07936	0.00871	0.00522	0.00157	0.00499	0.03327	0.00424	0.05616

[dist]
# distance from previous block
# <min> <max>
0	1

[block]
# block no. 5 follows, 51 sequences, length 15
# corresponding to MSA columns:
# 1061-1075
name=unknown_F
#
# <colnr> <probs for GDERKNQSTAVLIFYWHMCP>
#	G	D	E	R	K	N	Q	S	T	A	V	L	I	F	Y	W	H	M	C	P
0	0.01156	0.03941	0.14286	0.00949	0.01276	0.01005	0.00866	0.13013	0.22365	0.05478	0.20790	0.04130	0.02025	0.03642	0.00578	0.00166	0.00435	0.00597	0.00441	0.02860
1	0.01425	0.36788	0.12121	0.01062	0.01457	0.23568	0.00993	0.04635	0.10979	0.01408	0.00915	0.00994	0.00748	0.00488	0.00400	0.00127	0.00635	0.00334	0.00269	0.00652
2	0.00654	0.00469	0.00585	0.00633	0.00719	0.00423	0.00445	0.00779	0.01081	0.03384	0.18086	0.47088	0.21159	0.01344	0.00604	0.00182	0.00270	0.01192	0.00476	0.00426
3	0.00802	0.00536	0.00614	0.00574	0.00742	0.00466	0.00432	0.00955	0.01201	0.10372	0.23884	0.04025	0.46849	0.05544	0.00675	0.00178	0.00276	0.00919	0.00487	0.00469
4	0.03713	0.06520	0.32246	0.01233	0.03331	0.11397	0.04475	0.08851	0.08060	0.09186	0.01305	0.01358	0.05074	0.00551	0.00470	0.00150	0.00625	0.00433	0.00323	0.00702
5	0.03645	0.06589	0.01149	0.00882	0.01186	0.01057	0.00714	0.10054	0.32729	0.20765	0.02009	0.01882	0.08101	0.00667	0.00476	0.00153	0.00398	0.00537	0.06278	0.00728
6	0.00627	0.00502	0.00562	0.00555	0.00702	0.00437	0.00421	0.00790	0.01207	0.01540	0.28682	0.04427	0.52111	0.01173	0.00585	0.00165	0.00253	0.04347	0.00483	0.00432
7	0.00938	0.00901	0.03883	0.01210	0.12646	0.07761	0.03250	0.04317	0.03031	0.01373	0.01552	0.21986	0.01585	0.03571	0.29236	0.00396	0.00800	0.00712	0.00322	0.00530
8	0.04548	0.04200	0.14825	0.01225	0.06639	0.01081	0.06442	0.12688	0.10267	0.29461	0.02756	0.01432	0.01046	0.00558	0.00484	0.00153	0.00524	0.00465	0.00436	0.00771
9	0.01913	0.00962	0.01072	0.00863	0.01195	0.10097	0.00696	0.02085	0.01361	0.58686	0.02265	0.02048	0.13124	0.00694	0.00501	0.00151	0.00447	0.00556	0.00543	0.00740
10	0.04418	0.00618	0.00676	0.00653	0.00818	0.00601	0.00491	0.06068	0.06628	0.06089	0.03159	0.18205	0.32466	0.05526	0.00649	0.00185	0.00319	0.04026	0.07912	0.00493
11	0.01147	0.23909	0.52651	0.01240	0.01844	0.08339	0.01481	0.01569	0.01058	0.01419	0.00818	0.00958	0.00626	0.00458	0.00425	0.00140	0.00687	0.00332	0.00212	0.00687
12	0.01184	0.01257	0.02643	0.05305	0.02457	0.01176	0.66382	0.01573	0.01153	0.04818	0.01020	0.01319	0.00760	0.00422	0.00559	0.00159	0.00774	0.00551	0.00265	0.06223
13	0.01268	0.01429	0.01555	0.01281	0.01519	0.29205	0.20219	0.03232	0.01155	0.01322	0.01357	0.08699	0.06183	0.10339	0.00862	0.00196	0.08764	0.00586	0.00290	0.00539
14	0.01298	0.79185	0.06278	0.00868	0.01303	0.01906	0.00887	0.01476	0.01000	0.01175	0.00693	0.00800	0.00630	0.00423	0.00323	0.00108	0.00535	0.00268	0.00210	0.00635

[dist]
# distance from previous block
# <min> <max>
2	3

[block]
# block no. 6 follows, 51 sequences, length 14
# corresponding to MSA columns:
# 1079-1092
name=unknown_G
#
# <colnr> <probs for GDERKNQSTAVLIFYWHMCP>
#	G	D	E	R	K	N	Q	S	T	A	V	L	I	F	Y	W	H	M	C	P
0	0.06387	0.00550	0.00665	0.00637	0.00772	0.00519	0.00477	0.01004	0.01208	0.07372	0.41689	0.10423	0.12699	0.08560	0.00742	0.00193	0.00296	0.04853	0.00486	0.00468
1	0.15163	0.00570	0.00657	0.00648	0.00783	0.00566	0.00492	0.00973	0.01196	0.01837	0.45770	0.16288	0.06336	0.01031	0.00547	0.00167	0.00281	0.05756	0.00478	0.00462
2	0.15898	0.00946	0.01327	0.53795	0.02632	0.01128	0.01136	0.10637	0.01139	0.05533	0.00930	0.01224	0.00683	0.00503	0.00459	0.00159	0.00582	0.00411	0.00286	0.00593
3	0.00620	0.00465	0.00600	0.00659	0.00733	0.00444	0.00467	0.00740	0.00984	0.01301	0.08458	0.46650	0.18825	0.01812	0.14519	0.00292	0.00453	0.01135	0.00429	0.00414
4	0.00619	0.00492	0.00556	0.00555	0.00691	0.00429	0.00410	0.00774	0.01189	0.01526	0.28598	0.12025	0.48003	0.01197	0.00585	0.00166	0.00247	0.01025	0.00483	0.00429
5	0.00916	0.00458	0.00458	0.00458	0.00573	0.00458	0.00344	0.01145	0.01031	0.01832	0.01603	0.01832	0.01260	0.00573	0.00344	0.00115	0.00229	0.00458	0.85457	0.00458
6	0.75993	0.01002	0.00813	0.00705	0.01020	0.01153	0.00581	0.10714	0.01015	0.02313	0.00744	0.00844	0.00569	0.00472	0.00327	0.00152	0.00400	0.00287	0.00327	0.00569
7	0.01397	0.00737	0.00909	0.00759	0.01006	0.00701	0.00603	0.12679	0.01461	0.28892	0.25956	0.05125	0.07427	0.00797	0.00515	0.00151	0.00344	0.00671	0.09230	0.00640
8	0.00597	0.00494	0.00523	0.00526	0.00676	0.00420	0.00391	0.00733	0.01144	0.01407	0.14589	0.09676	0.64663	0.01232	0.00584	0.00167	0.00249	0.01041	0.00467	0.00420
9	0.01183	0.01133	0.01934	0.12154	0.70789	0.01159	0.01492	0.01479	0.01103	0.01565	0.00918	0.01227	0.00764	0.00444	0.00487	0.00148	0.00592	0.00438	0.00240	0.00751
10	0.01133	0.01113	0.01495	0.01245	0.01438	0.10391	0.16810	0.10511	0.01151	0.01513	0.01361	0.21703	0.01383	0.01050	0.06060	0.00220	0.19838	0.00700	0.00324	0.00562
11	0.00907	0.00595	0.00743	0.00762	0.00887	0.00589	0.00557	0.01243	0.14221	0.10612	0.07574	0.48373	0.04793	0.01232	0.00588	0.00186	0.00322	0.04809	0.00487	0.00521
12	0.01041	0.00836	0.00922	0.00857	0.01082	0.00893	0.00690	0.12622	0.28572	0.01886	0.04663	0.03351	0.22270	0.00966	0.00561	0.00176	0.00384	0.17139	0.00478	0.00613
13	0.01593	0.01504	0.14340	0.01149	0.01574	0.01400	0.01048	0.50291	0.17477	0.02634	0.01296	0.01288	0.00934	0.00585	0.00489	0.00153	0.00541	0.00452	0.00447	0.00806

[dist]
# distance from previous block
# <min> <max>
0	8

[block]
# block no. 7 follows, 51 sequences, length 40
# corresponding to MSA columns:
# 1101-1140
name=unknown_H
#
# <colnr> <probs for GDERKNQSTAVLIFYWHMCP>
#	G	D	E	R	K	N	Q	S	T	A	V	L	I	F	Y	W	H	M	C	P
0	0.01065	0.01013	0.01721	0.44346	0.39520	0.01128	0.01433	0.01375	0.01047	0.01421	0.00898	0.01266	0.00714	0.00466	0.00489	0.00155	0.00621	0.00437	0.00230	0.00656
1	0.01717	0.01291	0.01324	0.01062	0.01411	0.07606	0.00857	0.46536	0.13824	0.10541	0.01401	0.04594	0.01055	0.00627	0.00490	0.00149	0.00515	0.00488	0.00477	0.04037
2	0.01216	0.01168	0.01995	0.03016	0.79664	0.01168	0.01508	0.01508	0.01119	0.01605	0.00924	0.01216	0.00778	0.00438	0.00487	0.00146	0.00584	0.00438	0.00243	0.00778
3	0.03860	0.01026	0.00971	0.00834	0.01066	0.13384	0.00639	0.16444	0.01426	0.03918	0.24042	0.06569	0.06290	0.06654	0.00645	0.00165	0.00443	0.00633	0.00424	0.10567
4	0.01236	0.63971	0.20948	0.00973	0.01466	0.01754	0.01072	0.01492	0.01008	0.01251	0.00730	0.00847	0.00629	0.00431	0.00351	0.00117	0.00573	0.00287	0.00210	0.00653
5	0.01509	0.01454	0.01263	0.01085	0.01358	0.26730	0.00863	0.26535	0.03227	0.01891	0.01167	0.01583	0.01003	0.00973	0.09416	0.00216	0.04006	0.07669	0.00358	0.07692
6	0.00715	0.00514	0.00622	0.00588	0.00730	0.00457	0.00443	0.00909	0.01301	0.04741	0.51474	0.03949	0.29607	0.01070	0.00577	0.00158	0.00245	0.00923	0.00515	0.00462
7	0.06870	0.00655	0.00882	0.00806	0.00999	0.00611	0.03523	0.02809	0.01139	0.28068	0.04546	0.42622	0.02282	0.01075	0.00555	0.00177	0.00360	0.00951	0.00493	0.00576
8	0.00993	0.00721	0.00862	0.00796	0.00971	0.00763	0.00628	0.20324	0.01334	0.01827	0.08527	0.12318	0.11642	0.01646	0.20080	0.00318	0.00603	0.07861	0.07249	0.00536
9	0.00691	0.00506	0.00649	0.00726	0.00791	0.00498	0.00514	0.03395	0.04213	0.01355	0.02586	0.61192	0.05310	0.03832	0.04790	0.00236	0.00369	0.07467	0.00445	0.00434
10	0.08684	0.01161	0.01278	0.01005	0.01368	0.01245	0.00824	0.45133	0.09049	0.20416	0.03879	0.01401	0.01081	0.00604	0.00481	0.00151	0.00476	0.00465	0.00505	0.00794
11	0.00597	0.00436	0.00562	0.00662	0.00707	0.00401	0.00446	0.00687	0.00962	0.01263	0.02975	0.73282	0.12205	0.01505	0.00622	0.00196	0.00281	0.01355	0.00456	0.00401
12	0.00638	0.00469	0.00576	0.00646	0.00709	0.00437	0.00443	0.02024	0.00983	0.01276	0.03010	0.53213	0.18522	0.10559	0.00828	0.00224	0.00310	0.04293	0.00439	0.00401
13	0.00702	0.00525	0.00783	0.00783	0.00868	0.00610	0.00605	0.00873	0.00788	0.01135	0.01323	0.01967	0.01245	0.05949	0.78541	0.00781	0.01292	0.00532	0.00264	0.00435
14	0.00622	0.00448	0.00590	0.00663	0.00717	0.00416	0.00456	0.00745	0.01057	0.01434	0.21770	0.60967	0.05489	0.01400	0.00614	0.00188	0.00271	0.01262	0.00477	0.00416
15	0.05121	0.00884	0.01153	0.00887	0.01266	0.00801	0.00733	0.08525	0.01460	0.71011	0.01833	0.01602	0.01161	0.00601	0.00487	0.00152	0.00427	0.00482	0.00588	0.00826
16	0.01167	0.01117	0.01905	0.16503	0.66564	0.01155	0.01484	0.01465	0.01096	0.01545	0.00916	0.01232	0.00757	0.00447	0.00487	0.00149	0.00596	0.00438	0.00239	0.00738
17	0.00620	0.00460	0.00579	0.00633	0.00709	0.00419	0.00443	0.00751	0.01090	0.01452	0.22859	0.47820	0.17668	0.01348	0.00606	0.00182	0.00265	0.01200	0.00478	0.00419
18	0.01052	0.01076	0.01970	0.35601	0.09775	0.01218	0.25085	0.01365	0.01010	0.01374	0.00876	0.01265	0.00693	0.00527	0.00715	0.00172	0.14916	0.00480	0.00229	0.00602
19	0.01019	0.00873	0.01019	0.00728	0.01165	0.00655	0.00582	0.01237	0.01019	0.01601	0.00873	0.01019	0.00728	0.00364	0.00364	0.00073	0.00364	0.00291	0.00291	0.85734
20	0.01337	0.06566	0.05988	0.01309	0.01526	0.15737	0.08658	0.09502	0.03555	0.02775	0.00835	0.01090	0.00707	0.00665	0.00985	0.00174	0.37291	0.00417	0.00269	0.00616
21	0.00668	0.00491	0.00581	0.00602	0.00710	0.00452	0.00430	0.00781	0.01010	0.03733	0.06094	0.24943	0.36842	0.09901	0.10210	0.00279	0.00412	0.01019	0.00425	0.00416
22	0.00714	0.00479	0.00548	0.00548	0.00552	0.00483	0.00313	0.00722	0.00718	0.00962	0.01537	0.03154	0.01760	0.78948	0.06246	0.00491	0.00517	0.00706	0.00296	0.00305
23	0.10750	0.01024	0.00975	0.04998	0.03357	0.11896	0.00684	0.15291	0.01334	0.11248	0.01293	0.01407	0.00967	0.00550	0.00409	0.00134	0.00447	0.00417	0.32209	0.00608
24	0.01620	0.01913	0.04584	0.01350	0.07691	0.49327	0.00997	0.05112	0.15914	0.02699	0.01042	0.01127	0.00825	0.00546	0.00498	0.00141	0.03275	0.00384	0.00311	0.00646
25	0.01222	0.58143	0.23239	0.00997	0.01493	0.01700	0.01099	0.01541	0.04226	0.01300	0.00791	0.00898	0.00664	0.00443	0.00363	0.00121	0.00573	0.00302	0.00221	0.00662
26	0.00835	0.00745	0.00802	0.00849	0.06754	0.04482	0.00583	0.01238	0.16583	0.01587	0.15640	0.06261	0.39756	0.01006	0.00553	0.00162	0.00331	0.00851	0.00453	0.00529
27	0.00622	0.00492	0.00552	0.00550	0.00683	0.00430	0.00404	0.00769	0.01169	0.01496	0.26611	0.10777	0.47937	0.04501	0.00662	0.00178	0.00256	0.01010	0.00475	0.00423
28	0.01632	0.01034	0.01177	0.00975	0.01302	0.01105	0.00781	0.17182	0.37823	0.26061	0.04252	0.01715	0.01383	0.00645	0.00499	0.00158	0.00422	0.00525	0.00533	0.00797
29	0.01539	0.00954	0.01087	0.00889	0.01173	0.01015	0.00717	0.33109	0.06680	0.16791	0.01482	0.01572	0.01099	0.02553	0.09947	0.00225	0.00536	0.00478	0.17456	0.00699
30	0.16503	0.00876	0.01082	0.00845	0.01213	0.00818	0.00698	0.05127	0.01344	0.63807	0.01696	0.01505	0.01085	0.00582	0.00462	0.00152	0.00416	0.00453	0.00552	0.00784
31	0.00613	0.00438	0.00587	0.00701	0.00736	0.00412	0.00481	0.00709	0.00955	0.01271	0.02701	0.76653	0.03219	0.01526	0.00631	0.00202	0.00298	0.07009	0.00456	0.00403
32	0.00702	0.00524	0.00636	0.00687	0.00780	0.00498	0.00492	0.06503	0.01103	0.01434	0.04416	0.52746	0.20543	0.01381	0.00609	0.00189	0.00305	0.05554	0.00460	0.00440
33	0.01665	0.01105	0.01308	0.01047	0.01345	0.01225	0.00860	0.42319	0.01718	0.17841	0.01288	0.01379	0.00948	0.01093	0.12765	0.00253	0.10185	0.00464	0.00448	0.00741
34	0.00660	0.00483	0.00565	0.00580	0.00657	0.00449	0.00396	0.00762	0.01010	0.01324	0.18149	0.16006	0.23607	0.28690	0.01238	0.00276	0.00336	0.04008	0.00420	0.00384
35	0.00599	0.00428	0.00570	0.00684	0.00713	0.00399	0.00456	0.00684	0.00941	0.01254	0.02709	0.82409	0.03250	0.01540	0.00627	0.00200	0.00285	0.01397	0.00456	0.00399
36	0.01031	0.00978	0.01659	0.53573	0.30558	0.01119	0.01416	0.01346	0.01031	0.01380	0.00892	0.01277	0.00699	0.00472	0.00490	0.00157	0.00630	0.00437	0.00227	0.00629
37	0.00944	0.00876	0.01387	0.68818	0.03023	0.01074	0.01253	0.01378	0.09540	0.01347	0.01194	0.01531	0.04518	0.00547	0.00497	0.00164	0.00606	0.00479	0.00261	0.00565
38	0.01193	0.53400	0.31142	0.01047	0.01580	0.01649	0.01200	0.01503	0.01013	0.01303	0.00756	0.00880	0.00628	0.00438	0.00371	0.00124	0.00599	0.00300	0.00209	0.00666
39	0.11315	0.00866	0.00983	0.00813	0.01086	0.00880	0.00640	0.15247	0.09155	0.22157	0.15714	0.02014	0.01766	0.10303	0.00717	0.00187	0.00403	0.00553	0.00477	0.04725

[dist]
# distance from previous block
# <min> <max>
1	5

[block]
# block no. 8 follows, 51 sequences, length 74
# corresponding to MSA columns:
# 1155-1228
name=unknown_I
#
# <colnr> <probs for GDERKNQSTAVLIFYWHMCP>
#	G	D	E	R	K	N	Q	S	T	A	V	L	I	F	Y	W	H	M	C	P
0	0.00821	0.00611	0.00755	0.00707	0.00800	0.00643	0.00520	0.05073	0.01094	0.03417	0.23202	0.10237	0.13586	0.21758	0.04064	0.00272	0.09577	0.02008	0.00411	0.00446
1	0.01217	0.01151	0.01863	0.02716	0.67996	0.01176	0.01399	0.01672	0.12678	0.01673	0.01085	0.01308	0.00886	0.00472	0.00489	0.00149	0.00555	0.00455	0.00281	0.00778
2	0.18704	0.00725	0.00757	0.00771	0.00951	0.03948	0.00637	0.01200	0.03997	0.04468	0.05730	0.05900	0.13557	0.01022	0.00543	0.00184	0.00398	0.32073	0.03942	0.00494
3	0.01018	0.00965	0.01637	0.56996	0.27233	0.01116	0.01410	0.01335	0.01025	0.01365	0.00889	0.01281	0.00694	0.00475	0.00490	0.00158	0.00633	0.00437	0.00226	0.00619
4	0.01292	0.01444	0.01641	0.01340	0.01616	0.29500	0.23208	0.04814	0.01177	0.01368	0.01025	0.01388	0.00875	0.03921	0.22799	0.00333	0.00961	0.00469	0.00266	0.00564
5	0.01829	0.02053	0.01408	0.01223	0.01515	0.57707	0.00941	0.22223	0.03545	0.01728	0.00902	0.00988	0.00708	0.00533	0.00457	0.00133	0.00782	0.00356	0.00323	0.00646
6	0.01340	0.01006	0.01118	0.00888	0.01241	0.00999	0.00712	0.21893	0.19705	0.08230	0.03816	0.01678	0.07457	0.00603	0.00463	0.00131	0.00408	0.00486	0.00438	0.27387
7	0.01473	0.01525	0.01183	0.01060	0.01312	0.35715	0.00813	0.05270	0.22952	0.04772	0.01278	0.01368	0.01010	0.00960	0.10661	0.00222	0.00724	0.00427	0.03458	0.03818
8	0.01022	0.00746	0.00890	0.00841	0.01012	0.00771	0.00661	0.23284	0.01458	0.01955	0.15040	0.27614	0.05331	0.01128	0.00589	0.00181	0.00383	0.16067	0.00480	0.00548
9	0.01032	0.01017	0.01532	0.01274	0.01334	0.01320	0.10362	0.01161	0.00797	0.01196	0.00822	0.01424	0.00827	0.12992	0.01619	0.00248	0.59804	0.00491	0.00231	0.00517
10	0.00944	0.00568	0.00672	0.00607	0.00804	0.00491	0.00469	0.01111	0.01252	0.17601	0.24358	0.03819	0.43342	0.01050	0.00563	0.00160	0.00279	0.00886	0.00510	0.00514
11	0.00640	0.00477	0.00603	0.00690	0.00760	0.00450	0.00492	0.00795	0.03790	0.01320	0.03043	0.58110	0.15623	0.01439	0.00621	0.00196	0.00302	0.09771	0.00457	0.00421
12	0.01711	0.00731	0.00954	0.00777	0.01041	0.00658	0.00599	0.01883	0.03486	0.53373	0.01922	0.04383	0.03024	0.21992	0.01021	0.00238	0.00425	0.00589	0.00517	0.00674
13	0.01593	0.00855	0.00986	0.00809	0.01093	0.00868	0.00651	0.17975	0.11059	0.28715	0.01677	0.01640	0.01185	0.00600	0.00445	0.00141	0.00379	0.00479	0.28145	0.00706
14	0.01836	0.02342	0.01393	0.01266	0.01519	0.80756	0.00950	0.01962	0.01393	0.01203	0.00760	0.00886	0.00633	0.00506	0.00443	0.00127	0.00886	0.00317	0.00253	0.00570
15	0.00599	0.00428	0.00570	0.00684	0.00713	0.00399	0.00456	0.00684	0.00941	0.01254	0.02709	0.82409	0.03250	0.01540	0.00627	0.00200	0.00285	0.01397	0.00456	0.00399
16	0.00599	0.00428	0.00570	0.00684	0.00713	0.00399	0.00456	0.00684	0.00941	0.01254	0.02709	0.82409	0.03250	0.01540	0.00627	0.00200	0.00285	0.01397	0.00456	0.00399
17	0.01734	0.00957	0.01142	0.00941	0.01272	0.00979	0.00759	0.09870	0.30460	0.39467	0.03768	0.01825	0.01406	0.00656	0.00503	0.00159	0.00416	0.02339	0.00551	0.00796
18	0.00975	0.00922	0.01559	0.68685	0.15879	0.01104	0.01388	0.01297	0.01005	0.01313	0.00882	0.01295	0.00675	0.00483	0.00491	0.00161	0.00643	0.00437	0.00222	0.00584
19	0.61627	0.00901	0.00821	0.00700	0.01014	0.00979	0.00575	0.01651	0.01002	0.21150	0.04771	0.01149	0.00896	0.00520	0.00364	0.00152	0.00382	0.00352	0.00390	0.00603
20	0.00819	0.00685	0.00782	0.00760	0.00818	0.06891	0.00544	0.00915	0.00809	0.01078	0.01355	0.04528	0.01416	0.34185	0.35971	0.00558	0.06605	0.00601	0.00278	0.00400
21	0.01289	0.00871	0.01033	0.00891	0.01103	0.00941	0.00708	0.27041	0.03364	0.09669	0.05937	0.03715	0.01565	0.13350	0.11084	0.00291	0.04101	0.08909	0.03531	0.00606
22	0.01280	0.65658	0.15892	0.00956	0.01422	0.05229	0.01013	0.01507	0.01022	0.01227	0.00721	0.00835	0.00629	0.00432	0.00347	0.00115	0.00576	0.00282	0.00212	0.00644
23	0.01089	0.01005	0.01580	0.06827	0.50995	0.01016	0.01197	0.03856	0.05609	0.01638	0.06436	0.01959	0.13438	0.00621	0.00508	0.00152	0.00501	0.00567	0.00316	0.00690
24	0.01394	0.01281	0.01715	0.05796	0.32827	0.09032	0.07230	0.18469	0.05927	0.03138	0.01105	0.01381	0.00890	0.00525	0.00493	0.00148	0.00598	0.03209	0.00329	0.04513
25	0.01254	0.01488	0.05322	0.01949	0.10862	0.14252	0.48172	0.01590	0.01162	0.01488	0.00960	0.02869	0.00772	0.00481	0.00600	0.00160	0.05196	0.00521	0.00250	0.00651
26	0.00854	0.00427	0.00640	0.00640	0.00640	0.00427	0.00427	0.00640	0.00640	0.00854	0.00854	0.01494	0.00854	0.01707	0.01921	0.85702	0.00427	0.00427	0.00213	0.00213
27	0.01052	0.00908	0.01111	0.00796	0.01234	0.00707	0.03751	0.03721	0.01066	0.01648	0.00888	0.01037	0.00732	0.00373	0.00377	0.00079	0.00389	0.00308	0.00296	0.79528
28	0.00986	0.02542	0.80183	0.01401	0.02127	0.01141	0.01816	0.01556	0.01038	0.01556	0.00882	0.01038	0.00623	0.00467	0.00467	0.00156	0.00726	0.00363	0.00208	0.00726
29	0.01144	0.00898	0.00993	0.00848	0.01068	0.01971	0.00675	0.28841	0.02820	0.02032	0.10007	0.07186	0.25369	0.01004	0.03106	0.00182	0.07873	0.00724	0.02665	0.00592
30	0.00668	0.00461	0.00551	0.00595	0.00614	0.00447	0.00367	0.00709	0.00822	0.01088	0.02137	0.32206	0.05667	0.48192	0.01703	0.00358	0.00396	0.02310	0.00365	0.00342
31	0.00625	0.00480	0.00578	0.00639	0.00740	0.00433	0.00473	0.00754	0.01062	0.01348	0.06949	0.35747	0.34319	0.01369	0.00614	0.00188	0.00293	0.12514	0.00459	0.00416
32	0.00993	0.00949	0.01633	0.63160	0.18018	0.01113	0.04558	0.01317	0.01016	0.01336	0.00888	0.01293	0.00683	0.00478	0.00494	0.00160	0.00649	0.00443	0.00224	0.00595
33	0.01005	0.00782	0.00881	0.00812	0.01021	0.00835	0.00639	0.01680	0.33405	0.06833	0.12464	0.03101	0.23232	0.00925	0.00594	0.00171	0.03875	0.06654	0.00484	0.00607
34	0.00702	0.00527	0.00790	0.00790	0.00878	0.00614	0.00614	0.00878	0.00790	0.01141	0.01316	0.01931	0.01229	0.03686	0.80782	0.00790	0.01316	0.00527	0.00263	0.00439
35	0.00592	0.00498	0.00514	0.00510	0.00671	0.00420	0.00382	0.00728	0.01147	0.01392	0.12488	0.04623	0.71914	0.01220	0.00581	0.00165	0.00247	0.01022	0.00465	0.00420
36	0.01201	0.55430	0.29184	0.01033	0.01558	0.01669	0.01175	0.01501	0.01012	0.01293	0.00751	0.00874	0.00628	0.00436	0.00367	0.00122	0.00594	0.00297	0.00209	0.00663
37	0.01314	0.83025	0.02575	0.00841	0.01261	0.01945	0.00841	0.01472	0.00999	0.01156	0.00683	0.00788	0.00631	0.00420	0.00315	0.00105	0.00526	0.00263	0.00210	0.00631
38	0.02205	0.00836	0.01140	0.00874	0.01254	0.00722	0.00722	0.02395	0.01407	0.80004	0.01939	0.01673	0.01216	0.00608	0.00494	0.00152	0.00418	0.00494	0.00608	0.00836
39	0.00625	0.00500	0.00559	0.00544	0.00691	0.00434	0.00408	0.00791	0.01225	0.01576	0.33732	0.04320	0.50556	0.01152	0.00580	0.00162	0.00242	0.00980	0.00489	0.00434
40	0.01836	0.02342	0.01393	0.01266	0.01519	0.80756	0.00950	0.01962	0.01393	0.01203	0.00760	0.00886	0.00633	0.00506	0.00443	0.00127	0.00886	0.00317	0.00253	0.00570
41	0.01078	0.25203	0.58332	0.01243	0.01883	0.01367	0.01541	0.01532	0.01027	0.01444	0.00826	0.00967	0.00625	0.00454	0.00424	0.00141	0.00670	0.00335	0.00208	0.00699
42	0.00928	0.00873	0.01474	0.81548	0.03385	0.01092	0.01365	0.01256	0.00983	0.01256	0.00873	0.01310	0.00655	0.00491	0.00491	0.00164	0.00655	0.00437	0.00218	0.00546
43	0.00712	0.00528	0.00661	0.00661	0.00748	0.00536	0.00470	0.00927	0.06303	0.01405	0.21673	0.14896	0.10006	0.19878	0.18017	0.00370	0.00537	0.00840	0.00404	0.00429
44	0.00854	0.00427	0.00640	0.00640	0.00640	0.00427	0.00427	0.00640	0.00640	0.00854	0.00854	0.01494	0.00854	0.01707	0.01921	0.85702	0.00427	0.00427	0.00213	0.00213
45	0.01521	0.00779	0.00988	0.00809	0.01081	0.00739	0.00647	0.11421	0.04338	0.36090	0.32919	0.02417	0.02551	0.00767	0.00528	0.00153	0.00358	0.00648	0.00562	0.00685
46	0.01314	0.83025	0.02575	0.00841	0.01261	0.01945	0.00841	0.01472	0.00999	0.01156	0.00683	0.00788	0.00631	0.00420	0.00315	0.00105	0.00526	0.00263	0.00210	0.00631
47	0.01451	0.01645	0.01171	0.01075	0.01285	0.47033	0.00814	0.08498	0.01303	0.01372	0.01250	0.07680	0.04404	0.01291	0.17247	0.00274	0.00870	0.00488	0.00302	0.00546
48	0.01206	0.28881	0.44645	0.01182	0.01765	0.01454	0.01383	0.11241	0.01186	0.01620	0.00854	0.00974	0.00652	0.00467	0.00420	0.00138	0.00637	0.00340	0.00244	0.00709
49	0.00794	0.01310	0.32548	0.00977	0.01287	0.00759	0.01011	0.01071	0.00928	0.01319	0.01619	0.28444	0.01720	0.12914	0.08561	0.00279	0.02853	0.00774	0.00309	0.00524
50	0.00916	0.00458	0.00458	0.00458	0.00573	0.00458	0.00344	0.01145	0.01031	0.01832	0.01603	0.01832	0.01260	0.00573	0.00344	0.00115	0.00229	0.00458	0.85457	0.00458
51	0.01926	0.00858	0.01120	0.00905	0.01241	0.00795	0.00749	0.11994	0.01473	0.57281	0.01951	0.04895	0.01443	0.00733	0.00522	0.00163	0.00434	0.10177	0.00568	0.00772
52	0.01051	0.00828	0.00967	0.00718	0.01086	0.00658	0.00557	0.03586	0.01031	0.04956	0.01030	0.01379	0.00910	0.12642	0.00692	0.00139	0.00389	0.00368	0.00312	0.66703
53	0.00692	0.00474	0.00575	0.00595	0.00612	0.00480	0.00367	0.00730	0.00765	0.01031	0.01729	0.17383	0.01980	0.57962	0.12140	0.00466	0.00549	0.00814	0.00322	0.00334
54	0.00832	0.00680	0.00757	0.00707	0.00889	0.00695	0.00539	0.01407	0.26316	0.01811	0.32751	0.03385	0.25384	0.00965	0.00554	0.00162	0.00288	0.00824	0.00503	0.00551
55	0.01233	0.34108	0.08395	0.03232	0.40909	0.01476	0.01263	0.01493	0.01062	0.01416	0.00823	0.01032	0.00705	0.00434	0.00416	0.00131	0.00573	0.00362	0.00227	0.00711
56	0.01760	0.02219	0.01445	0.01292	0.01533	0.72599	0.03224	0.01894	0.01339	0.01212	0.00758	0.00913	0.00637	0.00530	0.00533	0.00134	0.06825	0.00333	0.00250	0.00570
57	0.00617	0.00497	0.00522	0.00516	0.00671	0.00425	0.00387	0.00765	0.01161	0.01462	0.17304	0.04402	0.62862	0.01170	0.00568	0.00161	0.00245	0.00982	0.04856	0.00425
58	0.01032	0.00566	0.00661	0.00618	0.00776	0.00554	0.00476	0.01341	0.07253	0.11775	0.20703	0.05892	0.02238	0.00760	0.00457	0.00141	0.00277	0.03345	0.40607	0.00530
59	0.01966	0.00821	0.01079	0.00851	0.01185	0.00745	0.00689	0.04967	0.04723	0.63781	0.01859	0.01779	0.01255	0.06303	0.02895	0.00192	0.00445	0.00510	0.03181	0.00774
60	0.01944	0.00797	0.01066	0.00836	0.01175	0.00702	0.00683	0.04347	0.01422	0.64966	0.12313	0.02018	0.04070	0.00680	0.00508	0.00153	0.00392	0.00562	0.00591	0.00774
61	0.00712	0.00475	0.00537	0.00539	0.00540	0.00475	0.00301	0.00714	0.00720	0.00960	0.01574	0.04970	0.01819	0.80931	0.02460	0.00470	0.00472	0.00730	0.00301	0.00300
62	0.35378	0.01222	0.01393	0.04024	0.36021	0.11272	0.01042	0.01533	0.01037	0.01785	0.00806	0.01009	0.00658	0.00455	0.00408	0.00146	0.00543	0.00353	0.00268	0.00647
63	0.01241	0.01065	0.01122	0.01004	0.01285	0.01231	0.00782	0.04832	0.76524	0.02086	0.01976	0.01814	0.01481	0.00664	0.00500	0.00166	0.00393	0.00552	0.00500	0.00780
64	0.01129	0.01191	0.05117	0.36977	0.37026	0.07330	0.01416	0.01436	0.01077	0.01420	0.00888	0.01224	0.00707	0.00468	0.00484	0.00153	0.00645	0.00425	0.00232	0.00659
65	0.00874	0.00762	0.00870	0.00783	0.01007	0.00782	0.04265	0.01528	0.32361	0.01675	0.08500	0.03332	0.39401	0.00957	0.00548	0.00165	0.00332	0.00812	0.00470	0.00576
66	0.01019	0.00873	0.01019	0.00728	0.01165	0.00655	0.00582	0.01237	0.01019	0.01601	0.00873	0.01019	0.00728	0.00364	0.00364	0.00073	0.00364	0.00291	0.00291	0.85734
67	0.01103	0.00991	0.01413	0.01078	0.01385	0.00994	0.10558	0.01311	0.00971	0.04713	0.00863	0.01102	0.00725	0.00533	0.00781	0.00132	0.25521	0.00379	0.00275	0.45171
68	0.00992	0.01000	0.01369	0.01512	0.20998	0.10562	0.12292	0.01199	0.01132	0.01439	0.06565	0.21122	0.15998	0.00883	0.00551	0.00163	0.00505	0.00806	0.00352	0.00562
69	0.01487	0.01297	0.01306	0.01306	0.12923	0.17534	0.00888	0.28354	0.05221	0.01920	0.01042	0.01245	0.00836	0.00786	0.00774	0.18012	0.00576	0.00419	0.03447	0.00626
70	0.00997	0.00663	0.00825	0.00814	0.00965	0.00666	0.00629	0.07102	0.09068	0.09312	0.02199	0.27640	0.02291	0.09562	0.02763	0.00233	0.00419	0.19930	0.00451	0.03472
71	0.00761	0.03463	0.04030	0.00781	0.00890	0.00590	0.00604	0.06728	0.01075	0.01432	0.02432	0.60569	0.02814	0.01361	0.00606	0.00194	0.00352	0.10418	0.00440	0.00461
72	0.01165	0.01146	0.02131	0.26348	0.02560	0.04116	0.39644	0.01506	0.01124	0.06996	0.04203	0.01414	0.00902	0.00498	0.00584	0.00164	0.04075	0.00526	0.00275	0.00622
73	0.00995	0.00863	0.06758	0.00846	0.01082	0.00731	0.03326	0.07904	0.05225	0.01459	0.01223	0.11684	0.01174	0.03975	0.00998	0.25352	0.02444	0.00536	0.01457	0.21966

[dist]
# distance from previous block
# <min> <max>
23	63

[block]
# block no. 9 follows, 51 sequences, length 11
# corresponding to MSA columns:
# 1297-1307
name=unknown_J
#
# <colnr> <probs for GDERKNQSTAVLIFYWHMCP>
#	G	D	E	R	K	N	Q	S	T	A	V	L	I	F	Y	W	H	M	C	P
0	0.01541	0.15307	0.15724	0.01034	0.01460	0.01269	0.00990	0.22538	0.10768	0.17927	0.05596	0.01403	0.01128	0.00575	0.00463	0.00145	0.00512	0.00446	0.00420	0.00754
1	0.00872	0.01005	0.15148	0.00852	0.01162	0.00696	0.00799	0.03621	0.01042	0.01469	0.01847	0.06937	0.10604	0.07775	0.09080	0.00241	0.00540	0.12641	0.00335	0.23334
2	0.04130	0.11328	0.03997	0.00632	0.00787	0.00709	0.00513	0.01058	0.00944	0.01477	0.01587	0.16353	0.01544	0.10738	0.07766	0.00234	0.00429	0.00628	0.34683	0.00463
3	0.01444	0.07442	0.10185	0.01157	0.01538	0.01057	0.14776	0.10899	0.09083	0.22647	0.01548	0.10803	0.01257	0.03185	0.00570	0.00168	0.00532	0.00589	0.00417	0.00704
4	0.01037	0.00875	0.00816	0.00770	0.00941	0.14209	0.00576	0.01284	0.06956	0.09315	0.23682	0.17301	0.18307	0.01001	0.00551	0.00161	0.00386	0.00850	0.00463	0.00520
5	0.01277	0.01252	0.01596	0.01953	0.37637	0.15374	0.05312	0.01503	0.01136	0.04829	0.01063	0.05492	0.00948	0.05246	0.00589	0.00155	0.00590	0.00470	0.00282	0.13295
6	0.01479	0.10306	0.01411	0.05462	0.01466	0.17626	0.00824	0.20559	0.01431	0.05324	0.00953	0.01052	0.00742	0.00474	0.00420	0.00115	0.00552	0.00348	0.00334	0.29123
7	0.00949	0.00895	0.01512	0.75801	0.08967	0.01097	0.01375	0.01274	0.00993	0.01281	0.00877	0.01303	0.00664	0.00487	0.00491	0.00162	0.00650	0.00437	0.00220	0.00563
8	0.00711	0.00491	0.00611	0.00611	0.00636	0.00517	0.00391	0.00763	0.00737	0.01008	0.01480	0.02838	0.01623	0.59491	0.25515	0.00569	0.00723	0.00659	0.00288	0.00339
9	0.07388	0.01018	0.01086	0.00901	0.01184	0.06549	0.00718	0.23577	0.03212	0.21097	0.04541	0.01856	0.04237	0.07428	0.08819	0.00241	0.00565	0.02640	0.00447	0.02497
10	0.01171	0.43162	0.08428	0.01044	0.01323	0.01656	0.00992	0.01346	0.00904	0.01197	0.00718	0.00968	0.00665	0.00745	0.04827	0.00183	0.29518	0.00344	0.00214	0.00596

[dist]
# distance from previous block
# <min> <max>
0	2

[block]
# block no. 10 follows, 51 sequences, length 128
# corresponding to MSA columns:
# 1310-1437
name=unknown_K
#
# <colnr> <probs for GDERKNQSTAVLIFYWHMCP>
#	G	D	E	R	K	N	Q	S	T	A	V	L	I	F	Y	W	H	M	C	P
0	0.01389	0.09634	0.32083	0.06043	0.01742	0.11425	0.01223	0.07541	0.01243	0.15903	0.01277	0.03072	0.04175	0.00561	0.00466	0.00148	0.00623	0.00433	0.00325	0.00694
1	0.00980	0.00920	0.01393	0.01119	0.01395	0.03856	0.22796	0.01454	0.15960	0.03373	0.18778	0.03939	0.18943	0.00810	0.00560	0.00163	0.00470	0.02092	0.00418	0.00581
2	0.00663	0.00487	0.00621	0.00617	0.00722	0.00445	0.00452	0.00854	0.01272	0.01756	0.55727	0.19096	0.13188	0.01137	0.00589	0.00165	0.00244	0.01005	0.00515	0.00445
3	0.01049	0.02097	0.52749	0.01685	0.07235	0.01177	0.22438	0.01551	0.01071	0.01558	0.00911	0.01128	0.00666	0.00458	0.00519	0.00159	0.02191	0.00428	0.00221	0.00709
4	0.01146	0.01096	0.01868	0.22154	0.61075	0.01149	0.01473	0.01447	0.01086	0.01520	0.00912	0.01239	0.00748	0.00451	0.00488	0.00150	0.00601	0.00438	0.00237	0.00722
5	0.00767	0.00618	0.00846	0.00872	0.00943	0.00697	0.00701	0.00919	0.00966	0.01306	0.02304	0.23713	0.09196	0.01590	0.10887	0.00283	0.16180	0.26377	0.00384	0.00450
6	0.00692	0.00500	0.00654	0.00621	0.00733	0.00461	0.00463	0.00918	0.01374	0.01944	0.76512	0.06640	0.04585	0.01025	0.00581	0.00156	0.00234	0.00908	0.00538	0.00461
7	0.02527	0.00902	0.01016	0.00914	0.01154	0.00969	0.00748	0.24734	0.16948	0.02131	0.10453	0.03115	0.10384	0.00923	0.00559	0.00175	0.00420	0.20814	0.00481	0.00632
8	0.01257	0.68988	0.16111	0.00938	0.01412	0.01804	0.01011	0.01486	0.01005	0.01226	0.00718	0.00832	0.00629	0.00429	0.00342	0.00114	0.00561	0.00280	0.00210	0.00647
9	0.02094	0.00861	0.01137	0.00889	0.01257	0.00779	0.00729	0.02419	0.10145	0.71200	0.01946	0.01691	0.01249	0.00615	0.00495	0.00154	0.00415	0.00501	0.00596	0.00830
10	0.00682	0.00517	0.00572	0.00563	0.00725	0.00447	0.00433	0.00834	0.01178	0.04682	0.17070	0.04486	0.58250	0.01187	0.00584	0.00168	0.00268	0.06435	0.00476	0.00443
11	0.01133	0.01082	0.01844	0.25742	0.57590	0.01146	0.01467	0.01435	0.01080	0.01504	0.00910	0.01243	0.00743	0.00453	0.00488	0.00151	0.00604	0.00438	0.00236	0.00711
12	0.01227	0.61647	0.23190	0.00990	0.01491	0.01731	0.01100	0.01494	0.01009	0.01262	0.00736	0.00855	0.00628	0.00433	0.00356	0.00119	0.00579	0.00289	0.00209	0.00656
13	0.01157	0.01317	0.02850	0.02043	0.02523	0.01252	0.75143	0.01560	0.01145	0.01560	0.00982	0.01317	0.00742	0.00430	0.00617	0.00167	0.03714	0.00575	0.00247	0.00658
14	0.00620	0.00437	0.00564	0.00657	0.00680	0.00413	0.00427	0.00690	0.00899	0.01199	0.02494	0.67749	0.02979	0.16569	0.00974	0.00251	0.00321	0.01271	0.00427	0.00380
15	0.01836	0.02342	0.01393	0.01266	0.01519	0.80756	0.00950	0.01962	0.01393	0.01203	0.00760	0.00886	0.00633	0.00506	0.00443	0.00127	0.00886	0.00317	0.00253	0.00570
16	0.01085	0.01033	0.01757	0.38852	0.44856	0.01133	0.01443	0.01393	0.01057	0.01446	0.00901	0.01259	0.00722	0.00462	0.00489	0.00154	0.00616	0.00437	0.00232	0.00672
17	0.00928	0.00873	0.01474	0.81548	0.03385	0.01092	0.01365	0.01256	0.00983	0.01256	0.00873	0.01310	0.00655	0.00491	0.00491	0.00164	0.00655	0.00437	0.00218	0.00546
18	0.01160	0.01326	0.02900	0.02071	0.02568	0.01243	0.77879	0.01574	0.01160	0.01574	0.00994	0.01326	0.00746	0.00414	0.00580	0.00166	0.00829	0.00580	0.00249	0.00663
19	0.20927	0.01184	0.02035	0.01499	0.01927	0.01175	0.42649	0.09518	0.01234	0.11545	0.01058	0.01232	0.00764	0.00466	0.00497	0.00159	0.00645	0.00483	0.00331	0.00672
20	0.01223	0.01155	0.01875	0.01377	0.01812	0.01094	0.32724	0.12357	0.11276	0.01859	0.01112	0.01274	0.00850	0.00456	0.00489	0.00134	0.00585	0.00466	0.00329	0.27553
21	0.01233	0.63081	0.21806	0.00980	0.01476	0.01745	0.01082	0.01493	0.01008	0.01255	0.00732	0.00850	0.00629	0.00432	0.00353	0.00118	0.00575	0.00288	0.00210	0.00654
22	0.01146	0.01002	0.00763	0.00726	0.00850	0.23694	0.00523	0.01256	0.01041	0.01400	0.01255	0.01709	0.01100	0.12258	0.00879	0.11195	0.00479	0.00449	0.37838	0.00436
23	0.01147	0.00849	0.01040	0.00915	0.01117	0.00952	0.00727	0.30782	0.01390	0.01907	0.01359	0.07154	0.01215	0.02338	0.44153	0.00500	0.00945	0.00554	0.00365	0.00590
24	0.01222	0.01056	0.01111	0.01000	0.01278	0.01222	0.00778	0.02611	0.78776	0.02056	0.02000	0.01833	0.01500	0.00667	0.00500	0.00167	0.00389	0.00556	0.00500	0.00778
