[name]
unknown

[dist]
# distance from previous block
# <min> <max>
0	55

[block]
# block no. 0 follows, 50 sequences, length 38
# corresponding to MSA columns:
# 55-92
name=unknown_A
#
# <colnr> <probs for GDERKNQSTAVLIFYWHMCP>
#	G	D	E	R	K	N	Q	S	T	A	V	L	I	F	Y	W	H	M	C	P
0	0.01175	0.01039	0.03716	0.07624	0.16215	0.06137	0.02265	0.08555	0.04147	0.05403	0.01728	0.02874	0.03550	0.00842	0.00593	0.00178	0.02926	0.26917	0.00376	0.03739
1	0.02712	0.02617	0.03454	0.07994	0.32286	0.08972	0.06096	0.05734	0.07521	0.04812	0.01074	0.01300	0.00856	0.00492	0.00478	0.00143	0.00589	0.01471	0.00304	0.11093
2	0.11132	0.01158	0.01478	0.03375	0.29397	0.09070	0.04371	0.01657	0.05828	0.09712	0.02296	0.02678	0.00939	0.00506	0.00457	0.00140	0.00532	0.00434	0.02242	0.12598
3	0.01155	0.01097	0.07323	0.01521	0.21656	0.00966	0.04344	0.11494	0.06377	0.03502	0.01434	0.18081	0.01354	0.00703	0.00504	0.00149	0.00486	0.00629	0.00357	0.16869
4	0.01273	0.00883	0.02857	0.00976	0.01288	0.00788	0.12686	0.04066	0.07636	0.21309	0.02161	0.06293	0.14476	0.10032	0.00752	0.00190	0.00462	0.00656	0.00430	0.10785
5	0.00760	0.00680	0.00852	0.00794	0.00888	0.00772	0.00623	0.00885	0.01012	0.01338	0.09073	0.12749	0.38138	0.01210	0.02612	0.00200	0.25682	0.00881	0.00389	0.00462
6	0.01263	0.01126	0.01851	0.18870	0.50812	0.01185	0.03412	0.07281	0.01204	0.05087	0.00988	0.01271	0.00784	0.00483	0.00521	0.00154	0.02242	0.00450	0.00276	0.00740
7	0.00995	0.00950	0.01634	0.66217	0.14867	0.01125	0.04538	0.01326	0.01025	0.01340	0.00899	0.01315	0.00687	0.00487	0.00501	0.00163	0.00661	0.00449	0.00227	0.00594
8	0.86003	0.00964	0.00733	0.00655	0.00964	0.01118	0.00540	0.01465	0.00848	0.02236	0.00694	0.00810	0.00540	0.00463	0.00308	0.00154	0.00386	0.00270	0.00308	0.00540
9	0.01420	0.36853	0.07275	0.01199	0.01643	0.01547	0.16815	0.10574	0.07731	0.08838	0.01059	0.01147	0.00816	0.00487	0.00439	0.00137	0.00590	0.00408	0.00316	0.00709
10	0.00807	0.00694	0.01095	0.44753	0.02209	0.00800	0.00968	0.01053	0.01055	0.01396	0.14671	0.24664	0.02096	0.00888	0.00553	0.00175	0.00485	0.00797	0.00345	0.00497
11	0.00590	0.00500	0.00510	0.00519	0.00677	0.00420	0.00385	0.00714	0.01123	0.01341	0.04882	0.10414	0.73662	0.01284	0.00593	0.00171	0.00255	0.01078	0.00463	0.00420
12	0.00607	0.00434	0.00578	0.00694	0.00723	0.00405	0.00463	0.00694	0.00954	0.01272	0.02747	0.82157	0.03297	0.01562	0.00636	0.00202	0.00289	0.01417	0.00463	0.00405
13	0.01259	0.01205	0.01907	0.01585	0.07473	0.01264	0.30077	0.07218	0.38320	0.01937	0.01505	0.01574	0.01132	0.00557	0.00536	0.00166	0.00589	0.00557	0.00391	0.00749
14	0.01000	0.02578	0.79900	0.01421	0.02157	0.01158	0.01842	0.01579	0.01052	0.01579	0.00895	0.01052	0.00631	0.00474	0.00474	0.00158	0.00737	0.00368	0.00210	0.00737
15	0.01259	0.01201	0.02033	0.02816	0.66807	0.01209	0.07294	0.04987	0.04371	0.01712	0.00999	0.01266	0.00820	0.00459	0.00502	0.00151	0.00601	0.00460	0.00269	0.00783
16	0.01034	0.00886	0.01034	0.00738	0.01181	0.00664	0.00591	0.01255	0.01034	0.01624	0.00886	0.01034	0.00738	0.00369	0.00369	0.00074	0.00369	0.00295	0.00295	0.85530
17	0.00725	0.00483	0.00544	0.00544	0.00544	0.00483	0.00302	0.00725	0.00725	0.00966	0.01571	0.03262	0.01812	0.82483	0.02537	0.00483	0.00483	0.00725	0.00302	0.00302
18	0.02065	0.00823	0.01110	0.00866	0.01224	0.00723	0.00710	0.02297	0.03679	0.70227	0.09136	0.01890	0.01565	0.00656	0.00509	0.00155	0.00406	0.00540	0.00607	0.00811
19	0.00775	0.00498	0.00620	0.00620	0.00685	0.00531	0.00436	0.00904	0.00839	0.01277	0.01496	0.02392	0.01455	0.30720	0.31536	0.00506	0.00739	0.00583	0.22988	0.00400
20	0.00760	0.00524	0.00669	0.00624	0.00760	0.00476	0.00471	0.00980	0.01379	0.05396	0.66803	0.03761	0.13455	0.01030	0.00584	0.00158	0.00246	0.00902	0.00541	0.00481
21	0.00619	0.00443	0.00589	0.00686	0.00726	0.00413	0.00464	0.00724	0.01009	0.01359	0.11881	0.72776	0.03465	0.01497	0.00630	0.00197	0.00283	0.01355	0.00473	0.00413
22	0.01188	0.14997	0.02228	0.05783	0.38215	0.01304	0.19291	0.01475	0.01097	0.01496	0.00993	0.05253	0.00872	0.00508	0.00530	0.00151	0.03172	0.00497	0.00251	0.00699
23	0.01723	0.01220	0.01352	0.01023	0.01432	0.01255	0.00841	0.51982	0.01940	0.10355	0.01199	0.01207	0.00860	0.00545	0.00468	0.00132	0.00493	0.00417	0.00462	0.21096
24	0.01123	0.01142	0.02153	0.27360	0.30694	0.01185	0.26035	0.01471	0.01105	0.01507	0.00944	0.01299	0.00739	0.00453	0.00526	0.00160	0.00695	0.00490	0.00241	0.00677
25	0.00714	0.00525	0.00753	0.00753	0.00826	0.00597	0.00564	0.00860	0.00787	0.01122	0.01379	0.02199	0.01351	0.18298	0.66091	0.00742	0.01178	0.00569	0.00273	0.00419
26	0.00899	0.00840	0.01377	0.71623	0.03103	0.01025	0.01264	0.01207	0.01013	0.01282	0.01384	0.01744	0.10055	0.00590	0.00509	0.00166	0.00615	0.00516	0.00250	0.00538
27	0.01147	0.14795	0.01709	0.03041	0.30564	0.01105	0.05524	0.01357	0.01070	0.07093	0.01426	0.22028	0.01431	0.00762	0.00564	0.00160	0.04578	0.00677	0.00322	0.00646
28	0.01147	0.02298	0.62083	0.01411	0.02074	0.01222	0.06134	0.12783	0.03002	0.01821	0.00971	0.01109	0.00691	0.00493	0.00485	0.00157	0.00707	0.00397	0.00262	0.00750
29	0.00941	0.00886	0.01495	0.81285	0.03433	0.01107	0.01384	0.01274	0.00997	0.01274	0.00886	0.01329	0.00664	0.00498	0.00498	0.00166	0.00664	0.00443	0.00221	0.00554
30	0.00929	0.00465	0.00465	0.00465	0.00581	0.00465	0.00348	0.01161	0.01045	0.01858	0.01626	0.01858	0.01278	0.00581	0.00348	0.00116	0.00232	0.00465	0.85250	0.00465
31	0.01333	0.82783	0.02612	0.00853	0.01279	0.01972	0.00853	0.01493	0.01013	0.01173	0.00693	0.00800	0.00640	0.00426	0.00320	0.00107	0.00533	0.00267	0.00213	0.00640
32	0.01440	0.01674	0.01374	0.22207	0.07559	0.44444	0.01035	0.01618	0.01202	0.01233	0.00908	0.01318	0.00799	0.10309	0.00715	0.00182	0.00766	0.00410	0.00252	0.00554
33	0.00929	0.00465	0.00465	0.00465	0.00581	0.00465	0.00348	0.01161	0.01045	0.01858	0.01626	0.01858	0.01278	0.00581	0.00348	0.00116	0.00232	0.00465	0.85250	0.00465
34	0.00647	0.00450	0.00567	0.00644	0.00663	0.00431	0.00409	0.00704	0.00878	0.01170	0.02355	0.55842	0.02802	0.28552	0.01270	0.00296	0.00354	0.01186	0.00409	0.00371
35	0.01339	0.01693	0.24613	0.03703	0.27395	0.06330	0.08978	0.13100	0.01325	0.05296	0.01005	0.01187	0.00757	0.00487	0.00495	0.00153	0.00666	0.00432	0.00291	0.00755
36	0.01655	0.01316	0.16094	0.01147	0.01600	0.01010	0.09086	0.17168	0.01463	0.31825	0.01471	0.05434	0.01061	0.00595	0.00502	0.00152	0.00541	0.00506	0.00447	0.06927
37	0.28158	0.00981	0.00923	0.00819	0.01094	0.04907	0.00647	0.01971	0.28983	0.10989	0.04832	0.01542	0.01244	0.00598	0.00426	0.00154	0.00394	0.00455	0.10228	0.00655

[dist]
# distance from previous block
# <min> <max>
0	1

[block]
# block no. 1 follows, 50 sequences, length 38
# corresponding to MSA columns:
# 96-133
name=unknown_B
#
# <colnr> <probs for GDERKNQSTAVLIFYWHMCP>
#	G	D	E	R	K	N	Q	S	T	A	V	L	I	F	Y	W	H	M	C	P
0	0.01234	0.01184	0.02023	0.03059	0.79373	0.01184	0.01530	0.01530	0.01135	0.01628	0.00938	0.01234	0.00790	0.00444	0.00493	0.00148	0.00592	0.00444	0.00247	0.00790
1	0.00695	0.00501	0.00659	0.00647	0.00752	0.00465	0.00481	0.00909	0.01337	0.01878	0.65648	0.14898	0.04440	0.01108	0.00598	0.00166	0.00251	0.03575	0.00533	0.00461
2	0.00705	0.00533	0.00762	0.06984	0.04275	0.00531	0.00658	0.00854	0.01011	0.01340	0.02504	0.54411	0.02890	0.01390	0.00632	0.00204	0.00371	0.19066	0.00434	0.00445
3	0.01234	0.01184	0.02023	0.03059	0.79373	0.01184	0.01530	0.01530	0.01135	0.01628	0.00938	0.01234	0.00790	0.00444	0.00493	0.00148	0.00592	0.00444	0.00247	0.00790
4	0.00929	0.00465	0.00465	0.00465	0.00581	0.00465	0.00348	0.01161	0.01045	0.01858	0.01626	0.01858	0.01278	0.00581	0.00348	0.00116	0.00232	0.00465	0.85250	0.00465
5	0.10100	0.01272	0.01363	0.01057	0.01439	0.01388	0.00872	0.60142	0.02074	0.11312	0.03249	0.01279	0.00959	0.00598	0.00483	0.00151	0.00511	0.00449	0.00494	0.00808
6	0.17615	0.02059	0.01290	0.01159	0.01433	0.61401	0.00883	0.05944	0.01357	0.01513	0.00779	0.00898	0.00634	0.00509	0.00426	0.00134	0.00784	0.00318	0.00279	0.00585
7	0.00929	0.00465	0.00465	0.00465	0.00581	0.00465	0.00348	0.01161	0.01045	0.01858	0.01626	0.01858	0.01278	0.00581	0.00348	0.00116	0.00232	0.00465	0.85250	0.00465
8	0.00977	0.01132	0.08822	0.26101	0.02131	0.07978	0.14985	0.01251	0.01052	0.01354	0.01442	0.25132	0.01453	0.00808	0.00583	0.00175	0.03035	0.00739	0.00300	0.00550
9	0.00714	0.00527	0.00765	0.00765	0.00841	0.00603	0.00578	0.00867	0.00790	0.01130	0.01368	0.02143	0.01326	0.14891	0.69464	0.00756	0.01214	0.00561	0.00272	0.00425
10	0.00869	0.00632	0.00780	0.00704	0.00857	0.00620	0.00538	0.11802	0.01522	0.02127	0.64550	0.06986	0.04092	0.00984	0.00577	0.00158	0.00282	0.00861	0.00538	0.00521
11	0.01170	0.00962	0.01306	0.24740	0.01887	0.01156	0.01006	0.22890	0.01292	0.01762	0.01067	0.01433	0.00877	0.01483	0.22958	0.00346	0.12277	0.00469	0.00312	0.00606
12	0.00712	0.00534	0.00801	0.00801	0.00890	0.00623	0.00623	0.00890	0.00801	0.01157	0.01335	0.01958	0.01246	0.03738	0.80507	0.00801	0.01335	0.00534	0.00267	0.00445
13	0.00929	0.00465	0.00465	0.00465	0.00581	0.00465	0.00348	0.01161	0.01045	0.01858	0.01626	0.01858	0.01278	0.00581	0.00348	0.00116	0.00232	0.00465	0.85250	0.00465
14	0.29488	0.01714	0.01206	0.01064	0.01335	0.40246	0.00831	0.09940	0.01281	0.01760	0.00783	0.00915	0.00631	0.00532	0.00493	0.00146	0.06419	0.00326	0.00297	0.00592
15	0.00908	0.00833	0.01378	0.69861	0.03052	0.01017	0.01255	0.01226	0.01055	0.01376	0.11965	0.01668	0.01236	0.00572	0.00511	0.00165	0.00604	0.00508	0.00268	0.00542
16	0.01625	0.09803	0.03383	0.00937	0.01260	0.01079	0.00782	0.26171	0.03014	0.25945	0.01692	0.16794	0.01444	0.03038	0.00562	0.00166	0.00460	0.00637	0.00484	0.00722
17	0.00929	0.00465	0.00465	0.00465	0.00581	0.00465	0.00348	0.01161	0.01045	0.01858	0.01626	0.01858	0.01278	0.00581	0.00348	0.00116	0.00232	0.00465	0.85250	0.00465
18	0.01176	0.01345	0.02941	0.02101	0.02605	0.01261	0.77563	0.01597	0.01176	0.01597	0.01008	0.01345	0.00756	0.00420	0.00588	0.00168	0.00840	0.00588	0.00252	0.00672
19	0.01064	0.00947	0.01520	0.12949	0.18858	0.00993	0.11243	0.04679	0.10186	0.01644	0.01668	0.02856	0.01577	0.00806	0.00576	0.00184	0.00564	0.26699	0.00358	0.00628
20	0.01157	0.13306	0.30127	0.01658	0.02232	0.01314	0.38311	0.01592	0.01114	0.03113	0.00943	0.01171	0.00705	0.00444	0.00508	0.00155	0.00752	0.00463	0.00239	0.00694
21	0.06107	0.00877	0.01140	0.00881	0.01257	0.00793	0.00727	0.06954	0.01446	0.69371	0.01851	0.01629	0.01179	0.00608	0.00488	0.00153	0.00425	0.00486	0.02807	0.00824
22	0.00866	0.00433	0.00649	0.00649	0.00649	0.00433	0.00433	0.00649	0.00649	0.00866	0.00866	0.01515	0.00866	0.01732	0.01948	0.85498	0.00433	0.00433	0.00216	0.00216
23	0.07330	0.00897	0.01072	0.02918	0.01246	0.00806	0.00677	0.10378	0.01314	0.24720	0.07647	0.03569	0.01270	0.00562	0.00447	0.00124	0.00402	0.00454	0.00437	0.33730
24	0.01022	0.21047	0.12814	0.01136	0.01476	0.05243	0.15735	0.01272	0.01073	0.01379	0.03652	0.24066	0.04453	0.00825	0.00516	0.00161	0.00552	0.02685	0.00317	0.00574
25	0.01091	0.01091	0.01527	0.01309	0.01309	0.01527	0.01091	0.01200	0.00763	0.01200	0.00654	0.01091	0.00654	0.00872	0.01636	0.00218	0.81570	0.00436	0.00218	0.00545
26	0.01219	0.01192	0.02101	0.05236	0.69408	0.01190	0.09209	0.01529	0.01135	0.01615	0.00943	0.01248	0.00783	0.00443	0.00503	0.00151	0.00619	0.00459	0.00247	0.00771
27	0.00932	0.06108	0.16274	0.01012	0.01248	0.01040	0.00959	0.01152	0.00948	0.03032	0.01876	0.04386	0.18381	0.01266	0.12189	0.00266	0.25761	0.00591	0.00295	0.02283
28	0.01000	0.02578	0.79900	0.01421	0.02157	0.01158	0.01842	0.01579	0.01052	0.01579	0.00895	0.01052	0.00631	0.00474	0.00474	0.00158	0.00737	0.00368	0.00210	0.00737
29	0.00929	0.00465	0.00465	0.00465	0.00581	0.00465	0.00348	0.01161	0.01045	0.01858	0.01626	0.01858	0.01278	0.00581	0.00348	0.00116	0.00232	0.00465	0.85250	0.00465
30	0.06024	0.01135	0.15181	0.00892	0.01308	0.00771	0.02314	0.01350	0.03290	0.06038	0.01269	0.13970	0.01165	0.00607	0.00443	0.00123	0.00437	0.00510	0.00331	0.42844
31	0.00905	0.00691	0.00986	0.01303	0.23865	0.00690	0.00707	0.01042	0.00924	0.01330	0.01496	0.05336	0.01549	0.39024	0.01448	0.00307	0.00472	0.05112	0.12332	0.00482
32	0.00635	0.00454	0.00610	0.00726	0.00767	0.00429	0.00511	0.00742	0.00982	0.01303	0.02732	0.71318	0.03236	0.01535	0.00644	0.00206	0.00313	0.11983	0.00462	0.00413
33	0.01234	0.01184	0.02023	0.03059	0.79373	0.01184	0.01530	0.01530	0.01135	0.01628	0.00938	0.01234	0.00790	0.00444	0.00493	0.00148	0.00592	0.00444	0.00247	0.00790
34	0.01214	0.01007	0.03916	0.31192	0.24518	0.02319	0.01214	0.03857	0.01171	0.12235	0.06414	0.06371	0.01212	0.00601	0.00510	0.00159	0.00562	0.00537	0.00328	0.00663
35	0.00736	0.00530	0.00615	0.00611	0.00753	0.00472	0.00450	0.02848	0.01196	0.05527	0.19393	0.22631	0.39953	0.01233	0.00593	0.00173	0.00274	0.01064	0.00489	0.00460
36	0.05955	0.00785	0.01050	0.00904	0.01090	0.00832	0.03685	0.01145	0.00921	0.05139	0.01297	0.09416	0.01276	0.08566	0.16093	0.00309	0.16327	0.04279	0.00314	0.20616
37	0.01203	0.03450	0.01120	0.00784	0.01215	0.00773	0.00636	0.05397	0.03285	0.08802	0.01026	0.01118	0.00808	0.00414	0.00390	0.00089	0.00389	0.00329	0.00338	0.68434

[dist]
# distance from previous block
# <min> <max>
0	1

[block]
# block no. 2 follows, 50 sequences, length 41
# corresponding to MSA columns:
# 135-175
name=unknown_C
#
# <colnr> <probs for GDERKNQSTAVLIFYWHMCP>
#	G	D	E	R	K	N	Q	S	T	A	V	L	I	F	Y	W	H	M	C	P
0	0.00845	0.00755	0.01230	0.58019	0.02651	0.00905	0.01118	0.01106	0.00984	0.01273	0.01423	0.24663	0.01424	0.00805	0.00538	0.00177	0.00556	0.00724	0.00291	0.00511
1	0.00886	0.00738	0.00801	0.00790	0.03953	0.03790	0.00571	0.02985	0.15487	0.03494	0.26985	0.03481	0.32139	0.00988	0.00560	0.00162	0.00322	0.00837	0.00485	0.00544
2	0.00692	0.00506	0.00650	0.00621	0.00738	0.00463	0.00463	0.00912	0.01368	0.01915	0.69825	0.07422	0.10436	0.01063	0.00590	0.00160	0.00239	0.00937	0.00538	0.00463
3	0.01034	0.00886	0.01034	0.00738	0.01181	0.00664	0.00591	0.01255	0.01034	0.01624	0.00886	0.01034	0.00738	0.00369	0.00369	0.00074	0.00369	0.00295	0.00295	0.85530
4	0.01492	0.59244	0.02260	0.00913	0.01332	0.01782	0.00859	0.17443	0.01314	0.05909	0.00873	0.00938	0.00718	0.00471	0.00368	0.00117	0.00526	0.00318	0.00297	0.02825
5	0.02236	0.00848	0.01157	0.00887	0.01272	0.00733	0.00733	0.02429	0.01427	0.79719	0.01966	0.01697	0.01234	0.00617	0.00501	0.00154	0.00424	0.00501	0.00617	0.00848
6	0.06818	0.00855	0.01134	0.00874	0.01256	0.00754	0.00722	0.02376	0.01395	0.75480	0.01897	0.01648	0.01196	0.00608	0.00491	0.00154	0.00422	0.00489	0.00600	0.00831
7	0.00820	0.00722	0.01163	0.52054	0.02450	0.00853	0.01050	0.01063	0.00981	0.01273	0.01561	0.30646	0.01619	0.00884	0.00548	0.00179	0.00528	0.00796	0.00309	0.00500
8	0.00780	0.00566	0.00771	0.00874	0.00994	0.00557	0.00758	0.00999	0.01146	0.01476	0.02898	0.05534	0.11072	0.01365	0.00678	0.00223	0.00437	0.67959	0.00459	0.00455
9	0.00672	0.00490	0.00646	0.00747	0.00822	0.00465	0.00568	0.00812	0.01043	0.01357	0.02999	0.46313	0.12674	0.01461	0.00648	0.00207	0.00343	0.26845	0.00461	0.00425
10	0.01540	0.00692	0.00827	0.00689	0.00938	0.00655	0.00551	0.07350	0.01299	0.34081	0.01735	0.01743	0.01228	0.00597	0.00423	0.00134	0.00335	0.00479	0.44054	0.00651
11	0.01012	0.00958	0.01623	0.62352	0.21813	0.01126	0.01419	0.01336	0.01030	0.01359	0.00898	0.01306	0.00695	0.00485	0.00497	0.00162	0.00647	0.00443	0.00228	0.00611
12	0.00597	0.00473	0.00538	0.00590	0.00696	0.00414	0.00417	0.00706	0.01054	0.01313	0.04013	0.39619	0.45018	0.01397	0.00610	0.00184	0.00269	0.01216	0.00463	0.00414
13	0.00611	0.00506	0.00535	0.00528	0.00687	0.00430	0.00396	0.00758	0.01188	0.01470	0.19068	0.04594	0.65075	0.01216	0.00589	0.00166	0.00249	0.01023	0.00479	0.00430
14	0.00756	0.00615	0.00902	0.29873	0.01685	0.00667	0.00773	0.00904	0.00976	0.01240	0.02396	0.24141	0.20385	0.01125	0.00737	0.10753	0.00434	0.00853	0.00345	0.00439
15	0.01044	0.00995	0.01694	0.49075	0.29332	0.01133	0.03300	0.01356	0.01042	0.01401	0.00939	0.02936	0.00763	0.00508	0.00527	0.00162	0.02456	0.00467	0.00236	0.00634
16	0.00607	0.00434	0.00578	0.00694	0.00723	0.00405	0.00463	0.00694	0.00954	0.01272	0.02747	0.82157	0.03297	0.01562	0.00636	0.00202	0.00289	0.01417	0.00463	0.00405
17	0.01065	0.14135	0.24082	0.01346	0.01782	0.06129	0.22022	0.01396	0.01081	0.01429	0.01305	0.19391	0.01269	0.00700	0.00516	0.00161	0.00643	0.00646	0.00282	0.00619
18	0.01217	0.01251	0.01676	0.02026	0.35272	0.12433	0.03356	0.01428	0.01033	0.01395	0.00888	0.01240	0.00788	0.00978	0.10717	0.00246	0.22726	0.00440	0.00243	0.00647
19	0.86003	0.00964	0.00733	0.00655	0.00964	0.01118	0.00540	0.01465	0.00848	0.02236	0.00694	0.00810	0.00540	0.00463	0.00308	0.00154	0.00386	0.00270	0.00308	0.00540
20	0.86003	0.00964	0.00733	0.00655	0.00964	0.01118	0.00540	0.01465	0.00848	0.02236	0.00694	0.00810	0.00540	0.00463	0.00308	0.00154	0.00386	0.00270	0.00308	0.00540
21	0.01256	0.72588	0.02387	0.00846	0.01231	0.01805	0.00824	0.01418	0.00987	0.01171	0.00773	0.00943	0.00715	0.00837	0.10259	0.00193	0.00632	0.00300	0.00220	0.00616
22	0.00755	0.00572	0.00700	0.00751	0.00835	0.00589	0.00530	0.01099	0.15624	0.01428	0.05219	0.49797	0.02768	0.09492	0.03802	0.00246	0.00373	0.04495	0.00451	0.00474
23	0.00868	0.01012	0.11642	0.01103	0.01384	0.00828	0.17391	0.01150	0.01113	0.01544	0.15879	0.02656	0.17489	0.01142	0.09289	0.00237	0.07167	0.03435	0.04130	0.00542
24	0.01102	0.01050	0.01785	0.38298	0.45164	0.01150	0.01464	0.01414	0.01073	0.01469	0.00914	0.01277	0.00733	0.00469	0.00496	0.00156	0.00625	0.00444	0.00235	0.00683
25	0.73380	0.00915	0.00728	0.00654	0.00926	0.01050	0.00520	0.03235	0.00869	0.02101	0.00815	0.01123	0.00705	0.10632	0.00589	0.00195	0.00402	0.00331	0.00312	0.00518
26	0.00712	0.00533	0.00795	0.00795	0.00882	0.00620	0.00615	0.00886	0.00799	0.01153	0.01341	0.01990	0.01260	0.05636	0.78629	0.00793	0.01315	0.00539	0.00268	0.00442
27	0.00724	0.00530	0.00783	0.00783	0.00873	0.00614	0.00608	0.00905	0.00814	0.01195	0.01351	0.01953	0.01248	0.03567	0.76160	0.00764	0.01275	0.00530	0.04876	0.00446
28	0.01341	0.01107	0.01173	0.01028	0.01327	0.01268	0.00807	0.11948	0.67488	0.03776	0.01924	0.01774	0.01432	0.00665	0.00506	0.00166	0.00414	0.00548	0.00508	0.00797
29	0.01315	0.09910	0.30271	0.11116	0.01945	0.01235	0.03321	0.16016	0.03210	0.08522	0.01052	0.01170	0.00763	0.00503	0.00463	0.00145	0.00609	0.00399	0.00317	0.07717
30	0.01256	0.01214	0.01564	0.07186	0.24482	0.07476	0.01150	0.05240	0.19801	0.01636	0.01120	0.01325	0.00912	0.00633	0.00804	0.00172	0.22563	0.00461	0.00313	0.00693
31	0.34513	0.00704	0.00722	0.04364	0.00955	0.00773	0.02506	0.01191	0.00928	0.01807	0.01371	0.14455	0.01289	0.03935	0.04877	0.00200	0.00408	0.00557	0.23958	0.00487
32	0.01154	0.00847	0.01021	0.00892	0.01083	0.00945	0.00696	0.29430	0.01363	0.01867	0.01319	0.01868	0.01182	0.14229	0.39215	0.00512	0.00917	0.00531	0.00358	0.00574
33	0.00941	0.00886	0.01495	0.81285	0.03433	0.01107	0.01384	0.01274	0.00997	0.01274	0.00886	0.01329	0.00664	0.00498	0.00498	0.00166	0.00664	0.00443	0.00221	0.00554
34	0.01154	0.01103	0.01879	0.24468	0.58590	0.01163	0.01490	0.01460	0.01097	0.01531	0.00923	0.01260	0.00755	0.00459	0.00495	0.00153	0.00612	0.00444	0.00240	0.00725
35	0.00725	0.00483	0.00544	0.00544	0.00544	0.00483	0.00302	0.00725	0.00725	0.00966	0.01571	0.03262	0.01812	0.82483	0.02537	0.00483	0.00483	0.00725	0.00302	0.00302
36	0.01262	0.01232	0.01425	0.42291	0.02434	0.16146	0.01154	0.12313	0.01235	0.01524	0.00906	0.01227	0.00709	0.00597	0.00643	0.03270	0.08155	0.00420	0.02472	0.00585
37	0.01333	0.82783	0.02612	0.00853	0.01279	0.01972	0.00853	0.01493	0.01013	0.01173	0.00693	0.00800	0.00640	0.00426	0.00320	0.00107	0.00533	0.00267	0.00213	0.00640
38	0.00623	0.00445	0.00596	0.00712	0.00748	0.00418	0.00490	0.00721	0.00970	0.01290	0.02739	0.76042	0.03262	0.01547	0.00640	0.00205	0.00303	0.07378	0.00462	0.00409
39	0.00803	0.00574	0.00803	0.00918	0.01033	0.00574	0.00803	0.01033	0.01147	0.01492	0.02639	0.05622	0.02869	0.01377	0.00688	0.00229	0.00459	0.76018	0.00459	0.00459
40	0.01483	0.01155	0.01274	0.00958	0.01373	0.01138	0.00781	0.40556	0.04615	0.02420	0.01088	0.01148	0.00824	0.00498	0.00441	0.00116	0.00462	0.00384	0.00408	0.38874

[dist]
# distance from previous block
# <min> <max>
0	21

[block]
# block no. 3 follows, 50 sequences, length 29
# corresponding to MSA columns:
# 197-225
name=unknown_D
#
# <colnr> <probs for GDERKNQSTAVLIFYWHMCP>
#	G	D	E	R	K	N	Q	S	T	A	V	L	I	F	Y	W	H	M	C	P
0	0.01099	0.04071	0.01566	0.01292	0.01308	0.01543	0.01082	0.01210	0.00772	0.01199	0.00656	0.01080	0.00654	0.00856	0.01588	0.00214	0.78614	0.00430	0.00218	0.00549
1	0.00811	0.01313	0.31373	0.01028	0.01360	0.00804	0.01075	0.01133	0.00916	0.01334	0.01332	0.11125	0.01252	0.02217	0.40070	0.00481	0.00979	0.00575	0.00268	0.00553
2	0.04495	0.09287	0.33990	0.01272	0.01806	0.01146	0.11252	0.02974	0.01172	0.23322	0.01178	0.01241	0.00817	0.00517	0.00516	0.00155	0.03358	0.00425	0.00338	0.00738
3	0.01302	0.22836	0.40531	0.01239	0.01780	0.19329	0.01369	0.03600	0.01157	0.01435	0.00823	0.00957	0.00641	0.00474	0.00430	0.00138	0.00717	0.00334	0.00229	0.00679
4	0.00589	0.00505	0.00505	0.00505	0.00673	0.00421	0.00379	0.00715	0.01136	0.01347	0.05049	0.04797	0.79171	0.01262	0.00589	0.00168	0.00252	0.01052	0.00463	0.00421
5	0.01151	0.01121	0.01972	0.23508	0.52082	0.01171	0.08772	0.01469	0.01103	0.01532	0.00931	0.01269	0.00754	0.00456	0.00504	0.00155	0.00635	0.00458	0.00241	0.00716
6	0.01478	0.01576	0.01629	0.01540	0.11630	0.33713	0.12359	0.01632	0.01164	0.05819	0.00892	0.01153	0.00741	0.00689	0.00816	0.10281	0.11617	0.00416	0.00266	0.00588
7	0.01333	0.82783	0.02612	0.00853	0.01279	0.01972	0.00853	0.01493	0.01013	0.01173	0.00693	0.00800	0.00640	0.00426	0.00320	0.00107	0.00533	0.00267	0.00213	0.00640
8	0.04029	0.01125	0.11026	0.00900	0.01315	0.00867	0.00812	0.12093	0.03570	0.15234	0.08420	0.03508	0.01273	0.00559	0.00452	0.00125	0.00437	0.00453	0.00402	0.33401
9	0.01115	0.01043	0.01732	0.14781	0.48488	0.01082	0.02997	0.01399	0.01095	0.01537	0.01137	0.01804	0.01031	0.00587	0.00562	0.00161	0.03928	0.10237	0.00272	0.05013
10	0.00941	0.00886	0.01495	0.81285	0.03433	0.01107	0.01384	0.01274	0.00997	0.01274	0.00886	0.01329	0.00664	0.00498	0.00498	0.00166	0.00664	0.00443	0.00221	0.00554
11	0.00716	0.00529	0.00716	0.03937	0.00965	0.00516	0.00643	0.00895	0.01106	0.01451	0.10539	0.29116	0.10869	0.01352	0.00644	0.00205	0.00370	0.34528	0.00460	0.00443
12	0.01052	0.15259	0.67680	0.01331	0.02019	0.01286	0.01685	0.01565	0.01046	0.01514	0.00863	0.01012	0.00633	0.00466	0.00449	0.00150	0.00704	0.00352	0.00211	0.00721
13	0.01091	0.01091	0.01527	0.01309	0.01309	0.01527	0.01091	0.01200	0.00763	0.01200	0.00654	0.01091	0.00654	0.00872	0.01636	0.00218	0.81570	0.00436	0.00218	0.00545
14	0.00660	0.00459	0.00572	0.00631	0.00655	0.00440	0.00401	0.00725	0.00900	0.01210	0.08122	0.45650	0.02830	0.32823	0.01368	0.00308	0.00360	0.01110	0.00407	0.00370
15	0.11375	0.17077	0.29017	0.01301	0.01809	0.01309	0.16355	0.01609	0.01063	0.08714	0.00940	0.01094	0.00703	0.00488	0.00514	0.00153	0.05130	0.00397	0.00269	0.00682
16	0.01742	0.01297	0.01393	0.01105	0.01475	0.01443	0.00901	0.56514	0.21378	0.05319	0.01430	0.01379	0.01029	0.00618	0.00501	0.00155	0.00506	0.00479	0.00505	0.00833
17	0.00607	0.00434	0.00578	0.00694	0.00723	0.00405	0.00463	0.00694	0.00954	0.01272	0.02747	0.82157	0.03297	0.01562	0.00636	0.00202	0.00289	0.01417	0.00463	0.00405
18	0.00955	0.00844	0.01113	0.01049	0.03336	0.03096	0.00800	0.04215	0.03088	0.01278	0.01175	0.05801	0.01165	0.11741	0.28167	0.00438	0.30402	0.00556	0.00279	0.00502
19	0.07648	0.00764	0.04220	0.00780	0.01040	0.00654	0.00654	0.01582	0.01344	0.31710	0.35844	0.02733	0.02783	0.00822	0.00535	0.00160	0.00353	0.05205	0.00537	0.00631
20	0.00690	0.00509	0.00645	0.00611	0.00735	0.00464	0.00458	0.00911	0.01375	0.01913	0.69386	0.03864	0.14481	0.01051	0.00588	0.00158	0.00237	0.00921	0.00537	0.00464
21	0.00607	0.00434	0.00578	0.00694	0.00723	0.00405	0.00463	0.00694	0.00954	0.01272	0.02747	0.82157	0.03297	0.01562	0.00636	0.00202	0.00289	0.01417	0.00463	0.00405
22	0.01239	0.01196	0.03010	0.09664	0.11197	0.03005	0.25714	0.10684	0.18805	0.01847	0.01327	0.04741	0.01053	0.00565	0.00528	0.00162	0.00613	0.00555	0.03392	0.00702
23	0.01149	0.28121	0.20928	0.25731	0.02154	0.01410	0.01248	0.07476	0.01140	0.01494	0.04160	0.01179	0.00834	0.00499	0.00438	0.00143	0.00612	0.00387	0.00252	0.00646
24	0.00717	0.00515	0.00716	0.00817	0.00896	0.00514	0.00650	0.00885	0.01032	0.01367	0.02526	0.34794	0.02842	0.01729	0.10140	0.00287	0.00497	0.38203	0.00438	0.00436
25	0.00704	0.00507	0.00686	0.00787	0.00868	0.00489	0.00620	0.00868	0.01078	0.01417	0.06700	0.38094	0.06963	0.01432	0.00656	0.00211	0.00365	0.36656	0.00465	0.00435
26	0.08072	0.28542	0.05872	0.01061	0.01476	0.01293	0.12394	0.03421	0.02569	0.24821	0.03320	0.01354	0.02657	0.00529	0.00441	0.00141	0.00530	0.00433	0.00372	0.00702
27	0.01158	0.22381	0.39341	0.01143	0.01688	0.09119	0.01288	0.01527	0.01094	0.01468	0.04814	0.01108	0.00855	0.00481	0.00426	0.00132	0.00632	0.00357	0.00243	0.10745
28	0.01736	0.09397	0.10758	0.01036	0.01472	0.02874	0.00945	0.28842	0.03133	0.24796	0.01312	0.01276	0.00912	0.00550	0.00465	0.00140	0.00520	0.00421	0.00446	0.08969

[dist]
# distance from previous block
# <min> <max>
0	8

[block]
# block no. 4 follows, 50 sequences, length 66
# corresponding to MSA columns:
# 234-299
name=unknown_E
#
# <colnr> <probs for GDERKNQSTAVLIFYWHMCP>
#	G	D	E	R	K	N	Q	S	T	A	V	L	I	F	Y	W	H	M	C	P
0	0.01470	0.00870	0.01052	0.00887	0.01153	0.00899	0.00710	0.07145	0.18688	0.29822	0.05830	0.04774	0.15316	0.00815	0.00631	0.00167	0.07910	0.00650	0.00512	0.00700
1	0.00733	0.00570	0.00788	0.14094	0.01210	0.00576	0.00646	0.00945	0.01199	0.01617	0.36257	0.12778	0.12260	0.03995	0.00661	0.00186	0.00352	0.10216	0.00454	0.00463
2	0.01034	0.00886	0.01034	0.00738	0.01181	0.00664	0.00591	0.01255	0.01034	0.01624	0.00886	0.01034	0.00738	0.00369	0.00369	0.00074	0.00369	0.00295	0.00295	0.85530
3	0.04759	0.01851	0.01319	0.01153	0.01449	0.48128	0.00886	0.10269	0.12762	0.06512	0.01079	0.01126	0.00832	0.00543	0.00457	0.00136	0.00710	0.00378	0.00346	0.05305
4	0.06445	0.01186	0.03342	0.06441	0.35060	0.06886	0.15507	0.01436	0.01114	0.01563	0.01222	0.10144	0.02563	0.00600	0.00513	0.00157	0.00607	0.01786	0.00283	0.03146
5	0.06730	0.05489	0.01236	0.00991	0.01294	0.03540	0.03518	0.07029	0.32323	0.17768	0.03839	0.02114	0.01501	0.00711	0.00508	0.00166	0.00453	0.09589	0.00479	0.00722
6	0.01000	0.02578	0.79900	0.01421	0.02157	0.01158	0.01842	0.01579	0.01052	0.01579	0.00895	0.01052	0.00631	0.00474	0.00474	0.00158	0.00737	0.00368	0.00210	0.00737
7	0.00618	0.00438	0.00575	0.00680	0.00706	0.00412	0.00448	0.00697	0.00933	0.01244	0.02638	0.74839	0.03159	0.09068	0.00813	0.00228	0.00307	0.01353	0.00448	0.00395
8	0.00721	0.00532	0.00692	0.00786	0.00862	0.00530	0.00587	0.00971	0.08300	0.01409	0.02650	0.53550	0.03012	0.01428	0.00638	0.00207	0.00346	0.21858	0.00466	0.00456
9	0.10593	0.01135	0.01441	0.30786	0.02203	0.01305	0.03940	0.32952	0.07039	0.02219	0.01079	0.01256	0.00791	0.00545	0.00482	0.00158	0.00574	0.00441	0.00367	0.00695
10	0.00590	0.00503	0.00507	0.00509	0.00674	0.00420	0.00381	0.00715	0.01132	0.01345	0.04996	0.06603	0.77400	0.01269	0.00590	0.00169	0.00253	0.01060	0.00463	0.00420
11	0.00736	0.00562	0.00818	0.00805	0.00880	0.00663	0.00619	0.00892	0.00791	0.01140	0.01318	0.02038	0.01268	0.11476	0.68000	0.00735	0.06008	0.00547	0.00268	0.00437
12	0.86003	0.00964	0.00733	0.00655	0.00964	0.01118	0.00540	0.01465	0.00848	0.02236	0.00694	0.00810	0.00540	0.00463	0.00308	0.00154	0.00386	0.00270	0.00308	0.00540
13	0.01061	0.01008	0.01710	0.49380	0.34406	0.01139	0.01444	0.01378	0.01053	0.01418	0.00907	0.01290	0.00715	0.00476	0.00496	0.00159	0.00635	0.00443	0.00232	0.00650
14	0.00687	0.00491	0.00670	0.00785	0.00849	0.00474	0.00602	0.00832	0.01033	0.01362	0.02703	0.50942	0.03122	0.01486	0.00658	0.00213	0.00358	0.31844	0.00461	0.00427
15	0.00763	0.00485	0.00490	0.00488	0.00629	0.00444	0.00366	0.00946	0.01099	0.01623	0.05591	0.03293	0.37909	0.00914	0.00469	0.00142	0.00242	0.00753	0.42911	0.00444
16	0.00914	0.00787	0.00816	0.00759	0.00984	0.00830	0.00584	0.01681	0.39757	0.01715	0.03541	0.03330	0.40394	0.00970	0.00548	0.00169	0.00323	0.00808	0.00485	0.00605
17	0.01862	0.02376	0.01413	0.01284	0.01541	0.80482	0.00963	0.01990	0.01413	0.01220	0.00770	0.00899	0.00642	0.00514	0.00449	0.00128	0.00899	0.00321	0.00257	0.00578
18	0.43755	0.01110	0.01035	0.00873	0.01201	0.01266	0.00709	0.23324	0.18140	0.02460	0.01126	0.01148	0.00840	0.00548	0.00406	0.00156	0.00434	0.00384	0.00406	0.00681
19	0.00725	0.00483	0.00544	0.00544	0.00544	0.00483	0.00302	0.00725	0.00725	0.00966	0.01571	0.03262	0.01812	0.82483	0.02537	0.00483	0.00483	0.00725	0.00302	0.00302
20	0.01865	0.02283	0.01420	0.01271	0.01541	0.73056	0.00962	0.09114	0.01500	0.01401	0.00811	0.00927	0.00661	0.00522	0.00454	0.00130	0.00866	0.00333	0.00280	0.00603
21	0.00605	0.00506	0.00527	0.00522	0.00683	0.00428	0.00391	0.00746	0.01174	0.01436	0.15185	0.04650	0.68980	0.01229	0.00589	0.00167	0.00250	0.01031	0.00475	0.00428
22	0.00631	0.00440	0.00578	0.00677	0.00717	0.00412	0.00457	0.00735	0.00988	0.01350	0.07451	0.72866	0.03274	0.01474	0.00617	0.00195	0.00283	0.01333	0.05110	0.00412
23	0.01333	0.82783	0.02612	0.00853	0.01279	0.01972	0.00853	0.01493	0.01013	0.01173	0.00693	0.00800	0.00640	0.00426	0.00320	0.00107	0.00533	0.00267	0.00213	0.00640
24	0.03315	0.19266	0.01523	0.00954	0.01325	0.15476	0.00799	0.05857	0.04460	0.33637	0.01325	0.01268	0.00936	0.00535	0.00438	0.00133	0.00534	0.00396	0.00421	0.07402
25	0.01036	0.11277	0.71517	0.01359	0.02062	0.01246	0.01734	0.01569	0.01048	0.01535	0.00873	0.01025	0.00632	0.00468	0.00457	0.00152	0.00715	0.00357	0.00211	0.00726
26	0.00812	0.00592	0.00803	0.00903	0.01020	0.00600	0.00771	0.01102	0.05955	0.01508	0.02611	0.12487	0.02824	0.01350	0.00672	0.00223	0.00439	0.64390	0.00462	0.00475
27	0.01785	0.02186	0.01362	0.01225	0.01487	0.69625	0.00925	0.07532	0.01464	0.01370	0.01069	0.01164	0.05558	0.00567	0.00462	0.00132	0.00833	0.00376	0.00288	0.00588
28	0.01712	0.01305	0.01393	0.01110	0.01476	0.01460	0.00903	0.56716	0.23637	0.02846	0.01429	0.01382	0.01036	0.00620	0.00501	0.00155	0.00505	0.00481	0.00501	0.00831
29	0.00593	0.00505	0.00511	0.00509	0.00676	0.00423	0.00382	0.00723	0.01146	0.01370	0.07710	0.04758	0.76496	0.01254	0.00589	0.00168	0.00252	0.01047	0.00466	0.00423
30	0.45333	0.00908	0.00939	0.00768	0.01114	0.00931	0.00633	0.01933	0.01129	0.39855	0.01312	0.01240	0.00877	0.00538	0.00402	0.00154	0.00404	0.00382	0.00458	0.00690
31	0.01228	0.01057	0.01118	0.01012	0.01289	0.01222	0.00789	0.02605	0.76379	0.02069	0.02045	0.01962	0.01558	0.00695	0.00512	0.00171	0.00396	0.02607	0.00506	0.00780
32	0.43208	0.00905	0.00949	0.00774	0.01122	0.00921	0.00638	0.01958	0.01144	0.41821	0.01344	0.01263	0.00894	0.00541	0.00407	0.00154	0.00405	0.00388	0.00466	0.00697
33	0.00676	0.00533	0.00627	0.00673	0.00820	0.00483	0.00552	0.00845	0.01141	0.01406	0.04066	0.05134	0.48051	0.01309	0.00630	0.00193	0.00337	0.31627	0.00461	0.00436
34	0.00713	0.00530	0.00783	0.00783	0.00866	0.00613	0.00600	0.00878	0.00796	0.01144	0.01352	0.02051	0.01286	0.09324	0.74977	0.00779	0.01275	0.00548	0.00270	0.00435
35	0.00603	0.00449	0.00562	0.00653	0.00712	0.00408	0.00444	0.00699	0.00994	0.01289	0.03248	0.65347	0.19784	0.01497	0.00626	0.00195	0.00281	0.01338	0.00463	0.00408
36	0.78234	0.00953	0.00772	0.00677	0.00993	0.01082	0.00558	0.01555	0.00902	0.09423	0.00812	0.00892	0.00604	0.00477	0.00326	0.00154	0.00389	0.00291	0.00337	0.00568
37	0.01399	0.00683	0.00898	0.00751	0.00995	0.00615	0.00595	0.03913	0.01436	0.35623	0.40584	0.02810	0.05890	0.00841	0.00548	0.00156	0.00327	0.00720	0.00573	0.00643
38	0.01895	0.01396	0.01496	0.01147	0.01546	0.01546	0.00947	0.77711	0.02344	0.03141	0.01197	0.01197	0.00848	0.00598	0.00499	0.00150	0.00548	0.00449	0.00499	0.00848
39	0.00610	0.00506	0.00534	0.00527	0.00686	0.00430	0.00395	0.00756	0.01185	0.01464	0.18348	0.04604	0.65799	0.01219	0.00589	0.00166	0.00249	0.01025	0.00478	0.00430
40	0.00926	0.00775	0.00842	0.00814	0.01008	0.00832	0.00616	0.01688	0.39719	0.01705	0.02972	0.19599	0.21740	0.01037	0.00562	0.00178	0.00338	0.03563	0.00485	0.00603
41	0.01333	0.82783	0.02612	0.00853	0.01279	0.01972	0.00853	0.01493	0.01013	0.01173	0.00693	0.00800	0.00640	0.00426	0.00320	0.00107	0.00533	0.00267	0.00213	0.00640
42	0.01091	0.01091	0.01527	0.01309	0.01309	0.01527	0.01091	0.01200	0.00763	0.01200	0.00654	0.01091	0.00654	0.00872	0.01636	0.00218	0.81570	0.00436	0.00218	0.00545
43	0.01894	0.01424	0.01494	0.01151	0.01546	0.03786	0.00948	0.75562	0.02317	0.03087	0.01185	0.01188	0.00842	0.00596	0.00497	0.00149	0.00558	0.00445	0.00492	0.00840
44	0.00929	0.00465	0.00465	0.00465	0.00581	0.00465	0.00348	0.01161	0.01045	0.01858	0.01626	0.01858	0.01278	0.00581	0.00348	0.00116	0.00232	0.00465	0.85250	0.00465
45	0.01092	0.01097	0.02034	0.36776	0.26276	0.01171	0.21395	0.01436	0.01086	0.01466	0.00934	0.01304	0.00727	0.00461	0.00520	0.00161	0.00689	0.00481	0.00237	0.00656
46	0.01034	0.00886	0.01034	0.00738	0.01181	0.00664	0.00591	0.01255	0.01034	0.01624	0.00886	0.01034	0.00738	0.00369	0.00369	0.00074	0.00369	0.00295	0.00295	0.85530
47	0.01862	0.02376	0.01413	0.01284	0.01541	0.80482	0.00963	0.01990	0.01413	0.01220	0.00770	0.00899	0.00642	0.00514	0.00449	0.00128	0.00899	0.00321	0.00257	0.00578
48	0.01904	0.00775	0.01050	0.00830	0.01158	0.00676	0.00676	0.02106	0.01423	0.62830	0.18730	0.02137	0.01988	0.00704	0.00520	0.00155	0.00383	0.00588	0.00602	0.00766
49	0.00707	0.00512	0.00670	0.00650	0.00765	0.00475	0.00494	0.00933	0.01366	0.01915	0.68351	0.06854	0.06353	0.01074	0.00598	0.00165	0.00255	0.06862	0.00536	0.00466
50	0.01862	0.00776	0.01046	0.00825	0.01155	0.00673	0.00671	0.02065	0.01410	0.60119	0.18692	0.02114	0.01971	0.00696	0.00515	0.00152	0.00381	0.00581	0.00591	0.03706
51	0.01329	0.01099	0.01164	0.01015	0.01309	0.01251	0.00798	0.17121	0.59135	0.02245	0.01992	0.03681	0.04206	0.00702	0.00511	0.00166	0.00417	0.00578	0.00503	0.00778
52	0.00725	0.00483	0.00544	0.00544	0.00544	0.00483	0.00302	0.00725	0.00725	0.00966	0.01571	0.03262	0.01812	0.82483	0.02537	0.00483	0.00483	0.00725	0.00302	0.00302
53	0.01062	0.25651	0.48150	0.01163	0.01737	0.01314	0.01394	0.01479	0.01083	0.01510	0.09999	0.01292	0.01111	0.00524	0.00442	0.00143	0.00619	0.00401	0.00251	0.00677
54	0.86003	0.00964	0.00733	0.00655	0.00964	0.01118	0.00540	0.01465	0.00848	0.02236	0.00694	0.00810	0.00540	0.00463	0.00308	0.00154	0.00386	0.00270	0.00308	0.00540
55	0.01343	0.04684	0.24854	0.01172	0.01598	0.21889	0.01133	0.05727	0.21490	0.01694	0.01193	0.01250	0.00908	0.00540	0.00462	0.00145	0.00634	0.00407	0.03358	0.05520
56	0.01180	0.01560	0.23034	0.03492	0.01758	0.04048	0.10297	0.02167	0.43015	0.01834	0.01518	0.01527	0.01130	0.00579	0.00505	0.00164	0.00568	0.00501	0.00378	0.00747
57	0.00607	0.00436	0.00576	0.00687	0.00721	0.00405	0.00460	0.00695	0.00961	0.01275	0.02834	0.79243	0.06155	0.01550	0.00634	0.00201	0.00288	0.01403	0.00463	0.00405
58	0.01240	0.01251	0.01829	0.03496	0.09257	0.06341	0.15410	0.08454	0.01069	0.01499	0.00811	0.01156	0.00704	0.00690	0.01123	0.00189	0.44145	0.00460	0.00256	0.00623
59	0.00668	0.00515	0.00620	0.00645	0.00775	0.00466	0.00503	0.00843	0.01195	0.01546	0.24109	0.11839	0.35673	0.01250	0.00615	0.00182	0.00296	0.17336	0.00485	0.00441
60	0.01013	0.00988	0.01555	0.41369	0.02417	0.01290	0.04325	0.01247	0.00898	0.01252	0.00797	0.01236	0.00674	0.00718	0.02434	0.00200	0.36365	0.00447	0.00222	0.00553
61	0.01391	0.00634	0.00858	0.00785	0.00987	0.00563	0.00592	0.01532	0.01190	0.38949	0.03844	0.42015	0.02333	0.01098	0.00570	0.00178	0.00353	0.00967	0.00538	0.00619
62	0.00639	0.00511	0.00577	0.00620	0.00735	0.00467	0.00442	0.00832	0.06091	0.01362	0.03853	0.38213	0.41156	0.01354	0.00604	0.00183	0.00278	0.01179	0.00466	0.00438
63	0.01008	0.04456	0.78091	0.01407	0.02137	0.01177	0.01818	0.01577	0.01051	0.01569	0.00890	0.01046	0.00632	0.00472	0.00470	0.00157	0.00732	0.00366	0.00211	0.00734
64	0.01322	0.80341	0.04965	0.00870	0.01306	0.01947	0.00883	0.01495	0.01014	0.01185	0.00699	0.00807	0.00639	0.00428	0.00325	0.00108	0.00539	0.00270	0.00213	0.00643
65	0.00706	0.00528	0.00693	0.00735	0.00837	0.00534	0.00578	0.00863	0.00983	0.01288	0.02687	0.08954	0.19638	0.10627	0.24998	0.00413	0.00669	0.23458	0.00385	0.00426

[dist]
# distance from previous block
# <min> <max>
0	4

[block]
# block no. 5 follows, 50 sequences, length 44
# corresponding to MSA columns:
# 304-347
name=unknown_F
#
# <colnr> <probs for GDERKNQSTAVLIFYWHMCP>
#	G	D	E	R	K	N	Q	S	T	A	V	L	I	F	Y	W	H	M	C	P
0	0.01197	0.03610	0.29098	0.01240	0.01788	0.01068	0.12646	0.10747	0.01234	0.04516	0.00978	0.01124	0.00732	0.00451	0.00458	0.00130	0.00597	0.00390	0.00293	0.27704
1	0.00978	0.01559	0.40978	0.00965	0.01400	0.00837	0.01119	0.02693	0.01065	0.01720	0.01245	0.01464	0.00951	0.02149	0.00458	0.00145	0.00500	0.00420	0.38747	0.00607
2	0.00616	0.00443	0.00584	0.00681	0.00723	0.00412	0.00460	0.00718	0.01004	0.01344	0.10055	0.72022	0.06090	0.01500	0.00630	0.00197	0.00283	0.01355	0.00471	0.00412
3	0.01362	0.68033	0.02459	0.01121	0.09646	0.07773	0.00933	0.01534	0.01056	0.01225	0.00725	0.00853	0.00656	0.00435	0.00348	0.00113	0.00567	0.00290	0.00220	0.00651
4	0.00816	0.00451	0.00612	0.00612	0.00612	0.00451	0.00387	0.00676	0.00676	0.00901	0.01113	0.02127	0.01197	0.30008	0.02154	0.55729	0.00451	0.00535	0.00246	0.00246
5	0.11020	0.01477	0.09866	0.04433	0.01679	0.03535	0.05055	0.52001	0.01899	0.02666	0.01075	0.01144	0.00773	0.00554	0.00478	0.00152	0.00580	0.00424	0.00416	0.00773
6	0.01229	0.09891	0.02058	0.06934	0.67035	0.01264	0.01450	0.01512	0.01115	0.01561	0.00909	0.01192	0.00767	0.00445	0.00475	0.00145	0.00590	0.00425	0.00242	0.00761
7	0.00594	0.00493	0.00520	0.00539	0.00683	0.00419	0.00395	0.00716	0.01111	0.01346	0.06034	0.17767	0.65052	0.01308	0.00597	0.00174	0.00258	0.01110	0.00464	0.00419
8	0.00758	0.00552	0.00717	0.13451	0.01033	0.00594	0.00501	0.00826	0.00774	0.01031	0.01442	0.02847	0.01583	0.62966	0.08580	0.00459	0.00582	0.00664	0.00286	0.00354
9	0.00589	0.00505	0.00505	0.00505	0.00673	0.00421	0.00379	0.00715	0.01136	0.01347	0.05049	0.04797	0.79171	0.01262	0.00589	0.00168	0.00252	0.01052	0.00463	0.00421
10	0.01895	0.01396	0.01496	0.01147	0.01546	0.01546	0.00947	0.77711	0.02344	0.03141	0.01197	0.01197	0.00848	0.00598	0.00499	0.00150	0.00548	0.00449	0.00499	0.00848
11	0.00712	0.00534	0.00801	0.00801	0.00890	0.00623	0.00623	0.00890	0.00801	0.01157	0.01335	0.01958	0.01246	0.03738	0.80507	0.00801	0.01335	0.00534	0.00267	0.00445
12	0.00597	0.00505	0.00516	0.00513	0.00678	0.00424	0.00385	0.00730	0.01155	0.01390	0.10017	0.04725	0.74176	0.01246	0.00589	0.00168	0.00251	0.01042	0.00469	0.00424
13	0.01282	0.70670	0.14284	0.00939	0.01412	0.01849	0.01002	0.01506	0.01019	0.01234	0.00723	0.00838	0.00638	0.00434	0.00343	0.00114	0.00564	0.00282	0.00213	0.00654
14	0.00666	0.00512	0.00733	0.00771	0.00853	0.00467	0.04536	0.00779	0.00971	0.01313	0.02531	0.72456	0.02991	0.01421	0.00616	0.00192	0.00324	0.01298	0.00440	0.06128
15	0.00626	0.00466	0.00588	0.00678	0.00748	0.00428	0.00484	0.00738	0.01017	0.01314	0.03242	0.56234	0.19975	0.01474	0.00632	0.00198	0.00301	0.09981	0.00462	0.00415
16	0.01661	0.32936	0.01868	0.01120	0.01442	0.50643	0.00921	0.01801	0.01261	0.01202	0.00741	0.00861	0.00641	0.00481	0.00400	0.00120	0.00760	0.00300	0.00240	0.00601
17	0.01101	0.00935	0.01022	0.00913	0.01184	0.01002	0.00701	0.02083	0.51987	0.01871	0.01935	0.14525	0.01662	0.00762	0.00503	0.00157	0.00373	0.00651	0.00461	0.16172
18	0.01289	0.00960	0.01107	0.00839	0.01245	0.00850	0.00673	0.08858	0.13826	0.10972	0.01228	0.01261	0.00934	0.00470	0.00419	0.00106	0.00397	0.00378	0.00387	0.53799
19	0.01253	0.22080	0.49942	0.01207	0.01818	0.01299	0.01444	0.01675	0.01095	0.12329	0.00994	0.01080	0.00717	0.00482	0.00440	0.00145	0.00643	0.00362	0.00268	0.00728
20	0.01019	0.01054	0.06025	0.01359	0.01698	0.00946	0.33809	0.01448	0.08369	0.04041	0.24334	0.04236	0.06188	0.00711	0.00596	0.00166	0.02302	0.00705	0.00387	0.00610
21	0.00941	0.00886	0.01495	0.81285	0.03433	0.01107	0.01384	0.01274	0.00997	0.01274	0.00886	0.01329	0.00664	0.00498	0.00498	0.00166	0.00664	0.00443	0.00221	0.00554
22	0.00966	0.00922	0.01592	0.73962	0.06512	0.01119	0.05341	0.01301	0.01012	0.01305	0.00894	0.01326	0.00674	0.00492	0.00503	0.00165	0.00671	0.00451	0.00224	0.00570
23	0.04480	0.12515	0.21488	0.02867	0.04618	0.01063	0.04409	0.04878	0.02280	0.20044	0.02979	0.12639	0.01287	0.00680	0.00489	0.00157	0.00530	0.01532	0.00376	0.00688
