[name]
unknown

[dist]
# distance from previous block
# <min> <max>
0	47

[block]
# block no. 0 follows, 50 sequences, length 23
# corresponding to MSA columns:
# 48-70
name=unknown_A
#
# <colnr> <probs for GDERKNQSTAVLIFYWHMCP>
#	G	D	E	R	K	N	Q	S	T	A	V	L	I	F	Y	W	H	M	C	P
0	0.01471	0.00909	0.01212	0.01021	0.01331	0.00897	0.06529	0.07391	0.18162	0.26274	0.01937	0.02587	0.01598	0.00782	0.00545	0.00171	0.00462	0.19101	0.00494	0.07127
1	0.01663	0.01060	0.01262	0.01137	0.06938	0.01115	0.00847	0.15290	0.33776	0.26836	0.01763	0.01632	0.01245	0.00621	0.00500	0.00157	0.00444	0.00510	0.00517	0.02687
2	0.01665	0.01142	0.01681	0.01266	0.01675	0.01130	0.20298	0.20705	0.11830	0.25121	0.01465	0.01459	0.01021	0.00553	0.00514	0.00153	0.00553	0.00504	0.00458	0.06810
3	0.01854	0.07244	0.01576	0.01126	0.01527	0.01576	0.00941	0.72235	0.02248	0.03000	0.01161	0.01168	0.00833	0.00586	0.00486	0.00147	0.00547	0.00436	0.00478	0.00833
4	0.01176	0.01345	0.02941	0.02101	0.02605	0.01261	0.77563	0.01597	0.01176	0.01597	0.01008	0.01345	0.00756	0.00420	0.00588	0.00168	0.00840	0.00588	0.00252	0.00672
5	0.01293	0.73282	0.11767	0.00920	0.01383	0.01876	0.00970	0.01503	0.01017	0.01221	0.00717	0.00830	0.00639	0.00432	0.00338	0.00113	0.00557	0.00279	0.00213	0.00651
6	0.01896	0.00875	0.01254	0.21316	0.01830	0.00854	0.00905	0.04554	0.01347	0.57333	0.01667	0.01587	0.01077	0.00586	0.00500	0.00157	0.00489	0.00485	0.00513	0.00773
7	0.01143	0.00537	0.00594	0.00544	0.00713	0.00510	0.00421	0.01360	0.01121	0.16004	0.01934	0.02040	0.06866	0.00636	0.00394	0.00127	0.00269	0.00513	0.63742	0.00531
8	0.00712	0.00534	0.00801	0.00801	0.00890	0.00623	0.00623	0.00890	0.00801	0.01157	0.01335	0.01958	0.01246	0.03738	0.80507	0.00801	0.01335	0.00534	0.00267	0.00445
9	0.00589	0.00505	0.00505	0.00505	0.00673	0.00421	0.00379	0.00715	0.01136	0.01347	0.05049	0.04797	0.79171	0.01262	0.00589	0.00168	0.00252	0.01052	0.00463	0.00421
10	0.01957	0.01296	0.01434	0.01099	0.01496	0.01398	0.00908	0.63999	0.02177	0.17090	0.01337	0.01288	0.00918	0.00602	0.00499	0.00150	0.00526	0.00458	0.00520	0.00848
11	0.00607	0.00434	0.00578	0.00694	0.00723	0.00405	0.00463	0.00694	0.00954	0.01272	0.02747	0.82157	0.03297	0.01562	0.00636	0.00202	0.00289	0.01417	0.00463	0.00405
12	0.00607	0.00434	0.00578	0.00694	0.00723	0.00405	0.00463	0.00694	0.00954	0.01272	0.02747	0.82157	0.03297	0.01562	0.00636	0.00202	0.00289	0.01417	0.00463	0.00405
13	0.86003	0.00964	0.00733	0.00655	0.00964	0.01118	0.00540	0.01465	0.00848	0.02236	0.00694	0.00810	0.00540	0.00463	0.00308	0.00154	0.00386	0.00270	0.00308	0.00540
14	0.00607	0.00434	0.00578	0.00694	0.00723	0.00405	0.00463	0.00694	0.00954	0.01272	0.02747	0.82157	0.03297	0.01562	0.00636	0.00202	0.00289	0.01417	0.00463	0.00405
15	0.02224	0.00868	0.01169	0.00896	0.01282	0.00762	0.00740	0.05106	0.01459	0.76995	0.01939	0.01679	0.01220	0.00616	0.00501	0.00154	0.00429	0.00499	0.00613	0.00848
16	0.01000	0.02578	0.79900	0.01421	0.02157	0.01158	0.01842	0.01579	0.01052	0.01579	0.00895	0.01052	0.00631	0.00474	0.00474	0.00158	0.00737	0.00368	0.00210	0.00737
17	0.00837	0.00720	0.00994	0.00936	0.01004	0.02850	0.00743	0.00992	0.00805	0.01165	0.01154	0.01743	0.01094	0.04842	0.56575	0.00628	0.21683	0.00508	0.00255	0.00470
18	0.00725	0.00483	0.00544	0.00544	0.00544	0.00483	0.00302	0.00725	0.00725	0.00966	0.01571	0.03262	0.01812	0.82483	0.02537	0.00483	0.00483	0.00725	0.00302	0.00302
19	0.00941	0.00886	0.01495	0.81285	0.03433	0.01107	0.01384	0.01274	0.00997	0.01274	0.00886	0.01329	0.00664	0.00498	0.00498	0.00166	0.00664	0.00443	0.00221	0.00554
20	0.01286	0.01169	0.01148	0.01035	0.01314	0.07183	0.00802	0.02599	0.72693	0.02020	0.01934	0.01788	0.01456	0.00664	0.00503	0.00166	0.00432	0.00545	0.00488	0.00773
21	0.01696	0.01282	0.01367	0.01090	0.01450	0.01431	0.00887	0.56054	0.21636	0.02830	0.01423	0.01387	0.01033	0.00618	0.00496	0.00153	0.00499	0.00478	0.03370	0.00820
22	0.01358	0.01381	0.01947	0.01610	0.07364	0.14495	0.31172	0.07472	0.13953	0.03234	0.01197	0.01372	0.00917	0.00524	0.00554	0.00156	0.03417	0.00503	0.06693	0.00680

[dist]
# distance from previous block
# <min> <max>
0	3

[block]
# block no. 1 follows, 50 sequences, length 17
# corresponding to MSA columns:
# 74-90
name=unknown_B
#
# <colnr> <probs for GDERKNQSTAVLIFYWHMCP>
#	G	D	E	R	K	N	Q	S	T	A	V	L	I	F	Y	W	H	M	C	P
0	0.00636	0.00527	0.00549	0.00529	0.00696	0.00445	0.00389	0.00760	0.01101	0.01355	0.07586	0.04362	0.63508	0.09050	0.00763	0.00192	0.00282	0.00965	0.00440	0.05864
1	0.01195	0.01145	0.01953	0.13458	0.69278	0.01174	0.01510	0.01496	0.01117	0.01581	0.00931	0.01246	0.00773	0.00451	0.00494	0.00150	0.00602	0.00444	0.00243	0.00758
2	0.01218	0.01168	0.01995	0.07261	0.75295	0.01180	0.01522	0.01516	0.01128	0.01609	0.00935	0.01239	0.00783	0.00447	0.00494	0.00149	0.00596	0.00444	0.00245	0.00777
3	0.01277	0.00715	0.00768	0.00662	0.00869	0.00738	0.00523	0.18817	0.01380	0.09682	0.01561	0.01691	0.01175	0.00588	0.00398	0.00127	0.00323	0.00465	0.57654	0.00589
4	0.00594	0.00505	0.00512	0.00510	0.00676	0.00423	0.00382	0.00725	0.01147	0.01373	0.08093	0.04753	0.76111	0.01252	0.00589	0.00168	0.00252	0.01046	0.00466	0.00423
5	0.01176	0.01345	0.02941	0.02101	0.02605	0.01261	0.77563	0.01597	0.01176	0.01597	0.01008	0.01345	0.00756	0.00420	0.00588	0.00168	0.00840	0.00588	0.00252	0.00672
6	0.00975	0.00509	0.00514	0.00497	0.00627	0.00516	0.00377	0.04827	0.01107	0.01920	0.01605	0.01827	0.01257	0.00582	0.00356	0.00118	0.00247	0.00464	0.81192	0.00483
7	0.00607	0.00434	0.00578	0.00694	0.00723	0.00405	0.00463	0.00694	0.00954	0.01272	0.02747	0.82157	0.03297	0.01562	0.00636	0.00202	0.00289	0.01417	0.00463	0.00405
8	0.01231	0.01529	0.08094	0.01975	0.02471	0.08915	0.64940	0.01633	0.01191	0.01559	0.00978	0.01281	0.00737	0.00433	0.00567	0.00164	0.00839	0.00547	0.00250	0.00668
9	0.02236	0.00848	0.01157	0.00887	0.01272	0.00733	0.00733	0.02429	0.01427	0.79719	0.01966	0.01697	0.01234	0.00617	0.00501	0.00154	0.00424	0.00501	0.00617	0.00848
10	0.00607	0.00434	0.00578	0.00694	0.00723	0.00405	0.00463	0.00694	0.00954	0.01272	0.02747	0.82157	0.03297	0.01562	0.00636	0.00202	0.00289	0.01417	0.00463	0.00405
11	0.00834	0.00665	0.00627	0.00615	0.00639	0.08171	0.00366	0.00846	0.00791	0.00991	0.01494	0.03035	0.01700	0.74605	0.02336	0.00449	0.00523	0.00686	0.00298	0.00329
12	0.01399	0.01080	0.01165	0.01015	0.01318	0.01220	0.00799	0.09841	0.63705	0.09695	0.01943	0.01780	0.01429	0.00663	0.00506	0.00166	0.00412	0.00546	0.00517	0.00800
13	0.00714	0.00478	0.00547	0.00558	0.00561	0.00476	0.00317	0.00722	0.00747	0.00996	0.01684	0.10844	0.01955	0.74706	0.02354	0.00456	0.00465	0.00791	0.00317	0.00312
14	0.05446	0.01398	0.01638	0.01627	0.16255	0.19651	0.13247	0.11748	0.05722	0.01754	0.01265	0.01892	0.01121	0.00650	0.00544	0.00163	0.02199	0.12685	0.00335	0.00659
15	0.01034	0.00886	0.01034	0.00738	0.01181	0.00664	0.00591	0.01255	0.01034	0.01624	0.00886	0.01034	0.00738	0.00369	0.00369	0.00074	0.00369	0.00295	0.00295	0.85530
16	0.00977	0.00826	0.00973	0.00732	0.01120	0.00630	0.00574	0.01180	0.01023	0.01577	0.01133	0.11818	0.01078	0.00528	0.00405	0.00091	0.00359	0.00444	0.00318	0.74214

[dist]
# distance from previous block
# <min> <max>
0	1

[block]
# block no. 2 follows, 50 sequences, length 43
# corresponding to MSA columns:
# 92-134
name=unknown_C
#
# <colnr> <probs for GDERKNQSTAVLIFYWHMCP>
#	G	D	E	R	K	N	Q	S	T	A	V	L	I	F	Y	W	H	M	C	P
0	0.01453	0.01107	0.01421	0.01394	0.14246	0.01171	0.04789	0.35467	0.07891	0.06528	0.01569	0.17755	0.01407	0.00767	0.00531	0.00163	0.00498	0.00664	0.00444	0.00734
1	0.01234	0.01184	0.02023	0.03059	0.79373	0.01184	0.01530	0.01530	0.01135	0.01628	0.00938	0.01234	0.00790	0.00444	0.00493	0.00148	0.00592	0.00444	0.00247	0.00790
2	0.00705	0.00510	0.00666	0.00627	0.00745	0.00470	0.00470	0.00941	0.01411	0.01999	0.79110	0.03723	0.04703	0.01019	0.00588	0.00157	0.00235	0.00901	0.00549	0.00470
3	0.00984	0.02465	0.75575	0.01377	0.02080	0.01120	0.01767	0.01544	0.01072	0.01601	0.05164	0.01198	0.00854	0.00503	0.00480	0.00158	0.00709	0.00397	0.00229	0.00722
4	0.02207	0.00895	0.01186	0.00909	0.01296	0.00803	0.00751	0.08912	0.01506	0.73124	0.01900	0.01654	0.01201	0.00615	0.00501	0.00154	0.00435	0.00497	0.00607	0.00848
5	0.00941	0.00886	0.01495	0.81285	0.03433	0.01107	0.01384	0.01274	0.00997	0.01274	0.00886	0.01329	0.00664	0.00498	0.00498	0.00166	0.00664	0.00443	0.00221	0.00554
6	0.01240	0.01071	0.01127	0.01014	0.01296	0.01240	0.00789	0.02649	0.78473	0.02085	0.02029	0.01860	0.01522	0.00676	0.00507	0.00169	0.00394	0.00564	0.00507	0.00789
7	0.01129	0.01155	0.01521	0.01307	0.01320	0.05513	0.01084	0.01239	0.00796	0.01201	0.00660	0.01081	0.00654	0.00854	0.01576	0.00214	0.77497	0.00430	0.00220	0.00547
8	0.00622	0.00457	0.00639	0.00730	0.00772	0.00427	0.02456	0.00717	0.00960	0.01281	0.02702	0.80068	0.03231	0.01532	0.00635	0.00202	0.00303	0.01396	0.00457	0.00412
9	0.01176	0.01345	0.02941	0.02101	0.02605	0.01261	0.77563	0.01597	0.01176	0.01597	0.01008	0.01345	0.00756	0.00420	0.00588	0.00168	0.00840	0.00588	0.00252	0.00672
10	0.00705	0.00515	0.00684	0.00784	0.00875	0.00493	0.00626	0.00870	0.01077	0.01394	0.02990	0.32993	0.12901	0.01428	0.00657	0.00212	0.00371	0.39529	0.00461	0.00435
11	0.86003	0.00964	0.00733	0.00655	0.00964	0.01118	0.00540	0.01465	0.00848	0.02236	0.00694	0.00810	0.00540	0.00463	0.00308	0.00154	0.00386	0.00270	0.00308	0.00540
12	0.01176	0.01345	0.02941	0.02101	0.02605	0.01261	0.77563	0.01597	0.01176	0.01597	0.01008	0.01345	0.00756	0.00420	0.00588	0.00168	0.00840	0.00588	0.00252	0.00672
13	0.00627	0.00502	0.00564	0.00586	0.00724	0.00440	0.00443	0.00771	0.01147	0.01432	0.13738	0.15311	0.52105	0.01284	0.00605	0.00177	0.00275	0.08367	0.00473	0.00428
14	0.00607	0.00434	0.00578	0.00694	0.00723	0.00405	0.00463	0.00694	0.00954	0.01272	0.02747	0.82157	0.03297	0.01562	0.00636	0.00202	0.00289	0.01417	0.00463	0.00405
15	0.00780	0.00551	0.00748	0.00844	0.00935	0.00550	0.00702	0.00963	0.01067	0.01393	0.02469	0.09410	0.02718	0.14777	0.00991	0.00270	0.00454	0.59515	0.00433	0.00430
16	0.06623	0.00919	0.01145	0.00909	0.01273	0.00879	0.00742	0.06097	0.14495	0.58588	0.01870	0.01651	0.01226	0.00618	0.00492	0.00157	0.00423	0.00497	0.00576	0.00821
17	0.00712	0.00534	0.00801	0.00801	0.00890	0.00623	0.00623	0.00890	0.00801	0.01157	0.01335	0.01958	0.01246	0.03738	0.80507	0.00801	0.01335	0.00534	0.00267	0.00445
18	0.01273	0.01087	0.01146	0.01021	0.01309	0.01255	0.00797	0.06481	0.74586	0.02139	0.01986	0.01826	0.01487	0.00672	0.00507	0.00168	0.00402	0.00558	0.00507	0.00792
19	0.01316	0.01354	0.01638	0.06068	0.30605	0.20106	0.07553	0.05372	0.01226	0.01559	0.01107	0.05734	0.00979	0.00637	0.01980	0.00163	0.02943	0.02470	0.06537	0.00653
20	0.01862	0.02376	0.01413	0.01284	0.01541	0.80482	0.00963	0.01990	0.01413	0.01220	0.00770	0.00899	0.00642	0.00514	0.00449	0.00128	0.00899	0.00321	0.00257	0.00578
21	0.00854	0.00715	0.00765	0.00715	0.00917	0.00732	0.00549	0.03402	0.26355	0.01692	0.11479	0.03491	0.40155	0.01154	0.04595	0.00199	0.00359	0.00835	0.00477	0.00558
22	0.01312	0.77929	0.07289	0.00887	0.01332	0.01923	0.00913	0.01498	0.01015	0.01197	0.00705	0.00815	0.00639	0.00429	0.00329	0.00110	0.00545	0.00273	0.00213	0.00646
23	0.00653	0.00475	0.00652	0.00793	0.02990	0.00451	0.00542	0.00767	0.00987	0.01314	0.02680	0.68767	0.03164	0.01503	0.00640	0.00205	0.00322	0.12213	0.00456	0.00424
24	0.02236	0.00848	0.01157	0.00887	0.01272	0.00733	0.00733	0.02429	0.01427	0.79719	0.01966	0.01697	0.01234	0.00617	0.00501	0.00154	0.00424	0.00501	0.00617	0.00848
25	0.01012	0.00958	0.01623	0.62348	0.21817	0.01126	0.01419	0.01336	0.01030	0.01359	0.00898	0.01306	0.00695	0.00485	0.00497	0.00162	0.00647	0.00443	0.00228	0.00611
26	0.03524	0.01568	0.03914	0.05793	0.01800	0.25892	0.18605	0.07606	0.10944	0.01638	0.04967	0.01332	0.00999	0.00576	0.00616	0.00158	0.08642	0.00470	0.00315	0.00640
27	0.01091	0.01091	0.01527	0.01309	0.01309	0.01527	0.01091	0.01200	0.00763	0.01200	0.00654	0.01091	0.00654	0.00872	0.01636	0.00218	0.81570	0.00436	0.00218	0.00545
28	0.00607	0.00434	0.00578	0.00694	0.00723	0.00405	0.00463	0.00694	0.00954	0.01272	0.02747	0.82157	0.03297	0.01562	0.00636	0.00202	0.00289	0.01417	0.00463	0.00405
29	0.01008	0.02518	0.76135	0.01454	0.02179	0.01163	0.05546	0.01579	0.01058	0.01579	0.00900	0.01067	0.00638	0.00471	0.00479	0.00158	0.00742	0.00379	0.00213	0.00733
30	0.02794	0.01239	0.02343	0.03583	0.21131	0.01214	0.42717	0.03623	0.08837	0.05721	0.01138	0.01373	0.00861	0.00468	0.00544	0.00162	0.00695	0.00534	0.00301	0.00721
31	0.02219	0.00876	0.01174	0.00900	0.01286	0.00774	0.00744	0.06273	0.01473	0.75808	0.01927	0.01671	0.01214	0.00616	0.00501	0.00154	0.00430	0.00499	0.00611	0.00848
32	0.00866	0.00433	0.00649	0.00649	0.00649	0.00433	0.00433	0.00649	0.00649	0.00866	0.00866	0.01515	0.00866	0.01732	0.01948	0.85498	0.00433	0.00433	0.00216	0.00216
33	0.01321	0.01121	0.01303	0.03376	0.16650	0.05579	0.00924	0.26454	0.12099	0.02083	0.02015	0.06460	0.14410	0.00763	0.00525	0.00160	0.00491	0.03150	0.00420	0.00696
34	0.00612	0.00463	0.00568	0.00649	0.00725	0.00419	0.00456	0.00719	0.01020	0.01307	0.03443	0.54397	0.26403	0.01460	0.00625	0.00194	0.00287	0.05378	0.00463	0.00413
35	0.01937	0.01329	0.01454	0.01115	0.01512	0.01445	0.00921	0.68421	0.02230	0.12591	0.01292	0.01258	0.00895	0.00601	0.00499	0.00150	0.00533	0.00455	0.00513	0.00848
36	0.01026	0.02365	0.67142	0.01504	0.02183	0.01184	0.11499	0.01567	0.01057	0.01567	0.00900	0.01091	0.00648	0.00482	0.00531	0.00161	0.03756	0.00399	0.00216	0.00721
37	0.08691	0.01464	0.01307	0.01058	0.01409	0.27686	0.06108	0.05095	0.05415	0.01622	0.00909	0.01044	0.00735	0.00470	0.00453	0.00118	0.02726	0.00347	0.00299	0.33042
38	0.00599	0.00467	0.00544	0.00604	0.00699	0.00412	0.00423	0.00704	0.01040	0.01308	0.03837	0.45525	0.39226	0.01420	0.00614	0.00186	0.00272	0.01244	0.00463	0.00412
39	0.01198	0.01129	0.01395	0.01173	0.01437	0.16958	0.17589	0.01421	0.01210	0.08053	0.07886	0.16128	0.01863	0.00848	0.00559	0.00166	0.00574	0.12542	0.00380	0.07491
40	0.15710	0.01962	0.01297	0.01162	0.01413	0.56986	0.00892	0.01862	0.01268	0.05349	0.00809	0.00940	0.00656	0.00539	0.00524	0.00141	0.07295	0.00331	0.00280	0.00583
41	0.00725	0.00483	0.00544	0.00544	0.00544	0.00483	0.00302	0.00725	0.00725	0.00966	0.01571	0.03262	0.01812	0.82483	0.02537	0.00483	0.00483	0.00725	0.00302	0.00302
42	0.01333	0.82783	0.02612	0.00853	0.01279	0.01972	0.00853	0.01493	0.01013	0.01173	0.00693	0.00800	0.00640	0.00426	0.00320	0.00107	0.00533	0.00267	0.00213	0.00640

[dist]
# distance from previous block
# <min> <max>
0	1

[block]
# block no. 3 follows, 50 sequences, length 20
# corresponding to MSA columns:
# 136-155
name=unknown_D
#
# <colnr> <probs for GDERKNQSTAVLIFYWHMCP>
#	G	D	E	R	K	N	Q	S	T	A	V	L	I	F	Y	W	H	M	C	P
0	0.00675	0.00508	0.00624	0.00595	0.00726	0.00457	0.00446	0.00881	0.01338	0.01826	0.59530	0.04007	0.24391	0.01083	0.00588	0.00160	0.00240	0.00941	0.00526	0.00457
1	0.01156	0.01105	0.01884	0.23741	0.59296	0.01164	0.01491	0.01462	0.01098	0.01535	0.00924	0.01259	0.00756	0.00458	0.00495	0.00153	0.00611	0.00444	0.00240	0.00727
2	0.00725	0.00483	0.00544	0.00544	0.00544	0.00483	0.00302	0.00725	0.00725	0.00966	0.01571	0.03262	0.01812	0.82483	0.02537	0.00483	0.00483	0.00725	0.00302	0.00302
3	0.01306	0.79286	0.02529	0.00843	0.01257	0.01908	0.00837	0.01469	0.01030	0.01208	0.04025	0.00924	0.00812	0.00452	0.00331	0.00109	0.00520	0.00294	0.00227	0.00632
4	0.01546	0.01047	0.01169	0.00996	0.01314	0.01144	0.00790	0.09663	0.52399	0.21234	0.01935	0.01757	0.01388	0.00654	0.00505	0.00164	0.00416	0.00537	0.00533	0.00809
5	0.02204	0.00900	0.01189	0.00911	0.01298	0.00809	0.00753	0.09518	0.01513	0.72508	0.01894	0.01649	0.01197	0.00615	0.00501	0.00154	0.00436	0.00496	0.00606	0.00848
6	0.01617	0.01155	0.01247	0.00990	0.01306	0.01270	0.00802	0.57435	0.01970	0.02716	0.01291	0.01449	0.00987	0.04983	0.05168	0.00199	0.00541	0.00470	0.13667	0.00737
7	0.00785	0.00610	0.00734	0.00785	0.00886	0.00634	0.00561	0.01231	0.21470	0.01518	0.04952	0.55701	0.02856	0.01304	0.00602	0.00193	0.00321	0.03869	0.00477	0.00510
8	0.00606	0.00439	0.00573	0.00680	0.00719	0.00406	0.00456	0.00696	0.00968	0.01278	0.02920	0.76344	0.08999	0.01539	0.00633	0.00200	0.00286	0.01390	0.00463	0.00406
9	0.02138	0.01006	0.01255	0.00962	0.01351	0.00967	0.00795	0.24168	0.01691	0.57606	0.01744	0.01552	0.01122	0.00612	0.00500	0.00153	0.00460	0.00486	0.00583	0.00848
10	0.01119	0.01460	0.14178	0.01985	0.08192	0.01187	0.55841	0.01533	0.01141	0.01576	0.01093	0.06262	0.00896	0.00500	0.00567	0.00167	0.00772	0.00596	0.00258	0.00674
11	0.00607	0.00434	0.00578	0.00694	0.00723	0.00405	0.00463	0.00694	0.00954	0.01272	0.02747	0.82157	0.03297	0.01562	0.00636	0.00202	0.00289	0.01417	0.00463	0.00405
12	0.00840	0.00723	0.01047	0.00973	0.01032	0.00930	0.00782	0.00995	0.00788	0.01171	0.01104	0.01664	0.01045	0.02766	0.53759	0.00603	0.28546	0.00501	0.00250	0.00479
13	0.00947	0.00947	0.01808	0.03485	0.07204	0.00936	0.34294	0.01204	0.01060	0.01449	0.03213	0.31480	0.01776	0.00895	0.00676	0.00183	0.06668	0.00878	0.00333	0.00564
14	0.01148	0.01483	0.13038	0.04790	0.06825	0.01237	0.60697	0.01579	0.01152	0.01585	0.00985	0.01299	0.00738	0.00431	0.00565	0.00166	0.00807	0.00546	0.00245	0.00683
15	0.01089	0.01229	0.09212	0.01446	0.01834	0.01105	0.32924	0.01788	0.25621	0.01708	0.01787	0.06546	0.07102	0.00672	0.00558	0.00172	0.00599	0.03570	0.00365	0.00673
16	0.01442	0.38518	0.18552	0.01119	0.01554	0.28457	0.01099	0.01680	0.01157	0.01275	0.00762	0.00887	0.00639	0.00466	0.00396	0.00125	0.00700	0.00307	0.00227	0.00639
17	0.01119	0.01233	0.02603	0.04140	0.03798	0.01162	0.64267	0.01505	0.01164	0.01571	0.01282	0.01767	0.04227	0.00521	0.00587	0.00170	0.00772	0.05609	0.00275	0.02227
18	0.03804	0.01549	0.01400	0.01135	0.01468	0.20268	0.00911	0.50593	0.01982	0.02535	0.06566	0.01292	0.01059	0.00611	0.00516	0.00147	0.02543	0.00446	0.00433	0.00742
19	0.01579	0.08975	0.01484	0.01061	0.01397	0.06276	0.00881	0.45082	0.01784	0.02359	0.01326	0.01386	0.06671	0.00637	0.00598	0.00146	0.09340	0.00454	0.00406	0.08157

[dist]
# distance from previous block
# <min> <max>
0	2

[block]
# block no. 4 follows, 50 sequences, length 92
# corresponding to MSA columns:
# 158-249
name=unknown_E
#
# <colnr> <probs for GDERKNQSTAVLIFYWHMCP>
#	G	D	E	R	K	N	Q	S	T	A	V	L	I	F	Y	W	H	M	C	P
0	0.01059	0.00915	0.01500	0.01392	0.09391	0.00932	0.19602	0.01500	0.15018	0.06359	0.01842	0.27192	0.01812	0.00906	0.00634	0.00181	0.04846	0.03911	0.00393	0.00616
1	0.02180	0.00938	0.01212	0.00929	0.01317	0.00866	0.00768	0.14755	0.01577	0.67180	0.01840	0.01615	0.01171	0.00614	0.00501	0.00153	0.00444	0.00493	0.00598	0.00848
2	0.01298	0.01306	0.01961	0.02878	0.71431	0.09276	0.01472	0.01577	0.01163	0.01587	0.00921	0.01199	0.00774	0.00451	0.00489	0.00146	0.00623	0.00432	0.00248	0.00768
3	0.01589	0.00958	0.01327	0.01182	0.09307	0.00892	0.06197	0.02047	0.16009	0.33837	0.03800	0.01583	0.01212	0.00559	0.00484	0.00142	0.00449	0.00484	0.00467	0.17476
4	0.00705	0.00532	0.00666	0.00698	0.00831	0.00493	0.00567	0.00903	0.01223	0.01596	0.26273	0.04788	0.28060	0.01233	0.00626	0.00188	0.00325	0.29356	0.00487	0.00450
5	0.00607	0.00434	0.00578	0.00694	0.00723	0.00405	0.00463	0.00694	0.00954	0.01272	0.02747	0.82157	0.03297	0.01562	0.00636	0.00202	0.00289	0.01417	0.00463	0.00405
6	0.00941	0.00886	0.01495	0.81285	0.03433	0.01107	0.01384	0.01274	0.00997	0.01274	0.00886	0.01329	0.00664	0.00498	0.00498	0.00166	0.00664	0.00443	0.00221	0.00554
7	0.01135	0.01087	0.01841	0.28627	0.46721	0.01165	0.04828	0.01510	0.05313	0.01535	0.00983	0.01304	0.00787	0.00474	0.00500	0.00156	0.00616	0.00457	0.00253	0.00707
8	0.02236	0.00848	0.01157	0.00887	0.01272	0.00733	0.00733	0.02429	0.01427	0.79719	0.01966	0.01697	0.01234	0.00617	0.00501	0.00154	0.00424	0.00501	0.00617	0.00848
9	0.00629	0.00501	0.00563	0.00558	0.00700	0.00436	0.00415	0.00788	0.01214	0.01556	0.29240	0.09889	0.49345	0.01203	0.00592	0.00167	0.00249	0.01028	0.00491	0.00436
10	0.01017	0.02472	0.74356	0.01392	0.02097	0.01163	0.01768	0.01654	0.06502	0.01614	0.00974	0.01109	0.00694	0.00488	0.00476	0.00159	0.00713	0.00382	0.00231	0.00740
11	0.00846	0.00809	0.00732	0.00793	0.00876	0.15692	0.00552	0.00943	0.01055	0.01268	0.02532	0.61201	0.08130	0.01340	0.00597	0.00186	0.00403	0.01182	0.00423	0.00439
12	0.01895	0.01396	0.01496	0.01147	0.01546	0.01546	0.00947	0.77711	0.02344	0.03141	0.01197	0.01197	0.00848	0.00598	0.00499	0.00150	0.00548	0.00449	0.00499	0.00848
13	0.01141	0.01288	0.02795	0.02014	0.02489	0.01208	0.72807	0.01541	0.01163	0.01577	0.01116	0.06330	0.00913	0.00491	0.00591	0.00170	0.00806	0.00639	0.00265	0.00656
14	0.01380	0.01452	0.01615	0.01349	0.01502	0.20014	0.07457	0.11045	0.01149	0.01482	0.00779	0.01080	0.00684	0.00716	0.01127	0.00184	0.45695	0.00424	0.00265	0.00602
15	0.01862	0.02376	0.01413	0.01284	0.01541	0.80482	0.00963	0.01990	0.01413	0.01220	0.00770	0.00899	0.00642	0.00514	0.00449	0.00128	0.00899	0.00321	0.00257	0.00578
16	0.00676	0.00503	0.00629	0.00608	0.00730	0.00456	0.00452	0.00880	0.01326	0.01823	0.59598	0.09449	0.18819	0.01104	0.00592	0.00162	0.00242	0.00966	0.00526	0.00456
17	0.00714	0.00528	0.00769	0.00769	0.00847	0.00606	0.00583	0.00870	0.00792	0.01134	0.01364	0.02119	0.01316	0.13481	0.70861	0.00762	0.01230	0.00558	0.00271	0.00427
18	0.00866	0.00433	0.00649	0.00649	0.00649	0.00433	0.00433	0.00649	0.00649	0.00866	0.00866	0.01515	0.00866	0.01732	0.01948	0.85498	0.00433	0.00433	0.00216	0.00216
19	0.01071	0.01062	0.01490	0.01283	0.01287	0.01481	0.01067	0.01184	0.00765	0.01197	0.00689	0.01135	0.00684	0.01018	0.05639	0.00248	0.77498	0.00441	0.00221	0.00540
20	0.01113	0.00642	0.00661	0.00595	0.00765	0.00671	0.00463	0.15774	0.01293	0.02103	0.01544	0.01732	0.01196	0.00584	0.00377	0.00123	0.00293	0.00462	0.69072	0.00538
21	0.01183	0.01133	0.01932	0.16547	0.66279	0.01171	0.01505	0.01486	0.01111	0.01567	0.00929	0.01250	0.00768	0.00453	0.00494	0.00151	0.00605	0.00444	0.00242	0.00749
22	0.00612	0.00437	0.00584	0.00699	0.00730	0.00409	0.00471	0.00702	0.00959	0.01278	0.02745	0.80337	0.03287	0.01557	0.00637	0.00203	0.00293	0.03191	0.00463	0.00406
23	0.00607	0.00434	0.00578	0.00694	0.00723	0.00405	0.00463	0.00694	0.00954	0.01272	0.02747	0.82157	0.03297	0.01562	0.00636	0.00202	0.00289	0.01417	0.00463	0.00405
24	0.00661	0.00456	0.00562	0.00625	0.00641	0.00441	0.00389	0.00708	0.00849	0.01132	0.02208	0.46014	0.02617	0.38633	0.01507	0.00331	0.00378	0.01100	0.00389	0.00358
25	0.01179	0.01336	0.02895	0.02149	0.06501	0.01257	0.73704	0.01593	0.01174	0.01598	0.01005	0.01339	0.00758	0.00421	0.00583	0.00167	0.00828	0.00581	0.00252	0.00678
26	0.00604	0.00447	0.00564	0.00658	0.00713	0.00408	0.00447	0.00698	0.00989	0.01287	0.03187	0.67390	0.17780	0.01504	0.00627	0.00196	0.00282	0.01347	0.00463	0.00408
27	0.02182	0.00935	0.01211	0.00928	0.01316	0.00862	0.00767	0.14398	0.01572	0.67543	0.01844	0.01617	0.01172	0.00614	0.00501	0.00153	0.00444	0.00493	0.00598	0.00848
28	0.01153	0.01299	0.02798	0.09951	0.02687	0.01245	0.70011	0.01565	0.01159	0.01565	0.00996	0.01343	0.00747	0.00428	0.00579	0.00168	0.00823	0.00574	0.00249	0.00661
29	0.00734	0.00591	0.00661	0.00676	0.00810	0.00581	0.00488	0.01098	0.16290	0.01477	0.06559	0.30258	0.31738	0.04856	0.00676	0.00194	0.00302	0.01058	0.00468	0.00485
30	0.01091	0.01091	0.01527	0.01309	0.01309	0.01527	0.01091	0.01200	0.00763	0.01200	0.00654	0.01091	0.00654	0.00872	0.01636	0.00218	0.81570	0.00436	0.00218	0.00545
31	0.02236	0.00848	0.01157	0.00887	0.01272	0.00733	0.00733	0.02429	0.01427	0.79719	0.01966	0.01697	0.01234	0.00617	0.00501	0.00154	0.00424	0.00501	0.00617	0.00848
32	0.01687	0.01647	0.01356	0.01156	0.01469	0.29529	0.00906	0.28345	0.24766	0.02142	0.01294	0.01289	0.00976	0.00592	0.00484	0.00148	0.00627	0.00438	0.00415	0.00734
33	0.01387	0.74578	0.02490	0.00897	0.01306	0.09983	0.00864	0.01543	0.01054	0.01178	0.00701	0.00810	0.00640	0.00435	0.00333	0.00109	0.00570	0.00272	0.00218	0.00633
34	0.01119	0.01068	0.01817	0.33607	0.49718	0.01154	0.01473	0.01430	0.01081	0.01490	0.00917	0.01271	0.00741	0.00465	0.00495	0.00155	0.00620	0.00444	0.00237	0.00697
35	0.01018	0.02452	0.72047	0.01490	0.02203	0.01168	0.09568	0.01580	0.01065	0.01580	0.00906	0.01082	0.00644	0.00468	0.00485	0.00159	0.00747	0.00391	0.00215	0.00730
36	0.00712	0.00534	0.00801	0.00801	0.00890	0.00623	0.00623	0.00890	0.00801	0.01157	0.01335	0.01958	0.01246	0.03738	0.80507	0.00801	0.01335	0.00534	0.00267	0.00445
37	0.10342	0.01354	0.01315	0.01070	0.01420	0.09084	0.00864	0.42939	0.18993	0.05609	0.01319	0.01295	0.00961	0.00594	0.00476	0.00153	0.00527	0.00446	0.00462	0.00777
38	0.00683	0.00467	0.00617	0.00702	0.00754	0.00438	0.00479	0.02062	0.01023	0.03599	0.08074	0.72968	0.03295	0.01480	0.00627	0.00197	0.00294	0.01338	0.00474	0.00430
39	0.02236	0.00848	0.01157	0.00887	0.01272	0.00733	0.00733	0.02429	0.01427	0.79719	0.01966	0.01697	0.01234	0.00617	0.00501	0.00154	0.00424	0.00501	0.00617	0.00848
40	0.01930	0.01340	0.01461	0.01120	0.01518	0.01463	0.00925	0.70029	0.02250	0.10955	0.01275	0.01248	0.00887	0.00600	0.00499	0.00150	0.00536	0.00454	0.00511	0.00848
41	0.01049	0.14423	0.68486	0.01337	0.02028	0.01278	0.01696	0.01566	0.01047	0.01519	0.00865	0.01015	0.00633	0.00467	0.00451	0.00150	0.00707	0.00353	0.00211	0.00722
42	0.00619	0.00442	0.00588	0.00691	0.00722	0.00420	0.00462	0.00706	0.00934	0.01250	0.02611	0.73780	0.03112	0.06090	0.04794	0.00248	0.00353	0.01334	0.00444	0.00401
43	0.00607	0.00434	0.00578	0.00694	0.00723	0.00405	0.00463	0.00694	0.00954	0.01272	0.02747	0.82157	0.03297	0.01562	0.00636	0.00202	0.00289	0.01417	0.00463	0.00405
44	0.02108	0.01002	0.01246	0.00960	0.01343	0.00965	0.00791	0.24452	0.01687	0.55924	0.01755	0.02947	0.01157	0.00628	0.00503	0.00154	0.00458	0.00502	0.00580	0.00840
45	0.00676	0.00503	0.00629	0.00608	0.00730	0.00456	0.00452	0.00880	0.01326	0.01823	0.59598	0.09449	0.18819	0.01104	0.00592	0.00162	0.00242	0.00966	0.00526	0.00456
46	0.86003	0.00964	0.00733	0.00655	0.00964	0.01118	0.00540	0.01465	0.00848	0.02236	0.00694	0.00810	0.00540	0.00463	0.00308	0.00154	0.00386	0.00270	0.00308	0.00540
47	0.01428	0.00672	0.00885	0.00739	0.00991	0.00591	0.00587	0.01632	0.01390	0.39241	0.34521	0.02860	0.10637	0.00851	0.00546	0.00157	0.00328	0.00725	0.00573	0.00647
48	0.01096	0.25713	0.57606	0.01257	0.01904	0.01393	0.01556	0.01554	0.01041	0.01461	0.00836	0.00979	0.00634	0.00460	0.00429	0.00143	0.00678	0.00339	0.00211	0.00709
49	0.01695	0.01200	0.01291	0.01015	0.01354	0.02448	0.00829	0.57355	0.02059	0.06756	0.09222	0.01541	0.01300	0.00639	0.00492	0.00147	0.00484	0.00497	0.08908	0.00767
50	0.01935	0.00964	0.01183	0.00947	0.01307	0.00951	0.00770	0.10170	0.22109	0.51159	0.01905	0.01689	0.01271	0.00631	0.00503	0.00158	0.00429	0.00513	0.00576	0.00832
51	0.01149	0.37615	0.44278	0.01189	0.01784	0.01516	0.03210	0.01541	0.01038	0.01402	0.00809	0.00949	0.00638	0.00452	0.00409	0.00136	0.00650	0.00329	0.00213	0.00693
52	0.01037	0.11512	0.71291	0.01357	0.02060	0.01248	0.01731	0.01569	0.01048	0.01533	0.00872	0.01024	0.00632	0.00468	0.00456	0.00152	0.00714	0.00357	0.00211	0.00726
53	0.01833	0.01240	0.01266	0.01032	0.01364	0.12978	0.00830	0.26510	0.07923	0.28919	0.01480	0.01456	0.01045	0.00919	0.08657	0.00216	0.00626	0.00466	0.00480	0.00762
54	0.22411	0.01831	0.01258	0.01100	0.01397	0.45646	0.00854	0.15581	0.01444	0.02967	0.00847	0.00943	0.00663	0.00518	0.00425	0.00139	0.00703	0.00334	0.00318	0.00621
55	0.02169	0.00932	0.01206	0.00927	0.01313	0.00860	0.00765	0.13450	0.02900	0.67163	0.01855	0.01626	0.01182	0.00615	0.00501	0.00154	0.00442	0.00495	0.00598	0.00847
56	0.01262	0.01062	0.01132	0.00993	0.01284	0.01200	0.00777	0.09381	0.63831	0.02157	0.06109	0.01864	0.01599	0.00674	0.00505	0.00162	0.00399	0.00560	0.00499	0.04552
57	0.00713	0.00529	0.00775	0.00775	0.00855	0.00609	0.00590	0.00873	0.00793	0.01138	0.01359	0.02091	0.01304	0.11773	0.72551	0.00769	0.01248	0.00554	0.00271	0.00430
58	0.00627	0.00448	0.00601	0.00717	0.00755	0.00422	0.00497	0.00729	0.00974	0.01295	0.02736	0.74348	0.03253	0.01543	0.00642	0.00205	0.00307	0.09029	0.00462	0.00410
59	0.01234	0.01184	0.02023	0.03059	0.79373	0.01184	0.01530	0.01530	0.01135	0.01628	0.00938	0.01234	0.00790	0.00444	0.00493	0.00148	0.00592	0.00444	0.00247	0.00790
60	0.01015	0.00783	0.00893	0.00788	0.00995	0.00817	0.00612	0.14674	0.17982	0.02150	0.41521	0.02995	0.10951	0.00897	0.00555	0.00159	0.00326	0.00766	0.00522	0.00599
61	0.00716	0.00608	0.01029	0.00963	0.01082	0.00568	0.15180	0.00866	0.00997	0.01334	0.02415	0.66731	0.02812	0.01344	0.00627	0.00196	0.00394	0.01259	0.00422	0.00456
62	0.00725	0.00483	0.00544	0.00544	0.00544	0.00483	0.00302	0.00725	0.00725	0.00966	0.01571	0.03262	0.01812	0.82483	0.02537	0.00483	0.00483	0.00725	0.00302	0.00302
63	0.00627	0.00448	0.00601	0.00717	0.00755	0.00422	0.00497	0.00729	0.00974	0.01295	0.02736	0.74348	0.03253	0.01543	0.00642	0.00205	0.00307	0.09029	0.00462	0.00410
64	0.00607	0.00434	0.00578	0.00694	0.00723	0.00405	0.00463	0.00694	0.00954	0.01272	0.02747	0.82157	0.03297	0.01562	0.00636	0.00202	0.00289	0.01417	0.00463	0.00405
65	0.01889	0.01583	0.01480	0.01173	0.01545	0.16614	0.00950	0.63257	0.02166	0.02775	0.01115	0.01140	0.00808	0.00582	0.00489	0.00146	0.00615	0.00424	0.00452	0.00796
66	0.00971	0.00916	0.01549	0.73302	0.11182	0.01115	0.01399	0.01300	0.01011	0.01310	0.00891	0.01319	0.00677	0.00493	0.00498	0.00164	0.00657	0.00443	0.00224	0.00578
67	0.02236	0.00848	0.01157	0.00887	0.01272	0.00733	0.00733	0.02429	0.01427	0.79719	0.01966	0.01697	0.01234	0.00617	0.00501	0.00154	0.00424	0.00501	0.00617	0.00848
68	0.00803	0.00574	0.00803	0.00918	0.01033	0.00574	0.00803	0.01033	0.01147	0.01492	0.02639	0.05622	0.02869	0.01377	0.00688	0.00229	0.00459	0.76018	0.00459	0.00459
69	0.00601	0.00505	0.00521	0.00517	0.00681	0.00426	0.00388	0.00738	0.01164	0.01413	0.12607	0.04687	0.71572	0.01238	0.00589	0.00167	0.00251	0.01037	0.00472	0.00426
70	0.00646	0.00461	0.00623	0.00738	0.00784	0.00438	0.00530	0.00761	0.00992	0.01316	0.02726	0.67092	0.03212	0.01525	0.00646	0.00208	0.00323	0.16101	0.00462	0.00416
71	0.00727	0.00544	0.00700	0.00781	0.00906	0.00517	0.00655	0.00916	0.01131	0.01434	0.03353	0.10768	0.25250	0.01356	0.00656	0.00210	0.00387	0.48808	0.00460	0.00444
72	0.00616	0.00506	0.00542	0.00533	0.00689	0.00432	0.00400	0.00766	0.01199	0.01495	0.21862	0.04553	0.62266	0.01207	0.00589	0.00166	0.00249	0.01018	0.00482	0.00432
73	0.00981	0.08012	0.66359	0.01287	0.01944	0.01140	0.01623	0.01484	0.01058	0.01526	0.01304	0.01417	0.08646	0.00551	0.00475	0.00155	0.00673	0.00431	0.00236	0.00698
74	0.00941	0.00886	0.01495	0.81285	0.03433	0.01107	0.01384	0.01274	0.00997	0.01274	0.00886	0.01329	0.00664	0.00498	0.00498	0.00166	0.00664	0.00443	0.00221	0.00554
75	0.01234	0.01184	0.02023	0.03059	0.79373	0.01184	0.01530	0.01530	0.01135	0.01628	0.00938	0.01234	0.00790	0.00444	0.00493	0.00148	0.00592	0.00444	0.00247	0.00790
76	0.01345	0.01103	0.01181	0.01035	0.01329	0.01256	0.00823	0.18106	0.57238	0.02262	0.01899	0.01987	0.01477	0.00709	0.00518	0.00169	0.00431	0.05851	0.00502	0.00778
77	0.03690	0.02110	0.01368	0.01215	0.01490	0.63118	0.00925	0.12652	0.02621	0.01532	0.01023	0.01113	0.03902	0.00558	0.00460	0.00134	0.00804	0.00371	0.00304	0.00612
78	0.01299	0.74598	0.10499	0.00911	0.01369	0.01889	0.00954	0.01501	0.01017	0.01214	0.00714	0.00825	0.00639	0.00431	0.00336	0.00112	0.00554	0.00277	0.00213	0.00650
79	0.00705	0.00510	0.00666	0.00627	0.00745	0.00470	0.00470	0.00941	0.01411	0.01999	0.79110	0.03723	0.04703	0.01019	0.00588	0.00157	0.00235	0.00901	0.00549	0.00470
80	0.00866	0.00731	0.00755	0.00786	0.00886	0.08463	0.00558	0.08693	0.01169	0.01491	0.05641	0.58698	0.06692	0.01322	0.00599	0.00186	0.00372	0.01170	0.00449	0.00471
81	0.10588	0.00856	0.01077	0.00857	0.01202	0.00796	0.00699	0.05998	0.03118	0.58450	0.06045	0.05279	0.01431	0.00666	0.00492	0.00157	0.00410	0.00539	0.00566	0.00775
82	0.00599	0.00467	0.00544	0.00605	0.00700	0.00412	0.00423	0.00704	0.01039	0.01307	0.03826	0.45922	0.38836	0.01421	0.00614	0.00186	0.00272	0.01246	0.00463	0.00412
83	0.00616	0.00437	0.00576	0.00683	0.00710	0.00410	0.00451	0.00696	0.00938	0.01251	0.02664	0.76604	0.03192	0.07257	0.00770	0.00222	0.00303	0.01368	0.00451	0.00398
84	0.01762	0.02240	0.05710	0.01285	0.01559	0.66034	0.01019	0.06286	0.01401	0.01349	0.00794	0.00938	0.00654	0.00542	0.00537	0.00138	0.06548	0.00339	0.00266	0.00600
85	0.01437	0.01340	0.02274	0.01670	0.02118	0.01360	0.43851	0.28691	0.08165	0.02186	0.01162	0.01336	0.00854	0.00505	0.00550	0.00162	0.00699	0.00537	0.00361	0.00744
86	0.02236	0.00848	0.01157	0.00887	0.01272	0.00733	0.00733	0.02429	0.01427	0.79719	0.01966	0.01697	0.01234	0.00617	0.00501	0.00154	0.00424	0.00501	0.00617	0.00848
87	0.59575	0.01132	0.00997	0.00920	0.05395	0.04749	0.00700	0.17857	0.01210	0.02352	0.00819	0.00920	0.00624	0.00493	0.00366	0.00152	0.00455	0.00320	0.00344	0.00621
88	0.01470	0.01052	0.05849	0.01187	0.01601	0.00874	0.21471	0.01794	0.04256	0.30038	0.05134	0.01777	0.06645	0.00583	0.00513	0.00147	0.00523	0.00544	0.00427	0.14117
89	0.00667	0.00499	0.00515	0.00515	0.00669	0.00436	0.00389	0.00823	0.01138	0.01493	0.09555	0.04179	0.57352	0.01118	0.00545	0.00159	0.00252	0.02608	0.16654	0.00433
90	0.00591	0.00498	0.00512	0.00522	0.00678	0.00419	0.00386	0.00713	0.01119	0.01340	0.04838	0.11895	0.72209	0.01290	0.00593	0.00171	0.00256	0.01085	0.00463	0.00419
91	0.01261	0.53578	0.26412	0.01044	0.01565	0.01697	0.01163	0.05680	0.01098	0.01405	0.00783	0.00899	0.00648	0.00450	0.00377	0.00125	0.00597	0.00308	0.00228	0.00681

[dist]
# distance from previous block
# <min> <max>
0	1

[block]
# block no. 5 follows, 50 sequences, length 59
# corresponding to MSA columns:
# 251-309
name=unknown_F
#
# <colnr> <probs for GDERKNQSTAVLIFYWHMCP>
#	G	D	E	R	K	N	Q	S	T	A	V	L	I	F	Y	W	H	M	C	P
0	0.01653	0.01570	0.01370	0.01170	0.01436	0.27968	0.00925	0.19326	0.17403	0.07913	0.01202	0.01256	0.00918	0.00629	0.00657	0.00157	0.12932	0.00432	0.00386	0.00699
1	0.00593	0.00500	0.00514	0.00522	0.00679	0.00421	0.00387	0.00719	0.01129	0.01356	0.06534	0.10523	0.71866	0.01279	0.00593	0.00171	0.00255	0.01076	0.00465	0.00421
2	0.01180	0.01151	0.01700	0.01265	0.01669	0.05559	0.24506	0.02813	0.07262	0.02897	0.01014	0.01206	0.00804	0.00463	0.00551	0.00127	0.06587	0.00425	0.00299	0.38520
3	0.01862	0.02376	0.01413	0.01284	0.01541	0.80482	0.00963	0.01990	0.01413	0.01220	0.00770	0.00899	0.00642	0.00514	0.00449	0.00128	0.00899	0.00321	0.00257	0.00578
4	0.00993	0.00772	0.00986	0.00771	0.01092	0.00625	0.04118	0.01192	0.01084	0.06398	0.10256	0.10209	0.04988	0.05859	0.00588	0.00136	0.00373	0.00569	0.00367	0.48624
5	0.01134	0.01170	0.01597	0.01350	0.01391	0.05524	0.05218	0.01261	0.00819	0.01222	0.00679	0.01095	0.00659	0.00830	0.01519	0.00211	0.73107	0.00439	0.00222	0.00554
6	0.00901	0.00901	0.01776	0.01408	0.01674	0.00854	0.38935	0.01154	0.01061	0.01433	0.01838	0.40214	0.01976	0.00978	0.00632	0.00186	0.02200	0.00984	0.00353	0.00541
7	0.01234	0.01184	0.02023	0.03059	0.79373	0.01184	0.01530	0.01530	0.01135	0.01628	0.00938	0.01234	0.00790	0.00444	0.00493	0.00148	0.00592	0.00444	0.00247	0.00790
8	0.01000	0.02578	0.79900	0.01421	0.02157	0.01158	0.01842	0.01579	0.01052	0.01579	0.00895	0.01052	0.00631	0.00474	0.00474	0.00158	0.00737	0.00368	0.00210	0.00737
9	0.00712	0.00534	0.00801	0.00801	0.00890	0.00623	0.00623	0.00890	0.00801	0.01157	0.01335	0.01958	0.01246	0.03738	0.80507	0.00801	0.01335	0.00534	0.00267	0.00445
10	0.00873	0.00632	0.00767	0.00787	0.00892	0.00640	0.00563	0.16561	0.01241	0.01657	0.02428	0.65478	0.02792	0.01363	0.00608	0.00192	0.00343	0.01218	0.00470	0.00496
11	0.01173	0.01123	0.01914	0.19175	0.63728	0.01168	0.01500	0.01477	0.01106	0.01555	0.00927	0.01253	0.00764	0.00455	0.00494	0.00152	0.00607	0.00444	0.00242	0.00741
12	0.00705	0.00510	0.00666	0.00627	0.00745	0.00470	0.00470	0.00941	0.01411	0.01999	0.79110	0.03723	0.04703	0.01019	0.00588	0.00157	0.00235	0.00901	0.00549	0.00470
13	0.00725	0.00483	0.00544	0.00544	0.00544	0.00483	0.00302	0.00725	0.00725	0.00966	0.01571	0.03262	0.01812	0.82483	0.02537	0.00483	0.00483	0.00725	0.00302	0.00302
14	0.00799	0.00615	0.00779	0.00734	0.00746	0.00716	0.00506	0.00844	0.00743	0.01039	0.01352	0.02647	0.01501	0.55559	0.12362	0.00469	0.17298	0.00641	0.00280	0.00370
15	0.00631	0.00455	0.00622	0.00712	0.00752	0.00450	0.00491	0.00734	0.00919	0.01243	0.02440	0.64464	0.02856	0.03727	0.16617	0.00328	0.00502	0.01226	0.00420	0.00411
16	0.00681	0.00509	0.00633	0.00602	0.00730	0.00460	0.00451	0.00894	0.01354	0.01864	0.63852	0.03944	0.20045	0.01069	0.00588	0.00159	0.00239	0.00932	0.00531	0.00460
17	0.00607	0.00434	0.00578	0.00694	0.00723	0.00405	0.00463	0.00694	0.00954	0.01272	0.02747	0.82157	0.03297	0.01562	0.00636	0.00202	0.00289	0.01417	0.00463	0.00405
18	0.01176	0.01345	0.02941	0.02101	0.02605	0.01261	0.77563	0.01597	0.01176	0.01597	0.01008	0.01345	0.00756	0.00420	0.00588	0.00168	0.00840	0.00588	0.00252	0.00672
19	0.00705	0.00510	0.00666	0.00627	0.00745	0.00470	0.00470	0.00941	0.01411	0.01999	0.79110	0.03723	0.04703	0.01019	0.00588	0.00157	0.00235	0.00901	0.00549	0.00470
20	0.01165	0.00597	0.00640	0.00577	0.00750	0.00599	0.00448	0.08742	0.01213	0.10453	0.01621	0.01776	0.01231	0.00586	0.00380	0.00124	0.00284	0.00467	0.67802	0.00544
21	0.01033	0.01036	0.01087	0.01013	0.01117	0.17275	0.00796	0.01185	0.00919	0.01179	0.01068	0.01548	0.00991	0.02441	0.46586	0.00534	0.18975	0.00469	0.00254	0.00495
22	0.00956	0.00712	0.00944	0.00872	0.01025	0.00813	0.00690	0.16717	0.01119	0.01566	0.01307	0.01801	0.01164	0.03091	0.64024	0.00667	0.01173	0.00516	0.00315	0.00528
23	0.00607	0.00434	0.00578	0.00694	0.00723	0.00405	0.00463	0.00694	0.00954	0.01272	0.02747	0.82157	0.03297	0.01562	0.00636	0.00202	0.00289	0.01417	0.00463	0.00405
24	0.01608	0.00936	0.01625	0.01233	0.01597	0.00845	0.25131	0.01865	0.01294	0.40549	0.07481	0.10488	0.01564	0.00687	0.00550	0.00164	0.00528	0.00658	0.00479	0.00716
25	0.00699	0.00463	0.00606	0.00691	0.00751	0.00425	0.00472	0.00795	0.00995	0.05777	0.02874	0.71793	0.08818	0.01485	0.00625	0.00197	0.00294	0.01337	0.00472	0.00431
26	0.86003	0.00964	0.00733	0.00655	0.00964	0.01118	0.00540	0.01465	0.00848	0.02236	0.00694	0.00810	0.00540	0.00463	0.00308	0.00154	0.00386	0.00270	0.00308	0.00540
27	0.01159	0.01292	0.02650	0.01938	0.02338	0.01315	0.61808	0.01515	0.01091	0.01515	0.00935	0.01292	0.00735	0.00513	0.00804	0.00178	0.17472	0.00557	0.00245	0.00646
28	0.00705	0.00510	0.00666	0.00627	0.00745	0.00470	0.00470	0.00941	0.01411	0.01999	0.79110	0.03723	0.04703	0.01019	0.00588	0.00157	0.00235	0.00901	0.00549	0.00470
29	0.01234	0.01184	0.02023	0.03059	0.79373	0.01184	0.01530	0.01530	0.01135	0.01628	0.00938	0.01234	0.00790	0.00444	0.00493	0.00148	0.00592	0.00444	0.00247	0.00790
30	0.01375	0.01138	0.01203	0.01042	0.01348	0.01303	0.00822	0.18113	0.62789	0.02303	0.01857	0.01723	0.01383	0.00660	0.00505	0.00165	0.00426	0.00540	0.00505	0.00801
31	0.00705	0.00510	0.00666	0.00627	0.00745	0.00470	0.00470	0.00941	0.01411	0.01999	0.79110	0.03723	0.04703	0.01019	0.00588	0.00157	0.00235	0.00901	0.00549	0.00470
32	0.01234	0.01184	0.02023	0.03059	0.79373	0.01184	0.01530	0.01530	0.01135	0.01628	0.00938	0.01234	0.00790	0.00444	0.00493	0.00148	0.00592	0.00444	0.00247	0.00790
33	0.01072	0.01275	0.17302	0.00940	0.01408	0.00893	0.00892	0.01630	0.18149	0.01717	0.01140	0.01220	0.00889	0.00459	0.00421	0.00112	0.00450	0.00370	0.00325	0.49336
34	0.01543	0.01202	0.01245	0.01003	0.01321	0.05516	0.00812	0.52058	0.01946	0.02558	0.06225	0.01917	0.12732	0.00950	0.06462	0.00200	0.00564	0.00564	0.00466	0.00718
35	0.00607	0.00434	0.00578	0.00694	0.00723	0.00405	0.00463	0.00694	0.00954	0.01272	0.02747	0.82157	0.03297	0.01562	0.00636	0.00202	0.00289	0.01417	0.00463	0.00405
36	0.01234	0.01184	0.02023	0.03059	0.79373	0.01184	0.01530	0.01530	0.01135	0.01628	0.00938	0.01234	0.00790	0.00444	0.00493	0.00148	0.00592	0.00444	0.00247	0.00790
37	0.01064	0.01146	0.02411	0.01795	0.02197	0.01078	0.59481	0.01422	0.01146	0.01545	0.01405	0.11858	0.01306	0.00668	0.00605	0.00179	0.00730	0.09047	0.00301	0.00615
38	0.00607	0.00434	0.00578	0.00694	0.00723	0.00405	0.00463	0.00694	0.00954	0.01272	0.02747	0.82157	0.03297	0.01562	0.00636	0.00202	0.00289	0.01417	0.00463	0.00405
39	0.01176	0.01345	0.02941	0.02101	0.02605	0.01261	0.77563	0.01597	0.01176	0.01597	0.01008	0.01345	0.00756	0.00420	0.00588	0.00168	0.00840	0.00588	0.00252	0.00672
40	0.00989	0.00938	0.01713	0.17894	0.02093	0.00965	0.27739	0.01379	0.05903	0.01520	0.01671	0.03011	0.01593	0.00818	0.00603	0.00191	0.00631	0.29435	0.00341	0.00573
