[name]
unknown

[dist]
# distance from previous block
# <min> <max>
0	497

[block]
# block no. 0 follows, 50 sequences, length 6
# corresponding to MSA columns:
# 664-669
name=unknown_A
#
# <colnr> <probs for GDERKNQSTAVLIFYWHMCP>
#	G	D	E	R	K	N	Q	S	T	A	V	L	I	F	Y	W	H	M	C	P
0	0.01268	0.18440	0.13954	0.01305	0.01737	0.01323	0.19411	0.11904	0.08957	0.04144	0.01297	0.01794	0.01096	0.00612	0.00505	0.00159	0.00613	0.10457	0.00335	0.00688
1	0.00805	0.00652	0.00641	0.00674	0.00773	0.08376	0.00480	0.00950	0.01103	0.01489	0.12949	0.37634	0.12883	0.01154	0.00549	0.00168	0.00326	0.01005	0.16945	0.00445
2	0.00781	0.00561	0.00740	0.00720	0.00774	0.00642	0.00525	0.00901	0.00804	0.01191	0.01387	0.02296	0.01382	0.29250	0.36368	0.00549	0.08607	0.00579	0.11534	0.00410
3	0.00734	0.00568	0.00740	0.08665	0.01054	0.00593	0.00586	0.01017	0.11408	0.01359	0.02379	0.57450	0.02687	0.07392	0.00747	0.00215	0.00355	0.01154	0.00433	0.00464
4	0.06244	0.01005	0.08659	0.10402	0.07844	0.00920	0.00885	0.12236	0.01167	0.12327	0.01292	0.01830	0.01114	0.20095	0.11562	0.00317	0.00646	0.00512	0.00346	0.00599
5	0.07146	0.04192	0.23143	0.01091	0.01546	0.04149	0.01084	0.17918	0.01296	0.01910	0.00909	0.01052	0.00703	0.00511	0.00549	0.00137	0.08596	0.00361	0.00305	0.23402

[dist]
# distance from previous block
# <min> <max>
4	13

[block]
# block no. 1 follows, 50 sequences, length 19
# corresponding to MSA columns:
# 683-701
name=unknown_B
#
# <colnr> <probs for GDERKNQSTAVLIFYWHMCP>
#	G	D	E	R	K	N	Q	S	T	A	V	L	I	F	Y	W	H	M	C	P
0	0.01377	0.01375	0.04279	0.03603	0.37466	0.14641	0.04409	0.01865	0.15946	0.06239	0.01195	0.01339	0.00933	0.00515	0.00489	0.00150	0.00605	0.00453	0.02384	0.00738
1	0.01071	0.01080	0.01994	0.06983	0.09454	0.02946	0.37902	0.05814	0.01175	0.01572	0.01471	0.23246	0.01445	0.00750	0.00578	0.00173	0.00639	0.00775	0.00321	0.00611
2	0.01476	0.01537	0.01301	0.01362	0.13094	0.33013	0.00921	0.06581	0.18496	0.01686	0.01268	0.01437	0.01018	0.00576	0.00464	0.00143	0.00616	0.02415	0.11941	0.00655
3	0.16196	0.01220	0.01237	0.00987	0.01338	0.05351	0.00803	0.41486	0.04254	0.15385	0.01350	0.01377	0.02833	0.03318	0.00534	0.00162	0.00504	0.00448	0.00466	0.00751
4	0.86003	0.00964	0.00733	0.00655	0.00964	0.01118	0.00540	0.01465	0.00848	0.02236	0.00694	0.00810	0.00540	0.00463	0.00308	0.00154	0.00386	0.00270	0.00308	0.00540
5	0.01448	0.01133	0.01194	0.00996	0.01253	0.04488	0.00776	0.35112	0.19021	0.03748	0.01466	0.03740	0.01239	0.16824	0.00963	0.00224	0.04700	0.00548	0.00439	0.00689
6	0.00607	0.00434	0.00578	0.00694	0.00723	0.00405	0.00463	0.00694	0.00954	0.01272	0.02747	0.82157	0.03297	0.01562	0.00636	0.00202	0.00289	0.01417	0.00463	0.00405
7	0.01203	0.58399	0.17710	0.00948	0.01397	0.01665	0.01010	0.01440	0.00995	0.01243	0.00810	0.01028	0.00726	0.04288	0.05169	0.00174	0.00618	0.00323	0.00220	0.00632
8	0.00589	0.00505	0.00505	0.00505	0.00673	0.00421	0.00379	0.00715	0.01136	0.01347	0.05049	0.04797	0.79171	0.01262	0.00589	0.00168	0.00252	0.01052	0.00463	0.00421
9	0.01288	0.00811	0.00848	0.00718	0.00940	0.00867	0.00571	0.29639	0.01528	0.02336	0.01466	0.01612	0.01118	0.00587	0.00404	0.00129	0.00350	0.00459	0.53721	0.00607
10	0.01604	0.00984	0.05185	0.00881	0.01290	0.00805	0.00748	0.02005	0.12585	0.36871	0.01541	0.01455	0.01071	0.00531	0.00454	0.00128	0.00417	0.00431	0.00467	0.30547
11	0.05548	0.01081	0.01213	0.01384	0.18939	0.07029	0.00879	0.01914	0.36280	0.01783	0.02194	0.02152	0.16079	0.00712	0.00505	0.00160	0.00450	0.00596	0.00410	0.00690
12	0.86003	0.00964	0.00733	0.00655	0.00964	0.01118	0.00540	0.01465	0.00848	0.02236	0.00694	0.00810	0.00540	0.00463	0.00308	0.00154	0.00386	0.00270	0.00308	0.00540
13	0.00607	0.00434	0.00578	0.00694	0.00723	0.00405	0.00463	0.00694	0.00954	0.01272	0.02747	0.82157	0.03297	0.01562	0.00636	0.00202	0.00289	0.01417	0.00463	0.00405
14	0.00950	0.00889	0.01516	0.75182	0.03297	0.01090	0.04416	0.01283	0.01006	0.01308	0.00918	0.01349	0.00690	0.00498	0.00497	0.00164	0.00656	0.00450	0.03287	0.00555
15	0.00655	0.00508	0.00596	0.00574	0.00713	0.00449	0.00430	0.00842	0.01291	0.01714	0.46782	0.04192	0.37209	0.01125	0.00588	0.00162	0.00243	0.00967	0.00511	0.00449
16	0.01152	0.01056	0.01739	0.27848	0.46971	0.01133	0.01388	0.04822	0.01139	0.01596	0.00973	0.01299	0.00781	0.00476	0.00487	0.00152	0.00592	0.00445	0.05254	0.00698
17	0.00963	0.00595	0.00720	0.00693	0.00863	0.00544	0.00526	0.04144	0.02791	0.14840	0.10245	0.25616	0.28938	0.01182	0.00587	0.00177	0.00317	0.05238	0.00499	0.00520
18	0.16185	0.01510	0.01253	0.01056	0.01381	0.25156	0.00837	0.23336	0.11038	0.11751	0.01180	0.01184	0.00864	0.00562	0.00453	0.00147	0.00592	0.00400	0.00409	0.00707

[dist]
# distance from previous block
# <min> <max>
0	16

[block]
# block no. 2 follows, 50 sequences, length 53
# corresponding to MSA columns:
# 718-770
name=unknown_C
#
# <colnr> <probs for GDERKNQSTAVLIFYWHMCP>
#	G	D	E	R	K	N	Q	S	T	A	V	L	I	F	Y	W	H	M	C	P
0	0.01580	0.09022	0.20626	0.01163	0.01594	0.19061	0.01107	0.18819	0.07390	0.11064	0.01146	0.01220	0.00851	0.02554	0.00517	0.00153	0.00644	0.00406	0.00358	0.00724
1	0.27846	0.09996	0.19577	0.01238	0.06156	0.13332	0.07600	0.04040	0.03056	0.01755	0.00843	0.00988	0.00655	0.00474	0.00415	0.00147	0.00616	0.00351	0.00271	0.00643
2	0.04590	0.01556	0.03993	0.13254	0.14722	0.23727	0.01106	0.23997	0.01525	0.01912	0.00960	0.01157	0.00752	0.02164	0.00514	0.00151	0.00667	0.00404	0.00323	0.02525
3	0.01058	0.22808	0.53040	0.01214	0.01814	0.01312	0.01474	0.01496	0.01039	0.01464	0.03353	0.01126	0.00799	0.00672	0.05163	0.00183	0.00704	0.00369	0.00225	0.00686
4	0.11382	0.01249	0.15616	0.00950	0.01404	0.00931	0.00902	0.09178	0.03251	0.27551	0.01280	0.01266	0.00889	0.00511	0.00441	0.00135	0.00475	0.00395	0.00412	0.21782
5	0.01315	0.03898	0.03577	0.01268	0.01544	0.14894	0.16688	0.12148	0.07157	0.04344	0.01379	0.15836	0.01288	0.02699	0.00701	0.00175	0.09474	0.00638	0.00352	0.00625
6	0.00715	0.00580	0.00634	0.00612	0.00777	0.00541	0.00461	0.02926	0.08857	0.01616	0.22085	0.08846	0.47240	0.01148	0.00581	0.00167	0.00272	0.00975	0.00489	0.00479
7	0.01290	0.01060	0.01129	0.01008	0.01295	0.01214	0.00786	0.02638	0.74626	0.05961	0.02026	0.01852	0.01507	0.00673	0.00507	0.00168	0.00396	0.00560	0.00513	0.00792
8	0.01034	0.00886	0.01034	0.00738	0.01181	0.00664	0.00591	0.01255	0.01034	0.01624	0.00886	0.01034	0.00738	0.00369	0.00369	0.00074	0.00369	0.00295	0.00295	0.85530
9	0.00725	0.00483	0.00544	0.00544	0.00544	0.00483	0.00302	0.00725	0.00725	0.00966	0.01571	0.03262	0.01812	0.82483	0.02537	0.00483	0.00483	0.00725	0.00302	0.00302
10	0.01114	0.01161	0.01918	0.01528	0.01667	0.01453	0.22227	0.01309	0.00878	0.01309	0.00752	0.01161	0.00682	0.00747	0.01346	0.00204	0.59257	0.00478	0.00227	0.00580
11	0.01862	0.02376	0.01413	0.01284	0.01541	0.80482	0.00963	0.01990	0.01413	0.01220	0.00770	0.00899	0.00642	0.00514	0.00449	0.00128	0.00899	0.00321	0.00257	0.00578
12	0.00589	0.00505	0.00505	0.00505	0.00673	0.00421	0.00379	0.00715	0.01136	0.01347	0.05049	0.04797	0.79171	0.01262	0.00589	0.00168	0.00252	0.01052	0.00463	0.00421
13	0.02236	0.00848	0.01157	0.00887	0.01272	0.00733	0.00733	0.02429	0.01427	0.79719	0.01966	0.01697	0.01234	0.00617	0.00501	0.00154	0.00424	0.00501	0.00617	0.00848
14	0.00705	0.00510	0.00666	0.00627	0.00745	0.00470	0.00470	0.00941	0.01411	0.01999	0.79110	0.03723	0.04703	0.01019	0.00588	0.00157	0.00235	0.00901	0.00549	0.00470
15	0.00866	0.00433	0.00649	0.00649	0.00649	0.00433	0.00433	0.00649	0.00649	0.00866	0.00866	0.01515	0.00866	0.01732	0.01948	0.85498	0.00433	0.00433	0.00216	0.00216
16	0.01895	0.01396	0.01496	0.01147	0.01546	0.01546	0.00947	0.77711	0.02344	0.03141	0.01197	0.01197	0.00848	0.00598	0.00499	0.00150	0.00548	0.00449	0.00499	0.00848
17	0.02236	0.00848	0.01157	0.00887	0.01272	0.00733	0.00733	0.02429	0.01427	0.79719	0.01966	0.01697	0.01234	0.00617	0.00501	0.00154	0.00424	0.00501	0.00617	0.00848
18	0.00705	0.00510	0.00666	0.00627	0.00745	0.00470	0.00470	0.00941	0.01411	0.01999	0.79110	0.03723	0.04703	0.01019	0.00588	0.00157	0.00235	0.00901	0.00549	0.00470
19	0.01234	0.01184	0.02023	0.03059	0.79373	0.01184	0.01530	0.01530	0.01135	0.01628	0.00938	0.01234	0.00790	0.00444	0.00493	0.00148	0.00592	0.00444	0.00247	0.00790
20	0.00718	0.00480	0.00546	0.00553	0.00554	0.00479	0.00312	0.00723	0.00738	0.00985	0.01640	0.07920	0.01900	0.77705	0.02425	0.00467	0.00472	0.00766	0.00312	0.00308
21	0.00744	0.00555	0.00698	0.00654	0.00787	0.00531	0.00493	0.01071	0.07693	0.01980	0.69878	0.03614	0.07397	0.01001	0.00581	0.00158	0.00249	0.00880	0.00542	0.00494
22	0.00658	0.00510	0.00601	0.00584	0.00724	0.00453	0.00442	0.00846	0.01282	0.01698	0.44255	0.04257	0.36949	0.01137	0.00592	0.00164	0.00251	0.03639	0.00508	0.00448
23	0.01895	0.01396	0.01496	0.01147	0.01546	0.01546	0.00947	0.77711	0.02344	0.03141	0.01197	0.01197	0.00848	0.00598	0.00499	0.00150	0.00548	0.00449	0.00499	0.00848
24	0.15449	0.27052	0.07493	0.01254	0.07562	0.06071	0.11700	0.01616	0.01075	0.09357	0.00906	0.01044	0.00713	0.00480	0.00467	0.00140	0.04287	0.00369	0.00282	0.02682
25	0.01623	0.23999	0.11708	0.01046	0.01473	0.06090	0.00980	0.20700	0.09108	0.16725	0.01222	0.01211	0.00890	0.00541	0.00444	0.00140	0.00550	0.00402	0.00392	0.00754
26	0.01212	0.53663	0.30672	0.01059	0.01598	0.01676	0.01212	0.01524	0.01027	0.01320	0.00766	0.00891	0.00637	0.00444	0.00376	0.00125	0.00607	0.00303	0.00212	0.00675
27	0.86003	0.00964	0.00733	0.00655	0.00964	0.01118	0.00540	0.01465	0.00848	0.02236	0.00694	0.00810	0.00540	0.00463	0.00308	0.00154	0.00386	0.00270	0.00308	0.00540
28	0.81038	0.00989	0.00778	0.00684	0.00998	0.01143	0.00564	0.05967	0.00937	0.02290	0.00724	0.00833	0.00558	0.00471	0.00320	0.00154	0.00395	0.00280	0.00320	0.00558
29	0.02236	0.00848	0.01157	0.00887	0.01272	0.00733	0.00733	0.02429	0.01427	0.79719	0.01966	0.01697	0.01234	0.00617	0.00501	0.00154	0.00424	0.00501	0.00617	0.00848
30	0.02236	0.00848	0.01157	0.00887	0.01272	0.00733	0.00733	0.02429	0.01427	0.79719	0.01966	0.01697	0.01234	0.00617	0.00501	0.00154	0.00424	0.00501	0.00617	0.00848
31	0.00725	0.00483	0.00544	0.00544	0.00544	0.00483	0.00302	0.00725	0.00725	0.00966	0.01571	0.03262	0.01812	0.82483	0.02537	0.00483	0.00483	0.00725	0.00302	0.00302
32	0.00607	0.00434	0.00578	0.00694	0.00723	0.00405	0.00463	0.00694	0.00954	0.01272	0.02747	0.82157	0.03297	0.01562	0.00636	0.00202	0.00289	0.01417	0.00463	0.00405
33	0.01034	0.00886	0.01034	0.00738	0.01181	0.00664	0.00591	0.01255	0.01034	0.01624	0.00886	0.01034	0.00738	0.00369	0.00369	0.00074	0.00369	0.00295	0.00295	0.85530
34	0.00607	0.00434	0.00578	0.00694	0.00723	0.00405	0.00463	0.00694	0.00954	0.01272	0.02747	0.82157	0.03297	0.01562	0.00636	0.00202	0.00289	0.01417	0.00463	0.00405
35	0.00589	0.00505	0.00505	0.00505	0.00673	0.00421	0.00379	0.00715	0.01136	0.01347	0.05049	0.04797	0.79171	0.01262	0.00589	0.00168	0.00252	0.01052	0.00463	0.00421
36	0.01240	0.01071	0.01127	0.01014	0.01296	0.01240	0.00789	0.02649	0.78473	0.02085	0.02029	0.01860	0.01522	0.00676	0.00507	0.00169	0.00394	0.00564	0.00507	0.00789
37	0.01422	0.69808	0.02434	0.00900	0.01322	0.01904	0.00868	0.13643	0.01225	0.01487	0.00773	0.00863	0.00673	0.00454	0.00348	0.00113	0.00536	0.00296	0.00259	0.00673
38	0.01034	0.00886	0.01034	0.00738	0.01181	0.00664	0.00591	0.01255	0.01034	0.01624	0.00886	0.01034	0.00738	0.00369	0.00369	0.00074	0.00369	0.00295	0.00295	0.85530
39	0.01055	0.16013	0.66954	0.01326	0.02010	0.01294	0.01676	0.01564	0.01046	0.01511	0.00861	0.01010	0.00633	0.00466	0.00448	0.00149	0.00703	0.00351	0.00211	0.00720
40	0.01862	0.02376	0.01413	0.01284	0.01541	0.80482	0.00963	0.01990	0.01413	0.01220	0.00770	0.00899	0.00642	0.00514	0.00449	0.00128	0.00899	0.00321	0.00257	0.00578
41	0.00590	0.00501	0.00509	0.00514	0.00676	0.00420	0.00383	0.00714	0.01127	0.01343	0.04935	0.08659	0.75383	0.01277	0.00591	0.00170	0.00254	0.01070	0.00463	0.00420
42	0.01313	0.78047	0.07175	0.00886	0.01331	0.01924	0.00911	0.01498	0.01015	0.01197	0.00705	0.00814	0.00639	0.00429	0.00329	0.00110	0.00545	0.00273	0.00213	0.00645
43	0.01234	0.01184	0.02023	0.03059	0.79373	0.01184	0.01530	0.01530	0.01135	0.01628	0.00938	0.01234	0.00790	0.00444	0.00493	0.00148	0.00592	0.00444	0.00247	0.00790
44	0.01541	0.01267	0.01308	0.03081	0.05333	0.08830	0.00895	0.22522	0.39373	0.08009	0.01600	0.01535	0.01179	0.00620	0.00498	0.00158	0.00502	0.00496	0.00469	0.00783
45	0.01756	0.01057	0.01214	0.00969	0.01312	0.01093	0.00787	0.35356	0.09088	0.27377	0.01944	0.06353	0.07946	0.00724	0.00516	0.00158	0.00454	0.00584	0.00532	0.00780
46	0.00607	0.00434	0.00578	0.00694	0.00723	0.00405	0.00463	0.00694	0.00954	0.01272	0.02747	0.82157	0.03297	0.01562	0.00636	0.00202	0.00289	0.01417	0.00463	0.00405
47	0.00724	0.00486	0.00556	0.00556	0.00561	0.00490	0.00318	0.00733	0.00729	0.00976	0.01559	0.03197	0.01784	0.78551	0.06430	0.00499	0.00526	0.00715	0.00300	0.00309
48	0.01120	0.01174	0.02325	0.29374	0.09496	0.01209	0.42698	0.03575	0.01143	0.01531	0.00965	0.01326	0.00730	0.00454	0.00547	0.00165	0.00750	0.00522	0.00248	0.00646
49	0.01034	0.00886	0.01034	0.00738	0.01181	0.00664	0.00591	0.01255	0.01034	0.01624	0.00886	0.01034	0.00738	0.00369	0.00369	0.00074	0.00369	0.00295	0.00295	0.85530
50	0.00607	0.00434	0.00578	0.00694	0.00723	0.00405	0.00463	0.00694	0.00954	0.01272	0.02747	0.82157	0.03297	0.01562	0.00636	0.00202	0.00289	0.01417	0.00463	0.00405
51	0.04064	0.04499	0.01435	0.05075	0.01538	0.04633	0.00908	0.59792	0.02044	0.02769	0.01164	0.01217	0.00847	0.00578	0.00473	0.00145	0.00539	0.00433	0.07072	0.00776
52	0.13362	0.01055	0.03318	0.00922	0.01285	0.01032	0.00773	0.25424	0.03271	0.30825	0.08946	0.01575	0.01324	0.00616	0.00476	0.00150	0.00445	0.00481	0.00505	0.04214

[dist]
# distance from previous block
# <min> <max>
0	1

[block]
# block no. 3 follows, 50 sequences, length 8
# corresponding to MSA columns:
# 772-779
name=unknown_D
#
# <colnr> <probs for GDERKNQSTAVLIFYWHMCP>
#	G	D	E	R	K	N	Q	S	T	A	V	L	I	F	Y	W	H	M	C	P
0	0.01546	0.01130	0.01144	0.00960	0.01258	0.12430	0.00763	0.17957	0.08246	0.19499	0.05657	0.05445	0.03273	0.00928	0.06679	0.00199	0.00563	0.03252	0.00453	0.08618
1	0.01079	0.21594	0.61575	0.01286	0.01949	0.01351	0.01607	0.01558	0.01043	0.01482	0.00847	0.00992	0.00633	0.00462	0.00437	0.00146	0.00688	0.00344	0.00211	0.00714
2	0.01235	0.01335	0.02352	0.02344	0.32330	0.08137	0.38050	0.01568	0.01172	0.01563	0.01032	0.04608	0.00864	0.00485	0.00541	0.00158	0.00726	0.00543	0.00259	0.00699
3	0.01138	0.01212	0.01392	0.20340	0.09836	0.21439	0.08139	0.01354	0.01132	0.01337	0.01441	0.22226	0.01470	0.00808	0.00539	0.00167	0.00627	0.04540	0.00310	0.00552
4	0.01383	0.00996	0.01683	0.35976	0.02477	0.01079	0.15814	0.04452	0.01182	0.22713	0.01199	0.01411	0.00843	0.00544	0.00592	0.00166	0.05992	0.00486	0.00345	0.00667
5	0.00669	0.00480	0.00637	0.00680	0.00757	0.00449	0.00493	0.00837	0.01185	0.01632	0.38773	0.39236	0.03927	0.01291	0.00617	0.00183	0.00277	0.06934	0.00503	0.00440
6	0.01402	0.01520	0.25476	0.01089	0.01566	0.01073	0.01093	0.24964	0.01485	0.11852	0.01283	0.08281	0.01025	0.00607	0.00481	0.00144	0.00538	0.00489	0.00387	0.15245
7	0.01603	0.04520	0.01718	0.01413	0.05690	0.21813	0.10012	0.28869	0.01573	0.01968	0.00936	0.01106	0.00739	0.00590	0.00693	0.00157	0.15150	0.00423	0.00334	0.00693

[dist]
# distance from previous block
# <min> <max>
0	2

[block]
# block no. 4 follows, 50 sequences, length 15
# corresponding to MSA columns:
# 782-796
name=unknown_E
#
# <colnr> <probs for GDERKNQSTAVLIFYWHMCP>
#	G	D	E	R	K	N	Q	S	T	A	V	L	I	F	Y	W	H	M	C	P
0	0.33894	0.01364	0.01193	0.01032	0.01258	0.18772	0.00833	0.11268	0.01141	0.01850	0.00765	0.00954	0.00632	0.00601	0.00720	0.00165	0.22320	0.00349	0.00297	0.00589
1	0.14766	0.00711	0.00850	0.00767	0.00974	0.00697	0.04948	0.06706	0.01181	0.01755	0.14584	0.19114	0.18942	0.01003	0.00537	0.00167	0.00355	0.05253	0.00430	0.06263
2	0.01066	0.01058	0.01479	0.01278	0.01279	0.01471	0.01059	0.01174	0.00773	0.01203	0.00759	0.05140	0.00786	0.00907	0.01586	0.00217	0.77510	0.00485	0.00230	0.00538
3	0.02108	0.01054	0.01284	0.00985	0.01375	0.01039	0.00813	0.30762	0.01772	0.50898	0.01677	0.01508	0.01089	0.00610	0.00500	0.00152	0.00471	0.00481	0.00572	0.00848
4	0.01034	0.00886	0.01034	0.00738	0.01181	0.00664	0.00591	0.01255	0.01034	0.01624	0.00886	0.01034	0.00738	0.00369	0.00369	0.00074	0.00369	0.00295	0.00295	0.85530
5	0.00595	0.00481	0.00530	0.00569	0.00690	0.00415	0.00407	0.00708	0.01075	0.01322	0.04274	0.30839	0.53629	0.01363	0.00605	0.00180	0.00265	0.01175	0.00463	0.00415
6	0.00725	0.00483	0.00544	0.00544	0.00544	0.00483	0.00302	0.00725	0.00725	0.00966	0.01571	0.03262	0.01812	0.82483	0.02537	0.00483	0.00483	0.00725	0.00302	0.00302
7	0.02162	0.00865	0.01155	0.00896	0.01274	0.00770	0.00737	0.02445	0.07161	0.73940	0.01971	0.01709	0.01255	0.00621	0.00502	0.00155	0.00422	0.00506	0.00609	0.00844
8	0.00679	0.00508	0.00629	0.00599	0.00728	0.00459	0.00449	0.00888	0.01347	0.01848	0.61969	0.03972	0.21938	0.01075	0.00588	0.00159	0.00239	0.00936	0.00529	0.00459
9	0.00705	0.00510	0.00666	0.00627	0.00745	0.00470	0.00470	0.00941	0.01411	0.01999	0.79110	0.03723	0.04703	0.01019	0.00588	0.00157	0.00235	0.00901	0.00549	0.00470
10	0.00803	0.00574	0.00803	0.00918	0.01033	0.00574	0.00803	0.01033	0.01147	0.01492	0.02639	0.05622	0.02869	0.01377	0.00688	0.00229	0.00459	0.76018	0.00459	0.00459
11	0.00972	0.00917	0.01551	0.73056	0.11421	0.01116	0.01400	0.01300	0.01011	0.01311	0.00891	0.01319	0.00678	0.00493	0.00498	0.00164	0.00657	0.00443	0.00224	0.00579
12	0.01883	0.01362	0.01468	0.01131	0.01525	0.01502	0.00933	0.71822	0.05247	0.06142	0.01259	0.01242	0.00889	0.00602	0.00499	0.00151	0.00538	0.00455	0.00504	0.00845
13	0.01691	0.00944	0.01200	0.01050	0.07080	0.00879	0.00779	0.04765	0.16505	0.38878	0.01639	0.01532	0.01135	0.00561	0.00473	0.00139	0.00423	0.00462	0.00493	0.19371
14	0.18265	0.03382	0.06706	0.01116	0.01490	0.11958	0.06593	0.23857	0.13496	0.06658	0.01167	0.01204	0.00860	0.00548	0.00457	0.00152	0.00567	0.00418	0.00392	0.00716

[dist]
# distance from previous block
# <min> <max>
0	3

[block]
# block no. 5 follows, 50 sequences, length 35
# corresponding to MSA columns:
# 800-834
name=unknown_F
#
# <colnr> <probs for GDERKNQSTAVLIFYWHMCP>
#	G	D	E	R	K	N	Q	S	T	A	V	L	I	F	Y	W	H	M	C	P
0	0.01188	0.00835	0.01050	0.00884	0.01121	0.00841	0.04613	0.23607	0.01594	0.08554	0.29117	0.11085	0.08984	0.00921	0.00563	0.00163	0.00389	0.03373	0.00505	0.00611
1	0.01303	0.00947	0.01110	0.00811	0.01240	0.00787	0.00655	0.11306	0.01255	0.12096	0.01068	0.01142	0.00818	0.00431	0.00403	0.00094	0.00400	0.00342	0.00364	0.63427
2	0.01170	0.01120	0.01909	0.20002	0.62926	0.01168	0.01498	0.01474	0.01105	0.01552	0.00926	0.01254	0.00762	0.00456	0.00495	0.00152	0.00608	0.00444	0.00241	0.00738
3	0.02610	0.00879	0.01629	0.01270	0.01560	0.00823	0.33360	0.01207	0.01232	0.01691	0.26535	0.04532	0.11764	0.00827	0.00593	0.00171	0.00520	0.07851	0.00397	0.00549
4	0.00607	0.00434	0.00578	0.00694	0.00723	0.00405	0.00463	0.00694	0.00954	0.01272	0.02747	0.82157	0.03297	0.01562	0.00636	0.00202	0.00289	0.01417	0.00463	0.00405
5	0.01027	0.02413	0.70670	0.01615	0.11309	0.01161	0.01805	0.01573	0.01062	0.01584	0.00900	0.01074	0.00650	0.00470	0.00476	0.00157	0.00720	0.00377	0.00215	0.00743
6	0.00929	0.00465	0.00465	0.00465	0.00581	0.00465	0.00348	0.01161	0.01045	0.01858	0.01626	0.01858	0.01278	0.00581	0.00348	0.00116	0.00232	0.00465	0.85250	0.00465
7	0.01091	0.01091	0.01527	0.01309	0.01309	0.01527	0.01091	0.01200	0.00763	0.01200	0.00654	0.01091	0.00654	0.00872	0.01636	0.00218	0.81570	0.00436	0.00218	0.00545
8	0.66148	0.00937	0.00833	0.00710	0.01037	0.01027	0.00586	0.01694	0.00985	0.20602	0.00996	0.01020	0.00704	0.00499	0.00354	0.00154	0.00395	0.00325	0.00382	0.00613
9	0.00725	0.00483	0.00544	0.00544	0.00544	0.00483	0.00302	0.00725	0.00725	0.00966	0.01571	0.03262	0.01812	0.82483	0.02537	0.00483	0.00483	0.00725	0.00302	0.00302
10	0.00636	0.00507	0.00569	0.00554	0.00702	0.00441	0.00415	0.00805	0.01246	0.01607	0.34619	0.04368	0.49439	0.01165	0.00589	0.00164	0.00246	0.00992	0.00497	0.00441
11	0.00929	0.00465	0.00465	0.00465	0.00581	0.00465	0.00348	0.01161	0.01045	0.01858	0.01626	0.01858	0.01278	0.00581	0.00348	0.00116	0.00232	0.00465	0.85250	0.00465
12	0.01209	0.01253	0.02415	0.02651	0.46643	0.01217	0.33946	0.01558	0.01153	0.01615	0.00968	0.01281	0.00775	0.00434	0.00534	0.00157	0.00698	0.00506	0.00249	0.00740
13	0.01733	0.01316	0.01405	0.01114	0.01484	0.01470	0.00908	0.59150	0.21169	0.02880	0.01402	0.01361	0.01014	0.00618	0.00501	0.00154	0.00510	0.00477	0.00501	0.00833
14	0.01152	0.00992	0.01087	0.00897	0.01247	0.00994	0.00704	0.02054	0.45457	0.01889	0.01542	0.01507	0.01188	0.00545	0.00448	0.00128	0.00384	0.00449	0.00417	0.36918
15	0.01000	0.02578	0.79900	0.01421	0.02157	0.01158	0.01842	0.01579	0.01052	0.01579	0.00895	0.01052	0.00631	0.00474	0.00474	0.00158	0.00737	0.00368	0.00210	0.00737
16	0.01360	0.78633	0.02550	0.00875	0.01293	0.06023	0.00859	0.01518	0.01033	0.01175	0.00697	0.00805	0.00640	0.00431	0.00327	0.00108	0.00552	0.00269	0.00215	0.00636
17	0.02236	0.00848	0.01157	0.00887	0.01272	0.00733	0.00733	0.02429	0.01427	0.79719	0.01966	0.01697	0.01234	0.00617	0.00501	0.00154	0.00424	0.00501	0.00617	0.00848
18	0.00589	0.00505	0.00505	0.00505	0.00673	0.00421	0.00379	0.00715	0.01136	0.01347	0.05049	0.04797	0.79171	0.01262	0.00589	0.00168	0.00252	0.01052	0.00463	0.00421
19	0.00705	0.00510	0.00666	0.00627	0.00745	0.00470	0.00470	0.00941	0.01411	0.01999	0.79110	0.03723	0.04703	0.01019	0.00588	0.00157	0.00235	0.00901	0.00549	0.00470
20	0.00589	0.00505	0.00505	0.00505	0.00673	0.00421	0.00379	0.00715	0.01136	0.01347	0.05049	0.04797	0.79171	0.01262	0.00589	0.00168	0.00252	0.01052	0.00463	0.00421
21	0.02236	0.00848	0.01157	0.00887	0.01272	0.00733	0.00733	0.02429	0.01427	0.79719	0.01966	0.01697	0.01234	0.00617	0.00501	0.00154	0.00424	0.00501	0.00617	0.00848
22	0.02236	0.00848	0.01157	0.00887	0.01272	0.00733	0.00733	0.02429	0.01427	0.79719	0.01966	0.01697	0.01234	0.00617	0.00501	0.00154	0.00424	0.00501	0.00617	0.00848
23	0.01240	0.01071	0.01127	0.01014	0.01296	0.01240	0.00789	0.02649	0.78473	0.02085	0.02029	0.01860	0.01522	0.00676	0.00507	0.00169	0.00394	0.00564	0.00507	0.00789
24	0.00607	0.00434	0.00578	0.00694	0.00723	0.00405	0.00463	0.00694	0.00954	0.01272	0.02747	0.82157	0.03297	0.01562	0.00636	0.00202	0.00289	0.01417	0.00463	0.00405
25	0.00712	0.00534	0.00801	0.00801	0.00890	0.00623	0.00623	0.00890	0.00801	0.01157	0.01335	0.01958	0.01246	0.03738	0.80507	0.00801	0.01335	0.00534	0.00267	0.00445
26	0.01176	0.01345	0.02941	0.02101	0.02605	0.01261	0.77563	0.01597	0.01176	0.01597	0.01008	0.01345	0.00756	0.00420	0.00588	0.00168	0.00840	0.00588	0.00252	0.00672
27	0.01893	0.01449	0.01491	0.01154	0.01545	0.05799	0.00948	0.73631	0.02293	0.03038	0.01174	0.01181	0.00837	0.00594	0.00496	0.00148	0.00567	0.00442	0.00486	0.00833
28	0.00607	0.00434	0.00578	0.00694	0.00723	0.00405	0.00463	0.00694	0.00954	0.01272	0.02747	0.82157	0.03297	0.01562	0.00636	0.00202	0.00289	0.01417	0.00463	0.00405
29	0.00793	0.00567	0.00792	0.00906	0.01017	0.00565	0.00786	0.01015	0.01137	0.01480	0.02645	0.09572	0.02891	0.01386	0.00686	0.00228	0.00450	0.72169	0.00459	0.00456
30	0.02155	0.00893	0.01176	0.00905	0.01284	0.00806	0.00746	0.09952	0.01518	0.69634	0.04257	0.01709	0.01302	0.00627	0.00504	0.00154	0.00431	0.00508	0.00603	0.00837
31	0.01070	0.01060	0.01487	0.01281	0.01286	0.01477	0.01065	0.01183	0.00765	0.01197	0.00691	0.01138	0.00687	0.01029	0.05942	0.00250	0.77190	0.00442	0.00221	0.00540
32	0.00747	0.00537	0.00725	0.00751	0.00867	0.00514	0.00612	0.00980	0.01299	0.01783	0.46507	0.04533	0.03921	0.01172	0.00631	0.00188	0.00331	0.32927	0.00510	0.00465
33	0.14254	0.03937	0.01408	0.01082	0.01451	0.10851	0.00886	0.55183	0.01972	0.02720	0.01057	0.01092	0.00772	0.00563	0.00459	0.00146	0.00566	0.00402	0.00433	0.00764
34	0.05288	0.01299	0.01344	0.01085	0.01441	0.03832	0.00879	0.48261	0.24617	0.04581	0.01426	0.01378	0.01036	0.00613	0.00492	0.00155	0.00504	0.00472	0.00489	0.00809

[dist]
# distance from previous block
# <min> <max>
2	4

[block]
# block no. 6 follows, 50 sequences, length 26
# corresponding to MSA columns:
# 839-864
name=unknown_G
#
# <colnr> <probs for GDERKNQSTAVLIFYWHMCP>
#	G	D	E	R	K	N	Q	S	T	A	V	L	I	F	Y	W	H	M	C	P
0	0.01896	0.01938	0.01427	0.01212	0.01527	0.47784	0.00944	0.28830	0.01743	0.06571	0.00993	0.01052	0.00750	0.00550	0.00470	0.00137	0.00747	0.00377	0.00364	0.00689
1	0.01198	0.03954	0.08487	0.01440	0.01846	0.01239	0.30340	0.03541	0.35041	0.01837	0.01465	0.01546	0.01101	0.00547	0.00523	0.00163	0.00595	0.00541	0.03874	0.00723
2	0.01106	0.01082	0.01918	0.32866	0.36102	0.01147	0.12571	0.01431	0.01084	0.01487	0.00926	0.01279	0.00735	0.00459	0.00505	0.00155	0.00648	0.00459	0.00240	0.03799
3	0.01101	0.00964	0.01353	0.45815	0.02493	0.01076	0.01097	0.09868	0.10178	0.01649	0.01053	0.01313	0.00800	0.00502	0.00472	0.00145	0.00557	0.00426	0.00301	0.18837
4	0.06060	0.00950	0.01554	0.61030	0.18293	0.01123	0.01363	0.01336	0.01015	0.01401	0.00885	0.01279	0.00682	0.00486	0.00486	0.00162	0.00634	0.00433	0.00232	0.00599
5	0.01337	0.01005	0.01436	0.23520	0.19518	0.01099	0.01110	0.01978	0.25769	0.15799	0.01457	0.01543	0.01069	0.00564	0.00501	0.00161	0.00519	0.00492	0.00390	0.00735
6	0.01034	0.00886	0.01034	0.00738	0.01181	0.00664	0.00591	0.01255	0.01034	0.01624	0.00886	0.01034	0.00738	0.00369	0.00369	0.00074	0.00369	0.00295	0.00295	0.85530
7	0.01070	0.01018	0.01728	0.46762	0.36947	0.01141	0.01448	0.01387	0.01058	0.01430	0.00909	0.01287	0.00720	0.00474	0.00496	0.00158	0.00633	0.00443	0.00233	0.00658
8	0.01661	0.02073	0.01862	0.01524	0.01854	0.57203	0.23472	0.01875	0.01343	0.01331	0.00840	0.01030	0.00676	0.00486	0.00490	0.00140	0.00882	0.00400	0.00255	0.00606
9	0.01073	0.01142	0.02303	0.37047	0.02970	0.01193	0.43943	0.01454	0.01097	0.01454	0.00954	0.01338	0.00716	0.00455	0.00549	0.00167	0.00763	0.00524	0.00239	0.00620
10	0.01862	0.02376	0.01413	0.01284	0.01541	0.80482	0.00963	0.01990	0.01413	0.01220	0.00770	0.00899	0.00642	0.00514	0.00449	0.00128	0.00899	0.00321	0.00257	0.00578
11	0.86003	0.00964	0.00733	0.00655	0.00964	0.01118	0.00540	0.01465	0.00848	0.02236	0.00694	0.00810	0.00540	0.00463	0.00308	0.00154	0.00386	0.00270	0.00308	0.00540
12	0.00686	0.00509	0.00639	0.00607	0.00733	0.00462	0.00455	0.00903	0.01365	0.01890	0.66785	0.03902	0.17096	0.01060	0.00588	0.00159	0.00238	0.00926	0.00534	0.00462
13	0.15892	0.01324	0.01369	0.01065	0.01449	0.01475	0.00880	0.65022	0.02095	0.02991	0.01113	0.01132	0.00796	0.00576	0.00467	0.00150	0.00521	0.00419	0.00467	0.00796
14	0.00929	0.00465	0.00465	0.00465	0.00581	0.00465	0.00348	0.01161	0.01045	0.01858	0.01626	0.01858	0.01278	0.00581	0.00348	0.00116	0.00232	0.00465	0.85250	0.00465
15	0.00715	0.00540	0.00681	0.00732	0.00865	0.00506	0.00607	0.00911	0.01186	0.01525	0.15841	0.05037	0.28810	0.01280	0.00639	0.00197	0.00353	0.38651	0.00475	0.00448
16	0.01895	0.01396	0.01496	0.01147	0.01546	0.01546	0.00947	0.77711	0.02344	0.03141	0.01197	0.01197	0.00848	0.00598	0.00499	0.00150	0.00548	0.00449	0.00499	0.00848
17	0.00616	0.00528	0.00531	0.00526	0.00699	0.00455	0.00396	0.00795	0.04330	0.01377	0.04925	0.04676	0.75964	0.01238	0.00586	0.00168	0.00258	0.01032	0.00465	0.00436
18	0.02208	0.00894	0.01185	0.00908	0.01295	0.00800	0.00750	0.08648	0.01502	0.73393	0.01903	0.01655	0.01202	0.00615	0.00501	0.00154	0.00434	0.00497	0.00607	0.00848
19	0.01895	0.01396	0.01496	0.01147	0.01546	0.01546	0.00947	0.77711	0.02344	0.03141	0.01197	0.01197	0.00848	0.00598	0.00499	0.00150	0.00548	0.00449	0.00499	0.00848
20	0.01841	0.01369	0.01465	0.01136	0.01525	0.01520	0.00934	0.71511	0.08632	0.03054	0.01265	0.01251	0.00903	0.00605	0.00499	0.00151	0.00536	0.00458	0.00499	0.00843
21	0.01790	0.01397	0.01410	0.01124	0.01490	0.07979	0.00912	0.55121	0.15686	0.05916	0.01340	0.01310	0.00966	0.00606	0.00496	0.00151	0.00545	0.00461	0.00485	0.00815
22	0.05683	0.00735	0.00958	0.00780	0.01070	0.00657	0.00628	0.01854	0.01382	0.48869	0.25635	0.02408	0.05633	0.00760	0.00522	0.00156	0.00357	0.00636	0.00575	0.00699
23	0.00955	0.00715	0.00901	0.09082	0.01246	0.00763	0.00720	0.01477	0.22380	0.06267	0.08795	0.22277	0.06807	0.01057	0.00581	0.00186	0.00389	0.14368	0.00466	0.00568
24	0.01396	0.01115	0.01143	0.01048	0.03820	0.07782	0.00790	0.04452	0.50134	0.12866	0.02105	0.01960	0.07779	0.00693	0.00508	0.00162	0.00440	0.00568	0.00489	0.00751
25	0.20297	0.01554	0.01333	0.05958	0.05996	0.25189	0.00922	0.29198	0.01584	0.02165	0.00924	0.01032	0.00704	0.00528	0.00442	0.00145	0.00628	0.00370	0.00353	0.00678

[dist]
# distance from previous block
# <min> <max>
14	38

[block]
# block no. 7 follows, 50 sequences, length 10
# corresponding to MSA columns:
# 906-915
name=unknown_H
#
# <colnr> <probs for GDERKNQSTAVLIFYWHMCP>
#	G	D	E	R	K	N	Q	S	T	A	V	L	I	F	Y	W	H	M	C	P
0	0.19810	0.00782	0.00843	0.00729	0.00995	0.00763	0.00571	0.05722	0.04995	0.12669	0.10291	0.13502	0.11724	0.00808	0.00478	0.00151	0.00351	0.00664	0.00438	0.13714
1	0.15311	0.00978	0.01074	0.00831	0.01210	0.00933	0.00673	0.15723	0.05360	0.13482	0.05194	0.01307	0.01045	0.00513	0.00421	0.00122	0.00408	0.00395	0.00407	0.34613
2	0.01215	0.00914	0.01033	0.00849	0.01175	0.00893	0.00670	0.05804	0.29592	0.09865	0.09329	0.01929	0.06767	0.00643	0.00476	0.00135	0.00372	0.00533	0.00452	0.27353
3	0.01216	0.00920	0.01075	0.00795	0.01216	0.00759	0.00638	0.04796	0.07758	0.10035	0.01112	0.01182	0.00863	0.00432	0.00401	0.00094	0.00385	0.00347	0.00356	0.65620
4	0.01528	0.01125	0.01240	0.00956	0.01339	0.01137	0.00778	0.40459	0.06878	0.07428	0.01537	0.01528	0.07404	0.00597	0.00471	0.00132	0.00456	0.00468	0.00448	0.24092
5	0.00949	0.00886	0.01457	0.74583	0.03246	0.01071	0.01318	0.01272	0.01000	0.01303	0.00886	0.01304	0.00671	0.00488	0.00488	0.00158	0.00640	0.00431	0.00228	0.07624
6	0.01570	0.01188	0.01297	0.00994	0.01377	0.01231	0.00812	0.52267	0.01933	0.02643	0.05364	0.01468	0.04897	0.00600	0.00478	0.00133	0.00476	0.00467	0.00453	0.20353
7	0.32993	0.00958	0.00957	0.00771	0.01116	0.00968	0.00623	0.12090	0.04879	0.04207	0.08553	0.01291	0.01116	0.00521	0.00396	0.00129	0.00390	0.00384	0.00372	0.27285
8	0.00941	0.00886	0.01495	0.81285	0.03433	0.01107	0.01384	0.01274	0.00997	0.01274	0.00886	0.01329	0.00664	0.00498	0.00498	0.00166	0.00664	0.00443	0.00221	0.00554
9	0.01122	0.01033	0.01726	0.07792	0.57476	0.01048	0.01364	0.01406	0.01128	0.01575	0.01300	0.02184	0.01229	0.00648	0.00536	0.00167	0.00568	0.16705	0.00291	0.00703

[dist]
# distance from previous block
# <min> <max>
0	10

[block]
# block no. 8 follows, 50 sequences, length 18
# corresponding to MSA columns:
# 926-943
name=unknown_I
#
# <colnr> <probs for GDERKNQSTAVLIFYWHMCP>
#	G	D	E	R	K	N	Q	S	T	A	V	L	I	F	Y	W	H	M	C	P
0	0.01312	0.01334	0.01947	0.02837	0.69617	0.11124	0.01459	0.01587	0.01170	0.01577	0.00917	0.01192	0.00771	0.00453	0.00488	0.00146	0.00631	0.00429	0.00248	0.00763
1	0.00941	0.00886	0.01495	0.81285	0.03433	0.01107	0.01384	0.01274	0.00997	0.01274	0.00886	0.01329	0.00664	0.00498	0.00498	0.00166	0.00664	0.00443	0.00221	0.00554
2	0.01132	0.00882	0.00952	0.00833	0.01041	0.04137	0.00642	0.25024	0.05554	0.02152	0.29605	0.12621	0.08708	0.03665	0.00622	0.00172	0.00385	0.00789	0.00493	0.00591
3	0.01985	0.01069	0.01276	0.00985	0.01372	0.01065	0.00809	0.30576	0.06572	0.42236	0.01627	0.01486	0.01082	0.00601	0.00494	0.00149	0.00466	0.00475	0.00550	0.05123
4	0.01581	0.01793	0.11188	0.01191	0.01548	0.29050	0.01019	0.19852	0.23966	0.01966	0.01251	0.01267	0.00944	0.00576	0.00481	0.00149	0.00650	0.00427	0.00380	0.00722
5	0.07063	0.01536	0.01615	0.01260	0.01641	0.15456	0.10528	0.49995	0.01939	0.02551	0.01066	0.01138	0.00781	0.00553	0.00489	0.00148	0.00637	0.00432	0.00413	0.00759
6	0.01828	0.01269	0.01386	0.01078	0.01446	0.01383	0.00879	0.61567	0.06000	0.10913	0.01341	0.01404	0.00979	0.05426	0.00619	0.00171	0.00524	0.00476	0.00500	0.00813
7	0.00607	0.00434	0.00578	0.00694	0.00723	0.00405	0.00463	0.00694	0.00954	0.01272	0.02747	0.82157	0.03297	0.01562	0.00636	0.00202	0.00289	0.01417	0.00463	0.00405
8	0.01843	0.01367	0.01431	0.01122	0.01501	0.04719	0.00917	0.61662	0.10577	0.07739	0.01318	0.01288	0.00937	0.00605	0.00498	0.00151	0.00538	0.00459	0.00497	0.00830
9	0.25345	0.01276	0.01283	0.01010	0.01384	0.01427	0.00834	0.56453	0.01927	0.02889	0.01057	0.01089	0.00762	0.00561	0.00446	0.00151	0.00503	0.00399	0.00446	0.00762
10	0.01414	0.17357	0.25116	0.01210	0.01647	0.11377	0.01217	0.21231	0.01387	0.01812	0.00888	0.01027	0.00693	0.00553	0.00596	0.00150	0.10959	0.00372	0.00292	0.00703
11	0.01807	0.01524	0.01435	0.01154	0.01514	0.15084	0.00930	0.55278	0.11726	0.02678	0.01228	0.01229	0.00897	0.00594	0.00491	0.00148	0.00589	0.00441	0.00458	0.00794
12	0.01603	0.41725	0.01999	0.01073	0.01413	0.42061	0.00909	0.01747	0.01217	0.01197	0.00733	0.00850	0.00641	0.00471	0.00386	0.00118	0.00720	0.00294	0.00235	0.00608
13	0.01161	0.00858	0.00865	0.00772	0.00981	0.10613	0.00594	0.01468	0.08772	0.15990	0.34460	0.03013	0.16656	0.00893	0.00547	0.00156	0.00371	0.00750	0.00505	0.00575
14	0.00623	0.00509	0.00552	0.00550	0.00706	0.00438	0.00418	0.00776	0.01190	0.01481	0.19378	0.04630	0.60726	0.01221	0.00594	0.00169	0.00260	0.04868	0.00479	0.00432
15	0.01575	0.01612	0.01330	0.05324	0.01513	0.41486	0.05863	0.01827	0.05330	0.12124	0.15460	0.01629	0.01525	0.00622	0.00497	0.00144	0.00670	0.00489	0.00370	0.00611
16	0.22016	0.01868	0.43881	0.11220	0.01971	0.01175	0.01387	0.08000	0.01105	0.01836	0.00870	0.01040	0.00631	0.00485	0.00438	0.00157	0.00625	0.00360	0.00261	0.00675
17	0.06069	0.01003	0.01023	0.00869	0.01162	0.10760	0.00684	0.01940	0.13510	0.32864	0.06672	0.05649	0.10817	0.00739	0.00502	0.00154	0.00437	0.00599	0.00496	0.04053

[dist]
# distance from previous block
# <min> <max>
0	13

[block]
# block no. 9 follows, 50 sequences, length 8
# corresponding to MSA columns:
# 957-964
name=unknown_J
#
# <colnr> <probs for GDERKNQSTAVLIFYWHMCP>
#	G	D	E	R	K	N	Q	S	T	A	V	L	I	F	Y	W	H	M	C	P
0	0.01097	0.26112	0.57222	0.01254	0.01900	0.01397	0.01552	0.01553	0.01041	0.01459	0.00835	0.00978	0.00634	0.00460	0.00428	0.00143	0.00677	0.00338	0.00211	0.00708
1	0.01340	0.01120	0.01183	0.01035	0.01334	0.01286	0.00813	0.14085	0.66874	0.02246	0.01902	0.01759	0.01419	0.00664	0.00506	0.00166	0.00418	0.00546	0.00506	0.00798
2	0.01810	0.01354	0.01448	0.01130	0.01513	0.01506	0.00927	0.67965	0.12228	0.03004	0.01305	0.01283	0.00935	0.00608	0.00500	0.00152	0.00528	0.00464	0.00500	0.00840
3	0.01534	0.01217	0.01293	0.01074	0.01408	0.01377	0.00860	0.36405	0.44237	0.02560	0.01655	0.01562	0.01219	0.00641	0.00503	0.00160	0.00464	0.00512	0.00503	0.00815
4	0.01249	0.24209	0.44945	0.01217	0.01810	0.01448	0.01414	0.15061	0.01271	0.01745	0.00893	0.01009	0.00672	0.00483	0.00436	0.00142	0.00648	0.00355	0.00262	0.00730
5	0.01159	0.02369	0.65991	0.01372	0.02049	0.01226	0.01683	0.15084	0.01281	0.01856	0.00948	0.01078	0.00670	0.00496	0.00478	0.00156	0.00703	0.00383	0.00262	0.00756
6	0.01054	0.15484	0.01581	0.50385	0.02558	0.07479	0.01140	0.01327	0.01085	0.01344	0.10815	0.01506	0.01173	0.00553	0.00474	0.00151	0.00605	0.00460	0.00265	0.00560
7	0.01271	0.06710	0.01938	0.26119	0.21496	0.17629	0.14812	0.01557	0.01150	0.01401	0.00884	0.01185	0.00705	0.00470	0.00491	0.00150	0.00718	0.00432	0.00240	0.00644

[dist]
# distance from previous block
# <min> <max>
2	4

[block]
# block no. 10 follows, 50 sequences, length 16
# corresponding to MSA columns:
# 969-984
name=unknown_K
#
# <colnr> <probs for GDERKNQSTAVLIFYWHMCP>
#	G	D	E	R	K	N	Q	S	T	A	V	L	I	F	Y	W	H	M	C	P
0	0.01711	0.01429	0.01470	0.01173	0.01518	0.12615	0.05327	0.54329	0.01995	0.02580	0.01291	0.09815	0.01075	0.00679	0.00512	0.00153	0.00587	0.00542	0.00446	0.00752
1	0.01171	0.01101	0.01432	0.01359	0.09621	0.05831	0.02875	0.10195	0.01129	0.01594	0.10429	0.03078	0.01270	0.00910	0.04711	0.00211	0.39086	0.00512	0.00307	0.03177
2	0.01341	0.01138	0.01845	0.02633	0.63594	0.01141	0.01374	0.01732	0.08529	0.10017	0.01151	0.01343	0.00907	0.00485	0.00496	0.00151	0.00555	0.00462	0.00311	0.00796
3	0.04083	0.01326	0.01327	0.01266	0.09693	0.13489	0.00906	0.25730	0.23383	0.03624	0.08754	0.01579	0.01364	0.00627	0.00496	0.00153	0.00527	0.00499	0.00438	0.00738
4	0.01213	0.01163	0.01986	0.08575	0.74019	0.01179	0.01519	0.01512	0.01125	0.01603	0.00934	0.01240	0.00781	0.00448	0.00494	0.00149	0.00597	0.00444	0.00245	0.00773
5	0.00986	0.00921	0.01508	0.63405	0.12194	0.01069	0.01317	0.01302	0.01017	0.01353	0.00892	0.01286	0.00687	0.00478	0.00484	0.00154	0.00624	0.00427	0.00232	0.09663
6	0.01855	0.00810	0.01074	0.00841	0.01198	0.00686	0.00679	0.02041	0.01308	0.57875	0.01864	0.10181	0.01369	0.00675	0.00493	0.00146	0.00400	0.00564	0.00545	0.15397
7	0.01034	0.00886	0.01034	0.00738	0.01181	0.00664	0.00591	0.01255	0.01034	0.01624	0.00886	0.01034	0.00738	0.00369	0.00369	0.00074	0.00369	0.00295	0.00295	0.85530
8	0.01086	0.00917	0.01062	0.00763	0.01203	0.00718	0.00612	0.05874	0.01113	0.01716	0.00905	0.01043	0.00745	0.00383	0.00377	0.00078	0.00380	0.00305	0.00308	0.80414
9	0.00641	0.00489	0.00589	0.00603	0.00715	0.00437	0.00437	0.00801	0.01201	0.01591	0.34427	0.24150	0.29633	0.01240	0.00601	0.00172	0.00255	0.01084	0.00498	0.00437
10	0.01034	0.00886	0.01034	0.00738	0.01181	0.00664	0.00591	0.01255	0.01034	0.01624	0.00886	0.01034	0.00738	0.00369	0.00369	0.00074	0.00369	0.00295	0.00295	0.85530
11	0.01239	0.01001	0.01059	0.01032	0.05870	0.10222	0.00740	0.03852	0.18698	0.10996	0.01834	0.22477	0.01729	0.00851	0.00521	0.00159	0.00446	0.04155	0.00431	0.12690
12	0.07194	0.03288	0.01248	0.01050	0.01351	0.32673	0.00817	0.10083	0.17155	0.04134	0.05848	0.01329	0.01111	0.00568	0.00455	0.00137	0.00602	0.00417	0.00369	0.10169
13	0.01007	0.00956	0.00967	0.00899	0.05459	0.11959	0.00643	0.01194	0.01155	0.01543	0.12687	0.10393	0.12236	0.00754	0.00483	0.00127	0.00416	0.02430	0.00367	0.34323
14	0.01038	0.06799	0.03627	0.03278	0.01276	0.00902	0.00738	0.01253	0.01016	0.01542	0.06021	0.01213	0.00976	0.00498	0.00575	0.00108	0.12441	0.00361	0.00290	0.56047
15	0.22004	0.01307	0.01260	0.18602	0.06151	0.18998	0.00941	0.10644	0.01266	0.09667	0.00975	0.01125	0.00727	0.00512	0.00436	0.00148	0.00594	0.00377	0.01752	0.02514

[dist]
# distance from previous block
# <min> <max>
7	43

[block]
# block no. 11 follows, 50 sequences, length 6
# corresponding to MSA columns:
# 1028-1033
name=unknown_L
#
# <colnr> <probs for GDERKNQSTAVLIFYWHMCP>
#	G	D	E	R	K	N	Q	S	T	A	V	L	I	F	Y	W	H	M	C	P
0	0.13889	0.24415	0.01835	0.01294	0.07078	0.06254	0.00981	0.14102	0.05824	0.08646	0.01390	0.01628	0.01154	0.01023	0.07725	0.00259	0.00707	0.00492	0.00454	0.00848
1	0.09951	0.07692	0.01472	0.15319	0.11872	0.32419	0.01025	0.01687	0.05083	0.01455	0.00900	0.01101	0.00730	0.00511	0.00470	0.00142	0.02868	0.00371	0.04324	0.00606
2	0.24591	0.00947	0.06184	0.04843	0.01166	0.00916	0.00697	0.13820	0.01255	0.07581	0.08238	0.06304	0.01353	0.00640	0.00427	0.00149	0.00399	0.00499	0.19396	0.00595
3	0.20117	0.01060	0.01473	0.11990	0.21583	0.01293	0.01118	0.01354	0.00908	0.01552	0.00766	0.01095	0.00665	0.00622	0.00897	0.00179	0.32072	0.00402	0.00246	0.00608
4	0.12365	0.01356	0.05047	0.01126	0.01435	0.13419	0.07728	0.25929	0.01545	0.02147	0.13182	0.01635	0.01409	0.00656	0.00575	0.00158	0.06352	0.02895	0.00388	0.00653
5	0.06099	0.01478	0.01322	0.01272	0.08467	0.24786	0.00924	0.26058	0.07489	0.02022	0.01323	0.07320	0.01172	0.00696	0.00501	0.00156	0.00610	0.07243	0.00388	0.00675

[dist]
# distance from previous block
# <min> <max>
12	46

[block]
# block no. 12 follows, 50 sequences, length 35
# corresponding to MSA columns:
# 1088-1122
name=unknown_M
#
# <colnr> <probs for GDERKNQSTAVLIFYWHMCP>
#	G	D	E	R	K	N	Q	S	T	A	V	L	I	F	Y	W	H	M	C	P
0	0.03701	0.13793	0.18901	0.01100	0.01561	0.15904	0.04882	0.01723	0.01175	0.14852	0.01023	0.01101	0.00762	0.00475	0.00432	0.00128	0.00607	0.00361	0.00310	0.17208
1	0.20833	0.01196	0.03206	0.00939	0.01264	0.09759	0.00773	0.18988	0.08541	0.18537	0.06595	0.01548	0.01218	0.02196	0.00500	0.00160	0.00490	0.02117	0.00446	0.00695
2	0.14337	0.09655	0.01368	0.01063	0.01368	0.31192	0.00843	0.11597	0.20469	0.01825	0.01116	0.01151	0.00870	0.00548	0.00436	0.00143	0.00616	0.00384	0.00353	0.00665
3	0.86003	0.00964	0.00733	0.00655	0.00964	0.01118	0.00540	0.01465	0.00848	0.02236	0.00694	0.00810	0.00540	0.00463	0.00308	0.00154	0.00386	0.00270	0.00308	0.00540
4	0.01333	0.82783	0.02612	0.00853	0.01279	0.01972	0.00853	0.01493	0.01013	0.01173	0.00693	0.00800	0.00640	0.00426	0.00320	0.00107	0.00533	0.00267	0.00213	0.00640
