[name]
unknown

[dist]
# distance from previous block
# <min> <max>
0	19

[block]
# block no. 0 follows, 47 sequences, length 31
# corresponding to MSA columns:
# 394-399,401-425
name=unknown_A
#
# <colnr> <probs for GDERKNQSTAVLIFYWHMCP>
#	G	D	E	R	K	N	Q	S	T	A	V	L	I	F	Y	W	H	M	C	P
0	0.00933	0.00767	0.01160	0.28703	0.05206	0.00877	0.00996	0.06253	0.01111	0.01484	0.01628	0.13980	0.01614	0.01646	0.19694	0.00348	0.00762	0.11956	0.00339	0.00545
1	0.07869	0.00631	0.00764	0.00706	0.00872	0.00616	0.00538	0.01241	0.06481	0.07245	0.58330	0.06708	0.04025	0.00989	0.00581	0.00166	0.00285	0.00859	0.00551	0.00543
2	0.01098	0.00942	0.01088	0.00795	0.01244	0.00744	0.00634	0.01432	0.07393	0.01737	0.01024	0.01151	0.00839	0.00412	0.00398	0.00085	0.00388	0.00332	0.00327	0.77939
3	0.01266	0.51959	0.21620	0.01046	0.01530	0.05058	0.01121	0.01535	0.01081	0.01342	0.00958	0.07557	0.00896	0.00560	0.00408	0.00134	0.00606	0.00407	0.00246	0.00671
4	0.00879	0.00681	0.00705	0.00714	0.00844	0.07004	0.00517	0.01027	0.01207	0.06172	0.17307	0.32610	0.21188	0.01243	0.00602	0.00180	0.00340	0.01080	0.05216	0.00486
5	0.00679	0.00561	0.00608	0.00574	0.00763	0.00471	0.00434	0.00842	0.01237	0.01571	0.19924	0.04456	0.56744	0.01189	0.00596	0.00165	0.00270	0.01001	0.00488	0.07425
6	0.00646	0.00560	0.00613	0.07129	0.00942	0.00499	0.00482	0.00796	0.01175	0.01401	0.04916	0.04712	0.71833	0.01253	0.00608	0.00176	0.00299	0.01047	0.00463	0.00451
7	0.00882	0.00481	0.00512	0.00537	0.00643	0.00470	0.00390	0.01087	0.01078	0.01785	0.02141	0.18463	0.06089	0.00858	0.00440	0.00143	0.00256	0.00725	0.62550	0.00470
8	0.17185	0.00894	0.00915	0.00785	0.00991	0.00969	0.00586	0.24256	0.01375	0.02096	0.07114	0.02208	0.01526	0.30484	0.01265	0.00284	0.00471	0.00576	0.05458	0.00561
9	0.00675	0.00517	0.00548	0.00550	0.00651	0.00467	0.00367	0.00755	0.01015	0.01257	0.05019	0.05749	0.44707	0.33841	0.01440	0.00309	0.00362	0.00965	0.00417	0.00390
10	0.00684	0.00525	0.00605	0.00591	0.00720	0.00469	0.00428	0.00847	0.01251	0.01643	0.35355	0.06188	0.36508	0.10880	0.00861	0.00211	0.00286	0.01001	0.00501	0.00446
11	0.00652	0.00526	0.00581	0.00574	0.00728	0.00454	0.00428	0.00816	0.01264	0.01605	0.26748	0.07936	0.53348	0.01257	0.00617	0.00174	0.00260	0.01069	0.00510	0.00454
12	0.07086	0.00657	0.00773	0.00700	0.00899	0.00628	0.00540	0.01358	0.06625	0.14150	0.36327	0.05941	0.15659	0.00967	0.00561	0.00165	0.00305	0.00822	0.05265	0.00571
13	0.01607	0.01179	0.01283	0.01080	0.01420	0.01313	0.00861	0.22245	0.48159	0.12097	0.01882	0.01739	0.01366	0.00677	0.00527	0.00169	0.00458	0.00549	0.00542	0.00848
14	0.00656	0.00487	0.00592	0.00649	0.00723	0.00445	0.00443	0.00765	0.01073	0.01402	0.12302	0.44053	0.22066	0.10790	0.00877	0.00231	0.00309	0.01237	0.00475	0.00423
15	0.07258	0.00744	0.00823	0.00833	0.00992	0.00801	0.00610	0.01539	0.29174	0.01723	0.02577	0.41469	0.07035	0.01186	0.00586	0.00193	0.00348	0.01039	0.00488	0.00582
16	0.00729	0.00539	0.00639	0.00615	0.00756	0.00492	0.00461	0.00965	0.03068	0.01862	0.47582	0.05617	0.26239	0.01109	0.00595	0.00165	0.00256	0.00957	0.06871	0.00482
17	0.00668	0.00530	0.00600	0.00582	0.00735	0.00462	0.00437	0.00848	0.01310	0.01699	0.36496	0.04531	0.46836	0.01210	0.00615	0.00171	0.00256	0.01032	0.00522	0.00462
18	0.01051	0.01023	0.01589	0.25543	0.02080	0.01334	0.05882	0.01265	0.00904	0.01298	0.00863	0.01337	0.00765	0.01110	0.10332	0.00279	0.42059	0.00480	0.00237	0.00568
19	0.00704	0.00487	0.00583	0.00628	0.00650	0.00471	0.00387	0.00750	0.00882	0.01171	0.03927	0.33264	0.05577	0.46161	0.01767	0.00372	0.00412	0.01051	0.00392	0.00365
20	0.05531	0.00548	0.00642	0.00630	0.00716	0.00531	0.00427	0.00922	0.01083	0.03666	0.28023	0.12712	0.07597	0.33124	0.01410	0.00305	0.00371	0.00893	0.00443	0.00425
21	0.01820	0.01365	0.01458	0.01144	0.01532	0.01510	0.00936	0.63512	0.11446	0.03043	0.01581	0.01545	0.05315	0.00674	0.00527	0.00160	0.00536	0.00519	0.00520	0.00853
22	0.01522	0.37183	0.02283	0.01271	0.01637	0.24410	0.12456	0.03779	0.01221	0.01366	0.00809	0.00991	0.00695	0.00518	0.00545	0.00139	0.07905	0.00367	0.00251	0.00652
23	0.00677	0.00554	0.00603	0.00623	0.00769	0.00502	0.00454	0.00904	0.06899	0.01475	0.07544	0.23872	0.50589	0.01340	0.00621	0.00184	0.00284	0.01150	0.00491	0.00467
24	0.00683	0.00507	0.00643	0.00739	0.00798	0.00490	0.00504	0.00880	0.06769	0.01398	0.02949	0.71084	0.07512	0.01544	0.00652	0.00207	0.00308	0.01392	0.00487	0.00454
25	0.01007	0.00945	0.01463	0.37088	0.05612	0.01209	0.01204	0.01251	0.00970	0.01353	0.05538	0.01525	0.01018	0.01061	0.09815	0.00265	0.27352	0.00500	0.00257	0.00568
26	0.04923	0.08370	0.32365	0.01089	0.01575	0.01058	0.01175	0.04865	0.03856	0.16254	0.04532	0.07273	0.08002	0.01736	0.00536	0.00168	0.00554	0.00572	0.00384	0.00712
27	0.01557	0.01112	0.01231	0.01018	0.01314	0.01220	0.00802	0.36270	0.18663	0.08329	0.01606	0.03454	0.01303	0.12689	0.06793	0.00264	0.00574	0.00569	0.00484	0.00748
28	0.00644	0.00457	0.00602	0.00713	0.00741	0.00429	0.00471	0.00728	0.00979	0.01305	0.02778	0.75488	0.03328	0.07661	0.00814	0.00234	0.00317	0.01426	0.00471	0.00415
29	0.47759	0.02834	0.01070	0.00869	0.01218	0.08192	0.00711	0.12315	0.01283	0.17775	0.01074	0.01098	0.00767	0.00540	0.00404	0.00157	0.00486	0.00362	0.00408	0.00680
30	0.49575	0.16240	0.07677	0.00851	0.01238	0.05707	0.00783	0.01681	0.01031	0.09904	0.00884	0.00966	0.00672	0.00497	0.00368	0.00151	0.00496	0.00318	0.00326	0.00636

[dist]
# distance from previous block
# <min> <max>
0	18

[block]
# block no. 1 follows, 47 sequences, length 15
# corresponding to MSA columns:
# 444-458
name=unknown_B
#
# <colnr> <probs for GDERKNQSTAVLIFYWHMCP>
#	G	D	E	R	K	N	Q	S	T	A	V	L	I	F	Y	W	H	M	C	P
0	0.01030	0.01111	0.08376	0.01011	0.01291	0.09487	0.04895	0.02957	0.01038	0.01424	0.01176	0.01630	0.01046	0.05093	0.37955	0.00474	0.00995	0.00473	0.00285	0.18255
1	0.01379	0.09905	0.07205	0.07718	0.09519	0.10084	0.06522	0.04340	0.06296	0.10135	0.01197	0.02925	0.00959	0.00885	0.08232	0.00217	0.03663	0.00465	0.00331	0.08022
2	0.01173	0.01174	0.04895	0.05278	0.09168	0.01116	0.23282	0.06292	0.14906	0.01835	0.05749	0.08797	0.01402	0.00652	0.00571	0.00164	0.01933	0.00628	0.00365	0.10619
3	0.01321	0.27311	0.22179	0.01260	0.01670	0.12947	0.03786	0.01645	0.03983	0.01400	0.00847	0.01043	0.00709	0.00577	0.00696	0.00157	0.17182	0.00374	0.00243	0.00672
4	0.00942	0.00621	0.00876	0.02797	0.02567	0.00582	0.03393	0.01157	0.03275	0.10907	0.25424	0.37772	0.03302	0.01193	0.00614	0.00184	0.00344	0.01074	0.00508	0.02470
5	0.01427	0.01184	0.01252	0.01086	0.01404	0.01357	0.00856	0.16966	0.63097	0.02390	0.01953	0.01810	0.01454	0.00691	0.00528	0.00173	0.00443	0.00566	0.00528	0.00836
6	0.00634	0.00453	0.00604	0.00725	0.00755	0.00423	0.00483	0.00725	0.00997	0.01329	0.02870	0.81358	0.03444	0.01632	0.00665	0.00211	0.00302	0.01480	0.00483	0.00423
7	0.01997	0.01431	0.01546	0.01185	0.01601	0.01574	0.00979	0.73167	0.02403	0.06893	0.01289	0.01275	0.00905	0.00626	0.00521	0.00157	0.00567	0.00471	0.00527	0.00886
8	0.01212	0.01471	0.07799	0.02100	0.02611	0.01327	0.67309	0.01642	0.01195	0.01642	0.01024	0.01369	0.00776	0.00471	0.00673	0.00178	0.05654	0.00590	0.00259	0.00699
9	0.00633	0.00460	0.00597	0.00707	0.00751	0.00424	0.00476	0.00727	0.01014	0.01336	0.03087	0.74474	0.10189	0.01603	0.00660	0.00208	0.00299	0.01446	0.00483	0.00424
10	0.00794	0.00580	0.00678	0.00646	0.00809	0.00531	0.00487	0.01061	0.06156	0.05392	0.36617	0.08234	0.33774	0.01154	0.00608	0.00172	0.00276	0.00991	0.00533	0.00507
11	0.01205	0.39328	0.43773	0.01210	0.01830	0.01603	0.01447	0.01608	0.01080	0.01453	0.00837	0.00977	0.00664	0.00472	0.00421	0.00140	0.00671	0.00336	0.00221	0.00723
12	0.10987	0.01182	0.01642	0.10202	0.06166	0.01236	0.12662	0.24146	0.04239	0.20348	0.01330	0.01394	0.00930	0.00567	0.00514	0.00163	0.00581	0.00487	0.00441	0.00782
13	0.01171	0.01201	0.02233	0.05050	0.19597	0.01237	0.33971	0.01570	0.05454	0.01683	0.09562	0.01647	0.01281	0.00594	0.00728	0.00176	0.11258	0.00588	0.00305	0.00692
14	0.02028	0.01453	0.01506	0.01170	0.01574	0.07254	0.00959	0.60652	0.02240	0.13876	0.01332	0.01302	0.00927	0.00621	0.00518	0.00155	0.00582	0.00467	0.00520	0.00865

[dist]
# distance from previous block
# <min> <max>
0	1

[block]
# block no. 2 follows, 47 sequences, length 39
# corresponding to MSA columns:
# 460-498
name=unknown_C
#
# <colnr> <probs for GDERKNQSTAVLIFYWHMCP>
#	G	D	E	R	K	N	Q	S	T	A	V	L	I	F	Y	W	H	M	C	P
0	0.01448	0.01288	0.01994	0.04622	0.55619	0.01330	0.03663	0.19884	0.01491	0.02076	0.01046	0.01285	0.00835	0.00504	0.00520	0.00156	0.00617	0.00470	0.00321	0.00830
1	0.01148	0.23973	0.54580	0.01361	0.02031	0.01444	0.05474	0.01626	0.01095	0.01536	0.00884	0.01044	0.00669	0.00479	0.00458	0.00151	0.00718	0.00368	0.00223	0.00739
2	0.00744	0.00558	0.00837	0.00837	0.00930	0.00651	0.00651	0.00930	0.00837	0.01209	0.01395	0.02046	0.01302	0.03906	0.79635	0.00837	0.01395	0.00558	0.00279	0.00465
3	0.06086	0.01228	0.01373	0.01077	0.01470	0.01307	0.00883	0.42347	0.11337	0.25068	0.01566	0.01468	0.01074	0.00634	0.00513	0.00160	0.00507	0.00490	0.00548	0.00862
4	0.00905	0.00452	0.00678	0.00678	0.00678	0.00452	0.00452	0.00678	0.00678	0.00905	0.00905	0.01583	0.00905	0.01809	0.02035	0.84848	0.00452	0.00452	0.00226	0.00226
5	0.00857	0.00522	0.00669	0.00710	0.00802	0.00477	0.00492	0.00960	0.01067	0.10867	0.04742	0.53249	0.11540	0.09449	0.00839	0.00229	0.00334	0.01234	0.00489	0.00473
6	0.00633	0.00458	0.00600	0.00713	0.00752	0.00424	0.00478	0.00726	0.01009	0.01334	0.03017	0.76702	0.08006	0.01612	0.00662	0.00209	0.00300	0.01457	0.00483	0.00424
7	0.01141	0.01086	0.01846	0.40653	0.42150	0.01198	0.01525	0.01468	0.01116	0.01522	0.00953	0.01337	0.00762	0.00491	0.00518	0.00164	0.00655	0.00463	0.00245	0.00705
8	0.00634	0.00453	0.00604	0.00725	0.00755	0.00423	0.00483	0.00725	0.00997	0.01329	0.02870	0.81358	0.03444	0.01632	0.00665	0.00211	0.00302	0.01480	0.00483	0.00423
9	0.00960	0.00681	0.00833	0.00854	0.00998	0.00690	0.00654	0.07884	0.10462	0.05457	0.02740	0.39141	0.08038	0.01318	0.00637	0.00203	0.00382	0.17019	0.00499	0.00549
10	0.00822	0.00552	0.00696	0.00654	0.00802	0.00498	0.00492	0.01035	0.01398	0.07317	0.55467	0.07748	0.18333	0.01111	0.00611	0.00168	0.00266	0.00968	0.00557	0.00506
11	0.01945	0.02482	0.01476	0.01342	0.01610	0.79608	0.01006	0.02079	0.01476	0.01275	0.00805	0.00939	0.00671	0.00537	0.00470	0.00134	0.00939	0.00335	0.00268	0.00604
12	0.00918	0.00549	0.00592	0.00599	0.00724	0.00556	0.00441	0.01256	0.08947	0.01849	0.06822	0.16148	0.04634	0.00851	0.00458	0.00147	0.00271	0.00721	0.53009	0.00508
13	0.00740	0.00508	0.00563	0.00563	0.00585	0.00497	0.00325	0.00756	0.00810	0.01059	0.02088	0.03605	0.11296	0.71799	0.02400	0.00464	0.00475	0.00799	0.00336	0.00331
14	0.85377	0.01007	0.00765	0.00685	0.01007	0.01168	0.00564	0.01531	0.00886	0.02336	0.00725	0.00846	0.00564	0.00483	0.00322	0.00161	0.00403	0.00282	0.00322	0.00564
15	0.00744	0.00558	0.00837	0.00837	0.00930	0.00651	0.00651	0.00930	0.00837	0.01209	0.01395	0.02046	0.01302	0.03906	0.79635	0.00837	0.01395	0.00558	0.00279	0.00465
16	0.01498	0.01099	0.01213	0.01016	0.01295	0.01188	0.00797	0.49229	0.01917	0.02563	0.01834	0.25208	0.03345	0.04459	0.00658	0.00188	0.00483	0.00795	0.00500	0.00714
17	0.01139	0.00535	0.00574	0.00540	0.00696	0.00520	0.00413	0.01377	0.01141	0.11408	0.01743	0.01921	0.01329	0.00611	0.00384	0.00126	0.00267	0.00490	0.74251	0.00535
18	0.00685	0.00521	0.00631	0.00623	0.00751	0.00466	0.00460	0.00875	0.01323	0.01775	0.45430	0.13792	0.28341	0.01216	0.00621	0.00174	0.00258	0.01059	0.00533	0.00466
19	0.00741	0.00498	0.00573	0.00589	0.00593	0.00494	0.00338	0.00753	0.00789	0.01053	0.01806	0.13852	0.02101	0.70970	0.02385	0.00466	0.00478	0.00854	0.00338	0.00330
20	0.00706	0.00525	0.00657	0.00637	0.00762	0.00476	0.00473	0.00917	0.01380	0.01897	0.58170	0.10704	0.18452	0.01160	0.00619	0.00170	0.00254	0.01017	0.00549	0.00476
21	0.01080	0.00926	0.01080	0.00771	0.01234	0.00694	0.00617	0.01311	0.01080	0.01697	0.00926	0.01080	0.00771	0.00386	0.00386	0.00077	0.00386	0.00309	0.00309	0.84882
22	0.83184	0.01004	0.00777	0.00691	0.01016	0.01158	0.00569	0.01557	0.00902	0.04356	0.00760	0.00870	0.00583	0.00488	0.00328	0.00161	0.00404	0.00288	0.00331	0.00572
23	0.00724	0.00529	0.00715	0.00716	0.00802	0.00546	0.00524	0.00889	0.01052	0.01467	0.24639	0.11931	0.06816	0.13495	0.32240	0.00484	0.00745	0.00833	0.00406	0.00446
24	0.00652	0.00464	0.00610	0.00708	0.00744	0.00435	0.00472	0.00749	0.01021	0.01372	0.09211	0.69316	0.03462	0.07162	0.00799	0.00228	0.00311	0.01384	0.00479	0.00421
25	0.00620	0.00528	0.00534	0.00533	0.00706	0.00442	0.00400	0.00757	0.01199	0.01434	0.08234	0.04966	0.75263	0.01309	0.00615	0.00175	0.00263	0.01093	0.00487	0.00442
26	0.00744	0.00558	0.00837	0.00837	0.00930	0.00651	0.00651	0.00930	0.00837	0.01209	0.01395	0.02046	0.01302	0.03906	0.79635	0.00837	0.01395	0.00558	0.00279	0.00465
27	0.01285	0.01249	0.02181	0.03127	0.73174	0.01243	0.06821	0.01603	0.01189	0.01699	0.00985	0.01297	0.00822	0.00462	0.00522	0.00156	0.00637	0.00474	0.00258	0.00816
28	0.00744	0.00558	0.00837	0.00837	0.00930	0.00651	0.00651	0.00930	0.00837	0.01209	0.01395	0.02046	0.01302	0.03906	0.79635	0.00837	0.01395	0.00558	0.00279	0.00465
29	0.01333	0.00837	0.01005	0.00860	0.01111	0.00848	0.00676	0.10619	0.17366	0.18234	0.37454	0.02733	0.02993	0.00851	0.00567	0.00165	0.00360	0.00726	0.00573	0.00689
30	0.17606	0.01163	0.01908	0.09189	0.36055	0.01190	0.15846	0.01618	0.01147	0.06339	0.02499	0.01313	0.00863	0.00490	0.00500	0.00162	0.00616	0.00471	0.00298	0.00726
31	0.01053	0.00990	0.01638	0.64259	0.13459	0.01200	0.01441	0.02892	0.01076	0.01416	0.00926	0.01359	0.00715	0.00536	0.00584	0.00174	0.04963	0.00463	0.00241	0.00617
32	0.01205	0.00997	0.01067	0.00948	0.01217	0.01106	0.00739	0.10732	0.48158	0.02187	0.12682	0.02548	0.12517	0.00830	0.00552	0.00172	0.00388	0.00693	0.00528	0.00734
33	0.04145	0.01635	0.01750	0.05999	0.34854	0.28224	0.01286	0.03249	0.01247	0.01534	0.00878	0.01140	0.00741	0.00551	0.00641	0.00158	0.10593	0.00413	0.00264	0.00698
34	0.00744	0.00558	0.00837	0.00837	0.00930	0.00651	0.00651	0.00930	0.00837	0.01209	0.01395	0.02046	0.01302	0.03906	0.79635	0.00837	0.01395	0.00558	0.00279	0.00465
35	0.00665	0.00477	0.00637	0.00754	0.00802	0.00450	0.00534	0.00779	0.01033	0.01366	0.02923	0.67838	0.05539	0.01594	0.00671	0.00215	0.00328	0.12480	0.00483	0.00432
36	0.01146	0.06776	0.74138	0.01503	0.02254	0.01296	0.01891	0.01699	0.01150	0.01704	0.01008	0.01202	0.00741	0.00548	0.00522	0.00177	0.00783	0.00407	0.00250	0.00805
37	0.01016	0.00953	0.01604	0.66438	0.13911	0.01141	0.01429	0.01354	0.01079	0.01413	0.04068	0.01476	0.00884	0.00535	0.00524	0.00171	0.00665	0.00482	0.00249	0.00609
38	0.28396	0.01326	0.01262	0.01013	0.01381	0.05250	0.00830	0.46138	0.01850	0.02829	0.01080	0.01135	0.00791	0.00575	0.00449	0.00155	0.00524	0.00404	0.03857	0.00754

[dist]
# distance from previous block
# <min> <max>
0	2

[block]
# block no. 3 follows, 47 sequences, length 20
# corresponding to MSA columns:
# 503-522
name=unknown_D
#
# <colnr> <probs for GDERKNQSTAVLIFYWHMCP>
#	G	D	E	R	K	N	Q	S	T	A	V	L	I	F	Y	W	H	M	C	P
0	0.01362	0.27112	0.36061	0.01284	0.01834	0.19393	0.03032	0.01720	0.01176	0.01433	0.00843	0.00988	0.00668	0.00488	0.00442	0.00142	0.00745	0.00346	0.00233	0.00699
1	0.01179	0.01152	0.02010	0.26906	0.42661	0.01243	0.09271	0.01501	0.01121	0.01555	0.00952	0.01322	0.00772	0.00507	0.00601	0.00167	0.05631	0.00479	0.00248	0.00720
2	0.01695	0.01448	0.01429	0.06080	0.01653	0.11463	0.00967	0.38882	0.26207	0.02552	0.01451	0.01440	0.01071	0.00633	0.00517	0.00161	0.00576	0.00490	0.00474	0.00811
3	0.00928	0.00701	0.00939	0.00863	0.00952	0.00787	0.02310	0.01054	0.00926	0.04514	0.01702	0.16696	0.03973	0.18463	0.11907	0.00341	0.18364	0.00742	0.08781	0.05059
4	0.00644	0.00474	0.00584	0.00667	0.00724	0.00435	0.00447	0.00733	0.01010	0.01311	0.03236	0.57026	0.18807	0.10276	0.00870	0.00236	0.00316	0.01323	0.00465	0.00415
5	0.01392	0.01122	0.01466	0.01195	0.01427	0.01310	0.05051	0.26715	0.01430	0.05022	0.01106	0.01394	0.00910	0.01345	0.16695	0.00311	0.25370	0.00483	0.00360	0.05896
6	0.08250	0.01221	0.01283	0.10036	0.06351	0.11505	0.00918	0.15586	0.13545	0.11346	0.05605	0.02894	0.01334	0.05122	0.00629	0.00182	0.00555	0.02505	0.00429	0.00704
7	0.01518	0.00694	0.00918	0.00797	0.01047	0.00609	0.00619	0.01691	0.01334	0.41155	0.12683	0.21845	0.10829	0.01016	0.00580	0.00175	0.00363	0.00876	0.00578	0.00671
8	0.00683	0.00530	0.00621	0.00598	0.00745	0.00468	0.00449	0.00878	0.01347	0.01786	0.45796	0.04388	0.37481	0.01178	0.00615	0.00169	0.00254	0.01012	0.00533	0.00468
9	0.01442	0.01469	0.01694	0.23172	0.27864	0.20869	0.01302	0.10362	0.01364	0.01686	0.00974	0.01243	0.00773	0.00520	0.00502	0.00154	0.00703	0.00433	0.02775	0.00700
10	0.00930	0.00653	0.00801	0.00814	0.00914	0.00671	0.00626	0.09326	0.01144	0.01509	0.02101	0.04280	0.02279	0.36536	0.01544	0.00347	0.00501	0.34159	0.00412	0.00453
11	0.00971	0.00485	0.00485	0.00485	0.00607	0.00485	0.00364	0.01213	0.01092	0.01942	0.01699	0.01942	0.01335	0.00607	0.00364	0.00121	0.00243	0.00485	0.84589	0.00485
12	0.00692	0.00520	0.00572	0.00572	0.00659	0.00488	0.00380	0.00767	0.00958	0.01205	0.03258	0.04016	0.36250	0.38940	0.08200	0.00384	0.00471	0.00895	0.00388	0.00384
13	0.17380	0.01289	0.01286	0.01156	0.05579	0.07500	0.00874	0.23239	0.25747	0.08559	0.01442	0.01414	0.01061	0.00610	0.00482	0.00162	0.00511	0.00465	0.00462	0.00780
14	0.69513	0.05644	0.05233	0.00775	0.01132	0.01243	0.00684	0.04683	0.03790	0.02270	0.00810	0.00916	0.00626	0.00496	0.00348	0.00159	0.00439	0.00306	0.00327	0.00604
15	0.01962	0.01884	0.01455	0.01230	0.01563	0.40593	0.00962	0.26170	0.06426	0.10989	0.01174	0.01197	0.00868	0.00588	0.00496	0.00147	0.00732	0.00416	0.00409	0.00741
16	0.17619	0.11955	0.18063	0.01088	0.01550	0.05646	0.01056	0.20787	0.08312	0.02172	0.01047	0.01121	0.00792	0.00533	0.00442	0.00149	0.00573	0.00383	0.00353	0.06358
17	0.31387	0.05505	0.01246	0.05408	0.05679	0.02403	0.00823	0.18004	0.08253	0.08255	0.01217	0.05550	0.00974	0.00607	0.00445	0.00159	0.00482	0.00456	0.00403	0.02743
18	0.05741	0.24221	0.10558	0.00973	0.01293	0.03368	0.00900	0.05605	0.07587	0.02979	0.01275	0.08213	0.01169	0.03219	0.18060	0.00311	0.03070	0.00515	0.00316	0.00625
19	0.05821	0.28217	0.25851	0.07443	0.06580	0.03267	0.01277	0.08440	0.01206	0.01669	0.00882	0.01042	0.00697	0.00485	0.00432	0.00141	0.00630	0.00358	0.00263	0.05301

[dist]
# distance from previous block
# <min> <max>
5	30

[block]
# block no. 4 follows, 47 sequences, length 44
# corresponding to MSA columns:
# 553-596
name=unknown_E
#
# <colnr> <probs for GDERKNQSTAVLIFYWHMCP>
#	G	D	E	R	K	N	Q	S	T	A	V	L	I	F	Y	W	H	M	C	P
0	0.10359	0.04792	0.01455	0.06986	0.22109	0.01139	0.01010	0.11043	0.09551	0.11999	0.07395	0.04666	0.03974	0.00657	0.00507	0.00162	0.00495	0.00554	0.00414	0.00735
1	0.23364	0.02743	0.06252	0.01308	0.10599	0.03344	0.04882	0.21652	0.05931	0.09081	0.01158	0.01235	0.00853	0.00546	0.00461	0.00156	0.00537	0.00424	0.02777	0.02697
2	0.14760	0.01029	0.01222	0.08798	0.04660	0.01095	0.00859	0.14139	0.14988	0.24193	0.07654	0.01685	0.01376	0.00641	0.00499	0.00164	0.00468	0.00514	0.00492	0.00761
3	0.10181	0.01069	0.01315	0.01193	0.09519	0.03063	0.02232	0.10944	0.06359	0.35198	0.01586	0.01522	0.02349	0.00585	0.00488	0.00151	0.00482	0.00472	0.00490	0.10803
4	0.04208	0.01185	0.01434	0.01232	0.07070	0.04217	0.05901	0.17842	0.14080	0.09941	0.02629	0.01403	0.01047	0.00561	0.00521	0.00142	0.02830	0.00458	0.00419	0.22879
5	0.07481	0.01290	0.01911	0.02685	0.60095	0.04476	0.01419	0.09026	0.03325	0.01898	0.01011	0.01256	0.00826	0.00491	0.00501	0.00155	0.00606	0.00449	0.00296	0.00803
6	0.04958	0.01045	0.01630	0.66968	0.03302	0.05248	0.06829	0.01403	0.01070	0.01399	0.00919	0.01341	0.00694	0.00514	0.00516	0.00171	0.00707	0.00459	0.00240	0.00588
7	0.07463	0.01180	0.01207	0.05173	0.01464	0.04908	0.00852	0.11176	0.52540	0.02230	0.04904	0.01786	0.01480	0.00678	0.00514	0.00170	0.00463	0.00549	0.00488	0.00776
8	0.01572	0.01290	0.01364	0.01239	0.06799	0.06214	0.00912	0.35102	0.25560	0.02457	0.01570	0.04883	0.01266	0.06553	0.00680	0.00189	0.00533	0.00560	0.00473	0.00784
9	0.01712	0.01079	0.01248	0.01004	0.01340	0.01112	0.00816	0.38612	0.01890	0.19607	0.10198	0.07745	0.03148	0.00793	0.00548	0.00163	0.00471	0.04060	0.00541	0.03911
10	0.01210	0.01366	0.04305	0.14533	0.02652	0.04222	0.51423	0.01660	0.05145	0.01600	0.01054	0.01389	0.00802	0.00500	0.00655	0.00177	0.05796	0.00563	0.00269	0.00679
11	0.01075	0.08163	0.71679	0.01488	0.04197	0.01269	0.01844	0.01642	0.01099	0.01621	0.00921	0.01086	0.00665	0.00491	0.00484	0.00161	0.00751	0.00380	0.00221	0.00764
12	0.01528	0.00707	0.00850	0.00725	0.00969	0.00674	0.00570	0.01857	0.08367	0.32618	0.04727	0.02015	0.01499	0.04402	0.00558	0.00162	0.00351	0.00540	0.36212	0.00669
13	0.00820	0.00558	0.00719	0.03952	0.00914	0.00523	0.00538	0.01000	0.01249	0.06648	0.33516	0.17895	0.16103	0.07647	0.00784	0.00207	0.00325	0.05610	0.00506	0.00485
14	0.00826	0.00760	0.01399	0.01198	0.01388	0.00711	0.24975	0.01029	0.01072	0.01438	0.02285	0.55618	0.02590	0.01248	0.00649	0.00200	0.00488	0.01202	0.00413	0.00513
15	0.00640	0.00457	0.00611	0.00732	0.00765	0.00428	0.00494	0.00735	0.01003	0.01336	0.02867	0.79175	0.03431	0.01626	0.00666	0.00212	0.00307	0.03605	0.00483	0.00425
16	0.04436	0.00646	0.00726	0.00724	0.00857	0.00664	0.00529	0.06227	0.09835	0.01762	0.09126	0.28384	0.07040	0.08240	0.00740	0.00206	0.00342	0.03150	0.15849	0.00516
17	0.00836	0.00497	0.00746	0.00746	0.00785	0.00537	0.00537	0.00785	0.00746	0.01034	0.01112	0.01779	0.01073	0.02698	0.34941	0.49224	0.00852	0.00497	0.00249	0.00327
18	0.01005	0.00518	0.00522	0.00510	0.00641	0.00524	0.00385	0.03779	0.01138	0.01987	0.01684	0.01918	0.01320	0.00607	0.00369	0.00123	0.00254	0.00485	0.81733	0.00499
19	0.00720	0.00489	0.00579	0.00616	0.00625	0.00480	0.00367	0.00747	0.00830	0.01107	0.02016	0.27177	0.02366	0.57284	0.02045	0.00415	0.00443	0.00978	0.00367	0.00348
20	0.41480	0.00800	0.00758	0.00707	0.00919	0.00874	0.00548	0.04919	0.01107	0.02058	0.18861	0.07961	0.02067	0.10239	0.00716	0.00209	0.00384	0.04467	0.00409	0.00519
21	0.85377	0.01007	0.00765	0.00685	0.01007	0.01168	0.00564	0.01531	0.00886	0.02336	0.00725	0.00846	0.00564	0.00483	0.00322	0.00161	0.00403	0.00282	0.00322	0.00564
22	0.00634	0.00453	0.00604	0.00725	0.00755	0.00423	0.00483	0.00725	0.00997	0.01329	0.02870	0.81358	0.03444	0.01632	0.00665	0.00211	0.00302	0.01480	0.00483	0.00423
23	0.00839	0.00599	0.00839	0.00959	0.01079	0.00599	0.00839	0.01079	0.01199	0.01558	0.02757	0.05874	0.02997	0.01439	0.00719	0.00240	0.00480	0.74945	0.00480	0.00480
24	0.26261	0.00716	0.00751	0.00676	0.00900	0.00719	0.00531	0.01295	0.01255	0.11170	0.34481	0.02903	0.14699	0.00881	0.00516	0.00165	0.00319	0.00719	0.00492	0.00552
25	0.01906	0.01388	0.01485	0.01147	0.01542	0.01533	0.00944	0.71239	0.02350	0.03185	0.01283	0.01300	0.00918	0.00624	0.00510	0.00154	0.00549	0.00470	0.06616	0.00857
26	0.00773	0.00600	0.00892	0.00875	0.00962	0.00719	0.00686	0.00953	0.00834	0.01212	0.01343	0.01980	0.01257	0.03689	0.73984	0.00793	0.07148	0.00551	0.00275	0.00473
27	0.00634	0.00453	0.00604	0.00725	0.00755	0.00423	0.00483	0.00725	0.00997	0.01329	0.02870	0.81358	0.03444	0.01632	0.00665	0.00211	0.00302	0.01480	0.00483	0.00423
28	0.01295	0.01119	0.01178	0.01060	0.01354	0.01295	0.00824	0.02767	0.77509	0.02178	0.02120	0.01943	0.01590	0.00707	0.00530	0.00177	0.00412	0.00589	0.00530	0.00824
29	0.00905	0.00452	0.00678	0.00678	0.00678	0.00452	0.00452	0.00678	0.00678	0.00905	0.00905	0.01583	0.00905	0.01809	0.02035	0.84848	0.00452	0.00452	0.00226	0.00226
30	0.85377	0.01007	0.00765	0.00685	0.01007	0.01168	0.00564	0.01531	0.00886	0.02336	0.00725	0.00846	0.00564	0.00483	0.00322	0.00161	0.00403	0.00282	0.00322	0.00564
31	0.00730	0.00527	0.00690	0.00660	0.00776	0.00487	0.00491	0.00965	0.01441	0.02036	0.72954	0.09261	0.04812	0.01104	0.00618	0.00167	0.00250	0.00979	0.00567	0.00487
32	0.00634	0.00453	0.00604	0.00725	0.00755	0.00423	0.00483	0.00725	0.00997	0.01329	0.02870	0.81358	0.03444	0.01632	0.00665	0.00211	0.00302	0.01480	0.00483	0.00423
33	0.01229	0.01405	0.03073	0.02195	0.02722	0.01317	0.76558	0.01668	0.01229	0.01668	0.01054	0.01405	0.00790	0.00439	0.00615	0.00176	0.00878	0.00615	0.00263	0.00702
34	0.01045	0.02694	0.79000	0.01484	0.02254	0.01209	0.01924	0.01649	0.01099	0.01649	0.00935	0.01099	0.00660	0.00495	0.00495	0.00165	0.00770	0.00385	0.00220	0.00770
35	0.01289	0.01237	0.02114	0.03196	0.78450	0.01237	0.01598	0.01598	0.01186	0.01701	0.00980	0.01289	0.00825	0.00464	0.00516	0.00155	0.00619	0.00464	0.00258	0.00825
36	0.00615	0.00528	0.00528	0.00528	0.00703	0.00440	0.00396	0.00747	0.01187	0.01407	0.05276	0.05012	0.78238	0.01319	0.00615	0.00176	0.00264	0.01099	0.00484	0.00440
37	0.00839	0.00599	0.00839	0.00959	0.01079	0.00599	0.00839	0.01079	0.01199	0.01558	0.02757	0.05874	0.02997	0.01439	0.00719	0.00240	0.00480	0.74945	0.00480	0.00480
38	0.01295	0.01119	0.01178	0.01060	0.01354	0.01295	0.00824	0.02767	0.77509	0.02178	0.02120	0.01943	0.01590	0.00707	0.00530	0.00177	0.00412	0.00589	0.00530	0.00824
39	0.01222	0.01376	0.02961	0.05447	0.06694	0.01306	0.69589	0.01651	0.01219	0.01656	0.01044	0.01398	0.00788	0.00444	0.00606	0.00174	0.00857	0.00601	0.00262	0.00704
40	0.01212	0.02145	0.41973	0.01681	0.09524	0.10874	0.08599	0.01632	0.01115	0.01544	0.00892	0.01133	0.00693	0.00561	0.00708	0.00172	0.14170	0.00420	0.00235	0.00715
41	0.00744	0.00558	0.00837	0.00837	0.00930	0.00651	0.00651	0.00930	0.00837	0.01209	0.01395	0.02046	0.01302	0.03906	0.79635	0.00837	0.01395	0.00558	0.00279	0.00465
42	0.00837	0.01265	0.26702	0.02411	0.01372	0.00772	0.03598	0.01137	0.01062	0.01504	0.12312	0.22353	0.02174	0.10007	0.09861	0.00291	0.00623	0.00811	0.00355	0.00553
43	0.23867	0.07739	0.01369	0.01109	0.01417	0.46353	0.00868	0.04702	0.01327	0.05656	0.00860	0.00962	0.00683	0.00525	0.00426	0.00142	0.00731	0.00332	0.00308	0.00623

[dist]
# distance from previous block
# <min> <max>
2	3

[block]
# block no. 5 follows, 47 sequences, length 32
# corresponding to MSA columns:
# 603-634
name=unknown_F
#
# <colnr> <probs for GDERKNQSTAVLIFYWHMCP>
#	G	D	E	R	K	N	Q	S	T	A	V	L	I	F	Y	W	H	M	C	P
0	0.55447	0.01089	0.01245	0.01579	0.28572	0.01193	0.00932	0.01555	0.00993	0.02110	0.00816	0.01004	0.00657	0.00477	0.00391	0.00159	0.00480	0.00347	0.00299	0.00657
1	0.01105	0.01774	0.32800	0.19011	0.10112	0.04419	0.11495	0.01588	0.03887	0.01621	0.06326	0.01439	0.01029	0.00539	0.00527	0.00166	0.00710	0.00484	0.00269	0.00700
2	0.01488	0.01268	0.01795	0.05590	0.34255	0.01309	0.04454	0.27592	0.03901	0.02244	0.01102	0.01281	0.00856	0.00520	0.00508	0.00149	0.00585	0.00458	0.00362	0.10284
3	0.01955	0.01217	0.01382	0.01081	0.01467	0.01286	0.00885	0.44409	0.09701	0.24793	0.05179	0.01594	0.01261	0.00660	0.00527	0.00160	0.00504	0.00519	0.00560	0.00861
4	0.01202	0.01191	0.01705	0.01949	0.28008	0.04740	0.01241	0.01377	0.00958	0.01394	0.00851	0.01325	0.00808	0.05810	0.01302	0.00216	0.44562	0.00472	0.00245	0.00644
5	0.00757	0.00505	0.00568	0.00568	0.00568	0.00505	0.00316	0.00757	0.00757	0.01010	0.01641	0.03408	0.01893	0.81698	0.02651	0.00505	0.00505	0.00757	0.00316	0.00316
6	0.01289	0.01237	0.02114	0.03196	0.78450	0.01237	0.01598	0.01598	0.01186	0.01701	0.00980	0.01289	0.00825	0.00464	0.00516	0.00155	0.00619	0.00464	0.00258	0.00825
7	0.01392	0.82012	0.02729	0.00891	0.01337	0.02061	0.00891	0.01559	0.01058	0.01225	0.00724	0.00835	0.00668	0.00446	0.00334	0.00111	0.00557	0.00278	0.00223	0.00668
8	0.01980	0.01459	0.01563	0.01198	0.01615	0.01615	0.00990	0.76713	0.02448	0.03282	0.01250	0.01250	0.00886	0.00625	0.00521	0.00156	0.00573	0.00469	0.00521	0.00886
9	0.01229	0.01405	0.03073	0.02195	0.02722	0.01317	0.76558	0.01668	0.01229	0.01668	0.01054	0.01405	0.00790	0.00439	0.00615	0.00176	0.00878	0.00615	0.00263	0.00702
10	0.00757	0.00505	0.00568	0.00568	0.00568	0.00505	0.00316	0.00757	0.00757	0.01010	0.01641	0.03408	0.01893	0.81698	0.02651	0.00505	0.00505	0.00757	0.00316	0.00316
11	0.00634	0.00453	0.00604	0.00725	0.00755	0.00423	0.00483	0.00725	0.00997	0.01329	0.02870	0.81358	0.03444	0.01632	0.00665	0.00211	0.00302	0.01480	0.00483	0.00423
12	0.00737	0.00532	0.00696	0.00655	0.00778	0.00491	0.00491	0.00983	0.01474	0.02088	0.78175	0.03890	0.04914	0.01065	0.00614	0.00164	0.00246	0.00942	0.00573	0.00491
13	0.00757	0.00505	0.00568	0.00568	0.00568	0.00505	0.00316	0.00757	0.00757	0.01010	0.01641	0.03408	0.01893	0.81698	0.02651	0.00505	0.00505	0.00757	0.00316	0.00316
14	0.01777	0.01148	0.01264	0.01008	0.01355	0.01233	0.00820	0.42224	0.10680	0.15406	0.01565	0.01542	0.01115	0.00634	0.00494	0.00153	0.00473	0.00495	0.15809	0.00806
15	0.01945	0.02482	0.01476	0.01342	0.01610	0.79608	0.01006	0.02079	0.01476	0.01275	0.00805	0.00939	0.00671	0.00537	0.00470	0.00134	0.00939	0.00335	0.00268	0.00604
16	0.00983	0.00926	0.01562	0.80447	0.03587	0.01157	0.01446	0.01331	0.01041	0.01331	0.00926	0.01388	0.00694	0.00521	0.00521	0.00174	0.00694	0.00463	0.00231	0.00579
17	0.00690	0.00499	0.00627	0.00668	0.00742	0.00465	0.00465	0.00824	0.01132	0.01523	0.25040	0.34547	0.12423	0.13562	0.00948	0.00239	0.00320	0.04373	0.00484	0.00431
18	0.00786	0.00566	0.00712	0.00778	0.00852	0.00557	0.00540	0.09272	0.01160	0.01549	0.02688	0.72349	0.03157	0.01518	0.00649	0.00205	0.00333	0.01367	0.00488	0.00475
19	0.26683	0.00922	0.01079	0.00856	0.01235	0.00884	0.00706	0.02243	0.01313	0.56389	0.01665	0.01501	0.01077	0.00597	0.00465	0.00161	0.00431	0.00453	0.00550	0.00792
20	0.00757	0.00505	0.00568	0.00568	0.00568	0.00505	0.00316	0.00757	0.00757	0.01010	0.01641	0.03408	0.01893	0.81698	0.02651	0.00505	0.00505	0.00757	0.00316	0.00316
21	0.00778	0.00588	0.00723	0.00765	0.00880	0.00580	0.00582	0.01076	0.09341	0.01573	0.13916	0.24621	0.14825	0.07954	0.00813	0.00227	0.00361	0.19428	0.00487	0.00484
22	0.00715	0.00523	0.00607	0.00590	0.00730	0.00470	0.00441	0.00915	0.01313	0.01799	0.40548	0.05887	0.31915	0.01121	0.00588	0.00165	0.00253	0.00962	0.09987	0.00470
23	0.02009	0.00990	0.01221	0.00982	0.01354	0.00973	0.00796	0.07162	0.23837	0.51704	0.02024	0.01790	0.01352	0.00662	0.00525	0.00165	0.00442	0.00539	0.00603	0.00868
24	0.04715	0.00656	0.00847	0.00808	0.00994	0.00613	0.00621	0.03356	0.01253	0.24245	0.10301	0.33830	0.04975	0.01179	0.00605	0.00190	0.00368	0.09319	0.00534	0.00591
25	0.13658	0.00711	0.00827	0.00733	0.00956	0.00691	0.00570	0.01476	0.05663	0.19127	0.34171	0.06259	0.09638	0.02532	0.00589	0.00174	0.00332	0.00764	0.00533	0.00598
26	0.00812	0.00614	0.00854	0.00837	0.00951	0.00699	0.00646	0.01131	0.09516	0.01391	0.09067	0.02196	0.01675	0.03170	0.59422	0.04464	0.01128	0.00595	0.00334	0.00497
27	0.00641	0.00458	0.00612	0.00733	0.00766	0.00429	0.00495	0.00737	0.01004	0.01337	0.02867	0.78889	0.03430	0.01625	0.00666	0.00212	0.00308	0.03884	0.00483	0.00425
28	0.01041	0.01044	0.01980	0.10413	0.02082	0.01028	0.37901	0.01462	0.06836	0.01691	0.15477	0.05087	0.05263	0.04052	0.00686	0.00189	0.00636	0.02153	0.00360	0.00617
29	0.01110	0.00573	0.00766	0.00708	0.00843	0.00540	0.00522	0.01147	0.01039	0.17005	0.08934	0.04637	0.13410	0.04437	0.08986	0.29556	0.00485	0.00661	0.04181	0.00461
30	0.05035	0.01265	0.02316	0.07979	0.43641	0.01263	0.25891	0.03187	0.01203	0.01727	0.00994	0.01313	0.00794	0.00464	0.00540	0.00163	0.00697	0.00505	0.00266	0.00758
31	0.01081	0.00999	0.01521	0.35378	0.07733	0.01025	0.06923	0.01479	0.06939	0.01574	0.01031	0.01318	0.00806	0.00478	0.00482	0.00139	0.00575	0.00431	0.00285	0.29804

[dist]
# distance from previous block
# <min> <max>
0	1

[block]
# block no. 6 follows, 47 sequences, length 33
# corresponding to MSA columns:
# 650-682
name=unknown_G
#
# <colnr> <probs for GDERKNQSTAVLIFYWHMCP>
#	G	D	E	R	K	N	Q	S	T	A	V	L	I	F	Y	W	H	M	C	P
0	0.01305	0.01142	0.01980	0.06648	0.02038	0.01070	0.32930	0.03843	0.08136	0.10040	0.02942	0.01546	0.01039	0.00515	0.00535	0.00150	0.00627	0.01915	0.00355	0.21242
1	0.06962	0.00879	0.00940	0.00891	0.02705	0.03119	0.00645	0.05388	0.27003	0.04411	0.14341	0.09226	0.03538	0.16543	0.00951	0.00237	0.00419	0.00725	0.00466	0.00611
2	0.00999	0.00943	0.01583	0.75552	0.06326	0.01171	0.01444	0.01339	0.01041	0.01342	0.00921	0.01378	0.00699	0.00528	0.00551	0.00174	0.02725	0.00463	0.00232	0.00587
3	0.01147	0.01162	0.01721	0.01438	0.01483	0.01571	0.07584	0.01289	0.00834	0.01289	0.00715	0.01162	0.00693	0.00871	0.01615	0.00223	0.73921	0.00469	0.00231	0.00581
4	0.01001	0.00902	0.01491	0.67860	0.07921	0.01096	0.01350	0.01336	0.01055	0.01413	0.01004	0.01436	0.00765	0.00526	0.00505	0.00167	0.00645	0.00465	0.08476	0.00585
5	0.02235	0.00909	0.01206	0.00940	0.01332	0.00817	0.00771	0.02560	0.08919	0.71322	0.02061	0.01789	0.01318	0.00651	0.00524	0.00163	0.00440	0.00530	0.00633	0.00880
6	0.01080	0.00926	0.01080	0.00771	0.01234	0.00694	0.00617	0.01311	0.01080	0.01697	0.00926	0.01080	0.00771	0.00386	0.00386	0.00077	0.00386	0.00309	0.00309	0.84882
7	0.00634	0.00453	0.00604	0.00725	0.00755	0.00423	0.00483	0.00725	0.00997	0.01329	0.02870	0.81358	0.03444	0.01632	0.00665	0.00211	0.00302	0.01480	0.00483	0.00423
8	0.00745	0.00552	0.00807	0.00807	0.00890	0.00635	0.00614	0.00911	0.00828	0.01187	0.01422	0.02198	0.01368	0.12589	0.71042	0.00800	0.01296	0.00580	0.00283	0.00448
9	0.01289	0.01237	0.02114	0.03196	0.78450	0.01237	0.01598	0.01598	0.01186	0.01701	0.00980	0.01289	0.00825	0.00464	0.00516	0.00155	0.00619	0.00464	0.00258	0.00825
10	0.00745	0.00554	0.00819	0.00819	0.00906	0.00641	0.00629	0.00919	0.00832	0.01196	0.01411	0.02135	0.01340	0.08979	0.74614	0.00815	0.01337	0.00571	0.00281	0.00455
11	0.01991	0.01440	0.01551	0.01189	0.01606	0.01587	0.00983	0.74296	0.02417	0.05743	0.01277	0.01267	0.00899	0.00626	0.00521	0.00156	0.00569	0.00471	0.00525	0.00886
12	0.00749	0.00538	0.00735	0.00735	0.00793	0.00596	0.00524	0.00865	0.00807	0.01134	0.01488	0.02560	0.01525	0.33283	0.50563	0.00712	0.01059	0.00633	0.00293	0.00409
13	0.02336	0.00886	0.01209	0.00927	0.01329	0.00765	0.00765	0.02538	0.01491	0.78810	0.02055	0.01773	0.01289	0.00645	0.00524	0.00161	0.00443	0.00524	0.00645	0.00886
14	0.01980	0.01459	0.01563	0.01198	0.01615	0.01615	0.00990	0.76713	0.02448	0.03282	0.01250	0.01250	0.00886	0.00625	0.00521	0.00156	0.00573	0.00469	0.00521	0.00886
15	0.00736	0.00496	0.00574	0.00596	0.00601	0.00490	0.00345	0.00752	0.00800	0.01066	0.01859	0.17213	0.02168	0.67519	0.02299	0.00453	0.00469	0.00885	0.00345	0.00335
16	0.01980	0.01459	0.01563	0.01198	0.01615	0.01615	0.00990	0.76713	0.02448	0.03282	0.01250	0.01250	0.00886	0.00625	0.00521	0.00156	0.00573	0.00469	0.00521	0.00886
17	0.01945	0.02482	0.01476	0.01342	0.01610	0.79608	0.01006	0.02079	0.01476	0.01275	0.00805	0.00939	0.00671	0.00537	0.00470	0.00134	0.00939	0.00335	0.00268	0.00604
18	0.00629	0.00528	0.00546	0.00542	0.00712	0.00445	0.00406	0.00774	0.01219	0.01483	0.13412	0.04887	0.70054	0.01291	0.00615	0.00175	0.00262	0.01082	0.00494	0.00445
19	0.00814	0.00591	0.00804	0.00911	0.01037	0.00582	0.00790	0.01042	0.01198	0.01542	0.03038	0.05778	0.11395	0.01425	0.00708	0.00233	0.00455	0.66702	0.00480	0.00475
20	0.01980	0.01459	0.01563	0.01198	0.01615	0.01615	0.00990	0.76713	0.02448	0.03282	0.01250	0.01250	0.00886	0.00625	0.00521	0.00156	0.00573	0.00469	0.00521	0.00886
21	0.02336	0.00886	0.01209	0.00927	0.01329	0.00765	0.00765	0.02538	0.01491	0.78810	0.02055	0.01773	0.01289	0.00645	0.00524	0.00161	0.00443	0.00524	0.00645	0.00886
22	0.00888	0.00458	0.00666	0.00666	0.00666	0.00458	0.00437	0.00687	0.00687	0.00916	0.00987	0.01787	0.01015	0.10726	0.02104	0.75434	0.00458	0.00486	0.00236	0.00236
23	0.00740	0.00497	0.00573	0.00591	0.00595	0.00493	0.00340	0.00753	0.00792	0.01056	0.01819	0.14683	0.02118	0.70117	0.02363	0.00462	0.00476	0.00862	0.00340	0.00331
24	0.01229	0.01405	0.03073	0.02195	0.02722	0.01317	0.76558	0.01668	0.01229	0.01668	0.01054	0.01405	0.00790	0.00439	0.00615	0.00176	0.00878	0.00615	0.00263	0.00702
25	0.00744	0.00558	0.00837	0.00837	0.00930	0.00651	0.00651	0.00930	0.00837	0.01209	0.01395	0.02046	0.01302	0.03906	0.79635	0.00837	0.01395	0.00558	0.00279	0.00465
26	0.01045	0.02694	0.79000	0.01484	0.02254	0.01209	0.01924	0.01649	0.01099	0.01649	0.00935	0.01099	0.00660	0.00495	0.00495	0.00165	0.00770	0.00385	0.00220	0.00770
27	0.02297	0.00950	0.01248	0.00957	0.01361	0.00860	0.00790	0.10817	0.01597	0.70380	0.01965	0.01714	0.01244	0.00642	0.00523	0.00161	0.00458	0.00518	0.00631	0.00886
28	0.00634	0.00453	0.00604	0.00725	0.00755	0.00423	0.00483	0.00725	0.00997	0.01329	0.02870	0.81358	0.03444	0.01632	0.00665	0.00211	0.00302	0.01480	0.00483	0.00423
29	0.01332	0.01319	0.02072	0.03075	0.73419	0.06369	0.01559	0.01630	0.01205	0.01673	0.00968	0.01266	0.00815	0.00469	0.00513	0.00153	0.00640	0.00456	0.00258	0.00810
30	0.00756	0.00508	0.00586	0.00586	0.00592	0.00514	0.00338	0.00769	0.00763	0.01023	0.01625	0.03319	0.01855	0.76605	0.07691	0.00527	0.00563	0.00744	0.00313	0.00325
31	0.00719	0.00532	0.00672	0.00637	0.00767	0.00484	0.00478	0.00949	0.01433	0.01990	0.67631	0.04052	0.15520	0.01101	0.00614	0.00166	0.00248	0.00965	0.00560	0.00484
32	0.01869	0.02051	0.01444	0.01259	0.01555	0.51705	0.00967	0.23731	0.01728	0.01863	0.01070	0.06295	0.00915	0.00634	0.00497	0.00146	0.00791	0.00449	0.00356	0.00674

[dist]
# distance from previous block
# <min> <max>
0	6

[block]
# block no. 7 follows, 47 sequences, length 213
# corresponding to MSA columns:
# 689-734,736-902
name=unknown_H
#
# <colnr> <probs for GDERKNQSTAVLIFYWHMCP>
#	G	D	E	R	K	N	Q	S	T	A	V	L	I	F	Y	W	H	M	C	P
0	0.02336	0.00886	0.01209	0.00927	0.01329	0.00765	0.00765	0.02538	0.01491	0.78810	0.02055	0.01773	0.01289	0.00645	0.00524	0.00161	0.00443	0.00524	0.00645	0.00886
1	0.01289	0.01237	0.02114	0.03196	0.78450	0.01237	0.01598	0.01598	0.01186	0.01701	0.00980	0.01289	0.00825	0.00464	0.00516	0.00155	0.00619	0.00464	0.00258	0.00825
2	0.02019	0.01396	0.01524	0.01168	0.01584	0.01522	0.00965	0.68597	0.02344	0.11546	0.01338	0.01307	0.00930	0.00627	0.00521	0.00157	0.00559	0.00475	0.00534	0.00886
3	0.02635	0.00517	0.00515	0.00505	0.00637	0.00524	0.00382	0.02903	0.01118	0.01979	0.01670	0.01905	0.01310	0.00605	0.00367	0.00123	0.00253	0.00481	0.81076	0.00496
4	0.01289	0.01237	0.02114	0.03196	0.78450	0.01237	0.01598	0.01598	0.01186	0.01701	0.00980	0.01289	0.00825	0.00464	0.00516	0.00155	0.00619	0.00464	0.00258	0.00825
5	0.00616	0.00524	0.00531	0.00537	0.00706	0.00439	0.00400	0.00746	0.01178	0.01403	0.05160	0.08671	0.74654	0.01334	0.00618	0.00178	0.00266	0.01117	0.00484	0.00439
6	0.00621	0.00528	0.00536	0.00534	0.00707	0.00442	0.00400	0.00759	0.01201	0.01439	0.08769	0.04958	0.74724	0.01307	0.00615	0.00175	0.00263	0.01092	0.00488	0.00442
7	0.01080	0.00926	0.01080	0.00771	0.01234	0.00694	0.00617	0.01311	0.01080	0.01697	0.00926	0.01080	0.00771	0.00386	0.00386	0.00077	0.00386	0.00309	0.00309	0.84882
8	0.00737	0.00532	0.00696	0.00655	0.00778	0.00491	0.00491	0.00983	0.01474	0.02088	0.78175	0.03890	0.04914	0.01065	0.00614	0.00164	0.00246	0.00942	0.00573	0.00491
9	0.00839	0.00599	0.00839	0.00959	0.01079	0.00599	0.00839	0.01079	0.01199	0.01558	0.02757	0.05874	0.02997	0.01439	0.00719	0.00240	0.00480	0.74945	0.00480	0.00480
10	0.00645	0.00494	0.00594	0.00659	0.00755	0.00443	0.00471	0.00768	0.01107	0.01414	0.07983	0.43701	0.31962	0.01470	0.00646	0.00197	0.00294	0.05472	0.00488	0.00436
11	0.00839	0.00599	0.00839	0.00959	0.01079	0.00599	0.00839	0.01079	0.01199	0.01558	0.02757	0.05874	0.02997	0.01439	0.00719	0.00240	0.00480	0.74945	0.00480	0.00480
12	0.85377	0.01007	0.00765	0.00685	0.01007	0.01168	0.00564	0.01531	0.00886	0.02336	0.00725	0.00846	0.00564	0.00483	0.00322	0.00161	0.00403	0.00282	0.00322	0.00564
13	0.01289	0.01237	0.02114	0.03196	0.78450	0.01237	0.01598	0.01598	0.01186	0.01701	0.00980	0.01289	0.00825	0.00464	0.00516	0.00155	0.00619	0.00464	0.00258	0.00825
14	0.00618	0.00519	0.00536	0.00550	0.00709	0.00438	0.00406	0.00745	0.01165	0.01398	0.04999	0.13796	0.69633	0.01355	0.00621	0.00180	0.00268	0.01143	0.00484	0.00438
15	0.00707	0.00546	0.00660	0.00711	0.00848	0.00499	0.00570	0.00883	0.01197	0.01512	0.10511	0.12764	0.37770	0.01370	0.00657	0.00201	0.00342	0.27303	0.00490	0.00457
16	0.01980	0.01459	0.01563	0.01198	0.01615	0.01615	0.00990	0.76713	0.02448	0.03282	0.01250	0.01250	0.00886	0.00625	0.00521	0.00156	0.00573	0.00469	0.00521	0.00886
17	0.01167	0.01113	0.01893	0.34049	0.48551	0.01205	0.01538	0.01491	0.01128	0.01553	0.00958	0.01329	0.00773	0.00487	0.00518	0.00162	0.00649	0.00464	0.00247	0.00726
18	0.02026	0.01848	0.01375	0.01186	0.01504	0.46530	0.00917	0.05096	0.06652	0.25836	0.01304	0.01281	0.00936	0.00585	0.00493	0.00146	0.00733	0.00417	0.00414	0.00718
