[name]
unknown

[dist]
# distance from previous block
# <min> <max>
3	61

[block]
# block no. 0 follows, 51 sequences, length 33
# corresponding to MSA columns:
# 107-139
name=unknown_A
#
# <colnr> <probs for GDERKNQSTAVLIFYWHMCP>
#	G	D	E	R	K	N	Q	S	T	A	V	L	I	F	Y	W	H	M	C	P
0	0.20432	0.04725	0.01510	0.10912	0.08490	0.12865	0.10566	0.13842	0.02607	0.04186	0.00993	0.01247	0.00784	0.00519	0.00449	0.00150	0.00594	0.02811	0.01677	0.00640
1	0.07859	0.01163	0.03378	0.03855	0.08169	0.03849	0.17557	0.12705	0.12109	0.16981	0.01410	0.01569	0.02057	0.00569	0.00502	0.00157	0.00560	0.03299	0.00400	0.01851
2	0.01360	0.01153	0.04319	0.10244	0.16486	0.02466	0.01016	0.22182	0.10757	0.06243	0.05016	0.01394	0.01064	0.00540	0.00475	0.00140	0.00507	0.00451	0.00379	0.13809
3	0.01553	0.01045	0.01271	0.02451	0.14300	0.06465	0.00862	0.10553	0.08805	0.26035	0.10297	0.01647	0.01411	0.00591	0.00484	0.00141	0.00465	0.00493	0.00449	0.10681
4	0.00848	0.00737	0.01015	0.16346	0.12543	0.00770	0.00803	0.01226	0.12016	0.01553	0.15117	0.10516	0.22782	0.00895	0.00543	0.00164	0.00394	0.00781	0.00401	0.00549
5	0.00606	0.00499	0.00532	0.00524	0.00679	0.00425	0.00393	0.00753	0.01179	0.01467	0.21125	0.04500	0.63231	0.01193	0.00581	0.00163	0.00245	0.01005	0.00475	0.00425
6	0.11885	0.00849	0.01092	0.00848	0.01219	0.00766	0.00700	0.02285	0.01341	0.71038	0.01794	0.01572	0.01138	0.00591	0.00472	0.00152	0.00414	0.00468	0.00573	0.00801
7	0.00661	0.00497	0.00612	0.00590	0.00715	0.00448	0.00440	0.00858	0.01299	0.01769	0.56423	0.07815	0.23884	0.01093	0.00582	0.00160	0.00239	0.00952	0.00515	0.00448
8	0.39454	0.00866	0.00852	0.00732	0.01030	0.00920	0.00592	0.01772	0.12028	0.22564	0.01669	0.01613	0.08666	0.00609	0.00411	0.00154	0.00371	0.00452	0.04613	0.00632
9	0.01160	0.01326	0.02900	0.02071	0.02568	0.01243	0.77879	0.01574	0.01160	0.01574	0.00994	0.01326	0.00746	0.00414	0.00580	0.00166	0.00829	0.00580	0.00249	0.00663
10	0.00767	0.00550	0.00763	0.00873	0.00979	0.00545	0.00748	0.00977	0.01112	0.01446	0.02673	0.13100	0.04825	0.01373	0.00671	0.00222	0.00431	0.67045	0.00453	0.00446
11	0.01036	0.00939	0.01270	0.46352	0.06703	0.08790	0.03038	0.01319	0.01048	0.01426	0.01056	0.01398	0.00818	0.00509	0.00451	0.00146	0.00569	0.00434	0.22156	0.00542
12	0.01822	0.01181	0.01324	0.01035	0.01401	0.01263	0.00848	0.49853	0.09637	0.20138	0.05275	0.01477	0.01173	0.00622	0.00497	0.00151	0.00483	0.00487	0.00521	0.00812
13	0.01159	0.01001	0.01051	0.00951	0.01217	0.01143	0.00738	0.02423	0.71120	0.01984	0.02294	0.02119	0.09186	0.00724	0.00508	0.00167	0.00375	0.00603	0.00496	0.00742
14	0.01880	0.01973	0.01387	0.01196	0.01494	0.54733	0.00924	0.19413	0.01604	0.09405	0.00972	0.01031	0.00737	0.00536	0.00459	0.00134	0.00761	0.00363	0.00343	0.00657
15	0.01320	0.63597	0.10036	0.00936	0.01359	0.10563	0.00937	0.01518	0.01058	0.01226	0.03138	0.00913	0.00754	0.00453	0.00353	0.00114	0.00576	0.00298	0.00225	0.00628
16	0.01216	0.01168	0.01995	0.03016	0.79664	0.01168	0.01508	0.01508	0.01119	0.01605	0.00924	0.01216	0.00778	0.00438	0.00487	0.00146	0.00584	0.00438	0.00243	0.00778
17	0.05926	0.02578	0.13605	0.01221	0.05378	0.00898	0.14188	0.01788	0.01221	0.33965	0.06471	0.06724	0.02526	0.00627	0.00507	0.00157	0.00522	0.00561	0.00427	0.00709
18	0.06330	0.05146	0.06050	0.01015	0.01280	0.09967	0.00873	0.01748	0.01127	0.31174	0.01399	0.01448	0.04740	0.00685	0.00785	0.01508	0.21808	0.00451	0.01808	0.00658
19	0.01836	0.02342	0.01393	0.01266	0.01519	0.80756	0.00950	0.01962	0.01393	0.01203	0.00760	0.00886	0.00633	0.00506	0.00443	0.00127	0.00886	0.00317	0.00253	0.00570
20	0.00707	0.00528	0.00728	0.11639	0.01096	0.00544	0.00610	0.00836	0.00941	0.01235	0.02255	0.36511	0.04756	0.18934	0.01024	0.00259	0.00409	0.16192	0.00389	0.00408
21	0.04285	0.08621	0.10120	0.16174	0.04702	0.02296	0.07124	0.05069	0.01178	0.20945	0.02424	0.04367	0.01006	0.00567	0.00493	0.00151	0.02366	0.00475	0.06976	0.00663
22	0.01138	0.01255	0.02609	0.01897	0.02350	0.01199	0.66473	0.01633	0.08801	0.01606	0.01178	0.05360	0.00943	0.00494	0.00574	0.00167	0.00758	0.00618	0.00284	0.00661
23	0.00886	0.00547	0.00703	0.00638	0.00796	0.00493	0.00488	0.01099	0.01359	0.12477	0.59622	0.03532	0.13496	0.00981	0.00568	0.00156	0.00259	0.00854	0.00540	0.00508
24	0.01129	0.01629	0.28806	0.07252	0.17187	0.01132	0.25847	0.01547	0.01109	0.05400	0.01108	0.01331	0.03243	0.00478	0.00513	0.00158	0.00696	0.00479	0.00256	0.00699
25	0.01109	0.01762	0.38654	0.09434	0.11180	0.01150	0.06575	0.01774	0.17578	0.04227	0.01166	0.01295	0.00858	0.00509	0.00487	0.00158	0.00628	0.00439	0.00291	0.00725
26	0.00594	0.00447	0.00551	0.00634	0.00699	0.00403	0.00434	0.00690	0.00990	0.01274	0.03325	0.61327	0.23934	0.01460	0.00615	0.00190	0.00275	0.01299	0.00456	0.00403
27	0.00770	0.00613	0.00692	0.00661	0.00812	0.00609	0.00490	0.01191	0.17735	0.01680	0.30636	0.07658	0.25827	0.07568	0.00719	0.00189	0.00293	0.00874	0.00483	0.00500
28	0.04980	0.02811	0.29692	0.04091	0.08614	0.03143	0.04829	0.07377	0.04830	0.17465	0.01261	0.04998	0.00949	0.00561	0.00479	0.00154	0.00581	0.00466	0.01999	0.00720
29	0.01107	0.01004	0.05635	0.38801	0.14637	0.01020	0.07246	0.01456	0.03955	0.09158	0.01238	0.05356	0.01031	0.00600	0.00516	0.00165	0.00597	0.05554	0.00299	0.00625
30	0.04228	0.00876	0.01145	0.00887	0.01261	0.00795	0.00730	0.06000	0.05238	0.70561	0.01874	0.01635	0.01195	0.00606	0.00490	0.00153	0.00422	0.00489	0.00590	0.00826
31	0.01252	0.01103	0.01791	0.04651	0.62090	0.01117	0.01344	0.01644	0.08799	0.06576	0.04003	0.01399	0.01017	0.00494	0.00492	0.00149	0.00543	0.00470	0.00302	0.00764
32	0.10143	0.04632	0.03113	0.01139	0.08315	0.02659	0.02829	0.14697	0.05598	0.38546	0.01485	0.02443	0.01026	0.00572	0.00469	0.00150	0.00478	0.00459	0.00476	0.00771

[dist]
# distance from previous block
# <min> <max>
3	9

[block]
# block no. 1 follows, 51 sequences, length 49
# corresponding to MSA columns:
# 149-197
name=unknown_B
#
# <colnr> <probs for GDERKNQSTAVLIFYWHMCP>
#	G	D	E	R	K	N	Q	S	T	A	V	L	I	F	Y	W	H	M	C	P
0	0.00992	0.02500	0.77536	0.01424	0.02142	0.01145	0.04421	0.01557	0.01042	0.01557	0.00886	0.01047	0.00627	0.00465	0.00471	0.00156	0.00730	0.00371	0.00209	0.00724
1	0.00916	0.00458	0.00458	0.00458	0.00573	0.00458	0.00344	0.01145	0.01031	0.01832	0.01603	0.01832	0.01260	0.00573	0.00344	0.00115	0.00229	0.00458	0.85457	0.00458
2	0.00900	0.00459	0.00464	0.00464	0.00570	0.00459	0.00340	0.01112	0.01006	0.01764	0.01599	0.01940	0.01300	0.06948	0.00511	0.00143	0.00248	0.00478	0.78849	0.00446
3	0.01314	0.83025	0.02575	0.00841	0.01261	0.01945	0.00841	0.01472	0.00999	0.01156	0.00683	0.00788	0.00631	0.00420	0.00315	0.00105	0.00526	0.00263	0.00210	0.00631
4	0.00828	0.00514	0.00632	0.00611	0.00658	0.00522	0.00392	0.00876	0.00783	0.07124	0.01534	0.02848	0.01635	0.61125	0.17431	0.00512	0.00634	0.00661	0.00315	0.00367
5	0.00687	0.00502	0.00645	0.00609	0.00729	0.00460	0.00457	0.00910	0.01370	0.01921	0.73629	0.03753	0.10444	0.01023	0.00580	0.00155	0.00233	0.00900	0.00534	0.00460
6	0.79567	0.00914	0.00708	0.00638	0.00918	0.01054	0.00514	0.01388	0.00827	0.02108	0.00751	0.00986	0.00630	0.06841	0.00475	0.00177	0.00388	0.00301	0.00304	0.00514
7	0.01148	0.03149	0.41684	0.01267	0.03646	0.03890	0.02687	0.06677	0.20983	0.01769	0.01181	0.01249	0.00875	0.00517	0.00468	0.00150	0.00601	0.00414	0.00310	0.07336
8	0.01603	0.01759	0.01444	0.01248	0.01448	0.40652	0.00986	0.16299	0.01367	0.01560	0.00804	0.01002	0.00676	0.00634	0.00820	0.00158	0.26268	0.00376	0.00287	0.00611
9	0.00915	0.00851	0.01413	0.73261	0.03128	0.01056	0.01289	0.01229	0.01007	0.01307	0.06778	0.01481	0.00955	0.00540	0.00529	0.00164	0.02844	0.00471	0.00243	0.00539
10	0.04390	0.10394	0.27703	0.01381	0.11625	0.04740	0.03486	0.03114	0.08633	0.18063	0.01191	0.01239	0.00857	0.00509	0.00459	0.00148	0.00584	0.00410	0.00336	0.00737
11	0.01078	0.01896	0.39120	0.01757	0.02361	0.01195	0.42231	0.01566	0.01103	0.01566	0.00942	0.01191	0.00688	0.00439	0.00527	0.00161	0.00781	0.00478	0.00229	0.00693
12	0.01246	0.01050	0.01112	0.00997	0.01277	0.01210	0.00776	0.02606	0.76894	0.03952	0.01999	0.01830	0.01493	0.00665	0.00500	0.00166	0.00390	0.00554	0.00503	0.00779
13	0.00636	0.00469	0.00628	0.00760	0.03409	0.00441	0.00503	0.00738	0.00964	0.01275	0.02760	0.65533	0.08625	0.04628	0.00696	0.00208	0.00312	0.06559	0.00443	0.00413
14	0.01106	0.03515	0.43387	0.11341	0.13365	0.02620	0.09836	0.06213	0.01140	0.01609	0.00911	0.01128	0.00675	0.00467	0.00483	0.00154	0.00696	0.00408	0.00237	0.00707
15	0.00710	0.00587	0.00649	0.00741	0.00792	0.06648	0.00514	0.00807	0.00984	0.01259	0.02525	0.69094	0.02987	0.03204	0.00657	0.00202	0.00347	0.06442	0.00437	0.00414
16	0.08417	0.01229	0.01335	0.01035	0.01409	0.01331	0.00853	0.57890	0.02027	0.14365	0.04298	0.01320	0.01016	0.00598	0.00481	0.00149	0.00498	0.00454	0.00496	0.00798
17	0.00986	0.02542	0.80183	0.01401	0.02127	0.01141	0.01816	0.01556	0.01038	0.01556	0.00882	0.01038	0.00623	0.00467	0.00467	0.00156	0.00726	0.00363	0.00208	0.00726
18	0.09092	0.00893	0.01053	0.05002	0.04531	0.00777	0.00671	0.02971	0.04748	0.02993	0.01012	0.04433	0.00859	0.00454	0.00392	0.00101	0.00392	0.00367	0.00313	0.58946
19	0.00606	0.00433	0.00577	0.00679	0.00714	0.00404	0.00457	0.00703	0.00976	0.01310	0.08660	0.76298	0.03358	0.01498	0.00624	0.00196	0.00281	0.01358	0.00463	0.00404
20	0.01319	0.30024	0.05988	0.00993	0.01349	0.07524	0.00877	0.05758	0.37643	0.01698	0.01343	0.01319	0.01049	0.00553	0.00429	0.00140	0.00500	0.00419	0.00363	0.00710
21	0.86201	0.00950	0.00722	0.00646	0.00950	0.01102	0.00532	0.01445	0.00836	0.02205	0.00684	0.00798	0.00532	0.00456	0.00304	0.00152	0.00380	0.00266	0.00304	0.00532
22	0.01104	0.01477	0.27899	0.03261	0.04312	0.00907	0.06236	0.01455	0.01059	0.06943	0.00955	0.01106	0.00725	0.00434	0.00452	0.00120	0.02000	0.00360	0.00277	0.38919
23	0.00968	0.00801	0.00889	0.00867	0.01047	0.00887	0.00645	0.01827	0.47078	0.01731	0.02338	0.32975	0.03858	0.01016	0.00551	0.00179	0.00346	0.00891	0.00482	0.00624
24	0.00734	0.00529	0.00712	0.00748	0.00862	0.00507	0.00611	0.00957	0.01253	0.01706	0.40224	0.06420	0.05982	0.01186	0.00626	0.00189	0.00335	0.35468	0.00496	0.00456
25	0.05047	0.01522	0.19913	0.03805	0.06094	0.09912	0.11993	0.05041	0.04374	0.24324	0.02403	0.01330	0.00922	0.00525	0.00487	0.00152	0.00616	0.00448	0.00369	0.00724
26	0.01104	0.01278	0.09969	0.09324	0.16971	0.01124	0.38507	0.01453	0.01077	0.02845	0.01025	0.01465	0.00841	0.08628	0.00749	0.00192	0.02024	0.00528	0.00251	0.00645
27	0.00702	0.00527	0.00790	0.00790	0.00878	0.00614	0.00614	0.00878	0.00790	0.01141	0.01316	0.01931	0.01229	0.03686	0.80782	0.00790	0.01316	0.00527	0.00263	0.00439
28	0.01074	0.01044	0.01863	0.36937	0.32708	0.01127	0.12942	0.01398	0.01063	0.01455	0.00931	0.01290	0.00733	0.00461	0.00499	0.00156	0.00642	0.00459	0.02564	0.00651
29	0.03730	0.12652	0.32419	0.04243	0.11506	0.04197	0.07708	0.03449	0.05033	0.06983	0.01013	0.01154	0.00758	0.00480	0.00455	0.00147	0.00629	0.00398	0.02344	0.00703
30	0.00603	0.00431	0.00575	0.00689	0.00720	0.00403	0.00464	0.00692	0.00945	0.01260	0.02706	0.80606	0.03240	0.01535	0.00628	0.00200	0.00289	0.03155	0.00456	0.00400
31	0.02108	0.00808	0.01089	0.00843	0.01203	0.00702	0.00694	0.02301	0.01378	0.74120	0.01913	0.01685	0.01220	0.00606	0.00483	0.00149	0.00404	0.00491	0.06995	0.00808
32	0.01107	0.01039	0.01743	0.34742	0.40485	0.01130	0.03642	0.04545	0.01123	0.01536	0.03585	0.01340	0.00861	0.00484	0.00495	0.00154	0.00606	0.00457	0.00254	0.00672
33	0.03028	0.09718	0.20861	0.02684	0.10697	0.01119	0.04401	0.06984	0.12413	0.04995	0.01250	0.01413	0.00962	0.00534	0.00445	0.00145	0.00517	0.01687	0.15468	0.00680
34	0.01465	0.01724	0.01643	0.01379	0.01599	0.40644	0.13575	0.03339	0.01173	0.01298	0.00803	0.01066	0.00688	0.00741	0.04625	0.00189	0.22823	0.00403	0.00248	0.00576
35	0.12949	0.10816	0.07094	0.01594	0.16307	0.27011	0.13202	0.01669	0.01161	0.02668	0.00835	0.01017	0.00672	0.00461	0.00442	0.00140	0.00693	0.00374	0.00255	0.00640
36	0.00674	0.00513	0.00631	0.00657	0.00784	0.00469	0.00519	0.00857	0.01196	0.01562	0.27456	0.09857	0.30448	0.01220	0.00610	0.00181	0.00300	0.21146	0.00482	0.00439
37	0.00854	0.00427	0.00640	0.00640	0.00640	0.00427	0.00427	0.00640	0.00640	0.00854	0.00854	0.01494	0.00854	0.01707	0.01921	0.85702	0.00427	0.00427	0.00213	0.00213
38	0.00616	0.00447	0.00584	0.00680	0.00731	0.00415	0.00472	0.00722	0.00994	0.01315	0.07087	0.66331	0.09719	0.01473	0.00624	0.00196	0.00291	0.06436	0.00461	0.00408
39	0.01868	0.01376	0.01475	0.01131	0.01524	0.01524	0.00934	0.78025	0.02311	0.03097	0.01180	0.01180	0.00836	0.00590	0.00492	0.00147	0.00541	0.00442	0.00492	0.00836
40	0.00640	0.00446	0.00565	0.00644	0.00666	0.00427	0.00416	0.00702	0.00876	0.01167	0.02348	0.55964	0.02788	0.26580	0.01207	0.00286	0.00349	0.03151	0.00407	0.00369
41	0.86201	0.00950	0.00722	0.00646	0.00950	0.01102	0.00532	0.01445	0.00836	0.02205	0.00684	0.00798	0.00532	0.00456	0.00304	0.00152	0.00380	0.00266	0.00304	0.00532
42	0.86201	0.00950	0.00722	0.00646	0.00950	0.01102	0.00532	0.01445	0.00836	0.02205	0.00684	0.00798	0.00532	0.00456	0.00304	0.00152	0.00380	0.00266	0.00304	0.00532
43	0.00639	0.00490	0.00581	0.00579	0.00699	0.00437	0.00423	0.00804	0.01207	0.01599	0.38416	0.14605	0.32943	0.03577	0.00643	0.00174	0.00253	0.01008	0.00490	0.00432
44	0.01075	0.01075	0.01505	0.01290	0.01290	0.01505	0.01075	0.01183	0.00753	0.01183	0.00645	0.01075	0.00645	0.00860	0.01613	0.00215	0.81830	0.00430	0.00215	0.00538
45	0.00986	0.02542	0.80183	0.01401	0.02127	0.01141	0.01816	0.01556	0.01038	0.01556	0.00882	0.01038	0.00623	0.00467	0.00467	0.00156	0.00726	0.00363	0.00208	0.00726
46	0.01347	0.01070	0.01313	0.15781	0.07742	0.03844	0.02596	0.33879	0.01591	0.03859	0.01576	0.12631	0.06290	0.00727	0.00511	0.00157	0.00515	0.00612	0.03294	0.00665
47	0.01143	0.01238	0.03701	0.01037	0.08079	0.25474	0.00740	0.01362	0.04593	0.04640	0.07686	0.02778	0.33898	0.00850	0.00519	0.00150	0.00505	0.00684	0.00379	0.00542
48	0.02656	0.16658	0.05781	0.03674	0.01271	0.01020	0.06715	0.03521	0.10931	0.05234	0.04414	0.18383	0.12849	0.00842	0.00520	0.00157	0.01788	0.00718	0.00377	0.02488

[dist]
# distance from previous block
# <min> <max>
0	13

[block]
# block no. 2 follows, 51 sequences, length 54
# corresponding to MSA columns:
# 211-264
name=unknown_C
#
# <colnr> <probs for GDERKNQSTAVLIFYWHMCP>
#	G	D	E	R	K	N	Q	S	T	A	V	L	I	F	Y	W	H	M	C	P
0	0.19673	0.21326	0.08903	0.02684	0.13635	0.08068	0.11610	0.04812	0.01103	0.02817	0.00831	0.01000	0.00665	0.00453	0.00413	0.00140	0.00594	0.00362	0.00262	0.00651
1	0.01272	0.02855	0.01827	0.15079	0.53673	0.13883	0.01384	0.01540	0.01139	0.01477	0.00885	0.01170	0.00733	0.00457	0.00477	0.00145	0.00642	0.00415	0.00240	0.00706
2	0.00583	0.00489	0.00507	0.00521	0.00670	0.00413	0.00383	0.00703	0.01098	0.01319	0.04702	0.14180	0.70192	0.01280	0.00586	0.00170	0.00253	0.01081	0.00456	0.00413
3	0.00745	0.00543	0.00755	0.00742	0.00811	0.00626	0.00558	0.00889	0.00795	0.01171	0.01346	0.02108	0.01300	0.17740	0.54656	0.00639	0.05699	0.00549	0.07906	0.00420
4	0.01836	0.02342	0.01393	0.01266	0.01519	0.80756	0.00950	0.01962	0.01393	0.01203	0.00760	0.00886	0.00633	0.00506	0.00443	0.00127	0.00886	0.00317	0.00253	0.00570
5	0.01728	0.00988	0.01160	0.00956	0.01291	0.01026	0.00768	0.09883	0.36417	0.37305	0.01892	0.01697	0.01307	0.00633	0.00497	0.00158	0.00417	0.00517	0.00548	0.00810
6	0.01075	0.01075	0.01505	0.01290	0.01290	0.01505	0.01075	0.01183	0.00753	0.01183	0.00645	0.01075	0.00645	0.00860	0.01613	0.00215	0.81830	0.00430	0.00215	0.00538
7	0.00646	0.00497	0.00591	0.00574	0.00706	0.00442	0.00428	0.00830	0.01265	0.01687	0.46817	0.07448	0.34050	0.01122	0.00582	0.00161	0.00241	0.00969	0.00504	0.00442
8	0.00617	0.00455	0.00577	0.00639	0.00709	0.00416	0.00444	0.00741	0.01069	0.01423	0.19876	0.52491	0.15989	0.01374	0.00609	0.00184	0.00268	0.01227	0.00475	0.00416
9	0.00629	0.00484	0.00575	0.00585	0.00702	0.00430	0.00426	0.00787	0.01186	0.01561	0.33328	0.21221	0.33882	0.01216	0.00590	0.00169	0.00250	0.01058	0.00489	0.00430
10	0.01699	0.23713	0.01712	0.01144	0.01451	0.54374	0.00920	0.07056	0.01351	0.01320	0.00768	0.00880	0.00646	0.00489	0.00412	0.00122	0.00767	0.00311	0.00258	0.00604
11	0.01568	0.21473	0.15783	0.01173	0.01562	0.40821	0.01074	0.07041	0.01299	0.02820	0.00814	0.00925	0.00655	0.00487	0.00421	0.00129	0.00739	0.00324	0.00258	0.00635
12	0.01202	0.01135	0.10055	0.14429	0.18746	0.02843	0.08110	0.04139	0.04257	0.11666	0.06422	0.06919	0.01292	0.03916	0.00588	0.00170	0.00554	0.00556	0.02345	0.00657
13	0.86201	0.00950	0.00722	0.00646	0.00950	0.01102	0.00532	0.01445	0.00836	0.02205	0.00684	0.00798	0.00532	0.00456	0.00304	0.00152	0.00380	0.00266	0.00304	0.00532
14	0.01037	0.03609	0.67496	0.01536	0.07482	0.01155	0.06471	0.01566	0.01056	0.02825	0.00906	0.01074	0.00651	0.00463	0.00473	0.00155	0.00715	0.00382	0.00219	0.00726
15	0.00608	0.00448	0.00569	0.00646	0.00707	0.00410	0.00444	0.00717	0.01025	0.01353	0.12391	0.60114	0.15916	0.01426	0.00614	0.00189	0.00273	0.01276	0.00466	0.00410
16	0.01288	0.00664	0.00908	0.00843	0.05254	0.00598	0.00616	0.01505	0.01376	0.31245	0.44253	0.02811	0.04904	0.00830	0.00542	0.00153	0.00322	0.00719	0.00548	0.00620
17	0.12380	0.00947	0.01172	0.00975	0.04506	0.00914	0.00763	0.13101	0.03271	0.54359	0.01636	0.01480	0.01067	0.00581	0.00470	0.00151	0.00437	0.00458	0.00537	0.00795
18	0.00935	0.00730	0.00886	0.00830	0.04278	0.01903	0.02075	0.13713	0.03218	0.02021	0.45880	0.03163	0.15273	0.00916	0.00554	0.00154	0.00325	0.00790	0.01812	0.00543
19	0.00702	0.00527	0.00790	0.00790	0.00878	0.00614	0.00614	0.00878	0.00790	0.01141	0.01316	0.01931	0.01229	0.03686	0.80782	0.00790	0.01316	0.00527	0.00263	0.00439
20	0.00968	0.00895	0.01474	0.78117	0.03305	0.01110	0.01346	0.04532	0.01039	0.01334	0.00887	0.01305	0.00663	0.00496	0.00491	0.00163	0.00650	0.00437	0.00230	0.00558
21	0.01216	0.01168	0.01995	0.03016	0.79664	0.01168	0.01508	0.01508	0.01119	0.01605	0.00924	0.01216	0.00778	0.00438	0.00487	0.00146	0.00584	0.00438	0.00243	0.00778
22	0.00628	0.00451	0.00602	0.00703	0.00751	0.00424	0.00496	0.00742	0.00998	0.01330	0.07865	0.66305	0.04720	0.01476	0.00629	0.00199	0.00301	0.10508	0.00461	0.00410
23	0.01075	0.01075	0.01505	0.01290	0.01290	0.01505	0.01075	0.01183	0.00753	0.01183	0.00645	0.01075	0.00645	0.00860	0.01613	0.00215	0.81830	0.00430	0.00215	0.00538
24	0.00661	0.00472	0.00642	0.00756	0.00811	0.00453	0.00565	0.00792	0.01002	0.01324	0.02674	0.57591	0.03114	0.01481	0.00644	0.00208	0.00339	0.25599	0.00455	0.00416
25	0.00715	0.00476	0.00536	0.00536	0.00536	0.00476	0.00298	0.00715	0.00715	0.00953	0.01548	0.03216	0.01787	0.82729	0.02501	0.00476	0.00476	0.00715	0.00298	0.00298
26	0.01495	0.55038	0.02165	0.00988	0.01351	0.29283	0.00879	0.01642	0.01135	0.01172	0.00710	0.00822	0.00631	0.00450	0.00360	0.00113	0.00651	0.00281	0.00225	0.00610
27	0.01103	0.00589	0.00784	0.00693	0.00876	0.00530	0.00534	0.01314	0.01365	0.23345	0.53011	0.08386	0.03605	0.00932	0.00559	0.00157	0.00287	0.00814	0.00554	0.00562
28	0.01086	0.18977	0.14974	0.00922	0.01269	0.02642	0.00880	0.02871	0.22085	0.03355	0.18354	0.02034	0.07208	0.00686	0.00476	0.00147	0.00446	0.00556	0.00390	0.00642
29	0.01179	0.01018	0.01070	0.00967	0.01237	0.01168	0.00751	0.02484	0.73585	0.02007	0.02199	0.02027	0.06712	0.00705	0.00505	0.00167	0.00380	0.00588	0.00497	0.00754
30	0.01077	0.01092	0.07388	0.01481	0.25294	0.00849	0.00961	0.01345	0.01051	0.01599	0.00890	0.01081	0.00735	0.00394	0.00409	0.00102	0.00459	0.00342	0.00270	0.53182
31	0.06715	0.09582	0.66321	0.01315	0.01980	0.01212	0.03252	0.01542	0.01023	0.01564	0.00853	0.01005	0.00620	0.00461	0.00445	0.00151	0.00687	0.00352	0.00215	0.00703
32	0.00723	0.00529	0.00596	0.00596	0.00668	0.00522	0.00399	0.00875	0.06088	0.01199	0.05723	0.03639	0.19771	0.47072	0.03488	0.00359	0.00425	0.06581	0.00369	0.00379
33	0.01119	0.01028	0.01609	0.39263	0.29639	0.01159	0.01315	0.05844	0.11089	0.01584	0.01053	0.01337	0.00817	0.00501	0.00491	0.00157	0.00590	0.00453	0.00279	0.00673
34	0.00671	0.00458	0.00549	0.00591	0.00602	0.00448	0.00357	0.00703	0.00799	0.01065	0.01981	0.32778	0.02333	0.52422	0.01802	0.00373	0.00405	0.00969	0.00357	0.00336
35	0.00949	0.00921	0.01647	0.63469	0.03077	0.01074	0.13501	0.01284	0.01038	0.01354	0.06142	0.01470	0.00936	0.00513	0.00511	0.00163	0.00654	0.00490	0.00245	0.00559
36	0.00986	0.02542	0.80183	0.01401	0.02127	0.01141	0.01816	0.01556	0.01038	0.01556	0.00882	0.01038	0.00623	0.00467	0.00467	0.00156	0.00726	0.00363	0.00208	0.00726
37	0.01868	0.01376	0.01475	0.01131	0.01524	0.01524	0.00934	0.78025	0.02311	0.03097	0.01180	0.01180	0.00836	0.00590	0.00492	0.00147	0.00541	0.00442	0.00492	0.00836
38	0.01221	0.31697	0.25687	0.01623	0.22707	0.06397	0.01321	0.01537	0.01067	0.01401	0.00813	0.00985	0.00668	0.00444	0.00415	0.00133	0.00624	0.00344	0.00221	0.00696
39	0.00971	0.00800	0.00882	0.00825	0.01021	0.00873	0.00629	0.01799	0.43367	0.01829	0.17726	0.07135	0.09525	0.06351	0.00672	0.00189	0.00348	0.03958	0.00486	0.00615
40	0.00770	0.00561	0.00706	0.00648	0.00785	0.00533	0.00492	0.06073	0.01443	0.02024	0.71622	0.03541	0.06950	0.00985	0.00574	0.00154	0.00253	0.00864	0.00535	0.00487
41	0.01277	0.01035	0.01565	0.22469	0.10052	0.01120	0.12347	0.10659	0.17436	0.09283	0.01344	0.03358	0.01019	0.00562	0.00503	0.00159	0.00555	0.00512	0.04057	0.00690
42	0.08295	0.01046	0.01156	0.00866	0.01274	0.00987	0.00706	0.27046	0.01463	0.07574	0.01034	0.01100	0.00782	0.00464	0.00411	0.00110	0.00428	0.00354	0.00381	0.44522
43	0.86201	0.00950	0.00722	0.00646	0.00950	0.01102	0.00532	0.01445	0.00836	0.02205	0.00684	0.00798	0.00532	0.00456	0.00304	0.00152	0.00380	0.00266	0.00304	0.00532
44	0.04748	0.02703	0.22627	0.07577	0.01753	0.01015	0.09114	0.05895	0.01116	0.05262	0.03633	0.01214	0.00852	0.00539	0.01796	0.00146	0.05026	0.00401	0.00288	0.24294
45	0.07233	0.01053	0.07229	0.29026	0.03827	0.01068	0.01074	0.06730	0.05112	0.20327	0.01193	0.01348	0.00853	0.00569	0.00586	0.00162	0.08686	0.00440	0.02825	0.00661
46	0.00665	0.00454	0.00596	0.00673	0.00731	0.00419	0.00462	0.00773	0.01018	0.04084	0.11469	0.66443	0.07513	0.01431	0.00615	0.00191	0.00282	0.01288	0.00471	0.00423
47	0.00774	0.01113	0.23744	0.00841	0.01149	0.00678	0.00856	0.01119	0.03913	0.01691	0.34821	0.04582	0.19203	0.00906	0.00548	0.00160	0.00391	0.02550	0.00421	0.00539
48	0.01293	0.00974	0.01317	0.20509	0.10693	0.00963	0.00943	0.13826	0.01270	0.11196	0.01073	0.01268	0.00818	0.02422	0.00496	0.00134	0.00497	0.00402	0.00339	0.29569
49	0.01019	0.00873	0.01019	0.00728	0.01165	0.00655	0.00582	0.01237	0.01019	0.01601	0.00873	0.01019	0.00728	0.00364	0.00364	0.00073	0.00364	0.00291	0.00291	0.85734
50	0.00710	0.00506	0.00638	0.00607	0.00731	0.00460	0.00452	0.00913	0.01316	0.03670	0.61221	0.07186	0.15929	0.02730	0.00619	0.00165	0.00246	0.00921	0.00521	0.00459
51	0.02628	0.12834	0.22226	0.01175	0.03788	0.09718	0.02330	0.09693	0.05789	0.16070	0.01208	0.01260	0.02411	0.00594	0.01601	0.00157	0.05057	0.00412	0.00342	0.00708
52	0.01313	0.01155	0.01159	0.01026	0.01313	0.05609	0.00801	0.09271	0.67746	0.02101	0.01859	0.01724	0.01394	0.00651	0.00496	0.00163	0.00430	0.00532	0.00486	0.00772
53	0.01060	0.00901	0.01040	0.00757	0.01183	0.00716	0.00605	0.03989	0.05326	0.01678	0.00946	0.01069	0.00774	0.00388	0.00376	0.00081	0.00371	0.00311	0.00310	0.78118

[dist]
# distance from previous block
# <min> <max>
0	2

[block]
# block no. 3 follows, 51 sequences, length 92
# corresponding to MSA columns:
# 267-358
name=unknown_D
#
# <colnr> <probs for GDERKNQSTAVLIFYWHMCP>
#	G	D	E	R	K	N	Q	S	T	A	V	L	I	F	Y	W	H	M	C	P
0	0.01051	0.00689	0.03999	0.00660	0.00904	0.00555	0.00545	0.01261	0.03702	0.21869	0.10863	0.03591	0.46390	0.01006	0.00551	0.00161	0.00316	0.00839	0.00495	0.00553
1	0.86201	0.00950	0.00722	0.00646	0.00950	0.01102	0.00532	0.01445	0.00836	0.02205	0.00684	0.00798	0.00532	0.00456	0.00304	0.00152	0.00380	0.00266	0.00304	0.00532
2	0.04685	0.01081	0.01790	0.21145	0.17612	0.04243	0.20919	0.04880	0.01149	0.05515	0.01195	0.08383	0.01041	0.00594	0.00523	0.00163	0.00627	0.03524	0.00298	0.00634
3	0.00620	0.00473	0.00569	0.00600	0.00702	0.00423	0.00429	0.00760	0.01131	0.01482	0.25098	0.32918	0.30450	0.01285	0.00597	0.00175	0.00257	0.01127	0.00480	0.00423
4	0.80558	0.00943	0.00750	0.00662	0.00971	0.01077	0.00545	0.01508	0.00875	0.07431	0.00769	0.00857	0.00578	0.00466	0.00317	0.00152	0.00383	0.00281	0.00325	0.00553
5	0.00633	0.00452	0.00609	0.00723	0.00766	0.00428	0.00515	0.00743	0.00974	0.01293	0.02690	0.68894	0.03176	0.01508	0.00636	0.00204	0.00315	0.14577	0.00456	0.00409
6	0.05409	0.01229	0.02588	0.01879	0.02326	0.01163	0.67271	0.01491	0.01125	0.01578	0.01127	0.08315	0.00952	0.00514	0.00570	0.00168	0.00759	0.00635	0.00269	0.00633
7	0.00586	0.00498	0.00505	0.00503	0.00667	0.00417	0.00377	0.00715	0.01132	0.01357	0.08337	0.04682	0.76088	0.01234	0.00581	0.00165	0.00248	0.01030	0.00460	0.00417
8	0.00916	0.00458	0.00458	0.00458	0.00573	0.00458	0.00344	0.01145	0.01031	0.01832	0.01603	0.01832	0.01260	0.00573	0.00344	0.00115	0.00229	0.00458	0.85457	0.00458
9	0.00702	0.00527	0.00790	0.00790	0.00878	0.00614	0.00614	0.00878	0.00790	0.01141	0.01316	0.01931	0.01229	0.03686	0.80782	0.00790	0.01316	0.00527	0.00263	0.00439
10	0.01314	0.83025	0.02575	0.00841	0.01261	0.01945	0.00841	0.01472	0.00999	0.01156	0.00683	0.00788	0.00631	0.00420	0.00315	0.00105	0.00526	0.00263	0.00210	0.00631
11	0.00665	0.00485	0.00639	0.00731	0.00807	0.00459	0.00556	0.00810	0.01051	0.01380	0.08038	0.44052	0.11444	0.01413	0.00636	0.00202	0.00331	0.25418	0.00461	0.00422
12	0.00928	0.00873	0.01474	0.81548	0.03385	0.01092	0.01365	0.01256	0.00983	0.01256	0.00873	0.01310	0.00655	0.00491	0.00491	0.00164	0.00655	0.00437	0.00218	0.00546
13	0.00715	0.00476	0.00536	0.00536	0.00536	0.00476	0.00298	0.00715	0.00715	0.00953	0.01548	0.03216	0.01787	0.82729	0.02501	0.00476	0.00476	0.00715	0.00298	0.00298
14	0.07010	0.00867	0.01088	0.00829	0.01214	0.00754	0.00679	0.04817	0.01308	0.51445	0.02911	0.01472	0.01098	0.00544	0.00451	0.00132	0.00404	0.00434	0.00505	0.22038
15	0.00986	0.02542	0.80183	0.01401	0.02127	0.01141	0.01816	0.01556	0.01038	0.01556	0.00882	0.01038	0.00623	0.00467	0.00467	0.00156	0.00726	0.00363	0.00208	0.00726
16	0.01499	0.00879	0.01059	0.00839	0.01179	0.00810	0.00667	0.08354	0.12594	0.29655	0.04232	0.04956	0.01315	0.04747	0.00567	0.00149	0.00400	0.00502	0.00467	0.25131
17	0.01966	0.01136	0.01319	0.01009	0.01399	0.01161	0.00833	0.44022	0.01887	0.34090	0.01473	0.01372	0.00985	0.00587	0.00487	0.00146	0.00483	0.00457	0.00530	0.04659
18	0.00900	0.00727	0.00805	0.00751	0.00939	0.00756	0.00571	0.06397	0.26177	0.01820	0.21143	0.12508	0.22565	0.00994	0.00554	0.00166	0.00313	0.00851	0.00493	0.00569
19	0.00700	0.00474	0.00585	0.00632	0.00723	0.00426	0.00445	0.00779	0.01000	0.05226	0.03255	0.43915	0.28243	0.01407	0.00723	0.07895	0.00295	0.02425	0.00442	0.00411
20	0.00599	0.00428	0.00570	0.00684	0.00713	0.00399	0.00456	0.00684	0.00941	0.01254	0.02709	0.82409	0.03250	0.01540	0.00627	0.00200	0.00285	0.01397	0.00456	0.00399
21	0.01031	0.00906	0.01489	0.67056	0.10067	0.01085	0.01321	0.01392	0.04237	0.05300	0.00979	0.01342	0.00730	0.00500	0.00491	0.00162	0.00626	0.00445	0.00252	0.00591
22	0.01232	0.01163	0.01946	0.06674	0.72509	0.01180	0.01475	0.04942	0.01166	0.01656	0.00933	0.01219	0.00775	0.00447	0.00487	0.00147	0.00585	0.00438	0.00253	0.00770
23	0.01117	0.00944	0.01561	0.02695	0.01556	0.04172	0.26429	0.04795	0.01149	0.10120	0.01744	0.26509	0.01746	0.02535	0.00667	0.00185	0.04214	0.06911	0.00378	0.00573
24	0.86201	0.00950	0.00722	0.00646	0.00950	0.01102	0.00532	0.01445	0.00836	0.02205	0.00684	0.00798	0.00532	0.00456	0.00304	0.00152	0.00380	0.00266	0.00304	0.00532
25	0.02205	0.00836	0.01140	0.00874	0.01254	0.00722	0.00722	0.02395	0.01407	0.80004	0.01939	0.01673	0.01216	0.00608	0.00494	0.00152	0.00418	0.00494	0.00608	0.00836
26	0.01151	0.12225	0.26138	0.01625	0.02156	0.04019	0.37792	0.01605	0.04317	0.01516	0.00948	0.01171	0.00719	0.00452	0.00521	0.00154	0.02112	0.00461	0.00241	0.00677
27	0.00604	0.00482	0.00544	0.00584	0.00705	0.00422	0.00429	0.00728	0.01078	0.01338	0.06725	0.27544	0.49339	0.01330	0.00601	0.00179	0.00273	0.06220	0.00459	0.00414
28	0.00596	0.00439	0.00559	0.00654	0.00705	0.00402	0.00443	0.00688	0.00970	0.01266	0.03073	0.69947	0.15477	0.01492	0.00620	0.00194	0.00279	0.01339	0.00456	0.00402
29	0.01255	0.01072	0.01130	0.01007	0.01290	0.01238	0.00786	0.06422	0.74912	0.02108	0.01959	0.01800	0.01467	0.00663	0.00500	0.00166	0.00397	0.00550	0.00500	0.00781
30	0.00702	0.00527	0.00790	0.00790	0.00878	0.00614	0.00614	0.00878	0.00790	0.01141	0.01316	0.01931	0.01229	0.03686	0.80782	0.00790	0.01316	0.00527	0.00263	0.00439
31	0.01019	0.00873	0.01019	0.00728	0.01165	0.00655	0.00582	0.01237	0.01019	0.01601	0.00873	0.01019	0.00728	0.00364	0.00364	0.00073	0.00364	0.00291	0.00291	0.85734
32	0.01973	0.01209	0.01371	0.01051	0.01440	0.01275	0.00868	0.54543	0.02030	0.26976	0.01415	0.01333	0.00954	0.00596	0.00492	0.00149	0.00503	0.00459	0.00528	0.00836
33	0.02188	0.00864	0.01157	0.00887	0.01268	0.00763	0.00733	0.06217	0.01452	0.76118	0.01900	0.01648	0.01197	0.00607	0.00494	0.00152	0.00424	0.00492	0.00602	0.00836
34	0.00715	0.00476	0.00536	0.00536	0.00536	0.00476	0.00298	0.00715	0.00715	0.00953	0.01548	0.03216	0.01787	0.82729	0.02501	0.00476	0.00476	0.00715	0.00298	0.00298
35	0.01668	0.01016	0.01169	0.00970	0.01301	0.01077	0.00777	0.12223	0.40397	0.30955	0.01872	0.01690	0.01310	0.00635	0.00497	0.00159	0.00419	0.00518	0.00539	0.00807
36	0.00722	0.00533	0.00750	0.00753	0.00846	0.00572	0.00589	0.00910	0.01009	0.01418	0.23718	0.03052	0.02471	0.07107	0.39464	0.00492	0.02242	0.12537	0.00373	0.00442
37	0.01775	0.01129	0.01276	0.00997	0.01359	0.03067	0.00815	0.40753	0.03075	0.23920	0.01377	0.01368	0.00970	0.00835	0.07253	0.00196	0.00563	0.00449	0.00481	0.08342
38	0.01222	0.01056	0.01111	0.01000	0.01278	0.01222	0.00778	0.02611	0.78776	0.02056	0.02000	0.01833	0.01500	0.00667	0.00500	0.00167	0.00389	0.00556	0.00500	0.00778
39	0.86201	0.00950	0.00722	0.00646	0.00950	0.01102	0.00532	0.01445	0.00836	0.02205	0.00684	0.00798	0.00532	0.00456	0.00304	0.00152	0.00380	0.00266	0.00304	0.00532
40	0.01155	0.04494	0.01918	0.20518	0.57933	0.01184	0.02817	0.01451	0.01084	0.01508	0.00904	0.01222	0.00744	0.00449	0.00482	0.00149	0.00602	0.00433	0.00236	0.00718
41	0.02205	0.00836	0.01140	0.00874	0.01254	0.00722	0.00722	0.02395	0.01407	0.80004	0.01939	0.01673	0.01216	0.00608	0.00494	0.00152	0.00418	0.00494	0.00608	0.00836
42	0.01075	0.01075	0.01505	0.01290	0.01290	0.01505	0.01075	0.01183	0.00753	0.01183	0.00645	0.01075	0.00645	0.00860	0.01613	0.00215	0.81830	0.00430	0.00215	0.00538
43	0.00854	0.00427	0.00640	0.00640	0.00640	0.00427	0.00427	0.00640	0.00640	0.00854	0.00854	0.01494	0.00854	0.01707	0.01921	0.85702	0.00427	0.00427	0.00213	0.00213
44	0.01000	0.06166	0.76688	0.01375	0.02088	0.01177	0.01772	0.01552	0.01036	0.01538	0.00873	0.01026	0.00623	0.00465	0.00460	0.00153	0.00717	0.00359	0.00208	0.00722
45	0.00717	0.00563	0.00640	0.00606	0.00762	0.00523	0.00458	0.04099	0.05208	0.01716	0.37039	0.05633	0.38050	0.01090	0.00574	0.00161	0.00261	0.00931	0.00497	0.00472
46	0.00598	0.00429	0.00569	0.00681	0.00712	0.00399	0.00455	0.00685	0.00944	0.01256	0.02753	0.80883	0.04747	0.01534	0.00626	0.00199	0.00284	0.01390	0.00456	0.00399
47	0.00714	0.00603	0.00649	0.00741	0.00792	0.07647	0.00508	0.00807	0.00986	0.01254	0.02531	0.73424	0.03005	0.01443	0.00612	0.00194	0.00343	0.02894	0.00438	0.00416
48	0.00928	0.00873	0.01474	0.81548	0.03385	0.01092	0.01365	0.01256	0.00983	0.01256	0.00873	0.01310	0.00655	0.00491	0.00491	0.00164	0.00655	0.00437	0.00218	0.00546
49	0.02146	0.00931	0.01199	0.00919	0.01302	0.00862	0.00759	0.15593	0.01564	0.66583	0.01806	0.01587	0.01150	0.00605	0.00494	0.00151	0.00440	0.00485	0.00588	0.00836
50	0.00928	0.00873	0.01474	0.81548	0.03385	0.01092	0.01365	0.01256	0.00983	0.01256	0.00873	0.01310	0.00655	0.00491	0.00491	0.00164	0.00655	0.00437	0.00218	0.00546
51	0.02205	0.00836	0.01140	0.00874	0.01254	0.00722	0.00722	0.02395	0.01407	0.80004	0.01939	0.01673	0.01216	0.00608	0.00494	0.00152	0.00418	0.00494	0.00608	0.00836
52	0.00583	0.00498	0.00501	0.00500	0.00665	0.00416	0.00375	0.00710	0.01126	0.01341	0.06567	0.04707	0.77867	0.01239	0.00581	0.00166	0.00249	0.01034	0.00458	0.00416
53	0.00986	0.02542	0.80183	0.01401	0.02127	0.01141	0.01816	0.01556	0.01038	0.01556	0.00882	0.01038	0.00623	0.00467	0.00467	0.00156	0.00726	0.00363	0.00208	0.00726
54	0.01553	0.01749	0.01263	0.01143	0.01408	0.44087	0.00870	0.02262	0.37070	0.01596	0.01332	0.01323	0.01033	0.00580	0.00469	0.00145	0.00657	0.00427	0.00367	0.00666
55	0.01160	0.01326	0.02900	0.02071	0.02568	0.01243	0.77879	0.01574	0.01160	0.01574	0.00994	0.01326	0.00746	0.00414	0.00580	0.00166	0.00829	0.00580	0.00249	0.00663
56	0.00940	0.00481	0.00484	0.00475	0.00597	0.00485	0.00358	0.03092	0.01063	0.01864	0.01592	0.01816	0.01249	0.00573	0.00347	0.00115	0.00237	0.00458	0.83306	0.00468
57	0.00712	0.00486	0.00582	0.00582	0.00598	0.00501	0.00355	0.00744	0.00728	0.00987	0.01506	0.02983	0.01685	0.68397	0.16695	0.00533	0.00629	0.00681	0.00292	0.00323
58	0.00688	0.00502	0.00646	0.00610	0.00729	0.00460	0.00457	0.00912	0.01372	0.01926	0.74200	0.03745	0.09869	0.01021	0.00580	0.00155	0.00233	0.00899	0.00535	0.00460
59	0.00639	0.00490	0.00585	0.00582	0.00705	0.00436	0.00429	0.00810	0.01226	0.01628	0.40620	0.15093	0.32641	0.01170	0.00587	0.00165	0.00246	0.01016	0.00497	0.00436
60	0.02175	0.00885	0.01171	0.00897	0.01279	0.00795	0.00741	0.09213	0.01488	0.73071	0.01870	0.01628	0.01182	0.00607	0.00494	0.00152	0.00429	0.00490	0.00598	0.00836
61	0.02081	0.00840	0.01128	0.00859	0.01245	0.00715	0.00708	0.02275	0.01366	0.71848	0.01828	0.01605	0.01166	0.00583	0.00481	0.00144	0.00413	0.00473	0.00575	0.09668
62	0.06449	0.00842	0.01119	0.00863	0.01239	0.00741	0.00713	0.02347	0.01378	0.76073	0.01875	0.01628	0.01182	0.00601	0.00485	0.00152	0.00416	0.00483	0.00593	0.00821
63	0.01160	0.01326	0.02900	0.02071	0.02568	0.01243	0.77879	0.01574	0.01160	0.01574	0.00994	0.01326	0.00746	0.00414	0.00580	0.00166	0.00829	0.00580	0.00249	0.00663
64	0.00823	0.00783	0.01355	0.01122	0.03308	0.00721	0.25268	0.01062	0.01152	0.01504	0.14480	0.05270	0.29595	0.04607	0.00673	0.00183	0.00467	0.06729	0.00390	0.00508
65	0.86201	0.00950	0.00722	0.00646	0.00950	0.01102	0.00532	0.01445	0.00836	0.02205	0.00684	0.00798	0.00532	0.00456	0.00304	0.00152	0.00380	0.00266	0.00304	0.00532
66	0.01036	0.00661	0.00911	0.00949	0.08343	0.00696	0.00616	0.06361	0.00910	0.07938	0.01192	0.01927	0.01145	0.22562	0.09898	0.28208	0.05403	0.00520	0.00297	0.00429
67	0.01075	0.01075	0.01505	0.01290	0.01290	0.01505	0.01075	0.01183	0.00753	0.01183	0.00645	0.01075	0.00645	0.00860	0.01613	0.00215	0.81830	0.00430	0.00215	0.00538
68	0.01836	0.02342	0.01393	0.01266	0.01519	0.80756	0.00950	0.01962	0.01393	0.01203	0.00760	0.00886	0.00633	0.00506	0.00443	0.00127	0.00886	0.00317	0.00253	0.00570
69	0.01273	0.03087	0.18859	0.02086	0.34590	0.01155	0.13486	0.06566	0.01202	0.07963	0.01017	0.01213	0.00773	0.00461	0.00490	0.00148	0.00627	0.00439	0.00283	0.04282
70	0.01216	0.01168	0.01995	0.03016	0.79664	0.01168	0.01508	0.01508	0.01119	0.01605	0.00924	0.01216	0.00778	0.00438	0.00487	0.00146	0.00584	0.00438	0.00243	0.00778
71	0.00928	0.00873	0.01474	0.81548	0.03385	0.01092	0.01365	0.01256	0.00983	0.01256	0.00873	0.01310	0.00655	0.00491	0.00491	0.00164	0.00655	0.00437	0.00218	0.00546
72	0.01216	0.01557	0.22410	0.08632	0.04018	0.01203	0.32296	0.08972	0.07882	0.05268	0.01099	0.01292	0.00801	0.00482	0.00522	0.00160	0.00698	0.00489	0.00296	0.00706
73	0.01868	0.01376	0.01475	0.01131	0.01524	0.01524	0.00934	0.78025	0.02311	0.03097	0.01180	0.01180	0.00836	0.00590	0.00492	0.00147	0.00541	0.00442	0.00492	0.00836
74	0.00787	0.00471	0.00706	0.00706	0.00745	0.00510	0.00510	0.00745	0.00706	0.00980	0.01058	0.01687	0.01019	0.02580	0.36713	0.48240	0.00819	0.00471	0.00235	0.00313
75	0.86201	0.00950	0.00722	0.00646	0.00950	0.01102	0.00532	0.01445	0.00836	0.02205	0.00684	0.00798	0.00532	0.00456	0.00304	0.00152	0.00380	0.00266	0.00304	0.00532
76	0.01080	0.01090	0.01589	0.01337	0.01367	0.01490	0.05670	0.01206	0.00777	0.01206	0.00666	0.01090	0.00651	0.00833	0.01551	0.00212	0.76984	0.00439	0.00217	0.00545
77	0.06730	0.01020	0.01227	0.00946	0.01326	0.01006	0.00781	0.27160	0.01672	0.50474	0.01620	0.01463	0.01054	0.00594	0.00483	0.00151	0.00456	0.00465	0.00553	0.00819
78	0.00704	0.00510	0.00686	0.00783	0.00871	0.00492	0.00627	0.00874	0.01077	0.01408	0.06304	0.31573	0.09510	0.01394	0.00648	0.00209	0.00368	0.41072	0.00458	0.00432
79	0.00866	0.00551	0.00648	0.00595	0.00777	0.00478	0.00456	0.01036	0.01252	0.13558	0.28764	0.03917	0.43129	0.01069	0.00567	0.00160	0.00269	0.00906	0.00507	0.00495
80	0.00654	0.00498	0.00601	0.00582	0.00710	0.00445	0.00434	0.00845	0.01284	0.01730	0.51862	0.07278	0.29078	0.01105	0.00582	0.00160	0.00240	0.00958	0.00510	0.00445
81	0.01681	0.27659	0.01799	0.01082	0.01439	0.26911	0.00909	0.29428	0.01601	0.01876	0.00888	0.00962	0.00706	0.00509	0.00420	0.00127	0.00646	0.00345	0.00326	0.00686
82	0.01019	0.00873	0.01019	0.00728	0.01165	0.00655	0.00582	0.01237	0.01019	0.01601	0.00873	0.01019	0.00728	0.00364	0.00364	0.00073	0.00364	0.00291	0.00291	0.85734
83	0.00854	0.00427	0.00640	0.00640	0.00640	0.00427	0.00427	0.00640	0.00640	0.00854	0.00854	0.01494	0.00854	0.01707	0.01921	0.85702	0.00427	0.00427	0.00213	0.00213
84	0.86201	0.00950	0.00722	0.00646	0.00950	0.01102	0.00532	0.01445	0.00836	0.02205	0.00684	0.00798	0.00532	0.00456	0.00304	0.00152	0.00380	0.00266	0.00304	0.00532
85	0.01186	0.08530	0.04058	0.05167	0.41701	0.03596	0.01190	0.02873	0.15193	0.01679	0.08833	0.01519	0.01263	0.00541	0.00481	0.00147	0.00524	0.00482	0.00318	0.00718
86	0.00661	0.00528	0.00634	0.00658	0.03968	0.00469	0.00462	0.00842	0.01246	0.01639	0.39467	0.04091	0.41362	0.01099	0.00576	0.00160	0.00255	0.00943	0.00487	0.00453
87	0.00607	0.00434	0.00580	0.00694	0.00726	0.00406	0.00471	0.00699	0.00949	0.01264	0.02704	0.79125	0.03232	0.01532	0.00629	0.00201	0.00292	0.04600	0.00456	0.00401
88	0.19629	0.02254	0.01076	0.00832	0.01192	0.00845	0.00687	0.02191	0.04772	0.58965	0.01659	0.01483	0.01077	0.00576	0.00452	0.00152	0.00411	0.00446	0.00533	0.00767
89	0.01235	0.39295	0.28925	0.01155	0.01649	0.07861	0.04982	0.03108	0.01066	0.01358	0.00781	0.00930	0.00639	0.00469	0.00459	0.00133	0.04746	0.00329	0.00221	0.00660
90	0.01184	0.00551	0.00660	0.00613	0.00780	0.00515	0.00466	0.01374	0.01116	0.21975	0.03235	0.17737	0.01699	0.00780	0.00443	0.00142	0.00289	0.00660	0.45237	0.00545
91	0.49970	0.04110	0.11758	0.00872	0.01235	0.07220	0.00802	0.12159	0.01122	0.02090	0.00870	0.04270	0.00710	0.00524	0.00377	0.00150	0.00489	0.00354	0.00316	0.00602

[dist]
# distance from previous block
# <min> <max>
4	7

[block]
# block no. 4 follows, 51 sequences, length 37
# corresponding to MSA columns:
# 366-392,395-404
name=unknown_E
#
# <colnr> <probs for GDERKNQSTAVLIFYWHMCP>
#	G	D	E	R	K	N	Q	S	T	A	V	L	I	F	Y	W	H	M	C	P
0	0.00667	0.00498	0.00603	0.00588	0.00714	0.00458	0.00441	0.00854	0.01215	0.01656	0.41487	0.06768	0.28318	0.01310	0.07475	0.00213	0.00333	0.00902	0.05058	0.00443
1	0.21048	0.00807	0.01036	0.00915	0.04729	0.00783	0.04579	0.01678	0.01221	0.33048	0.18634	0.06219	0.01876	0.00693	0.00480	0.00156	0.00390	0.00579	0.00480	0.00649
2	0.00992	0.00823	0.00888	0.00815	0.01023	0.00901	0.00619	0.03642	0.43546	0.01794	0.10841	0.02699	0.16507	0.08895	0.03626	0.00217	0.00391	0.00694	0.00468	0.00618
3	0.01779	0.00743	0.01001	0.00800	0.01107	0.00649	0.00648	0.01978	0.01396	0.58114	0.21859	0.02258	0.03980	0.00725	0.00518	0.00153	0.00366	0.00608	0.00587	0.00731
4	0.01015	0.05484	0.65961	0.01535	0.10703	0.01155	0.01701	0.01528	0.01056	0.01559	0.03299	0.01129	0.00764	0.00478	0.00467	0.00153	0.00687	0.00384	0.00222	0.00720
5	0.00621	0.00481	0.00566	0.00584	0.00698	0.00426	0.00423	0.00768	0.01155	0.01505	0.27183	0.25085	0.36242	0.01250	0.00593	0.00171	0.00253	0.01087	0.00482	0.00426
6	0.01378	0.73167	0.02431	0.00893	0.01293	0.11574	0.00854	0.01531	0.01047	0.01162	0.00693	0.00800	0.00631	0.00431	0.00331	0.00108	0.00570	0.00269	0.00215	0.00623
7	0.00659	0.00478	0.00613	0.00686	0.00731	0.00472	0.00463	0.00815	0.05106	0.01275	0.05329	0.58413	0.02863	0.12917	0.06502	0.00276	0.00388	0.01176	0.00426	0.00411
8	0.08505	0.16152	0.13296	0.01092	0.01508	0.08562	0.04530	0.21918	0.09163	0.07697	0.01103	0.01149	0.00821	0.00523	0.00439	0.00142	0.00568	0.00394	0.01725	0.00714
