[name]
unknown

[dist]
# distance from previous block
# <min> <max>
10	167

[block]
# block no. 0 follows, 51 sequences, length 15
# corresponding to MSA columns:
# 204-218
name=unknown_A
#
# <colnr> <probs for GDERKNQSTAVLIFYWHMCP>
#	G	D	E	R	K	N	Q	S	T	A	V	L	I	F	Y	W	H	M	C	P
0	0.01367	0.01034	0.01305	0.13571	0.07533	0.01112	0.02071	0.21592	0.19272	0.09378	0.06538	0.03849	0.01300	0.00616	0.00494	0.00151	0.00478	0.00519	0.00426	0.07391
1	0.01440	0.01205	0.01405	0.01486	0.19444	0.13129	0.04729	0.16136	0.04891	0.12279	0.01726	0.09271	0.09287	0.00697	0.00510	0.00153	0.00540	0.00593	0.00395	0.00686
2	0.03485	0.00792	0.01096	0.08447	0.14086	0.00836	0.00800	0.14482	0.02240	0.01544	0.01212	0.12177	0.01168	0.01082	0.01010	0.30448	0.00471	0.01782	0.00312	0.02530
3	0.01349	0.05076	0.01356	0.03514	0.08443	0.01118	0.03816	0.25292	0.13238	0.06829	0.01539	0.13959	0.01358	0.00721	0.00503	0.00154	0.00471	0.02846	0.00423	0.07996
4	0.09878	0.01058	0.01121	0.01026	0.05937	0.06183	0.00747	0.14997	0.20492	0.15882	0.01476	0.01685	0.01165	0.13261	0.00779	0.00201	0.00476	0.00492	0.00431	0.02712
5	0.28045	0.00930	0.01277	0.08017	0.01509	0.00952	0.14332	0.01602	0.04858	0.16921	0.05361	0.06692	0.01167	0.00586	0.00455	0.00155	0.00476	0.00503	0.00377	0.05784
6	0.01121	0.01053	0.01775	0.02656	0.67474	0.01049	0.01346	0.01381	0.01091	0.01551	0.01200	0.13752	0.01160	0.00608	0.00508	0.00154	0.00538	0.00586	0.00276	0.00720
7	0.00704	0.00511	0.00667	0.00692	0.00746	0.00544	0.00480	0.00861	0.04677	0.01157	0.01793	0.23705	0.01955	0.27946	0.30771	0.00503	0.00731	0.00819	0.00337	0.00401
8	0.00704	0.00496	0.00633	0.00617	0.00681	0.00497	0.00425	0.00832	0.01008	0.01408	0.33648	0.03167	0.02861	0.34440	0.16117	0.00401	0.00530	0.00752	0.00392	0.00392
9	0.01685	0.02037	0.01404	0.01383	0.08545	0.61284	0.00974	0.02021	0.13315	0.01371	0.00966	0.01062	0.00780	0.00525	0.00456	0.00135	0.00782	0.00364	0.00290	0.00621
10	0.01170	0.01058	0.01757	0.02621	0.67453	0.01058	0.01328	0.01452	0.01105	0.01640	0.01029	0.01311	0.00853	0.00459	0.00464	0.00141	0.00529	0.00441	0.13400	0.00729
11	0.14832	0.00979	0.01048	0.00850	0.01171	0.00994	0.00679	0.29128	0.01472	0.06044	0.01494	0.13825	0.05058	0.00698	0.00459	0.00141	0.00416	0.00560	0.00415	0.19737
12	0.03681	0.09244	0.06500	0.00977	0.01296	0.03071	0.03346	0.27723	0.08308	0.04845	0.14618	0.09150	0.03682	0.00734	0.00499	0.00152	0.00465	0.00605	0.00435	0.00669
13	0.01032	0.03570	0.01053	0.00832	0.01102	0.04727	0.02864	0.08596	0.06010	0.01679	0.13303	0.07078	0.01668	0.05124	0.11315	0.00229	0.00535	0.00548	0.00364	0.28373
14	0.19843	0.14231	0.01564	0.23438	0.21669	0.01226	0.01065	0.01437	0.04251	0.01606	0.04684	0.01226	0.00885	0.00491	0.00425	0.00147	0.00524	0.00398	0.00270	0.00621

[dist]
# distance from previous block
# <min> <max>
9	21

[block]
# block no. 1 follows, 51 sequences, length 13
# corresponding to MSA columns:
# 243-255
name=unknown_B
#
# <colnr> <probs for GDERKNQSTAVLIFYWHMCP>
#	G	D	E	R	K	N	Q	S	T	A	V	L	I	F	Y	W	H	M	C	P
0	0.01199	0.37775	0.08630	0.12466	0.01588	0.05465	0.00930	0.01432	0.01082	0.05023	0.09000	0.01259	0.01089	0.00502	0.00402	0.00122	0.00525	0.00379	0.00276	0.10856
1	0.16899	0.30437	0.08398	0.00944	0.01335	0.01314	0.07481	0.05428	0.01094	0.04665	0.05953	0.05339	0.01054	0.00537	0.00402	0.00133	0.00495	0.00419	0.00301	0.07373
2	0.07198	0.07710	0.00956	0.00806	0.00975	0.00855	0.00614	0.11028	0.12803	0.01679	0.02082	0.44693	0.02243	0.01107	0.00542	0.00177	0.00366	0.03189	0.00435	0.00543
3	0.26083	0.00857	0.00970	0.03757	0.01169	0.00929	0.04645	0.10565	0.09677	0.01994	0.13166	0.08338	0.05869	0.00800	0.00491	0.00167	0.00406	0.09135	0.00413	0.00567
4	0.01212	0.40188	0.37165	0.01127	0.01670	0.08287	0.01286	0.01551	0.01049	0.01339	0.00779	0.00908	0.00627	0.00449	0.00394	0.00130	0.00646	0.00312	0.00213	0.00668
5	0.00854	0.00427	0.00640	0.00640	0.00640	0.00427	0.00427	0.00640	0.00640	0.00854	0.00854	0.01494	0.00854	0.01707	0.01921	0.85702	0.00427	0.00427	0.00213	0.00213
6	0.01079	0.01065	0.01967	0.21461	0.30702	0.01096	0.22079	0.01405	0.01099	0.01496	0.01137	0.01800	0.00991	0.00557	0.00537	0.00165	0.00651	0.09797	0.00264	0.00651
7	0.00916	0.00458	0.00458	0.00458	0.00573	0.00458	0.00344	0.01145	0.01031	0.01832	0.01603	0.01832	0.01260	0.00573	0.00344	0.00115	0.00229	0.00458	0.85457	0.00458
8	0.01019	0.00873	0.01019	0.00728	0.01165	0.00655	0.00582	0.01237	0.01019	0.01601	0.00873	0.01019	0.00728	0.00364	0.00364	0.00073	0.00364	0.00291	0.00291	0.85734
9	0.01703	0.02008	0.01312	0.01171	0.01435	0.60657	0.00890	0.11001	0.05017	0.01480	0.01232	0.01298	0.07531	0.00588	0.00463	0.00134	0.00767	0.00405	0.00311	0.00598
10	0.00643	0.00505	0.00585	0.00580	0.00722	0.00447	0.00444	0.00818	0.01225	0.01588	0.33433	0.04392	0.44005	0.01162	0.00589	0.00167	0.00260	0.07509	0.00489	0.00437
11	0.01470	0.01105	0.01196	0.01016	0.01331	0.01238	0.00807	0.19583	0.53507	0.10388	0.01809	0.01669	0.01321	0.00643	0.00498	0.00161	0.00426	0.00524	0.00509	0.00797
12	0.28205	0.11373	0.15992	0.05211	0.01563	0.08493	0.06014	0.10992	0.01180	0.03669	0.02623	0.01042	0.00736	0.00490	0.00410	0.00146	0.00569	0.00359	0.00298	0.00636

[dist]
# distance from previous block
# <min> <max>
3	6

[block]
# block no. 2 follows, 51 sequences, length 181
# corresponding to MSA columns:
# 262-442
name=unknown_C
#
# <colnr> <probs for GDERKNQSTAVLIFYWHMCP>
#	G	D	E	R	K	N	Q	S	T	A	V	L	I	F	Y	W	H	M	C	P
0	0.00598	0.00432	0.00566	0.00674	0.00710	0.00400	0.00451	0.00685	0.00951	0.01259	0.02837	0.78015	0.07561	0.01523	0.00625	0.00198	0.00283	0.01377	0.00456	0.00400
1	0.00986	0.02542	0.80183	0.01401	0.02127	0.01141	0.01816	0.01556	0.01038	0.01556	0.00882	0.01038	0.00623	0.00467	0.00467	0.00156	0.00726	0.00363	0.00208	0.00726
2	0.00916	0.00458	0.00458	0.00458	0.00573	0.00458	0.00344	0.01145	0.01031	0.01832	0.01603	0.01832	0.01260	0.00573	0.00344	0.00115	0.00229	0.00458	0.85457	0.00458
3	0.63001	0.01053	0.00920	0.00773	0.01101	0.01197	0.00637	0.20491	0.01218	0.04514	0.00841	0.00917	0.00626	0.00493	0.00356	0.00151	0.00421	0.00316	0.00359	0.00616
4	0.00916	0.00458	0.00458	0.00458	0.00573	0.00458	0.00344	0.01145	0.01031	0.01832	0.01603	0.01832	0.01260	0.00573	0.00344	0.00115	0.00229	0.00458	0.85457	0.00458
5	0.01314	0.83025	0.02575	0.00841	0.01261	0.01945	0.00841	0.01472	0.00999	0.01156	0.00683	0.00788	0.00631	0.00420	0.00315	0.00105	0.00526	0.00263	0.00210	0.00631
6	0.00629	0.00449	0.00602	0.00704	0.00749	0.00423	0.00495	0.00742	0.00999	0.01337	0.08953	0.67268	0.03316	0.01475	0.00629	0.00199	0.00300	0.09856	0.00463	0.00410
7	0.01019	0.00873	0.01019	0.00728	0.01165	0.00655	0.00582	0.01237	0.01019	0.01601	0.00873	0.01019	0.00728	0.00364	0.00364	0.00073	0.00364	0.00291	0.00291	0.85734
8	0.01046	0.01026	0.01426	0.01229	0.01229	0.01421	0.01012	0.01144	0.00750	0.01164	0.00719	0.01250	0.00738	0.07539	0.01685	0.00236	0.75193	0.00453	0.00222	0.00518
9	0.01222	0.01056	0.01111	0.01000	0.01278	0.01222	0.00778	0.02611	0.78776	0.02056	0.02000	0.01833	0.01500	0.00667	0.00500	0.00167	0.00389	0.00556	0.00500	0.00778
10	0.00599	0.00428	0.00570	0.00684	0.00713	0.00399	0.00456	0.00684	0.00941	0.01254	0.02709	0.82409	0.03250	0.01540	0.00627	0.00200	0.00285	0.01397	0.00456	0.00399
11	0.00928	0.00873	0.01474	0.81548	0.03385	0.01092	0.01365	0.01256	0.00983	0.01256	0.00873	0.01310	0.00655	0.00491	0.00491	0.00164	0.00655	0.00437	0.00218	0.00546
12	0.00916	0.00458	0.00458	0.00458	0.00573	0.00458	0.00344	0.01145	0.01031	0.01832	0.01603	0.01832	0.01260	0.00573	0.00344	0.00115	0.00229	0.00458	0.85457	0.00458
13	0.01731	0.01729	0.01412	0.07608	0.01652	0.35674	0.00963	0.33393	0.07543	0.02054	0.01035	0.01113	0.00784	0.00552	0.00471	0.00141	0.00688	0.00396	0.00367	0.00693
14	0.61336	0.00819	0.00657	0.00603	0.00867	0.00903	0.00486	0.01230	0.00919	0.01950	0.01931	0.01940	0.23454	0.00685	0.00384	0.00156	0.00342	0.00490	0.00348	0.00498
15	0.01314	0.83025	0.02575	0.00841	0.01261	0.01945	0.00841	0.01472	0.00999	0.01156	0.00683	0.00788	0.00631	0.00420	0.00315	0.00105	0.00526	0.00263	0.00210	0.00631
16	0.00616	0.00447	0.00583	0.00671	0.00723	0.00414	0.00464	0.00726	0.01012	0.01347	0.11208	0.64277	0.09737	0.01450	0.00620	0.00193	0.00283	0.04355	0.00465	0.00410
17	0.01075	0.01075	0.01505	0.01290	0.01290	0.01505	0.01075	0.01183	0.00753	0.01183	0.00645	0.01075	0.00645	0.00860	0.01613	0.00215	0.81830	0.00430	0.00215	0.00538
18	0.86201	0.00950	0.00722	0.00646	0.00950	0.01102	0.00532	0.01445	0.00836	0.02205	0.00684	0.00798	0.00532	0.00456	0.00304	0.00152	0.00380	0.00266	0.00304	0.00532
19	0.00617	0.00441	0.00591	0.00705	0.00742	0.00415	0.00488	0.00716	0.00959	0.01275	0.02698	0.75119	0.03210	0.01522	0.00632	0.00202	0.00301	0.08506	0.00456	0.00404
20	0.06585	0.01462	0.33497	0.01049	0.01456	0.00898	0.01108	0.01536	0.10839	0.09973	0.01648	0.20666	0.01531	0.00808	0.00513	0.00171	0.00509	0.04747	0.00365	0.00640
21	0.00667	0.00511	0.00717	0.00708	0.00810	0.00471	0.04315	0.00836	0.01163	0.01587	0.35968	0.37311	0.10622	0.01226	0.00600	0.00175	0.00286	0.01104	0.00482	0.00442
22	0.00595	0.00464	0.00540	0.00594	0.00691	0.00409	0.00418	0.00705	0.01044	0.01320	0.07084	0.42627	0.39006	0.01378	0.00603	0.00182	0.00266	0.01207	0.00460	0.00409
23	0.02167	0.00898	0.01178	0.00903	0.01285	0.00813	0.00746	0.10984	0.01509	0.71270	0.01853	0.01617	0.01173	0.00606	0.00494	0.00152	0.00432	0.00488	0.00595	0.00836
24	0.01277	0.56166	0.19862	0.01029	0.01518	0.01710	0.03644	0.07235	0.01111	0.01405	0.00775	0.00891	0.00648	0.00443	0.00371	0.00122	0.00582	0.00309	0.00232	0.00668
25	0.22219	0.01301	0.01276	0.24395	0.01917	0.16310	0.00967	0.20502	0.01348	0.01933	0.00876	0.01066	0.00665	0.00520	0.00466	0.00151	0.02781	0.00373	0.00314	0.00619
26	0.00599	0.00428	0.00570	0.00684	0.00713	0.00399	0.00456	0.00684	0.00941	0.01254	0.02709	0.82409	0.03250	0.01540	0.00627	0.00200	0.00285	0.01397	0.00456	0.00399
27	0.00928	0.00873	0.01474	0.81548	0.03385	0.01092	0.01365	0.01256	0.00983	0.01256	0.00873	0.01310	0.00655	0.00491	0.00491	0.00164	0.00655	0.00437	0.00218	0.00546
28	0.01274	0.01141	0.05117	0.27612	0.02027	0.06313	0.01044	0.11312	0.19990	0.08059	0.05967	0.01539	0.01162	0.00604	0.00551	0.00161	0.04601	0.00486	0.00373	0.00666
29	0.01849	0.01343	0.01447	0.01116	0.01503	0.01483	0.00920	0.71982	0.05842	0.05622	0.01243	0.01227	0.00879	0.00594	0.00492	0.00149	0.00530	0.00449	0.00496	0.00833
30	0.01068	0.01017	0.03731	0.07261	0.01401	0.04750	0.00720	0.01398	0.07379	0.01589	0.00960	0.01103	0.00777	0.00409	0.00393	0.00093	0.00427	0.00328	0.00298	0.64899
31	0.00798	0.00592	0.00824	0.00796	0.00901	0.00677	0.00614	0.07157	0.00907	0.01284	0.01325	0.01978	0.01244	0.10134	0.67595	0.00711	0.01182	0.00536	0.00285	0.00459
32	0.01575	0.01422	0.13211	0.01124	0.01538	0.01309	0.02521	0.43380	0.15687	0.07598	0.01484	0.01457	0.04187	0.00610	0.00495	0.00154	0.00527	0.00481	0.00452	0.00788
33	0.00654	0.00501	0.00599	0.00574	0.00708	0.00446	0.00431	0.00846	0.01292	0.01736	0.52209	0.04058	0.31979	0.01092	0.00580	0.00159	0.00238	0.00943	0.00510	0.00446
34	0.01916	0.01300	0.01428	0.01094	0.01486	0.01411	0.00904	0.67336	0.02183	0.13967	0.01287	0.01250	0.00890	0.00593	0.00492	0.00148	0.00523	0.00450	0.00508	0.00836
35	0.00597	0.00433	0.00564	0.00669	0.00709	0.00400	0.00449	0.00686	0.00955	0.01260	0.02894	0.76072	0.09468	0.01516	0.00623	0.00197	0.00282	0.01368	0.00456	0.00400
36	0.00599	0.00428	0.00570	0.00684	0.00713	0.00399	0.00456	0.00684	0.00941	0.01254	0.02709	0.82409	0.03250	0.01540	0.00627	0.00200	0.00285	0.01397	0.00456	0.00399
37	0.01314	0.83025	0.02575	0.00841	0.01261	0.01945	0.00841	0.01472	0.00999	0.01156	0.00683	0.00788	0.00631	0.00420	0.00315	0.00105	0.00526	0.00263	0.00210	0.00631
38	0.00874	0.00464	0.00472	0.00470	0.00589	0.00454	0.00352	0.01094	0.01057	0.01793	0.05763	0.02189	0.08610	0.00656	0.00377	0.00121	0.00231	0.00533	0.73448	0.00454
39	0.01571	0.01183	0.01274	0.01050	0.01385	0.01323	0.00843	0.35908	0.39969	0.07585	0.01634	0.01534	0.01188	0.00629	0.00496	0.00157	0.00458	0.00502	0.00503	0.00807
40	0.00599	0.00428	0.00570	0.00684	0.00713	0.00399	0.00456	0.00684	0.00941	0.01254	0.02709	0.82409	0.03250	0.01540	0.00627	0.00200	0.00285	0.01397	0.00456	0.00399
41	0.01054	0.01002	0.01702	0.47111	0.36834	0.01125	0.01428	0.01366	0.01042	0.01409	0.00896	0.01269	0.00709	0.00468	0.00489	0.00156	0.00624	0.00437	0.00229	0.00648
42	0.01836	0.02342	0.01393	0.01266	0.01519	0.80756	0.00950	0.01962	0.01393	0.01203	0.00760	0.00886	0.00633	0.00506	0.00443	0.00127	0.00886	0.00317	0.00253	0.00570
43	0.00696	0.00502	0.00657	0.00618	0.00734	0.00464	0.00464	0.00927	0.01391	0.01971	0.79405	0.03671	0.04637	0.01005	0.00580	0.00155	0.00232	0.00889	0.00541	0.00464
44	0.01291	0.01090	0.01150	0.01014	0.01304	0.01254	0.00794	0.10588	0.70688	0.02166	0.01913	0.01764	0.01430	0.00659	0.00499	0.00165	0.00405	0.00544	0.00499	0.00784
45	0.00948	0.00679	0.00760	0.00687	0.00794	0.00711	0.00470	0.14049	0.07205	0.01568	0.14096	0.02835	0.02063	0.49133	0.01692	0.00344	0.00441	0.00684	0.00386	0.00454
46	0.00593	0.00451	0.00546	0.00623	0.00697	0.00404	0.00429	0.00691	0.01000	0.01278	0.03454	0.56905	0.28273	0.01443	0.00612	0.00189	0.00273	0.01279	0.00456	0.00404
47	0.01827	0.01461	0.01445	0.01137	0.01509	0.09943	0.00927	0.65514	0.06686	0.02834	0.01183	0.01187	0.00853	0.00586	0.00487	0.00146	0.00569	0.00436	0.00467	0.00804
48	0.01275	0.73489	0.11771	0.00907	0.01364	0.01849	0.00956	0.01482	0.01003	0.01204	0.00707	0.00818	0.00630	0.00426	0.00333	0.00111	0.00549	0.00275	0.00210	0.00642
49	0.02205	0.00836	0.01140	0.00874	0.01254	0.00722	0.00722	0.02395	0.01407	0.80004	0.01939	0.01673	0.01216	0.00608	0.00494	0.00152	0.00418	0.00494	0.00608	0.00836
50	0.01357	0.01412	0.01686	0.20077	0.36868	0.21140	0.01291	0.07496	0.01249	0.01541	0.00891	0.01152	0.00719	0.00479	0.00477	0.00145	0.00672	0.00408	0.00259	0.00678
51	0.00581	0.00498	0.00498	0.00498	0.00664	0.00415	0.00373	0.00705	0.01120	0.01328	0.04978	0.04729	0.79464	0.01245	0.00581	0.00166	0.00249	0.01037	0.00456	0.00415
52	0.00715	0.00476	0.00536	0.00536	0.00536	0.00476	0.00298	0.00715	0.00715	0.00953	0.01548	0.03216	0.01787	0.82729	0.02501	0.00476	0.00476	0.00715	0.00298	0.00298
53	0.01249	0.31614	0.26080	0.01319	0.01848	0.01427	0.20262	0.01598	0.01084	0.07814	0.00923	0.01070	0.00705	0.00448	0.00442	0.00139	0.00653	0.00391	0.00251	0.00684
54	0.36990	0.03476	0.01141	0.00999	0.01271	0.43920	0.00776	0.01717	0.01137	0.01619	0.00724	0.00852	0.00591	0.00492	0.00411	0.00139	0.02621	0.00297	0.00273	0.00555
55	0.00674	0.00501	0.00627	0.00595	0.00721	0.00454	0.00447	0.00885	0.01340	0.01849	0.65286	0.03872	0.18831	0.01050	0.00580	0.00157	0.00235	0.00917	0.00525	0.00454
56	0.01839	0.01354	0.01451	0.01116	0.01499	0.01497	0.00918	0.76066	0.02270	0.03043	0.01189	0.01231	0.00860	0.02671	0.00543	0.00156	0.00539	0.00449	0.00487	0.00822
57	0.00599	0.00428	0.00570	0.00684	0.00713	0.00399	0.00456	0.00684	0.00941	0.01254	0.02709	0.82409	0.03250	0.01540	0.00627	0.00200	0.00285	0.01397	0.00456	0.00399
58	0.01092	0.01099	0.01888	0.12834	0.01984	0.01283	0.26280	0.04459	0.04200	0.01432	0.00920	0.01290	0.00766	0.00855	0.06962	0.00230	0.31086	0.00493	0.00253	0.00594
59	0.74147	0.00881	0.00685	0.00620	0.00897	0.01011	0.00506	0.01402	0.00864	0.02152	0.00814	0.00944	0.00635	0.00473	0.00310	0.00147	0.00359	0.00293	0.12339	0.00522
60	0.00599	0.00428	0.00570	0.00684	0.00713	0.00399	0.00456	0.00684	0.00941	0.01254	0.02709	0.82409	0.03250	0.01540	0.00627	0.00200	0.00285	0.01397	0.00456	0.00399
61	0.00681	0.00500	0.00625	0.00595	0.00708	0.00458	0.00437	0.00879	0.01298	0.01797	0.62534	0.03783	0.14980	0.07705	0.00737	0.00182	0.00254	0.00896	0.00509	0.00443
62	0.00581	0.00498	0.00498	0.00498	0.00664	0.00415	0.00373	0.00705	0.01120	0.01328	0.04978	0.04729	0.79464	0.01245	0.00581	0.00166	0.00249	0.01037	0.00456	0.00415
63	0.01868	0.01376	0.01475	0.01131	0.01524	0.01524	0.00934	0.78025	0.02311	0.03097	0.01180	0.01180	0.00836	0.00590	0.00492	0.00147	0.00541	0.00442	0.00492	0.00836
64	0.01868	0.01376	0.01475	0.01131	0.01524	0.01524	0.00934	0.78025	0.02311	0.03097	0.01180	0.01180	0.00836	0.00590	0.00492	0.00147	0.00541	0.00442	0.00492	0.00836
65	0.86201	0.00950	0.00722	0.00646	0.00950	0.01102	0.00532	0.01445	0.00836	0.02205	0.00684	0.00798	0.00532	0.00456	0.00304	0.00152	0.00380	0.00266	0.00304	0.00532
66	0.02601	0.02451	0.75858	0.01368	0.02074	0.01125	0.01752	0.01585	0.01047	0.04407	0.00916	0.01056	0.00642	0.00472	0.00465	0.00155	0.00709	0.00366	0.00224	0.00727
67	0.00581	0.00498	0.00498	0.00498	0.00664	0.00415	0.00373	0.00705	0.01120	0.01328	0.04978	0.04729	0.79464	0.01245	0.00581	0.00166	0.00249	0.01037	0.00456	0.00415
68	0.01216	0.01168	0.01995	0.03016	0.79664	0.01168	0.01508	0.01508	0.01119	0.01605	0.00924	0.01216	0.00778	0.00438	0.00487	0.00146	0.00584	0.00438	0.00243	0.00778
69	0.00928	0.00873	0.01474	0.81548	0.03385	0.01092	0.01365	0.01256	0.00983	0.01256	0.00873	0.01310	0.00655	0.00491	0.00491	0.00164	0.00655	0.00437	0.00218	0.00546
70	0.00688	0.00496	0.00650	0.00624	0.00732	0.00458	0.00463	0.00908	0.01354	0.01912	0.73148	0.10094	0.04524	0.01048	0.00583	0.00158	0.00236	0.00930	0.00534	0.00458
71	0.01112	0.01136	0.01500	0.01289	0.01301	0.05317	0.01069	0.01220	0.00783	0.01184	0.00651	0.01066	0.00645	0.00843	0.01556	0.00211	0.77937	0.00425	0.00217	0.00539
72	0.01074	0.01023	0.01738	0.41753	0.42038	0.01130	0.01437	0.01384	0.01052	0.01433	0.00899	0.01263	0.00718	0.00464	0.00489	0.00155	0.00619	0.00437	0.00231	0.00664
73	0.01333	0.01005	0.01217	0.01026	0.01286	0.01070	0.05460	0.42542	0.01708	0.02285	0.01770	0.28016	0.01763	0.00945	0.00555	0.00171	0.00468	0.06262	0.00462	0.00655
74	0.02205	0.00836	0.01140	0.00874	0.01254	0.00722	0.00722	0.02395	0.01407	0.80004	0.01939	0.01673	0.01216	0.00608	0.00494	0.00152	0.00418	0.00494	0.00608	0.00836
75	0.00715	0.00476	0.00536	0.00536	0.00536	0.00476	0.00298	0.00715	0.00715	0.00953	0.01548	0.03216	0.01787	0.82729	0.02501	0.00476	0.00476	0.00715	0.00298	0.00298
76	0.01240	0.00665	0.00856	0.00798	0.00979	0.00632	0.00606	0.09469	0.01249	0.25375	0.04841	0.39505	0.02356	0.03304	0.00624	0.00187	0.00367	0.05861	0.00504	0.00581
77	0.80681	0.06288	0.00843	0.00659	0.00971	0.01157	0.00552	0.01446	0.00847	0.02137	0.00684	0.00798	0.00539	0.00454	0.00305	0.00149	0.00390	0.00266	0.00298	0.00539
78	0.00593	0.00493	0.00521	0.00540	0.00687	0.00421	0.00404	0.00718	0.01100	0.01326	0.04599	0.13706	0.66873	0.01284	0.00591	0.00173	0.00263	0.04837	0.00456	0.00415
79	0.01091	0.01083	0.03666	0.34149	0.42220	0.01149	0.03076	0.01417	0.02248	0.01459	0.00913	0.01257	0.00732	0.00475	0.00524	0.00156	0.03034	0.00440	0.00236	0.00675
80	0.46988	0.01047	0.00880	0.00797	0.01077	0.06498	0.00631	0.01807	0.26203	0.02027	0.01369	0.02879	0.04844	0.00588	0.00397	0.00157	0.00409	0.00423	0.00375	0.00606
81	0.03793	0.00919	0.01076	0.00778	0.01209	0.00741	0.02039	0.06602	0.01106	0.01724	0.00891	0.01029	0.00729	0.00384	0.00375	0.00082	0.00385	0.00306	0.00305	0.75526
82	0.00599	0.00428	0.00570	0.00684	0.00713	0.00399	0.00456	0.00684	0.00941	0.01254	0.02709	0.82409	0.03250	0.01540	0.00627	0.00200	0.00285	0.01397	0.00456	0.00399
83	0.01055	0.01275	0.08804	0.05786	0.02311	0.01108	0.56914	0.01431	0.01110	0.01512	0.01221	0.12761	0.01085	0.00581	0.00573	0.00170	0.00735	0.00671	0.00273	0.00625
84	0.02072	0.00809	0.01088	0.00844	0.01206	0.00697	0.00694	0.02257	0.01383	0.73586	0.02187	0.01922	0.07600	0.00660	0.00501	0.00153	0.00404	0.00538	0.00596	0.00802
85	0.00599	0.00428	0.00570	0.00684	0.00713	0.00399	0.00456	0.00684	0.00941	0.01254	0.02709	0.82409	0.03250	0.01540	0.00627	0.00200	0.00285	0.01397	0.00456	0.00399
86	0.86201	0.00950	0.00722	0.00646	0.00950	0.01102	0.00532	0.01445	0.00836	0.02205	0.00684	0.00798	0.00532	0.00456	0.00304	0.00152	0.00380	0.00266	0.00304	0.00532
87	0.00599	0.00428	0.00570	0.00684	0.00713	0.00399	0.00456	0.00684	0.00941	0.01254	0.02709	0.82409	0.03250	0.01540	0.00627	0.00200	0.00285	0.01397	0.00456	0.00399
88	0.01019	0.00873	0.01019	0.00728	0.01165	0.00655	0.00582	0.01237	0.01019	0.01601	0.00873	0.01019	0.00728	0.00364	0.00364	0.00073	0.00364	0.00291	0.00291	0.85734
89	0.38289	0.01571	0.01089	0.00961	0.01254	0.35644	0.00751	0.06303	0.01208	0.07658	0.00841	0.00925	0.00645	0.00497	0.00390	0.00141	0.00612	0.00316	0.00316	0.00589
90	0.01836	0.02342	0.01393	0.01266	0.01519	0.80756	0.00950	0.01962	0.01393	0.01203	0.00760	0.00886	0.00633	0.00506	0.00443	0.00127	0.00886	0.00317	0.00253	0.00570
91	0.02205	0.00836	0.01140	0.00874	0.01254	0.00722	0.00722	0.02395	0.01407	0.80004	0.01939	0.01673	0.01216	0.00608	0.00494	0.00152	0.00418	0.00494	0.00608	0.00836
92	0.00599	0.00428	0.00570	0.00684	0.00713	0.00399	0.00456	0.00684	0.00941	0.01254	0.02709	0.82409	0.03250	0.01540	0.00627	0.00200	0.00285	0.01397	0.00456	0.00399
93	0.00956	0.01054	0.14340	0.00934	0.01198	0.03981	0.00849	0.01407	0.15052	0.04505	0.04525	0.22405	0.04146	0.00985	0.00555	0.00176	0.00444	0.15969	0.00411	0.06109
94	0.15645	0.05449	0.07810	0.01046	0.01452	0.01405	0.00925	0.51639	0.01854	0.06533	0.01087	0.01110	0.00777	0.00550	0.00450	0.00147	0.00523	0.00401	0.00429	0.00767
95	0.00693	0.00502	0.00653	0.00615	0.00733	0.00463	0.00462	0.00922	0.01385	0.01956	0.77693	0.03695	0.06358	0.01010	0.00580	0.00155	0.00232	0.00892	0.00539	0.00463
96	0.01019	0.00873	0.01019	0.00728	0.01165	0.00655	0.00582	0.01237	0.01019	0.01601	0.00873	0.01019	0.00728	0.00364	0.00364	0.00073	0.00364	0.00291	0.00291	0.85734
97	0.00903	0.00551	0.00758	0.00758	0.00831	0.00565	0.00578	0.07084	0.00961	0.01283	0.06053	0.02708	0.01627	0.01579	0.05326	0.46418	0.00476	0.20866	0.00322	0.00355
98	0.01587	0.01742	0.01981	0.01540	0.01917	0.33021	0.30043	0.18771	0.01509	0.01765	0.00942	0.01118	0.00721	0.00490	0.00506	0.00146	0.00787	0.00444	0.00305	0.00664
99	0.01986	0.01187	0.01358	0.01041	0.01429	0.01243	0.00860	0.51498	0.01993	0.30072	0.01446	0.01353	0.00969	0.00596	0.00493	0.00149	0.00498	0.00461	0.00533	0.00836
100	0.00599	0.00441	0.00557	0.00648	0.00699	0.00404	0.00437	0.00689	0.00964	0.01257	0.03050	0.66926	0.15920	0.04076	0.00679	0.00203	0.00285	0.01315	0.00451	0.00399
101	0.16151	0.01184	0.01377	0.01065	0.01436	0.01270	0.07091	0.44904	0.01800	0.12859	0.05158	0.01318	0.01020	0.00576	0.00472	0.00151	0.00505	0.00453	0.00458	0.00751
102	0.01444	0.01026	0.01269	0.01034	0.01365	0.01070	0.07040	0.13340	0.34791	0.17282	0.01814	0.05277	0.03398	0.00655	0.00502	0.00155	0.00443	0.00560	0.00481	0.07054
103	0.00617	0.00442	0.00586	0.00672	0.00717	0.00411	0.00458	0.00730	0.01025	0.01388	0.16996	0.67741	0.03509	0.01440	0.00618	0.00191	0.00275	0.01302	0.00472	0.00411
104	0.27821	0.00984	0.00955	0.00822	0.01107	0.03419	0.00653	0.10732	0.21831	0.03611	0.14893	0.01657	0.01574	0.00621	0.00439	0.00149	0.00390	0.00480	0.00423	0.07439
105	0.01612	0.05330	0.09113	0.01367	0.01819	0.01161	0.26203	0.16537	0.03703	0.26098	0.01325	0.01367	0.00913	0.00520	0.00511	0.00154	0.00609	0.00491	0.00408	0.00757
106	0.00599	0.00428	0.00570	0.00684	0.00713	0.00399	0.00456	0.00684	0.00941	0.01254	0.02709	0.82409	0.03250	0.01540	0.00627	0.00200	0.00285	0.01397	0.00456	0.00399
107	0.01148	0.42241	0.41902	0.01125	0.01700	0.01537	0.01335	0.01514	0.01018	0.01359	0.00784	0.00915	0.00627	0.00444	0.00392	0.00131	0.00627	0.00314	0.00209	0.00679
108	0.00928	0.00873	0.01474	0.81548	0.03385	0.01092	0.01365	0.01256	0.00983	0.01256	0.00873	0.01310	0.00655	0.00491	0.00491	0.00164	0.00655	0.00437	0.00218	0.00546
109	0.00599	0.00428	0.00570	0.00684	0.00713	0.00399	0.00456	0.00684	0.00941	0.01254	0.02709	0.82409	0.03250	0.01540	0.00627	0.00200	0.00285	0.01397	0.00456	0.00399
110	0.01314	0.83025	0.02575	0.00841	0.01261	0.01945	0.00841	0.01472	0.00999	0.01156	0.00683	0.00788	0.00631	0.00420	0.00315	0.00105	0.00526	0.00263	0.00210	0.00631
111	0.00599	0.00428	0.00570	0.00684	0.00713	0.00399	0.00456	0.00684	0.00941	0.01254	0.02709	0.82409	0.03250	0.01540	0.00627	0.00200	0.00285	0.01397	0.00456	0.00399
112	0.01966	0.01220	0.01378	0.01056	0.01446	0.01291	0.00873	0.56062	0.02048	0.25431	0.01400	0.01323	0.00946	0.00595	0.00492	0.00149	0.00505	0.00457	0.00525	0.00836
113	0.01604	0.01915	0.01218	0.01109	0.01315	0.60859	0.00813	0.04791	0.01289	0.01228	0.00941	0.01382	0.00881	0.17594	0.00873	0.00200	0.00787	0.00404	0.00272	0.00524
114	0.01836	0.02342	0.01393	0.01266	0.01519	0.80756	0.00950	0.01962	0.01393	0.01203	0.00760	0.00886	0.00633	0.00506	0.00443	0.00127	0.00886	0.00317	0.00253	0.00570
115	0.01155	0.07775	0.01917	0.21655	0.54992	0.01213	0.01419	0.01445	0.01076	0.01485	0.00892	0.01204	0.00737	0.00449	0.00474	0.00147	0.00596	0.00423	0.00235	0.00711
116	0.00583	0.00498	0.00501	0.00500	0.00665	0.00416	0.00375	0.00710	0.01126	0.01341	0.06585	0.04707	0.77849	0.01239	0.00581	0.00166	0.00249	0.01034	0.00458	0.00416
117	0.01216	0.01168	0.01995	0.03016	0.79664	0.01168	0.01508	0.01508	0.01119	0.01605	0.00924	0.01216	0.00778	0.00438	0.00487	0.00146	0.00584	0.00438	0.00243	0.00778
118	0.01953	0.00872	0.01126	0.00882	0.01230	0.00810	0.00723	0.13185	0.01495	0.58496	0.05049	0.01821	0.04525	0.00801	0.04507	0.00184	0.00466	0.00527	0.00565	0.00784
119	0.00600	0.00435	0.00568	0.00673	0.00713	0.00403	0.00455	0.00691	0.00958	0.01264	0.02888	0.75062	0.09337	0.01513	0.00624	0.00197	0.00285	0.02477	0.00456	0.00401
120	0.51388	0.01089	0.01448	0.01124	0.01488	0.01165	0.24288	0.07715	0.01058	0.02064	0.00863	0.02753	0.00681	0.00478	0.00411	0.00157	0.00529	0.00401	0.00306	0.00594
121	0.01533	0.01400	0.01228	0.01054	0.01362	0.21891	0.00823	0.12333	0.35666	0.08433	0.01471	0.01420	0.01099	0.00585	0.00473	0.00145	0.00539	0.00452	0.00427	0.07667
122	0.14790	0.01041	0.01152	0.00933	0.01281	0.01100	0.00759	0.21140	0.20096	0.30204	0.01572	0.01454	0.01085	0.00594	0.00466	0.00154	0.00436	0.00461	0.00507	0.00775
123	0.01314	0.83025	0.02575	0.00841	0.01261	0.01945	0.00841	0.01472	0.00999	0.01156	0.00683	0.00788	0.00631	0.00420	0.00315	0.00105	0.00526	0.00263	0.00210	0.00631
124	0.00698	0.00470	0.00541	0.00557	0.00561	0.00466	0.00320	0.00710	0.00747	0.00995	0.01712	0.14408	0.01993	0.71255	0.02236	0.00437	0.00449	0.00811	0.00320	0.00312
125	0.00937	0.00593	0.00739	0.00698	0.00853	0.00561	0.00523	0.03728	0.06307	0.12413	0.32428	0.23840	0.12277	0.01082	0.00572	0.00168	0.00294	0.00948	0.00514	0.00525
126	0.31292	0.01005	0.01050	0.00866	0.01200	0.01075	0.00713	0.19149	0.08597	0.24248	0.01368	0.01464	0.00998	0.00594	0.00437	0.00156	0.00432	0.04194	0.00458	0.00705
127	0.00627	0.00450	0.00596	0.00665	0.00719	0.00418	0.00458	0.00756	0.01074	0.01467	0.25447	0.59064	0.03661	0.01381	0.00613	0.00186	0.00269	0.01246	0.00481	0.00418
128	0.09049	0.01033	0.01332	0.01027	0.01396	0.02279	0.13392	0.12285	0.12877	0.03341	0.03372	0.01603	0.08060	0.00560	0.00461	0.00133	0.00467	0.00483	0.00371	0.26479
129	0.01533	0.01655	0.01663	0.04681	0.34813	0.33315	0.01201	0.10951	0.01363	0.01605	0.00883	0.01080	0.00720	0.00493	0.00489	0.00140	0.02060	0.00389	0.00276	0.00689
130	0.00599	0.00428	0.00570	0.00684	0.00713	0.00399	0.00456	0.00684	0.00941	0.01254	0.02709	0.82409	0.03250	0.01540	0.00627	0.00200	0.00285	0.01397	0.00456	0.00399
131	0.02384	0.01176	0.12284	0.07534	0.01465	0.01044	0.00915	0.30260	0.04229	0.02266	0.26313	0.02096	0.04491	0.00719	0.00517	0.00154	0.00461	0.00594	0.00442	0.00658
132	0.00703	0.00524	0.00777	0.00777	0.00860	0.00607	0.00598	0.00869	0.00786	0.01131	0.01328	0.01995	0.01256	0.07630	0.76876	0.00774	0.01274	0.00536	0.00265	0.00432
133	0.00599	0.00428	0.00570	0.00684	0.00713	0.00399	0.00456	0.00684	0.00941	0.01254	0.02709	0.82409	0.03250	0.01540	0.00627	0.00200	0.00285	0.01397	0.00456	0.00399
134	0.01046	0.17385	0.65870	0.01297	0.01967	0.01289	0.01636	0.01541	0.01030	0.01483	0.00845	0.00992	0.00624	0.00458	0.00439	0.00146	0.00689	0.00345	0.00208	0.00709
135	0.00646	0.00443	0.00592	0.00693	0.00734	0.00413	0.00471	0.00741	0.00967	0.03270	0.04336	0.76814	0.03218	0.01500	0.00624	0.00198	0.00291	0.03173	0.00462	0.00413
136	0.03409	0.01369	0.01461	0.01122	0.01513	0.01516	0.00927	0.76626	0.02284	0.03081	0.01171	0.01173	0.00830	0.00587	0.00488	0.00148	0.00538	0.00439	0.00488	0.00830
137	0.08236	0.10739	0.12268	0.01210	0.03621	0.35100	0.01038	0.17016	0.01418	0.01714	0.00848	0.00962	0.00668	0.00512	0.00462	0.00137	0.02759	0.00344	0.00293	0.00653
138	0.01836	0.02342	0.01393	0.01266	0.01519	0.80756	0.00950	0.01962	0.01393	0.01203	0.00760	0.00886	0.00633	0.00506	0.00443	0.00127	0.00886	0.00317	0.00253	0.00570
139	0.01156	0.01313	0.02830	0.02032	0.02505	0.01256	0.74047	0.01555	0.01140	0.01555	0.00977	0.01313	0.00741	0.00436	0.00631	0.00168	0.04870	0.00572	0.00247	0.00657
140	0.00582	0.00492	0.00503	0.00512	0.00668	0.00414	0.00380	0.00704	0.01106	0.01322	0.04805	0.10657	0.73649	0.01267	0.00584	0.00169	0.00252	0.01065	0.00456	0.00414
141	0.01875	0.01366	0.01468	0.01126	0.01519	0.01509	0.00930	0.76588	0.02293	0.04559	0.01194	0.01189	0.00843	0.00590	0.00492	0.00148	0.00538	0.00443	0.00494	0.00836
142	0.05663	0.01047	0.01147	0.00963	0.01234	0.01140	0.00762	0.48817	0.01782	0.02444	0.01613	0.25267	0.01549	0.00963	0.03079	0.00184	0.00482	0.00719	0.00464	0.00679
143	0.00581	0.00496	0.00500	0.00504	0.00665	0.00414	0.00376	0.00705	0.01114	0.01325	0.04906	0.07203	0.77037	0.01254	0.00582	0.00167	0.00250	0.01049	0.00456	0.00414
144	0.01926	0.01228	0.01376	0.01061	0.01447	0.01311	0.00875	0.56051	0.05189	0.22286	0.01403	0.01330	0.00958	0.00598	0.00493	0.00149	0.00504	0.00460	0.00521	0.00834
145	0.01163	0.01121	0.02047	0.01484	0.01934	0.01006	0.42368	0.04570	0.01168	0.04594	0.01077	0.01442	0.00865	0.00459	0.00506	0.00137	0.00629	0.04257	0.00296	0.28879
146	0.01046	0.00994	0.01687	0.49358	0.34652	0.01123	0.01424	0.01359	0.01039	0.01399	0.00894	0.01272	0.00706	0.00469	0.00489	0.00156	0.00626	0.00437	0.00229	0.00641
147	0.01483	0.01150	0.01232	0.01037	0.01358	0.01296	0.00826	0.27361	0.49810	0.06287	0.01728	0.01611	0.01268	0.00639	0.00497	0.00160	0.00440	0.00515	0.00503	0.00800
148	0.00686	0.00464	0.00544	0.00573	0.00580	0.00457	0.00337	0.00707	0.00771	0.01028	0.01837	0.22886	0.02150	0.62563	0.02036	0.00408	0.00429	0.00884	0.00337	0.00323
149	0.11247	0.00699	0.00823	0.00752	0.00951	0.00697	0.00588	0.08050	0.03889	0.15075	0.25565	0.17024	0.05129	0.00955	0.00538	0.00167	0.00340	0.06454	0.00494	0.00564
150	0.02677	0.01537	0.01209	0.00995	0.01342	0.34383	0.00771	0.07164	0.05147	0.01574	0.00901	0.01012	0.00732	0.00457	0.00412	0.00107	0.00597	0.00326	0.00300	0.38357
151	0.00598	0.00431	0.00567	0.00675	0.00710	0.00400	0.00452	0.00685	0.00949	0.01258	0.02818	0.78672	0.06916	0.01525	0.00625	0.00198	0.00283	0.01380	0.00456	0.00400
152	0.01032	0.00980	0.01662	0.53161	0.30957	0.01119	0.01417	0.01347	0.01032	0.01382	0.00892	0.01276	0.00700	0.00472	0.00490	0.00157	0.00629	0.00437	0.00227	0.00630
153	0.01384	0.01405	0.01752	0.12843	0.42645	0.18164	0.02522	0.10385	0.01297	0.01644	0.00913	0.01156	0.00737	0.00477	0.00480	0.00145	0.00657	0.00415	0.00271	0.00708
154	0.00602	0.00430	0.00574	0.00688	0.00718	0.00402	0.00462	0.00690	0.00944	0.01258	0.02707	0.81125	0.03243	0.01537	0.00628	0.00200	0.00288	0.02649	0.00456	0.00400
155	0.00838	0.01600	0.43634	0.01056	0.01489	0.00827	0.01193	0.02419	0.01081	0.01535	0.10701	0.21849	0.08043	0.00859	0.00529	0.00167	0.00519	0.00736	0.00332	0.00592
156	0.00891	0.00767	0.00980	0.00871	0.00979	0.00898	0.00694	0.04282	0.06894	0.01673	0.34057	0.02730	0.13545	0.00949	0.00909	0.00177	0.27049	0.00716	0.00417	0.00520
157	0.00599	0.00428	0.00570	0.00684	0.00713	0.00399	0.00456	0.00684	0.00941	0.01254	0.02709	0.82409	0.03250	0.01540	0.00627	0.00200	0.00285	0.01397	0.00456	0.00399
158	0.01216	0.01168	0.01995	0.03016	0.79664	0.01168	0.01508	0.01508	0.01119	0.01605	0.00924	0.01216	0.00778	0.00438	0.00487	0.00146	0.00584	0.00438	0.00243	0.00778
159	0.00602	0.00430	0.00573	0.00682	0.00713	0.00401	0.00456	0.00692	0.00956	0.01278	0.05275	0.79774	0.03297	0.01522	0.00626	0.00198	0.00283	0.01380	0.00459	0.00401
160	0.44511	0.01483	0.00977	0.00886	0.01154	0.33842	0.00689	0.01633	0.01081	0.01762	0.00790	0.00919	0.00633	0.00486	0.00365	0.00139	0.00576	0.00303	0.07230	0.00542
161	0.84362	0.00941	0.00721	0.00646	0.00946	0.01089	0.00531	0.01433	0.00848	0.02200	0.02377	0.00860	0.00620	0.00468	0.00310	0.00152	0.00377	0.00279	0.00309	0.00531
162	0.01836	0.02342	0.01393	0.01266	0.01519	0.80756	0.00950	0.01962	0.01393	0.01203	0.00760	0.00886	0.00633	0.00506	0.00443	0.00127	0.00886	0.00317	0.00253	0.00570
163	0.00964	0.00922	0.01594	0.70801	0.09563	0.01106	0.05556	0.01294	0.01003	0.01302	0.00884	0.01303	0.00670	0.00483	0.00496	0.00162	0.00659	0.00445	0.00222	0.00571
164	0.00599	0.00428	0.00570	0.00684	0.00713	0.00399	0.00456	0.00684	0.00941	0.01254	0.02709	0.82409	0.03250	0.01540	0.00627	0.00200	0.00285	0.01397	0.00456	0.00399
165	0.81948	0.01030	0.04687	0.00684	0.01009	0.01104	0.00596	0.01450	0.00846	0.02172	0.00694	0.00810	0.00537	0.00457	0.00312	0.00152	0.00397	0.00271	0.00299	0.00542
166	0.01255	0.48636	0.25275	0.01048	0.01538	0.08101	0.01134	0.01593	0.04923	0.01323	0.00814	0.00922	0.00672	0.00453	0.00380	0.00125	0.00607	0.00311	0.00227	0.00661
167	0.01237	0.00964	0.01092	0.00945	0.01163	0.04982	0.00751	0.32549	0.01441	0.01939	0.01240	0.01614	0.01056	0.04903	0.41242	0.00483	0.00949	0.00488	0.00358	0.00603
168	0.05688	0.00864	0.01047	0.00775	0.01186	0.00701	0.00629	0.01656	0.01147	0.29295	0.01240	0.01239	0.00891	0.00455	0.00407	0.00105	0.00384	0.00362	0.00404	0.51527
169	0.08240	0.01610	0.22936	0.01403	0.01882	0.05162	0.23443	0.12995	0.07408	0.06184	0.01101	0.01272	0.00816	0.02701	0.00548	0.00165	0.00658	0.00459	0.00319	0.00699
170	0.03227	0.01327	0.01428	0.01104	0.01489	0.01463	0.00909	0.69377	0.05919	0.06870	0.01249	0.01230	0.00882	0.00592	0.00489	0.00149	0.00525	0.00448	0.00495	0.00828
171	0.00612	0.00447	0.00580	0.00680	0.00732	0.00414	0.00473	0.00713	0.00977	0.01280	0.02961	0.67328	0.11984	0.01491	0.00626	0.00198	0.00294	0.07348	0.00456	0.00405
172	0.01144	0.01112	0.01948	0.21296	0.55405	0.01156	0.07841	0.01455	0.01091	0.01521	0.00918	0.01247	0.00747	0.00448	0.00495	0.00152	0.00621	0.00449	0.00238	0.00714
173	0.02025	0.01015	0.01238	0.00961	0.01337	0.01002	0.00790	0.24909	0.07987	0.50770	0.01718	0.01539	0.01126	0.00608	0.00494	0.00152	0.00452	0.00484	0.00565	0.00831
174	0.00595	0.00441	0.00556	0.00648	0.00703	0.00402	0.00440	0.00688	0.00976	0.01269	0.03155	0.67123	0.18248	0.01482	0.00618	0.00193	0.00278	0.01326	0.00456	0.00402
175	0.08513	0.01284	0.13649	0.01024	0.01401	0.01140	0.00938	0.24020	0.19068	0.11530	0.07160	0.01730	0.01349	0.00647	0.00490	0.00158	0.00481	0.04236	0.00448	0.00734
176	0.01465	0.01341	0.08533	0.01572	0.02035	0.01203	0.39344	0.19311	0.02672	0.14261	0.01220	0.02651	0.00883	0.00512	0.00536	0.00159	0.00674	0.00530	0.00365	0.00733
177	0.00946	0.00487	0.00490	0.00479	0.00603	0.00492	0.00362	0.03593	0.01071	0.01872	0.01590	0.01811	0.01246	0.00573	0.00348	0.00116	0.00239	0.00458	0.82752	0.00470
178	0.00660	0.00494	0.00649	0.00690	0.00745	0.00502	0.00487	0.00772	0.00959	0.01301	0.12305	0.42406	0.09080	0.10204	0.12086	0.00303	0.04474	0.01061	0.00412	0.00411
179	0.01875	0.01714	0.01425	0.01168	0.01507	0.31611	0.00928	0.44868	0.01911	0.06679	0.01062	0.01096	0.00780	0.00559	0.00473	0.00140	0.00665	0.00397	0.00407	0.00735
180	0.00599	0.00428	0.00570	0.00684	0.00713	0.00399	0.00456	0.00684	0.00941	0.01254	0.02709	0.82409	0.03250	0.01540	0.00627	0.00200	0.00285	0.01397	0.00456	0.00399

[dist]
# distance from previous block
# <min> <max>
0	17

[block]
# block no. 3 follows, 51 sequences, length 117
# corresponding to MSA columns:
# 460-576
name=unknown_D
#
# <colnr> <probs for GDERKNQSTAVLIFYWHMCP>
#	G	D	E	R	K	N	Q	S	T	A	V	L	I	F	Y	W	H	M	C	P
0	0.01046	0.00994	0.01688	0.49302	0.34706	0.01123	0.01424	0.01359	0.01039	0.01399	0.00894	0.01272	0.00706	0.00469	0.00489	0.00156	0.00626	0.00437	0.00229	0.00641
1	0.01083	0.11957	0.45199	0.01554	0.02167	0.01273	0.26812	0.01552	0.01073	0.01513	0.00895	0.01102	0.00664	0.00444	0.00486	0.00153	0.00736	0.00422	0.00221	0.00694
2	0.00599	0.00428	0.00570	0.00684	0.00713	0.00399	0.00456	0.00684	0.00941	0.01254	0.02709	0.82409	0.03250	0.01540	0.00627	0.00200	0.00285	0.01397	0.00456	0.00399
3	0.01297	0.67108	0.02362	0.00927	0.01276	0.04935	0.00882	0.01445	0.00975	0.01162	0.00680	0.00837	0.00633	0.00492	0.00523	0.00123	0.13225	0.00291	0.00213	0.00614
4	0.00598	0.00430	0.00568	0.00679	0.00711	0.00400	0.00454	0.00685	0.00946	0.01257	0.02773	0.80191	0.05426	0.01531	0.00626	0.00199	0.00284	0.01387	0.00456	0.00400
5	0.01322	0.01184	0.01703	0.06713	0.14975	0.01350	0.11158	0.20782	0.12893	0.01921	0.01089	0.01286	0.00857	0.00610	0.00767	0.00169	0.19706	0.00473	0.00336	0.00706
6	0.02036	0.01107	0.01308	0.01003	0.01389	0.01124	0.00828	0.40256	0.01859	0.41504	0.01559	0.01426	0.01026	0.00599	0.00493	0.00150	0.00480	0.00468	0.00550	0.00836
7	0.01836	0.02342	0.01393	0.01266	0.01519	0.80756	0.00950	0.01962	0.01393	0.01203	0.00760	0.00886	0.00633	0.00506	0.00443	0.00127	0.00886	0.00317	0.00253	0.00570
8	0.10931	0.01543	0.01163	0.09439	0.01489	0.39245	0.00844	0.05120	0.06178	0.02985	0.01225	0.15293	0.01158	0.00696	0.00472	0.00150	0.00644	0.00537	0.00324	0.00564
9	0.00590	0.00463	0.00534	0.00591	0.00688	0.00407	0.00415	0.00695	0.01030	0.01291	0.03838	0.43750	0.41179	0.01393	0.00604	0.00183	0.00267	0.01218	0.00456	0.00407
10	0.01437	0.01608	0.01569	0.23405	0.21515	0.35749	0.01200	0.05128	0.01255	0.01404	0.00851	0.01097	0.00684	0.00489	0.00469	0.00142	0.00733	0.00385	0.00252	0.00627
11	0.83370	0.00947	0.00736	0.00654	0.00961	0.01090	0.00539	0.01477	0.00856	0.04827	0.00727	0.00828	0.00555	0.00461	0.00311	0.00152	0.00381	0.00274	0.00314	0.00542
12	0.01205	0.01029	0.01116	0.00823	0.01244	0.04461	0.00661	0.14725	0.01262	0.01845	0.00922	0.01041	0.00742	0.00410	0.00390	0.00088	0.00419	0.00319	0.00325	0.66973
13	0.00599	0.00428	0.00570	0.00684	0.00713	0.00399	0.00456	0.00684	0.00941	0.01254	0.02709	0.82409	0.03250	0.01540	0.00627	0.00200	0.00285	0.01397	0.00456	0.00399
14	0.01474	0.01230	0.01429	0.11045	0.06669	0.05460	0.03866	0.36151	0.18902	0.02294	0.01359	0.05555	0.01069	0.00624	0.00501	0.00156	0.00539	0.00515	0.00421	0.00741
15	0.01657	0.03320	0.18303	0.01252	0.05130	0.28959	0.01098	0.11404	0.03623	0.17437	0.02465	0.01202	0.00873	0.00537	0.00468	0.00143	0.00669	0.00399	0.00355	0.00705
16	0.01345	0.05481	0.07171	0.01437	0.05312	0.03854	0.22505	0.14216	0.27302	0.04186	0.01353	0.01416	0.01010	0.00540	0.00507	0.00157	0.00592	0.00502	0.00377	0.00739
17	0.01157	0.00958	0.01046	0.00968	0.01209	0.01084	0.00760	0.07821	0.55946	0.01983	0.02082	0.10002	0.01785	0.00831	0.00534	0.00176	0.00398	0.10066	0.00489	0.00705
18	0.00598	0.00431	0.00567	0.00676	0.00711	0.00400	0.00452	0.00685	0.00949	0.01258	0.02812	0.78865	0.06727	0.01526	0.00625	0.00198	0.00283	0.01381	0.00456	0.00400
19	0.01055	0.00872	0.01023	0.00732	0.01167	0.00657	0.00587	0.01273	0.01031	0.04009	0.00906	0.01039	0.00743	0.00371	0.00368	0.00075	0.00366	0.00297	0.00301	0.83126
20	0.33927	0.00785	0.00844	0.13267	0.01295	0.00835	0.00650	0.01291	0.01032	0.09314	0.07642	0.02133	0.17807	0.00701	0.00443	0.00155	0.00389	0.02266	0.00373	0.04852
21	0.00634	0.00486	0.00589	0.00654	0.00757	0.00442	0.00493	0.00768	0.01063	0.01345	0.05349	0.33481	0.33735	0.01371	0.00618	0.00191	0.00304	0.16844	0.00457	0.00418
22	0.01046	0.00974	0.01604	0.56663	0.22278	0.01139	0.01375	0.04813	0.01072	0.01425	0.00895	0.01276	0.00694	0.00490	0.00513	0.00160	0.02292	0.00437	0.00237	0.00617
23	0.26951	0.06189	0.01425	0.01111	0.01438	0.29535	0.09235	0.14269	0.01326	0.01855	0.00889	0.01007	0.01788	0.00501	0.00419	0.00141	0.00642	0.00358	0.00308	0.00614
24	0.00599	0.00428	0.00570	0.00684	0.00713	0.00399	0.00456	0.00684	0.00941	0.01254	0.02709	0.82409	0.03250	0.01540	0.00627	0.00200	0.00285	0.01397	0.00456	0.00399
25	0.01118	0.02360	0.70558	0.01349	0.02033	0.01129	0.01692	0.05274	0.01126	0.07448	0.00975	0.01091	0.00677	0.00483	0.00470	0.00155	0.00695	0.00377	0.00251	0.00740
26	0.01324	0.01015	0.01058	0.00889	0.01172	0.03324	0.00707	0.32662	0.14683	0.05747	0.02554	0.06484	0.24597	0.00845	0.00525	0.00158	0.00419	0.00686	0.00479	0.00670
27	0.00599	0.00428	0.00570	0.00684	0.00713	0.00399	0.00456	0.00684	0.00941	0.01254	0.02709	0.82409	0.03250	0.01540	0.00627	0.00200	0.00285	0.01397	0.00456	0.00399
28	0.01502	0.03235	0.07415	0.01145	0.01400	0.54385	0.00926	0.01678	0.01226	0.01242	0.00910	0.01138	0.00774	0.01130	0.16233	0.00258	0.00927	0.00366	0.03558	0.00553
