[name]
unknown

[dist]
# distance from previous block
# <min> <max>
0	5

[block]
# block no. 0 follows, 43 sequences, length 18
# corresponding to MSA columns:
# 5-22
name=unknown_A
#
# <colnr> <probs for GDERKNQSTAVLIFYWHMCP>
#	G	D	E	R	K	N	Q	S	T	A	V	L	I	F	Y	W	H	M	C	P
0	0.01529	0.01172	0.01214	0.01023	0.01281	0.05398	0.00792	0.38280	0.01813	0.02375	0.01757	0.02647	0.04545	0.25337	0.01272	0.00288	0.00586	0.07544	0.00466	0.00679
1	0.01241	0.25535	0.01494	0.00845	0.01068	0.08547	0.00662	0.07819	0.01161	0.01409	0.01535	0.02422	0.05494	0.36867	0.01521	0.00319	0.00590	0.00599	0.00330	0.00541
2	0.00712	0.00534	0.00610	0.00666	0.00787	0.00477	0.00485	0.00855	0.01181	0.01528	0.04153	0.32343	0.38333	0.01465	0.00658	0.00200	0.00310	0.06333	0.07902	0.00468
3	0.00766	0.00534	0.00639	0.00655	0.00701	0.00513	0.00417	0.00851	0.01049	0.01418	0.18790	0.19053	0.07134	0.43012	0.01803	0.00376	0.00419	0.01021	0.00441	0.00407
4	0.17483	0.01808	0.14112	0.07571	0.09146	0.25657	0.01157	0.01703	0.01252	0.01703	0.01346	0.08359	0.05124	0.00692	0.00510	0.00169	0.00705	0.00531	0.00316	0.00658
5	0.00813	0.00617	0.00846	0.00781	0.00860	0.00593	0.07022	0.00892	0.00961	0.01267	0.04514	0.14991	0.10605	0.50570	0.02008	0.00410	0.00504	0.00952	0.00385	0.00409
6	0.00711	0.00526	0.00591	0.00637	0.00744	0.00473	0.00442	0.00831	0.01132	0.01472	0.03943	0.31789	0.35902	0.09820	0.00878	0.00232	0.00320	0.01218	0.07884	0.00452
7	0.01417	0.01032	0.01698	0.31497	0.19767	0.01099	0.05329	0.01724	0.03060	0.16670	0.02788	0.01620	0.01035	0.00700	0.00704	0.07619	0.00638	0.00527	0.00356	0.00719
8	0.01726	0.04769	0.12935	0.01311	0.03342	0.13684	0.02740	0.21240	0.15522	0.10400	0.05645	0.01593	0.01280	0.00658	0.00543	0.00167	0.00645	0.00516	0.00458	0.00826
9	0.00741	0.00514	0.00629	0.00686	0.00727	0.00490	0.00443	0.00825	0.01030	0.01391	0.09249	0.39927	0.07144	0.29380	0.01433	0.00325	0.00388	0.01197	0.03062	0.00419
10	0.00727	0.00541	0.00640	0.00654	0.00755	0.00494	0.00454	0.00867	0.01223	0.01613	0.25568	0.20194	0.25695	0.16803	0.01087	0.00259	0.00333	0.01132	0.00508	0.00455
11	0.09226	0.05665	0.01640	0.27155	0.02294	0.06762	0.05189	0.11105	0.04415	0.05902	0.01126	0.01413	0.00875	0.00884	0.06565	0.00233	0.08042	0.00479	0.00339	0.00689
12	0.01615	0.01499	0.01994	0.06724	0.45850	0.09634	0.01459	0.20517	0.01629	0.02169	0.01092	0.01326	0.00869	0.00549	0.00545	0.00164	0.00686	0.00480	0.00345	0.00855
13	0.00892	0.00637	0.00892	0.01020	0.01147	0.00637	0.00892	0.01147	0.01275	0.01657	0.02932	0.06247	0.03187	0.01530	0.00765	0.00255	0.00510	0.73354	0.00510	0.00510
14	0.00675	0.00482	0.00643	0.00771	0.00803	0.00450	0.00514	0.00771	0.01060	0.01414	0.03053	0.80175	0.03663	0.01735	0.00707	0.00225	0.00321	0.01574	0.00514	0.00450
15	0.01596	0.02045	0.42910	0.01440	0.02089	0.01142	0.08550	0.02105	0.03454	0.27050	0.01439	0.01465	0.00966	0.00580	0.00550	0.00175	0.00703	0.00488	0.00398	0.00855
16	0.00667	0.00512	0.00612	0.00693	0.00783	0.00456	0.00479	0.00780	0.01136	0.01445	0.04010	0.52165	0.31055	0.01611	0.00687	0.00211	0.00306	0.01423	0.00514	0.00456
17	0.00722	0.00502	0.00629	0.00710	0.00731	0.00481	0.00449	0.00784	0.00968	0.01290	0.02577	0.52360	0.03064	0.30368	0.01474	0.00338	0.00400	0.01295	0.00449	0.00408

[dist]
# distance from previous block
# <min> <max>
5	6

[block]
# block no. 1 follows, 43 sequences, length 13
# corresponding to MSA columns:
# 29-41
name=unknown_B
#
# <colnr> <probs for GDERKNQSTAVLIFYWHMCP>
#	G	D	E	R	K	N	Q	S	T	A	V	L	I	F	Y	W	H	M	C	P
0	0.00665	0.00519	0.00604	0.00673	0.00777	0.00458	0.00470	0.00782	0.01155	0.01452	0.04251	0.45098	0.37966	0.01579	0.00682	0.00207	0.00302	0.01384	0.00514	0.00458
1	0.01677	0.01358	0.01567	0.01520	0.12602	0.01509	0.01070	0.32651	0.34775	0.02728	0.01695	0.01660	0.01262	0.00678	0.00557	0.00175	0.00541	0.00554	0.00517	0.00904
2	0.01888	0.02256	0.01603	0.01422	0.01657	0.56400	0.01099	0.07310	0.01490	0.01505	0.00863	0.01068	0.00733	0.00663	0.00785	0.00166	0.17746	0.00394	0.00296	0.00656
3	0.01686	0.01279	0.01528	0.01525	0.13992	0.01396	0.01052	0.21682	0.36470	0.10594	0.01804	0.01739	0.01326	0.00679	0.00558	0.00177	0.00523	0.00563	0.00526	0.00901
4	0.00675	0.00482	0.00643	0.00771	0.00803	0.00450	0.00514	0.00771	0.01060	0.01414	0.03053	0.80175	0.03663	0.01735	0.00707	0.00225	0.00321	0.01574	0.00514	0.00450
5	0.01905	0.01500	0.01573	0.03244	0.03588	0.06710	0.01023	0.57129	0.02271	0.03012	0.01370	0.06336	0.01086	0.00703	0.00551	0.00163	0.00609	0.00547	0.00504	0.06179
6	0.00694	0.00563	0.00615	0.00602	0.00772	0.00484	0.00452	0.00871	0.01355	0.01716	0.27185	0.04968	0.55146	0.01321	0.00654	0.00183	0.00275	0.01118	0.00543	0.00484
7	0.00793	0.00586	0.00854	0.00854	0.00940	0.00672	0.00647	0.00966	0.00879	0.01259	0.01517	0.02361	0.01465	0.13909	0.68696	0.00845	0.01363	0.00620	0.00302	0.00474
8	0.00764	0.00565	0.00712	0.00676	0.00815	0.00514	0.00507	0.01006	0.01520	0.02108	0.65714	0.04323	0.16371	0.01174	0.00653	0.00176	0.00264	0.01028	0.00595	0.00514
9	0.01363	0.01337	0.02371	0.03271	0.68110	0.01326	0.10573	0.01709	0.01267	0.01805	0.01051	0.01386	0.00873	0.00490	0.00561	0.00167	0.00691	0.00513	0.00275	0.00862
10	0.01299	0.01052	0.01110	0.01004	0.01264	0.01196	0.00765	0.05204	0.56208	0.02183	0.02110	0.02227	0.01673	0.10385	0.00817	0.00223	0.00437	0.00631	0.09435	0.00775
11	0.02071	0.02561	0.01576	0.01416	0.01713	0.72771	0.01069	0.07495	0.01644	0.01510	0.00890	0.01023	0.00730	0.00578	0.00503	0.00144	0.00971	0.00367	0.00305	0.00664
12	0.01337	0.01165	0.01302	0.10569	0.01727	0.01360	0.00957	0.02758	0.67014	0.02208	0.02101	0.01995	0.01575	0.00727	0.00562	0.00187	0.00475	0.00610	0.00525	0.00845

[dist]
# distance from previous block
# <min> <max>
0	1

[block]
# block no. 2 follows, 43 sequences, length 27
# corresponding to MSA columns:
# 43-69
name=unknown_C
#
# <colnr> <probs for GDERKNQSTAVLIFYWHMCP>
#	G	D	E	R	K	N	Q	S	T	A	V	L	I	F	Y	W	H	M	C	P
0	0.01612	0.01622	0.01917	0.18126	0.15363	0.19536	0.10326	0.17091	0.05434	0.01990	0.01118	0.01348	0.00860	0.00570	0.00553	0.00168	0.00767	0.00488	0.00345	0.00764
1	0.01467	0.01234	0.01302	0.01145	0.01474	0.01419	0.00898	0.11796	0.67083	0.02461	0.02141	0.01976	0.01599	0.00741	0.00562	0.00185	0.00459	0.00611	0.00562	0.00885
2	0.00675	0.00482	0.00643	0.00771	0.00803	0.00450	0.00514	0.00771	0.01060	0.01414	0.03053	0.80175	0.03663	0.01735	0.00707	0.00225	0.00321	0.01574	0.00514	0.00450
3	0.02016	0.01336	0.01490	0.01166	0.01588	0.01422	0.00953	0.44470	0.14221	0.18681	0.01640	0.01556	0.01147	0.00670	0.00549	0.00166	0.00542	0.00523	0.00571	0.05293
4	0.00765	0.00551	0.00723	0.00710	0.00823	0.00510	0.00521	0.00997	0.01479	0.02080	0.63944	0.17383	0.04953	0.01237	0.00663	0.00183	0.00272	0.01101	0.00593	0.00510
5	0.01775	0.30055	0.06045	0.01304	0.01707	0.39336	0.04905	0.06027	0.01437	0.01498	0.00873	0.01013	0.00731	0.00534	0.00461	0.00139	0.00821	0.00361	0.00280	0.00697
6	0.00675	0.00482	0.00643	0.00771	0.00803	0.00450	0.00514	0.00771	0.01060	0.01414	0.03053	0.80175	0.03663	0.01735	0.00707	0.00225	0.00321	0.01574	0.00514	0.00450
7	0.01273	0.21819	0.47292	0.01498	0.02176	0.05569	0.09631	0.01757	0.01194	0.01625	0.00945	0.01127	0.00719	0.00509	0.00497	0.00161	0.00785	0.00405	0.00242	0.00775
8	0.01148	0.00984	0.01148	0.00820	0.01312	0.00738	0.00656	0.01395	0.01148	0.01805	0.00984	0.01148	0.00820	0.00410	0.00410	0.00082	0.00410	0.00328	0.00328	0.83922
9	0.01347	0.06485	0.08320	0.01895	0.10594	0.05477	0.23609	0.05421	0.01206	0.01664	0.00963	0.01312	0.00803	0.00743	0.02970	0.00211	0.25469	0.00516	0.00276	0.00719
10	0.00938	0.00534	0.00779	0.00823	0.00866	0.00534	0.00620	0.00866	0.00909	0.01198	0.01630	0.03230	0.01716	0.01790	0.01690	0.55552	0.00491	0.25170	0.00332	0.00332
11	0.01552	0.55791	0.13481	0.01100	0.01598	0.11310	0.01115	0.01795	0.01210	0.05378	0.00887	0.00995	0.00744	0.00504	0.00408	0.00132	0.00668	0.00334	0.00266	0.00730
12	0.00655	0.00561	0.00561	0.00561	0.00748	0.00468	0.00421	0.00795	0.01262	0.01496	0.05610	0.05330	0.76857	0.01403	0.00655	0.00187	0.00281	0.01169	0.00514	0.00468
13	0.01461	0.01345	0.02176	0.03139	0.67852	0.01365	0.01620	0.10705	0.01426	0.02015	0.01077	0.01366	0.00885	0.00514	0.00549	0.00165	0.00652	0.00494	0.00308	0.00885
14	0.01818	0.28922	0.06245	0.01274	0.01653	0.48471	0.01083	0.02000	0.01398	0.01360	0.00835	0.00971	0.00712	0.00536	0.00453	0.00136	0.00852	0.00339	0.00266	0.00675
15	0.00784	0.00566	0.00740	0.00697	0.00827	0.00523	0.00523	0.01045	0.01568	0.02221	0.76789	0.04137	0.05226	0.01132	0.00653	0.00174	0.00261	0.01002	0.00610	0.00523
16	0.01371	0.01316	0.02248	0.03399	0.77081	0.01316	0.01700	0.01700	0.01261	0.01809	0.01042	0.01371	0.00877	0.00493	0.00548	0.00164	0.00658	0.00493	0.00274	0.00877
17	0.01149	0.02632	0.66098	0.01825	0.11559	0.01293	0.04294	0.01748	0.01185	0.01761	0.01004	0.01204	0.00727	0.00520	0.00533	0.00174	0.00802	0.00427	0.00240	0.00823
18	0.00733	0.00547	0.00684	0.00771	0.00868	0.00508	0.00579	0.00878	0.01157	0.01482	0.03638	0.36713	0.23082	0.05735	0.00819	0.00239	0.00371	0.20227	0.00504	0.00464
19	0.00766	0.00562	0.00717	0.00686	0.00818	0.00514	0.00512	0.01007	0.01513	0.02110	0.66141	0.07668	0.12545	0.01187	0.00656	0.00178	0.00266	0.01045	0.00596	0.00514
20	0.02485	0.00943	0.01285	0.00985	0.01414	0.00814	0.00814	0.02699	0.01585	0.77465	0.02185	0.01885	0.01371	0.00685	0.00557	0.00171	0.00471	0.00557	0.00685	0.00943
21	0.01148	0.00984	0.01148	0.00820	0.01312	0.00738	0.00656	0.01395	0.01148	0.01805	0.00984	0.01148	0.00820	0.00410	0.00410	0.00082	0.00410	0.00328	0.00328	0.83922
22	0.01268	0.01404	0.02962	0.14699	0.06563	0.01369	0.59808	0.01713	0.01273	0.01718	0.01095	0.01485	0.00826	0.00482	0.00633	0.00185	0.00889	0.00620	0.00274	0.00732
23	0.00675	0.00482	0.00643	0.00771	0.00803	0.00450	0.00514	0.00771	0.01060	0.01414	0.03053	0.80175	0.03663	0.01735	0.00707	0.00225	0.00321	0.01574	0.00514	0.00450
24	0.84448	0.01071	0.00814	0.00728	0.01071	0.01242	0.00600	0.01628	0.00943	0.02485	0.00771	0.00900	0.00600	0.00514	0.00343	0.00171	0.00428	0.00300	0.00343	0.00600
25	0.00688	0.00488	0.00639	0.00754	0.00783	0.00459	0.00496	0.00775	0.01034	0.01379	0.02918	0.72278	0.03493	0.09864	0.00925	0.00257	0.00344	0.01495	0.00496	0.00438
26	0.01407	0.01820	0.23763	0.01906	0.06886	0.01367	0.32087	0.09459	0.06071	0.06260	0.01225	0.01430	0.00895	0.00546	0.00614	0.00180	0.02391	0.00548	0.00335	0.00811

[dist]
# distance from previous block
# <min> <max>
0	1

[block]
# block no. 3 follows, 43 sequences, length 40
# corresponding to MSA columns:
# 71-110
name=unknown_D
#
# <colnr> <probs for GDERKNQSTAVLIFYWHMCP>
#	G	D	E	R	K	N	Q	S	T	A	V	L	I	F	Y	W	H	M	C	P
0	0.01405	0.01005	0.01195	0.00868	0.01348	0.00798	0.00700	0.05188	0.01288	0.13754	0.01189	0.01273	0.00913	0.00466	0.00440	0.00100	0.00429	0.00372	0.00395	0.66873
1	0.05360	0.34032	0.13467	0.01372	0.01871	0.09131	0.16984	0.01764	0.01214	0.04799	0.00979	0.01172	0.00791	0.00668	0.04025	0.00184	0.00766	0.00420	0.00277	0.00722
2	0.01160	0.13311	0.67655	0.01494	0.02266	0.01407	0.01899	0.01741	0.01163	0.01694	0.00964	0.01132	0.00703	0.00519	0.00503	0.00168	0.00788	0.00394	0.00234	0.00804
3	0.00734	0.00527	0.00695	0.00731	0.00816	0.00489	0.00519	0.00919	0.01334	0.01850	0.42892	0.39092	0.04507	0.01409	0.00678	0.00198	0.00289	0.01265	0.00566	0.00489
4	0.01371	0.01316	0.02248	0.03399	0.77081	0.01316	0.01700	0.01700	0.01261	0.01809	0.01042	0.01371	0.00877	0.00493	0.00548	0.00164	0.00658	0.00493	0.00274	0.00877
5	0.00659	0.00561	0.00568	0.00566	0.00751	0.00470	0.00425	0.00804	0.01274	0.01524	0.08318	0.05285	0.74132	0.01392	0.00655	0.00187	0.00280	0.01162	0.00518	0.00470
6	0.00655	0.00561	0.00561	0.00561	0.00748	0.00468	0.00421	0.00795	0.01262	0.01496	0.05610	0.05330	0.76857	0.01403	0.00655	0.00187	0.00281	0.01169	0.00514	0.00468
7	0.00805	0.00537	0.00604	0.00604	0.00604	0.00537	0.00336	0.00805	0.00805	0.01074	0.01745	0.03624	0.02013	0.80536	0.02819	0.00537	0.00537	0.00805	0.00336	0.00336
8	0.02485	0.00943	0.01285	0.00985	0.01414	0.00814	0.00814	0.02699	0.01585	0.77465	0.02185	0.01885	0.01371	0.00685	0.00557	0.00171	0.00471	0.00557	0.00685	0.00943
9	0.84448	0.01071	0.00814	0.00728	0.01071	0.01242	0.00600	0.01628	0.00943	0.02485	0.00771	0.00900	0.00600	0.00514	0.00343	0.00171	0.00428	0.00300	0.00343	0.00600
10	0.01287	0.01231	0.02097	0.22914	0.58221	0.01294	0.01658	0.01626	0.01222	0.01708	0.01027	0.01398	0.00841	0.00509	0.00550	0.00170	0.00679	0.00493	0.00267	0.00810
11	0.01111	0.02865	0.77667	0.01579	0.02397	0.01286	0.02046	0.01754	0.01169	0.01754	0.00994	0.01169	0.00702	0.00526	0.00526	0.00175	0.00818	0.00409	0.00234	0.00818
12	0.00675	0.00482	0.00643	0.00771	0.00803	0.00450	0.00514	0.00771	0.01060	0.01414	0.03053	0.80175	0.03663	0.01735	0.00707	0.00225	0.00321	0.01574	0.00514	0.00450
13	0.10470	0.01637	0.09375	0.01249	0.01721	0.01624	0.01108	0.60125	0.02286	0.03209	0.01238	0.01269	0.00882	0.00635	0.00529	0.00168	0.00612	0.00469	0.00499	0.00894
14	0.01499	0.78398	0.02860	0.00963	0.01431	0.04596	0.00952	0.01676	0.01139	0.01305	0.00773	0.00892	0.00711	0.00477	0.00360	0.00119	0.00605	0.00298	0.00238	0.00709
15	0.02072	0.01166	0.01327	0.01081	0.01467	0.04853	0.00871	0.10098	0.25524	0.42230	0.02056	0.01844	0.01398	0.00699	0.00556	0.00175	0.00500	0.00563	0.00614	0.00907
16	0.01241	0.01071	0.01121	0.01020	0.01309	0.01205	0.00790	0.02536	0.61901	0.02161	0.02890	0.02685	0.15937	0.00875	0.00581	0.00188	0.00408	0.00729	0.00554	0.00799
17	0.01343	0.01166	0.01312	0.05041	0.05631	0.01339	0.00954	0.02733	0.65549	0.02220	0.02153	0.02159	0.01657	0.00757	0.00570	0.00189	0.00467	0.03379	0.00530	0.00850
18	0.00658	0.00549	0.00573	0.00592	0.00756	0.00465	0.00435	0.00791	0.01233	0.01484	0.05233	0.16377	0.66053	0.01452	0.00662	0.00193	0.00287	0.01229	0.00514	0.00465
19	0.01608	0.02094	0.30229	0.03246	0.02040	0.09351	0.04482	0.31535	0.01801	0.02404	0.01221	0.01501	0.00936	0.00637	0.00553	0.00173	0.00739	0.04237	0.00385	0.00827
20	0.01181	0.02373	0.50981	0.01850	0.02575	0.01327	0.28239	0.01761	0.01219	0.01761	0.01039	0.01286	0.00751	0.00505	0.00572	0.00179	0.00860	0.00497	0.00250	0.00793
21	0.01032	0.00516	0.00516	0.00516	0.00645	0.00516	0.00387	0.01290	0.01161	0.02065	0.01807	0.02065	0.01420	0.00645	0.00387	0.00129	0.00258	0.00516	0.83611	0.00516
22	0.01481	0.80869	0.02902	0.00948	0.01421	0.02191	0.00948	0.01658	0.01125	0.01303	0.00770	0.00888	0.00711	0.00474	0.00355	0.00118	0.00592	0.00296	0.00237	0.00711
23	0.00682	0.00485	0.00640	0.00762	0.00792	0.00455	0.00504	0.00773	0.01046	0.01395	0.02979	0.75857	0.03570	0.06180	0.00826	0.00243	0.00333	0.01531	0.00504	0.00443
24	0.84448	0.01071	0.00814	0.00728	0.01071	0.01242	0.00600	0.01628	0.00943	0.02485	0.00771	0.00900	0.00600	0.00514	0.00343	0.00171	0.00428	0.00300	0.00343	0.00600
25	0.01293	0.01466	0.03181	0.06487	0.02944	0.01391	0.71097	0.01755	0.01296	0.01755	0.01113	0.01493	0.00835	0.00472	0.00648	0.00187	0.00923	0.00645	0.00278	0.00740
26	0.01299	0.01460	0.03136	0.05962	0.07122	0.01388	0.67518	0.01753	0.01295	0.01759	0.01110	0.01486	0.00838	0.00472	0.00643	0.00185	0.00909	0.00637	0.00278	0.00748
27	0.02030	0.01514	0.01620	0.01259	0.01689	0.01683	0.01035	0.67801	0.10159	0.03370	0.01425	0.01405	0.01019	0.00674	0.00555	0.00168	0.00592	0.00512	0.00555	0.00935
28	0.00712	0.00581	0.00631	0.00615	0.00791	0.00510	0.00462	0.00928	0.03604	0.01719	0.24975	0.04905	0.54998	0.01309	0.00651	0.00184	0.00280	0.01107	0.00542	0.00495
29	0.00668	0.00508	0.00616	0.00703	0.00785	0.00456	0.00484	0.00779	0.01126	0.01441	0.03886	0.55791	0.27509	0.01627	0.00690	0.00213	0.00308	0.01442	0.00514	0.00456
30	0.01212	0.01212	0.01696	0.01454	0.01454	0.01696	0.01212	0.01333	0.00848	0.01333	0.00727	0.01212	0.00727	0.00969	0.01818	0.00242	0.79523	0.00485	0.00242	0.00606
31	0.02120	0.00862	0.01168	0.00923	0.01288	0.00751	0.00751	0.02344	0.01581	0.61326	0.18187	0.02368	0.02198	0.00781	0.00578	0.00172	0.00426	0.00652	0.00669	0.00852
32	0.00732	0.00564	0.00669	0.00642	0.00796	0.00501	0.00482	0.00945	0.01446	0.01931	0.48314	0.04614	0.33882	0.01240	0.00654	0.00179	0.00269	0.01069	0.00572	0.00501
33	0.01243	0.01201	0.02089	0.32269	0.44368	0.01289	0.06330	0.01596	0.01205	0.01657	0.01025	0.01419	0.00822	0.00515	0.00557	0.00174	0.00706	0.00503	0.00264	0.00769
34	0.01441	0.01006	0.01191	0.01048	0.01316	0.01064	0.02304	0.21567	0.17758	0.10631	0.05640	0.24526	0.02240	0.01055	0.00618	0.00194	0.00460	0.04647	0.00554	0.00741
35	0.01079	0.01018	0.01721	0.71425	0.11334	0.01239	0.01555	0.01444	0.01123	0.01456	0.00990	0.01466	0.00753	0.00548	0.00553	0.00183	0.00730	0.00492	0.00249	0.00642
36	0.01347	0.01089	0.01359	0.10825	0.01736	0.01010	0.02601	0.11924	0.04888	0.05458	0.01145	0.01302	0.00891	0.00507	0.00502	0.00122	0.02375	0.00409	0.00374	0.50138
37	0.01170	0.01001	0.01375	0.14158	0.01808	0.02635	0.09019	0.04145	0.06051	0.05617	0.06288	0.04164	0.14155	0.00731	0.00548	0.00153	0.00516	0.00641	0.00402	0.25425
38	0.01182	0.00954	0.03585	0.00977	0.02732	0.00798	0.04729	0.05555	0.03665	0.07934	0.24770	0.05471	0.03995	0.00762	0.00546	0.00144	0.00420	0.00664	0.00468	0.30648
39	0.01444	0.02998	0.01721	0.12466	0.05522	0.10717	0.16170	0.01719	0.01335	0.14896	0.05044	0.05620	0.09262	0.00713	0.00573	0.00168	0.00641	0.00645	0.00400	0.07946

[dist]
# distance from previous block
# <min> <max>
1	14

[block]
# block no. 4 follows, 43 sequences, length 8
# corresponding to MSA columns:
# 125-132
name=unknown_E
#
# <colnr> <probs for GDERKNQSTAVLIFYWHMCP>
#	G	D	E	R	K	N	Q	S	T	A	V	L	I	F	Y	W	H	M	C	P
0	0.01861	0.10259	0.12837	0.01291	0.01705	0.21099	0.01166	0.17908	0.01618	0.15188	0.01189	0.01260	0.00877	0.00635	0.00643	0.00165	0.08676	0.00437	0.00397	0.00789
1	0.06770	0.01371	0.11777	0.01107	0.01531	0.01197	0.01002	0.22628	0.12660	0.13606	0.10690	0.01945	0.01639	0.00716	0.00547	0.00169	0.00522	0.02726	0.00507	0.06890
2	0.01186	0.01095	0.08035	0.01004	0.01323	0.00971	0.00861	0.05850	0.25292	0.05186	0.12911	0.09326	0.05821	0.00924	0.00589	0.00179	0.00444	0.07560	0.00504	0.10938
3	0.00832	0.00588	0.00736	0.00750	0.00884	0.00565	0.00552	0.01041	0.04009	0.05821	0.11737	0.27509	0.24561	0.01935	0.15489	0.00331	0.00537	0.01111	0.00495	0.00516
4	0.01501	0.16583	0.12575	0.01112	0.01536	0.01377	0.01042	0.20740	0.09400	0.07905	0.01773	0.08175	0.05003	0.00788	0.00539	0.00170	0.00556	0.05265	0.00443	0.03516
5	0.01181	0.17752	0.63397	0.01458	0.02211	0.01459	0.01837	0.01736	0.01161	0.01668	0.00951	0.01116	0.00703	0.00516	0.00494	0.00165	0.00775	0.00388	0.00234	0.00798
6	0.01212	0.24219	0.57199	0.01406	0.02130	0.01534	0.01745	0.01728	0.01157	0.01630	0.00933	0.01092	0.00704	0.00512	0.00479	0.00160	0.00757	0.00378	0.00235	0.00789
7	0.01493	0.05038	0.38257	0.01362	0.01957	0.15958	0.01464	0.07261	0.03969	0.07344	0.01114	0.01220	0.00818	0.00549	0.00508	0.00156	0.00746	0.00411	0.00322	0.10053

[dist]
# distance from previous block
# <min> <max>
1	20

[block]
# block no. 5 follows, 43 sequences, length 19
# corresponding to MSA columns:
# 153-171
name=unknown_F
#
# <colnr> <probs for GDERKNQSTAVLIFYWHMCP>
#	G	D	E	R	K	N	Q	S	T	A	V	L	I	F	Y	W	H	M	C	P
0	0.03995	0.01930	0.39760	0.01419	0.01977	0.01141	0.10908	0.01709	0.04202	0.07169	0.13462	0.03792	0.01612	0.00685	0.00616	0.00181	0.03757	0.00585	0.00357	0.00747
1	0.01496	0.01072	0.01343	0.01033	0.01445	0.01001	0.04939	0.09696	0.11157	0.15572	0.01734	0.01746	0.06571	0.00632	0.00567	0.00142	0.04070	0.00513	0.00454	0.34817
2	0.01618	0.01362	0.01511	0.01229	0.01564	0.09151	0.06606	0.35461	0.08858	0.02561	0.11213	0.01861	0.01601	0.01193	0.11370	0.00269	0.00734	0.00587	0.00478	0.00774
3	0.04555	0.01246	0.02074	0.13729	0.61081	0.01282	0.01601	0.01696	0.01240	0.04692	0.01067	0.01387	0.00866	0.00510	0.00541	0.00168	0.00653	0.00488	0.00289	0.00833
4	0.01148	0.00984	0.01148	0.00820	0.01312	0.00738	0.00656	0.01395	0.01148	0.01805	0.00984	0.01148	0.00820	0.00410	0.00410	0.00082	0.00410	0.00328	0.00328	0.83922
5	0.00683	0.00488	0.00652	0.00781	0.00817	0.00457	0.00529	0.00786	0.01069	0.01423	0.03048	0.77276	0.03644	0.01727	0.00709	0.00226	0.00329	0.04389	0.00514	0.00452
6	0.01955	0.01527	0.01388	0.01135	0.01485	0.18268	0.00906	0.36467	0.01985	0.12412	0.01422	0.01461	0.01033	0.00643	0.00513	0.00155	0.00614	0.00478	0.15354	0.00800
7	0.01221	0.12955	0.63213	0.01477	0.02228	0.01431	0.01841	0.06289	0.01252	0.01803	0.00985	0.01143	0.00718	0.00528	0.00506	0.00167	0.00776	0.00400	0.00254	0.00812
8	0.01573	0.01287	0.01363	0.01167	0.01515	0.01469	0.00924	0.22407	0.56297	0.02633	0.02005	0.01868	0.01489	0.00728	0.00561	0.00182	0.00484	0.00592	0.00561	0.00894
9	0.00741	0.00529	0.00718	0.00847	0.00908	0.00507	0.00629	0.00885	0.01125	0.01488	0.03016	0.57738	0.03519	0.01673	0.00725	0.00234	0.00379	0.23360	0.00513	0.00468
10	0.01316	0.00826	0.01002	0.00917	0.01128	0.00829	0.00694	0.15363	0.07002	0.14733	0.13694	0.34936	0.02858	0.01194	0.00634	0.00194	0.00400	0.01045	0.00568	0.00668
11	0.01406	0.38795	0.33277	0.01268	0.01858	0.11748	0.01412	0.01770	0.01201	0.01494	0.00873	0.01018	0.00707	0.00508	0.00444	0.00145	0.00738	0.00350	0.00242	0.00746
12	0.12310	0.00579	0.00662	0.00733	0.00835	0.00567	0.00514	0.00910	0.01101	0.01621	0.07473	0.54867	0.12876	0.01486	0.00646	0.00210	0.00327	0.01310	0.00496	0.00477
13	0.01396	0.01656	0.15355	0.01740	0.02263	0.01416	0.32801	0.11665	0.21623	0.02141	0.01432	0.01571	0.01059	0.00580	0.00594	0.00182	0.00738	0.00584	0.00384	0.00820
14	0.00863	0.00884	0.09690	0.00911	0.01094	0.00706	0.00760	0.01258	0.11568	0.01700	0.13956	0.38498	0.03153	0.06056	0.00788	0.00227	0.00413	0.06422	0.00492	0.00561
15	0.01116	0.11984	0.28073	0.01226	0.01681	0.01182	0.06405	0.03931	0.09232	0.01787	0.07390	0.17710	0.01802	0.00842	0.00560	0.00178	0.00588	0.00725	0.02884	0.00702
16	0.06693	0.27374	0.09974	0.01106	0.01524	0.16029	0.01019	0.14988	0.01509	0.01905	0.06291	0.01558	0.06581	0.00646	0.00477	0.00150	0.00641	0.00467	0.00354	0.00714
17	0.01131	0.07705	0.39454	0.01269	0.01846	0.01107	0.06255	0.01571	0.01250	0.05685	0.09749	0.02066	0.11169	0.00697	0.00546	0.00166	0.00632	0.00581	0.00344	0.06778
18	0.01346	0.07174	0.28832	0.22516	0.02635	0.09543	0.11165	0.01776	0.01241	0.07098	0.01065	0.01310	0.00780	0.00539	0.00538	0.00172	0.00791	0.00461	0.00282	0.00737

[dist]
# distance from previous block
# <min> <max>
1	13

[block]
# block no. 6 follows, 43 sequences, length 69
# corresponding to MSA columns:
# 185-253
name=unknown_G
#
# <colnr> <probs for GDERKNQSTAVLIFYWHMCP>
#	G	D	E	R	K	N	Q	S	T	A	V	L	I	F	Y	W	H	M	C	P
0	0.01351	0.04041	0.28563	0.09536	0.02057	0.01182	0.05078	0.06906	0.08470	0.10611	0.06644	0.01614	0.01243	0.00669	0.01895	0.00179	0.00653	0.00509	0.00379	0.08417
1	0.01428	0.01136	0.01621	0.36112	0.14089	0.03113	0.01298	0.12279	0.04561	0.09932	0.01375	0.03224	0.02557	0.00636	0.00580	0.00177	0.02276	0.00540	0.02326	0.00740
2	0.02996	0.09094	0.16305	0.01042	0.01410	0.06508	0.03142	0.01586	0.01421	0.12033	0.33496	0.02612	0.02782	0.00825	0.00571	0.00169	0.00513	0.02354	0.00469	0.00672
3	0.01088	0.01025	0.01662	0.56158	0.10460	0.01243	0.01438	0.01408	0.01092	0.01461	0.01037	0.04374	0.00864	0.00635	0.00703	0.00187	0.10085	0.00525	0.00262	0.04294
4	0.01704	0.01110	0.05126	0.16397	0.05299	0.01043	0.07086	0.04281	0.09203	0.32349	0.09021	0.01940	0.01549	0.00676	0.00572	0.00177	0.00565	0.00591	0.00504	0.00807
5	0.01326	0.01270	0.02167	0.13892	0.66940	0.01304	0.01677	0.01660	0.01240	0.01755	0.01034	0.01385	0.00858	0.00502	0.00549	0.00167	0.00669	0.00493	0.00270	0.00841
6	0.02285	0.00934	0.01244	0.00975	0.01374	0.00834	0.00798	0.02600	0.06937	0.66741	0.07469	0.02057	0.01667	0.00722	0.00564	0.00173	0.00454	0.00593	0.00671	0.00908
7	0.01350	0.01369	0.01812	0.01511	0.01610	0.07598	0.07206	0.06747	0.01068	0.01526	0.00812	0.01227	0.00751	0.00876	0.01530	0.00225	0.61378	0.00490	0.00271	0.00644
8	0.00805	0.00537	0.00604	0.00604	0.00604	0.00537	0.00336	0.00805	0.00805	0.01074	0.01745	0.03624	0.02013	0.80536	0.02819	0.00537	0.00537	0.00805	0.00336	0.00336
9	0.00805	0.00537	0.00604	0.00604	0.00604	0.00537	0.00336	0.00805	0.00805	0.01074	0.01745	0.03624	0.02013	0.80536	0.02819	0.00537	0.00537	0.00805	0.00336	0.00336
10	0.00784	0.00566	0.00740	0.00697	0.00827	0.00523	0.00523	0.01045	0.01568	0.02221	0.76789	0.04137	0.05226	0.01132	0.00653	0.00174	0.00261	0.01002	0.00610	0.00523
11	0.01014	0.00919	0.01310	0.01182	0.01226	0.01220	0.00959	0.01167	0.00866	0.01306	0.01090	0.01700	0.01052	0.04255	0.36115	0.00539	0.42724	0.00541	0.00269	0.00550
12	0.01032	0.00516	0.00516	0.00516	0.00645	0.00516	0.00387	0.01290	0.01161	0.02065	0.01807	0.02065	0.01420	0.00645	0.00387	0.00129	0.00258	0.00516	0.83611	0.00516
13	0.18573	0.01399	0.01441	0.01120	0.01548	0.01526	0.00923	0.53225	0.02128	0.03124	0.01184	0.01226	0.00861	0.00610	0.00497	0.00159	0.00554	0.00442	0.00489	0.08970
14	0.01288	0.01628	0.10528	0.02261	0.02846	0.01389	0.67944	0.01772	0.01294	0.01772	0.01108	0.01462	0.00827	0.00473	0.00641	0.00186	0.00922	0.00630	0.00276	0.00754
15	0.01032	0.00516	0.00516	0.00516	0.00645	0.00516	0.00387	0.01290	0.01161	0.02065	0.01807	0.02065	0.01420	0.00645	0.00387	0.00129	0.00258	0.00516	0.83611	0.00516
16	0.01564	0.18203	0.26148	0.01574	0.09253	0.20302	0.03096	0.10390	0.01437	0.01774	0.00962	0.01117	0.00755	0.00538	0.00493	0.00154	0.00779	0.00398	0.00289	0.00772
17	0.01352	0.01427	0.07667	0.03269	0.71715	0.01314	0.01725	0.01704	0.01254	0.01805	0.01038	0.01356	0.00865	0.00496	0.00547	0.00165	0.00669	0.00487	0.00271	0.00873
18	0.00709	0.00509	0.00674	0.00748	0.00811	0.00473	0.00517	0.00858	0.01222	0.01670	0.26497	0.55999	0.04160	0.01543	0.00690	0.00209	0.00302	0.01392	0.00544	0.00473
19	0.01057	0.00540	0.00543	0.00534	0.00670	0.00544	0.00403	0.03011	0.01195	0.02098	0.01796	0.02048	0.01408	0.00646	0.00391	0.00130	0.00266	0.00516	0.81678	0.00526
20	0.01563	0.01590	0.01582	0.07109	0.16964	0.21151	0.01146	0.05609	0.33325	0.01956	0.01520	0.01578	0.01175	0.00635	0.00543	0.00170	0.00655	0.00515	0.00411	0.00801
21	0.84448	0.01071	0.00814	0.00728	0.01071	0.01242	0.00600	0.01628	0.00943	0.02485	0.00771	0.00900	0.00600	0.00514	0.00343	0.00171	0.00428	0.00300	0.00343	0.00600
22	0.01371	0.01316	0.02248	0.03399	0.77081	0.01316	0.01700	0.01700	0.01261	0.01809	0.01042	0.01371	0.00877	0.00493	0.00548	0.00164	0.00658	0.00493	0.00274	0.00877
23	0.00675	0.00482	0.00643	0.00771	0.00803	0.00450	0.00514	0.00771	0.01060	0.01414	0.03053	0.80175	0.03663	0.01735	0.00707	0.00225	0.00321	0.01574	0.00514	0.00450
24	0.01046	0.00984	0.01661	0.79205	0.03814	0.01230	0.01538	0.01415	0.01107	0.01415	0.00984	0.01477	0.00738	0.00554	0.00554	0.00185	0.00738	0.00492	0.00246	0.00615
25	0.00784	0.00566	0.00740	0.00697	0.00827	0.00523	0.00523	0.01045	0.01568	0.02221	0.76789	0.04137	0.05226	0.01132	0.00653	0.00174	0.00261	0.01002	0.00610	0.00523
26	0.01046	0.00984	0.01661	0.79205	0.03814	0.01230	0.01538	0.01415	0.01107	0.01415	0.00984	0.01477	0.00738	0.00554	0.00554	0.00185	0.00738	0.00492	0.00246	0.00615
27	0.01032	0.00516	0.00516	0.00516	0.00645	0.00516	0.00387	0.01290	0.01161	0.02065	0.01807	0.02065	0.01420	0.00645	0.00387	0.00129	0.00258	0.00516	0.83611	0.00516
28	0.28353	0.01391	0.01313	0.01061	0.01454	0.08871	0.00866	0.31099	0.01784	0.16839	0.01266	0.01265	0.00891	0.00612	0.00482	0.00167	0.00564	0.00433	0.00485	0.00804
29	0.00725	0.00578	0.00657	0.00701	0.00830	0.00535	0.00501	0.00966	0.07278	0.01545	0.05967	0.37305	0.37432	0.01486	0.00670	0.00203	0.00310	0.01295	0.00521	0.00495
30	0.01032	0.00516	0.00516	0.00516	0.00645	0.00516	0.00387	0.01290	0.01161	0.02065	0.01807	0.02065	0.01420	0.00645	0.00387	0.00129	0.00258	0.00516	0.83611	0.00516
31	0.15617	0.01197	0.01825	0.16392	0.44537	0.01267	0.01413	0.03393	0.01230	0.06499	0.01061	0.01340	0.00836	0.00523	0.00515	0.00170	0.00621	0.00464	0.00312	0.00788
32	0.50136	0.01399	0.08583	0.00985	0.01406	0.01398	0.00885	0.25043	0.01493	0.02733	0.00970	0.01063	0.00718	0.00563	0.00428	0.00170	0.00524	0.00374	0.00399	0.00730
33	0.76413	0.01118	0.00897	0.00782	0.01134	0.01289	0.00644	0.08811	0.01105	0.02583	0.00826	0.00942	0.00633	0.00529	0.00363	0.00171	0.00446	0.00319	0.00363	0.00633
34	0.02343	0.00901	0.01210	0.00940	0.01339	0.00785	0.00772	0.02562	0.01544	0.70107	0.02148	0.01903	0.01376	0.00682	0.00540	0.00167	0.00450	0.00553	0.08778	0.00901
35	0.00805	0.00537	0.00604	0.00604	0.00604	0.00537	0.00336	0.00805	0.00805	0.01074	0.01745	0.03624	0.02013	0.80536	0.02819	0.00537	0.00537	0.00805	0.00336	0.00336
36	0.01378	0.01190	0.01252	0.01127	0.01440	0.01378	0.00877	0.02943	0.76081	0.02317	0.02254	0.02066	0.01691	0.00751	0.00564	0.00188	0.00438	0.00626	0.00564	0.00877
37	0.00784	0.00566	0.00740	0.00697	0.00827	0.00523	0.00523	0.01045	0.01568	0.02221	0.76789	0.04137	0.05226	0.01132	0.00653	0.00174	0.00261	0.01002	0.00610	0.00523
38	0.01181	0.01167	0.01638	0.01413	0.01421	0.01624	0.01174	0.01308	0.00851	0.01329	0.00781	0.01281	0.00774	0.01198	0.07316	0.00289	0.73915	0.00492	0.00246	0.00598
39	0.01069	0.01008	0.01703	0.73758	0.09079	0.01237	0.01550	0.01435	0.01118	0.01443	0.00988	0.01469	0.00748	0.00549	0.00553	0.00183	0.00733	0.00492	0.00248	0.00634
40	0.01481	0.80869	0.02902	0.00948	0.01421	0.02191	0.00948	0.01658	0.01125	0.01303	0.00770	0.00888	0.00711	0.00474	0.00355	0.00118	0.00592	0.00296	0.00237	0.00711
41	0.01148	0.00984	0.01148	0.00820	0.01312	0.00738	0.00656	0.01395	0.01148	0.01805	0.00984	0.01148	0.00820	0.00410	0.00410	0.00082	0.00410	0.00328	0.00328	0.83922
42	0.01287	0.04648	0.53218	0.01417	0.02088	0.01295	0.01668	0.02078	0.17078	0.07864	0.01349	0.01408	0.00965	0.00585	0.00532	0.00176	0.00704	0.00464	0.00340	0.00837
43	0.01061	0.00544	0.00547	0.00536	0.00674	0.00548	0.00405	0.03264	0.01200	0.02103	0.01794	0.02045	0.01407	0.00646	0.00392	0.00130	0.00267	0.00516	0.81394	0.00528
44	0.00962	0.00481	0.00722	0.00722	0.00722	0.00481	0.00481	0.00722	0.00722	0.00962	0.00962	0.01684	0.00962	0.01924	0.02165	0.83886	0.00481	0.00481	0.00241	0.00241
45	0.01481	0.80869	0.02902	0.00948	0.01421	0.02191	0.00948	0.01658	0.01125	0.01303	0.00770	0.00888	0.00711	0.00474	0.00355	0.00118	0.00592	0.00296	0.00237	0.00711
46	0.01481	0.80869	0.02902	0.00948	0.01421	0.02191	0.00948	0.01658	0.01125	0.01303	0.00770	0.00888	0.00711	0.00474	0.00355	0.00118	0.00592	0.00296	0.00237	0.00711
47	0.00784	0.00566	0.00740	0.00697	0.00827	0.00523	0.00523	0.01045	0.01568	0.02221	0.76789	0.04137	0.05226	0.01132	0.00653	0.00174	0.00261	0.01002	0.00610	0.00523
48	0.00675	0.00482	0.00643	0.00771	0.00803	0.00450	0.00514	0.00771	0.01060	0.01414	0.03053	0.80175	0.03663	0.01735	0.00707	0.00225	0.00321	0.01574	0.00514	0.00450
49	0.01271	0.01212	0.02029	0.10108	0.62881	0.01225	0.01560	0.01585	0.01247	0.01742	0.01482	0.01767	0.08279	0.00588	0.00559	0.00169	0.00629	0.00559	0.00295	0.00813
50	0.01396	0.01162	0.03184	0.21283	0.06624	0.01165	0.01073	0.20263	0.01520	0.03531	0.01152	0.01373	0.00882	0.00551	0.00521	0.00145	0.01965	0.00446	0.06258	0.25509
51	0.01263	0.01291	0.03442	0.35746	0.32389	0.06842	0.01552	0.01585	0.01181	0.01567	0.00977	0.01373	0.00790	0.00564	0.00650	0.00178	0.07145	0.00481	0.00259	0.00724
52	0.01089	0.01028	0.01739	0.69191	0.13494	0.01242	0.01559	0.01453	0.01128	0.01467	0.00992	0.01463	0.00757	0.00546	0.00553	0.00182	0.00728	0.00492	0.00250	0.00650
53	0.00665	0.00561	0.00576	0.00572	0.00755	0.00472	0.00429	0.00815	0.01287	0.01555	0.11409	0.05233	0.71021	0.01381	0.00654	0.00186	0.00279	0.01155	0.00522	0.00472
54	0.01226	0.01130	0.01533	0.22038	0.02184	0.02551	0.08231	0.01944	0.24985	0.01852	0.01399	0.01559	0.01075	0.00565	0.00523	0.00154	0.00569	0.00499	0.00376	0.25608
55	0.84448	0.01071	0.00814	0.00728	0.01071	0.01242	0.00600	0.01628	0.00943	0.02485	0.00771	0.00900	0.00600	0.00514	0.00343	0.00171	0.00428	0.00300	0.00343	0.00600
56	0.01172	0.01165	0.01615	0.01390	0.01403	0.01608	0.01155	0.01294	0.00878	0.01345	0.01078	0.01508	0.06197	0.01000	0.01734	0.00238	0.73829	0.00534	0.00262	0.00596
57	0.01032	0.00516	0.00516	0.00516	0.00645	0.00516	0.00387	0.01290	0.01161	0.02065	0.01807	0.02065	0.01420	0.00645	0.00387	0.00129	0.00258	0.00516	0.83611	0.00516
58	0.01111	0.02865	0.77667	0.01579	0.02397	0.01286	0.02046	0.01754	0.01169	0.01754	0.00994	0.01169	0.00702	0.00526	0.00526	0.00175	0.00818	0.00409	0.00234	0.00818
59	0.02009	0.01822	0.01677	0.01351	0.01747	0.22726	0.04240	0.46804	0.07543	0.02745	0.01257	0.01299	0.00928	0.00637	0.00544	0.00162	0.00718	0.00475	0.00469	0.00846
60	0.00993	0.00944	0.01254	0.01127	0.01286	0.09663	0.12390	0.01172	0.01081	0.01394	0.01880	0.27868	0.02020	0.09693	0.22150	0.00422	0.02854	0.00918	0.00367	0.00524
61	0.01195	0.07855	0.69447	0.01511	0.02290	0.01324	0.01921	0.01789	0.01185	0.05051	0.01032	0.01182	0.00732	0.00530	0.00516	0.00172	0.00789	0.00408	0.00254	0.00817
62	0.00702	0.00561	0.00628	0.00615	0.00778	0.00487	0.00460	0.00885	0.01369	0.01757	0.31351	0.06427	0.49404	0.01311	0.00655	0.00183	0.00274	0.01117	0.00549	0.00487
63	0.01855	0.00962	0.01221	0.00908	0.01366	0.00778	0.00740	0.02084	0.01379	0.41809	0.01619	0.01538	0.01111	0.00556	0.00488	0.00129	0.00442	0.00449	0.00517	0.40048
64	0.01032	0.00516	0.00516	0.00516	0.00645	0.00516	0.00387	0.01290	0.01161	0.02065	0.01807	0.02065	0.01420	0.00645	0.00387	0.00129	0.00258	0.00516	0.83611	0.00516
65	0.00838	0.00617	0.00788	0.00756	0.00896	0.00596	0.00579	0.01184	0.06871	0.02139	0.62023	0.04179	0.04678	0.03476	0.00721	0.00194	0.00306	0.08029	0.00589	0.00541
66	0.01475	0.36077	0.26331	0.06806	0.01932	0.01676	0.01339	0.08936	0.01320	0.07873	0.01026	0.01144	0.00786	0.00532	0.00460	0.00150	0.00667	0.00387	0.00304	0.00780
67	0.01972	0.15806	0.01803	0.01333	0.01663	0.59175	0.01048	0.08067	0.01578	0.01520	0.00880	0.01007	0.00732	0.00562	0.00479	0.00140	0.00898	0.00358	0.00299	0.00678
68	0.01456	0.15407	0.33740	0.01402	0.05428	0.10468	0.02698	0.04993	0.01342	0.09589	0.04586	0.01485	0.03852	0.00602	0.00512	0.00161	0.00706	0.00466	0.00331	0.00773

[dist]
# distance from previous block
# <min> <max>
0	2

[block]
# block no. 7 follows, 43 sequences, length 83
# corresponding to MSA columns:
# 256-338
name=unknown_H
#
# <colnr> <probs for GDERKNQSTAVLIFYWHMCP>
#	G	D	E	R	K	N	Q	S	T	A	V	L	I	F	Y	W	H	M	C	P
0	0.66706	0.01242	0.01021	0.00988	0.05323	0.08575	0.00744	0.01668	0.01013	0.02266	0.00791	0.00955	0.00634	0.00548	0.00464	0.00173	0.05613	0.00328	0.00327	0.00619
1	0.09240	0.50849	0.21062	0.01140	0.01689	0.01846	0.04289	0.01684	0.01126	0.01545	0.00840	0.00984	0.00703	0.00490	0.00409	0.00140	0.00647	0.00339	0.00248	0.00728
2	0.01063	0.00894	0.01057	0.00811	0.01221	0.00686	0.00631	0.01282	0.01133	0.01734	0.01356	0.15359	0.01331	0.00648	0.00464	0.00108	0.00394	0.00552	0.00362	0.68912
3	0.01148	0.00984	0.01148	0.00820	0.01312	0.00738	0.00656	0.01395	0.01148	0.01805	0.00984	0.01148	0.00820	0.00410	0.00410	0.00082	0.00410	0.00328	0.00328	0.83922
4	0.00805	0.00540	0.00618	0.00618	0.00623	0.00544	0.00353	0.00814	0.00809	0.01084	0.01732	0.03554	0.01983	0.76848	0.06465	0.00554	0.00583	0.00795	0.00334	0.00343
5	0.02130	0.01039	0.01289	0.01035	0.01428	0.01015	0.00840	0.07264	0.21559	0.51221	0.03672	0.01945	0.01508	0.00711	0.00560	0.00176	0.00467	0.00581	0.00643	0.00916
6	0.01111	0.02865	0.77667	0.01579	0.02397	0.01286	0.02046	0.01754	0.01169	0.01754	0.00994	0.01169	0.00702	0.00526	0.00526	0.00175	0.00818	0.00409	0.00234	0.00818
7	0.00805	0.00537	0.00604	0.00604	0.00604	0.00537	0.00336	0.00805	0.00805	0.01074	0.01745	0.03624	0.02013	0.80536	0.02819	0.00537	0.00537	0.00805	0.00336	0.00336
8	0.00795	0.00579	0.00816	0.00816	0.00889	0.00652	0.00599	0.00941	0.00868	0.01231	0.01552	0.02553	0.01548	0.24036	0.58683	0.00798	0.01237	0.00649	0.00307	0.00453
9	0.00805	0.00537	0.00604	0.00604	0.00604	0.00537	0.00336	0.00805	0.00805	0.01074	0.01745	0.03624	0.02013	0.80536	0.02819	0.00537	0.00537	0.00805	0.00336	0.00336
10	0.01351	0.01296	0.02213	0.07954	0.72679	0.01311	0.01690	0.01683	0.01252	0.01786	0.01038	0.01377	0.00869	0.00497	0.00549	0.00166	0.00663	0.00493	0.00272	0.00862
11	0.01032	0.00516	0.00516	0.00516	0.00645	0.00516	0.00387	0.01290	0.01161	0.02065	0.01807	0.02065	0.01420	0.00645	0.00387	0.00129	0.00258	0.00516	0.83611	0.00516
12	0.04859	0.01022	0.01318	0.01014	0.01441	0.00939	0.00837	0.11649	0.01692	0.66090	0.02037	0.01787	0.01295	0.00678	0.00550	0.00171	0.00487	0.00542	0.00659	0.00932
13	0.01128	0.02765	0.72786	0.01696	0.07230	0.01288	0.02024	0.01750	0.01175	0.01758	0.00997	0.01182	0.00713	0.00524	0.00528	0.00175	0.00808	0.00415	0.00236	0.00822
14	0.01212	0.01212	0.01696	0.01454	0.01454	0.01696	0.01212	0.01333	0.00848	0.01333	0.00727	0.01212	0.00727	0.00969	0.01818	0.00242	0.79523	0.00485	0.00242	0.00606
15	0.01340	0.00969	0.01116	0.00920	0.01216	0.00973	0.00730	0.23554	0.06638	0.06291	0.33401	0.02762	0.06498	0.00875	0.00585	0.00163	0.00406	0.00735	0.00557	0.10272
16	0.02081	0.01491	0.01613	0.01247	0.01681	0.01641	0.01027	0.66199	0.07297	0.07859	0.01441	0.01411	0.01016	0.00672	0.00555	0.00168	0.00590	0.00510	0.00563	0.00938
17	0.69567	0.01151	0.01151	0.00948	0.01322	0.01291	0.09186	0.06408	0.01092	0.02468	0.00847	0.00996	0.00650	0.00518	0.00392	0.00173	0.00498	0.00353	0.00349	0.00639
18	0.84448	0.01071	0.00814	0.00728	0.01071	0.01242	0.00600	0.01628	0.00943	0.02485	0.00771	0.00900	0.00600	0.00514	0.00343	0.00171	0.00428	0.00300	0.00343	0.00600
19	0.01111	0.02865	0.77667	0.01579	0.02397	0.01286	0.02046	0.01754	0.01169	0.01754	0.00994	0.01169	0.00702	0.00526	0.00526	0.00175	0.00818	0.00409	0.00234	0.00818
20	0.01392	0.06247	0.06328	0.06773	0.58359	0.06346	0.01608	0.01744	0.02782	0.01737	0.01033	0.01326	0.00857	0.00507	0.00533	0.00162	0.00684	0.00471	0.00275	0.00836
21	0.01481	0.80869	0.02902	0.00948	0.01421	0.02191	0.00948	0.01658	0.01125	0.01303	0.00770	0.00888	0.00711	0.00474	0.00355	0.00118	0.00592	0.00296	0.00237	0.00711
22	0.00802	0.00549	0.00664	0.00664	0.00685	0.00569	0.00410	0.00844	0.00823	0.01118	0.01690	0.03321	0.01882	0.64526	0.18649	0.00611	0.00735	0.00761	0.00327	0.00369
23	0.02464	0.00976	0.01306	0.01001	0.01430	0.00864	0.00827	0.06675	0.01641	0.73410	0.02138	0.01855	0.01347	0.00684	0.00557	0.00171	0.00479	0.00554	0.00678	0.00942
24	0.02089	0.00855	0.01158	0.00918	0.01277	0.00746	0.00746	0.02314	0.01581	0.59938	0.19563	0.02410	0.02269	0.00790	0.00579	0.00172	0.00422	0.00661	0.00668	0.00845
25	0.01302	0.00980	0.01164	0.00839	0.01324	0.00747	0.00674	0.01544	0.01199	0.10498	0.01122	0.01233	0.00884	0.00442	0.00427	0.00092	0.00417	0.00354	0.00369	0.74388
26	0.00675	0.00482	0.00643	0.00771	0.00803	0.00450	0.00514	0.00771	0.01060	0.01414	0.03053	0.80175	0.03663	0.01735	0.00707	0.00225	0.00321	0.01574	0.00514	0.00450
27	0.02072	0.02531	0.01579	0.01412	0.01713	0.70693	0.01068	0.09476	0.01672	0.01568	0.00903	0.01032	0.00736	0.00580	0.00505	0.00145	0.00960	0.00371	0.00312	0.00672
28	0.00675	0.00482	0.00643	0.00771	0.00803	0.00450	0.00514	0.00771	0.01060	0.01414	0.03053	0.80175	0.03663	0.01735	0.00707	0.00225	0.00321	0.01574	0.00514	0.00450
29	0.00678	0.00562	0.00594	0.00586	0.00763	0.00478	0.00439	0.00841	0.01318	0.01629	0.18626	0.05112	0.63758	0.01353	0.00654	0.00185	0.00277	0.01138	0.00532	0.00478
30	0.01371	0.01316	0.02248	0.03399	0.77081	0.01316	0.01700	0.01700	0.01261	0.01809	0.01042	0.01371	0.00877	0.00493	0.00548	0.00164	0.00658	0.00493	0.00274	0.00877
31	0.01478	0.01484	0.01240	0.01142	0.01400	0.24914	0.00890	0.08195	0.23965	0.01969	0.10521	0.04619	0.04208	0.00883	0.00587	0.00181	0.00607	0.10548	0.00472	0.00696
32	0.02069	0.02640	0.01569	0.01427	0.01712	0.78313	0.01070	0.02212	0.01569	0.01355	0.00856	0.00999	0.00713	0.00571	0.00499	0.00143	0.00999	0.00357	0.00285	0.00642
33	0.01051	0.00905	0.01096	0.00979	0.01126	0.01045	0.00776	0.09670	0.06369	0.01763	0.07714	0.10390	0.27169	0.02672	0.01032	0.00211	0.24128	0.00870	0.00443	0.00591
34	0.01325	0.01252	0.02089	0.07710	0.64731	0.01277	0.01605	0.01715	0.04998	0.01803	0.01203	0.01679	0.01036	0.00567	0.00561	0.00172	0.00644	0.04494	0.00300	0.00841
35	0.05051	0.31642	0.18103	0.01297	0.01797	0.19409	0.05996	0.07728	0.01360	0.01665	0.00904	0.01048	0.00732	0.00524	0.00459	0.00146	0.00750	0.00373	0.00280	0.00734
36	0.00736	0.00564	0.00673	0.00646	0.00798	0.00502	0.00485	0.00952	0.01454	0.01950	0.50225	0.04582	0.31959	0.01233	0.00654	0.00179	0.00268	0.01064	0.00574	0.00502
37	0.04997	0.01023	0.01174	0.00854	0.01333	0.00828	0.00687	0.06248	0.01255	0.05731	0.01057	0.01186	0.00846	0.00445	0.00424	0.00096	0.00427	0.00349	0.00361	0.70679
38	0.01032	0.00516	0.00516	0.00516	0.00645	0.00516	0.00387	0.01290	0.01161	0.02065	0.01807	0.02065	0.01420	0.00645	0.00387	0.00129	0.00258	0.00516	0.83611	0.00516
