[name]
unknown

[dist]
# distance from previous block
# <min> <max>
0	533

[block]
# block no. 0 follows, 49 sequences, length 17
# corresponding to MSA columns:
# 550-566
name=unknown_A
#
# <colnr> <probs for GDERKNQSTAVLIFYWHMCP>
#	G	D	E	R	K	N	Q	S	T	A	V	L	I	F	Y	W	H	M	C	P
0	0.00815	0.00582	0.00815	0.00931	0.01048	0.00582	0.00815	0.01048	0.01164	0.01513	0.02677	0.05704	0.02910	0.01397	0.00698	0.00233	0.00466	0.75671	0.00466	0.00466
1	0.85801	0.00978	0.00743	0.00665	0.00978	0.01134	0.00548	0.01486	0.00861	0.02269	0.00704	0.00821	0.00548	0.00469	0.00313	0.00156	0.00391	0.00274	0.00313	0.00548
2	0.01252	0.01201	0.02053	0.03104	0.79074	0.01201	0.01552	0.01552	0.01151	0.01652	0.00951	0.01252	0.00801	0.00451	0.00501	0.00150	0.00601	0.00451	0.00250	0.00801
3	0.01055	0.01001	0.01697	0.54779	0.28937	0.01150	0.01454	0.01380	0.01058	0.01413	0.00916	0.01316	0.00717	0.00487	0.00504	0.00162	0.00649	0.00450	0.00233	0.00642
4	0.01194	0.01364	0.02984	0.02131	0.02643	0.01279	0.77238	0.01620	0.01194	0.01620	0.01023	0.01364	0.00767	0.00426	0.00597	0.00171	0.00853	0.00597	0.00256	0.00682
5	0.01106	0.01106	0.01549	0.01328	0.01328	0.01549	0.01106	0.01217	0.00774	0.01217	0.00664	0.01106	0.00664	0.00885	0.01659	0.00221	0.81303	0.00443	0.00221	0.00553
6	0.01194	0.01364	0.02984	0.02131	0.02643	0.01279	0.77238	0.01620	0.01194	0.01620	0.01023	0.01364	0.00767	0.00426	0.00597	0.00171	0.00853	0.00597	0.00256	0.00682
7	0.01252	0.01201	0.02053	0.03104	0.79074	0.01201	0.01552	0.01552	0.01151	0.01652	0.00951	0.01252	0.00801	0.00451	0.00501	0.00150	0.00601	0.00451	0.00250	0.00801
8	0.01352	0.82533	0.02650	0.00865	0.01298	0.02001	0.00865	0.01514	0.01027	0.01190	0.00703	0.00811	0.00649	0.00433	0.00324	0.00108	0.00541	0.00270	0.00216	0.00649
9	0.01252	0.01201	0.02053	0.03104	0.79074	0.01201	0.01552	0.01552	0.01151	0.01652	0.00951	0.01252	0.00801	0.00451	0.00501	0.00150	0.00601	0.00451	0.00250	0.00801
10	0.00815	0.00582	0.00815	0.00931	0.01048	0.00582	0.00815	0.01048	0.01164	0.01513	0.02677	0.05704	0.02910	0.01397	0.00698	0.00233	0.00466	0.75671	0.00466	0.00466
11	0.00722	0.00542	0.00813	0.00813	0.00903	0.00632	0.00632	0.00903	0.00813	0.01174	0.01354	0.01987	0.01264	0.03792	0.80225	0.00813	0.01354	0.00542	0.00271	0.00451
12	0.00616	0.00440	0.00587	0.00704	0.00733	0.00411	0.00469	0.00704	0.00968	0.01291	0.02787	0.81899	0.03344	0.01584	0.00645	0.00205	0.00293	0.01438	0.00469	0.00411
13	0.01258	0.01086	0.01143	0.01029	0.01315	0.01258	0.00800	0.02687	0.78161	0.02115	0.02058	0.01887	0.01544	0.00686	0.00515	0.00172	0.00400	0.00572	0.00515	0.00800
14	0.00722	0.00542	0.00813	0.00813	0.00903	0.00632	0.00632	0.00903	0.00813	0.01174	0.01354	0.01987	0.01264	0.03792	0.80225	0.00813	0.01354	0.00542	0.00271	0.00451
15	0.01258	0.01086	0.01143	0.01029	0.01315	0.01258	0.00800	0.02687	0.78161	0.02115	0.02058	0.01887	0.01544	0.00686	0.00515	0.00172	0.00400	0.00572	0.00515	0.00800
16	0.01014	0.02616	0.79609	0.01441	0.02189	0.01174	0.01868	0.01601	0.01068	0.01601	0.00907	0.01068	0.00641	0.00480	0.00480	0.00160	0.00747	0.00374	0.00214	0.00747

[dist]
# distance from previous block
# <min> <max>
0	3

[block]
# block no. 1 follows, 49 sequences, length 82
# corresponding to MSA columns:
# 570-651
name=unknown_B
#
# <colnr> <probs for GDERKNQSTAVLIFYWHMCP>
#	G	D	E	R	K	N	Q	S	T	A	V	L	I	F	Y	W	H	M	C	P
0	0.00686	0.00472	0.00579	0.00627	0.00643	0.00465	0.00389	0.00731	0.00835	0.01117	0.02072	0.35492	0.02428	0.45329	0.05554	0.00389	0.00451	0.01014	0.00372	0.00356
1	0.00722	0.00542	0.00813	0.00813	0.00903	0.00632	0.00632	0.00903	0.00813	0.01174	0.01354	0.01987	0.01264	0.03792	0.80225	0.00813	0.01354	0.00542	0.00271	0.00451
2	0.85801	0.00978	0.00743	0.00665	0.00978	0.01134	0.00548	0.01486	0.00861	0.02269	0.00704	0.00821	0.00548	0.00469	0.00313	0.00156	0.00391	0.00274	0.00313	0.00548
3	0.81680	0.00974	0.00781	0.04567	0.01100	0.01134	0.00589	0.01477	0.00868	0.02221	0.00714	0.00847	0.00554	0.00471	0.00322	0.00157	0.00405	0.00282	0.00309	0.00548
4	0.01217	0.01179	0.01932	0.02679	0.60459	0.01285	0.01445	0.01472	0.01061	0.01548	0.00882	0.01217	0.00768	0.00555	0.00778	0.00167	0.19924	0.00449	0.00243	0.00742
5	0.01252	0.01201	0.02053	0.03104	0.79074	0.01201	0.01552	0.01552	0.01151	0.01652	0.00951	0.01252	0.00801	0.00451	0.00501	0.00150	0.00601	0.00451	0.00250	0.00801
6	0.00975	0.00862	0.06222	0.06477	0.01213	0.00766	0.00706	0.01433	0.16047	0.05015	0.25228	0.02464	0.02324	0.13166	0.02532	0.00214	0.00425	0.00637	0.00423	0.12869
7	0.01139	0.25238	0.55944	0.01265	0.01915	0.01399	0.01557	0.01597	0.01065	0.03310	0.00875	0.01010	0.00657	0.00470	0.00437	0.00145	0.00681	0.00348	0.00224	0.00722
8	0.01920	0.01495	0.01511	0.01174	0.01568	0.07783	0.00962	0.71431	0.02303	0.03033	0.01180	0.01190	0.00843	0.00600	0.00502	0.00150	0.00585	0.00445	0.00486	0.00838
9	0.01349	0.00692	0.00952	0.00935	0.06270	0.00633	0.00661	0.01564	0.03289	0.32203	0.20535	0.24165	0.02645	0.00976	0.00567	0.00170	0.00358	0.00858	0.00538	0.00640
10	0.01037	0.08019	0.74405	0.01402	0.02128	0.01230	0.01800	0.01596	0.01065	0.01574	0.00894	0.01050	0.00641	0.00477	0.00470	0.00157	0.00733	0.00367	0.00214	0.00741
11	0.01853	0.07828	0.01515	0.01273	0.01545	0.74911	0.00969	0.01985	0.01406	0.01234	0.00776	0.00905	0.00651	0.00515	0.00447	0.00129	0.00887	0.00322	0.00258	0.00590
12	0.01128	0.16081	0.61583	0.01335	0.01998	0.06414	0.01642	0.01614	0.01084	0.01508	0.00865	0.01014	0.00643	0.00475	0.00453	0.00149	0.00723	0.00353	0.00217	0.00720
13	0.01173	0.01245	0.01870	0.01508	0.01650	0.06784	0.19317	0.01361	0.00920	0.01314	0.00771	0.01172	0.00699	0.00808	0.02864	0.00215	0.55037	0.00474	0.00233	0.00584
14	0.00629	0.00509	0.00558	0.00556	0.00705	0.00438	0.00413	0.00782	0.01210	0.01527	0.23477	0.09801	0.55147	0.01239	0.00601	0.00170	0.00254	0.01054	0.00491	0.00438
15	0.01240	0.01190	0.02033	0.06003	0.76262	0.01199	0.01546	0.01542	0.01146	0.01639	0.00949	0.01255	0.00796	0.00453	0.00501	0.00151	0.00603	0.00451	0.00249	0.00792
16	0.00735	0.00490	0.00552	0.00552	0.00552	0.00490	0.00306	0.00735	0.00735	0.00980	0.01593	0.03309	0.01838	0.82229	0.02574	0.00490	0.00490	0.00735	0.00306	0.00306
17	0.01252	0.01201	0.02053	0.03104	0.79074	0.01201	0.01552	0.01552	0.01151	0.01652	0.00951	0.01252	0.00801	0.00451	0.00501	0.00150	0.00601	0.00451	0.00250	0.00801
18	0.00955	0.00899	0.01517	0.81013	0.03483	0.01123	0.01404	0.01292	0.01011	0.01292	0.00899	0.01348	0.00674	0.00506	0.00506	0.00169	0.00674	0.00449	0.00225	0.00562
19	0.00616	0.00440	0.00587	0.00704	0.00733	0.00411	0.00469	0.00704	0.00968	0.01291	0.02787	0.81899	0.03344	0.01584	0.00645	0.00205	0.00293	0.01438	0.00469	0.00411
20	0.01049	0.00899	0.01049	0.00749	0.01198	0.00674	0.00599	0.01273	0.01049	0.01648	0.00899	0.01049	0.00749	0.00374	0.00374	0.00075	0.00374	0.00300	0.00300	0.85320
21	0.00734	0.00496	0.00583	0.00583	0.00593	0.00507	0.00345	0.00755	0.00745	0.01004	0.01565	0.03152	0.01770	0.72890	0.11819	0.00529	0.00593	0.00712	0.00302	0.00324
22	0.05973	0.55761	0.23939	0.01014	0.01528	0.01723	0.01126	0.01537	0.01029	0.01364	0.00760	0.00883	0.00641	0.00448	0.00367	0.00125	0.00590	0.00299	0.00221	0.00671
23	0.01119	0.01099	0.01415	0.01228	0.01257	0.05805	0.01012	0.01245	0.00838	0.01276	0.00787	0.01202	0.00745	0.00962	0.04810	0.00232	0.66226	0.00443	0.07754	0.00543
24	0.00943	0.00471	0.00471	0.00471	0.00589	0.00471	0.00353	0.01178	0.01060	0.01885	0.01650	0.01885	0.01296	0.00589	0.00353	0.00118	0.00236	0.00471	0.85036	0.00471
25	0.01078	0.00602	0.00616	0.00567	0.00725	0.00623	0.00438	0.11727	0.01243	0.02065	0.01589	0.01792	0.01236	0.00592	0.00375	0.00123	0.00280	0.00469	0.73335	0.00525
26	0.00610	0.00488	0.00546	0.00584	0.00704	0.00424	0.00418	0.00729	0.01102	0.01371	0.07787	0.31402	0.49313	0.01374	0.00614	0.00182	0.00268	0.01188	0.00474	0.00424
27	0.01454	0.01187	0.01278	0.01123	0.03414	0.01348	0.00868	0.24768	0.53724	0.02420	0.01779	0.01671	0.01322	0.00657	0.00512	0.00165	0.00452	0.00534	0.00505	0.00818
28	0.00806	0.00625	0.00920	0.00963	0.01067	0.00649	0.04462	0.01002	0.01085	0.01439	0.02466	0.24487	0.02739	0.01357	0.00756	0.00222	0.06830	0.47219	0.00437	0.00469
29	0.01226	0.00687	0.00934	0.00932	0.08336	0.00620	0.00647	0.01441	0.01367	0.25714	0.36460	0.03072	0.14696	0.00891	0.00560	0.00159	0.00335	0.00769	0.00536	0.00618
30	0.01040	0.00889	0.01039	0.00748	0.01189	0.00669	0.00596	0.01261	0.01047	0.01640	0.00938	0.02728	0.00803	0.00400	0.00380	0.00078	0.00373	0.00323	0.00303	0.83556
31	0.00733	0.00498	0.00592	0.00592	0.00607	0.00512	0.00357	0.00762	0.00747	0.01011	0.01556	0.03102	0.01748	0.69936	0.14743	0.00541	0.00626	0.00705	0.00301	0.00329
32	0.01083	0.13646	0.61716	0.01420	0.05623	0.01295	0.01666	0.01635	0.04516	0.01569	0.00932	0.01077	0.00690	0.00482	0.00461	0.00153	0.00696	0.00372	0.00229	0.00738
33	0.00981	0.00886	0.01061	0.01009	0.01119	0.04813	0.00819	0.01322	0.12507	0.01464	0.03595	0.08661	0.10291	0.03066	0.00984	0.00211	0.25260	0.21031	0.00386	0.00536
34	0.01049	0.00899	0.01049	0.00749	0.01198	0.00674	0.00599	0.01273	0.01049	0.01648	0.00899	0.01049	0.00749	0.00374	0.00374	0.00075	0.00374	0.00300	0.00300	0.85320
35	0.00723	0.00540	0.00806	0.00806	0.00894	0.00628	0.00624	0.00899	0.00811	0.01169	0.01361	0.02021	0.01279	0.05810	0.78228	0.00804	0.01332	0.00547	0.00272	0.00448
36	0.01158	0.00659	0.00698	0.00630	0.00808	0.00683	0.00496	0.14958	0.01315	0.04666	0.01626	0.01921	0.01284	0.00628	0.00401	0.00130	0.00310	0.03661	0.63415	0.00554
37	0.01352	0.82533	0.02650	0.00865	0.01298	0.02001	0.00865	0.01514	0.01027	0.01190	0.00703	0.00811	0.00649	0.00433	0.00324	0.00108	0.00541	0.00270	0.00216	0.00649
38	0.03075	0.00972	0.09223	0.07939	0.19658	0.02093	0.00969	0.01168	0.02409	0.01508	0.05776	0.32851	0.03407	0.00947	0.00549	0.00171	0.00460	0.00849	0.00359	0.05618
39	0.01375	0.31501	0.15340	0.01350	0.01805	0.19181	0.17977	0.01659	0.01156	0.01365	0.00825	0.01005	0.00675	0.00469	0.00469	0.00138	0.02442	0.00376	0.00235	0.00657
40	0.85801	0.00978	0.00743	0.00665	0.00978	0.01134	0.00548	0.01486	0.00861	0.02269	0.00704	0.00821	0.00548	0.00469	0.00313	0.00156	0.00391	0.00274	0.00313	0.00548
41	0.01889	0.02410	0.01433	0.01303	0.01563	0.80199	0.00977	0.02019	0.01433	0.01238	0.00782	0.00912	0.00651	0.00521	0.00456	0.00130	0.00912	0.00326	0.00261	0.00586
42	0.00679	0.00515	0.00625	0.00597	0.00733	0.00461	0.00448	0.00883	0.01344	0.01820	0.55716	0.04119	0.27993	0.01111	0.00597	0.00163	0.00244	0.00962	0.00529	0.00461
43	0.00735	0.00493	0.00568	0.00568	0.00573	0.00499	0.00327	0.00746	0.00740	0.00993	0.01578	0.03227	0.01803	0.77344	0.07409	0.00510	0.00544	0.00723	0.00304	0.00315
44	0.01096	0.06103	0.70391	0.01395	0.02103	0.01240	0.01756	0.07201	0.01163	0.01700	0.00921	0.01067	0.00657	0.00488	0.00475	0.00157	0.00724	0.00375	0.00235	0.00751
45	0.00651	0.00472	0.00656	0.00734	0.00782	0.00481	0.00516	0.00766	0.00915	0.01248	0.02320	0.55562	0.02671	0.04048	0.25184	0.00399	0.00624	0.01146	0.00405	0.00421
46	0.01294	0.05069	0.49504	0.01407	0.02033	0.01244	0.09818	0.13844	0.01321	0.08176	0.01050	0.01167	0.00740	0.00505	0.00494	0.00158	0.00695	0.00418	0.00299	0.00764
47	0.02269	0.00861	0.01174	0.00900	0.01291	0.00743	0.00743	0.02464	0.01447	0.79425	0.01995	0.01721	0.01252	0.00626	0.00509	0.00156	0.00430	0.00509	0.00626	0.00861
48	0.00606	0.00513	0.00523	0.00521	0.00688	0.00430	0.00391	0.00741	0.01172	0.01411	0.10124	0.04793	0.73839	0.01264	0.00598	0.00170	0.00255	0.01057	0.00475	0.00430
49	0.00824	0.00644	0.00848	0.00810	0.00893	0.00709	0.00618	0.00969	0.01097	0.04801	0.23380	0.27276	0.13970	0.01187	0.00854	0.00189	0.19032	0.00971	0.00442	0.00483
50	0.01487	0.13992	0.14787	0.03113	0.19377	0.22707	0.01215	0.01841	0.06804	0.08510	0.01034	0.01152	0.00803	0.00506	0.00460	0.00143	0.00672	0.00391	0.00294	0.00712
51	0.00735	0.00493	0.00564	0.00564	0.00569	0.00497	0.00322	0.00744	0.00739	0.00990	0.01582	0.03245	0.01811	0.78419	0.06345	0.00506	0.00532	0.00726	0.00305	0.00313
52	0.00619	0.00460	0.00582	0.00668	0.00730	0.00424	0.00458	0.00722	0.01010	0.01319	0.04988	0.61630	0.18509	0.01591	0.03548	0.00220	0.00323	0.01318	0.00464	0.00417
53	0.01255	0.01173	0.01996	0.08320	0.72148	0.01186	0.01523	0.01556	0.01149	0.03443	0.00972	0.01269	0.00803	0.00458	0.00501	0.00152	0.00602	0.00452	0.00257	0.00786
54	0.01275	0.01110	0.01606	0.07068	0.37574	0.01199	0.01195	0.03509	0.25460	0.05735	0.01448	0.01567	0.03076	0.00587	0.00576	0.00163	0.05217	0.00507	0.00361	0.00766
55	0.00734	0.00496	0.00582	0.00582	0.00592	0.00507	0.00344	0.00755	0.00744	0.01003	0.01566	0.03156	0.01772	0.73163	0.11549	0.00528	0.00590	0.00713	0.00302	0.00323
56	0.01252	0.01201	0.02053	0.03104	0.79074	0.01201	0.01552	0.01552	0.01151	0.01652	0.00951	0.01252	0.00801	0.00451	0.00501	0.00150	0.00601	0.00451	0.00250	0.00801
57	0.00748	0.00599	0.00804	0.00923	0.10730	0.00553	0.00590	0.00957	0.01296	0.01765	0.45326	0.08339	0.23355	0.01056	0.00587	0.00164	0.00293	0.00926	0.00490	0.00502
58	0.01890	0.02368	0.01437	0.01297	0.01563	0.76862	0.00976	0.05217	0.01473	0.01320	0.00800	0.00925	0.00660	0.00525	0.00458	0.00131	0.00897	0.00331	0.00271	0.00598
59	0.01049	0.00899	0.01049	0.00749	0.01198	0.00674	0.00599	0.01273	0.01049	0.01648	0.00899	0.01049	0.00749	0.00374	0.00374	0.00075	0.00374	0.00300	0.00300	0.85320
60	0.00633	0.00514	0.00562	0.00550	0.00705	0.00442	0.00412	0.00795	0.01237	0.01566	0.27388	0.04537	0.56479	0.01206	0.00597	0.00167	0.00251	0.01021	0.00496	0.00442
61	0.01351	0.01210	0.01191	0.01059	0.01351	0.07371	0.00825	0.07612	0.67191	0.02119	0.01903	0.01767	0.01429	0.00668	0.00509	0.00167	0.00450	0.00545	0.00494	0.00788
62	0.78653	0.01100	0.00802	0.00719	0.01028	0.07869	0.00584	0.01532	0.00909	0.02181	0.00711	0.00829	0.00556	0.00474	0.00325	0.00154	0.00436	0.00278	0.00308	0.00551
63	0.02879	0.01390	0.13920	0.01951	0.23306	0.01135	0.23249	0.04970	0.02508	0.16066	0.02847	0.01398	0.00945	0.00504	0.00526	0.00159	0.00648	0.00501	0.00338	0.00761
64	0.01308	0.01066	0.01430	0.01550	0.25219	0.00992	0.00959	0.15234	0.01358	0.05397	0.04805	0.01303	0.01003	0.00483	0.00454	0.00120	0.00473	0.00413	0.00349	0.36083
65	0.00810	0.00609	0.00880	0.00891	0.01012	0.00597	0.06369	0.01065	0.06480	0.03176	0.02536	0.40959	0.04086	0.03304	0.00684	0.00211	0.00399	0.22792	0.02657	0.00484
66	0.01300	0.70143	0.14581	0.00955	0.01436	0.01873	0.01021	0.01528	0.01034	0.01254	0.00735	0.00851	0.00648	0.00440	0.00349	0.00116	0.00573	0.00286	0.00216	0.00664
67	0.21860	0.00988	0.01080	0.00893	0.01212	0.01035	0.00732	0.24245	0.01545	0.22779	0.08601	0.04759	0.01484	0.00710	0.00487	0.00162	0.00438	0.05793	0.00492	0.00706
68	0.01238	0.01187	0.02027	0.06773	0.75514	0.01198	0.01545	0.01540	0.01145	0.01635	0.00949	0.01256	0.00795	0.00453	0.00501	0.00151	0.00604	0.00450	0.00249	0.00790
69	0.01756	0.01343	0.01384	0.01138	0.03105	0.08069	0.00900	0.50257	0.08901	0.08168	0.07069	0.02990	0.01266	0.00655	0.00512	0.00154	0.00536	0.00511	0.00492	0.00793
70	0.00616	0.00440	0.00587	0.00704	0.00733	0.00411	0.00469	0.00704	0.00968	0.01291	0.02787	0.81899	0.03344	0.01584	0.00645	0.00205	0.00293	0.01438	0.00469	0.00411
71	0.00638	0.00520	0.00566	0.00567	0.00717	0.00455	0.00420	0.00815	0.03075	0.01502	0.18754	0.12155	0.55540	0.01249	0.00600	0.00172	0.00260	0.01063	0.00487	0.00444
72	0.01252	0.01201	0.02053	0.03104	0.79074	0.01201	0.01552	0.01552	0.01151	0.01652	0.00951	0.01252	0.00801	0.00451	0.00501	0.00150	0.00601	0.00451	0.00250	0.00801
73	0.00616	0.00440	0.00587	0.00704	0.00733	0.00411	0.00469	0.00704	0.00968	0.01291	0.02787	0.81899	0.03344	0.01584	0.00645	0.00205	0.00293	0.01438	0.00469	0.00411
74	0.01827	0.02273	0.01487	0.01385	0.04770	0.70970	0.02432	0.03838	0.02707	0.01324	0.00823	0.00961	0.00680	0.00527	0.00482	0.00135	0.02158	0.00345	0.00270	0.00607
75	0.00735	0.00490	0.00552	0.00552	0.00552	0.00490	0.00306	0.00735	0.00735	0.00980	0.01593	0.03309	0.01838	0.82229	0.02574	0.00490	0.00490	0.00735	0.00306	0.00306
76	0.01246	0.00996	0.01376	0.01164	0.01334	0.01203	0.06049	0.03450	0.17645	0.11453	0.01297	0.01554	0.01057	0.02951	0.13134	0.00293	0.32291	0.00511	0.00355	0.00641
77	0.01249	0.01246	0.01897	0.17894	0.57973	0.07915	0.01475	0.01542	0.01148	0.01548	0.00927	0.01241	0.00764	0.00467	0.00498	0.00152	0.00641	0.00440	0.00246	0.00737
78	0.01889	0.02410	0.01433	0.01303	0.01563	0.80199	0.00977	0.02019	0.01433	0.01238	0.00782	0.00912	0.00651	0.00521	0.00456	0.00130	0.00912	0.00326	0.00261	0.00586
79	0.01745	0.00995	0.01300	0.01062	0.01318	0.01104	0.00873	0.05464	0.12740	0.40456	0.01561	0.01534	0.01097	0.00714	0.00863	0.00178	0.25264	0.00495	0.00480	0.00757
80	0.01413	0.12124	0.36270	0.01301	0.01800	0.32822	0.01353	0.01797	0.04003	0.01425	0.00874	0.01004	0.00679	0.00498	0.00453	0.00142	0.00776	0.00349	0.00244	0.00673
81	0.25539	0.57123	0.04071	0.00823	0.01229	0.01731	0.00800	0.01508	0.00981	0.01509	0.00709	0.00821	0.00620	0.00444	0.00325	0.00123	0.00503	0.00274	0.00244	0.00622

[dist]
# distance from previous block
# <min> <max>
0	8

[block]
# block no. 2 follows, 49 sequences, length 95
# corresponding to MSA columns:
# 660-754
name=unknown_C
#
# <colnr> <probs for GDERKNQSTAVLIFYWHMCP>
#	G	D	E	R	K	N	Q	S	T	A	V	L	I	F	Y	W	H	M	C	P
0	0.01081	0.04496	0.41901	0.11450	0.02348	0.01175	0.21170	0.01549	0.01098	0.03721	0.01044	0.04788	0.00815	0.00521	0.00517	0.00164	0.00730	0.00489	0.00249	0.00692
1	0.00724	0.00535	0.00780	0.00780	0.00859	0.00614	0.00592	0.00882	0.00803	0.01150	0.01384	0.02151	0.01336	0.13548	0.70567	0.00773	0.01247	0.00566	0.00275	0.00433
2	0.01117	0.01138	0.01727	0.01428	0.01491	0.01515	0.10575	0.01267	0.00827	0.01267	0.00708	0.01138	0.00677	0.00828	0.01527	0.00215	0.71297	0.00462	0.00226	0.00569
3	0.00943	0.00471	0.00471	0.00471	0.00589	0.00471	0.00353	0.01178	0.01060	0.01885	0.01650	0.01885	0.01296	0.00589	0.00353	0.00118	0.00236	0.00471	0.85036	0.00471
4	0.01049	0.00899	0.01049	0.00749	0.01198	0.00674	0.00599	0.01273	0.01049	0.01648	0.00899	0.01049	0.00749	0.00374	0.00374	0.00075	0.00374	0.00300	0.00300	0.85320
5	0.01953	0.00945	0.01174	0.00946	0.01306	0.00922	0.00767	0.04631	0.24722	0.53860	0.01992	0.01757	0.01329	0.00644	0.00510	0.00161	0.00425	0.00526	0.00589	0.00842
6	0.00616	0.00440	0.00587	0.00704	0.00733	0.00411	0.00469	0.00704	0.00968	0.01291	0.02787	0.81899	0.03344	0.01584	0.00645	0.00205	0.00293	0.01438	0.00469	0.00411
7	0.00735	0.00490	0.00552	0.00552	0.00552	0.00490	0.00306	0.00735	0.00735	0.00980	0.01593	0.03309	0.01838	0.82229	0.02574	0.00490	0.00490	0.00735	0.00306	0.00306
8	0.01252	0.01201	0.02053	0.03104	0.79074	0.01201	0.01552	0.01552	0.01151	0.01652	0.00951	0.01252	0.00801	0.00451	0.00501	0.00150	0.00601	0.00451	0.00250	0.00801
9	0.01049	0.00899	0.01049	0.00749	0.01198	0.00674	0.00599	0.01273	0.01049	0.01648	0.00899	0.01049	0.00749	0.00374	0.00374	0.00075	0.00374	0.00300	0.00300	0.85320
10	0.00735	0.00490	0.00552	0.00552	0.00552	0.00490	0.00306	0.00735	0.00735	0.00980	0.01593	0.03309	0.01838	0.82229	0.02574	0.00490	0.00490	0.00735	0.00306	0.00306
11	0.01422	0.01168	0.01236	0.01062	0.01378	0.01335	0.00840	0.21196	0.59384	0.02381	0.01849	0.01720	0.01374	0.00666	0.00512	0.00167	0.00439	0.00543	0.00512	0.00815
12	0.01252	0.01201	0.02053	0.03104	0.79074	0.01201	0.01552	0.01552	0.01151	0.01652	0.00951	0.01252	0.00801	0.00451	0.00501	0.00150	0.00601	0.00451	0.00250	0.00801
13	0.01889	0.02410	0.01433	0.01303	0.01563	0.80199	0.00977	0.02019	0.01433	0.01238	0.00782	0.00912	0.00651	0.00521	0.00456	0.00130	0.00912	0.00326	0.00261	0.00586
14	0.01908	0.01409	0.01509	0.01161	0.01563	0.01561	0.00958	0.75753	0.04036	0.03163	0.01233	0.01229	0.00875	0.00609	0.00506	0.00152	0.00553	0.00458	0.00506	0.00859
15	0.01109	0.01113	0.01586	0.01348	0.01362	0.01542	0.03083	0.01227	0.00785	0.01227	0.00673	0.01113	0.00666	0.00873	0.01632	0.00220	0.79215	0.00447	0.00222	0.00557
16	0.00603	0.00512	0.00520	0.00518	0.00686	0.00429	0.00388	0.00736	0.01165	0.01397	0.08527	0.04816	0.75445	0.01269	0.00598	0.00170	0.00255	0.01060	0.00474	0.00429
17	0.00716	0.00517	0.00676	0.00636	0.00755	0.00477	0.00477	0.00954	0.01431	0.02028	0.78808	0.03777	0.04771	0.01034	0.00596	0.00159	0.00239	0.00914	0.00557	0.00477
18	0.02155	0.00841	0.01132	0.00879	0.01250	0.00736	0.00722	0.02378	0.02974	0.72768	0.04070	0.01787	0.01355	0.00637	0.00505	0.00155	0.00417	0.00519	0.03887	0.00834
19	0.00986	0.00996	0.00832	0.00795	0.00949	0.21070	0.00589	0.01159	0.01326	0.01618	0.36441	0.12809	0.16474	0.01012	0.00566	0.00159	0.00422	0.00853	0.00454	0.00488
20	0.32171	0.00925	0.01092	0.06256	0.05812	0.00936	0.00763	0.01982	0.01190	0.42000	0.01398	0.01346	0.00934	0.00551	0.00438	0.00157	0.00442	0.00417	0.00465	0.00725
21	0.01228	0.01086	0.01337	0.01491	0.19521	0.01189	0.00956	0.02288	0.53624	0.01959	0.01747	0.03618	0.01365	0.00634	0.00506	0.00162	0.00443	0.00548	0.00439	0.05858
22	0.01258	0.01086	0.01143	0.01029	0.01315	0.01258	0.00800	0.02687	0.78161	0.02115	0.02058	0.01887	0.01544	0.00686	0.00515	0.00172	0.00400	0.00572	0.00515	0.00800
23	0.85801	0.00978	0.00743	0.00665	0.00978	0.01134	0.00548	0.01486	0.00861	0.02269	0.00704	0.00821	0.00548	0.00469	0.00313	0.00156	0.00391	0.00274	0.00313	0.00548
24	0.01889	0.02410	0.01433	0.01303	0.01563	0.80199	0.00977	0.02019	0.01433	0.01238	0.00782	0.00912	0.00651	0.00521	0.00456	0.00130	0.00912	0.00326	0.00261	0.00586
25	0.00716	0.00517	0.00676	0.00636	0.00755	0.00477	0.00477	0.00954	0.01431	0.02028	0.78808	0.03777	0.04771	0.01034	0.00596	0.00159	0.00239	0.00914	0.00557	0.00477
26	0.00729	0.00517	0.00689	0.00689	0.00736	0.00565	0.00477	0.00823	0.00776	0.01082	0.01468	0.02615	0.01537	0.41047	0.43344	0.00660	0.00944	0.00634	0.00288	0.00383
27	0.01404	0.00916	0.00964	0.00797	0.01050	0.00987	0.00639	0.37041	0.01680	0.02498	0.01445	0.01569	0.01091	0.00598	0.00425	0.00134	0.00387	0.00464	0.45258	0.00654
28	0.00834	0.00468	0.00702	0.00702	0.00728	0.00494	0.00494	0.00728	0.00702	0.00962	0.01013	0.01665	0.00988	0.02334	0.24158	0.61341	0.00699	0.00468	0.00234	0.00285
29	0.01014	0.02616	0.79609	0.01441	0.02189	0.01174	0.01868	0.01601	0.01068	0.01601	0.00907	0.01068	0.00641	0.00480	0.00480	0.00160	0.00747	0.00374	0.00214	0.00747
30	0.02269	0.00861	0.01174	0.00900	0.01291	0.00743	0.00743	0.02464	0.01447	0.79425	0.01995	0.01721	0.01252	0.00626	0.00509	0.00156	0.00430	0.00509	0.00626	0.00861
31	0.00629	0.00528	0.00548	0.00540	0.00708	0.00455	0.00406	0.00805	0.03276	0.01461	0.13359	0.04663	0.68402	0.01237	0.00595	0.00169	0.00258	0.01037	0.00481	0.00443
32	0.01140	0.32301	0.51022	0.01227	0.01858	0.01481	0.01496	0.01569	0.01053	0.01448	0.00832	0.00972	0.00644	0.00463	0.00422	0.00141	0.00671	0.00335	0.00215	0.00711
33	0.01194	0.01364	0.02984	0.02131	0.02643	0.01279	0.77238	0.01620	0.01194	0.01620	0.01023	0.01364	0.00767	0.00426	0.00597	0.00171	0.00853	0.00597	0.00256	0.00682
34	0.00616	0.00440	0.00587	0.00704	0.00733	0.00411	0.00469	0.00704	0.00968	0.01291	0.02787	0.81899	0.03344	0.01584	0.00645	0.00205	0.00293	0.01438	0.00469	0.00411
35	0.01889	0.02410	0.01433	0.01303	0.01563	0.80199	0.00977	0.02019	0.01433	0.01238	0.00782	0.00912	0.00651	0.00521	0.00456	0.00130	0.00912	0.00326	0.00261	0.00586
36	0.00670	0.00523	0.00568	0.00552	0.00716	0.00447	0.00416	0.00826	0.01225	0.03641	0.22174	0.04528	0.59528	0.01205	0.00595	0.00168	0.00257	0.01017	0.00494	0.00450
37	0.01252	0.01201	0.02053	0.03104	0.79074	0.01201	0.01552	0.01552	0.01151	0.01652	0.00951	0.01252	0.00801	0.00451	0.00501	0.00150	0.00601	0.00451	0.00250	0.00801
38	0.01599	0.01010	0.01154	0.00985	0.01307	0.01084	0.00781	0.02612	0.52249	0.28228	0.02037	0.01831	0.01445	0.00666	0.00513	0.00166	0.00410	0.00550	0.00552	0.00821
39	0.01252	0.01201	0.02053	0.03104	0.79074	0.01201	0.01552	0.01552	0.01151	0.01652	0.00951	0.01252	0.00801	0.00451	0.00501	0.00150	0.00601	0.00451	0.00250	0.00801
40	0.01889	0.02410	0.01433	0.01303	0.01563	0.80199	0.00977	0.02019	0.01433	0.01238	0.00782	0.00912	0.00651	0.00521	0.00456	0.00130	0.00912	0.00326	0.00261	0.00586
41	0.00878	0.00439	0.00659	0.00659	0.00659	0.00439	0.00439	0.00659	0.00659	0.00878	0.00878	0.01537	0.00878	0.01757	0.01976	0.85288	0.00439	0.00439	0.00220	0.00220
42	0.01252	0.01201	0.02053	0.03104	0.79074	0.01201	0.01552	0.01552	0.01151	0.01652	0.00951	0.01252	0.00801	0.00451	0.00501	0.00150	0.00601	0.00451	0.00250	0.00801
43	0.01352	0.82533	0.02650	0.00865	0.01298	0.02001	0.00865	0.01514	0.01027	0.01190	0.00703	0.00811	0.00649	0.00433	0.00324	0.00108	0.00541	0.00270	0.00216	0.00649
44	0.00616	0.00440	0.00587	0.00704	0.00733	0.00411	0.00469	0.00704	0.00968	0.01291	0.02787	0.81899	0.03344	0.01584	0.00645	0.00205	0.00293	0.01438	0.00469	0.00411
45	0.00656	0.00492	0.00607	0.00625	0.00730	0.00444	0.00451	0.00820	0.01220	0.01636	0.37046	0.27757	0.23138	0.01263	0.00612	0.00176	0.00260	0.01112	0.00508	0.00444
46	0.01419	0.72568	0.02498	0.00920	0.01331	0.11727	0.00879	0.01577	0.01078	0.01196	0.00713	0.00824	0.00649	0.00444	0.00341	0.00111	0.00587	0.00277	0.00222	0.00641
47	0.01352	0.82533	0.02650	0.00865	0.01298	0.02001	0.00865	0.01514	0.01027	0.01190	0.00703	0.00811	0.00649	0.00433	0.00324	0.00108	0.00541	0.00270	0.00216	0.00649
48	0.01290	0.01255	0.07908	0.01119	0.01463	0.01277	0.03923	0.08792	0.62248	0.02142	0.01849	0.01740	0.01379	0.00652	0.00514	0.00169	0.00461	0.00546	0.00478	0.00796
49	0.01054	0.00897	0.01045	0.00756	0.01193	0.00685	0.00603	0.02825	0.01074	0.01669	0.00958	0.03317	0.00824	0.00413	0.00385	0.00080	0.00376	0.00335	0.00309	0.81202
50	0.00735	0.00490	0.00552	0.00552	0.00552	0.00490	0.00306	0.00735	0.00735	0.00980	0.01593	0.03309	0.01838	0.82229	0.02574	0.00490	0.00490	0.00735	0.00306	0.00306
51	0.01223	0.01107	0.01933	0.01492	0.01859	0.01105	0.36509	0.01888	0.24248	0.08120	0.03218	0.09255	0.01441	0.00677	0.00573	0.00175	0.00603	0.03481	0.00397	0.00695
52	0.00955	0.00899	0.01517	0.81013	0.03483	0.01123	0.01404	0.01292	0.01011	0.01292	0.00899	0.01348	0.00674	0.00506	0.00506	0.00169	0.00674	0.00449	0.00225	0.00562
53	0.01238	0.01188	0.02028	0.06677	0.75607	0.01198	0.01545	0.01540	0.01145	0.01636	0.00949	0.01256	0.00795	0.00453	0.00501	0.00151	0.00604	0.00450	0.00249	0.00790
54	0.01352	0.82533	0.02650	0.00865	0.01298	0.02001	0.00865	0.01514	0.01027	0.01190	0.00703	0.00811	0.00649	0.00433	0.00324	0.00108	0.00541	0.00270	0.00216	0.00649
55	0.00603	0.00491	0.00534	0.00569	0.00698	0.00422	0.00409	0.00719	0.01098	0.01344	0.04436	0.27513	0.56666	0.01370	0.00612	0.00181	0.00267	0.01176	0.00470	0.00422
56	0.00598	0.00512	0.00512	0.00512	0.00683	0.00427	0.00384	0.00726	0.01153	0.01366	0.05123	0.04866	0.78869	0.01281	0.00598	0.00171	0.00256	0.01067	0.00470	0.00427
57	0.01234	0.01061	0.01123	0.01012	0.01290	0.01223	0.00786	0.02610	0.74744	0.02111	0.05475	0.01971	0.01687	0.00702	0.00518	0.00171	0.00393	0.00587	0.00516	0.00786
58	0.00602	0.00508	0.00522	0.00528	0.00688	0.00427	0.00392	0.00731	0.01149	0.01380	0.07039	0.09695	0.72030	0.01293	0.00601	0.00173	0.00258	0.01086	0.00472	0.00427
59	0.01194	0.01364	0.02984	0.02131	0.02643	0.01279	0.77238	0.01620	0.01194	0.01620	0.01023	0.01364	0.00767	0.00426	0.00597	0.00171	0.00853	0.00597	0.00256	0.00682
60	0.01401	0.75239	0.02539	0.00905	0.01322	0.09120	0.00875	0.01560	0.01064	0.01194	0.00710	0.00820	0.00649	0.00441	0.00336	0.00110	0.00575	0.00275	0.00220	0.00643
61	0.01049	0.00899	0.01049	0.00749	0.01198	0.00674	0.00599	0.01273	0.01049	0.01648	0.00899	0.01049	0.00749	0.00374	0.00374	0.00075	0.00374	0.00300	0.00300	0.85320
62	0.11762	0.02830	0.03614	0.01508	0.01917	0.01281	0.34541	0.14471	0.03498	0.11076	0.01121	0.01291	0.00821	0.00532	0.00615	0.00167	0.07395	0.00499	0.00351	0.00710
63	0.01410	0.01551	0.01742	0.13227	0.20900	0.26662	0.07201	0.04528	0.01207	0.01449	0.00855	0.01139	0.00711	0.00560	0.00695	0.00160	0.14679	0.00421	0.00255	0.00648
64	0.00623	0.00447	0.00592	0.00695	0.00734	0.00416	0.00468	0.00723	0.01006	0.01346	0.08391	0.74683	0.04923	0.01538	0.00641	0.00201	0.00289	0.01392	0.00476	0.00416
65	0.01086	0.19559	0.63293	0.01319	0.02000	0.01350	0.01656	0.01583	0.01059	0.01514	0.00864	0.01013	0.00642	0.00470	0.00447	0.00149	0.00704	0.00352	0.00214	0.00726
66	0.01252	0.01201	0.02053	0.03104	0.79074	0.01201	0.01552	0.01552	0.01151	0.01652	0.00951	0.01252	0.00801	0.00451	0.00501	0.00150	0.00601	0.00451	0.00250	0.00801
67	0.00733	0.00500	0.00603	0.00603	0.00621	0.00518	0.00371	0.00769	0.00751	0.01019	0.01546	0.03048	0.01725	0.66718	0.17929	0.00554	0.00661	0.00697	0.00299	0.00335
68	0.01530	0.56007	0.02247	0.01010	0.01386	0.27890	0.00902	0.01681	0.01162	0.01206	0.00729	0.00845	0.00650	0.00462	0.00368	0.00115	0.00664	0.00289	0.00231	0.00628
69	0.00598	0.00512	0.00512	0.00512	0.00683	0.00427	0.00384	0.00726	0.01153	0.01366	0.05123	0.04866	0.78869	0.01281	0.00598	0.00171	0.00256	0.01067	0.00470	0.00427
70	0.01848	0.01379	0.01476	0.01148	0.01540	0.01533	0.00943	0.69004	0.10883	0.03067	0.01309	0.01290	0.00937	0.00616	0.00507	0.00154	0.00539	0.00468	0.00507	0.00853
71	0.07472	0.01241	0.01499	0.14456	0.19386	0.09780	0.04094	0.04837	0.28355	0.01814	0.01310	0.01426	0.01009	0.00557	0.00492	0.00160	0.00568	0.00473	0.00355	0.00718
72	0.00735	0.00490	0.00552	0.00552	0.00552	0.00490	0.00306	0.00735	0.00735	0.00980	0.01593	0.03309	0.01838	0.82229	0.02574	0.00490	0.00490	0.00735	0.00306	0.00306
73	0.00945	0.00868	0.01234	0.01105	0.01142	0.01160	0.00900	0.01081	0.00789	0.01195	0.00959	0.01504	0.00928	0.03750	0.33091	0.00463	0.47646	0.00488	0.00243	0.00507
74	0.01052	0.01023	0.01433	0.01243	0.01253	0.01412	0.01025	0.01165	0.00777	0.01203	0.00772	0.01285	0.00773	0.04399	0.09859	0.00293	0.69805	0.00464	0.00230	0.00533
75	0.00611	0.00513	0.00530	0.00526	0.00691	0.00432	0.00394	0.00751	0.01183	0.01439	0.13268	0.04746	0.70678	0.01253	0.00598	0.00169	0.00254	0.01050	0.00479	0.00432
76	0.01158	0.01106	0.01883	0.27757	0.55154	0.01177	0.01505	0.01470	0.01107	0.01538	0.00935	0.01282	0.00761	0.00468	0.00502	0.00156	0.00624	0.00450	0.00242	0.00725
77	0.01295	0.01292	0.01981	0.02881	0.69423	0.07393	0.01486	0.01573	0.01156	0.01600	0.00925	0.01218	0.00783	0.00476	0.00551	0.00152	0.04354	0.00440	0.00250	0.00773
78	0.01731	0.02124	0.01544	0.05769	0.14984	0.62499	0.01098	0.01901	0.01363	0.01312	0.00817	0.00993	0.00678	0.00508	0.00466	0.00136	0.00846	0.00354	0.00257	0.00622
79	0.00659	0.00491	0.00703	0.00783	0.00840	0.00462	0.03475	0.00776	0.00997	0.01327	0.02707	0.70771	0.03199	0.01520	0.00649	0.00207	0.00333	0.09212	0.00461	0.00427
80	0.00998	0.00969	0.01513	0.77330	0.03394	0.04777	0.01385	0.01326	0.01031	0.01289	0.00893	0.01328	0.00673	0.00506	0.00503	0.00167	0.00685	0.00444	0.00226	0.00563
81	0.00716	0.00517	0.00676	0.00636	0.00755	0.00477	0.00477	0.00954	0.01431	0.02028	0.78808	0.03777	0.04771	0.01034	0.00596	0.00159	0.00239	0.00914	0.00557	0.00477
82	0.00758	0.00991	0.18397	0.02531	0.01189	0.00634	0.02301	0.00980	0.01002	0.01395	0.02143	0.54161	0.02428	0.01196	0.00583	0.00183	0.00420	0.01072	0.00389	0.07244
83	0.01357	0.01136	0.01200	0.01049	0.01353	0.01304	0.00825	0.13893	0.66792	0.02276	0.01932	0.01786	0.01441	0.00674	0.00513	0.00169	0.00424	0.00554	0.00513	0.00809
84	0.01117	0.16528	0.63449	0.01322	0.02002	0.01304	0.01654	0.01616	0.01074	0.04213	0.00909	0.01045	0.00663	0.00477	0.00454	0.00151	0.00700	0.00360	0.00228	0.00734
85	0.01014	0.02616	0.79609	0.01441	0.02189	0.01174	0.01868	0.01601	0.01068	0.01601	0.00907	0.01068	0.00641	0.00480	0.00480	0.00160	0.00747	0.00374	0.00214	0.00747
86	0.01035	0.05722	0.73505	0.01446	0.02172	0.01211	0.04843	0.01599	0.01071	0.01586	0.00904	0.01069	0.00646	0.00476	0.00479	0.00159	0.00743	0.00379	0.00215	0.00741
87	0.00945	0.01266	0.17544	0.10454	0.04170	0.00959	0.26541	0.01283	0.01082	0.01477	0.01656	0.23823	0.04925	0.00807	0.00574	0.00177	0.00622	0.00785	0.00312	0.00598
88	0.01353	0.00669	0.00965	0.00864	0.01073	0.00599	0.04667	0.01505	0.01185	0.34705	0.02355	0.43348	0.02313	0.01113	0.00584	0.00183	0.00382	0.00996	0.00525	0.00617
89	0.01022	0.02429	0.69993	0.01480	0.02182	0.01160	0.08225	0.01581	0.01082	0.01599	0.00987	0.01276	0.00741	0.00512	0.00499	0.00164	0.00745	0.03366	0.00227	0.00731
90	0.01018	0.00967	0.01650	0.60690	0.19761	0.01130	0.03248	0.01345	0.01045	0.01378	0.00950	0.02899	0.00756	0.00513	0.00509	0.00165	0.00655	0.00472	0.00236	0.00613
91	0.01214	0.01176	0.01889	0.05012	0.67273	0.04224	0.01433	0.01491	0.01143	0.01595	0.01099	0.08087	0.01007	0.00551	0.00511	0.00155	0.00589	0.00529	0.00269	0.00753
92	0.01431	0.70760	0.02471	0.00930	0.01337	0.13491	0.00882	0.01588	0.01087	0.01197	0.00715	0.00826	0.00649	0.00446	0.00344	0.00111	0.00595	0.00279	0.00223	0.00640
93	0.01049	0.00899	0.01049	0.00749	0.01198	0.00674	0.00599	0.01273	0.01049	0.01648	0.00899	0.01049	0.00749	0.00374	0.00374	0.00075	0.00374	0.00300	0.00300	0.85320
94	0.04480	0.01150	0.01871	0.03309	0.14879	0.01173	0.23606	0.04676	0.17692	0.16481	0.01394	0.01489	0.01020	0.00552	0.00573	0.00165	0.03820	0.00524	0.00389	0.00755

[dist]
# distance from previous block
# <min> <max>
0	1

[block]
# block no. 3 follows, 49 sequences, length 29
# corresponding to MSA columns:
# 756-784
name=unknown_D
#
# <colnr> <probs for GDERKNQSTAVLIFYWHMCP>
#	G	D	E	R	K	N	Q	S	T	A	V	L	I	F	Y	W	H	M	C	P
0	0.54937	0.01064	0.01178	0.01283	0.17208	0.01175	0.04350	0.05931	0.03911	0.02145	0.00885	0.01084	0.00707	0.00496	0.00390	0.00157	0.00467	0.01680	0.00319	0.00632
1	0.01000	0.00945	0.01598	0.69227	0.14919	0.01135	0.01427	0.01331	0.01032	0.01346	0.00907	0.01334	0.00693	0.00497	0.00505	0.00166	0.00663	0.00450	0.00229	0.00598
2	0.00604	0.00486	0.00539	0.00582	0.00701	0.00421	0.00415	0.00718	0.01086	0.01339	0.04279	0.32687	0.51593	0.01390	0.00615	0.00183	0.00270	0.01201	0.00470	0.00421
3	0.01242	0.01228	0.02204	0.02946	0.66642	0.01214	0.13863	0.01563	0.01158	0.01647	0.00963	0.01270	0.00795	0.00447	0.00516	0.00153	0.00642	0.00474	0.00251	0.00782
4	0.01316	0.01144	0.01398	0.01546	0.20257	0.01272	0.00998	0.09174	0.52563	0.02100	0.01712	0.01671	0.01301	0.00622	0.00510	0.00165	0.00463	0.00532	0.00449	0.00806
5	0.00745	0.00557	0.00718	0.00789	0.00921	0.00530	0.00666	0.00948	0.01181	0.01509	0.09042	0.05320	0.24831	0.01337	0.00662	0.00210	0.00389	0.48716	0.00474	0.00455
6	0.01906	0.01905	0.01476	0.01232	0.01566	0.40259	0.00969	0.40302	0.01913	0.02228	0.01001	0.01065	0.00757	0.00565	0.00481	0.00141	0.00731	0.00392	0.00385	0.00725
7	0.01062	0.00633	0.00808	0.00795	0.00958	0.00604	0.00618	0.04494	0.02811	0.17084	0.02861	0.31820	0.14927	0.01232	0.00632	0.00193	0.02006	0.15421	0.00498	0.00544
8	0.01014	0.02616	0.79609	0.01441	0.02189	0.01174	0.01868	0.01601	0.01068	0.01601	0.00907	0.01068	0.00641	0.00480	0.00480	0.00160	0.00747	0.00374	0.00214	0.00747
9	0.01220	0.01048	0.01111	0.01010	0.01281	0.01208	0.00781	0.02571	0.73648	0.02067	0.02101	0.06565	0.01649	0.00739	0.00522	0.00173	0.00394	0.00622	0.00512	0.00778
10	0.01196	0.01145	0.01953	0.17571	0.65037	0.01187	0.01524	0.01504	0.01125	0.01585	0.00941	0.01269	0.00777	0.00461	0.00502	0.00154	0.00614	0.00450	0.00246	0.00757
11	0.01124	0.28708	0.54482	0.01253	0.01898	0.01444	0.01541	0.01573	0.01055	0.01467	0.00841	0.00984	0.00643	0.00465	0.00430	0.00143	0.00680	0.00340	0.00214	0.00715
12	0.00951	0.00819	0.00850	0.00789	0.01021	0.00871	0.00607	0.01774	0.42325	0.01767	0.03484	0.03273	0.37527	0.00963	0.00553	0.00171	0.00333	0.00802	0.00494	0.00627
13	0.00616	0.00440	0.00587	0.00704	0.00733	0.00411	0.00469	0.00704	0.00968	0.01291	0.02787	0.81899	0.03344	0.01584	0.00645	0.00205	0.00293	0.01438	0.00469	0.00411
14	0.01612	0.01502	0.25085	0.01163	0.01647	0.01062	0.04420	0.07785	0.16868	0.31163	0.01577	0.01503	0.01075	0.00584	0.00505	0.00161	0.00548	0.00480	0.00453	0.00806
15	0.01146	0.01698	0.23421	0.01947	0.02522	0.01251	0.57135	0.01615	0.01160	0.01615	0.00992	0.01285	0.00733	0.00441	0.00566	0.00168	0.00824	0.00537	0.00244	0.00699
16	0.00616	0.00440	0.00587	0.00704	0.00733	0.00411	0.00469	0.00704	0.00968	0.01291	0.02787	0.81899	0.03344	0.01584	0.00645	0.00205	0.00293	0.01438	0.00469	0.00411
17	0.01079	0.06926	0.56432	0.01599	0.04008	0.01246	0.18467	0.01599	0.01095	0.01583	0.00922	0.01123	0.00673	0.00465	0.00498	0.00159	0.00755	0.00419	0.00224	0.00728
18	0.01351	0.01147	0.01957	0.14013	0.46440	0.01163	0.10285	0.05146	0.01227	0.10710	0.01086	0.01332	0.00834	0.00483	0.00514	0.00156	0.00619	0.00474	0.00303	0.00762
19	0.01328	0.67328	0.04289	0.00906	0.01322	0.01860	0.00879	0.01707	0.13575	0.01350	0.00928	0.00992	0.00794	0.00475	0.00359	0.00120	0.00523	0.00322	0.00265	0.00676
20	0.00722	0.00542	0.00813	0.00813	0.00903	0.00632	0.00632	0.00903	0.00813	0.01174	0.01354	0.01987	0.01264	0.03792	0.80225	0.00813	0.01354	0.00542	0.00271	0.00451
21	0.01233	0.01254	0.02355	0.02788	0.54242	0.01227	0.26142	0.01574	0.01165	0.01642	0.00975	0.01288	0.00790	0.00443	0.00532	0.00157	0.00683	0.00498	0.00252	0.00762
22	0.01456	0.01234	0.15626	0.00949	0.01425	0.00848	0.00900	0.07337	0.01277	0.24497	0.03187	0.01329	0.00984	0.00501	0.00449	0.00122	0.00470	0.00401	0.00401	0.36606
23	0.01550	0.00949	0.01270	0.01268	0.15611	0.00869	0.00847	0.03692	0.10027	0.30211	0.03539	0.01660	0.04441	0.00576	0.00481	0.00138	0.00436	0.00486	0.00453	0.21496
24	0.01039	0.08561	0.73883	0.01398	0.02122	0.01236	0.01794	0.01595	0.01065	0.01571	0.00892	0.01049	0.00641	0.00477	0.00469	0.00156	0.00732	0.00366	0.00214	0.00740
25	0.01112	0.08139	0.54947	0.01381	0.06410	0.01159	0.01550	0.01637	0.04492	0.06130	0.07361	0.01354	0.01062	0.00538	0.00483	0.00156	0.00648	0.00431	0.00281	0.00730
26	0.01335	0.06196	0.19427	0.01729	0.16751	0.01208	0.17870	0.07383	0.07300	0.10642	0.03180	0.01428	0.02140	0.00528	0.00513	0.00157	0.00632	0.00492	0.00335	0.00752
27	0.01219	0.00971	0.01281	0.01158	0.09829	0.00907	0.05068	0.07236	0.09832	0.08337	0.06069	0.01699	0.06942	0.00585	0.00515	0.00130	0.03458	0.00491	0.00384	0.33891
28	0.01505	0.01504	0.13127	0.01388	0.11156	0.09023	0.02994	0.27634	0.06270	0.06726	0.07127	0.01498	0.02658	0.00596	0.00502	0.00150	0.00578	0.00483	0.00401	0.04681

[dist]
# distance from previous block
# <min> <max>
0	5

[block]
# block no. 4 follows, 49 sequences, length 101
# corresponding to MSA columns:
# 790-890
name=unknown_E
#
# <colnr> <probs for GDERKNQSTAVLIFYWHMCP>
#	G	D	E	R	K	N	Q	S	T	A	V	L	I	F	Y	W	H	M	C	P
0	0.01554	0.09195	0.26965	0.01221	0.01736	0.03987	0.01239	0.41667	0.01768	0.02392	0.01047	0.01116	0.00760	0.00542	0.00476	0.00148	0.00624	0.00404	0.00372	0.02786
1	0.01197	0.01151	0.05323	0.20637	0.48787	0.01148	0.01440	0.01499	0.01109	0.05388	0.01036	0.03876	0.00863	0.00527	0.00552	0.00160	0.03834	0.00481	0.00267	0.00724
2	0.01145	0.01087	0.01913	0.27925	0.23447	0.01130	0.18435	0.04786	0.01166	0.02872	0.02290	0.03937	0.00904	0.00514	0.00522	0.00158	0.00646	0.00513	0.00276	0.06333
3	0.01060	0.00860	0.01035	0.01060	0.08450	0.00919	0.00740	0.03064	0.35756	0.03755	0.28359	0.02704	0.06872	0.00828	0.00549	0.00166	0.00361	0.02297	0.00503	0.00664
4	0.02062	0.00822	0.01113	0.00875	0.01234	0.00709	0.00711	0.02248	0.01385	0.68810	0.02025	0.09285	0.01429	0.00706	0.00516	0.00158	0.00415	0.00588	0.00598	0.04310
5	0.01352	0.82533	0.02650	0.00865	0.01298	0.02001	0.00865	0.01514	0.01027	0.01190	0.00703	0.00811	0.00649	0.00433	0.00324	0.00108	0.00541	0.00270	0.00216	0.00649
6	0.01252	0.01201	0.02053	0.03104	0.79074	0.01201	0.01552	0.01552	0.01151	0.01652	0.00951	0.01252	0.00801	0.00451	0.00501	0.00150	0.00601	0.00451	0.00250	0.00801
7	0.00735	0.00490	0.00552	0.00552	0.00552	0.00490	0.00306	0.00735	0.00735	0.00980	0.01593	0.03309	0.01838	0.82229	0.02574	0.00490	0.00490	0.00735	0.00306	0.00306
8	0.01889	0.02410	0.01433	0.01303	0.01563	0.80199	0.00977	0.02019	0.01433	0.01238	0.00782	0.00912	0.00651	0.00521	0.00456	0.00130	0.00912	0.00326	0.00261	0.00586
9	0.02252	0.00888	0.01191	0.00913	0.01305	0.00784	0.00754	0.06173	0.01493	0.75651	0.01956	0.01696	0.01232	0.00625	0.00508	0.00156	0.00437	0.00506	0.00620	0.00861
10	0.02269	0.00861	0.01174	0.00900	0.01291	0.00743	0.00743	0.02464	0.01447	0.79425	0.01995	0.01721	0.01252	0.00626	0.00509	0.00156	0.00430	0.00509	0.00626	0.00861
11	0.01106	0.01106	0.01549	0.01328	0.01328	0.01549	0.01106	0.01217	0.00774	0.01217	0.00664	0.01106	0.00664	0.00885	0.01659	0.00221	0.81303	0.00443	0.00221	0.00553
12	0.00722	0.00542	0.00813	0.00813	0.00903	0.00632	0.00632	0.00903	0.00813	0.01174	0.01354	0.01987	0.01264	0.03792	0.80225	0.00813	0.01354	0.00542	0.00271	0.00451
13	0.01922	0.01416	0.01518	0.01163	0.01568	0.01568	0.00961	0.77388	0.02378	0.03187	0.01214	0.01214	0.00860	0.00607	0.00506	0.00152	0.00556	0.00455	0.00506	0.00860
