[name]
unknown

[dist]
# distance from previous block
# <min> <max>
3	115

[block]
# block no. 0 follows, 50 sequences, length 9
# corresponding to MSA columns:
# 164-172
name=unknown_A
#
# <colnr> <probs for GDERKNQSTAVLIFYWHMCP>
#	G	D	E	R	K	N	Q	S	T	A	V	L	I	F	Y	W	H	M	C	P
0	0.00910	0.00715	0.00882	0.00809	0.00943	0.00796	0.00619	0.01354	0.18510	0.03751	0.27998	0.02723	0.06765	0.10314	0.10628	0.00282	0.10327	0.00702	0.00435	0.00537
1	0.00629	0.00463	0.00605	0.00675	0.00738	0.00439	0.00471	0.00748	0.01015	0.01357	0.12154	0.54301	0.12464	0.01701	0.09504	0.00259	0.00394	0.01212	0.00451	0.00419
2	0.01065	0.00711	0.00897	0.00826	0.00978	0.02751	0.00633	0.10410	0.01082	0.10936	0.01511	0.07691	0.01397	0.12487	0.43662	0.00544	0.00938	0.00601	0.00356	0.00526
3	0.05007	0.21080	0.01653	0.01000	0.01379	0.01521	0.00856	0.47391	0.01821	0.06170	0.01119	0.01192	0.00847	0.02777	0.00497	0.00147	0.00518	0.00408	0.03863	0.00755
4	0.00894	0.00613	0.00701	0.00673	0.00858	0.00571	0.00518	0.01196	0.10574	0.11014	0.09309	0.12643	0.40905	0.01136	0.00581	0.00174	0.00308	0.06316	0.00493	0.00522
5	0.00615	0.00468	0.00569	0.00646	0.00728	0.00422	0.00458	0.00726	0.01030	0.01313	0.03523	0.50362	0.29083	0.01447	0.00624	0.00193	0.00289	0.06627	0.00462	0.00414
6	0.15889	0.10902	0.10602	0.00801	0.01100	0.00909	0.00738	0.01458	0.02560	0.14792	0.03273	0.07226	0.03880	0.06393	0.00591	0.00176	0.00430	0.05915	0.11779	0.00586
7	0.00802	0.00637	0.00864	0.20278	0.01402	0.00697	0.00682	0.01091	0.09580	0.01375	0.11530	0.23150	0.02250	0.22208	0.01077	0.00257	0.00436	0.00840	0.00378	0.00465
8	0.00866	0.00714	0.00981	0.01242	0.19894	0.00704	0.00735	0.01191	0.09724	0.01615	0.13762	0.21424	0.16685	0.00980	0.00549	0.00166	0.00355	0.00868	0.06986	0.00558

[dist]
# distance from previous block
# <min> <max>
0	11

[block]
# block no. 1 follows, 50 sequences, length 57
# corresponding to MSA columns:
# 184-240
name=unknown_B
#
# <colnr> <probs for GDERKNQSTAVLIFYWHMCP>
#	G	D	E	R	K	N	Q	S	T	A	V	L	I	F	Y	W	H	M	C	P
0	0.00736	0.00496	0.00609	0.00633	0.00730	0.00453	0.00448	0.00862	0.01087	0.05680	0.17214	0.33247	0.20219	0.10394	0.00817	0.00214	0.00303	0.02929	0.02494	0.00436
1	0.01196	0.02336	0.63173	0.01404	0.04150	0.05706	0.01652	0.05809	0.01173	0.07403	0.00984	0.01104	0.00693	0.00492	0.00476	0.00155	0.00709	0.00382	0.00260	0.00743
2	0.01683	0.01987	0.01321	0.01191	0.01451	0.57988	0.00902	0.05309	0.15553	0.01506	0.05520	0.01250	0.01045	0.00576	0.00470	0.00138	0.00753	0.00404	0.00330	0.00622
3	0.01109	0.00674	0.00781	0.00754	0.00914	0.04873	0.00556	0.02569	0.01176	0.20906	0.08152	0.41273	0.11906	0.01177	0.00581	0.00178	0.00352	0.01031	0.00497	0.00539
4	0.00673	0.00468	0.00581	0.00618	0.00668	0.00441	0.00409	0.00743	0.00968	0.01293	0.15585	0.33091	0.11368	0.23151	0.01229	0.06553	0.00339	0.01030	0.00416	0.00376
5	0.01074	0.15500	0.53559	0.01240	0.01825	0.06070	0.01481	0.01515	0.01075	0.01491	0.05372	0.01204	0.00901	0.00677	0.04811	0.00183	0.00717	0.00388	0.00236	0.00680
6	0.00663	0.00655	0.05001	0.00700	0.00888	0.00514	0.04926	0.00834	0.01122	0.01414	0.09865	0.18374	0.48952	0.01209	0.00594	0.00175	0.00323	0.02892	0.00444	0.00454
7	0.00769	0.05288	0.00933	0.00821	0.00920	0.00744	0.00648	0.00934	0.00808	0.01152	0.01271	0.01901	0.01204	0.06809	0.68222	0.00716	0.05621	0.00522	0.00263	0.00455
8	0.00599	0.00467	0.00544	0.00605	0.00700	0.00412	0.00423	0.00704	0.01040	0.01307	0.03827	0.45881	0.38877	0.01421	0.00614	0.00186	0.00272	0.01246	0.00463	0.00412
9	0.01537	0.01085	0.01276	0.01148	0.05812	0.01198	0.00876	0.22340	0.28891	0.15183	0.01655	0.01768	0.01255	0.00682	0.00592	0.00166	0.06434	0.04612	0.02719	0.00770
10	0.05347	0.00558	0.00767	0.12253	0.01155	0.00600	0.00632	0.00877	0.00918	0.01289	0.02003	0.39902	0.02243	0.09460	0.14745	0.00328	0.00560	0.05559	0.00370	0.00434
11	0.00973	0.00892	0.01438	0.72280	0.03172	0.01092	0.01303	0.05404	0.01078	0.01379	0.01142	0.01521	0.05185	0.00548	0.00504	0.00165	0.00634	0.00478	0.00250	0.00562
12	0.01219	0.01338	0.02810	0.02104	0.06958	0.01272	0.69023	0.05737	0.01238	0.01683	0.01015	0.01330	0.00763	0.00431	0.00578	0.00166	0.00810	0.00572	0.00265	0.00689
13	0.00681	0.00542	0.00662	0.00642	0.00758	0.00523	0.00483	0.00851	0.01213	0.01624	0.38231	0.13078	0.30554	0.01158	0.00671	0.00171	0.06242	0.00981	0.00484	0.00451
14	0.01171	0.01101	0.01682	0.32798	0.33941	0.04697	0.02803	0.07663	0.01171	0.01561	0.00967	0.01351	0.00789	0.03837	0.02261	0.00182	0.00646	0.00454	0.00261	0.00665
15	0.00703	0.00509	0.00662	0.00624	0.00743	0.00469	0.00468	0.00935	0.01404	0.01983	0.77286	0.03750	0.06537	0.01025	0.00588	0.00157	0.00236	0.00905	0.00547	0.00469
16	0.00714	0.00528	0.00770	0.00770	0.00848	0.00606	0.00584	0.00870	0.00792	0.01134	0.01363	0.02115	0.01314	0.13225	0.71114	0.00763	0.01232	0.00557	0.00271	0.00428
17	0.01118	0.01171	0.06603	0.28139	0.45709	0.01174	0.02529	0.01437	0.01070	0.01492	0.00907	0.01249	0.00733	0.00482	0.00544	0.00158	0.04113	0.00441	0.00235	0.00698
18	0.03253	0.01359	0.06487	0.01339	0.07351	0.10221	0.09700	0.07451	0.37543	0.07663	0.01524	0.01513	0.01134	0.00584	0.00501	0.00159	0.00552	0.00498	0.00414	0.00751
19	0.01846	0.01090	0.01309	0.01135	0.07094	0.01123	0.00857	0.33199	0.08228	0.30509	0.01556	0.01482	0.01070	0.00599	0.00489	0.00150	0.00472	0.00478	0.06502	0.00812
20	0.01133	0.01074	0.01427	0.09402	0.33945	0.09697	0.01086	0.06917	0.01187	0.01553	0.01484	0.25834	0.01529	0.00808	0.00533	0.00164	0.00537	0.00727	0.00330	0.00631
21	0.01292	0.04447	0.10109	0.03476	0.36247	0.01270	0.01266	0.11453	0.21658	0.01911	0.01243	0.01360	0.00965	0.00528	0.00489	0.00154	0.00549	0.00461	0.00342	0.00781
22	0.00695	0.00509	0.00652	0.00616	0.00738	0.00466	0.00462	0.00920	0.01386	0.01940	0.72444	0.03820	0.11406	0.01041	0.00588	0.00158	0.00237	0.00915	0.00541	0.00466
23	0.01034	0.00886	0.01034	0.00738	0.01181	0.00664	0.00591	0.01255	0.01034	0.01624	0.00886	0.01034	0.00738	0.00369	0.00369	0.00074	0.00369	0.00295	0.00295	0.85530
24	0.06532	0.01197	0.10031	0.09668	0.23932	0.05145	0.01129	0.01594	0.02268	0.15758	0.06178	0.01679	0.06836	0.00612	0.00558	0.00158	0.05191	0.00503	0.00348	0.00683
25	0.01014	0.04459	0.75855	0.01453	0.04312	0.01178	0.01809	0.01575	0.01054	0.01570	0.00891	0.01051	0.00636	0.00472	0.00470	0.00156	0.00728	0.00368	0.00212	0.00736
26	0.00607	0.00434	0.00578	0.00694	0.00723	0.00405	0.00463	0.00694	0.00954	0.01272	0.02747	0.82157	0.03297	0.01562	0.00636	0.00202	0.00289	0.01417	0.00463	0.00405
27	0.03637	0.01168	0.03885	0.12173	0.28090	0.01174	0.14744	0.05727	0.14057	0.08484	0.01219	0.01391	0.00920	0.00510	0.00508	0.00158	0.00594	0.00488	0.00334	0.00738
28	0.03694	0.25904	0.02964	0.01104	0.03475	0.07098	0.02074	0.12875	0.01230	0.09557	0.00923	0.01062	0.00745	0.00573	0.00677	0.00145	0.18291	0.00372	0.00311	0.06927
29	0.00964	0.00758	0.01018	0.00901	0.00994	0.00904	0.00722	0.03277	0.01134	0.05222	0.34023	0.02352	0.02485	0.01106	0.06833	0.00223	0.29645	0.00645	0.06270	0.00523
30	0.00763	0.00553	0.00752	0.00855	0.00967	0.00542	0.00728	0.00968	0.01127	0.01456	0.02884	0.13214	0.10334	0.01384	0.00674	0.00221	0.00422	0.61248	0.00460	0.00450
31	0.12060	0.14558	0.01622	0.01321	0.10811	0.24913	0.02558	0.17566	0.06889	0.01856	0.00951	0.01052	0.00754	0.00512	0.00434	0.00139	0.00630	0.00370	0.00323	0.00682
32	0.06198	0.17902	0.30215	0.01335	0.08291	0.06895	0.04516	0.05946	0.01177	0.09213	0.01017	0.03376	0.00794	0.00514	0.00447	0.00145	0.00626	0.00402	0.00288	0.00704
33	0.01085	0.22036	0.59669	0.01275	0.01928	0.01357	0.01582	0.01577	0.02471	0.01489	0.00866	0.01006	0.00650	0.00466	0.00437	0.00146	0.00681	0.00347	0.00217	0.00714
34	0.01286	0.01169	0.01168	0.01079	0.03025	0.07079	0.00818	0.02576	0.71099	0.02011	0.01912	0.01775	0.01441	0.00659	0.00503	0.00166	0.00436	0.00543	0.00483	0.00773
35	0.00725	0.00483	0.00544	0.00544	0.00544	0.00483	0.00302	0.00725	0.00725	0.00966	0.01571	0.03262	0.01812	0.82483	0.02537	0.00483	0.00483	0.00725	0.00302	0.00302
36	0.01154	0.01778	0.36591	0.01367	0.01766	0.03439	0.06671	0.01499	0.00987	0.07179	0.00904	0.01173	0.00716	0.02229	0.00945	0.00186	0.30082	0.00424	0.00249	0.00658
37	0.01234	0.01184	0.02023	0.03059	0.79373	0.01184	0.01530	0.01530	0.01135	0.01628	0.00938	0.01234	0.00790	0.00444	0.00493	0.00148	0.00592	0.00444	0.00247	0.00790
38	0.02172	0.00951	0.01221	0.00936	0.01324	0.00886	0.00773	0.16607	0.01599	0.65297	0.01821	0.01602	0.01161	0.00613	0.00501	0.00153	0.00448	0.00491	0.00595	0.00848
39	0.00941	0.00886	0.01495	0.81285	0.03433	0.01107	0.01384	0.01274	0.00997	0.01274	0.00886	0.01329	0.00664	0.00498	0.00498	0.00166	0.00664	0.00443	0.00221	0.00554
40	0.00865	0.00713	0.01065	0.01385	0.24207	0.00693	0.00796	0.03214	0.01213	0.01690	0.29252	0.26442	0.04461	0.01003	0.00572	0.00168	0.00367	0.00910	0.00430	0.00556
41	0.00712	0.00534	0.00801	0.00801	0.00890	0.00623	0.00623	0.00890	0.00801	0.01157	0.01335	0.01958	0.01246	0.03738	0.80507	0.00801	0.01335	0.00534	0.00267	0.00445
42	0.78538	0.01089	0.00793	0.00711	0.01015	0.08160	0.00577	0.01512	0.00898	0.02146	0.00701	0.00818	0.00549	0.00467	0.00321	0.00152	0.00431	0.00274	0.00304	0.00543
43	0.00652	0.00516	0.00753	0.02691	0.00910	0.00482	0.05748	0.00772	0.00993	0.01304	0.02869	0.65131	0.12445	0.01421	0.00624	0.00195	0.00331	0.01292	0.00443	0.00429
44	0.01333	0.82783	0.02612	0.00853	0.01279	0.01972	0.00853	0.01493	0.01013	0.01173	0.00693	0.00800	0.00640	0.00426	0.00320	0.00107	0.00533	0.00267	0.00213	0.00640
45	0.03881	0.01162	0.02084	0.15284	0.49135	0.01185	0.16931	0.01500	0.01112	0.01585	0.00936	0.01258	0.00755	0.00449	0.00508	0.00155	0.00648	0.00468	0.00246	0.00720
46	0.01635	0.01640	0.35714	0.01135	0.01669	0.00973	0.01229	0.07572	0.01330	0.38102	0.03121	0.01421	0.01017	0.00561	0.00491	0.00156	0.00566	0.00448	0.00428	0.00791
47	0.01405	0.06454	0.11399	0.01408	0.04763	0.31603	0.13767	0.04806	0.04985	0.01453	0.00968	0.01185	0.00787	0.00878	0.09762	0.00221	0.02837	0.00417	0.00270	0.00630
48	0.00720	0.00501	0.00634	0.00634	0.00665	0.00532	0.00414	0.00783	0.00752	0.01033	0.01488	0.02805	0.01614	0.54900	0.29849	0.00595	0.00782	0.00658	0.00290	0.00352
49	0.59159	0.03538	0.15840	0.00842	0.01243	0.01150	0.00825	0.05219	0.00994	0.06149	0.00822	0.00920	0.00611	0.00478	0.00359	0.00153	0.00466	0.00309	0.00312	0.00611
50	0.00648	0.00508	0.00578	0.00586	0.00718	0.00451	0.00440	0.00799	0.01164	0.01483	0.21836	0.07843	0.45164	0.07216	0.00744	0.00196	0.00287	0.08440	0.00471	0.00427
51	0.00733	0.00484	0.00544	0.00542	0.00561	0.00480	0.00316	0.00764	0.00794	0.01090	0.05895	0.03242	0.04129	0.70583	0.02238	0.00433	0.00447	0.00727	0.05673	0.00325
52	0.01224	0.01154	0.01951	0.11969	0.61299	0.01183	0.05258	0.05293	0.01179	0.01665	0.00961	0.01261	0.00786	0.00460	0.00496	0.00151	0.00604	0.00452	0.01900	0.00753
53	0.01531	0.02208	0.06881	0.00943	0.01255	0.00878	0.00826	0.13000	0.08023	0.29669	0.01919	0.07279	0.01600	0.00812	0.00532	0.00170	0.00451	0.15473	0.05846	0.00703
54	0.00651	0.00492	0.00579	0.00594	0.00710	0.00436	0.00429	0.00795	0.01159	0.02499	0.25196	0.24499	0.35353	0.03500	0.00654	0.00182	0.00266	0.01088	0.00485	0.00433
55	0.00652	0.00480	0.00593	0.00617	0.00702	0.00440	0.00432	0.00792	0.01133	0.01521	0.31091	0.30190	0.18227	0.09844	0.00810	0.00209	0.00283	0.01085	0.00477	0.00421
56	0.07244	0.00680	0.00783	0.00874	0.06291	0.02897	0.00642	0.01283	0.05105	0.03872	0.01885	0.06662	0.01775	0.00861	0.00490	0.00165	0.00374	0.24072	0.33525	0.00519

[dist]
# distance from previous block
# <min> <max>
0	1

[block]
# block no. 2 follows, 50 sequences, length 27
# corresponding to MSA columns:
# 242-268
name=unknown_C
#
# <colnr> <probs for GDERKNQSTAVLIFYWHMCP>
#	G	D	E	R	K	N	Q	S	T	A	V	L	I	F	Y	W	H	M	C	P
0	0.00649	0.00495	0.00597	0.00597	0.00717	0.00442	0.00438	0.00823	0.01240	0.01655	0.41120	0.17437	0.29593	0.01193	0.00597	0.00168	0.00250	0.01040	0.00505	0.00442
1	0.12933	0.00570	0.00628	0.00630	0.00771	0.00553	0.00465	0.00991	0.01073	0.06159	0.13818	0.24840	0.19632	0.05671	0.00652	0.00189	0.00307	0.03252	0.06403	0.00463
2	0.00676	0.00573	0.00813	0.00752	0.00905	0.00513	0.08616	0.00840	0.01131	0.01459	0.16225	0.27585	0.35593	0.01223	0.00603	0.00177	0.00323	0.01088	0.00455	0.00451
3	0.00926	0.00641	0.00860	0.00966	0.09190	0.00611	0.00642	0.05381	0.01218	0.08618	0.17358	0.29357	0.12916	0.02317	0.00617	0.00182	0.00349	0.06852	0.00470	0.00528
4	0.01140	0.00863	0.01130	0.00899	0.01186	0.00836	0.09950	0.15708	0.04444	0.02006	0.07564	0.06223	0.01417	0.00615	0.00452	0.00130	0.00405	0.00534	0.25990	0.18509
5	0.00625	0.00470	0.00577	0.00650	0.00729	0.00428	0.00461	0.00737	0.01032	0.01328	0.06032	0.48149	0.25495	0.03950	0.00684	0.00202	0.00296	0.07285	0.00460	0.00413
6	0.00971	0.02356	0.71473	0.01328	0.01986	0.01086	0.01678	0.01488	0.01018	0.01514	0.00966	0.01287	0.00757	0.09182	0.00693	0.00192	0.00710	0.00406	0.00220	0.00690
7	0.00624	0.00445	0.00586	0.00678	0.00715	0.00416	0.00454	0.00722	0.00990	0.01332	0.10791	0.69400	0.03363	0.06046	0.00738	0.00213	0.00294	0.01323	0.00463	0.00406
8	0.00748	0.00543	0.00808	0.03012	0.00933	0.00628	0.00623	0.00890	0.00815	0.01173	0.03771	0.01929	0.01289	0.03213	0.63826	0.09729	0.02944	0.00529	0.02170	0.00427
9	0.00821	0.00597	0.00675	0.00653	0.00768	0.00614	0.00465	0.04581	0.09539	0.01444	0.04211	0.08065	0.18344	0.25060	0.11975	0.00341	0.00496	0.00757	0.10139	0.00455
10	0.76946	0.00918	0.00740	0.00671	0.00956	0.01066	0.00549	0.01404	0.00843	0.02122	0.00762	0.00932	0.00615	0.00811	0.08825	0.00223	0.00486	0.00298	0.00304	0.00530
11	0.00663	0.00461	0.00563	0.00618	0.00641	0.00443	0.00387	0.00716	0.00870	0.01158	0.04553	0.41616	0.05084	0.38202	0.01495	0.00327	0.00374	0.01076	0.00392	0.00361
12	0.00711	0.00557	0.00658	0.00657	0.00818	0.00493	0.00515	0.00874	0.01120	0.01451	0.11353	0.08733	0.35090	0.06388	0.00717	0.00194	0.00331	0.19433	0.00443	0.09465
13	0.06867	0.00878	0.01138	0.00881	0.01255	0.00796	0.00727	0.06960	0.01450	0.68153	0.04334	0.01681	0.01283	0.00620	0.00493	0.00154	0.00424	0.00498	0.00590	0.00819
14	0.00735	0.00580	0.00841	0.00973	0.09156	0.00569	0.02212	0.00902	0.01053	0.01435	0.15912	0.29871	0.09833	0.04071	0.14776	0.00300	0.00520	0.05377	0.00411	0.00472
15	0.00712	0.00548	0.00760	0.00721	0.00833	0.00512	0.05372	0.00874	0.01131	0.01527	0.30461	0.17866	0.13993	0.16033	0.00960	0.00232	0.00347	0.06234	0.00451	0.00433
16	0.00866	0.00433	0.00649	0.00649	0.00649	0.00433	0.00433	0.00649	0.00649	0.00866	0.00866	0.01515	0.00866	0.01732	0.01948	0.85498	0.00433	0.00433	0.00216	0.00216
17	0.10479	0.02730	0.03911	0.01380	0.04256	0.06419	0.24877	0.01782	0.03265	0.22704	0.01347	0.03472	0.01044	0.00600	0.00578	0.00165	0.05151	0.04781	0.00376	0.00682
18	0.00971	0.00829	0.05579	0.20662	0.01677	0.00791	0.05154	0.04047	0.03554	0.07610	0.04593	0.24303	0.07924	0.00988	0.00667	0.05626	0.01833	0.02283	0.00375	0.00534
19	0.01997	0.01232	0.01394	0.01069	0.01464	0.01302	0.00883	0.55145	0.02069	0.26096	0.01427	0.01347	0.00963	0.00604	0.00499	0.00151	0.00511	0.00464	0.00534	0.00848
20	0.00759	0.00745	0.06852	0.00822	0.01013	0.00606	0.06300	0.01053	0.05432	0.01694	0.35731	0.19129	0.13854	0.01066	0.00587	0.00171	0.00346	0.02871	0.00467	0.00503
21	0.01132	0.11844	0.17199	0.04069	0.03878	0.10244	0.16316	0.03678	0.01131	0.01460	0.04215	0.01577	0.06808	0.00966	0.10532	0.00233	0.03333	0.00495	0.00273	0.00615
22	0.00663	0.00478	0.00604	0.00632	0.00713	0.00446	0.00446	0.00777	0.01070	0.01431	0.23827	0.29871	0.18188	0.06681	0.05705	0.06223	0.00354	0.01037	0.00447	0.00409
23	0.01338	0.00881	0.01028	0.00875	0.01131	0.00917	0.00689	0.17622	0.19663	0.15586	0.27675	0.06326	0.02485	0.00809	0.00538	0.00160	0.00373	0.00685	0.00536	0.00686
24	0.09861	0.17026	0.15005	0.07258	0.07063	0.11801	0.10378	0.01712	0.03626	0.10331	0.00993	0.01127	0.00750	0.00485	0.00446	0.00145	0.00635	0.00391	0.00291	0.00674
25	0.01131	0.01049	0.01455	0.29646	0.12677	0.08096	0.04605	0.03477	0.05965	0.04103	0.01145	0.06523	0.00985	0.00915	0.07587	0.02227	0.07009	0.00518	0.00288	0.00599
26	0.00675	0.00469	0.00584	0.00624	0.00681	0.00440	0.00422	0.00741	0.00969	0.01279	0.12821	0.31941	0.15228	0.18482	0.01163	0.09309	0.00337	0.03044	0.00414	0.00376

[dist]
# distance from previous block
# <min> <max>
0	1

[block]
# block no. 3 follows, 50 sequences, length 179
# corresponding to MSA columns:
# 270-448
name=unknown_D
#
# <colnr> <probs for GDERKNQSTAVLIFYWHMCP>
#	G	D	E	R	K	N	Q	S	T	A	V	L	I	F	Y	W	H	M	C	P
0	0.00680	0.00436	0.00595	0.00676	0.00696	0.00416	0.00448	0.00684	0.00864	0.01152	0.02200	0.57430	0.02592	0.05257	0.01066	0.22605	0.00336	0.01127	0.00391	0.00351
1	0.11256	0.36775	0.01850	0.01027	0.01363	0.37661	0.00867	0.01716	0.01176	0.01316	0.00728	0.00846	0.00629	0.00470	0.00378	0.00122	0.00683	0.00292	0.00244	0.00600
2	0.04060	0.00978	0.01139	0.00902	0.01233	0.02644	0.00730	0.20685	0.01447	0.19608	0.07157	0.01526	0.01225	0.00940	0.09655	0.00209	0.03291	0.00458	0.00432	0.21683
3	0.03283	0.08173	0.13387	0.05594	0.19175	0.07395	0.01179	0.19662	0.04638	0.08233	0.01141	0.03938	0.00895	0.00554	0.00476	0.00149	0.00589	0.00448	0.00347	0.00741
4	0.01783	0.01948	0.01449	0.01248	0.01516	0.48815	0.00973	0.23616	0.01605	0.01769	0.00879	0.01006	0.00702	0.00579	0.00599	0.00145	0.10023	0.00371	0.00322	0.00652
5	0.01000	0.02578	0.79900	0.01421	0.02157	0.01158	0.01842	0.01579	0.01052	0.01579	0.00895	0.01052	0.00631	0.00474	0.00474	0.00158	0.00737	0.00368	0.00210	0.00737
6	0.00595	0.00505	0.00513	0.00511	0.00677	0.00423	0.00383	0.00727	0.01150	0.01380	0.08900	0.04741	0.75299	0.01250	0.00589	0.00168	0.00252	0.01044	0.00467	0.00423
7	0.00865	0.00801	0.01191	0.01013	0.01193	0.00856	0.13463	0.01184	0.09881	0.01446	0.06138	0.12382	0.24103	0.03634	0.05772	0.00229	0.14136	0.00810	0.00379	0.00524
8	0.00833	0.00611	0.00749	0.00678	0.00831	0.00590	0.00518	0.09703	0.01497	0.02081	0.64739	0.03514	0.09754	0.00989	0.00578	0.00157	0.00272	0.00861	0.00537	0.00510
9	0.19187	0.01247	0.01271	0.01016	0.01375	0.01398	0.00832	0.50788	0.11911	0.02793	0.01209	0.01215	0.00879	0.00580	0.00458	0.00152	0.00489	0.00427	0.02003	0.00769
10	0.00879	0.00491	0.00500	0.00497	0.00625	0.00479	0.00372	0.02802	0.01087	0.01774	0.02253	0.05771	0.14759	0.00740	0.00406	0.00130	0.00245	0.00606	0.65121	0.00463
11	0.00673	0.00484	0.00623	0.00652	0.00731	0.00452	0.00466	0.00828	0.01156	0.01583	0.36746	0.30928	0.07866	0.09138	0.00799	0.00209	0.00292	0.05460	0.00485	0.00428
12	0.00725	0.00483	0.00544	0.00544	0.00544	0.00483	0.00302	0.00725	0.00725	0.00966	0.01571	0.03262	0.01812	0.82483	0.02537	0.00483	0.00483	0.00725	0.00302	0.00302
13	0.05092	0.00600	0.00744	0.00687	0.00836	0.00573	0.00510	0.04147	0.01270	0.12928	0.39934	0.15881	0.03294	0.10322	0.00789	0.00201	0.00319	0.00859	0.00503	0.00513
14	0.00653	0.00464	0.00602	0.00660	0.00711	0.00436	0.00450	0.00772	0.01053	0.01436	0.23573	0.48792	0.03479	0.12092	0.00875	0.00227	0.00303	0.02547	0.00465	0.00410
15	0.00622	0.00488	0.00565	0.00595	0.00713	0.00430	0.00434	0.00760	0.01133	0.01445	0.17275	0.26751	0.41679	0.01309	0.00606	0.00178	0.00267	0.03844	0.00478	0.00426
16	0.01138	0.00856	0.00954	0.00849	0.01064	0.00897	0.00653	0.29868	0.06668	0.02094	0.07911	0.27720	0.15169	0.01051	0.00564	0.00171	0.00384	0.00898	0.00485	0.00604
17	0.05638	0.02009	0.01468	0.01254	0.01561	0.52676	0.04161	0.21994	0.01624	0.01790	0.00890	0.00992	0.00697	0.00530	0.00462	0.00137	0.00781	0.00364	0.00323	0.00652
18	0.00862	0.00626	0.00746	0.00695	0.00849	0.00613	0.00525	0.09751	0.04642	0.03073	0.41986	0.15000	0.14225	0.01053	0.00574	0.00164	0.00291	0.00915	0.02895	0.00516
19	0.00651	0.00529	0.00621	0.00640	0.00748	0.00507	0.00475	0.00772	0.01054	0.01334	0.07070	0.23989	0.42801	0.04684	0.02546	0.00210	0.05673	0.04831	0.00439	0.00425
20	0.44245	0.01221	0.01055	0.00892	0.01218	0.08567	0.00721	0.22237	0.10191	0.03855	0.01014	0.01059	0.00758	0.00531	0.00399	0.00152	0.00479	0.00361	0.00384	0.00661
21	0.01041	0.00830	0.00938	0.00853	0.01058	0.00910	0.00658	0.10342	0.31451	0.01902	0.14909	0.05243	0.08707	0.05996	0.10999	0.00267	0.00498	0.02315	0.00464	0.00618
22	0.00695	0.00482	0.00564	0.00588	0.00630	0.00463	0.00377	0.00762	0.00898	0.01200	0.08477	0.18429	0.11199	0.45461	0.01654	0.00346	0.00392	0.04065	0.02956	0.00360
23	0.01160	0.01107	0.01850	0.02767	0.70374	0.01097	0.01398	0.01437	0.01135	0.01596	0.01408	0.01641	0.09753	0.00538	0.00504	0.00150	0.00553	0.00514	0.00271	0.00747
24	0.11167	0.45861	0.15433	0.00967	0.01428	0.01633	0.00994	0.11609	0.01191	0.04476	0.00840	0.00929	0.00676	0.00468	0.00375	0.00128	0.00549	0.00317	0.00276	0.00680
25	0.00657	0.00473	0.00633	0.00744	0.00801	0.00449	0.00547	0.00782	0.01011	0.01332	0.02810	0.59437	0.06167	0.01502	0.00648	0.00208	0.00331	0.20587	0.00462	0.00419
26	0.01061	0.00885	0.01036	0.00742	0.01183	0.00666	0.00594	0.01282	0.01043	0.03396	0.00910	0.01049	0.00750	0.00375	0.00372	0.00076	0.00370	0.00300	0.00303	0.83608
27	0.00725	0.00483	0.00544	0.00544	0.00544	0.00483	0.00302	0.00725	0.00725	0.00966	0.01571	0.03262	0.01812	0.82483	0.02537	0.00483	0.00483	0.00725	0.00302	0.00302
28	0.03052	0.01202	0.01888	0.05985	0.61758	0.01239	0.01408	0.14076	0.01323	0.01875	0.00973	0.01223	0.00789	0.00472	0.00491	0.00149	0.00584	0.00441	0.00288	0.00784
29	0.00599	0.00491	0.00527	0.00548	0.00687	0.00420	0.00400	0.00723	0.01115	0.01365	0.08342	0.19761	0.60681	0.01308	0.00598	0.00174	0.00259	0.01115	0.00467	0.00420
30	0.00712	0.00534	0.00801	0.00801	0.00890	0.00623	0.00623	0.00890	0.00801	0.01157	0.01335	0.01958	0.01246	0.03738	0.80507	0.00801	0.01335	0.00534	0.00267	0.00445
31	0.22879	0.01231	0.01465	0.01635	0.26371	0.03015	0.01028	0.31089	0.01543	0.03734	0.00991	0.01113	0.00754	0.00513	0.00448	0.00150	0.00527	0.00400	0.00367	0.00746
32	0.01120	0.01049	0.00979	0.00897	0.01139	0.10056	0.00689	0.01999	0.46276	0.01794	0.06389	0.02586	0.21304	0.00823	0.00525	0.00164	0.00408	0.00676	0.00469	0.00656
33	0.00725	0.00483	0.00544	0.00544	0.00544	0.00483	0.00302	0.00725	0.00725	0.00966	0.01571	0.03262	0.01812	0.82483	0.02537	0.00483	0.00483	0.00725	0.00302	0.00302
34	0.00702	0.00509	0.00661	0.00623	0.00742	0.00469	0.00467	0.00933	0.01402	0.01977	0.76600	0.03760	0.07227	0.01027	0.00588	0.00157	0.00236	0.00907	0.00546	0.00469
35	0.00605	0.00444	0.00568	0.00668	0.00716	0.00407	0.00451	0.00697	0.00979	0.01283	0.03063	0.71562	0.13689	0.01521	0.00630	0.00198	0.00284	0.01367	0.00463	0.00407
36	0.01000	0.02578	0.79900	0.01421	0.02157	0.01158	0.01842	0.01579	0.01052	0.01579	0.00895	0.01052	0.00631	0.00474	0.00474	0.00158	0.00737	0.00368	0.00210	0.00737
37	0.01087	0.02373	0.68818	0.01447	0.02143	0.01141	0.08153	0.01630	0.01085	0.06146	0.00967	0.01115	0.00677	0.00477	0.00485	0.00159	0.00727	0.00395	0.00238	0.00738
38	0.01146	0.01076	0.01711	0.26217	0.40297	0.01173	0.02740	0.01666	0.15748	0.01607	0.01130	0.01383	0.00890	0.00504	0.00499	0.00158	0.00581	0.00469	0.00289	0.00716
39	0.01091	0.01091	0.01527	0.01309	0.01309	0.01527	0.01091	0.01200	0.00763	0.01200	0.00654	0.01091	0.00654	0.00872	0.01636	0.00218	0.81570	0.00436	0.00218	0.00545
40	0.86003	0.00964	0.00733	0.00655	0.00964	0.01118	0.00540	0.01465	0.00848	0.02236	0.00694	0.00810	0.00540	0.00463	0.00308	0.00154	0.00386	0.00270	0.00308	0.00540
41	0.00725	0.00483	0.00544	0.00544	0.00544	0.00483	0.00302	0.00725	0.00725	0.00966	0.01571	0.03262	0.01812	0.82483	0.02537	0.00483	0.00483	0.00725	0.00302	0.00302
42	0.01862	0.02376	0.01413	0.01284	0.01541	0.80482	0.00963	0.01990	0.01413	0.01220	0.00770	0.00899	0.00642	0.00514	0.00449	0.00128	0.00899	0.00321	0.00257	0.00578
43	0.01234	0.01184	0.02023	0.03059	0.79373	0.01184	0.01530	0.01530	0.01135	0.01628	0.00938	0.01234	0.00790	0.00444	0.00493	0.00148	0.00592	0.00444	0.00247	0.00790
44	0.01123	0.01252	0.02696	0.01952	0.02409	0.01188	0.68765	0.01516	0.01134	0.01546	0.01046	0.01415	0.00812	0.00800	0.09727	0.00240	0.00897	0.00582	0.00254	0.00646
45	0.01240	0.01071	0.01127	0.01014	0.01296	0.01240	0.00789	0.02649	0.78473	0.02085	0.02029	0.01860	0.01522	0.00676	0.00507	0.00169	0.00394	0.00564	0.00507	0.00789
46	0.08496	0.00814	0.01015	0.00808	0.01147	0.00717	0.00648	0.03452	0.01261	0.42593	0.05252	0.10767	0.01459	0.00678	0.00477	0.00143	0.00388	0.00561	0.00500	0.18825
47	0.48688	0.00988	0.01092	0.15623	0.10434	0.01120	0.00852	0.06860	0.01047	0.05115	0.00909	0.01178	0.00719	0.00514	0.00398	0.00158	0.00475	0.02910	0.00316	0.00602
48	0.00725	0.00483	0.00544	0.00544	0.00544	0.00483	0.00302	0.00725	0.00725	0.00966	0.01571	0.03262	0.01812	0.82483	0.02537	0.00483	0.00483	0.00725	0.00302	0.00302
49	0.00724	0.00485	0.00551	0.00551	0.00553	0.00487	0.00311	0.00730	0.00727	0.00972	0.01564	0.03225	0.01796	0.80249	0.04749	0.00492	0.00507	0.00719	0.00301	0.00306
50	0.01125	0.00608	0.00757	0.00666	0.00879	0.00531	0.00518	0.01307	0.01311	0.25205	0.28785	0.05403	0.28939	0.00994	0.00563	0.00161	0.00299	0.00845	0.00538	0.00566
51	0.01023	0.00754	0.01237	0.01680	0.34319	0.00754	0.00902	0.01026	0.00857	0.01192	0.00896	0.01395	0.00833	0.01181	0.01326	0.48995	0.00501	0.00438	0.00229	0.00462
52	0.01333	0.82783	0.02612	0.00853	0.01279	0.01972	0.00853	0.01493	0.01013	0.01173	0.00693	0.00800	0.00640	0.00426	0.00320	0.00107	0.00533	0.00267	0.00213	0.00640
53	0.01184	0.01313	0.02734	0.01977	0.02455	0.01258	0.68784	0.01717	0.10015	0.01652	0.01125	0.01403	0.00844	0.00449	0.00579	0.00168	0.00789	0.00585	0.00281	0.00686
54	0.00626	0.00487	0.00569	0.00589	0.00706	0.00430	0.00426	0.00771	0.01163	0.01505	0.24712	0.25153	0.38528	0.01276	0.00601	0.00174	0.00258	0.01108	0.00486	0.00430
55	0.01234	0.01184	0.02023	0.03059	0.79373	0.01184	0.01530	0.01530	0.01135	0.01628	0.00938	0.01234	0.00790	0.00444	0.00493	0.00148	0.00592	0.00444	0.00247	0.00790
56	0.49446	0.01009	0.01051	0.01031	0.10057	0.01086	0.00737	0.09540	0.01161	0.19091	0.01050	0.01091	0.00751	0.00508	0.00391	0.00153	0.00434	0.00359	0.00388	0.00667
57	0.00700	0.00475	0.00549	0.00570	0.00580	0.00467	0.00333	0.00719	0.00778	0.01033	0.01881	0.17599	0.04253	0.65541	0.02138	0.00424	0.00442	0.00859	0.00336	0.00324
58	0.00822	0.00510	0.00648	0.00671	0.00785	0.00458	0.00481	0.00950	0.01113	0.11226	0.13653	0.45827	0.18344	0.01309	0.00603	0.00183	0.00291	0.01158	0.00494	0.00473
59	0.00701	0.00506	0.00662	0.00630	0.00744	0.00467	0.00470	0.00930	0.01391	0.01967	0.75747	0.07178	0.04641	0.01043	0.00590	0.00159	0.00238	0.00924	0.00545	0.00467
60	0.22577	0.00975	0.01005	0.00865	0.01144	0.01074	0.00683	0.14354	0.24322	0.11310	0.03410	0.01789	0.01284	0.09987	0.00695	0.00198	0.00429	0.02784	0.00445	0.00670
61	0.01291	0.01448	0.02569	0.01890	0.02339	0.11493	0.59952	0.06071	0.01274	0.01634	0.01057	0.01458	0.00836	0.00483	0.00569	0.00164	0.00815	0.03717	0.00276	0.00661
62	0.00927	0.00598	0.00737	0.00654	0.00856	0.00517	0.00505	0.01123	0.01281	0.12643	0.36713	0.06098	0.22191	0.00975	0.00555	0.00153	0.00288	0.02449	0.00503	0.10235
63	0.00615	0.00455	0.00569	0.00646	0.00708	0.00416	0.00440	0.00717	0.01015	0.01328	0.08735	0.58041	0.18399	0.04579	0.00697	0.00203	0.00285	0.01280	0.00463	0.00409
64	0.01188	0.00892	0.01036	0.00959	0.01190	0.00966	0.00787	0.16860	0.25217	0.04437	0.10888	0.03245	0.02211	0.00942	0.00578	0.00184	0.00430	0.26841	0.00497	0.00651
65	0.00824	0.00608	0.00682	0.00640	0.00811	0.00569	0.00485	0.09628	0.01317	0.04075	0.20230	0.13939	0.40194	0.01137	0.00577	0.00166	0.00292	0.00968	0.02366	0.00492
66	0.01116	0.00823	0.00989	0.00750	0.01132	0.00639	0.00590	0.01317	0.01068	0.10509	0.01250	0.11600	0.01126	0.00552	0.00419	0.00100	0.00365	0.00464	0.00354	0.64838
67	0.00612	0.00493	0.00546	0.00560	0.00694	0.00426	0.00409	0.00750	0.01151	0.01445	0.17352	0.18357	0.52910	0.01274	0.00597	0.00172	0.00256	0.01091	0.00478	0.00426
68	0.01215	0.00886	0.00986	0.00846	0.01101	0.00931	0.00667	0.19116	0.21806	0.08114	0.21689	0.02692	0.16157	0.00845	0.00540	0.00160	0.00367	0.00705	0.00516	0.00661
69	0.11748	0.00885	0.01107	0.00863	0.01232	0.00821	0.00712	0.07255	0.01408	0.63155	0.01759	0.01568	0.01130	0.00597	0.00474	0.00153	0.00421	0.00470	0.03442	0.00800
70	0.11600	0.00815	0.01035	0.00820	0.01162	0.00739	0.00671	0.02106	0.01349	0.60129	0.09939	0.01911	0.04156	0.00663	0.00491	0.00155	0.00394	0.00535	0.00569	0.00759
71	0.00827	0.00638	0.00705	0.00657	0.00815	0.00622	0.00486	0.09698	0.06381	0.01687	0.20180	0.08794	0.32774	0.12501	0.00849	0.00210	0.00327	0.00895	0.00466	0.00487
72	0.00679	0.00505	0.00571	0.00563	0.00705	0.00450	0.00427	0.00861	0.01224	0.01643	0.30770	0.04119	0.40383	0.01104	0.00566	0.00161	0.00254	0.04384	0.10189	0.00445
73	0.00841	0.00508	0.00678	0.00663	0.00711	0.00528	0.00450	0.00856	0.00771	0.05602	0.01368	0.02399	0.01402	0.36631	0.25127	0.19509	0.00718	0.00591	0.00291	0.00357
74	0.00589	0.00505	0.00505	0.00505	0.00673	0.00421	0.00379	0.00715	0.01136	0.01347	0.05049	0.04797	0.79171	0.01262	0.00589	0.00168	0.00252	0.01052	0.00463	0.00421
75	0.00705	0.00510	0.00666	0.00627	0.00745	0.00470	0.00470	0.00941	0.01411	0.01999	0.79110	0.03723	0.04703	0.01019	0.00588	0.00157	0.00235	0.00901	0.00549	0.00470
76	0.01112	0.01238	0.02655	0.01957	0.03746	0.01161	0.67403	0.01492	0.01150	0.01560	0.01206	0.10584	0.01047	0.00551	0.00592	0.00172	0.00773	0.00680	0.00276	0.00644
77	0.00937	0.00848	0.01109	0.27096	0.10649	0.06062	0.00900	0.03403	0.01083	0.01339	0.02287	0.02473	0.27037	0.00912	0.00712	0.11197	0.00500	0.00638	0.00315	0.00503
78	0.76252	0.00909	0.00711	0.00643	0.00916	0.01046	0.00513	0.01381	0.00834	0.02091	0.00794	0.01090	0.00685	0.09842	0.00563	0.00192	0.00397	0.00322	0.00308	0.00513
79	0.76283	0.01149	0.09786	0.00743	0.01100	0.01123	0.00689	0.01478	0.00872	0.02161	0.00717	0.00837	0.00550	0.00464	0.00327	0.00155	0.00426	0.00281	0.00297	0.00562
80	0.01233	0.47378	0.20431	0.01187	0.03215	0.03317	0.10537	0.01527	0.01054	0.01348	0.00793	0.00946	0.00659	0.00436	0.00397	0.00126	0.00620	0.00336	0.00222	0.04237
81	0.01127	0.01202	0.01377	0.01177	0.01367	0.21756	0.14603	0.01310	0.01025	0.01243	0.01145	0.04625	0.01078	0.09240	0.28231	0.00409	0.07770	0.00530	0.00268	0.00515
82	0.00725	0.00483	0.00544	0.00544	0.00544	0.00483	0.00302	0.00725	0.00725	0.00966	0.01571	0.03262	0.01812	0.82483	0.02537	0.00483	0.00483	0.00725	0.00302	0.00302
83	0.00725	0.00483	0.00544	0.00544	0.00544	0.00483	0.00302	0.00725	0.00725	0.00966	0.01571	0.03262	0.01812	0.82483	0.02537	0.00483	0.00483	0.00725	0.00302	0.00302
84	0.00615	0.00493	0.00549	0.00562	0.00696	0.00428	0.00411	0.00755	0.01157	0.01459	0.18900	0.18113	0.51577	0.01268	0.00597	0.00172	0.00256	0.01087	0.00479	0.00428
85	0.00822	0.00462	0.00693	0.00693	0.00718	0.00487	0.00487	0.00718	0.00693	0.00949	0.01000	0.01642	0.00974	0.02305	0.24394	0.61298	0.00691	0.00462	0.00231	0.00282
86	0.00607	0.00434	0.00578	0.00694	0.00723	0.00405	0.00463	0.00694	0.00954	0.01272	0.02747	0.82157	0.03297	0.01562	0.00636	0.00202	0.00289	0.01417	0.00463	0.00405
87	0.00862	0.00435	0.00653	0.00653	0.00655	0.00438	0.00438	0.00655	0.00653	0.00873	0.00877	0.01526	0.00875	0.01781	0.03877	0.83418	0.00455	0.00435	0.00218	0.00222
88	0.03131	0.00618	0.00792	0.00724	0.00923	0.00553	0.00553	0.01374	0.01224	0.29230	0.15022	0.25836	0.14831	0.01065	0.00566	0.00172	0.00327	0.01953	0.00528	0.00579
89	0.00725	0.00483	0.00544	0.00544	0.00544	0.00483	0.00302	0.00725	0.00725	0.00966	0.01571	0.03262	0.01812	0.82483	0.02537	0.00483	0.00483	0.00725	0.00302	0.00302
90	0.01290	0.00884	0.01015	0.00876	0.01134	0.00935	0.00689	0.10618	0.31730	0.14437	0.25673	0.02414	0.04578	0.00780	0.00532	0.00161	0.00364	0.00658	0.00535	0.00697
91	0.61203	0.01024	0.00916	0.00769	0.01102	0.01145	0.00634	0.14758	0.01178	0.11890	0.00937	0.00985	0.00678	0.00505	0.00365	0.00153	0.00418	0.00329	0.00379	0.00631
92	0.00901	0.00606	0.00738	0.00684	0.00850	0.00578	0.00522	0.01236	0.10135	0.09611	0.42992	0.05225	0.16727	0.03766	0.00641	0.00174	0.00292	0.03269	0.00523	0.00529
93	0.00707	0.00545	0.00655	0.00656	0.00790	0.00511	0.00501	0.00971	0.06347	0.01674	0.34978	0.12215	0.26691	0.01167	0.00599	0.00174	0.00282	0.09568	0.00501	0.00468
94	0.01856	0.01279	0.01402	0.01094	0.01476	0.01395	0.00898	0.57692	0.12103	0.13455	0.01410	0.01351	0.00988	0.00611	0.00500	0.00153	0.00512	0.00471	0.00516	0.00840
95	0.00622	0.00453	0.00585	0.00685	0.00735	0.00420	0.00474	0.00721	0.00984	0.01289	0.02976	0.66108	0.11909	0.03344	0.00678	0.00207	0.00301	0.06641	0.00459	0.00408
96	0.02815	0.00513	0.00646	0.00640	0.00755	0.00474	0.00469	0.00920	0.01257	0.04393	0.48130	0.22786	0.12039	0.01150	0.00590	0.00169	0.00260	0.01014	0.00515	0.00464
97	0.00620	0.00441	0.00573	0.00672	0.00701	0.00414	0.00442	0.00698	0.00933	0.01239	0.02669	0.71236	0.04990	0.10808	0.00852	0.00234	0.00310	0.01329	0.00444	0.00393
98	0.00646	0.00488	0.00607	0.00686	0.00778	0.00448	0.00514	0.00778	0.01055	0.01346	0.03445	0.40413	0.27010	0.01426	0.00633	0.00198	0.00316	0.18328	0.00462	0.00422
99	0.01125	0.00960	0.01026	0.00947	0.01201	0.01085	0.00743	0.02279	0.62508	0.01946	0.02430	0.02542	0.10525	0.00808	0.00533	0.00175	0.00384	0.07569	0.00498	0.00716
100	0.00607	0.00488	0.00537	0.00562	0.00688	0.00423	0.00405	0.00730	0.01104	0.01374	0.10719	0.23234	0.52405	0.03617	0.00656	0.00184	0.00266	0.01117	0.00466	0.00418
101	0.00712	0.00534	0.00801	0.00801	0.00890	0.00623	0.00623	0.00890	0.00801	0.01157	0.01335	0.01958	0.01246	0.03738	0.80507	0.00801	0.01335	0.00534	0.00267	0.00445
102	0.01034	0.00886	0.01034	0.00738	0.01181	0.00664	0.00591	0.01255	0.01034	0.01624	0.00886	0.01034	0.00738	0.00369	0.00369	0.00074	0.00369	0.00295	0.00295	0.85530
103	0.00858	0.00661	0.00736	0.00661	0.00850	0.00633	0.00511	0.14102	0.01446	0.01898	0.31731	0.03778	0.38140	0.01058	0.00573	0.00161	0.00297	0.00892	0.00501	0.00513
104	0.00706	0.00496	0.00641	0.00652	0.00692	0.00520	0.00438	0.00789	0.00817	0.01126	0.06157	0.11873	0.01961	0.42061	0.28354	0.00539	0.00732	0.00750	0.00323	0.00372
105	0.00589	0.00505	0.00505	0.00505	0.00673	0.00421	0.00379	0.00715	0.01136	0.01347	0.05049	0.04797	0.79171	0.01262	0.00589	0.00168	0.00252	0.01052	0.00463	0.00421
106	0.02236	0.00848	0.01157	0.00887	0.01272	0.00733	0.00733	0.02429	0.01427	0.79719	0.01966	0.01697	0.01234	0.00617	0.00501	0.00154	0.00424	0.00501	0.00617	0.00848
107	0.01034	0.00886	0.01034	0.00738	0.01181	0.00664	0.00591	0.01255	0.01034	0.01624	0.00886	0.01034	0.00738	0.00369	0.00369	0.00074	0.00369	0.00295	0.00295	0.85530
108	0.00605	0.00443	0.00569	0.00670	0.00717	0.00407	0.00452	0.00697	0.00977	0.01282	0.03038	0.72382	0.12884	0.01524	0.00630	0.00198	0.00285	0.01371	0.00463	0.00407
109	0.00725	0.00483	0.00544	0.00544	0.00544	0.00483	0.00302	0.00725	0.00725	0.00966	0.01571	0.03262	0.01812	0.82483	0.02537	0.00483	0.00483	0.00725	0.00302	0.00302
110	0.01333	0.82783	0.02612	0.00853	0.01279	0.01972	0.00853	0.01493	0.01013	0.01173	0.00693	0.00800	0.00640	0.00426	0.00320	0.00107	0.00533	0.00267	0.00213	0.00640
111	0.01234	0.01181	0.01994	0.02994	0.76863	0.01186	0.01506	0.01566	0.03621	0.01643	0.00973	0.01254	0.00813	0.00452	0.00494	0.00149	0.00586	0.00448	0.00255	0.00790
112	0.00716	0.00517	0.00715	0.00715	0.00774	0.00576	0.00515	0.00835	0.00776	0.01093	0.01414	0.02395	0.01436	0.30146	0.54359	0.00694	0.01049	0.00598	0.00279	0.00397
113	0.01160	0.01060	0.01313	0.28063	0.06583	0.03878	0.01038	0.02100	0.45359	0.01757	0.01539	0.01613	0.01162	0.00598	0.00501	0.00165	0.00514	0.00508	0.00388	0.00703
114	0.01076	0.00938	0.01254	0.00897	0.01346	0.00734	0.09396	0.01319	0.01058	0.03303	0.00923	0.01083	0.00751	0.00380	0.00397	0.00086	0.00424	0.00333	0.00297	0.74002
115	0.00607	0.00434	0.00578	0.00694	0.00723	0.00405	0.00463	0.00694	0.00954	0.01272	0.02747	0.82157	0.03297	0.01562	0.00636	0.00202	0.00289	0.01417	0.00463	0.00405
116	0.01023	0.07071	0.66365	0.01309	0.01994	0.01149	0.01641	0.01537	0.01048	0.01560	0.00882	0.01035	0.00644	0.00459	0.00453	0.00145	0.00683	0.00354	0.00220	0.10427
117	0.01186	0.30177	0.26447	0.01552	0.15329	0.01430	0.10172	0.01533	0.01085	0.02618	0.03511	0.01130	0.00823	0.00466	0.00441	0.00139	0.00631	0.00391	0.00240	0.00697
118	0.86003	0.00964	0.00733	0.00655	0.00964	0.01118	0.00540	0.01465	0.00848	0.02236	0.00694	0.00810	0.00540	0.00463	0.00308	0.00154	0.00386	0.00270	0.00308	0.00540
119	0.01241	0.05695	0.28921	0.01139	0.04883	0.01027	0.01133	0.10230	0.01241	0.08785	0.03596	0.01204	0.00886	0.00482	0.00442	0.00127	0.00537	0.00382	0.00320	0.27730
120	0.00607	0.00434	0.00578	0.00694	0.00723	0.00405	0.00463	0.00694	0.00954	0.01272	0.02747	0.82157	0.03297	0.01562	0.00636	0.00202	0.00289	0.01417	0.00463	0.00405
121	0.01019	0.00965	0.01635	0.60589	0.23524	0.01128	0.01423	0.01341	0.01033	0.01367	0.00900	0.01304	0.00698	0.00484	0.00497	0.00161	0.00645	0.00443	0.00228	0.00616
122	0.01359	0.01250	0.01996	0.03700	0.25790	0.01294	0.22367	0.18661	0.14643	0.02026	0.01200	0.01365	0.00916	0.00513	0.00523	0.00158	0.00619	0.00506	0.00348	0.00765
123	0.01793	0.01347	0.01486	0.10308	0.01755	0.03223	0.00993	0.65608	0.02148	0.04602	0.01169	0.01216	0.00831	0.00585	0.00498	0.00151	0.00567	0.00446	0.00464	0.00808
124	0.00589	0.00505	0.00505	0.00505	0.00673	0.00421	0.00379	0.00715	0.01136	0.01347	0.05049	0.04797	0.79171	0.01262	0.00589	0.00168	0.00252	0.01052	0.00463	0.00421
125	0.01043	0.02134	0.54910	0.01485	0.02058	0.01235	0.11805	0.01539	0.02574	0.01528	0.00892	0.01114	0.00670	0.00537	0.00684	0.00170	0.14289	0.00413	0.00223	0.00697
126	0.04024	0.33656	0.18225	0.01403	0.09389	0.04809	0.12939	0.02767	0.04004	0.03155	0.00895	0.01048	0.00717	0.00458	0.00429	0.00137	0.00631	0.00376	0.00251	0.00687
127	0.00607	0.00434	0.00578	0.00694	0.00723	0.00405	0.00463	0.00694	0.00954	0.01272	0.02747	0.82157	0.03297	0.01562	0.00636	0.00202	0.00289	0.01417	0.00463	0.00405
128	0.02236	0.00848	0.01157	0.00887	0.01272	0.00733	0.00733	0.02429	0.01427	0.79719	0.01966	0.01697	0.01234	0.00617	0.00501	0.00154	0.00424	0.00501	0.00617	0.00848
129	0.01932	0.01143	0.04256	0.01014	0.01349	0.08987	0.00853	0.10112	0.01431	0.49085	0.04188	0.01538	0.01161	0.00642	0.00627	0.00159	0.09770	0.00479	0.00505	0.00769
130	0.01655	0.01452	0.10434	0.04608	0.04300	0.01413	0.01076	0.56978	0.04579	0.02717	0.01238	0.01424	0.00934	0.00615	0.00505	0.00156	0.00567	0.04106	0.00444	0.00800
131	0.00620	0.00453	0.00583	0.00663	0.00720	0.00416	0.00454	0.00732	0.01042	0.01387	0.14144	0.61876	0.12178	0.01448	0.00624	0.00192	0.00277	0.01300	0.00475	0.00416
132	0.01337	0.01364	0.01900	0.02699	0.63803	0.13186	0.01416	0.02806	0.02360	0.01590	0.00928	0.01189	0.00777	0.00468	0.00508	0.00147	0.02087	0.00427	0.00256	0.00754
133	0.00725	0.00483	0.00544	0.00544	0.00544	0.00483	0.00302	0.00725	0.00725	0.00966	0.01571	0.03262	0.01812	0.82483	0.02537	0.00483	0.00483	0.00725	0.00302	0.00302
134	0.01034	0.00886	0.01034	0.00738	0.01181	0.00664	0.00591	0.01255	0.01034	0.01624	0.00886	0.01034	0.00738	0.00369	0.00369	0.00074	0.00369	0.00295	0.00295	0.85530
135	0.00610	0.00436	0.00581	0.00692	0.00724	0.00407	0.00463	0.00701	0.00967	0.01293	0.04913	0.79932	0.03337	0.01546	0.00635	0.00201	0.00288	0.01402	0.00465	0.00407
136	0.29727	0.01038	0.01126	0.01182	0.12482	0.01160	0.00809	0.02076	0.36474	0.06880	0.01419	0.01407	0.01069	0.00567	0.00438	0.00160	0.00422	0.00444	0.00410	0.00709
137	0.01284	0.01380	0.02293	0.02502	0.42073	0.10280	0.29593	0.01607	0.01182	0.01570	0.00945	0.01236	0.00760	0.00443	0.00523	0.00153	0.00719	0.00483	0.00250	0.00722
138	0.00605	0.00442	0.00570	0.00672	0.00717	0.00407	0.00453	0.00696	0.00975	0.01281	0.03011	0.73311	0.11973	0.01527	0.00631	0.00199	0.00285	0.01375	0.00463	0.00407
139	0.00715	0.00507	0.00671	0.00674	0.00718	0.00550	0.00464	0.00805	0.00769	0.01069	0.01489	0.04861	0.01577	0.41606	0.40685	0.00631	0.00895	0.00651	0.00289	0.00375
140	0.00703	0.00509	0.00663	0.00624	0.00743	0.00469	0.00468	0.00936	0.01405	0.01984	0.77472	0.03747	0.06351	0.01024	0.00588	0.00157	0.00236	0.00905	0.00547	0.00469
141	0.00705	0.00510	0.00666	0.00627	0.00745	0.00470	0.00470	0.00941	0.01411	0.01999	0.79110	0.03723	0.04703	0.01019	0.00588	0.00157	0.00235	0.00901	0.00549	0.00470
142	0.01049	0.14328	0.68577	0.01337	0.02029	0.01277	0.01697	0.01566	0.01047	0.01519	0.00865	0.01015	0.00633	0.00467	0.00451	0.00150	0.00707	0.00353	0.00211	0.00722
143	0.86003	0.00964	0.00733	0.00655	0.00964	0.01118	0.00540	0.01465	0.00848	0.02236	0.00694	0.00810	0.00540	0.00463	0.00308	0.00154	0.00386	0.00270	0.00308	0.00540
144	0.01895	0.01396	0.01496	0.01147	0.01546	0.01546	0.00947	0.77711	0.02344	0.03141	0.01197	0.01197	0.00848	0.00598	0.00499	0.00150	0.00548	0.00449	0.00499	0.00848
