[name]
unknown

[dist]
# distance from previous block
# <min> <max>
0	102

[block]
# block no. 0 follows, 50 sequences, length 29
# corresponding to MSA columns:
# 117-145
name=unknown_A
#
# <colnr> <probs for GDERKNQSTAVLIFYWHMCP>
#	G	D	E	R	K	N	Q	S	T	A	V	L	I	F	Y	W	H	M	C	P
0	0.00803	0.00574	0.00803	0.00918	0.01033	0.00574	0.00803	0.01033	0.01147	0.01492	0.02639	0.05622	0.02869	0.01377	0.00688	0.00229	0.00459	0.76018	0.00459	0.00459
1	0.00941	0.00886	0.01495	0.81285	0.03433	0.01107	0.01384	0.01274	0.00997	0.01274	0.00886	0.01329	0.00664	0.00498	0.00498	0.00166	0.00664	0.00443	0.00221	0.00554
2	0.00612	0.00438	0.00583	0.00691	0.00724	0.00408	0.00463	0.00707	0.00978	0.01310	0.06740	0.78056	0.03370	0.01533	0.00634	0.00200	0.00286	0.01390	0.00467	0.00408
3	0.01862	0.02376	0.01413	0.01284	0.01541	0.80482	0.00963	0.01990	0.01413	0.01220	0.00770	0.00899	0.00642	0.00514	0.00449	0.00128	0.00899	0.00321	0.00257	0.00578
4	0.00611	0.00439	0.00574	0.00679	0.00713	0.00409	0.00452	0.00696	0.00953	0.01263	0.02804	0.75382	0.06691	0.04884	0.00712	0.00212	0.00296	0.01372	0.00456	0.00401
5	0.01221	0.01172	0.02001	0.06327	0.76201	0.01181	0.01524	0.01519	0.01129	0.01614	0.00935	0.01238	0.00784	0.00446	0.00494	0.00149	0.00595	0.00444	0.00246	0.00780
6	0.01481	0.00875	0.00965	0.00819	0.01037	0.07664	0.00619	0.08934	0.01266	0.29765	0.08882	0.02231	0.01635	0.23989	0.07358	0.00295	0.00548	0.00584	0.00451	0.00603
7	0.00684	0.00485	0.00624	0.00647	0.00716	0.00458	0.00454	0.00830	0.01131	0.01560	0.37468	0.27749	0.03645	0.16192	0.00967	0.00235	0.00309	0.04954	0.00472	0.00419
8	0.00613	0.00438	0.00585	0.00700	0.00732	0.00410	0.00472	0.00704	0.00960	0.01279	0.02744	0.80014	0.03285	0.01556	0.00638	0.00203	0.00294	0.03506	0.00463	0.00406
9	0.00705	0.00529	0.00625	0.00658	0.00748	0.00510	0.00458	0.04147	0.03736	0.01372	0.05068	0.39399	0.22239	0.13004	0.04212	0.00254	0.00365	0.01103	0.00437	0.00430
10	0.01340	0.00810	0.00937	0.00804	0.01033	0.00818	0.00623	0.23701	0.01488	0.16363	0.06779	0.17263	0.07576	0.06064	0.00647	0.00179	0.00389	0.00734	0.11829	0.00623
11	0.00607	0.00434	0.00578	0.00694	0.00723	0.00405	0.00463	0.00694	0.00954	0.01272	0.02747	0.82157	0.03297	0.01562	0.00636	0.00202	0.00289	0.01417	0.00463	0.00405
12	0.00915	0.00674	0.00692	0.00652	0.00841	0.00695	0.00499	0.03156	0.23240	0.01764	0.02990	0.02924	0.29969	0.00859	0.00486	0.00151	0.00293	0.00708	0.27942	0.00550
13	0.01001	0.00563	0.00738	0.00684	0.00834	0.00512	0.00509	0.01180	0.01274	0.17818	0.41461	0.17996	0.05759	0.06513	0.00710	0.00187	0.00301	0.00908	0.00528	0.00523
14	0.01503	0.00801	0.00977	0.00838	0.01093	0.00787	0.00657	0.05062	0.16722	0.34081	0.02138	0.02564	0.06613	0.15803	0.00900	0.00225	0.00426	0.07629	0.00507	0.00672
15	0.00750	0.00519	0.00681	0.00635	0.00760	0.00478	0.00478	0.00984	0.01411	0.04256	0.76870	0.03664	0.04602	0.01007	0.00585	0.00157	0.00241	0.00890	0.00551	0.00481
16	0.01139	0.00650	0.00837	0.00764	0.00951	0.00617	0.00601	0.01429	0.07335	0.20400	0.31302	0.03330	0.02916	0.09819	0.00787	0.00204	0.00362	0.13995	0.00515	0.02050
17	0.00714	0.00504	0.00617	0.00640	0.00719	0.00487	0.00445	0.00917	0.05132	0.01547	0.26730	0.31149	0.06641	0.13784	0.00884	0.00221	0.00302	0.01011	0.07121	0.00435
18	0.00723	0.00610	0.00639	0.00613	0.00796	0.00577	0.00465	0.01098	0.15398	0.01561	0.13400	0.04127	0.55929	0.01125	0.00574	0.00167	0.00277	0.00944	0.00481	0.00494
19	0.16809	0.01028	0.01029	0.00927	0.01209	0.01184	0.00726	0.02351	0.61003	0.02082	0.01908	0.01788	0.04542	0.00661	0.00474	0.00166	0.00387	0.00530	0.00469	0.00728
20	0.00856	0.00521	0.00642	0.00644	0.00723	0.00498	0.00437	0.02617	0.01027	0.08212	0.13555	0.29659	0.02629	0.27512	0.01207	0.00274	0.00357	0.00938	0.07257	0.00434
21	0.24280	0.00817	0.00908	0.00781	0.01057	0.00833	0.00635	0.04892	0.06440	0.26738	0.15828	0.02135	0.01818	0.00711	0.00474	0.00160	0.00377	0.06440	0.04032	0.00645
22	0.00667	0.00493	0.00620	0.00661	0.00741	0.00465	0.00463	0.00855	0.04301	0.01528	0.26797	0.43220	0.11239	0.04705	0.00690	0.00195	0.00281	0.01155	0.00485	0.00438
23	0.00774	0.00493	0.00740	0.00740	0.00793	0.00547	0.00547	0.00793	0.00740	0.01040	0.01146	0.01780	0.01093	0.02931	0.48893	0.34885	0.00972	0.00493	0.00247	0.00353
24	0.01221	0.00742	0.00974	0.00920	0.01113	0.00772	0.00764	0.07291	0.06406	0.18398	0.02026	0.03369	0.01900	0.04801	0.12099	0.00295	0.04119	0.31746	0.00455	0.00590
25	0.01167	0.01241	0.01298	0.40515	0.02279	0.23407	0.01054	0.01372	0.01054	0.01199	0.00970	0.01553	0.00869	0.15602	0.00907	0.00216	0.04077	0.00460	0.00246	0.00514
26	0.00892	0.00468	0.00479	0.00479	0.00574	0.00468	0.00340	0.01081	0.00986	0.01694	0.01616	0.02117	0.01376	0.15650	0.00751	0.00184	0.00278	0.00512	0.69620	0.00435
27	0.31879	0.07872	0.01069	0.00762	0.01099	0.00967	0.00634	0.04378	0.01168	0.24044	0.10305	0.01443	0.01269	0.00562	0.00411	0.00141	0.00395	0.00419	0.00421	0.10763
28	0.04778	0.19525	0.12146	0.00886	0.01246	0.01067	0.00838	0.03703	0.05278	0.21881	0.18035	0.01869	0.01765	0.04209	0.00556	0.00160	0.00454	0.00518	0.00420	0.00665

[dist]
# distance from previous block
# <min> <max>
3	11

[block]
# block no. 1 follows, 50 sequences, length 7
# corresponding to MSA columns:
# 157-163
name=unknown_B
#
# <colnr> <probs for GDERKNQSTAVLIFYWHMCP>
#	G	D	E	R	K	N	Q	S	T	A	V	L	I	F	Y	W	H	M	C	P
0	0.00765	0.00482	0.00694	0.08042	0.00925	0.00491	0.00521	0.00741	0.00826	0.01101	0.04974	0.29662	0.01933	0.08134	0.01350	0.37485	0.00400	0.00819	0.00324	0.00331
1	0.07523	0.36168	0.01790	0.08238	0.01462	0.07929	0.00831	0.07370	0.01133	0.01514	0.00818	0.00974	0.00691	0.00548	0.02891	0.00135	0.00556	0.00316	0.00266	0.18846
2	0.01098	0.01011	0.01590	0.41091	0.08340	0.01163	0.08234	0.10396	0.01169	0.01566	0.01163	0.01476	0.05427	0.00580	0.00630	0.00164	0.09454	0.00486	0.00277	0.04686
3	0.01294	0.01143	0.01531	0.29602	0.05772	0.08450	0.05718	0.06688	0.05796	0.09214	0.01039	0.01290	0.00795	0.00585	0.00702	0.00166	0.15408	0.00447	0.00305	0.04057
4	0.02930	0.01113	0.08487	0.04462	0.01435	0.04209	0.08146	0.10439	0.01175	0.08624	0.03320	0.11269	0.05933	0.06252	0.04830	0.00227	0.15572	0.00632	0.00353	0.00593
5	0.10175	0.12629	0.03988	0.16752	0.06494	0.07202	0.00959	0.06131	0.06249	0.06931	0.01218	0.01414	0.03986	0.00948	0.10334	0.00230	0.02992	0.00436	0.00311	0.00621
6	0.06446	0.11048	0.03741	0.04343	0.02826	0.01160	0.11420	0.17128	0.01335	0.11424	0.02768	0.05957	0.05466	0.03123	0.04541	0.00196	0.03826	0.00542	0.00374	0.02339

[dist]
# distance from previous block
# <min> <max>
3	31

[block]
# block no. 2 follows, 50 sequences, length 19
# corresponding to MSA columns:
# 196-214
name=unknown_C
#
# <colnr> <probs for GDERKNQSTAVLIFYWHMCP>
#	G	D	E	R	K	N	Q	S	T	A	V	L	I	F	Y	W	H	M	C	P
0	0.00929	0.00691	0.00820	0.00804	0.00966	0.00695	0.00587	0.04147	0.20342	0.05160	0.02292	0.47510	0.02418	0.01145	0.00567	0.00177	0.00339	0.01016	0.00466	0.08929
1	0.01099	0.01615	0.25424	0.01691	0.04640	0.01191	0.36317	0.01632	0.08751	0.01644	0.05834	0.01437	0.01032	0.00522	0.00597	0.00166	0.04911	0.00527	0.00281	0.00688
2	0.09639	0.37586	0.27890	0.01078	0.01574	0.11913	0.01164	0.01584	0.01062	0.01418	0.00770	0.00897	0.00627	0.00457	0.00387	0.00131	0.00634	0.00308	0.00227	0.00654
3	0.00601	0.00505	0.00521	0.00517	0.00680	0.00426	0.00388	0.00738	0.01163	0.01411	0.12351	0.04691	0.71830	0.01238	0.00589	0.00167	0.00251	0.01037	0.00471	0.00426
4	0.01157	0.36989	0.41987	0.01275	0.06413	0.01510	0.01398	0.01539	0.01040	0.01407	0.00810	0.00955	0.00644	0.00452	0.00409	0.00135	0.00640	0.00329	0.00214	0.00698
5	0.00929	0.00465	0.00465	0.00465	0.00581	0.00465	0.00348	0.01161	0.01045	0.01858	0.01626	0.01858	0.01278	0.00581	0.00348	0.00116	0.00232	0.00465	0.85250	0.00465
6	0.01024	0.00695	0.00813	0.00724	0.00908	0.00684	0.00554	0.16721	0.01389	0.06602	0.21017	0.09656	0.23858	0.01115	0.00747	0.11353	0.00347	0.00807	0.00468	0.00519
7	0.00589	0.00505	0.00505	0.00505	0.00673	0.00421	0.00379	0.00715	0.01136	0.01347	0.05049	0.04797	0.79171	0.01262	0.00589	0.00168	0.00252	0.01052	0.00463	0.00421
8	0.01862	0.02376	0.01413	0.01284	0.01541	0.80482	0.00963	0.01990	0.01413	0.01220	0.00770	0.00899	0.00642	0.00514	0.00449	0.00128	0.00899	0.00321	0.00257	0.00578
9	0.01176	0.01345	0.02941	0.02101	0.02605	0.01261	0.77563	0.01597	0.01176	0.01597	0.01008	0.01345	0.00756	0.00420	0.00588	0.00168	0.00840	0.00588	0.00252	0.00672
10	0.01000	0.02578	0.79900	0.01421	0.02157	0.01158	0.01842	0.01579	0.01052	0.01579	0.00895	0.01052	0.00631	0.00474	0.00474	0.00158	0.00737	0.00368	0.00210	0.00737
11	0.00712	0.00534	0.00801	0.00801	0.00890	0.00623	0.00623	0.00890	0.00801	0.01157	0.01335	0.01958	0.01246	0.03738	0.80507	0.00801	0.01335	0.00534	0.00267	0.00445
12	0.01799	0.01239	0.01340	0.01069	0.01433	0.03403	0.00869	0.43231	0.20668	0.17295	0.01533	0.01445	0.01079	0.00619	0.00500	0.00155	0.00497	0.00483	0.00517	0.00826
13	0.00634	0.00507	0.00567	0.00552	0.00701	0.00440	0.00414	0.00802	0.01242	0.01599	0.33669	0.04382	0.50394	0.01168	0.00589	0.00164	0.00246	0.00994	0.00496	0.00440
14	0.26274	0.01092	0.01206	0.02901	0.01277	0.03774	0.00834	0.11052	0.01075	0.04696	0.00823	0.01036	0.00677	0.00621	0.00828	0.00165	0.29255	0.00369	0.00306	0.11738
15	0.00929	0.00465	0.00465	0.00465	0.00581	0.00465	0.00348	0.01161	0.01045	0.01858	0.01626	0.01858	0.01278	0.00581	0.00348	0.00116	0.00232	0.00465	0.85250	0.00465
16	0.01094	0.01025	0.01728	0.28779	0.46476	0.01099	0.01410	0.01396	0.01090	0.01497	0.01088	0.01698	0.00953	0.00554	0.00514	0.00162	0.00603	0.07894	0.00259	0.00679
17	0.01051	0.01031	0.01797	0.45737	0.19880	0.01187	0.10977	0.01363	0.01026	0.01385	0.00889	0.01285	0.00703	0.00515	0.00627	0.00168	0.09070	0.00461	0.00231	0.00620
18	0.01286	0.43145	0.30378	0.01096	0.01631	0.01622	0.01222	0.11518	0.01202	0.01577	0.00832	0.00943	0.00664	0.00466	0.00399	0.00131	0.00609	0.00327	0.00250	0.00702

[dist]
# distance from previous block
# <min> <max>
0	2

[block]
# block no. 3 follows, 50 sequences, length 24
# corresponding to MSA columns:
# 217-240
name=unknown_D
#
# <colnr> <probs for GDERKNQSTAVLIFYWHMCP>
#	G	D	E	R	K	N	Q	S	T	A	V	L	I	F	Y	W	H	M	C	P
0	0.35245	0.06181	0.04049	0.00901	0.01243	0.18634	0.00755	0.01863	0.01156	0.24059	0.01082	0.01091	0.00770	0.00516	0.00402	0.00146	0.00532	0.00351	0.00376	0.00650
1	0.01402	0.19847	0.15473	0.04841	0.01632	0.30286	0.01137	0.01622	0.01116	0.01271	0.00758	0.00961	0.00643	0.00556	0.00658	0.00148	0.16462	0.00345	0.00230	0.00612
2	0.01018	0.06911	0.75725	0.01390	0.02110	0.01202	0.01788	0.01574	0.01050	0.01557	0.00884	0.01039	0.00632	0.00471	0.00465	0.00155	0.00726	0.00363	0.00211	0.00731
3	0.00692	0.00509	0.00648	0.00613	0.00737	0.00465	0.00460	0.00915	0.01380	0.01925	0.70783	0.03844	0.13077	0.01046	0.00588	0.00158	0.00237	0.00918	0.00539	0.00465
4	0.00712	0.00534	0.00801	0.00801	0.00890	0.00623	0.00623	0.00890	0.00801	0.01157	0.01335	0.01958	0.01246	0.03738	0.80507	0.00801	0.01335	0.00534	0.00267	0.00445
5	0.00670	0.00482	0.00635	0.00651	0.00737	0.00447	0.00468	0.00852	0.01247	0.01738	0.51730	0.31846	0.04199	0.01214	0.00605	0.00173	0.00255	0.01086	0.00518	0.00447
6	0.01034	0.00886	0.01034	0.00738	0.01181	0.00664	0.00591	0.01255	0.01034	0.01624	0.00886	0.01034	0.00738	0.00369	0.00369	0.00074	0.00369	0.00295	0.00295	0.85530
7	0.00725	0.00483	0.00544	0.00544	0.00544	0.00483	0.00302	0.00725	0.00725	0.00966	0.01571	0.03262	0.01812	0.82483	0.02537	0.00483	0.00483	0.00725	0.00302	0.00302
8	0.01862	0.01380	0.01478	0.01140	0.01533	0.01531	0.00940	0.73995	0.06113	0.03089	0.01238	0.01230	0.00881	0.00602	0.00499	0.00151	0.00541	0.00454	0.00499	0.00845
9	0.00725	0.00483	0.00544	0.00544	0.00544	0.00483	0.00302	0.00725	0.00725	0.00966	0.01571	0.03262	0.01812	0.82483	0.02537	0.00483	0.00483	0.00725	0.00302	0.00302
10	0.00605	0.00442	0.00570	0.00673	0.00717	0.00407	0.00453	0.00696	0.00975	0.01281	0.03003	0.73554	0.11734	0.01528	0.00631	0.00199	0.00285	0.01376	0.00463	0.00407
11	0.01082	0.01067	0.01810	0.52090	0.08997	0.03434	0.15872	0.04833	0.01108	0.01444	0.00918	0.01300	0.00699	0.00494	0.00544	0.00165	0.02824	0.00467	0.00243	0.00608
12	0.01454	0.05914	0.01855	0.01929	0.28245	0.20852	0.09371	0.10621	0.05156	0.01664	0.00952	0.01155	0.00774	0.00523	0.00579	0.00150	0.07390	0.00425	0.00288	0.00703
13	0.00712	0.00534	0.00801	0.00801	0.00890	0.00623	0.00623	0.00890	0.00801	0.01157	0.01335	0.01958	0.01246	0.03738	0.80507	0.00801	0.01335	0.00534	0.00267	0.00445
14	0.00725	0.00483	0.00544	0.00544	0.00544	0.00483	0.00302	0.00725	0.00725	0.00966	0.01571	0.03262	0.01812	0.82483	0.02537	0.00483	0.00483	0.00725	0.00302	0.00302
15	0.01259	0.64976	0.19771	0.00979	0.01474	0.01791	0.01072	0.01512	0.01022	0.01263	0.00738	0.00856	0.00638	0.00437	0.00354	0.00118	0.00578	0.00289	0.00213	0.00661
16	0.00672	0.00508	0.00620	0.00592	0.00724	0.00456	0.00444	0.00876	0.01332	0.01811	0.57792	0.04032	0.26139	0.01089	0.00588	0.00160	0.00240	0.00945	0.00524	0.00456
17	0.01422	0.01183	0.01196	0.01014	0.01267	0.11724	0.00804	0.37142	0.01604	0.02088	0.01207	0.01529	0.01009	0.06085	0.27982	0.00388	0.00861	0.00476	0.00376	0.00644
18	0.86003	0.00964	0.00733	0.00655	0.00964	0.01118	0.00540	0.01465	0.00848	0.02236	0.00694	0.00810	0.00540	0.00463	0.00308	0.00154	0.00386	0.00270	0.00308	0.00540
19	0.04773	0.01118	0.01288	0.01003	0.01378	0.01158	0.00824	0.38441	0.06596	0.33214	0.03964	0.01501	0.01151	0.00619	0.00497	0.00153	0.00475	0.00485	0.00541	0.00822
20	0.00687	0.00495	0.00662	0.00731	0.00812	0.00469	0.00556	0.00855	0.01137	0.01533	0.23637	0.37419	0.05875	0.01354	0.00636	0.00196	0.00320	0.21702	0.00485	0.00438
21	0.01659	0.01577	0.01317	0.01115	0.01412	0.28380	0.00873	0.35070	0.08031	0.02193	0.06969	0.06575	0.01275	0.00669	0.00498	0.00148	0.00616	0.00510	0.00418	0.00694
22	0.01379	0.01120	0.01135	0.00980	0.01257	0.07695	0.00769	0.16551	0.37906	0.07222	0.16450	0.01998	0.01908	0.00709	0.00516	0.00159	0.00437	0.00582	0.00500	0.00726
23	0.04069	0.00892	0.00932	0.00794	0.01050	0.04932	0.00620	0.12248	0.12506	0.01994	0.27312	0.02540	0.12504	0.00788	0.00510	0.00144	0.00367	0.00655	0.00459	0.14683

[dist]
# distance from previous block
# <min> <max>
0	20

[block]
# block no. 4 follows, 50 sequences, length 104
# corresponding to MSA columns:
# 261-364
name=unknown_E
#
# <colnr> <probs for GDERKNQSTAVLIFYWHMCP>
#	G	D	E	R	K	N	Q	S	T	A	V	L	I	F	Y	W	H	M	C	P
0	0.04251	0.30497	0.01897	0.01122	0.04041	0.11160	0.05735	0.18831	0.02729	0.08419	0.03014	0.01193	0.02218	0.00537	0.00457	0.00136	0.02329	0.00399	0.00342	0.00693
1	0.32895	0.07088	0.20173	0.00894	0.01304	0.01042	0.00905	0.01551	0.02634	0.11107	0.07943	0.01470	0.02979	0.00572	0.00419	0.00151	0.00471	0.02233	0.00346	0.03825
2	0.01250	0.00986	0.05724	0.00966	0.01276	0.00890	0.07258	0.19047	0.03790	0.11256	0.28223	0.04612	0.05051	0.00760	0.00534	0.00152	0.00427	0.00660	0.00476	0.06663
3	0.01587	0.00977	0.01361	0.18312	0.06573	0.00976	0.03450	0.10745	0.06336	0.30496	0.01401	0.01436	0.00972	0.00541	0.00484	0.00146	0.00504	0.00457	0.00431	0.12816
4	0.01084	0.01048	0.01796	0.39593	0.34260	0.01175	0.05831	0.01392	0.01048	0.01432	0.00899	0.01276	0.00720	0.00496	0.00575	0.00162	0.05870	0.00451	0.00233	0.00656
5	0.00725	0.00483	0.00544	0.00544	0.00544	0.00483	0.00302	0.00725	0.00725	0.00966	0.01571	0.03262	0.01812	0.82483	0.02537	0.00483	0.00483	0.00725	0.00302	0.00302
6	0.01485	0.31793	0.04327	0.00984	0.01302	0.25041	0.00846	0.01645	0.01183	0.11574	0.01223	0.12675	0.01143	0.00661	0.00440	0.00137	0.00599	0.02007	0.00320	0.00615
7	0.00866	0.00433	0.00649	0.00649	0.00649	0.00433	0.00433	0.00649	0.00649	0.00866	0.00866	0.01515	0.00866	0.01732	0.01948	0.85498	0.00433	0.00433	0.00216	0.00216
8	0.01184	0.00916	0.01033	0.00968	0.01190	0.03739	0.00799	0.17555	0.18019	0.03694	0.10192	0.03433	0.02235	0.00978	0.00587	0.00187	0.00455	0.31726	0.00483	0.00625
9	0.01091	0.01091	0.01527	0.01309	0.01309	0.01527	0.01091	0.01200	0.00763	0.01200	0.00654	0.01091	0.00654	0.00872	0.01636	0.00218	0.81570	0.00436	0.00218	0.00545
10	0.01895	0.01396	0.01496	0.01147	0.01546	0.01546	0.00947	0.77711	0.02344	0.03141	0.01197	0.01197	0.00848	0.00598	0.00499	0.00150	0.00548	0.00449	0.00499	0.00848
11	0.01229	0.01242	0.01094	0.01015	0.01224	0.22488	0.00780	0.01872	0.31192	0.01535	0.01452	0.01633	0.01190	0.01674	0.27698	0.00373	0.00851	0.00488	0.00358	0.00615
12	0.30707	0.00915	0.01029	0.00821	0.01181	0.00904	0.00678	0.05843	0.01276	0.49563	0.01495	0.01370	0.00979	0.00564	0.00436	0.00154	0.00417	0.00420	0.00506	0.00743
13	0.01234	0.01184	0.02023	0.03059	0.79373	0.01184	0.01530	0.01530	0.01135	0.01628	0.00938	0.01234	0.00790	0.00444	0.00493	0.00148	0.00592	0.00444	0.00247	0.00790
14	0.00680	0.00509	0.00631	0.00600	0.00729	0.00459	0.00450	0.00891	0.01351	0.01856	0.62892	0.03958	0.21011	0.01072	0.00588	0.00159	0.00239	0.00934	0.00530	0.00459
15	0.01862	0.02376	0.01413	0.01284	0.01541	0.80482	0.00963	0.01990	0.01413	0.01220	0.00770	0.00899	0.00642	0.00514	0.00449	0.00128	0.00899	0.00321	0.00257	0.00578
16	0.00732	0.00559	0.00689	0.00730	0.00810	0.03646	0.00526	0.00870	0.01023	0.03046	0.14158	0.41967	0.06073	0.01943	0.20418	0.00338	0.00566	0.01040	0.00423	0.00442
17	0.01034	0.00886	0.01034	0.00738	0.01181	0.00664	0.00591	0.01255	0.01034	0.01624	0.00886	0.01034	0.00738	0.00369	0.00369	0.00074	0.00369	0.00295	0.00295	0.85530
18	0.01167	0.01117	0.01904	0.20766	0.62184	0.01167	0.01497	0.01472	0.01104	0.01548	0.00926	0.01255	0.00761	0.00456	0.00495	0.00152	0.00609	0.00444	0.00241	0.00736
19	0.72874	0.01039	0.03462	0.00726	0.01059	0.01125	0.00621	0.06449	0.00985	0.06755	0.00807	0.00894	0.00603	0.00481	0.00337	0.00154	0.00410	0.00298	0.00335	0.00584
20	0.03188	0.01014	0.01604	0.02193	0.50105	0.00982	0.01181	0.01614	0.01197	0.18357	0.03259	0.01792	0.10125	0.00589	0.00504	0.00152	0.00505	0.00533	0.00359	0.00747
21	0.00712	0.00534	0.00801	0.00801	0.00890	0.00623	0.00623	0.00890	0.00801	0.01157	0.01335	0.01958	0.01246	0.03738	0.80507	0.00801	0.01335	0.00534	0.00267	0.00445
22	0.01356	0.76691	0.04072	0.00888	0.01311	0.06357	0.00879	0.01522	0.01036	0.01183	0.00701	0.00810	0.00640	0.00432	0.00330	0.00109	0.00558	0.00272	0.00216	0.00638
23	0.01526	0.00975	0.01148	0.00879	0.01276	0.00893	0.00710	0.12717	0.12554	0.23942	0.01401	0.01364	0.01007	0.00516	0.00445	0.00121	0.00414	0.00414	0.00446	0.37252
24	0.01002	0.00950	0.01597	0.63695	0.17949	0.01136	0.01403	0.01320	0.01016	0.01339	0.00888	0.01303	0.00688	0.00500	0.00534	0.00164	0.03248	0.00443	0.00226	0.00599
25	0.86003	0.00964	0.00733	0.00655	0.00964	0.01118	0.00540	0.01465	0.00848	0.02236	0.00694	0.00810	0.00540	0.00463	0.00308	0.00154	0.00386	0.00270	0.00308	0.00540
26	0.00685	0.00552	0.00708	0.11218	0.01071	0.00531	0.00556	0.00881	0.01218	0.01603	0.35174	0.09926	0.31884	0.01084	0.00580	0.00166	0.00302	0.00937	0.00467	0.00458
27	0.00724	0.00486	0.00557	0.00557	0.00562	0.00491	0.00319	0.00734	0.00729	0.00977	0.01558	0.03193	0.01782	0.78326	0.06653	0.00500	0.00528	0.00715	0.00300	0.00310
28	0.00992	0.00610	0.00850	0.00914	0.01064	0.00595	0.00794	0.01217	0.01184	0.11802	0.02550	0.05105	0.02653	0.01277	0.00664	0.00220	0.00454	0.66065	0.00480	0.00510
29	0.00712	0.00534	0.00801	0.00801	0.00890	0.00623	0.00623	0.00890	0.00801	0.01157	0.01335	0.01958	0.01246	0.03738	0.80507	0.00801	0.01335	0.00534	0.00267	0.00445
30	0.00725	0.00483	0.00544	0.00544	0.00544	0.00483	0.00302	0.00725	0.00725	0.00966	0.01571	0.03262	0.01812	0.82483	0.02537	0.00483	0.00483	0.00725	0.00302	0.00302
31	0.01000	0.02578	0.79900	0.01421	0.02157	0.01158	0.01842	0.01579	0.01052	0.01579	0.00895	0.01052	0.00631	0.00474	0.00474	0.00158	0.00737	0.00368	0.00210	0.00737
32	0.01862	0.02376	0.01413	0.01284	0.01541	0.80482	0.00963	0.01990	0.01413	0.01220	0.00770	0.00899	0.00642	0.00514	0.00449	0.00128	0.00899	0.00321	0.00257	0.00578
33	0.00712	0.00534	0.00801	0.00801	0.00890	0.00623	0.00623	0.00890	0.00801	0.01157	0.01335	0.01958	0.01246	0.03738	0.80507	0.00801	0.01335	0.00534	0.00267	0.00445
34	0.01862	0.02376	0.01413	0.01284	0.01541	0.80482	0.00963	0.01990	0.01413	0.01220	0.00770	0.00899	0.00642	0.00514	0.00449	0.00128	0.00899	0.00321	0.00257	0.00578
35	0.00705	0.00510	0.00666	0.00627	0.00745	0.00470	0.00470	0.00941	0.01411	0.01999	0.79110	0.03723	0.04703	0.01019	0.00588	0.00157	0.00235	0.00901	0.00549	0.00470
36	0.01000	0.02578	0.79900	0.01421	0.02157	0.01158	0.01842	0.01579	0.01052	0.01579	0.00895	0.01052	0.00631	0.00474	0.00474	0.00158	0.00737	0.00368	0.00210	0.00737
37	0.00811	0.00546	0.00719	0.00712	0.00848	0.00510	0.00569	0.01033	0.01316	0.06300	0.47285	0.04221	0.10327	0.01115	0.00611	0.00178	0.00309	0.21585	0.00521	0.00485
38	0.00941	0.00886	0.01495	0.81285	0.03433	0.01107	0.01384	0.01274	0.00997	0.01274	0.00886	0.01329	0.00664	0.00498	0.00498	0.00166	0.00664	0.00443	0.00221	0.00554
39	0.01323	0.80456	0.04854	0.00869	0.01305	0.01949	0.00882	0.01495	0.01014	0.01184	0.00699	0.00807	0.00639	0.00428	0.00324	0.00108	0.00539	0.00269	0.00213	0.00642
40	0.00941	0.00886	0.01495	0.81285	0.03433	0.01107	0.01384	0.01274	0.00997	0.01274	0.00886	0.01329	0.00664	0.00498	0.00498	0.00166	0.00664	0.00443	0.00221	0.00554
41	0.00705	0.00510	0.00666	0.00627	0.00745	0.00470	0.00470	0.00941	0.01411	0.01999	0.79110	0.03723	0.04703	0.01019	0.00588	0.00157	0.00235	0.00901	0.00549	0.00470
42	0.01234	0.01184	0.02023	0.03059	0.79373	0.01184	0.01530	0.01530	0.01135	0.01628	0.00938	0.01234	0.00790	0.00444	0.00493	0.00148	0.00592	0.00444	0.00247	0.00790
43	0.00929	0.00465	0.00465	0.00465	0.00581	0.00465	0.00348	0.01161	0.01045	0.01858	0.01626	0.01858	0.01278	0.00581	0.00348	0.00116	0.00232	0.00465	0.85250	0.00465
44	0.00589	0.00505	0.00505	0.00505	0.00673	0.00421	0.00379	0.00715	0.01136	0.01347	0.05049	0.04797	0.79171	0.01262	0.00589	0.00168	0.00252	0.01052	0.00463	0.00421
45	0.01895	0.01396	0.01496	0.01147	0.01546	0.01546	0.00947	0.77711	0.02344	0.03141	0.01197	0.01197	0.00848	0.00598	0.00499	0.00150	0.00548	0.00449	0.00499	0.00848
46	0.02236	0.00848	0.01157	0.00887	0.01272	0.00733	0.00733	0.02429	0.01427	0.79719	0.01966	0.01697	0.01234	0.00617	0.00501	0.00154	0.00424	0.00501	0.00617	0.00848
47	0.01716	0.00797	0.01002	0.00808	0.01124	0.00720	0.00653	0.09311	0.01430	0.48887	0.04368	0.05336	0.20008	0.00813	0.00529	0.00159	0.00386	0.00670	0.00561	0.00721
48	0.01185	0.27892	0.50313	0.01206	0.01822	0.01388	0.01457	0.01606	0.01064	0.06497	0.00900	0.01014	0.00673	0.00468	0.00427	0.00141	0.00652	0.00345	0.00238	0.00713
49	0.86003	0.00964	0.00733	0.00655	0.00964	0.01118	0.00540	0.01465	0.00848	0.02236	0.00694	0.00810	0.00540	0.00463	0.00308	0.00154	0.00386	0.00270	0.00308	0.00540
50	0.00705	0.00510	0.00666	0.00627	0.00745	0.00470	0.00470	0.00941	0.01411	0.01999	0.79110	0.03723	0.04703	0.01019	0.00588	0.00157	0.00235	0.00901	0.00549	0.00470
51	0.01034	0.00886	0.01034	0.00738	0.01181	0.00664	0.00591	0.01255	0.01034	0.01624	0.00886	0.01034	0.00738	0.00369	0.00369	0.00074	0.00369	0.00295	0.00295	0.85530
52	0.00628	0.00506	0.00559	0.00546	0.00697	0.00437	0.00410	0.00791	0.01229	0.01566	0.30007	0.04435	0.54077	0.01180	0.00589	0.00164	0.00247	0.01001	0.00492	0.00437
53	0.01872	0.01385	0.01483	0.01142	0.01537	0.01535	0.00942	0.75057	0.05036	0.03104	0.01226	0.01220	0.00872	0.00601	0.00499	0.00150	0.00543	0.00453	0.00499	0.00846
54	0.01200	0.01036	0.01089	0.00983	0.01258	0.01190	0.00764	0.02530	0.73731	0.02040	0.02214	0.02040	0.06283	0.00712	0.00512	0.00169	0.00386	0.00593	0.00504	0.00766
55	0.01176	0.01345	0.02941	0.02101	0.02605	0.01261	0.77563	0.01597	0.01176	0.01597	0.01008	0.01345	0.00756	0.00420	0.00588	0.00168	0.00840	0.00588	0.00252	0.00672
56	0.00866	0.00433	0.00649	0.00649	0.00649	0.00433	0.00433	0.00649	0.00649	0.00866	0.00866	0.01515	0.00866	0.01732	0.01948	0.85498	0.00433	0.00433	0.00216	0.00216
57	0.01005	0.02539	0.77430	0.01443	0.02172	0.01161	0.04272	0.01579	0.01056	0.01579	0.00898	0.01062	0.00635	0.00472	0.00477	0.00158	0.00740	0.00375	0.00212	0.00735
58	0.01492	0.01245	0.01815	0.02336	0.50286	0.01292	0.01305	0.27468	0.01556	0.04762	0.01060	0.01237	0.00824	0.00502	0.00495	0.00149	0.00572	0.00448	0.00345	0.00811
59	0.01192	0.01164	0.02098	0.30375	0.11780	0.01240	0.29800	0.11515	0.01254	0.01681	0.00974	0.01302	0.00738	0.00483	0.00553	0.00164	0.02253	0.00498	0.00272	0.00664
60	0.86003	0.00964	0.00733	0.00655	0.00964	0.01118	0.00540	0.01465	0.00848	0.02236	0.00694	0.00810	0.00540	0.00463	0.00308	0.00154	0.00386	0.00270	0.00308	0.00540
61	0.00712	0.00534	0.00801	0.00801	0.00890	0.00623	0.00623	0.00890	0.00801	0.01157	0.01335	0.01958	0.01246	0.03738	0.80507	0.00801	0.01335	0.00534	0.00267	0.00445
62	0.00732	0.00485	0.00555	0.00555	0.00564	0.00490	0.00321	0.00750	0.00741	0.01009	0.01560	0.03140	0.01762	0.75251	0.06695	0.00487	0.00520	0.00705	0.03363	0.00316
63	0.00712	0.00534	0.00801	0.00801	0.00890	0.00623	0.00623	0.00890	0.00801	0.01157	0.01335	0.01958	0.01246	0.03738	0.80507	0.00801	0.01335	0.00534	0.00267	0.00445
64	0.01443	0.00873	0.01075	0.00789	0.01212	0.00688	0.00639	0.01654	0.01167	0.28182	0.01253	0.01259	0.00907	0.00453	0.00414	0.00101	0.00388	0.00365	0.00405	0.56731
65	0.01240	0.01071	0.01127	0.01014	0.01296	0.01240	0.00789	0.02649	0.78473	0.02085	0.02029	0.01860	0.01522	0.00676	0.00507	0.00169	0.00394	0.00564	0.00507	0.00789
66	0.01176	0.01345	0.02941	0.02101	0.02605	0.01261	0.77563	0.01597	0.01176	0.01597	0.01008	0.01345	0.00756	0.00420	0.00588	0.00168	0.00840	0.00588	0.00252	0.00672
67	0.00593	0.00505	0.00510	0.00509	0.00676	0.00422	0.00382	0.00723	0.01145	0.01368	0.07479	0.04762	0.76728	0.01254	0.00589	0.00168	0.00252	0.01047	0.00466	0.00422
68	0.02236	0.00848	0.01157	0.00887	0.01272	0.00733	0.00733	0.02429	0.01427	0.79719	0.01966	0.01697	0.01234	0.00617	0.00501	0.00154	0.00424	0.00501	0.00617	0.00848
69	0.01176	0.01345	0.02941	0.02101	0.02605	0.01261	0.77563	0.01597	0.01176	0.01597	0.01008	0.01345	0.00756	0.00420	0.00588	0.00168	0.00840	0.00588	0.00252	0.00672
70	0.00725	0.00483	0.00544	0.00544	0.00544	0.00483	0.00302	0.00725	0.00725	0.00966	0.01571	0.03262	0.01812	0.82483	0.02537	0.00483	0.00483	0.00725	0.00302	0.00302
71	0.33534	0.00891	0.00998	0.00800	0.01157	0.00877	0.00661	0.02069	0.01211	0.50769	0.01491	0.01365	0.00975	0.00559	0.00429	0.00154	0.00410	0.00415	0.00502	0.00733
72	0.00607	0.00434	0.00578	0.00694	0.00723	0.00405	0.00463	0.00694	0.00954	0.01272	0.02747	0.82157	0.03297	0.01562	0.00636	0.00202	0.00289	0.01417	0.00463	0.00405
73	0.01982	0.01256	0.01409	0.01080	0.01476	0.01338	0.00893	0.58500	0.02110	0.22683	0.01393	0.01324	0.00946	0.00603	0.00499	0.00151	0.00517	0.00462	0.00529	0.00848
74	0.01091	0.01091	0.01527	0.01309	0.01309	0.01527	0.01091	0.01200	0.00763	0.01200	0.00654	0.01091	0.00654	0.00872	0.01636	0.00218	0.81570	0.00436	0.00218	0.00545
75	0.00712	0.00534	0.00801	0.00801	0.00890	0.00623	0.00623	0.00890	0.00801	0.01157	0.01335	0.01958	0.01246	0.03738	0.80507	0.00801	0.01335	0.00534	0.00267	0.00445
76	0.01895	0.01396	0.01496	0.01147	0.01546	0.01546	0.00947	0.77711	0.02344	0.03141	0.01197	0.01197	0.00848	0.00598	0.00499	0.00150	0.00548	0.00449	0.00499	0.00848
77	0.01234	0.01184	0.02023	0.03059	0.79373	0.01184	0.01530	0.01530	0.01135	0.01628	0.00938	0.01234	0.00790	0.00444	0.00493	0.00148	0.00592	0.00444	0.00247	0.00790
78	0.01801	0.02274	0.01422	0.01286	0.01523	0.74252	0.00973	0.01928	0.01361	0.01218	0.00761	0.00914	0.00643	0.00542	0.00543	0.00135	0.07264	0.00330	0.00254	0.00575
79	0.00606	0.00437	0.00575	0.00685	0.00721	0.00406	0.00459	0.00695	0.00963	0.01276	0.02854	0.78573	0.06813	0.01548	0.00634	0.00201	0.00287	0.01400	0.00463	0.00406
80	0.01363	0.01054	0.01139	0.01004	0.01300	0.01192	0.00787	0.04419	0.68340	0.10488	0.02002	0.01826	0.01474	0.00668	0.00506	0.00167	0.00401	0.00554	0.00519	0.00797
81	0.01032	0.10432	0.72332	0.01365	0.02071	0.01237	0.01745	0.01570	0.01048	0.01539	0.00875	0.01028	0.00632	0.00469	0.00459	0.00153	0.00717	0.00358	0.00211	0.00727
82	0.01080	0.00909	0.01139	0.00815	0.01260	0.00698	0.04680	0.01311	0.01054	0.04129	0.00927	0.01071	0.00755	0.00380	0.00385	0.00081	0.00396	0.00317	0.00303	0.78309
83	0.01314	0.01757	0.41443	0.01143	0.01711	0.00975	0.01279	0.01799	0.06815	0.19986	0.01228	0.01260	0.00857	0.00503	0.00464	0.00143	0.00572	0.00401	0.00343	0.16008
84	0.01072	0.00885	0.01038	0.00743	0.01184	0.00667	0.00595	0.01292	0.01046	0.04113	0.00920	0.01055	0.00754	0.00377	0.00373	0.00076	0.00371	0.00302	0.00306	0.82831
85	0.01004	0.00942	0.01550	0.64496	0.14561	0.01127	0.01367	0.01400	0.06021	0.01379	0.00967	0.01349	0.00738	0.00502	0.00498	0.00164	0.00636	0.00451	0.00244	0.00604
86	0.00793	0.00700	0.00930	0.29263	0.01700	0.03231	0.00780	0.01025	0.01170	0.01507	0.23960	0.03088	0.26645	0.00887	0.00548	0.00162	0.00414	0.00760	0.01949	0.00488
87	0.01149	0.01137	0.01735	0.29854	0.37619	0.05793	0.01385	0.01421	0.01051	0.01422	0.00870	0.01227	0.00719	0.00527	0.00652	0.00163	0.11945	0.00435	0.00235	0.00661
88	0.00775	0.00608	0.00717	0.00696	0.00854	0.00596	0.00542	0.01171	0.13830	0.01773	0.36885	0.03956	0.23602	0.01075	0.00588	0.00171	0.00295	0.10850	0.00507	0.00508
89	0.00635	0.00461	0.00594	0.00656	0.00718	0.00426	0.00452	0.00760	0.01079	0.01455	0.22503	0.52927	0.09934	0.04112	0.00684	0.00197	0.00279	0.01231	0.00479	0.00420
90	0.01000	0.02578	0.79900	0.01421	0.02157	0.01158	0.01842	0.01579	0.01052	0.01579	0.00895	0.01052	0.00631	0.00474	0.00474	0.00158	0.00737	0.00368	0.00210	0.00737
91	0.01419	0.69677	0.02416	0.00923	0.01322	0.14769	0.00871	0.01574	0.01078	0.01180	0.00706	0.00816	0.00640	0.00441	0.00341	0.00110	0.00593	0.00275	0.00220	0.00630
92	0.38592	0.00870	0.00930	0.00764	0.01093	0.00878	0.00626	0.01883	0.01173	0.39364	0.07970	0.01483	0.01226	0.00584	0.00425	0.00154	0.00391	0.00435	0.00477	0.00682
93	0.01263	0.66062	0.18725	0.00971	0.01462	0.01802	0.01059	0.01510	0.01021	0.01257	0.00735	0.00852	0.00638	0.00436	0.00352	0.00117	0.00575	0.00288	0.00213	0.00660
94	0.21166	0.03143	0.03875	0.19896	0.04907	0.02773	0.00943	0.16962	0.09017	0.04511	0.02473	0.03720	0.03422	0.00591	0.00457	0.00158	0.00511	0.00463	0.00360	0.00651
95	0.01329	0.03318	0.21504	0.01150	0.01501	0.35409	0.01071	0.04022	0.01275	0.01473	0.11208	0.01543	0.03809	0.00904	0.08154	0.00206	0.00774	0.00456	0.00298	0.00597
96	0.01058	0.01077	0.02093	0.06434	0.12281	0.01052	0.40398	0.01443	0.05144	0.01554	0.01456	0.12184	0.01365	0.00698	0.00584	0.00177	0.00660	0.09403	0.00314	0.00628
97	0.01617	0.00911	0.01067	0.02757	0.01248	0.06969	0.00773	0.08832	0.01389	0.36470	0.03324	0.04086	0.04080	0.00927	0.02885	0.00190	0.00499	0.19306	0.01992	0.00678
98	0.04039	0.17968	0.16516	0.01117	0.04006	0.12706	0.01019	0.04234	0.16806	0.05343	0.04814	0.01331	0.01068	0.00652	0.03130	0.00163	0.00596	0.00417	0.00331	0.03744
99	0.00866	0.00433	0.00649	0.00649	0.00649	0.00433	0.00433	0.00649	0.00649	0.00866	0.00866	0.01515	0.00866	0.01732	0.01948	0.85498	0.00433	0.00433	0.00216	0.00216
100	0.01143	0.01023	0.01130	0.05864	0.01315	0.09112	0.04420	0.17524	0.06800	0.01804	0.08627	0.09823	0.18336	0.01018	0.04457	0.00196	0.05701	0.00712	0.00410	0.00586
101	0.00919	0.00753	0.00841	0.00785	0.00977	0.00800	0.00598	0.01649	0.35553	0.01893	0.28877	0.08122	0.14341	0.00938	0.00555	0.00167	0.00312	0.00807	0.00512	0.00600
102	0.01034	0.00886	0.01034	0.00738	0.01181	0.00664	0.00591	0.01255	0.01034	0.01624	0.00886	0.01034	0.00738	0.00369	0.00369	0.00074	0.00369	0.00295	0.00295	0.85530
103	0.01296	0.01186	0.01882	0.08833	0.62963	0.03824	0.01429	0.04800	0.01198	0.04961	0.01011	0.01321	0.00831	0.00480	0.00496	0.00150	0.00597	0.01703	0.00275	0.00764

[dist]
# distance from previous block
# <min> <max>
0	1

[block]
# block no. 5 follows, 50 sequences, length 11
# corresponding to MSA columns:
# 366-376
name=unknown_F
#
# <colnr> <probs for GDERKNQSTAVLIFYWHMCP>
#	G	D	E	R	K	N	Q	S	T	A	V	L	I	F	Y	W	H	M	C	P
0	0.31028	0.01420	0.04929	0.00956	0.01269	0.20689	0.00787	0.09137	0.14729	0.03608	0.02895	0.01312	0.04150	0.00575	0.00426	0.00151	0.00539	0.00407	0.00362	0.00632
1	0.01895	0.01396	0.01496	0.01147	0.01546	0.01546	0.00947	0.77711	0.02344	0.03141	0.01197	0.01197	0.00848	0.00598	0.00499	0.00150	0.00548	0.00449	0.00499	0.00848
2	0.01838	0.01786	0.01412	0.01186	0.01511	0.36982	0.00932	0.34011	0.08481	0.05387	0.01109	0.01141	0.00830	0.00568	0.00477	0.00142	0.00688	0.00403	0.00396	0.00721
3	0.00699	0.00508	0.00667	0.00760	0.00844	0.00487	0.00594	0.00850	0.01051	0.01362	0.02929	0.33216	0.12904	0.06250	0.00766	0.00227	0.00372	0.34636	0.00452	0.00425
4	0.01662	0.01589	0.01345	0.01144	0.01460	0.25850	0.00898	0.28814	0.27902	0.02189	0.01347	0.01330	0.01013	0.00599	0.00486	0.00150	0.00605	0.00448	0.00427	0.00744
5	0.00941	0.00886	0.01495	0.81285	0.03433	0.01107	0.01384	0.01274	0.00997	0.01274	0.00886	0.01329	0.00664	0.00498	0.00498	0.00166	0.00664	0.00443	0.00221	0.00554
6	0.01161	0.01097	0.05664	0.00930	0.02995	0.08509	0.00746	0.08451	0.25195	0.06173	0.02846	0.02714	0.29772	0.00848	0.00528	0.00161	0.00431	0.00691	0.00449	0.00639
7	0.00723	0.00474	0.00609	0.00618	0.00690	0.00455	0.00435	0.00712	0.00863	0.01106	0.02536	0.09111	0.27734	0.06395	0.12060	0.33574	0.00485	0.00750	0.00331	0.00336
8	0.01255	0.24105	0.01647	0.01025	0.01223	0.01388	0.00886	0.04924	0.01059	0.09888	0.07497	0.05104	0.01273	0.00771	0.00914	0.00171	0.32108	0.03839	0.00322	0.00603
9	0.01035	0.00963	0.01436	0.26215	0.08917	0.01076	0.05211	0.01412	0.09213	0.01498	0.04866	0.03425	0.01048	0.00601	0.00686	0.00157	0.14676	0.00481	0.00291	0.16792
10	0.03456	0.12315	0.06104	0.07868	0.30221	0.09788	0.01156	0.03962	0.03215	0.03191	0.06312	0.03246	0.02779	0.00587	0.00480	0.00149	0.00573	0.03624	0.00301	0.00671

[dist]
# distance from previous block
# <min> <max>
5	15

[block]
# block no. 6 follows, 50 sequences, length 11
# corresponding to MSA columns:
# 392-402
name=unknown_G
#
# <colnr> <probs for GDERKNQSTAVLIFYWHMCP>
#	G	D	E	R	K	N	Q	S	T	A	V	L	I	F	Y	W	H	M	C	P
0	0.01155	0.00986	0.01054	0.00972	0.01220	0.01128	0.00745	0.02388	0.68126	0.01977	0.02125	0.12578	0.01758	0.00794	0.00524	0.00174	0.00380	0.00677	0.00501	0.00738
1	0.20449	0.00865	0.00984	0.02734	0.01172	0.00876	0.00671	0.08066	0.05972	0.33467	0.01964	0.01891	0.11455	0.00891	0.06184	0.00203	0.00472	0.00524	0.00477	0.00683
2	0.01120	0.01032	0.01110	0.01258	0.18556	0.12989	0.00782	0.03080	0.01190	0.03332	0.03803	0.02194	0.20654	0.00687	0.00473	0.00134	0.00455	0.00567	0.11678	0.14907
3	0.33076	0.10570	0.01473	0.01034	0.01366	0.01407	0.07684	0.24814	0.01345	0.02214	0.00872	0.01008	0.00678	0.00543	0.00546	0.00156	0.09843	0.00372	0.00340	0.00658
4	0.00709	0.00503	0.00632	0.00632	0.00678	0.00528	0.00423	0.00783	0.00786	0.01066	0.01773	0.02923	0.07986	0.47655	0.30233	0.00571	0.00769	0.00684	0.00303	0.00363
5	0.12577	0.49378	0.20839	0.00974	0.01458	0.01646	0.01052	0.04565	0.01054	0.01491	0.00762	0.00877	0.00633	0.00449	0.00362	0.00127	0.00563	0.00299	0.00237	0.00658
6	0.15959	0.01468	0.01286	0.01069	0.01403	0.17594	0.00854	0.36356	0.15068	0.02412	0.01169	0.01185	0.00870	0.00572	0.00458	0.00149	0.00566	0.00412	0.00418	0.00730
7	0.08071	0.00907	0.01139	0.00888	0.01252	0.00851	0.00730	0.12310	0.01507	0.58805	0.06893	0.01701	0.01363	0.00630	0.00493	0.00154	0.00425	0.00504	0.00575	0.00801
8	0.00636	0.00507	0.00569	0.00554	0.00702	0.00441	0.00415	0.00805	0.01246	0.01607	0.34678	0.04367	0.49380	0.01165	0.00589	0.00164	0.00246	0.00992	0.00497	0.00441
9	0.01259	0.00971	0.01081	0.03632	0.01236	0.04938	0.00750	0.17523	0.19724	0.07317	0.13401	0.04483	0.01779	0.04477	0.12933	0.00272	0.02535	0.00596	0.00444	0.00648
10	0.00755	0.00574	0.00679	0.00715	0.00828	0.00559	0.00519	0.07176	0.05494	0.01503	0.03143	0.47575	0.21744	0.01348	0.00609	0.00189	0.00317	0.05335	0.00468	0.00470

[dist]
# distance from previous block
# <min> <max>
0	1

[block]
# block no. 7 follows, 50 sequences, length 20
# corresponding to MSA columns:
# 404-423
name=unknown_H
#
# <colnr> <probs for GDERKNQSTAVLIFYWHMCP>
#	G	D	E	R	K	N	Q	S	T	A	V	L	I	F	Y	W	H	M	C	P
0	0.03589	0.06767	0.20293	0.01184	0.01654	0.14020	0.09770	0.01737	0.04455	0.12603	0.01067	0.01160	0.00791	0.00478	0.00452	0.00133	0.00617	0.00388	0.00313	0.18528
1	0.00708	0.00527	0.00680	0.00735	0.00850	0.00491	0.00582	0.00885	0.01138	0.01500	0.15738	0.23839	0.16792	0.01310	0.00631	0.00195	0.00340	0.29376	0.00470	0.03215
2	0.01548	0.41045	0.01981	0.03672	0.01465	0.36389	0.00916	0.01757	0.04747	0.01239	0.00795	0.00909	0.00682	0.00479	0.00391	0.00121	0.00692	0.00310	0.00246	0.00617
3	0.01121	0.01350	0.09688	0.01683	0.01984	0.01369	0.36217	0.01418	0.00980	0.01418	0.00840	0.01203	0.00699	0.00627	0.01044	0.00189	0.36815	0.00499	0.00233	0.00622
4	0.01114	0.00814	0.00937	0.00840	0.01063	0.00868	0.00650	0.01913	0.38678	0.09685	0.34247	0.02623	0.02823	0.00814	0.00540	0.00162	0.00331	0.00699	0.00535	0.00662
5	0.00657	0.00497	0.00708	0.00749	0.00818	0.00464	0.04379	0.00777	0.01015	0.01358	0.10539	0.60421	0.06713	0.05468	0.00723	0.00209	0.00324	0.03306	0.00453	0.00422
6	0.01288	0.72018	0.12985	0.00929	0.01397	0.01863	0.00986	0.01504	0.01018	0.01227	0.00720	0.00834	0.00639	0.00433	0.00340	0.00113	0.00560	0.00280	0.00213	0.00653
7	0.00607	0.00434	0.00578	0.00694	0.00723	0.00405	0.00463	0.00694	0.00954	0.01272	0.02747	0.82157	0.03297	0.01562	0.00636	0.00202	0.00289	0.01417	0.00463	0.00405
8	0.00667	0.00488	0.00626	0.00633	0.00731	0.00447	0.00459	0.00851	0.01259	0.01735	0.50776	0.25131	0.11962	0.01191	0.00601	0.00170	0.00252	0.01057	0.00517	0.00447
9	0.00627	0.00448	0.00601	0.00717	0.00755	0.00422	0.00498	0.00729	0.00974	0.01295	0.02736	0.74304	0.03253	0.01543	0.00642	0.00205	0.00307	0.09072	0.00462	0.00410
10	0.08409	0.01378	0.01420	0.01108	0.01491	0.03747	0.00910	0.66798	0.05070	0.02976	0.01177	0.01183	0.00843	0.00588	0.00483	0.00150	0.00540	0.00436	0.00477	0.00814
11	0.00792	0.00534	0.00664	0.00617	0.00767	0.00478	0.00468	0.00998	0.01346	0.07651	0.55624	0.03829	0.22263	0.01047	0.00582	0.00159	0.00253	0.00908	0.00533	0.00487
12	0.01364	0.77977	0.02540	0.00879	0.01295	0.06664	0.00859	0.01522	0.01037	0.01176	0.00698	0.00806	0.00640	0.00432	0.00328	0.00108	0.00555	0.00270	0.00216	0.00636
13	0.00636	0.00460	0.00595	0.00666	0.00725	0.00427	0.00461	0.00756	0.01057	0.01419	0.18377	0.55356	0.09208	0.04578	0.00698	0.00202	0.00287	0.03202	0.00474	0.00417
14	0.00653	0.00494	0.00724	0.00773	0.00832	0.00475	0.04531	0.00763	0.00941	0.01265	0.02463	0.66458	0.02892	0.05024	0.08907	0.00273	0.00433	0.01255	0.00425	0.00419
15	0.00624	0.00441	0.00573	0.00672	0.00697	0.00416	0.00440	0.00698	0.00921	0.01229	0.02579	0.70845	0.03084	0.13164	0.00909	0.00243	0.00317	0.01318	0.00440	0.00390
16	0.00871	0.00778	0.01296	0.11460	0.12009	0.00767	0.12691	0.01146	0.01262	0.01741	0.40445	0.02799	0.09068	0.00802	0.00564	0.00159	0.00434	0.00745	0.00413	0.00551
17	0.01187	0.01064	0.01340	0.01172	0.05514	0.01111	0.08662	0.02172	0.49276	0.01909	0.01613	0.01590	0.01231	0.00570	0.00484	0.00147	0.00445	0.00500	0.00420	0.19593
18	0.01862	0.02376	0.01413	0.01284	0.01541	0.80482	0.00963	0.01990	0.01413	0.01220	0.00770	0.00899	0.00642	0.00514	0.00449	0.00128	0.00899	0.00321	0.00257	0.00578
19	0.05450	0.01369	0.01454	0.01122	0.01514	0.01519	0.00926	0.72445	0.04337	0.03074	0.01198	0.01198	0.00853	0.00595	0.00491	0.00150	0.00537	0.00444	0.00491	0.00833

[dist]
# distance from previous block
# <min> <max>
0	1

[block]
# block no. 8 follows, 50 sequences, length 31
# corresponding to MSA columns:
# 425-455
name=unknown_I
#
# <colnr> <probs for GDERKNQSTAVLIFYWHMCP>
#	G	D	E	R	K	N	Q	S	T	A	V	L	I	F	Y	W	H	M	C	P
0	0.01769	0.01334	0.01425	0.01121	0.01498	0.01487	0.00917	0.63350	0.16909	0.02939	0.01356	0.01324	0.00977	0.00613	0.00500	0.00153	0.00519	0.00471	0.00500	0.00836
1	0.00623	0.00451	0.00579	0.00675	0.00719	0.00420	0.00458	0.00714	0.00964	0.01268	0.02886	0.65418	0.10672	0.07330	0.00770	0.00220	0.00307	0.04675	0.00451	0.00401
2	0.00836	0.00580	0.00731	0.00797	0.00925	0.00586	0.00667	0.01145	0.07227	0.01588	0.02585	0.08105	0.08254	0.01169	0.00599	0.00197	0.00387	0.46455	0.16686	0.00481
3	0.00678	0.00508	0.00628	0.00598	0.00728	0.00459	0.00449	0.00888	0.01346	0.01845	0.61689	0.03976	0.22220	0.01076	0.00588	0.00159	0.00239	0.00937	0.00529	0.00459
4	0.01242	0.01051	0.01141	0.01057	0.03630	0.01195	0.00802	0.08144	0.63584	0.02117	0.05216	0.02025	0.03281	0.00708	0.00516	0.00168	0.00404	0.02458	0.00498	0.00764
5	0.00653	0.00482	0.00613	0.00648	0.00738	0.00442	0.00468	0.00813	0.01177	0.01590	0.34257	0.34912	0.15431	0.01286	0.00612	0.00180	0.00269	0.04495	0.00498	0.00436
