[name]
unknown

[dist]
# distance from previous block
# <min> <max>
0	209

[block]
# block no. 0 follows, 38 sequences, length 46
# corresponding to MSA columns:
# 250-295
name=unknown_A
#
# <colnr> <probs for GDERKNQSTAVLIFYWHMCP>
#	G	D	E	R	K	N	Q	S	T	A	V	L	I	F	Y	W	H	M	C	P
0	0.00893	0.00638	0.00882	0.01021	0.01126	0.00627	0.00837	0.01114	0.01310	0.01715	0.03227	0.29930	0.03629	0.01734	0.00811	0.00266	0.00488	0.48666	0.00555	0.00533
1	0.02672	0.01067	0.01423	0.01091	0.01557	0.00948	0.00901	0.07522	0.01794	0.70830	0.02313	0.02008	0.01459	0.00743	0.00605	0.00186	0.00522	0.00601	0.00735	0.01024
2	0.01496	0.01292	0.01360	0.01224	0.01564	0.01496	0.00952	0.03197	0.74019	0.02516	0.02448	0.02244	0.01836	0.00816	0.00612	0.00204	0.00476	0.00680	0.00612	0.00952
3	0.00733	0.00524	0.00698	0.00838	0.00873	0.00489	0.00558	0.00838	0.01152	0.01536	0.03316	0.78466	0.03979	0.01885	0.00768	0.00244	0.00349	0.01710	0.00558	0.00489
4	0.00733	0.00524	0.00698	0.00838	0.00873	0.00489	0.00558	0.00838	0.01152	0.01536	0.03316	0.78466	0.03979	0.01885	0.00768	0.00244	0.00349	0.01710	0.00558	0.00489
5	0.01413	0.00690	0.00814	0.00730	0.00945	0.00653	0.00566	0.01715	0.03080	0.18213	0.18164	0.02698	0.02451	0.00830	0.00529	0.00162	0.00336	0.00690	0.44651	0.00672
6	0.02287	0.01685	0.01805	0.01384	0.01866	0.01866	0.01143	0.73100	0.02828	0.03791	0.01444	0.01444	0.01023	0.00722	0.00602	0.00181	0.00662	0.00542	0.00602	0.01023
7	0.00918	0.00658	0.00867	0.00954	0.01067	0.00655	0.00776	0.01119	0.01248	0.01622	0.03088	0.05806	0.09882	0.18542	0.05874	0.00378	0.00600	0.44939	0.00499	0.00507
8	0.00733	0.00524	0.00698	0.00838	0.00873	0.00489	0.00558	0.00838	0.01152	0.01536	0.03316	0.78466	0.03979	0.01885	0.00768	0.00244	0.00349	0.01710	0.00558	0.00489
9	0.00748	0.00631	0.00652	0.00661	0.00852	0.00550	0.00490	0.00964	0.04562	0.01655	0.05638	0.13346	0.64109	0.01531	0.00713	0.00208	0.00317	0.01290	0.00561	0.00525
10	0.83108	0.01163	0.00884	0.00791	0.01163	0.01350	0.00651	0.01768	0.01024	0.02699	0.00838	0.00977	0.00651	0.00558	0.00372	0.00186	0.00465	0.00326	0.00372	0.00651
11	0.02395	0.01490	0.01412	0.01170	0.01549	0.21785	0.00918	0.02587	0.01645	0.47923	0.01975	0.04419	0.01417	0.05627	0.00746	0.00204	0.00670	0.00598	0.00594	0.00875
12	0.83108	0.01163	0.00884	0.00791	0.01163	0.01350	0.00651	0.01768	0.01024	0.02699	0.00838	0.00977	0.00651	0.00558	0.00372	0.00186	0.00465	0.00326	0.00372	0.00651
13	0.01069	0.00906	0.01170	0.01054	0.01074	0.01130	0.00791	0.01150	0.00945	0.01369	0.01688	0.02829	0.06298	0.36049	0.02309	0.00398	0.34441	0.00733	0.04085	0.00512
14	0.01686	0.06211	0.01591	0.01077	0.01596	0.00983	0.06350	0.01958	0.01391	0.22301	0.01427	0.01480	0.01051	0.00538	0.00506	0.00127	0.00521	0.00450	0.00453	0.48303
15	0.02699	0.01024	0.01396	0.01070	0.01536	0.00884	0.00884	0.02932	0.01722	0.75522	0.02373	0.02048	0.01489	0.00745	0.00605	0.00186	0.00512	0.00605	0.00745	0.01024
16	0.00916	0.00597	0.00759	0.00843	0.00940	0.00583	0.00646	0.01119	0.01267	0.01810	0.07534	0.27494	0.03235	0.07439	0.00883	0.00254	0.00414	0.23804	0.18941	0.00522
17	0.00851	0.00615	0.00804	0.00757	0.00899	0.00568	0.00568	0.01135	0.01703	0.02412	0.74788	0.04494	0.05676	0.01230	0.00710	0.00189	0.00284	0.01088	0.00662	0.00568
18	0.00851	0.00615	0.00804	0.00757	0.00899	0.00568	0.00568	0.01135	0.01703	0.02412	0.74788	0.04494	0.05676	0.01230	0.00710	0.00189	0.00284	0.01088	0.00662	0.00568
19	0.02287	0.01685	0.01805	0.01384	0.01866	0.01866	0.01143	0.73100	0.02828	0.03791	0.01444	0.01444	0.01023	0.00722	0.00602	0.00181	0.00662	0.00542	0.00602	0.01023
20	0.83108	0.01163	0.00884	0.00791	0.01163	0.01350	0.00651	0.01768	0.01024	0.02699	0.00838	0.00977	0.00651	0.00558	0.00372	0.00186	0.00465	0.00326	0.00372	0.00651
21	0.00854	0.00626	0.00865	0.00835	0.00964	0.00636	0.00636	0.01113	0.01429	0.02034	0.47531	0.03700	0.04122	0.02452	0.28930	0.00479	0.00778	0.00923	0.00536	0.00556
22	0.02699	0.01024	0.01396	0.01070	0.01536	0.00884	0.00884	0.02932	0.01722	0.75522	0.02373	0.02048	0.01489	0.00745	0.00605	0.00186	0.00512	0.00605	0.00745	0.01024
23	0.01270	0.01152	0.01639	0.49034	0.03183	0.01396	0.01403	0.02155	0.28325	0.01902	0.01583	0.01842	0.01187	0.00681	0.00605	0.00202	0.00681	0.00589	0.00396	0.00774
24	0.01403	0.01800	0.26114	0.29860	0.02988	0.01342	0.07330	0.01966	0.06060	0.10848	0.01326	0.01583	0.00949	0.00630	0.00645	0.00198	0.03260	0.00537	0.00347	0.00814
25	0.01220	0.05651	0.73320	0.01692	0.02568	0.01430	0.02183	0.01902	0.01268	0.01889	0.01071	0.01260	0.00762	0.00570	0.00565	0.00188	0.00881	0.00440	0.00254	0.00885
26	0.01126	0.00921	0.01031	0.00950	0.01189	0.00980	0.00728	0.02034	0.34363	0.02362	0.33567	0.03637	0.12511	0.01079	0.00666	0.00198	0.00373	0.00926	0.00627	0.00734
27	0.00981	0.00700	0.00850	0.00789	0.00978	0.00661	0.00599	0.01371	0.08541	0.06051	0.50619	0.04407	0.18707	0.01223	0.00695	0.00193	0.00318	0.01060	0.00641	0.00616
28	0.01339	0.06630	0.07035	0.01161	0.01413	0.21874	0.00955	0.01633	0.05924	0.01673	0.07322	0.22809	0.09112	0.01146	0.00713	0.00200	0.04748	0.03230	0.00441	0.00643
29	0.02160	0.02689	0.01617	0.01474	0.01770	0.70591	0.01105	0.02325	0.01671	0.01532	0.01010	0.01174	0.00834	0.00626	0.00533	0.00154	0.01023	0.00401	0.06625	0.00687
30	0.01608	0.79220	0.03152	0.01029	0.01544	0.02380	0.01029	0.01801	0.01222	0.01415	0.00836	0.00965	0.00772	0.00515	0.00386	0.00129	0.00643	0.00322	0.00257	0.00772
31	0.01367	0.01538	0.03330	0.02405	0.02969	0.01442	0.67340	0.01843	0.01399	0.01897	0.01379	0.07549	0.01149	0.00613	0.00714	0.00206	0.00963	0.00787	0.00324	0.00786
32	0.01124	0.01098	0.01839	0.33184	0.05178	0.03551	0.15441	0.01445	0.01255	0.01628	0.01880	0.20847	0.05057	0.00954	0.00703	0.00211	0.02696	0.00890	0.00363	0.00655
33	0.03863	0.04870	0.07402	0.29638	0.02642	0.15552	0.01334	0.02156	0.01452	0.23244	0.01410	0.01567	0.00990	0.00640	0.00574	0.00183	0.00763	0.00506	0.00416	0.00799
34	0.00872	0.00676	0.00801	0.00764	0.00939	0.00639	0.00574	0.01251	0.08604	0.02180	0.46745	0.06781	0.24346	0.01290	0.00702	0.00196	0.00310	0.01117	0.00626	0.00586
35	0.03229	0.01024	0.01266	0.01161	0.08346	0.00886	0.00812	0.04942	0.03511	0.04172	0.11731	0.06866	0.01839	0.00702	0.00532	0.00136	0.00450	0.00596	0.03108	0.44690
36	0.00958	0.00610	0.00801	0.00801	0.00916	0.00673	0.00611	0.01187	0.01072	0.01701	0.01755	0.02391	0.01549	0.06501	0.44780	0.00641	0.01068	0.00624	0.30821	0.00538
37	0.01247	0.01069	0.01247	0.00891	0.01426	0.00802	0.00713	0.01515	0.01247	0.01960	0.01069	0.01247	0.00891	0.00446	0.00446	0.00089	0.00446	0.00356	0.00356	0.82536
38	0.00957	0.00695	0.00933	0.00906	0.01007	0.00777	0.00668	0.05729	0.01062	0.01488	0.01681	0.02750	0.01666	0.25361	0.50680	0.00807	0.01258	0.00703	0.00353	0.00520
39	0.01123	0.01164	0.06908	0.01005	0.01383	0.05715	0.04095	0.01410	0.01419	0.01988	0.22117	0.07643	0.09462	0.00884	0.00593	0.00155	0.00483	0.00760	0.00460	0.31231
40	0.00936	0.00853	0.03268	0.00770	0.01096	0.00648	0.00613	0.01138	0.01282	0.01731	0.03655	0.09472	0.36132	0.04665	0.00720	0.00181	0.00392	0.00919	0.00465	0.31066
41	0.01050	0.01247	0.15133	0.03777	0.07238	0.00907	0.02776	0.01474	0.05010	0.02055	0.27529	0.08444	0.04800	0.01187	0.05597	0.00236	0.00580	0.00825	0.03137	0.06998
42	0.01527	0.06997	0.45728	0.01679	0.06575	0.06277	0.04105	0.02082	0.03149	0.12124	0.03326	0.01486	0.01044	0.00615	0.00574	0.00184	0.00802	0.00494	0.00350	0.00882
43	0.01232	0.12385	0.13906	0.01169	0.06235	0.01050	0.01004	0.01532	0.01424	0.09173	0.25894	0.06429	0.07364	0.07655	0.00827	0.00217	0.00518	0.00807	0.00483	0.00697
44	0.01229	0.06904	0.53099	0.01758	0.07943	0.01400	0.04233	0.01801	0.01305	0.01910	0.08096	0.01591	0.01253	0.00648	0.00645	0.00190	0.04332	0.00518	0.00299	0.00844
45	0.01680	0.11217	0.25302	0.01264	0.01816	0.03490	0.01308	0.06358	0.08228	0.19915	0.06213	0.02054	0.07057	0.00752	0.00581	0.00182	0.00641	0.00596	0.00476	0.00868

[dist]
# distance from previous block
# <min> <max>
2	13

[block]
# block no. 1 follows, 38 sequences, length 37
# corresponding to MSA columns:
# 309-345
name=unknown_B
#
# <colnr> <probs for GDERKNQSTAVLIFYWHMCP>
#	G	D	E	R	K	N	Q	S	T	A	V	L	I	F	Y	W	H	M	C	P
0	0.01224	0.04151	0.16163	0.01586	0.10165	0.01091	0.11697	0.01652	0.02954	0.04176	0.24915	0.02414	0.02451	0.00761	0.00617	0.00175	0.00603	0.00694	0.00434	0.12079
1	0.03533	0.03765	0.16042	0.01705	0.13928	0.06071	0.07999	0.06537	0.01563	0.02188	0.24240	0.02334	0.02372	0.00772	0.00616	0.00180	0.00641	0.00679	0.00429	0.04405
2	0.01365	0.02051	0.33735	0.01307	0.01928	0.06738	0.01408	0.01855	0.03603	0.06724	0.08879	0.01666	0.01393	0.00626	0.00551	0.00159	0.00675	0.00499	0.00373	0.24463
3	0.05379	0.02044	0.33295	0.01957	0.17057	0.01312	0.06064	0.02116	0.07093	0.12987	0.03938	0.01627	0.01168	0.00628	0.00588	0.00189	0.00732	0.00539	0.00387	0.00900
4	0.01482	0.01319	0.07704	0.01339	0.03855	0.01067	0.10926	0.04764	0.09050	0.11370	0.01610	0.08128	0.01330	0.00678	0.00568	0.00157	0.00580	0.00606	0.00442	0.33023
5	0.27096	0.10842	0.01650	0.01288	0.08034	0.08303	0.04307	0.05329	0.01314	0.02170	0.00987	0.01162	0.00804	0.00530	0.00458	0.00148	0.00596	0.00387	0.00350	0.24243
6	0.01774	0.01795	0.02049	0.01597	0.02038	0.23025	0.19656	0.11911	0.01670	0.05643	0.03164	0.03595	0.01119	0.00639	0.00623	0.00166	0.02575	0.00556	0.00394	0.16010
7	0.01427	0.01359	0.02308	0.10090	0.65308	0.01380	0.01770	0.01785	0.01371	0.01948	0.04606	0.01641	0.01163	0.00575	0.00601	0.00181	0.00702	0.00562	0.00312	0.00909
8	0.00861	0.00639	0.00939	0.00939	0.01037	0.00737	0.00718	0.01057	0.00959	0.01376	0.01637	0.02503	0.01564	0.11104	0.69965	0.00933	0.01520	0.00665	0.00326	0.00522
9	0.01548	0.01552	0.02551	0.11996	0.36388	0.06335	0.20354	0.08184	0.01514	0.02033	0.01161	0.01508	0.00919	0.00558	0.00623	0.00186	0.00823	0.00572	0.00324	0.00871
10	0.00733	0.00524	0.00698	0.00838	0.00873	0.00489	0.00558	0.00838	0.01152	0.01536	0.03316	0.78466	0.03979	0.01885	0.00768	0.00244	0.00349	0.01710	0.00558	0.00489
11	0.08470	0.01145	0.01841	0.56898	0.17087	0.01355	0.01613	0.01615	0.01218	0.01720	0.01060	0.01527	0.00817	0.00585	0.00580	0.00195	0.00756	0.00516	0.00282	0.00720
12	0.19411	0.13544	0.06800	0.01329	0.01848	0.01411	0.15377	0.05044	0.01389	0.16126	0.01278	0.01382	0.00936	0.00570	0.00519	0.00168	0.00645	0.00476	0.00412	0.11335
13	0.01077	0.00866	0.01154	0.01155	0.06016	0.00777	0.02632	0.05032	0.01328	0.01865	0.02315	0.32272	0.02522	0.01225	0.00658	0.00194	0.00469	0.12367	0.00475	0.25601
14	0.01247	0.01069	0.01247	0.00891	0.01426	0.00802	0.00713	0.01515	0.01247	0.01960	0.01069	0.01247	0.00891	0.00446	0.00446	0.00089	0.00446	0.00356	0.00356	0.82536
15	0.01566	0.64740	0.02760	0.01021	0.01461	0.07238	0.00960	0.01733	0.01214	0.01390	0.00967	0.01323	0.00939	0.09742	0.00712	0.00184	0.00666	0.00391	0.00274	0.00719
16	0.00733	0.00524	0.00698	0.00838	0.00873	0.00489	0.00558	0.00838	0.01152	0.01536	0.03316	0.78466	0.03979	0.01885	0.00768	0.00244	0.00349	0.01710	0.00558	0.00489
17	0.01320	0.01762	0.21056	0.29406	0.13809	0.02558	0.09433	0.03055	0.03457	0.03053	0.01151	0.01505	0.00871	0.00606	0.00669	0.00197	0.04457	0.00534	0.00297	0.00803
18	0.02287	0.01685	0.01805	0.01384	0.01866	0.01866	0.01143	0.73100	0.02828	0.03791	0.01444	0.01444	0.01023	0.00722	0.00602	0.00181	0.00662	0.00542	0.00602	0.01023
19	0.01339	0.01417	0.02559	0.10677	0.02534	0.01649	0.31599	0.01660	0.01164	0.01660	0.01002	0.01479	0.00843	0.00771	0.01283	0.00231	0.36523	0.00605	0.00281	0.00724
20	0.00792	0.00566	0.00761	0.00838	0.00885	0.00575	0.00573	0.00907	0.01052	0.01430	0.02604	0.44640	0.02996	0.16900	0.21045	0.00497	0.00724	0.01275	0.00460	0.00478
21	0.01009	0.04834	0.39348	0.01295	0.01787	0.01027	0.01431	0.01423	0.01215	0.01721	0.02073	0.35867	0.02205	0.01158	0.00653	0.00212	0.00638	0.01007	0.00391	0.00705
22	0.01172	0.02081	0.39127	0.01385	0.01900	0.07718	0.01517	0.01607	0.01299	0.03040	0.01931	0.22178	0.01947	0.01056	0.00652	0.00212	0.00718	0.09347	0.00384	0.00729
23	0.01714	0.15312	0.21285	0.01634	0.02177	0.28509	0.12108	0.03597	0.04963	0.01740	0.01079	0.01256	0.00848	0.00585	0.00554	0.00170	0.00913	0.00457	0.00306	0.00795
24	0.00872	0.00638	0.00794	0.00859	0.01011	0.00599	0.00701	0.01101	0.01395	0.01832	0.12432	0.10319	0.25620	0.01516	0.00748	0.00233	0.00414	0.32221	0.06156	0.00538
25	0.02030	0.01960	0.34727	0.01359	0.02014	0.01114	0.01484	0.02471	0.01519	0.42518	0.01793	0.01699	0.01163	0.00667	0.00590	0.00188	0.00681	0.00533	0.00525	0.00963
26	0.01274	0.02688	0.56476	0.02113	0.14052	0.01415	0.09753	0.01898	0.01302	0.01917	0.01102	0.01342	0.00808	0.00559	0.00590	0.00190	0.00875	0.00487	0.00266	0.00891
27	0.01065	0.01411	0.20660	0.06200	0.06688	0.00957	0.01193	0.05182	0.01518	0.02104	0.27077	0.05640	0.12865	0.01021	0.00660	0.00196	0.00542	0.03844	0.00479	0.00698
28	0.01320	0.01254	0.01947	0.02411	0.34447	0.01454	0.01449	0.01571	0.01218	0.01783	0.07684	0.04276	0.01508	0.00888	0.01158	0.00219	0.30681	0.03624	0.00336	0.00773
29	0.01150	0.00922	0.01442	0.34607	0.10868	0.01009	0.01210	0.01457	0.01350	0.06810	0.14834	0.13040	0.06960	0.00952	0.00650	0.00201	0.00586	0.00848	0.00432	0.00672
30	0.01617	0.15709	0.02210	0.08331	0.10195	0.01416	0.14365	0.01991	0.05611	0.16785	0.03014	0.09459	0.01449	0.00766	0.00666	0.00190	0.04304	0.00680	0.00430	0.00814
31	0.01671	0.01310	0.02169	0.12208	0.52745	0.01317	0.01646	0.02011	0.01415	0.15604	0.01355	0.01607	0.01034	0.00583	0.00598	0.00183	0.00688	0.00549	0.00377	0.00931
32	0.03252	0.04389	0.31838	0.01246	0.01814	0.01074	0.01351	0.02004	0.01443	0.24773	0.07875	0.05449	0.09240	0.00829	0.00605	0.00190	0.00624	0.00677	0.00486	0.00840
33	0.01773	0.12196	0.17751	0.05204	0.06703	0.15437	0.11237	0.02133	0.01435	0.15118	0.01264	0.01416	0.00934	0.00616	0.00633	0.00180	0.04276	0.00497	0.00365	0.00835
34	0.01670	0.05626	0.44947	0.01574	0.02300	0.01303	0.08057	0.02197	0.01411	0.22977	0.01452	0.01511	0.00984	0.00613	0.00585	0.00188	0.00782	0.00509	0.00399	0.00916
35	0.01195	0.08108	0.39079	0.05271	0.08704	0.01333	0.06628	0.01688	0.01314	0.01846	0.06701	0.02060	0.09850	0.00732	0.00636	0.00189	0.02935	0.00609	0.00326	0.00796
36	0.01300	0.01738	0.21309	0.04060	0.21051	0.02977	0.10053	0.05221	0.04853	0.02008	0.06635	0.10859	0.03667	0.00801	0.00634	0.00195	0.00709	0.00733	0.00379	0.00816

[dist]
# distance from previous block
# <min> <max>
0	2

[block]
# block no. 2 follows, 38 sequences, length 43
# corresponding to MSA columns:
# 348-390
name=unknown_C
#
# <colnr> <probs for GDERKNQSTAVLIFYWHMCP>
#	G	D	E	R	K	N	Q	S	T	A	V	L	I	F	Y	W	H	M	C	P
0	0.01177	0.01430	0.12031	0.36029	0.08262	0.01285	0.16973	0.01606	0.01292	0.01712	0.01753	0.02093	0.10349	0.00691	0.00634	0.00198	0.00789	0.00655	0.00313	0.00728
1	0.01532	0.23184	0.17252	0.01607	0.09306	0.04796	0.09636	0.01877	0.01360	0.10549	0.03310	0.08578	0.03043	0.00726	0.00566	0.00177	0.00704	0.00618	0.00371	0.00808
2	0.01517	0.02303	0.43216	0.14930	0.02600	0.05691	0.01784	0.02037	0.01375	0.15116	0.02969	0.01531	0.01012	0.00626	0.00584	0.00189	0.00803	0.00501	0.00357	0.00856
3	0.01705	0.01155	0.09313	0.01166	0.01578	0.00875	0.08690	0.01987	0.01502	0.33574	0.05220	0.11671	0.16896	0.01009	0.00657	0.00199	0.00538	0.00880	0.00582	0.00804
4	0.01073	0.01425	0.20900	0.04325	0.06715	0.00961	0.05523	0.01410	0.01286	0.04764	0.03998	0.23654	0.14308	0.01159	0.00720	0.00213	0.03205	0.03240	0.00433	0.00687
5	0.01242	0.01257	0.02372	0.37550	0.10689	0.01358	0.25380	0.01646	0.01282	0.01708	0.01281	0.07166	0.01084	0.00667	0.00683	0.00204	0.02717	0.00678	0.00304	0.00732
6	0.01182	0.01534	0.18503	0.20621	0.26018	0.01204	0.01622	0.01575	0.01261	0.01758	0.01558	0.17431	0.01500	0.00840	0.00627	0.00200	0.00700	0.00758	0.00335	0.00773
7	0.01306	0.02407	0.43624	0.02017	0.07249	0.01458	0.20717	0.01978	0.06396	0.01938	0.01202	0.01447	0.00890	0.00590	0.00673	0.00197	0.04207	0.00540	0.00296	0.00867
8	0.00894	0.00724	0.01114	0.04779	0.01368	0.00700	0.08046	0.01115	0.01290	0.01686	0.04892	0.35192	0.11610	0.01559	0.00765	0.00242	0.00494	0.22458	0.00520	0.00554
9	0.01390	0.08090	0.62992	0.01600	0.02419	0.01410	0.02001	0.02006	0.01314	0.09588	0.01199	0.01331	0.00839	0.00586	0.00562	0.00186	0.00833	0.00453	0.00306	0.00895
10	0.01339	0.26923	0.30753	0.18751	0.07563	0.01701	0.01690	0.01785	0.01246	0.01669	0.01003	0.01263	0.00787	0.00558	0.00520	0.00172	0.00779	0.00432	0.00261	0.00806
11	0.00822	0.00637	0.00963	0.00984	0.01072	0.00602	0.07057	0.00960	0.01158	0.01544	0.02967	0.59831	0.03483	0.10082	0.01014	0.00279	0.00445	0.05077	0.00514	0.00508
12	0.01207	0.03112	0.75741	0.01715	0.02604	0.01397	0.02223	0.01905	0.01270	0.01905	0.01080	0.01270	0.00762	0.00572	0.00572	0.00191	0.00889	0.00445	0.00254	0.00889
13	0.01058	0.01019	0.01907	0.20465	0.02431	0.01038	0.24523	0.01368	0.01252	0.01664	0.02069	0.34168	0.02184	0.01114	0.00707	0.00220	0.00680	0.01090	0.00403	0.00639
14	0.01065	0.00904	0.01217	0.14010	0.01748	0.00808	0.02483	0.01312	0.01226	0.01769	0.03650	0.24947	0.01941	0.00933	0.00583	0.00161	0.00486	0.00827	0.00409	0.39520
15	0.01862	0.08966	0.01502	0.00987	0.01485	0.01017	0.00820	0.02156	0.03900	0.30772	0.01604	0.01566	0.01146	0.00582	0.00508	0.00135	0.00493	0.00461	0.00507	0.39530
16	0.01223	0.04446	0.10028	0.01009	0.01323	0.02844	0.00901	0.01513	0.01473	0.09465	0.32754	0.03070	0.08028	0.02812	0.00803	0.00192	0.07276	0.00791	0.00513	0.09536
17	0.01608	0.79220	0.03152	0.01029	0.01544	0.02380	0.01029	0.01801	0.01222	0.01415	0.00836	0.00965	0.00772	0.00515	0.00386	0.00129	0.00643	0.00322	0.00257	0.00772
18	0.01239	0.01146	0.01598	0.33631	0.10004	0.03646	0.01242	0.01562	0.01253	0.01748	0.01157	0.04398	0.00975	0.00582	0.00542	0.00154	0.00642	0.00503	0.00319	0.33660
19	0.01190	0.01307	0.10315	0.02118	0.27895	0.01223	0.01395	0.01500	0.01140	0.01667	0.01262	0.01776	0.01120	0.02143	0.29990	0.00495	0.11857	0.00566	0.00297	0.00744
20	0.01469	0.01489	0.01787	0.28951	0.02553	0.14793	0.01400	0.01706	0.01192	0.04343	0.00977	0.01407	0.00818	0.00801	0.01173	0.00218	0.33438	0.00508	0.00292	0.00683
21	0.39950	0.00879	0.00865	0.00821	0.01032	0.01002	0.00626	0.01364	0.00975	0.01969	0.01301	0.02023	0.01237	0.17655	0.25475	0.00518	0.00859	0.00540	0.00355	0.00557
22	0.01134	0.01053	0.01616	0.41223	0.02777	0.01348	0.01347	0.01391	0.01080	0.01470	0.01229	0.07019	0.01165	0.09295	0.01289	0.00264	0.23734	0.00649	0.00296	0.00620
23	0.01136	0.01069	0.01804	0.77412	0.04143	0.01337	0.01671	0.01537	0.01203	0.01537	0.01069	0.01604	0.00802	0.00601	0.00601	0.00200	0.00802	0.00535	0.00267	0.00668
24	0.01615	0.01191	0.01326	0.01079	0.01435	0.01243	0.00863	0.31298	0.10502	0.04790	0.20826	0.02529	0.05199	0.00868	0.00612	0.00176	0.00486	0.00712	0.04149	0.09103
25	0.01316	0.01316	0.01843	0.01579	0.01579	0.01843	0.01316	0.01448	0.00921	0.01448	0.00790	0.01316	0.00790	0.01053	0.01974	0.00263	0.77757	0.00526	0.00263	0.00658
26	0.02699	0.01024	0.01396	0.01070	0.01536	0.00884	0.00884	0.02932	0.01722	0.75522	0.02373	0.02048	0.01489	0.00745	0.00605	0.00186	0.00512	0.00605	0.00745	0.01024
27	0.01045	0.00522	0.00784	0.00784	0.00784	0.00522	0.00522	0.00784	0.00784	0.01045	0.01045	0.01829	0.01045	0.02090	0.02351	0.82497	0.00522	0.00522	0.00261	0.00261
28	0.00827	0.00614	0.00770	0.00731	0.00884	0.00557	0.00548	0.01087	0.01644	0.02273	0.62661	0.04722	0.17890	0.01282	0.00710	0.00192	0.00287	0.01120	0.00644	0.00557
29	0.01782	0.00816	0.01097	0.00922	0.01221	0.00723	0.00728	0.02027	0.01674	0.39496	0.32991	0.08431	0.03430	0.01029	0.00660	0.00192	0.00404	0.00886	0.00697	0.00794
30	0.00797	0.00626	0.00728	0.00739	0.00914	0.00557	0.00579	0.01008	0.01468	0.01880	0.25158	0.05596	0.42539	0.01464	0.00732	0.00212	0.00343	0.13538	0.00587	0.00533
31	0.00725	0.00583	0.00647	0.00689	0.00836	0.00505	0.00494	0.00869	0.01318	0.01635	0.08582	0.28656	0.49109	0.01623	0.00729	0.00215	0.00318	0.01400	0.00564	0.00505
32	0.01586	0.09544	0.01860	0.01955	0.21964	0.25565	0.01256	0.01810	0.01417	0.01652	0.01577	0.08729	0.03188	0.00874	0.00693	0.00190	0.05707	0.09344	0.00356	0.00733
33	0.02161	0.07239	0.01779	0.01479	0.01821	0.59319	0.01138	0.09573	0.06727	0.01775	0.01080	0.01193	0.00872	0.00637	0.00544	0.00159	0.00974	0.00419	0.00357	0.00752
34	0.02546	0.01066	0.01402	0.01083	0.01531	0.00964	0.00891	0.09923	0.01833	0.63861	0.06641	0.02134	0.01694	0.00772	0.00611	0.00186	0.00513	0.00628	0.00725	0.00996
35	0.01353	0.01132	0.01304	0.00941	0.01470	0.00910	0.00756	0.08757	0.01407	0.02146	0.01107	0.01267	0.00904	0.00474	0.00461	0.00098	0.00467	0.00375	0.00381	0.74289
36	0.01028	0.00529	0.00771	0.00771	0.00771	0.00529	0.00506	0.00793	0.00793	0.01057	0.01131	0.02042	0.01160	0.09857	0.02423	0.74210	0.00529	0.00558	0.00272	0.00272
37	0.01693	0.08949	0.01321	0.00935	0.01256	0.01229	0.00770	0.26899	0.01844	0.07839	0.01694	0.01818	0.01277	0.00693	0.00494	0.00157	0.00468	0.00533	0.39354	0.00778
38	0.00970	0.00798	0.01108	0.01200	0.08553	0.00864	0.00828	0.01302	0.06328	0.01770	0.16530	0.03163	0.13896	0.02529	0.32210	0.00519	0.05562	0.00815	0.00440	0.00617
39	0.01521	0.01518	0.02253	0.03270	0.62498	0.08958	0.01687	0.01853	0.01427	0.01947	0.06270	0.01658	0.01266	0.00593	0.00598	0.00177	0.00722	0.00560	0.00325	0.00900
40	0.01371	0.01450	0.11097	0.01296	0.05280	0.01067	0.06062	0.08852	0.01428	0.02136	0.01122	0.01308	0.00892	0.00498	0.00503	0.00124	0.00577	0.00420	0.00362	0.54155
41	0.25814	0.01802	0.22230	0.08807	0.21314	0.01419	0.01529	0.06801	0.01326	0.02257	0.01046	0.01283	0.00801	0.00572	0.00523	0.00186	0.00693	0.00448	0.00326	0.00824
42	0.00950	0.00755	0.00920	0.00933	0.03287	0.00792	0.00662	0.01369	0.13371	0.01691	0.08060	0.03621	0.20747	0.15899	0.23736	0.00497	0.00784	0.00879	0.00462	0.00584

[dist]
# distance from previous block
# <min> <max>
6	13

[block]
# block no. 3 follows, 38 sequences, length 43
# corresponding to MSA columns:
# 404-446
name=unknown_D
#
# <colnr> <probs for GDERKNQSTAVLIFYWHMCP>
#	G	D	E	R	K	N	Q	S	T	A	V	L	I	F	Y	W	H	M	C	P
0	0.01129	0.01802	0.29889	0.03081	0.01758	0.07574	0.01292	0.01500	0.01262	0.01748	0.01895	0.28625	0.01950	0.01034	0.00620	0.00194	0.00640	0.00886	0.03964	0.09158
1	0.01791	0.01448	0.13866	0.01388	0.01891	0.01099	0.13089	0.05323	0.06265	0.29020	0.05382	0.06761	0.04708	0.00792	0.00630	0.00191	0.00630	0.00705	0.00535	0.04485
2	0.01537	0.01377	0.11118	0.01071	0.01630	0.00986	0.00974	0.06054	0.04680	0.13360	0.01354	0.01429	0.01016	0.00541	0.00503	0.00128	0.00528	0.00431	0.00428	0.50854
3	0.01182	0.01009	0.01162	0.00878	0.01344	0.00798	0.00693	0.01514	0.05521	0.01938	0.01781	0.05249	0.08893	0.00646	0.00498	0.00115	0.00428	0.00532	0.00402	0.65416
4	0.01770	0.01391	0.01562	0.01409	0.05950	0.01544	0.01074	0.33696	0.28802	0.02978	0.05066	0.02348	0.01734	0.00851	0.00630	0.00198	0.00571	0.06907	0.00586	0.00932
5	0.10176	0.00994	0.01285	0.01011	0.01433	0.00895	0.00829	0.02631	0.01653	0.60857	0.09871	0.02204	0.01851	0.00778	0.00594	0.00186	0.00483	0.00629	0.00700	0.00940
6	0.00946	0.08955	0.01059	0.08660	0.01202	0.00847	0.00637	0.01104	0.02475	0.01479	0.07880	0.07270	0.19243	0.32567	0.01619	0.00351	0.00513	0.02263	0.00426	0.00507
7	0.00875	0.00583	0.00656	0.00656	0.00656	0.00583	0.00365	0.00875	0.00875	0.01166	0.01895	0.03937	0.02187	0.78858	0.03062	0.00583	0.00583	0.00875	0.00365	0.00365
8	0.00722	0.00596	0.00624	0.00645	0.00814	0.00508	0.00468	0.00860	0.01317	0.01592	0.05502	0.16272	0.61297	0.05045	0.00825	0.00226	0.00324	0.01316	0.00550	0.00499
9	0.01207	0.03112	0.75741	0.01715	0.02604	0.01397	0.02223	0.01905	0.01270	0.01905	0.01080	0.01270	0.00762	0.00572	0.00572	0.00191	0.00889	0.00445	0.00254	0.00889
10	0.01274	0.01093	0.01259	0.00926	0.01440	0.00875	0.00738	0.01692	0.08929	0.02019	0.01215	0.01353	0.00991	0.00485	0.00463	0.00101	0.00449	0.00391	0.00383	0.73924
11	0.02322	0.01629	0.01771	0.01357	0.01838	0.01782	0.01121	0.67140	0.02734	0.09884	0.01523	0.01496	0.01063	0.00724	0.00602	0.00181	0.00649	0.00547	0.00614	0.01023
12	0.01624	0.01483	0.01424	0.01268	0.01614	0.09430	0.00986	0.07404	0.62016	0.02485	0.02227	0.02073	0.01674	0.00790	0.00604	0.00197	0.00552	0.00641	0.00580	0.00930
13	0.83108	0.01163	0.00884	0.00791	0.01163	0.01350	0.00651	0.01768	0.01024	0.02699	0.00838	0.00977	0.00651	0.00558	0.00372	0.00186	0.00465	0.00326	0.00372	0.00651
14	0.00875	0.00583	0.00656	0.00656	0.00656	0.00583	0.00365	0.00875	0.00875	0.01166	0.01895	0.03937	0.02187	0.78858	0.03062	0.00583	0.00583	0.00875	0.00365	0.00365
15	0.00886	0.00778	0.01090	0.28448	0.02056	0.00836	0.00941	0.01136	0.01260	0.01569	0.03643	0.06611	0.36299	0.01521	0.08673	0.00286	0.00629	0.02339	0.00428	0.00569
16	0.01175	0.00875	0.01137	0.09028	0.01363	0.01083	0.00856	0.01399	0.01115	0.01830	0.01462	0.01962	0.01246	0.05609	0.01134	0.00216	0.26915	0.00565	0.40437	0.00593
17	0.01344	0.07421	0.63683	0.01640	0.02464	0.01504	0.02039	0.09414	0.01432	0.02076	0.01104	0.01271	0.00790	0.00584	0.00564	0.00186	0.00851	0.00448	0.00291	0.00896
18	0.01418	0.01080	0.01211	0.01055	0.01357	0.01151	0.00823	0.12809	0.30582	0.06096	0.22235	0.06173	0.05903	0.00972	0.00641	0.00192	0.00439	0.00823	0.00615	0.04424
19	0.28163	0.06223	0.01556	0.01175	0.01563	0.03569	0.00977	0.30492	0.04991	0.05983	0.01214	0.01303	0.00913	0.00693	0.00656	0.00188	0.08570	0.00462	0.00471	0.00839
20	0.01466	0.11207	0.01220	0.00839	0.01115	0.01138	0.00689	0.17682	0.05056	0.02495	0.01721	0.01895	0.01338	0.00687	0.00466	0.00151	0.00423	0.00531	0.49171	0.00711
21	0.01356	0.01224	0.01812	0.02314	0.37538	0.01153	0.01314	0.01782	0.07062	0.01990	0.01432	0.02029	0.01267	0.00647	0.00573	0.00162	0.00591	0.07933	0.00369	0.27453
22	0.01470	0.14895	0.12516	0.01810	0.02347	0.09308	0.34376	0.01883	0.01375	0.01832	0.01203	0.01491	0.00937	0.00554	0.00581	0.00175	0.00846	0.00556	0.11074	0.00770
23	0.00860	0.00642	0.00953	0.00953	0.01055	0.00744	0.00734	0.01065	0.00963	0.01386	0.01624	0.02435	0.01535	0.07891	0.73138	0.00949	0.01565	0.00655	0.00324	0.00529
24	0.00896	0.00794	0.01103	0.00988	0.01216	0.00742	0.10080	0.01250	0.09000	0.01757	0.06154	0.22764	0.38142	0.01397	0.00714	0.00213	0.00427	0.01238	0.00533	0.00592
25	0.17050	0.00762	0.00872	0.00854	0.01062	0.00740	0.00634	0.01462	0.01271	0.17391	0.02932	0.39699	0.10293	0.01350	0.00651	0.00216	0.00401	0.01163	0.00562	0.00635
26	0.00768	0.00612	0.00689	0.00670	0.00848	0.00532	0.00502	0.00975	0.01507	0.01947	0.34198	0.05259	0.46557	0.01403	0.00710	0.00197	0.00296	0.01195	0.00601	0.00532
27	0.01446	0.48456	0.32494	0.01306	0.01972	0.01983	0.01512	0.01843	0.01242	0.01613	0.00935	0.01088	0.00768	0.00538	0.00461	0.00154	0.00743	0.00371	0.00256	0.00819
28	0.02247	0.01665	0.01783	0.01376	0.01851	0.01847	0.01134	0.69610	0.06383	0.03728	0.01494	0.01484	0.01064	0.00727	0.00602	0.00182	0.00653	0.00549	0.00602	0.01020
29	0.00842	0.00623	0.00743	0.00707	0.00881	0.00552	0.00532	0.01073	0.01574	0.03883	0.46242	0.04939	0.32551	0.01333	0.00708	0.00195	0.00298	0.01147	0.00624	0.00555
30	0.01045	0.00522	0.00784	0.00784	0.00784	0.00522	0.00522	0.00784	0.00784	0.01045	0.01045	0.01829	0.01045	0.02090	0.02351	0.82497	0.00522	0.00522	0.00261	0.00261
31	0.02192	0.07249	0.01785	0.01504	0.01834	0.66850	0.01148	0.05558	0.03567	0.01600	0.00986	0.01123	0.00813	0.00623	0.00538	0.00156	0.01025	0.00398	0.00328	0.00723
32	0.01367	0.05762	0.13720	0.02053	0.02518	0.01642	0.37548	0.01775	0.01240	0.01756	0.01051	0.01446	0.00847	0.00679	0.01047	0.00215	0.23681	0.00596	0.00282	0.00775
33	0.01128	0.01071	0.01801	0.09512	0.01939	0.01277	0.14746	0.01394	0.01065	0.01527	0.01241	0.01838	0.01110	0.02333	0.32417	0.00536	0.23522	0.00611	0.00296	0.00638
34	0.02160	0.02736	0.01900	0.01654	0.01995	0.68535	0.08737	0.02352	0.01675	0.01520	0.00960	0.01142	0.00789	0.00608	0.00560	0.00160	0.01077	0.00421	0.00309	0.00709
35	0.00859	0.00645	0.00967	0.00967	0.01074	0.00752	0.00752	0.01074	0.00967	0.01396	0.01611	0.02363	0.01504	0.04512	0.76474	0.00967	0.01611	0.00645	0.00322	0.00537
36	0.00859	0.00645	0.00967	0.00967	0.01074	0.00752	0.00752	0.01074	0.00967	0.01396	0.01611	0.02363	0.01504	0.04512	0.76474	0.00967	0.01611	0.00645	0.00322	0.00537
37	0.00847	0.00615	0.00798	0.00752	0.00896	0.00566	0.00564	0.01127	0.01693	0.02389	0.72726	0.04533	0.07753	0.01239	0.00710	0.00190	0.00284	0.01093	0.00659	0.00566
38	0.02128	0.02623	0.01584	0.01445	0.01737	0.68415	0.01084	0.02296	0.01658	0.01554	0.01039	0.01207	0.00856	0.00628	0.00530	0.00153	0.01000	0.00406	0.08974	0.00683
39	0.01412	0.01339	0.02272	0.13249	0.61432	0.01374	0.01772	0.01770	0.01349	0.01899	0.01244	0.01814	0.01080	0.00611	0.00610	0.00187	0.00717	0.04669	0.00309	0.00892
40	0.01420	0.01623	0.03550	0.02535	0.03144	0.01521	0.72921	0.01927	0.01420	0.01927	0.01217	0.01623	0.00913	0.00507	0.00710	0.00203	0.01014	0.00710	0.00304	0.00811
41	0.01521	0.17572	0.05552	0.04224	0.27454	0.05956	0.04386	0.03612	0.05706	0.04009	0.01221	0.01552	0.01032	0.04315	0.03946	0.00224	0.04120	0.00512	0.00331	0.02752
42	0.06584	0.00916	0.01214	0.01044	0.01292	0.00967	0.02334	0.01321	0.01072	0.01690	0.02820	0.01828	0.01244	0.02425	0.35650	0.00528	0.11472	0.00533	0.00334	0.24731

[dist]
# distance from previous block
# <min> <max>
0	4

[block]
# block no. 4 follows, 38 sequences, length 25
# corresponding to MSA columns:
# 451-475
name=unknown_E
#
# <colnr> <probs for GDERKNQSTAVLIFYWHMCP>
#	G	D	E	R	K	N	Q	S	T	A	V	L	I	F	Y	W	H	M	C	P
0	0.17707	0.08650	0.01734	0.41681	0.02894	0.01500	0.01303	0.11904	0.01404	0.02094	0.01055	0.01385	0.00803	0.00597	0.00531	0.00185	0.00689	0.00468	0.00338	0.03078
1	0.00776	0.00598	0.00709	0.00710	0.00860	0.00531	0.00522	0.00978	0.01482	0.01956	0.35760	0.16810	0.33235	0.01452	0.00719	0.00204	0.00303	0.01260	0.00604	0.00531
2	0.30971	0.01363	0.01453	0.03019	0.11794	0.05858	0.01012	0.16349	0.01634	0.16916	0.03340	0.01467	0.01080	0.00648	0.00519	0.00182	0.00588	0.00482	0.00483	0.00842
3	0.03921	0.21621	0.33583	0.01500	0.05254	0.05511	0.01567	0.03592	0.03323	0.09642	0.01176	0.01300	0.00884	0.00607	0.00586	0.00175	0.04128	0.00441	0.00333	0.00855
4	0.00835	0.00621	0.00800	0.00906	0.01028	0.00586	0.00721	0.01030	0.01311	0.01678	0.03926	0.28326	0.20825	0.01696	0.00783	0.00249	0.00432	0.33168	0.00556	0.00523
5	0.01210	0.05816	0.01984	0.60872	0.09781	0.01438	0.03382	0.01584	0.01209	0.01571	0.01050	0.01541	0.00815	0.00612	0.00662	0.00198	0.04779	0.00526	0.00270	0.00701
6	0.01045	0.00522	0.00784	0.00784	0.00784	0.00522	0.00522	0.00784	0.00784	0.01045	0.01045	0.01829	0.01045	0.02090	0.02351	0.82497	0.00522	0.00522	0.00261	0.00261
7	0.01652	0.74023	0.03054	0.01065	0.01565	0.07422	0.01038	0.01842	0.01255	0.01419	0.00843	0.00973	0.00772	0.00522	0.00397	0.00130	0.00673	0.00326	0.00261	0.00767
8	0.00766	0.00542	0.00711	0.00834	0.00871	0.00514	0.00563	0.00870	0.01134	0.01508	0.03132	0.64432	0.03724	0.11324	0.01054	0.00288	0.00392	0.06328	0.00534	0.00478
9	0.04995	0.01189	0.01845	0.29736	0.09689	0.01267	0.08039	0.05272	0.06410	0.23155	0.01566	0.01734	0.01099	0.00646	0.00604	0.00193	0.00688	0.00573	0.00454	0.00846
10	0.01681	0.48832	0.08507	0.01201	0.01659	0.18618	0.01138	0.01908	0.01322	0.01510	0.00930	0.01095	0.00811	0.00575	0.00507	0.00146	0.04121	0.00367	0.04323	0.00749
11	0.20120	0.01321	0.01221	0.01103	0.01438	0.06493	0.00862	0.02647	0.47169	0.02422	0.02242	0.02133	0.06785	0.00795	0.00560	0.00197	0.00503	0.00622	0.00533	0.00834
12	0.06201	0.01569	0.05100	0.13852	0.21019	0.13006	0.04504	0.04885	0.04567	0.10806	0.05705	0.01685	0.01259	0.00659	0.00622	0.00185	0.02602	0.00552	0.00398	0.00824
13	0.01556	0.64048	0.06737	0.01323	0.09212	0.02158	0.01152	0.01795	0.01242	0.01531	0.00925	0.01086	0.00821	0.00527	0.00419	0.00138	0.00649	0.00360	0.03533	0.00788
14	0.01045	0.00522	0.00784	0.00784	0.00784	0.00522	0.00522	0.00784	0.00784	0.01045	0.01045	0.01829	0.01045	0.02090	0.02351	0.82497	0.00522	0.00522	0.00261	0.00261
15	0.05744	0.03004	0.71594	0.01663	0.02524	0.01394	0.02136	0.01898	0.01256	0.01949	0.01066	0.01254	0.00756	0.00571	0.00560	0.00190	0.00866	0.00438	0.00261	0.00876
16	0.01299	0.01293	0.01839	0.08701	0.01820	0.01795	0.01349	0.01456	0.00948	0.01456	0.00816	0.01343	0.00791	0.01011	0.01845	0.00257	0.70530	0.00527	0.00264	0.00659
17	0.00880	0.00612	0.00769	0.00839	0.00898	0.00603	0.00606	0.00996	0.01108	0.01456	0.02681	0.17038	0.04867	0.37805	0.01861	0.00413	0.00528	0.25119	0.00466	0.00454
18	0.00733	0.00524	0.00698	0.00838	0.00873	0.00489	0.00558	0.00838	0.01152	0.01536	0.03316	0.78466	0.03979	0.01885	0.00768	0.00244	0.00349	0.01710	0.00558	0.00489
19	0.01224	0.01042	0.01221	0.00883	0.01394	0.00788	0.00704	0.01492	0.01275	0.01987	0.05493	0.01442	0.01178	0.00493	0.00461	0.00095	0.00436	0.00400	0.00375	0.77617
20	0.83108	0.01163	0.00884	0.00791	0.01163	0.01350	0.00651	0.01768	0.01024	0.02699	0.00838	0.00977	0.00651	0.00558	0.00372	0.00186	0.00465	0.00326	0.00372	0.00651
21	0.01207	0.03112	0.75741	0.01715	0.02604	0.01397	0.02223	0.01905	0.01270	0.01905	0.01080	0.01270	0.00762	0.00572	0.00572	0.00191	0.00889	0.00445	0.00254	0.00889
22	0.01264	0.01121	0.01464	0.01045	0.01587	0.00869	0.07494	0.01553	0.01264	0.01957	0.01083	0.01283	0.00893	0.00451	0.00470	0.00100	0.00499	0.00390	0.00352	0.74861
23	0.01026	0.00811	0.01002	0.00847	0.01121	0.00712	0.00633	0.01224	0.01149	0.01700	0.08377	0.05726	0.01869	0.16846	0.18351	0.00402	0.00719	0.00652	0.00388	0.36444
24	0.01184	0.02884	0.68719	0.01658	0.02476	0.01331	0.02105	0.01843	0.01281	0.01895	0.01277	0.01788	0.01016	0.00674	0.00596	0.00199	0.00858	0.07076	0.00282	0.00858

[dist]
# distance from previous block
# <min> <max>
0	14

[block]
# block no. 5 follows, 38 sequences, length 39
# corresponding to MSA columns:
# 490-528
name=unknown_F
#
# <colnr> <probs for GDERKNQSTAVLIFYWHMCP>
#	G	D	E	R	K	N	Q	S	T	A	V	L	I	F	Y	W	H	M	C	P
0	0.01268	0.02684	0.55002	0.01950	0.02759	0.01433	0.22533	0.01911	0.01313	0.01911	0.01119	0.01371	0.00805	0.00553	0.00611	0.00194	0.00925	0.00521	0.00268	0.00867
1	0.06896	0.20266	0.12478	0.01408	0.01850	0.44274	0.01251	0.02156	0.01491	0.01596	0.00924	0.01077	0.00765	0.00585	0.00500	0.00156	0.00918	0.00377	0.00294	0.00739
2	0.00938	0.00895	0.05448	0.00839	0.01152	0.00669	0.00706	0.01180	0.01355	0.01848	0.12713	0.10064	0.28170	0.01159	0.00641	0.00178	0.00403	0.07040	0.00495	0.24107
3	0.01548	0.01102	0.05714	0.01066	0.01407	0.02340	0.00879	0.02105	0.17279	0.21164	0.04372	0.20944	0.02240	0.01041	0.00636	0.00196	0.00485	0.03810	0.00573	0.11100
4	0.05287	0.22655	0.20730	0.01243	0.01795	0.01597	0.01263	0.02322	0.20614	0.10949	0.01524	0.01527	0.01139	0.00636	0.00522	0.00172	0.00629	0.00484	0.00420	0.04491
5	0.11548	0.02134	0.31893	0.01385	0.01941	0.07916	0.01441	0.04833	0.22227	0.02190	0.01564	0.05690	0.01242	0.00721	0.00568	0.00193	0.00697	0.00565	0.00406	0.00844
6	0.01330	0.35452	0.31193	0.01274	0.01867	0.01700	0.01428	0.01773	0.03908	0.01712	0.05216	0.08064	0.01352	0.00706	0.00518	0.00169	0.00688	0.00545	0.00317	0.00789
7	0.01281	0.08727	0.29445	0.19118	0.02684	0.01555	0.08024	0.01835	0.06379	0.01753	0.01121	0.01428	0.00866	0.00659	0.00791	0.00201	0.12547	0.00507	0.00289	0.00790
8	0.01495	0.38978	0.23542	0.01205	0.01796	0.01749	0.01307	0.04409	0.01352	0.06249	0.04151	0.01503	0.04297	0.00621	0.00491	0.00155	0.00667	0.00456	0.00333	0.05244
9	0.00759	0.00605	0.00683	0.00708	0.00861	0.00538	0.00514	0.00960	0.03190	0.01754	0.16628	0.24120	0.43439	0.01550	0.00723	0.00211	0.00317	0.01338	0.00577	0.00524
10	0.06848	0.04102	0.26863	0.01397	0.01944	0.13758	0.01418	0.12053	0.01621	0.13890	0.01484	0.01862	0.01159	0.00792	0.01948	0.00202	0.00781	0.06610	0.00425	0.00844
11	0.01283	0.09157	0.30881	0.02144	0.23130	0.01384	0.07909	0.01753	0.01350	0.01904	0.07525	0.01880	0.05769	0.00663	0.00593	0.00183	0.00741	0.00587	0.00324	0.00840
12	0.01207	0.03112	0.75741	0.01715	0.02604	0.01397	0.02223	0.01905	0.01270	0.01905	0.01080	0.01270	0.00762	0.00572	0.00572	0.00191	0.00889	0.00445	0.00254	0.00889
13	0.01485	0.01440	0.02502	0.03630	0.71203	0.01434	0.05700	0.01851	0.01372	0.01963	0.01136	0.01496	0.00951	0.00534	0.00602	0.00180	0.00731	0.00545	0.00298	0.00945
14	0.01316	0.01316	0.01843	0.01579	0.01579	0.01843	0.01316	0.01448	0.00921	0.01448	0.00790	0.01316	0.00790	0.01053	0.01974	0.00263	0.77757	0.00526	0.00263	0.00658
15	0.00733	0.00524	0.00698	0.00838	0.00873	0.00489	0.00558	0.00838	0.01152	0.01536	0.03316	0.78466	0.03979	0.01885	0.00768	0.00244	0.00349	0.01710	0.00558	0.00489
16	0.01664	0.72578	0.03026	0.01075	0.01571	0.08823	0.01041	0.01854	0.01264	0.01420	0.00844	0.00975	0.00772	0.00524	0.00400	0.00131	0.00682	0.00327	0.00262	0.00766
17	0.01400	0.00819	0.01011	0.00984	0.01211	0.00825	0.00798	0.01904	0.14299	0.16077	0.02668	0.11514	0.02466	0.01167	0.00660	0.00216	0.00456	0.23910	0.16905	0.00709
18	0.00943	0.00808	0.00885	0.00731	0.01077	0.00635	0.00567	0.01145	0.01318	0.01770	0.03925	0.03829	0.42934	0.01058	0.00596	0.00154	0.00365	0.00875	0.00471	0.35913
19	0.14047	0.00976	0.01076	0.07805	0.01430	0.01034	0.00761	0.06304	0.13180	0.07756	0.03898	0.02280	0.05049	0.10340	0.00835	0.00224	0.00483	0.00613	0.14093	0.07817
20	0.02177	0.01739	0.03643	0.01367	0.01827	0.07480	0.01138	0.59285	0.04229	0.05036	0.01545	0.01562	0.02648	0.00826	0.02504	0.00200	0.00709	0.00550	0.00566	0.00970
21	0.01045	0.00522	0.00784	0.00784	0.00784	0.00522	0.00522	0.00784	0.00784	0.01045	0.01045	0.01829	0.01045	0.02090	0.02351	0.82497	0.00522	0.00522	0.00261	0.00261
22	0.00851	0.00615	0.00804	0.00757	0.00899	0.00568	0.00568	0.01135	0.01703	0.02412	0.74788	0.04494	0.05676	0.01230	0.00710	0.00189	0.00284	0.01088	0.00662	0.00568
23	0.04331	0.07907	0.20018	0.19497	0.02547	0.14963	0.04666	0.08097	0.01488	0.04971	0.01230	0.01645	0.00977	0.00659	0.00577	0.00186	0.00822	0.04298	0.00341	0.00781
24	0.01348	0.01164	0.01716	0.29774	0.17137	0.01247	0.01371	0.11440	0.01484	0.02024	0.01445	0.05424	0.01283	0.00745	0.00607	0.00186	0.00667	0.07621	0.00375	0.12943
25	0.00733	0.00524	0.00698	0.00838	0.00873	0.00489	0.00558	0.00838	0.01152	0.01536	0.03316	0.78466	0.03979	0.01885	0.00768	0.00244	0.00349	0.01710	0.00558	0.00489
26	0.01536	0.01603	0.01711	0.01494	0.01599	0.17511	0.01205	0.07020	0.01251	0.01638	0.01089	0.07988	0.01082	0.01009	0.01462	0.00232	0.48965	0.00601	0.00324	0.00679
27	0.00749	0.00611	0.00663	0.00650	0.00836	0.00524	0.00487	0.00937	0.01462	0.01840	0.24828	0.05436	0.55994	0.01443	0.00711	0.00199	0.00299	0.01220	0.00587	0.00524
28	0.48223	0.01389	0.01282	0.01047	0.01466	0.01572	0.00864	0.32557	0.01803	0.03170	0.01099	0.01179	0.00812	0.00629	0.00471	0.00184	0.00550	0.00419	0.00471	0.00812
29	0.04316	0.00968	0.07578	0.17153	0.01825	0.00859	0.01008	0.01396	0.01253	0.09451	0.06165	0.27708	0.02482	0.05155	0.04412	0.00272	0.00597	0.06304	0.00467	0.00630
30	0.02051	0.01128	0.01531	0.01539	0.14561	0.01083	0.01041	0.02611	0.16414	0.39287	0.06527	0.02097	0.01690	0.00736	0.00603	0.00184	0.00523	0.00625	0.00613	0.05157
31	0.01541	0.56694	0.19591	0.01276	0.03701	0.05233	0.01328	0.01851	0.01257	0.01543	0.00903	0.01053	0.00775	0.00533	0.00440	0.00145	0.00720	0.00358	0.00260	0.00800
32	0.00869	0.00606	0.00773	0.00773	0.00814	0.00647	0.00511	0.00950	0.00910	0.01253	0.01788	0.03343	0.01929	0.50816	0.30751	0.00728	0.00971	0.00788	0.00349	0.00430
33	0.01207	0.03112	0.75741	0.01715	0.02604	0.01397	0.02223	0.01905	0.01270	0.01905	0.01080	0.01270	0.00762	0.00572	0.00572	0.00191	0.00889	0.00445	0.00254	0.00889
34	0.01332	0.02060	0.26621	0.06075	0.02950	0.01487	0.43211	0.01878	0.01338	0.01878	0.01146	0.01494	0.00853	0.00558	0.00718	0.00202	0.04488	0.00607	0.00284	0.00822
35	0.01167	0.01101	0.01860	0.70999	0.10317	0.01345	0.01686	0.01564	0.01217	0.01574	0.01075	0.01594	0.00815	0.00596	0.00601	0.00199	0.00794	0.00535	0.00270	0.00693
36	0.00873	0.00592	0.00699	0.00699	0.00713	0.00606	0.00418	0.00902	0.00887	0.01198	0.01857	0.03721	0.02094	0.68687	0.13105	0.00636	0.00724	0.00843	0.00359	0.00388
37	0.01179	0.01000	0.01171	0.00868	0.01345	0.00762	0.00687	0.01436	0.01277	0.01957	0.05885	0.04658	0.04576	0.00597	0.00486	0.00106	0.00426	0.00494	0.00392	0.70699
38	0.10368	0.17665	0.08362	0.03577	0.11892	0.11564	0.01292	0.16084	0.01576	0.02157	0.01032	0.01231	0.00837	0.00644	0.00674	0.00177	0.09255	0.00443	0.00351	0.00819

[dist]
# distance from previous block
# <min> <max>
0	1

[block]
# block no. 6 follows, 38 sequences, length 38
# corresponding to MSA columns:
# 530-567
name=unknown_G
#
# <colnr> <probs for GDERKNQSTAVLIFYWHMCP>
#	G	D	E	R	K	N	Q	S	T	A	V	L	I	F	Y	W	H	M	C	P
0	0.36196	0.01251	0.01207	0.01022	0.01376	0.01395	0.00820	0.29535	0.01750	0.02916	0.01475	0.12309	0.01325	0.02610	0.00581	0.00200	0.00525	0.00625	0.02115	0.00765
