[name]
unknown

[dist]
# distance from previous block
# <min> <max>
0	27

[block]
# block no. 0 follows, 49 sequences, length 9
# corresponding to MSA columns:
# 40-48
name=unknown_A
#
# <colnr> <probs for GDERKNQSTAVLIFYWHMCP>
#	G	D	E	R	K	N	Q	S	T	A	V	L	I	F	Y	W	H	M	C	P
0	0.00825	0.00592	0.00685	0.00676	0.00738	0.00622	0.00447	0.01083	0.13612	0.01248	0.04393	0.06953	0.01937	0.50738	0.05916	0.04355	0.00497	0.03915	0.00359	0.00409
1	0.05730	0.01009	0.01588	0.34818	0.29105	0.01137	0.01304	0.05230	0.01115	0.01573	0.01075	0.05194	0.00939	0.00595	0.00560	0.00167	0.04251	0.03687	0.00274	0.00648
2	0.00714	0.00528	0.00763	0.00768	0.00850	0.00589	0.00581	0.00881	0.00885	0.01261	0.09666	0.08638	0.01839	0.08544	0.60299	0.00674	0.01094	0.00665	0.00319	0.00441
3	0.01044	0.00815	0.01064	0.00975	0.03146	0.00899	0.06420	0.06478	0.16310	0.01711	0.01677	0.10087	0.01543	0.11339	0.02809	0.00225	0.08982	0.04006	0.19902	0.00567
4	0.01031	0.08065	0.30484	0.37496	0.02622	0.01238	0.01489	0.01492	0.04952	0.01437	0.00935	0.01218	0.00703	0.00517	0.00535	0.00163	0.04327	0.00413	0.00234	0.00649
5	0.01295	0.01380	0.02112	0.02335	0.37441	0.11437	0.19670	0.01571	0.01134	0.01517	0.00898	0.01210	0.00750	0.00528	0.00715	0.00165	0.14423	0.00468	0.00248	0.00703
6	0.01147	0.01095	0.01863	0.30636	0.52362	0.01174	0.01500	0.01460	0.01102	0.01525	0.00933	0.01286	0.00756	0.00470	0.00502	0.00157	0.00627	0.00450	0.00241	0.00716
7	0.01312	0.10055	0.28157	0.07655	0.06951	0.03052	0.01263	0.13762	0.05340	0.08490	0.01307	0.06474	0.02775	0.00609	0.00489	0.00156	0.00598	0.00492	0.00339	0.00724
8	0.01180	0.24159	0.14840	0.01212	0.09161	0.05238	0.03379	0.05527	0.01157	0.04258	0.04374	0.15577	0.03384	0.00760	0.00533	0.03179	0.00541	0.00596	0.00318	0.00628

[dist]
# distance from previous block
# <min> <max>
2	7

[block]
# block no. 1 follows, 49 sequences, length 16
# corresponding to MSA columns:
# 56-71
name=unknown_B
#
# <colnr> <probs for GDERKNQSTAVLIFYWHMCP>
#	G	D	E	R	K	N	Q	S	T	A	V	L	I	F	Y	W	H	M	C	P
0	0.09293	0.28623	0.12791	0.01019	0.01436	0.03296	0.00973	0.15133	0.16930	0.01893	0.01157	0.03390	0.00932	0.00559	0.00428	0.00144	0.00532	0.00413	0.00345	0.00713
1	0.00804	0.00556	0.00730	0.00807	0.04892	0.00524	0.00538	0.00980	0.03252	0.06583	0.18724	0.37367	0.12509	0.06583	0.02558	0.00217	0.00342	0.01079	0.00473	0.00482
2	0.00876	0.00649	0.00836	0.03577	0.01029	0.00696	0.00633	0.02524	0.13577	0.04420	0.02117	0.23286	0.06845	0.02049	0.28623	0.00403	0.00709	0.02193	0.02338	0.02620
3	0.05293	0.11882	0.01395	0.00945	0.01292	0.03273	0.00784	0.27741	0.02842	0.25814	0.01413	0.01499	0.01042	0.06626	0.02713	0.00188	0.00520	0.00461	0.03530	0.00746
4	0.01028	0.01672	0.40725	0.01225	0.01706	0.00914	0.08810	0.01414	0.01096	0.08809	0.01722	0.21279	0.05798	0.00806	0.00542	0.00173	0.00588	0.00710	0.00334	0.00650
5	0.34723	0.00911	0.00961	0.00787	0.01125	0.00923	0.00645	0.07396	0.01255	0.35484	0.01761	0.01662	0.09087	0.00632	0.00441	0.00158	0.00406	0.00471	0.00478	0.00693
6	0.01252	0.01201	0.02053	0.03104	0.79074	0.01201	0.01552	0.01552	0.01151	0.01652	0.00951	0.01252	0.00801	0.00451	0.00501	0.00150	0.00601	0.00451	0.00250	0.00801
7	0.00976	0.00921	0.01555	0.75399	0.08930	0.01129	0.01415	0.01311	0.01021	0.01318	0.00903	0.01341	0.00683	0.00502	0.00505	0.00167	0.00669	0.00449	0.00227	0.00579
8	0.01348	0.40238	0.03876	0.04335	0.01410	0.06724	0.00913	0.14435	0.01254	0.01565	0.01054	0.10634	0.01010	0.00654	0.00545	0.00144	0.08448	0.00472	0.00300	0.00642
9	0.00722	0.00542	0.00813	0.00813	0.00903	0.00632	0.00632	0.00903	0.00813	0.01174	0.01354	0.01987	0.01264	0.03792	0.80225	0.00813	0.01354	0.00542	0.00271	0.00451
10	0.12410	0.00809	0.00839	0.00769	0.00979	0.00886	0.00584	0.01792	0.31665	0.05968	0.06844	0.04293	0.03753	0.10776	0.00725	0.00199	0.00366	0.00591	0.15143	0.00610
11	0.01031	0.02498	0.72426	0.01506	0.02231	0.01184	0.08933	0.01603	0.01079	0.01603	0.00918	0.01095	0.00652	0.00475	0.00491	0.00161	0.00757	0.00395	0.00217	0.00741
12	0.01273	0.01032	0.01534	0.49088	0.10811	0.01192	0.01266	0.15656	0.04285	0.07346	0.01087	0.01361	0.00797	0.00534	0.00506	0.00163	0.00616	0.00460	0.00320	0.00673
13	0.00955	0.00899	0.01517	0.81013	0.03483	0.01123	0.01404	0.01292	0.01011	0.01292	0.00899	0.01348	0.00674	0.00506	0.00506	0.00169	0.00674	0.00449	0.00225	0.00562
14	0.33471	0.09277	0.01296	0.01007	0.01318	0.34821	0.00803	0.09675	0.01278	0.01826	0.00790	0.00900	0.00634	0.00502	0.00395	0.00140	0.00644	0.00315	0.00302	0.00606
15	0.36807	0.00688	0.00650	0.00645	0.00818	0.00739	0.00482	0.01087	0.00954	0.01766	0.06886	0.23221	0.09059	0.06867	0.02786	0.00211	0.00368	0.00750	0.04747	0.00471

[dist]
# distance from previous block
# <min> <max>
0	10

[block]
# block no. 2 follows, 49 sequences, length 18
# corresponding to MSA columns:
# 82-99
name=unknown_C
#
# <colnr> <probs for GDERKNQSTAVLIFYWHMCP>
#	G	D	E	R	K	N	Q	S	T	A	V	L	I	F	Y	W	H	M	C	P
0	0.14172	0.01077	0.01477	0.03947	0.21318	0.01137	0.04296	0.15274	0.01340	0.18143	0.01196	0.01336	0.00891	0.00804	0.06782	0.00210	0.05034	0.00450	0.00383	0.00733
1	0.03639	0.01071	0.07341	0.00975	0.01388	0.00874	0.06187	0.01786	0.14683	0.16986	0.01520	0.01616	0.03722	0.00555	0.00465	0.00132	0.00452	0.02699	0.00403	0.33508
2	0.42054	0.01409	0.01182	0.01241	0.12823	0.21432	0.00845	0.05876	0.05736	0.01954	0.00869	0.00994	0.00688	0.00500	0.00400	0.00149	0.00565	0.00341	0.00313	0.00628
3	0.01106	0.01053	0.01790	0.41310	0.42004	0.01163	0.01480	0.01424	0.01083	0.01475	0.00925	0.01299	0.00739	0.00478	0.00503	0.00159	0.00637	0.00450	0.00238	0.00684
4	0.00624	0.00446	0.00594	0.00699	0.00735	0.00416	0.00470	0.00724	0.01004	0.01349	0.08736	0.75785	0.03456	0.01541	0.00642	0.00202	0.00289	0.01397	0.00476	0.00416
5	0.01158	0.01106	0.01883	0.27703	0.55207	0.01177	0.01505	0.01470	0.01107	0.01538	0.00935	0.01282	0.00761	0.00468	0.00502	0.00156	0.00624	0.00450	0.00242	0.00725
6	0.01508	0.36914	0.01997	0.01073	0.01400	0.10623	0.00941	0.20316	0.03738	0.01722	0.00873	0.01006	0.00731	0.00571	0.00620	0.00143	0.14476	0.00361	0.00303	0.00682
7	0.01937	0.01804	0.01452	0.01202	0.01543	0.35861	0.00950	0.38145	0.01886	0.08752	0.01091	0.01125	0.00802	0.00571	0.00484	0.00143	0.00701	0.00403	0.00409	0.00740
8	0.00612	0.00456	0.00570	0.00661	0.00722	0.00414	0.00450	0.00709	0.01010	0.01308	0.03312	0.64573	0.20331	0.01516	0.00635	0.00198	0.00285	0.01354	0.00469	0.00414
9	0.01183	0.01131	0.01928	0.21145	0.61570	0.01183	0.01518	0.01492	0.01119	0.01569	0.00939	0.01274	0.00772	0.00463	0.00502	0.00154	0.00618	0.00450	0.00244	0.00746
10	0.00962	0.00886	0.01455	0.19314	0.23073	0.00981	0.05280	0.01192	0.01006	0.01391	0.01413	0.21983	0.01443	0.01063	0.06916	0.00229	0.09813	0.00717	0.00299	0.00586
11	0.00628	0.00445	0.00583	0.00689	0.00716	0.00419	0.00453	0.00707	0.00945	0.01260	0.02670	0.74183	0.03197	0.09501	0.00835	0.00233	0.00313	0.01369	0.00453	0.00400
12	0.01038	0.08275	0.74159	0.01400	0.02126	0.01233	0.01797	0.01595	0.01065	0.01572	0.00893	0.01049	0.00641	0.00477	0.00469	0.00156	0.00733	0.00366	0.00214	0.00740
13	0.01213	0.49653	0.34313	0.01102	0.01664	0.01661	0.01278	0.01550	0.01044	0.01359	0.00787	0.00917	0.00645	0.00452	0.00389	0.00130	0.00626	0.00313	0.00215	0.00689
14	0.00779	0.01228	0.28612	0.00961	0.01262	0.00697	0.00977	0.01073	0.01085	0.01528	0.14588	0.38211	0.02608	0.01097	0.00580	0.00183	0.00450	0.03145	0.00393	0.00543
15	0.00638	0.00456	0.00612	0.00729	0.00768	0.00430	0.00507	0.00742	0.00990	0.01315	0.02775	0.73541	0.03297	0.01564	0.00651	0.00208	0.00312	0.09580	0.00469	0.00417
16	0.01010	0.01054	0.06260	0.62653	0.16623	0.01140	0.01458	0.01356	0.01039	0.01373	0.00908	0.01315	0.00694	0.00494	0.00503	0.00165	0.00666	0.00445	0.00229	0.00615
17	0.01436	0.01314	0.02004	0.01618	0.06519	0.06399	0.31487	0.13694	0.19175	0.07458	0.01372	0.02891	0.01036	0.00557	0.00543	0.00164	0.00651	0.00551	0.00384	0.00746

[dist]
# distance from previous block
# <min> <max>
0	1

[block]
# block no. 3 follows, 49 sequences, length 48
# corresponding to MSA columns:
# 101-148
name=unknown_D
#
# <colnr> <probs for GDERKNQSTAVLIFYWHMCP>
#	G	D	E	R	K	N	Q	S	T	A	V	L	I	F	Y	W	H	M	C	P
0	0.01138	0.11639	0.01763	0.13361	0.16088	0.01393	0.03799	0.03477	0.00974	0.01367	0.00847	0.01245	0.00760	0.02686	0.05728	0.00223	0.32215	0.00441	0.00241	0.00614
1	0.01129	0.01077	0.01832	0.35230	0.47904	0.01169	0.01491	0.01445	0.01094	0.01504	0.00930	0.01291	0.00749	0.00473	0.00503	0.00158	0.00631	0.00450	0.00240	0.00702
2	0.00660	0.00492	0.00579	0.00597	0.00712	0.00441	0.00433	0.00819	0.01184	0.01581	0.26773	0.24176	0.31917	0.01240	0.00594	0.00173	0.00259	0.01078	0.05852	0.00441
3	0.00793	0.00555	0.00666	0.00622	0.00782	0.00501	0.00472	0.01026	0.03650	0.06851	0.46035	0.03962	0.30035	0.01082	0.00589	0.00163	0.00262	0.00930	0.00530	0.00495
4	0.00925	0.00832	0.01175	0.03321	0.01150	0.01094	0.00856	0.01053	0.00790	0.01176	0.01020	0.01678	0.01011	0.11421	0.29058	0.00457	0.41734	0.00512	0.00249	0.00489
5	0.01176	0.00764	0.00802	0.00701	0.00907	0.00807	0.00549	0.21085	0.06576	0.02185	0.04967	0.02068	0.08020	0.02141	0.00475	0.00143	0.00337	0.00548	0.45163	0.00588
6	0.06803	0.01748	0.32119	0.01852	0.22865	0.01265	0.06415	0.06326	0.01125	0.01706	0.00898	0.01135	0.00703	0.00534	0.00654	0.00166	0.12292	0.00417	0.00253	0.00724
7	0.00878	0.00439	0.00659	0.00659	0.00659	0.00439	0.00439	0.00659	0.00659	0.00878	0.00878	0.01537	0.00878	0.01757	0.01976	0.85288	0.00439	0.00439	0.00220	0.00220
8	0.01170	0.01163	0.01860	0.10803	0.25701	0.04912	0.19794	0.05192	0.04781	0.01643	0.01557	0.01758	0.10945	0.00576	0.00528	0.00155	0.00615	0.00557	0.00306	0.05984
9	0.01548	0.45306	0.06986	0.01071	0.01460	0.29934	0.00972	0.04999	0.01234	0.01319	0.00766	0.00881	0.00658	0.00475	0.00389	0.00121	0.00687	0.00305	0.00245	0.00642
10	0.04228	0.06726	0.11643	0.01168	0.01575	0.24844	0.05705	0.04767	0.01368	0.31162	0.01283	0.01270	0.00890	0.00546	0.00477	0.00147	0.00653	0.00418	0.00401	0.00730
11	0.01626	0.00977	0.01146	0.01032	0.06006	0.06129	0.00763	0.13502	0.04874	0.31549	0.20560	0.04218	0.02066	0.02511	0.00575	0.00163	0.00442	0.00616	0.00527	0.00718
12	0.01096	0.01041	0.01779	0.01377	0.01691	0.01046	0.31981	0.11212	0.06064	0.01776	0.06915	0.13441	0.11544	0.00809	0.00653	0.00176	0.05630	0.00768	0.00380	0.00619
13	0.00701	0.00497	0.00639	0.00656	0.00730	0.00470	0.00464	0.00857	0.01167	0.01613	0.40409	0.22981	0.03738	0.16764	0.00994	0.00239	0.00315	0.05857	0.00481	0.00427
14	0.00894	0.00865	0.01572	0.06470	0.01626	0.00894	0.26224	0.01114	0.01021	0.01391	0.01800	0.39314	0.01963	0.01037	0.00752	0.00193	0.11026	0.00964	0.00350	0.00530
15	0.00632	0.00457	0.00601	0.00710	0.00757	0.00427	0.00493	0.00735	0.00998	0.01315	0.02940	0.69924	0.08574	0.01547	0.00647	0.00205	0.00306	0.07844	0.00469	0.00417
16	0.00695	0.00497	0.00678	0.00795	0.00859	0.00479	0.00607	0.00841	0.01046	0.01379	0.02743	0.51537	0.03171	0.01510	0.00667	0.00216	0.00362	0.31017	0.00468	0.00433
17	0.00672	0.00464	0.00570	0.00632	0.00648	0.00448	0.00393	0.00719	0.00858	0.01144	0.02224	0.44832	0.02634	0.39620	0.01555	0.00340	0.00386	0.01106	0.00393	0.00362
18	0.01959	0.06976	0.01489	0.01164	0.06591	0.01241	0.00904	0.35541	0.03552	0.33116	0.01488	0.01404	0.01012	0.00593	0.00494	0.00151	0.00505	0.00465	0.00516	0.00840
19	0.01810	0.02211	0.01450	0.01296	0.01539	0.67034	0.00989	0.06709	0.01424	0.01359	0.00797	0.00951	0.00666	0.00564	0.00584	0.00141	0.09255	0.00346	0.00272	0.00600
20	0.85801	0.00978	0.00743	0.00665	0.00978	0.01134	0.00548	0.01486	0.00861	0.02269	0.00704	0.00821	0.00548	0.00469	0.00313	0.00156	0.00391	0.00274	0.00313	0.00548
21	0.00641	0.00487	0.00594	0.00666	0.00745	0.00451	0.00461	0.00799	0.04140	0.01372	0.06308	0.56164	0.22420	0.01450	0.00626	0.00193	0.00286	0.01289	0.00475	0.00433
22	0.00606	0.00479	0.00547	0.00601	0.00706	0.00419	0.00424	0.00716	0.01067	0.01331	0.04040	0.40571	0.43864	0.01421	0.00620	0.00187	0.00273	0.01239	0.00469	0.00419
23	0.01366	0.00684	0.00864	0.00733	0.00984	0.00614	0.00580	0.01619	0.05017	0.33970	0.25598	0.03021	0.18948	0.00890	0.00550	0.00160	0.00329	0.00752	0.02679	0.00641
24	0.01010	0.00960	0.01346	0.01181	0.01198	0.01308	0.00966	0.01127	0.00779	0.01194	0.00854	0.01413	0.00852	0.06588	0.16602	0.00350	0.61038	0.00480	0.00236	0.00518
25	0.00639	0.00521	0.00568	0.00572	0.00720	0.00458	0.00423	0.00819	0.03442	0.01490	0.17177	0.14242	0.54630	0.01260	0.00601	0.00173	0.00262	0.01073	0.00486	0.00444
26	0.01227	0.01134	0.15937	0.00849	0.01161	0.00893	0.00806	0.20601	0.01387	0.04150	0.01403	0.01639	0.01091	0.05428	0.00553	0.00158	0.00435	0.00465	0.40062	0.00623
27	0.00664	0.00513	0.00606	0.00586	0.00725	0.00455	0.00438	0.00854	0.01305	0.01737	0.46516	0.05969	0.35510	0.01149	0.00598	0.00165	0.00247	0.00990	0.00519	0.00455
28	0.01621	0.42651	0.02051	0.01073	0.01430	0.35627	0.00920	0.06781	0.01292	0.01343	0.00771	0.00881	0.00664	0.00482	0.00393	0.00121	0.00702	0.00306	0.00255	0.00636
29	0.00929	0.00725	0.00808	0.00679	0.00951	0.02039	0.00531	0.03733	0.01229	0.05878	0.15502	0.03110	0.30928	0.00878	0.00518	0.00138	0.00329	0.02849	0.00435	0.27810
30	0.01057	0.00581	0.00748	0.00689	0.00795	0.00579	0.00479	0.01143	0.00905	0.17668	0.01620	0.02648	0.01573	0.45683	0.21179	0.00499	0.00689	0.00640	0.00365	0.00460
31	0.01295	0.01165	0.01161	0.01045	0.01330	0.05952	0.00811	0.02647	0.73598	0.02063	0.01982	0.01829	0.01491	0.00676	0.00511	0.00169	0.00431	0.00557	0.00499	0.00788
32	0.80154	0.00944	0.00725	0.00652	0.00952	0.01090	0.00535	0.01466	0.00874	0.02243	0.00767	0.00892	0.00597	0.00477	0.00316	0.00154	0.00381	0.00287	0.05951	0.00543
33	0.01330	0.77350	0.07641	0.00903	0.01356	0.01947	0.00930	0.01520	0.01030	0.01216	0.00716	0.00828	0.00648	0.00436	0.00335	0.00112	0.00554	0.00277	0.00216	0.00655
34	0.00614	0.00509	0.00538	0.00544	0.00700	0.00433	0.00406	0.00752	0.01168	0.01428	0.12028	0.09563	0.65686	0.01278	0.00602	0.00173	0.00260	0.02407	0.00478	0.00431
35	0.01080	0.00987	0.00907	0.03321	0.01094	0.17055	0.00672	0.09721	0.01273	0.01599	0.06860	0.37736	0.02335	0.01100	0.00565	0.00175	0.00466	0.05776	0.06762	0.00515
36	0.01037	0.00868	0.01425	0.70580	0.03151	0.01056	0.01293	0.01359	0.01042	0.06280	0.01018	0.01408	0.00752	0.00519	0.00496	0.00164	0.00629	0.00455	0.05894	0.00575
37	0.00714	0.00536	0.00680	0.00747	0.00868	0.00503	0.00607	0.00896	0.01161	0.01489	0.10659	0.15163	0.26202	0.01351	0.00651	0.00203	0.00358	0.36288	0.00476	0.00448
38	0.01046	0.00816	0.00898	0.00816	0.00986	0.08449	0.00631	0.08313	0.01353	0.06847	0.37858	0.02636	0.02820	0.01667	0.22204	0.00333	0.00650	0.00686	0.00450	0.00542
39	0.00732	0.00502	0.00611	0.00611	0.00631	0.00522	0.00380	0.00773	0.00753	0.01024	0.01539	0.03010	0.01708	0.64470	0.20155	0.00563	0.00686	0.00692	0.00298	0.00339
40	0.01209	0.48676	0.35253	0.01109	0.01675	0.01651	0.01290	0.01551	0.01044	0.01364	0.00790	0.00920	0.00645	0.00453	0.00391	0.00130	0.00628	0.00314	0.00215	0.00691
41	0.01252	0.01201	0.02053	0.03104	0.79074	0.01201	0.01552	0.01552	0.01151	0.01652	0.00951	0.01252	0.00801	0.00451	0.00501	0.00150	0.00601	0.00451	0.00250	0.00801
42	0.00725	0.00532	0.00762	0.00762	0.00835	0.00604	0.00569	0.00870	0.00798	0.01136	0.01401	0.02244	0.01376	0.19067	0.65104	0.00750	0.01186	0.00579	0.00278	0.00423
43	0.00650	0.00454	0.00577	0.00661	0.00682	0.00433	0.00423	0.00713	0.00903	0.01203	0.02451	0.59754	0.02920	0.24308	0.01189	0.00286	0.00349	0.01240	0.00423	0.00381
44	0.00683	0.00595	0.03794	0.00633	0.00788	0.00485	0.00502	0.00890	0.01296	0.01748	0.46774	0.09089	0.28614	0.01128	0.00595	0.00166	0.00268	0.00976	0.00509	0.00467
45	0.85801	0.00978	0.00743	0.00665	0.00978	0.01134	0.00548	0.01486	0.00861	0.02269	0.00704	0.00821	0.00548	0.00469	0.00313	0.00156	0.00391	0.00274	0.00313	0.00548
46	0.01252	0.01201	0.02053	0.03104	0.79074	0.01201	0.01552	0.01552	0.01151	0.01652	0.00951	0.01252	0.00801	0.00451	0.00501	0.00150	0.00601	0.00451	0.00250	0.00801
47	0.00679	0.00471	0.00596	0.00675	0.00746	0.00427	0.00464	0.00779	0.01023	0.04450	0.03207	0.63781	0.17859	0.01487	0.00631	0.00197	0.00292	0.01329	0.00476	0.00432

[dist]
# distance from previous block
# <min> <max>
0	1

[block]
# block no. 4 follows, 49 sequences, length 35
# corresponding to MSA columns:
# 150-184
name=unknown_E
#
# <colnr> <probs for GDERKNQSTAVLIFYWHMCP>
#	G	D	E	R	K	N	Q	S	T	A	V	L	I	F	Y	W	H	M	C	P
0	0.05071	0.01281	0.01415	0.01089	0.01487	0.01375	0.00899	0.58518	0.02122	0.19524	0.01363	0.01309	0.00933	0.00606	0.00499	0.00153	0.00523	0.00460	0.00525	0.00849
1	0.01065	0.14656	0.68014	0.01354	0.02054	0.01299	0.01717	0.01588	0.01062	0.01539	0.00877	0.01029	0.00642	0.00473	0.00457	0.00152	0.00716	0.00358	0.00214	0.00732
2	0.01118	0.01012	0.01185	0.01020	0.01191	0.10202	0.05898	0.05102	0.04467	0.05546	0.23972	0.06428	0.10299	0.00896	0.00814	0.00174	0.18999	0.00701	0.00410	0.00564
3	0.00603	0.00512	0.00519	0.00517	0.00686	0.00429	0.00388	0.00735	0.01164	0.01393	0.08176	0.04821	0.75798	0.01270	0.00598	0.00170	0.00255	0.01061	0.00473	0.00429
4	0.01191	0.00995	0.01052	0.00949	0.01212	0.01131	0.00737	0.04030	0.63649	0.02081	0.06006	0.02118	0.05610	0.00726	0.00512	0.00167	0.00377	0.00605	0.06107	0.00745
5	0.01352	0.82533	0.02650	0.00865	0.01298	0.02001	0.00865	0.01514	0.01027	0.01190	0.00703	0.00811	0.00649	0.00433	0.00324	0.00108	0.00541	0.00270	0.00216	0.00649
6	0.01471	0.00684	0.00918	0.00764	0.01016	0.00606	0.00606	0.01688	0.01439	0.39658	0.41462	0.02778	0.03060	0.00835	0.00554	0.00158	0.00332	0.00717	0.00590	0.00664
7	0.00702	0.00499	0.00585	0.00579	0.00644	0.00472	0.00379	0.00799	0.01026	0.01377	0.25851	0.07612	0.14969	0.40577	0.01560	0.00324	0.00366	0.00878	0.00417	0.00383
8	0.00676	0.00501	0.00550	0.00562	0.00640	0.00465	0.00372	0.00745	0.00941	0.01182	0.03168	0.08003	0.33858	0.40658	0.01566	0.00331	0.00382	0.04639	0.00390	0.00369
9	0.01316	0.01115	0.01176	0.01041	0.01337	0.01285	0.00815	0.09280	0.71472	0.02210	0.01984	0.01827	0.01483	0.00679	0.00514	0.00170	0.00414	0.00561	0.00514	0.00806
10	0.01053	0.01081	0.02030	0.45764	0.02979	0.01219	0.27753	0.01399	0.01051	0.01399	0.00919	0.01330	0.00705	0.00515	0.00650	0.00174	0.08640	0.00500	0.00235	0.00603
11	0.01592	0.01420	0.01681	0.01327	0.01660	0.10897	0.13686	0.37831	0.07599	0.02299	0.01213	0.05260	0.00974	0.00652	0.00649	0.00164	0.09438	0.00520	0.00402	0.00737
12	0.01094	0.01088	0.01525	0.01311	0.01314	0.01520	0.01091	0.01207	0.00776	0.01216	0.00686	0.01134	0.00683	0.00978	0.04166	0.00240	0.78753	0.00446	0.00223	0.00550
13	0.00613	0.00508	0.00536	0.00539	0.00695	0.00432	0.00400	0.00751	0.01174	0.01440	0.13694	0.09509	0.65426	0.01270	0.00600	0.00172	0.00256	0.01072	0.00480	0.00432
14	0.00664	0.00480	0.00627	0.00664	0.00742	0.00444	0.00470	0.00827	0.01201	0.01652	0.39840	0.40876	0.07020	0.01305	0.00620	0.00181	0.00265	0.01169	0.00512	0.00444
15	0.00636	0.00478	0.00589	0.00636	0.00725	0.00431	0.00449	0.00772	0.01132	0.01493	0.22140	0.42051	0.23895	0.01367	0.00621	0.00185	0.00270	0.01210	0.00491	0.00431
16	0.02188	0.00991	0.01254	0.00962	0.01356	0.00937	0.00794	0.20036	0.01665	0.61545	0.01812	0.01602	0.01160	0.00621	0.00508	0.00155	0.00460	0.00496	0.00598	0.00860
17	0.00722	0.00542	0.00813	0.00813	0.00903	0.00632	0.00632	0.00903	0.00813	0.01174	0.01354	0.01987	0.01264	0.03792	0.80225	0.00813	0.01354	0.00542	0.00271	0.00451
18	0.01850	0.02269	0.01436	0.01291	0.01542	0.71594	0.00979	0.03760	0.01415	0.03129	0.00813	0.00950	0.00671	0.00548	0.00533	0.00137	0.05872	0.00340	0.00273	0.00597
19	0.01142	0.01810	0.37644	0.01275	0.01786	0.01220	0.05102	0.02130	0.38556	0.01852	0.01473	0.01481	0.01086	0.00578	0.00503	0.00166	0.00584	0.00481	0.00362	0.00770
20	0.01840	0.02329	0.01440	0.01304	0.01549	0.75327	0.00985	0.01970	0.01392	0.01236	0.00774	0.00924	0.00652	0.00544	0.00530	0.00136	0.05891	0.00333	0.00258	0.00584
21	0.01194	0.01364	0.02984	0.02131	0.02643	0.01279	0.77238	0.01620	0.01194	0.01620	0.01023	0.01364	0.00767	0.00426	0.00597	0.00171	0.00853	0.00597	0.00256	0.00682
22	0.00612	0.00489	0.00548	0.00584	0.00705	0.00425	0.00419	0.00734	0.01110	0.01385	0.09244	0.30330	0.48910	0.01365	0.00613	0.00181	0.00267	0.01180	0.00475	0.00425
23	0.01258	0.01086	0.01143	0.01029	0.01315	0.01258	0.00800	0.02687	0.78161	0.02115	0.02058	0.01887	0.01544	0.00686	0.00515	0.00172	0.00400	0.00572	0.00515	0.00800
24	0.00726	0.00503	0.00612	0.00593	0.00651	0.00484	0.00389	0.00842	0.01074	0.01490	0.39134	0.03537	0.03264	0.42752	0.01612	0.00329	0.00368	0.00822	0.00428	0.00389
25	0.00711	0.00513	0.00671	0.00640	0.00754	0.00474	0.00477	0.00942	0.01408	0.01990	0.74938	0.07754	0.04699	0.01062	0.00599	0.00161	0.00241	0.00941	0.00552	0.00474
26	0.01057	0.01056	0.01666	0.01377	0.01476	0.01351	0.13782	0.01230	0.00854	0.01280	0.00864	0.02892	0.00820	0.01234	0.12582	0.00296	0.54885	0.00502	0.00239	0.00558
27	0.00616	0.00440	0.00587	0.00704	0.00733	0.00411	0.00469	0.00704	0.00968	0.01291	0.02787	0.81899	0.03344	0.01584	0.00645	0.00205	0.00293	0.01438	0.00469	0.00411
28	0.01188	0.01346	0.02886	0.02076	0.02553	0.01297	0.72039	0.01592	0.01165	0.01592	0.00998	0.01346	0.00760	0.00458	0.00669	0.00174	0.06347	0.00586	0.00253	0.00673
29	0.01158	0.01106	0.01883	0.27736	0.55175	0.01177	0.01505	0.01470	0.01107	0.01538	0.00935	0.01282	0.00761	0.00468	0.00502	0.00156	0.00624	0.00450	0.00242	0.00725
30	0.01049	0.00899	0.01049	0.00749	0.01198	0.00674	0.00599	0.01273	0.01049	0.01648	0.00899	0.01049	0.00749	0.00374	0.00374	0.00075	0.00374	0.00300	0.00300	0.85320
31	0.01615	0.01740	0.01305	0.01158	0.01437	0.39636	0.00889	0.11021	0.28148	0.01810	0.05176	0.01429	0.01191	0.00614	0.00489	0.00149	0.00659	0.00456	0.00392	0.00687
32	0.01675	0.00841	0.01093	0.00900	0.01195	0.00802	0.01923	0.07103	0.06185	0.43251	0.02225	0.13944	0.08355	0.00833	0.00593	0.00167	0.04523	0.00690	0.00537	0.03166
33	0.01095	0.01098	0.01591	0.60886	0.15014	0.09115	0.01384	0.01406	0.01075	0.01342	0.00895	0.01289	0.00691	0.00499	0.00500	0.00162	0.00687	0.00437	0.00232	0.00601
34	0.01292	0.01103	0.01480	0.07892	0.24401	0.04173	0.02812	0.17489	0.01375	0.03797	0.01271	0.12535	0.01155	0.00640	0.00500	0.00146	0.00526	0.00562	0.00352	0.16501

[dist]
# distance from previous block
# <min> <max>
0	1

[block]
# block no. 5 follows, 49 sequences, length 19
# corresponding to MSA columns:
# 186-204
name=unknown_F
#
# <colnr> <probs for GDERKNQSTAVLIFYWHMCP>
#	G	D	E	R	K	N	Q	S	T	A	V	L	I	F	Y	W	H	M	C	P
0	0.37706	0.01294	0.01041	0.00923	0.01197	0.19198	0.00734	0.05354	0.07272	0.07274	0.05569	0.01364	0.01048	0.00603	0.00486	0.00158	0.04827	0.02985	0.00362	0.00606
1	0.06774	0.00805	0.00945	0.00793	0.01072	0.00736	0.00612	0.01208	0.05494	0.01585	0.01457	0.23472	0.01493	0.00775	0.00555	0.00134	0.06771	0.00640	0.00354	0.44326
2	0.01068	0.02273	0.59974	0.01761	0.13620	0.01189	0.09840	0.01596	0.01093	0.01611	0.00926	0.01126	0.00678	0.00470	0.00496	0.00160	0.00737	0.00409	0.00223	0.00748
3	0.01252	0.01201	0.02053	0.03104	0.79074	0.01201	0.01552	0.01552	0.01151	0.01652	0.00951	0.01252	0.00801	0.00451	0.00501	0.00150	0.00601	0.00451	0.00250	0.00801
4	0.00598	0.00512	0.00512	0.00512	0.00683	0.00427	0.00384	0.00726	0.01153	0.01366	0.05123	0.04866	0.78869	0.01281	0.00598	0.00171	0.00256	0.01067	0.00470	0.00427
5	0.04642	0.01218	0.01374	0.01061	0.01455	0.01285	0.00875	0.49174	0.04251	0.27193	0.01469	0.01381	0.00994	0.00611	0.00501	0.00154	0.00507	0.00470	0.00538	0.00849
6	0.01504	0.01491	0.01205	0.03840	0.01378	0.32989	0.00837	0.17184	0.01467	0.05410	0.01496	0.23884	0.01484	0.00852	0.00553	0.00161	0.02594	0.00682	0.00385	0.00605
7	0.01098	0.00710	0.00932	0.00952	0.01133	0.00718	0.00817	0.07361	0.05789	0.10779	0.02446	0.04660	0.02474	0.01203	0.00650	0.00214	0.00465	0.56546	0.00490	0.00563
8	0.01278	0.64955	0.19577	0.00992	0.01494	0.01819	0.01086	0.01533	0.01036	0.01280	0.00748	0.00868	0.00647	0.00443	0.00359	0.00120	0.00586	0.00293	0.00216	0.00671
9	0.01094	0.00897	0.01053	0.00755	0.01202	0.00677	0.00605	0.01318	0.01064	0.04561	0.00940	0.01074	0.00768	0.00384	0.00380	0.00078	0.00377	0.00307	0.00312	0.82157
10	0.01151	0.01099	0.01871	0.29532	0.53433	0.01175	0.01502	0.01464	0.01104	0.01530	0.00933	0.01284	0.00758	0.00469	0.00502	0.00156	0.00626	0.00450	0.00242	0.00720
11	0.00598	0.00512	0.00512	0.00512	0.00683	0.00427	0.00384	0.00726	0.01153	0.01366	0.05123	0.04866	0.78869	0.01281	0.00598	0.00171	0.00256	0.01067	0.00470	0.00427
12	0.00748	0.00499	0.00599	0.00599	0.00627	0.00518	0.00377	0.00804	0.00776	0.01089	0.01548	0.02928	0.01679	0.59854	0.18405	0.00528	0.00649	0.00675	0.06747	0.00349
13	0.01553	0.01851	0.01483	0.01313	0.01462	0.46468	0.01032	0.01675	0.01151	0.01229	0.00731	0.00995	0.00657	0.00677	0.00972	0.00169	0.35389	0.00376	0.00244	0.00572
14	0.00855	0.00552	0.00693	0.00637	0.00796	0.00494	0.00485	0.01064	0.01372	0.10101	0.54425	0.03799	0.20715	0.01045	0.00587	0.00161	0.00263	0.00905	0.00545	0.00507
15	0.00603	0.00493	0.00532	0.00564	0.00697	0.00422	0.00407	0.00720	0.01103	0.01346	0.04489	0.25777	0.58368	0.01363	0.00611	0.00180	0.00266	0.01168	0.00470	0.00422
16	0.00619	0.00497	0.00553	0.00573	0.00705	0.00431	0.00417	0.00755	0.01153	0.01447	0.15518	0.21638	0.51298	0.01311	0.00608	0.00177	0.00262	0.01126	0.00482	0.00431
17	0.31016	0.01040	0.01044	0.00811	0.01202	0.01032	0.00661	0.18079	0.01275	0.02204	0.00900	0.01005	0.00703	0.00459	0.00382	0.00120	0.00420	0.00325	0.00350	0.36972
18	0.73383	0.01043	0.00858	0.00739	0.01065	0.01199	0.00609	0.12724	0.01085	0.02405	0.00780	0.00880	0.00594	0.00490	0.00341	0.00156	0.00416	0.00301	0.00341	0.00594

[dist]
# distance from previous block
# <min> <max>
0	3

[block]
# block no. 6 follows, 49 sequences, length 35
# corresponding to MSA columns:
# 208-242
name=unknown_G
#
# <colnr> <probs for GDERKNQSTAVLIFYWHMCP>
#	G	D	E	R	K	N	Q	S	T	A	V	L	I	F	Y	W	H	M	C	P
0	0.01468	0.01159	0.01572	0.01256	0.01600	0.01257	0.15209	0.13458	0.38090	0.12260	0.01652	0.01624	0.01209	0.00629	0.00592	0.00169	0.05009	0.00544	0.00463	0.00781
1	0.05622	0.03450	0.39282	0.01209	0.01742	0.01211	0.01317	0.08766	0.22056	0.08378	0.01322	0.01339	0.00951	0.00558	0.00483	0.00161	0.00588	0.00439	0.00361	0.00769
2	0.01012	0.00957	0.01620	0.66028	0.18023	0.01138	0.01433	0.01342	0.01038	0.01361	0.00909	0.01330	0.00698	0.00495	0.00505	0.00165	0.00660	0.00450	0.00230	0.00608
3	0.01240	0.01190	0.02032	0.06076	0.76190	0.01198	0.01546	0.01542	0.01146	0.01638	0.00949	0.01255	0.00796	0.00453	0.00501	0.00151	0.00604	0.00451	0.00249	0.00792
4	0.00821	0.00512	0.00660	0.00688	0.00794	0.00463	0.00490	0.00954	0.01132	0.10413	0.16611	0.48051	0.13816	0.01334	0.00614	0.00187	0.00294	0.01186	0.00503	0.00477
5	0.01682	0.01287	0.01249	0.00977	0.01367	0.16171	0.00781	0.17391	0.01492	0.20483	0.01203	0.01217	0.00873	0.00511	0.00449	0.00121	0.00529	0.00387	0.00413	0.31417
6	0.01029	0.00975	0.01651	0.61455	0.22460	0.01143	0.01441	0.01357	0.01046	0.01382	0.00912	0.01324	0.00706	0.00492	0.00504	0.00164	0.00656	0.00450	0.00231	0.00622
7	0.01231	0.01303	0.01593	0.22662	0.02019	0.15335	0.05065	0.03448	0.01019	0.01314	0.00781	0.01153	0.00675	0.00688	0.01053	0.00187	0.39230	0.00432	0.00239	0.00576
8	0.00614	0.00448	0.00578	0.00682	0.00728	0.00413	0.00460	0.00707	0.00989	0.01300	0.03057	0.73008	0.12061	0.01549	0.00640	0.00201	0.00289	0.01395	0.00469	0.00413
9	0.01116	0.00857	0.00969	0.00850	0.01078	0.00914	0.00663	0.14594	0.25913	0.03623	0.36097	0.02757	0.06742	0.00856	0.00553	0.00162	0.00349	0.00728	0.00531	0.00650
10	0.00772	0.00503	0.00598	0.00574	0.00698	0.00470	0.00430	0.00999	0.01291	0.01918	0.48096	0.03314	0.11145	0.00924	0.00523	0.00148	0.00239	0.00796	0.26090	0.00470
11	0.01897	0.02161	0.01454	0.01268	0.01564	0.60459	0.00973	0.20940	0.01670	0.01727	0.00890	0.00988	0.00704	0.00543	0.00468	0.00136	0.00823	0.00358	0.00322	0.00655
12	0.20629	0.01226	0.01120	0.00952	0.01240	0.11448	0.00757	0.28283	0.05319	0.03462	0.05408	0.07715	0.05533	0.00711	0.00503	0.00158	0.02538	0.00537	0.01803	0.00658
13	0.01830	0.01396	0.01418	0.01117	0.01487	0.07030	0.00911	0.61068	0.06844	0.04833	0.01281	0.01286	0.00923	0.00605	0.00494	0.00150	0.00550	0.00456	0.05509	0.00814
14	0.01211	0.05832	0.01158	0.03201	0.01182	0.14366	0.06069	0.01383	0.03145	0.10974	0.01588	0.16300	0.01565	0.18954	0.04222	0.00260	0.02671	0.00685	0.04705	0.00530
15	0.01422	0.55105	0.05869	0.01228	0.10326	0.15963	0.01010	0.01613	0.01117	0.01270	0.00755	0.00892	0.00666	0.00453	0.00376	0.00119	0.00624	0.00306	0.00228	0.00660
16	0.00657	0.00469	0.00633	0.00750	0.00797	0.00446	0.00540	0.00774	0.01008	0.01336	0.02765	0.66395	0.03256	0.01546	0.00656	0.00211	0.00328	0.16542	0.00469	0.00422
17	0.00715	0.00500	0.00600	0.00590	0.00647	0.00478	0.00385	0.00820	0.01044	0.01429	0.32304	0.07086	0.07344	0.42100	0.01598	0.00329	0.00369	0.00856	0.00421	0.00385
18	0.00742	0.00515	0.00639	0.00635	0.00760	0.00462	0.00466	0.00915	0.01253	0.05658	0.38409	0.22401	0.22856	0.01205	0.00604	0.00173	0.00266	0.01056	0.00518	0.00468
19	0.00663	0.00515	0.00603	0.00581	0.00723	0.00455	0.00436	0.00853	0.01308	0.01734	0.46120	0.04260	0.37642	0.01143	0.00597	0.00164	0.00246	0.00982	0.00518	0.00455
20	0.00878	0.00439	0.00659	0.00659	0.00659	0.00439	0.00439	0.00659	0.00659	0.00878	0.00878	0.01537	0.00878	0.01757	0.01976	0.85288	0.00439	0.00439	0.00220	0.00220
21	0.01258	0.01086	0.01143	0.01029	0.01315	0.01258	0.00800	0.02687	0.78161	0.02115	0.02058	0.01887	0.01544	0.00686	0.00515	0.00172	0.00400	0.00572	0.00515	0.00800
22	0.01221	0.01229	0.02274	0.06841	0.54775	0.01218	0.21766	0.01557	0.01155	0.01625	0.00968	0.01287	0.00785	0.00447	0.00527	0.00157	0.00672	0.00490	0.00250	0.00757
23	0.01933	0.01399	0.01507	0.01155	0.01560	0.01543	0.00954	0.75104	0.02349	0.05511	0.01238	0.01230	0.00872	0.00608	0.00506	0.00152	0.00553	0.00457	0.00510	0.00860
24	0.01922	0.01416	0.01518	0.01163	0.01568	0.01568	0.00961	0.77388	0.02378	0.03187	0.01214	0.01214	0.00860	0.00607	0.00506	0.00152	0.00556	0.00455	0.00506	0.00860
25	0.01194	0.01364	0.02984	0.02131	0.02643	0.01279	0.77238	0.01620	0.01194	0.01620	0.01023	0.01364	0.00767	0.00426	0.00597	0.00171	0.00853	0.00597	0.00256	0.00682
26	0.01891	0.02351	0.01438	0.01294	0.01564	0.75532	0.00976	0.06492	0.01489	0.01353	0.00807	0.00930	0.00664	0.00526	0.00459	0.00132	0.00891	0.00333	0.00275	0.00602
27	0.01014	0.02616	0.79609	0.01441	0.02189	0.01174	0.01868	0.01601	0.01068	0.01601	0.00907	0.01068	0.00641	0.00480	0.00480	0.00160	0.00747	0.00374	0.00214	0.00747
28	0.00719	0.00512	0.00652	0.00620	0.00716	0.00480	0.00444	0.00912	0.01298	0.01826	0.63956	0.03687	0.04207	0.16651	0.00977	0.00223	0.00287	0.00880	0.00509	0.00444
29	0.00725	0.00530	0.00751	0.00751	0.00820	0.00599	0.00555	0.00864	0.00794	0.01128	0.01411	0.02298	0.01399	0.22250	0.61952	0.00737	0.01151	0.00587	0.00279	0.00417
30	0.01049	0.00899	0.01049	0.00749	0.01198	0.00674	0.00599	0.01273	0.01049	0.01648	0.00899	0.01049	0.00749	0.00374	0.00374	0.00075	0.00374	0.00300	0.00300	0.85320
31	0.00878	0.00439	0.00659	0.00659	0.00659	0.00439	0.00439	0.00659	0.00659	0.00878	0.00878	0.01537	0.00878	0.01757	0.01976	0.85288	0.00439	0.00439	0.00220	0.00220
32	0.00955	0.00899	0.01517	0.81013	0.03483	0.01123	0.01404	0.01292	0.01011	0.01292	0.00899	0.01348	0.00674	0.00506	0.00506	0.00169	0.00674	0.00449	0.00225	0.00562
33	0.01049	0.00899	0.01049	0.00749	0.01198	0.00674	0.00599	0.01273	0.01049	0.01648	0.00899	0.01049	0.00749	0.00374	0.00374	0.00075	0.00374	0.00300	0.00300	0.85320
34	0.01235	0.01038	0.01108	0.01002	0.01268	0.01184	0.00775	0.08242	0.63422	0.02104	0.02077	0.11031	0.01698	0.00783	0.00529	0.00174	0.00400	0.00662	0.00509	0.00760

[dist]
# distance from previous block
# <min> <max>
0	1

[block]
# block no. 7 follows, 49 sequences, length 67
# corresponding to MSA columns:
# 244-310
name=unknown_H
#
# <colnr> <probs for GDERKNQSTAVLIFYWHMCP>
#	G	D	E	R	K	N	Q	S	T	A	V	L	I	F	Y	W	H	M	C	P
0	0.00661	0.00516	0.00599	0.00583	0.00727	0.00455	0.00440	0.00845	0.01289	0.01693	0.41062	0.04355	0.40843	0.01163	0.00599	0.00167	0.00253	0.02787	0.00512	0.00452
1	0.01147	0.01149	0.01691	0.46739	0.29031	0.08839	0.01413	0.01451	0.01100	0.01409	0.00905	0.01273	0.00715	0.00488	0.00499	0.00159	0.00672	0.00438	0.00237	0.00646
2	0.01352	0.82533	0.02650	0.00865	0.01298	0.02001	0.00865	0.01514	0.01027	0.01190	0.00703	0.00811	0.00649	0.00433	0.00324	0.00108	0.00541	0.00270	0.00216	0.00649
3	0.01225	0.01349	0.02931	0.02096	0.02604	0.01263	0.75026	0.01644	0.01201	0.03870	0.01051	0.01374	0.00781	0.00432	0.00594	0.00170	0.00840	0.00594	0.00266	0.00687
4	0.01297	0.69626	0.15079	0.00958	0.01442	0.01867	0.01027	0.01528	0.01034	0.01256	0.00736	0.00853	0.00648	0.00440	0.00350	0.00117	0.00574	0.00287	0.00216	0.00665
5	0.00955	0.00899	0.01517	0.81013	0.03483	0.01123	0.01404	0.01292	0.01011	0.01292	0.00899	0.01348	0.00674	0.00506	0.00506	0.00169	0.00674	0.00449	0.00225	0.00562
6	0.02269	0.00861	0.01174	0.00900	0.01291	0.00743	0.00743	0.02464	0.01447	0.79425	0.01995	0.01721	0.01252	0.00626	0.00509	0.00156	0.00430	0.00509	0.00626	0.00861
7	0.01889	0.02410	0.01433	0.01303	0.01563	0.80199	0.00977	0.02019	0.01433	0.01238	0.00782	0.00912	0.00651	0.00521	0.00456	0.00130	0.00912	0.00326	0.00261	0.00586
8	0.00606	0.00481	0.00545	0.00596	0.00705	0.00420	0.00421	0.00716	0.01072	0.01333	0.04100	0.38582	0.45813	0.01414	0.00619	0.00186	0.00272	0.01229	0.00469	0.00420
9	0.01106	0.01106	0.01549	0.01328	0.01328	0.01549	0.01106	0.01217	0.00774	0.01217	0.00664	0.01106	0.00664	0.00885	0.01659	0.00221	0.81303	0.00443	0.00221	0.00553
10	0.00694	0.00516	0.00645	0.00613	0.00742	0.00468	0.00460	0.00911	0.01379	0.01903	0.64959	0.03982	0.18698	0.01080	0.00597	0.00161	0.00242	0.00943	0.00540	0.00468
11	0.00729	0.00515	0.00678	0.00678	0.00722	0.00559	0.00465	0.00817	0.00773	0.01074	0.01477	0.02667	0.01559	0.44119	0.40303	0.00647	0.00910	0.00641	0.00289	0.00377
12	0.01209	0.01158	0.01976	0.14270	0.68241	0.01190	0.01531	0.01515	0.01131	0.01600	0.00944	0.01265	0.00783	0.00458	0.00501	0.00153	0.00611	0.00450	0.00247	0.00767
13	0.00611	0.00458	0.00568	0.00656	0.00721	0.00415	0.00448	0.00710	0.01015	0.01310	0.03376	0.62481	0.22382	0.01508	0.00633	0.00197	0.00284	0.01344	0.00469	0.00415
14	0.01511	0.08105	0.05552	0.02133	0.39616	0.23951	0.01281	0.05382	0.01291	0.05152	0.00941	0.01130	0.00762	0.00486	0.00473	0.00142	0.00682	0.00400	0.00278	0.00730
15	0.62180	0.01000	0.01018	0.09829	0.01388	0.01153	0.04492	0.03364	0.00954	0.05600	0.00811	0.00972	0.00618	0.00502	0.00426	0.00161	0.04308	0.00333	0.00315	0.00578
16	0.01271	0.00844	0.00947	0.00867	0.01073	0.09669	0.02402	0.01434	0.01224	0.22655	0.09634	0.29923	0.03915	0.01038	0.00569	0.00173	0.00425	0.06438	0.00482	0.05015
17	0.01147	0.01209	0.02397	0.22115	0.20849	0.01222	0.40427	0.01522	0.01138	0.01545	0.00975	0.01334	0.00752	0.00452	0.00551	0.00165	0.00749	0.00525	0.00247	0.00680
18	0.00675	0.00487	0.00633	0.00727	0.00789	0.00462	0.00531	0.00794	0.01011	0.01323	0.02865	0.48125	0.10240	0.09350	0.00842	0.00237	0.00352	0.19689	0.00453	0.00416
19	0.01061	0.13586	0.69044	0.01362	0.02066	0.01288	0.01731	0.01589	0.01062	0.01545	0.00879	0.01032	0.00642	0.00474	0.00459	0.00153	0.00719	0.00359	0.00214	0.00734
20	0.01173	0.00866	0.00985	0.00861	0.01075	0.00887	0.00647	0.29671	0.01476	0.02003	0.01818	0.31611	0.01910	0.12150	0.00827	0.00210	0.00429	0.00843	0.00442	0.10115
21	0.00657	0.00485	0.00601	0.00648	0.00726	0.00449	0.00455	0.00782	0.01075	0.01421	0.17686	0.36345	0.19073	0.10630	0.02721	0.00237	0.00331	0.04796	0.00463	0.00419
22	0.01592	0.00724	0.00865	0.00717	0.00976	0.00689	0.00574	0.08932	0.01347	0.34533	0.01753	0.01753	0.01236	0.00606	0.00433	0.00137	0.00348	0.00485	0.41627	0.00671
23	0.00723	0.00539	0.00800	0.00800	0.00886	0.00625	0.00616	0.00895	0.00809	0.01165	0.01366	0.02050	0.01292	0.07573	0.76483	0.00797	0.01313	0.00551	0.00273	0.00444
24	0.00891	0.00588	0.00744	0.00712	0.00803	0.00683	0.00558	0.01090	0.00934	0.01546	0.01406	0.01806	0.01193	0.01723	0.27736	0.00369	0.12406	0.00491	0.43843	0.00476
25	0.00878	0.00439	0.00659	0.00659	0.00659	0.00439	0.00439	0.00659	0.00659	0.00878	0.00878	0.01537	0.00878	0.01757	0.01976	0.85288	0.00439	0.00439	0.00220	0.00220
26	0.01599	0.01256	0.01336	0.01098	0.01445	0.01417	0.00883	0.41093	0.39199	0.02666	0.01624	0.01541	0.01192	0.00645	0.00510	0.00161	0.00481	0.00512	0.00510	0.00831
27	0.01014	0.02616	0.79609	0.01441	0.02189	0.01174	0.01868	0.01601	0.01068	0.01601	0.00907	0.01068	0.00641	0.00480	0.00480	0.00160	0.00747	0.00374	0.00214	0.00747
28	0.01567	0.01894	0.01262	0.01167	0.01381	0.58225	0.00882	0.01711	0.01262	0.01220	0.00940	0.01209	0.00821	0.01425	0.22486	0.00319	0.01034	0.00385	0.00263	0.00549
29	0.01352	0.82533	0.02650	0.00865	0.01298	0.02001	0.00865	0.01514	0.01027	0.01190	0.00703	0.00811	0.00649	0.00433	0.00324	0.00108	0.00541	0.00270	0.00216	0.00649
30	0.01049	0.00899	0.01049	0.00749	0.01198	0.00674	0.00599	0.01273	0.01049	0.01648	0.00899	0.01049	0.00749	0.00374	0.00374	0.00075	0.00374	0.00300	0.00300	0.85320
31	0.00611	0.00478	0.00556	0.00616	0.00716	0.00422	0.00436	0.00722	0.01062	0.01332	0.03919	0.42798	0.40031	0.01433	0.00623	0.00189	0.00279	0.02887	0.00469	0.00420
32	0.15027	0.00981	0.01108	0.00901	0.01180	0.01070	0.05873	0.29514	0.01513	0.02379	0.01262	0.01413	0.00961	0.00647	0.02300	0.00159	0.02397	0.00443	0.30228	0.00644
33	0.00713	0.00512	0.00648	0.00617	0.00719	0.00477	0.00445	0.00908	0.01306	0.01827	0.62786	0.03754	0.07869	0.14159	0.00916	0.00213	0.00280	0.00893	0.00512	0.00447
34	0.01235	0.49412	0.24790	0.01189	0.01722	0.01673	0.10725	0.01552	0.01060	0.01362	0.00802	0.00954	0.00661	0.00446	0.00403	0.00131	0.00639	0.00341	0.00220	0.00681
35	0.00735	0.00490	0.00552	0.00552	0.00552	0.00490	0.00306	0.00735	0.00735	0.00980	0.01593	0.03309	0.01838	0.82229	0.02574	0.00490	0.00490	0.00735	0.00306	0.00306
36	0.01199	0.00876	0.01005	0.00897	0.01101	0.00925	0.00686	0.34296	0.01639	0.02206	0.10942	0.37497	0.02423	0.01092	0.00579	0.00177	0.00402	0.00947	0.00496	0.00615
37	0.00895	0.00807	0.01321	0.49964	0.11330	0.00936	0.01163	0.01159	0.01015	0.01333	0.01426	0.23583	0.01426	0.00797	0.00544	0.00177	0.00561	0.00722	0.00295	0.00547
38	0.01297	0.00953	0.01075	0.00947	0.01172	0.01028	0.00747	0.35106	0.06854	0.02182	0.01823	0.14147	0.01793	0.14078	0.00895	0.00230	0.00481	0.14100	0.00462	0.00631
39	0.01820	0.09539	0.01516	0.01135	0.01479	0.28247	0.00913	0.26999	0.10465	0.11188	0.01205	0.01209	0.00893	0.00572	0.00473	0.00143	0.00643	0.00413	0.00409	0.00740
40	0.07408	0.22432	0.49161	0.01203	0.01815	0.01349	0.01443	0.01630	0.01068	0.06850	0.00915	0.01030	0.00677	0.00478	0.00431	0.00147	0.00648	0.00350	0.00250	0.00716
41	0.01502	0.01464	0.01279	0.01109	0.01334	0.26870	0.00866	0.24335	0.01477	0.01791	0.01076	0.01416	0.00927	0.07243	0.16918	0.00310	0.08680	0.00450	0.00336	0.00618
42	0.01224	0.01483	0.11621	0.01994	0.02527	0.01241	0.65011	0.01658	0.01191	0.05326	0.01056	0.01347	0.00776	0.00442	0.00579	0.00169	0.00820	0.00567	0.00269	0.00698
43	0.00637	0.00502	0.00575	0.00582	0.00714	0.00440	0.00427	0.00793	0.01210	0.01560	0.27702	0.16930	0.43625	0.01253	0.00605	0.00173	0.00257	0.01079	0.00497	0.00440
44	0.00842	0.00774	0.01032	0.04793	0.01112	0.00948	0.00769	0.00963	0.00937	0.01280	0.02426	0.20918	0.23354	0.01141	0.01069	0.00201	0.35758	0.00850	0.00349	0.00485
45	0.01337	0.01026	0.01084	0.00938	0.01214	0.01153	0.00740	0.19889	0.42949	0.02318	0.03553	0.01772	0.01408	0.00656	0.00482	0.00156	0.00400	0.00532	0.17652	0.00740
46	0.00668	0.00484	0.00630	0.00659	0.00743	0.00447	0.00469	0.00838	0.01223	0.01686	0.43267	0.36600	0.07846	0.01277	0.00617	0.00179	0.00262	0.01141	0.00516	0.00447
47	0.01014	0.02616	0.79609	0.01441	0.02189	0.01174	0.01868	0.01601	0.01068	0.01601	0.00907	0.01068	0.00641	0.00480	0.00480	0.00160	0.00747	0.00374	0.00214	0.00747
48	0.01194	0.01364	0.02984	0.02131	0.02643	0.01279	0.77238	0.01620	0.01194	0.01620	0.01023	0.01364	0.00767	0.00426	0.00597	0.00171	0.00853	0.00597	0.00256	0.00682
49	0.01252	0.01201	0.02053	0.03104	0.79074	0.01201	0.01552	0.01552	0.01151	0.01652	0.00951	0.01252	0.00801	0.00451	0.00501	0.00150	0.00601	0.00451	0.00250	0.00801
50	0.00651	0.00514	0.00587	0.00569	0.00716	0.00450	0.00426	0.00829	0.01279	0.01666	0.38573	0.04372	0.45232	0.01169	0.00597	0.00165	0.00248	0.00998	0.00509	0.00450
51	0.01922	0.01416	0.01518	0.01163	0.01568	0.01568	0.00961	0.77388	0.02378	0.03187	0.01214	0.01214	0.00860	0.00607	0.00506	0.00152	0.00556	0.00455	0.00506	0.00860
52	0.01037	0.00982	0.01665	0.59497	0.24359	0.01145	0.01445	0.01364	0.01050	0.01391	0.00913	0.01321	0.00709	0.00490	0.00504	0.00163	0.00654	0.00450	0.00232	0.00628
