[name]
unknown

[dist]
# distance from previous block
# <min> <max>
11	1412

[block]
# block no. 0 follows, 45 sequences, length 17
# corresponding to MSA columns:
# 1503-1519
name=unknown_A
#
# <colnr> <probs for GDERKNQSTAVLIFYWHMCP>
#	G	D	E	R	K	N	Q	S	T	A	V	L	I	F	Y	W	H	M	C	P
0	0.27073	0.13325	0.18700	0.01131	0.04570	0.01375	0.01062	0.07951	0.12545	0.02063	0.01169	0.04827	0.00953	0.00595	0.00447	0.00164	0.00544	0.00442	0.00347	0.00717
1	0.06507	0.07496	0.14262	0.01159	0.01564	0.32768	0.01036	0.01804	0.03295	0.04402	0.01252	0.03143	0.05134	0.00592	0.00473	0.00141	0.00703	0.00428	0.00314	0.13526
2	0.10669	0.02911	0.01486	0.07944	0.01681	0.12853	0.12812	0.04461	0.06496	0.08567	0.07506	0.13882	0.01625	0.00776	0.00571	0.00173	0.02180	0.00671	0.00400	0.02336
3	0.01180	0.24614	0.51232	0.01302	0.01977	0.01450	0.01581	0.01647	0.01120	0.01582	0.00902	0.01056	0.00691	0.00487	0.00455	0.00148	0.00701	0.00360	0.00235	0.07282
4	0.01567	0.01615	0.01230	0.01221	0.07332	0.37009	0.00852	0.08963	0.01424	0.01708	0.01238	0.03316	0.01058	0.05730	0.02257	0.00180	0.00690	0.00468	0.21532	0.00612
5	0.01225	0.01364	0.02921	0.08240	0.02783	0.01305	0.65977	0.01659	0.01250	0.01686	0.01171	0.01696	0.00930	0.00515	0.00632	0.00184	0.00868	0.04609	0.00281	0.00702
6	0.00772	0.00554	0.00756	0.00756	0.00815	0.00613	0.00538	0.00890	0.00831	0.01167	0.01536	0.02651	0.01577	0.33779	0.49577	0.00731	0.01084	0.00654	0.00302	0.00420
7	0.00781	0.00520	0.00585	0.00585	0.00585	0.00520	0.00325	0.00781	0.00781	0.01041	0.01691	0.03513	0.01952	0.81135	0.02732	0.00520	0.00520	0.00781	0.00325	0.00325
8	0.00765	0.00542	0.00718	0.00726	0.00773	0.00585	0.00499	0.00861	0.00836	0.01159	0.01660	0.08184	0.01777	0.39622	0.38238	0.00660	0.00935	0.00736	0.00320	0.00405
9	0.01077	0.02777	0.78354	0.01530	0.02323	0.01247	0.01983	0.01700	0.01133	0.01700	0.00963	0.01133	0.00680	0.00510	0.00510	0.00170	0.00793	0.00397	0.00227	0.00793
10	0.01435	0.81458	0.02813	0.00918	0.01378	0.02124	0.00918	0.01607	0.01091	0.01263	0.00746	0.00861	0.00689	0.00459	0.00344	0.00115	0.00574	0.00287	0.00230	0.00689
11	0.06857	0.02657	0.73006	0.01473	0.02235	0.01244	0.01887	0.01692	0.01118	0.01749	0.00948	0.01115	0.00673	0.00509	0.00498	0.00170	0.00767	0.00389	0.00234	0.00779
12	0.00711	0.00547	0.00650	0.00624	0.00772	0.00486	0.00468	0.00918	0.01404	0.01879	0.49391	0.04461	0.33348	0.01200	0.00634	0.00174	0.00261	0.01034	0.00555	0.00486
13	0.00795	0.00521	0.00587	0.00585	0.00600	0.00518	0.00339	0.00826	0.00846	0.01170	0.05928	0.03435	0.02085	0.71056	0.02451	0.00473	0.00487	0.00772	0.06179	0.00348
14	0.01009	0.00803	0.01240	0.53359	0.02672	0.00962	0.01118	0.01331	0.01091	0.01582	0.01220	0.01621	0.00936	0.00566	0.00483	0.00161	0.00560	0.00485	0.28238	0.00564
15	0.00658	0.00524	0.00579	0.00606	0.00734	0.00458	0.00431	0.00783	0.01167	0.01453	0.09798	0.23345	0.49054	0.06978	0.00793	0.00213	0.00297	0.01192	0.00493	0.00444
16	0.01479	0.57938	0.02379	0.00995	0.01411	0.07315	0.00918	0.04647	0.15361	0.01529	0.01042	0.01098	0.00875	0.00523	0.00399	0.00131	0.00574	0.00358	0.00304	0.00723

[dist]
# distance from previous block
# <min> <max>
0	1

[block]
# block no. 1 follows, 45 sequences, length 16
# corresponding to MSA columns:
# 1521-1536
name=unknown_B
#
# <colnr> <probs for GDERKNQSTAVLIFYWHMCP>
#	G	D	E	R	K	N	Q	S	T	A	V	L	I	F	Y	W	H	M	C	P
0	0.09009	0.01167	0.01843	0.24959	0.43383	0.01275	0.01460	0.04667	0.01191	0.01756	0.00970	0.01309	0.00784	0.00521	0.00559	0.00168	0.03500	0.00460	0.00274	0.00745
1	0.01376	0.01414	0.01910	0.22782	0.36745	0.14177	0.04968	0.03821	0.04560	0.01647	0.01028	0.01329	0.00823	0.00520	0.00531	0.00163	0.00715	0.00469	0.00281	0.00742
2	0.84927	0.01038	0.00789	0.00706	0.01038	0.01204	0.00581	0.01578	0.00914	0.02408	0.00747	0.00872	0.00581	0.00498	0.00332	0.00166	0.00415	0.00291	0.00332	0.00581
3	0.01060	0.01017	0.01620	0.57324	0.03040	0.01322	0.01400	0.01349	0.01001	0.01349	0.00882	0.01357	0.00712	0.00652	0.00888	0.00195	0.23524	0.00475	0.00237	0.00594
4	0.00750	0.00548	0.00704	0.00665	0.00796	0.00502	0.00499	0.00995	0.01497	0.02100	0.72075	0.04097	0.10527	0.01117	0.00633	0.00170	0.00255	0.00983	0.00584	0.00502
5	0.01245	0.01214	0.02023	0.14143	0.46424	0.01349	0.05007	0.01531	0.01114	0.01593	0.00938	0.01315	0.00796	0.00588	0.00809	0.00180	0.18243	0.00484	0.00255	0.00749
6	0.00781	0.00520	0.00585	0.00585	0.00585	0.00520	0.00325	0.00781	0.00781	0.01041	0.01691	0.03513	0.01952	0.81135	0.02732	0.00520	0.00520	0.00781	0.00325	0.00325
7	0.84927	0.01038	0.00789	0.00706	0.01038	0.01204	0.00581	0.01578	0.00914	0.02408	0.00747	0.00872	0.00581	0.00498	0.00332	0.00166	0.00415	0.00291	0.00332	0.00581
8	0.00706	0.00504	0.00660	0.00708	0.00776	0.00470	0.00491	0.00859	0.01216	0.01674	0.33762	0.44213	0.04079	0.06340	0.00790	0.00216	0.00300	0.01250	0.00526	0.00458
9	0.00730	0.00548	0.00676	0.00644	0.00784	0.00494	0.00483	0.00955	0.01449	0.01985	0.60323	0.04285	0.22350	0.01160	0.00633	0.00172	0.00258	0.01009	0.00569	0.00494
10	0.00950	0.00770	0.00878	0.00864	0.01036	0.00823	0.00640	0.01657	0.32281	0.01839	0.12813	0.28988	0.09667	0.01247	0.02804	0.00211	0.00378	0.01011	0.00525	0.00618
11	0.11980	0.17795	0.51365	0.01288	0.01945	0.01398	0.01560	0.01694	0.01109	0.04004	0.00928	0.01068	0.00689	0.00503	0.00456	0.00159	0.00692	0.00366	0.00254	0.00749
12	0.01487	0.01505	0.01270	0.01149	0.01435	0.22591	0.00882	0.02554	0.51925	0.01985	0.06048	0.01832	0.01571	0.00701	0.00534	0.00169	0.00564	0.00556	0.00475	0.00768
13	0.01579	0.01016	0.05482	0.00988	0.01307	0.00949	0.00831	0.12871	0.09882	0.26798	0.06384	0.01975	0.01510	0.04412	0.19290	0.00344	0.00714	0.00570	0.00493	0.02605
14	0.09127	0.22448	0.40649	0.01212	0.01783	0.06200	0.01390	0.01623	0.01116	0.01607	0.02917	0.01238	0.00860	0.05048	0.00578	0.00173	0.00683	0.00392	0.00256	0.00702
15	0.01449	0.08343	0.15183	0.01149	0.01542	0.01396	0.01067	0.26480	0.16486	0.02284	0.04147	0.01644	0.01225	0.06476	0.00749	0.00192	0.05470	0.00514	0.03434	0.00768

[dist]
# distance from previous block
# <min> <max>
3	9

[block]
# block no. 2 follows, 45 sequences, length 49
# corresponding to MSA columns:
# 1548-1573,1590-1612
name=unknown_C
#
# <colnr> <probs for GDERKNQSTAVLIFYWHMCP>
#	G	D	E	R	K	N	Q	S	T	A	V	L	I	F	Y	W	H	M	C	P
0	0.01037	0.09793	0.27685	0.00994	0.01378	0.00976	0.01033	0.03122	0.01129	0.04289	0.10084	0.02452	0.06373	0.23028	0.01134	0.00261	0.00571	0.01889	0.00342	0.02431
1	0.01351	0.35733	0.31986	0.01213	0.01768	0.10311	0.01335	0.03519	0.02941	0.01540	0.03198	0.01111	0.00845	0.00519	0.00443	0.00143	0.00691	0.00369	0.00259	0.00726
2	0.01256	0.37304	0.38647	0.01410	0.08283	0.01635	0.01486	0.01655	0.01122	0.01512	0.00872	0.01030	0.00698	0.00485	0.00439	0.00145	0.00684	0.00355	0.00231	0.00752
3	0.03730	0.00762	0.00948	0.00807	0.01077	0.00687	0.00637	0.05386	0.01425	0.22169	0.25387	0.09458	0.08406	0.00930	0.00571	0.00164	0.00367	0.04117	0.00542	0.12431
4	0.00742	0.00559	0.00716	0.00754	0.00870	0.00490	0.00524	0.00867	0.01057	0.01462	0.04692	0.63897	0.03084	0.01428	0.00631	0.00191	0.00326	0.01287	0.00468	0.15955
5	0.10912	0.03177	0.01459	0.01522	0.19179	0.01179	0.03055	0.22650	0.01500	0.07463	0.01428	0.08071	0.01291	0.12007	0.00836	0.00218	0.00546	0.02377	0.00410	0.00719
6	0.01360	0.01319	0.01924	0.21299	0.47465	0.08832	0.01499	0.03484	0.02886	0.03319	0.01035	0.01342	0.00831	0.00513	0.00529	0.00163	0.00679	0.00469	0.00282	0.00770
7	0.84927	0.01038	0.00789	0.00706	0.01038	0.01204	0.00581	0.01578	0.00914	0.02408	0.00747	0.00872	0.00581	0.00498	0.00332	0.00166	0.00415	0.00291	0.00332	0.00581
8	0.01122	0.11918	0.68004	0.01474	0.02223	0.01351	0.03379	0.01690	0.01131	0.01649	0.00941	0.01108	0.00684	0.00503	0.00493	0.00164	0.00770	0.00389	0.00228	0.00780
9	0.00713	0.00539	0.00658	0.00644	0.00778	0.00484	0.00477	0.00917	0.01386	0.01874	0.49484	0.11829	0.25795	0.01230	0.00639	0.00177	0.00264	0.01072	0.00555	0.00484
10	0.01014	0.00954	0.01610	0.79845	0.03697	0.01193	0.01491	0.01371	0.01073	0.01371	0.00954	0.01431	0.00716	0.00537	0.00537	0.00179	0.00716	0.00477	0.00239	0.00596
11	0.01178	0.00644	0.00836	0.00734	0.00942	0.00575	0.00569	0.01406	0.01491	0.21997	0.49620	0.03568	0.12258	0.01013	0.00609	0.00170	0.00309	0.00876	0.00600	0.00607
12	0.01710	0.00791	0.00973	0.00798	0.01094	0.00733	0.00641	0.08157	0.01480	0.38637	0.07990	0.02318	0.09023	0.00753	0.00513	0.00157	0.00380	0.00615	0.22506	0.00729
13	0.00875	0.00487	0.00657	0.00657	0.00657	0.00487	0.00413	0.00730	0.00730	0.00973	0.01218	0.02339	0.01315	0.31654	0.02336	0.52868	0.00487	0.00584	0.00268	0.00268
14	0.00893	0.00726	0.01037	0.00975	0.01049	0.00912	0.00778	0.01071	0.00874	0.01322	0.01272	0.01855	0.01178	0.02930	0.52116	0.00636	0.21971	0.00541	0.07356	0.00509
15	0.01083	0.00920	0.01080	0.00785	0.01232	0.00698	0.00625	0.01323	0.01147	0.01783	0.07422	0.01358	0.01156	0.00457	0.00417	0.00087	0.00385	0.00373	0.00341	0.77327
16	0.03858	0.58131	0.16149	0.01011	0.01528	0.01820	0.01075	0.01601	0.01095	0.01417	0.00803	0.00931	0.00693	0.00464	0.00378	0.00123	0.00594	0.00309	0.00240	0.07778
17	0.72117	0.01158	0.07342	0.00774	0.01134	0.01167	0.00694	0.01585	0.00947	0.04043	0.00841	0.01007	0.00658	0.02588	0.00415	0.00175	0.00448	0.00322	0.01987	0.00599
18	0.01299	0.05323	0.02110	0.15480	0.40602	0.07853	0.10972	0.01607	0.01201	0.01595	0.01030	0.03085	0.00871	0.00613	0.02495	0.00181	0.02172	0.00503	0.00266	0.00741
19	0.01203	0.16237	0.56483	0.01382	0.02056	0.07941	0.01672	0.01693	0.01161	0.01584	0.01051	0.01195	0.03028	0.00531	0.00483	0.00158	0.00754	0.00396	0.00240	0.00751
20	0.02730	0.08342	0.29571	0.01274	0.05433	0.01074	0.04460	0.01541	0.06166	0.03749	0.11696	0.03745	0.07388	0.00798	0.00559	0.00177	0.00577	0.09669	0.00371	0.00682
21	0.00772	0.00606	0.00705	0.00670	0.00833	0.00569	0.00505	0.01107	0.08758	0.01915	0.44893	0.04219	0.30151	0.01153	0.00625	0.00174	0.00277	0.00992	0.00554	0.00521
22	0.00950	0.00901	0.01458	0.11798	0.01691	0.00997	0.14526	0.01196	0.01142	0.01549	0.13459	0.02747	0.17606	0.01185	0.07481	0.00250	0.17197	0.02943	0.00363	0.00561
23	0.01350	0.05167	0.01632	0.01826	0.28843	0.01228	0.01114	0.08210	0.21881	0.03458	0.03591	0.01743	0.01279	0.00612	0.00519	0.00156	0.00518	0.03678	0.00397	0.12797
24	0.01127	0.02428	0.58646	0.01722	0.02450	0.01276	0.21342	0.01705	0.01168	0.01705	0.00995	0.01216	0.00715	0.00495	0.00542	0.00173	0.00823	0.00459	0.00238	0.00775
25	0.05815	0.01418	0.01852	0.19260	0.09236	0.12940	0.15351	0.15051	0.03126	0.03778	0.01086	0.01332	0.00827	0.00560	0.00575	0.00168	0.03542	0.00484	0.02887	0.00714
26	0.01922	0.01335	0.01692	0.01723	0.21564	0.01401	0.01142	0.42971	0.02000	0.16750	0.01369	0.01398	0.00973	0.00605	0.00536	0.00162	0.00578	0.00492	0.00489	0.00897
27	0.00671	0.00544	0.00596	0.00586	0.00748	0.00468	0.00438	0.00840	0.01305	0.01651	0.26167	0.06487	0.55040	0.01291	0.00635	0.00178	0.00267	0.01095	0.00525	0.00468
28	0.78651	0.01029	0.00824	0.00725	0.01063	0.01173	0.00597	0.01657	0.00961	0.08169	0.00852	0.00945	0.00638	0.00511	0.00348	0.00166	0.00418	0.00310	0.00357	0.00607
29	0.00654	0.00467	0.00623	0.00747	0.00779	0.00436	0.00498	0.00747	0.01028	0.01370	0.02959	0.80785	0.03550	0.01682	0.00685	0.00218	0.00311	0.01526	0.00498	0.00436
30	0.02248	0.00878	0.01194	0.00928	0.01315	0.00761	0.00761	0.02460	0.01535	0.70754	0.09462	0.02040	0.01693	0.00707	0.00549	0.00166	0.00437	0.00582	0.00657	0.00874
31	0.01435	0.81458	0.02813	0.00918	0.01378	0.02124	0.00918	0.01607	0.01091	0.01263	0.00746	0.00861	0.00689	0.00459	0.00344	0.00115	0.00574	0.00287	0.00230	0.00689
32	0.01014	0.00954	0.01610	0.79845	0.03697	0.01193	0.01491	0.01371	0.01073	0.01371	0.00954	0.01431	0.00716	0.00537	0.00537	0.00179	0.00716	0.00477	0.00239	0.00596
33	0.01370	0.01171	0.01234	0.01100	0.01409	0.01352	0.00858	0.06508	0.73103	0.02302	0.02140	0.01967	0.01602	0.00724	0.00546	0.00181	0.00433	0.00601	0.00546	0.00853
34	0.00654	0.00467	0.00623	0.00747	0.00779	0.00436	0.00498	0.00747	0.01028	0.01370	0.02959	0.80785	0.03550	0.01682	0.00685	0.00218	0.00311	0.01526	0.00498	0.00436
35	0.00908	0.00626	0.00876	0.00988	0.01119	0.00623	0.00863	0.01154	0.01244	0.03755	0.02822	0.05936	0.03040	0.01460	0.00736	0.00245	0.00493	0.72107	0.00499	0.00506
36	0.01113	0.00954	0.01113	0.00795	0.01272	0.00716	0.00636	0.01352	0.01113	0.01749	0.00954	0.01113	0.00795	0.00398	0.00398	0.00080	0.00398	0.00318	0.00318	0.84417
37	0.84927	0.01038	0.00789	0.00706	0.01038	0.01204	0.00581	0.01578	0.00914	0.02408	0.00747	0.00872	0.00581	0.00498	0.00332	0.00166	0.00415	0.00291	0.00332	0.00581
38	0.01435	0.81458	0.02813	0.00918	0.01378	0.02124	0.00918	0.01607	0.01091	0.01263	0.00746	0.00861	0.00689	0.00459	0.00344	0.00115	0.00574	0.00287	0.00230	0.00689
39	0.00748	0.00548	0.00701	0.00662	0.00794	0.00501	0.00497	0.00989	0.01491	0.02084	0.70477	0.04122	0.12134	0.01123	0.00633	0.00170	0.00255	0.00987	0.00582	0.00501
40	0.00760	0.00549	0.00718	0.00675	0.00802	0.00506	0.00506	0.01013	0.01519	0.02153	0.77503	0.04010	0.05065	0.01097	0.00633	0.00169	0.00253	0.00971	0.00591	0.00506
41	0.01013	0.00942	0.01581	0.77783	0.03617	0.01175	0.01462	0.01368	0.01075	0.01388	0.00975	0.01446	0.00733	0.00539	0.00532	0.00177	0.00703	0.00478	0.02418	0.00594
42	0.01027	0.00973	0.01613	0.73218	0.03504	0.01231	0.01464	0.01365	0.01052	0.01365	0.00933	0.01409	0.00715	0.00571	0.00640	0.00184	0.07427	0.00476	0.00238	0.00596
43	0.00851	0.00680	0.01031	0.27364	0.01864	0.00751	0.00949	0.01086	0.01113	0.01460	0.02224	0.28163	0.02406	0.01212	0.00648	0.00213	0.00506	0.24918	0.02053	0.00510
44	0.00712	0.00529	0.00682	0.02607	0.00854	0.00491	0.00514	0.00895	0.01295	0.01762	0.39557	0.31091	0.14371	0.01325	0.00649	0.00188	0.00287	0.01176	0.00537	0.00477
45	0.01106	0.00964	0.01212	0.11501	0.03932	0.00797	0.00782	0.01363	0.01111	0.01699	0.00956	0.01162	0.00786	0.00419	0.00420	0.00095	0.00448	0.00344	0.00306	0.70596
46	0.80754	0.05058	0.00890	0.00717	0.01055	0.01250	0.00598	0.01579	0.00922	0.02351	0.00747	0.00871	0.00587	0.00496	0.00333	0.00164	0.00423	0.00290	0.00327	0.00587
47	0.01222	0.01321	0.05825	0.16955	0.33997	0.01265	0.26112	0.01600	0.01201	0.01660	0.01071	0.03339	0.00872	0.00512	0.00569	0.00172	0.00739	0.00551	0.00267	0.00749
48	0.08365	0.30700	0.07869	0.05055	0.24566	0.03841	0.01162	0.01549	0.01101	0.01526	0.00946	0.01310	0.00852	0.08345	0.00658	0.00180	0.00609	0.00412	0.00260	0.00695

[dist]
# distance from previous block
# <min> <max>
0	3

[block]
# block no. 3 follows, 45 sequences, length 38
# corresponding to MSA columns:
# 1616-1634,1636-1654
name=unknown_D
#
# <colnr> <probs for GDERKNQSTAVLIFYWHMCP>
#	G	D	E	R	K	N	Q	S	T	A	V	L	I	F	Y	W	H	M	C	P
0	0.36410	0.01105	0.01036	0.00930	0.01246	0.01280	0.00737	0.02318	0.44968	0.02314	0.01582	0.01528	0.01195	0.00632	0.00456	0.00175	0.00421	0.00474	0.00456	0.00737
1	0.01258	0.01419	0.03045	0.02175	0.02714	0.01319	0.71373	0.01698	0.01258	0.01721	0.01078	0.01428	0.00813	0.00449	0.00619	0.00175	0.00875	0.00615	0.00274	0.05692
2	0.01577	0.00972	0.01479	0.46760	0.02738	0.01075	0.01210	0.06249	0.01326	0.29152	0.01393	0.01565	0.00948	0.00589	0.00538	0.00173	0.00615	0.00500	0.00410	0.00729
3	0.84927	0.01038	0.00789	0.00706	0.01038	0.01204	0.00581	0.01578	0.00914	0.02408	0.00747	0.00872	0.00581	0.00498	0.00332	0.00166	0.00415	0.00291	0.00332	0.00581
4	0.00767	0.00575	0.00863	0.00863	0.00959	0.00671	0.00671	0.00959	0.00863	0.01246	0.01438	0.02109	0.01342	0.04026	0.79008	0.00863	0.01438	0.00575	0.00288	0.00479
5	0.00900	0.00521	0.00591	0.00574	0.00699	0.00503	0.00430	0.01151	0.01291	0.02065	0.33536	0.02844	0.02924	0.00823	0.00483	0.00143	0.00251	0.00698	0.49069	0.00503
6	0.01147	0.01071	0.01659	0.50065	0.02884	0.01359	0.03238	0.07381	0.01126	0.01521	0.00916	0.01350	0.00731	0.00654	0.00875	0.00193	0.22467	0.00479	0.00262	0.00623
7	0.01425	0.49240	0.23231	0.01137	0.01666	0.10263	0.01218	0.01718	0.01161	0.03414	0.00851	0.00972	0.00704	0.00489	0.00410	0.00134	0.00674	0.00330	0.00245	0.00716
8	0.00694	0.00548	0.00627	0.00613	0.00769	0.00481	0.00463	0.00883	0.01348	0.01750	0.35596	0.04708	0.44836	0.01253	0.00637	0.00178	0.00271	0.03331	0.00537	0.00477
9	0.01666	0.01743	0.01428	0.07653	0.05265	0.34945	0.01002	0.15596	0.12399	0.01858	0.01281	0.04916	0.01077	0.04347	0.00619	0.00174	0.00720	0.00501	0.02119	0.00693
10	0.00793	0.00565	0.00749	0.00749	0.00875	0.00534	0.00593	0.01045	0.01436	0.02010	0.56467	0.04468	0.04460	0.01181	0.00653	0.00187	0.00314	0.19446	0.02970	0.00503
11	0.01125	0.01004	0.01600	0.40286	0.15787	0.01185	0.02897	0.03607	0.03347	0.01521	0.01026	0.01444	0.00827	0.00693	0.00798	0.06974	0.09901	0.00484	0.04870	0.00625
12	0.02408	0.00914	0.01246	0.00955	0.01370	0.00789	0.00789	0.02616	0.01536	0.78158	0.02118	0.01827	0.01329	0.00664	0.00540	0.00166	0.00457	0.00540	0.00664	0.00914
13	0.01435	0.81458	0.02813	0.00918	0.01378	0.02124	0.00918	0.01607	0.01091	0.01263	0.00746	0.00861	0.00689	0.00459	0.00344	0.00115	0.00574	0.00287	0.00230	0.00689
14	0.00735	0.00530	0.00696	0.00692	0.00797	0.00490	0.00505	0.00951	0.01406	0.01971	0.60241	0.21789	0.04714	0.01233	0.00645	0.00180	0.00267	0.01099	0.00569	0.00490
15	0.01194	0.01112	0.01819	0.26011	0.42873	0.01199	0.01470	0.01612	0.07095	0.01664	0.01242	0.01819	0.01064	0.00602	0.00552	0.00175	0.00632	0.06822	0.00299	0.00743
16	0.00718	0.00547	0.00659	0.00631	0.00776	0.00489	0.00474	0.00932	0.01421	0.01918	0.53419	0.04396	0.29295	0.01185	0.00634	0.00173	0.00259	0.01025	0.00560	0.00489
17	0.00726	0.00513	0.00654	0.00722	0.00806	0.00471	0.00512	0.00859	0.01149	0.03414	0.13579	0.49472	0.15670	0.03137	0.00712	0.00212	0.00317	0.06103	0.00511	0.00462
18	0.84927	0.01038	0.00789	0.00706	0.01038	0.01204	0.00581	0.01578	0.00914	0.02408	0.00747	0.00872	0.00581	0.00498	0.00332	0.00166	0.00415	0.00291	0.00332	0.00581
19	0.01578	0.01253	0.01335	0.01132	0.01477	0.01421	0.00900	0.25105	0.52238	0.04579	0.01910	0.01781	0.01410	0.00701	0.00543	0.00175	0.00476	0.00568	0.00546	0.00871
20	0.01339	0.01273	0.02149	0.05255	0.73824	0.01284	0.01627	0.03606	0.01253	0.01787	0.01016	0.01330	0.00848	0.00484	0.00532	0.00160	0.00639	0.00478	0.00272	0.00845
21	0.00828	0.00659	0.00891	0.00892	0.00971	0.02572	0.00686	0.00987	0.00917	0.01276	0.01672	0.11161	0.01722	0.10529	0.48163	0.00637	0.07738	0.06897	0.00327	0.00474
22	0.00756	0.00549	0.00713	0.00672	0.00800	0.00505	0.00504	0.01006	0.01511	0.02133	0.75449	0.04043	0.07132	0.01105	0.00633	0.00169	0.00254	0.00975	0.00588	0.00505
23	0.00667	0.00543	0.00590	0.00582	0.00746	0.00466	0.00435	0.00831	0.01294	0.01627	0.23671	0.06585	0.57492	0.01300	0.00635	0.00179	0.00268	0.01101	0.00522	0.00466
24	0.01191	0.01135	0.01931	0.36628	0.45525	0.01239	0.01579	0.01527	0.01157	0.01587	0.00985	0.01373	0.00792	0.00504	0.00534	0.00168	0.00672	0.00478	0.00254	0.00740
25	0.02005	0.02558	0.01521	0.01383	0.01659	0.78980	0.01037	0.02143	0.01521	0.01314	0.00830	0.00968	0.00691	0.00553	0.00484	0.00138	0.00968	0.00346	0.00277	0.00622
26	0.00760	0.00549	0.00718	0.00675	0.00802	0.00506	0.00506	0.01013	0.01519	0.02153	0.77503	0.04010	0.05065	0.01097	0.00633	0.00169	0.00253	0.00971	0.00591	0.00506
27	0.01402	0.07545	0.01260	0.00905	0.01285	0.07463	0.00745	0.06768	0.01312	0.11263	0.01375	0.01825	0.01164	0.00610	0.00466	0.00127	0.00481	0.08973	0.06766	0.38265
28	0.02140	0.01171	0.01384	0.01080	0.01488	0.01193	0.00886	0.31154	0.10689	0.40264	0.01803	0.01638	0.01203	0.00664	0.00539	0.00166	0.00505	0.00526	0.00601	0.00906
29	0.01166	0.22331	0.59580	0.01378	0.02088	0.01465	0.01719	0.01677	0.01123	0.01591	0.00909	0.01066	0.00682	0.00497	0.00469	0.00156	0.00739	0.00369	0.00227	0.00767
30	0.01014	0.00954	0.01610	0.79845	0.03697	0.01193	0.01491	0.01371	0.01073	0.01371	0.00954	0.01431	0.00716	0.00537	0.00537	0.00179	0.00716	0.00477	0.00239	0.00596
31	0.00660	0.00472	0.00630	0.00755	0.00788	0.00441	0.00509	0.00758	0.01034	0.01377	0.02955	0.78586	0.03537	0.01676	0.00687	0.00219	0.00317	0.03663	0.00498	0.00438
32	0.01049	0.00987	0.01665	0.66964	0.14084	0.01185	0.01487	0.01394	0.01093	0.01425	0.01014	0.03493	0.00809	0.00558	0.00540	0.00177	0.00694	0.00505	0.00249	0.00628
33	0.01120	0.00905	0.01068	0.00800	0.01220	0.00706	0.00632	0.03048	0.01174	0.04199	0.05177	0.07721	0.01261	0.00552	0.00441	0.00100	0.00389	0.00461	0.00363	0.68663
34	0.00645	0.00519	0.00575	0.00614	0.00745	0.00449	0.00440	0.00771	0.01171	0.01449	0.07114	0.29487	0.51234	0.01454	0.00651	0.00193	0.00284	0.01254	0.00502	0.00449
35	0.01570	0.01276	0.01262	0.01084	0.01365	0.10259	0.00849	0.40018	0.04472	0.02463	0.01777	0.23236	0.01704	0.00941	0.00572	0.00176	0.00539	0.02570	0.03144	0.00723
36	0.01527	0.04002	0.25823	0.04045	0.01932	0.09586	0.05731	0.24040	0.07709	0.03641	0.01191	0.01292	0.00874	0.00571	0.00515	0.00160	0.00685	0.00451	0.02779	0.03446
37	0.00892	0.00503	0.00733	0.00774	0.00807	0.00501	0.00567	0.00804	0.00859	0.01135	0.01574	0.09533	0.01686	0.01756	0.01644	0.56552	0.00460	0.18587	0.00320	0.00314

[dist]
# distance from previous block
# <min> <max>
0	1

[block]
# block no. 4 follows, 45 sequences, length 35
# corresponding to MSA columns:
# 1656-1690
name=unknown_E
#
# <colnr> <probs for GDERKNQSTAVLIFYWHMCP>
#	G	D	E	R	K	N	Q	S	T	A	V	L	I	F	Y	W	H	M	C	P
0	0.02968	0.01088	0.01760	0.44187	0.20861	0.01225	0.05117	0.07761	0.01256	0.04699	0.01066	0.01416	0.00809	0.00534	0.00532	0.00171	0.00666	0.00485	0.02700	0.00699
1	0.01390	0.74800	0.05237	0.00936	0.01388	0.02022	0.00942	0.01578	0.01081	0.01277	0.00788	0.00932	0.00721	0.00639	0.04272	0.00154	0.00624	0.00305	0.00232	0.00682
2	0.07929	0.01092	0.01107	0.00935	0.01208	0.06906	0.00739	0.28180	0.01796	0.04987	0.27848	0.05132	0.08185	0.00871	0.00562	0.00166	0.00452	0.00711	0.00520	0.00675
3	0.01855	0.00931	0.01189	0.00887	0.01328	0.00758	0.00724	0.02076	0.01355	0.45500	0.01620	0.01522	0.01101	0.00550	0.00479	0.00129	0.00431	0.00445	0.00516	0.36604
4	0.00754	0.00545	0.00713	0.00679	0.00801	0.00503	0.00506	0.01000	0.01495	0.02114	0.73787	0.07838	0.04989	0.01127	0.00636	0.00171	0.00256	0.00998	0.00586	0.00503
5	0.00975	0.00508	0.00540	0.00540	0.00661	0.00519	0.00407	0.01219	0.01097	0.01919	0.01717	0.02013	0.01372	0.00994	0.08895	0.00205	0.00379	0.00508	0.75032	0.00498
6	0.00734	0.00523	0.00675	0.00769	0.00819	0.00504	0.00529	0.03726	0.01079	0.01437	0.02775	0.65822	0.03276	0.08563	0.00862	0.00244	0.00353	0.06377	0.00484	0.00449
7	0.29008	0.46410	0.02006	0.00899	0.01296	0.10149	0.00820	0.01656	0.01079	0.01646	0.00756	0.00876	0.00654	0.00482	0.00356	0.00134	0.00564	0.00295	0.00269	0.00646
8	0.01745	0.01466	0.01426	0.01176	0.01537	0.10103	0.00941	0.40275	0.27306	0.02695	0.01701	0.01645	0.04138	0.00690	0.00538	0.00166	0.00564	0.00535	0.00510	0.00841
9	0.00932	0.00466	0.00699	0.00699	0.00699	0.00466	0.00466	0.00699	0.00699	0.00932	0.00932	0.01632	0.00932	0.01865	0.02098	0.84382	0.00466	0.00466	0.00233	0.00233
10	0.00706	0.00547	0.00642	0.00619	0.00769	0.00483	0.00464	0.00908	0.01392	0.01849	0.46374	0.04509	0.36383	0.01211	0.00634	0.00174	0.00261	0.01041	0.00551	0.00483
11	0.84927	0.01038	0.00789	0.00706	0.01038	0.01204	0.00581	0.01578	0.00914	0.02408	0.00747	0.00872	0.00581	0.00498	0.00332	0.00166	0.00415	0.00291	0.00332	0.00581
12	0.01634	0.01269	0.01379	0.01140	0.01485	0.01431	0.00917	0.40225	0.30198	0.02719	0.01641	0.01648	0.01233	0.01052	0.09266	0.00247	0.00623	0.00540	0.00513	0.00841
13	0.01224	0.01057	0.01108	0.01006	0.01290	0.01196	0.00780	0.02523	0.64857	0.02120	0.02699	0.02503	0.13652	0.00828	0.00560	0.00182	0.00401	0.00690	0.00539	0.00787
14	0.01009	0.00917	0.01451	0.04420	0.31765	0.00892	0.05573	0.01302	0.02829	0.01777	0.21329	0.04439	0.18379	0.00852	0.00589	0.00170	0.00470	0.00776	0.00407	0.00654
15	0.03926	0.16431	0.07037	0.01511	0.06391	0.26529	0.12246	0.03291	0.04220	0.01522	0.00934	0.01148	0.00774	0.00650	0.02614	0.00175	0.09223	0.00420	0.00277	0.00681
16	0.00733	0.00548	0.00680	0.00647	0.00785	0.00495	0.00485	0.00961	0.01456	0.02001	0.61950	0.04259	0.20713	0.01154	0.00633	0.00172	0.00257	0.01006	0.00571	0.00495
17	0.01454	0.31856	0.20722	0.01299	0.06298	0.15539	0.01222	0.04205	0.02652	0.04055	0.01133	0.01300	0.03617	0.00560	0.00456	0.00145	0.00684	0.01802	0.00285	0.00718
18	0.01085	0.02594	0.70065	0.06388	0.05983	0.01245	0.01937	0.01677	0.01134	0.01682	0.00965	0.01161	0.00690	0.00510	0.00513	0.00170	0.00781	0.00405	0.00229	0.00784
19	0.01351	0.01078	0.01579	0.02087	0.40482	0.01103	0.01158	0.10802	0.05958	0.04586	0.05459	0.01671	0.01263	0.00585	0.00505	0.00154	0.00509	0.00520	0.18383	0.00766
20	0.01917	0.00805	0.01083	0.00903	0.01216	0.00714	0.00714	0.02138	0.03666	0.55704	0.04234	0.20658	0.01961	0.00919	0.00577	0.00179	0.00416	0.00787	0.00619	0.00788
21	0.00723	0.00547	0.00666	0.00637	0.00779	0.00491	0.00477	0.00942	0.01432	0.01946	0.56289	0.04350	0.26408	0.01175	0.00633	0.00172	0.00259	0.01018	0.00564	0.00491
22	0.00652	0.00475	0.00614	0.00725	0.00773	0.00438	0.00489	0.00750	0.01049	0.01379	0.03226	0.72614	0.11548	0.01647	0.00680	0.00214	0.00307	0.01484	0.00498	0.00438
23	0.01199	0.01144	0.01946	0.34693	0.47398	0.01241	0.01583	0.01534	0.01161	0.01597	0.00987	0.01371	0.00795	0.00502	0.00534	0.00167	0.00670	0.00478	0.00255	0.00746
24	0.01948	0.01403	0.01477	0.01167	0.01561	0.04735	0.00951	0.52465	0.12491	0.11197	0.01497	0.01455	0.01063	0.00654	0.00531	0.00162	0.00558	0.00501	0.03305	0.00878
25	0.06980	0.01271	0.01334	0.01103	0.01451	0.08116	0.02670	0.28415	0.11035	0.11037	0.05857	0.02045	0.01468	0.00735	0.00541	0.00167	0.00543	0.08485	0.00494	0.06252
26	0.01662	0.01584	0.01210	0.01070	0.01317	0.34414	0.00823	0.11952	0.02753	0.07021	0.01275	0.01465	0.01011	0.02595	0.05297	0.00196	0.02995	0.00446	0.20274	0.00641
27	0.84927	0.01038	0.00789	0.00706	0.01038	0.01204	0.00581	0.01578	0.00914	0.02408	0.00747	0.00872	0.00581	0.00498	0.00332	0.00166	0.00415	0.00291	0.00332	0.00581
28	0.09834	0.01009	0.01144	0.00924	0.01269	0.01032	0.00751	0.19722	0.08577	0.31605	0.01726	0.01657	0.01196	0.00642	0.00488	0.00159	0.00442	0.00501	0.16525	0.00797
29	0.00888	0.00784	0.01266	0.52247	0.02679	0.00929	0.01144	0.01154	0.01057	0.01371	0.01653	0.29119	0.01705	0.00936	0.00588	0.00193	0.00575	0.00843	0.00329	0.00540
30	0.00691	0.00524	0.00633	0.00657	0.00769	0.00471	0.00473	0.00851	0.01250	0.01650	0.28585	0.26981	0.27666	0.04031	0.00721	0.00200	0.00290	0.02569	0.00523	0.00462
31	0.01077	0.02777	0.78354	0.01530	0.02323	0.01247	0.01983	0.01700	0.01133	0.01700	0.00963	0.01133	0.00680	0.00510	0.00510	0.00170	0.00793	0.00397	0.00227	0.00793
32	0.00673	0.00565	0.00587	0.00578	0.00757	0.00489	0.00434	0.00869	0.03761	0.01561	0.14015	0.04922	0.66318	0.01307	0.00631	0.00180	0.00275	0.01096	0.00511	0.00473
33	0.08771	0.01122	0.01173	0.02882	0.01359	0.01265	0.00806	0.23711	0.33070	0.02526	0.01691	0.01682	0.01265	0.00661	0.00494	0.00164	0.00448	0.00521	0.15614	0.00775
34	0.01755	0.01330	0.01445	0.01106	0.01533	0.01394	0.00905	0.52200	0.06688	0.02896	0.01274	0.01306	0.00939	0.00590	0.00501	0.00142	0.00527	0.00452	0.02266	0.20751

[dist]
# distance from previous block
# <min> <max>
0	1

[block]
# block no. 5 follows, 45 sequences, length 10
# corresponding to MSA columns:
# 1692-1701
name=unknown_F
#
# <colnr> <probs for GDERKNQSTAVLIFYWHMCP>
#	G	D	E	R	K	N	Q	S	T	A	V	L	I	F	Y	W	H	M	C	P
0	0.01651	0.11069	0.01632	0.01237	0.03212	0.25137	0.03427	0.17554	0.01549	0.05683	0.07807	0.01542	0.01245	0.05748	0.00777	0.00181	0.09008	0.00486	0.00372	0.00683
1	0.01408	0.54636	0.15475	0.01075	0.01552	0.10975	0.01102	0.01654	0.01137	0.01343	0.00828	0.00983	0.00720	0.00658	0.04336	0.00165	0.00701	0.00327	0.00238	0.00688
2	0.00747	0.00515	0.00634	0.00665	0.00687	0.00521	0.00418	0.00798	0.00853	0.01152	0.01968	0.22422	0.02260	0.50434	0.13157	0.00495	0.00600	0.00936	0.00363	0.00375
3	0.16045	0.00763	0.00922	0.00870	0.00980	0.00915	0.00681	0.01154	0.00944	0.01618	0.03932	0.12785	0.01522	0.04565	0.19543	0.00361	0.18435	0.00643	0.12807	0.00514
4	0.12790	0.00980	0.01274	0.01550	0.21695	0.03857	0.00975	0.01604	0.07648	0.09387	0.01722	0.10451	0.01617	0.01184	0.08799	0.00256	0.00610	0.12528	0.00403	0.00671
5	0.00758	0.00511	0.00592	0.00614	0.00620	0.00506	0.00356	0.00775	0.00824	0.01099	0.01915	0.17141	0.02234	0.67122	0.02371	0.00467	0.00484	0.00912	0.00356	0.00345
6	0.04486	0.01102	0.01700	0.23723	0.30506	0.01201	0.04076	0.04942	0.08226	0.01746	0.01564	0.01803	0.08933	0.00632	0.00579	0.00173	0.03012	0.00557	0.00323	0.00718
7	0.01495	0.73169	0.02677	0.00967	0.01407	0.10199	0.00931	0.01664	0.01136	0.01268	0.00755	0.00872	0.00689	0.00469	0.00359	0.00117	0.00615	0.00293	0.00235	0.00682
8	0.01443	0.00989	0.01269	0.01068	0.01309	0.05975	0.04960	0.04535	0.01245	0.22110	0.05412	0.12948	0.01604	0.01296	0.11571	0.00272	0.13189	0.00667	0.00436	0.07702
9	0.03883	0.06981	0.08299	0.01192	0.01472	0.33450	0.01004	0.07224	0.01378	0.01624	0.10677	0.01548	0.01338	0.02798	0.06352	0.00217	0.09135	0.00475	0.00328	0.00627

[dist]
# distance from previous block
# <min> <max>
4	12

[block]
# block no. 6 follows, 45 sequences, length 15
# corresponding to MSA columns:
# 1714-1728
name=unknown_G
#
# <colnr> <probs for GDERKNQSTAVLIFYWHMCP>
#	G	D	E	R	K	N	Q	S	T	A	V	L	I	F	Y	W	H	M	C	P
0	0.00896	0.00628	0.00782	0.00753	0.00892	0.00604	0.00557	0.08289	0.01450	0.04346	0.40787	0.27353	0.08117	0.01234	0.00637	0.00184	0.00311	0.01090	0.00554	0.00534
1	0.00756	0.00531	0.00688	0.00707	0.00745	0.00560	0.00472	0.00838	0.00847	0.01163	0.01796	0.14824	0.01983	0.42060	0.29069	0.00594	0.00809	0.00823	0.00339	0.00396
2	0.00770	0.00562	0.00794	0.00794	0.00866	0.00634	0.00585	0.00914	0.00842	0.01195	0.01501	0.02458	0.01493	0.23193	0.60048	0.00778	0.01210	0.00626	0.00297	0.00441
3	0.01109	0.00954	0.01136	0.04402	0.01383	0.00737	0.00675	0.01353	0.01111	0.01732	0.00954	0.01128	0.00791	0.00404	0.00404	0.00084	0.00412	0.00325	0.00314	0.80592
4	0.77887	0.01167	0.00851	0.00763	0.01091	0.07807	0.00620	0.01626	0.00965	0.02315	0.00754	0.00880	0.00591	0.00503	0.00345	0.00164	0.00462	0.00295	0.00327	0.00585
5	0.01680	0.02016	0.01928	0.01567	0.01911	0.47445	0.23977	0.01926	0.01404	0.01506	0.00998	0.01217	0.00796	0.00529	0.00519	0.00150	0.00879	0.00449	0.08461	0.00642
6	0.00998	0.00859	0.01353	0.01139	0.01392	0.00843	0.17413	0.01478	0.13763	0.03571	0.23599	0.09552	0.10019	0.01006	0.00635	0.00189	0.00470	0.10626	0.00485	0.00608
7	0.00707	0.00523	0.00660	0.00676	0.00782	0.00476	0.00488	0.00892	0.01320	0.01798	0.42911	0.27809	0.16337	0.01320	0.00649	0.00186	0.00274	0.01168	0.00547	0.00476
8	0.00881	0.00654	0.00873	0.00942	0.08352	0.00615	0.00628	0.01167	0.04386	0.04935	0.51720	0.06273	0.14375	0.01061	0.00618	0.00172	0.00310	0.00933	0.00544	0.00560
9	0.72609	0.01001	0.00830	0.00729	0.01059	0.01128	0.00598	0.01651	0.01005	0.09791	0.04767	0.01124	0.00881	0.00545	0.00368	0.00166	0.00411	0.00349	0.00378	0.00610
10	0.01108	0.08781	0.01488	0.37598	0.04166	0.01132	0.01097	0.09247	0.01228	0.01623	0.01382	0.17614	0.01327	0.00760	0.00534	0.00168	0.00571	0.00658	0.00332	0.09186
11	0.00722	0.00525	0.00693	0.00806	0.00871	0.00505	0.00589	0.00895	0.03394	0.01453	0.02992	0.58903	0.05891	0.01597	0.00692	0.00222	0.00355	0.17934	0.00499	0.00462
12	0.08807	0.01098	0.01260	0.00931	0.01387	0.00987	0.03168	0.17673	0.01408	0.02164	0.01013	0.01141	0.00802	0.00462	0.00430	0.00108	0.00458	0.00362	0.00366	0.55976
13	0.06214	0.01461	0.20313	0.01019	0.01559	0.00967	0.01008	0.08426	0.01252	0.04635	0.01016	0.01145	0.00784	0.00464	0.00440	0.00118	0.00517	0.00359	0.00329	0.47976
14	0.00779	0.00610	0.00796	0.00779	0.00932	0.00532	0.02672	0.00918	0.01069	0.01468	0.04115	0.48298	0.08873	0.05716	0.00733	0.00202	0.00358	0.02919	0.00447	0.17784

[dist]
# distance from previous block
# <min> <max>
0	1

[block]
# block no. 7 follows, 45 sequences, length 18
# corresponding to MSA columns:
# 1730-1747
name=unknown_H
#
# <colnr> <probs for GDERKNQSTAVLIFYWHMCP>
#	G	D	E	R	K	N	Q	S	T	A	V	L	I	F	Y	W	H	M	C	P
0	0.01456	0.40748	0.18852	0.01154	0.01660	0.04333	0.05928	0.03891	0.01241	0.10084	0.05185	0.01254	0.01012	0.00536	0.00447	0.00142	0.00627	0.00406	0.00311	0.00733
1	0.01522	0.05153	0.04844	0.34738	0.02543	0.35121	0.01264	0.05850	0.01352	0.01467	0.00910	0.01185	0.00713	0.00545	0.00505	0.00157	0.00816	0.00409	0.00271	0.00637
2	0.14214	0.00754	0.00845	0.00758	0.00974	0.00758	0.00591	0.08489	0.01391	0.09863	0.28159	0.05778	0.14121	0.04504	0.04682	0.00223	0.00414	0.02395	0.00507	0.00580
3	0.01275	0.01206	0.01996	0.02954	0.67191	0.01212	0.01505	0.01647	0.05406	0.01770	0.03055	0.03506	0.03744	0.00567	0.00542	0.00163	0.00596	0.00545	0.00303	0.00818
4	0.01326	0.01366	0.01023	0.00976	0.01119	0.33860	0.00705	0.01327	0.01144	0.01200	0.01630	0.09546	0.10304	0.01228	0.01097	0.30155	0.00641	0.00599	0.00310	0.00445
5	0.00652	0.00475	0.00615	0.00728	0.00773	0.00438	0.00490	0.00750	0.01047	0.01378	0.03199	0.73444	0.10736	0.01650	0.00680	0.00214	0.00308	0.01488	0.00498	0.00438
6	0.01384	0.01268	0.01330	0.01328	0.08831	0.07036	0.00941	0.02683	0.63944	0.02129	0.01971	0.01861	0.01492	0.00691	0.00540	0.00177	0.00485	0.00575	0.00499	0.00833
7	0.01192	0.01025	0.01149	0.00901	0.01316	0.00936	0.00712	0.01886	0.28076	0.01926	0.01392	0.01430	0.01095	0.00515	0.00450	0.00116	0.00407	0.00421	0.00399	0.54654
8	0.01645	0.31773	0.15182	0.01181	0.01669	0.09356	0.01149	0.28170	0.01651	0.02098	0.00985	0.01070	0.00767	0.00543	0.00455	0.00143	0.00656	0.00381	0.00343	0.00780
9	0.01143	0.00981	0.00843	0.00788	0.01004	0.15842	0.00596	0.01287	0.01297	0.11592	0.03779	0.10076	0.44164	0.01211	0.02798	0.00193	0.00468	0.00917	0.00471	0.00547
10	0.01235	0.03324	0.28701	0.01125	0.01680	0.01047	0.01175	0.03482	0.09034	0.06616	0.01156	0.01258	0.00874	0.00508	0.00496	0.00134	0.02393	0.00397	0.00332	0.35033
11	0.00773	0.00594	0.00801	0.00851	0.00969	0.00564	0.02335	0.00939	0.01129	0.01486	0.03064	0.37340	0.13645	0.01453	0.00705	0.00214	0.02327	0.25190	0.00475	0.05144
12	0.01245	0.01139	0.01689	0.01881	0.28622	0.01142	0.04957	0.06328	0.01214	0.01782	0.02887	0.03798	0.00999	0.00588	0.00695	0.00149	0.13020	0.00480	0.00311	0.27072
13	0.01127	0.00859	0.01164	0.08888	0.12140	0.00907	0.00878	0.03942	0.18063	0.07613	0.10738	0.25240	0.02342	0.01064	0.02361	0.00201	0.00460	0.00879	0.00471	0.00662
14	0.01930	0.01976	0.01506	0.01283	0.01613	0.40586	0.00999	0.31746	0.06189	0.02199	0.01171	0.04176	0.00942	0.00642	0.00516	0.00153	0.00761	0.00460	0.00405	0.00745
15	0.01068	0.00992	0.01662	0.55467	0.19632	0.01155	0.01464	0.01407	0.01122	0.01478	0.01150	0.01858	0.00975	0.00616	0.00555	0.00181	0.00677	0.07632	0.00269	0.00642
16	0.01312	0.01259	0.02150	0.07223	0.73985	0.01271	0.01639	0.01633	0.01215	0.01734	0.01007	0.01334	0.00843	0.00481	0.00532	0.00160	0.00642	0.00478	0.00264	0.00837
17	0.33080	0.01350	0.01305	0.13786	0.11226	0.16573	0.00987	0.03447	0.01174	0.05812	0.01047	0.01231	0.02941	0.00565	0.00495	0.00165	0.03444	0.00403	0.00321	0.00647

[dist]
# distance from previous block
# <min> <max>
0	4

[block]
# block no. 8 follows, 45 sequences, length 27
# corresponding to MSA columns:
# 1752-1778
name=unknown_I
#
# <colnr> <probs for GDERKNQSTAVLIFYWHMCP>
#	G	D	E	R	K	N	Q	S	T	A	V	L	I	F	Y	W	H	M	C	P
0	0.05033	0.00989	0.01396	0.32425	0.02298	0.01057	0.01077	0.10457	0.01440	0.33167	0.04243	0.01649	0.01142	0.00620	0.00533	0.00171	0.00566	0.00514	0.00464	0.00759
1	0.01033	0.00892	0.01415	0.04947	0.35006	0.00889	0.01111	0.01298	0.01256	0.01748	0.18403	0.09165	0.02446	0.03280	0.00671	0.00194	0.00499	0.14696	0.00400	0.00649
2	0.00773	0.00549	0.00730	0.00730	0.00780	0.00599	0.00506	0.00873	0.00823	0.01148	0.01559	0.02780	0.01633	0.40882	0.42550	0.00699	0.00999	0.00673	0.00306	0.00406
3	0.01312	0.01133	0.01192	0.01074	0.01374	0.01306	0.00835	0.02784	0.74332	0.02219	0.02292	0.02107	0.04135	0.00749	0.00549	0.00182	0.00420	0.00624	0.00545	0.00837
4	0.00731	0.00544	0.00680	0.00653	0.00786	0.00493	0.00487	0.00956	0.01442	0.01986	0.60647	0.07446	0.18818	0.01172	0.00636	0.00173	0.00259	0.01025	0.00569	0.00493
5	0.01133	0.02380	0.55905	0.01749	0.02467	0.01280	0.24034	0.01706	0.01173	0.01706	0.01000	0.01227	0.00720	0.00493	0.00547	0.00173	0.00827	0.00467	0.00240	0.00773
6	0.01975	0.04870	0.01658	0.04222	0.01730	0.04475	0.01035	0.67355	0.02372	0.03142	0.01237	0.01265	0.00888	0.00629	0.00527	0.00159	0.00608	0.00470	0.00503	0.00881
7	0.00738	0.00570	0.00676	0.00651	0.00800	0.00521	0.00487	0.01000	0.04629	0.01889	0.47011	0.07240	0.29432	0.01193	0.00632	0.00175	0.00269	0.01031	0.00554	0.00500
8	0.01071	0.07143	0.30992	0.20764	0.11068	0.01208	0.03817	0.01490	0.01087	0.01524	0.01031	0.01375	0.00819	0.01068	0.13026	0.00278	0.00848	0.00454	0.00245	0.00692
9	0.01147	0.00966	0.01048	0.00991	0.01224	0.01088	0.00750	0.02273	0.55931	0.02007	0.02475	0.21386	0.04450	0.00981	0.00583	0.00191	0.00392	0.00848	0.00533	0.00736
10	0.01264	0.16215	0.11808	0.01309	0.01729	0.01393	0.15434	0.04692	0.27774	0.01867	0.04134	0.07271	0.01408	0.00675	0.00534	0.00169	0.00585	0.00600	0.00391	0.00749
11	0.29527	0.01306	0.01275	0.01029	0.01411	0.04037	0.00842	0.37098	0.06687	0.09995	0.01230	0.01237	0.00882	0.00600	0.00468	0.00164	0.00522	0.00428	0.00473	0.00789
12	0.00729	0.00548	0.00676	0.00644	0.00783	0.00494	0.00483	0.00954	0.01448	0.01983	0.60104	0.04289	0.22570	0.01161	0.00633	0.00172	0.00258	0.01010	0.00569	0.00494
13	0.01495	0.07282	0.01308	0.01054	0.01284	0.22105	0.00809	0.12048	0.16705	0.01667	0.01196	0.01424	0.00991	0.01007	0.01001	0.26614	0.00618	0.00452	0.00351	0.00592
14	0.00760	0.00549	0.00718	0.00675	0.00802	0.00506	0.00506	0.01013	0.01519	0.02153	0.77503	0.04010	0.05065	0.01097	0.00633	0.00169	0.00253	0.00971	0.00591	0.00506
15	0.01782	0.07929	0.01563	0.01169	0.01404	0.05839	0.00977	0.01944	0.01196	0.34707	0.01330	0.01420	0.00974	0.00757	0.01036	0.00189	0.34145	0.00478	0.00424	0.00740
16	0.00932	0.00466	0.00699	0.00699	0.00699	0.00466	0.00466	0.00699	0.00699	0.00932	0.00932	0.01632	0.00932	0.01865	0.02098	0.84382	0.00466	0.00466	0.00233	0.00233
17	0.01330	0.01322	0.02252	0.01710	0.02144	0.01361	0.40047	0.05380	0.34164	0.02019	0.01572	0.01682	0.01177	0.00581	0.00591	0.00181	0.00683	0.00616	0.00402	0.00787
18	0.00975	0.00503	0.00510	0.00510	0.00621	0.00503	0.00369	0.01197	0.01086	0.01891	0.01744	0.02175	0.01442	0.09882	0.00646	0.00171	0.00281	0.00533	0.74482	0.00480
19	0.01194	0.01138	0.01936	0.36009	0.46124	0.01240	0.01580	0.01529	0.01159	0.01590	0.00986	0.01372	0.00793	0.00503	0.00534	0.00168	0.00671	0.00478	0.00254	0.00742
20	0.03994	0.00855	0.01123	0.00899	0.01245	0.00774	0.00729	0.02271	0.06122	0.55839	0.17804	0.02270	0.02109	0.00755	0.00555	0.00168	0.00411	0.00628	0.00634	0.00817
21	0.01160	0.00881	0.00967	0.00875	0.01100	0.00919	0.00666	0.20386	0.14427	0.03582	0.02981	0.22171	0.21934	0.04555	0.00695	0.00200	0.00404	0.00947	0.00512	0.00638
22	0.05304	0.01294	0.01381	0.01079	0.01471	0.01390	0.00881	0.52017	0.06320	0.02932	0.03018	0.01474	0.02572	0.00637	0.00506	0.00151	0.00515	0.00487	0.06120	0.10450
23	0.01344	0.09664	0.34986	0.01707	0.06221	0.09039	0.20414	0.04950	0.01278	0.03953	0.01011	0.01208	0.00754	0.00504	0.00526	0.00163	0.00791	0.00454	0.00271	0.00761
24	0.01202	0.24272	0.22676	0.01019	0.01434	0.01258	0.01050	0.03693	0.04100	0.06239	0.01525	0.03400	0.05232	0.16504	0.00924	0.00228	0.00587	0.03683	0.00326	0.00648
25	0.01262	0.22141	0.13662	0.00990	0.01351	0.04923	0.00935	0.03114	0.10481	0.07710	0.04908	0.15724	0.04384	0.00811	0.00506	0.00162	0.00511	0.00662	0.05090	0.00672
26	0.05195	0.07137	0.18847	0.01262	0.01678	0.22702	0.01182	0.15796	0.03403	0.06501	0.01106	0.02725	0.00863	0.00615	0.00583	0.00160	0.06460	0.00431	0.02621	0.00732

[dist]
# distance from previous block
# <min> <max>
2	9

[block]
# block no. 9 follows, 45 sequences, length 67
# corresponding to MSA columns:
# 1788-1854
name=unknown_J
#
# <colnr> <probs for GDERKNQSTAVLIFYWHMCP>
#	G	D	E	R	K	N	Q	S	T	A	V	L	I	F	Y	W	H	M	C	P
0	0.20911	0.00966	0.01011	0.00809	0.01173	0.02391	0.00648	0.07586	0.01284	0.10926	0.08764	0.03306	0.07005	0.00640	0.00458	0.00137	0.00411	0.00499	0.00422	0.30655
1	0.00811	0.00593	0.00722	0.00782	0.00883	0.00583	0.00550	0.01124	0.12321	0.04035	0.03104	0.57693	0.11803	0.01469	0.00654	0.00207	0.00328	0.01311	0.00511	0.00515
2	0.01179	0.01331	0.09748	0.02296	0.32577	0.01141	0.22188	0.01541	0.01222	0.01716	0.03819	0.06423	0.01319	0.00652	0.00584	0.00175	0.00675	0.07288	0.00310	0.03816
3	0.01249	0.01487	0.06699	0.02146	0.02650	0.01379	0.65181	0.01678	0.01218	0.01678	0.01044	0.01407	0.00798	0.00501	0.00734	0.00186	0.08377	0.00606	0.00266	0.00714
