[name]
unknown

[dist]
# distance from previous block
# <min> <max>
13	222

[block]
# block no. 0 follows, 52 sequences, length 13
# corresponding to MSA columns:
# 338-350
name=unknown_A
#
# <colnr> <probs for GDERKNQSTAVLIFYWHMCP>
#	G	D	E	R	K	N	Q	S	T	A	V	L	I	F	Y	W	H	M	C	P
0	0.25622	0.08716	0.28169	0.07052	0.06338	0.01150	0.01136	0.04555	0.01054	0.10687	0.00929	0.01041	0.00676	0.00474	0.00408	0.00147	0.00546	0.00350	0.00291	0.00660
1	0.20621	0.55984	0.05656	0.00836	0.01229	0.06445	0.00811	0.01478	0.00973	0.01396	0.00688	0.00797	0.00600	0.00430	0.00323	0.00118	0.00516	0.00268	0.00231	0.00601
2	0.37978	0.01049	0.00910	0.00777	0.01066	0.06880	0.00626	0.22004	0.01320	0.02143	0.01773	0.01774	0.18590	0.00665	0.00422	0.00150	0.00425	0.00485	0.00380	0.00582
3	0.00665	0.00513	0.00713	0.00713	0.00818	0.00561	0.00552	0.00827	0.00853	0.01167	0.02117	0.02530	0.19033	0.03088	0.62788	0.00639	0.01059	0.00633	0.00303	0.00427
4	0.01648	0.20553	0.01666	0.01124	0.01426	0.39430	0.00917	0.19107	0.01447	0.01598	0.00818	0.00930	0.00670	0.00522	0.00498	0.00131	0.06257	0.00336	0.00291	0.00633
5	0.00612	0.00440	0.00579	0.00675	0.00720	0.00412	0.00467	0.00714	0.00968	0.01287	0.06986	0.66758	0.06748	0.03679	0.00668	0.00202	0.00294	0.06941	0.00450	0.00399
6	0.08926	0.01413	0.16474	0.03865	0.19333	0.06727	0.01143	0.11015	0.11483	0.08672	0.02378	0.01426	0.00977	0.00551	0.00469	0.00152	0.00553	0.03390	0.00345	0.00710
7	0.01641	0.00790	0.01001	0.00857	0.03377	0.00728	0.00665	0.01990	0.12705	0.48619	0.02572	0.02344	0.19052	0.00746	0.00507	0.00155	0.00375	0.00616	0.00540	0.00720
8	0.00962	0.00676	0.00763	0.00686	0.00782	0.00717	0.00466	0.18334	0.01069	0.01437	0.01422	0.02593	0.01496	0.56621	0.09598	0.00426	0.00564	0.00626	0.00334	0.00427
9	0.09284	0.24244	0.19578	0.01104	0.01513	0.31528	0.01063	0.04016	0.01165	0.01401	0.00762	0.00882	0.00618	0.00465	0.00397	0.00129	0.00685	0.00307	0.00240	0.00618
10	0.01295	0.01535	0.02522	0.01862	0.02298	0.19333	0.60657	0.01639	0.01196	0.01469	0.00928	0.01209	0.00710	0.00429	0.00541	0.00155	0.00830	0.00513	0.00246	0.00633
11	0.02549	0.00920	0.01079	0.00912	0.01176	0.00980	0.05946	0.19011	0.25378	0.02040	0.08676	0.02476	0.18517	0.00784	0.00513	0.00157	0.00397	0.02686	0.05163	0.00639
12	0.01708	0.02094	0.11831	0.01232	0.01578	0.50300	0.01045	0.21269	0.01557	0.01706	0.00870	0.00967	0.00674	0.00515	0.00452	0.00134	0.00767	0.00350	0.00303	0.00649

[dist]
# distance from previous block
# <min> <max>
0	1

[block]
# block no. 1 follows, 52 sequences, length 17
# corresponding to MSA columns:
# 352-368
name=unknown_B
#
# <colnr> <probs for GDERKNQSTAVLIFYWHMCP>
#	G	D	E	R	K	N	Q	S	T	A	V	L	I	F	Y	W	H	M	C	P
0	0.71986	0.01091	0.00832	0.00730	0.01033	0.08004	0.00594	0.07949	0.00994	0.02163	0.00722	0.00826	0.00559	0.00465	0.00327	0.00147	0.00431	0.00281	0.00311	0.00553
1	0.08401	0.00994	0.06294	0.00797	0.01072	0.09620	0.00672	0.04662	0.01286	0.17392	0.25336	0.02393	0.12701	0.00755	0.00494	0.00145	0.00405	0.00616	0.00445	0.05518
2	0.00883	0.00539	0.00836	0.00986	0.12721	0.00535	0.00586	0.00786	0.00767	0.01050	0.07640	0.01616	0.01152	0.01433	0.01565	0.65456	0.00428	0.00462	0.00243	0.00317
3	0.01041	0.00831	0.01113	0.00825	0.01193	0.00664	0.07238	0.01207	0.00976	0.04791	0.00913	0.01129	0.00759	0.00575	0.00616	0.13157	0.00410	0.00340	0.00285	0.61935
4	0.00698	0.13070	0.00845	0.00638	0.00778	0.00637	0.00489	0.00812	0.01008	0.01256	0.03187	0.38850	0.30972	0.01237	0.00557	0.00171	0.00310	0.03638	0.00413	0.00436
5	0.43044	0.14488	0.01216	0.11666	0.01385	0.06628	0.00739	0.01436	0.00934	0.03661	0.00750	0.00908	0.00601	0.00461	0.00387	0.00137	0.03081	0.00301	0.00273	0.07905
6	0.01175	0.01273	0.08437	0.01529	0.06972	0.01383	0.16250	0.10802	0.01058	0.01534	0.00807	0.01128	0.00686	0.00668	0.01084	0.00185	0.43704	0.00450	0.00253	0.00622
7	0.01005	0.00861	0.01005	0.00718	0.01148	0.00646	0.00574	0.01220	0.01005	0.01579	0.00861	0.01005	0.00718	0.00359	0.00359	0.00072	0.00359	0.00287	0.00287	0.85932
8	0.00590	0.00422	0.00562	0.00675	0.00703	0.00394	0.00450	0.00675	0.00928	0.01237	0.02671	0.82653	0.03205	0.01518	0.00619	0.00197	0.00281	0.01378	0.00450	0.00394
9	0.01005	0.00861	0.01005	0.00718	0.01148	0.00646	0.00574	0.01220	0.01005	0.01579	0.00861	0.01005	0.00718	0.00359	0.00359	0.00072	0.00359	0.00287	0.00287	0.85932
10	0.00590	0.00422	0.00562	0.00675	0.00703	0.00394	0.00450	0.00675	0.00928	0.01237	0.02671	0.82653	0.03205	0.01518	0.00619	0.00197	0.00281	0.01378	0.00450	0.00394
11	0.01005	0.00861	0.01005	0.00718	0.01148	0.00646	0.00574	0.01220	0.01005	0.01579	0.00861	0.01005	0.00718	0.00359	0.00359	0.00072	0.00359	0.00287	0.00287	0.85932
12	0.01088	0.37854	0.01736	0.01162	0.16080	0.01242	0.00817	0.01265	0.01057	0.03865	0.08086	0.12018	0.08690	0.00693	0.00435	0.00135	0.00439	0.00570	0.02178	0.00590
13	0.00842	0.00421	0.00631	0.00631	0.00631	0.00421	0.00421	0.00631	0.00631	0.00842	0.00842	0.01473	0.00842	0.01684	0.01894	0.85901	0.00421	0.00421	0.00210	0.00210
14	0.05095	0.02556	0.01304	0.00993	0.01354	0.01137	0.03420	0.39345	0.03148	0.27490	0.01633	0.03563	0.05446	0.00635	0.00487	0.00150	0.00473	0.00506	0.00499	0.00768
15	0.05733	0.05097	0.01485	0.01407	0.16814	0.12150	0.00963	0.30918	0.04186	0.08712	0.01078	0.01145	0.00807	0.00514	0.00451	0.00136	0.00552	0.00399	0.00378	0.07072
16	0.08887	0.04210	0.12478	0.11600	0.11208	0.01167	0.02501	0.14012	0.10078	0.09194	0.01129	0.01261	0.00845	0.00652	0.03718	0.00177	0.03965	0.00422	0.00338	0.02158

[dist]
# distance from previous block
# <min> <max>
0	8

[block]
# block no. 2 follows, 52 sequences, length 48
# corresponding to MSA columns:
# 377-424
name=unknown_C
#
# <colnr> <probs for GDERKNQSTAVLIFYWHMCP>
#	G	D	E	R	K	N	Q	S	T	A	V	L	I	F	Y	W	H	M	C	P
0	0.13137	0.01087	0.01359	0.02790	0.05620	0.02617	0.09088	0.20722	0.06498	0.12648	0.02513	0.01246	0.00901	0.00504	0.00445	0.00135	0.00488	0.00417	0.00389	0.17396
1	0.01239	0.01027	0.01696	0.02421	0.60527	0.01009	0.01262	0.01508	0.01171	0.10396	0.11617	0.01575	0.01327	0.00526	0.00493	0.00146	0.00511	0.00498	0.00319	0.00732
2	0.33217	0.08017	0.10088	0.00895	0.03634	0.01088	0.00783	0.06460	0.08273	0.04544	0.01001	0.03942	0.00810	0.00503	0.00382	0.00136	0.00438	0.00368	0.00323	0.15098
3	0.01011	0.00825	0.00975	0.07524	0.01253	0.00817	0.00672	0.01549	0.23475	0.05196	0.09359	0.02111	0.13669	0.00677	0.00507	0.00136	0.02980	0.00558	0.00401	0.26304
4	0.00617	0.00439	0.00580	0.00665	0.00695	0.00427	0.00444	0.00699	0.00881	0.01183	0.02366	0.62980	0.02793	0.13238	0.09299	0.00296	0.00414	0.01193	0.00408	0.00384
5	0.00809	0.00675	0.00793	0.00735	0.00852	0.04584	0.00568	0.01012	0.02542	0.02934	0.42386	0.04487	0.15118	0.01182	0.06988	0.00210	0.11353	0.00774	0.01524	0.00473
6	0.00706	0.00488	0.00574	0.00562	0.00639	0.00457	0.00376	0.00807	0.01012	0.03357	0.25969	0.07416	0.17650	0.36323	0.01387	0.00293	0.00343	0.00845	0.00412	0.00384
7	0.03390	0.60553	0.19896	0.00961	0.01428	0.01706	0.01044	0.01460	0.00982	0.01256	0.00716	0.00841	0.00618	0.00439	0.00384	0.00119	0.03074	0.00286	0.00209	0.00638
8	0.01519	0.01533	0.01633	0.01961	0.35770	0.25540	0.01169	0.19094	0.01453	0.01793	0.00970	0.01224	0.00799	0.00514	0.00474	0.00141	0.00653	0.02747	0.00305	0.00708
9	0.00659	0.00474	0.00626	0.00646	0.00732	0.00441	0.00472	0.00839	0.01210	0.01682	0.49923	0.30046	0.04022	0.01185	0.00592	0.00171	0.00258	0.05084	0.00501	0.00435
10	0.00821	0.00435	0.00652	0.00652	0.00664	0.00447	0.00447	0.00664	0.00652	0.00881	0.00905	0.01533	0.00893	0.01954	0.12879	0.74088	0.00543	0.00435	0.00217	0.00241
11	0.01273	0.01334	0.08710	0.01827	0.02319	0.01146	0.61438	0.01663	0.01168	0.12477	0.01101	0.01332	0.00790	0.00439	0.00551	0.00161	0.00753	0.00543	0.00291	0.00682
12	0.00693	0.00517	0.00767	0.00767	0.00849	0.00599	0.00591	0.00858	0.00775	0.01116	0.01309	0.01965	0.01238	0.07488	0.77232	0.00764	0.01258	0.00528	0.00261	0.00426
13	0.00972	0.02507	0.80458	0.01381	0.02097	0.01125	0.01790	0.01535	0.01023	0.01535	0.00870	0.01023	0.00614	0.00460	0.00460	0.00153	0.00716	0.00358	0.00205	0.00716
14	0.01198	0.49151	0.31851	0.01050	0.01577	0.01600	0.01196	0.04938	0.01057	0.01375	0.00770	0.00887	0.00628	0.00439	0.00375	0.00124	0.00594	0.00304	0.00219	0.00667
15	0.00612	0.00436	0.00582	0.00692	0.00727	0.00411	0.00477	0.00707	0.00940	0.01249	0.02629	0.73094	0.03126	0.03738	0.00674	0.00207	0.00302	0.08556	0.00445	0.00396
16	0.01189	0.01202	0.00969	0.00869	0.01069	0.27152	0.00663	0.11034	0.01453	0.01752	0.34036	0.02538	0.12516	0.00807	0.00516	0.00144	0.00482	0.00653	0.00423	0.00532
17	0.44740	0.00896	0.00925	0.00755	0.01093	0.00923	0.00623	0.03974	0.01127	0.38675	0.01266	0.01200	0.00848	0.00523	0.00393	0.00150	0.00397	0.00372	0.00445	0.00673
18	0.00594	0.00476	0.00533	0.00572	0.00686	0.00420	0.00409	0.00729	0.02593	0.01307	0.05334	0.34096	0.47895	0.01322	0.00588	0.00176	0.00261	0.01145	0.00452	0.00411
19	0.00654	0.00538	0.00581	0.00562	0.00722	0.00487	0.00424	0.00907	0.07663	0.01528	0.23456	0.04164	0.54343	0.01120	0.00566	0.00161	0.00253	0.00946	0.00475	0.00451
20	0.00983	0.05274	0.77789	0.01362	0.02068	0.01153	0.01758	0.01532	0.01022	0.01521	0.00863	0.01015	0.00614	0.00459	0.00455	0.00152	0.00709	0.00355	0.00205	0.00713
21	0.01209	0.01027	0.01089	0.00972	0.01243	0.01180	0.00758	0.06166	0.71200	0.02073	0.06075	0.01873	0.01612	0.00672	0.00497	0.00163	0.00383	0.00560	0.00495	0.00753
22	0.01184	0.00988	0.01415	0.05817	0.34586	0.01034	0.01050	0.01793	0.25687	0.07641	0.08090	0.01816	0.05544	0.00607	0.00497	0.00153	0.00460	0.00541	0.00381	0.00715
23	0.00590	0.00422	0.00562	0.00675	0.00703	0.00394	0.00450	0.00675	0.00928	0.01237	0.02671	0.82653	0.03205	0.01518	0.00619	0.00197	0.00281	0.01378	0.00450	0.00394
24	0.01133	0.01275	0.02678	0.01941	0.02367	0.01260	0.68022	0.01501	0.01091	0.01501	0.00935	0.01275	0.00722	0.00466	0.00706	0.00170	0.11527	0.00552	0.00241	0.00637
25	0.00940	0.00889	0.01436	0.66690	0.02945	0.01112	0.01269	0.01227	0.00939	0.01245	0.00830	0.01246	0.00648	0.00529	0.00632	0.00164	0.11934	0.00423	0.00218	0.04685
26	0.00781	0.00558	0.00781	0.00892	0.01004	0.00558	0.00781	0.01004	0.01116	0.01450	0.02566	0.05466	0.02789	0.01339	0.00669	0.00223	0.00446	0.76685	0.00446	0.00446
27	0.00604	0.00437	0.00575	0.00681	0.00724	0.00408	0.00471	0.00702	0.00953	0.01258	0.02796	0.71893	0.07732	0.01487	0.00620	0.00197	0.00292	0.07322	0.00450	0.00399
28	0.01006	0.06304	0.68564	0.01424	0.02101	0.01174	0.09728	0.01532	0.01034	0.01517	0.00872	0.01041	0.00627	0.00453	0.00465	0.00152	0.00717	0.00376	0.00209	0.00705
29	0.00987	0.06338	0.76761	0.01355	0.02057	0.01163	0.01745	0.01531	0.01021	0.01516	0.00860	0.01011	0.00614	0.00458	0.00453	0.00151	0.00707	0.00353	0.00205	0.00712
30	0.01205	0.01041	0.01096	0.00986	0.01260	0.01205	0.00767	0.02575	0.79071	0.02027	0.01972	0.01808	0.01479	0.00657	0.00493	0.00164	0.00384	0.00548	0.00493	0.00767
31	0.01014	0.00987	0.01373	0.01188	0.01192	0.01360	0.00976	0.01114	0.00741	0.01146	0.00740	0.01274	0.00756	0.07810	0.05235	0.00259	0.71656	0.00452	0.00221	0.00506
32	0.00692	0.00519	0.00779	0.00779	0.00865	0.00606	0.00606	0.00865	0.00779	0.01125	0.01298	0.01904	0.01211	0.03634	0.81049	0.00779	0.01298	0.00519	0.00260	0.00433
33	0.01569	0.40244	0.01920	0.01052	0.01379	0.43954	0.00886	0.01708	0.01191	0.01165	0.00714	0.00829	0.00623	0.00460	0.00378	0.00115	0.00707	0.00287	0.00230	0.00590
34	0.01205	0.01041	0.01096	0.00986	0.01260	0.01205	0.00767	0.02575	0.79071	0.02027	0.01972	0.01808	0.01479	0.00657	0.00493	0.00164	0.00384	0.00548	0.00493	0.00767
35	0.01037	0.00576	0.00744	0.00656	0.00841	0.00513	0.00508	0.01241	0.01340	0.21118	0.50518	0.03276	0.13847	0.00926	0.00551	0.00153	0.00276	0.00800	0.00539	0.00541
36	0.01636	0.02019	0.01399	0.01254	0.01446	0.62546	0.00965	0.01756	0.01227	0.01181	0.00723	0.00917	0.00627	0.00580	0.00705	0.00145	0.19739	0.00338	0.00241	0.00554
37	0.01226	0.01406	0.00985	0.00974	0.01117	0.42417	0.00703	0.01332	0.01160	0.01210	0.01669	0.40031	0.01860	0.00987	0.00524	0.00159	0.00590	0.00822	0.00346	0.00481
38	0.00705	0.00470	0.00529	0.00529	0.00529	0.00470	0.00294	0.00705	0.00705	0.00940	0.01527	0.03171	0.01762	0.82969	0.02467	0.00470	0.00470	0.00705	0.00294	0.00294
39	0.00686	0.00532	0.00633	0.00619	0.00739	0.02245	0.00465	0.00879	0.01272	0.01724	0.53691	0.10422	0.18730	0.01085	0.00577	0.00161	0.00260	0.04337	0.00500	0.00445
40	0.01315	0.75521	0.06633	0.00860	0.01289	0.01825	0.00876	0.01493	0.01003	0.04460	0.00736	0.00827	0.00646	0.00425	0.00326	0.00108	0.00524	0.00274	0.00224	0.00635
41	0.00695	0.00466	0.00531	0.00541	0.00543	0.00463	0.00307	0.00702	0.00723	0.00964	0.01622	0.09789	0.01882	0.76188	0.02313	0.00447	0.00454	0.00761	0.00307	0.00302
42	0.00744	0.00597	0.00890	0.04679	0.01029	0.00727	0.00692	0.00917	0.00784	0.01135	0.01203	0.01780	0.01120	0.03171	0.68258	0.00686	0.10384	0.00504	0.00252	0.00449
43	0.04116	0.06091	0.08783	0.42440	0.11714	0.05422	0.11925	0.01393	0.01031	0.01373	0.00861	0.01188	0.00663	0.00461	0.00474	0.00153	0.00663	0.00421	0.00226	0.00602
44	0.01932	0.01029	0.01220	0.00947	0.01309	0.01038	0.00779	0.32939	0.05010	0.41650	0.01595	0.01469	0.01062	0.00593	0.00479	0.00147	0.00450	0.00467	0.05082	0.00802
45	0.00701	0.00485	0.00603	0.00603	0.00629	0.00510	0.00387	0.00753	0.00727	0.00995	0.01458	0.02792	0.01597	0.59236	0.25974	0.00562	0.00718	0.00649	0.00283	0.00335
46	0.01093	0.01043	0.01775	0.32461	0.51290	0.01123	0.01434	0.01394	0.01053	0.01454	0.00893	0.01234	0.00722	0.00451	0.00482	0.00150	0.00602	0.00431	0.00231	0.00682
47	0.07056	0.04689	0.01398	0.47750	0.04974	0.07508	0.01114	0.01545	0.01079	0.16806	0.01039	0.01268	0.00747	0.00501	0.00461	0.00152	0.00592	0.00413	0.00300	0.00607

[dist]
# distance from previous block
# <min> <max>
2	13

[block]
# block no. 3 follows, 52 sequences, length 65
# corresponding to MSA columns:
# 438-502
name=unknown_D
#
# <colnr> <probs for GDERKNQSTAVLIFYWHMCP>
#	G	D	E	R	K	N	Q	S	T	A	V	L	I	F	Y	W	H	M	C	P
0	0.08492	0.05638	0.01365	0.54287	0.02561	0.01101	0.01103	0.07754	0.01056	0.03414	0.00943	0.01376	0.00758	0.07515	0.00627	0.00182	0.00585	0.00431	0.00261	0.00552
1	0.17765	0.01366	0.05119	0.01263	0.11045	0.07592	0.00947	0.42218	0.01687	0.02441	0.00984	0.01062	0.00731	0.00519	0.00440	0.00143	0.00538	0.00385	0.00382	0.03372
2	0.01278	0.56265	0.15037	0.00968	0.01397	0.11441	0.00989	0.01497	0.01029	0.01209	0.00744	0.00882	0.00648	0.00583	0.04127	0.00146	0.00631	0.00294	0.00215	0.00621
3	0.00590	0.00422	0.00562	0.00675	0.00703	0.00394	0.00450	0.00675	0.00928	0.01237	0.02671	0.82653	0.03205	0.01518	0.00619	0.00197	0.00281	0.01378	0.00450	0.00394
4	0.01013	0.00957	0.01621	0.52195	0.30388	0.01092	0.01384	0.01321	0.01020	0.01365	0.00915	0.01348	0.00735	0.00484	0.00487	0.00157	0.00617	0.02055	0.00229	0.00617
5	0.01441	0.01412	0.14731	0.01118	0.01511	0.01288	0.02498	0.39914	0.21102	0.02394	0.01409	0.06569	0.01104	0.00637	0.00493	0.00155	0.00516	0.00514	0.00432	0.00760
6	0.00800	0.00628	0.00785	0.00728	0.00728	0.00742	0.00500	0.00829	0.00715	0.01001	0.01288	0.02604	0.01459	0.60902	0.02231	0.00401	0.22400	0.00629	0.00272	0.00357
7	0.00702	0.00479	0.00573	0.00573	0.00589	0.00494	0.00349	0.00733	0.00718	0.00973	0.01486	0.02945	0.01663	0.68789	0.16513	0.00525	0.00618	0.00672	0.00288	0.00318
8	0.01136	0.01324	0.04638	0.01990	0.02462	0.01235	0.72697	0.01533	0.01122	0.01533	0.00961	0.01289	0.00728	0.00431	0.00618	0.00165	0.04685	0.00560	0.00243	0.00649
9	0.00946	0.00865	0.00920	0.00910	0.04627	0.10377	0.00617	0.01071	0.04497	0.01121	0.01373	0.05315	0.03363	0.41718	0.04089	0.00339	0.16528	0.00610	0.00288	0.00428
10	0.00692	0.00519	0.00779	0.00779	0.00865	0.00606	0.00606	0.00865	0.00779	0.01125	0.01298	0.01904	0.01211	0.03634	0.81049	0.00779	0.01298	0.00519	0.00260	0.00433
11	0.01288	0.41911	0.01820	0.00895	0.01237	0.01544	0.00789	0.10244	0.26767	0.01656	0.03304	0.01325	0.01074	0.03633	0.00478	0.00143	0.00466	0.00407	0.00344	0.00675
12	0.00706	0.00573	0.00660	0.00591	0.00793	0.00476	0.00447	0.00876	0.01140	0.01539	0.24085	0.09719	0.34752	0.00983	0.00526	0.00142	0.00270	0.00839	0.00435	0.20449
13	0.01005	0.00861	0.01005	0.00718	0.01148	0.00646	0.00574	0.01220	0.01005	0.01579	0.00861	0.01005	0.00718	0.00359	0.00359	0.00072	0.00359	0.00287	0.00287	0.85932
14	0.00590	0.00489	0.00517	0.00516	0.00667	0.00416	0.00385	0.00728	0.01138	0.01401	0.16028	0.07441	0.65608	0.01203	0.00574	0.00163	0.00244	0.01014	0.00463	0.00416
15	0.01810	0.02310	0.01373	0.01248	0.01498	0.81024	0.00936	0.01935	0.01373	0.01186	0.00749	0.00874	0.00624	0.00499	0.00437	0.00125	0.00874	0.00312	0.00250	0.00562
16	0.00915	0.00861	0.01453	0.81804	0.03338	0.01077	0.01346	0.01238	0.00969	0.01238	0.00861	0.01292	0.00646	0.00484	0.00484	0.00161	0.00646	0.00431	0.00215	0.00538
17	0.00931	0.00891	0.01548	0.76428	0.03283	0.01087	0.06525	0.01259	0.00981	0.01259	0.00869	0.01293	0.00652	0.00479	0.00490	0.00162	0.00658	0.00440	0.00217	0.00546
18	0.01117	0.03288	0.01504	0.01259	0.01287	0.06857	0.01046	0.01225	0.00791	0.01167	0.00645	0.01040	0.00635	0.00813	0.01479	0.00203	0.74482	0.00412	0.00214	0.00535
19	0.01060	0.01060	0.01484	0.01272	0.01272	0.01484	0.01060	0.01166	0.00742	0.01166	0.00636	0.01060	0.00636	0.00848	0.01590	0.00212	0.82082	0.00424	0.00212	0.00530
20	0.00781	0.00558	0.00781	0.00892	0.01004	0.00558	0.00781	0.01004	0.01116	0.01450	0.02566	0.05466	0.02789	0.01339	0.00669	0.00223	0.00446	0.76685	0.00446	0.00446
21	0.00903	0.00452	0.00452	0.00452	0.00565	0.00452	0.00339	0.01129	0.01016	0.01807	0.01581	0.01807	0.01242	0.00565	0.00339	0.00113	0.00226	0.00452	0.85659	0.00452
22	0.00719	0.00503	0.00658	0.00615	0.00735	0.00463	0.00463	0.00947	0.01372	0.03682	0.77964	0.03576	0.04498	0.00982	0.00570	0.00152	0.00233	0.00868	0.00535	0.00465
23	0.01842	0.01357	0.01454	0.01115	0.01503	0.01503	0.00921	0.78330	0.02278	0.03054	0.01163	0.01163	0.00824	0.00582	0.00485	0.00145	0.00533	0.00436	0.00485	0.00824
24	0.00590	0.00422	0.00562	0.00675	0.00703	0.00394	0.00450	0.00675	0.00928	0.01237	0.02671	0.82653	0.03205	0.01518	0.00619	0.00197	0.00281	0.01378	0.00450	0.00394
25	0.16325	0.00844	0.01055	0.00824	0.01187	0.00775	0.00681	0.02204	0.01293	0.67158	0.01704	0.01505	0.01086	0.00575	0.00456	0.00150	0.00406	0.00450	0.00549	0.00774
26	0.00759	0.00533	0.00709	0.00788	0.00868	0.00533	0.00642	0.00919	0.00998	0.01304	0.02269	0.04811	0.02495	0.24659	0.01183	0.00294	0.00453	0.54978	0.00403	0.00403
27	0.00972	0.02507	0.80458	0.01381	0.02097	0.01125	0.01790	0.01535	0.01023	0.01535	0.00870	0.01023	0.00614	0.00460	0.00460	0.00153	0.00716	0.00358	0.00205	0.00716
28	0.00573	0.00491	0.00491	0.00491	0.00655	0.00409	0.00368	0.00695	0.01105	0.01309	0.04909	0.04664	0.79750	0.01227	0.00573	0.00164	0.00245	0.01023	0.00450	0.00409
29	0.00716	0.00520	0.00690	0.00716	0.00833	0.00495	0.00582	0.00935	0.01248	0.01696	0.42741	0.04449	0.09419	0.01150	0.00611	0.00182	0.00318	0.31757	0.00492	0.00449
30	0.01902	0.01039	0.01249	0.00980	0.01331	0.01070	0.00805	0.27916	0.10306	0.41859	0.01607	0.01476	0.01078	0.00612	0.00539	0.00153	0.04269	0.00474	0.00531	0.00804
31	0.00914	0.00833	0.01384	0.76149	0.03145	0.01033	0.01276	0.01231	0.00972	0.01278	0.00911	0.01328	0.00687	0.00490	0.00474	0.00158	0.00617	0.00432	0.06155	0.00532
32	0.00626	0.00482	0.00579	0.00630	0.00738	0.00435	0.00475	0.00764	0.01077	0.01370	0.10622	0.28676	0.35678	0.01315	0.00604	0.00183	0.00291	0.14583	0.00457	0.00415
33	0.05364	0.00666	0.00856	0.00717	0.00962	0.00599	0.00570	0.01581	0.01332	0.37637	0.34578	0.02672	0.08816	0.00806	0.00521	0.00152	0.00321	0.00682	0.00546	0.00624
34	0.01008	0.07152	0.44394	0.02760	0.02018	0.01134	0.21187	0.01479	0.03037	0.01514	0.03399	0.06685	0.00961	0.00537	0.00495	0.00156	0.00676	0.00497	0.00249	0.00663
35	0.00777	0.00671	0.00995	0.00930	0.01029	0.00731	0.07448	0.00936	0.01004	0.01369	0.10878	0.29533	0.10135	0.01163	0.00818	0.00193	0.17598	0.12938	0.00390	0.00462
36	0.00848	0.00689	0.00906	0.10721	0.01118	0.00823	0.00653	0.01036	0.06241	0.01194	0.03865	0.04805	0.01444	0.36049	0.05414	0.00333	0.18543	0.00605	0.04283	0.00431
37	0.01005	0.00861	0.01005	0.00718	0.01148	0.00646	0.00574	0.01220	0.01005	0.01579	0.00861	0.01005	0.00718	0.00359	0.00359	0.00072	0.00359	0.00287	0.00287	0.85932
38	0.01088	0.21904	0.06921	0.00965	0.01269	0.03079	0.11540	0.01317	0.01148	0.08322	0.23215	0.02120	0.06857	0.04970	0.00618	0.00160	0.03001	0.00580	0.00359	0.00569
39	0.00584	0.00447	0.00536	0.00608	0.00685	0.00399	0.00420	0.00682	0.00992	0.01263	0.03487	0.54210	0.31121	0.01412	0.00602	0.00185	0.00268	0.01248	0.00450	0.00399
40	0.12653	0.01012	0.04861	0.00979	0.01342	0.04574	0.08166	0.03143	0.01256	0.48759	0.01603	0.07065	0.01149	0.00615	0.00477	0.00153	0.00475	0.00514	0.00481	0.00723
41	0.01165	0.06021	0.20270	0.16504	0.05439	0.14445	0.10159	0.01467	0.01030	0.01331	0.00805	0.01083	0.00647	0.00539	0.00693	0.00160	0.17009	0.00400	0.00222	0.00610
42	0.00769	0.00642	0.00941	0.07027	0.01111	0.00789	0.00731	0.00925	0.00810	0.01161	0.01355	0.15074	0.01379	0.02463	0.45023	0.00517	0.17915	0.00635	0.00278	0.00455
43	0.00631	0.00436	0.00550	0.00629	0.00652	0.00416	0.00405	0.00697	0.00871	0.01175	0.02331	0.58860	0.02758	0.23303	0.01105	0.00267	0.00330	0.01169	0.03049	0.00369
44	0.00698	0.00513	0.00749	0.00749	0.00829	0.00590	0.00572	0.00856	0.00777	0.01122	0.01325	0.02018	0.01262	0.10827	0.72259	0.00737	0.01201	0.00535	0.01962	0.00420
45	0.00613	0.00455	0.00571	0.00621	0.00699	0.00414	0.00436	0.00744	0.01083	0.01442	0.23945	0.45942	0.18624	0.01318	0.00597	0.00178	0.00260	0.01172	0.00472	0.00414
46	0.00686	0.00495	0.00648	0.00610	0.00724	0.00457	0.00457	0.00914	0.01372	0.01943	0.79691	0.03620	0.04572	0.00991	0.00572	0.00152	0.00229	0.00876	0.00533	0.00457
47	0.01842	0.01357	0.01454	0.01115	0.01503	0.01503	0.00921	0.78330	0.02278	0.03054	0.01163	0.01163	0.00824	0.00582	0.00485	0.00145	0.00533	0.00436	0.00485	0.00824
48	0.00903	0.00452	0.00452	0.00452	0.00565	0.00452	0.00339	0.01129	0.01016	0.01807	0.01581	0.01807	0.01242	0.00565	0.00339	0.00113	0.00226	0.00452	0.85659	0.00452
49	0.00972	0.02507	0.80458	0.01381	0.02097	0.01125	0.01790	0.01535	0.01023	0.01535	0.00870	0.01023	0.00614	0.00460	0.00460	0.00153	0.00716	0.00358	0.00205	0.00716
50	0.00972	0.02507	0.80458	0.01381	0.02097	0.01125	0.01790	0.01535	0.01023	0.01535	0.00870	0.01023	0.00614	0.00460	0.00460	0.00153	0.00716	0.00358	0.00205	0.00716
51	0.01662	0.01065	0.01987	0.01449	0.01881	0.00967	0.39225	0.01959	0.01266	0.41145	0.01449	0.01479	0.00969	0.00505	0.00529	0.00157	0.00614	0.00529	0.00423	0.00740
52	0.00666	0.00480	0.00630	0.00623	0.00720	0.00444	0.00456	0.00864	0.01278	0.01794	0.63446	0.20289	0.04284	0.01102	0.00581	0.00162	0.00240	0.00982	0.00516	0.00444
53	0.02543	0.18596	0.24425	0.00974	0.01359	0.01020	0.01031	0.01374	0.01098	0.09393	0.06337	0.02558	0.06012	0.00770	0.00497	0.00161	0.00511	0.20396	0.00344	0.00600
54	0.01405	0.35091	0.23107	0.01055	0.01541	0.01524	0.01105	0.21824	0.01360	0.06404	0.00928	0.00997	0.00707	0.00482	0.00407	0.00131	0.00569	0.00346	0.00303	0.00713
55	0.01200	0.00818	0.01017	0.00857	0.01099	0.00839	0.06751	0.15228	0.13446	0.09113	0.01828	0.12417	0.05075	0.00724	0.00470	0.00146	0.00382	0.00621	0.24799	0.03172
56	0.01293	0.14722	0.11403	0.04833	0.01576	0.16786	0.09230	0.12897	0.01305	0.02902	0.05049	0.04533	0.07702	0.00610	0.00483	0.00142	0.01702	0.00493	0.00314	0.02025
57	0.01480	0.36347	0.07472	0.01015	0.01444	0.01539	0.04522	0.27155	0.01451	0.06428	0.00949	0.01013	0.00734	0.00480	0.00405	0.00124	0.00535	0.00355	0.00329	0.06222
58	0.00692	0.00519	0.00779	0.00779	0.00865	0.00606	0.00606	0.00865	0.00779	0.01125	0.01298	0.01904	0.01211	0.03634	0.81049	0.00779	0.01298	0.00519	0.00260	0.00433
59	0.00608	0.00492	0.00540	0.00528	0.00676	0.00424	0.00396	0.00764	0.01188	0.01507	0.28278	0.04338	0.56258	0.01153	0.00572	0.00160	0.00240	0.00977	0.00476	0.00424
60	0.03701	0.01656	0.29768	0.01562	0.02072	0.01166	0.33511	0.07553	0.01162	0.04228	0.01036	0.04762	0.00813	0.00516	0.00562	0.00161	0.04323	0.00503	0.00271	0.00674
61	0.03889	0.01080	0.01183	0.01059	0.01197	0.12001	0.02893	0.10265	0.06007	0.01556	0.04845	0.17236	0.01547	0.00907	0.00861	0.00181	0.25729	0.06666	0.00349	0.00551
62	0.01201	0.24216	0.01195	0.00661	0.00908	0.00980	0.00566	0.03009	0.07274	0.10456	0.01382	0.01482	0.01071	0.00533	0.00363	0.00119	0.00349	0.00408	0.43253	0.00575
63	0.02595	0.09517	0.60876	0.01318	0.01934	0.04949	0.04024	0.01565	0.03446	0.01499	0.00873	0.01025	0.00645	0.00475	0.00485	0.00150	0.03355	0.00360	0.00219	0.00691
64	0.01009	0.06879	0.67324	0.01448	0.07042	0.01188	0.01683	0.01510	0.01013	0.01498	0.00850	0.01022	0.00625	0.00474	0.00506	0.00153	0.04501	0.00360	0.00207	0.00706

[dist]
# distance from previous block
# <min> <max>
1	2

[block]
# block no. 4 follows, 52 sequences, length 72
# corresponding to MSA columns:
# 505-576
name=unknown_E
#
# <colnr> <probs for GDERKNQSTAVLIFYWHMCP>
#	G	D	E	R	K	N	Q	S	T	A	V	L	I	F	Y	W	H	M	C	P
0	0.63546	0.04501	0.00943	0.00763	0.01063	0.05424	0.00629	0.09709	0.03378	0.02131	0.00769	0.00873	0.00599	0.00486	0.00381	0.00149	0.03471	0.00298	0.00316	0.00570
1	0.00598	0.00458	0.00552	0.00622	0.00707	0.00412	0.00444	0.00707	0.01008	0.01280	0.03506	0.47492	0.32017	0.01395	0.00605	0.00186	0.00280	0.06877	0.00450	0.00403
2	0.01447	0.09001	0.30365	0.01305	0.03632	0.43379	0.01253	0.01738	0.01207	0.01319	0.00791	0.00929	0.00624	0.00477	0.00436	0.00134	0.00780	0.00328	0.00230	0.00628
3	0.04386	0.01181	0.01255	0.02643	0.01354	0.07202	0.00837	0.42052	0.03627	0.08735	0.04156	0.04144	0.01095	0.00966	0.09288	0.00220	0.05247	0.00485	0.00426	0.00700
4	0.01613	0.00772	0.01004	0.00784	0.01117	0.00658	0.00634	0.01839	0.02928	0.46550	0.17128	0.01908	0.01773	0.00628	0.00477	0.00134	0.00364	0.00524	0.00519	0.18645
5	0.20093	0.26796	0.01520	0.00885	0.01165	0.04445	0.00773	0.01541	0.01001	0.15852	0.01034	0.03356	0.00874	0.00605	0.00592	0.00150	0.14606	0.03789	0.00319	0.00605
6	0.01778	0.00869	0.01127	0.00896	0.01194	0.00853	0.00727	0.14163	0.01357	0.46555	0.01510	0.01495	0.01040	0.00862	0.04330	0.09802	0.06228	0.00460	0.00482	0.04272
7	0.27684	0.01405	0.01122	0.00968	0.01270	0.23227	0.00765	0.15954	0.15121	0.06445	0.01084	0.01110	0.00814	0.00533	0.00416	0.00145	0.00545	0.00371	0.00371	0.00650
8	0.00643	0.00462	0.00610	0.00639	0.00715	0.00429	0.00454	0.00807	0.01173	0.01627	0.45239	0.38972	0.03961	0.01227	0.00593	0.00172	0.00252	0.01101	0.00496	0.00429
9	0.00972	0.02507	0.80458	0.01381	0.02097	0.01125	0.01790	0.01535	0.01023	0.01535	0.00870	0.01023	0.00614	0.00460	0.00460	0.00153	0.00716	0.00358	0.00205	0.00716
10	0.01199	0.01151	0.01967	0.02974	0.79946	0.01151	0.01487	0.01487	0.01103	0.01583	0.00912	0.01199	0.00768	0.00432	0.00480	0.00144	0.00576	0.00432	0.00240	0.00768
11	0.00972	0.02507	0.80458	0.01381	0.02097	0.01125	0.01790	0.01535	0.01023	0.01535	0.00870	0.01023	0.00614	0.00460	0.00460	0.00153	0.00716	0.00358	0.00205	0.00716
12	0.01060	0.01060	0.01484	0.01272	0.01272	0.01484	0.01060	0.01166	0.00742	0.01166	0.00636	0.01060	0.00636	0.00848	0.01590	0.00212	0.82082	0.00424	0.00212	0.00530
13	0.01654	0.00786	0.01013	0.00813	0.01106	0.00731	0.00657	0.11539	0.01495	0.45293	0.26824	0.02221	0.02236	0.00723	0.00514	0.00150	0.00369	0.00606	0.00564	0.00706
14	0.00724	0.00517	0.00716	0.00828	0.00914	0.00509	0.00682	0.00906	0.01060	0.01387	0.02597	0.28479	0.02913	0.01392	0.00654	0.00215	0.00397	0.54232	0.00447	0.00431
15	0.00678	0.00495	0.00637	0.00601	0.00719	0.00454	0.00451	0.00899	0.01353	0.01899	0.74418	0.03693	0.09873	0.01007	0.00572	0.00153	0.00230	0.00887	0.00528	0.00454
16	0.02174	0.00825	0.01125	0.00862	0.01237	0.00712	0.00712	0.02362	0.01387	0.80282	0.01912	0.01649	0.01200	0.00600	0.00487	0.00150	0.00412	0.00487	0.00600	0.00825
17	0.00774	0.00553	0.00772	0.00873	0.00984	0.00551	0.00758	0.00998	0.01134	0.01485	0.08004	0.05336	0.02915	0.01314	0.00662	0.00218	0.00431	0.71340	0.00452	0.00447
18	0.01085	0.01039	0.01745	0.31734	0.46333	0.01147	0.01405	0.01373	0.01029	0.01427	0.00874	0.01223	0.00714	0.00480	0.00560	0.00155	0.06348	0.00431	0.00229	0.00667
19	0.00598	0.00487	0.00513	0.00512	0.00651	0.00420	0.00372	0.00719	0.01089	0.01338	0.12510	0.06455	0.61909	0.09371	0.00763	0.00194	0.00267	0.00985	0.00443	0.00402
20	0.01485	0.00931	0.02584	0.00897	0.01184	0.04600	0.04163	0.17191	0.01477	0.27203	0.14808	0.06101	0.05940	0.00743	0.00508	0.00152	0.00425	0.02813	0.06134	0.00662
21	0.00619	0.00493	0.00554	0.00539	0.00683	0.00429	0.00404	0.00784	0.01213	0.01566	0.35161	0.04241	0.49338	0.01132	0.00572	0.00159	0.00239	0.00964	0.00484	0.00429
22	0.45626	0.00947	0.00927	0.00769	0.01098	0.02927	0.00630	0.04389	0.04609	0.31919	0.01222	0.01176	0.00837	0.00522	0.00389	0.00150	0.00407	0.00368	0.00428	0.00661
23	0.61044	0.05814	0.20137	0.00828	0.01235	0.01142	0.00848	0.01453	0.00882	0.01963	0.00722	0.00844	0.00552	0.00450	0.00339	0.00148	0.00465	0.00285	0.00272	0.00576
24	0.00915	0.00861	0.01453	0.81804	0.03338	0.01077	0.01346	0.01238	0.00969	0.01238	0.00861	0.01292	0.00646	0.00484	0.00484	0.00161	0.00646	0.00431	0.00215	0.00538
25	0.01001	0.06510	0.39708	0.30522	0.02456	0.03274	0.03431	0.01417	0.01001	0.01379	0.00844	0.01111	0.00630	0.00484	0.00513	0.00156	0.04334	0.00386	0.00211	0.00632
26	0.86392	0.00937	0.00712	0.00637	0.00937	0.01087	0.00525	0.01425	0.00825	0.02174	0.00675	0.00787	0.00525	0.00450	0.00300	0.00150	0.00375	0.00262	0.00300	0.00525
27	0.00697	0.00494	0.00637	0.00627	0.00734	0.00456	0.00466	0.00891	0.01260	0.03115	0.56479	0.13992	0.09366	0.03798	0.00644	0.00173	0.00259	0.04959	0.00505	0.00446
28	0.00695	0.00503	0.00679	0.00782	0.00867	0.00487	0.00628	0.00860	0.01047	0.01362	0.02790	0.33332	0.09046	0.01395	0.00643	0.00209	0.00371	0.43432	0.00448	0.00424
29	0.00577	0.00485	0.00500	0.00509	0.00660	0.00409	0.00377	0.00699	0.01096	0.01318	0.06439	0.10976	0.71810	0.01246	0.00576	0.00166	0.00248	0.01048	0.00452	0.00409
30	0.00590	0.00424	0.00560	0.00669	0.00701	0.00394	0.00447	0.00675	0.00933	0.01239	0.02736	0.80393	0.05423	0.01510	0.00617	0.00196	0.00280	0.01367	0.00450	0.00394
31	0.01296	0.83261	0.02539	0.00829	0.01244	0.01917	0.00829	0.01451	0.00985	0.01140	0.00674	0.00777	0.00622	0.00415	0.00311	0.00104	0.00518	0.00259	0.00207	0.00622
32	0.01005	0.00861	0.01005	0.00718	0.01148	0.00646	0.00574	0.01220	0.01005	0.01579	0.00861	0.01005	0.00718	0.00359	0.00359	0.00072	0.00359	0.00287	0.00287	0.85932
33	0.86392	0.00937	0.00712	0.00637	0.00937	0.01087	0.00525	0.01425	0.00825	0.02174	0.00675	0.00787	0.00525	0.00450	0.00300	0.00150	0.00375	0.00262	0.00300	0.00525
34	0.00692	0.00519	0.00779	0.00779	0.00865	0.00606	0.00606	0.00865	0.00779	0.01125	0.01298	0.01904	0.01211	0.03634	0.81049	0.00779	0.01298	0.00519	0.00260	0.00433
35	0.01060	0.01060	0.01484	0.01272	0.01272	0.01484	0.01060	0.01166	0.00742	0.01166	0.00636	0.01060	0.00636	0.00848	0.01590	0.00212	0.82082	0.00424	0.00212	0.00530
36	0.00676	0.00495	0.00634	0.00600	0.00718	0.00453	0.00450	0.00896	0.01349	0.01890	0.73356	0.03708	0.10941	0.01011	0.00572	0.00153	0.00230	0.00889	0.00526	0.00453
37	0.27762	0.00977	0.01072	0.00850	0.01205	0.01002	0.00701	0.18916	0.01413	0.39363	0.01369	0.01279	0.00911	0.00550	0.00430	0.00149	0.00428	0.00407	0.00483	0.00733
38	0.00915	0.00861	0.01453	0.81804	0.03338	0.01077	0.01346	0.01238	0.00969	0.01238	0.00861	0.01292	0.00646	0.00484	0.00484	0.00161	0.00646	0.00431	0.00215	0.00538
39	0.01993	0.00777	0.01045	0.00816	0.01156	0.00678	0.00669	0.02186	0.01356	0.69827	0.06010	0.01767	0.01382	0.00618	0.00480	0.00147	0.00388	0.00505	0.07426	0.00775
40	0.00679	0.00495	0.00638	0.00602	0.00720	0.00454	0.00452	0.00901	0.01355	0.01904	0.75053	0.03685	0.09234	0.01005	0.00572	0.00153	0.00230	0.00885	0.00528	0.00454
41	0.01205	0.01041	0.01096	0.00986	0.01260	0.01205	0.00767	0.02575	0.79071	0.02027	0.01972	0.01808	0.01479	0.00657	0.00493	0.00164	0.00384	0.00548	0.00493	0.00767
42	0.00667	0.00495	0.00622	0.00590	0.00713	0.00449	0.00443	0.00879	0.01328	0.01840	0.67476	0.03790	0.16852	0.01029	0.00572	0.00154	0.00231	0.00900	0.00520	0.00449
43	0.00781	0.00558	0.00781	0.00892	0.01004	0.00558	0.00781	0.01004	0.01116	0.01450	0.02566	0.05466	0.02789	0.01339	0.00669	0.00223	0.00446	0.76685	0.00446	0.00446
44	0.01205	0.01200	0.04029	0.02244	0.42145	0.03107	0.19006	0.07966	0.01198	0.01675	0.01080	0.01339	0.02730	0.00555	0.02532	0.00164	0.02096	0.00477	0.04548	0.00702
45	0.01296	0.83261	0.02539	0.00829	0.01244	0.01917	0.00829	0.01451	0.00985	0.01140	0.00674	0.00777	0.00622	0.00415	0.00311	0.00104	0.00518	0.00259	0.00207	0.00622
46	0.01105	0.01245	0.02698	0.01946	0.02404	0.01167	0.72705	0.01490	0.01129	0.01530	0.01100	0.07043	0.00909	0.00487	0.00575	0.00166	0.00779	0.00629	0.00260	0.00635
47	0.01387	0.01195	0.01255	0.01324	0.15227	0.14325	0.00908	0.26126	0.01515	0.02002	0.01364	0.01985	0.01195	0.00673	0.00486	0.00150	0.00534	0.13928	0.13778	0.00645
48	0.00692	0.00519	0.00779	0.00779	0.00865	0.00606	0.00606	0.00865	0.00779	0.01125	0.01298	0.01904	0.01211	0.03634	0.81049	0.00779	0.01298	0.00519	0.00260	0.00433
49	0.01005	0.00861	0.01005	0.00718	0.01148	0.00646	0.00574	0.01220	0.01005	0.01579	0.00861	0.01005	0.00718	0.00359	0.00359	0.00072	0.00359	0.00287	0.00287	0.85932
50	0.01085	0.01102	0.01481	0.01271	0.01280	0.04115	0.01056	0.01192	0.00763	0.01167	0.00640	0.01054	0.00636	0.00837	0.01552	0.00209	0.79397	0.00420	0.00213	0.00531
51	0.01205	0.01041	0.01096	0.00986	0.01260	0.01205	0.00767	0.02575	0.79071	0.02027	0.01972	0.01808	0.01479	0.00657	0.00493	0.00164	0.00384	0.00548	0.00493	0.00767
52	0.86392	0.00937	0.00712	0.00637	0.00937	0.01087	0.00525	0.01425	0.00825	0.02174	0.00675	0.00787	0.00525	0.00450	0.00300	0.00150	0.00375	0.00262	0.00300	0.00525
53	0.00826	0.00426	0.00620	0.00620	0.00620	0.00426	0.00407	0.00640	0.00640	0.00853	0.00919	0.01664	0.00945	0.10806	0.01958	0.76313	0.00426	0.00453	0.00220	0.00220
54	0.00705	0.00470	0.00529	0.00529	0.00529	0.00470	0.00294	0.00705	0.00705	0.00940	0.01527	0.03171	0.01762	0.82969	0.02467	0.00470	0.00470	0.00705	0.00294	0.00294
55	0.03358	0.01165	0.01114	0.01004	0.01276	0.09172	0.00778	0.02483	0.69392	0.01947	0.01818	0.01690	0.01370	0.00637	0.00483	0.00160	0.00432	0.00517	0.00464	0.00741
56	0.01141	0.01300	0.02818	0.02019	0.02495	0.01233	0.75855	0.01541	0.01132	0.01541	0.00970	0.01300	0.00732	0.00422	0.00603	0.00165	0.03273	0.00567	0.00244	0.00650
57	0.01842	0.01357	0.01454	0.01115	0.01503	0.01503	0.00921	0.78330	0.02278	0.03054	0.01163	0.01163	0.00824	0.00582	0.00485	0.00145	0.00533	0.00436	0.00485	0.00824
58	0.01240	0.31938	0.02176	0.02030	0.42859	0.03650	0.04647	0.01477	0.01069	0.01401	0.00862	0.01142	0.00757	0.00449	0.00424	0.00131	0.00570	0.02251	0.00233	0.00694
59	0.00972	0.02507	0.80458	0.01381	0.02097	0.01125	0.01790	0.01535	0.01023	0.01535	0.00870	0.01023	0.00614	0.00460	0.00460	0.00153	0.00716	0.00358	0.00205	0.00716
60	0.01097	0.00894	0.01178	0.00853	0.01274	0.00710	0.07762	0.01349	0.02481	0.07200	0.02941	0.01159	0.00864	0.00402	0.00396	0.00090	0.00402	0.00347	0.00315	0.68286
61	0.10625	0.01030	0.01395	0.07813	0.01404	0.01406	0.01024	0.01201	0.00770	0.01285	0.00659	0.01049	0.00624	0.00774	0.01355	0.00201	0.66226	0.00406	0.00222	0.00530
62	0.00716	0.00436	0.00515	0.00579	0.00646	0.00417	0.00402	0.00858	0.00969	0.01469	0.02306	0.47535	0.04947	0.01125	0.00504	0.00162	0.00258	0.00993	0.34744	0.00417
63	0.01149	0.01217	0.02424	0.08017	0.31759	0.01187	0.43868	0.01506	0.01116	0.01542	0.00946	0.01265	0.00741	0.00423	0.00531	0.00156	0.00714	0.00509	0.00241	0.00688
64	0.00915	0.00861	0.01453	0.81804	0.03338	0.01077	0.01346	0.01238	0.00969	0.01238	0.00861	0.01292	0.00646	0.00484	0.00484	0.00161	0.00646	0.00431	0.00215	0.00538
65	0.01151	0.47138	0.37394	0.01076	0.01626	0.01563	0.01259	0.01488	0.01002	0.01317	0.00761	0.00887	0.00618	0.00435	0.00378	0.00126	0.00607	0.00303	0.00206	0.00664
66	0.00692	0.00519	0.00779	0.00779	0.00865	0.00606	0.00606	0.00865	0.00779	0.01125	0.01298	0.01904	0.01211	0.03634	0.81049	0.00779	0.01298	0.00519	0.00260	0.00433
67	0.01105	0.00665	0.00721	0.00698	0.04313	0.00694	0.00507	0.16652	0.01274	0.02047	0.01467	0.01650	0.01137	0.00562	0.00374	0.00121	0.00303	0.00448	0.64721	0.00541
68	0.00692	0.00519	0.00779	0.00779	0.00865	0.00606	0.00606	0.00865	0.00779	0.01125	0.01298	0.01904	0.01211	0.03634	0.81049	0.00779	0.01298	0.00519	0.00260	0.00433
69	0.03164	0.01132	0.02442	0.01087	0.06475	0.09729	0.00820	0.14951	0.16053	0.27602	0.09984	0.01670	0.01441	0.00623	0.00487	0.00149	0.00473	0.00503	0.00480	0.00734
70	0.00669	0.00483	0.00654	0.00684	0.00737	0.00513	0.00485	0.00776	0.00812	0.01117	0.01812	0.22357	0.03843	0.23194	0.37511	0.00530	0.00792	0.02320	0.00324	0.00387
71	0.01566	0.01234	0.01331	0.01074	0.01346	0.05417	0.00876	0.50678	0.01791	0.02436	0.01151	0.04839	0.00923	0.00665	0.00673	0.00156	0.15026	0.00471	0.07638	0.00708

[dist]
# distance from previous block
# <min> <max>
0	2

[block]
# block no. 5 follows, 52 sequences, length 16
# corresponding to MSA columns:
# 579-594
name=unknown_F
#
# <colnr> <probs for GDERKNQSTAVLIFYWHMCP>
#	G	D	E	R	K	N	Q	S	T	A	V	L	I	F	Y	W	H	M	C	P
0	0.01749	0.06436	0.01433	0.01118	0.01438	0.33550	0.00892	0.39102	0.01774	0.02126	0.00989	0.01057	0.00753	0.00538	0.00448	0.00133	0.00654	0.00377	0.04745	0.00687
1	0.15161	0.24873	0.03980	0.01045	0.05709	0.10262	0.00856	0.15789	0.04604	0.05905	0.00922	0.01000	0.00724	0.00488	0.00413	0.00130	0.02081	0.00340	0.00317	0.05398
2	0.03741	0.17389	0.01831	0.01867	0.34503	0.18283	0.01143	0.03973	0.01136	0.01436	0.00846	0.01122	0.00739	0.00506	0.00535	0.00140	0.07764	0.02136	0.00247	0.00662
3	0.00700	0.00487	0.00617	0.00617	0.00648	0.00518	0.00404	0.00762	0.00731	0.01005	0.01446	0.02721	0.01566	0.54793	0.30375	0.00580	0.00764	0.00639	0.00282	0.00343
4	0.00629	0.00493	0.00569	0.00550	0.00689	0.00433	0.00412	0.00804	0.01237	0.01624	0.42001	0.04146	0.42461	0.01110	0.00572	0.00158	0.00237	0.00950	0.00491	0.00433
5	0.01132	0.01879	0.44986	0.01216	0.01744	0.01187	0.01346	0.08642	0.29206	0.01845	0.01292	0.01318	0.00944	0.00542	0.00474	0.00157	0.00580	0.00433	0.00333	0.00744
6	0.00842	0.00421	0.00631	0.00631	0.00631	0.00421	0.00421	0.00631	0.00631	0.00842	0.00842	0.01473	0.00842	0.01684	0.01894	0.85901	0.00421	0.00421	0.00210	0.00210
7	0.01187	0.01070	0.01421	0.06176	0.26297	0.03711	0.01072	0.07518	0.24838	0.01743	0.01433	0.01912	0.01224	0.00670	0.00605	0.00167	0.07657	0.10251	0.00358	0.00690
8	0.00972	0.02507	0.80458	0.01381	0.02097	0.01125	0.01790	0.01535	0.01023	0.01535	0.00870	0.01023	0.00614	0.00460	0.00460	0.00153	0.00716	0.00358	0.00205	0.00716
9	0.00915	0.00861	0.01453	0.81804	0.03338	0.01077	0.01346	0.01238	0.00969	0.01238	0.00861	0.01292	0.00646	0.00484	0.00484	0.00161	0.00646	0.00431	0.00215	0.00538
10	0.00954	0.01539	0.36303	0.01092	0.01517	0.00958	0.01183	0.01611	0.20671	0.01653	0.06271	0.02413	0.06339	0.00750	0.00520	0.00170	0.00526	0.14530	0.00356	0.00645
11	0.00996	0.00859	0.00895	0.00822	0.01059	0.00941	0.00635	0.01952	0.53220	0.01789	0.02946	0.02755	0.27431	0.00846	0.00520	0.00164	0.00338	0.00705	0.00479	0.00648
12	0.00915	0.00861	0.01453	0.81804	0.03338	0.01077	0.01346	0.01238	0.00969	0.01238	0.00861	0.01292	0.00646	0.00484	0.00484	0.00161	0.00646	0.00431	0.00215	0.00538
13	0.66450	0.01125	0.00841	0.00741	0.01042	0.12538	0.00596	0.01545	0.00942	0.06534	0.00763	0.00857	0.00585	0.00463	0.00332	0.00144	0.00448	0.00283	0.00310	0.03460
14	0.33253	0.24095	0.14712	0.00911	0.01325	0.01335	0.03357	0.04852	0.05358	0.05600	0.00870	0.00956	0.00672	0.00465	0.00366	0.00139	0.00495	0.00322	0.00290	0.00629
15	0.01137	0.13112	0.17902	0.01952	0.27605	0.01254	0.20833	0.01536	0.04422	0.01533	0.03500	0.01236	0.00862	0.00457	0.00479	0.00146	0.00637	0.00447	0.00250	0.00698

[dist]
# distance from previous block
# <min> <max>
0	1

[block]
# block no. 6 follows, 52 sequences, length 54
# corresponding to MSA columns:
# 596-649
name=unknown_G
#
# <colnr> <probs for GDERKNQSTAVLIFYWHMCP>
#	G	D	E	R	K	N	Q	S	T	A	V	L	I	F	Y	W	H	M	C	P
0	0.01346	0.01104	0.01919	0.01440	0.01832	0.01083	0.37548	0.05473	0.18494	0.16389	0.04111	0.01676	0.04074	0.00557	0.00535	0.00160	0.00592	0.00571	0.00394	0.00703
1	0.01480	0.01283	0.01751	0.01529	0.11512	0.05629	0.18981	0.29587	0.15082	0.04750	0.01239	0.01325	0.00919	0.00531	0.00501	0.00151	0.00588	0.00482	0.01933	0.00746
2	0.00740	0.00571	0.00798	0.00772	0.00825	0.00676	0.00578	0.00859	0.00755	0.01081	0.01279	0.02137	0.01288	0.24251	0.50737	0.00629	0.10797	0.00557	0.00263	0.00408
