[name]
unknown

[dist]
# distance from previous block
# <min> <max>
5	237

[block]
# block no. 0 follows, 48 sequences, length 13
# corresponding to MSA columns:
# 242-254
name=unknown_A
#
# <colnr> <probs for GDERKNQSTAVLIFYWHMCP>
#	G	D	E	R	K	N	Q	S	T	A	V	L	I	F	Y	W	H	M	C	P
0	0.01098	0.01042	0.01325	0.20567	0.01781	0.07647	0.02451	0.07026	0.01115	0.01479	0.07467	0.03412	0.06018	0.04671	0.06505	0.00243	0.24727	0.00564	0.00307	0.00557
1	0.01062	0.00821	0.00932	0.00867	0.00985	0.07106	0.00651	0.01269	0.05364	0.09793	0.16381	0.18218	0.03957	0.12115	0.05813	0.00264	0.12646	0.00806	0.00423	0.00525
2	0.02386	0.00544	0.00644	0.00637	0.00769	0.00493	0.00458	0.00985	0.01141	0.09632	0.15744	0.23540	0.25992	0.10790	0.00833	0.00215	0.00315	0.01018	0.03388	0.00473
3	0.00944	0.00647	0.00845	0.00955	0.08665	0.00630	0.00618	0.01227	0.08639	0.08334	0.11739	0.31605	0.09618	0.05531	0.00688	0.00195	0.00348	0.00973	0.07257	0.00544
4	0.00754	0.00521	0.00609	0.00618	0.00716	0.00479	0.00430	0.00858	0.01054	0.04855	0.11374	0.16612	0.27313	0.26105	0.01232	0.00280	0.00357	0.04971	0.00442	0.00420
5	0.00767	0.00493	0.00542	0.00549	0.00592	0.00482	0.00338	0.00833	0.00869	0.01237	0.02062	0.07999	0.09553	0.52720	0.01841	0.00372	0.00410	0.00770	0.17210	0.00363
6	0.02674	0.00616	0.00719	0.00679	0.00861	0.00564	0.00507	0.01217	0.05942	0.15902	0.09316	0.18953	0.32730	0.06080	0.00710	0.00196	0.00325	0.00972	0.00502	0.00534
7	0.01735	0.00932	0.01100	0.00888	0.01212	0.00919	0.00725	0.24249	0.01649	0.33023	0.02217	0.02236	0.11951	0.00752	0.00518	0.00158	0.00428	0.03918	0.10644	0.00747
8	0.70507	0.01013	0.00830	0.00722	0.01038	0.01161	0.00593	0.10380	0.01067	0.02388	0.00835	0.00947	0.00640	0.00500	0.00343	0.00156	0.00407	0.00312	0.05573	0.00588
9	0.06386	0.00911	0.00980	0.00827	0.01093	0.00949	0.00658	0.26908	0.06700	0.05258	0.17676	0.02797	0.22431	0.00881	0.00540	0.00161	0.00384	0.00719	0.03098	0.00643
10	0.00774	0.00539	0.00651	0.00702	0.00778	0.00526	0.00484	0.06907	0.01099	0.01503	0.02641	0.55138	0.07981	0.08371	0.00780	0.00218	0.00328	0.01193	0.08937	0.00452
11	0.01292	0.00686	0.00844	0.00732	0.00931	0.00644	0.00549	0.06106	0.02646	0.25310	0.18131	0.06431	0.09194	0.19253	0.01017	0.00238	0.00386	0.00744	0.04279	0.00586
12	0.01955	0.01029	0.01239	0.00972	0.01329	0.01026	0.00789	0.27178	0.05192	0.41229	0.06476	0.01801	0.01405	0.05175	0.00637	0.00177	0.00469	0.00539	0.00567	0.00815

[dist]
# distance from previous block
# <min> <max>
0	2

[block]
# block no. 1 follows, 48 sequences, length 7
# corresponding to MSA columns:
# 257-263
name=unknown_B
#
# <colnr> <probs for GDERKNQSTAVLIFYWHMCP>
#	G	D	E	R	K	N	Q	S	T	A	V	L	I	F	Y	W	H	M	C	P
0	0.00841	0.00536	0.00675	0.00715	0.00807	0.00526	0.00541	0.00987	0.01022	0.04864	0.02377	0.15647	0.07437	0.20574	0.06117	0.00307	0.00461	0.22844	0.12281	0.00441
1	0.00830	0.00691	0.00907	0.00853	0.00908	0.00812	0.00652	0.00945	0.00939	0.01304	0.10202	0.08274	0.11582	0.20767	0.10187	0.00343	0.23610	0.05393	0.00352	0.00450
2	0.07200	0.01126	0.08967	0.00925	0.01236	0.09097	0.00803	0.05223	0.01294	0.26092	0.08236	0.06999	0.09105	0.01141	0.09997	0.00240	0.00594	0.00616	0.00452	0.00657
3	0.00678	0.00488	0.00639	0.00693	0.00743	0.00488	0.00475	0.00779	0.00929	0.01256	0.05750	0.39886	0.06798	0.18698	0.18850	0.00403	0.00576	0.01063	0.00401	0.00408
4	0.01058	0.00840	0.01017	0.07691	0.01278	0.04588	0.00781	0.05147	0.11129	0.06067	0.02054	0.28877	0.03640	0.01131	0.00779	0.03295	0.10056	0.09593	0.00423	0.00556
5	0.01438	0.09083	0.01598	0.05102	0.10852	0.16148	0.02986	0.16650	0.07868	0.01779	0.01156	0.01541	0.00993	0.04617	0.04230	0.00205	0.08854	0.03888	0.00337	0.00674
6	0.01281	0.01091	0.01114	0.01028	0.05680	0.09546	0.00731	0.22382	0.04761	0.01880	0.01704	0.06505	0.08328	0.17485	0.03998	0.00244	0.00552	0.00608	0.00390	0.10692

[dist]
# distance from previous block
# <min> <max>
4	29

[block]
# block no. 2 follows, 48 sequences, length 20
# corresponding to MSA columns:
# 293-312
name=unknown_C
#
# <colnr> <probs for GDERKNQSTAVLIFYWHMCP>
#	G	D	E	R	K	N	Q	S	T	A	V	L	I	F	Y	W	H	M	C	P
0	0.00998	0.00942	0.01339	0.01259	0.04772	0.01246	0.00976	0.01124	0.00840	0.01262	0.01128	0.14293	0.01201	0.01380	0.11736	0.00297	0.53772	0.00626	0.00273	0.00536
1	0.00750	0.00629	0.00669	0.00757	0.00806	0.07527	0.00510	0.00836	0.01007	0.01282	0.02556	0.68595	0.03036	0.07490	0.00783	0.00223	0.00369	0.01305	0.00445	0.00425
2	0.01203	0.01029	0.01307	0.00945	0.01400	0.00868	0.07479	0.12103	0.01269	0.01892	0.00969	0.01116	0.00778	0.00418	0.00419	0.00096	0.00450	0.00353	0.00330	0.65576
3	0.02796	0.31818	0.01646	0.07815	0.01381	0.04915	0.00806	0.02589	0.12920	0.06338	0.01717	0.14704	0.07086	0.00761	0.00469	0.00152	0.00483	0.00612	0.00362	0.00629
4	0.19520	0.11490	0.21111	0.01001	0.01452	0.05316	0.01012	0.01819	0.01189	0.23994	0.06426	0.01366	0.01094	0.00562	0.00446	0.00152	0.00537	0.00419	0.00385	0.00708
5	0.01333	0.01189	0.01538	0.04114	0.03780	0.01512	0.01078	0.19780	0.06993	0.01813	0.00937	0.01221	0.00795	0.00778	0.01212	0.00197	0.48724	0.00460	0.00319	0.02228
6	0.00897	0.07939	0.06863	0.00868	0.01034	0.06654	0.00725	0.01071	0.00934	0.01231	0.01499	0.09564	0.01531	0.15491	0.36100	0.00513	0.00922	0.05380	0.00302	0.00481
7	0.00700	0.00545	0.00703	0.00749	0.00827	0.00528	0.00529	0.00807	0.00991	0.01343	0.02703	0.61774	0.09491	0.01418	0.00703	0.00195	0.06309	0.01248	0.00442	0.07998
8	0.01144	0.01328	0.06192	0.21218	0.02867	0.01254	0.55100	0.01562	0.01160	0.01562	0.01002	0.01366	0.00750	0.00455	0.00578	0.00172	0.00816	0.00559	0.00250	0.00665
9	0.00882	0.00744	0.00857	0.07910	0.01182	0.00788	0.00649	0.01489	0.27539	0.01685	0.09457	0.15451	0.27258	0.01049	0.00577	0.00178	0.00353	0.00900	0.00477	0.00578
10	0.01355	0.01089	0.01580	0.44404	0.02651	0.07044	0.06841	0.03862	0.01177	0.16253	0.01114	0.01383	0.00806	0.00568	0.00618	0.00170	0.07650	0.00469	0.00319	0.00647
11	0.01291	0.57867	0.03662	0.00935	0.01290	0.07563	0.00878	0.01462	0.01027	0.01217	0.00828	0.01043	0.00760	0.01020	0.13304	0.00234	0.04435	0.00333	0.00232	0.00619
12	0.01172	0.35904	0.47313	0.01218	0.01843	0.01542	0.01471	0.01588	0.01066	0.01451	0.00834	0.00975	0.00654	0.00467	0.00421	0.00140	0.00671	0.00335	0.00218	0.00717
13	0.01001	0.00704	0.00820	0.00736	0.00899	0.00693	0.00518	0.03663	0.11928	0.06446	0.01676	0.09513	0.01671	0.36807	0.06822	0.00347	0.00505	0.00677	0.00380	0.14196
14	0.01709	0.00863	0.01183	0.18493	0.01720	0.00844	0.00858	0.07012	0.01386	0.44193	0.02239	0.02145	0.13638	0.00714	0.00530	0.00163	0.00471	0.00591	0.00511	0.00735
15	0.08119	0.00604	0.00773	0.00869	0.06659	0.00586	0.00593	0.00987	0.01217	0.01763	0.34333	0.22708	0.09947	0.01146	0.00594	0.00180	0.00319	0.07627	0.00482	0.00493
16	0.00763	0.00586	0.00790	0.00809	0.00930	0.00633	0.00641	0.01030	0.06179	0.01356	0.02343	0.05979	0.14208	0.02691	0.44194	0.00544	0.00923	0.14554	0.00368	0.00479
17	0.01554	0.01672	0.24540	0.01428	0.10611	0.01269	0.01263	0.32183	0.01666	0.09647	0.01156	0.01226	0.00828	0.00540	0.00493	0.00150	0.00598	0.00428	0.00388	0.08360
18	0.01007	0.00804	0.02813	0.01019	0.10073	0.00686	0.01887	0.03362	0.01304	0.07381	0.29758	0.02776	0.14886	0.00808	0.00533	0.00143	0.00363	0.00700	0.00447	0.19248
19	0.01098	0.06316	0.26833	0.06468	0.01623	0.01000	0.01132	0.05248	0.03327	0.07449	0.09670	0.01675	0.01344	0.01307	0.18034	0.00301	0.00754	0.00492	0.00329	0.05602

[dist]
# distance from previous block
# <min> <max>
4	24

[block]
# block no. 3 follows, 48 sequences, length 57
# corresponding to MSA columns:
# 340-396
name=unknown_D
#
# <colnr> <probs for GDERKNQSTAVLIFYWHMCP>
#	G	D	E	R	K	N	Q	S	T	A	V	L	I	F	Y	W	H	M	C	P
0	0.01193	0.01347	0.15782	0.06988	0.05733	0.05151	0.05934	0.17127	0.02427	0.01781	0.01248	0.05700	0.01097	0.08456	0.15013	0.00309	0.00768	0.00538	0.00326	0.03084
1	0.03059	0.01097	0.02704	0.01397	0.14763	0.03299	0.05652	0.11304	0.22023	0.05017	0.02060	0.06522	0.11493	0.00757	0.00537	0.00166	0.00488	0.03349	0.00427	0.03888
2	0.01233	0.02654	0.25636	0.08909	0.03446	0.01162	0.14799	0.08010	0.01228	0.07520	0.01170	0.01597	0.00936	0.00597	0.00612	0.00167	0.06683	0.06329	0.00310	0.07000
3	0.01550	0.19016	0.11549	0.05775	0.10871	0.05371	0.01069	0.01849	0.03413	0.24089	0.01287	0.01426	0.00964	0.00549	0.00464	0.00144	0.00559	0.02861	0.00370	0.06823
4	0.01285	0.13951	0.27992	0.01161	0.01643	0.01294	0.03745	0.15203	0.09133	0.05242	0.05554	0.01643	0.07157	0.00630	0.00515	0.00156	0.02109	0.00498	0.00360	0.00728
5	0.02815	0.13876	0.13395	0.03698	0.01915	0.01190	0.29476	0.01547	0.02341	0.07665	0.07582	0.09546	0.01381	0.00633	0.00534	0.00163	0.00638	0.00615	0.00328	0.00662
6	0.01299	0.01363	0.15576	0.01099	0.01483	0.01206	0.00999	0.04571	0.53697	0.07403	0.01946	0.01829	0.03878	0.00671	0.00518	0.00170	0.00473	0.00552	0.00472	0.00796
7	0.01889	0.06647	0.01523	0.01293	0.01572	0.73069	0.00985	0.04613	0.01465	0.01322	0.00804	0.00930	0.00668	0.00527	0.00457	0.00132	0.00893	0.00332	0.00271	0.00608
8	0.00880	0.01275	0.22634	0.00874	0.01214	0.06901	0.00880	0.01159	0.01218	0.03101	0.15154	0.03308	0.37515	0.00959	0.00560	0.00165	0.00452	0.00792	0.00404	0.00553
9	0.01255	0.01307	0.02030	0.02382	0.41984	0.10633	0.18398	0.01548	0.01213	0.01610	0.05213	0.07702	0.01203	0.00582	0.00541	0.00159	0.00662	0.00579	0.00290	0.00711
10	0.01029	0.02654	0.79309	0.01462	0.02221	0.01192	0.01896	0.01625	0.01083	0.01625	0.00921	0.01083	0.00650	0.00487	0.00487	0.00162	0.00758	0.00379	0.00217	0.00758
11	0.02302	0.00873	0.01191	0.00913	0.01310	0.00754	0.00754	0.02501	0.01469	0.79122	0.02024	0.01746	0.01270	0.00635	0.00516	0.00159	0.00437	0.00516	0.00635	0.00873
12	0.00698	0.00751	0.10969	0.00835	0.00970	0.00536	0.00697	0.00868	0.01015	0.01373	0.02566	0.63620	0.02990	0.01442	0.00638	0.00205	0.00375	0.08543	0.00442	0.00467
13	0.38026	0.08918	0.01090	0.00787	0.01107	0.01151	0.00655	0.15932	0.01309	0.07863	0.07016	0.01728	0.11240	0.00660	0.00429	0.00155	0.00418	0.00482	0.00407	0.00629
14	0.01970	0.01442	0.01408	0.01128	0.01500	0.14605	0.00910	0.39856	0.08715	0.21045	0.01424	0.01364	0.00994	0.00613	0.00506	0.00153	0.00581	0.00463	0.00501	0.00820
15	0.00630	0.00450	0.00600	0.00719	0.00751	0.00421	0.00484	0.00722	0.00987	0.01315	0.02826	0.79985	0.03384	0.01603	0.00656	0.00209	0.00301	0.03063	0.00476	0.00418
16	0.01160	0.01123	0.01957	0.30304	0.47111	0.01197	0.06729	0.01487	0.01121	0.01546	0.00952	0.01312	0.00765	0.00475	0.00516	0.00160	0.00653	0.00467	0.00245	0.00719
17	0.00916	0.00565	0.00770	0.03692	0.00997	0.00536	0.00629	0.01081	0.01150	0.11674	0.10340	0.39372	0.05883	0.01327	0.00638	0.00201	0.00365	0.18868	0.00496	0.00503
18	0.05271	0.00877	0.01175	0.00904	0.01299	0.00768	0.00747	0.02465	0.01447	0.76384	0.01978	0.01714	0.01245	0.00629	0.00509	0.00159	0.00435	0.00508	0.00624	0.00862
19	0.00935	0.00888	0.01531	0.01311	0.04016	0.00883	0.24768	0.01290	0.08604	0.01546	0.04400	0.27560	0.09504	0.01013	0.00676	0.00190	0.05040	0.04881	0.00393	0.00570
20	0.01138	0.22248	0.52127	0.01384	0.04489	0.01407	0.04415	0.01641	0.03817	0.01542	0.00917	0.01066	0.00695	0.00480	0.00455	0.00150	0.00693	0.00371	0.00231	0.00735
21	0.00787	0.00562	0.00781	0.00899	0.01000	0.00556	0.00757	0.00994	0.01142	0.01491	0.02739	0.20827	0.03040	0.01455	0.00698	0.00231	0.00438	0.60669	0.00473	0.00461
22	0.01026	0.00925	0.01501	0.12492	0.33290	0.01021	0.01185	0.01278	0.01017	0.01437	0.01190	0.01844	0.01089	0.01567	0.23781	0.00364	0.07716	0.06377	0.00271	0.00629
23	0.02890	0.01080	0.04163	0.15373	0.09330	0.08892	0.09112	0.01375	0.03911	0.04547	0.01730	0.21407	0.04728	0.00876	0.00616	0.00180	0.04289	0.04568	0.00350	0.00588
24	0.01635	0.00867	0.01162	0.00973	0.01269	0.00834	0.04766	0.09452	0.08720	0.37109	0.02150	0.16085	0.03194	0.02281	0.00599	0.00182	0.00446	0.07009	0.00542	0.00726
25	0.75987	0.03940	0.00859	0.00701	0.01029	0.01152	0.00583	0.01587	0.00926	0.08296	0.00817	0.00905	0.00616	0.00487	0.00334	0.00157	0.00406	0.00296	0.00339	0.00584
26	0.01293	0.01273	0.02029	0.05970	0.71842	0.05392	0.01538	0.01590	0.01178	0.01640	0.00954	0.01255	0.00800	0.00463	0.00506	0.00152	0.00629	0.00450	0.00254	0.00792
27	0.01209	0.51912	0.09250	0.00911	0.01295	0.01562	0.00900	0.02898	0.01058	0.02962	0.01172	0.05567	0.03781	0.01012	0.10854	0.00221	0.00649	0.01891	0.00269	0.00626
28	0.01285	0.62015	0.22186	0.01027	0.01547	0.01817	0.01137	0.01559	0.01053	0.01314	0.00766	0.00889	0.00656	0.00451	0.00370	0.00123	0.00602	0.00301	0.00219	0.00684
29	0.01270	0.01219	0.02083	0.03149	0.78767	0.01219	0.01575	0.01575	0.01168	0.01676	0.00965	0.01270	0.00813	0.00457	0.00508	0.00152	0.00610	0.00457	0.00254	0.00813
30	0.02302	0.00873	0.01191	0.00913	0.01310	0.00754	0.00754	0.02501	0.01469	0.79122	0.02024	0.01746	0.01270	0.00635	0.00516	0.00159	0.00437	0.00516	0.00635	0.00873
31	0.07885	0.03796	0.01341	0.01069	0.01333	0.00854	0.15160	0.04794	0.02253	0.17990	0.01878	0.29204	0.01820	0.01166	0.06796	0.00229	0.00550	0.00833	0.00433	0.00615
32	0.01031	0.00976	0.01652	0.64623	0.19157	0.01156	0.01456	0.01366	0.01056	0.01387	0.00923	0.01348	0.00711	0.00501	0.00512	0.00167	0.00669	0.00456	0.00233	0.00620
33	0.00638	0.00458	0.00606	0.00701	0.00746	0.00426	0.00475	0.00748	0.01048	0.01410	0.12831	0.69702	0.05250	0.01527	0.00647	0.00201	0.00290	0.01381	0.00488	0.00426
34	0.00738	0.00503	0.00606	0.00612	0.00629	0.00517	0.00375	0.00773	0.00772	0.01044	0.01641	0.07289	0.01850	0.64725	0.15353	0.00536	0.00633	0.00751	0.00314	0.00341
35	0.01114	0.02065	0.44096	0.01805	0.03943	0.01239	0.35008	0.01632	0.01141	0.01634	0.00973	0.01220	0.00710	0.00463	0.00540	0.00167	0.00802	0.00481	0.00236	0.00730
36	0.01123	0.01123	0.01572	0.01347	0.01347	0.01572	0.01123	0.01235	0.00786	0.01235	0.00674	0.01123	0.00674	0.00898	0.01684	0.00225	0.81028	0.00449	0.00225	0.00561
37	0.02245	0.00965	0.01247	0.00956	0.01356	0.00890	0.00790	0.14600	0.01622	0.66806	0.01896	0.01663	0.01206	0.00632	0.00516	0.00158	0.00457	0.00507	0.00615	0.00873
38	0.00683	0.00504	0.00673	0.00748	0.00781	0.00516	0.00518	0.00776	0.00934	0.01264	0.02424	0.58128	0.02848	0.11210	0.08668	0.00304	0.04834	0.03346	0.00423	0.00418
39	0.02213	0.00905	0.01194	0.00920	0.01310	0.00808	0.00758	0.08292	0.01532	0.70334	0.02077	0.01822	0.04050	0.00658	0.00519	0.00159	0.00440	0.00532	0.00620	0.00857
40	0.00625	0.00447	0.00595	0.00714	0.00744	0.00417	0.00476	0.00714	0.00982	0.01310	0.02828	0.81633	0.03394	0.01608	0.00655	0.00208	0.00298	0.01459	0.00476	0.00417
41	0.02188	0.01056	0.01304	0.01000	0.01401	0.01025	0.00826	0.26652	0.01774	0.54539	0.01768	0.01580	0.01141	0.00629	0.00515	0.00157	0.00478	0.00498	0.00596	0.00873
42	0.01064	0.00912	0.01064	0.00760	0.01216	0.00684	0.00608	0.01292	0.01064	0.01672	0.00912	0.01064	0.00760	0.00380	0.00380	0.00076	0.00380	0.00304	0.00304	0.85104
43	0.01267	0.01290	0.01840	0.25696	0.46522	0.11543	0.01454	0.01560	0.01164	0.01514	0.00927	0.01253	0.00755	0.00483	0.00503	0.00155	0.00673	0.00440	0.00248	0.00713
44	0.01173	0.01206	0.01529	0.01319	0.01340	0.07689	0.01086	0.01283	0.00837	0.01229	0.00714	0.01180	0.00712	0.03524	0.01618	0.00226	0.72100	0.00449	0.00230	0.00556
45	0.01064	0.00912	0.01064	0.00760	0.01216	0.00684	0.00608	0.01292	0.01064	0.01672	0.00912	0.01064	0.00760	0.00380	0.00380	0.00076	0.00380	0.00304	0.00304	0.85104
46	0.01135	0.05363	0.62360	0.01543	0.08126	0.02797	0.01733	0.05655	0.03530	0.01708	0.00967	0.01119	0.00703	0.00497	0.00485	0.00159	0.00721	0.00391	0.00246	0.00763
47	0.00681	0.00523	0.00624	0.00598	0.00739	0.00465	0.00449	0.00882	0.01347	0.01806	0.51080	0.04246	0.32414	0.01143	0.00606	0.00166	0.00249	0.00986	0.00532	0.00465
48	0.00625	0.00447	0.00595	0.00714	0.00744	0.00417	0.00476	0.00714	0.00982	0.01310	0.02828	0.81633	0.03394	0.01608	0.00655	0.00208	0.00298	0.01459	0.00476	0.00417
49	0.00927	0.00787	0.00843	0.00865	0.01000	0.04943	0.00624	0.01505	0.28497	0.01606	0.02456	0.48837	0.02595	0.01224	0.00597	0.00192	0.00370	0.01085	0.00481	0.00568
50	0.01061	0.01227	0.11917	0.48645	0.24369	0.01169	0.01529	0.01426	0.01073	0.01454	0.00928	0.01303	0.00715	0.00494	0.00508	0.00165	0.00673	0.00446	0.00234	0.00663
51	0.00735	0.00544	0.00794	0.00794	0.00875	0.00625	0.00603	0.00897	0.00816	0.01168	0.01403	0.02172	0.01350	0.12921	0.70954	0.00787	0.01273	0.00573	0.00279	0.00441
52	0.85592	0.00992	0.00754	0.00675	0.00992	0.01151	0.00556	0.01508	0.00873	0.02302	0.00714	0.00834	0.00556	0.00476	0.00318	0.00159	0.00397	0.00278	0.00318	0.00556
53	0.00975	0.02368	0.68954	0.01354	0.02024	0.01091	0.01705	0.01506	0.01080	0.01588	0.01297	0.07614	0.04991	0.00618	0.00507	0.00167	0.00696	0.00501	0.00251	0.00714
54	0.00742	0.00513	0.00640	0.00640	0.00668	0.00541	0.00411	0.00798	0.00770	0.01054	0.01543	0.02951	0.01689	0.58314	0.26024	0.00597	0.00763	0.00687	0.00300	0.00355
55	0.00625	0.00447	0.00595	0.00714	0.00744	0.00417	0.00476	0.00714	0.00982	0.01310	0.02828	0.81633	0.03394	0.01608	0.00655	0.00208	0.00298	0.01459	0.00476	0.00417
56	0.01029	0.02654	0.79309	0.01462	0.02221	0.01192	0.01896	0.01625	0.01083	0.01625	0.00921	0.01083	0.00650	0.00487	0.00487	0.00162	0.00758	0.00379	0.00217	0.00758

[dist]
# distance from previous block
# <min> <max>
1	3

[block]
# block no. 4 follows, 48 sequences, length 129
# corresponding to MSA columns:
# 400-528
name=unknown_E
#
# <colnr> <probs for GDERKNQSTAVLIFYWHMCP>
#	G	D	E	R	K	N	Q	S	T	A	V	L	I	F	Y	W	H	M	C	P
0	0.01163	0.01108	0.01902	0.42350	0.02831	0.01260	0.20498	0.11133	0.01231	0.01637	0.01002	0.02889	0.00784	0.00559	0.00637	0.00175	0.07414	0.00514	0.00277	0.00636
1	0.01570	0.53257	0.02240	0.01039	0.01415	0.30340	0.00919	0.01723	0.01192	0.01225	0.00742	0.00860	0.00659	0.00472	0.00378	0.00118	0.00686	0.00295	0.00236	0.00635
2	0.00643	0.00521	0.00570	0.00558	0.00716	0.00449	0.00419	0.00807	0.01256	0.01591	0.27576	0.04601	0.56053	0.01223	0.00606	0.00170	0.00254	0.01036	0.00503	0.00449
3	0.00692	0.00516	0.00643	0.00626	0.00749	0.00467	0.00464	0.00896	0.01349	0.01847	0.56045	0.11331	0.20178	0.01154	0.00610	0.00168	0.00251	0.01010	0.00538	0.00467
4	0.01081	0.00885	0.01227	0.07577	0.04220	0.00934	0.08328	0.16515	0.10686	0.01846	0.02016	0.38312	0.02090	0.01049	0.00588	0.00185	0.00464	0.00948	0.00440	0.00611
5	0.02302	0.00873	0.01191	0.00913	0.01310	0.00754	0.00754	0.02501	0.01469	0.79122	0.02024	0.01746	0.01270	0.00635	0.00516	0.00159	0.00437	0.00516	0.00635	0.00873
6	0.01372	0.82276	0.02689	0.00878	0.01317	0.02030	0.00878	0.01536	0.01043	0.01207	0.00713	0.00823	0.00658	0.00439	0.00329	0.00110	0.00549	0.00274	0.00219	0.00658
7	0.01240	0.01345	0.02776	0.02013	0.02483	0.01305	0.65288	0.06458	0.01265	0.01721	0.01092	0.01519	0.00858	0.00504	0.00660	0.00177	0.05043	0.03282	0.00282	0.00689
8	0.00729	0.00539	0.00786	0.00799	0.00880	0.00611	0.00609	0.00893	0.00843	0.01196	0.01551	0.08189	0.01548	0.09961	0.64871	0.00731	0.01190	0.03330	0.00300	0.00444
9	0.00733	0.00550	0.00825	0.00825	0.00916	0.00641	0.00641	0.00916	0.00825	0.01191	0.01374	0.02016	0.01283	0.03848	0.79934	0.00825	0.01374	0.00550	0.00275	0.00458
10	0.00850	0.00630	0.00735	0.00711	0.00788	0.00684	0.00479	0.01180	0.16296	0.01267	0.01663	0.02794	0.01687	0.49712	0.17908	0.00499	0.00657	0.00673	0.00346	0.00442
11	0.01191	0.01325	0.02809	0.10043	0.08431	0.01276	0.63795	0.01605	0.01190	0.01613	0.01020	0.01374	0.00772	0.00442	0.00589	0.00171	0.00828	0.00580	0.00256	0.00689
12	0.02261	0.00882	0.01190	0.00918	0.01311	0.00775	0.00756	0.02510	0.04508	0.76059	0.02027	0.01753	0.01282	0.00638	0.00516	0.00159	0.00435	0.00519	0.00631	0.00871
13	0.00624	0.00452	0.00590	0.00700	0.00740	0.00418	0.00470	0.00716	0.00996	0.01316	0.03005	0.75922	0.08990	0.01585	0.00651	0.00206	0.00295	0.01431	0.00476	0.00418
14	0.01249	0.01037	0.01109	0.01000	0.01275	0.01170	0.00790	0.09982	0.56282	0.02142	0.02287	0.02416	0.07486	0.00796	0.00541	0.00176	0.00414	0.07173	0.01919	0.00754
15	0.00747	0.00572	0.00693	0.00671	0.00803	0.00554	0.00508	0.00905	0.01179	0.04327	0.22832	0.13439	0.37086	0.01384	0.05798	0.00220	0.06352	0.00987	0.00473	0.00471
16	0.01815	0.13318	0.01606	0.01212	0.01517	0.54963	0.00953	0.13001	0.01526	0.01562	0.00875	0.00989	0.00713	0.00531	0.00448	0.00132	0.00797	0.00347	0.03054	0.00641
17	0.01064	0.00912	0.01064	0.00760	0.01216	0.00684	0.00608	0.01292	0.01064	0.01672	0.00912	0.01064	0.00760	0.00380	0.00380	0.00076	0.00380	0.00304	0.00304	0.85104
18	0.03430	0.01307	0.01306	0.03960	0.01469	0.12179	0.00889	0.34910	0.11305	0.05041	0.01313	0.01448	0.01013	0.01259	0.16506	0.00290	0.00754	0.00474	0.00422	0.00725
19	0.01367	0.01540	0.01199	0.01110	0.01278	0.39694	0.00853	0.01520	0.01141	0.01259	0.01026	0.01379	0.00913	0.01756	0.28946	0.00389	0.09679	0.00428	0.03986	0.00537
20	0.01659	0.01424	0.07319	0.01219	0.01627	0.01437	0.05883	0.49930	0.15832	0.02748	0.02862	0.03250	0.01109	0.00640	0.00524	0.00161	0.00557	0.00518	0.00477	0.00824
21	0.01033	0.05192	0.65835	0.12449	0.02372	0.01214	0.01795	0.01578	0.01074	0.01567	0.00912	0.01114	0.00655	0.00489	0.00486	0.00162	0.00741	0.00386	0.00218	0.00729
22	0.02302	0.00873	0.01191	0.00913	0.01310	0.00754	0.00754	0.02501	0.01469	0.79122	0.02024	0.01746	0.01270	0.00635	0.00516	0.00159	0.00437	0.00516	0.00635	0.00873
23	0.00637	0.00463	0.00598	0.00686	0.00739	0.00427	0.00466	0.00745	0.01047	0.01394	0.11341	0.64517	0.10556	0.02949	0.00680	0.00205	0.00292	0.01353	0.00483	0.00424
24	0.01937	0.00914	0.01130	0.00912	0.01264	0.02271	0.00738	0.02377	0.16543	0.55263	0.03675	0.02041	0.07139	0.00702	0.00525	0.00162	0.00423	0.00575	0.00593	0.00816
25	0.01766	0.02205	0.01567	0.07290	0.01791	0.65532	0.05918	0.01932	0.01377	0.01284	0.00812	0.00997	0.00671	0.00538	0.00529	0.00142	0.04430	0.00363	0.00260	0.00598
26	0.00969	0.00912	0.01539	0.80734	0.03534	0.01140	0.01425	0.01311	0.01026	0.01311	0.00912	0.01368	0.00684	0.00513	0.00513	0.00171	0.00684	0.00456	0.00228	0.00570
27	0.01137	0.01340	0.06770	0.03775	0.02471	0.01196	0.62623	0.01543	0.01182	0.01606	0.01226	0.07647	0.01047	0.00562	0.00605	0.00177	0.00798	0.03350	0.00281	0.00664
28	0.00991	0.00935	0.01579	0.74957	0.09136	0.01146	0.01436	0.01331	0.01037	0.01338	0.00916	0.01361	0.00694	0.00509	0.00513	0.00170	0.00678	0.00456	0.00230	0.00588
29	0.01276	0.01102	0.01160	0.01044	0.01334	0.01276	0.00812	0.02727	0.77840	0.02146	0.02088	0.01914	0.01566	0.00696	0.00522	0.00174	0.00406	0.00580	0.00522	0.00812
30	0.02302	0.00873	0.01191	0.00913	0.01310	0.00754	0.00754	0.02501	0.01469	0.79122	0.02024	0.01746	0.01270	0.00635	0.00516	0.00159	0.00437	0.00516	0.00635	0.00873
31	0.07405	0.25070	0.03355	0.01226	0.01637	0.12186	0.16624	0.04050	0.01257	0.19412	0.01112	0.01189	0.00824	0.00512	0.00479	0.00145	0.02049	0.00417	0.00345	0.00705
32	0.00673	0.00595	0.03347	0.00611	0.00779	0.00481	0.00485	0.00867	0.01286	0.01684	0.36741	0.05655	0.42616	0.01168	0.00603	0.00168	0.00270	0.00998	0.00506	0.00466
33	0.00726	0.00524	0.00686	0.00646	0.00767	0.00484	0.00484	0.00968	0.01452	0.02058	0.78496	0.03833	0.04841	0.01049	0.00605	0.00161	0.00242	0.00928	0.00565	0.00484
34	0.01215	0.04654	0.25000	0.01836	0.02393	0.07151	0.45365	0.01657	0.01178	0.01586	0.00967	0.01238	0.00726	0.00465	0.00572	0.00166	0.02380	0.00505	0.00245	0.00700
35	0.06912	0.01380	0.03004	0.01319	0.01676	0.08612	0.16214	0.23827	0.20324	0.02204	0.01396	0.02769	0.02493	0.00624	0.00582	0.00166	0.04830	0.00522	0.00407	0.00741
36	0.00660	0.00497	0.00620	0.00705	0.00794	0.00457	0.00522	0.00791	0.01076	0.01377	0.03486	0.44320	0.24895	0.01481	0.00652	0.00204	0.00322	0.16232	0.00476	0.00433
37	0.01372	0.82276	0.02689	0.00878	0.01317	0.02030	0.00878	0.01536	0.01043	0.01207	0.00713	0.00823	0.00658	0.00439	0.00329	0.00110	0.00549	0.00274	0.00219	0.00658
38	0.01299	0.03836	0.51180	0.01418	0.04671	0.01102	0.06654	0.01766	0.01168	0.17223	0.01217	0.04143	0.00888	0.00552	0.00504	0.00163	0.00674	0.00461	0.00315	0.00764
39	0.01111	0.01302	0.12444	0.41075	0.22226	0.04018	0.01466	0.01556	0.06944	0.01509	0.01012	0.01329	0.00778	0.00510	0.00507	0.00164	0.00663	0.00451	0.00257	0.00677
40	0.00995	0.00939	0.01587	0.73915	0.10147	0.01147	0.01438	0.01334	0.01039	0.01343	0.00917	0.01359	0.00695	0.00508	0.00513	0.00169	0.00677	0.00456	0.00230	0.00591
41	0.00656	0.00459	0.00586	0.00675	0.00697	0.00437	0.00434	0.00723	0.00922	0.01230	0.02520	0.61748	0.03005	0.22022	0.01152	0.00282	0.00348	0.01278	0.00434	0.00390
42	0.01078	0.01837	0.40455	0.06598	0.10352	0.03910	0.03876	0.02794	0.05121	0.03095	0.02814	0.07840	0.05465	0.00660	0.00523	0.00167	0.00641	0.01780	0.00299	0.00696
43	0.01488	0.01281	0.12074	0.16443	0.04714	0.01147	0.03792	0.25094	0.01545	0.14905	0.02712	0.07119	0.01148	0.03491	0.00598	0.00176	0.00578	0.00552	0.00411	0.00732
44	0.00625	0.00447	0.00595	0.00714	0.00744	0.00417	0.00476	0.00714	0.00982	0.01310	0.02828	0.81633	0.03394	0.01608	0.00655	0.00208	0.00298	0.01459	0.00476	0.00417
45	0.01372	0.82276	0.02689	0.00878	0.01317	0.02030	0.00878	0.01536	0.01043	0.01207	0.00713	0.00823	0.00658	0.00439	0.00329	0.00110	0.00549	0.00274	0.00219	0.00658
46	0.01137	0.01398	0.21645	0.28157	0.04540	0.01113	0.03065	0.14005	0.01273	0.03202	0.01257	0.11216	0.01104	0.03921	0.00610	0.00183	0.00626	0.00576	0.00316	0.00656
47	0.01270	0.01219	0.02083	0.03149	0.78767	0.01219	0.01575	0.01575	0.01168	0.01676	0.00965	0.01270	0.00813	0.00457	0.00508	0.00152	0.00610	0.00457	0.00254	0.00813
48	0.00969	0.00912	0.01539	0.80734	0.03534	0.01140	0.01425	0.01311	0.01026	0.01311	0.00912	0.01368	0.00684	0.00513	0.00513	0.00171	0.00684	0.00456	0.00228	0.00570
49	0.01402	0.78893	0.02632	0.00889	0.01323	0.03794	0.00878	0.01567	0.01060	0.02692	0.00740	0.00843	0.00670	0.00445	0.00336	0.00111	0.00555	0.00280	0.00228	0.00661
50	0.02069	0.00814	0.01108	0.00885	0.01231	0.00707	0.00716	0.02253	0.01401	0.68317	0.02136	0.12839	0.01565	0.00770	0.00535	0.00166	0.00417	0.00647	0.00613	0.00810
51	0.00625	0.00447	0.00595	0.00714	0.00744	0.00417	0.00476	0.00714	0.00982	0.01310	0.02828	0.81633	0.03394	0.01608	0.00655	0.00208	0.00298	0.01459	0.00476	0.00417
52	0.01951	0.01437	0.01540	0.01181	0.01591	0.01591	0.00975	0.77056	0.02412	0.03234	0.01232	0.01232	0.00873	0.00616	0.00513	0.00154	0.00565	0.00462	0.00513	0.00873
53	0.08620	0.01192	0.07180	0.01084	0.01513	0.01066	0.05784	0.21292	0.01617	0.42970	0.01573	0.01471	0.01035	0.00594	0.00503	0.00159	0.00518	0.00479	0.00524	0.00828
54	0.00660	0.00522	0.00594	0.00576	0.00726	0.00456	0.00432	0.00840	0.01296	0.01687	0.38057	0.04443	0.45511	0.01187	0.00606	0.00168	0.00252	0.01013	0.00516	0.00456
55	0.01177	0.12399	0.01726	0.01278	0.01349	0.01636	0.01085	0.03047	0.00859	0.01278	0.00692	0.01084	0.00676	0.00828	0.01468	0.00207	0.67975	0.00425	0.00231	0.00582
56	0.01265	0.03829	0.48591	0.01227	0.01804	0.01051	0.01424	0.01784	0.06125	0.16805	0.07050	0.04316	0.01239	0.00610	0.00506	0.00163	0.00613	0.00495	0.00353	0.00749
57	0.01846	0.01333	0.01434	0.07053	0.01655	0.06428	0.00954	0.49135	0.06675	0.13716	0.01392	0.03685	0.01018	0.00639	0.00515	0.00157	0.00561	0.00497	0.00493	0.00815
58	0.01879	0.04499	0.01526	0.01320	0.03347	0.56966	0.01000	0.18675	0.01636	0.01703	0.00890	0.01002	0.00712	0.00551	0.00494	0.00139	0.02318	0.00363	0.00317	0.00663
59	0.07358	0.00952	0.01157	0.00964	0.01296	0.00943	0.00806	0.19173	0.02878	0.36105	0.01887	0.02464	0.01503	0.00791	0.00543	0.00173	0.00470	0.17302	0.00540	0.02695
60	0.04734	0.00877	0.01178	0.00906	0.01301	0.00766	0.00748	0.02472	0.01451	0.76879	0.01986	0.01720	0.01249	0.00630	0.00510	0.00159	0.00435	0.00509	0.00626	0.00864
61	0.00653	0.00467	0.00628	0.00746	0.00788	0.00441	0.00525	0.00763	0.01010	0.01341	0.02813	0.71101	0.03332	0.01581	0.00662	0.00212	0.00322	0.11714	0.00476	0.00425
62	0.01087	0.01033	0.01753	0.50251	0.33093	0.01171	0.01484	0.01415	0.01082	0.01455	0.00933	0.01329	0.00735	0.00491	0.00511	0.00164	0.00655	0.00456	0.00238	0.00665
63	0.00969	0.00912	0.01539	0.80734	0.03534	0.01140	0.01425	0.01311	0.01026	0.01311	0.00912	0.01368	0.00684	0.00513	0.00513	0.00171	0.00684	0.00456	0.00228	0.00570
64	0.02245	0.00861	0.01173	0.00903	0.01290	0.00744	0.00744	0.02445	0.01468	0.76343	0.04782	0.01822	0.01399	0.00650	0.00519	0.00159	0.00430	0.00531	0.00633	0.00859
65	0.01210	0.01567	0.21573	0.02429	0.48569	0.01220	0.01550	0.01747	0.11793	0.01729	0.01110	0.01312	0.00876	0.00498	0.00505	0.00158	0.00619	0.00454	0.00282	0.00799
66	0.01270	0.01219	0.02083	0.03149	0.78767	0.01219	0.01575	0.01575	0.01168	0.01676	0.00965	0.01270	0.00813	0.00457	0.00508	0.00152	0.00610	0.00457	0.00254	0.00813
67	0.01029	0.02654	0.79309	0.01462	0.02221	0.01192	0.01896	0.01625	0.01083	0.01625	0.00921	0.01083	0.00650	0.00487	0.00487	0.00162	0.00758	0.00379	0.00217	0.00758
68	0.02302	0.00873	0.01191	0.00913	0.01310	0.00754	0.00754	0.02501	0.01469	0.79122	0.02024	0.01746	0.01270	0.00635	0.00516	0.00159	0.00437	0.00516	0.00635	0.00873
69	0.00733	0.00550	0.00825	0.00825	0.00916	0.00641	0.00641	0.00916	0.00825	0.01191	0.01374	0.02016	0.01283	0.03848	0.79934	0.00825	0.01374	0.00550	0.00275	0.00458
70	0.00691	0.00506	0.00544	0.00544	0.00612	0.00472	0.00342	0.00742	0.00913	0.01149	0.03024	0.03979	0.31998	0.50273	0.01824	0.00370	0.00404	0.00878	0.00376	0.00359
71	0.01130	0.01254	0.02690	0.01962	0.02413	0.01175	0.66291	0.01515	0.01179	0.01597	0.01287	0.12527	0.01142	0.00596	0.00612	0.00178	0.00786	0.00724	0.00290	0.00654
72	0.01123	0.01123	0.01572	0.01347	0.01347	0.01572	0.01123	0.01235	0.00786	0.01235	0.00674	0.01123	0.00674	0.00898	0.01684	0.00225	0.81028	0.00449	0.00225	0.00561
73	0.00606	0.00520	0.00520	0.00520	0.00693	0.00433	0.00390	0.00736	0.01170	0.01386	0.05198	0.04938	0.78558	0.01299	0.00606	0.00173	0.00260	0.01083	0.00476	0.00433
74	0.00733	0.00550	0.00825	0.00825	0.00916	0.00641	0.00641	0.00916	0.00825	0.01191	0.01374	0.02016	0.01283	0.03848	0.79934	0.00825	0.01374	0.00550	0.00275	0.00458
75	0.01123	0.01123	0.01572	0.01347	0.01347	0.01572	0.01123	0.01235	0.00786	0.01235	0.00674	0.01123	0.00674	0.00898	0.01684	0.00225	0.81028	0.00449	0.00225	0.00561
76	0.01928	0.01426	0.01527	0.01176	0.01583	0.01581	0.00970	0.74558	0.04947	0.03197	0.01261	0.01255	0.00896	0.00619	0.00514	0.00155	0.00559	0.00466	0.00514	0.00871
77	0.00726	0.00524	0.00686	0.00646	0.00767	0.00484	0.00484	0.00968	0.01452	0.02058	0.78496	0.03833	0.04841	0.01049	0.00605	0.00161	0.00242	0.00928	0.00565	0.00484
78	0.85592	0.00992	0.00754	0.00675	0.00992	0.01151	0.00556	0.01508	0.00873	0.02302	0.00714	0.00834	0.00556	0.00476	0.00318	0.00159	0.00397	0.00278	0.00318	0.00556
79	0.00606	0.00520	0.00520	0.00520	0.00693	0.00433	0.00390	0.00736	0.01170	0.01386	0.05198	0.04938	0.78558	0.01299	0.00606	0.00173	0.00260	0.01083	0.00476	0.00433
80	0.01029	0.02654	0.79309	0.01462	0.02221	0.01192	0.01896	0.01625	0.01083	0.01625	0.00921	0.01083	0.00650	0.00487	0.00487	0.00162	0.00758	0.00379	0.00217	0.00758
81	0.85592	0.00992	0.00754	0.00675	0.00992	0.01151	0.00556	0.01508	0.00873	0.02302	0.00714	0.00834	0.00556	0.00476	0.00318	0.00159	0.00397	0.00278	0.00318	0.00556
82	0.01917	0.02445	0.01454	0.01322	0.01586	0.79907	0.00991	0.02049	0.01454	0.01256	0.00793	0.00925	0.00661	0.00529	0.00463	0.00132	0.00925	0.00330	0.00264	0.00595
83	0.01370	0.01149	0.01213	0.01063	0.01370	0.01320	0.00835	0.13048	0.67366	0.02297	0.01969	0.01820	0.01470	0.00685	0.00521	0.00171	0.00428	0.00564	0.00521	0.00821
84	0.00820	0.00586	0.00819	0.00937	0.01052	0.00585	0.00815	0.01051	0.01174	0.01528	0.02721	0.08439	0.02968	0.01424	0.00707	0.00235	0.00466	0.72731	0.00473	0.00471
85	0.01448	0.01187	0.01257	0.01079	0.01400	0.01356	0.00854	0.21609	0.58678	0.02423	0.01871	0.01741	0.01390	0.00676	0.00520	0.00169	0.00446	0.00550	0.00520	0.00828
86	0.00625	0.00447	0.00595	0.00714	0.00744	0.00417	0.00476	0.00714	0.00982	0.01310	0.02828	0.81633	0.03394	0.01608	0.00655	0.00208	0.00298	0.01459	0.00476	0.00417
87	0.02279	0.00910	0.01213	0.00930	0.01328	0.00808	0.00768	0.07302	0.01529	0.74235	0.01973	0.01713	0.01245	0.00634	0.00516	0.00158	0.00445	0.00513	0.00627	0.00873
88	0.01186	0.01560	0.13620	0.02065	0.02618	0.01283	0.66488	0.01641	0.01193	0.01641	0.01022	0.01342	0.00761	0.00440	0.00589	0.00172	0.00850	0.00574	0.00254	0.00701
89	0.01276	0.01102	0.01160	0.01044	0.01334	0.01276	0.00812	0.02727	0.77840	0.02146	0.02088	0.01914	0.01566	0.00696	0.00522	0.00174	0.00406	0.00580	0.00522	0.00812
90	0.00969	0.00912	0.01539	0.80734	0.03534	0.01140	0.01425	0.01311	0.01026	0.01311	0.00912	0.01368	0.00684	0.00513	0.00513	0.00171	0.00684	0.00456	0.00228	0.00570
91	0.01951	0.01437	0.01540	0.01181	0.01591	0.01591	0.00975	0.77056	0.02412	0.03234	0.01232	0.01232	0.00873	0.00616	0.00513	0.00154	0.00565	0.00462	0.00513	0.00873
92	0.00648	0.00521	0.00578	0.00564	0.00719	0.00451	0.00423	0.00818	0.01269	0.01621	0.30862	0.04551	0.52747	0.01212	0.00606	0.00169	0.00254	0.01029	0.00507	0.00451
93	0.00625	0.00447	0.00595	0.00714	0.00744	0.00417	0.00476	0.00714	0.00982	0.01310	0.02828	0.81633	0.03394	0.01608	0.00655	0.00208	0.00298	0.01459	0.00476	0.00417
94	0.01029	0.02654	0.79309	0.01462	0.02221	0.01192	0.01896	0.01625	0.01083	0.01625	0.00921	0.01083	0.00650	0.00487	0.00487	0.00162	0.00758	0.00379	0.00217	0.00758
95	0.01276	0.01102	0.01160	0.01044	0.01334	0.01276	0.00812	0.02727	0.77840	0.02146	0.02088	0.01914	0.01566	0.00696	0.00522	0.00174	0.00406	0.00580	0.00522	0.00812
96	0.00989	0.00937	0.01557	0.72558	0.05568	0.01174	0.01407	0.01313	0.01012	0.01316	0.00896	0.01347	0.00687	0.00540	0.00600	0.00174	0.06664	0.00456	0.00228	0.00576
97	0.00869	0.00638	0.00858	0.00954	0.01088	0.00654	0.00825	0.01217	0.08290	0.01592	0.02658	0.05429	0.02824	0.01351	0.00691	0.00230	0.00466	0.68383	0.00477	0.00504
98	0.02302	0.00873	0.01191	0.00913	0.01310	0.00754	0.00754	0.02501	0.01469	0.79122	0.02024	0.01746	0.01270	0.00635	0.00516	0.00159	0.00437	0.00516	0.00635	0.00873
99	0.00700	0.00523	0.00650	0.00618	0.00751	0.00473	0.00464	0.00918	0.01391	0.01911	0.62530	0.04074	0.20898	0.01104	0.00605	0.00164	0.00246	0.00962	0.00546	0.00473
100	0.01468	0.62283	0.03910	0.00967	0.01388	0.03359	0.00925	0.14747	0.01282	0.01572	0.00808	0.00912	0.00696	0.00489	0.00414	0.00123	0.03376	0.00316	0.00272	0.00693
101	0.85592	0.00992	0.00754	0.00675	0.00992	0.01151	0.00556	0.01508	0.00873	0.02302	0.00714	0.00834	0.00556	0.00476	0.00318	0.00159	0.00397	0.00278	0.00318	0.00556
102	0.01228	0.01176	0.02007	0.13923	0.68320	0.01208	0.01554	0.01538	0.01149	0.01626	0.00958	0.01284	0.00795	0.00465	0.00509	0.00155	0.00620	0.00457	0.00250	0.00779
103	0.01951	0.01437	0.01540	0.01181	0.01591	0.01591	0.00975	0.77056	0.02412	0.03234	0.01232	0.01232	0.00873	0.00616	0.00513	0.00154	0.00565	0.00462	0.00513	0.00873
104	0.00623	0.00520	0.00543	0.00537	0.00703	0.00440	0.00403	0.00769	0.01209	0.01479	0.15376	0.04785	0.68322	0.01265	0.00606	0.00172	0.00257	0.01061	0.00489	0.00440
105	0.01346	0.76348	0.08394	0.00921	0.01384	0.01968	0.00954	0.01543	0.01046	0.01238	0.00729	0.00842	0.00658	0.00443	0.00341	0.00114	0.00564	0.00282	0.00219	0.00666
106	0.01029	0.02654	0.79309	0.01462	0.02221	0.01192	0.01896	0.01625	0.01083	0.01625	0.00921	0.01083	0.00650	0.00487	0.00487	0.00162	0.00758	0.00379	0.00217	0.00758
107	0.01126	0.01132	0.01623	0.01376	0.01394	0.01562	0.03772	0.01249	0.00801	0.01249	0.00686	0.01132	0.00677	0.00882	0.01646	0.00223	0.78226	0.00455	0.00226	0.00566
108	0.01917	0.02445	0.01454	0.01322	0.01586	0.79907	0.00991	0.02049	0.01454	0.01256	0.00793	0.00925	0.00661	0.00529	0.00463	0.00132	0.00925	0.00330	0.00264	0.00595
109	0.01029	0.02654	0.79309	0.01462	0.02221	0.01192	0.01896	0.01625	0.01083	0.01625	0.00921	0.01083	0.00650	0.00487	0.00487	0.00162	0.00758	0.00379	0.00217	0.00758
110	0.00614	0.00520	0.00530	0.00528	0.00698	0.00436	0.00396	0.00751	0.01188	0.01429	0.09918	0.04867	0.73811	0.01283	0.00606	0.00172	0.00259	0.01073	0.00482	0.00436
111	0.00625	0.00447	0.00595	0.00714	0.00744	0.00417	0.00476	0.00714	0.00982	0.01310	0.02828	0.81633	0.03394	0.01608	0.00655	0.00208	0.00298	0.01459	0.00476	0.00417
112	0.85592	0.00992	0.00754	0.00675	0.00992	0.01151	0.00556	0.01508	0.00873	0.02302	0.00714	0.00834	0.00556	0.00476	0.00318	0.00159	0.00397	0.00278	0.00318	0.00556
113	0.00695	0.00496	0.00676	0.00794	0.00855	0.00477	0.00598	0.00835	0.01051	0.01388	0.02789	0.55361	0.03241	0.01542	0.00674	0.00218	0.00358	0.27041	0.00475	0.00436
114	0.01372	0.82276	0.02689	0.00878	0.01317	0.02030	0.00878	0.01536	0.01043	0.01207	0.00713	0.00823	0.00658	0.00439	0.00329	0.00110	0.00549	0.00274	0.00219	0.00658
115	0.01296	0.00708	0.00899	0.00837	0.01026	0.00678	0.00626	0.11833	0.01322	0.24151	0.02373	0.47293	0.02428	0.01188	0.00595	0.00186	0.00375	0.01047	0.00527	0.00612
116	0.02302	0.00873	0.01191	0.00913	0.01310	0.00754	0.00754	0.02501	0.01469	0.79122	0.02024	0.01746	0.01270	0.00635	0.00516	0.00159	0.00437	0.00516	0.00635	0.00873
117	0.00779	0.00556	0.00772	0.00890	0.00987	0.00549	0.00744	0.00980	0.01134	0.01482	0.02743	0.23806	0.03058	0.01463	0.00696	0.00230	0.00431	0.57768	0.00473	0.00459
118	0.01270	0.01219	0.02083	0.03149	0.78767	0.01219	0.01575	0.01575	0.01168	0.01676	0.00965	0.01270	0.00813	0.00457	0.00508	0.00152	0.00610	0.00457	0.00254	0.00813
119	0.00733	0.00549	0.00819	0.00819	0.00908	0.00638	0.00634	0.00913	0.00823	0.01187	0.01380	0.02045	0.01296	0.05564	0.78236	0.00817	0.01355	0.00554	0.00276	0.00455
120	0.00623	0.00520	0.00543	0.00537	0.00703	0.00440	0.00403	0.00769	0.01209	0.01479	0.15376	0.04785	0.68322	0.01265	0.00606	0.00172	0.00257	0.01061	0.00489	0.00440
121	0.01917	0.02445	0.01454	0.01322	0.01586	0.79907	0.00991	0.02049	0.01454	0.01256	0.00793	0.00925	0.00661	0.00529	0.00463	0.00132	0.00925	0.00330	0.00264	0.00595
122	0.02282	0.02669	0.01224	0.00912	0.01310	0.00782	0.00757	0.02479	0.01459	0.77403	0.01995	0.01726	0.01257	0.00631	0.00512	0.00158	0.00439	0.00511	0.00626	0.00868
123	0.01708	0.01308	0.01394	0.01118	0.01485	0.01459	0.00907	0.52825	0.24251	0.02854	0.01619	0.01559	0.03789	0.00663	0.00519	0.00160	0.00508	0.00518	0.00515	0.00840
124	0.00625	0.00447	0.00595	0.00714	0.00744	0.00417	0.00476	0.00714	0.00982	0.01310	0.02828	0.81633	0.03394	0.01608	0.00655	0.00208	0.00298	0.01459	0.00476	0.00417
125	0.00726	0.00524	0.00686	0.00646	0.00767	0.00484	0.00484	0.00968	0.01452	0.02058	0.78496	0.03833	0.04841	0.01049	0.00605	0.00161	0.00242	0.00928	0.00565	0.00484
126	0.01582	0.01908	0.02086	0.01867	0.12683	0.41752	0.27367	0.01843	0.01330	0.01449	0.00902	0.01132	0.00723	0.00485	0.00518	0.00149	0.00861	0.00443	0.00261	0.00659
127	0.01351	0.01303	0.01982	0.05683	0.65337	0.06311	0.01487	0.07216	0.01274	0.01752	0.00972	0.01248	0.00803	0.00476	0.00506	0.00152	0.00629	0.00449	0.00273	0.00794
128	0.01177	0.07292	0.01089	0.00952	0.01141	0.28756	0.00745	0.01325	0.01231	0.01344	0.02382	0.16551	0.16601	0.01039	0.00564	0.00173	0.00568	0.16175	0.00381	0.00513

[dist]
# distance from previous block
# <min> <max>
0	1

[block]
# block no. 5 follows, 48 sequences, length 152
# corresponding to MSA columns:
# 530-681
name=unknown_F
#
# <colnr> <probs for GDERKNQSTAVLIFYWHMCP>
#	G	D	E	R	K	N	Q	S	T	A	V	L	I	F	Y	W	H	M	C	P
0	0.00891	0.04324	0.36792	0.01072	0.01477	0.00907	0.01175	0.01256	0.01033	0.01497	0.12053	0.01913	0.01521	0.08156	0.23308	0.00376	0.00832	0.00532	0.00290	0.00594
1	0.00609	0.00520	0.00524	0.00523	0.00695	0.00434	0.00392	0.00742	0.01176	0.01402	0.06883	0.04913	0.76864	0.01294	0.00606	0.00173	0.00259	0.01079	0.00479	0.00434
2	0.01328	0.01172	0.01187	0.01061	0.01354	0.04681	0.00826	0.05397	0.71803	0.02147	0.02001	0.01847	0.01502	0.00686	0.00519	0.00171	0.00434	0.00565	0.00511	0.00805
3	0.00623	0.00473	0.00576	0.00656	0.00734	0.00426	0.00455	0.00729	0.01047	0.01339	0.03590	0.55367	0.27630	0.01504	0.00640	0.00198	0.00289	0.02824	0.00476	0.00423
4	0.01349	0.04272	0.06171	0.05984	0.59563	0.05430	0.01477	0.01650	0.01188	0.06579	0.01010	0.01260	0.00814	0.00476	0.00499	0.00151	0.00624	0.00443	0.00275	0.00786
5	0.01372	0.82276	0.02689	0.00878	0.01317	0.02030	0.00878	0.01536	0.01043	0.01207	0.00713	0.00823	0.00658	0.00439	0.00329	0.00110	0.00549	0.00274	0.00219	0.00658
6	0.00607	0.00518	0.00522	0.00524	0.00694	0.00433	0.00392	0.00736	0.01165	0.01384	0.05141	0.06772	0.76762	0.01307	0.00608	0.00174	0.00261	0.01092	0.00476	0.00433
7	0.00629	0.00451	0.00598	0.00715	0.00749	0.00421	0.00481	0.00722	0.00990	0.01316	0.02879	0.78441	0.05057	0.01597	0.00655	0.00208	0.00300	0.02897	0.00476	0.00418
8	0.01036	0.04238	0.77785	0.01451	0.02203	0.01208	0.01876	0.01623	0.01082	0.01617	0.00917	0.01078	0.00650	0.00487	0.00484	0.00161	0.00754	0.00377	0.00217	0.00756
